#depth	N	N+	N+2	N+3	N+4	N+5	N+6	N+7
 1.49634e+10	0.00e+00	0.00e+00	0.00e+00	6.29e-26	1.84e-14	2.02e-02	9.62e-01	1.77e-02
 4.54887e+10	0.00e+00	0.00e+00	5.34e-38	7.98e-26	2.16e-14	2.20e-02	9.62e-01	1.64e-02
 7.72350e+10	0.00e+00	0.00e+00	0.00e+00	1.01e-25	2.54e-14	2.38e-02	9.61e-01	1.51e-02
 1.10251e+11	0.00e+00	0.00e+00	1.01e-37	1.28e-25	2.98e-14	2.58e-02	9.60e-01	1.40e-02
 1.44588e+11	0.00e+00	0.00e+00	0.00e+00	1.63e-25	3.49e-14	2.80e-02	9.59e-01	1.29e-02
 1.80298e+11	0.00e+00	0.00e+00	1.89e-37	2.07e-25	4.10e-14	3.04e-02	9.58e-01	1.19e-02
 2.17437e+11	0.00e+00	0.00e+00	0.00e+00	2.62e-25	4.80e-14	3.29e-02	9.56e-01	1.10e-02
 2.56061e+11	0.00e+00	0.00e+00	3.56e-37	3.32e-25	5.63e-14	3.56e-02	9.54e-01	1.02e-02
 2.96231e+11	0.00e+00	0.00e+00	0.00e+00	4.21e-25	6.59e-14	3.86e-02	9.52e-01	9.37e-03
 3.38007e+11	0.00e+00	0.00e+00	6.68e-37	5.33e-25	7.72e-14	4.18e-02	9.50e-01	8.64e-03
 3.81454e+11	0.00e+00	0.00e+00	0.00e+00	6.75e-25	9.04e-14	4.53e-02	9.47e-01	7.96e-03
 4.26639e+11	0.00e+00	0.00e+00	1.25e-36	8.55e-25	1.06e-13	4.90e-02	9.44e-01	7.34e-03
 4.73631e+11	0.00e+00	4.44e-49	1.72e-36	1.08e-24	1.24e-13	5.30e-02	9.40e-01	6.76e-03
 5.22503e+11	0.00e+00	0.00e+00	0.00e+00	1.37e-24	1.45e-13	5.73e-02	9.36e-01	6.22e-03
 5.73330e+11	0.00e+00	0.00e+00	3.21e-36	1.73e-24	1.69e-13	6.20e-02	9.32e-01	5.73e-03
 6.26190e+11	0.00e+00	1.44e-48	4.39e-36	2.19e-24	1.98e-13	6.69e-02	9.28e-01	5.27e-03
 6.81164e+11	0.00e+00	0.00e+00	0.00e+00	2.76e-24	2.31e-13	7.23e-02	9.23e-01	4.85e-03
 7.38337e+11	0.00e+00	0.00e+00	8.19e-36	3.49e-24	2.70e-13	7.80e-02	9.18e-01	4.46e-03
 7.97798e+11	0.00e+00	4.63e-48	1.12e-35	4.40e-24	3.15e-13	8.42e-02	9.12e-01	4.09e-03
 8.59636e+11	0.00e+00	0.00e+00	0.00e+00	5.55e-24	3.67e-13	9.07e-02	9.06e-01	3.76e-03
 9.23949e+11	0.00e+00	0.00e+00	2.08e-35	7.00e-24	4.28e-13	9.77e-02	8.99e-01	3.45e-03
 9.90833e+11	0.00e+00	1.48e-47	2.83e-35	8.81e-24	4.98e-13	1.05e-01	8.92e-01	3.16e-03
 1.06039e+12	0.00e+00	0.00e+00	0.00e+00	1.11e-23	5.79e-13	1.13e-01	8.84e-01	2.90e-03
 1.13274e+12	0.00e+00	0.00e+00	5.24e-35	1.39e-23	6.74e-13	1.22e-01	8.76e-01	2.66e-03
 1.20797e+12	0.00e+00	4.72e-47	7.12e-35	1.75e-23	7.82e-13	1.31e-01	8.67e-01	2.43e-03
 1.28622e+12	0.00e+00	0.00e+00	0.00e+00	2.20e-23	9.08e-13	1.40e-01	8.58e-01	2.22e-03
 1.36759e+12	0.00e+00	0.00e+00	1.31e-34	2.76e-23	1.05e-12	1.50e-01	8.48e-01	2.03e-03
 1.45222e+12	0.00e+00	1.49e-46	1.78e-34	3.46e-23	1.22e-12	1.61e-01	8.37e-01	1.86e-03
 1.54024e+12	0.00e+00	0.00e+00	0.00e+00	4.33e-23	1.41e-12	1.72e-01	8.26e-01	1.69e-03
 1.63178e+12	0.00e+00	0.00e+00	3.25e-34	5.41e-23	1.63e-12	1.84e-01	8.14e-01	1.54e-03
 1.72697e+12	0.00e+00	4.67e-46	4.40e-34	6.76e-23	1.88e-12	1.97e-01	8.02e-01	1.40e-03
 1.82598e+12	0.00e+00	0.00e+00	0.00e+00	8.43e-23	2.17e-12	2.10e-01	7.89e-01	1.28e-03
 1.92010e+12	0.00e+00	0.00e+00	7.80e-34	1.03e-22	2.48e-12	2.22e-01	7.77e-01	1.17e-03
 2.00581e+12	0.00e+00	1.30e-45	9.92e-34	1.23e-22	2.77e-12	2.34e-01	7.65e-01	1.08e-03
 2.10258e+12	0.00e+00	0.00e+00	0.00e+00	1.49e-22	3.13e-12	2.46e-01	7.53e-01	9.94e-04
 2.21539e+12	0.00e+00	0.00e+00	1.72e-33	1.85e-22	3.60e-12	2.62e-01	7.38e-01	9.01e-04
 2.32540e+12	0.00e+00	3.71e-45	2.27e-33	2.26e-22	4.08e-12	2.76e-01	7.23e-01	8.21e-04
 2.42760e+12	0.00e+00	0.00e+00	0.00e+00	2.70e-22	4.57e-12	2.90e-01	7.09e-01	7.55e-04
 2.54242e+12	0.00e+00	0.00e+00	3.77e-33	3.27e-22	5.17e-12	3.05e-01	6.94e-01	6.88e-04
 2.67405e+12	0.00e+00	1.02e-44	5.04e-33	4.05e-22	5.91e-12	3.22e-01	6.77e-01	6.20e-04
 2.80347e+12	0.00e+00	0.00e+00	0.00e+00	4.94e-22	6.69e-12	3.39e-01	6.61e-01	5.62e-04
 2.93808e+12	0.00e+00	0.00e+00	8.69e-33	6.02e-22	7.57e-12	3.56e-01	6.44e-01	5.08e-04
 3.08553e+12	0.00e+00	2.95e-44	1.16e-32	7.41e-22	8.62e-12	3.74e-01	6.25e-01	4.56e-04
 3.23373e+12	0.00e+00	0.00e+00	0.00e+00	9.05e-22	9.75e-12	3.93e-01	6.07e-01	4.11e-04
 3.38786e+12	0.00e+00	0.00e+00	2.00e-32	1.10e-21	1.10e-11	4.11e-01	5.88e-01	3.69e-04
 3.54914e+12	0.00e+00	8.44e-44	2.64e-32	1.34e-21	1.24e-11	4.30e-01	5.70e-01	3.31e-04
 3.70898e+12	0.00e+00	0.00e+00	0.00e+00	1.62e-21	1.39e-11	4.48e-01	5.51e-01	2.98e-04
 3.87937e+12	0.00e+00	0.00e+00	4.47e-32	1.96e-21	1.57e-11	4.67e-01	5.33e-01	2.67e-04
 4.06447e+12	0.00e+00	2.37e-43	5.89e-32	2.39e-21	1.77e-11	4.87e-01	5.13e-01	2.37e-04
 4.25698e+12	0.00e+00	0.00e+00	0.00e+00	2.92e-21	1.99e-11	5.07e-01	4.93e-01	2.11e-04
 4.45719e+12	0.00e+00	0.00e+00	1.02e-31	3.54e-21	2.23e-11	5.27e-01	4.73e-01	1.87e-04
 4.66540e+12	0.00e+00	6.81e-43	1.34e-31	4.30e-21	2.51e-11	5.46e-01	4.54e-01	1.66e-04
 4.87549e+12	0.00e+00	0.00e+00	1.74e-31	5.19e-21	2.80e-11	5.65e-01	4.35e-01	1.47e-04
 5.09397e+12	0.00e+00	1.34e-42	2.26e-31	6.24e-21	3.12e-11	5.84e-01	4.16e-01	1.31e-04
 5.32766e+12	0.00e+00	0.00e+00	2.96e-31	7.54e-21	3.49e-11	6.03e-01	3.97e-01	1.15e-04
 5.57069e+12	0.00e+00	2.67e-42	3.86e-31	9.10e-21	3.89e-11	6.22e-01	3.78e-01	1.02e-04
 5.82345e+12	0.00e+00	0.00e+00	5.03e-31	1.10e-20	4.33e-11	6.40e-01	3.60e-01	8.93e-05
 6.08631e+12	0.00e+00	5.30e-42	6.55e-31	1.32e-20	4.82e-11	6.58e-01	3.42e-01	7.84e-05
 6.35969e+12	0.00e+00	0.00e+00	8.51e-31	1.58e-20	5.35e-11	6.76e-01	3.24e-01	6.88e-05
 6.64401e+12	0.00e+00	1.05e-41	1.10e-30	1.90e-20	5.93e-11	6.93e-01	3.07e-01	6.02e-05
 6.93969e+12	0.00e+00	0.00e+00	1.43e-30	2.28e-20	6.57e-11	7.09e-01	2.91e-01	5.27e-05
 7.24721e+12	0.00e+00	2.05e-41	1.85e-30	2.72e-20	7.27e-11	7.25e-01	2.75e-01	4.60e-05
 7.56013e+12	0.00e+00	0.00e+00	2.38e-30	3.24e-20	8.02e-11	7.40e-01	2.59e-01	4.03e-05
 7.88558e+12	0.00e+00	3.96e-41	3.06e-30	3.86e-20	8.83e-11	7.55e-01	2.45e-01	3.52e-05
 8.23093e+12	0.00e+00	0.00e+00	3.95e-30	4.60e-20	9.73e-11	7.69e-01	2.31e-01	3.06e-05
 8.59009e+12	0.00e+00	7.70e-41	5.09e-30	5.48e-20	1.07e-10	7.83e-01	2.17e-01	2.66e-05
 8.96362e+12	0.00e+00	0.00e+00	6.55e-30	6.52e-20	1.18e-10	7.96e-01	2.04e-01	2.31e-05
 9.35209e+12	0.00e+00	1.49e-40	8.43e-30	7.76e-20	1.30e-10	8.09e-01	1.91e-01	2.01e-05
 9.71442e+12	0.00e+00	0.00e+00	1.06e-29	9.05e-20	1.41e-10	8.19e-01	1.81e-01	1.77e-05
 1.00334e+13	0.00e+00	2.58e-40	1.28e-29	1.03e-19	1.51e-10	8.28e-01	1.72e-01	1.58e-05
 1.03892e+13	0.00e+00	0.00e+00	1.57e-29	1.19e-19	1.63e-10	8.37e-01	1.63e-01	1.40e-05
 1.08171e+13	0.00e+00	4.63e-40	2.00e-29	1.40e-19	1.78e-10	8.47e-01	1.53e-01	1.22e-05
 1.12474e+13	0.00e+00	0.00e+00	2.51e-29	1.64e-19	1.94e-10	8.57e-01	1.43e-01	1.07e-05
 1.16424e+13	0.00e+00	8.23e-40	3.08e-29	1.88e-19	2.09e-10	8.64e-01	1.36e-01	9.44e-06
 1.20827e+13	0.00e+00	0.00e+00	3.84e-29	2.19e-19	2.26e-10	8.72e-01	1.28e-01	8.28e-06
 1.25932e+13	0.00e+00	1.52e-39	4.91e-29	2.59e-19	2.47e-10	8.81e-01	1.19e-01	7.14e-06
 1.30926e+13	0.00e+00	0.00e+00	6.18e-29	3.02e-19	2.68e-10	8.88e-01	1.12e-01	6.21e-06
 1.35651e+13	0.00e+00	2.72e-39	7.63e-29	3.49e-19	2.89e-10	8.95e-01	1.05e-01	5.47e-06
 1.40908e+13	0.00e+00	0.00e+00	9.55e-29	4.06e-19	3.13e-10	9.02e-01	9.83e-02	4.76e-06
 1.46843e+13	0.00e+00	5.05e-39	1.22e-28	4.80e-19	3.41e-10	9.08e-01	9.16e-02	4.10e-06
 1.52801e+13	0.00e+00	0.00e+00	1.54e-28	5.63e-19	3.71e-10	9.15e-01	8.54e-02	3.54e-06
 1.58997e+13	0.00e+00	9.43e-39	1.95e-28	6.60e-19	4.03e-10	9.20e-01	7.96e-02	3.06e-06
 1.65656e+13	0.00e+00	0.00e+00	2.49e-28	7.78e-19	4.39e-10	9.26e-01	7.40e-02	2.63e-06
 1.72582e+13	0.00e+00	1.80e-38	3.18e-28	9.17e-19	4.78e-10	9.31e-01	6.87e-02	2.25e-06
 1.79784e+13	0.00e+00	0.00e+00	4.06e-28	1.08e-18	5.20e-10	9.36e-01	6.38e-02	1.93e-06
 1.87275e+13	0.00e+00	3.42e-38	5.17e-28	1.27e-18	5.65e-10	9.41e-01	5.93e-02	1.66e-06
 1.95065e+13	0.00e+00	0.00e+00	6.59e-28	1.50e-18	6.15e-10	9.45e-01	5.50e-02	1.42e-06
 2.03167e+13	0.00e+00	6.51e-38	8.40e-28	1.76e-18	6.69e-10	9.49e-01	5.10e-02	1.22e-06
 2.11593e+13	0.00e+00	0.00e+00	1.07e-27	2.08e-18	7.27e-10	9.53e-01	4.73e-02	1.04e-06
 2.20356e+13	0.00e+00	1.24e-37	1.37e-27	2.45e-18	7.90e-10	9.56e-01	4.38e-02	8.92e-07
 2.29470e+13	0.00e+00	0.00e+00	1.74e-27	2.88e-18	8.59e-10	9.59e-01	4.06e-02	0.00e+00
 2.38948e+13	0.00e+00	2.36e-37	2.22e-27	3.39e-18	9.33e-10	9.62e-01	3.76e-02	0.00e+00
 2.48182e+13	0.00e+00	0.00e+00	2.79e-27	3.95e-18	1.01e-09	9.65e-01	3.50e-02	0.00e+00
 2.56941e+13	0.00e+00	4.21e-37	3.43e-27	4.55e-18	1.08e-09	9.67e-01	3.27e-02	0.00e+00
 2.66673e+13	0.00e+00	0.00e+00	4.29e-27	5.28e-18	1.17e-09	9.70e-01	3.05e-02	0.00e+00
 2.77303e+13	0.00e+00	7.75e-37	5.44e-27	6.19e-18	1.27e-09	9.72e-01	2.82e-02	0.00e+00
 2.87522e+13	0.00e+00	0.00e+00	6.77e-27	7.17e-18	1.36e-09	9.74e-01	2.63e-02	0.00e+00
 2.98486e+13	0.00e+00	1.40e-36	8.49e-27	8.35e-18	1.47e-09	9.76e-01	2.45e-02	0.00e+00
 3.10725e+13	3.44e-47	1.94e-36	1.08e-26	9.84e-18	1.60e-09	9.77e-01	2.26e-02	0.00e+00
 3.23037e+13	0.00e+00	0.00e+00	1.37e-26	1.15e-17	1.74e-09	9.79e-01	2.09e-02	0.00e+00
 3.35842e+13	0.00e+00	3.63e-36	1.74e-26	1.35e-17	1.88e-09	9.81e-01	1.94e-02	0.00e+00
 3.49575e+13	1.13e-46	5.03e-36	2.22e-26	1.60e-17	2.04e-09	9.82e-01	1.79e-02	0.00e+00
 3.63858e+13	0.00e+00	0.00e+00	2.84e-26	1.88e-17	2.22e-09	9.83e-01	1.65e-02	0.00e+00
 3.78711e+13	0.00e+00	9.65e-36	3.64e-26	2.22e-17	2.41e-09	9.85e-01	1.53e-02	0.00e+00
 3.94159e+13	3.83e-46	1.34e-35	4.66e-26	2.62e-17	2.62e-09	9.86e-01	1.41e-02	0.00e+00
 4.10225e+13	0.00e+00	0.00e+00	5.97e-26	3.10e-17	2.85e-09	9.87e-01	1.30e-02	0.00e+00
 4.26933e+13	0.00e+00	2.58e-35	7.65e-26	3.66e-17	3.10e-09	9.88e-01	1.20e-02	0.00e+00
 4.44309e+13	1.31e-45	3.59e-35	9.80e-26	4.33e-17	3.37e-09	9.89e-01	1.10e-02	0.00e+00
 4.62381e+13	0.00e+00	0.00e+00	1.26e-25	5.12e-17	3.67e-09	9.90e-01	1.02e-02	0.00e+00
 4.79417e+13	0.00e+00	6.75e-35	1.58e-25	5.96e-17	3.96e-09	9.91e-01	9.42e-03	0.00e+00
 4.94720e+13	3.98e-45	8.76e-35	1.92e-25	6.81e-17	4.24e-09	9.91e-01	8.83e-03	0.00e+00
 5.11927e+13	0.00e+00	0.00e+00	2.39e-25	7.89e-17	4.56e-09	9.92e-01	8.22e-03	0.00e+00
 5.32234e+13	0.00e+00	1.62e-34	3.06e-25	9.31e-17	4.96e-09	9.92e-01	7.58e-03	0.00e+00
 5.52525e+13	1.26e-44	2.22e-34	3.88e-25	1.09e-16	5.37e-09	9.93e-01	7.00e-03	0.00e+00
 5.71687e+13	0.00e+00	0.00e+00	4.83e-25	1.27e-16	5.79e-09	9.93e-01	6.51e-03	0.00e+00
 5.92913e+13	0.00e+00	4.02e-34	6.10e-25	1.49e-16	6.26e-09	9.94e-01	6.02e-03	0.00e+00
 6.16929e+13	4.05e-44	5.64e-34	7.88e-25	1.77e-16	6.83e-09	9.94e-01	5.53e-03	0.00e+00
 6.41012e+13	0.00e+00	0.00e+00	1.01e-24	2.09e-16	7.43e-09	9.95e-01	5.10e-03	0.00e+00
 6.66059e+13	0.00e+00	1.09e-33	1.30e-24	2.47e-16	8.09e-09	9.95e-01	4.69e-03	0.00e+00
 6.93001e+13	1.40e-43	1.52e-33	1.68e-24	2.95e-16	8.83e-09	9.96e-01	4.30e-03	0.00e+00
 7.18187e+13	0.00e+00	0.00e+00	2.12e-24	3.46e-16	9.57e-09	9.96e-01	3.98e-03	0.00e+00
 7.40429e+13	0.00e+00	2.70e-33	2.59e-24	3.96e-16	1.02e-08	9.96e-01	3.72e-03	0.00e+00
 7.65249e+13	4.05e-43	3.59e-33	3.22e-24	4.59e-16	1.10e-08	9.97e-01	3.46e-03	0.00e+00
 7.95012e+13	0.00e+00	0.00e+00	4.14e-24	5.45e-16	1.20e-08	9.97e-01	3.18e-03	0.00e+00
 8.25000e+13	0.00e+00	6.91e-33	5.30e-24	6.45e-16	1.31e-08	9.97e-01	2.92e-03	0.00e+00
 8.52755e+13	1.30e-42	9.22e-33	6.61e-24	7.50e-16	1.41e-08	9.97e-01	2.71e-03	0.00e+00
 8.83733e+13	0.00e+00	0.00e+00	8.39e-24	8.83e-16	1.53e-08	9.97e-01	2.50e-03	0.00e+00
 9.19381e+13	0.00e+00	1.78e-32	1.09e-23	1.06e-15	1.68e-08	9.98e-01	2.29e-03	0.00e+00
 9.54142e+13	4.42e-42	2.47e-32	1.40e-23	1.26e-15	1.84e-08	9.98e-01	2.10e-03	0.00e+00
 9.87175e+13	0.00e+00	0.00e+00	1.77e-23	1.47e-15	1.99e-08	9.98e-01	1.94e-03	0.00e+00
 1.02384e+14	0.00e+00	4.59e-32	2.26e-23	1.75e-15	2.17e-08	9.98e-01	1.78e-03	0.00e+00
 1.06510e+14	1.46e-41	6.50e-32	2.95e-23	2.10e-15	2.38e-08	9.98e-01	1.63e-03	0.00e+00
 1.10637e+14	0.00e+00	0.00e+00	3.82e-23	2.52e-15	2.61e-08	9.99e-01	1.49e-03	0.00e+00
 1.14929e+14	0.00e+00	1.27e-31	4.95e-23	3.01e-15	2.86e-08	9.99e-01	1.36e-03	0.00e+00
 1.19427e+14	5.08e-41	1.78e-31	6.43e-23	3.61e-15	3.14e-08	9.99e-01	1.24e-03	0.00e+00
 1.23877e+14	0.00e+00	2.46e-31	8.25e-23	4.30e-15	3.43e-08	9.99e-01	1.14e-03	0.00e+00
 1.28633e+14	1.13e-40	3.42e-31	1.07e-22	5.15e-15	3.76e-08	9.99e-01	1.04e-03	0.00e+00
 1.33808e+14	0.00e+00	4.83e-31	1.40e-22	6.22e-15	4.15e-08	9.99e-01	9.44e-04	0.00e+00
 1.39191e+14	2.65e-40	6.81e-31	1.82e-22	7.51e-15	4.57e-08	9.99e-01	8.58e-04	0.00e+00
 1.44788e+14	0.00e+00	9.59e-31	2.38e-22	9.08e-15	5.04e-08	9.99e-01	7.79e-04	0.00e+00
 1.50610e+14	6.11e-40	1.35e-30	3.11e-22	1.10e-14	5.57e-08	9.99e-01	7.08e-04	0.00e+00
 1.55878e+14	0.00e+00	1.81e-30	3.92e-22	1.29e-14	6.07e-08	9.99e-01	6.50e-04	0.00e+00
 1.60275e+14	1.17e-39	2.30e-30	4.73e-22	1.48e-14	6.51e-08	9.99e-01	6.07e-04	0.00e+00
 1.65097e+14	0.00e+00	2.96e-30	5.77e-22	1.70e-14	7.01e-08	9.99e-01	5.64e-04	0.00e+00
 1.71194e+14	2.32e-39	4.01e-30	7.34e-22	2.03e-14	7.68e-08	9.99e-01	5.16e-04	0.00e+00
 1.77552e+14	0.00e+00	5.45e-30	9.35e-22	2.41e-14	8.43e-08	1.00e+00	4.72e-04	0.00e+00
 1.82953e+14	4.56e-39	7.00e-30	1.14e-21	2.78e-14	9.09e-08	1.00e+00	4.38e-04	0.00e+00
 1.88506e+14	0.00e+00	8.96e-30	1.39e-21	3.21e-14	9.80e-08	1.00e+00	4.07e-04	0.00e+00
 1.95493e+14	8.87e-39	1.21e-29	1.76e-21	3.81e-14	1.07e-07	1.00e+00	3.72e-04	0.00e+00
 2.02612e+14	0.00e+00	1.62e-29	2.21e-21	4.51e-14	1.18e-07	1.00e+00	3.41e-04	0.00e+00
 2.08772e+14	1.69e-38	2.06e-29	2.68e-21	5.19e-14	1.27e-07	1.00e+00	3.16e-04	0.00e+00
 2.15419e+14	0.00e+00	2.65e-29	3.28e-21	6.00e-14	1.37e-07	1.00e+00	2.93e-04	0.00e+00
 2.23574e+14	3.29e-38	3.56e-29	4.15e-21	7.13e-14	1.50e-07	1.00e+00	2.68e-04	0.00e+00
 2.31926e+14	0.00e+00	4.75e-29	5.22e-21	8.44e-14	1.65e-07	1.00e+00	2.45e-04	0.00e+00
 2.39570e+14	6.35e-38	6.12e-29	6.40e-21	9.79e-14	1.78e-07	1.00e+00	2.26e-04	0.00e+00
 2.48059e+14	0.00e+00	8.03e-29	7.94e-21	1.15e-13	1.94e-07	1.00e+00	2.08e-04	0.00e+00
 2.57929e+14	1.27e-37	1.09e-28	1.01e-20	1.37e-13	2.14e-07	1.00e+00	1.89e-04	0.00e+00
 2.67667e+14	0.00e+00	1.44e-28	1.27e-20	1.62e-13	2.34e-07	1.00e+00	1.73e-04	0.00e+00
 2.76943e+14	2.46e-37	1.87e-28	1.56e-20	1.88e-13	2.54e-07	1.00e+00	1.60e-04	0.00e+00
 2.87198e+14	0.00e+00	2.47e-28	1.95e-20	2.21e-13	2.78e-07	1.00e+00	1.46e-04	0.00e+00
 2.98716e+14	4.92e-37	3.33e-28	2.47e-20	2.63e-13	3.05e-07	1.00e+00	1.33e-04	0.00e+00
 3.10272e+14	0.00e+00	4.43e-28	3.10e-20	3.11e-13	3.34e-07	1.00e+00	1.22e-04	0.00e+00
 3.20559e+14	9.36e-37	5.66e-28	3.77e-20	3.58e-13	3.61e-07	1.00e+00	1.13e-04	0.00e+00
 3.29212e+14	0.00e+00	6.91e-28	4.42e-20	4.02e-13	3.85e-07	1.00e+00	1.06e-04	0.00e+00
 3.38527e+14	1.53e-36	8.52e-28	5.21e-20	4.54e-13	4.11e-07	1.00e+00	9.95e-05	0.00e+00
 3.50636e+14	0.00e+00	1.11e-27	6.42e-20	5.28e-13	4.47e-07	1.00e+00	9.18e-05	0.00e+00
 3.63310e+14	2.90e-36	1.44e-27	7.92e-20	6.16e-13	4.85e-07	1.00e+00	8.45e-05	0.00e+00
 3.74148e+14	0.00e+00	1.79e-27	9.42e-20	6.98e-13	5.20e-07	1.00e+00	7.90e-05	0.00e+00
 3.85668e+14	4.96e-36	2.24e-27	1.13e-19	7.95e-13	5.58e-07	1.00e+00	7.37e-05	0.00e+00
 4.00037e+14	0.00e+00	2.94e-27	1.40e-19	9.29e-13	6.07e-07	1.00e+00	6.78e-05	0.00e+00
 4.14802e+14	9.52e-36	3.84e-27	1.73e-19	1.08e-12	6.60e-07	1.00e+00	6.24e-05	0.00e+00
 4.27976e+14	0.00e+00	4.84e-27	2.07e-19	1.24e-12	7.10e-07	1.00e+00	5.81e-05	0.00e+00
 4.42389e+14	1.69e-35	6.18e-27	2.52e-19	1.42e-12	7.66e-07	1.00e+00	5.39e-05	0.00e+00
 4.58193e+14	0.00e+00	8.01e-27	3.09e-19	1.65e-12	8.30e-07	1.00e+00	4.98e-05	0.00e+00
 4.72646e+14	3.06e-35	1.01e-26	3.70e-19	1.88e-12	8.91e-07	1.00e+00	4.64e-05	0.00e+00
 4.88277e+14	0.00e+00	1.28e-26	4.47e-19	2.15e-12	9.59e-07	1.00e+00	4.32e-05	0.00e+00
 5.05768e+14	5.61e-35	1.66e-26	5.49e-19	2.49e-12	1.04e-06	1.00e+00	3.99e-05	0.00e+00
 5.22274e+14	0.00e+00	2.10e-26	6.61e-19	2.84e-12	1.12e-06	1.00e+00	3.71e-05	0.00e+00
 5.40325e+14	1.02e-34	2.71e-26	8.06e-19	3.27e-12	1.20e-06	1.00e+00	3.45e-05	0.00e+00
 5.60342e+14	0.00e+00	3.54e-26	9.96e-19	3.80e-12	1.31e-06	1.00e+00	3.18e-05	0.00e+00
 5.79009e+14	1.90e-34	4.52e-26	1.21e-18	4.35e-12	1.40e-06	1.00e+00	2.96e-05	0.00e+00
 5.99368e+14	0.00e+00	5.85e-26	1.47e-18	5.02e-12	1.52e-06	1.00e+00	2.74e-05	0.00e+00
 6.22138e+14	3.65e-34	7.73e-26	1.83e-18	5.85e-12	1.64e-06	1.00e+00	2.53e-05	0.00e+00
 6.43706e+14	0.00e+00	9.97e-26	2.23e-18	6.73e-12	1.77e-06	1.00e+00	2.35e-05	0.00e+00
 6.67107e+14	6.93e-34	1.30e-25	2.75e-18	7.78e-12	1.91e-06	1.00e+00	2.18e-05	0.00e+00
 6.93187e+14	0.00e+00	1.74e-25	3.45e-18	9.10e-12	2.08e-06	1.00e+00	2.00e-05	0.00e+00
 7.18317e+14	1.38e-33	2.28e-25	4.24e-18	1.05e-11	2.24e-06	1.00e+00	1.86e-05	0.00e+00
 7.45085e+14	0.00e+00	3.01e-25	5.26e-18	1.22e-11	2.43e-06	1.00e+00	1.72e-05	0.00e+00
 7.74918e+14	2.80e-33	4.06e-25	6.62e-18	1.43e-11	2.64e-06	1.00e+00	1.58e-05	0.00e+00
 8.04881e+14	0.00e+00	5.43e-25	8.28e-18	1.67e-11	2.86e-06	1.00e+00	1.46e-05	0.00e+00
 8.36043e+14	5.74e-33	7.27e-25	1.04e-17	1.95e-11	3.10e-06	1.00e+00	1.35e-05	0.00e+00
 8.69514e+14	0.00e+00	9.85e-25	1.31e-17	2.28e-11	3.36e-06	1.00e+00	1.24e-05	0.00e+00
 9.04325e+14	1.22e-32	1.33e-24	1.65e-17	2.67e-11	3.65e-06	1.00e+00	1.15e-05	0.00e+00
 9.38565e+14	0.00e+00	1.78e-24	2.05e-17	3.10e-11	3.94e-06	1.00e+00	1.06e-05	0.00e+00
 9.70696e+14	2.41e-32	2.32e-24	2.51e-17	3.55e-11	4.22e-06	1.00e+00	9.90e-06	0.00e+00
 9.99977e+14	0.00e+00	2.92e-24	2.99e-17	4.00e-11	4.49e-06	1.00e+00	9.32e-06	0.00e+00
 1.03136e+15	4.34e-32	3.72e-24	3.59e-17	4.53e-11	4.78e-06	1.00e+00	8.75e-06	0.00e+00
 1.06673e+15	0.00e+00	4.85e-24	4.39e-17	5.19e-11	5.12e-06	1.00e+00	8.17e-06	0.00e+00
 1.10064e+15	8.20e-32	6.21e-24	5.29e-17	5.88e-11	5.46e-06	1.00e+00	7.66e-06	0.00e+00
 1.13807e+15	1.14e-31	8.09e-24	6.46e-17	6.73e-11	5.84e-06	1.00e+00	7.16e-06	0.00e+00
 1.17978e+15	1.63e-31	1.08e-23	8.00e-17	7.77e-11	6.29e-06	1.00e+00	6.66e-06	0.00e+00
 1.21840e+15	2.24e-31	1.39e-23	9.70e-17	8.84e-11	6.71e-06	1.00e+00	6.24e-06	0.00e+00
 1.25993e+15	3.12e-31	1.81e-23	1.19e-16	1.01e-10	7.18e-06	1.00e+00	5.83e-06	0.00e+00
 1.30605e+15	4.46e-31	2.41e-23	1.47e-16	1.17e-10	7.71e-06	1.00e+00	5.43e-06	0.00e+00
 1.34907e+15	6.15e-31	3.12e-23	1.79e-16	1.33e-10	8.23e-06	1.00e+00	5.09e-06	0.00e+00
 1.39593e+15	8.65e-31	4.10e-23	2.19e-16	1.52e-10	8.81e-06	1.00e+00	4.75e-06	0.00e+00
 1.44807e+15	1.25e-30	5.50e-23	2.73e-16	1.76e-10	9.48e-06	1.00e+00	4.41e-06	0.00e+00
 1.49691e+15	1.74e-30	7.18e-23	3.33e-16	2.01e-10	1.01e-05	1.00e+00	4.13e-06	0.00e+00
 1.55023e+15	2.47e-30	9.50e-23	4.11e-16	2.32e-10	1.09e-05	1.00e+00	3.85e-06	0.00e+00
 1.60965e+15	3.61e-30	1.28e-22	5.15e-16	2.69e-10	1.17e-05	1.00e+00	3.57e-06	0.00e+00
 1.66546e+15	5.08e-30	1.69e-22	6.32e-16	3.08e-10	1.25e-05	1.00e+00	3.34e-06	0.00e+00
 1.72585e+15	7.27e-30	2.25e-22	7.83e-16	3.56e-10	1.34e-05	1.00e+00	3.11e-06	0.00e+00
 1.79312e+15	1.07e-29	3.06e-22	9.85e-16	4.14e-10	1.45e-05	1.00e+00	2.88e-06	0.00e+00
 1.85748e+15	1.52e-29	4.06e-22	1.22e-15	4.77e-10	1.56e-05	1.00e+00	2.69e-06	0.00e+00
 1.92620e+15	2.20e-29	5.44e-22	1.52e-15	5.51e-10	1.67e-05	1.00e+00	2.50e-06	0.00e+00
 2.00327e+15	3.26e-29	7.46e-22	1.92e-15	6.45e-10	1.81e-05	1.00e+00	2.31e-06	0.00e+00
 2.07970e+15	4.75e-29	1.01e-21	2.40e-15	7.49e-10	1.95e-05	1.00e+00	2.15e-06	0.00e+00
 2.15918e+15	6.93e-29	1.36e-21	3.01e-15	8.70e-10	2.10e-05	1.00e+00	1.99e-06	0.00e+00
 2.24558e+15	1.03e-28	1.87e-21	3.81e-15	1.02e-09	2.27e-05	1.00e+00	1.84e-06	0.00e+00
 2.33543e+15	1.52e-28	2.56e-21	4.82e-15	1.19e-09	2.45e-05	1.00e+00	1.71e-06	0.00e+00
 2.42887e+15	2.26e-28	3.50e-21	6.10e-15	1.39e-09	2.65e-05	1.00e+00	1.58e-06	0.00e+00
 2.51941e+15	3.26e-28	4.69e-21	7.60e-15	1.61e-09	2.85e-05	1.00e+00	1.47e-06	0.00e+00
 2.60462e+15	4.54e-28	6.12e-21	9.28e-15	1.84e-09	3.05e-05	1.00e+00	1.37e-06	0.00e+00
 2.69989e+15	6.51e-28	8.16e-21	1.15e-14	2.12e-09	3.28e-05	1.00e+00	1.28e-06	0.00e+00
 2.79615e+15	9.22e-28	1.08e-20	1.42e-14	2.44e-09	3.51e-05	1.00e+00	1.19e-06	0.00e+00
 2.87659e+15	1.22e-27	1.35e-20	1.68e-14	2.74e-09	3.72e-05	1.00e+00	1.12e-06	0.00e+00
 2.96203e+15	1.64e-27	1.71e-20	2.01e-14	3.08e-09	3.95e-05	1.00e+00	1.06e-06	0.00e+00
 3.07054e+15	2.34e-27	2.27e-20	2.49e-14	3.56e-09	4.24e-05	1.00e+00	9.86e-07	0.00e+00
 3.18383e+15	3.35e-27	3.03e-20	3.09e-14	4.11e-09	4.56e-05	1.00e+00	0.00e+00	0.00e+00
 3.28444e+15	4.55e-27	3.88e-20	3.72e-14	4.66e-09	4.86e-05	1.00e+00	0.00e+00	0.00e+00
 3.39380e+15	6.28e-27	5.03e-20	4.52e-14	5.31e-09	5.20e-05	1.00e+00	0.00e+00	0.00e+00
 3.52473e+15	9.12e-27	6.78e-20	5.67e-14	6.18e-09	5.61e-05	1.00e+00	0.00e+00	0.00e+00
 3.65704e+15	1.31e-26	9.06e-20	7.06e-14	7.17e-09	6.05e-05	1.00e+00	0.00e+00	0.00e+00
 3.78137e+15	1.82e-26	1.18e-19	8.62e-14	8.20e-09	6.47e-05	1.00e+00	0.00e+00	0.00e+00
 3.91939e+15	2.58e-26	1.56e-19	1.07e-13	9.46e-09	6.97e-05	1.00e+00	0.00e+00	0.00e+00
 4.06498e+15	3.68e-26	2.08e-19	1.32e-13	1.10e-08	7.51e-05	1.00e+00	0.00e+00	0.00e+00
 4.19427e+15	4.99e-26	2.66e-19	1.60e-13	1.24e-08	8.00e-05	1.00e+00	0.00e+00	0.00e+00
 4.33357e+15	6.86e-26	3.43e-19	1.94e-13	1.42e-08	8.56e-05	1.00e+00	0.00e+00	0.00e+00
 4.50056e+15	9.89e-26	4.61e-19	2.43e-13	1.65e-08	9.25e-05	1.00e+00	0.00e+00	0.00e+00
 4.66504e+15	1.40e-25	6.11e-19	3.00e-13	1.91e-08	9.96e-05	1.00e+00	0.00e+00	0.00e+00
 4.81156e+15	1.89e-25	7.78e-19	3.61e-13	2.16e-08	1.06e-04	1.00e+00	0.00e+00	0.00e+00
 4.97325e+15	2.60e-25	1.01e-18	4.39e-13	2.47e-08	1.14e-04	1.00e+00	0.00e+00	0.00e+00
 5.16595e+15	3.75e-25	1.35e-18	5.49e-13	2.87e-08	1.23e-04	1.00e+00	0.00e+00	0.00e+00
 5.35732e+15	5.33e-25	1.80e-18	6.82e-13	3.33e-08	1.33e-04	1.00e+00	0.00e+00	0.00e+00
 5.53242e+15	7.27e-25	2.31e-18	8.25e-13	3.78e-08	1.42e-04	1.00e+00	0.00e+00	0.00e+00
 5.72802e+15	1.02e-24	3.02e-18	1.01e-12	4.35e-08	1.52e-04	1.00e+00	0.00e+00	0.00e+00
 5.95536e+15	1.48e-24	4.09e-18	1.28e-12	5.09e-08	1.65e-04	1.00e+00	0.00e+00	0.00e+00
 6.17845e+15	2.11e-24	5.44e-18	1.59e-12	5.90e-08	1.78e-04	1.00e+00	0.00e+00	0.00e+00
 6.38945e+15	2.91e-24	7.07e-18	1.94e-12	6.75e-08	1.91e-04	1.00e+00	0.00e+00	0.00e+00
 6.62404e+15	4.12e-24	9.36e-18	2.40e-12	7.81e-08	2.06e-04	1.00e+00	0.00e+00	0.00e+00
 6.88903e+15	6.01e-24	1.27e-17	3.02e-12	9.14e-08	2.23e-04	1.00e+00	0.00e+00	0.00e+00
 7.14072e+15	8.51e-24	1.68e-17	3.74e-12	1.06e-07	2.40e-04	1.00e+00	0.00e+00	0.00e+00
 7.37017e+15	1.16e-23	2.15e-17	4.51e-12	1.20e-07	2.56e-04	1.00e+00	0.00e+00	0.00e+00
 7.62974e+15	1.61e-23	2.81e-17	5.54e-12	1.38e-07	2.75e-04	1.00e+00	0.00e+00	0.00e+00
 7.93199e+15	2.35e-23	3.81e-17	6.97e-12	1.61e-07	2.98e-04	1.00e+00	0.00e+00	0.00e+00
 8.22203e+15	3.33e-23	5.05e-17	8.63e-12	1.86e-07	3.21e-04	1.00e+00	0.00e+00	0.00e+00
 8.46204e+15	4.40e-23	6.32e-17	1.02e-11	2.09e-07	3.40e-04	1.00e+00	0.00e+00	0.00e+00
 8.70472e+15	5.79e-23	7.89e-17	1.21e-11	2.34e-07	3.61e-04	1.00e+00	0.00e+00	0.00e+00
 9.01873e+15	8.17e-23	1.04e-16	1.49e-11	2.70e-07	3.88e-04	1.00e+00	0.00e+00	0.00e+00
 9.34380e+15	1.15e-22	1.37e-16	1.84e-11	3.11e-07	4.17e-04	1.00e+00	0.00e+00	0.00e+00
 9.61906e+15	1.53e-22	1.72e-16	2.19e-11	3.49e-07	4.43e-04	1.00e+00	0.00e+00	0.00e+00
 9.91126e+15	2.05e-22	2.18e-16	2.62e-11	3.94e-07	4.70e-04	1.00e+00	0.00e+00	0.00e+00
 1.02780e+16	2.92e-22	2.90e-16	3.25e-11	4.55e-07	5.07e-04	9.99e-01	0.00e+00	0.00e+00
 1.06560e+16	4.15e-22	3.85e-16	4.03e-11	5.26e-07	5.46e-04	9.99e-01	0.00e+00	0.00e+00
 1.09887e+16	5.61e-22	4.91e-16	4.84e-11	5.95e-07	5.81e-04	9.99e-01	0.00e+00	0.00e+00
 1.13478e+16	7.66e-22	6.31e-16	5.86e-11	6.77e-07	6.20e-04	9.99e-01	0.00e+00	0.00e+00
 1.17818e+16	1.10e-21	8.47e-16	7.32e-11	7.87e-07	6.70e-04	9.99e-01	0.00e+00	0.00e+00
 1.22126e+16	1.57e-21	1.12e-15	9.06e-11	9.09e-07	7.21e-04	9.99e-01	0.00e+00	0.00e+00
 1.25949e+16	2.12e-21	1.43e-15	1.09e-10	1.03e-06	7.68e-04	9.99e-01	0.00e+00	0.00e+00
 1.30149e+16	2.91e-21	1.85e-15	1.32e-10	1.17e-06	8.21e-04	9.99e-01	0.00e+00	0.00e+00
 1.35174e+16	4.20e-21	2.48e-15	1.66e-10	1.37e-06	8.87e-04	9.99e-01	0.00e+00	0.00e+00
 1.40169e+16	5.97e-21	3.30e-15	2.05e-10	1.58e-06	9.56e-04	9.99e-01	0.00e+00	0.00e+00
 1.44711e+16	8.14e-21	4.23e-15	2.48e-10	1.80e-06	1.02e-03	9.99e-01	0.00e+00	0.00e+00
 1.49766e+16	1.13e-20	5.52e-15	3.04e-10	2.06e-06	1.10e-03	9.99e-01	0.00e+00	0.00e+00
 1.55675e+16	1.64e-20	7.45e-15	3.82e-10	2.41e-06	1.19e-03	9.99e-01	0.00e+00	0.00e+00
 1.61493e+16	2.33e-20	9.90e-15	4.75e-10	2.79e-06	1.28e-03	9.99e-01	0.00e+00	0.00e+00
 1.66957e+16	3.20e-20	1.28e-14	5.78e-10	3.19e-06	1.37e-03	9.99e-01	0.00e+00	0.00e+00
 1.73049e+16	4.49e-20	1.68e-14	7.13e-10	3.68e-06	1.48e-03	9.99e-01	0.00e+00	0.00e+00
 1.79971e+16	6.49e-20	2.27e-14	8.98e-10	4.31e-06	1.61e-03	9.98e-01	0.00e+00	0.00e+00
 1.86768e+16	9.20e-20	3.02e-14	1.12e-09	5.00e-06	1.74e-03	9.98e-01	0.00e+00	0.00e+00
 1.93301e+16	1.27e-19	3.92e-14	1.37e-09	5.74e-06	1.87e-03	9.98e-01	0.00e+00	0.00e+00
 1.99097e+16	1.67e-19	4.90e-14	1.62e-09	6.46e-06	1.99e-03	9.98e-01	0.00e+00	0.00e+00
 2.03978e+16	2.09e-19	5.88e-14	1.87e-09	7.12e-06	2.09e-03	9.98e-01	0.00e+00	0.00e+00
 2.09385e+16	2.65e-19	7.14e-14	2.18e-09	7.91e-06	2.21e-03	9.98e-01	0.00e+00	0.00e+00
 2.16414e+16	3.58e-19	9.14e-14	2.64e-09	9.03e-06	2.38e-03	9.98e-01	0.00e+00	0.00e+00
 2.23788e+16	4.84e-19	1.17e-13	3.21e-09	1.03e-05	2.55e-03	9.97e-01	0.00e+00	0.00e+00
 2.30100e+16	6.22e-19	1.44e-13	3.77e-09	1.16e-05	2.71e-03	9.97e-01	0.00e+00	0.00e+00
 2.36797e+16	8.03e-19	1.78e-13	4.44e-09	1.30e-05	2.89e-03	9.97e-01	0.00e+00	0.00e+00
 2.45393e+16	1.10e-18	2.31e-13	5.46e-09	1.50e-05	3.12e-03	9.97e-01	0.00e+00	0.00e+00
 2.54270e+16	1.51e-18	2.99e-13	6.70e-09	1.73e-05	3.37e-03	9.97e-01	0.00e+00	0.00e+00
 2.61856e+16	1.95e-18	3.70e-13	7.94e-09	1.94e-05	3.60e-03	9.96e-01	0.00e+00	0.00e+00
 2.69954e+16	2.53e-18	4.60e-13	9.45e-09	2.19e-05	3.85e-03	9.96e-01	0.00e+00	0.00e+00
 2.80022e+16	3.47e-18	5.99e-13	1.17e-08	2.54e-05	4.18e-03	9.96e-01	0.00e+00	0.00e+00
 2.90379e+16	4.74e-18	7.76e-13	1.43e-08	2.94e-05	4.53e-03	9.95e-01	0.00e+00	0.00e+00
 2.99608e+16	6.17e-18	9.68e-13	1.72e-08	3.33e-05	4.86e-03	9.95e-01	0.00e+00	0.00e+00
 3.09644e+16	8.15e-18	1.22e-12	2.07e-08	3.80e-05	5.23e-03	9.95e-01	0.00e+00	0.00e+00
 3.21623e+16	1.12e-17	1.60e-12	2.57e-08	4.42e-05	5.70e-03	9.94e-01	0.00e+00	0.00e+00
 3.33430e+16	1.51e-17	2.06e-12	3.16e-08	5.10e-05	6.18e-03	9.94e-01	0.00e+00	0.00e+00
 3.44046e+16	1.96e-17	2.56e-12	3.78e-08	5.78e-05	6.63e-03	9.93e-01	0.00e+00	0.00e+00
 3.55811e+16	2.59e-17	3.24e-12	4.57e-08	6.61e-05	7.16e-03	9.93e-01	0.00e+00	0.00e+00
 3.69710e+16	3.55e-17	4.23e-12	5.69e-08	7.70e-05	7.81e-03	9.92e-01	0.00e+00	0.00e+00
 3.83443e+16	4.78e-17	5.45e-12	7.01e-08	8.90e-05	8.49e-03	9.91e-01	0.00e+00	0.00e+00
 3.96119e+16	6.24e-17	6.83e-12	8.44e-08	1.01e-04	9.14e-03	9.91e-01	0.00e+00	0.00e+00
 4.10359e+16	8.33e-17	8.73e-12	1.03e-07	1.16e-04	9.90e-03	9.90e-01	0.00e+00	0.00e+00
 4.26773e+16	1.15e-16	1.15e-11	1.29e-07	1.36e-04	1.08e-02	9.89e-01	0.00e+00	0.00e+00
 4.42821e+16	1.66e-16	1.48e-11	1.60e-07	1.57e-04	1.18e-02	9.88e-01	0.00e+00	0.00e+00
 4.58179e+16	2.20e-16	1.88e-11	1.95e-07	1.80e-04	1.27e-02	9.87e-01	0.00e+00	0.00e+00
 4.75174e+16	2.96e-16	2.43e-11	2.40e-07	2.08e-04	1.38e-02	9.86e-01	0.00e+00	0.00e+00
 4.91151e+16	3.89e-16	3.06e-11	2.91e-07	2.37e-04	1.49e-02	9.85e-01	0.00e+00	0.00e+00
 5.03161e+16	4.75e-16	3.63e-11	3.35e-07	2.61e-04	1.57e-02	9.84e-01	0.00e+00	0.00e+00
 5.15465e+16	5.80e-16	4.30e-11	3.85e-07	2.87e-04	1.66e-02	9.83e-01	0.00e+00	0.00e+00
 5.31461e+16	7.47e-16	5.34e-11	4.60e-07	3.24e-04	1.78e-02	9.82e-01	0.00e+00	0.00e+00
 5.48760e+16	9.74e-16	6.70e-11	5.55e-07	3.68e-04	1.92e-02	9.80e-01	0.00e+00	0.00e+00
 5.64285e+16	1.23e-15	8.16e-11	6.53e-07	4.11e-04	2.04e-02	9.79e-01	0.00e+00	0.00e+00
 5.81000e+16	1.57e-15	1.00e-10	7.75e-07	4.61e-04	2.18e-02	9.78e-01	0.00e+00	0.00e+00
 6.02257e+16	2.12e-15	1.30e-10	9.57e-07	5.31e-04	2.37e-02	9.76e-01	0.00e+00	0.00e+00
 6.23762e+16	2.85e-15	1.67e-10	1.18e-06	6.10e-04	2.56e-02	9.74e-01	0.00e+00	0.00e+00
 6.41814e+16	3.63e-15	2.05e-10	1.39e-06	6.83e-04	2.73e-02	9.72e-01	0.00e+00	0.00e+00
 6.61031e+16	4.66e-15	2.54e-10	1.66e-06	7.68e-04	2.92e-02	9.70e-01	0.00e+00	0.00e+00
 6.85331e+16	6.36e-15	3.30e-10	2.05e-06	8.86e-04	3.16e-02	9.67e-01	0.00e+00	0.00e+00
 7.10869e+16	8.71e-15	4.31e-10	2.55e-06	1.02e-03	3.43e-02	9.65e-01	0.00e+00	0.00e+00
 7.33938e+16	1.15e-14	5.45e-10	3.09e-06	1.16e-03	3.68e-02	9.62e-01	0.00e+00	0.00e+00
 7.59168e+16	1.54e-14	6.98e-10	3.78e-06	1.33e-03	3.97e-02	9.59e-01	0.00e+00	0.00e+00
 7.88898e+16	2.15e-14	9.28e-10	4.76e-06	1.55e-03	4.32e-02	9.55e-01	0.00e+00	0.00e+00
 8.18036e+16	2.96e-14	1.21e-09	5.92e-06	1.79e-03	4.68e-02	9.51e-01	0.00e+00	0.00e+00
 8.44711e+16	3.93e-14	1.54e-09	7.17e-06	2.03e-03	5.02e-02	9.48e-01	0.00e+00	0.00e+00
 8.74623e+16	5.35e-14	2.00e-09	8.85e-06	2.33e-03	5.42e-02	9.43e-01	0.00e+00	0.00e+00
 9.09360e+16	7.58e-14	2.68e-09	1.12e-05	2.72e-03	5.90e-02	9.38e-01	0.00e+00	0.00e+00
 9.43500e+16	1.05e-13	3.54e-09	1.40e-05	3.14e-03	6.39e-02	9.33e-01	0.00e+00	0.00e+00
 9.75965e+16	1.43e-13	4.58e-09	1.72e-05	3.59e-03	6.87e-02	9.28e-01	0.00e+00	0.00e+00
 1.01196e+17	1.99e-13	6.02e-09	2.14e-05	4.15e-03	7.43e-02	9.21e-01	0.00e+00	0.00e+00
 1.04592e+17	2.66e-13	7.75e-09	2.61e-05	4.73e-03	7.98e-02	9.15e-01	0.00e+00	0.00e+00
 1.07119e+17	3.29e-13	9.30e-09	3.02e-05	5.20e-03	8.39e-02	9.11e-01	0.00e+00	0.00e+00
 1.09687e+17	4.09e-13	1.11e-08	3.48e-05	5.71e-03	8.82e-02	9.06e-01	0.00e+00	0.00e+00
 1.13024e+17	5.38e-13	1.40e-08	4.17e-05	6.42e-03	9.40e-02	9.00e-01	0.00e+00	0.00e+00
 1.16655e+17	7.19e-13	1.79e-08	5.06e-05	7.27e-03	1.00e-01	8.92e-01	0.00e+00	0.00e+00
 1.19932e+17	9.30e-13	2.22e-08	5.98e-05	8.11e-03	1.06e-01	8.85e-01	0.00e+00	0.00e+00
 1.23455e+17	1.22e-12	2.77e-08	7.13e-05	9.09e-03	1.13e-01	8.78e-01	0.00e+00	0.00e+00
 1.27956e+17	1.70e-12	3.66e-08	8.87e-05	1.05e-02	1.22e-01	8.68e-01	0.00e+00	0.00e+00
 1.32495e+17	2.34e-12	4.79e-08	1.10e-04	1.20e-02	1.31e-01	8.57e-01	0.00e+00	0.00e+00
 1.36257e+17	3.05e-12	5.96e-08	1.30e-04	1.34e-02	1.38e-01	8.48e-01	0.00e+00	0.00e+00
 1.40238e+17	3.99e-12	7.47e-08	1.55e-04	1.50e-02	1.46e-01	8.38e-01	0.00e+00	0.00e+00
 1.45339e+17	5.57e-12	9.85e-08	1.92e-04	1.72e-02	1.57e-01	8.25e-01	0.00e+00	0.00e+00
 1.50718e+17	7.84e-12	1.31e-07	2.39e-04	1.98e-02	1.69e-01	8.11e-01	0.00e+00	0.00e+00
 1.55435e+17	1.05e-11	1.67e-07	2.88e-04	2.23e-02	1.79e-01	7.98e-01	0.00e+00	0.00e+00
 1.60465e+17	1.42e-11	2.14e-07	3.48e-04	2.52e-02	1.90e-01	7.84e-01	0.00e+00	0.00e+00
 1.66574e+17	2.01e-11	2.86e-07	4.36e-04	2.90e-02	2.04e-01	7.66e-01	0.00e+00	0.00e+00
 1.72655e+17	2.82e-11	3.78e-07	5.40e-04	3.32e-02	2.18e-01	7.48e-01	0.00e+00	0.00e+00
 1.78037e+17	3.76e-11	4.81e-07	6.48e-04	3.72e-02	2.30e-01	7.32e-01	0.00e+00	0.00e+00
 1.83163e+17	4.91e-11	6.00e-07	7.67e-04	4.14e-02	2.42e-01	7.16e-01	0.00e+00	0.00e+00
 1.89046e+17	6.62e-11	7.67e-07	9.23e-04	4.64e-02	2.55e-01	6.97e-01	0.00e+00	0.00e+00
 1.95627e+17	9.13e-11	1.00e-06	1.13e-03	5.26e-02	2.70e-01	6.76e-01	0.00e+00	0.00e+00
 2.01175e+17	1.18e-10	1.24e-06	1.33e-03	5.81e-02	2.83e-01	6.58e-01	0.00e+00	0.00e+00
 2.05536e+17	1.45e-10	1.46e-06	1.50e-03	6.27e-02	2.92e-01	6.43e-01	0.00e+00	0.00e+00
 2.10293e+17	1.79e-10	1.75e-06	1.72e-03	6.79e-02	3.03e-01	6.28e-01	0.00e+00	0.00e+00
 2.16477e+17	2.35e-10	2.18e-06	2.03e-03	7.51e-02	3.16e-01	6.07e-01	0.00e+00	0.00e+00
 2.23068e+17	3.10e-10	2.74e-06	2.40e-03	8.32e-02	3.30e-01	5.85e-01	0.00e+00	0.00e+00
 2.28835e+17	3.92e-10	3.33e-06	2.77e-03	9.06e-02	3.41e-01	5.66e-01	0.00e+00	0.00e+00
 2.34979e+17	5.02e-10	4.07e-06	3.22e-03	9.89e-02	3.53e-01	5.45e-01	0.00e+00	0.00e+00
 2.42966e+17	6.84e-10	5.24e-06	3.88e-03	1.10e-01	3.67e-01	5.18e-01	0.00e+00	0.00e+00
 2.51091e+17	9.22e-10	6.70e-06	4.64e-03	1.22e-01	3.81e-01	4.92e-01	0.00e+00	0.00e+00
 2.57721e+17	1.17e-09	8.12e-06	5.34e-03	1.32e-01	3.92e-01	4.71e-01	0.00e+00	0.00e+00
 2.64665e+17	1.49e-09	9.88e-06	6.15e-03	1.44e-01	4.02e-01	4.49e-01	0.00e+00	0.00e+00
 2.73691e+17	2.02e-09	1.26e-05	7.34e-03	1.58e-01	4.14e-01	4.21e-01	0.00e+00	0.00e+00
 2.82979e+17	2.71e-09	1.61e-05	8.73e-03	1.74e-01	4.24e-01	3.93e-01	0.00e+00	0.00e+00
 2.90684e+17	3.43e-09	1.95e-05	1.00e-02	1.87e-01	4.32e-01	3.71e-01	0.00e+00	0.00e+00
 2.98779e+17	4.39e-09	2.37e-05	1.15e-02	2.02e-01	4.38e-01	3.48e-01	0.00e+00	0.00e+00
 3.09303e+17	5.99e-09	3.04e-05	1.36e-02	2.20e-01	4.45e-01	3.20e-01	0.00e+00	0.00e+00
 3.19882e+17	8.05e-09	3.85e-05	1.60e-02	2.39e-01	4.50e-01	2.94e-01	0.00e+00	0.00e+00
 3.28295e+17	1.01e-08	4.60e-05	1.81e-02	2.54e-01	4.53e-01	2.74e-01	0.00e+00	0.00e+00
 3.35459e+17	1.22e-08	5.34e-05	2.01e-02	2.67e-01	4.54e-01	2.58e-01	0.00e+00	0.00e+00
 3.43239e+17	1.49e-08	6.26e-05	2.23e-02	2.81e-01	4.55e-01	2.42e-01	0.00e+00	0.00e+00
 3.53353e+17	1.93e-08	7.65e-05	2.55e-02	2.99e-01	4.54e-01	2.21e-01	0.00e+00	0.00e+00
 3.64249e+17	2.51e-08	9.37e-05	2.92e-02	3.18e-01	4.51e-01	2.01e-01	0.00e+00	0.00e+00
 3.73709e+17	3.12e-08	1.11e-04	3.26e-02	3.34e-01	4.48e-01	1.85e-01	0.00e+00	0.00e+00
 3.81871e+17	3.75e-08	1.28e-04	3.57e-02	3.48e-01	4.44e-01	1.72e-01	0.00e+00	0.00e+00
 3.90796e+17	4.58e-08	1.49e-04	3.94e-02	3.62e-01	4.40e-01	1.59e-01	0.00e+00	0.00e+00
 4.00863e+17	5.68e-08	1.76e-04	4.38e-02	3.78e-01	4.33e-01	1.45e-01	0.00e+00	0.00e+00
 4.10462e+17	6.93e-08	2.05e-04	4.82e-02	3.93e-01	4.26e-01	1.33e-01	0.00e+00	0.00e+00
 4.19571e+17	8.34e-08	2.35e-04	5.26e-02	4.06e-01	4.19e-01	1.22e-01	0.00e+00	0.00e+00
 4.29999e+17	1.03e-07	2.75e-04	5.79e-02	4.21e-01	4.10e-01	1.11e-01	0.00e+00	0.00e+00
 4.41433e+17	1.28e-07	3.24e-04	6.40e-02	4.36e-01	4.00e-01	9.95e-02	0.00e+00	0.00e+00
 4.51931e+17	1.55e-07	3.74e-04	6.99e-02	4.49e-01	3.90e-01	9.03e-02	0.00e+00	0.00e+00
 4.63334e+17	1.91e-07	4.36e-04	7.67e-02	4.63e-01	3.79e-01	8.11e-02	0.00e+00	0.00e+00
 4.75816e+17	2.37e-07	5.11e-04	8.44e-02	4.76e-01	3.66e-01	7.22e-02	0.00e+00	0.00e+00
 4.87277e+17	2.87e-07	5.88e-04	9.17e-02	4.88e-01	3.55e-01	6.50e-02	0.00e+00	0.00e+00
 4.99752e+17	3.54e-07	6.84e-04	1.00e-01	5.00e-01	3.42e-01	5.77e-02	0.00e+00	0.00e+00
 5.13451e+17	4.39e-07	8.00e-04	1.10e-01	5.11e-01	3.27e-01	5.08e-02	0.00e+00	0.00e+00
 5.26160e+17	5.31e-07	9.19e-04	1.19e-01	5.21e-01	3.14e-01	4.52e-02	0.00e+00	0.00e+00
 5.40098e+17	6.56e-07	1.07e-03	1.30e-01	5.30e-01	3.00e-01	3.96e-02	0.00e+00	0.00e+00
 5.55305e+17	8.13e-07	1.25e-03	1.41e-01	5.39e-01	2.84e-01	3.44e-02	0.00e+00	0.00e+00
 5.69332e+17	9.82e-07	1.43e-03	1.53e-01	5.46e-01	2.70e-01	3.02e-02	0.00e+00	0.00e+00
 5.84738e+17	1.21e-06	1.66e-03	1.66e-01	5.52e-01	2.55e-01	2.61e-02	0.00e+00	0.00e+00
 5.99571e+17	1.45e-06	1.89e-03	1.78e-01	5.56e-01	2.41e-01	2.28e-02	0.00e+00	0.00e+00
 6.10788e+17	1.66e-06	2.08e-03	1.88e-01	5.58e-01	2.31e-01	2.06e-02	0.00e+00	0.00e+00
 6.22499e+17	1.93e-06	2.31e-03	1.99e-01	5.60e-01	2.20e-01	1.84e-02	0.00e+00	0.00e+00
 6.37724e+17	2.31e-06	2.64e-03	2.13e-01	5.61e-01	2.07e-01	1.59e-02	0.00e+00	0.00e+00
 6.53164e+17	2.75e-06	2.98e-03	2.28e-01	5.62e-01	1.94e-01	1.38e-02	0.00e+00	0.00e+00
 6.65894e+17	3.14e-06	3.29e-03	2.40e-01	5.61e-01	1.84e-01	1.23e-02	0.00e+00	0.00e+00
 6.79457e+17	3.66e-06	3.67e-03	2.53e-01	5.59e-01	1.73e-01	1.08e-02	0.00e+00	0.00e+00
 6.94521e+17	4.28e-06	4.10e-03	2.68e-01	5.56e-01	1.62e-01	9.37e-03	0.00e+00	0.00e+00
 7.08841e+17	4.95e-06	4.55e-03	2.83e-01	5.52e-01	1.52e-01	8.18e-03	0.00e+00	0.00e+00
 7.22672e+17	5.68e-06	5.02e-03	2.97e-01	5.48e-01	1.43e-01	7.18e-03	0.00e+00	0.00e+00
 7.38563e+17	6.71e-06	5.66e-03	3.15e-01	5.41e-01	1.32e-01	6.13e-03	0.00e+00	0.00e+00
 7.55388e+17	7.84e-06	6.32e-03	3.33e-01	5.34e-01	1.22e-01	5.22e-03	0.00e+00	0.00e+00
 7.70465e+17	9.03e-06	7.00e-03	3.49e-01	5.26e-01	1.13e-01	4.51e-03	0.00e+00	0.00e+00
 7.87101e+17	1.06e-05	7.87e-03	3.69e-01	5.16e-01	1.04e-01	3.80e-03	0.00e+00	0.00e+00
 8.04839e+17	1.25e-05	8.83e-03	3.89e-01	5.04e-01	9.44e-02	3.18e-03	0.00e+00	0.00e+00
 8.20657e+17	1.44e-05	9.76e-03	4.07e-01	4.93e-01	8.67e-02	2.71e-03	0.00e+00	0.00e+00
 8.37868e+17	1.70e-05	1.10e-02	4.28e-01	4.80e-01	7.85e-02	2.25e-03	0.00e+00	0.00e+00
 8.56450e+17	2.00e-05	1.24e-02	4.51e-01	4.65e-01	7.05e-02	1.85e-03	0.00e+00	0.00e+00
 8.73118e+17	2.31e-05	1.37e-02	4.71e-01	4.50e-01	6.38e-02	1.54e-03	0.00e+00	0.00e+00
 8.91092e+17	2.75e-05	1.55e-02	4.93e-01	4.33e-01	5.68e-02	1.25e-03	0.00e+00	0.00e+00
 9.10117e+17	3.25e-05	1.74e-02	5.17e-01	4.15e-01	5.02e-02	1.01e-03	0.00e+00	0.00e+00
 9.26787e+17	3.77e-05	1.93e-02	5.37e-01	3.98e-01	4.48e-02	8.25e-04	0.00e+00	0.00e+00
 9.39853e+17	4.22e-05	2.10e-02	5.53e-01	3.84e-01	4.09e-02	7.05e-04	0.00e+00	0.00e+00
 9.49895e+17	4.62e-05	2.23e-02	5.66e-01	3.73e-01	3.80e-02	6.22e-04	0.00e+00	0.00e+00
 9.60888e+17	5.16e-05	2.41e-02	5.80e-01	3.61e-01	3.49e-02	5.36e-04	0.00e+00	0.00e+00
 9.73012e+17	5.69e-05	2.59e-02	5.94e-01	3.48e-01	3.18e-02	4.60e-04	0.00e+00	0.00e+00
 9.86605e+17	6.62e-05	2.87e-02	6.12e-01	3.31e-01	2.83e-02	3.77e-04	0.00e+00	0.00e+00
 9.99540e+17	7.33e-05	3.09e-02	6.26e-01	3.17e-01	2.56e-02	3.19e-04	0.00e+00	0.00e+00
 1.01162e+18	8.43e-05	3.40e-02	6.41e-01	3.01e-01	2.28e-02	2.63e-04	0.00e+00	0.00e+00
 1.02360e+18	9.45e-05	3.69e-02	6.55e-01	2.87e-01	2.05e-02	2.21e-04	0.00e+00	0.00e+00
 1.03356e+18	1.04e-04	3.95e-02	6.66e-01	2.75e-01	1.86e-02	1.89e-04	0.00e+00	0.00e+00
 1.04459e+18	1.18e-04	4.29e-02	6.78e-01	2.62e-01	1.67e-02	1.57e-04	0.00e+00	0.00e+00
 1.05651e+18	1.31e-04	4.62e-02	6.90e-01	2.48e-01	1.48e-02	1.31e-04	0.00e+00	0.00e+00
 1.06958e+18	1.51e-04	5.10e-02	7.04e-01	2.32e-01	1.29e-02	1.04e-04	0.00e+00	0.00e+00
 1.08250e+18	1.77e-04	5.67e-02	7.16e-01	2.16e-01	1.11e-02	8.15e-05	0.00e+00	0.00e+00
 1.09177e+18	1.92e-04	6.01e-02	7.23e-01	2.06e-01	1.00e-02	6.97e-05	0.00e+00	0.00e+00
 1.10038e+18	2.17e-04	6.51e-02	7.30e-01	1.95e-01	8.95e-03	5.80e-05	0.00e+00	0.00e+00
 1.10981e+18	2.41e-04	7.00e-02	7.37e-01	1.85e-01	7.97e-03	4.82e-05	0.00e+00	0.00e+00
 1.12032e+18	2.69e-04	7.54e-02	7.44e-01	1.73e-01	6.98e-03	3.93e-05	0.00e+00	0.00e+00
 1.13214e+18	3.10e-04	8.29e-02	7.51e-01	1.60e-01	5.95e-03	3.06e-05	0.00e+00	0.00e+00
 1.14254e+18	3.57e-04	9.11e-02	7.55e-01	1.48e-01	5.10e-03	2.40e-05	0.00e+00	0.00e+00
 1.15053e+18	3.94e-04	9.72e-02	7.58e-01	1.40e-01	4.55e-03	2.00e-05	0.00e+00	0.00e+00
 1.15850e+18	4.38e-04	1.04e-01	7.60e-01	1.32e-01	4.02e-03	1.65e-05	0.00e+00	0.00e+00
 1.16887e+18	5.03e-04	1.14e-01	7.61e-01	1.21e-01	3.40e-03	1.28e-05	0.00e+00	0.00e+00
 1.17957e+18	5.77e-04	1.25e-01	7.61e-01	1.11e-01	2.87e-03	9.81e-06	0.00e+00	0.00e+00
 1.18846e+18	6.40e-04	1.33e-01	7.60e-01	1.04e-01	2.49e-03	7.92e-06	0.00e+00	0.00e+00
 1.19777e+18	7.36e-04	1.46e-01	7.57e-01	9.46e-02	2.09e-03	6.05e-06	0.00e+00	0.00e+00
 1.20740e+18	8.39e-04	1.58e-01	7.52e-01	8.67e-02	1.76e-03	4.65e-06	0.00e+00	0.00e+00
 1.21586e+18	9.42e-04	1.71e-01	7.47e-01	7.98e-02	1.50e-03	3.65e-06	0.00e+00	0.00e+00
 1.22526e+18	1.08e-03	1.85e-01	7.40e-01	7.25e-02	1.25e-03	2.75e-06	0.00e+00	0.00e+00
 1.23555e+18	1.24e-03	2.03e-01	7.30e-01	6.52e-02	1.01e-03	2.02e-06	0.00e+00	0.00e+00
 1.24496e+18	1.42e-03	2.20e-01	7.19e-01	5.89e-02	8.35e-04	1.51e-06	0.00e+00	0.00e+00
 1.25374e+18	1.61e-03	2.37e-01	7.07e-01	5.33e-02	6.92e-04	1.14e-06	0.00e+00	0.00e+00
 1.26375e+18	1.86e-03	2.59e-01	6.92e-01	4.73e-02	5.51e-04	8.12e-07	0.00e+00	0.00e+00
 1.27478e+18	2.18e-03	2.84e-01	6.72e-01	4.13e-02	4.27e-04	0.00e+00	0.00e+00	0.00e+00
 1.28500e+18	2.53e-03	3.09e-01	6.52e-01	3.62e-02	3.35e-04	0.00e+00	0.00e+00	0.00e+00
 1.29613e+18	2.98e-03	3.39e-01	6.27e-01	3.10e-02	2.52e-04	0.00e+00	0.00e+00	0.00e+00
 1.30855e+18	3.56e-03	3.74e-01	5.96e-01	2.59e-02	1.83e-04	0.00e+00	0.00e+00	0.00e+00
 1.31911e+18	4.15e-03	4.06e-01	5.68e-01	2.21e-02	1.38e-04	0.00e+00	0.00e+00	0.00e+00
 1.32746e+18	4.68e-03	4.32e-01	5.44e-01	1.93e-02	1.09e-04	0.00e+00	0.00e+00	0.00e+00
 1.33647e+18	5.34e-03	4.62e-01	5.16e-01	1.66e-02	8.32e-05	0.00e+00	0.00e+00	0.00e+00
 1.34819e+18	6.32e-03	5.01e-01	4.79e-01	1.35e-02	5.80e-05	0.00e+00	0.00e+00	0.00e+00
 1.36106e+18	7.63e-03	5.47e-01	4.35e-01	1.05e-02	3.82e-05	0.00e+00	0.00e+00	0.00e+00
 1.37264e+18	9.07e-03	5.89e-01	3.94e-01	8.24e-03	2.56e-05	0.00e+00	0.00e+00	0.00e+00
 1.38303e+18	1.05e-02	6.26e-01	3.57e-01	6.53e-03	1.76e-05	0.00e+00	0.00e+00	0.00e+00
 1.39463e+18	1.25e-02	6.67e-01	3.15e-01	4.95e-03	1.13e-05	0.00e+00	0.00e+00	0.00e+00
 1.40684e+18	1.50e-02	7.10e-01	2.71e-01	3.59e-03	6.82e-06	0.00e+00	0.00e+00	0.00e+00
 1.41671e+18	1.74e-02	7.43e-01	2.37e-01	2.71e-03	4.43e-06	0.00e+00	0.00e+00	0.00e+00
 1.42462e+18	1.95e-02	7.68e-01	2.11e-01	2.14e-03	3.10e-06	0.00e+00	0.00e+00	0.00e+00
 1.43314e+18	2.21e-02	7.92e-01	1.84e-01	1.63e-03	2.06e-06	0.00e+00	0.00e+00	0.00e+00
 1.44255e+18	2.56e-02	8.17e-01	1.56e-01	1.19e-03	1.29e-06	0.00e+00	0.00e+00	0.00e+00
 1.45092e+18	2.92e-02	8.37e-01	1.33e-01	8.75e-04	8.22e-07	0.00e+00	0.00e+00	0.00e+00
 1.45796e+18	3.25e-02	8.52e-01	1.15e-01	6.72e-04	0.00e+00	0.00e+00	0.00e+00	0.00e+00
 1.46548e+18	3.66e-02	8.65e-01	9.79e-02	4.99e-04	0.00e+00	0.00e+00	0.00e+00	0.00e+00
 1.47372e+18	4.19e-02	8.77e-01	8.10e-02	3.53e-04	0.00e+00	0.00e+00	0.00e+00	0.00e+00
 1.48095e+18	4.73e-02	8.85e-01	6.78e-02	2.56e-04	0.00e+00	0.00e+00	0.00e+00	0.00e+00
 1.48713e+18	5.24e-02	8.90e-01	5.79e-02	1.94e-04	0.00e+00	0.00e+00	0.00e+00	0.00e+00
