#depth	O	O+	O+2	O+3	O+4	O+5	O+6	O+7	O+8	O[1]	O[2]	O[3]
 1.49634e+10	0.00e+00	0.00e+00	2.48e-33	3.44e-24	7.00e-16	1.91e-08	1.00e+00	0.00e+00	0.00e+00	0.00e+00	0.00e+00	0.00e+00
 4.54887e+10	0.00e+00	3.27e-43	3.42e-33	4.38e-24	8.23e-16	2.07e-08	1.00e+00	3.75e-07	0.00e+00	0.00e+00	0.00e+00	0.00e+00
 7.72350e+10	0.00e+00	0.00e+00	4.71e-33	5.57e-24	9.67e-16	2.25e-08	1.00e+00	0.00e+00	0.00e+00	0.00e+00	0.00e+00	0.00e+00
 1.10251e+11	0.00e+00	7.27e-43	6.49e-33	7.09e-24	1.14e-15	2.44e-08	1.00e+00	0.00e+00	0.00e+00	0.00e+00	0.00e+00	0.00e+00
 1.44588e+11	0.00e+00	0.00e+00	8.94e-33	9.03e-24	1.34e-15	2.65e-08	1.00e+00	0.00e+00	0.00e+00	0.00e+00	0.00e+00	0.00e+00
 1.80298e+11	0.00e+00	1.62e-42	1.23e-32	1.15e-23	1.57e-15	2.87e-08	1.00e+00	0.00e+00	0.00e+00	0.00e+00	0.00e+00	0.00e+00
 2.17437e+11	0.00e+00	0.00e+00	1.70e-32	1.47e-23	1.85e-15	3.12e-08	1.00e+00	0.00e+00	0.00e+00	0.00e+00	0.00e+00	0.00e+00
 2.56061e+11	0.00e+00	3.62e-42	2.35e-32	1.87e-23	2.18e-15	3.38e-08	1.00e+00	0.00e+00	0.00e+00	0.00e+00	0.00e+00	0.00e+00
 2.96231e+11	0.00e+00	0.00e+00	3.24e-32	2.39e-23	2.57e-15	3.67e-08	1.00e+00	0.00e+00	0.00e+00	0.00e+00	0.00e+00	0.00e+00
 3.38007e+11	0.00e+00	8.11e-42	4.48e-32	3.04e-23	3.02e-15	3.99e-08	1.00e+00	0.00e+00	0.00e+00	0.00e+00	0.00e+00	0.00e+00
 3.77267e+11	0.00e+00	0.00e+00	6.01e-32	3.80e-23	3.51e-15	4.30e-08	1.00e+00	0.00e+00	0.00e+00	0.00e+00	0.00e+00	0.00e+00
 4.12334e+11	0.00e+00	1.60e-41	7.74e-32	4.60e-23	3.99e-15	4.58e-08	1.00e+00	0.00e+00	0.00e+00	0.00e+00	0.00e+00	0.00e+00
 4.51675e+11	0.00e+00	0.00e+00	1.02e-31	5.67e-23	4.59e-15	4.92e-08	1.00e+00	0.00e+00	0.00e+00	0.00e+00	0.00e+00	0.00e+00
 4.98352e+11	0.00e+00	3.36e-41	1.40e-31	7.20e-23	5.40e-15	5.34e-08	1.00e+00	0.00e+00	0.00e+00	0.00e+00	0.00e+00	0.00e+00
 5.45084e+11	0.00e+00	0.00e+00	1.90e-31	9.07e-23	6.31e-15	5.78e-08	1.00e+00	0.00e+00	0.00e+00	0.00e+00	0.00e+00	0.00e+00
 5.88881e+11	0.00e+00	6.93e-41	2.51e-31	1.12e-22	7.26e-15	6.20e-08	1.00e+00	0.00e+00	0.00e+00	0.00e+00	0.00e+00	0.00e+00
 6.37558e+11	0.00e+00	0.00e+00	3.39e-31	1.40e-22	8.46e-15	6.70e-08	1.00e+00	0.00e+00	0.00e+00	0.00e+00	0.00e+00	0.00e+00
 6.92988e+11	0.00e+00	1.51e-40	4.70e-31	1.80e-22	1.00e-14	7.29e-08	1.00e+00	0.00e+00	0.00e+00	0.00e+00	0.00e+00	0.00e+00
 7.48094e+11	0.00e+00	0.00e+00	6.43e-31	2.28e-22	1.18e-14	7.91e-08	1.00e+00	0.00e+00	0.00e+00	0.00e+00	0.00e+00	0.00e+00
 8.05404e+11	0.00e+00	3.30e-40	8.81e-31	2.90e-22	1.38e-14	8.58e-08	1.00e+00	0.00e+00	0.00e+00	0.00e+00	0.00e+00	0.00e+00
 8.67547e+11	0.00e+00	0.00e+00	1.23e-30	3.72e-22	1.64e-14	9.35e-08	1.00e+00	0.00e+00	0.00e+00	0.00e+00	0.00e+00	0.00e+00
 9.30905e+11	0.00e+00	7.44e-40	1.69e-30	4.75e-22	1.93e-14	1.02e-07	1.00e+00	0.00e+00	0.00e+00	0.00e+00	0.00e+00	0.00e+00
 9.89998e+11	0.00e+00	0.00e+00	2.27e-30	5.93e-22	2.25e-14	1.10e-07	1.00e+00	0.00e+00	0.00e+00	0.00e+00	0.00e+00	0.00e+00
 1.04443e+12	0.00e+00	1.48e-39	2.94e-30	7.23e-22	2.57e-14	1.18e-07	1.00e+00	0.00e+00	0.00e+00	0.00e+00	0.00e+00	0.00e+00
 1.10656e+12	0.00e+00	0.00e+00	3.93e-30	9.01e-22	2.99e-14	1.27e-07	1.00e+00	0.00e+00	0.00e+00	0.00e+00	0.00e+00	0.00e+00
 1.17947e+12	0.00e+00	3.17e-39	5.44e-30	1.15e-21	3.54e-14	1.38e-07	1.00e+00	0.00e+00	0.00e+00	0.00e+00	0.00e+00	0.00e+00
 1.25152e+12	0.00e+00	0.00e+00	7.43e-30	1.46e-21	4.16e-14	1.50e-07	1.00e+00	0.00e+00	0.00e+00	0.00e+00	0.00e+00	0.00e+00
 1.31891e+12	0.00e+00	6.61e-39	9.85e-30	1.82e-21	4.82e-14	1.62e-07	1.00e+00	0.00e+00	0.00e+00	0.00e+00	0.00e+00	0.00e+00
 1.39405e+12	0.00e+00	0.00e+00	1.33e-29	2.29e-21	5.65e-14	1.76e-07	1.00e+00	0.00e+00	0.00e+00	0.00e+00	0.00e+00	0.00e+00
 1.47974e+12	0.00e+00	1.45e-38	1.86e-29	2.95e-21	6.73e-14	1.92e-07	1.00e+00	0.00e+00	0.00e+00	0.00e+00	0.00e+00	0.00e+00
 1.56427e+12	0.00e+00	0.00e+00	2.56e-29	3.76e-21	7.95e-14	2.09e-07	1.00e+00	0.00e+00	0.00e+00	0.00e+00	0.00e+00	0.00e+00
 1.65218e+12	0.00e+00	3.18e-38	3.51e-29	4.80e-21	9.39e-14	2.28e-07	1.00e+00	0.00e+00	0.00e+00	0.00e+00	0.00e+00	0.00e+00
 1.74819e+12	0.00e+00	0.00e+00	4.92e-29	6.21e-21	1.12e-13	2.50e-07	1.00e+00	0.00e+00	0.00e+00	0.00e+00	0.00e+00	0.00e+00
 1.84457e+12	0.00e+00	7.19e-38	6.79e-29	7.96e-21	1.33e-13	2.73e-07	1.00e+00	0.00e+00	0.00e+00	0.00e+00	0.00e+00	0.00e+00
 1.94480e+12	0.00e+00	0.00e+00	9.39e-29	1.02e-20	1.58e-13	2.98e-07	1.00e+00	0.00e+00	0.00e+00	0.00e+00	0.00e+00	0.00e+00
 2.05252e+12	0.00e+00	1.62e-37	1.31e-28	1.32e-20	1.90e-13	3.27e-07	1.00e+00	0.00e+00	0.00e+00	0.00e+00	0.00e+00	0.00e+00
 2.15973e+12	0.00e+00	0.00e+00	1.81e-28	1.69e-20	2.25e-13	3.58e-07	1.00e+00	0.00e+00	0.00e+00	0.00e+00	0.00e+00	0.00e+00
 2.27123e+12	0.00e+00	3.56e-37	2.49e-28	2.17e-20	2.68e-13	3.91e-07	1.00e+00	0.00e+00	0.00e+00	0.00e+00	0.00e+00	0.00e+00
 2.39200e+12	0.00e+00	0.00e+00	3.48e-28	2.81e-20	3.21e-13	4.30e-07	1.00e+00	0.00e+00	0.00e+00	0.00e+00	0.00e+00	0.00e+00
 2.51761e+12	0.00e+00	8.05e-37	4.86e-28	3.64e-20	3.85e-13	4.72e-07	1.00e+00	0.00e+00	0.00e+00	0.00e+00	0.00e+00	0.00e+00
 2.64824e+12	0.00e+00	0.00e+00	6.78e-28	4.71e-20	4.62e-13	5.20e-07	1.00e+00	0.00e+00	0.00e+00	0.00e+00	0.00e+00	0.00e+00
 2.78410e+12	0.00e+00	1.81e-36	9.45e-28	6.10e-20	5.54e-13	5.72e-07	1.00e+00	0.00e+00	0.00e+00	0.00e+00	0.00e+00	0.00e+00
 2.90686e+12	8.47e-46	2.58e-36	1.26e-27	7.64e-20	6.50e-13	6.22e-07	1.00e+00	0.00e+00	0.00e+00	0.00e+00	0.00e+00	0.00e+00
 3.00898e+12	0.00e+00	0.00e+00	1.59e-27	9.15e-20	7.39e-13	6.65e-07	1.00e+00	0.00e+00	0.00e+00	0.00e+00	0.00e+00	0.00e+00
 3.12079e+12	0.00e+00	4.60e-36	2.03e-27	1.11e-19	8.48e-13	7.15e-07	1.00e+00	0.00e+00	0.00e+00	0.00e+00	0.00e+00	0.00e+00
 3.26262e+12	2.62e-45	6.63e-36	2.74e-27	1.40e-19	1.00e-12	7.82e-07	1.00e+00	0.00e+00	0.00e+00	0.00e+00	0.00e+00	0.00e+00
 3.41064e+12	0.00e+00	0.00e+00	3.71e-27	1.78e-19	1.19e-12	8.55e-07	1.00e+00	0.00e+00	0.00e+00	0.00e+00	0.00e+00	0.00e+00
 3.54151e+12	0.00e+00	1.30e-35	4.79e-27	2.18e-19	1.37e-12	9.24e-07	1.00e+00	0.00e+00	0.00e+00	0.00e+00	0.00e+00	0.00e+00
 3.66363e+12	8.15e-45	1.72e-35	6.04e-27	2.61e-19	1.57e-12	9.90e-07	1.00e+00	0.00e+00	0.00e+00	0.00e+00	0.00e+00	0.00e+00
 3.80305e+12	0.00e+00	0.00e+00	7.79e-27	3.19e-19	1.81e-12	1.07e-06	1.00e+00	0.00e+00	0.00e+00	0.00e+00	0.00e+00	0.00e+00
 3.97446e+12	0.00e+00	3.37e-35	1.05e-26	4.05e-19	2.15e-12	1.17e-06	1.00e+00	0.00e+00	0.00e+00	0.00e+00	0.00e+00	0.00e+00
 4.14524e+12	2.73e-44	4.77e-35	1.40e-26	5.09e-19	2.53e-12	1.28e-06	1.00e+00	0.00e+00	0.00e+00	0.00e+00	0.00e+00	0.00e+00
 4.29354e+12	0.00e+00	6.37e-35	1.79e-26	6.17e-19	2.91e-12	1.38e-06	1.00e+00	0.00e+00	0.00e+00	0.00e+00	0.00e+00	0.00e+00
 4.45482e+12	5.51e-44	8.62e-35	2.30e-26	7.53e-19	3.36e-12	1.49e-06	1.00e+00	0.00e+00	0.00e+00	0.00e+00	0.00e+00	0.00e+00
 4.65185e+12	0.00e+00	1.23e-34	3.09e-26	9.54e-19	3.98e-12	1.64e-06	1.00e+00	0.00e+00	0.00e+00	0.00e+00	0.00e+00	0.00e+00
 4.85316e+12	1.27e-43	1.74e-34	4.14e-26	1.20e-18	4.71e-12	1.79e-06	1.00e+00	0.00e+00	0.00e+00	0.00e+00	0.00e+00	0.00e+00
 5.03791e+12	0.00e+00	2.37e-34	5.34e-26	1.47e-18	5.46e-12	1.94e-06	1.00e+00	0.00e+00	0.00e+00	0.00e+00	0.00e+00	0.00e+00
 5.24336e+12	2.68e-43	3.28e-34	7.03e-26	1.83e-18	6.39e-12	2.11e-06	1.00e+00	0.00e+00	0.00e+00	0.00e+00	0.00e+00	0.00e+00
 5.48163e+12	0.00e+00	4.73e-34	9.53e-26	2.34e-18	7.62e-12	2.33e-06	1.00e+00	0.00e+00	0.00e+00	0.00e+00	0.00e+00	0.00e+00
 5.71666e+12	6.18e-43	6.67e-34	1.27e-25	2.94e-18	8.99e-12	2.54e-06	1.00e+00	0.00e+00	0.00e+00	0.00e+00	0.00e+00	0.00e+00
 5.94161e+12	0.00e+00	9.15e-34	1.66e-25	3.63e-18	1.05e-11	2.76e-06	1.00e+00	0.00e+00	0.00e+00	0.00e+00	0.00e+00	0.00e+00
 6.18972e+12	1.33e-42	1.28e-33	2.19e-25	4.54e-18	1.23e-11	3.02e-06	1.00e+00	0.00e+00	0.00e+00	0.00e+00	0.00e+00	0.00e+00
 6.46723e+12	0.00e+00	1.83e-33	2.96e-25	5.78e-18	1.46e-11	3.32e-06	1.00e+00	0.00e+00	0.00e+00	0.00e+00	0.00e+00	0.00e+00
 6.71945e+12	2.95e-42	2.51e-33	3.86e-25	7.13e-18	1.70e-11	3.60e-06	1.00e+00	0.00e+00	0.00e+00	0.00e+00	0.00e+00	0.00e+00
 6.93159e+12	0.00e+00	3.25e-33	4.78e-25	8.45e-18	1.92e-11	3.85e-06	1.00e+00	0.00e+00	0.00e+00	0.00e+00	0.00e+00	0.00e+00
 7.16483e+12	5.50e-42	4.27e-33	6.01e-25	1.01e-17	2.19e-11	4.13e-06	1.00e+00	0.00e+00	0.00e+00	0.00e+00	0.00e+00	0.00e+00
 7.42808e+12	0.00e+00	5.75e-33	7.71e-25	1.24e-17	2.52e-11	4.46e-06	1.00e+00	0.00e+00	0.00e+00	0.00e+00	0.00e+00	0.00e+00
 7.68008e+12	1.08e-41	7.57e-33	9.71e-25	1.49e-17	2.87e-11	4.79e-06	1.00e+00	0.00e+00	0.00e+00	0.00e+00	0.00e+00	0.00e+00
 7.95741e+12	0.00e+00	1.02e-32	1.24e-24	1.81e-17	3.30e-11	5.16e-06	1.00e+00	0.00e+00	0.00e+00	0.00e+00	0.00e+00	0.00e+00
 8.26547e+12	2.22e-41	1.39e-32	1.62e-24	2.23e-17	3.83e-11	5.60e-06	1.00e+00	0.00e+00	0.00e+00	0.00e+00	0.00e+00	0.00e+00
 8.55416e+12	0.00e+00	1.86e-32	2.05e-24	2.70e-17	4.38e-11	6.02e-06	1.00e+00	0.00e+00	0.00e+00	0.00e+00	0.00e+00	0.00e+00
 8.87012e+12	4.44e-41	2.52e-32	2.65e-24	3.30e-17	5.04e-11	6.50e-06	1.00e+00	0.00e+00	0.00e+00	0.00e+00	0.00e+00	0.00e+00
 9.22543e+12	0.00e+00	3.49e-32	3.48e-24	4.10e-17	5.88e-11	7.07e-06	1.00e+00	0.00e+00	0.00e+00	0.00e+00	0.00e+00	0.00e+00
 9.56481e+12	9.33e-41	4.73e-32	4.49e-24	5.01e-17	6.78e-11	7.63e-06	1.00e+00	0.00e+00	0.00e+00	0.00e+00	0.00e+00	0.00e+00
 9.93697e+12	0.00e+00	6.54e-32	5.87e-24	6.20e-17	7.86e-11	8.28e-06	1.00e+00	0.00e+00	0.00e+00	0.00e+00	0.00e+00	0.00e+00
 1.03315e+13	2.01e-40	9.08e-32	7.72e-24	7.70e-17	9.16e-11	8.99e-06	1.00e+00	0.00e+00	0.00e+00	0.00e+00	0.00e+00	0.00e+00
 1.06766e+13	0.00e+00	1.20e-31	9.74e-24	9.25e-17	1.04e-10	9.64e-06	1.00e+00	0.00e+00	0.00e+00	0.00e+00	0.00e+00	0.00e+00
 1.10451e+13	3.91e-40	1.60e-31	1.24e-23	1.12e-16	1.19e-10	1.03e-05	1.00e+00	0.00e+00	0.00e+00	0.00e+00	0.00e+00	0.00e+00
 1.14933e+13	0.00e+00	2.25e-31	1.64e-23	1.40e-16	1.39e-10	1.13e-05	1.00e+00	0.00e+00	0.00e+00	0.00e+00	0.00e+00	0.00e+00
 1.19398e+13	8.56e-40	3.12e-31	2.16e-23	1.73e-16	1.61e-10	1.22e-05	1.00e+00	0.00e+00	0.00e+00	0.00e+00	0.00e+00	0.00e+00
 1.23337e+13	0.00e+00	4.12e-31	2.72e-23	2.08e-16	1.83e-10	1.31e-05	1.00e+00	0.00e+00	0.00e+00	0.00e+00	0.00e+00	0.00e+00
 1.27647e+13	1.69e-39	5.55e-31	3.48e-23	2.52e-16	2.09e-10	1.40e-05	1.00e+00	0.00e+00	0.00e+00	0.00e+00	0.00e+00	0.00e+00
 1.32835e+13	0.00e+00	7.82e-31	4.63e-23	3.16e-16	2.44e-10	1.53e-05	1.00e+00	0.00e+00	0.00e+00	0.00e+00	0.00e+00	0.00e+00
 1.38026e+13	3.73e-39	1.09e-30	6.10e-23	3.92e-16	2.84e-10	1.65e-05	1.00e+00	0.00e+00	0.00e+00	0.00e+00	0.00e+00	0.00e+00
 1.42746e+13	0.00e+00	1.46e-30	7.78e-23	4.74e-16	3.24e-10	1.77e-05	1.00e+00	0.00e+00	0.00e+00	0.00e+00	0.00e+00	0.00e+00
 1.47991e+13	7.67e-39	2.01e-30	1.01e-22	5.82e-16	3.73e-10	1.91e-05	1.00e+00	0.00e+00	0.00e+00	0.00e+00	0.00e+00	0.00e+00
 1.54124e+13	0.00e+00	2.86e-30	1.36e-22	7.33e-16	4.37e-10	2.08e-05	1.00e+00	0.00e+00	0.00e+00	0.00e+00	0.00e+00	0.00e+00
 1.60179e+13	1.73e-38	4.02e-30	1.80e-22	9.12e-16	5.08e-10	2.26e-05	1.00e+00	0.00e+00	0.00e+00	0.00e+00	0.00e+00	0.00e+00
 1.65898e+13	0.00e+00	5.48e-30	2.32e-22	1.11e-15	5.83e-10	2.43e-05	1.00e+00	0.00e+00	0.00e+00	0.00e+00	0.00e+00	0.00e+00
 1.72256e+13	3.71e-38	7.65e-30	3.06e-22	1.38e-15	6.75e-10	2.63e-05	1.00e+00	0.00e+00	0.00e+00	0.00e+00	0.00e+00	0.00e+00
 1.79446e+13	0.00e+00	1.10e-29	4.12e-22	1.74e-15	7.92e-10	2.86e-05	1.00e+00	0.00e+00	0.00e+00	0.00e+00	0.00e+00	0.00e+00
 1.86667e+13	8.65e-38	1.57e-29	5.52e-22	2.19e-15	9.24e-10	3.10e-05	1.00e+00	0.00e+00	0.00e+00	0.00e+00	0.00e+00	0.00e+00
 1.94177e+13	0.00e+00	2.24e-29	7.39e-22	2.74e-15	1.08e-09	3.37e-05	1.00e+00	0.00e+00	0.00e+00	0.00e+00	0.00e+00	0.00e+00
 2.02243e+13	2.03e-37	3.23e-29	9.99e-22	3.46e-15	1.26e-09	3.66e-05	1.00e+00	0.00e+00	0.00e+00	0.00e+00	0.00e+00	0.00e+00
 2.10632e+13	0.00e+00	4.67e-29	1.35e-21	4.38e-15	1.48e-09	3.98e-05	1.00e+00	0.00e+00	0.00e+00	0.00e+00	0.00e+00	0.00e+00
 2.18889e+13	4.75e-37	6.62e-29	1.80e-21	5.46e-15	1.72e-09	4.31e-05	1.00e+00	0.00e+00	0.00e+00	0.00e+00	0.00e+00	0.00e+00
 2.26569e+13	0.00e+00	9.06e-29	2.33e-21	6.67e-15	1.97e-09	4.63e-05	1.00e+00	0.00e+00	0.00e+00	0.00e+00	0.00e+00	0.00e+00
 2.33499e+13	9.55e-37	1.19e-28	2.92e-21	7.94e-15	2.22e-09	4.92e-05	1.00e+00	0.00e+00	0.00e+00	0.00e+00	0.00e+00	0.00e+00
 2.40929e+13	0.00e+00	1.60e-28	3.70e-21	9.51e-15	2.51e-09	5.25e-05	1.00e+00	0.00e+00	0.00e+00	0.00e+00	0.00e+00	0.00e+00
 2.50181e+13	2.03e-36	2.26e-28	4.91e-21	1.18e-14	2.91e-09	5.67e-05	1.00e+00	0.00e+00	0.00e+00	0.00e+00	0.00e+00	0.00e+00
 2.59458e+13	0.00e+00	3.16e-28	6.47e-21	1.46e-14	3.35e-09	6.10e-05	1.00e+00	0.00e+00	0.00e+00	0.00e+00	0.00e+00	0.00e+00
 2.67433e+13	4.23e-36	4.19e-28	8.14e-21	1.74e-14	3.78e-09	6.49e-05	1.00e+00	0.00e+00	0.00e+00	0.00e+00	0.00e+00	0.00e+00
 2.76057e+13	0.00e+00	5.65e-28	1.04e-20	2.10e-14	4.28e-09	6.92e-05	1.00e+00	0.00e+00	0.00e+00	0.00e+00	0.00e+00	0.00e+00
 2.86700e+13	9.18e-36	8.04e-28	1.38e-20	2.61e-14	4.96e-09	7.47e-05	1.00e+00	0.00e+00	0.00e+00	0.00e+00	0.00e+00	0.00e+00
 2.97343e+13	0.00e+00	1.13e-27	1.82e-20	3.23e-14	5.72e-09	8.05e-05	1.00e+00	0.00e+00	0.00e+00	0.00e+00	0.00e+00	0.00e+00
 3.06535e+13	1.95e-35	1.51e-27	2.30e-20	3.86e-14	6.45e-09	8.55e-05	1.00e+00	0.00e+00	0.00e+00	0.00e+00	0.00e+00	0.00e+00
 3.16466e+13	0.00e+00	2.05e-27	2.94e-20	4.65e-14	7.31e-09	9.12e-05	1.00e+00	0.00e+00	0.00e+00	0.00e+00	0.00e+00	0.00e+00
 3.28671e+13	4.27e-35	2.92e-27	3.93e-20	5.80e-14	8.48e-09	9.84e-05	1.00e+00	0.00e+00	0.00e+00	0.00e+00	0.00e+00	0.00e+00
 3.40985e+13	6.48e-35	4.15e-27	5.22e-20	7.19e-14	9.80e-09	1.06e-04	1.00e+00	0.00e+00	0.00e+00	0.00e+00	0.00e+00	0.00e+00
 3.51897e+13	9.31e-35	5.62e-27	6.66e-20	8.65e-14	1.11e-08	1.13e-04	1.00e+00	0.00e+00	0.00e+00	0.00e+00	0.00e+00	0.00e+00
 3.63834e+13	1.36e-34	7.73e-27	8.62e-20	1.05e-13	1.26e-08	1.21e-04	1.00e+00	0.00e+00	0.00e+00	0.00e+00	0.00e+00	0.00e+00
 3.78142e+13	2.12e-34	1.12e-26	1.16e-19	1.32e-13	1.47e-08	1.30e-04	1.00e+00	0.00e+00	0.00e+00	0.00e+00	0.00e+00	0.00e+00
 3.92396e+13	3.24e-34	1.60e-26	1.55e-19	1.64e-13	1.70e-08	1.40e-04	1.00e+00	0.00e+00	0.00e+00	0.00e+00	0.00e+00	0.00e+00
 4.05383e+13	4.72e-34	2.19e-26	2.00e-19	1.98e-13	1.93e-08	1.50e-04	1.00e+00	0.00e+00	0.00e+00	0.00e+00	0.00e+00	0.00e+00
 4.19862e+13	7.09e-34	3.07e-26	2.62e-19	2.44e-13	2.22e-08	1.61e-04	1.00e+00	0.00e+00	0.00e+00	0.00e+00	0.00e+00	0.00e+00
 4.36756e+13	1.12e-33	4.50e-26	3.56e-19	3.08e-13	2.59e-08	1.74e-04	1.00e+00	0.00e+00	0.00e+00	0.00e+00	0.00e+00	0.00e+00
 4.53403e+13	1.73e-33	6.47e-26	4.77e-19	3.83e-13	3.00e-08	1.87e-04	1.00e+00	0.00e+00	0.00e+00	0.00e+00	0.00e+00	0.00e+00
 4.69164e+13	2.57e-33	9.02e-26	6.24e-19	4.69e-13	3.44e-08	2.00e-04	1.00e+00	0.00e+00	0.00e+00	0.00e+00	0.00e+00	0.00e+00
 4.86677e+13	3.94e-33	1.29e-25	8.31e-19	5.82e-13	3.97e-08	2.15e-04	1.00e+00	0.00e+00	0.00e+00	0.00e+00	0.00e+00	0.00e+00
 5.06443e+13	6.25e-33	1.90e-25	1.13e-18	7.36e-13	4.64e-08	2.33e-04	1.00e+00	0.00e+00	0.00e+00	0.00e+00	0.00e+00	0.00e+00
 5.26306e+13	9.80e-33	2.76e-25	1.53e-18	9.23e-13	5.41e-08	2.52e-04	1.00e+00	0.00e+00	0.00e+00	0.00e+00	0.00e+00	0.00e+00
 5.46963e+13	1.54e-32	4.02e-25	2.07e-18	1.16e-12	6.29e-08	2.72e-04	1.00e+00	0.00e+00	0.00e+00	0.00e+00	0.00e+00	0.00e+00
 5.69140e+13	2.44e-32	5.92e-25	2.83e-18	1.47e-12	7.36e-08	2.94e-04	1.00e+00	0.00e+00	0.00e+00	0.00e+00	0.00e+00	0.00e+00
 5.90625e+13	3.76e-32	8.50e-25	3.78e-18	1.82e-12	8.52e-08	3.17e-04	1.00e+00	0.00e+00	0.00e+00	0.00e+00	0.00e+00	0.00e+00
 6.10844e+13	5.58e-32	1.18e-24	4.93e-18	2.23e-12	9.73e-08	3.39e-04	1.00e+00	0.00e+00	0.00e+00	0.00e+00	0.00e+00	0.00e+00
 6.33453e+13	8.52e-32	1.68e-24	6.55e-18	2.76e-12	1.12e-07	3.64e-04	1.00e+00	0.00e+00	0.00e+00	0.00e+00	0.00e+00	0.00e+00
 6.56235e+13	1.28e-31	2.37e-24	8.63e-18	3.40e-12	1.29e-07	3.91e-04	1.00e+00	0.00e+00	0.00e+00	0.00e+00	0.00e+00	0.00e+00
 6.75169e+13	1.79e-31	3.13e-24	1.08e-17	4.03e-12	1.45e-07	4.14e-04	1.00e+00	0.00e+00	0.00e+00	0.00e+00	0.00e+00	0.00e+00
 6.95222e+13	2.51e-31	4.16e-24	1.36e-17	4.79e-12	1.62e-07	4.39e-04	1.00e+00	0.00e+00	0.00e+00	0.00e+00	0.00e+00	0.00e+00
 7.20837e+13	3.82e-31	5.91e-24	1.80e-17	5.93e-12	1.87e-07	4.72e-04	1.00e+00	0.00e+00	0.00e+00	0.00e+00	0.00e+00	0.00e+00
 7.47697e+13	5.90e-31	8.51e-24	2.42e-17	7.36e-12	2.17e-07	5.08e-04	9.99e-01	0.00e+00	0.00e+00	0.00e+00	0.00e+00	0.00e+00
 7.71473e+13	8.40e-31	1.14e-23	3.07e-17	8.86e-12	2.45e-07	5.41e-04	9.99e-01	0.00e+00	0.00e+00	0.00e+00	0.00e+00	0.00e+00
 7.97225e+13	1.23e-30	1.57e-23	3.96e-17	1.08e-11	2.79e-07	5.78e-04	9.99e-01	0.00e+00	0.00e+00	0.00e+00	0.00e+00	0.00e+00
 8.28165e+13	1.90e-30	2.27e-23	5.33e-17	1.35e-11	3.25e-07	6.25e-04	9.99e-01	0.00e+00	0.00e+00	0.00e+00	0.00e+00	0.00e+00
 8.59506e+13	2.92e-30	3.25e-23	7.13e-17	1.68e-11	3.76e-07	6.73e-04	9.99e-01	0.00e+00	0.00e+00	0.00e+00	0.00e+00	0.00e+00
 8.88889e+13	4.29e-30	4.49e-23	9.27e-17	2.05e-11	4.30e-07	7.21e-04	9.99e-01	0.00e+00	0.00e+00	0.00e+00	0.00e+00	0.00e+00
 9.21533e+13	6.49e-30	6.35e-23	1.23e-16	2.54e-11	4.96e-07	7.76e-04	9.99e-01	0.00e+00	0.00e+00	0.00e+00	0.00e+00	0.00e+00
 9.56097e+13	9.89e-30	9.05e-23	1.63e-16	3.16e-11	5.75e-07	8.36e-04	9.99e-01	0.00e+00	0.00e+00	0.00e+00	0.00e+00	0.00e+00
 9.86829e+13	1.42e-29	1.23e-22	2.09e-16	3.81e-11	6.51e-07	8.92e-04	9.99e-01	0.00e+00	0.00e+00	0.00e+00	0.00e+00	0.00e+00
 1.01991e+14	2.07e-29	1.68e-22	2.70e-16	4.63e-11	7.43e-07	9.54e-04	9.99e-01	0.00e+00	0.00e+00	0.00e+00	0.00e+00	0.00e+00
 1.05953e+14	3.20e-29	2.43e-22	3.64e-16	5.80e-11	8.64e-07	1.03e-03	9.99e-01	0.00e+00	0.00e+00	0.00e+00	0.00e+00	0.00e+00
 1.09852e+14	4.82e-29	3.43e-22	4.82e-16	7.19e-11	9.98e-07	1.11e-03	9.99e-01	0.00e+00	0.00e+00	0.00e+00	0.00e+00	0.00e+00
 1.13327e+14	6.89e-29	4.63e-22	6.14e-16	8.65e-11	1.13e-06	1.18e-03	9.99e-01	0.00e+00	0.00e+00	0.00e+00	0.00e+00	0.00e+00
 1.17165e+14	1.00e-28	6.36e-22	7.96e-16	1.05e-10	1.29e-06	1.27e-03	9.99e-01	0.00e+00	0.00e+00	0.00e+00	0.00e+00	0.00e+00
 1.21735e+14	1.55e-28	9.17e-22	1.07e-15	1.32e-10	1.50e-06	1.37e-03	9.99e-01	0.00e+00	0.00e+00	0.00e+00	0.00e+00	0.00e+00
 1.26270e+14	2.35e-28	1.30e-21	1.42e-15	1.64e-10	1.74e-06	1.48e-03	9.99e-01	0.00e+00	0.00e+00	0.00e+00	0.00e+00	0.00e+00
 1.30420e+14	3.40e-28	1.78e-21	1.83e-15	1.99e-10	1.97e-06	1.58e-03	9.98e-01	0.00e+00	0.00e+00	0.00e+00	0.00e+00	0.00e+00
 1.35057e+14	5.06e-28	2.48e-21	2.40e-15	2.45e-10	2.27e-06	1.70e-03	9.98e-01	0.00e+00	0.00e+00	0.00e+00	0.00e+00	0.00e+00
 1.40447e+14	7.89e-28	3.61e-21	3.26e-15	3.09e-10	2.65e-06	1.84e-03	9.98e-01	0.00e+00	0.00e+00	0.00e+00	0.00e+00	0.00e+00
 1.45738e+14	1.20e-27	5.15e-21	4.35e-15	3.85e-10	3.07e-06	1.98e-03	9.98e-01	0.00e+00	0.00e+00	0.00e+00	0.00e+00	0.00e+00
 1.50749e+14	1.77e-27	7.12e-21	5.66e-15	4.70e-10	3.51e-06	2.13e-03	9.98e-01	0.00e+00	0.00e+00	0.00e+00	0.00e+00	0.00e+00
 1.56317e+14	2.67e-27	1.01e-20	7.51e-15	5.83e-10	4.06e-06	2.29e-03	9.98e-01	0.00e+00	0.00e+00	0.00e+00	0.00e+00	0.00e+00
 1.62600e+14	4.18e-27	1.47e-20	1.02e-14	7.36e-10	4.75e-06	2.48e-03	9.98e-01	0.00e+00	0.00e+00	0.00e+00	0.00e+00	0.00e+00
 1.68565e+14	6.34e-27	2.08e-20	1.35e-14	9.12e-10	5.48e-06	2.67e-03	9.97e-01	0.00e+00	0.00e+00	0.00e+00	0.00e+00	0.00e+00
 1.74004e+14	9.11e-27	2.83e-20	1.73e-14	1.10e-09	6.21e-06	2.85e-03	9.97e-01	0.00e+00	0.00e+00	0.00e+00	0.00e+00	0.00e+00
 1.80161e+14	1.36e-26	3.95e-20	2.27e-14	1.35e-09	7.13e-06	3.06e-03	9.97e-01	0.00e+00	0.00e+00	0.00e+00	0.00e+00	0.00e+00
 1.87329e+14	2.12e-26	5.76e-20	3.09e-14	1.71e-09	8.33e-06	3.31e-03	9.97e-01	0.00e+00	0.00e+00	0.00e+00	0.00e+00	0.00e+00
 1.94202e+14	3.22e-26	8.17e-20	4.09e-14	2.11e-09	9.61e-06	3.56e-03	9.96e-01	0.00e+00	0.00e+00	0.00e+00	0.00e+00	0.00e+00
 1.99894e+14	4.48e-26	1.08e-19	5.13e-14	2.51e-09	1.08e-05	3.78e-03	9.96e-01	0.00e+00	0.00e+00	0.00e+00	0.00e+00	0.00e+00
 2.05662e+14	6.22e-26	1.42e-19	6.41e-14	2.97e-09	1.21e-05	4.00e-03	9.96e-01	0.00e+00	0.00e+00	0.00e+00	0.00e+00	0.00e+00
 2.13115e+14	9.37e-26	2.01e-19	8.48e-14	3.67e-09	1.39e-05	4.30e-03	9.96e-01	0.00e+00	0.00e+00	0.00e+00	0.00e+00	0.00e+00
 2.20823e+14	1.41e-25	2.84e-19	1.12e-13	4.54e-09	1.60e-05	4.63e-03	9.95e-01	0.00e+00	0.00e+00	0.00e+00	0.00e+00	0.00e+00
 2.27353e+14	1.98e-25	3.76e-19	1.41e-13	5.40e-09	1.80e-05	4.91e-03	9.95e-01	0.00e+00	0.00e+00	0.00e+00	0.00e+00	0.00e+00
 2.34289e+14	2.81e-25	5.04e-19	1.78e-13	6.45e-09	2.03e-05	5.21e-03	9.95e-01	0.00e+00	0.00e+00	0.00e+00	0.00e+00	0.00e+00
 2.42988e+14	4.28e-25	7.18e-19	2.38e-13	8.01e-09	2.34e-05	5.61e-03	9.94e-01	0.00e+00	0.00e+00	0.00e+00	0.00e+00	0.00e+00
 2.51953e+14	6.52e-25	1.02e-18	3.16e-13	9.94e-09	2.71e-05	6.04e-03	9.94e-01	0.00e+00	0.00e+00	0.00e+00	0.00e+00	0.00e+00
 2.59843e+14	9.33e-25	1.38e-18	4.03e-13	1.19e-08	3.06e-05	6.43e-03	9.94e-01	0.00e+00	0.00e+00	0.00e+00	0.00e+00	0.00e+00
 2.68361e+14	1.36e-24	1.89e-18	5.19e-13	1.45e-08	3.48e-05	6.86e-03	9.93e-01	0.00e+00	0.00e+00	0.00e+00	0.00e+00	0.00e+00
 2.78654e+14	2.09e-24	2.72e-18	6.97e-13	1.81e-08	4.04e-05	7.41e-03	9.93e-01	0.00e+00	0.00e+00	0.00e+00	0.00e+00	0.00e+00
 2.88866e+14	3.19e-24	3.87e-18	9.25e-13	2.24e-08	4.66e-05	7.96e-03	9.92e-01	0.00e+00	0.00e+00	0.00e+00	0.00e+00	0.00e+00
 2.97928e+14	4.55e-24	5.22e-18	1.18e-12	2.69e-08	5.26e-05	8.47e-03	9.91e-01	0.00e+00	0.00e+00	0.00e+00	0.00e+00	0.00e+00
 3.07882e+14	6.66e-24	7.18e-18	1.52e-12	3.27e-08	5.99e-05	9.06e-03	9.91e-01	0.00e+00	0.00e+00	0.00e+00	0.00e+00	0.00e+00
 3.19793e+14	1.03e-23	1.04e-17	2.05e-12	4.10e-08	6.97e-05	9.78e-03	9.90e-01	0.00e+00	0.00e+00	0.00e+00	0.00e+00	0.00e+00
 3.31628e+14	1.57e-23	1.48e-17	2.73e-12	5.09e-08	8.05e-05	1.05e-02	9.89e-01	0.00e+00	0.00e+00	0.00e+00	0.00e+00	0.00e+00
 3.42371e+14	2.26e-23	2.01e-17	3.50e-12	6.15e-08	9.14e-05	1.12e-02	9.89e-01	0.00e+00	0.00e+00	0.00e+00	0.00e+00	0.00e+00
 3.54317e+14	3.34e-23	2.79e-17	4.57e-12	7.54e-08	1.05e-04	1.20e-02	9.88e-01	0.00e+00	0.00e+00	0.00e+00	0.00e+00	0.00e+00
 3.68305e+14	5.20e-23	4.05e-17	6.19e-12	9.48e-08	1.22e-04	1.30e-02	9.87e-01	0.00e+00	0.00e+00	0.00e+00	0.00e+00	0.00e+00
 3.82084e+14	7.90e-23	5.76e-17	8.24e-12	1.18e-07	1.41e-04	1.41e-02	9.86e-01	0.00e+00	0.00e+00	0.00e+00	0.00e+00	0.00e+00
 3.94991e+14	1.15e-22	7.92e-17	1.07e-11	1.44e-07	1.61e-04	1.50e-02	9.85e-01	0.00e+00	0.00e+00	0.00e+00	0.00e+00	0.00e+00
 4.09399e+14	1.72e-22	1.11e-16	1.41e-11	1.78e-07	1.86e-04	1.62e-02	9.84e-01	0.00e+00	0.00e+00	0.00e+00	0.00e+00	0.00e+00
 4.25805e+14	2.67e-22	1.61e-16	1.91e-11	2.24e-07	2.17e-04	1.76e-02	9.82e-01	0.00e+00	0.00e+00	0.00e+00	0.00e+00	0.00e+00
 4.42133e+14	4.07e-22	2.31e-16	2.55e-11	2.80e-07	2.51e-04	1.90e-02	9.81e-01	0.00e+00	0.00e+00	0.00e+00	0.00e+00	0.00e+00
 4.59115e+14	6.17e-22	3.29e-16	3.41e-11	3.50e-07	2.92e-04	2.05e-02	9.79e-01	0.00e+00	0.00e+00	0.00e+00	0.00e+00	0.00e+00
 4.77001e+14	9.36e-22	4.69e-16	4.57e-11	4.38e-07	3.39e-04	2.22e-02	9.77e-01	0.00e+00	0.00e+00	0.00e+00	0.00e+00	0.00e+00
 4.92074e+14	1.32e-21	6.29e-16	5.81e-11	5.27e-07	3.84e-04	2.37e-02	9.76e-01	0.00e+00	0.00e+00	0.00e+00	0.00e+00	0.00e+00
 5.03844e+14	1.70e-21	7.81e-16	6.95e-11	6.05e-07	4.21e-04	2.49e-02	9.75e-01	0.00e+00	0.00e+00	0.00e+00	0.00e+00	0.00e+00
 5.16645e+14	2.23e-21	9.84e-16	8.42e-11	7.02e-07	4.65e-04	2.62e-02	9.73e-01	0.00e+00	0.00e+00	0.00e+00	0.00e+00	0.00e+00
 5.33287e+14	3.13e-21	1.32e-15	1.07e-10	8.46e-07	5.26e-04	2.80e-02	9.71e-01	0.00e+00	0.00e+00	0.00e+00	0.00e+00	0.00e+00
 5.51311e+14	4.46e-21	1.78e-15	1.38e-10	1.03e-06	6.00e-04	3.00e-02	9.69e-01	0.00e+00	0.00e+00	0.00e+00	0.00e+00	0.00e+00
 5.67556e+14	6.05e-21	2.32e-15	1.72e-10	1.22e-06	6.72e-04	3.19e-02	9.67e-01	0.00e+00	0.00e+00	0.00e+00	0.00e+00	0.00e+00
 5.85096e+14	8.32e-21	3.06e-15	2.16e-10	1.46e-06	7.57e-04	3.41e-02	9.65e-01	0.00e+00	0.00e+00	0.00e+00	0.00e+00	0.00e+00
 6.06925e+14	1.22e-20	4.26e-15	2.85e-10	1.81e-06	8.74e-04	3.68e-02	9.62e-01	0.00e+00	0.00e+00	0.00e+00	0.00e+00	0.00e+00
 6.28904e+14	1.76e-20	5.87e-15	3.73e-10	2.23e-06	1.00e-03	3.97e-02	9.59e-01	0.00e+00	0.00e+00	0.00e+00	0.00e+00	0.00e+00
 6.47949e+14	2.40e-20	7.67e-15	4.66e-10	2.66e-06	1.13e-03	4.23e-02	9.57e-01	0.00e+00	0.00e+00	0.00e+00	0.00e+00	0.00e+00
 6.68608e+14	3.28e-20	1.01e-14	5.89e-10	3.19e-06	1.27e-03	4.52e-02	9.53e-01	0.00e+00	0.00e+00	0.00e+00	0.00e+00	0.00e+00
 6.93905e+14	4.80e-20	1.41e-14	7.79e-10	3.97e-06	1.47e-03	4.90e-02	9.50e-01	0.00e+00	0.00e+00	0.00e+00	0.00e+00	0.00e+00
 7.19470e+14	6.92e-20	1.95e-14	1.02e-09	4.91e-06	1.69e-03	5.29e-02	9.45e-01	0.00e+00	0.00e+00	0.00e+00	0.00e+00	0.00e+00
 7.42243e+14	9.43e-20	2.56e-14	1.29e-09	5.89e-06	1.91e-03	5.65e-02	9.42e-01	0.00e+00	0.00e+00	0.00e+00	0.00e+00	0.00e+00
 7.67150e+14	1.31e-19	3.43e-14	1.65e-09	7.14e-06	2.17e-03	6.06e-02	9.37e-01	0.00e+00	0.00e+00	0.00e+00	0.00e+00	0.00e+00
 7.96867e+14	1.92e-19	4.80e-14	2.19e-09	8.92e-06	2.51e-03	6.57e-02	9.32e-01	0.00e+00	0.00e+00	0.00e+00	0.00e+00	0.00e+00
 8.26242e+14	2.75e-19	6.60e-14	2.88e-09	1.10e-05	2.88e-03	7.10e-02	9.26e-01	0.00e+00	0.00e+00	0.00e+00	0.00e+00	0.00e+00
 8.52820e+14	3.76e-19	8.73e-14	3.64e-09	1.32e-05	3.25e-03	7.59e-02	9.21e-01	0.00e+00	0.00e+00	0.00e+00	0.00e+00	0.00e+00
 8.82356e+14	5.27e-19	1.18e-13	4.70e-09	1.61e-05	3.70e-03	8.15e-02	9.15e-01	0.00e+00	0.00e+00	0.00e+00	0.00e+00	0.00e+00
 9.17046e+14	7.72e-19	1.66e-13	6.27e-09	2.02e-05	4.28e-03	8.83e-02	9.07e-01	0.00e+00	0.00e+00	0.00e+00	0.00e+00	0.00e+00
 9.51230e+14	1.11e-18	2.29e-13	8.25e-09	2.50e-05	4.92e-03	9.53e-02	9.00e-01	0.00e+00	0.00e+00	0.00e+00	0.00e+00	0.00e+00
 9.83063e+14	1.54e-18	3.07e-13	1.06e-08	3.02e-05	5.56e-03	1.02e-01	8.92e-01	0.00e+00	0.00e+00	0.00e+00	0.00e+00	0.00e+00
 1.01870e+15	2.19e-18	4.22e-13	1.38e-08	3.71e-05	6.35e-03	1.10e-01	8.84e-01	0.00e+00	0.00e+00	0.00e+00	0.00e+00	0.00e+00
 1.05948e+15	3.24e-18	5.99e-13	1.85e-08	4.66e-05	7.35e-03	1.19e-01	8.74e-01	0.00e+00	0.00e+00	0.00e+00	0.00e+00	0.00e+00
 1.09973e+15	4.71e-18	8.37e-13	2.45e-08	5.77e-05	8.44e-03	1.28e-01	8.64e-01	0.00e+00	0.00e+00	0.00e+00	0.00e+00	0.00e+00
 1.14160e+15	6.86e-18	1.17e-12	3.25e-08	7.15e-05	9.68e-03	1.38e-01	8.53e-01	0.00e+00	0.00e+00	0.00e+00	0.00e+00	0.00e+00
 1.17964e+15	9.55e-18	1.57e-12	4.16e-08	8.63e-05	1.09e-02	1.47e-01	8.42e-01	0.00e+00	0.00e+00	0.00e+00	0.00e+00	0.00e+00
 1.20807e+15	1.21e-17	1.95e-12	4.98e-08	9.89e-05	1.19e-02	1.54e-01	8.34e-01	0.00e+00	0.00e+00	0.00e+00	0.00e+00	0.00e+00
 1.23747e+15	1.55e-17	2.43e-12	5.97e-08	1.13e-04	1.30e-02	1.61e-01	8.26e-01	0.00e+00	0.00e+00	0.00e+00	0.00e+00	0.00e+00
 1.27569e+15	2.11e-17	3.20e-12	7.51e-08	1.35e-04	1.45e-02	1.70e-01	8.15e-01	0.00e+00	0.00e+00	0.00e+00	0.00e+00	0.00e+00
 1.31723e+15	2.99e-17	4.29e-12	9.56e-08	1.62e-04	1.62e-02	1.81e-01	8.03e-01	0.00e+00	0.00e+00	1.72e-17	9.00e-18	3.05e-18
 1.35488e+15	4.00e-17	5.55e-12	1.18e-07	1.89e-04	1.79e-02	1.90e-01	7.92e-01	0.00e+00	0.00e+00	2.29e-17	1.21e-17	4.07e-18
 1.39557e+15	5.43e-17	7.28e-12	1.48e-07	2.24e-04	1.99e-02	2.00e-01	7.80e-01	0.00e+00	0.00e+00	3.12e-17	1.64e-17	5.51e-18
 1.44696e+15	7.92e-17	1.02e-11	1.94e-07	2.74e-04	2.26e-02	2.13e-01	7.64e-01	0.00e+00	0.00e+00	4.56e-17	2.39e-17	8.00e-18
 1.49872e+15	1.14e-16	1.40e-11	2.53e-07	3.33e-04	2.55e-02	2.27e-01	7.48e-01	0.00e+00	0.00e+00	6.58e-17	3.44e-17	1.15e-17
 1.54245e+15	1.54e-16	1.83e-11	3.13e-07	3.90e-04	2.82e-02	2.38e-01	7.34e-01	0.00e+00	0.00e+00	8.90e-17	4.65e-17	1.55e-17
 1.58928e+15	2.11e-16	2.40e-11	3.92e-07	4.60e-04	3.12e-02	2.50e-01	7.19e-01	0.00e+00	0.00e+00	1.22e-16	6.37e-17	2.12e-17
 1.64808e+15	3.11e-16	3.37e-11	5.15e-07	5.62e-04	3.53e-02	2.64e-01	7.00e-01	0.00e+00	0.00e+00	1.80e-16	9.38e-17	3.11e-17
 1.70959e+15	4.60e-16	4.72e-11	6.77e-07	6.86e-04	3.98e-02	2.80e-01	6.80e-01	0.00e+00	0.00e+00	2.66e-16	1.38e-16	4.58e-17
 1.76516e+15	6.45e-16	6.33e-11	8.57e-07	8.14e-04	4.42e-02	2.93e-01	6.62e-01	0.00e+00	0.00e+00	3.73e-16	1.94e-16	6.42e-17
 1.82586e+15	9.27e-16	8.64e-11	1.10e-06	9.75e-04	4.93e-02	3.07e-01	6.42e-01	0.00e+00	0.00e+00	5.36e-16	2.79e-16	9.20e-17
 1.89738e+15	1.41e-15	1.23e-10	1.46e-06	1.20e-03	5.58e-02	3.24e-01	6.19e-01	0.00e+00	0.00e+00	8.13e-16	4.24e-16	1.39e-16
 1.96733e+15	2.08e-15	1.72e-10	1.91e-06	1.45e-03	6.25e-02	3.39e-01	5.97e-01	0.00e+00	0.00e+00	1.20e-15	6.26e-16	2.05e-16
 2.03129e+15	2.93e-15	2.30e-10	2.40e-06	1.71e-03	6.89e-02	3.53e-01	5.76e-01	0.00e+00	0.00e+00	1.70e-15	8.84e-16	2.90e-16
 2.10313e+15	4.28e-15	3.16e-10	3.09e-06	2.04e-03	7.66e-02	3.68e-01	5.54e-01	0.00e+00	0.00e+00	2.48e-15	1.29e-15	4.22e-16
 2.18662e+15	6.53e-15	4.50e-10	4.09e-06	2.49e-03	8.60e-02	3.84e-01	5.28e-01	0.00e+00	0.00e+00	3.78e-15	1.97e-15	6.43e-16
 2.26871e+15	9.76e-15	6.29e-10	5.32e-06	2.99e-03	9.57e-02	3.98e-01	5.03e-01	0.00e+00	0.00e+00	5.65e-15	2.94e-15	9.60e-16
 2.34648e+15	1.41e-14	8.52e-10	6.76e-06	3.54e-03	1.05e-01	4.11e-01	4.80e-01	0.00e+00	0.00e+00	8.16e-15	4.25e-15	1.39e-15
 2.41444e+15	1.92e-14	1.10e-09	8.27e-06	4.07e-03	1.14e-01	4.22e-01	4.60e-01	0.00e+00	0.00e+00	1.11e-14	5.80e-15	1.89e-15
 2.47086e+15	2.47e-14	1.35e-09	9.72e-06	4.55e-03	1.21e-01	4.30e-01	4.44e-01	0.00e+00	0.00e+00	1.43e-14	7.46e-15	2.43e-15
 2.53304e+15	3.24e-14	1.69e-09	1.16e-05	5.13e-03	1.30e-01	4.38e-01	4.27e-01	0.00e+00	0.00e+00	1.88e-14	9.79e-15	3.18e-15
 2.61388e+15	4.57e-14	2.23e-09	1.44e-05	5.96e-03	1.41e-01	4.47e-01	4.06e-01	0.00e+00	0.00e+00	2.65e-14	1.38e-14	4.49e-15
 2.69891e+15	6.46e-14	2.96e-09	1.79e-05	6.92e-03	1.53e-01	4.56e-01	3.84e-01	0.00e+00	0.00e+00	3.75e-14	1.95e-14	6.34e-15
 2.77180e+15	8.61e-14	3.73e-09	2.14e-05	7.82e-03	1.64e-01	4.63e-01	3.66e-01	0.00e+00	0.00e+00	4.99e-14	2.60e-14	8.45e-15
 2.84896e+15	1.16e-13	4.74e-09	2.58e-05	8.86e-03	1.75e-01	4.69e-01	3.47e-01	0.00e+00	0.00e+00	6.73e-14	3.51e-14	1.14e-14
 2.94927e+15	1.69e-13	6.40e-09	3.26e-05	1.04e-02	1.90e-01	4.75e-01	3.24e-01	0.00e+00	0.00e+00	9.81e-14	5.11e-14	1.66e-14
 3.05256e+15	2.44e-13	8.58e-09	4.09e-05	1.21e-02	2.05e-01	4.81e-01	3.02e-01	0.00e+00	0.00e+00	1.41e-13	7.37e-14	2.39e-14
 3.13867e+15	3.28e-13	1.09e-08	4.91e-05	1.36e-02	2.19e-01	4.83e-01	2.84e-01	0.00e+00	0.00e+00	1.90e-13	9.92e-14	3.22e-14
 3.22954e+15	4.45e-13	1.38e-08	5.91e-05	1.54e-02	2.33e-01	4.85e-01	2.67e-01	0.00e+00	0.00e+00	2.58e-13	1.35e-13	4.37e-14
 3.34653e+15	6.50e-13	1.86e-08	7.43e-05	1.79e-02	2.50e-01	4.86e-01	2.45e-01	0.00e+00	0.00e+00	3.77e-13	1.97e-13	6.37e-14
 3.46935e+15	9.50e-13	2.51e-08	9.35e-05	2.07e-02	2.69e-01	4.86e-01	2.24e-01	0.00e+00	0.00e+00	5.52e-13	2.88e-13	9.31e-14
 3.57629e+15	1.31e-12	3.23e-08	1.13e-04	2.35e-02	2.85e-01	4.83e-01	2.08e-01	0.00e+00	0.00e+00	7.62e-13	3.97e-13	1.29e-13
 3.69074e+15	1.84e-12	4.19e-08	1.38e-04	2.66e-02	3.02e-01	4.80e-01	1.91e-01	0.00e+00	0.00e+00	1.07e-12	5.56e-13	1.80e-13
 3.83055e+15	2.73e-12	5.70e-08	1.74e-04	3.08e-02	3.23e-01	4.74e-01	1.72e-01	0.00e+00	0.00e+00	1.58e-12	8.26e-13	2.67e-13
 3.96875e+15	3.94e-12	7.58e-08	2.16e-04	3.53e-02	3.42e-01	4.67e-01	1.55e-01	0.00e+00	0.00e+00	2.29e-12	1.19e-12	3.86e-13
 4.09035e+15	5.40e-12	9.68e-08	2.59e-04	3.95e-02	3.59e-01	4.59e-01	1.42e-01	0.00e+00	0.00e+00	3.14e-12	1.64e-12	5.29e-13
 4.22494e+15	7.58e-12	1.25e-07	3.14e-04	4.45e-02	3.77e-01	4.50e-01	1.28e-01	0.00e+00	0.00e+00	4.40e-12	2.30e-12	7.43e-13
 4.38705e+15	1.12e-11	1.70e-07	3.94e-04	5.10e-02	3.98e-01	4.38e-01	1.13e-01	0.00e+00	0.00e+00	6.53e-12	3.40e-12	1.10e-12
 4.54101e+15	1.59e-11	2.22e-07	4.82e-04	5.76e-02	4.16e-01	4.25e-01	1.01e-01	0.00e+00	0.00e+00	9.24e-12	4.82e-12	1.56e-12
 4.66963e+15	2.11e-11	2.76e-07	5.67e-04	6.34e-02	4.31e-01	4.14e-01	9.13e-02	0.00e+00	0.00e+00	1.23e-11	6.41e-12	2.07e-12
 4.78611e+15	2.71e-11	3.34e-07	6.54e-04	6.89e-02	4.44e-01	4.03e-01	8.36e-02	0.00e+00	0.00e+00	1.57e-11	8.22e-12	2.66e-12
 4.91440e+15	3.55e-11	4.10e-07	7.61e-04	7.53e-02	4.57e-01	3.91e-01	7.57e-02	0.00e+00	0.00e+00	2.06e-11	1.08e-11	3.48e-12
 5.05569e+15	4.73e-11	5.10e-07	8.95e-04	8.27e-02	4.70e-01	3.78e-01	6.80e-02	0.00e+00	0.00e+00	2.75e-11	1.43e-11	4.63e-12
 5.18729e+15	6.09e-11	6.19e-07	1.03e-03	8.98e-02	4.82e-01	3.66e-01	6.15e-02	0.00e+00	0.00e+00	3.54e-11	1.85e-11	5.97e-12
 5.33180e+15	8.06e-11	7.66e-07	1.21e-03	9.80e-02	4.94e-01	3.52e-01	5.49e-02	0.00e+00	0.00e+00	4.69e-11	2.45e-11	7.90e-12
 5.48966e+15	1.07e-10	9.53e-07	1.42e-03	1.07e-01	5.06e-01	3.37e-01	4.87e-02	0.00e+00	0.00e+00	6.24e-11	3.26e-11	1.05e-11
 5.63655e+15	1.39e-10	1.16e-06	1.65e-03	1.16e-01	5.16e-01	3.23e-01	4.35e-02	0.00e+00	0.00e+00	8.07e-11	4.21e-11	1.36e-11
 5.79917e+15	1.85e-10	1.44e-06	1.93e-03	1.27e-01	5.25e-01	3.08e-01	3.83e-02	0.00e+00	0.00e+00	1.08e-10	5.62e-11	1.81e-11
 5.97697e+15	2.48e-10	1.80e-06	2.28e-03	1.38e-01	5.35e-01	2.91e-01	3.34e-02	0.00e+00	0.00e+00	1.44e-10	7.53e-11	2.43e-11
 6.14297e+15	3.21e-10	2.20e-06	2.64e-03	1.50e-01	5.42e-01	2.76e-01	2.94e-02	0.00e+00	0.00e+00	1.87e-10	9.76e-11	3.15e-11
 6.32725e+15	4.32e-10	2.75e-06	3.11e-03	1.63e-01	5.48e-01	2.60e-01	2.55e-02	0.00e+00	0.00e+00	2.51e-10	1.31e-10	4.24e-11
 6.52520e+15	5.78e-10	3.45e-06	3.68e-03	1.77e-01	5.54e-01	2.44e-01	2.19e-02	0.00e+00	0.00e+00	3.36e-10	1.76e-10	5.67e-11
 6.70077e+15	7.42e-10	4.18e-06	4.24e-03	1.90e-01	5.57e-01	2.29e-01	1.91e-02	0.00e+00	0.00e+00	4.32e-10	2.26e-10	7.29e-11
 6.88884e+15	9.75e-10	5.14e-06	4.94e-03	2.05e-01	5.59e-01	2.14e-01	1.65e-02	0.00e+00	0.00e+00	5.67e-10	2.96e-10	9.58e-11
 7.09703e+15	1.29e-09	6.38e-06	5.80e-03	2.22e-01	5.60e-01	1.99e-01	1.40e-02	0.00e+00	0.00e+00	7.51e-10	3.93e-10	1.27e-10
 7.28981e+15	1.66e-09	7.74e-06	6.70e-03	2.37e-01	5.59e-01	1.85e-01	1.21e-02	0.00e+00	0.00e+00	9.65e-10	5.05e-10	1.63e-10
 7.47144e+15	2.10e-09	9.28e-06	7.67e-03	2.52e-01	5.57e-01	1.73e-01	1.05e-02	0.00e+00	0.00e+00	1.22e-09	6.39e-10	2.07e-10
 7.68017e+15	2.77e-09	1.14e-05	8.94e-03	2.70e-01	5.53e-01	1.59e-01	8.88e-03	0.00e+00	0.00e+00	1.61e-09	8.42e-10	2.73e-10
 7.89594e+15	3.59e-09	1.40e-05	1.04e-02	2.89e-01	5.47e-01	1.46e-01	7.50e-03	0.00e+00	0.00e+00	2.09e-09	1.09e-09	3.54e-10
 8.07519e+15	4.43e-09	1.65e-05	1.18e-02	3.04e-01	5.42e-01	1.36e-01	6.51e-03	0.00e+00	0.00e+00	2.58e-09	1.35e-09	4.37e-10
 8.26253e+15	5.61e-09	1.97e-05	1.34e-02	3.21e-01	5.35e-01	1.25e-01	5.59e-03	0.00e+00	0.00e+00	3.26e-09	1.71e-09	5.54e-10
 8.47126e+15	7.13e-09	2.38e-05	1.54e-02	3.39e-01	5.26e-01	1.15e-01	4.73e-03	0.00e+00	0.00e+00	4.15e-09	2.17e-09	7.04e-10
 8.66329e+15	8.86e-09	2.82e-05	1.76e-02	3.57e-01	5.16e-01	1.06e-01	4.06e-03	0.00e+00	0.00e+00	5.16e-09	2.70e-09	8.77e-10
 8.83798e+15	1.09e-08	3.30e-05	1.97e-02	3.73e-01	5.07e-01	9.76e-02	3.51e-03	0.00e+00	0.00e+00	6.33e-09	3.32e-09	1.08e-09
 9.03469e+15	1.38e-08	3.95e-05	2.25e-02	3.91e-01	4.95e-01	8.90e-02	2.98e-03	0.00e+00	0.00e+00	8.01e-09	4.20e-09	1.36e-09
 9.24699e+15	1.76e-08	4.78e-05	2.59e-02	4.10e-01	4.81e-01	8.05e-02	2.49e-03	0.00e+00	0.00e+00	1.03e-08	5.38e-09	1.75e-09
 9.43407e+15	2.17e-08	5.62e-05	2.93e-02	4.27e-01	4.68e-01	7.35e-02	2.12e-03	0.00e+00	0.00e+00	1.27e-08	6.64e-09	2.16e-09
 9.60501e+15	2.66e-08	6.56e-05	3.29e-02	4.42e-01	4.56e-01	6.74e-02	1.83e-03	0.00e+00	0.00e+00	1.55e-08	8.10e-09	2.63e-09
 9.80046e+15	3.36e-08	7.85e-05	3.75e-02	4.60e-01	4.41e-01	6.08e-02	1.54e-03	0.00e+00	0.00e+00	1.95e-08	1.02e-08	3.33e-09
 1.00100e+16	4.33e-08	9.54e-05	4.33e-02	4.78e-01	4.23e-01	5.43e-02	1.27e-03	0.00e+00	0.00e+00	2.52e-08	1.32e-08	4.30e-09
 1.01913e+16	5.36e-08	1.13e-04	4.89e-02	4.93e-01	4.08e-01	4.91e-02	1.07e-03	0.00e+00	0.00e+00	3.12e-08	1.64e-08	5.32e-09
 1.03536e+16	6.55e-08	1.31e-04	5.48e-02	5.07e-01	3.93e-01	4.46e-02	9.20e-04	0.00e+00	0.00e+00	3.81e-08	2.00e-08	6.52e-09
 1.05379e+16	8.28e-08	1.57e-04	6.26e-02	5.21e-01	3.75e-01	3.98e-02	7.66e-04	0.00e+00	0.00e+00	4.82e-08	2.53e-08	8.25e-09
 1.07350e+16	1.08e-07	1.93e-04	7.24e-02	5.36e-01	3.55e-01	3.51e-02	6.24e-04	0.00e+00	0.00e+00	6.31e-08	3.31e-08	1.08e-08
 1.09024e+16	1.35e-07	2.28e-04	8.19e-02	5.48e-01	3.38e-01	3.14e-02	5.25e-04	0.00e+00	0.00e+00	7.84e-08	4.12e-08	1.34e-08
 1.10485e+16	1.65e-07	2.67e-04	9.17e-02	5.57e-01	3.23e-01	2.83e-02	4.47e-04	0.00e+00	0.00e+00	9.61e-08	5.05e-08	1.65e-08
 1.12131e+16	2.00e-07	3.12e-04	1.04e-01	5.66e-01	3.04e-01	2.50e-02	3.71e-04	0.00e+00	0.00e+00	1.17e-07	6.13e-08	2.00e-08
 1.13932e+16	2.79e-07	3.97e-04	1.21e-01	5.74e-01	2.82e-01	2.15e-02	2.95e-04	0.00e+00	0.00e+00	1.62e-07	8.52e-08	2.78e-08
 1.15368e+16	3.45e-07	4.68e-04	1.37e-01	5.78e-01	2.65e-01	1.90e-02	2.47e-04	0.00e+00	0.00e+00	2.01e-07	1.05e-07	3.44e-08
 1.16461e+16	4.12e-07	5.36e-04	1.51e-01	5.80e-01	2.51e-01	1.72e-02	2.13e-04	0.00e+00	0.00e+00	2.40e-07	1.26e-07	4.12e-08
 1.17670e+16	4.85e-07	6.11e-04	1.68e-01	5.81e-01	2.35e-01	1.53e-02	1.80e-04	0.00e+00	0.00e+00	2.82e-07	1.48e-07	4.85e-08
 1.19242e+16	6.36e-07	7.52e-04	1.94e-01	5.79e-01	2.13e-01	1.29e-02	1.41e-04	0.00e+00	0.00e+00	3.70e-07	1.95e-07	6.37e-08
 1.20775e+16	8.44e-07	9.32e-04	2.25e-01	5.71e-01	1.92e-01	1.07e-02	1.09e-04	0.00e+00	0.00e+00	4.91e-07	2.58e-07	8.46e-08
 1.21749e+16	1.09e-06	1.12e-03	2.49e-01	5.62e-01	1.77e-01	9.39e-03	9.01e-05	0.00e+00	0.00e+00	6.37e-07	3.35e-07	1.10e-07
 1.22284e+16	1.22e-06	1.21e-03	2.64e-01	5.57e-01	1.69e-01	8.71e-03	8.12e-05	0.00e+00	0.00e+00	7.08e-07	3.73e-07	1.22e-07
 1.22756e+16	1.35e-06	1.30e-03	2.77e-01	5.51e-01	1.62e-01	8.10e-03	7.36e-05	0.00e+00	0.00e+00	7.85e-07	4.13e-07	1.35e-07
 1.23369e+16	1.49e-06	1.41e-03	2.95e-01	5.44e-01	1.52e-01	7.37e-03	6.50e-05	0.00e+00	0.00e+00	8.69e-07	4.57e-07	1.50e-07
 1.24166e+16	1.77e-06	1.61e-03	3.21e-01	5.31e-01	1.40e-01	6.43e-03	5.41e-05	0.00e+00	0.00e+00	1.03e-06	5.43e-07	1.78e-07
 1.25009e+16	2.24e-06	1.89e-03	3.53e-01	5.14e-01	1.26e-01	5.48e-03	4.36e-05	0.00e+00	0.00e+00	1.30e-06	6.86e-07	2.25e-07
 1.25663e+16	2.63e-06	2.12e-03	3.79e-01	4.99e-01	1.16e-01	4.81e-03	3.66e-05	0.00e+00	0.00e+00	1.53e-06	8.07e-07	2.65e-07
 1.26175e+16	2.99e-06	2.32e-03	4.01e-01	4.85e-01	1.07e-01	4.31e-03	3.17e-05	0.00e+00	0.00e+00	1.74e-06	9.15e-07	3.00e-07
 1.26751e+16	3.33e-06	2.53e-03	4.26e-01	4.70e-01	9.82e-02	3.78e-03	2.68e-05	0.00e+00	0.00e+00	1.94e-06	1.02e-06	3.35e-07
 1.27499e+16	4.20e-06	2.96e-03	4.63e-01	4.44e-01	8.59e-02	3.11e-03	2.07e-05	0.00e+00	0.00e+00	2.44e-06	1.29e-06	4.23e-07
 1.28202e+16	4.84e-06	3.29e-03	4.98e-01	4.21e-01	7.55e-02	2.59e-03	1.64e-05	0.00e+00	0.00e+00	2.82e-06	1.48e-06	4.88e-07
 1.28757e+16	5.85e-06	3.73e-03	5.29e-01	3.98e-01	6.69e-02	2.17e-03	1.31e-05	0.00e+00	0.00e+00	3.40e-06	1.79e-06	5.90e-07
 1.29264e+16	6.53e-06	4.03e-03	5.56e-01	3.78e-01	5.98e-02	1.86e-03	1.07e-05	0.00e+00	0.00e+00	3.80e-06	2.00e-06	6.58e-07
 1.29797e+16	7.59e-06	4.46e-03	5.87e-01	3.54e-01	5.22e-02	1.54e-03	8.47e-06	0.00e+00	0.00e+00	4.41e-06	2.33e-06	7.66e-07
 1.30489e+16	9.62e-06	5.19e-03	6.29e-01	3.21e-01	4.30e-02	1.17e-03	5.95e-06	0.00e+00	0.00e+00	5.60e-06	2.95e-06	9.72e-07
 1.31137e+16	1.14e-05	5.80e-03	6.66e-01	2.92e-01	3.56e-02	9.02e-04	4.32e-06	0.00e+00	0.00e+00	6.62e-06	3.50e-06	1.15e-06
 1.31619e+16	1.30e-05	6.32e-03	6.93e-01	2.70e-01	3.05e-02	7.31e-04	3.32e-06	0.00e+00	0.00e+00	7.58e-06	4.00e-06	1.32e-06
 1.32136e+16	1.52e-05	6.97e-03	7.22e-01	2.45e-01	2.54e-02	5.68e-04	2.42e-06	0.00e+00	0.00e+00	8.87e-06	4.68e-06	1.54e-06
 1.32808e+16	1.84e-05	7.83e-03	7.58e-01	2.14e-01	1.98e-02	4.03e-04	1.58e-06	0.00e+00	0.00e+00	1.07e-05	5.66e-06	1.87e-06
 1.33493e+16	2.22e-05	8.75e-03	7.91e-01	1.85e-01	1.51e-02	2.80e-04	1.01e-06	0.00e+00	0.00e+00	1.29e-05	6.82e-06	2.25e-06
 1.34054e+16	2.58e-05	9.57e-03	8.15e-01	1.63e-01	1.20e-02	2.04e-04	6.82e-07	0.00e+00	0.00e+00	1.50e-05	7.94e-06	2.63e-06
 1.34645e+16	3.04e-05	1.05e-02	8.40e-01	1.41e-01	9.16e-03	1.42e-04	0.00e+00	0.00e+00	0.00e+00	1.77e-05	9.35e-06	3.10e-06
 1.35413e+16	3.71e-05	1.18e-02	8.66e-01	1.16e-01	6.41e-03	8.71e-05	0.00e+00	0.00e+00	0.00e+00	2.16e-05	1.14e-05	3.79e-06
 1.36218e+16	4.54e-05	1.31e-02	8.89e-01	9.37e-02	4.38e-03	5.19e-05	0.00e+00	0.00e+00	0.00e+00	2.64e-05	1.40e-05	4.64e-06
 1.36927e+16	5.39e-05	1.44e-02	9.05e-01	7.75e-02	3.10e-03	3.23e-05	0.00e+00	0.00e+00	0.00e+00	3.13e-05	1.66e-05	5.52e-06
 1.37495e+16	6.14e-05	1.55e-02	9.15e-01	6.68e-02	2.37e-03	2.24e-05	0.00e+00	0.00e+00	0.00e+00	3.57e-05	1.89e-05	6.29e-06
 1.37943e+16	6.81e-05	1.63e-02	9.23e-01	5.91e-02	1.90e-03	1.65e-05	0.00e+00	0.00e+00	0.00e+00	3.96e-05	2.10e-05	6.99e-06
 1.38447e+16	7.65e-05	1.74e-02	9.30e-01	5.14e-02	1.48e-03	1.16e-05	0.00e+00	0.00e+00	0.00e+00	4.45e-05	2.36e-05	7.86e-06
 1.39101e+16	8.87e-05	1.87e-02	9.37e-01	4.30e-02	1.06e-03	7.35e-06	0.00e+00	0.00e+00	0.00e+00	5.16e-05	2.73e-05	9.11e-06
 1.39797e+16	1.03e-04	2.03e-02	9.43e-01	3.58e-02	7.64e-04	4.61e-06	0.00e+00	0.00e+00	0.00e+00	5.99e-05	3.17e-05	1.06e-05
 1.40412e+16	1.18e-04	2.17e-02	9.47e-01	3.05e-02	5.71e-04	3.06e-06	0.00e+00	0.00e+00	0.00e+00	6.85e-05	3.62e-05	1.21e-05
 1.41074e+16	1.36e-04	2.33e-02	9.50e-01	2.56e-02	4.15e-04	1.94e-06	0.00e+00	0.00e+00	0.00e+00	7.89e-05	4.17e-05	1.40e-05
 1.41817e+16	1.59e-04	2.53e-02	9.53e-01	2.12e-02	2.95e-04	1.19e-06	0.00e+00	0.00e+00	0.00e+00	9.22e-05	4.88e-05	1.63e-05
