#depth	He	He+	He+2
 1.49634e+10	4.79e-22	2.23e-11	1.00e+00
 4.54887e+10	5.51e-22	2.41e-11	1.00e+00
 7.72350e+10	6.28e-22	2.62e-11	1.00e+00
 1.10251e+11	7.17e-22	2.84e-11	1.00e+00
 1.44588e+11	8.20e-22	3.08e-11	1.00e+00
 1.80298e+11	9.39e-22	3.35e-11	1.00e+00
 2.17437e+11	1.08e-21	3.63e-11	1.00e+00
 2.56061e+11	1.24e-21	3.94e-11	1.00e+00
 2.96231e+11	1.42e-21	4.28e-11	1.00e+00
 3.38007e+11	1.63e-21	4.65e-11	1.00e+00
 3.77267e+11	1.86e-21	5.02e-11	1.00e+00
 4.12334e+11	2.08e-21	5.36e-11	1.00e+00
 4.51675e+11	2.34e-21	5.75e-11	1.00e+00
 4.98352e+11	2.70e-21	6.25e-11	1.00e+00
 5.45084e+11	3.10e-21	6.76e-11	1.00e+00
 5.88881e+11	3.50e-21	7.26e-11	1.00e+00
 6.37558e+11	4.00e-21	7.85e-11	1.00e+00
 6.92988e+11	4.64e-21	8.55e-11	1.00e+00
 7.48094e+11	5.35e-21	9.28e-11	1.00e+00
 8.05404e+11	6.16e-21	1.01e-10	1.00e+00
 8.67547e+11	7.16e-21	1.10e-10	1.00e+00
 9.30905e+11	8.29e-21	1.20e-10	1.00e+00
 9.89998e+11	9.48e-21	1.29e-10	1.00e+00
 1.04443e+12	1.07e-20	1.38e-10	1.00e+00
 1.10656e+12	1.21e-20	1.50e-10	1.00e+00
 1.17947e+12	1.41e-20	1.63e-10	1.00e+00
 1.25152e+12	1.63e-20	1.77e-10	1.00e+00
 1.31891e+12	1.85e-20	1.91e-10	1.00e+00
 1.39405e+12	2.11e-20	2.08e-10	1.00e+00
 1.47974e+12	2.46e-20	2.27e-10	1.00e+00
 1.56427e+12	2.84e-20	2.48e-10	1.00e+00
 1.65218e+12	3.27e-20	2.70e-10	1.00e+00
 1.74819e+12	3.81e-20	2.96e-10	1.00e+00
 1.84457e+12	4.40e-20	3.24e-10	1.00e+00
 1.94480e+12	5.07e-20	3.55e-10	1.00e+00
 2.05252e+12	5.89e-20	3.89e-10	1.00e+00
 2.15973e+12	6.78e-20	4.26e-10	1.00e+00
 2.27123e+12	7.79e-20	4.67e-10	1.00e+00
 2.39200e+12	9.01e-20	5.13e-10	1.00e+00
 2.51761e+12	1.04e-19	5.65e-10	1.00e+00
 2.64824e+12	1.20e-19	6.22e-10	1.00e+00
 2.78410e+12	1.38e-19	6.85e-10	1.00e+00
 2.90686e+12	1.56e-19	7.45e-10	1.00e+00
 3.00898e+12	1.72e-19	7.98e-10	1.00e+00
 3.12079e+12	1.90e-19	8.58e-10	1.00e+00
 3.26262e+12	2.16e-19	9.38e-10	1.00e+00
 3.41064e+12	2.45e-19	1.03e-09	1.00e+00
 3.54151e+12	2.73e-19	1.11e-09	1.00e+00
 3.66363e+12	3.00e-19	1.19e-09	1.00e+00
 3.80305e+12	3.33e-19	1.29e-09	1.00e+00
 3.97446e+12	3.78e-19	1.41e-09	1.00e+00
 4.14524e+12	4.27e-19	1.54e-09	1.00e+00
 4.29354e+12	4.73e-19	1.66e-09	1.00e+00
 4.45482e+12	5.26e-19	1.80e-09	1.00e+00
 4.65185e+12	5.96e-19	1.97e-09	1.00e+00
 4.85316e+12	6.75e-19	2.16e-09	1.00e+00
 5.03791e+12	7.53e-19	2.34e-09	1.00e+00
 5.24336e+12	8.47e-19	2.55e-09	1.00e+00
 5.48163e+12	9.69e-19	2.81e-09	1.00e+00
 5.71666e+12	1.10e-18	3.07e-09	1.00e+00
 5.94161e+12	1.24e-18	3.34e-09	1.00e+00
 6.18972e+12	1.41e-18	3.65e-09	1.00e+00
 6.46723e+12	1.62e-18	4.01e-09	1.00e+00
 6.71945e+12	1.84e-18	4.35e-09	1.00e+00
 6.93159e+12	2.04e-18	4.65e-09	1.00e+00
 7.16483e+12	2.27e-18	4.99e-09	1.00e+00
 7.42808e+12	2.57e-18	5.39e-09	1.00e+00
 7.68008e+12	2.88e-18	5.79e-09	1.00e+00
 7.95741e+12	3.26e-18	6.24e-09	1.00e+00
 8.26547e+12	3.72e-18	6.77e-09	1.00e+00
 8.55416e+12	4.21e-18	7.28e-09	1.00e+00
 8.87012e+12	4.79e-18	7.87e-09	1.00e+00
 9.22543e+12	5.53e-18	8.55e-09	1.00e+00
 9.56481e+12	6.31e-18	9.23e-09	1.00e+00
 9.93697e+12	7.27e-18	1.00e-08	1.00e+00
 1.03315e+13	8.41e-18	1.09e-08	1.00e+00
 1.06766e+13	9.52e-18	1.17e-08	1.00e+00
 1.10451e+13	1.08e-17	1.25e-08	1.00e+00
 1.14933e+13	1.26e-17	1.36e-08	1.00e+00
 1.19398e+13	1.46e-17	1.47e-08	1.00e+00
 1.23337e+13	1.66e-17	1.58e-08	1.00e+00
 1.27647e+13	1.89e-17	1.70e-08	1.00e+00
 1.32835e+13	2.21e-17	1.84e-08	1.00e+00
 1.38026e+13	2.57e-17	2.00e-08	1.00e+00
 1.42746e+13	2.93e-17	2.14e-08	1.00e+00
 1.47991e+13	3.38e-17	2.31e-08	1.00e+00
 1.54124e+13	3.97e-17	2.52e-08	1.00e+00
 1.60179e+13	4.63e-17	2.73e-08	1.00e+00
 1.65898e+13	5.32e-17	2.93e-08	1.00e+00
 1.72256e+13	6.18e-17	3.17e-08	1.00e+00
 1.79446e+13	7.28e-17	3.45e-08	1.00e+00
 1.86667e+13	8.52e-17	3.75e-08	1.00e+00
 1.94177e+13	9.98e-17	4.06e-08	1.00e+00
 2.02243e+13	1.18e-16	4.42e-08	1.00e+00
 2.10632e+13	1.38e-16	4.81e-08	1.00e+00
 2.18889e+13	1.61e-16	5.20e-08	1.00e+00
 2.26569e+13	1.85e-16	5.59e-08	1.00e+00
 2.33499e+13	2.09e-16	5.94e-08	1.00e+00
 2.40929e+13	2.37e-16	6.33e-08	1.00e+00
 2.50181e+13	2.76e-16	6.84e-08	1.00e+00
 2.59458e+13	3.19e-16	7.37e-08	1.00e+00
 2.67433e+13	3.60e-16	7.83e-08	1.00e+00
 2.76057e+13	4.09e-16	8.35e-08	1.00e+00
 2.86700e+13	4.76e-16	9.02e-08	1.00e+00
 2.97343e+13	5.50e-16	9.71e-08	1.00e+00
 3.06535e+13	6.21e-16	1.03e-07	1.00e+00
 3.16466e+13	7.05e-16	1.10e-07	1.00e+00
 3.28671e+13	8.20e-16	1.19e-07	1.00e+00
 3.40985e+13	9.49e-16	1.28e-07	1.00e+00
 3.51897e+13	1.07e-15	1.36e-07	1.00e+00
 3.63834e+13	1.23e-15	1.46e-07	1.00e+00
 3.78142e+13	1.43e-15	1.57e-07	1.00e+00
 3.92396e+13	1.66e-15	1.69e-07	1.00e+00
 4.05383e+13	1.88e-15	1.81e-07	1.00e+00
 4.19862e+13	2.16e-15	1.94e-07	1.00e+00
 4.36756e+13	2.53e-15	2.10e-07	1.00e+00
 4.53403e+13	2.93e-15	2.26e-07	1.00e+00
 4.69164e+13	3.35e-15	2.42e-07	1.00e+00
 4.86677e+13	3.88e-15	2.60e-07	1.00e+00
 5.06443e+13	4.54e-15	2.81e-07	1.00e+00
 5.26306e+13	5.28e-15	3.04e-07	1.00e+00
 5.46963e+13	6.15e-15	3.28e-07	1.00e+00
 5.69140e+13	7.19e-15	3.55e-07	1.00e+00
 5.90625e+13	8.32e-15	3.82e-07	1.00e+00
 6.10844e+13	9.51e-15	4.09e-07	1.00e+00
 6.33453e+13	1.10e-14	4.39e-07	1.00e+00
 6.56235e+13	1.26e-14	4.72e-07	1.00e+00
 6.75169e+13	1.41e-14	4.99e-07	1.00e+00
 6.95222e+13	1.59e-14	5.29e-07	1.00e+00
 7.20837e+13	1.83e-14	5.69e-07	1.00e+00
 7.47697e+13	2.12e-14	6.13e-07	1.00e+00
 7.71473e+13	2.40e-14	6.53e-07	1.00e+00
 7.97225e+13	2.73e-14	6.98e-07	1.00e+00
 8.28165e+13	3.18e-14	7.54e-07	1.00e+00
 8.59506e+13	3.68e-14	8.13e-07	1.00e+00
 8.88889e+13	4.21e-14	8.70e-07	1.00e+00
 9.21533e+13	4.86e-14	9.37e-07	1.00e+00
 9.56097e+13	5.64e-14	1.01e-06	1.00e+00
 9.86829e+13	6.39e-14	1.08e-06	1.00e+00
 1.01991e+14	7.29e-14	1.15e-06	1.00e+00
 1.05953e+14	8.50e-14	1.25e-06	1.00e+00
 1.09852e+14	9.82e-14	1.34e-06	1.00e+00
 1.13327e+14	1.11e-13	1.43e-06	1.00e+00
 1.17165e+14	1.27e-13	1.53e-06	1.00e+00
 1.21735e+14	1.48e-13	1.66e-06	1.00e+00
 1.26270e+14	1.71e-13	1.79e-06	1.00e+00
 1.30420e+14	1.95e-13	1.91e-06	1.00e+00
 1.35057e+14	2.24e-13	2.06e-06	1.00e+00
 1.40447e+14	2.62e-13	2.23e-06	1.00e+00
 1.45738e+14	3.03e-13	2.41e-06	1.00e+00
 1.50749e+14	3.46e-13	2.58e-06	1.00e+00
 1.56317e+14	3.99e-13	2.78e-06	1.00e+00
 1.62600e+14	4.66e-13	3.02e-06	1.00e+00
 1.68565e+14	5.36e-13	3.25e-06	1.00e+00
 1.74004e+14	6.07e-13	3.47e-06	1.00e+00
 1.80161e+14	6.95e-13	3.72e-06	1.00e+00
 1.87329e+14	8.08e-13	4.03e-06	1.00e+00
 1.94202e+14	9.29e-13	4.34e-06	1.00e+00
 1.99894e+14	1.04e-12	4.61e-06	1.00e+00
 2.05662e+14	1.16e-12	4.88e-06	1.00e+00
 2.13115e+14	1.33e-12	5.25e-06	1.00e+00
 2.20823e+14	1.52e-12	5.64e-06	1.00e+00
 2.27353e+14	1.70e-12	5.99e-06	1.00e+00
 2.34289e+14	1.90e-12	6.36e-06	1.00e+00
 2.42988e+14	2.18e-12	6.86e-06	1.00e+00
 2.51953e+14	2.50e-12	7.38e-06	1.00e+00
 2.59843e+14	2.80e-12	7.86e-06	1.00e+00
 2.68361e+14	3.16e-12	8.39e-06	1.00e+00
 2.78654e+14	3.64e-12	9.06e-06	1.00e+00
 2.88866e+14	4.16e-12	9.75e-06	1.00e+00
 2.97928e+14	4.67e-12	1.04e-05	1.00e+00
 3.07882e+14	5.27e-12	1.11e-05	1.00e+00
 3.19793e+14	6.07e-12	1.20e-05	1.00e+00
 3.31628e+14	6.95e-12	1.29e-05	1.00e+00
 3.42371e+14	7.82e-12	1.38e-05	1.00e+00
 3.54317e+14	8.89e-12	1.48e-05	1.00e+00
 3.68305e+14	1.03e-11	1.60e-05	1.00e+00
 3.82084e+14	1.18e-11	1.73e-05	1.00e+00
 3.94991e+14	1.33e-11	1.85e-05	1.00e+00
 4.09399e+14	1.52e-11	2.00e-05	1.00e+00
 4.25805e+14	1.76e-11	2.17e-05	1.00e+00
 4.42133e+14	2.03e-11	2.34e-05	1.00e+00
 4.59115e+14	2.34e-11	2.54e-05	1.00e+00
 4.77001e+14	2.71e-11	2.75e-05	1.00e+00
 4.92074e+14	3.05e-11	2.93e-05	1.00e+00
 5.03844e+14	3.34e-11	3.09e-05	1.00e+00
 5.16645e+14	3.68e-11	3.26e-05	1.00e+00
 5.33287e+14	4.16e-11	3.49e-05	1.00e+00
 5.51311e+14	4.74e-11	3.75e-05	1.00e+00
 5.67556e+14	5.32e-11	3.99e-05	1.00e+00
 5.85096e+14	6.00e-11	4.26e-05	1.00e+00
 6.06925e+14	6.94e-11	4.62e-05	1.00e+00
 6.28904e+14	8.01e-11	4.99e-05	1.00e+00
 6.47949e+14	9.02e-11	5.33e-05	1.00e+00
 6.68608e+14	1.03e-10	5.72e-05	1.00e+00
 6.93905e+14	1.20e-10	6.21e-05	1.00e+00
 7.19470e+14	1.39e-10	6.73e-05	1.00e+00
 7.42243e+14	1.58e-10	7.22e-05	1.00e+00
 7.67150e+14	1.81e-10	7.77e-05	1.00e+00
 7.96867e+14	2.12e-10	8.46e-05	1.00e+00
 8.26242e+14	2.47e-10	9.18e-05	1.00e+00
 8.52820e+14	2.83e-10	9.86e-05	1.00e+00
 8.82356e+14	3.27e-10	1.06e-04	1.00e+00
 9.17046e+14	3.85e-10	1.16e-04	1.00e+00
 9.51230e+14	4.50e-10	1.26e-04	1.00e+00
 9.83063e+14	5.19e-10	1.36e-04	1.00e+00
 1.01870e+15	6.04e-10	1.47e-04	1.00e+00
 1.05948e+15	7.16e-10	1.61e-04	1.00e+00
 1.09973e+15	8.41e-10	1.75e-04	1.00e+00
 1.14160e+15	9.88e-10	1.91e-04	1.00e+00
 1.17964e+15	1.14e-09	2.05e-04	1.00e+00
 1.20807e+15	1.26e-09	2.17e-04	1.00e+00
 1.23747e+15	1.40e-09	2.29e-04	1.00e+00
 1.27569e+15	1.60e-09	2.45e-04	1.00e+00
 1.31723e+15	1.84e-09	2.63e-04	1.00e+00
 1.35488e+15	2.08e-09	2.80e-04	1.00e+00
 1.39557e+15	2.36e-09	3.00e-04	1.00e+00
 1.44696e+15	2.76e-09	3.25e-04	1.00e+00
 1.49872e+15	3.22e-09	3.52e-04	1.00e+00
 1.54245e+15	3.64e-09	3.75e-04	1.00e+00
 1.58928e+15	4.15e-09	4.01e-04	1.00e+00
 1.64808e+15	4.86e-09	4.34e-04	1.00e+00
 1.70959e+15	5.69e-09	4.71e-04	1.00e+00
 1.76516e+15	6.54e-09	5.06e-04	9.99e-01
 1.82586e+15	7.57e-09	5.45e-04	9.99e-01
 1.89738e+15	8.93e-09	5.93e-04	9.99e-01
 1.96733e+15	1.04e-08	6.42e-04	9.99e-01
 2.03129e+15	1.20e-08	6.88e-04	9.99e-01
 2.10313e+15	1.39e-08	7.43e-04	9.99e-01
 2.18662e+15	1.64e-08	8.09e-04	9.99e-01
 2.26871e+15	1.92e-08	8.76e-04	9.99e-01
 2.34648e+15	2.22e-08	9.42e-04	9.99e-01
 2.41444e+15	2.51e-08	1.00e-03	9.99e-01
 2.47086e+15	2.76e-08	1.05e-03	9.99e-01
 2.53304e+15	3.07e-08	1.11e-03	9.99e-01
 2.61388e+15	3.51e-08	1.19e-03	9.99e-01
 2.69891e+15	4.02e-08	1.27e-03	9.99e-01
 2.77180e+15	4.49e-08	1.35e-03	9.99e-01
 2.84896e+15	5.04e-08	1.43e-03	9.99e-01
 2.94927e+15	5.83e-08	1.54e-03	9.98e-01
 3.05256e+15	6.72e-08	1.65e-03	9.98e-01
 3.13867e+15	7.54e-08	1.75e-03	9.98e-01
 3.22954e+15	8.49e-08	1.86e-03	9.98e-01
 3.34653e+15	9.84e-08	2.01e-03	9.98e-01
 3.46935e+15	1.14e-07	2.17e-03	9.98e-01
 3.57629e+15	1.29e-07	2.31e-03	9.98e-01
 3.69074e+15	1.47e-07	2.47e-03	9.98e-01
 3.83055e+15	1.72e-07	2.67e-03	9.97e-01
 3.96875e+15	1.99e-07	2.87e-03	9.97e-01
 4.09035e+15	2.26e-07	3.06e-03	9.97e-01
 4.22494e+15	2.58e-07	3.27e-03	9.97e-01
 4.38705e+15	3.02e-07	3.54e-03	9.96e-01
 4.54101e+15	3.47e-07	3.80e-03	9.96e-01
 4.66963e+15	3.89e-07	4.03e-03	9.96e-01
 4.78611e+15	4.30e-07	4.24e-03	9.96e-01
 4.91440e+15	4.80e-07	4.48e-03	9.96e-01
 5.05569e+15	5.39e-07	4.76e-03	9.95e-01
 5.18729e+15	5.99e-07	5.02e-03	9.95e-01
 5.33180e+15	6.72e-07	5.33e-03	9.95e-01
 5.48966e+15	7.56e-07	5.66e-03	9.94e-01
 5.63655e+15	8.42e-07	5.99e-03	9.94e-01
 5.79917e+15	9.50e-07	6.38e-03	9.94e-01
 5.97697e+15	1.07e-06	6.80e-03	9.93e-01
 6.14297e+15	1.20e-06	7.21e-03	9.93e-01
 6.32725e+15	1.36e-06	7.71e-03	9.92e-01
 6.52520e+15	1.55e-06	8.25e-03	9.92e-01
 6.70077e+15	1.72e-06	8.75e-03	9.91e-01
 6.88884e+15	1.94e-06	9.33e-03	9.91e-01
 7.09703e+15	2.20e-06	1.00e-02	9.90e-01
 7.28981e+15	2.46e-06	1.06e-02	9.89e-01
 7.47144e+15	2.74e-06	1.13e-02	9.89e-01
 7.68017e+15	3.10e-06	1.21e-02	9.88e-01
 7.89594e+15	3.49e-06	1.30e-02	9.87e-01
 8.07519e+15	3.85e-06	1.38e-02	9.86e-01
 8.26253e+15	4.30e-06	1.47e-02	9.85e-01
 8.47126e+15	4.83e-06	1.58e-02	9.84e-01
 8.66329e+15	5.37e-06	1.69e-02	9.83e-01
 8.83798e+15	5.92e-06	1.79e-02	9.82e-01
 9.03469e+15	6.65e-06	1.93e-02	9.81e-01
 9.24699e+15	7.52e-06	2.09e-02	9.79e-01
 9.43407e+15	8.36e-06	2.24e-02	9.78e-01
 9.60501e+15	9.26e-06	2.39e-02	9.76e-01
 9.80046e+15	1.05e-05	2.60e-02	9.74e-01
 1.00100e+16	1.20e-05	2.84e-02	9.72e-01
 1.01913e+16	1.34e-05	3.07e-02	9.69e-01
 1.03536e+16	1.50e-05	3.32e-02	9.67e-01
 1.05379e+16	1.71e-05	3.64e-02	9.64e-01
 1.07350e+16	1.98e-05	4.03e-02	9.60e-01
 1.09024e+16	2.24e-05	4.41e-02	9.56e-01
 1.10485e+16	2.52e-05	4.81e-02	9.52e-01
 1.12131e+16	2.88e-05	5.33e-02	9.47e-01
 1.13932e+16	3.43e-05	6.00e-02	9.40e-01
 1.15368e+16	3.91e-05	6.64e-02	9.34e-01
 1.16461e+16	4.37e-05	7.21e-02	9.28e-01
 1.17670e+16	4.93e-05	7.95e-02	9.20e-01
 1.19242e+16	5.88e-05	9.09e-02	9.09e-01
 1.20775e+16	7.08e-05	1.05e-01	8.95e-01
 1.21749e+16	8.13e-05	1.15e-01	8.85e-01
 1.22284e+16	8.73e-05	1.22e-01	8.78e-01
 1.22756e+16	9.33e-05	1.28e-01	8.72e-01
 1.23369e+16	1.01e-04	1.37e-01	8.63e-01
 1.24166e+16	1.14e-04	1.50e-01	8.49e-01
 1.25009e+16	1.31e-04	1.66e-01	8.34e-01
 1.25663e+16	1.46e-04	1.80e-01	8.20e-01
 1.26175e+16	1.59e-04	1.92e-01	8.07e-01
 1.26751e+16	1.75e-04	2.08e-01	7.92e-01
 1.27499e+16	2.02e-04	2.30e-01	7.69e-01
 1.28202e+16	2.27e-04	2.54e-01	7.46e-01
 1.28757e+16	2.54e-04	2.75e-01	7.25e-01
 1.29264e+16	2.79e-04	2.96e-01	7.04e-01
 1.29797e+16	3.10e-04	3.20e-01	6.79e-01
 1.30489e+16	3.58e-04	3.55e-01	6.45e-01
 1.31137e+16	4.05e-04	3.90e-01	6.10e-01
 1.31619e+16	4.45e-04	4.17e-01	5.82e-01
 1.32136e+16	4.94e-04	4.50e-01	5.50e-01
 1.32808e+16	5.61e-04	4.93e-01	5.06e-01
 1.33493e+16	6.35e-04	5.38e-01	4.62e-01
 1.34054e+16	7.01e-04	5.75e-01	4.24e-01
 1.34645e+16	7.76e-04	6.15e-01	3.84e-01
 1.35413e+16	8.75e-04	6.64e-01	3.35e-01
 1.36218e+16	9.82e-04	7.12e-01	2.87e-01
 1.36927e+16	1.08e-03	7.50e-01	2.49e-01
 1.37495e+16	1.15e-03	7.77e-01	2.22e-01
 1.37943e+16	1.21e-03	7.97e-01	2.02e-01
 1.38447e+16	1.28e-03	8.18e-01	1.81e-01
 1.39101e+16	1.37e-03	8.42e-01	1.56e-01
 1.39797e+16	1.46e-03	8.64e-01	1.35e-01
 1.40412e+16	1.54e-03	8.80e-01	1.18e-01
 1.41074e+16	1.63e-03	8.96e-01	1.02e-01
 1.41817e+16	1.73e-03	9.11e-01	8.76e-02
 1.42480e+16	1.82e-03	9.22e-01	7.66e-02
 1.43047e+16	1.89e-03	9.30e-01	6.84e-02
 1.43674e+16	1.99e-03	9.38e-01	6.01e-02
 1.44367e+16	2.09e-03	9.45e-01	5.26e-02
 1.44992e+16	2.19e-03	9.51e-01	4.67e-02
 1.45546e+16	2.28e-03	9.56e-01	4.22e-02
 1.46161e+16	2.39e-03	9.60e-01	3.75e-02
 1.46831e+16	2.51e-03	9.64e-01	3.33e-02
 1.47422e+16	2.63e-03	9.67e-01	3.01e-02
 1.47937e+16	2.74e-03	9.70e-01	2.75e-02
 1.48507e+16	2.86e-03	9.72e-01	2.49e-02
 1.49132e+16	3.01e-03	9.74e-01	2.25e-02
 1.49683e+16	3.16e-03	9.76e-01	2.06e-02
 1.50159e+16	3.30e-03	9.78e-01	1.91e-02
 1.50684e+16	3.45e-03	9.79e-01	1.75e-02
 1.51262e+16	3.64e-03	9.80e-01	1.60e-02
 1.51775e+16	3.83e-03	9.81e-01	1.48e-02
 1.52218e+16	4.01e-03	9.82e-01	1.39e-02
 1.52707e+16	4.21e-03	9.83e-01	1.29e-02
 1.53246e+16	4.47e-03	9.84e-01	1.19e-02
 1.53727e+16	4.72e-03	9.84e-01	1.11e-02
 1.54146e+16	4.95e-03	9.85e-01	1.05e-02
 1.54607e+16	5.24e-03	9.85e-01	9.77e-03
 1.55117e+16	5.59e-03	9.85e-01	9.09e-03
 1.55576e+16	5.94e-03	9.86e-01	8.54e-03
 1.55980e+16	6.29e-03	9.86e-01	8.08e-03
 1.56428e+16	6.71e-03	9.86e-01	7.58e-03
 1.56928e+16	7.24e-03	9.86e-01	7.09e-03
 1.57388e+16	7.81e-03	9.86e-01	6.67e-03
 1.57804e+16	8.39e-03	9.85e-01	6.32e-03
 1.58271e+16	9.13e-03	9.85e-01	5.92e-03
 1.58781e+16	1.01e-02	9.84e-01	5.54e-03
 1.59219e+16	1.11e-02	9.84e-01	5.25e-03
 1.59581e+16	1.20e-02	9.83e-01	5.02e-03
 1.59970e+16	1.31e-02	9.82e-01	4.76e-03
 1.60372e+16	1.46e-02	9.81e-01	4.53e-03
 1.60690e+16	1.59e-02	9.80e-01	4.35e-03
 1.60943e+16	1.72e-02	9.79e-01	4.22e-03
 1.61215e+16	1.87e-02	9.77e-01	4.07e-03
 1.61520e+16	2.06e-02	9.75e-01	3.92e-03
 1.61793e+16	2.27e-02	9.73e-01	3.80e-03
 1.62019e+16	2.47e-02	9.72e-01	3.71e-03
 1.62259e+16	2.71e-02	9.69e-01	3.60e-03
 1.62521e+16	3.02e-02	9.66e-01	3.49e-03
 1.62748e+16	3.36e-02	9.63e-01	3.41e-03
 1.62935e+16	3.67e-02	9.60e-01	3.35e-03
 1.63134e+16	4.05e-02	9.56e-01	3.28e-03
 1.63356e+16	4.54e-02	9.51e-01	3.21e-03
 1.63555e+16	5.09e-02	9.46e-01	3.16e-03
 1.63722e+16	5.62e-02	9.41e-01	3.12e-03
 1.63900e+16	6.29e-02	9.34e-01	3.08e-03
 1.64090e+16	7.09e-02	9.26e-01	3.06e-03
 1.64252e+16	7.94e-02	9.18e-01	3.04e-03
 1.64389e+16	8.76e-02	9.09e-01	3.04e-03
 1.64526e+16	9.71e-02	9.00e-01	3.03e-03
 1.64669e+16	1.08e-01	8.89e-01	3.04e-03
 1.64798e+16	1.20e-01	8.77e-01	3.05e-03
 1.64910e+16	1.31e-01	8.66e-01	3.07e-03
 1.65011e+16	1.42e-01	8.54e-01	3.08e-03
 1.65108e+16	1.54e-01	8.43e-01	3.11e-03
 1.65198e+16	1.67e-01	8.30e-01	3.12e-03
 1.65265e+16	1.76e-01	8.21e-01	3.15e-03
 1.65309e+16	1.83e-01	8.14e-01	3.16e-03
 1.65350e+16	1.90e-01	8.07e-01	3.18e-03
 1.65399e+16	1.98e-01	7.98e-01	3.19e-03
 1.65452e+16	2.08e-01	7.89e-01	3.20e-03
 1.65503e+16	2.17e-01	7.80e-01	3.22e-03
 1.65550e+16	2.26e-01	7.71e-01	3.24e-03
 1.65598e+16	2.36e-01	7.61e-01	3.25e-03
 1.65645e+16	2.46e-01	7.51e-01	3.28e-03
 1.65692e+16	2.57e-01	7.40e-01	3.29e-03
 1.65738e+16	2.67e-01	7.29e-01	3.31e-03
 1.65784e+16	2.78e-01	7.18e-01	3.32e-03
 1.65830e+16	2.90e-01	7.07e-01	3.34e-03
 1.65875e+16	3.02e-01	6.95e-01	3.36e-03
 1.65920e+16	3.14e-01	6.83e-01	3.37e-03
 1.65965e+16	3.26e-01	6.70e-01	3.38e-03
 1.66008e+16	3.39e-01	6.58e-01	3.40e-03
 1.66052e+16	3.52e-01	6.44e-01	3.40e-03
 1.66095e+16	3.65e-01	6.31e-01	3.42e-03
 1.66138e+16	3.79e-01	6.18e-01	3.43e-03
 1.66182e+16	3.93e-01	6.04e-01	3.43e-03
 1.66224e+16	4.07e-01	5.89e-01	3.44e-03
 1.66265e+16	4.21e-01	5.75e-01	3.44e-03
 1.66307e+16	4.36e-01	5.61e-01	3.44e-03
 1.66349e+16	4.51e-01	5.46e-01	3.44e-03
 1.66391e+16	4.66e-01	5.31e-01	3.44e-03
 1.66432e+16	4.81e-01	5.16e-01	3.43e-03
 1.66472e+16	4.96e-01	5.01e-01	3.42e-03
 1.66513e+16	5.11e-01	4.85e-01	3.41e-03
 1.66553e+16	5.27e-01	4.70e-01	3.39e-03
 1.66593e+16	5.42e-01	4.55e-01	3.38e-03
 1.66632e+16	5.57e-01	4.40e-01	3.36e-03
 1.66670e+16	5.71e-01	4.25e-01	3.34e-03
 1.66708e+16	5.86e-01	4.11e-01	3.31e-03
 1.66745e+16	6.01e-01	3.96e-01	3.28e-03
 1.66783e+16	6.15e-01	3.82e-01	3.25e-03
 1.66820e+16	6.29e-01	3.68e-01	3.22e-03
 1.66856e+16	6.42e-01	3.54e-01	3.18e-03
 1.66892e+16	6.56e-01	3.41e-01	3.14e-03
 1.66928e+16	6.69e-01	3.28e-01	3.09e-03
 1.66964e+16	6.82e-01	3.15e-01	3.04e-03
 1.67001e+16	6.95e-01	3.02e-01	2.99e-03
 1.67037e+16	7.08e-01	2.89e-01	2.94e-03
 1.67073e+16	7.20e-01	2.77e-01	2.88e-03
 1.67109e+16	7.32e-01	2.65e-01	2.83e-03
 1.67145e+16	7.43e-01	2.54e-01	2.77e-03
 1.67181e+16	7.55e-01	2.43e-01	2.70e-03
 1.67218e+16	7.66e-01	2.32e-01	2.64e-03
 1.67256e+16	7.77e-01	2.21e-01	2.57e-03
 1.67294e+16	7.87e-01	2.10e-01	2.50e-03
 1.67333e+16	7.97e-01	2.00e-01	2.43e-03
 1.67372e+16	8.07e-01	1.91e-01	2.35e-03
 1.67413e+16	8.17e-01	1.81e-01	2.27e-03
 1.67448e+16	8.25e-01	1.73e-01	2.21e-03
 1.67476e+16	8.30e-01	1.67e-01	2.15e-03
 1.67502e+16	8.36e-01	1.62e-01	2.10e-03
 1.67530e+16	8.42e-01	1.56e-01	2.05e-03
 1.67559e+16	8.47e-01	1.51e-01	2.00e-03
 1.67587e+16	8.52e-01	1.46e-01	1.95e-03
 1.67615e+16	8.57e-01	1.41e-01	1.90e-03
 1.67643e+16	8.61e-01	1.37e-01	1.85e-03
 1.67671e+16	8.65e-01	1.33e-01	1.81e-03
 1.67698e+16	8.69e-01	1.29e-01	1.76e-03
 1.67726e+16	8.73e-01	1.25e-01	1.72e-03
 1.67754e+16	8.77e-01	1.22e-01	1.68e-03
 1.67782e+16	8.80e-01	1.18e-01	1.64e-03
 1.67811e+16	8.83e-01	1.15e-01	1.60e-03
 1.67841e+16	8.86e-01	1.12e-01	1.56e-03
 1.67871e+16	8.89e-01	1.09e-01	1.53e-03
 1.67901e+16	8.92e-01	1.06e-01	1.50e-03
 1.67934e+16	8.95e-01	1.03e-01	1.46e-03
 1.67967e+16	8.98e-01	1.01e-01	1.42e-03
 1.68001e+16	9.00e-01	9.84e-02	1.39e-03
 1.68036e+16	9.03e-01	9.60e-02	1.36e-03
 1.68072e+16	9.05e-01	9.39e-02	1.33e-03
 1.68112e+16	9.07e-01	9.16e-02	1.30e-03
 1.68155e+16	9.09e-01	8.95e-02	1.27e-03
 1.68200e+16	9.11e-01	8.75e-02	1.24e-03
 1.68247e+16	9.13e-01	8.55e-02	1.21e-03
 1.68299e+16	9.15e-01	8.36e-02	1.18e-03
 1.68356e+16	9.17e-01	8.18e-02	1.15e-03
 1.68420e+16	9.19e-01	8.01e-02	1.12e-03
 1.68491e+16	9.21e-01	7.84e-02	1.09e-03
 1.68573e+16	9.22e-01	7.67e-02	1.06e-03
 1.68668e+16	9.24e-01	7.51e-02	1.03e-03
 1.68783e+16	9.25e-01	7.35e-02	1.00e-03
 1.68920e+16	9.27e-01	7.19e-02	9.67e-04
 1.69086e+16	9.29e-01	7.03e-02	9.30e-04
 1.69288e+16	9.30e-01	6.87e-02	8.91e-04
 1.69538e+16	9.32e-01	6.69e-02	8.47e-04
 1.69841e+16	9.34e-01	6.50e-02	7.98e-04
 1.70167e+16	9.36e-01	6.31e-02	7.50e-04
 1.70486e+16	9.38e-01	6.13e-02	7.07e-04
 1.70790e+16	9.40e-01	5.97e-02	6.68e-04
 1.71073e+16	9.41e-01	5.83e-02	6.35e-04
 1.71330e+16	9.42e-01	5.70e-02	6.06e-04
 1.71565e+16	9.44e-01	5.59e-02	5.80e-04
 1.71778e+16	9.45e-01	5.48e-02	5.58e-04
 1.71971e+16	9.46e-01	5.39e-02	5.39e-04
 1.72148e+16	9.46e-01	5.31e-02	5.20e-04
 1.72308e+16	9.47e-01	5.23e-02	5.05e-04
 1.72484e+16	9.48e-01	5.15e-02	4.89e-04
 1.72713e+16	9.49e-01	5.04e-02	4.68e-04
 1.72960e+16	9.50e-01	4.93e-02	4.47e-04
 1.73185e+16	9.51e-01	4.84e-02	4.29e-04
 1.73389e+16	9.52e-01	4.75e-02	4.12e-04
 1.73575e+16	9.53e-01	4.67e-02	3.98e-04
 1.73745e+16	9.54e-01	4.60e-02	3.85e-04
 1.73899e+16	9.54e-01	4.53e-02	3.74e-04
 1.74068e+16	9.55e-01	4.46e-02	3.62e-04
 1.74250e+16	9.56e-01	4.38e-02	3.48e-04
 1.74416e+16	9.56e-01	4.32e-02	3.37e-04
 1.74567e+16	9.57e-01	4.26e-02	3.28e-04
 1.74704e+16	9.58e-01	4.20e-02	3.19e-04
 1.74855e+16	9.58e-01	4.14e-02	3.09e-04
 1.75017e+16	9.59e-01	4.07e-02	2.99e-04
 1.75165e+16	9.60e-01	4.02e-02	2.90e-04
 1.75300e+16	9.60e-01	3.96e-02	2.82e-04
 1.75422e+16	9.61e-01	3.92e-02	2.75e-04
 1.75556e+16	9.61e-01	3.86e-02	2.68e-04
 1.75701e+16	9.62e-01	3.81e-02	2.60e-04
 1.75833e+16	9.62e-01	3.76e-02	2.53e-04
 1.75953e+16	9.63e-01	3.71e-02	2.47e-04
 1.76084e+16	9.63e-01	3.66e-02	2.40e-04
 1.76226e+16	9.64e-01	3.61e-02	2.33e-04
 1.76355e+16	9.64e-01	3.56e-02	2.27e-04
 1.76473e+16	9.65e-01	3.52e-02	2.21e-04
 1.76602e+16	9.65e-01	3.47e-02	2.15e-04
 1.76741e+16	9.66e-01	3.43e-02	2.09e-04
 1.76867e+16	9.66e-01	3.38e-02	2.04e-04
 1.76982e+16	9.66e-01	3.34e-02	1.99e-04
 1.77108e+16	9.67e-01	3.30e-02	1.93e-04
 1.77245e+16	9.67e-01	3.25e-02	1.88e-04
 1.77369e+16	9.68e-01	3.21e-02	1.83e-04
 1.77481e+16	9.68e-01	3.18e-02	1.79e-04
 1.77605e+16	9.68e-01	3.13e-02	1.74e-04
 1.77738e+16	9.69e-01	3.09e-02	1.70e-04
 1.77860e+16	9.69e-01	3.05e-02	1.66e-04
 1.77993e+16	9.70e-01	3.01e-02	1.61e-04
 1.78136e+16	9.70e-01	2.97e-02	1.56e-04
 1.78267e+16	9.71e-01	2.93e-02	1.52e-04
 1.78386e+16	9.71e-01	2.90e-02	1.49e-04
 1.78516e+16	9.71e-01	2.86e-02	1.44e-04
 1.78657e+16	9.72e-01	2.82e-02	1.41e-04
 1.78785e+16	9.72e-01	2.78e-02	1.37e-04
 1.78926e+16	9.72e-01	2.74e-02	1.33e-04
 1.79077e+16	9.73e-01	2.70e-02	1.30e-04
 1.79215e+16	9.73e-01	2.67e-02	1.26e-04
 1.79366e+16	9.74e-01	2.63e-02	1.22e-04
 1.79529e+16	9.74e-01	2.59e-02	1.19e-04
 1.79677e+16	9.74e-01	2.55e-02	1.15e-04
 1.79812e+16	9.75e-01	2.52e-02	1.12e-04
 1.79960e+16	9.75e-01	2.48e-02	1.09e-04
 1.80120e+16	9.75e-01	2.45e-02	1.06e-04
 1.80266e+16	9.76e-01	2.41e-02	1.03e-04
 1.80425e+16	9.76e-01	2.38e-02	1.00e-04
 1.80597e+16	9.77e-01	2.34e-02	9.69e-05
 1.80753e+16	9.77e-01	2.31e-02	9.42e-05
 1.80896e+16	9.77e-01	2.28e-02	9.18e-05
 1.81052e+16	9.77e-01	2.24e-02	8.90e-05
 1.81220e+16	9.78e-01	2.21e-02	8.64e-05
 1.81374e+16	9.78e-01	2.18e-02	8.41e-05
 1.81542e+16	9.78e-01	2.14e-02	8.15e-05
 1.81723e+16	9.79e-01	2.11e-02	7.90e-05
 1.81888e+16	9.79e-01	2.08e-02	7.67e-05
 1.82069e+16	9.79e-01	2.05e-02	7.42e-05
 1.82264e+16	9.80e-01	2.01e-02	7.17e-05
 1.82442e+16	9.80e-01	1.98e-02	6.96e-05
 1.82603e+16	9.80e-01	1.95e-02	6.77e-05
 1.82781e+16	9.81e-01	1.92e-02	6.56e-05
 1.82972e+16	9.81e-01	1.89e-02	6.35e-05
 1.83146e+16	9.81e-01	1.86e-02	6.17e-05
 1.83337e+16	9.82e-01	1.83e-02	5.96e-05
 1.83543e+16	9.82e-01	1.80e-02	5.77e-05
 1.83730e+16	9.82e-01	1.77e-02	5.59e-05
 1.83935e+16	9.83e-01	1.74e-02	5.40e-05
 1.84157e+16	9.83e-01	1.71e-02	5.21e-05
 1.84359e+16	9.83e-01	1.68e-02	5.04e-05
 1.84542e+16	9.83e-01	1.66e-02	4.90e-05
 1.84743e+16	9.84e-01	1.63e-02	4.74e-05
 1.84961e+16	9.84e-01	1.60e-02	4.58e-05
 1.85158e+16	9.84e-01	1.58e-02	4.44e-05
 1.85375e+16	9.84e-01	1.55e-02	4.28e-05
 1.85609e+16	9.85e-01	1.52e-02	4.13e-05
 1.85821e+16	9.85e-01	1.50e-02	4.00e-05
 1.86054e+16	9.85e-01	1.47e-02	3.85e-05
 1.86306e+16	9.86e-01	1.44e-02	3.71e-05
 1.86535e+16	9.86e-01	1.42e-02	3.59e-05
 1.86786e+16	9.86e-01	1.39e-02	3.45e-05
 1.87057e+16	9.86e-01	1.36e-02	3.31e-05
 1.87304e+16	9.87e-01	1.34e-02	3.20e-05
 1.87574e+16	9.87e-01	1.31e-02	3.07e-05
 1.87865e+16	9.87e-01	1.28e-02	2.94e-05
 1.88131e+16	9.87e-01	1.26e-02	2.83e-05
 1.88372e+16	9.88e-01	1.24e-02	2.74e-05
 1.88637e+16	9.88e-01	1.21e-02	2.63e-05
 1.88923e+16	9.88e-01	1.19e-02	2.53e-05
 1.89183e+16	9.88e-01	1.17e-02	2.44e-05
 1.89468e+16	9.89e-01	1.14e-02	2.35e-05
 1.89775e+16	9.89e-01	1.12e-02	2.25e-05
 1.90055e+16	9.89e-01	1.10e-02	2.17e-05
 1.90362e+16	9.89e-01	1.07e-02	2.07e-05
 1.90693e+16	9.89e-01	1.05e-02	1.99e-05
 1.90994e+16	9.90e-01	1.03e-02	1.91e-05
 1.91325e+16	9.90e-01	1.01e-02	1.82e-05
 1.91681e+16	9.90e-01	9.83e-03	1.74e-05
 1.92005e+16	9.90e-01	9.63e-03	1.67e-05
 1.92361e+16	9.91e-01	9.40e-03	1.59e-05
 1.92745e+16	9.91e-01	9.17e-03	1.52e-05
 1.93094e+16	9.91e-01	8.98e-03	1.45e-05
 1.93477e+16	9.91e-01	8.75e-03	1.38e-05
 1.93890e+16	9.91e-01	8.53e-03	1.32e-05
 1.94266e+16	9.92e-01	8.34e-03	1.26e-05
 1.94678e+16	9.92e-01	8.12e-03	1.19e-05
 1.95122e+16	9.92e-01	7.91e-03	1.13e-05
 1.95527e+16	9.92e-01	7.72e-03	1.08e-05
 1.95971e+16	9.92e-01	7.51e-03	1.02e-05
 1.96449e+16	9.93e-01	7.30e-03	9.67e-06
 1.96885e+16	9.93e-01	7.12e-03	9.20e-06
 1.97362e+16	9.93e-01	6.91e-03	8.69e-06
 1.97878e+16	9.93e-01	6.71e-03	8.20e-06
 1.98443e+16	9.94e-01	6.49e-03	7.67e-06
 1.99138e+16	9.94e-01	6.23e-03	7.08e-06
 1.99890e+16	9.94e-01	5.97e-03	6.51e-06
 2.00646e+16	9.94e-01	5.73e-03	6.00e-06
 2.01421e+16	9.95e-01	5.49e-03	5.52e-06
 2.02231e+16	9.95e-01	5.26e-03	5.06e-06
 2.03071e+16	9.95e-01	5.02e-03	4.63e-06
 2.03941e+16	9.95e-01	4.80e-03	4.23e-06
 2.04841e+16	9.95e-01	4.58e-03	3.85e-06
 2.05770e+16	9.96e-01	4.37e-03	3.51e-06
 2.06720e+16	9.96e-01	4.16e-03	3.19e-06
 2.07685e+16	9.96e-01	3.96e-03	2.90e-06
 2.08667e+16	9.96e-01	3.78e-03	2.63e-06
 2.09667e+16	9.96e-01	3.60e-03	2.39e-06
 2.10686e+16	9.97e-01	3.42e-03	2.17e-06
 2.11723e+16	9.97e-01	3.26e-03	1.96e-06
 2.12779e+16	9.97e-01	3.10e-03	1.78e-06
 2.13838e+16	9.97e-01	2.95e-03	1.62e-06
 2.14912e+16	9.97e-01	2.81e-03	1.46e-06
 2.16026e+16	9.97e-01	2.67e-03	1.32e-06
 2.17166e+16	9.97e-01	2.53e-03	1.19e-06
 2.18324e+16	9.98e-01	2.40e-03	1.08e-06
 2.19500e+16	9.98e-01	2.28e-03	9.71e-07
 2.20700e+16	9.98e-01	2.16e-03	8.74e-07
 2.21922e+16	9.98e-01	2.05e-03	7.86e-07
 2.23167e+16	9.98e-01	1.94e-03	7.06e-07
 2.24436e+16	9.98e-01	1.84e-03	6.34e-07
 2.25731e+16	9.98e-01	1.74e-03	5.68e-07
 2.27052e+16	9.98e-01	1.65e-03	5.08e-07
 2.28400e+16	9.98e-01	1.56e-03	4.54e-07
 2.29775e+16	9.99e-01	1.47e-03	4.06e-07
 2.31180e+16	9.99e-01	1.39e-03	3.61e-07
 2.32614e+16	9.99e-01	1.31e-03	3.22e-07
 2.34079e+16	9.99e-01	1.23e-03	2.86e-07
 2.35577e+16	9.99e-01	1.16e-03	2.53e-07
 2.37109e+16	9.99e-01	1.09e-03	2.24e-07
 2.38678e+16	9.99e-01	1.02e-03	1.98e-07
 2.40284e+16	9.99e-01	9.61e-04	1.75e-07
 2.41931e+16	9.99e-01	9.01e-04	1.53e-07
 2.43620e+16	9.99e-01	8.43e-04	1.35e-07
 2.45354e+16	9.99e-01	7.88e-04	1.18e-07
 2.47136e+16	9.99e-01	7.36e-04	1.03e-07
 2.48967e+16	9.99e-01	6.86e-04	8.93e-08
 2.50853e+16	9.99e-01	6.39e-04	7.75e-08
 2.52758e+16	9.99e-01	5.95e-04	6.72e-08
 2.54714e+16	9.99e-01	5.53e-04	5.80e-08
 2.56789e+16	9.99e-01	5.11e-04	4.97e-08
 2.58958e+16	1.00e+00	4.71e-04	4.23e-08
 2.61196e+16	1.00e+00	4.34e-04	3.59e-08
 2.63515e+16	1.00e+00	3.98e-04	3.02e-08
 2.65934e+16	1.00e+00	3.65e-04	2.53e-08
 2.68467e+16	1.00e+00	3.32e-04	2.11e-08
 2.71124e+16	1.00e+00	3.02e-04	1.74e-08
 2.73926e+16	1.00e+00	2.73e-04	1.42e-08
 2.76889e+16	1.00e+00	2.45e-04	1.15e-08
 2.80025e+16	1.00e+00	2.19e-04	9.17e-09
 2.83387e+16	1.00e+00	1.95e-04	7.22e-09
 2.87007e+16	1.00e+00	1.71e-04	5.59e-09
 2.90901e+16	1.00e+00	1.49e-04	4.25e-09
 2.95138e+16	1.00e+00	1.29e-04	3.16e-09
 2.99812e+16	1.00e+00	1.09e-04	2.28e-09
 3.05037e+16	1.00e+00	9.12e-05	1.59e-09
 3.11126e+16	1.00e+00	7.39e-05	1.04e-09
 3.18205e+16	1.00e+00	5.83e-05	6.49e-10
 3.25776e+16	1.00e+00	4.54e-05	3.94e-10
 3.33283e+16	1.00e+00	3.56e-05	2.43e-10
 3.40630e+16	1.00e+00	2.81e-05	1.52e-10
 3.48021e+16	1.00e+00	2.23e-05	9.56e-11
 3.55566e+16	1.00e+00	1.76e-05	5.99e-11
 3.63265e+16	1.00e+00	1.39e-05	3.74e-11
 3.71091e+16	1.00e+00	1.10e-05	2.35e-11
 3.79055e+16	1.00e+00	8.68e-06	1.47e-11
 3.87191e+16	1.00e+00	6.85e-06	9.17e-12
 3.95472e+16	1.00e+00	5.41e-06	5.73e-12
 4.03931e+16	1.00e+00	4.27e-06	3.59e-12
 4.12656e+16	1.00e+00	3.36e-06	2.23e-12
 4.21639e+16	1.00e+00	2.64e-06	1.38e-12
 4.30831e+16	1.00e+00	2.07e-06	8.49e-13
 4.40237e+16	1.00e+00	1.62e-06	5.23e-13
 4.49921e+16	1.00e+00	1.27e-06	3.20e-13
 4.59948e+16	1.00e+00	9.87e-07	1.94e-13
 4.70343e+16	1.00e+00	7.66e-07	1.17e-13
 4.81149e+16	1.00e+00	5.91e-07	6.98e-14
 4.92446e+16	1.00e+00	4.53e-07	4.11e-14
 5.04316e+16	1.00e+00	3.45e-07	2.38e-14
 5.16879e+16	1.00e+00	2.59e-07	1.35e-14
 5.30287e+16	1.00e+00	1.93e-07	7.50e-15
 5.44769e+16	1.00e+00	1.41e-07	4.01e-15
 5.60149e+16	1.00e+00	1.02e-07	2.11e-15
 5.75809e+16	1.00e+00	7.44e-08	1.12e-15
 5.91468e+16	1.00e+00	5.46e-08	6.02e-16
 6.07128e+16	1.00e+00	4.03e-08	3.29e-16
 6.22787e+16	1.00e+00	3.00e-08	1.82e-16
 6.38447e+16	1.00e+00	2.25e-08	1.02e-16
 6.56179e+16	1.00e+00	1.62e-08	5.33e-17
 6.76568e+16	1.00e+00	1.13e-08	2.61e-17
 6.97586e+16	1.00e+00	7.93e-09	1.28e-17
 7.18650e+16	1.00e+00	5.60e-09	6.39e-18
 7.39876e+16	1.00e+00	3.99e-09	3.24e-18
 7.61353e+16	1.00e+00	2.85e-09	1.66e-18
 7.83001e+16	1.00e+00	2.05e-09	8.61e-19
 8.04669e+16	1.00e+00	1.49e-09	4.54e-19
 8.26227e+16	1.00e+00	1.09e-09	2.44e-19
 8.47645e+16	1.00e+00	8.09e-10	1.34e-19
 8.68825e+16	1.00e+00	6.05e-10	7.48e-20
 8.89667e+16	1.00e+00	4.57e-10	4.28e-20
 9.10097e+16	1.00e+00	3.49e-10	2.50e-20
 9.30016e+16	1.00e+00	2.70e-10	1.50e-20
 9.49359e+16	1.00e+00	2.12e-10	9.20e-21
 9.68069e+16	1.00e+00	1.68e-10	0.00e+00
 9.86093e+16	1.00e+00	1.35e-10	0.00e+00
 1.00342e+17	1.00e+00	1.09e-10	0.00e+00
 1.02004e+17	1.00e+00	8.98e-11	0.00e+00
 1.03593e+17	1.00e+00	7.46e-11	0.00e+00
 1.05108e+17	1.00e+00	6.27e-11	0.00e+00
 1.06552e+17	1.00e+00	5.32e-11	0.00e+00
 1.07925e+17	1.00e+00	4.56e-11	0.00e+00
 1.09231e+17	1.00e+00	3.95e-11	0.00e+00
 1.10472e+17	1.00e+00	3.45e-11	0.00e+00
 1.11650e+17	1.00e+00	3.04e-11	0.00e+00
 1.12768e+17	1.00e+00	2.70e-11	0.00e+00
 1.13828e+17	1.00e+00	2.41e-11	0.00e+00
 1.14834e+17	1.00e+00	2.17e-11	0.00e+00
 1.15788e+17	1.00e+00	1.96e-11	0.00e+00
 1.16693e+17	1.00e+00	1.79e-11	0.00e+00
 1.17552e+17	1.00e+00	1.64e-11	0.00e+00
 1.18366e+17	1.00e+00	1.51e-11	0.00e+00
 1.19139e+17	1.00e+00	1.40e-11	0.00e+00
 1.19873e+17	1.00e+00	1.30e-11	0.00e+00
 1.20569e+17	1.00e+00	1.21e-11	0.00e+00
 1.21229e+17	1.00e+00	1.14e-11	0.00e+00
 1.21856e+17	1.00e+00	1.07e-11	0.00e+00
 1.22452e+17	1.00e+00	1.01e-11	0.00e+00
 1.23019e+17	1.00e+00	9.59e-12	0.00e+00
 1.23558e+17	1.00e+00	9.10e-12	0.00e+00
 1.24070e+17	1.00e+00	8.67e-12	0.00e+00
 1.24558e+17	1.00e+00	8.28e-12	0.00e+00
 1.25022e+17	1.00e+00	7.93e-12	0.00e+00
 1.25464e+17	1.00e+00	7.61e-12	0.00e+00
 1.25885e+17	1.00e+00	7.32e-12	0.00e+00
 1.26287e+17	1.00e+00	7.06e-12	0.00e+00
 1.26671e+17	1.00e+00	6.82e-12	0.00e+00
 1.27038e+17	1.00e+00	6.60e-12	0.00e+00
 1.27388e+17	1.00e+00	6.39e-12	0.00e+00
 1.27723e+17	1.00e+00	6.20e-12	0.00e+00
 1.28044e+17	1.00e+00	6.03e-12	0.00e+00
 1.28352e+17	1.00e+00	5.86e-12	0.00e+00
 1.28648e+17	1.00e+00	5.72e-12	0.00e+00
 1.28932e+17	1.00e+00	5.57e-12	0.00e+00
 1.29206e+17	1.00e+00	5.44e-12	0.00e+00
 1.29469e+17	1.00e+00	5.32e-12	0.00e+00
 1.29725e+17	1.00e+00	5.20e-12	0.00e+00
 1.29971e+17	1.00e+00	5.09e-12	0.00e+00
 1.30211e+17	1.00e+00	4.99e-12	0.00e+00
 1.30444e+17	1.00e+00	4.89e-12	0.00e+00
 1.30672e+17	1.00e+00	4.80e-12	0.00e+00
 1.30895e+17	1.00e+00	4.71e-12	0.00e+00
 1.31113e+17	1.00e+00	4.62e-12	0.00e+00
 1.31329e+17	1.00e+00	4.54e-12	0.00e+00
 1.31543e+17	1.00e+00	4.45e-12	0.00e+00
 1.31756e+17	1.00e+00	4.38e-12	0.00e+00
 1.31969e+17	1.00e+00	4.30e-12	0.00e+00
 1.32185e+17	1.00e+00	4.22e-12	0.00e+00
 1.32403e+17	1.00e+00	4.14e-12	0.00e+00
 1.32627e+17	1.00e+00	4.07e-12	0.00e+00
 1.32859e+17	1.00e+00	3.99e-12	0.00e+00
 1.33101e+17	1.00e+00	3.91e-12	0.00e+00
 1.33358e+17	1.00e+00	3.83e-12	0.00e+00
 1.33635e+17	1.00e+00	3.74e-12	0.00e+00
 1.33937e+17	1.00e+00	3.65e-12	0.00e+00
 1.34275e+17	1.00e+00	3.55e-12	0.00e+00
 1.34662e+17	1.00e+00	3.44e-12	0.00e+00
 1.35116e+17	1.00e+00	3.32e-12	0.00e+00
 1.35668e+17	1.00e+00	3.17e-12	0.00e+00
 1.36364e+17	1.00e+00	3.00e-12	0.00e+00
 1.37264e+17	1.00e+00	2.79e-12	0.00e+00
 1.38434e+17	1.00e+00	2.54e-12	0.00e+00
 1.39955e+17	1.00e+00	2.26e-12	0.00e+00
 1.41933e+17	1.00e+00	1.95e-12	0.00e+00
 1.44503e+17	1.00e+00	1.62e-12	0.00e+00
 1.47845e+17	1.00e+00	1.29e-12	0.00e+00
 1.51956e+17	1.00e+00	9.91e-13	0.00e+00
 1.56420e+17	1.00e+00	7.65e-13	0.00e+00
 1.60971e+17	1.00e+00	6.15e-13	0.00e+00
 1.66280e+17	1.00e+00	5.00e-13	0.00e+00
 1.72666e+17	1.00e+00	3.84e-13	0.00e+00
 1.79572e+17	1.00e+00	3.02e-13	0.00e+00
 1.86755e+17	1.00e+00	2.52e-13	0.00e+00
 1.94225e+17	1.00e+00	2.17e-13	0.00e+00
 2.01994e+17	1.00e+00	1.89e-13	0.00e+00
 2.10074e+17	1.00e+00	1.66e-13	0.00e+00
 2.18477e+17	1.00e+00	1.45e-13	0.00e+00
 2.27216e+17	1.00e+00	1.26e-13	0.00e+00
 2.36305e+17	1.00e+00	1.09e-13	0.00e+00
 2.45238e+17	1.00e+00	9.28e-14	0.00e+00
 2.53230e+17	1.00e+00	8.68e-14	0.00e+00
 2.60182e+17	1.00e+00	8.66e-14	0.00e+00
 2.66555e+17	1.00e+00	8.51e-14	0.00e+00
 2.72754e+17	1.00e+00	7.96e-14	0.00e+00
 2.78762e+17	1.00e+00	7.17e-14	0.00e+00
 2.84058e+17	1.00e+00	6.48e-14	0.00e+00
 2.87873e+17	1.00e+00	6.19e-14	0.00e+00
 2.90071e+17	1.00e+00	6.28e-14	0.00e+00
 2.91277e+17	1.00e+00	6.41e-14	0.00e+00
 2.92001e+17	1.00e+00	6.48e-14	0.00e+00
 2.92435e+17	1.00e+00	6.52e-14	0.00e+00
 2.92738e+17	1.00e+00	6.54e-14	0.00e+00
 2.93030e+17	1.00e+00	6.55e-14	0.00e+00
 2.93369e+17	1.00e+00	6.56e-14	0.00e+00
 2.93758e+17	1.00e+00	6.56e-14	0.00e+00
 2.94115e+17	1.00e+00	6.56e-14	0.00e+00
 2.94372e+17	1.00e+00	6.55e-14	0.00e+00
 2.94592e+17	1.00e+00	6.54e-14	0.00e+00
 2.94847e+17	1.00e+00	6.53e-14	0.00e+00
 2.95116e+17	1.00e+00	6.52e-14	0.00e+00
 2.95352e+17	1.00e+00	6.50e-14	0.00e+00
 2.95547e+17	1.00e+00	6.49e-14	0.00e+00
 2.95723e+17	1.00e+00	6.47e-14	0.00e+00
 2.95905e+17	1.00e+00	6.46e-14	0.00e+00
 2.96102e+17	1.00e+00	6.44e-14	0.00e+00
 2.96292e+17	1.00e+00	6.42e-14	0.00e+00
 2.96451e+17	1.00e+00	6.40e-14	0.00e+00
 2.96588e+17	1.00e+00	6.39e-14	0.00e+00
 2.96732e+17	1.00e+00	6.38e-14	0.00e+00
 2.96886e+17	1.00e+00	6.36e-14	0.00e+00
 2.97036e+17	1.00e+00	6.34e-14	0.00e+00
 2.97170e+17	1.00e+00	6.32e-14	0.00e+00
 2.97291e+17	1.00e+00	6.30e-14	0.00e+00
 2.97415e+17	1.00e+00	6.29e-14	0.00e+00
 2.97542e+17	1.00e+00	6.27e-14	0.00e+00
 2.97670e+17	1.00e+00	6.25e-14	0.00e+00
 2.97790e+17	1.00e+00	6.23e-14	0.00e+00
 2.97905e+17	1.00e+00	6.21e-14	0.00e+00
 2.98021e+17	1.00e+00	6.19e-14	0.00e+00
 2.98138e+17	1.00e+00	6.17e-14	0.00e+00
 2.98255e+17	1.00e+00	6.15e-14	0.00e+00
 2.98371e+17	1.00e+00	6.13e-14	0.00e+00
 2.98481e+17	1.00e+00	6.11e-14	0.00e+00
 2.98587e+17	1.00e+00	6.10e-14	0.00e+00
 2.98699e+17	1.00e+00	6.07e-14	0.00e+00
 2.98819e+17	1.00e+00	6.05e-14	0.00e+00
 2.98937e+17	1.00e+00	6.02e-14	0.00e+00
 2.99052e+17	1.00e+00	6.00e-14	0.00e+00
 2.99165e+17	1.00e+00	5.98e-14	0.00e+00
 2.99281e+17	1.00e+00	5.96e-14	0.00e+00
 2.99405e+17	1.00e+00	5.93e-14	0.00e+00
 2.99534e+17	1.00e+00	5.90e-14	0.00e+00
 2.99658e+17	1.00e+00	5.87e-14	0.00e+00
 2.99780e+17	1.00e+00	5.85e-14	0.00e+00
 2.99916e+17	1.00e+00	5.82e-14	0.00e+00
 3.00063e+17	1.00e+00	5.78e-14	0.00e+00
 3.00204e+17	1.00e+00	5.75e-14	0.00e+00
 3.00336e+17	1.00e+00	5.71e-14	0.00e+00
 3.00471e+17	1.00e+00	5.68e-14	0.00e+00
 3.00614e+17	1.00e+00	5.65e-14	0.00e+00
 3.00759e+17	1.00e+00	5.61e-14	0.00e+00
 3.00916e+17	1.00e+00	5.57e-14	0.00e+00
 3.01076e+17	1.00e+00	5.53e-14	0.00e+00
 3.01236e+17	1.00e+00	5.49e-14	0.00e+00
 3.01408e+17	1.00e+00	5.45e-14	0.00e+00
 3.01584e+17	1.00e+00	5.41e-14	0.00e+00
 3.01759e+17	1.00e+00	5.36e-14	0.00e+00
 3.01929e+17	1.00e+00	5.31e-14	0.00e+00
 3.02101e+17	1.00e+00	5.27e-14	0.00e+00
 3.02291e+17	1.00e+00	5.22e-14	0.00e+00
 3.02498e+17	1.00e+00	5.17e-14	0.00e+00
 3.02709e+17	1.00e+00	5.11e-14	0.00e+00
 3.02911e+17	1.00e+00	5.05e-14	0.00e+00
 3.03111e+17	1.00e+00	5.00e-14	0.00e+00
 3.03325e+17	1.00e+00	4.94e-14	0.00e+00
 3.03554e+17	1.00e+00	4.88e-14	0.00e+00
 3.03792e+17	1.00e+00	4.81e-14	0.00e+00
 3.04032e+17	1.00e+00	4.74e-14	0.00e+00
 3.04271e+17	1.00e+00	4.68e-14	0.00e+00
 3.04516e+17	1.00e+00	4.61e-14	0.00e+00
 3.04767e+17	1.00e+00	4.54e-14	0.00e+00
 3.05041e+17	1.00e+00	4.47e-14	0.00e+00
 3.05327e+17	1.00e+00	4.39e-14	0.00e+00
 3.05605e+17	1.00e+00	4.31e-14	0.00e+00
 3.05879e+17	1.00e+00	4.23e-14	0.00e+00
 3.06170e+17	1.00e+00	4.15e-14	0.00e+00
 3.06491e+17	1.00e+00	4.07e-14	0.00e+00
 3.06822e+17	1.00e+00	3.97e-14	0.00e+00
 3.07136e+17	1.00e+00	3.88e-14	0.00e+00
 3.07446e+17	1.00e+00	3.80e-14	0.00e+00
 3.07776e+17	1.00e+00	3.71e-14	0.00e+00
 3.08124e+17	1.00e+00	3.62e-14	0.00e+00
 3.08487e+17	1.00e+00	3.52e-14	0.00e+00
 3.08858e+17	1.00e+00	3.42e-14	0.00e+00
 3.09230e+17	1.00e+00	3.33e-14	0.00e+00
 3.09606e+17	1.00e+00	3.23e-14	0.00e+00
 3.09994e+17	1.00e+00	3.13e-14	0.00e+00
 3.10393e+17	1.00e+00	3.03e-14	0.00e+00
 3.10804e+17	1.00e+00	2.93e-14	0.00e+00
 3.11220e+17	1.00e+00	2.83e-14	0.00e+00
 3.11649e+17	1.00e+00	2.72e-14	0.00e+00
 3.12095e+17	1.00e+00	2.62e-14	0.00e+00
 3.12543e+17	1.00e+00	2.51e-14	0.00e+00
 3.12991e+17	1.00e+00	2.41e-14	0.00e+00
 3.13467e+17	1.00e+00	2.31e-14	0.00e+00
 3.13969e+17	1.00e+00	2.20e-14	0.00e+00
 3.14463e+17	1.00e+00	2.10e-14	0.00e+00
 3.14951e+17	1.00e+00	2.00e-14	0.00e+00
 3.15460e+17	1.00e+00	1.90e-14	0.00e+00
 3.16004e+17	1.00e+00	1.80e-14	0.00e+00
 3.16569e+17	1.00e+00	1.70e-14	0.00e+00
 3.17154e+17	1.00e+00	1.59e-14	0.00e+00
 3.17752e+17	1.00e+00	1.49e-14	0.00e+00
 3.18352e+17	1.00e+00	1.39e-14	0.00e+00
 3.18962e+17	1.00e+00	1.30e-14	0.00e+00
 3.19602e+17	1.00e+00	1.21e-14	0.00e+00
 3.20255e+17	1.00e+00	1.12e-14	0.00e+00
 3.20856e+17	1.00e+00	1.04e-14	0.00e+00
 3.21373e+17	1.00e+00	9.69e-15	0.00e+00
 3.21826e+17	1.00e+00	9.14e-15	0.00e+00
 3.22258e+17	1.00e+00	8.65e-15	0.00e+00
 3.22692e+17	1.00e+00	8.19e-15	0.00e+00
 3.23118e+17	1.00e+00	7.74e-15	0.00e+00
 3.23521e+17	1.00e+00	7.33e-15	0.00e+00
 3.23895e+17	1.00e+00	6.96e-15	0.00e+00
 3.24248e+17	1.00e+00	6.62e-15	0.00e+00
 3.24589e+17	1.00e+00	6.32e-15	0.00e+00
 3.24923e+17	1.00e+00	6.02e-15	0.00e+00
 3.25247e+17	1.00e+00	5.74e-15	0.00e+00
 3.25555e+17	1.00e+00	5.48e-15	0.00e+00
 3.25848e+17	1.00e+00	5.24e-15	0.00e+00
 3.26129e+17	1.00e+00	5.02e-15	0.00e+00
 3.26402e+17	1.00e+00	4.81e-15	0.00e+00
 3.26665e+17	1.00e+00	4.60e-15	0.00e+00
 3.26919e+17	1.00e+00	4.43e-15	0.00e+00
 3.27164e+17	1.00e+00	4.24e-15	0.00e+00
 3.27397e+17	1.00e+00	4.09e-15	0.00e+00
 3.27622e+17	1.00e+00	3.93e-15	0.00e+00
 3.27844e+17	1.00e+00	3.78e-15	0.00e+00
 3.28059e+17	1.00e+00	3.64e-15	0.00e+00
 3.28266e+17	1.00e+00	3.51e-15	0.00e+00
 3.28466e+17	1.00e+00	3.38e-15	0.00e+00
 3.28661e+17	1.00e+00	3.27e-15	0.00e+00
 3.28853e+17	1.00e+00	3.16e-15	0.00e+00
 3.29040e+17	1.00e+00	3.05e-15	0.00e+00
 3.29224e+17	1.00e+00	2.95e-15	0.00e+00
 3.29402e+17	1.00e+00	2.85e-15	0.00e+00
 3.29605e+17	1.00e+00	2.76e-15	0.00e+00
 3.29869e+17	1.00e+00	2.65e-15	0.00e+00
 3.30212e+17	1.00e+00	2.50e-15	0.00e+00
 3.30658e+17	1.00e+00	2.32e-15	0.00e+00
 3.31237e+17	1.00e+00	2.10e-15	0.00e+00
 3.31991e+17	1.00e+00	1.85e-15	0.00e+00
 3.32843e+17	1.00e+00	1.56e-15	0.00e+00
 3.33609e+17	1.00e+00	1.32e-15	0.00e+00
 3.34210e+17	1.00e+00	1.15e-15	0.00e+00
 3.34715e+17	1.00e+00	1.03e-15	0.00e+00
 3.35226e+17	1.00e+00	9.35e-16	0.00e+00
 3.35797e+17	1.00e+00	8.39e-16	0.00e+00
 3.36408e+17	1.00e+00	7.40e-16	0.00e+00
 3.37005e+17	1.00e+00	6.52e-16	0.00e+00
 3.37566e+17	1.00e+00	5.79e-16	0.00e+00
 3.38113e+17	1.00e+00	5.18e-16	0.00e+00
 3.38681e+17	1.00e+00	4.62e-16	0.00e+00
 3.39287e+17	1.00e+00	4.10e-16	0.00e+00
 3.39922e+17	1.00e+00	3.60e-16	0.00e+00
 3.40575e+17	1.00e+00	3.15e-16	0.00e+00
 3.41251e+17	1.00e+00	2.75e-16	0.00e+00
 3.41973e+17	1.00e+00	2.38e-16	0.00e+00
 3.42776e+17	1.00e+00	2.04e-16	0.00e+00
 3.43694e+17	1.00e+00	1.71e-16	0.00e+00
 3.44778e+17	1.00e+00	1.40e-16	0.00e+00
 3.46124e+17	1.00e+00	1.10e-16	0.00e+00
 3.47861e+17	1.00e+00	8.05e-17	0.00e+00
 3.50119e+17	1.00e+00	5.40e-17	0.00e+00
 3.53055e+17	1.00e+00	3.23e-17	0.00e+00
 3.56872e+17	1.00e+00	1.68e-17	0.00e+00
 3.61833e+17	1.00e+00	7.25e-18	0.00e+00
 3.68283e+17	1.00e+00	2.67e-18	0.00e+00
 3.76667e+17	1.00e+00	8.21e-19	0.00e+00
 3.87568e+17	1.00e+00	2.42e-19	0.00e+00
 4.01603e+17	1.00e+00	6.87e-20	0.00e+00
 4.17667e+17	1.00e+00	1.84e-20	0.00e+00
 4.33195e+17	1.00e+00	5.76e-21	0.00e+00
 4.46641e+17	1.00e+00	2.31e-21	0.00e+00
 4.58108e+17	1.00e+00	1.13e-21	0.00e+00
 4.68692e+17	1.00e+00	6.03e-22	0.00e+00
 4.80714e+17	1.00e+00	3.01e-22	0.00e+00
 4.93397e+17	1.00e+00	1.50e-22	0.00e+00
 5.03346e+17	1.00e+00	8.88e-23	0.00e+00
 5.10522e+17	1.00e+00	6.23e-23	0.00e+00
 5.17686e+17	1.00e+00	4.37e-23	0.00e+00
