#depth	He	He+	He+2
 1.49634e+10	7.30e-23	5.05e-11	1.00e+00
 4.54887e+10	8.12e-23	5.47e-11	1.00e+00
 7.72350e+10	9.00e-23	5.92e-11	1.00e+00
 1.10251e+11	9.99e-23	6.41e-11	1.00e+00
 1.44588e+11	1.11e-22	6.95e-11	1.00e+00
 1.80298e+11	1.23e-22	7.53e-11	1.00e+00
 2.17437e+11	1.37e-22	8.15e-11	1.00e+00
 2.56061e+11	1.52e-22	8.83e-11	1.00e+00
 2.96231e+11	1.69e-22	9.57e-11	1.00e+00
 3.38007e+11	1.88e-22	1.04e-10	1.00e+00
 3.81454e+11	2.10e-22	1.12e-10	1.00e+00
 4.26639e+11	2.34e-22	1.22e-10	1.00e+00
 4.73631e+11	2.62e-22	1.32e-10	1.00e+00
 5.22503e+11	2.93e-22	1.43e-10	1.00e+00
 5.73330e+11	3.28e-22	1.55e-10	1.00e+00
 6.26190e+11	3.67e-22	1.68e-10	1.00e+00
 6.81164e+11	4.12e-22	1.83e-10	1.00e+00
 7.38337e+11	4.63e-22	1.98e-10	1.00e+00
 7.97798e+11	5.21e-22	2.15e-10	1.00e+00
 8.59636e+11	5.86e-22	2.33e-10	1.00e+00
 9.23949e+11	6.62e-22	2.53e-10	1.00e+00
 9.90833e+11	7.47e-22	2.75e-10	1.00e+00
 1.06039e+12	8.45e-22	2.98e-10	1.00e+00
 1.13274e+12	9.58e-22	3.24e-10	1.00e+00
 1.20797e+12	1.09e-21	3.52e-10	1.00e+00
 1.28622e+12	1.23e-21	3.83e-10	1.00e+00
 1.36759e+12	1.40e-21	4.16e-10	1.00e+00
 1.45222e+12	1.60e-21	4.52e-10	1.00e+00
 1.54024e+12	1.83e-21	4.92e-10	1.00e+00
 1.63178e+12	2.09e-21	5.35e-10	1.00e+00
 1.72697e+12	2.39e-21	5.82e-10	1.00e+00
 1.82598e+12	2.74e-21	6.33e-10	1.00e+00
 1.92895e+12	3.15e-21	6.89e-10	1.00e+00
 2.03603e+12	3.62e-21	7.51e-10	1.00e+00
 2.14740e+12	4.17e-21	8.18e-10	1.00e+00
 2.26322e+12	4.81e-21	8.91e-10	1.00e+00
 2.38368e+12	5.56e-21	9.71e-10	1.00e+00
 2.50895e+12	6.43e-21	1.06e-09	1.00e+00
 2.63924e+12	7.45e-21	1.15e-09	1.00e+00
 2.77473e+12	8.65e-21	1.26e-09	1.00e+00
 2.91565e+12	1.01e-20	1.37e-09	1.00e+00
 3.06220e+12	1.17e-20	1.50e-09	1.00e+00
 3.21461e+12	1.36e-20	1.63e-09	1.00e+00
 3.37313e+12	1.59e-20	1.78e-09	1.00e+00
 3.53798e+12	1.86e-20	1.95e-09	1.00e+00
 3.70942e+12	2.18e-20	2.13e-09	1.00e+00
 3.88773e+12	2.56e-20	2.32e-09	1.00e+00
 4.07316e+12	3.00e-20	2.54e-09	1.00e+00
 4.26602e+12	3.53e-20	2.77e-09	1.00e+00
 4.46658e+12	4.15e-20	3.03e-09	1.00e+00
 4.67517e+12	4.89e-20	3.31e-09	1.00e+00
 4.89211e+12	5.77e-20	3.62e-09	1.00e+00
 5.11772e+12	6.81e-20	3.96e-09	1.00e+00
 5.35235e+12	8.06e-20	4.33e-09	1.00e+00
 5.59638e+12	9.54e-20	4.74e-09	1.00e+00
 5.85016e+12	1.13e-19	5.19e-09	1.00e+00
 6.11409e+12	1.34e-19	5.67e-09	1.00e+00
 6.38858e+12	1.59e-19	6.21e-09	1.00e+00
 6.67405e+12	1.89e-19	6.80e-09	1.00e+00
 6.97094e+12	2.25e-19	7.44e-09	1.00e+00
 7.27970e+12	2.67e-19	8.15e-09	1.00e+00
 7.60082e+12	3.18e-19	8.92e-09	1.00e+00
 7.93478e+12	3.79e-19	9.77e-09	1.00e+00
 8.28210e+12	4.52e-19	1.07e-08	1.00e+00
 8.64331e+12	5.39e-19	1.17e-08	1.00e+00
 9.01897e+12	6.43e-19	1.28e-08	1.00e+00
 9.40965e+12	7.68e-19	1.41e-08	1.00e+00
 9.81596e+12	9.17e-19	1.54e-08	1.00e+00
 1.02385e+13	1.10e-18	1.69e-08	1.00e+00
 1.06780e+13	1.31e-18	1.85e-08	1.00e+00
 1.11350e+13	1.56e-18	2.02e-08	1.00e+00
 1.16104e+13	1.87e-18	2.22e-08	1.00e+00
 1.21047e+13	2.23e-18	2.43e-08	1.00e+00
 1.26188e+13	2.67e-18	2.66e-08	1.00e+00
 1.31535e+13	3.19e-18	2.91e-08	1.00e+00
 1.37096e+13	3.82e-18	3.19e-08	1.00e+00
 1.42879e+13	4.56e-18	3.49e-08	1.00e+00
 1.48893e+13	5.46e-18	3.83e-08	1.00e+00
 1.55148e+13	6.52e-18	4.19e-08	1.00e+00
 1.61653e+13	7.80e-18	4.59e-08	1.00e+00
 1.68419e+13	9.32e-18	5.02e-08	1.00e+00
 1.75455e+13	1.11e-17	5.50e-08	1.00e+00
 1.82772e+13	1.33e-17	6.02e-08	1.00e+00
 1.90383e+13	1.59e-17	6.58e-08	1.00e+00
 1.98297e+13	1.90e-17	7.20e-08	1.00e+00
 2.06528e+13	2.27e-17	7.88e-08	1.00e+00
 2.15089e+13	2.71e-17	8.62e-08	1.00e+00
 2.23991e+13	3.23e-17	9.43e-08	1.00e+00
 2.33250e+13	3.85e-17	1.03e-07	1.00e+00
 2.42880e+13	4.60e-17	1.13e-07	1.00e+00
 2.52894e+13	5.48e-17	1.23e-07	1.00e+00
 2.63309e+13	6.54e-17	1.35e-07	1.00e+00
 2.74141e+13	7.79e-17	1.47e-07	1.00e+00
 2.85406e+13	9.28e-17	1.61e-07	1.00e+00
 2.97121e+13	1.11e-16	1.75e-07	1.00e+00
 3.09305e+13	1.32e-16	1.92e-07	1.00e+00
 3.21977e+13	1.57e-16	2.09e-07	1.00e+00
 3.35155e+13	1.87e-16	2.28e-07	1.00e+00
 3.48861e+13	2.22e-16	2.49e-07	1.00e+00
 3.63114e+13	2.65e-16	2.72e-07	1.00e+00
 3.77938e+13	3.15e-16	2.97e-07	1.00e+00
 3.93355e+13	3.75e-16	3.24e-07	1.00e+00
 4.08648e+13	4.42e-16	3.52e-07	1.00e+00
 4.24553e+13	5.22e-16	3.83e-07	1.00e+00
 4.41835e+13	6.21e-16	4.18e-07	1.00e+00
 4.59341e+13	7.35e-16	4.55e-07	1.00e+00
 4.77547e+13	8.70e-16	4.95e-07	1.00e+00
 4.96949e+13	1.03e-15	5.40e-07	1.00e+00
 5.17126e+13	1.23e-15	5.89e-07	1.00e+00
 5.38110e+13	1.46e-15	6.41e-07	1.00e+00
 5.59934e+13	1.73e-15	6.99e-07	1.00e+00
 5.82630e+13	2.05e-15	7.62e-07	1.00e+00
 6.06235e+13	2.43e-15	8.30e-07	1.00e+00
 6.30784e+13	2.89e-15	9.04e-07	1.00e+00
 6.56314e+13	3.42e-15	9.85e-07	1.00e+00
 6.82866e+13	4.06e-15	1.07e-06	1.00e+00
 7.10480e+13	4.81e-15	1.17e-06	1.00e+00
 7.39198e+13	5.70e-15	1.27e-06	1.00e+00
 7.69066e+13	6.75e-15	1.38e-06	1.00e+00
 8.00128e+13	8.00e-15	1.51e-06	1.00e+00
 8.32432e+13	9.47e-15	1.64e-06	1.00e+00
 8.66028e+13	1.12e-14	1.78e-06	1.00e+00
 9.00969e+13	1.33e-14	1.94e-06	1.00e+00
 9.37307e+13	1.57e-14	2.11e-06	1.00e+00
 9.75098e+13	1.86e-14	2.30e-06	1.00e+00
 1.01440e+14	2.20e-14	2.50e-06	1.00e+00
 1.05528e+14	2.60e-14	2.72e-06	1.00e+00
 1.09779e+14	3.07e-14	2.96e-06	1.00e+00
 1.14200e+14	3.64e-14	3.21e-06	1.00e+00
 1.18798e+14	4.30e-14	3.50e-06	1.00e+00
 1.23580e+14	5.08e-14	3.80e-06	1.00e+00
 1.28553e+14	6.00e-14	4.13e-06	1.00e+00
 1.33725e+14	7.09e-14	4.49e-06	1.00e+00
 1.39104e+14	8.37e-14	4.88e-06	1.00e+00
 1.44698e+14	9.89e-14	5.31e-06	1.00e+00
 1.50516e+14	1.17e-13	5.76e-06	1.00e+00
 1.56566e+14	1.38e-13	6.26e-06	1.00e+00
 1.62859e+14	1.63e-13	6.80e-06	1.00e+00
 1.69403e+14	1.92e-13	7.39e-06	1.00e+00
 1.76209e+14	2.26e-13	8.03e-06	1.00e+00
 1.83287e+14	2.67e-13	8.72e-06	1.00e+00
 1.90649e+14	3.15e-13	9.47e-06	1.00e+00
 1.98305e+14	3.71e-13	1.03e-05	1.00e+00
 2.06267e+14	4.37e-13	1.12e-05	1.00e+00
 2.14547e+14	5.15e-13	1.21e-05	1.00e+00
 2.23159e+14	6.07e-13	1.31e-05	1.00e+00
 2.32115e+14	7.15e-13	1.43e-05	1.00e+00
 2.40987e+14	8.35e-13	1.54e-05	1.00e+00
 2.50214e+14	9.76e-13	1.67e-05	1.00e+00
 2.60252e+14	1.15e-12	1.81e-05	1.00e+00
 2.70412e+14	1.35e-12	1.96e-05	1.00e+00
 2.80978e+14	1.58e-12	2.12e-05	1.00e+00
 2.92247e+14	1.86e-12	2.30e-05	1.00e+00
 3.03967e+14	2.18e-12	2.50e-05	1.00e+00
 3.16155e+14	2.57e-12	2.71e-05	1.00e+00
 3.28831e+14	3.02e-12	2.94e-05	1.00e+00
 3.42015e+14	3.55e-12	3.18e-05	1.00e+00
 3.55725e+14	4.17e-12	3.45e-05	1.00e+00
 3.69984e+14	4.90e-12	3.74e-05	1.00e+00
 3.84813e+14	5.75e-12	4.06e-05	1.00e+00
 4.00236e+14	6.76e-12	4.40e-05	1.00e+00
 4.16275e+14	7.93e-12	4.77e-05	1.00e+00
 4.32956e+14	9.31e-12	5.16e-05	1.00e+00
 4.50304e+14	1.09e-11	5.59e-05	1.00e+00
 4.68346e+14	1.28e-11	6.06e-05	1.00e+00
 4.87110e+14	1.50e-11	6.56e-05	1.00e+00
 5.06625e+14	1.76e-11	7.11e-05	1.00e+00
 5.26919e+14	2.06e-11	7.69e-05	1.00e+00
 5.48026e+14	2.41e-11	8.33e-05	1.00e+00
 5.69977e+14	2.83e-11	9.02e-05	1.00e+00
 5.92806e+14	3.31e-11	9.76e-05	1.00e+00
 6.16548e+14	3.88e-11	1.06e-04	1.00e+00
 6.41240e+14	4.54e-11	1.14e-04	1.00e+00
 6.66920e+14	5.31e-11	1.24e-04	1.00e+00
 6.93626e+14	6.22e-11	1.34e-04	1.00e+00
 7.21401e+14	7.28e-11	1.45e-04	1.00e+00
 7.50287e+14	8.51e-11	1.57e-04	1.00e+00
 7.80329e+14	9.96e-11	1.70e-04	1.00e+00
 8.11572e+14	1.17e-10	1.84e-04	1.00e+00
 8.44065e+14	1.36e-10	1.99e-04	1.00e+00
 8.77857e+14	1.60e-10	2.15e-04	1.00e+00
 9.13002e+14	1.87e-10	2.33e-04	1.00e+00
 9.49551e+14	2.18e-10	2.52e-04	1.00e+00
 9.87563e+14	2.55e-10	2.73e-04	1.00e+00
 1.02710e+15	2.98e-10	2.95e-04	1.00e+00
 1.06821e+15	3.49e-10	3.19e-04	1.00e+00
 1.11097e+15	4.08e-10	3.45e-04	1.00e+00
 1.15544e+15	4.77e-10	3.74e-04	1.00e+00
 1.19865e+15	5.52e-10	4.02e-04	1.00e+00
 1.23948e+15	6.30e-10	4.30e-04	1.00e+00
 1.28499e+15	7.27e-10	4.62e-04	1.00e+00
 1.33642e+15	8.50e-10	5.00e-04	9.99e-01
 1.38752e+15	9.85e-10	5.39e-04	9.99e-01
 1.44067e+15	1.14e-09	5.82e-04	9.99e-01
 1.49833e+15	1.33e-09	6.29e-04	9.99e-01
 1.55691e+15	1.55e-09	6.79e-04	9.99e-01
 1.61784e+15	1.81e-09	7.33e-04	9.99e-01
 1.68258e+15	2.11e-09	7.93e-04	9.99e-01
 1.74992e+15	2.46e-09	8.57e-04	9.99e-01
 1.81994e+15	2.88e-09	9.27e-04	9.99e-01
 1.89277e+15	3.36e-09	1.00e-03	9.99e-01
 1.96295e+15	3.87e-09	1.08e-03	9.99e-01
 2.02789e+15	4.40e-09	1.15e-03	9.99e-01
 2.10099e+15	5.06e-09	1.23e-03	9.99e-01
 2.18309e+15	5.88e-09	1.33e-03	9.99e-01
 2.26129e+15	6.75e-09	1.43e-03	9.99e-01
 2.34460e+15	7.77e-09	1.53e-03	9.98e-01
 2.43530e+15	9.03e-09	1.65e-03	9.98e-01
 2.52123e+15	1.03e-08	1.77e-03	9.98e-01
 2.61370e+15	1.19e-08	1.90e-03	9.98e-01
 2.71492e+15	1.38e-08	2.05e-03	9.98e-01
 2.81091e+15	1.58e-08	2.20e-03	9.98e-01
 2.91411e+15	1.83e-08	2.36e-03	9.98e-01
 3.02653e+15	2.12e-08	2.55e-03	9.97e-01
 3.13288e+15	2.43e-08	2.73e-03	9.97e-01
 3.24766e+15	2.81e-08	2.93e-03	9.97e-01
 3.37338e+15	3.26e-08	3.16e-03	9.97e-01
 3.49260e+15	3.74e-08	3.39e-03	9.97e-01
 3.62080e+15	4.32e-08	3.65e-03	9.96e-01
 3.76062e+15	5.03e-08	3.94e-03	9.96e-01
 3.89764e+15	5.81e-08	4.24e-03	9.96e-01
 4.03243e+15	6.66e-08	4.54e-03	9.95e-01
 4.18099e+15	7.72e-08	4.90e-03	9.95e-01
 4.34153e+15	9.00e-08	5.30e-03	9.95e-01
 4.49023e+15	1.03e-07	5.68e-03	9.94e-01
 4.65157e+15	1.20e-07	6.13e-03	9.94e-01
 4.83080e+15	1.40e-07	6.64e-03	9.93e-01
 4.99879e+15	1.61e-07	7.15e-03	9.93e-01
 5.18034e+15	1.88e-07	7.75e-03	9.92e-01
 5.38083e+15	2.21e-07	8.45e-03	9.92e-01
 5.57095e+15	2.57e-07	9.15e-03	9.91e-01
 5.75066e+15	2.96e-07	9.86e-03	9.90e-01
 5.95416e+15	3.47e-07	1.08e-02	9.89e-01
 6.17750e+15	4.11e-07	1.18e-02	9.88e-01
 6.39163e+15	4.81e-07	1.29e-02	9.87e-01
 6.59772e+15	5.60e-07	1.41e-02	9.86e-01
 6.82831e+15	6.67e-07	1.56e-02	9.84e-01
 7.08766e+15	8.07e-07	1.75e-02	9.83e-01
 7.33062e+15	9.67e-07	1.95e-02	9.80e-01
 7.55297e+15	1.14e-06	2.17e-02	9.78e-01
 7.80226e+15	1.39e-06	2.46e-02	9.75e-01
 8.06829e+15	1.72e-06	2.83e-02	9.72e-01
 8.29605e+15	2.07e-06	3.22e-02	9.68e-01
 8.49508e+15	2.47e-06	3.64e-02	9.64e-01
 8.71678e+15	3.05e-06	4.23e-02	9.58e-01
 8.95120e+15	3.84e-06	5.02e-02	9.50e-01
 9.14548e+15	4.73e-06	5.90e-02	9.41e-01
 9.30589e+15	5.72e-06	6.84e-02	9.32e-01
 9.45636e+15	6.96e-06	8.00e-02	9.20e-01
 9.60587e+15	8.61e-06	9.51e-02	9.05e-01
 9.74763e+15	1.08e-05	1.15e-01	8.85e-01
 9.87394e+15	1.35e-05	1.38e-01	8.62e-01
 9.98476e+15	1.68e-05	1.67e-01	8.33e-01
 1.00841e+16	2.09e-05	2.02e-01	7.98e-01
 1.01753e+16	2.61e-05	2.46e-01	7.54e-01
 1.02561e+16	3.23e-05	2.98e-01	7.02e-01
 1.03234e+16	3.92e-05	3.54e-01	6.46e-01
 1.03821e+16	4.66e-05	4.14e-01	5.86e-01
 1.04356e+16	5.47e-05	4.78e-01	5.22e-01
 1.04849e+16	6.32e-05	5.45e-01	4.55e-01
 1.05406e+16	7.38e-05	6.26e-01	3.74e-01
 1.06131e+16	8.77e-05	7.29e-01	2.71e-01
 1.06914e+16	1.02e-04	8.24e-01	1.76e-01
 1.07684e+16	1.12e-04	8.91e-01	1.09e-01
 1.08592e+16	1.21e-04	9.40e-01	6.00e-02
 1.09772e+16	1.29e-04	9.71e-01	2.85e-02
 1.11305e+16	1.35e-04	9.88e-01	1.17e-02
 1.13297e+16	1.42e-04	9.96e-01	4.28e-03
 1.15888e+16	1.49e-04	9.98e-01	1.41e-03
 1.19256e+16	1.59e-04	9.99e-01	4.19e-04
 1.23583e+16	1.71e-04	1.00e+00	1.14e-04
 1.28527e+16	1.86e-04	1.00e+00	3.25e-05
 1.32993e+16	2.00e-04	1.00e+00	1.23e-05
 1.36672e+16	2.12e-04	1.00e+00	6.04e-06
 1.40659e+16	2.27e-04	1.00e+00	2.96e-06
 1.45772e+16	2.46e-04	1.00e+00	1.31e-06
 1.51043e+16	2.67e-04	1.00e+00	6.23e-07
 1.55472e+16	2.85e-04	1.00e+00	3.61e-07
 1.60109e+16	3.07e-04	1.00e+00	2.15e-07
 1.65985e+16	3.37e-04	1.00e+00	1.23e-07
 1.71827e+16	3.69e-04	1.00e+00	7.67e-08
 1.76561e+16	3.97e-04	1.00e+00	5.63e-08
 1.81499e+16	4.29e-04	1.00e+00	4.29e-08
 1.87917e+16	4.77e-04	1.00e+00	3.17e-08
 1.94345e+16	5.28e-04	9.99e-01	2.40e-08
 1.99342e+16	5.74e-04	9.99e-01	2.02e-08
 2.04398e+16	6.28e-04	9.99e-01	1.74e-08
 2.10067e+16	6.95e-04	9.99e-01	1.45e-08
 2.15251e+16	7.66e-04	9.99e-01	1.25e-08
 2.19664e+16	8.37e-04	9.99e-01	1.11e-08
 2.23642e+16	9.13e-04	9.99e-01	1.00e-08
 2.27458e+16	9.94e-04	9.99e-01	9.08e-09
 2.31116e+16	1.09e-03	9.99e-01	8.25e-09
 2.34501e+16	1.20e-03	9.99e-01	7.54e-09
 2.37557e+16	1.31e-03	9.99e-01	6.96e-09
 2.39621e+16	1.40e-03	9.99e-01	6.50e-09
 2.40616e+16	1.45e-03	9.99e-01	6.42e-09
 2.41491e+16	1.49e-03	9.99e-01	6.32e-09
 2.42628e+16	1.56e-03	9.98e-01	6.13e-09
 2.44106e+16	1.64e-03	9.98e-01	5.88e-09
 2.45559e+16	1.74e-03	9.98e-01	5.58e-09
 2.46574e+16	1.82e-03	9.98e-01	5.43e-09
 2.47330e+16	1.88e-03	9.98e-01	5.33e-09
 2.48155e+16	1.95e-03	9.98e-01	5.22e-09
 2.49228e+16	2.06e-03	9.98e-01	5.05e-09
 2.50277e+16	2.17e-03	9.98e-01	4.85e-09
 2.51042e+16	2.26e-03	9.98e-01	4.74e-09
 2.51682e+16	2.34e-03	9.98e-01	4.65e-09
 2.52412e+16	2.45e-03	9.98e-01	4.55e-09
 2.53210e+16	2.57e-03	9.97e-01	4.42e-09
 2.53913e+16	2.68e-03	9.97e-01	4.30e-09
 2.54525e+16	2.80e-03	9.97e-01	4.21e-09
 2.55201e+16	2.93e-03	9.97e-01	4.12e-09
 2.55918e+16	3.09e-03	9.97e-01	3.98e-09
 2.56520e+16	3.24e-03	9.97e-01	3.88e-09
 2.57040e+16	3.38e-03	9.97e-01	3.81e-09
 2.57620e+16	3.55e-03	9.96e-01	3.73e-09
 2.58240e+16	3.76e-03	9.96e-01	3.61e-09
 2.58770e+16	3.95e-03	9.96e-01	3.51e-09
 2.59235e+16	4.14e-03	9.96e-01	3.44e-09
 2.59755e+16	4.37e-03	9.96e-01	3.36e-09
 2.60310e+16	4.64e-03	9.95e-01	3.25e-09
 2.60787e+16	4.91e-03	9.95e-01	3.16e-09
 2.61209e+16	5.17e-03	9.95e-01	3.09e-09
 2.61683e+16	5.51e-03	9.94e-01	3.01e-09
 2.62193e+16	5.91e-03	9.94e-01	2.89e-09
 2.62639e+16	6.31e-03	9.94e-01	2.80e-09
 2.63042e+16	6.71e-03	9.93e-01	2.72e-09
 2.63496e+16	7.25e-03	9.93e-01	2.64e-09
 2.63990e+16	7.91e-03	9.92e-01	2.51e-09
 2.64420e+16	8.59e-03	9.91e-01	2.41e-09
 2.64788e+16	9.27e-03	9.91e-01	2.33e-09
 2.65190e+16	1.02e-02	9.90e-01	2.24e-09
 2.65617e+16	1.13e-02	9.89e-01	2.12e-09
 2.65978e+16	1.24e-02	9.88e-01	2.02e-09
 2.66286e+16	1.35e-02	9.87e-01	1.94e-09
 2.66627e+16	1.49e-02	9.85e-01	1.85e-09
 2.66989e+16	1.68e-02	9.83e-01	1.71e-09
 2.67258e+16	1.84e-02	9.82e-01	1.62e-09
 2.67435e+16	1.97e-02	9.80e-01	1.57e-09
 2.67617e+16	2.12e-02	9.79e-01	1.52e-09
 2.67852e+16	2.34e-02	9.77e-01	1.44e-09
 2.68089e+16	2.60e-02	9.74e-01	1.33e-09
 2.68269e+16	2.83e-02	9.72e-01	1.27e-09
 2.68414e+16	3.04e-02	9.70e-01	1.22e-09
 2.68574e+16	3.33e-02	9.67e-01	1.16e-09
 2.68748e+16	3.66e-02	9.63e-01	1.08e-09
 2.68903e+16	4.00e-02	9.60e-01	1.02e-09
 2.69040e+16	4.34e-02	9.57e-01	9.62e-10
 2.69192e+16	4.79e-02	9.52e-01	9.04e-10
 2.69352e+16	5.33e-02	9.47e-01	8.24e-10
 2.69485e+16	5.87e-02	9.41e-01	7.66e-10
 2.69600e+16	6.37e-02	9.36e-01	7.18e-10
 2.69726e+16	7.04e-02	9.30e-01	6.71e-10
 2.69863e+16	7.83e-02	9.22e-01	6.02e-10
 2.69987e+16	8.67e-02	9.13e-01	5.49e-10
 2.70098e+16	9.53e-02	9.05e-01	5.03e-10
 2.70213e+16	1.05e-01	8.95e-01	4.58e-10
 2.70332e+16	1.17e-01	8.83e-01	4.07e-10
 2.70441e+16	1.30e-01	8.70e-01	3.63e-10
 2.70533e+16	1.41e-01	8.59e-01	3.29e-10
 2.70614e+16	1.53e-01	8.47e-01	3.02e-10
 2.70692e+16	1.65e-01	8.35e-01	2.76e-10
 2.70767e+16	1.78e-01	8.22e-01	2.51e-10
 2.70827e+16	1.88e-01	8.12e-01	2.29e-10
 2.70865e+16	1.95e-01	8.05e-01	2.21e-10
 2.70901e+16	2.02e-01	7.98e-01	2.12e-10
 2.70943e+16	2.11e-01	7.89e-01	2.00e-10
 2.70987e+16	2.20e-01	7.80e-01	1.87e-10
 2.71030e+16	2.30e-01	7.70e-01	1.76e-10
 2.71070e+16	2.39e-01	7.61e-01	1.66e-10
 2.71111e+16	2.49e-01	7.51e-01	1.56e-10
 2.71151e+16	2.59e-01	7.41e-01	1.47e-10
 2.71191e+16	2.70e-01	7.30e-01	1.38e-10
 2.71230e+16	2.81e-01	7.19e-01	1.29e-10
 2.71269e+16	2.92e-01	7.08e-01	1.22e-10
 2.71309e+16	3.03e-01	6.97e-01	1.14e-10
 2.71347e+16	3.15e-01	6.85e-01	1.07e-10
 2.71384e+16	3.27e-01	6.73e-01	1.00e-10
 2.71422e+16	3.39e-01	6.61e-01	9.42e-11
 2.71459e+16	3.51e-01	6.48e-01	8.84e-11
 2.71496e+16	3.65e-01	6.35e-01	8.31e-11
 2.71533e+16	3.77e-01	6.23e-01	7.81e-11
 2.71569e+16	3.90e-01	6.10e-01	7.35e-11
 2.71605e+16	4.04e-01	5.96e-01	6.89e-11
 2.71641e+16	4.17e-01	5.83e-01	6.49e-11
 2.71675e+16	4.31e-01	5.69e-01	6.13e-11
 2.71710e+16	4.45e-01	5.55e-01	5.78e-11
 2.71745e+16	4.59e-01	5.41e-01	5.46e-11
 2.71779e+16	4.72e-01	5.28e-01	5.17e-11
 2.71813e+16	4.86e-01	5.14e-01	4.90e-11
 2.71846e+16	5.00e-01	5.00e-01	4.65e-11
 2.71879e+16	5.14e-01	4.86e-01	4.42e-11
 2.71912e+16	5.28e-01	4.72e-01	4.21e-11
 2.71944e+16	5.42e-01	4.58e-01	4.03e-11
 2.71975e+16	5.55e-01	4.45e-01	3.86e-11
 2.72005e+16	5.68e-01	4.32e-01	3.71e-11
 2.72036e+16	5.81e-01	4.19e-01	3.56e-11
 2.72066e+16	5.94e-01	4.06e-01	3.43e-11
 2.72095e+16	6.06e-01	3.94e-01	3.31e-11
 2.72123e+16	6.19e-01	3.81e-01	3.20e-11
 2.72151e+16	6.31e-01	3.69e-01	3.11e-11
 2.72179e+16	6.43e-01	3.57e-01	3.01e-11
 2.72207e+16	6.54e-01	3.46e-01	2.92e-11
 2.72234e+16	6.65e-01	3.35e-01	2.85e-11
 2.72260e+16	6.76e-01	3.24e-01	2.77e-11
 2.72286e+16	6.87e-01	3.13e-01	2.71e-11
 2.72311e+16	6.97e-01	3.03e-01	2.64e-11
 2.72337e+16	7.07e-01	2.93e-01	2.58e-11
 2.72362e+16	7.17e-01	2.83e-01	2.53e-11
 2.72386e+16	7.27e-01	2.73e-01	2.48e-11
 2.72411e+16	7.36e-01	2.64e-01	2.43e-11
 2.72434e+16	7.45e-01	2.55e-01	2.38e-11
 2.72458e+16	7.53e-01	2.47e-01	2.34e-11
 2.72482e+16	7.62e-01	2.38e-01	2.30e-11
 2.72505e+16	7.70e-01	2.30e-01	2.26e-11
 2.72528e+16	7.78e-01	2.22e-01	2.22e-11
 2.72550e+16	7.86e-01	2.14e-01	2.18e-11
 2.72572e+16	7.93e-01	2.07e-01	2.14e-11
 2.72595e+16	8.00e-01	2.00e-01	2.11e-11
 2.72617e+16	8.07e-01	1.93e-01	2.07e-11
 2.72636e+16	8.14e-01	1.86e-01	2.04e-11
 2.72652e+16	8.19e-01	1.81e-01	2.01e-11
 2.72668e+16	8.23e-01	1.77e-01	1.98e-11
 2.72686e+16	8.29e-01	1.71e-01	1.95e-11
 2.72704e+16	8.34e-01	1.66e-01	1.93e-11
 2.72723e+16	8.39e-01	1.61e-01	1.90e-11
 2.72742e+16	8.45e-01	1.55e-01	1.87e-11
 2.72762e+16	8.50e-01	1.50e-01	1.83e-11
 2.72783e+16	8.56e-01	1.44e-01	1.80e-11
 2.72804e+16	8.61e-01	1.39e-01	1.77e-11
 2.72824e+16	8.66e-01	1.34e-01	1.74e-11
 2.72844e+16	8.71e-01	1.29e-01	1.70e-11
 2.72864e+16	8.76e-01	1.24e-01	1.67e-11
 2.72884e+16	8.81e-01	1.19e-01	1.64e-11
 2.72903e+16	8.85e-01	1.15e-01	1.60e-11
 2.72923e+16	8.89e-01	1.11e-01	1.57e-11
 2.72942e+16	8.93e-01	1.07e-01	1.53e-11
 2.72959e+16	8.97e-01	1.03e-01	1.50e-11
 2.72977e+16	9.01e-01	9.93e-02	1.47e-11
 2.72993e+16	9.04e-01	9.59e-02	1.44e-11
 2.73010e+16	9.07e-01	9.27e-02	1.41e-11
 2.73025e+16	9.10e-01	8.99e-02	1.38e-11
 2.73038e+16	9.13e-01	8.72e-02	1.35e-11
 2.73051e+16	9.15e-01	8.50e-02	1.33e-11
 2.73062e+16	9.17e-01	8.29e-02	1.31e-11
 2.73072e+16	9.19e-01	8.10e-02	1.28e-11
 2.73082e+16	9.21e-01	7.94e-02	1.26e-11
 2.73090e+16	9.22e-01	7.78e-02	1.25e-11
 2.73098e+16	9.24e-01	7.65e-02	1.23e-11
 2.73107e+16	9.25e-01	7.49e-02	1.21e-11
 2.73116e+16	9.27e-01	7.34e-02	1.19e-11
 2.73124e+16	9.28e-01	7.19e-02	1.17e-11
 2.73132e+16	9.29e-01	7.07e-02	1.16e-11
 2.73139e+16	9.30e-01	6.95e-02	1.14e-11
 2.73145e+16	9.32e-01	6.85e-02	1.13e-11
 2.73151e+16	9.32e-01	6.75e-02	1.11e-11
 2.73157e+16	9.34e-01	6.64e-02	1.10e-11
 2.73165e+16	9.35e-01	6.51e-02	1.08e-11
 2.73174e+16	9.36e-01	6.37e-02	1.06e-11
 2.73182e+16	9.38e-01	6.24e-02	1.04e-11
 2.73190e+16	9.39e-01	6.13e-02	1.02e-11
 2.73196e+16	9.40e-01	6.02e-02	1.01e-11
 2.73202e+16	9.41e-01	5.93e-02	9.92e-12
 2.73208e+16	9.41e-01	5.85e-02	9.81e-12
 2.73213e+16	9.42e-01	5.77e-02	9.68e-12
 2.73217e+16	9.43e-01	5.70e-02	9.55e-12
 2.73222e+16	9.44e-01	5.63e-02	9.45e-12
 2.73226e+16	9.44e-01	5.56e-02	9.34e-12
 2.73232e+16	9.45e-01	5.47e-02	9.20e-12
 2.73238e+16	9.46e-01	5.37e-02	9.02e-12
 2.73244e+16	9.47e-01	5.29e-02	8.89e-12
 2.73250e+16	9.48e-01	5.21e-02	8.76e-12
 2.73254e+16	9.49e-01	5.14e-02	8.64e-12
 2.73259e+16	9.49e-01	5.08e-02	8.55e-12
 2.73264e+16	9.50e-01	5.01e-02	8.41e-12
 2.73269e+16	9.51e-01	4.93e-02	8.29e-12
 2.73274e+16	9.51e-01	4.87e-02	8.18e-12
 2.73278e+16	9.52e-01	4.81e-02	8.07e-12
 2.73282e+16	9.52e-01	4.75e-02	7.97e-12
 2.73285e+16	9.53e-01	4.70e-02	7.89e-12
 2.73289e+16	9.54e-01	4.65e-02	7.80e-12
 2.73294e+16	9.54e-01	4.57e-02	7.67e-12
 2.73300e+16	9.55e-01	4.50e-02	7.55e-12
 2.73305e+16	9.56e-01	4.44e-02	7.44e-12
 2.73309e+16	9.56e-01	4.38e-02	7.34e-12
 2.73313e+16	9.57e-01	4.33e-02	7.26e-12
 2.73317e+16	9.57e-01	4.28e-02	7.16e-12
 2.73320e+16	9.58e-01	4.23e-02	7.08e-12
 2.73324e+16	9.58e-01	4.19e-02	7.00e-12
 2.73329e+16	9.59e-01	4.12e-02	6.90e-12
 2.73334e+16	9.59e-01	4.06e-02	6.80e-12
 2.73339e+16	9.60e-01	4.01e-02	6.71e-12
 2.73343e+16	9.60e-01	3.96e-02	6.63e-12
 2.73348e+16	9.61e-01	3.90e-02	6.54e-12
 2.73353e+16	9.62e-01	3.85e-02	6.44e-12
 2.73358e+16	9.62e-01	3.79e-02	6.35e-12
 2.73362e+16	9.63e-01	3.75e-02	6.27e-12
 2.73366e+16	9.63e-01	3.70e-02	6.20e-12
 2.73370e+16	9.63e-01	3.66e-02	6.12e-12
 2.73376e+16	9.64e-01	3.60e-02	6.02e-12
 2.73382e+16	9.65e-01	3.54e-02	5.93e-12
 2.73387e+16	9.65e-01	3.49e-02	5.85e-12
 2.73392e+16	9.66e-01	3.44e-02	5.76e-12
 2.73397e+16	9.66e-01	3.39e-02	5.69e-12
 2.73402e+16	9.67e-01	3.34e-02	5.60e-12
 2.73407e+16	9.67e-01	3.29e-02	5.52e-12
 2.73412e+16	9.68e-01	3.25e-02	5.46e-12
 2.73417e+16	9.68e-01	3.20e-02	5.37e-12
 2.73423e+16	9.69e-01	3.15e-02	5.30e-12
 2.73428e+16	9.69e-01	3.10e-02	5.22e-12
 2.73433e+16	9.69e-01	3.06e-02	5.15e-12
 2.73437e+16	9.70e-01	3.02e-02	5.09e-12
 2.73442e+16	9.70e-01	2.99e-02	5.03e-12
 2.73448e+16	9.71e-01	2.93e-02	4.94e-12
 2.73455e+16	9.71e-01	2.88e-02	4.86e-12
 2.73461e+16	9.72e-01	2.83e-02	4.79e-12
 2.73466e+16	9.72e-01	2.79e-02	4.73e-12
 2.73471e+16	9.72e-01	2.75e-02	4.66e-12
 2.73477e+16	9.73e-01	2.71e-02	4.60e-12
 2.73484e+16	9.73e-01	2.66e-02	4.51e-12
 2.73491e+16	9.74e-01	2.60e-02	4.43e-12
 2.73498e+16	9.74e-01	2.56e-02	4.36e-12
 2.73505e+16	9.75e-01	2.52e-02	4.29e-12
 2.73510e+16	9.75e-01	2.48e-02	4.24e-12
 2.73517e+16	9.76e-01	2.44e-02	4.17e-12
 2.73524e+16	9.76e-01	2.39e-02	4.10e-12
 2.73530e+16	9.76e-01	2.36e-02	4.04e-12
 2.73536e+16	9.77e-01	2.32e-02	3.98e-12
 2.73542e+16	9.77e-01	2.28e-02	3.93e-12
 2.73549e+16	9.78e-01	2.25e-02	3.87e-12
 2.73555e+16	9.78e-01	2.21e-02	3.81e-12
 2.73561e+16	9.78e-01	2.17e-02	3.76e-12
 2.73569e+16	9.79e-01	2.13e-02	3.70e-12
 2.73575e+16	9.79e-01	2.10e-02	3.65e-12
 2.73582e+16	9.79e-01	2.06e-02	3.59e-12
 2.73590e+16	9.80e-01	2.02e-02	3.53e-12
 2.73597e+16	9.80e-01	1.99e-02	3.48e-12
 2.73604e+16	9.80e-01	1.96e-02	3.43e-12
 2.73611e+16	9.81e-01	1.92e-02	3.38e-12
 2.73618e+16	9.81e-01	1.89e-02	3.33e-12
 2.73625e+16	9.81e-01	1.86e-02	3.28e-12
 2.73633e+16	9.82e-01	1.82e-02	3.23e-12
 2.73641e+16	9.82e-01	1.79e-02	3.18e-12
 2.73648e+16	9.82e-01	1.76e-02	3.13e-12
 2.73657e+16	9.83e-01	1.72e-02	3.08e-12
 2.73665e+16	9.83e-01	1.69e-02	3.02e-12
 2.73673e+16	9.83e-01	1.66e-02	2.98e-12
 2.73682e+16	9.84e-01	1.63e-02	2.93e-12
 2.73692e+16	9.84e-01	1.59e-02	2.88e-12
 2.73700e+16	9.84e-01	1.56e-02	2.83e-12
 2.73708e+16	9.85e-01	1.54e-02	2.79e-12
 2.73717e+16	9.85e-01	1.51e-02	2.74e-12
 2.73726e+16	9.85e-01	1.47e-02	2.69e-12
 2.73735e+16	9.86e-01	1.45e-02	2.65e-12
 2.73744e+16	9.86e-01	1.42e-02	2.61e-12
 2.73754e+16	9.86e-01	1.39e-02	2.56e-12
 2.73763e+16	9.86e-01	1.36e-02	2.52e-12
 2.73773e+16	9.87e-01	1.33e-02	2.47e-12
 2.73784e+16	9.87e-01	1.30e-02	2.43e-12
 2.73794e+16	9.87e-01	1.28e-02	2.39e-12
 2.73804e+16	9.88e-01	1.25e-02	2.34e-12
 2.73816e+16	9.88e-01	1.22e-02	2.30e-12
 2.73827e+16	9.88e-01	1.19e-02	2.26e-12
 2.73838e+16	9.88e-01	1.17e-02	2.21e-12
 2.73851e+16	9.89e-01	1.14e-02	2.17e-12
 2.73862e+16	9.89e-01	1.11e-02	2.13e-12
 2.73875e+16	9.89e-01	1.08e-02	2.09e-12
 2.73891e+16	9.90e-01	1.05e-02	2.03e-12
 2.73910e+16	9.90e-01	1.01e-02	1.97e-12
 2.73929e+16	9.90e-01	9.75e-03	1.91e-12
 2.73947e+16	9.91e-01	9.41e-03	1.86e-12
 2.73966e+16	9.91e-01	9.07e-03	1.80e-12
 2.73986e+16	9.91e-01	8.73e-03	1.74e-12
 2.74007e+16	9.92e-01	8.39e-03	1.68e-12
 2.74028e+16	9.92e-01	8.04e-03	1.62e-12
 2.74049e+16	9.92e-01	7.69e-03	1.56e-12
 2.74072e+16	9.93e-01	7.33e-03	1.50e-12
 2.74095e+16	9.93e-01	6.95e-03	1.43e-12
 2.74120e+16	9.93e-01	6.56e-03	1.35e-12
 2.74145e+16	9.94e-01	6.15e-03	1.28e-12
 2.74171e+16	9.94e-01	5.73e-03	1.19e-12
 2.74198e+16	9.95e-01	5.31e-03	1.11e-12
 2.74226e+16	9.95e-01	4.89e-03	1.03e-12
 2.74256e+16	9.96e-01	4.47e-03	9.44e-13
 2.74287e+16	9.96e-01	4.07e-03	8.62e-13
 2.74319e+16	9.96e-01	3.68e-03	7.83e-13
 2.74353e+16	9.97e-01	3.31e-03	7.06e-13
 2.74389e+16	9.97e-01	2.96e-03	6.32e-13
 2.74427e+16	9.97e-01	2.62e-03	5.61e-13
 2.74468e+16	9.98e-01	2.31e-03	4.95e-13
 2.74511e+16	9.98e-01	2.01e-03	4.33e-13
 2.74557e+16	9.98e-01	1.73e-03	3.74e-13
 2.74607e+16	9.99e-01	1.47e-03	3.18e-13
 2.74662e+16	9.99e-01	1.24e-03	2.67e-13
 2.74722e+16	9.99e-01	1.02e-03	2.20e-13
 2.74789e+16	9.99e-01	8.19e-04	1.77e-13
 2.74865e+16	9.99e-01	6.40e-04	1.39e-13
 2.74953e+16	1.00e+00	4.81e-04	1.04e-13
 2.75051e+16	1.00e+00	3.52e-04	7.63e-14
 2.75150e+16	1.00e+00	2.56e-04	5.55e-14
 2.75250e+16	1.00e+00	1.87e-04	4.04e-14
 2.75349e+16	1.00e+00	1.36e-04	2.94e-14
 2.75449e+16	1.00e+00	9.92e-05	2.14e-14
 2.75548e+16	1.00e+00	7.23e-05	1.56e-14
 2.75648e+16	1.00e+00	5.28e-05	1.13e-14
 2.75747e+16	1.00e+00	3.85e-05	8.27e-15
 2.75847e+16	1.00e+00	2.81e-05	6.02e-15
 2.75947e+16	1.00e+00	2.06e-05	4.39e-15
 2.76046e+16	1.00e+00	1.50e-05	3.20e-15
 2.76146e+16	1.00e+00	1.10e-05	2.34e-15
 2.76245e+16	1.00e+00	8.03e-06	1.70e-15
 2.76345e+16	1.00e+00	5.88e-06	1.24e-15
 2.76444e+16	1.00e+00	4.29e-06	9.00e-16
 2.76544e+16	1.00e+00	3.14e-06	6.61e-16
 2.76643e+16	1.00e+00	2.30e-06	4.82e-16
 2.76743e+16	1.00e+00	1.68e-06	3.52e-16
 2.76842e+16	1.00e+00	1.23e-06	2.55e-16
 2.76942e+16	1.00e+00	9.03e-07	1.87e-16
 2.77042e+16	1.00e+00	6.62e-07	1.37e-16
 2.77141e+16	1.00e+00	4.85e-07	1.00e-16
 2.77241e+16	1.00e+00	3.55e-07	7.27e-17
 2.77340e+16	1.00e+00	2.61e-07	5.35e-17
 2.77440e+16	1.00e+00	1.92e-07	3.91e-17
 2.77539e+16	1.00e+00	1.41e-07	2.86e-17
 2.77639e+16	1.00e+00	1.04e-07	2.10e-17
 2.77738e+16	1.00e+00	7.70e-08	1.55e-17
 2.77838e+16	1.00e+00	5.71e-08	1.15e-17
 2.77937e+16	1.00e+00	4.24e-08	8.45e-18
 2.78037e+16	1.00e+00	3.17e-08	6.30e-18
 2.78136e+16	1.00e+00	2.39e-08	4.75e-18
 2.78236e+16	1.00e+00	1.82e-08	3.59e-18
 2.78335e+16	1.00e+00	1.39e-08	2.73e-18
 2.78435e+16	1.00e+00	1.08e-08	2.12e-18
 2.78535e+16	1.00e+00	8.57e-09	1.67e-18
 2.78634e+16	1.00e+00	6.90e-09	1.34e-18
 2.78734e+16	1.00e+00	5.66e-09	1.09e-18
 2.78833e+16	1.00e+00	4.75e-09	9.12e-19
 2.78933e+16	1.00e+00	4.10e-09	7.84e-19
 2.79032e+16	1.00e+00	3.60e-09	6.87e-19
 2.79132e+16	1.00e+00	3.23e-09	6.12e-19
 2.79231e+16	1.00e+00	2.96e-09	5.58e-19
 2.79331e+16	1.00e+00	2.76e-09	5.20e-19
 2.79430e+16	1.00e+00	2.61e-09	4.89e-19
 2.79530e+16	1.00e+00	2.49e-09	4.63e-19
 2.79629e+16	1.00e+00	2.41e-09	4.45e-19
 2.79729e+16	1.00e+00	2.34e-09	4.32e-19
 2.79828e+16	1.00e+00	2.29e-09	4.20e-19
 2.79928e+16	1.00e+00	2.24e-09	4.09e-19
 2.80042e+16	1.00e+00	2.21e-09	4.01e-19
 2.80191e+16	1.00e+00	2.17e-09	3.90e-19
 2.80385e+16	1.00e+00	2.13e-09	3.79e-19
 2.80636e+16	1.00e+00	2.08e-09	3.66e-19
 2.80963e+16	1.00e+00	2.04e-09	3.52e-19
 2.81388e+16	1.00e+00	1.98e-09	3.34e-19
 2.81940e+16	1.00e+00	1.91e-09	3.13e-19
 2.82659e+16	1.00e+00	1.82e-09	2.87e-19
 2.83592e+16	1.00e+00	1.72e-09	2.56e-19
 2.84787e+16	1.00e+00	1.59e-09	2.21e-19
 2.86160e+16	1.00e+00	1.46e-09	1.87e-19
 2.87596e+16	1.00e+00	1.33e-09	1.57e-19
 2.89119e+16	1.00e+00	1.21e-09	1.29e-19
 2.90792e+16	1.00e+00	1.08e-09	1.05e-19
 2.92660e+16	1.00e+00	9.56e-10	8.24e-20
 2.94749e+16	1.00e+00	8.33e-10	6.31e-20
 2.97033e+16	1.00e+00	7.18e-10	4.72e-20
 2.99482e+16	1.00e+00	6.12e-10	3.45e-20
 3.02145e+16	1.00e+00	5.14e-10	2.46e-20
 3.05073e+16	1.00e+00	4.25e-10	1.70e-20
 3.08296e+16	1.00e+00	3.46e-10	1.13e-20
 3.11835e+16	1.00e+00	2.76e-10	7.26e-21
 3.15715e+16	1.00e+00	2.16e-10	0.00e+00
 3.19985e+16	1.00e+00	1.66e-10	0.00e+00
 3.24696e+16	1.00e+00	1.24e-10	0.00e+00
 3.29844e+16	1.00e+00	9.12e-11	0.00e+00
 3.35278e+16	1.00e+00	6.63e-11	0.00e+00
 3.40820e+16	1.00e+00	4.83e-11	0.00e+00
 3.46389e+16	1.00e+00	3.53e-11	0.00e+00
 3.51958e+16	1.00e+00	2.60e-11	0.00e+00
 3.57527e+16	1.00e+00	1.92e-11	0.00e+00
 3.63097e+16	1.00e+00	1.43e-11	0.00e+00
 3.69017e+16	1.00e+00	1.05e-11	0.00e+00
 3.75382e+16	1.00e+00	7.54e-12	0.00e+00
 3.81907e+16	1.00e+00	5.44e-12	0.00e+00
 3.88561e+16	1.00e+00	3.92e-12	0.00e+00
 3.95350e+16	1.00e+00	2.83e-12	0.00e+00
 4.02308e+16	1.00e+00	2.03e-12	0.00e+00
 4.09371e+16	1.00e+00	1.47e-12	0.00e+00
 4.17492e+16	1.00e+00	1.01e-12	0.00e+00
 4.28050e+16	1.00e+00	6.25e-13	0.00e+00
 4.41775e+16	1.00e+00	3.43e-13	0.00e+00
 4.58523e+16	1.00e+00	1.71e-13	0.00e+00
 4.76864e+16	1.00e+00	8.29e-14	0.00e+00
 4.95939e+16	1.00e+00	4.02e-14	0.00e+00
 5.15777e+16	1.00e+00	1.94e-14	0.00e+00
 5.36409e+16	1.00e+00	9.41e-15	0.00e+00
 5.57865e+16	1.00e+00	4.55e-15	0.00e+00
 5.80180e+16	1.00e+00	2.19e-15	0.00e+00
 6.03388e+16	1.00e+00	1.06e-15	0.00e+00
 6.27523e+16	1.00e+00	5.05e-16	0.00e+00
 6.52625e+16	1.00e+00	2.41e-16	0.00e+00
 6.78730e+16	1.00e+00	1.14e-16	0.00e+00
 7.05880e+16	1.00e+00	5.27e-17	0.00e+00
 7.34115e+16	1.00e+00	2.45e-17	0.00e+00
 7.63480e+16	1.00e+00	1.12e-17	0.00e+00
 7.94019e+16	1.00e+00	5.13e-18	0.00e+00
 8.25780e+16	1.00e+00	2.35e-18	0.00e+00
 8.58812e+16	1.00e+00	1.08e-18	0.00e+00
 8.93165e+16	1.00e+00	5.07e-19	0.00e+00
 9.27844e+16	1.00e+00	2.52e-19	0.00e+00
 9.58753e+16	1.00e+00	1.44e-19	0.00e+00
 9.83965e+16	1.00e+00	9.90e-20	0.00e+00
 1.01034e+17	1.00e+00	7.20e-20	0.00e+00
 1.04464e+17	1.00e+00	5.40e-20	0.00e+00
 1.08530e+17	1.00e+00	3.78e-20	0.00e+00
 1.11690e+17	1.00e+00	3.03e-20	0.00e+00
 1.13595e+17	1.00e+00	2.76e-20	0.00e+00
 1.15603e+17	1.00e+00	2.55e-20	0.00e+00
 1.18214e+17	1.00e+00	2.36e-20	0.00e+00
 1.21609e+17	1.00e+00	1.98e-20	0.00e+00
 1.25998e+17	1.00e+00	1.68e-20	0.00e+00
 1.31038e+17	1.00e+00	1.40e-20	0.00e+00
 1.36280e+17	1.00e+00	1.17e-20	0.00e+00
 1.41731e+17	1.00e+00	9.99e-21	0.00e+00
 1.47400e+17	1.00e+00	9.05e-21	0.00e+00
 1.53296e+17	1.00e+00	7.47e-21	0.00e+00
 1.59428e+17	1.00e+00	6.42e-21	0.00e+00
 1.65805e+17	1.00e+00	5.61e-21	0.00e+00
 1.72438e+17	1.00e+00	4.90e-21	0.00e+00
 1.79335e+17	1.00e+00	4.31e-21	0.00e+00
 1.86508e+17	1.00e+00	3.79e-21	0.00e+00
 1.93470e+17	1.00e+00	3.37e-21	0.00e+00
 2.00048e+17	1.00e+00	3.04e-21	0.00e+00
 2.06783e+17	1.00e+00	2.76e-21	0.00e+00
 2.13858e+17	1.00e+00	2.49e-21	0.00e+00
 2.21142e+17	1.00e+00	2.26e-21	0.00e+00
 2.28543e+17	1.00e+00	2.05e-21	0.00e+00
 2.36085e+17	1.00e+00	1.88e-21	0.00e+00
 2.43743e+17	1.00e+00	1.71e-21	0.00e+00
 2.51484e+17	1.00e+00	1.57e-21	0.00e+00
 2.59264e+17	1.00e+00	1.44e-21	0.00e+00
 2.67041e+17	1.00e+00	1.33e-21	0.00e+00
 2.74803e+17	1.00e+00	1.23e-21	0.00e+00
 2.82484e+17	1.00e+00	1.14e-21	0.00e+00
 2.90035e+17	1.00e+00	1.07e-21	0.00e+00
 2.97419e+17	1.00e+00	9.98e-22	0.00e+00
 3.04544e+17	1.00e+00	9.36e-22	0.00e+00
 3.11350e+17	1.00e+00	8.85e-22	0.00e+00
 3.17820e+17	1.00e+00	8.39e-22	0.00e+00
 3.23972e+17	1.00e+00	7.98e-22	0.00e+00
 3.29863e+17	1.00e+00	7.63e-22	0.00e+00
 3.35472e+17	1.00e+00	7.31e-22	0.00e+00
 3.40770e+17	1.00e+00	7.03e-22	0.00e+00
 3.45758e+17	1.00e+00	6.78e-22	0.00e+00
 3.50447e+17	1.00e+00	6.56e-22	0.00e+00
 3.54857e+17	1.00e+00	6.37e-22	0.00e+00
 3.59004e+17	1.00e+00	6.19e-22	0.00e+00
 3.62902e+17	1.00e+00	6.03e-22	0.00e+00
 3.66563e+17	1.00e+00	5.89e-22	0.00e+00
 3.69998e+17	1.00e+00	5.76e-22	0.00e+00
 3.73225e+17	1.00e+00	5.65e-22	0.00e+00
 3.76259e+17	1.00e+00	5.54e-22	0.00e+00
 3.79114e+17	1.00e+00	5.45e-22	0.00e+00
 3.81800e+17	1.00e+00	5.36e-22	0.00e+00
 3.84330e+17	1.00e+00	5.28e-22	0.00e+00
 3.86712e+17	1.00e+00	5.21e-22	0.00e+00
 3.88959e+17	1.00e+00	5.14e-22	0.00e+00
 3.91078e+17	1.00e+00	5.08e-22	0.00e+00
 3.93078e+17	1.00e+00	5.02e-22	0.00e+00
 3.94969e+17	1.00e+00	4.97e-22	0.00e+00
 3.96755e+17	1.00e+00	4.93e-22	0.00e+00
 3.98444e+17	1.00e+00	4.88e-22	0.00e+00
 4.00043e+17	1.00e+00	4.85e-22	0.00e+00
 4.01556e+17	1.00e+00	4.83e-22	0.00e+00
 4.02990e+17	1.00e+00	4.80e-22	0.00e+00
 4.04349e+17	1.00e+00	4.80e-22	0.00e+00
 4.05639e+17	1.00e+00	4.80e-22	0.00e+00
 4.06862e+17	1.00e+00	4.82e-22	0.00e+00
 4.08024e+17	1.00e+00	4.86e-22	0.00e+00
 4.09128e+17	1.00e+00	4.91e-22	0.00e+00
 4.10177e+17	1.00e+00	4.98e-22	0.00e+00
 4.11176e+17	1.00e+00	5.08e-22	0.00e+00
 4.12126e+17	1.00e+00	5.20e-22	0.00e+00
 4.13031e+17	1.00e+00	5.34e-22	0.00e+00
 4.13894e+17	1.00e+00	5.52e-22	0.00e+00
 4.14718e+17	1.00e+00	5.72e-22	0.00e+00
 4.15504e+17	1.00e+00	5.94e-22	0.00e+00
 4.16255e+17	1.00e+00	6.19e-22	0.00e+00
 4.16973e+17	1.00e+00	6.47e-22	0.00e+00
 4.17661e+17	1.00e+00	6.77e-22	0.00e+00
 4.18320e+17	1.00e+00	7.08e-22	0.00e+00
 4.18953e+17	1.00e+00	7.42e-22	0.00e+00
 4.19560e+17	1.00e+00	7.77e-22	0.00e+00
 4.20145e+17	1.00e+00	8.12e-22	0.00e+00
 4.20709e+17	1.00e+00	8.49e-22	0.00e+00
 4.21252e+17	1.00e+00	8.85e-22	0.00e+00
 4.21778e+17	1.00e+00	9.21e-22	0.00e+00
 4.22288e+17	1.00e+00	9.57e-22	0.00e+00
 4.22783e+17	1.00e+00	9.91e-22	0.00e+00
 4.23264e+17	1.00e+00	1.02e-21	0.00e+00
 4.23734e+17	1.00e+00	1.05e-21	0.00e+00
 4.24195e+17	1.00e+00	1.08e-21	0.00e+00
 4.24647e+17	1.00e+00	1.10e-21	0.00e+00
 4.25093e+17	1.00e+00	1.12e-21	0.00e+00
 4.25534e+17	1.00e+00	1.14e-21	0.00e+00
 4.25973e+17	1.00e+00	1.15e-21	0.00e+00
 4.26412e+17	1.00e+00	1.15e-21	0.00e+00
 4.26853e+17	1.00e+00	1.15e-21	0.00e+00
 4.27299e+17	1.00e+00	1.14e-21	0.00e+00
 4.27755e+17	1.00e+00	1.12e-21	0.00e+00
 4.28222e+17	1.00e+00	1.09e-21	0.00e+00
 4.28707e+17	1.00e+00	1.05e-21	0.00e+00
 4.29215e+17	1.00e+00	9.97e-22	0.00e+00
 4.29754e+17	1.00e+00	9.36e-22	0.00e+00
 4.30332e+17	1.00e+00	8.63e-22	0.00e+00
 4.30963e+17	1.00e+00	7.83e-22	0.00e+00
 4.31662e+17	1.00e+00	6.96e-22	0.00e+00
 4.32452e+17	1.00e+00	6.09e-22	0.00e+00
 4.33365e+17	1.00e+00	5.29e-22	0.00e+00
 4.34445e+17	1.00e+00	4.66e-22	0.00e+00
 4.35757e+17	1.00e+00	4.22e-22	0.00e+00
 4.37398e+17	1.00e+00	4.00e-22	0.00e+00
 4.39508e+17	1.00e+00	3.88e-22	0.00e+00
 4.42252e+17	1.00e+00	3.80e-22	0.00e+00
 4.45818e+17	1.00e+00	3.70e-22	0.00e+00
 4.50455e+17	1.00e+00	3.59e-22	0.00e+00
 4.56483e+17	1.00e+00	3.44e-22	0.00e+00
 4.64319e+17	1.00e+00	3.25e-22	0.00e+00
 4.74506e+17	1.00e+00	3.04e-22	0.00e+00
 4.87749e+17	1.00e+00	2.80e-22	0.00e+00
 5.04965e+17	1.00e+00	2.53e-22	0.00e+00
 5.24989e+17	1.00e+00	2.27e-22	0.00e+00
 5.44644e+17	1.00e+00	2.06e-22	0.00e+00
 5.62595e+17	1.00e+00	1.90e-22	0.00e+00
 5.79629e+17	1.00e+00	1.78e-22	0.00e+00
 5.95500e+17	1.00e+00	1.66e-22	0.00e+00
 6.09358e+17	1.00e+00	1.58e-22	0.00e+00
 6.21723e+17	1.00e+00	1.51e-22	0.00e+00
 6.33156e+17	1.00e+00	1.45e-22	0.00e+00
 6.43692e+17	1.00e+00	1.40e-22	0.00e+00
 6.53210e+17	1.00e+00	1.35e-22	0.00e+00
 6.61651e+17	1.00e+00	1.31e-22	0.00e+00
 6.69110e+17	1.00e+00	1.28e-22	0.00e+00
 6.75549e+17	1.00e+00	1.25e-22	0.00e+00
 6.80519e+17	1.00e+00	1.23e-22	0.00e+00
 6.83746e+17	1.00e+00	1.22e-22	0.00e+00
 6.85662e+17	1.00e+00	1.22e-22	0.00e+00
 6.86812e+17	1.00e+00	1.29e-22	0.00e+00
 6.87501e+17	1.00e+00	2.32e-22	0.00e+00
 6.87977e+17	1.00e+00	6.12e-22	0.00e+00
 6.88415e+17	1.00e+00	8.21e-22	0.00e+00
 6.88852e+17	1.00e+00	8.17e-22	0.00e+00
 6.89270e+17	1.00e+00	8.42e-22	0.00e+00
 6.89662e+17	1.00e+00	9.18e-22	0.00e+00
 6.90042e+17	1.00e+00	9.98e-22	0.00e+00
 6.90417e+17	1.00e+00	1.01e-21	0.00e+00
 6.90751e+17	1.00e+00	1.04e-21	0.00e+00
 6.91041e+17	1.00e+00	1.28e-21	0.00e+00
 6.91331e+17	1.00e+00	1.38e-21	0.00e+00
 6.91627e+17	1.00e+00	1.34e-21	0.00e+00
 6.91897e+17	1.00e+00	1.34e-21	0.00e+00
 6.92131e+17	1.00e+00	1.53e-21	0.00e+00
 6.92352e+17	1.00e+00	1.66e-21	0.00e+00
 6.92583e+17	1.00e+00	1.71e-21	0.00e+00
 6.92809e+17	1.00e+00	1.63e-21	0.00e+00
 6.93010e+17	1.00e+00	1.74e-21	0.00e+00
 6.93198e+17	1.00e+00	1.84e-21	0.00e+00
 6.93391e+17	1.00e+00	1.91e-21	0.00e+00
 6.93578e+17	1.00e+00	1.84e-21	0.00e+00
 6.93747e+17	1.00e+00	1.97e-21	0.00e+00
 6.93917e+17	1.00e+00	2.01e-21	0.00e+00
 6.94089e+17	1.00e+00	2.02e-21	0.00e+00
 6.94257e+17	1.00e+00	2.01e-21	0.00e+00
 6.94417e+17	1.00e+00	2.06e-21	0.00e+00
 6.94572e+17	1.00e+00	2.12e-21	0.00e+00
 6.94726e+17	1.00e+00	2.16e-21	0.00e+00
 6.94879e+17	1.00e+00	2.15e-21	0.00e+00
 6.95029e+17	1.00e+00	2.19e-21	0.00e+00
 6.95178e+17	1.00e+00	2.21e-21	0.00e+00
 6.95329e+17	1.00e+00	2.21e-21	0.00e+00
 6.95479e+17	1.00e+00	2.18e-21	0.00e+00
 6.95628e+17	1.00e+00	2.21e-21	0.00e+00
 6.95772e+17	1.00e+00	2.21e-21	0.00e+00
 6.95924e+17	1.00e+00	2.33e-21	0.00e+00
 6.96079e+17	1.00e+00	2.10e-21	0.00e+00
 6.96227e+17	1.00e+00	2.22e-21	0.00e+00
 6.96378e+17	1.00e+00	2.19e-21	0.00e+00
 6.96536e+17	1.00e+00	2.15e-21	0.00e+00
 6.96697e+17	1.00e+00	2.09e-21	0.00e+00
 6.96857e+17	1.00e+00	2.08e-21	0.00e+00
 6.97013e+17	1.00e+00	2.07e-21	0.00e+00
 6.97180e+17	1.00e+00	2.12e-21	0.00e+00
 6.97358e+17	1.00e+00	1.96e-21	0.00e+00
 6.97530e+17	1.00e+00	1.95e-21	0.00e+00
 6.97695e+17	1.00e+00	1.97e-21	0.00e+00
 6.97872e+17	1.00e+00	2.02e-21	0.00e+00
 6.98063e+17	1.00e+00	1.87e-21	0.00e+00
 6.98249e+17	1.00e+00	1.86e-21	0.00e+00
 6.98433e+17	1.00e+00	1.86e-21	0.00e+00
 6.98632e+17	1.00e+00	1.85e-21	0.00e+00
 6.98838e+17	1.00e+00	1.74e-21	0.00e+00
 6.99038e+17	1.00e+00	1.75e-21	0.00e+00
 6.99241e+17	1.00e+00	1.75e-21	0.00e+00
 6.99461e+17	1.00e+00	1.72e-21	0.00e+00
 6.99687e+17	1.00e+00	1.60e-21	0.00e+00
 6.99911e+17	1.00e+00	1.62e-21	0.00e+00
 7.00138e+17	1.00e+00	1.58e-21	0.00e+00
 7.00373e+17	1.00e+00	1.59e-21	0.00e+00
 7.00620e+17	1.00e+00	1.50e-21	0.00e+00
 7.00869e+17	1.00e+00	1.47e-21	0.00e+00
 7.01116e+17	1.00e+00	1.45e-21	0.00e+00
 7.01372e+17	1.00e+00	1.46e-21	0.00e+00
 7.01640e+17	1.00e+00	1.37e-21	0.00e+00
 7.01911e+17	1.00e+00	1.35e-21	0.00e+00
 7.02187e+17	1.00e+00	1.32e-21	0.00e+00
 7.02473e+17	1.00e+00	1.29e-21	0.00e+00
 7.02766e+17	1.00e+00	1.22e-21	0.00e+00
 7.03063e+17	1.00e+00	1.21e-21	0.00e+00
 7.03364e+17	1.00e+00	1.18e-21	0.00e+00
 7.03677e+17	1.00e+00	1.16e-21	0.00e+00
 7.03999e+17	1.00e+00	1.09e-21	0.00e+00
 7.04329e+17	1.00e+00	1.07e-21	0.00e+00
 7.04659e+17	1.00e+00	1.02e-21	0.00e+00
 7.04997e+17	1.00e+00	1.04e-21	0.00e+00
 7.05355e+17	1.00e+00	9.55e-22	0.00e+00
 7.05725e+17	1.00e+00	9.03e-22	0.00e+00
 7.06090e+17	1.00e+00	8.61e-22	0.00e+00
 7.06456e+17	1.00e+00	8.99e-22	0.00e+00
 7.06833e+17	1.00e+00	8.48e-22	0.00e+00
 7.07222e+17	1.00e+00	8.24e-22	0.00e+00
 7.07618e+17	1.00e+00	7.66e-22	0.00e+00
 7.08015e+17	1.00e+00	7.69e-22	0.00e+00
 7.08423e+17	1.00e+00	7.40e-22	0.00e+00
 7.08846e+17	1.00e+00	7.02e-22	0.00e+00
 7.09280e+17	1.00e+00	6.55e-22	0.00e+00
 7.09717e+17	1.00e+00	6.33e-22	0.00e+00
 7.10156e+17	1.00e+00	6.21e-22	0.00e+00
 7.10603e+17	1.00e+00	6.12e-22	0.00e+00
 7.11067e+17	1.00e+00	5.70e-22	0.00e+00
 7.11536e+17	1.00e+00	5.34e-22	0.00e+00
 7.12026e+17	1.00e+00	5.32e-22	0.00e+00
 7.12524e+17	1.00e+00	4.52e-22	0.00e+00
 7.13004e+17	1.00e+00	4.81e-22	0.00e+00
 7.13489e+17	1.00e+00	4.96e-22	0.00e+00
 7.13999e+17	1.00e+00	4.55e-22	0.00e+00
 7.14519e+17	1.00e+00	4.06e-22	0.00e+00
 7.15069e+17	1.00e+00	4.10e-22	0.00e+00
 7.15632e+17	1.00e+00	3.19e-22	0.00e+00
 7.16197e+17	1.00e+00	3.60e-22	0.00e+00
 7.16786e+17	1.00e+00	3.02e-22	0.00e+00
 7.17377e+17	1.00e+00	2.97e-22	0.00e+00
 7.17979e+17	1.00e+00	2.88e-22	0.00e+00
 7.18607e+17	1.00e+00	2.64e-22	0.00e+00
 7.19247e+17	1.00e+00	2.36e-22	0.00e+00
 7.19857e+17	1.00e+00	2.34e-22	0.00e+00
 7.20406e+17	1.00e+00	2.78e-22	0.00e+00
 7.20901e+17	1.00e+00	3.46e-22	0.00e+00
 7.21367e+17	1.00e+00	3.96e-22	0.00e+00
 7.21816e+17	1.00e+00	4.22e-22	0.00e+00
 7.22247e+17	1.00e+00	4.43e-22	0.00e+00
 7.22658e+17	1.00e+00	4.72e-22	0.00e+00
 7.23050e+17	1.00e+00	5.05e-22	0.00e+00
 7.23425e+17	1.00e+00	5.36e-22	0.00e+00
 7.23785e+17	1.00e+00	5.64e-22	0.00e+00
 7.24132e+17	1.00e+00	5.91e-22	0.00e+00
 7.24464e+17	1.00e+00	6.19e-22	0.00e+00
 7.24784e+17	1.00e+00	6.47e-22	0.00e+00
 7.25090e+17	1.00e+00	6.75e-22	0.00e+00
 7.25384e+17	1.00e+00	7.04e-22	0.00e+00
 7.25666e+17	1.00e+00	7.31e-22	0.00e+00
 7.25937e+17	1.00e+00	7.57e-22	0.00e+00
 7.26198e+17	1.00e+00	7.85e-22	0.00e+00
 7.26450e+17	1.00e+00	8.09e-22	0.00e+00
 7.26692e+17	1.00e+00	8.34e-22	0.00e+00
 7.26926e+17	1.00e+00	8.57e-22	0.00e+00
 7.27153e+17	1.00e+00	8.75e-22	0.00e+00
 7.27370e+17	1.00e+00	8.97e-22	0.00e+00
 7.27580e+17	1.00e+00	9.22e-22	0.00e+00
 7.27784e+17	1.00e+00	9.40e-22	0.00e+00
 7.27984e+17	1.00e+00	9.53e-22	0.00e+00
 7.28179e+17	1.00e+00	9.67e-22	0.00e+00
 7.28368e+17	1.00e+00	9.81e-22	0.00e+00
 7.28553e+17	1.00e+00	9.95e-22	0.00e+00
 7.28733e+17	1.00e+00	1.01e-21	0.00e+00
 7.28910e+17	1.00e+00	1.02e-21	0.00e+00
 7.29083e+17	1.00e+00	1.03e-21	0.00e+00
 7.29253e+17	1.00e+00	1.04e-21	0.00e+00
 7.29447e+17	1.00e+00	1.05e-21	0.00e+00
 7.29698e+17	1.00e+00	9.23e-22	0.00e+00
 7.30026e+17	1.00e+00	7.32e-22	0.00e+00
 7.30451e+17	1.00e+00	5.29e-22	0.00e+00
 7.31004e+17	1.00e+00	3.42e-22	0.00e+00
 7.31686e+17	1.00e+00	1.99e-22	0.00e+00
 7.32402e+17	1.00e+00	1.36e-22	0.00e+00
 7.33049e+17	1.00e+00	1.54e-22	0.00e+00
 7.33626e+17	1.00e+00	2.06e-22	0.00e+00
 7.34176e+17	1.00e+00	2.45e-22	0.00e+00
 7.34733e+17	1.00e+00	2.48e-22	0.00e+00
 7.35299e+17	1.00e+00	2.34e-22	0.00e+00
