#depth	N	N+	N+2	N+3	N+4	N+5	N+6	N+7
 1.49634e+10	0.00e+00	3.09e-47	4.97e-35	1.33e-23	6.44e-13	1.15e-01	8.83e-01	2.64e-03
 4.54887e+10	0.00e+00	0.00e+00	6.77e-35	1.67e-23	7.49e-13	1.23e-01	8.74e-01	2.42e-03
 7.72350e+10	0.00e+00	6.69e-47	9.20e-35	2.10e-23	8.70e-13	1.32e-01	8.66e-01	2.21e-03
 1.10251e+11	0.00e+00	0.00e+00	1.25e-34	2.64e-23	1.01e-12	1.42e-01	8.56e-01	2.02e-03
 1.44588e+11	0.00e+00	1.44e-46	1.70e-34	3.31e-23	1.17e-12	1.52e-01	8.46e-01	1.85e-03
 1.80298e+11	0.00e+00	0.00e+00	2.30e-34	4.15e-23	1.36e-12	1.63e-01	8.35e-01	1.69e-03
 2.17437e+11	0.00e+00	3.10e-46	3.12e-34	5.20e-23	1.57e-12	1.75e-01	8.24e-01	1.54e-03
 2.56061e+11	0.00e+00	0.00e+00	4.22e-34	6.50e-23	1.82e-12	1.87e-01	8.12e-01	1.40e-03
 2.96231e+11	0.00e+00	6.65e-46	5.70e-34	8.13e-23	2.10e-12	2.00e-01	7.99e-01	1.27e-03
 3.34457e+11	0.00e+00	0.00e+00	0.00e+00	9.97e-23	2.40e-12	2.12e-01	7.87e-01	1.17e-03
 3.69337e+11	0.00e+00	0.00e+00	9.58e-34	1.19e-22	2.70e-12	2.24e-01	7.75e-01	1.08e-03
 4.08741e+11	0.00e+00	1.78e-45	1.25e-33	1.45e-22	3.05e-12	2.36e-01	7.63e-01	9.92e-04
 4.54596e+11	0.00e+00	0.00e+00	0.00e+00	1.80e-22	3.51e-12	2.51e-01	7.48e-01	8.99e-04
 4.99261e+11	0.00e+00	0.00e+00	2.21e-33	2.21e-22	4.00e-12	2.66e-01	7.33e-01	8.20e-04
 5.40818e+11	0.00e+00	5.01e-45	2.82e-33	2.64e-22	4.49e-12	2.80e-01	7.19e-01	7.54e-04
 5.87484e+11	0.00e+00	0.00e+00	0.00e+00	3.21e-22	5.08e-12	2.95e-01	7.04e-01	6.87e-04
 6.40910e+11	0.00e+00	0.00e+00	4.94e-33	3.98e-22	5.82e-12	3.13e-01	6.87e-01	6.19e-04
 6.93520e+11	0.00e+00	1.45e-44	6.51e-33	4.87e-22	6.61e-12	3.30e-01	6.70e-01	5.61e-04
 7.48235e+11	0.00e+00	0.00e+00	0.00e+00	5.95e-22	7.50e-12	3.47e-01	6.53e-01	5.07e-04
 8.08091e+11	0.00e+00	0.00e+00	1.14e-32	7.34e-22	8.55e-12	3.66e-01	6.34e-01	4.55e-04
 8.68351e+11	0.00e+00	4.21e-44	1.51e-32	8.98e-22	9.70e-12	3.84e-01	6.15e-01	4.10e-04
 9.31022e+11	0.00e+00	0.00e+00	1.99e-32	1.10e-21	1.10e-11	4.03e-01	5.96e-01	3.68e-04
 9.96533e+11	0.00e+00	8.53e-44	2.62e-32	1.34e-21	1.24e-11	4.23e-01	5.77e-01	3.30e-04
 1.06156e+12	0.00e+00	0.00e+00	3.41e-32	1.62e-21	1.40e-11	4.41e-01	5.58e-01	2.97e-04
 1.13085e+12	0.00e+00	1.68e-43	4.47e-32	1.97e-21	1.57e-11	4.61e-01	5.39e-01	2.66e-04
 1.20601e+12	0.00e+00	0.00e+00	5.90e-32	2.40e-21	1.77e-11	4.81e-01	5.19e-01	2.36e-04
 1.28418e+12	0.00e+00	3.43e-43	7.78e-32	2.93e-21	2.00e-11	5.01e-01	4.98e-01	2.10e-04
 1.36547e+12	0.00e+00	0.00e+00	1.02e-31	3.57e-21	2.25e-11	5.22e-01	4.78e-01	1.86e-04
 1.44704e+12	0.00e+00	6.87e-43	1.33e-31	4.31e-21	2.52e-11	5.41e-01	4.59e-01	1.66e-04
 1.53188e+12	0.00e+00	0.00e+00	1.74e-31	5.19e-21	2.82e-11	5.61e-01	4.39e-01	1.47e-04
 1.62309e+12	0.00e+00	1.37e-42	2.27e-31	6.29e-21	3.15e-11	5.81e-01	4.19e-01	1.30e-04
 1.71794e+12	0.00e+00	0.00e+00	2.98e-31	7.61e-21	3.53e-11	6.00e-01	4.00e-01	1.14e-04
 1.81658e+12	0.00e+00	2.73e-42	3.89e-31	9.18e-21	3.94e-11	6.19e-01	3.81e-01	1.01e-04
 1.91917e+12	0.00e+00	0.00e+00	5.07e-31	1.11e-20	4.39e-11	6.38e-01	3.62e-01	8.84e-05
 2.02586e+12	0.00e+00	5.43e-42	6.60e-31	1.33e-20	4.88e-11	6.56e-01	3.43e-01	7.76e-05
 2.13682e+12	0.00e+00	0.00e+00	8.58e-31	1.60e-20	5.43e-11	6.74e-01	3.26e-01	6.80e-05
 2.25222e+12	0.00e+00	1.07e-41	1.11e-30	1.92e-20	6.02e-11	6.92e-01	3.08e-01	5.95e-05
 2.37224e+12	0.00e+00	0.00e+00	1.45e-30	2.31e-20	6.67e-11	7.09e-01	2.91e-01	5.20e-05
 2.49706e+12	0.00e+00	2.11e-41	1.87e-30	2.76e-20	7.38e-11	7.25e-01	2.75e-01	4.54e-05
 2.62430e+12	0.00e+00	0.00e+00	2.41e-30	3.29e-20	8.14e-11	7.40e-01	2.60e-01	3.97e-05
 2.75664e+12	0.00e+00	4.07e-41	3.10e-30	3.91e-20	8.97e-11	7.55e-01	2.45e-01	3.46e-05
 2.89683e+12	0.00e+00	0.00e+00	4.00e-30	4.67e-20	9.89e-11	7.70e-01	2.30e-01	3.01e-05
 3.04263e+12	0.00e+00	7.91e-41	5.15e-30	5.56e-20	1.09e-10	7.83e-01	2.17e-01	2.62e-05
 3.19426e+12	0.00e+00	0.00e+00	6.63e-30	6.62e-20	1.20e-10	7.97e-01	2.03e-01	2.27e-05
 3.35196e+12	0.00e+00	1.53e-40	8.53e-30	7.87e-20	1.32e-10	8.09e-01	1.91e-01	1.97e-05
 3.49917e+12	0.00e+00	0.00e+00	1.07e-29	9.19e-20	1.43e-10	8.20e-01	1.80e-01	1.73e-05
 3.62896e+12	0.00e+00	2.65e-40	1.29e-29	1.05e-19	1.54e-10	8.29e-01	1.71e-01	1.55e-05
 3.77383e+12	0.00e+00	0.00e+00	1.59e-29	1.21e-19	1.66e-10	8.38e-01	1.62e-01	1.37e-05
 3.94778e+12	0.00e+00	4.78e-40	2.02e-29	1.42e-19	1.81e-10	8.48e-01	1.52e-01	1.19e-05
 4.12262e+12	0.00e+00	0.00e+00	2.55e-29	1.67e-19	1.97e-10	8.58e-01	1.42e-01	1.04e-05
 4.28337e+12	0.00e+00	8.48e-40	3.13e-29	1.92e-19	2.13e-10	8.65e-01	1.35e-01	9.21e-06
 4.46277e+12	0.00e+00	0.00e+00	3.90e-29	2.23e-19	2.30e-10	8.73e-01	1.27e-01	8.07e-06
 4.67041e+12	0.00e+00	1.57e-39	4.99e-29	2.63e-19	2.51e-10	8.82e-01	1.18e-01	6.96e-06
 4.87343e+12	0.00e+00	0.00e+00	6.28e-29	3.08e-19	2.73e-10	8.90e-01	1.10e-01	6.05e-06
 5.06600e+12	0.00e+00	2.81e-39	7.75e-29	3.55e-19	2.94e-10	8.96e-01	1.04e-01	5.32e-06
 5.27999e+12	0.00e+00	0.00e+00	9.71e-29	4.14e-19	3.19e-10	9.03e-01	9.73e-02	4.63e-06
 5.52111e+12	0.00e+00	5.23e-39	1.24e-28	4.88e-19	3.48e-10	9.09e-01	9.06e-02	3.98e-06
 5.76374e+12	0.00e+00	0.00e+00	1.57e-28	5.73e-19	3.78e-10	9.16e-01	8.44e-02	3.44e-06
 6.01606e+12	0.00e+00	9.77e-39	1.99e-28	6.72e-19	4.11e-10	9.21e-01	7.86e-02	2.97e-06
 6.28663e+12	0.00e+00	0.00e+00	2.54e-28	7.92e-19	4.47e-10	9.27e-01	7.31e-02	2.55e-06
 6.56802e+12	0.00e+00	1.86e-38	3.24e-28	9.33e-19	4.87e-10	9.32e-01	6.79e-02	2.19e-06
 6.86067e+12	0.00e+00	0.00e+00	4.12e-28	1.10e-18	5.30e-10	9.37e-01	6.30e-02	1.88e-06
 7.16503e+12	0.00e+00	3.54e-38	5.26e-28	1.29e-18	5.76e-10	9.42e-01	5.85e-02	1.61e-06
 7.48155e+12	0.00e+00	0.00e+00	6.70e-28	1.52e-18	6.27e-10	9.46e-01	5.42e-02	1.38e-06
 7.81074e+12	0.00e+00	6.74e-38	8.54e-28	1.80e-18	6.81e-10	9.50e-01	5.03e-02	1.18e-06
 8.15310e+12	0.00e+00	0.00e+00	1.09e-27	2.11e-18	7.41e-10	9.53e-01	4.66e-02	1.01e-06
 8.50915e+12	0.00e+00	1.28e-37	1.39e-27	2.49e-18	8.05e-10	9.57e-01	4.32e-02	8.64e-07
 8.87944e+12	0.00e+00	0.00e+00	1.77e-27	2.93e-18	8.75e-10	9.60e-01	4.00e-02	0.00e+00
 9.26455e+12	0.00e+00	2.44e-37	2.25e-27	3.45e-18	9.51e-10	9.63e-01	3.70e-02	0.00e+00
 9.64031e+12	0.00e+00	0.00e+00	2.83e-27	4.02e-18	1.03e-09	9.66e-01	3.44e-02	0.00e+00
 9.99762e+12	0.00e+00	4.35e-37	3.49e-27	4.62e-18	1.10e-09	9.68e-01	3.22e-02	0.00e+00
 1.03940e+13	0.00e+00	0.00e+00	4.36e-27	5.38e-18	1.19e-09	9.70e-01	3.00e-02	0.00e+00
 1.08267e+13	0.00e+00	8.02e-37	5.52e-27	6.30e-18	1.29e-09	9.72e-01	2.78e-02	0.00e+00
 1.12443e+13	0.00e+00	0.00e+00	6.88e-27	7.30e-18	1.39e-09	9.74e-01	2.59e-02	0.00e+00
 1.16915e+13	0.00e+00	1.45e-36	8.64e-27	8.51e-18	1.50e-09	9.76e-01	2.41e-02	0.00e+00
 1.21891e+13	3.63e-47	2.01e-36	1.10e-26	1.00e-17	1.63e-09	9.78e-01	2.22e-02	0.00e+00
 1.26911e+13	0.00e+00	0.00e+00	1.40e-26	1.17e-17	1.77e-09	9.79e-01	2.06e-02	0.00e+00
 1.32132e+13	0.00e+00	3.77e-36	1.77e-26	1.38e-17	1.92e-09	9.81e-01	1.91e-02	0.00e+00
 1.37717e+13	1.19e-46	5.21e-36	2.26e-26	1.62e-17	2.08e-09	9.82e-01	1.76e-02	0.00e+00
 1.43525e+13	0.00e+00	0.00e+00	2.89e-26	1.92e-17	2.26e-09	9.84e-01	1.62e-02	0.00e+00
 1.49565e+13	0.00e+00	1.00e-35	3.70e-26	2.26e-17	2.46e-09	9.85e-01	1.50e-02	0.00e+00
 1.55847e+13	4.04e-46	1.39e-35	4.73e-26	2.67e-17	2.68e-09	9.86e-01	1.38e-02	0.00e+00
 1.62380e+13	0.00e+00	0.00e+00	6.06e-26	3.15e-17	2.91e-09	9.87e-01	1.27e-02	0.00e+00
 1.69174e+13	0.00e+00	2.67e-35	7.76e-26	3.72e-17	3.16e-09	9.88e-01	1.18e-02	0.00e+00
 1.76241e+13	1.38e-45	3.71e-35	9.94e-26	4.39e-17	3.44e-09	9.89e-01	1.08e-02	0.00e+00
 1.82874e+13	0.00e+00	0.00e+00	1.24e-25	5.11e-17	3.71e-09	9.90e-01	1.01e-02	0.00e+00
 1.88789e+13	0.00e+00	6.46e-35	1.51e-25	5.83e-17	3.96e-09	9.91e-01	9.43e-03	0.00e+00
 1.95421e+13	3.91e-45	8.56e-35	1.87e-25	6.72e-17	4.26e-09	9.91e-01	8.79e-03	0.00e+00
 2.03302e+13	0.00e+00	0.00e+00	2.38e-25	7.92e-17	4.63e-09	9.92e-01	8.11e-03	0.00e+00
 2.11203e+13	0.00e+00	1.62e-34	3.02e-25	9.29e-17	5.01e-09	9.93e-01	7.50e-03	0.00e+00
 2.18596e+13	1.23e-44	2.14e-34	3.74e-25	1.07e-16	5.39e-09	9.93e-01	6.99e-03	0.00e+00
 2.26816e+13	0.00e+00	0.00e+00	4.71e-25	1.25e-16	5.83e-09	9.94e-01	6.47e-03	0.00e+00
 2.36188e+13	0.00e+00	4.06e-34	6.07e-25	1.49e-16	6.35e-09	9.94e-01	5.95e-03	0.00e+00
 2.45496e+13	4.07e-44	5.60e-34	7.74e-25	1.75e-16	6.90e-09	9.95e-01	5.48e-03	0.00e+00
 2.55176e+13	0.00e+00	0.00e+00	9.90e-25	2.07e-16	7.50e-09	9.95e-01	5.05e-03	0.00e+00
 2.65683e+13	0.00e+00	1.09e-33	1.28e-24	2.47e-16	8.19e-09	9.95e-01	4.63e-03	0.00e+00
 2.76375e+13	1.40e-43	1.51e-33	1.65e-24	2.93e-16	8.93e-09	9.96e-01	4.26e-03	0.00e+00
 2.86275e+13	0.00e+00	0.00e+00	2.06e-24	3.41e-16	9.64e-09	9.96e-01	3.95e-03	0.00e+00
 2.95318e+13	0.00e+00	2.65e-33	2.52e-24	3.91e-16	1.03e-08	9.96e-01	3.69e-03	0.00e+00
 3.05622e+13	4.04e-43	3.55e-33	3.15e-24	4.54e-16	1.11e-08	9.97e-01	3.43e-03	0.00e+00
 3.17824e+13	0.00e+00	0.00e+00	4.06e-24	5.40e-16	1.22e-08	9.97e-01	3.14e-03	0.00e+00
 3.29929e+13	0.00e+00	6.83e-33	5.18e-24	6.38e-16	1.32e-08	9.97e-01	2.89e-03	0.00e+00
 3.41128e+13	1.30e-42	9.10e-33	6.44e-24	7.41e-16	1.43e-08	9.97e-01	2.69e-03	0.00e+00
 3.53682e+13	0.00e+00	0.00e+00	8.17e-24	8.72e-16	1.55e-08	9.98e-01	2.48e-03	0.00e+00
 3.68128e+13	0.00e+00	1.75e-32	1.06e-23	1.05e-15	1.70e-08	9.98e-01	2.27e-03	0.00e+00
 3.82242e+13	4.38e-42	2.42e-32	1.36e-23	1.24e-15	1.85e-08	9.98e-01	2.08e-03	0.00e+00
 3.96919e+13	0.00e+00	3.37e-32	1.75e-23	1.47e-15	2.02e-08	9.98e-01	1.91e-03	0.00e+00
 4.12727e+13	1.00e-41	4.73e-32	2.27e-23	1.76e-15	2.21e-08	9.98e-01	1.75e-03	0.00e+00
 4.28309e+13	0.00e+00	6.52e-32	2.91e-23	2.09e-15	2.42e-08	9.98e-01	1.60e-03	0.00e+00
 4.44884e+13	2.25e-41	9.07e-32	3.76e-23	2.50e-15	2.64e-08	9.99e-01	1.47e-03	0.00e+00
 4.62979e+13	0.00e+00	1.28e-31	4.91e-23	3.01e-15	2.91e-08	9.99e-01	1.34e-03	0.00e+00
 4.80963e+13	5.19e-41	1.79e-31	6.34e-23	3.59e-15	3.19e-08	9.99e-01	1.22e-03	0.00e+00
 4.99666e+13	0.00e+00	2.49e-31	8.20e-23	4.30e-15	3.49e-08	9.99e-01	1.12e-03	0.00e+00
 5.19952e+13	1.20e-40	3.52e-31	1.07e-22	5.18e-15	3.85e-08	9.99e-01	1.02e-03	0.00e+00
 5.41049e+13	0.00e+00	4.96e-31	1.40e-22	6.26e-15	4.24e-08	9.99e-01	9.23e-04	0.00e+00
 5.62991e+13	2.78e-40	6.99e-31	1.83e-22	7.55e-15	4.68e-08	9.99e-01	8.39e-04	0.00e+00
 5.85809e+13	0.00e+00	9.84e-31	2.39e-22	9.12e-15	5.16e-08	9.99e-01	7.62e-04	0.00e+00
 6.09541e+13	6.42e-40	1.38e-30	3.11e-22	1.10e-14	5.70e-08	9.99e-01	6.92e-04	0.00e+00
 6.31042e+13	0.00e+00	1.86e-30	3.92e-22	1.30e-14	6.21e-08	9.99e-01	6.36e-04	0.00e+00
 6.49027e+13	1.23e-39	2.35e-30	4.73e-22	1.48e-14	6.66e-08	9.99e-01	5.93e-04	0.00e+00
 6.68767e+13	0.00e+00	3.03e-30	5.76e-22	1.71e-14	7.18e-08	9.99e-01	5.52e-04	0.00e+00
 6.93672e+13	2.44e-39	4.12e-30	7.34e-22	2.03e-14	7.87e-08	9.99e-01	5.04e-04	0.00e+00
 7.19624e+13	0.00e+00	5.59e-30	9.34e-22	2.42e-14	8.63e-08	1.00e+00	4.61e-04	0.00e+00
 7.41737e+13	4.80e-39	7.17e-30	1.14e-21	2.79e-14	9.31e-08	1.00e+00	4.28e-04	0.00e+00
 7.64531e+13	0.00e+00	9.20e-30	1.38e-21	3.22e-14	1.00e-07	1.00e+00	3.97e-04	0.00e+00
 7.93112e+13	9.35e-39	1.24e-29	1.75e-21	3.82e-14	1.10e-07	1.00e+00	3.63e-04	0.00e+00
 8.22207e+13	0.00e+00	1.66e-29	2.21e-21	4.52e-14	1.20e-07	1.00e+00	3.32e-04	0.00e+00
 8.47497e+13	1.79e-38	2.12e-29	2.68e-21	5.21e-14	1.30e-07	1.00e+00	3.09e-04	0.00e+00
 8.74850e+13	0.00e+00	2.72e-29	3.28e-21	6.03e-14	1.41e-07	1.00e+00	2.86e-04	0.00e+00
 9.08267e+13	3.49e-38	3.67e-29	4.15e-21	7.16e-14	1.54e-07	1.00e+00	2.61e-04	0.00e+00
 9.42425e+13	0.00e+00	4.90e-29	5.23e-21	8.48e-14	1.69e-07	1.00e+00	2.39e-04	0.00e+00
 9.73848e+13	6.76e-38	6.33e-29	6.41e-21	9.84e-14	1.83e-07	1.00e+00	2.20e-04	0.00e+00
 1.00885e+14	0.00e+00	8.32e-29	7.97e-21	1.15e-13	2.00e-07	1.00e+00	2.03e-04	0.00e+00
 1.04936e+14	1.36e-37	1.13e-28	1.02e-20	1.38e-13	2.20e-07	1.00e+00	1.84e-04	0.00e+00
 1.08916e+14	0.00e+00	1.50e-28	1.27e-20	1.63e-13	2.40e-07	1.00e+00	1.69e-04	0.00e+00
 1.12718e+14	2.64e-37	1.95e-28	1.57e-20	1.89e-13	2.61e-07	1.00e+00	1.56e-04	0.00e+00
 1.16920e+14	0.00e+00	2.57e-28	1.96e-20	2.23e-13	2.85e-07	1.00e+00	1.43e-04	0.00e+00
 1.21627e+14	5.29e-37	3.46e-28	2.48e-20	2.65e-13	3.13e-07	1.00e+00	1.30e-04	0.00e+00
 1.25882e+14	0.00e+00	4.48e-28	3.05e-20	3.08e-13	3.40e-07	1.00e+00	1.20e-04	0.00e+00
 1.29430e+14	9.32e-37	5.52e-28	3.60e-20	3.47e-13	3.63e-07	1.00e+00	1.12e-04	0.00e+00
 1.33320e+14	0.00e+00	6.89e-28	4.29e-20	3.95e-13	3.90e-07	1.00e+00	1.05e-04	0.00e+00
 1.38244e+14	1.69e-36	9.04e-28	5.32e-20	4.62e-13	4.24e-07	1.00e+00	9.65e-05	0.00e+00
 1.43197e+14	0.00e+00	1.17e-27	6.56e-20	5.37e-13	4.61e-07	1.00e+00	8.90e-05	0.00e+00
 1.47342e+14	3.00e-36	1.45e-27	7.76e-20	6.07e-13	4.93e-07	1.00e+00	8.33e-05	0.00e+00
 1.51753e+14	0.00e+00	1.81e-27	9.23e-20	6.89e-13	5.28e-07	1.00e+00	7.79e-05	0.00e+00
 1.57347e+14	5.42e-36	2.36e-27	1.14e-19	8.04e-13	5.74e-07	1.00e+00	7.17e-05	0.00e+00
 1.63180e+14	0.00e+00	3.09e-27	1.41e-19	9.39e-13	6.24e-07	1.00e+00	6.60e-05	0.00e+00
 1.68356e+14	9.92e-36	3.89e-27	1.70e-19	1.07e-12	6.71e-07	1.00e+00	6.14e-05	0.00e+00
 1.73976e+14	0.00e+00	4.96e-27	2.06e-19	1.23e-12	7.23e-07	1.00e+00	5.70e-05	0.00e+00
 1.80165e+14	1.82e-35	6.42e-27	2.52e-19	1.43e-12	7.84e-07	1.00e+00	5.27e-05	0.00e+00
 1.85860e+14	0.00e+00	8.07e-27	3.02e-19	1.62e-12	8.42e-07	1.00e+00	4.91e-05	0.00e+00
 1.92027e+14	3.21e-35	1.03e-26	3.65e-19	1.86e-12	9.06e-07	1.00e+00	4.57e-05	0.00e+00
 1.98908e+14	0.00e+00	1.33e-26	4.48e-19	2.16e-12	9.82e-07	1.00e+00	4.22e-05	0.00e+00
 2.05368e+14	5.86e-35	1.68e-26	5.40e-19	2.47e-12	1.06e-06	1.00e+00	3.93e-05	0.00e+00
 2.12415e+14	0.00e+00	2.16e-26	6.57e-19	2.84e-12	1.14e-06	1.00e+00	3.64e-05	0.00e+00
 2.20240e+14	1.10e-34	2.82e-26	8.11e-19	3.30e-12	1.23e-06	1.00e+00	3.36e-05	0.00e+00
 2.27546e+14	0.00e+00	3.59e-26	9.80e-19	3.77e-12	1.33e-06	1.00e+00	3.13e-05	0.00e+00
 2.35514e+14	2.01e-34	4.63e-26	1.20e-18	4.35e-12	1.43e-06	1.00e+00	2.90e-05	0.00e+00
 2.44418e+14	0.00e+00	6.10e-26	1.49e-18	5.06e-12	1.56e-06	1.00e+00	2.68e-05	0.00e+00
 2.52823e+14	3.83e-34	7.86e-26	1.81e-18	5.82e-12	1.67e-06	1.00e+00	2.49e-05	0.00e+00
 2.61979e+14	0.00e+00	1.02e-25	2.23e-18	6.73e-12	1.81e-06	1.00e+00	2.30e-05	0.00e+00
 2.72200e+14	7.51e-34	1.36e-25	2.78e-18	7.87e-12	1.97e-06	1.00e+00	2.12e-05	0.00e+00
 2.81953e+14	0.00e+00	1.78e-25	3.42e-18	9.08e-12	2.12e-06	1.00e+00	1.96e-05	0.00e+00
 2.92384e+14	1.45e-33	2.34e-25	4.22e-18	1.05e-11	2.30e-06	1.00e+00	1.82e-05	0.00e+00
 3.04110e+14	0.00e+00	3.15e-25	5.32e-18	1.24e-11	2.50e-06	1.00e+00	1.67e-05	0.00e+00
 3.15799e+14	2.98e-33	4.20e-25	6.63e-18	1.44e-11	2.71e-06	1.00e+00	1.54e-05	0.00e+00
 3.27955e+14	0.00e+00	5.60e-25	8.28e-18	1.68e-11	2.93e-06	1.00e+00	1.43e-05	0.00e+00
 3.41104e+14	6.17e-33	7.57e-25	1.04e-17	1.97e-11	3.18e-06	1.00e+00	1.31e-05	0.00e+00
 3.54778e+14	0.00e+00	1.02e-24	1.32e-17	2.30e-11	3.46e-06	1.00e+00	1.21e-05	0.00e+00
 3.68999e+14	1.31e-32	1.39e-24	1.66e-17	2.70e-11	3.75e-06	1.00e+00	1.12e-05	0.00e+00
 3.82664e+14	1.85e-32	1.84e-24	2.06e-17	3.13e-11	4.04e-06	1.00e+00	1.04e-05	0.00e+00
 3.95341e+14	2.54e-32	2.37e-24	2.50e-17	3.56e-11	4.33e-06	1.00e+00	9.68e-06	0.00e+00
 4.07306e+14	3.39e-32	2.99e-24	2.98e-17	4.02e-11	4.60e-06	1.00e+00	9.11e-06	0.00e+00
 4.20422e+14	4.61e-32	3.83e-24	3.59e-17	4.56e-11	4.91e-06	1.00e+00	8.53e-06	0.00e+00
 4.35064e+14	6.43e-32	5.01e-24	4.40e-17	5.23e-11	5.26e-06	1.00e+00	7.96e-06	0.00e+00
 4.48907e+14	8.74e-32	6.42e-24	5.31e-17	5.94e-11	5.61e-06	1.00e+00	7.47e-06	0.00e+00
 4.64121e+14	1.21e-31	8.35e-24	6.47e-17	6.78e-11	6.00e-06	1.00e+00	6.98e-06	0.00e+00
 4.81185e+14	1.73e-31	1.11e-23	8.03e-17	7.84e-11	6.46e-06	1.00e+00	6.49e-06	0.00e+00
 4.97076e+14	2.38e-31	1.44e-23	9.74e-17	8.93e-11	6.90e-06	1.00e+00	6.08e-06	0.00e+00
 5.11886e+14	3.19e-31	1.81e-23	1.16e-16	1.00e-10	7.32e-06	1.00e+00	5.73e-06	0.00e+00
 5.28868e+14	4.41e-31	2.35e-23	1.41e-16	1.14e-10	7.81e-06	1.00e+00	5.36e-06	0.00e+00
 5.49251e+14	6.42e-31	3.17e-23	1.77e-16	1.33e-10	8.43e-06	1.00e+00	4.97e-06	0.00e+00
 5.69308e+14	9.17e-31	4.23e-23	2.19e-16	1.54e-10	9.06e-06	1.00e+00	4.63e-06	0.00e+00
 5.87117e+14	1.25e-30	5.41e-23	2.64e-16	1.74e-10	9.63e-06	1.00e+00	4.35e-06	0.00e+00
 6.06752e+14	1.73e-30	7.03e-23	3.21e-16	1.98e-10	1.03e-05	1.00e+00	4.08e-06	0.00e+00
 6.30222e+14	2.54e-30	9.53e-23	4.03e-16	2.30e-10	1.11e-05	1.00e+00	3.78e-06	0.00e+00
 6.53607e+14	3.65e-30	1.28e-22	5.02e-16	2.67e-10	1.19e-05	1.00e+00	3.51e-06	0.00e+00
 6.75002e+14	5.05e-30	1.65e-22	6.09e-16	3.03e-10	1.27e-05	1.00e+00	3.30e-06	0.00e+00
 6.98880e+14	7.16e-30	2.18e-22	7.51e-16	3.48e-10	1.36e-05	1.00e+00	3.08e-06	0.00e+00
 7.26639e+14	1.06e-29	2.99e-22	9.48e-16	4.07e-10	1.47e-05	1.00e+00	2.85e-06	0.00e+00
 7.53877e+14	1.53e-29	4.01e-22	1.18e-15	4.71e-10	1.58e-05	1.00e+00	2.65e-06	0.00e+00
 7.79620e+14	2.15e-29	5.25e-22	1.45e-15	5.39e-10	1.69e-05	1.00e+00	2.48e-06	0.00e+00
 8.08252e+14	3.09e-29	7.02e-22	1.80e-15	6.22e-10	1.82e-05	1.00e+00	2.30e-06	0.00e+00
 8.40612e+14	4.58e-29	9.62e-22	2.28e-15	7.28e-10	1.97e-05	1.00e+00	2.13e-06	0.00e+00
 8.73032e+14	6.70e-29	1.30e-21	2.86e-15	8.46e-10	2.12e-05	1.00e+00	1.98e-06	0.00e+00
 9.06749e+14	9.80e-29	1.77e-21	3.59e-15	9.84e-10	2.28e-05	1.00e+00	1.83e-06	0.00e+00
 9.43049e+14	1.45e-28	2.42e-21	4.54e-15	1.15e-09	2.47e-05	1.00e+00	1.70e-06	0.00e+00
 9.80801e+14	2.15e-28	3.31e-21	5.74e-15	1.35e-09	2.67e-05	1.00e+00	1.57e-06	0.00e+00
 1.01740e+15	3.10e-28	4.44e-21	7.15e-15	1.56e-09	2.87e-05	1.00e+00	1.46e-06	0.00e+00
 1.05189e+15	4.33e-28	5.80e-21	8.74e-15	1.78e-09	3.07e-05	1.00e+00	1.36e-06	0.00e+00
 1.09043e+15	6.20e-28	7.73e-21	1.08e-14	2.06e-09	3.30e-05	1.00e+00	1.27e-06	0.00e+00
 1.12934e+15	8.79e-28	1.02e-20	1.34e-14	2.37e-09	3.54e-05	1.00e+00	1.18e-06	0.00e+00
 1.16190e+15	1.17e-27	1.28e-20	1.59e-14	2.65e-09	3.75e-05	1.00e+00	1.12e-06	0.00e+00
 1.19651e+15	1.56e-27	1.62e-20	1.89e-14	2.98e-09	3.98e-05	1.00e+00	1.05e-06	0.00e+00
 1.24042e+15	2.23e-27	2.15e-20	2.34e-14	3.45e-09	4.28e-05	1.00e+00	9.79e-07	0.00e+00
 1.28622e+15	3.19e-27	2.87e-20	2.91e-14	3.98e-09	4.60e-05	1.00e+00	0.00e+00	0.00e+00
 1.32697e+15	4.35e-27	3.68e-20	3.51e-14	4.51e-09	4.90e-05	1.00e+00	0.00e+00	0.00e+00
 1.37130e+15	6.01e-27	4.77e-20	4.27e-14	5.15e-09	5.24e-05	1.00e+00	0.00e+00	0.00e+00
 1.42430e+15	8.72e-27	6.43e-20	5.35e-14	6.00e-09	5.66e-05	1.00e+00	0.00e+00	0.00e+00
 1.47782e+15	1.25e-26	8.61e-20	6.66e-14	6.95e-09	6.10e-05	1.00e+00	0.00e+00	0.00e+00
 1.52820e+15	1.74e-26	1.12e-19	8.14e-14	7.95e-09	6.53e-05	1.00e+00	0.00e+00	0.00e+00
 1.57680e+15	2.36e-26	1.43e-19	9.80e-14	9.02e-09	6.96e-05	1.00e+00	0.00e+00	0.00e+00
 1.63152e+15	3.29e-26	1.87e-19	1.20e-13	1.03e-08	7.47e-05	1.00e+00	0.00e+00	0.00e+00
 1.69184e+15	4.69e-26	2.49e-19	1.49e-13	1.20e-08	8.04e-05	1.00e+00	0.00e+00	0.00e+00
 1.74743e+15	6.42e-26	3.21e-19	1.81e-13	1.36e-08	8.60e-05	1.00e+00	0.00e+00	0.00e+00
 1.80770e+15	8.91e-26	4.18e-19	2.21e-13	1.56e-08	9.22e-05	1.00e+00	0.00e+00	0.00e+00
 1.87500e+15	1.27e-25	5.56e-19	2.74e-13	1.81e-08	9.94e-05	1.00e+00	0.00e+00	0.00e+00
 1.93828e+15	1.75e-25	7.20e-19	3.34e-13	2.07e-08	1.06e-04	1.00e+00	0.00e+00	0.00e+00
 2.00736e+15	2.45e-25	9.46e-19	4.11e-13	2.38e-08	1.14e-04	1.00e+00	0.00e+00	0.00e+00
 2.08410e+15	3.53e-25	1.27e-18	5.13e-13	2.77e-08	1.24e-04	1.00e+00	0.00e+00	0.00e+00
 2.15581e+15	4.89e-25	1.65e-18	6.27e-13	3.17e-08	1.33e-04	1.00e+00	0.00e+00	0.00e+00
 2.23364e+15	6.88e-25	2.17e-18	7.74e-13	3.66e-08	1.43e-04	1.00e+00	0.00e+00	0.00e+00
 2.32056e+15	9.93e-25	2.92e-18	9.70e-13	4.27e-08	1.54e-04	1.00e+00	0.00e+00	0.00e+00
 2.40326e+15	1.39e-24	3.84e-18	1.19e-12	4.91e-08	1.66e-04	1.00e+00	0.00e+00	0.00e+00
 2.49172e+15	1.97e-24	5.08e-18	1.48e-12	5.68e-08	1.79e-04	1.00e+00	0.00e+00	0.00e+00
 2.59142e+15	2.88e-24	6.90e-18	1.87e-12	6.65e-08	1.94e-04	1.00e+00	0.00e+00	0.00e+00
 2.68974e+15	4.12e-24	9.22e-18	2.33e-12	7.72e-08	2.09e-04	1.00e+00	0.00e+00	0.00e+00
 2.79199e+15	5.90e-24	1.23e-17	2.90e-12	8.97e-08	2.26e-04	1.00e+00	0.00e+00	0.00e+00
 2.89688e+15	8.43e-24	1.64e-17	3.61e-12	1.04e-07	2.44e-04	1.00e+00	0.00e+00	0.00e+00
 2.99422e+15	1.16e-23	2.13e-17	4.39e-12	1.19e-07	2.61e-04	1.00e+00	0.00e+00	0.00e+00
 3.10226e+15	1.63e-23	2.80e-17	5.42e-12	1.37e-07	2.81e-04	1.00e+00	0.00e+00	0.00e+00
 3.22079e+15	2.35e-23	3.75e-17	6.77e-12	1.59e-07	3.04e-04	1.00e+00	0.00e+00	0.00e+00
 3.33053e+15	3.26e-23	4.88e-17	8.27e-12	1.82e-07	3.25e-04	1.00e+00	0.00e+00	0.00e+00
 3.42694e+15	4.29e-23	6.10e-17	9.79e-12	2.04e-07	3.45e-04	1.00e+00	0.00e+00	0.00e+00
 3.52894e+15	5.71e-23	7.67e-17	1.17e-11	2.30e-07	3.66e-04	1.00e+00	0.00e+00	0.00e+00
 3.65834e+15	8.09e-23	1.02e-16	1.44e-11	2.66e-07	3.94e-04	1.00e+00	0.00e+00	0.00e+00
 3.78942e+15	1.14e-22	1.34e-16	1.78e-11	3.06e-07	4.24e-04	1.00e+00	0.00e+00	0.00e+00
 3.90022e+15	1.51e-22	1.68e-16	2.11e-11	3.43e-07	4.49e-04	1.00e+00	0.00e+00	0.00e+00
 4.01857e+15	2.02e-22	2.12e-16	2.52e-11	3.87e-07	4.77e-04	1.00e+00	0.00e+00	0.00e+00
 4.16719e+15	2.88e-22	2.82e-16	3.13e-11	4.48e-07	5.14e-04	9.99e-01	0.00e+00	0.00e+00
 4.32065e+15	4.10e-22	3.75e-16	3.88e-11	5.17e-07	5.54e-04	9.99e-01	0.00e+00	0.00e+00
 4.45589e+15	5.53e-22	4.78e-16	4.66e-11	5.86e-07	5.90e-04	9.99e-01	0.00e+00	0.00e+00
 4.60196e+15	7.58e-22	6.15e-16	5.65e-11	6.66e-07	6.30e-04	9.99e-01	0.00e+00	0.00e+00
 4.77823e+15	1.09e-21	8.26e-16	7.06e-11	7.75e-07	6.80e-04	9.99e-01	0.00e+00	0.00e+00
 4.95301e+15	1.55e-21	1.10e-15	8.74e-11	8.95e-07	7.32e-04	9.99e-01	0.00e+00	0.00e+00
 5.10835e+15	2.10e-21	1.40e-15	1.05e-10	1.01e-06	7.79e-04	9.99e-01	0.00e+00	0.00e+00
 5.27918e+15	2.88e-21	1.80e-15	1.28e-10	1.16e-06	8.34e-04	9.99e-01	0.00e+00	0.00e+00
 5.48327e+15	4.16e-21	2.43e-15	1.60e-10	1.35e-06	9.01e-04	9.99e-01	0.00e+00	0.00e+00
 5.68601e+15	5.92e-21	3.22e-15	1.98e-10	1.56e-06	9.71e-04	9.99e-01	0.00e+00	0.00e+00
 5.87066e+15	8.06e-21	4.13e-15	2.40e-10	1.77e-06	1.04e-03	9.99e-01	0.00e+00	0.00e+00
 6.07635e+15	1.12e-20	5.40e-15	2.94e-10	2.03e-06	1.11e-03	9.99e-01	0.00e+00	0.00e+00
 6.31648e+15	1.63e-20	7.29e-15	3.69e-10	2.37e-06	1.21e-03	9.99e-01	0.00e+00	0.00e+00
 6.55268e+15	2.31e-20	9.69e-15	4.59e-10	2.75e-06	1.30e-03	9.99e-01	0.00e+00	0.00e+00
 6.77491e+15	3.17e-20	1.25e-14	5.59e-10	3.14e-06	1.39e-03	9.99e-01	0.00e+00	0.00e+00
 7.02251e+15	4.46e-20	1.65e-14	6.90e-10	3.63e-06	1.50e-03	9.98e-01	0.00e+00	0.00e+00
 7.30344e+15	6.44e-20	2.23e-14	8.69e-10	4.25e-06	1.63e-03	9.98e-01	0.00e+00	0.00e+00
 7.57957e+15	9.13e-20	2.95e-14	1.08e-09	4.93e-06	1.76e-03	9.98e-01	0.00e+00	0.00e+00
 7.86675e+15	1.29e-19	3.91e-14	1.34e-09	5.73e-06	1.91e-03	9.98e-01	0.00e+00	0.00e+00
 8.13088e+15	1.75e-19	5.03e-14	1.63e-09	6.54e-06	2.05e-03	9.98e-01	0.00e+00	0.00e+00
 8.33139e+15	2.19e-19	6.04e-14	1.88e-09	7.21e-06	2.16e-03	9.98e-01	0.00e+00	0.00e+00
 8.53989e+15	2.75e-19	7.26e-14	2.17e-09	7.96e-06	2.27e-03	9.98e-01	0.00e+00	0.00e+00
 8.81094e+15	3.65e-19	9.16e-14	2.60e-09	9.03e-06	2.43e-03	9.98e-01	0.00e+00	0.00e+00
 9.10429e+15	4.91e-19	1.17e-13	3.15e-09	1.03e-05	2.61e-03	9.97e-01	0.00e+00	0.00e+00
 9.36814e+15	6.34e-19	1.44e-13	3.71e-09	1.16e-05	2.78e-03	9.97e-01	0.00e+00	0.00e+00
 9.65266e+15	8.27e-19	1.80e-13	4.41e-09	1.30e-05	2.96e-03	9.97e-01	0.00e+00	0.00e+00
 1.00098e+16	1.14e-18	2.34e-13	5.45e-09	1.51e-05	3.21e-03	9.97e-01	0.00e+00	0.00e+00
 1.03696e+16	1.56e-18	3.03e-13	6.67e-09	1.74e-05	3.47e-03	9.97e-01	0.00e+00	0.00e+00
 1.06769e+16	2.01e-18	3.74e-13	7.90e-09	1.95e-05	3.70e-03	9.96e-01	0.00e+00	0.00e+00
 1.10074e+16	2.61e-18	4.65e-13	9.40e-09	2.21e-05	3.96e-03	9.96e-01	0.00e+00	0.00e+00
 1.14181e+16	3.58e-18	6.06e-13	1.16e-08	2.56e-05	4.29e-03	9.96e-01	0.00e+00	0.00e+00
 1.18406e+16	4.88e-18	7.85e-13	1.43e-08	2.96e-05	4.65e-03	9.95e-01	0.00e+00	0.00e+00
 1.22174e+16	6.35e-18	9.79e-13	1.71e-08	3.35e-05	4.99e-03	9.95e-01	0.00e+00	0.00e+00
 1.26273e+16	8.39e-18	1.24e-12	2.06e-08	3.83e-05	5.38e-03	9.95e-01	0.00e+00	0.00e+00
 1.31162e+16	1.15e-17	1.62e-12	2.56e-08	4.46e-05	5.86e-03	9.94e-01	0.00e+00	0.00e+00
 1.35979e+16	1.56e-17	2.08e-12	3.15e-08	5.15e-05	6.36e-03	9.94e-01	0.00e+00	0.00e+00
 1.40318e+16	2.02e-17	2.59e-12	3.77e-08	5.83e-05	6.83e-03	9.93e-01	0.00e+00	0.00e+00
 1.45130e+16	2.67e-17	3.28e-12	4.57e-08	6.67e-05	7.37e-03	9.93e-01	0.00e+00	0.00e+00
 1.50807e+16	3.66e-17	4.29e-12	5.69e-08	7.78e-05	8.04e-03	9.92e-01	0.00e+00	0.00e+00
 1.56414e+16	4.93e-17	5.53e-12	7.02e-08	8.99e-05	8.74e-03	9.91e-01	0.00e+00	0.00e+00
 1.61601e+16	6.44e-17	6.94e-12	8.46e-08	1.02e-04	9.41e-03	9.90e-01	0.00e+00	0.00e+00
 1.67423e+16	8.61e-17	8.88e-12	1.04e-07	1.18e-04	1.02e-02	9.90e-01	0.00e+00	0.00e+00
 1.74120e+16	1.19e-16	1.17e-11	1.30e-07	1.38e-04	1.12e-02	9.89e-01	0.00e+00	0.00e+00
 1.80683e+16	1.83e-16	1.51e-11	1.61e-07	1.60e-04	1.21e-02	9.88e-01	0.00e+00	0.00e+00
 1.87510e+16	2.50e-16	1.96e-11	1.99e-07	1.85e-04	1.32e-02	9.87e-01	0.00e+00	0.00e+00
 1.93742e+16	3.28e-16	2.47e-11	2.41e-07	2.10e-04	1.42e-02	9.86e-01	0.00e+00	0.00e+00
 1.98360e+16	4.01e-16	2.91e-11	2.76e-07	2.31e-04	1.50e-02	9.85e-01	0.00e+00	0.00e+00
 2.03101e+16	4.87e-16	3.44e-11	3.17e-07	2.54e-04	1.58e-02	9.84e-01	0.00e+00	0.00e+00
 2.09264e+16	6.25e-16	4.24e-11	3.77e-07	2.86e-04	1.69e-02	9.83e-01	0.00e+00	0.00e+00
 2.15968e+16	8.15e-16	5.31e-11	4.53e-07	3.24e-04	1.82e-02	9.81e-01	0.00e+00	0.00e+00
 2.22037e+16	1.03e-15	6.46e-11	5.33e-07	3.61e-04	1.94e-02	9.80e-01	0.00e+00	0.00e+00
 2.28584e+16	1.31e-15	7.94e-11	6.32e-07	4.05e-04	2.07e-02	9.79e-01	0.00e+00	0.00e+00
 2.36931e+16	1.78e-15	1.03e-10	7.81e-07	4.67e-04	2.24e-02	9.77e-01	0.00e+00	0.00e+00
 2.45337e+16	2.39e-15	1.32e-10	9.59e-07	5.36e-04	2.43e-02	9.75e-01	0.00e+00	0.00e+00
 2.52304e+16	3.03e-15	1.61e-10	1.13e-06	5.99e-04	2.59e-02	9.74e-01	0.00e+00	0.00e+00
 2.59677e+16	3.88e-15	1.99e-10	1.34e-06	6.72e-04	2.76e-02	9.72e-01	0.00e+00	0.00e+00
 2.69122e+16	5.28e-15	2.57e-10	1.66e-06	7.74e-04	2.99e-02	9.69e-01	0.00e+00	0.00e+00
 2.79100e+16	7.23e-15	3.35e-10	2.06e-06	8.95e-04	3.24e-02	9.67e-01	0.00e+00	0.00e+00
 2.88020e+16	9.49e-15	4.22e-10	2.49e-06	1.01e-03	3.48e-02	9.64e-01	0.00e+00	0.00e+00
 2.97723e+16	1.27e-14	5.38e-10	3.03e-06	1.16e-03	3.74e-02	9.61e-01	0.00e+00	0.00e+00
 3.09272e+16	1.77e-14	7.13e-10	3.81e-06	1.35e-03	4.07e-02	9.58e-01	0.00e+00	0.00e+00
 3.20708e+16	2.39e-14	9.33e-10	4.74e-06	1.55e-03	4.41e-02	9.54e-01	0.00e+00	0.00e+00
 3.31137e+16	3.16e-14	1.18e-09	5.75e-06	1.76e-03	4.73e-02	9.51e-01	0.00e+00	0.00e+00
 3.42766e+16	4.29e-14	1.53e-09	7.08e-06	2.02e-03	5.11e-02	9.47e-01	0.00e+00	0.00e+00
 3.56326e+16	6.07e-14	2.05e-09	8.95e-06	2.36e-03	5.56e-02	9.42e-01	0.00e+00	0.00e+00
 3.69654e+16	8.41e-14	2.70e-09	1.12e-05	2.73e-03	6.02e-02	9.37e-01	0.00e+00	0.00e+00
 3.82212e+16	1.14e-13	3.48e-09	1.37e-05	3.12e-03	6.47e-02	9.32e-01	0.00e+00	0.00e+00
 3.96199e+16	1.57e-13	4.57e-09	1.70e-05	3.60e-03	7.00e-02	9.26e-01	0.00e+00	0.00e+00
 4.09480e+16	2.12e-13	5.87e-09	2.08e-05	4.10e-03	7.51e-02	9.21e-01	0.00e+00	0.00e+00
 4.19303e+16	2.62e-13	7.04e-09	2.40e-05	4.51e-03	7.90e-02	9.16e-01	0.00e+00	0.00e+00
 4.29216e+16	3.24e-13	8.42e-09	2.77e-05	4.95e-03	8.31e-02	9.12e-01	0.00e+00	0.00e+00
 4.42104e+16	4.25e-13	1.05e-08	3.31e-05	5.56e-03	8.85e-02	9.06e-01	0.00e+00	0.00e+00
 4.56124e+16	5.65e-13	1.34e-08	4.00e-05	6.29e-03	9.45e-02	8.99e-01	0.00e+00	0.00e+00
 4.68763e+16	7.27e-13	1.66e-08	4.73e-05	7.01e-03	1.00e-01	8.93e-01	0.00e+00	0.00e+00
 4.82341e+16	9.45e-13	2.06e-08	5.62e-05	7.85e-03	1.06e-01	8.86e-01	0.00e+00	0.00e+00
 4.99816e+16	1.31e-12	2.72e-08	6.99e-05	9.04e-03	1.14e-01	8.76e-01	0.00e+00	0.00e+00
 5.17446e+16	1.80e-12	3.55e-08	8.62e-05	1.04e-02	1.23e-01	8.67e-01	0.00e+00	0.00e+00
 5.31858e+16	2.33e-12	4.40e-08	1.02e-04	1.15e-02	1.30e-01	8.58e-01	0.00e+00	0.00e+00
 5.46997e+16	3.02e-12	5.48e-08	1.21e-04	1.29e-02	1.38e-01	8.49e-01	0.00e+00	0.00e+00
 5.66665e+16	4.20e-12	7.20e-08	1.50e-04	1.48e-02	1.48e-01	8.37e-01	0.00e+00	0.00e+00
 5.87569e+16	5.87e-12	9.54e-08	1.86e-04	1.70e-02	1.59e-01	8.24e-01	0.00e+00	0.00e+00
 6.05819e+16	7.81e-12	1.21e-07	2.24e-04	1.92e-02	1.68e-01	8.12e-01	0.00e+00	0.00e+00
 6.25272e+16	1.05e-11	1.55e-07	2.71e-04	2.16e-02	1.79e-01	7.99e-01	0.00e+00	0.00e+00
 6.48993e+16	1.48e-11	2.07e-07	3.40e-04	2.50e-02	1.92e-01	7.83e-01	0.00e+00	0.00e+00
 6.72611e+16	2.06e-11	2.73e-07	4.21e-04	2.86e-02	2.05e-01	7.66e-01	0.00e+00	0.00e+00
 6.93420e+16	2.74e-11	3.46e-07	5.05e-04	3.21e-02	2.17e-01	7.50e-01	0.00e+00	0.00e+00
 7.16227e+16	3.70e-11	4.45e-07	6.12e-04	3.62e-02	2.30e-01	7.33e-01	0.00e+00	0.00e+00
 7.41311e+16	5.08e-11	5.80e-07	7.50e-04	4.11e-02	2.44e-01	7.14e-01	0.00e+00	0.00e+00
 7.64282e+16	6.73e-11	7.33e-07	8.97e-04	4.60e-02	2.57e-01	6.96e-01	0.00e+00	0.00e+00
 7.89071e+16	9.05e-11	9.37e-07	1.08e-03	5.16e-02	2.71e-01	6.76e-01	0.00e+00	0.00e+00
 8.13978e+16	1.20e-10	1.19e-06	1.30e-03	5.77e-02	2.85e-01	6.56e-01	0.00e+00	0.00e+00
 8.33657e+16	1.49e-10	1.42e-06	1.49e-03	6.28e-02	2.95e-01	6.40e-01	0.00e+00	0.00e+00
 8.53860e+16	1.86e-10	1.71e-06	1.71e-03	6.83e-02	3.06e-01	6.24e-01	0.00e+00	0.00e+00
 8.80125e+16	2.45e-10	2.15e-06	2.03e-03	7.58e-02	3.20e-01	6.02e-01	0.00e+00	0.00e+00
 9.07602e+16	3.23e-10	2.70e-06	2.42e-03	8.41e-02	3.34e-01	5.80e-01	0.00e+00	0.00e+00
 9.31087e+16	4.06e-10	3.27e-06	2.79e-03	9.16e-02	3.45e-01	5.61e-01	0.00e+00	0.00e+00
 9.56047e+16	5.17e-10	3.99e-06	3.23e-03	1.00e-01	3.57e-01	5.40e-01	0.00e+00	0.00e+00
 9.88495e+16	7.02e-10	5.13e-06	3.89e-03	1.11e-01	3.71e-01	5.13e-01	0.00e+00	0.00e+00
 1.02157e+17	9.41e-10	6.53e-06	4.65e-03	1.24e-01	3.85e-01	4.87e-01	0.00e+00	0.00e+00
 1.04887e+17	1.19e-09	7.92e-06	5.35e-03	1.34e-01	3.95e-01	4.66e-01	0.00e+00	0.00e+00
 1.07776e+17	1.52e-09	9.68e-06	6.19e-03	1.45e-01	4.05e-01	4.43e-01	0.00e+00	0.00e+00
 1.11533e+17	2.07e-09	1.24e-05	7.42e-03	1.61e-01	4.17e-01	4.15e-01	0.00e+00	0.00e+00
 1.15363e+17	2.79e-09	1.58e-05	8.83e-03	1.77e-01	4.27e-01	3.87e-01	0.00e+00	0.00e+00
 1.18502e+17	3.52e-09	1.91e-05	1.01e-02	1.91e-01	4.34e-01	3.65e-01	0.00e+00	0.00e+00
 1.21794e+17	4.49e-09	2.33e-05	1.16e-02	2.05e-01	4.41e-01	3.43e-01	0.00e+00	0.00e+00
 1.26072e+17	6.11e-09	2.98e-05	1.38e-02	2.24e-01	4.47e-01	3.15e-01	0.00e+00	0.00e+00
 1.30350e+17	8.12e-09	3.74e-05	1.62e-02	2.43e-01	4.51e-01	2.89e-01	0.00e+00	0.00e+00
 1.33723e+17	1.01e-08	4.45e-05	1.83e-02	2.59e-01	4.53e-01	2.70e-01	0.00e+00	0.00e+00
 1.36625e+17	1.21e-08	5.14e-05	2.02e-02	2.72e-01	4.54e-01	2.54e-01	0.00e+00	0.00e+00
 1.39817e+17	1.48e-08	6.03e-05	2.25e-02	2.86e-01	4.54e-01	2.37e-01	0.00e+00	0.00e+00
 1.43408e+17	1.84e-08	7.14e-05	2.53e-02	3.02e-01	4.53e-01	2.20e-01	0.00e+00	0.00e+00
 1.46822e+17	2.25e-08	8.34e-05	2.81e-02	3.17e-01	4.50e-01	2.04e-01	0.00e+00	0.00e+00
 1.50060e+17	2.70e-08	9.63e-05	3.10e-02	3.31e-01	4.48e-01	1.90e-01	0.00e+00	0.00e+00
 1.53766e+17	3.33e-08	1.13e-04	3.45e-02	3.47e-01	4.43e-01	1.75e-01	0.00e+00	0.00e+00
 1.57804e+17	4.14e-08	1.34e-04	3.85e-02	3.64e-01	4.37e-01	1.60e-01	0.00e+00	0.00e+00
 1.61474e+17	5.00e-08	1.55e-04	4.24e-02	3.79e-01	4.31e-01	1.47e-01	0.00e+00	0.00e+00
 1.65448e+17	6.15e-08	1.81e-04	4.70e-02	3.95e-01	4.24e-01	1.34e-01	0.00e+00	0.00e+00
 1.69777e+17	7.62e-08	2.13e-04	5.23e-02	4.12e-01	4.15e-01	1.21e-01	0.00e+00	0.00e+00
 1.73714e+17	9.16e-08	2.45e-04	5.73e-02	4.26e-01	4.06e-01	1.11e-01	0.00e+00	0.00e+00
 1.77979e+17	1.12e-07	2.86e-04	6.31e-02	4.41e-01	3.96e-01	9.98e-02	0.00e+00	0.00e+00
 1.82639e+17	1.38e-07	3.34e-04	6.98e-02	4.56e-01	3.84e-01	8.94e-02	0.00e+00	0.00e+00
 1.86910e+17	1.66e-07	3.83e-04	7.63e-02	4.70e-01	3.73e-01	8.07e-02	0.00e+00	0.00e+00
 1.91561e+17	2.05e-07	4.47e-04	8.39e-02	4.84e-01	3.60e-01	7.20e-02	0.00e+00	0.00e+00
 1.96602e+17	2.52e-07	5.21e-04	9.24e-02	4.97e-01	3.46e-01	6.37e-02	0.00e+00	0.00e+00
 2.01185e+17	3.02e-07	5.95e-04	1.00e-01	5.09e-01	3.33e-01	5.70e-02	0.00e+00	0.00e+00
 2.06179e+17	3.70e-07	6.91e-04	1.10e-01	5.20e-01	3.19e-01	5.02e-02	0.00e+00	0.00e+00
 2.11618e+17	4.55e-07	8.05e-04	1.21e-01	5.31e-01	3.03e-01	4.38e-02	0.00e+00	0.00e+00
 2.16611e+17	5.46e-07	9.20e-04	1.31e-01	5.40e-01	2.89e-01	3.86e-02	0.00e+00	0.00e+00
 2.22073e+17	6.71e-07	1.07e-03	1.44e-01	5.49e-01	2.73e-01	3.35e-02	0.00e+00	0.00e+00
 2.27954e+17	8.26e-07	1.24e-03	1.57e-01	5.56e-01	2.57e-01	2.88e-02	0.00e+00	0.00e+00
 2.33231e+17	9.87e-07	1.41e-03	1.70e-01	5.61e-01	2.42e-01	2.51e-02	0.00e+00	0.00e+00
 2.37650e+17	1.14e-06	1.57e-03	1.81e-01	5.64e-01	2.30e-01	2.23e-02	0.00e+00	0.00e+00
 2.41494e+17	1.30e-06	1.72e-03	1.92e-01	5.67e-01	2.20e-01	2.01e-02	0.00e+00	0.00e+00
 2.45881e+17	1.51e-06	1.93e-03	2.04e-01	5.68e-01	2.08e-01	1.78e-02	0.00e+00	0.00e+00
 2.50654e+17	1.77e-06	2.16e-03	2.18e-01	5.68e-01	1.96e-01	1.56e-02	0.00e+00	0.00e+00
 2.54948e+17	2.02e-06	2.38e-03	2.31e-01	5.68e-01	1.85e-01	1.38e-02	0.00e+00	0.00e+00
 2.59548e+17	2.35e-06	2.67e-03	2.46e-01	5.66e-01	1.74e-01	1.21e-02	0.00e+00	0.00e+00
 2.64454e+17	2.74e-06	2.98e-03	2.62e-01	5.63e-01	1.62e-01	1.05e-02	0.00e+00	0.00e+00
 2.68778e+17	3.14e-06	3.29e-03	2.77e-01	5.59e-01	1.52e-01	9.18e-03	0.00e+00	0.00e+00
 2.72809e+17	3.59e-06	3.63e-03	2.91e-01	5.54e-01	1.43e-01	8.09e-03	0.00e+00	0.00e+00
 2.77440e+17	4.20e-06	4.07e-03	3.09e-01	5.48e-01	1.32e-01	6.94e-03	0.00e+00	0.00e+00
 2.82282e+17	4.86e-06	4.53e-03	3.28e-01	5.40e-01	1.22e-01	5.94e-03	0.00e+00	0.00e+00
 2.86514e+17	5.56e-06	5.00e-03	3.45e-01	5.32e-01	1.13e-01	5.15e-03	0.00e+00	0.00e+00
 2.90508e+17	6.36e-06	5.52e-03	3.62e-01	5.23e-01	1.05e-01	4.47e-03	0.00e+00	0.00e+00
 2.95078e+17	7.44e-06	6.18e-03	3.83e-01	5.11e-01	9.56e-02	3.77e-03	0.00e+00	0.00e+00
 2.99877e+17	8.50e-06	6.83e-03	4.04e-01	4.99e-01	8.68e-02	3.17e-03	0.00e+00	0.00e+00
 3.04203e+17	1.01e-05	7.74e-03	4.26e-01	4.85e-01	7.87e-02	2.64e-03	0.00e+00	0.00e+00
 3.07990e+17	1.15e-05	8.49e-03	4.44e-01	4.73e-01	7.22e-02	2.27e-03	0.00e+00	0.00e+00
 3.11846e+17	1.32e-05	9.39e-03	4.64e-01	4.59e-01	6.56e-02	1.91e-03	0.00e+00	0.00e+00
 3.16177e+17	1.51e-05	1.03e-02	4.86e-01	4.43e-01	5.89e-02	1.59e-03	0.00e+00	0.00e+00
 3.20458e+17	1.82e-05	1.18e-02	5.10e-01	4.25e-01	5.21e-02	1.28e-03	0.00e+00	0.00e+00
 3.24176e+17	2.03e-05	1.28e-02	5.29e-01	4.10e-01	4.71e-02	1.08e-03	0.00e+00	0.00e+00
 3.27832e+17	2.42e-05	1.45e-02	5.50e-01	3.93e-01	4.17e-02	8.72e-04	0.00e+00	0.00e+00
 3.31597e+17	2.80e-05	1.61e-02	5.71e-01	3.75e-01	3.70e-02	7.11e-04	0.00e+00	0.00e+00
 3.34964e+17	3.14e-05	1.75e-02	5.89e-01	3.60e-01	3.30e-02	5.91e-04	0.00e+00	0.00e+00
 3.37988e+17	3.66e-05	1.94e-02	6.06e-01	3.44e-01	2.94e-02	4.85e-04	0.00e+00	0.00e+00
 3.40209e+17	4.01e-05	2.07e-02	6.18e-01	3.33e-01	2.71e-02	4.22e-04	0.00e+00	0.00e+00
 3.42200e+17	4.40e-05	2.21e-02	6.30e-01	3.23e-01	2.50e-02	3.68e-04	0.00e+00	0.00e+00
 3.44787e+17	4.97e-05	2.41e-02	6.44e-01	3.09e-01	2.24e-02	3.07e-04	0.00e+00	0.00e+00
 3.47466e+17	5.47e-05	2.58e-02	6.57e-01	2.97e-01	2.01e-02	2.58e-04	0.00e+00	0.00e+00
 3.50264e+17	6.26e-05	2.83e-02	6.72e-01	2.82e-01	1.77e-02	2.09e-04	0.00e+00	0.00e+00
 3.53033e+17	7.29e-05	3.14e-02	6.86e-01	2.67e-01	1.54e-02	1.66e-04	0.00e+00	0.00e+00
 3.55016e+17	7.87e-05	3.31e-02	6.95e-01	2.58e-01	1.41e-02	1.44e-04	0.00e+00	0.00e+00
 3.56847e+17	8.66e-05	3.54e-02	7.04e-01	2.48e-01	1.28e-02	1.23e-04	0.00e+00	0.00e+00
 3.59227e+17	9.98e-05	3.90e-02	7.15e-01	2.34e-01	1.12e-02	9.81e-05	0.00e+00	0.00e+00
 3.61585e+17	1.12e-04	4.22e-02	7.25e-01	2.23e-01	9.90e-03	8.01e-05	0.00e+00	0.00e+00
 3.63548e+17	1.22e-04	4.48e-02	7.32e-01	2.14e-01	8.91e-03	6.75e-05	0.00e+00	0.00e+00
 3.65731e+17	1.40e-04	4.90e-02	7.41e-01	2.02e-01	7.77e-03	5.38e-05	0.00e+00	0.00e+00
 3.67971e+17	1.58e-04	5.31e-02	7.49e-01	1.91e-01	6.79e-03	4.33e-05	0.00e+00	0.00e+00
 3.69910e+17	1.75e-04	5.70e-02	7.55e-01	1.82e-01	6.02e-03	3.56e-05	0.00e+00	0.00e+00
 3.72058e+17	1.98e-04	6.19e-02	7.61e-01	1.72e-01	5.23e-03	2.83e-05	0.00e+00	0.00e+00
 3.74389e+17	2.25e-04	6.74e-02	7.66e-01	1.62e-01	4.49e-03	2.21e-05	0.00e+00	0.00e+00
 3.76490e+17	2.53e-04	7.29e-02	7.70e-01	1.52e-01	3.89e-03	1.75e-05	0.00e+00	0.00e+00
 3.78427e+17	2.83e-04	7.84e-02	7.74e-01	1.44e-01	3.40e-03	1.41e-05	0.00e+00	0.00e+00
 3.80622e+17	3.22e-04	8.53e-02	7.76e-01	1.35e-01	2.89e-03	1.08e-05	0.00e+00	0.00e+00
 3.82987e+17	3.69e-04	9.32e-02	7.78e-01	1.26e-01	2.43e-03	8.22e-06	0.00e+00	0.00e+00
 3.85093e+17	4.16e-04	1.01e-01	7.79e-01	1.18e-01	2.08e-03	6.39e-06	0.00e+00	0.00e+00
 3.87046e+17	4.67e-04	1.09e-01	7.78e-01	1.11e-01	1.78e-03	5.01e-06	0.00e+00	0.00e+00
 3.89277e+17	5.33e-04	1.18e-01	7.77e-01	1.03e-01	1.49e-03	3.76e-06	0.00e+00	0.00e+00
 3.91706e+17	6.16e-04	1.30e-01	7.74e-01	9.45e-02	1.22e-03	2.75e-06	0.00e+00	0.00e+00
 3.93886e+17	7.00e-04	1.41e-01	7.70e-01	8.75e-02	1.02e-03	2.07e-06	0.00e+00	0.00e+00
 3.95903e+17	7.91e-04	1.52e-01	7.65e-01	8.13e-02	8.62e-04	1.58e-06	0.00e+00	0.00e+00
 3.98215e+17	9.09e-04	1.66e-01	7.58e-01	7.44e-02	7.02e-04	1.15e-06	0.00e+00	0.00e+00
 4.00755e+17	1.06e-03	1.82e-01	7.49e-01	6.73e-02	5.60e-04	8.06e-07	0.00e+00	0.00e+00
 4.03066e+17	1.22e-03	1.98e-01	7.39e-01	6.12e-02	4.54e-04	0.00e+00	0.00e+00	0.00e+00
 4.05214e+17	1.40e-03	2.15e-01	7.27e-01	5.58e-02	3.71e-04	0.00e+00	0.00e+00	0.00e+00
 4.07675e+17	1.63e-03	2.36e-01	7.13e-01	4.99e-02	2.91e-04	0.00e+00	0.00e+00	0.00e+00
 4.10402e+17	1.93e-03	2.61e-01	6.93e-01	4.38e-02	2.21e-04	0.00e+00	0.00e+00	0.00e+00
 4.12916e+17	2.27e-03	2.86e-01	6.73e-01	3.85e-02	1.71e-04	0.00e+00	0.00e+00	0.00e+00
 4.15273e+17	2.64e-03	3.12e-01	6.51e-01	3.39e-02	1.32e-04	0.00e+00	0.00e+00	0.00e+00
 4.17980e+17	3.15e-03	3.44e-01	6.24e-01	2.90e-02	9.68e-05	0.00e+00	0.00e+00	0.00e+00
 4.20974e+17	3.84e-03	3.83e-01	5.89e-01	2.40e-02	6.79e-05	0.00e+00	0.00e+00	0.00e+00
 4.23671e+17	4.62e-03	4.22e-01	5.54e-01	1.99e-02	4.83e-05	0.00e+00	0.00e+00	0.00e+00
 4.25989e+17	5.40e-03	4.57e-01	5.21e-01	1.68e-02	3.55e-05	0.00e+00	0.00e+00	0.00e+00
 4.28117e+17	6.26e-03	4.91e-01	4.88e-01	1.41e-02	2.63e-05	0.00e+00	0.00e+00	0.00e+00
 4.30519e+17	7.38e-03	5.31e-01	4.50e-01	1.15e-02	1.85e-05	0.00e+00	0.00e+00	0.00e+00
 4.33640e+17	9.15e-03	5.84e-01	3.98e-01	8.54e-03	1.13e-05	0.00e+00	0.00e+00	0.00e+00
 4.36741e+17	1.15e-02	6.41e-01	3.42e-01	6.07e-03	6.53e-06	0.00e+00	0.00e+00	0.00e+00
 4.38868e+17	1.35e-02	6.80e-01	3.02e-01	4.65e-03	4.32e-06	0.00e+00	0.00e+00	0.00e+00
 4.40302e+17	1.50e-02	7.05e-01	2.76e-01	3.86e-03	3.25e-06	0.00e+00	0.00e+00	0.00e+00
 4.41780e+17	1.67e-02	7.31e-01	2.50e-01	3.14e-03	2.38e-06	0.00e+00	0.00e+00	0.00e+00
 4.43701e+17	1.92e-02	7.61e-01	2.17e-01	2.37e-03	1.56e-06	0.00e+00	0.00e+00	0.00e+00
 4.45718e+17	2.24e-02	7.92e-01	1.84e-01	1.71e-03	9.70e-07	0.00e+00	0.00e+00	0.00e+00
 4.47347e+17	2.56e-02	8.16e-01	1.57e-01	1.28e-03	0.00e+00	0.00e+00	0.00e+00	0.00e+00
 4.48648e+17	2.83e-02	8.32e-01	1.39e-01	1.01e-03	0.00e+00	0.00e+00	0.00e+00	0.00e+00
 4.50035e+17	3.17e-02	8.48e-01	1.20e-01	7.65e-04	0.00e+00	0.00e+00	0.00e+00	0.00e+00
 4.51595e+17	3.60e-02	8.63e-01	1.00e-01	5.53e-04	0.00e+00	0.00e+00	0.00e+00	0.00e+00
 4.53040e+17	4.07e-02	8.75e-01	8.39e-02	4.00e-04	0.00e+00	0.00e+00	0.00e+00	0.00e+00
 4.54304e+17	4.54e-02	8.83e-01	7.12e-02	2.98e-04	0.00e+00	0.00e+00	0.00e+00	0.00e+00
 4.55459e+17	5.04e-02	8.89e-01	6.05e-02	2.23e-04	0.00e+00	0.00e+00	0.00e+00	0.00e+00
 4.56745e+17	5.64e-02	8.93e-01	5.05e-02	1.61e-04	0.00e+00	0.00e+00	0.00e+00	0.00e+00
 4.58155e+17	6.44e-02	8.95e-01	4.06e-02	1.10e-04	0.00e+00	0.00e+00	0.00e+00	0.00e+00
 4.59418e+17	7.29e-02	8.94e-01	3.29e-02	7.63e-05	0.00e+00	0.00e+00	0.00e+00	0.00e+00
 4.60535e+17	8.18e-02	8.91e-01	2.71e-02	5.45e-05	0.00e+00	0.00e+00	0.00e+00	0.00e+00
 4.61770e+17	9.28e-02	8.85e-01	2.17e-02	3.71e-05	0.00e+00	0.00e+00	0.00e+00	0.00e+00
 4.63045e+17	1.06e-01	8.77e-01	1.70e-02	2.44e-05	0.00e+00	0.00e+00	0.00e+00	0.00e+00
 4.64096e+17	1.19e-01	8.67e-01	1.38e-02	1.70e-05	0.00e+00	0.00e+00	0.00e+00	0.00e+00
 4.65017e+17	1.32e-01	8.57e-01	1.14e-02	1.23e-05	0.00e+00	0.00e+00	0.00e+00	0.00e+00
 4.65973e+17	1.47e-01	8.44e-01	9.28e-03	8.73e-06	0.00e+00	0.00e+00	0.00e+00	0.00e+00
 4.67023e+17	1.66e-01	8.27e-01	7.34e-03	5.88e-06	0.00e+00	0.00e+00	0.00e+00	0.00e+00
 4.68035e+17	1.87e-01	8.08e-01	5.79e-03	3.97e-06	0.00e+00	0.00e+00	0.00e+00	0.00e+00
 4.68885e+17	2.06e-01	7.89e-01	4.72e-03	2.83e-06	0.00e+00	0.00e+00	0.00e+00	0.00e+00
 4.69615e+17	2.24e-01	7.72e-01	3.94e-03	2.10e-06	0.00e+00	0.00e+00	0.00e+00	0.00e+00
 4.70327e+17	2.43e-01	7.53e-01	3.29e-03	1.56e-06	0.00e+00	0.00e+00	0.00e+00	0.00e+00
 4.70919e+17	2.60e-01	7.37e-01	2.83e-03	1.22e-06	0.00e+00	0.00e+00	0.00e+00	0.00e+00
 4.71314e+17	2.72e-01	7.25e-01	2.55e-03	1.04e-06	0.00e+00	0.00e+00	0.00e+00	0.00e+00
 4.71664e+17	2.83e-01	7.15e-01	2.33e-03	8.92e-07	0.00e+00	0.00e+00	0.00e+00	0.00e+00
 4.72087e+17	2.97e-01	7.01e-01	2.07e-03	0.00e+00	0.00e+00	0.00e+00	0.00e+00	0.00e+00
 4.72562e+17	3.13e-01	6.85e-01	1.82e-03	0.00e+00	0.00e+00	0.00e+00	0.00e+00	0.00e+00
 4.73004e+17	3.28e-01	6.70e-01	1.61e-03	0.00e+00	0.00e+00	0.00e+00	0.00e+00	0.00e+00
 4.73397e+17	3.42e-01	6.56e-01	1.44e-03	0.00e+00	0.00e+00	0.00e+00	0.00e+00	0.00e+00
