#depth	C	C+	C+2	C+3	C+4	C+5	C+6	C[1]	C[2]	C[3]	C+[1]	C+[2]	CO
 1.49634e+10	0.00e+00	0.00e+00	2.58e-31	5.76e-20	8.29e-08	1.08e-02	9.89e-01	0.00e+00	0.00e+00	0.00e+00	0.00e+00	0.00e+00	0.00e+00
 4.54887e+10	0.00e+00	3.95e-43	3.53e-31	7.29e-20	9.70e-08	1.17e-02	9.88e-01	0.00e+00	0.00e+00	0.00e+00	0.00e+00	0.00e+00	0.00e+00
 7.72350e+10	0.00e+00	0.00e+00	4.84e-31	9.24e-20	1.14e-07	1.26e-02	9.87e-01	0.00e+00	0.00e+00	0.00e+00	0.00e+00	0.00e+00	0.00e+00
 1.10251e+11	0.00e+00	8.68e-43	6.64e-31	1.17e-19	1.33e-07	1.37e-02	9.86e-01	0.00e+00	0.00e+00	0.00e+00	0.00e+00	0.00e+00	0.00e+00
 1.44588e+11	0.00e+00	0.00e+00	9.11e-31	1.48e-19	1.56e-07	1.48e-02	9.85e-01	0.00e+00	0.00e+00	0.00e+00	0.00e+00	0.00e+00	0.00e+00
 1.80298e+11	0.00e+00	1.91e-42	1.25e-30	1.88e-19	1.83e-07	1.59e-02	9.84e-01	0.00e+00	0.00e+00	0.00e+00	0.00e+00	0.00e+00	0.00e+00
 2.17437e+11	0.00e+00	0.00e+00	1.71e-30	2.39e-19	2.15e-07	1.72e-02	9.83e-01	0.00e+00	0.00e+00	0.00e+00	0.00e+00	0.00e+00	0.00e+00
 2.56061e+11	0.00e+00	4.20e-42	2.35e-30	3.02e-19	2.51e-07	1.86e-02	9.81e-01	0.00e+00	0.00e+00	0.00e+00	0.00e+00	0.00e+00	0.00e+00
 2.96231e+11	0.00e+00	0.00e+00	3.22e-30	3.84e-19	2.95e-07	2.01e-02	9.80e-01	0.00e+00	0.00e+00	0.00e+00	0.00e+00	0.00e+00	0.00e+00
 3.34457e+11	0.00e+00	8.94e-42	4.30e-30	4.77e-19	3.41e-07	2.16e-02	9.78e-01	0.00e+00	0.00e+00	0.00e+00	0.00e+00	0.00e+00	0.00e+00
 3.69337e+11	0.00e+00	0.00e+00	5.56e-30	5.78e-19	3.88e-07	2.29e-02	9.77e-01	0.00e+00	0.00e+00	0.00e+00	0.00e+00	0.00e+00	0.00e+00
 4.08741e+11	0.00e+00	1.74e-41	7.35e-30	7.13e-19	4.47e-07	2.46e-02	9.75e-01	0.00e+00	0.00e+00	0.00e+00	0.00e+00	0.00e+00	0.00e+00
 4.54596e+11	0.00e+00	0.00e+00	1.01e-29	9.03e-19	5.23e-07	2.65e-02	9.74e-01	0.00e+00	0.00e+00	0.00e+00	0.00e+00	0.00e+00	0.00e+00
 4.99261e+11	0.00e+00	3.72e-41	1.35e-29	1.13e-18	6.07e-07	2.84e-02	9.72e-01	0.00e+00	0.00e+00	0.00e+00	0.00e+00	0.00e+00	0.00e+00
 5.40818e+11	0.00e+00	0.00e+00	1.76e-29	1.37e-18	6.93e-07	3.03e-02	9.70e-01	0.00e+00	0.00e+00	0.00e+00	0.00e+00	0.00e+00	0.00e+00
 5.87484e+11	0.00e+00	7.41e-41	2.34e-29	1.71e-18	8.01e-07	3.25e-02	9.68e-01	0.00e+00	0.00e+00	0.00e+00	0.00e+00	0.00e+00	0.00e+00
 6.40910e+11	0.00e+00	0.00e+00	3.21e-29	2.16e-18	9.40e-07	3.50e-02	9.65e-01	0.00e+00	0.00e+00	0.00e+00	0.00e+00	0.00e+00	0.00e+00
 6.93520e+11	0.00e+00	1.60e-40	4.34e-29	2.71e-18	1.09e-06	3.76e-02	9.62e-01	0.00e+00	0.00e+00	0.00e+00	0.00e+00	0.00e+00	0.00e+00
 7.48235e+11	0.00e+00	0.00e+00	5.86e-29	3.40e-18	1.27e-06	4.04e-02	9.60e-01	0.00e+00	0.00e+00	0.00e+00	0.00e+00	0.00e+00	0.00e+00
 8.08091e+11	0.00e+00	3.46e-40	8.05e-29	4.32e-18	1.49e-06	4.36e-02	9.56e-01	0.00e+00	0.00e+00	0.00e+00	0.00e+00	0.00e+00	0.00e+00
 8.68351e+11	0.00e+00	0.00e+00	1.09e-28	5.44e-18	1.74e-06	4.69e-02	9.53e-01	0.00e+00	0.00e+00	0.00e+00	0.00e+00	0.00e+00	0.00e+00
 9.31022e+11	0.00e+00	7.44e-40	1.49e-28	6.85e-18	2.04e-06	5.04e-02	9.50e-01	0.00e+00	0.00e+00	0.00e+00	0.00e+00	0.00e+00	0.00e+00
 9.96533e+11	0.00e+00	0.00e+00	2.03e-28	8.65e-18	2.38e-06	5.42e-02	9.46e-01	0.00e+00	0.00e+00	0.00e+00	0.00e+00	0.00e+00	0.00e+00
 1.06156e+12	0.00e+00	1.58e-39	2.72e-28	1.08e-17	2.76e-06	5.81e-02	9.42e-01	0.00e+00	0.00e+00	0.00e+00	0.00e+00	0.00e+00	0.00e+00
 1.13085e+12	0.00e+00	0.00e+00	3.69e-28	1.36e-17	3.22e-06	6.23e-02	9.38e-01	0.00e+00	0.00e+00	0.00e+00	0.00e+00	0.00e+00	0.00e+00
 1.20601e+12	0.00e+00	3.43e-39	5.07e-28	1.72e-17	3.78e-06	6.71e-02	9.33e-01	0.00e+00	0.00e+00	0.00e+00	0.00e+00	0.00e+00	0.00e+00
 1.28418e+12	0.00e+00	0.00e+00	6.96e-28	2.19e-17	4.44e-06	7.22e-02	9.28e-01	0.00e+00	0.00e+00	0.00e+00	0.00e+00	0.00e+00	0.00e+00
 1.36547e+12	0.00e+00	7.57e-39	9.55e-28	2.78e-17	5.21e-06	7.76e-02	9.22e-01	0.00e+00	0.00e+00	0.00e+00	0.00e+00	0.00e+00	0.00e+00
 1.44704e+12	0.00e+00	0.00e+00	1.30e-27	3.49e-17	6.07e-06	8.32e-02	9.17e-01	0.00e+00	0.00e+00	0.00e+00	0.00e+00	0.00e+00	0.00e+00
 1.53188e+12	0.00e+00	1.62e-38	1.76e-27	4.40e-17	7.08e-06	8.92e-02	9.11e-01	0.00e+00	0.00e+00	0.00e+00	0.00e+00	0.00e+00	0.00e+00
 1.62309e+12	0.00e+00	0.00e+00	2.42e-27	5.58e-17	8.31e-06	9.58e-02	9.04e-01	0.00e+00	0.00e+00	0.00e+00	0.00e+00	0.00e+00	0.00e+00
 1.71794e+12	0.00e+00	3.58e-38	3.31e-27	7.07e-17	9.74e-06	1.03e-01	8.97e-01	0.00e+00	0.00e+00	0.00e+00	0.00e+00	0.00e+00	0.00e+00
 1.81658e+12	0.00e+00	0.00e+00	4.54e-27	8.96e-17	1.14e-05	1.10e-01	8.90e-01	0.00e+00	0.00e+00	0.00e+00	0.00e+00	0.00e+00	0.00e+00
 1.91917e+12	0.00e+00	7.86e-38	6.22e-27	1.14e-16	1.34e-05	1.18e-01	8.82e-01	0.00e+00	0.00e+00	0.00e+00	0.00e+00	0.00e+00	0.00e+00
 2.02586e+12	0.00e+00	0.00e+00	8.53e-27	1.44e-16	1.56e-05	1.27e-01	8.73e-01	0.00e+00	0.00e+00	0.00e+00	0.00e+00	0.00e+00	0.00e+00
 2.13682e+12	0.00e+00	1.73e-37	1.17e-26	1.82e-16	1.83e-05	1.36e-01	8.64e-01	0.00e+00	0.00e+00	0.00e+00	0.00e+00	0.00e+00	0.00e+00
 2.25222e+12	0.00e+00	0.00e+00	1.60e-26	2.30e-16	2.14e-05	1.45e-01	8.55e-01	0.00e+00	0.00e+00	0.00e+00	0.00e+00	0.00e+00	0.00e+00
 2.37224e+12	0.00e+00	3.78e-37	2.18e-26	2.91e-16	2.50e-05	1.55e-01	8.45e-01	0.00e+00	0.00e+00	0.00e+00	0.00e+00	0.00e+00	0.00e+00
 2.49706e+12	0.00e+00	0.00e+00	2.98e-26	3.67e-16	2.92e-05	1.66e-01	8.34e-01	0.00e+00	0.00e+00	0.00e+00	0.00e+00	0.00e+00	0.00e+00
 2.62430e+12	0.00e+00	8.18e-37	4.05e-26	4.62e-16	3.40e-05	1.77e-01	8.23e-01	0.00e+00	0.00e+00	0.00e+00	0.00e+00	0.00e+00	0.00e+00
 2.75664e+12	0.00e+00	0.00e+00	5.49e-26	5.79e-16	3.95e-05	1.88e-01	8.12e-01	0.00e+00	0.00e+00	0.00e+00	0.00e+00	0.00e+00	0.00e+00
 2.89683e+12	0.00e+00	1.77e-36	7.49e-26	7.30e-16	4.60e-05	2.00e-01	8.00e-01	0.00e+00	0.00e+00	0.00e+00	0.00e+00	0.00e+00	0.00e+00
 3.04263e+12	7.62e-48	2.60e-36	1.02e-25	9.19e-16	5.35e-05	2.13e-01	7.87e-01	0.00e+00	0.00e+00	0.00e+00	0.00e+00	0.00e+00	0.00e+00
 3.19426e+12	0.00e+00	0.00e+00	1.39e-25	1.15e-15	6.21e-05	2.27e-01	7.73e-01	0.00e+00	0.00e+00	0.00e+00	0.00e+00	0.00e+00	0.00e+00
 3.35196e+12	0.00e+00	5.63e-36	1.88e-25	1.45e-15	7.21e-05	2.41e-01	7.59e-01	0.00e+00	0.00e+00	0.00e+00	0.00e+00	0.00e+00	0.00e+00
 3.49917e+12	2.92e-47	7.95e-36	2.48e-25	1.78e-15	8.23e-05	2.54e-01	7.46e-01	0.00e+00	0.00e+00	0.00e+00	0.00e+00	0.00e+00	0.00e+00
 3.62896e+12	0.00e+00	0.00e+00	3.13e-25	2.11e-15	9.21e-05	2.66e-01	7.34e-01	0.00e+00	0.00e+00	0.00e+00	0.00e+00	0.00e+00	0.00e+00
 3.77383e+12	0.00e+00	1.46e-35	4.02e-25	2.54e-15	1.04e-04	2.79e-01	7.21e-01	0.00e+00	0.00e+00	0.00e+00	0.00e+00	0.00e+00	0.00e+00
 3.94778e+12	9.50e-47	2.11e-35	5.38e-25	3.15e-15	1.19e-04	2.94e-01	7.06e-01	0.00e+00	0.00e+00	0.00e+00	0.00e+00	0.00e+00	0.00e+00
 4.12262e+12	0.00e+00	0.00e+00	7.12e-25	3.88e-15	1.36e-04	3.10e-01	6.90e-01	0.00e+00	0.00e+00	0.00e+00	0.00e+00	0.00e+00	0.00e+00
 4.28337e+12	0.00e+00	4.11e-35	9.11e-25	4.65e-15	1.53e-04	3.24e-01	6.76e-01	0.00e+00	0.00e+00	0.00e+00	0.00e+00	0.00e+00	0.00e+00
 4.46277e+12	3.19e-46	5.75e-35	1.19e-24	5.65e-15	1.74e-04	3.39e-01	6.61e-01	0.00e+00	0.00e+00	0.00e+00	0.00e+00	0.00e+00	0.00e+00
 4.67041e+12	0.00e+00	0.00e+00	1.60e-24	7.02e-15	1.99e-04	3.57e-01	6.43e-01	0.00e+00	0.00e+00	0.00e+00	0.00e+00	0.00e+00	9.12e-208
 4.87343e+12	0.00e+00	1.19e-34	2.11e-24	8.60e-15	2.27e-04	3.74e-01	6.26e-01	0.00e+00	0.00e+00	0.00e+00	0.00e+00	0.00e+00	1.26e-237
 5.06600e+12	1.13e-45	1.63e-34	2.71e-24	1.03e-14	2.55e-04	3.90e-01	6.10e-01	0.00e+00	0.00e+00	0.00e+00	0.00e+00	0.00e+00	2.78e-305
 5.27999e+12	0.00e+00	0.00e+00	3.54e-24	1.26e-14	2.88e-04	4.08e-01	5.92e-01	0.00e+00	0.00e+00	0.00e+00	0.00e+00	0.00e+00	6.93e-266
 5.52111e+12	0.00e+00	3.32e-34	4.74e-24	1.55e-14	3.29e-04	4.27e-01	5.73e-01	0.00e+00	0.00e+00	0.00e+00	0.00e+00	0.00e+00	1.77e-236
 5.76374e+12	4.12e-45	4.75e-34	6.26e-24	1.90e-14	3.73e-04	4.46e-01	5.54e-01	0.00e+00	0.00e+00	0.00e+00	0.00e+00	0.00e+00	9.84e-305
 6.01606e+12	0.00e+00	0.00e+00	8.27e-24	2.32e-14	4.22e-04	4.65e-01	5.35e-01	0.00e+00	0.00e+00	0.00e+00	0.00e+00	0.00e+00	0.00e+00
 6.28663e+12	0.00e+00	9.74e-34	1.10e-23	2.86e-14	4.79e-04	4.84e-01	5.15e-01	0.00e+00	0.00e+00	0.00e+00	0.00e+00	0.00e+00	1.45e-234
 6.56802e+12	1.54e-44	1.40e-33	1.46e-23	3.50e-14	5.43e-04	5.04e-01	4.96e-01	0.00e+00	0.00e+00	0.00e+00	0.00e+00	0.00e+00	1.04e-302
 6.86067e+12	0.00e+00	0.00e+00	1.94e-23	4.29e-14	6.14e-04	5.24e-01	4.76e-01	0.00e+00	0.00e+00	0.00e+00	0.00e+00	0.00e+00	0.00e+00
 7.16503e+12	0.00e+00	2.88e-33	2.56e-23	5.24e-14	6.93e-04	5.43e-01	4.56e-01	0.00e+00	0.00e+00	0.00e+00	0.00e+00	0.00e+00	0.00e+00
 7.48155e+12	5.74e-44	4.12e-33	3.39e-23	6.40e-14	7.82e-04	5.63e-01	4.36e-01	0.00e+00	0.00e+00	0.00e+00	0.00e+00	0.00e+00	4.75e-302
 7.81074e+12	0.00e+00	0.00e+00	4.47e-23	7.80e-14	8.79e-04	5.82e-01	4.17e-01	0.00e+00	0.00e+00	0.00e+00	0.00e+00	0.00e+00	1.47e-203
 8.15310e+12	0.00e+00	8.39e-33	5.89e-23	9.48e-14	9.88e-04	6.01e-01	3.98e-01	0.00e+00	0.00e+00	0.00e+00	0.00e+00	0.00e+00	1.43e-231
 8.50915e+12	2.12e-43	1.20e-32	7.75e-23	1.15e-13	1.11e-03	6.20e-01	3.79e-01	0.00e+00	0.00e+00	0.00e+00	0.00e+00	0.00e+00	0.00e+00
 8.87944e+12	0.00e+00	1.70e-32	1.02e-22	1.40e-13	1.24e-03	6.39e-01	3.60e-01	0.00e+00	0.00e+00	0.00e+00	0.00e+00	0.00e+00	4.05e-160
 9.26455e+12	5.02e-43	2.42e-32	1.34e-22	1.69e-13	1.39e-03	6.57e-01	3.42e-01	0.00e+00	0.00e+00	0.00e+00	0.00e+00	0.00e+00	1.20e-227
 9.64031e+12	0.00e+00	3.36e-32	1.72e-22	2.02e-13	1.54e-03	6.73e-01	3.25e-01	0.00e+00	0.00e+00	0.00e+00	0.00e+00	0.00e+00	2.56e-295
 9.99762e+12	1.09e-42	4.54e-32	2.17e-22	2.38e-13	1.69e-03	6.88e-01	3.10e-01	0.00e+00	0.00e+00	0.00e+00	0.00e+00	0.00e+00	1.67e-137
 1.03940e+13	0.00e+00	6.26e-32	2.78e-22	2.83e-13	1.86e-03	7.04e-01	2.95e-01	0.00e+00	0.00e+00	0.00e+00	0.00e+00	0.00e+00	1.20e-205
 1.08267e+13	2.45e-42	8.78e-32	3.61e-22	3.39e-13	2.07e-03	7.19e-01	2.79e-01	0.00e+00	0.00e+00	0.00e+00	0.00e+00	0.00e+00	6.78e-274
 1.12443e+13	0.00e+00	1.20e-31	4.59e-22	4.01e-13	2.27e-03	7.34e-01	2.64e-01	0.00e+00	0.00e+00	0.00e+00	0.00e+00	0.00e+00	5.53e-157
 1.16915e+13	5.37e-42	1.66e-31	5.88e-22	4.76e-13	2.50e-03	7.48e-01	2.50e-01	0.00e+00	0.00e+00	0.00e+00	0.00e+00	0.00e+00	8.73e-226
 1.21891e+13	0.00e+00	2.34e-31	7.66e-22	5.72e-13	2.77e-03	7.62e-01	2.35e-01	0.00e+00	0.00e+00	0.00e+00	0.00e+00	0.00e+00	1.20e-294
 1.26911e+13	1.24e-41	3.27e-31	9.89e-22	6.83e-13	3.06e-03	7.76e-01	2.21e-01	0.00e+00	0.00e+00	0.00e+00	0.00e+00	0.00e+00	1.12e-134
 1.32132e+13	0.00e+00	4.57e-31	1.28e-21	8.15e-13	3.37e-03	7.89e-01	2.08e-01	0.00e+00	0.00e+00	0.00e+00	0.00e+00	0.00e+00	2.83e-204
 1.37717e+13	2.87e-41	6.44e-31	1.66e-21	9.76e-13	3.72e-03	8.02e-01	1.95e-01	0.00e+00	0.00e+00	0.00e+00	0.00e+00	0.00e+00	1.07e-133
 1.43525e+13	0.00e+00	9.09e-31	2.16e-21	1.17e-12	4.11e-03	8.14e-01	1.82e-01	0.00e+00	0.00e+00	0.00e+00	0.00e+00	0.00e+00	4.90e-204
 1.49565e+13	6.72e-41	1.28e-30	2.80e-21	1.40e-12	4.53e-03	8.25e-01	1.70e-01	0.00e+00	0.00e+00	0.00e+00	0.00e+00	0.00e+00	1.05e-132
 1.55847e+13	0.00e+00	1.80e-30	3.64e-21	1.67e-12	4.98e-03	8.36e-01	1.59e-01	0.00e+00	0.00e+00	0.00e+00	0.00e+00	0.00e+00	0.00e+00
 1.62380e+13	1.57e-40	2.54e-30	4.73e-21	2.00e-12	5.48e-03	8.46e-01	1.48e-01	0.00e+00	0.00e+00	0.00e+00	0.00e+00	0.00e+00	1.04e-131
 1.69174e+13	0.00e+00	3.59e-30	6.14e-21	2.39e-12	6.03e-03	8.56e-01	1.38e-01	0.00e+00	0.00e+00	0.00e+00	0.00e+00	0.00e+00	0.00e+00
 1.76241e+13	3.68e-40	5.06e-30	7.98e-21	2.85e-12	6.63e-03	8.65e-01	1.29e-01	0.00e+00	0.00e+00	0.00e+00	0.00e+00	0.00e+00	1.04e-130
 1.82874e+13	0.00e+00	6.90e-30	1.01e-20	3.35e-12	7.22e-03	8.72e-01	1.20e-01	0.00e+00	0.00e+00	0.00e+00	0.00e+00	0.00e+00	0.00e+00
 1.88789e+13	7.55e-40	9.01e-30	1.24e-20	3.84e-12	7.76e-03	8.79e-01	1.14e-01	0.00e+00	0.00e+00	0.00e+00	0.00e+00	0.00e+00	7.20e-130
 1.95421e+13	0.00e+00	1.21e-29	1.55e-20	4.47e-12	8.40e-03	8.85e-01	1.07e-01	0.00e+00	0.00e+00	0.00e+00	0.00e+00	0.00e+00	0.00e+00
 2.03302e+13	1.65e-39	1.69e-29	1.99e-20	5.30e-12	9.19e-03	8.92e-01	9.91e-02	0.00e+00	0.00e+00	0.00e+00	0.00e+00	0.00e+00	5.90e-129
 2.11203e+13	0.00e+00	2.34e-29	2.55e-20	6.26e-12	1.00e-02	8.98e-01	9.22e-02	0.00e+00	0.00e+00	0.00e+00	0.00e+00	0.00e+00	0.00e+00
 2.18596e+13	3.55e-39	3.13e-29	3.18e-20	7.27e-12	1.08e-02	9.03e-01	8.63e-02	0.00e+00	0.00e+00	0.00e+00	0.00e+00	0.00e+00	4.69e-128
 2.26816e+13	0.00e+00	4.30e-29	4.05e-20	8.55e-12	1.18e-02	9.08e-01	8.04e-02	0.00e+00	0.00e+00	0.00e+00	0.00e+00	0.00e+00	0.00e+00
 2.36188e+13	8.09e-39	6.08e-29	5.26e-20	1.02e-11	1.29e-02	9.13e-01	7.42e-02	0.00e+00	0.00e+00	0.00e+00	0.00e+00	0.00e+00	4.35e-127
 2.45496e+13	0.00e+00	8.49e-29	6.78e-20	1.21e-11	1.41e-02	9.17e-01	6.88e-02	0.00e+00	0.00e+00	0.00e+00	0.00e+00	0.00e+00	0.00e+00
 2.55176e+13	1.86e-38	1.19e-28	8.74e-20	1.43e-11	1.54e-02	9.21e-01	6.36e-02	0.00e+00	0.00e+00	0.00e+00	0.00e+00	0.00e+00	4.09e-126
 2.65683e+13	0.00e+00	1.69e-28	1.14e-19	1.71e-11	1.68e-02	9.25e-01	5.86e-02	0.00e+00	0.00e+00	0.00e+00	0.00e+00	0.00e+00	0.00e+00
 2.76375e+13	4.42e-38	2.38e-28	1.48e-19	2.04e-11	1.84e-02	9.28e-01	5.40e-02	0.00e+00	0.00e+00	0.00e+00	0.00e+00	0.00e+00	4.20e-125
 2.86275e+13	0.00e+00	3.24e-28	1.87e-19	2.38e-11	1.99e-02	9.30e-01	5.02e-02	0.00e+00	0.00e+00	0.00e+00	0.00e+00	0.00e+00	0.00e+00
 2.95318e+13	9.10e-38	4.25e-28	2.30e-19	2.74e-11	2.13e-02	9.32e-01	4.70e-02	0.00e+00	0.00e+00	0.00e+00	0.00e+00	0.00e+00	2.93e-124
 3.05622e+13	0.00e+00	5.76e-28	2.89e-19	3.19e-11	2.30e-02	9.33e-01	4.37e-02	0.00e+00	0.00e+00	0.00e+00	0.00e+00	0.00e+00	0.00e+00
 3.17824e+13	2.04e-37	8.15e-28	3.76e-19	3.80e-11	2.52e-02	9.35e-01	4.02e-02	0.00e+00	0.00e+00	0.00e+00	0.00e+00	0.00e+00	2.57e-123
 3.29929e+13	0.00e+00	1.14e-27	4.84e-19	4.50e-11	2.74e-02	9.36e-01	3.70e-02	0.00e+00	0.00e+00	0.00e+00	0.00e+00	0.00e+00	0.00e+00
 3.41128e+13	4.48e-37	1.53e-27	6.06e-19	5.23e-11	2.95e-02	9.36e-01	3.44e-02	0.00e+00	0.00e+00	0.00e+00	0.00e+00	0.00e+00	2.10e-122
 3.53682e+13	0.00e+00	2.12e-27	7.75e-19	6.17e-11	3.20e-02	9.36e-01	3.17e-02	0.00e+00	0.00e+00	0.00e+00	0.00e+00	0.00e+00	0.00e+00
 3.68128e+13	1.05e-36	3.04e-27	1.02e-18	7.40e-11	3.51e-02	9.36e-01	2.90e-02	0.00e+00	0.00e+00	0.00e+00	0.00e+00	0.00e+00	2.05e-121
 3.82242e+13	0.00e+00	4.25e-27	1.31e-18	8.77e-11	3.81e-02	9.35e-01	2.66e-02	0.00e+00	0.00e+00	0.00e+00	0.00e+00	0.00e+00	0.00e+00
 3.96919e+13	2.44e-36	6.00e-27	1.71e-18	1.04e-10	4.16e-02	9.34e-01	2.44e-02	0.00e+00	0.00e+00	0.00e+00	0.00e+00	0.00e+00	1.97e-120
 4.12727e+13	0.00e+00	8.56e-27	2.24e-18	1.25e-10	4.54e-02	9.32e-01	2.23e-02	0.00e+00	0.00e+00	0.00e+00	0.00e+00	0.00e+00	0.00e+00
 4.28309e+13	5.79e-36	1.20e-26	2.90e-18	1.48e-10	4.94e-02	9.30e-01	2.04e-02	0.00e+00	0.00e+00	0.00e+00	0.00e+00	0.00e+00	1.96e-119
 4.44884e+13	0.00e+00	1.70e-26	3.78e-18	1.77e-10	5.38e-02	9.28e-01	1.86e-02	0.00e+00	0.00e+00	0.00e+00	0.00e+00	0.00e+00	0.00e+00
 4.62979e+13	1.40e-35	2.45e-26	4.99e-18	2.13e-10	5.89e-02	9.24e-01	1.69e-02	0.00e+00	0.00e+00	0.00e+00	0.00e+00	0.00e+00	2.06e-118
 4.80963e+13	0.00e+00	3.48e-26	6.53e-18	2.54e-10	6.42e-02	9.20e-01	1.54e-02	0.00e+00	0.00e+00	0.00e+00	0.00e+00	0.00e+00	0.00e+00
 4.99666e+13	3.35e-35	4.94e-26	8.53e-18	3.04e-10	6.99e-02	9.16e-01	1.40e-02	0.00e+00	0.00e+00	0.00e+00	0.00e+00	0.00e+00	2.08e-117
 5.19952e+13	0.00e+00	7.13e-26	1.13e-17	3.67e-10	7.65e-02	9.11e-01	1.27e-02	0.00e+00	0.00e+00	0.00e+00	0.00e+00	0.00e+00	0.00e+00
 5.41049e+13	8.30e-35	1.03e-25	1.50e-17	4.42e-10	8.36e-02	9.05e-01	1.14e-02	0.00e+00	0.00e+00	0.00e+00	0.00e+00	0.00e+00	2.31e-116
 5.62991e+13	0.00e+00	1.48e-25	1.98e-17	5.33e-10	9.14e-02	8.98e-01	1.03e-02	0.00e+00	0.00e+00	0.00e+00	0.00e+00	0.00e+00	0.00e+00
 5.85809e+13	2.05e-34	2.14e-25	2.62e-17	6.42e-10	9.98e-02	8.91e-01	9.31e-03	0.00e+00	0.00e+00	0.00e+00	0.00e+00	0.00e+00	2.54e-115
 6.09541e+13	0.00e+00	3.08e-25	3.47e-17	7.74e-10	1.09e-01	8.83e-01	8.38e-03	0.00e+00	0.00e+00	0.00e+00	0.00e+00	0.00e+00	7.62e-99
 6.31042e+13	4.76e-34	4.22e-25	4.43e-17	9.10e-10	1.18e-01	8.75e-01	7.63e-03	0.00e+00	0.00e+00	0.00e+00	0.00e+00	0.00e+00	0.00e+00
 6.49027e+13	0.00e+00	5.46e-25	5.40e-17	1.04e-09	1.25e-01	8.68e-01	7.07e-03	0.00e+00	0.00e+00	0.00e+00	0.00e+00	0.00e+00	1.81e-132
 6.68767e+13	9.12e-34	7.16e-25	6.66e-17	1.19e-09	1.33e-01	8.60e-01	6.52e-03	0.00e+00	0.00e+00	0.00e+00	0.00e+00	0.00e+00	1.60e-96
 6.93672e+13	0.00e+00	9.96e-25	8.60e-17	1.41e-09	1.44e-01	8.50e-01	5.89e-03	0.00e+00	0.00e+00	0.00e+00	0.00e+00	0.00e+00	0.00e+00
 7.19624e+13	2.06e-33	1.39e-24	1.11e-16	1.68e-09	1.56e-01	8.39e-01	5.31e-03	0.00e+00	0.00e+00	0.00e+00	0.00e+00	0.00e+00	1.16e-112
 7.41737e+13	0.00e+00	1.81e-24	1.37e-16	1.93e-09	1.66e-01	8.29e-01	4.88e-03	0.00e+00	0.00e+00	0.00e+00	0.00e+00	0.00e+00	1.00e-96
 7.64531e+13	3.99e-33	2.37e-24	1.69e-16	2.21e-09	1.76e-01	8.19e-01	4.47e-03	0.00e+00	0.00e+00	0.00e+00	0.00e+00	0.00e+00	1.88e-283
 7.93112e+13	0.00e+00	3.28e-24	2.16e-16	2.61e-09	1.90e-01	8.06e-01	4.03e-03	0.00e+00	0.00e+00	0.00e+00	0.00e+00	0.00e+00	1.20e-129
 8.22207e+13	8.73e-33	4.48e-24	2.76e-16	3.07e-09	2.04e-01	7.92e-01	3.62e-03	0.00e+00	0.00e+00	0.00e+00	0.00e+00	0.00e+00	2.38e-94
 8.47497e+13	1.20e-32	5.82e-24	3.38e-16	3.51e-09	2.16e-01	7.80e-01	3.32e-03	0.00e+00	0.00e+00	0.00e+00	0.00e+00	0.00e+00	4.31e-289
 8.74850e+13	1.68e-32	7.64e-24	4.18e-16	4.04e-09	2.30e-01	7.67e-01	3.02e-03	0.00e+00	0.00e+00	0.00e+00	0.00e+00	0.00e+00	3.28e-110
 9.08267e+13	2.48e-32	1.05e-23	5.35e-16	4.76e-09	2.47e-01	7.51e-01	2.70e-03	0.00e+00	0.00e+00	0.00e+00	0.00e+00	0.00e+00	2.44e-93
 9.42425e+13	3.63e-32	1.43e-23	6.80e-16	5.57e-09	2.64e-01	7.34e-01	2.41e-03	0.00e+00	0.00e+00	0.00e+00	0.00e+00	0.00e+00	0.00e+00
 9.73848e+13	5.08e-32	1.87e-23	8.39e-16	6.40e-09	2.79e-01	7.18e-01	2.18e-03	0.00e+00	0.00e+00	0.00e+00	0.00e+00	0.00e+00	6.67e-109
 1.00885e+14	7.25e-32	2.50e-23	1.05e-15	7.42e-09	2.97e-01	7.01e-01	1.96e-03	0.00e+00	0.00e+00	0.00e+00	0.00e+00	0.00e+00	2.68e-92
 1.04936e+14	1.07e-31	3.44e-23	1.34e-15	8.72e-09	3.17e-01	6.81e-01	1.73e-03	0.00e+00	0.00e+00	0.00e+00	0.00e+00	0.00e+00	0.00e+00
 1.08916e+14	1.55e-31	4.63e-23	1.69e-15	1.01e-08	3.37e-01	6.62e-01	1.54e-03	0.00e+00	0.00e+00	0.00e+00	0.00e+00	0.00e+00	1.45e-107
 1.12718e+14	2.16e-31	6.07e-23	2.09e-15	1.16e-08	3.55e-01	6.43e-01	1.38e-03	0.00e+00	0.00e+00	0.00e+00	0.00e+00	0.00e+00	3.18e-91
 1.16920e+14	3.08e-31	8.07e-23	2.60e-15	1.34e-08	3.75e-01	6.24e-01	1.23e-03	0.00e+00	0.00e+00	0.00e+00	0.00e+00	0.00e+00	0.00e+00
 1.21627e+14	4.48e-31	1.09e-22	3.29e-15	1.56e-08	3.97e-01	6.02e-01	1.08e-03	0.00e+00	0.00e+00	0.00e+00	0.00e+00	0.00e+00	2.88e-106
 1.25882e+14	6.20e-31	1.42e-22	4.03e-15	1.78e-08	4.17e-01	5.82e-01	9.65e-04	0.00e+00	0.00e+00	0.00e+00	0.00e+00	0.00e+00	3.56e-90
 1.29430e+14	8.04e-31	1.75e-22	4.74e-15	1.97e-08	4.33e-01	5.66e-01	8.80e-04	0.00e+00	0.00e+00	0.00e+00	0.00e+00	0.00e+00	1.52e-105
 1.33320e+14	1.06e-30	2.19e-22	5.61e-15	2.20e-08	4.50e-01	5.49e-01	7.97e-04	0.00e+00	0.00e+00	0.00e+00	0.00e+00	0.00e+00	1.23e-89
 1.38244e+14	1.48e-30	2.86e-22	6.90e-15	2.51e-08	4.71e-01	5.29e-01	7.06e-04	0.00e+00	0.00e+00	0.00e+00	0.00e+00	0.00e+00	8.72e-105
 1.43197e+14	2.04e-30	3.70e-22	8.40e-15	2.84e-08	4.91e-01	5.08e-01	6.26e-04	0.00e+00	0.00e+00	0.00e+00	0.00e+00	0.00e+00	5.68e-89
 1.47342e+14	2.63e-30	4.55e-22	9.84e-15	3.14e-08	5.08e-01	4.92e-01	5.67e-04	0.00e+00	0.00e+00	0.00e+00	0.00e+00	0.00e+00	4.66e-104
 1.51753e+14	3.43e-30	5.63e-22	1.16e-14	3.47e-08	5.24e-01	4.75e-01	5.12e-04	0.00e+00	0.00e+00	0.00e+00	0.00e+00	0.00e+00	1.95e-88
 1.57347e+14	4.73e-30	7.29e-22	1.41e-14	3.93e-08	5.45e-01	4.54e-01	4.51e-04	0.00e+00	0.00e+00	0.00e+00	0.00e+00	0.00e+00	2.60e-103
 1.63180e+14	6.52e-30	9.42e-22	1.71e-14	4.43e-08	5.66e-01	4.34e-01	3.96e-04	0.00e+00	0.00e+00	0.00e+00	0.00e+00	0.00e+00	9.00e-88
 1.68356e+14	8.57e-30	1.17e-21	2.02e-14	4.91e-08	5.83e-01	4.17e-01	3.54e-04	0.00e+00	0.00e+00	0.00e+00	0.00e+00	0.00e+00	1.50e-102
 1.73976e+14	1.14e-29	1.47e-21	2.40e-14	5.46e-08	6.01e-01	3.99e-01	3.15e-04	0.00e+00	0.00e+00	0.00e+00	0.00e+00	0.00e+00	3.44e-87
 1.80165e+14	1.54e-29	1.87e-21	2.88e-14	6.10e-08	6.20e-01	3.80e-01	2.77e-04	0.00e+00	0.00e+00	0.00e+00	0.00e+00	0.00e+00	8.66e-102
 1.85860e+14	2.01e-29	2.31e-21	3.37e-14	6.73e-08	6.36e-01	3.63e-01	2.47e-04	0.00e+00	0.00e+00	0.00e+00	0.00e+00	0.00e+00	1.36e-86
 1.92027e+14	2.65e-29	2.88e-21	3.98e-14	7.44e-08	6.53e-01	3.47e-01	2.19e-04	0.00e+00	0.00e+00	0.00e+00	0.00e+00	0.00e+00	4.46e-101
 1.98908e+14	3.57e-29	3.65e-21	4.75e-14	8.28e-08	6.71e-01	3.29e-01	1.92e-04	0.00e+00	0.00e+00	0.00e+00	0.00e+00	0.00e+00	5.56e-86
 2.05368e+14	4.67e-29	4.51e-21	5.56e-14	9.11e-08	6.87e-01	3.13e-01	1.71e-04	0.00e+00	0.00e+00	0.00e+00	0.00e+00	0.00e+00	2.49e-100
 2.12415e+14	6.19e-29	5.64e-21	6.57e-14	1.01e-07	7.02e-01	2.97e-01	1.50e-04	0.00e+00	0.00e+00	0.00e+00	0.00e+00	0.00e+00	2.17e-85
 2.20240e+14	8.35e-29	7.15e-21	7.83e-14	1.12e-07	7.19e-01	2.81e-01	1.31e-04	0.00e+00	0.00e+00	0.00e+00	0.00e+00	0.00e+00	1.48e-99
 2.27546e+14	1.09e-28	8.84e-21	9.16e-14	1.22e-07	7.33e-01	2.67e-01	1.16e-04	0.00e+00	0.00e+00	0.00e+00	0.00e+00	0.00e+00	8.99e-85
 2.35514e+14	1.45e-28	1.10e-20	1.08e-13	1.35e-07	7.48e-01	2.52e-01	1.01e-04	0.00e+00	0.00e+00	0.00e+00	0.00e+00	0.00e+00	8.20e-99
 2.44418e+14	1.97e-28	1.40e-20	1.29e-13	1.49e-07	7.63e-01	2.37e-01	8.80e-05	0.00e+00	0.00e+00	0.00e+00	0.00e+00	0.00e+00	3.95e-84
 2.52823e+14	2.59e-28	1.74e-20	1.50e-13	1.63e-07	7.76e-01	2.24e-01	7.73e-05	0.00e+00	0.00e+00	0.00e+00	0.00e+00	0.00e+00	5.00e-98
 2.61979e+14	3.46e-28	2.18e-20	1.77e-13	1.80e-07	7.89e-01	2.11e-01	6.74e-05	0.00e+00	0.00e+00	0.00e+00	0.00e+00	0.00e+00	1.68e-83
 2.72200e+14	4.72e-28	2.78e-20	2.11e-13	1.99e-07	8.03e-01	1.97e-01	5.81e-05	0.00e+00	0.00e+00	0.00e+00	0.00e+00	0.00e+00	3.28e-97
 2.81953e+14	6.27e-28	3.47e-20	2.48e-13	2.18e-07	8.14e-01	1.86e-01	5.07e-05	0.00e+00	0.00e+00	0.00e+00	0.00e+00	0.00e+00	7.75e-83
 2.92384e+14	8.41e-28	4.35e-20	2.92e-13	2.39e-07	8.26e-01	1.74e-01	4.40e-05	0.00e+00	0.00e+00	0.00e+00	0.00e+00	0.00e+00	2.03e-96
 3.04110e+14	1.16e-27	5.57e-20	3.48e-13	2.63e-07	8.37e-01	1.63e-01	3.78e-05	0.00e+00	0.00e+00	0.00e+00	0.00e+00	0.00e+00	3.80e-82
 3.15799e+14	1.57e-27	7.04e-20	4.11e-13	2.89e-07	8.48e-01	1.52e-01	3.26e-05	0.00e+00	0.00e+00	0.00e+00	0.00e+00	0.00e+00	1.46e-95
 3.27955e+14	2.12e-27	8.90e-20	4.85e-13	3.16e-07	8.58e-01	1.42e-01	2.81e-05	0.00e+00	0.00e+00	0.00e+00	0.00e+00	0.00e+00	1.87e-81
 3.41104e+14	2.91e-27	1.14e-19	5.76e-13	3.48e-07	8.68e-01	1.32e-01	2.41e-05	0.00e+00	0.00e+00	0.00e+00	0.00e+00	0.00e+00	1.05e-94
 3.54778e+14	3.99e-27	1.45e-19	6.83e-13	3.82e-07	8.77e-01	1.23e-01	2.07e-05	0.00e+00	0.00e+00	0.00e+00	0.00e+00	0.00e+00	9.98e-81
 3.68999e+14	5.48e-27	1.84e-19	8.08e-13	4.18e-07	8.85e-01	1.15e-01	1.78e-05	0.00e+00	0.00e+00	0.00e+00	0.00e+00	0.00e+00	7.94e-94
 3.82664e+14	7.34e-27	2.31e-19	9.44e-13	4.55e-07	8.93e-01	1.07e-01	1.54e-05	0.00e+00	0.00e+00	0.00e+00	0.00e+00	0.00e+00	5.05e-80
 3.95341e+14	9.55e-27	2.82e-19	1.08e-12	4.90e-07	8.99e-01	1.01e-01	1.36e-05	0.00e+00	0.00e+00	0.00e+00	0.00e+00	0.00e+00	4.70e-93
 4.07306e+14	1.21e-26	3.38e-19	1.23e-12	5.24e-07	9.04e-01	9.56e-02	1.21e-05	0.00e+00	0.00e+00	0.00e+00	0.00e+00	0.00e+00	1.94e-79
 4.20422e+14	1.57e-26	4.11e-19	1.41e-12	5.62e-07	9.10e-01	9.01e-02	1.07e-05	0.00e+00	0.00e+00	0.00e+00	0.00e+00	0.00e+00	2.30e-92
 4.35064e+14	2.06e-26	5.07e-19	1.63e-12	6.07e-07	9.15e-01	8.45e-02	9.35e-06	0.00e+00	0.00e+00	0.00e+00	0.00e+00	0.00e+00	8.07e-79
 4.48907e+14	2.66e-26	6.14e-19	1.85e-12	6.50e-07	9.20e-01	7.97e-02	8.27e-06	0.00e+00	0.00e+00	0.00e+00	0.00e+00	0.00e+00	1.26e-91
 4.64121e+14	3.48e-26	7.52e-19	2.13e-12	6.99e-07	9.25e-01	7.49e-02	7.27e-06	0.00e+00	0.00e+00	0.00e+00	0.00e+00	0.00e+00	3.30e-78
 4.81185e+14	4.65e-26	9.38e-19	2.47e-12	7.56e-07	9.30e-01	7.00e-02	6.31e-06	0.00e+00	0.00e+00	0.00e+00	0.00e+00	0.00e+00	7.61e-91
 4.97076e+14	6.05e-26	1.14e-18	2.83e-12	8.11e-07	9.34e-01	6.59e-02	5.56e-06	0.00e+00	0.00e+00	0.00e+00	0.00e+00	0.00e+00	1.48e-77
 5.11886e+14	7.67e-26	1.37e-18	3.20e-12	8.64e-07	9.38e-01	6.23e-02	4.96e-06	0.00e+00	0.00e+00	0.00e+00	0.00e+00	0.00e+00	3.80e-90
 5.28868e+14	9.98e-26	1.67e-18	3.66e-12	9.26e-07	9.41e-01	5.86e-02	4.37e-06	0.00e+00	0.00e+00	0.00e+00	0.00e+00	0.00e+00	5.77e-77
 5.49251e+14	1.35e-25	2.10e-18	4.27e-12	1.00e-06	9.45e-01	5.46e-02	3.77e-06	0.00e+00	0.00e+00	0.00e+00	0.00e+00	0.00e+00	2.38e-89
 5.69308e+14	1.81e-25	2.62e-18	4.95e-12	1.08e-06	9.49e-01	5.10e-02	3.28e-06	0.00e+00	0.00e+00	0.00e+00	0.00e+00	0.00e+00	2.92e-76
 5.87117e+14	2.32e-25	3.16e-18	5.61e-12	1.15e-06	9.52e-01	4.81e-02	2.91e-06	0.00e+00	0.00e+00	0.00e+00	0.00e+00	0.00e+00	1.35e-88
 6.06752e+14	3.03e-25	3.86e-18	6.42e-12	1.24e-06	9.55e-01	4.52e-02	2.56e-06	0.00e+00	0.00e+00	0.00e+00	0.00e+00	0.00e+00	1.19e-75
 6.30222e+14	4.12e-25	4.86e-18	7.49e-12	1.34e-06	9.58e-01	4.20e-02	2.21e-06	0.00e+00	0.00e+00	0.00e+00	0.00e+00	0.00e+00	8.61e-88
 6.53607e+14	5.53e-25	6.06e-18	8.69e-12	1.44e-06	9.61e-01	3.92e-02	1.91e-06	0.00e+00	0.00e+00	0.00e+00	0.00e+00	0.00e+00	6.18e-75
 6.75002e+14	7.17e-25	7.37e-18	9.91e-12	1.54e-06	9.63e-01	3.68e-02	1.69e-06	0.00e+00	0.00e+00	0.00e+00	0.00e+00	0.00e+00	5.17e-87
 6.98880e+14	9.50e-25	9.10e-18	1.14e-11	1.66e-06	9.66e-01	3.45e-02	1.47e-06	0.00e+00	0.00e+00	0.00e+00	0.00e+00	0.00e+00	2.72e-74
 7.26639e+14	1.30e-24	1.15e-17	1.34e-11	1.79e-06	9.68e-01	3.20e-02	1.27e-06	0.00e+00	0.00e+00	0.00e+00	0.00e+00	0.00e+00	3.56e-86
 7.53877e+14	1.75e-24	1.44e-17	1.55e-11	1.93e-06	9.70e-01	2.98e-02	1.10e-06	0.00e+00	0.00e+00	0.00e+00	0.00e+00	0.00e+00	1.46e-73
 7.79620e+14	2.30e-24	1.77e-17	1.78e-11	2.07e-06	9.72e-01	2.79e-02	9.61e-07	0.00e+00	0.00e+00	0.00e+00	0.00e+00	0.00e+00	2.24e-85
 8.08252e+14	3.08e-24	2.20e-17	2.05e-11	2.23e-06	9.74e-01	2.60e-02	0.00e+00	0.00e+00	0.00e+00	0.00e+00	0.00e+00	0.00e+00	6.82e-73
 8.40612e+14	4.22e-24	2.79e-17	2.41e-11	2.41e-06	9.76e-01	2.41e-02	0.00e+00	0.00e+00	0.00e+00	0.00e+00	0.00e+00	0.00e+00	1.63e-72
 8.73032e+14	5.73e-24	3.50e-17	2.80e-11	2.61e-06	9.78e-01	2.24e-02	0.00e+00	0.00e+00	0.00e+00	0.00e+00	0.00e+00	0.00e+00	3.76e-72
 9.06749e+14	7.77e-24	4.41e-17	3.27e-11	2.81e-06	9.79e-01	2.08e-02	0.00e+00	0.00e+00	0.00e+00	0.00e+00	0.00e+00	0.00e+00	8.68e-72
 9.43049e+14	1.07e-23	5.59e-17	3.83e-11	3.05e-06	9.81e-01	1.93e-02	0.00e+00	0.00e+00	0.00e+00	0.00e+00	1.88e-17	3.71e-17	2.07e-71
 9.80801e+14	1.46e-23	7.08e-17	4.48e-11	3.30e-06	9.82e-01	1.79e-02	0.00e+00	0.00e+00	0.00e+00	0.00e+00	2.35e-17	4.73e-17	4.91e-71
 1.01740e+15	1.96e-23	8.83e-17	5.19e-11	3.55e-06	9.83e-01	1.66e-02	0.00e+00	0.00e+00	0.00e+00	0.00e+00	2.93e-17	5.90e-17	1.10e-70
 1.05189e+15	2.56e-23	1.08e-16	5.94e-11	3.80e-06	9.84e-01	1.56e-02	0.00e+00	0.00e+00	0.00e+00	0.00e+00	3.58e-17	7.21e-17	2.29e-70
 1.09043e+15	3.42e-23	1.34e-16	6.86e-11	4.09e-06	9.85e-01	1.45e-02	0.00e+00	0.00e+00	0.00e+00	0.00e+00	4.45e-17	8.95e-17	5.06e-70
 1.12934e+15	4.53e-23	1.66e-16	7.91e-11	4.39e-06	9.86e-01	1.35e-02	0.00e+00	0.00e+00	0.00e+00	0.00e+00	5.50e-17	1.11e-16	1.09e-69
 1.16190e+15	5.68e-23	1.96e-16	8.87e-11	4.65e-06	9.87e-01	1.28e-02	0.00e+00	0.00e+00	0.00e+00	0.00e+00	6.52e-17	1.31e-16	2.04e-69
 1.19651e+15	7.18e-23	2.34e-16	9.98e-11	4.94e-06	9.88e-01	1.21e-02	0.00e+00	0.00e+00	0.00e+00	0.00e+00	7.78e-17	1.56e-16	3.87e-69
 1.24042e+15	9.58e-23	2.91e-16	1.15e-10	5.32e-06	9.89e-01	1.12e-02	0.00e+00	0.00e+00	0.00e+00	0.00e+00	9.66e-17	1.94e-16	8.50e-69
 1.28622e+15	1.28e-22	3.61e-16	1.34e-10	5.73e-06	9.90e-01	1.05e-02	0.00e+00	0.00e+00	0.00e+00	0.00e+00	1.20e-16	2.41e-16	1.88e-68
 1.32697e+15	1.64e-22	4.36e-16	1.51e-10	6.10e-06	9.90e-01	9.82e-03	0.00e+00	0.00e+00	0.00e+00	0.00e+00	1.45e-16	2.91e-16	3.70e-68
 1.37130e+15	2.13e-22	5.30e-16	1.73e-10	6.53e-06	9.91e-01	9.19e-03	0.00e+00	0.00e+00	0.00e+00	0.00e+00	1.76e-16	3.54e-16	7.55e-68
 1.42430e+15	2.87e-22	6.66e-16	2.02e-10	7.05e-06	9.91e-01	8.52e-03	0.00e+00	0.00e+00	0.00e+00	0.00e+00	2.21e-16	4.44e-16	1.72e-67
 1.47782e+15	3.85e-22	8.30e-16	2.34e-10	7.61e-06	9.92e-01	7.91e-03	0.00e+00	0.00e+00	0.00e+00	0.00e+00	2.76e-16	5.54e-16	3.82e-67
 1.52820e+15	5.02e-22	1.01e-15	2.68e-10	8.15e-06	9.93e-01	7.39e-03	0.00e+00	0.00e+00	0.00e+00	0.00e+00	3.37e-16	6.77e-16	7.88e-67
 1.57680e+15	6.43e-22	1.22e-15	3.04e-10	8.69e-06	9.93e-01	6.94e-03	0.00e+00	0.00e+00	0.00e+00	0.00e+00	4.06e-16	8.16e-16	1.55e-66
 1.63152e+15	8.42e-22	1.50e-15	3.49e-10	9.33e-06	9.94e-01	6.47e-03	0.00e+00	0.00e+00	0.00e+00	0.00e+00	4.98e-16	1.00e-15	3.22e-66
 1.69184e+15	1.12e-21	1.86e-15	4.04e-10	1.01e-05	9.94e-01	6.01e-03	0.00e+00	0.00e+00	0.00e+00	0.00e+00	6.18e-16	1.24e-15	7.04e-66
 1.74743e+15	1.45e-21	2.25e-15	4.61e-10	1.07e-05	9.94e-01	5.63e-03	0.00e+00	0.00e+00	0.00e+00	0.00e+00	7.49e-16	1.51e-15	1.41e-65
 1.80770e+15	1.89e-21	2.76e-15	5.28e-10	1.15e-05	9.95e-01	5.25e-03	0.00e+00	0.00e+00	0.00e+00	0.00e+00	9.16e-16	1.84e-15	2.91e-65
 1.87500e+15	2.52e-21	3.43e-15	6.13e-10	1.24e-05	9.95e-01	4.87e-03	0.00e+00	0.00e+00	0.00e+00	0.00e+00	1.14e-15	2.29e-15	6.36e-65
 1.93828e+15	3.27e-21	4.18e-15	7.01e-10	1.33e-05	9.95e-01	4.55e-03	0.00e+00	0.00e+00	0.00e+00	0.00e+00	1.39e-15	2.79e-15	1.30e-64
 2.00736e+15	4.30e-21	5.14e-15	8.08e-10	1.43e-05	9.96e-01	4.24e-03	0.00e+00	0.00e+00	0.00e+00	0.00e+00	1.71e-15	3.43e-15	2.73e-64
 2.08410e+15	5.77e-21	6.42e-15	9.40e-10	1.55e-05	9.96e-01	3.92e-03	0.00e+00	0.00e+00	0.00e+00	0.00e+00	2.13e-15	4.29e-15	6.09e-64
 2.15581e+15	7.52e-21	7.85e-15	1.08e-09	1.66e-05	9.96e-01	3.66e-03	0.00e+00	0.00e+00	0.00e+00	0.00e+00	2.61e-15	5.24e-15	1.25e-63
 2.23364e+15	9.92e-21	9.69e-15	1.24e-09	1.79e-05	9.97e-01	3.40e-03	0.00e+00	0.00e+00	0.00e+00	0.00e+00	3.22e-15	6.47e-15	2.67e-63
 2.32056e+15	1.34e-20	1.22e-14	1.45e-09	1.94e-05	9.97e-01	3.15e-03	0.00e+00	0.00e+00	0.00e+00	0.00e+00	4.04e-15	8.11e-15	6.01e-63
 2.40326e+15	1.76e-20	1.50e-14	1.67e-09	2.08e-05	9.97e-01	2.93e-03	0.00e+00	0.00e+00	0.00e+00	0.00e+00	4.97e-15	9.99e-15	1.27e-62
 2.49172e+15	2.33e-20	1.85e-14	1.94e-09	2.24e-05	9.97e-01	2.72e-03	0.00e+00	0.00e+00	0.00e+00	0.00e+00	6.16e-15	1.24e-14	2.74e-62
 2.59142e+15	3.17e-20	2.34e-14	2.27e-09	2.43e-05	9.97e-01	2.51e-03	0.00e+00	0.00e+00	0.00e+00	0.00e+00	7.77e-15	1.56e-14	6.31e-62
 2.68974e+15	4.25e-20	2.92e-14	2.64e-09	2.63e-05	9.98e-01	2.32e-03	0.00e+00	0.00e+00	0.00e+00	0.00e+00	9.69e-15	1.95e-14	1.40e-61
 2.79199e+15	5.68e-20	3.64e-14	3.07e-09	2.84e-05	9.98e-01	2.15e-03	0.00e+00	0.00e+00	0.00e+00	0.00e+00	1.21e-14	2.43e-14	3.10e-61
 2.89688e+15	7.59e-20	4.53e-14	3.56e-09	3.06e-05	9.98e-01	1.99e-03	0.00e+00	0.00e+00	0.00e+00	0.00e+00	1.50e-14	3.02e-14	6.80e-61
 2.99422e+15	9.83e-20	5.51e-14	4.07e-09	3.28e-05	9.98e-01	1.86e-03	0.00e+00	0.00e+00	0.00e+00	0.00e+00	1.83e-14	3.68e-14	1.38e-60
 3.10226e+15	1.30e-19	6.79e-14	4.70e-09	3.53e-05	9.98e-01	1.73e-03	0.00e+00	0.00e+00	0.00e+00	0.00e+00	2.26e-14	4.53e-14	2.94e-60
 3.22079e+15	1.74e-19	8.48e-14	5.47e-09	3.81e-05	9.98e-01	1.60e-03	0.00e+00	0.00e+00	0.00e+00	0.00e+00	2.82e-14	5.66e-14	6.56e-60
 3.33053e+15	2.27e-19	1.04e-13	6.26e-09	4.08e-05	9.98e-01	1.50e-03	0.00e+00	0.00e+00	0.00e+00	0.00e+00	3.44e-14	6.91e-14	1.35e-59
 3.42694e+15	2.83e-19	1.23e-13	7.02e-09	4.33e-05	9.99e-01	1.41e-03	0.00e+00	0.00e+00	0.00e+00	0.00e+00	4.08e-14	8.18e-14	2.48e-59
 3.52894e+15	3.57e-19	1.46e-13	7.90e-09	4.60e-05	9.99e-01	1.33e-03	0.00e+00	0.00e+00	0.00e+00	0.00e+00	4.85e-14	9.74e-14	4.66e-59
 3.65834e+15	4.73e-19	1.81e-13	9.13e-09	4.96e-05	9.99e-01	1.24e-03	0.00e+00	0.00e+00	0.00e+00	0.00e+00	6.01e-14	1.21e-13	1.01e-58
 3.78942e+15	6.24e-19	2.23e-13	1.05e-08	5.33e-05	9.99e-01	1.15e-03	0.00e+00	0.00e+00	0.00e+00	0.00e+00	7.41e-14	1.49e-13	2.15e-58
 3.90022e+15	7.82e-19	2.64e-13	1.18e-08	5.65e-05	9.99e-01	1.09e-03	0.00e+00	0.00e+00	0.00e+00	0.00e+00	8.79e-14	1.76e-13	4.01e-58
 4.01857e+15	9.90e-19	3.16e-13	1.33e-08	6.01e-05	9.99e-01	1.02e-03	0.00e+00	0.00e+00	0.00e+00	0.00e+00	1.05e-13	2.11e-13	7.63e-58
 4.16719e+15	1.32e-18	3.92e-13	1.54e-08	6.47e-05	9.99e-01	9.48e-04	0.00e+00	0.00e+00	0.00e+00	0.00e+00	1.30e-13	2.61e-13	1.67e-57
 4.32065e+15	1.75e-18	4.86e-13	1.78e-08	6.97e-05	9.99e-01	8.81e-04	0.00e+00	0.00e+00	0.00e+00	0.00e+00	1.62e-13	3.24e-13	3.64e-57
 4.45589e+15	2.23e-18	5.83e-13	2.02e-08	7.42e-05	9.99e-01	8.27e-04	0.00e+00	0.00e+00	0.00e+00	0.00e+00	1.94e-13	3.89e-13	7.08e-57
 4.60196e+15	2.88e-18	7.07e-13	2.30e-08	7.93e-05	9.99e-01	7.74e-04	0.00e+00	0.00e+00	0.00e+00	0.00e+00	2.35e-13	4.71e-13	1.42e-56
 4.77823e+15	3.86e-18	8.83e-13	2.68e-08	8.56e-05	9.99e-01	7.17e-04	0.00e+00	0.00e+00	0.00e+00	0.00e+00	2.94e-13	5.89e-13	3.20e-56
 4.95301e+15	5.13e-18	1.09e-12	3.09e-08	9.21e-05	9.99e-01	6.67e-04	0.00e+00	0.00e+00	0.00e+00	0.00e+00	3.64e-13	7.29e-13	6.94e-56
 5.10835e+15	6.54e-18	1.31e-12	3.50e-08	9.81e-05	9.99e-01	6.26e-04	0.00e+00	0.00e+00	0.00e+00	0.00e+00	4.38e-13	8.76e-13	1.35e-55
 5.27918e+15	8.46e-18	1.60e-12	4.00e-08	1.05e-04	9.99e-01	5.85e-04	0.00e+00	0.00e+00	0.00e+00	0.00e+00	5.32e-13	1.06e-12	2.75e-55
 5.48327e+15	1.14e-17	2.00e-12	4.66e-08	1.14e-04	9.99e-01	5.41e-04	0.00e+00	0.00e+00	0.00e+00	0.00e+00	6.66e-13	1.33e-12	6.21e-55
 5.68601e+15	1.51e-17	2.48e-12	5.39e-08	1.22e-04	9.99e-01	5.02e-04	0.00e+00	0.00e+00	0.00e+00	0.00e+00	8.26e-13	1.65e-12	1.36e-54
 5.87066e+15	1.94e-17	2.99e-12	6.13e-08	1.31e-04	9.99e-01	4.71e-04	0.00e+00	0.00e+00	0.00e+00	0.00e+00	9.98e-13	2.00e-12	2.70e-54
 6.07635e+15	2.54e-17	3.67e-12	7.04e-08	1.40e-04	9.99e-01	4.38e-04	0.00e+00	0.00e+00	0.00e+00	0.00e+00	1.22e-12	2.45e-12	5.64e-54
 6.31648e+15	3.43e-17	4.61e-12	8.24e-08	1.52e-04	9.99e-01	4.04e-04	0.00e+00	0.00e+00	0.00e+00	0.00e+00	1.54e-12	3.07e-12	1.29e-53
 6.55268e+15	4.56e-17	5.72e-12	9.55e-08	1.64e-04	9.99e-01	3.75e-04	0.00e+00	4.79e-18	1.46e-17	2.49e-17	1.91e-12	3.81e-12	2.83e-53
 6.77491e+15	5.90e-17	6.96e-12	1.09e-07	1.76e-04	9.99e-01	3.50e-04	0.00e+00	6.21e-18	1.89e-17	3.22e-17	2.32e-12	4.64e-12	5.76e-53
 7.02251e+15	7.77e-17	8.59e-12	1.26e-07	1.90e-04	9.99e-01	3.25e-04	0.00e+00	8.18e-18	2.49e-17	4.24e-17	2.87e-12	5.72e-12	1.23e-52
 7.30344e+15	1.05e-16	1.08e-11	1.48e-07	2.06e-04	9.99e-01	2.99e-04	0.00e+00	1.10e-17	3.36e-17	5.73e-17	3.61e-12	7.20e-12	2.82e-52
 7.57957e+15	1.39e-16	1.34e-11	1.72e-07	2.23e-04	1.00e+00	2.77e-04	0.00e+00	1.47e-17	4.46e-17	7.61e-17	4.48e-12	8.94e-12	6.18e-52
 7.86675e+15	1.85e-16	1.67e-11	2.00e-07	2.41e-04	1.00e+00	2.56e-04	0.00e+00	1.94e-17	5.91e-17	1.01e-16	5.57e-12	1.11e-11	1.35e-51
 8.13088e+15	2.37e-16	2.02e-11	2.29e-07	2.58e-04	1.00e+00	2.38e-04	0.00e+00	2.50e-17	7.60e-17	1.30e-16	6.75e-12	1.34e-11	2.70e-51
 8.33139e+15	2.85e-16	2.32e-11	2.52e-07	2.72e-04	1.00e+00	2.26e-04	0.00e+00	3.00e-17	9.12e-17	1.56e-16	7.77e-12	1.55e-11	4.49e-51
 8.53989e+15	3.43e-16	2.68e-11	2.79e-07	2.87e-04	9.99e-01	2.15e-04	0.00e+00	3.61e-17	1.10e-16	1.87e-16	8.96e-12	1.78e-11	7.49e-51
 8.81094e+15	4.33e-16	3.21e-11	3.17e-07	3.07e-04	9.99e-01	2.01e-04	0.00e+00	4.55e-17	1.38e-16	2.36e-16	1.07e-11	2.13e-11	1.43e-50
 9.10429e+15	5.52e-16	3.87e-11	3.62e-07	3.30e-04	9.99e-01	1.87e-04	0.00e+00	5.81e-17	1.77e-16	3.01e-16	1.29e-11	2.57e-11	2.81e-50
 9.36814e+15	6.81e-16	4.55e-11	4.07e-07	3.51e-04	9.99e-01	1.76e-04	0.00e+00	7.16e-17	2.18e-16	3.72e-16	1.52e-11	3.03e-11	5.05e-50
 9.65266e+15	8.48e-16	5.40e-11	4.59e-07	3.75e-04	9.99e-01	1.65e-04	0.00e+00	8.92e-17	2.71e-16	4.63e-16	1.81e-11	3.59e-11	9.33e-50
 1.00098e+16	1.11e-15	6.63e-11	5.32e-07	4.06e-04	9.99e-01	1.52e-04	0.00e+00	1.16e-16	3.53e-16	6.04e-16	2.22e-11	4.41e-11	1.96e-49
 1.03696e+16	1.43e-15	8.09e-11	6.14e-07	4.39e-04	9.99e-01	1.41e-04	0.00e+00	1.50e-16	4.56e-16	7.79e-16	2.71e-11	5.38e-11	4.02e-49
 1.06769e+16	1.76e-15	9.53e-11	6.92e-07	4.68e-04	9.99e-01	1.32e-04	0.00e+00	1.85e-16	5.63e-16	9.62e-16	3.20e-11	6.34e-11	7.28e-49
 1.10074e+16	2.18e-15	1.13e-10	7.83e-07	5.01e-04	9.99e-01	1.24e-04	0.00e+00	2.30e-16	6.98e-16	1.19e-15	3.79e-11	7.50e-11	1.34e-48
 1.14181e+16	2.83e-15	1.39e-10	9.09e-07	5.44e-04	9.99e-01	1.14e-04	0.00e+00	2.98e-16	9.06e-16	1.55e-15	4.65e-11	9.20e-11	2.81e-48
 1.18406e+16	3.66e-15	1.69e-10	1.05e-06	5.90e-04	9.99e-01	1.05e-04	0.00e+00	3.84e-16	1.17e-15	2.00e-15	5.69e-11	1.12e-10	5.83e-48
 1.22174e+16	4.54e-15	2.01e-10	1.20e-06	6.33e-04	9.99e-01	9.81e-05	0.00e+00	4.78e-16	1.45e-15	2.48e-15	6.76e-11	1.34e-10	1.09e-47
 1.26273e+16	5.71e-15	2.41e-10	1.37e-06	6.82e-04	9.99e-01	9.12e-05	0.00e+00	6.00e-16	1.82e-15	3.12e-15	8.10e-11	1.60e-10	2.11e-47
 1.31162e+16	7.41e-15	2.96e-10	1.60e-06	7.44e-04	9.99e-01	8.37e-05	0.00e+00	7.78e-16	2.37e-15	4.04e-15	9.97e-11	1.97e-10	4.51e-47
 1.35979e+16	9.46e-15	3.60e-10	1.85e-06	8.07e-04	9.99e-01	7.72e-05	0.00e+00	9.95e-16	3.02e-15	5.17e-15	1.21e-10	2.39e-10	9.27e-47
 1.40318e+16	1.17e-14	4.27e-10	2.10e-06	8.67e-04	9.99e-01	7.20e-05	0.00e+00	1.23e-15	3.74e-15	6.39e-15	1.44e-10	2.83e-10	1.73e-46
 1.45130e+16	1.47e-14	5.12e-10	2.40e-06	9.36e-04	9.99e-01	6.67e-05	0.00e+00	1.54e-15	4.69e-15	8.01e-15	1.72e-10	3.39e-10	3.40e-46
 1.50807e+16	1.89e-14	6.28e-10	2.80e-06	1.02e-03	9.99e-01	6.12e-05	0.00e+00	1.99e-15	6.05e-15	1.03e-14	2.12e-10	4.16e-10	7.31e-46
 1.56414e+16	2.41e-14	7.63e-10	3.24e-06	1.11e-03	9.99e-01	5.64e-05	0.00e+00	2.53e-15	7.70e-15	1.32e-14	2.57e-10	5.06e-10	1.52e-45
 1.61601e+16	2.99e-14	9.07e-10	3.70e-06	1.20e-03	9.99e-01	5.24e-05	0.00e+00	3.14e-15	9.55e-15	1.63e-14	3.06e-10	6.01e-10	2.91e-45
 1.67423e+16	3.76e-14	1.09e-09	4.26e-06	1.30e-03	9.99e-01	4.84e-05	0.00e+00	3.96e-15	1.20e-14	2.06e-14	3.69e-10	7.25e-10	5.92e-45
 1.74120e+16	4.86e-14	1.35e-09	4.98e-06	1.42e-03	9.99e-01	4.43e-05	0.00e+00	5.11e-15	1.55e-14	2.65e-14	4.55e-10	8.91e-10	1.30e-44
 1.80683e+16	6.18e-14	1.64e-09	5.77e-06	1.55e-03	9.98e-01	4.08e-05	0.00e+00	6.50e-15	1.97e-14	3.37e-14	5.53e-10	1.08e-09	2.75e-44
 1.87510e+16	7.85e-14	1.99e-09	6.69e-06	1.69e-03	9.98e-01	3.75e-05	0.00e+00	8.25e-15	2.51e-14	4.29e-14	6.72e-10	1.32e-09	5.82e-44
 1.93742e+16	9.68e-14	2.36e-09	7.62e-06	1.82e-03	9.98e-01	3.49e-05	0.00e+00	1.02e-14	3.10e-14	5.29e-14	7.99e-10	1.56e-09	1.13e-43
 1.98360e+16	1.13e-13	2.67e-09	8.37e-06	1.92e-03	9.98e-01	3.31e-05	0.00e+00	1.19e-14	3.61e-14	6.16e-14	9.05e-10	1.77e-09	1.83e-43
 2.03101e+16	1.31e-13	3.02e-09	9.19e-06	2.02e-03	9.98e-01	3.14e-05	0.00e+00	1.38e-14	4.19e-14	7.17e-14	1.02e-09	2.00e-09	2.96e-43
 2.09264e+16	1.59e-13	3.54e-09	1.03e-05	2.17e-03	9.98e-01	2.94e-05	0.00e+00	1.67e-14	5.08e-14	8.67e-14	1.20e-09	2.34e-09	5.44e-43
 2.15968e+16	1.94e-13	4.17e-09	1.17e-05	2.33e-03	9.98e-01	2.74e-05	0.00e+00	2.04e-14	6.21e-14	1.06e-13	1.41e-09	2.76e-09	1.04e-42
 2.22037e+16	2.32e-13	4.83e-09	1.31e-05	2.48e-03	9.97e-01	2.58e-05	0.00e+00	2.44e-14	7.41e-14	1.27e-13	1.64e-09	3.19e-09	1.84e-42
 2.28584e+16	2.79e-13	5.62e-09	1.47e-05	2.66e-03	9.97e-01	2.42e-05	0.00e+00	2.93e-14	8.91e-14	1.52e-13	1.90e-09	3.71e-09	3.40e-42
 2.36931e+16	3.51e-13	6.79e-09	1.69e-05	2.88e-03	9.97e-01	2.24e-05	0.00e+00	3.69e-14	1.12e-13	1.92e-13	2.30e-09	4.49e-09	7.29e-42
 2.45337e+16	4.38e-13	8.15e-09	1.94e-05	3.12e-03	9.97e-01	2.07e-05	0.00e+00	4.61e-14	1.40e-13	2.39e-13	2.77e-09	5.39e-09	1.53e-41
 2.52304e+16	5.22e-13	9.45e-09	2.16e-05	3.33e-03	9.97e-01	1.95e-05	0.00e+00	5.49e-14	1.67e-13	2.85e-13	3.21e-09	6.24e-09	2.78e-41
 2.59677e+16	6.27e-13	1.10e-08	2.42e-05	3.55e-03	9.96e-01	1.83e-05	0.00e+00	6.60e-14	2.01e-13	3.43e-13	3.74e-09	7.26e-09	5.14e-41
 2.69122e+16	7.89e-13	1.33e-08	2.79e-05	3.85e-03	9.96e-01	1.70e-05	0.00e+00	8.30e-14	2.52e-13	4.31e-13	4.52e-09	8.77e-09	1.11e-40
 2.79100e+16	9.95e-13	1.61e-08	3.22e-05	4.19e-03	9.96e-01	1.57e-05	0.00e+00	1.05e-13	3.18e-13	5.44e-13	5.48e-09	1.06e-08	2.43e-40
 2.88020e+16	1.22e-12	1.90e-08	3.65e-05	4.50e-03	9.95e-01	1.47e-05	0.00e+00	1.28e-13	3.89e-13	6.64e-13	6.48e-09	1.26e-08	4.79e-40
 2.97723e+16	1.50e-12	2.27e-08	4.15e-05	4.85e-03	9.95e-01	1.37e-05	0.00e+00	1.58e-13	4.81e-13	8.21e-13	7.73e-09	1.50e-08	9.82e-40
 3.09272e+16	1.92e-12	2.79e-08	4.83e-05	5.29e-03	9.95e-01	1.27e-05	0.00e+00	2.03e-13	6.16e-13	1.05e-12	9.49e-09	1.84e-08	2.25e-39
 3.20708e+16	2.18e-12	3.39e-08	5.57e-05	5.74e-03	9.94e-01	1.18e-05	0.00e+00	2.29e-13	6.96e-13	1.19e-12	1.15e-08	2.23e-08	4.88e-39
 3.31137e+16	2.65e-12	4.02e-08	6.31e-05	6.17e-03	9.94e-01	1.11e-05	0.00e+00	2.79e-13	8.48e-13	1.45e-12	1.37e-08	2.65e-08	9.79e-39
 3.42766e+16	3.28e-12	4.84e-08	7.23e-05	6.68e-03	9.93e-01	1.03e-05	0.00e+00	3.46e-13	1.05e-12	1.79e-12	1.65e-08	3.19e-08	2.08e-38
 3.56326e+16	4.19e-12	5.98e-08	8.43e-05	7.29e-03	9.93e-01	9.60e-06	0.00e+00	4.41e-13	1.34e-12	2.29e-12	2.04e-08	3.94e-08	4.85e-38
 3.69654e+16	5.24e-12	7.30e-08	9.75e-05	7.92e-03	9.92e-01	8.94e-06	0.00e+00	5.52e-13	1.68e-12	2.86e-12	2.49e-08	4.81e-08	1.08e-37
 3.82212e+16	6.46e-12	8.77e-08	1.11e-04	8.53e-03	9.91e-01	8.40e-06	0.00e+00	6.81e-13	2.07e-12	3.53e-12	2.99e-08	5.78e-08	2.24e-37
