#depth	He	He+	He+2
 1.49634e+10	1.13e-26	7.43e-14	1.00e+00
 4.54887e+10	1.27e-26	8.03e-14	1.00e+00
 7.72350e+10	1.42e-26	8.69e-14	1.00e+00
 1.10251e+11	1.59e-26	9.40e-14	1.00e+00
 1.44588e+11	1.77e-26	1.02e-13	1.00e+00
 1.80298e+11	1.99e-26	1.10e-13	1.00e+00
 2.17437e+11	2.23e-26	1.19e-13	1.00e+00
 2.56061e+11	2.50e-26	1.29e-13	1.00e+00
 2.96231e+11	2.81e-26	1.39e-13	1.00e+00
 3.34457e+11	3.13e-26	1.50e-13	1.00e+00
 3.69337e+11	3.44e-26	1.59e-13	1.00e+00
 4.08741e+11	3.82e-26	1.71e-13	1.00e+00
 4.54596e+11	4.32e-26	1.85e-13	1.00e+00
 4.99261e+11	4.84e-26	1.99e-13	1.00e+00
 5.40818e+11	5.36e-26	2.12e-13	1.00e+00
 5.87484e+11	5.99e-26	2.28e-13	1.00e+00
 6.40910e+11	6.81e-26	2.46e-13	1.00e+00
 6.93520e+11	7.69e-26	2.66e-13	1.00e+00
 7.48235e+11	8.67e-26	2.86e-13	1.00e+00
 8.08091e+11	9.89e-26	3.10e-13	1.00e+00
 8.68351e+11	1.12e-25	3.34e-13	1.00e+00
 9.31022e+11	1.28e-25	3.61e-13	1.00e+00
 9.96533e+11	1.45e-25	3.90e-13	1.00e+00
 1.06156e+12	1.65e-25	4.19e-13	1.00e+00
 1.13085e+12	1.88e-25	4.52e-13	1.00e+00
 1.20601e+12	2.15e-25	4.89e-13	1.00e+00
 1.28418e+12	2.47e-25	5.29e-13	1.00e+00
 1.36547e+12	2.84e-25	5.73e-13	1.00e+00
 1.44704e+12	3.26e-25	6.18e-13	1.00e+00
 1.53188e+12	3.73e-25	6.67e-13	1.00e+00
 1.62309e+12	4.30e-25	7.22e-13	1.00e+00
 1.71794e+12	4.97e-25	7.82e-13	1.00e+00
 1.81658e+12	5.74e-25	8.46e-13	1.00e+00
 1.91917e+12	6.63e-25	9.16e-13	1.00e+00
 2.02586e+12	7.68e-25	9.91e-13	1.00e+00
 2.13682e+12	8.89e-25	1.07e-12	1.00e+00
 2.25222e+12	1.03e-24	1.16e-12	1.00e+00
 2.37224e+12	1.19e-24	1.26e-12	1.00e+00
 2.49706e+12	1.39e-24	1.36e-12	1.00e+00
 2.62430e+12	1.61e-24	1.47e-12	1.00e+00
 2.75664e+12	1.86e-24	1.59e-12	1.00e+00
 2.89683e+12	2.16e-24	1.72e-12	1.00e+00
 3.04263e+12	2.51e-24	1.86e-12	1.00e+00
 3.19426e+12	2.92e-24	2.02e-12	1.00e+00
 3.35196e+12	3.40e-24	2.19e-12	1.00e+00
 3.49917e+12	3.91e-24	2.35e-12	1.00e+00
 3.62896e+12	4.39e-24	2.50e-12	1.00e+00
 3.77383e+12	4.97e-24	2.67e-12	1.00e+00
 3.94778e+12	5.77e-24	2.88e-12	1.00e+00
 4.12262e+12	6.68e-24	3.10e-12	1.00e+00
 4.28337e+12	7.58e-24	3.31e-12	1.00e+00
 4.46277e+12	8.67e-24	3.56e-12	1.00e+00
 4.67041e+12	1.01e-23	3.85e-12	1.00e+00
 4.87343e+12	1.17e-23	4.15e-12	1.00e+00
 5.06600e+12	1.34e-23	4.44e-12	1.00e+00
 5.27999e+12	1.54e-23	4.78e-12	1.00e+00
 5.52111e+12	1.80e-23	5.18e-12	1.00e+00
 5.76374e+12	2.10e-23	5.60e-12	1.00e+00
 6.01606e+12	2.44e-23	6.05e-12	1.00e+00
 6.28663e+12	2.85e-23	6.55e-12	1.00e+00
 6.56802e+12	3.33e-23	7.10e-12	1.00e+00
 6.86067e+12	3.90e-23	7.69e-12	1.00e+00
 7.16503e+12	4.55e-23	8.33e-12	1.00e+00
 7.48155e+12	5.33e-23	9.03e-12	1.00e+00
 7.81074e+12	6.23e-23	9.78e-12	1.00e+00
 8.15310e+12	7.29e-23	1.06e-11	1.00e+00
 8.50915e+12	8.53e-23	1.15e-11	1.00e+00
 8.87944e+12	9.98e-23	1.24e-11	1.00e+00
 9.26455e+12	1.17e-22	1.35e-11	1.00e+00
 9.64031e+12	1.36e-22	1.45e-11	1.00e+00
 9.99762e+12	1.55e-22	1.56e-11	1.00e+00
 1.03940e+13	1.79e-22	1.68e-11	1.00e+00
 1.08267e+13	2.09e-22	1.82e-11	1.00e+00
 1.12443e+13	2.41e-22	1.96e-11	1.00e+00
 1.16915e+13	2.79e-22	2.11e-11	1.00e+00
 1.21891e+13	3.27e-22	2.29e-11	1.00e+00
 1.26911e+13	3.82e-22	2.48e-11	1.00e+00
 1.32132e+13	4.44e-22	2.68e-11	1.00e+00
 1.37717e+13	5.21e-22	2.91e-11	1.00e+00
 1.43525e+13	6.10e-22	3.16e-11	1.00e+00
 1.49565e+13	7.15e-22	3.43e-11	1.00e+00
 1.55847e+13	8.38e-22	3.72e-11	1.00e+00
 1.62380e+13	9.82e-22	4.05e-11	1.00e+00
 1.69174e+13	1.15e-21	4.40e-11	1.00e+00
 1.76241e+13	1.35e-21	4.78e-11	1.00e+00
 1.82874e+13	1.56e-21	5.15e-11	1.00e+00
 1.88789e+13	1.77e-21	5.50e-11	1.00e+00
 1.95421e+13	2.01e-21	5.91e-11	1.00e+00
 2.03302e+13	2.35e-21	6.41e-11	1.00e+00
 2.11203e+13	2.74e-21	6.95e-11	1.00e+00
 2.18596e+13	3.13e-21	7.46e-11	1.00e+00
 2.26816e+13	3.61e-21	8.07e-11	1.00e+00
 2.36188e+13	4.24e-21	8.79e-11	1.00e+00
 2.45496e+13	4.94e-21	9.55e-11	1.00e+00
 2.55176e+13	5.74e-21	1.04e-10	1.00e+00
 2.65683e+13	6.74e-21	1.13e-10	1.00e+00
 2.76375e+13	7.87e-21	1.23e-10	1.00e+00
 2.86275e+13	9.05e-21	1.33e-10	1.00e+00
 2.95318e+13	1.02e-20	1.43e-10	1.00e+00
 3.05622e+13	1.16e-20	1.54e-10	1.00e+00
 3.17824e+13	1.36e-20	1.68e-10	1.00e+00
 3.29929e+13	1.58e-20	1.83e-10	1.00e+00
 3.41128e+13	1.79e-20	1.97e-10	1.00e+00
 3.53682e+13	2.06e-20	2.14e-10	1.00e+00
 3.68128e+13	2.40e-20	2.34e-10	1.00e+00
 3.82242e+13	2.78e-20	2.55e-10	1.00e+00
 3.96919e+13	3.20e-20	2.79e-10	1.00e+00
 4.12727e+13	3.72e-20	3.06e-10	1.00e+00
 4.28309e+13	4.27e-20	3.33e-10	1.00e+00
 4.44884e+13	4.91e-20	3.65e-10	1.00e+00
 4.62979e+13	5.70e-20	4.01e-10	1.00e+00
 4.80963e+13	6.55e-20	4.39e-10	1.00e+00
 4.99666e+13	7.51e-20	4.82e-10	1.00e+00
 5.19952e+13	8.66e-20	5.31e-10	1.00e+00
 5.41049e+13	9.96e-20	5.85e-10	1.00e+00
 5.62991e+13	1.14e-19	6.45e-10	1.00e+00
 5.85809e+13	1.31e-19	7.11e-10	1.00e+00
 6.09541e+13	1.50e-19	7.84e-10	1.00e+00
 6.31042e+13	1.69e-19	8.55e-10	1.00e+00
 6.49027e+13	1.85e-19	9.17e-10	1.00e+00
 6.68767e+13	2.04e-19	9.88e-10	1.00e+00
 6.93672e+13	2.30e-19	1.08e-09	1.00e+00
 7.19624e+13	2.60e-19	1.19e-09	1.00e+00
 7.41737e+13	2.88e-19	1.28e-09	1.00e+00
 7.64531e+13	3.18e-19	1.38e-09	1.00e+00
 7.93112e+13	3.60e-19	1.51e-09	1.00e+00
 8.22207e+13	4.05e-19	1.65e-09	1.00e+00
 8.47497e+13	4.48e-19	1.78e-09	1.00e+00
 8.74850e+13	4.97e-19	1.93e-09	1.00e+00
 9.08267e+13	5.63e-19	2.12e-09	1.00e+00
 9.42425e+13	6.37e-19	2.32e-09	1.00e+00
 9.73848e+13	7.12e-19	2.51e-09	1.00e+00
 1.00885e+14	8.03e-19	2.74e-09	1.00e+00
 1.04936e+14	9.20e-19	3.01e-09	1.00e+00
 1.08916e+14	1.05e-18	3.30e-09	1.00e+00
 1.12718e+14	1.19e-18	3.58e-09	1.00e+00
 1.16920e+14	1.36e-18	3.91e-09	1.00e+00
 1.21627e+14	1.57e-18	4.29e-09	1.00e+00
 1.25882e+14	1.78e-18	4.66e-09	1.00e+00
 1.29430e+14	1.98e-18	4.97e-09	1.00e+00
 1.33320e+14	2.22e-18	5.33e-09	1.00e+00
 1.38244e+14	2.55e-18	5.80e-09	1.00e+00
 1.43197e+14	2.93e-18	6.30e-09	1.00e+00
 1.47342e+14	3.28e-18	6.73e-09	1.00e+00
 1.51753e+14	3.69e-18	7.21e-09	1.00e+00
 1.57347e+14	4.27e-18	7.84e-09	1.00e+00
 1.63180e+14	4.95e-18	8.53e-09	1.00e+00
 1.68356e+14	5.63e-18	9.16e-09	1.00e+00
 1.73976e+14	6.44e-18	9.88e-09	1.00e+00
 1.80165e+14	7.44e-18	1.07e-08	1.00e+00
 1.85860e+14	8.47e-18	1.15e-08	1.00e+00
 1.92027e+14	9.71e-18	1.24e-08	1.00e+00
 1.98908e+14	1.13e-17	1.34e-08	1.00e+00
 2.05368e+14	1.29e-17	1.44e-08	1.00e+00
 2.12415e+14	1.48e-17	1.55e-08	1.00e+00
 2.20240e+14	1.73e-17	1.68e-08	1.00e+00
 2.27546e+14	1.99e-17	1.81e-08	1.00e+00
 2.35514e+14	2.30e-17	1.95e-08	1.00e+00
 2.44418e+14	2.69e-17	2.12e-08	1.00e+00
 2.52823e+14	3.10e-17	2.28e-08	1.00e+00
 2.61979e+14	3.60e-17	2.46e-08	1.00e+00
 2.72200e+14	4.23e-17	2.68e-08	1.00e+00
 2.81953e+14	4.91e-17	2.89e-08	1.00e+00
 2.92384e+14	5.72e-17	3.12e-08	1.00e+00
 3.04110e+14	6.74e-17	3.40e-08	1.00e+00
 3.15799e+14	7.88e-17	3.68e-08	1.00e+00
 3.27955e+14	9.22e-17	3.98e-08	1.00e+00
 3.41104e+14	1.09e-16	4.33e-08	1.00e+00
 3.54778e+14	1.28e-16	4.70e-08	1.00e+00
 3.68999e+14	1.50e-16	5.10e-08	1.00e+00
 3.82664e+14	1.74e-16	5.50e-08	1.00e+00
 3.95341e+14	1.99e-16	5.88e-08	1.00e+00
 4.07306e+14	2.25e-16	6.25e-08	1.00e+00
 4.20422e+14	2.56e-16	6.67e-08	1.00e+00
 4.35064e+14	2.94e-16	7.15e-08	1.00e+00
 4.48907e+14	3.33e-16	7.62e-08	1.00e+00
 4.64121e+14	3.81e-16	8.16e-08	1.00e+00
 4.81185e+14	4.41e-16	8.77e-08	1.00e+00
 4.97076e+14	5.02e-16	9.37e-08	1.00e+00
 5.11886e+14	5.65e-16	9.94e-08	1.00e+00
 5.28868e+14	6.44e-16	1.06e-07	1.00e+00
 5.49251e+14	7.48e-16	1.14e-07	1.00e+00
 5.69308e+14	8.63e-16	1.23e-07	1.00e+00
 5.87117e+14	9.76e-16	1.31e-07	1.00e+00
 6.06752e+14	1.11e-15	1.40e-07	1.00e+00
 6.30222e+14	1.29e-15	1.51e-07	1.00e+00
 6.53607e+14	1.49e-15	1.62e-07	1.00e+00
 6.75002e+14	1.70e-15	1.73e-07	1.00e+00
 6.98880e+14	1.95e-15	1.85e-07	1.00e+00
 7.26639e+14	2.27e-15	2.00e-07	1.00e+00
 7.53877e+14	2.62e-15	2.15e-07	1.00e+00
 7.79620e+14	3.00e-15	2.30e-07	1.00e+00
 8.08252e+14	3.45e-15	2.47e-07	1.00e+00
 8.40612e+14	4.03e-15	2.67e-07	1.00e+00
 8.73032e+14	4.68e-15	2.88e-07	1.00e+00
 9.06749e+14	5.43e-15	3.10e-07	1.00e+00
 9.43049e+14	6.34e-15	3.35e-07	1.00e+00
 9.80801e+14	7.40e-15	3.63e-07	1.00e+00
 1.01740e+15	8.55e-15	3.90e-07	1.00e+00
 1.05189e+15	9.75e-15	4.17e-07	1.00e+00
 1.09043e+15	1.12e-14	4.48e-07	1.00e+00
 1.12934e+15	1.29e-14	4.81e-07	1.00e+00
 1.16190e+15	1.44e-14	5.09e-07	1.00e+00
 1.19651e+15	1.62e-14	5.40e-07	1.00e+00
 1.24042e+15	1.87e-14	5.81e-07	1.00e+00
 1.28622e+15	2.16e-14	6.25e-07	1.00e+00
 1.32697e+15	2.44e-14	6.65e-07	1.00e+00
 1.37130e+15	2.78e-14	7.11e-07	1.00e+00
 1.42430e+15	3.23e-14	7.68e-07	1.00e+00
 1.47782e+15	3.73e-14	8.28e-07	1.00e+00
 1.52820e+15	4.26e-14	8.87e-07	1.00e+00
 1.57680e+15	4.83e-14	9.45e-07	1.00e+00
 1.63152e+15	5.52e-14	1.01e-06	1.00e+00
 1.69184e+15	6.38e-14	1.09e-06	1.00e+00
 1.74743e+15	7.24e-14	1.17e-06	1.00e+00
 1.80770e+15	8.28e-14	1.25e-06	1.00e+00
 1.87500e+15	9.57e-14	1.35e-06	1.00e+00
 1.93828e+15	1.09e-13	1.44e-06	1.00e+00
 2.00736e+15	1.25e-13	1.55e-06	1.00e+00
 2.08410e+15	1.45e-13	1.68e-06	1.00e+00
 2.15581e+15	1.66e-13	1.80e-06	1.00e+00
 2.23364e+15	1.91e-13	1.94e-06	1.00e+00
 2.32056e+15	2.21e-13	2.09e-06	1.00e+00
 2.40326e+15	2.54e-13	2.25e-06	1.00e+00
 2.49172e+15	2.92e-13	2.43e-06	1.00e+00
 2.59142e+15	3.40e-13	2.63e-06	1.00e+00
 2.68974e+15	3.93e-13	2.84e-06	1.00e+00
 2.79199e+15	4.53e-13	3.07e-06	1.00e+00
 2.89688e+15	5.22e-13	3.31e-06	1.00e+00
 2.99422e+15	5.93e-13	3.54e-06	1.00e+00
 3.10226e+15	6.79e-13	3.81e-06	1.00e+00
 3.22079e+15	7.83e-13	4.12e-06	1.00e+00
 3.33053e+15	8.88e-13	4.41e-06	1.00e+00
 3.42694e+15	9.90e-13	4.67e-06	1.00e+00
 3.52894e+15	1.11e-12	4.96e-06	1.00e+00
 3.65834e+15	1.27e-12	5.34e-06	1.00e+00
 3.78942e+15	1.44e-12	5.74e-06	1.00e+00
 3.90022e+15	1.61e-12	6.09e-06	1.00e+00
 4.01857e+15	1.80e-12	6.47e-06	1.00e+00
 4.16719e+15	2.06e-12	6.97e-06	1.00e+00
 4.32065e+15	2.35e-12	7.51e-06	1.00e+00
 4.45589e+15	2.64e-12	7.99e-06	1.00e+00
 4.60196e+15	2.97e-12	8.54e-06	1.00e+00
 4.77823e+15	3.41e-12	9.22e-06	1.00e+00
 4.95301e+15	3.90e-12	9.92e-06	1.00e+00
 5.10835e+15	4.36e-12	1.06e-05	1.00e+00
 5.27918e+15	4.93e-12	1.13e-05	1.00e+00
 5.48327e+15	5.67e-12	1.22e-05	1.00e+00
 5.68601e+15	6.49e-12	1.32e-05	1.00e+00
 5.87066e+15	7.30e-12	1.41e-05	1.00e+00
 6.07635e+15	8.30e-12	1.51e-05	1.00e+00
 6.31648e+15	9.60e-12	1.64e-05	1.00e+00
 6.55268e+15	1.10e-11	1.76e-05	1.00e+00
 6.77491e+15	1.25e-11	1.89e-05	1.00e+00
 7.02251e+15	1.43e-11	2.04e-05	1.00e+00
 7.30344e+15	1.66e-11	2.21e-05	1.00e+00
 7.57957e+15	1.91e-11	2.39e-05	1.00e+00
 7.86675e+15	2.21e-11	2.59e-05	1.00e+00
 8.13088e+15	2.51e-11	2.77e-05	1.00e+00
 8.33139e+15	2.76e-11	2.92e-05	1.00e+00
 8.53989e+15	3.04e-11	3.08e-05	1.00e+00
 8.81094e+15	3.45e-11	3.30e-05	1.00e+00
 9.10429e+15	3.93e-11	3.54e-05	1.00e+00
 9.36814e+15	4.40e-11	3.76e-05	1.00e+00
 9.65266e+15	4.97e-11	4.01e-05	1.00e+00
 1.00098e+16	5.76e-11	4.35e-05	1.00e+00
 1.03696e+16	6.66e-11	4.70e-05	1.00e+00
 1.06769e+16	7.51e-11	5.01e-05	1.00e+00
 1.10074e+16	8.53e-11	5.36e-05	1.00e+00
 1.14181e+16	9.93e-11	5.81e-05	1.00e+00
 1.18406e+16	1.16e-10	6.30e-05	1.00e+00
 1.22174e+16	1.32e-10	6.76e-05	1.00e+00
 1.26273e+16	1.52e-10	7.28e-05	1.00e+00
 1.31162e+16	1.79e-10	7.93e-05	1.00e+00
 1.35979e+16	2.09e-10	8.60e-05	1.00e+00
 1.40318e+16	2.40e-10	9.23e-05	1.00e+00
 1.45130e+16	2.78e-10	9.96e-05	1.00e+00
 1.50807e+16	3.28e-10	1.09e-04	1.00e+00
 1.56414e+16	3.85e-10	1.18e-04	1.00e+00
 1.61601e+16	4.44e-10	1.27e-04	1.00e+00
 1.67423e+16	5.19e-10	1.38e-04	1.00e+00
 1.74120e+16	6.18e-10	1.51e-04	1.00e+00
 1.80683e+16	7.28e-10	1.64e-04	1.00e+00
 1.87510e+16	8.57e-10	1.78e-04	1.00e+00
 1.93742e+16	9.91e-10	1.92e-04	1.00e+00
 1.98360e+16	1.10e-09	2.02e-04	1.00e+00
 2.03101e+16	1.22e-09	2.14e-04	1.00e+00
 2.09264e+16	1.40e-09	2.29e-04	1.00e+00
 2.15968e+16	1.60e-09	2.46e-04	1.00e+00
 2.22037e+16	1.82e-09	2.61e-04	1.00e+00
 2.28584e+16	2.07e-09	2.79e-04	1.00e+00
 2.36931e+16	2.42e-09	3.03e-04	1.00e+00
 2.45337e+16	2.83e-09	3.27e-04	1.00e+00
 2.52304e+16	3.20e-09	3.49e-04	1.00e+00
 2.59677e+16	3.64e-09	3.72e-04	1.00e+00
 2.69122e+16	4.26e-09	4.03e-04	1.00e+00
 2.79100e+16	5.01e-09	4.37e-04	1.00e+00
 2.88020e+16	5.75e-09	4.69e-04	1.00e+00
 2.97723e+16	6.66e-09	5.05e-04	9.99e-01
 3.09272e+16	7.88e-09	5.50e-04	9.99e-01
 3.20708e+16	9.24e-09	5.96e-04	9.99e-01
 3.31137e+16	1.06e-08	6.40e-04	9.99e-01
 3.42766e+16	1.24e-08	6.91e-04	9.99e-01
 3.56326e+16	1.47e-08	7.53e-04	9.99e-01
 3.69654e+16	1.72e-08	8.16e-04	9.99e-01
 3.82212e+16	1.99e-08	8.78e-04	9.99e-01
 3.96199e+16	2.34e-08	9.51e-04	9.99e-01
 4.09480e+16	2.69e-08	1.02e-03	9.99e-01
 4.19303e+16	2.99e-08	1.08e-03	9.99e-01
 4.29216e+16	3.31e-08	1.13e-03	9.99e-01
 4.42104e+16	3.77e-08	1.21e-03	9.99e-01
 4.56124e+16	4.31e-08	1.29e-03	9.99e-01
 4.68763e+16	4.85e-08	1.37e-03	9.99e-01
 4.82341e+16	5.49e-08	1.46e-03	9.99e-01
 4.99816e+16	6.41e-08	1.58e-03	9.98e-01
 5.17446e+16	7.45e-08	1.70e-03	9.98e-01
 5.31858e+16	8.38e-08	1.80e-03	9.98e-01
 5.46997e+16	9.46e-08	1.92e-03	9.98e-01
 5.66665e+16	1.10e-07	2.07e-03	9.98e-01
 5.87569e+16	1.29e-07	2.24e-03	9.98e-01
 6.05819e+16	1.47e-07	2.39e-03	9.98e-01
 6.25272e+16	1.68e-07	2.56e-03	9.97e-01
 6.48993e+16	1.97e-07	2.77e-03	9.97e-01
 6.72611e+16	2.30e-07	2.99e-03	9.97e-01
 6.93420e+16	2.61e-07	3.19e-03	9.97e-01
 7.16227e+16	3.00e-07	3.42e-03	9.97e-01
 7.41311e+16	3.48e-07	3.68e-03	9.96e-01
 7.64282e+16	3.95e-07	3.93e-03	9.96e-01
 7.89071e+16	4.53e-07	4.21e-03	9.96e-01
 8.13978e+16	5.16e-07	4.49e-03	9.96e-01
 8.33657e+16	5.71e-07	4.73e-03	9.95e-01
 8.53860e+16	6.32e-07	4.98e-03	9.95e-01
 8.80125e+16	7.20e-07	5.31e-03	9.95e-01
 9.07602e+16	8.19e-07	5.67e-03	9.94e-01
 9.31087e+16	9.11e-07	5.98e-03	9.94e-01
 9.56047e+16	1.02e-06	6.33e-03	9.94e-01
 9.88495e+16	1.18e-06	6.81e-03	9.93e-01
 1.02157e+17	1.36e-06	7.30e-03	9.93e-01
 1.04887e+17	1.52e-06	7.72e-03	9.92e-01
 1.07776e+17	1.70e-06	8.19e-03	9.92e-01
 1.11533e+17	1.98e-06	8.82e-03	9.91e-01
 1.15363e+17	2.28e-06	9.48e-03	9.91e-01
 1.18502e+17	2.56e-06	1.00e-02	9.90e-01
 1.21794e+17	2.88e-06	1.07e-02	9.89e-01
 1.26072e+17	3.35e-06	1.15e-02	9.89e-01
 1.30350e+17	3.86e-06	1.23e-02	9.88e-01
 1.33723e+17	4.30e-06	1.30e-02	9.87e-01
 1.36625e+17	4.71e-06	1.37e-02	9.86e-01
 1.39817e+17	5.21e-06	1.44e-02	9.86e-01
 1.43408e+17	5.81e-06	1.52e-02	9.85e-01
 1.46822e+17	6.42e-06	1.60e-02	9.84e-01
 1.50060e+17	7.06e-06	1.68e-02	9.83e-01
 1.53766e+17	7.85e-06	1.77e-02	9.82e-01
 1.57804e+17	8.77e-06	1.88e-02	9.81e-01
 1.61474e+17	9.67e-06	1.97e-02	9.80e-01
 1.65448e+17	1.08e-05	2.09e-02	9.79e-01
 1.69777e+17	1.20e-05	2.21e-02	9.78e-01
 1.73714e+17	1.33e-05	2.33e-02	9.77e-01
 1.77979e+17	1.48e-05	2.46e-02	9.75e-01
 1.82639e+17	1.65e-05	2.62e-02	9.74e-01
 1.86910e+17	1.82e-05	2.76e-02	9.72e-01
 1.91561e+17	2.04e-05	2.93e-02	9.71e-01
 1.96602e+17	2.28e-05	3.12e-02	9.69e-01
 2.01185e+17	2.52e-05	3.30e-02	9.67e-01
 2.06179e+17	2.82e-05	3.51e-02	9.65e-01
 2.11618e+17	3.17e-05	3.75e-02	9.62e-01
 2.16611e+17	3.52e-05	3.98e-02	9.60e-01
 2.22073e+17	3.95e-05	4.26e-02	9.57e-01
 2.27954e+17	4.47e-05	4.58e-02	9.54e-01
 2.33231e+17	4.97e-05	4.88e-02	9.51e-01
 2.37650e+17	5.42e-05	5.15e-02	9.48e-01
 2.41494e+17	5.86e-05	5.40e-02	9.46e-01
 2.45881e+17	6.43e-05	5.72e-02	9.43e-01
 2.50654e+17	7.11e-05	6.08e-02	9.39e-01
 2.54948e+17	7.74e-05	6.42e-02	9.36e-01
 2.59548e+17	8.55e-05	6.84e-02	9.32e-01
 2.64454e+17	9.46e-05	7.30e-02	9.27e-01
 2.68778e+17	1.04e-04	7.75e-02	9.22e-01
 2.72809e+17	1.13e-04	8.20e-02	9.18e-01
 2.77440e+17	1.26e-04	8.79e-02	9.12e-01
 2.82282e+17	1.40e-04	9.43e-02	9.06e-01
 2.86514e+17	1.54e-04	1.01e-01	8.99e-01
 2.90508e+17	1.69e-04	1.07e-01	8.93e-01
 2.95078e+17	1.90e-04	1.16e-01	8.84e-01
 2.99877e+17	2.12e-04	1.25e-01	8.74e-01
 3.04203e+17	2.39e-04	1.35e-01	8.65e-01
 3.07990e+17	2.63e-04	1.44e-01	8.55e-01
 3.11846e+17	2.93e-04	1.55e-01	8.44e-01
 3.16177e+17	3.29e-04	1.69e-01	8.31e-01
 3.20458e+17	3.74e-04	1.83e-01	8.16e-01
 3.24176e+17	4.14e-04	1.98e-01	8.02e-01
 3.27832e+17	4.68e-04	2.13e-01	7.86e-01
 3.31597e+17	5.26e-04	2.31e-01	7.68e-01
 3.34964e+17	5.84e-04	2.49e-01	7.50e-01
 3.37988e+17	6.46e-04	2.66e-01	7.33e-01
 3.40209e+17	6.95e-04	2.79e-01	7.20e-01
 3.42200e+17	7.46e-04	2.93e-01	7.07e-01
 3.44787e+17	8.16e-04	3.10e-01	6.89e-01
 3.47466e+17	8.91e-04	3.30e-01	6.69e-01
 3.50264e+17	9.86e-04	3.52e-01	6.47e-01
 3.53033e+17	1.09e-03	3.75e-01	6.24e-01
 3.55016e+17	1.16e-03	3.92e-01	6.07e-01
 3.56847e+17	1.24e-03	4.09e-01	5.90e-01
 3.59227e+17	1.36e-03	4.31e-01	5.68e-01
 3.61585e+17	1.48e-03	4.53e-01	5.45e-01
 3.63548e+17	1.58e-03	4.73e-01	5.25e-01
 3.65731e+17	1.71e-03	4.95e-01	5.03e-01
 3.67971e+17	1.85e-03	5.18e-01	4.80e-01
 3.69910e+17	1.98e-03	5.38e-01	4.60e-01
 3.72058e+17	2.13e-03	5.61e-01	4.37e-01
 3.74389e+17	2.30e-03	5.85e-01	4.13e-01
 3.76490e+17	2.46e-03	6.07e-01	3.91e-01
 3.78427e+17	2.62e-03	6.26e-01	3.71e-01
 3.80622e+17	2.82e-03	6.49e-01	3.49e-01
 3.82987e+17	3.03e-03	6.71e-01	3.26e-01
 3.85093e+17	3.23e-03	6.90e-01	3.06e-01
 3.87046e+17	3.43e-03	7.08e-01	2.88e-01
 3.89277e+17	3.66e-03	7.28e-01	2.68e-01
 3.91706e+17	3.93e-03	7.48e-01	2.48e-01
 3.93886e+17	4.18e-03	7.64e-01	2.32e-01
 3.95903e+17	4.43e-03	7.79e-01	2.17e-01
 3.98215e+17	4.73e-03	7.95e-01	2.00e-01
 4.00755e+17	5.07e-03	8.11e-01	1.84e-01
 4.03066e+17	5.40e-03	8.24e-01	1.70e-01
 4.05214e+17	5.74e-03	8.36e-01	1.58e-01
 4.07675e+17	6.14e-03	8.49e-01	1.45e-01
 4.10402e+17	6.63e-03	8.61e-01	1.32e-01
 4.12916e+17	7.12e-03	8.71e-01	1.21e-01
 4.15273e+17	7.63e-03	8.80e-01	1.12e-01
 4.17980e+17	8.27e-03	8.90e-01	1.02e-01
 4.20974e+17	9.05e-03	8.99e-01	9.22e-02
 4.23671e+17	9.87e-03	9.06e-01	8.44e-02
 4.25989e+17	1.06e-02	9.11e-01	7.83e-02
 4.28117e+17	1.15e-02	9.16e-01	7.30e-02
 4.30519e+17	1.25e-02	9.20e-01	6.73e-02
 4.33640e+17	1.40e-02	9.25e-01	6.07e-02
 4.36741e+17	1.59e-02	9.29e-01	5.51e-02
 4.38868e+17	1.74e-02	9.31e-01	5.17e-02
 4.40302e+17	1.86e-02	9.32e-01	4.96e-02
 4.41780e+17	1.99e-02	9.33e-01	4.73e-02
 4.43701e+17	2.19e-02	9.34e-01	4.45e-02
 4.45718e+17	2.43e-02	9.34e-01	4.19e-02
 4.47347e+17	2.66e-02	9.34e-01	3.99e-02
 4.48648e+17	2.86e-02	9.33e-01	3.85e-02
 4.50035e+17	3.11e-02	9.32e-01	3.68e-02
 4.51595e+17	3.42e-02	9.30e-01	3.53e-02
 4.53040e+17	3.76e-02	9.28e-01	3.39e-02
 4.54304e+17	4.09e-02	9.26e-01	3.28e-02
 4.55459e+17	4.45e-02	9.24e-01	3.18e-02
 4.56745e+17	4.87e-02	9.21e-01	3.08e-02
 4.58155e+17	5.41e-02	9.16e-01	2.98e-02
 4.59418e+17	5.99e-02	9.11e-01	2.89e-02
 4.60535e+17	6.58e-02	9.06e-01	2.82e-02
 4.61770e+17	7.30e-02	9.00e-01	2.74e-02
 4.63045e+17	8.14e-02	8.92e-01	2.69e-02
 4.64096e+17	8.98e-02	8.84e-01	2.64e-02
 4.65017e+17	9.77e-02	8.76e-01	2.61e-02
 4.65973e+17	1.07e-01	8.67e-01	2.57e-02
 4.67023e+17	1.18e-01	8.56e-01	2.53e-02
 4.68035e+17	1.31e-01	8.44e-01	2.51e-02
 4.68885e+17	1.42e-01	8.33e-01	2.49e-02
 4.69615e+17	1.54e-01	8.22e-01	2.47e-02
 4.70327e+17	1.65e-01	8.10e-01	2.46e-02
 4.70919e+17	1.76e-01	8.00e-01	2.45e-02
 4.71314e+17	1.83e-01	7.92e-01	2.44e-02
 4.71664e+17	1.90e-01	7.86e-01	2.42e-02
 4.72087e+17	1.99e-01	7.77e-01	2.41e-02
 4.72562e+17	2.09e-01	7.67e-01	2.40e-02
 4.73004e+17	2.19e-01	7.57e-01	2.39e-02
 4.73397e+17	2.28e-01	7.48e-01	2.39e-02
 4.73794e+17	2.38e-01	7.39e-01	2.37e-02
 4.74212e+17	2.48e-01	7.28e-01	2.37e-02
 4.74630e+17	2.59e-01	7.18e-01	2.36e-02
 4.75038e+17	2.70e-01	7.07e-01	2.35e-02
 4.75439e+17	2.81e-01	6.95e-01	2.34e-02
 4.75845e+17	2.93e-01	6.84e-01	2.32e-02
 4.76253e+17	3.05e-01	6.71e-01	2.31e-02
 4.76659e+17	3.18e-01	6.59e-01	2.30e-02
 4.77065e+17	3.31e-01	6.46e-01	2.28e-02
 4.77474e+17	3.45e-01	6.33e-01	2.27e-02
 4.77884e+17	3.58e-01	6.19e-01	2.25e-02
 4.78294e+17	3.73e-01	6.05e-01	2.23e-02
 4.78707e+17	3.87e-01	5.91e-01	2.20e-02
 4.79125e+17	4.03e-01	5.76e-01	2.18e-02
 4.79544e+17	4.18e-01	5.60e-01	2.15e-02
 4.79954e+17	4.33e-01	5.45e-01	2.12e-02
 4.80347e+17	4.48e-01	5.31e-01	2.09e-02
 4.80733e+17	4.63e-01	5.16e-01	2.06e-02
 4.81116e+17	4.78e-01	5.02e-01	2.02e-02
 4.81493e+17	4.93e-01	4.88e-01	1.99e-02
 4.81868e+17	5.07e-01	4.73e-01	1.95e-02
 4.82246e+17	5.22e-01	4.59e-01	1.92e-02
 4.82622e+17	5.36e-01	4.45e-01	1.88e-02
 4.82985e+17	5.49e-01	4.32e-01	1.84e-02
 4.83337e+17	5.63e-01	4.19e-01	1.80e-02
 4.83687e+17	5.76e-01	4.07e-01	1.76e-02
 4.84037e+17	5.88e-01	3.95e-01	1.72e-02
 4.84384e+17	6.00e-01	3.83e-01	1.68e-02
 4.84727e+17	6.12e-01	3.71e-01	1.63e-02
 4.85058e+17	6.23e-01	3.61e-01	1.60e-02
 4.85385e+17	6.34e-01	3.50e-01	1.55e-02
 4.85713e+17	6.44e-01	3.41e-01	1.52e-02
 4.86041e+17	6.54e-01	3.31e-01	1.47e-02
 4.86368e+17	6.64e-01	3.22e-01	1.44e-02
 4.86686e+17	6.73e-01	3.13e-01	1.40e-02
 4.87006e+17	6.81e-01	3.05e-01	1.37e-02
 4.87333e+17	6.89e-01	2.97e-01	1.33e-02
 4.87662e+17	6.97e-01	2.90e-01	1.30e-02
 4.87992e+17	7.05e-01	2.82e-01	1.26e-02
 4.88323e+17	7.12e-01	2.75e-01	1.23e-02
 4.88658e+17	7.19e-01	2.69e-01	1.20e-02
 4.88997e+17	7.26e-01	2.62e-01	1.17e-02
 4.89340e+17	7.33e-01	2.56e-01	1.14e-02
 4.89688e+17	7.39e-01	2.50e-01	1.11e-02
 4.90042e+17	7.44e-01	2.45e-01	1.08e-02
 4.90402e+17	7.50e-01	2.39e-01	1.05e-02
 4.90768e+17	7.55e-01	2.34e-01	1.03e-02
 4.91142e+17	7.60e-01	2.30e-01	1.00e-02
 4.91523e+17	7.65e-01	2.25e-01	9.74e-03
 4.91912e+17	7.70e-01	2.21e-01	9.50e-03
 4.92310e+17	7.74e-01	2.17e-01	9.26e-03
 4.92718e+17	7.78e-01	2.13e-01	9.03e-03
 4.93134e+17	7.82e-01	2.09e-01	8.80e-03
 4.93561e+17	7.86e-01	2.05e-01	8.58e-03
 4.93999e+17	7.90e-01	2.02e-01	8.37e-03
 4.94449e+17	7.93e-01	1.99e-01	8.16e-03
 4.94909e+17	7.97e-01	1.95e-01	7.95e-03
 4.95379e+17	8.00e-01	1.92e-01	7.75e-03
 4.95861e+17	8.03e-01	1.89e-01	7.56e-03
 4.96353e+17	8.06e-01	1.87e-01	7.37e-03
 4.96856e+17	8.09e-01	1.84e-01	7.18e-03
 4.97370e+17	8.12e-01	1.81e-01	7.00e-03
 4.97895e+17	8.14e-01	1.79e-01	6.83e-03
 4.98431e+17	8.17e-01	1.76e-01	6.65e-03
 4.98978e+17	8.19e-01	1.74e-01	6.48e-03
 4.99535e+17	8.22e-01	1.72e-01	6.32e-03
 5.00106e+17	8.24e-01	1.69e-01	6.15e-03
 5.00693e+17	8.27e-01	1.67e-01	5.98e-03
 5.01277e+17	8.29e-01	1.65e-01	5.83e-03
 5.01877e+17	8.32e-01	1.63e-01	5.66e-03
 5.02515e+17	8.34e-01	1.60e-01	5.51e-03
 5.03182e+17	8.36e-01	1.58e-01	5.34e-03
 5.03880e+17	8.39e-01	1.56e-01	5.19e-03
 5.04642e+17	8.41e-01	1.54e-01	5.02e-03
 5.05519e+17	8.44e-01	1.51e-01	4.83e-03
 5.06479e+17	8.48e-01	1.48e-01	4.64e-03
 5.07509e+17	8.51e-01	1.45e-01	4.43e-03
 5.08625e+17	8.54e-01	1.41e-01	4.21e-03
 5.09749e+17	8.58e-01	1.38e-01	4.00e-03
 5.10804e+17	8.61e-01	1.35e-01	3.81e-03
 5.11788e+17	8.64e-01	1.32e-01	3.65e-03
 5.12705e+17	8.67e-01	1.30e-01	3.49e-03
 5.13539e+17	8.69e-01	1.27e-01	3.36e-03
 5.14299e+17	8.72e-01	1.25e-01	3.24e-03
 5.14990e+17	8.74e-01	1.23e-01	3.14e-03
 5.15619e+17	8.75e-01	1.21e-01	3.04e-03
 5.16191e+17	8.77e-01	1.20e-01	2.96e-03
 5.16818e+17	8.79e-01	1.18e-01	2.86e-03
 5.17495e+17	8.81e-01	1.16e-01	2.78e-03
 5.18111e+17	8.82e-01	1.15e-01	2.70e-03
 5.18672e+17	8.84e-01	1.13e-01	2.63e-03
 5.19182e+17	8.86e-01	1.12e-01	2.56e-03
 5.19741e+17	8.87e-01	1.10e-01	2.48e-03
 5.20345e+17	8.89e-01	1.09e-01	2.42e-03
 5.20894e+17	8.90e-01	1.08e-01	2.35e-03
 5.21393e+17	8.91e-01	1.06e-01	2.29e-03
 5.21941e+17	8.93e-01	1.05e-01	2.23e-03
 5.22532e+17	8.94e-01	1.03e-01	2.17e-03
 5.23070e+17	8.96e-01	1.02e-01	2.11e-03
 5.23560e+17	8.97e-01	1.01e-01	2.06e-03
 5.24097e+17	8.98e-01	9.95e-02	2.00e-03
 5.24676e+17	9.00e-01	9.83e-02	1.95e-03
 5.25203e+17	9.01e-01	9.71e-02	1.90e-03
 5.25682e+17	9.02e-01	9.60e-02	1.85e-03
 5.26208e+17	9.04e-01	9.47e-02	1.80e-03
 5.26775e+17	9.05e-01	9.36e-02	1.76e-03
 5.27292e+17	9.06e-01	9.24e-02	1.71e-03
 5.27762e+17	9.07e-01	9.13e-02	1.67e-03
 5.28277e+17	9.08e-01	9.01e-02	1.63e-03
 5.28832e+17	9.09e-01	8.91e-02	1.59e-03
 5.29338e+17	9.10e-01	8.80e-02	1.55e-03
 5.29799e+17	9.12e-01	8.70e-02	1.51e-03
 5.30303e+17	9.13e-01	8.58e-02	1.47e-03
 5.30847e+17	9.14e-01	8.49e-02	1.44e-03
 5.31343e+17	9.15e-01	8.38e-02	1.40e-03
 5.31794e+17	9.16e-01	8.28e-02	1.37e-03
 5.32288e+17	9.17e-01	8.18e-02	1.33e-03
 5.32822e+17	9.18e-01	8.08e-02	1.30e-03
 5.33307e+17	9.19e-01	7.99e-02	1.27e-03
 5.33749e+17	9.20e-01	7.89e-02	1.24e-03
 5.34233e+17	9.21e-01	7.79e-02	1.20e-03
 5.34755e+17	9.22e-01	7.71e-02	1.18e-03
 5.35231e+17	9.23e-01	7.62e-02	1.15e-03
 5.35752e+17	9.24e-01	7.51e-02	1.12e-03
 5.36315e+17	9.25e-01	7.42e-02	1.09e-03
 5.36827e+17	9.26e-01	7.33e-02	1.06e-03
 5.37388e+17	9.27e-01	7.23e-02	1.03e-03
 5.37993e+17	9.28e-01	7.13e-02	1.00e-03
 5.38544e+17	9.29e-01	7.04e-02	9.79e-04
 5.39046e+17	9.30e-01	6.95e-02	9.55e-04
 5.39596e+17	9.30e-01	6.86e-02	9.29e-04
 5.40189e+17	9.31e-01	6.78e-02	9.06e-04
 5.40729e+17	9.32e-01	6.70e-02	8.84e-04
 5.41320e+17	9.33e-01	6.60e-02	8.59e-04
 5.41959e+17	9.34e-01	6.52e-02	8.38e-04
 5.42540e+17	9.35e-01	6.44e-02	8.17e-04
 5.43177e+17	9.36e-01	6.34e-02	7.92e-04
 5.43865e+17	9.37e-01	6.26e-02	7.72e-04
 5.44491e+17	9.37e-01	6.18e-02	7.51e-04
 5.45176e+17	9.38e-01	6.08e-02	7.27e-04
 5.45917e+17	9.39e-01	5.99e-02	7.07e-04
 5.46590e+17	9.40e-01	5.91e-02	6.87e-04
 5.47203e+17	9.41e-01	5.83e-02	6.68e-04
 5.47875e+17	9.42e-01	5.74e-02	6.49e-04
 5.48600e+17	9.43e-01	5.67e-02	6.31e-04
 5.49260e+17	9.43e-01	5.59e-02	6.14e-04
 5.49983e+17	9.44e-01	5.50e-02	5.95e-04
 5.50764e+17	9.45e-01	5.42e-02	5.78e-04
 5.51474e+17	9.46e-01	5.35e-02	5.62e-04
 5.52252e+17	9.47e-01	5.26e-02	5.43e-04
 5.53093e+17	9.48e-01	5.18e-02	5.27e-04
 5.53858e+17	9.48e-01	5.10e-02	5.11e-04
 5.54554e+17	9.49e-01	5.03e-02	4.97e-04
 5.55316e+17	9.50e-01	4.95e-02	4.82e-04
 5.56308e+17	9.51e-01	4.86e-02	4.64e-04
 5.57378e+17	9.52e-01	4.77e-02	4.48e-04
 5.58352e+17	9.53e-01	4.69e-02	4.31e-04
 5.59238e+17	9.54e-01	4.61e-02	4.17e-04
 5.60045e+17	9.54e-01	4.54e-02	4.04e-04
 5.60928e+17	9.55e-01	4.46e-02	3.91e-04
 5.61883e+17	9.56e-01	4.39e-02	3.79e-04
 5.62751e+17	9.56e-01	4.32e-02	3.67e-04
 5.63702e+17	9.57e-01	4.25e-02	3.54e-04
 5.64729e+17	9.58e-01	4.17e-02	3.42e-04
 5.65664e+17	9.59e-01	4.11e-02	3.31e-04
 5.66688e+17	9.59e-01	4.03e-02	3.19e-04
 5.67794e+17	9.60e-01	3.96e-02	3.08e-04
 5.68800e+17	9.61e-01	3.89e-02	2.97e-04
 5.69716e+17	9.61e-01	3.83e-02	2.88e-04
 5.70719e+17	9.62e-01	3.76e-02	2.78e-04
 5.71803e+17	9.63e-01	3.70e-02	2.68e-04
 5.72788e+17	9.63e-01	3.64e-02	2.60e-04
 5.73869e+17	9.64e-01	3.57e-02	2.50e-04
 5.75035e+17	9.65e-01	3.51e-02	2.41e-04
 5.76096e+17	9.65e-01	3.45e-02	2.33e-04
 5.77259e+17	9.66e-01	3.38e-02	2.24e-04
 5.78514e+17	9.67e-01	3.32e-02	2.16e-04
 5.79657e+17	9.67e-01	3.26e-02	2.09e-04
 5.80908e+17	9.68e-01	3.19e-02	2.00e-04
 5.82260e+17	9.69e-01	3.13e-02	1.92e-04
 5.83490e+17	9.69e-01	3.07e-02	1.85e-04
 5.84837e+17	9.70e-01	3.01e-02	1.78e-04
 5.86292e+17	9.70e-01	2.94e-02	1.70e-04
 5.87616e+17	9.71e-01	2.89e-02	1.64e-04
 5.89067e+17	9.72e-01	2.82e-02	1.57e-04
 5.90633e+17	9.72e-01	2.76e-02	1.50e-04
 5.92058e+17	9.73e-01	2.70e-02	1.44e-04
 5.93355e+17	9.73e-01	2.65e-02	1.39e-04
 5.94777e+17	9.74e-01	2.60e-02	1.33e-04
 5.96311e+17	9.74e-01	2.54e-02	1.27e-04
 5.97707e+17	9.75e-01	2.49e-02	1.23e-04
 5.99237e+17	9.75e-01	2.44e-02	1.17e-04
 6.00889e+17	9.76e-01	2.39e-02	1.12e-04
 6.02392e+17	9.77e-01	2.34e-02	1.08e-04
 6.04039e+17	9.77e-01	2.28e-02	1.03e-04
 6.05817e+17	9.78e-01	2.23e-02	9.82e-05
 6.07436e+17	9.78e-01	2.18e-02	9.41e-05
 6.09209e+17	9.79e-01	2.13e-02	8.96e-05
 6.11123e+17	9.79e-01	2.08e-02	8.53e-05
 6.12865e+17	9.80e-01	2.03e-02	8.16e-05
 6.14774e+17	9.80e-01	1.98e-02	7.76e-05
 6.16835e+17	9.81e-01	1.93e-02	7.37e-05
 6.18710e+17	9.81e-01	1.89e-02	7.04e-05
 6.20765e+17	9.82e-01	1.84e-02	6.67e-05
 6.22983e+17	9.82e-01	1.79e-02	6.31e-05
 6.25002e+17	9.83e-01	1.74e-02	6.02e-05
 6.26839e+17	9.83e-01	1.71e-02	5.75e-05
 6.28852e+17	9.83e-01	1.66e-02	5.47e-05
 6.31026e+17	9.84e-01	1.62e-02	5.20e-05
 6.33407e+17	9.84e-01	1.57e-02	4.90e-05
 6.36403e+17	9.85e-01	1.52e-02	4.55e-05
 6.39698e+17	9.85e-01	1.46e-02	4.21e-05
 6.42907e+17	9.86e-01	1.40e-02	3.91e-05
 6.46040e+17	9.86e-01	1.35e-02	3.64e-05
 6.49225e+17	9.87e-01	1.31e-02	3.39e-05
 6.52508e+17	9.87e-01	1.26e-02	3.15e-05
 6.55868e+17	9.88e-01	1.21e-02	2.92e-05
 6.59260e+17	9.88e-01	1.17e-02	2.71e-05
 6.62680e+17	9.89e-01	1.12e-02	2.51e-05
 6.66142e+17	9.89e-01	1.08e-02	2.33e-05
 6.69656e+17	9.90e-01	1.04e-02	2.16e-05
 6.73208e+17	9.90e-01	1.00e-02	2.00e-05
 6.76786e+17	9.90e-01	9.65e-03	1.86e-05
 6.80396e+17	9.91e-01	9.28e-03	1.72e-05
 6.84034e+17	9.91e-01	8.93e-03	1.60e-05
 6.87693e+17	9.91e-01	8.60e-03	1.48e-05
 6.91371e+17	9.92e-01	8.28e-03	1.37e-05
 6.95068e+17	9.92e-01	7.97e-03	1.27e-05
 6.98782e+17	9.92e-01	7.67e-03	1.18e-05
 7.02511e+17	9.93e-01	7.39e-03	1.09e-05
 7.06251e+17	9.93e-01	7.11e-03	1.01e-05
 7.10003e+17	9.93e-01	6.85e-03	9.42e-06
 7.13766e+17	9.93e-01	6.60e-03	8.74e-06
 7.17550e+17	9.94e-01	6.35e-03	8.11e-06
 7.21366e+17	9.94e-01	6.12e-03	7.53e-06
 7.25206e+17	9.94e-01	5.90e-03	6.99e-06
 7.29097e+17	9.94e-01	5.67e-03	6.48e-06
 7.32957e+17	9.95e-01	5.47e-03	6.02e-06
 7.36773e+17	9.95e-01	5.27e-03	5.59e-06
 7.40661e+17	9.95e-01	5.08e-03	5.20e-06
 7.44608e+17	9.95e-01	4.89e-03	4.82e-06
 7.48583e+17	9.95e-01	4.71e-03	4.48e-06
 7.52594e+17	9.95e-01	4.54e-03	4.15e-06
 7.56663e+17	9.96e-01	4.37e-03	3.85e-06
 7.60806e+17	9.96e-01	4.20e-03	3.57e-06
 7.65014e+17	9.96e-01	4.04e-03	3.31e-06
 7.69281e+17	9.96e-01	3.89e-03	3.06e-06
 7.73622e+17	9.96e-01	3.74e-03	2.84e-06
 7.78060e+17	9.96e-01	3.60e-03	2.62e-06
 7.82607e+17	9.97e-01	3.45e-03	2.42e-06
 7.87270e+17	9.97e-01	3.32e-03	2.23e-06
 7.92072e+17	9.97e-01	3.18e-03	2.05e-06
 7.97032e+17	9.97e-01	3.05e-03	1.89e-06
 8.02152e+17	9.97e-01	2.92e-03	1.73e-06
 8.07386e+17	9.97e-01	2.79e-03	1.59e-06
 8.12799e+17	9.97e-01	2.67e-03	1.45e-06
 8.18486e+17	9.97e-01	2.55e-03	1.32e-06
 8.24421e+17	9.98e-01	2.43e-03	1.20e-06
 8.30606e+17	9.98e-01	2.31e-03	1.09e-06
 8.37058e+17	9.98e-01	2.20e-03	9.86e-07
 8.43735e+17	9.98e-01	2.09e-03	8.89e-07
 8.50559e+17	9.98e-01	1.98e-03	8.01e-07
 8.57510e+17	9.98e-01	1.88e-03	7.21e-07
 8.64613e+17	9.98e-01	1.78e-03	6.48e-07
 8.71888e+17	9.98e-01	1.69e-03	5.82e-07
 8.79339e+17	9.98e-01	1.60e-03	5.22e-07
 8.86983e+17	9.98e-01	1.51e-03	4.67e-07
 8.94816e+17	9.99e-01	1.43e-03	4.17e-07
 9.02821e+17	9.99e-01	1.35e-03	3.72e-07
 9.11016e+17	9.99e-01	1.27e-03	3.32e-07
 9.19421e+17	9.99e-01	1.20e-03	2.95e-07
 9.28047e+17	9.99e-01	1.13e-03	2.62e-07
 9.36899e+17	9.99e-01	1.06e-03	2.32e-07
 9.45988e+17	9.99e-01	9.97e-04	2.05e-07
 9.55330e+17	9.99e-01	9.36e-04	1.81e-07
 9.64934e+17	9.99e-01	8.77e-04	1.59e-07
 9.74818e+17	9.99e-01	8.21e-04	1.39e-07
 9.85003e+17	9.99e-01	7.68e-04	1.22e-07
 9.95505e+17	9.99e-01	7.16e-04	1.06e-07
 1.00635e+18	9.99e-01	6.67e-04	9.21e-08
 1.01757e+18	9.99e-01	6.20e-04	7.96e-08
 1.02919e+18	9.99e-01	5.76e-04	6.86e-08
 1.04124e+18	9.99e-01	5.32e-04	5.87e-08
 1.05376e+18	1.00e+00	4.92e-04	5.02e-08
 1.06673e+18	1.00e+00	4.54e-04	4.27e-08
 1.08005e+18	1.00e+00	4.17e-04	3.61e-08
 1.09403e+18	1.00e+00	3.82e-04	3.03e-08
 1.10902e+18	1.00e+00	3.48e-04	2.52e-08
 1.12487e+18	1.00e+00	3.15e-04	2.07e-08
 1.14153e+18	1.00e+00	2.85e-04	1.69e-08
 1.15929e+18	1.00e+00	2.55e-04	1.36e-08
 1.17829e+18	1.00e+00	2.27e-04	1.08e-08
 1.19860e+18	1.00e+00	2.01e-04	8.43e-09
 1.22053e+18	1.00e+00	1.76e-04	6.48e-09
 1.24447e+18	1.00e+00	1.53e-04	4.87e-09
 1.27090e+18	1.00e+00	1.30e-04	3.55e-09
 1.30117e+18	1.00e+00	1.09e-04	2.49e-09
 1.33440e+18	1.00e+00	9.01e-05	1.70e-09
 1.37141e+18	1.00e+00	7.27e-05	1.11e-09
 1.41317e+18	1.00e+00	5.75e-05	6.95e-10
 1.45452e+18	1.00e+00	4.60e-05	4.44e-10
 1.48979e+18	1.00e+00	3.82e-05	3.07e-10
 1.51779e+18	1.00e+00	3.31e-05	2.30e-10
 1.54171e+18	1.00e+00	2.92e-05	1.79e-10
 1.56533e+18	1.00e+00	2.57e-05	1.40e-10
 1.59019e+18	1.00e+00	2.26e-05	1.08e-10
 1.61531e+18	1.00e+00	1.99e-05	8.37e-11
 1.63899e+18	1.00e+00	1.77e-05	6.63e-11
 1.66058e+18	1.00e+00	1.60e-05	5.39e-11
 1.68106e+18	1.00e+00	1.44e-05	4.40e-11
 1.70143e+18	1.00e+00	1.31e-05	3.61e-11
 1.72189e+18	1.00e+00	1.18e-05	2.97e-11
 1.74237e+18	1.00e+00	1.07e-05	2.44e-11
 1.76253e+18	1.00e+00	9.76e-06	2.02e-11
 1.78215e+18	1.00e+00	8.90e-06	1.68e-11
 1.80166e+18	1.00e+00	8.13e-06	1.40e-11
 1.82162e+18	1.00e+00	7.41e-06	1.16e-11
 1.84232e+18	1.00e+00	6.73e-06	9.62e-12
 1.86369e+18	1.00e+00	6.12e-06	7.94e-12
 1.88563e+18	1.00e+00	5.54e-06	6.51e-12
 1.90837e+18	1.00e+00	5.00e-06	5.31e-12
 1.93247e+18	1.00e+00	4.49e-06	4.29e-12
 1.95880e+18	1.00e+00	4.00e-06	3.40e-12
 1.98820e+18	1.00e+00	3.52e-06	2.64e-12
 2.02145e+18	1.00e+00	3.05e-06	1.98e-12
 2.05960e+18	1.00e+00	2.59e-06	1.43e-12
 2.10446e+18	1.00e+00	2.14e-06	9.81e-13
 2.15907e+18	1.00e+00	1.71e-06	6.25e-13
 2.22148e+18	1.00e+00	1.33e-06	3.81e-13
 2.28576e+18	1.00e+00	1.04e-06	2.32e-13
 2.35060e+18	1.00e+00	8.13e-07	1.42e-13
 2.41814e+18	1.00e+00	6.32e-07	8.63e-14
 2.49040e+18	1.00e+00	4.86e-07	5.11e-14
 2.56858e+18	1.00e+00	3.68e-07	2.93e-14
 2.65396e+18	1.00e+00	2.73e-07	1.62e-14
 2.74882e+18	1.00e+00	1.98e-07	8.54e-15
 2.85499e+18	1.00e+00	1.39e-07	4.25e-15
 2.96919e+18	1.00e+00	9.66e-08	2.06e-15
 3.08796e+18	1.00e+00	6.68e-08	9.90e-16
 3.21147e+18	1.00e+00	4.61e-08	4.73e-16
 3.33993e+18	1.00e+00	3.17e-08	2.25e-16
 3.47353e+18	1.00e+00	2.17e-08	1.06e-16
 3.61074e+18	1.00e+00	1.48e-08	4.99e-17
 3.74893e+18	1.00e+00	1.03e-08	2.40e-17
 3.88708e+18	1.00e+00	7.16e-09	1.18e-17
 4.02518e+18	1.00e+00	5.05e-09	5.90e-18
 4.16324e+18	1.00e+00	3.59e-09	3.01e-18
 4.30124e+18	1.00e+00	2.58e-09	1.56e-18
 4.43919e+18	1.00e+00	1.87e-09	8.26e-19
 4.57708e+18	1.00e+00	1.37e-09	4.44e-19
 4.71490e+18	1.00e+00	1.00e-09	2.42e-19
 4.85264e+18	1.00e+00	7.45e-10	1.34e-19
 5.01100e+18	1.00e+00	5.29e-10	6.79e-20
 5.19981e+18	1.00e+00	3.58e-10	3.13e-20
 5.40131e+18	1.00e+00	2.39e-10	1.42e-20
 5.59914e+18	1.00e+00	1.64e-10	6.75e-21
 5.77949e+18	1.00e+00	1.18e-10	0.00e+00
 5.93991e+18	1.00e+00	8.87e-11	0.00e+00
 6.08833e+18	1.00e+00	6.83e-11	0.00e+00
 6.23288e+18	1.00e+00	5.33e-11	0.00e+00
 6.37405e+18	1.00e+00	4.21e-11	0.00e+00
 6.50545e+18	1.00e+00	3.41e-11	0.00e+00
 6.60814e+18	1.00e+00	2.91e-11	0.00e+00
 6.66832e+18	1.00e+00	2.68e-11	0.00e+00
 6.69877e+18	1.00e+00	2.57e-11	0.00e+00
 6.71843e+18	1.00e+00	2.50e-11	0.00e+00
 6.73857e+18	1.00e+00	2.42e-11	0.00e+00
 6.76083e+18	1.00e+00	2.34e-11	0.00e+00
 6.77823e+18	1.00e+00	2.28e-11	0.00e+00
 6.78867e+18	1.00e+00	2.25e-11	0.00e+00
 6.79494e+18	1.00e+00	2.23e-11	0.00e+00
 6.79898e+18	1.00e+00	2.22e-11	0.00e+00
 6.80287e+18	1.00e+00	2.21e-11	0.00e+00
 6.80753e+18	1.00e+00	2.19e-11	0.00e+00
 6.81219e+18	1.00e+00	2.18e-11	0.00e+00
 6.81604e+18	1.00e+00	2.17e-11	0.00e+00
 6.81938e+18	1.00e+00	2.16e-11	0.00e+00
 6.82308e+18	1.00e+00	2.14e-11	0.00e+00
 6.82695e+18	1.00e+00	2.13e-11	0.00e+00
 6.83036e+18	1.00e+00	2.12e-11	0.00e+00
 6.83332e+18	1.00e+00	2.11e-11	0.00e+00
 6.83619e+18	1.00e+00	2.10e-11	0.00e+00
 6.83922e+18	1.00e+00	2.09e-11	0.00e+00
 6.84219e+18	1.00e+00	2.08e-11	0.00e+00
 6.84485e+18	1.00e+00	2.08e-11	0.00e+00
 6.84720e+18	1.00e+00	2.07e-11	0.00e+00
 6.84969e+18	1.00e+00	2.06e-11	0.00e+00
 6.85241e+18	1.00e+00	2.05e-11	0.00e+00
 6.85476e+18	1.00e+00	2.05e-11	0.00e+00
 6.85691e+18	1.00e+00	2.04e-11	0.00e+00
 6.85924e+18	1.00e+00	2.03e-11	0.00e+00
 6.86157e+18	1.00e+00	2.03e-11	0.00e+00
 6.86364e+18	1.00e+00	2.02e-11	0.00e+00
 6.86562e+18	1.00e+00	2.02e-11	0.00e+00
 6.86769e+18	1.00e+00	2.01e-11	0.00e+00
 6.86987e+18	1.00e+00	2.00e-11	0.00e+00
 6.87199e+18	1.00e+00	2.00e-11	0.00e+00
 6.87389e+18	1.00e+00	1.99e-11	0.00e+00
 6.87577e+18	1.00e+00	1.98e-11	0.00e+00
 6.87794e+18	1.00e+00	1.98e-11	0.00e+00
 6.88019e+18	1.00e+00	1.97e-11	0.00e+00
 6.88209e+18	1.00e+00	1.97e-11	0.00e+00
 6.88369e+18	1.00e+00	1.96e-11	0.00e+00
 6.88535e+18	1.00e+00	1.96e-11	0.00e+00
 6.88737e+18	1.00e+00	1.95e-11	0.00e+00
 6.88953e+18	1.00e+00	1.94e-11	0.00e+00
 6.89162e+18	1.00e+00	1.94e-11	0.00e+00
 6.89393e+18	1.00e+00	1.93e-11	0.00e+00
 6.89645e+18	1.00e+00	1.92e-11	0.00e+00
 6.89874e+18	1.00e+00	1.91e-11	0.00e+00
 6.90081e+18	1.00e+00	1.91e-11	0.00e+00
 6.90288e+18	1.00e+00	1.90e-11	0.00e+00
 6.90528e+18	1.00e+00	1.90e-11	0.00e+00
 6.90783e+18	1.00e+00	1.89e-11	0.00e+00
 6.91029e+18	1.00e+00	1.88e-11	0.00e+00
 6.91264e+18	1.00e+00	1.87e-11	0.00e+00
 6.91491e+18	1.00e+00	1.87e-11	0.00e+00
 6.91750e+18	1.00e+00	1.86e-11	0.00e+00
 6.92050e+18	1.00e+00	1.85e-11	0.00e+00
 6.92330e+18	1.00e+00	1.84e-11	0.00e+00
 6.92590e+18	1.00e+00	1.83e-11	0.00e+00
 6.92880e+18	1.00e+00	1.83e-11	0.00e+00
 6.93185e+18	1.00e+00	1.82e-11	0.00e+00
 6.93474e+18	1.00e+00	1.81e-11	0.00e+00
 6.93783e+18	1.00e+00	1.80e-11	0.00e+00
 6.94135e+18	1.00e+00	1.79e-11	0.00e+00
 6.94488e+18	1.00e+00	1.78e-11	0.00e+00
 6.94809e+18	1.00e+00	1.77e-11	0.00e+00
 6.95130e+18	1.00e+00	1.76e-11	0.00e+00
 6.95485e+18	1.00e+00	1.75e-11	0.00e+00
 6.95871e+18	1.00e+00	1.74e-11	0.00e+00
 6.96269e+18	1.00e+00	1.73e-11	0.00e+00
 6.96647e+18	1.00e+00	1.72e-11	0.00e+00
 6.97004e+18	1.00e+00	1.71e-11	0.00e+00
 6.97396e+18	1.00e+00	1.70e-11	0.00e+00
 6.97848e+18	1.00e+00	1.69e-11	0.00e+00
 6.98324e+18	1.00e+00	1.67e-11	0.00e+00
 6.98784e+18	1.00e+00	1.66e-11	0.00e+00
 6.99226e+18	1.00e+00	1.65e-11	0.00e+00
 6.99663e+18	1.00e+00	1.64e-11	0.00e+00
 7.00140e+18	1.00e+00	1.63e-11	0.00e+00
 7.00676e+18	1.00e+00	1.61e-11	0.00e+00
 7.01221e+18	1.00e+00	1.60e-11	0.00e+00
 7.01756e+18	1.00e+00	1.58e-11	0.00e+00
 7.02304e+18	1.00e+00	1.57e-11	0.00e+00
 7.02866e+18	1.00e+00	1.56e-11	0.00e+00
 7.03462e+18	1.00e+00	1.54e-11	0.00e+00
 7.04075e+18	1.00e+00	1.53e-11	0.00e+00
 7.04678e+18	1.00e+00	1.51e-11	0.00e+00
 7.05312e+18	1.00e+00	1.50e-11	0.00e+00
 7.06033e+18	1.00e+00	1.48e-11	0.00e+00
 7.06795e+18	1.00e+00	1.46e-11	0.00e+00
 7.07521e+18	1.00e+00	1.45e-11	0.00e+00
 7.08234e+18	1.00e+00	1.43e-11	0.00e+00
 7.09020e+18	1.00e+00	1.41e-11	0.00e+00
 7.09902e+18	1.00e+00	1.39e-11	0.00e+00
 7.10781e+18	1.00e+00	1.37e-11	0.00e+00
 7.11609e+18	1.00e+00	1.36e-11	0.00e+00
 7.12474e+18	1.00e+00	1.34e-11	0.00e+00
 7.13478e+18	1.00e+00	1.32e-11	0.00e+00
 7.14552e+18	1.00e+00	1.30e-11	0.00e+00
 7.15573e+18	1.00e+00	1.28e-11	0.00e+00
 7.16553e+18	1.00e+00	1.26e-11	0.00e+00
 7.17600e+18	1.00e+00	1.24e-11	0.00e+00
 7.18776e+18	1.00e+00	1.22e-11	0.00e+00
 7.20068e+18	1.00e+00	1.19e-11	0.00e+00
 7.21340e+18	1.00e+00	1.17e-11	0.00e+00
 7.22586e+18	1.00e+00	1.15e-11	0.00e+00
 7.23902e+18	1.00e+00	1.13e-11	0.00e+00
 7.25310e+18	1.00e+00	1.11e-11	0.00e+00
 7.26748e+18	1.00e+00	1.08e-11	0.00e+00
 7.28235e+18	1.00e+00	1.06e-11	0.00e+00
 7.29781e+18	1.00e+00	1.04e-11	0.00e+00
 7.31363e+18	1.00e+00	1.01e-11	0.00e+00
 7.33018e+18	1.00e+00	9.91e-12	0.00e+00
 7.34830e+18	1.00e+00	9.65e-12	0.00e+00
 7.36777e+18	1.00e+00	9.39e-12	0.00e+00
 7.38681e+18	1.00e+00	9.14e-12	0.00e+00
 7.40570e+18	1.00e+00	8.89e-12	0.00e+00
 7.42550e+18	1.00e+00	8.65e-12	0.00e+00
 7.44692e+18	1.00e+00	8.38e-12	0.00e+00
 7.46994e+18	1.00e+00	8.11e-12	0.00e+00
 7.49384e+18	1.00e+00	7.83e-12	0.00e+00
 7.51825e+18	1.00e+00	7.56e-12	0.00e+00
 7.54367e+18	1.00e+00	7.28e-12	0.00e+00
 7.57083e+18	1.00e+00	6.99e-12	0.00e+00
 7.60006e+18	1.00e+00	6.68e-12	0.00e+00
 7.63006e+18	1.00e+00	6.39e-12	0.00e+00
 7.65770e+18	1.00e+00	6.14e-12	0.00e+00
 7.68070e+18	1.00e+00	5.94e-12	0.00e+00
 7.70001e+18	1.00e+00	5.77e-12	0.00e+00
 7.71810e+18	1.00e+00	5.61e-12	0.00e+00
 7.73645e+18	1.00e+00	5.45e-12	0.00e+00
 7.75500e+18	1.00e+00	5.30e-12	0.00e+00
 7.77263e+18	1.00e+00	5.16e-12	0.00e+00
 7.78893e+18	1.00e+00	5.03e-12	0.00e+00
 7.80437e+18	1.00e+00	4.91e-12	0.00e+00
 7.81958e+18	1.00e+00	4.79e-12	0.00e+00
 7.83478e+18	1.00e+00	4.68e-12	0.00e+00
 7.84979e+18	1.00e+00	4.58e-12	0.00e+00
 7.86433e+18	1.00e+00	4.47e-12	0.00e+00
 7.87838e+18	1.00e+00	4.38e-12	0.00e+00
 7.89216e+18	1.00e+00	4.28e-12	0.00e+00
 7.90582e+18	1.00e+00	4.19e-12	0.00e+00
 7.91938e+18	1.00e+00	4.11e-12	0.00e+00
 7.93276e+18	1.00e+00	4.02e-12	0.00e+00
 7.94590e+18	1.00e+00	3.94e-12	0.00e+00
 7.95884e+18	1.00e+00	3.86e-12	0.00e+00
 7.97164e+18	1.00e+00	3.79e-12	0.00e+00
 7.98436e+18	1.00e+00	3.71e-12	0.00e+00
 7.99699e+18	1.00e+00	3.64e-12	0.00e+00
 8.00949e+18	1.00e+00	3.57e-12	0.00e+00
 8.02187e+18	1.00e+00	3.50e-12	0.00e+00
 8.03414e+18	1.00e+00	3.44e-12	0.00e+00
 8.04633e+18	1.00e+00	3.37e-12	0.00e+00
 8.05845e+18	1.00e+00	3.31e-12	0.00e+00
 8.07235e+18	1.00e+00	3.24e-12	0.00e+00
 8.09043e+18	1.00e+00	3.15e-12	0.00e+00
 8.11392e+18	1.00e+00	3.03e-12	0.00e+00
 8.14446e+18	1.00e+00	2.89e-12	0.00e+00
 8.18417e+18	1.00e+00	2.72e-12	0.00e+00
 8.23486e+18	1.00e+00	2.51e-12	0.00e+00
 8.29105e+18	1.00e+00	2.31e-12	0.00e+00
 8.34272e+18	1.00e+00	2.14e-12	0.00e+00
 8.38727e+18	1.00e+00	2.00e-12	0.00e+00
 8.42908e+18	1.00e+00	1.88e-12	0.00e+00
 8.47313e+18	1.00e+00	1.76e-12	0.00e+00
 8.52091e+18	1.00e+00	1.64e-12	0.00e+00
 8.57017e+18	1.00e+00	1.52e-12	0.00e+00
