#depth	C	C+	C+2	C+3	C+4	C+5	C+6	C[1]	C[2]	C[3]	C+[1]	C+[2]	CO
 1.49634e+10	0.00e+00	6.37e-33	4.86e-23	8.47e-14	7.75e-04	6.32e-01	3.68e-01	0.00e+00	0.00e+00	0.00e+00	0.00e+00	0.00e+00	9.83e-161
 4.54887e+10	1.63e-43	9.04e-33	6.37e-23	1.03e-13	8.65e-04	6.50e-01	3.49e-01	0.00e+00	0.00e+00	0.00e+00	0.00e+00	0.00e+00	2.02e-239
 7.72350e+10	0.00e+00	1.28e-32	8.35e-23	1.24e-13	9.66e-04	6.68e-01	3.31e-01	0.00e+00	0.00e+00	0.00e+00	0.00e+00	0.00e+00	1.33e-159
 1.10251e+11	3.84e-43	1.82e-32	1.09e-22	1.50e-13	1.08e-03	6.85e-01	3.14e-01	0.00e+00	0.00e+00	0.00e+00	0.00e+00	0.00e+00	8.41e-239
 1.41833e+11	0.00e+00	2.51e-32	1.40e-22	1.78e-13	1.19e-03	7.01e-01	2.98e-01	0.00e+00	0.00e+00	0.00e+00	0.00e+00	0.00e+00	1.61e-158
 1.71050e+11	8.12e-43	3.34e-32	1.75e-22	2.08e-13	1.30e-03	7.14e-01	2.85e-01	0.00e+00	0.00e+00	0.00e+00	0.00e+00	0.00e+00	8.23e-227
 2.04191e+11	0.00e+00	4.58e-32	2.23e-22	2.47e-13	1.44e-03	7.29e-01	2.70e-01	0.00e+00	0.00e+00	0.00e+00	0.00e+00	0.00e+00	1.52e-157
 2.42286e+11	1.83e-42	6.48e-32	2.91e-22	2.97e-13	1.60e-03	7.44e-01	2.54e-01	0.00e+00	0.00e+00	0.00e+00	0.00e+00	0.00e+00	2.69e-226
 2.80220e+11	0.00e+00	9.04e-32	3.76e-22	3.56e-13	1.77e-03	7.58e-01	2.40e-01	0.00e+00	0.00e+00	0.00e+00	0.00e+00	0.00e+00	1.94e-156
 3.19672e+11	4.16e-42	1.26e-31	4.85e-22	4.25e-13	1.95e-03	7.72e-01	2.26e-01	0.00e+00	0.00e+00	0.00e+00	0.00e+00	0.00e+00	1.15e-225
 3.62385e+11	0.00e+00	1.78e-31	6.33e-22	5.11e-13	2.17e-03	7.85e-01	2.12e-01	0.00e+00	0.00e+00	0.00e+00	0.00e+00	0.00e+00	2.48e-155
 4.06808e+11	9.79e-42	2.52e-31	8.26e-22	6.15e-13	2.40e-03	7.99e-01	1.99e-01	0.00e+00	0.00e+00	0.00e+00	0.00e+00	0.00e+00	3.89e-225
 4.53007e+11	0.00e+00	3.57e-31	1.08e-21	7.39e-13	2.66e-03	8.11e-01	1.86e-01	0.00e+00	0.00e+00	0.00e+00	0.00e+00	0.00e+00	3.36e-154
 5.01054e+11	2.30e-41	5.05e-31	1.40e-21	8.89e-13	2.95e-03	8.23e-01	1.74e-01	0.00e+00	0.00e+00	0.00e+00	0.00e+00	0.00e+00	1.09e-224
 5.51023e+11	0.00e+00	7.14e-31	1.83e-21	1.07e-12	3.27e-03	8.34e-01	1.63e-01	0.00e+00	0.00e+00	0.00e+00	0.00e+00	0.00e+00	4.56e-153
 6.02990e+11	5.42e-41	1.01e-30	2.39e-21	1.28e-12	3.61e-03	8.44e-01	1.52e-01	0.00e+00	0.00e+00	0.00e+00	0.00e+00	0.00e+00	0.00e+00
 6.57037e+11	0.00e+00	1.43e-30	3.12e-21	1.54e-12	4.00e-03	8.54e-01	1.42e-01	0.00e+00	0.00e+00	0.00e+00	0.00e+00	0.00e+00	6.24e-152
 7.13245e+11	1.28e-40	2.02e-30	4.06e-21	1.85e-12	4.42e-03	8.64e-01	1.32e-01	0.00e+00	0.00e+00	0.00e+00	0.00e+00	0.00e+00	0.00e+00
 7.71701e+11	0.00e+00	2.86e-30	5.30e-21	2.22e-12	4.89e-03	8.72e-01	1.23e-01	0.00e+00	0.00e+00	0.00e+00	0.00e+00	0.00e+00	8.58e-151
 8.26801e+11	2.90e-40	3.93e-30	6.75e-21	2.63e-12	5.36e-03	8.80e-01	1.15e-01	0.00e+00	0.00e+00	0.00e+00	0.00e+00	0.00e+00	0.00e+00
 8.76284e+11	0.00e+00	5.17e-30	8.33e-21	3.03e-12	5.80e-03	8.86e-01	1.08e-01	0.00e+00	0.00e+00	0.00e+00	0.00e+00	0.00e+00	7.95e-150
 9.31907e+11	5.92e-40	6.98e-30	1.05e-20	3.55e-12	6.32e-03	8.92e-01	1.02e-01	0.00e+00	0.00e+00	0.00e+00	0.00e+00	0.00e+00	0.00e+00
 9.97576e+11	0.00e+00	9.84e-30	1.36e-20	4.26e-12	6.97e-03	8.99e-01	9.45e-02	0.00e+00	0.00e+00	0.00e+00	0.00e+00	0.00e+00	8.97e-149
 1.06316e+12	1.36e-39	1.37e-29	1.75e-20	5.06e-12	7.65e-03	9.04e-01	8.79e-02	0.00e+00	0.00e+00	0.00e+00	0.00e+00	0.00e+00	0.00e+00
 1.12502e+12	0.00e+00	1.85e-29	2.20e-20	5.92e-12	8.34e-03	9.09e-01	8.23e-02	0.00e+00	0.00e+00	0.00e+00	0.00e+00	0.00e+00	9.60e-148
 1.19359e+12	2.94e-39	2.55e-29	2.82e-20	7.01e-12	9.13e-03	9.14e-01	7.66e-02	0.00e+00	0.00e+00	0.00e+00	0.00e+00	0.00e+00	0.00e+00
 1.27126e+12	0.00e+00	3.63e-29	3.69e-20	8.43e-12	1.01e-02	9.19e-01	7.08e-02	0.00e+00	0.00e+00	0.00e+00	0.00e+00	0.00e+00	1.22e-146
 1.34899e+12	6.94e-39	5.11e-29	4.79e-20	1.01e-11	1.11e-02	9.23e-01	6.56e-02	0.00e+00	0.00e+00	0.00e+00	0.00e+00	0.00e+00	0.00e+00
 1.42983e+12	0.00e+00	7.19e-29	6.22e-20	1.21e-11	1.22e-02	9.27e-01	6.07e-02	0.00e+00	0.00e+00	0.00e+00	0.00e+00	0.00e+00	1.58e-145
 1.51695e+12	1.65e-38	1.03e-28	8.17e-20	1.45e-11	1.35e-02	9.31e-01	5.59e-02	0.00e+00	0.00e+00	0.00e+00	0.00e+00	0.00e+00	0.00e+00
 1.59869e+12	0.00e+00	1.42e-28	1.04e-19	1.72e-11	1.48e-02	9.33e-01	5.19e-02	0.00e+00	0.00e+00	0.00e+00	0.00e+00	0.00e+00	2.00e-144
 1.67168e+12	3.46e-38	1.87e-28	1.29e-19	1.99e-11	1.60e-02	9.35e-01	4.87e-02	0.00e+00	0.00e+00	0.00e+00	0.00e+00	0.00e+00	1.21e-216
 1.75373e+12	0.00e+00	2.54e-28	1.63e-19	2.33e-11	1.74e-02	9.37e-01	4.53e-02	0.00e+00	0.00e+00	0.00e+00	0.00e+00	0.00e+00	1.78e-143
 1.85107e+12	7.77e-38	3.60e-28	2.13e-19	2.79e-11	1.91e-02	9.39e-01	4.17e-02	0.00e+00	0.00e+00	0.00e+00	0.00e+00	0.00e+00	0.00e+00
 1.94844e+12	0.00e+00	5.05e-28	2.75e-19	3.33e-11	2.10e-02	9.40e-01	3.85e-02	0.00e+00	0.00e+00	0.00e+00	0.00e+00	0.00e+00	2.31e-142
 2.03940e+12	1.72e-37	6.86e-28	3.48e-19	3.90e-11	2.28e-02	9.41e-01	3.58e-02	0.00e+00	0.00e+00	0.00e+00	0.00e+00	0.00e+00	1.14e-214
 2.14059e+12	0.00e+00	9.49e-28	4.46e-19	4.62e-11	2.49e-02	9.42e-01	3.31e-02	0.00e+00	0.00e+00	0.00e+00	0.00e+00	0.00e+00	2.44e-141
 2.25614e+12	4.04e-37	1.36e-27	5.88e-19	5.58e-11	2.75e-02	9.42e-01	3.03e-02	0.00e+00	0.00e+00	0.00e+00	0.00e+00	0.00e+00	0.00e+00
 2.36993e+12	0.00e+00	1.93e-27	7.67e-19	6.69e-11	3.03e-02	9.42e-01	2.79e-02	0.00e+00	0.00e+00	0.00e+00	0.00e+00	0.00e+00	3.40e-140
 2.47923e+12	9.22e-37	2.66e-27	9.79e-19	7.89e-11	3.30e-02	9.41e-01	2.57e-02	0.00e+00	0.00e+00	0.00e+00	0.00e+00	0.00e+00	0.00e+00
 2.59930e+12	0.00e+00	3.73e-27	1.27e-18	9.41e-11	3.61e-02	9.40e-01	2.37e-02	0.00e+00	0.00e+00	0.00e+00	0.00e+00	0.00e+00	3.93e-139
 2.73319e+12	2.21e-36	5.38e-27	1.68e-18	1.14e-10	3.99e-02	9.39e-01	2.16e-02	0.00e+00	0.00e+00	0.00e+00	0.00e+00	0.00e+00	0.00e+00
 2.86860e+12	0.00e+00	7.68e-27	2.20e-18	1.37e-10	4.38e-02	9.36e-01	1.97e-02	0.00e+00	0.00e+00	0.00e+00	0.00e+00	0.00e+00	5.69e-138
 3.00943e+12	5.33e-36	1.10e-26	2.89e-18	1.65e-10	4.82e-02	9.34e-01	1.80e-02	0.00e+00	0.00e+00	0.00e+00	0.00e+00	0.00e+00	0.00e+00
 3.15446e+12	0.00e+00	1.56e-26	3.80e-18	1.98e-10	5.29e-02	9.31e-01	1.64e-02	0.00e+00	0.00e+00	0.00e+00	0.00e+00	0.00e+00	7.89e-137
 3.30530e+12	1.28e-35	2.23e-26	4.98e-18	2.38e-10	5.81e-02	9.27e-01	1.50e-02	0.00e+00	0.00e+00	0.00e+00	0.00e+00	0.00e+00	0.00e+00
 3.46744e+12	0.00e+00	3.22e-26	6.60e-18	2.88e-10	6.39e-02	9.22e-01	1.36e-02	0.00e+00	0.00e+00	0.00e+00	0.00e+00	0.00e+00	1.14e-135
 3.63606e+12	3.18e-35	4.65e-26	8.75e-18	3.48e-10	7.03e-02	9.17e-01	1.23e-02	0.00e+00	0.00e+00	0.00e+00	0.00e+00	0.00e+00	0.00e+00
 3.81143e+12	0.00e+00	6.71e-26	1.16e-17	4.21e-10	7.73e-02	9.12e-01	1.12e-02	0.00e+00	0.00e+00	0.00e+00	0.00e+00	0.00e+00	1.70e-134
 3.99382e+12	7.88e-35	9.69e-26	1.54e-17	5.09e-10	8.49e-02	9.05e-01	1.01e-02	0.00e+00	0.00e+00	0.00e+00	0.00e+00	0.00e+00	0.00e+00
 4.18350e+12	1.24e-34	1.40e-25	2.04e-17	6.15e-10	9.32e-02	8.98e-01	9.11e-03	0.00e+00	0.00e+00	0.00e+00	0.00e+00	0.00e+00	2.09e-115
 4.35527e+12	1.84e-34	1.93e-25	2.61e-17	7.26e-10	1.01e-01	8.91e-01	8.32e-03	0.00e+00	0.00e+00	0.00e+00	0.00e+00	0.00e+00	9.64e-98
 4.49874e+12	2.53e-34	2.49e-25	3.18e-17	8.30e-10	1.08e-01	8.84e-01	7.73e-03	0.00e+00	0.00e+00	0.00e+00	0.00e+00	0.00e+00	0.00e+00
 4.65609e+12	3.54e-34	3.27e-25	3.92e-17	9.56e-10	1.15e-01	8.77e-01	7.14e-03	0.00e+00	0.00e+00	0.00e+00	0.00e+00	0.00e+00	3.36e-114
 4.85488e+12	5.35e-34	4.57e-25	5.07e-17	1.14e-09	1.25e-01	8.68e-01	6.47e-03	0.00e+00	0.00e+00	0.00e+00	0.00e+00	0.00e+00	1.05e-96
 5.06198e+12	8.08e-34	6.39e-25	6.56e-17	1.35e-09	1.36e-01	8.58e-01	5.85e-03	0.00e+00	0.00e+00	0.00e+00	0.00e+00	0.00e+00	0.00e+00
 5.23911e+12	1.13e-33	8.41e-25	8.12e-17	1.56e-09	1.46e-01	8.49e-01	5.39e-03	0.00e+00	0.00e+00	0.00e+00	0.00e+00	0.00e+00	7.34e-113
 5.42289e+12	1.59e-33	1.11e-24	1.00e-16	1.79e-09	1.56e-01	8.39e-01	4.95e-03	0.00e+00	0.00e+00	0.00e+00	0.00e+00	0.00e+00	1.19e-95
 5.65226e+12	2.39e-33	1.54e-24	1.29e-16	2.13e-09	1.68e-01	8.27e-01	4.46e-03	0.00e+00	0.00e+00	0.00e+00	0.00e+00	0.00e+00	8.60e-287
 5.88476e+12	3.55e-33	2.12e-24	1.66e-16	2.51e-09	1.82e-01	8.14e-01	4.02e-03	0.00e+00	0.00e+00	0.00e+00	0.00e+00	0.00e+00	1.54e-111
 6.08679e+12	4.94e-33	2.77e-24	2.04e-16	2.88e-09	1.93e-01	8.03e-01	3.69e-03	0.00e+00	0.00e+00	0.00e+00	0.00e+00	0.00e+00	1.48e-94
 6.30533e+12	6.95e-33	3.66e-24	2.53e-16	3.32e-09	2.06e-01	7.90e-01	3.37e-03	0.00e+00	0.00e+00	0.00e+00	0.00e+00	0.00e+00	9.29e-111
 6.57240e+12	1.04e-32	5.07e-24	3.25e-16	3.93e-09	2.22e-01	7.75e-01	3.01e-03	0.00e+00	0.00e+00	0.00e+00	0.00e+00	0.00e+00	7.84e-94
 6.84419e+12	1.54e-32	6.96e-24	4.15e-16	4.63e-09	2.39e-01	7.59e-01	2.70e-03	0.00e+00	0.00e+00	0.00e+00	0.00e+00	0.00e+00	7.86e-110
 7.09232e+12	2.16e-32	9.18e-24	5.14e-16	5.33e-09	2.54e-01	7.44e-01	2.45e-03	0.00e+00	0.00e+00	0.00e+00	0.00e+00	0.00e+00	4.03e-93
 7.36804e+12	3.10e-32	1.23e-23	6.44e-16	6.18e-09	2.71e-01	7.27e-01	2.21e-03	0.00e+00	0.00e+00	0.00e+00	0.00e+00	0.00e+00	5.30e-109
 7.68933e+12	4.63e-32	1.71e-23	8.29e-16	7.30e-09	2.90e-01	7.08e-01	1.96e-03	0.00e+00	0.00e+00	0.00e+00	0.00e+00	0.00e+00	2.27e-92
 8.00779e+12	6.78e-32	2.32e-23	1.05e-15	8.52e-09	3.10e-01	6.89e-01	1.74e-03	0.00e+00	0.00e+00	0.00e+00	0.00e+00	0.00e+00	4.53e-108
 8.31203e+12	9.58e-32	3.07e-23	1.30e-15	9.81e-09	3.28e-01	6.71e-01	1.56e-03	0.00e+00	0.00e+00	0.00e+00	0.00e+00	0.00e+00	1.18e-91
 8.64747e+12	1.38e-31	4.12e-23	1.63e-15	1.14e-08	3.48e-01	6.51e-01	1.39e-03	0.00e+00	0.00e+00	0.00e+00	0.00e+00	0.00e+00	3.24e-107
 9.02329e+12	2.03e-31	5.64e-23	2.08e-15	1.33e-08	3.70e-01	6.29e-01	1.23e-03	0.00e+00	0.00e+00	0.00e+00	0.00e+00	0.00e+00	6.62e-91
 9.40092e+12	2.95e-31	7.61e-23	2.61e-15	1.54e-08	3.91e-01	6.08e-01	1.08e-03	0.00e+00	0.00e+00	0.00e+00	0.00e+00	0.00e+00	2.72e-106
 9.73938e+12	4.06e-31	9.83e-23	3.18e-15	1.75e-08	4.10e-01	5.89e-01	9.73e-04	0.00e+00	0.00e+00	0.00e+00	0.00e+00	0.00e+00	3.26e-90
 1.00263e+13	5.26e-31	1.21e-22	3.73e-15	1.93e-08	4.26e-01	5.73e-01	8.90e-04	0.00e+00	0.00e+00	0.00e+00	0.00e+00	0.00e+00	1.39e-105
 1.03356e+13	6.89e-31	1.50e-22	4.40e-15	2.15e-08	4.43e-01	5.57e-01	8.10e-04	0.00e+00	0.00e+00	0.00e+00	0.00e+00	0.00e+00	1.12e-89
 1.07356e+13	9.63e-31	1.97e-22	5.39e-15	2.44e-08	4.63e-01	5.36e-01	7.18e-04	0.00e+00	0.00e+00	0.00e+00	0.00e+00	0.00e+00	7.84e-105
 1.11528e+13	1.35e-30	2.58e-22	6.61e-15	2.78e-08	4.84e-01	5.15e-01	6.36e-04	0.00e+00	0.00e+00	0.00e+00	0.00e+00	0.00e+00	5.41e-89
 1.15104e+13	1.77e-30	3.21e-22	7.81e-15	3.08e-08	5.02e-01	4.98e-01	5.74e-04	0.00e+00	0.00e+00	0.00e+00	0.00e+00	0.00e+00	4.54e-104
 1.18914e+13	2.35e-30	4.02e-22	9.25e-15	3.43e-08	5.20e-01	4.80e-01	5.16e-04	0.00e+00	0.00e+00	0.00e+00	0.00e+00	0.00e+00	2.03e-88
 1.23639e+13	3.28e-30	5.25e-22	1.13e-14	3.89e-08	5.41e-01	4.59e-01	4.54e-04	0.00e+00	0.00e+00	0.00e+00	0.00e+00	0.00e+00	2.73e-103
 1.28491e+13	4.56e-30	6.83e-22	1.38e-14	4.39e-08	5.62e-01	4.38e-01	3.99e-04	0.00e+00	0.00e+00	0.00e+00	0.00e+00	0.00e+00	9.96e-88
 1.32863e+13	6.06e-30	8.56e-22	1.63e-14	4.87e-08	5.79e-01	4.20e-01	3.56e-04	0.00e+00	0.00e+00	0.00e+00	0.00e+00	0.00e+00	1.66e-102
 1.37669e+13	8.18e-30	1.09e-21	1.95e-14	5.43e-08	5.98e-01	4.02e-01	3.16e-04	0.00e+00	0.00e+00	0.00e+00	0.00e+00	0.00e+00	4.10e-87
 1.42921e+13	1.12e-29	1.39e-21	2.35e-14	6.08e-08	6.17e-01	3.82e-01	2.78e-04	0.00e+00	0.00e+00	0.00e+00	0.00e+00	0.00e+00	1.03e-101
 1.47697e+13	1.47e-29	1.73e-21	2.76e-14	6.71e-08	6.34e-01	3.66e-01	2.47e-04	0.00e+00	0.00e+00	0.00e+00	0.00e+00	0.00e+00	1.72e-86
 1.52850e+13	1.96e-29	2.17e-21	3.26e-14	7.41e-08	6.51e-01	3.49e-01	2.19e-04	0.00e+00	0.00e+00	0.00e+00	0.00e+00	0.00e+00	5.49e-101
 1.58637e+13	2.67e-29	2.77e-21	3.90e-14	8.25e-08	6.69e-01	3.31e-01	1.92e-04	0.00e+00	0.00e+00	0.00e+00	0.00e+00	0.00e+00	7.41e-86
 1.64120e+13	3.53e-29	3.45e-21	4.59e-14	9.09e-08	6.85e-01	3.15e-01	1.70e-04	0.00e+00	0.00e+00	0.00e+00	0.00e+00	0.00e+00	3.23e-100
 1.70121e+13	4.73e-29	4.35e-21	5.44e-14	1.01e-07	7.01e-01	2.99e-01	1.50e-04	0.00e+00	0.00e+00	0.00e+00	0.00e+00	0.00e+00	3.08e-85
 1.76765e+13	6.47e-29	5.56e-21	6.52e-14	1.12e-07	7.18e-01	2.82e-01	1.30e-04	0.00e+00	0.00e+00	0.00e+00	0.00e+00	0.00e+00	2.05e-99
 1.82942e+13	8.55e-29	6.93e-21	7.65e-14	1.23e-07	7.33e-01	2.67e-01	1.15e-04	0.00e+00	0.00e+00	0.00e+00	0.00e+00	0.00e+00	1.36e-84
 1.89669e+13	1.15e-28	8.71e-21	9.04e-14	1.35e-07	7.48e-01	2.52e-01	1.01e-04	0.00e+00	0.00e+00	0.00e+00	0.00e+00	0.00e+00	1.19e-98
 1.97205e+13	1.57e-28	1.11e-20	1.08e-13	1.50e-07	7.63e-01	2.37e-01	8.70e-05	0.00e+00	0.00e+00	0.00e+00	0.00e+00	0.00e+00	6.26e-84
 2.04338e+13	2.09e-28	1.39e-20	1.27e-13	1.65e-07	7.76e-01	2.24e-01	7.63e-05	0.00e+00	0.00e+00	0.00e+00	0.00e+00	0.00e+00	7.58e-98
 2.12043e+13	2.81e-28	1.75e-20	1.50e-13	1.81e-07	7.90e-01	2.10e-01	6.64e-05	0.00e+00	0.00e+00	0.00e+00	0.00e+00	0.00e+00	2.76e-83
 2.20624e+13	3.85e-28	2.25e-20	1.80e-13	2.00e-07	8.03e-01	1.97e-01	5.71e-05	0.00e+00	0.00e+00	0.00e+00	0.00e+00	0.00e+00	5.10e-97
 2.28893e+13	5.16e-28	2.82e-20	2.11e-13	2.20e-07	8.15e-01	1.85e-01	4.97e-05	0.00e+00	0.00e+00	0.00e+00	0.00e+00	0.00e+00	1.32e-82
 2.37691e+13	6.96e-28	3.56e-20	2.50e-13	2.41e-07	8.27e-01	1.73e-01	4.30e-05	0.00e+00	0.00e+00	0.00e+00	0.00e+00	0.00e+00	3.27e-96
 2.47498e+13	9.59e-28	4.56e-20	2.98e-13	2.67e-07	8.39e-01	1.61e-01	3.68e-05	0.00e+00	0.00e+00	0.00e+00	0.00e+00	0.00e+00	6.52e-82
 2.57333e+13	1.31e-27	5.79e-20	3.54e-13	2.93e-07	8.49e-01	1.51e-01	3.17e-05	0.00e+00	0.00e+00	0.00e+00	0.00e+00	0.00e+00	2.37e-95
 2.67561e+13	1.78e-27	7.35e-20	4.19e-13	3.22e-07	8.60e-01	1.40e-01	2.73e-05	0.00e+00	0.00e+00	0.00e+00	0.00e+00	0.00e+00	3.25e-81
 2.78563e+13	2.44e-27	9.39e-20	4.98e-13	3.54e-07	8.69e-01	1.31e-01	2.33e-05	0.00e+00	0.00e+00	0.00e+00	0.00e+00	0.00e+00	1.72e-94
 2.90004e+13	3.35e-27	1.20e-19	5.92e-13	3.89e-07	8.79e-01	1.21e-01	2.00e-05	0.00e+00	0.00e+00	0.00e+00	0.00e+00	0.00e+00	1.71e-80
 3.01258e+13	4.52e-27	1.51e-19	6.96e-13	4.25e-07	8.87e-01	1.13e-01	1.72e-05	0.00e+00	0.00e+00	0.00e+00	0.00e+00	0.00e+00	1.22e-93
 3.11712e+13	5.90e-27	1.86e-19	8.04e-13	4.60e-07	8.94e-01	1.06e-01	1.51e-05	0.00e+00	0.00e+00	0.00e+00	0.00e+00	0.00e+00	7.60e-80
 3.21140e+13	7.46e-27	2.22e-19	9.12e-13	4.92e-07	8.99e-01	1.01e-01	1.34e-05	0.00e+00	0.00e+00	0.00e+00	0.00e+00	0.00e+00	6.05e-93
 3.31247e+13	9.52e-27	2.68e-19	1.04e-12	5.28e-07	9.05e-01	9.50e-02	1.19e-05	0.00e+00	0.00e+00	0.00e+00	0.00e+00	0.00e+00	2.70e-79
 3.43849e+13	1.28e-26	3.35e-19	1.22e-12	5.75e-07	9.11e-01	8.86e-02	1.03e-05	0.00e+00	0.00e+00	0.00e+00	0.00e+00	0.00e+00	3.37e-92
 3.56490e+13	1.69e-26	4.16e-19	1.41e-12	6.23e-07	9.17e-01	8.27e-02	8.90e-06	0.00e+00	0.00e+00	0.00e+00	0.00e+00	0.00e+00	1.25e-78
 3.67337e+13	2.14e-26	4.98e-19	1.60e-12	6.66e-07	9.22e-01	7.82e-02	7.91e-06	0.00e+00	0.00e+00	0.00e+00	0.00e+00	0.00e+00	1.78e-91
 3.79055e+13	2.74e-26	6.02e-19	1.82e-12	7.13e-07	9.26e-01	7.37e-02	7.00e-06	0.00e+00	0.00e+00	0.00e+00	0.00e+00	0.00e+00	4.52e-78
 3.93542e+13	3.68e-26	7.53e-19	2.13e-12	7.74e-07	9.31e-01	6.87e-02	6.04e-06	0.00e+00	0.00e+00	0.00e+00	0.00e+00	0.00e+00	1.02e-90
 4.08055e+13	4.89e-26	9.35e-19	2.47e-12	8.38e-07	9.36e-01	6.41e-02	5.24e-06	0.00e+00	0.00e+00	0.00e+00	0.00e+00	0.00e+00	2.13e-77
 4.20588e+13	6.21e-26	1.12e-18	2.80e-12	8.94e-07	9.39e-01	6.05e-02	4.65e-06	0.00e+00	0.00e+00	0.00e+00	0.00e+00	0.00e+00	5.47e-90
 4.34118e+13	7.96e-26	1.35e-18	3.19e-12	9.57e-07	9.43e-01	5.70e-02	4.11e-06	0.00e+00	0.00e+00	0.00e+00	0.00e+00	0.00e+00	7.93e-77
 4.50750e+13	1.07e-25	1.70e-18	3.72e-12	1.04e-06	9.47e-01	5.30e-02	3.54e-06	0.00e+00	0.00e+00	0.00e+00	0.00e+00	0.00e+00	1.76e-76
 4.67528e+13	1.43e-25	2.11e-18	4.32e-12	1.12e-06	9.51e-01	4.94e-02	3.07e-06	0.00e+00	0.00e+00	0.00e+00	0.00e+00	0.00e+00	3.82e-76
 4.82384e+13	1.83e-25	2.54e-18	4.90e-12	1.20e-06	9.53e-01	4.65e-02	2.71e-06	0.00e+00	0.00e+00	0.00e+00	0.00e+00	0.00e+00	7.46e-76
 4.98628e+13	2.37e-25	3.10e-18	5.61e-12	1.28e-06	9.56e-01	4.37e-02	2.38e-06	0.00e+00	0.00e+00	0.00e+00	0.00e+00	0.00e+00	1.51e-75
 5.18116e+13	3.20e-25	3.89e-18	6.56e-12	1.39e-06	9.59e-01	4.05e-02	2.05e-06	0.00e+00	0.00e+00	0.00e+00	0.00e+00	0.00e+00	3.42e-75
 5.37536e+13	4.28e-25	4.85e-18	7.61e-12	1.50e-06	9.62e-01	3.78e-02	1.77e-06	0.00e+00	0.00e+00	0.00e+00	0.00e+00	0.00e+00	7.53e-75
 5.55211e+13	5.53e-25	5.88e-18	8.67e-12	1.61e-06	9.65e-01	3.55e-02	1.56e-06	0.00e+00	0.00e+00	0.00e+00	0.00e+00	0.00e+00	1.51e-74
 5.74900e+13	7.28e-25	7.24e-18	9.98e-12	1.73e-06	9.67e-01	3.32e-02	1.36e-06	0.00e+00	0.00e+00	0.00e+00	0.00e+00	0.00e+00	3.19e-74
 5.97899e+13	9.93e-25	9.15e-18	1.17e-11	1.87e-06	9.69e-01	3.07e-02	1.16e-06	0.00e+00	0.00e+00	0.00e+00	0.00e+00	0.00e+00	7.41e-74
 6.20575e+13	1.33e-24	1.14e-17	1.36e-11	2.02e-06	9.71e-01	2.86e-02	1.01e-06	0.00e+00	0.00e+00	0.00e+00	0.00e+00	0.00e+00	1.65e-73
 6.42010e+13	1.74e-24	1.40e-17	1.56e-11	2.17e-06	9.73e-01	2.68e-02	8.80e-07	0.00e+00	0.00e+00	0.00e+00	0.00e+00	0.00e+00	3.44e-73
 6.65842e+13	2.33e-24	1.74e-17	1.80e-11	2.34e-06	9.75e-01	2.49e-02	0.00e+00	0.00e+00	0.00e+00	0.00e+00	0.00e+00	0.00e+00	7.55e-73
 6.92775e+13	3.18e-24	2.20e-17	2.11e-11	2.53e-06	9.77e-01	2.31e-02	0.00e+00	0.00e+00	0.00e+00	0.00e+00	0.00e+00	0.00e+00	1.77e-72
 7.19799e+13	4.31e-24	2.77e-17	2.47e-11	2.74e-06	9.79e-01	2.14e-02	0.00e+00	0.00e+00	0.00e+00	0.00e+00	0.00e+00	0.00e+00	4.06e-72
 7.47904e+13	5.83e-24	3.47e-17	2.87e-11	2.96e-06	9.80e-01	1.99e-02	0.00e+00	0.00e+00	0.00e+00	0.00e+00	0.00e+00	0.00e+00	9.29e-72
 7.78119e+13	7.97e-24	4.40e-17	3.37e-11	3.21e-06	9.82e-01	1.84e-02	0.00e+00	0.00e+00	0.00e+00	0.00e+00	0.00e+00	0.00e+00	2.18e-71
 8.07363e+13	1.07e-23	5.48e-17	3.91e-11	3.46e-06	9.83e-01	1.71e-02	0.00e+00	0.00e+00	0.00e+00	0.00e+00	1.75e-17	3.72e-17	4.84e-71
 8.34844e+13	1.39e-23	6.69e-17	4.47e-11	3.71e-06	9.84e-01	1.60e-02	0.00e+00	0.00e+00	0.00e+00	0.00e+00	2.22e-17	4.47e-17	9.99e-71
 8.65606e+13	1.85e-23	8.30e-17	5.17e-11	3.99e-06	9.85e-01	1.49e-02	0.00e+00	0.00e+00	0.00e+00	0.00e+00	2.75e-17	5.54e-17	2.18e-70
 8.96623e+13	2.44e-23	1.02e-16	5.95e-11	4.29e-06	9.86e-01	1.39e-02	0.00e+00	0.00e+00	0.00e+00	0.00e+00	3.40e-17	6.83e-17	4.65e-70
 9.22354e+13	3.05e-23	1.21e-16	6.66e-11	4.54e-06	9.87e-01	1.31e-02	0.00e+00	0.00e+00	0.00e+00	0.00e+00	4.02e-17	8.09e-17	8.57e-70
 9.49574e+13	3.84e-23	1.44e-16	7.49e-11	4.82e-06	9.88e-01	1.24e-02	0.00e+00	0.00e+00	0.00e+00	0.00e+00	4.78e-17	9.61e-17	1.60e-69
 9.84407e+13	5.10e-23	1.78e-16	8.65e-11	5.18e-06	9.88e-01	1.15e-02	0.00e+00	0.00e+00	0.00e+00	0.00e+00	5.91e-17	1.19e-16	3.47e-69
 1.02096e+14	6.80e-23	2.21e-16	1.00e-10	5.59e-06	9.89e-01	1.07e-02	0.00e+00	0.00e+00	0.00e+00	0.00e+00	7.35e-17	1.48e-16	7.67e-69
 1.05324e+14	8.69e-23	2.66e-16	1.14e-10	5.95e-06	9.90e-01	1.01e-02	0.00e+00	0.00e+00	0.00e+00	0.00e+00	8.84e-17	1.78e-16	1.49e-68
 1.08813e+14	1.12e-22	3.23e-16	1.30e-10	6.36e-06	9.91e-01	9.43e-03	0.00e+00	0.00e+00	0.00e+00	0.00e+00	1.07e-16	2.16e-16	2.98e-68
 1.13016e+14	1.51e-22	4.05e-16	1.51e-10	6.88e-06	9.91e-01	8.74e-03	0.00e+00	0.00e+00	0.00e+00	0.00e+00	1.34e-16	2.71e-16	6.71e-68
 1.17280e+14	2.02e-22	5.04e-16	1.75e-10	7.42e-06	9.92e-01	8.11e-03	0.00e+00	0.00e+00	0.00e+00	0.00e+00	1.67e-16	3.37e-16	1.48e-67
 1.21266e+14	2.63e-22	6.15e-16	2.00e-10	7.95e-06	9.92e-01	7.58e-03	0.00e+00	0.00e+00	0.00e+00	0.00e+00	2.04e-16	4.11e-16	3.03e-67
 1.25698e+14	3.48e-22	7.61e-16	2.32e-10	8.56e-06	9.93e-01	7.05e-03	0.00e+00	0.00e+00	0.00e+00	0.00e+00	2.53e-16	5.09e-16	6.50e-67
 1.30407e+14	4.65e-22	9.47e-16	2.69e-10	9.24e-06	9.93e-01	6.54e-03	0.00e+00	0.00e+00	0.00e+00	0.00e+00	3.14e-16	6.33e-16	1.42e-66
 1.34594e+14	5.95e-22	1.14e-15	3.06e-10	9.86e-06	9.94e-01	6.13e-03	0.00e+00	0.00e+00	0.00e+00	0.00e+00	3.79e-16	7.64e-16	2.79e-66
 1.39095e+14	7.70e-22	1.39e-15	3.49e-10	1.06e-05	9.94e-01	5.73e-03	0.00e+00	0.00e+00	0.00e+00	0.00e+00	4.61e-16	9.28e-16	5.63e-66
 1.44486e+14	1.04e-21	1.74e-15	4.07e-10	1.14e-05	9.95e-01	5.30e-03	0.00e+00	0.00e+00	0.00e+00	0.00e+00	5.77e-16	1.16e-15	1.26e-65
 1.49789e+14	1.38e-21	2.16e-15	4.71e-10	1.23e-05	9.95e-01	4.93e-03	0.00e+00	0.00e+00	0.00e+00	0.00e+00	7.15e-16	1.44e-15	2.72e-65
 1.54511e+14	1.75e-21	2.59e-15	5.34e-10	1.31e-05	9.95e-01	4.63e-03	0.00e+00	0.00e+00	0.00e+00	0.00e+00	8.59e-16	1.73e-15	5.24e-65
 1.59728e+14	2.27e-21	3.15e-15	6.11e-10	1.41e-05	9.96e-01	4.32e-03	0.00e+00	0.00e+00	0.00e+00	0.00e+00	1.05e-15	2.11e-15	1.06e-64
 1.65945e+14	3.06e-21	3.96e-15	7.14e-10	1.52e-05	9.96e-01	3.99e-03	0.00e+00	0.00e+00	0.00e+00	0.00e+00	1.31e-15	2.64e-15	2.38e-64
 1.72110e+14	4.07e-21	4.91e-15	8.28e-10	1.64e-05	9.96e-01	3.71e-03	0.00e+00	0.00e+00	0.00e+00	0.00e+00	1.63e-15	3.28e-15	5.18e-64
 1.77743e+14	5.23e-21	5.95e-15	9.43e-10	1.76e-05	9.97e-01	3.47e-03	0.00e+00	0.00e+00	0.00e+00	0.00e+00	1.97e-15	3.97e-15	1.02e-63
 1.84036e+14	6.87e-21	7.31e-15	1.09e-09	1.89e-05	9.97e-01	3.23e-03	0.00e+00	0.00e+00	0.00e+00	0.00e+00	2.42e-15	4.88e-15	2.14e-63
 1.91360e+14	9.30e-21	9.20e-15	1.27e-09	2.05e-05	9.97e-01	2.98e-03	0.00e+00	0.00e+00	0.00e+00	0.00e+00	3.05e-15	6.15e-15	4.89e-63
 1.98553e+14	1.24e-20	1.15e-14	1.48e-09	2.21e-05	9.97e-01	2.76e-03	0.00e+00	0.00e+00	0.00e+00	0.00e+00	3.80e-15	7.66e-15	1.07e-62
 2.05351e+14	1.61e-20	1.40e-14	1.69e-09	2.37e-05	9.97e-01	2.58e-03	0.00e+00	0.00e+00	0.00e+00	0.00e+00	4.63e-15	9.34e-15	2.19e-62
 2.12914e+14	2.14e-20	1.73e-14	1.96e-09	2.55e-05	9.98e-01	2.40e-03	0.00e+00	0.00e+00	0.00e+00	0.00e+00	5.73e-15	1.16e-14	4.73e-62
 2.21460e+14	2.91e-20	2.18e-14	2.29e-09	2.77e-05	9.98e-01	2.21e-03	0.00e+00	0.00e+00	0.00e+00	0.00e+00	7.24e-15	1.46e-14	1.09e-61
 2.30025e+14	3.91e-20	2.73e-14	2.67e-09	3.00e-05	9.98e-01	2.04e-03	0.00e+00	0.00e+00	0.00e+00	0.00e+00	9.06e-15	1.83e-14	2.45e-61
 2.38064e+14	5.12e-20	3.35e-14	3.07e-09	3.22e-05	9.98e-01	1.91e-03	0.00e+00	0.00e+00	0.00e+00	0.00e+00	1.11e-14	2.24e-14	5.09e-61
 2.46749e+14	6.77e-20	4.14e-14	3.55e-09	3.46e-05	9.98e-01	1.77e-03	0.00e+00	0.00e+00	0.00e+00	0.00e+00	1.37e-14	2.77e-14	1.09e-60
 2.56453e+14	9.15e-20	5.21e-14	4.15e-09	3.75e-05	9.98e-01	1.64e-03	0.00e+00	0.00e+00	0.00e+00	0.00e+00	1.72e-14	3.48e-14	2.49e-60
 2.65537e+14	1.20e-19	6.40e-14	4.77e-09	4.03e-05	9.98e-01	1.52e-03	0.00e+00	0.00e+00	0.00e+00	0.00e+00	2.12e-14	4.28e-14	5.24e-60
 2.73962e+14	1.53e-19	7.70e-14	5.41e-09	4.29e-05	9.99e-01	1.43e-03	0.00e+00	0.00e+00	0.00e+00	0.00e+00	2.55e-14	5.15e-14	1.02e-59
 2.82083e+14	1.93e-19	9.15e-14	6.08e-09	4.56e-05	9.99e-01	1.35e-03	0.00e+00	0.00e+00	0.00e+00	0.00e+00	3.03e-14	6.12e-14	1.91e-59
 2.91114e+14	2.47e-19	1.10e-13	6.90e-09	4.86e-05	9.99e-01	1.26e-03	0.00e+00	0.00e+00	0.00e+00	0.00e+00	3.65e-14	7.38e-14	3.75e-59
 3.01110e+14	3.22e-19	1.35e-13	7.90e-09	5.21e-05	9.99e-01	1.18e-03	0.00e+00	0.00e+00	0.00e+00	0.00e+00	4.45e-14	9.01e-14	7.74e-59
 3.10424e+14	4.08e-19	1.61e-13	8.93e-09	5.54e-05	9.99e-01	1.11e-03	0.00e+00	0.00e+00	0.00e+00	0.00e+00	5.33e-14	1.08e-13	1.49e-58
 3.20596e+14	5.26e-19	1.95e-13	1.02e-08	5.92e-05	9.99e-01	1.04e-03	0.00e+00	0.00e+00	0.00e+00	0.00e+00	6.45e-14	1.31e-13	2.98e-58
 3.32050e+14	6.92e-19	2.40e-13	1.17e-08	6.36e-05	9.99e-01	9.65e-04	0.00e+00	0.00e+00	0.00e+00	0.00e+00	7.94e-14	1.61e-13	6.32e-58
 3.42946e+14	8.92e-19	2.91e-13	1.33e-08	6.79e-05	9.99e-01	9.04e-04	0.00e+00	0.00e+00	0.00e+00	0.00e+00	9.62e-14	1.95e-13	1.27e-57
 3.54885e+14	1.17e-18	3.57e-13	1.53e-08	7.28e-05	9.99e-01	8.43e-04	0.00e+00	0.00e+00	0.00e+00	0.00e+00	1.18e-13	2.39e-13	2.65e-57
 3.68040e+14	1.55e-18	4.43e-13	1.77e-08	7.85e-05	9.99e-01	7.83e-04	0.00e+00	0.00e+00	0.00e+00	0.00e+00	1.46e-13	2.97e-13	5.81e-57
 3.80131e+14	2.00e-18	5.36e-13	2.02e-08	8.38e-05	9.99e-01	7.33e-04	0.00e+00	0.00e+00	0.00e+00	0.00e+00	1.77e-13	3.59e-13	1.17e-56
 3.93205e+14	2.61e-18	6.56e-13	2.31e-08	8.98e-05	9.99e-01	6.84e-04	0.00e+00	0.00e+00	0.00e+00	0.00e+00	2.16e-13	4.39e-13	2.42e-56
 4.07846e+14	3.48e-18	8.14e-13	2.67e-08	9.68e-05	9.99e-01	6.34e-04	0.00e+00	0.00e+00	0.00e+00	0.00e+00	2.69e-13	5.46e-13	5.31e-56
 4.21640e+14	4.51e-18	9.92e-13	3.06e-08	1.04e-04	9.99e-01	5.93e-04	0.00e+00	0.00e+00	0.00e+00	0.00e+00	3.27e-13	6.65e-13	1.09e-55
 4.36688e+14	5.94e-18	1.22e-12	3.52e-08	1.11e-04	9.99e-01	5.52e-04	0.00e+00	0.00e+00	0.00e+00	0.00e+00	4.02e-13	8.18e-13	2.31e-55
 4.53404e+14	7.96e-18	1.52e-12	4.09e-08	1.20e-04	9.99e-01	5.11e-04	0.00e+00	0.00e+00	0.00e+00	0.00e+00	5.02e-13	1.02e-12	5.19e-55
 4.69000e+14	1.04e-17	1.86e-12	4.69e-08	1.29e-04	9.99e-01	4.76e-04	0.00e+00	0.00e+00	0.00e+00	0.00e+00	6.13e-13	1.25e-12	1.07e-54
 4.85927e+14	1.37e-17	2.29e-12	5.41e-08	1.39e-04	9.99e-01	4.43e-04	0.00e+00	0.00e+00	0.00e+00	0.00e+00	7.55e-13	1.54e-12	2.30e-54
 5.04872e+14	1.84e-17	2.88e-12	6.31e-08	1.50e-04	9.99e-01	4.09e-04	0.00e+00	0.00e+00	0.00e+00	0.00e+00	9.46e-13	1.93e-12	5.21e-54
 5.22876e+14	2.41e-17	3.54e-12	7.26e-08	1.61e-04	9.99e-01	3.81e-04	0.00e+00	0.00e+00	0.00e+00	0.00e+00	1.16e-12	2.37e-12	1.10e-53
 5.42122e+14	3.19e-17	4.37e-12	8.40e-08	1.74e-04	9.99e-01	3.53e-04	0.00e+00	0.00e+00	0.00e+00	0.00e+00	1.44e-12	2.94e-12	2.39e-53
 5.63837e+14	4.32e-17	5.51e-12	9.85e-08	1.89e-04	9.99e-01	3.25e-04	0.00e+00	0.00e+00	0.00e+00	0.00e+00	1.81e-12	3.70e-12	5.50e-53
 5.85251e+14	5.75e-17	6.86e-12	1.14e-07	2.04e-04	9.99e-01	3.01e-04	0.00e+00	4.74e-18	1.42e-17	2.38e-17	2.25e-12	4.60e-12	1.22e-52
 6.07521e+14	7.66e-17	8.53e-12	1.33e-07	2.20e-04	1.00e+00	2.78e-04	0.00e+00	6.31e-18	1.89e-17	3.16e-17	2.80e-12	5.73e-12	2.68e-52
 6.31141e+14	1.02e-16	1.07e-11	1.55e-07	2.39e-04	1.00e+00	2.57e-04	0.00e+00	8.43e-18	2.53e-17	4.23e-17	3.50e-12	7.16e-12	5.98e-52
 6.50894e+14	1.30e-16	1.28e-11	1.76e-07	2.55e-04	1.00e+00	2.40e-04	0.00e+00	1.07e-17	3.21e-17	5.36e-17	4.18e-12	8.57e-12	1.15e-51
 6.66129e+14	1.54e-16	1.46e-11	1.93e-07	2.68e-04	1.00e+00	2.29e-04	0.00e+00	1.27e-17	3.82e-17	6.38e-17	4.78e-12	9.80e-12	1.87e-51
 6.82630e+14	1.85e-16	1.68e-11	2.13e-07	2.82e-04	1.00e+00	2.17e-04	0.00e+00	1.53e-17	4.59e-17	7.67e-17	5.51e-12	1.13e-11	3.11e-51
 7.04080e+14	2.34e-16	2.01e-11	2.42e-07	3.02e-04	9.99e-01	2.03e-04	0.00e+00	1.93e-17	5.79e-17	9.68e-17	6.59e-12	1.35e-11	5.93e-51
 7.27379e+14	2.98e-16	2.43e-11	2.77e-07	3.24e-04	9.99e-01	1.89e-04	0.00e+00	2.46e-17	7.39e-17	1.24e-16	7.95e-12	1.63e-11	1.17e-50
 7.48447e+14	3.69e-16	2.86e-11	3.11e-07	3.44e-04	9.99e-01	1.78e-04	0.00e+00	3.04e-17	9.14e-17	1.53e-16	9.37e-12	1.92e-11	2.11e-50
 7.71201e+14	4.60e-16	3.40e-11	3.51e-07	3.68e-04	9.99e-01	1.67e-04	0.00e+00	3.80e-17	1.14e-16	1.91e-16	1.11e-11	2.28e-11	3.92e-50
 7.99758e+14	6.01e-16	4.18e-11	4.07e-07	3.98e-04	9.99e-01	1.54e-04	0.00e+00	4.97e-17	1.49e-16	2.49e-16	1.37e-11	2.81e-11	8.30e-50
 8.28483e+14	7.79e-16	5.12e-11	4.71e-07	4.30e-04	9.99e-01	1.43e-04	0.00e+00	6.44e-17	1.93e-16	3.23e-16	1.68e-11	3.45e-11	1.72e-49
 8.52931e+14	9.63e-16	6.05e-11	5.30e-07	4.59e-04	9.99e-01	1.34e-04	0.00e+00	7.97e-17	2.39e-16	4.00e-16	1.98e-11	4.07e-11	3.13e-49
 8.79195e+14	1.20e-15	7.17e-11	6.01e-07	4.91e-04	9.99e-01	1.25e-04	0.00e+00	9.90e-17	2.97e-16	4.97e-16	2.35e-11	4.82e-11	5.76e-49
 9.11936e+14	1.56e-15	8.82e-11	6.98e-07	5.33e-04	9.99e-01	1.16e-04	0.00e+00	1.29e-16	3.88e-16	6.48e-16	2.89e-11	5.94e-11	1.22e-48
 9.45680e+14	2.02e-15	1.08e-10	8.10e-07	5.78e-04	9.99e-01	1.07e-04	0.00e+00	1.67e-16	5.03e-16	8.40e-16	3.54e-11	7.29e-11	2.56e-48
 9.75713e+14	2.52e-15	1.29e-10	9.20e-07	6.20e-04	9.99e-01	9.95e-05	0.00e+00	2.09e-16	6.27e-16	1.05e-15	4.22e-11	8.68e-11	4.83e-48
 1.00834e+15	3.16e-15	1.55e-10	1.05e-06	6.69e-04	9.99e-01	9.24e-05	0.00e+00	2.63e-16	7.89e-16	1.32e-15	5.06e-11	1.04e-10	9.33e-48
 1.04733e+15	4.12e-15	1.91e-10	1.23e-06	7.28e-04	9.99e-01	8.49e-05	0.00e+00	3.43e-16	1.03e-15	1.72e-15	6.25e-11	1.29e-10	2.02e-47
 1.08576e+15	5.29e-15	2.33e-10	1.42e-06	7.90e-04	9.99e-01	7.83e-05	0.00e+00	4.41e-16	1.32e-15	2.21e-15	7.63e-11	1.57e-10	4.19e-47
 1.12025e+15	6.54e-15	2.77e-10	1.62e-06	8.49e-04	9.99e-01	7.30e-05	0.00e+00	5.46e-16	1.64e-15	2.74e-15	9.05e-11	1.86e-10	7.85e-47
 1.15844e+15	8.23e-15	3.33e-10	1.86e-06	9.16e-04	9.99e-01	6.77e-05	0.00e+00	6.88e-16	2.06e-15	3.45e-15	1.09e-10	2.24e-10	1.55e-46
 1.20365e+15	1.07e-14	4.11e-10	2.17e-06	1.00e-03	9.99e-01	6.21e-05	0.00e+00	8.92e-16	2.68e-15	4.48e-15	1.34e-10	2.76e-10	3.36e-46
 1.24837e+15	1.36e-14	5.01e-10	2.51e-06	1.09e-03	9.99e-01	5.72e-05	0.00e+00	1.14e-15	3.43e-15	5.73e-15	1.64e-10	3.37e-10	7.03e-46
 1.28961e+15	1.69e-14	5.97e-10	2.87e-06	1.17e-03	9.99e-01	5.32e-05	0.00e+00	1.42e-15	4.27e-15	7.13e-15	1.95e-10	4.02e-10	1.36e-45
 1.33592e+15	2.14e-14	7.23e-10	3.31e-06	1.27e-03	9.99e-01	4.91e-05	0.00e+00	1.80e-15	5.40e-15	9.03e-15	2.37e-10	4.87e-10	2.78e-45
 1.38935e+15	2.78e-14	8.94e-10	3.88e-06	1.39e-03	9.99e-01	4.50e-05	0.00e+00	2.34e-15	7.01e-15	1.17e-14	2.92e-10	6.02e-10	6.17e-45
 1.44157e+15	3.41e-14	1.09e-09	4.50e-06	1.51e-03	9.98e-01	4.14e-05	0.00e+00	2.87e-15	8.63e-15	1.44e-14	3.57e-10	7.34e-10	1.29e-44
 1.49149e+15	4.25e-14	1.31e-09	5.17e-06	1.64e-03	9.98e-01	3.83e-05	0.00e+00	3.58e-15	1.07e-14	1.79e-14	4.29e-10	8.81e-10	2.59e-44
 1.54679e+15	5.36e-14	1.59e-09	5.98e-06	1.78e-03	9.98e-01	3.53e-05	0.00e+00	4.52e-15	1.36e-14	2.27e-14	5.22e-10	1.07e-09	5.44e-44
 1.59883e+15	6.60e-14	1.90e-09	6.84e-06	1.92e-03	9.98e-01	3.28e-05	0.00e+00	5.58e-15	1.67e-14	2.80e-14	6.23e-10	1.28e-09	1.07e-43
 1.63798e+15	7.69e-14	2.17e-09	7.53e-06	2.03e-03	9.98e-01	3.11e-05	0.00e+00	6.51e-15	1.95e-14	3.26e-14	7.10e-10	1.46e-09	1.76e-43
 1.67811e+15	8.95e-14	2.47e-09	8.30e-06	2.14e-03	9.98e-01	2.94e-05	0.00e+00	7.58e-15	2.28e-14	3.80e-14	8.08e-10	1.66e-09	2.89e-43
 1.73027e+15	1.08e-13	2.91e-09	9.39e-06	2.30e-03	9.98e-01	2.75e-05	0.00e+00	9.19e-15	2.76e-14	4.61e-14	9.52e-10	1.95e-09	5.43e-43
 1.78663e+15	1.32e-13	3.45e-09	1.07e-05	2.48e-03	9.97e-01	2.56e-05	0.00e+00	1.12e-14	3.37e-14	5.63e-14	1.13e-09	2.32e-09	1.07e-42
 1.83718e+15	1.57e-13	4.01e-09	1.19e-05	2.64e-03	9.97e-01	2.41e-05	0.00e+00	1.33e-14	4.01e-14	6.69e-14	1.31e-09	2.69e-09	1.90e-42
 1.89163e+15	1.88e-13	4.69e-09	1.34e-05	2.82e-03	9.97e-01	2.26e-05	0.00e+00	1.60e-14	4.81e-14	8.03e-14	1.54e-09	3.15e-09	3.51e-42
 1.96087e+15	2.35e-13	5.69e-09	1.55e-05	3.06e-03	9.97e-01	2.09e-05	0.00e+00	2.00e-14	6.01e-14	1.00e-13	1.87e-09	3.82e-09	7.56e-42
 2.03074e+15	2.90e-13	6.87e-09	1.78e-05	3.32e-03	9.97e-01	1.93e-05	0.00e+00	2.48e-14	7.43e-14	1.24e-13	2.25e-09	4.61e-09	1.59e-41
 2.08939e+15	3.45e-13	8.00e-09	2.00e-05	3.54e-03	9.96e-01	1.82e-05	0.00e+00	2.94e-14	8.83e-14	1.47e-13	2.63e-09	5.38e-09	2.92e-41
 2.15205e+15	4.13e-13	9.38e-09	2.24e-05	3.79e-03	9.96e-01	1.70e-05	0.00e+00	3.53e-14	1.06e-13	1.77e-13	3.08e-09	6.30e-09	5.49e-41
 2.23124e+15	5.14e-13	1.14e-08	2.59e-05	4.11e-03	9.96e-01	1.58e-05	0.00e+00	4.40e-14	1.32e-13	2.21e-13	3.75e-09	7.66e-09	1.20e-40
 2.31428e+15	6.39e-13	1.39e-08	3.00e-05	4.47e-03	9.95e-01	1.46e-05	0.00e+00	5.47e-14	1.64e-13	2.74e-13	4.57e-09	9.33e-09	2.59e-40
 2.38906e+15	7.72e-13	1.65e-08	3.40e-05	4.81e-03	9.95e-01	1.36e-05	0.00e+00	6.63e-14	1.99e-13	3.32e-13	5.42e-09	1.11e-08	5.10e-40
 2.47071e+15	9.45e-13	1.98e-08	3.89e-05	5.19e-03	9.95e-01	1.27e-05	0.00e+00	8.12e-14	2.44e-13	4.07e-13	6.51e-09	1.33e-08	1.05e-39
 2.56721e+15	1.18e-12	2.44e-08	4.54e-05	5.66e-03	9.94e-01	1.18e-05	0.00e+00	1.02e-13	3.06e-13	5.11e-13	8.03e-09	1.64e-08	2.40e-39
 2.66176e+15	1.46e-12	2.97e-08	5.24e-05	6.14e-03	9.94e-01	1.09e-05	0.00e+00	1.26e-13	3.78e-13	6.31e-13	9.79e-09	2.00e-08	5.20e-39
 2.74794e+15	1.77e-12	3.54e-08	5.95e-05	6.60e-03	9.93e-01	1.03e-05	0.00e+00	1.52e-13	4.57e-13	7.64e-13	1.16e-08	2.37e-08	1.03e-38
 2.84452e+15	2.17e-12	4.27e-08	6.82e-05	7.14e-03	9.93e-01	9.57e-06	0.00e+00	1.87e-13	5.61e-13	9.37e-13	1.41e-08	2.87e-08	2.16e-38
 2.95711e+15	2.72e-12	5.29e-08	7.97e-05	7.79e-03	9.92e-01	8.87e-06	0.00e+00	2.35e-13	7.06e-13	1.18e-12	1.74e-08	3.55e-08	4.96e-38
 3.06792e+15	3.37e-12	6.48e-08	9.23e-05	8.47e-03	9.91e-01	8.28e-06	0.00e+00	2.92e-13	8.75e-13	1.46e-12	2.14e-08	4.35e-08	1.09e-37
 3.17241e+15	4.08e-12	7.80e-08	1.06e-04	9.13e-03	9.91e-01	7.78e-06	0.00e+00	3.54e-13	1.06e-12	1.77e-12	2.57e-08	5.23e-08	2.21e-37
 3.28858e+15	5.03e-12	9.52e-08	1.22e-04	9.90e-03	9.90e-01	7.29e-06	0.00e+00	4.37e-13	1.31e-12	2.19e-12	3.14e-08	6.38e-08	4.73e-37
 3.39919e+15	6.06e-12	1.14e-07	1.39e-04	1.07e-02	9.89e-01	6.88e-06	0.00e+00	5.27e-13	1.58e-12	2.64e-12	3.77e-08	7.66e-08	9.47e-37
 3.48164e+15	6.85e-12	1.30e-07	1.53e-04	1.13e-02	9.89e-01	6.61e-06	0.00e+00	5.95e-13	1.79e-12	2.98e-12	4.30e-08	8.74e-08	1.56e-36
 3.56519e+15	7.87e-12	1.49e-07	1.68e-04	1.19e-02	9.88e-01	6.35e-06	0.00e+00	6.85e-13	2.05e-12	3.43e-12	4.91e-08	9.98e-08	2.59e-36
 3.67381e+15	9.43e-12	1.76e-07	1.90e-04	1.27e-02	9.87e-01	6.03e-06	0.00e+00	8.21e-13	2.47e-12	4.11e-12	5.81e-08	1.18e-07	4.84e-36
 3.79170e+15	1.13e-11	2.10e-07	2.15e-04	1.37e-02	9.86e-01	5.72e-06	0.00e+00	9.84e-13	2.95e-12	4.93e-12	6.92e-08	1.40e-07	9.35e-36
 3.89770e+15	1.32e-11	2.45e-07	2.41e-04	1.45e-02	9.85e-01	5.48e-06	0.00e+00	1.15e-12	3.46e-12	5.78e-12	8.08e-08	1.64e-07	1.65e-35
 4.01154e+15	1.57e-11	2.87e-07	2.70e-04	1.55e-02	9.84e-01	5.24e-06	0.00e+00	1.37e-12	4.11e-12	6.86e-12	9.49e-08	1.93e-07	3.01e-35
 4.15741e+15	1.94e-11	3.52e-07	3.12e-04	1.68e-02	9.83e-01	4.98e-06	0.00e+00	1.70e-12	5.09e-12	8.49e-12	1.16e-07	2.35e-07	6.30e-35
 4.30448e+15	2.37e-11	4.26e-07	3.59e-04	1.82e-02	9.81e-01	4.73e-06	0.00e+00	2.07e-12	6.23e-12	1.04e-11	1.41e-07	2.85e-07	1.27e-34
 4.42594e+15	2.78e-11	4.99e-07	4.02e-04	1.94e-02	9.80e-01	4.57e-06	0.00e+00	2.44e-12	7.31e-12	1.22e-11	1.65e-07	3.34e-07	2.24e-34
 4.55454e+15	3.32e-11	5.87e-07	4.51e-04	2.06e-02	9.79e-01	4.40e-06	0.00e+00	2.91e-12	8.73e-12	1.46e-11	1.94e-07	3.93e-07	4.05e-34
 4.71979e+15	4.12e-11	7.19e-07	5.21e-04	2.24e-02	9.77e-01	4.19e-06	0.00e+00	3.62e-12	1.09e-11	1.81e-11	2.38e-07	4.81e-07	8.40e-34
 4.89231e+15	5.10e-11	8.81e-07	6.03e-04	2.43e-02	9.75e-01	4.01e-06	0.00e+00	4.48e-12	1.34e-11	2.24e-11	2.92e-07	5.90e-07	1.73e-33
 5.04246e+15	6.09e-11	1.05e-06	6.82e-04	2.60e-02	9.73e-01	3.88e-06	0.00e+00	5.36e-12	1.61e-11	2.68e-11	3.47e-07	7.01e-07	3.16e-33
 5.20391e+15	7.42e-11	1.26e-06	7.75e-04	2.79e-02	9.71e-01	3.74e-06	0.00e+00	6.54e-12	1.96e-11	3.27e-11	4.16e-07	8.41e-07	5.99e-33
 5.40108e+15	9.37e-11	1.56e-06	9.04e-04	3.05e-02	9.69e-01	3.60e-06	0.00e+00	8.26e-12	2.48e-11	4.14e-11	5.15e-07	1.04e-06	1.27e-32
 5.59561e+15	1.16e-10	1.90e-06	1.04e-03	3.30e-02	9.66e-01	3.47e-06	0.00e+00	1.02e-11	3.06e-11	5.11e-11	6.30e-07	1.27e-06	2.52e-32
 5.76413e+15	1.40e-10	2.26e-06	1.18e-03	3.54e-02	9.63e-01	3.38e-06	0.00e+00	1.23e-11	3.70e-11	6.18e-11	7.47e-07	1.51e-06	4.48e-32
 5.94792e+15	1.71e-10	2.71e-06	1.34e-03	3.80e-02	9.61e-01	3.29e-06	0.00e+00	1.51e-11	4.54e-11	7.58e-11	8.98e-07	1.81e-06	8.36e-32
 6.15141e+15	2.10e-10	3.29e-06	1.54e-03	4.11e-02	9.57e-01	3.19e-06	0.00e+00	1.86e-11	5.59e-11	9.32e-11	1.09e-06	2.20e-06	1.59e-31
 6.34125e+15	2.55e-10	3.92e-06	1.75e-03	4.41e-02	9.54e-01	3.11e-06	0.00e+00	2.26e-11	6.78e-11	1.13e-10	1.30e-06	2.62e-06	2.84e-31
 6.50611e+15	3.00e-10	4.54e-06	1.95e-03	4.68e-02	9.51e-01	3.05e-06	0.00e+00	2.66e-11	7.97e-11	1.33e-10	1.50e-06	3.04e-06	4.59e-31
 6.67775e+15	3.56e-10	5.30e-06	2.17e-03	4.98e-02	9.48e-01	2.99e-06	0.00e+00	3.16e-11	9.49e-11	1.58e-10	1.76e-06	3.54e-06	7.44e-31
 6.86698e+15	4.25e-10	6.23e-06	2.44e-03	5.32e-02	9.44e-01	2.92e-06	0.00e+00	3.78e-11	1.13e-10	1.89e-10	2.06e-06	4.16e-06	1.26e-30
 7.04450e+15	5.04e-10	7.23e-06	2.72e-03	5.65e-02	9.41e-01	2.87e-06	0.00e+00	4.48e-11	1.34e-10	2.24e-10	2.40e-06	4.83e-06	2.02e-30
 7.24071e+15	6.06e-10	8.52e-06	3.06e-03	6.04e-02	9.37e-01	2.82e-06	0.00e+00	5.39e-11	1.62e-10	2.70e-10	2.83e-06	5.69e-06	3.43e-30
 7.45359e+15	7.33e-10	1.01e-05	3.46e-03	6.47e-02	9.32e-01	2.76e-06	0.00e+00	6.53e-11	1.96e-10	3.27e-10	3.35e-06	6.74e-06	5.84e-30
 7.64979e+15	8.74e-10	1.18e-05	3.87e-03	6.89e-02	9.27e-01	2.72e-06	0.00e+00	7.80e-11	2.34e-10	3.90e-10	3.90e-06	7.86e-06	9.35e-30
 7.86649e+15	1.07e-09	1.39e-05	4.39e-03	7.38e-02	9.22e-01	2.68e-06	0.00e+00	9.55e-11	2.86e-10	4.78e-10	4.63e-06	9.32e-06	1.60e-29
 8.10297e+15	1.30e-09	1.66e-05	4.99e-03	7.93e-02	9.16e-01	2.63e-06	0.00e+00	1.16e-10	3.48e-10	5.80e-10	5.52e-06	1.11e-05	2.72e-29
 8.32429e+15	1.58e-09	1.95e-05	5.62e-03	8.48e-02	9.10e-01	2.60e-06	0.00e+00	1.41e-10	4.23e-10	7.06e-10	6.49e-06	1.31e-05	4.43e-29
 8.57113e+15	1.93e-09	2.34e-05	6.42e-03	9.13e-02	9.02e-01	2.54e-06	0.00e+00	1.73e-10	5.20e-10	8.67e-10	7.79e-06	1.57e-05	7.69e-29
 8.83347e+15	2.40e-09	2.81e-05	7.36e-03	9.86e-02	8.94e-01	2.50e-06	0.00e+00	2.15e-10	6.46e-10	1.08e-09	9.34e-06	1.88e-05	1.32e-28
 9.06093e+15	2.88e-09	3.28e-05	8.26e-03	1.05e-01	8.87e-01	2.48e-06	0.00e+00	2.59e-10	7.76e-10	1.29e-09	1.09e-05	2.19e-05	2.05e-28
 9.30159e+15	3.50e-09	3.89e-05	9.36e-03	1.12e-01	8.78e-01	2.43e-06	0.00e+00	3.15e-10	9.45e-10	1.58e-09	1.29e-05	2.60e-05	3.38e-28
 9.56897e+15	4.35e-09	4.65e-05	1.07e-02	1.21e-01	8.68e-01	2.40e-06	0.00e+00	3.92e-10	1.18e-09	1.96e-09	1.55e-05	3.10e-05	5.66e-28
 9.81627e+15	5.30e-09	5.47e-05	1.21e-02	1.29e-01	8.59e-01	2.37e-06	0.00e+00	4.78e-10	1.43e-09	2.39e-09	1.82e-05	3.65e-05	8.84e-28
 1.00477e+16	6.28e-09	6.36e-05	1.36e-02	1.37e-01	8.49e-01	2.33e-06	0.00e+00	5.67e-10	1.70e-09	2.84e-09	2.11e-05	4.24e-05	1.35e-27
 1.03132e+16	7.88e-09	7.62e-05	1.55e-02	1.48e-01	8.37e-01	2.31e-06	0.00e+00	7.13e-10	2.14e-09	3.56e-09	2.53e-05	5.08e-05	2.26e-27
 1.05851e+16	9.67e-09	9.03e-05	1.77e-02	1.59e-01	8.24e-01	2.28e-06	0.00e+00	8.75e-10	2.62e-09	4.38e-09	3.00e-05	6.03e-05	3.59e-27
 1.08080e+16	1.15e-08	1.04e-04	1.97e-02	1.68e-01	8.12e-01	2.26e-06	0.00e+00	1.04e-09	3.11e-09	5.19e-09	3.46e-05	6.94e-05	5.23e-27
 1.10403e+16	1.39e-08	1.22e-04	2.22e-02	1.78e-01	7.99e-01	2.23e-06	0.00e+00	1.26e-09	3.79e-09	6.32e-09	4.04e-05	8.11e-05	8.06e-27
 1.12980e+16	1.68e-08	1.43e-04	2.52e-02	1.90e-01	7.85e-01	2.20e-06	0.00e+00	1.53e-09	4.59e-09	7.64e-09	4.76e-05	9.54e-05	1.25e-26
 1.15337e+16	2.05e-08	1.66e-04	2.84e-02	2.02e-01	7.70e-01	2.20e-06	0.00e+00	1.86e-09	5.59e-09	9.32e-09	5.54e-05	1.11e-04	1.87e-26
 1.17456e+16	2.44e-08	1.91e-04	3.16e-02	2.13e-01	7.56e-01	2.18e-06	0.00e+00	2.22e-09	6.65e-09	1.11e-08	6.36e-05	1.27e-04	2.69e-26
 1.19820e+16	2.94e-08	2.24e-04	3.57e-02	2.26e-01	7.38e-01	2.15e-06	0.00e+00	2.68e-09	8.03e-09	1.34e-08	7.45e-05	1.49e-04	4.13e-26
 1.22368e+16	3.66e-08	2.65e-04	4.07e-02	2.40e-01	7.19e-01	2.14e-06	0.00e+00	3.34e-09	1.00e-08	1.67e-08	8.83e-05	1.77e-04	6.49e-26
 1.24595e+16	4.37e-08	3.06e-04	4.56e-02	2.54e-01	7.01e-01	2.12e-06	0.00e+00	3.98e-09	1.19e-08	1.99e-08	1.02e-04	2.04e-04	9.36e-26
 1.26613e+16	5.18e-08	3.51e-04	5.07e-02	2.66e-01	6.83e-01	2.11e-06	0.00e+00	4.73e-09	1.42e-08	2.37e-08	1.17e-04	2.34e-04	1.35e-25
 1.28918e+16	6.49e-08	4.16e-04	5.77e-02	2.82e-01	6.60e-01	2.12e-06	0.00e+00	5.94e-09	1.78e-08	2.97e-08	1.38e-04	2.77e-04	2.16e-25
 1.31328e+16	7.90e-08	4.88e-04	6.56e-02	2.99e-01	6.35e-01	2.10e-06	0.00e+00	7.23e-09	2.17e-08	3.61e-08	1.63e-04	3.26e-04	3.27e-25
 1.33381e+16	9.68e-08	5.68e-04	7.36e-02	3.14e-01	6.12e-01	2.11e-06	0.00e+00	8.86e-09	2.66e-08	4.43e-08	1.89e-04	3.79e-04	4.95e-25
 1.35215e+16	1.15e-07	6.49e-04	8.16e-02	3.27e-01	5.90e-01	2.11e-06	0.00e+00	1.05e-08	3.15e-08	5.25e-08	2.16e-04	4.33e-04	7.04e-25
 1.37259e+16	1.39e-07	7.56e-04	9.19e-02	3.44e-01	5.64e-01	2.09e-06	0.00e+00	1.27e-08	3.82e-08	6.36e-08	2.52e-04	5.04e-04	1.07e-24
 1.39443e+16	1.74e-07	8.97e-04	1.05e-01	3.61e-01	5.33e-01	2.13e-06	0.00e+00	1.60e-08	4.80e-08	8.01e-08	2.99e-04	5.98e-04	1.73e-24
 1.41282e+16	2.09e-07	1.03e-03	1.17e-01	3.76e-01	5.06e-01	2.13e-06	5.66e-12	1.92e-08	5.77e-08	9.61e-08	3.44e-04	6.89e-04	2.54e-24
 1.42860e+16	2.47e-07	1.17e-03	1.28e-01	3.89e-01	4.81e-01	2.14e-06	0.00e+00	2.27e-08	6.82e-08	1.14e-07	3.88e-04	7.77e-04	3.54e-24
 1.44622e+16	2.97e-07	1.33e-03	1.43e-01	4.04e-01	4.52e-01	2.12e-06	0.00e+00	2.73e-08	8.19e-08	1.37e-07	4.43e-04	8.86e-04	5.09e-24
 1.46524e+16	3.67e-07	1.55e-03	1.61e-01	4.20e-01	4.18e-01	2.11e-06	0.00e+00	3.38e-08	1.01e-07	1.69e-07	5.17e-04	1.03e-03	7.94e-24
 1.48141e+16	4.44e-07	1.82e-03	1.79e-01	4.33e-01	3.86e-01	2.17e-06	0.00e+00	4.09e-08	1.23e-07	2.05e-07	6.08e-04	1.22e-03	1.33e-23
 1.49374e+16	5.08e-07	2.02e-03	1.94e-01	4.43e-01	3.62e-01	2.19e-06	8.71e-12	4.69e-08	1.41e-07	2.34e-07	6.74e-04	1.35e-03	1.81e-23
 1.50572e+16	5.87e-07	2.21e-03	2.09e-01	4.52e-01	3.37e-01	2.17e-06	0.00e+00	5.42e-08	1.62e-07	2.71e-07	7.38e-04	1.48e-03	2.35e-23
 1.52130e+16	7.13e-07	2.54e-03	2.31e-01	4.63e-01	3.04e-01	2.14e-06	0.00e+00	6.58e-08	1.97e-07	3.29e-07	8.46e-04	1.69e-03	3.60e-23
 1.53694e+16	8.67e-07	2.92e-03	2.55e-01	4.73e-01	2.70e-01	2.13e-06	0.00e+00	8.01e-08	2.40e-07	4.00e-07	9.72e-04	1.94e-03	5.68e-23
 1.54725e+16	9.96e-07	3.28e-03	2.73e-01	4.78e-01	2.46e-01	2.19e-06	0.00e+00	9.21e-08	2.76e-07	4.60e-07	1.09e-03	2.19e-03	8.76e-23
