#depth	N	N+	N+2	N+3	N+4	N+5	N+6	N+7
 1.49634e+10	0.00e+00	0.00e+00	1.19e-27	2.36e-18	8.45e-10	9.54e-01	4.57e-02	0.00e+00
 4.54887e+10	0.00e+00	1.49e-37	1.52e-27	2.78e-18	9.18e-10	9.58e-01	4.22e-02	7.42e-07
 7.72350e+10	0.00e+00	0.00e+00	1.93e-27	3.27e-18	9.98e-10	9.61e-01	3.89e-02	0.00e+00
 1.10251e+11	0.00e+00	2.84e-37	2.46e-27	3.85e-18	1.08e-09	9.64e-01	3.59e-02	0.00e+00
 1.41833e+11	0.00e+00	0.00e+00	3.08e-27	4.47e-18	1.17e-09	9.67e-01	3.33e-02	0.00e+00
 1.71050e+11	0.00e+00	4.98e-37	3.76e-27	5.11e-18	1.25e-09	9.69e-01	3.12e-02	0.00e+00
 2.04191e+11	0.00e+00	0.00e+00	4.68e-27	5.92e-18	1.35e-09	9.71e-01	2.90e-02	0.00e+00
 2.42286e+11	0.00e+00	9.20e-37	5.97e-27	6.97e-18	1.47e-09	9.73e-01	2.67e-02	0.00e+00
 2.80220e+11	0.00e+00	0.00e+00	7.54e-27	8.15e-18	1.59e-09	9.75e-01	2.47e-02	0.00e+00
 3.19672e+11	0.00e+00	1.71e-36	9.52e-27	9.54e-18	1.72e-09	9.77e-01	2.28e-02	0.00e+00
 3.62385e+11	4.82e-47	2.36e-36	1.21e-26	1.12e-17	1.87e-09	9.79e-01	2.10e-02	0.00e+00
 4.06808e+11	0.00e+00	0.00e+00	1.55e-26	1.32e-17	2.03e-09	9.81e-01	1.93e-02	0.00e+00
 4.53007e+11	0.00e+00	4.51e-36	1.98e-26	1.56e-17	2.21e-09	9.82e-01	1.78e-02	0.00e+00
 5.01054e+11	1.62e-46	6.24e-36	2.52e-26	1.84e-17	2.40e-09	9.84e-01	1.64e-02	0.00e+00
 5.51023e+11	0.00e+00	0.00e+00	3.22e-26	2.16e-17	2.61e-09	9.85e-01	1.51e-02	0.00e+00
 6.02990e+11	0.00e+00	1.20e-35	4.12e-26	2.55e-17	2.83e-09	9.86e-01	1.38e-02	0.00e+00
 6.57037e+11	5.48e-46	1.66e-35	5.26e-26	3.01e-17	3.08e-09	9.87e-01	1.27e-02	0.00e+00
 7.13245e+11	0.00e+00	0.00e+00	6.73e-26	3.55e-17	3.35e-09	9.88e-01	1.17e-02	0.00e+00
 7.71701e+11	0.00e+00	3.18e-35	8.61e-26	4.19e-17	3.64e-09	9.89e-01	1.08e-02	0.00e+00
 8.26801e+11	1.80e-45	4.28e-35	1.08e-25	4.87e-17	3.92e-09	9.90e-01	9.97e-03	0.00e+00
 8.76284e+11	0.00e+00	0.00e+00	1.31e-25	5.55e-17	4.19e-09	9.91e-01	9.33e-03	0.00e+00
 9.31907e+11	0.00e+00	7.36e-35	1.62e-25	6.41e-17	4.51e-09	9.91e-01	8.67e-03	0.00e+00
 9.97576e+11	5.28e-45	1.02e-34	2.07e-25	7.55e-17	4.90e-09	9.92e-01	7.98e-03	0.00e+00
 1.06316e+12	0.00e+00	0.00e+00	2.61e-25	8.84e-17	5.30e-09	9.93e-01	7.36e-03	0.00e+00
 1.12502e+12	0.00e+00	1.84e-34	3.23e-25	1.02e-16	5.70e-09	9.93e-01	6.84e-03	0.00e+00
 1.19359e+12	1.62e-44	2.49e-34	4.07e-25	1.19e-16	6.17e-09	9.94e-01	6.33e-03	0.00e+00
 1.27126e+12	0.00e+00	3.47e-34	5.23e-25	1.41e-16	6.72e-09	9.94e-01	5.81e-03	0.00e+00
 1.34899e+12	3.66e-44	4.79e-34	6.67e-25	1.66e-16	7.30e-09	9.95e-01	5.34e-03	0.00e+00
 1.42983e+12	0.00e+00	6.60e-34	8.50e-25	1.96e-16	7.93e-09	9.95e-01	4.92e-03	0.00e+00
 1.51695e+12	8.29e-44	9.23e-34	1.10e-24	2.33e-16	8.65e-09	9.95e-01	4.51e-03	0.00e+00
 1.59869e+12	0.00e+00	1.25e-33	1.38e-24	2.71e-16	9.35e-09	9.96e-01	4.17e-03	0.00e+00
 1.67168e+12	1.68e-43	1.62e-33	1.68e-24	3.10e-16	1.00e-08	9.96e-01	3.89e-03	0.00e+00
 1.75373e+12	0.00e+00	2.16e-33	2.09e-24	3.60e-16	1.08e-08	9.96e-01	3.61e-03	0.00e+00
 1.85107e+12	3.61e-43	3.00e-33	2.68e-24	4.26e-16	1.17e-08	9.97e-01	3.32e-03	0.00e+00
 1.94844e+12	0.00e+00	4.12e-33	3.40e-24	5.01e-16	1.28e-08	9.97e-01	3.05e-03	0.00e+00
 2.03940e+12	7.66e-43	5.49e-33	4.23e-24	5.82e-16	1.38e-08	9.97e-01	2.83e-03	0.00e+00
 2.14059e+12	0.00e+00	7.46e-33	5.34e-24	6.81e-16	1.49e-08	9.97e-01	2.61e-03	0.00e+00
 2.25614e+12	1.71e-42	1.05e-32	6.91e-24	8.12e-16	1.63e-08	9.98e-01	2.39e-03	0.00e+00
 2.36993e+12	0.00e+00	1.45e-32	8.86e-24	9.62e-16	1.78e-08	9.98e-01	2.19e-03	0.00e+00
 2.47923e+12	3.73e-42	1.96e-32	1.11e-23	1.12e-15	1.93e-08	9.98e-01	2.03e-03	0.00e+00
 2.59930e+12	0.00e+00	2.69e-32	1.42e-23	1.33e-15	2.10e-08	9.98e-01	1.86e-03	0.00e+00
 2.73319e+12	8.46e-42	3.79e-32	1.84e-23	1.59e-15	2.30e-08	9.98e-01	1.70e-03	0.00e+00
 2.86860e+12	0.00e+00	5.29e-32	2.38e-23	1.89e-15	2.51e-08	9.98e-01	1.56e-03	0.00e+00
 3.00943e+12	1.94e-41	7.39e-32	3.07e-23	2.26e-15	2.75e-08	9.99e-01	1.42e-03	0.00e+00
 3.15446e+12	0.00e+00	1.03e-31	3.96e-23	2.69e-15	3.01e-08	9.99e-01	1.30e-03	0.00e+00
 3.30530e+12	4.40e-41	1.43e-31	5.11e-23	3.21e-15	3.29e-08	9.99e-01	1.19e-03	0.00e+00
 3.46744e+12	0.00e+00	2.02e-31	6.65e-23	3.85e-15	3.62e-08	9.99e-01	1.09e-03	0.00e+00
 3.63606e+12	1.03e-40	2.84e-31	8.65e-23	4.62e-15	3.98e-08	9.99e-01	9.88e-04	0.00e+00
 3.81143e+12	0.00e+00	4.00e-31	1.13e-22	5.56e-15	4.38e-08	9.99e-01	9.00e-04	0.00e+00
 3.99382e+12	2.39e-40	5.63e-31	1.47e-22	6.68e-15	4.82e-08	9.99e-01	8.19e-04	0.00e+00
 4.18350e+12	0.00e+00	7.92e-31	1.91e-22	8.04e-15	5.31e-08	9.99e-01	7.45e-04	0.00e+00
 4.35527e+12	5.24e-40	1.07e-30	2.41e-22	9.45e-15	5.77e-08	9.99e-01	6.85e-04	0.00e+00
 4.49874e+12	0.00e+00	1.35e-30	2.90e-22	1.08e-14	6.18e-08	9.99e-01	6.41e-04	0.00e+00
 4.65609e+12	9.61e-40	1.74e-30	3.53e-22	1.24e-14	6.65e-08	9.99e-01	5.96e-04	0.00e+00
 4.85488e+12	0.00e+00	2.38e-30	4.50e-22	1.47e-14	7.28e-08	9.99e-01	5.46e-04	0.00e+00
 5.06198e+12	2.05e-39	3.24e-30	5.73e-22	1.74e-14	7.97e-08	1.00e+00	4.99e-04	0.00e+00
 5.23911e+12	0.00e+00	4.18e-30	7.00e-22	2.01e-14	8.59e-08	1.00e+00	4.64e-04	0.00e+00
 5.42289e+12	3.83e-39	5.40e-30	8.55e-22	2.32e-14	9.26e-08	1.00e+00	4.31e-04	0.00e+00
 5.65226e+12	0.00e+00	7.34e-30	1.09e-21	2.75e-14	1.01e-07	1.00e+00	3.94e-04	0.00e+00
 5.88476e+12	8.01e-39	9.89e-30	1.37e-21	3.26e-14	1.11e-07	1.00e+00	3.61e-04	0.00e+00
 6.08679e+12	0.00e+00	1.27e-29	1.67e-21	3.75e-14	1.19e-07	1.00e+00	3.35e-04	0.00e+00
 6.30533e+12	1.49e-38	1.64e-29	2.05e-21	4.34e-14	1.29e-07	1.00e+00	3.11e-04	0.00e+00
 6.57240e+12	0.00e+00	2.23e-29	2.61e-21	5.17e-14	1.42e-07	1.00e+00	2.84e-04	0.00e+00
 6.84419e+12	3.09e-38	3.00e-29	3.30e-21	6.12e-14	1.55e-07	1.00e+00	2.59e-04	0.00e+00
 7.09232e+12	0.00e+00	3.89e-29	4.06e-21	7.10e-14	1.68e-07	1.00e+00	2.40e-04	0.00e+00
 7.36804e+12	5.92e-38	5.14e-29	5.06e-21	8.32e-14	1.83e-07	1.00e+00	2.21e-04	0.00e+00
 7.68933e+12	0.00e+00	7.01e-29	6.46e-21	9.94e-14	2.01e-07	1.00e+00	2.01e-04	0.00e+00
 8.00779e+12	1.23e-37	9.41e-29	8.16e-21	1.18e-13	2.20e-07	1.00e+00	1.84e-04	0.00e+00
 8.31203e+12	0.00e+00	1.23e-28	1.01e-20	1.37e-13	2.39e-07	1.00e+00	1.69e-04	0.00e+00
 8.64747e+12	2.41e-37	1.64e-28	1.27e-20	1.62e-13	2.61e-07	1.00e+00	1.55e-04	0.00e+00
 9.02329e+12	0.00e+00	2.23e-28	1.62e-20	1.93e-13	2.87e-07	1.00e+00	1.42e-04	0.00e+00
 9.40092e+12	4.99e-37	2.99e-28	2.04e-20	2.28e-13	3.15e-07	1.00e+00	1.30e-04	0.00e+00
 9.73938e+12	0.00e+00	3.86e-28	2.50e-20	2.64e-13	3.40e-07	1.00e+00	1.20e-04	0.00e+00
 1.00263e+13	8.75e-37	4.76e-28	2.95e-20	2.98e-13	3.63e-07	1.00e+00	1.13e-04	0.00e+00
 1.03356e+13	0.00e+00	5.92e-28	3.50e-20	3.37e-13	3.88e-07	1.00e+00	1.05e-04	0.00e+00
 1.07356e+13	1.59e-36	7.77e-28	4.34e-20	3.94e-13	4.21e-07	1.00e+00	9.71e-05	0.00e+00
 1.11528e+13	0.00e+00	1.02e-27	5.39e-20	4.60e-13	4.58e-07	1.00e+00	8.94e-05	0.00e+00
 1.15104e+13	2.91e-36	1.28e-27	6.45e-20	5.24e-13	4.91e-07	1.00e+00	8.35e-05	0.00e+00
 1.18914e+13	0.00e+00	1.62e-27	7.76e-20	5.98e-13	5.27e-07	1.00e+00	7.79e-05	0.00e+00
 1.23639e+13	5.44e-36	2.14e-27	9.67e-20	7.00e-13	5.74e-07	1.00e+00	7.16e-05	0.00e+00
 1.28491e+13	0.00e+00	2.83e-27	1.20e-19	8.19e-13	6.24e-07	1.00e+00	6.59e-05	0.00e+00
 1.32863e+13	1.02e-35	3.60e-27	1.45e-19	9.38e-13	6.71e-07	1.00e+00	6.14e-05	0.00e+00
 1.37669e+13	0.00e+00	4.65e-27	1.78e-19	1.08e-12	7.25e-07	1.00e+00	5.69e-05	0.00e+00
 1.42921e+13	1.93e-35	6.08e-27	2.20e-19	1.26e-12	7.86e-07	1.00e+00	5.25e-05	0.00e+00
 1.47697e+13	0.00e+00	7.71e-27	2.65e-19	1.44e-12	8.44e-07	1.00e+00	4.89e-05	0.00e+00
 1.52850e+13	3.49e-35	9.88e-27	3.22e-19	1.65e-12	9.08e-07	1.00e+00	4.55e-05	0.00e+00
 1.58637e+13	0.00e+00	1.29e-26	3.98e-19	1.92e-12	9.84e-07	1.00e+00	4.20e-05	0.00e+00
 1.64120e+13	6.53e-35	1.65e-26	4.82e-19	2.20e-12	1.06e-06	1.00e+00	3.91e-05	0.00e+00
 1.70121e+13	0.00e+00	2.14e-26	5.91e-19	2.55e-12	1.14e-06	1.00e+00	3.62e-05	0.00e+00
 1.76765e+13	1.26e-34	2.83e-26	7.35e-19	2.97e-12	1.24e-06	1.00e+00	3.34e-05	0.00e+00
 1.82942e+13	0.00e+00	3.64e-26	8.94e-19	3.41e-12	1.34e-06	1.00e+00	3.11e-05	0.00e+00
 1.89669e+13	2.36e-34	4.73e-26	1.10e-18	3.94e-12	1.44e-06	1.00e+00	2.88e-05	0.00e+00
 1.97205e+13	3.33e-34	6.28e-26	1.37e-18	4.61e-12	1.57e-06	1.00e+00	2.65e-05	0.00e+00
 2.04338e+13	4.59e-34	8.15e-26	1.68e-18	5.32e-12	1.69e-06	1.00e+00	2.46e-05	0.00e+00
 2.12043e+13	6.39e-34	1.07e-25	2.07e-18	6.17e-12	1.83e-06	1.00e+00	2.28e-05	0.00e+00
 2.20624e+13	9.12e-34	1.43e-25	2.60e-18	7.24e-12	1.99e-06	1.00e+00	2.09e-05	0.00e+00
 2.28893e+13	1.27e-33	1.88e-25	3.21e-18	8.38e-12	2.15e-06	1.00e+00	1.94e-05	0.00e+00
 2.37691e+13	1.79e-33	2.48e-25	3.98e-18	9.75e-12	2.33e-06	1.00e+00	1.79e-05	0.00e+00
 2.47498e+13	2.58e-33	3.34e-25	5.02e-18	1.15e-11	2.54e-06	1.00e+00	1.65e-05	0.00e+00
 2.57333e+13	3.67e-33	4.46e-25	6.28e-18	1.34e-11	2.75e-06	1.00e+00	1.52e-05	0.00e+00
 2.67561e+13	5.25e-33	5.95e-25	7.86e-18	1.56e-11	2.98e-06	1.00e+00	1.40e-05	0.00e+00
 2.78563e+13	7.58e-33	8.03e-25	9.91e-18	1.84e-11	3.25e-06	1.00e+00	1.29e-05	0.00e+00
 2.90004e+13	1.10e-32	1.09e-24	1.25e-17	2.16e-11	3.53e-06	1.00e+00	1.19e-05	0.00e+00
 3.01258e+13	1.56e-32	1.44e-24	1.56e-17	2.51e-11	3.82e-06	1.00e+00	1.10e-05	0.00e+00
 3.11712e+13	2.13e-32	1.86e-24	1.90e-17	2.88e-11	4.10e-06	1.00e+00	1.02e-05	0.00e+00
 3.21140e+13	2.81e-32	2.33e-24	2.25e-17	3.24e-11	4.36e-06	1.00e+00	9.60e-06	0.00e+00
 3.31247e+13	3.76e-32	2.95e-24	2.69e-17	3.67e-11	4.65e-06	1.00e+00	9.01e-06	0.00e+00
 3.43849e+13	5.32e-32	3.91e-24	3.35e-17	4.26e-11	5.03e-06	1.00e+00	8.34e-06	0.00e+00
 3.56490e+13	7.45e-32	5.14e-24	4.13e-17	4.91e-11	5.41e-06	1.00e+00	7.75e-06	0.00e+00
 3.67337e+13	9.88e-32	6.45e-24	4.91e-17	5.54e-11	5.76e-06	1.00e+00	7.29e-06	0.00e+00
 3.79055e+13	1.33e-31	8.20e-24	5.90e-17	6.27e-11	6.14e-06	1.00e+00	6.84e-06	0.00e+00
 3.93542e+13	1.89e-31	1.09e-23	7.34e-17	7.28e-11	6.63e-06	1.00e+00	6.33e-06	0.00e+00
 4.08055e+13	2.67e-31	1.44e-23	9.06e-17	8.41e-11	7.14e-06	1.00e+00	5.88e-06	0.00e+00
 4.20588e+13	3.56e-31	1.82e-23	1.08e-16	9.48e-11	7.59e-06	1.00e+00	5.54e-06	0.00e+00
 4.34118e+13	4.82e-31	2.32e-23	1.30e-16	1.07e-10	8.09e-06	1.00e+00	5.19e-06	0.00e+00
 4.50750e+13	6.89e-31	3.09e-23	1.62e-16	1.25e-10	8.73e-06	1.00e+00	4.81e-06	0.00e+00
 4.67528e+13	9.78e-31	4.10e-23	2.01e-16	1.44e-10	9.40e-06	1.00e+00	4.47e-06	0.00e+00
 4.82384e+13	1.32e-30	5.23e-23	2.41e-16	1.63e-10	1.00e-05	1.00e+00	4.20e-06	0.00e+00
 4.98628e+13	1.82e-30	6.76e-23	2.93e-16	1.86e-10	1.07e-05	1.00e+00	3.93e-06	0.00e+00
 5.18116e+13	2.63e-30	9.09e-23	3.67e-16	2.17e-10	1.16e-05	1.00e+00	3.63e-06	0.00e+00
 5.37536e+13	3.76e-30	1.21e-22	4.56e-16	2.51e-10	1.25e-05	1.00e+00	3.38e-06	0.00e+00
 5.55211e+13	5.15e-30	1.56e-22	5.52e-16	2.85e-10	1.33e-05	1.00e+00	3.16e-06	0.00e+00
 5.74900e+13	7.22e-30	2.05e-22	6.78e-16	3.27e-10	1.43e-05	1.00e+00	2.95e-06	0.00e+00
 5.97899e+13	1.06e-29	2.78e-22	8.54e-16	3.83e-10	1.54e-05	1.00e+00	2.73e-06	0.00e+00
 6.20575e+13	1.52e-29	3.72e-22	1.06e-15	4.43e-10	1.66e-05	1.00e+00	2.53e-06	0.00e+00
 6.42010e+13	2.12e-29	4.85e-22	1.30e-15	5.07e-10	1.78e-05	1.00e+00	2.37e-06	0.00e+00
 6.65842e+13	3.02e-29	6.46e-22	1.61e-15	5.86e-10	1.91e-05	1.00e+00	2.20e-06	0.00e+00
 6.92775e+13	4.45e-29	8.81e-22	2.04e-15	6.86e-10	2.07e-05	1.00e+00	2.03e-06	0.00e+00
 7.19799e+13	6.48e-29	1.19e-21	2.56e-15	7.99e-10	2.23e-05	1.00e+00	1.88e-06	0.00e+00
 7.47904e+13	9.43e-29	1.61e-21	3.21e-15	9.30e-10	2.41e-05	1.00e+00	1.74e-06	0.00e+00
 7.78119e+13	1.39e-28	2.19e-21	4.06e-15	1.09e-09	2.61e-05	1.00e+00	1.61e-06	0.00e+00
 8.07363e+13	1.99e-28	2.93e-21	5.05e-15	1.26e-09	2.81e-05	1.00e+00	1.50e-06	0.00e+00
 8.34844e+13	2.77e-28	3.81e-21	6.15e-15	1.44e-09	3.01e-05	1.00e+00	1.40e-06	0.00e+00
 8.65606e+13	3.94e-28	5.06e-21	7.62e-15	1.66e-09	3.23e-05	1.00e+00	1.30e-06	0.00e+00
 8.96623e+13	5.55e-28	6.67e-21	9.39e-15	1.91e-09	3.47e-05	1.00e+00	1.21e-06	0.00e+00
 9.22354e+13	7.33e-28	8.33e-21	1.11e-14	2.14e-09	3.67e-05	1.00e+00	1.15e-06	0.00e+00
 9.49574e+13	9.73e-28	1.05e-20	1.32e-14	2.40e-09	3.90e-05	1.00e+00	1.08e-06	0.00e+00
 9.84407e+13	1.38e-27	1.39e-20	1.63e-14	2.78e-09	4.19e-05	1.00e+00	1.00e-06	0.00e+00
 1.02096e+14	1.97e-27	1.84e-20	2.03e-14	3.21e-09	4.51e-05	1.00e+00	9.33e-07	0.00e+00
 1.05324e+14	2.67e-27	2.35e-20	2.44e-14	3.63e-09	4.81e-05	1.00e+00	0.00e+00	0.00e+00
 1.08813e+14	3.66e-27	3.04e-20	2.95e-14	4.14e-09	5.13e-05	1.00e+00	0.00e+00	0.00e+00
 1.13016e+14	5.28e-27	4.08e-20	3.70e-14	4.82e-09	5.55e-05	1.00e+00	0.00e+00	0.00e+00
 1.17280e+14	7.55e-27	5.45e-20	4.60e-14	5.59e-09	5.98e-05	1.00e+00	0.00e+00	0.00e+00
 1.21266e+14	1.04e-26	7.07e-20	5.61e-14	6.39e-09	6.40e-05	1.00e+00	0.00e+00	0.00e+00
 1.25698e+14	1.48e-26	9.34e-20	6.94e-14	7.37e-09	6.89e-05	1.00e+00	0.00e+00	0.00e+00
 1.30407e+14	2.10e-26	1.24e-19	8.62e-14	8.55e-09	7.43e-05	1.00e+00	0.00e+00	0.00e+00
 1.34594e+14	2.85e-26	1.59e-19	1.04e-13	9.70e-09	7.93e-05	1.00e+00	0.00e+00	0.00e+00
 1.39095e+14	3.92e-26	2.05e-19	1.26e-13	1.11e-08	8.48e-05	1.00e+00	0.00e+00	0.00e+00
 1.44486e+14	5.63e-26	2.75e-19	1.58e-13	1.29e-08	9.18e-05	1.00e+00	0.00e+00	0.00e+00
 1.49789e+14	7.99e-26	3.65e-19	1.96e-13	1.49e-08	9.88e-05	1.00e+00	0.00e+00	0.00e+00
 1.54511e+14	1.08e-25	4.64e-19	2.35e-13	1.69e-08	1.05e-04	1.00e+00	0.00e+00	0.00e+00
 1.59728e+14	1.48e-25	6.01e-19	2.86e-13	1.93e-08	1.13e-04	1.00e+00	0.00e+00	0.00e+00
 1.65945e+14	2.13e-25	8.06e-19	3.59e-13	2.25e-08	1.22e-04	1.00e+00	0.00e+00	0.00e+00
 1.72110e+14	3.03e-25	1.07e-18	4.45e-13	2.60e-08	1.32e-04	1.00e+00	0.00e+00	0.00e+00
 1.77743e+14	4.12e-25	1.37e-18	5.39e-13	2.96e-08	1.41e-04	1.00e+00	0.00e+00	0.00e+00
 1.84036e+14	5.75e-25	1.80e-18	6.62e-13	3.41e-08	1.51e-04	1.00e+00	0.00e+00	0.00e+00
 1.91360e+14	8.35e-25	2.43e-18	8.33e-13	3.98e-08	1.64e-04	1.00e+00	0.00e+00	0.00e+00
 1.98553e+14	1.19e-24	3.24e-18	1.04e-12	4.62e-08	1.77e-04	1.00e+00	0.00e+00	0.00e+00
 2.05351e+14	1.64e-24	4.21e-18	1.26e-12	5.29e-08	1.89e-04	1.00e+00	0.00e+00	0.00e+00
 2.12914e+14	2.33e-24	5.57e-18	1.57e-12	6.12e-08	2.04e-04	1.00e+00	0.00e+00	0.00e+00
 2.21460e+14	3.39e-24	7.55e-18	1.98e-12	7.16e-08	2.21e-04	1.00e+00	0.00e+00	0.00e+00
 2.30025e+14	4.89e-24	1.01e-17	2.47e-12	8.34e-08	2.39e-04	1.00e+00	0.00e+00	0.00e+00
 2.38064e+14	6.81e-24	1.33e-17	3.03e-12	9.57e-08	2.57e-04	1.00e+00	0.00e+00	0.00e+00
 2.46749e+14	9.62e-24	1.75e-17	3.75e-12	1.10e-07	2.76e-04	1.00e+00	0.00e+00	0.00e+00
 2.56453e+14	1.40e-23	2.36e-17	4.71e-12	1.29e-07	2.99e-04	1.00e+00	0.00e+00	0.00e+00
 2.65537e+14	1.96e-23	3.10e-17	5.79e-12	1.48e-07	3.21e-04	1.00e+00	0.00e+00	0.00e+00
 2.73962e+14	2.64e-23	3.95e-17	6.97e-12	1.68e-07	3.42e-04	1.00e+00	0.00e+00	0.00e+00
 2.82083e+14	3.51e-23	4.97e-17	8.29e-12	1.89e-07	3.63e-04	1.00e+00	0.00e+00	0.00e+00
 2.91114e+14	4.76e-23	6.35e-17	9.99e-12	2.14e-07	3.88e-04	1.00e+00	0.00e+00	0.00e+00
 3.01110e+14	6.60e-23	8.27e-17	1.22e-11	2.45e-07	4.15e-04	1.00e+00	0.00e+00	0.00e+00
 3.10424e+14	8.87e-23	1.05e-16	1.46e-11	2.77e-07	4.42e-04	1.00e+00	0.00e+00	0.00e+00
 3.20596e+14	1.21e-22	1.35e-16	1.77e-11	3.15e-07	4.72e-04	1.00e+00	0.00e+00	0.00e+00
 3.32050e+14	1.70e-22	1.78e-16	2.18e-11	3.63e-07	5.07e-04	9.99e-01	0.00e+00	0.00e+00
 3.42946e+14	2.34e-22	2.29e-16	2.64e-11	4.13e-07	5.41e-04	9.99e-01	0.00e+00	0.00e+00
 3.54885e+14	3.26e-22	2.99e-16	3.24e-11	4.74e-07	5.80e-04	9.99e-01	0.00e+00	0.00e+00
 3.68040e+14	4.64e-22	3.97e-16	4.02e-11	5.48e-07	6.25e-04	9.99e-01	0.00e+00	0.00e+00
 3.80131e+14	6.36e-22	5.12e-16	4.87e-11	6.23e-07	6.67e-04	9.99e-01	0.00e+00	0.00e+00
 3.93205e+14	8.82e-22	6.67e-16	5.95e-11	7.14e-07	7.15e-04	9.99e-01	0.00e+00	0.00e+00
 4.07846e+14	1.26e-21	8.87e-16	7.39e-11	8.26e-07	7.70e-04	9.99e-01	0.00e+00	0.00e+00
 4.21640e+14	1.74e-21	1.15e-15	9.00e-11	9.44e-07	8.24e-04	9.99e-01	0.00e+00	0.00e+00
 4.36688e+14	2.44e-21	1.51e-15	1.11e-10	1.09e-06	8.86e-04	9.99e-01	0.00e+00	0.00e+00
 4.53404e+14	3.51e-21	2.03e-15	1.38e-10	1.26e-06	9.56e-04	9.99e-01	0.00e+00	0.00e+00
 4.69000e+14	4.86e-21	2.64e-15	1.69e-10	1.45e-06	1.02e-03	9.99e-01	0.00e+00	0.00e+00
 4.85927e+14	6.83e-21	3.48e-15	2.08e-10	1.67e-06	1.10e-03	9.99e-01	0.00e+00	0.00e+00
 5.04872e+14	9.86e-21	4.68e-15	2.61e-10	1.94e-06	1.19e-03	9.99e-01	0.00e+00	0.00e+00
 5.22876e+14	1.38e-20	6.13e-15	3.21e-10	2.23e-06	1.28e-03	9.99e-01	0.00e+00	0.00e+00
 5.42122e+14	1.95e-20	8.11e-15	3.98e-10	2.58e-06	1.38e-03	9.99e-01	0.00e+00	0.00e+00
 5.63837e+14	2.82e-20	1.10e-14	5.02e-10	3.03e-06	1.50e-03	9.98e-01	0.00e+00	0.00e+00
 5.85251e+14	4.02e-20	1.46e-14	6.25e-10	3.51e-06	1.62e-03	9.98e-01	0.00e+00	0.00e+00
 6.07521e+14	5.71e-20	1.94e-14	7.78e-10	4.08e-06	1.75e-03	9.98e-01	0.00e+00	0.00e+00
 6.31141e+14	8.14e-20	2.59e-14	9.74e-10	4.76e-06	1.90e-03	9.98e-01	0.00e+00	0.00e+00
 6.50894e+14	1.09e-19	3.28e-14	1.17e-09	5.39e-06	2.03e-03	9.98e-01	0.00e+00	0.00e+00
 6.66129e+14	1.35e-19	3.90e-14	1.34e-09	5.91e-06	2.13e-03	9.98e-01	0.00e+00	0.00e+00
 6.82630e+14	1.68e-19	4.69e-14	1.54e-09	6.53e-06	2.24e-03	9.98e-01	0.00e+00	0.00e+00
 7.04080e+14	2.24e-19	5.92e-14	1.85e-09	7.39e-06	2.40e-03	9.98e-01	0.00e+00	0.00e+00
 7.27379e+14	3.01e-19	7.55e-14	2.23e-09	8.43e-06	2.57e-03	9.97e-01	0.00e+00	0.00e+00
 7.48447e+14	3.89e-19	9.33e-14	2.64e-09	9.46e-06	2.73e-03	9.97e-01	0.00e+00	0.00e+00
 7.71201e+14	5.09e-19	1.16e-13	3.14e-09	1.07e-05	2.92e-03	9.97e-01	0.00e+00	0.00e+00
 7.99758e+14	7.05e-19	1.52e-13	3.88e-09	1.24e-05	3.16e-03	9.97e-01	0.00e+00	0.00e+00
 8.28483e+14	9.64e-19	1.97e-13	4.77e-09	1.43e-05	3.41e-03	9.97e-01	0.00e+00	0.00e+00
 8.52931e+14	1.25e-18	2.44e-13	5.64e-09	1.60e-05	3.63e-03	9.96e-01	0.00e+00	0.00e+00
 8.79195e+14	1.62e-18	3.04e-13	6.72e-09	1.81e-05	3.89e-03	9.96e-01	0.00e+00	0.00e+00
 9.11936e+14	2.23e-18	3.97e-13	8.31e-09	2.10e-05	4.21e-03	9.96e-01	0.00e+00	0.00e+00
 9.45680e+14	3.06e-18	5.16e-13	1.03e-08	2.43e-05	4.57e-03	9.95e-01	0.00e+00	0.00e+00
 9.75713e+14	4.00e-18	6.46e-13	1.23e-08	2.76e-05	4.90e-03	9.95e-01	0.00e+00	0.00e+00
 1.00834e+15	5.28e-18	8.16e-13	1.49e-08	3.15e-05	5.28e-03	9.95e-01	0.00e+00	0.00e+00
 1.04733e+15	7.31e-18	1.07e-12	1.85e-08	3.67e-05	5.74e-03	9.94e-01	0.00e+00	0.00e+00
 1.08576e+15	9.92e-18	1.39e-12	2.28e-08	4.25e-05	6.23e-03	9.94e-01	0.00e+00	0.00e+00
 1.12025e+15	1.29e-17	1.73e-12	2.73e-08	4.82e-05	6.69e-03	9.93e-01	0.00e+00	0.00e+00
 1.15844e+15	1.71e-17	2.19e-12	3.32e-08	5.52e-05	7.21e-03	9.93e-01	0.00e+00	0.00e+00
 1.20365e+15	2.35e-17	2.88e-12	4.14e-08	6.44e-05	7.87e-03	9.92e-01	0.00e+00	0.00e+00
 1.24837e+15	3.19e-17	3.73e-12	5.12e-08	7.46e-05	8.55e-03	9.91e-01	0.00e+00	0.00e+00
 1.28961e+15	4.19e-17	4.69e-12	6.18e-08	8.50e-05	9.20e-03	9.91e-01	0.00e+00	0.00e+00
 1.33592e+15	5.62e-17	6.02e-12	7.59e-08	9.80e-05	9.97e-03	9.90e-01	0.00e+00	0.00e+00
 1.38935e+15	7.78e-17	7.95e-12	9.54e-08	1.15e-04	1.09e-02	9.89e-01	0.00e+00	0.00e+00
 1.44157e+15	1.06e-16	1.03e-11	1.18e-07	1.33e-04	1.19e-02	9.88e-01	0.00e+00	0.00e+00
 1.49149e+15	1.64e-16	1.31e-11	1.44e-07	1.53e-04	1.28e-02	9.87e-01	0.00e+00	0.00e+00
 1.54679e+15	2.24e-16	1.70e-11	1.79e-07	1.77e-04	1.39e-02	9.86e-01	0.00e+00	0.00e+00
 1.59883e+15	2.96e-16	2.16e-11	2.17e-07	2.02e-04	1.50e-02	9.85e-01	0.00e+00	0.00e+00
 1.63798e+15	3.64e-16	2.56e-11	2.50e-07	2.22e-04	1.58e-02	9.84e-01	0.00e+00	0.00e+00
 1.67811e+15	4.47e-16	3.05e-11	2.89e-07	2.45e-04	1.67e-02	9.83e-01	0.00e+00	0.00e+00
 1.73027e+15	5.80e-16	3.80e-11	3.46e-07	2.77e-04	1.79e-02	9.82e-01	0.00e+00	0.00e+00
 1.78663e+15	7.62e-16	4.78e-11	4.18e-07	3.15e-04	1.93e-02	9.80e-01	0.00e+00	0.00e+00
 1.83718e+15	9.65e-16	5.84e-11	4.93e-07	3.52e-04	2.05e-02	9.79e-01	0.00e+00	0.00e+00
 1.89163e+15	1.24e-15	7.21e-11	5.86e-07	3.96e-04	2.19e-02	9.78e-01	0.00e+00	0.00e+00
 1.96087e+15	1.69e-15	9.37e-11	7.27e-07	4.58e-04	2.38e-02	9.76e-01	0.00e+00	0.00e+00
 2.03074e+15	2.28e-15	1.21e-10	8.96e-07	5.27e-04	2.58e-02	9.74e-01	0.00e+00	0.00e+00
 2.08939e+15	2.92e-15	1.49e-10	1.06e-06	5.91e-04	2.75e-02	9.72e-01	0.00e+00	0.00e+00
 2.15205e+15	3.76e-15	1.85e-10	1.27e-06	6.64e-04	2.93e-02	9.70e-01	0.00e+00	0.00e+00
 2.23124e+15	5.16e-15	2.41e-10	1.58e-06	7.69e-04	3.18e-02	9.67e-01	0.00e+00	0.00e+00
 2.31428e+15	7.09e-15	3.16e-10	1.96e-06	8.90e-04	3.45e-02	9.65e-01	0.00e+00	0.00e+00
 2.38906e+15	9.33e-15	3.98e-10	2.38e-06	1.01e-03	3.70e-02	9.62e-01	0.00e+00	0.00e+00
 2.47071e+15	1.25e-14	5.12e-10	2.91e-06	1.16e-03	3.99e-02	9.59e-01	0.00e+00	0.00e+00
 2.56721e+15	1.76e-14	6.82e-10	3.68e-06	1.35e-03	4.34e-02	9.55e-01	0.00e+00	0.00e+00
 2.66176e+15	2.42e-14	8.93e-10	4.58e-06	1.56e-03	4.70e-02	9.51e-01	0.00e+00	0.00e+00
 2.74794e+15	3.20e-14	1.13e-09	5.55e-06	1.77e-03	5.04e-02	9.48e-01	0.00e+00	0.00e+00
 2.84452e+15	4.36e-14	1.47e-09	6.84e-06	2.04e-03	5.44e-02	9.44e-01	0.00e+00	0.00e+00
 2.95711e+15	6.15e-14	1.97e-09	8.66e-06	2.38e-03	5.92e-02	9.38e-01	0.00e+00	0.00e+00
 3.06792e+15	8.55e-14	2.60e-09	1.08e-05	2.76e-03	6.41e-02	9.33e-01	0.00e+00	0.00e+00
 3.17241e+15	1.15e-13	3.35e-09	1.33e-05	3.15e-03	6.89e-02	9.28e-01	0.00e+00	0.00e+00
 3.28858e+15	1.60e-13	4.41e-09	1.66e-05	3.64e-03	7.44e-02	9.22e-01	0.00e+00	0.00e+00
 3.39919e+15	2.14e-13	5.66e-09	2.03e-05	4.16e-03	7.98e-02	9.16e-01	0.00e+00	0.00e+00
 3.48164e+15	2.65e-13	6.79e-09	2.35e-05	4.58e-03	8.40e-02	9.11e-01	0.00e+00	0.00e+00
 3.56519e+15	3.29e-13	8.14e-09	2.71e-05	5.04e-03	8.84e-02	9.07e-01	0.00e+00	0.00e+00
 3.67381e+15	4.31e-13	1.02e-08	3.26e-05	5.67e-03	9.41e-02	9.00e-01	0.00e+00	0.00e+00
 3.79170e+15	5.72e-13	1.30e-08	3.95e-05	6.44e-03	1.01e-01	8.93e-01	0.00e+00	0.00e+00
 3.89770e+15	7.34e-13	1.61e-08	4.67e-05	7.18e-03	1.06e-01	8.86e-01	0.00e+00	0.00e+00
 4.01154e+15	9.54e-13	2.00e-08	5.57e-05	8.05e-03	1.13e-01	8.79e-01	0.00e+00	0.00e+00
 4.15741e+15	1.32e-12	2.64e-08	6.93e-05	9.29e-03	1.22e-01	8.69e-01	0.00e+00	0.00e+00
 4.30448e+15	1.80e-12	3.42e-08	8.55e-05	1.07e-02	1.31e-01	8.59e-01	0.00e+00	0.00e+00
 4.42594e+15	2.32e-12	4.24e-08	1.01e-04	1.19e-02	1.38e-01	8.50e-01	0.00e+00	0.00e+00
 4.55454e+15	3.02e-12	5.30e-08	1.21e-04	1.33e-02	1.46e-01	8.40e-01	0.00e+00	0.00e+00
 4.71979e+15	4.19e-12	6.97e-08	1.50e-04	1.53e-02	1.57e-01	8.28e-01	0.00e+00	0.00e+00
 4.89231e+15	5.80e-12	9.17e-08	1.86e-04	1.76e-02	1.68e-01	8.14e-01	0.00e+00	0.00e+00
 5.04246e+15	7.65e-12	1.16e-07	2.24e-04	1.99e-02	1.78e-01	8.01e-01	0.00e+00	0.00e+00
 5.20391e+15	1.02e-11	1.48e-07	2.71e-04	2.25e-02	1.89e-01	7.88e-01	0.00e+00	0.00e+00
 5.40108e+15	1.44e-11	1.97e-07	3.40e-04	2.60e-02	2.03e-01	7.71e-01	0.00e+00	0.00e+00
 5.59561e+15	1.98e-11	2.58e-07	4.20e-04	2.97e-02	2.17e-01	7.53e-01	0.00e+00	0.00e+00
 5.76413e+15	2.60e-11	3.24e-07	5.02e-04	3.33e-02	2.29e-01	7.38e-01	0.00e+00	0.00e+00
 5.94792e+15	3.48e-11	4.12e-07	6.06e-04	3.76e-02	2.42e-01	7.20e-01	0.00e+00	0.00e+00
 6.15141e+15	4.71e-11	5.32e-07	7.40e-04	4.26e-02	2.56e-01	7.01e-01	0.00e+00	0.00e+00
 6.34125e+15	6.19e-11	6.70e-07	8.86e-04	4.78e-02	2.69e-01	6.82e-01	0.00e+00	0.00e+00
 6.50611e+15	7.79e-11	8.12e-07	1.03e-03	5.25e-02	2.80e-01	6.66e-01	0.00e+00	0.00e+00
 6.67775e+15	9.91e-11	9.92e-07	1.20e-03	5.79e-02	2.92e-01	6.49e-01	0.00e+00	0.00e+00
 6.86698e+15	1.27e-10	1.22e-06	1.42e-03	6.41e-02	3.05e-01	6.29e-01	0.00e+00	0.00e+00
 7.04450e+15	1.60e-10	1.48e-06	1.65e-03	7.04e-02	3.17e-01	6.11e-01	0.00e+00	0.00e+00
 7.24071e+15	2.06e-10	1.83e-06	1.94e-03	7.78e-02	3.30e-01	5.91e-01	0.00e+00	0.00e+00
 7.45359e+15	2.66e-10	2.27e-06	2.30e-03	8.62e-02	3.43e-01	5.69e-01	0.00e+00	0.00e+00
 7.64979e+15	3.36e-10	2.75e-06	2.67e-03	9.45e-02	3.54e-01	5.48e-01	0.00e+00	0.00e+00
 7.86649e+15	4.35e-10	3.40e-06	3.16e-03	1.04e-01	3.67e-01	5.25e-01	0.00e+00	0.00e+00
 8.10297e+15	5.64e-10	4.23e-06	3.74e-03	1.16e-01	3.80e-01	5.01e-01	0.00e+00	0.00e+00
 8.32429e+15	7.16e-10	5.16e-06	4.37e-03	1.27e-01	3.91e-01	4.78e-01	0.00e+00	0.00e+00
 8.57113e+15	9.37e-10	6.43e-06	5.18e-03	1.40e-01	4.02e-01	4.53e-01	0.00e+00	0.00e+00
 8.83347e+15	1.22e-09	8.02e-06	6.16e-03	1.55e-01	4.13e-01	4.26e-01	0.00e+00	0.00e+00
 9.06093e+15	1.52e-09	9.63e-06	7.11e-03	1.68e-01	4.22e-01	4.03e-01	0.00e+00	0.00e+00
 9.30159e+15	1.94e-09	1.17e-05	8.28e-03	1.83e-01	4.29e-01	3.80e-01	0.00e+00	0.00e+00
 9.56897e+15	2.50e-09	1.45e-05	9.76e-03	2.00e-01	4.36e-01	3.54e-01	0.00e+00	0.00e+00
 9.81627e+15	3.13e-09	1.74e-05	1.13e-02	2.16e-01	4.41e-01	3.31e-01	0.00e+00	0.00e+00
 1.00477e+16	3.85e-09	2.06e-05	1.29e-02	2.32e-01	4.45e-01	3.10e-01	0.00e+00	0.00e+00
 1.03132e+16	4.94e-09	2.53e-05	1.50e-02	2.52e-01	4.47e-01	2.86e-01	0.00e+00	0.00e+00
 1.05851e+16	6.21e-09	3.06e-05	1.74e-02	2.71e-01	4.48e-01	2.63e-01	0.00e+00	0.00e+00
 1.08080e+16	7.48e-09	3.56e-05	1.96e-02	2.88e-01	4.47e-01	2.45e-01	0.00e+00	0.00e+00
 1.10403e+16	9.23e-09	4.21e-05	2.23e-02	3.06e-01	4.45e-01	2.26e-01	0.00e+00	0.00e+00
 1.12980e+16	1.14e-08	5.01e-05	2.55e-02	3.26e-01	4.41e-01	2.07e-01	0.00e+00	0.00e+00
 1.15337e+16	1.39e-08	5.88e-05	2.89e-02	3.45e-01	4.36e-01	1.90e-01	0.00e+00	0.00e+00
 1.17456e+16	1.66e-08	6.79e-05	3.22e-02	3.62e-01	4.30e-01	1.75e-01	0.00e+00	0.00e+00
 1.19820e+16	2.04e-08	8.00e-05	3.64e-02	3.82e-01	4.23e-01	1.59e-01	0.00e+00	0.00e+00
 1.22368e+16	2.54e-08	9.52e-05	4.15e-02	4.03e-01	4.13e-01	1.43e-01	0.00e+00	0.00e+00
 1.24595e+16	3.03e-08	1.10e-04	4.64e-02	4.20e-01	4.03e-01	1.30e-01	0.00e+00	0.00e+00
 1.26613e+16	3.60e-08	1.26e-04	5.15e-02	4.37e-01	3.93e-01	1.18e-01	0.00e+00	0.00e+00
 1.28918e+16	4.48e-08	1.49e-04	5.82e-02	4.56e-01	3.80e-01	1.05e-01	0.00e+00	0.00e+00
 1.31328e+16	5.46e-08	1.75e-04	6.56e-02	4.75e-01	3.66e-01	9.34e-02	0.00e+00	0.00e+00
 1.33381e+16	6.62e-08	2.03e-04	7.30e-02	4.91e-01	3.52e-01	8.34e-02	0.00e+00	0.00e+00
 1.35215e+16	7.82e-08	2.32e-04	8.03e-02	5.05e-01	3.39e-01	7.51e-02	0.00e+00	0.00e+00
 1.37259e+16	9.46e-08	2.69e-04	8.95e-02	5.20e-01	3.24e-01	6.62e-02	0.00e+00	0.00e+00
 1.39443e+16	1.18e-07	3.18e-04	1.01e-01	5.36e-01	3.06e-01	5.73e-02	0.00e+00	0.00e+00
 1.41282e+16	1.40e-07	3.65e-04	1.11e-01	5.48e-01	2.91e-01	5.05e-02	0.00e+00	0.00e+00
 1.42860e+16	1.63e-07	4.11e-04	1.21e-01	5.57e-01	2.77e-01	4.50e-02	0.00e+00	0.00e+00
 1.44622e+16	1.91e-07	4.65e-04	1.33e-01	5.67e-01	2.60e-01	3.92e-02	0.00e+00	0.00e+00
 1.46524e+16	2.32e-07	5.42e-04	1.48e-01	5.77e-01	2.42e-01	3.34e-02	0.00e+00	0.00e+00
 1.48141e+16	2.94e-07	6.43e-04	1.62e-01	5.84e-01	2.25e-01	2.84e-02	0.00e+00	0.00e+00
 1.49374e+16	3.37e-07	7.14e-04	1.74e-01	5.88e-01	2.12e-01	2.52e-02	0.00e+00	0.00e+00
 1.50572e+16	3.75e-07	7.78e-04	1.86e-01	5.92e-01	1.99e-01	2.22e-02	0.00e+00	0.00e+00
 1.52130e+16	4.51e-07	8.95e-04	2.04e-01	5.95e-01	1.82e-01	1.85e-02	0.00e+00	0.00e+00
 1.53694e+16	5.49e-07	1.04e-03	2.23e-01	5.97e-01	1.64e-01	1.51e-02	0.00e+00	0.00e+00
 1.54725e+16	6.66e-07	1.19e-03	2.38e-01	5.96e-01	1.52e-01	1.29e-02	0.00e+00	0.00e+00
 1.55277e+16	7.15e-07	1.25e-03	2.46e-01	5.95e-01	1.45e-01	1.19e-02	0.00e+00	0.00e+00
 1.55747e+16	7.66e-07	1.32e-03	2.53e-01	5.95e-01	1.40e-01	1.10e-02	0.00e+00	0.00e+00
 1.56358e+16	8.16e-07	1.39e-03	2.62e-01	5.94e-01	1.33e-01	1.00e-02	0.00e+00	0.00e+00
 1.57153e+16	9.13e-07	1.51e-03	2.75e-01	5.92e-01	1.23e-01	8.70e-03	0.00e+00	0.00e+00
 1.57996e+16	1.07e-06	1.68e-03	2.89e-01	5.89e-01	1.13e-01	7.36e-03	0.00e+00	0.00e+00
 1.58656e+16	1.15e-06	1.78e-03	3.00e-01	5.87e-01	1.05e-01	6.50e-03	0.00e+00	0.00e+00
 1.59266e+16	1.27e-06	1.92e-03	3.11e-01	5.84e-01	9.80e-02	5.68e-03	0.00e+00	0.00e+00
 1.59954e+16	1.47e-06	2.12e-03	3.24e-01	5.79e-01	8.97e-02	4.80e-03	0.00e+00	0.00e+00
 1.60553e+16	1.57e-06	2.23e-03	3.34e-01	5.76e-01	8.32e-02	4.19e-03	0.00e+00	0.00e+00
 1.61140e+16	1.74e-06	2.40e-03	3.46e-01	5.72e-01	7.64e-02	3.58e-03	0.00e+00	0.00e+00
 1.61792e+16	1.94e-06	2.60e-03	3.59e-01	5.67e-01	6.93e-02	2.99e-03	0.00e+00	0.00e+00
 1.62397e+16	2.17e-06	2.81e-03	3.71e-01	5.61e-01	6.29e-02	2.50e-03	0.00e+00	0.00e+00
 1.62950e+16	2.39e-06	3.02e-03	3.82e-01	5.56e-01	5.72e-02	2.10e-03	0.00e+00	0.00e+00
 1.63564e+16	2.75e-06	3.32e-03	3.95e-01	5.49e-01	5.09e-02	1.68e-03	0.00e+00	0.00e+00
 1.64191e+16	3.06e-06	3.58e-03	4.07e-01	5.43e-01	4.52e-02	1.36e-03	0.00e+00	0.00e+00
 1.64739e+16	3.38e-06	3.85e-03	4.18e-01	5.36e-01	4.04e-02	1.10e-03	0.00e+00	0.00e+00
 1.65355e+16	3.80e-06	4.17e-03	4.31e-01	5.29e-01	3.53e-02	8.62e-04	0.00e+00	0.00e+00
 1.66036e+16	4.31e-06	4.55e-03	4.44e-01	5.21e-01	3.04e-02	6.53e-04	0.00e+00	0.00e+00
 1.66673e+16	4.84e-06	4.94e-03	4.56e-01	5.12e-01	2.62e-02	4.96e-04	0.00e+00	0.00e+00
 1.67375e+16	5.51e-06	5.41e-03	4.69e-01	5.03e-01	2.20e-02	3.60e-04	0.00e+00	0.00e+00
 1.68158e+16	6.33e-06	5.95e-03	4.83e-01	4.92e-01	1.81e-02	2.51e-04	0.00e+00	0.00e+00
 1.68919e+16	7.25e-06	6.54e-03	4.97e-01	4.82e-01	1.48e-02	1.74e-04	0.00e+00	0.00e+00
 1.69783e+16	8.43e-06	7.25e-03	5.12e-01	4.69e-01	1.18e-02	1.14e-04	0.00e+00	0.00e+00
 1.70905e+16	1.02e-05	8.26e-03	5.30e-01	4.53e-01	8.73e-03	6.51e-05	0.00e+00	0.00e+00
 1.72113e+16	1.25e-05	9.47e-03	5.48e-01	4.36e-01	6.36e-03	3.61e-05	0.00e+00	0.00e+00
 1.72995e+16	1.44e-05	1.04e-02	5.61e-01	4.23e-01	5.10e-03	2.39e-05	0.00e+00	0.00e+00
 1.73561e+16	1.58e-05	1.11e-02	5.70e-01	4.15e-01	4.42e-03	1.82e-05	0.00e+00	0.00e+00
 1.74151e+16	1.74e-05	1.19e-02	5.78e-01	4.06e-01	3.79e-03	1.36e-05	0.00e+00	0.00e+00
 1.74917e+16	1.97e-05	1.29e-02	5.89e-01	3.95e-01	3.11e-03	9.36e-06	0.00e+00	0.00e+00
 1.75914e+16	2.32e-05	1.44e-02	6.04e-01	3.80e-01	2.41e-03	5.79e-06	0.00e+00	0.00e+00
 1.76935e+16	2.76e-05	1.62e-02	6.18e-01	3.64e-01	1.88e-03	3.62e-06	0.00e+00	0.00e+00
 1.77760e+16	3.17e-05	1.77e-02	6.29e-01	3.51e-01	1.54e-03	2.49e-06	0.00e+00	0.00e+00
 1.78607e+16	3.66e-05	1.95e-02	6.41e-01	3.38e-01	1.25e-03	1.68e-06	0.00e+00	0.00e+00
 1.79507e+16	4.27e-05	2.17e-02	6.54e-01	3.23e-01	1.01e-03	1.12e-06	0.00e+00	0.00e+00
 1.80255e+16	4.89e-05	2.37e-02	6.64e-01	3.11e-01	8.46e-04	8.03e-07	0.00e+00	0.00e+00
 1.80890e+16	5.48e-05	2.56e-02	6.73e-01	3.01e-01	7.26e-04	0.00e+00	0.00e+00	0.00e+00
 1.81600e+16	6.24e-05	2.79e-02	6.82e-01	2.89e-01	6.10e-04	0.00e+00	0.00e+00	0.00e+00
 1.82394e+16	7.23e-05	3.08e-02	6.93e-01	2.76e-01	5.03e-04	0.00e+00	0.00e+00	0.00e+00
 1.83115e+16	8.32e-05	3.39e-02	7.02e-01	2.63e-01	4.23e-04	0.00e+00	0.00e+00	0.00e+00
 1.83738e+16	9.41e-05	3.68e-02	7.10e-01	2.53e-01	3.63e-04	0.00e+00	0.00e+00	0.00e+00
 1.84420e+16	1.08e-04	4.03e-02	7.19e-01	2.41e-01	3.05e-04	0.00e+00	0.00e+00	0.00e+00
 1.85165e+16	1.26e-04	4.47e-02	7.27e-01	2.28e-01	2.53e-04	0.00e+00	0.00e+00	0.00e+00
 1.85816e+16	1.45e-04	4.90e-02	7.35e-01	2.16e-01	2.15e-04	0.00e+00	0.00e+00	0.00e+00
 1.86377e+16	1.63e-04	5.32e-02	7.40e-01	2.06e-01	1.85e-04	0.00e+00	0.00e+00	0.00e+00
 1.86997e+16	1.87e-04	5.83e-02	7.46e-01	1.95e-01	1.57e-04	0.00e+00	0.00e+00	0.00e+00
 1.87676e+16	2.19e-04	6.46e-02	7.52e-01	1.83e-01	1.30e-04	0.00e+00	0.00e+00	0.00e+00
 1.88275e+16	2.52e-04	7.10e-02	7.57e-01	1.72e-01	1.10e-04	0.00e+00	0.00e+00	0.00e+00
 1.88792e+16	2.85e-04	7.71e-02	7.60e-01	1.63e-01	9.54e-05	0.00e+00	0.00e+00	0.00e+00
 1.89357e+16	3.27e-04	8.46e-02	7.62e-01	1.53e-01	8.06e-05	0.00e+00	0.00e+00	0.00e+00
 1.89976e+16	3.83e-04	9.38e-02	7.64e-01	1.42e-01	6.70e-05	0.00e+00	0.00e+00	0.00e+00
 1.90524e+16	4.42e-04	1.03e-01	7.64e-01	1.32e-01	5.65e-05	0.00e+00	0.00e+00	0.00e+00
 1.90998e+16	5.02e-04	1.12e-01	7.63e-01	1.24e-01	4.86e-05	0.00e+00	0.00e+00	0.00e+00
 1.91515e+16	5.78e-04	1.23e-01	7.62e-01	1.15e-01	4.08e-05	0.00e+00	0.00e+00	0.00e+00
 1.92084e+16	6.78e-04	1.37e-01	7.58e-01	1.05e-01	3.36e-05	0.00e+00	0.00e+00	0.00e+00
 1.92589e+16	7.87e-04	1.50e-01	7.52e-01	9.66e-02	2.81e-05	0.00e+00	0.00e+00	0.00e+00
 1.93028e+16	8.96e-04	1.64e-01	7.46e-01	8.92e-02	2.38e-05	0.00e+00	0.00e+00	0.00e+00
 1.93514e+16	1.04e-03	1.80e-01	7.38e-01	8.13e-02	1.97e-05	0.00e+00	0.00e+00	0.00e+00
 1.94050e+16	1.23e-03	2.00e-01	7.26e-01	7.28e-02	1.58e-05	0.00e+00	0.00e+00	0.00e+00
 1.94530e+16	1.44e-03	2.21e-01	7.12e-01	6.53e-02	1.29e-05	0.00e+00	0.00e+00	0.00e+00
 1.94952e+16	1.65e-03	2.42e-01	6.98e-01	5.89e-02	1.06e-05	0.00e+00	0.00e+00	0.00e+00
 1.95419e+16	1.94e-03	2.66e-01	6.80e-01	5.21e-02	8.48e-06	0.00e+00	0.00e+00	0.00e+00
 1.95940e+16	2.32e-03	2.98e-01	6.55e-01	4.48e-02	6.50e-06	0.00e+00	0.00e+00	0.00e+00
 1.96421e+16	2.77e-03	3.31e-01	6.28e-01	3.84e-02	5.00e-06	0.00e+00	0.00e+00	0.00e+00
 1.96859e+16	3.25e-03	3.64e-01	6.00e-01	3.29e-02	3.86e-06	0.00e+00	0.00e+00	0.00e+00
 1.97354e+16	3.92e-03	4.05e-01	5.64e-01	2.71e-02	2.81e-06	0.00e+00	0.00e+00	0.00e+00
 1.97881e+16	4.81e-03	4.54e-01	5.19e-01	2.15e-02	1.94e-06	0.00e+00	0.00e+00	0.00e+00
 1.98318e+16	5.75e-03	5.00e-01	4.77e-01	1.72e-02	1.38e-06	0.00e+00	0.00e+00	0.00e+00
 1.98677e+16	6.67e-03	5.39e-01	4.40e-01	1.40e-02	1.02e-06	0.00e+00	0.00e+00	0.00e+00
 1.99007e+16	7.68e-03	5.78e-01	4.03e-01	1.14e-02	7.51e-07	0.00e+00	0.00e+00	0.00e+00
 1.99329e+16	8.77e-03	6.16e-01	3.67e-01	9.15e-03	0.00e+00	0.00e+00	0.00e+00	0.00e+00
 1.99646e+16	1.00e-02	6.54e-01	3.29e-01	7.19e-03	0.00e+00	0.00e+00	0.00e+00	0.00e+00
 1.99950e+16	1.15e-02	6.91e-01	2.92e-01	5.57e-03	0.00e+00	0.00e+00	0.00e+00	0.00e+00
 2.00232e+16	1.30e-02	7.25e-01	2.58e-01	4.29e-03	0.00e+00	0.00e+00	0.00e+00	0.00e+00
 2.00496e+16	1.46e-02	7.56e-01	2.26e-01	3.29e-03	0.00e+00	0.00e+00	0.00e+00	0.00e+00
 2.00750e+16	1.64e-02	7.85e-01	1.96e-01	2.49e-03	0.00e+00	0.00e+00	0.00e+00	0.00e+00
 2.00998e+16	1.84e-02	8.11e-01	1.69e-01	1.86e-03	0.00e+00	0.00e+00	0.00e+00	0.00e+00
 2.01238e+16	2.06e-02	8.34e-01	1.44e-01	1.36e-03	0.00e+00	0.00e+00	0.00e+00	0.00e+00
 2.01466e+16	2.30e-02	8.55e-01	1.21e-01	9.85e-04	0.00e+00	0.00e+00	0.00e+00	0.00e+00
 2.01679e+16	2.56e-02	8.71e-01	1.02e-01	7.16e-04	0.00e+00	0.00e+00	0.00e+00	0.00e+00
 2.01916e+16	2.87e-02	8.87e-01	8.36e-02	4.90e-04	0.00e+00	0.00e+00	0.00e+00	0.00e+00
 2.02167e+16	3.26e-02	9.01e-01	6.58e-02	3.15e-04	0.00e+00	0.00e+00	0.00e+00	0.00e+00
 2.02372e+16	3.63e-02	9.11e-01	5.28e-02	2.12e-04	0.00e+00	0.00e+00	0.00e+00	0.00e+00
 2.02537e+16	3.99e-02	9.16e-01	4.39e-02	1.51e-04	0.00e+00	0.00e+00	0.00e+00	0.00e+00
 2.02713e+16	4.39e-02	9.20e-01	3.57e-02	1.04e-04	0.00e+00	0.00e+00	0.00e+00	0.00e+00
 2.02911e+16	4.90e-02	9.23e-01	2.79e-02	6.66e-05	0.00e+00	0.00e+00	0.00e+00	0.00e+00
 2.03087e+16	5.43e-02	9.24e-01	2.20e-02	4.34e-05	0.00e+00	0.00e+00	0.00e+00	0.00e+00
 2.03233e+16	5.92e-02	9.23e-01	1.78e-02	2.99e-05	0.00e+00	0.00e+00	0.00e+00	0.00e+00
 2.03368e+16	6.41e-02	9.21e-01	1.46e-02	2.09e-05	0.00e+00	0.00e+00	0.00e+00	0.00e+00
 2.03514e+16	7.02e-02	9.18e-01	1.16e-02	1.39e-05	0.00e+00	0.00e+00	0.00e+00	0.00e+00
 2.03667e+16	7.66e-02	9.14e-01	9.11e-03	8.95e-06	0.00e+00	0.00e+00	0.00e+00	0.00e+00
 2.03799e+16	8.32e-02	9.10e-01	7.28e-03	6.00e-06	0.00e+00	0.00e+00	0.00e+00	0.00e+00
 2.03908e+16	8.90e-02	9.05e-01	6.01e-03	4.27e-06	0.00e+00	0.00e+00	0.00e+00	0.00e+00
 2.04004e+16	9.46e-02	9.00e-01	5.05e-03	3.12e-06	0.00e+00	0.00e+00	0.00e+00	0.00e+00
 2.04098e+16	1.00e-01	8.95e-01	4.24e-03	2.29e-06	0.00e+00	0.00e+00	0.00e+00	0.00e+00
 2.04190e+16	1.06e-01	8.90e-01	3.57e-03	1.68e-06	0.00e+00	0.00e+00	0.00e+00	0.00e+00
 2.04261e+16	1.10e-01	8.86e-01	3.11e-03	1.32e-06	0.00e+00	0.00e+00	0.00e+00	0.00e+00
 2.04306e+16	1.14e-01	8.83e-01	2.85e-03	1.13e-06	0.00e+00	0.00e+00	0.00e+00	0.00e+00
 2.04347e+16	1.17e-01	8.81e-01	2.63e-03	9.73e-07	0.00e+00	0.00e+00	0.00e+00	0.00e+00
 2.04395e+16	1.20e-01	8.77e-01	2.38e-03	0.00e+00	0.00e+00	0.00e+00	0.00e+00	0.00e+00
 2.04449e+16	1.24e-01	8.74e-01	2.14e-03	0.00e+00	0.00e+00	0.00e+00	0.00e+00	0.00e+00
 2.04500e+16	1.28e-01	8.70e-01	1.93e-03	0.00e+00	0.00e+00	0.00e+00	0.00e+00	0.00e+00
 2.04547e+16	1.32e-01	8.66e-01	1.75e-03	0.00e+00	0.00e+00	0.00e+00	0.00e+00	0.00e+00
 2.04594e+16	1.36e-01	8.62e-01	1.58e-03	0.00e+00	0.00e+00	0.00e+00	0.00e+00	0.00e+00
 2.04642e+16	1.40e-01	8.59e-01	1.43e-03	0.00e+00	0.00e+00	0.00e+00	0.00e+00	0.00e+00
 2.04689e+16	1.44e-01	8.55e-01	1.29e-03	0.00e+00	0.00e+00	0.00e+00	0.00e+00	0.00e+00
 2.04735e+16	1.48e-01	8.50e-01	1.17e-03	0.00e+00	0.00e+00	0.00e+00	0.00e+00	0.00e+00
 2.04781e+16	1.53e-01	8.46e-01	1.05e-03	0.00e+00	0.00e+00	0.00e+00	0.00e+00	0.00e+00
 2.04827e+16	1.57e-01	8.42e-01	9.51e-04	0.00e+00	0.00e+00	0.00e+00	0.00e+00	0.00e+00
 2.04872e+16	1.62e-01	8.37e-01	8.59e-04	0.00e+00	0.00e+00	0.00e+00	0.00e+00	0.00e+00
 2.04916e+16	1.66e-01	8.33e-01	7.77e-04	0.00e+00	0.00e+00	0.00e+00	0.00e+00	0.00e+00
 2.04960e+16	1.71e-01	8.28e-01	7.01e-04	0.00e+00	0.00e+00	0.00e+00	0.00e+00	0.00e+00
 2.05004e+16	1.76e-01	8.23e-01	6.33e-04	0.00e+00	0.00e+00	0.00e+00	0.00e+00	0.00e+00
 2.05047e+16	1.81e-01	8.18e-01	5.71e-04	0.00e+00	0.00e+00	0.00e+00	0.00e+00	0.00e+00
 2.05090e+16	1.86e-01	8.13e-01	5.16e-04	0.00e+00	0.00e+00	0.00e+00	0.00e+00	0.00e+00
 2.05133e+16	1.92e-01	8.08e-01	4.65e-04	0.00e+00	0.00e+00	0.00e+00	0.00e+00	0.00e+00
 2.05175e+16	1.97e-01	8.02e-01	4.19e-04	0.00e+00	0.00e+00	0.00e+00	0.00e+00	0.00e+00
 2.05217e+16	2.03e-01	7.96e-01	3.78e-04	0.00e+00	0.00e+00	0.00e+00	0.00e+00	0.00e+00
 2.05258e+16	2.09e-01	7.90e-01	3.41e-04	0.00e+00	0.00e+00	0.00e+00	0.00e+00	0.00e+00
 2.05299e+16	2.15e-01	7.84e-01	3.07e-04	0.00e+00	0.00e+00	0.00e+00	0.00e+00	0.00e+00
 2.05340e+16	2.22e-01	7.78e-01	2.76e-04	0.00e+00	0.00e+00	0.00e+00	0.00e+00	0.00e+00
 2.05381e+16	2.29e-01	7.71e-01	2.48e-04	0.00e+00	0.00e+00	0.00e+00	0.00e+00	0.00e+00
 2.05421e+16	2.36e-01	7.63e-01	2.24e-04	0.00e+00	0.00e+00	0.00e+00	0.00e+00	0.00e+00
 2.05460e+16	2.44e-01	7.56e-01	2.01e-04	0.00e+00	0.00e+00	0.00e+00	0.00e+00	0.00e+00
 2.05500e+16	2.52e-01	7.48e-01	1.81e-04	0.00e+00	0.00e+00	0.00e+00	0.00e+00	0.00e+00
 2.05539e+16	2.60e-01	7.40e-01	1.62e-04	0.00e+00	0.00e+00	0.00e+00	0.00e+00	0.00e+00
 2.05577e+16	2.69e-01	7.30e-01	1.46e-04	0.00e+00	0.00e+00	0.00e+00	0.00e+00	0.00e+00
 2.05614e+16	2.78e-01	7.21e-01	1.31e-04	0.00e+00	0.00e+00	0.00e+00	0.00e+00	0.00e+00
 2.05651e+16	2.88e-01	7.12e-01	1.18e-04	0.00e+00	0.00e+00	0.00e+00	0.00e+00	0.00e+00
 2.05687e+16	2.99e-01	7.01e-01	1.06e-04	0.00e+00	0.00e+00	0.00e+00	0.00e+00	0.00e+00
 2.05723e+16	3.09e-01	6.91e-01	9.59e-05	0.00e+00	0.00e+00	0.00e+00	0.00e+00	0.00e+00
 2.05758e+16	3.20e-01	6.80e-01	8.64e-05	0.00e+00	0.00e+00	0.00e+00	0.00e+00	0.00e+00
 2.05793e+16	3.33e-01	6.67e-01	7.76e-05	0.00e+00	0.00e+00	0.00e+00	0.00e+00	0.00e+00
 2.05827e+16	3.45e-01	6.55e-01	6.97e-05	0.00e+00	0.00e+00	0.00e+00	0.00e+00	0.00e+00
 2.05861e+16	3.57e-01	6.42e-01	6.28e-05	0.00e+00	0.00e+00	0.00e+00	0.00e+00	0.00e+00
 2.05895e+16	3.72e-01	6.28e-01	5.63e-05	0.00e+00	0.00e+00	0.00e+00	0.00e+00	0.00e+00
 2.05929e+16	3.86e-01	6.14e-01	5.04e-05	0.00e+00	0.00e+00	0.00e+00	0.00e+00	0.00e+00
 2.05962e+16	4.02e-01	5.98e-01	4.52e-05	0.00e+00	0.00e+00	0.00e+00	0.00e+00	0.00e+00
 2.05995e+16	4.18e-01	5.82e-01	4.04e-05	0.00e+00	0.00e+00	0.00e+00	0.00e+00	0.00e+00
 2.06028e+16	4.38e-01	5.62e-01	3.59e-05	0.00e+00	0.00e+00	0.00e+00	0.00e+00	0.00e+00
 2.06061e+16	4.56e-01	5.44e-01	3.20e-05	0.00e+00	0.00e+00	0.00e+00	0.00e+00	0.00e+00
 2.06093e+16	4.75e-01	5.25e-01	2.85e-05	0.00e+00	0.00e+00	0.00e+00	0.00e+00	0.00e+00
 2.06125e+16	4.96e-01	5.04e-01	2.53e-05	0.00e+00	0.00e+00	0.00e+00	0.00e+00	0.00e+00
 2.06158e+16	5.17e-01	4.83e-01	2.24e-05	0.00e+00	0.00e+00	0.00e+00	0.00e+00	0.00e+00
 2.06191e+16	5.39e-01	4.61e-01	1.97e-05	0.00e+00	0.00e+00	0.00e+00	0.00e+00	0.00e+00
 2.06223e+16	5.62e-01	4.38e-01	1.74e-05	0.00e+00	0.00e+00	0.00e+00	0.00e+00	0.00e+00
 2.06256e+16	5.85e-01	4.15e-01	1.52e-05	0.00e+00	0.00e+00	0.00e+00	0.00e+00	0.00e+00
 2.06289e+16	6.09e-01	3.91e-01	1.33e-05	0.00e+00	0.00e+00	0.00e+00	0.00e+00	0.00e+00
 2.06322e+16	6.34e-01	3.66e-01	1.16e-05	0.00e+00	0.00e+00	0.00e+00	0.00e+00	0.00e+00
 2.06352e+16	6.55e-01	3.45e-01	1.02e-05	0.00e+00	0.00e+00	0.00e+00	0.00e+00	0.00e+00
 2.06374e+16	6.71e-01	3.29e-01	9.31e-06	0.00e+00	0.00e+00	0.00e+00	0.00e+00	0.00e+00
 2.06395e+16	6.86e-01	3.14e-01	8.50e-06	0.00e+00	0.00e+00	0.00e+00	0.00e+00	0.00e+00
 2.06417e+16	7.01e-01	2.99e-01	7.73e-06	0.00e+00	0.00e+00	0.00e+00	0.00e+00	0.00e+00
 2.06440e+16	7.20e-01	2.80e-01	6.92e-06	0.00e+00	0.00e+00	0.00e+00	0.00e+00	0.00e+00
 2.06462e+16	7.34e-01	2.66e-01	6.29e-06	0.00e+00	0.00e+00	0.00e+00	0.00e+00	0.00e+00
 2.06483e+16	7.47e-01	2.53e-01	5.76e-06	0.00e+00	0.00e+00	0.00e+00	0.00e+00	0.00e+00
 2.06503e+16	7.62e-01	2.38e-01	5.21e-06	0.00e+00	0.00e+00	0.00e+00	0.00e+00	0.00e+00
 2.06524e+16	7.73e-01	2.27e-01	4.77e-06	0.00e+00	0.00e+00	0.00e+00	0.00e+00	0.00e+00
 2.06544e+16	7.86e-01	2.14e-01	4.35e-06	0.00e+00	0.00e+00	0.00e+00	0.00e+00	0.00e+00
 2.06564e+16	7.98e-01	2.02e-01	3.96e-06	0.00e+00	0.00e+00	0.00e+00	0.00e+00	0.00e+00
 2.06584e+16	8.09e-01	1.91e-01	3.61e-06	0.00e+00	0.00e+00	0.00e+00	0.00e+00	0.00e+00
 2.06603e+16	8.20e-01	1.80e-01	3.31e-06	0.00e+00	0.00e+00	0.00e+00	0.00e+00	0.00e+00
 2.06622e+16	8.30e-01	1.70e-01	3.03e-06	0.00e+00	0.00e+00	0.00e+00	0.00e+00	0.00e+00
 2.06641e+16	8.39e-01	1.61e-01	2.78e-06	0.00e+00	0.00e+00	0.00e+00	0.00e+00	0.00e+00
 2.06661e+16	8.48e-01	1.52e-01	2.55e-06	0.00e+00	0.00e+00	0.00e+00	0.00e+00	0.00e+00
