#depth	He	He+	He+2
 1.49634e+10	3.65e-23	3.58e-12	1.00e+00
 4.54887e+10	4.07e-23	3.88e-12	1.00e+00
 7.72350e+10	4.51e-23	4.20e-12	1.00e+00
 1.10251e+11	5.02e-23	4.54e-12	1.00e+00
 1.44588e+11	5.58e-23	4.92e-12	1.00e+00
 1.80298e+11	6.21e-23	5.33e-12	1.00e+00
 2.17437e+11	6.93e-23	5.77e-12	1.00e+00
 2.56061e+11	7.73e-23	6.25e-12	1.00e+00
 2.96231e+11	8.64e-23	6.77e-12	1.00e+00
 3.34481e+11	9.58e-23	7.28e-12	1.00e+00
 3.69445e+11	1.05e-22	7.77e-12	1.00e+00
 4.08986e+11	1.16e-22	8.35e-12	1.00e+00
 4.54926e+11	1.30e-22	9.05e-12	1.00e+00
 5.00330e+11	1.46e-22	9.76e-12	1.00e+00
 5.43866e+11	1.62e-22	1.05e-11	1.00e+00
 5.91864e+11	1.80e-22	1.13e-11	1.00e+00
 6.45465e+11	2.04e-22	1.23e-11	1.00e+00
 6.99891e+11	2.30e-22	1.33e-11	1.00e+00
 7.56493e+11	2.59e-22	1.44e-11	1.00e+00
 8.16679e+11	2.94e-22	1.56e-11	1.00e+00
 8.79273e+11	3.34e-22	1.69e-11	1.00e+00
 9.44371e+11	3.79e-22	1.84e-11	1.00e+00
 1.00788e+12	4.29e-22	1.99e-11	1.00e+00
 1.06836e+12	4.80e-22	2.14e-11	1.00e+00
 1.13544e+12	5.42e-22	2.31e-11	1.00e+00
 1.21078e+12	6.20e-22	2.51e-11	1.00e+00
 1.28623e+12	7.06e-22	2.72e-11	1.00e+00
 1.36470e+12	8.04e-22	2.95e-11	1.00e+00
 1.44921e+12	9.23e-22	3.22e-11	1.00e+00
 1.53510e+12	1.06e-21	3.50e-11	1.00e+00
 1.62443e+12	1.21e-21	3.80e-11	1.00e+00
 1.71933e+12	1.39e-21	4.15e-11	1.00e+00
 1.81803e+12	1.61e-21	4.52e-11	1.00e+00
 1.92068e+12	1.85e-21	4.94e-11	1.00e+00
 2.02743e+12	2.14e-21	5.39e-11	1.00e+00
 2.13846e+12	2.47e-21	5.89e-11	1.00e+00
 2.25114e+12	2.84e-21	6.43e-11	1.00e+00
 2.36834e+12	3.27e-21	7.03e-11	1.00e+00
 2.49300e+12	3.78e-21	7.69e-11	1.00e+00
 2.62265e+12	4.38e-21	8.43e-11	1.00e+00
 2.75748e+12	5.06e-21	9.25e-11	1.00e+00
 2.89770e+12	5.85e-21	1.01e-10	1.00e+00
 3.04354e+12	6.77e-21	1.11e-10	1.00e+00
 3.17685e+12	7.71e-21	1.21e-10	1.00e+00
 3.29008e+12	8.55e-21	1.30e-10	1.00e+00
 3.41489e+12	9.55e-21	1.40e-10	1.00e+00
 3.57011e+12	1.09e-20	1.53e-10	1.00e+00
 3.73004e+12	1.25e-20	1.67e-10	1.00e+00
 3.87352e+12	1.40e-20	1.81e-10	1.00e+00
 4.03044e+12	1.58e-20	1.97e-10	1.00e+00
 4.20670e+12	1.80e-20	2.16e-10	1.00e+00
 4.37392e+12	2.02e-20	2.34e-10	1.00e+00
 4.55712e+12	2.29e-20	2.56e-10	1.00e+00
 4.76052e+12	2.61e-20	2.82e-10	1.00e+00
 4.95052e+12	2.94e-20	3.08e-10	1.00e+00
 5.15644e+12	3.32e-20	3.37e-10	1.00e+00
 5.38691e+12	3.79e-20	3.72e-10	1.00e+00
 5.60735e+12	4.27e-20	4.07e-10	1.00e+00
 5.84230e+12	4.82e-20	4.47e-10	1.00e+00
 6.10592e+12	5.50e-20	4.95e-10	1.00e+00
 6.36690e+12	6.23e-20	5.45e-10	1.00e+00
 6.63833e+12	7.05e-20	6.00e-10	1.00e+00
 6.93379e+12	8.03e-20	6.64e-10	1.00e+00
 7.23458e+12	9.11e-20	7.33e-10	1.00e+00
 7.54741e+12	1.03e-19	8.09e-10	1.00e+00
 7.84675e+12	1.16e-19	8.87e-10	1.00e+00
 8.10975e+12	1.28e-19	9.58e-10	1.00e+00
 8.40030e+12	1.42e-19	1.04e-09	1.00e+00
 8.72444e+12	1.59e-19	1.14e-09	1.00e+00
 9.02951e+12	1.76e-19	1.24e-09	1.00e+00
 9.36341e+12	1.96e-19	1.35e-09	1.00e+00
 9.73607e+12	2.22e-19	1.48e-09	1.00e+00
 1.00872e+13	2.48e-19	1.61e-09	1.00e+00
 1.04719e+13	2.79e-19	1.76e-09	1.00e+00
 1.09017e+13	3.18e-19	1.93e-09	1.00e+00
 1.13076e+13	3.59e-19	2.11e-09	1.00e+00
 1.16774e+13	4.00e-19	2.28e-09	1.00e+00
 1.20825e+13	4.50e-19	2.47e-09	1.00e+00
 1.25382e+13	5.13e-19	2.70e-09	1.00e+00
 1.29703e+13	5.80e-19	2.93e-09	1.00e+00
 1.34428e+13	6.61e-19	3.20e-09	1.00e+00
 1.39643e+13	7.64e-19	3.50e-09	1.00e+00
 1.44460e+13	8.70e-19	3.80e-09	1.00e+00
 1.49688e+13	1.00e-18	4.13e-09	1.00e+00
 1.55541e+13	1.17e-18	4.53e-09	1.00e+00
 1.61069e+13	1.35e-18	4.93e-09	1.00e+00
 1.67122e+13	1.57e-18	5.38e-09	1.00e+00
 1.73869e+13	1.85e-18	5.91e-09	1.00e+00
 1.80220e+13	2.16e-18	6.43e-09	1.00e+00
 1.87060e+13	2.53e-18	7.02e-09	1.00e+00
 1.94842e+13	3.02e-18	7.72e-09	1.00e+00
 2.02486e+13	3.57e-18	8.44e-09	1.00e+00
 2.10436e+13	4.22e-18	9.23e-09	1.00e+00
 2.19153e+13	5.04e-18	1.01e-08	1.00e+00
 2.28027e+13	6.00e-18	1.11e-08	1.00e+00
 2.37257e+13	7.13e-18	1.22e-08	1.00e+00
 2.47046e+13	8.51e-18	1.33e-08	1.00e+00
 2.56752e+13	1.01e-17	1.45e-08	1.00e+00
 2.65773e+13	1.17e-17	1.57e-08	1.00e+00
 2.75630e+13	1.37e-17	1.70e-08	1.00e+00
 2.85809e+13	1.61e-17	1.84e-08	1.00e+00
 2.94381e+13	1.83e-17	1.97e-08	1.00e+00
 3.03451e+13	2.08e-17	2.10e-08	1.00e+00
 3.14899e+13	2.44e-17	2.28e-08	1.00e+00
 3.26850e+13	2.87e-17	2.47e-08	1.00e+00
 3.37519e+13	3.29e-17	2.65e-08	1.00e+00
 3.47519e+13	3.72e-17	2.82e-08	1.00e+00
 3.58931e+13	4.26e-17	3.02e-08	1.00e+00
 3.71764e+13	4.94e-17	3.25e-08	1.00e+00
 3.83973e+13	5.66e-17	3.49e-08	1.00e+00
 3.97373e+13	6.53e-17	3.74e-08	1.00e+00
 4.12223e+13	7.61e-17	4.04e-08	1.00e+00
 4.26040e+13	8.74e-17	4.33e-08	1.00e+00
 4.41080e+13	1.01e-16	4.65e-08	1.00e+00
 4.58037e+13	1.18e-16	5.04e-08	1.00e+00
 4.74096e+13	1.36e-16	5.41e-08	1.00e+00
 4.91481e+13	1.57e-16	5.82e-08	1.00e+00
 5.10985e+13	1.84e-16	6.30e-08	1.00e+00
 5.29734e+13	2.12e-16	6.78e-08	1.00e+00
 5.49689e+13	2.46e-16	7.30e-08	1.00e+00
 5.71975e+13	2.89e-16	7.91e-08	1.00e+00
 5.94319e+13	3.37e-16	8.54e-08	1.00e+00
 6.17556e+13	3.92e-16	9.22e-08	1.00e+00
 6.42557e+13	4.59e-16	9.98e-08	1.00e+00
 6.68559e+13	5.37e-16	1.08e-07	1.00e+00
 6.95600e+13	6.27e-16	1.17e-07	1.00e+00
 7.22147e+13	7.27e-16	1.26e-07	1.00e+00
 7.47663e+13	8.34e-16	1.35e-07	1.00e+00
 7.75777e+13	9.64e-16	1.45e-07	1.00e+00
 8.03978e+13	1.11e-15	1.56e-07	1.00e+00
 8.28225e+13	1.25e-15	1.65e-07	1.00e+00
 8.54450e+13	1.41e-15	1.75e-07	1.00e+00
 8.86808e+13	1.63e-15	1.89e-07	1.00e+00
 9.20165e+13	1.88e-15	2.03e-07	1.00e+00
 9.50605e+13	2.14e-15	2.17e-07	1.00e+00
 9.84225e+13	2.45e-15	2.32e-07	1.00e+00
 1.02344e+14	2.85e-15	2.51e-07	1.00e+00
 1.06261e+14	3.31e-15	2.71e-07	1.00e+00
 1.10035e+14	3.79e-15	2.90e-07	1.00e+00
 1.14166e+14	4.39e-15	3.12e-07	1.00e+00
 1.18762e+14	5.14e-15	3.38e-07	1.00e+00
 1.23543e+14	6.00e-15	3.66e-07	1.00e+00
 1.27984e+14	6.89e-15	3.92e-07	1.00e+00
 1.31865e+14	7.77e-15	4.17e-07	1.00e+00
 1.36183e+14	8.81e-15	4.45e-07	1.00e+00
 1.41411e+14	1.03e-14	4.80e-07	1.00e+00
 1.46669e+14	1.19e-14	5.17e-07	1.00e+00
 1.51433e+14	1.34e-14	5.51e-07	1.00e+00
 1.56710e+14	1.54e-14	5.91e-07	1.00e+00
 1.62901e+14	1.80e-14	6.40e-07	1.00e+00
 1.68981e+14	2.07e-14	6.89e-07	1.00e+00
 1.74624e+14	2.37e-14	7.37e-07	1.00e+00
 1.80958e+14	2.72e-14	7.92e-07	1.00e+00
 1.88227e+14	3.18e-14	8.59e-07	1.00e+00
 1.95362e+14	3.68e-14	9.26e-07	1.00e+00
 2.02782e+14	4.25e-14	9.99e-07	1.00e+00
 2.10923e+14	4.96e-14	1.08e-06	1.00e+00
 2.19141e+14	5.76e-14	1.17e-06	1.00e+00
 2.26989e+14	6.60e-14	1.26e-06	1.00e+00
 2.35399e+14	7.60e-14	1.35e-06	1.00e+00
 2.44845e+14	8.84e-14	1.46e-06	1.00e+00
 2.53848e+14	1.02e-13	1.58e-06	1.00e+00
 2.62102e+14	1.15e-13	1.68e-06	1.00e+00
 2.71458e+14	1.31e-13	1.80e-06	1.00e+00
 2.82295e+14	1.52e-13	1.95e-06	1.00e+00
 2.92056e+14	1.73e-13	2.09e-06	1.00e+00
 3.00107e+14	1.92e-13	2.21e-06	1.00e+00
 3.08941e+14	2.14e-13	2.34e-06	1.00e+00
 3.20227e+14	2.44e-13	2.52e-06	1.00e+00
 3.32188e+14	2.81e-13	2.71e-06	1.00e+00
 3.42774e+14	3.15e-13	2.89e-06	1.00e+00
 3.54087e+14	3.55e-13	3.09e-06	1.00e+00
 3.67706e+14	4.10e-13	3.33e-06	1.00e+00
 3.81098e+14	4.67e-13	3.58e-06	1.00e+00
 3.92929e+14	5.23e-13	3.81e-06	1.00e+00
 4.05953e+14	5.90e-13	4.07e-06	1.00e+00
 4.21596e+14	6.76e-13	4.40e-06	1.00e+00
 4.37139e+14	7.74e-13	4.73e-06	1.00e+00
 4.51177e+14	8.68e-13	5.06e-06	1.00e+00
 4.66763e+14	9.82e-13	5.41e-06	1.00e+00
 4.85099e+14	1.13e-12	5.87e-06	1.00e+00
 5.03094e+14	1.29e-12	6.32e-06	1.00e+00
 5.19767e+14	1.45e-12	6.77e-06	1.00e+00
 5.38546e+14	1.65e-12	7.28e-06	1.00e+00
 5.60118e+14	1.91e-12	7.90e-06	1.00e+00
 5.81289e+14	2.18e-12	8.53e-06	1.00e+00
 6.03306e+14	2.50e-12	9.24e-06	1.00e+00
 6.27468e+14	2.88e-12	1.00e-05	1.00e+00
 6.51595e+14	3.30e-12	1.09e-05	1.00e+00
 6.76686e+14	3.79e-12	1.18e-05	1.00e+00
 7.03783e+14	4.38e-12	1.28e-05	1.00e+00
 7.27098e+14	4.94e-12	1.37e-05	1.00e+00
 7.44846e+14	5.40e-12	1.45e-05	1.00e+00
 7.63813e+14	5.92e-12	1.53e-05	1.00e+00
 7.88471e+14	6.67e-12	1.64e-05	1.00e+00
 8.15365e+14	7.56e-12	1.76e-05	1.00e+00
 8.39899e+14	8.40e-12	1.88e-05	1.00e+00
 8.66524e+14	9.47e-12	2.02e-05	1.00e+00
 8.96612e+14	1.07e-11	2.17e-05	1.00e+00
 9.25673e+14	1.21e-11	2.34e-05	1.00e+00
 9.57922e+14	1.38e-11	2.52e-05	1.00e+00
 9.93297e+14	1.58e-11	2.73e-05	1.00e+00
 1.02549e+15	1.78e-11	2.93e-05	1.00e+00
 1.06011e+15	2.01e-11	3.16e-05	1.00e+00
 1.09896e+15	2.31e-11	3.43e-05	1.00e+00
 1.13561e+15	2.60e-11	3.68e-05	1.00e+00
 1.17553e+15	2.99e-11	3.99e-05	1.00e+00
 1.21970e+15	3.44e-11	4.34e-05	1.00e+00
 1.26069e+15	3.88e-11	4.67e-05	1.00e+00
 1.30527e+15	4.45e-11	5.05e-05	1.00e+00
 1.35515e+15	5.14e-11	5.50e-05	1.00e+00
 1.40228e+15	5.86e-11	5.95e-05	1.00e+00
 1.45325e+15	6.73e-11	6.45e-05	1.00e+00
 1.51001e+15	7.79e-11	7.03e-05	1.00e+00
 1.56450e+15	8.93e-11	7.62e-05	1.00e+00
 1.62259e+15	1.03e-10	8.28e-05	1.00e+00
 1.68752e+15	1.20e-10	9.05e-05	1.00e+00
 1.75245e+15	1.37e-10	9.83e-05	1.00e+00
 1.80640e+15	1.54e-10	1.05e-04	1.00e+00
 1.84827e+15	1.70e-10	1.11e-04	1.00e+00
 1.89373e+15	1.86e-10	1.17e-04	1.00e+00
 1.95282e+15	2.11e-10	1.26e-04	1.00e+00
 2.01666e+15	2.36e-10	1.35e-04	1.00e+00
 2.07444e+15	2.66e-10	1.44e-04	1.00e+00
 2.13734e+15	2.98e-10	1.54e-04	1.00e+00
 2.21637e+15	3.45e-10	1.67e-04	1.00e+00
 2.29556e+15	3.94e-10	1.80e-04	1.00e+00
 2.36284e+15	4.41e-10	1.93e-04	1.00e+00
 2.43543e+15	4.96e-10	2.06e-04	1.00e+00
 2.52600e+15	5.76e-10	2.24e-04	1.00e+00
 2.61977e+15	6.60e-10	2.42e-04	1.00e+00
 2.70381e+15	7.42e-10	2.60e-04	1.00e+00
 2.79540e+15	8.45e-10	2.80e-04	1.00e+00
 2.90412e+15	9.98e-10	3.05e-04	1.00e+00
 3.01112e+15	1.15e-09	3.30e-04	1.00e+00
 3.10845e+15	1.30e-09	3.54e-04	1.00e+00
 3.21722e+15	1.49e-09	3.82e-04	1.00e+00
 3.34428e+15	1.71e-09	4.16e-04	1.00e+00
 3.46980e+15	2.02e-09	4.52e-04	1.00e+00
 3.58826e+15	2.31e-09	4.86e-04	1.00e+00
 3.71976e+15	2.66e-09	5.26e-04	9.99e-01
 3.86858e+15	3.07e-09	5.73e-04	9.99e-01
 4.01805e+15	3.64e-09	6.23e-04	9.99e-01
 4.17350e+15	4.24e-09	6.77e-04	9.99e-01
 4.31256e+15	4.83e-09	7.27e-04	9.99e-01
 4.41748e+15	5.33e-09	7.66e-04	9.99e-01
 4.52720e+15	5.88e-09	8.08e-04	9.99e-01
 4.66984e+15	6.57e-09	8.64e-04	9.99e-01
 4.82567e+15	7.63e-09	9.29e-04	9.99e-01
 4.96708e+15	8.53e-09	9.89e-04	9.99e-01
 5.11934e+15	9.55e-09	1.06e-03	9.99e-01
 5.30953e+15	1.13e-08	1.14e-03	9.99e-01
 5.50037e+15	1.29e-08	1.24e-03	9.99e-01
 5.66437e+15	1.44e-08	1.32e-03	9.99e-01
 5.84211e+15	1.64e-08	1.41e-03	9.99e-01
 6.06145e+15	1.94e-08	1.53e-03	9.98e-01
 6.28012e+15	2.24e-08	1.65e-03	9.98e-01
 6.47041e+15	2.54e-08	1.77e-03	9.98e-01
 6.67855e+15	2.88e-08	1.89e-03	9.98e-01
 6.93214e+15	3.39e-08	2.06e-03	9.98e-01
 7.18405e+15	3.91e-08	2.23e-03	9.98e-01
 7.40806e+15	4.40e-08	2.38e-03	9.98e-01
 7.65652e+15	5.05e-08	2.57e-03	9.97e-01
 7.95291e+15	6.06e-08	2.81e-03	9.97e-01
 8.23030e+15	6.97e-08	3.03e-03	9.97e-01
 8.46155e+15	7.78e-08	3.23e-03	9.97e-01
 8.71410e+15	8.83e-08	3.46e-03	9.97e-01
 9.03399e+15	1.06e-07	3.78e-03	9.96e-01
 9.35688e+15	1.23e-07	4.11e-03	9.96e-01
 9.60730e+15	1.38e-07	4.38e-03	9.96e-01
 9.84805e+15	1.55e-07	4.66e-03	9.95e-01
 1.01610e+16	1.75e-07	5.04e-03	9.95e-01
 1.04945e+16	2.08e-07	5.48e-03	9.95e-01
 1.07651e+16	2.32e-07	5.84e-03	9.94e-01
 1.10274e+16	2.58e-07	6.24e-03	9.94e-01
 1.13685e+16	3.05e-07	6.79e-03	9.93e-01
 1.17105e+16	3.49e-07	7.37e-03	9.93e-01
 1.19846e+16	3.89e-07	7.87e-03	9.92e-01
 1.22718e+16	4.40e-07	8.46e-03	9.92e-01
 1.26451e+16	5.29e-07	9.31e-03	9.91e-01
 1.30174e+16	6.12e-07	1.02e-02	9.90e-01
 1.33020e+16	6.86e-07	1.10e-02	9.89e-01
 1.35859e+16	7.77e-07	1.18e-02	9.88e-01
 1.39054e+16	9.15e-07	1.29e-02	9.87e-01
 1.42011e+16	1.04e-06	1.40e-02	9.86e-01
 1.44675e+16	1.18e-06	1.51e-02	9.85e-01
 1.47659e+16	1.36e-06	1.65e-02	9.84e-01
 1.50864e+16	1.59e-06	1.82e-02	9.82e-01
 1.53641e+16	1.82e-06	1.98e-02	9.80e-01
 1.56099e+16	2.05e-06	2.15e-02	9.78e-01
 1.58480e+16	2.33e-06	2.34e-02	9.77e-01
 1.60717e+16	2.65e-06	2.53e-02	9.75e-01
 1.62744e+16	3.03e-06	2.74e-02	9.73e-01
 1.64564e+16	3.40e-06	2.94e-02	9.71e-01
 1.66513e+16	3.78e-06	3.19e-02	9.68e-01
 1.69046e+16	4.55e-06	3.58e-02	9.64e-01
 1.71643e+16	5.45e-06	4.05e-02	9.60e-01
 1.73723e+16	6.39e-06	4.50e-02	9.55e-01
 1.75504e+16	7.44e-06	4.96e-02	9.50e-01
 1.77156e+16	8.37e-06	5.46e-02	9.45e-01
 1.78963e+16	9.86e-06	6.12e-02	9.39e-01
 1.80938e+16	1.19e-05	6.98e-02	9.30e-01
 1.82663e+16	1.43e-05	7.91e-02	9.21e-01
 1.84098e+16	1.71e-05	8.87e-02	9.11e-01
 1.85380e+16	1.99e-05	9.88e-02	9.01e-01
 1.86799e+16	2.41e-05	1.13e-01	8.87e-01
 1.88274e+16	2.94e-05	1.30e-01	8.70e-01
 1.89445e+16	3.46e-05	1.47e-01	8.53e-01
 1.90422e+16	4.04e-05	1.64e-01	8.36e-01
 1.91525e+16	4.86e-05	1.87e-01	8.13e-01
 1.92489e+16	5.62e-05	2.11e-01	7.89e-01
 1.93126e+16	6.40e-05	2.29e-01	7.71e-01
 1.93639e+16	7.03e-05	2.45e-01	7.55e-01
 1.94138e+16	7.67e-05	2.63e-01	7.37e-01
 1.94787e+16	8.80e-05	2.89e-01	7.11e-01
 1.95422e+16	9.92e-05	3.15e-01	6.85e-01
 1.95943e+16	1.09e-04	3.40e-01	6.60e-01
 1.96525e+16	1.24e-04	3.71e-01	6.29e-01
 1.97114e+16	1.39e-04	4.03e-01	5.97e-01
 1.97623e+16	1.54e-04	4.33e-01	5.67e-01
 1.98196e+16	1.73e-04	4.70e-01	5.30e-01
 1.98827e+16	1.95e-04	5.11e-01	4.89e-01
 1.99419e+16	2.17e-04	5.51e-01	4.49e-01
 2.00073e+16	2.44e-04	5.96e-01	4.04e-01
 2.00788e+16	2.75e-04	6.44e-01	3.55e-01
 2.01451e+16	3.03e-04	6.87e-01	3.13e-01
 2.02182e+16	3.36e-04	7.31e-01	2.68e-01
 2.03132e+16	3.77e-04	7.82e-01	2.17e-01
 2.04152e+16	4.17e-04	8.27e-01	1.72e-01
 2.05262e+16	4.58e-04	8.67e-01	1.33e-01
 2.06705e+16	5.05e-04	9.05e-01	9.45e-02
 2.08325e+16	5.49e-04	9.34e-01	6.58e-02
 2.10175e+16	5.94e-04	9.55e-01	4.43e-02
 2.12580e+16	6.47e-04	9.72e-01	2.75e-02
 2.15227e+16	7.03e-04	9.82e-01	1.73e-02
 2.17622e+16	7.56e-04	9.87e-01	1.18e-02
 2.19759e+16	8.07e-04	9.91e-01	8.61e-03
 2.21355e+16	8.50e-04	9.92e-01	6.99e-03
 2.22332e+16	8.77e-04	9.93e-01	6.16e-03
 2.23278e+16	9.06e-04	9.94e-01	5.42e-03
 2.24508e+16	9.46e-04	9.94e-01	4.61e-03
 2.25860e+16	9.92e-04	9.95e-01	3.91e-03
 2.27053e+16	1.04e-03	9.96e-01	3.41e-03
 2.28078e+16	1.08e-03	9.96e-01	3.03e-03
 2.29197e+16	1.14e-03	9.96e-01	2.65e-03
 2.30311e+16	1.19e-03	9.96e-01	2.36e-03
 2.31136e+16	1.24e-03	9.97e-01	2.17e-03
 2.31817e+16	1.28e-03	9.97e-01	2.02e-03
 2.32589e+16	1.33e-03	9.97e-01	1.85e-03
 2.33593e+16	1.40e-03	9.97e-01	1.67e-03
 2.34571e+16	1.47e-03	9.97e-01	1.51e-03
 2.35277e+16	1.54e-03	9.97e-01	1.41e-03
 2.35957e+16	1.60e-03	9.97e-01	1.32e-03
 2.36842e+16	1.68e-03	9.97e-01	1.21e-03
 2.37708e+16	1.78e-03	9.97e-01	1.11e-03
 2.38342e+16	1.86e-03	9.97e-01	1.05e-03
 2.38956e+16	1.94e-03	9.97e-01	9.91e-04
 2.39753e+16	2.06e-03	9.97e-01	9.18e-04
 2.40536e+16	2.19e-03	9.97e-01	8.57e-04
 2.41107e+16	2.29e-03	9.97e-01	8.16e-04
 2.41583e+16	2.38e-03	9.97e-01	7.82e-04
 2.42126e+16	2.49e-03	9.97e-01	7.43e-04
 2.42740e+16	2.64e-03	9.97e-01	7.03e-04
 2.43312e+16	2.78e-03	9.97e-01	6.69e-04
 2.43819e+16	2.93e-03	9.96e-01	6.41e-04
 2.44374e+16	3.10e-03	9.96e-01	6.09e-04
 2.44970e+16	3.30e-03	9.96e-01	5.79e-04
 2.45485e+16	3.49e-03	9.96e-01	5.55e-04
 2.45936e+16	3.69e-03	9.96e-01	5.34e-04
 2.46437e+16	3.92e-03	9.96e-01	5.12e-04
 2.46990e+16	4.21e-03	9.95e-01	4.89e-04
 2.47494e+16	4.51e-03	9.95e-01	4.69e-04
 2.47950e+16	4.82e-03	9.95e-01	4.52e-04
 2.48463e+16	5.22e-03	9.94e-01	4.32e-04
 2.49032e+16	5.73e-03	9.94e-01	4.12e-04
 2.49546e+16	6.28e-03	9.93e-01	3.95e-04
 2.49987e+16	6.80e-03	9.93e-01	3.83e-04
 2.50462e+16	7.48e-03	9.92e-01	3.68e-04
 2.50972e+16	8.35e-03	9.91e-01	3.55e-04
 2.51382e+16	9.20e-03	9.90e-01	3.44e-04
 2.51686e+16	9.92e-03	9.90e-01	3.37e-04
 2.51998e+16	1.08e-02	9.89e-01	3.29e-04
 2.52404e+16	1.21e-02	9.88e-01	3.19e-04
 2.52801e+16	1.36e-02	9.86e-01	3.11e-04
 2.53083e+16	1.50e-02	9.85e-01	3.05e-04
 2.53300e+16	1.62e-02	9.84e-01	3.02e-04
 2.53537e+16	1.77e-02	9.82e-01	2.97e-04
 2.53846e+16	1.99e-02	9.80e-01	2.93e-04
 2.54156e+16	2.27e-02	9.77e-01	2.89e-04
 2.54389e+16	2.53e-02	9.74e-01	2.87e-04
 2.54575e+16	2.76e-02	9.72e-01	2.86e-04
 2.54777e+16	3.06e-02	9.69e-01	2.85e-04
 2.55040e+16	3.51e-02	9.65e-01	2.84e-04
 2.55295e+16	4.07e-02	9.59e-01	2.85e-04
 2.55476e+16	4.56e-02	9.54e-01	2.86e-04
 2.55617e+16	4.98e-02	9.50e-01	2.89e-04
 2.55772e+16	5.52e-02	9.45e-01	2.92e-04
 2.55968e+16	6.31e-02	9.37e-01	2.96e-04
 2.56157e+16	7.24e-02	9.27e-01	3.02e-04
 2.56299e+16	8.08e-02	9.19e-01	3.07e-04
 2.56418e+16	8.85e-02	9.11e-01	3.13e-04
 2.56531e+16	9.69e-02	9.03e-01	3.18e-04
 2.56643e+16	1.06e-01	8.93e-01	3.24e-04
 2.56750e+16	1.16e-01	8.83e-01	3.30e-04
 2.56830e+16	1.24e-01	8.76e-01	3.36e-04
 2.56880e+16	1.29e-01	8.70e-01	3.39e-04
 2.56926e+16	1.35e-01	8.65e-01	3.42e-04
 2.56980e+16	1.42e-01	8.58e-01	3.46e-04
 2.57039e+16	1.49e-01	8.50e-01	3.50e-04
 2.57095e+16	1.57e-01	8.43e-01	3.55e-04
 2.57148e+16	1.64e-01	8.35e-01	3.60e-04
 2.57201e+16	1.73e-01	8.27e-01	3.63e-04
 2.57254e+16	1.81e-01	8.19e-01	3.68e-04
 2.57306e+16	1.90e-01	8.10e-01	3.72e-04
 2.57357e+16	1.99e-01	8.01e-01	3.77e-04
 2.57408e+16	2.09e-01	7.91e-01	3.82e-04
 2.57459e+16	2.19e-01	7.81e-01	3.86e-04
 2.57508e+16	2.29e-01	7.70e-01	3.90e-04
 2.57556e+16	2.40e-01	7.60e-01	3.95e-04
 2.57605e+16	2.51e-01	7.48e-01	3.98e-04
 2.57653e+16	2.62e-01	7.37e-01	4.04e-04
 2.57701e+16	2.74e-01	7.25e-01	4.08e-04
 2.57748e+16	2.87e-01	7.13e-01	4.11e-04
 2.57794e+16	3.00e-01	7.00e-01	4.15e-04
 2.57839e+16	3.12e-01	6.87e-01	4.19e-04
 2.57884e+16	3.26e-01	6.74e-01	4.23e-04
 2.57929e+16	3.39e-01	6.60e-01	4.27e-04
 2.57973e+16	3.54e-01	6.46e-01	4.30e-04
 2.58016e+16	3.68e-01	6.32e-01	4.33e-04
 2.58059e+16	3.82e-01	6.17e-01	4.36e-04
 2.58101e+16	3.97e-01	6.03e-01	4.39e-04
 2.58143e+16	4.12e-01	5.88e-01	4.41e-04
 2.58184e+16	4.27e-01	5.73e-01	4.43e-04
 2.58224e+16	4.42e-01	5.58e-01	4.45e-04
 2.58265e+16	4.57e-01	5.42e-01	4.46e-04
 2.58304e+16	4.72e-01	5.27e-01	4.48e-04
 2.58342e+16	4.87e-01	5.12e-01	4.49e-04
 2.58380e+16	5.02e-01	4.98e-01	4.50e-04
 2.58417e+16	5.17e-01	4.83e-01	4.50e-04
 2.58453e+16	5.32e-01	4.68e-01	4.50e-04
 2.58489e+16	5.46e-01	4.54e-01	4.49e-04
 2.58523e+16	5.60e-01	4.39e-01	4.48e-04
 2.58557e+16	5.74e-01	4.25e-01	4.47e-04
 2.58590e+16	5.88e-01	4.12e-01	4.46e-04
 2.58623e+16	6.01e-01	3.98e-01	4.44e-04
 2.58655e+16	6.14e-01	3.85e-01	4.42e-04
 2.58686e+16	6.27e-01	3.72e-01	4.40e-04
 2.58717e+16	6.40e-01	3.60e-01	4.37e-04
 2.58747e+16	6.52e-01	3.48e-01	4.35e-04
 2.58777e+16	6.63e-01	3.36e-01	4.32e-04
 2.58806e+16	6.75e-01	3.25e-01	4.29e-04
 2.58834e+16	6.86e-01	3.14e-01	4.25e-04
 2.58863e+16	6.97e-01	3.03e-01	4.22e-04
 2.58891e+16	7.07e-01	2.92e-01	4.18e-04
 2.58918e+16	7.17e-01	2.82e-01	4.14e-04
 2.58945e+16	7.27e-01	2.72e-01	4.10e-04
 2.58972e+16	7.37e-01	2.62e-01	4.05e-04
 2.58998e+16	7.46e-01	2.53e-01	4.01e-04
 2.59024e+16	7.55e-01	2.44e-01	3.96e-04
 2.59047e+16	7.63e-01	2.37e-01	3.92e-04
 2.59064e+16	7.69e-01	2.31e-01	3.88e-04
 2.59080e+16	7.74e-01	2.25e-01	3.84e-04
 2.59097e+16	7.80e-01	2.20e-01	3.81e-04
 2.59114e+16	7.85e-01	2.14e-01	3.77e-04
 2.59132e+16	7.91e-01	2.09e-01	3.73e-04
 2.59147e+16	7.96e-01	2.04e-01	3.69e-04
 2.59162e+16	8.01e-01	1.99e-01	3.65e-04
 2.59177e+16	8.05e-01	1.95e-01	3.62e-04
 2.59192e+16	8.10e-01	1.90e-01	3.58e-04
 2.59207e+16	8.14e-01	1.86e-01	3.54e-04
 2.59221e+16	8.18e-01	1.82e-01	3.51e-04
 2.59235e+16	8.22e-01	1.78e-01	3.47e-04
 2.59248e+16	8.26e-01	1.74e-01	3.44e-04
 2.59262e+16	8.30e-01	1.70e-01	3.40e-04
 2.59275e+16	8.33e-01	1.66e-01	3.36e-04
 2.59288e+16	8.37e-01	1.63e-01	3.33e-04
 2.59301e+16	8.40e-01	1.59e-01	3.29e-04
 2.59315e+16	8.44e-01	1.56e-01	3.25e-04
 2.59328e+16	8.47e-01	1.52e-01	3.21e-04
 2.59342e+16	8.51e-01	1.49e-01	3.18e-04
 2.59356e+16	8.54e-01	1.46e-01	3.14e-04
 2.59370e+16	8.58e-01	1.42e-01	3.09e-04
 2.59385e+16	8.61e-01	1.39e-01	3.05e-04
 2.59400e+16	8.65e-01	1.35e-01	3.01e-04
 2.59418e+16	8.69e-01	1.31e-01	2.95e-04
 2.59439e+16	8.74e-01	1.26e-01	2.89e-04
 2.59461e+16	8.78e-01	1.21e-01	2.83e-04
 2.59482e+16	8.83e-01	1.17e-01	2.77e-04
 2.59502e+16	8.87e-01	1.13e-01	2.70e-04
 2.59521e+16	8.91e-01	1.09e-01	2.64e-04
 2.59540e+16	8.94e-01	1.05e-01	2.58e-04
 2.59558e+16	8.98e-01	1.02e-01	2.52e-04
 2.59574e+16	9.01e-01	9.91e-02	2.46e-04
 2.59588e+16	9.03e-01	9.64e-02	2.41e-04
 2.59602e+16	9.06e-01	9.40e-02	2.36e-04
 2.59614e+16	9.08e-01	9.19e-02	2.32e-04
 2.59625e+16	9.10e-01	8.99e-02	2.28e-04
 2.59635e+16	9.12e-01	8.82e-02	2.24e-04
 2.59644e+16	9.13e-01	8.66e-02	2.21e-04
 2.59654e+16	9.15e-01	8.49e-02	2.17e-04
 2.59664e+16	9.17e-01	8.31e-02	2.13e-04
 2.59674e+16	9.18e-01	8.15e-02	2.10e-04
 2.59683e+16	9.20e-01	8.01e-02	2.06e-04
 2.59691e+16	9.21e-01	7.88e-02	2.03e-04
 2.59700e+16	9.22e-01	7.73e-02	2.00e-04
 2.59710e+16	9.24e-01	7.59e-02	1.96e-04
 2.59719e+16	9.25e-01	7.45e-02	1.93e-04
 2.59727e+16	9.27e-01	7.33e-02	1.90e-04
 2.59734e+16	9.28e-01	7.22e-02	1.87e-04
 2.59742e+16	9.29e-01	7.10e-02	1.84e-04
 2.59750e+16	9.30e-01	6.97e-02	1.81e-04
 2.59758e+16	9.31e-01	6.86e-02	1.78e-04
 2.59765e+16	9.32e-01	6.75e-02	1.75e-04
 2.59773e+16	9.33e-01	6.64e-02	1.72e-04
 2.59781e+16	9.35e-01	6.52e-02	1.69e-04
 2.59789e+16	9.36e-01	6.41e-02	1.66e-04
 2.59796e+16	9.37e-01	6.32e-02	1.64e-04
 2.59802e+16	9.38e-01	6.23e-02	1.61e-04
 2.59809e+16	9.39e-01	6.13e-02	1.59e-04
 2.59817e+16	9.40e-01	6.03e-02	1.56e-04
 2.59823e+16	9.40e-01	5.94e-02	1.53e-04
 2.59830e+16	9.41e-01	5.85e-02	1.51e-04
 2.59836e+16	9.42e-01	5.77e-02	1.49e-04
 2.59844e+16	9.43e-01	5.67e-02	1.46e-04
 2.59850e+16	9.44e-01	5.59e-02	1.44e-04
 2.59856e+16	9.45e-01	5.51e-02	1.41e-04
 2.59863e+16	9.46e-01	5.42e-02	1.39e-04
 2.59870e+16	9.47e-01	5.34e-02	1.36e-04
 2.59877e+16	9.47e-01	5.26e-02	1.34e-04
 2.59883e+16	9.48e-01	5.18e-02	1.32e-04
 2.59889e+16	9.49e-01	5.10e-02	1.30e-04
 2.59896e+16	9.50e-01	5.02e-02	1.28e-04
 2.59903e+16	9.50e-01	4.95e-02	1.26e-04
 2.59909e+16	9.51e-01	4.88e-02	1.23e-04
 2.59915e+16	9.52e-01	4.81e-02	1.22e-04
 2.59922e+16	9.53e-01	4.74e-02	1.19e-04
 2.59928e+16	9.53e-01	4.67e-02	1.18e-04
 2.59934e+16	9.54e-01	4.61e-02	1.16e-04
 2.59940e+16	9.54e-01	4.54e-02	1.14e-04
 2.59947e+16	9.55e-01	4.47e-02	1.12e-04
 2.59953e+16	9.56e-01	4.41e-02	1.10e-04
 2.59960e+16	9.56e-01	4.34e-02	1.08e-04
 2.59967e+16	9.57e-01	4.27e-02	1.06e-04
 2.59974e+16	9.58e-01	4.21e-02	1.05e-04
 2.59981e+16	9.58e-01	4.14e-02	1.03e-04
 2.59989e+16	9.59e-01	4.08e-02	1.01e-04
 2.59996e+16	9.60e-01	4.01e-02	9.93e-05
 2.60002e+16	9.60e-01	3.96e-02	9.80e-05
 2.60009e+16	9.61e-01	3.90e-02	9.62e-05
 2.60017e+16	9.62e-01	3.84e-02	9.46e-05
 2.60024e+16	9.62e-01	3.78e-02	9.30e-05
 2.60032e+16	9.63e-01	3.72e-02	9.14e-05
 2.60040e+16	9.63e-01	3.66e-02	8.98e-05
 2.60047e+16	9.64e-01	3.61e-02	8.82e-05
 2.60055e+16	9.64e-01	3.54e-02	8.66e-05
 2.60064e+16	9.65e-01	3.48e-02	8.50e-05
 2.60072e+16	9.66e-01	3.43e-02	8.35e-05
 2.60080e+16	9.66e-01	3.38e-02	8.23e-05
 2.60088e+16	9.67e-01	3.33e-02	8.08e-05
 2.60097e+16	9.67e-01	3.27e-02	7.93e-05
 2.60104e+16	9.68e-01	3.22e-02	7.81e-05
 2.60113e+16	9.68e-01	3.17e-02	7.66e-05
 2.60123e+16	9.69e-01	3.12e-02	7.52e-05
 2.60131e+16	9.69e-01	3.07e-02	7.40e-05
 2.60140e+16	9.70e-01	3.02e-02	7.26e-05
 2.60150e+16	9.70e-01	2.96e-02	7.12e-05
 2.60160e+16	9.71e-01	2.92e-02	7.01e-05
 2.60170e+16	9.71e-01	2.86e-02	6.86e-05
 2.60181e+16	9.72e-01	2.81e-02	6.73e-05
 2.60190e+16	9.72e-01	2.77e-02	6.62e-05
 2.60201e+16	9.73e-01	2.72e-02	6.48e-05
 2.60213e+16	9.73e-01	2.67e-02	6.36e-05
 2.60224e+16	9.74e-01	2.63e-02	6.25e-05
 2.60235e+16	9.74e-01	2.58e-02	6.12e-05
 2.60248e+16	9.75e-01	2.53e-02	5.99e-05
 2.60259e+16	9.75e-01	2.49e-02	5.89e-05
 2.60272e+16	9.76e-01	2.44e-02	5.76e-05
 2.60285e+16	9.76e-01	2.39e-02	5.65e-05
 2.60298e+16	9.76e-01	2.35e-02	5.55e-05
 2.60311e+16	9.77e-01	2.31e-02	5.43e-05
 2.60329e+16	9.77e-01	2.26e-02	5.29e-05
 2.60348e+16	9.78e-01	2.20e-02	5.17e-05
 2.60365e+16	9.78e-01	2.16e-02	5.05e-05
 2.60381e+16	9.79e-01	2.12e-02	4.95e-05
 2.60398e+16	9.79e-01	2.08e-02	4.84e-05
 2.60416e+16	9.80e-01	2.04e-02	4.74e-05
 2.60433e+16	9.80e-01	2.00e-02	4.65e-05
 2.60452e+16	9.80e-01	1.96e-02	4.54e-05
 2.60476e+16	9.81e-01	1.91e-02	4.43e-05
 2.60502e+16	9.81e-01	1.87e-02	4.32e-05
 2.60525e+16	9.82e-01	1.83e-02	4.23e-05
 2.60551e+16	9.82e-01	1.79e-02	4.12e-05
 2.60579e+16	9.82e-01	1.75e-02	4.03e-05
 2.60605e+16	9.83e-01	1.72e-02	3.95e-05
 2.60633e+16	9.83e-01	1.69e-02	3.85e-05
 2.60669e+16	9.83e-01	1.65e-02	3.75e-05
 2.60708e+16	9.84e-01	1.61e-02	3.67e-05
 2.60744e+16	9.84e-01	1.58e-02	3.59e-05
 2.60783e+16	9.84e-01	1.55e-02	3.50e-05
 2.60833e+16	9.85e-01	1.52e-02	3.41e-05
 2.60888e+16	9.85e-01	1.49e-02	3.34e-05
 2.60938e+16	9.85e-01	1.46e-02	3.27e-05
 2.60992e+16	9.86e-01	1.43e-02	3.19e-05
 2.61063e+16	9.86e-01	1.41e-02	3.12e-05
 2.61156e+16	9.86e-01	1.38e-02	3.03e-05
 2.61255e+16	9.86e-01	1.35e-02	2.96e-05
 2.61365e+16	9.87e-01	1.33e-02	2.89e-05
 2.61506e+16	9.87e-01	1.30e-02	2.80e-05
 2.61691e+16	9.87e-01	1.28e-02	2.71e-05
 2.61931e+16	9.88e-01	1.25e-02	2.60e-05
 2.62190e+16	9.88e-01	1.22e-02	2.50e-05
 2.62474e+16	9.88e-01	1.19e-02	2.39e-05
 2.62780e+16	9.88e-01	1.16e-02	2.29e-05
 2.63116e+16	9.89e-01	1.13e-02	2.18e-05
 2.63478e+16	9.89e-01	1.10e-02	2.07e-05
 2.63808e+16	9.89e-01	1.08e-02	1.98e-05
 2.64169e+16	9.89e-01	1.05e-02	1.88e-05
 2.64559e+16	9.90e-01	1.02e-02	1.78e-05
 2.64914e+16	9.90e-01	9.97e-03	1.70e-05
 2.65303e+16	9.90e-01	9.70e-03	1.61e-05
 2.65723e+16	9.91e-01	9.43e-03	1.53e-05
 2.66106e+16	9.91e-01	9.19e-03	1.45e-05
 2.66524e+16	9.91e-01	8.93e-03	1.38e-05
 2.66977e+16	9.91e-01	8.67e-03	1.30e-05
 2.67388e+16	9.92e-01	8.44e-03	1.23e-05
 2.67839e+16	9.92e-01	8.20e-03	1.16e-05
 2.68425e+16	9.92e-01	7.88e-03	1.08e-05
 2.69115e+16	9.92e-01	7.54e-03	9.90e-06
 2.69830e+16	9.93e-01	7.21e-03	9.08e-06
 2.70553e+16	9.93e-01	6.90e-03	8.34e-06
 2.71303e+16	9.93e-01	6.60e-03	7.63e-06
 2.72086e+16	9.94e-01	6.30e-03	6.97e-06
 2.72899e+16	9.94e-01	6.01e-03	6.35e-06
 2.73738e+16	9.94e-01	5.73e-03	5.78e-06
 2.74598e+16	9.95e-01	5.46e-03	5.25e-06
 2.75473e+16	9.95e-01	5.20e-03	4.77e-06
 2.76364e+16	9.95e-01	4.95e-03	4.34e-06
 2.77273e+16	9.95e-01	4.71e-03	3.94e-06
 2.78199e+16	9.96e-01	4.49e-03	3.57e-06
 2.79144e+16	9.96e-01	4.27e-03	3.24e-06
 2.80106e+16	9.96e-01	4.07e-03	2.94e-06
 2.81074e+16	9.96e-01	3.87e-03	2.66e-06
 2.82058e+16	9.96e-01	3.68e-03	2.41e-06
 2.83075e+16	9.96e-01	3.50e-03	2.18e-06
 2.84117e+16	9.97e-01	3.32e-03	1.97e-06
 2.85176e+16	9.97e-01	3.16e-03	1.78e-06
 2.86252e+16	9.97e-01	3.00e-03	1.60e-06
 2.87349e+16	9.97e-01	2.84e-03	1.44e-06
 2.88471e+16	9.97e-01	2.70e-03	1.30e-06
 2.89615e+16	9.97e-01	2.56e-03	1.17e-06
 2.90779e+16	9.98e-01	2.42e-03	1.05e-06
 2.91966e+16	9.98e-01	2.30e-03	9.42e-07
 2.93178e+16	9.98e-01	2.17e-03	8.44e-07
 2.94415e+16	9.98e-01	2.06e-03	7.56e-07
 2.95679e+16	9.98e-01	1.94e-03	6.76e-07
 2.96969e+16	9.98e-01	1.84e-03	6.03e-07
 2.98286e+16	9.98e-01	1.74e-03	5.38e-07
 2.99633e+16	9.98e-01	1.64e-03	4.79e-07
 3.01010e+16	9.98e-01	1.54e-03	4.25e-07
 3.02419e+16	9.99e-01	1.45e-03	3.77e-07
 3.03860e+16	9.99e-01	1.37e-03	3.34e-07
 3.05336e+16	9.99e-01	1.29e-03	2.95e-07
 3.06848e+16	9.99e-01	1.21e-03	2.61e-07
 3.08398e+16	9.99e-01	1.14e-03	2.29e-07
 3.09990e+16	9.99e-01	1.07e-03	2.02e-07
 3.11625e+16	9.99e-01	9.99e-04	1.77e-07
 3.13306e+16	9.99e-01	9.35e-04	1.54e-07
 3.15035e+16	9.99e-01	8.74e-04	1.35e-07
 3.16818e+16	9.99e-01	8.16e-04	1.17e-07
 3.18646e+16	9.99e-01	7.61e-04	1.01e-07
 3.20503e+16	9.99e-01	7.09e-04	8.78e-08
 3.22427e+16	9.99e-01	6.59e-04	7.56e-08
 3.24463e+16	9.99e-01	6.10e-04	6.47e-08
 3.26586e+16	9.99e-01	5.64e-04	5.50e-08
 3.28783e+16	9.99e-01	5.20e-04	4.66e-08
 3.31065e+16	1.00e+00	4.79e-04	3.93e-08
 3.33452e+16	1.00e+00	4.39e-04	3.28e-08
 3.35963e+16	1.00e+00	4.01e-04	2.73e-08
 3.38603e+16	1.00e+00	3.66e-04	2.25e-08
 3.41379e+16	1.00e+00	3.31e-04	1.83e-08
 3.44332e+16	1.00e+00	2.99e-04	1.48e-08
 3.47482e+16	1.00e+00	2.68e-04	1.18e-08
 3.50833e+16	1.00e+00	2.39e-04	9.28e-09
 3.54430e+16	1.00e+00	2.11e-04	7.19e-09
 3.58332e+16	1.00e+00	1.85e-04	5.46e-09
 3.62603e+16	1.00e+00	1.60e-04	4.04e-09
 3.67323e+16	1.00e+00	1.36e-04	2.90e-09
 3.72770e+16	1.00e+00	1.14e-04	1.99e-09
 3.78726e+16	1.00e+00	9.34e-05	1.33e-09
 3.85319e+16	1.00e+00	7.48e-05	8.46e-10
 3.92967e+16	1.00e+00	5.79e-05	5.05e-10
 4.01094e+16	1.00e+00	4.43e-05	2.95e-10
 4.09196e+16	1.00e+00	3.39e-05	1.74e-10
 4.17307e+16	1.00e+00	2.60e-05	1.03e-10
 4.25663e+16	1.00e+00	1.98e-05	6.03e-11
 4.34376e+16	1.00e+00	1.50e-05	3.48e-11
 4.43410e+16	1.00e+00	1.12e-05	1.99e-11
 4.52795e+16	1.00e+00	8.40e-06	1.13e-11
 4.62623e+16	1.00e+00	6.22e-06	6.30e-12
 4.72955e+16	1.00e+00	4.57e-06	3.45e-12
 4.83856e+16	1.00e+00	3.32e-06	1.86e-12
 4.95398e+16	1.00e+00	2.39e-06	9.79e-13
 5.07686e+16	1.00e+00	1.70e-06	5.03e-13
 5.20876e+16	1.00e+00	1.19e-06	2.50e-13
 5.35112e+16	1.00e+00	8.18e-07	1.21e-13
 5.50337e+16	1.00e+00	5.56e-07	5.64e-14
 5.65998e+16	1.00e+00	3.78e-07	2.65e-14
 5.81658e+16	1.00e+00	2.61e-07	1.27e-14
 5.97319e+16	1.00e+00	1.81e-07	6.24e-15
 6.12979e+16	1.00e+00	1.28e-07	3.11e-15
 6.28640e+16	1.00e+00	9.05e-08	1.58e-15
 6.44300e+16	1.00e+00	6.48e-08	8.17e-16
 6.59961e+16	1.00e+00	4.68e-08	4.29e-16
 6.75621e+16	1.00e+00	3.41e-08	2.29e-16
 6.91282e+16	1.00e+00	2.50e-08	1.24e-16
 7.06942e+16	1.00e+00	1.85e-08	6.78e-17
 7.22603e+16	1.00e+00	1.38e-08	3.77e-17
 7.38263e+16	1.00e+00	1.03e-08	2.12e-17
 7.53922e+16	1.00e+00	7.77e-09	1.21e-17
 7.71931e+16	1.00e+00	5.61e-09	6.33e-18
 7.92595e+16	1.00e+00	3.93e-09	3.12e-18
 8.13567e+16	1.00e+00	2.77e-09	1.56e-18
 8.36052e+16	1.00e+00	1.92e-09	7.46e-19
 8.60401e+16	1.00e+00	1.31e-09	3.47e-19
 8.85102e+16	1.00e+00	8.96e-10	1.64e-19
 9.09803e+16	1.00e+00	6.21e-10	7.89e-20
 9.35566e+16	1.00e+00	4.27e-10	3.74e-20
 9.62650e+16	1.00e+00	2.92e-10	1.75e-20
 9.90396e+16	1.00e+00	2.00e-10	8.22e-21
 1.01868e+17	1.00e+00	1.37e-10	0.00e+00
 1.04710e+17	1.00e+00	9.53e-11	0.00e+00
 1.07552e+17	1.00e+00	6.67e-11	0.00e+00
 1.10394e+17	1.00e+00	4.71e-11	0.00e+00
 1.13236e+17	1.00e+00	3.36e-11	0.00e+00
 1.16078e+17	1.00e+00	2.42e-11	0.00e+00
 1.18920e+17	1.00e+00	1.75e-11	0.00e+00
 1.21762e+17	1.00e+00	1.28e-11	0.00e+00
 1.24748e+17	1.00e+00	9.31e-12	0.00e+00
 1.27878e+17	1.00e+00	6.75e-12	0.00e+00
 1.31008e+17	1.00e+00	4.95e-12	0.00e+00
 1.34138e+17	1.00e+00	3.69e-12	0.00e+00
 1.37268e+17	1.00e+00	2.78e-12	0.00e+00
 1.40397e+17	1.00e+00	2.14e-12	0.00e+00
 1.43527e+17	1.00e+00	1.67e-12	0.00e+00
 1.46657e+17	1.00e+00	1.33e-12	0.00e+00
 1.49971e+17	1.00e+00	1.07e-12	0.00e+00
 1.53530e+17	1.00e+00	8.65e-13	0.00e+00
 1.57057e+17	1.00e+00	7.20e-13	0.00e+00
 1.60381e+17	1.00e+00	6.25e-13	0.00e+00
 1.63517e+17	1.00e+00	5.62e-13	0.00e+00
 1.66531e+17	1.00e+00	5.16e-13	0.00e+00
 1.69455e+17	1.00e+00	4.83e-13	0.00e+00
 1.72272e+17	1.00e+00	4.58e-13	0.00e+00
 1.74951e+17	1.00e+00	4.39e-13	0.00e+00
 1.77487e+17	1.00e+00	4.27e-13	0.00e+00
 1.79888e+17	1.00e+00	4.17e-13	0.00e+00
 1.82165e+17	1.00e+00	4.11e-13	0.00e+00
 1.84330e+17	1.00e+00	4.06e-13	0.00e+00
 1.86383e+17	1.00e+00	4.02e-13	0.00e+00
 1.88325e+17	1.00e+00	4.00e-13	0.00e+00
 1.90159e+17	1.00e+00	3.98e-13	0.00e+00
 1.91893e+17	1.00e+00	3.97e-13	0.00e+00
 1.93533e+17	1.00e+00	3.96e-13	0.00e+00
 1.95086e+17	1.00e+00	3.96e-13	0.00e+00
 1.96556e+17	1.00e+00	3.95e-13	0.00e+00
 1.97947e+17	1.00e+00	3.95e-13	0.00e+00
 1.99263e+17	1.00e+00	3.95e-13	0.00e+00
 2.00509e+17	1.00e+00	3.95e-13	0.00e+00
 2.01689e+17	1.00e+00	3.96e-13	0.00e+00
 2.02807e+17	1.00e+00	3.96e-13	0.00e+00
 2.03867e+17	1.00e+00	3.96e-13	0.00e+00
 2.04872e+17	1.00e+00	3.97e-13	0.00e+00
 2.05824e+17	1.00e+00	3.97e-13	0.00e+00
 2.06729e+17	1.00e+00	3.97e-13	0.00e+00
 2.07587e+17	1.00e+00	3.98e-13	0.00e+00
 2.08402e+17	1.00e+00	3.98e-13	0.00e+00
 2.09177e+17	1.00e+00	3.98e-13	0.00e+00
 2.09913e+17	1.00e+00	3.99e-13	0.00e+00
 2.10614e+17	1.00e+00	3.99e-13	0.00e+00
 2.11280e+17	1.00e+00	3.99e-13	0.00e+00
 2.11914e+17	1.00e+00	3.99e-13	0.00e+00
 2.12519e+17	1.00e+00	4.00e-13	0.00e+00
 2.13095e+17	1.00e+00	4.00e-13	0.00e+00
 2.13646e+17	1.00e+00	4.00e-13	0.00e+00
 2.14171e+17	1.00e+00	4.00e-13	0.00e+00
 2.14672e+17	1.00e+00	4.00e-13	0.00e+00
 2.15152e+17	1.00e+00	4.01e-13	0.00e+00
 2.15611e+17	1.00e+00	4.01e-13	0.00e+00
 2.16051e+17	1.00e+00	4.01e-13	0.00e+00
 2.16474e+17	1.00e+00	4.01e-13	0.00e+00
 2.16880e+17	1.00e+00	4.01e-13	0.00e+00
 2.17270e+17	1.00e+00	4.01e-13	0.00e+00
 2.17646e+17	1.00e+00	4.01e-13	0.00e+00
 2.18009e+17	1.00e+00	4.01e-13	0.00e+00
 2.18361e+17	1.00e+00	4.01e-13	0.00e+00
 2.18701e+17	1.00e+00	4.02e-13	0.00e+00
 2.19032e+17	1.00e+00	4.02e-13	0.00e+00
 2.19354e+17	1.00e+00	4.02e-13	0.00e+00
 2.19668e+17	1.00e+00	4.02e-13	0.00e+00
 2.19976e+17	1.00e+00	4.02e-13	0.00e+00
 2.20279e+17	1.00e+00	4.02e-13	0.00e+00
 2.20578e+17	1.00e+00	4.02e-13	0.00e+00
 2.20875e+17	1.00e+00	4.02e-13	0.00e+00
 2.21171e+17	1.00e+00	4.02e-13	0.00e+00
 2.21468e+17	1.00e+00	4.01e-13	0.00e+00
 2.21767e+17	1.00e+00	4.01e-13	0.00e+00
 2.22071e+17	1.00e+00	4.01e-13	0.00e+00
 2.22383e+17	1.00e+00	4.01e-13	0.00e+00
 2.22706e+17	1.00e+00	4.01e-13	0.00e+00
 2.23043e+17	1.00e+00	4.01e-13	0.00e+00
 2.23400e+17	1.00e+00	4.00e-13	0.00e+00
 2.23784e+17	1.00e+00	4.00e-13	0.00e+00
 2.24203e+17	1.00e+00	3.99e-13	0.00e+00
 2.24669e+17	1.00e+00	3.99e-13	0.00e+00
 2.25199e+17	1.00e+00	3.98e-13	0.00e+00
 2.25816e+17	1.00e+00	3.96e-13	0.00e+00
 2.26557e+17	1.00e+00	3.94e-13	0.00e+00
 2.27475e+17	1.00e+00	3.91e-13	0.00e+00
 2.28652e+17	1.00e+00	3.86e-13	0.00e+00
 2.30182e+17	1.00e+00	3.79e-13	0.00e+00
 2.32171e+17	1.00e+00	3.67e-13	0.00e+00
 2.34757e+17	1.00e+00	3.50e-13	0.00e+00
 2.38118e+17	1.00e+00	3.27e-13	0.00e+00
 2.42488e+17	1.00e+00	2.96e-13	0.00e+00
 2.48169e+17	1.00e+00	2.57e-13	0.00e+00
 2.55555e+17	1.00e+00	2.13e-13	0.00e+00
 2.64924e+17	1.00e+00	1.64e-13	0.00e+00
 2.75521e+17	1.00e+00	1.21e-13	0.00e+00
 2.86541e+17	1.00e+00	1.06e-13	0.00e+00
 2.98003e+17	1.00e+00	9.54e-14	0.00e+00
 3.09923e+17	1.00e+00	8.53e-14	0.00e+00
 3.22320e+17	1.00e+00	7.56e-14	0.00e+00
 3.35213e+17	1.00e+00	6.64e-14	0.00e+00
 3.48622e+17	1.00e+00	5.77e-14	0.00e+00
 3.62567e+17	1.00e+00	4.94e-14	0.00e+00
 3.76419e+17	1.00e+00	4.18e-14	0.00e+00
 3.89089e+17	1.00e+00	4.09e-14	0.00e+00
 4.00278e+17	1.00e+00	4.46e-14	0.00e+00
 4.10493e+17	1.00e+00	4.73e-14	0.00e+00
 4.20265e+17	1.00e+00	4.62e-14	0.00e+00
 4.29640e+17	1.00e+00	4.29e-14	0.00e+00
 4.38267e+17	1.00e+00	4.02e-14	0.00e+00
 4.45832e+17	1.00e+00	3.92e-14	0.00e+00
 4.52395e+17	1.00e+00	3.89e-14	0.00e+00
 4.57712e+17	1.00e+00	3.78e-14	0.00e+00
 4.61294e+17	1.00e+00	3.86e-14	0.00e+00
 4.63386e+17	1.00e+00	4.03e-14	0.00e+00
 4.64607e+17	1.00e+00	4.15e-14	0.00e+00
 4.65340e+17	1.00e+00	4.22e-14	0.00e+00
 4.65795e+17	1.00e+00	4.26e-14	0.00e+00
 4.66149e+17	1.00e+00	4.29e-14	0.00e+00
 4.66534e+17	1.00e+00	4.31e-14	0.00e+00
 4.66982e+17	1.00e+00	4.32e-14	0.00e+00
 4.67400e+17	1.00e+00	4.33e-14	0.00e+00
 4.67744e+17	1.00e+00	4.33e-14	0.00e+00
 4.68049e+17	1.00e+00	4.33e-14	0.00e+00
 4.68341e+17	1.00e+00	4.33e-14	0.00e+00
 4.68643e+17	1.00e+00	4.33e-14	0.00e+00
 4.68925e+17	1.00e+00	4.32e-14	0.00e+00
 4.69170e+17	1.00e+00	4.31e-14	0.00e+00
 4.69406e+17	1.00e+00	4.31e-14	0.00e+00
 4.69638e+17	1.00e+00	4.30e-14	0.00e+00
 4.69856e+17	1.00e+00	4.29e-14	0.00e+00
 4.70064e+17	1.00e+00	4.28e-14	0.00e+00
 4.70273e+17	1.00e+00	4.27e-14	0.00e+00
 4.70476e+17	1.00e+00	4.26e-14	0.00e+00
 4.70657e+17	1.00e+00	4.24e-14	0.00e+00
 4.70823e+17	1.00e+00	4.23e-14	0.00e+00
 4.70986e+17	1.00e+00	4.22e-14	0.00e+00
 4.71150e+17	1.00e+00	4.21e-14	0.00e+00
 4.71312e+17	1.00e+00	4.20e-14	0.00e+00
 4.71473e+17	1.00e+00	4.19e-14	0.00e+00
 4.71629e+17	1.00e+00	4.17e-14	0.00e+00
 4.71772e+17	1.00e+00	4.16e-14	0.00e+00
 4.71908e+17	1.00e+00	4.15e-14	0.00e+00
 4.72049e+17	1.00e+00	4.14e-14	0.00e+00
 4.72196e+17	1.00e+00	4.12e-14	0.00e+00
 4.72339e+17	1.00e+00	4.11e-14	0.00e+00
 4.72474e+17	1.00e+00	4.10e-14	0.00e+00
 4.72611e+17	1.00e+00	4.08e-14	0.00e+00
 4.72750e+17	1.00e+00	4.07e-14	0.00e+00
 4.72884e+17	1.00e+00	4.05e-14	0.00e+00
 4.73014e+17	1.00e+00	4.04e-14	0.00e+00
 4.73151e+17	1.00e+00	4.02e-14	0.00e+00
 4.73295e+17	1.00e+00	4.01e-14	0.00e+00
 4.73434e+17	1.00e+00	3.99e-14	0.00e+00
 4.73571e+17	1.00e+00	3.97e-14	0.00e+00
 4.73707e+17	1.00e+00	3.95e-14	0.00e+00
 4.73855e+17	1.00e+00	3.94e-14	0.00e+00
 4.74014e+17	1.00e+00	3.91e-14	0.00e+00
 4.74163e+17	1.00e+00	3.89e-14	0.00e+00
 4.74299e+17	1.00e+00	3.88e-14	0.00e+00
 4.74448e+17	1.00e+00	3.86e-14	0.00e+00
 4.74627e+17	1.00e+00	3.83e-14	0.00e+00
 4.74814e+17	1.00e+00	3.81e-14	0.00e+00
 4.74983e+17	1.00e+00	3.78e-14	0.00e+00
 4.75135e+17	1.00e+00	3.76e-14	0.00e+00
 4.75292e+17	1.00e+00	3.74e-14	0.00e+00
 4.75471e+17	1.00e+00	3.71e-14	0.00e+00
 4.75655e+17	1.00e+00	3.68e-14	0.00e+00
 4.75842e+17	1.00e+00	3.65e-14	0.00e+00
 4.76043e+17	1.00e+00	3.62e-14	0.00e+00
 4.76240e+17	1.00e+00	3.59e-14	0.00e+00
 4.76428e+17	1.00e+00	3.56e-14	0.00e+00
 4.76626e+17	1.00e+00	3.53e-14	0.00e+00
 4.76847e+17	1.00e+00	3.50e-14	0.00e+00
 4.77080e+17	1.00e+00	3.46e-14	0.00e+00
 4.77303e+17	1.00e+00	3.42e-14	0.00e+00
 4.77521e+17	1.00e+00	3.38e-14	0.00e+00
 4.77746e+17	1.00e+00	3.35e-14	0.00e+00
 4.77988e+17	1.00e+00	3.31e-14	0.00e+00
 4.78251e+17	1.00e+00	3.26e-14	0.00e+00
 4.78517e+17	1.00e+00	3.22e-14	0.00e+00
 4.78778e+17	1.00e+00	3.17e-14	0.00e+00
 4.79040e+17	1.00e+00	3.13e-14	0.00e+00
 4.79310e+17	1.00e+00	3.08e-14	0.00e+00
 4.79595e+17	1.00e+00	3.04e-14	0.00e+00
 4.79888e+17	1.00e+00	2.99e-14	0.00e+00
 4.80189e+17	1.00e+00	2.93e-14	0.00e+00
 4.80498e+17	1.00e+00	2.88e-14	0.00e+00
 4.80825e+17	1.00e+00	2.83e-14	0.00e+00
 4.81161e+17	1.00e+00	2.77e-14	0.00e+00
 4.81485e+17	1.00e+00	2.71e-14	0.00e+00
 4.81817e+17	1.00e+00	2.66e-14	0.00e+00
 4.82175e+17	1.00e+00	2.60e-14	0.00e+00
 4.82549e+17	1.00e+00	2.54e-14	0.00e+00
 4.82919e+17	1.00e+00	2.47e-14	0.00e+00
 4.83278e+17	1.00e+00	2.42e-14	0.00e+00
 4.83653e+17	1.00e+00	2.36e-14	0.00e+00
 4.84061e+17	1.00e+00	2.29e-14	0.00e+00
 4.84482e+17	1.00e+00	2.22e-14	0.00e+00
 4.84898e+17	1.00e+00	2.16e-14	0.00e+00
 4.85305e+17	1.00e+00	2.09e-14	0.00e+00
 4.85723e+17	1.00e+00	2.03e-14	0.00e+00
 4.86168e+17	1.00e+00	1.96e-14	0.00e+00
 4.86635e+17	1.00e+00	1.89e-14	0.00e+00
 4.87106e+17	1.00e+00	1.82e-14	0.00e+00
 4.87571e+17	1.00e+00	1.75e-14	0.00e+00
 4.88038e+17	1.00e+00	1.69e-14	0.00e+00
 4.88524e+17	1.00e+00	1.62e-14	0.00e+00
 4.89029e+17	1.00e+00	1.55e-14	0.00e+00
 4.89552e+17	1.00e+00	1.48e-14	0.00e+00
 4.90085e+17	1.00e+00	1.41e-14	0.00e+00
 4.90610e+17	1.00e+00	1.34e-14	0.00e+00
 4.91155e+17	1.00e+00	1.28e-14	0.00e+00
 4.91725e+17	1.00e+00	1.21e-14	0.00e+00
 4.92298e+17	1.00e+00	1.14e-14	0.00e+00
 4.92871e+17	1.00e+00	1.08e-14	0.00e+00
 4.93478e+17	1.00e+00	1.02e-14	0.00e+00
 4.94119e+17	1.00e+00	9.53e-15	0.00e+00
 4.94774e+17	1.00e+00	8.89e-15	0.00e+00
 4.95448e+17	1.00e+00	8.27e-15	0.00e+00
 4.96125e+17	1.00e+00	7.66e-15	0.00e+00
 4.96799e+17	1.00e+00	7.10e-15	0.00e+00
 4.97429e+17	1.00e+00	6.57e-15	0.00e+00
 4.97983e+17	1.00e+00	6.14e-15	0.00e+00
 4.98471e+17	1.00e+00	5.77e-15	0.00e+00
 4.98925e+17	1.00e+00	5.46e-15	0.00e+00
 4.99370e+17	1.00e+00	5.17e-15	0.00e+00
 4.99804e+17	1.00e+00	4.90e-15	0.00e+00
 5.00217e+17	1.00e+00	4.65e-15	0.00e+00
 5.00601e+17	1.00e+00	4.42e-15	0.00e+00
 5.00966e+17	1.00e+00	4.21e-15	0.00e+00
 5.01318e+17	1.00e+00	4.02e-15	0.00e+00
 5.01661e+17	1.00e+00	3.84e-15	0.00e+00
 5.01992e+17	1.00e+00	3.67e-15	0.00e+00
 5.02309e+17	1.00e+00	3.51e-15	0.00e+00
 5.02613e+17	1.00e+00	3.36e-15	0.00e+00
 5.02906e+17	1.00e+00	3.23e-15	0.00e+00
 5.03190e+17	1.00e+00	3.10e-15	0.00e+00
 5.03465e+17	1.00e+00	2.97e-15	0.00e+00
 5.03731e+17	1.00e+00	2.86e-15	0.00e+00
 5.03988e+17	1.00e+00	2.74e-15	0.00e+00
 5.04235e+17	1.00e+00	2.64e-15	0.00e+00
 5.04474e+17	1.00e+00	2.54e-15	0.00e+00
 5.04708e+17	1.00e+00	2.45e-15	0.00e+00
 5.04936e+17	1.00e+00	2.36e-15	0.00e+00
 5.05159e+17	1.00e+00	2.28e-15	0.00e+00
 5.05375e+17	1.00e+00	2.20e-15	0.00e+00
 5.05583e+17	1.00e+00	2.12e-15	0.00e+00
 5.05784e+17	1.00e+00	2.05e-15	0.00e+00
 5.05980e+17	1.00e+00	1.98e-15	0.00e+00
 5.06173e+17	1.00e+00	1.92e-15	0.00e+00
 5.06363e+17	1.00e+00	1.85e-15	0.00e+00
 5.06580e+17	1.00e+00	1.79e-15	0.00e+00
 5.06861e+17	1.00e+00	1.72e-15	0.00e+00
 5.07227e+17	1.00e+00	1.62e-15	0.00e+00
 5.07703e+17	1.00e+00	1.50e-15	0.00e+00
 5.08321e+17	1.00e+00	1.36e-15	0.00e+00
 5.09125e+17	1.00e+00	1.19e-15	0.00e+00
 5.10060e+17	1.00e+00	9.99e-16	0.00e+00
 5.10932e+17	1.00e+00	8.27e-16	0.00e+00
 5.11606e+17	1.00e+00	7.07e-16	0.00e+00
 5.12128e+17	1.00e+00	6.31e-16	0.00e+00
 5.12626e+17	1.00e+00	5.73e-16	0.00e+00
 5.13183e+17	1.00e+00	5.16e-16	0.00e+00
 5.13789e+17	1.00e+00	4.57e-16	0.00e+00
 5.14399e+17	1.00e+00	4.03e-16	0.00e+00
 5.14974e+17	1.00e+00	3.56e-16	0.00e+00
