#depth	C	C+	C+2	C+3	C+4	C+5	C+6	C[1]	C[2]	C[3]	C+[1]	C+[2]	CO
 1.49634e+10	4.63e-47	1.11e-35	3.32e-25	2.27e-15	8.58e-05	2.94e-01	7.06e-01	0.00e+00	0.00e+00	0.00e+00	0.00e+00	0.00e+00	0.00e+00
 4.54887e+10	0.00e+00	1.61e-35	4.45e-25	2.81e-15	9.81e-05	3.11e-01	6.89e-01	0.00e+00	0.00e+00	0.00e+00	0.00e+00	0.00e+00	0.00e+00
 7.72350e+10	1.14e-46	2.33e-35	5.96e-25	3.48e-15	1.12e-04	3.28e-01	6.72e-01	0.00e+00	0.00e+00	0.00e+00	0.00e+00	0.00e+00	0.00e+00
 1.10251e+11	0.00e+00	3.38e-35	7.97e-25	4.31e-15	1.28e-04	3.45e-01	6.54e-01	0.00e+00	0.00e+00	0.00e+00	0.00e+00	0.00e+00	0.00e+00
 1.42203e+11	2.71e-46	4.77e-35	1.04e-24	5.24e-15	1.45e-04	3.62e-01	6.38e-01	0.00e+00	0.00e+00	0.00e+00	0.00e+00	0.00e+00	1.95e-146
 1.72255e+11	0.00e+00	6.51e-35	1.34e-24	6.27e-15	1.62e-04	3.78e-01	6.22e-01	0.00e+00	0.00e+00	0.00e+00	0.00e+00	0.00e+00	6.29e-211
 2.05893e+11	5.95e-46	9.11e-35	1.74e-24	7.60e-15	1.83e-04	3.95e-01	6.05e-01	0.00e+00	0.00e+00	0.00e+00	0.00e+00	0.00e+00	1.49e-145
 2.44056e+11	0.00e+00	1.31e-34	2.32e-24	9.35e-15	2.08e-04	4.14e-01	5.86e-01	0.00e+00	0.00e+00	0.00e+00	0.00e+00	0.00e+00	1.98e-210
 2.82201e+11	1.42e-45	1.87e-34	3.05e-24	1.14e-14	2.35e-04	4.32e-01	5.67e-01	0.00e+00	0.00e+00	0.00e+00	0.00e+00	0.00e+00	1.42e-144
 3.21872e+11	0.00e+00	2.65e-34	4.02e-24	1.39e-14	2.66e-04	4.51e-01	5.48e-01	0.00e+00	0.00e+00	0.00e+00	0.00e+00	0.00e+00	7.52e-210
 3.64674e+11	3.40e-45	3.81e-34	5.33e-24	1.71e-14	3.02e-04	4.71e-01	5.29e-01	0.00e+00	0.00e+00	0.00e+00	0.00e+00	0.00e+00	2.55e-275
 4.09187e+11	0.00e+00	5.47e-34	7.08e-24	2.09e-14	3.42e-04	4.91e-01	5.09e-01	0.00e+00	0.00e+00	0.00e+00	0.00e+00	0.00e+00	9.16e-165
 4.55482e+11	8.20e-45	7.85e-34	9.38e-24	2.56e-14	3.86e-04	5.10e-01	4.89e-01	0.00e+00	0.00e+00	0.00e+00	0.00e+00	0.00e+00	1.16e-230
 5.03628e+11	0.00e+00	1.13e-33	1.24e-23	3.13e-14	4.37e-04	5.30e-01	4.69e-01	0.00e+00	0.00e+00	0.00e+00	0.00e+00	0.00e+00	9.44e-297
 5.53700e+11	1.97e-44	1.61e-33	1.64e-23	3.83e-14	4.93e-04	5.50e-01	4.50e-01	0.00e+00	0.00e+00	0.00e+00	0.00e+00	0.00e+00	1.34e-141
 6.05774e+11	0.00e+00	2.30e-33	2.17e-23	4.67e-14	5.55e-04	5.69e-01	4.30e-01	0.00e+00	0.00e+00	0.00e+00	0.00e+00	0.00e+00	3.98e-208
 6.59932e+11	4.72e-44	3.29e-33	2.86e-23	5.69e-14	6.25e-04	5.89e-01	4.11e-01	0.00e+00	0.00e+00	0.00e+00	0.00e+00	0.00e+00	7.80e-275
 7.16256e+11	0.00e+00	4.70e-33	3.77e-23	6.93e-14	7.02e-04	6.08e-01	3.92e-01	0.00e+00	0.00e+00	0.00e+00	0.00e+00	0.00e+00	2.30e-161
 7.74833e+11	1.13e-43	6.70e-33	4.97e-23	8.43e-14	7.89e-04	6.26e-01	3.73e-01	0.00e+00	0.00e+00	0.00e+00	0.00e+00	0.00e+00	1.56e-228
 8.35753e+11	0.00e+00	9.55e-33	6.54e-23	1.02e-13	8.85e-04	6.45e-01	3.54e-01	0.00e+00	0.00e+00	0.00e+00	0.00e+00	0.00e+00	3.11e-160
 8.99110e+11	2.68e-43	1.36e-32	8.60e-23	1.24e-13	9.92e-04	6.63e-01	3.36e-01	0.00e+00	0.00e+00	0.00e+00	0.00e+00	0.00e+00	7.77e-228
 9.61074e+11	0.00e+00	1.90e-32	1.11e-22	1.49e-13	1.10e-03	6.79e-01	3.20e-01	0.00e+00	0.00e+00	0.00e+00	0.00e+00	0.00e+00	3.90e-159
 1.01832e+12	5.79e-43	2.55e-32	1.40e-22	1.75e-13	1.21e-03	6.94e-01	3.05e-01	0.00e+00	0.00e+00	0.00e+00	0.00e+00	0.00e+00	3.81e-227
 1.08175e+12	0.00e+00	3.50e-32	1.79e-22	2.08e-13	1.34e-03	7.08e-01	2.90e-01	0.00e+00	0.00e+00	0.00e+00	0.00e+00	0.00e+00	3.76e-158
 1.15491e+12	1.32e-42	4.97e-32	2.34e-22	2.52e-13	1.50e-03	7.25e-01	2.74e-01	0.00e+00	0.00e+00	0.00e+00	0.00e+00	0.00e+00	1.37e-226
 1.22680e+12	0.00e+00	6.93e-32	3.03e-22	3.02e-13	1.66e-03	7.39e-01	2.59e-01	0.00e+00	0.00e+00	0.00e+00	0.00e+00	0.00e+00	4.74e-157
 1.30157e+12	2.97e-42	9.65e-32	3.91e-22	3.61e-13	1.84e-03	7.53e-01	2.45e-01	0.00e+00	0.00e+00	0.00e+00	0.00e+00	0.00e+00	6.09e-226
 1.38356e+12	0.00e+00	1.37e-31	5.12e-22	4.36e-13	2.05e-03	7.68e-01	2.30e-01	0.00e+00	0.00e+00	0.00e+00	0.00e+00	0.00e+00	6.01e-156
 1.46667e+12	6.96e-42	1.93e-31	6.66e-22	5.24e-13	2.28e-03	7.81e-01	2.16e-01	0.00e+00	0.00e+00	0.00e+00	0.00e+00	0.00e+00	2.04e-225
 1.55311e+12	0.00e+00	2.71e-31	8.66e-22	6.29e-13	2.53e-03	7.94e-01	2.03e-01	0.00e+00	0.00e+00	0.00e+00	0.00e+00	0.00e+00	7.67e-155
 1.64516e+12	1.63e-41	3.85e-31	1.13e-21	7.59e-13	2.81e-03	8.07e-01	1.90e-01	0.00e+00	0.00e+00	0.00e+00	0.00e+00	0.00e+00	7.18e-225
 1.74090e+12	0.00e+00	5.46e-31	1.48e-21	9.15e-13	3.12e-03	8.19e-01	1.78e-01	0.00e+00	0.00e+00	0.00e+00	0.00e+00	0.00e+00	1.05e-153
 1.84046e+12	3.86e-41	7.74e-31	1.94e-21	1.10e-12	3.47e-03	8.30e-01	1.67e-01	0.00e+00	0.00e+00	0.00e+00	0.00e+00	0.00e+00	0.00e+00
 1.94400e+12	0.00e+00	1.10e-30	2.54e-21	1.33e-12	3.85e-03	8.41e-01	1.55e-01	0.00e+00	0.00e+00	0.00e+00	0.00e+00	0.00e+00	1.43e-152
 2.05169e+12	9.15e-41	1.56e-30	3.32e-21	1.60e-12	4.27e-03	8.51e-01	1.45e-01	0.00e+00	0.00e+00	0.00e+00	0.00e+00	0.00e+00	0.00e+00
 2.16369e+12	0.00e+00	2.21e-30	4.34e-21	1.93e-12	4.73e-03	8.60e-01	1.35e-01	0.00e+00	0.00e+00	0.00e+00	0.00e+00	0.00e+00	1.98e-151
 2.28016e+12	2.17e-40	3.14e-30	5.67e-21	2.32e-12	5.25e-03	8.69e-01	1.26e-01	0.00e+00	0.00e+00	0.00e+00	0.00e+00	0.00e+00	0.00e+00
 2.38974e+12	0.00e+00	4.31e-30	7.23e-21	2.75e-12	5.76e-03	8.77e-01	1.18e-01	0.00e+00	0.00e+00	0.00e+00	0.00e+00	0.00e+00	2.42e-150
 2.48783e+12	4.51e-40	5.68e-30	8.93e-21	3.17e-12	6.23e-03	8.83e-01	1.11e-01	0.00e+00	0.00e+00	0.00e+00	0.00e+00	0.00e+00	0.00e+00
 2.59795e+12	0.00e+00	7.66e-30	1.12e-20	3.72e-12	6.80e-03	8.89e-01	1.04e-01	0.00e+00	0.00e+00	0.00e+00	0.00e+00	0.00e+00	2.09e-149
 2.72835e+12	9.99e-40	1.08e-29	1.46e-20	4.46e-12	7.51e-03	8.96e-01	9.68e-02	0.00e+00	0.00e+00	0.00e+00	0.00e+00	0.00e+00	0.00e+00
 2.85880e+12	0.00e+00	1.50e-29	1.88e-20	5.30e-12	8.25e-03	9.02e-01	9.01e-02	0.00e+00	0.00e+00	0.00e+00	0.00e+00	0.00e+00	2.62e-148
 2.98135e+12	2.18e-39	2.03e-29	2.36e-20	6.20e-12	8.99e-03	9.07e-01	8.44e-02	0.00e+00	0.00e+00	0.00e+00	0.00e+00	0.00e+00	0.00e+00
 3.11743e+12	0.00e+00	2.80e-29	3.02e-20	7.34e-12	9.85e-03	9.12e-01	7.86e-02	0.00e+00	0.00e+00	0.00e+00	0.00e+00	0.00e+00	2.71e-147
 3.27205e+12	5.02e-39	3.99e-29	3.96e-20	8.84e-12	1.09e-02	9.16e-01	7.26e-02	0.00e+00	0.00e+00	0.00e+00	0.00e+00	0.00e+00	0.00e+00
 3.42619e+12	0.00e+00	5.61e-29	5.14e-20	1.06e-11	1.20e-02	9.21e-01	6.73e-02	0.00e+00	0.00e+00	0.00e+00	0.00e+00	0.00e+00	3.66e-146
 3.58649e+12	1.17e-38	7.87e-29	6.66e-20	1.26e-11	1.32e-02	9.25e-01	6.23e-02	0.00e+00	0.00e+00	0.00e+00	0.00e+00	0.00e+00	1.51e-218
 3.75987e+12	0.00e+00	1.12e-28	8.74e-20	1.52e-11	1.45e-02	9.28e-01	5.74e-02	0.00e+00	0.00e+00	0.00e+00	0.00e+00	0.00e+00	4.98e-145
 3.94020e+12	2.81e-38	1.60e-28	1.15e-19	1.83e-11	1.60e-02	9.31e-01	5.29e-02	0.00e+00	0.00e+00	0.00e+00	0.00e+00	0.00e+00	0.00e+00
 4.11008e+12	0.00e+00	2.22e-28	1.47e-19	2.16e-11	1.75e-02	9.33e-01	4.90e-02	0.00e+00	0.00e+00	0.00e+00	0.00e+00	0.00e+00	6.36e-144
 4.26259e+12	5.94e-38	2.93e-28	1.82e-19	2.50e-11	1.89e-02	9.35e-01	4.59e-02	0.00e+00	0.00e+00	0.00e+00	0.00e+00	0.00e+00	0.00e+00
 4.43408e+12	0.00e+00	3.99e-28	2.30e-19	2.93e-11	2.06e-02	9.37e-01	4.27e-02	0.00e+00	0.00e+00	0.00e+00	0.00e+00	0.00e+00	5.77e-143
 4.63659e+12	1.34e-37	5.67e-28	3.00e-19	3.51e-11	2.26e-02	9.38e-01	3.92e-02	0.00e+00	0.00e+00	0.00e+00	0.00e+00	0.00e+00	0.00e+00
 4.83855e+12	0.00e+00	7.95e-28	3.88e-19	4.18e-11	2.48e-02	9.39e-01	3.62e-02	0.00e+00	0.00e+00	0.00e+00	0.00e+00	0.00e+00	7.57e-142
 5.02791e+12	2.98e-37	1.08e-27	4.90e-19	4.90e-11	2.69e-02	9.40e-01	3.36e-02	0.00e+00	0.00e+00	0.00e+00	0.00e+00	0.00e+00	0.00e+00
 5.23829e+12	0.00e+00	1.49e-27	6.27e-19	5.79e-11	2.93e-02	9.40e-01	3.10e-02	0.00e+00	0.00e+00	0.00e+00	0.00e+00	0.00e+00	8.02e-141
 5.47775e+12	7.03e-37	2.15e-27	8.30e-19	7.00e-11	3.23e-02	9.39e-01	2.83e-02	0.00e+00	0.00e+00	0.00e+00	0.00e+00	0.00e+00	0.00e+00
 5.71294e+12	0.00e+00	3.03e-27	1.08e-18	8.35e-11	3.54e-02	9.39e-01	2.60e-02	0.00e+00	0.00e+00	0.00e+00	0.00e+00	0.00e+00	1.12e-139
 5.95755e+12	1.64e-36	4.28e-27	1.40e-18	9.96e-11	3.87e-02	9.37e-01	2.39e-02	0.00e+00	0.00e+00	0.00e+00	0.00e+00	0.00e+00	0.00e+00
 6.22577e+12	0.00e+00	6.15e-27	1.85e-18	1.20e-10	4.26e-02	9.36e-01	2.18e-02	0.00e+00	0.00e+00	0.00e+00	0.00e+00	0.00e+00	1.56e-138
 6.49611e+12	4.00e-36	8.76e-27	2.42e-18	1.44e-10	4.67e-02	9.33e-01	1.99e-02	0.00e+00	0.00e+00	0.00e+00	0.00e+00	0.00e+00	0.00e+00
 6.77726e+12	0.00e+00	1.25e-26	3.17e-18	1.73e-10	5.12e-02	9.31e-01	1.82e-02	0.00e+00	0.00e+00	0.00e+00	0.00e+00	0.00e+00	2.16e-137
 7.06772e+12	9.60e-36	1.78e-26	4.15e-18	2.07e-10	5.60e-02	9.27e-01	1.66e-02	0.00e+00	0.00e+00	0.00e+00	0.00e+00	0.00e+00	0.00e+00
 7.35305e+12	0.00e+00	2.48e-26	5.35e-18	2.46e-10	6.10e-02	9.24e-01	1.52e-02	0.00e+00	0.00e+00	0.00e+00	0.00e+00	0.00e+00	2.75e-136
 7.66035e+12	2.23e-35	3.51e-26	6.98e-18	2.94e-10	6.66e-02	9.20e-01	1.38e-02	0.00e+00	0.00e+00	0.00e+00	0.00e+00	0.00e+00	0.00e+00
 7.99669e+12	0.00e+00	5.05e-26	9.23e-18	3.55e-10	7.31e-02	9.14e-01	1.25e-02	0.00e+00	0.00e+00	0.00e+00	0.00e+00	0.00e+00	3.84e-135
 8.34648e+12	5.51e-35	7.28e-26	1.22e-17	4.28e-10	8.01e-02	9.09e-01	1.13e-02	0.00e+00	0.00e+00	0.00e+00	0.00e+00	0.00e+00	0.00e+00
 8.71027e+12	0.00e+00	1.05e-25	1.62e-17	5.16e-10	8.78e-02	9.02e-01	1.03e-02	0.00e+00	0.00e+00	0.00e+00	0.00e+00	0.00e+00	5.70e-134
 9.08860e+12	1.36e-34	1.51e-25	2.14e-17	6.22e-10	9.61e-02	8.95e-01	9.25e-03	0.00e+00	0.00e+00	0.00e+00	0.00e+00	0.00e+00	4.11e-98
 9.43070e+12	2.01e-34	2.08e-25	2.73e-17	7.33e-10	1.04e-01	8.88e-01	8.45e-03	0.00e+00	0.00e+00	0.00e+00	0.00e+00	0.00e+00	0.00e+00
 9.71562e+12	2.76e-34	2.68e-25	3.32e-17	8.36e-10	1.11e-01	8.81e-01	7.85e-03	0.00e+00	0.00e+00	0.00e+00	0.00e+00	0.00e+00	1.33e-114
 1.00277e+13	3.86e-34	3.51e-25	4.09e-17	9.61e-10	1.18e-01	8.74e-01	7.25e-03	0.00e+00	0.00e+00	0.00e+00	0.00e+00	0.00e+00	4.24e-97
 1.04232e+13	5.81e-34	4.89e-25	5.27e-17	1.14e-09	1.28e-01	8.65e-01	6.58e-03	0.00e+00	0.00e+00	0.00e+00	0.00e+00	0.00e+00	2.26e-282
 1.08357e+13	8.75e-34	6.83e-25	6.82e-17	1.35e-09	1.39e-01	8.55e-01	5.95e-03	0.00e+00	0.00e+00	0.00e+00	0.00e+00	0.00e+00	2.85e-113
 1.12012e+13	1.24e-33	9.06e-25	8.48e-17	1.56e-09	1.49e-01	8.46e-01	5.45e-03	0.00e+00	0.00e+00	0.00e+00	0.00e+00	0.00e+00	5.77e-96
 1.15422e+13	1.70e-33	1.17e-24	1.03e-16	1.78e-09	1.58e-01	8.37e-01	5.04e-03	0.00e+00	0.00e+00	0.00e+00	0.00e+00	0.00e+00	0.00e+00
 1.19308e+13	2.40e-33	1.55e-24	1.28e-16	2.06e-09	1.69e-01	8.27e-01	4.61e-03	0.00e+00	0.00e+00	0.00e+00	0.00e+00	0.00e+00	4.19e-112
 1.24085e+13	3.61e-33	2.15e-24	1.65e-16	2.44e-09	1.82e-01	8.14e-01	4.15e-03	0.00e+00	0.00e+00	0.00e+00	0.00e+00	0.00e+00	6.25e-95
 1.28846e+13	5.34e-33	2.96e-24	2.11e-16	2.87e-09	1.96e-01	8.00e-01	3.74e-03	0.00e+00	0.00e+00	0.00e+00	0.00e+00	0.00e+00	0.00e+00
 1.32985e+13	7.38e-33	3.85e-24	2.59e-16	3.29e-09	2.08e-01	7.88e-01	3.43e-03	0.00e+00	0.00e+00	0.00e+00	0.00e+00	0.00e+00	8.49e-111
 1.37491e+13	1.04e-32	5.06e-24	3.20e-16	3.79e-09	2.21e-01	7.75e-01	3.12e-03	0.00e+00	0.00e+00	0.00e+00	0.00e+00	0.00e+00	6.58e-94
 1.42987e+13	1.54e-32	6.99e-24	4.11e-16	4.47e-09	2.38e-01	7.59e-01	2.79e-03	0.00e+00	0.00e+00	0.00e+00	0.00e+00	0.00e+00	6.20e-110
 1.48604e+13	2.27e-32	9.56e-24	5.24e-16	5.24e-09	2.55e-01	7.43e-01	2.50e-03	0.00e+00	0.00e+00	0.00e+00	0.00e+00	0.00e+00	3.81e-93
 1.53775e+13	3.19e-32	1.26e-23	6.48e-16	6.03e-09	2.71e-01	7.27e-01	2.26e-03	0.00e+00	0.00e+00	0.00e+00	0.00e+00	0.00e+00	4.48e-109
 1.59535e+13	4.59e-32	1.69e-23	8.12e-16	7.00e-09	2.88e-01	7.10e-01	2.03e-03	0.00e+00	0.00e+00	0.00e+00	0.00e+00	0.00e+00	1.86e-92
 1.66196e+13	6.84e-32	2.34e-23	1.04e-15	8.24e-09	3.08e-01	6.90e-01	1.80e-03	0.00e+00	0.00e+00	0.00e+00	0.00e+00	0.00e+00	3.63e-108
 1.72748e+13	9.95e-32	3.16e-23	1.32e-15	9.60e-09	3.28e-01	6.71e-01	1.60e-03	0.00e+00	0.00e+00	0.00e+00	0.00e+00	0.00e+00	1.08e-91
 1.79031e+13	1.40e-31	4.17e-23	1.63e-15	1.10e-08	3.46e-01	6.52e-01	1.43e-03	0.00e+00	0.00e+00	0.00e+00	0.00e+00	0.00e+00	2.64e-107
 1.85959e+13	2.01e-31	5.58e-23	2.04e-15	1.27e-08	3.66e-01	6.32e-01	1.27e-03	0.00e+00	0.00e+00	0.00e+00	0.00e+00	0.00e+00	5.37e-91
 1.93697e+13	2.95e-31	7.61e-23	2.58e-15	1.49e-08	3.88e-01	6.11e-01	1.12e-03	0.00e+00	0.00e+00	0.00e+00	0.00e+00	0.00e+00	2.12e-106
 2.00729e+13	4.11e-31	9.94e-23	3.17e-15	1.69e-08	4.08e-01	5.91e-01	1.00e-03	0.00e+00	0.00e+00	0.00e+00	0.00e+00	0.00e+00	2.80e-90
 2.06644e+13	5.37e-31	1.23e-22	3.74e-15	1.88e-08	4.24e-01	5.75e-01	9.13e-04	0.00e+00	0.00e+00	0.00e+00	0.00e+00	0.00e+00	1.16e-105
 2.13149e+13	7.14e-31	1.55e-22	4.45e-15	2.10e-08	4.41e-01	5.58e-01	8.26e-04	0.00e+00	0.00e+00	0.00e+00	0.00e+00	0.00e+00	1.01e-89
 2.21312e+13	1.01e-30	2.04e-22	5.49e-15	2.40e-08	4.63e-01	5.37e-01	7.31e-04	0.00e+00	0.00e+00	0.00e+00	0.00e+00	0.00e+00	6.94e-105
 2.29485e+13	1.40e-30	2.65e-22	6.70e-15	2.72e-08	4.83e-01	5.16e-01	6.48e-04	0.00e+00	0.00e+00	0.00e+00	0.00e+00	0.00e+00	4.88e-89
 2.36381e+13	1.82e-30	3.28e-22	7.87e-15	3.01e-08	5.00e-01	5.00e-01	5.88e-04	0.00e+00	0.00e+00	0.00e+00	0.00e+00	0.00e+00	3.83e-104
 2.43764e+13	2.39e-30	4.08e-22	9.28e-15	3.34e-08	5.17e-01	4.82e-01	5.30e-04	0.00e+00	0.00e+00	0.00e+00	0.00e+00	0.00e+00	1.75e-88
 2.53045e+13	3.33e-30	5.32e-22	1.13e-14	3.78e-08	5.38e-01	4.62e-01	4.67e-04	0.00e+00	0.00e+00	0.00e+00	0.00e+00	0.00e+00	2.23e-103
 2.62696e+13	4.62e-30	6.91e-22	1.38e-14	4.28e-08	5.59e-01	4.41e-01	4.11e-04	0.00e+00	0.00e+00	0.00e+00	0.00e+00	0.00e+00	8.45e-88
 2.71350e+13	6.13e-30	8.65e-22	1.63e-14	4.74e-08	5.76e-01	4.23e-01	3.67e-04	0.00e+00	0.00e+00	0.00e+00	0.00e+00	0.00e+00	1.34e-102
 2.80805e+13	8.24e-30	1.09e-21	1.95e-14	5.28e-08	5.95e-01	4.05e-01	3.26e-04	0.00e+00	0.00e+00	0.00e+00	0.00e+00	0.00e+00	3.42e-87
 2.91169e+13	1.12e-29	1.40e-21	2.34e-14	5.91e-08	6.14e-01	3.86e-01	2.87e-04	0.00e+00	0.00e+00	0.00e+00	0.00e+00	0.00e+00	8.14e-102
 3.00635e+13	1.48e-29	1.74e-21	2.75e-14	6.52e-08	6.31e-01	3.69e-01	2.56e-04	0.00e+00	0.00e+00	0.00e+00	0.00e+00	0.00e+00	1.42e-86
 3.10860e+13	1.96e-29	2.18e-21	3.25e-14	7.21e-08	6.48e-01	3.52e-01	2.27e-04	0.00e+00	0.00e+00	0.00e+00	0.00e+00	0.00e+00	4.32e-101
 3.22313e+13	2.66e-29	2.78e-21	3.89e-14	8.03e-08	6.65e-01	3.34e-01	1.99e-04	0.00e+00	0.00e+00	0.00e+00	0.00e+00	0.00e+00	6.04e-86
 3.33120e+13	3.51e-29	3.45e-21	4.58e-14	8.85e-08	6.81e-01	3.18e-01	1.76e-04	0.00e+00	0.00e+00	0.00e+00	0.00e+00	0.00e+00	2.51e-100
 3.44929e+13	4.70e-29	4.34e-21	5.42e-14	9.77e-08	6.98e-01	3.02e-01	1.55e-04	0.00e+00	0.00e+00	0.00e+00	0.00e+00	0.00e+00	2.47e-85
 3.58022e+13	6.41e-29	5.54e-21	6.48e-14	1.09e-07	7.15e-01	2.85e-01	1.35e-04	0.00e+00	0.00e+00	0.00e+00	0.00e+00	0.00e+00	1.56e-99
 3.70216e+13	8.45e-29	6.89e-21	7.61e-14	1.19e-07	7.29e-01	2.71e-01	1.19e-04	0.00e+00	0.00e+00	0.00e+00	0.00e+00	0.00e+00	1.07e-84
 3.83501e+13	1.13e-28	8.65e-21	8.98e-14	1.31e-07	7.44e-01	2.56e-01	1.05e-04	0.00e+00	0.00e+00	0.00e+00	0.00e+00	0.00e+00	8.90e-99
 3.98360e+13	1.54e-28	1.10e-20	1.07e-13	1.46e-07	7.59e-01	2.40e-01	9.05e-05	0.00e+00	0.00e+00	0.00e+00	0.00e+00	0.00e+00	4.85e-84
 4.12398e+13	2.04e-28	1.38e-20	1.26e-13	1.60e-07	7.73e-01	2.27e-01	7.93e-05	0.00e+00	0.00e+00	0.00e+00	0.00e+00	0.00e+00	5.58e-98
 4.27618e+13	2.74e-28	1.73e-20	1.49e-13	1.76e-07	7.86e-01	2.14e-01	6.91e-05	0.00e+00	0.00e+00	0.00e+00	0.00e+00	0.00e+00	2.10e-83
 4.44586e+13	3.76e-28	2.22e-20	1.78e-13	1.95e-07	8.00e-01	2.00e-01	5.95e-05	0.00e+00	0.00e+00	0.00e+00	0.00e+00	0.00e+00	3.72e-97
 4.60832e+13	5.02e-28	2.78e-20	2.09e-13	2.14e-07	8.12e-01	1.88e-01	5.18e-05	0.00e+00	0.00e+00	0.00e+00	0.00e+00	0.00e+00	9.84e-83
 4.78164e+13	6.75e-28	3.50e-20	2.47e-13	2.35e-07	8.24e-01	1.76e-01	4.49e-05	0.00e+00	0.00e+00	0.00e+00	0.00e+00	0.00e+00	2.34e-96
 4.97590e+13	9.29e-28	4.48e-20	2.95e-13	2.59e-07	8.36e-01	1.64e-01	3.84e-05	0.00e+00	0.00e+00	0.00e+00	0.00e+00	0.00e+00	4.82e-82
 5.16974e+13	1.26e-27	5.68e-20	3.50e-13	2.85e-07	8.47e-01	1.53e-01	3.31e-05	0.00e+00	0.00e+00	0.00e+00	0.00e+00	0.00e+00	1.68e-95
 5.37133e+13	1.71e-27	7.20e-20	4.14e-13	3.13e-07	8.57e-01	1.43e-01	2.85e-05	0.00e+00	0.00e+00	0.00e+00	0.00e+00	0.00e+00	2.36e-81
 5.58917e+13	2.35e-27	9.19e-20	4.92e-13	3.45e-07	8.67e-01	1.33e-01	2.44e-05	0.00e+00	0.00e+00	0.00e+00	0.00e+00	0.00e+00	1.20e-94
 5.81573e+13	3.22e-27	1.17e-19	5.85e-13	3.79e-07	8.76e-01	1.24e-01	2.09e-05	0.00e+00	0.00e+00	0.00e+00	0.00e+00	0.00e+00	1.23e-80
 6.03786e+13	4.34e-27	1.48e-19	6.88e-13	4.14e-07	8.84e-01	1.15e-01	1.80e-05	0.00e+00	0.00e+00	0.00e+00	0.00e+00	0.00e+00	8.48e-94
 6.24406e+13	5.66e-27	1.81e-19	7.95e-13	4.48e-07	8.91e-01	1.08e-01	1.58e-05	0.00e+00	0.00e+00	0.00e+00	0.00e+00	0.00e+00	5.44e-80
 6.47201e+13	7.52e-27	2.25e-19	9.26e-13	4.87e-07	8.99e-01	1.01e-01	1.37e-05	0.00e+00	0.00e+00	0.00e+00	0.00e+00	0.00e+00	4.93e-93
 6.70637e+13	9.97e-27	2.80e-19	1.08e-12	5.28e-07	9.05e-01	9.49e-02	1.19e-05	0.00e+00	0.00e+00	0.00e+00	0.00e+00	0.00e+00	2.44e-79
 6.90222e+13	1.25e-26	3.33e-19	1.22e-12	5.64e-07	9.10e-01	8.99e-02	1.06e-05	0.00e+00	0.00e+00	0.00e+00	0.00e+00	0.00e+00	2.52e-92
 7.10890e+13	1.58e-26	3.98e-19	1.38e-12	6.02e-07	9.15e-01	8.51e-02	9.44e-06	0.00e+00	0.00e+00	0.00e+00	0.00e+00	0.00e+00	8.35e-79
 7.37173e+13	2.11e-26	4.96e-19	1.61e-12	6.53e-07	9.21e-01	7.94e-02	8.18e-06	0.00e+00	0.00e+00	0.00e+00	0.00e+00	0.00e+00	1.35e-91
 7.64637e+13	2.82e-26	6.19e-19	1.87e-12	7.09e-07	9.26e-01	7.41e-02	7.08e-06	0.00e+00	0.00e+00	0.00e+00	0.00e+00	0.00e+00	3.90e-78
 7.88987e+13	3.61e-26	7.48e-19	2.13e-12	7.59e-07	9.30e-01	6.98e-02	6.25e-06	0.00e+00	0.00e+00	0.00e+00	0.00e+00	0.00e+00	7.62e-91
 8.15406e+13	4.70e-26	9.13e-19	2.44e-12	8.16e-07	9.34e-01	6.55e-02	5.49e-06	0.00e+00	0.00e+00	0.00e+00	0.00e+00	0.00e+00	1.54e-77
 8.44925e+13	6.22e-26	1.13e-18	2.83e-12	8.82e-07	9.39e-01	6.12e-02	4.77e-06	0.00e+00	0.00e+00	0.00e+00	0.00e+00	0.00e+00	4.40e-90
 8.72657e+13	8.04e-26	1.37e-18	3.24e-12	9.45e-07	9.42e-01	5.76e-02	4.20e-06	0.00e+00	0.00e+00	0.00e+00	0.00e+00	0.00e+00	6.57e-77
 9.02891e+13	1.05e-25	1.69e-18	3.72e-12	1.02e-06	9.46e-01	5.39e-02	3.67e-06	0.00e+00	0.00e+00	0.00e+00	0.00e+00	0.00e+00	2.41e-89
 9.36476e+13	1.41e-25	2.10e-18	4.33e-12	1.10e-06	9.50e-01	5.03e-02	3.18e-06	0.00e+00	0.00e+00	0.00e+00	0.00e+00	0.00e+00	2.99e-76
 9.67760e+13	1.83e-25	2.56e-18	4.95e-12	1.18e-06	9.53e-01	4.72e-02	2.79e-06	0.00e+00	0.00e+00	0.00e+00	0.00e+00	0.00e+00	1.43e-88
 1.00177e+14	2.41e-25	3.15e-18	5.70e-12	1.27e-06	9.56e-01	4.42e-02	2.44e-06	0.00e+00	0.00e+00	0.00e+00	0.00e+00	0.00e+00	1.28e-75
 1.03980e+14	3.24e-25	3.95e-18	6.63e-12	1.37e-06	9.59e-01	4.11e-02	2.11e-06	0.00e+00	0.00e+00	0.00e+00	0.00e+00	0.00e+00	2.87e-75
 1.07565e+14	4.25e-25	4.84e-18	7.61e-12	1.47e-06	9.62e-01	3.85e-02	1.84e-06	0.00e+00	0.00e+00	0.00e+00	0.00e+00	0.00e+00	5.99e-75
 1.11469e+14	5.64e-25	6.00e-18	8.80e-12	1.58e-06	9.64e-01	3.59e-02	1.60e-06	0.00e+00	0.00e+00	0.00e+00	0.00e+00	0.00e+00	1.30e-74
 1.15819e+14	7.65e-25	7.55e-18	1.03e-11	1.72e-06	9.67e-01	3.34e-02	1.38e-06	0.00e+00	0.00e+00	0.00e+00	0.00e+00	0.00e+00	2.98e-74
 1.19938e+14	1.01e-24	9.31e-18	1.18e-11	1.84e-06	9.69e-01	3.12e-02	1.20e-06	0.00e+00	0.00e+00	0.00e+00	0.00e+00	0.00e+00	6.37e-74
 1.24362e+14	1.35e-24	1.16e-17	1.37e-11	1.99e-06	9.71e-01	2.91e-02	1.04e-06	0.00e+00	0.00e+00	0.00e+00	0.00e+00	0.00e+00	1.40e-73
 1.29366e+14	1.85e-24	1.47e-17	1.61e-11	2.15e-06	9.73e-01	2.69e-02	8.90e-07	0.00e+00	0.00e+00	0.00e+00	0.00e+00	0.00e+00	3.31e-73
 1.34290e+14	2.49e-24	1.83e-17	1.87e-11	2.33e-06	9.75e-01	2.50e-02	0.00e+00	0.00e+00	0.00e+00	0.00e+00	0.00e+00	0.00e+00	7.47e-73
 1.39411e+14	3.35e-24	2.30e-17	2.17e-11	2.51e-06	9.77e-01	2.33e-02	0.00e+00	0.00e+00	0.00e+00	0.00e+00	0.00e+00	0.00e+00	1.69e-72
 1.45017e+14	4.59e-24	2.91e-17	2.55e-11	2.72e-06	9.78e-01	2.15e-02	0.00e+00	0.00e+00	0.00e+00	0.00e+00	0.00e+00	0.00e+00	3.99e-72
 1.50712e+14	6.24e-24	3.66e-17	2.97e-11	2.94e-06	9.80e-01	2.00e-02	0.00e+00	0.00e+00	0.00e+00	0.00e+00	0.00e+00	0.00e+00	9.24e-72
 1.56635e+14	8.49e-24	4.62e-17	3.47e-11	3.18e-06	9.81e-01	1.85e-02	0.00e+00	0.00e+00	0.00e+00	0.00e+00	1.48e-17	3.14e-17	2.14e-71
 1.62559e+14	1.14e-23	5.77e-17	4.03e-11	3.43e-06	9.83e-01	1.72e-02	0.00e+00	0.00e+00	0.00e+00	0.00e+00	1.91e-17	3.85e-17	4.80e-71
 1.68154e+14	1.49e-23	7.06e-17	4.62e-11	3.68e-06	9.84e-01	1.61e-02	0.00e+00	0.00e+00	0.00e+00	0.00e+00	2.34e-17	4.72e-17	1.00e-70
 1.74344e+14	1.99e-23	8.77e-17	5.34e-11	3.96e-06	9.85e-01	1.50e-02	0.00e+00	0.00e+00	0.00e+00	0.00e+00	2.91e-17	5.86e-17	2.20e-70
 1.80553e+14	2.63e-23	1.08e-16	6.15e-11	4.25e-06	9.86e-01	1.40e-02	0.00e+00	0.00e+00	0.00e+00	0.00e+00	3.59e-17	7.22e-17	4.71e-70
 1.85698e+14	3.29e-23	1.28e-16	6.88e-11	4.50e-06	9.87e-01	1.32e-02	0.00e+00	0.00e+00	0.00e+00	0.00e+00	4.25e-17	8.55e-17	8.68e-70
 1.91146e+14	4.13e-23	1.52e-16	7.73e-11	4.78e-06	9.88e-01	1.25e-02	0.00e+00	0.00e+00	0.00e+00	0.00e+00	5.05e-17	1.02e-16	1.63e-69
 1.98126e+14	5.49e-23	1.88e-16	8.94e-11	5.14e-06	9.88e-01	1.16e-02	0.00e+00	0.00e+00	0.00e+00	0.00e+00	6.25e-17	1.26e-16	3.53e-69
 2.05453e+14	7.32e-23	2.34e-16	1.03e-10	5.54e-06	9.89e-01	1.08e-02	0.00e+00	0.00e+00	0.00e+00	0.00e+00	7.77e-17	1.56e-16	7.78e-69
 2.11922e+14	9.36e-23	2.82e-16	1.17e-10	5.90e-06	9.90e-01	1.02e-02	0.00e+00	0.00e+00	0.00e+00	0.00e+00	9.34e-17	1.88e-16	1.52e-68
 2.18915e+14	1.21e-22	3.42e-16	1.34e-10	6.31e-06	9.90e-01	9.51e-03	0.00e+00	0.00e+00	0.00e+00	0.00e+00	1.13e-16	2.28e-16	3.05e-68
 2.27339e+14	1.63e-22	4.28e-16	1.56e-10	6.82e-06	9.91e-01	8.82e-03	0.00e+00	0.00e+00	0.00e+00	0.00e+00	1.42e-16	2.86e-16	6.89e-68
 2.35887e+14	2.18e-22	5.34e-16	1.81e-10	7.36e-06	9.92e-01	8.18e-03	0.00e+00	0.00e+00	0.00e+00	0.00e+00	1.77e-16	3.57e-16	1.52e-67
 2.43868e+14	2.84e-22	6.51e-16	2.07e-10	7.87e-06	9.92e-01	7.65e-03	0.00e+00	0.00e+00	0.00e+00	0.00e+00	2.16e-16	4.35e-16	3.12e-67
 2.52746e+14	3.76e-22	8.05e-16	2.39e-10	8.48e-06	9.93e-01	7.12e-03	0.00e+00	0.00e+00	0.00e+00	0.00e+00	2.67e-16	5.38e-16	6.71e-67
 2.62187e+14	5.02e-22	1.00e-15	2.77e-10	9.14e-06	9.93e-01	6.61e-03	0.00e+00	0.00e+00	0.00e+00	0.00e+00	3.32e-16	6.70e-16	1.47e-66
 2.70579e+14	6.43e-22	1.21e-15	3.15e-10	9.76e-06	9.94e-01	6.20e-03	0.00e+00	0.00e+00	0.00e+00	0.00e+00	4.01e-16	8.08e-16	2.90e-66
 2.79598e+14	8.32e-22	1.47e-15	3.60e-10	1.04e-05	9.94e-01	5.80e-03	0.00e+00	0.00e+00	0.00e+00	0.00e+00	4.87e-16	9.82e-16	5.84e-66
 2.90404e+14	1.12e-21	1.84e-15	4.19e-10	1.13e-05	9.95e-01	5.36e-03	0.00e+00	0.00e+00	0.00e+00	0.00e+00	6.11e-16	1.23e-15	1.31e-65
 3.01033e+14	1.49e-21	2.28e-15	4.85e-10	1.22e-05	9.95e-01	4.98e-03	0.00e+00	0.00e+00	0.00e+00	0.00e+00	7.56e-16	1.52e-15	2.82e-65
 3.10486e+14	1.90e-21	2.74e-15	5.50e-10	1.30e-05	9.95e-01	4.68e-03	0.00e+00	0.00e+00	0.00e+00	0.00e+00	9.09e-16	1.83e-15	5.47e-65
 3.20914e+14	2.45e-21	3.33e-15	6.29e-10	1.39e-05	9.96e-01	4.37e-03	0.00e+00	0.00e+00	0.00e+00	0.00e+00	1.11e-15	2.23e-15	1.10e-64
 3.33360e+14	3.31e-21	4.18e-15	7.34e-10	1.50e-05	9.96e-01	4.04e-03	0.00e+00	0.00e+00	0.00e+00	0.00e+00	1.39e-15	2.79e-15	2.48e-64
 3.45717e+14	4.40e-21	5.19e-15	8.50e-10	1.62e-05	9.96e-01	3.75e-03	0.00e+00	0.00e+00	0.00e+00	0.00e+00	1.72e-15	3.47e-15	5.39e-64
 3.56991e+14	5.65e-21	6.28e-15	9.68e-10	1.73e-05	9.96e-01	3.51e-03	0.00e+00	0.00e+00	0.00e+00	0.00e+00	2.08e-15	4.20e-15	1.07e-63
 3.69569e+14	7.40e-21	7.70e-15	1.11e-09	1.86e-05	9.97e-01	3.27e-03	0.00e+00	0.00e+00	0.00e+00	0.00e+00	2.55e-15	5.15e-15	2.22e-63
 3.84226e+14	1.00e-20	9.70e-15	1.30e-09	2.02e-05	9.97e-01	3.02e-03	0.00e+00	0.00e+00	0.00e+00	0.00e+00	3.22e-15	6.49e-15	5.08e-63
 3.98631e+14	1.34e-20	1.21e-14	1.51e-09	2.18e-05	9.97e-01	2.80e-03	0.00e+00	0.00e+00	0.00e+00	0.00e+00	4.00e-15	8.07e-15	1.11e-62
 4.12219e+14	1.74e-20	1.47e-14	1.73e-09	2.34e-05	9.97e-01	2.61e-03	0.00e+00	0.00e+00	0.00e+00	0.00e+00	4.88e-15	9.84e-15	2.27e-62
 4.27344e+14	2.30e-20	1.82e-14	2.01e-09	2.52e-05	9.98e-01	2.43e-03	0.00e+00	0.00e+00	0.00e+00	0.00e+00	6.04e-15	1.22e-14	4.88e-62
 4.44468e+14	3.13e-20	2.30e-14	2.35e-09	2.73e-05	9.98e-01	2.24e-03	0.00e+00	0.00e+00	0.00e+00	0.00e+00	7.61e-15	1.54e-14	1.13e-61
 4.61595e+14	4.21e-20	2.88e-14	2.74e-09	2.95e-05	9.98e-01	2.07e-03	0.00e+00	0.00e+00	0.00e+00	0.00e+00	9.53e-15	1.92e-14	2.52e-61
 4.77637e+14	5.50e-20	3.52e-14	3.14e-09	3.17e-05	9.98e-01	1.93e-03	0.00e+00	0.00e+00	0.00e+00	0.00e+00	1.17e-14	2.35e-14	5.23e-61
 4.95002e+14	7.26e-20	4.35e-14	3.63e-09	3.41e-05	9.98e-01	1.80e-03	0.00e+00	0.00e+00	0.00e+00	0.00e+00	1.44e-14	2.91e-14	1.12e-60
 5.14430e+14	9.82e-20	5.46e-14	4.24e-09	3.69e-05	9.98e-01	1.66e-03	0.00e+00	0.00e+00	0.00e+00	0.00e+00	1.81e-14	3.65e-14	2.54e-60
 5.32590e+14	1.29e-19	6.71e-14	4.87e-09	3.97e-05	9.98e-01	1.55e-03	0.00e+00	0.00e+00	0.00e+00	0.00e+00	2.22e-14	4.49e-14	5.36e-60
 5.49418e+14	1.64e-19	8.07e-14	5.53e-09	4.23e-05	9.99e-01	1.45e-03	0.00e+00	0.00e+00	0.00e+00	0.00e+00	2.67e-14	5.40e-14	1.04e-59
 5.65621e+14	2.06e-19	9.58e-14	6.21e-09	4.49e-05	9.99e-01	1.37e-03	0.00e+00	0.00e+00	0.00e+00	0.00e+00	3.17e-14	6.41e-14	1.94e-59
 5.83630e+14	2.64e-19	1.15e-13	7.05e-09	4.79e-05	9.99e-01	1.28e-03	0.00e+00	0.00e+00	0.00e+00	0.00e+00	3.82e-14	7.72e-14	3.79e-59
 6.03558e+14	3.43e-19	1.41e-13	8.07e-09	5.13e-05	9.99e-01	1.20e-03	0.00e+00	0.00e+00	0.00e+00	0.00e+00	4.66e-14	9.43e-14	7.81e-59
 6.22118e+14	4.35e-19	1.69e-13	9.11e-09	5.45e-05	9.99e-01	1.12e-03	0.00e+00	0.00e+00	0.00e+00	0.00e+00	5.57e-14	1.13e-13	1.50e-58
 6.42383e+14	5.60e-19	2.04e-13	1.04e-08	5.82e-05	9.99e-01	1.05e-03	0.00e+00	0.00e+00	0.00e+00	0.00e+00	6.74e-14	1.36e-13	2.98e-58
 6.65195e+14	7.37e-19	2.51e-13	1.19e-08	6.26e-05	9.99e-01	9.81e-04	0.00e+00	0.00e+00	0.00e+00	0.00e+00	8.29e-14	1.68e-13	6.32e-58
 6.86933e+14	9.49e-19	3.04e-13	1.36e-08	6.68e-05	9.99e-01	9.19e-04	0.00e+00	0.00e+00	0.00e+00	0.00e+00	1.00e-13	2.03e-13	1.27e-57
 7.10806e+14	1.24e-18	3.72e-13	1.56e-08	7.16e-05	9.99e-01	8.57e-04	0.00e+00	0.00e+00	0.00e+00	0.00e+00	1.23e-13	2.49e-13	2.64e-57
 7.37108e+14	1.65e-18	4.62e-13	1.80e-08	7.72e-05	9.99e-01	7.95e-04	0.00e+00	0.00e+00	0.00e+00	0.00e+00	1.52e-13	3.09e-13	5.78e-57
 7.61277e+14	2.13e-18	5.59e-13	2.05e-08	8.24e-05	9.99e-01	7.45e-04	0.00e+00	0.00e+00	0.00e+00	0.00e+00	1.85e-13	3.75e-13	1.16e-56
 7.87409e+14	2.77e-18	6.83e-13	2.35e-08	8.83e-05	9.99e-01	6.95e-04	0.00e+00	0.00e+00	0.00e+00	0.00e+00	2.25e-13	4.58e-13	2.40e-56
 8.16666e+14	3.69e-18	8.48e-13	2.72e-08	9.51e-05	9.99e-01	6.45e-04	0.00e+00	0.00e+00	0.00e+00	0.00e+00	2.80e-13	5.68e-13	5.27e-56
 8.44220e+14	4.79e-18	1.03e-12	3.11e-08	1.02e-04	9.99e-01	6.03e-04	0.00e+00	0.00e+00	0.00e+00	0.00e+00	3.41e-13	6.92e-13	1.08e-55
 8.74275e+14	6.30e-18	1.27e-12	3.58e-08	1.09e-04	9.99e-01	5.61e-04	0.00e+00	0.00e+00	0.00e+00	0.00e+00	4.19e-13	8.52e-13	2.29e-55
 9.07653e+14	8.45e-18	1.59e-12	4.16e-08	1.18e-04	9.99e-01	5.20e-04	0.00e+00	0.00e+00	0.00e+00	0.00e+00	5.23e-13	1.06e-12	5.14e-55
 9.38780e+14	1.10e-17	1.94e-12	4.77e-08	1.27e-04	9.99e-01	4.85e-04	0.00e+00	0.00e+00	0.00e+00	0.00e+00	6.38e-13	1.30e-12	1.06e-54
 9.72604e+14	1.45e-17	2.39e-12	5.50e-08	1.36e-04	9.99e-01	4.51e-04	0.00e+00	0.00e+00	0.00e+00	0.00e+00	7.87e-13	1.60e-12	2.27e-54
 1.01046e+15	1.95e-17	2.99e-12	6.41e-08	1.47e-04	9.99e-01	4.16e-04	0.00e+00	0.00e+00	0.00e+00	0.00e+00	9.85e-13	2.01e-12	5.14e-54
 1.04637e+15	2.56e-17	3.68e-12	7.38e-08	1.58e-04	9.99e-01	3.87e-04	0.00e+00	0.00e+00	0.00e+00	0.00e+00	1.21e-12	2.47e-12	1.09e-53
 1.08479e+15	3.38e-17	4.55e-12	8.53e-08	1.71e-04	9.99e-01	3.59e-04	0.00e+00	0.00e+00	0.00e+00	0.00e+00	1.49e-12	3.05e-12	2.34e-53
 1.12821e+15	4.57e-17	5.72e-12	1.00e-07	1.85e-04	9.99e-01	3.31e-04	0.00e+00	3.89e-18	1.17e-17	1.96e-17	1.88e-12	3.84e-12	5.39e-53
 1.17094e+15	6.09e-17	7.12e-12	1.16e-07	2.00e-04	9.99e-01	3.06e-04	0.00e+00	5.18e-18	1.56e-17	2.61e-17	2.34e-12	4.78e-12	1.19e-52
 1.21538e+15	8.10e-17	8.85e-12	1.35e-07	2.17e-04	1.00e+00	2.83e-04	0.00e+00	6.89e-18	2.07e-17	3.48e-17	2.91e-12	5.94e-12	2.61e-52
 1.26267e+15	1.08e-16	1.11e-11	1.58e-07	2.35e-04	1.00e+00	2.61e-04	0.00e+00	9.22e-18	2.77e-17	4.65e-17	3.63e-12	7.43e-12	5.84e-52
 1.30880e+15	1.42e-16	1.36e-11	1.82e-07	2.53e-04	1.00e+00	2.42e-04	0.00e+00	1.21e-17	3.64e-17	6.11e-17	4.47e-12	9.16e-12	1.24e-51
 1.34849e+15	1.78e-16	1.62e-11	2.06e-07	2.70e-04	1.00e+00	2.27e-04	0.00e+00	1.52e-17	4.57e-17	7.67e-17	5.32e-12	1.09e-11	2.33e-51
 1.38131e+15	2.14e-16	1.86e-11	2.27e-07	2.84e-04	9.99e-01	2.16e-04	0.00e+00	1.82e-17	5.48e-17	9.19e-17	6.11e-12	1.25e-11	3.85e-51
 1.41773e+15	2.59e-16	2.17e-11	2.53e-07	3.01e-04	9.99e-01	2.04e-04	0.00e+00	2.21e-17	6.65e-17	1.12e-16	7.10e-12	1.46e-11	6.59e-51
 1.46508e+15	3.32e-16	2.62e-11	2.89e-07	3.23e-04	9.99e-01	1.90e-04	0.00e+00	2.83e-17	8.51e-17	1.43e-16	8.59e-12	1.76e-11	1.31e-50
 1.51530e+15	4.26e-16	3.18e-11	3.31e-07	3.47e-04	9.99e-01	1.77e-04	0.00e+00	3.64e-17	1.09e-16	1.83e-16	1.04e-11	2.14e-11	2.63e-50
 1.55907e+15	5.26e-16	3.74e-11	3.72e-07	3.70e-04	9.99e-01	1.66e-04	0.00e+00	4.49e-17	1.35e-16	2.26e-16	1.23e-11	2.52e-11	4.73e-50
 1.60581e+15	6.53e-16	4.43e-11	4.20e-07	3.94e-04	9.99e-01	1.56e-04	0.00e+00	5.57e-17	1.68e-16	2.81e-16	1.45e-11	2.98e-11	8.67e-50
 1.66489e+15	8.50e-16	5.44e-11	4.87e-07	4.27e-04	9.99e-01	1.44e-04	0.00e+00	7.26e-17	2.18e-16	3.66e-16	1.78e-11	3.66e-11	1.82e-49
 1.72536e+15	1.10e-15	6.66e-11	5.63e-07	4.62e-04	9.99e-01	1.33e-04	0.00e+00	9.40e-17	2.83e-16	4.74e-16	2.18e-11	4.48e-11	3.78e-49
 1.77775e+15	1.37e-15	7.89e-11	6.37e-07	4.94e-04	9.99e-01	1.25e-04	0.00e+00	1.17e-16	3.51e-16	5.89e-16	2.58e-11	5.31e-11	6.96e-49
 1.83424e+15	1.70e-15	9.40e-11	7.23e-07	5.30e-04	9.99e-01	1.16e-04	0.00e+00	1.46e-16	4.38e-16	7.35e-16	3.08e-11	6.32e-11	1.30e-48
 1.90351e+15	2.22e-15	1.16e-10	8.42e-07	5.76e-04	9.99e-01	1.07e-04	0.00e+00	1.90e-16	5.71e-16	9.58e-16	3.79e-11	7.79e-11	2.78e-48
 1.97358e+15	2.86e-15	1.42e-10	9.76e-07	6.25e-04	9.99e-01	9.89e-05	0.00e+00	2.45e-16	7.37e-16	1.24e-15	4.63e-11	9.53e-11	5.77e-48
 2.03595e+15	3.55e-15	1.68e-10	1.11e-06	6.71e-04	9.99e-01	9.22e-05	0.00e+00	3.04e-16	9.14e-16	1.53e-15	5.50e-11	1.13e-10	1.08e-47
 2.10410e+15	4.46e-15	2.02e-10	1.27e-06	7.22e-04	9.99e-01	8.57e-05	0.00e+00	3.83e-16	1.15e-15	1.93e-15	6.60e-11	1.36e-10	2.10e-47
 2.18549e+15	5.79e-15	2.49e-10	1.48e-06	7.87e-04	9.99e-01	7.87e-05	0.00e+00	4.98e-16	1.50e-15	2.51e-15	8.13e-11	1.67e-10	4.50e-47
 2.26595e+15	7.41e-15	3.03e-10	1.71e-06	8.55e-04	9.99e-01	7.26e-05	0.00e+00	6.37e-16	1.92e-15	3.21e-15	9.91e-11	2.04e-10	9.33e-47
 2.33861e+15	9.18e-15	3.60e-10	1.95e-06	9.19e-04	9.99e-01	6.76e-05	0.00e+00	7.90e-16	2.37e-15	3.98e-15	1.18e-10	2.42e-10	1.76e-46
 2.41928e+15	1.15e-14	4.32e-10	2.23e-06	9.93e-04	9.99e-01	6.26e-05	0.00e+00	9.92e-16	2.98e-15	5.00e-15	1.41e-10	2.91e-10	3.48e-46
 2.51419e+15	1.49e-14	5.33e-10	2.61e-06	1.08e-03	9.99e-01	5.74e-05	0.00e+00	1.29e-15	3.86e-15	6.48e-15	1.74e-10	3.58e-10	7.56e-46
 2.60778e+15	1.90e-14	6.49e-10	3.03e-06	1.18e-03	9.99e-01	5.29e-05	0.00e+00	1.64e-15	4.93e-15	8.27e-15	2.12e-10	4.36e-10	1.58e-45
 2.69474e+15	2.36e-14	7.74e-10	3.46e-06	1.27e-03	9.99e-01	4.91e-05	0.00e+00	2.04e-15	6.13e-15	1.03e-14	2.53e-10	5.21e-10	3.07e-45
 2.79219e+15	2.98e-14	9.36e-10	3.99e-06	1.38e-03	9.99e-01	4.53e-05	0.00e+00	2.58e-15	7.75e-15	1.30e-14	3.07e-10	6.30e-10	6.30e-45
 2.90390e+15	3.85e-14	1.16e-09	4.67e-06	1.51e-03	9.98e-01	4.15e-05	0.00e+00	3.34e-15	1.00e-14	1.68e-14	3.78e-10	7.77e-10	1.40e-44
 3.01387e+15	4.72e-14	1.41e-09	5.42e-06	1.64e-03	9.98e-01	3.82e-05	0.00e+00	4.09e-15	1.23e-14	2.06e-14	4.62e-10	9.48e-10	2.94e-44
 3.12823e+15	5.98e-14	1.72e-09	6.30e-06	1.79e-03	9.98e-01	3.51e-05	0.00e+00	5.19e-15	1.56e-14	2.61e-14	5.63e-10	1.16e-09	6.29e-44
 3.23236e+15	7.33e-14	2.05e-09	7.18e-06	1.93e-03	9.98e-01	3.26e-05	0.00e+00	6.37e-15	1.92e-14	3.21e-14	6.71e-10	1.38e-09	1.23e-43
 3.30994e+15	8.50e-14	2.32e-09	7.90e-06	2.04e-03	9.98e-01	3.09e-05	0.00e+00	7.40e-15	2.22e-14	3.73e-14	7.61e-10	1.56e-09	1.99e-43
 3.38999e+15	9.90e-14	2.64e-09	8.69e-06	2.15e-03	9.98e-01	2.93e-05	0.00e+00	8.62e-15	2.59e-14	4.34e-14	8.66e-10	1.78e-09	3.26e-43
 3.49405e+15	1.19e-13	3.10e-09	9.81e-06	2.31e-03	9.98e-01	2.74e-05	0.00e+00	1.04e-14	3.13e-14	5.24e-14	1.02e-09	2.08e-09	6.07e-43
 3.60716e+15	1.45e-13	3.68e-09	1.11e-05	2.48e-03	9.97e-01	2.55e-05	0.00e+00	1.27e-14	3.81e-14	6.39e-14	1.21e-09	2.47e-09	1.18e-42
 3.70959e+15	1.73e-13	4.26e-09	1.24e-05	2.65e-03	9.97e-01	2.40e-05	0.00e+00	1.51e-14	4.53e-14	7.60e-14	1.40e-09	2.86e-09	2.11e-42
 3.82028e+15	2.07e-13	4.99e-09	1.40e-05	2.83e-03	9.97e-01	2.25e-05	0.00e+00	1.81e-14	5.44e-14	9.13e-14	1.64e-09	3.35e-09	3.94e-42
 3.96052e+15	2.59e-13	6.05e-09	1.62e-05	3.08e-03	9.97e-01	2.08e-05	0.00e+00	2.26e-14	6.81e-14	1.14e-13	1.99e-09	4.07e-09	8.52e-42
 4.10137e+15	3.20e-13	7.30e-09	1.86e-05	3.33e-03	9.97e-01	1.93e-05	0.00e+00	2.80e-14	8.42e-14	1.41e-13	2.40e-09	4.90e-09	1.79e-41
 4.21942e+15	3.80e-13	8.49e-09	2.08e-05	3.56e-03	9.96e-01	1.81e-05	0.00e+00	3.33e-14	1.00e-13	1.68e-13	2.79e-09	5.70e-09	3.28e-41
 4.34560e+15	4.54e-13	9.95e-09	2.34e-05	3.80e-03	9.96e-01	1.70e-05	0.00e+00	3.99e-14	1.20e-13	2.01e-13	3.27e-09	6.68e-09	6.18e-41
 4.50527e+15	5.66e-13	1.21e-08	2.70e-05	4.13e-03	9.96e-01	1.57e-05	0.00e+00	4.97e-14	1.49e-13	2.50e-13	3.97e-09	8.11e-09	1.34e-40
 4.67329e+15	7.04e-13	1.47e-08	3.12e-05	4.49e-03	9.95e-01	1.46e-05	0.00e+00	6.19e-14	1.86e-13	3.12e-13	4.84e-09	9.88e-09	2.94e-40
 4.82483e+15	8.52e-13	1.75e-08	3.54e-05	4.83e-03	9.95e-01	1.36e-05	0.00e+00	7.50e-14	2.25e-13	3.78e-13	5.74e-09	1.17e-08	5.76e-40
 4.99014e+15	1.04e-12	2.09e-08	4.05e-05	5.21e-03	9.95e-01	1.27e-05	0.00e+00	9.21e-14	2.77e-13	4.63e-13	6.89e-09	1.41e-08	1.19e-39
 5.18526e+15	1.31e-12	2.58e-08	4.72e-05	5.69e-03	9.94e-01	1.17e-05	0.00e+00	1.16e-13	3.48e-13	5.83e-13	8.50e-09	1.73e-08	2.73e-39
 5.37616e+15	1.62e-12	3.14e-08	5.45e-05	6.17e-03	9.94e-01	1.09e-05	0.00e+00	1.43e-13	4.30e-13	7.21e-13	1.04e-08	2.11e-08	5.93e-39
 5.55026e+15	1.96e-12	3.74e-08	6.18e-05	6.63e-03	9.93e-01	1.02e-05	0.00e+00	1.73e-13	5.21e-13	8.73e-13	1.23e-08	2.51e-08	1.18e-38
 5.74549e+15	2.41e-12	4.51e-08	7.09e-05	7.17e-03	9.93e-01	9.56e-06	0.00e+00	2.13e-13	6.41e-13	1.07e-12	1.49e-08	3.03e-08	2.48e-38
 5.97297e+15	3.03e-12	5.58e-08	8.27e-05	7.83e-03	9.92e-01	8.86e-06	0.00e+00	2.69e-13	8.07e-13	1.35e-12	1.84e-08	3.74e-08	5.71e-38
 6.19710e+15	3.76e-12	6.84e-08	9.58e-05	8.51e-03	9.91e-01	8.27e-06	0.00e+00	3.34e-13	1.00e-12	1.68e-12	2.26e-08	4.58e-08	1.26e-37
 6.40897e+15	4.58e-12	8.24e-08	1.10e-04	9.18e-03	9.91e-01	7.77e-06	0.00e+00	4.06e-13	1.22e-12	2.04e-12	2.72e-08	5.52e-08	2.58e-37
 6.64415e+15	5.65e-12	1.01e-07	1.27e-04	9.96e-03	9.90e-01	7.28e-06	0.00e+00	5.02e-13	1.51e-12	2.53e-12	3.32e-08	6.73e-08	5.55e-37
 6.86746e+15	6.83e-12	1.21e-07	1.44e-04	1.07e-02	9.89e-01	6.87e-06	0.00e+00	6.07e-13	1.82e-12	3.06e-12	3.98e-08	8.08e-08	1.11e-36
 7.03389e+15	7.73e-12	1.38e-07	1.59e-04	1.13e-02	9.89e-01	6.60e-06	0.00e+00	6.88e-13	2.07e-12	3.46e-12	4.55e-08	9.22e-08	1.84e-36
 7.20272e+15	8.90e-12	1.57e-07	1.75e-04	1.19e-02	9.88e-01	6.34e-06	0.00e+00	7.93e-13	2.38e-12	3.99e-12	5.19e-08	1.05e-07	3.05e-36
 7.42220e+15	1.07e-11	1.86e-07	1.97e-04	1.28e-02	9.87e-01	6.03e-06	0.00e+00	9.52e-13	2.86e-12	4.79e-12	6.13e-08	1.24e-07	5.77e-36
 7.66057e+15	1.28e-11	2.21e-07	2.23e-04	1.37e-02	9.86e-01	5.72e-06	0.00e+00	1.14e-12	3.43e-12	5.75e-12	7.31e-08	1.48e-07	1.11e-35
 7.87510e+15	1.50e-11	2.58e-07	2.50e-04	1.46e-02	9.85e-01	5.48e-06	0.00e+00	1.34e-12	4.03e-12	6.74e-12	8.54e-08	1.73e-07	1.98e-35
 8.10559e+15	1.77e-11	3.04e-07	2.80e-04	1.56e-02	9.84e-01	5.24e-06	0.00e+00	1.59e-12	4.76e-12	7.97e-12	1.00e-07	2.03e-07	3.63e-35
 8.40061e+15	2.20e-11	3.71e-07	3.24e-04	1.69e-02	9.83e-01	4.98e-06	0.00e+00	1.97e-12	5.91e-12	9.89e-12	1.23e-07	2.49e-07	7.64e-35
 8.69803e+15	2.69e-11	4.50e-07	3.72e-04	1.83e-02	9.81e-01	4.73e-06	0.00e+00	2.41e-12	7.23e-12	1.21e-11	1.49e-07	3.01e-07	1.55e-34
 8.94411e+15	3.15e-11	5.26e-07	4.16e-04	1.95e-02	9.80e-01	4.57e-06	0.00e+00	2.82e-12	8.49e-12	1.42e-11	1.74e-07	3.52e-07	2.74e-34
 9.20491e+15	3.77e-11	6.20e-07	4.68e-04	2.08e-02	9.79e-01	4.40e-06	0.00e+00	3.38e-12	1.02e-11	1.70e-11	2.05e-07	4.15e-07	4.97e-34
 9.53938e+15	4.69e-11	7.60e-07	5.40e-04	2.25e-02	9.77e-01	4.19e-06	0.00e+00	4.21e-12	1.26e-11	2.12e-11	2.51e-07	5.08e-07	1.04e-33
 9.88842e+15	5.81e-11	9.31e-07	6.25e-04	2.44e-02	9.75e-01	4.01e-06	0.00e+00	5.22e-12	1.57e-11	2.62e-11	3.08e-07	6.23e-07	2.15e-33
 1.01927e+16	6.95e-11	1.11e-06	7.06e-04	2.62e-02	9.73e-01	3.89e-06	0.00e+00	6.25e-12	1.88e-11	3.14e-11	3.67e-07	7.40e-07	3.95e-33
 1.05200e+16	8.48e-11	1.33e-06	8.04e-04	2.81e-02	9.71e-01	3.75e-06	0.00e+00	7.64e-12	2.29e-11	3.84e-11	4.40e-07	8.88e-07	7.55e-33
 1.09192e+16	1.07e-10	1.65e-06	9.36e-04	3.06e-02	9.68e-01	3.62e-06	0.00e+00	9.61e-12	2.89e-11	4.83e-11	5.45e-07	1.10e-06	1.60e-32
 1.13130e+16	1.32e-10	2.01e-06	1.08e-03	3.32e-02	9.66e-01	3.48e-06	0.00e+00	1.19e-11	3.57e-11	5.98e-11	6.66e-07	1.34e-06	3.21e-32
 1.16564e+16	1.59e-10	2.39e-06	1.22e-03	3.56e-02	9.63e-01	3.40e-06	0.00e+00	1.44e-11	4.32e-11	7.23e-11	7.92e-07	1.60e-06	5.78e-32
 1.20330e+16	1.95e-10	2.88e-06	1.39e-03	3.82e-02	9.60e-01	3.30e-06	0.00e+00	1.76e-11	5.30e-11	8.87e-11	9.53e-07	1.92e-06	1.09e-31
 1.24496e+16	2.40e-10	3.49e-06	1.60e-03	4.14e-02	9.57e-01	3.19e-06	0.00e+00	2.18e-11	6.53e-11	1.09e-10	1.16e-06	2.34e-06	2.12e-31
 1.28348e+16	2.93e-10	4.17e-06	1.82e-03	4.44e-02	9.54e-01	3.12e-06	0.00e+00	2.65e-11	7.96e-11	1.33e-10	1.38e-06	2.79e-06	3.79e-31
 1.31663e+16	3.43e-10	4.82e-06	2.02e-03	4.71e-02	9.51e-01	3.06e-06	0.00e+00	3.11e-11	9.34e-11	1.56e-10	1.60e-06	3.22e-06	6.14e-31
 1.35112e+16	4.08e-10	5.62e-06	2.25e-03	5.01e-02	9.48e-01	3.01e-06	0.00e+00	3.70e-11	1.11e-10	1.86e-10	1.86e-06	3.76e-06	1.02e-30
 1.38940e+16	4.87e-10	6.60e-06	2.53e-03	5.35e-02	9.44e-01	2.94e-06	0.00e+00	4.42e-11	1.33e-10	2.22e-10	2.19e-06	4.41e-06	1.73e-30
 1.42557e+16	5.77e-10	7.67e-06	2.81e-03	5.68e-02	9.40e-01	2.89e-06	0.00e+00	5.24e-11	1.57e-10	2.63e-10	2.55e-06	5.13e-06	2.81e-30
 1.46555e+16	6.95e-10	9.05e-06	3.17e-03	6.07e-02	9.36e-01	2.83e-06	0.00e+00	6.32e-11	1.90e-10	3.17e-10	3.00e-06	6.04e-06	4.81e-30
 1.50892e+16	8.41e-10	1.07e-05	3.58e-03	6.50e-02	9.31e-01	2.78e-06	0.00e+00	7.66e-11	2.30e-10	3.85e-10	3.56e-06	7.16e-06	8.24e-30
 1.54882e+16	1.00e-09	1.25e-05	4.00e-03	6.92e-02	9.27e-01	2.74e-06	0.00e+00	9.14e-11	2.74e-10	4.59e-10	4.15e-06	8.35e-06	1.33e-29
 1.59283e+16	1.23e-09	1.48e-05	4.52e-03	7.41e-02	9.21e-01	2.70e-06	0.00e+00	1.12e-10	3.36e-10	5.62e-10	4.92e-06	9.90e-06	2.23e-29
 1.64101e+16	1.50e-09	1.77e-05	5.14e-03	7.96e-02	9.15e-01	2.65e-06	0.00e+00	1.37e-10	4.12e-10	6.89e-10	5.87e-06	1.18e-05	3.84e-29
 1.68613e+16	1.80e-09	2.08e-05	5.79e-03	8.50e-02	9.09e-01	2.61e-06	0.00e+00	1.64e-10	4.94e-10	8.26e-10	6.90e-06	1.39e-05	6.25e-29
 1.73631e+16	2.22e-09	2.49e-05	6.60e-03	9.14e-02	9.02e-01	2.56e-06	0.00e+00	2.03e-10	6.09e-10	1.02e-09	8.27e-06	1.66e-05	1.09e-28
 1.78994e+16	2.74e-09	2.99e-05	7.55e-03	9.86e-02	8.94e-01	2.51e-06	0.00e+00	2.51e-10	7.53e-10	1.26e-09	9.93e-06	1.99e-05	1.88e-28
 1.83711e+16	3.33e-09	3.50e-05	8.49e-03	1.05e-01	8.86e-01	2.49e-06	0.00e+00	3.06e-10	9.18e-10	1.54e-09	1.16e-05	2.34e-05	2.99e-28
 1.88749e+16	4.05e-09	4.15e-05	9.63e-03	1.13e-01	8.78e-01	2.45e-06	0.00e+00	3.72e-10	1.12e-09	1.87e-09	1.38e-05	2.77e-05	4.99e-28
 1.94323e+16	5.05e-09	4.98e-05	1.10e-02	1.21e-01	8.68e-01	2.41e-06	0.00e+00	4.64e-10	1.39e-09	2.33e-09	1.66e-05	3.32e-05	8.47e-28
 1.99454e+16	6.14e-09	5.86e-05	1.24e-02	1.30e-01	8.58e-01	2.39e-06	0.00e+00	5.66e-10	1.70e-09	2.84e-09	1.95e-05	3.91e-05	1.34e-27
 2.04985e+16	7.58e-09	7.02e-05	1.42e-02	1.39e-01	8.47e-01	2.34e-06	0.00e+00	6.99e-10	2.10e-09	3.51e-09	2.34e-05	4.68e-05	2.26e-27
 2.10688e+16	9.45e-09	8.36e-05	1.63e-02	1.49e-01	8.34e-01	2.31e-06	0.00e+00	8.72e-10	2.62e-09	4.38e-09	2.78e-05	5.58e-05	3.66e-27
 2.15389e+16	1.12e-08	9.64e-05	1.81e-02	1.58e-01	8.23e-01	2.29e-06	0.00e+00	1.04e-09	3.12e-09	5.22e-09	3.21e-05	6.43e-05	5.40e-27
 2.20275e+16	1.35e-08	1.13e-04	2.04e-02	1.68e-01	8.11e-01	2.25e-06	0.00e+00	1.25e-09	3.75e-09	6.26e-09	3.75e-05	7.51e-05	8.38e-27
 2.25736e+16	1.67e-08	1.33e-04	2.31e-02	1.80e-01	7.97e-01	2.23e-06	0.00e+00	1.55e-09	4.64e-09	7.76e-09	4.44e-05	8.89e-05	1.33e-26
 2.30737e+16	2.02e-08	1.55e-04	2.60e-02	1.91e-01	7.83e-01	2.20e-06	0.00e+00	1.87e-09	5.61e-09	9.38e-09	5.16e-05	1.03e-04	1.98e-26
 2.35252e+16	2.37e-08	1.77e-04	2.88e-02	2.01e-01	7.70e-01	2.18e-06	0.00e+00	2.20e-09	6.59e-09	1.10e-08	5.91e-05	1.18e-04	2.86e-26
 2.40347e+16	2.93e-08	2.09e-04	3.26e-02	2.14e-01	7.54e-01	2.17e-06	0.00e+00	2.72e-09	8.18e-09	1.37e-08	6.97e-05	1.39e-04	4.51e-26
 2.45808e+16	3.60e-08	2.47e-04	3.71e-02	2.27e-01	7.35e-01	2.14e-06	0.00e+00	3.35e-09	1.01e-08	1.68e-08	8.23e-05	1.65e-04	7.02e-26
 2.50619e+16	4.35e-08	2.86e-04	4.16e-02	2.40e-01	7.18e-01	2.12e-06	0.00e+00	4.05e-09	1.21e-08	2.03e-08	9.53e-05	1.91e-04	1.03e-25
