#depth	N	N+	N+2	N+3	N+4	N+5	N+6	N+7
 1.49634e+10	0.00e+00	0.00e+00	1.60e-29	1.26e-19	1.78e-10	8.32e-01	1.68e-01	1.32e-05
 4.54887e+10	0.00e+00	5.06e-40	2.06e-29	1.49e-19	1.96e-10	8.43e-01	1.57e-01	1.14e-05
 7.72350e+10	0.00e+00	0.00e+00	2.64e-29	1.77e-19	2.14e-10	8.53e-01	1.47e-01	9.83e-06
 1.10251e+11	0.00e+00	9.74e-40	3.39e-29	2.09e-19	2.35e-10	8.63e-01	1.37e-01	8.47e-06
 1.42203e+11	0.00e+00	0.00e+00	4.26e-29	2.45e-19	2.55e-10	8.72e-01	1.28e-01	7.36e-06
 1.72255e+11	0.00e+00	1.74e-39	5.25e-29	2.82e-19	2.75e-10	8.80e-01	1.20e-01	6.48e-06
 2.05893e+11	0.00e+00	0.00e+00	6.58e-29	3.29e-19	2.98e-10	8.88e-01	1.12e-01	5.64e-06
 2.44056e+11	0.00e+00	3.24e-39	8.41e-29	3.89e-19	3.26e-10	8.96e-01	1.04e-01	4.84e-06
 2.82201e+11	0.00e+00	0.00e+00	1.07e-28	4.56e-19	3.54e-10	9.03e-01	9.72e-02	4.17e-06
 3.21872e+11	0.00e+00	6.03e-39	1.35e-28	5.35e-19	3.85e-10	9.10e-01	9.04e-02	3.60e-06
 3.64674e+11	0.00e+00	0.00e+00	1.72e-28	6.32e-19	4.20e-10	9.16e-01	8.39e-02	3.08e-06
 4.09187e+11	0.00e+00	1.15e-38	2.20e-28	7.45e-19	4.57e-10	9.22e-01	7.77e-02	2.64e-06
 4.55482e+11	0.00e+00	0.00e+00	2.80e-28	8.78e-19	4.98e-10	9.28e-01	7.19e-02	2.26e-06
 5.03628e+11	0.00e+00	2.19e-38	3.58e-28	1.04e-18	5.42e-10	9.33e-01	6.66e-02	1.93e-06
 5.53700e+11	0.00e+00	0.00e+00	4.56e-28	1.22e-18	5.90e-10	9.38e-01	6.16e-02	1.65e-06
 6.05774e+11	0.00e+00	4.18e-38	5.81e-28	1.44e-18	6.42e-10	9.43e-01	5.70e-02	1.41e-06
 6.59932e+11	0.00e+00	0.00e+00	7.41e-28	1.69e-18	6.99e-10	9.47e-01	5.27e-02	1.20e-06
 7.16256e+11	0.00e+00	7.95e-38	9.44e-28	1.99e-18	7.60e-10	9.51e-01	4.87e-02	1.03e-06
 7.74833e+11	0.00e+00	0.00e+00	1.20e-27	2.34e-18	8.26e-10	9.55e-01	4.50e-02	8.76e-07
 8.35753e+11	0.00e+00	1.51e-37	1.53e-27	2.76e-18	8.98e-10	9.58e-01	4.15e-02	0.00e+00
 8.99110e+11	0.00e+00	0.00e+00	1.95e-27	3.25e-18	9.76e-10	9.62e-01	3.83e-02	0.00e+00
 9.61074e+11	0.00e+00	2.82e-37	2.45e-27	3.79e-18	1.06e-09	9.64e-01	3.55e-02	0.00e+00
 1.01832e+12	0.00e+00	0.00e+00	3.01e-27	4.34e-18	1.13e-09	9.67e-01	3.32e-02	0.00e+00
 1.08175e+12	0.00e+00	4.94e-37	3.74e-27	5.03e-18	1.22e-09	9.69e-01	3.09e-02	0.00e+00
 1.15491e+12	0.00e+00	0.00e+00	4.77e-27	5.92e-18	1.32e-09	9.71e-01	2.85e-02	0.00e+00
 1.22680e+12	0.00e+00	9.24e-37	6.00e-27	6.90e-18	1.43e-09	9.74e-01	2.64e-02	0.00e+00
 1.30157e+12	0.00e+00	0.00e+00	7.55e-27	8.06e-18	1.55e-09	9.76e-01	2.45e-02	0.00e+00
 1.38356e+12	0.00e+00	1.73e-36	9.62e-27	9.49e-18	1.68e-09	9.77e-01	2.25e-02	0.00e+00
 1.46667e+12	4.77e-47	2.37e-36	1.22e-26	1.11e-17	1.82e-09	9.79e-01	2.08e-02	0.00e+00
 1.55311e+12	0.00e+00	0.00e+00	1.55e-26	1.31e-17	1.98e-09	9.81e-01	1.92e-02	0.00e+00
 1.64516e+12	0.00e+00	4.50e-36	1.98e-26	1.54e-17	2.15e-09	9.82e-01	1.77e-02	0.00e+00
 1.74090e+12	1.59e-46	6.22e-36	2.52e-26	1.81e-17	2.33e-09	9.84e-01	1.63e-02	0.00e+00
 1.84046e+12	0.00e+00	0.00e+00	3.22e-26	2.14e-17	2.54e-09	9.85e-01	1.50e-02	0.00e+00
 1.94400e+12	0.00e+00	1.19e-35	4.12e-26	2.52e-17	2.76e-09	9.86e-01	1.38e-02	0.00e+00
 2.05169e+12	5.37e-46	1.65e-35	5.26e-26	2.97e-17	2.99e-09	9.87e-01	1.27e-02	0.00e+00
 2.16369e+12	0.00e+00	0.00e+00	6.73e-26	3.50e-17	3.26e-09	9.88e-01	1.17e-02	0.00e+00
 2.28016e+12	0.00e+00	3.17e-35	8.61e-26	4.13e-17	3.54e-09	9.89e-01	1.08e-02	0.00e+00
 2.38974e+12	1.76e-45	4.27e-35	1.08e-25	4.80e-17	3.82e-09	9.90e-01	1.00e-02	0.00e+00
 2.48783e+12	0.00e+00	0.00e+00	1.31e-25	5.47e-17	4.08e-09	9.91e-01	9.38e-03	0.00e+00
 2.59795e+12	0.00e+00	7.32e-35	1.62e-25	6.32e-17	4.38e-09	9.91e-01	8.73e-03	0.00e+00
 2.72835e+12	5.14e-45	1.01e-34	2.06e-25	7.44e-17	4.76e-09	9.92e-01	8.04e-03	0.00e+00
 2.85880e+12	0.00e+00	0.00e+00	2.60e-25	8.70e-17	5.15e-09	9.93e-01	7.43e-03	0.00e+00
 2.98135e+12	0.00e+00	1.82e-34	3.22e-25	1.00e-16	5.54e-09	9.93e-01	6.92e-03	0.00e+00
 3.11743e+12	1.57e-44	2.47e-34	4.05e-25	1.17e-16	5.99e-09	9.94e-01	6.40e-03	0.00e+00
 3.27205e+12	0.00e+00	0.00e+00	5.20e-25	1.39e-16	6.52e-09	9.94e-01	5.88e-03	0.00e+00
 3.42619e+12	0.00e+00	4.74e-34	6.63e-25	1.64e-16	7.08e-09	9.95e-01	5.42e-03	0.00e+00
 3.58649e+12	5.28e-44	6.54e-34	8.45e-25	1.93e-16	7.70e-09	9.95e-01	4.99e-03	0.00e+00
 3.75987e+12	0.00e+00	9.14e-34	1.09e-24	2.29e-16	8.39e-09	9.95e-01	4.58e-03	0.00e+00
 3.94020e+12	1.22e-43	1.28e-33	1.40e-24	2.72e-16	9.16e-09	9.96e-01	4.20e-03	0.00e+00
 4.11008e+12	0.00e+00	1.74e-33	1.77e-24	3.18e-16	9.91e-09	9.96e-01	3.88e-03	0.00e+00
 4.26259e+12	2.48e-43	2.26e-33	2.16e-24	3.64e-16	1.06e-08	9.96e-01	3.63e-03	0.00e+00
 4.43408e+12	0.00e+00	3.03e-33	2.70e-24	4.23e-16	1.15e-08	9.97e-01	3.36e-03	0.00e+00
 4.63659e+12	5.38e-43	4.21e-33	3.47e-24	5.02e-16	1.25e-08	9.97e-01	3.09e-03	0.00e+00
 4.83855e+12	0.00e+00	5.80e-33	4.42e-24	5.92e-16	1.36e-08	9.97e-01	2.84e-03	0.00e+00
 5.02791e+12	1.15e-42	7.74e-33	5.51e-24	6.87e-16	1.47e-08	9.97e-01	2.64e-03	0.00e+00
 5.23829e+12	0.00e+00	1.05e-32	6.96e-24	8.06e-16	1.59e-08	9.98e-01	2.43e-03	0.00e+00
 5.47775e+12	2.58e-42	1.49e-32	9.05e-24	9.65e-16	1.74e-08	9.98e-01	2.22e-03	0.00e+00
 5.71294e+12	0.00e+00	2.05e-32	1.16e-23	1.14e-15	1.90e-08	9.98e-01	2.04e-03	0.00e+00
 5.95755e+12	5.77e-42	2.84e-32	1.48e-23	1.35e-15	2.07e-08	9.98e-01	1.87e-03	0.00e+00
 6.22577e+12	0.00e+00	4.01e-32	1.93e-23	1.62e-15	2.27e-08	9.98e-01	1.71e-03	0.00e+00
 6.49611e+12	1.33e-41	5.59e-32	2.49e-23	1.93e-15	2.48e-08	9.98e-01	1.57e-03	0.00e+00
 6.77726e+12	0.00e+00	7.80e-32	3.21e-23	2.30e-15	2.72e-08	9.99e-01	1.43e-03	0.00e+00
 7.06772e+12	3.04e-41	1.09e-31	4.15e-23	2.75e-15	2.97e-08	9.99e-01	1.31e-03	0.00e+00
 7.35305e+12	0.00e+00	1.49e-31	5.28e-23	3.24e-15	3.24e-08	9.99e-01	1.21e-03	0.00e+00
 7.66035e+12	6.72e-41	2.06e-31	6.78e-23	3.86e-15	3.54e-08	9.99e-01	1.10e-03	0.00e+00
 7.99669e+12	0.00e+00	2.91e-31	8.84e-23	4.64e-15	3.90e-08	9.99e-01	1.00e-03	0.00e+00
 8.34648e+12	1.57e-40	4.10e-31	1.15e-22	5.58e-15	4.29e-08	9.99e-01	9.14e-04	0.00e+00
 8.71027e+12	0.00e+00	5.76e-31	1.50e-22	6.72e-15	4.72e-08	9.99e-01	8.32e-04	0.00e+00
 9.08860e+12	3.64e-40	8.11e-31	1.95e-22	8.09e-15	5.20e-08	9.99e-01	7.57e-04	0.00e+00
 9.43070e+12	0.00e+00	1.09e-30	2.46e-22	9.51e-15	5.66e-08	9.99e-01	6.96e-04	0.00e+00
 9.71562e+12	7.03e-40	1.38e-30	2.96e-22	1.08e-14	6.06e-08	9.99e-01	6.51e-04	0.00e+00
 1.00277e+13	0.00e+00	1.78e-30	3.61e-22	1.25e-14	6.52e-08	9.99e-01	6.06e-04	0.00e+00
 1.04232e+13	1.40e-39	2.43e-30	4.59e-22	1.48e-14	7.14e-08	9.99e-01	5.55e-04	0.00e+00
 1.08357e+13	0.00e+00	3.31e-30	5.85e-22	1.76e-14	7.81e-08	9.99e-01	5.08e-04	0.00e+00
 1.12012e+13	2.83e-39	4.31e-30	7.20e-22	2.04e-14	8.45e-08	1.00e+00	4.70e-04	0.00e+00
 1.15422e+13	0.00e+00	5.46e-30	8.67e-22	2.33e-14	9.06e-08	1.00e+00	4.39e-04	0.00e+00
 1.19308e+13	5.21e-39	7.09e-30	1.07e-21	2.69e-14	9.80e-08	1.00e+00	4.07e-04	0.00e+00
 1.24085e+13	0.00e+00	9.65e-30	1.36e-21	3.21e-14	1.07e-07	1.00e+00	3.71e-04	0.00e+00
 1.28846e+13	1.09e-38	1.30e-29	1.71e-21	3.79e-14	1.18e-07	1.00e+00	3.40e-04	0.00e+00
 1.32985e+13	0.00e+00	1.66e-29	2.08e-21	4.36e-14	1.27e-07	1.00e+00	3.16e-04	0.00e+00
 1.37491e+13	2.01e-38	2.15e-29	2.55e-21	5.05e-14	1.37e-07	1.00e+00	2.93e-04	0.00e+00
 1.42987e+13	0.00e+00	2.91e-29	3.24e-21	6.01e-14	1.50e-07	1.00e+00	2.67e-04	0.00e+00
 1.48604e+13	4.15e-38	3.90e-29	4.10e-21	7.12e-14	1.65e-07	1.00e+00	2.45e-04	0.00e+00
 1.53775e+13	0.00e+00	5.07e-29	5.04e-21	8.28e-14	1.78e-07	1.00e+00	2.26e-04	0.00e+00
 1.59535e+13	8.00e-38	6.71e-29	6.30e-21	9.72e-14	1.95e-07	1.00e+00	2.08e-04	0.00e+00
 1.66196e+13	0.00e+00	9.14e-29	8.05e-21	1.16e-13	2.14e-07	1.00e+00	1.89e-04	0.00e+00
 1.72748e+13	1.66e-37	1.22e-28	1.01e-20	1.37e-13	2.34e-07	1.00e+00	1.73e-04	0.00e+00
 1.79031e+13	0.00e+00	1.60e-28	1.26e-20	1.60e-13	2.55e-07	1.00e+00	1.59e-04	0.00e+00
 1.85959e+13	3.23e-37	2.13e-28	1.57e-20	1.89e-13	2.78e-07	1.00e+00	1.46e-04	0.00e+00
 1.93697e+13	0.00e+00	2.88e-28	2.00e-20	2.25e-13	3.06e-07	1.00e+00	1.33e-04	0.00e+00
 2.00729e+13	6.44e-37	3.76e-28	2.47e-20	2.62e-13	3.32e-07	1.00e+00	1.23e-04	0.00e+00
 2.06644e+13	0.00e+00	4.66e-28	2.93e-20	2.96e-13	3.55e-07	1.00e+00	1.15e-04	0.00e+00
 2.13149e+13	1.11e-36	5.86e-28	3.51e-20	3.38e-13	3.81e-07	1.00e+00	1.07e-04	0.00e+00
 2.21312e+13	0.00e+00	7.75e-28	4.38e-20	3.96e-13	4.15e-07	1.00e+00	9.86e-05	0.00e+00
 2.29485e+13	2.14e-36	1.01e-27	5.42e-20	4.62e-13	4.50e-07	1.00e+00	9.09e-05	0.00e+00
 2.36381e+13	0.00e+00	1.26e-27	6.44e-20	5.23e-13	4.82e-07	1.00e+00	8.51e-05	0.00e+00
 2.43764e+13	3.68e-36	1.58e-27	7.70e-20	5.95e-13	5.16e-07	1.00e+00	7.95e-05	0.00e+00
 2.53045e+13	0.00e+00	2.08e-27	9.57e-20	6.96e-13	5.61e-07	1.00e+00	7.32e-05	0.00e+00
 2.62696e+13	7.19e-36	2.74e-27	1.19e-19	8.14e-13	6.11e-07	1.00e+00	6.73e-05	0.00e+00
 2.71350e+13	0.00e+00	3.48e-27	1.44e-19	9.32e-13	6.56e-07	1.00e+00	6.27e-05	0.00e+00
 2.80805e+13	1.31e-35	4.48e-27	1.75e-19	1.07e-12	7.08e-07	1.00e+00	5.82e-05	0.00e+00
 2.91169e+13	0.00e+00	5.85e-27	2.16e-19	1.25e-12	7.68e-07	1.00e+00	5.37e-05	0.00e+00
 3.00635e+13	2.41e-35	7.41e-27	2.60e-19	1.43e-12	8.25e-07	1.00e+00	5.01e-05	0.00e+00
 3.10860e+13	0.00e+00	9.48e-27	3.16e-19	1.64e-12	8.88e-07	1.00e+00	4.65e-05	0.00e+00
 3.22313e+13	4.50e-35	1.24e-26	3.89e-19	1.90e-12	9.62e-07	1.00e+00	4.30e-05	0.00e+00
 3.33120e+13	0.00e+00	1.58e-26	4.71e-19	2.18e-12	1.03e-06	1.00e+00	4.00e-05	0.00e+00
 3.44929e+13	8.27e-35	2.04e-26	5.77e-19	2.51e-12	1.12e-06	1.00e+00	3.71e-05	0.00e+00
 3.58022e+13	0.00e+00	2.69e-26	7.15e-19	2.93e-12	1.21e-06	1.00e+00	3.42e-05	0.00e+00
 3.70216e+13	1.56e-34	3.44e-26	8.68e-19	3.36e-12	1.30e-06	1.00e+00	3.18e-05	0.00e+00
 3.83501e+13	0.00e+00	4.46e-26	1.06e-18	3.88e-12	1.41e-06	1.00e+00	2.95e-05	0.00e+00
 3.98360e+13	3.03e-34	5.91e-26	1.33e-18	4.54e-12	1.53e-06	1.00e+00	2.72e-05	0.00e+00
 4.12398e+13	0.00e+00	7.64e-26	1.62e-18	5.22e-12	1.65e-06	1.00e+00	2.52e-05	0.00e+00
 4.27618e+13	5.76e-34	1.00e-25	2.00e-18	6.06e-12	1.78e-06	1.00e+00	2.33e-05	0.00e+00
 4.44586e+13	8.18e-34	1.33e-25	2.50e-18	7.10e-12	1.94e-06	1.00e+00	2.15e-05	0.00e+00
 4.60832e+13	1.13e-33	1.74e-25	3.08e-18	8.21e-12	2.10e-06	1.00e+00	1.99e-05	0.00e+00
 4.78164e+13	1.59e-33	2.29e-25	3.82e-18	9.54e-12	2.27e-06	1.00e+00	1.84e-05	0.00e+00
 4.97590e+13	2.29e-33	3.09e-25	4.81e-18	1.12e-11	2.47e-06	1.00e+00	1.69e-05	0.00e+00
 5.16974e+13	3.25e-33	4.11e-25	6.01e-18	1.31e-11	2.68e-06	1.00e+00	1.56e-05	0.00e+00
 5.37133e+13	4.62e-33	5.48e-25	7.50e-18	1.53e-11	2.91e-06	1.00e+00	1.44e-05	0.00e+00
 5.58917e+13	6.67e-33	7.38e-25	9.45e-18	1.80e-11	3.17e-06	1.00e+00	1.32e-05	0.00e+00
 5.81573e+13	9.64e-33	9.97e-25	1.19e-17	2.11e-11	3.45e-06	1.00e+00	1.21e-05	0.00e+00
 6.03786e+13	1.37e-32	1.32e-24	1.48e-17	2.45e-11	3.73e-06	1.00e+00	1.12e-05	0.00e+00
 6.24406e+13	1.87e-32	1.71e-24	1.80e-17	2.81e-11	4.00e-06	1.00e+00	1.05e-05	0.00e+00
 6.47201e+13	2.61e-32	2.24e-24	2.22e-17	3.24e-11	4.31e-06	1.00e+00	9.71e-06	0.00e+00
 6.70637e+13	3.65e-32	2.94e-24	2.74e-17	3.74e-11	4.65e-06	1.00e+00	9.02e-06	0.00e+00
 6.90222e+13	4.78e-32	3.66e-24	3.24e-17	4.20e-11	4.93e-06	1.00e+00	8.50e-06	0.00e+00
 7.10890e+13	6.33e-32	4.59e-24	3.85e-17	4.73e-11	5.24e-06	1.00e+00	8.00e-06	0.00e+00
 7.37173e+13	8.94e-32	6.06e-24	4.77e-17	5.47e-11	5.65e-06	1.00e+00	7.42e-06	0.00e+00
 7.64637e+13	1.26e-31	8.03e-24	5.91e-17	6.33e-11	6.10e-06	1.00e+00	6.88e-06	0.00e+00
 7.88987e+13	1.71e-31	1.02e-23	7.11e-17	7.18e-11	6.50e-06	1.00e+00	6.45e-06	0.00e+00
 8.15406e+13	2.34e-31	1.32e-23	8.63e-17	8.19e-11	6.96e-06	1.00e+00	6.03e-06	0.00e+00
 8.44925e+13	3.30e-31	1.74e-23	1.06e-16	9.44e-11	7.48e-06	1.00e+00	5.61e-06	0.00e+00
 8.72657e+13	4.50e-31	2.23e-23	1.29e-16	1.07e-10	7.99e-06	1.00e+00	5.26e-06	0.00e+00
 9.02891e+13	6.26e-31	2.92e-23	1.57e-16	1.23e-10	8.56e-06	1.00e+00	4.91e-06	0.00e+00
 9.36476e+13	8.91e-31	3.87e-23	1.95e-16	1.42e-10	9.22e-06	1.00e+00	4.55e-06	0.00e+00
 9.67760e+13	1.23e-30	5.01e-23	2.37e-16	1.62e-10	9.86e-06	1.00e+00	4.26e-06	0.00e+00
 1.00177e+14	1.72e-30	6.57e-23	2.91e-16	1.86e-10	1.06e-05	1.00e+00	3.98e-06	0.00e+00
 1.03980e+14	2.47e-30	8.80e-23	3.63e-16	2.16e-10	1.14e-05	1.00e+00	3.69e-06	0.00e+00
 1.07565e+14	3.46e-30	1.15e-22	4.44e-16	2.47e-10	1.22e-05	1.00e+00	3.45e-06	0.00e+00
 1.11469e+14	4.90e-30	1.52e-22	5.49e-16	2.85e-10	1.31e-05	1.00e+00	3.21e-06	0.00e+00
 1.15819e+14	7.14e-30	2.06e-22	6.89e-16	3.32e-10	1.41e-05	1.00e+00	2.97e-06	0.00e+00
 1.19938e+14	1.01e-29	2.71e-22	8.48e-16	3.82e-10	1.52e-05	1.00e+00	2.77e-06	0.00e+00
 1.24362e+14	1.44e-29	3.61e-22	1.05e-15	4.41e-10	1.63e-05	1.00e+00	2.58e-06	0.00e+00
 1.29366e+14	2.12e-29	4.93e-22	1.33e-15	5.16e-10	1.77e-05	1.00e+00	2.38e-06	0.00e+00
 1.34290e+14	3.07e-29	6.63e-22	1.66e-15	5.99e-10	1.90e-05	1.00e+00	2.21e-06	0.00e+00
 1.39411e+14	4.45e-29	8.91e-22	2.08e-15	6.95e-10	2.05e-05	1.00e+00	2.05e-06	0.00e+00
 1.45017e+14	6.57e-29	1.22e-21	2.63e-15	8.13e-10	2.22e-05	1.00e+00	1.89e-06	0.00e+00
 1.50712e+14	9.61e-29	1.65e-21	3.30e-15	9.48e-10	2.40e-05	1.00e+00	1.75e-06	0.00e+00
 1.56635e+14	1.41e-28	2.24e-21	4.16e-15	1.11e-09	2.59e-05	1.00e+00	1.62e-06	0.00e+00
 1.62559e+14	2.03e-28	3.01e-21	5.18e-15	1.28e-09	2.79e-05	1.00e+00	1.51e-06	0.00e+00
 1.68154e+14	2.83e-28	3.93e-21	6.34e-15	1.47e-09	2.98e-05	1.00e+00	1.41e-06	0.00e+00
 1.74344e+14	4.05e-28	5.23e-21	7.86e-15	1.70e-09	3.21e-05	1.00e+00	1.31e-06	0.00e+00
 1.80553e+14	5.71e-28	6.90e-21	9.69e-15	1.95e-09	3.44e-05	1.00e+00	1.22e-06	0.00e+00
 1.85698e+14	7.54e-28	8.62e-21	1.15e-14	2.18e-09	3.64e-05	1.00e+00	1.15e-06	0.00e+00
 1.91146e+14	1.00e-27	1.08e-20	1.36e-14	2.45e-09	3.86e-05	1.00e+00	1.09e-06	0.00e+00
 1.98126e+14	1.42e-27	1.44e-20	1.68e-14	2.83e-09	4.15e-05	1.00e+00	1.01e-06	0.00e+00
 2.05453e+14	2.03e-27	1.91e-20	2.09e-14	3.27e-09	4.47e-05	1.00e+00	9.41e-07	0.00e+00
 2.11922e+14	2.75e-27	2.44e-20	2.51e-14	3.70e-09	4.76e-05	1.00e+00	0.00e+00	0.00e+00
 2.18915e+14	3.78e-27	3.15e-20	3.05e-14	4.21e-09	5.08e-05	1.00e+00	0.00e+00	0.00e+00
 2.27339e+14	5.47e-27	4.24e-20	3.82e-14	4.90e-09	5.49e-05	1.00e+00	0.00e+00	0.00e+00
 2.35887e+14	7.84e-27	5.66e-20	4.75e-14	5.68e-09	5.92e-05	1.00e+00	0.00e+00	0.00e+00
 2.43868e+14	1.09e-26	7.35e-20	5.79e-14	6.49e-09	6.33e-05	1.00e+00	0.00e+00	0.00e+00
 2.52746e+14	1.53e-26	9.72e-20	7.16e-14	7.49e-09	6.81e-05	1.00e+00	0.00e+00	0.00e+00
 2.62187e+14	2.19e-26	1.29e-19	8.90e-14	8.68e-09	7.34e-05	1.00e+00	0.00e+00	0.00e+00
 2.70579e+14	2.97e-26	1.66e-19	1.07e-13	9.85e-09	7.83e-05	1.00e+00	0.00e+00	0.00e+00
 2.79598e+14	4.08e-26	2.14e-19	1.30e-13	1.12e-08	8.38e-05	1.00e+00	0.00e+00	0.00e+00
 2.90404e+14	5.89e-26	2.87e-19	1.63e-13	1.31e-08	9.06e-05	1.00e+00	0.00e+00	0.00e+00
 3.01033e+14	8.33e-26	3.80e-19	2.02e-13	1.51e-08	9.75e-05	1.00e+00	0.00e+00	0.00e+00
 3.10486e+14	1.12e-25	4.84e-19	2.43e-13	1.71e-08	1.04e-04	1.00e+00	0.00e+00	0.00e+00
 3.20914e+14	1.54e-25	6.25e-19	2.95e-13	1.96e-08	1.11e-04	1.00e+00	0.00e+00	0.00e+00
 3.33360e+14	2.23e-25	8.40e-19	3.70e-13	2.28e-08	1.20e-04	1.00e+00	0.00e+00	0.00e+00
 3.45717e+14	3.16e-25	1.12e-18	4.59e-13	2.64e-08	1.30e-04	1.00e+00	0.00e+00	0.00e+00
 3.56991e+14	4.31e-25	1.43e-18	5.55e-13	3.00e-08	1.39e-04	1.00e+00	0.00e+00	0.00e+00
 3.69569e+14	6.00e-25	1.87e-18	6.81e-13	3.45e-08	1.49e-04	1.00e+00	0.00e+00	0.00e+00
 3.84226e+14	8.72e-25	2.53e-18	8.57e-13	4.03e-08	1.61e-04	1.00e+00	0.00e+00	0.00e+00
 3.98631e+14	1.24e-24	3.37e-18	1.07e-12	4.68e-08	1.74e-04	1.00e+00	0.00e+00	0.00e+00
 4.12219e+14	1.72e-24	4.37e-18	1.30e-12	5.35e-08	1.87e-04	1.00e+00	0.00e+00	0.00e+00
 4.27344e+14	2.42e-24	5.78e-18	1.61e-12	6.19e-08	2.01e-04	1.00e+00	0.00e+00	0.00e+00
 4.44468e+14	3.54e-24	7.85e-18	2.03e-12	7.24e-08	2.18e-04	1.00e+00	0.00e+00	0.00e+00
 4.61595e+14	5.09e-24	1.05e-17	2.54e-12	8.43e-08	2.36e-04	1.00e+00	0.00e+00	0.00e+00
 4.77637e+14	7.08e-24	1.37e-17	3.11e-12	9.67e-08	2.53e-04	1.00e+00	0.00e+00	0.00e+00
 4.95002e+14	9.99e-24	1.81e-17	3.85e-12	1.12e-07	2.72e-04	1.00e+00	0.00e+00	0.00e+00
 5.14430e+14	1.45e-23	2.45e-17	4.83e-12	1.30e-07	2.94e-04	1.00e+00	0.00e+00	0.00e+00
 5.32590e+14	2.03e-23	3.21e-17	5.94e-12	1.50e-07	3.16e-04	1.00e+00	0.00e+00	0.00e+00
 5.49418e+14	2.74e-23	4.09e-17	7.14e-12	1.70e-07	3.37e-04	1.00e+00	0.00e+00	0.00e+00
 5.65621e+14	3.63e-23	5.13e-17	8.48e-12	1.91e-07	3.58e-04	1.00e+00	0.00e+00	0.00e+00
 5.83630e+14	4.91e-23	6.55e-17	1.02e-11	2.16e-07	3.81e-04	1.00e+00	0.00e+00	0.00e+00
 6.03558e+14	6.81e-23	8.52e-17	1.25e-11	2.47e-07	4.08e-04	1.00e+00	0.00e+00	0.00e+00
 6.22118e+14	9.14e-23	1.08e-16	1.49e-11	2.79e-07	4.34e-04	1.00e+00	0.00e+00	0.00e+00
 6.42383e+14	1.25e-22	1.39e-16	1.81e-11	3.17e-07	4.64e-04	1.00e+00	0.00e+00	0.00e+00
 6.65195e+14	1.75e-22	1.82e-16	2.22e-11	3.65e-07	4.98e-04	1.00e+00	0.00e+00	0.00e+00
 6.86933e+14	2.40e-22	2.35e-16	2.69e-11	4.15e-07	5.32e-04	9.99e-01	0.00e+00	0.00e+00
 7.10806e+14	3.34e-22	3.07e-16	3.29e-11	4.76e-07	5.70e-04	9.99e-01	0.00e+00	0.00e+00
 7.37108e+14	4.76e-22	4.08e-16	4.09e-11	5.51e-07	6.14e-04	9.99e-01	0.00e+00	0.00e+00
 7.61277e+14	6.52e-22	5.25e-16	4.95e-11	6.27e-07	6.56e-04	9.99e-01	0.00e+00	0.00e+00
 7.87409e+14	9.05e-22	6.84e-16	6.05e-11	7.17e-07	7.02e-04	9.99e-01	0.00e+00	0.00e+00
 8.16666e+14	1.29e-21	9.10e-16	7.51e-11	8.30e-07	7.57e-04	9.99e-01	0.00e+00	0.00e+00
 8.44220e+14	1.78e-21	1.18e-15	9.15e-11	9.48e-07	8.10e-04	9.99e-01	0.00e+00	0.00e+00
 8.74275e+14	2.50e-21	1.55e-15	1.13e-10	1.09e-06	8.70e-04	9.99e-01	0.00e+00	0.00e+00
 9.07653e+14	3.60e-21	2.08e-15	1.41e-10	1.27e-06	9.39e-04	9.99e-01	0.00e+00	0.00e+00
 9.38780e+14	4.98e-21	2.70e-15	1.72e-10	1.45e-06	1.01e-03	9.99e-01	0.00e+00	0.00e+00
 9.72604e+14	7.00e-21	3.56e-15	2.12e-10	1.67e-06	1.08e-03	9.99e-01	0.00e+00	0.00e+00
 1.01046e+15	1.01e-20	4.79e-15	2.65e-10	1.95e-06	1.17e-03	9.99e-01	0.00e+00	0.00e+00
 1.04637e+15	1.41e-20	6.28e-15	3.26e-10	2.24e-06	1.26e-03	9.99e-01	0.00e+00	0.00e+00
 1.08479e+15	1.99e-20	8.29e-15	4.03e-10	2.59e-06	1.36e-03	9.99e-01	0.00e+00	0.00e+00
 1.12821e+15	2.89e-20	1.12e-14	5.08e-10	3.03e-06	1.47e-03	9.99e-01	0.00e+00	0.00e+00
 1.17094e+15	4.10e-20	1.49e-14	6.33e-10	3.52e-06	1.59e-03	9.98e-01	0.00e+00	0.00e+00
 1.21538e+15	5.82e-20	1.98e-14	7.88e-10	4.09e-06	1.72e-03	9.98e-01	0.00e+00	0.00e+00
 1.26267e+15	8.31e-20	2.65e-14	9.86e-10	4.77e-06	1.86e-03	9.98e-01	0.00e+00	0.00e+00
 1.30880e+15	1.16e-19	3.48e-14	1.22e-09	5.51e-06	2.01e-03	9.98e-01	0.00e+00	0.00e+00
 1.34849e+15	1.53e-19	4.36e-14	1.45e-09	6.21e-06	2.14e-03	9.98e-01	0.00e+00	0.00e+00
 1.38131e+15	1.91e-19	5.22e-14	1.67e-09	6.84e-06	2.25e-03	9.98e-01	0.00e+00	0.00e+00
 1.41773e+15	2.42e-19	6.33e-14	1.94e-09	7.60e-06	2.38e-03	9.98e-01	0.00e+00	0.00e+00
 1.46508e+15	3.26e-19	8.10e-14	2.35e-09	8.67e-06	2.56e-03	9.97e-01	0.00e+00	0.00e+00
 1.51530e+15	4.42e-19	1.04e-13	2.86e-09	9.94e-06	2.75e-03	9.97e-01	0.00e+00	0.00e+00
 1.55907e+15	5.71e-19	1.28e-13	3.38e-09	1.11e-05	2.93e-03	9.97e-01	0.00e+00	0.00e+00
 1.60581e+15	7.42e-19	1.59e-13	4.01e-09	1.26e-05	3.12e-03	9.97e-01	0.00e+00	0.00e+00
 1.66489e+15	1.02e-18	2.08e-13	4.94e-09	1.45e-05	3.38e-03	9.97e-01	0.00e+00	0.00e+00
 1.72536e+15	1.40e-18	2.70e-13	6.08e-09	1.68e-05	3.65e-03	9.96e-01	0.00e+00	0.00e+00
 1.77775e+15	1.82e-18	3.35e-13	7.23e-09	1.89e-05	3.90e-03	9.96e-01	0.00e+00	0.00e+00
 1.83424e+15	2.37e-18	4.19e-13	8.66e-09	2.15e-05	4.19e-03	9.96e-01	0.00e+00	0.00e+00
 1.90351e+15	3.27e-18	5.48e-13	1.07e-08	2.49e-05	4.54e-03	9.95e-01	0.00e+00	0.00e+00
 1.97358e+15	4.46e-18	7.10e-13	1.32e-08	2.88e-05	4.93e-03	9.95e-01	0.00e+00	0.00e+00
 2.03595e+15	5.79e-18	8.85e-13	1.58e-08	3.27e-05	5.29e-03	9.95e-01	0.00e+00	0.00e+00
 2.10410e+15	7.67e-18	1.12e-12	1.91e-08	3.73e-05	5.69e-03	9.94e-01	0.00e+00	0.00e+00
 2.18549e+15	1.06e-17	1.47e-12	2.38e-08	4.35e-05	6.20e-03	9.94e-01	0.00e+00	0.00e+00
 2.26595e+15	1.43e-17	1.89e-12	2.93e-08	5.03e-05	6.73e-03	9.93e-01	0.00e+00	0.00e+00
 2.33861e+15	1.86e-17	2.37e-12	3.52e-08	5.71e-05	7.23e-03	9.93e-01	0.00e+00	0.00e+00
 2.41928e+15	2.47e-17	3.00e-12	4.28e-08	6.55e-05	7.80e-03	9.92e-01	0.00e+00	0.00e+00
 2.51419e+15	3.40e-17	3.94e-12	5.34e-08	7.64e-05	8.52e-03	9.91e-01	0.00e+00	0.00e+00
 2.60778e+15	4.60e-17	5.10e-12	6.60e-08	8.85e-05	9.26e-03	9.91e-01	0.00e+00	0.00e+00
 2.69474e+15	6.03e-17	6.42e-12	7.98e-08	1.01e-04	9.97e-03	9.90e-01	0.00e+00	0.00e+00
 2.79219e+15	8.09e-17	8.25e-12	9.81e-08	1.16e-04	1.08e-02	9.89e-01	0.00e+00	0.00e+00
 2.90390e+15	1.12e-16	1.09e-11	1.23e-07	1.36e-04	1.18e-02	9.88e-01	0.00e+00	0.00e+00
 3.01387e+15	1.78e-16	1.42e-11	1.53e-07	1.58e-04	1.29e-02	9.87e-01	0.00e+00	0.00e+00
 3.12823e+15	2.45e-16	1.84e-11	1.91e-07	1.84e-04	1.40e-02	9.86e-01	0.00e+00	0.00e+00
 3.23236e+15	3.22e-16	2.33e-11	2.31e-07	2.09e-04	1.51e-02	9.85e-01	0.00e+00	0.00e+00
 3.30994e+15	3.93e-16	2.75e-11	2.65e-07	2.30e-04	1.59e-02	9.84e-01	0.00e+00	0.00e+00
 3.38999e+15	4.83e-16	3.27e-11	3.05e-07	2.53e-04	1.68e-02	9.83e-01	0.00e+00	0.00e+00
 3.49405e+15	6.23e-16	4.05e-11	3.65e-07	2.86e-04	1.80e-02	9.82e-01	0.00e+00	0.00e+00
 3.60716e+15	8.16e-16	5.09e-11	4.41e-07	3.25e-04	1.94e-02	9.80e-01	0.00e+00	0.00e+00
 3.70959e+15	1.03e-15	6.22e-11	5.20e-07	3.63e-04	2.06e-02	9.79e-01	0.00e+00	0.00e+00
 3.82028e+15	1.33e-15	7.69e-11	6.19e-07	4.08e-04	2.20e-02	9.78e-01	0.00e+00	0.00e+00
 3.96052e+15	1.81e-15	9.99e-11	7.68e-07	4.72e-04	2.39e-02	9.76e-01	0.00e+00	0.00e+00
 4.10137e+15	2.45e-15	1.29e-10	9.45e-07	5.43e-04	2.59e-02	9.74e-01	0.00e+00	0.00e+00
 4.21942e+15	3.12e-15	1.58e-10	1.12e-06	6.08e-04	2.76e-02	9.72e-01	0.00e+00	0.00e+00
 4.34560e+15	4.02e-15	1.96e-10	1.34e-06	6.84e-04	2.94e-02	9.70e-01	0.00e+00	0.00e+00
 4.50527e+15	5.51e-15	2.56e-10	1.66e-06	7.91e-04	3.19e-02	9.67e-01	0.00e+00	0.00e+00
 4.67329e+15	7.57e-15	3.35e-10	2.07e-06	9.16e-04	3.46e-02	9.64e-01	0.00e+00	0.00e+00
 4.82483e+15	9.97e-15	4.23e-10	2.50e-06	1.04e-03	3.72e-02	9.62e-01	0.00e+00	0.00e+00
 4.99014e+15	1.34e-14	5.44e-10	3.07e-06	1.19e-03	4.01e-02	9.59e-01	0.00e+00	0.00e+00
 5.18526e+15	1.88e-14	7.25e-10	3.87e-06	1.39e-03	4.36e-02	9.55e-01	0.00e+00	0.00e+00
 5.37616e+15	2.59e-14	9.49e-10	4.82e-06	1.61e-03	4.72e-02	9.51e-01	0.00e+00	0.00e+00
 5.55026e+15	3.43e-14	1.20e-09	5.84e-06	1.82e-03	5.06e-02	9.48e-01	0.00e+00	0.00e+00
 5.74549e+15	4.66e-14	1.56e-09	7.21e-06	2.09e-03	5.46e-02	9.43e-01	0.00e+00	0.00e+00
 5.97297e+15	6.59e-14	2.09e-09	9.12e-06	2.45e-03	5.94e-02	9.38e-01	0.00e+00	0.00e+00
 6.19710e+15	9.17e-14	2.76e-09	1.14e-05	2.84e-03	6.44e-02	9.33e-01	0.00e+00	0.00e+00
 6.40897e+15	1.24e-13	3.57e-09	1.40e-05	3.24e-03	6.92e-02	9.28e-01	0.00e+00	0.00e+00
 6.64415e+15	1.71e-13	4.69e-09	1.75e-05	3.75e-03	7.48e-02	9.21e-01	0.00e+00	0.00e+00
 6.86746e+15	2.30e-13	6.03e-09	2.14e-05	4.28e-03	8.03e-02	9.15e-01	0.00e+00	0.00e+00
 7.03389e+15	2.85e-13	7.23e-09	2.47e-05	4.71e-03	8.45e-02	9.11e-01	0.00e+00	0.00e+00
 7.20272e+15	3.54e-13	8.67e-09	2.86e-05	5.18e-03	8.88e-02	9.06e-01	0.00e+00	0.00e+00
 7.42220e+15	4.65e-13	1.09e-08	3.43e-05	5.83e-03	9.46e-02	9.00e-01	0.00e+00	0.00e+00
 7.66057e+15	6.17e-13	1.39e-08	4.16e-05	6.61e-03	1.01e-01	8.92e-01	0.00e+00	0.00e+00
 7.87510e+15	7.93e-13	1.71e-08	4.92e-05	7.38e-03	1.07e-01	8.86e-01	0.00e+00	0.00e+00
 8.10559e+15	1.03e-12	2.14e-08	5.87e-05	8.28e-03	1.14e-01	8.78e-01	0.00e+00	0.00e+00
 8.40061e+15	1.43e-12	2.82e-08	7.31e-05	9.55e-03	1.22e-01	8.68e-01	0.00e+00	0.00e+00
 8.69803e+15	1.95e-12	3.66e-08	9.02e-05	1.09e-02	1.31e-01	8.58e-01	0.00e+00	0.00e+00
 8.94411e+15	2.51e-12	4.53e-08	1.07e-04	1.22e-02	1.39e-01	8.49e-01	0.00e+00	0.00e+00
 9.20491e+15	3.27e-12	5.66e-08	1.27e-04	1.37e-02	1.47e-01	8.39e-01	0.00e+00	0.00e+00
 9.53938e+15	4.54e-12	7.45e-08	1.58e-04	1.57e-02	1.58e-01	8.26e-01	0.00e+00	0.00e+00
 9.88842e+15	6.29e-12	9.81e-08	1.97e-04	1.81e-02	1.69e-01	8.12e-01	0.00e+00	0.00e+00
 1.01927e+16	8.31e-12	1.24e-07	2.36e-04	2.04e-02	1.79e-01	8.00e-01	0.00e+00	0.00e+00
 1.05200e+16	1.11e-11	1.58e-07	2.86e-04	2.30e-02	1.90e-01	7.86e-01	0.00e+00	0.00e+00
 1.09192e+16	1.57e-11	2.11e-07	3.58e-04	2.66e-02	2.04e-01	7.69e-01	0.00e+00	0.00e+00
 1.13130e+16	2.16e-11	2.76e-07	4.42e-04	3.05e-02	2.18e-01	7.51e-01	0.00e+00	0.00e+00
 1.16564e+16	2.84e-11	3.47e-07	5.29e-04	3.42e-02	2.30e-01	7.36e-01	0.00e+00	0.00e+00
 1.20330e+16	3.81e-11	4.44e-07	6.40e-04	3.85e-02	2.43e-01	7.18e-01	0.00e+00	0.00e+00
 1.24496e+16	5.18e-11	5.75e-07	7.84e-04	4.38e-02	2.57e-01	6.98e-01	0.00e+00	0.00e+00
 1.28348e+16	6.82e-11	7.24e-07	9.38e-04	4.90e-02	2.71e-01	6.79e-01	0.00e+00	0.00e+00
 1.31663e+16	8.57e-11	8.76e-07	1.09e-03	5.39e-02	2.82e-01	6.63e-01	0.00e+00	0.00e+00
 1.35112e+16	1.09e-10	1.07e-06	1.27e-03	5.93e-02	2.94e-01	6.46e-01	0.00e+00	0.00e+00
 1.38940e+16	1.40e-10	1.32e-06	1.50e-03	6.56e-02	3.06e-01	6.27e-01	0.00e+00	0.00e+00
 1.42557e+16	1.76e-10	1.60e-06	1.74e-03	7.20e-02	3.18e-01	6.08e-01	0.00e+00	0.00e+00
 1.46555e+16	2.27e-10	1.97e-06	2.04e-03	7.95e-02	3.31e-01	5.88e-01	0.00e+00	0.00e+00
 1.50892e+16	2.94e-10	2.45e-06	2.42e-03	8.81e-02	3.44e-01	5.66e-01	0.00e+00	0.00e+00
 1.54882e+16	3.71e-10	2.97e-06	2.81e-03	9.65e-02	3.56e-01	5.45e-01	0.00e+00	0.00e+00
 1.59283e+16	4.80e-10	3.67e-06	3.31e-03	1.06e-01	3.68e-01	5.22e-01	0.00e+00	0.00e+00
 1.64101e+16	6.25e-10	4.57e-06	3.92e-03	1.18e-01	3.81e-01	4.98e-01	0.00e+00	0.00e+00
 1.68613e+16	7.93e-10	5.57e-06	4.57e-03	1.29e-01	3.91e-01	4.75e-01	0.00e+00	0.00e+00
 1.73631e+16	1.04e-09	6.94e-06	5.41e-03	1.42e-01	4.03e-01	4.50e-01	0.00e+00	0.00e+00
 1.78994e+16	1.35e-09	8.64e-06	6.42e-03	1.57e-01	4.14e-01	4.23e-01	0.00e+00	0.00e+00
 1.83711e+16	1.70e-09	1.04e-05	7.42e-03	1.70e-01	4.22e-01	4.01e-01	0.00e+00	0.00e+00
 1.88749e+16	2.17e-09	1.28e-05	8.65e-03	1.85e-01	4.29e-01	3.76e-01	0.00e+00	0.00e+00
 1.94323e+16	2.81e-09	1.58e-05	1.02e-02	2.03e-01	4.37e-01	3.50e-01	0.00e+00	0.00e+00
 1.99454e+16	3.52e-09	1.90e-05	1.18e-02	2.19e-01	4.41e-01	3.28e-01	0.00e+00	0.00e+00
 2.04985e+16	4.53e-09	2.33e-05	1.37e-02	2.38e-01	4.45e-01	3.03e-01	0.00e+00	0.00e+00
 2.10688e+16	5.76e-09	2.83e-05	1.60e-02	2.57e-01	4.47e-01	2.79e-01	0.00e+00	0.00e+00
 2.15389e+16	6.98e-09	3.31e-05	1.81e-02	2.74e-01	4.47e-01	2.61e-01	0.00e+00	0.00e+00
 2.20275e+16	8.61e-09	3.92e-05	2.05e-02	2.92e-01	4.46e-01	2.41e-01	0.00e+00	0.00e+00
 2.25736e+16	1.08e-08	4.71e-05	2.36e-02	3.12e-01	4.44e-01	2.21e-01	0.00e+00	0.00e+00
 2.30737e+16	1.31e-08	5.52e-05	2.66e-02	3.30e-01	4.40e-01	2.03e-01	0.00e+00	0.00e+00
 2.35252e+16	1.57e-08	6.37e-05	2.97e-02	3.47e-01	4.35e-01	1.88e-01	0.00e+00	0.00e+00
 2.40347e+16	1.95e-08	7.56e-05	3.37e-02	3.67e-01	4.29e-01	1.71e-01	0.00e+00	0.00e+00
 2.45808e+16	2.41e-08	8.98e-05	3.84e-02	3.87e-01	4.20e-01	1.54e-01	0.00e+00	0.00e+00
 2.50619e+16	2.90e-08	1.04e-04	4.30e-02	4.05e-01	4.11e-01	1.40e-01	0.00e+00	0.00e+00
 2.55059e+16	3.47e-08	1.20e-04	4.77e-02	4.22e-01	4.02e-01	1.28e-01	0.00e+00	0.00e+00
 2.60140e+16	4.27e-08	1.41e-04	5.38e-02	4.41e-01	3.90e-01	1.15e-01	0.00e+00	0.00e+00
 2.65553e+16	5.33e-08	1.68e-04	6.11e-02	4.61e-01	3.76e-01	1.01e-01	0.00e+00	0.00e+00
 2.70174e+16	6.39e-08	1.94e-04	6.80e-02	4.78e-01	3.64e-01	9.07e-02	0.00e+00	0.00e+00
 2.74284e+16	7.58e-08	2.22e-04	7.49e-02	4.92e-01	3.51e-01	8.18e-02	0.00e+00	0.00e+00
 2.78955e+16	9.23e-08	2.59e-04	8.36e-02	5.08e-01	3.36e-01	7.23e-02	0.00e+00	0.00e+00
 2.83954e+16	1.15e-07	3.07e-04	9.42e-02	5.24e-01	3.19e-01	6.27e-02	0.00e+00	0.00e+00
 2.88209e+16	1.38e-07	3.53e-04	1.04e-01	5.37e-01	3.03e-01	5.53e-02	0.00e+00	0.00e+00
 2.91904e+16	1.61e-07	3.99e-04	1.14e-01	5.47e-01	2.89e-01	4.93e-02	0.00e+00	0.00e+00
 2.96039e+16	1.90e-07	4.55e-04	1.26e-01	5.58e-01	2.72e-01	4.30e-02	0.00e+00	0.00e+00
 3.00505e+16	2.33e-07	5.33e-04	1.40e-01	5.69e-01	2.54e-01	3.67e-02	0.00e+00	0.00e+00
 3.04331e+16	2.95e-07	6.33e-04	1.55e-01	5.76e-01	2.37e-01	3.13e-02	0.00e+00	0.00e+00
 3.07271e+16	3.40e-07	7.07e-04	1.67e-01	5.81e-01	2.24e-01	2.77e-02	0.00e+00	0.00e+00
 3.10130e+16	3.94e-07	7.90e-04	1.79e-01	5.85e-01	2.10e-01	2.44e-02	0.00e+00	0.00e+00
 3.13846e+16	4.92e-07	9.31e-04	1.98e-01	5.89e-01	1.92e-01	2.02e-02	0.00e+00	0.00e+00
 3.17384e+16	5.61e-07	1.04e-03	2.15e-01	5.91e-01	1.76e-01	1.70e-02	0.00e+00	0.00e+00
 3.19848e+16	6.76e-07	1.18e-03	2.31e-01	5.90e-01	1.63e-01	1.47e-02	0.00e+00	0.00e+00
 3.21523e+16	7.50e-07	1.28e-03	2.41e-01	5.90e-01	1.55e-01	1.32e-02	0.00e+00	0.00e+00
 3.23013e+16	8.19e-07	1.37e-03	2.51e-01	5.89e-01	1.47e-01	1.20e-02	0.00e+00	0.00e+00
 3.24950e+16	9.29e-07	1.50e-03	2.64e-01	5.87e-01	1.37e-01	1.05e-02	0.00e+00	0.00e+00
 3.26984e+16	1.06e-06	1.65e-03	2.78e-01	5.84e-01	1.27e-01	9.04e-03	0.00e+00	0.00e+00
 3.28681e+16	1.15e-06	1.76e-03	2.90e-01	5.81e-01	1.19e-01	7.97e-03	0.00e+00	0.00e+00
 3.30427e+16	1.30e-06	1.92e-03	3.04e-01	5.78e-01	1.09e-01	6.86e-03	0.00e+00	0.00e+00
 3.32259e+16	1.48e-06	2.11e-03	3.19e-01	5.73e-01	1.00e-01	5.83e-03	0.00e+00	0.00e+00
 3.33788e+16	1.65e-06	2.29e-03	3.32e-01	5.68e-01	9.26e-02	5.03e-03	0.00e+00	0.00e+00
 3.35095e+16	1.88e-06	2.50e-03	3.44e-01	5.63e-01	8.58e-02	4.35e-03	0.00e+00	0.00e+00
 3.36275e+16	2.00e-06	2.62e-03	3.54e-01	5.60e-01	8.03e-02	3.86e-03	0.00e+00	0.00e+00
 3.37549e+16	2.21e-06	2.82e-03	3.65e-01	5.55e-01	7.41e-02	3.33e-03	0.00e+00	0.00e+00
 3.39206e+16	2.60e-06	3.16e-03	3.82e-01	5.47e-01	6.59e-02	2.67e-03	0.00e+00	0.00e+00
 3.40766e+16	2.91e-06	3.42e-03	3.95e-01	5.40e-01	5.92e-02	2.20e-03	0.00e+00	0.00e+00
 3.41954e+16	3.22e-06	3.67e-03	4.07e-01	5.34e-01	5.40e-02	1.86e-03	0.00e+00	0.00e+00
 3.43254e+16	3.60e-06	3.98e-03	4.19e-01	5.27e-01	4.85e-02	1.52e-03	0.00e+00	0.00e+00
 3.44712e+16	4.07e-06	4.33e-03	4.33e-01	5.18e-01	4.28e-02	1.21e-03	0.00e+00	0.00e+00
 3.46092e+16	4.55e-06	4.69e-03	4.46e-01	5.11e-01	3.78e-02	9.69e-04	0.00e+00	0.00e+00
 3.47403e+16	5.10e-06	5.08e-03	4.58e-01	5.03e-01	3.34e-02	7.71e-04	0.00e+00	0.00e+00
 3.48909e+16	5.80e-06	5.56e-03	4.72e-01	4.93e-01	2.87e-02	5.83e-04	0.00e+00	0.00e+00
 3.50553e+16	6.65e-06	6.11e-03	4.87e-01	4.83e-01	2.42e-02	4.27e-04	0.00e+00	0.00e+00
 3.52074e+16	7.55e-06	6.67e-03	5.00e-01	4.72e-01	2.05e-02	3.16e-04	0.00e+00	0.00e+00
 3.53749e+16	8.73e-06	7.37e-03	5.15e-01	4.61e-01	1.69e-02	2.22e-04	0.00e+00	0.00e+00
 3.55642e+16	1.02e-05	8.22e-03	5.30e-01	4.48e-01	1.36e-02	1.48e-04	0.00e+00	0.00e+00
 3.57518e+16	1.19e-05	9.13e-03	5.45e-01	4.35e-01	1.09e-02	9.86e-05	0.00e+00	0.00e+00
 3.59060e+16	1.34e-05	9.92e-03	5.56e-01	4.24e-01	9.12e-03	7.12e-05	0.00e+00	0.00e+00
 3.60225e+16	1.48e-05	1.06e-02	5.65e-01	4.16e-01	7.94e-03	5.52e-05	0.00e+00	0.00e+00
 3.61497e+16	1.63e-05	1.13e-02	5.74e-01	4.07e-01	6.80e-03	4.14e-05	0.00e+00	0.00e+00
 3.63152e+16	1.86e-05	1.24e-02	5.86e-01	3.96e-01	5.56e-03	2.85e-05	0.00e+00	0.00e+00
 3.64943e+16	2.15e-05	1.36e-02	5.99e-01	3.83e-01	4.50e-03	1.92e-05	0.00e+00	0.00e+00
 3.66557e+16	2.43e-05	1.48e-02	6.10e-01	3.72e-01	3.73e-03	1.36e-05	0.00e+00	0.00e+00
 3.68301e+16	2.79e-05	1.63e-02	6.21e-01	3.59e-01	3.03e-03	9.19e-06	0.00e+00	0.00e+00
 3.70241e+16	3.25e-05	1.80e-02	6.34e-01	3.46e-01	2.42e-03	6.06e-06	0.00e+00	0.00e+00
 3.72055e+16	3.75e-05	1.98e-02	6.46e-01	3.33e-01	1.97e-03	4.12e-06	0.00e+00	0.00e+00
 3.73653e+16	4.26e-05	2.16e-02	6.56e-01	3.21e-01	1.65e-03	2.95e-06	0.00e+00	0.00e+00
 3.75113e+16	4.80e-05	2.34e-02	6.65e-01	3.10e-01	1.39e-03	2.16e-06	0.00e+00	0.00e+00
 3.76775e+16	5.49e-05	2.56e-02	6.75e-01	2.98e-01	1.15e-03	1.51e-06	0.00e+00	0.00e+00
 3.78585e+16	6.39e-05	2.83e-02	6.86e-01	2.84e-01	9.36e-04	1.03e-06	0.00e+00	0.00e+00
 3.80172e+16	7.33e-05	3.10e-02	6.96e-01	2.72e-01	7.83e-04	7.42e-07	0.00e+00	0.00e+00
 3.81555e+16	8.26e-05	3.35e-02	7.04e-01	2.62e-01	6.70e-04	0.00e+00	0.00e+00	0.00e+00
 3.83089e+16	9.44e-05	3.67e-02	7.12e-01	2.50e-01	5.59e-04	0.00e+00	0.00e+00	0.00e+00
 3.84763e+16	1.10e-04	4.06e-02	7.22e-01	2.37e-01	4.61e-04	0.00e+00	0.00e+00	0.00e+00
 3.86241e+16	1.26e-04	4.45e-02	7.29e-01	2.26e-01	3.88e-04	0.00e+00	0.00e+00	0.00e+00
 3.87540e+16	1.43e-04	4.83e-02	7.36e-01	2.16e-01	3.33e-04	0.00e+00	0.00e+00	0.00e+00
 3.88986e+16	1.64e-04	5.30e-02	7.42e-01	2.04e-01	2.79e-04	0.00e+00	0.00e+00	0.00e+00
 3.90555e+16	1.92e-04	5.87e-02	7.49e-01	1.92e-01	2.30e-04	0.00e+00	0.00e+00	0.00e+00
 3.91926e+16	2.20e-04	6.45e-02	7.54e-01	1.81e-01	1.94e-04	0.00e+00	0.00e+00	0.00e+00
 3.93102e+16	2.50e-04	7.00e-02	7.58e-01	1.72e-01	1.67e-04	0.00e+00	0.00e+00	0.00e+00
 3.94387e+16	2.86e-04	7.65e-02	7.61e-01	1.62e-01	1.41e-04	0.00e+00	0.00e+00	0.00e+00
 3.95813e+16	3.34e-04	8.48e-02	7.64e-01	1.51e-01	1.17e-04	0.00e+00	0.00e+00	0.00e+00
 3.97091e+16	3.86e-04	9.33e-02	7.65e-01	1.41e-01	9.81e-05	0.00e+00	0.00e+00	0.00e+00
 3.98182e+16	4.38e-04	1.01e-01	7.66e-01	1.32e-01	8.42e-05	0.00e+00	0.00e+00	0.00e+00
 3.99364e+16	5.04e-04	1.11e-01	7.65e-01	1.23e-01	7.08e-05	0.00e+00	0.00e+00	0.00e+00
 4.00678e+16	5.91e-04	1.23e-01	7.63e-01	1.13e-01	5.82e-05	0.00e+00	0.00e+00	0.00e+00
 4.01858e+16	6.85e-04	1.36e-01	7.59e-01	1.04e-01	4.85e-05	0.00e+00	0.00e+00	0.00e+00
 4.02872e+16	7.81e-04	1.48e-01	7.54e-01	9.70e-02	4.11e-05	0.00e+00	0.00e+00	0.00e+00
 4.03973e+16	9.02e-04	1.62e-01	7.48e-01	8.90e-02	3.42e-05	0.00e+00	0.00e+00	0.00e+00
 4.05196e+16	1.06e-03	1.80e-01	7.39e-01	8.03e-02	2.76e-05	0.00e+00	0.00e+00	0.00e+00
 4.06300e+16	1.24e-03	1.98e-01	7.28e-01	7.26e-02	2.26e-05	0.00e+00	0.00e+00	0.00e+00
 4.07272e+16	1.43e-03	2.17e-01	7.16e-01	6.60e-02	1.88e-05	0.00e+00	0.00e+00	0.00e+00
 4.08351e+16	1.67e-03	2.39e-01	7.01e-01	5.89e-02	1.51e-05	0.00e+00	0.00e+00	0.00e+00
 4.09544e+16	2.00e-03	2.67e-01	6.80e-01	5.14e-02	1.17e-05	0.00e+00	0.00e+00	0.00e+00
 4.10628e+16	2.37e-03	2.96e-01	6.57e-01	4.48e-02	9.15e-06	0.00e+00	0.00e+00	0.00e+00
 4.11603e+16	2.76e-03	3.24e-01	6.34e-01	3.91e-02	7.23e-06	0.00e+00	0.00e+00	0.00e+00
 4.12692e+16	3.29e-03	3.60e-01	6.04e-01	3.31e-02	5.44e-06	0.00e+00	0.00e+00	0.00e+00
 4.13897e+16	4.03e-03	4.04e-01	5.65e-01	2.70e-02	3.88e-06	0.00e+00	0.00e+00	0.00e+00
 4.14963e+16	4.86e-03	4.47e-01	5.26e-01	2.20e-02	2.79e-06	0.00e+00	0.00e+00	0.00e+00
 4.15857e+16	5.68e-03	4.87e-01	4.89e-01	1.81e-02	2.07e-06	0.00e+00	0.00e+00	0.00e+00
 4.16818e+16	6.74e-03	5.32e-01	4.47e-01	1.44e-02	1.46e-06	0.00e+00	0.00e+00	0.00e+00
 4.17808e+16	8.09e-03	5.81e-01	3.99e-01	1.10e-02	9.73e-07	0.00e+00	0.00e+00	0.00e+00
 4.18582e+16	9.38e-03	6.22e-01	3.60e-01	8.66e-03	0.00e+00	0.00e+00	0.00e+00	0.00e+00
 4.19196e+16	1.05e-02	6.55e-01	3.28e-01	7.07e-03	0.00e+00	0.00e+00	0.00e+00	0.00e+00
 4.19863e+16	1.20e-02	6.90e-01	2.93e-01	5.54e-03	0.00e+00	0.00e+00	0.00e+00	0.00e+00
 4.20606e+16	1.38e-02	7.28e-01	2.54e-01	4.11e-03	0.00e+00	0.00e+00	0.00e+00	0.00e+00
 4.21271e+16	1.58e-02	7.62e-01	2.19e-01	3.05e-03	0.00e+00	0.00e+00	0.00e+00	0.00e+00
 4.21824e+16	1.77e-02	7.89e-01	1.91e-01	2.34e-03	0.00e+00	0.00e+00	0.00e+00	0.00e+00
 4.22411e+16	1.99e-02	8.15e-01	1.63e-01	1.72e-03	0.00e+00	0.00e+00	0.00e+00	0.00e+00
 4.23050e+16	2.27e-02	8.41e-01	1.35e-01	1.19e-03	0.00e+00	0.00e+00	0.00e+00	0.00e+00
 4.23603e+16	2.56e-02	8.61e-01	1.12e-01	8.41e-04	0.00e+00	0.00e+00	0.00e+00	0.00e+00
 4.24061e+16	2.83e-02	8.76e-01	9.48e-02	6.17e-04	0.00e+00	0.00e+00	0.00e+00	0.00e+00
 4.24548e+16	3.14e-02	8.90e-01	7.85e-02	4.33e-04	0.00e+00	0.00e+00	0.00e+00	0.00e+00
 4.25081e+16	3.56e-02	9.02e-01	6.26e-02	2.86e-04	0.00e+00	0.00e+00	0.00e+00	0.00e+00
 4.25552e+16	3.97e-02	9.10e-01	5.03e-02	1.92e-04	0.00e+00	0.00e+00	0.00e+00	0.00e+00
 4.25950e+16	4.38e-02	9.15e-01	4.13e-02	1.35e-04	0.00e+00	0.00e+00	0.00e+00	0.00e+00
 4.26377e+16	4.86e-02	9.18e-01	3.31e-02	9.00e-05	0.00e+00	0.00e+00	0.00e+00	0.00e+00
 4.26833e+16	5.44e-02	9.20e-01	2.57e-02	5.72e-05	0.00e+00	0.00e+00	0.00e+00	0.00e+00
 4.27220e+16	6.04e-02	9.19e-01	2.03e-02	3.77e-05	0.00e+00	0.00e+00	0.00e+00	0.00e+00
 4.27545e+16	6.58e-02	9.18e-01	1.66e-02	2.62e-05	0.00e+00	0.00e+00	0.00e+00	0.00e+00
 4.27862e+16	7.18e-02	9.15e-01	1.35e-02	1.81e-05	0.00e+00	0.00e+00	0.00e+00	0.00e+00
 4.28212e+16	7.89e-02	9.10e-01	1.06e-02	1.18e-05	0.00e+00	0.00e+00	0.00e+00	0.00e+00
 4.28557e+16	8.68e-02	9.05e-01	8.31e-03	7.64e-06	0.00e+00	0.00e+00	0.00e+00	0.00e+00
 4.28847e+16	9.42e-02	8.99e-01	6.68e-03	5.19e-06	0.00e+00	0.00e+00	0.00e+00	0.00e+00
 4.29092e+16	1.01e-01	8.94e-01	5.53e-03	3.71e-06	0.00e+00	0.00e+00	0.00e+00	0.00e+00
 4.29311e+16	1.07e-01	8.88e-01	4.65e-03	2.73e-06	0.00e+00	0.00e+00	0.00e+00	0.00e+00
 4.29518e+16	1.14e-01	8.82e-01	3.93e-03	2.02e-06	0.00e+00	0.00e+00	0.00e+00	0.00e+00
 4.29682e+16	1.19e-01	8.78e-01	3.44e-03	1.60e-06	0.00e+00	0.00e+00	0.00e+00	0.00e+00
 4.29789e+16	1.22e-01	8.74e-01	3.15e-03	1.37e-06	0.00e+00	0.00e+00	0.00e+00	0.00e+00
 4.29886e+16	1.26e-01	8.71e-01	2.90e-03	1.18e-06	0.00e+00	0.00e+00	0.00e+00	0.00e+00
 4.30000e+16	1.30e-01	8.67e-01	2.62e-03	9.87e-07	0.00e+00	0.00e+00	0.00e+00	0.00e+00
 4.30125e+16	1.35e-01	8.63e-01	2.35e-03	0.00e+00	0.00e+00	0.00e+00	0.00e+00	0.00e+00
 4.30245e+16	1.40e-01	8.58e-01	2.12e-03	0.00e+00	0.00e+00	0.00e+00	0.00e+00	0.00e+00
 4.30357e+16	1.44e-01	8.54e-01	1.92e-03	0.00e+00	0.00e+00	0.00e+00	0.00e+00	0.00e+00
 4.30466e+16	1.49e-01	8.49e-01	1.74e-03	0.00e+00	0.00e+00	0.00e+00	0.00e+00	0.00e+00
 4.30577e+16	1.54e-01	8.45e-01	1.57e-03	0.00e+00	0.00e+00	0.00e+00	0.00e+00	0.00e+00
 4.30688e+16	1.59e-01	8.40e-01	1.41e-03	0.00e+00	0.00e+00	0.00e+00	0.00e+00	0.00e+00
 4.30797e+16	1.64e-01	8.35e-01	1.28e-03	0.00e+00	0.00e+00	0.00e+00	0.00e+00	0.00e+00
 4.30904e+16	1.69e-01	8.29e-01	1.15e-03	0.00e+00	0.00e+00	0.00e+00	0.00e+00	0.00e+00
 4.31012e+16	1.75e-01	8.24e-01	1.04e-03	0.00e+00	0.00e+00	0.00e+00	0.00e+00	0.00e+00
 4.31116e+16	1.80e-01	8.19e-01	9.39e-04	0.00e+00	0.00e+00	0.00e+00	0.00e+00	0.00e+00
 4.31219e+16	1.86e-01	8.14e-01	8.49e-04	0.00e+00	0.00e+00	0.00e+00	0.00e+00	0.00e+00
 4.31323e+16	1.91e-01	8.08e-01	7.65e-04	0.00e+00	0.00e+00	0.00e+00	0.00e+00	0.00e+00
 4.31426e+16	1.98e-01	8.02e-01	6.90e-04	0.00e+00	0.00e+00	0.00e+00	0.00e+00	0.00e+00
 4.31527e+16	2.04e-01	7.95e-01	6.21e-04	0.00e+00	0.00e+00	0.00e+00	0.00e+00	0.00e+00
 4.31629e+16	2.11e-01	7.89e-01	5.59e-04	0.00e+00	0.00e+00	0.00e+00	0.00e+00	0.00e+00
 4.31728e+16	2.17e-01	7.82e-01	5.04e-04	0.00e+00	0.00e+00	0.00e+00	0.00e+00	0.00e+00
 4.31826e+16	2.24e-01	7.75e-01	4.55e-04	0.00e+00	0.00e+00	0.00e+00	0.00e+00	0.00e+00
 4.31924e+16	2.31e-01	7.68e-01	4.09e-04	0.00e+00	0.00e+00	0.00e+00	0.00e+00	0.00e+00
 4.32021e+16	2.39e-01	7.61e-01	3.68e-04	0.00e+00	0.00e+00	0.00e+00	0.00e+00	0.00e+00
 4.32118e+16	2.47e-01	7.53e-01	3.31e-04	0.00e+00	0.00e+00	0.00e+00	0.00e+00	0.00e+00
 4.32213e+16	2.56e-01	7.44e-01	2.97e-04	0.00e+00	0.00e+00	0.00e+00	0.00e+00	0.00e+00
 4.32307e+16	2.64e-01	7.36e-01	2.67e-04	0.00e+00	0.00e+00	0.00e+00	0.00e+00	0.00e+00
 4.32402e+16	2.73e-01	7.26e-01	2.39e-04	0.00e+00	0.00e+00	0.00e+00	0.00e+00	0.00e+00
 4.32496e+16	2.84e-01	7.16e-01	2.14e-04	0.00e+00	0.00e+00	0.00e+00	0.00e+00	0.00e+00
 4.32589e+16	2.93e-01	7.06e-01	1.92e-04	0.00e+00	0.00e+00	0.00e+00	0.00e+00	0.00e+00
 4.32681e+16	3.04e-01	6.95e-01	1.72e-04	0.00e+00	0.00e+00	0.00e+00	0.00e+00	0.00e+00
 4.32770e+16	3.15e-01	6.84e-01	1.54e-04	0.00e+00	0.00e+00	0.00e+00	0.00e+00	0.00e+00
 4.32859e+16	3.27e-01	6.73e-01	1.38e-04	0.00e+00	0.00e+00	0.00e+00	0.00e+00	0.00e+00
 4.32947e+16	3.40e-01	6.59e-01	1.23e-04	0.00e+00	0.00e+00	0.00e+00	0.00e+00	0.00e+00
 4.33033e+16	3.52e-01	6.48e-01	1.11e-04	0.00e+00	0.00e+00	0.00e+00	0.00e+00	0.00e+00
 4.33117e+16	3.67e-01	6.32e-01	9.87e-05	0.00e+00	0.00e+00	0.00e+00	0.00e+00	0.00e+00
 4.33201e+16	3.81e-01	6.19e-01	8.84e-05	0.00e+00	0.00e+00	0.00e+00	0.00e+00	0.00e+00
 4.33284e+16	3.96e-01	6.04e-01	7.90e-05	0.00e+00	0.00e+00	0.00e+00	0.00e+00	0.00e+00
 4.33366e+16	4.12e-01	5.88e-01	7.04e-05	0.00e+00	0.00e+00	0.00e+00	0.00e+00	0.00e+00
 4.33447e+16	4.29e-01	5.71e-01	6.27e-05	0.00e+00	0.00e+00	0.00e+00	0.00e+00	0.00e+00
 4.33528e+16	4.46e-01	5.54e-01	5.58e-05	0.00e+00	0.00e+00	0.00e+00	0.00e+00	0.00e+00
 4.33607e+16	4.66e-01	5.34e-01	4.94e-05	0.00e+00	0.00e+00	0.00e+00	0.00e+00	0.00e+00
 4.33686e+16	4.86e-01	5.14e-01	4.38e-05	0.00e+00	0.00e+00	0.00e+00	0.00e+00	0.00e+00
 4.33763e+16	5.06e-01	4.94e-01	3.88e-05	0.00e+00	0.00e+00	0.00e+00	0.00e+00	0.00e+00
 4.33841e+16	5.27e-01	4.73e-01	3.42e-05	0.00e+00	0.00e+00	0.00e+00	0.00e+00	0.00e+00
 4.33919e+16	5.49e-01	4.51e-01	3.01e-05	0.00e+00	0.00e+00	0.00e+00	0.00e+00	0.00e+00
 4.33997e+16	5.73e-01	4.27e-01	2.63e-05	0.00e+00	0.00e+00	0.00e+00	0.00e+00	0.00e+00
 4.34074e+16	5.95e-01	4.05e-01	2.31e-05	0.00e+00	0.00e+00	0.00e+00	0.00e+00	0.00e+00
 4.34151e+16	6.19e-01	3.81e-01	2.01e-05	0.00e+00	0.00e+00	0.00e+00	0.00e+00	0.00e+00
 4.34229e+16	6.43e-01	3.57e-01	1.74e-05	0.00e+00	0.00e+00	0.00e+00	0.00e+00	0.00e+00
 4.34307e+16	6.68e-01	3.32e-01	1.50e-05	0.00e+00	0.00e+00	0.00e+00	0.00e+00	0.00e+00
 4.34385e+16	6.92e-01	3.08e-01	1.29e-05	0.00e+00	0.00e+00	0.00e+00	0.00e+00	0.00e+00
 4.34452e+16	7.13e-01	2.87e-01	1.13e-05	0.00e+00	0.00e+00	0.00e+00	0.00e+00	0.00e+00
 4.34503e+16	7.28e-01	2.72e-01	1.03e-05	0.00e+00	0.00e+00	0.00e+00	0.00e+00	0.00e+00
