#depth	C	C+	C+2	C+3	C+4	C+5	C+6	C[1]	C[2]	C[3]	C+[1]	C+[2]	CO
 1.49634e+10	0.00e+00	1.58e-29	1.83e-20	6.38e-12	7.56e-03	8.90e-01	1.02e-01	0.00e+00	0.00e+00	0.00e+00	0.00e+00	0.00e+00	0.00e+00
 4.54887e+10	1.76e-39	2.26e-29	2.41e-20	7.69e-12	8.37e-03	8.97e-01	9.44e-02	0.00e+00	0.00e+00	0.00e+00	0.00e+00	0.00e+00	3.77e-128
 7.72350e+10	0.00e+00	3.24e-29	3.18e-20	9.30e-12	9.28e-03	9.04e-01	8.72e-02	0.00e+00	0.00e+00	0.00e+00	0.00e+00	0.00e+00	0.00e+00
 1.10251e+11	4.32e-39	4.65e-29	4.19e-20	1.12e-11	1.03e-02	9.09e-01	8.05e-02	0.00e+00	0.00e+00	0.00e+00	0.00e+00	0.00e+00	4.06e-127
 1.41243e+11	0.00e+00	6.46e-29	5.39e-20	1.34e-11	1.13e-02	9.14e-01	7.48e-02	0.00e+00	0.00e+00	0.00e+00	0.00e+00	0.00e+00	0.00e+00
 1.68756e+11	9.20e-39	8.57e-29	6.69e-20	1.55e-11	1.22e-02	9.18e-01	7.02e-02	0.00e+00	0.00e+00	0.00e+00	0.00e+00	0.00e+00	3.01e-126
 1.99469e+11	0.00e+00	1.17e-28	8.47e-20	1.82e-11	1.34e-02	9.21e-01	6.55e-02	0.00e+00	0.00e+00	0.00e+00	0.00e+00	0.00e+00	0.00e+00
 2.36129e+11	2.09e-38	1.66e-28	1.11e-19	2.19e-11	1.48e-02	9.25e-01	6.04e-02	0.00e+00	0.00e+00	0.00e+00	0.00e+00	0.00e+00	2.63e-125
 2.73244e+11	0.00e+00	2.35e-28	1.45e-19	2.62e-11	1.63e-02	9.28e-01	5.58e-02	0.00e+00	0.00e+00	0.00e+00	0.00e+00	0.00e+00	0.00e+00
 3.08030e+11	4.74e-38	3.21e-28	1.84e-19	3.09e-11	1.77e-02	9.30e-01	5.18e-02	0.00e+00	0.00e+00	0.00e+00	0.00e+00	0.00e+00	2.29e-124
 3.46466e+11	0.00e+00	4.49e-28	2.38e-19	3.67e-11	1.95e-02	9.33e-01	4.79e-02	0.00e+00	0.00e+00	0.00e+00	0.00e+00	0.00e+00	0.00e+00
 3.90251e+11	1.14e-37	6.50e-28	3.16e-19	4.45e-11	2.16e-02	9.35e-01	4.39e-02	0.00e+00	0.00e+00	0.00e+00	0.00e+00	0.00e+00	2.30e-123
 4.33303e+11	0.00e+00	9.23e-28	4.13e-19	5.33e-11	2.37e-02	9.36e-01	4.04e-02	0.00e+00	0.00e+00	0.00e+00	0.00e+00	0.00e+00	0.00e+00
 4.78077e+11	2.72e-37	1.31e-27	5.40e-19	6.40e-11	2.61e-02	9.37e-01	3.71e-02	0.00e+00	0.00e+00	0.00e+00	0.00e+00	0.00e+00	2.29e-122
 5.27127e+11	0.00e+00	1.90e-27	7.18e-19	7.76e-11	2.89e-02	9.37e-01	3.39e-02	0.00e+00	0.00e+00	0.00e+00	0.00e+00	0.00e+00	0.00e+00
 5.76358e+11	6.74e-37	2.73e-27	9.47e-19	9.35e-11	3.19e-02	9.37e-01	3.10e-02	0.00e+00	0.00e+00	0.00e+00	0.00e+00	0.00e+00	2.50e-121
 6.27557e+11	0.00e+00	3.91e-27	1.25e-18	1.13e-10	3.51e-02	9.37e-01	2.83e-02	0.00e+00	0.00e+00	0.00e+00	0.00e+00	0.00e+00	0.00e+00
 6.82587e+11	1.68e-36	5.69e-27	1.66e-18	1.37e-10	3.88e-02	9.35e-01	2.58e-02	0.00e+00	0.00e+00	0.00e+00	0.00e+00	0.00e+00	2.76e-120
 7.37072e+11	0.00e+00	8.13e-27	2.19e-18	1.65e-10	4.27e-02	9.34e-01	2.36e-02	0.00e+00	0.00e+00	0.00e+00	0.00e+00	0.00e+00	0.00e+00
 7.93737e+11	4.09e-36	1.16e-26	2.88e-18	1.98e-10	4.69e-02	9.32e-01	2.15e-02	0.00e+00	0.00e+00	0.00e+00	0.00e+00	0.00e+00	2.84e-119
 8.55413e+11	0.00e+00	1.69e-26	3.84e-18	2.40e-10	5.18e-02	9.29e-01	1.95e-02	0.00e+00	0.00e+00	0.00e+00	0.00e+00	0.00e+00	0.00e+00
 9.19557e+11	1.04e-35	2.47e-26	5.13e-18	2.92e-10	5.72e-02	9.25e-01	1.77e-02	0.00e+00	0.00e+00	0.00e+00	0.00e+00	0.00e+00	3.28e-118
 9.86266e+11	0.00e+00	3.59e-26	6.85e-18	3.55e-10	6.31e-02	9.21e-01	1.60e-02	0.00e+00	0.00e+00	0.00e+00	0.00e+00	0.00e+00	0.00e+00
 1.05564e+12	2.64e-35	5.23e-26	9.16e-18	4.31e-10	6.95e-02	9.16e-01	1.44e-02	0.00e+00	0.00e+00	0.00e+00	0.00e+00	0.00e+00	3.79e-117
 1.12780e+12	0.00e+00	7.62e-26	1.22e-17	5.23e-10	7.66e-02	9.10e-01	1.30e-02	0.00e+00	0.00e+00	0.00e+00	0.00e+00	0.00e+00	4.58e-100
 1.19312e+12	6.33e-35	1.06e-25	1.58e-17	6.20e-10	8.33e-02	9.05e-01	1.19e-02	0.00e+00	0.00e+00	0.00e+00	0.00e+00	0.00e+00	0.00e+00
 1.24765e+12	8.79e-35	1.38e-25	1.93e-17	7.11e-10	8.91e-02	9.00e-01	1.10e-02	0.00e+00	0.00e+00	0.00e+00	0.00e+00	0.00e+00	8.78e-116
 1.30744e+12	1.24e-34	1.82e-25	2.40e-17	8.22e-10	9.57e-02	8.94e-01	1.02e-02	0.00e+00	0.00e+00	0.00e+00	0.00e+00	0.00e+00	1.23e-97
 1.38302e+12	1.90e-34	2.57e-25	3.13e-17	9.82e-10	1.04e-01	8.86e-01	9.22e-03	0.00e+00	0.00e+00	0.00e+00	0.00e+00	0.00e+00	0.00e+00
 1.46181e+12	2.92e-34	3.63e-25	4.09e-17	1.17e-09	1.14e-01	8.78e-01	8.34e-03	0.00e+00	0.00e+00	0.00e+00	0.00e+00	0.00e+00	2.04e-114
 1.52882e+12	4.13e-34	4.81e-25	5.09e-17	1.36e-09	1.22e-01	8.70e-01	7.67e-03	0.00e+00	0.00e+00	0.00e+00	0.00e+00	0.00e+00	1.70e-96
 1.59781e+12	5.84e-34	6.36e-25	6.33e-17	1.57e-09	1.31e-01	8.62e-01	7.04e-03	0.00e+00	0.00e+00	0.00e+00	0.00e+00	0.00e+00	0.00e+00
 1.68450e+12	8.88e-34	8.93e-25	8.23e-17	1.87e-09	1.42e-01	8.51e-01	6.35e-03	0.00e+00	0.00e+00	0.00e+00	0.00e+00	0.00e+00	3.79e-113
 1.77253e+12	1.33e-33	1.24e-24	1.06e-16	2.23e-09	1.54e-01	8.40e-01	5.72e-03	0.00e+00	0.00e+00	0.00e+00	0.00e+00	0.00e+00	2.19e-95
 1.84821e+12	1.87e-33	1.63e-24	1.32e-16	2.56e-09	1.65e-01	8.30e-01	5.25e-03	0.00e+00	0.00e+00	0.00e+00	0.00e+00	0.00e+00	2.70e-112
 1.92956e+12	2.64e-33	2.16e-24	1.64e-16	2.97e-09	1.76e-01	8.19e-01	4.79e-03	0.00e+00	0.00e+00	0.00e+00	0.00e+00	0.00e+00	9.72e-95
 2.03001e+12	3.99e-33	3.01e-24	2.12e-16	3.53e-09	1.91e-01	8.05e-01	4.29e-03	0.00e+00	0.00e+00	0.00e+00	0.00e+00	0.00e+00	2.01e-111
 2.13292e+12	5.97e-33	4.17e-24	2.74e-16	4.18e-09	2.06e-01	7.90e-01	3.84e-03	0.00e+00	0.00e+00	0.00e+00	0.00e+00	0.00e+00	5.74e-94
 2.22585e+12	8.44e-33	5.53e-24	3.42e-16	4.83e-09	2.20e-01	7.77e-01	3.49e-03	0.00e+00	0.00e+00	0.00e+00	0.00e+00	0.00e+00	1.49e-110
 2.32818e+12	1.22e-32	7.44e-24	4.31e-16	5.64e-09	2.35e-01	7.62e-01	3.14e-03	0.00e+00	0.00e+00	0.00e+00	0.00e+00	0.00e+00	2.73e-93
 2.44871e+12	1.84e-32	1.04e-23	5.59e-16	6.70e-09	2.53e-01	7.44e-01	2.79e-03	0.00e+00	0.00e+00	0.00e+00	0.00e+00	0.00e+00	1.20e-109
 2.56928e+12	2.71e-32	1.43e-23	7.16e-16	7.89e-09	2.72e-01	7.26e-01	2.48e-03	0.00e+00	0.00e+00	0.00e+00	0.00e+00	0.00e+00	1.59e-92
 2.68395e+12	3.87e-32	1.90e-23	8.97e-16	9.15e-09	2.89e-01	7.08e-01	2.22e-03	0.00e+00	0.00e+00	0.00e+00	0.00e+00	0.00e+00	9.05e-109
 2.81051e+12	5.62e-32	2.57e-23	1.14e-15	1.07e-08	3.09e-01	6.89e-01	1.98e-03	0.00e+00	0.00e+00	0.00e+00	0.00e+00	0.00e+00	7.93e-92
 2.95286e+12	8.37e-32	3.55e-23	1.46e-15	1.26e-08	3.30e-01	6.68e-01	1.74e-03	0.00e+00	0.00e+00	0.00e+00	0.00e+00	0.00e+00	7.50e-108
 3.09531e+12	1.22e-31	4.83e-23	1.86e-15	1.47e-08	3.52e-01	6.47e-01	1.54e-03	0.00e+00	0.00e+00	0.00e+00	0.00e+00	0.00e+00	4.47e-91
 3.22152e+12	1.68e-31	6.26e-23	2.28e-15	1.68e-08	3.70e-01	6.28e-01	1.38e-03	0.00e+00	0.00e+00	0.00e+00	0.00e+00	0.00e+00	5.21e-107
 3.32738e+12	2.18e-31	7.72e-23	2.68e-15	1.87e-08	3.86e-01	6.13e-01	1.26e-03	0.00e+00	0.00e+00	0.00e+00	0.00e+00	0.00e+00	1.64e-90
 3.44129e+12	2.85e-31	9.58e-23	3.17e-15	2.08e-08	4.02e-01	5.97e-01	1.15e-03	0.00e+00	0.00e+00	0.00e+00	0.00e+00	0.00e+00	2.27e-106
 3.58937e+12	3.98e-31	1.26e-22	3.91e-15	2.38e-08	4.23e-01	5.76e-01	1.02e-03	0.00e+00	0.00e+00	0.00e+00	0.00e+00	0.00e+00	6.38e-90
 3.74437e+12	5.56e-31	1.64e-22	4.82e-15	2.73e-08	4.44e-01	5.55e-01	9.02e-04	0.00e+00	0.00e+00	0.00e+00	0.00e+00	0.00e+00	1.50e-105
 3.87671e+12	7.30e-31	2.05e-22	5.72e-15	3.04e-08	4.62e-01	5.38e-01	8.15e-04	0.00e+00	0.00e+00	0.00e+00	0.00e+00	0.00e+00	2.54e-89
 4.01710e+12	9.64e-31	2.57e-22	6.81e-15	3.40e-08	4.80e-01	5.20e-01	7.33e-04	0.00e+00	0.00e+00	0.00e+00	0.00e+00	0.00e+00	7.26e-105
 4.19334e+12	1.35e-30	3.36e-22	8.39e-15	3.88e-08	5.02e-01	4.98e-01	6.44e-04	0.00e+00	0.00e+00	0.00e+00	0.00e+00	0.00e+00	1.04e-88
 4.37474e+12	1.87e-30	4.38e-22	1.03e-14	4.42e-08	5.23e-01	4.76e-01	5.65e-04	0.00e+00	0.00e+00	0.00e+00	0.00e+00	0.00e+00	4.94e-104
 4.53498e+12	2.47e-30	5.48e-22	1.22e-14	4.92e-08	5.42e-01	4.58e-01	5.05e-04	0.00e+00	0.00e+00	0.00e+00	0.00e+00	0.00e+00	4.24e-88
 4.68633e+12	3.18e-30	6.71e-22	1.43e-14	5.43e-08	5.59e-01	4.41e-01	4.55e-04	0.00e+00	0.00e+00	0.00e+00	0.00e+00	0.00e+00	2.33e-103
 4.86027e+12	4.20e-30	8.39e-22	1.70e-14	6.04e-08	5.77e-01	4.23e-01	4.05e-04	0.00e+00	0.00e+00	0.00e+00	0.00e+00	0.00e+00	1.47e-87
 5.05540e+12	5.67e-30	1.07e-21	2.04e-14	6.78e-08	5.97e-01	4.03e-01	3.56e-04	0.00e+00	0.00e+00	0.00e+00	0.00e+00	0.00e+00	1.29e-102
 5.23969e+12	7.43e-30	1.33e-21	2.42e-14	7.52e-08	6.15e-01	3.85e-01	3.16e-04	0.00e+00	0.00e+00	0.00e+00	0.00e+00	0.00e+00	5.68e-87
 5.44090e+12	9.88e-30	1.67e-21	2.88e-14	8.37e-08	6.33e-01	3.67e-01	2.79e-04	0.00e+00	0.00e+00	0.00e+00	0.00e+00	0.00e+00	6.80e-102
 5.66330e+12	1.34e-29	2.12e-21	3.46e-14	9.37e-08	6.52e-01	3.48e-01	2.44e-04	0.00e+00	0.00e+00	0.00e+00	0.00e+00	0.00e+00	2.30e-86
 5.86907e+12	1.74e-29	2.63e-21	4.07e-14	1.03e-07	6.69e-01	3.31e-01	2.16e-04	0.00e+00	0.00e+00	0.00e+00	0.00e+00	0.00e+00	3.79e-101
 6.09238e+12	2.30e-29	3.28e-21	4.82e-14	1.15e-07	6.85e-01	3.14e-01	1.90e-04	0.00e+00	0.00e+00	0.00e+00	0.00e+00	0.00e+00	8.62e-86
 6.34209e+12	3.10e-29	4.17e-21	5.77e-14	1.28e-07	7.03e-01	2.97e-01	1.65e-04	0.00e+00	0.00e+00	0.00e+00	0.00e+00	0.00e+00	2.21e-100
 6.57753e+12	4.07e-29	5.17e-21	6.79e-14	1.41e-07	7.19e-01	2.81e-01	1.45e-04	0.00e+00	0.00e+00	0.00e+00	0.00e+00	0.00e+00	3.45e-85
 6.83501e+12	5.40e-29	6.48e-21	8.05e-14	1.56e-07	7.34e-01	2.65e-01	1.26e-04	0.00e+00	0.00e+00	0.00e+00	0.00e+00	0.00e+00	1.22e-99
 7.12222e+12	7.30e-29	8.24e-21	9.65e-14	1.74e-07	7.51e-01	2.49e-01	1.09e-04	0.00e+00	0.00e+00	0.00e+00	0.00e+00	0.00e+00	1.46e-84
 7.39242e+12	9.60e-29	1.02e-20	1.14e-13	1.91e-07	7.65e-01	2.35e-01	9.51e-05	0.00e+00	0.00e+00	0.00e+00	0.00e+00	0.00e+00	7.35e-99
 7.68632e+12	1.28e-28	1.28e-20	1.34e-13	2.11e-07	7.79e-01	2.21e-01	8.25e-05	0.00e+00	0.00e+00	0.00e+00	0.00e+00	0.00e+00	5.93e-84
 8.01608e+12	1.73e-28	1.64e-20	1.61e-13	2.35e-07	7.94e-01	2.06e-01	7.06e-05	0.00e+00	0.00e+00	0.00e+00	0.00e+00	0.00e+00	4.74e-98
 8.33249e+12	2.30e-28	2.04e-20	1.90e-13	2.58e-07	8.07e-01	1.93e-01	6.12e-05	0.00e+00	0.00e+00	0.00e+00	0.00e+00	0.00e+00	2.61e-83
 8.66917e+12	3.07e-28	2.57e-20	2.25e-13	2.85e-07	8.19e-01	1.81e-01	5.28e-05	0.00e+00	0.00e+00	0.00e+00	0.00e+00	0.00e+00	2.90e-97
 9.04586e+12	4.18e-28	3.27e-20	2.69e-13	3.16e-07	8.32e-01	1.68e-01	4.50e-05	0.00e+00	0.00e+00	0.00e+00	0.00e+00	0.00e+00	1.20e-82
 9.42367e+12	5.62e-28	4.14e-20	3.20e-13	3.48e-07	8.43e-01	1.57e-01	3.85e-05	0.00e+00	0.00e+00	0.00e+00	0.00e+00	0.00e+00	2.02e-96
 9.81660e+12	7.59e-28	5.23e-20	3.79e-13	3.83e-07	8.54e-01	1.46e-01	3.31e-05	0.00e+00	0.00e+00	0.00e+00	0.00e+00	0.00e+00	5.62e-82
 1.02392e+13	1.03e-27	6.64e-20	4.52e-13	4.24e-07	8.65e-01	1.35e-01	2.81e-05	0.00e+00	0.00e+00	0.00e+00	0.00e+00	0.00e+00	1.41e-95
 1.06353e+13	1.36e-27	8.24e-20	5.29e-13	4.62e-07	8.73e-01	1.27e-01	2.43e-05	0.00e+00	0.00e+00	0.00e+00	0.00e+00	0.00e+00	2.54e-81
 1.09910e+13	1.73e-27	9.94e-20	6.05e-13	4.98e-07	8.81e-01	1.19e-01	2.15e-05	0.00e+00	0.00e+00	0.00e+00	0.00e+00	0.00e+00	7.52e-95
 1.13298e+13	2.15e-27	1.18e-19	6.86e-13	5.34e-07	8.87e-01	1.13e-01	1.91e-05	0.00e+00	0.00e+00	0.00e+00	0.00e+00	0.00e+00	8.52e-81
 1.17063e+13	2.74e-27	1.42e-19	7.83e-13	5.75e-07	8.93e-01	1.07e-01	1.69e-05	0.00e+00	0.00e+00	0.00e+00	0.00e+00	0.00e+00	3.36e-94
 1.21270e+13	3.55e-27	1.74e-19	9.05e-13	6.22e-07	9.00e-01	1.00e-01	1.47e-05	0.00e+00	0.00e+00	0.00e+00	0.00e+00	0.00e+00	3.19e-80
 1.25243e+13	4.49e-27	2.09e-19	1.03e-12	6.69e-07	9.06e-01	9.43e-02	1.30e-05	0.00e+00	0.00e+00	0.00e+00	0.00e+00	0.00e+00	1.68e-93
 1.29601e+13	5.78e-27	2.54e-19	1.18e-12	7.21e-07	9.11e-01	8.85e-02	1.14e-05	0.00e+00	0.00e+00	0.00e+00	0.00e+00	0.00e+00	1.16e-79
 1.34487e+13	7.60e-27	3.14e-19	1.38e-12	7.81e-07	9.17e-01	8.27e-02	9.89e-06	0.00e+00	0.00e+00	0.00e+00	0.00e+00	0.00e+00	9.32e-93
 1.39035e+13	9.70e-27	3.79e-19	1.57e-12	8.40e-07	9.22e-01	7.78e-02	8.69e-06	0.00e+00	0.00e+00	0.00e+00	0.00e+00	0.00e+00	4.66e-79
 1.43250e+13	1.21e-26	4.50e-19	1.77e-12	8.96e-07	9.26e-01	7.36e-02	7.75e-06	0.00e+00	0.00e+00	0.00e+00	0.00e+00	0.00e+00	4.27e-92
 1.48056e+13	1.55e-26	5.43e-19	2.02e-12	9.62e-07	9.31e-01	6.92e-02	6.82e-06	0.00e+00	0.00e+00	0.00e+00	0.00e+00	0.00e+00	1.63e-78
 1.53938e+13	2.07e-26	6.80e-19	2.36e-12	1.04e-06	9.36e-01	6.44e-02	5.87e-06	0.00e+00	0.00e+00	0.00e+00	0.00e+00	0.00e+00	2.46e-91
 1.59802e+13	2.73e-26	8.40e-19	2.75e-12	1.13e-06	9.40e-01	6.00e-02	5.07e-06	0.00e+00	0.00e+00	0.00e+00	0.00e+00	0.00e+00	7.52e-78
 1.64899e+13	3.46e-26	1.01e-18	3.11e-12	1.21e-06	9.43e-01	5.66e-02	4.50e-06	0.00e+00	0.00e+00	0.00e+00	0.00e+00	0.00e+00	1.31e-90
 1.70417e+13	4.44e-26	1.22e-18	3.55e-12	1.29e-06	9.47e-01	5.32e-02	3.96e-06	0.00e+00	0.00e+00	0.00e+00	0.00e+00	0.00e+00	2.80e-77
 1.77156e+13	5.96e-26	1.52e-18	4.13e-12	1.40e-06	9.51e-01	4.95e-02	3.42e-06	0.00e+00	0.00e+00	0.00e+00	0.00e+00	0.00e+00	7.69e-90
 1.84026e+13	7.92e-26	1.89e-18	4.81e-12	1.52e-06	9.54e-01	4.60e-02	2.95e-06	0.00e+00	0.00e+00	0.00e+00	0.00e+00	0.00e+00	1.35e-76
 1.90233e+13	1.02e-25	2.29e-18	5.48e-12	1.63e-06	9.57e-01	4.33e-02	2.59e-06	0.00e+00	0.00e+00	0.00e+00	0.00e+00	0.00e+00	2.69e-76
 1.97036e+13	1.34e-25	2.81e-18	6.30e-12	1.75e-06	9.59e-01	4.05e-02	2.27e-06	0.00e+00	0.00e+00	0.00e+00	0.00e+00	0.00e+00	5.60e-76
 2.05048e+13	1.81e-25	3.55e-18	7.37e-12	1.89e-06	9.62e-01	3.76e-02	1.95e-06	0.00e+00	0.00e+00	0.00e+00	0.00e+00	0.00e+00	1.29e-75
 2.13041e+13	2.42e-25	4.42e-18	8.57e-12	2.05e-06	9.65e-01	3.49e-02	1.68e-06	0.00e+00	0.00e+00	0.00e+00	0.00e+00	0.00e+00	2.85e-75
 2.20558e+13	3.17e-25	5.42e-18	9.82e-12	2.19e-06	9.67e-01	3.28e-02	1.47e-06	0.00e+00	0.00e+00	0.00e+00	0.00e+00	0.00e+00	5.94e-75
 2.28885e+13	4.23e-25	6.73e-18	1.14e-11	2.36e-06	9.69e-01	3.06e-02	1.28e-06	0.00e+00	0.00e+00	0.00e+00	0.00e+00	0.00e+00	1.31e-74
 2.38339e+13	5.76e-25	8.51e-18	1.33e-11	2.56e-06	9.72e-01	2.83e-02	1.09e-06	0.00e+00	0.00e+00	0.00e+00	0.00e+00	0.00e+00	3.05e-74
 2.47781e+13	7.80e-25	1.07e-17	1.55e-11	2.77e-06	9.74e-01	2.63e-02	9.43e-07	0.00e+00	0.00e+00	0.00e+00	0.00e+00	0.00e+00	7.00e-74
 2.57601e+13	1.06e-24	1.34e-17	1.81e-11	2.99e-06	9.76e-01	2.44e-02	0.00e+00	0.00e+00	0.00e+00	0.00e+00	0.00e+00	0.00e+00	1.61e-73
 2.68204e+13	1.44e-24	1.70e-17	2.12e-11	3.24e-06	9.77e-01	2.26e-02	0.00e+00	0.00e+00	0.00e+00	0.00e+00	0.00e+00	0.00e+00	3.82e-73
 2.79232e+13	1.98e-24	2.15e-17	2.48e-11	3.51e-06	9.79e-01	2.10e-02	0.00e+00	0.00e+00	0.00e+00	0.00e+00	0.00e+00	0.00e+00	9.05e-73
 2.89873e+13	2.64e-24	2.68e-17	2.87e-11	3.77e-06	9.80e-01	1.95e-02	0.00e+00	0.00e+00	0.00e+00	0.00e+00	0.00e+00	0.00e+00	2.02e-72
 2.99826e+13	3.44e-24	3.27e-17	3.28e-11	4.03e-06	9.82e-01	1.83e-02	0.00e+00	0.00e+00	0.00e+00	0.00e+00	0.00e+00	0.00e+00	4.15e-72
 3.09182e+13	4.37e-24	3.91e-17	3.70e-11	4.29e-06	9.83e-01	1.73e-02	0.00e+00	0.00e+00	0.00e+00	0.00e+00	0.00e+00	0.00e+00	8.03e-72
 3.19355e+13	5.62e-24	4.73e-17	4.20e-11	4.57e-06	9.84e-01	1.62e-02	0.00e+00	0.00e+00	0.00e+00	0.00e+00	1.53e-17	3.20e-17	1.61e-71
 3.30696e+13	7.38e-24	5.80e-17	4.82e-11	4.89e-06	9.85e-01	1.52e-02	0.00e+00	0.00e+00	0.00e+00	0.00e+00	1.93e-17	3.88e-17	3.40e-71
 3.41390e+13	9.46e-24	6.99e-17	5.46e-11	5.21e-06	9.86e-01	1.43e-02	0.00e+00	0.00e+00	0.00e+00	0.00e+00	2.32e-17	4.67e-17	6.73e-71
 3.53127e+13	1.23e-23	8.52e-17	6.23e-11	5.57e-06	9.87e-01	1.34e-02	0.00e+00	0.00e+00	0.00e+00	0.00e+00	2.83e-17	5.69e-17	1.39e-70
 3.66310e+13	1.64e-23	1.06e-16	7.20e-11	5.98e-06	9.88e-01	1.25e-02	0.00e+00	0.00e+00	0.00e+00	0.00e+00	3.51e-17	7.07e-17	3.08e-70
 3.78923e+13	2.13e-23	1.29e-16	8.23e-11	6.40e-06	9.88e-01	1.17e-02	0.00e+00	0.00e+00	0.00e+00	0.00e+00	4.27e-17	8.59e-17	6.23e-70
 3.92838e+13	2.82e-23	1.59e-16	9.47e-11	6.87e-06	9.89e-01	1.09e-02	0.00e+00	0.00e+00	0.00e+00	0.00e+00	5.28e-17	1.06e-16	1.36e-69
 4.08464e+13	3.83e-23	2.00e-16	1.10e-10	7.42e-06	9.90e-01	1.01e-02	0.00e+00	0.00e+00	0.00e+00	0.00e+00	6.65e-17	1.34e-16	3.18e-69
 4.23446e+13	5.05e-23	2.46e-16	1.27e-10	7.97e-06	9.91e-01	9.43e-03	0.00e+00	0.00e+00	0.00e+00	0.00e+00	8.18e-17	1.65e-16	6.75e-69
 4.39413e+13	6.76e-23	3.07e-16	1.47e-10	8.57e-06	9.91e-01	8.78e-03	0.00e+00	0.00e+00	0.00e+00	0.00e+00	1.02e-16	2.05e-16	1.51e-68
 4.57289e+13	9.13e-23	3.86e-16	1.73e-10	9.29e-06	9.92e-01	8.11e-03	0.00e+00	0.00e+00	0.00e+00	0.00e+00	1.28e-16	2.58e-16	3.44e-68
 4.73779e+13	1.20e-22	4.75e-16	1.98e-10	9.96e-06	9.92e-01	7.57e-03	0.00e+00	0.00e+00	0.00e+00	0.00e+00	1.58e-16	3.17e-16	7.38e-68
 4.88038e+13	1.51e-22	5.64e-16	2.23e-10	1.06e-05	9.93e-01	7.14e-03	0.00e+00	0.00e+00	0.00e+00	0.00e+00	1.87e-16	3.77e-16	1.38e-67
 5.03866e+13	1.94e-22	6.82e-16	2.53e-10	1.13e-05	9.93e-01	6.71e-03	0.00e+00	0.00e+00	0.00e+00	0.00e+00	2.26e-16	4.55e-16	2.76e-67
 5.23218e+13	2.57e-22	8.45e-16	2.94e-10	1.22e-05	9.94e-01	6.22e-03	0.00e+00	0.00e+00	0.00e+00	0.00e+00	2.80e-16	5.64e-16	5.95e-67
 5.42787e+13	3.44e-22	1.05e-15	3.40e-10	1.31e-05	9.94e-01	5.79e-03	0.00e+00	0.00e+00	0.00e+00	0.00e+00	3.49e-16	7.02e-16	1.33e-66
 5.60362e+13	4.35e-22	1.26e-15	3.86e-10	1.39e-05	9.95e-01	5.43e-03	0.00e+00	0.00e+00	0.00e+00	0.00e+00	4.17e-16	8.41e-16	2.53e-66
 5.79709e+13	5.68e-22	1.54e-15	4.41e-10	1.49e-05	9.95e-01	5.08e-03	0.00e+00	0.00e+00	0.00e+00	0.00e+00	5.10e-16	1.03e-15	5.28e-66
 6.02607e+13	7.58e-22	1.92e-15	5.15e-10	1.61e-05	9.95e-01	4.70e-03	0.00e+00	0.00e+00	0.00e+00	0.00e+00	6.36e-16	1.28e-15	1.16e-65
 6.25105e+13	1.00e-21	2.37e-15	5.96e-10	1.74e-05	9.96e-01	4.37e-03	0.00e+00	0.00e+00	0.00e+00	0.00e+00	7.86e-16	1.58e-15	2.50e-65
 6.45620e+13	1.28e-21	2.85e-15	6.78e-10	1.85e-05	9.96e-01	4.10e-03	0.00e+00	0.00e+00	0.00e+00	0.00e+00	9.47e-16	1.91e-15	4.91e-65
 6.68574e+13	1.68e-21	3.51e-15	7.79e-10	1.99e-05	9.96e-01	3.82e-03	0.00e+00	0.00e+00	0.00e+00	0.00e+00	1.16e-15	2.34e-15	1.04e-64
 6.95329e+13	2.24e-21	4.37e-15	9.11e-10	2.15e-05	9.96e-01	3.53e-03	0.00e+00	0.00e+00	0.00e+00	0.00e+00	1.45e-15	2.92e-15	2.29e-64
 7.21626e+13	2.98e-21	5.44e-15	1.06e-09	2.32e-05	9.97e-01	3.28e-03	0.00e+00	0.00e+00	0.00e+00	0.00e+00	1.80e-15	3.64e-15	5.07e-64
 7.46452e+13	3.80e-21	6.56e-15	1.21e-09	2.49e-05	9.97e-01	3.06e-03	0.00e+00	0.00e+00	0.00e+00	0.00e+00	2.18e-15	4.39e-15	9.86e-64
 7.74086e+13	5.02e-21	8.10e-15	1.40e-09	2.67e-05	9.97e-01	2.85e-03	0.00e+00	0.00e+00	0.00e+00	0.00e+00	2.68e-15	5.41e-15	2.11e-63
 8.05349e+13	6.73e-21	1.01e-14	1.64e-09	2.90e-05	9.97e-01	2.63e-03	0.00e+00	0.00e+00	0.00e+00	0.00e+00	3.36e-15	6.78e-15	4.75e-63
 8.36566e+13	9.02e-21	1.27e-14	1.90e-09	3.13e-05	9.98e-01	2.44e-03	0.00e+00	0.00e+00	0.00e+00	0.00e+00	4.21e-15	8.49e-15	1.07e-62
 8.65813e+13	1.15e-20	1.53e-14	2.18e-09	3.36e-05	9.98e-01	2.27e-03	0.00e+00	0.00e+00	0.00e+00	0.00e+00	5.08e-15	1.03e-14	2.10e-62
 8.97525e+13	1.51e-20	1.88e-14	2.52e-09	3.61e-05	9.98e-01	2.11e-03	0.00e+00	0.00e+00	0.00e+00	0.00e+00	6.24e-15	1.26e-14	4.43e-62
 9.33013e+13	2.03e-20	2.36e-14	2.94e-09	3.90e-05	9.98e-01	1.95e-03	0.00e+00	0.00e+00	0.00e+00	0.00e+00	7.83e-15	1.58e-14	1.00e-61
 9.66202e+13	2.62e-20	2.88e-14	3.38e-09	4.19e-05	9.98e-01	1.82e-03	0.00e+00	0.00e+00	0.00e+00	0.00e+00	9.53e-15	1.92e-14	2.04e-61
 9.96882e+13	3.27e-20	3.41e-14	3.83e-09	4.46e-05	9.98e-01	1.71e-03	0.00e+00	0.00e+00	0.00e+00	0.00e+00	1.13e-14	2.28e-14	3.76e-61
 1.02628e+14	4.09e-20	4.05e-14	4.30e-09	4.73e-05	9.98e-01	1.61e-03	0.00e+00	0.00e+00	0.00e+00	0.00e+00	1.34e-14	2.71e-14	7.00e-61
 1.05886e+14	5.12e-20	4.81e-14	4.87e-09	5.04e-05	9.98e-01	1.51e-03	0.00e+00	0.00e+00	0.00e+00	0.00e+00	1.59e-14	3.22e-14	1.29e-60
 1.09491e+14	6.58e-20	5.84e-14	5.57e-09	5.39e-05	9.99e-01	1.42e-03	0.00e+00	0.00e+00	0.00e+00	0.00e+00	1.93e-14	3.91e-14	2.62e-60
 1.12856e+14	8.13e-20	6.87e-14	6.28e-09	5.74e-05	9.99e-01	1.33e-03	0.00e+00	0.00e+00	0.00e+00	0.00e+00	2.27e-14	4.60e-14	4.68e-60
 1.16539e+14	1.04e-19	8.31e-14	7.14e-09	6.12e-05	9.99e-01	1.25e-03	0.00e+00	0.00e+00	0.00e+00	0.00e+00	2.75e-14	5.56e-14	9.32e-60
 1.20677e+14	1.33e-19	1.00e-13	8.21e-09	6.57e-05	9.99e-01	1.16e-03	0.00e+00	0.00e+00	0.00e+00	0.00e+00	3.32e-14	6.72e-14	1.83e-59
 1.24612e+14	1.68e-19	1.20e-13	9.33e-09	7.01e-05	9.99e-01	1.09e-03	0.00e+00	0.00e+00	0.00e+00	0.00e+00	3.98e-14	8.05e-14	3.52e-59
 1.28931e+14	2.17e-19	1.46e-13	1.07e-08	7.51e-05	9.99e-01	1.02e-03	0.00e+00	0.00e+00	0.00e+00	0.00e+00	4.84e-14	9.80e-14	7.17e-59
 1.33706e+14	2.79e-19	1.78e-13	1.24e-08	8.09e-05	9.99e-01	9.44e-04	0.00e+00	0.00e+00	0.00e+00	0.00e+00	5.88e-14	1.19e-13	1.44e-58
 1.38121e+14	3.57e-19	2.15e-13	1.41e-08	8.63e-05	9.99e-01	8.85e-04	0.00e+00	0.00e+00	0.00e+00	0.00e+00	7.11e-14	1.44e-13	2.87e-58
 1.42906e+14	4.53e-19	2.59e-13	1.61e-08	9.25e-05	9.99e-01	8.25e-04	0.00e+00	0.00e+00	0.00e+00	0.00e+00	8.54e-14	1.73e-13	5.54e-58
 1.48245e+14	5.93e-19	3.19e-13	1.87e-08	9.96e-05	9.99e-01	7.66e-04	0.00e+00	0.00e+00	0.00e+00	0.00e+00	1.05e-13	2.14e-13	1.18e-57
 1.53257e+14	7.47e-19	3.81e-13	2.13e-08	1.07e-04	9.99e-01	7.16e-04	0.00e+00	0.00e+00	0.00e+00	0.00e+00	1.26e-13	2.55e-13	2.24e-57
 1.58727e+14	9.64e-19	4.66e-13	2.45e-08	1.15e-04	9.99e-01	6.67e-04	0.00e+00	0.00e+00	0.00e+00	0.00e+00	1.54e-13	3.12e-13	4.61e-57
 1.64806e+14	1.25e-18	5.70e-13	2.85e-08	1.24e-04	9.99e-01	6.17e-04	0.00e+00	0.00e+00	0.00e+00	0.00e+00	1.88e-13	3.82e-13	9.49e-57
 1.70477e+14	1.60e-18	6.91e-13	3.26e-08	1.33e-04	9.99e-01	5.76e-04	0.00e+00	0.00e+00	0.00e+00	0.00e+00	2.28e-13	4.63e-13	1.89e-56
 1.76639e+14	2.04e-18	8.34e-13	3.76e-08	1.43e-04	9.99e-01	5.35e-04	0.00e+00	0.00e+00	0.00e+00	0.00e+00	2.75e-13	5.59e-13	3.72e-56
 1.83522e+14	2.68e-18	1.04e-12	4.38e-08	1.54e-04	9.99e-01	4.95e-04	0.00e+00	0.00e+00	0.00e+00	0.00e+00	3.41e-13	6.94e-13	8.10e-56
 1.90049e+14	3.38e-18	1.24e-12	5.05e-08	1.66e-04	9.99e-01	4.60e-04	0.00e+00	0.00e+00	0.00e+00	0.00e+00	4.09e-13	8.33e-13	1.55e-55
 1.97050e+14	4.38e-18	1.53e-12	5.83e-08	1.79e-04	9.99e-01	4.27e-04	0.00e+00	0.00e+00	0.00e+00	0.00e+00	5.03e-13	1.02e-12	3.24e-55
 2.04962e+14	5.70e-18	1.87e-12	6.84e-08	1.94e-04	9.99e-01	3.93e-04	0.00e+00	0.00e+00	0.00e+00	0.00e+00	6.17e-13	1.26e-12	6.73e-55
 2.12714e+14	7.40e-18	2.31e-12	7.93e-08	2.10e-04	9.99e-01	3.64e-04	0.00e+00	0.00e+00	0.00e+00	0.00e+00	7.60e-13	1.55e-12	1.42e-54
 2.20775e+14	9.43e-18	2.80e-12	9.22e-08	2.27e-04	9.99e-01	3.36e-04	0.00e+00	0.00e+00	0.00e+00	0.00e+00	9.20e-13	1.88e-12	2.80e-54
 2.29636e+14	1.25e-17	3.48e-12	1.08e-07	2.46e-04	9.99e-01	3.10e-04	0.00e+00	0.00e+00	0.00e+00	0.00e+00	1.14e-12	2.33e-12	6.13e-54
 2.38363e+14	1.58e-17	4.22e-12	1.26e-07	2.67e-04	9.99e-01	2.86e-04	0.00e+00	0.00e+00	0.00e+00	0.00e+00	1.39e-12	2.83e-12	1.22e-53
 2.45544e+14	1.94e-17	4.95e-12	1.41e-07	2.84e-04	9.99e-01	2.68e-04	0.00e+00	0.00e+00	0.00e+00	0.00e+00	1.63e-12	3.32e-12	2.16e-53
 2.51282e+14	2.27e-17	5.61e-12	1.55e-07	2.98e-04	9.99e-01	2.56e-04	0.00e+00	0.00e+00	0.00e+00	0.00e+00	1.84e-12	3.77e-12	3.38e-53
 2.57644e+14	2.67e-17	6.42e-12	1.72e-07	3.15e-04	9.99e-01	2.42e-04	0.00e+00	0.00e+00	0.00e+00	0.00e+00	2.11e-12	4.31e-12	5.46e-53
 2.65913e+14	3.29e-17	7.56e-12	1.95e-07	3.37e-04	9.99e-01	2.26e-04	0.00e+00	0.00e+00	0.00e+00	0.00e+00	2.48e-12	5.08e-12	9.82e-53
 2.74781e+14	4.06e-17	8.98e-12	2.23e-07	3.62e-04	9.99e-01	2.11e-04	0.00e+00	0.00e+00	0.00e+00	0.00e+00	2.95e-12	6.03e-12	1.81e-52
 2.82654e+14	4.90e-17	1.05e-11	2.50e-07	3.84e-04	9.99e-01	1.98e-04	0.00e+00	4.09e-18	1.23e-17	2.05e-17	3.44e-12	7.03e-12	3.14e-52
 2.91116e+14	5.92e-17	1.22e-11	2.81e-07	4.10e-04	9.99e-01	1.86e-04	0.00e+00	4.95e-18	1.49e-17	2.48e-17	4.00e-12	8.18e-12	5.39e-52
 3.01832e+14	7.50e-17	1.47e-11	3.25e-07	4.44e-04	9.99e-01	1.72e-04	0.00e+00	6.27e-18	1.88e-17	3.15e-17	4.83e-12	9.89e-12	1.07e-51
 3.12714e+14	9.44e-17	1.78e-11	3.76e-07	4.79e-04	9.99e-01	1.59e-04	0.00e+00	7.90e-18	2.37e-17	3.96e-17	5.83e-12	1.19e-11	2.10e-51
 3.21969e+14	1.13e-16	2.06e-11	4.22e-07	5.11e-04	9.99e-01	1.49e-04	0.00e+00	9.50e-18	2.85e-17	4.77e-17	6.77e-12	1.39e-11	3.61e-51
 3.31871e+14	1.37e-16	2.42e-11	4.77e-07	5.46e-04	9.99e-01	1.40e-04	0.00e+00	1.15e-17	3.45e-17	5.76e-17	7.93e-12	1.62e-11	6.39e-51
 3.44233e+14	1.73e-16	2.92e-11	5.54e-07	5.93e-04	9.99e-01	1.29e-04	0.00e+00	1.45e-17	4.37e-17	7.30e-17	9.57e-12	1.96e-11	1.27e-50
 3.56928e+14	2.19e-16	3.53e-11	6.41e-07	6.42e-04	9.99e-01	1.19e-04	0.00e+00	1.84e-17	5.52e-17	9.22e-17	1.16e-11	2.37e-11	2.55e-50
 3.68125e+14	2.66e-16	4.15e-11	7.26e-07	6.88e-04	9.99e-01	1.11e-04	0.00e+00	2.24e-17	6.72e-17	1.12e-16	1.36e-11	2.79e-11	4.59e-50
 3.80236e+14	3.23e-16	4.88e-11	8.27e-07	7.39e-04	9.99e-01	1.03e-04	0.00e+00	2.72e-17	8.15e-17	1.36e-16	1.60e-11	3.28e-11	8.35e-50
 3.94837e+14	4.13e-16	5.95e-11	9.65e-07	8.06e-04	9.99e-01	9.50e-05	0.00e+00	3.48e-17	1.04e-16	1.75e-16	1.95e-11	4.00e-11	1.74e-49
 4.09308e+14	5.17e-16	7.17e-11	1.12e-06	8.74e-04	9.99e-01	8.77e-05	0.00e+00	4.36e-17	1.31e-16	2.19e-16	2.35e-11	4.82e-11	3.48e-49
 4.22185e+14	6.29e-16	8.43e-11	1.26e-06	9.36e-04	9.99e-01	8.19e-05	0.00e+00	5.32e-17	1.60e-16	2.67e-16	2.76e-11	5.66e-11	6.37e-49
 4.36363e+14	7.72e-16	9.98e-11	1.44e-06	1.01e-03	9.99e-01	7.60e-05	0.00e+00	6.53e-17	1.96e-16	3.27e-16	3.27e-11	6.70e-11	1.20e-48
 4.53279e+14	9.78e-16	1.22e-10	1.68e-06	1.10e-03	9.99e-01	6.98e-05	0.00e+00	8.28e-17	2.49e-16	4.15e-16	3.99e-11	8.16e-11	2.53e-48
 4.70110e+14	1.23e-15	1.47e-10	1.95e-06	1.19e-03	9.99e-01	6.44e-05	0.00e+00	1.04e-16	3.13e-16	5.23e-16	4.82e-11	9.87e-11	5.18e-48
 4.85531e+14	1.49e-15	1.73e-10	2.22e-06	1.28e-03	9.99e-01	6.00e-05	0.00e+00	1.27e-16	3.80e-16	6.35e-16	5.67e-11	1.16e-10	9.60e-48
 5.02764e+14	1.89e-15	2.09e-10	2.55e-06	1.39e-03	9.99e-01	5.55e-05	0.00e+00	1.61e-16	4.82e-16	8.05e-16	6.85e-11	1.40e-10	1.99e-47
 5.22770e+14	2.41e-15	2.55e-10	2.98e-06	1.51e-03	9.98e-01	5.09e-05	0.00e+00	2.05e-16	6.15e-16	1.03e-15	8.38e-11	1.72e-10	4.35e-47
 5.42429e+14	3.04e-15	3.10e-10	3.46e-06	1.65e-03	9.98e-01	4.69e-05	0.00e+00	2.59e-16	7.78e-16	1.30e-15	1.02e-10	2.08e-10	9.28e-47
 5.61149e+14	3.77e-15	3.70e-10	3.96e-06	1.78e-03	9.98e-01	4.35e-05	0.00e+00	3.21e-16	9.65e-16	1.61e-15	1.21e-10	2.48e-10	1.87e-46
 5.77527e+14	4.53e-15	4.30e-10	4.44e-06	1.90e-03	9.98e-01	4.08e-05	0.00e+00	3.87e-16	1.16e-15	1.94e-15	1.41e-10	2.89e-10	3.40e-46
 5.91066e+14	5.27e-15	4.86e-10	4.87e-06	2.00e-03	9.98e-01	3.88e-05	0.00e+00	4.50e-16	1.35e-15	2.26e-15	1.60e-10	3.26e-10	5.54e-46
 6.05987e+14	6.18e-15	5.54e-10	5.38e-06	2.11e-03	9.98e-01	3.67e-05	0.00e+00	5.29e-16	1.59e-15	2.65e-15	1.82e-10	3.72e-10	9.36e-46
 6.25385e+14	7.50e-15	6.53e-10	6.10e-06	2.27e-03	9.98e-01	3.42e-05	0.00e+00	6.42e-16	1.93e-15	3.22e-15	2.15e-10	4.39e-10	1.80e-45
 6.45791e+14	9.07e-15	7.68e-10	6.93e-06	2.44e-03	9.98e-01	3.19e-05	0.00e+00	7.78e-16	2.34e-15	3.90e-15	2.53e-10	5.16e-10	3.42e-45
 6.63385e+14	1.08e-14	8.87e-10	7.72e-06	2.59e-03	9.97e-01	3.01e-05	0.00e+00	9.27e-16	2.78e-15	4.65e-15	2.92e-10	5.95e-10	6.10e-45
 6.82134e+14	1.32e-14	1.04e-09	8.63e-06	2.76e-03	9.97e-01	2.83e-05	0.00e+00	1.13e-15	3.40e-15	5.68e-15	3.42e-10	6.97e-10	1.15e-44
 7.06508e+14	1.65e-14	1.25e-09	9.92e-06	2.98e-03	9.97e-01	2.62e-05	0.00e+00	1.42e-15	4.25e-15	7.10e-15	4.12e-10	8.39e-10	2.42e-44
 7.31555e+14	2.04e-14	1.49e-09	1.14e-05	3.22e-03	9.97e-01	2.44e-05	0.00e+00	1.75e-15	5.26e-15	8.79e-15	4.92e-10	1.00e-09	4.90e-44
 7.52478e+14	2.45e-14	1.74e-09	1.27e-05	3.43e-03	9.97e-01	2.29e-05	0.00e+00	2.12e-15	6.35e-15	1.06e-14	5.74e-10	1.17e-09	9.10e-44
 7.74678e+14	2.97e-14	2.04e-09	1.43e-05	3.66e-03	9.96e-01	2.15e-05	0.00e+00	2.56e-15	7.68e-15	1.28e-14	6.71e-10	1.37e-09	1.70e-43
 8.02986e+14	3.83e-14	2.50e-09	1.65e-05	3.97e-03	9.96e-01	1.99e-05	0.00e+00	3.31e-15	9.92e-15	1.66e-14	8.24e-10	1.68e-09	3.87e-43
 8.32616e+14	4.75e-14	3.01e-09	1.91e-05	4.29e-03	9.96e-01	1.85e-05	0.00e+00	4.11e-15	1.23e-14	2.06e-14	9.92e-10	2.02e-09	8.02e-43
 8.58962e+14	5.85e-14	3.57e-09	2.16e-05	4.60e-03	9.95e-01	1.73e-05	0.00e+00	5.06e-15	1.52e-14	2.54e-14	1.18e-09	2.40e-09	1.62e-42
 8.87656e+14	7.27e-14	4.27e-09	2.46e-05	4.95e-03	9.95e-01	1.61e-05	0.00e+00	6.30e-15	1.89e-14	3.16e-14	1.41e-09	2.87e-09	3.29e-42
 9.21967e+14	9.68e-14	5.35e-09	2.86e-05	5.39e-03	9.95e-01	1.49e-05	0.00e+00	8.40e-15	2.52e-14	4.21e-14	1.76e-09	3.58e-09	8.08e-42
 9.55969e+14	1.22e-13	6.51e-09	3.30e-05	5.83e-03	9.94e-01	1.39e-05	0.00e+00	1.06e-14	3.19e-14	5.33e-14	2.15e-09	4.36e-09	1.74e-41
 9.86746e+14	1.52e-13	7.77e-09	3.74e-05	6.26e-03	9.94e-01	1.30e-05	0.00e+00	1.32e-14	3.96e-14	6.61e-14	2.56e-09	5.21e-09	3.49e-41
 1.02094e+15	1.87e-13	9.27e-09	4.28e-05	6.74e-03	9.93e-01	1.21e-05	0.00e+00	1.63e-14	4.88e-14	8.15e-14	3.06e-09	6.21e-09	6.93e-41
 1.06109e+15	2.47e-13	1.16e-08	4.99e-05	7.34e-03	9.93e-01	1.12e-05	0.00e+00	2.16e-14	6.48e-14	1.08e-13	3.84e-09	7.80e-09	1.70e-40
 1.10072e+15	3.19e-13	1.43e-08	5.78e-05	7.95e-03	9.92e-01	1.05e-05	0.00e+00	2.79e-14	8.36e-14	1.40e-13	4.73e-09	9.59e-09	3.78e-40
 1.13784e+15	4.01e-13	1.73e-08	6.59e-05	8.55e-03	9.91e-01	9.83e-06	0.00e+00	3.50e-14	1.05e-13	1.75e-13	5.70e-09	1.16e-08	7.79e-40
 1.17928e+15	5.00e-13	2.08e-08	7.60e-05	9.24e-03	9.91e-01	9.19e-06	0.00e+00	4.38e-14	1.31e-13	2.19e-13	6.89e-09	1.40e-08	1.59e-39
 1.22648e+15	6.76e-13	2.65e-08	8.89e-05	1.01e-02	9.90e-01	8.53e-06	0.00e+00	5.92e-14	1.78e-13	2.96e-13	8.76e-09	1.77e-08	4.06e-39
 1.27311e+15	8.80e-13	3.28e-08	1.03e-04	1.09e-02	9.89e-01	7.99e-06	0.00e+00	7.72e-14	2.32e-13	3.86e-13	1.09e-08	2.20e-08	9.10e-39
 1.31130e+15	1.08e-12	3.89e-08	1.16e-04	1.16e-02	9.88e-01	7.58e-06	0.00e+00	9.46e-14	2.84e-13	4.74e-13	1.29e-08	2.60e-08	1.72e-38
 1.34111e+15	1.26e-12	4.42e-08	1.27e-04	1.22e-02	9.88e-01	7.29e-06	0.00e+00	1.11e-13	3.32e-13	5.54e-13	1.46e-08	2.96e-08	2.79e-38
 1.37377e+15	1.49e-12	5.08e-08	1.40e-04	1.29e-02	9.87e-01	6.99e-06	0.00e+00	1.31e-13	3.92e-13	6.55e-13	1.68e-08	3.40e-08	4.67e-38
 1.41623e+15	1.79e-12	5.95e-08	1.58e-04	1.37e-02	9.86e-01	6.64e-06	0.00e+00	1.58e-13	4.73e-13	7.89e-13	1.97e-08	3.98e-08	8.34e-38
 1.46237e+15	2.30e-12	7.27e-08	1.79e-04	1.48e-02	9.85e-01	6.30e-06	0.00e+00	2.02e-13	6.07e-13	1.01e-12	2.41e-08	4.87e-08	1.79e-37
 1.50379e+15	2.80e-12	8.56e-08	2.01e-04	1.57e-02	9.84e-01	6.03e-06	0.00e+00	2.47e-13	7.41e-13	1.24e-12	2.83e-08	5.73e-08	3.19e-37
 1.54811e+15	3.40e-12	1.01e-07	2.25e-04	1.67e-02	9.83e-01	5.76e-06	0.00e+00	3.00e-13	9.01e-13	1.50e-12	3.34e-08	6.75e-08	5.81e-37
 1.60464e+15	4.42e-12	1.25e-07	2.60e-04	1.80e-02	9.82e-01	5.45e-06	0.00e+00	3.90e-13	1.17e-12	1.95e-12	4.13e-08	8.34e-08	1.27e-36
 1.66198e+15	5.48e-12	1.50e-07	2.99e-04	1.94e-02	9.80e-01	5.17e-06	0.00e+00	4.84e-13	1.45e-12	2.42e-12	4.97e-08	1.00e-07	2.43e-36
 1.71026e+15	6.71e-12	1.78e-07	3.36e-04	2.06e-02	9.79e-01	4.96e-06	0.00e+00	5.93e-13	1.78e-12	2.97e-12	5.89e-08	1.19e-07	4.51e-36
 1.76182e+15	8.26e-12	2.12e-07	3.78e-04	2.20e-02	9.78e-01	4.76e-06	0.00e+00	7.31e-13	2.19e-12	3.66e-12	7.01e-08	1.41e-07	8.42e-36
 1.82680e+15	1.10e-11	2.66e-07	4.38e-04	2.37e-02	9.76e-01	4.55e-06	0.00e+00	9.71e-13	2.91e-12	4.86e-12	8.82e-08	1.78e-07	1.94e-35
 1.89373e+15	1.39e-11	3.27e-07	5.06e-04	2.56e-02	9.74e-01	4.34e-06	0.00e+00	1.24e-12	3.71e-12	6.19e-12	1.08e-07	2.19e-07	4.00e-35
 1.95246e+15	1.70e-11	3.87e-07	5.72e-04	2.73e-02	9.72e-01	4.19e-06	0.00e+00	1.51e-12	4.53e-12	7.56e-12	1.28e-07	2.59e-07	7.16e-35
 2.01600e+15	2.13e-11	4.67e-07	6.51e-04	2.92e-02	9.70e-01	4.03e-06	0.00e+00	1.89e-12	5.67e-12	9.45e-12	1.55e-07	3.12e-07	1.38e-34
 2.09297e+15	2.84e-11	5.94e-07	7.58e-04	3.17e-02	9.68e-01	3.87e-06	0.00e+00	2.53e-12	7.58e-12	1.26e-11	1.97e-07	3.97e-07	3.25e-34
 2.16908e+15	3.64e-11	7.33e-07	8.76e-04	3.42e-02	9.65e-01	3.73e-06	0.00e+00	3.24e-12	9.72e-12	1.62e-11	2.43e-07	4.90e-07	6.68e-34
 2.23672e+15	4.52e-11	8.79e-07	9.92e-04	3.65e-02	9.62e-01	3.62e-06	0.00e+00	4.02e-12	1.21e-11	2.01e-11	2.92e-07	5.88e-07	1.25e-33
 2.31163e+15	5.67e-11	1.07e-06	1.13e-03	3.91e-02	9.60e-01	3.51e-06	0.00e+00	5.05e-12	1.52e-11	2.53e-11	3.53e-07	7.12e-07	2.39e-33
 2.40107e+15	7.48e-11	1.34e-06	1.32e-03	4.25e-02	9.56e-01	3.39e-06	0.00e+00	6.66e-12	2.00e-11	3.33e-11	4.45e-07	8.97e-07	5.32e-33
 2.48633e+15	9.52e-11	1.65e-06	1.53e-03	4.57e-02	9.53e-01	3.29e-06	0.00e+00	8.49e-12	2.55e-11	4.25e-11	5.48e-07	1.10e-06	1.06e-32
 2.55925e+15	1.16e-10	1.95e-06	1.72e-03	4.86e-02	9.50e-01	3.22e-06	0.00e+00	1.03e-11	3.10e-11	5.18e-11	6.49e-07	1.31e-06	1.85e-32
 2.63921e+15	1.42e-10	2.32e-06	1.95e-03	5.18e-02	9.46e-01	3.14e-06	0.00e+00	1.27e-11	3.81e-11	6.36e-11	7.70e-07	1.55e-06	3.23e-32
 2.73810e+15	1.90e-10	2.95e-06	2.27e-03	5.62e-02	9.42e-01	3.07e-06	0.00e+00	1.69e-11	5.08e-11	8.48e-11	9.79e-07	1.97e-06	7.32e-32
 2.83751e+15	2.38e-10	3.57e-06	2.62e-03	6.04e-02	9.37e-01	2.99e-06	0.00e+00	2.12e-11	6.37e-11	1.06e-10	1.19e-06	2.39e-06	1.34e-31
 2.91934e+15	2.96e-10	4.33e-06	2.95e-03	6.44e-02	9.33e-01	2.94e-06	0.00e+00	2.65e-11	7.94e-11	1.32e-10	1.44e-06	2.89e-06	2.58e-31
 2.98651e+15	3.48e-10	4.97e-06	3.24e-03	6.76e-02	9.29e-01	2.91e-06	0.00e+00	3.11e-11	9.34e-11	1.56e-10	1.65e-06	3.32e-06	4.00e-31
 3.05788e+15	4.09e-10	5.71e-06	3.58e-03	7.10e-02	9.25e-01	2.86e-06	0.00e+00	3.67e-11	1.10e-10	1.84e-10	1.90e-06	3.82e-06	6.23e-31
 3.15066e+15	5.01e-10	6.75e-06	4.05e-03	7.56e-02	9.20e-01	2.81e-06	0.00e+00	4.49e-11	1.35e-10	2.25e-10	2.24e-06	4.51e-06	1.05e-30
 3.25351e+15	6.45e-10	8.38e-06	4.64e-03	8.12e-02	9.14e-01	2.78e-06	0.00e+00	5.79e-11	1.74e-10	2.90e-10	2.78e-06	5.59e-06	2.14e-30
 3.34348e+15	7.74e-10	9.83e-06	5.20e-03	8.60e-02	9.09e-01	2.73e-06	0.00e+00	6.95e-11	2.09e-10	3.48e-10	3.27e-06	6.57e-06	3.50e-30
 3.43446e+15	9.33e-10	1.15e-05	5.82e-03	9.10e-02	9.03e-01	2.69e-06	0.00e+00	8.38e-11	2.51e-10	4.19e-10	3.81e-06	7.65e-06	5.61e-30
 3.55273e+15	1.22e-09	1.44e-05	6.73e-03	9.82e-02	8.95e-01	2.65e-06	0.00e+00	1.10e-10	3.29e-10	5.49e-10	4.78e-06	9.61e-06	1.18e-29
 3.67091e+15	1.53e-09	1.75e-05	7.72e-03	1.05e-01	8.87e-01	2.61e-06	0.00e+00	1.38e-10	4.13e-10	6.88e-10	5.81e-06	1.17e-05	2.10e-29
 3.76620e+15	1.83e-09	2.03e-05	8.61e-03	1.11e-01	8.80e-01	2.58e-06	0.00e+00	1.65e-10	4.95e-10	8.25e-10	6.74e-06	1.35e-05	3.27e-29
 3.86731e+15	2.23e-09	2.39e-05	9.65e-03	1.18e-01	8.73e-01	2.55e-06	0.00e+00	2.01e-10	6.02e-10	1.00e-09	7.94e-06	1.60e-05	5.39e-29
 3.99875e+15	2.93e-09	3.01e-05	1.12e-02	1.27e-01	8.62e-01	2.52e-06	0.00e+00	2.65e-10	7.95e-10	1.33e-09	1.00e-05	2.01e-05	1.13e-28
 4.13363e+15	3.75e-09	3.71e-05	1.29e-02	1.36e-01	8.51e-01	2.49e-06	0.00e+00	3.39e-10	1.02e-09	1.70e-09	1.23e-05	2.48e-05	2.08e-28
 4.24603e+15	4.60e-09	4.40e-05	1.46e-02	1.44e-01	8.41e-01	2.46e-06	0.00e+00	4.17e-10	1.25e-09	2.08e-09	1.46e-05	2.94e-05	3.44e-28
 4.36519e+15	5.73e-09	5.27e-05	1.65e-02	1.54e-01	8.30e-01	2.43e-06	0.00e+00	5.19e-10	1.56e-09	2.60e-09	1.75e-05	3.52e-05	5.89e-28
 4.49684e+15	7.12e-09	6.25e-05	1.88e-02	1.63e-01	8.18e-01	2.40e-06	0.00e+00	6.45e-10	1.94e-09	3.23e-09	2.08e-05	4.17e-05	9.36e-28
 4.62021e+15	8.97e-09	7.63e-05	2.13e-02	1.74e-01	8.05e-01	2.37e-06	0.00e+00	8.14e-10	2.44e-09	4.07e-09	2.54e-05	5.09e-05	1.72e-27
 4.73498e+15	1.09e-08	8.97e-05	2.38e-02	1.83e-01	7.93e-01	2.35e-06	0.00e+00	9.93e-10	2.98e-09	4.97e-09	2.98e-05	5.99e-05	2.67e-27
 4.86308e+15	1.34e-08	1.05e-04	2.69e-02	1.94e-01	7.79e-01	2.32e-06	0.00e+00	1.22e-09	3.66e-09	6.11e-09	3.50e-05	7.02e-05	4.10e-27
 5.00486e+15	1.74e-08	1.31e-04	3.09e-02	2.07e-01	7.62e-01	2.29e-06	0.00e+00	1.58e-09	4.75e-09	7.91e-09	4.35e-05	8.73e-05	7.89e-27
 5.13061e+15	2.14e-08	1.55e-04	3.48e-02	2.19e-01	7.46e-01	2.27e-06	0.00e+00	1.95e-09	5.85e-09	9.76e-09	5.15e-05	1.03e-04	1.26e-26
 5.24283e+15	2.59e-08	1.80e-04	3.86e-02	2.29e-01	7.32e-01	2.25e-06	0.00e+00	2.36e-09	7.08e-09	1.18e-08	6.00e-05	1.20e-04	1.93e-26
 5.34986e+15	3.09e-08	2.08e-04	4.26e-02	2.40e-01	7.17e-01	2.23e-06	0.00e+00	2.82e-09	8.47e-09	1.41e-08	6.92e-05	1.39e-04	2.87e-26
 5.45116e+15	3.65e-08	2.36e-04	4.67e-02	2.50e-01	7.04e-01	2.21e-06	0.00e+00	3.33e-09	9.99e-09	1.67e-08	7.87e-05	1.58e-04	4.05e-26
 5.56647e+15	4.48e-08	2.78e-04	5.20e-02	2.62e-01	6.86e-01	2.19e-06	0.00e+00	4.09e-09	1.23e-08	2.05e-08	9.26e-05	1.85e-04	6.51e-26
 5.68718e+15	5.34e-08	3.18e-04	5.77e-02	2.73e-01	6.69e-01	2.16e-06	0.00e+00	4.88e-09	1.46e-08	2.44e-08	1.06e-04	2.12e-04	9.04e-26
 5.81493e+15	6.77e-08	3.86e-04	6.52e-02	2.87e-01	6.47e-01	2.14e-06	0.00e+00	6.20e-09	1.86e-08	3.10e-08	1.28e-04	2.57e-04	1.61e-25
 5.95376e+15	8.30e-08	4.50e-04	7.34e-02	3.01e-01	6.25e-01	2.10e-06	0.00e+00	7.60e-09	2.28e-08	3.80e-08	1.50e-04	3.00e-04	2.36e-25
 6.08402e+15	1.07e-07	5.49e-04	8.29e-02	3.16e-01	6.00e-01	2.09e-06	0.00e+00	9.78e-09	2.93e-08	4.89e-08	1.83e-04	3.66e-04	4.29e-25
 6.20313e+15	1.29e-07	6.39e-04	9.21e-02	3.29e-01	5.78e-01	2.06e-06	0.00e+00	1.18e-08	3.55e-08	5.91e-08	2.13e-04	4.26e-04	6.49e-25
 6.31388e+15	1.56e-07	7.40e-04	1.02e-01	3.41e-01	5.56e-01	2.04e-06	0.00e+00	1.43e-08	4.30e-08	7.16e-08	2.47e-04	4.93e-04	9.76e-25
 6.42184e+15	1.88e-07	8.53e-04	1.12e-01	3.53e-01	5.35e-01	2.02e-06	0.00e+00	1.72e-08	5.17e-08	8.62e-08	2.84e-04	5.68e-04	1.45e-24
 6.52632e+15	2.24e-07	9.72e-04	1.23e-01	3.64e-01	5.13e-01	1.99e-06	0.00e+00	2.06e-08	6.18e-08	1.03e-07	3.24e-04	6.48e-04	2.06e-24
 6.64550e+15	2.79e-07	1.15e-03	1.37e-01	3.77e-01	4.85e-01	1.96e-06	0.00e+00	2.57e-08	7.70e-08	1.28e-07	3.84e-04	7.68e-04	3.43e-24
 6.77728e+15	3.48e-07	1.36e-03	1.53e-01	3.89e-01	4.56e-01	1.93e-06	0.00e+00	3.21e-08	9.63e-08	1.61e-07	4.53e-04	9.07e-04	5.38e-24
 6.90063e+15	4.33e-07	1.61e-03	1.71e-01	4.01e-01	4.26e-01	1.89e-06	0.00e+00	4.00e-08	1.20e-07	2.00e-07	5.35e-04	1.07e-03	8.76e-24
 7.01006e+15	5.30e-07	1.88e-03	1.89e-01	4.11e-01	3.99e-01	1.87e-06	0.00e+00	4.89e-08	1.47e-07	2.45e-07	6.27e-04	1.25e-03	1.42e-23
 7.10087e+15	6.28e-07	2.11e-03	2.04e-01	4.18e-01	3.76e-01	1.84e-06	0.00e+00	5.81e-08	1.74e-07	2.90e-07	7.04e-04	1.41e-03	1.96e-23
 7.19357e+15	7.34e-07	2.36e-03	2.21e-01	4.25e-01	3.52e-01	1.80e-06	0.00e+00	6.79e-08	2.04e-07	3.39e-07	7.86e-04	1.57e-03	2.69e-23
 7.31408e+15	9.71e-07	2.89e-03	2.47e-01	4.32e-01	3.17e-01	1.76e-06	0.00e+00	8.99e-08	2.70e-07	4.49e-07	9.65e-04	1.93e-03	5.34e-23
 7.41812e+15	1.15e-06	3.29e-03	2.69e-01	4.37e-01	2.91e-01	1.72e-06	0.00e+00	1.07e-07	3.20e-07	5.34e-07	1.10e-03	2.19e-03	7.64e-23
 7.48598e+15	1.33e-06	3.63e-03	2.86e-01	4.39e-01	2.72e-01	1.69e-06	0.00e+00	1.23e-07	3.69e-07	6.16e-07	1.21e-03	2.42e-03	1.06e-22
 7.54517e+15	1.50e-06	3.98e-03	3.01e-01	4.40e-01	2.55e-01	1.66e-06	0.00e+00	1.40e-07	4.19e-07	6.97e-07	1.33e-03	2.65e-03	1.44e-22
 7.59775e+15	1.67e-06	4.29e-03	3.15e-01	4.41e-01	2.40e-01	1.63e-06	0.00e+00	1.55e-07	4.66e-07	7.77e-07	1.43e-03	2.86e-03	1.85e-22
 7.65601e+15	1.89e-06	4.65e-03	3.31e-01	4.41e-01	2.24e-01	1.59e-06	0.00e+00	1.76e-07	5.26e-07	8.77e-07	1.55e-03	3.10e-03	2.40e-22
 7.73175e+15	2.21e-06	5.20e-03	3.52e-01	4.40e-01	2.03e-01	1.54e-06	0.00e+00	2.05e-07	6.16e-07	1.03e-06	1.74e-03	3.47e-03	3.52e-22
 7.80394e+15	2.57e-06	5.77e-03	3.74e-01	4.37e-01	1.84e-01	1.48e-06	0.00e+00	2.39e-07	7.18e-07	1.20e-06	1.93e-03	3.85e-03	5.02e-22
 7.85441e+15	2.84e-06	6.13e-03	3.88e-01	4.35e-01	1.71e-01	1.45e-06	0.00e+00	2.64e-07	7.93e-07	1.32e-06	2.05e-03	4.09e-03	6.16e-22
 7.90292e+15	3.16e-06	6.60e-03	4.04e-01	4.32e-01	1.58e-01	1.40e-06	0.00e+00	2.95e-07	8.83e-07	1.47e-06	2.20e-03	4.40e-03	7.97e-22
 7.96598e+15	3.63e-06	7.22e-03	4.24e-01	4.27e-01	1.41e-01	1.33e-06	0.00e+00	3.38e-07	1.01e-06	1.69e-06	2.41e-03	4.81e-03	1.10e-21
 8.02898e+15	4.19e-06	7.92e-03	4.45e-01	4.21e-01	1.26e-01	1.26e-06	0.00e+00	3.91e-07	1.17e-06	1.95e-06	2.64e-03	5.28e-03	1.56e-21
 8.07611e+15	4.83e-06	8.66e-03	4.62e-01	4.16e-01	1.14e-01	1.22e-06	0.00e+00	4.51e-07	1.35e-06	2.25e-06	2.89e-03	5.77e-03	2.23e-21
 8.11079e+15	5.28e-06	9.14e-03	4.74e-01	4.11e-01	1.05e-01	1.18e-06	0.00e+00	4.94e-07	1.48e-06	2.47e-06	3.05e-03	6.09e-03	2.76e-21
 8.14505e+15	5.77e-06	9.64e-03	4.86e-01	4.07e-01	9.75e-02	1.13e-06	0.00e+00	5.39e-07	1.62e-06	2.69e-06	3.22e-03	6.42e-03	3.40e-21
 8.18958e+15	6.48e-06	1.03e-02	5.02e-01	4.00e-01	8.77e-02	1.07e-06	0.00e+00	6.07e-07	1.82e-06	3.03e-06	3.44e-03	6.87e-03	4.46e-21
 8.23835e+15	7.09e-06	1.09e-02	5.17e-01	3.93e-01	7.85e-02	1.00e-06	0.00e+00	6.64e-07	1.99e-06	3.32e-06	3.63e-03	7.25e-03	5.38e-21
 8.29263e+15	8.39e-06	1.20e-02	5.38e-01	3.83e-01	6.71e-02	9.06e-07	0.00e+00	7.87e-07	2.36e-06	3.93e-06	4.02e-03	8.02e-03	8.37e-21
 8.34163e+15	9.31e-06	1.27e-02	5.53e-01	3.75e-01	5.93e-02	0.00e+00	0.00e+00	8.74e-07	2.62e-06	4.36e-06	4.23e-03	8.43e-03	1.00e-20
 8.38376e+15	1.04e-05	1.35e-02	5.67e-01	3.67e-01	5.21e-02	0.00e+00	0.00e+00	9.81e-07	2.94e-06	4.90e-06	4.51e-03	8.99e-03	1.33e-20
 8.42989e+15	1.20e-05	1.46e-02	5.84e-01	3.57e-01	4.48e-02	0.00e+00	0.00e+00	1.13e-06	3.38e-06	5.64e-06	4.88e-03	9.73e-03	1.89e-20
 8.46927e+15	1.36e-05	1.54e-02	5.97e-01	3.49e-01	3.94e-02	0.00e+00	0.00e+00	1.28e-06	3.84e-06	6.39e-06	5.16e-03	1.03e-02	2.41e-20
 8.50851e+15	1.50e-05	1.63e-02	6.09e-01	3.40e-01	3.44e-02	0.00e+00	0.00e+00	1.41e-06	4.24e-06	7.05e-06	5.45e-03	1.09e-02	3.06e-20
 8.55953e+15	1.76e-05	1.75e-02	6.26e-01	3.28e-01	2.85e-02	0.00e+00	0.00e+00	1.67e-06	4.99e-06	8.32e-06	5.86e-03	1.17e-02	4.26e-20
 8.61110e+15	1.97e-05	1.87e-02	6.41e-01	3.17e-01	2.36e-02	0.00e+00	0.00e+00	1.86e-06	5.58e-06	9.29e-06	6.26e-03	1.25e-02	5.77e-20
