#depth	He	He+	He+2
 1.49634e+10	2.09e-21	4.62e-11	1.00e+00
 4.54887e+10	2.44e-21	5.04e-11	1.00e+00
 7.72350e+10	2.82e-21	5.51e-11	1.00e+00
 1.10251e+11	3.27e-21	6.02e-11	1.00e+00
 1.41243e+11	3.75e-21	6.53e-11	1.00e+00
 1.68756e+11	4.20e-21	7.00e-11	1.00e+00
 1.99469e+11	4.75e-21	7.55e-11	1.00e+00
 2.36129e+11	5.50e-21	8.24e-11	1.00e+00
 2.73244e+11	6.35e-21	8.98e-11	1.00e+00
 3.08030e+11	7.21e-21	9.71e-11	1.00e+00
 3.46466e+11	8.26e-21	1.06e-10	1.00e+00
 3.90251e+11	9.61e-21	1.16e-10	1.00e+00
 4.33303e+11	1.11e-20	1.27e-10	1.00e+00
 4.78077e+11	1.27e-20	1.38e-10	1.00e+00
 5.27127e+11	1.48e-20	1.52e-10	1.00e+00
 5.76358e+11	1.71e-20	1.67e-10	1.00e+00
 6.27557e+11	1.97e-20	1.83e-10	1.00e+00
 6.82587e+11	2.29e-20	2.02e-10	1.00e+00
 7.37072e+11	2.63e-20	2.21e-10	1.00e+00
 7.93737e+11	3.02e-20	2.43e-10	1.00e+00
 8.55413e+11	3.49e-20	2.68e-10	1.00e+00
 9.19557e+11	4.02e-20	2.97e-10	1.00e+00
 9.86266e+11	4.63e-20	3.28e-10	1.00e+00
 1.05564e+12	5.33e-20	3.63e-10	1.00e+00
 1.12780e+12	6.11e-20	4.01e-10	1.00e+00
 1.19312e+12	6.89e-20	4.39e-10	1.00e+00
 1.24765e+12	7.57e-20	4.71e-10	1.00e+00
 1.30744e+12	8.36e-20	5.09e-10	1.00e+00
 1.38302e+12	9.45e-20	5.60e-10	1.00e+00
 1.46181e+12	1.07e-19	6.16e-10	1.00e+00
 1.52882e+12	1.18e-19	6.67e-10	1.00e+00
 1.59781e+12	1.30e-19	7.22e-10	1.00e+00
 1.68450e+12	1.46e-19	7.94e-10	1.00e+00
 1.77253e+12	1.64e-19	8.73e-10	1.00e+00
 1.84821e+12	1.80e-19	9.44e-10	1.00e+00
 1.92956e+12	1.98e-19	1.02e-09	1.00e+00
 2.03001e+12	2.22e-19	1.13e-09	1.00e+00
 2.13292e+12	2.49e-19	1.24e-09	1.00e+00
 2.22585e+12	2.75e-19	1.35e-09	1.00e+00
 2.32818e+12	3.07e-19	1.48e-09	1.00e+00
 2.44871e+12	3.47e-19	1.63e-09	1.00e+00
 2.56928e+12	3.92e-19	1.80e-09	1.00e+00
 2.68395e+12	4.38e-19	1.96e-09	1.00e+00
 2.81051e+12	4.95e-19	2.15e-09	1.00e+00
 2.95286e+12	5.67e-19	2.38e-09	1.00e+00
 3.09531e+12	6.48e-19	2.62e-09	1.00e+00
 3.22152e+12	7.28e-19	2.85e-09	1.00e+00
 3.32738e+12	8.02e-19	3.04e-09	1.00e+00
 3.44129e+12	8.89e-19	3.26e-09	1.00e+00
 3.58937e+12	1.01e-18	3.56e-09	1.00e+00
 3.74437e+12	1.16e-18	3.88e-09	1.00e+00
 3.87671e+12	1.30e-18	4.17e-09	1.00e+00
 4.01710e+12	1.47e-18	4.49e-09	1.00e+00
 4.19334e+12	1.70e-18	4.91e-09	1.00e+00
 4.37474e+12	1.97e-18	5.37e-09	1.00e+00
 4.53498e+12	2.24e-18	5.79e-09	1.00e+00
 4.68633e+12	2.53e-18	6.20e-09	1.00e+00
 4.86027e+12	2.89e-18	6.69e-09	1.00e+00
 5.05540e+12	3.35e-18	7.27e-09	1.00e+00
 5.23969e+12	3.83e-18	7.84e-09	1.00e+00
 5.44090e+12	4.42e-18	8.49e-09	1.00e+00
 5.66330e+12	5.16e-18	9.24e-09	1.00e+00
 5.86907e+12	5.93e-18	9.96e-09	1.00e+00
 6.09238e+12	6.87e-18	1.08e-08	1.00e+00
 6.34209e+12	8.06e-18	1.17e-08	1.00e+00
 6.57753e+12	9.32e-18	1.27e-08	1.00e+00
 6.83501e+12	1.09e-17	1.37e-08	1.00e+00
 7.12222e+12	1.28e-17	1.50e-08	1.00e+00
 7.39242e+12	1.49e-17	1.62e-08	1.00e+00
 7.68632e+12	1.74e-17	1.76e-08	1.00e+00
 8.01608e+12	2.07e-17	1.92e-08	1.00e+00
 8.33249e+12	2.42e-17	2.08e-08	1.00e+00
 8.66917e+12	2.85e-17	2.26e-08	1.00e+00
 9.04586e+12	3.39e-17	2.47e-08	1.00e+00
 9.42367e+12	4.01e-17	2.69e-08	1.00e+00
 9.81660e+12	4.72e-17	2.93e-08	1.00e+00
 1.02392e+13	5.64e-17	3.20e-08	1.00e+00
 1.06353e+13	6.57e-17	3.46e-08	1.00e+00
 1.09910e+13	7.51e-17	3.70e-08	1.00e+00
 1.13298e+13	8.50e-17	3.94e-08	1.00e+00
 1.17063e+13	9.70e-17	4.21e-08	1.00e+00
 1.21270e+13	1.12e-16	4.53e-08	1.00e+00
 1.25243e+13	1.28e-16	4.84e-08	1.00e+00
 1.29601e+13	1.46e-16	5.18e-08	1.00e+00
 1.34487e+13	1.70e-16	5.59e-08	1.00e+00
 1.39035e+13	1.94e-16	5.98e-08	1.00e+00
 1.43250e+13	2.19e-16	6.35e-08	1.00e+00
 1.48056e+13	2.50e-16	6.78e-08	1.00e+00
 1.53938e+13	2.91e-16	7.33e-08	1.00e+00
 1.59802e+13	3.39e-16	7.91e-08	1.00e+00
 1.64899e+13	3.84e-16	8.42e-08	1.00e+00
 1.70417e+13	4.37e-16	8.99e-08	1.00e+00
 1.77156e+13	5.08e-16	9.70e-08	1.00e+00
 1.84026e+13	5.91e-16	1.05e-07	1.00e+00
 1.90233e+13	6.73e-16	1.12e-07	1.00e+00
 1.97036e+13	7.71e-16	1.20e-07	1.00e+00
 2.05048e+13	8.99e-16	1.29e-07	1.00e+00
 2.13041e+13	1.04e-15	1.40e-07	1.00e+00
 2.20558e+13	1.19e-15	1.49e-07	1.00e+00
 2.28885e+13	1.37e-15	1.60e-07	1.00e+00
 2.38339e+13	1.61e-15	1.74e-07	1.00e+00
 2.47781e+13	1.87e-15	1.87e-07	1.00e+00
 2.57601e+13	2.16e-15	2.02e-07	1.00e+00
 2.68204e+13	2.52e-15	2.18e-07	1.00e+00
 2.79232e+13	2.94e-15	2.36e-07	1.00e+00
 2.89873e+13	3.39e-15	2.53e-07	1.00e+00
 2.99826e+13	3.86e-15	2.70e-07	1.00e+00
 3.09182e+13	4.34e-15	2.87e-07	1.00e+00
 3.19355e+13	4.91e-15	3.06e-07	1.00e+00
 3.30696e+13	5.61e-15	3.27e-07	1.00e+00
 3.41390e+13	6.34e-15	3.48e-07	1.00e+00
 3.53127e+13	7.21e-15	3.71e-07	1.00e+00
 3.66310e+13	8.28e-15	3.98e-07	1.00e+00
 3.78923e+13	9.45e-15	4.26e-07	1.00e+00
 3.92838e+13	1.08e-14	4.57e-07	1.00e+00
 4.08464e+13	1.25e-14	4.93e-07	1.00e+00
 4.23446e+13	1.44e-14	5.29e-07	1.00e+00
 4.39413e+13	1.66e-14	5.69e-07	1.00e+00
 4.57289e+13	1.94e-14	6.16e-07	1.00e+00
 4.73779e+13	2.22e-14	6.60e-07	1.00e+00
 4.88038e+13	2.48e-14	7.00e-07	1.00e+00
 5.03866e+13	2.80e-14	7.45e-07	1.00e+00
 5.23218e+13	3.25e-14	8.05e-07	1.00e+00
 5.42787e+13	3.73e-14	8.65e-07	1.00e+00
 5.60362e+13	4.23e-14	9.23e-07	1.00e+00
 5.79709e+13	4.80e-14	9.86e-07	1.00e+00
 6.02607e+13	5.58e-14	1.07e-06	1.00e+00
 6.25105e+13	6.43e-14	1.15e-06	1.00e+00
 6.45620e+13	7.27e-14	1.23e-06	1.00e+00
 6.68574e+13	8.29e-14	1.31e-06	1.00e+00
 6.95329e+13	9.65e-14	1.42e-06	1.00e+00
 7.21626e+13	1.11e-13	1.53e-06	1.00e+00
 7.46452e+13	1.26e-13	1.64e-06	1.00e+00
 7.74086e+13	1.45e-13	1.77e-06	1.00e+00
 8.05349e+13	1.68e-13	1.92e-06	1.00e+00
 8.36566e+13	1.94e-13	2.07e-06	1.00e+00
 8.65813e+13	2.21e-13	2.22e-06	1.00e+00
 8.97525e+13	2.52e-13	2.39e-06	1.00e+00
 9.33013e+13	2.91e-13	2.58e-06	1.00e+00
 9.66202e+13	3.32e-13	2.77e-06	1.00e+00
 9.96882e+13	3.71e-13	2.95e-06	1.00e+00
 1.02628e+14	4.13e-13	3.13e-06	1.00e+00
 1.05886e+14	4.64e-13	3.33e-06	1.00e+00
 1.09491e+14	5.24e-13	3.56e-06	1.00e+00
 1.12856e+14	5.84e-13	3.79e-06	1.00e+00
 1.16539e+14	6.56e-13	4.04e-06	1.00e+00
 1.20677e+14	7.45e-13	4.34e-06	1.00e+00
 1.24612e+14	8.34e-13	4.63e-06	1.00e+00
 1.28931e+14	9.42e-13	4.96e-06	1.00e+00
 1.33706e+14	1.07e-12	5.35e-06	1.00e+00
 1.38121e+14	1.20e-12	5.71e-06	1.00e+00
 1.42906e+14	1.36e-12	6.12e-06	1.00e+00
 1.48245e+14	1.54e-12	6.59e-06	1.00e+00
 1.53257e+14	1.73e-12	7.06e-06	1.00e+00
 1.58727e+14	1.96e-12	7.57e-06	1.00e+00
 1.64806e+14	2.23e-12	8.19e-06	1.00e+00
 1.70477e+14	2.51e-12	8.77e-06	1.00e+00
 1.76639e+14	2.85e-12	9.45e-06	1.00e+00
 1.83522e+14	3.24e-12	1.02e-05	1.00e+00
 1.90049e+14	3.66e-12	1.10e-05	1.00e+00
 1.97050e+14	4.15e-12	1.18e-05	1.00e+00
 2.04962e+14	4.76e-12	1.29e-05	1.00e+00
 2.12714e+14	5.42e-12	1.39e-05	1.00e+00
 2.20775e+14	6.19e-12	1.51e-05	1.00e+00
 2.29636e+14	7.10e-12	1.63e-05	1.00e+00
 2.38363e+14	8.10e-12	1.77e-05	1.00e+00
 2.45544e+14	8.98e-12	1.89e-05	1.00e+00
 2.51282e+14	9.75e-12	1.98e-05	1.00e+00
 2.57644e+14	1.06e-11	2.09e-05	1.00e+00
 2.65913e+14	1.19e-11	2.24e-05	1.00e+00
 2.74781e+14	1.34e-11	2.40e-05	1.00e+00
 2.82654e+14	1.48e-11	2.56e-05	1.00e+00
 2.91116e+14	1.66e-11	2.73e-05	1.00e+00
 3.01832e+14	1.89e-11	2.95e-05	1.00e+00
 3.12714e+14	2.15e-11	3.19e-05	1.00e+00
 3.21969e+14	2.39e-11	3.41e-05	1.00e+00
 3.31871e+14	2.66e-11	3.64e-05	1.00e+00
 3.44233e+14	3.06e-11	3.95e-05	1.00e+00
 3.56928e+14	3.51e-11	4.29e-05	1.00e+00
 3.68125e+14	3.94e-11	4.60e-05	1.00e+00
 3.80236e+14	4.43e-11	4.94e-05	1.00e+00
 3.94837e+14	5.14e-11	5.39e-05	1.00e+00
 4.09308e+14	5.90e-11	5.85e-05	1.00e+00
 4.22185e+14	6.62e-11	6.27e-05	1.00e+00
 4.36363e+14	7.54e-11	6.76e-05	1.00e+00
 4.53279e+14	8.72e-11	7.37e-05	1.00e+00
 4.70110e+14	1.00e-10	8.00e-05	1.00e+00
 4.85531e+14	1.13e-10	8.60e-05	1.00e+00
 5.02764e+14	1.30e-10	9.32e-05	1.00e+00
 5.22770e+14	1.51e-10	1.02e-04	1.00e+00
 5.42429e+14	1.75e-10	1.11e-04	1.00e+00
 5.61149e+14	2.00e-10	1.20e-04	1.00e+00
 5.77527e+14	2.23e-10	1.28e-04	1.00e+00
 5.91066e+14	2.45e-10	1.35e-04	1.00e+00
 6.05987e+14	2.71e-10	1.42e-04	1.00e+00
 6.25385e+14	3.06e-10	1.53e-04	1.00e+00
 6.45791e+14	3.45e-10	1.64e-04	1.00e+00
 6.63385e+14	3.85e-10	1.75e-04	1.00e+00
 6.82134e+14	4.33e-10	1.86e-04	1.00e+00
 7.06508e+14	4.98e-10	2.01e-04	1.00e+00
 7.31555e+14	5.65e-10	2.17e-04	1.00e+00
 7.52478e+14	6.35e-10	2.32e-04	1.00e+00
 7.74678e+14	7.14e-10	2.47e-04	1.00e+00
 8.02986e+14	8.31e-10	2.68e-04	1.00e+00
 8.32616e+14	9.50e-10	2.91e-04	1.00e+00
 8.58962e+14	1.08e-09	3.12e-04	1.00e+00
 8.87656e+14	1.23e-09	3.35e-04	1.00e+00
 9.21967e+14	1.46e-09	3.65e-04	1.00e+00
 9.55969e+14	1.68e-09	3.96e-04	1.00e+00
 9.86746e+14	1.92e-09	4.24e-04	1.00e+00
 1.02094e+15	2.18e-09	4.58e-04	1.00e+00
 1.06109e+15	2.58e-09	4.99e-04	1.00e+00
 1.10072e+15	2.99e-09	5.40e-04	9.99e-01
 1.13784e+15	3.43e-09	5.81e-04	9.99e-01
 1.17928e+15	3.93e-09	6.29e-04	9.99e-01
 1.22648e+15	4.71e-09	6.86e-04	9.99e-01
 1.27311e+15	5.48e-09	7.44e-04	9.99e-01
 1.31130e+15	6.19e-09	7.94e-04	9.99e-01
 1.34111e+15	6.79e-09	8.34e-04	9.99e-01
 1.37377e+15	7.50e-09	8.79e-04	9.99e-01
 1.41623e+15	8.37e-09	9.38e-04	9.99e-01
 1.46237e+15	9.73e-09	1.01e-03	9.99e-01
 1.50379e+15	1.09e-08	1.07e-03	9.99e-01
 1.54811e+15	1.22e-08	1.14e-03	9.99e-01
 1.60464e+15	1.43e-08	1.23e-03	9.99e-01
 1.66198e+15	1.62e-08	1.33e-03	9.99e-01
 1.71026e+15	1.83e-08	1.41e-03	9.99e-01
 1.76182e+15	2.07e-08	1.51e-03	9.98e-01
 1.82680e+15	2.44e-08	1.63e-03	9.98e-01
 1.89373e+15	2.82e-08	1.76e-03	9.98e-01
 1.95246e+15	3.17e-08	1.88e-03	9.98e-01
 2.01600e+15	3.61e-08	2.01e-03	9.98e-01
 2.09297e+15	4.31e-08	2.19e-03	9.98e-01
 2.16908e+15	4.99e-08	2.36e-03	9.98e-01
 2.23672e+15	5.68e-08	2.52e-03	9.97e-01
 2.31163e+15	6.49e-08	2.71e-03	9.97e-01
 2.40107e+15	7.67e-08	2.94e-03	9.97e-01
 2.48633e+15	8.86e-08	3.17e-03	9.97e-01
 2.55925e+15	9.95e-08	3.38e-03	9.97e-01
 2.63921e+15	1.12e-07	3.61e-03	9.96e-01
 2.73810e+15	1.33e-07	3.92e-03	9.96e-01
 2.83751e+15	1.52e-07	4.23e-03	9.96e-01
 2.91934e+15	1.75e-07	4.52e-03	9.95e-01
 2.98651e+15	1.93e-07	4.75e-03	9.95e-01
 3.05788e+15	2.13e-07	5.01e-03	9.95e-01
 3.15066e+15	2.39e-07	5.35e-03	9.95e-01
 3.25351e+15	2.80e-07	5.76e-03	9.94e-01
 3.34348e+15	3.13e-07	6.12e-03	9.94e-01
 3.43446e+15	3.48e-07	6.51e-03	9.93e-01
 3.55273e+15	4.12e-07	7.05e-03	9.93e-01
 3.67091e+15	4.72e-07	7.60e-03	9.92e-01
 3.76620e+15	5.24e-07	8.07e-03	9.92e-01
 3.86731e+15	5.90e-07	8.60e-03	9.91e-01
 3.99875e+15	7.03e-07	9.35e-03	9.91e-01
 4.13363e+15	8.14e-07	1.01e-02	9.90e-01
 4.24603e+15	9.22e-07	1.08e-02	9.89e-01
 4.36519e+15	1.05e-06	1.16e-02	9.88e-01
 4.49684e+15	1.19e-06	1.25e-02	9.87e-01
 4.62021e+15	1.38e-06	1.35e-02	9.87e-01
 4.73498e+15	1.56e-06	1.44e-02	9.86e-01
 4.86308e+15	1.75e-06	1.55e-02	9.85e-01
 5.00486e+15	2.07e-06	1.68e-02	9.83e-01
 5.13061e+15	2.35e-06	1.81e-02	9.82e-01
 5.24283e+15	2.64e-06	1.93e-02	9.81e-01
 5.34986e+15	2.94e-06	2.05e-02	9.79e-01
 5.45116e+15	3.25e-06	2.18e-02	9.78e-01
 5.56647e+15	3.70e-06	2.34e-02	9.77e-01
 5.68718e+15	4.10e-06	2.51e-02	9.75e-01
 5.81493e+15	4.79e-06	2.72e-02	9.73e-01
 5.95376e+15	5.43e-06	2.96e-02	9.70e-01
 6.08402e+15	6.40e-06	3.22e-02	9.68e-01
 6.20313e+15	7.27e-06	3.48e-02	9.65e-01
 6.31388e+15	8.25e-06	3.75e-02	9.62e-01
 6.42184e+15	9.33e-06	4.04e-02	9.60e-01
 6.52632e+15	1.05e-05	4.35e-02	9.56e-01
 6.64550e+15	1.23e-05	4.77e-02	9.52e-01
 6.77728e+15	1.43e-05	5.26e-02	9.47e-01
 6.90063e+15	1.68e-05	5.82e-02	9.42e-01
 7.01006e+15	1.96e-05	6.37e-02	9.36e-01
 7.10087e+15	2.20e-05	6.90e-02	9.31e-01
 7.19357e+15	2.49e-05	7.52e-02	9.25e-01
 7.31408e+15	3.08e-05	8.47e-02	9.15e-01
 7.41812e+15	3.57e-05	9.38e-02	9.06e-01
 7.48598e+15	4.01e-05	1.01e-01	8.99e-01
 7.54517e+15	4.47e-05	1.08e-01	8.92e-01
 7.59775e+15	4.91e-05	1.14e-01	8.85e-01
 7.65601e+15	5.44e-05	1.23e-01	8.77e-01
 7.73175e+15	6.30e-05	1.35e-01	8.65e-01
 7.80394e+15	7.24e-05	1.48e-01	8.52e-01
 7.85441e+15	7.94e-05	1.58e-01	8.42e-01
 7.90292e+15	8.82e-05	1.69e-01	8.31e-01
 7.96598e+15	1.01e-04	1.85e-01	8.15e-01
 8.02898e+15	1.17e-04	2.03e-01	7.97e-01
 8.07611e+15	1.32e-04	2.18e-01	7.82e-01
 8.11079e+15	1.43e-04	2.29e-01	7.70e-01
 8.14505e+15	1.56e-04	2.43e-01	7.57e-01
 8.18958e+15	1.75e-04	2.61e-01	7.39e-01
 8.23835e+15	1.95e-04	2.82e-01	7.18e-01
 8.29263e+15	2.28e-04	3.09e-01	6.91e-01
 8.34163e+15	2.54e-04	3.35e-01	6.65e-01
 8.38376e+15	2.85e-04	3.60e-01	6.40e-01
 8.42989e+15	3.24e-04	3.88e-01	6.11e-01
 8.46927e+15	3.59e-04	4.14e-01	5.86e-01
 8.50851e+15	3.98e-04	4.41e-01	5.58e-01
 8.55953e+15	4.55e-04	4.79e-01	5.21e-01
 8.61110e+15	5.15e-04	5.17e-01	4.83e-01
 8.65348e+15	5.70e-04	5.49e-01	4.51e-01
 8.69864e+15	6.34e-04	5.84e-01	4.15e-01
 8.74040e+15	6.93e-04	6.14e-01	3.85e-01
 8.76885e+15	7.34e-04	6.35e-01	3.65e-01
 8.79694e+15	7.79e-04	6.56e-01	3.44e-01
 8.83346e+15	8.39e-04	6.82e-01	3.17e-01
 8.87274e+15	9.03e-04	7.08e-01	2.91e-01
 8.90810e+15	9.61e-04	7.30e-01	2.69e-01
 8.94658e+15	1.03e-03	7.54e-01	2.45e-01
 8.98917e+15	1.10e-03	7.77e-01	2.22e-01
 9.02858e+15	1.16e-03	7.97e-01	2.02e-01
 9.06551e+15	1.23e-03	8.14e-01	1.85e-01
 9.10773e+15	1.30e-03	8.33e-01	1.66e-01
 9.15390e+15	1.38e-03	8.50e-01	1.48e-01
 9.19551e+15	1.45e-03	8.64e-01	1.34e-01
 9.23365e+15	1.52e-03	8.76e-01	1.22e-01
 9.27698e+15	1.60e-03	8.89e-01	1.10e-01
 9.32454e+15	1.68e-03	9.00e-01	9.80e-02
 9.36735e+15	1.76e-03	9.10e-01	8.86e-02
 9.40666e+15	1.83e-03	9.17e-01	8.10e-02
 9.45172e+15	1.93e-03	9.25e-01	7.27e-02
 9.50018e+15	2.02e-03	9.33e-01	6.54e-02
 9.54227e+15	2.11e-03	9.38e-01	5.96e-02
 9.57973e+15	2.20e-03	9.43e-01	5.49e-02
 9.62195e+15	2.30e-03	9.48e-01	4.99e-02
 9.66895e+15	2.41e-03	9.52e-01	4.53e-02
 9.71103e+15	2.53e-03	9.56e-01	4.15e-02
 9.74760e+15	2.64e-03	9.59e-01	3.85e-02
 9.78817e+15	2.76e-03	9.62e-01	3.54e-02
 9.83314e+15	2.91e-03	9.65e-01	3.24e-02
 9.87366e+15	3.06e-03	9.67e-01	2.99e-02
 9.90957e+15	3.20e-03	9.69e-01	2.79e-02
 9.94964e+15	3.37e-03	9.71e-01	2.58e-02
 9.99391e+15	3.59e-03	9.73e-01	2.37e-02
 1.00340e+16	3.79e-03	9.74e-01	2.21e-02
 1.00698e+16	4.00e-03	9.75e-01	2.07e-02
 1.01096e+16	4.26e-03	9.77e-01	1.92e-02
 1.01544e+16	4.58e-03	9.78e-01	1.77e-02
 1.01961e+16	4.91e-03	9.79e-01	1.65e-02
 1.02340e+16	5.26e-03	9.79e-01	1.55e-02
 1.02765e+16	5.70e-03	9.80e-01	1.44e-02
 1.03229e+16	6.27e-03	9.80e-01	1.33e-02
 1.03633e+16	6.86e-03	9.81e-01	1.25e-02
 1.03976e+16	7.44e-03	9.81e-01	1.18e-02
 1.04349e+16	8.16e-03	9.81e-01	1.11e-02
 1.04760e+16	9.08e-03	9.81e-01	1.04e-02
 1.05123e+16	1.01e-02	9.80e-01	9.81e-03
 1.05402e+16	1.10e-02	9.80e-01	9.44e-03
 1.05622e+16	1.18e-02	9.79e-01	9.13e-03
 1.05863e+16	1.28e-02	9.78e-01	8.80e-03
 1.06133e+16	1.41e-02	9.77e-01	8.47e-03
 1.06376e+16	1.55e-02	9.76e-01	8.19e-03
 1.06581e+16	1.69e-02	9.75e-01	7.95e-03
 1.06770e+16	1.82e-02	9.74e-01	7.79e-03
 1.06986e+16	2.01e-02	9.72e-01	7.56e-03
 1.07217e+16	2.24e-02	9.70e-01	7.36e-03
 1.07413e+16	2.48e-02	9.68e-01	7.19e-03
 1.07577e+16	2.70e-02	9.66e-01	7.08e-03
 1.07755e+16	2.98e-02	9.63e-01	6.95e-03
 1.07953e+16	3.34e-02	9.60e-01	6.83e-03
 1.08133e+16	3.73e-02	9.56e-01	6.74e-03
 1.08290e+16	4.11e-02	9.52e-01	6.71e-03
 1.08463e+16	4.61e-02	9.47e-01	6.65e-03
 1.08652e+16	5.25e-02	9.41e-01	6.62e-03
 1.08817e+16	5.94e-02	9.34e-01	6.62e-03
 1.08957e+16	6.60e-02	9.27e-01	6.64e-03
 1.09093e+16	7.35e-02	9.20e-01	6.65e-03
 1.09236e+16	8.24e-02	9.11e-01	6.71e-03
 1.09369e+16	9.21e-02	9.01e-01	6.77e-03
 1.09481e+16	1.01e-01	8.92e-01	6.84e-03
 1.09580e+16	1.10e-01	8.83e-01	6.90e-03
 1.09675e+16	1.20e-01	8.73e-01	6.97e-03
 1.09750e+16	1.28e-01	8.65e-01	7.04e-03
 1.09799e+16	1.34e-01	8.59e-01	7.08e-03
 1.09842e+16	1.40e-01	8.53e-01	7.11e-03
 1.09894e+16	1.47e-01	8.46e-01	7.15e-03
 1.09951e+16	1.55e-01	8.38e-01	7.21e-03
 1.10006e+16	1.63e-01	8.30e-01	7.26e-03
 1.10057e+16	1.71e-01	8.22e-01	7.32e-03
 1.10108e+16	1.79e-01	8.14e-01	7.36e-03
 1.10159e+16	1.88e-01	8.05e-01	7.41e-03
 1.10209e+16	1.97e-01	7.95e-01	7.46e-03
 1.10260e+16	2.07e-01	7.85e-01	7.51e-03
 1.10310e+16	2.17e-01	7.75e-01	7.57e-03
 1.10360e+16	2.28e-01	7.65e-01	7.61e-03
 1.10409e+16	2.39e-01	7.54e-01	7.66e-03
 1.10458e+16	2.50e-01	7.42e-01	7.70e-03
 1.10507e+16	2.62e-01	7.30e-01	7.74e-03
 1.10555e+16	2.75e-01	7.18e-01	7.78e-03
 1.10603e+16	2.87e-01	7.05e-01	7.83e-03
 1.10651e+16	3.01e-01	6.91e-01	7.85e-03
 1.10698e+16	3.14e-01	6.78e-01	7.88e-03
 1.10745e+16	3.28e-01	6.64e-01	7.90e-03
 1.10792e+16	3.43e-01	6.49e-01	7.92e-03
 1.10839e+16	3.58e-01	6.34e-01	7.94e-03
 1.10886e+16	3.74e-01	6.18e-01	7.94e-03
 1.10932e+16	3.89e-01	6.03e-01	7.94e-03
 1.10978e+16	4.05e-01	5.87e-01	7.93e-03
 1.11024e+16	4.22e-01	5.70e-01	7.92e-03
 1.11070e+16	4.39e-01	5.53e-01	7.89e-03
 1.11116e+16	4.56e-01	5.36e-01	7.86e-03
 1.11161e+16	4.73e-01	5.19e-01	7.82e-03
 1.11206e+16	4.90e-01	5.02e-01	7.77e-03
 1.11250e+16	5.07e-01	4.85e-01	7.71e-03
 1.11294e+16	5.24e-01	4.68e-01	7.64e-03
 1.11338e+16	5.41e-01	4.51e-01	7.56e-03
 1.11381e+16	5.58e-01	4.35e-01	7.47e-03
 1.11424e+16	5.74e-01	4.18e-01	7.38e-03
 1.11466e+16	5.90e-01	4.02e-01	7.28e-03
 1.11509e+16	6.06e-01	3.87e-01	7.18e-03
 1.11551e+16	6.22e-01	3.71e-01	7.06e-03
 1.11593e+16	6.37e-01	3.56e-01	6.92e-03
 1.11636e+16	6.53e-01	3.40e-01	6.78e-03
 1.11680e+16	6.68e-01	3.25e-01	6.63e-03
 1.11723e+16	6.83e-01	3.11e-01	6.47e-03
 1.11767e+16	6.97e-01	2.97e-01	6.31e-03
 1.11813e+16	7.11e-01	2.83e-01	6.14e-03
 1.11858e+16	7.24e-01	2.70e-01	5.97e-03
 1.11905e+16	7.37e-01	2.57e-01	5.79e-03
 1.11953e+16	7.50e-01	2.44e-01	5.60e-03
 1.12003e+16	7.63e-01	2.32e-01	5.41e-03
 1.12051e+16	7.73e-01	2.21e-01	5.24e-03
 1.12093e+16	7.82e-01	2.13e-01	5.09e-03
 1.12134e+16	7.91e-01	2.04e-01	4.93e-03
 1.12178e+16	7.99e-01	1.96e-01	4.78e-03
 1.12222e+16	8.07e-01	1.89e-01	4.63e-03
 1.12267e+16	8.14e-01	1.82e-01	4.49e-03
 1.12312e+16	8.20e-01	1.75e-01	4.36e-03
 1.12358e+16	8.27e-01	1.69e-01	4.23e-03
 1.12405e+16	8.32e-01	1.64e-01	4.10e-03
 1.12455e+16	8.38e-01	1.58e-01	3.98e-03
 1.12506e+16	8.43e-01	1.53e-01	3.86e-03
 1.12560e+16	8.47e-01	1.49e-01	3.76e-03
 1.12617e+16	8.52e-01	1.44e-01	3.64e-03
 1.12677e+16	8.56e-01	1.40e-01	3.54e-03
 1.12740e+16	8.60e-01	1.37e-01	3.44e-03
 1.12808e+16	8.64e-01	1.33e-01	3.34e-03
 1.12881e+16	8.67e-01	1.30e-01	3.24e-03
 1.12960e+16	8.70e-01	1.27e-01	3.15e-03
 1.13044e+16	8.73e-01	1.24e-01	3.06e-03
 1.13135e+16	8.76e-01	1.21e-01	2.97e-03
 1.13234e+16	8.78e-01	1.19e-01	2.88e-03
 1.13341e+16	8.81e-01	1.17e-01	2.79e-03
 1.13455e+16	8.83e-01	1.15e-01	2.71e-03
 1.13576e+16	8.85e-01	1.13e-01	2.63e-03
 1.13704e+16	8.87e-01	1.11e-01	2.54e-03
 1.13837e+16	8.89e-01	1.09e-01	2.47e-03
 1.13974e+16	8.91e-01	1.07e-01	2.39e-03
 1.14113e+16	8.92e-01	1.05e-01	2.31e-03
 1.14255e+16	8.94e-01	1.04e-01	2.24e-03
 1.14397e+16	8.96e-01	1.02e-01	2.17e-03
 1.14540e+16	8.98e-01	1.00e-01	2.10e-03
 1.14683e+16	8.99e-01	9.88e-02	2.03e-03
 1.14827e+16	9.01e-01	9.73e-02	1.97e-03
 1.14971e+16	9.02e-01	9.58e-02	1.91e-03
 1.15117e+16	9.04e-01	9.44e-02	1.85e-03
 1.15263e+16	9.05e-01	9.29e-02	1.79e-03
 1.15411e+16	9.07e-01	9.15e-02	1.73e-03
 1.15563e+16	9.08e-01	9.01e-02	1.67e-03
 1.15719e+16	9.10e-01	8.86e-02	1.62e-03
 1.15881e+16	9.11e-01	8.71e-02	1.56e-03
 1.16048e+16	9.13e-01	8.56e-02	1.50e-03
 1.16221e+16	9.14e-01	8.41e-02	1.45e-03
 1.16404e+16	9.16e-01	8.25e-02	1.39e-03
 1.16602e+16	9.18e-01	8.08e-02	1.33e-03
 1.16816e+16	9.20e-01	7.90e-02	1.27e-03
 1.17049e+16	9.22e-01	7.71e-02	1.21e-03
 1.17322e+16	9.24e-01	7.50e-02	1.14e-03
 1.17618e+16	9.26e-01	7.27e-02	1.07e-03
 1.17903e+16	9.28e-01	7.06e-02	1.00e-03
 1.18167e+16	9.30e-01	6.88e-02	9.49e-04
 1.18406e+16	9.32e-01	6.71e-02	9.02e-04
 1.18624e+16	9.34e-01	6.56e-02	8.60e-04
 1.18823e+16	9.35e-01	6.43e-02	8.25e-04
 1.19003e+16	9.36e-01	6.31e-02	7.93e-04
 1.19167e+16	9.37e-01	6.20e-02	7.65e-04
 1.19317e+16	9.38e-01	6.11e-02	7.40e-04
 1.19481e+16	9.39e-01	6.00e-02	7.14e-04
 1.19658e+16	9.40e-01	5.89e-02	6.87e-04
 1.19819e+16	9.41e-01	5.79e-02	6.62e-04
 1.19965e+16	9.42e-01	5.70e-02	6.41e-04
 1.20126e+16	9.43e-01	5.61e-02	6.19e-04
 1.20299e+16	9.44e-01	5.50e-02	5.95e-04
 1.20457e+16	9.45e-01	5.41e-02	5.74e-04
 1.20600e+16	9.46e-01	5.32e-02	5.55e-04
 1.20731e+16	9.47e-01	5.25e-02	5.39e-04
 1.20874e+16	9.48e-01	5.16e-02	5.20e-04
 1.21028e+16	9.49e-01	5.08e-02	5.03e-04
 1.21169e+16	9.50e-01	5.00e-02	4.86e-04
 1.21297e+16	9.50e-01	4.92e-02	4.72e-04
 1.21413e+16	9.51e-01	4.86e-02	4.59e-04
 1.21541e+16	9.52e-01	4.78e-02	4.44e-04
 1.21678e+16	9.52e-01	4.71e-02	4.31e-04
 1.21804e+16	9.53e-01	4.64e-02	4.17e-04
 1.21918e+16	9.54e-01	4.58e-02	4.06e-04
 1.22043e+16	9.54e-01	4.51e-02	3.94e-04
 1.22178e+16	9.55e-01	4.44e-02	3.81e-04
 1.22300e+16	9.56e-01	4.38e-02	3.70e-04
 1.22412e+16	9.56e-01	4.32e-02	3.60e-04
 1.22514e+16	9.57e-01	4.27e-02	3.51e-04
 1.22625e+16	9.58e-01	4.21e-02	3.41e-04
 1.22746e+16	9.58e-01	4.15e-02	3.31e-04
 1.22855e+16	9.59e-01	4.09e-02	3.22e-04
 1.22955e+16	9.59e-01	4.04e-02	3.14e-04
 1.23064e+16	9.60e-01	3.99e-02	3.05e-04
 1.23182e+16	9.60e-01	3.93e-02	2.97e-04
 1.23289e+16	9.61e-01	3.88e-02	2.89e-04
 1.23386e+16	9.61e-01	3.84e-02	2.82e-04
 1.23493e+16	9.62e-01	3.78e-02	2.74e-04
 1.23609e+16	9.62e-01	3.73e-02	2.67e-04
 1.23714e+16	9.63e-01	3.68e-02	2.60e-04
 1.23829e+16	9.63e-01	3.63e-02	2.52e-04
 1.23953e+16	9.64e-01	3.58e-02	2.45e-04
 1.24066e+16	9.64e-01	3.53e-02	2.38e-04
 1.24169e+16	9.65e-01	3.48e-02	2.32e-04
 1.24282e+16	9.65e-01	3.43e-02	2.25e-04
 1.24403e+16	9.66e-01	3.39e-02	2.19e-04
 1.24514e+16	9.66e-01	3.34e-02	2.13e-04
 1.24615e+16	9.67e-01	3.30e-02	2.08e-04
 1.24725e+16	9.67e-01	3.26e-02	2.02e-04
 1.24869e+16	9.68e-01	3.20e-02	1.96e-04
 1.25024e+16	9.68e-01	3.15e-02	1.89e-04
 1.25165e+16	9.69e-01	3.09e-02	1.83e-04
 1.25294e+16	9.69e-01	3.05e-02	1.77e-04
 1.25410e+16	9.70e-01	3.01e-02	1.73e-04
 1.25538e+16	9.70e-01	2.96e-02	1.67e-04
 1.25677e+16	9.71e-01	2.92e-02	1.63e-04
 1.25802e+16	9.71e-01	2.88e-02	1.58e-04
 1.25940e+16	9.72e-01	2.83e-02	1.53e-04
 1.26089e+16	9.72e-01	2.78e-02	1.48e-04
 1.26224e+16	9.72e-01	2.74e-02	1.44e-04
 1.26347e+16	9.73e-01	2.71e-02	1.40e-04
 1.26482e+16	9.73e-01	2.66e-02	1.35e-04
 1.26628e+16	9.74e-01	2.62e-02	1.31e-04
 1.26761e+16	9.74e-01	2.58e-02	1.28e-04
 1.26906e+16	9.74e-01	2.54e-02	1.23e-04
 1.27063e+16	9.75e-01	2.50e-02	1.19e-04
 1.27206e+16	9.75e-01	2.46e-02	1.16e-04
 1.27336e+16	9.76e-01	2.43e-02	1.13e-04
 1.27478e+16	9.76e-01	2.39e-02	1.09e-04
 1.27632e+16	9.76e-01	2.35e-02	1.06e-04
 1.27772e+16	9.77e-01	2.32e-02	1.03e-04
 1.27925e+16	9.77e-01	2.28e-02	9.95e-05
 1.28090e+16	9.77e-01	2.24e-02	9.63e-05
 1.28241e+16	9.78e-01	2.21e-02	9.34e-05
 1.28378e+16	9.78e-01	2.18e-02	9.09e-05
 1.28528e+16	9.78e-01	2.14e-02	8.80e-05
 1.28690e+16	9.79e-01	2.11e-02	8.53e-05
 1.28838e+16	9.79e-01	2.08e-02	8.29e-05
 1.28999e+16	9.79e-01	2.04e-02	8.01e-05
 1.29174e+16	9.80e-01	2.01e-02	7.75e-05
 1.29333e+16	9.80e-01	1.98e-02	7.52e-05
 1.29507e+16	9.80e-01	1.94e-02	7.26e-05
 1.29695e+16	9.81e-01	1.91e-02	7.01e-05
 1.29866e+16	9.81e-01	1.88e-02	6.78e-05
 1.30053e+16	9.81e-01	1.84e-02	6.54e-05
 1.30255e+16	9.82e-01	1.81e-02	6.30e-05
 1.30439e+16	9.82e-01	1.78e-02	6.09e-05
 1.30641e+16	9.82e-01	1.74e-02	5.85e-05
 1.30859e+16	9.83e-01	1.71e-02	5.63e-05
 1.31057e+16	9.83e-01	1.68e-02	5.43e-05
 1.31237e+16	9.83e-01	1.65e-02	5.26e-05
 1.31435e+16	9.84e-01	1.62e-02	5.07e-05
 1.31648e+16	9.84e-01	1.59e-02	4.88e-05
 1.31842e+16	9.84e-01	1.56e-02	4.72e-05
 1.32055e+16	9.85e-01	1.53e-02	4.54e-05
 1.32284e+16	9.85e-01	1.50e-02	4.37e-05
 1.32493e+16	9.85e-01	1.48e-02	4.22e-05
 1.32722e+16	9.85e-01	1.45e-02	4.05e-05
 1.32969e+16	9.86e-01	1.42e-02	3.88e-05
 1.33194e+16	9.86e-01	1.39e-02	3.74e-05
 1.33441e+16	9.86e-01	1.36e-02	3.59e-05
 1.33707e+16	9.87e-01	1.33e-02	3.43e-05
 1.33949e+16	9.87e-01	1.31e-02	3.30e-05
 1.34214e+16	9.87e-01	1.28e-02	3.16e-05
 1.34501e+16	9.88e-01	1.25e-02	3.02e-05
 1.34761e+16	9.88e-01	1.22e-02	2.90e-05
 1.35047e+16	9.88e-01	1.19e-02	2.76e-05
 1.35355e+16	9.88e-01	1.16e-02	2.63e-05
 1.35636e+16	9.89e-01	1.14e-02	2.52e-05
 1.35891e+16	9.89e-01	1.12e-02	2.43e-05
 1.36171e+16	9.89e-01	1.09e-02	2.32e-05
 1.36473e+16	9.89e-01	1.07e-02	2.22e-05
 1.36748e+16	9.90e-01	1.05e-02	2.13e-05
 1.37049e+16	9.90e-01	1.02e-02	2.03e-05
 1.37375e+16	9.90e-01	9.97e-03	1.94e-05
 1.37671e+16	9.90e-01	9.76e-03	1.86e-05
 1.37995e+16	9.90e-01	9.52e-03	1.77e-05
 1.38345e+16	9.91e-01	9.28e-03	1.68e-05
 1.38664e+16	9.91e-01	9.07e-03	1.61e-05
 1.39013e+16	9.91e-01	8.84e-03	1.53e-05
 1.39390e+16	9.91e-01	8.61e-03	1.45e-05
 1.39733e+16	9.92e-01	8.41e-03	1.39e-05
 1.40108e+16	9.92e-01	8.18e-03	1.31e-05
 1.40514e+16	9.92e-01	7.96e-03	1.24e-05
 1.40883e+16	9.92e-01	7.76e-03	1.18e-05
 1.41288e+16	9.92e-01	7.55e-03	1.12e-05
 1.41814e+16	9.93e-01	7.27e-03	1.04e-05
 1.42432e+16	9.93e-01	6.97e-03	9.59e-06
 1.43071e+16	9.93e-01	6.69e-03	8.83e-06
 1.43713e+16	9.94e-01	6.42e-03	8.13e-06
 1.44378e+16	9.94e-01	6.15e-03	7.47e-06
 1.45073e+16	9.94e-01	5.88e-03	6.85e-06
 1.45792e+16	9.94e-01	5.62e-03	6.26e-06
 1.46535e+16	9.95e-01	5.37e-03	5.72e-06
 1.47304e+16	9.95e-01	5.12e-03	5.21e-06
 1.48101e+16	9.95e-01	4.88e-03	4.74e-06
 1.48918e+16	9.95e-01	4.65e-03	4.31e-06
 1.49749e+16	9.96e-01	4.43e-03	3.91e-06
 1.50592e+16	9.96e-01	4.22e-03	3.55e-06
 1.51450e+16	9.96e-01	4.02e-03	3.22e-06
 1.52324e+16	9.96e-01	3.82e-03	2.92e-06
 1.53215e+16	9.96e-01	3.64e-03	2.65e-06
 1.54109e+16	9.97e-01	3.47e-03	2.40e-06
 1.55016e+16	9.97e-01	3.30e-03	2.18e-06
 1.55953e+16	9.97e-01	3.13e-03	1.97e-06
 1.56913e+16	9.97e-01	2.98e-03	1.78e-06
 1.57887e+16	9.97e-01	2.83e-03	1.60e-06
 1.58876e+16	9.97e-01	2.68e-03	1.45e-06
 1.59885e+16	9.97e-01	2.54e-03	1.30e-06
 1.60915e+16	9.98e-01	2.41e-03	1.17e-06
 1.61962e+16	9.98e-01	2.29e-03	1.05e-06
 1.63027e+16	9.98e-01	2.17e-03	9.46e-07
 1.64113e+16	9.98e-01	2.05e-03	8.49e-07
 1.65222e+16	9.98e-01	1.94e-03	7.60e-07
 1.66352e+16	9.98e-01	1.83e-03	6.80e-07
 1.67506e+16	9.98e-01	1.73e-03	6.08e-07
 1.68682e+16	9.98e-01	1.64e-03	5.42e-07
 1.69883e+16	9.98e-01	1.54e-03	4.83e-07
 1.71109e+16	9.99e-01	1.46e-03	4.30e-07
 1.72361e+16	9.99e-01	1.37e-03	3.82e-07
 1.73641e+16	9.99e-01	1.29e-03	3.39e-07
 1.74950e+16	9.99e-01	1.21e-03	3.00e-07
 1.76289e+16	9.99e-01	1.14e-03	2.65e-07
 1.77661e+16	9.99e-01	1.07e-03	2.33e-07
 1.79066e+16	9.99e-01	1.00e-03	2.05e-07
 1.80506e+16	9.99e-01	9.39e-04	1.80e-07
 1.81985e+16	9.99e-01	8.78e-04	1.57e-07
 1.83504e+16	9.99e-01	8.20e-04	1.37e-07
 1.85065e+16	9.99e-01	7.64e-04	1.19e-07
 1.86672e+16	9.99e-01	7.11e-04	1.04e-07
 1.88317e+16	9.99e-01	6.62e-04	8.98e-08
 1.89987e+16	9.99e-01	6.15e-04	7.76e-08
 1.91717e+16	9.99e-01	5.70e-04	6.67e-08
 1.93548e+16	9.99e-01	5.26e-04	5.68e-08
 1.95457e+16	1.00e+00	4.85e-04	4.82e-08
 1.97431e+16	1.00e+00	4.45e-04	4.07e-08
 1.99481e+16	1.00e+00	4.08e-04	3.42e-08
 2.01624e+16	1.00e+00	3.72e-04	2.85e-08
 2.03871e+16	1.00e+00	3.38e-04	2.36e-08
 2.06233e+16	1.00e+00	3.06e-04	1.93e-08
 2.08731e+16	1.00e+00	2.76e-04	1.57e-08
 2.11404e+16	1.00e+00	2.47e-04	1.26e-08
 2.14215e+16	1.00e+00	2.20e-04	9.96e-09
 2.17209e+16	1.00e+00	1.94e-04	7.78e-09
 2.20485e+16	1.00e+00	1.70e-04	5.96e-09
 2.24039e+16	1.00e+00	1.47e-04	4.47e-09
 2.27921e+16	1.00e+00	1.26e-04	3.27e-09
 2.32227e+16	1.00e+00	1.06e-04	2.31e-09
 2.37087e+16	1.00e+00	8.73e-05	1.58e-09
 2.42630e+16	1.00e+00	7.03e-05	1.02e-09
 2.48823e+16	1.00e+00	5.54e-05	6.37e-10
 2.55309e+16	1.00e+00	4.35e-05	3.93e-10
 2.61762e+16	1.00e+00	3.44e-05	2.46e-10
 2.68177e+16	1.00e+00	2.73e-05	1.55e-10
 2.74648e+16	1.00e+00	2.17e-05	9.79e-11
 2.81236e+16	1.00e+00	1.72e-05	6.19e-11
 2.87968e+16	1.00e+00	1.37e-05	3.91e-11
 2.94814e+16	1.00e+00	1.09e-05	2.47e-11
 3.01757e+16	1.00e+00	8.64e-06	1.57e-11
 3.08839e+16	1.00e+00	6.88e-06	9.93e-12
 3.16089e+16	1.00e+00	5.46e-06	6.27e-12
 3.23475e+16	1.00e+00	4.34e-06	3.97e-12
 3.31020e+16	1.00e+00	3.45e-06	2.51e-12
 3.38753e+16	1.00e+00	2.74e-06	1.58e-12
 3.46672e+16	1.00e+00	2.17e-06	9.95e-13
 3.54801e+16	1.00e+00	1.72e-06	6.24e-13
 3.63147e+16	1.00e+00	1.36e-06	3.90e-13
 3.71754e+16	1.00e+00	1.07e-06	2.42e-13
 3.80652e+16	1.00e+00	8.39e-07	1.50e-13
 3.89896e+16	1.00e+00	6.56e-07	9.14e-14
 3.99566e+16	1.00e+00	5.09e-07	5.51e-14
 4.09734e+16	1.00e+00	3.92e-07	3.27e-14
 4.20513e+16	1.00e+00	2.99e-07	1.91e-14
 4.32107e+16	1.00e+00	2.25e-07	1.08e-14
 4.44598e+16	1.00e+00	1.66e-07	5.91e-15
 4.57566e+16	1.00e+00	1.23e-07	3.23e-15
 4.70515e+16	1.00e+00	9.14e-08	1.79e-15
 4.83345e+16	1.00e+00	6.87e-08	1.01e-15
 4.96133e+16	1.00e+00	5.20e-08	5.81e-16
 5.08878e+16	1.00e+00	3.96e-08	3.37e-16
 5.21505e+16	1.00e+00	3.04e-08	2.00e-16
 5.33934e+16	1.00e+00	2.36e-08	1.20e-16
 5.46129e+16	1.00e+00	1.85e-08	7.39e-17
 5.58038e+16	1.00e+00	1.46e-08	4.63e-17
 5.69615e+16	1.00e+00	1.17e-08	2.97e-17
 5.80859e+16	1.00e+00	9.46e-09	1.94e-17
 5.91738e+16	1.00e+00	7.73e-09	1.30e-17
 6.02219e+16	1.00e+00	6.38e-09	8.86e-18
 6.12290e+16	1.00e+00	5.32e-09	6.17e-18
 6.21952e+16	1.00e+00	4.48e-09	4.38e-18
 6.31204e+16	1.00e+00	3.81e-09	3.17e-18
 6.40049e+16	1.00e+00	3.27e-09	2.34e-18
 6.48493e+16	1.00e+00	2.83e-09	1.76e-18
 6.56545e+16	1.00e+00	2.47e-09	1.34e-18
 6.64212e+16	1.00e+00	2.18e-09	1.04e-18
 6.71512e+16	1.00e+00	1.93e-09	8.16e-19
 6.78461e+16	1.00e+00	1.72e-09	6.51e-19
 6.85073e+16	1.00e+00	1.55e-09	5.26e-19
 6.91360e+16	1.00e+00	1.40e-09	4.30e-19
 6.97336e+16	1.00e+00	1.27e-09	3.55e-19
 7.03016e+16	1.00e+00	1.16e-09	2.97e-19
 7.08416e+16	1.00e+00	1.07e-09	2.51e-19
 7.13551e+16	1.00e+00	9.84e-10	2.14e-19
 7.18432e+16	1.00e+00	9.12e-10	1.84e-19
 7.23071e+16	1.00e+00	8.49e-10	1.60e-19
 7.27481e+16	1.00e+00	7.94e-10	1.39e-19
 7.31676e+16	1.00e+00	7.45e-10	1.23e-19
 7.35669e+16	1.00e+00	7.01e-10	1.09e-19
 7.39470e+16	1.00e+00	6.62e-10	9.70e-20
 7.43088e+16	1.00e+00	6.27e-10	8.71e-20
 7.46532e+16	1.00e+00	5.95e-10	7.86e-20
 7.49815e+16	1.00e+00	5.67e-10	7.13e-20
 7.52944e+16	1.00e+00	5.41e-10	6.49e-20
 7.55931e+16	1.00e+00	5.17e-10	5.95e-20
 7.58783e+16	1.00e+00	4.96e-10	5.47e-20
 7.61506e+16	1.00e+00	4.76e-10	5.05e-20
 7.64110e+16	1.00e+00	4.59e-10	4.68e-20
 7.66603e+16	1.00e+00	4.42e-10	4.35e-20
 7.68992e+16	1.00e+00	4.27e-10	4.06e-20
 7.71282e+16	1.00e+00	4.13e-10	3.80e-20
 7.73481e+16	1.00e+00	4.00e-10	3.56e-20
 7.75597e+16	1.00e+00	3.88e-10	3.35e-20
 7.77633e+16	1.00e+00	3.77e-10	3.16e-20
 7.79599e+16	1.00e+00	3.66e-10	2.99e-20
 7.81499e+16	1.00e+00	3.56e-10	2.83e-20
 7.83339e+16	1.00e+00	3.47e-10	2.68e-20
 7.85126e+16	1.00e+00	3.38e-10	2.55e-20
 7.86866e+16	1.00e+00	3.30e-10	2.43e-20
 7.88566e+16	1.00e+00	3.22e-10	2.31e-20
 7.90231e+16	1.00e+00	3.14e-10	2.21e-20
 7.91869e+16	1.00e+00	3.07e-10	2.10e-20
 7.93488e+16	1.00e+00	3.00e-10	2.01e-20
 7.95094e+16	1.00e+00	2.93e-10	1.92e-20
 7.96697e+16	1.00e+00	2.87e-10	1.84e-20
 7.98308e+16	1.00e+00	2.80e-10	1.75e-20
 7.99937e+16	1.00e+00	2.74e-10	1.67e-20
 8.01599e+16	1.00e+00	2.67e-10	1.60e-20
 8.03309e+16	1.00e+00	2.61e-10	1.52e-20
 8.05088e+16	1.00e+00	2.54e-10	1.45e-20
 8.06962e+16	1.00e+00	2.47e-10	1.37e-20
 8.08966e+16	1.00e+00	2.41e-10	1.30e-20
 8.11143e+16	1.00e+00	2.33e-10	1.22e-20
 8.13555e+16	1.00e+00	2.25e-10	1.14e-20
 8.16291e+16	1.00e+00	2.17e-10	1.05e-20
 8.19481e+16	1.00e+00	2.07e-10	9.63e-21
 8.23322e+16	1.00e+00	1.96e-10	0.00e+00
 8.28128e+16	1.00e+00	1.83e-10	0.00e+00
 8.34321e+16	1.00e+00	1.68e-10	0.00e+00
 8.42372e+16	1.00e+00	1.50e-10	0.00e+00
 8.52839e+16	1.00e+00	1.29e-10	0.00e+00
 8.66446e+16	1.00e+00	1.07e-10	0.00e+00
 8.84134e+16	1.00e+00	8.45e-11	0.00e+00
 9.07129e+16	1.00e+00	6.23e-11	0.00e+00
 9.34337e+16	1.00e+00	4.41e-11	0.00e+00
 9.64197e+16	1.00e+00	3.05e-11	0.00e+00
 9.95496e+16	1.00e+00	2.10e-11	0.00e+00
 1.02680e+17	1.00e+00	1.46e-11	0.00e+00
 1.05810e+17	1.00e+00	1.03e-11	0.00e+00
 1.08939e+17	1.00e+00	7.27e-12	0.00e+00
 1.12069e+17	1.00e+00	5.21e-12	0.00e+00
 1.15199e+17	1.00e+00	3.77e-12	0.00e+00
 1.18329e+17	1.00e+00	2.75e-12	0.00e+00
 1.21459e+17	1.00e+00	2.03e-12	0.00e+00
 1.24589e+17	1.00e+00	1.51e-12	0.00e+00
 1.27719e+17	1.00e+00	1.14e-12	0.00e+00
 1.30849e+17	1.00e+00	8.71e-13	0.00e+00
 1.34449e+17	1.00e+00	6.43e-13	0.00e+00
 1.38581e+17	1.00e+00	4.62e-13	0.00e+00
 1.43407e+17	1.00e+00	3.22e-13	0.00e+00
 1.49058e+17	1.00e+00	2.15e-13	0.00e+00
 1.54778e+17	1.00e+00	1.48e-13	0.00e+00
 1.59966e+17	1.00e+00	1.11e-13	0.00e+00
 1.64402e+17	1.00e+00	8.99e-14	0.00e+00
 1.68359e+17	1.00e+00	7.63e-14	0.00e+00
 1.71861e+17	1.00e+00	6.59e-14	0.00e+00
 1.74496e+17	1.00e+00	5.94e-14	0.00e+00
 1.76143e+17	1.00e+00	5.63e-14	0.00e+00
 1.77107e+17	1.00e+00	5.49e-14	0.00e+00
 1.77686e+17	1.00e+00	5.40e-14	0.00e+00
 1.78033e+17	1.00e+00	5.36e-14	0.00e+00
 1.78279e+17	1.00e+00	5.33e-14	0.00e+00
 1.78535e+17	1.00e+00	5.29e-14	0.00e+00
 1.78834e+17	1.00e+00	5.24e-14	0.00e+00
 1.79134e+17	1.00e+00	5.20e-14	0.00e+00
 1.79384e+17	1.00e+00	5.16e-14	0.00e+00
 1.79587e+17	1.00e+00	5.13e-14	0.00e+00
 1.79796e+17	1.00e+00	5.09e-14	0.00e+00
 1.80022e+17	1.00e+00	5.05e-14	0.00e+00
 1.80236e+17	1.00e+00	5.02e-14	0.00e+00
 1.80423e+17	1.00e+00	4.98e-14	0.00e+00
 1.80578e+17	1.00e+00	4.96e-14	0.00e+00
 1.80727e+17	1.00e+00	4.93e-14	0.00e+00
 1.80888e+17	1.00e+00	4.90e-14	0.00e+00
 1.81047e+17	1.00e+00	4.87e-14	0.00e+00
 1.81190e+17	1.00e+00	4.85e-14	0.00e+00
 1.81312e+17	1.00e+00	4.83e-14	0.00e+00
 1.81432e+17	1.00e+00	4.81e-14	0.00e+00
 1.81569e+17	1.00e+00	4.78e-14	0.00e+00
 1.81700e+17	1.00e+00	4.75e-14	0.00e+00
 1.81808e+17	1.00e+00	4.73e-14	0.00e+00
 1.81911e+17	1.00e+00	4.72e-14	0.00e+00
 1.82021e+17	1.00e+00	4.69e-14	0.00e+00
 1.82130e+17	1.00e+00	4.67e-14	0.00e+00
 1.82232e+17	1.00e+00	4.65e-14	0.00e+00
 1.82328e+17	1.00e+00	4.63e-14	0.00e+00
 1.82425e+17	1.00e+00	4.61e-14	0.00e+00
 1.82522e+17	1.00e+00	4.59e-14	0.00e+00
 1.82619e+17	1.00e+00	4.57e-14	0.00e+00
 1.82715e+17	1.00e+00	4.55e-14	0.00e+00
 1.82805e+17	1.00e+00	4.53e-14	0.00e+00
 1.82891e+17	1.00e+00	4.52e-14	0.00e+00
 1.82981e+17	1.00e+00	4.50e-14	0.00e+00
 1.83076e+17	1.00e+00	4.48e-14	0.00e+00
 1.83170e+17	1.00e+00	4.45e-14	0.00e+00
 1.83260e+17	1.00e+00	4.44e-14	0.00e+00
 1.83352e+17	1.00e+00	4.42e-14	0.00e+00
 1.83447e+17	1.00e+00	4.39e-14	0.00e+00
 1.83539e+17	1.00e+00	4.37e-14	0.00e+00
 1.83630e+17	1.00e+00	4.35e-14	0.00e+00
 1.83726e+17	1.00e+00	4.33e-14	0.00e+00
 1.83828e+17	1.00e+00	4.30e-14	0.00e+00
 1.83927e+17	1.00e+00	4.28e-14	0.00e+00
 1.84025e+17	1.00e+00	4.26e-14	0.00e+00
 1.84126e+17	1.00e+00	4.23e-14	0.00e+00
 1.84234e+17	1.00e+00	4.21e-14	0.00e+00
 1.84352e+17	1.00e+00	4.18e-14	0.00e+00
 1.84474e+17	1.00e+00	4.15e-14	0.00e+00
 1.84581e+17	1.00e+00	4.12e-14	0.00e+00
 1.84685e+17	1.00e+00	4.10e-14	0.00e+00
 1.84807e+17	1.00e+00	4.07e-14	0.00e+00
 1.84936e+17	1.00e+00	4.03e-14	0.00e+00
 1.85058e+17	1.00e+00	4.00e-14	0.00e+00
 1.85180e+17	1.00e+00	3.98e-14	0.00e+00
 1.85310e+17	1.00e+00	3.94e-14	0.00e+00
 1.85449e+17	1.00e+00	3.91e-14	0.00e+00
 1.85596e+17	1.00e+00	3.87e-14	0.00e+00
 1.85741e+17	1.00e+00	3.84e-14	0.00e+00
 1.85884e+17	1.00e+00	3.80e-14	0.00e+00
 1.86026e+17	1.00e+00	3.76e-14	0.00e+00
 1.86175e+17	1.00e+00	3.73e-14	0.00e+00
 1.86333e+17	1.00e+00	3.69e-14	0.00e+00
 1.86500e+17	1.00e+00	3.65e-14	0.00e+00
 1.86671e+17	1.00e+00	3.60e-14	0.00e+00
 1.86840e+17	1.00e+00	3.56e-14	0.00e+00
 1.87012e+17	1.00e+00	3.52e-14	0.00e+00
 1.87196e+17	1.00e+00	3.48e-14	0.00e+00
 1.87387e+17	1.00e+00	3.43e-14	0.00e+00
 1.87584e+17	1.00e+00	3.38e-14	0.00e+00
 1.87782e+17	1.00e+00	3.33e-14	0.00e+00
 1.87984e+17	1.00e+00	3.28e-14	0.00e+00
 1.88191e+17	1.00e+00	3.23e-14	0.00e+00
 1.88409e+17	1.00e+00	3.18e-14	0.00e+00
 1.88637e+17	1.00e+00	3.12e-14	0.00e+00
 1.88869e+17	1.00e+00	3.07e-14	0.00e+00
 1.89098e+17	1.00e+00	3.01e-14	0.00e+00
 1.89343e+17	1.00e+00	2.96e-14	0.00e+00
 1.89613e+17	1.00e+00	2.89e-14	0.00e+00
 1.89877e+17	1.00e+00	2.83e-14	0.00e+00
 1.90132e+17	1.00e+00	2.77e-14	0.00e+00
 1.90399e+17	1.00e+00	2.71e-14	0.00e+00
 1.90684e+17	1.00e+00	2.65e-14	0.00e+00
 1.90980e+17	1.00e+00	2.58e-14	0.00e+00
 1.91276e+17	1.00e+00	2.52e-14	0.00e+00
 1.91575e+17	1.00e+00	2.45e-14	0.00e+00
 1.91886e+17	1.00e+00	2.38e-14	0.00e+00
 1.92208e+17	1.00e+00	2.32e-14	0.00e+00
 1.92536e+17	1.00e+00	2.25e-14	0.00e+00
 1.92874e+17	1.00e+00	2.18e-14	0.00e+00
 1.93223e+17	1.00e+00	2.11e-14	0.00e+00
 1.93577e+17	1.00e+00	2.04e-14	0.00e+00
 1.93944e+17	1.00e+00	1.97e-14	0.00e+00
 1.94330e+17	1.00e+00	1.90e-14	0.00e+00
 1.94718e+17	1.00e+00	1.82e-14	0.00e+00
 1.95099e+17	1.00e+00	1.75e-14	0.00e+00
 1.95494e+17	1.00e+00	1.69e-14	0.00e+00
 1.95918e+17	1.00e+00	1.61e-14	0.00e+00
 1.96352e+17	1.00e+00	1.54e-14	0.00e+00
 1.96798e+17	1.00e+00	1.47e-14	0.00e+00
 1.97271e+17	1.00e+00	1.40e-14	0.00e+00
 1.97736e+17	1.00e+00	1.33e-14	0.00e+00
 1.98206e+17	1.00e+00	1.26e-14	0.00e+00
 1.98697e+17	1.00e+00	1.20e-14	0.00e+00
 1.99219e+17	1.00e+00	1.13e-14	0.00e+00
 1.99781e+17	1.00e+00	1.06e-14	0.00e+00
 2.00345e+17	1.00e+00	9.91e-15	0.00e+00
 2.00913e+17	1.00e+00	9.26e-15	0.00e+00
 2.01498e+17	1.00e+00	8.66e-15	0.00e+00
 2.02106e+17	1.00e+00	8.05e-15	0.00e+00
 2.02711e+17	1.00e+00	7.47e-15	0.00e+00
 2.03257e+17	1.00e+00	6.95e-15	0.00e+00
 2.03733e+17	1.00e+00	6.53e-15	0.00e+00
 2.04169e+17	1.00e+00	6.18e-15	0.00e+00
 2.04599e+17	1.00e+00	5.85e-15	0.00e+00
 2.05028e+17	1.00e+00	5.54e-15	0.00e+00
 2.05441e+17	1.00e+00	5.24e-15	0.00e+00
 2.05826e+17	1.00e+00	4.97e-15	0.00e+00
 2.06184e+17	1.00e+00	4.72e-15	0.00e+00
 2.06523e+17	1.00e+00	4.51e-15	0.00e+00
 2.06852e+17	1.00e+00	4.30e-15	0.00e+00
 2.07168e+17	1.00e+00	4.11e-15	0.00e+00
 2.07467e+17	1.00e+00	3.93e-15	0.00e+00
 2.07749e+17	1.00e+00	3.77e-15	0.00e+00
 2.08015e+17	1.00e+00	3.62e-15	0.00e+00
 2.08269e+17	1.00e+00	3.47e-15	0.00e+00
 2.08514e+17	1.00e+00	3.35e-15	0.00e+00
 2.08750e+17	1.00e+00	3.23e-15	0.00e+00
 2.08977e+17	1.00e+00	3.11e-15	0.00e+00
 2.09194e+17	1.00e+00	3.01e-15	0.00e+00
 2.09404e+17	1.00e+00	2.91e-15	0.00e+00
 2.09607e+17	1.00e+00	2.82e-15	0.00e+00
 2.09804e+17	1.00e+00	2.73e-15	0.00e+00
 2.09995e+17	1.00e+00	2.65e-15	0.00e+00
 2.10181e+17	1.00e+00	2.57e-15	0.00e+00
 2.10363e+17	1.00e+00	2.50e-15	0.00e+00
 2.10540e+17	1.00e+00	2.43e-15	0.00e+00
 2.10713e+17	1.00e+00	2.36e-15	0.00e+00
 2.10883e+17	1.00e+00	2.30e-15	0.00e+00
 2.11050e+17	1.00e+00	2.24e-15	0.00e+00
 2.11214e+17	1.00e+00	2.18e-15	0.00e+00
 2.11400e+17	1.00e+00	2.12e-15	0.00e+00
 2.11643e+17	1.00e+00	2.05e-15	0.00e+00
 2.11959e+17	1.00e+00	1.96e-15	0.00e+00
 2.12369e+17	1.00e+00	1.84e-15	0.00e+00
 2.12902e+17	1.00e+00	1.71e-15	0.00e+00
 2.13579e+17	1.00e+00	1.55e-15	0.00e+00
 2.14320e+17	1.00e+00	1.38e-15	0.00e+00
 2.14983e+17	1.00e+00	1.24e-15	0.00e+00
 2.15536e+17	1.00e+00	1.13e-15	0.00e+00
 2.16042e+17	1.00e+00	1.05e-15	0.00e+00
 2.16568e+17	1.00e+00	9.77e-16	0.00e+00
 2.17140e+17	1.00e+00	9.02e-16	0.00e+00
 2.17734e+17	1.00e+00	8.30e-16	0.00e+00
 2.18313e+17	1.00e+00	7.65e-16	0.00e+00
 2.18872e+17	1.00e+00	7.09e-16	0.00e+00
 2.19435e+17	1.00e+00	6.59e-16	0.00e+00
 2.20027e+17	1.00e+00	6.11e-16	0.00e+00
 2.20657e+17	1.00e+00	5.65e-16	0.00e+00
 2.21320e+17	1.00e+00	5.21e-16	0.00e+00
 2.22013e+17	1.00e+00	4.80e-16	0.00e+00
 2.22753e+17	1.00e+00	4.40e-16	0.00e+00
 2.23573e+17	1.00e+00	4.02e-16	0.00e+00
 2.24522e+17	1.00e+00	3.63e-16	0.00e+00
 2.25666e+17	1.00e+00	3.22e-16	0.00e+00
 2.27118e+17	1.00e+00	2.79e-16	0.00e+00
 2.29004e+17	1.00e+00	2.33e-16	0.00e+00
 2.31457e+17	1.00e+00	1.86e-16	0.00e+00
 2.34645e+17	1.00e+00	1.41e-16	0.00e+00
 2.38790e+17	1.00e+00	1.01e-16	0.00e+00
 2.44178e+17	1.00e+00	6.67e-17	0.00e+00
 2.51183e+17	1.00e+00	3.99e-17	0.00e+00
 2.60245e+17	1.00e+00	2.11e-17	0.00e+00
 2.70655e+17	1.00e+00	1.04e-17	0.00e+00
 2.80737e+17	1.00e+00	5.22e-18	0.00e+00
 2.89563e+17	1.00e+00	2.94e-18	0.00e+00
 2.97260e+17	1.00e+00	1.72e-18	0.00e+00
 3.05648e+17	1.00e+00	9.83e-19	0.00e+00
 3.14854e+17	1.00e+00	5.41e-19	0.00e+00
 3.22700e+17	1.00e+00	3.27e-19	0.00e+00
 3.28829e+17	1.00e+00	2.21e-19	0.00e+00
 3.35150e+17	1.00e+00	1.45e-19	0.00e+00
 3.42481e+17	1.00e+00	8.93e-20	0.00e+00
 3.49416e+17	1.00e+00	5.63e-20	0.00e+00
 3.55330e+17	1.00e+00	3.77e-20	0.00e+00
 3.61623e+17	1.00e+00	2.41e-20	0.00e+00
 3.69803e+17	1.00e+00	1.34e-20	0.00e+00
 3.77201e+17	1.00e+00	7.64e-21	0.00e+00
 3.81639e+17	1.00e+00	5.32e-21	0.00e+00
 3.84302e+17	1.00e+00	4.21e-21	0.00e+00
 3.85900e+17	1.00e+00	3.62e-21	0.00e+00
 3.86859e+17	1.00e+00	3.30e-21	0.00e+00
 3.87434e+17	1.00e+00	3.11e-21	0.00e+00
 3.87779e+17	1.00e+00	3.02e-21	0.00e+00
 3.88005e+17	1.00e+00	2.97e-21	0.00e+00
 3.88217e+17	1.00e+00	2.91e-21	0.00e+00
 3.88482e+17	1.00e+00	2.84e-21	0.00e+00
 3.88827e+17	1.00e+00	2.73e-21	0.00e+00
 3.89217e+17	1.00e+00	2.61e-21	0.00e+00
 3.89559e+17	1.00e+00	2.51e-21	0.00e+00
 3.89817e+17	1.00e+00	2.45e-21	0.00e+00
 3.90037e+17	1.00e+00	2.40e-21	0.00e+00
 3.90284e+17	1.00e+00	2.34e-21	0.00e+00
 3.90596e+17	1.00e+00	2.25e-21	0.00e+00
