#depth	He	He+	He+2
 1.49634e+10	3.51e-22	9.99e-10	1.00e+00
 4.54887e+10	4.05e-22	1.09e-09	1.00e+00
 7.72350e+10	4.69e-22	1.18e-09	1.00e+00
 1.10251e+11	5.44e-22	1.28e-09	1.00e+00
 1.44588e+11	6.32e-22	1.39e-09	1.00e+00
 1.80298e+11	7.34e-22	1.52e-09	1.00e+00
 2.17437e+11	8.54e-22	1.65e-09	1.00e+00
 2.56061e+11	9.96e-22	1.80e-09	1.00e+00
 2.96231e+11	1.16e-21	1.96e-09	1.00e+00
 3.38007e+11	1.36e-21	2.13e-09	1.00e+00
 3.81454e+11	1.59e-21	2.32e-09	1.00e+00
 4.26639e+11	1.87e-21	2.54e-09	1.00e+00
 4.73631e+11	2.19e-21	2.77e-09	1.00e+00
 5.22503e+11	2.57e-21	3.02e-09	1.00e+00
 5.73330e+11	3.04e-21	3.30e-09	1.00e+00
 6.26190e+11	3.58e-21	3.60e-09	1.00e+00
 6.81164e+11	4.23e-21	3.93e-09	1.00e+00
 7.38337e+11	5.01e-21	4.30e-09	1.00e+00
 7.97798e+11	5.94e-21	4.70e-09	1.00e+00
 8.59636e+11	7.04e-21	5.14e-09	1.00e+00
 9.23949e+11	8.36e-21	5.62e-09	1.00e+00
 9.90833e+11	9.93e-21	6.15e-09	1.00e+00
 1.06039e+12	1.18e-20	6.73e-09	1.00e+00
 1.13274e+12	1.40e-20	7.36e-09	1.00e+00
 1.20797e+12	1.67e-20	8.05e-09	1.00e+00
 1.28622e+12	1.99e-20	8.81e-09	1.00e+00
 1.36759e+12	2.37e-20	9.63e-09	1.00e+00
 1.45222e+12	2.82e-20	1.05e-08	1.00e+00
 1.54024e+12	3.37e-20	1.15e-08	1.00e+00
 1.63178e+12	4.00e-20	1.26e-08	1.00e+00
 1.72697e+12	4.78e-20	1.38e-08	1.00e+00
 1.82598e+12	5.70e-20	1.51e-08	1.00e+00
 1.92895e+12	6.80e-20	1.65e-08	1.00e+00
 2.03603e+12	8.10e-20	1.80e-08	1.00e+00
 2.14740e+12	9.66e-20	1.97e-08	1.00e+00
 2.26322e+12	1.15e-19	2.16e-08	1.00e+00
 2.38368e+12	1.37e-19	2.36e-08	1.00e+00
 2.50895e+12	1.64e-19	2.58e-08	1.00e+00
 2.63924e+12	1.95e-19	2.82e-08	1.00e+00
 2.77473e+12	2.32e-19	3.08e-08	1.00e+00
 2.91565e+12	2.77e-19	3.37e-08	1.00e+00
 3.06220e+12	3.30e-19	3.68e-08	1.00e+00
 3.21461e+12	3.93e-19	4.02e-08	1.00e+00
 3.37313e+12	4.68e-19	4.39e-08	1.00e+00
 3.53798e+12	5.57e-19	4.80e-08	1.00e+00
 3.70942e+12	6.64e-19	5.24e-08	1.00e+00
 3.88773e+12	7.91e-19	5.73e-08	1.00e+00
 4.07316e+12	9.41e-19	6.26e-08	1.00e+00
 4.26602e+12	1.12e-18	6.83e-08	1.00e+00
 4.46658e+12	1.33e-18	7.46e-08	1.00e+00
 4.67517e+12	1.59e-18	8.15e-08	1.00e+00
 4.89211e+12	1.89e-18	8.90e-08	1.00e+00
 5.11772e+12	2.25e-18	9.72e-08	1.00e+00
 5.35235e+12	2.68e-18	1.06e-07	1.00e+00
 5.59638e+12	3.19e-18	1.16e-07	1.00e+00
 5.85016e+12	3.80e-18	1.27e-07	1.00e+00
 6.11409e+12	4.52e-18	1.38e-07	1.00e+00
 6.38858e+12	5.38e-18	1.51e-07	1.00e+00
 6.67405e+12	6.40e-18	1.65e-07	1.00e+00
 6.97094e+12	7.62e-18	1.80e-07	1.00e+00
 7.27970e+12	9.07e-18	1.97e-07	1.00e+00
 7.60082e+12	1.08e-17	2.14e-07	1.00e+00
 7.93478e+12	1.28e-17	2.34e-07	1.00e+00
 8.28210e+12	1.53e-17	2.56e-07	1.00e+00
 8.64331e+12	1.81e-17	2.79e-07	1.00e+00
 9.01897e+12	2.16e-17	3.05e-07	1.00e+00
 9.40965e+12	2.57e-17	3.33e-07	1.00e+00
 9.81596e+12	3.05e-17	3.63e-07	1.00e+00
 1.02385e+13	3.63e-17	3.96e-07	1.00e+00
 1.06780e+13	4.31e-17	4.32e-07	1.00e+00
 1.11350e+13	5.12e-17	4.72e-07	1.00e+00
 1.16104e+13	6.08e-17	5.15e-07	1.00e+00
 1.21047e+13	7.22e-17	5.62e-07	1.00e+00
 1.26188e+13	8.56e-17	6.12e-07	1.00e+00
 1.31535e+13	1.02e-16	6.68e-07	1.00e+00
 1.37096e+13	1.21e-16	7.28e-07	1.00e+00
 1.42879e+13	1.43e-16	7.94e-07	1.00e+00
 1.48893e+13	1.70e-16	8.66e-07	1.00e+00
 1.55148e+13	2.01e-16	9.44e-07	1.00e+00
 1.61653e+13	2.38e-16	1.03e-06	1.00e+00
 1.68419e+13	2.82e-16	1.12e-06	1.00e+00
 1.75455e+13	3.34e-16	1.22e-06	1.00e+00
 1.82772e+13	3.95e-16	1.33e-06	1.00e+00
 1.90383e+13	4.67e-16	1.45e-06	1.00e+00
 1.98297e+13	5.52e-16	1.58e-06	1.00e+00
 2.06528e+13	6.53e-16	1.72e-06	1.00e+00
 2.15089e+13	7.71e-16	1.87e-06	1.00e+00
 2.23991e+13	9.11e-16	2.03e-06	1.00e+00
 2.33250e+13	1.07e-15	2.21e-06	1.00e+00
 2.42880e+13	1.27e-15	2.40e-06	1.00e+00
 2.52894e+13	1.50e-15	2.61e-06	1.00e+00
 2.63309e+13	1.76e-15	2.84e-06	1.00e+00
 2.74141e+13	2.08e-15	3.09e-06	1.00e+00
 2.85406e+13	2.45e-15	3.36e-06	1.00e+00
 2.97121e+13	2.89e-15	3.65e-06	1.00e+00
 3.09305e+13	3.40e-15	3.96e-06	1.00e+00
 3.21977e+13	4.01e-15	4.30e-06	1.00e+00
 3.35155e+13	4.72e-15	4.67e-06	1.00e+00
 3.48861e+13	5.55e-15	5.07e-06	1.00e+00
 3.63114e+13	6.53e-15	5.51e-06	1.00e+00
 3.77938e+13	7.69e-15	5.98e-06	1.00e+00
 3.93355e+13	9.04e-15	6.49e-06	1.00e+00
 4.09388e+13	1.06e-14	7.04e-06	1.00e+00
 4.26063e+13	1.25e-14	7.64e-06	1.00e+00
 4.43405e+13	1.47e-14	8.29e-06	1.00e+00
 4.61441e+13	1.73e-14	8.99e-06	1.00e+00
 4.80197e+13	2.03e-14	9.75e-06	1.00e+00
 4.99705e+13	2.39e-14	1.06e-05	1.00e+00
 5.19992e+13	2.80e-14	1.15e-05	1.00e+00
 5.41091e+13	3.29e-14	1.24e-05	1.00e+00
 5.63034e+13	3.87e-14	1.35e-05	1.00e+00
 5.85854e+13	4.54e-14	1.46e-05	1.00e+00
 6.09588e+13	5.33e-14	1.58e-05	1.00e+00
 6.34271e+13	6.26e-14	1.72e-05	1.00e+00
 6.59941e+13	7.34e-14	1.86e-05	1.00e+00
 6.86638e+13	8.62e-14	2.02e-05	1.00e+00
 7.14402e+13	1.01e-13	2.18e-05	1.00e+00
 7.43278e+13	1.19e-13	2.37e-05	1.00e+00
 7.73308e+13	1.39e-13	2.56e-05	1.00e+00
 8.04540e+13	1.63e-13	2.78e-05	1.00e+00
 8.37021e+13	1.92e-13	3.01e-05	1.00e+00
 8.70801e+13	2.25e-13	3.26e-05	1.00e+00
 9.05932e+13	2.64e-13	3.53e-05	1.00e+00
 9.42469e+13	3.09e-13	3.82e-05	1.00e+00
 9.80467e+13	3.63e-13	4.14e-05	1.00e+00
 1.01998e+14	4.25e-13	4.48e-05	1.00e+00
 1.06108e+14	4.98e-13	4.85e-05	1.00e+00
 1.10383e+14	5.84e-13	5.26e-05	1.00e+00
 1.14828e+14	6.85e-13	5.69e-05	1.00e+00
 1.19451e+14	8.03e-13	6.16e-05	1.00e+00
 1.24259e+14	9.41e-13	6.67e-05	1.00e+00
 1.29259e+14	1.10e-12	7.22e-05	1.00e+00
 1.34459e+14	1.29e-12	7.82e-05	1.00e+00
 1.39868e+14	1.52e-12	8.47e-05	1.00e+00
 1.45492e+14	1.77e-12	9.16e-05	1.00e+00
 1.51342e+14	2.08e-12	9.92e-05	1.00e+00
 1.57426e+14	2.44e-12	1.07e-04	1.00e+00
 1.63752e+14	2.86e-12	1.16e-04	1.00e+00
 1.70333e+14	3.35e-12	1.26e-04	1.00e+00
 1.77176e+14	3.93e-12	1.36e-04	1.00e+00
 1.84293e+14	4.61e-12	1.48e-04	1.00e+00
 1.91694e+14	5.40e-12	1.60e-04	1.00e+00
 1.99392e+14	6.32e-12	1.73e-04	1.00e+00
 2.07398e+14	7.41e-12	1.87e-04	1.00e+00
 2.15723e+14	8.68e-12	2.03e-04	1.00e+00
 2.24382e+14	1.02e-11	2.19e-04	1.00e+00
 2.33388e+14	1.19e-11	2.37e-04	1.00e+00
 2.42753e+14	1.39e-11	2.57e-04	1.00e+00
 2.52493e+14	1.63e-11	2.78e-04	1.00e+00
 2.62623e+14	1.91e-11	3.01e-04	1.00e+00
 2.73158e+14	2.24e-11	3.25e-04	1.00e+00
 2.84114e+14	2.62e-11	3.52e-04	1.00e+00
 2.95508e+14	3.07e-11	3.81e-04	1.00e+00
 3.07358e+14	3.59e-11	4.12e-04	1.00e+00
 3.19683e+14	4.21e-11	4.46e-04	1.00e+00
 3.32500e+14	4.93e-11	4.83e-04	1.00e+00
 3.45830e+14	5.77e-11	5.22e-04	9.99e-01
 3.59693e+14	6.75e-11	5.65e-04	9.99e-01
 3.74111e+14	7.91e-11	6.12e-04	9.99e-01
 3.89105e+14	9.26e-11	6.62e-04	9.99e-01
 4.04699e+14	1.08e-10	7.16e-04	9.99e-01
 4.20917e+14	1.27e-10	7.75e-04	9.99e-01
 4.37784e+14	1.49e-10	8.38e-04	9.99e-01
 4.55325e+14	1.74e-10	9.07e-04	9.99e-01
 4.72327e+14	2.02e-10	9.75e-04	9.99e-01
 4.88251e+14	2.30e-10	1.04e-03	9.99e-01
 5.06053e+14	2.66e-10	1.12e-03	9.99e-01
 5.26326e+14	3.12e-10	1.21e-03	9.99e-01
 5.46024e+14	3.61e-10	1.30e-03	9.99e-01
 5.64564e+14	4.13e-10	1.39e-03	9.99e-01
 5.85231e+14	4.77e-10	1.50e-03	9.99e-01
 6.08670e+14	5.60e-10	1.62e-03	9.98e-01
 6.31545e+14	6.49e-10	1.75e-03	9.98e-01
 6.53226e+14	7.44e-10	1.87e-03	9.98e-01
 6.77277e+14	8.60e-10	2.01e-03	9.98e-01
 7.04398e+14	1.01e-09	2.17e-03	9.98e-01
 7.30992e+14	1.17e-09	2.34e-03	9.98e-01
 7.56406e+14	1.34e-09	2.51e-03	9.97e-01
 7.84449e+14	1.56e-09	2.69e-03	9.97e-01
 8.15857e+14	1.83e-09	2.91e-03	9.97e-01
 8.46872e+14	2.12e-09	3.14e-03	9.97e-01
 8.76850e+14	2.45e-09	3.37e-03	9.97e-01
 9.09678e+14	2.84e-09	3.62e-03	9.96e-01
 9.46095e+14	3.33e-09	3.92e-03	9.96e-01
 9.82370e+14	3.88e-09	4.23e-03	9.96e-01
 1.02010e+15	4.53e-09	4.56e-03	9.95e-01
 1.06093e+15	5.31e-09	4.94e-03	9.95e-01
 1.10208e+15	6.21e-09	5.33e-03	9.95e-01
 1.14488e+15	7.26e-09	5.76e-03	9.94e-01
 1.19071e+15	8.53e-09	6.23e-03	9.94e-01
 1.23728e+15	9.99e-09	6.74e-03	9.93e-01
 1.28571e+15	1.17e-08	7.28e-03	9.93e-01
 1.33717e+15	1.38e-08	7.89e-03	9.92e-01
 1.39068e+15	1.62e-08	8.55e-03	9.91e-01
 1.44634e+15	1.91e-08	9.26e-03	9.91e-01
 1.50423e+15	2.25e-08	1.00e-02	9.90e-01
 1.56442e+15	2.66e-08	1.09e-02	9.89e-01
 1.62703e+15	3.14e-08	1.18e-02	9.88e-01
 1.69214e+15	3.71e-08	1.28e-02	9.87e-01
 1.75986e+15	4.39e-08	1.40e-02	9.86e-01
 1.83028e+15	5.20e-08	1.52e-02	9.85e-01
 1.90352e+15	6.16e-08	1.65e-02	9.83e-01
 1.97969e+15	7.32e-08	1.80e-02	9.82e-01
 2.05891e+15	8.71e-08	1.97e-02	9.80e-01
 2.14130e+15	1.04e-07	2.16e-02	9.78e-01
 2.22698e+15	1.24e-07	2.37e-02	9.76e-01
 2.31609e+15	1.49e-07	2.60e-02	9.74e-01
 2.40876e+15	1.80e-07	2.87e-02	9.71e-01
 2.50514e+15	2.17e-07	3.19e-02	9.68e-01
 2.60538e+15	2.64e-07	3.55e-02	9.64e-01
 2.70962e+15	3.24e-07	3.99e-02	9.60e-01
 2.81804e+15	4.01e-07	4.51e-02	9.55e-01
 2.93079e+15	5.00e-07	5.15e-02	9.48e-01
 3.04805e+15	6.34e-07	5.96e-02	9.40e-01
 3.16491e+15	8.07e-07	6.96e-02	9.30e-01
 3.27306e+15	1.02e-06	8.13e-02	9.19e-01
 3.36979e+15	1.27e-06	9.46e-02	9.05e-01
 3.45734e+15	1.57e-06	1.10e-01	8.90e-01
 3.53802e+15	1.93e-06	1.28e-01	8.72e-01
 3.61235e+15	2.37e-06	1.49e-01	8.51e-01
 3.68006e+15	2.90e-06	1.74e-01	8.26e-01
 3.74131e+15	3.51e-06	2.02e-01	7.98e-01
 3.79708e+15	4.24e-06	2.35e-01	7.65e-01
 3.84835e+15	5.10e-06	2.73e-01	7.27e-01
 3.89582e+15	6.10e-06	3.17e-01	6.83e-01
 3.94014e+15	7.27e-06	3.67e-01	6.33e-01
 3.98204e+15	8.62e-06	4.23e-01	5.77e-01
 4.02238e+15	1.02e-05	4.87e-01	5.13e-01
 4.06214e+15	1.19e-05	5.58e-01	4.42e-01
 4.10785e+15	1.42e-05	6.45e-01	3.54e-01
 4.15831e+15	1.68e-05	7.41e-01	2.59e-01
 4.21494e+15	1.95e-05	8.34e-01	1.66e-01
 4.28855e+15	2.23e-05	9.16e-01	8.44e-02
 4.38425e+15	2.47e-05	9.68e-01	3.24e-02
 4.50865e+15	2.69e-05	9.90e-01	9.55e-03
 4.67038e+15	2.93e-05	9.98e-01	2.28e-03
 4.85704e+15	3.19e-05	9.99e-01	5.35e-04
 5.05135e+15	3.46e-05	1.00e+00	1.45e-04
 5.25344e+15	3.76e-05	1.00e+00	4.42e-05
 5.46360e+15	4.09e-05	1.00e+00	1.48e-05
 5.68218e+15	4.44e-05	1.00e+00	5.40e-06
 5.90949e+15	4.82e-05	1.00e+00	2.13e-06
 6.14590e+15	5.23e-05	1.00e+00	9.11e-07
 6.39177e+15	5.68e-05	1.00e+00	4.30e-07
 6.64747e+15	6.16e-05	1.00e+00	2.26e-07
 6.91340e+15	6.69e-05	1.00e+00	1.34e-07
 7.18997e+15	7.26e-05	1.00e+00	8.85e-08
 7.47759e+15	7.88e-05	1.00e+00	6.39e-08
 7.77673e+15	8.55e-05	1.00e+00	4.91e-08
 8.08783e+15	9.28e-05	1.00e+00	3.92e-08
 8.41137e+15	1.01e-04	1.00e+00	3.20e-08
 8.74785e+15	1.09e-04	1.00e+00	2.65e-08
 9.09780e+15	1.19e-04	1.00e+00	2.21e-08
 9.44922e+15	1.28e-04	1.00e+00	1.86e-08
 9.81470e+15	1.39e-04	1.00e+00	1.58e-08
 1.02073e+16	1.51e-04	1.00e+00	1.33e-08
 1.06156e+16	1.64e-04	1.00e+00	1.12e-08
 1.10302e+16	1.77e-04	1.00e+00	9.47e-09
 1.14614e+16	1.93e-04	1.00e+00	8.05e-09
 1.19198e+16	2.09e-04	1.00e+00	6.77e-09
 1.23967e+16	2.28e-04	1.00e+00	5.70e-09
 1.28926e+16	2.49e-04	1.00e+00	4.80e-09
 1.34083e+16	2.71e-04	1.00e+00	4.03e-09
 1.39447e+16	2.97e-04	1.00e+00	3.38e-09
 1.45025e+16	3.26e-04	1.00e+00	2.83e-09
 1.50826e+16	3.57e-04	1.00e+00	2.37e-09
 1.56859e+16	3.92e-04	1.00e+00	1.98e-09
 1.63134e+16	4.33e-04	1.00e+00	1.65e-09
 1.69521e+16	4.78e-04	1.00e+00	1.37e-09
 1.75887e+16	5.28e-04	9.99e-01	1.15e-09
 1.82646e+16	5.88e-04	9.99e-01	9.67e-10
 1.89643e+16	6.58e-04	9.99e-01	7.94e-10
 1.96227e+16	7.33e-04	9.99e-01	6.68e-10
 2.02525e+16	8.20e-04	9.99e-01	5.71e-10
 2.09723e+16	9.35e-04	9.99e-01	4.85e-10
 2.17272e+16	1.08e-03	9.99e-01	3.89e-10
 2.23549e+16	1.22e-03	9.99e-01	3.33e-10
 2.28981e+16	1.37e-03	9.99e-01	2.94e-10
 2.34163e+16	1.54e-03	9.98e-01	2.59e-10
 2.39177e+16	1.75e-03	9.98e-01	2.28e-10
 2.43198e+16	1.95e-03	9.98e-01	2.02e-10
 2.45538e+16	2.08e-03	9.98e-01	1.91e-10
 2.46995e+16	2.17e-03	9.98e-01	1.87e-10
 2.48539e+16	2.29e-03	9.98e-01	1.81e-10
 2.50546e+16	2.44e-03	9.98e-01	1.72e-10
 2.52566e+16	2.62e-03	9.97e-01	1.60e-10
 2.54095e+16	2.77e-03	9.97e-01	1.54e-10
 2.55326e+16	2.90e-03	9.97e-01	1.49e-10
 2.56681e+16	3.07e-03	9.97e-01	1.45e-10
 2.58123e+16	3.27e-03	9.97e-01	1.38e-10
 2.59330e+16	3.46e-03	9.97e-01	1.33e-10
 2.60333e+16	3.63e-03	9.96e-01	1.29e-10
 2.61422e+16	3.84e-03	9.96e-01	1.25e-10
 2.62558e+16	4.08e-03	9.96e-01	1.20e-10
 2.63486e+16	4.31e-03	9.96e-01	1.16e-10
 2.64266e+16	4.51e-03	9.95e-01	1.14e-10
 2.65123e+16	4.76e-03	9.95e-01	1.11e-10
 2.66025e+16	5.05e-03	9.95e-01	1.07e-10
 2.66770e+16	5.32e-03	9.95e-01	1.03e-10
 2.67396e+16	5.58e-03	9.94e-01	1.01e-10
 2.68087e+16	5.90e-03	9.94e-01	9.90e-11
 2.68813e+16	6.29e-03	9.94e-01	9.54e-11
 2.69413e+16	6.63e-03	9.93e-01	9.29e-11
 2.69923e+16	6.96e-03	9.93e-01	9.10e-11
 2.70487e+16	7.38e-03	9.93e-01	8.90e-11
 2.71080e+16	7.88e-03	9.92e-01	8.59e-11
 2.71577e+16	8.34e-03	9.92e-01	8.36e-11
 2.72007e+16	8.79e-03	9.91e-01	8.19e-11
 2.72483e+16	9.37e-03	9.91e-01	8.00e-11
 2.72986e+16	1.01e-02	9.90e-01	7.71e-11
 2.73410e+16	1.07e-02	9.89e-01	7.49e-11
 2.73780e+16	1.14e-02	9.89e-01	7.31e-11
 2.74191e+16	1.23e-02	9.88e-01	7.12e-11
 2.74633e+16	1.34e-02	9.87e-01	6.83e-11
 2.75015e+16	1.46e-02	9.85e-01	6.59e-11
 2.75340e+16	1.58e-02	9.84e-01	6.40e-11
 2.75630e+16	1.70e-02	9.83e-01	6.21e-11
 2.75947e+16	1.86e-02	9.81e-01	6.02e-11
 2.76283e+16	2.07e-02	9.79e-01	5.72e-11
 2.76562e+16	2.29e-02	9.77e-01	5.47e-11
 2.76792e+16	2.52e-02	9.75e-01	5.27e-11
 2.77040e+16	2.82e-02	9.72e-01	5.06e-11
 2.77299e+16	3.21e-02	9.68e-01	4.74e-11
 2.77508e+16	3.61e-02	9.64e-01	4.48e-11
 2.77653e+16	3.96e-02	9.60e-01	4.28e-11
 2.77752e+16	4.24e-02	9.58e-01	4.18e-11
 2.77854e+16	4.59e-02	9.54e-01	4.05e-11
 2.77967e+16	5.00e-02	9.50e-01	3.86e-11
 2.78069e+16	5.44e-02	9.46e-01	3.68e-11
 2.78156e+16	5.89e-02	9.41e-01	3.53e-11
 2.78234e+16	6.34e-02	9.37e-01	3.39e-11
 2.78309e+16	6.83e-02	9.32e-01	3.25e-11
 2.78384e+16	7.39e-02	9.26e-01	3.09e-11
 2.78455e+16	8.01e-02	9.20e-01	2.95e-11
 2.78522e+16	8.62e-02	9.14e-01	2.80e-11
 2.78584e+16	9.31e-02	9.07e-01	2.67e-11
 2.78645e+16	1.00e-01	9.00e-01	2.53e-11
 2.78712e+16	1.09e-01	8.91e-01	2.38e-11
 2.78779e+16	1.19e-01	8.81e-01	2.20e-11
 2.78836e+16	1.29e-01	8.71e-01	2.07e-11
 2.78887e+16	1.38e-01	8.62e-01	1.95e-11
 2.78937e+16	1.49e-01	8.51e-01	1.83e-11
 2.78989e+16	1.60e-01	8.40e-01	1.71e-11
 2.79039e+16	1.72e-01	8.28e-01	1.59e-11
 2.79085e+16	1.84e-01	8.16e-01	1.48e-11
 2.79126e+16	1.95e-01	8.05e-01	1.39e-11
 2.79157e+16	2.04e-01	7.96e-01	1.31e-11
 2.79179e+16	2.11e-01	7.89e-01	1.27e-11
 2.79202e+16	2.18e-01	7.82e-01	1.23e-11
 2.79226e+16	2.27e-01	7.73e-01	1.17e-11
 2.79253e+16	2.35e-01	7.65e-01	1.11e-11
 2.79278e+16	2.44e-01	7.56e-01	1.06e-11
 2.79303e+16	2.54e-01	7.46e-01	1.01e-11
 2.79328e+16	2.63e-01	7.37e-01	9.59e-12
 2.79353e+16	2.73e-01	7.27e-01	9.10e-12
 2.79378e+16	2.83e-01	7.17e-01	8.62e-12
 2.79403e+16	2.93e-01	7.07e-01	8.15e-12
 2.79427e+16	3.04e-01	6.96e-01	7.71e-12
 2.79452e+16	3.14e-01	6.86e-01	7.28e-12
 2.79477e+16	3.26e-01	6.74e-01	6.85e-12
 2.79501e+16	3.37e-01	6.63e-01	6.45e-12
 2.79526e+16	3.49e-01	6.51e-01	6.06e-12
 2.79550e+16	3.60e-01	6.40e-01	5.69e-12
 2.79575e+16	3.72e-01	6.28e-01	5.33e-12
 2.79599e+16	3.85e-01	6.15e-01	4.98e-12
 2.79623e+16	3.97e-01	6.03e-01	4.65e-12
 2.79647e+16	4.09e-01	5.91e-01	4.34e-12
 2.79671e+16	4.22e-01	5.78e-01	4.05e-12
 2.79695e+16	4.35e-01	5.65e-01	3.76e-12
 2.79719e+16	4.48e-01	5.52e-01	3.49e-12
 2.79742e+16	4.61e-01	5.39e-01	3.24e-12
 2.79766e+16	4.74e-01	5.26e-01	3.00e-12
 2.79790e+16	4.87e-01	5.13e-01	2.77e-12
 2.79813e+16	5.00e-01	5.00e-01	2.56e-12
 2.79836e+16	5.13e-01	4.87e-01	2.36e-12
 2.79859e+16	5.26e-01	4.74e-01	2.17e-12
 2.79882e+16	5.39e-01	4.61e-01	2.00e-12
 2.79905e+16	5.51e-01	4.49e-01	1.84e-12
 2.79927e+16	5.64e-01	4.36e-01	1.69e-12
 2.79949e+16	5.76e-01	4.24e-01	1.55e-12
 2.79971e+16	5.88e-01	4.12e-01	1.43e-12
 2.79992e+16	6.00e-01	4.00e-01	1.31e-12
 2.80014e+16	6.12e-01	3.88e-01	1.20e-12
 2.80034e+16	6.24e-01	3.76e-01	1.10e-12
 2.80055e+16	6.35e-01	3.65e-01	1.01e-12
 2.80076e+16	6.46e-01	3.54e-01	9.22e-13
 2.80096e+16	6.57e-01	3.43e-01	8.44e-13
 2.80116e+16	6.67e-01	3.33e-01	7.71e-13
 2.80136e+16	6.78e-01	3.22e-01	7.05e-13
 2.80156e+16	6.88e-01	3.12e-01	6.44e-13
 2.80175e+16	6.97e-01	3.03e-01	5.88e-13
 2.80194e+16	7.07e-01	2.93e-01	5.37e-13
 2.80214e+16	7.16e-01	2.84e-01	4.90e-13
 2.80232e+16	7.25e-01	2.75e-01	4.47e-13
 2.80251e+16	7.34e-01	2.66e-01	4.07e-13
 2.80270e+16	7.43e-01	2.57e-01	3.71e-13
 2.80288e+16	7.51e-01	2.49e-01	3.38e-13
 2.80307e+16	7.59e-01	2.41e-01	3.07e-13
 2.80325e+16	7.67e-01	2.33e-01	2.80e-13
 2.80343e+16	7.75e-01	2.25e-01	2.55e-13
 2.80361e+16	7.83e-01	2.17e-01	2.31e-13
 2.80379e+16	7.90e-01	2.10e-01	2.10e-13
 2.80397e+16	7.97e-01	2.03e-01	1.91e-13
 2.80415e+16	8.04e-01	1.96e-01	1.73e-13
 2.80432e+16	8.11e-01	1.89e-01	1.56e-13
 2.80450e+16	8.17e-01	1.83e-01	1.42e-13
 2.80467e+16	8.24e-01	1.76e-01	1.28e-13
 2.80485e+16	8.30e-01	1.70e-01	1.16e-13
 2.80502e+16	8.36e-01	1.64e-01	1.05e-13
 2.80520e+16	8.42e-01	1.58e-01	9.43e-14
 2.80537e+16	8.47e-01	1.53e-01	8.50e-14
 2.80554e+16	8.53e-01	1.47e-01	7.66e-14
 2.80571e+16	8.58e-01	1.42e-01	6.89e-14
 2.80588e+16	8.63e-01	1.37e-01	6.19e-14
 2.80605e+16	8.68e-01	1.32e-01	5.55e-14
 2.80622e+16	8.73e-01	1.27e-01	4.98e-14
 2.80638e+16	8.78e-01	1.22e-01	4.48e-14
 2.80654e+16	8.82e-01	1.18e-01	4.03e-14
 2.80669e+16	8.86e-01	1.14e-01	3.65e-14
 2.80683e+16	8.90e-01	1.10e-01	3.30e-14
 2.80697e+16	8.93e-01	1.07e-01	2.99e-14
 2.80711e+16	8.96e-01	1.04e-01	2.72e-14
 2.80723e+16	8.99e-01	1.01e-01	2.50e-14
 2.80733e+16	9.02e-01	9.81e-02	2.31e-14
 2.80743e+16	9.04e-01	9.58e-02	2.15e-14
 2.80752e+16	9.06e-01	9.38e-02	2.01e-14
 2.80761e+16	9.08e-01	9.19e-02	1.88e-14
 2.80768e+16	9.10e-01	9.02e-02	1.78e-14
 2.80775e+16	9.11e-01	8.87e-02	1.68e-14
 2.80781e+16	9.13e-01	8.73e-02	1.60e-14
 2.80788e+16	9.14e-01	8.58e-02	1.52e-14
 2.80795e+16	9.16e-01	8.43e-02	1.42e-14
 2.80802e+16	9.17e-01	8.29e-02	1.34e-14
 2.80808e+16	9.18e-01	8.16e-02	1.27e-14
 2.80813e+16	9.20e-01	8.04e-02	1.21e-14
 2.80819e+16	9.21e-01	7.91e-02	1.15e-14
 2.80826e+16	9.22e-01	7.78e-02	1.08e-14
 2.80832e+16	9.23e-01	7.67e-02	1.03e-14
 2.80837e+16	9.24e-01	7.56e-02	9.74e-15
 2.80842e+16	9.25e-01	7.46e-02	9.29e-15
 2.80848e+16	9.27e-01	7.35e-02	8.83e-15
 2.80853e+16	9.28e-01	7.23e-02	8.30e-15
 2.80859e+16	9.29e-01	7.13e-02	7.86e-15
 2.80864e+16	9.30e-01	7.04e-02	7.49e-15
 2.80868e+16	9.30e-01	6.95e-02	7.13e-15
 2.80872e+16	9.31e-01	6.88e-02	6.83e-15
 2.80876e+16	9.32e-01	6.79e-02	6.52e-15
 2.80881e+16	9.33e-01	6.70e-02	6.17e-15
 2.80885e+16	9.34e-01	6.63e-02	5.88e-15
 2.80889e+16	9.34e-01	6.55e-02	5.61e-15
 2.80893e+16	9.35e-01	6.48e-02	5.38e-15
 2.80897e+16	9.36e-01	6.41e-02	5.15e-15
 2.80902e+16	9.37e-01	6.31e-02	4.83e-15
 2.80907e+16	9.38e-01	6.21e-02	4.49e-15
 2.80912e+16	9.39e-01	6.12e-02	4.22e-15
 2.80917e+16	9.40e-01	6.04e-02	3.98e-15
 2.80921e+16	9.40e-01	5.97e-02	3.78e-15
 2.80925e+16	9.41e-01	5.91e-02	3.60e-15
 2.80929e+16	9.42e-01	5.83e-02	3.40e-15
 2.80933e+16	9.42e-01	5.75e-02	3.19e-15
 2.80937e+16	9.43e-01	5.69e-02	3.02e-15
 2.80941e+16	9.44e-01	5.63e-02	2.87e-15
 2.80944e+16	9.44e-01	5.57e-02	2.73e-15
 2.80947e+16	9.45e-01	5.52e-02	2.62e-15
 2.80951e+16	9.45e-01	5.46e-02	2.50e-15
 2.80955e+16	9.46e-01	5.39e-02	2.34e-15
 2.80960e+16	9.47e-01	5.31e-02	2.18e-15
 2.80964e+16	9.48e-01	5.25e-02	2.04e-15
 2.80968e+16	9.48e-01	5.19e-02	1.93e-15
 2.80971e+16	9.49e-01	5.13e-02	1.83e-15
 2.80974e+16	9.49e-01	5.09e-02	1.75e-15
 2.80978e+16	9.50e-01	5.03e-02	1.66e-15
 2.80982e+16	9.50e-01	4.96e-02	1.54e-15
 2.80987e+16	9.51e-01	4.89e-02	1.41e-15
 2.80992e+16	9.52e-01	4.83e-02	1.30e-15
 2.80996e+16	9.52e-01	4.78e-02	1.22e-15
 2.81000e+16	9.53e-01	4.73e-02	1.14e-15
 2.81003e+16	9.53e-01	4.68e-02	1.08e-15
 2.81007e+16	9.54e-01	4.63e-02	1.01e-15
 2.81012e+16	9.54e-01	4.56e-02	9.26e-16
 2.81017e+16	9.55e-01	4.49e-02	8.44e-16
 2.81022e+16	9.56e-01	4.44e-02	7.77e-16
 2.81026e+16	9.56e-01	4.39e-02	7.23e-16
 2.81030e+16	9.57e-01	4.34e-02	6.73e-16
 2.81033e+16	9.57e-01	4.29e-02	6.32e-16
 2.81037e+16	9.58e-01	4.25e-02	5.92e-16
 2.81042e+16	9.58e-01	4.18e-02	5.39e-16
 2.81048e+16	9.59e-01	4.12e-02	4.88e-16
 2.81053e+16	9.59e-01	4.07e-02	4.49e-16
 2.81057e+16	9.60e-01	4.02e-02	4.15e-16
 2.81062e+16	9.60e-01	3.97e-02	3.85e-16
 2.81065e+16	9.61e-01	3.93e-02	3.61e-16
 2.81069e+16	9.61e-01	3.89e-02	3.36e-16
 2.81075e+16	9.62e-01	3.83e-02	3.06e-16
 2.81081e+16	9.62e-01	3.77e-02	2.76e-16
 2.81086e+16	9.63e-01	3.72e-02	2.53e-16
 2.81091e+16	9.63e-01	3.67e-02	2.33e-16
 2.81095e+16	9.64e-01	3.63e-02	2.17e-16
 2.81100e+16	9.64e-01	3.59e-02	2.01e-16
 2.81105e+16	9.65e-01	3.54e-02	1.83e-16
 2.81110e+16	9.65e-01	3.49e-02	1.69e-16
 2.81114e+16	9.65e-01	3.46e-02	1.58e-16
 2.81119e+16	9.66e-01	3.42e-02	1.46e-16
 2.81125e+16	9.66e-01	3.36e-02	1.31e-16
 2.81131e+16	9.67e-01	3.30e-02	1.18e-16
 2.81137e+16	9.67e-01	3.26e-02	1.07e-16
 2.81143e+16	9.68e-01	3.21e-02	9.79e-17
 2.81148e+16	9.68e-01	3.17e-02	9.05e-17
 2.81153e+16	9.69e-01	3.13e-02	8.31e-17
 2.81159e+16	9.69e-01	3.09e-02	7.55e-17
 2.81164e+16	9.70e-01	3.04e-02	6.95e-17
 2.81170e+16	9.70e-01	3.00e-02	6.36e-17
 2.81176e+16	9.70e-01	2.95e-02	5.75e-17
 2.81182e+16	9.71e-01	2.91e-02	5.28e-17
 2.81188e+16	9.71e-01	2.87e-02	4.81e-17
 2.81195e+16	9.72e-01	2.82e-02	4.35e-17
 2.81201e+16	9.72e-01	2.78e-02	3.98e-17
 2.81208e+16	9.73e-01	2.73e-02	3.62e-17
 2.81215e+16	9.73e-01	2.68e-02	3.26e-17
 2.81222e+16	9.74e-01	2.64e-02	2.98e-17
 2.81228e+16	9.74e-01	2.60e-02	2.75e-17
 2.81235e+16	9.74e-01	2.55e-02	2.52e-17
 2.81242e+16	9.75e-01	2.51e-02	2.30e-17
 2.81248e+16	9.75e-01	2.46e-02	2.12e-17
 2.81256e+16	9.76e-01	2.42e-02	1.94e-17
 2.81263e+16	9.76e-01	2.37e-02	1.76e-17
 2.81270e+16	9.77e-01	2.32e-02	1.62e-17
 2.81278e+16	9.77e-01	2.27e-02	1.49e-17
 2.81286e+16	9.78e-01	2.22e-02	1.35e-17
 2.81294e+16	9.78e-01	2.17e-02	1.25e-17
 2.81302e+16	9.79e-01	2.11e-02	1.15e-17
 2.81311e+16	9.79e-01	2.06e-02	1.04e-17
 2.81319e+16	9.80e-01	2.01e-02	9.65e-18
 2.81328e+16	9.81e-01	1.95e-02	8.86e-18
 2.81338e+16	9.81e-01	1.89e-02	8.09e-18
 2.81346e+16	9.82e-01	1.83e-02	7.49e-18
 2.81356e+16	9.82e-01	1.77e-02	6.90e-18
 2.81366e+16	9.83e-01	1.71e-02	6.32e-18
 2.81376e+16	9.83e-01	1.66e-02	5.87e-18
 2.81386e+16	9.84e-01	1.60e-02	5.42e-18
 2.81397e+16	9.85e-01	1.54e-02	4.98e-18
 2.81407e+16	9.85e-01	1.48e-02	4.64e-18
 2.81418e+16	9.86e-01	1.42e-02	4.29e-18
 2.81430e+16	9.86e-01	1.37e-02	3.95e-18
 2.81441e+16	9.87e-01	1.31e-02	3.68e-18
 2.81453e+16	9.87e-01	1.26e-02	3.41e-18
 2.81466e+16	9.88e-01	1.20e-02	3.14e-18
 2.81478e+16	9.88e-01	1.15e-02	2.93e-18
 2.81491e+16	9.89e-01	1.10e-02	2.72e-18
 2.81508e+16	9.90e-01	1.03e-02	2.46e-18
 2.81528e+16	9.90e-01	9.58e-03	2.20e-18
 2.81549e+16	9.91e-01	8.87e-03	1.95e-18
 2.81571e+16	9.92e-01	8.21e-03	1.74e-18
 2.81593e+16	9.92e-01	7.57e-03	1.54e-18
 2.81616e+16	9.93e-01	6.95e-03	1.36e-18
 2.81641e+16	9.94e-01	6.34e-03	1.19e-18
 2.81668e+16	9.94e-01	5.77e-03	1.04e-18
 2.81695e+16	9.95e-01	5.21e-03	9.05e-19
 2.81725e+16	9.95e-01	4.68e-03	7.79e-19
 2.81756e+16	9.96e-01	4.18e-03	6.64e-19
 2.81790e+16	9.96e-01	3.69e-03	5.60e-19
 2.81827e+16	9.97e-01	3.23e-03	4.66e-19
 2.81866e+16	9.97e-01	2.80e-03	3.82e-19
 2.81910e+16	9.98e-01	2.40e-03	3.10e-19
 2.81957e+16	9.98e-01	2.02e-03	2.45e-19
 2.82010e+16	9.98e-01	1.67e-03	1.90e-19
 2.82070e+16	9.99e-01	1.35e-03	1.42e-19
 2.82138e+16	9.99e-01	1.06e-03	1.03e-19
 2.82217e+16	9.99e-01	7.99e-04	7.08e-20
 2.82309e+16	9.99e-01	5.77e-04	4.60e-20
 2.82409e+16	1.00e+00	4.10e-04	2.90e-20
 2.82508e+16	1.00e+00	2.92e-04	1.83e-20
 2.82608e+16	1.00e+00	2.08e-04	1.17e-20
 2.82708e+16	1.00e+00	1.48e-04	7.47e-21
 2.82807e+16	1.00e+00	1.07e-04	0.00e+00
 2.82907e+16	1.00e+00	7.64e-05	0.00e+00
 2.83007e+16	1.00e+00	5.50e-05	0.00e+00
 2.83106e+16	1.00e+00	3.96e-05	0.00e+00
 2.83206e+16	1.00e+00	2.86e-05	0.00e+00
 2.83305e+16	1.00e+00	2.06e-05	0.00e+00
 2.83405e+16	1.00e+00	1.49e-05	0.00e+00
 2.83505e+16	1.00e+00	1.07e-05	0.00e+00
 2.83604e+16	1.00e+00	7.77e-06	0.00e+00
 2.83704e+16	1.00e+00	5.63e-06	0.00e+00
 2.83803e+16	1.00e+00	4.08e-06	0.00e+00
 2.83903e+16	1.00e+00	2.96e-06	0.00e+00
 2.84003e+16	1.00e+00	2.15e-06	0.00e+00
 2.84102e+16	1.00e+00	1.56e-06	0.00e+00
 2.84202e+16	1.00e+00	1.13e-06	0.00e+00
 2.84301e+16	1.00e+00	8.23e-07	0.00e+00
 2.84401e+16	1.00e+00	5.98e-07	0.00e+00
 2.84501e+16	1.00e+00	4.34e-07	0.00e+00
 2.84600e+16	1.00e+00	3.16e-07	0.00e+00
 2.84700e+16	1.00e+00	2.31e-07	0.00e+00
 2.84799e+16	1.00e+00	1.68e-07	0.00e+00
 2.84899e+16	1.00e+00	1.22e-07	0.00e+00
 2.84999e+16	1.00e+00	8.89e-08	0.00e+00
 2.85098e+16	1.00e+00	6.50e-08	0.00e+00
 2.85198e+16	1.00e+00	4.74e-08	0.00e+00
 2.85297e+16	1.00e+00	3.45e-08	0.00e+00
 2.85397e+16	1.00e+00	2.52e-08	0.00e+00
 2.85497e+16	1.00e+00	1.84e-08	0.00e+00
 2.85596e+16	1.00e+00	1.34e-08	0.00e+00
 2.85696e+16	1.00e+00	9.80e-09	0.00e+00
 2.85795e+16	1.00e+00	7.16e-09	0.00e+00
 2.85895e+16	1.00e+00	5.24e-09	0.00e+00
 2.85995e+16	1.00e+00	3.82e-09	0.00e+00
 2.86094e+16	1.00e+00	2.80e-09	0.00e+00
 2.86194e+16	1.00e+00	2.05e-09	0.00e+00
 2.86293e+16	1.00e+00	1.49e-09	0.00e+00
 2.86393e+16	1.00e+00	1.09e-09	0.00e+00
 2.86492e+16	1.00e+00	8.00e-10	0.00e+00
 2.86592e+16	1.00e+00	5.86e-10	0.00e+00
 2.86692e+16	1.00e+00	4.29e-10	0.00e+00
 2.86791e+16	1.00e+00	3.14e-10	0.00e+00
 2.86891e+16	1.00e+00	2.30e-10	0.00e+00
 2.86990e+16	1.00e+00	1.68e-10	0.00e+00
 2.87090e+16	1.00e+00	1.23e-10	0.00e+00
 2.87189e+16	1.00e+00	9.04e-11	0.00e+00
 2.87289e+16	1.00e+00	6.62e-11	0.00e+00
 2.87389e+16	1.00e+00	4.86e-11	0.00e+00
 2.87488e+16	1.00e+00	3.56e-11	0.00e+00
 2.87588e+16	1.00e+00	2.61e-11	0.00e+00
 2.87687e+16	1.00e+00	1.91e-11	0.00e+00
 2.87787e+16	1.00e+00	1.40e-11	0.00e+00
 2.87887e+16	1.00e+00	1.03e-11	0.00e+00
 2.87986e+16	1.00e+00	7.55e-12	0.00e+00
 2.88086e+16	1.00e+00	5.54e-12	0.00e+00
 2.88185e+16	1.00e+00	4.06e-12	0.00e+00
 2.88285e+16	1.00e+00	2.98e-12	0.00e+00
 2.88384e+16	1.00e+00	2.19e-12	0.00e+00
 2.88484e+16	1.00e+00	1.61e-12	0.00e+00
 2.88584e+16	1.00e+00	1.18e-12	0.00e+00
 2.88683e+16	1.00e+00	8.66e-13	0.00e+00
 2.88783e+16	1.00e+00	6.35e-13	0.00e+00
 2.88882e+16	1.00e+00	4.67e-13	0.00e+00
 2.88982e+16	1.00e+00	3.43e-13	0.00e+00
 2.89096e+16	1.00e+00	2.38e-13	0.00e+00
 2.89245e+16	1.00e+00	1.49e-13	0.00e+00
 2.89439e+16	1.00e+00	8.07e-14	0.00e+00
 2.89690e+16	1.00e+00	3.68e-14	0.00e+00
 2.90017e+16	1.00e+00	1.34e-14	0.00e+00
 2.90443e+16	1.00e+00	3.70e-15	0.00e+00
 2.90995e+16	1.00e+00	7.49e-16	0.00e+00
 2.91714e+16	1.00e+00	1.39e-16	0.00e+00
 2.92648e+16	1.00e+00	5.86e-17	0.00e+00
 2.93862e+16	1.00e+00	4.84e-17	0.00e+00
 2.95441e+16	1.00e+00	4.26e-17	0.00e+00
 2.97313e+16	1.00e+00	3.69e-17	0.00e+00
 2.99274e+16	1.00e+00	3.19e-17	0.00e+00
 3.01268e+16	1.00e+00	2.75e-17	0.00e+00
 3.03360e+16	1.00e+00	2.34e-17	0.00e+00
 3.05576e+16	1.00e+00	1.98e-17	0.00e+00
 3.07932e+16	1.00e+00	1.67e-17	0.00e+00
 3.10455e+16	1.00e+00	1.38e-17	0.00e+00
 3.13147e+16	1.00e+00	1.13e-17	0.00e+00
 3.16008e+16	1.00e+00	9.21e-18	0.00e+00
 3.19045e+16	1.00e+00	7.39e-18	0.00e+00
 3.22254e+16	1.00e+00	5.87e-18	0.00e+00
 3.25658e+16	1.00e+00	4.61e-18	0.00e+00
 3.29269e+16	1.00e+00	3.58e-18	0.00e+00
 3.33109e+16	1.00e+00	2.74e-18	0.00e+00
 3.37219e+16	1.00e+00	2.07e-18	0.00e+00
 3.41599e+16	1.00e+00	1.55e-18	0.00e+00
 3.46256e+16	1.00e+00	1.14e-18	0.00e+00
 3.51280e+16	1.00e+00	8.32e-19	0.00e+00
 3.56735e+16	1.00e+00	5.98e-19	0.00e+00
 3.62596e+16	1.00e+00	4.29e-19	0.00e+00
 3.68877e+16	1.00e+00	3.10e-19	0.00e+00
 3.75634e+16	1.00e+00	2.27e-19	0.00e+00
 3.82911e+16	1.00e+00	1.71e-19	0.00e+00
 3.90728e+16	1.00e+00	1.34e-19	0.00e+00
 3.99104e+16	1.00e+00	1.10e-19	0.00e+00
 4.08086e+16	1.00e+00	9.63e-20	0.00e+00
 4.17732e+16	1.00e+00	8.80e-20	0.00e+00
 4.28088e+16	1.00e+00	8.35e-20	0.00e+00
 4.39218e+16	1.00e+00	8.13e-20	0.00e+00
 4.51207e+16	1.00e+00	8.06e-20	0.00e+00
 4.64120e+16	1.00e+00	8.07e-20	0.00e+00
 4.78090e+16	1.00e+00	8.13e-20	0.00e+00
 4.93237e+16	1.00e+00	8.22e-20	0.00e+00
 5.09653e+16	1.00e+00	8.32e-20	0.00e+00
 5.27536e+16	1.00e+00	8.42e-20	0.00e+00
 5.47137e+16	1.00e+00	8.53e-20	0.00e+00
 5.68546e+16	1.00e+00	8.64e-20	0.00e+00
 5.91288e+16	1.00e+00	8.74e-20	0.00e+00
 6.14940e+16	1.00e+00	8.83e-20	0.00e+00
 6.39538e+16	1.00e+00	8.91e-20	0.00e+00
 6.65120e+16	1.00e+00	8.99e-20	0.00e+00
 6.91725e+16	1.00e+00	9.05e-20	0.00e+00
 7.19394e+16	1.00e+00	9.10e-20	0.00e+00
 7.48171e+16	1.00e+00	9.13e-20	0.00e+00
 7.78098e+16	1.00e+00	9.16e-20	0.00e+00
 8.09222e+16	1.00e+00	9.19e-20	0.00e+00
 8.41591e+16	1.00e+00	9.20e-20	0.00e+00
 8.75255e+16	1.00e+00	9.20e-20	0.00e+00
 9.10265e+16	1.00e+00	9.20e-20	0.00e+00
 9.46676e+16	1.00e+00	9.19e-20	0.00e+00
 9.84544e+16	1.00e+00	9.14e-20	0.00e+00
 1.02393e+17	1.00e+00	9.09e-20	0.00e+00
 1.06488e+17	1.00e+00	9.01e-20	0.00e+00
 1.10748e+17	1.00e+00	8.89e-20	0.00e+00
 1.15178e+17	1.00e+00	8.76e-20	0.00e+00
 1.19785e+17	1.00e+00	8.58e-20	0.00e+00
 1.24576e+17	1.00e+00	8.38e-20	0.00e+00
 1.29559e+17	1.00e+00	8.24e-20	0.00e+00
 1.34742e+17	1.00e+00	7.98e-20	0.00e+00
 1.40132e+17	1.00e+00	7.63e-20	0.00e+00
 1.45703e+17	1.00e+00	7.20e-20	0.00e+00
 1.51259e+17	1.00e+00	6.70e-20	0.00e+00
 1.56567e+17	1.00e+00	5.41e-20	0.00e+00
 1.60717e+17	1.00e+00	5.26e-20	0.00e+00
 1.64336e+17	1.00e+00	4.68e-20	0.00e+00
 1.67920e+17	1.00e+00	4.52e-20	0.00e+00
 1.71458e+17	1.00e+00	4.15e-20	0.00e+00
 1.76058e+17	1.00e+00	3.91e-20	0.00e+00
 1.82037e+17	1.00e+00	3.54e-20	0.00e+00
 1.89125e+17	1.00e+00	2.75e-20	0.00e+00
 1.94733e+17	1.00e+00	2.34e-20	0.00e+00
 1.98498e+17	1.00e+00	2.24e-20	0.00e+00
 2.02788e+17	1.00e+00	2.09e-20	0.00e+00
 2.08365e+17	1.00e+00	1.95e-20	0.00e+00
 2.15615e+17	1.00e+00	1.60e-20	0.00e+00
 2.23322e+17	1.00e+00	1.37e-20	0.00e+00
 2.31459e+17	1.00e+00	1.27e-20	0.00e+00
 2.40705e+17	1.00e+00	1.04e-20	0.00e+00
 2.50040e+17	1.00e+00	8.88e-21	0.00e+00
 2.59750e+17	1.00e+00	7.91e-21	0.00e+00
 2.70140e+17	1.00e+00	6.77e-21	0.00e+00
 2.80946e+17	1.00e+00	5.89e-21	0.00e+00
 2.92183e+17	1.00e+00	5.16e-21	0.00e+00
 3.03871e+17	1.00e+00	4.55e-21	0.00e+00
 3.15365e+17	1.00e+00	4.03e-21	0.00e+00
 3.26455e+17	1.00e+00	3.61e-21	0.00e+00
 3.37839e+17	1.00e+00	3.29e-21	0.00e+00
 3.49728e+17	1.00e+00	2.96e-21	0.00e+00
 3.62032e+17	1.00e+00	2.68e-21	0.00e+00
 3.74103e+17	1.00e+00	2.41e-21	0.00e+00
 3.85261e+17	1.00e+00	2.21e-21	0.00e+00
 3.95912e+17	1.00e+00	2.04e-21	0.00e+00
 4.06702e+17	1.00e+00	1.89e-21	0.00e+00
 4.17677e+17	1.00e+00	1.75e-21	0.00e+00
 4.28580e+17	1.00e+00	1.63e-21	0.00e+00
 4.39248e+17	1.00e+00	1.52e-21	0.00e+00
 4.49634e+17	1.00e+00	1.42e-21	0.00e+00
 4.59712e+17	1.00e+00	1.34e-21	0.00e+00
 4.69419e+17	1.00e+00	1.27e-21	0.00e+00
 4.78715e+17	1.00e+00	1.20e-21	0.00e+00
 4.87604e+17	1.00e+00	1.14e-21	0.00e+00
 4.96035e+17	1.00e+00	1.09e-21	0.00e+00
 5.03961e+17	1.00e+00	1.05e-21	0.00e+00
 5.11392e+17	1.00e+00	1.01e-21	0.00e+00
 5.18356e+17	1.00e+00	9.71e-22	0.00e+00
 5.24882e+17	1.00e+00	9.41e-22	0.00e+00
 5.30999e+17	1.00e+00	9.13e-22	0.00e+00
 5.36726e+17	1.00e+00	8.88e-22	0.00e+00
 5.42076e+17	1.00e+00	8.65e-22	0.00e+00
 5.47074e+17	1.00e+00	8.45e-22	0.00e+00
 5.51748e+17	1.00e+00	8.27e-22	0.00e+00
 5.56126e+17	1.00e+00	8.11e-22	0.00e+00
 5.60233e+17	1.00e+00	7.98e-22	0.00e+00
 5.64089e+17	1.00e+00	7.85e-22	0.00e+00
 5.67707e+17	1.00e+00	7.72e-22	0.00e+00
 5.71103e+17	1.00e+00	7.60e-22	0.00e+00
 5.74295e+17	1.00e+00	7.49e-22	0.00e+00
 5.77299e+17	1.00e+00	7.41e-22	0.00e+00
 5.80131e+17	1.00e+00	7.32e-22	0.00e+00
 5.82801e+17	1.00e+00	7.22e-22	0.00e+00
 5.85319e+17	1.00e+00	7.15e-22	0.00e+00
 5.87695e+17	1.00e+00	7.07e-22	0.00e+00
 5.89939e+17	1.00e+00	7.01e-22	0.00e+00
 5.92061e+17	1.00e+00	6.94e-22	0.00e+00
 5.94070e+17	1.00e+00	6.89e-22	0.00e+00
 5.95972e+17	1.00e+00	6.83e-22	0.00e+00
 5.97773e+17	1.00e+00	6.79e-22	0.00e+00
 5.99480e+17	1.00e+00	6.74e-22	0.00e+00
 6.01099e+17	1.00e+00	6.71e-22	0.00e+00
 6.02635e+17	1.00e+00	6.67e-22	0.00e+00
 6.04095e+17	1.00e+00	6.64e-22	0.00e+00
 6.05482e+17	1.00e+00	6.63e-22	0.00e+00
 6.06802e+17	1.00e+00	6.63e-22	0.00e+00
 6.08057e+17	1.00e+00	6.64e-22	0.00e+00
 6.09252e+17	1.00e+00	6.66e-22	0.00e+00
 6.10391e+17	1.00e+00	6.69e-22	0.00e+00
 6.11477e+17	1.00e+00	6.75e-22	0.00e+00
 6.12514e+17	1.00e+00	6.82e-22	0.00e+00
 6.13505e+17	1.00e+00	6.92e-22	0.00e+00
 6.14452e+17	1.00e+00	7.03e-22	0.00e+00
 6.15358e+17	1.00e+00	7.17e-22	0.00e+00
 6.16227e+17	1.00e+00	7.32e-22	0.00e+00
 6.17060e+17	1.00e+00	7.50e-22	0.00e+00
 6.17860e+17	1.00e+00	7.69e-22	0.00e+00
 6.18630e+17	1.00e+00	7.90e-22	0.00e+00
 6.19371e+17	1.00e+00	8.13e-22	0.00e+00
 6.20086e+17	1.00e+00	8.37e-22	0.00e+00
 6.20777e+17	1.00e+00	8.62e-22	0.00e+00
 6.21446e+17	1.00e+00	8.87e-22	0.00e+00
 6.22095e+17	1.00e+00	9.12e-22	0.00e+00
 6.22726e+17	1.00e+00	9.37e-22	0.00e+00
 6.23341e+17	1.00e+00	9.60e-22	0.00e+00
 6.23943e+17	1.00e+00	9.83e-22	0.00e+00
 6.24532e+17	1.00e+00	1.00e-21	0.00e+00
 6.25113e+17	1.00e+00	1.02e-21	0.00e+00
 6.25686e+17	1.00e+00	1.03e-21	0.00e+00
 6.26255e+17	1.00e+00	1.04e-21	0.00e+00
 6.26822e+17	1.00e+00	1.05e-21	0.00e+00
 6.27390e+17	1.00e+00	1.05e-21	0.00e+00
 6.27962e+17	1.00e+00	1.04e-21	0.00e+00
 6.28542e+17	1.00e+00	1.03e-21	0.00e+00
 6.29134e+17	1.00e+00	1.01e-21	0.00e+00
 6.29744e+17	1.00e+00	9.83e-22	0.00e+00
 6.30378e+17	1.00e+00	9.48e-22	0.00e+00
 6.31043e+17	1.00e+00	9.07e-22	0.00e+00
 6.31749e+17	1.00e+00	8.59e-22	0.00e+00
 6.32508e+17	1.00e+00	8.06e-22	0.00e+00
 6.33335e+17	1.00e+00	7.52e-22	0.00e+00
 6.34252e+17	1.00e+00	6.99e-22	0.00e+00
 6.35286e+17	1.00e+00	6.53e-22	0.00e+00
 6.36474e+17	1.00e+00	6.16e-22	0.00e+00
 6.37871e+17	1.00e+00	5.90e-22	0.00e+00
 6.39552e+17	1.00e+00	5.76e-22	0.00e+00
 6.41625e+17	1.00e+00	5.67e-22	0.00e+00
 6.44251e+17	1.00e+00	5.62e-22	0.00e+00
 6.47644e+17	1.00e+00	5.53e-22	0.00e+00
 6.52055e+17	1.00e+00	5.44e-22	0.00e+00
 6.57790e+17	1.00e+00	5.32e-22	0.00e+00
 6.65245e+17	1.00e+00	5.17e-22	0.00e+00
 6.74937e+17	1.00e+00	4.98e-22	0.00e+00
 6.87536e+17	1.00e+00	4.76e-22	0.00e+00
 7.03914e+17	1.00e+00	4.48e-22	0.00e+00
 7.25207e+17	1.00e+00	4.15e-22	0.00e+00
 7.51986e+17	1.00e+00	3.78e-22	0.00e+00
 7.79221e+17	1.00e+00	3.44e-22	0.00e+00
 8.01904e+17	1.00e+00	3.19e-22	0.00e+00
 8.21879e+17	1.00e+00	3.01e-22	0.00e+00
 8.41085e+17	1.00e+00	2.84e-22	0.00e+00
 8.59270e+17	1.00e+00	2.68e-22	0.00e+00
 8.75730e+17	1.00e+00	2.55e-22	0.00e+00
 8.90238e+17	1.00e+00	2.45e-22	0.00e+00
 9.03179e+17	1.00e+00	2.36e-22	0.00e+00
 9.14860e+17	1.00e+00	2.28e-22	0.00e+00
 9.25322e+17	1.00e+00	2.22e-22	0.00e+00
 9.34609e+17	1.00e+00	2.16e-22	0.00e+00
 9.42806e+17	1.00e+00	2.11e-22	0.00e+00
 9.49361e+17	1.00e+00	2.07e-22	0.00e+00
 9.53771e+17	1.00e+00	2.05e-22	0.00e+00
 9.56460e+17	1.00e+00	2.04e-22	0.00e+00
 9.58074e+17	1.00e+00	2.03e-22	0.00e+00
 9.59042e+17	1.00e+00	2.23e-22	0.00e+00
 9.59663e+17	1.00e+00	4.14e-22	0.00e+00
 9.60183e+17	1.00e+00	7.25e-22	0.00e+00
 9.60716e+17	1.00e+00	7.30e-22	0.00e+00
 9.61245e+17	1.00e+00	6.80e-22	0.00e+00
 9.61726e+17	1.00e+00	7.49e-22	0.00e+00
 9.62191e+17	1.00e+00	8.99e-22	0.00e+00
 9.62640e+17	1.00e+00	8.36e-22	0.00e+00
 9.63040e+17	1.00e+00	9.97e-22	0.00e+00
 9.63402e+17	1.00e+00	1.12e-21	0.00e+00
 9.63751e+17	1.00e+00	1.27e-21	0.00e+00
 9.64096e+17	1.00e+00	1.24e-21	0.00e+00
 9.64409e+17	1.00e+00	1.32e-21	0.00e+00
 9.64702e+17	1.00e+00	1.48e-21	0.00e+00
 9.64996e+17	1.00e+00	1.51e-21	0.00e+00
 9.65268e+17	1.00e+00	1.51e-21	0.00e+00
 9.65511e+17	1.00e+00	1.69e-21	0.00e+00
 9.65756e+17	1.00e+00	1.79e-21	0.00e+00
 9.66002e+17	1.00e+00	1.74e-21	0.00e+00
 9.66230e+17	1.00e+00	1.79e-21	0.00e+00
 9.66442e+17	1.00e+00	1.90e-21	0.00e+00
 9.66649e+17	1.00e+00	1.96e-21	0.00e+00
 9.66865e+17	1.00e+00	1.99e-21	0.00e+00
 9.67071e+17	1.00e+00	1.90e-21	0.00e+00
 9.67257e+17	1.00e+00	2.05e-21	0.00e+00
 9.67444e+17	1.00e+00	2.11e-21	0.00e+00
 9.67634e+17	1.00e+00	2.11e-21	0.00e+00
 9.67824e+17	1.00e+00	2.08e-21	0.00e+00
 9.68006e+17	1.00e+00	2.12e-21	0.00e+00
 9.68183e+17	1.00e+00	2.15e-21	0.00e+00
 9.68361e+17	1.00e+00	2.17e-21	0.00e+00
 9.68539e+17	1.00e+00	2.17e-21	0.00e+00
 9.68715e+17	1.00e+00	2.18e-21	0.00e+00
 9.68885e+17	1.00e+00	2.18e-21	0.00e+00
 9.69066e+17	1.00e+00	2.22e-21	0.00e+00
 9.69248e+17	1.00e+00	2.10e-21	0.00e+00
 9.69420e+17	1.00e+00	2.17e-21	0.00e+00
 9.69597e+17	1.00e+00	2.18e-21	0.00e+00
 9.69780e+17	1.00e+00	2.15e-21	0.00e+00
 9.69967e+17	1.00e+00	2.11e-21	0.00e+00
 9.70152e+17	1.00e+00	2.10e-21	0.00e+00
 9.70333e+17	1.00e+00	2.09e-21	0.00e+00
 9.70526e+17	1.00e+00	2.13e-21	0.00e+00
 9.70730e+17	1.00e+00	1.98e-21	0.00e+00
 9.70925e+17	1.00e+00	2.00e-21	0.00e+00
 9.71118e+17	1.00e+00	2.02e-21	0.00e+00
 9.71326e+17	1.00e+00	2.02e-21	0.00e+00
 9.71542e+17	1.00e+00	1.89e-21	0.00e+00
 9.71751e+17	1.00e+00	1.90e-21	0.00e+00
 9.71956e+17	1.00e+00	1.91e-21	0.00e+00
 9.72180e+17	1.00e+00	1.93e-21	0.00e+00
 9.72421e+17	1.00e+00	1.75e-21	0.00e+00
 9.72653e+17	1.00e+00	1.74e-21	0.00e+00
 9.72884e+17	1.00e+00	1.76e-21	0.00e+00
 9.73130e+17	1.00e+00	1.75e-21	0.00e+00
 9.73384e+17	1.00e+00	1.62e-21	0.00e+00
 9.73638e+17	1.00e+00	1.65e-21	0.00e+00
 9.73896e+17	1.00e+00	1.59e-21	0.00e+00
 9.74164e+17	1.00e+00	1.60e-21	0.00e+00
 9.74434e+17	1.00e+00	1.50e-21	0.00e+00
 9.74707e+17	1.00e+00	1.54e-21	0.00e+00
 9.74997e+17	1.00e+00	1.46e-21	0.00e+00
 9.75297e+17	1.00e+00	1.39e-21	0.00e+00
 9.75597e+17	1.00e+00	1.34e-21	0.00e+00
 9.75898e+17	1.00e+00	1.36e-21	0.00e+00
 9.76203e+17	1.00e+00	1.33e-21	0.00e+00
 9.76522e+17	1.00e+00	1.31e-21	0.00e+00
 9.76855e+17	1.00e+00	1.21e-21	0.00e+00
 9.77190e+17	1.00e+00	1.18e-21	0.00e+00
 9.77525e+17	1.00e+00	1.17e-21	0.00e+00
 9.77870e+17	1.00e+00	1.17e-21	0.00e+00
 9.78229e+17	1.00e+00	1.08e-21	0.00e+00
 9.78598e+17	1.00e+00	1.06e-21	0.00e+00
 9.78966e+17	1.00e+00	9.99e-22	0.00e+00
 9.79335e+17	1.00e+00	1.03e-21	0.00e+00
 9.79721e+17	1.00e+00	9.82e-22	0.00e+00
 9.80128e+17	1.00e+00	9.19e-22	0.00e+00
 9.80538e+17	1.00e+00	8.42e-22	0.00e+00
 9.80953e+17	1.00e+00	8.73e-22	0.00e+00
 9.81374e+17	1.00e+00	8.01e-22	0.00e+00
 9.81791e+17	1.00e+00	8.28e-22	0.00e+00
 9.82222e+17	1.00e+00	7.99e-22	0.00e+00
 9.82673e+17	1.00e+00	7.48e-22	0.00e+00
 9.83133e+17	1.00e+00	6.88e-22	0.00e+00
 9.83592e+17	1.00e+00	6.90e-22	0.00e+00
 9.84057e+17	1.00e+00	6.68e-22	0.00e+00
 9.84530e+17	1.00e+00	6.55e-22	0.00e+00
 9.85015e+17	1.00e+00	6.19e-22	0.00e+00
 9.85507e+17	1.00e+00	5.89e-22	0.00e+00
 9.86014e+17	1.00e+00	5.76e-22	0.00e+00
 9.86531e+17	1.00e+00	5.20e-22	0.00e+00
 9.87042e+17	1.00e+00	5.28e-22	0.00e+00
 9.87558e+17	1.00e+00	5.21e-22	0.00e+00
 9.88109e+17	1.00e+00	5.01e-22	0.00e+00
 9.88680e+17	1.00e+00	4.05e-22	0.00e+00
 9.89229e+17	1.00e+00	4.29e-22	0.00e+00
 9.89780e+17	1.00e+00	4.44e-22	0.00e+00
 9.90358e+17	1.00e+00	4.12e-22	0.00e+00
 9.90960e+17	1.00e+00	3.66e-22	0.00e+00
 9.91583e+17	1.00e+00	3.44e-22	0.00e+00
 9.92213e+17	1.00e+00	3.10e-22	0.00e+00
 9.92846e+17	1.00e+00	3.19e-22	0.00e+00
 9.93492e+17	1.00e+00	2.94e-22	0.00e+00
 9.94166e+17	1.00e+00	2.86e-22	0.00e+00
 9.94863e+17	1.00e+00	2.42e-22	0.00e+00
 9.95513e+17	1.00e+00	2.45e-22	0.00e+00
 9.96087e+17	1.00e+00	2.99e-22	0.00e+00
 9.96605e+17	1.00e+00	3.70e-22	0.00e+00
 9.97090e+17	1.00e+00	4.16e-22	0.00e+00
 9.97554e+17	1.00e+00	4.48e-22	0.00e+00
 9.97996e+17	1.00e+00	4.74e-22	0.00e+00
 9.98416e+17	1.00e+00	5.07e-22	0.00e+00
 9.98816e+17	1.00e+00	5.41e-22	0.00e+00
 9.99198e+17	1.00e+00	5.76e-22	0.00e+00
 9.99564e+17	1.00e+00	6.07e-22	0.00e+00
 9.99916e+17	1.00e+00	6.35e-22	0.00e+00
 1.00026e+18	1.00e+00	6.62e-22	0.00e+00
 1.00058e+18	1.00e+00	6.90e-22	0.00e+00
 1.00090e+18	1.00e+00	7.18e-22	0.00e+00
 1.00120e+18	1.00e+00	7.45e-22	0.00e+00
 1.00149e+18	1.00e+00	7.71e-22	0.00e+00
 1.00177e+18	1.00e+00	7.97e-22	0.00e+00
 1.00204e+18	1.00e+00	8.23e-22	0.00e+00
 1.00231e+18	1.00e+00	8.46e-22	0.00e+00
 1.00256e+18	1.00e+00	8.67e-22	0.00e+00
 1.00281e+18	1.00e+00	8.91e-22	0.00e+00
 1.00304e+18	1.00e+00	9.20e-22	0.00e+00
 1.00328e+18	1.00e+00	9.36e-22	0.00e+00
 1.00350e+18	1.00e+00	9.57e-22	0.00e+00
 1.00372e+18	1.00e+00	9.74e-22	0.00e+00
 1.00393e+18	1.00e+00	9.90e-22	0.00e+00
 1.00413e+18	1.00e+00	1.02e-21	0.00e+00
 1.00433e+18	1.00e+00	1.03e-21	0.00e+00
 1.00453e+18	1.00e+00	1.04e-21	0.00e+00
 1.00472e+18	1.00e+00	1.05e-21	0.00e+00
 1.00491e+18	1.00e+00	1.07e-21	0.00e+00
 1.00509e+18	1.00e+00	1.08e-21	0.00e+00
 1.00527e+18	1.00e+00	1.09e-21	0.00e+00
 1.00547e+18	1.00e+00	1.10e-21	0.00e+00
 1.00574e+18	1.00e+00	9.63e-22	0.00e+00
 1.00608e+18	1.00e+00	7.60e-22	0.00e+00
 1.00653e+18	1.00e+00	5.46e-22	0.00e+00
 1.00711e+18	1.00e+00	3.58e-22	0.00e+00
 1.00785e+18	1.00e+00	2.20e-22	0.00e+00
 1.00865e+18	1.00e+00	1.48e-22	0.00e+00
 1.00935e+18	1.00e+00	1.64e-22	0.00e+00
 1.00994e+18	1.00e+00	2.27e-22	0.00e+00
 1.01050e+18	1.00e+00	2.81e-22	0.00e+00
 1.01106e+18	1.00e+00	2.86e-22	0.00e+00
 1.01162e+18	1.00e+00	2.73e-22	0.00e+00
 1.01219e+18	1.00e+00	2.71e-22	0.00e+00
