#depth	O	O+	O+2	O+3	O+4	O+5	O+6	O+7	O+8	O[1]	O[2]	O[3]
 1.49634e+10	0.00e+00	3.06e-27	7.24e-17	9.92e-09	3.26e-03	3.38e-01	6.59e-01	0.00e+00	0.00e+00	0.00e+00	0.00e+00	0.00e+00
 4.54887e+10	3.27e-39	4.32e-27	9.54e-17	1.22e-08	3.70e-03	3.57e-01	6.40e-01	4.49e-08	0.00e+00	0.00e+00	0.00e+00	0.00e+00
 7.72350e+10	0.00e+00	6.07e-27	1.25e-16	1.49e-08	4.21e-03	3.75e-01	6.20e-01	0.00e+00	0.00e+00	0.00e+00	0.00e+00	0.00e+00
 1.10251e+11	7.37e-39	8.50e-27	1.64e-16	1.82e-08	4.77e-03	3.95e-01	6.00e-01	0.00e+00	0.00e+00	0.00e+00	0.00e+00	0.00e+00
 1.44588e+11	0.00e+00	1.18e-26	2.15e-16	2.23e-08	5.39e-03	4.15e-01	5.80e-01	0.00e+00	0.00e+00	0.00e+00	0.00e+00	0.00e+00
 1.80298e+11	1.62e-38	1.65e-26	2.80e-16	2.71e-08	6.09e-03	4.35e-01	5.59e-01	0.00e+00	0.00e+00	0.00e+00	0.00e+00	0.00e+00
 2.17437e+11	0.00e+00	2.27e-26	3.63e-16	3.29e-08	6.86e-03	4.55e-01	5.38e-01	0.00e+00	0.00e+00	0.00e+00	0.00e+00	0.00e+00
 2.56061e+11	3.50e-38	3.13e-26	4.70e-16	3.99e-08	7.72e-03	4.76e-01	5.16e-01	0.00e+00	0.00e+00	0.00e+00	0.00e+00	0.00e+00
 2.96231e+11	0.00e+00	4.29e-26	6.07e-16	4.83e-08	8.66e-03	4.97e-01	4.95e-01	0.00e+00	0.00e+00	0.00e+00	0.00e+00	0.00e+00
 3.38007e+11	7.36e-38	5.85e-26	7.80e-16	5.83e-08	9.70e-03	5.17e-01	4.73e-01	0.00e+00	0.00e+00	0.00e+00	0.00e+00	0.00e+00
 3.81454e+11	0.00e+00	7.95e-26	1.00e-15	7.02e-08	1.08e-02	5.38e-01	4.51e-01	0.00e+00	0.00e+00	0.00e+00	0.00e+00	0.00e+00
 4.26639e+11	1.51e-37	1.07e-25	1.28e-15	8.44e-08	1.21e-02	5.59e-01	4.29e-01	0.00e+00	0.00e+00	0.00e+00	0.00e+00	0.00e+00
 4.73631e+11	0.00e+00	1.45e-25	1.63e-15	1.01e-07	1.34e-02	5.79e-01	4.08e-01	0.00e+00	0.00e+00	0.00e+00	0.00e+00	0.00e+00
 5.22503e+11	3.06e-37	1.95e-25	2.08e-15	1.21e-07	1.49e-02	5.99e-01	3.87e-01	0.00e+00	0.00e+00	0.00e+00	0.00e+00	0.00e+00
 5.73330e+11	0.00e+00	2.59e-25	2.62e-15	1.44e-07	1.65e-02	6.18e-01	3.65e-01	0.00e+00	0.00e+00	0.00e+00	0.00e+00	0.00e+00
 6.26190e+11	5.95e-37	3.44e-25	3.32e-15	1.72e-07	1.82e-02	6.37e-01	3.45e-01	0.00e+00	0.00e+00	0.00e+00	0.00e+00	0.00e+00
 6.81164e+11	0.00e+00	4.56e-25	4.18e-15	2.04e-07	2.01e-02	6.56e-01	3.24e-01	0.00e+00	0.00e+00	0.00e+00	0.00e+00	0.00e+00
 7.38337e+11	1.14e-36	6.03e-25	5.25e-15	2.42e-07	2.21e-02	6.73e-01	3.05e-01	0.00e+00	0.00e+00	0.00e+00	0.00e+00	0.00e+00
 7.97798e+11	0.00e+00	7.94e-25	6.59e-15	2.86e-07	2.42e-02	6.90e-01	2.86e-01	0.00e+00	0.00e+00	0.00e+00	0.00e+00	0.00e+00
 8.59636e+11	2.16e-36	1.04e-24	8.25e-15	3.38e-07	2.65e-02	7.06e-01	2.67e-01	0.00e+00	0.00e+00	0.00e+00	0.00e+00	0.00e+00
 9.23949e+11	0.00e+00	1.37e-24	1.03e-14	3.99e-07	2.89e-02	7.22e-01	2.50e-01	0.00e+00	0.00e+00	0.00e+00	0.00e+00	0.00e+00
 9.90833e+11	4.04e-36	1.79e-24	1.29e-14	4.70e-07	3.15e-02	7.36e-01	2.33e-01	0.00e+00	0.00e+00	0.00e+00	0.00e+00	0.00e+00
 1.06039e+12	0.00e+00	2.34e-24	1.61e-14	5.52e-07	3.43e-02	7.49e-01	2.17e-01	0.00e+00	0.00e+00	0.00e+00	0.00e+00	0.00e+00
 1.13274e+12	7.48e-36	3.06e-24	2.00e-14	6.48e-07	3.72e-02	7.62e-01	2.01e-01	0.00e+00	0.00e+00	0.00e+00	0.00e+00	0.00e+00
 1.20797e+12	0.00e+00	4.00e-24	2.49e-14	7.59e-07	4.04e-02	7.73e-01	1.87e-01	0.00e+00	0.00e+00	0.00e+00	0.00e+00	0.00e+00
 1.28622e+12	1.38e-35	5.22e-24	3.10e-14	8.88e-07	4.37e-02	7.84e-01	1.73e-01	0.00e+00	0.00e+00	0.00e+00	0.00e+00	0.00e+00
 1.36759e+12	0.00e+00	6.82e-24	3.85e-14	1.04e-06	4.72e-02	7.93e-01	1.60e-01	0.00e+00	0.00e+00	0.00e+00	0.00e+00	0.00e+00
 1.45222e+12	2.53e-35	8.91e-24	4.79e-14	1.21e-06	5.09e-02	8.01e-01	1.48e-01	0.00e+00	0.00e+00	0.00e+00	0.00e+00	0.00e+00
 1.54024e+12	3.43e-35	1.16e-23	5.95e-14	1.41e-06	5.49e-02	8.09e-01	1.36e-01	0.00e+00	0.00e+00	0.00e+00	0.00e+00	0.00e+00
 1.63178e+12	4.69e-35	1.53e-23	7.41e-14	1.65e-06	5.91e-02	8.15e-01	1.26e-01	0.00e+00	0.00e+00	0.00e+00	0.00e+00	0.00e+00
 1.72697e+12	6.32e-35	1.99e-23	9.19e-14	1.92e-06	6.35e-02	8.21e-01	1.15e-01	0.00e+00	0.00e+00	0.00e+00	0.00e+00	0.00e+00
 1.82598e+12	8.59e-35	2.61e-23	1.14e-13	2.23e-06	6.82e-02	8.26e-01	1.06e-01	0.00e+00	0.00e+00	0.00e+00	0.00e+00	0.00e+00
 1.92895e+12	1.17e-34	3.43e-23	1.42e-13	2.60e-06	7.31e-02	8.29e-01	9.75e-02	0.00e+00	0.00e+00	0.00e+00	0.00e+00	0.00e+00
 2.03603e+12	1.59e-34	4.50e-23	1.77e-13	3.02e-06	7.83e-02	8.32e-01	8.94e-02	0.00e+00	0.00e+00	0.00e+00	0.00e+00	0.00e+00
 2.14740e+12	2.17e-34	5.93e-23	2.20e-13	3.50e-06	8.39e-02	8.34e-01	8.19e-02	0.00e+00	0.00e+00	0.00e+00	0.00e+00	0.00e+00
 2.26322e+12	2.97e-34	7.81e-23	2.74e-13	4.07e-06	8.97e-02	8.35e-01	7.50e-02	0.00e+00	0.00e+00	0.00e+00	0.00e+00	0.00e+00
 2.38368e+12	4.07e-34	1.03e-22	3.41e-13	4.72e-06	9.59e-02	8.35e-01	6.86e-02	0.00e+00	0.00e+00	0.00e+00	0.00e+00	0.00e+00
 2.50895e+12	5.58e-34	1.36e-22	4.24e-13	5.46e-06	1.02e-01	8.35e-01	6.27e-02	0.00e+00	0.00e+00	0.00e+00	0.00e+00	0.00e+00
 2.63924e+12	7.67e-34	1.81e-22	5.28e-13	6.33e-06	1.09e-01	8.33e-01	5.73e-02	0.00e+00	0.00e+00	0.00e+00	0.00e+00	0.00e+00
 2.77473e+12	1.06e-33	2.39e-22	6.59e-13	7.33e-06	1.16e-01	8.31e-01	5.22e-02	0.00e+00	0.00e+00	0.00e+00	0.00e+00	0.00e+00
 2.91565e+12	1.46e-33	3.18e-22	8.21e-13	8.48e-06	1.24e-01	8.28e-01	4.76e-02	0.00e+00	0.00e+00	0.00e+00	0.00e+00	0.00e+00
 3.06220e+12	2.02e-33	4.23e-22	1.02e-12	9.80e-06	1.32e-01	8.24e-01	4.34e-02	0.00e+00	0.00e+00	0.00e+00	0.00e+00	0.00e+00
 3.21461e+12	2.79e-33	5.63e-22	1.28e-12	1.13e-05	1.41e-01	8.20e-01	3.95e-02	0.00e+00	0.00e+00	0.00e+00	0.00e+00	0.00e+00
 3.37313e+12	3.88e-33	7.51e-22	1.59e-12	1.31e-05	1.50e-01	8.15e-01	3.59e-02	0.00e+00	0.00e+00	0.00e+00	0.00e+00	0.00e+00
 3.53798e+12	5.39e-33	1.00e-21	1.99e-12	1.51e-05	1.59e-01	8.08e-01	3.26e-02	0.00e+00	0.00e+00	0.00e+00	0.00e+00	0.00e+00
 3.70942e+12	7.51e-33	1.34e-21	2.48e-12	1.74e-05	1.69e-01	8.02e-01	2.96e-02	0.00e+00	0.00e+00	0.00e+00	0.00e+00	0.00e+00
 3.88773e+12	1.05e-32	1.80e-21	3.09e-12	2.01e-05	1.79e-01	7.94e-01	2.68e-02	0.00e+00	0.00e+00	0.00e+00	0.00e+00	0.00e+00
 4.07316e+12	1.47e-32	2.41e-21	3.86e-12	2.32e-05	1.90e-01	7.86e-01	2.43e-02	0.00e+00	0.00e+00	0.00e+00	0.00e+00	0.00e+00
 4.26602e+12	2.06e-32	3.23e-21	4.82e-12	2.67e-05	2.01e-01	7.77e-01	2.20e-02	0.00e+00	0.00e+00	0.00e+00	0.00e+00	0.00e+00
 4.46658e+12	2.89e-32	4.33e-21	6.01e-12	3.07e-05	2.13e-01	7.67e-01	1.99e-02	0.00e+00	0.00e+00	0.00e+00	0.00e+00	0.00e+00
 4.67517e+12	4.06e-32	5.82e-21	7.50e-12	3.53e-05	2.25e-01	7.57e-01	1.79e-02	0.00e+00	0.00e+00	0.00e+00	0.00e+00	0.00e+00
 4.89211e+12	5.72e-32	7.82e-21	9.35e-12	4.06e-05	2.38e-01	7.46e-01	1.62e-02	0.00e+00	0.00e+00	0.00e+00	0.00e+00	0.00e+00
 5.11772e+12	8.07e-32	1.05e-20	1.17e-11	4.66e-05	2.52e-01	7.34e-01	1.46e-02	0.00e+00	0.00e+00	0.00e+00	0.00e+00	0.00e+00
 5.35235e+12	1.14e-31	1.41e-20	1.45e-11	5.35e-05	2.66e-01	7.21e-01	1.31e-02	0.00e+00	0.00e+00	0.00e+00	0.00e+00	0.00e+00
 5.59638e+12	1.61e-31	1.90e-20	1.81e-11	6.13e-05	2.80e-01	7.08e-01	1.18e-02	0.00e+00	0.00e+00	0.00e+00	0.00e+00	0.00e+00
 5.85016e+12	2.28e-31	2.56e-20	2.25e-11	7.03e-05	2.95e-01	6.94e-01	1.06e-02	0.00e+00	0.00e+00	0.00e+00	0.00e+00	0.00e+00
 6.11409e+12	3.24e-31	3.44e-20	2.80e-11	8.04e-05	3.10e-01	6.80e-01	9.51e-03	0.00e+00	0.00e+00	0.00e+00	0.00e+00	0.00e+00
 6.38858e+12	4.60e-31	4.63e-20	3.48e-11	9.19e-05	3.26e-01	6.65e-01	8.52e-03	0.00e+00	0.00e+00	0.00e+00	0.00e+00	0.00e+00
 6.67405e+12	6.54e-31	6.23e-20	4.33e-11	1.05e-04	3.43e-01	6.50e-01	7.62e-03	0.00e+00	0.00e+00	0.00e+00	0.00e+00	0.00e+00
 6.97094e+12	9.31e-31	8.37e-20	5.37e-11	1.20e-04	3.60e-01	6.34e-01	6.81e-03	0.00e+00	0.00e+00	0.00e+00	0.00e+00	0.00e+00
 7.27970e+12	1.33e-30	1.13e-19	6.66e-11	1.37e-04	3.77e-01	6.17e-01	6.08e-03	0.00e+00	0.00e+00	0.00e+00	0.00e+00	0.00e+00
 7.60082e+12	1.89e-30	1.51e-19	8.24e-11	1.55e-04	3.95e-01	6.00e-01	5.42e-03	0.00e+00	0.00e+00	0.00e+00	0.00e+00	0.00e+00
 7.93478e+12	2.70e-30	2.03e-19	1.02e-10	1.77e-04	4.12e-01	5.83e-01	4.82e-03	0.00e+00	0.00e+00	0.00e+00	0.00e+00	0.00e+00
 8.28210e+12	3.85e-30	2.72e-19	1.26e-10	2.01e-04	4.31e-01	5.65e-01	4.28e-03	0.00e+00	0.00e+00	0.00e+00	0.00e+00	0.00e+00
 8.64331e+12	5.49e-30	3.65e-19	1.56e-10	2.28e-04	4.49e-01	5.47e-01	3.80e-03	0.00e+00	0.00e+00	0.00e+00	0.00e+00	0.00e+00
 9.01897e+12	7.85e-30	4.88e-19	1.92e-10	2.58e-04	4.68e-01	5.29e-01	3.37e-03	0.00e+00	0.00e+00	0.00e+00	0.00e+00	0.00e+00
 9.40965e+12	1.12e-29	6.53e-19	2.36e-10	2.92e-04	4.87e-01	5.10e-01	2.98e-03	0.00e+00	0.00e+00	0.00e+00	0.00e+00	0.00e+00
 9.81596e+12	1.60e-29	8.72e-19	2.91e-10	3.30e-04	5.05e-01	4.92e-01	2.63e-03	0.00e+00	0.00e+00	0.00e+00	0.00e+00	0.00e+00
 1.02385e+13	2.29e-29	1.16e-18	3.57e-10	3.72e-04	5.24e-01	4.73e-01	2.32e-03	0.00e+00	0.00e+00	0.00e+00	0.00e+00	0.00e+00
 1.06780e+13	3.26e-29	1.55e-18	4.38e-10	4.19e-04	5.43e-01	4.54e-01	2.04e-03	0.00e+00	0.00e+00	0.00e+00	0.00e+00	0.00e+00
 1.11350e+13	4.66e-29	2.06e-18	5.36e-10	4.72e-04	5.62e-01	4.36e-01	1.80e-03	0.00e+00	0.00e+00	0.00e+00	0.00e+00	0.00e+00
 1.16104e+13	6.64e-29	2.74e-18	6.55e-10	5.30e-04	5.81e-01	4.17e-01	1.58e-03	0.00e+00	0.00e+00	0.00e+00	0.00e+00	0.00e+00
 1.21047e+13	9.47e-29	3.64e-18	8.00e-10	5.94e-04	5.99e-01	3.99e-01	1.39e-03	0.00e+00	0.00e+00	0.00e+00	0.00e+00	0.00e+00
 1.26188e+13	1.35e-28	4.82e-18	9.75e-10	6.65e-04	6.18e-01	3.81e-01	1.21e-03	0.00e+00	0.00e+00	0.00e+00	0.00e+00	0.00e+00
 1.31535e+13	1.92e-28	6.37e-18	1.19e-09	7.44e-04	6.36e-01	3.63e-01	1.06e-03	0.00e+00	0.00e+00	0.00e+00	0.00e+00	0.00e+00
 1.37096e+13	2.73e-28	8.41e-18	1.44e-09	8.31e-04	6.53e-01	3.45e-01	9.28e-04	0.00e+00	0.00e+00	0.00e+00	0.00e+00	0.00e+00
 1.42879e+13	3.88e-28	1.11e-17	1.75e-09	9.27e-04	6.70e-01	3.28e-01	8.10e-04	0.00e+00	0.00e+00	0.00e+00	0.00e+00	0.00e+00
 1.48893e+13	5.51e-28	1.46e-17	2.12e-09	1.03e-03	6.87e-01	3.11e-01	7.06e-04	0.00e+00	0.00e+00	0.00e+00	0.00e+00	0.00e+00
 1.55148e+13	7.81e-28	1.92e-17	2.56e-09	1.15e-03	7.03e-01	2.95e-01	6.15e-04	0.00e+00	0.00e+00	0.00e+00	0.00e+00	0.00e+00
 1.61653e+13	1.11e-27	2.51e-17	3.09e-09	1.28e-03	7.19e-01	2.79e-01	5.35e-04	0.00e+00	0.00e+00	0.00e+00	0.00e+00	0.00e+00
 1.68419e+13	1.56e-27	3.29e-17	3.72e-09	1.41e-03	7.35e-01	2.64e-01	4.64e-04	0.00e+00	0.00e+00	0.00e+00	0.00e+00	0.00e+00
 1.75455e+13	2.21e-27	4.30e-17	4.48e-09	1.57e-03	7.49e-01	2.49e-01	4.03e-04	0.00e+00	0.00e+00	0.00e+00	0.00e+00	0.00e+00
 1.82772e+13	3.11e-27	5.61e-17	5.39e-09	1.73e-03	7.63e-01	2.34e-01	3.49e-04	0.00e+00	0.00e+00	0.00e+00	0.00e+00	0.00e+00
 1.90383e+13	4.39e-27	7.31e-17	6.46e-09	1.91e-03	7.77e-01	2.21e-01	3.03e-04	0.00e+00	0.00e+00	0.00e+00	0.00e+00	0.00e+00
 1.98297e+13	6.17e-27	9.51e-17	7.74e-09	2.11e-03	7.90e-01	2.08e-01	2.62e-04	0.00e+00	0.00e+00	0.00e+00	0.00e+00	0.00e+00
 2.06528e+13	8.67e-27	1.23e-16	9.27e-09	2.33e-03	8.02e-01	1.95e-01	2.26e-04	0.00e+00	0.00e+00	0.00e+00	0.00e+00	0.00e+00
 2.15089e+13	1.22e-26	1.60e-16	1.11e-08	2.56e-03	8.14e-01	1.83e-01	1.96e-04	0.00e+00	0.00e+00	0.00e+00	0.00e+00	0.00e+00
 2.23991e+13	1.70e-26	2.07e-16	1.32e-08	2.82e-03	8.25e-01	1.72e-01	1.69e-04	0.00e+00	0.00e+00	0.00e+00	0.00e+00	0.00e+00
 2.33250e+13	2.38e-26	2.68e-16	1.58e-08	3.10e-03	8.36e-01	1.61e-01	1.46e-04	0.00e+00	0.00e+00	0.00e+00	0.00e+00	0.00e+00
 2.42880e+13	3.33e-26	3.46e-16	1.88e-08	3.40e-03	8.46e-01	1.50e-01	1.25e-04	0.00e+00	0.00e+00	0.00e+00	0.00e+00	0.00e+00
 2.52894e+13	4.65e-26	4.47e-16	2.23e-08	3.72e-03	8.56e-01	1.41e-01	1.08e-04	0.00e+00	0.00e+00	0.00e+00	0.00e+00	0.00e+00
 2.63309e+13	6.48e-26	5.75e-16	2.65e-08	4.08e-03	8.64e-01	1.31e-01	9.31e-05	0.00e+00	0.00e+00	0.00e+00	0.00e+00	0.00e+00
 2.74141e+13	9.04e-26	7.41e-16	3.14e-08	4.47e-03	8.73e-01	1.23e-01	8.01e-05	0.00e+00	0.00e+00	0.00e+00	0.00e+00	0.00e+00
 2.85406e+13	1.26e-25	9.52e-16	3.73e-08	4.88e-03	8.81e-01	1.14e-01	6.89e-05	0.00e+00	0.00e+00	0.00e+00	0.00e+00	0.00e+00
 2.97121e+13	1.75e-25	1.22e-15	4.42e-08	5.34e-03	8.88e-01	1.07e-01	5.92e-05	0.00e+00	0.00e+00	0.00e+00	0.00e+00	0.00e+00
 3.09305e+13	2.43e-25	1.57e-15	5.23e-08	5.83e-03	8.95e-01	9.94e-02	5.08e-05	0.00e+00	0.00e+00	0.00e+00	0.00e+00	0.00e+00
 3.21977e+13	3.37e-25	2.01e-15	6.18e-08	6.36e-03	9.01e-01	9.25e-02	4.36e-05	0.00e+00	0.00e+00	0.00e+00	0.00e+00	0.00e+00
 3.35155e+13	4.67e-25	2.58e-15	7.31e-08	6.93e-03	9.07e-01	8.61e-02	3.75e-05	0.00e+00	0.00e+00	0.00e+00	0.00e+00	0.00e+00
 3.48861e+13	6.47e-25	3.30e-15	8.63e-08	7.55e-03	9.12e-01	8.01e-02	3.21e-05	0.00e+00	0.00e+00	0.00e+00	0.00e+00	0.00e+00
 3.63114e+13	8.95e-25	4.22e-15	1.02e-07	8.23e-03	9.17e-01	7.44e-02	2.75e-05	0.00e+00	0.00e+00	0.00e+00	0.00e+00	0.00e+00
 3.77938e+13	1.24e-24	5.39e-15	1.20e-07	8.96e-03	9.22e-01	6.92e-02	2.36e-05	0.00e+00	0.00e+00	0.00e+00	0.00e+00	0.00e+00
 3.93355e+13	1.71e-24	6.88e-15	1.42e-07	9.74e-03	9.26e-01	6.42e-02	2.02e-05	0.00e+00	0.00e+00	0.00e+00	0.00e+00	0.00e+00
 4.09388e+13	2.37e-24	8.79e-15	1.67e-07	1.06e-02	9.30e-01	5.96e-02	1.73e-05	0.00e+00	0.00e+00	0.00e+00	0.00e+00	0.00e+00
 4.26063e+13	3.27e-24	1.12e-14	1.97e-07	1.15e-02	9.33e-01	5.53e-02	1.48e-05	0.00e+00	0.00e+00	0.00e+00	0.00e+00	0.00e+00
 4.43405e+13	4.51e-24	1.43e-14	2.31e-07	1.25e-02	9.36e-01	5.13e-02	1.27e-05	0.00e+00	0.00e+00	0.00e+00	0.00e+00	0.00e+00
 4.61441e+13	6.21e-24	1.82e-14	2.72e-07	1.36e-02	9.39e-01	4.76e-02	1.09e-05	0.00e+00	0.00e+00	0.00e+00	0.00e+00	0.00e+00
 4.80197e+13	8.56e-24	2.32e-14	3.20e-07	1.47e-02	9.41e-01	4.41e-02	9.28e-06	0.00e+00	0.00e+00	0.00e+00	0.00e+00	0.00e+00
 4.99705e+13	1.18e-23	2.95e-14	3.76e-07	1.60e-02	9.43e-01	4.08e-02	7.93e-06	0.00e+00	0.00e+00	0.00e+00	0.00e+00	0.00e+00
 5.19992e+13	1.62e-23	3.75e-14	4.41e-07	1.73e-02	9.45e-01	3.78e-02	6.78e-06	0.00e+00	0.00e+00	0.00e+00	0.00e+00	0.00e+00
 5.41091e+13	2.23e-23	4.77e-14	5.18e-07	1.88e-02	9.46e-01	3.50e-02	5.79e-06	0.00e+00	0.00e+00	0.00e+00	0.00e+00	0.00e+00
 5.63034e+13	3.07e-23	6.06e-14	6.08e-07	2.04e-02	9.47e-01	3.24e-02	4.95e-06	0.00e+00	0.00e+00	0.00e+00	0.00e+00	0.00e+00
 5.85854e+13	4.23e-23	7.70e-14	7.13e-07	2.21e-02	9.48e-01	3.00e-02	4.23e-06	0.00e+00	0.00e+00	0.00e+00	0.00e+00	0.00e+00
 6.09588e+13	5.81e-23	9.78e-14	8.36e-07	2.39e-02	9.48e-01	2.77e-02	3.61e-06	0.00e+00	0.00e+00	0.00e+00	0.00e+00	0.00e+00
 6.34271e+13	7.98e-23	1.24e-13	9.80e-07	2.59e-02	9.48e-01	2.56e-02	3.08e-06	0.00e+00	0.00e+00	0.00e+00	0.00e+00	0.00e+00
 6.59941e+13	1.10e-22	1.57e-13	1.15e-06	2.80e-02	9.48e-01	2.37e-02	2.63e-06	0.00e+00	0.00e+00	0.00e+00	0.00e+00	0.00e+00
 6.86638e+13	1.51e-22	2.00e-13	1.35e-06	3.03e-02	9.48e-01	2.19e-02	2.24e-06	0.00e+00	0.00e+00	0.00e+00	0.00e+00	0.00e+00
 7.14402e+13	2.06e-22	2.53e-13	1.58e-06	3.28e-02	9.47e-01	2.02e-02	1.91e-06	0.00e+00	0.00e+00	0.00e+00	0.00e+00	0.00e+00
 7.43278e+13	2.83e-22	3.21e-13	1.84e-06	3.54e-02	9.46e-01	1.87e-02	1.63e-06	0.00e+00	0.00e+00	0.00e+00	0.00e+00	0.00e+00
 7.73308e+13	3.88e-22	4.07e-13	2.16e-06	3.83e-02	9.44e-01	1.72e-02	1.39e-06	0.00e+00	0.00e+00	0.00e+00	0.00e+00	0.00e+00
 8.04540e+13	5.32e-22	5.15e-13	2.53e-06	4.14e-02	9.43e-01	1.59e-02	1.18e-06	0.00e+00	0.00e+00	0.00e+00	0.00e+00	0.00e+00
 8.37021e+13	7.28e-22	6.52e-13	2.95e-06	4.47e-02	9.41e-01	1.47e-02	1.01e-06	0.00e+00	0.00e+00	0.00e+00	0.00e+00	0.00e+00
 8.70801e+13	9.97e-22	8.25e-13	3.45e-06	4.82e-02	9.38e-01	1.35e-02	8.57e-07	0.00e+00	0.00e+00	0.00e+00	0.00e+00	0.00e+00
 9.05932e+13	1.36e-21	1.04e-12	4.03e-06	5.21e-02	9.35e-01	1.25e-02	0.00e+00	0.00e+00	0.00e+00	0.00e+00	0.00e+00	0.00e+00
 9.42469e+13	1.87e-21	1.32e-12	4.71e-06	5.62e-02	9.32e-01	1.15e-02	0.00e+00	0.00e+00	0.00e+00	0.00e+00	0.00e+00	0.00e+00
 9.80467e+13	2.55e-21	1.67e-12	5.49e-06	6.06e-02	9.29e-01	1.06e-02	0.00e+00	0.00e+00	0.00e+00	0.00e+00	0.00e+00	0.00e+00
 1.01998e+14	3.49e-21	2.10e-12	6.41e-06	6.53e-02	9.25e-01	9.72e-03	0.00e+00	0.00e+00	0.00e+00	0.00e+00	0.00e+00	0.00e+00
 1.06108e+14	4.76e-21	2.65e-12	7.47e-06	7.03e-02	9.21e-01	8.94e-03	0.00e+00	0.00e+00	0.00e+00	0.00e+00	0.00e+00	0.00e+00
 1.10383e+14	6.51e-21	3.35e-12	8.72e-06	7.58e-02	9.16e-01	8.22e-03	0.00e+00	0.00e+00	0.00e+00	0.00e+00	0.00e+00	0.00e+00
 1.14828e+14	8.87e-21	4.22e-12	1.01e-05	8.15e-02	9.11e-01	7.56e-03	0.00e+00	0.00e+00	0.00e+00	0.00e+00	0.00e+00	0.00e+00
 1.19451e+14	1.21e-20	5.32e-12	1.18e-05	8.77e-02	9.05e-01	6.94e-03	0.00e+00	0.00e+00	0.00e+00	0.00e+00	0.00e+00	0.00e+00
 1.24259e+14	1.65e-20	6.70e-12	1.38e-05	9.43e-02	8.99e-01	6.37e-03	0.00e+00	0.00e+00	0.00e+00	0.00e+00	0.00e+00	0.00e+00
 1.29259e+14	2.25e-20	8.44e-12	1.60e-05	1.01e-01	8.93e-01	5.85e-03	0.00e+00	0.00e+00	0.00e+00	0.00e+00	0.00e+00	0.00e+00
 1.34459e+14	3.06e-20	1.06e-11	1.86e-05	1.09e-01	8.86e-01	5.36e-03	0.00e+00	0.00e+00	0.00e+00	0.00e+00	0.00e+00	0.00e+00
 1.39868e+14	4.16e-20	1.34e-11	2.16e-05	1.17e-01	8.78e-01	4.91e-03	0.00e+00	0.00e+00	0.00e+00	0.00e+00	0.00e+00	0.00e+00
 1.45492e+14	5.65e-20	1.68e-11	2.51e-05	1.25e-01	8.70e-01	4.50e-03	0.00e+00	0.00e+00	0.00e+00	0.00e+00	0.00e+00	0.00e+00
 1.51342e+14	7.69e-20	2.11e-11	2.91e-05	1.34e-01	8.61e-01	4.11e-03	0.00e+00	0.00e+00	0.00e+00	0.00e+00	0.00e+00	0.00e+00
 1.57426e+14	1.04e-19	2.64e-11	3.38e-05	1.44e-01	8.52e-01	3.76e-03	0.00e+00	0.00e+00	0.00e+00	0.00e+00	0.00e+00	0.00e+00
 1.63752e+14	1.42e-19	3.32e-11	3.91e-05	1.54e-01	8.42e-01	3.43e-03	0.00e+00	0.00e+00	0.00e+00	0.00e+00	0.00e+00	0.00e+00
 1.70333e+14	1.92e-19	4.15e-11	4.53e-05	1.65e-01	8.32e-01	3.13e-03	0.00e+00	0.00e+00	0.00e+00	0.00e+00	0.00e+00	0.00e+00
 1.77176e+14	2.60e-19	5.20e-11	5.24e-05	1.76e-01	8.21e-01	2.86e-03	0.00e+00	0.00e+00	0.00e+00	0.00e+00	0.00e+00	0.00e+00
 1.84293e+14	3.52e-19	6.50e-11	6.06e-05	1.88e-01	8.09e-01	2.60e-03	0.00e+00	0.00e+00	0.00e+00	0.00e+00	0.00e+00	0.00e+00
 1.91694e+14	4.77e-19	8.13e-11	6.99e-05	2.01e-01	7.97e-01	2.37e-03	0.00e+00	0.00e+00	0.00e+00	0.00e+00	0.00e+00	0.00e+00
 1.99392e+14	6.43e-19	1.01e-10	8.06e-05	2.14e-01	7.84e-01	2.15e-03	0.00e+00	0.00e+00	0.00e+00	0.00e+00	0.00e+00	0.00e+00
 2.07398e+14	8.68e-19	1.26e-10	9.29e-05	2.27e-01	7.71e-01	1.95e-03	0.00e+00	0.00e+00	0.00e+00	0.00e+00	0.00e+00	0.00e+00
 2.15723e+14	1.17e-18	1.57e-10	1.07e-04	2.42e-01	7.56e-01	1.77e-03	0.00e+00	0.00e+00	0.00e+00	0.00e+00	0.00e+00	0.00e+00
 2.24382e+14	1.57e-18	1.95e-10	1.23e-04	2.57e-01	7.42e-01	1.61e-03	0.00e+00	0.00e+00	0.00e+00	0.00e+00	0.00e+00	0.00e+00
 2.33388e+14	2.11e-18	2.42e-10	1.41e-04	2.72e-01	7.26e-01	1.45e-03	0.00e+00	0.00e+00	0.00e+00	0.00e+00	0.00e+00	0.00e+00
 2.42753e+14	2.83e-18	3.01e-10	1.61e-04	2.88e-01	7.11e-01	1.31e-03	0.00e+00	0.00e+00	0.00e+00	0.00e+00	0.00e+00	0.00e+00
 2.52493e+14	3.78e-18	3.72e-10	1.84e-04	3.05e-01	6.94e-01	1.18e-03	0.00e+00	0.00e+00	0.00e+00	0.00e+00	0.00e+00	0.00e+00
 2.62623e+14	5.06e-18	4.60e-10	2.11e-04	3.22e-01	6.77e-01	1.07e-03	0.00e+00	0.00e+00	0.00e+00	0.00e+00	0.00e+00	0.00e+00
 2.73158e+14	6.76e-18	5.67e-10	2.40e-04	3.39e-01	6.60e-01	9.60e-04	0.00e+00	0.00e+00	0.00e+00	0.00e+00	0.00e+00	0.00e+00
 2.84114e+14	9.03e-18	7.00e-10	2.74e-04	3.57e-01	6.42e-01	8.62e-04	0.00e+00	0.00e+00	0.00e+00	0.00e+00	0.00e+00	0.00e+00
 2.95508e+14	1.20e-17	8.61e-10	3.12e-04	3.76e-01	6.23e-01	7.74e-04	0.00e+00	0.00e+00	0.00e+00	0.00e+00	0.00e+00	0.00e+00
 3.07358e+14	1.60e-17	1.06e-09	3.54e-04	3.94e-01	6.04e-01	6.93e-04	0.00e+00	0.00e+00	0.00e+00	0.00e+00	0.00e+00	0.00e+00
 3.19683e+14	2.12e-17	1.30e-09	4.02e-04	4.14e-01	5.85e-01	6.19e-04	0.00e+00	0.00e+00	0.00e+00	0.00e+00	0.00e+00	0.00e+00
 3.32500e+14	2.82e-17	1.59e-09	4.56e-04	4.33e-01	5.66e-01	5.53e-04	0.00e+00	0.00e+00	0.00e+00	1.59e-17	8.76e-18	3.56e-18
 3.45830e+14	3.72e-17	1.95e-09	5.15e-04	4.53e-01	5.46e-01	4.93e-04	0.00e+00	0.00e+00	0.00e+00	2.07e-17	1.23e-17	4.11e-18
 3.59693e+14	4.92e-17	2.38e-09	5.82e-04	4.72e-01	5.27e-01	4.39e-04	0.00e+00	0.00e+00	0.00e+00	2.74e-17	1.63e-17	5.44e-18
 3.74111e+14	6.49e-17	2.90e-09	6.56e-04	4.92e-01	5.07e-01	3.90e-04	0.00e+00	0.00e+00	0.00e+00	3.61e-17	2.15e-17	7.18e-18
 3.89105e+14	8.55e-17	3.54e-09	7.39e-04	5.12e-01	4.87e-01	3.45e-04	0.00e+00	0.00e+00	0.00e+00	4.77e-17	2.84e-17	9.46e-18
 4.04699e+14	1.12e-16	4.30e-09	8.30e-04	5.32e-01	4.67e-01	3.06e-04	0.00e+00	0.00e+00	0.00e+00	6.26e-17	3.73e-17	1.24e-17
 4.20917e+14	1.48e-16	5.22e-09	9.32e-04	5.52e-01	4.47e-01	2.70e-04	0.00e+00	0.00e+00	0.00e+00	8.24e-17	4.91e-17	1.64e-17
 4.37784e+14	1.94e-16	6.33e-09	1.04e-03	5.71e-01	4.28e-01	2.39e-04	0.00e+00	0.00e+00	0.00e+00	1.08e-16	6.43e-17	2.14e-17
 4.55325e+14	2.54e-16	7.67e-09	1.17e-03	5.91e-01	4.08e-01	2.10e-04	0.00e+00	0.00e+00	0.00e+00	1.41e-16	8.43e-17	2.81e-17
 4.72327e+14	3.26e-16	9.15e-09	1.30e-03	6.08e-01	3.90e-01	1.86e-04	0.00e+00	0.00e+00	0.00e+00	1.82e-16	1.08e-16	3.61e-17
 4.88251e+14	4.08e-16	1.07e-08	1.42e-03	6.24e-01	3.74e-01	1.67e-04	0.00e+00	0.00e+00	0.00e+00	2.28e-16	1.36e-16	4.52e-17
 5.06053e+14	5.20e-16	1.27e-08	1.57e-03	6.41e-01	3.57e-01	1.48e-04	0.00e+00	0.00e+00	0.00e+00	2.90e-16	1.73e-16	5.76e-17
 5.26326e+14	6.78e-16	1.53e-08	1.75e-03	6.59e-01	3.39e-01	1.30e-04	0.00e+00	0.00e+00	0.00e+00	3.78e-16	2.25e-16	7.51e-17
 5.46024e+14	8.67e-16	1.82e-08	1.93e-03	6.76e-01	3.22e-01	1.14e-04	0.00e+00	0.00e+00	0.00e+00	4.83e-16	2.88e-16	9.60e-17
 5.64564e+14	1.08e-15	2.13e-08	2.11e-03	6.90e-01	3.07e-01	1.02e-04	0.00e+00	0.00e+00	0.00e+00	6.04e-16	3.60e-16	1.20e-16
 5.85231e+14	1.38e-15	2.51e-08	2.32e-03	7.06e-01	2.92e-01	8.98e-05	0.00e+00	0.00e+00	0.00e+00	7.67e-16	4.56e-16	1.52e-16
 6.08670e+14	1.78e-15	3.01e-08	2.57e-03	7.22e-01	2.76e-01	7.81e-05	0.00e+00	0.00e+00	0.00e+00	9.95e-16	5.92e-16	1.98e-16
 6.31545e+14	2.27e-15	3.57e-08	2.82e-03	7.37e-01	2.61e-01	6.84e-05	0.00e+00	0.00e+00	0.00e+00	1.27e-15	7.54e-16	2.52e-16
 6.53226e+14	2.84e-15	4.16e-08	3.08e-03	7.50e-01	2.47e-01	6.06e-05	0.00e+00	0.00e+00	0.00e+00	1.58e-15	9.41e-16	3.14e-16
 6.77277e+14	3.59e-15	4.90e-08	3.37e-03	7.63e-01	2.34e-01	5.31e-05	0.00e+00	0.00e+00	0.00e+00	2.00e-15	1.19e-15	3.98e-16
 7.04398e+14	4.64e-15	5.85e-08	3.72e-03	7.77e-01	2.19e-01	4.59e-05	0.00e+00	0.00e+00	0.00e+00	2.59e-15	1.54e-15	5.14e-16
 7.30992e+14	5.90e-15	6.91e-08	4.07e-03	7.90e-01	2.06e-01	4.00e-05	0.00e+00	0.00e+00	0.00e+00	3.29e-15	1.96e-15	6.54e-16
 7.56406e+14	7.37e-15	8.05e-08	4.43e-03	8.01e-01	1.95e-01	3.52e-05	0.00e+00	0.00e+00	0.00e+00	4.11e-15	2.44e-15	8.16e-16
 7.84449e+14	9.31e-15	9.45e-08	4.84e-03	8.12e-01	1.83e-01	3.06e-05	0.00e+00	0.00e+00	0.00e+00	5.19e-15	3.08e-15	1.03e-15
 8.15857e+14	1.20e-14	1.12e-07	5.32e-03	8.24e-01	1.71e-01	2.64e-05	0.00e+00	0.00e+00	0.00e+00	6.69e-15	3.97e-15	1.33e-15
 8.46872e+14	1.52e-14	1.32e-07	5.81e-03	8.34e-01	1.60e-01	2.28e-05	0.00e+00	0.00e+00	0.00e+00	8.50e-15	5.04e-15	1.69e-15
 8.76850e+14	1.91e-14	1.54e-07	6.31e-03	8.43e-01	1.51e-01	1.99e-05	0.00e+00	0.00e+00	0.00e+00	1.06e-14	6.30e-15	2.11e-15
 9.09678e+14	2.41e-14	1.81e-07	6.88e-03	8.52e-01	1.41e-01	1.73e-05	0.00e+00	0.00e+00	0.00e+00	1.34e-14	7.95e-15	2.67e-15
 9.46095e+14	3.09e-14	2.15e-07	7.55e-03	8.62e-01	1.31e-01	1.48e-05	0.00e+00	0.00e+00	0.00e+00	1.73e-14	1.02e-14	3.43e-15
 9.82370e+14	3.93e-14	2.53e-07	8.24e-03	8.70e-01	1.22e-01	1.27e-05	0.00e+00	0.00e+00	0.00e+00	2.20e-14	1.30e-14	4.36e-15
 1.02010e+15	5.00e-14	2.98e-07	8.99e-03	8.77e-01	1.14e-01	1.09e-05	0.00e+00	0.00e+00	0.00e+00	2.79e-14	1.65e-14	5.54e-15
 1.06093e+15	6.41e-14	3.53e-07	9.84e-03	8.85e-01	1.05e-01	9.31e-06	0.00e+00	0.00e+00	0.00e+00	3.58e-14	2.11e-14	7.10e-15
 1.10208e+15	8.17e-14	4.17e-07	1.07e-02	8.92e-01	9.77e-02	7.97e-06	0.00e+00	0.00e+00	0.00e+00	4.57e-14	2.69e-14	9.05e-15
 1.14488e+15	1.04e-13	4.91e-07	1.17e-02	8.98e-01	9.06e-02	6.81e-06	0.00e+00	0.00e+00	0.00e+00	5.82e-14	3.43e-14	1.15e-14
 1.19071e+15	1.34e-13	5.82e-07	1.28e-02	9.04e-01	8.37e-02	5.78e-06	0.00e+00	0.00e+00	0.00e+00	7.48e-14	4.40e-14	1.48e-14
 1.23728e+15	1.71e-13	6.86e-07	1.40e-02	9.09e-01	7.73e-02	4.92e-06	0.00e+00	0.00e+00	0.00e+00	9.54e-14	5.60e-14	1.89e-14
 1.28571e+15	2.18e-13	8.10e-07	1.53e-02	9.13e-01	7.14e-02	4.18e-06	0.00e+00	0.00e+00	0.00e+00	1.22e-13	7.15e-14	2.41e-14
 1.33717e+15	2.80e-13	9.60e-07	1.67e-02	9.18e-01	6.58e-02	3.53e-06	0.00e+00	0.00e+00	0.00e+00	1.57e-13	9.17e-14	3.10e-14
 1.39068e+15	3.59e-13	1.14e-06	1.83e-02	9.21e-01	6.05e-02	2.98e-06	0.00e+00	0.00e+00	0.00e+00	2.01e-13	1.18e-13	3.98e-14
 1.44634e+15	4.62e-13	1.35e-06	2.00e-02	9.24e-01	5.55e-02	2.51e-06	0.00e+00	0.00e+00	0.00e+00	2.59e-13	1.51e-13	5.11e-14
 1.50423e+15	5.93e-13	1.60e-06	2.19e-02	9.27e-01	5.09e-02	2.12e-06	0.00e+00	0.00e+00	0.00e+00	3.33e-13	1.94e-13	6.57e-14
 1.56442e+15	7.63e-13	1.90e-06	2.40e-02	9.29e-01	4.67e-02	1.78e-06	0.00e+00	0.00e+00	0.00e+00	4.29e-13	2.49e-13	8.45e-14
 1.62703e+15	9.82e-13	2.25e-06	2.63e-02	9.31e-01	4.27e-02	1.49e-06	0.00e+00	0.00e+00	0.00e+00	5.52e-13	3.19e-13	1.09e-13
 1.69214e+15	1.26e-12	2.67e-06	2.88e-02	9.32e-01	3.90e-02	1.25e-06	0.00e+00	0.00e+00	0.00e+00	7.12e-13	4.11e-13	1.40e-13
 1.75986e+15	1.63e-12	3.17e-06	3.16e-02	9.33e-01	3.55e-02	1.04e-06	0.00e+00	0.00e+00	0.00e+00	9.19e-13	5.29e-13	1.80e-13
 1.83028e+15	2.11e-12	3.78e-06	3.47e-02	9.33e-01	3.24e-02	8.66e-07	0.00e+00	0.00e+00	0.00e+00	1.19e-12	6.81e-13	2.33e-13
 1.90352e+15	2.72e-12	4.50e-06	3.81e-02	9.32e-01	2.94e-02	0.00e+00	0.00e+00	0.00e+00	0.00e+00	1.54e-12	8.78e-13	3.00e-13
 1.97969e+15	3.52e-12	5.37e-06	4.20e-02	9.31e-01	2.67e-02	0.00e+00	0.00e+00	0.00e+00	0.00e+00	1.99e-12	1.13e-12	3.89e-13
 2.05891e+15	4.57e-12	6.41e-06	4.63e-02	9.30e-01	2.41e-02	0.00e+00	0.00e+00	0.00e+00	0.00e+00	2.59e-12	1.47e-12	5.04e-13
 2.14130e+15	5.94e-12	7.67e-06	5.11e-02	9.27e-01	2.18e-02	0.00e+00	0.00e+00	0.00e+00	0.00e+00	3.37e-12	1.90e-12	6.54e-13
 2.22698e+15	7.74e-12	9.21e-06	5.66e-02	9.24e-01	1.96e-02	0.00e+00	0.00e+00	0.00e+00	0.00e+00	4.40e-12	2.47e-12	8.52e-13
 2.31609e+15	1.01e-11	1.11e-05	6.29e-02	9.20e-01	1.76e-02	0.00e+00	0.00e+00	0.00e+00	0.00e+00	5.74e-12	3.22e-12	1.11e-12
 2.40876e+15	1.32e-11	1.34e-05	7.00e-02	9.14e-01	1.57e-02	0.00e+00	0.00e+00	0.00e+00	0.00e+00	7.54e-12	4.21e-12	1.45e-12
 2.50514e+15	1.74e-11	1.62e-05	7.83e-02	9.08e-01	1.40e-02	0.00e+00	0.00e+00	0.00e+00	0.00e+00	9.95e-12	5.52e-12	1.91e-12
 2.60538e+15	2.31e-11	1.97e-05	8.79e-02	9.00e-01	1.24e-02	0.00e+00	0.00e+00	0.00e+00	0.00e+00	1.32e-11	7.29e-12	2.53e-12
 2.70962e+15	3.07e-11	2.41e-05	9.92e-02	8.90e-01	1.09e-02	0.00e+00	0.00e+00	0.00e+00	0.00e+00	1.76e-11	9.68e-12	3.36e-12
 2.81804e+15	4.12e-11	2.97e-05	1.13e-01	8.78e-01	9.52e-03	0.00e+00	0.00e+00	0.00e+00	0.00e+00	2.36e-11	1.29e-11	4.50e-12
 2.93079e+15	5.57e-11	3.69e-05	1.29e-01	8.63e-01	8.24e-03	0.00e+00	0.00e+00	0.00e+00	0.00e+00	3.20e-11	1.75e-11	6.09e-12
 3.04805e+15	7.63e-11	4.64e-05	1.49e-01	8.44e-01	7.05e-03	0.00e+00	0.00e+00	0.00e+00	0.00e+00	4.39e-11	2.39e-11	8.33e-12
 3.16491e+15	1.04e-10	5.83e-05	1.73e-01	8.21e-01	5.98e-03	0.00e+00	0.00e+00	0.00e+00	0.00e+00	6.01e-11	3.26e-11	1.14e-11
 3.27306e+15	1.40e-10	7.25e-05	2.00e-01	7.95e-01	5.08e-03	0.00e+00	0.00e+00	0.00e+00	0.00e+00	8.06e-11	4.36e-11	1.52e-11
 3.36979e+15	1.82e-10	8.86e-05	2.29e-01	7.67e-01	4.34e-03	0.00e+00	0.00e+00	0.00e+00	0.00e+00	1.05e-10	5.68e-11	1.98e-11
 3.45734e+15	2.34e-10	1.07e-04	2.61e-01	7.36e-01	3.71e-03	0.00e+00	0.00e+00	0.00e+00	0.00e+00	1.35e-10	7.27e-11	2.54e-11
 3.53802e+15	2.95e-10	1.28e-04	2.96e-01	7.01e-01	3.15e-03	0.00e+00	0.00e+00	0.00e+00	0.00e+00	1.70e-10	9.17e-11	3.20e-11
 3.61235e+15	3.68e-10	1.52e-04	3.34e-01	6.63e-01	2.67e-03	0.00e+00	0.00e+00	0.00e+00	0.00e+00	2.13e-10	1.14e-10	4.00e-11
 3.68006e+15	4.53e-10	1.79e-04	3.75e-01	6.22e-01	2.24e-03	0.00e+00	0.00e+00	0.00e+00	0.00e+00	2.62e-10	1.41e-10	4.91e-11
 3.74131e+15	5.49e-10	2.08e-04	4.19e-01	5.79e-01	1.87e-03	0.00e+00	0.00e+00	0.00e+00	0.00e+00	3.17e-10	1.70e-10	5.95e-11
 3.79708e+15	6.57e-10	2.40e-04	4.65e-01	5.33e-01	1.55e-03	0.00e+00	0.00e+00	0.00e+00	0.00e+00	3.80e-10	2.04e-10	7.12e-11
 3.84835e+15	7.78e-10	2.74e-04	5.13e-01	4.85e-01	1.27e-03	0.00e+00	0.00e+00	0.00e+00	0.00e+00	4.50e-10	2.41e-10	8.42e-11
 3.89582e+15	9.11e-10	3.11e-04	5.63e-01	4.36e-01	1.02e-03	0.00e+00	0.00e+00	0.00e+00	0.00e+00	5.27e-10	2.83e-10	9.85e-11
 3.94014e+15	1.05e-09	3.50e-04	6.14e-01	3.85e-01	8.07e-04	0.00e+00	0.00e+00	0.00e+00	0.00e+00	6.11e-10	3.27e-10	1.14e-10
 3.98204e+15	1.21e-09	3.90e-04	6.65e-01	3.34e-01	6.23e-04	0.00e+00	0.00e+00	0.00e+00	0.00e+00	7.01e-10	3.75e-10	1.31e-10
 4.02238e+15	1.37e-09	4.32e-04	7.16e-01	2.83e-01	4.66e-04	0.00e+00	0.00e+00	0.00e+00	0.00e+00	7.96e-10	4.26e-10	1.48e-10
 4.06214e+15	1.55e-09	4.75e-04	7.66e-01	2.33e-01	3.34e-04	0.00e+00	0.00e+00	0.00e+00	0.00e+00	8.99e-10	4.81e-10	1.67e-10
 4.10785e+15	1.77e-09	5.26e-04	8.21e-01	1.78e-01	2.14e-04	0.00e+00	0.00e+00	0.00e+00	0.00e+00	1.02e-09	5.48e-10	1.91e-10
 4.15831e+15	2.00e-09	5.77e-04	8.74e-01	1.26e-01	1.22e-04	0.00e+00	0.00e+00	0.00e+00	0.00e+00	1.16e-09	6.21e-10	2.16e-10
 4.21494e+15	2.26e-09	6.29e-04	9.19e-01	8.05e-02	5.96e-05	0.00e+00	0.00e+00	0.00e+00	0.00e+00	1.31e-09	7.00e-10	2.43e-10
 4.28855e+15	2.55e-09	6.83e-04	9.56e-01	4.38e-02	2.21e-05	0.00e+00	0.00e+00	0.00e+00	0.00e+00	1.48e-09	7.92e-10	2.75e-10
 4.38425e+15	2.90e-09	7.36e-04	9.78e-01	2.13e-02	6.37e-06	0.00e+00	0.00e+00	0.00e+00	0.00e+00	1.68e-09	8.99e-10	3.12e-10
 4.50865e+15	3.31e-09	7.89e-04	9.88e-01	1.11e-02	1.68e-06	0.00e+00	0.00e+00	0.00e+00	0.00e+00	1.92e-09	1.03e-09	3.56e-10
 4.67038e+15	3.85e-09	8.51e-04	9.92e-01	7.40e-03	4.68e-07	0.00e+00	0.00e+00	0.00e+00	0.00e+00	2.24e-09	1.19e-09	4.14e-10
 4.85704e+15	4.54e-09	9.22e-04	9.93e-01	6.06e-03	0.00e+00	0.00e+00	0.00e+00	0.00e+00	0.00e+00	2.64e-09	1.40e-09	4.88e-10
 5.05135e+15	5.34e-09	9.98e-04	9.94e-01	5.41e-03	0.00e+00	0.00e+00	0.00e+00	0.00e+00	0.00e+00	3.10e-09	1.65e-09	5.74e-10
 5.25344e+15	6.28e-09	1.08e-03	9.94e-01	4.88e-03	0.00e+00	0.00e+00	0.00e+00	0.00e+00	0.00e+00	3.65e-09	1.94e-09	6.75e-10
 5.46360e+15	7.40e-09	1.17e-03	9.94e-01	4.46e-03	0.00e+00	0.00e+00	0.00e+00	0.00e+00	0.00e+00	4.30e-09	2.29e-09	7.95e-10
 5.68218e+15	8.72e-09	1.27e-03	9.95e-01	4.08e-03	0.00e+00	0.00e+00	0.00e+00	0.00e+00	0.00e+00	5.07e-09	2.70e-09	9.36e-10
 5.90949e+15	1.03e-08	1.37e-03	9.95e-01	3.73e-03	0.00e+00	0.00e+00	0.00e+00	0.00e+00	0.00e+00	5.98e-09	3.18e-09	1.10e-09
 6.14590e+15	1.21e-08	1.48e-03	9.95e-01	3.41e-03	0.00e+00	0.00e+00	0.00e+00	0.00e+00	0.00e+00	7.06e-09	3.75e-09	1.30e-09
 6.39177e+15	1.43e-08	1.61e-03	9.95e-01	3.11e-03	0.00e+00	0.00e+00	0.00e+00	0.00e+00	0.00e+00	8.33e-09	4.43e-09	1.54e-09
 6.64747e+15	1.69e-08	1.74e-03	9.95e-01	2.84e-03	0.00e+00	0.00e+00	0.00e+00	0.00e+00	0.00e+00	9.85e-09	5.23e-09	1.82e-09
 6.91340e+15	2.00e-08	1.89e-03	9.96e-01	2.58e-03	0.00e+00	0.00e+00	0.00e+00	0.00e+00	0.00e+00	1.17e-08	6.19e-09	2.15e-09
 7.18997e+15	2.37e-08	2.04e-03	9.96e-01	2.35e-03	0.00e+00	0.00e+00	0.00e+00	0.00e+00	0.00e+00	1.38e-08	7.33e-09	2.54e-09
 7.47759e+15	2.81e-08	2.22e-03	9.96e-01	2.14e-03	0.00e+00	0.00e+00	0.00e+00	0.00e+00	0.00e+00	1.64e-08	8.69e-09	3.01e-09
 7.77673e+15	3.34e-08	2.41e-03	9.96e-01	1.94e-03	0.00e+00	0.00e+00	0.00e+00	0.00e+00	0.00e+00	1.94e-08	1.03e-08	3.57e-09
 8.08783e+15	3.97e-08	2.61e-03	9.96e-01	1.76e-03	0.00e+00	0.00e+00	0.00e+00	0.00e+00	0.00e+00	2.31e-08	1.23e-08	4.24e-09
 8.41137e+15	4.72e-08	2.83e-03	9.96e-01	1.59e-03	0.00e+00	0.00e+00	0.00e+00	0.00e+00	0.00e+00	2.75e-08	1.46e-08	5.04e-09
 8.74785e+15	5.62e-08	3.08e-03	9.95e-01	1.44e-03	0.00e+00	0.00e+00	0.00e+00	0.00e+00	0.00e+00	3.27e-08	1.74e-08	6.01e-09
 9.09780e+15	6.71e-08	3.35e-03	9.95e-01	1.30e-03	0.00e+00	0.00e+00	0.00e+00	0.00e+00	0.00e+00	3.91e-08	2.07e-08	7.16e-09
 9.44922e+15	7.95e-08	3.62e-03	9.95e-01	1.17e-03	0.00e+00	0.00e+00	0.00e+00	0.00e+00	0.00e+00	4.63e-08	2.45e-08	8.48e-09
 9.81470e+15	9.48e-08	3.94e-03	9.95e-01	1.06e-03	0.00e+00	0.00e+00	0.00e+00	0.00e+00	0.00e+00	5.52e-08	2.93e-08	1.01e-08
 1.02073e+16	1.13e-07	4.28e-03	9.95e-01	9.52e-04	0.00e+00	0.00e+00	0.00e+00	0.00e+00	0.00e+00	6.60e-08	3.50e-08	1.21e-08
 1.06156e+16	1.37e-07	4.67e-03	9.94e-01	8.53e-04	0.00e+00	0.00e+00	0.00e+00	0.00e+00	0.00e+00	7.96e-08	4.22e-08	1.46e-08
 1.10302e+16	1.63e-07	5.07e-03	9.94e-01	7.64e-04	0.00e+00	0.00e+00	0.00e+00	0.00e+00	0.00e+00	9.50e-08	5.04e-08	1.74e-08
 1.14614e+16	1.96e-07	5.53e-03	9.94e-01	6.86e-04	0.00e+00	0.00e+00	0.00e+00	0.00e+00	0.00e+00	1.14e-07	6.07e-08	2.09e-08
 1.19198e+16	2.38e-07	6.03e-03	9.93e-01	6.09e-04	0.00e+00	0.00e+00	0.00e+00	0.00e+00	0.00e+00	1.38e-07	7.34e-08	2.53e-08
 1.23967e+16	2.89e-07	6.60e-03	9.93e-01	5.42e-04	0.00e+00	0.00e+00	0.00e+00	0.00e+00	0.00e+00	1.68e-07	8.92e-08	3.08e-08
 1.28926e+16	3.51e-07	7.22e-03	9.92e-01	4.79e-04	0.00e+00	0.00e+00	0.00e+00	0.00e+00	0.00e+00	2.04e-07	1.09e-07	3.74e-08
 1.34083e+16	4.30e-07	7.91e-03	9.92e-01	4.24e-04	0.00e+00	0.00e+00	0.00e+00	0.00e+00	0.00e+00	2.50e-07	1.33e-07	4.58e-08
 1.39447e+16	5.28e-07	8.68e-03	9.91e-01	3.73e-04	0.00e+00	0.00e+00	0.00e+00	0.00e+00	0.00e+00	3.07e-07	1.63e-07	5.62e-08
 1.45025e+16	6.53e-07	9.56e-03	9.90e-01	3.28e-04	0.00e+00	0.00e+00	0.00e+00	0.00e+00	0.00e+00	3.80e-07	2.02e-07	6.95e-08
 1.50826e+16	8.08e-07	1.05e-02	9.89e-01	2.87e-04	0.00e+00	0.00e+00	0.00e+00	0.00e+00	0.00e+00	4.69e-07	2.50e-07	8.60e-08
 1.56859e+16	1.01e-06	1.16e-02	9.88e-01	2.52e-04	0.00e+00	0.00e+00	0.00e+00	0.00e+00	0.00e+00	5.86e-07	3.13e-07	1.07e-07
 1.63134e+16	1.27e-06	1.28e-02	9.87e-01	2.19e-04	0.00e+00	0.00e+00	0.00e+00	0.00e+00	0.00e+00	7.37e-07	3.94e-07	1.35e-07
 1.69521e+16	1.60e-06	1.42e-02	9.86e-01	1.91e-04	0.00e+00	0.00e+00	0.00e+00	0.00e+00	0.00e+00	9.31e-07	4.98e-07	1.71e-07
 1.75887e+16	2.03e-06	1.57e-02	9.84e-01	1.67e-04	0.00e+00	0.00e+00	0.00e+00	0.00e+00	0.00e+00	1.18e-06	6.30e-07	2.16e-07
 1.82646e+16	2.61e-06	1.74e-02	9.82e-01	1.45e-04	0.00e+00	0.00e+00	0.00e+00	0.00e+00	0.00e+00	1.51e-06	8.11e-07	2.78e-07
 1.89643e+16	3.40e-06	1.95e-02	9.80e-01	1.26e-04	0.00e+00	0.00e+00	0.00e+00	0.00e+00	0.00e+00	1.97e-06	1.06e-06	3.62e-07
 1.96227e+16	4.40e-06	2.16e-02	9.78e-01	1.10e-04	0.00e+00	0.00e+00	0.00e+00	0.00e+00	0.00e+00	2.55e-06	1.37e-06	4.68e-07
 2.02525e+16	5.69e-06	2.39e-02	9.76e-01	9.75e-05	0.00e+00	0.00e+00	0.00e+00	0.00e+00	0.00e+00	3.30e-06	1.77e-06	6.05e-07
 2.09723e+16	7.76e-06	2.70e-02	9.73e-01	8.37e-05	0.00e+00	0.00e+00	0.00e+00	0.00e+00	0.00e+00	4.50e-06	2.41e-06	8.25e-07
 2.17272e+16	1.09e-05	3.08e-02	9.69e-01	7.21e-05	0.00e+00	0.00e+00	0.00e+00	0.00e+00	0.00e+00	6.33e-06	3.39e-06	1.16e-06
 2.23549e+16	1.49e-05	3.45e-02	9.65e-01	6.35e-05	0.00e+00	0.00e+00	0.00e+00	0.00e+00	0.00e+00	8.62e-06	4.62e-06	1.58e-06
 2.28981e+16	1.99e-05	3.85e-02	9.61e-01	5.66e-05	0.00e+00	0.00e+00	0.00e+00	0.00e+00	0.00e+00	1.15e-05	6.18e-06	2.12e-06
 2.34163e+16	2.70e-05	4.30e-02	9.57e-01	5.05e-05	0.00e+00	0.00e+00	0.00e+00	0.00e+00	0.00e+00	1.56e-05	8.37e-06	2.87e-06
 2.39177e+16	3.73e-05	4.84e-02	9.52e-01	4.50e-05	0.00e+00	0.00e+00	0.00e+00	0.00e+00	0.00e+00	2.16e-05	1.16e-05	3.97e-06
 2.43198e+16	4.96e-05	5.37e-02	9.46e-01	4.09e-05	0.00e+00	0.00e+00	0.00e+00	0.00e+00	0.00e+00	2.88e-05	1.54e-05	5.28e-06
 2.45538e+16	5.93e-05	5.74e-02	9.43e-01	3.85e-05	0.00e+00	0.00e+00	0.00e+00	0.00e+00	0.00e+00	3.44e-05	1.84e-05	6.32e-06
 2.46995e+16	6.69e-05	5.99e-02	9.40e-01	3.69e-05	0.00e+00	0.00e+00	0.00e+00	0.00e+00	0.00e+00	3.88e-05	2.08e-05	7.12e-06
 2.48539e+16	7.66e-05	6.30e-02	9.37e-01	3.52e-05	0.00e+00	0.00e+00	0.00e+00	0.00e+00	0.00e+00	4.44e-05	2.37e-05	8.15e-06
 2.50546e+16	9.20e-05	6.75e-02	9.32e-01	3.31e-05	0.00e+00	0.00e+00	0.00e+00	0.00e+00	0.00e+00	5.34e-05	2.85e-05	9.79e-06
 2.52566e+16	1.12e-04	7.27e-02	9.27e-01	3.11e-05	0.00e+00	0.00e+00	0.00e+00	0.00e+00	0.00e+00	6.49e-05	3.47e-05	1.19e-05
 2.54095e+16	1.31e-04	7.72e-02	9.23e-01	2.94e-05	0.00e+00	0.00e+00	0.00e+00	0.00e+00	0.00e+00	7.60e-05	4.06e-05	1.39e-05
 2.55326e+16	1.50e-04	8.13e-02	9.19e-01	2.81e-05	0.00e+00	0.00e+00	0.00e+00	0.00e+00	0.00e+00	8.70e-05	4.64e-05	1.59e-05
 2.56681e+16	1.76e-04	8.65e-02	9.13e-01	2.64e-05	0.00e+00	0.00e+00	0.00e+00	0.00e+00	0.00e+00	1.02e-04	5.45e-05	1.87e-05
 2.58123e+16	2.10e-04	9.28e-02	9.07e-01	2.47e-05	0.00e+00	0.00e+00	0.00e+00	0.00e+00	0.00e+00	1.22e-04	6.50e-05	2.23e-05
 2.59330e+16	2.46e-04	9.88e-02	9.01e-01	2.33e-05	0.00e+00	0.00e+00	0.00e+00	0.00e+00	0.00e+00	1.43e-04	7.62e-05	2.61e-05
 2.60333e+16	2.83e-04	1.05e-01	8.95e-01	2.22e-05	0.00e+00	0.00e+00	0.00e+00	0.00e+00	0.00e+00	1.64e-04	8.75e-05	3.00e-05
 2.61422e+16	3.33e-04	1.12e-01	8.88e-01	2.07e-05	0.00e+00	0.00e+00	0.00e+00	0.00e+00	0.00e+00	1.93e-04	1.03e-04	3.54e-05
 2.62558e+16	3.97e-04	1.20e-01	8.79e-01	1.93e-05	0.00e+00	0.00e+00	0.00e+00	0.00e+00	0.00e+00	2.30e-04	1.23e-04	4.21e-05
 2.63486e+16	4.63e-04	1.28e-01	8.71e-01	1.82e-05	0.00e+00	0.00e+00	0.00e+00	0.00e+00	0.00e+00	2.69e-04	1.43e-04	4.92e-05
 2.64266e+16	5.31e-04	1.36e-01	8.64e-01	1.71e-05	0.00e+00	0.00e+00	0.00e+00	0.00e+00	0.00e+00	3.08e-04	1.64e-04	5.64e-05
 2.65123e+16	6.25e-04	1.45e-01	8.54e-01	1.59e-05	0.00e+00	0.00e+00	0.00e+00	0.00e+00	0.00e+00	3.63e-04	1.93e-04	6.63e-05
 2.66025e+16	7.46e-04	1.57e-01	8.42e-01	1.47e-05	0.00e+00	0.00e+00	0.00e+00	0.00e+00	0.00e+00	4.33e-04	2.31e-04	7.91e-05
 2.66770e+16	8.71e-04	1.68e-01	8.31e-01	1.37e-05	0.00e+00	0.00e+00	0.00e+00	0.00e+00	0.00e+00	5.06e-04	2.70e-04	9.24e-05
 2.67396e+16	1.00e-03	1.78e-01	8.21e-01	1.28e-05	0.00e+00	0.00e+00	0.00e+00	0.00e+00	0.00e+00	5.82e-04	3.10e-04	1.06e-04
 2.68087e+16	1.18e-03	1.91e-01	8.07e-01	1.17e-05	0.00e+00	0.00e+00	0.00e+00	0.00e+00	0.00e+00	6.86e-04	3.65e-04	1.25e-04
 2.68813e+16	1.41e-03	2.07e-01	7.92e-01	1.07e-05	0.00e+00	0.00e+00	0.00e+00	0.00e+00	0.00e+00	8.21e-04	4.37e-04	1.50e-04
 2.69413e+16	1.65e-03	2.22e-01	7.77e-01	9.79e-06	0.00e+00	0.00e+00	0.00e+00	0.00e+00	0.00e+00	9.62e-04	5.11e-04	1.75e-04
 2.69923e+16	1.91e-03	2.36e-01	7.62e-01	9.08e-06	0.00e+00	0.00e+00	0.00e+00	0.00e+00	0.00e+00	1.11e-03	5.89e-04	2.02e-04
 2.70487e+16	2.26e-03	2.54e-01	7.43e-01	8.19e-06	0.00e+00	0.00e+00	0.00e+00	0.00e+00	0.00e+00	1.31e-03	6.98e-04	2.39e-04
 2.71080e+16	2.71e-03	2.76e-01	7.22e-01	7.32e-06	0.00e+00	0.00e+00	0.00e+00	0.00e+00	0.00e+00	1.58e-03	8.38e-04	2.87e-04
 2.71577e+16	3.20e-03	2.96e-01	7.01e-01	6.56e-06	0.00e+00	0.00e+00	0.00e+00	0.00e+00	0.00e+00	1.86e-03	9.87e-04	3.38e-04
 2.72007e+16	3.71e-03	3.16e-01	6.81e-01	5.95e-06	0.00e+00	0.00e+00	0.00e+00	0.00e+00	0.00e+00	2.16e-03	1.15e-03	3.92e-04
 2.72483e+16	4.44e-03	3.41e-01	6.55e-01	5.22e-06	0.00e+00	0.00e+00	0.00e+00	0.00e+00	0.00e+00	2.58e-03	1.37e-03	4.69e-04
 2.72986e+16	5.40e-03	3.70e-01	6.24e-01	4.50e-06	0.00e+00	0.00e+00	0.00e+00	0.00e+00	0.00e+00	3.14e-03	1.67e-03	5.69e-04
 2.73410e+16	6.43e-03	3.98e-01	5.95e-01	3.91e-06	0.00e+00	0.00e+00	0.00e+00	0.00e+00	0.00e+00	3.74e-03	1.98e-03	6.78e-04
 2.73780e+16	7.58e-03	4.25e-01	5.67e-01	3.40e-06	0.00e+00	0.00e+00	0.00e+00	0.00e+00	0.00e+00	4.41e-03	2.34e-03	7.97e-04
 2.74191e+16	9.21e-03	4.59e-01	5.31e-01	2.85e-06	0.00e+00	0.00e+00	0.00e+00	0.00e+00	0.00e+00	5.36e-03	2.84e-03	9.69e-04
 2.74633e+16	1.15e-02	4.99e-01	4.89e-01	2.29e-06	0.00e+00	0.00e+00	0.00e+00	0.00e+00	0.00e+00	6.67e-03	3.53e-03	1.20e-03
 2.75015e+16	1.40e-02	5.37e-01	4.49e-01	1.84e-06	0.00e+00	0.00e+00	0.00e+00	0.00e+00	0.00e+00	8.17e-03	4.33e-03	1.47e-03
 2.75340e+16	1.69e-02	5.72e-01	4.11e-01	1.49e-06	0.00e+00	0.00e+00	0.00e+00	0.00e+00	0.00e+00	9.82e-03	5.20e-03	1.77e-03
 2.75630e+16	2.01e-02	6.05e-01	3.74e-01	1.20e-06	0.00e+00	0.00e+00	0.00e+00	0.00e+00	0.00e+00	1.17e-02	6.19e-03	2.10e-03
 2.75947e+16	2.47e-02	6.44e-01	3.32e-01	9.11e-07	0.00e+00	0.00e+00	0.00e+00	0.00e+00	0.00e+00	1.44e-02	7.60e-03	2.58e-03
 2.76283e+16	3.10e-02	6.84e-01	2.85e-01	0.00e+00	0.00e+00	0.00e+00	0.00e+00	0.00e+00	0.00e+00	1.81e-02	9.55e-03	3.24e-03
 2.76562e+16	3.80e-02	7.18e-01	2.44e-01	0.00e+00	0.00e+00	0.00e+00	0.00e+00	0.00e+00	0.00e+00	2.22e-02	1.17e-02	3.98e-03
 2.76792e+16	4.56e-02	7.44e-01	2.10e-01	0.00e+00	0.00e+00	0.00e+00	0.00e+00	0.00e+00	0.00e+00	2.66e-02	1.40e-02	4.77e-03
 2.77040e+16	5.63e-02	7.70e-01	1.73e-01	0.00e+00	0.00e+00	0.00e+00	0.00e+00	0.00e+00	0.00e+00	3.28e-02	1.73e-02	5.90e-03
 2.77299e+16	7.12e-02	7.92e-01	1.37e-01	0.00e+00	0.00e+00	0.00e+00	0.00e+00	0.00e+00	0.00e+00	4.15e-02	2.19e-02	7.46e-03
 2.77508e+16	8.75e-02	8.04e-01	1.08e-01	0.00e+00	0.00e+00	0.00e+00	0.00e+00	0.00e+00	0.00e+00	5.10e-02	2.69e-02	9.17e-03
 2.77653e+16	1.02e-01	8.08e-01	9.01e-02	0.00e+00	0.00e+00	0.00e+00	0.00e+00	0.00e+00	0.00e+00	5.95e-02	3.13e-02	1.07e-02
 2.77752e+16	1.14e-01	8.08e-01	7.82e-02	0.00e+00	0.00e+00	0.00e+00	0.00e+00	0.00e+00	0.00e+00	6.66e-02	3.50e-02	1.19e-02
 2.77854e+16	1.29e-01	8.05e-01	6.64e-02	0.00e+00	0.00e+00	0.00e+00	0.00e+00	0.00e+00	0.00e+00	7.52e-02	3.95e-02	1.35e-02
 2.77967e+16	1.47e-01	7.98e-01	5.49e-02	0.00e+00	0.00e+00	0.00e+00	0.00e+00	0.00e+00	0.00e+00	8.59e-02	4.51e-02	1.54e-02
 2.78069e+16	1.66e-01	7.88e-01	4.55e-02	0.00e+00	0.00e+00	0.00e+00	0.00e+00	0.00e+00	0.00e+00	9.73e-02	5.10e-02	1.74e-02
 2.78156e+16	1.86e-01	7.76e-01	3.81e-02	0.00e+00	0.00e+00	0.00e+00	0.00e+00	0.00e+00	0.00e+00	1.09e-01	5.69e-02	1.95e-02
