#depth	O	O+	O+2	O+3	O+4	O+5	O+6	O+7	O+8	O[1]	O[2]	O[3]
 1.49634e+10	0.00e+00	0.00e+00	2.48e-33	3.44e-24	7.00e-16	1.91e-08	1.00e+00	0.00e+00	0.00e+00	0.00e+00	0.00e+00	0.00e+00
 4.54887e+10	0.00e+00	2.52e-43	3.42e-33	4.38e-24	8.23e-16	2.07e-08	1.00e+00	4.76e-07	0.00e+00	0.00e+00	0.00e+00	0.00e+00
 7.72350e+10	0.00e+00	0.00e+00	4.71e-33	5.57e-24	9.67e-16	2.25e-08	1.00e+00	0.00e+00	0.00e+00	0.00e+00	0.00e+00	0.00e+00
 1.10251e+11	0.00e+00	5.60e-43	6.49e-33	7.09e-24	1.14e-15	2.44e-08	1.00e+00	0.00e+00	0.00e+00	0.00e+00	0.00e+00	0.00e+00
 1.44588e+11	0.00e+00	0.00e+00	8.94e-33	9.03e-24	1.34e-15	2.65e-08	1.00e+00	0.00e+00	0.00e+00	0.00e+00	0.00e+00	0.00e+00
 1.80298e+11	0.00e+00	1.25e-42	1.23e-32	1.15e-23	1.57e-15	2.87e-08	1.00e+00	0.00e+00	0.00e+00	0.00e+00	0.00e+00	0.00e+00
 2.17437e+11	0.00e+00	0.00e+00	1.70e-32	1.47e-23	1.85e-15	3.12e-08	1.00e+00	0.00e+00	0.00e+00	0.00e+00	0.00e+00	0.00e+00
 2.56061e+11	0.00e+00	2.79e-42	2.35e-32	1.87e-23	2.18e-15	3.38e-08	1.00e+00	0.00e+00	0.00e+00	0.00e+00	0.00e+00	0.00e+00
 2.96231e+11	0.00e+00	0.00e+00	3.24e-32	2.38e-23	2.57e-15	3.67e-08	1.00e+00	0.00e+00	0.00e+00	0.00e+00	0.00e+00	0.00e+00
 3.38007e+11	0.00e+00	6.26e-42	4.48e-32	3.04e-23	3.02e-15	3.99e-08	1.00e+00	0.00e+00	0.00e+00	0.00e+00	0.00e+00	0.00e+00
 3.77179e+11	0.00e+00	0.00e+00	6.00e-32	3.79e-23	3.51e-15	4.30e-08	1.00e+00	0.00e+00	0.00e+00	0.00e+00	0.00e+00	0.00e+00
 4.12035e+11	0.00e+00	1.23e-41	7.73e-32	4.59e-23	3.98e-15	4.58e-08	1.00e+00	0.00e+00	0.00e+00	0.00e+00	0.00e+00	0.00e+00
 4.51092e+11	0.00e+00	0.00e+00	1.02e-31	5.65e-23	4.58e-15	4.92e-08	1.00e+00	0.00e+00	0.00e+00	0.00e+00	0.00e+00	0.00e+00
 4.97594e+11	0.00e+00	2.58e-41	1.40e-31	7.17e-23	5.38e-15	5.33e-08	1.00e+00	0.00e+00	0.00e+00	0.00e+00	0.00e+00	0.00e+00
 5.44263e+11	0.00e+00	0.00e+00	1.89e-31	9.04e-23	6.29e-15	5.77e-08	1.00e+00	0.00e+00	0.00e+00	0.00e+00	0.00e+00	0.00e+00
 5.87899e+11	0.00e+00	5.33e-41	2.50e-31	1.11e-22	7.24e-15	6.19e-08	1.00e+00	0.00e+00	0.00e+00	0.00e+00	0.00e+00	0.00e+00
 6.36441e+11	0.00e+00	0.00e+00	3.36e-31	1.39e-22	8.43e-15	6.69e-08	1.00e+00	0.00e+00	0.00e+00	0.00e+00	0.00e+00	0.00e+00
 6.91826e+11	0.00e+00	1.16e-40	4.66e-31	1.79e-22	9.97e-15	7.28e-08	1.00e+00	0.00e+00	0.00e+00	0.00e+00	0.00e+00	0.00e+00
 7.47027e+11	0.00e+00	0.00e+00	6.39e-31	2.27e-22	1.17e-14	7.90e-08	1.00e+00	0.00e+00	0.00e+00	0.00e+00	0.00e+00	0.00e+00
 8.04436e+11	0.00e+00	2.55e-40	8.77e-31	2.88e-22	1.38e-14	8.57e-08	1.00e+00	0.00e+00	0.00e+00	0.00e+00	0.00e+00	0.00e+00
 8.66540e+11	0.00e+00	0.00e+00	1.22e-30	3.70e-22	1.63e-14	9.34e-08	1.00e+00	0.00e+00	0.00e+00	0.00e+00	0.00e+00	0.00e+00
 9.29683e+11	0.00e+00	5.76e-40	1.68e-30	4.73e-22	1.93e-14	1.02e-07	1.00e+00	0.00e+00	0.00e+00	0.00e+00	0.00e+00	0.00e+00
 9.88436e+11	0.00e+00	0.00e+00	2.25e-30	5.90e-22	2.24e-14	1.10e-07	1.00e+00	0.00e+00	0.00e+00	0.00e+00	0.00e+00	0.00e+00
 1.04265e+12	0.00e+00	1.14e-39	2.92e-30	7.18e-22	2.56e-14	1.17e-07	1.00e+00	0.00e+00	0.00e+00	0.00e+00	0.00e+00	0.00e+00
 1.10464e+12	0.00e+00	0.00e+00	3.89e-30	8.95e-22	2.97e-14	1.27e-07	1.00e+00	0.00e+00	0.00e+00	0.00e+00	0.00e+00	0.00e+00
 1.17743e+12	0.00e+00	2.45e-39	5.39e-30	1.15e-21	3.52e-14	1.38e-07	1.00e+00	0.00e+00	0.00e+00	0.00e+00	0.00e+00	0.00e+00
 1.24959e+12	0.00e+00	0.00e+00	7.37e-30	1.46e-21	4.15e-14	1.50e-07	1.00e+00	0.00e+00	0.00e+00	0.00e+00	0.00e+00	0.00e+00
 1.31710e+12	0.00e+00	5.14e-39	9.79e-30	1.81e-21	4.81e-14	1.62e-07	1.00e+00	0.00e+00	0.00e+00	0.00e+00	0.00e+00	0.00e+00
 1.39216e+12	0.00e+00	0.00e+00	1.33e-29	2.28e-21	5.63e-14	1.75e-07	1.00e+00	0.00e+00	0.00e+00	0.00e+00	0.00e+00	0.00e+00
 1.47777e+12	0.00e+00	1.13e-38	1.85e-29	2.94e-21	6.71e-14	1.92e-07	1.00e+00	0.00e+00	0.00e+00	0.00e+00	0.00e+00	0.00e+00
 1.56206e+12	0.00e+00	0.00e+00	2.54e-29	3.75e-21	7.93e-14	2.09e-07	1.00e+00	0.00e+00	0.00e+00	0.00e+00	0.00e+00	0.00e+00
 1.64972e+12	0.00e+00	2.49e-38	3.49e-29	4.78e-21	9.38e-14	2.28e-07	1.00e+00	0.00e+00	0.00e+00	0.00e+00	0.00e+00	0.00e+00
 1.74563e+12	0.00e+00	0.00e+00	4.88e-29	6.18e-21	1.12e-13	2.49e-07	1.00e+00	0.00e+00	0.00e+00	0.00e+00	0.00e+00	0.00e+00
 1.84204e+12	0.00e+00	5.64e-38	6.75e-29	7.93e-21	1.33e-13	2.72e-07	1.00e+00	0.00e+00	0.00e+00	0.00e+00	0.00e+00	0.00e+00
 1.94230e+12	0.00e+00	0.00e+00	9.35e-29	1.02e-20	1.58e-13	2.98e-07	1.00e+00	0.00e+00	0.00e+00	0.00e+00	0.00e+00	0.00e+00
 2.04991e+12	0.00e+00	1.28e-37	1.31e-28	1.32e-20	1.89e-13	3.27e-07	1.00e+00	0.00e+00	0.00e+00	0.00e+00	0.00e+00	0.00e+00
 2.15670e+12	0.00e+00	0.00e+00	1.80e-28	1.69e-20	2.25e-13	3.58e-07	1.00e+00	0.00e+00	0.00e+00	0.00e+00	0.00e+00	0.00e+00
 2.26776e+12	0.00e+00	2.81e-37	2.48e-28	2.16e-20	2.68e-13	3.91e-07	1.00e+00	0.00e+00	0.00e+00	0.00e+00	0.00e+00	0.00e+00
 2.38840e+12	0.00e+00	0.00e+00	3.46e-28	2.80e-20	3.21e-13	4.30e-07	1.00e+00	0.00e+00	0.00e+00	0.00e+00	0.00e+00	0.00e+00
 2.51386e+12	0.00e+00	6.39e-37	4.84e-28	3.63e-20	3.85e-13	4.73e-07	1.00e+00	0.00e+00	0.00e+00	0.00e+00	0.00e+00	0.00e+00
 2.64434e+12	0.00e+00	0.00e+00	6.75e-28	4.71e-20	4.63e-13	5.21e-07	1.00e+00	0.00e+00	0.00e+00	0.00e+00	0.00e+00	0.00e+00
 2.78004e+12	0.00e+00	1.44e-36	9.41e-28	6.10e-20	5.56e-13	5.73e-07	1.00e+00	0.00e+00	0.00e+00	0.00e+00	0.00e+00	0.00e+00
 2.90249e+12	6.07e-46	2.05e-36	1.25e-27	7.64e-20	6.53e-13	6.24e-07	1.00e+00	0.00e+00	0.00e+00	0.00e+00	0.00e+00	0.00e+00
 3.00402e+12	0.00e+00	0.00e+00	1.58e-27	9.15e-20	7.43e-13	6.68e-07	1.00e+00	0.00e+00	0.00e+00	0.00e+00	0.00e+00	0.00e+00
 3.11505e+12	0.00e+00	3.66e-36	2.02e-27	1.11e-19	8.52e-13	7.18e-07	1.00e+00	0.00e+00	0.00e+00	0.00e+00	0.00e+00	0.00e+00
 3.25633e+12	1.88e-45	5.28e-36	2.72e-27	1.40e-19	1.01e-12	7.86e-07	1.00e+00	0.00e+00	0.00e+00	0.00e+00	0.00e+00	0.00e+00
 3.40401e+12	0.00e+00	0.00e+00	3.68e-27	1.78e-19	1.20e-12	8.61e-07	1.00e+00	0.00e+00	0.00e+00	0.00e+00	0.00e+00	0.00e+00
 3.53424e+12	0.00e+00	1.04e-35	4.75e-27	2.18e-19	1.38e-12	9.30e-07	1.00e+00	0.00e+00	0.00e+00	0.00e+00	0.00e+00	0.00e+00
 3.65469e+12	5.82e-45	1.37e-35	5.97e-27	2.61e-19	1.58e-12	9.98e-07	1.00e+00	0.00e+00	0.00e+00	0.00e+00	0.00e+00	0.00e+00
 3.79129e+12	0.00e+00	0.00e+00	7.66e-27	3.18e-19	1.82e-12	1.08e-06	1.00e+00	0.00e+00	0.00e+00	0.00e+00	0.00e+00	0.00e+00
 3.96083e+12	0.00e+00	2.65e-35	1.03e-26	4.03e-19	2.16e-12	1.18e-06	1.00e+00	0.00e+00	0.00e+00	0.00e+00	0.00e+00	0.00e+00
 4.13022e+12	1.92e-44	3.73e-35	1.37e-26	5.06e-19	2.55e-12	1.29e-06	1.00e+00	0.00e+00	0.00e+00	0.00e+00	0.00e+00	0.00e+00
 4.27522e+12	0.00e+00	4.94e-35	1.74e-26	6.11e-19	2.93e-12	1.39e-06	1.00e+00	0.00e+00	0.00e+00	0.00e+00	0.00e+00	0.00e+00
 4.43151e+12	3.79e-44	6.62e-35	2.22e-26	7.43e-19	3.37e-12	1.51e-06	1.00e+00	0.00e+00	0.00e+00	0.00e+00	0.00e+00	0.00e+00
 4.62521e+12	0.00e+00	9.38e-35	2.97e-26	9.38e-19	4.00e-12	1.65e-06	1.00e+00	0.00e+00	0.00e+00	0.00e+00	0.00e+00	0.00e+00
 4.82442e+12	8.55e-44	1.32e-34	3.95e-26	1.18e-18	4.73e-12	1.81e-06	1.00e+00	0.00e+00	0.00e+00	0.00e+00	0.00e+00	0.00e+00
 5.00425e+12	0.00e+00	1.77e-34	5.06e-26	1.44e-18	5.48e-12	1.96e-06	1.00e+00	0.00e+00	0.00e+00	0.00e+00	0.00e+00	0.00e+00
 5.20202e+12	1.75e-43	2.42e-34	6.57e-26	1.78e-18	6.39e-12	2.14e-06	1.00e+00	0.00e+00	0.00e+00	0.00e+00	0.00e+00	0.00e+00
 5.43504e+12	0.00e+00	3.44e-34	8.84e-26	2.26e-18	7.62e-12	2.36e-06	1.00e+00	0.00e+00	0.00e+00	0.00e+00	0.00e+00	0.00e+00
 5.66807e+12	3.92e-43	4.82e-34	1.17e-25	2.84e-18	9.01e-12	2.58e-06	1.00e+00	0.00e+00	0.00e+00	0.00e+00	0.00e+00	0.00e+00
 5.88946e+12	0.00e+00	6.54e-34	1.52e-25	3.50e-18	1.05e-11	2.81e-06	1.00e+00	0.00e+00	0.00e+00	0.00e+00	0.00e+00	0.00e+00
 6.13401e+12	8.21e-43	9.05e-34	2.00e-25	4.37e-18	1.23e-11	3.08e-06	1.00e+00	0.00e+00	0.00e+00	0.00e+00	0.00e+00	0.00e+00
 6.40929e+12	0.00e+00	1.28e-33	2.68e-25	5.56e-18	1.47e-11	3.39e-06	1.00e+00	0.00e+00	0.00e+00	0.00e+00	0.00e+00	0.00e+00
 6.68457e+12	1.82e-42	1.79e-33	3.56e-25	6.99e-18	1.74e-11	3.72e-06	1.00e+00	0.00e+00	0.00e+00	0.00e+00	0.00e+00	0.00e+00
 6.92828e+12	0.00e+00	2.38e-33	4.52e-25	8.50e-18	2.00e-11	4.03e-06	1.00e+00	0.00e+00	0.00e+00	0.00e+00	0.00e+00	0.00e+00
 7.13271e+12	3.32e-42	2.99e-33	5.50e-25	9.96e-18	2.24e-11	4.30e-06	1.00e+00	0.00e+00	0.00e+00	0.00e+00	0.00e+00	0.00e+00
 7.35269e+12	0.00e+00	3.81e-33	6.75e-25	1.18e-17	2.53e-11	4.59e-06	1.00e+00	0.00e+00	0.00e+00	0.00e+00	0.00e+00	0.00e+00
 7.63867e+12	6.26e-42	5.15e-33	8.72e-25	1.45e-17	2.94e-11	5.00e-06	1.00e+00	0.00e+00	0.00e+00	0.00e+00	0.00e+00	0.00e+00
 7.93794e+12	0.00e+00	6.98e-33	1.13e-24	1.79e-17	3.42e-11	5.44e-06	1.00e+00	0.00e+00	0.00e+00	0.00e+00	0.00e+00	0.00e+00
 8.19336e+12	1.19e-41	8.96e-33	1.40e-24	2.13e-17	3.88e-11	5.84e-06	1.00e+00	0.00e+00	0.00e+00	0.00e+00	0.00e+00	0.00e+00
 8.46429e+12	0.00e+00	1.16e-32	1.74e-24	2.54e-17	4.41e-11	6.27e-06	1.00e+00	0.00e+00	0.00e+00	0.00e+00	0.00e+00	0.00e+00
 8.80473e+12	2.31e-41	1.59e-32	2.27e-24	3.16e-17	5.14e-11	6.84e-06	1.00e+00	0.00e+00	0.00e+00	0.00e+00	0.00e+00	0.00e+00
 9.15521e+12	0.00e+00	2.16e-32	2.95e-24	3.91e-17	6.00e-11	7.46e-06	1.00e+00	0.00e+00	0.00e+00	0.00e+00	0.00e+00	0.00e+00
 9.46436e+12	4.49e-41	2.81e-32	3.70e-24	4.70e-17	6.83e-11	8.03e-06	1.00e+00	0.00e+00	0.00e+00	0.00e+00	0.00e+00	0.00e+00
 9.80012e+12	0.00e+00	3.71e-32	4.69e-24	5.69e-17	7.83e-11	8.66e-06	1.00e+00	0.00e+00	0.00e+00	0.00e+00	0.00e+00	0.00e+00
 1.01706e+13	8.71e-41	4.98e-32	6.03e-24	6.99e-17	9.05e-11	9.41e-06	1.00e+00	0.00e+00	0.00e+00	0.00e+00	0.00e+00	0.00e+00
 1.05119e+13	0.00e+00	6.48e-32	7.54e-24	8.39e-17	1.03e-10	1.01e-05	1.00e+00	0.00e+00	0.00e+00	0.00e+00	0.00e+00	0.00e+00
 1.08812e+13	1.63e-40	8.55e-32	9.55e-24	1.02e-16	1.18e-10	1.09e-05	1.00e+00	0.00e+00	0.00e+00	0.00e+00	0.00e+00	0.00e+00
 1.12932e+13	0.00e+00	1.15e-31	1.23e-23	1.25e-16	1.36e-10	1.18e-05	1.00e+00	0.00e+00	0.00e+00	0.00e+00	0.00e+00	0.00e+00
 1.16792e+13	3.13e-40	1.51e-31	1.55e-23	1.50e-16	1.55e-10	1.27e-05	1.00e+00	0.00e+00	0.00e+00	0.00e+00	0.00e+00	0.00e+00
 1.20997e+13	0.00e+00	2.01e-31	1.98e-23	1.83e-16	1.78e-10	1.38e-05	1.00e+00	0.00e+00	0.00e+00	0.00e+00	0.00e+00	0.00e+00
 1.25668e+13	6.19e-40	2.72e-31	2.56e-23	2.26e-16	2.07e-10	1.50e-05	1.00e+00	0.00e+00	0.00e+00	0.00e+00	0.00e+00	0.00e+00
 1.30028e+13	0.00e+00	3.59e-31	3.25e-23	2.74e-16	2.36e-10	1.61e-05	1.00e+00	0.00e+00	0.00e+00	0.00e+00	0.00e+00	0.00e+00
 1.34779e+13	1.20e-39	4.82e-31	4.17e-23	3.35e-16	2.71e-10	1.74e-05	1.00e+00	0.00e+00	0.00e+00	0.00e+00	0.00e+00	0.00e+00
 1.40091e+13	0.00e+00	6.60e-31	5.45e-23	4.16e-16	3.15e-10	1.90e-05	1.00e+00	0.00e+00	0.00e+00	0.00e+00	0.00e+00	0.00e+00
 1.45102e+13	2.40e-39	8.81e-31	6.97e-23	5.07e-16	3.61e-10	2.05e-05	1.00e+00	0.00e+00	0.00e+00	0.00e+00	0.00e+00	0.00e+00
 1.50585e+13	0.00e+00	1.20e-30	9.05e-23	6.24e-16	4.17e-10	2.22e-05	1.00e+00	0.00e+00	0.00e+00	0.00e+00	0.00e+00	0.00e+00
 1.56725e+13	5.01e-39	1.67e-30	1.20e-22	7.82e-16	4.87e-10	2.42e-05	1.00e+00	0.00e+00	0.00e+00	0.00e+00	0.00e+00	0.00e+00
 1.62546e+13	0.00e+00	2.26e-30	1.55e-22	9.62e-16	5.62e-10	2.62e-05	1.00e+00	0.00e+00	0.00e+00	0.00e+00	0.00e+00	0.00e+00
 1.68781e+13	1.03e-38	3.11e-30	2.03e-22	1.19e-15	6.50e-10	2.84e-05	1.00e+00	0.00e+00	0.00e+00	0.00e+00	0.00e+00	0.00e+00
 1.75832e+13	0.00e+00	4.39e-30	2.71e-22	1.50e-15	7.62e-10	3.10e-05	1.00e+00	0.00e+00	0.00e+00	0.00e+00	0.00e+00	0.00e+00
 1.82818e+13	2.25e-38	6.11e-30	3.59e-22	1.88e-15	8.86e-10	3.37e-05	1.00e+00	0.00e+00	0.00e+00	0.00e+00	0.00e+00	0.00e+00
 1.90083e+13	0.00e+00	8.54e-30	4.75e-22	2.34e-15	1.03e-09	3.67e-05	1.00e+00	0.00e+00	0.00e+00	0.00e+00	0.00e+00	0.00e+00
 1.97986e+13	4.96e-38	1.21e-29	6.38e-22	2.96e-15	1.21e-09	4.00e-05	1.00e+00	0.00e+00	0.00e+00	0.00e+00	0.00e+00	0.00e+00
 2.06205e+13	0.00e+00	1.74e-29	8.61e-22	3.73e-15	1.41e-09	4.35e-05	1.00e+00	0.00e+00	0.00e+00	0.00e+00	0.00e+00	0.00e+00
 2.14007e+13	1.10e-37	2.40e-29	1.13e-21	4.62e-15	1.63e-09	4.71e-05	1.00e+00	0.00e+00	0.00e+00	0.00e+00	0.00e+00	0.00e+00
 2.21029e+13	0.00e+00	3.18e-29	1.43e-21	5.56e-15	1.85e-09	5.05e-05	1.00e+00	0.00e+00	0.00e+00	0.00e+00	0.00e+00	0.00e+00
 2.27574e+13	2.06e-37	4.12e-29	1.77e-21	6.58e-15	2.07e-09	5.37e-05	1.00e+00	0.00e+00	0.00e+00	0.00e+00	0.00e+00	0.00e+00
 2.34786e+13	0.00e+00	5.44e-29	2.23e-21	7.88e-15	2.34e-09	5.73e-05	1.00e+00	0.00e+00	0.00e+00	0.00e+00	0.00e+00	0.00e+00
 2.42913e+13	4.08e-37	7.40e-29	2.88e-21	9.59e-15	2.67e-09	6.15e-05	1.00e+00	0.00e+00	0.00e+00	0.00e+00	0.00e+00	0.00e+00
 2.50698e+13	0.00e+00	9.82e-29	3.64e-21	1.15e-14	3.02e-09	6.57e-05	1.00e+00	0.00e+00	0.00e+00	0.00e+00	0.00e+00	0.00e+00
 2.59287e+13	8.11e-37	1.33e-28	4.68e-21	1.40e-14	3.44e-09	7.04e-05	1.00e+00	0.00e+00	0.00e+00	0.00e+00	0.00e+00	0.00e+00
 2.68845e+13	0.00e+00	1.85e-28	6.14e-21	1.73e-14	3.96e-09	7.59e-05	1.00e+00	0.00e+00	0.00e+00	0.00e+00	0.00e+00	0.00e+00
 2.77633e+13	1.68e-36	2.48e-28	7.82e-21	2.08e-14	4.49e-09	8.11e-05	1.00e+00	0.00e+00	0.00e+00	0.00e+00	0.00e+00	0.00e+00
 2.85778e+13	0.00e+00	3.23e-28	9.73e-21	2.46e-14	5.03e-09	8.61e-05	1.00e+00	0.00e+00	0.00e+00	0.00e+00	0.00e+00	0.00e+00
 2.95116e+13	3.27e-36	4.36e-28	1.24e-20	2.97e-14	5.70e-09	9.19e-05	1.00e+00	0.00e+00	0.00e+00	0.00e+00	0.00e+00	0.00e+00
 3.06551e+13	0.00e+00	6.23e-28	1.66e-20	3.71e-14	6.61e-09	9.93e-05	1.00e+00	0.00e+00	0.00e+00	0.00e+00	0.00e+00	0.00e+00
 3.17973e+13	7.37e-36	8.71e-28	2.19e-20	4.59e-14	7.63e-09	1.07e-04	1.00e+00	0.00e+00	0.00e+00	0.00e+00	0.00e+00	0.00e+00
 3.27903e+13	0.00e+00	1.16e-27	2.77e-20	5.49e-14	8.60e-09	1.14e-04	1.00e+00	0.00e+00	0.00e+00	0.00e+00	0.00e+00	0.00e+00
 3.38633e+13	1.49e-35	1.58e-27	3.55e-20	6.63e-14	9.75e-09	1.22e-04	1.00e+00	0.00e+00	0.00e+00	0.00e+00	0.00e+00	0.00e+00
 3.51741e+13	0.00e+00	2.27e-27	4.77e-20	8.28e-14	1.13e-08	1.31e-04	1.00e+00	0.00e+00	0.00e+00	0.00e+00	0.00e+00	0.00e+00
 3.65114e+13	3.47e-35	3.22e-27	6.34e-20	1.03e-13	1.31e-08	1.42e-04	1.00e+00	0.00e+00	0.00e+00	0.00e+00	0.00e+00	0.00e+00
 3.77191e+13	5.04e-35	4.40e-27	8.17e-20	1.25e-13	1.49e-08	1.51e-04	1.00e+00	0.00e+00	0.00e+00	0.00e+00	0.00e+00	0.00e+00
 3.90412e+13	7.50e-35	6.14e-27	1.07e-19	1.53e-13	1.70e-08	1.62e-04	1.00e+00	0.00e+00	0.00e+00	0.00e+00	0.00e+00	0.00e+00
 4.05992e+13	1.18e-34	8.98e-27	1.45e-19	1.92e-13	1.99e-08	1.75e-04	1.00e+00	0.00e+00	0.00e+00	0.00e+00	0.00e+00	0.00e+00
 4.21554e+13	1.80e-34	1.28e-26	1.94e-19	2.40e-13	2.30e-08	1.89e-04	1.00e+00	0.00e+00	0.00e+00	0.00e+00	0.00e+00	0.00e+00
 4.36186e+13	2.69e-34	1.79e-26	2.54e-19	2.93e-13	2.63e-08	2.02e-04	1.00e+00	0.00e+00	0.00e+00	0.00e+00	0.00e+00	0.00e+00
 4.52381e+13	4.12e-34	2.56e-26	3.38e-19	3.64e-13	3.04e-08	2.17e-04	1.00e+00	0.00e+00	0.00e+00	0.00e+00	0.00e+00	0.00e+00
 4.70776e+13	6.60e-34	3.79e-26	4.62e-19	4.60e-13	3.55e-08	2.34e-04	1.00e+00	0.00e+00	0.00e+00	0.00e+00	0.00e+00	0.00e+00
 4.89277e+13	1.03e-33	5.50e-26	6.25e-19	5.77e-13	4.13e-08	2.53e-04	1.00e+00	0.00e+00	0.00e+00	0.00e+00	0.00e+00	0.00e+00
 5.08519e+13	1.63e-33	8.04e-26	8.48e-19	7.25e-13	4.81e-08	2.73e-04	1.00e+00	0.00e+00	0.00e+00	0.00e+00	0.00e+00	0.00e+00
 5.29159e+13	2.61e-33	1.19e-25	1.16e-18	9.18e-13	5.63e-08	2.95e-04	1.00e+00	0.00e+00	0.00e+00	0.00e+00	0.00e+00	0.00e+00
 5.50625e+13	4.18e-33	1.76e-25	1.59e-18	1.16e-12	6.58e-08	3.19e-04	1.00e+00	0.00e+00	0.00e+00	0.00e+00	0.00e+00	0.00e+00
 5.71349e+13	6.47e-33	2.54e-25	2.13e-18	1.44e-12	7.61e-08	3.43e-04	1.00e+00	0.00e+00	0.00e+00	0.00e+00	0.00e+00	0.00e+00
 5.90756e+13	9.61e-33	3.53e-25	2.77e-18	1.76e-12	8.68e-08	3.66e-04	1.00e+00	0.00e+00	0.00e+00	0.00e+00	0.00e+00	0.00e+00
 6.09026e+13	1.37e-32	4.74e-25	3.52e-18	2.11e-12	9.79e-08	3.88e-04	1.00e+00	0.00e+00	0.00e+00	0.00e+00	0.00e+00	0.00e+00
 6.28905e+13	2.01e-32	6.53e-25	4.55e-18	2.55e-12	1.11e-07	4.13e-04	1.00e+00	0.00e+00	0.00e+00	0.00e+00	0.00e+00	0.00e+00
 6.51139e+13	3.05e-32	9.24e-25	6.00e-18	3.13e-12	1.28e-07	4.42e-04	1.00e+00	0.00e+00	0.00e+00	0.00e+00	0.00e+00	0.00e+00
 6.72158e+13	4.43e-32	1.26e-24	7.71e-18	3.78e-12	1.45e-07	4.71e-04	1.00e+00	0.00e+00	0.00e+00	0.00e+00	0.00e+00	0.00e+00
 6.95202e+13	6.55e-32	1.75e-24	1.01e-17	4.62e-12	1.65e-07	5.03e-04	9.99e-01	0.00e+00	0.00e+00	0.00e+00	0.00e+00	0.00e+00
 7.20920e+13	1.01e-31	2.51e-24	1.34e-17	5.73e-12	1.91e-07	5.40e-04	9.99e-01	0.00e+00	0.00e+00	0.00e+00	0.00e+00	0.00e+00
 7.45364e+13	1.51e-31	3.50e-24	1.75e-17	6.98e-12	2.17e-07	5.77e-04	9.99e-01	0.00e+00	0.00e+00	0.00e+00	0.00e+00	0.00e+00
 7.72392e+13	2.29e-31	4.97e-24	2.32e-17	8.63e-12	2.50e-07	6.19e-04	9.99e-01	0.00e+00	0.00e+00	0.00e+00	0.00e+00	0.00e+00
 8.02736e+13	3.56e-31	7.20e-24	3.14e-17	1.08e-11	2.91e-07	6.68e-04	9.99e-01	0.00e+00	0.00e+00	0.00e+00	0.00e+00	0.00e+00
 8.31702e+13	5.47e-31	1.03e-23	4.17e-17	1.34e-11	3.35e-07	7.15e-04	9.99e-01	0.00e+00	0.00e+00	0.00e+00	0.00e+00	0.00e+00
 8.62662e+13	8.26e-31	1.46e-23	5.56e-17	1.66e-11	3.87e-07	7.70e-04	9.99e-01	0.00e+00	0.00e+00	0.00e+00	0.00e+00	0.00e+00
 8.97468e+13	1.33e-30	2.16e-23	7.62e-17	2.10e-11	4.53e-07	8.32e-04	9.99e-01	0.00e+00	0.00e+00	0.00e+00	0.00e+00	0.00e+00
 9.29659e+13	1.97e-30	3.02e-23	1.00e-16	2.59e-11	5.21e-07	8.93e-04	9.99e-01	0.00e+00	0.00e+00	0.00e+00	0.00e+00	0.00e+00
 9.57477e+13	2.81e-30	4.05e-23	1.27e-16	3.09e-11	5.85e-07	9.46e-04	9.99e-01	0.00e+00	0.00e+00	0.00e+00	0.00e+00	0.00e+00
 9.88232e+13	4.01e-30	5.47e-23	1.63e-16	3.72e-11	6.63e-07	1.01e-03	9.99e-01	0.00e+00	0.00e+00	0.00e+00	0.00e+00	0.00e+00
 1.02588e+14	6.17e-30	7.86e-23	2.19e-16	4.65e-11	7.69e-07	1.09e-03	9.99e-01	0.00e+00	0.00e+00	0.00e+00	0.00e+00	0.00e+00
 1.06406e+14	9.39e-30	1.12e-22	2.92e-16	5.78e-11	8.89e-07	1.17e-03	9.99e-01	0.00e+00	0.00e+00	0.00e+00	0.00e+00	0.00e+00
 1.09835e+14	1.37e-29	1.53e-22	3.75e-16	6.98e-11	1.01e-06	1.24e-03	9.99e-01	0.00e+00	0.00e+00	0.00e+00	0.00e+00	0.00e+00
 1.13597e+14	1.98e-29	2.10e-22	4.88e-16	8.52e-11	1.15e-06	1.33e-03	9.99e-01	0.00e+00	0.00e+00	0.00e+00	0.00e+00	0.00e+00
 1.18053e+14	3.12e-29	3.07e-22	6.63e-16	1.07e-10	1.34e-06	1.44e-03	9.99e-01	0.00e+00	0.00e+00	0.00e+00	0.00e+00	0.00e+00
 1.22448e+14	4.66e-29	4.32e-22	8.83e-16	1.33e-10	1.55e-06	1.55e-03	9.98e-01	0.00e+00	0.00e+00	0.00e+00	0.00e+00	0.00e+00
 1.26459e+14	6.68e-29	5.86e-22	1.14e-15	1.61e-10	1.76e-06	1.65e-03	9.98e-01	0.00e+00	0.00e+00	0.00e+00	0.00e+00	0.00e+00
 1.30935e+14	1.01e-28	8.29e-22	1.50e-15	1.98e-10	2.02e-06	1.77e-03	9.98e-01	0.00e+00	0.00e+00	0.00e+00	0.00e+00	0.00e+00
 1.36149e+14	1.55e-28	1.19e-21	2.04e-15	2.50e-10	2.36e-06	1.92e-03	9.98e-01	0.00e+00	0.00e+00	0.00e+00	0.00e+00	0.00e+00
 1.41273e+14	2.34e-28	1.69e-21	2.73e-15	3.11e-10	2.73e-06	2.06e-03	9.98e-01	0.00e+00	0.00e+00	0.00e+00	0.00e+00	0.00e+00
 1.46108e+14	3.42e-28	2.33e-21	3.55e-15	3.80e-10	3.12e-06	2.21e-03	9.98e-01	0.00e+00	0.00e+00	0.00e+00	0.00e+00	0.00e+00
 1.51489e+14	5.24e-28	3.33e-21	4.73e-15	4.72e-10	3.60e-06	2.37e-03	9.98e-01	0.00e+00	0.00e+00	0.00e+00	0.00e+00	0.00e+00
 1.57579e+14	7.96e-28	4.78e-21	6.44e-15	5.96e-10	4.21e-06	2.57e-03	9.97e-01	0.00e+00	0.00e+00	0.00e+00	0.00e+00	0.00e+00
 1.63662e+14	1.24e-27	6.94e-21	8.70e-15	7.47e-10	4.90e-06	2.77e-03	9.97e-01	0.00e+00	0.00e+00	0.00e+00	0.00e+00	0.00e+00
 1.69369e+14	1.78e-27	9.48e-21	1.14e-14	9.16e-10	5.61e-06	2.97e-03	9.97e-01	0.00e+00	0.00e+00	0.00e+00	0.00e+00	0.00e+00
 1.75555e+14	2.66e-27	1.33e-20	1.51e-14	1.13e-09	6.47e-06	3.19e-03	9.97e-01	0.00e+00	0.00e+00	0.00e+00	0.00e+00	0.00e+00
 1.82465e+14	4.16e-27	1.94e-20	2.05e-14	1.43e-09	7.54e-06	3.45e-03	9.97e-01	0.00e+00	0.00e+00	0.00e+00	0.00e+00	0.00e+00
 1.88929e+14	6.10e-27	2.69e-20	2.69e-14	1.76e-09	8.65e-06	3.70e-03	9.96e-01	0.00e+00	0.00e+00	0.00e+00	0.00e+00	0.00e+00
 1.94912e+14	8.61e-27	3.60e-20	3.44e-14	2.11e-09	9.79e-06	3.94e-03	9.96e-01	0.00e+00	0.00e+00	0.00e+00	0.00e+00	0.00e+00
 2.00650e+14	1.18e-26	4.73e-20	4.33e-14	2.51e-09	1.10e-05	4.18e-03	9.96e-01	0.00e+00	0.00e+00	0.00e+00	0.00e+00	0.00e+00
 2.07013e+14	1.67e-26	6.34e-20	5.53e-14	3.02e-09	1.24e-05	4.45e-03	9.96e-01	0.00e+00	0.00e+00	0.00e+00	0.00e+00	0.00e+00
 2.14054e+14	2.42e-26	8.69e-20	7.20e-14	3.69e-09	1.42e-05	4.76e-03	9.95e-01	0.00e+00	0.00e+00	0.00e+00	0.00e+00	0.00e+00
 2.20618e+14	3.32e-26	1.14e-19	9.14e-14	4.42e-09	1.60e-05	5.06e-03	9.95e-01	0.00e+00	0.00e+00	0.00e+00	0.00e+00	0.00e+00
 2.27793e+14	4.81e-26	1.56e-19	1.18e-13	5.34e-09	1.82e-05	5.39e-03	9.95e-01	0.00e+00	0.00e+00	0.00e+00	0.00e+00	0.00e+00
 2.35859e+14	6.85e-26	2.13e-19	1.55e-13	6.57e-09	2.09e-05	5.79e-03	9.94e-01	0.00e+00	0.00e+00	0.00e+00	0.00e+00	0.00e+00
 2.43531e+14	9.83e-26	2.89e-19	1.99e-13	7.95e-09	2.37e-05	6.17e-03	9.94e-01	0.00e+00	0.00e+00	0.00e+00	0.00e+00	0.00e+00
 2.51951e+14	1.45e-25	4.01e-19	2.61e-13	9.74e-09	2.71e-05	6.61e-03	9.93e-01	0.00e+00	0.00e+00	0.00e+00	0.00e+00	0.00e+00
 2.61260e+14	2.10e-25	5.54e-19	3.46e-13	1.21e-08	3.13e-05	7.11e-03	9.93e-01	0.00e+00	0.00e+00	0.00e+00	0.00e+00	0.00e+00
 2.69856e+14	3.05e-25	7.60e-19	4.48e-13	1.46e-08	3.56e-05	7.59e-03	9.92e-01	0.00e+00	0.00e+00	0.00e+00	0.00e+00	0.00e+00
 2.79164e+14	4.28e-25	1.02e-18	5.83e-13	1.79e-08	4.07e-05	8.13e-03	9.92e-01	0.00e+00	0.00e+00	0.00e+00	0.00e+00	0.00e+00
 2.89547e+14	6.42e-25	1.45e-18	7.78e-13	2.23e-08	4.70e-05	8.75e-03	9.91e-01	0.00e+00	0.00e+00	0.00e+00	0.00e+00	0.00e+00
 2.99294e+14	9.08e-25	1.95e-18	1.01e-12	2.71e-08	5.36e-05	9.35e-03	9.91e-01	0.00e+00	0.00e+00	0.00e+00	0.00e+00	0.00e+00
 3.09932e+14	1.35e-24	2.73e-18	1.33e-12	3.34e-08	6.15e-05	1.00e-02	9.90e-01	0.00e+00	0.00e+00	0.00e+00	0.00e+00	0.00e+00
 3.21769e+14	1.96e-24	3.80e-18	1.78e-12	4.17e-08	7.14e-05	1.08e-02	9.89e-01	0.00e+00	0.00e+00	0.00e+00	0.00e+00	0.00e+00
 3.32813e+14	2.87e-24	5.25e-18	2.32e-12	5.09e-08	8.16e-05	1.16e-02	9.88e-01	0.00e+00	0.00e+00	0.00e+00	0.00e+00	0.00e+00
 3.44808e+14	4.04e-24	7.12e-18	3.05e-12	6.28e-08	9.38e-05	1.25e-02	9.87e-01	0.00e+00	0.00e+00	0.00e+00	0.00e+00	0.00e+00
 3.58201e+14	6.14e-24	1.02e-17	4.12e-12	7.88e-08	1.09e-04	1.35e-02	9.86e-01	0.00e+00	0.00e+00	0.00e+00	0.00e+00	0.00e+00
 3.70866e+14	8.71e-24	1.39e-17	5.40e-12	9.68e-08	1.25e-04	1.45e-02	9.85e-01	0.00e+00	0.00e+00	0.00e+00	0.00e+00	0.00e+00
 3.84467e+14	1.30e-23	1.95e-17	7.16e-12	1.20e-07	1.44e-04	1.56e-02	9.84e-01	0.00e+00	0.00e+00	0.00e+00	0.00e+00	0.00e+00
 3.99875e+14	1.90e-23	2.74e-17	9.70e-12	1.51e-07	1.68e-04	1.69e-02	9.83e-01	0.00e+00	0.00e+00	0.00e+00	0.00e+00	0.00e+00
 4.14959e+14	2.83e-23	3.86e-17	1.29e-11	1.88e-07	1.95e-04	1.82e-02	9.82e-01	0.00e+00	0.00e+00	0.00e+00	0.00e+00	0.00e+00
 4.30646e+14	4.02e-23	5.29e-17	1.72e-11	2.35e-07	2.25e-04	1.97e-02	9.80e-01	0.00e+00	0.00e+00	0.00e+00	0.00e+00	0.00e+00
 4.47902e+14	6.09e-23	7.59e-17	2.34e-11	2.96e-07	2.63e-04	2.13e-02	9.78e-01	0.00e+00	0.00e+00	0.00e+00	0.00e+00	0.00e+00
 4.64890e+14	8.71e-23	1.05e-16	3.11e-11	3.69e-07	3.04e-04	2.30e-02	9.77e-01	0.00e+00	0.00e+00	0.00e+00	0.00e+00	0.00e+00
 4.78868e+14	1.18e-22	1.36e-16	3.91e-11	4.40e-07	3.42e-04	2.45e-02	9.75e-01	0.00e+00	0.00e+00	0.00e+00	0.00e+00	0.00e+00
 4.90047e+14	1.49e-22	1.67e-16	4.67e-11	5.04e-07	3.74e-04	2.57e-02	9.74e-01	0.00e+00	0.00e+00	0.00e+00	0.00e+00	0.00e+00
 5.02447e+14	1.91e-22	2.09e-16	5.67e-11	5.85e-07	4.13e-04	2.71e-02	9.73e-01	0.00e+00	0.00e+00	0.00e+00	0.00e+00	0.00e+00
 5.18567e+14	2.58e-22	2.74e-16	7.22e-11	7.04e-07	4.67e-04	2.89e-02	9.71e-01	0.00e+00	0.00e+00	0.00e+00	0.00e+00	0.00e+00
 5.35850e+14	3.55e-22	3.65e-16	9.28e-11	8.55e-07	5.31e-04	3.10e-02	9.68e-01	0.00e+00	0.00e+00	0.00e+00	0.00e+00	0.00e+00
 5.51195e+14	4.72e-22	4.70e-16	1.15e-10	1.01e-06	5.92e-04	3.28e-02	9.67e-01	0.00e+00	0.00e+00	0.00e+00	0.00e+00	0.00e+00
 5.67690e+14	6.20e-22	6.03e-16	1.44e-10	1.20e-06	6.64e-04	3.50e-02	9.64e-01	0.00e+00	0.00e+00	0.00e+00	0.00e+00	0.00e+00
 5.88570e+14	8.81e-22	8.27e-16	1.90e-10	1.49e-06	7.64e-04	3.77e-02	9.62e-01	0.00e+00	0.00e+00	0.00e+00	0.00e+00	0.00e+00
 6.09783e+14	1.25e-21	1.13e-15	2.49e-10	1.83e-06	8.77e-04	4.07e-02	9.58e-01	0.00e+00	0.00e+00	0.00e+00	0.00e+00	0.00e+00
 6.27840e+14	1.64e-21	1.45e-15	3.12e-10	2.18e-06	9.82e-04	4.32e-02	9.56e-01	0.00e+00	0.00e+00	0.00e+00	0.00e+00	0.00e+00
 6.47157e+14	2.20e-21	1.89e-15	3.94e-10	2.60e-06	1.10e-03	4.60e-02	9.53e-01	0.00e+00	0.00e+00	0.00e+00	0.00e+00	0.00e+00
 6.71252e+14	3.11e-21	2.60e-15	5.20e-10	3.22e-06	1.27e-03	4.98e-02	9.49e-01	0.00e+00	0.00e+00	0.00e+00	0.00e+00	0.00e+00
 6.95962e+14	4.42e-21	3.57e-15	6.86e-10	3.99e-06	1.46e-03	5.37e-02	9.45e-01	0.00e+00	0.00e+00	0.00e+00	0.00e+00	0.00e+00
 7.17730e+14	5.95e-21	4.68e-15	8.69e-10	4.78e-06	1.65e-03	5.73e-02	9.41e-01	0.00e+00	0.00e+00	0.00e+00	0.00e+00	0.00e+00
 7.41270e+14	8.04e-21	6.18e-15	1.11e-09	5.78e-06	1.86e-03	6.13e-02	9.37e-01	0.00e+00	0.00e+00	0.00e+00	0.00e+00	0.00e+00
 7.69682e+14	1.16e-20	8.62e-15	1.48e-09	7.21e-06	2.15e-03	6.64e-02	9.31e-01	0.00e+00	0.00e+00	0.00e+00	0.00e+00	0.00e+00
 7.97846e+14	1.62e-20	1.18e-14	1.96e-09	8.90e-06	2.47e-03	7.15e-02	9.26e-01	0.00e+00	0.00e+00	0.00e+00	0.00e+00	0.00e+00
 8.22967e+14	2.20e-20	1.56e-14	2.48e-09	1.07e-05	2.78e-03	7.63e-02	9.21e-01	0.00e+00	0.00e+00	0.00e+00	0.00e+00	0.00e+00
 8.50714e+14	3.01e-20	2.08e-14	3.20e-09	1.30e-05	3.15e-03	8.17e-02	9.15e-01	0.00e+00	0.00e+00	0.00e+00	0.00e+00	0.00e+00
 8.83740e+14	4.40e-20	2.93e-14	4.29e-09	1.62e-05	3.63e-03	8.84e-02	9.08e-01	0.00e+00	0.00e+00	0.00e+00	0.00e+00	0.00e+00
 9.16437e+14	6.28e-20	4.06e-14	5.67e-09	2.00e-05	4.17e-03	9.52e-02	9.01e-01	0.00e+00	0.00e+00	0.00e+00	0.00e+00	0.00e+00
 9.46327e+14	8.51e-20	5.38e-14	7.26e-09	2.41e-05	4.70e-03	1.01e-01	8.94e-01	0.00e+00	0.00e+00	0.00e+00	0.00e+00	0.00e+00
 9.79757e+14	1.22e-19	7.44e-14	9.48e-09	2.95e-05	5.35e-03	1.09e-01	8.86e-01	0.00e+00	0.00e+00	0.00e+00	0.00e+00	0.00e+00
 1.01864e+15	1.79e-19	1.06e-13	1.28e-08	3.70e-05	6.19e-03	1.18e-01	8.76e-01	0.00e+00	0.00e+00	0.00e+00	0.00e+00	0.00e+00
 1.05695e+15	2.60e-19	1.48e-13	1.70e-08	4.59e-05	7.10e-03	1.26e-01	8.66e-01	0.00e+00	0.00e+00	0.00e+00	0.00e+00	0.00e+00
 1.09345e+15	3.66e-19	2.02e-13	2.21e-08	5.58e-05	8.04e-03	1.35e-01	8.57e-01	0.00e+00	0.00e+00	0.00e+00	0.00e+00	0.00e+00
 1.12534e+15	4.90e-19	2.64e-13	2.76e-08	6.59e-05	8.94e-03	1.43e-01	8.48e-01	0.00e+00	0.00e+00	0.00e+00	0.00e+00	0.00e+00
 1.15168e+15	6.21e-19	3.27e-13	3.30e-08	7.53e-05	9.72e-03	1.49e-01	8.41e-01	0.00e+00	0.00e+00	0.00e+00	0.00e+00	0.00e+00
 1.18071e+15	8.01e-19	4.11e-13	4.00e-08	8.68e-05	1.06e-02	1.56e-01	8.33e-01	0.00e+00	0.00e+00	0.00e+00	0.00e+00	0.00e+00
 1.21846e+15	1.10e-18	5.50e-13	5.10e-08	1.04e-04	1.19e-02	1.66e-01	8.22e-01	0.00e+00	0.00e+00	0.00e+00	0.00e+00	0.00e+00
 1.25819e+15	1.54e-18	7.43e-13	6.53e-08	1.25e-04	1.34e-02	1.76e-01	8.11e-01	0.00e+00	0.00e+00	0.00e+00	0.00e+00	0.00e+00
 1.29238e+15	2.04e-18	9.54e-13	8.02e-08	1.45e-04	1.47e-02	1.84e-01	8.01e-01	0.00e+00	0.00e+00	0.00e+00	0.00e+00	0.00e+00
 1.32871e+15	2.71e-18	1.23e-12	9.92e-08	1.70e-04	1.63e-02	1.94e-01	7.90e-01	0.00e+00	0.00e+00	0.00e+00	0.00e+00	0.00e+00
 1.37595e+15	3.94e-18	1.72e-12	1.30e-07	2.07e-04	1.84e-02	2.06e-01	7.76e-01	0.00e+00	0.00e+00	0.00e+00	0.00e+00	0.00e+00
 1.42466e+15	5.63e-18	2.37e-12	1.69e-07	2.52e-04	2.08e-02	2.18e-01	7.60e-01	0.00e+00	0.00e+00	0.00e+00	0.00e+00	0.00e+00
 1.46531e+15	7.65e-18	3.10e-12	2.10e-07	2.95e-04	2.29e-02	2.29e-01	7.48e-01	0.00e+00	0.00e+00	0.00e+00	0.00e+00	0.00e+00
 1.50817e+15	1.04e-17	4.06e-12	2.61e-07	3.46e-04	2.53e-02	2.40e-01	7.34e-01	0.00e+00	0.00e+00	0.00e+00	0.00e+00	0.00e+00
 1.56306e+15	1.52e-17	5.68e-12	3.43e-07	4.22e-04	2.86e-02	2.54e-01	7.17e-01	0.00e+00	0.00e+00	0.00e+00	0.00e+00	0.00e+00
 1.62087e+15	2.27e-17	7.98e-12	4.51e-07	5.15e-04	3.23e-02	2.69e-01	6.99e-01	0.00e+00	0.00e+00	1.30e-17	6.89e-18	2.44e-18
 1.67229e+15	3.18e-17	1.07e-11	5.71e-07	6.10e-04	3.59e-02	2.81e-01	6.82e-01	0.00e+00	0.00e+00	1.82e-17	9.68e-18	3.40e-18
 1.72811e+15	4.49e-17	1.45e-11	7.30e-07	7.28e-04	4.00e-02	2.95e-01	6.65e-01	0.00e+00	0.00e+00	2.57e-17	1.37e-17	4.78e-18
 1.79487e+15	6.80e-17	2.08e-11	9.69e-07	8.93e-04	4.52e-02	3.11e-01	6.43e-01	0.00e+00	0.00e+00	3.90e-17	2.07e-17	7.20e-18
 1.86099e+15	9.97e-17	2.89e-11	1.27e-06	1.08e-03	5.08e-02	3.26e-01	6.22e-01	0.00e+00	0.00e+00	5.73e-17	3.03e-17	1.05e-17
 1.92079e+15	1.41e-16	3.88e-11	1.60e-06	1.28e-03	5.61e-02	3.39e-01	6.03e-01	0.00e+00	0.00e+00	8.08e-17	4.27e-17	1.48e-17
 1.98724e+15	1.97e-16	5.23e-11	2.05e-06	1.52e-03	6.23e-02	3.54e-01	5.83e-01	0.00e+00	0.00e+00	1.13e-16	5.98e-17	2.06e-17
 2.06530e+15	3.08e-16	7.59e-11	2.72e-06	1.86e-03	7.01e-02	3.70e-01	5.58e-01	0.00e+00	0.00e+00	1.77e-16	9.34e-17	3.20e-17
 2.14240e+15	4.59e-16	1.06e-10	3.53e-06	2.24e-03	7.82e-02	3.85e-01	5.35e-01	0.00e+00	0.00e+00	2.64e-16	1.39e-16	4.75e-17
 2.21457e+15	6.57e-16	1.44e-10	4.48e-06	2.65e-03	8.61e-02	3.98e-01	5.13e-01	0.00e+00	0.00e+00	3.79e-16	1.99e-16	6.78e-17
 2.29517e+15	9.36e-16	1.96e-10	5.77e-06	3.16e-03	9.54e-02	4.11e-01	4.90e-01	0.00e+00	0.00e+00	5.40e-16	2.84e-16	9.63e-17
 2.38701e+15	1.50e-15	2.87e-10	7.63e-06	3.84e-03	1.06e-01	4.26e-01	4.64e-01	0.00e+00	0.00e+00	8.64e-16	4.54e-16	1.53e-16
 2.47760e+15	2.24e-15	4.01e-10	9.88e-06	4.59e-03	1.18e-01	4.38e-01	4.39e-01	0.00e+00	0.00e+00	1.30e-15	6.81e-16	2.29e-16
 2.55167e+15	3.08e-15	5.21e-10	1.21e-05	5.29e-03	1.27e-01	4.48e-01	4.20e-01	0.00e+00	0.00e+00	1.78e-15	9.36e-16	3.14e-16
 2.60955e+15	3.93e-15	6.36e-10	1.41e-05	5.87e-03	1.35e-01	4.54e-01	4.05e-01	0.00e+00	0.00e+00	2.27e-15	1.19e-15	3.99e-16
 2.67301e+15	5.04e-15	7.83e-10	1.66e-05	6.57e-03	1.44e-01	4.61e-01	3.89e-01	0.00e+00	0.00e+00	2.92e-15	1.53e-15	5.12e-16
 2.75551e+15	7.06e-15	1.03e-09	2.04e-05	7.56e-03	1.55e-01	4.68e-01	3.69e-01	0.00e+00	0.00e+00	4.08e-15	2.14e-15	7.15e-16
 2.84468e+15	9.83e-15	1.35e-09	2.53e-05	8.73e-03	1.68e-01	4.75e-01	3.49e-01	0.00e+00	0.00e+00	5.69e-15	2.98e-15	9.94e-16
 2.92487e+15	1.29e-14	1.70e-09	3.04e-05	9.89e-03	1.79e-01	4.80e-01	3.31e-01	0.00e+00	0.00e+00	7.47e-15	3.92e-15	1.30e-15
 3.01148e+15	1.76e-14	2.18e-09	3.68e-05	1.13e-02	1.91e-01	4.85e-01	3.13e-01	0.00e+00	0.00e+00	1.02e-14	5.33e-15	1.77e-15
 3.12165e+15	2.69e-14	3.04e-09	4.66e-05	1.32e-02	2.08e-01	4.89e-01	2.90e-01	0.00e+00	0.00e+00	1.56e-14	8.17e-15	2.71e-15
 3.23266e+15	3.89e-14	4.08e-09	5.83e-05	1.53e-02	2.24e-01	4.91e-01	2.70e-01	0.00e+00	0.00e+00	2.25e-14	1.18e-14	3.91e-15
 3.32543e+15	5.25e-14	5.18e-09	6.97e-05	1.72e-02	2.37e-01	4.92e-01	2.53e-01	0.00e+00	0.00e+00	3.04e-14	1.59e-14	5.27e-15
 3.42430e+15	7.17e-14	6.62e-09	8.39e-05	1.94e-02	2.52e-01	4.92e-01	2.37e-01	0.00e+00	0.00e+00	4.15e-14	2.18e-14	7.18e-15
 3.54981e+15	9.96e-14	8.70e-09	1.05e-04	2.25e-02	2.70e-01	4.90e-01	2.17e-01	0.00e+00	0.00e+00	5.77e-14	3.02e-14	9.96e-15
 3.67972e+15	1.53e-13	1.20e-08	1.31e-04	2.59e-02	2.89e-01	4.87e-01	1.98e-01	0.00e+00	0.00e+00	8.88e-14	4.65e-14	1.53e-14
 3.79281e+15	2.10e-13	1.54e-08	1.58e-04	2.92e-02	3.05e-01	4.82e-01	1.83e-01	0.00e+00	0.00e+00	1.22e-13	6.37e-14	2.09e-14
 3.91424e+15	2.88e-13	1.98e-08	1.90e-04	3.29e-02	3.22e-01	4.77e-01	1.68e-01	0.00e+00	0.00e+00	1.67e-13	8.75e-14	2.87e-14
 4.06255e+15	4.07e-13	2.61e-08	2.37e-04	3.78e-02	3.42e-01	4.68e-01	1.52e-01	0.00e+00	0.00e+00	2.36e-13	1.24e-13	4.05e-14
 4.21049e+15	6.24e-13	3.58e-08	2.94e-04	4.32e-02	3.61e-01	4.59e-01	1.36e-01	0.00e+00	0.00e+00	3.62e-13	1.89e-13	6.21e-14
 4.34088e+15	8.42e-13	4.52e-08	3.50e-04	4.81e-02	3.78e-01	4.49e-01	1.24e-01	0.00e+00	0.00e+00	4.88e-13	2.56e-13	8.37e-14
 4.48376e+15	1.13e-12	5.73e-08	4.22e-04	5.39e-02	3.95e-01	4.38e-01	1.12e-01	0.00e+00	0.00e+00	6.58e-13	3.45e-13	1.13e-13
 4.65583e+15	1.76e-12	7.91e-08	5.24e-04	6.15e-02	4.15e-01	4.24e-01	9.92e-02	0.00e+00	0.00e+00	1.02e-12	5.35e-13	1.75e-13
 4.81959e+15	2.46e-12	1.02e-07	6.35e-04	6.90e-02	4.32e-01	4.10e-01	8.83e-02	0.00e+00	0.00e+00	1.43e-12	7.47e-13	2.44e-13
 4.95788e+15	3.19e-12	1.25e-07	7.43e-04	7.57e-02	4.46e-01	3.98e-01	8.01e-02	0.00e+00	0.00e+00	1.85e-12	9.69e-13	3.16e-13
 5.10929e+15	4.31e-12	1.57e-07	8.78e-04	8.34e-02	4.60e-01	3.84e-01	7.18e-02	0.00e+00	0.00e+00	2.50e-12	1.31e-12	4.27e-13
 5.29878e+15	6.58e-12	2.14e-07	1.08e-03	9.38e-02	4.76e-01	3.66e-01	6.24e-02	0.00e+00	0.00e+00	3.82e-12	2.00e-12	6.52e-13
 5.48950e+15	9.25e-12	2.77e-07	1.30e-03	1.04e-01	4.91e-01	3.49e-01	5.45e-02	0.00e+00	0.00e+00	5.37e-12	2.81e-12	9.15e-13
 5.64001e+15	1.18e-11	3.34e-07	1.50e-03	1.13e-01	5.01e-01	3.35e-01	4.89e-02	0.00e+00	0.00e+00	6.86e-12	3.59e-12	1.17e-12
 5.78654e+15	1.53e-11	4.06e-07	1.72e-03	1.22e-01	5.11e-01	3.22e-01	4.40e-02	0.00e+00	0.00e+00	8.90e-12	4.66e-12	1.52e-12
 5.97701e+15	2.24e-11	5.31e-07	2.06e-03	1.35e-01	5.21e-01	3.04e-01	3.82e-02	0.00e+00	0.00e+00	1.30e-11	6.81e-12	2.22e-12
 6.16256e+15	2.98e-11	6.60e-07	2.41e-03	1.47e-01	5.30e-01	2.88e-01	3.34e-02	0.00e+00	0.00e+00	1.73e-11	9.07e-12	2.95e-12
 6.31052e+15	3.69e-11	7.77e-07	2.73e-03	1.57e-01	5.35e-01	2.75e-01	3.01e-02	0.00e+00	0.00e+00	2.15e-11	1.12e-11	3.65e-12
 6.47168e+15	4.75e-11	9.37e-07	3.12e-03	1.68e-01	5.41e-01	2.62e-01	2.67e-02	0.00e+00	0.00e+00	2.76e-11	1.45e-11	4.70e-12
 6.68119e+15	6.95e-11	1.22e-06	3.70e-03	1.83e-01	5.46e-01	2.44e-01	2.29e-02	0.00e+00	0.00e+00	4.04e-11	2.12e-11	6.88e-12
 6.89046e+15	9.28e-11	1.52e-06	4.33e-03	1.98e-01	5.50e-01	2.28e-01	1.97e-02	0.00e+00	0.00e+00	5.39e-11	2.82e-11	9.18e-12
 7.05903e+15	1.16e-10	1.80e-06	4.91e-03	2.11e-01	5.51e-01	2.15e-01	1.74e-02	0.00e+00	0.00e+00	6.72e-11	3.52e-11	1.14e-11
 7.23781e+15	1.49e-10	2.17e-06	5.60e-03	2.25e-01	5.52e-01	2.02e-01	1.53e-02	0.00e+00	0.00e+00	8.66e-11	4.54e-11	1.47e-11
 7.47022e+15	2.20e-10	2.85e-06	6.65e-03	2.44e-01	5.51e-01	1.86e-01	1.28e-02	0.00e+00	0.00e+00	1.28e-10	6.71e-11	2.18e-11
 7.70562e+15	2.96e-10	3.55e-06	7.80e-03	2.62e-01	5.48e-01	1.71e-01	1.08e-02	0.00e+00	0.00e+00	1.72e-10	9.02e-11	2.93e-11
 7.89722e+15	3.71e-10	4.22e-06	8.86e-03	2.78e-01	5.45e-01	1.59e-01	9.37e-03	0.00e+00	0.00e+00	2.16e-10	1.13e-10	3.67e-11
 8.09864e+15	4.84e-10	5.13e-06	1.02e-02	2.95e-01	5.40e-01	1.47e-01	8.05e-03	0.00e+00	0.00e+00	2.82e-10	1.47e-10	4.79e-11
 8.31990e+15	6.93e-10	6.57e-06	1.18e-02	3.14e-01	5.33e-01	1.35e-01	6.77e-03	0.00e+00	0.00e+00	4.03e-10	2.11e-10	6.86e-11
 8.51794e+15	8.90e-10	7.90e-06	1.34e-02	3.31e-01	5.25e-01	1.25e-01	5.84e-03	0.00e+00	0.00e+00	5.17e-10	2.71e-10	8.81e-11
 8.72638e+15	1.15e-09	9.57e-06	1.53e-02	3.49e-01	5.17e-01	1.14e-01	4.98e-03	0.00e+00	0.00e+00	6.71e-10	3.52e-10	1.14e-10
 8.95142e+15	1.47e-09	1.15e-05	1.76e-02	3.68e-01	5.06e-01	1.04e-01	4.20e-03	0.00e+00	0.00e+00	8.56e-10	4.49e-10	1.46e-10
 9.15234e+15	2.04e-09	1.45e-05	2.01e-02	3.86e-01	4.95e-01	9.52e-02	3.56e-03	0.00e+00	0.00e+00	1.19e-09	6.24e-10	2.03e-10
 9.33180e+15	2.56e-09	1.71e-05	2.25e-02	4.02e-01	4.85e-01	8.79e-02	3.09e-03	0.00e+00	0.00e+00	1.49e-09	7.82e-10	2.54e-10
 9.49603e+15	3.18e-09	1.99e-05	2.50e-02	4.16e-01	4.74e-01	8.16e-02	2.71e-03	0.00e+00	0.00e+00	1.85e-09	9.69e-10	3.15e-10
 9.65206e+15	3.90e-09	2.32e-05	2.76e-02	4.30e-01	4.64e-01	7.58e-02	2.38e-03	0.00e+00	0.00e+00	2.27e-09	1.19e-09	3.87e-10
 9.83050e+15	4.67e-09	2.67e-05	3.09e-02	4.46e-01	4.52e-01	6.97e-02	2.06e-03	0.00e+00	0.00e+00	2.72e-09	1.43e-09	4.64e-10
 1.00625e+16	6.93e-09	3.50e-05	3.61e-02	4.66e-01	4.34e-01	6.17e-02	1.67e-03	0.00e+00	0.00e+00	4.03e-09	2.11e-09	6.88e-10
 1.02901e+16	9.03e-09	4.29e-05	4.17e-02	4.85e-01	4.16e-01	5.50e-02	1.39e-03	0.00e+00	0.00e+00	5.26e-09	2.76e-09	8.98e-10
 1.04669e+16	1.11e-08	5.02e-05	4.68e-02	5.00e-01	4.02e-01	5.01e-02	1.19e-03	0.00e+00	0.00e+00	6.45e-09	3.39e-09	1.10e-09
 1.06260e+16	1.39e-08	5.92e-05	5.22e-02	5.13e-01	3.88e-01	4.58e-02	1.03e-03	0.00e+00	0.00e+00	8.10e-09	4.25e-09	1.38e-09
 1.07800e+16	1.74e-08	6.98e-05	5.80e-02	5.25e-01	3.74e-01	4.18e-02	8.87e-04	0.00e+00	0.00e+00	1.01e-08	5.33e-09	1.74e-09
 1.09282e+16	2.18e-08	8.21e-05	6.45e-02	5.37e-01	3.60e-01	3.82e-02	7.68e-04	0.00e+00	0.00e+00	1.27e-08	6.66e-09	2.17e-09
 1.10741e+16	2.73e-08	9.67e-05	7.16e-02	5.47e-01	3.45e-01	3.48e-02	6.63e-04	0.00e+00	0.00e+00	1.59e-08	8.33e-09	2.72e-09
 1.12197e+16	3.43e-08	1.14e-04	7.98e-02	5.57e-01	3.30e-01	3.16e-02	5.70e-04	0.00e+00	0.00e+00	2.00e-08	1.05e-08	3.42e-09
 1.13643e+16	4.73e-08	1.42e-04	8.97e-02	5.67e-01	3.15e-01	2.84e-02	4.81e-04	0.00e+00	0.00e+00	2.75e-08	1.44e-08	4.71e-09
 1.15068e+16	5.85e-08	1.67e-04	1.00e-01	5.75e-01	2.99e-01	2.56e-02	4.12e-04	0.00e+00	0.00e+00	3.40e-08	1.79e-08	5.84e-09
 1.16692e+16	7.35e-08	1.99e-04	1.14e-01	5.82e-01	2.80e-01	2.25e-02	3.41e-04	0.00e+00	0.00e+00	4.28e-08	2.25e-08	7.34e-09
 1.18447e+16	9.99e-08	2.50e-04	1.32e-01	5.88e-01	2.59e-01	1.94e-02	2.74e-04	0.00e+00	0.00e+00	5.82e-08	3.06e-08	9.99e-09
 1.19937e+16	1.35e-07	3.11e-04	1.51e-01	5.91e-01	2.41e-01	1.69e-02	2.24e-04	0.00e+00	0.00e+00	7.86e-08	4.13e-08	1.35e-08
 1.21147e+16	1.76e-07	3.75e-04	1.69e-01	5.91e-01	2.25e-01	1.50e-02	1.88e-04	0.00e+00	0.00e+00	1.02e-07	5.37e-08	1.76e-08
 1.22198e+16	2.22e-07	4.43e-04	1.86e-01	5.89e-01	2.11e-01	1.33e-02	1.59e-04	0.00e+00	0.00e+00	1.29e-07	6.78e-08	2.22e-08
 1.23156e+16	2.76e-07	5.19e-04	2.05e-01	5.85e-01	1.97e-01	1.19e-02	1.36e-04	0.00e+00	0.00e+00	1.61e-07	8.44e-08	2.76e-08
 1.24223e+16	3.52e-07	6.19e-04	2.29e-01	5.79e-01	1.81e-01	1.04e-02	1.12e-04	0.00e+00	0.00e+00	2.05e-07	1.08e-07	3.53e-08
 1.25361e+16	4.94e-07	7.83e-04	2.58e-01	5.68e-01	1.64e-01	8.82e-03	8.91e-05	0.00e+00	0.00e+00	2.87e-07	1.51e-07	4.95e-08
 1.26246e+16	6.30e-07	9.29e-04	2.84e-01	5.57e-01	1.51e-01	7.69e-03	7.38e-05	0.00e+00	0.00e+00	3.66e-07	1.93e-07	6.32e-08
 1.26829e+16	7.31e-07	1.03e-03	3.02e-01	5.48e-01	1.42e-01	7.00e-03	6.50e-05	0.00e+00	0.00e+00	4.25e-07	2.24e-07	7.34e-08
 1.27368e+16	8.07e-07	1.12e-03	3.20e-01	5.39e-01	1.33e-01	6.38e-03	5.76e-05	0.00e+00	0.00e+00	4.69e-07	2.47e-07	8.10e-08
 1.28069e+16	1.02e-06	1.31e-03	3.47e-01	5.24e-01	1.22e-01	5.55e-03	4.78e-05	0.00e+00	0.00e+00	5.93e-07	3.12e-07	1.02e-07
 1.28744e+16	1.18e-06	1.46e-03	3.73e-01	5.09e-01	1.12e-01	4.87e-03	4.03e-05	0.00e+00	0.00e+00	6.84e-07	3.60e-07	1.18e-07
 1.29385e+16	1.42e-06	1.67e-03	4.01e-01	4.92e-01	1.01e-01	4.21e-03	3.33e-05	0.00e+00	0.00e+00	8.26e-07	4.35e-07	1.43e-07
 1.30048e+16	1.73e-06	1.92e-03	4.32e-01	4.72e-01	9.07e-02	3.60e-03	2.72e-05	0.00e+00	0.00e+00	1.01e-06	5.30e-07	1.74e-07
 1.30588e+16	2.14e-06	2.21e-03	4.60e-01	4.53e-01	8.22e-02	3.11e-03	2.24e-05	0.00e+00	0.00e+00	1.24e-06	6.55e-07	2.15e-07
 1.31014e+16	2.43e-06	2.41e-03	4.81e-01	4.38e-01	7.57e-02	2.77e-03	1.93e-05	0.00e+00	0.00e+00	1.41e-06	7.46e-07	2.45e-07
 1.31443e+16	2.70e-06	2.60e-03	5.04e-01	4.21e-01	6.92e-02	2.44e-03	1.65e-05	0.00e+00	0.00e+00	1.57e-06	8.29e-07	2.73e-07
 1.32001e+16	3.35e-06	3.00e-03	5.37e-01	3.97e-01	6.08e-02	2.03e-03	1.30e-05	0.00e+00	0.00e+00	1.95e-06	1.03e-06	3.38e-07
 1.32552e+16	3.97e-06	3.37e-03	5.68e-01	3.74e-01	5.32e-02	1.69e-03	1.03e-05	0.00e+00	0.00e+00	2.31e-06	1.22e-06	4.02e-07
 1.33000e+16	4.59e-06	3.71e-03	5.94e-01	3.53e-01	4.73e-02	1.43e-03	8.37e-06	0.00e+00	0.00e+00	2.67e-06	1.41e-06	4.65e-07
 1.33489e+16	5.45e-06	4.15e-03	6.24e-01	3.29e-01	4.10e-02	1.18e-03	6.52e-06	0.00e+00	0.00e+00	3.17e-06	1.67e-06	5.52e-07
 1.34022e+16	6.41e-06	4.62e-03	6.55e-01	3.04e-01	3.49e-02	9.44e-04	4.96e-06	0.00e+00	0.00e+00	3.73e-06	1.97e-06	6.50e-07
 1.34522e+16	7.56e-06	5.14e-03	6.85e-01	2.80e-01	2.96e-02	7.54e-04	3.75e-06	0.00e+00	0.00e+00	4.40e-06	2.32e-06	7.68e-07
 1.35001e+16	8.76e-06	5.64e-03	7.12e-01	2.57e-01	2.51e-02	6.03e-04	2.84e-06	0.00e+00	0.00e+00	5.09e-06	2.69e-06	8.90e-07
 1.35542e+16	1.04e-05	6.28e-03	7.42e-01	2.31e-01	2.05e-02	4.58e-04	2.02e-06	0.00e+00	0.00e+00	6.05e-06	3.20e-06	1.06e-06
 1.36129e+16	1.25e-05	7.01e-03	7.72e-01	2.04e-01	1.62e-02	3.35e-04	1.38e-06	0.00e+00	0.00e+00	7.24e-06	3.83e-06	1.27e-06
 1.36660e+16	1.46e-05	7.72e-03	7.97e-01	1.82e-01	1.30e-02	2.49e-04	9.54e-07	0.00e+00	0.00e+00	8.48e-06	4.48e-06	1.49e-06
 1.37236e+16	1.73e-05	8.54e-03	8.23e-01	1.58e-01	1.01e-02	1.76e-04	0.00e+00	0.00e+00	0.00e+00	1.01e-05	5.33e-06	1.77e-06
 1.37875e+16	2.07e-05	9.46e-03	8.47e-01	1.35e-01	7.55e-03	1.19e-04	0.00e+00	0.00e+00	0.00e+00	1.20e-05	6.37e-06	2.12e-06
 1.38486e+16	2.44e-05	1.04e-02	8.68e-01	1.16e-01	5.67e-03	8.10e-05	0.00e+00	0.00e+00	0.00e+00	1.42e-05	7.50e-06	2.50e-06
 1.39169e+16	2.91e-05	1.14e-02	8.88e-01	9.69e-02	4.06e-03	5.15e-05	0.00e+00	0.00e+00	0.00e+00	1.69e-05	8.96e-06	2.99e-06
 1.40058e+16	3.61e-05	1.29e-02	9.08e-01	7.64e-02	2.62e-03	2.82e-05	0.00e+00	0.00e+00	0.00e+00	2.10e-05	1.11e-05	3.72e-06
 1.40995e+16	4.49e-05	1.44e-02	9.24e-01	5.96e-02	1.66e-03	1.51e-05	0.00e+00	0.00e+00	0.00e+00	2.61e-05	1.38e-05	4.62e-06
 1.41667e+16	5.20e-05	1.55e-02	9.33e-01	5.03e-02	1.22e-03	9.82e-06	0.00e+00	0.00e+00	0.00e+00	3.03e-05	1.60e-05	5.37e-06
 1.42105e+16	5.72e-05	1.63e-02	9.38e-01	4.49e-02	9.87e-04	7.35e-06	0.00e+00	0.00e+00	0.00e+00	3.33e-05	1.76e-05	5.91e-06
 1.42572e+16	6.32e-05	1.71e-02	9.42e-01	3.97e-02	7.85e-04	5.34e-06	0.00e+00	0.00e+00	0.00e+00	3.68e-05	1.95e-05	6.53e-06
