#depth	O	O+	O+2	O+3	O+4	O+5	O+6	O+7	O+8	O[1]	O[2]	O[3]
 1.49634e+10	3.08e-21	1.99e-08	3.73e-02	9.63e-01	0.00e+00	0.00e+00	0.00e+00	0.00e+00	0.00e+00	0.00e+00	0.00e+00	0.00e+00
 4.54887e+10	4.06e-21	2.53e-08	4.34e-02	9.57e-01	2.57e-09	0.00e+00	0.00e+00	0.00e+00	0.00e+00	0.00e+00	0.00e+00	0.00e+00
 7.72350e+10	5.51e-21	3.25e-08	5.11e-02	9.49e-01	0.00e+00	0.00e+00	0.00e+00	0.00e+00	0.00e+00	0.00e+00	0.00e+00	0.00e+00
 1.10251e+11	7.56e-21	4.19e-08	6.05e-02	9.40e-01	0.00e+00	0.00e+00	0.00e+00	0.00e+00	0.00e+00	0.00e+00	0.00e+00	0.00e+00
 1.39382e+11	1.02e-20	5.34e-08	7.15e-02	9.29e-01	0.00e+00	0.00e+00	0.00e+00	0.00e+00	0.00e+00	0.00e+00	0.00e+00	0.00e+00
 1.60633e+11	1.22e-20	6.16e-08	7.84e-02	9.22e-01	0.00e+00	0.00e+00	0.00e+00	0.00e+00	0.00e+00	0.00e+00	0.00e+00	0.00e+00
 1.81225e+11	1.45e-20	7.01e-08	8.48e-02	9.15e-01	0.00e+00	0.00e+00	0.00e+00	0.00e+00	0.00e+00	0.00e+00	0.00e+00	0.00e+00
 2.07993e+11	1.82e-20	8.39e-08	9.54e-02	9.05e-01	0.00e+00	0.00e+00	0.00e+00	0.00e+00	0.00e+00	0.00e+00	0.00e+00	0.00e+00
 2.42549e+11	2.43e-20	1.05e-07	1.10e-01	8.90e-01	0.00e+00	0.00e+00	0.00e+00	0.00e+00	0.00e+00	0.00e+00	0.00e+00	0.00e+00
 2.74196e+11	3.39e-20	1.38e-07	1.35e-01	8.65e-01	0.00e+00	0.00e+00	0.00e+00	0.00e+00	0.00e+00	0.00e+00	0.00e+00	0.00e+00
 2.95829e+11	3.97e-20	1.56e-07	1.46e-01	8.54e-01	0.00e+00	0.00e+00	0.00e+00	0.00e+00	0.00e+00	0.00e+00	0.00e+00	0.00e+00
 3.17475e+11	4.63e-20	1.74e-07	1.56e-01	8.44e-01	0.00e+00	0.00e+00	0.00e+00	0.00e+00	0.00e+00	0.00e+00	0.00e+00	0.00e+00
 3.45616e+11	5.74e-20	2.05e-07	1.74e-01	8.26e-01	0.00e+00	0.00e+00	0.00e+00	0.00e+00	0.00e+00	0.00e+00	0.00e+00	0.00e+00
 3.82200e+11	7.52e-20	2.52e-07	1.99e-01	8.01e-01	0.00e+00	0.00e+00	0.00e+00	0.00e+00	0.00e+00	0.00e+00	0.00e+00	0.00e+00
 4.16659e+11	1.00e-19	3.17e-07	2.34e-01	7.66e-01	0.00e+00	0.00e+00	0.00e+00	0.00e+00	0.00e+00	0.00e+00	0.00e+00	0.00e+00
 4.38486e+11	1.17e-19	3.58e-07	2.53e-01	7.47e-01	0.00e+00	0.00e+00	0.00e+00	0.00e+00	0.00e+00	0.00e+00	0.00e+00	0.00e+00
 4.56989e+11	1.30e-19	3.84e-07	2.63e-01	7.37e-01	0.00e+00	0.00e+00	0.00e+00	0.00e+00	0.00e+00	0.00e+00	0.00e+00	0.00e+00
 4.81043e+11	1.52e-19	4.30e-07	2.83e-01	7.17e-01	0.00e+00	0.00e+00	0.00e+00	0.00e+00	0.00e+00	0.00e+00	0.00e+00	0.00e+00
 5.12313e+11	1.85e-19	5.00e-07	3.11e-01	6.89e-01	0.00e+00	0.00e+00	0.00e+00	0.00e+00	0.00e+00	0.00e+00	0.00e+00	0.00e+00
 5.46371e+11	2.31e-19	5.91e-07	3.47e-01	6.53e-01	0.00e+00	0.00e+00	0.00e+00	0.00e+00	0.00e+00	0.00e+00	0.00e+00	0.00e+00
 5.74734e+11	2.75e-19	6.73e-07	3.77e-01	6.23e-01	0.00e+00	0.00e+00	0.00e+00	0.00e+00	0.00e+00	0.00e+00	0.00e+00	0.00e+00
 6.02289e+11	3.16e-19	7.42e-07	3.98e-01	6.02e-01	0.00e+00	0.00e+00	0.00e+00	0.00e+00	0.00e+00	0.00e+00	0.00e+00	0.00e+00
 6.38110e+11	3.81e-19	8.50e-07	4.31e-01	5.69e-01	0.00e+00	0.00e+00	0.00e+00	0.00e+00	0.00e+00	0.00e+00	0.00e+00	0.00e+00
 6.75812e+11	4.68e-19	9.88e-07	4.73e-01	5.27e-01	0.00e+00	0.00e+00	0.00e+00	0.00e+00	0.00e+00	0.00e+00	0.00e+00	0.00e+00
 7.05261e+11	5.41e-19	1.10e-06	5.02e-01	4.98e-01	0.00e+00	0.00e+00	0.00e+00	0.00e+00	0.00e+00	0.00e+00	0.00e+00	0.00e+00
 7.32845e+11	6.06e-19	1.18e-06	5.21e-01	4.79e-01	0.00e+00	0.00e+00	0.00e+00	0.00e+00	0.00e+00	0.00e+00	0.00e+00	0.00e+00
 7.68704e+11	7.10e-19	1.32e-06	5.52e-01	4.48e-01	0.00e+00	0.00e+00	0.00e+00	0.00e+00	0.00e+00	0.00e+00	0.00e+00	0.00e+00
 8.08336e+11	8.44e-19	1.49e-06	5.90e-01	4.10e-01	0.00e+00	0.00e+00	0.00e+00	0.00e+00	0.00e+00	0.00e+00	0.00e+00	0.00e+00
 8.41882e+11	9.67e-19	1.63e-06	6.19e-01	3.81e-01	0.00e+00	0.00e+00	0.00e+00	0.00e+00	0.00e+00	0.00e+00	0.00e+00	0.00e+00
 8.69528e+11	1.07e-18	1.74e-06	6.37e-01	3.63e-01	0.00e+00	0.00e+00	0.00e+00	0.00e+00	0.00e+00	0.00e+00	0.00e+00	0.00e+00
 9.00490e+11	1.19e-18	1.87e-06	6.57e-01	3.43e-01	0.00e+00	0.00e+00	0.00e+00	0.00e+00	0.00e+00	0.00e+00	0.00e+00	0.00e+00
 9.40741e+11	1.37e-18	2.05e-06	6.85e-01	3.15e-01	0.00e+00	0.00e+00	0.00e+00	0.00e+00	0.00e+00	0.00e+00	0.00e+00	0.00e+00
 9.84800e+11	1.59e-18	2.26e-06	7.16e-01	2.84e-01	0.00e+00	0.00e+00	0.00e+00	0.00e+00	0.00e+00	0.00e+00	0.00e+00	0.00e+00
 1.02203e+12	1.79e-18	2.43e-06	7.38e-01	2.62e-01	0.00e+00	0.00e+00	0.00e+00	0.00e+00	0.00e+00	0.00e+00	0.00e+00	0.00e+00
 1.05362e+12	1.96e-18	2.57e-06	7.52e-01	2.48e-01	0.00e+00	0.00e+00	0.00e+00	0.00e+00	0.00e+00	0.00e+00	0.00e+00	0.00e+00
 1.08966e+12	2.17e-18	2.74e-06	7.68e-01	2.32e-01	0.00e+00	0.00e+00	0.00e+00	0.00e+00	0.00e+00	0.00e+00	0.00e+00	0.00e+00
 1.13650e+12	2.48e-18	2.96e-06	7.89e-01	2.11e-01	0.00e+00	0.00e+00	0.00e+00	0.00e+00	0.00e+00	0.00e+00	0.00e+00	0.00e+00
 1.18730e+12	2.84e-18	3.22e-06	8.12e-01	1.88e-01	0.00e+00	0.00e+00	0.00e+00	0.00e+00	0.00e+00	0.00e+00	0.00e+00	0.00e+00
 1.23008e+12	3.16e-18	3.43e-06	8.28e-01	1.72e-01	0.00e+00	0.00e+00	0.00e+00	0.00e+00	0.00e+00	0.00e+00	0.00e+00	0.00e+00
 1.27251e+12	3.49e-18	3.63e-06	8.39e-01	1.61e-01	0.00e+00	0.00e+00	0.00e+00	0.00e+00	0.00e+00	0.00e+00	0.00e+00	0.00e+00
 1.32768e+12	3.96e-18	3.91e-06	8.55e-01	1.45e-01	0.00e+00	0.00e+00	0.00e+00	0.00e+00	0.00e+00	0.00e+00	0.00e+00	0.00e+00
 1.38752e+12	4.53e-18	4.22e-06	8.71e-01	1.29e-01	0.00e+00	0.00e+00	0.00e+00	0.00e+00	0.00e+00	0.00e+00	0.00e+00	0.00e+00
 1.43814e+12	5.03e-18	4.48e-06	8.82e-01	1.17e-01	0.00e+00	0.00e+00	0.00e+00	0.00e+00	0.00e+00	0.00e+00	0.00e+00	0.00e+00
 1.48866e+12	5.56e-18	4.73e-06	8.91e-01	1.09e-01	0.00e+00	0.00e+00	0.00e+00	0.00e+00	0.00e+00	0.00e+00	0.00e+00	0.00e+00
 1.55433e+12	6.32e-18	5.08e-06	9.02e-01	9.81e-02	0.00e+00	0.00e+00	0.00e+00	0.00e+00	0.00e+00	0.00e+00	0.00e+00	0.00e+00
 1.62689e+12	7.23e-18	5.47e-06	9.13e-01	8.68e-02	0.00e+00	0.00e+00	0.00e+00	0.00e+00	0.00e+00	0.00e+00	0.00e+00	0.00e+00
 1.69136e+12	8.10e-18	5.82e-06	9.21e-01	7.86e-02	0.00e+00	0.00e+00	0.00e+00	0.00e+00	0.00e+00	0.00e+00	0.00e+00	0.00e+00
 1.75815e+12	9.06e-18	6.17e-06	9.28e-01	7.22e-02	0.00e+00	0.00e+00	0.00e+00	0.00e+00	0.00e+00	0.00e+00	0.00e+00	0.00e+00
 1.84497e+12	1.05e-17	6.66e-06	9.36e-01	6.42e-02	0.00e+00	0.00e+00	0.00e+00	0.00e+00	0.00e+00	0.00e+00	0.00e+00	0.00e+00
 1.94232e+12	1.22e-17	7.22e-06	9.44e-01	5.58e-02	0.00e+00	0.00e+00	0.00e+00	0.00e+00	0.00e+00	0.00e+00	0.00e+00	0.00e+00
 2.03317e+12	1.39e-17	7.75e-06	9.50e-01	5.00e-02	0.00e+00	0.00e+00	0.00e+00	0.00e+00	0.00e+00	0.00e+00	0.00e+00	0.00e+00
 2.13110e+12	1.60e-17	8.32e-06	9.55e-01	4.54e-02	0.00e+00	0.00e+00	0.00e+00	0.00e+00	0.00e+00	0.00e+00	0.00e+00	0.00e+00
 2.24514e+12	1.87e-17	9.03e-06	9.60e-01	3.97e-02	0.00e+00	0.00e+00	0.00e+00	0.00e+00	0.00e+00	0.00e+00	0.00e+00	0.00e+00
 2.36487e+12	2.18e-17	9.78e-06	9.65e-01	3.52e-02	0.00e+00	0.00e+00	0.00e+00	0.00e+00	0.00e+00	0.00e+00	0.00e+00	0.00e+00
 2.48940e+12	2.45e-17	1.06e-05	9.69e-01	3.13e-02	0.00e+00	0.00e+00	0.00e+00	0.00e+00	0.00e+00	1.38e-17	7.62e-18	3.09e-18
 2.61890e+12	2.97e-17	1.15e-05	9.72e-01	2.79e-02	0.00e+00	0.00e+00	0.00e+00	0.00e+00	0.00e+00	1.66e-17	9.76e-18	3.25e-18
 2.75358e+12	3.46e-17	1.24e-05	9.75e-01	2.50e-02	0.00e+00	0.00e+00	0.00e+00	0.00e+00	0.00e+00	1.94e-17	1.14e-17	3.79e-18
 2.89365e+12	4.04e-17	1.34e-05	9.78e-01	2.23e-02	0.00e+00	0.00e+00	0.00e+00	0.00e+00	0.00e+00	2.26e-17	1.33e-17	4.42e-18
 3.03932e+12	4.71e-17	1.45e-05	9.80e-01	2.00e-02	0.00e+00	0.00e+00	0.00e+00	0.00e+00	0.00e+00	2.64e-17	1.55e-17	5.15e-18
 3.19082e+12	5.49e-17	1.57e-05	9.82e-01	1.79e-02	0.00e+00	0.00e+00	0.00e+00	0.00e+00	0.00e+00	3.08e-17	1.81e-17	6.01e-18
 3.34838e+12	6.41e-17	1.70e-05	9.84e-01	1.61e-02	0.00e+00	0.00e+00	0.00e+00	0.00e+00	0.00e+00	3.59e-17	2.11e-17	7.02e-18
 3.51225e+12	7.48e-17	1.83e-05	9.85e-01	1.46e-02	0.00e+00	0.00e+00	0.00e+00	0.00e+00	0.00e+00	4.19e-17	2.46e-17	8.20e-18
 3.68266e+12	8.74e-17	1.98e-05	9.87e-01	1.31e-02	0.00e+00	0.00e+00	0.00e+00	0.00e+00	0.00e+00	4.90e-17	2.88e-17	9.57e-18
 3.85990e+12	1.02e-16	2.15e-05	9.88e-01	1.19e-02	0.00e+00	0.00e+00	0.00e+00	0.00e+00	0.00e+00	5.72e-17	3.36e-17	1.12e-17
 4.04422e+12	1.19e-16	2.32e-05	9.89e-01	1.07e-02	0.00e+00	0.00e+00	0.00e+00	0.00e+00	0.00e+00	6.69e-17	3.93e-17	1.31e-17
 4.23591e+12	1.40e-16	2.51e-05	9.90e-01	9.71e-03	0.00e+00	0.00e+00	0.00e+00	0.00e+00	0.00e+00	7.82e-17	4.59e-17	1.53e-17
 4.43528e+12	1.63e-16	2.72e-05	9.91e-01	8.80e-03	0.00e+00	0.00e+00	0.00e+00	0.00e+00	0.00e+00	9.15e-17	5.37e-17	1.79e-17
 4.64262e+12	1.91e-16	2.94e-05	9.92e-01	7.98e-03	0.00e+00	0.00e+00	0.00e+00	0.00e+00	0.00e+00	1.07e-16	6.29e-17	2.09e-17
 4.85825e+12	2.23e-16	3.18e-05	9.93e-01	7.25e-03	0.00e+00	0.00e+00	0.00e+00	0.00e+00	0.00e+00	1.25e-16	7.36e-17	2.45e-17
 5.08250e+12	2.62e-16	3.45e-05	9.93e-01	6.58e-03	0.00e+00	0.00e+00	0.00e+00	0.00e+00	0.00e+00	1.47e-16	8.61e-17	2.87e-17
 5.31573e+12	3.06e-16	3.73e-05	9.94e-01	5.98e-03	0.00e+00	0.00e+00	0.00e+00	0.00e+00	0.00e+00	1.72e-16	1.01e-16	3.35e-17
 5.55829e+12	3.59e-16	4.04e-05	9.95e-01	5.44e-03	0.00e+00	0.00e+00	0.00e+00	0.00e+00	0.00e+00	2.01e-16	1.18e-16	3.93e-17
 5.81054e+12	4.20e-16	4.37e-05	9.95e-01	4.95e-03	0.00e+00	0.00e+00	0.00e+00	0.00e+00	0.00e+00	2.36e-16	1.38e-16	4.60e-17
 6.07289e+12	4.92e-16	4.74e-05	9.95e-01	4.50e-03	0.00e+00	0.00e+00	0.00e+00	0.00e+00	0.00e+00	2.76e-16	1.62e-16	5.39e-17
 6.34574e+12	5.77e-16	5.13e-05	9.96e-01	4.10e-03	0.00e+00	0.00e+00	0.00e+00	0.00e+00	0.00e+00	3.23e-16	1.90e-16	6.32e-17
 6.62949e+12	6.76e-16	5.56e-05	9.96e-01	3.73e-03	0.00e+00	0.00e+00	0.00e+00	0.00e+00	0.00e+00	3.79e-16	2.23e-16	7.41e-17
 6.92460e+12	7.93e-16	6.02e-05	9.97e-01	3.40e-03	0.00e+00	0.00e+00	0.00e+00	0.00e+00	0.00e+00	4.45e-16	2.61e-16	8.69e-17
 7.23151e+12	9.30e-16	6.52e-05	9.97e-01	3.09e-03	0.00e+00	0.00e+00	0.00e+00	0.00e+00	0.00e+00	5.21e-16	3.06e-16	1.02e-16
 7.55070e+12	1.09e-15	7.06e-05	9.97e-01	2.82e-03	0.00e+00	0.00e+00	0.00e+00	0.00e+00	0.00e+00	6.12e-16	3.59e-16	1.20e-16
 7.88265e+12	1.28e-15	7.65e-05	9.97e-01	2.57e-03	0.00e+00	0.00e+00	0.00e+00	0.00e+00	0.00e+00	7.18e-16	4.22e-16	1.40e-16
 8.22788e+12	1.50e-15	8.30e-05	9.98e-01	2.34e-03	0.00e+00	0.00e+00	0.00e+00	0.00e+00	0.00e+00	8.43e-16	4.95e-16	1.65e-16
 8.58693e+12	1.76e-15	8.99e-05	9.98e-01	2.13e-03	0.00e+00	0.00e+00	0.00e+00	0.00e+00	0.00e+00	9.89e-16	5.81e-16	1.93e-16
 8.96033e+12	2.07e-15	9.75e-05	9.98e-01	1.94e-03	0.00e+00	0.00e+00	0.00e+00	0.00e+00	0.00e+00	1.16e-15	6.83e-16	2.27e-16
 9.34867e+12	2.43e-15	1.06e-04	9.98e-01	1.77e-03	0.00e+00	0.00e+00	0.00e+00	0.00e+00	0.00e+00	1.37e-15	8.02e-16	2.67e-16
 9.75254e+12	2.86e-15	1.15e-04	9.98e-01	1.61e-03	0.00e+00	0.00e+00	0.00e+00	0.00e+00	0.00e+00	1.60e-15	9.43e-16	3.14e-16
 1.01726e+13	3.36e-15	1.24e-04	9.98e-01	1.46e-03	0.00e+00	0.00e+00	0.00e+00	0.00e+00	0.00e+00	1.89e-15	1.11e-15	3.69e-16
 1.06094e+13	3.96e-15	1.35e-04	9.99e-01	1.33e-03	0.00e+00	0.00e+00	0.00e+00	0.00e+00	0.00e+00	2.22e-15	1.30e-15	4.34e-16
 1.10637e+13	4.65e-15	1.46e-04	9.99e-01	1.21e-03	0.00e+00	0.00e+00	0.00e+00	0.00e+00	0.00e+00	2.61e-15	1.53e-15	5.10e-16
 1.15362e+13	5.48e-15	1.59e-04	9.99e-01	1.10e-03	0.00e+00	0.00e+00	0.00e+00	0.00e+00	0.00e+00	3.07e-15	1.80e-15	6.00e-16
 1.20276e+13	6.45e-15	1.72e-04	9.99e-01	1.00e-03	0.00e+00	0.00e+00	0.00e+00	0.00e+00	0.00e+00	3.62e-15	2.12e-15	7.07e-16
 1.25386e+13	7.60e-15	1.87e-04	9.99e-01	9.13e-04	0.00e+00	0.00e+00	0.00e+00	0.00e+00	0.00e+00	4.26e-15	2.50e-15	8.33e-16
 1.30701e+13	8.95e-15	2.03e-04	9.99e-01	8.29e-04	0.00e+00	0.00e+00	0.00e+00	0.00e+00	0.00e+00	5.02e-15	2.95e-15	9.81e-16
 1.36228e+13	1.06e-14	2.20e-04	9.99e-01	7.53e-04	0.00e+00	0.00e+00	0.00e+00	0.00e+00	0.00e+00	5.92e-15	3.48e-15	1.16e-15
 1.41976e+13	1.24e-14	2.39e-04	9.99e-01	6.85e-04	0.00e+00	0.00e+00	0.00e+00	0.00e+00	0.00e+00	6.98e-15	4.10e-15	1.36e-15
 1.47955e+13	1.47e-14	2.60e-04	9.99e-01	6.22e-04	0.00e+00	0.00e+00	0.00e+00	0.00e+00	0.00e+00	8.23e-15	4.84e-15	1.61e-15
 1.54172e+13	1.73e-14	2.82e-04	9.99e-01	5.65e-04	0.00e+00	0.00e+00	0.00e+00	0.00e+00	0.00e+00	9.71e-15	5.71e-15	1.90e-15
 1.60638e+13	2.05e-14	3.07e-04	9.99e-01	5.13e-04	0.00e+00	0.00e+00	0.00e+00	0.00e+00	0.00e+00	1.15e-14	6.74e-15	2.24e-15
 1.67363e+13	2.42e-14	3.34e-04	9.99e-01	4.65e-04	0.00e+00	0.00e+00	0.00e+00	0.00e+00	0.00e+00	1.36e-14	7.96e-15	2.65e-15
 1.74357e+13	2.86e-14	3.63e-04	9.99e-01	4.22e-04	0.00e+00	0.00e+00	0.00e+00	0.00e+00	0.00e+00	1.60e-14	9.41e-15	3.13e-15
 1.81630e+13	3.38e-14	3.95e-04	9.99e-01	3.82e-04	0.00e+00	0.00e+00	0.00e+00	0.00e+00	0.00e+00	1.89e-14	1.11e-14	3.70e-15
 1.89195e+13	3.99e-14	4.29e-04	9.99e-01	3.46e-04	0.00e+00	0.00e+00	0.00e+00	0.00e+00	0.00e+00	2.24e-14	1.32e-14	4.38e-15
 1.97062e+13	4.73e-14	4.67e-04	9.99e-01	3.13e-04	0.00e+00	0.00e+00	0.00e+00	0.00e+00	0.00e+00	2.65e-14	1.56e-14	5.18e-15
 2.05243e+13	5.60e-14	5.08e-04	9.99e-01	2.83e-04	0.00e+00	0.00e+00	0.00e+00	0.00e+00	0.00e+00	3.14e-14	1.84e-14	6.13e-15
 2.13752e+13	6.63e-14	5.53e-04	9.99e-01	2.56e-04	0.00e+00	0.00e+00	0.00e+00	0.00e+00	0.00e+00	3.72e-14	2.18e-14	7.27e-15
 2.22602e+13	7.86e-14	6.02e-04	9.99e-01	2.31e-04	0.00e+00	0.00e+00	0.00e+00	0.00e+00	0.00e+00	4.41e-14	2.59e-14	8.61e-15
 2.31805e+13	9.31e-14	6.55e-04	9.99e-01	2.09e-04	0.00e+00	0.00e+00	0.00e+00	0.00e+00	0.00e+00	5.22e-14	3.07e-14	1.02e-14
 2.41377e+13	1.10e-13	7.14e-04	9.99e-01	1.89e-04	0.00e+00	0.00e+00	0.00e+00	0.00e+00	0.00e+00	6.20e-14	3.64e-14	1.21e-14
 2.51331e+13	1.31e-13	7.77e-04	9.99e-01	1.70e-04	0.00e+00	0.00e+00	0.00e+00	0.00e+00	0.00e+00	7.35e-14	4.32e-14	1.44e-14
 2.61684e+13	1.56e-13	8.47e-04	9.99e-01	1.53e-04	0.00e+00	0.00e+00	0.00e+00	0.00e+00	0.00e+00	8.73e-14	5.13e-14	1.71e-14
 2.72450e+13	1.85e-13	9.23e-04	9.99e-01	1.38e-04	0.00e+00	0.00e+00	0.00e+00	0.00e+00	0.00e+00	1.04e-13	6.09e-14	2.03e-14
 2.83647e+13	2.19e-13	1.01e-03	9.99e-01	1.24e-04	0.00e+00	0.00e+00	0.00e+00	0.00e+00	0.00e+00	1.23e-13	7.23e-14	2.40e-14
 2.95293e+13	2.61e-13	1.10e-03	9.99e-01	1.12e-04	0.00e+00	0.00e+00	0.00e+00	0.00e+00	0.00e+00	1.46e-13	8.59e-14	2.86e-14
 3.07404e+13	3.10e-13	1.19e-03	9.99e-01	1.00e-04	0.00e+00	0.00e+00	0.00e+00	0.00e+00	0.00e+00	1.74e-13	1.02e-13	3.40e-14
 3.19999e+13	3.69e-13	1.30e-03	9.99e-01	9.02e-05	0.00e+00	0.00e+00	0.00e+00	0.00e+00	0.00e+00	2.07e-13	1.21e-13	4.04e-14
 3.33098e+13	4.39e-13	1.42e-03	9.98e-01	8.09e-05	0.00e+00	0.00e+00	0.00e+00	0.00e+00	0.00e+00	2.46e-13	1.45e-13	4.81e-14
 3.46721e+13	5.22e-13	1.55e-03	9.98e-01	7.26e-05	0.00e+00	0.00e+00	0.00e+00	0.00e+00	0.00e+00	2.93e-13	1.72e-13	5.72e-14
 3.60889e+13	6.21e-13	1.69e-03	9.98e-01	6.50e-05	0.00e+00	0.00e+00	0.00e+00	0.00e+00	0.00e+00	3.48e-13	2.05e-13	6.81e-14
 3.75624e+13	7.39e-13	1.84e-03	9.98e-01	5.82e-05	0.00e+00	0.00e+00	0.00e+00	0.00e+00	0.00e+00	4.15e-13	2.44e-13	8.11e-14
 3.90949e+13	8.80e-13	2.01e-03	9.98e-01	5.21e-05	0.00e+00	0.00e+00	0.00e+00	0.00e+00	0.00e+00	4.94e-13	2.90e-13	9.65e-14
 4.06886e+13	1.05e-12	2.20e-03	9.98e-01	4.66e-05	0.00e+00	0.00e+00	0.00e+00	0.00e+00	0.00e+00	5.88e-13	3.45e-13	1.15e-13
 4.23460e+13	1.25e-12	2.40e-03	9.98e-01	4.16e-05	0.00e+00	0.00e+00	0.00e+00	0.00e+00	0.00e+00	7.00e-13	4.11e-13	1.37e-13
 4.40698e+13	1.49e-12	2.62e-03	9.97e-01	3.72e-05	0.00e+00	0.00e+00	0.00e+00	0.00e+00	0.00e+00	8.34e-13	4.90e-13	1.63e-13
 4.58625e+13	1.77e-12	2.85e-03	9.97e-01	3.32e-05	0.00e+00	0.00e+00	0.00e+00	0.00e+00	0.00e+00	9.93e-13	5.83e-13	1.94e-13
 4.77270e+13	2.11e-12	3.12e-03	9.97e-01	2.96e-05	0.00e+00	0.00e+00	0.00e+00	0.00e+00	0.00e+00	1.18e-12	6.95e-13	2.31e-13
 4.96660e+13	2.51e-12	3.40e-03	9.97e-01	2.63e-05	0.00e+00	0.00e+00	0.00e+00	0.00e+00	0.00e+00	1.41e-12	8.27e-13	2.75e-13
 5.16825e+13	2.99e-12	3.71e-03	9.96e-01	2.34e-05	0.00e+00	0.00e+00	0.00e+00	0.00e+00	0.00e+00	1.68e-12	9.85e-13	3.28e-13
 5.37798e+13	3.56e-12	4.05e-03	9.96e-01	2.08e-05	0.00e+00	0.00e+00	0.00e+00	0.00e+00	0.00e+00	2.00e-12	1.17e-12	3.90e-13
 5.59609e+13	4.24e-12	4.42e-03	9.96e-01	1.85e-05	0.00e+00	0.00e+00	0.00e+00	0.00e+00	0.00e+00	2.38e-12	1.40e-12	4.65e-13
 5.82292e+13	5.05e-12	4.82e-03	9.95e-01	1.64e-05	0.00e+00	0.00e+00	0.00e+00	0.00e+00	0.00e+00	2.83e-12	1.66e-12	5.53e-13
 6.05883e+13	6.00e-12	5.26e-03	9.95e-01	1.45e-05	0.00e+00	0.00e+00	0.00e+00	0.00e+00	0.00e+00	3.37e-12	1.98e-12	6.58e-13
 6.30418e+13	7.14e-12	5.74e-03	9.94e-01	1.29e-05	0.00e+00	0.00e+00	0.00e+00	0.00e+00	0.00e+00	4.01e-12	2.35e-12	7.83e-13
 6.55934e+13	8.49e-12	6.26e-03	9.94e-01	1.14e-05	0.00e+00	0.00e+00	0.00e+00	0.00e+00	0.00e+00	4.76e-12	2.80e-12	9.31e-13
 6.82471e+13	1.01e-11	6.82e-03	9.93e-01	1.00e-05	0.00e+00	0.00e+00	0.00e+00	0.00e+00	0.00e+00	5.66e-12	3.32e-12	1.11e-12
 7.10069e+13	1.20e-11	7.44e-03	9.93e-01	8.86e-06	0.00e+00	0.00e+00	0.00e+00	0.00e+00	0.00e+00	6.73e-12	3.95e-12	1.31e-12
 7.38771e+13	1.42e-11	8.11e-03	9.92e-01	7.80e-06	0.00e+00	0.00e+00	0.00e+00	0.00e+00	0.00e+00	7.99e-12	4.69e-12	1.56e-12
 7.68621e+13	1.69e-11	8.83e-03	9.91e-01	6.86e-06	0.00e+00	0.00e+00	0.00e+00	0.00e+00	0.00e+00	9.48e-12	5.57e-12	1.85e-12
 7.99665e+13	2.01e-11	9.62e-03	9.90e-01	6.03e-06	0.00e+00	0.00e+00	0.00e+00	0.00e+00	0.00e+00	1.12e-11	6.61e-12	2.20e-12
 8.31951e+13	2.38e-11	1.05e-02	9.90e-01	5.28e-06	0.00e+00	0.00e+00	0.00e+00	0.00e+00	0.00e+00	1.33e-11	7.84e-12	2.61e-12
 8.65528e+13	2.82e-11	1.14e-02	9.89e-01	4.63e-06	0.00e+00	0.00e+00	0.00e+00	0.00e+00	0.00e+00	1.58e-11	9.30e-12	3.09e-12
 9.00448e+13	3.34e-11	1.24e-02	9.88e-01	4.04e-06	0.00e+00	0.00e+00	0.00e+00	0.00e+00	0.00e+00	1.87e-11	1.10e-11	3.66e-12
 9.36766e+13	3.95e-11	1.35e-02	9.86e-01	3.53e-06	0.00e+00	0.00e+00	0.00e+00	0.00e+00	0.00e+00	2.22e-11	1.30e-11	4.33e-12
 9.74536e+13	4.68e-11	1.47e-02	9.85e-01	3.07e-06	0.00e+00	0.00e+00	0.00e+00	0.00e+00	0.00e+00	2.62e-11	1.54e-11	5.13e-12
 1.01382e+14	5.53e-11	1.60e-02	9.84e-01	2.67e-06	0.00e+00	0.00e+00	0.00e+00	0.00e+00	0.00e+00	3.10e-11	1.82e-11	6.07e-12
 1.05467e+14	6.54e-11	1.74e-02	9.83e-01	2.32e-06	0.00e+00	0.00e+00	0.00e+00	0.00e+00	0.00e+00	3.67e-11	2.15e-11	7.17e-12
 1.09715e+14	7.72e-11	1.89e-02	9.81e-01	2.01e-06	0.00e+00	0.00e+00	0.00e+00	0.00e+00	0.00e+00	4.33e-11	2.54e-11	8.47e-12
 1.14134e+14	9.12e-11	2.05e-02	9.79e-01	1.73e-06	0.00e+00	0.00e+00	0.00e+00	0.00e+00	0.00e+00	5.11e-11	3.00e-11	9.99e-12
 1.18729e+14	1.08e-10	2.23e-02	9.78e-01	1.49e-06	0.00e+00	0.00e+00	0.00e+00	0.00e+00	0.00e+00	6.03e-11	3.54e-11	1.18e-11
 1.23508e+14	1.27e-10	2.42e-02	9.76e-01	1.28e-06	0.00e+00	0.00e+00	0.00e+00	0.00e+00	0.00e+00	7.11e-11	4.18e-11	1.39e-11
 1.28479e+14	1.49e-10	2.62e-02	9.74e-01	1.10e-06	0.00e+00	0.00e+00	0.00e+00	0.00e+00	0.00e+00	8.38e-11	4.92e-11	1.64e-11
 1.33648e+14	1.76e-10	2.84e-02	9.72e-01	9.42e-07	0.00e+00	0.00e+00	0.00e+00	0.00e+00	0.00e+00	9.88e-11	5.80e-11	1.93e-11
 1.39024e+14	2.07e-10	3.08e-02	9.69e-01	0.00e+00	0.00e+00	0.00e+00	0.00e+00	0.00e+00	0.00e+00	1.16e-10	6.83e-11	2.27e-11
 1.44614e+14	2.44e-10	3.34e-02	9.67e-01	0.00e+00	0.00e+00	0.00e+00	0.00e+00	0.00e+00	0.00e+00	1.37e-10	8.04e-11	2.67e-11
 1.50429e+14	2.87e-10	3.62e-02	9.64e-01	0.00e+00	0.00e+00	0.00e+00	0.00e+00	0.00e+00	0.00e+00	1.61e-10	9.45e-11	3.14e-11
 1.56476e+14	3.37e-10	3.93e-02	9.61e-01	0.00e+00	0.00e+00	0.00e+00	0.00e+00	0.00e+00	0.00e+00	1.89e-10	1.11e-10	3.70e-11
 1.62765e+14	3.96e-10	4.25e-02	9.57e-01	0.00e+00	0.00e+00	0.00e+00	0.00e+00	0.00e+00	0.00e+00	2.22e-10	1.31e-10	4.35e-11
 1.69305e+14	4.66e-10	4.60e-02	9.54e-01	0.00e+00	0.00e+00	0.00e+00	0.00e+00	0.00e+00	0.00e+00	2.61e-10	1.53e-10	5.10e-11
 1.76108e+14	5.47e-10	4.98e-02	9.50e-01	0.00e+00	0.00e+00	0.00e+00	0.00e+00	0.00e+00	0.00e+00	3.07e-10	1.80e-10	5.99e-11
 1.83182e+14	6.42e-10	5.39e-02	9.46e-01	0.00e+00	0.00e+00	0.00e+00	0.00e+00	0.00e+00	0.00e+00	3.60e-10	2.12e-10	7.04e-11
 1.90539e+14	7.53e-10	5.83e-02	9.42e-01	0.00e+00	0.00e+00	0.00e+00	0.00e+00	0.00e+00	0.00e+00	4.23e-10	2.48e-10	8.26e-11
 1.98191e+14	8.84e-10	6.30e-02	9.37e-01	0.00e+00	0.00e+00	0.00e+00	0.00e+00	0.00e+00	0.00e+00	4.96e-10	2.91e-10	9.69e-11
 2.06148e+14	1.04e-09	6.81e-02	9.32e-01	0.00e+00	0.00e+00	0.00e+00	0.00e+00	0.00e+00	0.00e+00	5.81e-10	3.42e-10	1.14e-10
 2.14424e+14	1.21e-09	7.36e-02	9.26e-01	0.00e+00	0.00e+00	0.00e+00	0.00e+00	0.00e+00	0.00e+00	6.81e-10	4.00e-10	1.33e-10
 2.23031e+14	1.42e-09	7.95e-02	9.21e-01	0.00e+00	0.00e+00	0.00e+00	0.00e+00	0.00e+00	0.00e+00	7.99e-10	4.69e-10	1.56e-10
 2.31982e+14	1.67e-09	8.58e-02	9.14e-01	0.00e+00	0.00e+00	0.00e+00	0.00e+00	0.00e+00	0.00e+00	9.36e-10	5.50e-10	1.83e-10
 2.41291e+14	1.95e-09	9.25e-02	9.08e-01	0.00e+00	0.00e+00	0.00e+00	0.00e+00	0.00e+00	0.00e+00	1.09e-09	6.43e-10	2.14e-10
 2.50973e+14	2.28e-09	9.98e-02	9.00e-01	0.00e+00	0.00e+00	0.00e+00	0.00e+00	0.00e+00	0.00e+00	1.28e-09	7.53e-10	2.50e-10
 2.61042e+14	2.67e-09	1.07e-01	8.93e-01	0.00e+00	0.00e+00	0.00e+00	0.00e+00	0.00e+00	0.00e+00	1.50e-09	8.79e-10	2.92e-10
 2.71513e+14	3.12e-09	1.16e-01	8.84e-01	0.00e+00	0.00e+00	0.00e+00	0.00e+00	0.00e+00	0.00e+00	1.75e-09	1.03e-09	3.42e-10
 2.82404e+14	3.64e-09	1.25e-01	8.75e-01	0.00e+00	0.00e+00	0.00e+00	0.00e+00	0.00e+00	0.00e+00	2.04e-09	1.20e-09	3.99e-10
 2.93730e+14	4.24e-09	1.34e-01	8.66e-01	0.00e+00	0.00e+00	0.00e+00	0.00e+00	0.00e+00	0.00e+00	2.38e-09	1.40e-09	4.65e-10
 3.05509e+14	4.95e-09	1.44e-01	8.56e-01	0.00e+00	0.00e+00	0.00e+00	0.00e+00	0.00e+00	0.00e+00	2.77e-09	1.63e-09	5.42e-10
 3.17759e+14	5.76e-09	1.54e-01	8.46e-01	0.00e+00	0.00e+00	0.00e+00	0.00e+00	0.00e+00	0.00e+00	3.23e-09	1.90e-09	6.31e-10
 3.30499e+14	6.70e-09	1.65e-01	8.35e-01	0.00e+00	0.00e+00	0.00e+00	0.00e+00	0.00e+00	0.00e+00	3.76e-09	2.21e-09	7.34e-10
 3.43749e+14	7.78e-09	1.77e-01	8.23e-01	0.00e+00	0.00e+00	0.00e+00	0.00e+00	0.00e+00	0.00e+00	4.37e-09	2.56e-09	8.53e-10
 3.57529e+14	9.04e-09	1.90e-01	8.10e-01	0.00e+00	0.00e+00	0.00e+00	0.00e+00	0.00e+00	0.00e+00	5.07e-09	2.98e-09	9.91e-10
 3.71860e+14	1.05e-08	2.03e-01	7.97e-01	0.00e+00	0.00e+00	0.00e+00	0.00e+00	0.00e+00	0.00e+00	5.88e-09	3.45e-09	1.15e-09
 3.86765e+14	1.21e-08	2.17e-01	7.83e-01	0.00e+00	0.00e+00	0.00e+00	0.00e+00	0.00e+00	0.00e+00	6.81e-09	4.00e-09	1.33e-09
 4.02265e+14	1.40e-08	2.31e-01	7.69e-01	0.00e+00	0.00e+00	0.00e+00	0.00e+00	0.00e+00	0.00e+00	7.87e-09	4.62e-09	1.54e-09
 4.18386e+14	1.62e-08	2.46e-01	7.54e-01	0.00e+00	0.00e+00	0.00e+00	0.00e+00	0.00e+00	0.00e+00	9.10e-09	5.35e-09	1.78e-09
 4.35151e+14	1.87e-08	2.62e-01	7.38e-01	0.00e+00	0.00e+00	0.00e+00	0.00e+00	0.00e+00	0.00e+00	1.05e-08	6.17e-09	2.05e-09
 4.52587e+14	2.16e-08	2.78e-01	7.22e-01	0.00e+00	0.00e+00	0.00e+00	0.00e+00	0.00e+00	0.00e+00	1.21e-08	7.10e-09	2.36e-09
 4.70720e+14	2.48e-08	2.95e-01	7.05e-01	0.00e+00	0.00e+00	0.00e+00	0.00e+00	0.00e+00	0.00e+00	1.39e-08	8.17e-09	2.72e-09
 4.89579e+14	2.85e-08	3.13e-01	6.87e-01	0.00e+00	0.00e+00	0.00e+00	0.00e+00	0.00e+00	0.00e+00	1.60e-08	9.38e-09	3.12e-09
 5.09192e+14	3.27e-08	3.31e-01	6.69e-01	0.00e+00	0.00e+00	0.00e+00	0.00e+00	0.00e+00	0.00e+00	1.83e-08	1.08e-08	3.58e-09
 5.29590e+14	3.74e-08	3.49e-01	6.51e-01	0.00e+00	0.00e+00	0.00e+00	0.00e+00	0.00e+00	0.00e+00	2.10e-08	1.23e-08	4.10e-09
 5.50803e+14	4.27e-08	3.68e-01	6.32e-01	0.00e+00	0.00e+00	0.00e+00	0.00e+00	0.00e+00	0.00e+00	2.40e-08	1.41e-08	4.69e-09
 5.72865e+14	4.88e-08	3.88e-01	6.12e-01	0.00e+00	0.00e+00	0.00e+00	0.00e+00	0.00e+00	0.00e+00	2.74e-08	1.61e-08	5.34e-09
 5.95810e+14	5.55e-08	4.07e-01	5.93e-01	0.00e+00	0.00e+00	0.00e+00	0.00e+00	0.00e+00	0.00e+00	3.11e-08	1.83e-08	6.09e-09
 6.19672e+14	6.31e-08	4.27e-01	5.73e-01	0.00e+00	0.00e+00	0.00e+00	0.00e+00	0.00e+00	0.00e+00	3.54e-08	2.08e-08	6.92e-09
 6.44489e+14	7.16e-08	4.48e-01	5.52e-01	0.00e+00	0.00e+00	0.00e+00	0.00e+00	0.00e+00	0.00e+00	4.02e-08	2.36e-08	7.85e-09
 6.70299e+14	8.11e-08	4.68e-01	5.32e-01	0.00e+00	0.00e+00	0.00e+00	0.00e+00	0.00e+00	0.00e+00	4.55e-08	2.67e-08	8.89e-09
 6.97140e+14	9.17e-08	4.89e-01	5.11e-01	0.00e+00	0.00e+00	0.00e+00	0.00e+00	0.00e+00	0.00e+00	5.14e-08	3.02e-08	1.00e-08
 7.25056e+14	1.03e-07	5.10e-01	4.90e-01	0.00e+00	0.00e+00	0.00e+00	0.00e+00	0.00e+00	0.00e+00	5.80e-08	3.41e-08	1.13e-08
 7.54088e+14	1.16e-07	5.30e-01	4.70e-01	0.00e+00	0.00e+00	0.00e+00	0.00e+00	0.00e+00	0.00e+00	6.53e-08	3.84e-08	1.28e-08
 7.84282e+14	1.31e-07	5.51e-01	4.49e-01	0.00e+00	0.00e+00	0.00e+00	0.00e+00	0.00e+00	0.00e+00	7.34e-08	4.31e-08	1.43e-08
 8.15683e+14	1.47e-07	5.71e-01	4.29e-01	0.00e+00	0.00e+00	0.00e+00	0.00e+00	0.00e+00	0.00e+00	8.24e-08	4.84e-08	1.61e-08
 8.48340e+14	1.65e-07	5.92e-01	4.08e-01	0.00e+00	0.00e+00	0.00e+00	0.00e+00	0.00e+00	0.00e+00	9.23e-08	5.42e-08	1.80e-08
 8.82303e+14	1.84e-07	6.12e-01	3.88e-01	0.00e+00	0.00e+00	0.00e+00	0.00e+00	0.00e+00	0.00e+00	1.03e-07	6.06e-08	2.02e-08
 9.17626e+14	2.05e-07	6.31e-01	3.69e-01	0.00e+00	0.00e+00	0.00e+00	0.00e+00	0.00e+00	0.00e+00	1.15e-07	6.76e-08	2.25e-08
 9.54361e+14	2.29e-07	6.51e-01	3.49e-01	0.00e+00	0.00e+00	0.00e+00	0.00e+00	0.00e+00	0.00e+00	1.28e-07	7.54e-08	2.51e-08
 9.92565e+14	2.55e-07	6.70e-01	3.30e-01	0.00e+00	0.00e+00	0.00e+00	0.00e+00	0.00e+00	0.00e+00	1.43e-07	8.38e-08	2.79e-08
 1.03230e+15	2.83e-07	6.88e-01	3.12e-01	0.00e+00	0.00e+00	0.00e+00	0.00e+00	0.00e+00	0.00e+00	1.59e-07	9.31e-08	3.10e-08
 1.07362e+15	3.14e-07	7.06e-01	2.94e-01	0.00e+00	0.00e+00	0.00e+00	0.00e+00	0.00e+00	0.00e+00	1.76e-07	1.03e-07	3.44e-08
 1.11659e+15	3.47e-07	7.24e-01	2.76e-01	0.00e+00	0.00e+00	0.00e+00	0.00e+00	0.00e+00	0.00e+00	1.95e-07	1.14e-07	3.81e-08
 1.16129e+15	3.84e-07	7.41e-01	2.59e-01	0.00e+00	0.00e+00	0.00e+00	0.00e+00	0.00e+00	0.00e+00	2.15e-07	1.26e-07	4.21e-08
 1.20777e+15	4.24e-07	7.57e-01	2.43e-01	0.00e+00	0.00e+00	0.00e+00	0.00e+00	0.00e+00	0.00e+00	2.38e-07	1.40e-07	4.65e-08
 1.25611e+15	4.68e-07	7.73e-01	2.27e-01	0.00e+00	0.00e+00	0.00e+00	0.00e+00	0.00e+00	0.00e+00	2.62e-07	1.54e-07	5.13e-08
 1.30638e+15	5.15e-07	7.88e-01	2.12e-01	0.00e+00	0.00e+00	0.00e+00	0.00e+00	0.00e+00	0.00e+00	2.89e-07	1.70e-07	5.65e-08
 1.35867e+15	5.67e-07	8.03e-01	1.97e-01	0.00e+00	0.00e+00	0.00e+00	0.00e+00	0.00e+00	0.00e+00	3.18e-07	1.87e-07	6.21e-08
 1.41305e+15	6.23e-07	8.17e-01	1.83e-01	0.00e+00	0.00e+00	0.00e+00	0.00e+00	0.00e+00	0.00e+00	3.50e-07	2.05e-07	6.83e-08
 1.46960e+15	6.84e-07	8.30e-01	1.70e-01	0.00e+00	0.00e+00	0.00e+00	0.00e+00	0.00e+00	0.00e+00	3.84e-07	2.25e-07	7.50e-08
 1.52841e+15	7.51e-07	8.43e-01	1.57e-01	0.00e+00	0.00e+00	0.00e+00	0.00e+00	0.00e+00	0.00e+00	4.21e-07	2.47e-07	8.23e-08
 1.58958e+15	8.23e-07	8.55e-01	1.45e-01	0.00e+00	0.00e+00	0.00e+00	0.00e+00	0.00e+00	0.00e+00	4.62e-07	2.71e-07	9.02e-08
 1.65319e+15	9.02e-07	8.66e-01	1.34e-01	0.00e+00	0.00e+00	0.00e+00	0.00e+00	0.00e+00	0.00e+00	5.06e-07	2.97e-07	9.89e-08
 1.71935e+15	9.87e-07	8.77e-01	1.23e-01	0.00e+00	0.00e+00	0.00e+00	0.00e+00	0.00e+00	0.00e+00	5.54e-07	3.25e-07	1.08e-07
 1.78815e+15	1.08e-06	8.87e-01	1.13e-01	0.00e+00	0.00e+00	0.00e+00	0.00e+00	0.00e+00	0.00e+00	6.05e-07	3.55e-07	1.18e-07
 1.85971e+15	1.18e-06	8.97e-01	1.03e-01	0.00e+00	0.00e+00	0.00e+00	0.00e+00	0.00e+00	0.00e+00	6.62e-07	3.88e-07	1.29e-07
 1.93413e+15	1.29e-06	9.06e-01	9.43e-02	0.00e+00	0.00e+00	0.00e+00	0.00e+00	0.00e+00	0.00e+00	7.23e-07	4.24e-07	1.41e-07
 2.01152e+15	1.41e-06	9.14e-01	8.59e-02	0.00e+00	0.00e+00	0.00e+00	0.00e+00	0.00e+00	0.00e+00	7.89e-07	4.63e-07	1.54e-07
 2.09201e+15	1.53e-06	9.22e-01	7.81e-02	0.00e+00	0.00e+00	0.00e+00	0.00e+00	0.00e+00	0.00e+00	8.60e-07	5.05e-07	1.68e-07
 2.17572e+15	1.67e-06	9.29e-01	7.08e-02	0.00e+00	0.00e+00	0.00e+00	0.00e+00	0.00e+00	0.00e+00	9.38e-07	5.50e-07	1.83e-07
 2.26278e+15	1.82e-06	9.36e-01	6.40e-02	0.00e+00	0.00e+00	0.00e+00	0.00e+00	0.00e+00	0.00e+00	1.02e-06	6.00e-07	2.00e-07
 2.35332e+15	1.98e-06	9.42e-01	5.77e-02	0.00e+00	0.00e+00	0.00e+00	0.00e+00	0.00e+00	0.00e+00	1.11e-06	6.53e-07	2.17e-07
 2.44749e+15	2.16e-06	9.48e-01	5.19e-02	0.00e+00	0.00e+00	0.00e+00	0.00e+00	0.00e+00	0.00e+00	1.21e-06	7.11e-07	2.37e-07
 2.54542e+15	2.35e-06	9.53e-01	4.65e-02	0.00e+00	0.00e+00	0.00e+00	0.00e+00	0.00e+00	0.00e+00	1.32e-06	7.73e-07	2.58e-07
 2.64726e+15	2.55e-06	9.58e-01	4.16e-02	0.00e+00	0.00e+00	0.00e+00	0.00e+00	0.00e+00	0.00e+00	1.43e-06	8.41e-07	2.80e-07
 2.75318e+15	2.78e-06	9.63e-01	3.71e-02	0.00e+00	0.00e+00	0.00e+00	0.00e+00	0.00e+00	0.00e+00	1.56e-06	9.14e-07	3.05e-07
 2.86334e+15	3.02e-06	9.67e-01	3.29e-02	0.00e+00	0.00e+00	0.00e+00	0.00e+00	0.00e+00	0.00e+00	1.69e-06	9.94e-07	3.31e-07
 2.97790e+15	3.28e-06	9.71e-01	2.92e-02	0.00e+00	0.00e+00	0.00e+00	0.00e+00	0.00e+00	0.00e+00	1.84e-06	1.08e-06	3.60e-07
 3.09705e+15	3.56e-06	9.74e-01	2.58e-02	0.00e+00	0.00e+00	0.00e+00	0.00e+00	0.00e+00	0.00e+00	2.00e-06	1.17e-06	3.91e-07
 3.22096e+15	3.86e-06	9.77e-01	2.27e-02	0.00e+00	0.00e+00	0.00e+00	0.00e+00	0.00e+00	0.00e+00	2.17e-06	1.27e-06	4.24e-07
 3.34983e+15	4.20e-06	9.80e-01	1.99e-02	0.00e+00	0.00e+00	0.00e+00	0.00e+00	0.00e+00	0.00e+00	2.35e-06	1.38e-06	4.60e-07
 3.48385e+15	4.55e-06	9.83e-01	1.74e-02	0.00e+00	0.00e+00	0.00e+00	0.00e+00	0.00e+00	0.00e+00	2.55e-06	1.50e-06	5.00e-07
 3.62324e+15	4.94e-06	9.85e-01	1.51e-02	0.00e+00	0.00e+00	0.00e+00	0.00e+00	0.00e+00	0.00e+00	2.77e-06	1.63e-06	5.42e-07
 3.76820e+15	5.36e-06	9.87e-01	1.31e-02	0.00e+00	0.00e+00	0.00e+00	0.00e+00	0.00e+00	0.00e+00	3.00e-06	1.77e-06	5.88e-07
 3.91895e+15	5.82e-06	9.89e-01	1.13e-02	0.00e+00	0.00e+00	0.00e+00	0.00e+00	0.00e+00	0.00e+00	3.26e-06	1.92e-06	6.39e-07
 4.07574e+15	6.30e-06	9.90e-01	9.70e-03	0.00e+00	0.00e+00	0.00e+00	0.00e+00	0.00e+00	0.00e+00	3.53e-06	2.08e-06	6.92e-07
 4.23880e+15	6.84e-06	9.92e-01	8.29e-03	0.00e+00	0.00e+00	0.00e+00	0.00e+00	0.00e+00	0.00e+00	3.83e-06	2.26e-06	7.51e-07
 4.40838e+15	7.41e-06	9.93e-01	7.05e-03	0.00e+00	0.00e+00	0.00e+00	0.00e+00	0.00e+00	0.00e+00	4.15e-06	2.45e-06	8.15e-07
 4.58475e+15	8.03e-06	9.94e-01	5.96e-03	0.00e+00	0.00e+00	0.00e+00	0.00e+00	0.00e+00	0.00e+00	4.49e-06	2.65e-06	8.84e-07
 4.76817e+15	8.70e-06	9.95e-01	5.01e-03	0.00e+00	0.00e+00	0.00e+00	0.00e+00	0.00e+00	0.00e+00	4.87e-06	2.88e-06	9.59e-07
 4.95892e+15	9.43e-06	9.96e-01	4.19e-03	0.00e+00	0.00e+00	0.00e+00	0.00e+00	0.00e+00	0.00e+00	5.27e-06	3.12e-06	1.04e-06
 5.15731e+15	1.02e-05	9.97e-01	3.48e-03	0.00e+00	0.00e+00	0.00e+00	0.00e+00	0.00e+00	0.00e+00	5.71e-06	3.38e-06	1.13e-06
 5.36363e+15	1.11e-05	9.97e-01	2.87e-03	0.00e+00	0.00e+00	0.00e+00	0.00e+00	0.00e+00	0.00e+00	6.18e-06	3.67e-06	1.22e-06
 5.57821e+15	1.20e-05	9.98e-01	2.35e-03	0.00e+00	0.00e+00	0.00e+00	0.00e+00	0.00e+00	0.00e+00	6.69e-06	3.98e-06	1.33e-06
 5.80137e+15	1.30e-05	9.98e-01	1.90e-03	0.00e+00	0.00e+00	0.00e+00	0.00e+00	0.00e+00	0.00e+00	7.24e-06	4.31e-06	1.44e-06
 6.03345e+15	1.41e-05	9.98e-01	1.53e-03	0.00e+00	0.00e+00	0.00e+00	0.00e+00	0.00e+00	0.00e+00	7.83e-06	4.68e-06	1.57e-06
 6.27482e+15	1.53e-05	9.99e-01	1.22e-03	0.00e+00	0.00e+00	0.00e+00	0.00e+00	0.00e+00	0.00e+00	8.48e-06	5.07e-06	1.70e-06
 6.52584e+15	1.65e-05	9.99e-01	9.59e-04	0.00e+00	0.00e+00	0.00e+00	0.00e+00	0.00e+00	0.00e+00	9.18e-06	5.50e-06	1.85e-06
 6.77740e+15	1.79e-05	9.99e-01	7.50e-04	0.00e+00	0.00e+00	0.00e+00	0.00e+00	0.00e+00	0.00e+00	9.90e-06	5.95e-06	2.00e-06
 7.01501e+15	1.92e-05	9.99e-01	5.90e-04	0.00e+00	0.00e+00	0.00e+00	0.00e+00	0.00e+00	0.00e+00	1.06e-05	6.40e-06	2.16e-06
 7.23434e+15	2.04e-05	1.00e+00	4.71e-04	0.00e+00	0.00e+00	0.00e+00	0.00e+00	0.00e+00	0.00e+00	1.13e-05	6.82e-06	2.30e-06
 7.43826e+15	2.16e-05	1.00e+00	3.80e-04	0.00e+00	0.00e+00	0.00e+00	0.00e+00	0.00e+00	0.00e+00	1.19e-05	7.22e-06	2.44e-06
 7.62932e+15	2.28e-05	1.00e+00	3.08e-04	0.00e+00	0.00e+00	0.00e+00	0.00e+00	0.00e+00	0.00e+00	1.26e-05	7.62e-06	2.58e-06
 7.80667e+15	2.39e-05	1.00e+00	2.52e-04	0.00e+00	0.00e+00	0.00e+00	0.00e+00	0.00e+00	0.00e+00	1.32e-05	7.99e-06	2.71e-06
 7.96874e+15	2.49e-05	1.00e+00	2.07e-04	0.00e+00	0.00e+00	0.00e+00	0.00e+00	0.00e+00	0.00e+00	1.37e-05	8.34e-06	2.84e-06
 8.11505e+15	2.58e-05	1.00e+00	1.72e-04	0.00e+00	0.00e+00	0.00e+00	0.00e+00	0.00e+00	0.00e+00	1.42e-05	8.66e-06	2.95e-06
 8.24630e+15	2.67e-05	1.00e+00	1.44e-04	0.00e+00	0.00e+00	0.00e+00	0.00e+00	0.00e+00	0.00e+00	1.47e-05	8.96e-06	3.06e-06
 8.36384e+15	2.75e-05	1.00e+00	1.22e-04	0.00e+00	0.00e+00	0.00e+00	0.00e+00	0.00e+00	0.00e+00	1.51e-05	9.22e-06	3.15e-06
 8.46861e+15	2.82e-05	1.00e+00	1.03e-04	0.00e+00	0.00e+00	0.00e+00	0.00e+00	0.00e+00	0.00e+00	1.55e-05	9.47e-06	3.24e-06
 8.56152e+15	2.88e-05	1.00e+00	8.81e-05	0.00e+00	0.00e+00	0.00e+00	0.00e+00	0.00e+00	0.00e+00	1.58e-05	9.68e-06	3.32e-06
 8.64351e+15	2.94e-05	1.00e+00	7.56e-05	0.00e+00	0.00e+00	0.00e+00	0.00e+00	0.00e+00	0.00e+00	1.61e-05	9.87e-06	3.39e-06
 8.71555e+15	2.99e-05	1.00e+00	6.51e-05	0.00e+00	0.00e+00	0.00e+00	0.00e+00	0.00e+00	0.00e+00	1.64e-05	1.00e-05	3.45e-06
 8.77874e+15	3.03e-05	1.00e+00	5.63e-05	0.00e+00	0.00e+00	0.00e+00	0.00e+00	0.00e+00	0.00e+00	1.66e-05	1.02e-05	3.50e-06
 8.83406e+15	3.07e-05	1.00e+00	4.87e-05	0.00e+00	0.00e+00	0.00e+00	0.00e+00	0.00e+00	0.00e+00	1.68e-05	1.03e-05	3.55e-06
 8.88239e+15	3.10e-05	1.00e+00	4.23e-05	0.00e+00	0.00e+00	0.00e+00	0.00e+00	0.00e+00	0.00e+00	1.70e-05	1.04e-05	3.59e-06
 8.92461e+15	3.13e-05	1.00e+00	3.67e-05	0.00e+00	0.00e+00	0.00e+00	0.00e+00	0.00e+00	0.00e+00	1.72e-05	1.05e-05	3.63e-06
 8.96145e+15	3.16e-05	1.00e+00	3.18e-05	0.00e+00	0.00e+00	0.00e+00	0.00e+00	0.00e+00	0.00e+00	1.73e-05	1.06e-05	3.66e-06
 8.99359e+15	3.18e-05	1.00e+00	2.75e-05	0.00e+00	0.00e+00	0.00e+00	0.00e+00	0.00e+00	0.00e+00	1.74e-05	1.07e-05	3.68e-06
 9.02165e+15	3.19e-05	1.00e+00	2.38e-05	0.00e+00	0.00e+00	0.00e+00	0.00e+00	0.00e+00	0.00e+00	1.75e-05	1.07e-05	3.71e-06
 9.04620e+15	3.21e-05	1.00e+00	2.05e-05	0.00e+00	0.00e+00	0.00e+00	0.00e+00	0.00e+00	0.00e+00	1.76e-05	1.08e-05	3.72e-06
 9.06771e+15	3.22e-05	1.00e+00	1.76e-05	0.00e+00	0.00e+00	0.00e+00	0.00e+00	0.00e+00	0.00e+00	1.76e-05	1.08e-05	3.74e-06
 9.08661e+15	3.23e-05	1.00e+00	1.50e-05	0.00e+00	0.00e+00	0.00e+00	0.00e+00	0.00e+00	0.00e+00	1.77e-05	1.09e-05	3.75e-06
 9.10326e+15	3.24e-05	1.00e+00	1.27e-05	0.00e+00	0.00e+00	0.00e+00	0.00e+00	0.00e+00	0.00e+00	1.77e-05	1.09e-05	3.76e-06
 9.11802e+15	3.24e-05	1.00e+00	1.07e-05	0.00e+00	0.00e+00	0.00e+00	0.00e+00	0.00e+00	0.00e+00	1.77e-05	1.09e-05	3.77e-06
 9.13117e+15	3.24e-05	1.00e+00	8.97e-06	0.00e+00	0.00e+00	0.00e+00	0.00e+00	0.00e+00	0.00e+00	1.77e-05	1.09e-05	3.77e-06
 9.14299e+15	3.24e-05	1.00e+00	7.43e-06	0.00e+00	0.00e+00	0.00e+00	0.00e+00	0.00e+00	0.00e+00	1.77e-05	1.09e-05	3.77e-06
 9.15370e+15	3.24e-05	1.00e+00	6.10e-06	0.00e+00	0.00e+00	0.00e+00	0.00e+00	0.00e+00	0.00e+00	1.77e-05	1.09e-05	3.77e-06
 9.16353e+15	3.24e-05	1.00e+00	4.95e-06	0.00e+00	0.00e+00	0.00e+00	0.00e+00	0.00e+00	0.00e+00	1.77e-05	1.09e-05	3.77e-06
 9.17270e+15	3.23e-05	1.00e+00	3.96e-06	0.00e+00	0.00e+00	0.00e+00	0.00e+00	0.00e+00	0.00e+00	1.77e-05	1.09e-05	3.76e-06
 9.18142e+15	3.22e-05	1.00e+00	3.12e-06	0.00e+00	0.00e+00	0.00e+00	0.00e+00	0.00e+00	0.00e+00	1.76e-05	1.08e-05	3.75e-06
 9.18994e+15	3.21e-05	1.00e+00	2.42e-06	0.00e+00	0.00e+00	0.00e+00	0.00e+00	0.00e+00	0.00e+00	1.76e-05	1.08e-05	3.74e-06
 9.19968e+15	3.20e-05	1.00e+00	1.76e-06	0.00e+00	0.00e+00	0.00e+00	0.00e+00	0.00e+00	0.00e+00	1.75e-05	1.08e-05	3.73e-06
 9.21044e+15	3.19e-05	1.00e+00	1.20e-06	0.00e+00	0.00e+00	0.00e+00	0.00e+00	0.00e+00	0.00e+00	1.74e-05	1.07e-05	3.71e-06
 9.22253e+15	3.18e-05	1.00e+00	7.75e-07	0.00e+00	0.00e+00	0.00e+00	0.00e+00	0.00e+00	0.00e+00	1.74e-05	1.07e-05	3.70e-06
 9.23825e+15	3.17e-05	1.00e+00	4.37e-07	0.00e+00	0.00e+00	0.00e+00	0.00e+00	0.00e+00	0.00e+00	1.73e-05	1.07e-05	3.69e-06
 9.25868e+15	3.17e-05	1.00e+00	2.07e-07	0.00e+00	0.00e+00	0.00e+00	0.00e+00	0.00e+00	0.00e+00	1.73e-05	1.07e-05	3.70e-06
 9.28525e+15	3.19e-05	1.00e+00	7.95e-08	0.00e+00	0.00e+00	0.00e+00	0.00e+00	0.00e+00	0.00e+00	1.74e-05	1.07e-05	3.71e-06
 9.31978e+15	3.21e-05	1.00e+00	2.33e-08	0.00e+00	0.00e+00	0.00e+00	0.00e+00	0.00e+00	0.00e+00	1.75e-05	1.08e-05	3.74e-06
 9.36467e+15	3.24e-05	1.00e+00	4.83e-09	0.00e+00	0.00e+00	0.00e+00	0.00e+00	0.00e+00	0.00e+00	1.77e-05	1.09e-05	3.78e-06
 9.42303e+15	3.28e-05	1.00e+00	6.49e-10	0.00e+00	0.00e+00	0.00e+00	0.00e+00	0.00e+00	0.00e+00	1.79e-05	1.11e-05	3.83e-06
 9.49889e+15	3.34e-05	1.00e+00	5.12e-11	0.00e+00	0.00e+00	0.00e+00	0.00e+00	0.00e+00	0.00e+00	1.82e-05	1.12e-05	3.90e-06
 9.59752e+15	3.41e-05	1.00e+00	2.18e-12	0.00e+00	0.00e+00	0.00e+00	0.00e+00	0.00e+00	0.00e+00	1.86e-05	1.15e-05	3.99e-06
 9.72573e+15	3.50e-05	1.00e+00	5.10e-14	0.00e+00	0.00e+00	0.00e+00	0.00e+00	0.00e+00	0.00e+00	1.91e-05	1.18e-05	4.10e-06
 9.89240e+15	3.63e-05	1.00e+00	7.80e-16	0.00e+00	0.00e+00	0.00e+00	0.00e+00	0.00e+00	0.00e+00	1.98e-05	1.22e-05	4.26e-06
 1.01091e+16	3.79e-05	1.00e+00	7.76e-18	0.00e+00	0.00e+00	0.00e+00	0.00e+00	0.00e+00	0.00e+00	2.07e-05	1.28e-05	4.46e-06
 1.03908e+16	4.02e-05	1.00e+00	3.63e-20	0.00e+00	0.00e+00	0.00e+00	0.00e+00	0.00e+00	0.00e+00	2.19e-05	1.36e-05	4.74e-06
 1.07570e+16	4.32e-05	1.00e+00	5.39e-23	0.00e+00	0.00e+00	0.00e+00	0.00e+00	0.00e+00	0.00e+00	2.35e-05	1.46e-05	5.12e-06
 1.11832e+16	4.69e-05	1.00e+00	0.00e+00	0.00e+00	0.00e+00	0.00e+00	0.00e+00	0.00e+00	0.00e+00	2.54e-05	1.58e-05	5.59e-06
 1.16306e+16	5.09e-05	1.00e+00	0.00e+00	0.00e+00	0.00e+00	0.00e+00	0.00e+00	0.00e+00	0.00e+00	2.76e-05	1.72e-05	6.11e-06
 1.20958e+16	5.53e-05	1.00e+00	0.00e+00	0.00e+00	0.00e+00	0.00e+00	0.00e+00	0.00e+00	0.00e+00	2.99e-05	1.87e-05	6.69e-06
 1.25797e+16	6.02e-05	1.00e+00	0.00e+00	0.00e+00	0.00e+00	0.00e+00	0.00e+00	0.00e+00	0.00e+00	3.25e-05	2.03e-05	7.32e-06
 1.30829e+16	6.56e-05	1.00e+00	0.00e+00	0.00e+00	0.00e+00	0.00e+00	0.00e+00	0.00e+00	0.00e+00	3.54e-05	2.22e-05	8.03e-06
 1.36063e+16	7.15e-05	1.00e+00	0.00e+00	0.00e+00	0.00e+00	0.00e+00	0.00e+00	0.00e+00	0.00e+00	3.85e-05	2.41e-05	8.81e-06
 1.41505e+16	7.81e-05	1.00e+00	0.00e+00	0.00e+00	0.00e+00	0.00e+00	0.00e+00	0.00e+00	0.00e+00	4.21e-05	2.63e-05	9.69e-06
 1.47166e+16	8.54e-05	1.00e+00	0.00e+00	0.00e+00	0.00e+00	0.00e+00	0.00e+00	0.00e+00	0.00e+00	4.60e-05	2.87e-05	1.06e-05
 1.53053e+16	9.36e-05	1.00e+00	0.00e+00	0.00e+00	0.00e+00	0.00e+00	0.00e+00	0.00e+00	0.00e+00	5.04e-05	3.14e-05	1.17e-05
 1.59175e+16	1.03e-04	1.00e+00	0.00e+00	0.00e+00	0.00e+00	0.00e+00	0.00e+00	0.00e+00	0.00e+00	5.54e-05	3.44e-05	1.29e-05
 1.65543e+16	1.13e-04	1.00e+00	0.00e+00	0.00e+00	0.00e+00	0.00e+00	0.00e+00	0.00e+00	0.00e+00	6.11e-05	3.77e-05	1.43e-05
 1.72165e+16	1.25e-04	1.00e+00	0.00e+00	0.00e+00	0.00e+00	0.00e+00	0.00e+00	0.00e+00	0.00e+00	6.76e-05	4.14e-05	1.57e-05
 1.79051e+16	1.38e-04	1.00e+00	0.00e+00	0.00e+00	0.00e+00	0.00e+00	0.00e+00	0.00e+00	0.00e+00	7.52e-05	4.57e-05	1.74e-05
 1.86214e+16	1.54e-04	1.00e+00	0.00e+00	0.00e+00	0.00e+00	0.00e+00	0.00e+00	0.00e+00	0.00e+00	8.40e-05	5.05e-05	1.93e-05
 1.93663e+16	1.72e-04	1.00e+00	0.00e+00	0.00e+00	0.00e+00	0.00e+00	0.00e+00	0.00e+00	0.00e+00	9.46e-05	5.60e-05	2.14e-05
 2.01410e+16	1.94e-04	1.00e+00	0.00e+00	0.00e+00	0.00e+00	0.00e+00	0.00e+00	0.00e+00	0.00e+00	1.07e-04	6.25e-05	2.38e-05
 2.09466e+16	2.20e-04	1.00e+00	0.00e+00	0.00e+00	0.00e+00	0.00e+00	0.00e+00	0.00e+00	0.00e+00	1.23e-04	7.03e-05	2.67e-05
 2.17845e+16	2.52e-04	1.00e+00	0.00e+00	0.00e+00	0.00e+00	0.00e+00	0.00e+00	0.00e+00	0.00e+00	1.42e-04	7.98e-05	3.00e-05
 2.26133e+16	2.91e-04	1.00e+00	0.00e+00	0.00e+00	0.00e+00	0.00e+00	0.00e+00	0.00e+00	0.00e+00	1.66e-04	9.11e-05	3.38e-05
 2.33765e+16	3.35e-04	1.00e+00	0.00e+00	0.00e+00	0.00e+00	0.00e+00	0.00e+00	0.00e+00	0.00e+00	1.93e-04	1.04e-04	3.79e-05
 2.40700e+16	3.84e-04	1.00e+00	0.00e+00	0.00e+00	0.00e+00	0.00e+00	0.00e+00	0.00e+00	0.00e+00	2.23e-04	1.19e-04	4.26e-05
 2.47158e+16	4.42e-04	1.00e+00	0.00e+00	0.00e+00	0.00e+00	0.00e+00	0.00e+00	0.00e+00	0.00e+00	2.57e-04	1.36e-04	4.80e-05
 2.53215e+16	5.10e-04	9.99e-01	0.00e+00	0.00e+00	0.00e+00	0.00e+00	0.00e+00	0.00e+00	0.00e+00	2.98e-04	1.57e-04	5.44e-05
 2.58783e+16	5.90e-04	9.99e-01	0.00e+00	0.00e+00	0.00e+00	0.00e+00	0.00e+00	0.00e+00	0.00e+00	3.46e-04	1.82e-04	6.20e-05
 2.63794e+16	6.84e-04	9.99e-01	0.00e+00	0.00e+00	0.00e+00	0.00e+00	0.00e+00	0.00e+00	0.00e+00	4.01e-04	2.12e-04	7.08e-05
 2.68271e+16	7.94e-04	9.99e-01	0.00e+00	0.00e+00	0.00e+00	0.00e+00	0.00e+00	0.00e+00	0.00e+00	4.66e-04	2.45e-04	8.15e-05
 2.72274e+16	9.22e-04	9.99e-01	0.00e+00	0.00e+00	0.00e+00	0.00e+00	0.00e+00	0.00e+00	0.00e+00	5.42e-04	2.85e-04	9.38e-05
 2.75847e+16	1.07e-03	9.99e-01	0.00e+00	0.00e+00	0.00e+00	0.00e+00	0.00e+00	0.00e+00	0.00e+00	6.31e-04	3.33e-04	1.09e-04
 2.79020e+16	1.25e-03	9.99e-01	0.00e+00	0.00e+00	0.00e+00	0.00e+00	0.00e+00	0.00e+00	0.00e+00	7.36e-04	3.88e-04	1.26e-04
 2.81954e+16	1.47e-03	9.99e-01	0.00e+00	0.00e+00	0.00e+00	0.00e+00	0.00e+00	0.00e+00	0.00e+00	8.67e-04	4.57e-04	1.48e-04
 2.84673e+16	1.76e-03	9.98e-01	0.00e+00	0.00e+00	0.00e+00	0.00e+00	0.00e+00	0.00e+00	0.00e+00	1.03e-03	5.45e-04	1.76e-04
 2.86967e+16	2.09e-03	9.98e-01	0.00e+00	0.00e+00	0.00e+00	0.00e+00	0.00e+00	0.00e+00	0.00e+00	1.23e-03	6.47e-04	2.09e-04
