#depth	C	C+	C+2	C+3	C+4	C+5	C+6	C[1]	C[2]	C[3]	C+[1]	C+[2]	CO
 3.74085e+09	4.27e-36	9.02e-27	2.59e-18	1.63e-10	3.79e-02	9.48e-01	1.45e-02	0.00e+00	0.00e+00	0.00e+00	0.00e+00	0.00e+00	0.00e+00
 2.24451e+10	5.63e-36	1.13e-26	3.07e-18	1.83e-10	4.01e-02	9.46e-01	1.37e-02	0.00e+00	0.00e+00	0.00e+00	0.00e+00	0.00e+00	2.68e-118
 5.31200e+10	8.76e-36	1.61e-26	4.02e-18	2.19e-10	4.39e-02	9.44e-01	1.25e-02	0.00e+00	0.00e+00	0.00e+00	0.00e+00	0.00e+00	0.00e+00
 8.51716e+10	1.36e-35	2.30e-26	5.28e-18	2.63e-10	4.80e-02	9.41e-01	1.14e-02	0.00e+00	0.00e+00	0.00e+00	0.00e+00	0.00e+00	2.79e-117
 1.18505e+11	2.12e-35	3.29e-26	6.93e-18	3.16e-10	5.26e-02	9.37e-01	1.03e-02	0.00e+00	0.00e+00	0.00e+00	0.00e+00	0.00e+00	0.00e+00
 1.53172e+11	3.30e-35	4.70e-26	9.10e-18	3.80e-10	5.76e-02	9.33e-01	9.40e-03	0.00e+00	0.00e+00	0.00e+00	0.00e+00	0.00e+00	2.88e-116
 1.84603e+11	4.85e-35	6.42e-26	1.16e-17	4.46e-10	6.23e-02	9.29e-01	8.64e-03	0.00e+00	0.00e+00	0.00e+00	0.00e+00	0.00e+00	0.00e+00
 2.10862e+11	6.63e-35	8.26e-26	1.40e-17	5.08e-10	6.64e-02	9.26e-01	8.07e-03	0.00e+00	0.00e+00	0.00e+00	0.00e+00	0.00e+00	1.82e-115
 2.39616e+11	9.23e-35	1.08e-25	1.72e-17	5.83e-10	7.11e-02	9.21e-01	7.50e-03	0.00e+00	0.00e+00	0.00e+00	0.00e+00	0.00e+00	4.72e-98
 2.75948e+11	1.38e-34	1.50e-25	2.21e-17	6.90e-10	7.72e-02	9.16e-01	6.85e-03	0.00e+00	0.00e+00	0.00e+00	0.00e+00	0.00e+00	1.27e-114
 3.13902e+11	2.08e-34	2.09e-25	2.85e-17	8.19e-10	8.39e-02	9.10e-01	6.25e-03	0.00e+00	0.00e+00	0.00e+00	0.00e+00	0.00e+00	2.93e-97
 3.47636e+11	2.95e-34	2.77e-25	3.54e-17	9.47e-10	9.01e-02	9.04e-01	5.77e-03	0.00e+00	0.00e+00	0.00e+00	0.00e+00	0.00e+00	9.47e-114
 3.84114e+11	4.25e-34	3.73e-25	4.43e-17	1.10e-09	9.70e-02	8.98e-01	5.31e-03	0.00e+00	0.00e+00	0.00e+00	0.00e+00	0.00e+00	1.44e-96
 4.25044e+11	6.32e-34	5.14e-25	5.67e-17	1.30e-09	1.05e-01	8.90e-01	4.84e-03	0.00e+00	0.00e+00	0.00e+00	0.00e+00	0.00e+00	7.08e-113
 4.63715e+11	9.05e-34	6.88e-25	7.09e-17	1.51e-09	1.13e-01	8.82e-01	4.45e-03	0.00e+00	0.00e+00	0.00e+00	0.00e+00	0.00e+00	7.88e-96
 5.05941e+11	1.32e-33	9.34e-25	8.96e-17	1.77e-09	1.22e-01	8.74e-01	4.07e-03	0.00e+00	0.00e+00	0.00e+00	0.00e+00	0.00e+00	5.00e-112
 5.53299e+11	1.99e-33	1.30e-24	1.16e-16	2.10e-09	1.32e-01	8.64e-01	3.69e-03	0.00e+00	0.00e+00	0.00e+00	0.00e+00	0.00e+00	4.60e-95
 5.98093e+11	2.88e-33	1.76e-24	1.46e-16	2.45e-09	1.43e-01	8.54e-01	3.37e-03	0.00e+00	0.00e+00	0.00e+00	0.00e+00	0.00e+00	4.01e-111
 6.46749e+11	4.23e-33	2.41e-24	1.85e-16	2.88e-09	1.54e-01	8.43e-01	3.06e-03	0.00e+00	0.00e+00	0.00e+00	0.00e+00	0.00e+00	2.52e-94
 7.01168e+11	6.42e-33	3.37e-24	2.40e-16	3.43e-09	1.67e-01	8.30e-01	2.76e-03	0.00e+00	0.00e+00	0.00e+00	0.00e+00	0.00e+00	3.43e-110
 7.52996e+11	9.37e-33	4.59e-24	3.04e-16	4.01e-09	1.80e-01	8.18e-01	2.50e-03	0.00e+00	0.00e+00	0.00e+00	0.00e+00	0.00e+00	1.52e-93
 8.08275e+11	1.38e-32	6.28e-24	3.86e-16	4.71e-09	1.94e-01	8.04e-01	2.26e-03	0.00e+00	0.00e+00	0.00e+00	0.00e+00	0.00e+00	2.70e-109
 8.70533e+11	2.10e-32	8.83e-24	5.02e-16	5.61e-09	2.10e-01	7.88e-01	2.02e-03	0.00e+00	0.00e+00	0.00e+00	0.00e+00	0.00e+00	9.46e-93
 9.31753e+11	3.10e-32	1.21e-23	6.41e-16	6.60e-09	2.27e-01	7.72e-01	1.82e-03	0.00e+00	0.00e+00	0.00e+00	0.00e+00	0.00e+00	2.44e-108
 9.95423e+11	4.58e-32	1.67e-23	8.16e-16	7.75e-09	2.44e-01	7.55e-01	1.63e-03	0.00e+00	0.00e+00	0.00e+00	0.00e+00	0.00e+00	5.65e-92
 1.06517e+12	6.90e-32	2.32e-23	1.05e-15	9.17e-09	2.63e-01	7.36e-01	1.45e-03	0.00e+00	0.00e+00	0.00e+00	0.00e+00	0.00e+00	2.17e-107
 1.12905e+12	9.88e-32	3.11e-23	1.32e-15	1.06e-08	2.81e-01	7.18e-01	1.31e-03	0.00e+00	0.00e+00	0.00e+00	0.00e+00	0.00e+00	3.31e-91
 1.18348e+12	1.32e-31	3.95e-23	1.58e-15	1.20e-08	2.96e-01	7.03e-01	1.20e-03	0.00e+00	0.00e+00	0.00e+00	0.00e+00	0.00e+00	1.31e-106
 1.24352e+12	1.81e-31	5.08e-23	1.91e-15	1.36e-08	3.12e-01	6.86e-01	1.09e-03	0.00e+00	0.00e+00	0.00e+00	0.00e+00	0.00e+00	1.34e-90
 1.31796e+12	2.62e-31	6.87e-23	2.41e-15	1.58e-08	3.33e-01	6.66e-01	9.75e-04	0.00e+00	0.00e+00	0.00e+00	0.00e+00	0.00e+00	8.78e-106
 1.39211e+12	3.74e-31	9.17e-23	3.00e-15	1.82e-08	3.54e-01	6.45e-01	8.70e-04	0.00e+00	0.00e+00	0.00e+00	0.00e+00	0.00e+00	7.34e-90
 1.45524e+12	5.00e-31	1.16e-22	3.58e-15	2.05e-08	3.72e-01	6.27e-01	7.93e-04	0.00e+00	0.00e+00	0.00e+00	0.00e+00	0.00e+00	5.39e-105
 1.52308e+12	6.74e-31	1.48e-22	4.30e-15	2.30e-08	3.90e-01	6.09e-01	7.19e-04	0.00e+00	0.00e+00	0.00e+00	0.00e+00	0.00e+00	2.92e-89
 1.60762e+12	9.65e-31	1.97e-22	5.37e-15	2.65e-08	4.13e-01	5.86e-01	6.36e-04	0.00e+00	0.00e+00	0.00e+00	0.00e+00	0.00e+00	3.48e-104
 1.69534e+12	1.38e-30	2.64e-22	6.68e-15	3.06e-08	4.37e-01	5.63e-01	5.62e-04	0.00e+00	0.00e+00	0.00e+00	0.00e+00	0.00e+00	1.60e-88
 1.77471e+12	1.88e-30	3.38e-22	8.05e-15	3.44e-08	4.57e-01	5.42e-01	5.04e-04	0.00e+00	0.00e+00	0.00e+00	0.00e+00	0.00e+00	2.35e-103
 1.86177e+12	2.59e-30	4.39e-22	9.79e-15	3.90e-08	4.79e-01	5.21e-01	4.49e-04	0.00e+00	0.00e+00	0.00e+00	0.00e+00	0.00e+00	7.30e-88
 1.96416e+12	3.73e-30	5.89e-22	1.22e-14	4.48e-08	5.04e-01	4.96e-01	3.92e-04	0.00e+00	0.00e+00	0.00e+00	0.00e+00	0.00e+00	1.73e-102
 2.06029e+12	5.18e-30	7.67e-22	1.49e-14	5.07e-08	5.27e-01	4.73e-01	3.45e-04	0.00e+00	0.00e+00	0.00e+00	0.00e+00	0.00e+00	3.94e-87
 2.14193e+12	6.75e-30	9.49e-22	1.74e-14	5.60e-08	5.45e-01	4.55e-01	3.12e-04	0.00e+00	0.00e+00	0.00e+00	0.00e+00	0.00e+00	9.84e-102
 2.23092e+12	8.92e-30	1.19e-21	2.06e-14	6.20e-08	5.64e-01	4.36e-01	2.79e-04	0.00e+00	0.00e+00	0.00e+00	0.00e+00	0.00e+00	1.49e-86
 2.34180e+12	1.24e-29	1.55e-21	2.51e-14	7.01e-08	5.87e-01	4.13e-01	2.44e-04	0.00e+00	0.00e+00	0.00e+00	0.00e+00	0.00e+00	6.12e-101
 2.45617e+12	1.73e-29	2.02e-21	3.06e-14	7.90e-08	6.10e-01	3.90e-01	2.13e-04	0.00e+00	0.00e+00	0.00e+00	0.00e+00	0.00e+00	7.84e-86
 2.55812e+12	2.29e-29	2.53e-21	3.60e-14	8.73e-08	6.29e-01	3.71e-01	1.89e-04	0.00e+00	0.00e+00	0.00e+00	0.00e+00	0.00e+00	3.82e-100
 2.66891e+12	3.07e-29	3.20e-21	4.28e-14	9.68e-08	6.48e-01	3.52e-01	1.67e-04	0.00e+00	0.00e+00	0.00e+00	0.00e+00	0.00e+00	3.30e-85
 2.80112e+12	4.29e-29	4.18e-21	5.21e-14	1.09e-07	6.70e-01	3.30e-01	1.44e-04	0.00e+00	0.00e+00	0.00e+00	0.00e+00	0.00e+00	2.60e-99
 2.93259e+12	5.89e-29	5.39e-21	6.27e-14	1.22e-07	6.90e-01	3.10e-01	1.25e-04	0.00e+00	0.00e+00	0.00e+00	0.00e+00	0.00e+00	1.76e-84
 3.05262e+12	7.77e-29	6.72e-21	7.36e-14	1.34e-07	7.07e-01	2.93e-01	1.10e-04	0.00e+00	0.00e+00	0.00e+00	0.00e+00	0.00e+00	1.63e-98
 3.18638e+12	1.04e-28	8.51e-21	8.72e-14	1.48e-07	7.24e-01	2.76e-01	9.61e-05	0.00e+00	0.00e+00	0.00e+00	0.00e+00	0.00e+00	7.72e-84
 3.34218e+12	1.46e-28	1.11e-20	1.06e-13	1.65e-07	7.43e-01	2.57e-01	8.22e-05	0.00e+00	0.00e+00	0.00e+00	0.00e+00	0.00e+00	1.16e-97
 3.49566e+12	1.99e-28	1.42e-20	1.26e-13	1.83e-07	7.60e-01	2.40e-01	7.09e-05	0.00e+00	0.00e+00	0.00e+00	0.00e+00	0.00e+00	4.09e-83
 3.64134e+12	2.64e-28	1.78e-20	1.48e-13	2.00e-07	7.75e-01	2.25e-01	6.19e-05	0.00e+00	0.00e+00	0.00e+00	0.00e+00	0.00e+00	7.51e-97
 3.80299e+12	3.57e-28	2.26e-20	1.76e-13	2.21e-07	7.90e-01	2.10e-01	5.35e-05	0.00e+00	0.00e+00	0.00e+00	0.00e+00	0.00e+00	1.92e-82
 3.98503e+12	4.95e-28	2.93e-20	2.11e-13	2.45e-07	8.06e-01	1.94e-01	4.56e-05	0.00e+00	0.00e+00	0.00e+00	0.00e+00	0.00e+00	5.47e-96
 4.16876e+12	6.77e-28	3.76e-20	2.52e-13	2.71e-07	8.20e-01	1.80e-01	3.90e-05	0.00e+00	0.00e+00	0.00e+00	0.00e+00	0.00e+00	1.04e-81
 4.35983e+12	9.26e-28	4.81e-20	3.00e-13	2.98e-07	8.33e-01	1.67e-01	3.34e-05	0.00e+00	0.00e+00	0.00e+00	0.00e+00	0.00e+00	4.00e-95
 4.56415e+12	1.28e-27	6.20e-20	3.59e-13	3.29e-07	8.45e-01	1.55e-01	2.84e-05	0.00e+00	0.00e+00	0.00e+00	0.00e+00	0.00e+00	5.58e-81
 4.76400e+12	1.72e-27	7.86e-20	4.24e-13	3.61e-07	8.57e-01	1.43e-01	2.43e-05	0.00e+00	0.00e+00	0.00e+00	0.00e+00	0.00e+00	2.91e-94
 4.95460e+12	2.27e-27	9.76e-20	4.94e-13	3.92e-07	8.66e-01	1.34e-01	2.11e-05	0.00e+00	0.00e+00	0.00e+00	0.00e+00	0.00e+00	2.61e-80
 5.16547e+12	3.04e-27	1.23e-19	5.81e-13	4.28e-07	8.76e-01	1.24e-01	1.82e-05	0.00e+00	0.00e+00	0.00e+00	0.00e+00	0.00e+00	5.70e-80
 5.39312e+12	4.15e-27	1.56e-19	6.87e-13	4.69e-07	8.85e-01	1.15e-01	1.55e-05	0.00e+00	0.00e+00	0.00e+00	0.00e+00	0.00e+00	1.29e-79
 5.59334e+12	5.35e-27	1.91e-19	7.92e-13	5.07e-07	8.93e-01	1.07e-01	1.35e-05	0.00e+00	0.00e+00	0.00e+00	0.00e+00	0.00e+00	2.56e-79
 5.76511e+12	6.66e-27	2.26e-19	8.90e-13	5.40e-07	8.98e-01	1.02e-01	1.21e-05	0.00e+00	0.00e+00	0.00e+00	0.00e+00	0.00e+00	4.57e-79
 5.95657e+12	8.38e-27	2.71e-19	1.01e-12	5.78e-07	9.04e-01	9.57e-02	1.07e-05	0.00e+00	0.00e+00	0.00e+00	0.00e+00	0.00e+00	8.50e-79
 6.20105e+12	1.12e-26	3.40e-19	1.18e-12	6.29e-07	9.11e-01	8.87e-02	9.20e-06	0.00e+00	0.00e+00	0.00e+00	0.00e+00	0.00e+00	1.83e-78
 6.46147e+12	1.51e-26	4.28e-19	1.39e-12	6.86e-07	9.18e-01	8.20e-02	7.87e-06	0.00e+00	0.00e+00	0.00e+00	0.00e+00	0.00e+00	4.04e-78
 6.69504e+12	1.94e-26	5.22e-19	1.60e-12	7.40e-07	9.23e-01	7.65e-02	6.86e-06	0.00e+00	0.00e+00	0.00e+00	0.00e+00	0.00e+00	7.89e-78
 6.90871e+12	2.45e-26	6.22e-19	1.80e-12	7.89e-07	9.28e-01	7.21e-02	6.08e-06	0.00e+00	0.00e+00	0.00e+00	0.00e+00	0.00e+00	1.45e-77
 7.14848e+12	3.12e-26	7.53e-19	2.06e-12	8.47e-07	9.32e-01	6.75e-02	5.34e-06	0.00e+00	0.00e+00	0.00e+00	0.00e+00	0.00e+00	2.80e-77
 7.44465e+12	4.21e-26	9.46e-19	2.42e-12	9.23e-07	9.38e-01	6.24e-02	4.55e-06	0.00e+00	0.00e+00	0.00e+00	0.00e+00	0.00e+00	6.13e-77
 7.74181e+12	5.60e-26	1.18e-18	2.82e-12	1.00e-06	9.42e-01	5.77e-02	3.90e-06	0.00e+00	0.00e+00	0.00e+00	0.00e+00	0.00e+00	1.31e-76
 7.99706e+12	7.09e-26	1.42e-18	3.21e-12	1.07e-06	9.46e-01	5.42e-02	3.44e-06	0.00e+00	0.00e+00	0.00e+00	0.00e+00	0.00e+00	2.44e-76
 8.27014e+12	9.04e-26	1.71e-18	3.66e-12	1.15e-06	9.49e-01	5.07e-02	3.02e-06	0.00e+00	0.00e+00	0.00e+00	0.00e+00	0.00e+00	4.68e-76
 8.60795e+12	1.21e-25	2.14e-18	4.28e-12	1.25e-06	9.53e-01	4.68e-02	2.57e-06	0.00e+00	0.00e+00	0.00e+00	0.00e+00	0.00e+00	1.02e-75
 8.94991e+12	1.61e-25	2.67e-18	5.00e-12	1.36e-06	9.57e-01	4.33e-02	2.20e-06	0.00e+00	0.00e+00	0.00e+00	0.00e+00	0.00e+00	2.17e-75
 9.24981e+12	2.05e-25	3.22e-18	5.69e-12	1.45e-06	9.59e-01	4.06e-02	1.93e-06	0.00e+00	0.00e+00	0.00e+00	0.00e+00	0.00e+00	4.12e-75
 9.57501e+12	2.64e-25	3.91e-18	6.52e-12	1.56e-06	9.62e-01	3.79e-02	1.69e-06	0.00e+00	0.00e+00	0.00e+00	0.00e+00	0.00e+00	8.08e-75
 9.96896e+12	3.50e-25	4.92e-18	7.65e-12	1.70e-06	9.65e-01	3.49e-02	1.43e-06	0.00e+00	0.00e+00	0.00e+00	0.00e+00	0.00e+00	1.76e-74
 1.03648e+13	4.67e-25	6.14e-18	8.93e-12	1.84e-06	9.68e-01	3.23e-02	1.23e-06	0.00e+00	0.00e+00	0.00e+00	0.00e+00	0.00e+00	3.78e-74
 1.07240e+13	6.07e-25	7.45e-18	1.02e-11	1.97e-06	9.70e-01	3.02e-02	1.07e-06	0.00e+00	0.00e+00	0.00e+00	0.00e+00	0.00e+00	7.46e-74
 1.11230e+13	7.93e-25	9.16e-18	1.18e-11	2.13e-06	9.72e-01	2.80e-02	9.26e-07	0.00e+00	0.00e+00	0.00e+00	0.00e+00	0.00e+00	1.53e-73
 1.15905e+13	1.06e-24	1.16e-17	1.39e-11	2.32e-06	9.74e-01	2.58e-02	0.00e+00	0.00e+00	0.00e+00	0.00e+00	0.00e+00	0.00e+00	3.43e-73
 1.20547e+13	1.42e-24	1.45e-17	1.62e-11	2.51e-06	9.76e-01	2.38e-02	0.00e+00	0.00e+00	0.00e+00	0.00e+00	0.00e+00	0.00e+00	7.51e-73
 1.24978e+13	1.86e-24	1.78e-17	1.86e-11	2.70e-06	9.78e-01	2.22e-02	0.00e+00	0.00e+00	0.00e+00	0.00e+00	0.00e+00	0.00e+00	1.55e-72
 1.29881e+13	2.47e-24	2.22e-17	2.17e-11	2.92e-06	9.79e-01	2.05e-02	0.00e+00	0.00e+00	0.00e+00	0.00e+00	0.00e+00	0.00e+00	3.35e-72
 1.35375e+13	3.40e-24	2.81e-17	2.55e-11	3.18e-06	9.81e-01	1.89e-02	0.00e+00	0.00e+00	0.00e+00	0.00e+00	0.00e+00	0.00e+00	7.71e-72
 1.40724e+13	4.53e-24	3.50e-17	2.97e-11	3.44e-06	9.83e-01	1.75e-02	0.00e+00	0.00e+00	0.00e+00	0.00e+00	0.00e+00	0.00e+00	1.69e-71
 1.45764e+13	5.89e-24	4.28e-17	3.41e-11	3.69e-06	9.84e-01	1.63e-02	0.00e+00	0.00e+00	0.00e+00	0.00e+00	0.00e+00	0.00e+00	3.45e-71
 1.51371e+13	7.80e-24	5.31e-17	3.95e-11	3.98e-06	9.85e-01	1.51e-02	0.00e+00	0.00e+00	0.00e+00	0.00e+00	1.69e-17	3.61e-17	7.43e-71
 1.57500e+13	1.03e-23	6.67e-17	4.62e-11	4.32e-06	9.86e-01	1.40e-02	0.00e+00	0.00e+00	0.00e+00	0.00e+00	2.21e-17	4.45e-17	1.64e-70
 1.62778e+13	1.33e-23	8.06e-17	5.25e-11	4.61e-06	9.87e-01	1.31e-02	0.00e+00	0.00e+00	0.00e+00	0.00e+00	2.67e-17	5.38e-17	3.24e-70
 1.67189e+13	1.64e-23	9.40e-17	5.83e-11	4.87e-06	9.88e-01	1.24e-02	0.00e+00	0.00e+00	0.00e+00	0.00e+00	3.11e-17	6.27e-17	5.62e-70
 1.72128e+13	2.02e-23	1.11e-16	6.54e-11	5.16e-06	9.88e-01	1.17e-02	0.00e+00	0.00e+00	0.00e+00	0.00e+00	3.68e-17	7.41e-17	1.01e-69
 1.78548e+13	2.65e-23	1.37e-16	7.55e-11	5.56e-06	9.89e-01	1.09e-02	0.00e+00	0.00e+00	0.00e+00	0.00e+00	4.54e-17	9.15e-17	2.13e-69
 1.85443e+13	3.51e-23	1.71e-16	8.76e-11	6.00e-06	9.90e-01	1.01e-02	0.00e+00	0.00e+00	0.00e+00	0.00e+00	5.65e-17	1.14e-16	4.61e-69
 1.91581e+13	4.50e-23	2.06e-16	9.95e-11	6.40e-06	9.91e-01	9.43e-03	0.00e+00	0.00e+00	0.00e+00	0.00e+00	6.82e-17	1.37e-16	9.90e-69
 1.98184e+13	5.84e-23	2.50e-16	1.14e-10	6.86e-06	9.91e-01	8.80e-03	0.00e+00	0.00e+00	0.00e+00	0.00e+00	8.29e-17	1.67e-16	1.81e-68
 2.06105e+13	7.74e-23	3.14e-16	1.33e-10	7.42e-06	9.92e-01	8.14e-03	0.00e+00	0.00e+00	0.00e+00	0.00e+00	1.04e-16	2.09e-16	4.03e-68
 2.14095e+13	1.04e-22	3.91e-16	1.54e-10	8.02e-06	9.92e-01	7.53e-03	0.00e+00	0.00e+00	0.00e+00	0.00e+00	1.29e-16	2.61e-16	8.82e-68
 2.21528e+13	1.35e-22	4.76e-16	1.76e-10	8.59e-06	9.93e-01	7.03e-03	0.00e+00	0.00e+00	0.00e+00	0.00e+00	1.58e-16	3.17e-16	1.78e-67
 2.28684e+13	1.69e-22	5.72e-16	2.00e-10	9.16e-06	9.93e-01	6.59e-03	0.00e+00	0.00e+00	0.00e+00	0.00e+00	1.89e-16	3.82e-16	3.40e-67
 2.36795e+13	2.21e-22	6.99e-16	2.30e-10	9.84e-06	9.94e-01	6.14e-03	0.00e+00	0.00e+00	0.00e+00	0.00e+00	2.32e-16	4.67e-16	6.97e-67
 2.45781e+13	2.93e-22	8.68e-16	2.67e-10	1.06e-05	9.94e-01	5.68e-03	0.00e+00	0.00e+00	0.00e+00	0.00e+00	2.88e-16	5.80e-16	1.49e-66
 2.54055e+13	3.75e-22	1.05e-15	3.04e-10	1.14e-05	9.95e-01	5.32e-03	0.00e+00	0.00e+00	0.00e+00	0.00e+00	3.49e-16	7.02e-16	2.95e-66
 2.62961e+13	4.85e-22	1.28e-15	3.49e-10	1.22e-05	9.95e-01	4.95e-03	0.00e+00	0.00e+00	0.00e+00	0.00e+00	4.25e-16	8.57e-16	5.98e-66
 2.72955e+13	6.40e-22	1.59e-15	4.05e-10	1.32e-05	9.95e-01	4.59e-03	0.00e+00	0.00e+00	0.00e+00	0.00e+00	5.28e-16	1.06e-15	1.28e-65
 2.82356e+13	8.25e-22	1.94e-15	4.63e-10	1.41e-05	9.96e-01	4.28e-03	0.00e+00	0.00e+00	0.00e+00	0.00e+00	6.43e-16	1.30e-15	2.57e-65
 2.92567e+13	1.07e-21	2.38e-15	5.33e-10	1.51e-05	9.96e-01	3.98e-03	0.00e+00	0.00e+00	0.00e+00	0.00e+00	7.89e-16	1.59e-15	5.32e-65
 3.03949e+13	1.43e-21	2.98e-15	6.21e-10	1.64e-05	9.96e-01	3.68e-03	0.00e+00	0.00e+00	0.00e+00	0.00e+00	9.85e-16	1.99e-15	1.16e-64
 3.14586e+13	1.82e-21	3.64e-15	7.12e-10	1.76e-05	9.97e-01	3.43e-03	0.00e+00	0.00e+00	0.00e+00	0.00e+00	1.20e-15	2.43e-15	2.34e-64
 3.26145e+13	2.41e-21	4.48e-15	8.22e-10	1.89e-05	9.97e-01	3.18e-03	0.00e+00	0.00e+00	0.00e+00	0.00e+00	1.48e-15	2.99e-15	4.94e-64
 3.39090e+13	3.18e-21	5.63e-15	9.60e-10	2.05e-05	9.97e-01	2.94e-03	0.00e+00	0.00e+00	0.00e+00	0.00e+00	1.86e-15	3.76e-15	1.09e-63
 3.51399e+13	4.21e-21	6.93e-15	1.11e-09	2.21e-05	9.97e-01	2.73e-03	0.00e+00	0.00e+00	0.00e+00	0.00e+00	2.29e-15	4.63e-15	2.30e-63
 3.64591e+13	5.53e-21	8.58e-15	1.28e-09	2.38e-05	9.97e-01	2.53e-03	0.00e+00	0.00e+00	0.00e+00	0.00e+00	2.84e-15	5.73e-15	4.92e-63
 3.79474e+13	7.44e-21	1.08e-14	1.51e-09	2.58e-05	9.98e-01	2.33e-03	0.00e+00	0.00e+00	0.00e+00	0.00e+00	3.59e-15	7.24e-15	1.12e-62
 3.94096e+13	9.87e-21	1.35e-14	1.75e-09	2.79e-05	9.98e-01	2.16e-03	0.00e+00	0.00e+00	0.00e+00	0.00e+00	4.48e-15	9.04e-15	2.47e-62
 4.09304e+13	1.31e-20	1.69e-14	2.04e-09	3.01e-05	9.98e-01	1.99e-03	0.00e+00	0.00e+00	0.00e+00	0.00e+00	5.58e-15	1.13e-14	5.40e-62
 4.24986e+13	1.71e-20	2.10e-14	2.37e-09	3.25e-05	9.98e-01	1.85e-03	0.00e+00	0.00e+00	0.00e+00	0.00e+00	6.96e-15	1.41e-14	1.17e-61
 4.39516e+13	2.19e-20	2.56e-14	2.70e-09	3.48e-05	9.98e-01	1.72e-03	0.00e+00	0.00e+00	0.00e+00	0.00e+00	8.46e-15	1.71e-14	2.35e-61
 4.55616e+13	2.86e-20	3.16e-14	3.12e-09	3.74e-05	9.98e-01	1.60e-03	0.00e+00	0.00e+00	0.00e+00	0.00e+00	1.04e-14	2.11e-14	4.95e-61
 4.73233e+13	3.78e-20	3.95e-14	3.63e-09	4.04e-05	9.98e-01	1.48e-03	0.00e+00	0.00e+00	0.00e+00	0.00e+00	1.30e-14	2.64e-14	1.09e-60
 4.89376e+13	4.85e-20	4.80e-14	4.14e-09	4.33e-05	9.99e-01	1.38e-03	0.00e+00	0.00e+00	0.00e+00	0.00e+00	1.59e-14	3.21e-14	2.20e-60
 5.03580e+13	5.94e-20	5.68e-14	4.64e-09	4.58e-05	9.99e-01	1.30e-03	0.00e+00	0.00e+00	0.00e+00	0.00e+00	1.88e-14	3.80e-14	3.97e-60
 5.18753e+13	7.38e-20	6.76e-14	5.22e-09	4.87e-05	9.99e-01	1.23e-03	0.00e+00	0.00e+00	0.00e+00	0.00e+00	2.23e-14	4.52e-14	7.37e-60
 5.38026e+13	9.72e-20	8.37e-14	6.04e-09	5.24e-05	9.99e-01	1.14e-03	0.00e+00	0.00e+00	0.00e+00	0.00e+00	2.76e-14	5.59e-14	1.58e-59
 5.57563e+13	1.27e-19	1.03e-13	6.96e-09	5.62e-05	9.99e-01	1.06e-03	0.00e+00	0.00e+00	0.00e+00	0.00e+00	3.41e-14	6.90e-14	3.36e-59
 5.74074e+13	1.57e-19	1.22e-13	7.81e-09	5.96e-05	9.99e-01	9.96e-04	0.00e+00	0.00e+00	0.00e+00	0.00e+00	4.04e-14	8.19e-14	6.18e-59
 5.91715e+13	1.95e-19	1.46e-13	8.80e-09	6.34e-05	9.99e-01	9.36e-04	0.00e+00	0.00e+00	0.00e+00	0.00e+00	4.83e-14	9.78e-14	1.16e-58
 6.13870e+13	2.55e-19	1.82e-13	1.02e-08	6.83e-05	9.99e-01	8.67e-04	0.00e+00	0.00e+00	0.00e+00	0.00e+00	5.99e-14	1.21e-13	2.51e-58
 6.36612e+13	3.34e-19	2.25e-13	1.18e-08	7.34e-05	9.99e-01	8.05e-04	0.00e+00	0.00e+00	0.00e+00	0.00e+00	7.43e-14	1.51e-13	5.42e-58
 6.56435e+13	4.17e-19	2.70e-13	1.33e-08	7.81e-05	9.99e-01	7.56e-04	0.00e+00	0.00e+00	0.00e+00	0.00e+00	8.89e-14	1.80e-13	1.03e-57
 6.77745e+13	5.26e-19	3.25e-13	1.51e-08	8.32e-05	9.99e-01	7.08e-04	0.00e+00	0.00e+00	0.00e+00	0.00e+00	1.07e-13	2.18e-13	2.01e-57
 7.03735e+13	6.89e-19	4.06e-13	1.75e-08	8.98e-05	9.99e-01	6.54e-04	0.00e+00	0.00e+00	0.00e+00	0.00e+00	1.34e-13	2.72e-13	4.41e-57
 7.29710e+13	9.00e-19	5.03e-13	2.02e-08	9.65e-05	9.99e-01	6.08e-04	0.00e+00	0.00e+00	0.00e+00	0.00e+00	1.66e-13	3.37e-13	9.55e-57
 7.52663e+13	1.12e-18	6.03e-13	2.29e-08	1.03e-04	9.99e-01	5.69e-04	0.00e+00	0.00e+00	0.00e+00	0.00e+00	1.99e-13	4.04e-13	1.81e-56
 7.77787e+13	1.42e-18	7.32e-13	2.61e-08	1.10e-04	9.99e-01	5.32e-04	0.00e+00	0.00e+00	0.00e+00	0.00e+00	2.41e-13	4.90e-13	3.61e-56
 8.07977e+13	1.87e-18	9.18e-13	3.04e-08	1.19e-04	9.99e-01	4.92e-04	0.00e+00	0.00e+00	0.00e+00	0.00e+00	3.02e-13	6.15e-13	8.02e-56
 8.38082e+13	2.43e-18	1.14e-12	3.51e-08	1.28e-04	9.99e-01	4.56e-04	0.00e+00	0.00e+00	0.00e+00	0.00e+00	3.75e-13	7.63e-13	1.74e-55
 8.65382e+13	3.05e-18	1.38e-12	3.99e-08	1.36e-04	9.99e-01	4.26e-04	0.00e+00	0.00e+00	0.00e+00	0.00e+00	4.52e-13	9.22e-13	3.38e-55
 8.95705e+13	3.89e-18	1.69e-12	4.58e-08	1.46e-04	9.99e-01	3.96e-04	0.00e+00	0.00e+00	0.00e+00	0.00e+00	5.54e-13	1.13e-12	6.93e-55
 9.31250e+13	5.11e-18	2.12e-12	5.36e-08	1.58e-04	9.99e-01	3.65e-04	0.00e+00	0.00e+00	0.00e+00	0.00e+00	6.97e-13	1.42e-12	1.55e-54
 9.66279e+13	6.64e-18	2.64e-12	6.21e-08	1.71e-04	9.99e-01	3.38e-04	0.00e+00	0.00e+00	0.00e+00	0.00e+00	8.67e-13	1.77e-12	3.37e-54
 9.99052e+13	8.37e-18	3.22e-12	7.10e-08	1.83e-04	1.00e+00	3.14e-04	0.00e+00	0.00e+00	0.00e+00	0.00e+00	1.05e-12	2.16e-12	6.70e-54
 1.03566e+14	1.07e-17	3.98e-12	8.21e-08	1.97e-04	1.00e+00	2.91e-04	0.00e+00	0.00e+00	0.00e+00	0.00e+00	1.30e-12	2.67e-12	1.41e-53
 1.07738e+14	1.41e-17	5.02e-12	9.63e-08	2.14e-04	1.00e+00	2.67e-04	0.00e+00	0.00e+00	0.00e+00	0.00e+00	1.65e-12	3.37e-12	3.16e-53
 1.11890e+14	1.82e-17	6.27e-12	1.12e-07	2.31e-04	1.00e+00	2.46e-04	0.00e+00	0.00e+00	0.00e+00	0.00e+00	2.05e-12	4.21e-12	6.87e-53
 1.16207e+14	2.34e-17	7.83e-12	1.31e-07	2.50e-04	1.00e+00	2.27e-04	0.00e+00	0.00e+00	0.00e+00	0.00e+00	2.56e-12	5.26e-12	1.48e-52
 1.20116e+14	2.93e-17	9.52e-12	1.49e-07	2.68e-04	1.00e+00	2.11e-04	0.00e+00	0.00e+00	0.00e+00	0.00e+00	3.12e-12	6.39e-12	2.92e-52
 1.23070e+14	3.43e-17	1.10e-11	1.65e-07	2.82e-04	1.00e+00	2.00e-04	0.00e+00	0.00e+00	0.00e+00	0.00e+00	3.59e-12	7.36e-12	4.73e-52
 1.26151e+14	4.02e-17	1.27e-11	1.82e-07	2.97e-04	1.00e+00	1.90e-04	0.00e+00	0.00e+00	0.00e+00	0.00e+00	4.14e-12	8.51e-12	7.77e-52
 1.30157e+14	4.91e-17	1.52e-11	2.07e-07	3.18e-04	1.00e+00	1.77e-04	0.00e+00	3.89e-18	1.17e-17	1.94e-17	4.98e-12	1.02e-11	1.45e-51
 1.34511e+14	6.07e-17	1.85e-11	2.37e-07	3.41e-04	9.99e-01	1.64e-04	0.00e+00	4.80e-18	1.44e-17	2.40e-17	6.03e-12	1.24e-11	2.80e-51
 1.38450e+14	7.28e-17	2.18e-11	2.67e-07	3.63e-04	9.99e-01	1.54e-04	0.00e+00	5.77e-18	1.73e-17	2.88e-17	7.13e-12	1.47e-11	4.96e-51
 1.42702e+14	8.77e-17	2.60e-11	3.02e-07	3.88e-04	9.99e-01	1.44e-04	0.00e+00	6.96e-18	2.09e-17	3.47e-17	8.50e-12	1.75e-11	8.99e-51
 1.48022e+14	1.10e-16	3.22e-11	3.52e-07	4.20e-04	9.99e-01	1.32e-04	0.00e+00	8.73e-18	2.62e-17	4.36e-17	1.05e-11	2.17e-11	1.85e-50
 1.53382e+14	1.37e-16	3.97e-11	4.08e-07	4.54e-04	9.99e-01	1.22e-04	0.00e+00	1.09e-17	3.26e-17	5.43e-17	1.29e-11	2.67e-11	3.74e-50
 1.57977e+14	1.64e-16	4.70e-11	4.60e-07	4.85e-04	9.99e-01	1.14e-04	0.00e+00	1.30e-17	3.90e-17	6.50e-17	1.53e-11	3.16e-11	6.65e-50
 1.62929e+14	1.96e-16	5.61e-11	5.24e-07	5.20e-04	9.99e-01	1.06e-04	0.00e+00	1.56e-17	4.67e-17	7.78e-17	1.83e-11	3.77e-11	1.20e-49
 1.69057e+14	2.43e-16	6.95e-11	6.10e-07	5.64e-04	9.99e-01	9.72e-05	0.00e+00	1.94e-17	5.81e-17	9.68e-17	2.27e-11	4.67e-11	2.47e-49
 1.75266e+14	3.00e-16	8.55e-11	7.09e-07	6.12e-04	9.99e-01	8.93e-05	0.00e+00	2.39e-17	7.18e-17	1.20e-16	2.79e-11	5.75e-11	4.96e-49
 1.80714e+14	3.57e-16	1.02e-10	8.05e-07	6.56e-04	9.99e-01	8.31e-05	0.00e+00	2.85e-17	8.55e-17	1.42e-16	3.32e-11	6.85e-11	8.94e-49
 1.86623e+14	3.96e-16	1.22e-10	9.21e-07	7.06e-04	9.99e-01	7.69e-05	0.00e+00	3.17e-17	9.49e-17	1.58e-16	3.98e-11	8.21e-11	1.59e-48
 1.93777e+14	4.95e-16	1.51e-10	1.08e-06	7.69e-04	9.99e-01	7.04e-05	0.00e+00	3.97e-17	1.19e-16	1.98e-16	4.93e-11	1.02e-10	3.31e-48
 2.00903e+14	6.09e-16	1.85e-10	1.25e-06	8.35e-04	9.99e-01	6.45e-05	0.00e+00	4.89e-17	1.47e-16	2.44e-16	6.05e-11	1.25e-10	6.64e-48
 2.07264e+14	7.23e-16	2.21e-10	1.42e-06	8.98e-04	9.99e-01	5.98e-05	0.00e+00	5.81e-17	1.74e-16	2.90e-16	7.20e-11	1.49e-10	1.20e-47
 2.14275e+14	8.70e-16	2.66e-10	1.64e-06	9.69e-04	9.99e-01	5.52e-05	0.00e+00	7.00e-17	2.10e-16	3.49e-16	8.68e-11	1.79e-10	2.28e-47
 2.22617e+14	1.07e-15	3.29e-10	1.92e-06	1.06e-03	9.99e-01	5.03e-05	0.00e+00	8.66e-17	2.60e-16	4.32e-16	1.07e-10	2.21e-10	4.74e-47
 2.30888e+14	1.31e-15	4.03e-10	2.23e-06	1.15e-03	9.99e-01	4.60e-05	0.00e+00	1.06e-16	3.17e-16	5.28e-16	1.31e-10	2.71e-10	9.53e-47
 2.38472e+14	1.55e-15	4.82e-10	2.55e-06	1.24e-03	9.99e-01	4.25e-05	0.00e+00	1.26e-16	3.76e-16	6.27e-16	1.57e-10	3.24e-10	1.76e-46
 2.46966e+14	1.87e-15	5.84e-10	2.95e-06	1.35e-03	9.99e-01	3.90e-05	0.00e+00	1.51e-16	4.54e-16	7.56e-16	1.91e-10	3.93e-10	3.45e-46
 2.56817e+14	2.31e-15	7.25e-10	3.47e-06	1.48e-03	9.98e-01	3.54e-05	0.00e+00	1.87e-16	5.62e-16	9.35e-16	2.37e-10	4.87e-10	7.34e-46
 2.66480e+14	2.80e-15	8.86e-10	4.05e-06	1.61e-03	9.98e-01	3.23e-05	0.00e+00	2.28e-16	6.83e-16	1.14e-15	2.89e-10	5.96e-10	1.49e-45
 2.75680e+14	3.34e-15	1.07e-09	4.66e-06	1.74e-03	9.98e-01	2.97e-05	0.00e+00	2.72e-16	8.16e-16	1.36e-15	3.48e-10	7.17e-10	2.86e-45
 2.83826e+14	3.89e-15	1.25e-09	5.25e-06	1.87e-03	9.98e-01	2.76e-05	0.00e+00	3.17e-16	9.52e-16	1.58e-15	4.08e-10	8.39e-10	4.99e-45
 2.90707e+14	4.41e-15	1.42e-09	5.79e-06	1.97e-03	9.98e-01	2.60e-05	0.00e+00	3.60e-16	1.08e-15	1.80e-15	4.63e-10	9.52e-10	7.85e-45
 2.98352e+14	5.04e-15	1.63e-09	6.44e-06	2.10e-03	9.98e-01	2.44e-05	0.00e+00	4.12e-16	1.24e-15	2.06e-15	5.32e-10	1.09e-09	1.29e-44
 3.08290e+14	5.99e-15	1.95e-09	7.39e-06	2.27e-03	9.98e-01	2.25e-05	0.00e+00	4.90e-16	1.47e-15	2.45e-15	6.38e-10	1.31e-09	2.46e-44
 3.18552e+14	7.10e-15	2.32e-09	8.46e-06	2.45e-03	9.98e-01	2.07e-05	0.00e+00	5.82e-16	1.75e-15	2.91e-15	7.60e-10	1.56e-09	4.61e-44
 3.27188e+14	8.16e-15	2.67e-09	9.42e-06	2.61e-03	9.97e-01	1.94e-05	0.00e+00	6.70e-16	2.01e-15	3.34e-15	8.73e-10	1.79e-09	6.31e-44
 3.36366e+14	9.43e-15	3.09e-09	1.06e-05	2.79e-03	9.97e-01	1.81e-05	0.00e+00	7.75e-16	2.32e-15	3.87e-15	1.01e-09	2.08e-09	1.07e-43
 3.48298e+14	1.13e-14	3.74e-09	1.22e-05	3.03e-03	9.97e-01	1.66e-05	0.00e+00	9.32e-16	2.79e-15	4.65e-15	1.22e-09	2.51e-09	2.56e-43
 3.60608e+14	1.36e-14	4.48e-09	1.41e-05	3.29e-03	9.97e-01	1.52e-05	0.00e+00	1.12e-15	3.35e-15	5.58e-15	1.47e-09	3.01e-09	4.94e-43
 3.71004e+14	1.57e-14	5.18e-09	1.58e-05	3.51e-03	9.96e-01	1.42e-05	0.00e+00	1.30e-15	3.90e-15	6.48e-15	1.70e-09	3.48e-09	8.49e-43
 3.82113e+14	1.83e-14	6.05e-09	1.78e-05	3.76e-03	9.96e-01	1.32e-05	0.00e+00	1.52e-15	4.55e-15	7.57e-15	1.99e-09	4.06e-09	1.50e-42
 3.96175e+14	2.21e-14	7.35e-09	2.07e-05	4.10e-03	9.96e-01	1.21e-05	0.00e+00	1.83e-15	5.50e-15	9.15e-15	2.41e-09	4.93e-09	3.03e-42
 4.10671e+14	2.67e-14	8.85e-09	2.39e-05	4.46e-03	9.96e-01	1.11e-05	0.00e+00	2.21e-15	6.64e-15	1.10e-14	2.90e-09	5.94e-09	5.99e-42
 4.23339e+14	3.17e-14	1.04e-08	2.71e-05	4.79e-03	9.95e-01	1.03e-05	0.00e+00	2.64e-15	7.91e-15	1.32e-14	3.41e-09	6.97e-09	1.08e-41
 4.37033e+14	3.84e-14	1.23e-08	3.09e-05	5.17e-03	9.95e-01	9.55e-06	0.00e+00	3.20e-15	9.59e-15	1.60e-14	4.06e-09	8.28e-09	2.05e-41
 4.52501e+14	4.74e-14	1.49e-08	3.56e-05	5.61e-03	9.94e-01	8.79e-06	0.00e+00	3.95e-15	1.19e-14	1.97e-14	4.89e-09	9.97e-09	4.08e-41
 4.67272e+14	5.75e-14	1.76e-08	4.06e-05	6.05e-03	9.94e-01	8.16e-06	0.00e+00	4.80e-15	1.44e-14	2.40e-14	5.80e-09	1.18e-08	7.68e-41
 4.83474e+14	7.10e-14	2.12e-08	4.67e-05	6.56e-03	9.93e-01	7.54e-06	0.00e+00	5.94e-15	1.78e-14	2.97e-14	6.99e-09	1.42e-08	1.52e-40
 5.01240e+14	8.86e-14	2.58e-08	5.42e-05	7.15e-03	9.93e-01	6.94e-06	0.00e+00	7.43e-15	2.23e-14	3.71e-14	8.49e-09	1.73e-08	3.11e-40
 5.17531e+14	1.08e-13	3.05e-08	6.16e-05	7.71e-03	9.92e-01	6.46e-06	0.00e+00	9.05e-15	2.71e-14	4.52e-14	1.00e-08	2.04e-08	5.77e-40
 5.35201e+14	1.34e-13	3.67e-08	7.09e-05	8.35e-03	9.92e-01	5.99e-06	0.00e+00	1.12e-14	3.37e-14	5.60e-14	1.21e-08	2.46e-08	1.13e-39
 5.54918e+14	1.68e-13	4.48e-08	8.25e-05	9.12e-03	9.91e-01	5.56e-06	0.00e+00	1.41e-14	4.23e-14	7.05e-14	1.48e-08	3.00e-08	2.32e-39
 5.73367e+14	2.06e-13	5.33e-08	9.44e-05	9.86e-03	9.90e-01	5.19e-06	0.00e+00	1.74e-14	5.21e-14	8.67e-14	1.76e-08	3.57e-08	4.36e-39
 5.93420e+14	2.58e-13	6.46e-08	1.09e-04	1.07e-02	9.89e-01	4.83e-06	0.00e+00	2.18e-14	6.55e-14	1.09e-13	2.13e-08	4.33e-08	8.71e-39
 6.12763e+14	3.16e-13	7.66e-08	1.25e-04	1.16e-02	9.88e-01	4.54e-06	0.00e+00	2.68e-14	8.02e-14	1.33e-13	2.53e-08	5.13e-08	1.59e-38
 6.27006e+14	3.63e-13	8.69e-08	1.37e-04	1.23e-02	9.88e-01	4.36e-06	0.00e+00	3.08e-14	9.22e-14	1.53e-13	2.87e-08	5.82e-08	2.47e-38
 6.41346e+14	4.24e-13	9.88e-08	1.51e-04	1.30e-02	9.87e-01	4.18e-06	0.00e+00	3.60e-14	1.08e-13	1.79e-13	3.26e-08	6.61e-08	3.88e-38
 6.59987e+14	5.22e-13	1.16e-07	1.71e-04	1.39e-02	9.86e-01	3.96e-06	0.00e+00	4.43e-14	1.33e-13	2.21e-13	3.83e-08	7.77e-08	6.93e-38
 6.79971e+14	6.34e-13	1.37e-07	1.95e-04	1.50e-02	9.85e-01	3.76e-06	0.00e+00	5.39e-14	1.62e-13	2.69e-13	4.53e-08	9.18e-08	1.22e-37
 6.97469e+14	7.54e-13	1.58e-07	2.18e-04	1.60e-02	9.84e-01	3.60e-06	0.00e+00	6.42e-14	1.92e-13	3.20e-13	5.22e-08	1.06e-07	1.99e-37
 7.15985e+14	9.13e-13	1.84e-07	2.44e-04	1.71e-02	9.83e-01	3.45e-06	0.00e+00	7.78e-14	2.33e-13	3.88e-13	6.07e-08	1.23e-07	3.30e-37
 7.36839e+14	1.11e-12	2.17e-07	2.78e-04	1.84e-02	9.81e-01	3.30e-06	0.00e+00	9.46e-14	2.84e-13	4.72e-13	7.16e-08	1.45e-07	5.79e-37
 7.56381e+14	1.34e-12	2.52e-07	3.12e-04	1.97e-02	9.80e-01	3.17e-06	0.00e+00	1.14e-13	3.42e-13	5.70e-13	8.31e-08	1.68e-07	9.52e-37
 7.74686e+14	1.59e-12	2.88e-07	3.48e-04	2.09e-02	9.79e-01	3.06e-06	0.00e+00	1.36e-13	4.08e-13	6.79e-13	9.53e-08	1.93e-07	1.48e-36
 7.95730e+14	1.93e-12	3.40e-07	3.95e-04	2.25e-02	9.77e-01	2.95e-06	0.00e+00	1.65e-13	4.95e-13	8.24e-13	1.12e-07	2.27e-07	2.54e-36
 8.18777e+14	2.40e-12	4.02e-07	4.52e-04	2.43e-02	9.75e-01	2.84e-06	0.00e+00	2.06e-13	6.16e-13	1.03e-12	1.33e-07	2.69e-07	4.45e-36
 8.39916e+14	2.91e-12	4.68e-07	5.10e-04	2.60e-02	9.73e-01	2.75e-06	0.00e+00	2.50e-13	7.48e-13	1.24e-12	1.55e-07	3.13e-07	7.15e-36
 8.62880e+14	3.63e-12	5.54e-07	5.83e-04	2.81e-02	9.71e-01	2.65e-06	0.00e+00	3.12e-13	9.34e-13	1.55e-12	1.83e-07	3.71e-07	1.22e-35
 8.88034e+14	4.55e-12	6.64e-07	6.73e-04	3.05e-02	9.69e-01	2.56e-06	0.00e+00	3.91e-13	1.17e-12	1.95e-12	2.19e-07	4.44e-07	2.15e-35
 9.10274e+14	5.62e-12	7.74e-07	7.63e-04	3.28e-02	9.66e-01	2.50e-06	0.00e+00	4.84e-13	1.45e-12	2.41e-12	2.56e-07	5.17e-07	3.45e-35
 9.30256e+14	6.82e-12	8.91e-07	8.55e-04	3.50e-02	9.64e-01	2.44e-06	0.00e+00	5.88e-13	1.76e-12	2.93e-12	2.95e-07	5.96e-07	5.29e-35
 9.53065e+14	8.51e-12	1.05e-06	9.77e-04	3.77e-02	9.61e-01	2.38e-06	0.00e+00	7.34e-13	2.20e-12	3.66e-12	3.48e-07	7.03e-07	8.66e-35
 9.77442e+14	1.08e-11	1.25e-06	1.12e-03	4.10e-02	9.58e-01	2.32e-06	0.00e+00	9.34e-13	2.80e-12	4.66e-12	4.13e-07	8.35e-07	1.47e-34
 9.98648e+14	1.32e-11	1.45e-06	1.27e-03	4.39e-02	9.55e-01	2.28e-06	0.00e+00	1.14e-12	3.43e-12	5.71e-12	4.79e-07	9.69e-07	2.27e-34
 1.02101e+15	1.67e-11	1.71e-06	1.45e-03	4.74e-02	9.51e-01	2.23e-06	0.00e+00	1.44e-12	4.33e-12	7.20e-12	5.65e-07	1.14e-06	3.63e-34
 1.04549e+15	2.15e-11	2.05e-06	1.68e-03	5.16e-02	9.47e-01	2.19e-06	0.00e+00	1.86e-12	5.59e-12	9.30e-12	6.78e-07	1.37e-06	6.24e-34
 1.06744e+15	2.67e-11	2.39e-06	1.92e-03	5.55e-02	9.43e-01	2.16e-06	0.00e+00	2.32e-12	6.94e-12	1.16e-11	7.92e-07	1.60e-06	9.54e-34
 1.08755e+15	3.34e-11	2.80e-06	2.18e-03	5.98e-02	9.38e-01	2.14e-06	0.00e+00	2.90e-12	8.68e-12	1.44e-11	9.28e-07	1.87e-06	1.52e-33
 1.10694e+15	4.13e-11	3.26e-06	2.47e-03	6.41e-02	9.33e-01	2.12e-06	0.00e+00	3.59e-12	1.08e-11	1.79e-11	1.08e-06	2.18e-06	2.32e-33
 1.12853e+15	5.31e-11	3.91e-06	2.86e-03	6.97e-02	9.27e-01	2.11e-06	0.00e+00	4.61e-12	1.38e-11	2.30e-11	1.29e-06	2.61e-06	3.93e-33
 1.15077e+15	6.91e-11	4.67e-06	3.32e-03	7.59e-02	9.21e-01	2.09e-06	0.00e+00	6.01e-12	1.80e-11	3.00e-11	1.55e-06	3.12e-06	6.43e-33
 1.16952e+15	8.55e-11	5.43e-06	3.79e-03	8.17e-02	9.14e-01	2.08e-06	0.00e+00	7.44e-12	2.23e-11	3.71e-11	1.80e-06	3.63e-06	9.45e-33
 1.18958e+15	1.13e-10	6.61e-06	4.41e-03	8.91e-02	9.06e-01	2.10e-06	0.00e+00	9.82e-12	2.94e-11	4.90e-11	2.19e-06	4.42e-06	1.68e-32
 1.21026e+15	1.47e-10	7.89e-06	5.15e-03	9.73e-02	8.98e-01	2.09e-06	0.00e+00	1.28e-11	3.83e-11	6.38e-11	2.62e-06	5.27e-06	2.69e-32
 1.22810e+15	1.93e-10	9.50e-06	5.96e-03	1.06e-01	8.88e-01	2.13e-06	0.00e+00	1.69e-11	5.06e-11	8.41e-11	3.15e-06	6.35e-06	4.60e-32
 1.24457e+15	2.51e-10	1.13e-05	6.85e-03	1.14e-01	8.79e-01	2.14e-06	2.63e-12	2.19e-11	6.56e-11	1.09e-10	3.73e-06	7.52e-06	7.41e-32
 1.25916e+15	3.10e-10	1.30e-05	7.77e-03	1.23e-01	8.69e-01	2.17e-06	0.00e+00	2.71e-11	8.12e-11	1.35e-10	4.32e-06	8.70e-06	1.07e-31
 1.27188e+15	3.85e-10	1.51e-05	8.74e-03	1.31e-01	8.60e-01	2.20e-06	2.88e-12	3.37e-11	1.01e-10	1.68e-10	4.99e-06	1.01e-05	1.63e-31
 1.28592e+15	5.07e-10	1.81e-05	1.01e-02	1.42e-01	8.48e-01	2.25e-06	0.00e+00	4.44e-11	1.33e-10	2.22e-10	6.01e-06	1.21e-05	2.84e-31
 1.30051e+15	6.71e-10	2.16e-05	1.16e-02	1.55e-01	8.34e-01	2.31e-06	3.36e-12	5.88e-11	1.76e-10	2.93e-10	7.18e-06	1.45e-05	4.63e-31
 1.31247e+15	8.31e-10	2.51e-05	1.32e-02	1.66e-01	8.20e-01	2.36e-06	0.00e+00	7.29e-11	2.18e-10	3.63e-10	8.32e-06	1.67e-05	6.75e-31
 1.32281e+15	1.04e-09	2.90e-05	1.48e-02	1.78e-01	8.07e-01	2.43e-06	3.91e-12	9.13e-11	2.74e-10	4.55e-10	9.63e-06	1.94e-05	1.05e-30
 1.33217e+15	1.24e-09	3.27e-05	1.65e-02	1.90e-01	7.94e-01	2.48e-06	0.00e+00	1.09e-10	3.26e-10	5.43e-10	1.09e-05	2.18e-05	1.44e-30
 1.34056e+15	1.60e-09	3.83e-05	1.84e-02	2.02e-01	7.80e-01	2.60e-06	4.73e-12	1.41e-10	4.21e-10	7.00e-10	1.27e-05	2.56e-05	2.40e-30
 1.34844e+15	1.84e-09	4.23e-05	2.03e-02	2.14e-01	7.66e-01	2.65e-06	0.00e+00	1.61e-10	4.84e-10	8.05e-10	1.40e-05	2.82e-05	3.04e-30
 1.35726e+15	2.29e-09	4.89e-05	2.28e-02	2.29e-01	7.48e-01	2.73e-06	5.47e-12	2.01e-10	6.03e-10	1.00e-09	1.62e-05	3.26e-05	4.61e-30
 1.36628e+15	2.89e-09	5.72e-05	2.58e-02	2.47e-01	7.27e-01	2.84e-06	0.00e+00	2.55e-10	7.63e-10	1.27e-09	1.90e-05	3.82e-05	7.47e-30
 1.37333e+15	3.56e-09	6.55e-05	2.86e-02	2.63e-01	7.08e-01	2.98e-06	7.01e-12	3.13e-10	9.38e-10	1.56e-09	2.18e-05	4.37e-05	1.12e-29
 1.37905e+15	4.46e-09	7.57e-05	3.14e-02	2.78e-01	6.91e-01	3.20e-06	0.00e+00	3.93e-10	1.18e-09	1.96e-09	2.52e-05	5.05e-05	1.83e-29
 1.38444e+15	5.19e-09	8.37e-05	3.42e-02	2.93e-01	6.73e-01	3.30e-06	9.22e-12	4.58e-10	1.37e-09	2.28e-09	2.78e-05	5.59e-05	2.46e-29
 1.39063e+15	6.06e-09	9.37e-05	3.77e-02	3.12e-01	6.50e-01	3.38e-06	0.00e+00	5.35e-10	1.60e-09	2.66e-09	3.11e-05	6.25e-05	3.44e-29
 1.39710e+15	7.45e-09	1.08e-04	4.21e-02	3.34e-01	6.24e-01	3.55e-06	1.16e-11	6.58e-10	1.97e-09	3.28e-09	3.58e-05	7.18e-05	5.28e-29
 1.40232e+15	9.50e-09	1.26e-04	4.64e-02	3.54e-01	5.99e-01	3.88e-06	0.00e+00	8.39e-10	2.51e-09	4.18e-09	4.20e-05	8.43e-05	9.37e-29
 1.40640e+15	1.08e-08	1.38e-04	4.99e-02	3.72e-01	5.78e-01	4.04e-06	1.65e-11	9.58e-10	2.87e-09	4.77e-09	4.58e-05	9.19e-05	1.21e-28
 1.41062e+15	1.23e-08	1.51e-04	5.40e-02	3.91e-01	5.54e-01	4.14e-06	0.00e+00	1.09e-09	3.25e-09	5.41e-09	5.01e-05	1.01e-04	1.63e-28
 1.41528e+15	1.46e-08	1.69e-04	5.91e-02	4.15e-01	5.26e-01	4.33e-06	2.10e-11	1.29e-09	3.86e-09	6.43e-09	5.63e-05	1.13e-04	2.36e-28
 1.41937e+15	1.72e-08	1.89e-04	6.41e-02	4.38e-01	4.98e-01	4.55e-06	0.00e+00	1.52e-09	4.55e-09	7.57e-09	6.30e-05	1.26e-04	3.49e-28
 1.42269e+15	2.04e-08	2.12e-04	6.87e-02	4.59e-01	4.73e-01	4.89e-06	3.03e-11	1.81e-09	5.41e-09	9.00e-09	7.06e-05	1.42e-04	5.38e-28
 1.42558e+15	2.32e-08	2.32e-04	7.31e-02	4.77e-01	4.49e-01	5.16e-06	0.00e+00	2.05e-09	6.15e-09	1.02e-08	7.71e-05	1.55e-04	7.36e-28
 1.42876e+15	2.63e-08	2.53e-04	7.81e-02	5.00e-01	4.22e-01	5.32e-06	4.06e-11	2.34e-09	7.00e-09	1.16e-08	8.42e-05	1.69e-04	1.00e-27
 1.43213e+15	3.04e-08	2.80e-04	8.39e-02	5.25e-01	3.91e-01	5.54e-06	0.00e+00	2.70e-09	8.08e-09	1.34e-08	9.29e-05	1.87e-04	1.45e-27
 1.43489e+15	3.34e-08	2.99e-04	8.89e-02	5.47e-01	3.64e-01	5.63e-06	5.33e-11	2.97e-09	8.89e-09	1.48e-08	9.94e-05	1.99e-04	1.82e-27
 1.43715e+15	3.82e-08	3.27e-04	9.35e-02	5.66e-01	3.41e-01	5.97e-06	0.00e+00	3.39e-09	1.02e-08	1.69e-08	1.09e-04	2.18e-04	2.66e-27
 1.43923e+15	4.16e-08	3.47e-04	9.78e-02	5.84e-01	3.18e-01	6.07e-06	7.16e-11	3.69e-09	1.11e-08	1.84e-08	1.15e-04	2.32e-04	3.29e-27
 1.44156e+15	4.51e-08	3.68e-04	1.03e-01	6.05e-01	2.92e-01	6.02e-06	0.00e+00	4.01e-09	1.20e-08	2.00e-08	1.22e-04	2.45e-04	4.14e-27
 1.44402e+15	5.02e-08	3.96e-04	1.08e-01	6.27e-01	2.65e-01	6.06e-06	0.00e+00	4.47e-09	1.34e-08	2.23e-08	1.32e-04	2.64e-04	5.52e-27
 1.44602e+15	5.63e-08	4.28e-04	1.13e-01	6.46e-01	2.41e-01	6.33e-06	0.00e+00	5.01e-09	1.50e-08	2.50e-08	1.42e-04	2.86e-04	7.73e-27
 1.44762e+15	5.99e-08	4.48e-04	1.16e-01	6.61e-01	2.22e-01	6.27e-06	1.11e-10	5.34e-09	1.60e-08	2.66e-08	1.49e-04	2.99e-04	9.47e-27
 1.44931e+15	6.35e-08	4.66e-04	1.20e-01	6.77e-01	2.02e-01	6.07e-06	0.00e+00	5.66e-09	1.70e-08	2.82e-08	1.55e-04	3.11e-04	1.12e-26
 1.45119e+15	6.97e-08	4.98e-04	1.25e-01	6.95e-01	1.80e-01	5.96e-06	0.00e+00	6.22e-09	1.86e-08	3.10e-08	1.66e-04	3.33e-04	1.54e-26
 1.45286e+15	7.43e-08	5.21e-04	1.28e-01	7.10e-01	1.61e-01	5.70e-06	0.00e+00	6.64e-09	1.99e-08	3.31e-08	1.73e-04	3.47e-04	1.83e-26
 1.45428e+15	7.84e-08	5.40e-04	1.32e-01	7.22e-01	1.46e-01	5.47e-06	0.00e+00	7.01e-09	2.10e-08	3.49e-08	1.80e-04	3.61e-04	2.22e-26
 1.45584e+15	8.31e-08	5.63e-04	1.35e-01	7.36e-01	1.29e-01	5.17e-06	0.00e+00	7.44e-09	2.23e-08	3.70e-08	1.87e-04	3.76e-04	2.73e-26
 1.45753e+15	8.80e-08	5.85e-04	1.38e-01	7.49e-01	1.12e-01	4.78e-06	0.00e+00	7.88e-09	2.36e-08	3.93e-08	1.95e-04	3.90e-04	3.29e-26
 1.45890e+15	9.15e-08	6.03e-04	1.41e-01	7.60e-01	9.90e-02	4.34e-06	0.00e+00	8.21e-09	2.46e-08	4.09e-08	2.01e-04	4.03e-04	3.86e-26
 1.45996e+15	9.47e-08	6.17e-04	1.43e-01	7.67e-01	8.96e-02	4.04e-06	0.00e+00	8.50e-09	2.55e-08	4.24e-08	2.05e-04	4.12e-04	4.34e-26
 1.46111e+15	9.79e-08	6.33e-04	1.45e-01	7.75e-01	7.98e-02	3.63e-06	0.00e+00	8.80e-09	2.64e-08	4.38e-08	2.11e-04	4.22e-04	5.00e-26
 1.46261e+15	1.02e-07	6.52e-04	1.47e-01	7.84e-01	6.82e-02	3.13e-06	0.00e+00	9.21e-09	2.76e-08	4.59e-08	2.17e-04	4.35e-04	5.88e-26
 1.46418e+15	1.06e-07	6.70e-04	1.49e-01	7.92e-01	5.78e-02	2.64e-06	0.00e+00	9.58e-09	2.87e-08	4.77e-08	2.23e-04	4.47e-04	6.83e-26
 1.46554e+15	1.09e-07	6.87e-04	1.51e-01	7.98e-01	4.96e-02	2.20e-06	0.00e+00	9.89e-09	2.96e-08	4.92e-08	2.29e-04	4.58e-04	7.95e-26
 1.46703e+15	1.13e-07	7.05e-04	1.53e-01	8.04e-01	4.17e-02	1.77e-06	0.00e+00	1.03e-08	3.07e-08	5.11e-08	2.35e-04	4.70e-04	9.10e-26
 1.46896e+15	1.18e-07	7.26e-04	1.55e-01	8.11e-01	3.32e-02	1.32e-06	0.00e+00	1.07e-08	3.21e-08	5.34e-08	2.42e-04	4.84e-04	1.07e-25
 1.47101e+15	1.23e-07	7.47e-04	1.58e-01	8.16e-01	2.61e-02	9.42e-07	0.00e+00	1.12e-08	3.34e-08	5.56e-08	2.49e-04	4.98e-04	1.25e-25
 1.47290e+15	1.27e-07	7.67e-04	1.60e-01	8.19e-01	2.08e-02	0.00e+00	0.00e+00	1.15e-08	3.46e-08	5.75e-08	2.55e-04	5.11e-04	1.48e-25
 1.47504e+15	1.32e-07	7.88e-04	1.62e-01	8.22e-01	1.62e-02	0.00e+00	0.00e+00	1.20e-08	3.59e-08	5.97e-08	2.63e-04	5.25e-04	1.68e-25
 1.47783e+15	1.38e-07	8.15e-04	1.64e-01	8.24e-01	1.17e-02	0.00e+00	0.00e+00	1.26e-08	3.77e-08	6.26e-08	2.72e-04	5.43e-04	2.03e-25
 1.48145e+15	1.45e-07	8.47e-04	1.67e-01	8.25e-01	7.84e-03	0.00e+00	0.00e+00	1.33e-08	3.98e-08	6.62e-08	2.83e-04	5.65e-04	2.43e-25
 1.48616e+15	1.55e-07	8.86e-04	1.70e-01	8.24e-01	4.84e-03	0.00e+00	0.00e+00	1.42e-08	4.26e-08	7.07e-08	2.96e-04	5.91e-04	3.04e-25
 1.49228e+15	1.67e-07	9.35e-04	1.74e-01	8.22e-01	2.75e-03	0.00e+00	0.00e+00	1.53e-08	4.60e-08	7.64e-08	3.12e-04	6.23e-04	3.89e-25
 1.50024e+15	1.83e-07	9.99e-04	1.80e-01	8.18e-01	1.45e-03	0.00e+00	0.00e+00	1.68e-08	5.05e-08	8.39e-08	3.33e-04	6.66e-04	5.18e-25
 1.51059e+15	2.07e-07	1.09e-03	1.87e-01	8.12e-01	7.23e-04	0.00e+00	0.00e+00	1.90e-08	5.68e-08	9.45e-08	3.62e-04	7.24e-04	7.41e-25
 1.52404e+15	2.42e-07	1.21e-03	1.96e-01	8.02e-01	3.43e-04	0.00e+00	0.00e+00	2.22e-08	6.66e-08	1.11e-07	4.05e-04	8.09e-04	1.25e-24
 1.53918e+15	2.89e-07	1.38e-03	2.08e-01	7.90e-01	1.71e-04	0.00e+00	0.00e+00	2.65e-08	7.95e-08	1.32e-07	4.61e-04	9.22e-04	2.14e-24
 1.55310e+15	3.44e-07	1.57e-03	2.21e-01	7.78e-01	9.94e-05	0.00e+00	0.00e+00	3.15e-08	9.44e-08	1.57e-07	5.25e-04	1.05e-03	3.70e-24
 1.56515e+15	4.03e-07	1.77e-03	2.33e-01	7.65e-01	6.51e-05	0.00e+00	0.00e+00	3.69e-08	1.10e-07	1.84e-07	5.91e-04	1.18e-03	6.42e-24
 1.57643e+15	4.71e-07	1.99e-03	2.45e-01	7.53e-01	4.50e-05	0.00e+00	0.00e+00	4.31e-08	1.29e-07	2.15e-07	6.65e-04	1.33e-03	1.02e-23
 1.58934e+15	5.66e-07	2.31e-03	2.62e-01	7.36e-01	2.99e-05	0.00e+00	0.00e+00	5.18e-08	1.55e-07	2.58e-07	7.71e-04	1.54e-03	1.89e-23
 1.60274e+15	6.95e-07	2.71e-03	2.81e-01	7.16e-01	2.04e-05	0.00e+00	0.00e+00	6.35e-08	1.90e-07	3.16e-07	9.05e-04	1.81e-03	3.46e-23
 1.61350e+15	8.26e-07	3.13e-03	2.99e-01	6.98e-01	1.52e-05	0.00e+00	0.00e+00	7.54e-08	2.26e-07	3.75e-07	1.04e-03	2.08e-03	6.30e-23
 1.62227e+15	9.55e-07	3.54e-03	3.15e-01	6.81e-01	1.20e-05	0.00e+00	0.00e+00	8.72e-08	2.61e-07	4.34e-07	1.18e-03	2.36e-03	1.01e-22
 1.63172e+15	1.14e-06	4.09e-03	3.35e-01	6.61e-01	9.30e-06	0.00e+00	0.00e+00	1.04e-07	3.11e-07	5.17e-07	1.36e-03	2.73e-03	1.78e-22
 1.64164e+15	1.37e-06	4.80e-03	3.59e-01	6.37e-01	7.17e-06	0.00e+00	0.00e+00	1.25e-07	3.76e-07	6.25e-07	1.60e-03	3.20e-03	3.32e-22
 1.64971e+15	1.61e-06	5.52e-03	3.80e-01	6.15e-01	5.82e-06	0.00e+00	0.00e+00	1.47e-07	4.41e-07	7.33e-07	1.84e-03	3.68e-03	5.62e-22
 1.65623e+15	1.86e-06	6.21e-03	3.99e-01	5.95e-01	4.92e-06	0.00e+00	0.00e+00	1.69e-07	5.08e-07	8.44e-07	2.07e-03	4.14e-03	8.73e-22
 1.66321e+15	2.18e-06	7.13e-03	4.22e-01	5.71e-01	4.08e-06	0.00e+00	0.00e+00	1.99e-07	5.95e-07	9.90e-07	2.38e-03	4.75e-03	1.47e-21
 1.67059e+15	2.59e-06	8.29e-03	4.48e-01	5.44e-01	3.35e-06	0.00e+00	0.00e+00	2.37e-07	7.10e-07	1.18e-06	2.77e-03	5.53e-03	2.63e-21
 1.67576e+15	2.96e-06	9.27e-03	4.68e-01	5.23e-01	2.92e-06	0.00e+00	0.00e+00	2.70e-07	8.09e-07	1.34e-06	3.09e-03	6.18e-03	4.02e-21
 1.67870e+15	3.20e-06	9.92e-03	4.80e-01	5.10e-01	2.70e-06	0.00e+00	0.00e+00	2.92e-07	8.76e-07	1.46e-06	3.31e-03	6.61e-03	5.13e-21
 1.68149e+15	3.45e-06	1.06e-02	4.92e-01	4.97e-01	2.50e-06	0.00e+00	0.00e+00	3.15e-07	9.44e-07	1.57e-06	3.53e-03	7.07e-03	6.68e-21
 1.68512e+15	3.83e-06	1.16e-02	5.09e-01	4.79e-01	2.24e-06	0.00e+00	0.00e+00	3.50e-07	1.05e-06	1.74e-06	3.86e-03	7.72e-03	9.50e-21
 1.68905e+15	4.29e-06	1.28e-02	5.28e-01	4.60e-01	2.00e-06	0.00e+00	0.00e+00	3.92e-07	1.17e-06	1.95e-06	4.26e-03	8.52e-03	1.37e-20
 1.69244e+15	4.75e-06	1.40e-02	5.45e-01	4.41e-01	1.81e-06	0.00e+00	0.00e+00	4.34e-07	1.30e-06	2.16e-06	4.66e-03	9.31e-03	1.94e-20
 1.69533e+15	5.20e-06	1.51e-02	5.60e-01	4.25e-01	1.66e-06	0.00e+00	0.00e+00	4.76e-07	1.43e-06	2.37e-06	5.04e-03	1.01e-02	2.63e-20
 1.69850e+15	5.77e-06	1.65e-02	5.78e-01	4.06e-01	1.50e-06	0.00e+00	0.00e+00	5.28e-07	1.58e-06	2.63e-06	5.51e-03	1.10e-02	3.73e-20
