#depth	O	O+	O+2	O+3	O+4	O+5	O+6	O+7	O+8	O[1]	O[2]	O[3]
 3.74085e+09	0.00e+00	0.00e+00	1.27e-28	1.23e-20	1.80e-13	3.40e-07	1.00e+00	0.00e+00	0.00e+00	0.00e+00	0.00e+00	0.00e+00
 2.24451e+10	0.00e+00	2.10e-37	1.55e-28	1.43e-20	1.99e-13	3.59e-07	1.00e+00	1.95e-08	0.00e+00	0.00e+00	0.00e+00	0.00e+00
 5.31200e+10	0.00e+00	0.00e+00	2.15e-28	1.84e-20	2.37e-13	3.92e-07	1.00e+00	0.00e+00	0.00e+00	0.00e+00	0.00e+00	0.00e+00
 8.51716e+10	0.00e+00	4.66e-37	2.96e-28	2.35e-20	2.80e-13	4.26e-07	1.00e+00	0.00e+00	0.00e+00	0.00e+00	0.00e+00	0.00e+00
 1.18505e+11	0.00e+00	0.00e+00	4.08e-28	3.00e-20	3.31e-13	4.63e-07	1.00e+00	0.00e+00	0.00e+00	0.00e+00	0.00e+00	0.00e+00
 1.53172e+11	0.00e+00	1.02e-36	5.60e-28	3.82e-20	3.91e-13	5.04e-07	1.00e+00	0.00e+00	0.00e+00	0.00e+00	0.00e+00	0.00e+00
 1.84603e+11	0.00e+00	0.00e+00	7.42e-28	4.74e-20	4.53e-13	5.43e-07	1.00e+00	0.00e+00	0.00e+00	0.00e+00	0.00e+00	0.00e+00
 2.10862e+11	0.00e+00	1.90e-36	9.27e-28	5.62e-20	5.09e-13	5.76e-07	1.00e+00	0.00e+00	0.00e+00	0.00e+00	0.00e+00	0.00e+00
 2.39616e+11	8.80e-46	2.55e-36	1.18e-27	6.74e-20	5.77e-13	6.13e-07	1.00e+00	0.00e+00	0.00e+00	0.00e+00	0.00e+00	0.00e+00
 2.75948e+11	0.00e+00	3.64e-36	1.57e-27	8.42e-20	6.73e-13	6.62e-07	1.00e+00	0.00e+00	0.00e+00	0.00e+00	0.00e+00	0.00e+00
 3.13902e+11	2.09e-45	5.25e-36	2.11e-27	1.06e-19	7.89e-13	7.19e-07	1.00e+00	0.00e+00	0.00e+00	0.00e+00	0.00e+00	0.00e+00
 3.47636e+11	0.00e+00	7.14e-36	2.72e-27	1.29e-19	9.02e-13	7.70e-07	1.00e+00	0.00e+00	0.00e+00	0.00e+00	0.00e+00	0.00e+00
 3.84114e+11	4.45e-45	9.83e-36	3.52e-27	1.57e-19	1.04e-12	8.25e-07	1.00e+00	0.00e+00	0.00e+00	0.00e+00	0.00e+00	0.00e+00
 4.25044e+11	0.00e+00	1.40e-35	4.70e-27	1.96e-19	1.21e-12	8.95e-07	1.00e+00	0.00e+00	0.00e+00	0.00e+00	0.00e+00	0.00e+00
 4.63715e+11	9.95e-45	1.93e-35	6.11e-27	2.40e-19	1.39e-12	9.62e-07	1.00e+00	0.00e+00	0.00e+00	0.00e+00	0.00e+00	0.00e+00
 5.05941e+11	0.00e+00	2.68e-35	8.00e-27	2.96e-19	1.61e-12	1.04e-06	1.00e+00	0.00e+00	0.00e+00	0.00e+00	0.00e+00	0.00e+00
 5.53299e+11	2.29e-44	3.87e-35	1.08e-26	3.74e-19	1.90e-12	1.13e-06	1.00e+00	0.00e+00	0.00e+00	0.00e+00	0.00e+00	0.00e+00
 5.98093e+11	0.00e+00	5.40e-35	1.42e-26	4.62e-19	2.20e-12	1.22e-06	1.00e+00	0.00e+00	0.00e+00	0.00e+00	0.00e+00	0.00e+00
 6.46749e+11	5.13e-44	7.59e-35	1.88e-26	5.74e-19	2.56e-12	1.32e-06	1.00e+00	0.00e+00	0.00e+00	0.00e+00	0.00e+00	0.00e+00
 7.01168e+11	0.00e+00	1.11e-34	2.56e-26	7.31e-19	3.04e-12	1.44e-06	1.00e+00	0.00e+00	0.00e+00	0.00e+00	0.00e+00	0.00e+00
 7.52996e+11	1.21e-43	1.56e-34	3.40e-26	9.12e-19	3.56e-12	1.57e-06	1.00e+00	0.00e+00	0.00e+00	0.00e+00	0.00e+00	0.00e+00
 8.08275e+11	0.00e+00	2.21e-34	4.52e-26	1.14e-18	4.16e-12	1.70e-06	1.00e+00	0.00e+00	0.00e+00	0.00e+00	0.00e+00	0.00e+00
 8.70533e+11	2.89e-43	3.24e-34	6.20e-26	1.46e-18	4.96e-12	1.86e-06	1.00e+00	0.00e+00	0.00e+00	0.00e+00	0.00e+00	0.00e+00
 9.31753e+11	0.00e+00	4.66e-34	8.36e-26	1.84e-18	5.85e-12	2.04e-06	1.00e+00	0.00e+00	0.00e+00	0.00e+00	0.00e+00	0.00e+00
 9.95423e+11	6.79e-43	6.66e-34	1.12e-25	2.32e-18	6.89e-12	2.22e-06	1.00e+00	0.00e+00	0.00e+00	0.00e+00	0.00e+00	0.00e+00
 1.06517e+12	0.00e+00	9.75e-34	1.54e-25	2.98e-18	8.22e-12	2.44e-06	1.00e+00	0.00e+00	0.00e+00	0.00e+00	0.00e+00	0.00e+00
 1.12905e+12	1.59e-42	1.37e-33	2.03e-25	3.71e-18	9.62e-12	2.65e-06	1.00e+00	0.00e+00	0.00e+00	0.00e+00	0.00e+00	0.00e+00
 1.18348e+12	0.00e+00	1.80e-33	2.55e-25	4.43e-18	1.09e-11	2.83e-06	1.00e+00	0.00e+00	0.00e+00	0.00e+00	0.00e+00	0.00e+00
 1.24352e+12	3.12e-42	2.41e-33	3.25e-25	5.36e-18	1.25e-11	3.04e-06	1.00e+00	0.00e+00	0.00e+00	0.00e+00	0.00e+00	0.00e+00
 1.31796e+12	0.00e+00	3.44e-33	4.37e-25	6.77e-18	1.47e-11	3.33e-06	1.00e+00	0.00e+00	0.00e+00	0.00e+00	0.00e+00	0.00e+00
 1.39211e+12	7.14e-42	4.86e-33	5.81e-25	8.49e-18	1.73e-11	3.63e-06	1.00e+00	0.00e+00	0.00e+00	0.00e+00	0.00e+00	0.00e+00
 1.45524e+12	0.00e+00	6.43e-33	7.33e-25	1.02e-17	1.97e-11	3.89e-06	1.00e+00	0.00e+00	0.00e+00	0.00e+00	0.00e+00	0.00e+00
 1.52308e+12	1.40e-41	8.60e-33	9.32e-25	1.23e-17	2.25e-11	4.18e-06	1.00e+00	0.00e+00	0.00e+00	0.00e+00	0.00e+00	0.00e+00
 1.60762e+12	0.00e+00	1.23e-32	1.25e-24	1.56e-17	2.66e-11	4.58e-06	1.00e+00	0.00e+00	0.00e+00	0.00e+00	0.00e+00	0.00e+00
 1.69534e+12	3.24e-41	1.75e-32	1.68e-24	1.97e-17	3.15e-11	5.03e-06	1.00e+00	0.00e+00	0.00e+00	0.00e+00	0.00e+00	0.00e+00
 1.77471e+12	0.00e+00	2.39e-32	2.18e-24	2.41e-17	3.64e-11	5.43e-06	1.00e+00	0.00e+00	0.00e+00	0.00e+00	0.00e+00	0.00e+00
 1.86177e+12	6.87e-41	3.31e-32	2.85e-24	2.98e-17	4.24e-11	5.89e-06	1.00e+00	0.00e+00	0.00e+00	0.00e+00	0.00e+00	0.00e+00
 1.96416e+12	0.00e+00	4.83e-32	3.91e-24	3.83e-17	5.07e-11	6.50e-06	1.00e+00	0.00e+00	0.00e+00	0.00e+00	0.00e+00	0.00e+00
 2.06029e+12	1.60e-40	6.80e-32	5.19e-24	4.80e-17	5.96e-11	7.11e-06	1.00e+00	0.00e+00	0.00e+00	0.00e+00	0.00e+00	0.00e+00
 2.14193e+12	0.00e+00	8.91e-32	6.48e-24	5.71e-17	6.72e-11	7.57e-06	1.00e+00	0.00e+00	0.00e+00	0.00e+00	0.00e+00	0.00e+00
 2.23092e+12	3.12e-40	1.20e-31	8.27e-24	6.92e-17	7.70e-11	8.15e-06	1.00e+00	0.00e+00	0.00e+00	0.00e+00	0.00e+00	0.00e+00
 2.34180e+12	0.00e+00	1.72e-31	1.12e-23	8.82e-17	9.17e-11	8.99e-06	1.00e+00	0.00e+00	0.00e+00	0.00e+00	0.00e+00	0.00e+00
 2.45617e+12	7.30e-40	2.47e-31	1.51e-23	1.12e-16	1.09e-10	9.88e-06	1.00e+00	0.00e+00	0.00e+00	0.00e+00	0.00e+00	0.00e+00
 2.55812e+12	0.00e+00	3.32e-31	1.93e-23	1.35e-16	1.24e-10	1.06e-05	1.00e+00	0.00e+00	0.00e+00	0.00e+00	0.00e+00	0.00e+00
 2.66891e+12	1.52e-39	4.59e-31	2.52e-23	1.67e-16	1.44e-10	1.15e-05	1.00e+00	0.00e+00	0.00e+00	0.00e+00	0.00e+00	0.00e+00
 2.80112e+12	0.00e+00	6.72e-31	3.47e-23	2.15e-16	1.73e-10	1.27e-05	1.00e+00	0.00e+00	0.00e+00	0.00e+00	0.00e+00	0.00e+00
 2.93259e+12	3.63e-39	9.63e-31	4.67e-23	2.72e-16	2.04e-10	1.39e-05	1.00e+00	0.00e+00	0.00e+00	0.00e+00	0.00e+00	0.00e+00
 3.05262e+12	0.00e+00	1.32e-30	6.06e-23	3.34e-16	2.36e-10	1.51e-05	1.00e+00	0.00e+00	0.00e+00	0.00e+00	0.00e+00	0.00e+00
 3.18638e+12	7.85e-39	1.85e-30	8.01e-23	4.16e-16	2.75e-10	1.64e-05	1.00e+00	0.00e+00	0.00e+00	0.00e+00	0.00e+00	0.00e+00
 3.34218e+12	0.00e+00	2.72e-30	1.10e-22	5.33e-16	3.28e-10	1.80e-05	1.00e+00	0.00e+00	0.00e+00	0.00e+00	0.00e+00	0.00e+00
 3.49566e+12	1.87e-38	3.86e-30	1.47e-22	6.66e-16	3.82e-10	1.95e-05	1.00e+00	0.00e+00	0.00e+00	0.00e+00	0.00e+00	0.00e+00
 3.64134e+12	0.00e+00	5.44e-30	1.95e-22	8.34e-16	4.49e-10	2.14e-05	1.00e+00	0.00e+00	0.00e+00	0.00e+00	0.00e+00	0.00e+00
 3.80299e+12	4.25e-38	7.75e-30	2.60e-22	1.05e-15	5.24e-10	2.32e-05	1.00e+00	0.00e+00	0.00e+00	0.00e+00	0.00e+00	0.00e+00
 3.98503e+12	0.00e+00	1.14e-29	3.57e-22	1.34e-15	6.23e-10	2.55e-05	1.00e+00	0.00e+00	0.00e+00	0.00e+00	0.00e+00	0.00e+00
 4.16876e+12	1.03e-37	1.64e-29	4.81e-22	1.68e-15	7.29e-10	2.76e-05	1.00e+00	0.00e+00	0.00e+00	0.00e+00	0.00e+00	0.00e+00
 4.35983e+12	0.00e+00	2.38e-29	6.53e-22	2.13e-15	8.59e-10	3.02e-05	1.00e+00	0.00e+00	0.00e+00	0.00e+00	0.00e+00	0.00e+00
 4.56415e+12	2.52e-37	3.49e-29	8.92e-22	2.72e-15	1.02e-09	3.30e-05	1.00e+00	0.00e+00	0.00e+00	0.00e+00	0.00e+00	0.00e+00
 4.76400e+12	0.00e+00	5.00e-29	1.20e-21	3.42e-15	1.19e-09	3.58e-05	1.00e+00	0.00e+00	0.00e+00	0.00e+00	0.00e+00	0.00e+00
 4.95460e+12	5.73e-37	6.98e-29	1.57e-21	4.23e-15	1.38e-09	3.88e-05	1.00e+00	0.00e+00	0.00e+00	0.00e+00	0.00e+00	0.00e+00
 5.16547e+12	8.69e-37	9.90e-29	2.09e-21	5.26e-15	1.60e-09	4.19e-05	1.00e+00	0.00e+00	0.00e+00	0.00e+00	0.00e+00	0.00e+00
 5.39312e+12	1.34e-36	1.43e-28	2.83e-21	6.64e-15	1.88e-09	4.57e-05	1.00e+00	0.00e+00	0.00e+00	0.00e+00	0.00e+00	0.00e+00
 5.59334e+12	1.93e-36	1.94e-28	3.63e-21	8.06e-15	2.14e-09	4.89e-05	1.00e+00	0.00e+00	0.00e+00	0.00e+00	0.00e+00	0.00e+00
 5.76511e+12	2.62e-36	2.51e-28	4.49e-21	9.50e-15	2.40e-09	5.19e-05	1.00e+00	0.00e+00	0.00e+00	0.00e+00	0.00e+00	0.00e+00
 5.95657e+12	3.65e-36	3.32e-28	5.63e-21	1.13e-14	2.70e-09	5.52e-05	1.00e+00	0.00e+00	0.00e+00	0.00e+00	0.00e+00	0.00e+00
 6.20105e+12	5.46e-36	4.67e-28	7.45e-21	1.41e-14	3.14e-09	5.98e-05	1.00e+00	0.00e+00	0.00e+00	0.00e+00	0.00e+00	0.00e+00
 6.46147e+12	8.30e-36	6.65e-28	9.95e-21	1.76e-14	3.66e-09	6.48e-05	1.00e+00	0.00e+00	0.00e+00	0.00e+00	0.00e+00	0.00e+00
 6.69504e+12	1.18e-35	8.98e-28	1.27e-20	2.13e-14	4.18e-09	6.95e-05	1.00e+00	0.00e+00	0.00e+00	0.00e+00	0.00e+00	0.00e+00
 6.90871e+12	1.63e-35	1.18e-27	1.59e-20	2.53e-14	4.69e-09	7.39e-05	1.00e+00	0.00e+00	0.00e+00	0.00e+00	0.00e+00	0.00e+00
 7.14848e+12	2.31e-35	1.58e-27	2.02e-20	3.05e-14	5.33e-09	7.90e-05	1.00e+00	0.00e+00	0.00e+00	0.00e+00	0.00e+00	0.00e+00
 7.44465e+12	3.48e-35	2.24e-27	2.69e-20	3.80e-14	6.20e-09	8.56e-05	1.00e+00	0.00e+00	0.00e+00	0.00e+00	0.00e+00	0.00e+00
 7.74181e+12	5.19e-35	3.13e-27	3.55e-20	4.72e-14	7.19e-09	9.26e-05	1.00e+00	0.00e+00	0.00e+00	0.00e+00	0.00e+00	0.00e+00
 7.99706e+12	7.23e-35	4.15e-27	4.46e-20	5.64e-14	8.12e-09	9.87e-05	1.00e+00	0.00e+00	0.00e+00	0.00e+00	0.00e+00	0.00e+00
 8.27014e+12	1.02e-34	5.55e-27	5.66e-20	6.77e-14	9.21e-09	1.05e-04	1.00e+00	0.00e+00	0.00e+00	0.00e+00	0.00e+00	0.00e+00
 8.60795e+12	1.54e-34	7.85e-27	7.53e-20	8.46e-14	1.07e-08	1.14e-04	1.00e+00	0.00e+00	0.00e+00	0.00e+00	0.00e+00	0.00e+00
 8.94991e+12	2.29e-34	1.10e-26	9.95e-20	1.05e-13	1.24e-08	1.24e-04	1.00e+00	0.00e+00	0.00e+00	0.00e+00	0.00e+00	0.00e+00
 9.24981e+12	3.21e-34	1.47e-26	1.26e-19	1.26e-13	1.41e-08	1.32e-04	1.00e+00	0.00e+00	0.00e+00	0.00e+00	0.00e+00	0.00e+00
 9.57501e+12	4.59e-34	1.98e-26	1.61e-19	1.53e-13	1.60e-08	1.41e-04	1.00e+00	0.00e+00	0.00e+00	0.00e+00	0.00e+00	0.00e+00
 9.96896e+12	6.95e-34	2.82e-26	2.15e-19	1.91e-13	1.87e-08	1.53e-04	1.00e+00	0.00e+00	0.00e+00	0.00e+00	0.00e+00	0.00e+00
 1.03648e+13	1.04e-33	3.97e-26	2.85e-19	2.38e-13	2.17e-08	1.66e-04	1.00e+00	0.00e+00	0.00e+00	0.00e+00	0.00e+00	0.00e+00
 1.07240e+13	1.49e-33	5.36e-26	3.65e-19	2.88e-13	2.47e-08	1.77e-04	1.00e+00	0.00e+00	0.00e+00	0.00e+00	0.00e+00	0.00e+00
 1.11230e+13	2.18e-33	7.41e-26	4.76e-19	3.53e-13	2.84e-08	1.91e-04	1.00e+00	0.00e+00	0.00e+00	0.00e+00	0.00e+00	0.00e+00
 1.15905e+13	3.36e-33	1.07e-25	6.42e-19	4.46e-13	3.32e-08	2.07e-04	1.00e+00	0.00e+00	0.00e+00	0.00e+00	0.00e+00	0.00e+00
 1.20547e+13	5.10e-33	1.52e-25	8.57e-19	5.56e-13	3.86e-08	2.24e-04	1.00e+00	0.00e+00	0.00e+00	0.00e+00	0.00e+00	0.00e+00
 1.24978e+13	7.50e-33	2.10e-25	1.12e-18	6.82e-13	4.43e-08	2.41e-04	1.00e+00	0.00e+00	0.00e+00	0.00e+00	0.00e+00	0.00e+00
 1.29881e+13	1.13e-32	2.98e-25	1.48e-18	8.48e-13	5.14e-08	2.60e-04	1.00e+00	0.00e+00	0.00e+00	0.00e+00	0.00e+00	0.00e+00
 1.35375e+13	1.76e-32	4.32e-25	2.01e-18	1.07e-12	6.01e-08	2.82e-04	1.00e+00	0.00e+00	0.00e+00	0.00e+00	0.00e+00	0.00e+00
 1.40724e+13	2.68e-32	6.16e-25	2.68e-18	1.34e-12	6.97e-08	3.04e-04	1.00e+00	0.00e+00	0.00e+00	0.00e+00	0.00e+00	0.00e+00
 1.45764e+13	3.93e-32	8.49e-25	3.48e-18	1.63e-12	7.98e-08	3.26e-04	1.00e+00	0.00e+00	0.00e+00	0.00e+00	0.00e+00	0.00e+00
 1.51371e+13	5.94e-32	1.20e-24	4.61e-18	2.02e-12	9.22e-08	3.51e-04	1.00e+00	0.00e+00	0.00e+00	0.00e+00	0.00e+00	0.00e+00
 1.57500e+13	9.15e-32	1.73e-24	6.20e-18	2.54e-12	1.08e-07	3.80e-04	1.00e+00	0.00e+00	0.00e+00	0.00e+00	0.00e+00	0.00e+00
 1.62778e+13	1.32e-31	2.35e-24	7.95e-18	3.07e-12	1.22e-07	4.06e-04	1.00e+00	0.00e+00	0.00e+00	0.00e+00	0.00e+00	0.00e+00
 1.67189e+13	1.76e-31	3.00e-24	9.70e-18	3.57e-12	1.35e-07	4.28e-04	1.00e+00	0.00e+00	0.00e+00	0.00e+00	0.00e+00	0.00e+00
 1.72128e+13	2.44e-31	3.94e-24	1.21e-17	4.22e-12	1.51e-07	4.53e-04	1.00e+00	0.00e+00	0.00e+00	0.00e+00	0.00e+00	0.00e+00
 1.78548e+13	3.64e-31	5.52e-24	1.59e-17	5.21e-12	1.74e-07	4.87e-04	1.00e+00	0.00e+00	0.00e+00	0.00e+00	0.00e+00	0.00e+00
 1.85443e+13	5.52e-31	7.84e-24	2.11e-17	6.48e-12	2.02e-07	5.26e-04	9.99e-01	0.00e+00	0.00e+00	0.00e+00	0.00e+00	0.00e+00
 1.91581e+13	8.66e-31	1.16e-23	2.95e-17	7.82e-12	2.29e-07	5.61e-04	9.99e-01	0.00e+00	0.00e+00	0.00e+00	0.00e+00	0.00e+00
 1.98184e+13	1.15e-30	1.45e-23	3.49e-17	9.48e-12	2.61e-07	6.00e-04	9.99e-01	0.00e+00	0.00e+00	0.00e+00	0.00e+00	0.00e+00
 2.06105e+13	1.78e-30	2.10e-23	4.70e-17	1.19e-11	3.04e-07	6.49e-04	9.99e-01	0.00e+00	0.00e+00	0.00e+00	0.00e+00	0.00e+00
 2.14095e+13	2.68e-30	2.97e-23	6.25e-17	1.48e-11	3.52e-07	7.01e-04	9.99e-01	0.00e+00	0.00e+00	0.00e+00	0.00e+00	0.00e+00
 2.21528e+13	3.93e-30	4.09e-23	8.09e-17	1.80e-11	4.02e-07	7.50e-04	9.99e-01	0.00e+00	0.00e+00	0.00e+00	0.00e+00	0.00e+00
 2.28684e+13	5.59e-30	5.50e-23	1.03e-16	2.17e-11	4.55e-07	8.00e-04	9.99e-01	0.00e+00	0.00e+00	0.00e+00	0.00e+00	0.00e+00
 2.36795e+13	8.18e-30	7.59e-23	1.34e-16	2.65e-11	5.21e-07	8.57e-04	9.99e-01	0.00e+00	0.00e+00	0.00e+00	0.00e+00	0.00e+00
 2.45781e+13	1.23e-29	1.07e-22	1.77e-16	3.30e-11	6.03e-07	9.26e-04	9.99e-01	0.00e+00	0.00e+00	0.00e+00	0.00e+00	0.00e+00
 2.54055e+13	1.78e-29	1.46e-22	2.28e-16	3.99e-11	6.86e-07	9.89e-04	9.99e-01	0.00e+00	0.00e+00	0.00e+00	0.00e+00	0.00e+00
 2.62961e+13	2.60e-29	2.01e-22	2.96e-16	4.87e-11	7.84e-07	1.06e-03	9.99e-01	0.00e+00	0.00e+00	0.00e+00	0.00e+00	0.00e+00
 2.72955e+13	3.91e-29	2.84e-22	3.93e-16	6.06e-11	9.08e-07	1.14e-03	9.99e-01	0.00e+00	0.00e+00	0.00e+00	0.00e+00	0.00e+00
 2.82356e+13	5.70e-29	3.91e-22	5.09e-16	7.38e-11	1.04e-06	1.23e-03	9.99e-01	0.00e+00	0.00e+00	0.00e+00	0.00e+00	0.00e+00
 2.92567e+13	8.45e-29	5.44e-22	6.66e-16	9.07e-11	1.19e-06	1.32e-03	9.99e-01	0.00e+00	0.00e+00	0.00e+00	0.00e+00	0.00e+00
 3.03949e+13	1.29e-28	7.76e-22	8.91e-16	1.13e-10	1.38e-06	1.42e-03	9.99e-01	0.00e+00	0.00e+00	0.00e+00	0.00e+00	0.00e+00
 3.14586e+13	1.89e-28	1.07e-21	1.16e-15	1.39e-10	1.58e-06	1.53e-03	9.98e-01	0.00e+00	0.00e+00	0.00e+00	0.00e+00	0.00e+00
 3.26145e+13	2.81e-28	1.50e-21	1.52e-15	1.71e-10	1.82e-06	1.64e-03	9.98e-01	0.00e+00	0.00e+00	0.00e+00	0.00e+00	0.00e+00
 3.39090e+13	4.34e-28	2.17e-21	2.06e-15	2.15e-10	2.13e-06	1.78e-03	9.98e-01	0.00e+00	0.00e+00	0.00e+00	0.00e+00	0.00e+00
 3.51399e+13	6.46e-28	3.03e-21	2.70e-15	2.65e-10	2.45e-06	1.91e-03	9.98e-01	0.00e+00	0.00e+00	0.00e+00	0.00e+00	0.00e+00
 3.64591e+13	9.75e-28	4.28e-21	3.58e-15	3.28e-10	2.83e-06	2.06e-03	9.98e-01	0.00e+00	0.00e+00	0.00e+00	0.00e+00	0.00e+00
 3.79474e+13	1.53e-27	6.25e-21	4.87e-15	4.15e-10	3.31e-06	2.24e-03	9.98e-01	0.00e+00	0.00e+00	0.00e+00	0.00e+00	0.00e+00
 3.94096e+13	2.34e-27	8.95e-21	6.52e-15	5.18e-10	3.84e-06	2.41e-03	9.98e-01	0.00e+00	0.00e+00	0.00e+00	0.00e+00	0.00e+00
 4.09304e+13	3.57e-27	1.28e-20	8.72e-15	6.47e-10	4.45e-06	2.61e-03	9.97e-01	0.00e+00	0.00e+00	0.00e+00	0.00e+00	0.00e+00
 4.24986e+13	5.47e-27	1.83e-20	1.17e-14	8.07e-10	5.17e-06	2.81e-03	9.97e-01	0.00e+00	0.00e+00	0.00e+00	0.00e+00	0.00e+00
 4.39516e+13	8.01e-27	2.52e-20	1.51e-14	9.83e-10	5.89e-06	3.01e-03	9.97e-01	0.00e+00	0.00e+00	0.00e+00	0.00e+00	0.00e+00
 4.55616e+13	1.20e-26	3.55e-20	1.99e-14	1.21e-09	6.79e-06	3.24e-03	9.97e-01	0.00e+00	0.00e+00	0.00e+00	0.00e+00	0.00e+00
 4.73233e+13	1.85e-26	5.11e-20	2.68e-14	1.52e-09	7.89e-06	3.50e-03	9.96e-01	0.00e+00	0.00e+00	0.00e+00	0.00e+00	0.00e+00
 4.89376e+13	2.72e-26	7.04e-20	3.47e-14	1.85e-09	9.00e-06	3.74e-03	9.96e-01	0.00e+00	0.00e+00	0.00e+00	0.00e+00	0.00e+00
 5.03580e+13	3.77e-26	9.28e-20	4.34e-14	2.19e-09	1.01e-05	3.96e-03	9.96e-01	0.00e+00	0.00e+00	0.00e+00	0.00e+00	0.00e+00
 5.18753e+13	5.29e-26	1.23e-19	5.46e-14	2.60e-09	1.13e-05	4.21e-03	9.96e-01	0.00e+00	0.00e+00	0.00e+00	0.00e+00	0.00e+00
 5.38026e+13	8.02e-26	1.75e-19	7.24e-14	3.23e-09	1.31e-05	4.53e-03	9.95e-01	0.00e+00	0.00e+00	0.00e+00	0.00e+00	0.00e+00
 5.57563e+13	1.21e-25	2.47e-19	9.58e-14	3.98e-09	1.50e-05	4.87e-03	9.95e-01	0.00e+00	0.00e+00	0.00e+00	0.00e+00	0.00e+00
 5.74074e+13	1.70e-25	3.27e-19	1.20e-13	4.73e-09	1.69e-05	5.16e-03	9.95e-01	0.00e+00	0.00e+00	0.00e+00	0.00e+00	0.00e+00
 5.91715e+13	2.40e-25	4.39e-19	1.52e-13	5.65e-09	1.90e-05	5.48e-03	9.95e-01	0.00e+00	0.00e+00	0.00e+00	0.00e+00	0.00e+00
 6.13870e+13	3.67e-25	6.26e-19	2.03e-13	7.02e-09	2.20e-05	5.90e-03	9.94e-01	0.00e+00	0.00e+00	0.00e+00	0.00e+00	0.00e+00
 6.36612e+13	5.62e-25	8.94e-19	2.70e-13	8.71e-09	2.54e-05	6.35e-03	9.94e-01	0.00e+00	0.00e+00	0.00e+00	0.00e+00	0.00e+00
 6.56435e+13	8.00e-25	1.20e-18	3.43e-13	1.04e-08	2.86e-05	6.75e-03	9.93e-01	0.00e+00	0.00e+00	0.00e+00	0.00e+00	0.00e+00
 6.77745e+13	1.16e-24	1.64e-18	4.40e-13	1.26e-08	3.25e-05	7.19e-03	9.93e-01	0.00e+00	0.00e+00	0.00e+00	0.00e+00	0.00e+00
 7.03735e+13	1.79e-24	2.36e-18	5.91e-13	1.58e-08	3.77e-05	7.77e-03	9.92e-01	0.00e+00	0.00e+00	0.00e+00	0.00e+00	0.00e+00
 7.29710e+13	2.75e-24	3.38e-18	7.87e-13	1.95e-08	4.35e-05	8.34e-03	9.92e-01	0.00e+00	0.00e+00	0.00e+00	0.00e+00	0.00e+00
 7.52663e+13	3.90e-24	4.54e-18	1.00e-12	2.34e-08	4.92e-05	8.89e-03	9.91e-01	0.00e+00	0.00e+00	0.00e+00	0.00e+00	0.00e+00
 7.77787e+13	5.74e-24	6.27e-18	1.30e-12	2.85e-08	5.60e-05	9.49e-03	9.90e-01	0.00e+00	0.00e+00	0.00e+00	0.00e+00	0.00e+00
 8.07977e+13	8.92e-24	9.08e-18	1.75e-12	3.57e-08	6.52e-05	1.03e-02	9.90e-01	0.00e+00	0.00e+00	0.00e+00	0.00e+00	0.00e+00
 8.38082e+13	1.37e-23	1.30e-17	2.34e-12	4.43e-08	7.53e-05	1.10e-02	9.89e-01	0.00e+00	0.00e+00	0.00e+00	0.00e+00	0.00e+00
 8.65382e+13	1.98e-23	1.77e-17	3.00e-12	5.36e-08	8.55e-05	1.18e-02	9.88e-01	0.00e+00	0.00e+00	0.00e+00	0.00e+00	0.00e+00
 8.95705e+13	2.95e-23	2.47e-17	3.93e-12	6.58e-08	9.80e-05	1.26e-02	9.87e-01	0.00e+00	0.00e+00	0.00e+00	0.00e+00	0.00e+00
 9.31250e+13	4.60e-23	3.60e-17	5.34e-12	8.30e-08	1.15e-04	1.37e-02	9.86e-01	0.00e+00	0.00e+00	0.00e+00	0.00e+00	0.00e+00
 9.66279e+13	7.07e-23	5.17e-17	7.15e-12	1.03e-07	1.33e-04	1.47e-02	9.85e-01	0.00e+00	0.00e+00	0.00e+00	0.00e+00	0.00e+00
 9.99052e+13	1.03e-22	7.12e-17	9.28e-12	1.26e-07	1.52e-04	1.58e-02	9.84e-01	0.00e+00	0.00e+00	0.00e+00	0.00e+00	0.00e+00
 1.03566e+14	1.56e-22	1.01e-16	1.23e-11	1.56e-07	1.75e-04	1.70e-02	9.83e-01	0.00e+00	0.00e+00	0.00e+00	0.00e+00	0.00e+00
 1.07738e+14	2.44e-22	1.47e-16	1.68e-11	1.98e-07	2.05e-04	1.85e-02	9.81e-01	0.00e+00	0.00e+00	0.00e+00	0.00e+00	0.00e+00
 1.11890e+14	3.75e-22	2.11e-16	2.25e-11	2.48e-07	2.38e-04	2.00e-02	9.80e-01	0.00e+00	0.00e+00	0.00e+00	0.00e+00	0.00e+00
 1.16207e+14	5.71e-22	3.02e-16	3.02e-11	3.10e-07	2.77e-04	2.16e-02	9.78e-01	0.00e+00	0.00e+00	0.00e+00	0.00e+00	0.00e+00
 1.20116e+14	8.32e-22	4.16e-16	3.92e-11	3.78e-07	3.16e-04	2.31e-02	9.77e-01	0.00e+00	0.00e+00	0.00e+00	0.00e+00	0.00e+00
 1.23070e+14	1.08e-21	5.21e-16	4.73e-11	4.37e-07	3.49e-04	2.44e-02	9.75e-01	0.00e+00	0.00e+00	0.00e+00	0.00e+00	0.00e+00
 1.26151e+14	1.42e-21	6.57e-16	5.72e-11	5.06e-07	3.85e-04	2.57e-02	9.74e-01	0.00e+00	0.00e+00	0.00e+00	0.00e+00	0.00e+00
 1.30157e+14	2.01e-21	8.82e-16	7.30e-11	6.10e-07	4.36e-04	2.74e-02	9.72e-01	0.00e+00	0.00e+00	0.00e+00	0.00e+00	0.00e+00
 1.34511e+14	2.88e-21	1.20e-15	9.43e-11	7.44e-07	4.98e-04	2.94e-02	9.70e-01	0.00e+00	0.00e+00	0.00e+00	0.00e+00	0.00e+00
 1.38450e+14	3.93e-21	1.57e-15	1.18e-10	8.84e-07	5.59e-04	3.13e-02	9.68e-01	0.00e+00	0.00e+00	0.00e+00	0.00e+00	0.00e+00
 1.42702e+14	5.44e-21	2.07e-15	1.49e-10	1.06e-06	6.31e-04	3.34e-02	9.66e-01	0.00e+00	0.00e+00	0.00e+00	0.00e+00	0.00e+00
 1.48022e+14	8.07e-21	2.92e-15	1.98e-10	1.32e-06	7.32e-04	3.61e-02	9.63e-01	0.00e+00	0.00e+00	0.00e+00	0.00e+00	0.00e+00
 1.53382e+14	1.18e-20	4.05e-15	2.60e-10	1.63e-06	8.44e-04	3.90e-02	9.60e-01	0.00e+00	0.00e+00	0.00e+00	0.00e+00	0.00e+00
 1.57977e+14	1.61e-20	5.31e-15	3.27e-10	1.95e-06	9.50e-04	4.15e-02	9.58e-01	0.00e+00	0.00e+00	0.00e+00	0.00e+00	0.00e+00
 1.62929e+14	2.21e-20	7.00e-15	4.13e-10	2.34e-06	1.07e-03	4.44e-02	9.55e-01	0.00e+00	0.00e+00	0.00e+00	0.00e+00	0.00e+00
 1.69057e+14	3.27e-20	9.82e-15	5.50e-10	2.92e-06	1.25e-03	4.81e-02	9.51e-01	0.00e+00	0.00e+00	0.00e+00	0.00e+00	0.00e+00
 1.75266e+14	4.75e-20	1.36e-14	7.25e-10	3.63e-06	1.44e-03	5.20e-02	9.47e-01	0.00e+00	0.00e+00	0.00e+00	0.00e+00	0.00e+00
 1.80714e+14	6.50e-20	1.79e-14	9.16e-10	4.36e-06	1.63e-03	5.56e-02	9.43e-01	0.00e+00	0.00e+00	0.00e+00	0.00e+00	0.00e+00
 1.86623e+14	8.95e-20	2.38e-14	1.17e-09	5.28e-06	1.85e-03	5.96e-02	9.39e-01	0.00e+00	0.00e+00	0.00e+00	0.00e+00	0.00e+00
 1.93777e+14	1.32e-19	3.35e-14	1.56e-09	6.62e-06	2.15e-03	6.47e-02	9.33e-01	0.00e+00	0.00e+00	0.00e+00	0.00e+00	0.00e+00
 2.00903e+14	1.90e-19	4.62e-14	2.06e-09	8.22e-06	2.48e-03	6.99e-02	9.28e-01	0.00e+00	0.00e+00	0.00e+00	0.00e+00	0.00e+00
 2.07264e+14	2.58e-19	6.09e-14	2.61e-09	9.89e-06	2.80e-03	7.48e-02	9.22e-01	0.00e+00	0.00e+00	0.00e+00	0.00e+00	0.00e+00
 2.14275e+14	3.61e-19	8.20e-14	3.37e-09	1.21e-05	3.20e-03	8.04e-02	9.16e-01	0.00e+00	0.00e+00	0.00e+00	0.00e+00	0.00e+00
 2.22617e+14	5.28e-19	1.15e-13	4.51e-09	1.52e-05	3.71e-03	8.73e-02	9.09e-01	0.00e+00	0.00e+00	0.00e+00	0.00e+00	0.00e+00
 2.30888e+14	7.57e-19	1.59e-13	5.96e-09	1.89e-05	4.28e-03	9.44e-02	9.01e-01	0.00e+00	0.00e+00	0.00e+00	0.00e+00	0.00e+00
 2.38472e+14	1.04e-18	2.12e-13	7.63e-09	2.28e-05	4.86e-03	1.01e-01	8.94e-01	0.00e+00	0.00e+00	0.00e+00	0.00e+00	0.00e+00
 2.46966e+14	1.47e-18	2.89e-13	9.98e-09	2.81e-05	5.57e-03	1.09e-01	8.85e-01	0.00e+00	0.00e+00	0.00e+00	0.00e+00	0.00e+00
 2.56817e+14	2.17e-18	4.10e-13	1.35e-08	3.55e-05	6.48e-03	1.18e-01	8.75e-01	0.00e+00	0.00e+00	0.00e+00	0.00e+00	0.00e+00
 2.66480e+14	3.12e-18	5.69e-13	1.79e-08	4.43e-05	7.48e-03	1.28e-01	8.65e-01	0.00e+00	0.00e+00	0.00e+00	0.00e+00	0.00e+00
 2.75680e+14	4.36e-18	7.71e-13	2.33e-08	5.41e-05	8.52e-03	1.37e-01	8.54e-01	0.00e+00	0.00e+00	0.00e+00	0.00e+00	0.00e+00
 2.83826e+14	5.80e-18	9.99e-13	2.91e-08	6.43e-05	9.52e-03	1.46e-01	8.45e-01	0.00e+00	0.00e+00	0.00e+00	0.00e+00	0.00e+00
 2.90707e+14	7.31e-18	1.23e-12	3.49e-08	7.39e-05	1.04e-02	1.53e-01	8.37e-01	0.00e+00	0.00e+00	0.00e+00	0.00e+00	0.00e+00
 2.98352e+14	9.43e-18	1.55e-12	4.26e-08	8.61e-05	1.15e-02	1.61e-01	8.27e-01	0.00e+00	0.00e+00	0.00e+00	0.00e+00	0.00e+00
 3.08290e+14	1.32e-17	2.10e-12	5.52e-08	1.05e-04	1.30e-02	1.72e-01	8.15e-01	0.00e+00	0.00e+00	0.00e+00	0.00e+00	0.00e+00
 3.18552e+14	1.82e-17	2.81e-12	7.12e-08	1.27e-04	1.48e-02	1.83e-01	8.02e-01	0.00e+00	0.00e+00	0.00e+00	0.00e+00	0.00e+00
 3.27188e+14	1.93e-17	3.56e-12	8.73e-08	1.49e-04	1.63e-02	1.93e-01	7.91e-01	0.00e+00	0.00e+00	0.00e+00	0.00e+00	0.00e+00
 3.36366e+14	2.53e-17	4.57e-12	1.08e-07	1.75e-04	1.81e-02	2.04e-01	7.78e-01	0.00e+00	0.00e+00	1.32e-17	8.12e-18	3.69e-18
 3.48298e+14	4.37e-17	6.30e-12	1.43e-07	2.15e-04	2.06e-02	2.17e-01	7.62e-01	0.00e+00	0.00e+00	2.30e-17	1.40e-17	6.20e-18
 3.60608e+14	6.14e-17	8.59e-12	1.87e-07	2.63e-04	2.34e-02	2.32e-01	7.44e-01	0.00e+00	0.00e+00	3.24e-17	1.97e-17	8.71e-18
 3.71004e+14	8.06e-17	1.10e-11	2.32e-07	3.10e-04	2.60e-02	2.44e-01	7.30e-01	0.00e+00	0.00e+00	4.25e-17	2.59e-17	1.14e-17
 3.82113e+14	1.08e-16	1.44e-11	2.92e-07	3.68e-04	2.89e-02	2.57e-01	7.13e-01	0.00e+00	0.00e+00	5.71e-17	3.47e-17	1.53e-17
 3.96175e+14	1.56e-16	2.01e-11	3.89e-07	4.55e-04	3.30e-02	2.74e-01	6.93e-01	0.00e+00	0.00e+00	8.25e-17	5.02e-17	2.21e-17
 4.10671e+14	2.23e-16	2.77e-11	5.15e-07	5.60e-04	3.76e-02	2.91e-01	6.71e-01	0.00e+00	0.00e+00	1.17e-16	7.15e-17	3.14e-17
 4.23339e+14	3.04e-16	3.66e-11	6.52e-07	6.66e-04	4.19e-02	3.06e-01	6.52e-01	0.00e+00	0.00e+00	1.60e-16	9.75e-17	4.28e-17
 4.37033e+14	4.24e-16	4.92e-11	8.36e-07	7.99e-04	4.69e-02	3.22e-01	6.31e-01	0.00e+00	0.00e+00	2.23e-16	1.36e-16	5.96e-17
 4.52501e+14	6.08e-16	6.79e-11	1.10e-06	9.75e-04	5.30e-02	3.39e-01	6.07e-01	0.00e+00	0.00e+00	3.20e-16	1.95e-16	8.53e-17
 4.67272e+14	8.47e-16	9.14e-11	1.41e-06	1.17e-03	5.92e-02	3.56e-01	5.84e-01	0.00e+00	0.00e+00	4.47e-16	2.72e-16	1.19e-16
 4.83474e+14	1.22e-15	1.26e-10	1.84e-06	1.42e-03	6.66e-02	3.73e-01	5.59e-01	0.00e+00	0.00e+00	6.41e-16	3.90e-16	1.70e-16
 5.01240e+14	1.77e-15	1.76e-10	2.43e-06	1.74e-03	7.53e-02	3.92e-01	5.31e-01	0.00e+00	0.00e+00	9.35e-16	5.69e-16	2.47e-16
 5.17531e+14	2.46e-15	2.35e-10	3.11e-06	2.07e-03	8.37e-02	4.08e-01	5.06e-01	0.00e+00	0.00e+00	1.30e-15	7.89e-16	3.42e-16
 5.35201e+14	3.53e-15	3.22e-10	4.04e-06	2.49e-03	9.36e-02	4.25e-01	4.79e-01	0.00e+00	0.00e+00	1.86e-15	1.13e-15	4.89e-16
 5.54918e+14	5.20e-15	4.51e-10	5.36e-06	3.05e-03	1.05e-01	4.42e-01	4.50e-01	0.00e+00	0.00e+00	2.74e-15	1.67e-15	7.18e-16
 5.73367e+14	7.27e-15	6.07e-10	6.87e-06	3.64e-03	1.17e-01	4.57e-01	4.22e-01	0.00e+00	0.00e+00	3.83e-15	2.33e-15	1.00e-15
 5.93420e+14	1.06e-14	8.37e-10	8.98e-06	4.39e-03	1.31e-01	4.72e-01	3.93e-01	0.00e+00	0.00e+00	5.56e-15	3.38e-15	1.45e-15
 6.12763e+14	1.46e-14	1.12e-09	1.15e-05	5.20e-03	1.44e-01	4.84e-01	3.67e-01	0.00e+00	0.00e+00	7.71e-15	4.69e-15	2.00e-15
 6.27006e+14	1.86e-14	1.38e-09	1.37e-05	5.89e-03	1.55e-01	4.92e-01	3.47e-01	0.00e+00	0.00e+00	9.82e-15	5.97e-15	2.55e-15
 6.41346e+14	2.38e-14	1.70e-09	1.63e-05	6.65e-03	1.66e-01	4.99e-01	3.28e-01	0.00e+00	0.00e+00	1.26e-14	7.62e-15	3.25e-15
 6.59987e+14	3.24e-14	2.22e-09	2.03e-05	7.74e-03	1.81e-01	5.07e-01	3.04e-01	0.00e+00	0.00e+00	1.71e-14	1.04e-14	4.41e-15
 6.79971e+14	4.44e-14	2.92e-09	2.57e-05	9.07e-03	1.97e-01	5.14e-01	2.80e-01	0.00e+00	0.00e+00	2.34e-14	1.42e-14	6.02e-15
 6.97469e+14	5.78e-14	3.67e-09	3.11e-05	1.04e-02	2.12e-01	5.18e-01	2.59e-01	0.00e+00	0.00e+00	3.04e-14	1.85e-14	7.82e-15
 7.15985e+14	7.67e-14	4.67e-09	3.81e-05	1.19e-02	2.29e-01	5.21e-01	2.38e-01	0.00e+00	0.00e+00	4.03e-14	2.45e-14	1.03e-14
 7.36839e+14	1.04e-13	6.10e-09	4.77e-05	1.38e-02	2.48e-01	5.22e-01	2.16e-01	0.00e+00	0.00e+00	5.49e-14	3.33e-14	1.40e-14
 7.56381e+14	1.37e-13	7.72e-09	5.82e-05	1.58e-02	2.66e-01	5.22e-01	1.97e-01	0.00e+00	0.00e+00	7.19e-14	4.36e-14	1.83e-14
 7.74686e+14	1.75e-13	9.55e-09	6.98e-05	1.78e-02	2.83e-01	5.19e-01	1.80e-01	0.00e+00	0.00e+00	9.20e-14	5.58e-14	2.34e-14
 7.95730e+14	2.36e-13	1.23e-08	8.64e-05	2.05e-02	3.04e-01	5.15e-01	1.61e-01	0.00e+00	0.00e+00	1.24e-13	7.53e-14	3.15e-14
 8.18777e+14	3.19e-13	1.60e-08	1.08e-04	2.37e-02	3.26e-01	5.08e-01	1.42e-01	0.00e+00	0.00e+00	1.68e-13	1.02e-13	4.23e-14
 8.39916e+14	4.17e-13	2.02e-08	1.31e-04	2.69e-02	3.47e-01	4.99e-01	1.26e-01	0.00e+00	0.00e+00	2.19e-13	1.33e-13	5.51e-14
 8.62880e+14	5.60e-13	2.60e-08	1.63e-04	3.08e-02	3.70e-01	4.88e-01	1.11e-01	0.00e+00	0.00e+00	2.94e-13	1.78e-13	7.37e-14
 8.88034e+14	7.67e-13	3.40e-08	2.05e-04	3.57e-02	3.96e-01	4.73e-01	9.51e-02	0.00e+00	0.00e+00	4.02e-13	2.43e-13	1.00e-13
 9.10274e+14	9.94e-13	4.26e-08	2.49e-04	4.03e-02	4.18e-01	4.59e-01	8.30e-02	0.00e+00	0.00e+00	5.21e-13	3.15e-13	1.30e-13
 9.30256e+14	1.26e-12	5.23e-08	2.97e-04	4.50e-02	4.37e-01	4.45e-01	7.30e-02	0.00e+00	0.00e+00	6.61e-13	4.00e-13	1.64e-13
 9.53065e+14	1.66e-12	6.62e-08	3.63e-04	5.09e-02	4.60e-01	4.27e-01	6.26e-02	0.00e+00	0.00e+00	8.69e-13	5.25e-13	2.15e-13
 9.77442e+14	2.22e-12	8.49e-08	4.49e-04	5.78e-02	4.82e-01	4.06e-01	5.30e-02	0.00e+00	0.00e+00	1.16e-12	7.00e-13	2.84e-13
 9.98648e+14	2.81e-12	1.04e-07	5.37e-04	6.44e-02	5.01e-01	3.88e-01	4.57e-02	0.00e+00	0.00e+00	1.47e-12	8.87e-13	3.59e-13
 1.02101e+15	3.67e-12	1.31e-07	6.51e-04	7.21e-02	5.21e-01	3.67e-01	3.87e-02	0.00e+00	0.00e+00	1.91e-12	1.15e-12	4.66e-13
 1.04549e+15	4.92e-12	1.68e-07	8.03e-04	8.15e-02	5.41e-01	3.44e-01	3.21e-02	0.00e+00	0.00e+00	2.56e-12	1.55e-12	6.20e-13
 1.06744e+15	6.22e-12	2.07e-07	9.66e-04	9.05e-02	5.58e-01	3.24e-01	2.71e-02	0.00e+00	0.00e+00	3.24e-12	1.95e-12	7.81e-13
 1.08755e+15	8.02e-12	2.56e-07	1.15e-03	9.98e-02	5.72e-01	3.04e-01	2.30e-02	0.00e+00	0.00e+00	4.17e-12	2.51e-12	1.00e-12
 1.10694e+15	1.01e-11	3.12e-07	1.36e-03	1.09e-01	5.84e-01	2.85e-01	1.95e-02	0.00e+00	0.00e+00	5.26e-12	3.16e-12	1.25e-12
 1.12853e+15	1.35e-11	3.96e-07	1.66e-03	1.22e-01	5.97e-01	2.64e-01	1.61e-02	0.00e+00	0.00e+00	7.00e-12	4.21e-12	1.66e-12
 1.15077e+15	1.76e-11	4.98e-07	2.02e-03	1.35e-01	6.07e-01	2.43e-01	1.32e-02	0.00e+00	0.00e+00	9.11e-12	5.48e-12	2.15e-12
 1.16952e+15	2.20e-11	6.04e-07	2.40e-03	1.47e-01	6.14e-01	2.25e-01	1.12e-02	0.00e+00	0.00e+00	1.14e-11	6.82e-12	2.66e-12
 1.18958e+15	3.00e-11	7.77e-07	2.92e-03	1.62e-01	6.20e-01	2.06e-01	9.13e-03	0.00e+00	0.00e+00	1.55e-11	9.30e-12	3.61e-12
 1.21026e+15	3.86e-11	9.70e-07	3.56e-03	1.79e-01	6.23e-01	1.87e-01	7.46e-03	0.00e+00	0.00e+00	1.99e-11	1.19e-11	4.60e-12
 1.22810e+15	5.19e-11	1.23e-06	4.29e-03	1.95e-01	6.24e-01	1.71e-01	6.18e-03	0.00e+00	0.00e+00	2.67e-11	1.60e-11	6.12e-12
 1.24457e+15	6.69e-11	1.52e-06	5.10e-03	2.11e-01	6.22e-01	1.56e-01	5.17e-03	0.00e+00	0.00e+00	3.43e-11	2.06e-11	7.82e-12
 1.25916e+15	8.26e-11	1.82e-06	5.99e-03	2.26e-01	6.19e-01	1.44e-01	4.40e-03	0.00e+00	0.00e+00	4.23e-11	2.53e-11	9.58e-12
 1.27188e+15	1.03e-10	2.19e-06	6.94e-03	2.41e-01	6.15e-01	1.33e-01	3.79e-03	0.00e+00	0.00e+00	5.28e-11	3.15e-11	1.19e-11
 1.28592e+15	1.40e-10	2.77e-06	8.28e-03	2.59e-01	6.08e-01	1.22e-01	3.17e-03	0.00e+00	0.00e+00	7.14e-11	4.26e-11	1.59e-11
 1.30051e+15	1.83e-10	3.46e-06	9.95e-03	2.79e-01	5.99e-01	1.10e-01	2.64e-03	0.00e+00	0.00e+00	9.33e-11	5.57e-11	2.07e-11
 1.31247e+15	2.27e-10	4.16e-06	1.17e-02	2.97e-01	5.89e-01	1.01e-01	2.26e-03	0.00e+00	0.00e+00	1.16e-10	6.89e-11	2.54e-11
 1.32281e+15	2.88e-10	5.03e-06	1.35e-02	3.13e-01	5.78e-01	9.29e-02	1.95e-03	0.00e+00	0.00e+00	1.46e-10	8.71e-11	3.19e-11
 1.33217e+15	3.44e-10	5.86e-06	1.56e-02	3.30e-01	5.67e-01	8.59e-02	1.70e-03	0.00e+00	0.00e+00	1.74e-10	1.04e-10	3.79e-11
 1.34056e+15	4.56e-10	7.21e-06	1.78e-02	3.45e-01	5.56e-01	7.95e-02	1.49e-03	0.00e+00	0.00e+00	2.31e-10	1.37e-10	4.98e-11
 1.34844e+15	5.23e-10	8.20e-06	2.03e-02	3.61e-01	5.44e-01	7.37e-02	1.32e-03	0.00e+00	0.00e+00	2.65e-10	1.57e-10	5.69e-11
 1.35726e+15	6.61e-10	9.94e-06	2.37e-02	3.80e-01	5.28e-01	6.72e-02	1.13e-03	0.00e+00	0.00e+00	3.34e-10	1.99e-10	7.14e-11
 1.36628e+15	8.60e-10	1.23e-05	2.80e-02	4.00e-01	5.11e-01	6.08e-02	9.63e-04	0.00e+00	0.00e+00	4.34e-10	2.58e-10	9.22e-11
 1.37333e+15	1.09e-09	1.48e-05	3.22e-02	4.16e-01	4.95e-01	5.57e-02	8.40e-04	0.00e+00	0.00e+00	5.50e-10	3.26e-10	1.16e-10
 1.37905e+15	1.45e-09	1.80e-05	3.65e-02	4.31e-01	4.81e-01	5.16e-02	7.44e-04	0.00e+00	0.00e+00	7.27e-10	4.31e-10	1.53e-10
 1.38444e+15	1.72e-09	2.08e-05	4.11e-02	4.45e-01	4.66e-01	4.77e-02	6.61e-04	0.00e+00	0.00e+00	8.62e-10	5.11e-10	1.81e-10
 1.39063e+15	2.07e-09	2.45e-05	4.75e-02	4.62e-01	4.46e-01	4.33e-02	5.71e-04	0.00e+00	0.00e+00	1.04e-09	6.16e-10	2.17e-10
 1.39710e+15	2.66e-09	3.00e-05	5.56e-02	4.80e-01	4.25e-01	3.88e-02	4.86e-04	0.00e+00	0.00e+00	1.33e-09	7.90e-10	2.77e-10
 1.40232e+15	3.71e-09	3.79e-05	6.42e-02	4.95e-01	4.05e-01	3.51e-02	4.19e-04	0.00e+00	0.00e+00	1.86e-09	1.10e-09	3.85e-10
 1.40640e+15	4.35e-09	4.34e-05	7.19e-02	5.07e-01	3.88e-01	3.22e-02	3.72e-04	0.00e+00	0.00e+00	2.18e-09	1.29e-09	4.50e-10
 1.41062e+15	5.13e-09	4.99e-05	8.13e-02	5.20e-01	3.69e-01	2.92e-02	3.24e-04	0.00e+00	0.00e+00	2.57e-09	1.52e-09	5.29e-10
 1.41528e+15	6.44e-09	5.99e-05	9.37e-02	5.33e-01	3.47e-01	2.60e-02	2.76e-04	0.00e+00	0.00e+00	3.23e-09	1.91e-09	6.61e-10
 1.41937e+15	8.14e-09	7.18e-05	1.07e-01	5.44e-01	3.26e-01	2.32e-02	2.35e-04	0.00e+00	0.00e+00	4.08e-09	2.41e-09	8.33e-10
 1.42269e+15	1.06e-08	8.68e-05	1.20e-01	5.52e-01	3.06e-01	2.08e-02	2.03e-04	0.00e+00	0.00e+00	5.30e-09	3.13e-09	1.08e-09
 1.42558e+15	1.28e-08	1.00e-04	1.34e-01	5.58e-01	2.89e-01	1.88e-02	1.78e-04	0.00e+00	0.00e+00	6.43e-09	3.80e-09	1.31e-09
 1.42876e+15	1.55e-08	1.17e-04	1.50e-01	5.64e-01	2.68e-01	1.66e-02	1.51e-04	0.00e+00	0.00e+00	7.77e-09	4.59e-09	1.58e-09
 1.43213e+15	1.95e-08	1.39e-04	1.71e-01	5.69e-01	2.45e-01	1.44e-02	1.25e-04	0.00e+00	0.00e+00	9.74e-09	5.76e-09	1.97e-09
 1.43489e+15	2.26e-08	1.58e-04	1.91e-01	5.71e-01	2.26e-01	1.26e-02	1.06e-04	0.00e+00	0.00e+00	1.13e-08	6.66e-09	2.28e-09
 1.43715e+15	2.85e-08	1.85e-04	2.09e-01	5.71e-01	2.09e-01	1.11e-02	9.00e-05	0.00e+00	0.00e+00	1.42e-08	8.41e-09	2.87e-09
 1.43923e+15	3.28e-08	2.08e-04	2.28e-01	5.69e-01	1.92e-01	9.82e-03	7.70e-05	0.00e+00	0.00e+00	1.64e-08	9.69e-09	3.30e-09
 1.44156e+15	3.77e-08	2.33e-04	2.52e-01	5.66e-01	1.74e-01	8.41e-03	6.35e-05	0.00e+00	0.00e+00	1.89e-08	1.11e-08	3.79e-09
 1.44402e+15	4.57e-08	2.70e-04	2.79e-01	5.59e-01	1.54e-01	7.03e-03	5.08e-05	0.00e+00	0.00e+00	2.29e-08	1.35e-08	4.59e-09
 1.44602e+15	5.68e-08	3.13e-04	3.04e-01	5.51e-01	1.38e-01	5.98e-03	4.15e-05	0.00e+00	0.00e+00	2.84e-08	1.68e-08	5.70e-09
 1.44762e+15	6.45e-08	3.45e-04	3.26e-01	5.43e-01	1.25e-01	5.17e-03	3.47e-05	0.00e+00	0.00e+00	3.23e-08	1.90e-08	6.46e-09
 1.44931e+15	7.20e-08	3.77e-04	3.50e-01	5.34e-01	1.11e-01	4.37e-03	2.83e-05	0.00e+00	0.00e+00	3.60e-08	2.13e-08	7.21e-09
 1.45119e+15	8.81e-08	4.34e-04	3.79e-01	5.20e-01	9.69e-02	3.57e-03	2.20e-05	0.00e+00	0.00e+00	4.42e-08	2.60e-08	8.82e-09
 1.45286e+15	1.00e-07	4.78e-04	4.05e-01	5.07e-01	8.47e-02	2.94e-03	1.74e-05	0.00e+00	0.00e+00	5.03e-08	2.97e-08	1.00e-08
 1.45428e+15	1.13e-07	5.20e-04	4.29e-01	4.94e-01	7.46e-02	2.46e-03	1.40e-05	0.00e+00	0.00e+00	5.67e-08	3.34e-08	1.13e-08
 1.45584e+15	1.30e-07	5.72e-04	4.55e-01	4.78e-01	6.41e-02	1.98e-03	1.07e-05	0.00e+00	0.00e+00	6.51e-08	3.84e-08	1.30e-08
 1.45753e+15	1.48e-07	6.28e-04	4.83e-01	4.61e-01	5.40e-02	1.55e-03	7.97e-06	0.00e+00	0.00e+00	7.43e-08	4.38e-08	1.48e-08
 1.45890e+15	1.64e-07	6.76e-04	5.06e-01	4.46e-01	4.64e-02	1.25e-03	6.16e-06	0.00e+00	0.00e+00	8.26e-08	4.87e-08	1.64e-08
 1.45996e+15	1.79e-07	7.14e-04	5.24e-01	4.34e-01	4.11e-02	1.05e-03	4.98e-06	0.00e+00	0.00e+00	8.98e-08	5.30e-08	1.79e-08
 1.46111e+15	1.95e-07	7.59e-04	5.43e-01	4.20e-01	3.56e-02	8.54e-04	3.88e-06	0.00e+00	0.00e+00	9.84e-08	5.80e-08	1.95e-08
 1.46261e+15	2.19e-07	8.17e-04	5.67e-01	4.02e-01	2.94e-02	6.48e-04	2.77e-06	0.00e+00	0.00e+00	1.10e-07	6.49e-08	2.19e-08
 1.46418e+15	2.43e-07	8.76e-04	5.90e-01	3.85e-01	2.40e-02	4.83e-04	1.94e-06	0.00e+00	0.00e+00	1.23e-07	7.22e-08	2.43e-08
 1.46554e+15	2.66e-07	9.28e-04	6.09e-01	3.69e-01	1.99e-02	3.69e-04	1.40e-06	0.00e+00	0.00e+00	1.34e-07	7.91e-08	2.66e-08
 1.46703e+15	2.92e-07	9.85e-04	6.29e-01	3.53e-01	1.61e-02	2.71e-04	9.57e-07	0.00e+00	0.00e+00	1.48e-07	8.70e-08	2.93e-08
 1.46896e+15	3.26e-07	1.05e-03	6.52e-01	3.34e-01	1.23e-02	1.81e-04	0.00e+00	0.00e+00	0.00e+00	1.65e-07	9.72e-08	3.27e-08
 1.47101e+15	3.60e-07	1.12e-03	6.73e-01	3.16e-01	9.20e-03	1.18e-04	0.00e+00	0.00e+00	0.00e+00	1.83e-07	1.08e-07	3.62e-08
 1.47290e+15	3.92e-07	1.18e-03	6.90e-01	3.02e-01	7.06e-03	7.91e-05	0.00e+00	0.00e+00	0.00e+00	2.00e-07	1.18e-07	3.94e-08
 1.47504e+15	4.28e-07	1.24e-03	7.06e-01	2.87e-01	5.25e-03	5.01e-05	0.00e+00	0.00e+00	0.00e+00	2.18e-07	1.28e-07	4.31e-08
 1.47783e+15	4.72e-07	1.31e-03	7.23e-01	2.72e-01	3.63e-03	2.81e-05	0.00e+00	0.00e+00	0.00e+00	2.41e-07	1.42e-07	4.75e-08
 1.48145e+15	5.24e-07	1.38e-03	7.40e-01	2.57e-01	2.32e-03	1.37e-05	0.00e+00	0.00e+00	0.00e+00	2.68e-07	1.58e-07	5.28e-08
 1.48616e+15	5.87e-07	1.46e-03	7.54e-01	2.43e-01	1.37e-03	5.74e-06	0.00e+00	0.00e+00	0.00e+00	3.00e-07	1.77e-07	5.92e-08
 1.49228e+15	6.64e-07	1.55e-03	7.67e-01	2.30e-01	7.49e-04	2.04e-06	0.00e+00	0.00e+00	0.00e+00	3.40e-07	2.00e-07	6.69e-08
 1.50024e+15	7.65e-07	1.65e-03	7.79e-01	2.19e-01	3.82e-04	6.17e-07	0.00e+00	0.00e+00	0.00e+00	3.91e-07	2.31e-07	7.71e-08
 1.51059e+15	9.10e-07	1.77e-03	7.90e-01	2.08e-01	1.84e-04	0.00e+00	0.00e+00	0.00e+00	0.00e+00	4.66e-07	2.74e-07	9.16e-08
 1.52404e+15	1.14e-06	1.94e-03	8.02e-01	1.96e-01	8.40e-05	0.00e+00	0.00e+00	0.00e+00	0.00e+00	5.84e-07	3.44e-07	1.15e-07
 1.53918e+15	1.49e-06	2.16e-03	8.15e-01	1.83e-01	4.02e-05	0.00e+00	0.00e+00	0.00e+00	0.00e+00	7.61e-07	4.48e-07	1.49e-07
 1.55310e+15	1.93e-06	2.40e-03	8.27e-01	1.71e-01	2.24e-05	0.00e+00	0.00e+00	0.00e+00	0.00e+00	9.86e-07	5.82e-07	1.94e-07
 1.56515e+15	2.46e-06	2.66e-03	8.38e-01	1.59e-01	1.41e-05	0.00e+00	0.00e+00	0.00e+00	0.00e+00	1.25e-06	7.39e-07	2.46e-07
 1.57643e+15	3.10e-06	2.94e-03	8.47e-01	1.50e-01	9.35e-06	0.00e+00	0.00e+00	0.00e+00	0.00e+00	1.58e-06	9.31e-07	3.09e-07
 1.58934e+15	4.13e-06	3.33e-03	8.60e-01	1.37e-01	5.87e-06	0.00e+00	0.00e+00	0.00e+00	0.00e+00	2.10e-06	1.24e-06	4.11e-07
 1.60274e+15	5.62e-06	3.83e-03	8.72e-01	1.24e-01	3.76e-06	0.00e+00	0.00e+00	0.00e+00	0.00e+00	2.86e-06	1.69e-06	5.60e-07
 1.61350e+15	7.36e-06	4.34e-03	8.82e-01	1.14e-01	2.66e-06	0.00e+00	0.00e+00	0.00e+00	0.00e+00	3.74e-06	2.21e-06	7.32e-07
 1.62227e+15	9.33e-06	4.85e-03	8.90e-01	1.05e-01	2.00e-06	0.00e+00	0.00e+00	0.00e+00	0.00e+00	4.74e-06	2.80e-06	9.27e-07
 1.63172e+15	1.22e-05	5.52e-03	9.00e-01	9.48e-02	1.44e-06	0.00e+00	0.00e+00	0.00e+00	0.00e+00	6.18e-06	3.65e-06	1.21e-06
 1.64164e+15	1.64e-05	6.39e-03	9.09e-01	8.47e-02	1.04e-06	0.00e+00	0.00e+00	0.00e+00	0.00e+00	8.30e-06	4.90e-06	1.62e-06
 1.64971e+15	2.12e-05	7.27e-03	9.16e-01	7.65e-02	7.95e-07	0.00e+00	0.00e+00	0.00e+00	0.00e+00	1.07e-05	6.35e-06	2.10e-06
 1.65623e+15	2.63e-05	8.13e-03	9.22e-01	7.01e-02	0.00e+00	0.00e+00	0.00e+00	0.00e+00	0.00e+00	1.34e-05	7.89e-06	2.61e-06
 1.66321e+15	3.38e-05	9.26e-03	9.28e-01	6.31e-02	0.00e+00	0.00e+00	0.00e+00	0.00e+00	0.00e+00	1.72e-05	1.01e-05	3.36e-06
 1.67059e+15	4.47e-05	1.07e-02	9.33e-01	5.59e-02	0.00e+00	0.00e+00	0.00e+00	0.00e+00	0.00e+00	2.27e-05	1.34e-05	4.44e-06
 1.67576e+15	5.51e-05	1.20e-02	9.37e-01	5.10e-02	0.00e+00	0.00e+00	0.00e+00	0.00e+00	0.00e+00	2.79e-05	1.65e-05	5.47e-06
 1.67870e+15	6.25e-05	1.28e-02	9.39e-01	4.82e-02	0.00e+00	0.00e+00	0.00e+00	0.00e+00	0.00e+00	3.17e-05	1.87e-05	6.21e-06
 1.68149e+15	7.07e-05	1.37e-02	9.41e-01	4.55e-02	0.00e+00	0.00e+00	0.00e+00	0.00e+00	0.00e+00	3.59e-05	2.12e-05	7.02e-06
 1.68512e+15	8.34e-05	1.50e-02	9.43e-01	4.20e-02	0.00e+00	0.00e+00	0.00e+00	0.00e+00	0.00e+00	4.23e-05	2.50e-05	8.29e-06
 1.68905e+15	1.00e-04	1.66e-02	9.45e-01	3.85e-02	0.00e+00	0.00e+00	0.00e+00	0.00e+00	0.00e+00	5.09e-05	3.01e-05	9.97e-06
 1.69244e+15	1.19e-04	1.82e-02	9.46e-01	3.55e-02	0.00e+00	0.00e+00	0.00e+00	0.00e+00	0.00e+00	6.02e-05	3.56e-05	1.18e-05
 1.69533e+15	1.38e-04	1.98e-02	9.47e-01	3.30e-02	0.00e+00	0.00e+00	0.00e+00	0.00e+00	0.00e+00	7.00e-05	4.14e-05	1.37e-05
 1.69850e+15	1.64e-04	2.18e-02	9.48e-01	3.02e-02	0.00e+00	0.00e+00	0.00e+00	0.00e+00	0.00e+00	8.32e-05	4.92e-05	1.63e-05
 1.70187e+15	1.99e-04	2.43e-02	9.48e-01	2.73e-02	0.00e+00	0.00e+00	0.00e+00	0.00e+00	0.00e+00	1.01e-04	5.97e-05	1.98e-05
 1.70469e+15	2.35e-04	2.67e-02	9.48e-01	2.52e-02	0.00e+00	0.00e+00	0.00e+00	0.00e+00	0.00e+00	1.19e-04	7.04e-05	2.33e-05
 1.70681e+15	2.67e-04	2.88e-02	9.47e-01	2.35e-02	0.00e+00	0.00e+00	0.00e+00	0.00e+00	0.00e+00	1.36e-04	8.03e-05	2.66e-05
 1.70848e+15	2.97e-04	3.06e-02	9.47e-01	2.22e-02	0.00e+00	0.00e+00	0.00e+00	0.00e+00	0.00e+00	1.51e-04	8.92e-05	2.96e-05
 1.71030e+15	3.36e-04	3.28e-02	9.46e-01	2.07e-02	0.00e+00	0.00e+00	0.00e+00	0.00e+00	0.00e+00	1.71e-04	1.01e-04	3.35e-05
 1.71234e+15	3.86e-04	3.55e-02	9.45e-01	1.93e-02	0.00e+00	0.00e+00	0.00e+00	0.00e+00	0.00e+00	1.96e-04	1.16e-04	3.84e-05
 1.71420e+15	4.41e-04	3.83e-02	9.43e-01	1.79e-02	0.00e+00	0.00e+00	0.00e+00	0.00e+00	0.00e+00	2.24e-04	1.32e-04	4.39e-05
 1.71584e+15	4.96e-04	4.10e-02	9.42e-01	1.67e-02	0.00e+00	0.00e+00	0.00e+00	0.00e+00	0.00e+00	2.53e-04	1.49e-04	4.95e-05
 1.71761e+15	5.69e-04	4.44e-02	9.40e-01	1.55e-02	0.00e+00	0.00e+00	0.00e+00	0.00e+00	0.00e+00	2.90e-04	1.71e-04	5.67e-05
 1.71947e+15	6.61e-04	4.84e-02	9.37e-01	1.42e-02	0.00e+00	0.00e+00	0.00e+00	0.00e+00	0.00e+00	3.37e-04	1.99e-04	6.59e-05
 1.72103e+15	7.48e-04	5.21e-02	9.34e-01	1.32e-02	0.00e+00	0.00e+00	0.00e+00	0.00e+00	0.00e+00	3.82e-04	2.25e-04	7.46e-05
 1.72238e+15	8.40e-04	5.57e-02	9.31e-01	1.24e-02	0.00e+00	0.00e+00	0.00e+00	0.00e+00	0.00e+00	4.28e-04	2.53e-04	8.38e-05
 1.72390e+15	9.65e-04	6.03e-02	9.27e-01	1.14e-02	0.00e+00	0.00e+00	0.00e+00	0.00e+00	0.00e+00	4.92e-04	2.90e-04	9.62e-05
 1.72551e+15	1.11e-03	6.57e-02	9.23e-01	1.04e-02	0.00e+00	0.00e+00	0.00e+00	0.00e+00	0.00e+00	5.69e-04	3.36e-04	1.11e-04
 1.72688e+15	1.27e-03	7.08e-02	9.18e-01	9.63e-03	0.00e+00	0.00e+00	0.00e+00	0.00e+00	0.00e+00	6.48e-04	3.82e-04	1.27e-04
 1.72808e+15	1.43e-03	7.59e-02	9.14e-01	8.96e-03	0.00e+00	0.00e+00	0.00e+00	0.00e+00	0.00e+00	7.30e-04	4.30e-04	1.43e-04
 1.72941e+15	1.64e-03	8.23e-02	9.08e-01	8.19e-03	0.00e+00	0.00e+00	0.00e+00	0.00e+00	0.00e+00	8.39e-04	4.94e-04	1.64e-04
 1.73083e+15	1.91e-03	8.98e-02	9.01e-01	7.43e-03	0.00e+00	0.00e+00	0.00e+00	0.00e+00	0.00e+00	9.75e-04	5.74e-04	1.90e-04
 1.73203e+15	2.17e-03	9.70e-02	8.94e-01	6.83e-03	0.00e+00	0.00e+00	0.00e+00	0.00e+00	0.00e+00	1.11e-03	6.55e-04	2.17e-04
 1.73309e+15	2.45e-03	1.04e-01	8.87e-01	6.31e-03	0.00e+00	0.00e+00	0.00e+00	0.00e+00	0.00e+00	1.25e-03	7.39e-04	2.45e-04
 1.73429e+15	2.83e-03	1.13e-01	8.78e-01	5.71e-03	0.00e+00	0.00e+00	0.00e+00	0.00e+00	0.00e+00	1.45e-03	8.55e-04	2.83e-04
 1.73555e+15	3.30e-03	1.24e-01	8.68e-01	5.14e-03	0.00e+00	0.00e+00	0.00e+00	0.00e+00	0.00e+00	1.69e-03	9.98e-04	3.31e-04
 1.73664e+15	3.79e-03	1.34e-01	8.57e-01	4.65e-03	0.00e+00	0.00e+00	0.00e+00	0.00e+00	0.00e+00	1.95e-03	1.15e-03	3.79e-04
