#depth	C	C+	C+2	C+3	C+4	C+5	C+6	C[1]	C[2]	C[3]	C+[1]	C+[2]	CO
 1.49634e+10	0.00e+00	0.00e+00	1.44e-28	8.16e-19	1.75e-08	2.63e-03	9.97e-01	0.00e+00	0.00e+00	0.00e+00	0.00e+00	0.00e+00	1.46e-290
 4.54887e+10	0.00e+00	1.51e-38	1.97e-28	1.03e-18	2.05e-08	2.86e-03	9.97e-01	0.00e+00	0.00e+00	0.00e+00	0.00e+00	0.00e+00	0.00e+00
 7.72350e+10	0.00e+00	0.00e+00	2.72e-28	1.32e-18	2.41e-08	3.10e-03	9.97e-01	0.00e+00	0.00e+00	0.00e+00	0.00e+00	0.00e+00	1.53e-244
 1.10251e+11	0.00e+00	3.34e-38	3.74e-28	1.67e-18	2.84e-08	3.36e-03	9.97e-01	0.00e+00	0.00e+00	0.00e+00	0.00e+00	0.00e+00	1.69e-216
 1.41334e+11	0.00e+00	0.00e+00	5.00e-28	2.08e-18	3.29e-08	3.61e-03	9.96e-01	0.00e+00	0.00e+00	0.00e+00	0.00e+00	0.00e+00	0.00e+00
 1.69343e+11	0.00e+00	6.59e-38	6.45e-28	2.52e-18	3.74e-08	3.85e-03	9.96e-01	0.00e+00	0.00e+00	0.00e+00	0.00e+00	0.00e+00	4.81e-215
 2.00989e+11	0.00e+00	0.00e+00	8.53e-28	3.12e-18	4.32e-08	4.13e-03	9.96e-01	0.00e+00	0.00e+00	0.00e+00	0.00e+00	0.00e+00	1.40e-209
 2.38217e+11	0.00e+00	1.38e-37	1.17e-27	3.95e-18	5.06e-08	4.47e-03	9.96e-01	0.00e+00	0.00e+00	0.00e+00	0.00e+00	0.00e+00	0.00e+00
 2.75964e+11	0.00e+00	0.00e+00	1.59e-27	4.98e-18	5.91e-08	4.83e-03	9.95e-01	0.00e+00	0.00e+00	0.00e+00	0.00e+00	0.00e+00	8.70e-220
 3.15221e+11	0.00e+00	2.98e-37	2.17e-27	6.29e-18	6.93e-08	5.22e-03	9.95e-01	0.00e+00	0.00e+00	0.00e+00	0.00e+00	0.00e+00	0.00e+00
 3.57757e+11	0.00e+00	0.00e+00	2.99e-27	8.03e-18	8.17e-08	5.66e-03	9.94e-01	0.00e+00	0.00e+00	0.00e+00	0.00e+00	0.00e+00	0.00e+00
 4.01095e+11	0.00e+00	6.62e-37	4.11e-27	1.02e-17	9.60e-08	6.13e-03	9.94e-01	0.00e+00	0.00e+00	0.00e+00	0.00e+00	0.00e+00	3.50e-164
 4.46168e+11	0.00e+00	0.00e+00	5.66e-27	1.30e-17	1.13e-07	6.63e-03	9.93e-01	0.00e+00	0.00e+00	0.00e+00	0.00e+00	0.00e+00	1.48e-210
 4.93941e+11	0.00e+00	1.48e-36	7.83e-27	1.66e-17	1.33e-07	7.19e-03	9.93e-01	0.00e+00	0.00e+00	0.00e+00	0.00e+00	0.00e+00	5.09e-163
 5.37498e+11	4.02e-47	2.11e-36	1.04e-26	2.05e-17	1.54e-07	7.72e-03	9.92e-01	0.00e+00	0.00e+00	0.00e+00	0.00e+00	0.00e+00	9.04e-210
 5.74286e+11	0.00e+00	0.00e+00	1.32e-26	2.45e-17	1.74e-07	8.18e-03	9.92e-01	0.00e+00	0.00e+00	0.00e+00	0.00e+00	0.00e+00	6.75e-213
 6.14731e+11	0.00e+00	3.87e-36	1.70e-26	2.97e-17	1.98e-07	8.70e-03	9.91e-01	0.00e+00	0.00e+00	0.00e+00	0.00e+00	0.00e+00	0.00e+00
 6.65307e+11	1.31e-46	5.66e-36	2.30e-26	3.74e-17	2.31e-07	9.38e-03	9.91e-01	0.00e+00	0.00e+00	0.00e+00	0.00e+00	0.00e+00	5.84e-141
 7.17459e+11	0.00e+00	0.00e+00	3.12e-26	4.69e-17	2.70e-07	1.01e-02	9.90e-01	0.00e+00	0.00e+00	0.00e+00	0.00e+00	0.00e+00	3.10e-188
 7.63380e+11	0.00e+00	1.14e-35	4.04e-26	5.71e-17	3.08e-07	1.08e-02	9.89e-01	0.00e+00	0.00e+00	0.00e+00	0.00e+00	0.00e+00	4.62e-160
 8.12794e+11	4.57e-46	1.60e-35	5.31e-26	7.02e-17	3.54e-07	1.15e-02	9.88e-01	0.00e+00	0.00e+00	0.00e+00	0.00e+00	0.00e+00	6.01e-220
 8.72501e+11	0.00e+00	0.00e+00	7.31e-26	8.92e-17	4.17e-07	1.25e-02	9.88e-01	0.00e+00	0.00e+00	0.00e+00	0.00e+00	0.00e+00	2.66e-236
 9.31893e+11	0.00e+00	3.48e-35	9.92e-26	1.12e-16	4.87e-07	1.34e-02	9.87e-01	0.00e+00	0.00e+00	0.00e+00	0.00e+00	0.00e+00	2.85e-206
 9.85282e+11	1.72e-45	4.86e-35	1.30e-25	1.37e-16	5.58e-07	1.43e-02	9.86e-01	0.00e+00	0.00e+00	0.00e+00	0.00e+00	0.00e+00	3.23e-138
 1.04457e+12	0.00e+00	6.99e-35	1.74e-25	1.71e-16	6.48e-07	1.54e-02	9.85e-01	0.00e+00	0.00e+00	0.00e+00	0.00e+00	0.00e+00	0.00e+00
 1.11460e+12	4.35e-45	1.05e-34	2.41e-25	2.20e-16	7.67e-07	1.66e-02	9.83e-01	0.00e+00	0.00e+00	0.00e+00	0.00e+00	0.00e+00	3.10e-137
 1.18339e+12	0.00e+00	1.56e-34	3.31e-25	2.78e-16	9.01e-07	1.80e-02	9.82e-01	0.00e+00	0.00e+00	0.00e+00	0.00e+00	0.00e+00	0.00e+00
 1.24641e+12	1.06e-44	2.21e-34	4.38e-25	3.43e-16	1.04e-06	1.92e-02	9.81e-01	0.00e+00	0.00e+00	0.00e+00	0.00e+00	0.00e+00	2.69e-136
 1.31715e+12	0.00e+00	3.24e-34	5.96e-25	4.33e-16	1.22e-06	2.07e-02	9.79e-01	0.00e+00	0.00e+00	0.00e+00	0.00e+00	0.00e+00	0.00e+00
 1.39706e+12	2.77e-44	4.92e-34	8.34e-25	5.58e-16	1.44e-06	2.24e-02	9.78e-01	0.00e+00	0.00e+00	0.00e+00	0.00e+00	0.00e+00	2.77e-135
 1.47348e+12	0.00e+00	7.27e-34	1.14e-24	7.06e-16	1.69e-06	2.41e-02	9.76e-01	0.00e+00	0.00e+00	0.00e+00	0.00e+00	0.00e+00	0.00e+00
 1.55512e+12	7.19e-44	1.09e-33	1.58e-24	9.03e-16	2.00e-06	2.61e-02	9.74e-01	0.00e+00	0.00e+00	0.00e+00	0.00e+00	0.00e+00	2.78e-134
 1.64538e+12	0.00e+00	1.68e-33	2.24e-24	1.17e-15	2.39e-06	2.83e-02	9.72e-01	0.00e+00	0.00e+00	0.00e+00	0.00e+00	0.00e+00	0.00e+00
 1.73295e+12	1.96e-43	2.52e-33	3.11e-24	1.50e-15	2.82e-06	3.06e-02	9.69e-01	0.00e+00	0.00e+00	0.00e+00	0.00e+00	0.00e+00	3.14e-133
 1.82589e+12	0.00e+00	3.85e-33	4.36e-24	1.93e-15	3.36e-06	3.31e-02	9.67e-01	0.00e+00	0.00e+00	0.00e+00	0.00e+00	0.00e+00	0.00e+00
 1.92885e+12	5.56e-43	6.02e-33	6.25e-24	2.53e-15	4.03e-06	3.60e-02	9.64e-01	0.00e+00	0.00e+00	0.00e+00	0.00e+00	0.00e+00	3.83e-132
 2.03182e+12	0.00e+00	9.33e-33	8.88e-24	3.29e-15	4.82e-06	3.91e-02	9.61e-01	0.00e+00	0.00e+00	0.00e+00	0.00e+00	0.00e+00	0.00e+00
 2.13890e+12	1.60e-42	1.45e-32	1.27e-23	4.30e-15	5.77e-06	4.24e-02	9.58e-01	0.00e+00	0.00e+00	0.00e+00	0.00e+00	0.00e+00	4.79e-131
 2.24109e+12	0.00e+00	2.18e-32	1.76e-23	5.49e-15	6.81e-06	4.58e-02	9.54e-01	0.00e+00	0.00e+00	0.00e+00	0.00e+00	0.00e+00	0.00e+00
 2.32779e+12	3.92e-42	3.06e-32	2.31e-23	6.74e-15	7.82e-06	4.88e-02	9.51e-01	0.00e+00	0.00e+00	0.00e+00	0.00e+00	0.00e+00	4.07e-130
 2.42238e+12	0.00e+00	4.37e-32	3.08e-23	8.35e-15	9.04e-06	5.21e-02	9.48e-01	0.00e+00	0.00e+00	0.00e+00	0.00e+00	0.00e+00	0.00e+00
 2.54032e+12	1.01e-41	6.74e-32	4.36e-23	1.08e-14	1.08e-05	5.64e-02	9.44e-01	0.00e+00	0.00e+00	0.00e+00	0.00e+00	0.00e+00	3.89e-129
 2.66569e+12	0.00e+00	1.05e-31	6.23e-23	1.42e-14	1.29e-05	6.13e-02	9.39e-01	0.00e+00	0.00e+00	0.00e+00	0.00e+00	0.00e+00	0.00e+00
 2.77326e+12	2.69e-41	1.52e-31	8.40e-23	1.77e-14	1.50e-05	6.56e-02	9.34e-01	0.00e+00	0.00e+00	0.00e+00	0.00e+00	0.00e+00	4.00e-128
 2.86408e+12	0.00e+00	2.07e-31	1.07e-22	2.13e-14	1.70e-05	6.93e-02	9.31e-01	0.00e+00	0.00e+00	0.00e+00	0.00e+00	0.00e+00	0.00e+00
 2.96564e+12	5.78e-41	2.88e-31	1.40e-22	2.59e-14	1.94e-05	7.37e-02	9.26e-01	0.00e+00	0.00e+00	0.00e+00	0.00e+00	0.00e+00	2.46e-127
 3.09766e+12	0.00e+00	4.38e-31	1.96e-22	3.34e-14	2.30e-05	7.95e-02	9.21e-01	0.00e+00	0.00e+00	0.00e+00	0.00e+00	0.00e+00	0.00e+00
 3.23540e+12	1.59e-40	6.67e-31	2.75e-22	4.30e-14	2.72e-05	8.58e-02	9.14e-01	0.00e+00	0.00e+00	0.00e+00	0.00e+00	0.00e+00	2.71e-126
 3.35171e+12	0.00e+00	9.42e-31	3.64e-22	5.28e-14	3.13e-05	9.13e-02	9.09e-01	0.00e+00	0.00e+00	0.00e+00	0.00e+00	0.00e+00	0.00e+00
 3.47406e+12	3.67e-40	1.34e-30	4.83e-22	6.53e-14	3.60e-05	9.72e-02	9.03e-01	0.00e+00	0.00e+00	0.00e+00	0.00e+00	0.00e+00	1.98e-125
 3.62904e+12	0.00e+00	2.06e-30	6.83e-22	8.46e-14	4.28e-05	1.05e-01	8.95e-01	0.00e+00	0.00e+00	0.00e+00	0.00e+00	0.00e+00	0.00e+00
 3.78753e+12	1.03e-39	3.15e-30	9.61e-22	1.09e-13	5.07e-05	1.13e-01	8.87e-01	0.00e+00	0.00e+00	0.00e+00	0.00e+00	0.00e+00	2.28e-124
 3.92330e+12	0.00e+00	4.48e-30	1.28e-21	1.35e-13	5.83e-05	1.20e-01	8.79e-01	0.00e+00	0.00e+00	0.00e+00	0.00e+00	0.00e+00	0.00e+00
 4.06844e+12	2.43e-39	6.45e-30	1.71e-21	1.67e-13	6.74e-05	1.28e-01	8.71e-01	0.00e+00	0.00e+00	0.00e+00	0.00e+00	0.00e+00	1.77e-123
 4.24844e+12	0.00e+00	9.97e-30	2.43e-21	2.17e-13	8.01e-05	1.39e-01	8.61e-01	0.00e+00	0.00e+00	0.00e+00	0.00e+00	0.00e+00	0.00e+00
 4.43236e+12	6.86e-39	1.53e-29	3.42e-21	2.80e-13	9.49e-05	1.49e-01	8.51e-01	0.00e+00	0.00e+00	0.00e+00	0.00e+00	0.00e+00	2.10e-122
 4.59638e+12	0.00e+00	2.21e-29	4.60e-21	3.49e-13	1.10e-04	1.59e-01	8.41e-01	0.00e+00	0.00e+00	0.00e+00	0.00e+00	0.00e+00	0.00e+00
 4.77594e+12	1.70e-38	3.26e-29	6.29e-21	4.41e-13	1.28e-04	1.70e-01	8.30e-01	0.00e+00	0.00e+00	0.00e+00	0.00e+00	0.00e+00	1.84e-121
 4.96976e+12	0.00e+00	4.88e-29	8.70e-21	5.60e-13	1.50e-04	1.82e-01	8.18e-01	0.00e+00	0.00e+00	0.00e+00	0.00e+00	0.00e+00	0.00e+00
 5.14296e+12	4.22e-38	6.92e-29	1.15e-20	6.90e-13	1.71e-04	1.92e-01	8.07e-01	0.00e+00	0.00e+00	0.00e+00	0.00e+00	0.00e+00	1.60e-120
 5.32897e+12	0.00e+00	9.94e-29	1.54e-20	8.55e-13	1.97e-04	2.04e-01	7.96e-01	0.00e+00	0.00e+00	0.00e+00	0.00e+00	0.00e+00	0.00e+00
 5.53867e+12	1.05e-37	1.47e-28	2.11e-20	1.08e-12	2.30e-04	2.18e-01	7.82e-01	0.00e+00	0.00e+00	0.00e+00	0.00e+00	0.00e+00	1.41e-119
 5.73869e+12	0.00e+00	2.11e-28	2.82e-20	1.34e-12	2.64e-04	2.31e-01	7.69e-01	0.00e+00	0.00e+00	0.00e+00	0.00e+00	0.00e+00	0.00e+00
 5.92551e+12	2.40e-37	2.93e-28	3.67e-20	1.62e-12	2.99e-04	2.43e-01	7.57e-01	0.00e+00	0.00e+00	0.00e+00	0.00e+00	0.00e+00	1.03e-118
 6.10212e+12	0.00e+00	3.95e-28	4.66e-20	1.94e-12	3.35e-04	2.55e-01	7.45e-01	0.00e+00	0.00e+00	0.00e+00	0.00e+00	0.00e+00	0.00e+00
 6.29821e+12	5.08e-37	5.45e-28	6.04e-20	2.35e-12	3.79e-04	2.68e-01	7.32e-01	0.00e+00	0.00e+00	0.00e+00	0.00e+00	0.00e+00	6.26e-118
 6.51715e+12	0.00e+00	7.72e-28	7.98e-20	2.88e-12	4.33e-04	2.82e-01	7.17e-01	0.00e+00	0.00e+00	0.00e+00	0.00e+00	0.00e+00	0.00e+00
 6.72345e+12	1.13e-36	1.06e-27	1.03e-19	3.47e-12	4.87e-04	2.96e-01	7.03e-01	0.00e+00	0.00e+00	0.00e+00	0.00e+00	0.00e+00	4.34e-117
 6.94932e+12	0.00e+00	1.48e-27	1.35e-19	4.23e-12	5.53e-04	3.11e-01	6.88e-01	0.00e+00	0.00e+00	0.00e+00	0.00e+00	0.00e+00	0.00e+00
 7.20178e+12	2.63e-36	2.13e-27	1.80e-19	5.24e-12	6.33e-04	3.28e-01	6.71e-01	0.00e+00	0.00e+00	0.00e+00	0.00e+00	0.00e+00	3.33e-116
 7.44044e+12	0.00e+00	2.97e-27	2.35e-19	6.36e-12	7.16e-04	3.44e-01	6.55e-01	0.00e+00	0.00e+00	0.00e+00	0.00e+00	0.00e+00	4.20e-100
 7.70233e+12	5.97e-36	4.21e-27	3.11e-19	7.81e-12	8.14e-04	3.61e-01	6.38e-01	0.00e+00	0.00e+00	0.00e+00	0.00e+00	0.00e+00	0.00e+00
 7.99603e+12	0.00e+00	6.15e-27	4.21e-19	9.75e-12	9.35e-04	3.80e-01	6.19e-01	0.00e+00	0.00e+00	0.00e+00	0.00e+00	0.00e+00	6.16e-132
 8.27558e+12	1.44e-35	8.70e-27	5.56e-19	1.19e-11	1.06e-03	3.98e-01	6.01e-01	0.00e+00	0.00e+00	0.00e+00	0.00e+00	0.00e+00	1.55e-97
 8.58347e+12	0.00e+00	1.26e-26	7.46e-19	1.48e-11	1.21e-03	4.18e-01	5.81e-01	0.00e+00	0.00e+00	0.00e+00	0.00e+00	0.00e+00	0.00e+00
 8.92937e+12	3.62e-35	1.87e-26	1.03e-18	1.86e-11	1.40e-03	4.39e-01	5.60e-01	0.00e+00	0.00e+00	0.00e+00	0.00e+00	0.00e+00	1.98e-113
 9.25995e+12	0.00e+00	2.69e-26	1.37e-18	2.30e-11	1.59e-03	4.59e-01	5.39e-01	0.00e+00	0.00e+00	0.00e+00	0.00e+00	0.00e+00	1.08e-97
 9.62200e+12	8.94e-35	3.95e-26	1.87e-18	2.88e-11	1.82e-03	4.80e-01	5.18e-01	0.00e+00	0.00e+00	0.00e+00	0.00e+00	0.00e+00	1.83e-112
 1.00368e+13	1.49e-34	6.03e-26	2.62e-18	3.67e-11	2.11e-03	5.04e-01	4.94e-01	0.00e+00	0.00e+00	0.00e+00	0.00e+00	0.00e+00	2.05e-95
 1.04409e+13	2.40e-34	8.94e-26	3.58e-18	4.61e-11	2.42e-03	5.26e-01	4.71e-01	0.00e+00	0.00e+00	0.00e+00	0.00e+00	0.00e+00	2.08e-111
 1.08036e+13	3.61e-34	1.26e-25	4.70e-18	5.61e-11	2.73e-03	5.46e-01	4.52e-01	0.00e+00	0.00e+00	0.00e+00	0.00e+00	0.00e+00	1.31e-94
 1.11946e+13	5.53e-34	1.78e-25	6.23e-18	6.87e-11	3.07e-03	5.65e-01	4.31e-01	0.00e+00	0.00e+00	0.00e+00	0.00e+00	0.00e+00	1.64e-110
 1.16588e+13	8.99e-34	2.67e-25	8.60e-18	8.66e-11	3.52e-03	5.88e-01	4.08e-01	0.00e+00	0.00e+00	0.00e+00	0.00e+00	0.00e+00	8.76e-94
 1.21143e+13	1.42e-33	3.90e-25	1.16e-17	1.08e-10	4.00e-03	6.09e-01	3.87e-01	0.00e+00	0.00e+00	0.00e+00	0.00e+00	0.00e+00	1.70e-109
 1.25254e+13	2.11e-33	5.41e-25	1.51e-17	1.30e-10	4.47e-03	6.27e-01	3.68e-01	0.00e+00	0.00e+00	0.00e+00	0.00e+00	0.00e+00	5.19e-93
 1.28865e+13	2.96e-33	7.15e-25	1.90e-17	1.53e-10	4.90e-03	6.42e-01	3.53e-01	0.00e+00	0.00e+00	0.00e+00	0.00e+00	0.00e+00	1.06e-108
 1.32071e+13	3.95e-33	9.09e-25	2.30e-17	1.75e-10	5.31e-03	6.55e-01	3.40e-01	0.00e+00	0.00e+00	0.00e+00	0.00e+00	0.00e+00	1.91e-92
 1.35715e+13	5.44e-33	1.18e-24	2.84e-17	2.04e-10	5.79e-03	6.69e-01	3.25e-01	0.00e+00	0.00e+00	0.00e+00	0.00e+00	0.00e+00	4.84e-108
 1.40453e+13	8.13e-33	1.65e-24	3.71e-17	2.47e-10	6.46e-03	6.86e-01	3.07e-01	0.00e+00	0.00e+00	0.00e+00	0.00e+00	0.00e+00	8.57e-92
 1.45316e+13	1.21e-32	2.30e-24	4.85e-17	2.99e-10	7.19e-03	7.03e-01	2.90e-01	0.00e+00	0.00e+00	0.00e+00	0.00e+00	0.00e+00	3.59e-107
 1.49303e+13	1.66e-32	2.99e-24	5.99e-17	3.47e-10	7.83e-03	7.15e-01	2.77e-01	0.00e+00	0.00e+00	0.00e+00	0.00e+00	0.00e+00	3.75e-91
 1.53447e+13	2.27e-32	3.88e-24	7.39e-17	4.03e-10	8.51e-03	7.28e-01	2.64e-01	0.00e+00	0.00e+00	0.00e+00	0.00e+00	0.00e+00	1.75e-106
 1.58835e+13	3.38e-32	5.39e-24	9.63e-17	4.87e-10	9.46e-03	7.43e-01	2.48e-01	0.00e+00	0.00e+00	0.00e+00	0.00e+00	0.00e+00	1.64e-90
 1.64473e+13	5.04e-32	7.52e-24	1.26e-16	5.91e-10	1.05e-02	7.58e-01	2.32e-01	0.00e+00	0.00e+00	0.00e+00	0.00e+00	0.00e+00	1.30e-105
 1.69260e+13	6.97e-32	9.85e-24	1.57e-16	6.90e-10	1.15e-02	7.69e-01	2.20e-01	0.00e+00	0.00e+00	0.00e+00	0.00e+00	0.00e+00	7.33e-90
 1.74305e+13	9.69e-32	1.30e-23	1.96e-16	8.07e-10	1.25e-02	7.80e-01	2.08e-01	0.00e+00	0.00e+00	0.00e+00	0.00e+00	0.00e+00	6.83e-105
 1.80850e+13	1.46e-31	1.82e-23	2.58e-16	9.83e-10	1.39e-02	7.93e-01	1.93e-01	0.00e+00	0.00e+00	0.00e+00	0.00e+00	0.00e+00	3.41e-89
 1.87684e+13	2.21e-31	2.57e-23	3.42e-16	1.20e-09	1.55e-02	8.05e-01	1.79e-01	0.00e+00	0.00e+00	0.00e+00	0.00e+00	0.00e+00	5.55e-104
 1.93513e+13	3.08e-31	3.40e-23	4.29e-16	1.41e-09	1.69e-02	8.15e-01	1.68e-01	0.00e+00	0.00e+00	0.00e+00	0.00e+00	0.00e+00	1.60e-88
 1.99695e+13	4.33e-31	4.51e-23	5.39e-16	1.66e-09	1.84e-02	8.24e-01	1.58e-01	0.00e+00	0.00e+00	0.00e+00	0.00e+00	0.00e+00	3.15e-103
 2.07403e+13	6.51e-31	6.33e-23	7.09e-16	2.01e-09	2.04e-02	8.33e-01	1.46e-01	0.00e+00	0.00e+00	0.00e+00	0.00e+00	0.00e+00	7.64e-88
 2.15266e+13	9.68e-31	8.82e-23	9.29e-16	2.44e-09	2.26e-02	8.42e-01	1.35e-01	0.00e+00	0.00e+00	0.00e+00	0.00e+00	0.00e+00	2.53e-102
 2.21749e+13	1.32e-30	1.14e-22	1.15e-15	2.83e-09	2.44e-02	8.49e-01	1.27e-01	0.00e+00	0.00e+00	0.00e+00	0.00e+00	0.00e+00	3.39e-87
 2.28268e+13	1.79e-30	1.47e-22	1.40e-15	3.26e-09	2.63e-02	8.54e-01	1.20e-01	0.00e+00	0.00e+00	0.00e+00	0.00e+00	0.00e+00	1.26e-101
 2.36741e+13	2.61e-30	2.01e-22	1.81e-15	3.89e-09	2.88e-02	8.61e-01	1.11e-01	0.00e+00	0.00e+00	0.00e+00	0.00e+00	0.00e+00	1.45e-86
 2.45592e+13	3.81e-30	2.76e-22	2.33e-15	4.65e-09	3.16e-02	8.66e-01	1.02e-01	0.00e+00	0.00e+00	0.00e+00	0.00e+00	0.00e+00	9.31e-101
 2.53126e+13	5.19e-30	3.56e-22	2.86e-15	5.37e-09	3.41e-02	8.70e-01	9.59e-02	0.00e+00	0.00e+00	0.00e+00	0.00e+00	0.00e+00	6.37e-86
 2.61110e+13	7.10e-30	4.61e-22	3.51e-15	6.20e-09	3.67e-02	8.74e-01	8.98e-02	0.00e+00	0.00e+00	0.00e+00	0.00e+00	0.00e+00	4.92e-100
 2.69831e+13	9.90e-30	6.07e-22	4.38e-15	7.24e-09	3.97e-02	8.77e-01	8.37e-02	0.00e+00	0.00e+00	0.00e+00	0.00e+00	0.00e+00	2.61e-85
 2.77734e+13	1.32e-29	7.72e-22	5.31e-15	8.28e-09	4.25e-02	8.79e-01	7.86e-02	0.00e+00	0.00e+00	0.00e+00	0.00e+00	0.00e+00	2.61e-99
 2.86231e+13	1.79e-29	9.87e-22	6.44e-15	9.46e-09	4.55e-02	8.81e-01	7.38e-02	0.00e+00	0.00e+00	0.00e+00	0.00e+00	0.00e+00	9.68e-85
 2.97004e+13	2.58e-29	1.34e-21	8.19e-15	1.12e-08	4.95e-02	8.82e-01	6.81e-02	0.00e+00	0.00e+00	0.00e+00	0.00e+00	0.00e+00	1.60e-98
 3.07978e+13	3.70e-29	1.80e-21	1.04e-14	1.31e-08	5.37e-02	8.83e-01	6.29e-02	0.00e+00	0.00e+00	0.00e+00	0.00e+00	0.00e+00	4.89e-84
 3.17365e+13	4.97e-29	2.29e-21	1.25e-14	1.50e-08	5.74e-02	8.84e-01	5.90e-02	0.00e+00	0.00e+00	0.00e+00	0.00e+00	0.00e+00	9.57e-98
 3.27447e+13	6.76e-29	2.95e-21	1.53e-14	1.72e-08	6.14e-02	8.83e-01	5.51e-02	0.00e+00	0.00e+00	0.00e+00	0.00e+00	0.00e+00	1.92e-83
 3.39958e+13	9.76e-29	3.98e-21	1.93e-14	2.02e-08	6.65e-02	8.83e-01	5.08e-02	0.00e+00	0.00e+00	0.00e+00	0.00e+00	0.00e+00	6.12e-97
 3.52944e+13	1.41e-28	5.38e-21	2.45e-14	2.37e-08	7.21e-02	8.81e-01	4.68e-02	0.00e+00	0.00e+00	0.00e+00	0.00e+00	0.00e+00	1.02e-82
 3.64742e+13	1.94e-28	6.99e-21	3.00e-14	2.73e-08	7.72e-02	8.79e-01	4.35e-02	0.00e+00	0.00e+00	0.00e+00	0.00e+00	0.00e+00	4.07e-96
 3.77679e+13	2.72e-28	9.20e-21	3.71e-14	3.15e-08	8.28e-02	8.77e-01	4.03e-02	0.00e+00	0.00e+00	0.00e+00	0.00e+00	0.00e+00	4.65e-82
 3.92840e+13	3.99e-28	1.26e-20	4.72e-14	3.70e-08	8.97e-02	8.73e-01	3.70e-02	0.00e+00	0.00e+00	0.00e+00	0.00e+00	0.00e+00	3.02e-95
 4.07086e+13	5.63e-28	1.66e-20	5.88e-14	4.30e-08	9.64e-02	8.69e-01	3.41e-02	0.00e+00	0.00e+00	0.00e+00	0.00e+00	0.00e+00	2.48e-81
 4.19359e+13	7.50e-28	2.10e-20	7.04e-14	4.86e-08	1.02e-01	8.66e-01	3.19e-02	0.00e+00	0.00e+00	0.00e+00	0.00e+00	0.00e+00	1.75e-94
 4.32872e+13	1.02e-27	2.69e-20	8.51e-14	5.52e-08	1.09e-01	8.62e-01	2.97e-02	0.00e+00	0.00e+00	0.00e+00	0.00e+00	0.00e+00	9.89e-81
 4.49470e+13	1.46e-27	3.61e-20	1.07e-13	6.42e-08	1.17e-01	8.56e-01	2.72e-02	0.00e+00	0.00e+00	0.00e+00	0.00e+00	0.00e+00	1.14e-93
 4.66468e+13	2.08e-27	4.81e-20	1.34e-13	7.49e-08	1.26e-01	8.49e-01	2.50e-02	0.00e+00	0.00e+00	0.00e+00	0.00e+00	0.00e+00	5.24e-80
 4.80882e+13	2.79e-27	6.09e-20	1.60e-13	8.44e-08	1.33e-01	8.44e-01	2.33e-02	0.00e+00	0.00e+00	0.00e+00	0.00e+00	0.00e+00	6.99e-93
 4.92943e+13	3.53e-27	7.38e-20	1.85e-13	9.31e-08	1.39e-01	8.39e-01	2.20e-02	0.00e+00	0.00e+00	0.00e+00	0.00e+00	0.00e+00	1.82e-79
 5.06015e+13	4.53e-27	9.02e-20	2.16e-13	1.03e-07	1.46e-01	8.33e-01	2.07e-02	0.00e+00	0.00e+00	0.00e+00	0.00e+00	0.00e+00	2.75e-92
 5.23009e+13	6.20e-27	1.16e-19	2.63e-13	1.18e-07	1.55e-01	8.26e-01	1.91e-02	0.00e+00	0.00e+00	0.00e+00	0.00e+00	0.00e+00	6.84e-79
 5.40644e+13	8.49e-27	1.50e-19	3.20e-13	1.34e-07	1.65e-01	8.17e-01	1.76e-02	0.00e+00	0.00e+00	0.00e+00	0.00e+00	0.00e+00	1.63e-91
 5.55464e+13	1.10e-26	1.84e-19	3.74e-13	1.49e-07	1.73e-01	8.10e-01	1.65e-02	0.00e+00	0.00e+00	0.00e+00	0.00e+00	0.00e+00	2.63e-78
 5.71080e+13	1.42e-26	2.28e-19	4.40e-13	1.65e-07	1.82e-01	8.03e-01	1.54e-02	0.00e+00	0.00e+00	0.00e+00	0.00e+00	0.00e+00	7.12e-91
 5.91381e+13	1.98e-26	2.97e-19	5.39e-13	1.90e-07	1.93e-01	7.93e-01	1.42e-02	0.00e+00	0.00e+00	0.00e+00	0.00e+00	0.00e+00	1.06e-77
 6.12423e+13	2.74e-26	3.88e-19	6.62e-13	2.17e-07	2.05e-01	7.82e-01	1.30e-02	0.00e+00	0.00e+00	0.00e+00	0.00e+00	0.00e+00	4.59e-90
 6.30064e+13	3.58e-26	4.80e-19	7.79e-13	2.42e-07	2.15e-01	7.72e-01	1.21e-02	0.00e+00	0.00e+00	0.00e+00	0.00e+00	0.00e+00	4.33e-77
 6.48633e+13	4.69e-26	5.97e-19	9.20e-13	2.70e-07	2.26e-01	7.63e-01	1.12e-02	0.00e+00	0.00e+00	0.00e+00	0.00e+00	0.00e+00	2.14e-89
 6.72462e+13	6.55e-26	7.82e-19	1.13e-12	3.09e-07	2.40e-01	7.50e-01	1.02e-02	0.00e+00	0.00e+00	0.00e+00	0.00e+00	0.00e+00	1.83e-76
 6.97376e+13	9.15e-26	1.03e-18	1.39e-12	3.55e-07	2.55e-01	7.36e-01	9.27e-03	0.00e+00	0.00e+00	0.00e+00	0.00e+00	0.00e+00	4.06e-76
 7.18919e+13	1.21e-25	1.29e-18	1.65e-12	3.97e-07	2.67e-01	7.24e-01	8.56e-03	0.00e+00	0.00e+00	0.00e+00	0.00e+00	0.00e+00	7.96e-76
 7.41830e+13	1.62e-25	1.62e-18	1.97e-12	4.45e-07	2.81e-01	7.12e-01	7.87e-03	0.00e+00	0.00e+00	0.00e+00	0.00e+00	0.00e+00	1.59e-75
 7.70025e+13	2.27e-25	2.13e-18	2.43e-12	5.10e-07	2.97e-01	6.96e-01	7.11e-03	0.00e+00	0.00e+00	0.00e+00	0.00e+00	0.00e+00	3.58e-75
 7.98275e+13	3.15e-25	2.78e-18	2.97e-12	5.81e-07	3.13e-01	6.80e-01	6.44e-03	0.00e+00	0.00e+00	0.00e+00	0.00e+00	0.00e+00	7.95e-75
 8.23025e+13	4.15e-25	3.47e-18	3.52e-12	6.48e-07	3.28e-01	6.66e-01	5.92e-03	0.00e+00	0.00e+00	0.00e+00	0.00e+00	0.00e+00	1.54e-74
 8.50040e+13	5.54e-25	4.38e-18	4.21e-12	7.27e-07	3.43e-01	6.51e-01	5.40e-03	0.00e+00	0.00e+00	0.00e+00	0.00e+00	0.00e+00	3.11e-74
 8.82766e+13	7.77e-25	5.75e-18	5.18e-12	8.31e-07	3.62e-01	6.33e-01	4.84e-03	0.00e+00	0.00e+00	0.00e+00	0.00e+00	0.00e+00	7.03e-74
 9.15473e+13	1.08e-24	7.47e-18	6.30e-12	9.41e-07	3.80e-01	6.16e-01	4.37e-03	0.00e+00	0.00e+00	0.00e+00	0.00e+00	0.00e+00	1.57e-73
 9.44909e+13	1.42e-24	9.36e-18	7.47e-12	1.05e-06	3.96e-01	6.00e-01	3.98e-03	0.00e+00	0.00e+00	0.00e+00	0.00e+00	0.00e+00	3.10e-73
 9.77531e+13	1.92e-24	1.19e-17	8.96e-12	1.18e-06	4.13e-01	5.83e-01	3.59e-03	0.00e+00	0.00e+00	0.00e+00	0.00e+00	0.00e+00	6.45e-73
 1.01604e+14	2.69e-24	1.56e-17	1.10e-11	1.34e-06	4.33e-01	5.63e-01	3.20e-03	0.00e+00	0.00e+00	0.00e+00	0.00e+00	0.00e+00	1.47e-72
 1.05406e+14	3.72e-24	2.02e-17	1.33e-11	1.51e-06	4.53e-01	5.45e-01	2.86e-03	0.00e+00	0.00e+00	0.00e+00	0.00e+00	0.00e+00	3.27e-72
 1.08940e+14	4.95e-24	2.53e-17	1.58e-11	1.69e-06	4.70e-01	5.27e-01	2.59e-03	0.00e+00	0.00e+00	0.00e+00	0.00e+00	0.00e+00	6.65e-72
 1.12908e+14	6.76e-24	3.25e-17	1.90e-11	1.89e-06	4.89e-01	5.09e-01	2.32e-03	0.00e+00	0.00e+00	0.00e+00	0.00e+00	0.00e+00	1.45e-71
 1.17036e+14	9.20e-24	4.15e-17	2.29e-11	2.12e-06	5.08e-01	4.90e-01	2.07e-03	0.00e+00	0.00e+00	0.00e+00	0.00e+00	0.00e+00	3.15e-71
 1.20588e+14	1.19e-23	5.08e-17	2.66e-11	2.33e-06	5.24e-01	4.75e-01	1.88e-03	0.00e+00	0.00e+00	0.00e+00	1.63e-17	3.45e-17	5.92e-71
 1.23695e+14	1.48e-23	6.04e-17	3.02e-11	2.51e-06	5.37e-01	4.61e-01	1.73e-03	0.00e+00	0.00e+00	0.00e+00	2.00e-17	4.04e-17	1.03e-70
 1.27040e+14	1.85e-23	7.23e-17	3.45e-11	2.73e-06	5.51e-01	4.48e-01	1.59e-03	0.00e+00	0.00e+00	0.00e+00	2.40e-17	4.83e-17	1.83e-70
 1.31389e+14	2.48e-23	9.09e-17	4.08e-11	3.01e-06	5.68e-01	4.31e-01	1.43e-03	0.00e+00	0.00e+00	0.00e+00	3.02e-17	6.08e-17	3.83e-70
 1.35859e+14	3.27e-23	1.13e-16	4.81e-11	3.33e-06	5.85e-01	4.14e-01	1.28e-03	0.00e+00	0.00e+00	0.00e+00	3.76e-17	7.57e-17	7.72e-70
 1.39527e+14	4.10e-23	1.35e-16	5.48e-11	3.60e-06	5.98e-01	4.01e-01	1.17e-03	0.00e+00	0.00e+00	0.00e+00	4.49e-17	9.05e-17	1.38e-69
 1.43335e+14	5.15e-23	1.62e-16	6.23e-11	3.88e-06	6.12e-01	3.87e-01	1.07e-03	0.00e+00	0.00e+00	0.00e+00	5.37e-17	1.08e-16	2.48e-69
 1.48286e+14	6.87e-23	2.03e-16	7.33e-11	4.27e-06	6.28e-01	3.71e-01	9.60e-04	0.00e+00	0.00e+00	0.00e+00	6.74e-17	1.36e-16	5.26e-69
 1.53529e+14	9.15e-23	2.54e-16	8.67e-11	4.72e-06	6.45e-01	3.54e-01	8.52e-04	0.00e+00	0.00e+00	0.00e+00	8.43e-17	1.70e-16	1.09e-68
 1.58067e+14	1.17e-22	3.08e-16	9.94e-11	5.11e-06	6.58e-01	3.41e-01	7.74e-04	0.00e+00	0.00e+00	0.00e+00	1.02e-16	2.06e-16	2.07e-68
 1.62884e+14	1.50e-22	3.74e-16	1.14e-10	5.54e-06	6.72e-01	3.28e-01	6.99e-04	0.00e+00	0.00e+00	0.00e+00	1.24e-16	2.50e-16	3.99e-68
 1.68933e+14	2.04e-22	4.76e-16	1.35e-10	6.10e-06	6.88e-01	3.12e-01	6.18e-04	0.00e+00	0.00e+00	0.00e+00	1.58e-16	3.18e-16	8.96e-68
 1.75219e+14	2.75e-22	6.00e-16	1.60e-10	6.73e-06	7.04e-01	2.96e-01	5.45e-04	0.00e+00	0.00e+00	0.00e+00	1.99e-16	4.01e-16	1.93e-67
 1.80777e+14	3.56e-22	7.33e-16	1.85e-10	7.29e-06	7.16e-01	2.83e-01	4.90e-04	0.00e+00	0.00e+00	0.00e+00	2.43e-16	4.90e-16	3.84e-67
 1.86752e+14	4.69e-22	9.06e-16	2.14e-10	7.91e-06	7.29e-01	2.70e-01	4.38e-04	0.00e+00	0.00e+00	0.00e+00	3.00e-16	6.06e-16	7.98e-67
 1.93947e+14	6.36e-22	1.15e-15	2.54e-10	8.71e-06	7.44e-01	2.55e-01	3.84e-04	0.00e+00	0.00e+00	0.00e+00	3.80e-16	7.67e-16	1.78e-66
 2.01120e+14	8.59e-22	1.45e-15	2.99e-10	9.53e-06	7.58e-01	2.42e-01	3.38e-04	0.00e+00	0.00e+00	0.00e+00	4.79e-16	9.67e-16	3.97e-66
 2.07665e+14	1.12e-21	1.78e-15	3.44e-10	1.03e-05	7.69e-01	2.31e-01	3.03e-04	0.00e+00	0.00e+00	0.00e+00	5.89e-16	1.19e-15	8.11e-66
 2.15003e+14	1.49e-21	2.21e-15	4.01e-10	1.12e-05	7.81e-01	2.19e-01	2.68e-04	0.00e+00	0.00e+00	0.00e+00	7.32e-16	1.48e-15	1.73e-65
 2.23548e+14	2.04e-21	2.82e-15	4.76e-10	1.23e-05	7.94e-01	2.06e-01	2.33e-04	0.00e+00	0.00e+00	0.00e+00	9.35e-16	1.89e-15	4.07e-65
 2.31967e+14	2.76e-21	3.56e-15	5.60e-10	1.34e-05	8.06e-01	1.94e-01	2.04e-04	0.00e+00	0.00e+00	0.00e+00	1.18e-15	2.38e-15	9.11e-65
 2.39939e+14	3.62e-21	4.39e-15	6.48e-10	1.45e-05	8.16e-01	1.84e-01	1.81e-04	0.00e+00	0.00e+00	0.00e+00	1.45e-15	2.93e-15	1.90e-64
 2.48782e+14	4.83e-21	5.48e-15	7.59e-10	1.58e-05	8.27e-01	1.73e-01	1.59e-04	0.00e+00	0.00e+00	0.00e+00	1.81e-15	3.66e-15	4.12e-64
 2.58763e+14	6.66e-21	6.99e-15	8.99e-10	1.73e-05	8.37e-01	1.63e-01	1.38e-04	0.00e+00	0.00e+00	0.00e+00	2.31e-15	4.68e-15	9.81e-64
 2.67236e+14	8.64e-21	8.55e-15	1.03e-09	1.86e-05	8.46e-01	1.54e-01	1.23e-04	0.00e+00	0.00e+00	0.00e+00	2.83e-15	5.72e-15	2.00e-63
 2.73474e+14	1.03e-20	9.81e-15	1.14e-09	1.96e-05	8.52e-01	1.48e-01	1.13e-04	0.00e+00	0.00e+00	0.00e+00	3.25e-15	6.56e-15	3.23e-63
 2.80038e+14	1.25e-20	1.13e-14	1.26e-09	2.07e-05	8.57e-01	1.42e-01	1.04e-04	0.00e+00	0.00e+00	0.00e+00	3.75e-15	7.59e-15	5.42e-63
 2.88571e+14	1.59e-20	1.36e-14	1.43e-09	2.21e-05	8.65e-01	1.35e-01	9.28e-05	0.00e+00	0.00e+00	0.00e+00	4.51e-15	9.13e-15	1.05e-62
 2.97982e+14	2.05e-20	1.66e-14	1.64e-09	2.38e-05	8.72e-01	1.28e-01	8.24e-05	0.00e+00	0.00e+00	0.00e+00	5.48e-15	1.11e-14	2.09e-62
 3.06672e+14	2.58e-20	1.98e-14	1.85e-09	2.53e-05	8.78e-01	1.22e-01	7.42e-05	0.00e+00	0.00e+00	0.00e+00	6.54e-15	1.33e-14	3.95e-62
 3.16107e+14	3.25e-20	2.37e-14	2.10e-09	2.71e-05	8.84e-01	1.16e-01	6.62e-05	0.00e+00	0.00e+00	0.00e+00	7.82e-15	1.58e-14	7.41e-62
 3.26701e+14	4.24e-20	2.90e-14	2.41e-09	2.91e-05	8.91e-01	1.09e-01	5.87e-05	0.00e+00	0.00e+00	0.00e+00	9.58e-15	1.94e-14	1.55e-61
 3.36833e+14	5.34e-20	3.47e-14	2.75e-09	3.11e-05	8.97e-01	1.03e-01	5.22e-05	0.00e+00	0.00e+00	0.00e+00	1.14e-14	2.32e-14	2.90e-61
 3.48035e+14	6.89e-20	4.22e-14	3.15e-09	3.34e-05	9.02e-01	9.76e-02	4.62e-05	0.00e+00	0.00e+00	0.00e+00	1.39e-14	2.82e-14	5.86e-61
 3.60529e+14	9.08e-20	5.22e-14	3.64e-09	3.60e-05	9.08e-01	9.16e-02	4.05e-05	0.00e+00	0.00e+00	0.00e+00	1.72e-14	3.50e-14	1.26e-60
 3.72198e+14	1.16e-19	6.30e-14	4.16e-09	3.86e-05	9.13e-01	8.65e-02	3.58e-05	0.00e+00	0.00e+00	0.00e+00	2.08e-14	4.22e-14	2.47e-60
 3.84863e+14	1.48e-19	7.63e-14	4.78e-09	4.15e-05	9.19e-01	8.13e-02	3.15e-05	0.00e+00	0.00e+00	0.00e+00	2.52e-14	5.11e-14	4.85e-60
 3.98919e+14	1.96e-19	9.45e-14	5.54e-09	4.48e-05	9.24e-01	7.61e-02	2.75e-05	0.00e+00	0.00e+00	0.00e+00	3.11e-14	6.33e-14	1.05e-59
 4.11938e+14	2.50e-19	1.14e-13	6.33e-09	4.80e-05	9.28e-01	7.17e-02	2.43e-05	0.00e+00	0.00e+00	0.00e+00	3.77e-14	7.67e-14	2.08e-59
 4.26019e+14	3.20e-19	1.38e-13	7.28e-09	5.16e-05	9.33e-01	6.73e-02	2.13e-05	0.00e+00	0.00e+00	0.00e+00	4.56e-14	9.27e-14	4.08e-59
 4.41725e+14	4.23e-19	1.72e-13	8.44e-09	5.57e-05	9.37e-01	6.29e-02	1.85e-05	0.00e+00	0.00e+00	0.00e+00	5.66e-14	1.15e-13	8.93e-59
 4.56401e+14	5.34e-19	2.06e-13	9.67e-09	5.98e-05	9.41e-01	5.91e-02	1.63e-05	0.00e+00	0.00e+00	0.00e+00	6.78e-14	1.38e-13	1.69e-58
 4.72339e+14	6.96e-19	2.53e-13	1.11e-08	6.43e-05	9.45e-01	5.54e-02	1.42e-05	0.00e+00	0.00e+00	0.00e+00	8.33e-14	1.70e-13	3.55e-58
 4.90080e+14	9.04e-19	3.10e-13	1.30e-08	6.96e-05	9.48e-01	5.15e-02	1.23e-05	0.00e+00	0.00e+00	0.00e+00	1.02e-13	2.08e-13	7.28e-58
 5.06623e+14	1.16e-18	3.78e-13	1.48e-08	7.46e-05	9.52e-01	4.84e-02	1.08e-05	0.00e+00	0.00e+00	0.00e+00	1.24e-13	2.54e-13	1.48e-57
 5.24587e+14	1.49e-18	4.58e-13	1.71e-08	8.05e-05	9.55e-01	4.51e-02	9.36e-06	0.00e+00	0.00e+00	0.00e+00	1.50e-13	3.07e-13	2.91e-57
 5.44547e+14	1.95e-18	5.66e-13	2.00e-08	8.71e-05	9.58e-01	4.20e-02	8.07e-06	0.00e+00	0.00e+00	0.00e+00	1.86e-13	3.80e-13	6.24e-57
 5.63239e+14	2.50e-18	6.86e-13	2.30e-08	9.35e-05	9.61e-01	3.93e-02	7.05e-06	0.00e+00	0.00e+00	0.00e+00	2.25e-13	4.61e-13	1.24e-56
 5.83582e+14	3.24e-18	8.44e-13	2.65e-08	1.01e-04	9.63e-01	3.66e-02	6.12e-06	0.00e+00	0.00e+00	0.00e+00	2.77e-13	5.67e-13	2.60e-56
 6.06292e+14	4.26e-18	1.04e-12	3.11e-08	1.09e-04	9.66e-01	3.39e-02	5.23e-06	0.00e+00	0.00e+00	0.00e+00	3.42e-13	7.01e-13	5.52e-56
 6.27736e+14	5.46e-18	1.27e-12	3.58e-08	1.18e-04	9.68e-01	3.17e-02	4.55e-06	0.00e+00	0.00e+00	0.00e+00	4.17e-13	8.54e-13	1.12e-55
 6.46964e+14	6.77e-18	1.50e-12	4.05e-08	1.26e-04	9.70e-01	2.98e-02	4.02e-06	0.00e+00	0.00e+00	0.00e+00	4.92e-13	1.01e-12	2.03e-55
 6.67745e+14	8.47e-18	1.79e-12	4.61e-08	1.34e-04	9.72e-01	2.80e-02	3.54e-06	0.00e+00	0.00e+00	0.00e+00	5.88e-13	1.21e-12	3.85e-55
 6.93096e+14	1.10e-17	2.20e-12	5.37e-08	1.45e-04	9.74e-01	2.59e-02	3.03e-06	0.00e+00	0.00e+00	0.00e+00	7.21e-13	1.48e-12	7.95e-55
 7.16013e+14	1.38e-17	2.65e-12	6.13e-08	1.56e-04	9.76e-01	2.43e-02	2.65e-06	0.00e+00	0.00e+00	0.00e+00	8.66e-13	1.78e-12	1.54e-54
 7.32916e+14	1.63e-17	3.01e-12	6.74e-08	1.64e-04	9.77e-01	2.31e-02	2.41e-06	0.00e+00	0.00e+00	0.00e+00	9.86e-13	2.03e-12	2.45e-54
 7.50375e+14	1.93e-17	3.43e-12	7.42e-08	1.72e-04	9.78e-01	2.21e-02	2.19e-06	0.00e+00	0.00e+00	0.00e+00	1.12e-12	2.31e-12	3.89e-54
 7.73072e+14	2.37e-17	4.04e-12	8.38e-08	1.83e-04	9.79e-01	2.07e-02	1.93e-06	0.00e+00	0.00e+00	0.00e+00	1.32e-12	2.72e-12	6.97e-54
 7.97830e+14	2.96e-17	4.82e-12	9.53e-08	1.96e-04	9.80e-01	1.95e-02	1.70e-06	0.00e+00	0.00e+00	0.00e+00	1.58e-12	3.25e-12	1.32e-53
 8.20398e+14	3.59e-17	5.62e-12	1.07e-07	2.08e-04	9.81e-01	1.84e-02	1.51e-06	0.00e+00	0.00e+00	0.00e+00	1.83e-12	3.78e-12	2.28e-53
 8.44868e+14	4.41e-17	6.62e-12	1.20e-07	2.21e-04	9.82e-01	1.73e-02	1.34e-06	0.00e+00	0.00e+00	0.00e+00	2.16e-12	4.46e-12	4.13e-53
 8.75888e+14	5.70e-17	8.09e-12	1.40e-07	2.39e-04	9.84e-01	1.60e-02	1.15e-06	4.70e-18	1.41e-17	2.36e-17	2.64e-12	5.45e-12	8.48e-53
 9.06915e+14	7.27e-17	9.81e-12	1.61e-07	2.57e-04	9.85e-01	1.49e-02	9.95e-07	6.00e-18	1.80e-17	3.01e-17	3.20e-12	6.61e-12	1.71e-52
 9.32676e+14	8.78e-17	1.14e-11	1.80e-07	2.73e-04	9.86e-01	1.41e-02	0.00e+00	7.24e-18	2.17e-17	3.63e-17	3.73e-12	7.70e-12	2.95e-52
 9.60100e+14	1.08e-16	1.34e-11	2.03e-07	2.90e-04	9.86e-01	1.33e-02	0.00e+00	8.87e-18	2.66e-17	4.45e-17	4.38e-12	9.04e-12	5.28e-52
 9.95127e+14	1.38e-16	1.63e-11	2.35e-07	3.13e-04	9.87e-01	1.23e-02	0.00e+00	1.14e-17	3.43e-17	5.73e-17	5.32e-12	1.10e-11	1.07e-51
 1.03203e+15	1.79e-16	2.00e-11	2.72e-07	3.38e-04	9.88e-01	1.14e-02	0.00e+00	1.48e-17	4.44e-17	7.41e-17	6.53e-12	1.35e-11	2.26e-51
 1.06475e+15	2.20e-16	2.37e-11	3.09e-07	3.61e-04	9.89e-01	1.07e-02	0.00e+00	1.82e-17	5.46e-17	9.12e-17	7.72e-12	1.60e-11	4.16e-51
 1.10004e+15	2.78e-16	2.84e-11	3.53e-07	3.87e-04	9.90e-01	9.97e-03	0.00e+00	2.29e-17	6.89e-17	1.15e-16	9.25e-12	1.92e-11	8.03e-51
 1.14240e+15	3.62e-16	3.51e-11	4.12e-07	4.20e-04	9.90e-01	9.20e-03	0.00e+00	2.99e-17	8.98e-17	1.50e-16	1.14e-11	2.36e-11	1.72e-50
 1.18439e+15	4.60e-16	4.26e-11	4.77e-07	4.53e-04	9.91e-01	8.54e-03	0.00e+00	3.80e-17	1.14e-16	1.91e-16	1.39e-11	2.87e-11	3.52e-50
 1.22223e+15	5.78e-16	5.09e-11	5.43e-07	4.85e-04	9.92e-01	7.98e-03	0.00e+00	4.78e-17	1.44e-16	2.40e-16	1.66e-11	3.43e-11	6.71e-50
 1.26420e+15	7.22e-16	6.10e-11	6.22e-07	5.21e-04	9.92e-01	7.43e-03	0.00e+00	5.97e-17	1.79e-16	3.00e-16	1.98e-11	4.11e-11	1.30e-49
 1.31370e+15	9.53e-16	7.57e-11	7.28e-07	5.66e-04	9.93e-01	6.84e-03	0.00e+00	7.89e-17	2.37e-16	3.96e-16	2.46e-11	5.10e-11	2.86e-49
 1.36262e+15	1.20e-15	9.19e-11	8.45e-07	6.12e-04	9.93e-01	6.33e-03	0.00e+00	9.98e-17	3.00e-16	5.01e-16	2.99e-11	6.20e-11	5.80e-49
 1.40122e+15	1.47e-15	1.07e-10	9.47e-07	6.50e-04	9.93e-01	5.96e-03	0.00e+00	1.22e-16	3.65e-16	6.10e-16	3.49e-11	7.25e-11	1.02e-48
 1.43068e+15	1.72e-15	1.21e-10	1.03e-06	6.80e-04	9.94e-01	5.70e-03	0.00e+00	1.42e-16	4.27e-16	7.13e-16	3.94e-11	8.17e-11	1.59e-48
 1.46287e+15	1.97e-15	1.36e-10	1.13e-06	7.13e-04	9.94e-01	5.43e-03	0.00e+00	1.64e-16	4.92e-16	8.22e-16	4.43e-11	9.18e-11	2.43e-48
 1.50472e+15	2.43e-15	1.60e-10	1.27e-06	7.59e-04	9.94e-01	5.11e-03	0.00e+00	2.01e-16	6.05e-16	1.01e-15	5.19e-11	1.08e-10	4.38e-48
 1.55021e+15	2.96e-15	1.88e-10	1.43e-06	8.10e-04	9.94e-01	4.78e-03	0.00e+00	2.46e-16	7.39e-16	1.23e-15	6.10e-11	1.27e-10	7.87e-48
 1.59115e+15	3.53e-15	2.16e-10	1.59e-06	8.57e-04	9.95e-01	4.52e-03	0.00e+00	2.93e-16	8.81e-16	1.47e-15	7.04e-11	1.46e-10	1.33e-47
 1.63511e+15	4.19e-15	2.50e-10	1.78e-06	9.09e-04	9.95e-01	4.26e-03	0.00e+00	3.48e-16	1.05e-15	1.75e-15	8.12e-11	1.68e-10	2.23e-47
 1.69225e+15	5.39e-15	3.03e-10	2.05e-06	9.81e-04	9.95e-01	3.95e-03	0.00e+00	4.48e-16	1.35e-15	2.25e-15	9.87e-11	2.05e-10	4.58e-47
 1.74984e+15	6.72e-15	3.63e-10	2.35e-06	1.06e-03	9.95e-01	3.66e-03	0.00e+00	5.60e-16	1.68e-15	2.81e-15	1.18e-10	2.45e-10	8.86e-47
 1.79575e+15	7.99e-15	4.19e-10	2.61e-06	1.12e-03	9.95e-01	3.46e-03	0.00e+00	6.66e-16	2.00e-15	3.34e-15	1.36e-10	2.82e-10	1.49e-46
 1.84317e+15	9.46e-15	4.81e-10	2.91e-06	1.19e-03	9.96e-01	3.26e-03	0.00e+00	7.88e-16	2.37e-15	3.96e-15	1.57e-10	3.25e-10	2.48e-46
 1.90481e+15	1.18e-14	5.76e-10	3.32e-06	1.28e-03	9.96e-01	3.03e-03	0.00e+00	9.87e-16	2.96e-15	4.95e-15	1.88e-10	3.89e-10	4.81e-46
 1.97047e+15	1.47e-14	6.90e-10	3.82e-06	1.38e-03	9.96e-01	2.81e-03	0.00e+00	1.23e-15	3.68e-15	6.15e-15	2.25e-10	4.65e-10	9.30e-46
 2.02820e+15	1.75e-14	8.01e-10	4.29e-06	1.47e-03	9.96e-01	2.63e-03	0.00e+00	1.46e-15	4.39e-15	7.34e-15	2.61e-10	5.40e-10	1.60e-45
 2.09012e+15	2.16e-14	9.47e-10	4.86e-06	1.57e-03	9.96e-01	2.46e-03	0.00e+00	1.80e-15	5.41e-15	9.05e-15	3.08e-10	6.39e-10	2.98e-45
 2.16763e+15	2.76e-14	1.16e-09	5.64e-06	1.71e-03	9.96e-01	2.26e-03	0.00e+00	2.31e-15	6.93e-15	1.16e-14	3.76e-10	7.79e-10	6.20e-45
 2.24718e+15	3.43e-14	1.39e-09	6.53e-06	1.85e-03	9.96e-01	2.08e-03	0.00e+00	2.88e-15	8.64e-15	1.44e-14	4.54e-10	9.40e-10	1.24e-44
 2.31692e+15	4.13e-14	1.63e-09	7.40e-06	1.98e-03	9.96e-01	1.94e-03	0.00e+00	3.46e-15	1.04e-14	1.74e-14	5.32e-10	1.10e-09	2.21e-44
 2.39214e+15	5.20e-14	1.96e-09	8.43e-06	2.14e-03	9.96e-01	1.80e-03	0.00e+00	4.37e-15	1.31e-14	2.19e-14	6.39e-10	1.32e-09	4.37e-44
 2.48336e+15	6.50e-14	2.38e-09	9.82e-06	2.33e-03	9.96e-01	1.65e-03	0.00e+00	5.47e-15	1.64e-14	2.74e-14	7.76e-10	1.60e-09	8.96e-44
 2.57456e+15	8.24e-14	2.90e-09	1.14e-05	2.53e-03	9.96e-01	1.52e-03	0.00e+00	6.94e-15	2.08e-14	3.48e-14	9.45e-10	1.95e-09	1.86e-43
 2.65588e+15	1.00e-13	3.42e-09	1.29e-05	2.71e-03	9.96e-01	1.41e-03	0.00e+00	8.46e-15	2.54e-14	4.24e-14	1.12e-09	2.30e-09	3.45e-43
 2.74519e+15	1.22e-13	4.06e-09	1.48e-05	2.93e-03	9.96e-01	1.31e-03	0.00e+00	1.03e-14	3.09e-14	5.16e-14	1.33e-09	2.73e-09	6.53e-43
 2.83272e+15	1.48e-13	4.80e-09	1.68e-05	3.15e-03	9.96e-01	1.21e-03	0.00e+00	1.25e-14	3.76e-14	6.29e-14	1.57e-09	3.23e-09	1.22e-42
 2.89817e+15	1.71e-13	5.42e-09	1.84e-05	3.32e-03	9.96e-01	1.15e-03	0.00e+00	1.45e-14	4.35e-14	7.26e-14	1.77e-09	3.65e-09	1.94e-42
 2.96352e+15	1.96e-13	6.11e-09	2.01e-05	3.49e-03	9.95e-01	1.09e-03	0.00e+00	1.66e-14	5.00e-14	8.34e-14	2.00e-09	4.11e-09	3.02e-42
 3.04847e+15	2.35e-13	7.11e-09	2.26e-05	3.73e-03	9.95e-01	1.02e-03	0.00e+00	1.99e-14	5.98e-14	9.98e-14	2.33e-09	4.78e-09	5.37e-42
 3.13911e+15	2.74e-13	8.20e-09	2.54e-05	3.98e-03	9.95e-01	9.53e-04	0.00e+00	2.33e-14	6.99e-14	1.17e-13	2.68e-09	5.52e-09	9.31e-42
 3.21870e+15	3.19e-13	9.37e-09	2.81e-05	4.22e-03	9.95e-01	8.98e-04	0.00e+00	2.71e-14	8.14e-14	1.36e-13	3.07e-09	6.30e-09	1.53e-41
 3.30372e+15	3.74e-13	1.08e-08	3.12e-05	4.48e-03	9.95e-01	8.45e-04	0.00e+00	3.18e-14	9.55e-14	1.60e-13	3.53e-09	7.24e-09	2.62e-41
 3.41423e+15	4.70e-13	1.30e-08	3.56e-05	4.84e-03	9.94e-01	7.80e-04	0.00e+00	4.00e-14	1.20e-13	2.01e-13	4.27e-09	8.75e-09	5.55e-41
 3.52572e+15	5.55e-13	1.52e-08	4.05e-05	5.20e-03	9.94e-01	7.24e-04	0.00e+00	4.73e-14	1.42e-13	2.37e-13	4.99e-09	1.02e-08	1.00e-40
 3.61551e+15	6.44e-13	1.74e-08	4.49e-05	5.51e-03	9.94e-01	6.82e-04	0.00e+00	5.50e-14	1.65e-13	2.76e-13	5.72e-09	1.17e-08	1.71e-40
 3.70928e+15	7.51e-13	2.00e-08	4.97e-05	5.85e-03	9.93e-01	6.41e-04	0.00e+00	6.42e-14	1.93e-13	3.22e-13	6.56e-09	1.34e-08	2.92e-40
 3.83117e+15	9.39e-13	2.42e-08	5.67e-05	6.30e-03	9.93e-01	5.93e-04	0.00e+00	8.03e-14	2.41e-13	4.03e-13	7.93e-09	1.62e-08	6.08e-40
 3.95961e+15	1.12e-12	2.86e-08	6.47e-05	6.80e-03	9.93e-01	5.48e-04	0.00e+00	9.61e-14	2.88e-13	4.81e-13	9.40e-09	1.92e-08	1.17e-39
 4.07094e+15	1.33e-12	3.34e-08	7.23e-05	7.24e-03	9.92e-01	5.14e-04	0.00e+00	1.14e-13	3.42e-13	5.70e-13	1.10e-08	2.24e-08	2.10e-39
 4.19006e+15	1.59e-12	3.92e-08	8.12e-05	7.74e-03	9.92e-01	4.79e-04	0.00e+00	1.37e-13	4.11e-13	6.86e-13	1.29e-08	2.63e-08	3.97e-39
 4.34256e+15	1.97e-12	4.75e-08	9.38e-05	8.40e-03	9.91e-01	4.40e-04	0.00e+00	1.69e-13	5.08e-13	8.48e-13	1.56e-08	3.19e-08	8.42e-39
 4.50113e+15	2.38e-12	5.73e-08	1.08e-04	9.12e-03	9.90e-01	4.04e-04	0.00e+00	2.05e-13	6.15e-13	1.03e-12	1.88e-08	3.84e-08	1.72e-38
 4.63945e+15	2.85e-12	6.78e-08	1.22e-04	9.76e-03	9.90e-01	3.76e-04	0.00e+00	2.46e-13	7.38e-13	1.23e-12	2.23e-08	4.55e-08	3.27e-38
 4.78874e+15	3.46e-12	8.09e-08	1.39e-04	1.05e-02	9.89e-01	3.48e-04	0.00e+00	2.99e-13	8.97e-13	1.50e-12	2.66e-08	5.42e-08	6.51e-38
 4.97061e+15	4.24e-12	9.85e-08	1.62e-04	1.14e-02	9.88e-01	3.18e-04	0.00e+00	3.67e-13	1.10e-12	1.84e-12	3.24e-08	6.61e-08	1.38e-37
 5.15414e+15	5.23e-12	1.19e-07	1.87e-04	1.24e-02	9.87e-01	2.92e-04	0.00e+00	4.53e-13	1.36e-12	2.27e-12	3.92e-08	7.98e-08	2.79e-37
 5.31901e+15	6.38e-12	1.45e-07	2.12e-04	1.33e-02	9.86e-01	2.70e-04	0.00e+00	5.53e-13	1.66e-12	2.77e-12	4.76e-08	9.69e-08	5.87e-37
 5.45790e+15	7.39e-12	1.67e-07	2.36e-04	1.41e-02	9.85e-01	2.54e-04	0.00e+00	6.42e-13	1.93e-12	3.21e-12	5.50e-08	1.12e-07	9.96e-37
 5.57541e+15	8.35e-12	1.88e-07	2.57e-04	1.48e-02	9.85e-01	2.41e-04	0.00e+00	7.25e-13	2.18e-12	3.63e-12	6.20e-08	1.26e-07	1.55e-36
 5.70751e+15	9.59e-12	2.14e-07	2.83e-04	1.57e-02	9.84e-01	2.27e-04	0.00e+00	8.34e-13	2.50e-12	4.18e-12	7.07e-08	1.44e-07	2.53e-36
 5.87924e+15	1.13e-11	2.51e-07	3.19e-04	1.68e-02	9.83e-01	2.12e-04	0.00e+00	9.82e-13	2.95e-12	4.92e-12	8.28e-08	1.68e-07	4.55e-36
 6.05775e+15	1.35e-11	2.94e-07	3.60e-04	1.79e-02	9.82e-01	1.97e-04	0.00e+00	1.18e-12	3.53e-12	5.89e-12	9.70e-08	1.97e-07	7.97e-36
 6.20663e+15	1.55e-11	3.37e-07	3.97e-04	1.89e-02	9.80e-01	1.86e-04	0.00e+00	1.35e-12	4.06e-12	6.78e-12	1.11e-07	2.26e-07	1.32e-35
 6.36173e+15	1.80e-11	3.88e-07	4.40e-04	2.00e-02	9.79e-01	1.75e-04	0.00e+00	1.57e-12	4.72e-12	7.88e-12	1.28e-07	2.60e-07	2.21e-35
 6.56337e+15	2.22e-11	4.72e-07	5.00e-04	2.15e-02	9.78e-01	1.62e-04	0.00e+00	1.94e-12	5.83e-12	9.73e-12	1.56e-07	3.16e-07	4.55e-35
 6.77096e+15	2.66e-11	5.53e-07	5.68e-04	2.30e-02	9.76e-01	1.50e-04	0.00e+00	2.33e-12	6.99e-12	1.17e-11	1.83e-07	3.71e-07	7.72e-35
 6.94270e+15	3.07e-11	6.39e-07	6.30e-04	2.44e-02	9.75e-01	1.41e-04	0.00e+00	2.69e-12	8.08e-12	1.35e-11	2.11e-07	4.28e-07	1.29e-34
 7.12238e+15	3.60e-11	7.40e-07	7.00e-04	2.59e-02	9.73e-01	1.32e-04	0.00e+00	3.16e-12	9.48e-12	1.58e-11	2.44e-07	4.95e-07	2.17e-34
 7.35597e+15	4.47e-11	9.09e-07	8.02e-04	2.79e-02	9.71e-01	1.22e-04	0.00e+00	3.92e-12	1.18e-11	1.96e-11	3.00e-07	6.08e-07	4.55e-34
 7.59789e+15	5.41e-11	1.09e-06	9.17e-04	3.00e-02	9.69e-01	1.13e-04	0.00e+00	4.75e-12	1.43e-11	2.38e-11	3.60e-07	7.29e-07	8.33e-34
 7.80168e+15	6.40e-11	1.26e-06	1.02e-03	3.18e-02	9.67e-01	1.06e-04	0.00e+00	5.63e-12	1.69e-11	2.82e-11	4.16e-07	8.42e-07	1.35e-33
 8.01766e+15	7.61e-11	1.47e-06	1.15e-03	3.39e-02	9.65e-01	9.87e-05	0.00e+00	6.70e-12	2.01e-11	3.35e-11	4.88e-07	9.86e-07	2.31e-33
 8.29843e+15	9.74e-11	1.85e-06	1.33e-03	3.67e-02	9.62e-01	9.03e-05	0.00e+00	8.59e-12	2.58e-11	4.30e-11	6.12e-07	1.24e-06	5.10e-33
 8.58060e+15	1.20e-10	2.20e-06	1.53e-03	3.96e-02	9.59e-01	8.34e-05	0.00e+00	1.06e-11	3.17e-11	5.29e-11	7.29e-07	1.47e-06	8.82e-33
 8.81358e+15	1.41e-10	2.58e-06	1.72e-03	4.21e-02	9.56e-01	7.79e-05	0.00e+00	1.25e-11	3.74e-11	6.24e-11	8.55e-07	1.73e-06	1.49e-32
 9.06546e+15	1.71e-10	3.06e-06	1.94e-03	4.50e-02	9.53e-01	7.25e-05	0.00e+00	1.51e-11	4.52e-11	7.55e-11	1.01e-06	2.05e-06	2.58e-32
 9.39200e+15	2.21e-10	3.89e-06	2.27e-03	4.90e-02	9.49e-01	6.61e-05	0.00e+00	1.96e-11	5.87e-11	9.80e-11	1.29e-06	2.60e-06	5.79e-32
 9.71431e+15	2.75e-10	4.73e-06	2.63e-03	5.29e-02	9.44e-01	6.08e-05	0.00e+00	2.43e-11	7.30e-11	1.22e-10	1.57e-06	3.16e-06	1.04e-31
 9.96962e+15	3.28e-10	5.57e-06	2.96e-03	5.63e-02	9.41e-01	5.68e-05	0.00e+00	2.91e-11	8.72e-11	1.46e-10	1.85e-06	3.73e-06	1.75e-31
 1.02391e+16	3.97e-10	6.59e-06	3.34e-03	6.00e-02	9.37e-01	5.30e-05	0.00e+00	3.53e-11	1.06e-10	1.76e-10	2.18e-06	4.41e-06	2.96e-31
 1.05113e+16	4.76e-10	7.72e-06	3.75e-03	6.38e-02	9.32e-01	4.96e-05	0.00e+00	4.22e-11	1.27e-10	2.11e-10	2.56e-06	5.16e-06	4.70e-31
 1.07422e+16	5.57e-10	8.76e-06	4.14e-03	6.72e-02	9.29e-01	4.70e-05	0.00e+00	4.95e-11	1.49e-10	2.48e-10	2.91e-06	5.86e-06	6.84e-31
 1.09976e+16	6.58e-10	1.02e-05	4.62e-03	7.12e-02	9.24e-01	4.42e-05	0.00e+00	5.85e-11	1.76e-10	2.93e-10	3.37e-06	6.79e-06	1.06e-30
 1.12746e+16	7.97e-10	1.22e-05	5.20e-03	7.58e-02	9.19e-01	4.13e-05	0.00e+00	7.10e-11	2.13e-10	3.55e-10	4.04e-06	8.13e-06	1.88e-30
 1.15189e+16	9.32e-10	1.40e-05	5.75e-03	7.99e-02	9.14e-01	3.91e-05	0.00e+00	8.31e-11	2.49e-10	4.16e-10	4.63e-06	9.33e-06	2.79e-30
 1.17754e+16	1.10e-09	1.61e-05	6.40e-03	8.44e-02	9.09e-01	3.69e-05	0.00e+00	9.81e-11	2.94e-10	4.91e-10	5.33e-06	1.07e-05	4.15e-30
 1.21089e+16	1.38e-09	1.96e-05	7.36e-03	9.09e-02	9.02e-01	3.42e-05	0.00e+00	1.23e-10	3.69e-10	6.15e-10	6.50e-06	1.31e-05	7.58e-30
 1.24337e+16	1.67e-09	2.32e-05	8.37e-03	9.70e-02	8.95e-01	3.20e-05	0.00e+00	1.49e-10	4.48e-10	7.48e-10	7.69e-06	1.55e-05	1.18e-29
 1.26935e+16	1.98e-09	2.64e-05	9.28e-03	1.02e-01	8.88e-01	3.03e-05	0.00e+00	1.77e-10	5.31e-10	8.85e-10	8.77e-06	1.76e-05	1.69e-29
 1.29776e+16	2.36e-09	3.08e-05	1.04e-02	1.09e-01	8.81e-01	2.86e-05	0.00e+00	2.11e-10	6.34e-10	1.06e-09	1.02e-05	2.06e-05	2.59e-29
