#depth	N	N+	N+2	N+3	N+4	N+5	N+6	N+7
 1.49634e+10	0.00e+00	0.00e+00	6.46e-31	3.88e-21	3.75e-12	1.47e-02	8.97e-01	8.86e-02
 4.54887e+10	0.00e+00	4.59e-41	8.94e-31	4.97e-21	4.43e-12	1.61e-02	9.02e-01	8.23e-02
 7.72350e+10	0.00e+00	0.00e+00	1.24e-30	6.36e-21	5.25e-12	1.76e-02	9.06e-01	7.64e-02
 1.10251e+11	0.00e+00	1.03e-40	1.72e-30	8.15e-21	6.22e-12	1.92e-02	9.10e-01	7.09e-02
 1.41334e+11	0.00e+00	0.00e+00	2.31e-30	1.02e-20	7.24e-12	2.09e-02	9.13e-01	6.63e-02
 1.69343e+11	0.00e+00	2.05e-40	2.99e-30	1.24e-20	8.27e-12	2.24e-02	9.15e-01	6.24e-02
 2.00989e+11	0.00e+00	0.00e+00	3.96e-30	1.53e-20	9.56e-12	2.42e-02	9.17e-01	5.84e-02
 2.38217e+11	0.00e+00	4.33e-40	5.45e-30	1.95e-20	1.13e-11	2.64e-02	9.19e-01	5.42e-02
 2.75964e+11	0.00e+00	0.00e+00	7.43e-30	2.47e-20	1.32e-11	2.87e-02	9.21e-01	5.03e-02
 3.15221e+11	0.00e+00	9.39e-40	1.02e-29	3.12e-20	1.55e-11	3.12e-02	9.22e-01	4.67e-02
 3.57757e+11	0.00e+00	0.00e+00	1.40e-29	3.99e-20	1.83e-11	3.40e-02	9.23e-01	4.32e-02
 4.01095e+11	0.00e+00	2.09e-39	1.93e-29	5.08e-20	2.15e-11	3.70e-02	9.23e-01	4.00e-02
 4.46168e+11	0.00e+00	0.00e+00	2.65e-29	6.45e-20	2.53e-11	4.03e-02	9.23e-01	3.70e-02
 4.93941e+11	0.00e+00	4.65e-39	3.67e-29	8.24e-20	2.99e-11	4.39e-02	9.22e-01	3.41e-02
 5.37498e+11	0.00e+00	0.00e+00	4.88e-29	1.02e-19	3.45e-11	4.73e-02	9.21e-01	3.18e-02
 5.74286e+11	0.00e+00	8.86e-39	6.16e-29	1.22e-19	3.88e-11	5.02e-02	9.20e-01	3.00e-02
 6.14731e+11	0.00e+00	0.00e+00	7.90e-29	1.47e-19	4.40e-11	5.36e-02	9.18e-01	2.81e-02
 6.65307e+11	0.00e+00	1.76e-38	1.07e-28	1.84e-19	5.13e-11	5.79e-02	9.16e-01	2.61e-02
 7.17459e+11	0.00e+00	0.00e+00	1.44e-28	2.31e-19	5.96e-11	6.26e-02	9.13e-01	2.41e-02
 7.63380e+11	0.00e+00	3.51e-38	1.86e-28	2.79e-19	6.78e-11	6.68e-02	9.11e-01	2.26e-02
 8.12794e+11	0.00e+00	0.00e+00	2.43e-28	3.41e-19	7.75e-11	7.14e-02	9.08e-01	2.11e-02
 8.72501e+11	0.00e+00	7.22e-38	3.31e-28	4.31e-19	9.06e-11	7.73e-02	9.03e-01	1.94e-02
 9.31893e+11	0.00e+00	0.00e+00	4.46e-28	5.39e-19	1.05e-10	8.33e-02	8.99e-01	1.79e-02
 9.85282e+11	0.00e+00	1.45e-37	5.78e-28	6.54e-19	1.20e-10	8.88e-02	8.94e-01	1.67e-02
 1.04457e+12	0.00e+00	0.00e+00	7.66e-28	8.07e-19	1.38e-10	9.51e-02	8.89e-01	1.55e-02
 1.11460e+12	0.00e+00	3.07e-37	1.05e-27	1.02e-18	1.61e-10	1.03e-01	8.83e-01	1.42e-02
 1.18339e+12	0.00e+00	0.00e+00	1.43e-27	1.28e-18	1.87e-10	1.11e-01	8.76e-01	1.31e-02
 1.24641e+12	0.00e+00	6.27e-37	1.86e-27	1.57e-18	2.14e-10	1.18e-01	8.70e-01	1.21e-02
 1.31715e+12	0.00e+00	0.00e+00	2.50e-27	1.95e-18	2.47e-10	1.27e-01	8.62e-01	1.12e-02
 1.39706e+12	0.00e+00	1.35e-36	3.44e-27	2.47e-18	2.88e-10	1.36e-01	8.53e-01	1.02e-02
 1.47348e+12	1.06e-46	1.96e-36	4.62e-27	3.08e-18	3.33e-10	1.46e-01	8.44e-01	9.34e-03
 1.55512e+12	0.00e+00	0.00e+00	6.28e-27	3.87e-18	3.87e-10	1.57e-01	8.35e-01	8.53e-03
 1.64538e+12	0.00e+00	4.32e-36	8.69e-27	4.93e-18	4.53e-10	1.69e-01	8.23e-01	7.74e-03
 1.73295e+12	4.39e-46	6.35e-36	1.18e-26	6.18e-18	5.25e-10	1.81e-01	8.12e-01	7.06e-03
 1.82589e+12	0.00e+00	0.00e+00	1.62e-26	7.80e-18	6.11e-10	1.94e-01	8.00e-01	6.41e-03
 1.92885e+12	0.00e+00	1.43e-35	2.26e-26	9.98e-18	7.17e-10	2.09e-01	7.86e-01	5.77e-03
 2.03182e+12	1.91e-45	2.15e-35	3.12e-26	1.27e-17	8.36e-10	2.23e-01	7.71e-01	5.21e-03
 2.13890e+12	0.00e+00	0.00e+00	4.31e-26	1.61e-17	9.75e-10	2.39e-01	7.56e-01	4.69e-03
 2.24109e+12	0.00e+00	4.71e-35	5.81e-26	2.00e-17	1.12e-09	2.55e-01	7.41e-01	4.24e-03
 2.32779e+12	7.18e-45	6.43e-35	7.44e-26	2.40e-17	1.26e-09	2.68e-01	7.28e-01	3.91e-03
 2.42238e+12	0.00e+00	0.00e+00	9.63e-26	2.91e-17	1.42e-09	2.82e-01	7.14e-01	3.58e-03
 2.54032e+12	0.00e+00	1.32e-34	1.32e-25	3.66e-17	1.65e-09	3.00e-01	6.97e-01	3.21e-03
 2.66569e+12	2.80e-44	1.98e-34	1.81e-25	4.62e-17	1.91e-09	3.19e-01	6.78e-01	2.86e-03
 2.77326e+12	0.00e+00	2.77e-34	2.36e-25	5.61e-17	2.16e-09	3.35e-01	6.62e-01	2.60e-03
 2.86408e+12	5.86e-44	3.64e-34	2.94e-25	6.58e-17	2.39e-09	3.49e-01	6.48e-01	2.40e-03
 2.96564e+12	0.00e+00	4.91e-34	3.72e-25	7.81e-17	2.66e-09	3.64e-01	6.33e-01	2.20e-03
 3.09766e+12	1.32e-43	7.13e-34	5.00e-25	9.69e-17	3.05e-09	3.84e-01	6.14e-01	1.96e-03
 3.23540e+12	0.00e+00	1.04e-33	6.72e-25	1.20e-16	3.48e-09	4.04e-01	5.94e-01	1.75e-03
 3.35171e+12	3.03e-43	1.41e-33	8.56e-25	1.43e-16	3.89e-09	4.21e-01	5.77e-01	1.59e-03
 3.47406e+12	0.00e+00	1.92e-33	1.09e-24	1.71e-16	4.34e-09	4.38e-01	5.60e-01	1.44e-03
 3.62904e+12	7.01e-43	2.81e-33	1.48e-24	2.13e-16	4.96e-09	4.60e-01	5.39e-01	1.27e-03
 3.78753e+12	0.00e+00	4.08e-33	1.98e-24	2.63e-16	5.65e-09	4.81e-01	5.17e-01	1.12e-03
 3.92330e+12	1.60e-42	5.55e-33	2.52e-24	3.14e-16	6.28e-09	4.99e-01	5.00e-01	1.01e-03
 4.06844e+12	0.00e+00	7.62e-33	3.23e-24	3.76e-16	7.01e-09	5.18e-01	4.81e-01	9.03e-04
 4.24844e+12	3.74e-42	1.11e-32	4.35e-24	4.65e-16	7.97e-09	5.40e-01	4.60e-01	7.90e-04
 4.43236e+12	0.00e+00	1.61e-32	5.82e-24	5.74e-16	9.04e-09	5.61e-01	4.38e-01	6.91e-04
 4.59638e+12	8.63e-42	2.21e-32	7.46e-24	6.86e-16	1.01e-08	5.80e-01	4.20e-01	6.15e-04
 4.77594e+12	0.00e+00	3.08e-32	9.69e-24	8.27e-16	1.13e-08	5.99e-01	4.01e-01	5.42e-04
 4.96976e+12	1.98e-41	4.36e-32	1.27e-23	1.00e-15	1.26e-08	6.19e-01	3.81e-01	4.75e-04
 5.14296e+12	0.00e+00	5.86e-32	1.60e-23	1.19e-15	1.39e-08	6.36e-01	3.64e-01	4.23e-04
 5.32897e+12	4.14e-41	7.98e-32	2.04e-23	1.41e-15	1.54e-08	6.53e-01	3.47e-01	3.74e-04
 5.53867e+12	0.00e+00	1.11e-31	2.65e-23	1.70e-15	1.72e-08	6.71e-01	3.29e-01	3.27e-04
 5.73869e+12	9.06e-41	1.51e-31	3.37e-23	2.02e-15	1.90e-08	6.87e-01	3.12e-01	2.89e-04
 5.92551e+12	0.00e+00	1.99e-31	4.18e-23	2.35e-15	2.07e-08	7.02e-01	2.98e-01	2.57e-04
 6.10212e+12	1.73e-40	2.57e-31	5.09e-23	2.71e-15	2.25e-08	7.15e-01	2.85e-01	2.31e-04
 6.29821e+12	0.00e+00	3.37e-31	6.30e-23	3.15e-15	2.45e-08	7.28e-01	2.71e-01	2.06e-04
 6.51715e+12	3.45e-40	4.51e-31	7.91e-23	3.70e-15	2.69e-08	7.43e-01	2.57e-01	1.81e-04
 6.72345e+12	0.00e+00	5.89e-31	9.74e-23	4.29e-15	2.93e-08	7.55e-01	2.44e-01	1.61e-04
 6.94932e+12	6.74e-40	7.80e-31	1.21e-22	5.01e-15	3.20e-08	7.68e-01	2.31e-01	1.42e-04
 7.20178e+12	0.00e+00	1.06e-30	1.54e-22	5.93e-15	3.52e-08	7.82e-01	2.18e-01	1.24e-04
 7.44044e+12	1.37e-39	1.39e-30	1.91e-22	6.91e-15	3.83e-08	7.94e-01	2.06e-01	1.09e-04
 7.70233e+12	0.00e+00	1.87e-30	2.40e-22	8.13e-15	4.20e-08	8.06e-01	1.94e-01	9.53e-05
 7.99603e+12	2.89e-39	2.56e-30	3.07e-22	9.68e-15	4.63e-08	8.19e-01	1.81e-01	8.21e-05
 8.27558e+12	0.00e+00	3.42e-30	3.85e-22	1.14e-14	5.06e-08	8.30e-01	1.70e-01	7.15e-05
 8.58347e+12	6.00e-39	4.65e-30	4.90e-22	1.35e-14	5.57e-08	8.41e-01	1.59e-01	6.17e-05
 8.92937e+12	0.00e+00	6.48e-30	6.35e-22	1.62e-14	6.16e-08	8.52e-01	1.48e-01	5.24e-05
 9.25995e+12	1.31e-38	8.79e-30	8.05e-22	1.91e-14	6.77e-08	8.62e-01	1.38e-01	4.51e-05
 9.62200e+12	0.00e+00	1.21e-29	1.03e-21	2.29e-14	7.46e-08	8.72e-01	1.28e-01	3.84e-05
 1.00368e+13	2.97e-38	1.72e-29	1.36e-21	2.78e-14	8.31e-08	8.82e-01	1.18e-01	3.21e-05
 1.04409e+13	0.00e+00	2.39e-29	1.76e-21	3.34e-14	9.19e-08	8.91e-01	1.09e-01	2.71e-05
 1.08036e+13	6.24e-38	3.16e-29	2.20e-21	3.91e-14	1.00e-07	8.99e-01	1.01e-01	2.34e-05
 1.11946e+13	0.00e+00	4.24e-29	2.76e-21	4.60e-14	1.10e-07	9.06e-01	9.40e-02	2.00e-05
 1.16588e+13	1.34e-37	5.91e-29	3.60e-21	5.55e-14	1.22e-07	9.14e-01	8.63e-02	1.67e-05
 1.21143e+13	0.00e+00	8.09e-29	4.60e-21	6.63e-14	1.34e-07	9.20e-01	7.95e-02	1.41e-05
 1.25254e+13	2.72e-37	1.06e-28	5.70e-21	7.73e-14	1.46e-07	9.26e-01	7.40e-02	1.21e-05
 1.28865e+13	0.00e+00	1.34e-28	6.85e-21	8.81e-14	1.57e-07	9.30e-01	6.95e-02	1.07e-05
 1.32071e+13	4.56e-37	1.63e-28	8.01e-21	9.86e-14	1.67e-07	9.34e-01	6.59e-02	9.54e-06
 1.35715e+13	0.00e+00	2.03e-28	9.53e-21	1.12e-13	1.79e-07	9.38e-01	6.20e-02	8.43e-06
 1.40453e+13	8.27e-37	2.67e-28	1.18e-20	1.31e-13	1.95e-07	9.43e-01	5.74e-02	7.20e-06
 1.45316e+13	0.00e+00	3.49e-28	1.47e-20	1.53e-13	2.13e-07	9.47e-01	5.32e-02	6.14e-06
 1.49303e+13	1.48e-36	4.33e-28	1.74e-20	1.74e-13	2.28e-07	9.50e-01	5.00e-02	5.41e-06
 1.53447e+13	0.00e+00	5.36e-28	2.07e-20	1.97e-13	2.44e-07	9.53e-01	4.70e-02	4.77e-06
 1.58835e+13	2.65e-36	7.02e-28	2.57e-20	2.30e-13	2.66e-07	9.57e-01	4.34e-02	4.05e-06
 1.64473e+13	0.00e+00	9.20e-28	3.20e-20	2.70e-13	2.91e-07	9.60e-01	4.00e-02	3.43e-06
 1.69260e+13	4.76e-36	1.15e-27	3.82e-20	3.08e-13	3.13e-07	9.63e-01	3.74e-02	3.00e-06
 1.74305e+13	0.00e+00	1.44e-27	4.57e-20	3.52e-13	3.37e-07	9.65e-01	3.50e-02	2.61e-06
 1.80850e+13	8.69e-36	1.90e-27	5.73e-20	4.15e-13	3.70e-07	9.68e-01	3.21e-02	2.19e-06
 1.87684e+13	0.00e+00	2.51e-27	7.18e-20	4.91e-13	4.06e-07	9.71e-01	2.94e-02	1.84e-06
 1.93513e+13	1.59e-35	3.15e-27	8.64e-20	5.63e-13	4.38e-07	9.73e-01	2.74e-02	1.59e-06
 1.99695e+13	0.00e+00	3.98e-27	1.04e-19	6.47e-13	4.73e-07	9.75e-01	2.55e-02	1.37e-06
 2.07403e+13	2.94e-35	5.27e-27	1.31e-19	7.65e-13	5.19e-07	9.77e-01	2.33e-02	1.15e-06
 2.15266e+13	0.00e+00	6.92e-27	1.63e-19	9.01e-13	5.69e-07	9.79e-01	2.14e-02	9.63e-07
 2.21749e+13	5.27e-35	8.60e-27	1.95e-19	1.03e-12	6.12e-07	9.80e-01	2.00e-02	0.00e+00
 2.28268e+13	0.00e+00	1.06e-26	2.31e-19	1.16e-12	6.55e-07	9.81e-01	1.87e-02	0.00e+00
 2.36741e+13	9.37e-35	1.39e-26	2.86e-19	1.36e-12	7.14e-07	9.83e-01	1.72e-02	0.00e+00
 2.45592e+13	0.00e+00	1.81e-26	3.54e-19	1.59e-12	7.79e-07	9.84e-01	1.58e-02	0.00e+00
 2.53126e+13	1.68e-34	2.26e-26	4.23e-19	1.81e-12	8.36e-07	9.85e-01	1.48e-02	0.00e+00
 2.61110e+13	2.22e-34	2.84e-26	5.07e-19	2.06e-12	8.97e-07	9.86e-01	1.38e-02	0.00e+00
 2.69831e+13	2.96e-34	3.61e-26	6.13e-19	2.36e-12	9.68e-07	9.87e-01	1.28e-02	0.00e+00
 2.77734e+13	3.81e-34	4.45e-26	7.25e-19	2.67e-12	1.03e-06	9.88e-01	1.20e-02	0.00e+00
 2.86231e+13	5.00e-34	5.57e-26	8.64e-19	3.02e-12	1.11e-06	9.89e-01	1.13e-02	0.00e+00
 2.97004e+13	6.95e-34	7.30e-26	1.07e-18	3.52e-12	1.20e-06	9.90e-01	1.04e-02	0.00e+00
 3.07978e+13	9.60e-34	9.53e-26	1.32e-18	4.09e-12	1.30e-06	9.90e-01	9.62e-03	0.00e+00
 3.17365e+13	1.26e-33	1.19e-25	1.57e-18	4.63e-12	1.39e-06	9.91e-01	9.02e-03	0.00e+00
 3.27447e+13	1.67e-33	1.50e-25	1.89e-18	5.26e-12	1.49e-06	9.92e-01	8.44e-03	0.00e+00
 3.39958e+13	2.35e-33	1.99e-25	2.35e-18	6.13e-12	1.62e-06	9.92e-01	7.79e-03	0.00e+00
 3.52944e+13	3.29e-33	2.62e-25	2.92e-18	7.15e-12	1.76e-06	9.93e-01	7.19e-03	0.00e+00
 3.64742e+13	4.43e-33	3.34e-25	3.53e-18	8.18e-12	1.89e-06	9.93e-01	6.70e-03	0.00e+00
 3.77679e+13	6.13e-33	4.35e-25	4.33e-18	9.41e-12	2.03e-06	9.94e-01	6.23e-03	0.00e+00
 3.92840e+13	8.82e-33	5.85e-25	5.44e-18	1.10e-11	2.21e-06	9.94e-01	5.74e-03	0.00e+00
 4.07086e+13	1.22e-32	7.61e-25	6.69e-18	1.28e-11	2.38e-06	9.95e-01	5.29e-03	0.00e+00
 4.19359e+13	1.60e-32	9.53e-25	7.96e-18	1.44e-11	2.54e-06	9.95e-01	4.97e-03	0.00e+00
 4.32872e+13	2.15e-32	1.21e-24	9.58e-18	1.64e-11	2.71e-06	9.95e-01	4.65e-03	0.00e+00
 4.49470e+13	3.05e-32	1.61e-24	1.19e-17	1.90e-11	2.94e-06	9.96e-01	4.30e-03	0.00e+00
 4.66468e+13	4.27e-32	2.12e-24	1.48e-17	2.21e-11	3.19e-06	9.96e-01	3.97e-03	0.00e+00
 4.80882e+13	5.67e-32	2.67e-24	1.77e-17	2.50e-11	3.39e-06	9.96e-01	3.73e-03	0.00e+00
 4.92943e+13	7.14e-32	3.22e-24	2.04e-17	2.76e-11	3.58e-06	9.96e-01	3.54e-03	0.00e+00
 5.06015e+13	9.11e-32	3.92e-24	2.38e-17	3.07e-11	3.78e-06	9.97e-01	3.36e-03	0.00e+00
 5.23009e+13	1.24e-31	5.03e-24	2.89e-17	3.51e-11	4.05e-06	9.97e-01	3.13e-03	0.00e+00
 5.40644e+13	1.68e-31	6.46e-24	3.50e-17	4.01e-11	4.35e-06	9.97e-01	2.92e-03	0.00e+00
 5.55464e+13	2.16e-31	7.92e-24	4.10e-17	4.48e-11	4.60e-06	9.97e-01	2.76e-03	0.00e+00
 5.71080e+13	2.80e-31	9.79e-24	4.83e-17	5.00e-11	4.88e-06	9.97e-01	2.61e-03	0.00e+00
 5.91381e+13	3.86e-31	1.27e-23	5.92e-17	5.76e-11	5.25e-06	9.98e-01	2.42e-03	0.00e+00
 6.12423e+13	5.30e-31	1.65e-23	7.25e-17	6.64e-11	5.66e-06	9.98e-01	2.25e-03	0.00e+00
 6.30064e+13	6.92e-31	2.05e-23	8.56e-17	7.45e-11	6.01e-06	9.98e-01	2.12e-03	0.00e+00
 6.48633e+13	9.06e-31	2.55e-23	1.01e-16	8.37e-11	6.39e-06	9.98e-01	1.99e-03	0.00e+00
 6.72462e+13	1.26e-30	3.34e-23	1.25e-16	9.68e-11	6.90e-06	9.98e-01	1.85e-03	0.00e+00
 6.97376e+13	1.76e-30	4.38e-23	1.55e-16	1.12e-10	7.46e-06	9.98e-01	1.71e-03	0.00e+00
 7.18919e+13	2.33e-30	5.52e-23	1.85e-16	1.27e-10	7.96e-06	9.98e-01	1.60e-03	0.00e+00
 7.41830e+13	3.11e-30	6.99e-23	2.22e-16	1.44e-10	8.50e-06	9.98e-01	1.50e-03	0.00e+00
 7.70025e+13	4.37e-30	9.23e-23	2.76e-16	1.67e-10	9.21e-06	9.99e-01	1.39e-03	0.00e+00
 7.98275e+13	6.12e-30	1.21e-22	3.41e-16	1.94e-10	9.94e-06	9.99e-01	1.29e-03	0.00e+00
 8.23025e+13	8.08e-30	1.52e-22	4.07e-16	2.19e-10	1.06e-05	9.99e-01	1.20e-03	0.00e+00
 8.50040e+13	1.08e-29	1.94e-22	4.92e-16	2.50e-10	1.14e-05	9.99e-01	1.12e-03	0.00e+00
 8.82766e+13	1.53e-29	2.57e-22	6.13e-16	2.91e-10	1.23e-05	9.99e-01	1.04e-03	0.00e+00
 9.15473e+13	2.15e-29	3.39e-22	7.59e-16	3.37e-10	1.33e-05	9.99e-01	9.62e-04	0.00e+00
 9.44909e+13	2.86e-29	4.29e-22	9.13e-16	3.83e-10	1.42e-05	9.99e-01	8.99e-04	0.00e+00
 9.77531e+13	3.90e-29	5.53e-22	1.11e-15	4.39e-10	1.53e-05	9.99e-01	8.37e-04	0.00e+00
 1.01604e+14	5.53e-29	7.37e-22	1.39e-15	5.13e-10	1.66e-05	9.99e-01	7.71e-04	0.00e+00
 1.05406e+14	7.76e-29	9.72e-22	1.73e-15	5.94e-10	1.79e-05	9.99e-01	7.14e-04	0.00e+00
 1.08940e+14	1.05e-28	1.24e-21	2.10e-15	6.79e-10	1.92e-05	9.99e-01	6.66e-04	0.00e+00
 1.12908e+14	1.47e-28	1.64e-21	2.59e-15	7.84e-10	2.07e-05	9.99e-01	6.18e-04	0.00e+00
 1.17036e+14	2.05e-28	2.14e-21	3.19e-15	9.06e-10	2.24e-05	9.99e-01	5.73e-04	0.00e+00
 1.20588e+14	2.68e-28	2.67e-21	3.80e-15	1.02e-09	2.38e-05	9.99e-01	5.38e-04	0.00e+00
 1.23695e+14	3.39e-28	3.24e-21	4.42e-15	1.13e-09	2.51e-05	9.99e-01	5.10e-04	0.00e+00
 1.27040e+14	4.34e-28	3.97e-21	5.17e-15	1.26e-09	2.66e-05	9.99e-01	4.83e-04	0.00e+00
 1.31389e+14	6.00e-28	5.15e-21	6.31e-15	1.44e-09	2.85e-05	1.00e+00	4.51e-04	0.00e+00
 1.35859e+14	8.09e-28	6.60e-21	7.67e-15	1.65e-09	3.06e-05	1.00e+00	4.20e-04	0.00e+00
 1.39527e+14	1.04e-27	8.10e-21	8.98e-15	1.83e-09	3.23e-05	1.00e+00	3.98e-04	0.00e+00
 1.43335e+14	1.34e-27	9.96e-21	1.05e-14	2.04e-09	3.41e-05	1.00e+00	3.77e-04	0.00e+00
 1.48286e+14	1.87e-27	1.30e-20	1.29e-14	2.34e-09	3.65e-05	1.00e+00	3.51e-04	0.00e+00
 1.53529e+14	2.56e-27	1.68e-20	1.58e-14	2.69e-09	3.93e-05	1.00e+00	3.27e-04	0.00e+00
 1.58067e+14	3.39e-27	2.11e-20	1.88e-14	3.02e-09	4.16e-05	1.00e+00	3.08e-04	0.00e+00
 1.62884e+14	4.52e-27	2.66e-20	2.24e-14	3.40e-09	4.42e-05	1.00e+00	2.90e-04	0.00e+00
 1.68933e+14	6.46e-27	3.55e-20	2.79e-14	3.94e-09	4.76e-05	1.00e+00	2.70e-04	0.00e+00
 1.75219e+14	9.03e-27	4.67e-20	3.46e-14	4.56e-09	5.13e-05	1.00e+00	2.50e-04	0.00e+00
 1.80777e+14	1.22e-26	5.97e-20	4.17e-14	5.16e-09	5.46e-05	1.00e+00	2.35e-04	0.00e+00
 1.86752e+14	1.69e-26	7.74e-20	5.07e-14	5.87e-09	5.82e-05	1.00e+00	2.20e-04	0.00e+00
 1.93947e+14	2.40e-26	1.03e-19	6.34e-14	6.83e-09	6.29e-05	1.00e+00	2.04e-04	0.00e+00
 2.01120e+14	3.43e-26	1.37e-19	7.88e-14	7.89e-09	6.75e-05	1.00e+00	1.90e-04	0.00e+00
 2.07665e+14	4.72e-26	1.77e-19	9.55e-14	8.96e-09	7.19e-05	1.00e+00	1.78e-04	0.00e+00
 2.15003e+14	6.61e-26	2.33e-19	1.17e-13	1.03e-08	7.70e-05	1.00e+00	1.67e-04	0.00e+00
 2.23548e+14	9.67e-26	3.16e-19	1.48e-13	1.20e-08	8.32e-05	1.00e+00	1.54e-04	0.00e+00
 2.31967e+14	1.38e-25	4.22e-19	1.85e-13	1.39e-08	8.95e-05	1.00e+00	1.43e-04	0.00e+00
 2.39939e+14	1.92e-25	5.50e-19	2.27e-13	1.59e-08	9.57e-05	1.00e+00	1.34e-04	0.00e+00
 2.48782e+14	2.71e-25	7.28e-19	2.82e-13	1.84e-08	1.03e-04	1.00e+00	1.25e-04	0.00e+00
 2.58763e+14	3.98e-25	9.94e-19	3.57e-13	2.15e-08	1.11e-04	1.00e+00	1.16e-04	0.00e+00
 2.67236e+14	5.50e-25	1.29e-18	4.34e-13	2.44e-08	1.18e-04	1.00e+00	1.08e-04	0.00e+00
 2.73474e+14	6.78e-25	1.53e-18	4.98e-13	2.68e-08	1.24e-04	1.00e+00	1.04e-04	0.00e+00
 2.80038e+14	8.55e-25	1.85e-18	5.74e-13	2.94e-08	1.30e-04	1.00e+00	9.89e-05	0.00e+00
 2.88571e+14	1.15e-24	2.34e-18	6.88e-13	3.31e-08	1.37e-04	1.00e+00	9.32e-05	0.00e+00
 2.97982e+14	1.56e-24	3.01e-18	8.34e-13	3.77e-08	1.46e-04	1.00e+00	8.75e-05	0.00e+00
 3.06672e+14	2.08e-24	3.78e-18	9.92e-13	4.22e-08	1.55e-04	1.00e+00	8.27e-05	0.00e+00
 3.16107e+14	2.75e-24	4.76e-18	1.19e-12	4.76e-08	1.64e-04	1.00e+00	7.79e-05	0.00e+00
 3.26701e+14	3.84e-24	6.21e-18	1.45e-12	5.43e-08	1.75e-04	1.00e+00	7.30e-05	0.00e+00
 3.36833e+14	5.07e-24	7.81e-18	1.74e-12	6.13e-08	1.86e-04	1.00e+00	6.87e-05	0.00e+00
 3.48035e+14	6.94e-24	1.01e-17	2.12e-12	6.98e-08	1.99e-04	1.00e+00	6.44e-05	0.00e+00
 3.60529e+14	9.82e-24	1.33e-17	2.62e-12	8.03e-08	2.13e-04	1.00e+00	6.01e-05	0.00e+00
 3.72198e+14	1.32e-23	1.70e-17	3.17e-12	9.12e-08	2.27e-04	1.00e+00	5.64e-05	0.00e+00
 3.84863e+14	1.78e-23	2.18e-17	3.87e-12	1.04e-07	2.42e-04	1.00e+00	5.27e-05	0.00e+00
 3.98919e+14	2.52e-23	2.88e-17	4.80e-12	1.20e-07	2.60e-04	1.00e+00	4.91e-05	0.00e+00
 4.11938e+14	3.43e-23	3.70e-17	5.82e-12	1.37e-07	2.77e-04	1.00e+00	4.60e-05	0.00e+00
 4.26019e+14	4.61e-23	4.74e-17	7.11e-12	1.56e-07	2.97e-04	1.00e+00	4.30e-05	0.00e+00
 4.41725e+14	6.57e-23	6.31e-17	8.83e-12	1.81e-07	3.19e-04	1.00e+00	4.00e-05	0.00e+00
 4.56401e+14	8.68e-23	7.99e-17	1.07e-11	2.06e-07	3.41e-04	1.00e+00	3.74e-05	0.00e+00
 4.72339e+14	1.21e-22	1.05e-16	1.32e-11	2.36e-07	3.65e-04	1.00e+00	3.49e-05	0.00e+00
 4.90080e+14	1.66e-22	1.36e-16	1.64e-11	2.74e-07	3.94e-04	1.00e+00	3.24e-05	0.00e+00
 5.06623e+14	2.29e-22	1.77e-16	2.00e-11	3.12e-07	4.21e-04	1.00e+00	3.03e-05	0.00e+00
 5.24587e+14	3.07e-22	2.27e-16	2.46e-11	3.59e-07	4.52e-04	1.00e+00	2.82e-05	0.00e+00
 5.44547e+14	4.30e-22	3.00e-16	3.07e-11	4.17e-07	4.88e-04	9.99e-01	2.61e-05	0.00e+00
 5.63239e+14	5.83e-22	3.86e-16	3.76e-11	4.78e-07	5.22e-04	9.99e-01	2.44e-05	0.00e+00
 5.83582e+14	8.13e-22	5.06e-16	4.64e-11	5.51e-07	5.61e-04	9.99e-01	2.27e-05	0.00e+00
 6.06292e+14	1.13e-21	6.67e-16	5.81e-11	6.42e-07	6.08e-04	9.99e-01	2.10e-05	0.00e+00
 6.27736e+14	1.55e-21	8.66e-16	7.15e-11	7.38e-07	6.52e-04	9.99e-01	1.95e-05	0.00e+00
 6.46964e+14	2.00e-21	1.08e-15	8.54e-11	8.33e-07	6.94e-04	9.99e-01	1.83e-05	0.00e+00
 6.67745e+14	2.66e-21	1.36e-15	1.03e-10	9.46e-07	7.41e-04	9.99e-01	1.72e-05	0.00e+00
 6.93096e+14	3.64e-21	1.78e-15	1.28e-10	1.10e-06	8.00e-04	9.99e-01	1.59e-05	0.00e+00
 7.16013e+14	4.89e-21	2.27e-15	1.56e-10	1.25e-06	8.56e-04	9.99e-01	1.49e-05	0.00e+00
 7.32916e+14	5.97e-21	2.68e-15	1.79e-10	1.37e-06	8.98e-04	9.99e-01	1.41e-05	0.00e+00
 7.50375e+14	7.30e-21	3.18e-15	2.05e-10	1.51e-06	9.43e-04	9.99e-01	1.35e-05	0.00e+00
 7.73072e+14	9.40e-21	3.94e-15	2.45e-10	1.70e-06	1.00e-03	9.99e-01	1.27e-05	0.00e+00
 7.97830e+14	1.25e-20	4.98e-15	2.95e-10	1.93e-06	1.07e-03	9.99e-01	1.19e-05	0.00e+00
 8.20398e+14	1.58e-20	6.08e-15	3.48e-10	2.16e-06	1.14e-03	9.99e-01	1.12e-05	0.00e+00
 8.44868e+14	2.05e-20	7.55e-15	4.14e-10	2.43e-06	1.21e-03	9.99e-01	1.05e-05	0.00e+00
 8.75888e+14	2.79e-20	9.79e-15	5.12e-10	2.81e-06	1.30e-03	9.99e-01	9.74e-06	0.00e+00
 9.06915e+14	3.78e-20	1.26e-14	6.29e-10	3.23e-06	1.40e-03	9.99e-01	9.06e-06	0.00e+00
 9.32676e+14	4.80e-20	1.54e-14	7.42e-10	3.62e-06	1.48e-03	9.99e-01	8.54e-06	0.00e+00
 9.60100e+14	6.17e-20	1.91e-14	8.81e-10	4.06e-06	1.58e-03	9.98e-01	8.04e-06	0.00e+00
 9.95127e+14	8.35e-20	2.46e-14	1.09e-09	4.69e-06	1.70e-03	9.98e-01	7.45e-06	0.00e+00
 1.03203e+15	1.15e-19	3.22e-14	1.35e-09	5.43e-06	1.83e-03	9.98e-01	6.90e-06	0.00e+00
 1.06475e+15	1.50e-19	4.03e-14	1.62e-09	6.16e-06	1.95e-03	9.98e-01	6.46e-06	0.00e+00
 1.10004e+15	1.99e-19	5.10e-14	1.96e-09	7.02e-06	2.09e-03	9.98e-01	6.03e-06	0.00e+00
 1.14240e+15	2.76e-19	6.71e-14	2.45e-09	8.17e-06	2.27e-03	9.98e-01	5.56e-06	0.00e+00
 1.18439e+15	3.74e-19	8.70e-14	3.04e-09	9.44e-06	2.44e-03	9.98e-01	5.16e-06	0.00e+00
 1.22223e+15	4.93e-19	1.09e-13	3.65e-09	1.07e-05	2.61e-03	9.97e-01	4.82e-06	0.00e+00
 1.26420e+15	6.54e-19	1.39e-13	4.45e-09	1.23e-05	2.80e-03	9.97e-01	4.49e-06	0.00e+00
 1.31370e+15	9.13e-19	1.84e-13	5.58e-09	1.43e-05	3.04e-03	9.97e-01	4.13e-06	0.00e+00
 1.36262e+15	1.23e-18	2.38e-13	6.92e-09	1.66e-05	3.29e-03	9.97e-01	3.82e-06	0.00e+00
 1.40122e+15	1.57e-18	2.92e-13	8.15e-09	1.85e-05	3.49e-03	9.96e-01	3.60e-06	0.00e+00
 1.43068e+15	1.89e-18	3.40e-13	9.21e-09	2.01e-05	3.65e-03	9.96e-01	3.44e-06	0.00e+00
 1.46287e+15	2.27e-18	3.97e-13	1.05e-08	2.20e-05	3.82e-03	9.96e-01	3.28e-06	0.00e+00
 1.50472e+15	2.91e-18	4.89e-13	1.24e-08	2.47e-05	4.06e-03	9.96e-01	3.08e-06	0.00e+00
 1.55021e+15	3.72e-18	6.03e-13	1.47e-08	2.78e-05	4.34e-03	9.96e-01	2.88e-06	0.00e+00
 1.59115e+15	4.64e-18	7.27e-13	1.72e-08	3.09e-05	4.58e-03	9.95e-01	2.73e-06	0.00e+00
 1.63511e+15	5.76e-18	8.77e-13	2.01e-08	3.45e-05	4.86e-03	9.95e-01	2.57e-06	0.00e+00
 1.69225e+15	7.80e-18	1.13e-12	2.46e-08	3.96e-05	5.24e-03	9.95e-01	2.38e-06	0.00e+00
 1.74984e+15	1.03e-17	1.43e-12	2.99e-08	4.53e-05	5.64e-03	9.94e-01	2.21e-06	0.00e+00
 1.79575e+15	1.28e-17	1.72e-12	3.48e-08	5.03e-05	5.97e-03	9.94e-01	2.09e-06	0.00e+00
 1.84317e+15	1.58e-17	2.06e-12	4.06e-08	5.58e-05	6.32e-03	9.94e-01	1.97e-06	0.00e+00
 1.90481e+15	2.08e-17	2.60e-12	4.91e-08	6.37e-05	6.79e-03	9.93e-01	1.83e-06	0.00e+00
 1.97047e+15	2.74e-17	3.30e-12	5.99e-08	7.30e-05	7.32e-03	9.93e-01	1.69e-06	0.00e+00
 2.02820e+15	3.43e-17	4.01e-12	7.09e-08	8.20e-05	7.80e-03	9.92e-01	1.59e-06	0.00e+00
 2.09012e+15	4.43e-17	4.98e-12	8.44e-08	9.26e-05	8.35e-03	9.92e-01	1.48e-06	0.00e+00
 2.16763e+15	6.00e-17	6.45e-12	1.04e-07	1.07e-04	9.06e-03	9.91e-01	1.42e-06	0.00e+00
 2.24718e+15	7.98e-17	8.26e-12	1.29e-07	1.24e-04	9.83e-03	9.90e-01	1.36e-06	0.00e+00
 2.31692e+15	1.01e-16	1.02e-11	1.54e-07	1.40e-04	1.05e-02	9.89e-01	1.31e-06	0.00e+00
 2.39214e+15	1.50e-16	1.29e-11	1.86e-07	1.59e-04	1.13e-02	9.89e-01	1.27e-06	0.00e+00
 2.48336e+15	2.02e-16	1.67e-11	2.32e-07	1.85e-04	1.23e-02	9.88e-01	1.22e-06	0.00e+00
 2.57456e+15	2.75e-16	2.15e-11	2.86e-07	2.14e-04	1.34e-02	9.86e-01	1.18e-06	0.00e+00
 2.65588e+15	3.55e-16	2.68e-11	3.44e-07	2.42e-04	1.43e-02	9.85e-01	1.15e-06	0.00e+00
 2.74519e+15	4.62e-16	3.37e-11	4.17e-07	2.77e-04	1.54e-02	9.84e-01	1.11e-06	0.00e+00
 2.83272e+15	6.01e-16	4.21e-11	5.02e-07	3.14e-04	1.66e-02	9.83e-01	1.09e-06	0.00e+00
 2.89817e+15	7.29e-16	4.95e-11	5.75e-07	3.43e-04	1.75e-02	9.82e-01	1.07e-06	0.00e+00
 2.96352e+15	8.78e-16	5.80e-11	6.56e-07	3.76e-04	1.84e-02	9.81e-01	1.06e-06	0.00e+00
 3.04847e+15	1.12e-15	7.11e-11	7.76e-07	4.21e-04	1.96e-02	9.80e-01	1.04e-06	0.00e+00
 3.13911e+15	1.38e-15	8.64e-11	9.23e-07	4.73e-04	2.09e-02	9.79e-01	1.02e-06	0.00e+00
 3.21870e+15	1.71e-15	1.03e-10	1.07e-06	5.23e-04	2.21e-02	9.77e-01	1.01e-06	0.00e+00
 3.30372e+15	2.13e-15	1.25e-10	1.25e-06	5.80e-04	2.35e-02	9.76e-01	9.98e-07	0.00e+00
 3.41423e+15	2.91e-15	1.60e-10	1.52e-06	6.62e-04	2.53e-02	9.74e-01	0.00e+00	0.00e+00
 3.52572e+15	3.68e-15	1.99e-10	1.85e-06	7.53e-04	2.72e-02	9.72e-01	0.00e+00	0.00e+00
 3.61551e+15	4.57e-15	2.39e-10	2.15e-06	8.32e-04	2.88e-02	9.70e-01	0.00e+00	0.00e+00
 3.70928e+15	5.67e-15	2.88e-10	2.50e-06	9.22e-04	3.05e-02	9.69e-01	0.00e+00	0.00e+00
 3.83117e+15	7.77e-15	3.71e-10	3.05e-06	1.05e-03	3.28e-02	9.66e-01	0.00e+00	0.00e+00
 3.95961e+15	1.01e-14	4.68e-10	3.72e-06	1.20e-03	3.53e-02	9.64e-01	0.00e+00	0.00e+00
 4.07094e+15	1.30e-14	5.76e-10	4.39e-06	1.34e-03	3.75e-02	9.61e-01	0.00e+00	0.00e+00
 4.19006e+15	1.69e-14	7.17e-10	5.24e-06	1.50e-03	4.00e-02	9.58e-01	0.00e+00	0.00e+00
 4.34256e+15	2.30e-14	9.34e-10	6.51e-06	1.73e-03	4.33e-02	9.55e-01	0.00e+00	0.00e+00
 4.50113e+15	3.08e-14	1.21e-09	8.10e-06	2.00e-03	4.69e-02	9.51e-01	0.00e+00	0.00e+00
 4.63945e+15	4.04e-14	1.52e-09	9.74e-06	2.25e-03	5.01e-02	9.48e-01	0.00e+00	0.00e+00
 4.78874e+15	5.39e-14	1.94e-09	1.18e-05	2.56e-03	5.37e-02	9.44e-01	0.00e+00	0.00e+00
 4.97061e+15	7.39e-14	2.54e-09	1.49e-05	2.97e-03	5.83e-02	9.39e-01	0.00e+00	0.00e+00
 5.15414e+15	9.94e-14	3.30e-09	1.85e-05	3.43e-03	6.30e-02	9.34e-01	0.00e+00	0.00e+00
 5.31901e+15	1.38e-13	4.30e-09	2.25e-05	3.89e-03	6.75e-02	9.29e-01	0.00e+00	0.00e+00
 5.45790e+15	1.74e-13	5.23e-09	2.64e-05	4.32e-03	7.14e-02	9.24e-01	0.00e+00	0.00e+00
 5.57541e+15	2.11e-13	6.16e-09	3.01e-05	4.70e-03	7.47e-02	9.21e-01	0.00e+00	0.00e+00
 5.70751e+15	2.61e-13	7.37e-09	3.48e-05	5.16e-03	7.86e-02	9.16e-01	0.00e+00	0.00e+00
 5.87924e+15	3.36e-13	9.18e-09	4.18e-05	5.81e-03	8.37e-02	9.10e-01	0.00e+00	0.00e+00
 6.05775e+15	4.31e-13	1.14e-08	5.02e-05	6.54e-03	8.90e-02	9.04e-01	0.00e+00	0.00e+00
 6.20663e+15	5.38e-13	1.38e-08	5.84e-05	7.20e-03	9.37e-02	8.99e-01	0.00e+00	0.00e+00
 6.36173e+15	6.75e-13	1.67e-08	6.81e-05	7.95e-03	9.87e-02	8.93e-01	0.00e+00	0.00e+00
 6.56337e+15	9.39e-13	2.18e-08	8.28e-05	9.01e-03	1.06e-01	8.85e-01	0.00e+00	0.00e+00
 6.77096e+15	1.20e-12	2.71e-08	1.00e-04	1.02e-02	1.12e-01	8.77e-01	0.00e+00	0.00e+00
 6.94270e+15	1.51e-12	3.30e-08	1.17e-04	1.13e-02	1.18e-01	8.70e-01	0.00e+00	0.00e+00
 7.12238e+15	1.92e-12	4.03e-08	1.37e-04	1.25e-02	1.25e-01	8.63e-01	0.00e+00	0.00e+00
 7.35597e+15	2.71e-12	5.32e-08	1.69e-04	1.42e-02	1.33e-01	8.52e-01	0.00e+00	0.00e+00
 7.59789e+15	3.61e-12	6.81e-08	2.06e-04	1.61e-02	1.42e-01	8.42e-01	0.00e+00	0.00e+00
 7.80168e+15	4.53e-12	8.29e-08	2.43e-04	1.79e-02	1.50e-01	8.32e-01	0.00e+00	0.00e+00
 8.01766e+15	5.84e-12	1.03e-07	2.88e-04	1.99e-02	1.58e-01	8.22e-01	0.00e+00	0.00e+00
 8.29843e+15	8.52e-12	1.39e-07	3.59e-04	2.29e-02	1.69e-01	8.07e-01	0.00e+00	0.00e+00
 8.58060e+15	1.12e-11	1.77e-07	4.41e-04	2.60e-02	1.80e-01	7.93e-01	0.00e+00	0.00e+00
 8.81358e+15	1.44e-11	2.19e-07	5.22e-04	2.90e-02	1.90e-01	7.81e-01	0.00e+00	0.00e+00
 9.06546e+15	1.88e-11	2.74e-07	6.24e-04	3.24e-02	2.00e-01	7.67e-01	0.00e+00	0.00e+00
 9.39200e+15	2.80e-11	3.77e-07	7.86e-04	3.73e-02	2.14e-01	7.48e-01	0.00e+00	0.00e+00
 9.71431e+15	3.79e-11	4.88e-07	9.69e-04	4.25e-02	2.27e-01	7.30e-01	0.00e+00	0.00e+00
 9.96962e+15	4.93e-11	6.07e-07	1.14e-03	4.71e-02	2.38e-01	7.14e-01	0.00e+00	0.00e+00
 1.02391e+16	6.43e-11	7.57e-07	1.36e-03	5.23e-02	2.49e-01	6.97e-01	0.00e+00	0.00e+00
 1.05113e+16	8.21e-11	9.30e-07	1.60e-03	5.78e-02	2.60e-01	6.80e-01	0.00e+00	0.00e+00
 1.07422e+16	9.95e-11	1.10e-06	1.84e-03	6.28e-02	2.70e-01	6.66e-01	0.00e+00	0.00e+00
 1.09976e+16	1.25e-10	1.33e-06	2.14e-03	6.88e-02	2.80e-01	6.49e-01	0.00e+00	0.00e+00
 1.12746e+16	1.68e-10	1.68e-06	2.53e-03	7.60e-02	2.92e-01	6.29e-01	0.00e+00	0.00e+00
 1.15189e+16	2.07e-10	2.00e-06	2.90e-03	8.25e-02	3.02e-01	6.13e-01	0.00e+00	0.00e+00
 1.17754e+16	2.56e-10	2.40e-06	3.35e-03	8.98e-02	3.11e-01	5.95e-01	0.00e+00	0.00e+00
 1.21089e+16	3.48e-10	3.08e-06	4.05e-03	1.00e-01	3.25e-01	5.71e-01	0.00e+00	0.00e+00
 1.24337e+16	4.46e-10	3.81e-06	4.79e-03	1.11e-01	3.36e-01	5.49e-01	0.00e+00	0.00e+00
 1.26935e+16	5.40e-10	4.49e-06	5.49e-03	1.20e-01	3.45e-01	5.30e-01	0.00e+00	0.00e+00
 1.29776e+16	6.78e-10	5.43e-06	6.38e-03	1.30e-01	3.54e-01	5.10e-01	0.00e+00	0.00e+00
 1.33469e+16	9.72e-10	7.22e-06	7.78e-03	1.45e-01	3.66e-01	4.80e-01	0.00e+00	0.00e+00
 1.36985e+16	1.25e-09	8.94e-06	9.25e-03	1.60e-01	3.76e-01	4.55e-01	0.00e+00	0.00e+00
 1.39593e+16	1.54e-09	1.06e-05	1.05e-02	1.72e-01	3.82e-01	4.35e-01	0.00e+00	0.00e+00
 1.42306e+16	1.87e-09	1.25e-05	1.21e-02	1.85e-01	3.88e-01	4.15e-01	0.00e+00	0.00e+00
 1.45832e+16	2.60e-09	1.62e-05	1.45e-02	2.03e-01	3.96e-01	3.87e-01	0.00e+00	0.00e+00
 1.49383e+16	3.26e-09	1.98e-05	1.71e-02	2.21e-01	4.00e-01	3.61e-01	0.00e+00	0.00e+00
 1.52248e+16	4.07e-09	2.38e-05	1.96e-02	2.37e-01	4.03e-01	3.40e-01	0.00e+00	0.00e+00
 1.54781e+16	5.29e-09	2.91e-05	2.24e-02	2.53e-01	4.06e-01	3.19e-01	0.00e+00	0.00e+00
 1.56981e+16	6.23e-09	3.33e-05	2.48e-02	2.66e-01	4.06e-01	3.03e-01	0.00e+00	0.00e+00
 1.59220e+16	7.29e-09	3.81e-05	2.77e-02	2.80e-01	4.06e-01	2.86e-01	0.00e+00	0.00e+00
 1.62130e+16	9.89e-09	4.81e-05	3.23e-02	3.00e-01	4.05e-01	2.63e-01	0.00e+00	0.00e+00
 1.65109e+16	1.19e-08	5.64e-05	3.70e-02	3.19e-01	4.01e-01	2.43e-01	0.00e+00	0.00e+00
 1.67582e+16	1.55e-08	6.93e-05	4.21e-02	3.37e-01	3.97e-01	2.23e-01	0.00e+00	0.00e+00
 1.69731e+16	1.90e-08	8.11e-05	4.69e-02	3.53e-01	3.93e-01	2.08e-01	0.00e+00	0.00e+00
 1.71731e+16	2.22e-08	9.24e-05	5.18e-02	3.67e-01	3.87e-01	1.94e-01	0.00e+00	0.00e+00
 1.74007e+16	2.63e-08	1.06e-04	5.80e-02	3.84e-01	3.80e-01	1.78e-01	0.00e+00	0.00e+00
 1.76551e+16	3.47e-08	1.32e-04	6.65e-02	4.04e-01	3.70e-01	1.60e-01	0.00e+00	0.00e+00
 1.78788e+16	4.34e-08	1.56e-04	7.46e-02	4.21e-01	3.60e-01	1.45e-01	0.00e+00	0.00e+00
 1.80643e+16	5.04e-08	1.77e-04	8.19e-02	4.34e-01	3.50e-01	1.33e-01	0.00e+00	0.00e+00
 1.82658e+16	6.14e-08	2.07e-04	9.13e-02	4.50e-01	3.39e-01	1.20e-01	0.00e+00	0.00e+00
 1.84848e+16	7.68e-08	2.46e-04	1.03e-01	4.66e-01	3.25e-01	1.07e-01	0.00e+00	0.00e+00
 1.86755e+16	1.01e-07	3.01e-04	1.15e-01	4.80e-01	3.11e-01	9.43e-02	0.00e+00	0.00e+00
 1.88313e+16	1.22e-07	3.47e-04	1.25e-01	4.91e-01	2.99e-01	8.49e-02	0.00e+00	0.00e+00
 1.89930e+16	1.48e-07	4.02e-04	1.37e-01	5.02e-01	2.85e-01	7.55e-02	0.00e+00	0.00e+00
 1.91698e+16	1.74e-07	4.58e-04	1.51e-01	5.13e-01	2.69e-01	6.65e-02	0.00e+00	0.00e+00
 1.93311e+16	2.12e-07	5.32e-04	1.65e-01	5.22e-01	2.54e-01	5.81e-02	0.00e+00	0.00e+00
 1.94732e+16	2.58e-07	6.15e-04	1.79e-01	5.30e-01	2.39e-01	5.10e-02	0.00e+00	0.00e+00
 1.96005e+16	3.33e-07	7.36e-04	1.94e-01	5.36e-01	2.25e-01	4.41e-02	0.00e+00	0.00e+00
 1.97049e+16	3.78e-07	8.10e-04	2.06e-01	5.40e-01	2.14e-01	3.96e-02	0.00e+00	0.00e+00
 1.98047e+16	4.21e-07	8.82e-04	2.18e-01	5.43e-01	2.03e-01	3.55e-02	0.00e+00	0.00e+00
 1.99344e+16	5.30e-07	1.04e-03	2.36e-01	5.46e-01	1.87e-01	2.99e-02	0.00e+00	0.00e+00
 2.00576e+16	6.58e-07	1.21e-03	2.54e-01	5.48e-01	1.72e-01	2.51e-02	0.00e+00	0.00e+00
 2.01435e+16	7.48e-07	1.33e-03	2.66e-01	5.48e-01	1.62e-01	2.22e-02	0.00e+00	0.00e+00
 2.02088e+16	8.30e-07	1.44e-03	2.76e-01	5.48e-01	1.54e-01	2.01e-02	0.00e+00	0.00e+00
 2.02764e+16	9.19e-07	1.55e-03	2.87e-01	5.48e-01	1.45e-01	1.80e-02	0.00e+00	0.00e+00
 2.03643e+16	1.06e-06	1.72e-03	3.02e-01	5.47e-01	1.34e-01	1.54e-02	0.00e+00	0.00e+00
 2.04480e+16	1.23e-06	1.90e-03	3.16e-01	5.45e-01	1.24e-01	1.32e-02	0.00e+00	0.00e+00
 2.05062e+16	1.36e-06	2.05e-03	3.26e-01	5.43e-01	1.17e-01	1.18e-02	0.00e+00	0.00e+00
 2.05617e+16	1.46e-06	2.16e-03	3.36e-01	5.41e-01	1.10e-01	1.05e-02	0.00e+00	0.00e+00
 2.06338e+16	1.65e-06	2.36e-03	3.49e-01	5.38e-01	1.02e-01	9.01e-03	0.00e+00	0.00e+00
 2.07073e+16	1.89e-06	2.59e-03	3.63e-01	5.34e-01	9.31e-02	7.61e-03	0.00e+00	0.00e+00
 2.07643e+16	2.11e-06	2.81e-03	3.74e-01	5.30e-01	8.66e-02	6.61e-03	0.00e+00	0.00e+00
 2.08106e+16	2.32e-06	2.99e-03	3.83e-01	5.27e-01	8.14e-02	5.87e-03	0.00e+00	0.00e+00
 2.08613e+16	2.55e-06	3.20e-03	3.93e-01	5.23e-01	7.57e-02	5.11e-03	0.00e+00	0.00e+00
 2.09272e+16	2.99e-06	3.57e-03	4.08e-01	5.16e-01	6.84e-02	4.19e-03	0.00e+00	0.00e+00
 2.09894e+16	3.35e-06	3.87e-03	4.20e-01	5.11e-01	6.23e-02	3.51e-03	0.00e+00	0.00e+00
 2.10366e+16	3.57e-06	4.05e-03	4.28e-01	5.07e-01	5.80e-02	3.07e-03	0.00e+00	0.00e+00
 2.10880e+16	3.95e-06	4.35e-03	4.38e-01	5.01e-01	5.32e-02	2.61e-03	0.00e+00	0.00e+00
 2.11547e+16	4.64e-06	4.85e-03	4.53e-01	4.93e-01	4.71e-02	2.06e-03	0.00e+00	0.00e+00
 2.12192e+16	5.21e-06	5.26e-03	4.66e-01	4.85e-01	4.21e-02	1.66e-03	0.00e+00	0.00e+00
 2.12714e+16	5.80e-06	5.66e-03	4.76e-01	4.79e-01	3.82e-02	1.38e-03	0.00e+00	0.00e+00
 2.13302e+16	6.49e-06	6.12e-03	4.87e-01	4.71e-01	3.41e-02	1.11e-03	0.00e+00	0.00e+00
 2.14066e+16	7.56e-06	6.79e-03	5.02e-01	4.61e-01	2.92e-02	8.28e-04	0.00e+00	0.00e+00
 2.14847e+16	8.78e-06	7.52e-03	5.17e-01	4.50e-01	2.50e-02	6.13e-04	0.00e+00	0.00e+00
 2.15501e+16	9.94e-06	8.19e-03	5.29e-01	4.41e-01	2.18e-02	4.73e-04	0.00e+00	0.00e+00
 2.16199e+16	1.14e-05	8.98e-03	5.42e-01	4.30e-01	1.87e-02	3.54e-04	0.00e+00	0.00e+00
 2.17107e+16	1.35e-05	1.01e-02	5.58e-01	4.17e-01	1.53e-02	2.42e-04	0.00e+00	0.00e+00
 2.18071e+16	1.62e-05	1.14e-02	5.74e-01	4.02e-01	1.24e-02	1.62e-04	0.00e+00	0.00e+00
 2.18764e+16	1.84e-05	1.24e-02	5.86e-01	3.91e-01	1.07e-02	1.22e-04	0.00e+00	0.00e+00
 2.19204e+16	2.00e-05	1.31e-02	5.93e-01	3.84e-01	9.72e-03	1.01e-04	0.00e+00	0.00e+00
 2.19661e+16	2.18e-05	1.39e-02	6.00e-01	3.77e-01	8.76e-03	8.30e-05	0.00e+00	0.00e+00
 2.20254e+16	2.43e-05	1.50e-02	6.10e-01	3.68e-01	7.65e-03	6.40e-05	0.00e+00	0.00e+00
 2.21024e+16	2.80e-05	1.65e-02	6.22e-01	3.55e-01	6.42e-03	4.58e-05	0.00e+00	0.00e+00
 2.21819e+16	3.24e-05	1.82e-02	6.34e-01	3.42e-01	5.39e-03	3.27e-05	0.00e+00	0.00e+00
 2.22474e+16	3.65e-05	1.97e-02	6.44e-01	3.32e-01	4.66e-03	2.49e-05	0.00e+00	0.00e+00
 2.23155e+16	4.15e-05	2.14e-02	6.54e-01	3.21e-01	3.99e-03	1.85e-05	0.00e+00	0.00e+00
 2.23910e+16	4.78e-05	2.35e-02	6.65e-01	3.09e-01	3.37e-03	1.34e-05	0.00e+00	0.00e+00
 2.24593e+16	5.42e-05	2.56e-02	6.74e-01	2.97e-01	2.89e-03	1.01e-05	0.00e+00	0.00e+00
 2.25212e+16	6.12e-05	2.78e-02	6.83e-01	2.87e-01	2.51e-03	7.73e-06	0.00e+00	0.00e+00
 2.25916e+16	7.00e-05	3.04e-02	6.92e-01	2.75e-01	2.13e-03	5.70e-06	0.00e+00	0.00e+00
 2.26677e+16	8.12e-05	3.36e-02	7.02e-01	2.62e-01	1.79e-03	4.13e-06	0.00e+00	0.00e+00
 2.27338e+16	9.26e-05	3.66e-02	7.10e-01	2.51e-01	1.54e-03	3.13e-06	0.00e+00	0.00e+00
 2.27920e+16	1.04e-04	3.96e-02	7.18e-01	2.41e-01	1.34e-03	2.43e-06	0.00e+00	0.00e+00
 2.28577e+16	1.19e-04	4.33e-02	7.25e-01	2.30e-01	1.15e-03	1.82e-06	0.00e+00	0.00e+00
 2.29297e+16	1.38e-04	4.78e-02	7.33e-01	2.18e-01	9.65e-04	1.34e-06	0.00e+00	0.00e+00
 2.29939e+16	1.59e-04	5.25e-02	7.40e-01	2.07e-01	8.24e-04	1.01e-06	0.00e+00	0.00e+00
 2.30491e+16	1.80e-04	5.69e-02	7.45e-01	1.97e-01	7.18e-04	7.92e-07	0.00e+00	0.00e+00
 2.31087e+16	2.05e-04	6.20e-02	7.50e-01	1.87e-01	6.16e-04	0.00e+00	0.00e+00	0.00e+00
 2.31752e+16	2.38e-04	6.86e-02	7.55e-01	1.75e-01	5.19e-04	0.00e+00	0.00e+00	0.00e+00
 2.32352e+16	2.74e-04	7.52e-02	7.59e-01	1.65e-01	4.43e-04	0.00e+00	0.00e+00	0.00e+00
 2.32877e+16	3.10e-04	8.18e-02	7.61e-01	1.56e-01	3.84e-04	0.00e+00	0.00e+00	0.00e+00
 2.33456e+16	3.57e-04	8.96e-02	7.63e-01	1.46e-01	3.26e-04	0.00e+00	0.00e+00	0.00e+00
 2.34087e+16	4.18e-04	9.94e-02	7.64e-01	1.36e-01	2.72e-04	0.00e+00	0.00e+00	0.00e+00
 2.34638e+16	4.82e-04	1.09e-01	7.64e-01	1.26e-01	2.31e-04	0.00e+00	0.00e+00	0.00e+00
 2.35110e+16	5.46e-04	1.18e-01	7.62e-01	1.19e-01	2.00e-04	0.00e+00	0.00e+00	0.00e+00
 2.35629e+16	6.26e-04	1.30e-01	7.60e-01	1.10e-01	1.69e-04	0.00e+00	0.00e+00	0.00e+00
 2.36207e+16	7.35e-04	1.44e-01	7.55e-01	1.01e-01	1.40e-04	0.00e+00	0.00e+00	0.00e+00
 2.36733e+16	8.53e-04	1.58e-01	7.48e-01	9.22e-02	1.17e-04	0.00e+00	0.00e+00	0.00e+00
 2.37189e+16	9.76e-04	1.73e-01	7.41e-01	8.50e-02	9.90e-05	0.00e+00	0.00e+00	0.00e+00
 2.37683e+16	1.13e-03	1.89e-01	7.32e-01	7.75e-02	8.24e-05	0.00e+00	0.00e+00	0.00e+00
 2.38237e+16	1.34e-03	2.11e-01	7.19e-01	6.92e-02	6.63e-05	0.00e+00	0.00e+00	0.00e+00
 2.38743e+16	1.57e-03	2.33e-01	7.03e-01	6.18e-02	5.37e-05	0.00e+00	0.00e+00	0.00e+00
 2.39184e+16	1.81e-03	2.55e-01	6.88e-01	5.55e-02	4.42e-05	0.00e+00	0.00e+00	0.00e+00
 2.39667e+16	2.12e-03	2.81e-01	6.68e-01	4.89e-02	3.53e-05	0.00e+00	0.00e+00	0.00e+00
 2.40211e+16	2.55e-03	3.14e-01	6.42e-01	4.18e-02	2.70e-05	0.00e+00	0.00e+00	0.00e+00
 2.40721e+16	3.05e-03	3.49e-01	6.12e-01	3.56e-02	2.06e-05	0.00e+00	0.00e+00	0.00e+00
 2.41182e+16	3.59e-03	3.85e-01	5.82e-01	3.02e-02	1.57e-05	0.00e+00	0.00e+00	0.00e+00
 2.41695e+16	4.32e-03	4.27e-01	5.44e-01	2.47e-02	1.14e-05	0.00e+00	0.00e+00	0.00e+00
 2.42241e+16	5.31e-03	4.78e-01	4.97e-01	1.93e-02	7.83e-06	0.00e+00	0.00e+00	0.00e+00
 2.42691e+16	6.35e-03	5.25e-01	4.54e-01	1.53e-02	5.52e-06	0.00e+00	0.00e+00	0.00e+00
 2.43059e+16	7.33e-03	5.64e-01	4.16e-01	1.24e-02	4.05e-06	0.00e+00	0.00e+00	0.00e+00
 2.43394e+16	8.40e-03	6.02e-01	3.80e-01	1.01e-02	2.98e-06	0.00e+00	0.00e+00	0.00e+00
 2.43717e+16	9.59e-03	6.39e-01	3.44e-01	8.07e-03	2.17e-06	0.00e+00	0.00e+00	0.00e+00
 2.44035e+16	1.09e-02	6.75e-01	3.07e-01	6.33e-03	1.54e-06	0.00e+00	0.00e+00	0.00e+00
 2.44342e+16	1.24e-02	7.10e-01	2.72e-01	4.91e-03	1.08e-06	0.00e+00	0.00e+00	0.00e+00
 2.44632e+16	1.40e-02	7.43e-01	2.39e-01	3.77e-03	7.54e-07	0.00e+00	0.00e+00	0.00e+00
 2.44908e+16	1.57e-02	7.73e-01	2.08e-01	2.86e-03	0.00e+00	0.00e+00	0.00e+00	0.00e+00
 2.45171e+16	1.76e-02	8.00e-01	1.80e-01	2.15e-03	0.00e+00	0.00e+00	0.00e+00	0.00e+00
 2.45424e+16	1.97e-02	8.24e-01	1.55e-01	1.60e-03	0.00e+00	0.00e+00	0.00e+00	0.00e+00
 2.45670e+16	2.19e-02	8.45e-01	1.31e-01	1.17e-03	0.00e+00	0.00e+00	0.00e+00	0.00e+00
 2.45907e+16	2.45e-02	8.64e-01	1.10e-01	8.45e-04	0.00e+00	0.00e+00	0.00e+00	0.00e+00
 2.46135e+16	2.71e-02	8.80e-01	9.24e-02	6.05e-04	0.00e+00	0.00e+00	0.00e+00	0.00e+00
 2.46356e+16	3.01e-02	8.93e-01	7.66e-02	4.28e-04	0.00e+00	0.00e+00	0.00e+00	0.00e+00
 2.46574e+16	3.34e-02	9.04e-01	6.27e-02	2.97e-04	0.00e+00	0.00e+00	0.00e+00	0.00e+00
 2.46786e+16	3.71e-02	9.12e-01	5.08e-02	2.03e-04	0.00e+00	0.00e+00	0.00e+00	0.00e+00
 2.46990e+16	4.11e-02	9.18e-01	4.10e-02	1.38e-04	0.00e+00	0.00e+00	0.00e+00	0.00e+00
 2.47181e+16	4.54e-02	9.21e-01	3.31e-02	9.35e-05	0.00e+00	0.00e+00	0.00e+00	0.00e+00
 2.47361e+16	4.98e-02	9.23e-01	2.68e-02	6.40e-05	0.00e+00	0.00e+00	0.00e+00	0.00e+00
 2.47535e+16	5.46e-02	9.24e-01	2.15e-02	4.32e-05	0.00e+00	0.00e+00	0.00e+00	0.00e+00
 2.47702e+16	5.98e-02	9.23e-01	1.74e-02	2.93e-05	0.00e+00	0.00e+00	0.00e+00	0.00e+00
 2.47860e+16	6.53e-02	9.21e-01	1.40e-02	1.99e-05	0.00e+00	0.00e+00	0.00e+00	0.00e+00
 2.48014e+16	7.09e-02	9.18e-01	1.12e-02	1.35e-05	0.00e+00	0.00e+00	0.00e+00	0.00e+00
 2.48159e+16	7.68e-02	9.14e-01	9.06e-03	9.19e-06	0.00e+00	0.00e+00	0.00e+00	0.00e+00
 2.48294e+16	8.28e-02	9.10e-01	7.36e-03	6.36e-06	0.00e+00	0.00e+00	0.00e+00	0.00e+00
 2.48422e+16	8.87e-02	9.05e-01	6.03e-03	4.45e-06	0.00e+00	0.00e+00	0.00e+00	0.00e+00
 2.48541e+16	9.49e-02	9.00e-01	4.96e-03	3.15e-06	0.00e+00	0.00e+00	0.00e+00	0.00e+00
 2.48651e+16	1.01e-01	8.95e-01	4.14e-03	2.29e-06	0.00e+00	0.00e+00	0.00e+00	0.00e+00
 2.48751e+16	1.06e-01	8.90e-01	3.49e-03	1.69e-06	0.00e+00	0.00e+00	0.00e+00	0.00e+00
 2.48826e+16	1.10e-01	8.87e-01	3.08e-03	1.35e-06	0.00e+00	0.00e+00	0.00e+00	0.00e+00
 2.48876e+16	1.14e-01	8.84e-01	2.83e-03	1.17e-06	0.00e+00	0.00e+00	0.00e+00	0.00e+00
 2.48924e+16	1.17e-01	8.81e-01	2.59e-03	1.00e-06	0.00e+00	0.00e+00	0.00e+00	0.00e+00
 2.48981e+16	1.20e-01	8.77e-01	2.34e-03	8.36e-07	0.00e+00	0.00e+00	0.00e+00	0.00e+00
 2.49041e+16	1.24e-01	8.74e-01	2.10e-03	0.00e+00	0.00e+00	0.00e+00	0.00e+00	0.00e+00
 2.49099e+16	1.28e-01	8.70e-01	1.89e-03	0.00e+00	0.00e+00	0.00e+00	0.00e+00	0.00e+00
 2.49154e+16	1.32e-01	8.66e-01	1.71e-03	0.00e+00	0.00e+00	0.00e+00	0.00e+00	0.00e+00
 2.49209e+16	1.36e-01	8.63e-01	1.55e-03	0.00e+00	0.00e+00	0.00e+00	0.00e+00	0.00e+00
 2.49264e+16	1.40e-01	8.59e-01	1.40e-03	0.00e+00	0.00e+00	0.00e+00	0.00e+00	0.00e+00
 2.49319e+16	1.44e-01	8.55e-01	1.26e-03	0.00e+00	0.00e+00	0.00e+00	0.00e+00	0.00e+00
 2.49374e+16	1.48e-01	8.51e-01	1.14e-03	0.00e+00	0.00e+00	0.00e+00	0.00e+00	0.00e+00
 2.49428e+16	1.52e-01	8.47e-01	1.03e-03	0.00e+00	0.00e+00	0.00e+00	0.00e+00	0.00e+00
 2.49481e+16	1.56e-01	8.43e-01	9.27e-04	0.00e+00	0.00e+00	0.00e+00	0.00e+00	0.00e+00
 2.49535e+16	1.61e-01	8.38e-01	8.34e-04	0.00e+00	0.00e+00	0.00e+00	0.00e+00	0.00e+00
 2.49589e+16	1.65e-01	8.34e-01	7.52e-04	0.00e+00	0.00e+00	0.00e+00	0.00e+00	0.00e+00
 2.49642e+16	1.70e-01	8.29e-01	6.77e-04	0.00e+00	0.00e+00	0.00e+00	0.00e+00	0.00e+00
 2.49695e+16	1.75e-01	8.25e-01	6.10e-04	0.00e+00	0.00e+00	0.00e+00	0.00e+00	0.00e+00
 2.49748e+16	1.80e-01	8.19e-01	5.49e-04	0.00e+00	0.00e+00	0.00e+00	0.00e+00	0.00e+00
 2.49802e+16	1.85e-01	8.15e-01	4.93e-04	0.00e+00	0.00e+00	0.00e+00	0.00e+00	0.00e+00
 2.49855e+16	1.90e-01	8.10e-01	4.44e-04	0.00e+00	0.00e+00	0.00e+00	0.00e+00	0.00e+00
 2.49907e+16	1.95e-01	8.04e-01	4.00e-04	0.00e+00	0.00e+00	0.00e+00	0.00e+00	0.00e+00
 2.49960e+16	2.01e-01	7.99e-01	3.59e-04	0.00e+00	0.00e+00	0.00e+00	0.00e+00	0.00e+00
 2.50014e+16	2.07e-01	7.93e-01	3.22e-04	0.00e+00	0.00e+00	0.00e+00	0.00e+00	0.00e+00
 2.50067e+16	2.12e-01	7.87e-01	2.89e-04	0.00e+00	0.00e+00	0.00e+00	0.00e+00	0.00e+00
 2.50121e+16	2.19e-01	7.81e-01	2.59e-04	0.00e+00	0.00e+00	0.00e+00	0.00e+00	0.00e+00
 2.50174e+16	2.26e-01	7.74e-01	2.33e-04	0.00e+00	0.00e+00	0.00e+00	0.00e+00	0.00e+00
 2.50228e+16	2.32e-01	7.68e-01	2.09e-04	0.00e+00	0.00e+00	0.00e+00	0.00e+00	0.00e+00
 2.50284e+16	2.39e-01	7.60e-01	1.87e-04	0.00e+00	0.00e+00	0.00e+00	0.00e+00	0.00e+00
 2.50339e+16	2.47e-01	7.53e-01	1.67e-04	0.00e+00	0.00e+00	0.00e+00	0.00e+00	0.00e+00
 2.50393e+16	2.55e-01	7.45e-01	1.51e-04	0.00e+00	0.00e+00	0.00e+00	0.00e+00	0.00e+00
 2.50447e+16	2.63e-01	7.37e-01	1.36e-04	0.00e+00	0.00e+00	0.00e+00	0.00e+00	0.00e+00
 2.50501e+16	2.71e-01	7.29e-01	1.22e-04	0.00e+00	0.00e+00	0.00e+00	0.00e+00	0.00e+00
 2.50557e+16	2.80e-01	7.20e-01	1.10e-04	0.00e+00	0.00e+00	0.00e+00	0.00e+00	0.00e+00
 2.50613e+16	2.89e-01	7.11e-01	9.91e-05	0.00e+00	0.00e+00	0.00e+00	0.00e+00	0.00e+00
 2.50670e+16	2.99e-01	7.01e-01	8.95e-05	0.00e+00	0.00e+00	0.00e+00	0.00e+00	0.00e+00
 2.50728e+16	3.09e-01	6.91e-01	8.07e-05	0.00e+00	0.00e+00	0.00e+00	0.00e+00	0.00e+00
