#depth	He	He+	He+2
 1.49634e+10	4.55e-23	2.84e-12	1.00e+00
 4.54887e+10	5.11e-23	3.07e-12	1.00e+00
 7.72350e+10	5.71e-23	3.32e-12	1.00e+00
 1.10251e+11	6.39e-23	3.59e-12	1.00e+00
 1.41334e+11	7.09e-23	3.86e-12	1.00e+00
 1.69343e+11	7.76e-23	4.10e-12	1.00e+00
 2.00989e+11	8.57e-23	4.40e-12	1.00e+00
 2.38217e+11	9.62e-23	4.75e-12	1.00e+00
 2.75964e+11	1.08e-22	5.13e-12	1.00e+00
 3.15221e+11	1.21e-22	5.53e-12	1.00e+00
 3.57757e+11	1.37e-22	5.99e-12	1.00e+00
 4.01095e+11	1.54e-22	6.47e-12	1.00e+00
 4.46168e+11	1.74e-22	7.00e-12	1.00e+00
 4.93941e+11	1.98e-22	7.58e-12	1.00e+00
 5.37498e+11	2.22e-22	8.13e-12	1.00e+00
 5.74286e+11	2.43e-22	8.62e-12	1.00e+00
 6.14731e+11	2.68e-22	9.17e-12	1.00e+00
 6.65307e+11	3.03e-22	9.88e-12	1.00e+00
 7.17459e+11	3.43e-22	1.06e-11	1.00e+00
 7.63380e+11	3.81e-22	1.13e-11	1.00e+00
 8.12794e+11	4.25e-22	1.21e-11	1.00e+00
 8.72501e+11	4.85e-22	1.31e-11	1.00e+00
 9.31893e+11	5.51e-22	1.41e-11	1.00e+00
 9.85282e+11	6.16e-22	1.51e-11	1.00e+00
 1.04457e+12	6.94e-22	1.62e-11	1.00e+00
 1.11460e+12	7.97e-22	1.76e-11	1.00e+00
 1.18339e+12	9.12e-22	1.90e-11	1.00e+00
 1.24641e+12	1.03e-21	2.04e-11	1.00e+00
 1.31715e+12	1.17e-21	2.20e-11	1.00e+00
 1.39706e+12	1.35e-21	2.39e-11	1.00e+00
 1.47348e+12	1.54e-21	2.58e-11	1.00e+00
 1.55512e+12	1.76e-21	2.80e-11	1.00e+00
 1.64538e+12	2.04e-21	3.05e-11	1.00e+00
 1.73295e+12	2.35e-21	3.31e-11	1.00e+00
 1.82589e+12	2.71e-21	3.60e-11	1.00e+00
 1.92885e+12	3.16e-21	3.93e-11	1.00e+00
 2.03182e+12	3.67e-21	4.29e-11	1.00e+00
 2.13890e+12	4.26e-21	4.69e-11	1.00e+00
 2.24109e+12	4.90e-21	5.09e-11	1.00e+00
 2.32779e+12	5.49e-21	5.45e-11	1.00e+00
 2.42238e+12	6.18e-21	5.85e-11	1.00e+00
 2.54032e+12	7.16e-21	6.39e-11	1.00e+00
 2.66569e+12	8.38e-21	6.99e-11	1.00e+00
 2.77326e+12	9.55e-21	7.54e-11	1.00e+00
 2.86408e+12	1.06e-20	8.02e-11	1.00e+00
 2.96564e+12	1.19e-20	8.58e-11	1.00e+00
 3.09766e+12	1.37e-20	9.35e-11	1.00e+00
 3.23540e+12	1.59e-20	1.02e-10	1.00e+00
 3.35171e+12	1.79e-20	1.09e-10	1.00e+00
 3.47406e+12	2.02e-20	1.18e-10	1.00e+00
 3.62904e+12	2.34e-20	1.29e-10	1.00e+00
 3.78753e+12	2.72e-20	1.40e-10	1.00e+00
 3.92330e+12	3.06e-20	1.51e-10	1.00e+00
 4.06844e+12	3.46e-20	1.63e-10	1.00e+00
 4.24844e+12	4.02e-20	1.79e-10	1.00e+00
 4.43236e+12	4.66e-20	1.95e-10	1.00e+00
 4.59638e+12	5.28e-20	2.11e-10	1.00e+00
 4.77594e+12	6.01e-20	2.29e-10	1.00e+00
 4.96976e+12	6.91e-20	2.49e-10	1.00e+00
 5.14296e+12	7.77e-20	2.69e-10	1.00e+00
 5.32897e+12	8.76e-20	2.90e-10	1.00e+00
 5.53867e+12	1.00e-19	3.16e-10	1.00e+00
 5.73869e+12	1.13e-19	3.41e-10	1.00e+00
 5.92551e+12	1.26e-19	3.66e-10	1.00e+00
 6.10212e+12	1.40e-19	3.91e-10	1.00e+00
 6.29821e+12	1.56e-19	4.19e-10	1.00e+00
 6.51715e+12	1.75e-19	4.52e-10	1.00e+00
 6.72345e+12	1.95e-19	4.85e-10	1.00e+00
 6.94932e+12	2.18e-19	5.22e-10	1.00e+00
 7.20178e+12	2.46e-19	5.66e-10	1.00e+00
 7.44044e+12	2.75e-19	6.09e-10	1.00e+00
 7.70233e+12	3.08e-19	6.59e-10	1.00e+00
 7.99603e+12	3.50e-19	7.17e-10	1.00e+00
 8.27558e+12	3.93e-19	7.76e-10	1.00e+00
 8.58347e+12	4.43e-19	8.44e-10	1.00e+00
 8.92937e+12	5.06e-19	9.25e-10	1.00e+00
 9.25995e+12	5.70e-19	1.01e-09	1.00e+00
 9.62200e+12	6.46e-19	1.10e-09	1.00e+00
 1.00368e+13	7.41e-19	1.22e-09	1.00e+00
 1.04409e+13	8.42e-19	1.33e-09	1.00e+00
 1.08036e+13	9.40e-19	1.45e-09	1.00e+00
 1.11946e+13	1.05e-18	1.57e-09	1.00e+00
 1.16588e+13	1.20e-18	1.74e-09	1.00e+00
 1.21143e+13	1.35e-18	1.91e-09	1.00e+00
 1.25254e+13	1.50e-18	2.07e-09	1.00e+00
 1.28865e+13	1.63e-18	2.22e-09	1.00e+00
 1.32071e+13	1.76e-18	2.35e-09	1.00e+00
 1.35715e+13	1.90e-18	2.52e-09	1.00e+00
 1.40453e+13	2.11e-18	2.74e-09	1.00e+00
 1.45316e+13	2.33e-18	2.98e-09	1.00e+00
 1.49303e+13	2.53e-18	3.19e-09	1.00e+00
 1.53447e+13	2.74e-18	3.42e-09	1.00e+00
 1.58835e+13	3.04e-18	3.72e-09	1.00e+00
 1.64473e+13	3.37e-18	4.07e-09	1.00e+00
 1.69260e+13	3.68e-18	4.37e-09	1.00e+00
 1.74305e+13	4.03e-18	4.71e-09	1.00e+00
 1.80850e+13	4.52e-18	5.16e-09	1.00e+00
 1.87684e+13	5.09e-18	5.67e-09	1.00e+00
 1.93513e+13	5.63e-18	6.12e-09	1.00e+00
 1.99695e+13	6.26e-18	6.61e-09	1.00e+00
 2.07403e+13	7.14e-18	7.26e-09	1.00e+00
 2.15266e+13	8.15e-18	7.96e-09	1.00e+00
 2.21749e+13	9.07e-18	8.56e-09	1.00e+00
 2.28268e+13	1.01e-17	9.16e-09	1.00e+00
 2.36741e+13	1.16e-17	1.00e-08	1.00e+00
 2.45592e+13	1.33e-17	1.09e-08	1.00e+00
 2.53126e+13	1.50e-17	1.17e-08	1.00e+00
 2.61110e+13	1.70e-17	1.26e-08	1.00e+00
 2.69831e+13	1.93e-17	1.36e-08	1.00e+00
 2.77734e+13	2.17e-17	1.45e-08	1.00e+00
 2.86231e+13	2.45e-17	1.55e-08	1.00e+00
 2.97004e+13	2.84e-17	1.69e-08	1.00e+00
 3.07978e+13	3.29e-17	1.83e-08	1.00e+00
 3.17365e+13	3.72e-17	1.95e-08	1.00e+00
 3.27447e+13	4.22e-17	2.09e-08	1.00e+00
 3.39958e+13	4.91e-17	2.27e-08	1.00e+00
 3.52944e+13	5.74e-17	2.47e-08	1.00e+00
 3.64742e+13	6.56e-17	2.65e-08	1.00e+00
 3.77679e+13	7.56e-17	2.85e-08	1.00e+00
 3.92840e+13	8.86e-17	3.10e-08	1.00e+00
 4.07086e+13	1.03e-16	3.35e-08	1.00e+00
 4.19359e+13	1.16e-16	3.57e-08	1.00e+00
 4.32872e+13	1.32e-16	3.82e-08	1.00e+00
 4.49470e+13	1.54e-16	4.13e-08	1.00e+00
 4.66468e+13	1.80e-16	4.48e-08	1.00e+00
 4.80882e+13	2.03e-16	4.78e-08	1.00e+00
 4.92943e+13	2.25e-16	5.03e-08	1.00e+00
 5.06015e+13	2.50e-16	5.32e-08	1.00e+00
 5.23009e+13	2.87e-16	5.70e-08	1.00e+00
 5.40644e+13	3.29e-16	6.12e-08	1.00e+00
 5.55464e+13	3.67e-16	6.48e-08	1.00e+00
 5.71080e+13	4.11e-16	6.87e-08	1.00e+00
 5.91381e+13	4.75e-16	7.41e-08	1.00e+00
 6.12423e+13	5.50e-16	7.99e-08	1.00e+00
 6.30064e+13	6.18e-16	8.48e-08	1.00e+00
 6.48633e+13	6.97e-16	9.02e-08	1.00e+00
 6.72462e+13	8.09e-16	9.74e-08	1.00e+00
 6.97376e+13	9.42e-16	1.05e-07	1.00e+00
 7.18919e+13	1.07e-15	1.12e-07	1.00e+00
 7.41830e+13	1.21e-15	1.20e-07	1.00e+00
 7.70025e+13	1.42e-15	1.30e-07	1.00e+00
 7.98275e+13	1.65e-15	1.40e-07	1.00e+00
 8.23025e+13	1.87e-15	1.50e-07	1.00e+00
 8.50040e+13	2.14e-15	1.61e-07	1.00e+00
 8.82766e+13	2.51e-15	1.74e-07	1.00e+00
 9.15473e+13	2.91e-15	1.88e-07	1.00e+00
 9.44909e+13	3.32e-15	2.02e-07	1.00e+00
 9.77531e+13	3.83e-15	2.17e-07	1.00e+00
 1.01604e+14	4.50e-15	2.36e-07	1.00e+00
 1.05406e+14	5.24e-15	2.55e-07	1.00e+00
 1.08940e+14	6.00e-15	2.73e-07	1.00e+00
 1.12908e+14	6.95e-15	2.95e-07	1.00e+00
 1.17036e+14	8.05e-15	3.18e-07	1.00e+00
 1.20588e+14	9.11e-15	3.39e-07	1.00e+00
 1.23695e+14	1.01e-14	3.57e-07	1.00e+00
 1.27040e+14	1.13e-14	3.78e-07	1.00e+00
 1.31389e+14	1.29e-14	4.05e-07	1.00e+00
 1.35859e+14	1.48e-14	4.35e-07	1.00e+00
 1.39527e+14	1.64e-14	4.59e-07	1.00e+00
 1.43335e+14	1.82e-14	4.85e-07	1.00e+00
 1.48286e+14	2.08e-14	5.20e-07	1.00e+00
 1.53529e+14	2.40e-14	5.59e-07	1.00e+00
 1.58067e+14	2.68e-14	5.93e-07	1.00e+00
 1.62884e+14	3.01e-14	6.30e-07	1.00e+00
 1.68933e+14	3.46e-14	6.78e-07	1.00e+00
 1.75219e+14	3.99e-14	7.31e-07	1.00e+00
 1.80777e+14	4.49e-14	7.77e-07	1.00e+00
 1.86752e+14	5.07e-14	8.29e-07	1.00e+00
 1.93947e+14	5.85e-14	8.95e-07	1.00e+00
 2.01120e+14	6.70e-14	9.61e-07	1.00e+00
 2.07665e+14	7.54e-14	1.02e-06	1.00e+00
 2.15003e+14	8.57e-14	1.10e-06	1.00e+00
 2.23548e+14	9.88e-14	1.18e-06	1.00e+00
 2.31967e+14	1.13e-13	1.27e-06	1.00e+00
 2.39939e+14	1.28e-13	1.36e-06	1.00e+00
 2.48782e+14	1.45e-13	1.46e-06	1.00e+00
 2.58763e+14	1.68e-13	1.58e-06	1.00e+00
 2.67236e+14	1.88e-13	1.68e-06	1.00e+00
 2.73474e+14	2.04e-13	1.76e-06	1.00e+00
 2.80038e+14	2.22e-13	1.84e-06	1.00e+00
 2.88571e+14	2.46e-13	1.96e-06	1.00e+00
 2.97982e+14	2.76e-13	2.08e-06	1.00e+00
 3.06672e+14	3.05e-13	2.20e-06	1.00e+00
 3.16107e+14	3.39e-13	2.34e-06	1.00e+00
 3.26701e+14	3.80e-13	2.49e-06	1.00e+00
 3.36833e+14	4.23e-13	2.65e-06	1.00e+00
 3.48035e+14	4.73e-13	2.83e-06	1.00e+00
 3.60529e+14	5.33e-13	3.03e-06	1.00e+00
 3.72198e+14	5.95e-13	3.23e-06	1.00e+00
 3.84863e+14	6.66e-13	3.46e-06	1.00e+00
 3.98919e+14	7.53e-13	3.71e-06	1.00e+00
 4.11938e+14	8.40e-13	3.95e-06	1.00e+00
 4.26019e+14	9.40e-13	4.23e-06	1.00e+00
 4.41725e+14	1.06e-12	4.55e-06	1.00e+00
 4.56401e+14	1.19e-12	4.86e-06	1.00e+00
 4.72339e+14	1.33e-12	5.21e-06	1.00e+00
 4.90080e+14	1.51e-12	5.62e-06	1.00e+00
 5.06623e+14	1.68e-12	6.00e-06	1.00e+00
 5.24587e+14	1.90e-12	6.46e-06	1.00e+00
 5.44547e+14	2.15e-12	6.97e-06	1.00e+00
 5.63239e+14	2.40e-12	7.46e-06	1.00e+00
 5.83582e+14	2.70e-12	8.02e-06	1.00e+00
 6.06292e+14	3.07e-12	8.69e-06	1.00e+00
 6.27736e+14	3.44e-12	9.32e-06	1.00e+00
 6.46964e+14	3.81e-12	9.93e-06	1.00e+00
 6.67745e+14	4.21e-12	1.06e-05	1.00e+00
 6.93096e+14	4.77e-12	1.15e-05	1.00e+00
 7.16013e+14	5.31e-12	1.22e-05	1.00e+00
 7.32916e+14	5.74e-12	1.29e-05	1.00e+00
 7.50375e+14	6.21e-12	1.35e-05	1.00e+00
 7.73072e+14	6.84e-12	1.44e-05	1.00e+00
 7.97830e+14	7.58e-12	1.54e-05	1.00e+00
 8.20398e+14	8.33e-12	1.63e-05	1.00e+00
 8.44868e+14	9.15e-12	1.73e-05	1.00e+00
 8.75888e+14	1.04e-11	1.87e-05	1.00e+00
 9.06915e+14	1.16e-11	2.01e-05	1.00e+00
 9.32676e+14	1.27e-11	2.13e-05	1.00e+00
 9.60100e+14	1.40e-11	2.26e-05	1.00e+00
 9.95127e+14	1.58e-11	2.44e-05	1.00e+00
 1.03203e+15	1.78e-11	2.63e-05	1.00e+00
 1.06475e+15	1.96e-11	2.81e-05	1.00e+00
 1.10004e+15	2.19e-11	3.02e-05	1.00e+00
 1.14240e+15	2.49e-11	3.27e-05	1.00e+00
 1.18439e+15	2.79e-11	3.52e-05	1.00e+00
 1.22223e+15	3.13e-11	3.77e-05	1.00e+00
 1.26420e+15	3.48e-11	4.05e-05	1.00e+00
 1.31370e+15	4.00e-11	4.40e-05	1.00e+00
 1.36262e+15	4.50e-11	4.76e-05	1.00e+00
 1.40122e+15	4.97e-11	5.05e-05	1.00e+00
 1.43068e+15	5.36e-11	5.29e-05	1.00e+00
 1.46287e+15	5.78e-11	5.55e-05	1.00e+00
 1.50472e+15	6.42e-11	5.90e-05	1.00e+00
 1.55021e+15	7.15e-11	6.30e-05	1.00e+00
 1.59115e+15	7.83e-11	6.67e-05	1.00e+00
 1.63511e+15	8.59e-11	7.07e-05	1.00e+00
 1.69225e+15	9.82e-11	7.63e-05	1.00e+00
 1.74984e+15	1.11e-10	8.23e-05	1.00e+00
 1.79575e+15	1.22e-10	8.71e-05	1.00e+00
 1.84317e+15	1.35e-10	9.23e-05	1.00e+00
 1.90481e+15	1.53e-10	9.94e-05	1.00e+00
 1.97047e+15	1.74e-10	1.07e-04	1.00e+00
 2.02820e+15	1.93e-10	1.14e-04	1.00e+00
 2.09012e+15	2.19e-10	1.23e-04	1.00e+00
 2.16763e+15	2.55e-10	1.33e-04	1.00e+00
 2.24718e+15	2.93e-10	1.45e-04	1.00e+00
 2.31692e+15	3.28e-10	1.55e-04	1.00e+00
 2.39214e+15	3.80e-10	1.67e-04	1.00e+00
 2.48336e+15	4.41e-10	1.82e-04	1.00e+00
 2.57456e+15	5.15e-10	1.98e-04	1.00e+00
 2.65588e+15	5.86e-10	2.12e-04	1.00e+00
 2.74519e+15	6.72e-10	2.29e-04	1.00e+00
 2.83272e+15	7.68e-10	2.46e-04	1.00e+00
 2.89817e+15	8.48e-10	2.60e-04	1.00e+00
 2.96352e+15	9.33e-10	2.73e-04	1.00e+00
 3.04847e+15	1.06e-09	2.92e-04	1.00e+00
 3.13911e+15	1.18e-09	3.12e-04	1.00e+00
 3.21870e+15	1.32e-09	3.31e-04	1.00e+00
 3.30372e+15	1.48e-09	3.52e-04	1.00e+00
 3.41423e+15	1.74e-09	3.80e-04	1.00e+00
 3.52572e+15	1.96e-09	4.09e-04	1.00e+00
 3.61551e+15	2.20e-09	4.33e-04	1.00e+00
 3.70928e+15	2.46e-09	4.60e-04	1.00e+00
 3.83117e+15	2.88e-09	4.96e-04	1.00e+00
 3.95961e+15	3.31e-09	5.35e-04	9.99e-01
 4.07094e+15	3.74e-09	5.70e-04	9.99e-01
 4.19006e+15	4.28e-09	6.10e-04	9.99e-01
 4.34256e+15	5.02e-09	6.63e-04	9.99e-01
 4.50113e+15	5.84e-09	7.20e-04	9.99e-01
 4.63945e+15	6.67e-09	7.71e-04	9.99e-01
 4.78874e+15	7.73e-09	8.30e-04	9.99e-01
 4.97061e+15	9.07e-09	9.04e-04	9.99e-01
 5.15414e+15	1.05e-08	9.81e-04	9.99e-01
 5.31901e+15	1.23e-08	1.06e-03	9.99e-01
 5.45790e+15	1.38e-08	1.12e-03	9.99e-01
 5.57541e+15	1.52e-08	1.18e-03	9.99e-01
 5.70751e+15	1.69e-08	1.24e-03	9.99e-01
 5.87924e+15	1.91e-08	1.33e-03	9.99e-01
 6.05775e+15	2.15e-08	1.42e-03	9.99e-01
 6.20663e+15	2.40e-08	1.51e-03	9.98e-01
 6.36173e+15	2.68e-08	1.59e-03	9.98e-01
 6.56337e+15	3.13e-08	1.71e-03	9.98e-01
 6.77096e+15	3.53e-08	1.84e-03	9.98e-01
 6.94270e+15	3.94e-08	1.95e-03	9.98e-01
 7.12238e+15	4.42e-08	2.07e-03	9.98e-01
 7.35597e+15	5.20e-08	2.24e-03	9.98e-01
 7.59789e+15	5.94e-08	2.41e-03	9.98e-01
 7.80168e+15	6.62e-08	2.56e-03	9.97e-01
 8.01766e+15	7.46e-08	2.73e-03	9.97e-01
 8.29843e+15	8.89e-08	2.97e-03	9.97e-01
 8.58060e+15	1.01e-07	3.21e-03	9.97e-01
 8.81358e+15	1.14e-07	3.42e-03	9.97e-01
 9.06546e+15	1.29e-07	3.67e-03	9.96e-01
 9.39200e+15	1.55e-07	4.00e-03	9.96e-01
 9.71431e+15	1.78e-07	4.34e-03	9.96e-01
 9.96962e+15	2.02e-07	4.63e-03	9.95e-01
 1.02391e+16	2.28e-07	4.96e-03	9.95e-01
 1.05113e+16	2.55e-07	5.30e-03	9.95e-01
 1.07422e+16	2.80e-07	5.60e-03	9.94e-01
 1.09976e+16	3.12e-07	5.96e-03	9.94e-01
 1.12746e+16	3.58e-07	6.38e-03	9.94e-01
 1.15189e+16	3.95e-07	6.75e-03	9.93e-01
 1.17754e+16	4.37e-07	7.17e-03	9.93e-01
 1.21089e+16	5.07e-07	7.78e-03	9.92e-01
 1.24337e+16	5.70e-07	8.37e-03	9.92e-01
 1.26935e+16	6.28e-07	8.89e-03	9.91e-01
 1.29776e+16	7.03e-07	9.52e-03	9.90e-01
 1.33469e+16	8.36e-07	1.04e-02	9.90e-01
 1.36985e+16	9.51e-07	1.13e-02	9.89e-01
 1.39593e+16	1.05e-06	1.20e-02	9.88e-01
 1.42306e+16	1.17e-06	1.29e-02	9.87e-01
 1.45832e+16	1.38e-06	1.41e-02	9.86e-01
 1.49383e+16	1.57e-06	1.54e-02	9.85e-01
 1.52248e+16	1.77e-06	1.67e-02	9.83e-01
 1.54781e+16	2.01e-06	1.79e-02	9.82e-01
 1.56981e+16	2.21e-06	1.90e-02	9.81e-01
 1.59220e+16	2.43e-06	2.03e-02	9.80e-01
 1.62130e+16	2.87e-06	2.22e-02	9.78e-01
 1.65109e+16	3.23e-06	2.43e-02	9.76e-01
 1.67582e+16	3.74e-06	2.64e-02	9.74e-01
 1.69731e+16	4.21e-06	2.84e-02	9.72e-01
 1.71731e+16	4.66e-06	3.05e-02	9.70e-01
 1.74007e+16	5.25e-06	3.32e-02	9.67e-01
 1.76551e+16	6.20e-06	3.68e-02	9.63e-01
 1.78788e+16	7.14e-06	4.03e-02	9.60e-01
 1.80643e+16	7.99e-06	4.37e-02	9.56e-01
 1.82658e+16	9.18e-06	4.81e-02	9.52e-01
 1.84848e+16	1.08e-05	5.35e-02	9.47e-01
 1.86755e+16	1.27e-05	5.91e-02	9.41e-01
 1.88313e+16	1.46e-05	6.45e-02	9.36e-01
 1.89930e+16	1.68e-05	7.10e-02	9.29e-01
 1.91698e+16	1.94e-05	7.91e-02	9.21e-01
 1.93311e+16	2.27e-05	8.79e-02	9.12e-01
 1.94732e+16	2.63e-05	9.71e-02	9.03e-01
 1.96005e+16	3.11e-05	1.07e-01	8.93e-01
 1.97049e+16	3.47e-05	1.16e-01	8.84e-01
 1.98047e+16	3.87e-05	1.25e-01	8.75e-01
 1.99344e+16	4.61e-05	1.40e-01	8.60e-01
 2.00576e+16	5.46e-05	1.56e-01	8.44e-01
 2.01435e+16	6.11e-05	1.69e-01	8.31e-01
 2.02088e+16	6.68e-05	1.79e-01	8.21e-01
 2.02764e+16	7.33e-05	1.91e-01	8.09e-01
 2.03643e+16	8.36e-05	2.09e-01	7.91e-01
 2.04480e+16	9.47e-05	2.27e-01	7.73e-01
 2.05062e+16	1.03e-04	2.41e-01	7.59e-01
 2.05617e+16	1.12e-04	2.56e-01	7.44e-01
 2.06338e+16	1.26e-04	2.76e-01	7.24e-01
 2.07073e+16	1.42e-04	2.98e-01	7.01e-01
 2.07643e+16	1.56e-04	3.17e-01	6.83e-01
 2.08106e+16	1.68e-04	3.33e-01	6.67e-01
 2.08613e+16	1.83e-04	3.52e-01	6.48e-01
 2.09272e+16	2.06e-04	3.78e-01	6.22e-01
 2.09894e+16	2.27e-04	4.02e-01	5.98e-01
 2.10366e+16	2.44e-04	4.22e-01	5.77e-01
 2.10880e+16	2.65e-04	4.45e-01	5.54e-01
 2.11547e+16	2.98e-04	4.76e-01	5.24e-01
 2.12192e+16	3.27e-04	5.05e-01	4.95e-01
 2.12714e+16	3.55e-04	5.30e-01	4.70e-01
 2.13302e+16	3.87e-04	5.58e-01	4.42e-01
 2.14066e+16	4.32e-04	5.94e-01	4.06e-01
 2.14847e+16	4.79e-04	6.29e-01	3.70e-01
 2.15501e+16	5.20e-04	6.58e-01	3.42e-01
 2.16199e+16	5.68e-04	6.88e-01	3.11e-01
 2.17107e+16	6.30e-04	7.25e-01	2.74e-01
 2.18071e+16	6.96e-04	7.59e-01	2.40e-01
 2.18764e+16	7.43e-04	7.81e-01	2.18e-01
 2.19204e+16	7.74e-04	7.94e-01	2.05e-01
 2.19661e+16	8.08e-04	8.08e-01	1.91e-01
 2.20254e+16	8.51e-04	8.24e-01	1.75e-01
 2.21024e+16	9.07e-04	8.43e-01	1.56e-01
 2.21819e+16	9.65e-04	8.60e-01	1.39e-01
 2.22474e+16	1.01e-03	8.72e-01	1.27e-01
 2.23155e+16	1.07e-03	8.84e-01	1.14e-01
 2.23910e+16	1.12e-03	8.96e-01	1.03e-01
 2.24593e+16	1.18e-03	9.05e-01	9.35e-02
 2.25212e+16	1.23e-03	9.13e-01	8.60e-02
 2.25916e+16	1.29e-03	9.21e-01	7.78e-02
 2.26677e+16	1.36e-03	9.28e-01	7.04e-02
 2.27338e+16	1.42e-03	9.34e-01	6.46e-02
 2.27920e+16	1.48e-03	9.39e-01	6.00e-02
 2.28577e+16	1.55e-03	9.43e-01	5.50e-02
 2.29297e+16	1.63e-03	9.48e-01	5.02e-02
 2.29939e+16	1.71e-03	9.52e-01	4.66e-02
 2.30491e+16	1.78e-03	9.55e-01	4.36e-02
 2.31087e+16	1.87e-03	9.58e-01	4.05e-02
 2.31752e+16	1.97e-03	9.61e-01	3.74e-02
 2.32352e+16	2.07e-03	9.63e-01	3.49e-02
 2.32877e+16	2.16e-03	9.65e-01	3.29e-02
 2.33456e+16	2.27e-03	9.67e-01	3.08e-02
 2.34087e+16	2.40e-03	9.69e-01	2.87e-02
 2.34638e+16	2.53e-03	9.70e-01	2.71e-02
 2.35110e+16	2.64e-03	9.72e-01	2.57e-02
 2.35629e+16	2.78e-03	9.73e-01	2.43e-02
 2.36207e+16	2.96e-03	9.74e-01	2.28e-02
 2.36733e+16	3.13e-03	9.75e-01	2.17e-02
 2.37189e+16	3.30e-03	9.76e-01	2.07e-02
 2.37683e+16	3.50e-03	9.77e-01	1.96e-02
 2.38237e+16	3.75e-03	9.78e-01	1.85e-02
 2.38743e+16	4.00e-03	9.78e-01	1.76e-02
 2.39184e+16	4.25e-03	9.79e-01	1.69e-02
 2.39667e+16	4.55e-03	9.79e-01	1.61e-02
 2.40211e+16	4.94e-03	9.80e-01	1.53e-02
 2.40721e+16	5.37e-03	9.80e-01	1.45e-02
 2.41182e+16	5.80e-03	9.80e-01	1.39e-02
 2.41695e+16	6.36e-03	9.80e-01	1.33e-02
 2.42241e+16	7.09e-03	9.80e-01	1.26e-02
 2.42691e+16	7.82e-03	9.80e-01	1.21e-02
 2.43059e+16	8.50e-03	9.80e-01	1.18e-02
 2.43394e+16	9.23e-03	9.79e-01	1.14e-02
 2.43717e+16	1.00e-02	9.79e-01	1.11e-02
 2.44035e+16	1.09e-02	9.78e-01	1.08e-02
 2.44342e+16	1.19e-02	9.78e-01	1.05e-02
 2.44632e+16	1.31e-02	9.77e-01	1.03e-02
 2.44908e+16	1.43e-02	9.76e-01	1.01e-02
 2.45171e+16	1.57e-02	9.74e-01	9.89e-03
 2.45424e+16	1.72e-02	9.73e-01	9.70e-03
 2.45670e+16	1.89e-02	9.72e-01	9.56e-03
 2.45907e+16	2.09e-02	9.70e-01	9.41e-03
 2.46135e+16	2.31e-02	9.68e-01	9.32e-03
 2.46356e+16	2.56e-02	9.65e-01	9.23e-03
 2.46574e+16	2.85e-02	9.62e-01	9.16e-03
 2.46786e+16	3.18e-02	9.59e-01	9.11e-03
 2.46990e+16	3.56e-02	9.55e-01	9.09e-03
 2.47181e+16	3.98e-02	9.51e-01	9.09e-03
 2.47361e+16	4.43e-02	9.47e-01	9.15e-03
 2.47535e+16	4.96e-02	9.41e-01	9.17e-03
 2.47702e+16	5.52e-02	9.35e-01	9.28e-03
 2.47860e+16	6.17e-02	9.29e-01	9.37e-03
 2.48014e+16	6.90e-02	9.21e-01	9.47e-03
 2.48159e+16	7.68e-02	9.14e-01	9.64e-03
 2.48294e+16	8.54e-02	9.05e-01	9.77e-03
 2.48422e+16	9.43e-02	8.96e-01	9.96e-03
 2.48541e+16	1.04e-01	8.86e-01	1.01e-02
 2.48651e+16	1.14e-01	8.76e-01	1.03e-02
 2.48751e+16	1.24e-01	8.66e-01	1.05e-02
 2.48826e+16	1.32e-01	8.57e-01	1.06e-02
 2.48876e+16	1.38e-01	8.52e-01	1.07e-02
 2.48924e+16	1.44e-01	8.46e-01	1.08e-02
 2.48981e+16	1.51e-01	8.38e-01	1.09e-02
 2.49041e+16	1.59e-01	8.29e-01	1.11e-02
 2.49099e+16	1.68e-01	8.21e-01	1.12e-02
 2.49154e+16	1.76e-01	8.13e-01	1.13e-02
 2.49209e+16	1.85e-01	8.03e-01	1.14e-02
 2.49264e+16	1.94e-01	7.94e-01	1.16e-02
 2.49319e+16	2.04e-01	7.84e-01	1.17e-02
 2.49374e+16	2.15e-01	7.73e-01	1.18e-02
 2.49428e+16	2.26e-01	7.62e-01	1.19e-02
 2.49481e+16	2.37e-01	7.51e-01	1.20e-02
 2.49535e+16	2.49e-01	7.39e-01	1.21e-02
 2.49589e+16	2.61e-01	7.27e-01	1.22e-02
 2.49642e+16	2.74e-01	7.14e-01	1.23e-02
 2.49695e+16	2.87e-01	7.00e-01	1.24e-02
 2.49748e+16	3.01e-01	6.86e-01	1.25e-02
 2.49802e+16	3.16e-01	6.71e-01	1.26e-02
 2.49855e+16	3.31e-01	6.56e-01	1.26e-02
 2.49907e+16	3.46e-01	6.41e-01	1.27e-02
 2.49960e+16	3.63e-01	6.25e-01	1.27e-02
 2.50014e+16	3.79e-01	6.08e-01	1.27e-02
 2.50067e+16	3.97e-01	5.90e-01	1.27e-02
 2.50121e+16	4.14e-01	5.73e-01	1.27e-02
 2.50174e+16	4.32e-01	5.55e-01	1.27e-02
 2.50228e+16	4.51e-01	5.36e-01	1.27e-02
 2.50284e+16	4.70e-01	5.17e-01	1.26e-02
 2.50339e+16	4.90e-01	4.98e-01	1.25e-02
 2.50393e+16	5.09e-01	4.79e-01	1.24e-02
 2.50447e+16	5.28e-01	4.60e-01	1.23e-02
 2.50501e+16	5.47e-01	4.41e-01	1.21e-02
 2.50557e+16	5.66e-01	4.22e-01	1.19e-02
 2.50613e+16	5.84e-01	4.04e-01	1.17e-02
 2.50670e+16	6.03e-01	3.85e-01	1.15e-02
 2.50728e+16	6.22e-01	3.67e-01	1.12e-02
 2.50788e+16	6.40e-01	3.49e-01	1.10e-02
 2.50850e+16	6.58e-01	3.31e-01	1.07e-02
 2.50916e+16	6.75e-01	3.14e-01	1.04e-02
 2.50984e+16	6.92e-01	2.97e-01	1.01e-02
 2.51056e+16	7.09e-01	2.81e-01	9.71e-03
 2.51135e+16	7.25e-01	2.65e-01	9.33e-03
 2.51223e+16	7.41e-01	2.50e-01	8.95e-03
 2.51322e+16	7.56e-01	2.35e-01	8.56e-03
 2.51433e+16	7.70e-01	2.22e-01	8.17e-03
 2.51553e+16	7.81e-01	2.11e-01	7.85e-03
 2.51672e+16	7.91e-01	2.02e-01	7.55e-03
 2.51791e+16	7.98e-01	1.95e-01	7.29e-03
 2.51909e+16	8.03e-01	1.90e-01	7.07e-03
 2.52026e+16	8.08e-01	1.85e-01	6.90e-03
 2.52161e+16	8.12e-01	1.82e-01	6.73e-03
 2.52336e+16	8.16e-01	1.78e-01	6.53e-03
 2.52563e+16	8.20e-01	1.74e-01	6.31e-03
 2.52859e+16	8.24e-01	1.70e-01	6.04e-03
 2.53243e+16	8.29e-01	1.65e-01	5.74e-03
 2.53743e+16	8.34e-01	1.60e-01	5.38e-03
 2.54392e+16	8.41e-01	1.54e-01	4.97e-03
 2.55145e+16	8.48e-01	1.48e-01	4.53e-03
 2.55889e+16	8.54e-01	1.42e-01	4.16e-03
 2.56471e+16	8.59e-01	1.38e-01	3.90e-03
 2.56865e+16	8.62e-01	1.35e-01	3.73e-03
 2.57222e+16	8.64e-01	1.32e-01	3.58e-03
 2.57610e+16	8.67e-01	1.29e-01	3.42e-03
 2.58010e+16	8.70e-01	1.27e-01	3.27e-03
 2.58400e+16	8.73e-01	1.24e-01	3.13e-03
 2.58783e+16	8.76e-01	1.21e-01	3.00e-03
 2.59153e+16	8.78e-01	1.19e-01	2.87e-03
 2.59512e+16	8.80e-01	1.17e-01	2.76e-03
 2.59866e+16	8.83e-01	1.15e-01	2.65e-03
 2.60217e+16	8.85e-01	1.12e-01	2.55e-03
 2.60564e+16	8.87e-01	1.11e-01	2.46e-03
 2.60906e+16	8.89e-01	1.09e-01	2.37e-03
 2.61241e+16	8.91e-01	1.07e-01	2.28e-03
 2.61569e+16	8.93e-01	1.05e-01	2.20e-03
 2.61894e+16	8.95e-01	1.03e-01	2.12e-03
 2.62215e+16	8.97e-01	1.01e-01	2.05e-03
 2.62532e+16	8.98e-01	9.98e-02	1.98e-03
 2.62846e+16	9.00e-01	9.82e-02	1.91e-03
 2.63157e+16	9.02e-01	9.66e-02	1.85e-03
 2.63465e+16	9.03e-01	9.51e-02	1.79e-03
 2.63772e+16	9.05e-01	9.37e-02	1.73e-03
 2.64077e+16	9.06e-01	9.22e-02	1.68e-03
 2.64381e+16	9.08e-01	9.08e-02	1.62e-03
 2.64685e+16	9.09e-01	8.94e-02	1.57e-03
 2.64991e+16	9.10e-01	8.81e-02	1.52e-03
 2.65296e+16	9.12e-01	8.67e-02	1.47e-03
 2.65604e+16	9.13e-01	8.54e-02	1.42e-03
 2.65915e+16	9.15e-01	8.41e-02	1.38e-03
 2.66232e+16	9.16e-01	8.28e-02	1.33e-03
 2.66561e+16	9.17e-01	8.14e-02	1.29e-03
 2.66904e+16	9.19e-01	8.00e-02	1.24e-03
 2.67259e+16	9.20e-01	7.86e-02	1.19e-03
 2.67632e+16	9.22e-01	7.72e-02	1.15e-03
 2.68027e+16	9.23e-01	7.57e-02	1.10e-03
 2.68453e+16	9.25e-01	7.41e-02	1.05e-03
 2.68923e+16	9.27e-01	7.24e-02	1.00e-03
 2.69451e+16	9.29e-01	7.05e-02	9.45e-04
 2.70035e+16	9.31e-01	6.85e-02	8.88e-04
 2.70635e+16	9.33e-01	6.65e-02	8.34e-04
 2.71199e+16	9.35e-01	6.47e-02	7.87e-04
 2.71712e+16	9.36e-01	6.31e-02	7.47e-04
 2.72180e+16	9.38e-01	6.17e-02	7.12e-04
 2.72605e+16	9.39e-01	6.04e-02	6.81e-04
 2.72992e+16	9.40e-01	5.93e-02	6.55e-04
 2.73344e+16	9.41e-01	5.83e-02	6.32e-04
 2.73730e+16	9.42e-01	5.72e-02	6.05e-04
 2.74146e+16	9.43e-01	5.60e-02	5.79e-04
 2.74525e+16	9.44e-01	5.50e-02	5.57e-04
 2.74870e+16	9.45e-01	5.40e-02	5.37e-04
 2.75184e+16	9.46e-01	5.32e-02	5.19e-04
 2.75470e+16	9.47e-01	5.24e-02	5.04e-04
 2.75783e+16	9.48e-01	5.16e-02	4.87e-04
 2.76121e+16	9.49e-01	5.07e-02	4.70e-04
 2.76428e+16	9.50e-01	4.99e-02	4.54e-04
 2.76708e+16	9.50e-01	4.92e-02	4.40e-04
 2.77015e+16	9.51e-01	4.84e-02	4.25e-04
 2.77346e+16	9.52e-01	4.75e-02	4.10e-04
 2.77647e+16	9.53e-01	4.68e-02	3.96e-04
 2.77921e+16	9.54e-01	4.61e-02	3.85e-04
 2.78171e+16	9.54e-01	4.55e-02	3.74e-04
 2.78444e+16	9.55e-01	4.48e-02	3.62e-04
 2.78739e+16	9.56e-01	4.41e-02	3.50e-04
 2.79008e+16	9.56e-01	4.35e-02	3.40e-04
 2.79252e+16	9.57e-01	4.29e-02	3.31e-04
 2.79520e+16	9.57e-01	4.23e-02	3.21e-04
 2.79809e+16	9.58e-01	4.16e-02	3.09e-04
 2.80072e+16	9.59e-01	4.09e-02	3.00e-04
 2.80312e+16	9.59e-01	4.04e-02	2.92e-04
 2.80530e+16	9.60e-01	3.99e-02	2.85e-04
 2.80768e+16	9.60e-01	3.94e-02	2.77e-04
 2.81026e+16	9.61e-01	3.88e-02	2.68e-04
 2.81261e+16	9.61e-01	3.83e-02	2.61e-04
 2.81474e+16	9.62e-01	3.78e-02	2.55e-04
 2.81708e+16	9.62e-01	3.73e-02	2.48e-04
 2.81960e+16	9.63e-01	3.68e-02	2.40e-04
 2.82190e+16	9.63e-01	3.63e-02	2.34e-04
 2.82442e+16	9.64e-01	3.57e-02	2.27e-04
 2.82714e+16	9.65e-01	3.52e-02	2.20e-04
 2.82961e+16	9.65e-01	3.47e-02	2.14e-04
 2.83186e+16	9.66e-01	3.43e-02	2.08e-04
 2.83433e+16	9.66e-01	3.38e-02	2.02e-04
 2.83699e+16	9.67e-01	3.33e-02	1.96e-04
 2.83941e+16	9.67e-01	3.28e-02	1.91e-04
 2.84162e+16	9.67e-01	3.24e-02	1.86e-04
 2.84403e+16	9.68e-01	3.19e-02	1.80e-04
 2.84664e+16	9.68e-01	3.15e-02	1.75e-04
 2.84902e+16	9.69e-01	3.11e-02	1.71e-04
 2.85162e+16	9.69e-01	3.06e-02	1.65e-04
 2.85443e+16	9.70e-01	3.01e-02	1.60e-04
 2.85698e+16	9.70e-01	2.97e-02	1.56e-04
 2.85978e+16	9.71e-01	2.92e-02	1.51e-04
 2.86281e+16	9.71e-01	2.87e-02	1.46e-04
 2.86556e+16	9.72e-01	2.83e-02	1.42e-04
 2.86806e+16	9.72e-01	2.80e-02	1.38e-04
 2.87080e+16	9.72e-01	2.75e-02	1.34e-04
 2.87376e+16	9.73e-01	2.71e-02	1.30e-04
 2.87646e+16	9.73e-01	2.67e-02	1.26e-04
 2.87941e+16	9.74e-01	2.63e-02	1.22e-04
 2.88260e+16	9.74e-01	2.58e-02	1.18e-04
 2.88550e+16	9.74e-01	2.55e-02	1.15e-04
 2.88814e+16	9.75e-01	2.51e-02	1.11e-04
 2.89104e+16	9.75e-01	2.47e-02	1.08e-04
 2.89416e+16	9.76e-01	2.43e-02	1.05e-04
 2.89700e+16	9.76e-01	2.40e-02	1.02e-04
 2.90012e+16	9.76e-01	2.36e-02	9.82e-05
 2.90348e+16	9.77e-01	2.32e-02	9.50e-05
 2.90654e+16	9.77e-01	2.28e-02	9.22e-05
 2.90989e+16	9.77e-01	2.24e-02	8.89e-05
 2.91351e+16	9.78e-01	2.20e-02	8.58e-05
 2.91680e+16	9.78e-01	2.17e-02	8.31e-05
 2.91980e+16	9.79e-01	2.14e-02	8.08e-05
 2.92309e+16	9.79e-01	2.10e-02	7.81e-05
 2.92663e+16	9.79e-01	2.06e-02	7.54e-05
 2.92986e+16	9.80e-01	2.03e-02	7.32e-05
 2.93340e+16	9.80e-01	2.00e-02	7.06e-05
 2.93721e+16	9.80e-01	1.96e-02	6.81e-05
 2.94069e+16	9.81e-01	1.93e-02	6.60e-05
 2.94449e+16	9.81e-01	1.89e-02	6.35e-05
 2.94860e+16	9.81e-01	1.86e-02	6.11e-05
 2.95234e+16	9.82e-01	1.82e-02	5.91e-05
 2.95644e+16	9.82e-01	1.79e-02	5.68e-05
 2.96086e+16	9.82e-01	1.75e-02	5.46e-05
 2.96489e+16	9.83e-01	1.72e-02	5.27e-05
 2.96855e+16	9.83e-01	1.69e-02	5.10e-05
 2.97257e+16	9.83e-01	1.66e-02	4.91e-05
 2.97690e+16	9.84e-01	1.63e-02	4.73e-05
 2.98085e+16	9.84e-01	1.60e-02	4.57e-05
 2.98517e+16	9.84e-01	1.57e-02	4.39e-05
 2.98983e+16	9.85e-01	1.54e-02	4.22e-05
 2.99408e+16	9.85e-01	1.51e-02	4.07e-05
 2.99873e+16	9.85e-01	1.48e-02	3.91e-05
 3.00375e+16	9.85e-01	1.45e-02	3.75e-05
 3.00832e+16	9.86e-01	1.42e-02	3.61e-05
 3.01333e+16	9.86e-01	1.39e-02	3.45e-05
 3.01874e+16	9.86e-01	1.36e-02	3.31e-05
 3.02366e+16	9.87e-01	1.33e-02	3.18e-05
 3.02905e+16	9.87e-01	1.30e-02	3.04e-05
 3.03487e+16	9.87e-01	1.27e-02	2.90e-05
 3.04017e+16	9.88e-01	1.25e-02	2.78e-05
 3.04597e+16	9.88e-01	1.21e-02	2.65e-05
 3.05224e+16	9.88e-01	1.19e-02	2.53e-05
 3.05794e+16	9.88e-01	1.16e-02	2.42e-05
 3.06313e+16	9.89e-01	1.14e-02	2.33e-05
 3.06882e+16	9.89e-01	1.11e-02	2.23e-05
 3.07496e+16	9.89e-01	1.09e-02	2.13e-05
 3.08054e+16	9.89e-01	1.06e-02	2.04e-05
 3.08667e+16	9.90e-01	1.04e-02	1.95e-05
 3.09327e+16	9.90e-01	1.01e-02	1.85e-05
 3.09929e+16	9.90e-01	9.92e-03	1.78e-05
 3.10588e+16	9.90e-01	9.67e-03	1.69e-05
 3.11299e+16	9.91e-01	9.42e-03	1.61e-05
 3.11947e+16	9.91e-01	9.21e-03	1.54e-05
 3.12656e+16	9.91e-01	8.97e-03	1.46e-05
 3.13422e+16	9.91e-01	8.73e-03	1.38e-05
 3.14119e+16	9.91e-01	8.53e-03	1.32e-05
 3.14883e+16	9.92e-01	8.29e-03	1.25e-05
 3.15707e+16	9.92e-01	8.06e-03	1.18e-05
 3.16457e+16	9.92e-01	7.87e-03	1.13e-05
 3.17280e+16	9.92e-01	7.64e-03	1.06e-05
 3.18167e+16	9.93e-01	7.42e-03	1.00e-05
 3.18975e+16	9.93e-01	7.23e-03	9.54e-06
 3.19860e+16	9.93e-01	7.01e-03	8.98e-06
 3.20815e+16	9.93e-01	6.80e-03	8.45e-06
 3.21685e+16	9.93e-01	6.62e-03	8.01e-06
 3.22638e+16	9.94e-01	6.41e-03	7.52e-06
 3.23838e+16	9.94e-01	6.16e-03	6.95e-06
 3.25184e+16	9.94e-01	5.90e-03	6.40e-06
 3.26590e+16	9.94e-01	5.65e-03	5.87e-06
 3.28065e+16	9.95e-01	5.40e-03	5.37e-06
 3.29599e+16	9.95e-01	5.15e-03	4.90e-06
 3.31190e+16	9.95e-01	4.91e-03	4.46e-06
 3.32832e+16	9.95e-01	4.68e-03	4.05e-06
 3.34508e+16	9.96e-01	4.46e-03	3.68e-06
 3.36208e+16	9.96e-01	4.25e-03	3.34e-06
 3.37936e+16	9.96e-01	4.04e-03	3.04e-06
 3.39696e+16	9.96e-01	3.85e-03	2.75e-06
 3.41490e+16	9.96e-01	3.66e-03	2.50e-06
 3.43315e+16	9.97e-01	3.48e-03	2.26e-06
 3.45173e+16	9.97e-01	3.31e-03	2.05e-06
 3.47062e+16	9.97e-01	3.15e-03	1.85e-06
 3.48984e+16	9.97e-01	2.99e-03	1.67e-06
 3.50940e+16	9.97e-01	2.84e-03	1.51e-06
 3.52896e+16	9.97e-01	2.70e-03	1.37e-06
 3.54881e+16	9.97e-01	2.56e-03	1.23e-06
 3.56943e+16	9.98e-01	2.43e-03	1.11e-06
 3.59050e+16	9.98e-01	2.30e-03	9.99e-07
 3.61185e+16	9.98e-01	2.18e-03	8.98e-07
 3.63353e+16	9.98e-01	2.07e-03	8.07e-07
 3.65563e+16	9.98e-01	1.96e-03	7.23e-07
 3.67814e+16	9.98e-01	1.85e-03	6.48e-07
 3.70106e+16	9.98e-01	1.75e-03	5.80e-07
 3.72441e+16	9.98e-01	1.65e-03	5.18e-07
 3.74820e+16	9.98e-01	1.56e-03	4.62e-07
 3.77246e+16	9.99e-01	1.47e-03	4.12e-07
 3.79719e+16	9.99e-01	1.39e-03	3.66e-07
 3.82242e+16	9.99e-01	1.31e-03	3.25e-07
 3.84817e+16	9.99e-01	1.23e-03	2.88e-07
 3.87446e+16	9.99e-01	1.16e-03	2.55e-07
 3.90131e+16	9.99e-01	1.09e-03	2.25e-07
 3.92874e+16	9.99e-01	1.02e-03	1.99e-07
 3.95680e+16	9.99e-01	9.55e-04	1.75e-07
 3.98551e+16	9.99e-01	8.95e-04	1.53e-07
 4.01490e+16	9.99e-01	8.36e-04	1.34e-07
 4.04501e+16	9.99e-01	7.81e-04	1.17e-07
 4.07589e+16	9.99e-01	7.28e-04	1.02e-07
 4.10763e+16	9.99e-01	6.78e-04	8.84e-08
 4.13978e+16	9.99e-01	6.31e-04	7.67e-08
 4.17275e+16	9.99e-01	5.87e-04	6.62e-08
 4.20712e+16	9.99e-01	5.43e-04	5.68e-08
 4.24275e+16	9.99e-01	5.02e-04	4.86e-08
 4.27974e+16	1.00e+00	4.63e-04	4.13e-08
 4.31806e+16	1.00e+00	4.25e-04	3.49e-08
 4.35779e+16	1.00e+00	3.90e-04	2.93e-08
 4.39914e+16	1.00e+00	3.56e-04	2.45e-08
 4.44231e+16	1.00e+00	3.24e-04	2.03e-08
 4.48751e+16	1.00e+00	2.94e-04	1.67e-08
 4.53511e+16	1.00e+00	2.65e-04	1.36e-08
 4.58538e+16	1.00e+00	2.38e-04	1.09e-08
 4.63850e+16	1.00e+00	2.12e-04	8.71e-09
 4.69538e+16	1.00e+00	1.88e-04	6.82e-09
 4.75658e+16	1.00e+00	1.65e-04	5.26e-09
 4.82233e+16	1.00e+00	1.43e-04	3.98e-09
 4.89381e+16	1.00e+00	1.23e-04	2.94e-09
 4.97264e+16	1.00e+00	1.04e-04	2.11e-09
 5.06078e+16	1.00e+00	8.67e-05	1.46e-09
 5.16352e+16	1.00e+00	6.99e-05	9.46e-10
 5.28177e+16	1.00e+00	5.49e-05	5.84e-10
 5.40648e+16	1.00e+00	4.28e-05	3.55e-10
 5.52965e+16	1.00e+00	3.35e-05	2.19e-10
 5.65041e+16	1.00e+00	2.65e-05	1.37e-10
 5.77195e+16	1.00e+00	2.10e-05	8.61e-11
 5.89595e+16	1.00e+00	1.66e-05	5.40e-11
 6.02248e+16	1.00e+00	1.31e-05	3.38e-11
 6.15111e+16	1.00e+00	1.04e-05	2.12e-11
 6.28196e+16	1.00e+00	8.20e-06	1.33e-11
 6.41563e+16	1.00e+00	6.48e-06	8.35e-12
 6.55175e+16	1.00e+00	5.13e-06	5.23e-12
 6.69015e+16	1.00e+00	4.06e-06	3.29e-12
 6.83220e+16	1.00e+00	3.22e-06	2.07e-12
 6.97945e+16	1.00e+00	2.54e-06	1.29e-12
 7.13130e+16	1.00e+00	2.00e-06	8.04e-13
 7.28685e+16	1.00e+00	1.57e-06	4.99e-13
 7.44637e+16	1.00e+00	1.24e-06	3.09e-13
 7.61055e+16	1.00e+00	9.72e-07	1.91e-13
 7.78072e+16	1.00e+00	7.60e-07	1.17e-13
 7.95777e+16	1.00e+00	5.93e-07	7.14e-14
 8.14210e+16	1.00e+00	4.60e-07	4.30e-14
 8.33455e+16	1.00e+00	3.55e-07	2.57e-14
 8.53672e+16	1.00e+00	2.72e-07	1.51e-14
 8.75076e+16	1.00e+00	2.07e-07	8.74e-15
 8.97922e+16	1.00e+00	1.55e-07	4.94e-15
 9.22567e+16	1.00e+00	1.15e-07	2.71e-15
 9.48449e+16	1.00e+00	8.46e-08	1.47e-15
 9.74426e+16	1.00e+00	6.27e-08	8.08e-16
 1.00019e+17	1.00e+00	4.69e-08	4.54e-16
 1.02587e+17	1.00e+00	3.54e-08	2.58e-16
 1.05153e+17	1.00e+00	2.69e-08	1.49e-16
 1.07712e+17	1.00e+00	2.05e-08	8.72e-17
 1.10247e+17	1.00e+00	1.58e-08	5.18e-17
 1.12745e+17	1.00e+00	1.23e-08	3.14e-17
 1.15197e+17	1.00e+00	9.66e-09	1.93e-17
 1.17594e+17	1.00e+00	7.66e-09	1.22e-17
 1.19928e+17	1.00e+00	6.13e-09	7.80e-18
 1.22192e+17	1.00e+00	4.96e-09	5.11e-18
 1.24380e+17	1.00e+00	4.05e-09	3.41e-18
 1.26487e+17	1.00e+00	3.35e-09	2.33e-18
 1.28511e+17	1.00e+00	2.79e-09	1.62e-18
 1.30451e+17	1.00e+00	2.35e-09	1.15e-18
 1.32305e+17	1.00e+00	2.00e-09	8.32e-19
 1.34075e+17	1.00e+00	1.72e-09	6.13e-19
 1.35762e+17	1.00e+00	1.48e-09	4.59e-19
 1.37367e+17	1.00e+00	1.30e-09	3.50e-19
 1.38893e+17	1.00e+00	1.14e-09	2.71e-19
 1.40345e+17	1.00e+00	1.01e-09	2.13e-19
 1.41723e+17	1.00e+00	9.02e-10	1.70e-19
 1.43032e+17	1.00e+00	8.10e-10	1.37e-19
 1.44275e+17	1.00e+00	7.32e-10	1.12e-19
 1.45454e+17	1.00e+00	6.66e-10	9.26e-20
 1.46572e+17	1.00e+00	6.08e-10	7.74e-20
 1.47632e+17	1.00e+00	5.59e-10	6.54e-20
 1.48638e+17	1.00e+00	5.16e-10	5.58e-20
 1.49594e+17	1.00e+00	4.79e-10	4.80e-20
 1.50501e+17	1.00e+00	4.46e-10	4.16e-20
 1.51362e+17	1.00e+00	4.17e-10	3.64e-20
 1.52180e+17	1.00e+00	3.91e-10	3.20e-20
 1.52956e+17	1.00e+00	3.68e-10	2.84e-20
 1.53694e+17	1.00e+00	3.48e-10	2.54e-20
 1.54395e+17	1.00e+00	3.30e-10	2.28e-20
 1.55062e+17	1.00e+00	3.13e-10	2.06e-20
 1.55697e+17	1.00e+00	2.98e-10	1.87e-20
 1.56300e+17	1.00e+00	2.85e-10	1.70e-20
 1.56875e+17	1.00e+00	2.73e-10	1.56e-20
 1.57422e+17	1.00e+00	2.62e-10	1.44e-20
 1.57944e+17	1.00e+00	2.52e-10	1.33e-20
 1.58442e+17	1.00e+00	2.42e-10	1.23e-20
 1.58917e+17	1.00e+00	2.34e-10	1.15e-20
 1.59371e+17	1.00e+00	2.26e-10	1.07e-20
 1.59805e+17	1.00e+00	2.19e-10	1.01e-20
 1.60220e+17	1.00e+00	2.12e-10	9.46e-21
 1.60617e+17	1.00e+00	2.06e-10	0.00e+00
 1.60998e+17	1.00e+00	2.00e-10	0.00e+00
 1.61364e+17	1.00e+00	1.95e-10	0.00e+00
 1.61716e+17	1.00e+00	1.90e-10	0.00e+00
 1.62055e+17	1.00e+00	1.85e-10	0.00e+00
 1.62381e+17	1.00e+00	1.81e-10	0.00e+00
 1.62696e+17	1.00e+00	1.77e-10	0.00e+00
 1.63002e+17	1.00e+00	1.73e-10	0.00e+00
 1.63298e+17	1.00e+00	1.69e-10	0.00e+00
 1.63586e+17	1.00e+00	1.65e-10	0.00e+00
 1.63867e+17	1.00e+00	1.62e-10	0.00e+00
 1.64141e+17	1.00e+00	1.59e-10	0.00e+00
 1.64411e+17	1.00e+00	1.56e-10	0.00e+00
 1.64677e+17	1.00e+00	1.53e-10	0.00e+00
 1.64940e+17	1.00e+00	1.50e-10	0.00e+00
 1.65201e+17	1.00e+00	1.47e-10	0.00e+00
 1.65463e+17	1.00e+00	1.44e-10	0.00e+00
 1.65726e+17	1.00e+00	1.42e-10	0.00e+00
 1.65993e+17	1.00e+00	1.39e-10	0.00e+00
 1.66266e+17	1.00e+00	1.36e-10	0.00e+00
 1.66547e+17	1.00e+00	1.33e-10	0.00e+00
 1.66840e+17	1.00e+00	1.31e-10	0.00e+00
 1.67149e+17	1.00e+00	1.28e-10	0.00e+00
 1.67480e+17	1.00e+00	1.25e-10	0.00e+00
 1.67840e+17	1.00e+00	1.21e-10	0.00e+00
 1.68239e+17	1.00e+00	1.18e-10	0.00e+00
 1.68690e+17	1.00e+00	1.14e-10	0.00e+00
 1.69214e+17	1.00e+00	1.10e-10	0.00e+00
 1.69842e+17	1.00e+00	1.05e-10	0.00e+00
 1.70618e+17	1.00e+00	9.90e-11	0.00e+00
 1.71613e+17	1.00e+00	9.21e-11	0.00e+00
 1.72907e+17	1.00e+00	8.38e-11	0.00e+00
 1.74588e+17	1.00e+00	7.42e-11	0.00e+00
 1.76774e+17	1.00e+00	6.35e-11	0.00e+00
 1.79616e+17	1.00e+00	5.20e-11	0.00e+00
 1.83310e+17	1.00e+00	4.03e-11	0.00e+00
 1.88113e+17	1.00e+00	2.92e-11	0.00e+00
 1.93960e+17	1.00e+00	2.00e-11	0.00e+00
 2.00315e+17	1.00e+00	1.36e-11	0.00e+00
 2.06824e+17	1.00e+00	9.46e-12	0.00e+00
 2.13427e+17	1.00e+00	6.79e-12	0.00e+00
 2.20061e+17	1.00e+00	5.07e-12	0.00e+00
 2.26696e+17	1.00e+00	3.96e-12	0.00e+00
 2.33330e+17	1.00e+00	3.22e-12	0.00e+00
 2.39965e+17	1.00e+00	2.73e-12	0.00e+00
 2.46599e+17	1.00e+00	2.40e-12	0.00e+00
 2.53233e+17	1.00e+00	2.16e-12	0.00e+00
 2.59868e+17	1.00e+00	1.99e-12	0.00e+00
 2.66502e+17	1.00e+00	1.86e-12	0.00e+00
 2.73136e+17	1.00e+00	1.76e-12	0.00e+00
 2.79771e+17	1.00e+00	1.68e-12	0.00e+00
 2.86405e+17	1.00e+00	1.61e-12	0.00e+00
 2.94035e+17	1.00e+00	1.54e-12	0.00e+00
 3.03953e+17	1.00e+00	1.24e-12	0.00e+00
 3.15750e+17	1.00e+00	8.63e-13	0.00e+00
 3.28380e+17	1.00e+00	6.80e-13	0.00e+00
 3.41516e+17	1.00e+00	5.87e-13	0.00e+00
 3.55176e+17	1.00e+00	5.07e-13	0.00e+00
 3.69013e+17	1.00e+00	4.32e-13	0.00e+00
 3.82120e+17	1.00e+00	3.97e-13	0.00e+00
 3.93800e+17	1.00e+00	4.14e-13	0.00e+00
 4.04147e+17	1.00e+00	4.47e-13	0.00e+00
 4.13747e+17	1.00e+00	4.60e-13	0.00e+00
 4.23054e+17	1.00e+00	4.38e-13	0.00e+00
 4.31986e+17	1.00e+00	4.01e-13	0.00e+00
 4.39909e+17	1.00e+00	3.75e-13	0.00e+00
 4.45767e+17	1.00e+00	3.78e-13	0.00e+00
 4.49177e+17	1.00e+00	4.18e-13	0.00e+00
 4.50959e+17	1.00e+00	4.52e-13	0.00e+00
 4.51970e+17	1.00e+00	4.71e-13	0.00e+00
 4.52576e+17	1.00e+00	4.81e-13	0.00e+00
 4.52993e+17	1.00e+00	4.88e-13	0.00e+00
 4.53406e+17	1.00e+00	4.92e-13	0.00e+00
 4.53877e+17	1.00e+00	4.96e-13	0.00e+00
 4.54393e+17	1.00e+00	5.00e-13	0.00e+00
 4.54876e+17	1.00e+00	5.02e-13	0.00e+00
 4.55252e+17	1.00e+00	5.04e-13	0.00e+00
 4.55567e+17	1.00e+00	5.05e-13	0.00e+00
 4.55879e+17	1.00e+00	5.05e-13	0.00e+00
 4.56209e+17	1.00e+00	5.06e-13	0.00e+00
 4.56551e+17	1.00e+00	5.06e-13	0.00e+00
 4.56864e+17	1.00e+00	5.05e-13	0.00e+00
 4.57122e+17	1.00e+00	5.05e-13	0.00e+00
 4.57336e+17	1.00e+00	5.05e-13	0.00e+00
 4.57553e+17	1.00e+00	5.04e-13	0.00e+00
 4.57810e+17	1.00e+00	5.03e-13	0.00e+00
 4.58076e+17	1.00e+00	5.02e-13	0.00e+00
 4.58308e+17	1.00e+00	5.01e-13	0.00e+00
 4.58495e+17	1.00e+00	5.00e-13	0.00e+00
 4.58666e+17	1.00e+00	5.00e-13	0.00e+00
 4.58855e+17	1.00e+00	4.99e-13	0.00e+00
 4.59064e+17	1.00e+00	4.97e-13	0.00e+00
 4.59270e+17	1.00e+00	4.96e-13	0.00e+00
 4.59452e+17	1.00e+00	4.94e-13	0.00e+00
 4.59605e+17	1.00e+00	4.93e-13	0.00e+00
 4.59748e+17	1.00e+00	4.93e-13	0.00e+00
 4.59911e+17	1.00e+00	4.91e-13	0.00e+00
 4.60102e+17	1.00e+00	4.90e-13	0.00e+00
 4.60287e+17	1.00e+00	4.88e-13	0.00e+00
 4.60446e+17	1.00e+00	4.86e-13	0.00e+00
 4.60592e+17	1.00e+00	4.85e-13	0.00e+00
 4.60740e+17	1.00e+00	4.84e-13	0.00e+00
 4.60894e+17	1.00e+00	4.82e-13	0.00e+00
 4.61059e+17	1.00e+00	4.80e-13	0.00e+00
 4.61229e+17	1.00e+00	4.78e-13	0.00e+00
 4.61392e+17	1.00e+00	4.76e-13	0.00e+00
 4.61546e+17	1.00e+00	4.75e-13	0.00e+00
 4.61697e+17	1.00e+00	4.73e-13	0.00e+00
 4.61862e+17	1.00e+00	4.71e-13	0.00e+00
 4.62045e+17	1.00e+00	4.69e-13	0.00e+00
 4.62221e+17	1.00e+00	4.66e-13	0.00e+00
 4.62382e+17	1.00e+00	4.64e-13	0.00e+00
 4.62543e+17	1.00e+00	4.62e-13	0.00e+00
 4.62734e+17	1.00e+00	4.60e-13	0.00e+00
 4.62950e+17	1.00e+00	4.57e-13	0.00e+00
 4.63146e+17	1.00e+00	4.54e-13	0.00e+00
 4.63321e+17	1.00e+00	4.51e-13	0.00e+00
 4.63508e+17	1.00e+00	4.49e-13	0.00e+00
 4.63722e+17	1.00e+00	4.46e-13	0.00e+00
 4.63945e+17	1.00e+00	4.42e-13	0.00e+00
 4.64156e+17	1.00e+00	4.39e-13	0.00e+00
 4.64353e+17	1.00e+00	4.36e-13	0.00e+00
 4.64562e+17	1.00e+00	4.33e-13	0.00e+00
 4.64810e+17	1.00e+00	4.29e-13	0.00e+00
 4.65082e+17	1.00e+00	4.25e-13	0.00e+00
 4.65341e+17	1.00e+00	4.20e-13	0.00e+00
 4.65570e+17	1.00e+00	4.17e-13	0.00e+00
 4.65800e+17	1.00e+00	4.13e-13	0.00e+00
 4.66061e+17	1.00e+00	4.09e-13	0.00e+00
 4.66359e+17	1.00e+00	4.04e-13	0.00e+00
 4.66672e+17	1.00e+00	3.99e-13	0.00e+00
 4.66966e+17	1.00e+00	3.94e-13	0.00e+00
 4.67243e+17	1.00e+00	3.89e-13	0.00e+00
 4.67532e+17	1.00e+00	3.84e-13	0.00e+00
 4.67847e+17	1.00e+00	3.79e-13	0.00e+00
 4.68189e+17	1.00e+00	3.74e-13	0.00e+00
 4.68543e+17	1.00e+00	3.68e-13	0.00e+00
 4.68890e+17	1.00e+00	3.61e-13	0.00e+00
 4.69232e+17	1.00e+00	3.55e-13	0.00e+00
 4.69571e+17	1.00e+00	3.50e-13	0.00e+00
 4.69949e+17	1.00e+00	3.44e-13	0.00e+00
 4.70376e+17	1.00e+00	3.37e-13	0.00e+00
 4.70797e+17	1.00e+00	3.29e-13	0.00e+00
 4.71183e+17	1.00e+00	3.22e-13	0.00e+00
 4.71574e+17	1.00e+00	3.16e-13	0.00e+00
 4.72013e+17	1.00e+00	3.09e-13	0.00e+00
 4.72488e+17	1.00e+00	3.01e-13	0.00e+00
 4.72959e+17	1.00e+00	2.93e-13	0.00e+00
 4.73410e+17	1.00e+00	2.86e-13	0.00e+00
 4.73863e+17	1.00e+00	2.78e-13	0.00e+00
 4.74338e+17	1.00e+00	2.71e-13	0.00e+00
 4.74854e+17	1.00e+00	2.63e-13	0.00e+00
 4.75391e+17	1.00e+00	2.54e-13	0.00e+00
 4.75918e+17	1.00e+00	2.46e-13	0.00e+00
 4.76436e+17	1.00e+00	2.38e-13	0.00e+00
 4.76964e+17	1.00e+00	2.30e-13	0.00e+00
 4.77515e+17	1.00e+00	2.22e-13	0.00e+00
 4.78099e+17	1.00e+00	2.14e-13	0.00e+00
 4.78704e+17	1.00e+00	2.05e-13	0.00e+00
 4.79308e+17	1.00e+00	1.96e-13	0.00e+00
 4.79905e+17	1.00e+00	1.88e-13	0.00e+00
 4.80514e+17	1.00e+00	1.80e-13	0.00e+00
 4.81150e+17	1.00e+00	1.72e-13	0.00e+00
 4.81810e+17	1.00e+00	1.63e-13	0.00e+00
 4.82483e+17	1.00e+00	1.55e-13	0.00e+00
 4.83149e+17	1.00e+00	1.47e-13	0.00e+00
 4.83814e+17	1.00e+00	1.39e-13	0.00e+00
 4.84505e+17	1.00e+00	1.32e-13	0.00e+00
 4.85252e+17	1.00e+00	1.24e-13	0.00e+00
 4.86048e+17	1.00e+00	1.15e-13	0.00e+00
 4.86808e+17	1.00e+00	1.07e-13	0.00e+00
 4.87555e+17	1.00e+00	1.00e-13	0.00e+00
 4.88338e+17	1.00e+00	9.34e-14	0.00e+00
 4.89148e+17	1.00e+00	8.65e-14	0.00e+00
 4.89958e+17	1.00e+00	7.96e-14	0.00e+00
 4.90672e+17	1.00e+00	7.35e-14	0.00e+00
 4.91261e+17	1.00e+00	6.87e-14	0.00e+00
 4.91769e+17	1.00e+00	6.50e-14	0.00e+00
 4.92264e+17	1.00e+00	6.19e-14	0.00e+00
 4.92776e+17	1.00e+00	5.86e-14	0.00e+00
 4.93282e+17	1.00e+00	5.54e-14	0.00e+00
 4.93749e+17	1.00e+00	5.24e-14	0.00e+00
 4.94167e+17	1.00e+00	4.99e-14	0.00e+00
 4.94554e+17	1.00e+00	4.77e-14	0.00e+00
 4.94937e+17	1.00e+00	4.57e-14	0.00e+00
 4.95321e+17	1.00e+00	4.37e-14	0.00e+00
 4.95695e+17	1.00e+00	4.17e-14	0.00e+00
 4.96049e+17	1.00e+00	3.99e-14	0.00e+00
 4.96381e+17	1.00e+00	3.83e-14	0.00e+00
 4.96699e+17	1.00e+00	3.68e-14	0.00e+00
 4.97012e+17	1.00e+00	3.54e-14	0.00e+00
 4.97320e+17	1.00e+00	3.40e-14	0.00e+00
 4.97619e+17	1.00e+00	3.27e-14	0.00e+00
 4.97905e+17	1.00e+00	3.15e-14	0.00e+00
 4.98178e+17	1.00e+00	3.03e-14	0.00e+00
 4.98443e+17	1.00e+00	2.92e-14	0.00e+00
 4.98703e+17	1.00e+00	2.82e-14	0.00e+00
 4.98957e+17	1.00e+00	2.72e-14	0.00e+00
 4.99203e+17	1.00e+00	2.63e-14	0.00e+00
 4.99440e+17	1.00e+00	2.54e-14	0.00e+00
 4.99671e+17	1.00e+00	2.45e-14	0.00e+00
 4.99894e+17	1.00e+00	2.36e-14	0.00e+00
 5.00110e+17	1.00e+00	2.29e-14	0.00e+00
 5.00321e+17	1.00e+00	2.21e-14	0.00e+00
 5.00564e+17	1.00e+00	2.15e-14	0.00e+00
 5.00880e+17	1.00e+00	2.05e-14	0.00e+00
