#depth	He	He+	He+2
 1.49634e+10	3.36e-23	7.75e-12	1.00e+00
 4.54887e+10	3.72e-23	8.37e-12	1.00e+00
 7.72350e+10	4.11e-23	9.06e-12	1.00e+00
 1.10251e+11	4.54e-23	9.81e-12	1.00e+00
 1.44588e+11	5.02e-23	1.06e-11	1.00e+00
 1.80298e+11	5.55e-23	1.15e-11	1.00e+00
 2.17437e+11	6.14e-23	1.24e-11	1.00e+00
 2.56061e+11	6.79e-23	1.35e-11	1.00e+00
 2.96231e+11	7.52e-23	1.46e-11	1.00e+00
 3.38007e+11	8.34e-23	1.58e-11	1.00e+00
 3.81454e+11	9.25e-23	1.71e-11	1.00e+00
 4.26639e+11	1.03e-22	1.86e-11	1.00e+00
 4.73631e+11	1.14e-22	2.01e-11	1.00e+00
 5.22503e+11	1.27e-22	2.18e-11	1.00e+00
 5.73330e+11	1.41e-22	2.36e-11	1.00e+00
 6.26190e+11	1.58e-22	2.56e-11	1.00e+00
 6.81164e+11	1.76e-22	2.77e-11	1.00e+00
 7.38337e+11	1.96e-22	3.01e-11	1.00e+00
 7.97798e+11	2.20e-22	3.26e-11	1.00e+00
 8.59636e+11	2.46e-22	3.54e-11	1.00e+00
 9.23949e+11	2.76e-22	3.84e-11	1.00e+00
 9.90833e+11	3.10e-22	4.16e-11	1.00e+00
 1.06039e+12	3.48e-22	4.52e-11	1.00e+00
 1.13274e+12	3.91e-22	4.91e-11	1.00e+00
 1.20797e+12	4.41e-22	5.33e-11	1.00e+00
 1.28622e+12	4.97e-22	5.79e-11	1.00e+00
 1.36759e+12	5.61e-22	6.29e-11	1.00e+00
 1.45222e+12	6.34e-22	6.84e-11	1.00e+00
 1.54024e+12	7.17e-22	7.43e-11	1.00e+00
 1.63178e+12	8.11e-22	8.09e-11	1.00e+00
 1.72697e+12	9.19e-22	8.80e-11	1.00e+00
 1.82598e+12	1.04e-21	9.58e-11	1.00e+00
 1.91984e+12	1.17e-21	1.04e-10	1.00e+00
 2.00498e+12	1.30e-21	1.11e-10	1.00e+00
 2.10100e+12	1.45e-21	1.20e-10	1.00e+00
 2.21334e+12	1.64e-21	1.30e-10	1.00e+00
 2.32479e+12	1.85e-21	1.42e-10	1.00e+00
 2.43058e+12	2.07e-21	1.53e-10	1.00e+00
 2.54761e+12	2.32e-21	1.66e-10	1.00e+00
 2.67944e+12	2.64e-21	1.82e-10	1.00e+00
 2.81193e+12	3.00e-21	1.98e-10	1.00e+00
 2.94971e+12	3.41e-21	2.17e-10	1.00e+00
 3.09763e+12	3.90e-21	2.38e-10	1.00e+00
 3.25146e+12	4.44e-21	2.61e-10	1.00e+00
 3.41144e+12	5.06e-21	2.87e-10	1.00e+00
 3.57783e+12	5.75e-21	3.16e-10	1.00e+00
 3.75087e+12	6.52e-21	3.48e-10	1.00e+00
 3.93083e+12	7.39e-21	3.84e-10	1.00e+00
 4.11799e+12	8.35e-21	4.24e-10	1.00e+00
 4.31264e+12	9.43e-21	4.69e-10	1.00e+00
 4.51507e+12	1.06e-20	5.19e-10	1.00e+00
 4.72560e+12	1.20e-20	5.76e-10	1.00e+00
 4.94455e+12	1.35e-20	6.39e-10	1.00e+00
 5.17226e+12	1.53e-20	7.10e-10	1.00e+00
 5.40655e+12	1.73e-20	7.88e-10	1.00e+00
 5.64275e+12	1.96e-20	8.73e-10	1.00e+00
 5.87959e+12	2.22e-20	9.63e-10	1.00e+00
 6.12073e+12	2.53e-20	1.06e-09	1.00e+00
 6.37051e+12	2.89e-20	1.17e-09	1.00e+00
 6.63105e+12	3.32e-20	1.29e-09	1.00e+00
 6.90319e+12	3.84e-20	1.42e-09	1.00e+00
 7.18858e+12	4.47e-20	1.57e-09	1.00e+00
 7.49029e+12	5.25e-20	1.73e-09	1.00e+00
 7.81201e+12	6.22e-20	1.92e-09	1.00e+00
 8.15287e+12	7.42e-20	2.12e-09	1.00e+00
 8.49385e+12	8.81e-20	2.34e-09	1.00e+00
 8.84847e+12	1.05e-19	2.57e-09	1.00e+00
 9.23233e+12	1.26e-19	2.84e-09	1.00e+00
 9.62226e+12	1.51e-19	3.13e-09	1.00e+00
 1.00278e+13	1.81e-19	3.44e-09	1.00e+00
 1.04588e+13	2.17e-19	3.79e-09	1.00e+00
 1.09071e+13	2.61e-19	4.17e-09	1.00e+00
 1.13733e+13	3.13e-19	4.58e-09	1.00e+00
 1.18582e+13	3.75e-19	5.02e-09	1.00e+00
 1.23624e+13	4.50e-19	5.51e-09	1.00e+00
 1.28869e+13	5.38e-19	6.03e-09	1.00e+00
 1.34323e+13	6.43e-19	6.60e-09	1.00e+00
 1.39586e+13	7.58e-19	7.18e-09	1.00e+00
 1.44505e+13	8.78e-19	7.73e-09	1.00e+00
 1.50031e+13	1.03e-18	8.38e-09	1.00e+00
 1.56331e+13	1.22e-18	9.15e-09	1.00e+00
 1.62579e+13	1.44e-18	9.94e-09	1.00e+00
 1.69076e+13	1.70e-18	1.08e-08	1.00e+00
 1.76139e+13	2.02e-18	1.18e-08	1.00e+00
 1.83324e+13	2.38e-18	1.28e-08	1.00e+00
 1.90797e+13	2.81e-18	1.39e-08	1.00e+00
 1.98728e+13	3.32e-18	1.51e-08	1.00e+00
 2.06976e+13	3.92e-18	1.64e-08	1.00e+00
 2.15555e+13	4.62e-18	1.78e-08	1.00e+00
 2.24476e+13	5.45e-18	1.94e-08	1.00e+00
 2.33755e+13	6.42e-18	2.10e-08	1.00e+00
 2.43404e+13	7.56e-18	2.28e-08	1.00e+00
 2.53439e+13	8.89e-18	2.48e-08	1.00e+00
 2.63876e+13	1.04e-17	2.69e-08	1.00e+00
 2.74483e+13	1.22e-17	2.91e-08	1.00e+00
 2.85514e+13	1.43e-17	3.15e-08	1.00e+00
 2.97234e+13	1.68e-17	3.41e-08	1.00e+00
 3.09423e+13	1.97e-17	3.69e-08	1.00e+00
 3.22099e+13	2.31e-17	4.00e-08	1.00e+00
 3.35282e+13	2.71e-17	4.33e-08	1.00e+00
 3.48993e+13	3.18e-17	4.69e-08	1.00e+00
 3.63252e+13	3.72e-17	5.08e-08	1.00e+00
 3.78081e+13	4.36e-17	5.50e-08	1.00e+00
 3.93503e+13	5.11e-17	5.96e-08	1.00e+00
 4.09543e+13	5.99e-17	6.45e-08	1.00e+00
 4.26224e+13	7.01e-17	6.98e-08	1.00e+00
 4.43572e+13	8.21e-17	7.56e-08	1.00e+00
 4.61614e+13	9.62e-17	8.18e-08	1.00e+00
 4.80378e+13	1.13e-16	8.85e-08	1.00e+00
 4.99892e+13	1.32e-16	9.59e-08	1.00e+00
 5.20187e+13	1.54e-16	1.04e-07	1.00e+00
 5.41294e+13	1.81e-16	1.12e-07	1.00e+00
 5.63245e+13	2.12e-16	1.22e-07	1.00e+00
 5.86074e+13	2.49e-16	1.32e-07	1.00e+00
 6.09816e+13	2.91e-16	1.43e-07	1.00e+00
 6.32401e+13	3.37e-16	1.54e-07	1.00e+00
 6.52955e+13	3.83e-16	1.64e-07	1.00e+00
 6.76124e+13	4.42e-16	1.76e-07	1.00e+00
 7.03154e+13	5.17e-16	1.90e-07	1.00e+00
 7.29825e+13	6.01e-16	2.05e-07	1.00e+00
 7.55012e+13	6.88e-16	2.20e-07	1.00e+00
 7.82961e+13	7.99e-16	2.37e-07	1.00e+00
 8.14578e+13	9.40e-16	2.57e-07	1.00e+00
 8.46038e+13	1.09e-15	2.77e-07	1.00e+00
 8.78755e+13	1.28e-15	3.00e-07	1.00e+00
 9.14205e+13	1.51e-15	3.25e-07	1.00e+00
 9.51072e+13	1.77e-15	3.53e-07	1.00e+00
 9.89414e+13	2.08e-15	3.83e-07	1.00e+00
 1.02929e+14	2.46e-15	4.16e-07	1.00e+00
 1.07076e+14	2.90e-15	4.52e-07	1.00e+00
 1.11389e+14	3.42e-15	4.91e-07	1.00e+00
 1.15875e+14	4.02e-15	5.34e-07	1.00e+00
 1.20539e+14	4.76e-15	5.81e-07	1.00e+00
 1.25391e+14	5.61e-15	6.31e-07	1.00e+00
 1.30437e+14	6.64e-15	6.87e-07	1.00e+00
 1.35526e+14	7.80e-15	7.45e-07	1.00e+00
 1.40819e+14	9.18e-15	8.09e-07	1.00e+00
 1.46481e+14	1.09e-14	8.80e-07	1.00e+00
 1.52370e+14	1.29e-14	9.59e-07	1.00e+00
 1.58495e+14	1.52e-14	1.04e-06	1.00e+00
 1.64865e+14	1.81e-14	1.14e-06	1.00e+00
 1.71489e+14	2.14e-14	1.24e-06	1.00e+00
 1.78379e+14	2.55e-14	1.35e-06	1.00e+00
 1.84995e+14	2.99e-14	1.47e-06	1.00e+00
 1.91173e+14	3.45e-14	1.58e-06	1.00e+00
 1.98148e+14	4.04e-14	1.71e-06	1.00e+00
 2.06104e+14	4.82e-14	1.87e-06	1.00e+00
 2.13989e+14	5.68e-14	2.03e-06	1.00e+00
 2.22190e+14	6.73e-14	2.21e-06	1.00e+00
 2.31107e+14	8.04e-14	2.42e-06	1.00e+00
 2.40142e+14	9.56e-14	2.64e-06	1.00e+00
 2.49539e+14	1.14e-13	2.89e-06	1.00e+00
 2.58572e+14	1.34e-13	3.14e-06	1.00e+00
 2.66487e+14	1.53e-13	3.36e-06	1.00e+00
 2.75201e+14	1.77e-13	3.62e-06	1.00e+00
 2.85744e+14	2.10e-13	3.95e-06	1.00e+00
 2.96332e+14	2.47e-13	4.29e-06	1.00e+00
 3.05913e+14	2.85e-13	4.62e-06	1.00e+00
 3.16518e+14	3.31e-13	4.99e-06	1.00e+00
 3.28978e+14	3.93e-13	5.45e-06	1.00e+00
 3.41271e+14	4.62e-13	5.93e-06	1.00e+00
 3.52761e+14	5.34e-13	6.39e-06	1.00e+00
 3.65606e+14	6.24e-13	6.92e-06	1.00e+00
 3.80260e+14	7.38e-13	7.56e-06	1.00e+00
 3.94826e+14	8.69e-13	8.23e-06	1.00e+00
 4.09975e+14	1.02e-12	8.94e-06	1.00e+00
 4.26404e+14	1.20e-12	9.76e-06	1.00e+00
 4.43491e+14	1.42e-12	1.06e-05	1.00e+00
 4.61260e+14	1.67e-12	1.16e-05	1.00e+00
 4.79740e+14	1.97e-12	1.26e-05	1.00e+00
 4.98960e+14	2.32e-12	1.38e-05	1.00e+00
 5.18948e+14	2.72e-12	1.50e-05	1.00e+00
 5.39736e+14	3.20e-12	1.63e-05	1.00e+00
 5.61356e+14	3.75e-12	1.78e-05	1.00e+00
 5.82423e+14	4.35e-12	1.93e-05	1.00e+00
 6.02456e+14	4.98e-12	2.07e-05	1.00e+00
 6.24707e+14	5.77e-12	2.24e-05	1.00e+00
 6.49725e+14	6.74e-12	2.44e-05	1.00e+00
 6.74807e+14	7.84e-12	2.65e-05	1.00e+00
 6.97919e+14	8.96e-12	2.85e-05	1.00e+00
 7.22720e+14	1.03e-11	3.07e-05	1.00e+00
 7.51487e+14	1.20e-11	3.33e-05	1.00e+00
 7.79627e+14	1.39e-11	3.61e-05	1.00e+00
 8.06176e+14	1.58e-11	3.88e-05	1.00e+00
 8.35737e+14	1.82e-11	4.18e-05	1.00e+00
 8.69196e+14	2.13e-11	4.56e-05	1.00e+00
 9.00381e+14	2.44e-11	4.91e-05	1.00e+00
 9.27962e+14	2.75e-11	5.24e-05	1.00e+00
 9.58905e+14	3.11e-11	5.61e-05	1.00e+00
 9.95938e+14	3.61e-11	6.09e-05	1.00e+00
 1.03304e+15	4.16e-11	6.58e-05	1.00e+00
 1.06736e+15	4.70e-11	7.05e-05	1.00e+00
 1.10582e+15	5.38e-11	7.60e-05	1.00e+00
 1.15008e+15	6.27e-11	8.26e-05	1.00e+00
 1.19324e+15	7.22e-11	8.92e-05	1.00e+00
 1.23812e+15	8.26e-11	9.64e-05	1.00e+00
 1.28767e+15	9.58e-11	1.05e-04	1.00e+00
 1.33736e+15	1.11e-10	1.14e-04	1.00e+00
 1.38904e+15	1.28e-10	1.23e-04	1.00e+00
 1.44463e+15	1.48e-10	1.33e-04	1.00e+00
 1.50245e+15	1.72e-10	1.45e-04	1.00e+00
 1.56257e+15	1.98e-10	1.57e-04	1.00e+00
 1.62511e+15	2.28e-10	1.70e-04	1.00e+00
 1.69014e+15	2.65e-10	1.85e-04	1.00e+00
 1.75778e+15	3.06e-10	2.00e-04	1.00e+00
 1.82812e+15	3.54e-10	2.17e-04	1.00e+00
 1.90127e+15	4.09e-10	2.36e-04	1.00e+00
 1.97735e+15	4.72e-10	2.56e-04	1.00e+00
 2.05648e+15	5.44e-10	2.77e-04	1.00e+00
 2.13349e+15	6.22e-10	2.99e-04	1.00e+00
 2.20644e+15	7.02e-10	3.21e-04	1.00e+00
 2.27863e+15	7.89e-10	3.43e-04	1.00e+00
 2.36084e+15	8.95e-10	3.68e-04	1.00e+00
 2.45213e+15	1.02e-09	3.98e-04	1.00e+00
 2.53843e+15	1.17e-09	4.28e-04	1.00e+00
 2.63135e+15	1.33e-09	4.60e-04	1.00e+00
 2.73663e+15	1.52e-09	4.98e-04	1.00e+00
 2.83489e+15	1.74e-09	5.37e-04	9.99e-01
 2.92098e+15	1.94e-09	5.71e-04	9.99e-01
 3.01643e+15	2.19e-09	6.10e-04	9.99e-01
 3.13180e+15	2.51e-09	6.59e-04	9.99e-01
 3.24811e+15	2.86e-09	7.09e-04	9.99e-01
 3.35439e+15	3.19e-09	7.58e-04	9.99e-01
 3.47260e+15	3.67e-09	8.16e-04	9.99e-01
 3.60588e+15	4.22e-09	8.81e-04	9.99e-01
 3.73396e+15	4.80e-09	9.47e-04	9.99e-01
 3.85680e+15	5.41e-09	1.01e-03	9.99e-01
 3.99639e+15	6.12e-09	1.09e-03	9.99e-01
 4.15120e+15	7.15e-09	1.18e-03	9.99e-01
 4.30035e+15	8.18e-09	1.27e-03	9.99e-01
 4.44416e+15	9.26e-09	1.36e-03	9.99e-01
 4.60555e+15	1.06e-08	1.47e-03	9.99e-01
 4.78261e+15	1.23e-08	1.59e-03	9.98e-01
 4.95205e+15	1.41e-08	1.71e-03	9.98e-01
 5.11566e+15	1.60e-08	1.83e-03	9.98e-01
 5.30052e+15	1.83e-08	1.98e-03	9.98e-01
 5.50398e+15	2.10e-08	2.14e-03	9.98e-01
 5.70246e+15	2.45e-08	2.32e-03	9.98e-01
 5.89455e+15	2.80e-08	2.49e-03	9.98e-01
 6.10745e+15	3.24e-08	2.69e-03	9.97e-01
 6.33972e+15	3.76e-08	2.92e-03	9.97e-01
 6.55227e+15	4.32e-08	3.15e-03	9.97e-01
 6.78237e+15	5.00e-08	3.40e-03	9.97e-01
 7.03575e+15	5.81e-08	3.70e-03	9.96e-01
 7.26128e+15	6.57e-08	3.97e-03	9.96e-01
 7.49635e+15	7.64e-08	4.29e-03	9.96e-01
 7.74837e+15	8.81e-08	4.64e-03	9.95e-01
 7.98010e+15	9.94e-08	4.99e-03	9.95e-01
 8.23904e+15	1.17e-07	5.42e-03	9.95e-01
 8.51913e+15	1.36e-07	5.89e-03	9.94e-01
 8.76906e+15	1.53e-07	6.35e-03	9.94e-01
 9.03633e+15	1.80e-07	6.90e-03	9.93e-01
 9.32936e+15	2.10e-07	7.53e-03	9.92e-01
 9.59788e+15	2.39e-07	8.17e-03	9.92e-01
 9.88895e+15	2.84e-07	8.96e-03	9.91e-01
 1.02030e+16	3.35e-07	9.86e-03	9.90e-01
 1.04832e+16	3.85e-07	1.08e-02	9.89e-01
 1.07837e+16	4.61e-07	1.19e-02	9.88e-01
 1.11044e+16	5.50e-07	1.32e-02	9.87e-01
 1.13873e+16	6.34e-07	1.45e-02	9.85e-01
 1.16912e+16	7.74e-07	1.63e-02	9.84e-01
 1.20057e+16	9.32e-07	1.82e-02	9.82e-01
 1.22723e+16	1.08e-06	2.02e-02	9.80e-01
 1.25574e+16	1.33e-06	2.28e-02	9.77e-01
 1.28503e+16	1.62e-06	2.59e-02	9.74e-01
 1.30957e+16	1.88e-06	2.91e-02	9.71e-01
 1.33570e+16	2.36e-06	3.33e-02	9.67e-01
 1.35875e+16	2.82e-06	3.76e-02	9.62e-01
 1.37525e+16	3.25e-06	4.15e-02	9.58e-01
 1.39413e+16	3.80e-06	4.68e-02	9.53e-01
 1.41869e+16	4.92e-06	5.55e-02	9.44e-01
 1.44258e+16	6.38e-06	6.67e-02	9.33e-01
 1.45963e+16	7.80e-06	7.74e-02	9.23e-01
 1.47311e+16	9.31e-06	8.82e-02	9.12e-01
 1.48795e+16	1.15e-05	1.03e-01	8.97e-01
 1.50374e+16	1.47e-05	1.24e-01	8.76e-01
 1.51683e+16	1.83e-05	1.48e-01	8.52e-01
 1.52729e+16	2.23e-05	1.72e-01	8.28e-01
 1.53672e+16	2.68e-05	2.00e-01	8.00e-01
 1.54564e+16	3.27e-05	2.34e-01	7.66e-01
 1.55246e+16	3.81e-05	2.64e-01	7.36e-01
 1.55739e+16	4.29e-05	2.91e-01	7.09e-01
 1.56286e+16	4.94e-05	3.25e-01	6.75e-01
 1.56997e+16	5.92e-05	3.77e-01	6.23e-01
 1.57681e+16	7.03e-05	4.34e-01	5.66e-01
 1.58196e+16	8.02e-05	4.83e-01	5.17e-01
 1.58732e+16	9.19e-05	5.39e-01	4.61e-01
 1.59430e+16	1.08e-04	6.14e-01	3.86e-01
 1.60155e+16	1.26e-04	6.90e-01	3.10e-01
 1.60790e+16	1.42e-04	7.52e-01	2.47e-01
 1.61489e+16	1.58e-04	8.12e-01	1.88e-01
 1.62397e+16	1.76e-04	8.71e-01	1.29e-01
 1.63508e+16	1.93e-04	9.19e-01	8.06e-02
 1.64845e+16	2.08e-04	9.53e-01	4.67e-02
 1.66545e+16	2.22e-04	9.75e-01	2.46e-02
 1.68754e+16	2.36e-04	9.88e-01	1.17e-02
 1.71626e+16	2.50e-04	9.95e-01	5.09e-03
 1.75360e+16	2.68e-04	9.98e-01	2.02e-03
 1.80214e+16	2.92e-04	9.99e-01	7.38e-04
 1.85347e+16	3.17e-04	9.99e-01	3.00e-04
 1.89720e+16	3.41e-04	1.00e+00	1.54e-04
 1.93653e+16	3.63e-04	1.00e+00	8.93e-05
 1.98136e+16	3.93e-04	1.00e+00	4.99e-05
 2.03036e+16	4.28e-04	1.00e+00	2.81e-05
 2.07305e+16	4.63e-04	1.00e+00	1.78e-05
 2.10865e+16	4.94e-04	9.99e-01	1.24e-05
 2.14676e+16	5.33e-04	9.99e-01	8.47e-06
 2.18694e+16	5.81e-04	9.99e-01	5.83e-06
 2.21986e+16	6.26e-04	9.99e-01	4.38e-06
 2.24683e+16	6.69e-04	9.99e-01	3.49e-06
 2.27601e+16	7.23e-04	9.99e-01	2.71e-06
 2.30704e+16	7.90e-04	9.99e-01	2.11e-06
 2.32741e+16	8.40e-04	9.99e-01	1.82e-06
 2.33689e+16	8.66e-04	9.99e-01	1.70e-06
 2.34530e+16	8.91e-04	9.99e-01	1.59e-06
 2.35624e+16	9.26e-04	9.99e-01	1.46e-06
 2.37045e+16	9.76e-04	9.99e-01	1.31e-06
 2.38499e+16	1.03e-03	9.99e-01	1.17e-06
 2.39650e+16	1.08e-03	9.99e-01	1.08e-06
 2.40547e+16	1.12e-03	9.99e-01	1.01e-06
 2.41340e+16	1.16e-03	9.99e-01	9.57e-07
 2.42250e+16	1.22e-03	9.99e-01	8.93e-07
 2.43230e+16	1.27e-03	9.99e-01	8.32e-07
 2.44077e+16	1.33e-03	9.99e-01	7.84e-07
 2.44816e+16	1.38e-03	9.99e-01	7.45e-07
 2.45634e+16	1.45e-03	9.99e-01	7.01e-07
 2.46508e+16	1.52e-03	9.98e-01	6.60e-07
 2.47256e+16	1.59e-03	9.98e-01	6.27e-07
 2.47905e+16	1.65e-03	9.98e-01	5.99e-07
 2.48623e+16	1.73e-03	9.98e-01	5.69e-07
 2.49395e+16	1.83e-03	9.98e-01	5.40e-07
 2.50064e+16	1.91e-03	9.98e-01	5.17e-07
 2.50647e+16	2.00e-03	9.98e-01	4.96e-07
 2.51292e+16	2.10e-03	9.98e-01	4.74e-07
 2.51988e+16	2.22e-03	9.98e-01	4.52e-07
 2.52590e+16	2.33e-03	9.98e-01	4.34e-07
 2.53113e+16	2.44e-03	9.98e-01	4.19e-07
 2.53696e+16	2.58e-03	9.97e-01	4.02e-07
 2.54324e+16	2.74e-03	9.97e-01	3.85e-07
 2.54870e+16	2.89e-03	9.97e-01	3.72e-07
 2.55352e+16	3.04e-03	9.97e-01	3.60e-07
 2.55891e+16	3.23e-03	9.97e-01	3.47e-07
 2.56470e+16	3.45e-03	9.97e-01	3.33e-07
 2.56979e+16	3.68e-03	9.96e-01	3.22e-07
 2.57437e+16	3.90e-03	9.96e-01	3.12e-07
 2.57952e+16	4.19e-03	9.96e-01	3.01e-07
 2.58511e+16	4.53e-03	9.95e-01	2.90e-07
 2.59011e+16	4.89e-03	9.95e-01	2.81e-07
 2.59469e+16	5.27e-03	9.95e-01	2.72e-07
 2.59991e+16	5.77e-03	9.94e-01	2.63e-07
 2.60542e+16	6.39e-03	9.94e-01	2.53e-07
 2.61000e+16	7.01e-03	9.93e-01	2.46e-07
 2.61385e+16	7.60e-03	9.92e-01	2.41e-07
 2.61809e+16	8.38e-03	9.92e-01	2.34e-07
 2.62236e+16	9.31e-03	9.91e-01	2.27e-07
 2.62564e+16	1.02e-02	9.90e-01	2.23e-07
 2.62830e+16	1.09e-02	9.89e-01	2.19e-07
 2.63122e+16	1.20e-02	9.88e-01	2.15e-07
 2.63442e+16	1.32e-02	9.87e-01	2.11e-07
 2.63722e+16	1.46e-02	9.85e-01	2.08e-07
 2.63958e+16	1.59e-02	9.84e-01	2.06e-07
 2.64164e+16	1.71e-02	9.83e-01	2.04e-07
 2.64386e+16	1.88e-02	9.81e-01	2.02e-07
 2.64674e+16	2.12e-02	9.79e-01	1.99e-07
 2.64955e+16	2.41e-02	9.76e-01	1.98e-07
 2.65158e+16	2.67e-02	9.73e-01	1.97e-07
 2.65322e+16	2.91e-02	9.71e-01	1.96e-07
 2.65507e+16	3.21e-02	9.68e-01	1.96e-07
 2.65747e+16	3.69e-02	9.63e-01	1.97e-07
 2.65983e+16	4.26e-02	9.57e-01	1.98e-07
 2.66156e+16	4.77e-02	9.52e-01	1.99e-07
 2.66293e+16	5.23e-02	9.48e-01	2.02e-07
 2.66444e+16	5.84e-02	9.42e-01	2.04e-07
 2.66611e+16	6.58e-02	9.34e-01	2.08e-07
 2.66764e+16	7.40e-02	9.26e-01	2.12e-07
 2.66899e+16	8.25e-02	9.17e-01	2.15e-07
 2.67024e+16	9.14e-02	9.09e-01	2.20e-07
 2.67141e+16	1.01e-01	8.99e-01	2.25e-07
 2.67244e+16	1.10e-01	8.90e-01	2.30e-07
 2.67337e+16	1.19e-01	8.81e-01	2.34e-07
 2.67411e+16	1.27e-01	8.73e-01	2.38e-07
 2.67459e+16	1.33e-01	8.67e-01	2.40e-07
 2.67504e+16	1.38e-01	8.62e-01	2.43e-07
 2.67556e+16	1.45e-01	8.55e-01	2.45e-07
 2.67612e+16	1.53e-01	8.47e-01	2.49e-07
 2.67666e+16	1.61e-01	8.39e-01	2.52e-07
 2.67716e+16	1.68e-01	8.32e-01	2.56e-07
 2.67767e+16	1.77e-01	8.23e-01	2.58e-07
 2.67817e+16	1.85e-01	8.15e-01	2.62e-07
 2.67867e+16	1.95e-01	8.05e-01	2.65e-07
 2.67916e+16	2.04e-01	7.96e-01	2.69e-07
 2.67965e+16	2.13e-01	7.87e-01	2.72e-07
 2.68013e+16	2.24e-01	7.76e-01	2.75e-07
 2.68060e+16	2.34e-01	7.66e-01	2.79e-07
 2.68106e+16	2.45e-01	7.55e-01	2.83e-07
 2.68153e+16	2.56e-01	7.44e-01	2.85e-07
 2.68199e+16	2.68e-01	7.32e-01	2.89e-07
 2.68244e+16	2.80e-01	7.20e-01	2.92e-07
 2.68290e+16	2.92e-01	7.08e-01	2.95e-07
 2.68334e+16	3.05e-01	6.95e-01	2.98e-07
 2.68377e+16	3.18e-01	6.82e-01	3.01e-07
 2.68420e+16	3.31e-01	6.69e-01	3.04e-07
 2.68463e+16	3.45e-01	6.55e-01	3.07e-07
 2.68505e+16	3.59e-01	6.41e-01	3.10e-07
 2.68546e+16	3.73e-01	6.27e-01	3.12e-07
 2.68587e+16	3.87e-01	6.13e-01	3.14e-07
 2.68628e+16	4.02e-01	5.98e-01	3.17e-07
 2.68668e+16	4.17e-01	5.83e-01	3.18e-07
 2.68707e+16	4.32e-01	5.68e-01	3.20e-07
 2.68746e+16	4.47e-01	5.53e-01	3.22e-07
 2.68784e+16	4.62e-01	5.38e-01	3.23e-07
 2.68822e+16	4.77e-01	5.23e-01	3.24e-07
 2.68858e+16	4.91e-01	5.09e-01	3.25e-07
 2.68894e+16	5.06e-01	4.94e-01	3.26e-07
 2.68930e+16	5.21e-01	4.79e-01	3.26e-07
 2.68965e+16	5.35e-01	4.65e-01	3.27e-07
 2.68998e+16	5.49e-01	4.51e-01	3.27e-07
 2.69031e+16	5.63e-01	4.37e-01	3.26e-07
 2.69064e+16	5.77e-01	4.23e-01	3.25e-07
 2.69095e+16	5.90e-01	4.10e-01	3.25e-07
 2.69127e+16	6.04e-01	3.96e-01	3.24e-07
 2.69157e+16	6.16e-01	3.84e-01	3.23e-07
 2.69187e+16	6.29e-01	3.71e-01	3.21e-07
 2.69216e+16	6.41e-01	3.59e-01	3.20e-07
 2.69245e+16	6.53e-01	3.47e-01	3.18e-07
 2.69273e+16	6.64e-01	3.36e-01	3.17e-07
 2.69300e+16	6.75e-01	3.25e-01	3.15e-07
 2.69327e+16	6.86e-01	3.14e-01	3.13e-07
 2.69354e+16	6.96e-01	3.04e-01	3.11e-07
 2.69380e+16	7.07e-01	2.93e-01	3.08e-07
 2.69406e+16	7.17e-01	2.83e-01	3.06e-07
 2.69432e+16	7.26e-01	2.74e-01	3.03e-07
 2.69457e+16	7.36e-01	2.64e-01	3.00e-07
 2.69482e+16	7.45e-01	2.55e-01	2.98e-07
 2.69506e+16	7.53e-01	2.47e-01	2.95e-07
 2.69530e+16	7.62e-01	2.38e-01	2.93e-07
 2.69551e+16	7.69e-01	2.31e-01	2.89e-07
 2.69567e+16	7.75e-01	2.25e-01	2.87e-07
 2.69582e+16	7.80e-01	2.20e-01	2.84e-07
 2.69598e+16	7.85e-01	2.15e-01	2.82e-07
 2.69615e+16	7.91e-01	2.09e-01	2.79e-07
 2.69631e+16	7.96e-01	2.04e-01	2.77e-07
 2.69647e+16	8.01e-01	1.99e-01	2.74e-07
 2.69662e+16	8.06e-01	1.94e-01	2.72e-07
 2.69677e+16	8.11e-01	1.89e-01	2.69e-07
 2.69693e+16	8.15e-01	1.85e-01	2.67e-07
 2.69708e+16	8.20e-01	1.80e-01	2.64e-07
 2.69723e+16	8.25e-01	1.75e-01	2.61e-07
 2.69739e+16	8.29e-01	1.71e-01	2.59e-07
 2.69756e+16	8.34e-01	1.66e-01	2.56e-07
 2.69773e+16	8.39e-01	1.61e-01	2.53e-07
 2.69792e+16	8.44e-01	1.56e-01	2.50e-07
 2.69812e+16	8.49e-01	1.51e-01	2.46e-07
 2.69832e+16	8.54e-01	1.46e-01	2.42e-07
 2.69853e+16	8.60e-01	1.40e-01	2.38e-07
 2.69872e+16	8.64e-01	1.36e-01	2.34e-07
 2.69892e+16	8.69e-01	1.31e-01	2.30e-07
 2.69912e+16	8.74e-01	1.26e-01	2.26e-07
 2.69931e+16	8.78e-01	1.22e-01	2.22e-07
 2.69949e+16	8.83e-01	1.17e-01	2.17e-07
 2.69967e+16	8.87e-01	1.13e-01	2.13e-07
 2.69984e+16	8.90e-01	1.10e-01	2.09e-07
 2.70000e+16	8.94e-01	1.06e-01	2.05e-07
 2.70014e+16	8.97e-01	1.03e-01	2.01e-07
 2.70028e+16	9.00e-01	1.00e-01	1.97e-07
 2.70040e+16	9.02e-01	9.80e-02	1.94e-07
 2.70051e+16	9.04e-01	9.59e-02	1.91e-07
 2.70060e+16	9.06e-01	9.39e-02	1.89e-07
 2.70070e+16	9.08e-01	9.21e-02	1.86e-07
 2.70078e+16	9.10e-01	9.04e-02	1.83e-07
 2.70085e+16	9.11e-01	8.89e-02	1.81e-07
 2.70093e+16	9.13e-01	8.72e-02	1.78e-07
 2.70102e+16	9.14e-01	8.56e-02	1.76e-07
 2.70110e+16	9.16e-01	8.40e-02	1.73e-07
 2.70118e+16	9.17e-01	8.27e-02	1.71e-07
 2.70124e+16	9.19e-01	8.14e-02	1.69e-07
 2.70132e+16	9.20e-01	8.00e-02	1.67e-07
 2.70140e+16	9.21e-01	7.86e-02	1.64e-07
 2.70147e+16	9.23e-01	7.72e-02	1.62e-07
 2.70153e+16	9.24e-01	7.61e-02	1.60e-07
 2.70159e+16	9.25e-01	7.50e-02	1.58e-07
 2.70165e+16	9.26e-01	7.40e-02	1.56e-07
 2.70171e+16	9.27e-01	7.28e-02	1.54e-07
 2.70178e+16	9.29e-01	7.14e-02	1.52e-07
 2.70187e+16	9.30e-01	6.99e-02	1.49e-07
 2.70194e+16	9.31e-01	6.86e-02	1.46e-07
 2.70201e+16	9.33e-01	6.74e-02	1.44e-07
 2.70207e+16	9.34e-01	6.63e-02	1.42e-07
 2.70213e+16	9.35e-01	6.53e-02	1.39e-07
 2.70218e+16	9.36e-01	6.44e-02	1.38e-07
 2.70223e+16	9.36e-01	6.36e-02	1.36e-07
 2.70227e+16	9.37e-01	6.29e-02	1.35e-07
 2.70232e+16	9.38e-01	6.20e-02	1.33e-07
 2.70237e+16	9.39e-01	6.11e-02	1.31e-07
 2.70242e+16	9.40e-01	6.04e-02	1.29e-07
 2.70246e+16	9.40e-01	5.96e-02	1.27e-07
 2.70250e+16	9.41e-01	5.90e-02	1.26e-07
 2.70254e+16	9.42e-01	5.82e-02	1.25e-07
 2.70259e+16	9.43e-01	5.73e-02	1.23e-07
 2.70265e+16	9.44e-01	5.63e-02	1.20e-07
 2.70271e+16	9.45e-01	5.55e-02	1.19e-07
 2.70276e+16	9.45e-01	5.47e-02	1.17e-07
 2.70280e+16	9.46e-01	5.40e-02	1.16e-07
 2.70284e+16	9.47e-01	5.33e-02	1.14e-07
 2.70288e+16	9.47e-01	5.28e-02	1.13e-07
 2.70292e+16	9.48e-01	5.21e-02	1.11e-07
 2.70297e+16	9.49e-01	5.13e-02	1.09e-07
 2.70303e+16	9.50e-01	5.04e-02	1.08e-07
 2.70308e+16	9.50e-01	4.96e-02	1.06e-07
 2.70313e+16	9.51e-01	4.90e-02	1.05e-07
 2.70317e+16	9.52e-01	4.84e-02	1.03e-07
 2.70322e+16	9.52e-01	4.76e-02	1.02e-07
 2.70327e+16	9.53e-01	4.70e-02	1.00e-07
 2.70331e+16	9.54e-01	4.64e-02	9.92e-08
 2.70336e+16	9.54e-01	4.56e-02	9.75e-08
 2.70342e+16	9.55e-01	4.49e-02	9.61e-08
 2.70347e+16	9.56e-01	4.43e-02	9.49e-08
 2.70351e+16	9.56e-01	4.37e-02	9.36e-08
 2.70355e+16	9.57e-01	4.32e-02	9.24e-08
 2.70360e+16	9.57e-01	4.26e-02	9.13e-08
 2.70366e+16	9.58e-01	4.19e-02	8.98e-08
 2.70372e+16	9.59e-01	4.11e-02	8.81e-08
 2.70378e+16	9.60e-01	4.04e-02	8.68e-08
 2.70383e+16	9.60e-01	3.98e-02	8.57e-08
 2.70387e+16	9.61e-01	3.93e-02	8.46e-08
 2.70393e+16	9.61e-01	3.87e-02	8.33e-08
 2.70398e+16	9.62e-01	3.81e-02	8.21e-08
 2.70403e+16	9.63e-01	3.75e-02	8.09e-08
 2.70408e+16	9.63e-01	3.70e-02	7.98e-08
 2.70413e+16	9.64e-01	3.64e-02	7.88e-08
 2.70420e+16	9.64e-01	3.57e-02	7.73e-08
 2.70427e+16	9.65e-01	3.50e-02	7.60e-08
 2.70433e+16	9.66e-01	3.43e-02	7.46e-08
 2.70439e+16	9.66e-01	3.38e-02	7.35e-08
 2.70445e+16	9.67e-01	3.33e-02	7.26e-08
 2.70450e+16	9.67e-01	3.28e-02	7.15e-08
 2.70455e+16	9.68e-01	3.23e-02	7.06e-08
 2.70462e+16	9.68e-01	3.16e-02	6.93e-08
 2.70470e+16	9.69e-01	3.10e-02	6.81e-08
 2.70476e+16	9.70e-01	3.04e-02	6.70e-08
 2.70483e+16	9.70e-01	2.99e-02	6.59e-08
 2.70488e+16	9.71e-01	2.94e-02	6.50e-08
 2.70495e+16	9.71e-01	2.89e-02	6.40e-08
 2.70501e+16	9.72e-01	2.84e-02	6.30e-08
 2.70507e+16	9.72e-01	2.79e-02	6.21e-08
 2.70513e+16	9.73e-01	2.75e-02	6.12e-08
 2.70519e+16	9.73e-01	2.70e-02	6.04e-08
 2.70526e+16	9.73e-01	2.66e-02	5.94e-08
 2.70532e+16	9.74e-01	2.61e-02	5.85e-08
 2.70537e+16	9.74e-01	2.57e-02	5.78e-08
 2.70543e+16	9.75e-01	2.53e-02	5.71e-08
 2.70551e+16	9.75e-01	2.48e-02	5.60e-08
 2.70559e+16	9.76e-01	2.42e-02	5.50e-08
 2.70567e+16	9.76e-01	2.38e-02	5.41e-08
 2.70574e+16	9.77e-01	2.33e-02	5.33e-08
 2.70580e+16	9.77e-01	2.29e-02	5.25e-08
 2.70587e+16	9.77e-01	2.25e-02	5.18e-08
 2.70594e+16	9.78e-01	2.21e-02	5.10e-08
 2.70601e+16	9.78e-01	2.17e-02	5.02e-08
 2.70609e+16	9.79e-01	2.13e-02	4.94e-08
 2.70617e+16	9.79e-01	2.08e-02	4.86e-08
 2.70624e+16	9.80e-01	2.05e-02	4.79e-08
 2.70632e+16	9.80e-01	2.00e-02	4.70e-08
 2.70641e+16	9.80e-01	1.96e-02	4.62e-08
 2.70649e+16	9.81e-01	1.92e-02	4.55e-08
 2.70657e+16	9.81e-01	1.88e-02	4.47e-08
 2.70667e+16	9.82e-01	1.84e-02	4.39e-08
 2.70675e+16	9.82e-01	1.80e-02	4.32e-08
 2.70683e+16	9.82e-01	1.76e-02	4.26e-08
 2.70691e+16	9.83e-01	1.73e-02	4.18e-08
 2.70700e+16	9.83e-01	1.69e-02	4.11e-08
 2.70709e+16	9.83e-01	1.65e-02	4.05e-08
 2.70718e+16	9.84e-01	1.61e-02	3.97e-08
 2.70728e+16	9.84e-01	1.58e-02	3.90e-08
 2.70737e+16	9.85e-01	1.54e-02	3.84e-08
 2.70746e+16	9.85e-01	1.51e-02	3.76e-08
 2.70757e+16	9.85e-01	1.47e-02	3.69e-08
 2.70767e+16	9.86e-01	1.44e-02	3.63e-08
 2.70777e+16	9.86e-01	1.40e-02	3.55e-08
 2.70789e+16	9.86e-01	1.36e-02	3.48e-08
 2.70799e+16	9.87e-01	1.33e-02	3.42e-08
 2.70808e+16	9.87e-01	1.30e-02	3.36e-08
 2.70819e+16	9.87e-01	1.27e-02	3.30e-08
 2.70830e+16	9.88e-01	1.24e-02	3.23e-08
 2.70840e+16	9.88e-01	1.21e-02	3.18e-08
 2.70851e+16	9.88e-01	1.18e-02	3.11e-08
 2.70863e+16	9.89e-01	1.14e-02	3.05e-08
 2.70876e+16	9.89e-01	1.11e-02	2.98e-08
 2.70893e+16	9.89e-01	1.07e-02	2.89e-08
 2.70912e+16	9.90e-01	1.02e-02	2.80e-08
 2.70930e+16	9.90e-01	9.83e-03	2.72e-08
 2.70948e+16	9.91e-01	9.45e-03	2.64e-08
 2.70966e+16	9.91e-01	9.07e-03	2.56e-08
 2.70985e+16	9.91e-01	8.70e-03	2.48e-08
 2.71005e+16	9.92e-01	8.33e-03	2.40e-08
 2.71025e+16	9.92e-01	7.97e-03	2.32e-08
 2.71046e+16	9.92e-01	7.63e-03	2.24e-08
 2.71067e+16	9.93e-01	7.29e-03	2.16e-08
 2.71089e+16	9.93e-01	6.96e-03	2.08e-08
 2.71112e+16	9.93e-01	6.64e-03	2.01e-08
 2.71135e+16	9.94e-01	6.33e-03	1.93e-08
 2.71159e+16	9.94e-01	6.03e-03	1.86e-08
 2.71183e+16	9.94e-01	5.74e-03	1.78e-08
 2.71209e+16	9.95e-01	5.45e-03	1.71e-08
 2.71235e+16	9.95e-01	5.18e-03	1.64e-08
 2.71261e+16	9.95e-01	4.92e-03	1.57e-08
 2.71289e+16	9.95e-01	4.66e-03	1.50e-08
 2.71317e+16	9.96e-01	4.42e-03	1.43e-08
 2.71346e+16	9.96e-01	4.18e-03	1.37e-08
 2.71377e+16	9.96e-01	3.94e-03	1.30e-08
 2.71408e+16	9.96e-01	3.72e-03	1.23e-08
 2.71441e+16	9.97e-01	3.49e-03	1.17e-08
 2.71475e+16	9.97e-01	3.26e-03	1.10e-08
 2.71510e+16	9.97e-01	3.04e-03	1.03e-08
 2.71547e+16	9.97e-01	2.80e-03	9.55e-09
 2.71585e+16	9.97e-01	2.56e-03	8.76e-09
 2.71626e+16	9.98e-01	2.31e-03	7.92e-09
 2.71668e+16	9.98e-01	2.06e-03	7.09e-09
 2.71713e+16	9.98e-01	1.81e-03	6.26e-09
 2.71762e+16	9.98e-01	1.57e-03	5.43e-09
 2.71814e+16	9.99e-01	1.34e-03	4.66e-09
 2.71871e+16	9.99e-01	1.13e-03	3.93e-09
 2.71934e+16	9.99e-01	9.35e-04	3.25e-09
 2.72003e+16	9.99e-01	7.57e-04	2.64e-09
 2.72082e+16	9.99e-01	5.98e-04	2.08e-09
 2.72173e+16	1.00e+00	4.58e-04	1.59e-09
 2.72271e+16	1.00e+00	3.47e-04	1.20e-09
 2.72371e+16	1.00e+00	2.65e-04	9.18e-10
 2.72471e+16	1.00e+00	2.05e-04	7.09e-10
 2.72570e+16	1.00e+00	1.61e-04	5.57e-10
 2.72670e+16	1.00e+00	1.29e-04	4.46e-10
 2.72769e+16	1.00e+00	1.06e-04	3.65e-10
 2.72869e+16	1.00e+00	8.90e-05	3.05e-10
 2.72968e+16	1.00e+00	7.64e-05	2.62e-10
 2.73068e+16	1.00e+00	6.72e-05	2.30e-10
 2.73167e+16	1.00e+00	6.05e-05	2.06e-10
 2.73267e+16	1.00e+00	5.55e-05	1.88e-10
 2.73366e+16	1.00e+00	5.17e-05	1.75e-10
 2.73466e+16	1.00e+00	4.90e-05	1.66e-10
 2.73565e+16	1.00e+00	4.69e-05	1.58e-10
 2.73665e+16	1.00e+00	4.53e-05	1.52e-10
 2.73764e+16	1.00e+00	4.41e-05	1.48e-10
 2.73864e+16	1.00e+00	4.31e-05	1.44e-10
 2.73978e+16	1.00e+00	4.23e-05	1.41e-10
 2.74127e+16	1.00e+00	4.15e-05	1.37e-10
 2.74320e+16	1.00e+00	4.06e-05	1.33e-10
 2.74572e+16	1.00e+00	3.98e-05	1.29e-10
 2.74899e+16	1.00e+00	3.89e-05	1.24e-10
 2.75324e+16	1.00e+00	3.78e-05	1.19e-10
 2.75876e+16	1.00e+00	3.65e-05	1.11e-10
 2.76594e+16	1.00e+00	3.48e-05	1.02e-10
 2.77474e+16	1.00e+00	3.29e-05	9.24e-11
 2.78456e+16	1.00e+00	3.09e-05	8.22e-11
 2.79509e+16	1.00e+00	2.88e-05	7.23e-11
 2.80667e+16	1.00e+00	2.67e-05	6.25e-11
 2.81984e+16	1.00e+00	2.44e-05	5.29e-11
 2.83474e+16	1.00e+00	2.21e-05	4.37e-11
 2.85128e+16	1.00e+00	1.98e-05	3.53e-11
 2.86990e+16	1.00e+00	1.74e-05	2.77e-11
 2.89142e+16	1.00e+00	1.51e-05	2.10e-11
 2.91604e+16	1.00e+00	1.28e-05	1.53e-11
 2.94380e+16	1.00e+00	1.07e-05	1.07e-11
 2.97514e+16	1.00e+00	8.70e-06	7.20e-12
 3.01101e+16	1.00e+00	6.91e-06	4.60e-12
 3.05233e+16	1.00e+00	5.33e-06	2.77e-12
 3.10032e+16	1.00e+00	3.97e-06	1.55e-12
 3.15405e+16	1.00e+00	2.89e-06	8.29e-13
 3.20974e+16	1.00e+00	2.10e-06	4.43e-13
 3.26543e+16	1.00e+00	1.54e-06	2.41e-13
 3.32112e+16	1.00e+00	1.14e-06	1.33e-13
 3.38063e+16	1.00e+00	8.27e-07	7.08e-14
 3.44524e+16	1.00e+00	5.93e-07	3.67e-14
 3.51213e+16	1.00e+00	4.24e-07	1.88e-14
 3.58103e+16	1.00e+00	3.04e-07	9.78e-15
 3.65130e+16	1.00e+00	2.18e-07	5.07e-15
 3.72192e+16	1.00e+00	1.58e-07	2.67e-15
 3.79539e+16	1.00e+00	1.13e-07	1.39e-15
 3.87325e+16	1.00e+00	8.08e-08	7.11e-16
 3.95383e+16	1.00e+00	5.75e-08	3.61e-16
 4.03685e+16	1.00e+00	4.08e-08	1.83e-16
 4.12110e+16	1.00e+00	2.91e-08	9.42e-17
 4.20735e+16	1.00e+00	2.07e-08	4.80e-17
 4.29693e+16	1.00e+00	1.47e-08	2.44e-17
 4.38783e+16	1.00e+00	1.05e-08	1.25e-17
 4.48151e+16	1.00e+00	7.47e-09	6.34e-18
 4.57943e+16	1.00e+00	5.27e-09	3.18e-18
 4.68029e+16	1.00e+00	3.71e-09	1.59e-18
 4.78368e+16	1.00e+00	2.61e-09	7.95e-19
 4.88913e+16	1.00e+00	1.84e-09	3.97e-19
 4.99778e+16	1.00e+00	1.29e-09	1.97e-19
 5.10968e+16	1.00e+00	9.01e-10	9.74e-20
 5.22439e+16	1.00e+00	6.30e-10	4.80e-20
 5.34197e+16	1.00e+00	4.37e-10	2.34e-20
 5.46071e+16	1.00e+00	3.05e-10	1.16e-20
 5.58004e+16	1.00e+00	2.13e-10	5.75e-21
 5.70426e+16	1.00e+00	1.48e-10	0.00e+00
 5.83342e+16	1.00e+00	1.01e-10	0.00e+00
 5.96584e+16	1.00e+00	6.95e-11	0.00e+00
 6.10292e+16	1.00e+00	4.72e-11	0.00e+00
 6.24342e+16	1.00e+00	3.19e-11	0.00e+00
 6.38602e+16	1.00e+00	2.13e-11	0.00e+00
 6.53222e+16	1.00e+00	1.46e-11	0.00e+00
 6.68287e+16	1.00e+00	9.84e-12	0.00e+00
 6.83660e+16	1.00e+00	6.62e-12	0.00e+00
 6.99257e+16	1.00e+00	4.41e-12	0.00e+00
 7.13896e+16	1.00e+00	3.09e-12	0.00e+00
 7.28532e+16	1.00e+00	2.14e-12	0.00e+00
 7.44195e+16	1.00e+00	1.48e-12	0.00e+00
 7.59857e+16	1.00e+00	1.02e-12	0.00e+00
 7.75518e+16	1.00e+00	7.17e-13	0.00e+00
 7.91179e+16	1.00e+00	5.05e-13	0.00e+00
 8.09190e+16	1.00e+00	3.37e-13	0.00e+00
 8.32603e+16	1.00e+00	2.02e-13	0.00e+00
 8.62754e+16	1.00e+00	1.07e-13	0.00e+00
 8.95983e+16	1.00e+00	5.51e-14	0.00e+00
 9.30542e+16	1.00e+00	2.85e-14	0.00e+00
 9.67764e+16	1.00e+00	1.44e-14	0.00e+00
 1.00647e+17	1.00e+00	7.32e-15	0.00e+00
 1.04673e+17	1.00e+00	3.74e-15	0.00e+00
 1.08860e+17	1.00e+00	1.94e-15	0.00e+00
 1.13215e+17	1.00e+00	1.03e-15	0.00e+00
 1.17743e+17	1.00e+00	5.70e-16	0.00e+00
 1.22453e+17	1.00e+00	3.34e-16	0.00e+00
 1.27351e+17	1.00e+00	2.13e-16	0.00e+00
 1.32445e+17	1.00e+00	1.50e-16	0.00e+00
 1.37307e+17	1.00e+00	1.19e-16	0.00e+00
 1.41792e+17	1.00e+00	1.08e-16	0.00e+00
 1.46376e+17	1.00e+00	1.01e-16	0.00e+00
 1.51202e+17	1.00e+00	9.37e-17	0.00e+00
 1.56186e+17	1.00e+00	8.91e-17	0.00e+00
 1.61268e+17	1.00e+00	8.59e-17	0.00e+00
 1.66448e+17	1.00e+00	8.37e-17	0.00e+00
 1.71730e+17	1.00e+00	8.17e-17	0.00e+00
 1.77094e+17	1.00e+00	8.00e-17	0.00e+00
 1.82513e+17	1.00e+00	7.85e-17	0.00e+00
 1.87972e+17	1.00e+00	7.74e-17	0.00e+00
 1.93438e+17	1.00e+00	7.63e-17	0.00e+00
 1.98881e+17	1.00e+00	7.56e-17	0.00e+00
 2.04287e+17	1.00e+00	7.50e-17	0.00e+00
 2.09626e+17	1.00e+00	7.46e-17	0.00e+00
 2.14859e+17	1.00e+00	7.43e-17	0.00e+00
 2.19958e+17	1.00e+00	7.45e-17	0.00e+00
 2.24913e+17	1.00e+00	7.47e-17	0.00e+00
 2.29700e+17	1.00e+00	7.50e-17	0.00e+00
 2.34298e+17	1.00e+00	7.56e-17	0.00e+00
 2.38691e+17	1.00e+00	7.63e-17	0.00e+00
 2.42874e+17	1.00e+00	7.71e-17	0.00e+00
 2.46849e+17	1.00e+00	7.80e-17	0.00e+00
 2.50619e+17	1.00e+00	7.88e-17	0.00e+00
 2.54185e+17	1.00e+00	7.97e-17	0.00e+00
 2.57551e+17	1.00e+00	8.06e-17	0.00e+00
 2.60727e+17	1.00e+00	8.15e-17	0.00e+00
 2.63722e+17	1.00e+00	8.23e-17	0.00e+00
 2.66544e+17	1.00e+00	8.31e-17	0.00e+00
 2.69204e+17	1.00e+00	8.39e-17	0.00e+00
 2.71711e+17	1.00e+00	8.46e-17	0.00e+00
 2.74074e+17	1.00e+00	8.53e-17	0.00e+00
 2.76302e+17	1.00e+00	8.59e-17	0.00e+00
 2.78403e+17	1.00e+00	8.65e-17	0.00e+00
 2.80386e+17	1.00e+00	8.70e-17	0.00e+00
 2.82258e+17	1.00e+00	8.75e-17	0.00e+00
 2.84026e+17	1.00e+00	8.80e-17	0.00e+00
 2.85697e+17	1.00e+00	8.84e-17	0.00e+00
 2.87276e+17	1.00e+00	8.88e-17	0.00e+00
 2.88769e+17	1.00e+00	8.92e-17	0.00e+00
 2.90181e+17	1.00e+00	8.95e-17	0.00e+00
 2.91519e+17	1.00e+00	8.98e-17	0.00e+00
 2.92786e+17	1.00e+00	9.01e-17	0.00e+00
 2.93987e+17	1.00e+00	9.04e-17	0.00e+00
 2.95126e+17	1.00e+00	9.06e-17	0.00e+00
 2.96206e+17	1.00e+00	9.09e-17	0.00e+00
 2.97231e+17	1.00e+00	9.11e-17	0.00e+00
 2.98204e+17	1.00e+00	9.13e-17	0.00e+00
 2.99129e+17	1.00e+00	9.14e-17	0.00e+00
 3.00008e+17	1.00e+00	9.16e-17	0.00e+00
 3.00845e+17	1.00e+00	9.17e-17	0.00e+00
 3.01641e+17	1.00e+00	9.19e-17	0.00e+00
 3.02399e+17	1.00e+00	9.20e-17	0.00e+00
 3.03122e+17	1.00e+00	9.21e-17	0.00e+00
 3.03811e+17	1.00e+00	9.22e-17	0.00e+00
 3.04469e+17	1.00e+00	9.23e-17	0.00e+00
 3.05098e+17	1.00e+00	9.24e-17	0.00e+00
 3.05699e+17	1.00e+00	9.25e-17	0.00e+00
 3.06274e+17	1.00e+00	9.26e-17	0.00e+00
 3.06824e+17	1.00e+00	9.27e-17	0.00e+00
 3.07353e+17	1.00e+00	9.27e-17	0.00e+00
 3.07860e+17	1.00e+00	9.28e-17	0.00e+00
 3.08348e+17	1.00e+00	9.28e-17	0.00e+00
 3.08818e+17	1.00e+00	9.29e-17	0.00e+00
 3.09271e+17	1.00e+00	9.29e-17	0.00e+00
 3.09710e+17	1.00e+00	9.30e-17	0.00e+00
 3.10134e+17	1.00e+00	9.30e-17	0.00e+00
 3.10545e+17	1.00e+00	9.30e-17	0.00e+00
 3.10946e+17	1.00e+00	9.30e-17	0.00e+00
 3.11336e+17	1.00e+00	9.30e-17	0.00e+00
 3.11718e+17	1.00e+00	9.31e-17	0.00e+00
 3.12094e+17	1.00e+00	9.31e-17	0.00e+00
 3.12463e+17	1.00e+00	9.31e-17	0.00e+00
 3.12829e+17	1.00e+00	9.31e-17	0.00e+00
 3.13192e+17	1.00e+00	9.30e-17	0.00e+00
 3.13555e+17	1.00e+00	9.30e-17	0.00e+00
 3.13920e+17	1.00e+00	9.30e-17	0.00e+00
 3.14289e+17	1.00e+00	9.30e-17	0.00e+00
 3.14665e+17	1.00e+00	9.29e-17	0.00e+00
 3.15052e+17	1.00e+00	9.29e-17	0.00e+00
 3.15453e+17	1.00e+00	9.28e-17	0.00e+00
 3.15873e+17	1.00e+00	9.27e-17	0.00e+00
 3.16319e+17	1.00e+00	9.26e-17	0.00e+00
 3.16799e+17	1.00e+00	9.25e-17	0.00e+00
 3.17324e+17	1.00e+00	9.23e-17	0.00e+00
 3.17908e+17	1.00e+00	9.20e-17	0.00e+00
 3.18572e+17	1.00e+00	9.17e-17	0.00e+00
 3.19345e+17	1.00e+00	9.12e-17	0.00e+00
 3.20268e+17	1.00e+00	9.06e-17	0.00e+00
 3.21406e+17	1.00e+00	8.96e-17	0.00e+00
 3.22854e+17	1.00e+00	8.81e-17	0.00e+00
 3.24731e+17	1.00e+00	8.57e-17	0.00e+00
 3.27171e+17	1.00e+00	8.21e-17	0.00e+00
 3.30344e+17	1.00e+00	7.70e-17	0.00e+00
 3.34467e+17	1.00e+00	7.02e-17	0.00e+00
 3.39829e+17	1.00e+00	6.15e-17	0.00e+00
 3.46798e+17	1.00e+00	5.13e-17	0.00e+00
 3.55858e+17	1.00e+00	4.01e-17	0.00e+00
 3.67637e+17	1.00e+00	2.86e-17	0.00e+00
 3.81780e+17	1.00e+00	1.79e-17	0.00e+00
 3.97051e+17	1.00e+00	1.31e-17	0.00e+00
 4.12933e+17	1.00e+00	1.11e-17	0.00e+00
 4.28809e+17	1.00e+00	9.28e-18	0.00e+00
 4.44349e+17	1.00e+00	9.09e-18	0.00e+00
 4.59815e+17	1.00e+00	8.23e-18	0.00e+00
 4.74843e+17	1.00e+00	7.41e-18	0.00e+00
 4.88791e+17	1.00e+00	7.15e-18	0.00e+00
 5.01354e+17	1.00e+00	7.41e-18	0.00e+00
 5.12600e+17	1.00e+00	7.60e-18	0.00e+00
 5.22659e+17	1.00e+00	7.61e-18	0.00e+00
 5.31491e+17	1.00e+00	7.41e-18	0.00e+00
 5.38194e+17	1.00e+00	7.29e-18	0.00e+00
 5.42140e+17	1.00e+00	8.13e-18	0.00e+00
 5.44169e+17	1.00e+00	8.92e-18	0.00e+00
 5.45295e+17	1.00e+00	9.36e-18	0.00e+00
 5.45971e+17	1.00e+00	9.60e-18	0.00e+00
 5.46417e+17	1.00e+00	9.73e-18	0.00e+00
 5.46797e+17	1.00e+00	9.82e-18	0.00e+00
 5.47206e+17	1.00e+00	9.89e-18	0.00e+00
 5.47652e+17	1.00e+00	9.95e-18	0.00e+00
 5.48054e+17	1.00e+00	1.00e-17	0.00e+00
 5.48393e+17	1.00e+00	1.00e-17	0.00e+00
 5.48710e+17	1.00e+00	1.00e-17	0.00e+00
 5.49018e+17	1.00e+00	1.00e-17	0.00e+00
 5.49322e+17	1.00e+00	1.01e-17	0.00e+00
 5.49611e+17	1.00e+00	1.00e-17	0.00e+00
 5.49864e+17	1.00e+00	1.00e-17	0.00e+00
 5.50092e+17	1.00e+00	1.00e-17	0.00e+00
 5.50317e+17	1.00e+00	1.00e-17	0.00e+00
 5.50545e+17	1.00e+00	1.00e-17	0.00e+00
 5.50765e+17	1.00e+00	9.98e-18	0.00e+00
 5.50962e+17	1.00e+00	9.97e-18	0.00e+00
 5.51146e+17	1.00e+00	9.97e-18	0.00e+00
 5.51337e+17	1.00e+00	9.97e-18	0.00e+00
 5.51526e+17	1.00e+00	9.90e-18	0.00e+00
 5.51696e+17	1.00e+00	9.94e-18	0.00e+00
 5.51856e+17	1.00e+00	1.01e-17	0.00e+00
 5.52015e+17	1.00e+00	1.02e-17	0.00e+00
 5.52172e+17	1.00e+00	1.01e-17	0.00e+00
 5.52326e+17	1.00e+00	1.02e-17	0.00e+00
 5.52477e+17	1.00e+00	1.02e-17	0.00e+00
 5.52627e+17	1.00e+00	1.04e-17	0.00e+00
 5.52768e+17	1.00e+00	1.03e-17	0.00e+00
 5.52903e+17	1.00e+00	1.24e-17	0.00e+00
 5.53046e+17	1.00e+00	1.12e-17	0.00e+00
 5.53193e+17	1.00e+00	1.05e-17	0.00e+00
 5.53334e+17	1.00e+00	1.02e-17	0.00e+00
 5.53469e+17	1.00e+00	1.21e-17	0.00e+00
 5.53603e+17	1.00e+00	1.13e-17	0.00e+00
 5.53748e+17	1.00e+00	1.22e-17	0.00e+00
 5.53895e+17	1.00e+00	9.74e-18	0.00e+00
 5.54031e+17	1.00e+00	1.11e-17	0.00e+00
 5.54169e+17	1.00e+00	1.11e-17	0.00e+00
 5.54311e+17	1.00e+00	1.08e-17	0.00e+00
 5.54457e+17	1.00e+00	1.00e-17	0.00e+00
 5.54602e+17	1.00e+00	1.01e-17	0.00e+00
 5.54749e+17	1.00e+00	9.94e-18	0.00e+00
 5.54900e+17	1.00e+00	9.79e-18	0.00e+00
 5.55053e+17	1.00e+00	9.47e-18	0.00e+00
 5.55208e+17	1.00e+00	9.42e-18	0.00e+00
 5.55369e+17	1.00e+00	9.27e-18	0.00e+00
 5.55538e+17	1.00e+00	9.04e-18	0.00e+00
 5.55713e+17	1.00e+00	8.94e-18	0.00e+00
 5.55887e+17	1.00e+00	8.82e-18	0.00e+00
 5.56047e+17	1.00e+00	8.85e-18	0.00e+00
 5.56215e+17	1.00e+00	9.08e-18	0.00e+00
 5.56409e+17	1.00e+00	8.62e-18	0.00e+00
 5.56606e+17	1.00e+00	8.52e-18	0.00e+00
 5.56786e+17	1.00e+00	8.47e-18	0.00e+00
 5.56972e+17	1.00e+00	8.47e-18	0.00e+00
 5.57182e+17	1.00e+00	8.31e-18	0.00e+00
 5.57401e+17	1.00e+00	8.22e-18	0.00e+00
 5.57609e+17	1.00e+00	8.14e-18	0.00e+00
 5.57814e+17	1.00e+00	8.07e-18	0.00e+00
 5.58032e+17	1.00e+00	7.98e-18	0.00e+00
 5.58260e+17	1.00e+00	7.88e-18	0.00e+00
 5.58487e+17	1.00e+00	7.79e-18	0.00e+00
 5.58719e+17	1.00e+00	7.70e-18	0.00e+00
 5.58964e+17	1.00e+00	7.60e-18	0.00e+00
 5.59215e+17	1.00e+00	7.49e-18	0.00e+00
 5.59464e+17	1.00e+00	7.39e-18	0.00e+00
 5.59719e+17	1.00e+00	7.29e-18	0.00e+00
 5.59989e+17	1.00e+00	7.18e-18	0.00e+00
 5.60268e+17	1.00e+00	7.06e-18	0.00e+00
 5.60544e+17	1.00e+00	6.94e-18	0.00e+00
 5.60833e+17	1.00e+00	6.82e-18	0.00e+00
 5.61132e+17	1.00e+00	6.70e-18	0.00e+00
 5.61437e+17	1.00e+00	6.57e-18	0.00e+00
 5.61743e+17	1.00e+00	6.44e-18	0.00e+00
 5.62052e+17	1.00e+00	6.32e-18	0.00e+00
 5.62381e+17	1.00e+00	6.18e-18	0.00e+00
 5.62720e+17	1.00e+00	6.04e-18	0.00e+00
 5.63056e+17	1.00e+00	5.90e-18	0.00e+00
 5.63396e+17	1.00e+00	5.76e-18	0.00e+00
 5.63750e+17	1.00e+00	5.62e-18	0.00e+00
 5.64112e+17	1.00e+00	5.47e-18	0.00e+00
 5.64479e+17	1.00e+00	5.32e-18	0.00e+00
 5.64852e+17	1.00e+00	5.17e-18	0.00e+00
 5.65239e+17	1.00e+00	5.02e-18	0.00e+00
 5.65638e+17	1.00e+00	4.86e-18	0.00e+00
 5.66041e+17	1.00e+00	4.71e-18	0.00e+00
 5.66448e+17	1.00e+00	4.56e-18	0.00e+00
 5.66865e+17	1.00e+00	4.40e-18	0.00e+00
 5.67294e+17	1.00e+00	4.24e-18	0.00e+00
 5.67735e+17	1.00e+00	4.08e-18	0.00e+00
 5.68180e+17	1.00e+00	3.92e-18	0.00e+00
 5.68629e+17	1.00e+00	3.77e-18	0.00e+00
 5.69089e+17	1.00e+00	3.61e-18	0.00e+00
 5.69572e+17	1.00e+00	3.45e-18	0.00e+00
 5.70063e+17	1.00e+00	3.29e-18	0.00e+00
 5.70543e+17	1.00e+00	3.14e-18	0.00e+00
 5.71029e+17	1.00e+00	2.99e-18	0.00e+00
 5.71562e+17	1.00e+00	2.84e-18	0.00e+00
 5.72123e+17	1.00e+00	2.68e-18	0.00e+00
 5.72667e+17	1.00e+00	2.53e-18	0.00e+00
 5.73220e+17	1.00e+00	2.37e-18	0.00e+00
 5.73769e+17	1.00e+00	2.23e-18	0.00e+00
 5.74343e+17	1.00e+00	2.07e-18	0.00e+00
 5.74974e+17	1.00e+00	1.93e-18	0.00e+00
 5.75620e+17	1.00e+00	1.79e-18	0.00e+00
 5.76262e+17	1.00e+00	1.66e-18	0.00e+00
 5.76879e+17	1.00e+00	1.53e-18	0.00e+00
 5.77447e+17	1.00e+00	1.42e-18	0.00e+00
 5.77961e+17	1.00e+00	1.33e-18	0.00e+00
 5.78435e+17	1.00e+00	1.25e-18	0.00e+00
 5.78885e+17	1.00e+00	1.18e-18	0.00e+00
 5.79318e+17	1.00e+00	1.11e-18	0.00e+00
 5.79733e+17	1.00e+00	1.05e-18	0.00e+00
 5.80127e+17	1.00e+00	9.97e-19	0.00e+00
 5.80503e+17	1.00e+00	9.46e-19	0.00e+00
 5.80864e+17	1.00e+00	8.99e-19	0.00e+00
 5.81210e+17	1.00e+00	8.55e-19	0.00e+00
 5.81544e+17	1.00e+00	8.14e-19	0.00e+00
 5.81864e+17	1.00e+00	7.76e-19	0.00e+00
 5.82171e+17	1.00e+00	7.41e-19	0.00e+00
 5.82467e+17	1.00e+00	7.08e-19	0.00e+00
 5.82753e+17	1.00e+00	6.77e-19	0.00e+00
 5.83028e+17	1.00e+00	6.47e-19	0.00e+00
 5.83291e+17	1.00e+00	6.20e-19	0.00e+00
 5.83545e+17	1.00e+00	5.95e-19	0.00e+00
 5.83790e+17	1.00e+00	5.71e-19	0.00e+00
 5.84029e+17	1.00e+00	5.49e-19	0.00e+00
 5.84260e+17	1.00e+00	5.22e-19	0.00e+00
 5.84482e+17	1.00e+00	5.02e-19	0.00e+00
 5.84696e+17	1.00e+00	4.84e-19	0.00e+00
 5.84904e+17	1.00e+00	4.67e-19	0.00e+00
 5.85108e+17	1.00e+00	4.50e-19	0.00e+00
 5.85306e+17	1.00e+00	4.35e-19	0.00e+00
 5.85500e+17	1.00e+00	4.20e-19	0.00e+00
 5.85689e+17	1.00e+00	4.06e-19	0.00e+00
 5.85873e+17	1.00e+00	3.92e-19	0.00e+00
 5.86053e+17	1.00e+00	3.79e-19	0.00e+00
 5.86229e+17	1.00e+00	3.67e-19	0.00e+00
 5.86402e+17	1.00e+00	3.55e-19	0.00e+00
 5.86600e+17	1.00e+00	3.44e-19	0.00e+00
 5.86856e+17	1.00e+00	3.30e-19	0.00e+00
 5.87190e+17	1.00e+00	3.11e-19	0.00e+00
 5.87623e+17	1.00e+00	2.90e-19	0.00e+00
 5.88187e+17	1.00e+00	2.62e-19	0.00e+00
 5.88904e+17	1.00e+00	2.31e-19	0.00e+00
 5.89676e+17	1.00e+00	1.97e-19	0.00e+00
 5.90368e+17	1.00e+00	1.70e-19	0.00e+00
 5.90965e+17	1.00e+00	1.49e-19	0.00e+00
 5.91512e+17	1.00e+00	1.33e-19	0.00e+00
 5.92063e+17	1.00e+00	1.19e-19	0.00e+00
 5.92633e+17	1.00e+00	1.07e-19	0.00e+00
 5.93208e+17	1.00e+00	9.46e-20	0.00e+00
 5.93776e+17	1.00e+00	8.39e-20	0.00e+00
 5.94343e+17	1.00e+00	7.47e-20	0.00e+00
 5.94917e+17	1.00e+00	6.65e-20	0.00e+00
 5.95505e+17	1.00e+00	5.90e-20	0.00e+00
 5.96111e+17	1.00e+00	5.22e-20	0.00e+00
 5.96737e+17	1.00e+00	4.60e-20	0.00e+00
 5.97391e+17	1.00e+00	4.03e-20	0.00e+00
