#depth	C	C+	C+2	C+3	C+4	C+5	C+6	C[1]	C[2]	C[3]	C+[1]	C+[2]	CO
 1.49634e+10	0.00e+00	8.07e-33	1.14e-22	3.27e-13	4.50e-03	9.15e-01	8.05e-02	0.00e+00	0.00e+00	0.00e+00	0.00e+00	0.00e+00	1.28e-163
 4.54887e+10	1.02e-43	1.11e-32	1.46e-22	3.85e-13	4.91e-03	9.20e-01	7.47e-02	0.00e+00	0.00e+00	0.00e+00	0.00e+00	0.00e+00	5.04e-229
 7.72350e+10	0.00e+00	1.54e-32	1.86e-22	4.55e-13	5.35e-03	9.25e-01	6.94e-02	0.00e+00	0.00e+00	0.00e+00	0.00e+00	0.00e+00	1.63e-162
 1.10251e+11	2.29e-43	2.13e-32	2.38e-22	5.37e-13	5.83e-03	9.30e-01	6.44e-02	0.00e+00	0.00e+00	0.00e+00	0.00e+00	0.00e+00	2.45e-228
 1.44588e+11	0.00e+00	2.95e-32	3.04e-22	6.33e-13	6.36e-03	9.34e-01	5.98e-02	0.00e+00	0.00e+00	0.00e+00	0.00e+00	0.00e+00	2.05e-161
 1.77410e+11	4.95e-43	3.97e-32	3.81e-22	7.37e-13	6.88e-03	9.37e-01	5.58e-02	0.00e+00	0.00e+00	0.00e+00	0.00e+00	0.00e+00	1.21e-227
 2.07597e+11	0.00e+00	5.18e-32	4.66e-22	8.44e-13	7.39e-03	9.40e-01	5.24e-02	0.00e+00	0.00e+00	0.00e+00	0.00e+00	0.00e+00	1.87e-160
 2.41802e+11	9.91e-43	6.93e-32	5.81e-22	9.80e-13	7.98e-03	9.43e-01	4.90e-02	0.00e+00	0.00e+00	0.00e+00	0.00e+00	0.00e+00	4.74e-227
 2.81320e+11	0.00e+00	9.58e-32	7.41e-22	1.16e-12	8.69e-03	9.46e-01	4.54e-02	0.00e+00	0.00e+00	0.00e+00	0.00e+00	0.00e+00	2.08e-159
 3.20230e+11	2.17e-42	1.30e-31	9.35e-22	1.35e-12	9.43e-03	9.48e-01	4.22e-02	0.00e+00	0.00e+00	0.00e+00	0.00e+00	0.00e+00	2.05e-226
 3.60695e+11	0.00e+00	1.77e-31	1.18e-21	1.58e-12	1.02e-02	9.51e-01	3.92e-02	0.00e+00	0.00e+00	0.00e+00	0.00e+00	0.00e+00	2.31e-158
 4.05050e+11	4.78e-42	2.45e-31	1.51e-21	1.87e-12	1.11e-02	9.53e-01	3.63e-02	0.00e+00	0.00e+00	0.00e+00	0.00e+00	0.00e+00	8.67e-226
 4.49831e+11	0.00e+00	3.36e-31	1.92e-21	2.19e-12	1.21e-02	9.54e-01	3.36e-02	0.00e+00	0.00e+00	0.00e+00	0.00e+00	0.00e+00	2.85e-157
 4.96404e+11	1.05e-41	4.62e-31	2.43e-21	2.58e-12	1.32e-02	9.56e-01	3.11e-02	0.00e+00	0.00e+00	0.00e+00	0.00e+00	0.00e+00	3.96e-225
 5.46187e+11	0.00e+00	6.41e-31	3.12e-21	3.04e-12	1.44e-02	9.57e-01	2.88e-02	0.00e+00	0.00e+00	0.00e+00	0.00e+00	0.00e+00	3.53e-156
 5.97961e+11	2.37e-41	8.88e-31	3.99e-21	3.60e-12	1.56e-02	9.58e-01	2.66e-02	0.00e+00	0.00e+00	0.00e+00	0.00e+00	0.00e+00	1.69e-224
 6.51806e+11	0.00e+00	1.23e-30	5.11e-21	4.25e-12	1.71e-02	9.58e-01	2.45e-02	0.00e+00	0.00e+00	0.00e+00	0.00e+00	0.00e+00	4.56e-155
 7.07805e+11	5.37e-41	1.71e-30	6.54e-21	5.02e-12	1.86e-02	9.59e-01	2.27e-02	0.00e+00	0.00e+00	0.00e+00	0.00e+00	0.00e+00	7.06e-224
 7.62700e+11	0.00e+00	2.33e-30	8.27e-21	5.88e-12	2.02e-02	9.59e-01	2.10e-02	0.00e+00	0.00e+00	0.00e+00	0.00e+00	0.00e+00	5.51e-154
 8.15338e+11	1.13e-40	3.11e-30	1.03e-20	6.81e-12	2.18e-02	9.59e-01	1.96e-02	0.00e+00	0.00e+00	0.00e+00	0.00e+00	0.00e+00	2.96e-223
 8.73427e+11	0.00e+00	4.23e-30	1.30e-20	7.97e-12	2.36e-02	9.58e-01	1.81e-02	0.00e+00	0.00e+00	0.00e+00	0.00e+00	0.00e+00	5.59e-153
 9.38291e+11	2.50e-40	5.89e-30	1.67e-20	9.43e-12	2.57e-02	9.58e-01	1.67e-02	0.00e+00	0.00e+00	0.00e+00	0.00e+00	0.00e+00	4.91e-223
 1.00361e+12	0.00e+00	8.12e-30	2.12e-20	1.11e-11	2.80e-02	9.57e-01	1.54e-02	0.00e+00	0.00e+00	0.00e+00	0.00e+00	0.00e+00	7.08e-152
 1.07154e+12	5.57e-40	1.12e-29	2.71e-20	1.31e-11	3.05e-02	9.55e-01	1.42e-02	0.00e+00	0.00e+00	0.00e+00	0.00e+00	0.00e+00	0.00e+00
 1.14433e+12	0.00e+00	1.56e-29	3.49e-20	1.55e-11	3.33e-02	9.54e-01	1.31e-02	0.00e+00	0.00e+00	0.00e+00	0.00e+00	0.00e+00	9.04e-151
 1.21842e+12	1.27e-39	2.17e-29	4.47e-20	1.83e-11	3.62e-02	9.52e-01	1.21e-02	0.00e+00	0.00e+00	0.00e+00	0.00e+00	0.00e+00	0.00e+00
 1.29546e+12	0.00e+00	3.02e-29	5.73e-20	2.17e-11	3.95e-02	9.49e-01	1.11e-02	0.00e+00	0.00e+00	0.00e+00	0.00e+00	0.00e+00	1.15e-149
 1.37721e+12	2.90e-39	4.22e-29	7.38e-20	2.57e-11	4.31e-02	9.47e-01	1.02e-02	0.00e+00	0.00e+00	0.00e+00	0.00e+00	0.00e+00	0.00e+00
 1.46222e+12	0.00e+00	5.91e-29	9.53e-20	3.06e-11	4.71e-02	9.44e-01	9.34e-03	0.00e+00	0.00e+00	0.00e+00	0.00e+00	0.00e+00	1.56e-148
 1.55064e+12	6.72e-39	8.30e-29	1.23e-19	3.63e-11	5.15e-02	9.40e-01	8.56e-03	0.00e+00	0.00e+00	0.00e+00	0.00e+00	0.00e+00	0.00e+00
 1.64259e+12	0.00e+00	1.17e-28	1.59e-19	4.32e-11	5.62e-02	9.36e-01	7.84e-03	0.00e+00	0.00e+00	0.00e+00	0.00e+00	0.00e+00	2.13e-147
 1.73822e+12	1.57e-38	1.64e-28	2.06e-19	5.13e-11	6.14e-02	9.31e-01	7.17e-03	0.00e+00	0.00e+00	0.00e+00	0.00e+00	0.00e+00	0.00e+00
 1.83542e+12	0.00e+00	2.29e-28	2.65e-19	6.08e-11	6.69e-02	9.27e-01	6.57e-03	0.00e+00	0.00e+00	0.00e+00	0.00e+00	0.00e+00	2.87e-146
 1.93651e+12	3.60e-38	3.20e-28	3.42e-19	7.21e-11	7.30e-02	9.21e-01	6.01e-03	0.00e+00	0.00e+00	0.00e+00	0.00e+00	0.00e+00	0.00e+00
 2.04390e+12	0.00e+00	4.51e-28	4.44e-19	8.59e-11	7.97e-02	9.15e-01	5.48e-03	0.00e+00	0.00e+00	0.00e+00	0.00e+00	0.00e+00	3.91e-145
 2.15558e+12	8.49e-38	6.37e-28	5.76e-19	1.02e-10	8.70e-02	9.08e-01	4.99e-03	0.00e+00	0.00e+00	0.00e+00	0.00e+00	0.00e+00	0.00e+00
 2.27173e+12	0.00e+00	9.00e-28	7.48e-19	1.22e-10	9.50e-02	9.00e-01	4.54e-03	0.00e+00	0.00e+00	0.00e+00	0.00e+00	0.00e+00	5.54e-144
 2.39253e+12	2.01e-37	1.27e-27	9.72e-19	1.45e-10	1.04e-01	8.92e-01	4.13e-03	0.00e+00	0.00e+00	0.00e+00	0.00e+00	0.00e+00	0.00e+00
 2.51816e+12	0.00e+00	1.80e-27	1.26e-18	1.73e-10	1.13e-01	8.83e-01	3.74e-03	0.00e+00	0.00e+00	0.00e+00	0.00e+00	0.00e+00	7.93e-143
 2.64881e+12	4.77e-37	2.55e-27	1.64e-18	2.06e-10	1.23e-01	8.73e-01	3.39e-03	0.00e+00	0.00e+00	0.00e+00	0.00e+00	0.00e+00	0.00e+00
 2.76891e+12	0.00e+00	3.46e-27	2.07e-18	2.41e-10	1.33e-01	8.64e-01	3.10e-03	0.00e+00	0.00e+00	0.00e+00	0.00e+00	0.00e+00	9.76e-142
 2.87224e+12	9.63e-37	4.48e-27	2.52e-18	2.74e-10	1.41e-01	8.56e-01	2.88e-03	0.00e+00	0.00e+00	0.00e+00	0.00e+00	0.00e+00	0.00e+00
 2.98686e+12	0.00e+00	5.93e-27	3.11e-18	3.15e-10	1.51e-01	8.46e-01	2.65e-03	0.00e+00	0.00e+00	0.00e+00	0.00e+00	0.00e+00	7.64e-141
 3.12763e+12	2.06e-36	8.24e-27	3.99e-18	3.72e-10	1.64e-01	8.34e-01	2.40e-03	0.00e+00	0.00e+00	0.00e+00	0.00e+00	0.00e+00	0.00e+00
 3.27135e+12	0.00e+00	1.14e-26	5.10e-18	4.37e-10	1.77e-01	8.21e-01	2.17e-03	0.00e+00	0.00e+00	0.00e+00	0.00e+00	0.00e+00	9.41e-140
 3.40134e+12	4.39e-36	1.51e-26	6.32e-18	5.03e-10	1.89e-01	8.09e-01	1.99e-03	0.00e+00	0.00e+00	0.00e+00	0.00e+00	0.00e+00	0.00e+00
 3.54456e+12	0.00e+00	2.04e-26	7.93e-18	5.84e-10	2.02e-01	7.96e-01	1.81e-03	0.00e+00	0.00e+00	0.00e+00	0.00e+00	0.00e+00	8.88e-139
 3.70636e+12	9.62e-36	2.84e-26	1.02e-17	6.88e-10	2.18e-01	7.80e-01	1.63e-03	0.00e+00	0.00e+00	0.00e+00	0.00e+00	0.00e+00	0.00e+00
 3.86140e+12	0.00e+00	3.84e-26	1.28e-17	7.99e-10	2.34e-01	7.65e-01	1.48e-03	0.00e+00	0.00e+00	0.00e+00	0.00e+00	0.00e+00	1.01e-137
 4.02924e+12	2.08e-35	5.26e-26	1.62e-17	9.32e-10	2.50e-01	7.48e-01	1.33e-03	0.00e+00	0.00e+00	0.00e+00	0.00e+00	0.00e+00	0.00e+00
 4.21429e+12	0.00e+00	7.34e-26	2.08e-17	1.10e-09	2.69e-01	7.30e-01	1.18e-03	0.00e+00	0.00e+00	0.00e+00	0.00e+00	0.00e+00	1.24e-136
 4.38999e+12	4.60e-35	9.94e-26	2.61e-17	1.27e-09	2.87e-01	7.12e-01	1.06e-03	0.00e+00	0.00e+00	0.00e+00	0.00e+00	0.00e+00	0.00e+00
 4.57877e+12	0.00e+00	1.36e-25	3.31e-17	1.48e-09	3.06e-01	6.93e-01	9.51e-04	0.00e+00	0.00e+00	0.00e+00	0.00e+00	0.00e+00	1.36e-135
 4.79185e+12	1.04e-34	1.90e-25	4.26e-17	1.75e-09	3.28e-01	6.71e-01	8.40e-04	0.00e+00	0.00e+00	0.00e+00	0.00e+00	0.00e+00	0.00e+00
 5.00135e+12	1.54e-34	2.62e-25	5.41e-17	2.04e-09	3.49e-01	6.50e-01	7.45e-04	0.00e+00	0.00e+00	0.00e+00	0.00e+00	0.00e+00	3.27e-116
 5.21923e+12	2.29e-34	3.58e-25	6.86e-17	2.37e-09	3.71e-01	6.28e-01	6.59e-04	0.00e+00	0.00e+00	0.00e+00	0.00e+00	0.00e+00	3.90e-98
 5.45793e+12	3.46e-34	4.98e-25	8.78e-17	2.77e-09	3.95e-01	6.05e-01	5.78e-04	0.00e+00	0.00e+00	0.00e+00	0.00e+00	0.00e+00	0.00e+00
 5.69820e+12	5.15e-34	6.83e-25	1.11e-16	3.22e-09	4.18e-01	5.81e-01	5.07e-04	0.00e+00	0.00e+00	0.00e+00	0.00e+00	0.00e+00	9.20e-115
 5.94809e+12	7.62e-34	9.35e-25	1.41e-16	3.73e-09	4.42e-01	5.58e-01	4.45e-04	0.00e+00	0.00e+00	0.00e+00	0.00e+00	0.00e+00	6.43e-97
 6.21594e+12	1.14e-33	1.29e-24	1.79e-16	4.34e-09	4.66e-01	5.33e-01	3.87e-04	0.00e+00	0.00e+00	0.00e+00	0.00e+00	0.00e+00	0.00e+00
 6.49451e+12	1.70e-33	1.76e-24	2.26e-16	5.03e-09	4.91e-01	5.08e-01	3.37e-04	0.00e+00	0.00e+00	0.00e+00	0.00e+00	0.00e+00	2.61e-113
 6.75558e+12	2.42e-33	2.34e-24	2.79e-16	5.73e-09	5.14e-01	4.86e-01	2.96e-04	0.00e+00	0.00e+00	0.00e+00	0.00e+00	0.00e+00	9.68e-96
 6.98716e+12	3.27e-33	2.97e-24	3.34e-16	6.40e-09	5.32e-01	4.67e-01	2.64e-04	0.00e+00	0.00e+00	0.00e+00	0.00e+00	0.00e+00	2.14e-279
 7.24595e+12	4.52e-33	3.85e-24	4.04e-16	7.19e-09	5.53e-01	4.47e-01	2.34e-04	0.00e+00	0.00e+00	0.00e+00	0.00e+00	0.00e+00	4.24e-112
 7.53411e+12	6.39e-33	5.06e-24	4.96e-16	8.15e-09	5.75e-01	4.25e-01	2.05e-04	0.00e+00	0.00e+00	0.00e+00	0.00e+00	0.00e+00	9.66e-95
 7.80492e+12	8.72e-33	6.47e-24	5.95e-16	9.11e-09	5.94e-01	4.06e-01	1.81e-04	0.00e+00	0.00e+00	0.00e+00	0.00e+00	0.00e+00	2.79e-111
 8.10146e+12	1.21e-32	8.38e-24	7.20e-16	1.02e-08	6.14e-01	3.86e-01	1.59e-04	0.00e+00	0.00e+00	0.00e+00	0.00e+00	0.00e+00	4.41e-94
 8.43327e+12	1.71e-32	1.10e-23	8.84e-16	1.16e-08	6.36e-01	3.64e-01	1.37e-04	0.00e+00	0.00e+00	0.00e+00	0.00e+00	0.00e+00	1.97e-110
 8.74752e+12	2.35e-32	1.42e-23	1.06e-15	1.29e-08	6.55e-01	3.45e-01	1.20e-04	0.00e+00	0.00e+00	0.00e+00	0.00e+00	0.00e+00	2.17e-93
 9.09049e+12	3.27e-32	1.84e-23	1.29e-15	1.45e-08	6.74e-01	3.26e-01	1.04e-04	0.00e+00	0.00e+00	0.00e+00	0.00e+00	0.00e+00	1.30e-109
 9.47321e+12	4.65e-32	2.43e-23	1.58e-15	1.64e-08	6.94e-01	3.06e-01	8.95e-05	0.00e+00	0.00e+00	0.00e+00	0.00e+00	0.00e+00	1.12e-92
 9.83797e+12	6.40e-32	3.13e-23	1.91e-15	1.83e-08	7.12e-01	2.88e-01	7.76e-05	0.00e+00	0.00e+00	0.00e+00	0.00e+00	0.00e+00	9.43e-109
 1.02281e+13	8.88e-32	4.04e-23	2.31e-15	2.05e-08	7.30e-01	2.70e-01	6.69e-05	0.00e+00	0.00e+00	0.00e+00	0.00e+00	0.00e+00	5.38e-92
 1.06310e+13	1.23e-31	5.22e-23	2.78e-15	2.28e-08	7.47e-01	2.53e-01	5.76e-05	0.00e+00	0.00e+00	0.00e+00	0.00e+00	0.00e+00	6.50e-108
 1.09842e+13	1.61e-31	6.46e-23	3.25e-15	2.50e-08	7.61e-01	2.39e-01	5.07e-05	0.00e+00	0.00e+00	0.00e+00	0.00e+00	0.00e+00	2.29e-91
 1.13649e+13	2.13e-31	8.05e-23	3.83e-15	2.75e-08	7.74e-01	2.26e-01	4.44e-05	0.00e+00	0.00e+00	0.00e+00	0.00e+00	0.00e+00	3.41e-107
 1.18267e+13	2.96e-31	1.04e-22	4.62e-15	3.07e-08	7.90e-01	2.10e-01	3.79e-05	0.00e+00	0.00e+00	0.00e+00	0.00e+00	0.00e+00	1.01e-90
 1.22871e+13	4.04e-31	1.33e-22	5.53e-15	3.40e-08	8.04e-01	1.96e-01	3.25e-05	0.00e+00	0.00e+00	0.00e+00	0.00e+00	0.00e+00	2.34e-106
 1.26966e+13	5.26e-31	1.64e-22	6.45e-15	3.71e-08	8.15e-01	1.85e-01	2.85e-05	0.00e+00	0.00e+00	0.00e+00	0.00e+00	0.00e+00	4.19e-90
 1.31467e+13	6.97e-31	2.04e-22	7.58e-15	4.07e-08	8.26e-01	1.73e-01	2.48e-05	0.00e+00	0.00e+00	0.00e+00	0.00e+00	0.00e+00	1.24e-105
 1.36841e+13	9.61e-31	2.63e-22	9.11e-15	4.52e-08	8.39e-01	1.61e-01	2.10e-05	0.00e+00	0.00e+00	0.00e+00	0.00e+00	0.00e+00	1.86e-89
 1.42192e+13	1.30e-30	3.34e-22	1.09e-14	4.99e-08	8.50e-01	1.50e-01	1.80e-05	0.00e+00	0.00e+00	0.00e+00	0.00e+00	0.00e+00	8.46e-105
 1.47097e+13	1.71e-30	4.12e-22	1.27e-14	5.44e-08	8.60e-01	1.40e-01	1.56e-05	0.00e+00	0.00e+00	0.00e+00	0.00e+00	0.00e+00	7.79e-89
 1.52579e+13	2.28e-30	5.17e-22	1.49e-14	5.97e-08	8.69e-01	1.31e-01	1.35e-05	0.00e+00	0.00e+00	0.00e+00	0.00e+00	0.00e+00	4.75e-104
 1.58940e+13	3.14e-30	6.64e-22	1.79e-14	6.62e-08	8.79e-01	1.21e-01	1.14e-05	0.00e+00	0.00e+00	0.00e+00	0.00e+00	0.00e+00	3.60e-88
 1.65196e+13	4.25e-30	8.41e-22	2.13e-14	7.28e-08	8.88e-01	1.12e-01	9.69e-06	0.00e+00	0.00e+00	0.00e+00	0.00e+00	0.00e+00	3.30e-103
 1.71158e+13	5.59e-30	1.04e-21	2.49e-14	7.94e-08	8.96e-01	1.04e-01	8.37e-06	0.00e+00	0.00e+00	0.00e+00	0.00e+00	0.00e+00	1.55e-87
 1.77760e+13	7.51e-30	1.31e-21	2.93e-14	8.70e-08	9.03e-01	9.68e-02	7.15e-06	0.00e+00	0.00e+00	0.00e+00	0.00e+00	0.00e+00	1.97e-102
 1.85170e+13	1.03e-29	1.68e-21	3.51e-14	9.60e-08	9.11e-01	8.93e-02	6.03e-06	0.00e+00	0.00e+00	0.00e+00	0.00e+00	0.00e+00	7.31e-87
 1.92670e+13	1.40e-29	2.13e-21	4.16e-14	1.06e-07	9.18e-01	8.24e-02	5.12e-06	0.00e+00	0.00e+00	0.00e+00	0.00e+00	0.00e+00	1.40e-101
 2.00471e+13	1.90e-29	2.70e-21	4.94e-14	1.16e-07	9.24e-01	7.61e-02	4.34e-06	0.00e+00	0.00e+00	0.00e+00	0.00e+00	0.00e+00	3.51e-86
 2.08789e+13	2.59e-29	3.44e-21	5.87e-14	1.27e-07	9.30e-01	7.01e-02	3.66e-06	0.00e+00	0.00e+00	0.00e+00	0.00e+00	0.00e+00	9.98e-101
 2.17440e+13	3.54e-29	4.38e-21	6.98e-14	1.40e-07	9.35e-01	6.46e-02	3.09e-06	0.00e+00	0.00e+00	0.00e+00	0.00e+00	0.00e+00	1.76e-85
 2.26017e+13	4.76e-29	5.50e-21	8.22e-14	1.53e-07	9.40e-01	5.98e-02	2.63e-06	0.00e+00	0.00e+00	0.00e+00	0.00e+00	0.00e+00	6.93e-100
 2.34937e+13	6.40e-29	6.92e-21	9.68e-14	1.67e-07	9.45e-01	5.53e-02	2.24e-06	0.00e+00	0.00e+00	0.00e+00	0.00e+00	0.00e+00	8.19e-85
 2.44128e+13	8.58e-29	8.68e-21	1.14e-13	1.82e-07	9.49e-01	5.11e-02	1.91e-06	0.00e+00	0.00e+00	0.00e+00	0.00e+00	0.00e+00	4.58e-99
 2.52814e+13	1.12e-28	1.07e-20	1.32e-13	1.97e-07	9.52e-01	4.76e-02	1.66e-06	0.00e+00	0.00e+00	0.00e+00	0.00e+00	0.00e+00	3.57e-84
 2.60895e+13	1.42e-28	1.28e-20	1.50e-13	2.11e-07	9.55e-01	4.47e-02	1.45e-06	0.00e+00	0.00e+00	0.00e+00	0.00e+00	0.00e+00	2.35e-98
 2.69708e+13	1.84e-28	1.56e-20	1.72e-13	2.28e-07	9.58e-01	4.18e-02	1.27e-06	0.00e+00	0.00e+00	0.00e+00	0.00e+00	0.00e+00	1.31e-83
 2.79616e+13	2.42e-28	1.93e-20	2.00e-13	2.46e-07	9.61e-01	3.88e-02	1.09e-06	0.00e+00	0.00e+00	0.00e+00	0.00e+00	0.00e+00	1.29e-97
 2.89070e+13	3.12e-28	2.35e-20	2.29e-13	2.65e-07	9.64e-01	3.63e-02	9.54e-07	0.00e+00	0.00e+00	0.00e+00	0.00e+00	0.00e+00	5.33e-83
 2.99483e+13	4.09e-28	2.89e-20	2.65e-13	2.86e-07	9.66e-01	3.38e-02	0.00e+00	0.00e+00	0.00e+00	0.00e+00	0.00e+00	0.00e+00	7.08e-97
 3.11142e+13	5.48e-28	3.61e-20	3.10e-13	3.11e-07	9.69e-01	3.13e-02	0.00e+00	0.00e+00	0.00e+00	0.00e+00	0.00e+00	0.00e+00	2.38e-82
 3.22229e+13	7.17e-28	4.44e-20	3.58e-13	3.35e-07	9.71e-01	2.92e-02	0.00e+00	0.00e+00	0.00e+00	0.00e+00	0.00e+00	0.00e+00	4.35e-96
 3.32398e+13	9.10e-28	5.33e-20	4.06e-13	3.58e-07	9.73e-01	2.74e-02	0.00e+00	0.00e+00	0.00e+00	0.00e+00	0.00e+00	0.00e+00	9.22e-82
 3.43564e+13	1.17e-27	6.47e-20	4.64e-13	3.84e-07	9.74e-01	2.56e-02	0.00e+00	0.00e+00	0.00e+00	0.00e+00	0.00e+00	0.00e+00	2.15e-95
 3.56110e+13	1.55e-27	7.98e-20	5.37e-13	4.15e-07	9.76e-01	2.38e-02	0.00e+00	0.00e+00	0.00e+00	0.00e+00	0.00e+00	0.00e+00	3.82e-81
 3.67995e+13	1.99e-27	9.68e-20	6.14e-13	4.44e-07	9.78e-01	2.23e-02	0.00e+00	0.00e+00	0.00e+00	0.00e+00	0.00e+00	0.00e+00	1.19e-94
 3.80993e+13	2.60e-27	1.19e-19	7.06e-13	4.78e-07	9.79e-01	2.08e-02	0.00e+00	0.00e+00	0.00e+00	0.00e+00	0.00e+00	0.00e+00	1.55e-80
 3.95398e+13	3.47e-27	1.48e-19	8.21e-13	5.17e-07	9.81e-01	1.93e-02	0.00e+00	0.00e+00	0.00e+00	0.00e+00	0.00e+00	0.00e+00	7.21e-94
 4.08798e+13	4.49e-27	1.80e-19	9.39e-13	5.54e-07	9.82e-01	1.80e-02	0.00e+00	0.00e+00	0.00e+00	0.00e+00	0.00e+00	0.00e+00	6.73e-80
 4.23384e+13	5.89e-27	2.21e-19	1.08e-12	5.96e-07	9.83e-01	1.68e-02	0.00e+00	0.00e+00	0.00e+00	0.00e+00	0.00e+00	0.00e+00	4.03e-93
 4.39742e+13	7.89e-27	2.76e-19	1.26e-12	6.45e-07	9.84e-01	1.56e-02	0.00e+00	0.00e+00	0.00e+00	0.00e+00	0.00e+00	0.00e+00	3.10e-79
 4.55246e+13	1.03e-26	3.38e-19	1.45e-12	6.93e-07	9.85e-01	1.45e-02	0.00e+00	0.00e+00	0.00e+00	0.00e+00	0.00e+00	0.00e+00	2.51e-92
 4.72039e+13	1.37e-26	4.19e-19	1.67e-12	7.46e-07	9.86e-01	1.35e-02	0.00e+00	0.00e+00	0.00e+00	0.00e+00	0.00e+00	0.00e+00	1.38e-78
 4.90765e+13	1.85e-26	5.27e-19	1.96e-12	8.09e-07	9.87e-01	1.25e-02	0.00e+00	0.00e+00	0.00e+00	0.00e+00	0.00e+00	0.00e+00	1.68e-91
 5.08745e+13	2.45e-26	6.51e-19	2.26e-12	8.70e-07	9.88e-01	1.16e-02	0.00e+00	0.00e+00	0.00e+00	0.00e+00	0.00e+00	0.00e+00	6.72e-78
 5.27899e+13	3.27e-26	8.09e-19	2.62e-12	9.39e-07	9.89e-01	1.08e-02	0.00e+00	0.00e+00	0.00e+00	0.00e+00	0.00e+00	0.00e+00	1.07e-90
 5.49314e+13	4.46e-26	1.02e-18	3.07e-12	1.02e-06	9.90e-01	9.98e-03	0.00e+00	0.00e+00	0.00e+00	0.00e+00	0.00e+00	0.00e+00	3.42e-77
 5.70733e+13	6.01e-26	1.28e-18	3.58e-12	1.10e-06	9.91e-01	9.24e-03	0.00e+00	0.00e+00	0.00e+00	0.00e+00	0.00e+00	0.00e+00	7.73e-77
 5.93009e+13	8.11e-26	1.61e-18	4.17e-12	1.19e-06	9.91e-01	8.56e-03	0.00e+00	0.00e+00	0.00e+00	0.00e+00	0.00e+00	0.00e+00	1.75e-76
 6.17029e+13	1.11e-25	2.03e-18	4.89e-12	1.29e-06	9.92e-01	7.91e-03	0.00e+00	0.00e+00	0.00e+00	0.00e+00	0.00e+00	0.00e+00	4.08e-76
 6.42009e+13	1.51e-25	2.57e-18	5.73e-12	1.40e-06	9.93e-01	7.30e-03	0.00e+00	0.00e+00	0.00e+00	0.00e+00	0.00e+00	0.00e+00	9.52e-76
 6.66569e+13	2.02e-25	3.21e-18	6.66e-12	1.51e-06	9.93e-01	6.77e-03	0.00e+00	0.00e+00	0.00e+00	0.00e+00	0.00e+00	0.00e+00	2.12e-75
 6.92111e+13	2.72e-25	4.01e-18	7.74e-12	1.63e-06	9.94e-01	6.28e-03	0.00e+00	0.00e+00	0.00e+00	0.00e+00	0.00e+00	0.00e+00	4.74e-75
 7.20095e+13	3.70e-25	5.06e-18	9.07e-12	1.77e-06	9.94e-01	5.80e-03	0.00e+00	0.00e+00	0.00e+00	0.00e+00	0.00e+00	0.00e+00	1.10e-74
 7.48170e+13	5.00e-25	6.35e-18	1.06e-11	1.91e-06	9.95e-01	5.37e-03	0.00e+00	0.00e+00	0.00e+00	0.00e+00	0.00e+00	0.00e+00	2.50e-74
 7.75307e+13	6.61e-25	7.83e-18	1.22e-11	2.05e-06	9.95e-01	5.00e-03	0.00e+00	0.00e+00	0.00e+00	0.00e+00	0.00e+00	0.00e+00	5.35e-74
 8.00360e+13	8.47e-25	9.45e-18	1.38e-11	2.19e-06	9.95e-01	4.69e-03	0.00e+00	0.00e+00	0.00e+00	0.00e+00	0.00e+00	0.00e+00	1.06e-73
 8.27326e+13	1.10e-24	1.15e-17	1.58e-11	2.34e-06	9.96e-01	4.39e-03	0.00e+00	0.00e+00	0.00e+00	0.00e+00	0.00e+00	0.00e+00	2.14e-73
 8.57693e+13	1.45e-24	1.42e-17	1.82e-11	2.52e-06	9.96e-01	4.08e-03	0.00e+00	0.00e+00	0.00e+00	0.00e+00	0.00e+00	0.00e+00	4.61e-73
 8.86759e+13	1.89e-24	1.73e-17	2.08e-11	2.69e-06	9.96e-01	3.81e-03	0.00e+00	0.00e+00	0.00e+00	0.00e+00	0.00e+00	0.00e+00	9.39e-73
 9.18823e+13	2.49e-24	2.14e-17	2.40e-11	2.90e-06	9.96e-01	3.55e-03	0.00e+00	0.00e+00	0.00e+00	0.00e+00	0.00e+00	0.00e+00	2.00e-72
 9.54745e+13	3.36e-24	2.68e-17	2.80e-11	3.13e-06	9.97e-01	3.28e-03	0.00e+00	0.00e+00	0.00e+00	0.00e+00	0.00e+00	0.00e+00	4.52e-72
 9.88953e+13	4.42e-24	3.30e-17	3.23e-11	3.37e-06	9.97e-01	3.06e-03	0.00e+00	0.00e+00	0.00e+00	0.00e+00	0.00e+00	0.00e+00	9.55e-72
 1.02562e+14	5.87e-24	4.08e-17	3.74e-11	3.63e-06	9.97e-01	2.84e-03	0.00e+00	0.00e+00	0.00e+00	0.00e+00	0.00e+00	0.00e+00	2.07e-71
 1.06694e+14	7.98e-24	5.16e-17	4.38e-11	3.93e-06	9.97e-01	2.62e-03	0.00e+00	0.00e+00	0.00e+00	0.00e+00	1.65e-17	3.50e-17	4.77e-71
 1.10825e+14	1.07e-23	6.45e-17	5.10e-11	4.25e-06	9.98e-01	2.42e-03	0.00e+00	0.00e+00	0.00e+00	0.00e+00	2.14e-17	4.31e-17	1.07e-70
 1.15121e+14	1.44e-23	8.07e-17	5.94e-11	4.60e-06	9.98e-01	2.24e-03	0.00e+00	0.00e+00	0.00e+00	0.00e+00	2.68e-17	5.39e-17	2.39e-70
 1.19331e+14	1.91e-23	9.97e-17	6.86e-11	4.95e-06	9.98e-01	2.08e-03	0.00e+00	0.00e+00	0.00e+00	0.00e+00	3.31e-17	6.66e-17	5.11e-70
 1.23037e+14	2.42e-23	1.19e-16	7.77e-11	5.27e-06	9.98e-01	1.95e-03	0.00e+00	0.00e+00	0.00e+00	0.00e+00	3.97e-17	7.98e-17	9.85e-70
 1.27104e+14	3.12e-23	1.45e-16	8.85e-11	5.64e-06	9.98e-01	1.83e-03	0.00e+00	0.00e+00	0.00e+00	0.00e+00	4.81e-17	9.67e-17	1.94e-69
 1.32007e+14	4.18e-23	1.81e-16	1.03e-10	6.10e-06	9.98e-01	1.69e-03	0.00e+00	0.00e+00	0.00e+00	0.00e+00	6.01e-17	1.21e-16	4.32e-69
 1.36895e+14	5.55e-23	2.24e-16	1.19e-10	6.57e-06	9.98e-01	1.57e-03	0.00e+00	0.00e+00	0.00e+00	0.00e+00	7.45e-17	1.50e-16	9.34e-69
 1.41300e+14	7.10e-23	2.70e-16	1.36e-10	7.02e-06	9.99e-01	1.47e-03	0.00e+00	0.00e+00	0.00e+00	0.00e+00	8.98e-17	1.81e-16	1.83e-68
 1.46174e+14	9.25e-23	3.30e-16	1.56e-10	7.53e-06	9.99e-01	1.37e-03	0.00e+00	0.00e+00	0.00e+00	0.00e+00	1.10e-16	2.21e-16	3.74e-68
 1.51922e+14	1.25e-22	4.15e-16	1.82e-10	8.16e-06	9.99e-01	1.27e-03	0.00e+00	0.00e+00	0.00e+00	0.00e+00	1.38e-16	2.77e-16	8.45e-68
 1.57593e+14	1.66e-22	5.15e-16	2.11e-10	8.80e-06	9.99e-01	1.18e-03	0.00e+00	0.00e+00	0.00e+00	0.00e+00	1.71e-16	3.44e-16	1.84e-67
 1.62840e+14	2.15e-22	6.26e-16	2.41e-10	9.41e-06	9.99e-01	1.10e-03	0.00e+00	0.00e+00	0.00e+00	0.00e+00	2.08e-16	4.18e-16	3.69e-67
 1.68732e+14	2.83e-22	7.72e-16	2.78e-10	1.01e-05	9.99e-01	1.02e-03	0.00e+00	0.00e+00	0.00e+00	0.00e+00	2.56e-16	5.16e-16	7.85e-67
 1.75511e+14	3.85e-22	9.74e-16	3.26e-10	1.10e-05	9.99e-01	9.43e-04	0.00e+00	0.00e+00	0.00e+00	0.00e+00	3.23e-16	6.51e-16	1.81e-66
 1.82155e+14	5.15e-22	1.21e-15	3.78e-10	1.19e-05	9.99e-01	8.74e-04	0.00e+00	0.00e+00	0.00e+00	0.00e+00	4.03e-16	8.11e-16	4.01e-66
 1.89065e+14	6.89e-22	1.51e-15	4.40e-10	1.28e-05	9.99e-01	8.10e-04	0.00e+00	0.00e+00	0.00e+00	0.00e+00	5.02e-16	1.01e-15	8.86e-66
 1.96658e+14	9.37e-22	1.91e-15	5.16e-10	1.39e-05	9.99e-01	7.47e-04	0.00e+00	0.00e+00	0.00e+00	0.00e+00	6.35e-16	1.28e-15	2.05e-65
 2.04302e+14	1.26e-21	2.40e-15	6.01e-10	1.50e-05	9.99e-01	6.91e-04	0.00e+00	0.00e+00	0.00e+00	0.00e+00	7.96e-16	1.60e-15	4.64e-65
 2.12253e+14	1.71e-21	3.01e-15	7.01e-10	1.62e-05	9.99e-01	6.40e-04	0.00e+00	0.00e+00	0.00e+00	0.00e+00	9.98e-16	2.01e-15	1.05e-64
 2.20397e+14	2.29e-21	3.76e-15	8.16e-10	1.75e-05	9.99e-01	5.92e-04	0.00e+00	0.00e+00	0.00e+00	0.00e+00	1.25e-15	2.51e-15	2.36e-64
 2.28247e+14	3.02e-21	4.63e-15	9.39e-10	1.88e-05	9.99e-01	5.52e-04	0.00e+00	0.00e+00	0.00e+00	0.00e+00	1.54e-15	3.09e-15	5.01e-64
 2.35977e+14	3.92e-21	5.64e-15	1.07e-09	2.02e-05	9.99e-01	5.16e-04	0.00e+00	0.00e+00	0.00e+00	0.00e+00	1.87e-15	3.77e-15	1.03e-63
 2.44636e+14	5.21e-21	6.98e-15	1.24e-09	2.17e-05	9.99e-01	4.79e-04	0.00e+00	0.00e+00	0.00e+00	0.00e+00	2.32e-15	4.67e-15	2.23e-63
 2.54180e+14	7.04e-21	8.77e-15	1.45e-09	2.34e-05	1.00e+00	4.44e-04	0.00e+00	0.00e+00	0.00e+00	0.00e+00	2.91e-15	5.86e-15	5.09e-63
 2.63320e+14	9.29e-21	1.08e-14	1.67e-09	2.52e-05	1.00e+00	4.13e-04	0.00e+00	0.00e+00	0.00e+00	0.00e+00	3.59e-15	7.23e-15	1.09e-62
 2.71494e+14	1.18e-20	1.30e-14	1.88e-09	2.68e-05	1.00e+00	3.88e-04	0.00e+00	0.00e+00	0.00e+00	0.00e+00	4.30e-15	8.67e-15	2.11e-62
 2.80155e+14	1.52e-20	1.56e-14	2.13e-09	2.85e-05	1.00e+00	3.65e-04	0.00e+00	0.00e+00	0.00e+00	0.00e+00	5.18e-15	1.04e-14	4.17e-62
 2.90766e+14	2.03e-20	1.95e-14	2.48e-09	3.08e-05	1.00e+00	3.38e-04	0.00e+00	0.00e+00	0.00e+00	0.00e+00	6.46e-15	1.30e-14	9.31e-62
 3.01360e+14	2.70e-20	2.41e-14	2.86e-09	3.31e-05	1.00e+00	3.15e-04	0.00e+00	0.00e+00	0.00e+00	0.00e+00	7.99e-15	1.61e-14	2.03e-61
 3.10688e+14	3.43e-20	2.89e-14	3.23e-09	3.52e-05	1.00e+00	2.96e-04	0.00e+00	0.00e+00	0.00e+00	0.00e+00	9.58e-15	1.93e-14	3.92e-61
 3.20922e+14	4.43e-20	3.50e-14	3.67e-09	3.75e-05	1.00e+00	2.77e-04	0.00e+00	0.00e+00	0.00e+00	0.00e+00	1.16e-14	2.34e-14	7.91e-61
 3.33256e+14	5.96e-20	4.38e-14	4.27e-09	4.05e-05	1.00e+00	2.57e-04	0.00e+00	0.00e+00	0.00e+00	0.00e+00	1.45e-14	2.93e-14	1.78e-60
 3.45363e+14	7.91e-20	5.42e-14	4.93e-09	4.35e-05	1.00e+00	2.39e-04	0.00e+00	0.00e+00	0.00e+00	0.00e+00	1.80e-14	3.63e-14	3.89e-60
 3.55963e+14	1.00e-19	6.49e-14	5.56e-09	4.63e-05	1.00e+00	2.25e-04	0.00e+00	0.00e+00	0.00e+00	0.00e+00	2.15e-14	4.34e-14	7.46e-60
 3.67560e+14	1.29e-19	7.85e-14	6.32e-09	4.94e-05	1.00e+00	2.11e-04	0.00e+00	0.00e+00	0.00e+00	0.00e+00	2.60e-14	5.25e-14	1.49e-59
 3.81612e+14	1.74e-19	9.80e-14	7.35e-09	5.33e-05	1.00e+00	1.95e-04	0.00e+00	0.00e+00	0.00e+00	0.00e+00	3.25e-14	6.56e-14	3.36e-59
 3.95661e+14	2.31e-19	1.21e-13	8.49e-09	5.73e-05	1.00e+00	1.81e-04	0.00e+00	0.00e+00	0.00e+00	0.00e+00	4.02e-14	8.12e-14	7.32e-59
 4.08225e+14	2.95e-19	1.46e-13	9.62e-09	6.10e-05	1.00e+00	1.70e-04	0.00e+00	0.00e+00	0.00e+00	0.00e+00	4.84e-14	9.78e-14	1.44e-58
 4.22055e+14	3.83e-19	1.78e-13	1.10e-08	6.53e-05	1.00e+00	1.59e-04	0.00e+00	0.00e+00	0.00e+00	0.00e+00	5.89e-14	1.19e-13	2.94e-58
 4.38484e+14	5.17e-19	2.23e-13	1.28e-08	7.06e-05	1.00e+00	1.47e-04	0.00e+00	0.00e+00	0.00e+00	0.00e+00	7.39e-14	1.49e-13	6.69e-58
 4.54744e+14	6.87e-19	2.77e-13	1.48e-08	7.60e-05	1.00e+00	1.37e-04	0.00e+00	0.00e+00	0.00e+00	0.00e+00	9.16e-14	1.85e-13	1.46e-57
 4.69630e+14	8.84e-19	3.35e-13	1.69e-08	8.12e-05	1.00e+00	1.28e-04	0.00e+00	0.00e+00	0.00e+00	0.00e+00	1.11e-13	2.24e-13	2.92e-57
 4.86278e+14	1.16e-18	4.11e-13	1.94e-08	8.72e-05	1.00e+00	1.19e-04	0.00e+00	0.00e+00	0.00e+00	0.00e+00	1.36e-13	2.75e-13	6.10e-57
 5.05617e+14	1.57e-18	5.18e-13	2.27e-08	9.44e-05	1.00e+00	1.10e-04	0.00e+00	0.00e+00	0.00e+00	0.00e+00	1.71e-13	3.47e-13	1.41e-56
 5.24609e+14	2.09e-18	6.43e-13	2.63e-08	1.02e-04	1.00e+00	1.02e-04	0.00e+00	0.00e+00	0.00e+00	0.00e+00	2.12e-13	4.31e-13	3.06e-56
 5.42626e+14	2.72e-18	7.85e-13	3.01e-08	1.09e-04	1.00e+00	9.49e-05	0.00e+00	0.00e+00	0.00e+00	0.00e+00	2.59e-13	5.26e-13	6.33e-56
 5.62628e+14	3.59e-18	9.71e-13	3.49e-08	1.18e-04	1.00e+00	8.80e-05	0.00e+00	0.00e+00	0.00e+00	0.00e+00	3.21e-13	6.51e-13	1.36e-55
 5.85163e+14	4.86e-18	1.22e-12	4.09e-08	1.28e-04	1.00e+00	8.11e-05	0.00e+00	0.00e+00	0.00e+00	0.00e+00	4.04e-13	8.19e-13	3.10e-55
 6.07832e+14	6.50e-18	1.53e-12	4.77e-08	1.38e-04	1.00e+00	7.49e-05	0.00e+00	0.00e+00	0.00e+00	0.00e+00	5.04e-13	1.02e-12	6.89e-55
 6.31409e+14	8.69e-18	1.91e-12	5.56e-08	1.50e-04	1.00e+00	6.91e-05	0.00e+00	0.00e+00	0.00e+00	0.00e+00	6.29e-13	1.28e-12	1.52e-54
 6.56695e+14	1.17e-17	2.40e-12	6.52e-08	1.63e-04	1.00e+00	6.36e-05	0.00e+00	0.00e+00	0.00e+00	0.00e+00	7.91e-13	1.61e-12	3.46e-54
 6.82270e+14	1.56e-17	2.99e-12	7.61e-08	1.77e-04	1.00e+00	5.86e-05	0.00e+00	0.00e+00	0.00e+00	0.00e+00	9.87e-13	2.01e-12	7.64e-54
 7.04185e+14	1.99e-17	3.60e-12	8.65e-08	1.89e-04	1.00e+00	5.48e-05	0.00e+00	0.00e+00	0.00e+00	0.00e+00	1.19e-12	2.41e-12	1.47e-53
 7.21865e+14	2.39e-17	4.15e-12	9.56e-08	1.99e-04	1.00e+00	5.20e-05	0.00e+00	0.00e+00	0.00e+00	0.00e+00	1.37e-12	2.78e-12	2.44e-53
 7.41300e+14	2.91e-17	4.83e-12	1.07e-07	2.11e-04	1.00e+00	4.91e-05	0.00e+00	0.00e+00	0.00e+00	0.00e+00	1.59e-12	3.24e-12	4.21e-53
 7.66566e+14	3.73e-17	5.86e-12	1.22e-07	2.27e-04	1.00e+00	4.57e-05	0.00e+00	0.00e+00	0.00e+00	0.00e+00	1.93e-12	3.93e-12	8.33e-53
 7.93684e+14	4.83e-17	7.15e-12	1.41e-07	2.45e-04	1.00e+00	4.24e-05	0.00e+00	3.99e-18	1.20e-17	2.00e-17	2.35e-12	4.80e-12	1.69e-52
 8.17817e+14	6.01e-17	8.49e-12	1.59e-07	2.61e-04	1.00e+00	3.97e-05	0.00e+00	4.97e-18	1.49e-17	2.50e-17	2.79e-12	5.69e-12	3.10e-52
 8.43797e+14	7.55e-17	1.01e-11	1.80e-07	2.80e-04	1.00e+00	3.71e-05	0.00e+00	6.26e-18	1.88e-17	3.14e-17	3.34e-12	6.80e-12	5.83e-52
 8.75665e+14	9.84e-17	1.25e-11	2.10e-07	3.04e-04	1.00e+00	3.42e-05	0.00e+00	8.16e-18	2.45e-17	4.10e-17	4.11e-12	8.38e-12	1.22e-51
 9.07700e+14	1.28e-16	1.53e-11	2.43e-07	3.29e-04	1.00e+00	3.17e-05	0.00e+00	1.06e-17	3.19e-17	5.34e-17	5.04e-12	1.03e-11	2.54e-51
 9.35872e+14	1.59e-16	1.82e-11	2.75e-07	3.52e-04	1.00e+00	2.96e-05	0.00e+00	1.32e-17	3.98e-17	6.64e-17	5.99e-12	1.22e-11	4.67e-51
 9.66511e+14	2.01e-16	2.18e-11	3.14e-07	3.78e-04	1.00e+00	2.76e-05	0.00e+00	1.67e-17	5.01e-17	8.36e-17	7.17e-12	1.47e-11	8.88e-51
 1.00352e+15	2.62e-16	2.69e-11	3.66e-07	4.12e-04	1.00e+00	2.55e-05	0.00e+00	2.18e-17	6.54e-17	1.09e-16	8.85e-12	1.81e-11	1.88e-50
 1.04028e+15	3.37e-16	3.29e-11	4.24e-07	4.46e-04	1.00e+00	2.35e-05	0.00e+00	2.81e-17	8.43e-17	1.41e-16	1.08e-11	2.21e-11	3.85e-50
 1.07297e+15	4.19e-16	3.91e-11	4.81e-07	4.79e-04	9.99e-01	2.20e-05	0.00e+00	3.49e-17	1.05e-16	1.75e-16	1.28e-11	2.63e-11	7.13e-50
 1.10891e+15	5.26e-16	4.69e-11	5.50e-07	5.16e-04	9.99e-01	2.04e-05	0.00e+00	4.39e-17	1.32e-16	2.20e-16	1.54e-11	3.15e-11	1.37e-49
 1.15183e+15	6.84e-16	5.79e-11	6.42e-07	5.62e-04	9.99e-01	1.88e-05	0.00e+00	5.72e-17	1.72e-16	2.87e-16	1.90e-11	3.89e-11	2.92e-49
 1.19435e+15	8.78e-16	7.06e-11	7.45e-07	6.10e-04	9.99e-01	1.74e-05	0.00e+00	7.34e-17	2.20e-16	3.68e-16	2.32e-11	4.74e-11	6.02e-49
 1.23293e+15	1.09e-15	8.40e-11	8.47e-07	6.56e-04	9.99e-01	1.62e-05	0.00e+00	9.12e-17	2.74e-16	4.57e-16	2.76e-11	5.64e-11	1.13e-48
 1.27587e+15	1.38e-15	1.01e-10	9.73e-07	7.09e-04	9.99e-01	1.51e-05	0.00e+00	1.15e-16	3.46e-16	5.78e-16	3.32e-11	6.81e-11	2.25e-48
 1.32616e+15	1.79e-15	1.25e-10	1.14e-06	7.75e-04	9.99e-01	1.38e-05	0.00e+00	1.50e-16	4.50e-16	7.52e-16	4.10e-11	8.40e-11	4.88e-48
 1.37560e+15	2.29e-15	1.53e-10	1.32e-06	8.42e-04	9.99e-01	1.28e-05	0.00e+00	1.92e-16	5.77e-16	9.63e-16	5.01e-11	1.02e-10	1.02e-47
 1.42174e+15	2.85e-15	1.82e-10	1.51e-06	9.08e-04	9.99e-01	1.19e-05	0.00e+00	2.40e-16	7.19e-16	1.20e-15	5.99e-11	1.23e-10	1.98e-47
 1.47336e+15	3.61e-15	2.21e-10	1.74e-06	9.85e-04	9.99e-01	1.10e-05	0.00e+00	3.04e-16	9.14e-16	1.53e-15	7.26e-11	1.49e-10	4.08e-47
 1.53232e+15	4.69e-15	2.73e-10	2.04e-06	1.08e-03	9.99e-01	1.01e-05	0.00e+00	3.96e-16	1.19e-15	1.98e-15	8.98e-11	1.84e-10	9.05e-47
 1.59067e+15	6.00e-15	3.35e-10	2.37e-06	1.17e-03	9.99e-01	9.37e-06	0.00e+00	5.07e-16	1.52e-15	2.54e-15	1.10e-10	2.25e-10	1.94e-46
 1.65135e+15	7.52e-15	4.09e-10	2.75e-06	1.28e-03	9.99e-01	8.67e-06	0.00e+00	6.36e-16	1.91e-15	3.19e-15	1.34e-10	2.75e-10	4.13e-46
 1.71743e+15	9.70e-15	5.06e-10	3.22e-06	1.40e-03	9.99e-01	7.99e-06	0.00e+00	8.22e-16	2.47e-15	4.12e-15	1.66e-10	3.40e-10	9.25e-46
 1.77374e+15	1.19e-14	6.02e-10	3.67e-06	1.50e-03	9.98e-01	7.48e-06	0.00e+00	1.01e-15	3.04e-15	5.08e-15	1.98e-10	4.04e-10	1.80e-45
 1.81557e+15	1.39e-14	6.82e-10	4.02e-06	1.58e-03	9.98e-01	7.13e-06	0.00e+00	1.18e-15	3.54e-15	5.91e-15	2.24e-10	4.58e-10	2.91e-45
 1.85979e+15	1.62e-14	7.77e-10	4.43e-06	1.67e-03	9.98e-01	6.80e-06	0.00e+00	1.38e-15	4.14e-15	6.91e-15	2.55e-10	5.22e-10	4.79e-45
 1.91728e+15	1.97e-14	9.15e-10	5.00e-06	1.79e-03	9.98e-01	6.39e-06	0.00e+00	1.68e-15	5.04e-15	8.41e-15	3.01e-10	6.15e-10	9.10e-45
 1.98032e+15	2.43e-14	1.09e-09	5.69e-06	1.93e-03	9.98e-01	6.00e-06	0.00e+00	2.07e-15	6.21e-15	1.04e-14	3.58e-10	7.32e-10	1.81e-44
 2.03825e+15	2.92e-14	1.27e-09	6.39e-06	2.06e-03	9.98e-01	5.67e-06	0.00e+00	2.49e-15	7.47e-15	1.25e-14	4.19e-10	8.56e-10	3.35e-44
 2.10125e+15	3.54e-14	1.50e-09	7.21e-06	2.21e-03	9.98e-01	5.35e-06	0.00e+00	3.02e-15	9.07e-15	1.51e-14	4.93e-10	1.01e-09	6.40e-44
 2.17227e+15	4.38e-14	1.80e-09	8.23e-06	2.38e-03	9.98e-01	5.02e-06	0.00e+00	3.74e-15	1.12e-14	1.88e-14	5.91e-10	1.21e-09	1.31e-43
 2.24041e+15	5.33e-14	2.13e-09	9.31e-06	2.55e-03	9.97e-01	4.75e-06	0.00e+00	4.56e-15	1.37e-14	2.28e-14	6.99e-10	1.43e-09	2.54e-43
 2.31568e+15	6.55e-14	2.54e-09	1.06e-05	2.75e-03	9.97e-01	4.47e-06	0.00e+00	5.61e-15	1.68e-14	2.81e-14	8.35e-10	1.70e-09	5.24e-43
 2.39951e+15	8.22e-14	3.08e-09	1.22e-05	2.98e-03	9.97e-01	4.20e-06	0.00e+00	7.05e-15	2.12e-14	3.53e-14	1.01e-09	2.07e-09	1.13e-42
 2.47891e+15	1.01e-13	3.68e-09	1.39e-05	3.21e-03	9.97e-01	3.98e-06	0.00e+00	8.66e-15	2.60e-14	4.34e-14	1.21e-09	2.47e-09	2.29e-42
 2.56655e+15	1.26e-13	4.45e-09	1.60e-05	3.47e-03	9.97e-01	3.76e-06	0.00e+00	1.08e-14	3.24e-14	5.41e-14	1.47e-09	2.99e-09	4.85e-42
 2.66414e+15	1.59e-13	5.46e-09	1.85e-05	3.77e-03	9.96e-01	3.54e-06	0.00e+00	1.37e-14	4.10e-14	6.85e-14	1.80e-09	3.66e-09	1.09e-41
 2.75513e+15	1.96e-13	6.57e-09	2.12e-05	4.06e-03	9.96e-01	3.36e-06	0.00e+00	1.69e-14	5.06e-14	8.45e-14	2.16e-09	4.40e-09	2.25e-41
 2.85387e+15	2.44e-13	7.96e-09	2.43e-05	4.39e-03	9.96e-01	3.19e-06	0.00e+00	2.11e-14	6.33e-14	1.06e-13	2.62e-09	5.34e-09	4.76e-41
 2.96481e+15	3.10e-13	9.82e-09	2.83e-05	4.78e-03	9.95e-01	3.02e-06	0.00e+00	2.68e-14	8.04e-14	1.34e-13	3.24e-09	6.59e-09	1.09e-40
 3.06959e+15	3.84e-13	1.19e-08	3.25e-05	5.17e-03	9.95e-01	2.88e-06	0.00e+00	3.32e-14	9.97e-14	1.66e-13	3.92e-09	7.98e-09	2.29e-40
 3.18165e+15	4.80e-13	1.45e-08	3.75e-05	5.60e-03	9.94e-01	2.75e-06	0.00e+00	4.16e-14	1.25e-13	2.08e-13	4.79e-09	9.74e-09	4.99e-40
 3.30620e+15	6.08e-13	1.80e-08	4.36e-05	6.10e-03	9.94e-01	2.63e-06	0.00e+00	5.27e-14	1.58e-13	2.64e-13	5.92e-09	1.20e-08	1.14e-39
 3.42621e+15	7.57e-13	2.19e-08	5.03e-05	6.60e-03	9.93e-01	2.53e-06	0.00e+00	6.57e-14	1.97e-13	3.29e-13	7.23e-09	1.47e-08	2.46e-39
 3.55377e+15	9.47e-13	2.69e-08	5.82e-05	7.16e-03	9.93e-01	2.44e-06	0.00e+00	8.23e-14	2.47e-13	4.12e-13	8.87e-09	1.80e-08	5.41e-39
 3.69595e+15	1.20e-12	3.35e-08	6.80e-05	7.81e-03	9.92e-01	2.34e-06	0.00e+00	1.05e-13	3.14e-13	5.24e-13	1.10e-08	2.24e-08	1.25e-38
 3.83811e+15	1.51e-12	4.14e-08	7.91e-05	8.50e-03	9.91e-01	2.27e-06	0.00e+00	1.32e-13	3.95e-13	6.60e-13	1.37e-08	2.77e-08	2.80e-38
 3.98595e+15	1.90e-12	5.12e-08	9.20e-05	9.24e-03	9.91e-01	2.20e-06	0.00e+00	1.66e-13	4.98e-13	8.32e-13	1.69e-08	3.43e-08	6.19e-38
 4.11877e+15	2.31e-12	6.15e-08	1.05e-04	9.94e-03	9.90e-01	2.16e-06	0.00e+00	2.01e-13	6.04e-13	1.01e-12	2.03e-08	4.12e-08	1.22e-37
 4.21858e+15	2.66e-12	7.03e-08	1.15e-04	1.05e-02	9.89e-01	2.13e-06	0.00e+00	2.32e-13	6.97e-13	1.16e-12	2.32e-08	4.71e-08	2.02e-37
 4.32243e+15	3.10e-12	8.07e-08	1.27e-04	1.11e-02	9.89e-01	2.10e-06	0.00e+00	2.71e-13	8.12e-13	1.36e-12	2.67e-08	5.41e-08	3.37e-37
 4.45742e+15	3.76e-12	9.60e-08	1.44e-04	1.18e-02	9.88e-01	2.05e-06	0.00e+00	3.29e-13	9.87e-13	1.65e-12	3.17e-08	6.43e-08	6.43e-37
 4.60507e+15	4.58e-12	1.15e-07	1.64e-04	1.27e-02	9.87e-01	2.01e-06	0.00e+00	4.01e-13	1.20e-12	2.01e-12	3.81e-08	7.72e-08	1.25e-36
 4.73962e+15	5.46e-12	1.36e-07	1.84e-04	1.36e-02	9.86e-01	1.99e-06	0.00e+00	4.79e-13	1.44e-12	2.40e-12	4.49e-08	9.09e-08	2.27e-36
 4.88501e+15	6.58e-12	1.61e-07	2.07e-04	1.45e-02	9.85e-01	1.96e-06	0.00e+00	5.77e-13	1.73e-12	2.89e-12	5.33e-08	1.08e-07	4.24e-36
 5.06654e+15	8.23e-12	1.98e-07	2.40e-04	1.57e-02	9.84e-01	1.94e-06	0.00e+00	7.23e-13	2.17e-12	3.62e-12	6.56e-08	1.33e-07	8.99e-36
 5.24774e+15	1.02e-11	2.42e-07	2.77e-04	1.70e-02	9.83e-01	1.91e-06	0.00e+00	8.95e-13	2.69e-12	4.48e-12	8.00e-08	1.62e-07	1.83e-35
 5.40228e+15	1.22e-11	2.86e-07	3.11e-04	1.81e-02	9.82e-01	1.90e-06	0.00e+00	1.07e-12	3.21e-12	5.36e-12	9.46e-08	1.91e-07	3.30e-35
 5.56952e+15	1.48e-11	3.41e-07	3.52e-04	1.94e-02	9.80e-01	1.88e-06	0.00e+00	1.30e-12	3.91e-12	6.53e-12	1.13e-07	2.28e-07	6.13e-35
 5.77733e+15	1.87e-11	4.21e-07	4.09e-04	2.11e-02	9.79e-01	1.87e-06	0.00e+00	1.65e-12	4.94e-12	8.24e-12	1.39e-07	2.82e-07	1.29e-34
 5.98674e+15	2.32e-11	5.16e-07	4.71e-04	2.28e-02	9.77e-01	1.84e-06	0.00e+00	2.05e-12	6.14e-12	1.02e-11	1.71e-07	3.45e-07	2.62e-34
 6.17079e+15	2.81e-11	6.14e-07	5.33e-04	2.44e-02	9.75e-01	1.84e-06	0.00e+00	2.48e-12	7.46e-12	1.24e-11	2.03e-07	4.11e-07	4.79e-34
 6.37303e+15	3.46e-11	7.41e-07	6.08e-04	2.63e-02	9.73e-01	1.83e-06	0.00e+00	3.06e-12	9.18e-12	1.53e-11	2.45e-07	4.96e-07	9.13e-34
 6.61710e+15	4.41e-11	9.23e-07	7.10e-04	2.86e-02	9.71e-01	1.82e-06	0.00e+00	3.90e-12	1.17e-11	1.95e-11	3.06e-07	6.17e-07	1.93e-33
 6.85701e+15	5.49e-11	1.13e-06	8.20e-04	3.10e-02	9.68e-01	1.81e-06	0.00e+00	4.86e-12	1.46e-11	2.43e-11	3.75e-07	7.56e-07	3.84e-33
 7.07093e+15	6.71e-11	1.35e-06	9.31e-04	3.33e-02	9.66e-01	1.81e-06	0.00e+00	5.95e-12	1.79e-11	2.98e-11	4.48e-07	9.05e-07	6.81e-33
 7.30960e+15	8.34e-11	1.64e-06	1.07e-03	3.59e-02	9.63e-01	1.80e-06	0.00e+00	7.40e-12	2.22e-11	3.70e-11	5.45e-07	1.10e-06	1.31e-32
 7.59341e+15	1.07e-10	2.06e-06	1.25e-03	3.92e-02	9.59e-01	1.79e-06	0.00e+00	9.54e-12	2.86e-11	4.77e-11	6.82e-07	1.38e-06	2.75e-32
 7.85879e+15	1.33e-10	2.51e-06	1.44e-03	4.25e-02	9.56e-01	1.78e-06	0.00e+00	1.18e-11	3.54e-11	5.91e-11	8.31e-07	1.68e-06	5.21e-32
 8.08057e+15	1.60e-10	2.95e-06	1.62e-03	4.54e-02	9.53e-01	1.78e-06	0.00e+00	1.42e-11	4.27e-11	7.13e-11	9.79e-07	1.97e-06	8.80e-32
 8.28417e+15	1.88e-10	3.41e-06	1.80e-03	4.81e-02	9.50e-01	1.78e-06	0.00e+00	1.68e-11	5.04e-11	8.40e-11	1.13e-06	2.28e-06	1.40e-31
 8.51031e+15	2.26e-10	4.01e-06	2.02e-03	5.13e-02	9.47e-01	1.77e-06	0.00e+00	2.02e-11	6.05e-11	1.01e-10	1.33e-06	2.68e-06	2.36e-31
 8.75932e+15	2.75e-10	4.76e-06	2.29e-03	5.50e-02	9.43e-01	1.76e-06	0.00e+00	2.45e-11	7.36e-11	1.23e-10	1.58e-06	3.18e-06	4.02e-31
 8.99132e+15	3.28e-10	5.56e-06	2.56e-03	5.85e-02	9.39e-01	1.76e-06	0.00e+00	2.93e-11	8.79e-11	1.47e-10	1.84e-06	3.71e-06	6.52e-31
 9.24616e+15	3.97e-10	6.59e-06	2.89e-03	6.26e-02	9.34e-01	1.75e-06	0.00e+00	3.55e-11	1.07e-10	1.78e-10	2.19e-06	4.40e-06	1.11e-30
 9.52509e+15	4.88e-10	7.88e-06	3.29e-03	6.75e-02	9.29e-01	1.74e-06	0.00e+00	4.37e-11	1.31e-10	2.19e-10	2.62e-06	5.26e-06	1.92e-30
 9.78370e+15	5.89e-10	9.26e-06	3.70e-03	7.20e-02	9.24e-01	1.74e-06	0.00e+00	5.28e-11	1.58e-10	2.64e-10	3.07e-06	6.18e-06	3.12e-30
 1.00683e+16	7.22e-10	1.11e-05	4.22e-03	7.74e-02	9.18e-01	1.72e-06	0.00e+00	6.48e-11	1.94e-10	3.24e-10	3.68e-06	7.40e-06	5.39e-30
 1.03804e+16	9.02e-10	1.34e-05	4.84e-03	8.37e-02	9.11e-01	1.72e-06	0.00e+00	8.10e-11	2.43e-10	4.05e-10	4.44e-06	8.92e-06	9.40e-30
 1.06715e+16	1.10e-09	1.58e-05	5.50e-03	8.96e-02	9.05e-01	1.71e-06	0.00e+00	9.88e-11	2.96e-10	4.94e-10	5.26e-06	1.06e-05	1.54e-29
 1.09434e+16	1.31e-09	1.85e-05	6.18e-03	9.57e-02	8.98e-01	1.70e-06	0.00e+00	1.18e-10	3.55e-10	5.92e-10	6.16e-06	1.24e-05	2.44e-29
 1.12474e+16	1.65e-09	2.22e-05	7.06e-03	1.03e-01	8.90e-01	1.69e-06	0.00e+00	1.49e-10	4.46e-10	7.43e-10	7.38e-06	1.48e-05	4.13e-29
 1.15750e+16	2.02e-09	2.66e-05	8.10e-03	1.11e-01	8.81e-01	1.67e-06	0.00e+00	1.82e-10	5.47e-10	9.12e-10	8.86e-06	1.78e-05	6.93e-29
 1.18670e+16	2.48e-09	3.14e-05	9.15e-03	1.19e-01	8.72e-01	1.67e-06	0.00e+00	2.24e-10	6.72e-10	1.12e-09	1.04e-05	2.09e-05	1.09e-28
 1.21804e+16	3.05e-09	3.75e-05	1.05e-02	1.28e-01	8.62e-01	1.66e-06	0.00e+00	2.76e-10	8.28e-10	1.38e-09	1.25e-05	2.50e-05	1.82e-28
 1.25206e+16	3.84e-09	4.52e-05	1.21e-02	1.38e-01	8.50e-01	1.65e-06	0.00e+00	3.48e-10	1.04e-09	1.74e-09	1.50e-05	3.02e-05	3.04e-28
 1.28105e+16	4.65e-09	5.28e-05	1.36e-02	1.47e-01	8.39e-01	1.65e-06	0.00e+00	4.22e-10	1.26e-09	2.11e-09	1.76e-05	3.52e-05	4.58e-28
 1.30583e+16	5.47e-09	6.04e-05	1.51e-02	1.55e-01	8.29e-01	1.65e-06	0.00e+00	4.96e-10	1.49e-09	2.48e-09	2.01e-05	4.03e-05	6.63e-28
 1.33368e+16	6.60e-09	7.08e-05	1.70e-02	1.65e-01	8.18e-01	1.63e-06	0.00e+00	6.00e-10	1.80e-09	3.00e-09	2.35e-05	4.72e-05	1.02e-27
 1.36466e+16	8.23e-09	8.41e-05	1.94e-02	1.77e-01	8.03e-01	1.64e-06	0.00e+00	7.48e-10	2.24e-09	3.74e-09	2.80e-05	5.61e-05	1.63e-27
 1.39292e+16	9.82e-09	9.78e-05	2.19e-02	1.88e-01	7.90e-01	1.62e-06	0.00e+00	8.94e-10	2.68e-09	4.47e-09	3.26e-05	6.53e-05	2.41e-27
 1.41847e+16	1.17e-08	1.13e-04	2.45e-02	1.99e-01	7.76e-01	1.62e-06	0.00e+00	1.07e-09	3.20e-09	5.33e-09	3.76e-05	7.53e-05	3.53e-27
 1.44731e+16	1.45e-08	1.34e-04	2.79e-02	2.13e-01	7.59e-01	1.61e-06	0.00e+00	1.32e-09	3.96e-09	6.60e-09	4.45e-05	8.92e-05	5.59e-27
 1.47797e+16	1.82e-08	1.59e-04	3.20e-02	2.28e-01	7.40e-01	1.62e-06	0.00e+00	1.66e-09	4.97e-09	8.29e-09	5.31e-05	1.06e-04	8.93e-27
 1.50423e+16	2.20e-08	1.85e-04	3.60e-02	2.41e-01	7.23e-01	1.62e-06	0.00e+00	2.01e-09	6.02e-09	1.00e-08	6.17e-05	1.24e-04	1.31e-26
 1.52781e+16	2.62e-08	2.13e-04	4.02e-02	2.54e-01	7.05e-01	1.63e-06	0.00e+00	2.40e-09	7.19e-09	1.20e-08	7.10e-05	1.42e-04	1.91e-26
 1.55110e+16	3.10e-08	2.45e-04	4.48e-02	2.68e-01	6.87e-01	1.63e-06	0.00e+00	2.84e-09	8.51e-09	1.42e-08	8.15e-05	1.63e-04	2.73e-26
 1.57783e+16	3.88e-08	2.91e-04	5.12e-02	2.85e-01	6.64e-01	1.64e-06	0.00e+00	3.55e-09	1.07e-08	1.78e-08	9.70e-05	1.94e-04	4.46e-26
 1.60568e+16	4.85e-08	3.46e-04	5.86e-02	3.03e-01	6.38e-01	1.65e-06	0.00e+00	4.45e-09	1.33e-08	2.22e-08	1.15e-04	2.31e-04	6.98e-26
 1.62886e+16	5.79e-08	3.99e-04	6.58e-02	3.19e-01	6.15e-01	1.67e-06	2.82e-12	5.32e-09	1.59e-08	2.66e-08	1.33e-04	2.66e-04	1.01e-25
 1.64950e+16	6.91e-08	4.58e-04	7.33e-02	3.34e-01	5.92e-01	1.68e-06	0.00e+00	6.34e-09	1.90e-08	3.17e-08	1.53e-04	3.06e-04	1.47e-25
 1.67294e+16	8.61e-08	5.43e-04	8.32e-02	3.53e-01	5.63e-01	1.71e-06	3.27e-12	7.92e-09	2.37e-08	3.96e-08	1.81e-04	3.62e-04	2.39e-25
 1.69717e+16	1.06e-07	6.37e-04	9.47e-02	3.72e-01	5.33e-01	1.73e-06	0.00e+00	9.75e-09	2.92e-08	4.87e-08	2.12e-04	4.25e-04	3.65e-25
 1.71709e+16	1.29e-07	7.37e-04	1.06e-01	3.89e-01	5.05e-01	1.80e-06	4.07e-12	1.19e-08	3.56e-08	5.93e-08	2.46e-04	4.92e-04	5.59e-25
 1.73418e+16	1.52e-07	8.36e-04	1.17e-01	4.04e-01	4.79e-01	1.82e-06	0.00e+00	1.40e-08	4.19e-08	6.98e-08	2.79e-04	5.58e-04	7.98e-25
 1.75291e+16	1.84e-07	9.63e-04	1.30e-01	4.21e-01	4.48e-01	1.85e-06	4.88e-12	1.69e-08	5.08e-08	8.46e-08	3.21e-04	6.42e-04	1.20e-24
 1.77278e+16	2.24e-07	1.10e-03	1.46e-01	4.39e-01	4.14e-01	1.85e-06	0.00e+00	2.06e-08	6.19e-08	1.03e-07	3.67e-04	7.34e-04	1.75e-24
 1.78961e+16	2.70e-07	1.29e-03	1.62e-01	4.55e-01	3.82e-01	1.95e-06	0.00e+00	2.49e-08	7.47e-08	1.25e-07	4.29e-04	8.58e-04	2.90e-24
 1.80336e+16	3.12e-07	1.44e-03	1.75e-01	4.68e-01	3.55e-01	1.99e-06	7.27e-12	2.89e-08	8.65e-08	1.44e-07	4.78e-04	9.57e-04	4.06e-24
 1.81760e+16	3.66e-07	1.59e-03	1.91e-01	4.81e-01	3.26e-01	1.99e-06	0.00e+00	3.39e-08	1.02e-07	1.69e-07	5.29e-04	1.06e-03	5.46e-24
 1.83327e+16	4.40e-07	1.80e-03	2.10e-01	4.95e-01	2.93e-01	2.01e-06	0.00e+00	4.07e-08	1.22e-07	2.03e-07	6.01e-04	1.20e-03	8.29e-24
 1.84681e+16	5.18e-07	2.03e-03	2.28e-01	5.07e-01	2.63e-01	2.05e-06	1.06e-11	4.80e-08	1.44e-07	2.40e-07	6.76e-04	1.35e-03	1.23e-23
 1.85765e+16	6.03e-07	2.27e-03	2.44e-01	5.16e-01	2.37e-01	2.15e-06	0.00e+00	5.59e-08	1.68e-07	2.79e-07	7.57e-04	1.51e-03	1.88e-23
