#depth	O	O+	O+2	O+3	O+4	O+5	O+6	O+7	O+8	O[1]	O[2]	O[3]
 1.49634e+10	0.00e+00	1.72e-45	6.70e-35	2.91e-25	1.62e-16	9.88e-09	1.00e+00	0.00e+00	0.00e+00	0.00e+00	0.00e+00	0.00e+00
 4.54887e+10	0.00e+00	0.00e+00	9.18e-35	3.69e-25	1.90e-16	1.07e-08	1.00e+00	2.83e-08	0.00e+00	0.00e+00	0.00e+00	0.00e+00
 7.72350e+10	0.00e+00	3.79e-45	1.26e-34	4.67e-25	2.22e-16	1.16e-08	1.00e+00	0.00e+00	0.00e+00	0.00e+00	0.00e+00	0.00e+00
 1.10251e+11	0.00e+00	0.00e+00	1.73e-34	5.92e-25	2.61e-16	1.25e-08	1.00e+00	0.00e+00	0.00e+00	0.00e+00	0.00e+00	0.00e+00
 1.44588e+11	0.00e+00	8.34e-45	2.37e-34	7.50e-25	3.05e-16	1.36e-08	1.00e+00	0.00e+00	0.00e+00	0.00e+00	0.00e+00	0.00e+00
 1.77410e+11	0.00e+00	0.00e+00	3.17e-34	9.34e-25	3.53e-16	1.46e-08	1.00e+00	0.00e+00	0.00e+00	0.00e+00	0.00e+00	0.00e+00
 2.07597e+11	0.00e+00	1.66e-44	4.10e-34	1.13e-24	4.02e-16	1.56e-08	1.00e+00	0.00e+00	0.00e+00	0.00e+00	0.00e+00	0.00e+00
 2.41802e+11	0.00e+00	0.00e+00	5.44e-34	1.40e-24	4.64e-16	1.67e-08	1.00e+00	0.00e+00	0.00e+00	0.00e+00	0.00e+00	0.00e+00
 2.81320e+11	0.00e+00	3.50e-44	7.47e-34	1.78e-24	5.44e-16	1.81e-08	1.00e+00	0.00e+00	0.00e+00	0.00e+00	0.00e+00	0.00e+00
 3.20230e+11	0.00e+00	0.00e+00	1.01e-33	2.23e-24	6.32e-16	1.95e-08	1.00e+00	0.00e+00	0.00e+00	0.00e+00	0.00e+00	0.00e+00
 3.60695e+11	0.00e+00	7.41e-44	1.36e-33	2.79e-24	7.35e-16	2.11e-08	1.00e+00	0.00e+00	0.00e+00	0.00e+00	0.00e+00	0.00e+00
 4.05050e+11	0.00e+00	0.00e+00	1.87e-33	3.54e-24	8.62e-16	2.28e-08	1.00e+00	0.00e+00	0.00e+00	0.00e+00	0.00e+00	0.00e+00
 4.49831e+11	0.00e+00	1.62e-43	2.54e-33	4.47e-24	1.01e-15	2.47e-08	1.00e+00	0.00e+00	0.00e+00	0.00e+00	0.00e+00	0.00e+00
 4.96404e+11	0.00e+00	0.00e+00	3.46e-33	5.64e-24	1.18e-15	2.67e-08	1.00e+00	0.00e+00	0.00e+00	0.00e+00	0.00e+00	0.00e+00
 5.46187e+11	0.00e+00	3.54e-43	4.76e-33	7.16e-24	1.38e-15	2.89e-08	1.00e+00	0.00e+00	0.00e+00	0.00e+00	0.00e+00	0.00e+00
 5.97961e+11	0.00e+00	0.00e+00	6.54e-33	9.10e-24	1.62e-15	3.13e-08	1.00e+00	0.00e+00	0.00e+00	0.00e+00	0.00e+00	0.00e+00
 6.51806e+11	0.00e+00	7.83e-43	8.99e-33	1.16e-23	1.90e-15	3.39e-08	1.00e+00	0.00e+00	0.00e+00	0.00e+00	0.00e+00	0.00e+00
 7.07805e+11	0.00e+00	0.00e+00	1.24e-32	1.47e-23	2.23e-15	3.68e-08	1.00e+00	0.00e+00	0.00e+00	0.00e+00	0.00e+00	0.00e+00
 7.62700e+11	0.00e+00	1.70e-42	1.67e-32	1.84e-23	2.60e-15	3.97e-08	1.00e+00	0.00e+00	0.00e+00	0.00e+00	0.00e+00	0.00e+00
 8.15338e+11	0.00e+00	0.00e+00	2.21e-32	2.27e-23	2.99e-15	4.26e-08	1.00e+00	0.00e+00	0.00e+00	0.00e+00	0.00e+00	0.00e+00
 8.73427e+11	0.00e+00	3.48e-42	2.98e-32	2.85e-23	3.48e-15	4.60e-08	1.00e+00	0.00e+00	0.00e+00	0.00e+00	0.00e+00	0.00e+00
 9.38291e+11	0.00e+00	0.00e+00	4.10e-32	3.62e-23	4.09e-15	4.99e-08	1.00e+00	0.00e+00	0.00e+00	0.00e+00	0.00e+00	0.00e+00
 1.00361e+12	0.00e+00	7.65e-42	5.60e-32	4.58e-23	4.79e-15	5.40e-08	1.00e+00	0.00e+00	0.00e+00	0.00e+00	0.00e+00	0.00e+00
 1.07154e+12	0.00e+00	0.00e+00	7.64e-32	5.80e-23	5.61e-15	5.85e-08	1.00e+00	0.00e+00	0.00e+00	0.00e+00	0.00e+00	0.00e+00
 1.14433e+12	0.00e+00	1.69e-41	1.05e-31	7.39e-23	6.61e-15	6.35e-08	1.00e+00	0.00e+00	0.00e+00	0.00e+00	0.00e+00	0.00e+00
 1.21842e+12	0.00e+00	0.00e+00	1.45e-31	9.38e-23	7.76e-15	6.88e-08	1.00e+00	0.00e+00	0.00e+00	0.00e+00	0.00e+00	0.00e+00
 1.29546e+12	0.00e+00	3.71e-41	1.98e-31	1.19e-22	9.12e-15	7.47e-08	1.00e+00	0.00e+00	0.00e+00	0.00e+00	0.00e+00	0.00e+00
 1.37721e+12	0.00e+00	0.00e+00	2.74e-31	1.52e-22	1.08e-14	8.12e-08	1.00e+00	0.00e+00	0.00e+00	0.00e+00	0.00e+00	0.00e+00
 1.46222e+12	0.00e+00	8.30e-41	3.79e-31	1.94e-22	1.27e-14	8.82e-08	1.00e+00	0.00e+00	0.00e+00	0.00e+00	0.00e+00	0.00e+00
 1.55064e+12	0.00e+00	0.00e+00	5.25e-31	2.49e-22	1.50e-14	9.60e-08	1.00e+00	0.00e+00	0.00e+00	0.00e+00	0.00e+00	0.00e+00
 1.64259e+12	0.00e+00	1.86e-40	7.27e-31	3.18e-22	1.77e-14	1.04e-07	1.00e+00	0.00e+00	0.00e+00	0.00e+00	0.00e+00	0.00e+00
 1.73822e+12	0.00e+00	0.00e+00	1.01e-30	4.07e-22	2.09e-14	1.14e-07	1.00e+00	0.00e+00	0.00e+00	0.00e+00	0.00e+00	0.00e+00
 1.83542e+12	0.00e+00	4.16e-40	1.39e-30	5.19e-22	2.47e-14	1.24e-07	1.00e+00	0.00e+00	0.00e+00	0.00e+00	0.00e+00	0.00e+00
 1.93651e+12	0.00e+00	0.00e+00	1.91e-30	6.62e-22	2.91e-14	1.34e-07	1.00e+00	0.00e+00	0.00e+00	0.00e+00	0.00e+00	0.00e+00
 2.04390e+12	0.00e+00	9.32e-40	2.66e-30	8.50e-22	3.45e-14	1.46e-07	1.00e+00	0.00e+00	0.00e+00	0.00e+00	0.00e+00	0.00e+00
 2.15558e+12	0.00e+00	0.00e+00	3.69e-30	1.09e-21	4.09e-14	1.60e-07	1.00e+00	0.00e+00	0.00e+00	0.00e+00	0.00e+00	0.00e+00
 2.27173e+12	0.00e+00	2.11e-39	5.13e-30	1.40e-21	4.86e-14	1.74e-07	1.00e+00	0.00e+00	0.00e+00	0.00e+00	0.00e+00	0.00e+00
 2.39253e+12	0.00e+00	0.00e+00	7.14e-30	1.80e-21	5.77e-14	1.90e-07	1.00e+00	0.00e+00	0.00e+00	0.00e+00	0.00e+00	0.00e+00
 2.51816e+12	0.00e+00	4.78e-39	9.93e-30	2.32e-21	6.85e-14	2.08e-07	1.00e+00	0.00e+00	0.00e+00	0.00e+00	0.00e+00	0.00e+00
 2.64881e+12	0.00e+00	0.00e+00	1.38e-29	2.99e-21	8.16e-14	2.27e-07	1.00e+00	0.00e+00	0.00e+00	0.00e+00	0.00e+00	0.00e+00
 2.76891e+12	0.00e+00	1.03e-38	1.85e-29	3.74e-21	9.51e-14	2.46e-07	1.00e+00	0.00e+00	0.00e+00	0.00e+00	0.00e+00	0.00e+00
 2.87224e+12	0.00e+00	0.00e+00	2.37e-29	4.52e-21	1.08e-13	2.62e-07	1.00e+00	0.00e+00	0.00e+00	0.00e+00	0.00e+00	0.00e+00
 2.98686e+12	0.00e+00	1.94e-38	3.09e-29	5.54e-21	1.25e-13	2.82e-07	1.00e+00	0.00e+00	0.00e+00	0.00e+00	0.00e+00	0.00e+00
 3.12763e+12	0.00e+00	0.00e+00	4.23e-29	7.04e-21	1.47e-13	3.07e-07	1.00e+00	0.00e+00	0.00e+00	0.00e+00	0.00e+00	0.00e+00
 3.27135e+12	0.00e+00	4.18e-38	5.75e-29	8.93e-21	1.74e-13	3.35e-07	1.00e+00	0.00e+00	0.00e+00	0.00e+00	0.00e+00	0.00e+00
 3.40134e+12	0.00e+00	0.00e+00	7.54e-29	1.10e-20	2.00e-13	3.61e-07	1.00e+00	0.00e+00	0.00e+00	0.00e+00	0.00e+00	0.00e+00
 3.54456e+12	0.00e+00	8.29e-38	1.00e-28	1.37e-20	2.34e-13	3.90e-07	1.00e+00	0.00e+00	0.00e+00	0.00e+00	0.00e+00	0.00e+00
 3.70636e+12	0.00e+00	0.00e+00	1.37e-28	1.75e-20	2.77e-13	4.26e-07	1.00e+00	0.00e+00	0.00e+00	0.00e+00	0.00e+00	0.00e+00
 3.86140e+12	0.00e+00	1.74e-37	1.83e-28	2.18e-20	3.24e-13	4.62e-07	1.00e+00	0.00e+00	0.00e+00	0.00e+00	0.00e+00	0.00e+00
 4.02924e+12	0.00e+00	0.00e+00	2.48e-28	2.76e-20	3.81e-13	5.03e-07	1.00e+00	0.00e+00	0.00e+00	0.00e+00	0.00e+00	0.00e+00
 4.21429e+12	0.00e+00	3.72e-37	3.42e-28	3.54e-20	4.54e-13	5.51e-07	1.00e+00	0.00e+00	0.00e+00	0.00e+00	0.00e+00	0.00e+00
 4.38999e+12	0.00e+00	0.00e+00	4.58e-28	4.44e-20	5.32e-13	5.99e-07	1.00e+00	0.00e+00	0.00e+00	0.00e+00	0.00e+00	0.00e+00
 4.57877e+12	0.00e+00	7.69e-37	6.19e-28	5.61e-20	6.28e-13	6.53e-07	1.00e+00	0.00e+00	0.00e+00	0.00e+00	0.00e+00	0.00e+00
 4.79185e+12	0.00e+00	0.00e+00	8.59e-28	7.24e-20	7.52e-13	7.18e-07	1.00e+00	0.00e+00	0.00e+00	0.00e+00	0.00e+00	0.00e+00
 5.00135e+12	0.00e+00	1.67e-36	1.17e-27	9.22e-20	8.92e-13	7.85e-07	1.00e+00	0.00e+00	0.00e+00	0.00e+00	0.00e+00	0.00e+00
 5.21923e+12	5.68e-46	2.43e-36	1.59e-27	1.17e-19	1.06e-12	8.59e-07	1.00e+00	0.00e+00	0.00e+00	0.00e+00	0.00e+00	0.00e+00
 5.45793e+12	0.00e+00	0.00e+00	2.20e-27	1.51e-19	1.27e-12	9.45e-07	1.00e+00	0.00e+00	0.00e+00	0.00e+00	0.00e+00	0.00e+00
 5.69820e+12	0.00e+00	5.27e-36	3.01e-27	1.93e-19	1.51e-12	1.04e-06	1.00e+00	0.00e+00	0.00e+00	0.00e+00	0.00e+00	0.00e+00
 5.94809e+12	2.23e-45	7.69e-36	4.11e-27	2.46e-19	1.79e-12	1.14e-06	1.00e+00	0.00e+00	0.00e+00	0.00e+00	0.00e+00	0.00e+00
 6.21594e+12	0.00e+00	0.00e+00	5.65e-27	3.16e-19	2.15e-12	1.25e-06	1.00e+00	0.00e+00	0.00e+00	0.00e+00	0.00e+00	0.00e+00
 6.49451e+12	0.00e+00	1.66e-35	7.77e-27	4.06e-19	2.57e-12	1.37e-06	1.00e+00	0.00e+00	0.00e+00	0.00e+00	0.00e+00	0.00e+00
 6.75558e+12	8.43e-45	2.35e-35	1.03e-26	5.09e-19	3.01e-12	1.50e-06	1.00e+00	0.00e+00	0.00e+00	0.00e+00	0.00e+00	0.00e+00
 6.98716e+12	0.00e+00	0.00e+00	1.32e-26	6.17e-19	3.46e-12	1.61e-06	1.00e+00	0.00e+00	0.00e+00	0.00e+00	0.00e+00	0.00e+00
 7.24595e+12	0.00e+00	4.33e-35	1.72e-26	7.59e-19	4.01e-12	1.75e-06	1.00e+00	0.00e+00	0.00e+00	0.00e+00	0.00e+00	0.00e+00
 7.53411e+12	2.61e-44	6.09e-35	2.28e-26	9.49e-19	4.71e-12	1.90e-06	1.00e+00	0.00e+00	0.00e+00	0.00e+00	0.00e+00	0.00e+00
 7.80492e+12	0.00e+00	8.28e-35	2.94e-26	1.16e-18	5.44e-12	2.05e-06	1.00e+00	0.00e+00	0.00e+00	0.00e+00	0.00e+00	0.00e+00
 8.10146e+12	5.52e-44	1.15e-34	3.85e-26	1.44e-18	6.34e-12	2.23e-06	1.00e+00	0.00e+00	0.00e+00	0.00e+00	0.00e+00	0.00e+00
 8.43327e+12	0.00e+00	1.62e-34	5.15e-26	1.81e-18	7.47e-12	2.44e-06	1.00e+00	0.00e+00	0.00e+00	0.00e+00	0.00e+00	0.00e+00
 8.74752e+12	1.21e-43	2.23e-34	6.70e-26	2.23e-18	8.68e-12	2.64e-06	1.00e+00	0.00e+00	0.00e+00	0.00e+00	0.00e+00	0.00e+00
 9.09049e+12	0.00e+00	3.11e-34	8.84e-26	2.78e-18	1.02e-11	2.88e-06	1.00e+00	0.00e+00	0.00e+00	0.00e+00	0.00e+00	0.00e+00
 9.47321e+12	2.73e-43	4.43e-34	1.19e-25	3.51e-18	1.20e-11	3.16e-06	1.00e+00	0.00e+00	0.00e+00	0.00e+00	0.00e+00	0.00e+00
 9.83797e+12	0.00e+00	6.13e-34	1.56e-25	4.36e-18	1.41e-11	3.43e-06	1.00e+00	0.00e+00	0.00e+00	0.00e+00	0.00e+00	0.00e+00
 1.02281e+13	5.94e-43	8.56e-34	2.06e-25	5.44e-18	1.65e-11	3.74e-06	1.00e+00	0.00e+00	0.00e+00	0.00e+00	0.00e+00	0.00e+00
 1.06310e+13	0.00e+00	1.19e-33	2.72e-25	6.79e-18	1.93e-11	4.08e-06	1.00e+00	0.00e+00	0.00e+00	0.00e+00	0.00e+00	0.00e+00
 1.09842e+13	1.22e-42	1.58e-33	3.43e-25	8.18e-18	2.21e-11	4.39e-06	1.00e+00	0.00e+00	0.00e+00	0.00e+00	0.00e+00	0.00e+00
 1.13649e+13	0.00e+00	2.11e-33	4.38e-25	9.94e-18	2.54e-11	4.74e-06	1.00e+00	0.00e+00	0.00e+00	0.00e+00	0.00e+00	0.00e+00
 1.18267e+13	2.56e-42	2.96e-33	5.83e-25	1.25e-17	2.99e-11	5.18e-06	1.00e+00	0.00e+00	0.00e+00	0.00e+00	0.00e+00	0.00e+00
 1.22871e+13	0.00e+00	4.09e-33	7.65e-25	1.55e-17	3.49e-11	5.64e-06	1.00e+00	0.00e+00	0.00e+00	0.00e+00	0.00e+00	0.00e+00
 1.26966e+13	5.19e-42	5.41e-33	9.67e-25	1.87e-17	3.99e-11	6.07e-06	1.00e+00	0.00e+00	0.00e+00	0.00e+00	0.00e+00	0.00e+00
 1.31467e+13	0.00e+00	7.27e-33	1.24e-24	2.28e-17	4.60e-11	6.56e-06	1.00e+00	0.00e+00	0.00e+00	0.00e+00	0.00e+00	0.00e+00
 1.36841e+13	1.09e-41	1.02e-32	1.65e-24	2.87e-17	5.42e-11	7.17e-06	1.00e+00	0.00e+00	0.00e+00	0.00e+00	0.00e+00	0.00e+00
 1.42192e+13	0.00e+00	1.41e-32	2.17e-24	3.57e-17	6.33e-11	7.81e-06	1.00e+00	0.00e+00	0.00e+00	0.00e+00	0.00e+00	0.00e+00
 1.47097e+13	2.24e-41	1.89e-32	2.76e-24	4.33e-17	7.26e-11	8.42e-06	1.00e+00	0.00e+00	0.00e+00	0.00e+00	0.00e+00	0.00e+00
 1.52579e+13	0.00e+00	2.58e-32	3.59e-24	5.34e-17	8.42e-11	9.13e-06	1.00e+00	0.00e+00	0.00e+00	0.00e+00	0.00e+00	0.00e+00
 1.58940e+13	4.85e-41	3.64e-32	4.80e-24	6.74e-17	9.93e-11	1.00e-05	1.00e+00	0.00e+00	0.00e+00	0.00e+00	0.00e+00	0.00e+00
 1.65196e+13	0.00e+00	5.06e-32	6.33e-24	8.41e-17	1.16e-10	1.09e-05	1.00e+00	0.00e+00	0.00e+00	0.00e+00	0.00e+00	0.00e+00
 1.71158e+13	1.02e-40	6.85e-32	8.17e-24	1.03e-16	1.34e-10	1.18e-05	1.00e+00	0.00e+00	0.00e+00	0.00e+00	0.00e+00	0.00e+00
 1.77760e+13	0.00e+00	9.47e-32	1.07e-23	1.28e-16	1.56e-10	1.28e-05	1.00e+00	0.00e+00	0.00e+00	0.00e+00	0.00e+00	0.00e+00
 1.85170e+13	2.24e-40	1.34e-31	1.44e-23	1.62e-16	1.84e-10	1.40e-05	1.00e+00	0.00e+00	0.00e+00	0.00e+00	0.00e+00	0.00e+00
 1.92670e+13	0.00e+00	1.89e-31	1.91e-23	2.03e-16	2.15e-10	1.53e-05	1.00e+00	0.00e+00	0.00e+00	0.00e+00	0.00e+00	0.00e+00
 2.00471e+13	4.99e-40	2.67e-31	2.55e-23	2.55e-16	2.52e-10	1.66e-05	1.00e+00	0.00e+00	0.00e+00	0.00e+00	0.00e+00	0.00e+00
 2.08789e+13	0.00e+00	3.79e-31	3.43e-23	3.22e-16	2.97e-10	1.82e-05	1.00e+00	0.00e+00	0.00e+00	0.00e+00	0.00e+00	0.00e+00
 2.17440e+13	1.14e-39	5.41e-31	4.60e-23	4.06e-16	3.49e-10	1.99e-05	1.00e+00	0.00e+00	0.00e+00	0.00e+00	0.00e+00	0.00e+00
 2.26017e+13	0.00e+00	7.58e-31	6.10e-23	5.08e-16	4.07e-10	2.16e-05	1.00e+00	0.00e+00	0.00e+00	0.00e+00	0.00e+00	0.00e+00
 2.34937e+13	2.53e-39	1.07e-30	8.10e-23	6.35e-16	4.75e-10	2.35e-05	1.00e+00	0.00e+00	0.00e+00	0.00e+00	0.00e+00	0.00e+00
 2.44128e+13	0.00e+00	1.50e-30	1.07e-22	7.92e-16	5.53e-10	2.55e-05	1.00e+00	0.00e+00	0.00e+00	0.00e+00	0.00e+00	0.00e+00
 2.52814e+13	5.45e-39	2.05e-30	1.39e-22	9.69e-16	6.35e-10	2.74e-05	1.00e+00	0.00e+00	0.00e+00	0.00e+00	0.00e+00	0.00e+00
 2.60895e+13	0.00e+00	2.70e-30	1.75e-22	1.16e-15	7.19e-10	2.93e-05	1.00e+00	0.00e+00	0.00e+00	0.00e+00	0.00e+00	0.00e+00
 2.69708e+13	1.08e-38	3.65e-30	2.25e-22	1.41e-15	8.21e-10	3.15e-05	1.00e+00	0.00e+00	0.00e+00	0.00e+00	0.00e+00	0.00e+00
 2.79616e+13	0.00e+00	5.04e-30	2.93e-22	1.74e-15	9.47e-10	3.40e-05	1.00e+00	0.00e+00	0.00e+00	0.00e+00	0.00e+00	0.00e+00
 2.89070e+13	2.25e-38	6.81e-30	3.76e-22	2.11e-15	1.08e-09	3.64e-05	1.00e+00	0.00e+00	0.00e+00	0.00e+00	0.00e+00	0.00e+00
 2.99483e+13	0.00e+00	9.40e-30	4.90e-22	2.59e-15	1.24e-09	3.92e-05	1.00e+00	0.00e+00	0.00e+00	0.00e+00	0.00e+00	0.00e+00
 3.11142e+13	4.94e-38	1.33e-29	6.53e-22	3.23e-15	1.44e-09	4.25e-05	1.00e+00	0.00e+00	0.00e+00	0.00e+00	0.00e+00	0.00e+00
 3.22229e+13	0.00e+00	1.83e-29	8.50e-22	3.96e-15	1.66e-09	4.57e-05	1.00e+00	0.00e+00	0.00e+00	0.00e+00	0.00e+00	0.00e+00
 3.32398e+13	1.01e-37	2.44e-29	1.07e-21	4.75e-15	1.88e-09	4.87e-05	1.00e+00	0.00e+00	0.00e+00	0.00e+00	0.00e+00	0.00e+00
 3.43564e+13	0.00e+00	3.31e-29	1.38e-21	5.76e-15	2.14e-09	5.22e-05	1.00e+00	0.00e+00	0.00e+00	0.00e+00	0.00e+00	0.00e+00
 3.56110e+13	2.15e-37	4.61e-29	1.81e-21	7.10e-15	2.46e-09	5.62e-05	1.00e+00	0.00e+00	0.00e+00	0.00e+00	0.00e+00	0.00e+00
 3.67995e+13	0.00e+00	6.27e-29	2.32e-21	8.61e-15	2.80e-09	6.02e-05	1.00e+00	0.00e+00	0.00e+00	0.00e+00	0.00e+00	0.00e+00
 3.80993e+13	4.55e-37	8.67e-29	3.03e-21	1.05e-14	3.22e-09	6.46e-05	1.00e+00	0.00e+00	0.00e+00	0.00e+00	0.00e+00	0.00e+00
 3.95398e+13	0.00e+00	1.23e-28	4.02e-21	1.31e-14	3.73e-09	6.97e-05	1.00e+00	0.00e+00	0.00e+00	0.00e+00	0.00e+00	0.00e+00
 4.08798e+13	9.97e-37	1.68e-28	5.19e-21	1.59e-14	4.25e-09	7.46e-05	1.00e+00	0.00e+00	0.00e+00	0.00e+00	0.00e+00	0.00e+00
 4.23384e+13	0.00e+00	2.34e-28	6.79e-21	1.96e-14	4.88e-09	8.02e-05	1.00e+00	0.00e+00	0.00e+00	0.00e+00	0.00e+00	0.00e+00
 4.39742e+13	2.26e-36	3.34e-28	9.08e-21	2.45e-14	5.67e-09	8.67e-05	1.00e+00	0.00e+00	0.00e+00	0.00e+00	0.00e+00	0.00e+00
 4.55246e+13	0.00e+00	4.65e-28	1.19e-20	3.00e-14	6.50e-09	9.30e-05	1.00e+00	0.00e+00	0.00e+00	0.00e+00	0.00e+00	0.00e+00
 4.72039e+13	5.05e-36	6.57e-28	1.57e-20	3.71e-14	7.50e-09	1.00e-04	1.00e+00	0.00e+00	0.00e+00	0.00e+00	0.00e+00	0.00e+00
 4.90765e+13	0.00e+00	9.51e-28	2.12e-20	4.66e-14	8.75e-09	1.08e-04	1.00e+00	0.00e+00	0.00e+00	0.00e+00	0.00e+00	0.00e+00
 5.08745e+13	1.18e-35	1.34e-27	2.80e-20	5.76e-14	1.01e-08	1.16e-04	1.00e+00	0.00e+00	0.00e+00	0.00e+00	0.00e+00	0.00e+00
 5.27899e+13	0.00e+00	1.92e-27	3.73e-20	7.17e-14	1.17e-08	1.25e-04	1.00e+00	0.00e+00	0.00e+00	0.00e+00	0.00e+00	0.00e+00
 5.49314e+13	2.84e-35	2.80e-27	5.08e-20	9.06e-14	1.37e-08	1.36e-04	1.00e+00	0.00e+00	0.00e+00	0.00e+00	0.00e+00	0.00e+00
 5.70733e+13	4.42e-35	4.05e-27	6.85e-20	1.14e-13	1.59e-08	1.47e-04	1.00e+00	0.00e+00	0.00e+00	0.00e+00	0.00e+00	0.00e+00
 5.93009e+13	6.87e-35	5.87e-27	9.23e-20	1.42e-13	1.85e-08	1.59e-04	1.00e+00	0.00e+00	0.00e+00	0.00e+00	0.00e+00	0.00e+00
 6.17029e+13	1.08e-34	8.61e-27	1.26e-19	1.80e-13	2.16e-08	1.72e-04	1.00e+00	0.00e+00	0.00e+00	0.00e+00	0.00e+00	0.00e+00
 6.42009e+13	1.71e-34	1.26e-26	1.71e-19	2.28e-13	2.53e-08	1.86e-04	1.00e+00	0.00e+00	0.00e+00	0.00e+00	0.00e+00	0.00e+00
 6.66569e+13	2.64e-34	1.82e-26	2.30e-19	2.84e-13	2.94e-08	2.01e-04	1.00e+00	0.00e+00	0.00e+00	0.00e+00	0.00e+00	0.00e+00
 6.92111e+13	4.09e-34	2.62e-26	3.08e-19	3.55e-13	3.41e-08	2.17e-04	1.00e+00	0.00e+00	0.00e+00	0.00e+00	0.00e+00	0.00e+00
 7.20095e+13	6.45e-34	3.84e-26	4.20e-19	4.49e-13	3.99e-08	2.35e-04	1.00e+00	0.00e+00	0.00e+00	0.00e+00	0.00e+00	0.00e+00
 7.48170e+13	1.00e-33	5.56e-26	5.66e-19	5.63e-13	4.64e-08	2.54e-04	1.00e+00	0.00e+00	0.00e+00	0.00e+00	0.00e+00	0.00e+00
 7.75307e+13	1.51e-33	7.84e-26	7.48e-19	6.95e-13	5.34e-08	2.72e-04	1.00e+00	0.00e+00	0.00e+00	0.00e+00	0.00e+00	0.00e+00
 8.00360e+13	2.19e-33	1.07e-25	9.59e-19	8.39e-13	6.06e-08	2.90e-04	1.00e+00	0.00e+00	0.00e+00	0.00e+00	0.00e+00	0.00e+00
 8.27326e+13	3.20e-33	1.47e-25	1.24e-18	1.02e-12	6.91e-08	3.11e-04	1.00e+00	0.00e+00	0.00e+00	0.00e+00	0.00e+00	0.00e+00
 8.57693e+13	4.85e-33	2.08e-25	1.64e-18	1.26e-12	7.98e-08	3.34e-04	1.00e+00	0.00e+00	0.00e+00	0.00e+00	0.00e+00	0.00e+00
 8.86759e+13	7.12e-33	2.87e-25	2.13e-18	1.54e-12	9.10e-08	3.58e-04	1.00e+00	0.00e+00	0.00e+00	0.00e+00	0.00e+00	0.00e+00
 9.18823e+13	1.07e-32	4.04e-25	2.82e-18	1.90e-12	1.05e-07	3.84e-04	1.00e+00	0.00e+00	0.00e+00	0.00e+00	0.00e+00	0.00e+00
 9.54745e+13	1.66e-32	5.85e-25	3.80e-18	2.39e-12	1.22e-07	4.16e-04	1.00e+00	0.00e+00	0.00e+00	0.00e+00	0.00e+00	0.00e+00
 9.88953e+13	2.49e-32	8.21e-25	4.99e-18	2.94e-12	1.40e-07	4.46e-04	1.00e+00	0.00e+00	0.00e+00	0.00e+00	0.00e+00	0.00e+00
 1.02562e+14	3.77e-32	1.16e-24	6.63e-18	3.65e-12	1.62e-07	4.81e-04	1.00e+00	0.00e+00	0.00e+00	0.00e+00	0.00e+00	0.00e+00
 1.06694e+14	5.91e-32	1.70e-24	9.02e-18	4.61e-12	1.90e-07	5.21e-04	9.99e-01	0.00e+00	0.00e+00	0.00e+00	0.00e+00	0.00e+00
 1.10825e+14	9.12e-32	2.45e-24	1.21e-17	5.77e-12	2.21e-07	5.63e-04	9.99e-01	0.00e+00	0.00e+00	0.00e+00	0.00e+00	0.00e+00
 1.15121e+14	1.41e-31	3.53e-24	1.63e-17	7.23e-12	2.57e-07	6.09e-04	9.99e-01	0.00e+00	0.00e+00	0.00e+00	0.00e+00	0.00e+00
 1.19331e+14	2.12e-31	4.97e-24	2.15e-17	8.95e-12	2.96e-07	6.55e-04	9.99e-01	0.00e+00	0.00e+00	0.00e+00	0.00e+00	0.00e+00
 1.23037e+14	3.03e-31	6.73e-24	2.76e-17	1.07e-11	3.34e-07	6.98e-04	9.99e-01	0.00e+00	0.00e+00	0.00e+00	0.00e+00	0.00e+00
 1.27104e+14	4.35e-31	9.11e-24	3.52e-17	1.30e-11	3.80e-07	7.46e-04	9.99e-01	0.00e+00	0.00e+00	0.00e+00	0.00e+00	0.00e+00
 1.32007e+14	6.67e-31	1.31e-23	4.73e-17	1.63e-11	4.42e-07	8.06e-04	9.99e-01	0.00e+00	0.00e+00	0.00e+00	0.00e+00	0.00e+00
 1.36895e+14	1.01e-30	1.85e-23	6.28e-17	2.02e-11	5.11e-07	8.68e-04	9.99e-01	0.00e+00	0.00e+00	0.00e+00	0.00e+00	0.00e+00
 1.41300e+14	1.45e-30	2.51e-23	8.03e-17	2.44e-11	5.80e-07	9.27e-04	9.99e-01	0.00e+00	0.00e+00	0.00e+00	0.00e+00	0.00e+00
 1.46174e+14	2.13e-30	3.48e-23	1.05e-16	2.98e-11	6.63e-07	9.93e-04	9.99e-01	0.00e+00	0.00e+00	0.00e+00	0.00e+00	0.00e+00
 1.51922e+14	3.30e-30	5.03e-23	1.41e-16	3.75e-11	7.74e-07	1.08e-03	9.99e-01	0.00e+00	0.00e+00	0.00e+00	0.00e+00	0.00e+00
 1.57593e+14	5.02e-30	7.16e-23	1.88e-16	4.66e-11	8.95e-07	1.16e-03	9.99e-01	0.00e+00	0.00e+00	0.00e+00	0.00e+00	0.00e+00
 1.62840e+14	7.30e-30	9.81e-23	2.43e-16	5.66e-11	1.02e-06	1.24e-03	9.99e-01	0.00e+00	0.00e+00	0.00e+00	0.00e+00	0.00e+00
 1.68732e+14	1.10e-29	1.38e-22	3.20e-16	7.00e-11	1.17e-06	1.33e-03	9.99e-01	0.00e+00	0.00e+00	0.00e+00	0.00e+00	0.00e+00
 1.75511e+14	1.72e-29	2.02e-22	4.36e-16	8.84e-11	1.37e-06	1.45e-03	9.99e-01	0.00e+00	0.00e+00	0.00e+00	0.00e+00	0.00e+00
 1.82155e+14	2.64e-29	2.89e-22	5.83e-16	1.10e-10	1.59e-06	1.56e-03	9.98e-01	0.00e+00	0.00e+00	0.00e+00	0.00e+00	0.00e+00
 1.89065e+14	4.04e-29	4.14e-22	7.81e-16	1.38e-10	1.85e-06	1.68e-03	9.98e-01	0.00e+00	0.00e+00	0.00e+00	0.00e+00	0.00e+00
 1.96658e+14	6.37e-29	6.06e-22	1.06e-15	1.74e-10	2.16e-06	1.82e-03	9.98e-01	0.00e+00	0.00e+00	0.00e+00	0.00e+00	0.00e+00
 2.04302e+14	9.89e-29	8.78e-22	1.43e-15	2.18e-10	2.51e-06	1.97e-03	9.98e-01	0.00e+00	0.00e+00	0.00e+00	0.00e+00	0.00e+00
 2.12253e+14	1.54e-28	1.27e-21	1.94e-15	2.74e-10	2.92e-06	2.13e-03	9.98e-01	0.00e+00	0.00e+00	0.00e+00	0.00e+00	0.00e+00
 2.20397e+14	2.38e-28	1.84e-21	2.60e-15	3.43e-10	3.40e-06	2.30e-03	9.98e-01	0.00e+00	0.00e+00	0.00e+00	0.00e+00	0.00e+00
 2.28247e+14	3.58e-28	2.58e-21	3.43e-15	4.22e-10	3.90e-06	2.46e-03	9.98e-01	0.00e+00	0.00e+00	0.00e+00	0.00e+00	0.00e+00
 2.35977e+14	5.27e-28	3.57e-21	4.46e-15	5.14e-10	4.46e-06	2.64e-03	9.97e-01	0.00e+00	0.00e+00	0.00e+00	0.00e+00	0.00e+00
 2.44636e+14	8.03e-28	5.08e-21	5.92e-15	6.37e-10	5.14e-06	2.83e-03	9.97e-01	0.00e+00	0.00e+00	0.00e+00	0.00e+00	0.00e+00
 2.54180e+14	1.26e-27	7.39e-21	8.01e-15	8.01e-10	5.99e-06	3.06e-03	9.97e-01	0.00e+00	0.00e+00	0.00e+00	0.00e+00	0.00e+00
 2.63320e+14	1.90e-27	1.05e-20	1.06e-14	9.88e-10	6.89e-06	3.29e-03	9.97e-01	0.00e+00	0.00e+00	0.00e+00	0.00e+00	0.00e+00
 2.71494e+14	2.72e-27	1.41e-20	1.35e-14	1.19e-09	7.78e-06	3.49e-03	9.96e-01	0.00e+00	0.00e+00	0.00e+00	0.00e+00	0.00e+00
 2.80155e+14	3.93e-27	1.92e-20	1.73e-14	1.43e-09	8.81e-06	3.72e-03	9.96e-01	0.00e+00	0.00e+00	0.00e+00	0.00e+00	0.00e+00
 2.90766e+14	6.07e-27	2.77e-20	2.32e-14	1.78e-09	1.02e-05	4.01e-03	9.96e-01	0.00e+00	0.00e+00	0.00e+00	0.00e+00	0.00e+00
 3.01360e+14	9.27e-27	3.94e-20	3.08e-14	2.21e-09	1.18e-05	4.31e-03	9.96e-01	0.00e+00	0.00e+00	0.00e+00	0.00e+00	0.00e+00
 3.10688e+14	1.33e-26	5.31e-20	3.92e-14	2.65e-09	1.33e-05	4.58e-03	9.95e-01	0.00e+00	0.00e+00	0.00e+00	0.00e+00	0.00e+00
 3.20922e+14	1.94e-26	7.31e-20	5.06e-14	3.21e-09	1.51e-05	4.89e-03	9.95e-01	0.00e+00	0.00e+00	0.00e+00	0.00e+00	0.00e+00
 3.33256e+14	3.01e-26	1.06e-19	6.82e-14	4.02e-09	1.76e-05	5.27e-03	9.95e-01	0.00e+00	0.00e+00	0.00e+00	0.00e+00	0.00e+00
 3.45363e+14	4.60e-26	1.50e-19	9.05e-14	4.97e-09	2.02e-05	5.66e-03	9.94e-01	0.00e+00	0.00e+00	0.00e+00	0.00e+00	0.00e+00
 3.55963e+14	6.55e-26	2.02e-19	1.15e-13	5.95e-09	2.28e-05	6.01e-03	9.94e-01	0.00e+00	0.00e+00	0.00e+00	0.00e+00	0.00e+00
 3.67560e+14	9.55e-26	2.77e-19	1.48e-13	7.20e-09	2.59e-05	6.41e-03	9.94e-01	0.00e+00	0.00e+00	0.00e+00	0.00e+00	0.00e+00
 3.81612e+14	1.48e-25	4.00e-19	1.99e-13	9.00e-09	3.01e-05	6.91e-03	9.93e-01	0.00e+00	0.00e+00	0.00e+00	0.00e+00	0.00e+00
 3.95661e+14	2.26e-25	5.70e-19	2.65e-13	1.12e-08	3.47e-05	7.43e-03	9.93e-01	0.00e+00	0.00e+00	0.00e+00	0.00e+00	0.00e+00
 4.08225e+14	3.25e-25	7.74e-19	3.38e-13	1.34e-08	3.93e-05	7.91e-03	9.92e-01	0.00e+00	0.00e+00	0.00e+00	0.00e+00	0.00e+00
 4.22055e+14	4.79e-25	1.07e-18	4.40e-13	1.64e-08	4.49e-05	8.46e-03	9.91e-01	0.00e+00	0.00e+00	0.00e+00	0.00e+00	0.00e+00
 4.38484e+14	7.46e-25	1.55e-18	5.94e-13	2.06e-08	5.22e-05	9.14e-03	9.91e-01	0.00e+00	0.00e+00	0.00e+00	0.00e+00	0.00e+00
 4.54744e+14	1.14e-24	2.21e-18	7.90e-13	2.55e-08	6.03e-05	9.84e-03	9.90e-01	0.00e+00	0.00e+00	0.00e+00	0.00e+00	0.00e+00
 4.69630e+14	1.65e-24	3.03e-18	1.02e-12	3.09e-08	6.85e-05	1.05e-02	9.89e-01	0.00e+00	0.00e+00	0.00e+00	0.00e+00	0.00e+00
 4.86278e+14	2.45e-24	4.23e-18	1.33e-12	3.80e-08	7.87e-05	1.13e-02	9.89e-01	0.00e+00	0.00e+00	0.00e+00	0.00e+00	0.00e+00
 5.05617e+14	3.86e-24	6.18e-18	1.81e-12	4.79e-08	9.18e-05	1.22e-02	9.88e-01	0.00e+00	0.00e+00	0.00e+00	0.00e+00	0.00e+00
 5.24609e+14	5.82e-24	8.76e-18	2.41e-12	5.96e-08	1.06e-04	1.32e-02	9.87e-01	0.00e+00	0.00e+00	0.00e+00	0.00e+00	0.00e+00
 5.42626e+14	8.61e-24	1.22e-17	3.14e-12	7.29e-08	1.21e-04	1.41e-02	9.86e-01	0.00e+00	0.00e+00	0.00e+00	0.00e+00	0.00e+00
 5.62628e+14	1.30e-23	1.72e-17	4.16e-12	9.03e-08	1.40e-04	1.52e-02	9.85e-01	0.00e+00	0.00e+00	0.00e+00	0.00e+00	0.00e+00
 5.85163e+14	2.01e-23	2.50e-17	5.64e-12	1.14e-07	1.64e-04	1.65e-02	9.83e-01	0.00e+00	0.00e+00	0.00e+00	0.00e+00	0.00e+00
 6.07832e+14	3.08e-23	3.58e-17	7.57e-12	1.43e-07	1.90e-04	1.78e-02	9.82e-01	0.00e+00	0.00e+00	0.00e+00	0.00e+00	0.00e+00
 6.31409e+14	4.69e-23	5.12e-17	1.01e-11	1.79e-07	2.21e-04	1.93e-02	9.81e-01	0.00e+00	0.00e+00	0.00e+00	0.00e+00	0.00e+00
 6.56695e+14	7.23e-23	7.40e-17	1.37e-11	2.26e-07	2.58e-04	2.09e-02	9.79e-01	0.00e+00	0.00e+00	0.00e+00	0.00e+00	0.00e+00
 6.82270e+14	1.10e-22	1.06e-16	1.84e-11	2.83e-07	3.00e-04	2.26e-02	9.77e-01	0.00e+00	0.00e+00	0.00e+00	0.00e+00	0.00e+00
 7.04185e+14	1.55e-22	1.42e-16	2.34e-11	3.41e-07	3.40e-04	2.41e-02	9.76e-01	0.00e+00	0.00e+00	0.00e+00	0.00e+00	0.00e+00
 7.21865e+14	2.02e-22	1.78e-16	2.83e-11	3.94e-07	3.74e-04	2.54e-02	9.74e-01	0.00e+00	0.00e+00	0.00e+00	0.00e+00	0.00e+00
 7.41300e+14	2.69e-22	2.28e-16	3.46e-11	4.61e-07	4.16e-04	2.69e-02	9.73e-01	0.00e+00	0.00e+00	0.00e+00	0.00e+00	0.00e+00
 7.66566e+14	3.84e-22	3.09e-16	4.47e-11	5.61e-07	4.74e-04	2.88e-02	9.71e-01	0.00e+00	0.00e+00	0.00e+00	0.00e+00	0.00e+00
 7.93684e+14	5.55e-22	4.25e-16	5.82e-11	6.89e-07	5.43e-04	3.10e-02	9.68e-01	0.00e+00	0.00e+00	0.00e+00	0.00e+00	0.00e+00
 8.17817e+14	7.60e-22	5.58e-16	7.30e-11	8.22e-07	6.11e-04	3.31e-02	9.66e-01	0.00e+00	0.00e+00	0.00e+00	0.00e+00	0.00e+00
 8.43797e+14	1.05e-21	7.41e-16	9.25e-11	9.88e-07	6.90e-04	3.53e-02	9.64e-01	0.00e+00	0.00e+00	0.00e+00	0.00e+00	0.00e+00
 8.75665e+14	1.54e-21	1.03e-15	1.22e-10	1.23e-06	7.98e-04	3.83e-02	9.61e-01	0.00e+00	0.00e+00	0.00e+00	0.00e+00	0.00e+00
 9.07700e+14	2.25e-21	1.43e-15	1.61e-10	1.52e-06	9.18e-04	4.13e-02	9.58e-01	0.00e+00	0.00e+00	0.00e+00	0.00e+00	0.00e+00
 9.35872e+14	3.07e-21	1.88e-15	2.02e-10	1.82e-06	1.03e-03	4.40e-02	9.55e-01	0.00e+00	0.00e+00	0.00e+00	0.00e+00	0.00e+00
 9.66511e+14	4.26e-21	2.51e-15	2.57e-10	2.19e-06	1.17e-03	4.72e-02	9.52e-01	0.00e+00	0.00e+00	0.00e+00	0.00e+00	0.00e+00
 1.00352e+15	6.24e-21	3.51e-15	3.42e-10	2.73e-06	1.36e-03	5.11e-02	9.48e-01	0.00e+00	0.00e+00	0.00e+00	0.00e+00	0.00e+00
 1.04028e+15	8.98e-21	4.84e-15	4.48e-10	3.38e-06	1.56e-03	5.52e-02	9.43e-01	0.00e+00	0.00e+00	0.00e+00	0.00e+00	0.00e+00
 1.07297e+15	1.23e-20	6.38e-15	5.65e-10	4.05e-06	1.76e-03	5.89e-02	9.39e-01	0.00e+00	0.00e+00	0.00e+00	0.00e+00	0.00e+00
 1.10891e+15	1.70e-20	8.54e-15	7.23e-10	4.91e-06	1.99e-03	6.32e-02	9.35e-01	0.00e+00	0.00e+00	0.00e+00	0.00e+00	0.00e+00
 1.15183e+15	2.50e-20	1.20e-14	9.63e-10	6.13e-06	2.30e-03	6.85e-02	9.29e-01	0.00e+00	0.00e+00	0.00e+00	0.00e+00	0.00e+00
 1.19435e+15	3.59e-20	1.65e-14	1.26e-09	7.57e-06	2.65e-03	7.39e-02	9.23e-01	0.00e+00	0.00e+00	0.00e+00	0.00e+00	0.00e+00
 1.23293e+15	4.92e-20	2.19e-14	1.60e-09	9.11e-06	2.99e-03	7.90e-02	9.18e-01	0.00e+00	0.00e+00	0.00e+00	0.00e+00	0.00e+00
 1.27587e+15	6.94e-20	2.98e-14	2.08e-09	1.11e-05	3.40e-03	8.48e-02	9.12e-01	0.00e+00	0.00e+00	0.00e+00	0.00e+00	0.00e+00
 1.32616e+15	1.02e-19	4.21e-14	2.78e-09	1.39e-05	3.93e-03	9.19e-02	9.04e-01	0.00e+00	0.00e+00	0.00e+00	0.00e+00	0.00e+00
 1.37560e+15	1.47e-19	5.84e-14	3.66e-09	1.72e-05	4.52e-03	9.91e-02	8.96e-01	0.00e+00	0.00e+00	0.00e+00	0.00e+00	0.00e+00
 1.42174e+15	2.05e-19	7.85e-14	4.69e-09	2.08e-05	5.11e-03	1.06e-01	8.89e-01	0.00e+00	0.00e+00	0.00e+00	0.00e+00	0.00e+00
 1.47336e+15	2.93e-19	1.08e-13	6.14e-09	2.56e-05	5.83e-03	1.14e-01	8.80e-01	0.00e+00	0.00e+00	0.00e+00	0.00e+00	0.00e+00
 1.53232e+15	4.36e-19	1.54e-13	8.26e-09	3.21e-05	6.75e-03	1.23e-01	8.70e-01	0.00e+00	0.00e+00	0.00e+00	0.00e+00	0.00e+00
 1.59067e+15	6.36e-19	2.17e-13	1.10e-08	3.98e-05	7.75e-03	1.33e-01	8.60e-01	0.00e+00	0.00e+00	0.00e+00	0.00e+00	0.00e+00
 1.65135e+15	9.30e-19	3.04e-13	1.45e-08	4.94e-05	8.89e-03	1.43e-01	8.48e-01	0.00e+00	0.00e+00	0.00e+00	0.00e+00	0.00e+00
 1.71743e+15	1.39e-18	4.35e-13	1.96e-08	6.18e-05	1.02e-02	1.54e-01	8.36e-01	0.00e+00	0.00e+00	0.00e+00	0.00e+00	0.00e+00
 1.77374e+15	1.93e-18	5.84e-13	2.50e-08	7.42e-05	1.15e-02	1.63e-01	8.25e-01	0.00e+00	0.00e+00	0.00e+00	0.00e+00	0.00e+00
 1.81557e+15	2.45e-18	7.23e-13	2.98e-08	8.47e-05	1.25e-02	1.71e-01	8.17e-01	0.00e+00	0.00e+00	0.00e+00	0.00e+00	0.00e+00
 1.85979e+15	3.13e-18	9.01e-13	3.57e-08	9.71e-05	1.36e-02	1.78e-01	8.08e-01	0.00e+00	0.00e+00	0.00e+00	0.00e+00	0.00e+00
 1.91728e+15	4.29e-18	1.19e-12	4.50e-08	1.15e-04	1.52e-02	1.88e-01	7.96e-01	0.00e+00	0.00e+00	0.00e+00	0.00e+00	0.00e+00
 1.98032e+15	6.00e-18	1.61e-12	5.75e-08	1.38e-04	1.71e-02	2.00e-01	7.83e-01	0.00e+00	0.00e+00	0.00e+00	0.00e+00	0.00e+00
 2.03825e+15	8.10e-18	2.10e-12	7.14e-08	1.63e-04	1.89e-02	2.10e-01	7.71e-01	0.00e+00	0.00e+00	0.00e+00	0.00e+00	0.00e+00
 2.10125e+15	1.11e-17	2.77e-12	8.98e-08	1.93e-04	2.10e-02	2.21e-01	7.57e-01	0.00e+00	0.00e+00	0.00e+00	0.00e+00	0.00e+00
 2.17227e+15	1.57e-17	3.77e-12	1.15e-07	2.32e-04	2.35e-02	2.34e-01	7.42e-01	0.00e+00	0.00e+00	0.00e+00	0.00e+00	0.00e+00
 2.24041e+15	2.17e-17	5.02e-12	1.45e-07	2.75e-04	2.62e-02	2.46e-01	7.27e-01	0.00e+00	0.00e+00	0.00e+00	0.00e+00	0.00e+00
 2.31568e+15	3.12e-17	6.80e-12	1.86e-07	3.30e-04	2.93e-02	2.60e-01	7.11e-01	0.00e+00	0.00e+00	1.79e-17	9.42e-18	3.28e-18
 2.39951e+15	4.54e-17	9.46e-12	2.43e-07	4.00e-04	3.30e-02	2.74e-01	6.92e-01	0.00e+00	0.00e+00	2.60e-17	1.38e-17	4.77e-18
 2.47891e+15	6.42e-17	1.28e-11	3.09e-07	4.77e-04	3.67e-02	2.88e-01	6.75e-01	0.00e+00	0.00e+00	3.68e-17	1.95e-17	6.70e-18
 2.56655e+15	9.27e-17	1.76e-11	4.00e-07	5.75e-04	4.11e-02	3.03e-01	6.56e-01	0.00e+00	0.00e+00	5.32e-17	2.81e-17	9.64e-18
 2.66414e+15	1.38e-16	2.48e-11	5.27e-07	7.02e-04	4.64e-02	3.19e-01	6.34e-01	0.00e+00	0.00e+00	7.93e-17	4.17e-17	1.43e-17
 2.75513e+15	1.97e-16	3.38e-11	6.74e-07	8.38e-04	5.16e-02	3.34e-01	6.14e-01	0.00e+00	0.00e+00	1.14e-16	5.97e-17	2.04e-17
 2.85387e+15	2.87e-16	4.66e-11	8.71e-07	1.01e-03	5.76e-02	3.49e-01	5.93e-01	0.00e+00	0.00e+00	1.65e-16	8.67e-17	2.95e-17
 2.96481e+15	4.31e-16	6.60e-11	1.15e-06	1.23e-03	6.47e-02	3.65e-01	5.69e-01	0.00e+00	0.00e+00	2.48e-16	1.30e-16	4.42e-17
 3.06959e+15	6.26e-16	9.06e-11	1.48e-06	1.47e-03	7.19e-02	3.80e-01	5.46e-01	0.00e+00	0.00e+00	3.61e-16	1.89e-16	6.39e-17
 3.18165e+15	9.19e-16	1.25e-10	1.91e-06	1.76e-03	7.99e-02	3.95e-01	5.23e-01	0.00e+00	0.00e+00	5.30e-16	2.78e-16	9.37e-17
 3.30620e+15	1.39e-15	1.77e-10	2.51e-06	2.13e-03	8.93e-02	4.11e-01	4.98e-01	0.00e+00	0.00e+00	8.00e-16	4.19e-16	1.41e-16
 3.42621e+15	2.03e-15	2.44e-10	3.23e-06	2.54e-03	9.89e-02	4.25e-01	4.74e-01	0.00e+00	0.00e+00	1.17e-15	6.14e-16	2.06e-16
 3.55377e+15	3.01e-15	3.39e-10	4.17e-06	3.04e-03	1.09e-01	4.38e-01	4.50e-01	0.00e+00	0.00e+00	1.74e-15	9.09e-16	3.04e-16
 3.69595e+15	4.57e-15	4.80e-10	5.47e-06	3.67e-03	1.22e-01	4.52e-01	4.23e-01	0.00e+00	0.00e+00	2.64e-15	1.38e-15	4.62e-16
 3.83811e+15	6.84e-15	6.69e-10	7.10e-06	4.39e-03	1.34e-01	4.63e-01	3.98e-01	0.00e+00	0.00e+00	3.95e-15	2.07e-15	6.90e-16
 3.98595e+15	1.02e-14	9.31e-10	9.18e-06	5.23e-03	1.48e-01	4.74e-01	3.73e-01	0.00e+00	0.00e+00	5.92e-15	3.10e-15	1.03e-15
 4.11877e+15	1.45e-14	1.24e-09	1.15e-05	6.09e-03	1.61e-01	4.82e-01	3.51e-01	0.00e+00	0.00e+00	8.38e-15	4.38e-15	1.46e-15
 4.21858e+15	1.86e-14	1.52e-09	1.35e-05	6.79e-03	1.70e-01	4.87e-01	3.36e-01	0.00e+00	0.00e+00	1.08e-14	5.64e-15	1.87e-15
 4.32243e+15	2.41e-14	1.87e-09	1.58e-05	7.57e-03	1.80e-01	4.92e-01	3.20e-01	0.00e+00	0.00e+00	1.39e-14	7.30e-15	2.42e-15
 4.45742e+15	3.33e-14	2.43e-09	1.94e-05	8.67e-03	1.94e-01	4.97e-01	3.01e-01	0.00e+00	0.00e+00	1.93e-14	1.01e-14	3.34e-15
 4.60507e+15	4.69e-14	3.20e-09	2.40e-05	1.00e-02	2.08e-01	5.01e-01	2.81e-01	0.00e+00	0.00e+00	2.71e-14	1.42e-14	4.70e-15
 4.73962e+15	6.33e-14	4.08e-09	2.89e-05	1.13e-02	2.22e-01	5.03e-01	2.64e-01	0.00e+00	0.00e+00	3.66e-14	1.92e-14	6.34e-15
 4.88501e+15	8.68e-14	5.25e-09	3.51e-05	1.29e-02	2.37e-01	5.05e-01	2.46e-01	0.00e+00	0.00e+00	5.03e-14	2.63e-14	8.68e-15
 5.06654e+15	1.27e-13	7.11e-09	4.43e-05	1.50e-02	2.55e-01	5.05e-01	2.25e-01	0.00e+00	0.00e+00	7.36e-14	3.85e-14	1.27e-14
 5.24774e+15	1.83e-13	9.48e-09	5.53e-05	1.73e-02	2.73e-01	5.03e-01	2.06e-01	0.00e+00	0.00e+00	1.06e-13	5.54e-14	1.83e-14
 5.40228e+15	2.47e-13	1.20e-08	6.63e-05	1.95e-02	2.89e-01	5.00e-01	1.91e-01	0.00e+00	0.00e+00	1.43e-13	7.50e-14	2.47e-14
 5.56952e+15	3.40e-13	1.54e-08	8.00e-05	2.20e-02	3.05e-01	4.96e-01	1.76e-01	0.00e+00	0.00e+00	1.97e-13	1.03e-13	3.39e-14
 5.77733e+15	4.98e-13	2.08e-08	1.00e-04	2.54e-02	3.26e-01	4.90e-01	1.59e-01	0.00e+00	0.00e+00	2.89e-13	1.51e-13	4.96e-14
 5.98674e+15	7.16e-13	2.77e-08	1.25e-04	2.90e-02	3.45e-01	4.82e-01	1.43e-01	0.00e+00	0.00e+00	4.15e-13	2.17e-13	7.13e-14
 6.17079e+15	9.77e-13	3.52e-08	1.50e-04	3.26e-02	3.62e-01	4.74e-01	1.31e-01	0.00e+00	0.00e+00	5.67e-13	2.96e-13	9.72e-14
 6.37303e+15	1.36e-12	4.55e-08	1.81e-04	3.67e-02	3.81e-01	4.64e-01	1.18e-01	0.00e+00	0.00e+00	7.89e-13	4.13e-13	1.35e-13
 6.61710e+15	2.00e-12	6.13e-08	2.27e-04	4.21e-02	4.02e-01	4.51e-01	1.04e-01	0.00e+00	0.00e+00	1.16e-12	6.07e-13	1.99e-13
 6.85701e+15	2.86e-12	8.08e-08	2.79e-04	4.77e-02	4.22e-01	4.38e-01	9.25e-02	0.00e+00	0.00e+00	1.66e-12	8.67e-13	2.84e-13
 7.07093e+15	3.90e-12	1.03e-07	3.34e-04	5.31e-02	4.38e-01	4.25e-01	8.29e-02	0.00e+00	0.00e+00	2.26e-12	1.18e-12	3.87e-13
 7.30960e+15	5.45e-12	1.33e-07	4.04e-04	5.95e-02	4.56e-01	4.10e-01	7.34e-02	0.00e+00	0.00e+00	3.16e-12	1.65e-12	5.41e-13
 7.59341e+15	8.01e-12	1.78e-07	5.03e-04	6.77e-02	4.76e-01	3.92e-01	6.35e-02	0.00e+00	0.00e+00	4.65e-12	2.43e-12	7.93e-13
 7.85879e+15	1.12e-11	2.30e-07	6.11e-04	7.57e-02	4.93e-01	3.75e-01	5.55e-02	0.00e+00	0.00e+00	6.49e-12	3.39e-12	1.11e-12
 8.08057e+15	1.47e-11	2.84e-07	7.16e-04	8.29e-02	5.06e-01	3.61e-01	4.95e-02	0.00e+00	0.00e+00	8.54e-12	4.47e-12	1.46e-12
 8.28417e+15	1.88e-11	3.43e-07	8.23e-04	8.97e-02	5.17e-01	3.48e-01	4.46e-02	0.00e+00	0.00e+00	1.09e-11	5.70e-12	1.86e-12
 8.51031e+15	2.45e-11	4.20e-07	9.57e-04	9.76e-02	5.28e-01	3.33e-01	3.97e-02	0.00e+00	0.00e+00	1.42e-11	7.45e-12	2.43e-12
 8.75932e+15	3.25e-11	5.21e-07	1.13e-03	1.07e-01	5.40e-01	3.18e-01	3.49e-02	0.00e+00	0.00e+00	1.89e-11	9.88e-12	3.22e-12
 8.99132e+15	4.19e-11	6.33e-07	1.30e-03	1.16e-01	5.49e-01	3.03e-01	3.10e-02	0.00e+00	0.00e+00	2.43e-11	1.27e-11	4.14e-12
 9.24616e+15	5.52e-11	7.81e-07	1.52e-03	1.26e-01	5.58e-01	2.87e-01	2.71e-02	0.00e+00	0.00e+00	3.21e-11	1.68e-11	5.46e-12
 9.52509e+15	7.37e-11	9.75e-07	1.80e-03	1.38e-01	5.67e-01	2.71e-01	2.35e-02	0.00e+00	0.00e+00	4.28e-11	2.24e-11	7.29e-12
 9.78370e+15	9.51e-11	1.18e-06	2.08e-03	1.49e-01	5.73e-01	2.56e-01	2.05e-02	0.00e+00	0.00e+00	5.52e-11	2.89e-11	9.40e-12
 1.00683e+16	1.26e-10	1.47e-06	2.44e-03	1.61e-01	5.79e-01	2.40e-01	1.77e-02	0.00e+00	0.00e+00	7.34e-11	3.84e-11	1.25e-11
 1.03804e+16	1.70e-10	1.84e-06	2.90e-03	1.76e-01	5.83e-01	2.23e-01	1.50e-02	0.00e+00	0.00e+00	9.86e-11	5.16e-11	1.68e-11
 1.06715e+16	2.20e-10	2.25e-06	3.38e-03	1.90e-01	5.86e-01	2.08e-01	1.29e-02	0.00e+00	0.00e+00	1.28e-10	6.69e-11	2.18e-11
 1.09434e+16	2.80e-10	2.71e-06	3.89e-03	2.03e-01	5.87e-01	1.95e-01	1.12e-02	0.00e+00	0.00e+00	1.63e-10	8.52e-11	2.77e-11
 1.12474e+16	3.70e-10	3.35e-06	4.55e-03	2.19e-01	5.87e-01	1.80e-01	9.50e-03	0.00e+00	0.00e+00	2.15e-10	1.13e-10	3.67e-11
 1.15750e+16	4.86e-10	4.14e-06	5.35e-03	2.37e-01	5.85e-01	1.65e-01	7.99e-03	0.00e+00	0.00e+00	2.83e-10	1.48e-10	4.82e-11
 1.18670e+16	6.20e-10	4.99e-06	6.17e-03	2.53e-01	5.81e-01	1.53e-01	6.84e-03	0.00e+00	0.00e+00	3.60e-10	1.89e-10	6.14e-11
 1.21804e+16	8.09e-10	6.12e-06	7.19e-03	2.71e-01	5.76e-01	1.40e-01	5.76e-03	0.00e+00	0.00e+00	4.70e-10	2.46e-10	8.02e-11
 1.25206e+16	1.07e-09	7.57e-06	8.46e-03	2.90e-01	5.69e-01	1.28e-01	4.78e-03	0.00e+00	0.00e+00	6.20e-10	3.25e-10	1.06e-10
 1.28105e+16	1.33e-09	9.01e-06	9.68e-03	3.07e-01	5.61e-01	1.17e-01	4.09e-03	0.00e+00	0.00e+00	7.74e-10	4.06e-10	1.32e-10
 1.30583e+16	1.62e-09	1.05e-05	1.09e-02	3.23e-01	5.54e-01	1.09e-01	3.56e-03	0.00e+00	0.00e+00	9.42e-10	4.94e-10	1.61e-10
 1.33368e+16	2.04e-09	1.25e-05	1.24e-02	3.40e-01	5.44e-01	1.00e-01	3.04e-03	0.00e+00	0.00e+00	1.18e-09	6.20e-10	2.02e-10
 1.36466e+16	2.61e-09	1.51e-05	1.44e-02	3.60e-01	5.33e-01	9.09e-02	2.55e-03	0.00e+00	0.00e+00	1.52e-09	7.97e-10	2.60e-10
 1.39292e+16	3.23e-09	1.79e-05	1.64e-02	3.77e-01	5.21e-01	8.31e-02	2.17e-03	0.00e+00	0.00e+00	1.88e-09	9.85e-10	3.21e-10
 1.41847e+16	3.96e-09	2.10e-05	1.85e-02	3.94e-01	5.09e-01	7.63e-02	1.86e-03	0.00e+00	0.00e+00	2.31e-09	1.21e-09	3.94e-10
 1.44731e+16	5.06e-09	2.53e-05	2.13e-02	4.13e-01	4.95e-01	6.90e-02	1.56e-03	0.00e+00	0.00e+00	2.95e-09	1.55e-09	5.03e-10
 1.47797e+16	6.53e-09	3.08e-05	2.47e-02	4.34e-01	4.78e-01	6.18e-02	1.30e-03	0.00e+00	0.00e+00	3.80e-09	1.99e-09	6.50e-10
 1.50423e+16	8.08e-09	3.64e-05	2.81e-02	4.51e-01	4.63e-01	5.61e-02	1.10e-03	0.00e+00	0.00e+00	4.70e-09	2.47e-09	8.04e-10
 1.52781e+16	9.88e-09	4.25e-05	3.17e-02	4.67e-01	4.49e-01	5.12e-02	9.46e-04	0.00e+00	0.00e+00	5.75e-09	3.02e-09	9.84e-10
 1.55110e+16	1.20e-08	4.95e-05	3.57e-02	4.83e-01	4.34e-01	4.67e-02	8.12e-04	0.00e+00	0.00e+00	6.98e-09	3.66e-09	1.20e-09
 1.57783e+16	1.56e-08	6.06e-05	4.13e-02	5.01e-01	4.15e-01	4.16e-02	6.72e-04	0.00e+00	0.00e+00	9.10e-09	4.78e-09	1.56e-09
 1.60568e+16	2.01e-08	7.36e-05	4.79e-02	5.19e-01	3.96e-01	3.68e-02	5.54e-04	0.00e+00	0.00e+00	1.17e-08	6.14e-09	2.00e-09
 1.62886e+16	2.47e-08	8.66e-05	5.45e-02	5.34e-01	3.78e-01	3.31e-02	4.70e-04	0.00e+00	0.00e+00	1.43e-08	7.53e-09	2.46e-09
 1.64950e+16	3.04e-08	1.02e-04	6.15e-02	5.47e-01	3.61e-01	2.99e-02	4.01e-04	0.00e+00	0.00e+00	1.77e-08	9.29e-09	3.03e-09
 1.67294e+16	3.99e-08	1.25e-04	7.13e-02	5.61e-01	3.41e-01	2.64e-02	3.30e-04	0.00e+00	0.00e+00	2.32e-08	1.22e-08	3.98e-09
 1.69717e+16	5.07e-08	1.51e-04	8.29e-02	5.74e-01	3.20e-01	2.31e-02	2.70e-04	0.00e+00	0.00e+00	2.95e-08	1.55e-08	5.07e-09
 1.71709e+16	6.47e-08	1.82e-04	9.48e-02	5.83e-01	3.01e-01	2.04e-02	2.26e-04	0.00e+00	0.00e+00	3.77e-08	1.98e-08	6.47e-09
 1.73418e+16	7.96e-08	2.14e-04	1.07e-01	5.90e-01	2.84e-01	1.83e-02	1.92e-04	0.00e+00	0.00e+00	4.63e-08	2.43e-08	7.96e-09
 1.75291e+16	1.01e-07	2.57e-04	1.23e-01	5.96e-01	2.65e-01	1.60e-02	1.58e-04	0.00e+00	0.00e+00	5.87e-08	3.08e-08	1.01e-08
 1.77278e+16	1.25e-07	3.06e-04	1.43e-01	6.00e-01	2.43e-01	1.38e-02	1.28e-04	0.00e+00	0.00e+00	7.28e-08	3.82e-08	1.25e-08
 1.78961e+16	1.70e-07	3.83e-04	1.64e-01	6.00e-01	2.24e-01	1.19e-02	1.04e-04	0.00e+00	0.00e+00	9.90e-08	5.21e-08	1.70e-08
 1.80336e+16	2.09e-07	4.49e-04	1.85e-01	5.97e-01	2.07e-01	1.04e-02	8.73e-05	0.00e+00	0.00e+00	1.22e-07	6.39e-08	2.09e-08
 1.81760e+16	2.49e-07	5.20e-04	2.09e-01	5.92e-01	1.89e-01	9.00e-03	7.15e-05	0.00e+00	0.00e+00	1.45e-07	7.63e-08	2.50e-08
 1.83327e+16	3.23e-07	6.34e-04	2.42e-01	5.82e-01	1.68e-01	7.50e-03	5.60e-05	0.00e+00	0.00e+00	1.88e-07	9.89e-08	3.24e-08
 1.84681e+16	4.15e-07	7.65e-04	2.77e-01	5.67e-01	1.49e-01	6.26e-03	4.42e-05	0.00e+00	0.00e+00	2.41e-07	1.27e-07	4.16e-08
 1.85765e+16	5.43e-07	9.23e-04	3.10e-01	5.50e-01	1.33e-01	5.28e-03	3.53e-05	0.00e+00	0.00e+00	3.16e-07	1.66e-07	5.45e-08
 1.86546e+16	6.27e-07	1.03e-03	3.35e-01	5.37e-01	1.22e-01	4.66e-03	3.00e-05	0.00e+00	0.00e+00	3.65e-07	1.92e-07	6.30e-08
 1.87207e+16	6.97e-07	1.12e-03	3.60e-01	5.23e-01	1.12e-01	4.13e-03	2.58e-05	0.00e+00	0.00e+00	4.06e-07	2.14e-07	7.01e-08
 1.88067e+16	8.67e-07	1.31e-03	3.95e-01	5.01e-01	9.92e-02	3.45e-03	2.05e-05	0.00e+00	0.00e+00	5.04e-07	2.66e-07	8.72e-08
 1.88894e+16	9.96e-07	1.46e-03	4.30e-01	4.78e-01	8.73e-02	2.89e-03	1.65e-05	0.00e+00	0.00e+00	5.79e-07	3.05e-07	1.00e-07
 1.89564e+16	1.21e-06	1.66e-03	4.63e-01	4.56e-01	7.75e-02	2.44e-03	1.33e-05	0.00e+00	0.00e+00	7.01e-07	3.70e-07	1.21e-07
 1.90161e+16	1.33e-06	1.79e-03	4.92e-01	4.35e-01	6.91e-02	2.09e-03	1.10e-05	0.00e+00	0.00e+00	7.76e-07	4.09e-07	1.35e-07
 1.90774e+16	1.54e-06	1.98e-03	5.25e-01	4.11e-01	6.04e-02	1.74e-03	8.80e-06	0.00e+00	0.00e+00	8.97e-07	4.73e-07	1.56e-07
 1.91464e+16	1.87e-06	2.25e-03	5.63e-01	3.82e-01	5.13e-02	1.39e-03	6.66e-06	0.00e+00	0.00e+00	1.09e-06	5.74e-07	1.89e-07
 1.92072e+16	2.09e-06	2.44e-03	5.96e-01	3.56e-01	4.40e-02	1.14e-03	5.21e-06	0.00e+00	0.00e+00	1.21e-06	6.40e-07	2.11e-07
 1.92680e+16	2.48e-06	2.72e-03	6.32e-01	3.27e-01	3.68e-02	8.97e-04	3.89e-06	0.00e+00	0.00e+00	1.44e-06	7.60e-07	2.51e-07
 1.93320e+16	2.87e-06	3.00e-03	6.68e-01	2.98e-01	3.03e-02	6.92e-04	2.84e-06	0.00e+00	0.00e+00	1.67e-06	8.82e-07	2.91e-07
 1.93901e+16	3.27e-06	3.27e-03	7.01e-01	2.70e-01	2.49e-02	5.35e-04	2.09e-06	0.00e+00	0.00e+00	1.90e-06	1.01e-06	3.32e-07
 1.94552e+16	3.80e-06	3.58e-03	7.36e-01	2.40e-01	1.96e-02	3.91e-04	1.43e-06	0.00e+00	0.00e+00	2.21e-06	1.17e-06	3.86e-07
 1.95265e+16	4.42e-06	3.93e-03	7.72e-01	2.09e-01	1.49e-02	2.73e-04	9.28e-07	0.00e+00	0.00e+00	2.57e-06	1.36e-06	4.50e-07
 1.95926e+16	5.09e-06	4.27e-03	8.02e-01	1.82e-01	1.14e-02	1.91e-04	0.00e+00	0.00e+00	0.00e+00	2.96e-06	1.56e-06	5.18e-07
 1.96652e+16	5.89e-06	4.65e-03	8.33e-01	1.54e-01	8.24e-03	1.25e-04	0.00e+00	0.00e+00	0.00e+00	3.42e-06	1.81e-06	6.02e-07
 1.97468e+16	6.86e-06	5.07e-03	8.61e-01	1.28e-01	5.70e-03	7.72e-05	0.00e+00	0.00e+00	0.00e+00	3.99e-06	2.11e-06	7.02e-07
 1.98272e+16	7.90e-06	5.47e-03	8.85e-01	1.05e-01	3.92e-03	4.71e-05	0.00e+00	0.00e+00	0.00e+00	4.59e-06	2.43e-06	8.09e-07
 1.99187e+16	9.19e-06	5.93e-03	9.07e-01	8.43e-02	2.53e-03	2.63e-05	0.00e+00	0.00e+00	0.00e+00	5.34e-06	2.83e-06	9.44e-07
 2.00377e+16	1.10e-05	6.49e-03	9.29e-01	6.33e-02	1.44e-03	1.23e-05	0.00e+00	0.00e+00	0.00e+00	6.40e-06	3.39e-06	1.13e-06
 2.01703e+16	1.32e-05	7.10e-03	9.45e-01	4.67e-02	7.85e-04	5.40e-06	0.00e+00	0.00e+00	0.00e+00	7.67e-06	4.07e-06	1.36e-06
 2.03205e+16	1.60e-05	7.77e-03	9.58e-01	3.36e-02	4.04e-04	2.15e-06	0.00e+00	0.00e+00	0.00e+00	9.28e-06	4.92e-06	1.65e-06
 2.05159e+16	2.01e-05	8.65e-03	9.68e-01	2.29e-02	1.82e-04	6.97e-07	0.00e+00	0.00e+00	0.00e+00	1.17e-05	6.20e-06	2.08e-06
 2.07699e+16	2.67e-05	9.88e-03	9.75e-01	1.48e-02	7.22e-05	0.00e+00	0.00e+00	0.00e+00	0.00e+00	1.55e-05	8.25e-06	2.77e-06
