#depth	He	He+	He+2
 1.49634e+10	7.65e-23	7.18e-12	1.00e+00
 4.54887e+10	8.57e-23	7.77e-12	1.00e+00
 7.72350e+10	9.55e-23	8.42e-12	1.00e+00
 1.10251e+11	1.07e-22	9.11e-12	1.00e+00
 1.44588e+11	1.19e-22	9.86e-12	1.00e+00
 1.77410e+11	1.32e-22	1.06e-11	1.00e+00
 2.07597e+11	1.44e-22	1.13e-11	1.00e+00
 2.41802e+11	1.60e-22	1.22e-11	1.00e+00
 2.81320e+11	1.79e-22	1.32e-11	1.00e+00
 3.20230e+11	2.00e-22	1.42e-11	1.00e+00
 3.60695e+11	2.23e-22	1.53e-11	1.00e+00
 4.05050e+11	2.51e-22	1.66e-11	1.00e+00
 4.49831e+11	2.82e-22	1.79e-11	1.00e+00
 4.96404e+11	3.17e-22	1.94e-11	1.00e+00
 5.46187e+11	3.59e-22	2.10e-11	1.00e+00
 5.97961e+11	4.06e-22	2.28e-11	1.00e+00
 6.51806e+11	4.60e-22	2.47e-11	1.00e+00
 7.07805e+11	5.22e-22	2.68e-11	1.00e+00
 7.62700e+11	5.90e-22	2.89e-11	1.00e+00
 8.15338e+11	6.60e-22	3.11e-11	1.00e+00
 8.73427e+11	7.44e-22	3.35e-11	1.00e+00
 9.38291e+11	8.50e-22	3.64e-11	1.00e+00
 1.00361e+12	9.68e-22	3.94e-11	1.00e+00
 1.07154e+12	1.10e-21	4.27e-11	1.00e+00
 1.14433e+12	1.26e-21	4.64e-11	1.00e+00
 1.21842e+12	1.44e-21	5.03e-11	1.00e+00
 1.29546e+12	1.65e-21	5.46e-11	1.00e+00
 1.37721e+12	1.90e-21	5.93e-11	1.00e+00
 1.46222e+12	2.18e-21	6.45e-11	1.00e+00
 1.55064e+12	2.51e-21	7.02e-11	1.00e+00
 1.64259e+12	2.90e-21	7.65e-11	1.00e+00
 1.73822e+12	3.34e-21	8.33e-11	1.00e+00
 1.83542e+12	3.85e-21	9.06e-11	1.00e+00
 1.93651e+12	4.43e-21	9.86e-11	1.00e+00
 2.04390e+12	5.12e-21	1.08e-10	1.00e+00
 2.15558e+12	5.92e-21	1.17e-10	1.00e+00
 2.27173e+12	6.85e-21	1.28e-10	1.00e+00
 2.39253e+12	7.92e-21	1.40e-10	1.00e+00
 2.51816e+12	9.17e-21	1.53e-10	1.00e+00
 2.64881e+12	1.06e-20	1.68e-10	1.00e+00
 2.76891e+12	1.21e-20	1.81e-10	1.00e+00
 2.87224e+12	1.35e-20	1.94e-10	1.00e+00
 2.98686e+12	1.51e-20	2.09e-10	1.00e+00
 3.12763e+12	1.73e-20	2.28e-10	1.00e+00
 3.27135e+12	1.99e-20	2.48e-10	1.00e+00
 3.40134e+12	2.23e-20	2.67e-10	1.00e+00
 3.54456e+12	2.52e-20	2.90e-10	1.00e+00
 3.70636e+12	2.90e-20	3.17e-10	1.00e+00
 3.86140e+12	3.28e-20	3.44e-10	1.00e+00
 4.02924e+12	3.73e-20	3.75e-10	1.00e+00
 4.21429e+12	4.29e-20	4.11e-10	1.00e+00
 4.38999e+12	4.86e-20	4.47e-10	1.00e+00
 4.57877e+12	5.52e-20	4.88e-10	1.00e+00
 4.79185e+12	6.35e-20	5.37e-10	1.00e+00
 5.00135e+12	7.25e-20	5.88e-10	1.00e+00
 5.21923e+12	8.25e-20	6.44e-10	1.00e+00
 5.45793e+12	9.47e-20	7.08e-10	1.00e+00
 5.69820e+12	1.08e-19	7.78e-10	1.00e+00
 5.94809e+12	1.23e-19	8.53e-10	1.00e+00
 6.21594e+12	1.41e-19	9.39e-10	1.00e+00
 6.49451e+12	1.62e-19	1.03e-09	1.00e+00
 6.75558e+12	1.84e-19	1.13e-09	1.00e+00
 6.98716e+12	2.04e-19	1.21e-09	1.00e+00
 7.24595e+12	2.29e-19	1.32e-09	1.00e+00
 7.53411e+12	2.59e-19	1.43e-09	1.00e+00
 7.80492e+12	2.90e-19	1.55e-09	1.00e+00
 8.10146e+12	3.26e-19	1.68e-09	1.00e+00
 8.43327e+12	3.71e-19	1.84e-09	1.00e+00
 8.74752e+12	4.17e-19	2.00e-09	1.00e+00
 9.09049e+12	4.72e-19	2.18e-09	1.00e+00
 9.47321e+12	5.40e-19	2.39e-09	1.00e+00
 9.83797e+12	6.11e-19	2.60e-09	1.00e+00
 1.02281e+13	6.95e-19	2.83e-09	1.00e+00
 1.06310e+13	7.92e-19	3.09e-09	1.00e+00
 1.09842e+13	8.86e-19	3.33e-09	1.00e+00
 1.13649e+13	9.95e-19	3.59e-09	1.00e+00
 1.18267e+13	1.14e-18	3.93e-09	1.00e+00
 1.22871e+13	1.31e-18	4.28e-09	1.00e+00
 1.26966e+13	1.47e-18	4.60e-09	1.00e+00
 1.31467e+13	1.67e-18	4.98e-09	1.00e+00
 1.36841e+13	1.94e-18	5.44e-09	1.00e+00
 1.42192e+13	2.23e-18	5.93e-09	1.00e+00
 1.47097e+13	2.54e-18	6.39e-09	1.00e+00
 1.52579e+13	2.91e-18	6.94e-09	1.00e+00
 1.58940e+13	3.41e-18	7.59e-09	1.00e+00
 1.65196e+13	3.96e-18	8.27e-09	1.00e+00
 1.71158e+13	4.55e-18	8.95e-09	1.00e+00
 1.77760e+13	5.28e-18	9.72e-09	1.00e+00
 1.85170e+13	6.22e-18	1.06e-08	1.00e+00
 1.92670e+13	7.29e-18	1.16e-08	1.00e+00
 2.00471e+13	8.54e-18	1.26e-08	1.00e+00
 2.08789e+13	1.01e-17	1.38e-08	1.00e+00
 2.17440e+13	1.19e-17	1.51e-08	1.00e+00
 2.26017e+13	1.39e-17	1.64e-08	1.00e+00
 2.34937e+13	1.63e-17	1.78e-08	1.00e+00
 2.44128e+13	1.90e-17	1.93e-08	1.00e+00
 2.52814e+13	2.19e-17	2.08e-08	1.00e+00
 2.60895e+13	2.49e-17	2.23e-08	1.00e+00
 2.69708e+13	2.86e-17	2.39e-08	1.00e+00
 2.79616e+13	3.31e-17	2.58e-08	1.00e+00
 2.89070e+13	3.79e-17	2.76e-08	1.00e+00
 2.99483e+13	4.38e-17	2.98e-08	1.00e+00
 3.11142e+13	5.12e-17	3.23e-08	1.00e+00
 3.22229e+13	5.90e-17	3.47e-08	1.00e+00
 3.32398e+13	6.70e-17	3.70e-08	1.00e+00
 3.43564e+13	7.66e-17	3.96e-08	1.00e+00
 3.56110e+13	8.87e-17	4.27e-08	1.00e+00
 3.67995e+13	1.01e-16	4.57e-08	1.00e+00
 3.80993e+13	1.17e-16	4.91e-08	1.00e+00
 3.95398e+13	1.36e-16	5.30e-08	1.00e+00
 4.08798e+13	1.55e-16	5.67e-08	1.00e+00
 4.23384e+13	1.79e-16	6.09e-08	1.00e+00
 4.39742e+13	2.08e-16	6.58e-08	1.00e+00
 4.55246e+13	2.39e-16	7.06e-08	1.00e+00
 4.72039e+13	2.77e-16	7.60e-08	1.00e+00
 4.90765e+13	3.24e-16	8.23e-08	1.00e+00
 5.08745e+13	3.74e-16	8.85e-08	1.00e+00
 5.27899e+13	4.34e-16	9.53e-08	1.00e+00
 5.49314e+13	5.09e-16	1.03e-07	1.00e+00
 5.70733e+13	5.93e-16	1.12e-07	1.00e+00
 5.93009e+13	6.92e-16	1.21e-07	1.00e+00
 6.17029e+13	8.11e-16	1.31e-07	1.00e+00
 6.42009e+13	9.51e-16	1.41e-07	1.00e+00
 6.66569e+13	1.10e-15	1.53e-07	1.00e+00
 6.92111e+13	1.28e-15	1.65e-07	1.00e+00
 7.20095e+13	1.51e-15	1.78e-07	1.00e+00
 7.48170e+13	1.75e-15	1.93e-07	1.00e+00
 7.75307e+13	2.02e-15	2.07e-07	1.00e+00
 8.00360e+13	2.30e-15	2.21e-07	1.00e+00
 8.27326e+13	2.63e-15	2.36e-07	1.00e+00
 8.57693e+13	3.04e-15	2.54e-07	1.00e+00
 8.86759e+13	3.47e-15	2.72e-07	1.00e+00
 9.18823e+13	4.01e-15	2.92e-07	1.00e+00
 9.54745e+13	4.68e-15	3.16e-07	1.00e+00
 9.88953e+13	5.39e-15	3.39e-07	1.00e+00
 1.02562e+14	6.25e-15	3.65e-07	1.00e+00
 1.06694e+14	7.33e-15	3.96e-07	1.00e+00
 1.10825e+14	8.55e-15	4.28e-07	1.00e+00
 1.15121e+14	9.97e-15	4.62e-07	1.00e+00
 1.19331e+14	1.15e-14	4.98e-07	1.00e+00
 1.23037e+14	1.31e-14	5.30e-07	1.00e+00
 1.27104e+14	1.49e-14	5.67e-07	1.00e+00
 1.32007e+14	1.74e-14	6.13e-07	1.00e+00
 1.36895e+14	2.02e-14	6.61e-07	1.00e+00
 1.41300e+14	2.29e-14	7.05e-07	1.00e+00
 1.46174e+14	2.63e-14	7.56e-07	1.00e+00
 1.51922e+14	3.08e-14	8.19e-07	1.00e+00
 1.57593e+14	3.57e-14	8.84e-07	1.00e+00
 1.62840e+14	4.08e-14	9.45e-07	1.00e+00
 1.68732e+14	4.71e-14	1.02e-06	1.00e+00
 1.75511e+14	5.53e-14	1.10e-06	1.00e+00
 1.82155e+14	6.42e-14	1.19e-06	1.00e+00
 1.89065e+14	7.46e-14	1.29e-06	1.00e+00
 1.96658e+14	8.73e-14	1.39e-06	1.00e+00
 2.04302e+14	1.02e-13	1.51e-06	1.00e+00
 2.12253e+14	1.18e-13	1.63e-06	1.00e+00
 2.20397e+14	1.38e-13	1.76e-06	1.00e+00
 2.28247e+14	1.58e-13	1.89e-06	1.00e+00
 2.35977e+14	1.80e-13	2.02e-06	1.00e+00
 2.44636e+14	2.08e-13	2.17e-06	1.00e+00
 2.54180e+14	2.42e-13	2.35e-06	1.00e+00
 2.63320e+14	2.78e-13	2.52e-06	1.00e+00
 2.71494e+14	3.13e-13	2.68e-06	1.00e+00
 2.80155e+14	3.53e-13	2.86e-06	1.00e+00
 2.90766e+14	4.09e-13	3.08e-06	1.00e+00
 3.01360e+14	4.69e-13	3.31e-06	1.00e+00
 3.10688e+14	5.28e-13	3.52e-06	1.00e+00
 3.20922e+14	5.99e-13	3.76e-06	1.00e+00
 3.33256e+14	6.93e-13	4.06e-06	1.00e+00
 3.45363e+14	7.94e-13	4.36e-06	1.00e+00
 3.55963e+14	8.92e-13	4.63e-06	1.00e+00
 3.67560e+14	1.01e-12	4.94e-06	1.00e+00
 3.81612e+14	1.16e-12	5.33e-06	1.00e+00
 3.95661e+14	1.34e-12	5.74e-06	1.00e+00
 4.08225e+14	1.51e-12	6.11e-06	1.00e+00
 4.22055e+14	1.71e-12	6.54e-06	1.00e+00
 4.38484e+14	1.98e-12	7.06e-06	1.00e+00
 4.54744e+14	2.28e-12	7.61e-06	1.00e+00
 4.69630e+14	2.57e-12	8.12e-06	1.00e+00
 4.86278e+14	2.94e-12	8.73e-06	1.00e+00
 5.05617e+14	3.41e-12	9.45e-06	1.00e+00
 5.24609e+14	3.94e-12	1.02e-05	1.00e+00
 5.42626e+14	4.47e-12	1.09e-05	1.00e+00
 5.62628e+14	5.13e-12	1.18e-05	1.00e+00
 5.85163e+14	5.97e-12	1.28e-05	1.00e+00
 6.07832e+14	6.91e-12	1.38e-05	1.00e+00
 6.31409e+14	8.01e-12	1.50e-05	1.00e+00
 6.56695e+14	9.33e-12	1.63e-05	1.00e+00
 6.82270e+14	1.08e-11	1.77e-05	1.00e+00
 7.04185e+14	1.22e-11	1.89e-05	1.00e+00
 7.21865e+14	1.35e-11	1.99e-05	1.00e+00
 7.41300e+14	1.50e-11	2.11e-05	1.00e+00
 7.66566e+14	1.71e-11	2.27e-05	1.00e+00
 7.93684e+14	1.96e-11	2.44e-05	1.00e+00
 8.17817e+14	2.21e-11	2.61e-05	1.00e+00
 8.43797e+14	2.50e-11	2.79e-05	1.00e+00
 8.75665e+14	2.91e-11	3.03e-05	1.00e+00
 9.07700e+14	3.35e-11	3.28e-05	1.00e+00
 9.35872e+14	3.80e-11	3.51e-05	1.00e+00
 9.66511e+14	4.33e-11	3.77e-05	1.00e+00
 1.00352e+15	5.05e-11	4.09e-05	1.00e+00
 1.04028e+15	5.85e-11	4.44e-05	1.00e+00
 1.07297e+15	6.64e-11	4.75e-05	1.00e+00
 1.10891e+15	7.61e-11	5.12e-05	1.00e+00
 1.15183e+15	8.91e-11	5.57e-05	1.00e+00
 1.19435e+15	1.04e-10	6.05e-05	1.00e+00
 1.23293e+15	1.18e-10	6.50e-05	1.00e+00
 1.27587e+15	1.36e-10	7.02e-05	1.00e+00
 1.32616e+15	1.60e-10	7.65e-05	1.00e+00
 1.37560e+15	1.87e-10	8.31e-05	1.00e+00
 1.42174e+15	2.15e-10	8.95e-05	1.00e+00
 1.47336e+15	2.49e-10	9.70e-05	1.00e+00
 1.53232e+15	2.94e-10	1.06e-04	1.00e+00
 1.59067e+15	3.45e-10	1.15e-04	1.00e+00
 1.65135e+15	4.03e-10	1.25e-04	1.00e+00
 1.71743e+15	4.76e-10	1.37e-04	1.00e+00
 1.77374e+15	5.46e-10	1.47e-04	1.00e+00
 1.81557e+15	6.02e-10	1.55e-04	1.00e+00
 1.85979e+15	6.67e-10	1.64e-04	1.00e+00
 1.91728e+15	7.59e-10	1.75e-04	1.00e+00
 1.98032e+15	8.70e-10	1.88e-04	1.00e+00
 2.03825e+15	9.83e-10	2.01e-04	1.00e+00
 2.10125e+15	1.12e-09	2.15e-04	1.00e+00
 2.17227e+15	1.29e-09	2.32e-04	1.00e+00
 2.24041e+15	1.47e-09	2.48e-04	1.00e+00
 2.31568e+15	1.69e-09	2.67e-04	1.00e+00
 2.39951e+15	1.97e-09	2.89e-04	1.00e+00
 2.47891e+15	2.26e-09	3.10e-04	1.00e+00
 2.56655e+15	2.61e-09	3.35e-04	1.00e+00
 2.66414e+15	3.06e-09	3.63e-04	1.00e+00
 2.75513e+15	3.53e-09	3.91e-04	1.00e+00
 2.85387e+15	4.09e-09	4.22e-04	1.00e+00
 2.96481e+15	4.80e-09	4.59e-04	1.00e+00
 3.06959e+15	5.56e-09	4.95e-04	1.00e+00
 3.18165e+15	6.47e-09	5.35e-04	9.99e-01
 3.30620e+15	7.60e-09	5.81e-04	9.99e-01
 3.42621e+15	8.82e-09	6.28e-04	9.99e-01
 3.55377e+15	1.03e-08	6.79e-04	9.99e-01
 3.69595e+15	1.21e-08	7.39e-04	9.99e-01
 3.83811e+15	1.42e-08	8.01e-04	9.99e-01
 3.98595e+15	1.66e-08	8.68e-04	9.99e-01
 4.11877e+15	1.90e-08	9.30e-04	9.99e-01
 4.21858e+15	2.10e-08	9.78e-04	9.99e-01
 4.32243e+15	2.32e-08	1.03e-03	9.99e-01
 4.45742e+15	2.63e-08	1.10e-03	9.99e-01
 4.60507e+15	3.01e-08	1.18e-03	9.99e-01
 4.73962e+15	3.38e-08	1.25e-03	9.99e-01
 4.88501e+15	3.83e-08	1.33e-03	9.99e-01
 5.06654e+15	4.45e-08	1.44e-03	9.99e-01
 5.24774e+15	5.14e-08	1.55e-03	9.98e-01
 5.40228e+15	5.79e-08	1.64e-03	9.98e-01
 5.56952e+15	6.56e-08	1.75e-03	9.98e-01
 5.77733e+15	7.63e-08	1.89e-03	9.98e-01
 5.98674e+15	8.82e-08	2.04e-03	9.98e-01
 6.17079e+15	9.98e-08	2.17e-03	9.98e-01
 6.37303e+15	1.14e-07	2.32e-03	9.98e-01
 6.61710e+15	1.33e-07	2.51e-03	9.97e-01
 6.85701e+15	1.54e-07	2.70e-03	9.97e-01
 7.07093e+15	1.74e-07	2.88e-03	9.97e-01
 7.30960e+15	2.00e-07	3.09e-03	9.97e-01
 7.59341e+15	2.34e-07	3.35e-03	9.97e-01
 7.85879e+15	2.68e-07	3.59e-03	9.96e-01
 8.08057e+15	3.00e-07	3.81e-03	9.96e-01
 8.28417e+15	3.32e-07	4.01e-03	9.96e-01
 8.51031e+15	3.71e-07	4.25e-03	9.96e-01
 8.75932e+15	4.18e-07	4.52e-03	9.95e-01
 8.99132e+15	4.65e-07	4.78e-03	9.95e-01
 9.24616e+15	5.23e-07	5.09e-03	9.95e-01
 9.52509e+15	5.92e-07	5.44e-03	9.95e-01
 9.78370e+15	6.60e-07	5.77e-03	9.94e-01
 1.00683e+16	7.46e-07	6.16e-03	9.94e-01
 1.03804e+16	8.49e-07	6.62e-03	9.93e-01
 1.06715e+16	9.52e-07	7.05e-03	9.93e-01
 1.09434e+16	1.06e-06	7.49e-03	9.93e-01
 1.12474e+16	1.20e-06	8.03e-03	9.92e-01
 1.15750e+16	1.36e-06	8.63e-03	9.91e-01
 1.18670e+16	1.52e-06	9.21e-03	9.91e-01
 1.21804e+16	1.72e-06	9.91e-03	9.90e-01
 1.25206e+16	1.96e-06	1.07e-02	9.89e-01
 1.28105e+16	2.17e-06	1.14e-02	9.89e-01
 1.30583e+16	2.39e-06	1.21e-02	9.88e-01
 1.33368e+16	2.67e-06	1.30e-02	9.87e-01
 1.36466e+16	3.02e-06	1.41e-02	9.86e-01
 1.39292e+16	3.36e-06	1.51e-02	9.85e-01
 1.41847e+16	3.73e-06	1.62e-02	9.84e-01
 1.44731e+16	4.23e-06	1.76e-02	9.82e-01
 1.47797e+16	4.83e-06	1.93e-02	9.81e-01
 1.50423e+16	5.41e-06	2.09e-02	9.79e-01
 1.52781e+16	6.04e-06	2.25e-02	9.77e-01
 1.55110e+16	6.74e-06	2.44e-02	9.76e-01
 1.57783e+16	7.78e-06	2.69e-02	9.73e-01
 1.60568e+16	8.98e-06	2.99e-02	9.70e-01
 1.62886e+16	1.02e-05	3.29e-02	9.67e-01
 1.64950e+16	1.15e-05	3.60e-02	9.64e-01
 1.67294e+16	1.34e-05	4.03e-02	9.60e-01
 1.69717e+16	1.57e-05	4.55e-02	9.54e-01
 1.71709e+16	1.81e-05	5.08e-02	9.49e-01
 1.73418e+16	2.07e-05	5.62e-02	9.44e-01
 1.75291e+16	2.42e-05	6.34e-02	9.37e-01
 1.77278e+16	2.84e-05	7.27e-02	9.27e-01
 1.78961e+16	3.40e-05	8.26e-02	9.17e-01
 1.80336e+16	3.91e-05	9.24e-02	9.08e-01
 1.81760e+16	4.53e-05	1.05e-01	8.95e-01
 1.83327e+16	5.45e-05	1.22e-01	8.78e-01
 1.84681e+16	6.50e-05	1.40e-01	8.60e-01
 1.85765e+16	7.64e-05	1.58e-01	8.42e-01
 1.86546e+16	8.52e-05	1.73e-01	8.27e-01
 1.87207e+16	9.39e-05	1.88e-01	8.12e-01
 1.88067e+16	1.09e-04	2.10e-01	7.90e-01
 1.88894e+16	1.23e-04	2.34e-01	7.66e-01
 1.89564e+16	1.39e-04	2.56e-01	7.43e-01
 1.90161e+16	1.53e-04	2.79e-01	7.21e-01
 1.90774e+16	1.72e-04	3.05e-01	6.95e-01
 1.91464e+16	1.96e-04	3.37e-01	6.63e-01
 1.92072e+16	2.17e-04	3.68e-01	6.32e-01
 1.92680e+16	2.44e-04	4.02e-01	5.98e-01
 1.93320e+16	2.74e-04	4.40e-01	5.59e-01
 1.93901e+16	3.04e-04	4.78e-01	5.22e-01
 1.94552e+16	3.40e-04	5.21e-01	4.78e-01
 1.95265e+16	3.82e-04	5.70e-01	4.30e-01
 1.95926e+16	4.24e-04	6.15e-01	3.85e-01
 1.96652e+16	4.71e-04	6.63e-01	3.36e-01
 1.97468e+16	5.23e-04	7.14e-01	2.86e-01
 1.98272e+16	5.74e-04	7.59e-01	2.41e-01
 1.99187e+16	6.31e-04	8.04e-01	1.96e-01
 2.00377e+16	6.98e-04	8.51e-01	1.48e-01
 2.01703e+16	7.65e-04	8.90e-01	1.09e-01
 2.03205e+16	8.33e-04	9.22e-01	7.70e-02
 2.05159e+16	9.12e-04	9.49e-01	5.02e-02
 2.07699e+16	1.01e-03	9.69e-01	3.00e-02
 2.10326e+16	1.10e-03	9.80e-01	1.87e-02
 2.12459e+16	1.19e-03	9.86e-01	1.32e-02
 2.13902e+16	1.25e-03	9.88e-01	1.07e-02
 2.14808e+16	1.30e-03	9.89e-01	9.39e-03
 2.15735e+16	1.34e-03	9.90e-01	8.16e-03
 2.16941e+16	1.41e-03	9.92e-01	6.85e-03
 2.18281e+16	1.49e-03	9.93e-01	5.70e-03
 2.19482e+16	1.56e-03	9.94e-01	4.89e-03
 2.20521e+16	1.63e-03	9.94e-01	4.29e-03
 2.21662e+16	1.72e-03	9.95e-01	3.70e-03
 2.22782e+16	1.81e-03	9.95e-01	3.25e-03
 2.23596e+16	1.89e-03	9.95e-01	2.97e-03
 2.24268e+16	1.96e-03	9.95e-01	2.74e-03
 2.25032e+16	2.03e-03	9.95e-01	2.51e-03
 2.26024e+16	2.15e-03	9.96e-01	2.23e-03
 2.27003e+16	2.27e-03	9.96e-01	2.01e-03
 2.27715e+16	2.37e-03	9.96e-01	1.87e-03
 2.28294e+16	2.45e-03	9.96e-01	1.76e-03
 2.28951e+16	2.56e-03	9.96e-01	1.63e-03
 2.29805e+16	2.70e-03	9.96e-01	1.49e-03
 2.30645e+16	2.87e-03	9.96e-01	1.37e-03
 2.31258e+16	3.00e-03	9.96e-01	1.29e-03
 2.31771e+16	3.11e-03	9.96e-01	1.23e-03
 2.32357e+16	3.26e-03	9.96e-01	1.15e-03
 2.33020e+16	3.43e-03	9.95e-01	1.08e-03
 2.33632e+16	3.61e-03	9.95e-01	1.02e-03
 2.34160e+16	3.78e-03	9.95e-01	9.69e-04
 2.34731e+16	3.98e-03	9.95e-01	9.15e-04
 2.35351e+16	4.22e-03	9.95e-01	8.63e-04
 2.35893e+16	4.45e-03	9.95e-01	8.21e-04
 2.36361e+16	4.67e-03	9.95e-01	7.86e-04
 2.36876e+16	4.93e-03	9.94e-01	7.47e-04
 2.37442e+16	5.25e-03	9.94e-01	7.08e-04
 2.37950e+16	5.58e-03	9.94e-01	6.76e-04
 2.38395e+16	5.88e-03	9.93e-01	6.50e-04
 2.38884e+16	6.26e-03	9.93e-01	6.20e-04
 2.39425e+16	6.74e-03	9.93e-01	5.90e-04
 2.39914e+16	7.23e-03	9.92e-01	5.65e-04
 2.40352e+16	7.71e-03	9.92e-01	5.43e-04
 2.40840e+16	8.33e-03	9.91e-01	5.18e-04
 2.41389e+16	9.14e-03	9.90e-01	4.93e-04
 2.41887e+16	1.00e-02	9.89e-01	4.72e-04
 2.42308e+16	1.09e-02	9.89e-01	4.56e-04
 2.42758e+16	1.19e-02	9.88e-01	4.37e-04
 2.43222e+16	1.33e-02	9.86e-01	4.19e-04
 2.43585e+16	1.45e-02	9.85e-01	4.06e-04
 2.43875e+16	1.56e-02	9.84e-01	3.97e-04
 2.44190e+16	1.70e-02	9.83e-01	3.85e-04
 2.44538e+16	1.89e-02	9.81e-01	3.73e-04
 2.44846e+16	2.08e-02	9.79e-01	3.64e-04
 2.45101e+16	2.26e-02	9.77e-01	3.57e-04
 2.45373e+16	2.49e-02	9.75e-01	3.49e-04
 2.45669e+16	2.78e-02	9.72e-01	3.41e-04
 2.45924e+16	3.09e-02	9.69e-01	3.34e-04
 2.46133e+16	3.39e-02	9.66e-01	3.30e-04
 2.46355e+16	3.75e-02	9.62e-01	3.24e-04
 2.46599e+16	4.22e-02	9.57e-01	3.20e-04
 2.46814e+16	4.73e-02	9.52e-01	3.16e-04
 2.46995e+16	5.23e-02	9.47e-01	3.14e-04
 2.47189e+16	5.86e-02	9.41e-01	3.11e-04
 2.47391e+16	6.62e-02	9.34e-01	3.11e-04
 2.47561e+16	7.40e-02	9.26e-01	3.10e-04
 2.47702e+16	8.13e-02	9.18e-01	3.11e-04
 2.47844e+16	8.99e-02	9.10e-01	3.11e-04
 2.47995e+16	1.00e-01	9.00e-01	3.13e-04
 2.48135e+16	1.11e-01	8.89e-01	3.16e-04
 2.48260e+16	1.23e-01	8.77e-01	3.18e-04
 2.48375e+16	1.34e-01	8.66e-01	3.23e-04
 2.48479e+16	1.46e-01	8.54e-01	3.26e-04
 2.48572e+16	1.57e-01	8.42e-01	3.29e-04
 2.48659e+16	1.69e-01	8.30e-01	3.33e-04
 2.48729e+16	1.79e-01	8.20e-01	3.36e-04
 2.48776e+16	1.87e-01	8.13e-01	3.39e-04
 2.48817e+16	1.93e-01	8.06e-01	3.40e-04
 2.48866e+16	2.02e-01	7.98e-01	3.42e-04
 2.48919e+16	2.11e-01	7.88e-01	3.45e-04
 2.48971e+16	2.21e-01	7.79e-01	3.48e-04
 2.49018e+16	2.30e-01	7.70e-01	3.51e-04
 2.49066e+16	2.40e-01	7.60e-01	3.53e-04
 2.49113e+16	2.50e-01	7.50e-01	3.56e-04
 2.49160e+16	2.60e-01	7.39e-01	3.58e-04
 2.49206e+16	2.71e-01	7.29e-01	3.61e-04
 2.49252e+16	2.82e-01	7.17e-01	3.64e-04
 2.49298e+16	2.94e-01	7.06e-01	3.66e-04
 2.49342e+16	3.05e-01	6.94e-01	3.69e-04
 2.49386e+16	3.17e-01	6.82e-01	3.71e-04
 2.49430e+16	3.29e-01	6.70e-01	3.74e-04
 2.49474e+16	3.42e-01	6.57e-01	3.76e-04
 2.49516e+16	3.55e-01	6.45e-01	3.79e-04
 2.49559e+16	3.68e-01	6.32e-01	3.81e-04
 2.49601e+16	3.82e-01	6.18e-01	3.83e-04
 2.49643e+16	3.95e-01	6.05e-01	3.84e-04
 2.49683e+16	4.08e-01	5.91e-01	3.86e-04
 2.49724e+16	4.22e-01	5.77e-01	3.87e-04
 2.49764e+16	4.36e-01	5.64e-01	3.89e-04
 2.49803e+16	4.51e-01	5.49e-01	3.90e-04
 2.49843e+16	4.64e-01	5.35e-01	3.92e-04
 2.49881e+16	4.79e-01	5.21e-01	3.92e-04
 2.49919e+16	4.93e-01	5.06e-01	3.92e-04
 2.49957e+16	5.07e-01	4.92e-01	3.93e-04
 2.49994e+16	5.21e-01	4.78e-01	3.93e-04
 2.50030e+16	5.35e-01	4.64e-01	3.93e-04
 2.50066e+16	5.49e-01	4.50e-01	3.93e-04
 2.50101e+16	5.63e-01	4.37e-01	3.93e-04
 2.50135e+16	5.76e-01	4.23e-01	3.92e-04
 2.50168e+16	5.89e-01	4.10e-01	3.91e-04
 2.50202e+16	6.02e-01	3.98e-01	3.90e-04
 2.50234e+16	6.15e-01	3.85e-01	3.89e-04
 2.50266e+16	6.27e-01	3.72e-01	3.87e-04
 2.50297e+16	6.40e-01	3.60e-01	3.84e-04
 2.50328e+16	6.52e-01	3.48e-01	3.82e-04
 2.50359e+16	6.63e-01	3.36e-01	3.80e-04
 2.50389e+16	6.75e-01	3.25e-01	3.78e-04
 2.50418e+16	6.86e-01	3.14e-01	3.75e-04
 2.50447e+16	6.97e-01	3.03e-01	3.72e-04
 2.50476e+16	7.07e-01	2.93e-01	3.69e-04
 2.50504e+16	7.17e-01	2.83e-01	3.66e-04
 2.50531e+16	7.27e-01	2.73e-01	3.63e-04
 2.50559e+16	7.36e-01	2.63e-01	3.59e-04
 2.50586e+16	7.46e-01	2.54e-01	3.56e-04
 2.50613e+16	7.55e-01	2.45e-01	3.52e-04
 2.50639e+16	7.64e-01	2.36e-01	3.48e-04
 2.50666e+16	7.72e-01	2.28e-01	3.45e-04
 2.50691e+16	7.80e-01	2.19e-01	3.41e-04
 2.50717e+16	7.88e-01	2.11e-01	3.36e-04
 2.50742e+16	7.96e-01	2.04e-01	3.32e-04
 2.50765e+16	8.03e-01	1.97e-01	3.28e-04
 2.50782e+16	8.08e-01	1.92e-01	3.24e-04
 2.50797e+16	8.12e-01	1.87e-01	3.21e-04
 2.50814e+16	8.17e-01	1.83e-01	3.17e-04
 2.50831e+16	8.22e-01	1.78e-01	3.14e-04
 2.50848e+16	8.26e-01	1.73e-01	3.10e-04
 2.50863e+16	8.30e-01	1.69e-01	3.07e-04
 2.50878e+16	8.35e-01	1.65e-01	3.04e-04
 2.50893e+16	8.38e-01	1.61e-01	3.01e-04
 2.50907e+16	8.42e-01	1.58e-01	2.97e-04
 2.50921e+16	8.46e-01	1.54e-01	2.94e-04
 2.50935e+16	8.49e-01	1.50e-01	2.91e-04
 2.50949e+16	8.53e-01	1.47e-01	2.88e-04
 2.50963e+16	8.56e-01	1.44e-01	2.85e-04
 2.50976e+16	8.59e-01	1.41e-01	2.81e-04
 2.50989e+16	8.62e-01	1.38e-01	2.78e-04
 2.51002e+16	8.65e-01	1.35e-01	2.75e-04
 2.51015e+16	8.68e-01	1.32e-01	2.72e-04
 2.51029e+16	8.71e-01	1.29e-01	2.69e-04
 2.51042e+16	8.74e-01	1.26e-01	2.65e-04
 2.51055e+16	8.77e-01	1.23e-01	2.62e-04
 2.51069e+16	8.80e-01	1.20e-01	2.58e-04
 2.51083e+16	8.83e-01	1.17e-01	2.55e-04
 2.51098e+16	8.86e-01	1.14e-01	2.51e-04
 2.51115e+16	8.89e-01	1.11e-01	2.47e-04
 2.51133e+16	8.93e-01	1.07e-01	2.42e-04
 2.51154e+16	8.96e-01	1.03e-01	2.37e-04
 2.51176e+16	9.00e-01	9.94e-02	2.31e-04
 2.51196e+16	9.04e-01	9.59e-02	2.26e-04
 2.51215e+16	9.07e-01	9.26e-02	2.20e-04
 2.51234e+16	9.10e-01	8.96e-02	2.16e-04
 2.51252e+16	9.13e-01	8.66e-02	2.10e-04
 2.51270e+16	9.16e-01	8.37e-02	2.05e-04
 2.51287e+16	9.19e-01	8.12e-02	2.00e-04
 2.51302e+16	9.21e-01	7.89e-02	1.96e-04
 2.51316e+16	9.23e-01	7.68e-02	1.92e-04
 2.51329e+16	9.25e-01	7.49e-02	1.88e-04
 2.51340e+16	9.27e-01	7.33e-02	1.84e-04
 2.51351e+16	9.28e-01	7.18e-02	1.81e-04
 2.51360e+16	9.29e-01	7.04e-02	1.78e-04
 2.51369e+16	9.31e-01	6.92e-02	1.75e-04
 2.51379e+16	9.32e-01	6.79e-02	1.72e-04
 2.51389e+16	9.33e-01	6.66e-02	1.69e-04
 2.51398e+16	9.34e-01	6.54e-02	1.66e-04
 2.51407e+16	9.36e-01	6.42e-02	1.64e-04
 2.51416e+16	9.37e-01	6.30e-02	1.61e-04
 2.51426e+16	9.38e-01	6.18e-02	1.58e-04
 2.51435e+16	9.39e-01	6.06e-02	1.55e-04
 2.51444e+16	9.40e-01	5.96e-02	1.53e-04
 2.51451e+16	9.41e-01	5.87e-02	1.50e-04
 2.51460e+16	9.42e-01	5.77e-02	1.48e-04
 2.51469e+16	9.43e-01	5.66e-02	1.45e-04
 2.51477e+16	9.44e-01	5.57e-02	1.43e-04
 2.51484e+16	9.45e-01	5.48e-02	1.40e-04
 2.51491e+16	9.46e-01	5.40e-02	1.38e-04
 2.51498e+16	9.47e-01	5.32e-02	1.36e-04
 2.51507e+16	9.48e-01	5.23e-02	1.34e-04
 2.51514e+16	9.48e-01	5.15e-02	1.32e-04
 2.51520e+16	9.49e-01	5.07e-02	1.29e-04
 2.51528e+16	9.50e-01	5.00e-02	1.27e-04
 2.51536e+16	9.51e-01	4.91e-02	1.25e-04
 2.51543e+16	9.51e-01	4.84e-02	1.23e-04
 2.51549e+16	9.52e-01	4.77e-02	1.21e-04
 2.51556e+16	9.53e-01	4.70e-02	1.19e-04
 2.51564e+16	9.54e-01	4.62e-02	1.17e-04
 2.51571e+16	9.54e-01	4.55e-02	1.15e-04
 2.51577e+16	9.55e-01	4.49e-02	1.13e-04
 2.51584e+16	9.56e-01	4.42e-02	1.12e-04
 2.51592e+16	9.56e-01	4.35e-02	1.10e-04
 2.51599e+16	9.57e-01	4.28e-02	1.08e-04
 2.51605e+16	9.58e-01	4.22e-02	1.06e-04
 2.51612e+16	9.58e-01	4.16e-02	1.04e-04
 2.51619e+16	9.59e-01	4.10e-02	1.03e-04
 2.51626e+16	9.60e-01	4.04e-02	1.01e-04
 2.51632e+16	9.60e-01	3.99e-02	9.93e-05
 2.51639e+16	9.61e-01	3.93e-02	9.77e-05
 2.51646e+16	9.61e-01	3.87e-02	9.61e-05
 2.51653e+16	9.62e-01	3.81e-02	9.45e-05
 2.51659e+16	9.62e-01	3.77e-02	9.32e-05
 2.51665e+16	9.63e-01	3.71e-02	9.17e-05
 2.51672e+16	9.63e-01	3.66e-02	9.03e-05
 2.51679e+16	9.64e-01	3.61e-02	8.88e-05
 2.51686e+16	9.64e-01	3.56e-02	8.74e-05
 2.51693e+16	9.65e-01	3.51e-02	8.59e-05
 2.51700e+16	9.65e-01	3.46e-02	8.47e-05
 2.51708e+16	9.66e-01	3.40e-02	8.32e-05
 2.51716e+16	9.66e-01	3.35e-02	8.18e-05
 2.51724e+16	9.67e-01	3.31e-02	8.06e-05
 2.51732e+16	9.67e-01	3.25e-02	7.90e-05
 2.51741e+16	9.68e-01	3.20e-02	7.76e-05
 2.51749e+16	9.68e-01	3.15e-02	7.64e-05
 2.51758e+16	9.69e-01	3.10e-02	7.49e-05
 2.51767e+16	9.69e-01	3.04e-02	7.35e-05
 2.51776e+16	9.70e-01	3.00e-02	7.23e-05
 2.51785e+16	9.70e-01	2.94e-02	7.08e-05
 2.51795e+16	9.71e-01	2.89e-02	6.94e-05
 2.51805e+16	9.71e-01	2.85e-02	6.82e-05
 2.51813e+16	9.72e-01	2.81e-02	6.72e-05
 2.51823e+16	9.72e-01	2.76e-02	6.59e-05
 2.51833e+16	9.73e-01	2.71e-02	6.47e-05
 2.51842e+16	9.73e-01	2.67e-02	6.37e-05
 2.51852e+16	9.74e-01	2.63e-02	6.24e-05
 2.51863e+16	9.74e-01	2.58e-02	6.13e-05
 2.51872e+16	9.74e-01	2.55e-02	6.03e-05
 2.51883e+16	9.75e-01	2.50e-02	5.91e-05
 2.51895e+16	9.75e-01	2.46e-02	5.80e-05
 2.51905e+16	9.76e-01	2.42e-02	5.70e-05
 2.51917e+16	9.76e-01	2.38e-02	5.59e-05
 2.51930e+16	9.77e-01	2.34e-02	5.48e-05
 2.51941e+16	9.77e-01	2.30e-02	5.39e-05
 2.51953e+16	9.77e-01	2.26e-02	5.28e-05
 2.51970e+16	9.78e-01	2.21e-02	5.15e-05
 2.51987e+16	9.78e-01	2.16e-02	5.03e-05
 2.52003e+16	9.79e-01	2.12e-02	4.93e-05
 2.52018e+16	9.79e-01	2.09e-02	4.83e-05
 2.52034e+16	9.80e-01	2.04e-02	4.73e-05
 2.52051e+16	9.80e-01	2.01e-02	4.63e-05
 2.52066e+16	9.80e-01	1.97e-02	4.54e-05
 2.52083e+16	9.81e-01	1.94e-02	4.45e-05
 2.52106e+16	9.81e-01	1.89e-02	4.33e-05
 2.52130e+16	9.81e-01	1.85e-02	4.23e-05
 2.52152e+16	9.82e-01	1.81e-02	4.14e-05
 2.52172e+16	9.82e-01	1.78e-02	4.06e-05
 2.52193e+16	9.82e-01	1.75e-02	3.97e-05
 2.52222e+16	9.83e-01	1.71e-02	3.87e-05
 2.52252e+16	9.83e-01	1.67e-02	3.78e-05
 2.52280e+16	9.84e-01	1.64e-02	3.69e-05
 2.52311e+16	9.84e-01	1.61e-02	3.61e-05
 2.52350e+16	9.84e-01	1.57e-02	3.51e-05
 2.52393e+16	9.85e-01	1.54e-02	3.42e-05
 2.52432e+16	9.85e-01	1.51e-02	3.35e-05
 2.52475e+16	9.85e-01	1.48e-02	3.27e-05
 2.52530e+16	9.86e-01	1.45e-02	3.18e-05
 2.52590e+16	9.86e-01	1.42e-02	3.11e-05
 2.52645e+16	9.86e-01	1.39e-02	3.05e-05
 2.52705e+16	9.86e-01	1.37e-02	2.97e-05
 2.52782e+16	9.87e-01	1.35e-02	2.90e-05
 2.52883e+16	9.87e-01	1.32e-02	2.83e-05
 2.52992e+16	9.87e-01	1.30e-02	2.75e-05
 2.53112e+16	9.87e-01	1.27e-02	2.68e-05
 2.53267e+16	9.87e-01	1.25e-02	2.60e-05
 2.53469e+16	9.88e-01	1.22e-02	2.51e-05
 2.53687e+16	9.88e-01	1.20e-02	2.42e-05
 2.53926e+16	9.88e-01	1.18e-02	2.33e-05
 2.54184e+16	9.88e-01	1.15e-02	2.24e-05
 2.54467e+16	9.89e-01	1.13e-02	2.14e-05
 2.54772e+16	9.89e-01	1.10e-02	2.05e-05
 2.55049e+16	9.89e-01	1.08e-02	1.97e-05
 2.55354e+16	9.89e-01	1.06e-02	1.88e-05
 2.55682e+16	9.90e-01	1.03e-02	1.80e-05
 2.55981e+16	9.90e-01	1.01e-02	1.72e-05
 2.56308e+16	9.90e-01	9.85e-03	1.64e-05
 2.56662e+16	9.90e-01	9.61e-03	1.57e-05
 2.56984e+16	9.91e-01	9.40e-03	1.50e-05
 2.57336e+16	9.91e-01	9.17e-03	1.43e-05
 2.57717e+16	9.91e-01	8.93e-03	1.36e-05
 2.58063e+16	9.91e-01	8.73e-03	1.30e-05
 2.58443e+16	9.91e-01	8.50e-03	1.23e-05
 2.58853e+16	9.92e-01	8.28e-03	1.17e-05
 2.59226e+16	9.92e-01	8.08e-03	1.11e-05
 2.59634e+16	9.92e-01	7.86e-03	1.05e-05
 2.60075e+16	9.92e-01	7.64e-03	9.95e-06
 2.60477e+16	9.93e-01	7.45e-03	9.46e-06
 2.60917e+16	9.93e-01	7.24e-03	8.93e-06
 2.61489e+16	9.93e-01	6.97e-03	8.29e-06
 2.62158e+16	9.93e-01	6.68e-03	7.63e-06
 2.62846e+16	9.94e-01	6.40e-03	7.02e-06
 2.63542e+16	9.94e-01	6.14e-03	6.46e-06
 2.64264e+16	9.94e-01	5.88e-03	5.93e-06
 2.65018e+16	9.94e-01	5.62e-03	5.43e-06
 2.65800e+16	9.95e-01	5.37e-03	4.96e-06
 2.66608e+16	9.95e-01	5.13e-03	4.52e-06
 2.67444e+16	9.95e-01	4.89e-03	4.12e-06
 2.68298e+16	9.95e-01	4.66e-03	3.74e-06
 2.69167e+16	9.96e-01	4.44e-03	3.40e-06
 2.70052e+16	9.96e-01	4.24e-03	3.09e-06
 2.70953e+16	9.96e-01	4.03e-03	2.81e-06
 2.71872e+16	9.96e-01	3.84e-03	2.55e-06
 2.72809e+16	9.96e-01	3.66e-03	2.32e-06
 2.73751e+16	9.97e-01	3.49e-03	2.10e-06
 2.74707e+16	9.97e-01	3.32e-03	1.91e-06
 2.75697e+16	9.97e-01	3.16e-03	1.73e-06
 2.76710e+16	9.97e-01	3.00e-03	1.56e-06
 2.77739e+16	9.97e-01	2.85e-03	1.41e-06
 2.78786e+16	9.97e-01	2.71e-03	1.27e-06
 2.79852e+16	9.97e-01	2.57e-03	1.15e-06
 2.80942e+16	9.98e-01	2.44e-03	1.03e-06
 2.82054e+16	9.98e-01	2.31e-03	9.30e-07
 2.83186e+16	9.98e-01	2.19e-03	8.37e-07
 2.84339e+16	9.98e-01	2.08e-03	7.52e-07
 2.85516e+16	9.98e-01	1.97e-03	6.74e-07
 2.86719e+16	9.98e-01	1.86e-03	6.04e-07
 2.87946e+16	9.98e-01	1.76e-03	5.41e-07
 2.89199e+16	9.98e-01	1.67e-03	4.83e-07
 2.90479e+16	9.98e-01	1.58e-03	4.31e-07
 2.91788e+16	9.99e-01	1.49e-03	3.84e-07
 2.93126e+16	9.99e-01	1.40e-03	3.42e-07
 2.94494e+16	9.99e-01	1.32e-03	3.03e-07
 2.95894e+16	9.99e-01	1.25e-03	2.69e-07
 2.97328e+16	9.99e-01	1.17e-03	2.38e-07
 2.98798e+16	9.99e-01	1.10e-03	2.10e-07
 3.00304e+16	9.99e-01	1.04e-03	1.85e-07
 3.01849e+16	9.99e-01	9.70e-04	1.63e-07
 3.03437e+16	9.99e-01	9.10e-04	1.43e-07
 3.05070e+16	9.99e-01	8.51e-04	1.25e-07
 3.06751e+16	9.99e-01	7.96e-04	1.09e-07
 3.08483e+16	9.99e-01	7.43e-04	9.47e-08
 3.10259e+16	9.99e-01	6.93e-04	8.22e-08
 3.12063e+16	9.99e-01	6.46e-04	7.13e-08
 3.13933e+16	9.99e-01	6.01e-04	6.14e-08
 3.15911e+16	9.99e-01	5.56e-04	5.25e-08
 3.17976e+16	9.99e-01	5.14e-04	4.47e-08
 3.20112e+16	1.00e+00	4.74e-04	3.79e-08
 3.22332e+16	1.00e+00	4.36e-04	3.19e-08
 3.24654e+16	1.00e+00	4.00e-04	2.67e-08
 3.27096e+16	1.00e+00	3.65e-04	2.22e-08
 3.29667e+16	1.00e+00	3.33e-04	1.83e-08
 3.32370e+16	1.00e+00	3.01e-04	1.49e-08
 3.35247e+16	1.00e+00	2.71e-04	1.20e-08
 3.38297e+16	1.00e+00	2.43e-04	9.59e-09
 3.41560e+16	1.00e+00	2.16e-04	7.54e-09
 3.45097e+16	1.00e+00	1.91e-04	5.81e-09
 3.48922e+16	1.00e+00	1.67e-04	4.40e-09
 3.53095e+16	1.00e+00	1.44e-04	3.25e-09
 3.57710e+16	1.00e+00	1.22e-04	2.32e-09
 3.63059e+16	1.00e+00	1.01e-04	1.59e-09
 3.68917e+16	1.00e+00	8.28e-05	1.05e-09
 3.75411e+16	1.00e+00	6.59e-05	6.63e-10
 3.82944e+16	1.00e+00	5.07e-05	3.92e-10
 3.90931e+16	1.00e+00	3.86e-05	2.27e-10
 3.98906e+16	1.00e+00	2.95e-05	1.33e-10
 4.06924e+16	1.00e+00	2.25e-05	7.82e-11
 4.15224e+16	1.00e+00	1.70e-05	4.54e-11
 4.23914e+16	1.00e+00	1.28e-05	2.59e-11
 4.32958e+16	1.00e+00	9.57e-06	1.46e-11
 4.42391e+16	1.00e+00	7.10e-06	8.18e-12
 4.52319e+16	1.00e+00	5.22e-06	4.49e-12
 4.62809e+16	1.00e+00	3.80e-06	2.41e-12
 4.73929e+16	1.00e+00	2.74e-06	1.27e-12
 4.85763e+16	1.00e+00	1.95e-06	6.52e-13
 4.98427e+16	1.00e+00	1.37e-06	3.25e-13
 5.12092e+16	1.00e+00	9.42e-07	1.57e-13
 5.26727e+16	1.00e+00	6.40e-07	7.35e-14
 5.42010e+16	1.00e+00	4.34e-07	3.41e-14
 5.57596e+16	1.00e+00	2.95e-07	1.60e-14
 5.73256e+16	1.00e+00	2.03e-07	7.62e-15
 5.88917e+16	1.00e+00	1.41e-07	3.70e-15
 6.04577e+16	1.00e+00	9.87e-08	1.84e-15
 6.20238e+16	1.00e+00	6.99e-08	9.26e-16
 6.35898e+16	1.00e+00	4.99e-08	4.75e-16
 6.51559e+16	1.00e+00	3.60e-08	2.48e-16
 6.67219e+16	1.00e+00	2.61e-08	1.31e-16
 6.82879e+16	1.00e+00	1.91e-08	7.05e-17
 6.98540e+16	1.00e+00	1.41e-08	3.84e-17
 7.14200e+16	1.00e+00	1.04e-08	2.12e-17
 7.29860e+16	1.00e+00	7.81e-09	1.19e-17
 7.45520e+16	1.00e+00	5.87e-09	6.74e-18
 7.63529e+16	1.00e+00	4.23e-09	3.50e-18
 7.84194e+16	1.00e+00	2.96e-09	1.72e-18
 8.05166e+16	1.00e+00	2.08e-09	8.50e-19
 8.27421e+16	1.00e+00	1.44e-09	4.08e-19
 8.51306e+16	1.00e+00	9.84e-10	1.91e-19
 8.75771e+16	1.00e+00	6.74e-10	9.01e-20
 9.00473e+16	1.00e+00	4.66e-10	4.31e-20
 9.25175e+16	1.00e+00	3.25e-10	2.10e-20
 9.51067e+16	1.00e+00	2.24e-10	1.00e-20
 9.78413e+16	1.00e+00	1.54e-10	4.72e-21
 1.00643e+17	1.00e+00	1.06e-10	0.00e+00
 1.03485e+17	1.00e+00	7.28e-11	0.00e+00
 1.06327e+17	1.00e+00	5.07e-11	0.00e+00
 1.09169e+17	1.00e+00	3.57e-11	0.00e+00
 1.12011e+17	1.00e+00	2.53e-11	0.00e+00
 1.14853e+17	1.00e+00	1.81e-11	0.00e+00
 1.17695e+17	1.00e+00	1.31e-11	0.00e+00
 1.20537e+17	1.00e+00	9.53e-12	0.00e+00
 1.23379e+17	1.00e+00	7.01e-12	0.00e+00
 1.26365e+17	1.00e+00	5.12e-12	0.00e+00
 1.29495e+17	1.00e+00	3.73e-12	0.00e+00
 1.32624e+17	1.00e+00	2.76e-12	0.00e+00
 1.35754e+17	1.00e+00	2.08e-12	0.00e+00
 1.38884e+17	1.00e+00	1.59e-12	0.00e+00
 1.42014e+17	1.00e+00	1.24e-12	0.00e+00
 1.45144e+17	1.00e+00	9.92e-13	0.00e+00
 1.48274e+17	1.00e+00	8.08e-13	0.00e+00
 1.51623e+17	1.00e+00	6.65e-13	0.00e+00
 1.55265e+17	1.00e+00	5.49e-13	0.00e+00
 1.58877e+17	1.00e+00	4.68e-13	0.00e+00
 1.62261e+17	1.00e+00	4.16e-13	0.00e+00
 1.65443e+17	1.00e+00	3.83e-13	0.00e+00
 1.68501e+17	1.00e+00	3.60e-13	0.00e+00
 1.71462e+17	1.00e+00	3.43e-13	0.00e+00
 1.74312e+17	1.00e+00	3.30e-13	0.00e+00
 1.77024e+17	1.00e+00	3.21e-13	0.00e+00
 1.79590e+17	1.00e+00	3.15e-13	0.00e+00
 1.82018e+17	1.00e+00	3.11e-13	0.00e+00
 1.84323e+17	1.00e+00	3.08e-13	0.00e+00
 1.86511e+17	1.00e+00	3.06e-13	0.00e+00
 1.88585e+17	1.00e+00	3.05e-13	0.00e+00
 1.90546e+17	1.00e+00	3.04e-13	0.00e+00
 1.92398e+17	1.00e+00	3.04e-13	0.00e+00
 1.94147e+17	1.00e+00	3.04e-13	0.00e+00
 1.95803e+17	1.00e+00	3.04e-13	0.00e+00
 1.97370e+17	1.00e+00	3.04e-13	0.00e+00
 1.98853e+17	1.00e+00	3.05e-13	0.00e+00
 2.00256e+17	1.00e+00	3.05e-13	0.00e+00
 2.01583e+17	1.00e+00	3.05e-13	0.00e+00
 2.02839e+17	1.00e+00	3.06e-13	0.00e+00
 2.04029e+17	1.00e+00	3.06e-13	0.00e+00
 2.05157e+17	1.00e+00	3.07e-13	0.00e+00
 2.06225e+17	1.00e+00	3.07e-13	0.00e+00
 2.07238e+17	1.00e+00	3.08e-13	0.00e+00
 2.08199e+17	1.00e+00	3.08e-13	0.00e+00
 2.09110e+17	1.00e+00	3.09e-13	0.00e+00
 2.09975e+17	1.00e+00	3.09e-13	0.00e+00
 2.10796e+17	1.00e+00	3.09e-13	0.00e+00
 2.11577e+17	1.00e+00	3.10e-13	0.00e+00
 2.12320e+17	1.00e+00	3.10e-13	0.00e+00
 2.13025e+17	1.00e+00	3.10e-13	0.00e+00
 2.13697e+17	1.00e+00	3.11e-13	0.00e+00
 2.14336e+17	1.00e+00	3.11e-13	0.00e+00
 2.14945e+17	1.00e+00	3.11e-13	0.00e+00
 2.15526e+17	1.00e+00	3.11e-13	0.00e+00
 2.16080e+17	1.00e+00	3.11e-13	0.00e+00
 2.16609e+17	1.00e+00	3.12e-13	0.00e+00
 2.17115e+17	1.00e+00	3.12e-13	0.00e+00
 2.17598e+17	1.00e+00	3.12e-13	0.00e+00
 2.18061e+17	1.00e+00	3.12e-13	0.00e+00
 2.18504e+17	1.00e+00	3.12e-13	0.00e+00
 2.18930e+17	1.00e+00	3.13e-13	0.00e+00
 2.19339e+17	1.00e+00	3.13e-13	0.00e+00
 2.19732e+17	1.00e+00	3.13e-13	0.00e+00
 2.20111e+17	1.00e+00	3.13e-13	0.00e+00
 2.20477e+17	1.00e+00	3.13e-13	0.00e+00
 2.20830e+17	1.00e+00	3.13e-13	0.00e+00
 2.21173e+17	1.00e+00	3.13e-13	0.00e+00
 2.21506e+17	1.00e+00	3.13e-13	0.00e+00
 2.21831e+17	1.00e+00	3.13e-13	0.00e+00
 2.22147e+17	1.00e+00	3.13e-13	0.00e+00
 2.22457e+17	1.00e+00	3.13e-13	0.00e+00
 2.22762e+17	1.00e+00	3.13e-13	0.00e+00
 2.23064e+17	1.00e+00	3.13e-13	0.00e+00
 2.23362e+17	1.00e+00	3.13e-13	0.00e+00
 2.23660e+17	1.00e+00	3.13e-13	0.00e+00
 2.23958e+17	1.00e+00	3.13e-13	0.00e+00
 2.24259e+17	1.00e+00	3.13e-13	0.00e+00
 2.24565e+17	1.00e+00	3.13e-13	0.00e+00
 2.24879e+17	1.00e+00	3.13e-13	0.00e+00
 2.25203e+17	1.00e+00	3.13e-13	0.00e+00
 2.25542e+17	1.00e+00	3.13e-13	0.00e+00
 2.25900e+17	1.00e+00	3.12e-13	0.00e+00
 2.26285e+17	1.00e+00	3.12e-13	0.00e+00
 2.26704e+17	1.00e+00	3.12e-13	0.00e+00
 2.27170e+17	1.00e+00	3.11e-13	0.00e+00
 2.27699e+17	1.00e+00	3.10e-13	0.00e+00
 2.28315e+17	1.00e+00	3.09e-13	0.00e+00
 2.29052e+17	1.00e+00	3.08e-13	0.00e+00
 2.29963e+17	1.00e+00	3.05e-13	0.00e+00
 2.31130e+17	1.00e+00	3.02e-13	0.00e+00
 2.32648e+17	1.00e+00	2.96e-13	0.00e+00
 2.34621e+17	1.00e+00	2.87e-13	0.00e+00
 2.37185e+17	1.00e+00	2.74e-13	0.00e+00
 2.40520e+17	1.00e+00	2.56e-13	0.00e+00
 2.44854e+17	1.00e+00	2.32e-13	0.00e+00
 2.50488e+17	1.00e+00	2.02e-13	0.00e+00
 2.57813e+17	1.00e+00	1.67e-13	0.00e+00
 2.67193e+17	1.00e+00	1.29e-13	0.00e+00
 2.77880e+17	1.00e+00	9.39e-14	0.00e+00
 2.88996e+17	1.00e+00	8.22e-14	0.00e+00
 3.00556e+17	1.00e+00	7.36e-14	0.00e+00
 3.12578e+17	1.00e+00	6.57e-14	0.00e+00
 3.25081e+17	1.00e+00	5.82e-14	0.00e+00
 3.38084e+17	1.00e+00	5.10e-14	0.00e+00
 3.51608e+17	1.00e+00	4.42e-14	0.00e+00
 3.65672e+17	1.00e+00	3.78e-14	0.00e+00
 3.79476e+17	1.00e+00	3.18e-14	0.00e+00
 3.91803e+17	1.00e+00	3.24e-14	0.00e+00
 4.02564e+17	1.00e+00	3.64e-14	0.00e+00
 4.12491e+17	1.00e+00	3.83e-14	0.00e+00
 4.22117e+17	1.00e+00	3.67e-14	0.00e+00
 4.31359e+17	1.00e+00	3.36e-14	0.00e+00
 4.39766e+17	1.00e+00	3.16e-14	0.00e+00
 4.47048e+17	1.00e+00	3.11e-14	0.00e+00
 4.53360e+17	1.00e+00	3.09e-14	0.00e+00
 4.58383e+17	1.00e+00	2.99e-14	0.00e+00
 4.61634e+17	1.00e+00	3.08e-14	0.00e+00
 4.63518e+17	1.00e+00	3.21e-14	0.00e+00
 4.64630e+17	1.00e+00	3.29e-14	0.00e+00
 4.65297e+17	1.00e+00	3.34e-14	0.00e+00
 4.65725e+17	1.00e+00	3.37e-14	0.00e+00
 4.66074e+17	1.00e+00	3.38e-14	0.00e+00
 4.66446e+17	1.00e+00	3.40e-14	0.00e+00
 4.66871e+17	1.00e+00	3.41e-14	0.00e+00
 4.67288e+17	1.00e+00	3.41e-14	0.00e+00
 4.67637e+17	1.00e+00	3.41e-14	0.00e+00
 4.67931e+17	1.00e+00	3.42e-14	0.00e+00
 4.68203e+17	1.00e+00	3.41e-14	0.00e+00
 4.68470e+17	1.00e+00	3.41e-14	0.00e+00
 4.68736e+17	1.00e+00	3.41e-14	0.00e+00
 4.68984e+17	1.00e+00	3.40e-14	0.00e+00
 4.69219e+17	1.00e+00	3.40e-14	0.00e+00
 4.69451e+17	1.00e+00	3.39e-14	0.00e+00
 4.69665e+17	1.00e+00	3.38e-14	0.00e+00
 4.69860e+17	1.00e+00	3.37e-14	0.00e+00
 4.70054e+17	1.00e+00	3.37e-14	0.00e+00
 4.70253e+17	1.00e+00	3.36e-14	0.00e+00
 4.70437e+17	1.00e+00	3.35e-14	0.00e+00
 4.70607e+17	1.00e+00	3.34e-14	0.00e+00
 4.70769e+17	1.00e+00	3.33e-14	0.00e+00
 4.70926e+17	1.00e+00	3.32e-14	0.00e+00
 4.71081e+17	1.00e+00	3.31e-14	0.00e+00
 4.71236e+17	1.00e+00	3.30e-14	0.00e+00
 4.71389e+17	1.00e+00	3.29e-14	0.00e+00
 4.71533e+17	1.00e+00	3.28e-14	0.00e+00
 4.71669e+17	1.00e+00	3.27e-14	0.00e+00
 4.71809e+17	1.00e+00	3.27e-14	0.00e+00
 4.71953e+17	1.00e+00	3.25e-14	0.00e+00
 4.72092e+17	1.00e+00	3.24e-14	0.00e+00
 4.72225e+17	1.00e+00	3.23e-14	0.00e+00
 4.72360e+17	1.00e+00	3.22e-14	0.00e+00
 4.72498e+17	1.00e+00	3.21e-14	0.00e+00
 4.72632e+17	1.00e+00	3.20e-14	0.00e+00
 4.72763e+17	1.00e+00	3.19e-14	0.00e+00
 4.72898e+17	1.00e+00	3.18e-14	0.00e+00
 4.73040e+17	1.00e+00	3.16e-14	0.00e+00
 4.73183e+17	1.00e+00	3.15e-14	0.00e+00
 4.73324e+17	1.00e+00	3.13e-14	0.00e+00
 4.73458e+17	1.00e+00	3.12e-14	0.00e+00
 4.73592e+17	1.00e+00	3.11e-14	0.00e+00
 4.73738e+17	1.00e+00	3.09e-14	0.00e+00
 4.73891e+17	1.00e+00	3.08e-14	0.00e+00
 4.74044e+17	1.00e+00	3.06e-14	0.00e+00
 4.74205e+17	1.00e+00	3.05e-14	0.00e+00
 4.74376e+17	1.00e+00	3.03e-14	0.00e+00
 4.74540e+17	1.00e+00	3.01e-14	0.00e+00
 4.74695e+17	1.00e+00	2.99e-14	0.00e+00
 4.74851e+17	1.00e+00	2.97e-14	0.00e+00
 4.75022e+17	1.00e+00	2.95e-14	0.00e+00
 4.75214e+17	1.00e+00	2.93e-14	0.00e+00
 4.75401e+17	1.00e+00	2.91e-14	0.00e+00
 4.75573e+17	1.00e+00	2.89e-14	0.00e+00
 4.75750e+17	1.00e+00	2.87e-14	0.00e+00
 4.75950e+17	1.00e+00	2.84e-14	0.00e+00
 4.76172e+17	1.00e+00	2.81e-14	0.00e+00
 4.76387e+17	1.00e+00	2.79e-14	0.00e+00
 4.76591e+17	1.00e+00	2.76e-14	0.00e+00
 4.76799e+17	1.00e+00	2.73e-14	0.00e+00
 4.77020e+17	1.00e+00	2.71e-14	0.00e+00
 4.77253e+17	1.00e+00	2.68e-14	0.00e+00
 4.77488e+17	1.00e+00	2.65e-14	0.00e+00
 4.77726e+17	1.00e+00	2.62e-14	0.00e+00
 4.77977e+17	1.00e+00	2.58e-14	0.00e+00
 4.78237e+17	1.00e+00	2.55e-14	0.00e+00
 4.78495e+17	1.00e+00	2.51e-14	0.00e+00
 4.78757e+17	1.00e+00	2.48e-14	0.00e+00
 4.79032e+17	1.00e+00	2.44e-14	0.00e+00
 4.79321e+17	1.00e+00	2.40e-14	0.00e+00
 4.79621e+17	1.00e+00	2.36e-14	0.00e+00
 4.79921e+17	1.00e+00	2.32e-14	0.00e+00
 4.80223e+17	1.00e+00	2.28e-14	0.00e+00
 4.80543e+17	1.00e+00	2.24e-14	0.00e+00
 4.80874e+17	1.00e+00	2.20e-14	0.00e+00
 4.81200e+17	1.00e+00	2.15e-14	0.00e+00
 4.81531e+17	1.00e+00	2.11e-14	0.00e+00
 4.81885e+17	1.00e+00	2.06e-14	0.00e+00
 4.82255e+17	1.00e+00	2.02e-14	0.00e+00
 4.82628e+17	1.00e+00	1.97e-14	0.00e+00
 4.83000e+17	1.00e+00	1.92e-14	0.00e+00
 4.83374e+17	1.00e+00	1.87e-14	0.00e+00
 4.83758e+17	1.00e+00	1.82e-14	0.00e+00
 4.84163e+17	1.00e+00	1.77e-14	0.00e+00
 4.84585e+17	1.00e+00	1.72e-14	0.00e+00
 4.85007e+17	1.00e+00	1.66e-14	0.00e+00
 4.85427e+17	1.00e+00	1.61e-14	0.00e+00
 4.85861e+17	1.00e+00	1.56e-14	0.00e+00
 4.86318e+17	1.00e+00	1.51e-14	0.00e+00
 4.86788e+17	1.00e+00	1.45e-14	0.00e+00
 4.87261e+17	1.00e+00	1.39e-14	0.00e+00
 4.87730e+17	1.00e+00	1.34e-14	0.00e+00
 4.88203e+17	1.00e+00	1.29e-14	0.00e+00
 4.88693e+17	1.00e+00	1.24e-14	0.00e+00
 4.89221e+17	1.00e+00	1.18e-14	0.00e+00
 4.89766e+17	1.00e+00	1.12e-14	0.00e+00
 4.90291e+17	1.00e+00	1.07e-14	0.00e+00
 4.90812e+17	1.00e+00	1.02e-14	0.00e+00
 4.91360e+17	1.00e+00	9.68e-15	0.00e+00
 4.91939e+17	1.00e+00	9.17e-15	0.00e+00
 4.92548e+17	1.00e+00	8.63e-15	0.00e+00
 4.93165e+17	1.00e+00	8.08e-15	0.00e+00
 4.93768e+17	1.00e+00	7.58e-15	0.00e+00
 4.94375e+17	1.00e+00	7.13e-15	0.00e+00
 4.95035e+17	1.00e+00	6.66e-15	0.00e+00
 4.95750e+17	1.00e+00	6.16e-15	0.00e+00
 4.96448e+17	1.00e+00	5.67e-15	0.00e+00
 4.97053e+17	1.00e+00	5.26e-15	0.00e+00
 4.97560e+17	1.00e+00	4.93e-15	0.00e+00
 4.98019e+17	1.00e+00	4.67e-15	0.00e+00
 4.98472e+17	1.00e+00	4.42e-15	0.00e+00
 4.98923e+17	1.00e+00	4.18e-15	0.00e+00
 4.99354e+17	1.00e+00	3.96e-15	0.00e+00
 4.99753e+17	1.00e+00	3.76e-15	0.00e+00
 5.00124e+17	1.00e+00	3.58e-15	0.00e+00
 5.00481e+17	1.00e+00	3.42e-15	0.00e+00
 5.00831e+17	1.00e+00	3.27e-15	0.00e+00
 5.01171e+17	1.00e+00	3.12e-15	0.00e+00
 5.01497e+17	1.00e+00	2.98e-15	0.00e+00
 5.01807e+17	1.00e+00	2.86e-15	0.00e+00
 5.02104e+17	1.00e+00	2.74e-15	0.00e+00
 5.02393e+17	1.00e+00	2.63e-15	0.00e+00
 5.02674e+17	1.00e+00	2.52e-15	0.00e+00
 5.02945e+17	1.00e+00	2.42e-15	0.00e+00
 5.03206e+17	1.00e+00	2.33e-15	0.00e+00
 5.03457e+17	1.00e+00	2.24e-15	0.00e+00
 5.03700e+17	1.00e+00	2.16e-15	0.00e+00
 5.03937e+17	1.00e+00	2.08e-15	0.00e+00
 5.04169e+17	1.00e+00	2.00e-15	0.00e+00
 5.04393e+17	1.00e+00	1.93e-15	0.00e+00
 5.04610e+17	1.00e+00	1.86e-15	0.00e+00
 5.04822e+17	1.00e+00	1.79e-15	0.00e+00
 5.05027e+17	1.00e+00	1.73e-15	0.00e+00
 5.05225e+17	1.00e+00	1.68e-15	0.00e+00
 5.05419e+17	1.00e+00	1.62e-15	0.00e+00
 5.05612e+17	1.00e+00	1.57e-15	0.00e+00
 5.05802e+17	1.00e+00	1.52e-15	0.00e+00
 5.06017e+17	1.00e+00	1.47e-15	0.00e+00
 5.06296e+17	1.00e+00	1.41e-15	0.00e+00
 5.06659e+17	1.00e+00	1.33e-15	0.00e+00
 5.07130e+17	1.00e+00	1.23e-15	0.00e+00
 5.07744e+17	1.00e+00	1.11e-15	0.00e+00
 5.08541e+17	1.00e+00	9.76e-16	0.00e+00
 5.09460e+17	1.00e+00	8.19e-16	0.00e+00
 5.10302e+17	1.00e+00	6.81e-16	0.00e+00
 5.10956e+17	1.00e+00	5.87e-16	0.00e+00
 5.11479e+17	1.00e+00	5.25e-16	0.00e+00
 5.11985e+17	1.00e+00	4.76e-16	0.00e+00
 5.12548e+17	1.00e+00	4.27e-16	0.00e+00
 5.13160e+17	1.00e+00	3.78e-16	0.00e+00
 5.13763e+17	1.00e+00	3.33e-16	0.00e+00
 5.14327e+17	1.00e+00	2.96e-16	0.00e+00
 5.14867e+17	1.00e+00	2.64e-16	0.00e+00
 5.15423e+17	1.00e+00	2.37e-16	0.00e+00
 5.16015e+17	1.00e+00	2.11e-16	0.00e+00
 5.16635e+17	1.00e+00	1.86e-16	0.00e+00
 5.17269e+17	1.00e+00	1.63e-16	0.00e+00
