#depth	C	C+	C+2	C+3	C+4	C+5	C+6	C[1]	C[2]	C[3]	C+[1]	C+[2]	CO
 1.49634e+10	0.00e+00	5.37e-33	8.71e-23	3.79e-13	5.07e-03	9.19e-01	7.58e-02	0.00e+00	0.00e+00	0.00e+00	0.00e+00	0.00e+00	5.75e-165
 4.54887e+10	3.71e-44	7.36e-33	1.10e-22	4.43e-13	5.48e-03	9.24e-01	7.04e-02	0.00e+00	0.00e+00	0.00e+00	0.00e+00	0.00e+00	1.76e-208
 7.72350e+10	0.00e+00	1.02e-32	1.41e-22	5.23e-13	5.97e-03	9.29e-01	6.54e-02	0.00e+00	0.00e+00	0.00e+00	0.00e+00	0.00e+00	7.24e-164
 1.10251e+11	8.32e-44	1.41e-32	1.80e-22	6.18e-13	6.51e-03	9.33e-01	6.07e-02	0.00e+00	0.00e+00	0.00e+00	0.00e+00	0.00e+00	1.17e-207
 1.42530e+11	0.00e+00	1.91e-32	2.27e-22	7.21e-13	7.06e-03	9.36e-01	5.65e-02	0.00e+00	0.00e+00	0.00e+00	0.00e+00	0.00e+00	8.47e-163
 1.73399e+11	1.73e-43	2.53e-32	2.81e-22	8.33e-13	7.61e-03	9.39e-01	5.29e-02	0.00e+00	0.00e+00	0.00e+00	0.00e+00	0.00e+00	7.53e-207
 2.07561e+11	0.00e+00	3.42e-32	3.53e-22	9.73e-13	8.26e-03	9.42e-01	4.93e-02	0.00e+00	0.00e+00	0.00e+00	0.00e+00	0.00e+00	8.30e-162
 2.45790e+11	3.77e-43	4.73e-32	4.51e-22	1.15e-12	8.99e-03	9.45e-01	4.57e-02	0.00e+00	0.00e+00	0.00e+00	0.00e+00	0.00e+00	4.05e-206
 2.84533e+11	0.00e+00	6.49e-32	5.72e-22	1.35e-12	9.77e-03	9.48e-01	4.24e-02	0.00e+00	0.00e+00	0.00e+00	0.00e+00	0.00e+00	1.02e-160
 3.24825e+11	8.31e-43	8.93e-32	7.28e-22	1.59e-12	1.06e-02	9.50e-01	3.93e-02	0.00e+00	0.00e+00	0.00e+00	0.00e+00	0.00e+00	2.65e-205
 3.67744e+11	0.00e+00	1.24e-31	9.31e-22	1.87e-12	1.16e-02	9.52e-01	3.64e-02	0.00e+00	0.00e+00	0.00e+00	0.00e+00	0.00e+00	1.26e-159
 4.12381e+11	1.87e-42	1.71e-31	1.19e-21	2.21e-12	1.26e-02	9.54e-01	3.36e-02	0.00e+00	0.00e+00	0.00e+00	0.00e+00	0.00e+00	1.74e-204
 4.58803e+11	0.00e+00	2.37e-31	1.52e-21	2.61e-12	1.38e-02	9.55e-01	3.11e-02	0.00e+00	0.00e+00	0.00e+00	0.00e+00	0.00e+00	1.62e-158
 5.07082e+11	4.22e-42	3.29e-31	1.95e-21	3.08e-12	1.50e-02	9.56e-01	2.87e-02	0.00e+00	0.00e+00	0.00e+00	0.00e+00	0.00e+00	1.13e-203
 5.54603e+11	0.00e+00	4.49e-31	2.47e-21	3.61e-12	1.63e-02	9.57e-01	2.67e-02	0.00e+00	0.00e+00	0.00e+00	0.00e+00	0.00e+00	1.95e-157
 6.04026e+11	9.16e-42	6.14e-31	3.13e-21	4.24e-12	1.77e-02	9.58e-01	2.47e-02	0.00e+00	0.00e+00	0.00e+00	0.00e+00	0.00e+00	6.93e-203
 6.58114e+11	0.00e+00	8.52e-31	4.01e-21	5.01e-12	1.93e-02	9.58e-01	2.28e-02	0.00e+00	0.00e+00	0.00e+00	0.00e+00	0.00e+00	2.38e-156
 7.12486e+11	2.05e-41	1.17e-30	5.09e-21	5.89e-12	2.10e-02	9.58e-01	2.11e-02	0.00e+00	0.00e+00	0.00e+00	0.00e+00	0.00e+00	4.02e-202
 7.69034e+11	0.00e+00	1.61e-30	6.49e-21	6.93e-12	2.29e-02	9.58e-01	1.95e-02	0.00e+00	0.00e+00	0.00e+00	0.00e+00	0.00e+00	2.86e-155
 8.29722e+11	4.61e-41	2.25e-30	8.34e-21	8.21e-12	2.49e-02	9.57e-01	1.80e-02	0.00e+00	0.00e+00	0.00e+00	0.00e+00	0.00e+00	3.05e-201
 8.92838e+11	0.00e+00	3.13e-30	1.07e-20	9.72e-12	2.72e-02	9.56e-01	1.65e-02	0.00e+00	0.00e+00	0.00e+00	0.00e+00	0.00e+00	3.77e-154
 9.58478e+11	1.06e-40	4.37e-30	1.38e-20	1.15e-11	2.97e-02	9.55e-01	1.52e-02	0.00e+00	0.00e+00	0.00e+00	0.00e+00	0.00e+00	1.87e-200
 1.02674e+12	0.00e+00	6.10e-30	1.77e-20	1.36e-11	3.24e-02	9.54e-01	1.40e-02	0.00e+00	0.00e+00	0.00e+00	0.00e+00	0.00e+00	5.01e-153
 1.09774e+12	2.43e-40	8.52e-30	2.29e-20	1.62e-11	3.54e-02	9.52e-01	1.29e-02	0.00e+00	0.00e+00	0.00e+00	0.00e+00	0.00e+00	7.80e-200
 1.17158e+12	0.00e+00	1.19e-29	2.95e-20	1.92e-11	3.87e-02	9.49e-01	1.18e-02	0.00e+00	0.00e+00	0.00e+00	0.00e+00	0.00e+00	6.74e-152
 1.24837e+12	5.61e-40	1.67e-29	3.80e-20	2.28e-11	4.23e-02	9.47e-01	1.09e-02	0.00e+00	0.00e+00	0.00e+00	0.00e+00	0.00e+00	2.07e-198
 1.32823e+12	0.00e+00	2.34e-29	4.91e-20	2.70e-11	4.62e-02	9.44e-01	9.96e-03	0.00e+00	0.00e+00	0.00e+00	0.00e+00	0.00e+00	9.16e-151
 1.41128e+12	1.30e-39	3.28e-29	6.34e-20	3.21e-11	5.04e-02	9.40e-01	9.13e-03	0.00e+00	0.00e+00	0.00e+00	0.00e+00	0.00e+00	0.00e+00
 1.49578e+12	0.00e+00	4.58e-29	8.16e-20	3.80e-11	5.50e-02	9.37e-01	8.37e-03	0.00e+00	0.00e+00	0.00e+00	0.00e+00	0.00e+00	1.23e-149
 1.58366e+12	2.99e-39	6.40e-29	1.05e-19	4.51e-11	6.00e-02	9.32e-01	7.67e-03	0.00e+00	0.00e+00	0.00e+00	0.00e+00	0.00e+00	0.00e+00
 1.67693e+12	0.00e+00	9.01e-29	1.36e-19	5.36e-11	6.56e-02	9.27e-01	7.01e-03	0.00e+00	0.00e+00	0.00e+00	0.00e+00	0.00e+00	1.67e-148
 1.77393e+12	7.04e-39	1.27e-28	1.77e-19	6.38e-11	7.16e-02	9.22e-01	6.40e-03	0.00e+00	0.00e+00	0.00e+00	0.00e+00	0.00e+00	0.00e+00
 1.87482e+12	0.00e+00	1.79e-28	2.29e-19	7.59e-11	7.82e-02	9.16e-01	5.84e-03	0.00e+00	0.00e+00	0.00e+00	0.00e+00	0.00e+00	2.36e-147
 1.97974e+12	1.67e-38	2.53e-28	2.98e-19	9.04e-11	8.54e-02	9.09e-01	5.32e-03	0.00e+00	0.00e+00	0.00e+00	0.00e+00	0.00e+00	0.00e+00
 2.08885e+12	0.00e+00	3.58e-28	3.87e-19	1.08e-10	9.33e-02	9.02e-01	4.84e-03	0.00e+00	0.00e+00	0.00e+00	0.00e+00	0.00e+00	3.38e-146
 2.20234e+12	3.96e-38	5.07e-28	5.04e-19	1.28e-10	1.02e-01	8.94e-01	4.39e-03	0.00e+00	0.00e+00	0.00e+00	0.00e+00	0.00e+00	7.18e-193
 2.30688e+12	0.00e+00	6.91e-28	6.36e-19	1.50e-10	1.10e-01	8.86e-01	4.03e-03	0.00e+00	0.00e+00	0.00e+00	0.00e+00	0.00e+00	4.23e-145
 2.39700e+12	8.05e-38	8.94e-28	7.73e-19	1.70e-10	1.17e-01	8.79e-01	3.75e-03	0.00e+00	0.00e+00	0.00e+00	0.00e+00	0.00e+00	0.00e+00
 2.49687e+12	0.00e+00	1.18e-27	9.56e-19	1.96e-10	1.26e-01	8.71e-01	3.46e-03	0.00e+00	0.00e+00	0.00e+00	0.00e+00	0.00e+00	3.34e-144
 2.61934e+12	1.73e-37	1.65e-27	1.23e-18	2.31e-10	1.36e-01	8.61e-01	3.14e-03	0.00e+00	0.00e+00	0.00e+00	0.00e+00	0.00e+00	5.72e-204
 2.74439e+12	0.00e+00	2.28e-27	1.57e-18	2.72e-10	1.47e-01	8.50e-01	2.85e-03	0.00e+00	0.00e+00	0.00e+00	0.00e+00	0.00e+00	4.19e-143
 2.85770e+12	3.72e-37	3.04e-27	1.95e-18	3.14e-10	1.58e-01	8.40e-01	2.62e-03	0.00e+00	0.00e+00	0.00e+00	0.00e+00	0.00e+00	6.48e-203
 2.98259e+12	0.00e+00	4.12e-27	2.45e-18	3.65e-10	1.70e-01	8.28e-01	2.39e-03	0.00e+00	0.00e+00	0.00e+00	0.00e+00	0.00e+00	4.05e-142
 3.12921e+12	8.39e-37	5.81e-27	3.18e-18	4.33e-10	1.84e-01	8.14e-01	2.15e-03	0.00e+00	0.00e+00	0.00e+00	0.00e+00	0.00e+00	0.00e+00
 3.27257e+12	0.00e+00	8.04e-27	4.07e-18	5.08e-10	1.98e-01	8.00e-01	1.94e-03	0.00e+00	0.00e+00	0.00e+00	0.00e+00	0.00e+00	5.38e-141
 3.40429e+12	1.81e-36	1.07e-26	5.06e-18	5.86e-10	2.12e-01	7.87e-01	1.77e-03	0.00e+00	0.00e+00	0.00e+00	0.00e+00	0.00e+00	0.00e+00
 3.55241e+12	0.00e+00	1.47e-26	6.40e-18	6.83e-10	2.27e-01	7.71e-01	1.60e-03	0.00e+00	0.00e+00	0.00e+00	0.00e+00	0.00e+00	5.46e-140
 3.72382e+12	4.13e-36	2.07e-26	8.32e-18	8.09e-10	2.45e-01	7.54e-01	1.42e-03	0.00e+00	0.00e+00	0.00e+00	0.00e+00	0.00e+00	0.00e+00
 3.89145e+12	0.00e+00	2.87e-26	1.06e-17	9.48e-10	2.63e-01	7.36e-01	1.27e-03	0.00e+00	0.00e+00	0.00e+00	0.00e+00	0.00e+00	7.48e-139
 4.05027e+12	9.03e-36	3.86e-26	1.33e-17	1.09e-09	2.80e-01	7.19e-01	1.15e-03	0.00e+00	0.00e+00	0.00e+00	0.00e+00	0.00e+00	1.29e-211
 4.22669e+12	0.00e+00	5.30e-26	1.69e-17	1.28e-09	2.99e-01	7.00e-01	1.02e-03	0.00e+00	0.00e+00	0.00e+00	0.00e+00	0.00e+00	8.18e-138
 4.42569e+12	2.07e-35	7.46e-26	2.18e-17	1.50e-09	3.21e-01	6.78e-01	9.03e-04	0.00e+00	0.00e+00	0.00e+00	0.00e+00	0.00e+00	7.46e-238
 4.62413e+12	0.00e+00	1.03e-25	2.79e-17	1.76e-09	3.42e-01	6.57e-01	7.99e-04	0.00e+00	0.00e+00	0.00e+00	0.00e+00	0.00e+00	1.13e-136
 4.83052e+12	4.69e-35	1.43e-25	3.56e-17	2.05e-09	3.64e-01	6.35e-01	7.05e-04	0.00e+00	0.00e+00	0.00e+00	0.00e+00	0.00e+00	0.00e+00
 5.05366e+12	0.00e+00	2.00e-25	4.57e-17	2.40e-09	3.88e-01	6.12e-01	6.17e-04	0.00e+00	0.00e+00	0.00e+00	0.00e+00	0.00e+00	1.54e-135
 5.28100e+12	1.08e-34	2.76e-25	5.83e-17	2.80e-09	4.12e-01	5.88e-01	5.41e-04	0.00e+00	0.00e+00	0.00e+00	0.00e+00	0.00e+00	1.78e-98
 5.51742e+12	1.62e-34	3.82e-25	7.43e-17	3.25e-09	4.36e-01	5.64e-01	4.73e-04	0.00e+00	0.00e+00	0.00e+00	0.00e+00	0.00e+00	0.00e+00
 5.76804e+12	2.45e-34	5.28e-25	9.48e-17	3.79e-09	4.60e-01	5.39e-01	4.11e-04	0.00e+00	0.00e+00	0.00e+00	0.00e+00	0.00e+00	8.92e-116
 6.00391e+12	3.54e-34	7.08e-25	1.18e-16	4.34e-09	4.83e-01	5.17e-01	3.61e-04	0.00e+00	0.00e+00	0.00e+00	0.00e+00	0.00e+00	2.80e-97
 6.21458e+12	4.86e-34	9.09e-25	1.42e-16	4.87e-09	5.03e-01	4.97e-01	3.22e-04	0.00e+00	0.00e+00	0.00e+00	0.00e+00	0.00e+00	0.00e+00
 6.45047e+12	6.84e-34	1.19e-24	1.74e-16	5.50e-09	5.24e-01	4.76e-01	2.84e-04	0.00e+00	0.00e+00	0.00e+00	0.00e+00	0.00e+00	1.60e-114
 6.71318e+12	9.84e-34	1.58e-24	2.15e-16	6.27e-09	5.47e-01	4.53e-01	2.48e-04	0.00e+00	0.00e+00	0.00e+00	0.00e+00	0.00e+00	3.02e-96
 6.96008e+12	1.36e-33	2.05e-24	2.61e-16	7.05e-09	5.67e-01	4.33e-01	2.19e-04	0.00e+00	0.00e+00	0.00e+00	0.00e+00	0.00e+00	0.00e+00
 7.23038e+12	1.92e-33	2.69e-24	3.19e-16	7.96e-09	5.88e-01	4.11e-01	1.91e-04	0.00e+00	0.00e+00	0.00e+00	0.00e+00	0.00e+00	3.01e-113
 7.53253e+12	2.78e-33	3.59e-24	3.96e-16	9.07e-09	6.11e-01	3.89e-01	1.65e-04	0.00e+00	0.00e+00	0.00e+00	0.00e+00	0.00e+00	3.43e-95
 7.81805e+12	3.87e-33	4.66e-24	4.81e-16	1.02e-08	6.31e-01	3.69e-01	1.44e-04	0.00e+00	0.00e+00	0.00e+00	0.00e+00	0.00e+00	2.23e-112
 8.12824e+12	5.45e-33	6.10e-24	5.88e-16	1.15e-08	6.52e-01	3.48e-01	1.25e-04	0.00e+00	0.00e+00	0.00e+00	0.00e+00	0.00e+00	1.67e-94
 8.47369e+12	7.86e-33	8.13e-24	7.29e-16	1.30e-08	6.74e-01	3.26e-01	1.06e-04	0.00e+00	0.00e+00	0.00e+00	0.00e+00	0.00e+00	1.73e-111
 8.80312e+12	1.10e-32	1.06e-23	8.86e-16	1.46e-08	6.93e-01	3.07e-01	9.18e-05	0.00e+00	0.00e+00	0.00e+00	0.00e+00	0.00e+00	8.67e-94
 9.15533e+12	1.54e-32	1.38e-23	1.08e-15	1.65e-08	7.12e-01	2.88e-01	7.88e-05	0.00e+00	0.00e+00	0.00e+00	0.00e+00	0.00e+00	1.23e-110
 9.51819e+12	2.15e-32	1.79e-23	1.31e-15	1.85e-08	7.30e-01	2.70e-01	6.75e-05	0.00e+00	0.00e+00	0.00e+00	0.00e+00	0.00e+00	4.26e-93
 9.83525e+12	2.84e-32	2.23e-23	1.55e-15	2.03e-08	7.45e-01	2.55e-01	5.92e-05	0.00e+00	0.00e+00	0.00e+00	0.00e+00	0.00e+00	7.45e-110
 1.01765e+13	3.79e-32	2.80e-23	1.83e-15	2.24e-08	7.60e-01	2.40e-01	5.15e-05	0.00e+00	0.00e+00	0.00e+00	0.00e+00	0.00e+00	1.63e-92
 1.05918e+13	5.31e-32	3.65e-23	2.24e-15	2.52e-08	7.77e-01	2.23e-01	4.37e-05	0.00e+00	0.00e+00	0.00e+00	0.00e+00	0.00e+00	4.74e-109
 1.10064e+13	7.31e-32	4.70e-23	2.70e-15	2.81e-08	7.92e-01	2.08e-01	3.73e-05	0.00e+00	0.00e+00	0.00e+00	0.00e+00	0.00e+00	7.73e-92
 1.13737e+13	9.58e-32	5.82e-23	3.17e-15	3.08e-08	8.05e-01	1.95e-01	3.25e-05	0.00e+00	0.00e+00	0.00e+00	0.00e+00	0.00e+00	2.77e-108
 1.17761e+13	1.27e-31	7.28e-23	3.75e-15	3.39e-08	8.17e-01	1.83e-01	2.80e-05	0.00e+00	0.00e+00	0.00e+00	0.00e+00	0.00e+00	2.90e-91
 1.22585e+13	1.76e-31	9.41e-23	4.55e-15	3.79e-08	8.31e-01	1.69e-01	2.36e-05	0.00e+00	0.00e+00	0.00e+00	0.00e+00	0.00e+00	1.75e-107
 1.27394e+13	2.40e-31	1.20e-22	5.46e-15	4.21e-08	8.43e-01	1.57e-01	2.00e-05	0.00e+00	0.00e+00	0.00e+00	0.00e+00	0.00e+00	1.32e-90
 1.31770e+13	3.15e-31	1.49e-22	6.41e-15	4.61e-08	8.54e-01	1.46e-01	1.73e-05	0.00e+00	0.00e+00	0.00e+00	0.00e+00	0.00e+00	1.02e-106
 1.36638e+13	4.19e-31	1.86e-22	7.59e-15	5.08e-08	8.64e-01	1.36e-01	1.48e-05	0.00e+00	0.00e+00	0.00e+00	0.00e+00	0.00e+00	5.02e-90
 1.42327e+13	5.77e-31	2.40e-22	9.18e-15	5.67e-08	8.75e-01	1.25e-01	1.23e-05	0.00e+00	0.00e+00	0.00e+00	0.00e+00	0.00e+00	6.55e-106
 1.47936e+13	7.78e-31	3.04e-22	1.10e-14	6.27e-08	8.85e-01	1.15e-01	1.04e-05	0.00e+00	0.00e+00	0.00e+00	0.00e+00	0.00e+00	2.23e-89
 1.53224e+13	1.02e-30	3.76e-22	1.29e-14	6.87e-08	8.93e-01	1.07e-01	8.93e-06	0.00e+00	0.00e+00	0.00e+00	0.00e+00	0.00e+00	3.85e-105
 1.59107e+13	1.36e-30	4.72e-22	1.53e-14	7.57e-08	9.01e-01	9.91e-02	7.56e-06	0.00e+00	0.00e+00	0.00e+00	0.00e+00	0.00e+00	8.68e-89
 1.65771e+13	1.85e-30	6.03e-22	1.84e-14	8.41e-08	9.09e-01	9.09e-02	6.31e-06	0.00e+00	0.00e+00	0.00e+00	0.00e+00	0.00e+00	2.52e-104
 1.72449e+13	2.49e-30	7.63e-22	2.20e-14	9.29e-08	9.16e-01	8.36e-02	5.30e-06	0.00e+00	0.00e+00	0.00e+00	0.00e+00	0.00e+00	3.85e-88
 1.79395e+13	3.35e-30	9.63e-22	2.62e-14	1.03e-07	9.23e-01	7.69e-02	4.45e-06	0.00e+00	0.00e+00	0.00e+00	0.00e+00	0.00e+00	1.65e-103
 1.86870e+13	4.53e-30	1.22e-21	3.13e-14	1.13e-07	9.30e-01	7.05e-02	3.72e-06	0.00e+00	0.00e+00	0.00e+00	0.00e+00	0.00e+00	1.70e-87
 1.94644e+13	6.13e-30	1.55e-21	3.74e-14	1.25e-07	9.35e-01	6.46e-02	3.11e-06	0.00e+00	0.00e+00	0.00e+00	0.00e+00	0.00e+00	1.15e-102
 2.02335e+13	8.15e-30	1.94e-21	4.42e-14	1.38e-07	9.41e-01	5.95e-02	2.62e-06	0.00e+00	0.00e+00	0.00e+00	0.00e+00	0.00e+00	7.40e-87
 2.10333e+13	1.08e-29	2.43e-21	5.22e-14	1.51e-07	9.45e-01	5.47e-02	2.21e-06	0.00e+00	0.00e+00	0.00e+00	0.00e+00	0.00e+00	7.25e-102
 2.18490e+13	1.43e-29	3.02e-21	6.15e-14	1.65e-07	9.50e-01	5.05e-02	1.87e-06	0.00e+00	0.00e+00	0.00e+00	0.00e+00	0.00e+00	3.10e-86
 2.26053e+13	1.83e-29	3.68e-21	7.10e-14	1.79e-07	9.53e-01	4.69e-02	1.61e-06	0.00e+00	0.00e+00	0.00e+00	0.00e+00	0.00e+00	4.04e-101
 2.33066e+13	2.29e-29	4.38e-21	8.08e-14	1.92e-07	9.56e-01	4.40e-02	1.41e-06	0.00e+00	0.00e+00	0.00e+00	0.00e+00	0.00e+00	1.04e-85
 2.40739e+13	2.90e-29	5.27e-21	9.26e-14	2.07e-07	9.59e-01	4.11e-02	1.23e-06	0.00e+00	0.00e+00	0.00e+00	0.00e+00	0.00e+00	1.82e-100
 2.49397e+13	3.76e-29	6.45e-21	1.07e-13	2.25e-07	9.62e-01	3.81e-02	1.06e-06	0.00e+00	0.00e+00	0.00e+00	0.00e+00	0.00e+00	3.75e-85
 2.57689e+13	4.76e-29	7.77e-21	1.23e-13	2.42e-07	9.64e-01	3.55e-02	9.16e-07	0.00e+00	0.00e+00	0.00e+00	0.00e+00	0.00e+00	9.29e-100
 2.66822e+13	6.16e-29	9.50e-21	1.42e-13	2.62e-07	9.67e-01	3.31e-02	0.00e+00	0.00e+00	0.00e+00	0.00e+00	0.00e+00	0.00e+00	1.38e-84
 2.77081e+13	8.10e-29	1.18e-20	1.66e-13	2.85e-07	9.69e-01	3.05e-02	0.00e+00	0.00e+00	0.00e+00	0.00e+00	0.00e+00	0.00e+00	5.35e-99
 2.86827e+13	1.05e-28	1.43e-20	1.91e-13	3.08e-07	9.72e-01	2.84e-02	0.00e+00	0.00e+00	0.00e+00	0.00e+00	0.00e+00	0.00e+00	5.57e-84
 2.95693e+13	1.31e-28	1.71e-20	2.17e-13	3.29e-07	9.73e-01	2.66e-02	0.00e+00	0.00e+00	0.00e+00	0.00e+00	0.00e+00	0.00e+00	2.60e-98
 3.05392e+13	1.66e-28	2.05e-20	2.48e-13	3.53e-07	9.75e-01	2.49e-02	0.00e+00	0.00e+00	0.00e+00	0.00e+00	0.00e+00	0.00e+00	1.89e-83
 3.16291e+13	2.15e-28	2.51e-20	2.86e-13	3.81e-07	9.77e-01	2.31e-02	0.00e+00	0.00e+00	0.00e+00	0.00e+00	0.00e+00	0.00e+00	1.34e-97
 3.26667e+13	2.73e-28	3.02e-20	3.26e-13	4.09e-07	9.78e-01	2.16e-02	0.00e+00	0.00e+00	0.00e+00	0.00e+00	0.00e+00	0.00e+00	7.14e-83
 3.38069e+13	3.52e-28	3.67e-20	3.74e-13	4.41e-07	9.80e-01	2.02e-02	0.00e+00	0.00e+00	0.00e+00	0.00e+00	0.00e+00	0.00e+00	6.88e-97
 3.50701e+13	4.63e-28	4.53e-20	4.34e-13	4.77e-07	9.81e-01	1.87e-02	0.00e+00	0.00e+00	0.00e+00	0.00e+00	0.00e+00	0.00e+00	2.96e-82
 3.62474e+13	5.92e-28	5.48e-20	4.97e-13	5.12e-07	9.83e-01	1.75e-02	0.00e+00	0.00e+00	0.00e+00	0.00e+00	0.00e+00	0.00e+00	3.83e-96
 3.75320e+13	7.70e-28	6.70e-20	5.71e-13	5.51e-07	9.84e-01	1.63e-02	0.00e+00	0.00e+00	0.00e+00	0.00e+00	0.00e+00	0.00e+00	1.17e-81
 3.89748e+13	1.02e-27	8.33e-20	6.65e-13	5.96e-07	9.85e-01	1.51e-02	0.00e+00	0.00e+00	0.00e+00	0.00e+00	0.00e+00	0.00e+00	2.32e-95
 4.03500e+13	1.33e-27	1.02e-19	7.64e-13	6.41e-07	9.86e-01	1.40e-02	0.00e+00	0.00e+00	0.00e+00	0.00e+00	0.00e+00	0.00e+00	5.12e-81
 4.18436e+13	1.75e-27	1.26e-19	8.84e-13	6.92e-07	9.87e-01	1.30e-02	0.00e+00	0.00e+00	0.00e+00	0.00e+00	0.00e+00	0.00e+00	1.36e-94
 4.35066e+13	2.36e-27	1.57e-19	1.03e-12	7.50e-07	9.88e-01	1.20e-02	0.00e+00	0.00e+00	0.00e+00	0.00e+00	0.00e+00	0.00e+00	2.43e-80
 4.51099e+13	3.11e-27	1.94e-19	1.19e-12	8.08e-07	9.89e-01	1.12e-02	0.00e+00	0.00e+00	0.00e+00	0.00e+00	0.00e+00	0.00e+00	8.97e-94
 4.68178e+13	4.13e-27	2.41e-19	1.38e-12	8.72e-07	9.90e-01	1.04e-02	0.00e+00	0.00e+00	0.00e+00	0.00e+00	0.00e+00	0.00e+00	1.13e-79
 4.87205e+13	5.62e-27	3.05e-19	1.62e-12	9.46e-07	9.90e-01	9.59e-03	0.00e+00	0.00e+00	0.00e+00	0.00e+00	0.00e+00	0.00e+00	6.26e-93
 5.06418e+13	7.57e-27	3.82e-19	1.89e-12	1.02e-06	9.91e-01	8.88e-03	0.00e+00	0.00e+00	0.00e+00	0.00e+00	0.00e+00	0.00e+00	5.91e-79
 5.26400e+13	1.02e-26	4.79e-19	2.21e-12	1.11e-06	9.92e-01	8.22e-03	0.00e+00	0.00e+00	0.00e+00	0.00e+00	0.00e+00	0.00e+00	4.44e-92
 5.47755e+13	1.39e-26	6.05e-19	2.59e-12	1.20e-06	9.92e-01	7.59e-03	0.00e+00	0.00e+00	0.00e+00	0.00e+00	0.00e+00	0.00e+00	3.13e-78
 5.69964e+13	1.90e-26	7.65e-19	3.03e-12	1.30e-06	9.93e-01	7.01e-03	0.00e+00	0.00e+00	0.00e+00	0.00e+00	0.00e+00	0.00e+00	3.35e-91
 5.93062e+13	2.59e-26	9.67e-19	3.54e-12	1.41e-06	9.94e-01	6.48e-03	0.00e+00	0.00e+00	0.00e+00	0.00e+00	0.00e+00	0.00e+00	1.72e-77
 6.15932e+13	3.48e-26	1.21e-18	4.12e-12	1.52e-06	9.94e-01	6.02e-03	0.00e+00	0.00e+00	0.00e+00	0.00e+00	0.00e+00	0.00e+00	2.42e-90
 6.39716e+13	4.68e-26	1.51e-18	4.78e-12	1.64e-06	9.94e-01	5.58e-03	0.00e+00	0.00e+00	0.00e+00	0.00e+00	0.00e+00	0.00e+00	8.77e-77
 6.65604e+13	6.39e-26	1.91e-18	5.60e-12	1.77e-06	9.95e-01	5.16e-03	0.00e+00	0.00e+00	0.00e+00	0.00e+00	0.00e+00	0.00e+00	2.06e-76
 6.91797e+13	8.65e-26	2.40e-18	6.52e-12	1.91e-06	9.95e-01	4.78e-03	0.00e+00	0.00e+00	0.00e+00	0.00e+00	0.00e+00	0.00e+00	4.74e-76
 7.15580e+13	1.13e-25	2.93e-18	7.45e-12	2.04e-06	9.96e-01	4.47e-03	0.00e+00	0.00e+00	0.00e+00	0.00e+00	0.00e+00	0.00e+00	9.83e-76
 7.36958e+13	1.42e-25	3.48e-18	8.38e-12	2.17e-06	9.96e-01	4.22e-03	0.00e+00	0.00e+00	0.00e+00	0.00e+00	0.00e+00	0.00e+00	1.86e-75
 7.61319e+13	1.83e-25	4.22e-18	9.53e-12	2.31e-06	9.96e-01	3.95e-03	0.00e+00	0.00e+00	0.00e+00	0.00e+00	0.00e+00	0.00e+00	3.74e-75
 7.90739e+13	2.47e-25	5.28e-18	1.11e-11	2.49e-06	9.96e-01	3.67e-03	0.00e+00	0.00e+00	0.00e+00	0.00e+00	0.00e+00	0.00e+00	8.49e-75
 8.20806e+13	3.31e-25	6.59e-18	1.28e-11	2.69e-06	9.97e-01	3.41e-03	0.00e+00	0.00e+00	0.00e+00	0.00e+00	0.00e+00	0.00e+00	1.90e-74
 8.49055e+13	4.32e-25	8.04e-18	1.47e-11	2.87e-06	9.97e-01	3.18e-03	0.00e+00	0.00e+00	0.00e+00	0.00e+00	0.00e+00	0.00e+00	3.95e-74
 8.80296e+13	5.72e-25	9.93e-18	1.69e-11	3.09e-06	9.97e-01	2.96e-03	0.00e+00	0.00e+00	0.00e+00	0.00e+00	0.00e+00	0.00e+00	8.53e-74
 9.15807e+13	7.81e-25	1.26e-17	1.98e-11	3.34e-06	9.97e-01	2.74e-03	0.00e+00	0.00e+00	0.00e+00	0.00e+00	0.00e+00	0.00e+00	2.02e-73
 9.51419e+13	1.05e-24	1.57e-17	2.30e-11	3.61e-06	9.97e-01	2.54e-03	0.00e+00	0.00e+00	0.00e+00	0.00e+00	0.00e+00	0.00e+00	4.50e-73
 9.88456e+13	1.41e-24	1.97e-17	2.68e-11	3.89e-06	9.98e-01	2.35e-03	0.00e+00	0.00e+00	0.00e+00	0.00e+00	0.00e+00	0.00e+00	1.03e-72
 1.02829e+14	1.92e-24	2.48e-17	3.14e-11	4.22e-06	9.98e-01	2.17e-03	0.00e+00	0.00e+00	0.00e+00	0.00e+00	0.00e+00	0.00e+00	2.38e-72
 1.06972e+14	2.62e-24	3.14e-17	3.67e-11	4.56e-06	9.98e-01	2.01e-03	0.00e+00	0.00e+00	0.00e+00	0.00e+00	0.00e+00	0.00e+00	5.63e-72
 1.10830e+14	3.44e-24	3.85e-17	4.23e-11	4.90e-06	9.98e-01	1.87e-03	0.00e+00	0.00e+00	0.00e+00	0.00e+00	0.00e+00	0.00e+00	1.18e-71
 1.14205e+14	4.32e-24	4.58e-17	4.76e-11	5.21e-06	9.98e-01	1.76e-03	0.00e+00	0.00e+00	0.00e+00	0.00e+00	1.48e-17	3.10e-17	2.22e-71
 1.17955e+14	5.58e-24	5.56e-17	5.42e-11	5.55e-06	9.98e-01	1.65e-03	0.00e+00	0.00e+00	0.00e+00	0.00e+00	1.85e-17	3.71e-17	4.50e-71
 1.22490e+14	7.45e-24	6.92e-17	6.29e-11	5.99e-06	9.98e-01	1.53e-03	0.00e+00	0.00e+00	0.00e+00	0.00e+00	2.30e-17	4.62e-17	9.94e-71
 1.27058e+14	9.90e-24	8.58e-17	7.29e-11	6.46e-06	9.99e-01	1.42e-03	0.00e+00	0.00e+00	0.00e+00	0.00e+00	2.85e-17	5.73e-17	2.16e-70
 1.31209e+14	1.27e-23	1.04e-16	8.29e-11	6.89e-06	9.99e-01	1.33e-03	0.00e+00	0.00e+00	0.00e+00	0.00e+00	3.44e-17	6.92e-17	4.28e-70
 1.35808e+14	1.66e-23	1.27e-16	9.51e-11	7.38e-06	9.99e-01	1.24e-03	0.00e+00	0.00e+00	0.00e+00	0.00e+00	4.22e-17	8.49e-17	9.03e-70
 1.41190e+14	2.23e-23	1.59e-16	1.11e-10	8.00e-06	9.99e-01	1.14e-03	0.00e+00	0.00e+00	0.00e+00	0.00e+00	5.28e-17	1.06e-16	2.02e-69
 1.46466e+14	2.97e-23	1.97e-16	1.29e-10	8.61e-06	9.99e-01	1.06e-03	0.00e+00	0.00e+00	0.00e+00	0.00e+00	6.55e-17	1.32e-16	4.43e-69
 1.51381e+14	3.84e-23	2.40e-16	1.47e-10	9.20e-06	9.99e-01	9.94e-04	0.00e+00	0.00e+00	0.00e+00	0.00e+00	7.96e-17	1.60e-16	8.99e-69
 1.56893e+14	5.06e-23	2.96e-16	1.69e-10	9.89e-06	9.99e-01	9.25e-04	0.00e+00	0.00e+00	0.00e+00	0.00e+00	9.81e-17	1.97e-16	1.92e-68
 1.63198e+14	6.84e-23	3.72e-16	1.98e-10	1.07e-05	9.99e-01	8.53e-04	0.00e+00	0.00e+00	0.00e+00	0.00e+00	1.23e-16	2.48e-16	4.36e-68
 1.69413e+14	9.15e-23	4.63e-16	2.31e-10	1.16e-05	9.99e-01	7.91e-04	0.00e+00	0.00e+00	0.00e+00	0.00e+00	1.54e-16	3.09e-16	9.69e-68
 1.75876e+14	1.22e-22	5.78e-16	2.68e-10	1.25e-05	9.99e-01	7.34e-04	0.00e+00	0.00e+00	0.00e+00	0.00e+00	1.92e-16	3.86e-16	2.17e-67
 1.82941e+14	1.66e-22	7.27e-16	3.13e-10	1.35e-05	9.99e-01	6.78e-04	0.00e+00	0.00e+00	0.00e+00	0.00e+00	2.41e-16	4.86e-16	4.99e-67
 1.90100e+14	2.22e-22	9.08e-16	3.66e-10	1.46e-05	9.99e-01	6.27e-04	0.00e+00	0.00e+00	0.00e+00	0.00e+00	3.01e-16	6.07e-16	1.11e-66
 1.97545e+14	3.00e-22	1.14e-15	4.26e-10	1.58e-05	9.99e-01	5.80e-04	0.00e+00	0.00e+00	0.00e+00	0.00e+00	3.79e-16	7.63e-16	2.56e-66
 2.05166e+14	3.99e-22	1.42e-15	4.97e-10	1.71e-05	9.99e-01	5.37e-04	0.00e+00	0.00e+00	0.00e+00	0.00e+00	4.70e-16	9.47e-16	5.56e-66
 2.12563e+14	5.26e-22	1.75e-15	5.73e-10	1.83e-05	9.99e-01	5.00e-04	0.00e+00	0.00e+00	0.00e+00	0.00e+00	5.79e-16	1.17e-15	1.19e-65
 2.19849e+14	6.84e-22	2.13e-15	6.55e-10	1.96e-05	1.00e+00	4.68e-04	0.00e+00	0.00e+00	0.00e+00	0.00e+00	7.07e-16	1.42e-15	2.46e-65
 2.27954e+14	9.04e-22	2.63e-15	7.57e-10	2.11e-05	1.00e+00	4.35e-04	0.00e+00	0.00e+00	0.00e+00	0.00e+00	8.74e-16	1.76e-15	5.28e-65
 2.36863e+14	1.21e-21	3.28e-15	8.83e-10	2.28e-05	1.00e+00	4.02e-04	0.00e+00	0.00e+00	0.00e+00	0.00e+00	1.09e-15	2.19e-15	1.16e-64
 2.45428e+14	1.59e-21	4.05e-15	1.02e-09	2.45e-05	1.00e+00	3.75e-04	0.00e+00	0.00e+00	0.00e+00	0.00e+00	1.34e-15	2.71e-15	2.53e-64
 2.53121e+14	2.00e-21	4.82e-15	1.15e-09	2.61e-05	1.00e+00	3.52e-04	0.00e+00	0.00e+00	0.00e+00	0.00e+00	1.60e-15	3.22e-15	4.72e-64
 2.61297e+14	2.55e-21	5.79e-15	1.31e-09	2.78e-05	1.00e+00	3.30e-04	0.00e+00	0.00e+00	0.00e+00	0.00e+00	1.92e-15	3.87e-15	9.20e-64
 2.71251e+14	3.39e-21	7.19e-15	1.52e-09	3.00e-05	1.00e+00	3.06e-04	0.00e+00	0.00e+00	0.00e+00	0.00e+00	2.38e-15	4.80e-15	2.01e-63
 2.81134e+14	4.49e-21	8.90e-15	1.75e-09	3.22e-05	1.00e+00	2.85e-04	0.00e+00	0.00e+00	0.00e+00	0.00e+00	2.95e-15	5.95e-15	4.39e-63
 2.89870e+14	5.61e-21	1.05e-14	1.98e-09	3.43e-05	1.00e+00	2.68e-04	0.00e+00	0.00e+00	0.00e+00	0.00e+00	3.50e-15	7.05e-15	8.06e-63
 2.99500e+14	7.25e-21	1.28e-14	2.25e-09	3.66e-05	1.00e+00	2.51e-04	0.00e+00	0.00e+00	0.00e+00	0.00e+00	4.25e-15	8.56e-15	1.65e-62
 3.10373e+14	9.40e-21	1.56e-14	2.60e-09	3.94e-05	1.00e+00	2.33e-04	0.00e+00	0.00e+00	0.00e+00	0.00e+00	5.18e-15	1.04e-14	3.35e-62
 3.20706e+14	1.21e-20	1.90e-14	2.96e-09	4.20e-05	1.00e+00	2.18e-04	0.00e+00	0.00e+00	0.00e+00	0.00e+00	6.29e-15	1.27e-14	6.81e-62
 3.31983e+14	1.56e-20	2.30e-14	3.40e-09	4.51e-05	1.00e+00	2.03e-04	0.00e+00	0.00e+00	0.00e+00	0.00e+00	7.62e-15	1.54e-14	1.36e-61
 3.44400e+14	2.05e-20	2.83e-14	3.94e-09	4.86e-05	1.00e+00	1.89e-04	0.00e+00	0.00e+00	0.00e+00	0.00e+00	9.39e-15	1.89e-14	2.88e-61
 3.55818e+14	2.63e-20	3.43e-14	4.49e-09	5.18e-05	1.00e+00	1.77e-04	0.00e+00	0.00e+00	0.00e+00	0.00e+00	1.14e-14	2.30e-14	5.79e-61
 3.68178e+14	3.35e-20	4.13e-14	5.15e-09	5.56e-05	1.00e+00	1.65e-04	0.00e+00	0.00e+00	0.00e+00	0.00e+00	1.37e-14	2.76e-14	1.13e-60
 3.82006e+14	4.40e-20	5.09e-14	5.97e-09	5.99e-05	1.00e+00	1.53e-04	0.00e+00	0.00e+00	0.00e+00	0.00e+00	1.69e-14	3.41e-14	2.38e-60
 3.95053e+14	5.62e-20	6.15e-14	6.82e-09	6.42e-05	1.00e+00	1.43e-04	0.00e+00	0.00e+00	0.00e+00	0.00e+00	2.04e-14	4.11e-14	4.70e-60
 4.09297e+14	7.36e-20	7.58e-14	7.86e-09	6.89e-05	1.00e+00	1.33e-04	0.00e+00	0.00e+00	0.00e+00	0.00e+00	2.51e-14	5.07e-14	1.00e-59
 4.25168e+14	9.60e-20	9.29e-14	9.15e-09	7.46e-05	1.00e+00	1.23e-04	0.00e+00	0.00e+00	0.00e+00	0.00e+00	3.08e-14	6.22e-14	2.07e-59
 4.40041e+14	1.24e-19	1.13e-13	1.05e-08	8.00e-05	1.00e+00	1.14e-04	0.00e+00	0.00e+00	0.00e+00	0.00e+00	3.75e-14	7.59e-14	4.24e-59
 4.56041e+14	1.59e-19	1.37e-13	1.21e-08	8.61e-05	1.00e+00	1.06e-04	0.00e+00	0.00e+00	0.00e+00	0.00e+00	4.54e-14	9.18e-14	8.36e-59
 4.73877e+14	2.11e-19	1.71e-13	1.41e-08	9.32e-05	1.00e+00	9.80e-05	0.00e+00	0.00e+00	0.00e+00	0.00e+00	5.66e-14	1.15e-13	1.84e-58
 4.91088e+14	2.69e-19	2.07e-13	1.63e-08	1.00e-04	1.00e+00	9.10e-05	0.00e+00	0.00e+00	0.00e+00	0.00e+00	6.84e-14	1.38e-13	3.60e-58
 5.09422e+14	3.51e-19	2.55e-13	1.89e-08	1.08e-04	1.00e+00	8.43e-05	0.00e+00	0.00e+00	0.00e+00	0.00e+00	8.43e-14	1.71e-13	7.61e-58
 5.29829e+14	4.58e-19	3.14e-13	2.21e-08	1.18e-04	1.00e+00	7.76e-05	0.00e+00	0.00e+00	0.00e+00	0.00e+00	1.04e-13	2.10e-13	1.59e-57
 5.50138e+14	5.99e-19	3.88e-13	2.57e-08	1.27e-04	1.00e+00	7.17e-05	0.00e+00	0.00e+00	0.00e+00	0.00e+00	1.28e-13	2.59e-13	3.37e-57
 5.71260e+14	7.64e-19	4.70e-13	2.99e-08	1.38e-04	1.00e+00	6.62e-05	0.00e+00	0.00e+00	0.00e+00	0.00e+00	1.55e-13	3.15e-13	6.63e-57
 5.94140e+14	1.01e-18	5.88e-13	3.50e-08	1.49e-04	1.00e+00	6.09e-05	0.00e+00	0.00e+00	0.00e+00	0.00e+00	1.94e-13	3.94e-13	1.48e-56
 6.17254e+14	1.30e-18	7.16e-13	4.09e-08	1.62e-04	1.00e+00	5.61e-05	0.00e+00	0.00e+00	0.00e+00	0.00e+00	2.36e-13	4.79e-13	2.94e-56
 6.38787e+14	1.64e-18	8.60e-13	4.70e-08	1.74e-04	1.00e+00	5.21e-05	0.00e+00	0.00e+00	0.00e+00	0.00e+00	2.84e-13	5.76e-13	5.62e-56
 6.57106e+14	1.98e-18	1.00e-12	5.26e-08	1.85e-04	1.00e+00	4.91e-05	0.00e+00	0.00e+00	0.00e+00	0.00e+00	3.31e-13	6.72e-13	9.66e-56
 6.76050e+14	2.39e-18	1.17e-12	5.90e-08	1.97e-04	1.00e+00	4.61e-05	0.00e+00	0.00e+00	0.00e+00	0.00e+00	3.85e-13	7.81e-13	1.64e-55
 7.00508e+14	2.99e-18	1.40e-12	6.82e-08	2.13e-04	1.00e+00	4.27e-05	0.00e+00	0.00e+00	0.00e+00	0.00e+00	4.61e-13	9.36e-13	3.08e-55
 7.25530e+14	3.79e-18	1.69e-12	7.85e-08	2.30e-04	1.00e+00	3.96e-05	0.00e+00	0.00e+00	0.00e+00	0.00e+00	5.57e-13	1.13e-12	6.00e-55
 7.46359e+14	4.56e-18	1.96e-12	8.80e-08	2.44e-04	1.00e+00	3.73e-05	0.00e+00	0.00e+00	0.00e+00	0.00e+00	6.45e-13	1.31e-12	1.01e-54
 7.68339e+14	5.51e-18	2.28e-12	9.90e-08	2.60e-04	1.00e+00	3.50e-05	0.00e+00	0.00e+00	0.00e+00	0.00e+00	7.54e-13	1.53e-12	1.75e-54
 7.96393e+14	6.88e-18	2.73e-12	1.14e-07	2.81e-04	1.00e+00	3.24e-05	0.00e+00	0.00e+00	0.00e+00	0.00e+00	9.02e-13	1.83e-12	3.29e-54
 8.25674e+14	8.70e-18	3.31e-12	1.32e-07	3.05e-04	1.00e+00	2.99e-05	0.00e+00	0.00e+00	0.00e+00	0.00e+00	1.09e-12	2.22e-12	6.45e-54
 8.51243e+14	1.05e-17	3.86e-12	1.50e-07	3.26e-04	1.00e+00	2.80e-05	0.00e+00	0.00e+00	0.00e+00	0.00e+00	1.27e-12	2.59e-12	1.11e-53
 8.78655e+14	1.29e-17	4.56e-12	1.70e-07	3.49e-04	1.00e+00	2.61e-05	0.00e+00	0.00e+00	0.00e+00	0.00e+00	1.50e-12	3.06e-12	2.02e-53
 9.12047e+14	1.63e-17	5.53e-12	1.98e-07	3.79e-04	1.00e+00	2.41e-05	0.00e+00	0.00e+00	0.00e+00	0.00e+00	1.82e-12	3.71e-12	4.00e-53
 9.45215e+14	2.02e-17	6.61e-12	2.28e-07	4.10e-04	1.00e+00	2.23e-05	0.00e+00	0.00e+00	0.00e+00	0.00e+00	2.18e-12	4.43e-12	7.57e-53
 9.74229e+14	2.45e-17	7.72e-12	2.58e-07	4.39e-04	1.00e+00	2.09e-05	0.00e+00	0.00e+00	0.00e+00	0.00e+00	2.55e-12	5.18e-12	1.33e-52
 1.00584e+15	2.99e-17	9.13e-12	2.93e-07	4.71e-04	1.00e+00	1.95e-05	0.00e+00	0.00e+00	0.00e+00	0.00e+00	3.01e-12	6.12e-12	2.42e-52
 1.04420e+15	3.77e-17	1.10e-11	3.41e-07	5.12e-04	9.99e-01	1.79e-05	0.00e+00	0.00e+00	0.00e+00	0.00e+00	3.63e-12	7.39e-12	4.79e-52
 1.08251e+15	4.70e-17	1.33e-11	3.94e-07	5.54e-04	9.99e-01	1.66e-05	0.00e+00	3.98e-18	1.19e-17	1.99e-17	4.38e-12	8.91e-12	9.42e-52
 1.11675e+15	5.71e-17	1.56e-11	4.47e-07	5.95e-04	9.99e-01	1.55e-05	0.00e+00	4.83e-18	1.45e-17	2.42e-17	5.13e-12	1.05e-11	1.69e-51
 1.15452e+15	6.98e-17	1.84e-11	5.11e-07	6.41e-04	9.99e-01	1.44e-05	0.00e+00	5.92e-18	1.78e-17	2.97e-17	6.06e-12	1.23e-11	3.11e-51
 1.19941e+15	8.85e-17	2.24e-11	5.96e-07	6.99e-04	9.99e-01	1.33e-05	0.00e+00	7.52e-18	2.26e-17	3.77e-17	7.38e-12	1.50e-11	6.42e-51
 1.24373e+15	1.10e-16	2.70e-11	6.89e-07	7.57e-04	9.99e-01	1.23e-05	0.00e+00	9.39e-18	2.82e-17	4.71e-17	8.90e-12	1.81e-11	1.28e-50
 1.28441e+15	1.36e-16	3.19e-11	7.85e-07	8.15e-04	9.99e-01	1.15e-05	0.00e+00	1.15e-17	3.46e-17	5.78e-17	1.05e-11	2.14e-11	2.40e-50
 1.33015e+15	1.67e-16	3.81e-11	9.03e-07	8.80e-04	9.99e-01	1.06e-05	0.00e+00	1.42e-17	4.28e-17	7.14e-17	1.26e-11	2.56e-11	4.69e-50
 1.38314e+15	2.15e-16	4.67e-11	1.06e-06	9.63e-04	9.99e-01	9.80e-06	0.00e+00	1.83e-17	5.50e-17	9.18e-17	1.54e-11	3.13e-11	1.02e-49
 1.43484e+15	2.70e-16	5.65e-11	1.22e-06	1.05e-03	9.99e-01	9.07e-06	0.00e+00	2.31e-17	6.92e-17	1.16e-16	1.86e-11	3.79e-11	2.13e-49
 1.48384e+15	3.30e-16	6.70e-11	1.40e-06	1.13e-03	9.99e-01	8.46e-06	0.00e+00	2.82e-17	8.47e-17	1.41e-16	2.21e-11	4.50e-11	4.08e-49
 1.53845e+15	4.19e-16	8.13e-11	1.62e-06	1.22e-03	9.99e-01	7.84e-06	0.00e+00	3.59e-17	1.08e-16	1.80e-16	2.68e-11	5.45e-11	8.68e-49
 1.60002e+15	5.34e-16	9.95e-11	1.89e-06	1.34e-03	9.99e-01	7.23e-06	0.00e+00	4.58e-17	1.37e-16	2.29e-16	3.28e-11	6.67e-11	1.92e-48
 1.66225e+15	6.70e-16	1.21e-10	2.20e-06	1.45e-03	9.99e-01	6.70e-06	0.00e+00	5.75e-17	1.73e-16	2.88e-16	3.98e-11	8.11e-11	4.08e-48
 1.71461e+15	8.19e-16	1.43e-10	2.49e-06	1.56e-03	9.98e-01	6.29e-06	0.00e+00	7.04e-17	2.11e-16	3.53e-16	4.70e-11	9.57e-11	7.87e-48
 1.75522e+15	9.63e-16	1.62e-10	2.74e-06	1.64e-03	9.98e-01	6.01e-06	0.00e+00	8.28e-17	2.49e-16	4.15e-16	5.35e-11	1.09e-10	1.31e-47
 1.79914e+15	1.13e-15	1.85e-10	3.02e-06	1.73e-03	9.98e-01	5.73e-06	0.00e+00	9.71e-17	2.91e-16	4.87e-16	6.09e-11	1.24e-10	2.21e-47
 1.85623e+15	1.35e-15	2.17e-10	3.42e-06	1.86e-03	9.98e-01	5.39e-06	0.00e+00	1.17e-16	3.50e-16	5.85e-16	7.14e-11	1.45e-10	4.12e-47
 1.91834e+15	1.70e-15	2.60e-10	3.90e-06	2.00e-03	9.98e-01	5.05e-06	0.00e+00	1.47e-16	4.41e-16	7.36e-16	8.58e-11	1.74e-10	8.63e-47
 1.97434e+15	2.05e-15	3.04e-10	4.37e-06	2.13e-03	9.98e-01	4.79e-06	0.00e+00	1.77e-16	5.32e-16	8.88e-16	1.00e-10	2.04e-10	1.59e-46
 2.03451e+15	2.49e-15	3.57e-10	4.93e-06	2.28e-03	9.98e-01	4.53e-06	0.00e+00	2.15e-16	6.46e-16	1.08e-15	1.18e-10	2.39e-10	3.02e-46
 2.10991e+15	3.16e-15	4.34e-10	5.69e-06	2.47e-03	9.98e-01	4.24e-06	0.00e+00	2.74e-16	8.21e-16	1.37e-15	1.43e-10	2.91e-10	6.67e-46
 2.18598e+15	3.98e-15	5.27e-10	6.56e-06	2.67e-03	9.97e-01	3.99e-06	0.00e+00	3.45e-16	1.04e-15	1.73e-15	1.74e-10	3.53e-10	1.43e-45
 2.25184e+15	4.76e-15	6.13e-10	7.38e-06	2.85e-03	9.97e-01	3.79e-06	0.00e+00	4.13e-16	1.24e-15	2.07e-15	2.02e-10	4.11e-10	2.62e-45
 2.32351e+15	5.85e-15	7.27e-10	8.35e-06	3.06e-03	9.97e-01	3.59e-06	0.00e+00	5.08e-16	1.53e-15	2.55e-15	2.40e-10	4.87e-10	5.16e-45
 2.41131e+15	7.60e-15	8.99e-10	9.68e-06	3.32e-03	9.97e-01	3.38e-06	0.00e+00	6.61e-16	1.98e-15	3.31e-15	2.97e-10	6.02e-10	1.21e-44
 2.50031e+15	9.70e-15	1.10e-09	1.12e-05	3.60e-03	9.96e-01	3.19e-06	0.00e+00	8.45e-16	2.53e-15	4.23e-15	3.63e-10	7.36e-10	2.66e-44
 2.58001e+15	1.20e-14	1.31e-09	1.27e-05	3.85e-03	9.96e-01	3.04e-06	0.00e+00	1.04e-15	3.13e-15	5.22e-15	4.31e-10	8.75e-10	5.30e-44
 2.66742e+15	1.50e-14	1.57e-09	1.45e-05	4.15e-03	9.96e-01	2.90e-06	0.00e+00	1.31e-15	3.92e-15	6.54e-15	5.19e-10	1.05e-09	1.10e-43
 2.77119e+15	1.95e-14	1.95e-09	1.68e-05	4.51e-03	9.95e-01	2.75e-06	0.00e+00	1.70e-15	5.11e-15	8.52e-15	6.44e-10	1.30e-09	2.59e-43
 2.87367e+15	2.48e-14	2.38e-09	1.95e-05	4.88e-03	9.95e-01	2.62e-06	0.00e+00	2.16e-15	6.50e-15	1.08e-14	7.87e-10	1.60e-09	5.67e-43
 2.96748e+15	3.08e-14	2.85e-09	2.21e-05	5.24e-03	9.95e-01	2.51e-06	0.00e+00	2.70e-15	8.10e-15	1.35e-14	9.44e-10	1.91e-09	1.15e-42
 3.07255e+15	3.83e-14	3.43e-09	2.54e-05	5.65e-03	9.94e-01	2.41e-06	0.00e+00	3.35e-15	1.01e-14	1.68e-14	1.13e-09	2.30e-09	2.33e-42
 3.19460e+15	5.13e-14	4.34e-09	2.97e-05	6.15e-03	9.94e-01	2.30e-06	0.00e+00	4.50e-15	1.35e-14	2.25e-14	1.44e-09	2.91e-09	5.85e-42
 3.31443e+15	6.61e-14	5.36e-09	3.44e-05	6.66e-03	9.93e-01	2.22e-06	0.00e+00	5.81e-15	1.74e-14	2.91e-14	1.77e-09	3.59e-09	1.30e-41
 3.42835e+15	8.34e-14	6.50e-09	3.94e-05	7.17e-03	9.93e-01	2.15e-06	0.00e+00	7.34e-15	2.20e-14	3.67e-14	2.15e-09	4.35e-09	2.71e-41
 3.55480e+15	1.07e-13	8.00e-09	4.55e-05	7.75e-03	9.92e-01	2.08e-06	0.00e+00	9.44e-15	2.83e-14	4.73e-14	2.65e-09	5.35e-09	5.96e-41
 3.69702e+15	1.37e-13	9.83e-09	5.32e-05	8.43e-03	9.92e-01	2.01e-06	0.00e+00	1.20e-14	3.61e-14	6.03e-14	3.25e-09	6.58e-09	1.28e-40
 3.84091e+15	1.84e-13	1.25e-08	6.20e-05	9.17e-03	9.91e-01	1.95e-06	0.00e+00	1.62e-14	4.87e-14	8.13e-14	4.14e-09	8.36e-09	3.17e-40
 3.99055e+15	2.39e-13	1.55e-08	7.23e-05	9.94e-03	9.90e-01	1.90e-06	0.00e+00	2.11e-14	6.32e-14	1.05e-13	5.14e-09	1.04e-08	6.82e-40
 4.12375e+15	3.00e-13	1.88e-08	8.25e-05	1.07e-02	9.89e-01	1.86e-06	0.00e+00	2.65e-14	7.96e-14	1.33e-13	6.23e-09	1.26e-08	1.37e-39
 4.22492e+15	3.57e-13	2.17e-08	9.09e-05	1.12e-02	9.89e-01	1.84e-06	0.00e+00	3.16e-14	9.48e-14	1.58e-13	7.19e-09	1.45e-08	2.33e-39
 4.33126e+15	4.26e-13	2.51e-08	1.00e-04	1.19e-02	9.88e-01	1.82e-06	0.00e+00	3.77e-14	1.13e-13	1.89e-13	8.31e-09	1.68e-08	3.95e-39
 4.46950e+15	5.20e-13	2.97e-08	1.14e-04	1.27e-02	9.87e-01	1.79e-06	0.00e+00	4.60e-14	1.38e-13	2.30e-13	9.83e-09	1.99e-08	7.19e-39
 4.62037e+15	6.71e-13	3.66e-08	1.30e-04	1.36e-02	9.86e-01	1.77e-06	0.00e+00	5.95e-14	1.78e-13	2.98e-13	1.21e-08	2.45e-08	1.56e-38
 4.75704e+15	8.24e-13	4.35e-08	1.47e-04	1.45e-02	9.85e-01	1.75e-06	0.00e+00	7.30e-14	2.19e-13	3.65e-13	1.44e-08	2.91e-08	2.86e-38
 4.90407e+15	1.02e-12	5.19e-08	1.66e-04	1.55e-02	9.84e-01	1.73e-06	0.00e+00	9.02e-14	2.71e-13	4.52e-13	1.72e-08	3.47e-08	5.34e-38
 5.08694e+15	1.29e-12	6.34e-08	1.92e-04	1.67e-02	9.83e-01	1.70e-06	0.00e+00	1.15e-13	3.44e-13	5.74e-13	2.10e-08	4.24e-08	1.08e-37
 5.27114e+15	1.70e-12	7.97e-08	2.22e-04	1.81e-02	9.82e-01	1.70e-06	0.00e+00	1.51e-13	4.54e-13	7.57e-13	2.64e-08	5.32e-08	2.44e-37
 5.43016e+15	2.10e-12	9.51e-08	2.51e-04	1.92e-02	9.81e-01	1.69e-06	0.00e+00	1.87e-13	5.61e-13	9.36e-13	3.15e-08	6.36e-08	4.41e-37
 5.60165e+15	2.61e-12	1.14e-07	2.84e-04	2.05e-02	9.79e-01	1.67e-06	0.00e+00	2.32e-13	6.97e-13	1.16e-12	3.78e-08	7.62e-08	8.14e-37
 5.81257e+15	3.34e-12	1.40e-07	3.31e-04	2.22e-02	9.77e-01	1.66e-06	0.00e+00	2.97e-13	8.91e-13	1.49e-12	4.64e-08	9.35e-08	1.62e-36
 6.02378e+15	4.40e-12	1.77e-07	3.83e-04	2.40e-02	9.76e-01	1.66e-06	0.00e+00	3.92e-13	1.18e-12	1.96e-12	5.86e-08	1.18e-07	3.60e-36
 6.20817e+15	5.46e-12	2.12e-07	4.33e-04	2.56e-02	9.74e-01	1.66e-06	0.00e+00	4.86e-13	1.46e-12	2.43e-12	7.02e-08	1.41e-07	6.60e-36
 6.40864e+15	6.81e-12	2.55e-07	4.94e-04	2.74e-02	9.72e-01	1.65e-06	0.00e+00	6.08e-13	1.82e-12	3.04e-12	8.47e-08	1.71e-07	1.21e-35
 6.65241e+15	8.76e-12	3.15e-07	5.76e-04	2.97e-02	9.70e-01	1.64e-06	0.00e+00	7.82e-13	2.35e-12	3.91e-12	1.04e-07	2.10e-07	2.42e-35
 6.89612e+15	1.16e-11	3.99e-07	6.70e-04	3.22e-02	9.67e-01	1.65e-06	0.00e+00	1.03e-12	3.10e-12	5.18e-12	1.33e-07	2.67e-07	5.43e-35
 7.11309e+15	1.45e-11	4.82e-07	7.62e-04	3.44e-02	9.65e-01	1.65e-06	0.00e+00	1.30e-12	3.89e-12	6.49e-12	1.60e-07	3.22e-07	1.00e-34
 7.35161e+15	1.83e-11	5.88e-07	8.75e-04	3.69e-02	9.62e-01	1.64e-06	0.00e+00	1.64e-12	4.92e-12	8.20e-12	1.95e-07	3.92e-07	1.87e-34
 7.63616e+15	2.38e-11	7.29e-07	1.03e-03	4.01e-02	9.59e-01	1.64e-06	0.00e+00	2.13e-12	6.39e-12	1.06e-11	2.42e-07	4.87e-07	3.72e-34
 7.91907e+15	3.17e-11	9.32e-07	1.20e-03	4.35e-02	9.55e-01	1.65e-06	0.00e+00	2.84e-12	8.51e-12	1.42e-11	3.10e-07	6.23e-07	8.29e-34
 8.16202e+15	3.94e-11	1.12e-06	1.36e-03	4.65e-02	9.52e-01	1.65e-06	0.00e+00	3.53e-12	1.06e-11	1.77e-11	3.73e-07	7.50e-07	1.48e-33
 8.41453e+15	4.93e-11	1.35e-06	1.55e-03	4.97e-02	9.49e-01	1.65e-06	0.00e+00	4.43e-12	1.33e-11	2.21e-11	4.50e-07	9.04e-07	2.65e-33
 8.72841e+15	6.39e-11	1.67e-06	1.82e-03	5.39e-02	9.44e-01	1.64e-06	0.00e+00	5.74e-12	1.72e-11	2.87e-11	5.56e-07	1.12e-06	5.04e-33
 9.04526e+15	8.54e-11	2.14e-06	2.13e-03	5.85e-02	9.39e-01	1.66e-06	0.00e+00	7.68e-12	2.30e-11	3.84e-11	7.12e-07	1.43e-06	1.10e-32
 9.31514e+15	1.06e-10	2.57e-06	2.42e-03	6.25e-02	9.35e-01	1.65e-06	0.00e+00	9.50e-12	2.85e-11	4.75e-11	8.54e-07	1.72e-06	1.89e-32
 9.55260e+15	1.27e-10	2.99e-06	2.71e-03	6.62e-02	9.31e-01	1.65e-06	0.00e+00	1.14e-11	3.42e-11	5.71e-11	9.92e-07	1.99e-06	2.93e-32
 9.81310e+15	1.56e-10	3.55e-06	3.06e-03	7.05e-02	9.26e-01	1.65e-06	0.00e+00	1.40e-11	4.21e-11	7.02e-11	1.18e-06	2.37e-06	4.93e-32
 1.01031e+16	1.99e-10	4.38e-06	3.50e-03	7.56e-02	9.21e-01	1.66e-06	0.00e+00	1.80e-11	5.39e-11	8.99e-11	1.46e-06	2.92e-06	9.37e-32
 1.03635e+16	2.42e-10	5.15e-06	3.93e-03	8.03e-02	9.16e-01	1.66e-06	0.00e+00	2.18e-11	6.54e-11	1.09e-10	1.71e-06	3.44e-06	1.48e-31
 1.06338e+16	2.95e-10	6.04e-06	4.44e-03	8.54e-02	9.10e-01	1.65e-06	0.00e+00	2.66e-11	7.99e-11	1.33e-10	2.01e-06	4.03e-06	2.35e-31
 1.09851e+16	3.93e-10	7.70e-06	5.20e-03	9.27e-02	9.02e-01	1.66e-06	0.00e+00	3.55e-11	1.07e-10	1.78e-10	2.56e-06	5.14e-06	4.94e-31
 1.13286e+16	5.03e-10	9.47e-06	6.02e-03	9.99e-02	8.94e-01	1.66e-06	0.00e+00	4.54e-11	1.36e-10	2.27e-10	3.15e-06	6.32e-06	8.77e-31
 1.15922e+16	6.10e-10	1.11e-05	6.74e-03	1.06e-01	8.87e-01	1.66e-06	0.00e+00	5.52e-11	1.65e-10	2.76e-10	3.69e-06	7.42e-06	1.37e-30
 1.18653e+16	7.49e-10	1.32e-05	7.59e-03	1.12e-01	8.80e-01	1.67e-06	0.00e+00	6.78e-11	2.03e-10	3.39e-10	4.37e-06	8.78e-06	2.23e-30
 1.22203e+16	9.57e-10	1.59e-05	8.82e-03	1.21e-01	8.70e-01	1.66e-06	0.00e+00	8.67e-11	2.60e-10	4.34e-10	5.30e-06	1.06e-05	3.70e-30
 1.25869e+16	1.28e-09	2.03e-05	1.03e-02	1.31e-01	8.58e-01	1.67e-06	0.00e+00	1.16e-10	3.48e-10	5.80e-10	6.76e-06	1.36e-05	7.56e-30
 1.28846e+16	1.57e-09	2.41e-05	1.17e-02	1.40e-01	8.49e-01	1.67e-06	0.00e+00	1.42e-10	4.27e-10	7.11e-10	8.00e-06	1.61e-05	1.17e-29
 1.31454e+16	1.88e-09	2.77e-05	1.30e-02	1.48e-01	8.39e-01	1.67e-06	0.00e+00	1.70e-10	5.11e-10	8.52e-10	9.23e-06	1.85e-05	1.71e-29
 1.34420e+16	2.33e-09	3.31e-05	1.48e-02	1.57e-01	8.28e-01	1.67e-06	0.00e+00	2.12e-10	6.34e-10	1.06e-09	1.10e-05	2.21e-05	2.76e-29
 1.37692e+16	3.04e-09	4.13e-05	1.71e-02	1.69e-01	8.14e-01	1.69e-06	0.00e+00	2.77e-10	8.31e-10	1.38e-09	1.38e-05	2.76e-05	5.30e-29
 1.40602e+16	3.76e-09	4.92e-05	1.94e-02	1.80e-01	8.01e-01	1.69e-06	2.39e-12	3.42e-10	1.03e-09	1.71e-09	1.64e-05	3.28e-05	8.32e-29
 1.43201e+16	4.58e-09	5.77e-05	2.17e-02	1.90e-01	7.88e-01	1.70e-06	0.00e+00	4.18e-10	1.25e-09	2.09e-09	1.92e-05	3.85e-05	1.28e-28
 1.46149e+16	5.79e-09	6.95e-05	2.48e-02	2.03e-01	7.73e-01	1.71e-06	0.00e+00	5.28e-10	1.58e-09	2.64e-09	2.32e-05	4.64e-05	2.15e-28
 1.49324e+16	7.25e-09	8.24e-05	2.85e-02	2.16e-01	7.55e-01	1.71e-06	0.00e+00	6.61e-10	1.98e-09	3.31e-09	2.74e-05	5.49e-05	3.25e-28
 1.52150e+16	9.34e-09	1.02e-04	3.26e-02	2.31e-01	7.37e-01	1.75e-06	0.00e+00	8.53e-10	2.56e-09	4.27e-09	3.39e-05	6.78e-05	5.99e-28
 1.54648e+16	1.14e-08	1.19e-04	3.66e-02	2.43e-01	7.20e-01	1.76e-06	2.91e-12	1.04e-09	3.12e-09	5.21e-09	3.98e-05	7.97e-05	9.21e-28
 1.56838e+16	1.37e-08	1.38e-04	4.06e-02	2.55e-01	7.04e-01	1.78e-06	0.00e+00	1.25e-09	3.75e-09	6.25e-09	4.60e-05	9.20e-05	1.36e-27
 1.58823e+16	1.62e-08	1.58e-04	4.47e-02	2.67e-01	6.88e-01	1.79e-06	0.00e+00	1.48e-09	4.45e-09	7.41e-09	5.26e-05	1.05e-04	1.97e-27
 1.61067e+16	1.97e-08	1.84e-04	4.99e-02	2.81e-01	6.69e-01	1.81e-06	0.00e+00	1.81e-09	5.42e-09	9.03e-09	6.12e-05	1.22e-04	2.94e-27
 1.63502e+16	2.40e-08	2.13e-04	5.62e-02	2.96e-01	6.47e-01	1.81e-06	0.00e+00	2.20e-09	6.58e-09	1.10e-08	7.10e-05	1.42e-04	4.33e-27
 1.65824e+16	2.96e-08	2.52e-04	6.34e-02	3.12e-01	6.24e-01	1.84e-06	0.00e+00	2.71e-09	8.14e-09	1.36e-08	8.40e-05	1.68e-04	6.84e-27
 1.68094e+16	3.67e-08	2.98e-04	7.14e-02	3.29e-01	5.99e-01	1.87e-06	4.00e-12	3.37e-09	1.01e-08	1.69e-08	9.94e-05	1.99e-04	1.10e-26
 1.70260e+16	4.56e-08	3.52e-04	8.02e-02	3.46e-01	5.73e-01	1.91e-06	0.00e+00	4.19e-09	1.26e-08	2.09e-08	1.17e-04	2.35e-04	1.76e-26
 1.72307e+16	5.60e-08	4.14e-04	8.98e-02	3.63e-01	5.47e-01	1.95e-06	4.81e-12	5.15e-09	1.55e-08	2.57e-08	1.38e-04	2.76e-04	2.80e-26
 1.74252e+16	7.06e-08	4.97e-04	1.01e-01	3.80e-01	5.19e-01	2.03e-06	0.00e+00	6.49e-09	1.95e-08	3.25e-08	1.66e-04	3.31e-04	4.92e-26
 1.76071e+16	8.42e-08	5.64e-04	1.11e-01	3.96e-01	4.92e-01	2.06e-06	5.96e-12	7.75e-09	2.32e-08	3.87e-08	1.88e-04	3.76e-04	7.00e-26
 1.78070e+16	1.08e-07	6.88e-04	1.26e-01	4.16e-01	4.58e-01	2.13e-06	0.00e+00	9.93e-09	2.98e-08	4.96e-08	2.29e-04	4.59e-04	1.31e-25
 1.80078e+16	1.36e-07	8.19e-04	1.42e-01	4.35e-01	4.23e-01	2.17e-06	7.76e-12	1.26e-08	3.77e-08	6.28e-08	2.73e-04	5.46e-04	2.24e-25
 1.81628e+16	1.65e-07	9.48e-04	1.56e-01	4.51e-01	3.93e-01	2.25e-06	0.00e+00	1.53e-08	4.58e-08	7.63e-08	3.16e-04	6.32e-04	3.61e-25
 1.82918e+16	1.96e-07	1.07e-03	1.68e-01	4.64e-01	3.67e-01	2.33e-06	1.04e-11	1.81e-08	5.42e-08	9.03e-08	3.57e-04	7.14e-04	5.36e-25
 1.84342e+16	2.35e-07	1.23e-03	1.84e-01	4.79e-01	3.36e-01	2.38e-06	0.00e+00	2.18e-08	6.53e-08	1.09e-07	4.10e-04	8.20e-04	8.57e-25
 1.85852e+16	2.88e-07	1.42e-03	2.02e-01	4.94e-01	3.03e-01	2.44e-06	1.39e-11	2.66e-08	7.99e-08	1.33e-07	4.74e-04	9.48e-04	1.40e-24
 1.87112e+16	3.44e-07	1.60e-03	2.18e-01	5.06e-01	2.74e-01	2.50e-06	0.00e+00	3.19e-08	9.56e-08	1.59e-07	5.35e-04	1.07e-03	2.14e-24
 1.88143e+16	3.96e-07	1.77e-03	2.33e-01	5.16e-01	2.50e-01	2.52e-06	1.80e-11	3.68e-08	1.10e-07	1.84e-07	5.89e-04	1.18e-03	2.98e-24
