#depth	N	N+	N+2	N+3	N+4	N+5	N+6	N+7
 1.49634e+10	0.00e+00	0.00e+00	2.98e-28	1.52e-18	7.45e-10	9.96e-01	3.75e-03	0.00e+00
 4.54887e+10	0.00e+00	1.68e-38	3.78e-28	1.79e-18	8.07e-10	9.97e-01	3.47e-03	2.68e-09
 7.72350e+10	0.00e+00	0.00e+00	4.79e-28	2.09e-18	8.73e-10	9.97e-01	3.19e-03	0.00e+00
 1.10251e+11	0.00e+00	3.17e-38	6.08e-28	2.45e-18	9.46e-10	9.97e-01	2.94e-03	0.00e+00
 1.42530e+11	0.00e+00	0.00e+00	7.60e-28	2.85e-18	1.02e-09	9.97e-01	2.73e-03	0.00e+00
 1.73399e+11	0.00e+00	5.62e-38	9.35e-28	3.27e-18	1.09e-09	9.97e-01	2.54e-03	0.00e+00
 2.07561e+11	0.00e+00	0.00e+00	1.17e-27	3.79e-18	1.18e-09	9.98e-01	2.36e-03	0.00e+00
 2.45790e+11	0.00e+00	1.04e-37	1.48e-27	4.44e-18	1.27e-09	9.98e-01	2.17e-03	0.00e+00
 2.84533e+11	0.00e+00	0.00e+00	1.87e-27	5.18e-18	1.38e-09	9.98e-01	2.01e-03	0.00e+00
 3.24825e+11	0.00e+00	1.93e-37	2.36e-27	6.06e-18	1.49e-09	9.98e-01	1.85e-03	0.00e+00
 3.67744e+11	0.00e+00	0.00e+00	2.99e-27	7.11e-18	1.61e-09	9.98e-01	1.71e-03	0.00e+00
 4.12381e+11	0.00e+00	3.64e-37	3.80e-27	8.34e-18	1.75e-09	9.98e-01	1.57e-03	0.00e+00
 4.58803e+11	0.00e+00	0.00e+00	4.83e-27	9.78e-18	1.89e-09	9.99e-01	1.45e-03	0.00e+00
 5.07082e+11	0.00e+00	6.89e-37	6.14e-27	1.15e-17	2.05e-09	9.99e-01	1.34e-03	0.00e+00
 5.54603e+11	0.00e+00	0.00e+00	7.71e-27	1.34e-17	2.21e-09	9.99e-01	1.24e-03	0.00e+00
 6.04026e+11	0.00e+00	1.26e-36	9.69e-27	1.56e-17	2.39e-09	9.99e-01	1.14e-03	0.00e+00
 6.58114e+11	2.66e-47	1.74e-36	1.23e-26	1.83e-17	2.59e-09	9.99e-01	1.05e-03	0.00e+00
 7.12486e+11	0.00e+00	0.00e+00	1.56e-26	2.14e-17	2.80e-09	9.99e-01	9.71e-04	0.00e+00
 7.69034e+11	0.00e+00	3.24e-36	1.97e-26	2.50e-17	3.03e-09	9.99e-01	8.96e-04	0.00e+00
 8.29722e+11	8.64e-47	4.48e-36	2.51e-26	2.94e-17	3.29e-09	9.99e-01	8.24e-04	0.00e+00
 8.92838e+11	0.00e+00	0.00e+00	3.19e-26	3.46e-17	3.56e-09	9.99e-01	7.59e-04	0.00e+00
 9.58478e+11	0.00e+00	8.54e-36	4.07e-26	4.07e-17	3.87e-09	9.99e-01	6.98e-04	0.00e+00
 1.02674e+12	2.90e-46	1.18e-35	5.20e-26	4.79e-17	4.20e-09	9.99e-01	6.42e-04	0.00e+00
 1.09774e+12	0.00e+00	0.00e+00	6.64e-26	5.64e-17	4.56e-09	9.99e-01	5.90e-04	0.00e+00
 1.17158e+12	0.00e+00	2.26e-35	8.49e-26	6.65e-17	4.95e-09	9.99e-01	5.43e-04	0.00e+00
 1.24837e+12	9.83e-46	3.14e-35	1.09e-25	7.84e-17	5.38e-09	1.00e+00	4.99e-04	0.00e+00
 1.32823e+12	0.00e+00	0.00e+00	1.39e-25	9.25e-17	5.85e-09	1.00e+00	4.58e-04	0.00e+00
 1.41128e+12	0.00e+00	6.04e-35	1.78e-25	1.09e-16	6.36e-09	1.00e+00	4.21e-04	0.00e+00
 1.49578e+12	3.33e-45	8.34e-35	2.27e-25	1.29e-16	6.90e-09	1.00e+00	3.87e-04	0.00e+00
 1.58366e+12	0.00e+00	0.00e+00	2.90e-25	1.51e-16	7.50e-09	1.00e+00	3.56e-04	0.00e+00
 1.67693e+12	0.00e+00	1.61e-34	3.72e-25	1.79e-16	8.16e-09	1.00e+00	3.27e-04	0.00e+00
 1.77393e+12	1.14e-44	2.24e-34	4.79e-25	2.12e-16	8.89e-09	1.00e+00	3.00e-04	0.00e+00
 1.87482e+12	0.00e+00	3.12e-34	6.16e-25	2.51e-16	9.69e-09	1.00e+00	2.75e-04	0.00e+00
 1.97974e+12	2.62e-44	4.36e-34	7.94e-25	2.98e-16	1.06e-08	1.00e+00	2.52e-04	0.00e+00
 2.08885e+12	0.00e+00	6.11e-34	1.02e-24	3.54e-16	1.15e-08	1.00e+00	2.31e-04	0.00e+00
 2.20234e+12	6.05e-44	8.55e-34	1.32e-24	4.21e-16	1.26e-08	1.00e+00	2.11e-04	0.00e+00
 2.30688e+12	0.00e+00	1.15e-33	1.66e-24	4.90e-16	1.36e-08	1.00e+00	1.95e-04	0.00e+00
 2.39700e+12	1.20e-43	1.48e-33	2.01e-24	5.57e-16	1.45e-08	1.00e+00	1.83e-04	0.00e+00
 2.49687e+12	0.00e+00	1.94e-33	2.47e-24	6.41e-16	1.56e-08	1.00e+00	1.70e-04	0.00e+00
 2.61934e+12	2.50e-43	2.68e-33	3.15e-24	7.56e-16	1.69e-08	1.00e+00	1.56e-04	0.00e+00
 2.74439e+12	0.00e+00	3.68e-33	4.01e-24	8.91e-16	1.84e-08	1.00e+00	1.44e-04	0.00e+00
 2.85770e+12	5.23e-43	4.85e-33	4.95e-24	1.03e-15	1.98e-08	1.00e+00	1.33e-04	0.00e+00
 2.98259e+12	0.00e+00	6.53e-33	6.21e-24	1.20e-15	2.14e-08	1.00e+00	1.23e-04	0.00e+00
 3.12921e+12	1.15e-42	9.14e-33	8.03e-24	1.43e-15	2.35e-08	1.00e+00	1.13e-04	0.00e+00
 3.27257e+12	0.00e+00	1.25e-32	1.02e-23	1.69e-15	2.55e-08	1.00e+00	1.04e-04	0.00e+00
 3.40429e+12	2.41e-42	1.66e-32	1.27e-23	1.96e-15	2.76e-08	1.00e+00	9.59e-05	0.00e+00
 3.55241e+12	0.00e+00	2.26e-32	1.61e-23	2.30e-15	2.99e-08	1.00e+00	8.83e-05	0.00e+00
 3.72382e+12	5.36e-42	3.18e-32	2.09e-23	2.75e-15	3.29e-08	1.00e+00	8.05e-05	0.00e+00
 3.89145e+12	0.00e+00	4.38e-32	2.67e-23	3.26e-15	3.59e-08	1.00e+00	7.37e-05	0.00e+00
 4.05027e+12	1.14e-41	5.87e-32	3.35e-23	3.81e-15	3.89e-08	1.00e+00	6.80e-05	0.00e+00
 4.22669e+12	0.00e+00	8.03e-32	4.27e-23	4.50e-15	4.24e-08	1.00e+00	6.24e-05	0.00e+00
 4.42569e+12	2.56e-41	1.13e-31	5.55e-23	5.40e-15	4.66e-08	1.00e+00	5.68e-05	0.00e+00
 4.62413e+12	0.00e+00	1.56e-31	7.14e-23	6.43e-15	5.10e-08	1.00e+00	5.18e-05	0.00e+00
 4.83052e+12	5.70e-41	2.16e-31	9.19e-23	7.66e-15	5.59e-08	1.00e+00	4.73e-05	0.00e+00
 5.05366e+12	0.00e+00	3.03e-31	1.19e-22	9.19e-15	6.15e-08	1.00e+00	4.30e-05	0.00e+00
 5.28100e+12	1.29e-40	4.21e-31	1.54e-22	1.10e-14	6.76e-08	1.00e+00	3.92e-05	0.00e+00
 5.51742e+12	0.00e+00	5.84e-31	1.99e-22	1.31e-14	7.42e-08	1.00e+00	3.57e-05	0.00e+00
 5.76804e+12	2.89e-40	8.14e-31	2.58e-22	1.57e-14	8.17e-08	1.00e+00	3.25e-05	0.00e+00
 6.00391e+12	0.00e+00	1.10e-30	3.26e-22	1.86e-14	8.91e-08	1.00e+00	2.98e-05	0.00e+00
 6.21458e+12	5.71e-40	1.42e-30	3.99e-22	2.14e-14	9.60e-08	1.00e+00	2.76e-05	0.00e+00
 6.45047e+12	0.00e+00	1.88e-30	4.96e-22	2.50e-14	1.04e-07	1.00e+00	2.55e-05	0.00e+00
 6.71318e+12	1.15e-39	2.53e-30	6.27e-22	2.95e-14	1.14e-07	1.00e+00	2.33e-05	0.00e+00
 6.96008e+12	0.00e+00	3.31e-30	7.75e-22	3.43e-14	1.23e-07	1.00e+00	2.15e-05	0.00e+00
 7.23038e+12	2.26e-39	4.40e-30	9.69e-22	4.02e-14	1.34e-07	1.00e+00	1.98e-05	0.00e+00
 7.53253e+12	0.00e+00	5.96e-30	1.23e-21	4.77e-14	1.47e-07	1.00e+00	1.81e-05	0.00e+00
 7.81805e+12	4.55e-39	7.85e-30	1.53e-21	5.57e-14	1.60e-07	1.00e+00	1.66e-05	0.00e+00
 8.12824e+12	0.00e+00	1.05e-29	1.92e-21	6.56e-14	1.74e-07	1.00e+00	1.53e-05	0.00e+00
 8.47369e+12	9.32e-39	1.42e-29	2.45e-21	7.82e-14	1.92e-07	1.00e+00	1.39e-05	0.00e+00
 8.80312e+12	0.00e+00	1.88e-29	3.07e-21	9.18e-14	2.09e-07	1.00e+00	1.27e-05	0.00e+00
 9.15533e+12	1.84e-38	2.50e-29	3.85e-21	1.08e-13	2.29e-07	1.00e+00	1.17e-05	0.00e+00
 9.51819e+12	0.00e+00	3.32e-29	4.83e-21	1.28e-13	2.50e-07	1.00e+00	1.07e-05	0.00e+00
 9.83525e+12	3.44e-38	4.21e-29	5.84e-21	1.47e-13	2.70e-07	1.00e+00	9.90e-06	0.00e+00
 1.01765e+13	0.00e+00	5.39e-29	7.12e-21	1.69e-13	2.92e-07	1.00e+00	9.15e-06	0.00e+00
 1.05918e+13	6.52e-38	7.18e-29	8.97e-21	2.01e-13	3.20e-07	1.00e+00	8.35e-06	0.00e+00
 1.10064e+13	0.00e+00	9.44e-29	1.12e-20	2.36e-13	3.50e-07	1.00e+00	7.64e-06	0.00e+00
 1.13737e+13	1.19e-37	1.19e-28	1.35e-20	2.71e-13	3.78e-07	1.00e+00	7.08e-06	0.00e+00
 1.17761e+13	0.00e+00	1.52e-28	1.65e-20	3.14e-13	4.10e-07	1.00e+00	6.54e-06	0.00e+00
 1.22585e+13	2.24e-37	2.02e-28	2.07e-20	3.72e-13	4.50e-07	1.00e+00	5.95e-06	0.00e+00
 1.27394e+13	0.00e+00	2.64e-28	2.58e-20	4.37e-13	4.93e-07	1.00e+00	5.44e-06	0.00e+00
 1.31770e+13	4.08e-37	3.34e-28	3.12e-20	5.04e-13	5.33e-07	1.00e+00	5.03e-06	0.00e+00
 1.36638e+13	0.00e+00	4.30e-28	3.84e-20	5.87e-13	5.81e-07	1.00e+00	4.63e-06	0.00e+00
 1.42327e+13	7.69e-37	5.70e-28	4.83e-20	6.96e-13	6.39e-07	1.00e+00	4.21e-06	0.00e+00
 1.47936e+13	0.00e+00	7.43e-28	6.00e-20	8.18e-13	6.99e-07	1.00e+00	3.85e-06	0.00e+00
 1.53224e+13	1.40e-36	9.45e-28	7.30e-20	9.47e-13	7.59e-07	1.00e+00	3.55e-06	0.00e+00
 1.59107e+13	0.00e+00	1.22e-27	9.01e-20	1.11e-12	8.29e-07	1.00e+00	3.25e-06	0.00e+00
 1.65771e+13	2.65e-36	1.62e-27	1.13e-19	1.31e-12	9.12e-07	1.00e+00	2.96e-06	0.00e+00
 1.72449e+13	0.00e+00	2.12e-27	1.41e-19	1.54e-12	9.99e-07	1.00e+00	2.70e-06	0.00e+00
 1.79395e+13	5.02e-36	2.77e-27	1.76e-19	1.81e-12	1.09e-06	1.00e+00	2.47e-06	0.00e+00
 1.86870e+13	0.00e+00	3.66e-27	2.21e-19	2.14e-12	1.20e-06	1.00e+00	2.25e-06	0.00e+00
 1.94644e+13	9.72e-36	4.83e-27	2.77e-19	2.53e-12	1.32e-06	1.00e+00	2.05e-06	0.00e+00
 2.02335e+13	0.00e+00	6.30e-27	3.44e-19	2.96e-12	1.44e-06	1.00e+00	1.88e-06	0.00e+00
 2.10333e+13	1.83e-35	8.23e-27	4.27e-19	3.47e-12	1.57e-06	1.00e+00	1.72e-06	0.00e+00
 2.18490e+13	0.00e+00	1.07e-26	5.28e-19	4.04e-12	1.71e-06	1.00e+00	1.58e-06	0.00e+00
 2.26053e+13	3.32e-35	1.35e-26	6.39e-19	4.64e-12	1.85e-06	1.00e+00	1.47e-06	0.00e+00
 2.33066e+13	0.00e+00	1.67e-26	7.58e-19	5.24e-12	1.98e-06	1.00e+00	1.37e-06	0.00e+00
 2.40739e+13	5.62e-35	2.10e-26	9.09e-19	5.97e-12	2.13e-06	1.00e+00	1.28e-06	0.00e+00
 2.49397e+13	0.00e+00	2.69e-26	1.11e-18	6.88e-12	2.30e-06	1.00e+00	1.18e-06	0.00e+00
 2.57689e+13	9.94e-35	3.38e-26	1.33e-18	7.85e-12	2.47e-06	1.00e+00	1.10e-06	0.00e+00
 2.66822e+13	0.00e+00	4.34e-26	1.62e-18	9.01e-12	2.66e-06	1.00e+00	1.02e-06	0.00e+00
 2.77081e+13	1.85e-34	5.66e-26	2.01e-18	1.05e-11	2.89e-06	1.00e+00	9.40e-07	0.00e+00
 2.86827e+13	2.51e-34	7.27e-26	2.45e-18	1.20e-11	3.12e-06	1.00e+00	0.00e+00	0.00e+00
 2.95693e+13	3.26e-34	9.04e-26	2.91e-18	1.36e-11	3.33e-06	1.00e+00	0.00e+00	0.00e+00
 3.05392e+13	4.32e-34	1.14e-25	3.49e-18	1.54e-11	3.57e-06	1.00e+00	0.00e+00	0.00e+00
 3.16291e+13	5.90e-34	1.47e-25	4.27e-18	1.77e-11	3.84e-06	1.00e+00	0.00e+00	0.00e+00
 3.26667e+13	7.84e-34	1.86e-25	5.13e-18	2.02e-11	4.12e-06	1.00e+00	0.00e+00	0.00e+00
 3.38069e+13	1.07e-33	2.40e-25	6.25e-18	2.31e-11	4.43e-06	1.00e+00	0.00e+00	0.00e+00
 3.50701e+13	1.48e-33	3.14e-25	7.72e-18	2.67e-11	4.78e-06	1.00e+00	0.00e+00	0.00e+00
 3.62474e+13	1.99e-33	4.00e-25	9.33e-18	3.05e-11	5.13e-06	1.00e+00	0.00e+00	0.00e+00
 3.75320e+13	2.75e-33	5.19e-25	1.14e-17	3.50e-11	5.51e-06	1.00e+00	0.00e+00	0.00e+00
 3.89748e+13	3.88e-33	6.89e-25	1.42e-17	4.06e-11	5.96e-06	1.00e+00	0.00e+00	0.00e+00
 4.03500e+13	5.34e-33	8.94e-25	1.74e-17	4.66e-11	6.40e-06	1.00e+00	0.00e+00	0.00e+00
 4.18436e+13	7.50e-33	1.18e-24	2.15e-17	5.38e-11	6.90e-06	1.00e+00	0.00e+00	0.00e+00
 4.35066e+13	1.08e-32	1.58e-24	2.69e-17	6.28e-11	7.47e-06	1.00e+00	0.00e+00	0.00e+00
 4.51099e+13	1.52e-32	2.08e-24	3.32e-17	7.24e-11	8.04e-06	1.00e+00	0.00e+00	0.00e+00
 4.68178e+13	2.16e-32	2.77e-24	4.13e-17	8.39e-11	8.67e-06	1.00e+00	0.00e+00	0.00e+00
 4.87205e+13	3.16e-32	3.76e-24	5.22e-17	9.82e-11	9.40e-06	1.00e+00	0.00e+00	0.00e+00
 5.06418e+13	4.57e-32	5.07e-24	6.55e-17	1.14e-10	1.02e-05	1.00e+00	0.00e+00	0.00e+00
 5.26400e+13	6.63e-32	6.85e-24	8.22e-17	1.33e-10	1.10e-05	1.00e+00	0.00e+00	0.00e+00
 5.47755e+13	9.73e-32	9.32e-24	1.04e-16	1.56e-10	1.19e-05	1.00e+00	0.00e+00	0.00e+00
 5.69964e+13	1.43e-31	1.27e-23	1.31e-16	1.83e-10	1.29e-05	1.00e+00	0.00e+00	0.00e+00
 5.93062e+13	2.11e-31	1.73e-23	1.66e-16	2.14e-10	1.39e-05	1.00e+00	0.00e+00	0.00e+00
 6.15932e+13	3.05e-31	2.33e-23	2.08e-16	2.48e-10	1.50e-05	1.00e+00	0.00e+00	0.00e+00
 6.39716e+13	4.41e-31	3.14e-23	2.60e-16	2.88e-10	1.62e-05	1.00e+00	0.00e+00	0.00e+00
 6.65604e+13	6.51e-31	4.29e-23	3.28e-16	3.37e-10	1.75e-05	1.00e+00	0.00e+00	0.00e+00
 6.91797e+13	9.50e-31	5.80e-23	4.13e-16	3.93e-10	1.89e-05	1.00e+00	0.00e+00	0.00e+00
 7.15580e+13	1.32e-30	7.57e-23	5.04e-16	4.49e-10	2.02e-05	1.00e+00	0.00e+00	0.00e+00
 7.36958e+13	1.77e-30	9.54e-23	6.00e-16	5.05e-10	2.15e-05	1.00e+00	0.00e+00	0.00e+00
 7.61319e+13	2.43e-30	1.23e-22	7.28e-16	5.74e-10	2.29e-05	1.00e+00	0.00e+00	0.00e+00
 7.90739e+13	3.52e-30	1.66e-22	9.11e-16	6.67e-10	2.47e-05	1.00e+00	0.00e+00	0.00e+00
 8.20806e+13	5.08e-30	2.23e-22	1.14e-15	7.73e-10	2.66e-05	1.00e+00	0.00e+00	0.00e+00
 8.49055e+13	7.08e-30	2.91e-22	1.39e-15	8.85e-10	2.84e-05	1.00e+00	0.00e+00	0.00e+00
 8.80296e+13	1.00e-29	3.85e-22	1.72e-15	1.02e-09	3.06e-05	1.00e+00	0.00e+00	0.00e+00
 9.15807e+13	1.49e-29	5.27e-22	2.18e-15	1.19e-09	3.31e-05	1.00e+00	0.00e+00	0.00e+00
 9.51419e+13	2.14e-29	7.06e-22	2.73e-15	1.39e-09	3.57e-05	1.00e+00	0.00e+00	0.00e+00
 9.88456e+13	3.11e-29	9.55e-22	3.42e-15	1.62e-09	3.86e-05	1.00e+00	0.00e+00	0.00e+00
 1.02829e+14	4.55e-29	1.30e-21	4.32e-15	1.89e-09	4.18e-05	1.00e+00	0.00e+00	0.00e+00
 1.06972e+14	6.74e-29	1.78e-21	5.47e-15	2.21e-09	4.52e-05	1.00e+00	0.00e+00	0.00e+00
 1.10830e+14	9.42e-29	2.33e-21	6.74e-15	2.55e-09	4.85e-05	1.00e+00	0.00e+00	0.00e+00
 1.14205e+14	1.25e-28	2.94e-21	8.05e-15	2.87e-09	5.16e-05	1.00e+00	0.00e+00	0.00e+00
 1.17955e+14	1.73e-28	3.80e-21	9.76e-15	3.27e-09	5.50e-05	1.00e+00	0.00e+00	0.00e+00
 1.22490e+14	2.47e-28	5.07e-21	1.22e-14	3.80e-09	5.94e-05	1.00e+00	0.00e+00	0.00e+00
 1.27058e+14	3.52e-28	6.74e-21	1.52e-14	4.39e-09	6.40e-05	1.00e+00	0.00e+00	0.00e+00
 1.31209e+14	4.79e-28	8.66e-21	1.84e-14	4.99e-09	6.83e-05	1.00e+00	0.00e+00	0.00e+00
 1.35808e+14	6.73e-28	1.14e-20	2.25e-14	5.73e-09	7.31e-05	1.00e+00	0.00e+00	0.00e+00
 1.41190e+14	9.66e-28	1.53e-20	2.83e-14	6.69e-09	7.92e-05	1.00e+00	0.00e+00	0.00e+00
 1.46466e+14	1.38e-27	2.03e-20	3.53e-14	7.74e-09	8.53e-05	1.00e+00	0.00e+00	0.00e+00
 1.51381e+14	1.90e-27	2.64e-20	4.29e-14	8.83e-09	9.12e-05	1.00e+00	0.00e+00	0.00e+00
 1.56893e+14	2.69e-27	3.48e-20	5.30e-14	1.02e-08	9.80e-05	1.00e+00	0.00e+00	0.00e+00
 1.63198e+14	3.89e-27	4.70e-20	6.70e-14	1.19e-08	1.06e-04	1.00e+00	0.00e+00	0.00e+00
 1.69413e+14	5.57e-27	6.29e-20	8.37e-14	1.38e-08	1.15e-04	1.00e+00	0.00e+00	0.00e+00
 1.75876e+14	8.05e-27	8.45e-20	1.05e-13	1.61e-08	1.23e-04	1.00e+00	0.00e+00	0.00e+00
 1.82941e+14	1.17e-26	1.15e-19	1.32e-13	1.88e-08	1.34e-04	1.00e+00	0.00e+00	0.00e+00
 1.90100e+14	1.68e-26	1.54e-19	1.66e-13	2.19e-08	1.45e-04	1.00e+00	0.00e+00	0.00e+00
 1.97545e+14	2.46e-26	2.08e-19	2.09e-13	2.55e-08	1.56e-04	1.00e+00	0.00e+00	0.00e+00
 2.05166e+14	3.48e-26	2.77e-19	2.62e-13	2.97e-08	1.69e-04	1.00e+00	0.00e+00	0.00e+00
 2.12563e+14	4.90e-26	3.65e-19	3.23e-13	3.42e-08	1.81e-04	1.00e+00	0.00e+00	0.00e+00
 2.19849e+14	6.83e-26	4.77e-19	3.95e-13	3.91e-08	1.94e-04	1.00e+00	0.00e+00	0.00e+00
 2.27954e+14	9.66e-26	6.31e-19	4.90e-13	4.52e-08	2.08e-04	1.00e+00	0.00e+00	0.00e+00
 2.36863e+14	1.38e-25	8.43e-19	6.16e-13	5.26e-08	2.25e-04	1.00e+00	0.00e+00	0.00e+00
 2.45428e+14	1.96e-25	1.12e-18	7.62e-13	6.06e-08	2.41e-04	1.00e+00	0.00e+00	0.00e+00
 2.53121e+14	2.59e-25	1.41e-18	9.15e-13	6.85e-08	2.57e-04	1.00e+00	0.00e+00	0.00e+00
 2.61297e+14	3.51e-25	1.80e-18	1.11e-12	7.78e-08	2.74e-04	1.00e+00	0.00e+00	0.00e+00
 2.71251e+14	4.99e-25	2.40e-18	1.38e-12	9.03e-08	2.95e-04	1.00e+00	0.00e+00	0.00e+00
 2.81134e+14	7.13e-25	3.19e-18	1.71e-12	1.04e-07	3.17e-04	1.00e+00	0.00e+00	0.00e+00
 2.89870e+14	9.34e-25	3.98e-18	2.05e-12	1.18e-07	3.38e-04	1.00e+00	0.00e+00	0.00e+00
 2.99500e+14	1.29e-24	5.17e-18	2.50e-12	1.34e-07	3.60e-04	1.00e+00	0.00e+00	0.00e+00
 3.10373e+14	1.78e-24	6.72e-18	3.08e-12	1.54e-07	3.87e-04	1.00e+00	0.00e+00	0.00e+00
 3.20706e+14	2.46e-24	8.71e-18	3.75e-12	1.76e-07	4.13e-04	1.00e+00	0.00e+00	0.00e+00
 3.31983e+14	3.34e-24	1.12e-17	4.60e-12	2.02e-07	4.43e-04	1.00e+00	0.00e+00	0.00e+00
 3.44400e+14	4.68e-24	1.48e-17	5.72e-12	2.34e-07	4.78e-04	1.00e+00	0.00e+00	0.00e+00
 3.55818e+14	6.44e-24	1.91e-17	6.95e-12	2.66e-07	5.10e-04	9.99e-01	0.00e+00	0.00e+00
 3.68178e+14	8.65e-24	2.45e-17	8.51e-12	3.05e-07	5.46e-04	9.99e-01	0.00e+00	0.00e+00
 3.82006e+14	1.21e-23	3.23e-17	1.06e-11	3.54e-07	5.89e-04	9.99e-01	0.00e+00	0.00e+00
 3.95053e+14	1.64e-23	4.15e-17	1.29e-11	4.04e-07	6.31e-04	9.99e-01	0.00e+00	0.00e+00
 4.09297e+14	2.32e-23	5.47e-17	1.60e-11	4.66e-07	6.77e-04	9.99e-01	0.00e+00	0.00e+00
 4.25168e+14	3.19e-23	7.17e-17	2.00e-11	5.42e-07	7.33e-04	9.99e-01	0.00e+00	0.00e+00
 4.40041e+14	4.42e-23	9.34e-17	2.45e-11	6.22e-07	7.86e-04	9.99e-01	0.00e+00	0.00e+00
 4.56041e+14	5.96e-23	1.20e-16	3.02e-11	7.17e-07	8.46e-04	9.99e-01	0.00e+00	0.00e+00
 4.73877e+14	8.53e-23	1.61e-16	3.80e-11	8.36e-07	9.15e-04	9.99e-01	0.00e+00	0.00e+00
 4.91088e+14	1.14e-22	2.07e-16	4.68e-11	9.64e-07	9.86e-04	9.99e-01	0.00e+00	0.00e+00
 5.09422e+14	1.61e-22	2.72e-16	5.82e-11	1.12e-06	1.06e-03	9.99e-01	0.00e+00	0.00e+00
 5.29829e+14	2.22e-22	3.58e-16	7.33e-11	1.31e-06	1.15e-03	9.99e-01	0.00e+00	0.00e+00
 5.50138e+14	3.11e-22	4.74e-16	9.16e-11	1.52e-06	1.25e-03	9.99e-01	0.00e+00	0.00e+00
 5.71260e+14	4.18e-22	6.12e-16	1.14e-10	1.76e-06	1.35e-03	9.99e-01	0.00e+00	0.00e+00
 5.94140e+14	5.99e-22	8.22e-16	1.44e-10	2.06e-06	1.47e-03	9.99e-01	0.00e+00	0.00e+00
 6.17254e+14	8.07e-22	1.06e-15	1.80e-10	2.40e-06	1.59e-03	9.98e-01	0.00e+00	0.00e+00
 6.38787e+14	1.07e-21	1.36e-15	2.20e-10	2.76e-06	1.71e-03	9.98e-01	0.00e+00	0.00e+00
 6.57106e+14	1.37e-21	1.66e-15	2.60e-10	3.09e-06	1.82e-03	9.98e-01	0.00e+00	0.00e+00
 6.76050e+14	1.73e-21	2.03e-15	3.07e-10	3.46e-06	1.93e-03	9.98e-01	0.00e+00	0.00e+00
 7.00508e+14	2.27e-21	2.57e-15	3.79e-10	3.99e-06	2.09e-03	9.98e-01	0.00e+00	0.00e+00
 7.25530e+14	3.03e-21	3.30e-15	4.65e-10	4.59e-06	2.25e-03	9.98e-01	0.00e+00	0.00e+00
 7.46359e+14	3.81e-21	4.01e-15	5.49e-10	5.14e-06	2.39e-03	9.98e-01	0.00e+00	0.00e+00
 7.68339e+14	4.85e-21	4.92e-15	6.52e-10	5.78e-06	2.55e-03	9.97e-01	0.00e+00	0.00e+00
 7.96393e+14	6.35e-21	6.24e-15	8.04e-10	6.67e-06	2.76e-03	9.97e-01	0.00e+00	0.00e+00
 8.25674e+14	8.51e-21	8.03e-15	9.93e-10	7.70e-06	2.98e-03	9.97e-01	0.00e+00	0.00e+00
 8.51243e+14	1.08e-20	9.86e-15	1.19e-09	8.70e-06	3.19e-03	9.97e-01	0.00e+00	0.00e+00
 8.78655e+14	1.39e-20	1.23e-14	1.43e-09	9.88e-06	3.42e-03	9.97e-01	0.00e+00	0.00e+00
 9.12047e+14	1.87e-20	1.59e-14	1.78e-09	1.15e-05	3.71e-03	9.96e-01	0.00e+00	0.00e+00
 9.45215e+14	2.45e-20	2.01e-14	2.20e-09	1.32e-05	4.01e-03	9.96e-01	0.00e+00	0.00e+00
 9.74229e+14	3.11e-20	2.48e-14	2.63e-09	1.49e-05	4.29e-03	9.96e-01	0.00e+00	0.00e+00
 1.00584e+15	4.03e-20	3.10e-14	3.17e-09	1.70e-05	4.60e-03	9.95e-01	0.00e+00	0.00e+00
 1.04420e+15	5.36e-20	3.99e-14	3.95e-09	1.97e-05	5.00e-03	9.95e-01	0.00e+00	0.00e+00
 1.08251e+15	7.16e-20	5.12e-14	4.89e-09	2.27e-05	5.41e-03	9.95e-01	0.00e+00	0.00e+00
 1.11675e+15	9.15e-20	6.34e-14	5.88e-09	2.57e-05	5.80e-03	9.94e-01	0.00e+00	0.00e+00
 1.15452e+15	1.18e-19	7.93e-14	7.15e-09	2.94e-05	6.25e-03	9.94e-01	0.00e+00	0.00e+00
 1.19941e+15	1.59e-19	1.03e-13	8.97e-09	3.42e-05	6.80e-03	9.93e-01	0.00e+00	0.00e+00
 1.24373e+15	2.13e-19	1.33e-13	1.11e-08	3.96e-05	7.36e-03	9.93e-01	0.00e+00	0.00e+00
 1.28441e+15	2.75e-19	1.66e-13	1.35e-08	4.50e-05	7.91e-03	9.92e-01	0.00e+00	0.00e+00
 1.33015e+15	3.64e-19	2.12e-13	1.66e-08	5.18e-05	8.54e-03	9.91e-01	0.00e+00	0.00e+00
 1.38314e+15	4.99e-19	2.79e-13	2.10e-08	6.05e-05	9.32e-03	9.91e-01	0.00e+00	0.00e+00
 1.43484e+15	6.73e-19	3.61e-13	2.61e-08	7.00e-05	1.01e-02	9.90e-01	0.00e+00	0.00e+00
 1.48384e+15	8.80e-19	4.56e-13	3.19e-08	8.01e-05	1.09e-02	9.89e-01	0.00e+00	0.00e+00
 1.53845e+15	1.19e-18	5.92e-13	3.97e-08	9.24e-05	1.18e-02	9.88e-01	0.00e+00	0.00e+00
 1.60002e+15	1.64e-18	7.81e-13	5.02e-08	1.08e-04	1.28e-02	9.87e-01	0.00e+00	0.00e+00
 1.66225e+15	2.23e-18	1.02e-12	6.31e-08	1.26e-04	1.39e-02	9.86e-01	0.00e+00	0.00e+00
 1.71461e+15	2.91e-18	1.28e-12	7.61e-08	1.42e-04	1.49e-02	9.85e-01	0.00e+00	0.00e+00
 1.75522e+15	3.57e-18	1.52e-12	8.76e-08	1.56e-04	1.57e-02	9.84e-01	0.00e+00	0.00e+00
 1.79914e+15	4.41e-18	1.82e-12	1.02e-07	1.72e-04	1.66e-02	9.83e-01	0.00e+00	0.00e+00
 1.85623e+15	5.66e-18	2.27e-12	1.23e-07	1.95e-04	1.77e-02	9.82e-01	0.00e+00	0.00e+00
 1.91834e+15	7.63e-18	2.91e-12	1.50e-07	2.23e-04	1.91e-02	9.81e-01	0.00e+00	0.00e+00
 1.97434e+15	9.78e-18	3.60e-12	1.78e-07	2.50e-04	2.03e-02	9.79e-01	0.00e+00	0.00e+00
 2.03451e+15	1.27e-17	4.49e-12	2.14e-07	2.81e-04	2.17e-02	9.78e-01	0.00e+00	0.00e+00
 2.10991e+15	1.75e-17	5.88e-12	2.67e-07	3.25e-04	2.35e-02	9.76e-01	0.00e+00	0.00e+00
 2.18598e+15	2.38e-17	7.65e-12	3.31e-07	3.75e-04	2.53e-02	9.74e-01	0.00e+00	0.00e+00
 2.25184e+15	3.04e-17	9.45e-12	3.96e-07	4.22e-04	2.70e-02	9.73e-01	0.00e+00	0.00e+00
 2.32351e+15	4.01e-17	1.19e-11	4.79e-07	4.78e-04	2.88e-02	9.71e-01	0.00e+00	0.00e+00
 2.41131e+15	5.69e-17	1.60e-11	6.01e-07	5.54e-04	3.13e-02	9.68e-01	0.00e+00	0.00e+00
 2.50031e+15	7.90e-17	2.10e-11	7.50e-07	6.40e-04	3.38e-02	9.66e-01	0.00e+00	0.00e+00
 2.58001e+15	1.05e-16	2.66e-11	9.08e-07	7.25e-04	3.61e-02	9.63e-01	0.00e+00	0.00e+00
 2.66742e+15	1.51e-16	3.43e-11	1.11e-06	8.28e-04	3.87e-02	9.60e-01	0.00e+00	0.00e+00
 2.77119e+15	2.16e-16	4.60e-11	1.40e-06	9.65e-04	4.20e-02	9.57e-01	0.00e+00	0.00e+00
 2.87367e+15	3.01e-16	6.06e-11	1.75e-06	1.11e-03	4.53e-02	9.54e-01	0.00e+00	0.00e+00
 2.96748e+15	4.06e-16	7.76e-11	2.13e-06	1.27e-03	4.85e-02	9.50e-01	0.00e+00	0.00e+00
 3.07255e+15	5.46e-16	1.00e-10	2.63e-06	1.45e-03	5.21e-02	9.46e-01	0.00e+00	0.00e+00
 3.19460e+15	8.15e-16	1.38e-10	3.34e-06	1.70e-03	5.66e-02	9.42e-01	0.00e+00	0.00e+00
 3.31443e+15	1.16e-15	1.83e-10	4.18e-06	1.96e-03	6.10e-02	9.37e-01	0.00e+00	0.00e+00
 3.42835e+15	1.59e-15	2.38e-10	5.14e-06	2.24e-03	6.54e-02	9.32e-01	0.00e+00	0.00e+00
 3.55480e+15	2.25e-15	3.15e-10	6.40e-06	2.59e-03	7.04e-02	9.27e-01	0.00e+00	0.00e+00
 3.69702e+15	3.13e-15	4.19e-10	8.12e-06	3.02e-03	7.61e-02	9.21e-01	0.00e+00	0.00e+00
 3.84091e+15	4.71e-15	5.77e-10	1.03e-05	3.51e-03	8.23e-02	9.14e-01	0.00e+00	0.00e+00
 3.99055e+15	6.74e-15	7.74e-10	1.29e-05	4.08e-03	8.87e-02	9.07e-01	0.00e+00	0.00e+00
 4.12375e+15	9.26e-15	1.00e-09	1.57e-05	4.64e-03	9.47e-02	9.01e-01	0.00e+00	0.00e+00
 4.22492e+15	1.18e-14	1.21e-09	1.82e-05	5.10e-03	9.93e-02	8.96e-01	0.00e+00	0.00e+00
 4.33126e+15	1.50e-14	1.47e-09	2.12e-05	5.62e-03	1.04e-01	8.90e-01	0.00e+00	0.00e+00
 4.46950e+15	1.96e-14	1.85e-09	2.56e-05	6.35e-03	1.11e-01	8.83e-01	0.00e+00	0.00e+00
 4.62037e+15	2.80e-14	2.45e-09	3.13e-05	7.23e-03	1.18e-01	8.75e-01	0.00e+00	0.00e+00
 4.75704e+15	3.71e-14	3.08e-09	3.73e-05	8.09e-03	1.25e-01	8.67e-01	0.00e+00	0.00e+00
 4.90407e+15	4.95e-14	3.89e-09	4.47e-05	9.10e-03	1.32e-01	8.59e-01	0.00e+00	0.00e+00
 5.08694e+15	6.82e-14	5.09e-09	5.56e-05	1.05e-02	1.41e-01	8.48e-01	0.00e+00	0.00e+00
 5.27114e+15	1.00e-13	6.88e-09	6.91e-05	1.20e-02	1.51e-01	8.36e-01	0.00e+00	0.00e+00
 5.43016e+15	1.34e-13	8.68e-09	8.24e-05	1.35e-02	1.60e-01	8.27e-01	0.00e+00	0.00e+00
 5.60165e+15	1.80e-13	1.10e-08	9.91e-05	1.52e-02	1.69e-01	8.16e-01	0.00e+00	0.00e+00
 5.81257e+15	2.49e-13	1.45e-08	1.23e-04	1.74e-02	1.80e-01	8.02e-01	0.00e+00	0.00e+00
 6.02378e+15	3.68e-13	1.96e-08	1.53e-04	2.00e-02	1.92e-01	7.87e-01	0.00e+00	0.00e+00
 6.20817e+15	4.93e-13	2.48e-08	1.83e-04	2.24e-02	2.03e-01	7.75e-01	0.00e+00	0.00e+00
 6.40864e+15	6.66e-13	3.17e-08	2.21e-04	2.52e-02	2.14e-01	7.61e-01	0.00e+00	0.00e+00
 6.65241e+15	9.23e-13	4.16e-08	2.75e-04	2.89e-02	2.27e-01	7.43e-01	0.00e+00	0.00e+00
 6.89612e+15	1.37e-12	5.65e-08	3.41e-04	3.31e-02	2.42e-01	7.25e-01	0.00e+00	0.00e+00
 7.11309e+15	1.85e-12	7.19e-08	4.09e-04	3.71e-02	2.54e-01	7.09e-01	0.00e+00	0.00e+00
 7.35161e+15	2.52e-12	9.25e-08	4.96e-04	4.18e-02	2.67e-01	6.91e-01	0.00e+00	0.00e+00
 7.63616e+15	3.51e-12	1.22e-07	6.18e-04	4.79e-02	2.83e-01	6.69e-01	0.00e+00	0.00e+00
 7.91907e+15	5.25e-12	1.66e-07	7.68e-04	5.47e-02	2.99e-01	6.46e-01	0.00e+00	0.00e+00
 8.16202e+15	7.01e-12	2.10e-07	9.15e-04	6.09e-02	3.11e-01	6.27e-01	0.00e+00	0.00e+00
 8.41453e+15	9.35e-12	2.65e-07	1.09e-03	6.79e-02	3.25e-01	6.06e-01	0.00e+00	0.00e+00
 8.72841e+15	1.28e-11	3.46e-07	1.35e-03	7.71e-02	3.40e-01	5.81e-01	0.00e+00	0.00e+00
 9.04526e+15	1.91e-11	4.69e-07	1.67e-03	8.74e-02	3.56e-01	5.55e-01	0.00e+00	0.00e+00
 9.31514e+15	2.50e-11	5.85e-07	1.97e-03	9.66e-02	3.68e-01	5.33e-01	0.00e+00	0.00e+00
 9.55260e+15	3.12e-11	7.02e-07	2.28e-03	1.05e-01	3.79e-01	5.14e-01	0.00e+00	0.00e+00
 9.81310e+15	4.04e-11	8.65e-07	2.66e-03	1.15e-01	3.89e-01	4.93e-01	0.00e+00	0.00e+00
 1.01031e+16	5.60e-11	1.11e-06	3.16e-03	1.27e-01	4.01e-01	4.69e-01	0.00e+00	0.00e+00
 1.03635e+16	7.09e-11	1.35e-06	3.66e-03	1.38e-01	4.10e-01	4.48e-01	0.00e+00	0.00e+00
 1.06338e+16	8.89e-11	1.63e-06	4.24e-03	1.50e-01	4.19e-01	4.27e-01	0.00e+00	0.00e+00
 1.09851e+16	1.29e-10	2.16e-06	5.16e-03	1.67e-01	4.30e-01	3.98e-01	0.00e+00	0.00e+00
 1.13286e+16	1.73e-10	2.74e-06	6.15e-03	1.84e-01	4.38e-01	3.72e-01	0.00e+00	0.00e+00
 1.15922e+16	2.18e-10	3.29e-06	7.02e-03	1.98e-01	4.43e-01	3.52e-01	0.00e+00	0.00e+00
 1.18653e+16	2.77e-10	3.98e-06	8.06e-03	2.13e-01	4.47e-01	3.31e-01	0.00e+00	0.00e+00
 1.22203e+16	3.56e-10	4.92e-06	9.57e-03	2.33e-01	4.51e-01	3.06e-01	0.00e+00	0.00e+00
 1.25869e+16	5.10e-10	6.46e-06	1.14e-02	2.55e-01	4.54e-01	2.80e-01	0.00e+00	0.00e+00
 1.28846e+16	6.40e-10	7.75e-06	1.31e-02	2.73e-01	4.54e-01	2.60e-01	0.00e+00	0.00e+00
 1.31454e+16	7.69e-10	9.03e-06	1.48e-02	2.89e-01	4.53e-01	2.43e-01	0.00e+00	0.00e+00
 1.34420e+16	9.74e-10	1.09e-05	1.69e-02	3.09e-01	4.50e-01	2.24e-01	0.00e+00	0.00e+00
 1.37692e+16	1.34e-09	1.38e-05	1.97e-02	3.31e-01	4.46e-01	2.03e-01	0.00e+00	0.00e+00
 1.40602e+16	1.69e-09	1.66e-05	2.24e-02	3.50e-01	4.41e-01	1.86e-01	0.00e+00	0.00e+00
 1.43201e+16	2.08e-09	1.95e-05	2.51e-02	3.68e-01	4.35e-01	1.72e-01	0.00e+00	0.00e+00
 1.46149e+16	2.66e-09	2.37e-05	2.87e-02	3.89e-01	4.27e-01	1.55e-01	0.00e+00	0.00e+00
 1.49324e+16	3.25e-09	2.79e-05	3.28e-02	4.12e-01	4.16e-01	1.40e-01	0.00e+00	0.00e+00
 1.52150e+16	4.37e-09	3.47e-05	3.73e-02	4.32e-01	4.05e-01	1.25e-01	0.00e+00	0.00e+00
 1.54648e+16	5.36e-09	4.07e-05	4.16e-02	4.50e-01	3.94e-01	1.14e-01	0.00e+00	0.00e+00
 1.56838e+16	6.45e-09	4.70e-05	4.58e-02	4.66e-01	3.84e-01	1.04e-01	0.00e+00	0.00e+00
 1.58823e+16	7.67e-09	5.36e-05	5.00e-02	4.80e-01	3.74e-01	9.55e-02	0.00e+00	0.00e+00
 1.61067e+16	9.24e-09	6.20e-05	5.53e-02	4.97e-01	3.62e-01	8.64e-02	0.00e+00	0.00e+00
 1.63502e+16	1.10e-08	7.13e-05	6.15e-02	5.14e-01	3.47e-01	7.72e-02	0.00e+00	0.00e+00
 1.65824e+16	1.35e-08	8.37e-05	6.83e-02	5.30e-01	3.33e-01	6.87e-02	0.00e+00	0.00e+00
 1.68094e+16	1.68e-08	9.85e-05	7.59e-02	5.46e-01	3.17e-01	6.08e-02	0.00e+00	0.00e+00
 1.70260e+16	2.07e-08	1.15e-04	8.39e-02	5.60e-01	3.02e-01	5.37e-02	0.00e+00	0.00e+00
 1.72307e+16	2.55e-08	1.35e-04	9.24e-02	5.74e-01	2.86e-01	4.73e-02	0.00e+00	0.00e+00
 1.74252e+16	3.28e-08	1.62e-04	1.02e-01	5.86e-01	2.71e-01	4.14e-02	0.00e+00	0.00e+00
 1.76071e+16	3.80e-08	1.82e-04	1.11e-01	5.97e-01	2.56e-01	3.65e-02	0.00e+00	0.00e+00
 1.78070e+16	5.01e-08	2.22e-04	1.23e-01	6.08e-01	2.38e-01	3.10e-02	0.00e+00	0.00e+00
 1.80078e+16	6.29e-08	2.62e-04	1.36e-01	6.18e-01	2.20e-01	2.62e-02	0.00e+00	0.00e+00
 1.81628e+16	7.73e-08	3.04e-04	1.47e-01	6.25e-01	2.05e-01	2.27e-02	0.00e+00	0.00e+00
 1.82918e+16	9.12e-08	3.43e-04	1.57e-01	6.31e-01	1.92e-01	1.99e-02	0.00e+00	0.00e+00
 1.84342e+16	1.10e-07	3.95e-04	1.69e-01	6.36e-01	1.77e-01	1.69e-02	0.00e+00	0.00e+00
 1.85852e+16	1.35e-07	4.58e-04	1.83e-01	6.41e-01	1.61e-01	1.41e-02	0.00e+00	0.00e+00
 1.87112e+16	1.61e-07	5.19e-04	1.96e-01	6.44e-01	1.48e-01	1.19e-02	0.00e+00	0.00e+00
 1.88143e+16	1.84e-07	5.74e-04	2.06e-01	6.46e-01	1.37e-01	1.03e-02	0.00e+00	0.00e+00
 1.89240e+16	2.18e-07	6.48e-04	2.19e-01	6.47e-01	1.24e-01	8.59e-03	0.00e+00	0.00e+00
 1.90291e+16	2.55e-07	7.25e-04	2.31e-01	6.48e-01	1.13e-01	7.16e-03	0.00e+00	0.00e+00
 1.90981e+16	2.87e-07	7.86e-04	2.40e-01	6.48e-01	1.05e-01	6.27e-03	0.00e+00	0.00e+00
 1.91467e+16	3.10e-07	8.32e-04	2.46e-01	6.48e-01	9.95e-02	5.66e-03	0.00e+00	0.00e+00
 1.91988e+16	3.38e-07	8.84e-04	2.53e-01	6.48e-01	9.35e-02	5.05e-03	0.00e+00	0.00e+00
 1.92665e+16	3.76e-07	9.56e-04	2.62e-01	6.47e-01	8.57e-02	4.31e-03	0.00e+00	0.00e+00
 1.93372e+16	4.22e-07	1.04e-03	2.71e-01	6.46e-01	7.80e-02	3.62e-03	0.00e+00	0.00e+00
 1.93954e+16	4.54e-07	1.09e-03	2.79e-01	6.45e-01	7.17e-02	3.11e-03	0.00e+00	0.00e+00
 1.94545e+16	5.17e-07	1.20e-03	2.88e-01	6.43e-01	6.51e-02	2.60e-03	0.00e+00	0.00e+00
 1.95138e+16	5.68e-07	1.28e-03	2.96e-01	6.42e-01	5.91e-02	2.18e-03	0.00e+00	0.00e+00
 1.95644e+16	6.17e-07	1.36e-03	3.03e-01	6.40e-01	5.39e-02	1.85e-03	0.00e+00	0.00e+00
 1.96214e+16	6.79e-07	1.45e-03	3.11e-01	6.38e-01	4.83e-02	1.51e-03	0.00e+00	0.00e+00
 1.96848e+16	7.52e-07	1.56e-03	3.19e-01	6.35e-01	4.26e-02	1.20e-03	0.00e+00	0.00e+00
 1.97451e+16	8.28e-07	1.66e-03	3.27e-01	6.33e-01	3.75e-02	9.51e-04	0.00e+00	0.00e+00
 1.98119e+16	9.22e-07	1.79e-03	3.36e-01	6.29e-01	3.21e-02	7.19e-04	0.00e+00	0.00e+00
 1.98847e+16	1.03e-06	1.93e-03	3.45e-01	6.25e-01	2.71e-02	5.27e-04	0.00e+00	0.00e+00
 1.99529e+16	1.14e-06	2.07e-03	3.54e-01	6.21e-01	2.29e-02	3.89e-04	0.00e+00	0.00e+00
 2.00290e+16	1.27e-06	2.23e-03	3.63e-01	6.16e-01	1.88e-02	2.71e-04	0.00e+00	0.00e+00
 2.01281e+16	1.45e-06	2.44e-03	3.74e-01	6.09e-01	1.45e-02	1.69e-04	0.00e+00	0.00e+00
 2.02367e+16	1.66e-06	2.66e-03	3.85e-01	6.01e-01	1.10e-02	1.01e-04	0.00e+00	0.00e+00
 2.03578e+16	1.91e-06	2.92e-03	3.96e-01	5.93e-01	8.03e-03	5.62e-05	0.00e+00	0.00e+00
 2.05152e+16	2.27e-06	3.26e-03	4.10e-01	5.81e-01	5.42e-03	2.68e-05	0.00e+00	0.00e+00
 2.07198e+16	2.79e-06	3.72e-03	4.26e-01	5.67e-01	3.35e-03	1.07e-05	0.00e+00	0.00e+00
 2.09504e+16	3.48e-06	4.28e-03	4.44e-01	5.50e-01	2.04e-03	4.08e-06	0.00e+00	0.00e+00
 2.12148e+16	4.48e-06	5.02e-03	4.64e-01	5.29e-01	1.20e-03	1.43e-06	0.00e+00	0.00e+00
 2.15031e+16	5.96e-06	6.02e-03	4.87e-01	5.06e-01	7.06e-04	5.00e-07	0.00e+00	0.00e+00
 2.17578e+16	7.79e-06	7.15e-03	5.09e-01	4.83e-01	4.56e-04	0.00e+00	0.00e+00	0.00e+00
 2.19791e+16	9.93e-06	8.37e-03	5.30e-01	4.62e-01	3.16e-04	0.00e+00	0.00e+00	0.00e+00
 2.21427e+16	1.20e-05	9.47e-03	5.45e-01	4.45e-01	2.45e-04	0.00e+00	0.00e+00	0.00e+00
 2.22438e+16	1.36e-05	1.03e-02	5.56e-01	4.34e-01	2.09e-04	0.00e+00	0.00e+00	0.00e+00
 2.23426e+16	1.53e-05	1.11e-02	5.66e-01	4.23e-01	1.77e-04	0.00e+00	0.00e+00	0.00e+00
 2.24710e+16	1.80e-05	1.23e-02	5.80e-01	4.08e-01	1.43e-04	0.00e+00	0.00e+00	0.00e+00
 2.26113e+16	2.16e-05	1.39e-02	5.95e-01	3.91e-01	1.14e-04	0.00e+00	0.00e+00	0.00e+00
 2.27337e+16	2.56e-05	1.55e-02	6.09e-01	3.76e-01	9.41e-05	0.00e+00	0.00e+00	0.00e+00
 2.28377e+16	2.96e-05	1.71e-02	6.21e-01	3.62e-01	7.94e-05	0.00e+00	0.00e+00	0.00e+00
 2.29511e+16	3.49e-05	1.91e-02	6.34e-01	3.47e-01	6.55e-05	0.00e+00	0.00e+00	0.00e+00
 2.30642e+16	4.13e-05	2.14e-02	6.47e-01	3.31e-01	5.44e-05	0.00e+00	0.00e+00	0.00e+00
 2.31485e+16	4.71e-05	2.33e-02	6.57e-01	3.19e-01	4.73e-05	0.00e+00	0.00e+00	0.00e+00
 2.32182e+16	5.26e-05	2.51e-02	6.66e-01	3.09e-01	4.19e-05	0.00e+00	0.00e+00	0.00e+00
 2.32974e+16	5.98e-05	2.74e-02	6.75e-01	2.97e-01	3.63e-05	0.00e+00	0.00e+00	0.00e+00
 2.33866e+16	6.93e-05	3.03e-02	6.86e-01	2.84e-01	3.10e-05	0.00e+00	0.00e+00	0.00e+00
 2.34685e+16	7.99e-05	3.33e-02	6.95e-01	2.71e-01	2.67e-05	0.00e+00	0.00e+00	0.00e+00
 2.35396e+16	9.06e-05	3.62e-02	7.03e-01	2.60e-01	2.34e-05	0.00e+00	0.00e+00	0.00e+00
 2.36171e+16	1.04e-04	3.98e-02	7.12e-01	2.48e-01	2.01e-05	0.00e+00	0.00e+00	0.00e+00
 2.37006e+16	1.22e-04	4.42e-02	7.21e-01	2.34e-01	1.71e-05	0.00e+00	0.00e+00	0.00e+00
 2.37720e+16	1.40e-04	4.85e-02	7.29e-01	2.23e-01	1.48e-05	0.00e+00	0.00e+00	0.00e+00
 2.38333e+16	1.58e-04	5.26e-02	7.34e-01	2.13e-01	1.30e-05	0.00e+00	0.00e+00	0.00e+00
 2.39014e+16	1.81e-04	5.77e-02	7.41e-01	2.01e-01	1.13e-05	0.00e+00	0.00e+00	0.00e+00
 2.39759e+16	2.11e-04	6.40e-02	7.47e-01	1.89e-01	9.56e-06	0.00e+00	0.00e+00	0.00e+00
 2.40413e+16	2.43e-04	7.04e-02	7.51e-01	1.78e-01	8.25e-06	0.00e+00	0.00e+00	0.00e+00
 2.40974e+16	2.76e-04	7.64e-02	7.54e-01	1.69e-01	7.24e-06	0.00e+00	0.00e+00	0.00e+00
 2.41591e+16	3.17e-04	8.39e-02	7.57e-01	1.58e-01	6.22e-06	0.00e+00	0.00e+00	0.00e+00
 2.42262e+16	3.71e-04	9.31e-02	7.59e-01	1.47e-01	5.26e-06	0.00e+00	0.00e+00	0.00e+00
 2.42852e+16	4.27e-04	1.02e-01	7.60e-01	1.37e-01	4.51e-06	0.00e+00	0.00e+00	0.00e+00
 2.43364e+16	4.85e-04	1.11e-01	7.59e-01	1.29e-01	3.93e-06	0.00e+00	0.00e+00	0.00e+00
 2.43930e+16	5.59e-04	1.22e-01	7.58e-01	1.20e-01	3.34e-06	0.00e+00	0.00e+00	0.00e+00
 2.44545e+16	6.55e-04	1.36e-01	7.54e-01	1.09e-01	2.79e-06	0.00e+00	0.00e+00	0.00e+00
 2.45084e+16	7.58e-04	1.50e-01	7.49e-01	1.01e-01	2.36e-06	0.00e+00	0.00e+00	0.00e+00
 2.45553e+16	8.64e-04	1.63e-01	7.43e-01	9.33e-02	2.03e-06	0.00e+00	0.00e+00	0.00e+00
 2.46075e+16	1.00e-03	1.79e-01	7.35e-01	8.51e-02	1.70e-06	0.00e+00	0.00e+00	0.00e+00
 2.46646e+16	1.18e-03	1.99e-01	7.23e-01	7.63e-02	1.39e-06	0.00e+00	0.00e+00	0.00e+00
 2.47156e+16	1.38e-03	2.20e-01	7.10e-01	6.87e-02	1.15e-06	0.00e+00	0.00e+00	0.00e+00
 2.47609e+16	1.58e-03	2.40e-01	6.96e-01	6.20e-02	9.56e-07	0.00e+00	0.00e+00	0.00e+00
 2.48115e+16	1.85e-03	2.65e-01	6.78e-01	5.48e-02	0.00e+00	0.00e+00	0.00e+00	0.00e+00
 2.48671e+16	2.22e-03	2.97e-01	6.54e-01	4.72e-02	0.00e+00	0.00e+00	0.00e+00	0.00e+00
 2.49176e+16	2.64e-03	3.29e-01	6.28e-01	4.07e-02	0.00e+00	0.00e+00	0.00e+00	0.00e+00
 2.49641e+16	3.09e-03	3.62e-01	6.00e-01	3.49e-02	0.00e+00	0.00e+00	0.00e+00	0.00e+00
 2.50172e+16	3.73e-03	4.03e-01	5.64e-01	2.88e-02	0.00e+00	0.00e+00	0.00e+00	0.00e+00
 2.50736e+16	4.55e-03	4.52e-01	5.20e-01	2.28e-02	0.00e+00	0.00e+00	0.00e+00	0.00e+00
 2.51204e+16	5.42e-03	4.97e-01	4.79e-01	1.83e-02	0.00e+00	0.00e+00	0.00e+00	0.00e+00
 2.51591e+16	6.29e-03	5.37e-01	4.42e-01	1.50e-02	0.00e+00	0.00e+00	0.00e+00	0.00e+00
 2.51951e+16	7.19e-03	5.76e-01	4.05e-01	1.22e-02	0.00e+00	0.00e+00	0.00e+00	0.00e+00
 2.52298e+16	8.24e-03	6.14e-01	3.68e-01	9.73e-03	0.00e+00	0.00e+00	0.00e+00	0.00e+00
 2.52636e+16	9.40e-03	6.53e-01	3.30e-01	7.67e-03	0.00e+00	0.00e+00	0.00e+00	0.00e+00
 2.52956e+16	1.07e-02	6.89e-01	2.94e-01	5.98e-03	0.00e+00	0.00e+00	0.00e+00	0.00e+00
 2.53257e+16	1.21e-02	7.23e-01	2.60e-01	4.62e-03	0.00e+00	0.00e+00	0.00e+00	0.00e+00
 2.53545e+16	1.36e-02	7.55e-01	2.28e-01	3.54e-03	0.00e+00	0.00e+00	0.00e+00	0.00e+00
 2.53822e+16	1.52e-02	7.84e-01	1.98e-01	2.67e-03	0.00e+00	0.00e+00	0.00e+00	0.00e+00
 2.54089e+16	1.70e-02	8.11e-01	1.70e-01	1.98e-03	0.00e+00	0.00e+00	0.00e+00	0.00e+00
 2.54345e+16	1.90e-02	8.34e-01	1.45e-01	1.46e-03	0.00e+00	0.00e+00	0.00e+00	0.00e+00
 2.54589e+16	2.11e-02	8.55e-01	1.23e-01	1.06e-03	0.00e+00	0.00e+00	0.00e+00	0.00e+00
 2.54827e+16	2.35e-02	8.73e-01	1.03e-01	7.65e-04	0.00e+00	0.00e+00	0.00e+00	0.00e+00
 2.55061e+16	2.60e-02	8.88e-01	8.55e-02	5.38e-04	0.00e+00	0.00e+00	0.00e+00	0.00e+00
 2.55285e+16	2.88e-02	9.01e-01	7.03e-02	3.75e-04	0.00e+00	0.00e+00	0.00e+00	0.00e+00
 2.55497e+16	3.18e-02	9.10e-01	5.76e-02	2.60e-04	0.00e+00	0.00e+00	0.00e+00	0.00e+00
 2.55703e+16	3.51e-02	9.18e-01	4.69e-02	1.78e-04	0.00e+00	0.00e+00	0.00e+00	0.00e+00
 2.55902e+16	3.87e-02	9.23e-01	3.79e-02	1.21e-04	0.00e+00	0.00e+00	0.00e+00	0.00e+00
 2.56089e+16	4.25e-02	9.27e-01	3.06e-02	8.22e-05	0.00e+00	0.00e+00	0.00e+00	0.00e+00
 2.56266e+16	4.65e-02	9.29e-01	2.48e-02	5.61e-05	0.00e+00	0.00e+00	0.00e+00	0.00e+00
 2.56433e+16	5.07e-02	9.29e-01	2.01e-02	3.84e-05	0.00e+00	0.00e+00	0.00e+00	0.00e+00
 2.56597e+16	5.51e-02	9.29e-01	1.61e-02	2.59e-05	0.00e+00	0.00e+00	0.00e+00	0.00e+00
 2.56753e+16	5.99e-02	9.27e-01	1.30e-02	1.76e-05	0.00e+00	0.00e+00	0.00e+00	0.00e+00
 2.56901e+16	6.50e-02	9.25e-01	1.05e-02	1.20e-05	0.00e+00	0.00e+00	0.00e+00	0.00e+00
 2.57044e+16	7.01e-02	9.21e-01	8.48e-03	8.13e-06	0.00e+00	0.00e+00	0.00e+00	0.00e+00
 2.57179e+16	7.55e-02	9.18e-01	6.87e-03	5.56e-06	0.00e+00	0.00e+00	0.00e+00	0.00e+00
 2.57304e+16	8.08e-02	9.14e-01	5.63e-03	3.89e-06	0.00e+00	0.00e+00	0.00e+00	0.00e+00
 2.57414e+16	8.58e-02	9.10e-01	4.70e-03	2.80e-06	0.00e+00	0.00e+00	0.00e+00	0.00e+00
 2.57513e+16	9.05e-02	9.06e-01	3.98e-03	2.08e-06	0.00e+00	0.00e+00	0.00e+00	0.00e+00
 2.57587e+16	9.41e-02	9.02e-01	3.51e-03	1.66e-06	0.00e+00	0.00e+00	0.00e+00	0.00e+00
 2.57637e+16	9.68e-02	9.00e-01	3.22e-03	1.42e-06	0.00e+00	0.00e+00	0.00e+00	0.00e+00
 2.57684e+16	9.94e-02	8.98e-01	2.96e-03	1.22e-06	0.00e+00	0.00e+00	0.00e+00	0.00e+00
 2.57739e+16	1.03e-01	8.95e-01	2.68e-03	1.02e-06	0.00e+00	0.00e+00	0.00e+00	0.00e+00
 2.57797e+16	1.06e-01	8.92e-01	2.41e-03	8.41e-07	0.00e+00	0.00e+00	0.00e+00	0.00e+00
 2.57853e+16	1.09e-01	8.88e-01	2.17e-03	0.00e+00	0.00e+00	0.00e+00	0.00e+00	0.00e+00
 2.57906e+16	1.13e-01	8.85e-01	1.97e-03	0.00e+00	0.00e+00	0.00e+00	0.00e+00	0.00e+00
 2.57959e+16	1.16e-01	8.82e-01	1.78e-03	0.00e+00	0.00e+00	0.00e+00	0.00e+00	0.00e+00
 2.58012e+16	1.20e-01	8.79e-01	1.61e-03	0.00e+00	0.00e+00	0.00e+00	0.00e+00	0.00e+00
 2.58064e+16	1.23e-01	8.75e-01	1.46e-03	0.00e+00	0.00e+00	0.00e+00	0.00e+00	0.00e+00
 2.58115e+16	1.27e-01	8.72e-01	1.32e-03	0.00e+00	0.00e+00	0.00e+00	0.00e+00	0.00e+00
 2.58166e+16	1.31e-01	8.68e-01	1.19e-03	0.00e+00	0.00e+00	0.00e+00	0.00e+00	0.00e+00
 2.58217e+16	1.35e-01	8.64e-01	1.07e-03	0.00e+00	0.00e+00	0.00e+00	0.00e+00	0.00e+00
 2.58266e+16	1.39e-01	8.60e-01	9.71e-04	0.00e+00	0.00e+00	0.00e+00	0.00e+00	0.00e+00
 2.58314e+16	1.43e-01	8.56e-01	8.78e-04	0.00e+00	0.00e+00	0.00e+00	0.00e+00	0.00e+00
 2.58363e+16	1.47e-01	8.52e-01	7.92e-04	0.00e+00	0.00e+00	0.00e+00	0.00e+00	0.00e+00
 2.58411e+16	1.52e-01	8.47e-01	7.15e-04	0.00e+00	0.00e+00	0.00e+00	0.00e+00	0.00e+00
 2.58458e+16	1.56e-01	8.43e-01	6.46e-04	0.00e+00	0.00e+00	0.00e+00	0.00e+00	0.00e+00
 2.58505e+16	1.61e-01	8.38e-01	5.83e-04	0.00e+00	0.00e+00	0.00e+00	0.00e+00	0.00e+00
 2.58551e+16	1.67e-01	8.33e-01	5.26e-04	0.00e+00	0.00e+00	0.00e+00	0.00e+00	0.00e+00
 2.58597e+16	1.72e-01	8.28e-01	4.74e-04	0.00e+00	0.00e+00	0.00e+00	0.00e+00	0.00e+00
 2.58642e+16	1.77e-01	8.22e-01	4.28e-04	0.00e+00	0.00e+00	0.00e+00	0.00e+00	0.00e+00
 2.58686e+16	1.83e-01	8.17e-01	3.86e-04	0.00e+00	0.00e+00	0.00e+00	0.00e+00	0.00e+00
 2.58729e+16	1.89e-01	8.11e-01	3.48e-04	0.00e+00	0.00e+00	0.00e+00	0.00e+00	0.00e+00
 2.58773e+16	1.95e-01	8.05e-01	3.13e-04	0.00e+00	0.00e+00	0.00e+00	0.00e+00	0.00e+00
 2.58816e+16	2.01e-01	7.98e-01	2.82e-04	0.00e+00	0.00e+00	0.00e+00	0.00e+00	0.00e+00
 2.58858e+16	2.08e-01	7.91e-01	2.54e-04	0.00e+00	0.00e+00	0.00e+00	0.00e+00	0.00e+00
 2.58899e+16	2.16e-01	7.84e-01	2.28e-04	0.00e+00	0.00e+00	0.00e+00	0.00e+00	0.00e+00
 2.58941e+16	2.23e-01	7.77e-01	2.05e-04	0.00e+00	0.00e+00	0.00e+00	0.00e+00	0.00e+00
 2.58981e+16	2.32e-01	7.68e-01	1.84e-04	0.00e+00	0.00e+00	0.00e+00	0.00e+00	0.00e+00
 2.59020e+16	2.40e-01	7.60e-01	1.66e-04	0.00e+00	0.00e+00	0.00e+00	0.00e+00	0.00e+00
 2.59060e+16	2.50e-01	7.50e-01	1.49e-04	0.00e+00	0.00e+00	0.00e+00	0.00e+00	0.00e+00
 2.59098e+16	2.59e-01	7.41e-01	1.34e-04	0.00e+00	0.00e+00	0.00e+00	0.00e+00	0.00e+00
 2.59135e+16	2.69e-01	7.31e-01	1.20e-04	0.00e+00	0.00e+00	0.00e+00	0.00e+00	0.00e+00
 2.59172e+16	2.80e-01	7.20e-01	1.08e-04	0.00e+00	0.00e+00	0.00e+00	0.00e+00	0.00e+00
 2.59208e+16	2.92e-01	7.08e-01	9.67e-05	0.00e+00	0.00e+00	0.00e+00	0.00e+00	0.00e+00
 2.59244e+16	3.04e-01	6.96e-01	8.68e-05	0.00e+00	0.00e+00	0.00e+00	0.00e+00	0.00e+00
 2.59278e+16	3.15e-01	6.85e-01	7.80e-05	0.00e+00	0.00e+00	0.00e+00	0.00e+00	0.00e+00
 2.59312e+16	3.29e-01	6.71e-01	6.99e-05	0.00e+00	0.00e+00	0.00e+00	0.00e+00	0.00e+00
 2.59345e+16	3.43e-01	6.57e-01	6.27e-05	0.00e+00	0.00e+00	0.00e+00	0.00e+00	0.00e+00
 2.59377e+16	3.57e-01	6.43e-01	5.61e-05	0.00e+00	0.00e+00	0.00e+00	0.00e+00	0.00e+00
 2.59409e+16	3.73e-01	6.27e-01	5.02e-05	0.00e+00	0.00e+00	0.00e+00	0.00e+00	0.00e+00
 2.59440e+16	3.89e-01	6.11e-01	4.49e-05	0.00e+00	0.00e+00	0.00e+00	0.00e+00	0.00e+00
 2.59470e+16	4.06e-01	5.94e-01	4.01e-05	0.00e+00	0.00e+00	0.00e+00	0.00e+00	0.00e+00
 2.59500e+16	4.25e-01	5.75e-01	3.57e-05	0.00e+00	0.00e+00	0.00e+00	0.00e+00	0.00e+00
 2.59530e+16	4.44e-01	5.56e-01	3.18e-05	0.00e+00	0.00e+00	0.00e+00	0.00e+00	0.00e+00
 2.59558e+16	4.63e-01	5.37e-01	2.83e-05	0.00e+00	0.00e+00	0.00e+00	0.00e+00	0.00e+00
 2.59587e+16	4.83e-01	5.17e-01	2.51e-05	0.00e+00	0.00e+00	0.00e+00	0.00e+00	0.00e+00
 2.59615e+16	5.04e-01	4.96e-01	2.22e-05	0.00e+00	0.00e+00	0.00e+00	0.00e+00	0.00e+00
 2.59642e+16	5.25e-01	4.75e-01	1.96e-05	0.00e+00	0.00e+00	0.00e+00	0.00e+00	0.00e+00
 2.59669e+16	5.47e-01	4.53e-01	1.73e-05	0.00e+00	0.00e+00	0.00e+00	0.00e+00	0.00e+00
 2.59696e+16	5.69e-01	4.31e-01	1.52e-05	0.00e+00	0.00e+00	0.00e+00	0.00e+00	0.00e+00
 2.59722e+16	5.91e-01	4.09e-01	1.33e-05	0.00e+00	0.00e+00	0.00e+00	0.00e+00	0.00e+00
 2.59748e+16	6.14e-01	3.86e-01	1.17e-05	0.00e+00	0.00e+00	0.00e+00	0.00e+00	0.00e+00
 2.59774e+16	6.36e-01	3.64e-01	1.02e-05	0.00e+00	0.00e+00	0.00e+00	0.00e+00	0.00e+00
 2.59796e+16	6.55e-01	3.45e-01	9.06e-06	0.00e+00	0.00e+00	0.00e+00	0.00e+00	0.00e+00
 2.59813e+16	6.70e-01	3.30e-01	8.24e-06	0.00e+00	0.00e+00	0.00e+00	0.00e+00	0.00e+00
 2.59829e+16	6.85e-01	3.15e-01	7.52e-06	0.00e+00	0.00e+00	0.00e+00	0.00e+00	0.00e+00
 2.59846e+16	6.98e-01	3.02e-01	6.84e-06	0.00e+00	0.00e+00	0.00e+00	0.00e+00	0.00e+00
 2.59863e+16	7.14e-01	2.86e-01	6.15e-06	0.00e+00	0.00e+00	0.00e+00	0.00e+00	0.00e+00
 2.59880e+16	7.28e-01	2.72e-01	5.57e-06	0.00e+00	0.00e+00	0.00e+00	0.00e+00	0.00e+00
 2.59895e+16	7.40e-01	2.60e-01	5.09e-06	0.00e+00	0.00e+00	0.00e+00	0.00e+00	0.00e+00
 2.59910e+16	7.54e-01	2.46e-01	4.61e-06	0.00e+00	0.00e+00	0.00e+00	0.00e+00	0.00e+00
 2.59925e+16	7.65e-01	2.35e-01	4.21e-06	0.00e+00	0.00e+00	0.00e+00	0.00e+00	0.00e+00
 2.59940e+16	7.77e-01	2.23e-01	3.82e-06	0.00e+00	0.00e+00	0.00e+00	0.00e+00	0.00e+00
 2.59954e+16	7.87e-01	2.13e-01	3.50e-06	0.00e+00	0.00e+00	0.00e+00	0.00e+00	0.00e+00
