#depth	C	C+	C+2	C+3	C+4	C+5	C+6	C[1]	C[2]	C[3]	C+[1]	C+[2]	CO
 1.49634e+10	0.00e+00	3.36e-33	5.42e-23	2.40e-13	3.31e-03	8.81e-01	1.16e-01	0.00e+00	0.00e+00	0.00e+00	0.00e+00	0.00e+00	3.57e-165
 4.54887e+10	2.38e-44	4.62e-33	6.89e-23	2.82e-13	3.59e-03	8.88e-01	1.08e-01	0.00e+00	0.00e+00	0.00e+00	0.00e+00	0.00e+00	9.45e-209
 7.72350e+10	0.00e+00	6.41e-33	8.83e-23	3.34e-13	3.93e-03	8.95e-01	1.01e-01	0.00e+00	0.00e+00	0.00e+00	0.00e+00	0.00e+00	4.53e-164
 1.10251e+11	5.36e-44	8.89e-33	1.13e-22	3.95e-13	4.29e-03	9.02e-01	9.38e-02	0.00e+00	0.00e+00	0.00e+00	0.00e+00	0.00e+00	6.34e-208
 1.44588e+11	0.00e+00	1.23e-32	1.45e-22	4.67e-13	4.69e-03	9.08e-01	8.72e-02	0.00e+00	0.00e+00	0.00e+00	0.00e+00	0.00e+00	5.75e-163
 1.77339e+11	1.17e-43	1.66e-32	1.82e-22	5.45e-13	5.08e-03	9.13e-01	8.16e-02	0.00e+00	0.00e+00	0.00e+00	0.00e+00	0.00e+00	4.31e-207
 2.07355e+11	0.00e+00	2.17e-32	2.23e-22	6.25e-13	5.47e-03	9.18e-01	7.68e-02	0.00e+00	0.00e+00	0.00e+00	0.00e+00	0.00e+00	5.21e-162
 2.41327e+11	2.34e-43	2.91e-32	2.78e-22	7.28e-13	5.93e-03	9.22e-01	7.19e-02	0.00e+00	0.00e+00	0.00e+00	0.00e+00	0.00e+00	2.25e-206
 2.80702e+11	0.00e+00	4.03e-32	3.56e-22	8.59e-13	6.47e-03	9.27e-01	6.68e-02	0.00e+00	0.00e+00	0.00e+00	0.00e+00	0.00e+00	5.76e-161
 3.19554e+11	5.14e-43	5.49e-32	4.49e-22	1.01e-12	7.02e-03	9.31e-01	6.22e-02	0.00e+00	0.00e+00	0.00e+00	0.00e+00	0.00e+00	1.35e-205
 3.56891e+11	0.00e+00	7.32e-32	5.59e-22	1.17e-12	7.59e-03	9.34e-01	5.82e-02	0.00e+00	0.00e+00	0.00e+00	0.00e+00	0.00e+00	5.88e-160
 3.98024e+11	1.08e-42	9.95e-32	7.05e-22	1.37e-12	8.25e-03	9.38e-01	5.42e-02	0.00e+00	0.00e+00	0.00e+00	0.00e+00	0.00e+00	7.51e-205
 4.43871e+11	0.00e+00	1.38e-31	9.03e-22	1.61e-12	9.01e-03	9.41e-01	5.02e-02	0.00e+00	0.00e+00	0.00e+00	0.00e+00	0.00e+00	6.93e-159
 4.90513e+11	2.42e-42	1.90e-31	1.15e-21	1.90e-12	9.82e-03	9.44e-01	4.66e-02	0.00e+00	0.00e+00	0.00e+00	0.00e+00	0.00e+00	4.67e-204
 5.39019e+11	0.00e+00	2.63e-31	1.47e-21	2.25e-12	1.07e-02	9.46e-01	4.32e-02	0.00e+00	0.00e+00	0.00e+00	0.00e+00	0.00e+00	8.49e-158
 5.90507e+11	5.45e-42	3.66e-31	1.89e-21	2.66e-12	1.17e-02	9.48e-01	3.99e-02	0.00e+00	0.00e+00	0.00e+00	0.00e+00	0.00e+00	3.02e-203
 6.44054e+11	0.00e+00	5.09e-31	2.43e-21	3.15e-12	1.28e-02	9.50e-01	3.69e-02	0.00e+00	0.00e+00	0.00e+00	0.00e+00	0.00e+00	1.11e-156
 6.99743e+11	1.24e-41	7.09e-31	3.12e-21	3.73e-12	1.40e-02	9.52e-01	3.41e-02	0.00e+00	0.00e+00	0.00e+00	0.00e+00	0.00e+00	1.71e-202
 7.54239e+11	0.00e+00	9.68e-31	3.95e-21	4.37e-12	1.52e-02	9.53e-01	3.16e-02	0.00e+00	0.00e+00	0.00e+00	0.00e+00	0.00e+00	1.34e-155
 8.06366e+11	2.62e-41	1.29e-30	4.91e-21	5.08e-12	1.64e-02	9.54e-01	2.95e-02	0.00e+00	0.00e+00	0.00e+00	0.00e+00	0.00e+00	3.61e-213
 8.63998e+11	0.00e+00	1.76e-30	6.22e-21	5.95e-12	1.78e-02	9.55e-01	2.74e-02	0.00e+00	0.00e+00	0.00e+00	0.00e+00	0.00e+00	1.37e-154
 9.28485e+11	5.84e-41	2.46e-30	8.00e-21	7.06e-12	1.95e-02	9.55e-01	2.53e-02	0.00e+00	0.00e+00	0.00e+00	0.00e+00	0.00e+00	3.90e-201
 9.93286e+11	0.00e+00	3.40e-30	1.02e-20	8.33e-12	2.12e-02	9.55e-01	2.33e-02	0.00e+00	0.00e+00	0.00e+00	0.00e+00	0.00e+00	1.74e-153
 1.06068e+12	1.31e-40	4.71e-30	1.31e-20	9.84e-12	2.32e-02	9.55e-01	2.16e-02	0.00e+00	0.00e+00	0.00e+00	0.00e+00	0.00e+00	2.90e-200
 1.13303e+12	0.00e+00	6.59e-30	1.69e-20	1.17e-11	2.54e-02	9.55e-01	1.98e-02	0.00e+00	0.00e+00	0.00e+00	0.00e+00	0.00e+00	2.25e-152
 1.20828e+12	3.03e-40	9.24e-30	2.18e-20	1.39e-11	2.78e-02	9.54e-01	1.83e-02	0.00e+00	0.00e+00	0.00e+00	0.00e+00	0.00e+00	4.85e-199
 1.28654e+12	0.00e+00	1.30e-29	2.82e-20	1.65e-11	3.04e-02	9.53e-01	1.68e-02	0.00e+00	0.00e+00	0.00e+00	0.00e+00	0.00e+00	3.06e-151
 1.36793e+12	7.05e-40	1.82e-29	3.65e-20	1.97e-11	3.33e-02	9.51e-01	1.54e-02	0.00e+00	0.00e+00	0.00e+00	0.00e+00	0.00e+00	0.00e+00
 1.45257e+12	0.00e+00	2.56e-29	4.73e-20	2.34e-11	3.64e-02	9.49e-01	1.42e-02	0.00e+00	0.00e+00	0.00e+00	0.00e+00	0.00e+00	4.20e-150
 1.54060e+12	1.65e-39	3.61e-29	6.13e-20	2.79e-11	3.99e-02	9.47e-01	1.30e-02	0.00e+00	0.00e+00	0.00e+00	0.00e+00	0.00e+00	0.00e+00
 1.63215e+12	0.00e+00	5.09e-29	7.95e-20	3.32e-11	4.37e-02	9.44e-01	1.19e-02	0.00e+00	0.00e+00	0.00e+00	0.00e+00	0.00e+00	5.86e-149
 1.72737e+12	3.89e-39	7.19e-29	1.03e-19	3.96e-11	4.78e-02	9.41e-01	1.09e-02	0.00e+00	0.00e+00	0.00e+00	0.00e+00	0.00e+00	0.00e+00
 1.82384e+12	0.00e+00	1.01e-28	1.33e-19	4.70e-11	5.22e-02	9.38e-01	9.99e-03	0.00e+00	0.00e+00	0.00e+00	0.00e+00	0.00e+00	8.01e-148
 1.92417e+12	9.04e-39	1.41e-28	1.73e-19	5.59e-11	5.71e-02	9.34e-01	9.15e-03	0.00e+00	0.00e+00	0.00e+00	0.00e+00	0.00e+00	1.67e-194
 2.03107e+12	0.00e+00	2.00e-28	2.25e-19	6.67e-11	6.25e-02	9.29e-01	8.35e-03	0.00e+00	0.00e+00	0.00e+00	0.00e+00	0.00e+00	1.11e-146
 2.14224e+12	2.16e-38	2.84e-28	2.93e-19	7.97e-11	6.85e-02	9.24e-01	7.62e-03	0.00e+00	0.00e+00	0.00e+00	0.00e+00	0.00e+00	1.13e-193
 2.25785e+12	0.00e+00	4.04e-28	3.82e-19	9.52e-11	7.49e-02	9.18e-01	6.94e-03	0.00e+00	0.00e+00	0.00e+00	0.00e+00	0.00e+00	1.62e-145
 2.37809e+12	5.19e-38	5.74e-28	4.99e-19	1.14e-10	8.20e-02	9.12e-01	6.31e-03	0.00e+00	0.00e+00	0.00e+00	0.00e+00	0.00e+00	0.00e+00
 2.50314e+12	0.00e+00	8.17e-28	6.53e-19	1.36e-10	8.97e-02	9.05e-01	5.73e-03	0.00e+00	0.00e+00	0.00e+00	0.00e+00	0.00e+00	2.38e-144
 2.63320e+12	1.25e-37	1.16e-27	8.54e-19	1.63e-10	9.81e-02	8.97e-01	5.20e-03	0.00e+00	0.00e+00	0.00e+00	0.00e+00	0.00e+00	0.00e+00
 2.75263e+12	0.00e+00	1.59e-27	1.08e-18	1.90e-10	1.06e-01	8.89e-01	4.76e-03	0.00e+00	0.00e+00	0.00e+00	0.00e+00	0.00e+00	3.05e-143
 2.85493e+12	2.57e-37	2.07e-27	1.32e-18	2.17e-10	1.13e-01	8.82e-01	4.42e-03	0.00e+00	0.00e+00	0.00e+00	0.00e+00	0.00e+00	1.06e-191
 2.96801e+12	0.00e+00	2.74e-27	1.63e-18	2.50e-10	1.21e-01	8.74e-01	4.08e-03	0.00e+00	0.00e+00	0.00e+00	0.00e+00	0.00e+00	2.40e-142
 3.10753e+12	5.55e-37	3.83e-27	2.11e-18	2.96e-10	1.32e-01	8.64e-01	3.71e-03	0.00e+00	0.00e+00	0.00e+00	0.00e+00	0.00e+00	0.00e+00
 3.25058e+12	0.00e+00	5.33e-27	2.71e-18	3.49e-10	1.43e-01	8.54e-01	3.36e-03	0.00e+00	0.00e+00	0.00e+00	0.00e+00	0.00e+00	3.05e-141
 3.37976e+12	1.21e-36	7.12e-27	3.37e-18	4.03e-10	1.53e-01	8.44e-01	3.08e-03	0.00e+00	0.00e+00	0.00e+00	0.00e+00	0.00e+00	0.00e+00
 3.52175e+12	0.00e+00	9.67e-27	4.26e-18	4.70e-10	1.65e-01	8.32e-01	2.81e-03	0.00e+00	0.00e+00	0.00e+00	0.00e+00	0.00e+00	2.97e-140
 3.68193e+12	2.69e-36	1.35e-26	5.48e-18	5.55e-10	1.78e-01	8.19e-01	2.53e-03	0.00e+00	0.00e+00	0.00e+00	0.00e+00	0.00e+00	0.00e+00
 3.83491e+12	0.00e+00	1.84e-26	6.93e-18	6.47e-10	1.91e-01	8.06e-01	2.30e-03	0.00e+00	0.00e+00	0.00e+00	0.00e+00	0.00e+00	3.47e-139
 4.00108e+12	5.92e-36	2.54e-26	8.84e-18	7.59e-10	2.06e-01	7.92e-01	2.08e-03	0.00e+00	0.00e+00	0.00e+00	0.00e+00	0.00e+00	0.00e+00
 4.18471e+12	0.00e+00	3.57e-26	1.15e-17	8.99e-10	2.23e-01	7.75e-01	1.86e-03	0.00e+00	0.00e+00	0.00e+00	0.00e+00	0.00e+00	4.44e-138
 4.35803e+12	1.34e-35	4.87e-26	1.45e-17	1.05e-09	2.39e-01	7.60e-01	1.67e-03	0.00e+00	0.00e+00	0.00e+00	0.00e+00	0.00e+00	6.17e-212
 4.54463e+12	0.00e+00	6.71e-26	1.85e-17	1.22e-09	2.56e-01	7.43e-01	1.50e-03	0.00e+00	0.00e+00	0.00e+00	0.00e+00	0.00e+00	5.04e-137
 4.75216e+12	3.07e-35	9.45e-26	2.39e-17	1.45e-09	2.75e-01	7.23e-01	1.33e-03	0.00e+00	0.00e+00	0.00e+00	0.00e+00	0.00e+00	0.00e+00
 4.95312e+12	0.00e+00	1.30e-25	3.04e-17	1.69e-09	2.94e-01	7.05e-01	1.19e-03	0.00e+00	0.00e+00	0.00e+00	0.00e+00	0.00e+00	6.48e-136
 5.16630e+12	6.86e-35	1.79e-25	3.88e-17	1.97e-09	3.14e-01	6.85e-01	1.06e-03	0.00e+00	0.00e+00	0.00e+00	0.00e+00	0.00e+00	7.58e-99
 5.40288e+12	1.05e-34	2.52e-25	5.02e-17	2.33e-09	3.37e-01	6.62e-01	9.29e-04	0.00e+00	0.00e+00	0.00e+00	0.00e+00	0.00e+00	0.00e+00
 5.63921e+12	1.59e-34	3.49e-25	6.42e-17	2.72e-09	3.59e-01	6.41e-01	8.19e-04	0.00e+00	0.00e+00	0.00e+00	0.00e+00	0.00e+00	3.73e-116
 5.88500e+12	2.38e-34	4.81e-25	8.20e-17	3.18e-09	3.81e-01	6.18e-01	7.20e-04	0.00e+00	0.00e+00	0.00e+00	0.00e+00	0.00e+00	1.30e-97
 6.15032e+12	3.62e-34	6.71e-25	1.05e-16	3.72e-09	4.05e-01	5.94e-01	6.29e-04	0.00e+00	0.00e+00	0.00e+00	0.00e+00	0.00e+00	0.00e+00
 6.42626e+12	5.47e-34	9.32e-25	1.35e-16	4.35e-09	4.30e-01	5.69e-01	5.48e-04	0.00e+00	0.00e+00	0.00e+00	0.00e+00	0.00e+00	1.14e-114
 6.71324e+12	8.24e-34	1.29e-24	1.72e-16	5.07e-09	4.55e-01	5.45e-01	4.76e-04	0.00e+00	0.00e+00	0.00e+00	0.00e+00	0.00e+00	2.25e-96
 6.98181e+12	1.19e-33	1.72e-24	2.14e-16	5.81e-09	4.77e-01	5.22e-01	4.18e-04	0.00e+00	0.00e+00	0.00e+00	0.00e+00	0.00e+00	0.00e+00
 7.21937e+12	1.62e-33	2.20e-24	2.58e-16	6.51e-09	4.97e-01	5.03e-01	3.74e-04	0.00e+00	0.00e+00	0.00e+00	0.00e+00	0.00e+00	2.35e-113
 7.48454e+12	2.26e-33	2.87e-24	3.14e-16	7.36e-09	5.17e-01	4.82e-01	3.31e-04	0.00e+00	0.00e+00	0.00e+00	0.00e+00	0.00e+00	2.30e-95
 7.78111e+12	3.22e-33	3.80e-24	3.89e-16	8.38e-09	5.40e-01	4.60e-01	2.89e-04	0.00e+00	0.00e+00	0.00e+00	0.00e+00	0.00e+00	1.64e-112
 8.06140e+12	4.44e-33	4.90e-24	4.71e-16	9.43e-09	5.60e-01	4.39e-01	2.55e-04	0.00e+00	0.00e+00	0.00e+00	0.00e+00	0.00e+00	1.11e-94
 8.36866e+12	6.23e-33	6.40e-24	5.75e-16	1.07e-08	5.82e-01	4.18e-01	2.23e-04	0.00e+00	0.00e+00	0.00e+00	0.00e+00	0.00e+00	1.07e-111
 8.71116e+12	8.93e-33	8.51e-24	7.12e-16	1.21e-08	6.04e-01	3.96e-01	1.93e-04	0.00e+00	0.00e+00	0.00e+00	0.00e+00	0.00e+00	5.60e-94
 9.03340e+12	1.23e-32	1.10e-23	8.63e-16	1.36e-08	6.24e-01	3.75e-01	1.69e-04	0.00e+00	0.00e+00	0.00e+00	0.00e+00	0.00e+00	7.55e-111
 9.38551e+12	1.73e-32	1.43e-23	1.05e-15	1.54e-08	6.45e-01	3.55e-01	1.46e-04	0.00e+00	0.00e+00	0.00e+00	0.00e+00	0.00e+00	2.62e-93
 9.77904e+12	2.48e-32	1.90e-23	1.31e-15	1.75e-08	6.67e-01	3.33e-01	1.25e-04	0.00e+00	0.00e+00	0.00e+00	0.00e+00	0.00e+00	5.67e-110
 1.01520e+13	3.42e-32	2.46e-23	1.58e-15	1.96e-08	6.86e-01	3.14e-01	1.08e-04	0.00e+00	0.00e+00	0.00e+00	0.00e+00	0.00e+00	1.30e-92
 1.04905e+13	4.54e-32	3.08e-23	1.87e-15	2.16e-08	7.02e-01	2.97e-01	9.50e-05	0.00e+00	0.00e+00	0.00e+00	0.00e+00	0.00e+00	3.33e-109
 1.08591e+13	6.10e-32	3.88e-23	2.23e-15	2.40e-08	7.19e-01	2.81e-01	8.28e-05	0.00e+00	0.00e+00	0.00e+00	0.00e+00	0.00e+00	5.04e-92
 1.12738e+13	8.37e-32	4.99e-23	2.69e-15	2.68e-08	7.37e-01	2.63e-01	7.12e-05	0.00e+00	0.00e+00	0.00e+00	0.00e+00	0.00e+00	2.02e-108
 1.16675e+13	1.12e-31	6.26e-23	3.20e-15	2.97e-08	7.52e-01	2.48e-01	6.19e-05	0.00e+00	0.00e+00	0.00e+00	0.00e+00	0.00e+00	2.10e-91
 1.20982e+13	1.51e-31	7.95e-23	3.83e-15	3.30e-08	7.68e-01	2.32e-01	5.34e-05	0.00e+00	0.00e+00	0.00e+00	0.00e+00	0.00e+00	1.17e-107
 1.25737e+13	2.07e-31	1.02e-22	4.63e-15	3.68e-08	7.83e-01	2.16e-01	4.55e-05	0.00e+00	0.00e+00	0.00e+00	0.00e+00	0.00e+00	9.08e-91
 1.30132e+13	2.74e-31	1.28e-22	5.47e-15	4.06e-08	7.97e-01	2.03e-01	3.94e-05	0.00e+00	0.00e+00	0.00e+00	0.00e+00	0.00e+00	7.03e-107
 1.34905e+13	3.67e-31	1.61e-22	6.50e-15	4.49e-08	8.10e-01	1.90e-01	3.39e-05	0.00e+00	0.00e+00	0.00e+00	0.00e+00	0.00e+00	3.54e-90
 1.40248e+13	5.01e-31	2.05e-22	7.84e-15	5.00e-08	8.24e-01	1.76e-01	2.87e-05	0.00e+00	0.00e+00	0.00e+00	0.00e+00	0.00e+00	4.38e-106
 1.45296e+13	6.63e-31	2.57e-22	9.27e-15	5.51e-08	8.36e-01	1.64e-01	2.47e-05	0.00e+00	0.00e+00	0.00e+00	0.00e+00	0.00e+00	1.46e-89
 1.50803e+13	8.89e-31	3.23e-22	1.10e-14	6.10e-08	8.47e-01	1.53e-01	2.10e-05	0.00e+00	0.00e+00	0.00e+00	0.00e+00	0.00e+00	2.54e-105
 1.56936e+13	1.21e-30	4.14e-22	1.33e-14	6.79e-08	8.59e-01	1.41e-01	1.77e-05	0.00e+00	0.00e+00	0.00e+00	0.00e+00	0.00e+00	6.24e-89
 1.62736e+13	1.60e-30	5.16e-22	1.57e-14	7.47e-08	8.69e-01	1.31e-01	1.51e-05	0.00e+00	0.00e+00	0.00e+00	0.00e+00	0.00e+00	1.59e-104
 1.68966e+13	2.14e-30	6.49e-22	1.87e-14	8.24e-08	8.79e-01	1.21e-01	1.29e-05	0.00e+00	0.00e+00	0.00e+00	0.00e+00	0.00e+00	2.49e-88
 1.76024e+13	2.92e-30	8.30e-22	2.25e-14	9.17e-08	8.88e-01	1.12e-01	1.08e-05	0.00e+00	0.00e+00	0.00e+00	0.00e+00	0.00e+00	1.04e-103
 1.82980e+13	3.91e-30	1.05e-21	2.68e-14	1.01e-07	8.97e-01	1.03e-01	9.09e-06	0.00e+00	0.00e+00	0.00e+00	0.00e+00	0.00e+00	1.10e-87
 1.90215e+13	5.23e-30	1.32e-21	3.18e-14	1.12e-07	9.05e-01	9.50e-02	7.69e-06	0.00e+00	0.00e+00	0.00e+00	0.00e+00	0.00e+00	6.64e-103
 1.98123e+13	7.09e-30	1.67e-21	3.81e-14	1.24e-07	9.13e-01	8.73e-02	6.44e-06	0.00e+00	0.00e+00	0.00e+00	0.00e+00	0.00e+00	4.81e-87
 2.06347e+13	9.59e-30	2.13e-21	4.55e-14	1.37e-07	9.20e-01	8.02e-02	5.39e-06	0.00e+00	0.00e+00	0.00e+00	0.00e+00	0.00e+00	4.63e-102
 2.14901e+13	1.29e-29	2.69e-21	5.43e-14	1.51e-07	9.26e-01	7.37e-02	4.52e-06	0.00e+00	0.00e+00	0.00e+00	0.00e+00	0.00e+00	2.19e-86
 2.23796e+13	1.75e-29	3.41e-21	6.47e-14	1.66e-07	9.32e-01	6.77e-02	3.79e-06	0.00e+00	0.00e+00	0.00e+00	0.00e+00	0.00e+00	3.21e-101
 2.32636e+13	2.32e-29	4.26e-21	7.64e-14	1.83e-07	9.38e-01	6.24e-02	3.21e-06	0.00e+00	0.00e+00	0.00e+00	0.00e+00	0.00e+00	9.72e-86
 2.40853e+13	3.00e-29	5.21e-21	8.86e-14	1.98e-07	9.42e-01	5.80e-02	2.76e-06	0.00e+00	0.00e+00	0.00e+00	0.00e+00	0.00e+00	1.87e-100
 2.49811e+13	3.92e-29	6.43e-21	1.03e-13	2.16e-07	9.46e-01	5.38e-02	2.36e-06	0.00e+00	0.00e+00	0.00e+00	0.00e+00	0.00e+00	3.76e-85
 2.59067e+13	5.12e-29	7.93e-21	1.21e-13	2.35e-07	9.50e-01	4.98e-02	2.02e-06	0.00e+00	0.00e+00	0.00e+00	0.00e+00	0.00e+00	1.08e-99
 2.66865e+13	6.37e-29	9.41e-21	1.36e-13	2.51e-07	9.53e-01	4.69e-02	1.78e-06	0.00e+00	0.00e+00	0.00e+00	0.00e+00	0.00e+00	1.33e-84
 2.75113e+13	7.97e-29	1.12e-20	1.55e-13	2.69e-07	9.56e-01	4.40e-02	1.57e-06	0.00e+00	0.00e+00	0.00e+00	0.00e+00	0.00e+00	4.60e-99
 2.85520e+13	1.04e-28	1.38e-20	1.81e-13	2.93e-07	9.59e-01	4.07e-02	1.34e-06	0.00e+00	0.00e+00	0.00e+00	0.00e+00	0.00e+00	4.86e-84
 2.96347e+13	1.38e-28	1.72e-20	2.11e-13	3.19e-07	9.62e-01	3.77e-02	1.14e-06	0.00e+00	0.00e+00	0.00e+00	0.00e+00	0.00e+00	2.79e-98
 3.06066e+13	1.75e-28	2.06e-20	2.41e-13	3.43e-07	9.65e-01	3.52e-02	9.97e-07	0.00e+00	0.00e+00	0.00e+00	0.00e+00	0.00e+00	1.89e-83
 3.15181e+13	2.17e-28	2.44e-20	2.72e-13	3.66e-07	9.67e-01	3.31e-02	0.00e+00	0.00e+00	0.00e+00	0.00e+00	0.00e+00	0.00e+00	1.25e-97
 3.25481e+13	2.75e-28	2.94e-20	3.10e-13	3.93e-07	9.69e-01	3.10e-02	0.00e+00	0.00e+00	0.00e+00	0.00e+00	0.00e+00	0.00e+00	6.34e-83
 3.37065e+13	3.57e-28	3.59e-20	3.58e-13	4.24e-07	9.71e-01	2.89e-02	0.00e+00	0.00e+00	0.00e+00	0.00e+00	0.00e+00	0.00e+00	6.48e-97
 3.48086e+13	4.53e-28	4.32e-20	4.08e-13	4.55e-07	9.73e-01	2.70e-02	0.00e+00	0.00e+00	0.00e+00	0.00e+00	0.00e+00	0.00e+00	2.41e-82
 3.60179e+13	5.85e-28	5.26e-20	4.69e-13	4.89e-07	9.75e-01	2.52e-02	0.00e+00	0.00e+00	0.00e+00	0.00e+00	0.00e+00	0.00e+00	3.31e-96
 3.73547e+13	7.69e-28	6.49e-20	5.43e-13	5.29e-07	9.77e-01	2.34e-02	0.00e+00	0.00e+00	0.00e+00	0.00e+00	0.00e+00	0.00e+00	1.00e-81
 3.85967e+13	9.82e-28	7.83e-20	6.21e-13	5.68e-07	9.78e-01	2.19e-02	0.00e+00	0.00e+00	0.00e+00	0.00e+00	0.00e+00	0.00e+00	1.83e-95
 3.99507e+13	1.27e-27	9.56e-20	7.13e-13	6.11e-07	9.80e-01	2.04e-02	0.00e+00	0.00e+00	0.00e+00	0.00e+00	0.00e+00	0.00e+00	3.91e-81
 4.14720e+13	1.69e-27	1.19e-19	8.29e-13	6.60e-07	9.81e-01	1.89e-02	0.00e+00	0.00e+00	0.00e+00	0.00e+00	0.00e+00	0.00e+00	1.10e-94
 4.29211e+13	2.20e-27	1.45e-19	9.52e-13	7.10e-07	9.82e-01	1.76e-02	0.00e+00	0.00e+00	0.00e+00	0.00e+00	0.00e+00	0.00e+00	1.71e-80
 4.45015e+13	2.89e-27	1.79e-19	1.10e-12	7.66e-07	9.84e-01	1.64e-02	0.00e+00	0.00e+00	0.00e+00	0.00e+00	0.00e+00	0.00e+00	6.39e-94
 4.62600e+13	3.89e-27	2.24e-19	1.29e-12	8.30e-07	9.85e-01	1.52e-02	0.00e+00	0.00e+00	0.00e+00	0.00e+00	0.00e+00	0.00e+00	8.11e-80
 4.79388e+13	5.11e-27	2.76e-19	1.48e-12	8.93e-07	9.86e-01	1.41e-02	0.00e+00	0.00e+00	0.00e+00	0.00e+00	0.00e+00	0.00e+00	4.14e-93
 4.97362e+13	6.78e-27	3.42e-19	1.72e-12	9.63e-07	9.87e-01	1.31e-02	0.00e+00	0.00e+00	0.00e+00	0.00e+00	0.00e+00	0.00e+00	3.70e-79
 5.17556e+13	9.23e-27	4.32e-19	2.01e-12	1.04e-06	9.88e-01	1.21e-02	0.00e+00	0.00e+00	0.00e+00	0.00e+00	0.00e+00	0.00e+00	2.87e-92
 5.37759e+13	1.24e-26	5.41e-19	2.34e-12	1.13e-06	9.89e-01	1.12e-02	0.00e+00	0.00e+00	0.00e+00	0.00e+00	0.00e+00	0.00e+00	1.94e-78
 5.58770e+13	1.67e-26	6.78e-19	2.73e-12	1.22e-06	9.90e-01	1.04e-02	0.00e+00	0.00e+00	0.00e+00	0.00e+00	0.00e+00	0.00e+00	2.01e-91
 5.81420e+13	2.28e-26	8.56e-19	3.20e-12	1.32e-06	9.90e-01	9.60e-03	0.00e+00	0.00e+00	0.00e+00	0.00e+00	0.00e+00	0.00e+00	1.02e-77
 6.04976e+13	3.11e-26	1.08e-18	3.74e-12	1.43e-06	9.91e-01	8.88e-03	0.00e+00	0.00e+00	0.00e+00	0.00e+00	0.00e+00	0.00e+00	1.52e-90
 6.29475e+13	4.24e-26	1.37e-18	4.38e-12	1.55e-06	9.92e-01	8.21e-03	0.00e+00	0.00e+00	0.00e+00	0.00e+00	0.00e+00	0.00e+00	5.62e-77
 6.53532e+13	5.69e-26	1.71e-18	5.09e-12	1.67e-06	9.92e-01	7.62e-03	0.00e+00	0.00e+00	0.00e+00	0.00e+00	0.00e+00	0.00e+00	1.26e-76
 6.78553e+13	7.65e-26	2.13e-18	5.90e-12	1.80e-06	9.93e-01	7.08e-03	0.00e+00	0.00e+00	0.00e+00	0.00e+00	0.00e+00	0.00e+00	2.84e-76
 7.05994e+13	1.04e-25	2.70e-18	6.91e-12	1.95e-06	9.93e-01	6.54e-03	0.00e+00	0.00e+00	0.00e+00	0.00e+00	0.00e+00	0.00e+00	6.69e-76
 7.33528e+13	1.41e-25	3.38e-18	8.04e-12	2.10e-06	9.94e-01	6.07e-03	0.00e+00	0.00e+00	0.00e+00	0.00e+00	0.00e+00	0.00e+00	1.53e-75
 7.58183e+13	1.83e-25	4.11e-18	9.16e-12	2.25e-06	9.94e-01	5.68e-03	0.00e+00	0.00e+00	0.00e+00	0.00e+00	0.00e+00	0.00e+00	3.13e-75
 7.80238e+13	2.29e-25	4.87e-18	1.03e-11	2.38e-06	9.95e-01	5.37e-03	0.00e+00	0.00e+00	0.00e+00	0.00e+00	0.00e+00	0.00e+00	5.82e-75
 8.05408e+13	2.94e-25	5.87e-18	1.16e-11	2.53e-06	9.95e-01	5.04e-03	0.00e+00	0.00e+00	0.00e+00	0.00e+00	0.00e+00	0.00e+00	1.16e-74
 8.36177e+13	3.95e-25	7.33e-18	1.35e-11	2.73e-06	9.95e-01	4.68e-03	0.00e+00	0.00e+00	0.00e+00	0.00e+00	0.00e+00	0.00e+00	2.60e-74
 8.67778e+13	5.29e-25	9.13e-18	1.56e-11	2.94e-06	9.96e-01	4.35e-03	0.00e+00	0.00e+00	0.00e+00	0.00e+00	0.00e+00	0.00e+00	5.81e-74
 8.97036e+13	6.86e-25	1.11e-17	1.78e-11	3.14e-06	9.96e-01	4.08e-03	0.00e+00	0.00e+00	0.00e+00	0.00e+00	0.00e+00	0.00e+00	1.19e-73
 9.29609e+13	9.08e-25	1.37e-17	2.06e-11	3.37e-06	9.96e-01	3.80e-03	0.00e+00	0.00e+00	0.00e+00	0.00e+00	0.00e+00	0.00e+00	2.57e-73
 9.67092e+13	1.23e-24	1.73e-17	2.40e-11	3.65e-06	9.96e-01	3.51e-03	0.00e+00	0.00e+00	0.00e+00	0.00e+00	0.00e+00	0.00e+00	5.96e-73
 1.00410e+14	1.66e-24	2.16e-17	2.79e-11	3.93e-06	9.97e-01	3.26e-03	0.00e+00	0.00e+00	0.00e+00	0.00e+00	0.00e+00	0.00e+00	1.36e-72
 1.04259e+14	2.22e-24	2.69e-17	3.24e-11	4.24e-06	9.97e-01	3.02e-03	0.00e+00	0.00e+00	0.00e+00	0.00e+00	0.00e+00	0.00e+00	2.99e-72
 1.08459e+14	3.03e-24	3.40e-17	3.79e-11	4.59e-06	9.97e-01	2.79e-03	0.00e+00	0.00e+00	0.00e+00	0.00e+00	0.00e+00	0.00e+00	7.09e-72
 1.12828e+14	4.10e-24	4.28e-17	4.44e-11	4.97e-06	9.97e-01	2.58e-03	0.00e+00	0.00e+00	0.00e+00	0.00e+00	0.00e+00	0.00e+00	1.62e-71
 1.16881e+14	5.40e-24	5.27e-17	5.10e-11	5.33e-06	9.98e-01	2.40e-03	0.00e+00	0.00e+00	0.00e+00	0.00e+00	1.70e-17	3.57e-17	3.46e-71
 1.20415e+14	6.80e-24	6.28e-17	5.75e-11	5.66e-06	9.98e-01	2.26e-03	0.00e+00	0.00e+00	0.00e+00	0.00e+00	2.08e-17	4.19e-17	6.53e-71
 1.24342e+14	8.76e-24	7.60e-17	6.53e-11	6.04e-06	9.98e-01	2.12e-03	0.00e+00	0.00e+00	0.00e+00	0.00e+00	2.52e-17	5.08e-17	1.31e-70
 1.29108e+14	1.17e-23	9.45e-17	7.59e-11	6.52e-06	9.98e-01	1.97e-03	0.00e+00	0.00e+00	0.00e+00	0.00e+00	3.14e-17	6.31e-17	2.89e-70
 1.33912e+14	1.55e-23	1.17e-16	8.78e-11	7.02e-06	9.98e-01	1.83e-03	0.00e+00	0.00e+00	0.00e+00	0.00e+00	3.89e-17	7.82e-17	6.28e-70
 1.38255e+14	1.99e-23	1.41e-16	9.98e-11	7.48e-06	9.98e-01	1.71e-03	0.00e+00	0.00e+00	0.00e+00	0.00e+00	4.69e-17	9.43e-17	1.24e-69
 1.43054e+14	2.60e-23	1.73e-16	1.14e-10	8.01e-06	9.98e-01	1.60e-03	0.00e+00	0.00e+00	0.00e+00	0.00e+00	5.74e-17	1.16e-16	2.59e-69
 1.48696e+14	3.48e-23	2.16e-16	1.34e-10	8.68e-06	9.99e-01	1.48e-03	0.00e+00	0.00e+00	0.00e+00	0.00e+00	7.17e-17	1.44e-16	5.77e-69
 1.54237e+14	4.63e-23	2.68e-16	1.54e-10	9.34e-06	9.99e-01	1.37e-03	0.00e+00	0.00e+00	0.00e+00	0.00e+00	8.89e-17	1.79e-16	1.26e-68
 1.59365e+14	5.97e-23	3.25e-16	1.76e-10	9.98e-06	9.99e-01	1.28e-03	0.00e+00	0.00e+00	0.00e+00	0.00e+00	1.08e-16	2.17e-16	2.55e-68
 1.65135e+14	7.85e-23	4.01e-16	2.03e-10	1.07e-05	9.99e-01	1.19e-03	0.00e+00	0.00e+00	0.00e+00	0.00e+00	1.33e-16	2.68e-16	5.42e-68
 1.71770e+14	1.06e-22	5.03e-16	2.38e-10	1.16e-05	9.99e-01	1.10e-03	0.00e+00	0.00e+00	0.00e+00	0.00e+00	1.67e-16	3.36e-16	1.23e-67
 1.78270e+14	1.42e-22	6.28e-16	2.76e-10	1.25e-05	9.99e-01	1.02e-03	0.00e+00	0.00e+00	0.00e+00	0.00e+00	2.08e-16	4.19e-16	2.75e-67
 1.85030e+14	1.88e-22	7.77e-16	3.21e-10	1.35e-05	9.99e-01	9.48e-04	0.00e+00	0.00e+00	0.00e+00	0.00e+00	2.58e-16	5.19e-16	5.92e-67
 1.92461e+14	2.55e-22	9.79e-16	3.75e-10	1.47e-05	9.99e-01	8.76e-04	0.00e+00	0.00e+00	0.00e+00	0.00e+00	3.25e-16	6.54e-16	1.37e-66
 1.99935e+14	3.43e-22	1.23e-15	4.37e-10	1.58e-05	9.99e-01	8.11e-04	0.00e+00	0.00e+00	0.00e+00	0.00e+00	4.07e-16	8.20e-16	3.11e-66
 2.07707e+14	4.60e-22	1.53e-15	5.10e-10	1.71e-05	9.99e-01	7.51e-04	0.00e+00	0.00e+00	0.00e+00	0.00e+00	5.09e-16	1.02e-15	6.97e-66
 2.15667e+14	6.11e-22	1.90e-15	5.93e-10	1.85e-05	9.99e-01	6.96e-04	0.00e+00	0.00e+00	0.00e+00	0.00e+00	6.32e-16	1.27e-15	1.51e-65
 2.23317e+14	8.04e-22	2.34e-15	6.82e-10	1.98e-05	9.99e-01	6.49e-04	0.00e+00	0.00e+00	0.00e+00	0.00e+00	7.77e-16	1.57e-15	3.24e-65
 2.31652e+14	1.06e-21	2.88e-15	7.90e-10	2.14e-05	9.99e-01	6.02e-04	0.00e+00	0.00e+00	0.00e+00	0.00e+00	9.57e-16	1.93e-15	6.82e-65
 2.40518e+14	1.41e-21	3.59e-15	9.18e-10	2.30e-05	9.99e-01	5.59e-04	0.00e+00	0.00e+00	0.00e+00	0.00e+00	1.19e-15	2.40e-15	1.52e-64
 2.48867e+14	1.84e-21	4.40e-15	1.05e-09	2.47e-05	9.99e-01	5.21e-04	0.00e+00	0.00e+00	0.00e+00	0.00e+00	1.46e-15	2.94e-15	3.17e-64
 2.57980e+14	2.42e-21	5.42e-15	1.21e-09	2.65e-05	9.99e-01	4.85e-04	0.00e+00	0.00e+00	0.00e+00	0.00e+00	1.80e-15	3.62e-15	6.74e-64
 2.67264e+14	3.15e-21	6.62e-15	1.40e-09	2.85e-05	1.00e+00	4.51e-04	0.00e+00	0.00e+00	0.00e+00	0.00e+00	2.19e-15	4.42e-15	1.38e-63
 2.75096e+14	3.95e-21	7.86e-15	1.57e-09	3.02e-05	1.00e+00	4.26e-04	0.00e+00	0.00e+00	0.00e+00	0.00e+00	2.61e-15	5.25e-15	2.60e-63
 2.83425e+14	4.91e-21	9.28e-15	1.77e-09	3.21e-05	1.00e+00	4.01e-04	0.00e+00	0.00e+00	0.00e+00	0.00e+00	3.08e-15	6.20e-15	4.72e-63
 2.93909e+14	6.53e-21	1.15e-14	2.04e-09	3.45e-05	1.00e+00	3.73e-04	0.00e+00	0.00e+00	0.00e+00	0.00e+00	3.82e-15	7.70e-15	1.04e-62
 3.04824e+14	8.53e-21	1.41e-14	2.37e-09	3.71e-05	1.00e+00	3.46e-04	0.00e+00	0.00e+00	0.00e+00	0.00e+00	4.68e-15	9.44e-15	2.16e-62
 3.14559e+14	1.09e-20	1.70e-14	2.68e-09	3.95e-05	1.00e+00	3.25e-04	0.00e+00	0.00e+00	0.00e+00	0.00e+00	5.64e-15	1.14e-14	4.26e-62
 3.25131e+14	1.38e-20	2.04e-14	3.06e-09	4.23e-05	1.00e+00	3.04e-04	0.00e+00	0.00e+00	0.00e+00	0.00e+00	6.77e-15	1.37e-14	8.23e-62
 3.36982e+14	1.81e-20	2.51e-14	3.53e-09	4.55e-05	1.00e+00	2.82e-04	0.00e+00	0.00e+00	0.00e+00	0.00e+00	8.31e-15	1.68e-14	1.73e-61
 3.48155e+14	2.30e-20	3.02e-14	4.02e-09	4.85e-05	1.00e+00	2.65e-04	0.00e+00	0.00e+00	0.00e+00	0.00e+00	1.00e-14	2.02e-14	3.38e-61
 3.60337e+14	3.01e-20	3.70e-14	4.62e-09	5.20e-05	1.00e+00	2.47e-04	0.00e+00	0.00e+00	0.00e+00	0.00e+00	1.23e-14	2.47e-14	7.09e-61
 3.73833e+14	3.91e-20	4.53e-14	5.35e-09	5.61e-05	1.00e+00	2.29e-04	0.00e+00	0.00e+00	0.00e+00	0.00e+00	1.50e-14	3.03e-14	1.46e-60
 3.86328e+14	5.02e-20	5.49e-14	6.10e-09	5.99e-05	1.00e+00	2.14e-04	0.00e+00	0.00e+00	0.00e+00	0.00e+00	1.82e-14	3.67e-14	2.93e-60
 3.99864e+14	6.39e-20	6.61e-14	7.00e-09	6.43e-05	1.00e+00	1.99e-04	0.00e+00	0.00e+00	0.00e+00	0.00e+00	2.19e-14	4.42e-14	5.69e-60
 4.14968e+14	8.48e-20	8.22e-14	8.12e-09	6.93e-05	1.00e+00	1.85e-04	0.00e+00	0.00e+00	0.00e+00	0.00e+00	2.72e-14	5.50e-14	1.25e-59
 4.29214e+14	1.07e-19	9.81e-14	9.30e-09	7.44e-05	1.00e+00	1.72e-04	0.00e+00	0.00e+00	0.00e+00	0.00e+00	3.25e-14	6.57e-14	2.35e-59
 4.44743e+14	1.38e-19	1.20e-13	1.07e-08	7.99e-05	1.00e+00	1.60e-04	0.00e+00	0.00e+00	0.00e+00	0.00e+00	3.97e-14	8.02e-14	4.83e-59
 4.61982e+14	1.81e-19	1.48e-13	1.25e-08	8.64e-05	1.00e+00	1.48e-04	0.00e+00	0.00e+00	0.00e+00	0.00e+00	4.90e-14	9.91e-14	1.03e-58
 4.78215e+14	2.35e-19	1.81e-13	1.43e-08	9.27e-05	1.00e+00	1.38e-04	0.00e+00	0.00e+00	0.00e+00	0.00e+00	5.99e-14	1.21e-13	2.13e-58
 4.95679e+14	3.00e-19	2.19e-13	1.65e-08	9.99e-05	1.00e+00	1.28e-04	0.00e+00	0.00e+00	0.00e+00	0.00e+00	7.23e-14	1.46e-13	4.14e-58
 5.15089e+14	3.98e-19	2.73e-13	1.93e-08	1.08e-04	1.00e+00	1.18e-04	0.00e+00	0.00e+00	0.00e+00	0.00e+00	9.03e-14	1.83e-13	9.21e-58
 5.33911e+14	5.05e-19	3.29e-13	2.23e-08	1.17e-04	1.00e+00	1.10e-04	0.00e+00	0.00e+00	0.00e+00	0.00e+00	1.09e-13	2.20e-13	1.77e-57
 5.53933e+14	6.58e-19	4.04e-13	2.58e-08	1.26e-04	1.00e+00	1.02e-04	0.00e+00	0.00e+00	0.00e+00	0.00e+00	1.33e-13	2.70e-13	3.70e-57
 5.76121e+14	8.55e-19	4.97e-13	3.03e-08	1.37e-04	1.00e+00	9.34e-05	0.00e+00	0.00e+00	0.00e+00	0.00e+00	1.64e-13	3.33e-13	7.69e-57
 5.98348e+14	1.12e-18	6.14e-13	3.52e-08	1.48e-04	1.00e+00	8.63e-05	0.00e+00	0.00e+00	0.00e+00	0.00e+00	2.03e-13	4.11e-13	1.64e-56
 6.21464e+14	1.44e-18	7.49e-13	4.10e-08	1.60e-04	1.00e+00	7.96e-05	0.00e+00	0.00e+00	0.00e+00	0.00e+00	2.47e-13	5.02e-13	3.29e-56
 6.46352e+14	1.89e-18	9.31e-13	4.81e-08	1.74e-04	1.00e+00	7.32e-05	0.00e+00	0.00e+00	0.00e+00	0.00e+00	3.07e-13	6.23e-13	7.12e-56
 6.70001e+14	2.38e-18	1.12e-12	5.56e-08	1.88e-04	1.00e+00	6.77e-05	0.00e+00	0.00e+00	0.00e+00	0.00e+00	3.70e-13	7.51e-13	1.36e-55
 6.89346e+14	2.89e-18	1.31e-12	6.24e-08	2.00e-04	1.00e+00	6.37e-05	0.00e+00	0.00e+00	0.00e+00	0.00e+00	4.31e-13	8.75e-13	2.34e-55
 7.08633e+14	3.50e-18	1.52e-12	6.97e-08	2.12e-04	1.00e+00	6.01e-05	0.00e+00	0.00e+00	0.00e+00	0.00e+00	5.03e-13	1.02e-12	4.04e-55
 7.33705e+14	4.36e-18	1.82e-12	8.02e-08	2.28e-04	1.00e+00	5.57e-05	0.00e+00	0.00e+00	0.00e+00	0.00e+00	5.99e-13	1.22e-12	7.50e-55
 7.59684e+14	5.48e-18	2.18e-12	9.24e-08	2.46e-04	1.00e+00	5.17e-05	0.00e+00	0.00e+00	0.00e+00	0.00e+00	7.20e-13	1.46e-12	1.43e-54
 7.81530e+14	6.62e-18	2.54e-12	1.04e-07	2.62e-04	1.00e+00	4.86e-05	0.00e+00	0.00e+00	0.00e+00	0.00e+00	8.38e-13	1.70e-12	2.46e-54
 8.04616e+14	7.99e-18	2.97e-12	1.16e-07	2.79e-04	1.00e+00	4.56e-05	0.00e+00	0.00e+00	0.00e+00	0.00e+00	9.78e-13	1.99e-12	4.24e-54
 8.34034e+14	1.00e-17	3.56e-12	1.35e-07	3.02e-04	1.00e+00	4.22e-05	0.00e+00	0.00e+00	0.00e+00	0.00e+00	1.17e-12	2.38e-12	8.03e-54
 8.64579e+14	1.26e-17	4.30e-12	1.56e-07	3.27e-04	1.00e+00	3.90e-05	0.00e+00	0.00e+00	0.00e+00	0.00e+00	1.42e-12	2.88e-12	1.58e-53
 8.91184e+14	1.52e-17	5.01e-12	1.76e-07	3.49e-04	1.00e+00	3.65e-05	0.00e+00	0.00e+00	0.00e+00	0.00e+00	1.65e-12	3.36e-12	2.72e-53
 9.19770e+14	1.87e-17	5.92e-12	2.00e-07	3.74e-04	1.00e+00	3.41e-05	0.00e+00	0.00e+00	0.00e+00	0.00e+00	1.95e-12	3.97e-12	4.93e-53
 9.54660e+14	2.36e-17	7.17e-12	2.32e-07	4.06e-04	1.00e+00	3.14e-05	0.00e+00	0.00e+00	0.00e+00	0.00e+00	2.36e-12	4.81e-12	9.76e-53
 9.89404e+14	2.95e-17	8.63e-12	2.68e-07	4.39e-04	1.00e+00	2.91e-05	0.00e+00	0.00e+00	0.00e+00	0.00e+00	2.84e-12	5.78e-12	1.89e-52
 1.01988e+15	3.56e-17	1.01e-11	3.03e-07	4.70e-04	1.00e+00	2.72e-05	0.00e+00	0.00e+00	0.00e+00	0.00e+00	3.32e-12	6.76e-12	3.30e-52
 1.05315e+15	4.34e-17	1.19e-11	3.45e-07	5.05e-04	9.99e-01	2.53e-05	0.00e+00	0.00e+00	0.00e+00	0.00e+00	3.91e-12	7.96e-12	5.96e-52
 1.09341e+15	5.46e-17	1.43e-11	4.02e-07	5.50e-04	9.99e-01	2.33e-05	0.00e+00	4.62e-18	1.39e-17	2.32e-17	4.72e-12	9.62e-12	1.18e-51
 1.13350e+15	6.84e-17	1.73e-11	4.64e-07	5.95e-04	9.99e-01	2.16e-05	0.00e+00	5.79e-18	1.74e-17	2.90e-17	5.69e-12	1.16e-11	2.35e-51
 1.16932e+15	8.29e-17	2.02e-11	5.27e-07	6.39e-04	9.99e-01	2.01e-05	0.00e+00	7.02e-18	2.11e-17	3.52e-17	6.66e-12	1.36e-11	4.17e-51
 1.20886e+15	1.02e-16	2.41e-11	6.02e-07	6.87e-04	9.99e-01	1.87e-05	0.00e+00	8.64e-18	2.59e-17	4.33e-17	7.92e-12	1.61e-11	7.88e-51
 1.25584e+15	1.29e-16	2.92e-11	7.02e-07	7.50e-04	9.99e-01	1.72e-05	0.00e+00	1.10e-17	3.29e-17	5.50e-17	9.62e-12	1.96e-11	1.62e-50
 1.30220e+15	1.62e-16	3.52e-11	8.13e-07	8.14e-04	9.99e-01	1.59e-05	0.00e+00	1.38e-17	4.13e-17	6.90e-17	1.16e-11	2.36e-11	3.26e-50
 1.34448e+15	1.98e-16	4.17e-11	9.24e-07	8.74e-04	9.99e-01	1.49e-05	0.00e+00	1.69e-17	5.06e-17	8.46e-17	1.37e-11	2.80e-11	6.12e-50
 1.39174e+15	2.45e-16	4.96e-11	1.06e-06	9.46e-04	9.99e-01	1.38e-05	0.00e+00	2.08e-17	6.26e-17	1.04e-16	1.63e-11	3.33e-11	1.19e-49
 1.44684e+15	3.12e-16	6.07e-11	1.24e-06	1.03e-03	9.99e-01	1.27e-05	0.00e+00	2.66e-17	7.98e-17	1.33e-16	2.00e-11	4.07e-11	2.58e-49
 1.50122e+15	3.88e-16	7.32e-11	1.44e-06	1.12e-03	9.99e-01	1.17e-05	0.00e+00	3.31e-17	9.94e-17	1.66e-16	2.41e-11	4.91e-11	5.26e-49
 1.55317e+15	4.84e-16	8.76e-11	1.65e-06	1.21e-03	9.99e-01	1.09e-05	0.00e+00	4.14e-17	1.24e-16	2.08e-16	2.88e-11	5.87e-11	1.06e-48
 1.61071e+15	6.02e-16	1.05e-10	1.90e-06	1.31e-03	9.99e-01	1.01e-05	0.00e+00	5.15e-17	1.55e-16	2.58e-16	3.47e-11	7.07e-11	2.18e-48
 1.67517e+15	7.85e-16	1.30e-10	2.23e-06	1.43e-03	9.99e-01	9.30e-06	0.00e+00	6.73e-17	2.02e-16	3.37e-16	4.30e-11	8.75e-11	5.05e-48
 1.74025e+15	9.91e-16	1.59e-10	2.59e-06	1.56e-03	9.98e-01	8.58e-06	0.00e+00	8.51e-17	2.55e-16	4.26e-16	5.24e-11	1.07e-10	1.10e-47
 1.79476e+15	1.21e-15	1.87e-10	2.93e-06	1.67e-03	9.98e-01	8.06e-06	0.00e+00	1.04e-16	3.13e-16	5.23e-16	6.17e-11	1.26e-10	2.11e-47
 1.83712e+15	1.41e-15	2.12e-10	3.22e-06	1.76e-03	9.98e-01	7.69e-06	0.00e+00	1.21e-16	3.63e-16	6.06e-16	6.98e-11	1.42e-10	3.43e-47
 1.88324e+15	1.65e-15	2.42e-10	3.55e-06	1.86e-03	9.98e-01	7.31e-06	0.00e+00	1.42e-16	4.26e-16	7.11e-16	7.96e-11	1.62e-10	5.79e-47
 1.94320e+15	2.01e-15	2.85e-10	4.02e-06	2.00e-03	9.98e-01	6.86e-06	0.00e+00	1.73e-16	5.19e-16	8.66e-16	9.40e-11	1.91e-10	1.12e-46
 2.00816e+15	2.47e-15	3.40e-10	4.59e-06	2.15e-03	9.98e-01	6.42e-06	0.00e+00	2.13e-16	6.39e-16	1.07e-15	1.12e-10	2.28e-10	2.25e-46
 2.06665e+15	3.00e-15	3.97e-10	5.14e-06	2.29e-03	9.98e-01	6.08e-06	0.00e+00	2.59e-16	7.77e-16	1.30e-15	1.31e-10	2.66e-10	4.20e-46
 2.12973e+15	3.64e-15	4.67e-10	5.80e-06	2.45e-03	9.98e-01	5.74e-06	0.00e+00	3.14e-16	9.44e-16	1.58e-15	1.54e-10	3.13e-10	7.98e-46
 2.20871e+15	4.60e-15	5.67e-10	6.70e-06	2.66e-03	9.97e-01	5.35e-06	0.00e+00	3.98e-16	1.19e-15	1.99e-15	1.87e-10	3.80e-10	1.75e-45
 2.28845e+15	5.71e-15	6.82e-10	7.72e-06	2.87e-03	9.97e-01	5.01e-06	0.00e+00	4.95e-16	1.49e-15	2.48e-15	2.25e-10	4.57e-10	3.61e-45
 2.35775e+15	6.96e-15	8.03e-10	8.69e-06	3.07e-03	9.97e-01	4.74e-06	0.00e+00	6.04e-16	1.81e-15	3.03e-15	2.65e-10	5.38e-10	6.96e-45
 2.43337e+15	8.55e-15	9.53e-10	9.85e-06	3.29e-03	9.97e-01	4.48e-06	0.00e+00	7.43e-16	2.23e-15	3.72e-15	3.14e-10	6.39e-10	1.38e-44
 2.52564e+15	1.12e-14	1.18e-09	1.14e-05	3.58e-03	9.96e-01	4.20e-06	0.00e+00	9.73e-16	2.92e-15	4.87e-15	3.90e-10	7.92e-10	3.27e-44
 2.61879e+15	1.43e-14	1.45e-09	1.32e-05	3.87e-03	9.96e-01	3.95e-06	0.00e+00	1.24e-15	3.73e-15	6.23e-15	4.77e-10	9.68e-10	7.22e-44
 2.70227e+15	1.76e-14	1.72e-09	1.50e-05	4.15e-03	9.96e-01	3.76e-06	0.00e+00	1.53e-15	4.60e-15	7.68e-15	5.68e-10	1.15e-09	1.43e-43
 2.79396e+15	2.20e-14	2.07e-09	1.71e-05	4.46e-03	9.96e-01	3.56e-06	0.00e+00	1.92e-15	5.77e-15	9.62e-15	6.83e-10	1.39e-09	2.98e-43
 2.90271e+15	2.76e-14	2.52e-09	1.99e-05	4.85e-03	9.95e-01	3.35e-06	0.00e+00	2.41e-15	7.24e-15	1.21e-14	8.32e-10	1.69e-09	6.44e-43
 3.01039e+15	3.63e-14	3.14e-09	2.30e-05	5.26e-03	9.95e-01	3.18e-06	0.00e+00	3.18e-15	9.53e-15	1.59e-14	1.04e-09	2.10e-09	1.54e-42
 3.10908e+15	4.54e-14	3.77e-09	2.61e-05	5.64e-03	9.94e-01	3.04e-06	0.00e+00	3.97e-15	1.19e-14	1.99e-14	1.24e-09	2.52e-09	3.11e-42
 3.21936e+15	5.71e-14	4.57e-09	3.00e-05	6.08e-03	9.94e-01	2.90e-06	0.00e+00	5.00e-15	1.50e-14	2.51e-14	1.51e-09	3.06e-09	6.57e-42
 3.34734e+15	7.28e-14	5.62e-09	3.51e-05	6.62e-03	9.93e-01	2.75e-06	0.00e+00	6.39e-15	1.92e-14	3.20e-14	1.86e-09	3.76e-09	1.44e-41
 3.47340e+15	9.65e-14	7.06e-09	4.07e-05	7.18e-03	9.93e-01	2.64e-06	0.00e+00	8.47e-15	2.54e-14	4.24e-14	2.33e-09	4.72e-09	3.48e-41
 3.59354e+15	1.22e-13	8.58e-09	4.66e-05	7.73e-03	9.92e-01	2.54e-06	0.00e+00	1.07e-14	3.22e-14	5.37e-14	2.84e-09	5.74e-09	7.28e-41
 3.72636e+15	1.56e-13	1.05e-08	5.39e-05	8.36e-03	9.92e-01	2.44e-06	0.00e+00	1.37e-14	4.11e-14	6.86e-14	3.48e-09	7.05e-09	1.57e-40
 3.87544e+15	2.00e-13	1.30e-08	6.30e-05	9.09e-03	9.91e-01	2.34e-06	0.00e+00	1.76e-14	5.28e-14	8.80e-14	4.30e-09	8.69e-09	3.32e-40
 4.02665e+15	2.68e-13	1.65e-08	7.35e-05	9.90e-03	9.90e-01	2.27e-06	0.00e+00	2.36e-14	7.08e-14	1.18e-13	5.46e-09	1.10e-08	8.22e-40
 4.15330e+15	3.32e-13	1.98e-08	8.32e-05	1.06e-02	9.89e-01	2.21e-06	0.00e+00	2.93e-14	8.80e-14	1.47e-13	6.54e-09	1.32e-08	1.58e-39
 4.25052e+15	3.90e-13	2.26e-08	9.13e-05	1.11e-02	9.89e-01	2.17e-06	0.00e+00	3.44e-14	1.03e-13	1.72e-13	7.48e-09	1.51e-08	2.58e-39
 4.35581e+15	4.63e-13	2.61e-08	1.01e-04	1.17e-02	9.88e-01	2.13e-06	0.00e+00	4.09e-14	1.23e-13	2.05e-13	8.63e-09	1.74e-08	4.35e-39
 4.49269e+15	5.61e-13	3.07e-08	1.14e-04	1.25e-02	9.87e-01	2.08e-06	0.00e+00	4.96e-14	1.49e-13	2.48e-13	1.02e-08	2.05e-08	7.83e-39
 4.64217e+15	7.20e-13	3.78e-08	1.30e-04	1.34e-02	9.86e-01	2.04e-06	0.00e+00	6.37e-14	1.91e-13	3.19e-13	1.25e-08	2.52e-08	1.68e-38
 4.77759e+15	8.82e-13	4.47e-08	1.46e-04	1.43e-02	9.86e-01	2.01e-06	0.00e+00	7.81e-14	2.34e-13	3.91e-13	1.48e-08	2.99e-08	3.07e-38
 4.92319e+15	1.08e-12	5.32e-08	1.65e-04	1.52e-02	9.85e-01	1.97e-06	0.00e+00	9.59e-14	2.88e-13	4.80e-13	1.76e-08	3.56e-08	5.68e-38
 5.10561e+15	1.37e-12	6.49e-08	1.91e-04	1.64e-02	9.83e-01	1.93e-06	0.00e+00	1.22e-13	3.65e-13	6.09e-13	2.15e-08	4.34e-08	1.14e-37
 5.28966e+15	1.80e-12	8.14e-08	2.21e-04	1.78e-02	9.82e-01	1.91e-06	0.00e+00	1.60e-13	4.79e-13	7.99e-13	2.70e-08	5.44e-08	2.58e-37
 5.44680e+15	2.22e-12	9.69e-08	2.49e-04	1.89e-02	9.81e-01	1.89e-06	0.00e+00	1.97e-13	5.90e-13	9.85e-13	3.21e-08	6.48e-08	4.64e-37
 5.61518e+15	2.75e-12	1.16e-07	2.82e-04	2.02e-02	9.80e-01	1.87e-06	0.00e+00	2.44e-13	7.33e-13	1.22e-12	3.85e-08	7.76e-08	8.62e-37
 5.82458e+15	3.48e-12	1.42e-07	3.27e-04	2.18e-02	9.78e-01	1.84e-06	0.00e+00	3.09e-13	9.28e-13	1.55e-12	4.70e-08	9.47e-08	1.67e-36
 6.03657e+15	4.60e-12	1.79e-07	3.78e-04	2.36e-02	9.76e-01	1.83e-06	0.00e+00	4.09e-13	1.23e-12	2.05e-12	5.93e-08	1.20e-07	3.71e-36
 6.22132e+15	5.63e-12	2.13e-07	4.28e-04	2.51e-02	9.74e-01	1.82e-06	0.00e+00	5.01e-13	1.50e-12	2.51e-12	7.08e-08	1.43e-07	6.70e-36
 6.42139e+15	6.97e-12	2.55e-07	4.88e-04	2.69e-02	9.73e-01	1.80e-06	0.00e+00	6.21e-13	1.86e-12	3.11e-12	8.45e-08	1.70e-07	1.20e-35
 6.66518e+15	9.30e-12	3.25e-07	5.69e-04	2.92e-02	9.70e-01	1.80e-06	0.00e+00	8.29e-13	2.49e-12	4.15e-12	1.08e-07	2.17e-07	2.74e-35
 6.90700e+15	1.19e-11	4.01e-07	6.60e-04	3.15e-02	9.68e-01	1.78e-06	0.00e+00	1.06e-12	3.18e-12	5.30e-12	1.33e-07	2.68e-07	5.43e-35
 7.12154e+15	1.46e-11	4.76e-07	7.49e-04	3.36e-02	9.66e-01	1.78e-06	0.00e+00	1.30e-12	3.91e-12	6.53e-12	1.58e-07	3.18e-07	9.54e-35
 7.35940e+15	1.85e-11	5.81e-07	8.60e-04	3.61e-02	9.63e-01	1.77e-06	0.00e+00	1.65e-12	4.95e-12	8.26e-12	1.93e-07	3.88e-07	1.81e-34
 7.64374e+15	2.49e-11	7.47e-07	1.01e-03	3.93e-02	9.60e-01	1.77e-06	0.00e+00	2.23e-12	6.68e-12	1.11e-11	2.48e-07	4.99e-07	4.18e-34
 7.92340e+15	3.22e-11	9.32e-07	1.18e-03	4.26e-02	9.56e-01	1.77e-06	0.00e+00	2.88e-12	8.64e-12	1.44e-11	3.09e-07	6.22e-07	8.35e-34
 8.16397e+15	4.00e-11	1.12e-06	1.34e-03	4.55e-02	9.53e-01	1.76e-06	0.00e+00	3.58e-12	1.07e-11	1.79e-11	3.72e-07	7.48e-07	1.49e-33
 8.41881e+15	5.03e-11	1.36e-06	1.52e-03	4.87e-02	9.50e-01	1.76e-06	0.00e+00	4.51e-12	1.35e-11	2.25e-11	4.51e-07	9.07e-07	2.72e-33
 8.73412e+15	6.49e-11	1.67e-06	1.79e-03	5.28e-02	9.45e-01	1.75e-06	0.00e+00	5.83e-12	1.75e-11	2.91e-11	5.55e-07	1.12e-06	5.11e-33
 9.05064e+15	8.65e-11	2.14e-06	2.09e-03	5.73e-02	9.41e-01	1.76e-06	0.00e+00	7.77e-12	2.33e-11	3.89e-11	7.11e-07	1.43e-06	1.12e-32
 9.31895e+15	1.07e-10	2.56e-06	2.38e-03	6.12e-02	9.36e-01	1.75e-06	0.00e+00	9.58e-12	2.87e-11	4.79e-11	8.51e-07	1.71e-06	1.91e-32
 9.55463e+15	1.28e-10	2.97e-06	2.65e-03	6.48e-02	9.33e-01	1.75e-06	0.00e+00	1.15e-11	3.45e-11	5.75e-11	9.87e-07	1.98e-06	2.96e-32
 9.81363e+15	1.57e-10	3.53e-06	2.99e-03	6.90e-02	9.28e-01	1.75e-06	0.00e+00	1.41e-11	4.23e-11	7.05e-11	1.17e-06	2.36e-06	4.94e-32
 1.01014e+16	2.00e-10	4.34e-06	3.42e-03	7.40e-02	9.23e-01	1.76e-06	0.00e+00	1.80e-11	5.40e-11	9.00e-11	1.44e-06	2.90e-06	9.37e-32
 1.03592e+16	2.42e-10	5.09e-06	3.84e-03	7.84e-02	9.18e-01	1.75e-06	0.00e+00	2.18e-11	6.53e-11	1.09e-10	1.69e-06	3.40e-06	1.47e-31
 1.06268e+16	2.94e-10	5.96e-06	4.32e-03	8.33e-02	9.12e-01	1.75e-06	0.00e+00	2.65e-11	7.95e-11	1.32e-10	1.98e-06	3.98e-06	2.32e-31
 1.09747e+16	3.90e-10	7.58e-06	5.05e-03	9.04e-02	9.05e-01	1.76e-06	0.00e+00	3.52e-11	1.05e-10	1.76e-10	2.52e-06	5.06e-06	4.85e-31
 1.13147e+16	4.96e-10	9.30e-06	5.84e-03	9.74e-02	8.97e-01	1.75e-06	0.00e+00	4.48e-11	1.34e-10	2.24e-10	3.09e-06	6.21e-06	8.54e-31
 1.15762e+16	6.00e-10	1.09e-05	6.53e-03	1.03e-01	8.90e-01	1.76e-06	0.00e+00	5.42e-11	1.63e-10	2.71e-10	3.62e-06	7.26e-06	1.33e-30
 1.18476e+16	7.35e-10	1.29e-05	7.34e-03	1.09e-01	8.83e-01	1.76e-06	0.00e+00	6.65e-11	1.99e-10	3.33e-10	4.28e-06	8.58e-06	2.15e-30
 1.22005e+16	9.38e-10	1.55e-05	8.53e-03	1.18e-01	8.74e-01	1.75e-06	0.00e+00	8.49e-11	2.55e-10	4.24e-10	5.17e-06	1.04e-05	3.56e-30
 1.25648e+16	1.25e-09	1.98e-05	9.96e-03	1.28e-01	8.62e-01	1.76e-06	0.00e+00	1.13e-10	3.39e-10	5.64e-10	6.58e-06	1.32e-05	7.21e-30
 1.28616e+16	1.52e-09	2.34e-05	1.13e-02	1.36e-01	8.53e-01	1.76e-06	0.00e+00	1.38e-10	4.15e-10	6.91e-10	7.78e-06	1.56e-05	1.11e-29
 1.31229e+16	1.82e-09	2.69e-05	1.26e-02	1.43e-01	8.44e-01	1.76e-06	0.00e+00	1.65e-10	4.96e-10	8.27e-10	8.97e-06	1.80e-05	1.63e-29
 1.34201e+16	2.26e-09	3.21e-05	1.43e-02	1.53e-01	8.33e-01	1.76e-06	0.00e+00	2.05e-10	6.15e-10	1.03e-09	1.07e-05	2.14e-05	2.61e-29
 1.37475e+16	2.95e-09	4.01e-05	1.65e-02	1.64e-01	8.19e-01	1.78e-06	0.00e+00	2.68e-10	8.03e-10	1.34e-09	1.33e-05	2.67e-05	4.99e-29
 1.40402e+16	3.63e-09	4.76e-05	1.87e-02	1.75e-01	8.07e-01	1.78e-06	0.00e+00	3.30e-10	9.91e-10	1.65e-09	1.58e-05	3.18e-05	7.86e-29
 1.43026e+16	4.43e-09	5.59e-05	2.09e-02	1.85e-01	7.94e-01	1.79e-06	0.00e+00	4.03e-10	1.21e-09	2.02e-09	1.86e-05	3.73e-05	1.21e-28
 1.45994e+16	5.59e-09	6.73e-05	2.39e-02	1.97e-01	7.79e-01	1.80e-06	0.00e+00	5.10e-10	1.53e-09	2.55e-09	2.24e-05	4.49e-05	2.02e-28
 1.49182e+16	6.99e-09	7.97e-05	2.74e-02	2.10e-01	7.62e-01	1.80e-06	0.00e+00	6.37e-10	1.91e-09	3.19e-09	2.65e-05	5.32e-05	3.05e-28
 1.52013e+16	8.97e-09	9.82e-05	3.13e-02	2.24e-01	7.44e-01	1.83e-06	0.00e+00	8.19e-10	2.46e-09	4.09e-09	3.27e-05	6.55e-05	5.61e-28
 1.54518e+16	1.09e-08	1.14e-04	3.51e-02	2.36e-01	7.28e-01	1.85e-06	3.15e-12	9.94e-10	2.98e-09	4.97e-09	3.81e-05	7.62e-05	8.25e-28
 1.57244e+16	1.39e-08	1.39e-04	4.01e-02	2.52e-01	7.08e-01	1.87e-06	0.00e+00	1.27e-09	3.80e-09	6.34e-09	4.62e-05	9.26e-05	1.45e-27
 1.60151e+16	1.75e-08	1.67e-04	4.60e-02	2.68e-01	6.86e-01	1.89e-06	3.53e-12	1.60e-09	4.80e-09	8.00e-09	5.55e-05	1.11e-04	2.30e-27
 1.62690e+16	2.20e-08	2.00e-04	5.22e-02	2.84e-01	6.64e-01	1.92e-06	0.00e+00	2.01e-09	6.04e-09	1.01e-08	6.68e-05	1.34e-04	3.90e-27
 1.64938e+16	2.69e-08	2.35e-04	5.84e-02	2.99e-01	6.43e-01	1.95e-06	4.04e-12	2.46e-09	7.38e-09	1.23e-08	7.83e-05	1.57e-04	6.04e-27
 1.66950e+16	3.26e-08	2.72e-04	6.48e-02	3.13e-01	6.22e-01	1.99e-06	0.00e+00	2.99e-09	8.96e-09	1.49e-08	9.08e-05	1.82e-04	9.14e-27
 1.68772e+16	3.85e-08	3.11e-04	7.13e-02	3.26e-01	6.02e-01	2.01e-06	4.61e-12	3.53e-09	1.06e-08	1.76e-08	1.04e-04	2.08e-04	1.32e-26
 1.70810e+16	4.62e-08	3.54e-04	7.94e-02	3.41e-01	5.79e-01	2.03e-06	0.00e+00	4.24e-09	1.27e-08	2.12e-08	1.18e-04	2.36e-04	1.83e-26
 1.73460e+16	6.25e-08	4.52e-04	9.24e-02	3.64e-01	5.43e-01	2.10e-06	0.00e+00	5.75e-09	1.72e-08	2.87e-08	1.51e-04	3.02e-04	3.93e-26
 1.75966e+16	8.10e-08	5.53e-04	1.06e-01	3.85e-01	5.08e-01	2.17e-06	6.40e-12	7.46e-09	2.24e-08	3.73e-08	1.84e-04	3.68e-04	7.06e-26
 1.77699e+16	9.77e-08	6.37e-04	1.17e-01	4.01e-01	4.81e-01	2.23e-06	0.00e+00	9.00e-09	2.70e-08	4.49e-08	2.12e-04	4.25e-04	1.07e-25
 1.79131e+16	1.15e-07	7.21e-04	1.28e-01	4.14e-01	4.57e-01	2.28e-06	7.90e-12	1.06e-08	3.17e-08	5.27e-08	2.40e-04	4.81e-04	1.56e-25
 1.80758e+16	1.40e-07	8.36e-04	1.41e-01	4.30e-01	4.28e-01	2.32e-06	0.00e+00	1.29e-08	3.86e-08	6.44e-08	2.78e-04	5.57e-04	2.47e-25
 1.82535e+16	1.74e-07	9.82e-04	1.57e-01	4.48e-01	3.94e-01	2.40e-06	1.02e-11	1.61e-08	4.82e-08	8.02e-08	3.27e-04	6.55e-04	4.13e-25
 1.84082e+16	2.07e-07	1.12e-03	1.72e-01	4.63e-01	3.64e-01	2.42e-06	0.00e+00	1.91e-08	5.74e-08	9.57e-08	3.73e-04	7.46e-04	6.14e-25
 1.85396e+16	2.42e-07	1.24e-03	1.86e-01	4.76e-01	3.37e-01	2.47e-06	0.00e+00	2.24e-08	6.71e-08	1.12e-07	4.14e-04	8.28e-04	8.52e-25
 1.86833e+16	3.04e-07	1.48e-03	2.05e-01	4.91e-01	3.03e-01	2.58e-06	1.54e-11	2.82e-08	8.44e-08	1.41e-07	4.92e-04	9.83e-04	1.61e-24
 1.88257e+16	3.64e-07	1.68e-03	2.23e-01	5.04e-01	2.71e-01	2.58e-06	0.00e+00	3.38e-08	1.01e-07	1.69e-07	5.59e-04	1.12e-03	2.45e-24
