#depth	O	O+	O+2	O+3	O+4	O+5	O+6	O+7	O+8	O[1]	O[2]	O[3]
 1.49634e+10	8.89e-46	2.68e-36	1.30e-27	7.83e-20	6.62e-13	6.27e-07	1.00e+00	0.00e+00	0.00e+00	0.00e+00	0.00e+00	0.00e+00
 4.54887e+10	0.00e+00	4.01e-36	1.81e-27	1.01e-19	7.95e-13	6.91e-07	1.00e+00	1.15e-08	0.00e+00	0.00e+00	0.00e+00	0.00e+00
 7.72350e+10	2.31e-45	5.97e-36	2.51e-27	1.31e-19	9.55e-13	7.62e-07	1.00e+00	0.00e+00	0.00e+00	0.00e+00	0.00e+00	0.00e+00
 1.10251e+11	0.00e+00	8.86e-36	3.48e-27	1.69e-19	1.15e-12	8.39e-07	1.00e+00	0.00e+00	0.00e+00	0.00e+00	0.00e+00	0.00e+00
 1.40715e+11	5.60e-45	1.26e-35	4.65e-27	2.13e-19	1.35e-12	9.16e-07	1.00e+00	0.00e+00	0.00e+00	0.00e+00	0.00e+00	0.00e+00
 1.66097e+11	0.00e+00	1.66e-35	5.87e-27	2.55e-19	1.54e-12	9.82e-07	1.00e+00	0.00e+00	0.00e+00	0.00e+00	0.00e+00	0.00e+00
 1.93121e+11	1.10e-44	2.22e-35	7.45e-27	3.08e-19	1.76e-12	1.06e-06	1.00e+00	0.00e+00	0.00e+00	0.00e+00	0.00e+00	0.00e+00
 2.27526e+11	0.00e+00	3.16e-35	9.99e-27	3.89e-19	2.08e-12	1.15e-06	1.00e+00	0.00e+00	0.00e+00	0.00e+00	0.00e+00	0.00e+00
 2.63300e+11	2.55e-44	4.49e-35	1.34e-26	4.90e-19	2.46e-12	1.26e-06	1.00e+00	0.00e+00	0.00e+00	0.00e+00	0.00e+00	0.00e+00
 2.94592e+11	0.00e+00	6.04e-35	1.71e-26	5.95e-19	2.84e-12	1.36e-06	1.00e+00	0.00e+00	0.00e+00	0.00e+00	0.00e+00	0.00e+00
 3.28288e+11	5.20e-44	8.21e-35	2.21e-26	7.29e-19	3.28e-12	1.47e-06	1.00e+00	0.00e+00	0.00e+00	0.00e+00	0.00e+00	0.00e+00
 3.69244e+11	0.00e+00	1.17e-34	2.97e-26	9.24e-19	3.90e-12	1.62e-06	1.00e+00	0.00e+00	0.00e+00	0.00e+00	0.00e+00	0.00e+00
 4.10735e+11	1.20e-43	1.66e-34	3.97e-26	1.16e-18	4.60e-12	1.77e-06	1.00e+00	0.00e+00	0.00e+00	0.00e+00	0.00e+00	0.00e+00
 4.48659e+11	0.00e+00	2.25e-34	5.12e-26	1.42e-18	5.33e-12	1.92e-06	1.00e+00	0.00e+00	0.00e+00	0.00e+00	0.00e+00	0.00e+00
 4.90851e+11	2.52e-43	3.12e-34	6.73e-26	1.77e-18	6.23e-12	2.09e-06	1.00e+00	0.00e+00	0.00e+00	0.00e+00	0.00e+00	0.00e+00
 5.39956e+11	0.00e+00	4.48e-34	9.11e-26	2.25e-18	7.43e-12	2.29e-06	1.00e+00	0.00e+00	0.00e+00	0.00e+00	0.00e+00	0.00e+00
 5.88583e+11	5.80e-43	6.32e-34	1.22e-25	2.84e-18	8.77e-12	2.51e-06	1.00e+00	0.00e+00	0.00e+00	0.00e+00	0.00e+00	0.00e+00
 6.35080e+11	0.00e+00	8.67e-34	1.58e-25	3.50e-18	1.02e-11	2.73e-06	1.00e+00	0.00e+00	0.00e+00	0.00e+00	0.00e+00	0.00e+00
 6.86334e+11	1.25e-42	1.21e-33	2.10e-25	4.38e-18	1.20e-11	2.98e-06	1.00e+00	0.00e+00	0.00e+00	0.00e+00	0.00e+00	0.00e+00
 7.43714e+11	0.00e+00	1.74e-33	2.84e-25	5.58e-18	1.43e-11	3.27e-06	1.00e+00	0.00e+00	0.00e+00	0.00e+00	0.00e+00	0.00e+00
 8.01422e+11	2.88e-42	2.46e-33	3.79e-25	7.03e-18	1.68e-11	3.58e-06	1.00e+00	0.00e+00	0.00e+00	0.00e+00	0.00e+00	0.00e+00
 8.53189e+11	0.00e+00	3.32e-33	4.88e-25	8.59e-18	1.94e-11	3.87e-06	1.00e+00	0.00e+00	0.00e+00	0.00e+00	0.00e+00	0.00e+00
 8.97076e+11	5.50e-42	4.26e-33	6.00e-25	1.01e-17	2.18e-11	4.12e-06	1.00e+00	0.00e+00	0.00e+00	0.00e+00	0.00e+00	0.00e+00
 9.44398e+11	0.00e+00	5.51e-33	7.44e-25	1.20e-17	2.47e-11	4.41e-06	1.00e+00	0.00e+00	0.00e+00	0.00e+00	0.00e+00	0.00e+00
 1.00553e+12	1.09e-41	7.63e-33	9.76e-25	1.49e-17	2.88e-11	4.79e-06	1.00e+00	0.00e+00	0.00e+00	0.00e+00	0.00e+00	0.00e+00
 1.06952e+12	0.00e+00	1.05e-32	1.28e-24	1.85e-17	3.36e-11	5.22e-06	1.00e+00	0.00e+00	0.00e+00	0.00e+00	0.00e+00	0.00e+00
 1.12442e+12	2.20e-41	1.38e-32	1.61e-24	2.22e-17	3.81e-11	5.59e-06	1.00e+00	0.00e+00	0.00e+00	0.00e+00	0.00e+00	0.00e+00
 1.18258e+12	0.00e+00	1.82e-32	2.02e-24	2.66e-17	4.34e-11	6.00e-06	1.00e+00	0.00e+00	0.00e+00	0.00e+00	0.00e+00	0.00e+00
 1.25472e+12	4.49e-41	2.54e-32	2.67e-24	3.32e-17	5.08e-11	6.53e-06	1.00e+00	0.00e+00	0.00e+00	0.00e+00	0.00e+00	0.00e+00
 1.32897e+12	0.00e+00	3.53e-32	3.52e-24	4.13e-17	5.92e-11	7.10e-06	1.00e+00	0.00e+00	0.00e+00	0.00e+00	0.00e+00	0.00e+00
 1.39602e+12	9.28e-41	4.72e-32	4.48e-24	5.00e-17	6.77e-11	7.64e-06	1.00e+00	0.00e+00	0.00e+00	0.00e+00	0.00e+00	0.00e+00
 1.46979e+12	0.00e+00	6.44e-32	5.79e-24	6.13e-17	7.80e-11	8.24e-06	1.00e+00	0.00e+00	0.00e+00	0.00e+00	0.00e+00	0.00e+00
 1.55038e+12	1.95e-40	8.87e-32	7.58e-24	7.59e-17	9.07e-11	8.95e-06	1.00e+00	0.00e+00	0.00e+00	0.00e+00	0.00e+00	0.00e+00
 1.62341e+12	0.00e+00	1.18e-31	9.60e-24	9.15e-17	1.03e-10	9.61e-06	1.00e+00	0.00e+00	0.00e+00	0.00e+00	0.00e+00	0.00e+00
 1.70191e+12	3.86e-40	1.59e-31	1.23e-23	1.11e-16	1.18e-10	1.03e-05	1.00e+00	0.00e+00	0.00e+00	0.00e+00	0.00e+00	0.00e+00
 1.79028e+12	0.00e+00	2.19e-31	1.61e-23	1.37e-16	1.37e-10	1.12e-05	1.00e+00	0.00e+00	0.00e+00	0.00e+00	0.00e+00	0.00e+00
 1.87429e+12	7.99e-40	2.94e-31	2.06e-23	1.67e-16	1.57e-10	1.20e-05	1.00e+00	0.00e+00	0.00e+00	0.00e+00	0.00e+00	0.00e+00
 1.96633e+12	0.00e+00	4.04e-31	2.67e-23	2.05e-16	1.81e-10	1.30e-05	1.00e+00	0.00e+00	0.00e+00	0.00e+00	0.00e+00	0.00e+00
 2.06811e+12	1.72e-39	5.65e-31	3.54e-23	2.55e-16	2.11e-10	1.41e-05	1.00e+00	0.00e+00	0.00e+00	0.00e+00	0.00e+00	0.00e+00
 2.16260e+12	0.00e+00	7.64e-31	4.54e-23	3.11e-16	2.42e-10	1.52e-05	1.00e+00	0.00e+00	0.00e+00	0.00e+00	0.00e+00	0.00e+00
 2.26547e+12	3.58e-39	1.05e-30	5.92e-23	3.83e-16	2.79e-10	1.64e-05	1.00e+00	0.00e+00	0.00e+00	0.00e+00	0.00e+00	0.00e+00
 2.38080e+12	0.00e+00	1.48e-30	7.87e-23	4.79e-16	3.26e-10	1.78e-05	1.00e+00	0.00e+00	0.00e+00	0.00e+00	0.00e+00	0.00e+00
 2.49014e+12	7.79e-39	2.04e-30	1.02e-22	5.87e-16	3.75e-10	1.92e-05	1.00e+00	0.00e+00	0.00e+00	0.00e+00	0.00e+00	0.00e+00
 2.60811e+12	0.00e+00	2.83e-30	1.34e-22	7.27e-16	4.35e-10	2.08e-05	1.00e+00	0.00e+00	0.00e+00	0.00e+00	0.00e+00	0.00e+00
 2.73938e+12	1.74e-38	4.03e-30	1.80e-22	9.14e-16	5.09e-10	2.26e-05	1.00e+00	0.00e+00	0.00e+00	0.00e+00	0.00e+00	0.00e+00
 2.86610e+12	0.00e+00	5.62e-30	2.37e-22	1.13e-15	5.89e-10	2.44e-05	1.00e+00	0.00e+00	0.00e+00	0.00e+00	0.00e+00	0.00e+00
 3.00088e+12	3.85e-38	7.89e-30	3.13e-22	1.41e-15	6.83e-10	2.64e-05	1.00e+00	0.00e+00	0.00e+00	0.00e+00	0.00e+00	0.00e+00
 3.15084e+12	0.00e+00	1.13e-29	4.23e-22	1.78e-15	8.02e-10	2.88e-05	1.00e+00	0.00e+00	0.00e+00	0.00e+00	0.00e+00	0.00e+00
 3.30155e+12	8.97e-38	1.62e-29	5.66e-22	2.23e-15	9.36e-10	3.12e-05	1.00e+00	0.00e+00	0.00e+00	0.00e+00	0.00e+00	0.00e+00
 3.45829e+12	0.00e+00	2.31e-29	7.58e-22	2.79e-15	1.09e-09	3.39e-05	1.00e+00	0.00e+00	0.00e+00	0.00e+00	0.00e+00	0.00e+00
 3.62655e+12	2.11e-37	3.33e-29	1.02e-21	3.53e-15	1.28e-09	3.69e-05	1.00e+00	0.00e+00	0.00e+00	0.00e+00	0.00e+00	0.00e+00
 3.80154e+12	0.00e+00	4.81e-29	1.39e-21	4.46e-15	1.50e-09	4.01e-05	1.00e+00	0.00e+00	0.00e+00	0.00e+00	0.00e+00	0.00e+00
 3.96828e+12	4.87e-37	6.76e-29	1.83e-21	5.53e-15	1.74e-09	4.33e-05	1.00e+00	0.00e+00	0.00e+00	0.00e+00	0.00e+00	0.00e+00
 4.12051e+12	0.00e+00	9.12e-29	2.34e-21	6.68e-15	1.98e-09	4.63e-05	1.00e+00	0.00e+00	0.00e+00	0.00e+00	0.00e+00	0.00e+00
 4.26411e+12	9.61e-37	1.20e-28	2.93e-21	7.95e-15	2.22e-09	4.92e-05	1.00e+00	0.00e+00	0.00e+00	0.00e+00	0.00e+00	0.00e+00
 4.42257e+12	0.00e+00	1.62e-28	3.74e-21	9.57e-15	2.52e-09	5.26e-05	1.00e+00	0.00e+00	0.00e+00	0.00e+00	0.00e+00	0.00e+00
 4.60021e+12	1.99e-36	2.22e-28	4.85e-21	1.17e-14	2.89e-09	5.65e-05	1.00e+00	0.00e+00	0.00e+00	0.00e+00	0.00e+00	0.00e+00
 4.76831e+12	0.00e+00	3.00e-28	6.18e-21	1.41e-14	3.27e-09	6.02e-05	1.00e+00	0.00e+00	0.00e+00	0.00e+00	0.00e+00	0.00e+00
 4.95236e+12	4.13e-36	4.10e-28	7.98e-21	1.71e-14	3.73e-09	6.45e-05	1.00e+00	0.00e+00	0.00e+00	0.00e+00	0.00e+00	0.00e+00
 5.15868e+12	0.00e+00	5.76e-28	1.05e-20	2.12e-14	4.31e-09	6.95e-05	1.00e+00	0.00e+00	0.00e+00	0.00e+00	0.00e+00	0.00e+00
 5.35007e+12	8.90e-36	7.83e-28	1.35e-20	2.56e-14	4.90e-09	7.43e-05	1.00e+00	0.00e+00	0.00e+00	0.00e+00	0.00e+00	0.00e+00
 5.52755e+12	0.00e+00	1.03e-27	1.69e-20	3.04e-14	5.50e-09	7.88e-05	1.00e+00	0.00e+00	0.00e+00	0.00e+00	0.00e+00	0.00e+00
 5.73083e+12	1.79e-35	1.41e-27	2.17e-20	3.68e-14	6.25e-09	8.42e-05	1.00e+00	0.00e+00	0.00e+00	0.00e+00	0.00e+00	0.00e+00
 5.97760e+12	0.00e+00	2.02e-27	2.91e-20	4.61e-14	7.27e-09	9.10e-05	1.00e+00	0.00e+00	0.00e+00	0.00e+00	0.00e+00	0.00e+00
 6.22147e+12	4.15e-35	2.85e-27	3.85e-20	5.70e-14	8.39e-09	9.79e-05	1.00e+00	0.00e+00	0.00e+00	0.00e+00	0.00e+00	0.00e+00
 6.43501e+12	5.90e-35	3.84e-27	4.89e-20	6.83e-14	9.47e-09	1.04e-04	1.00e+00	0.00e+00	0.00e+00	0.00e+00	0.00e+00	0.00e+00
 6.66858e+12	8.57e-35	5.24e-27	6.30e-20	8.27e-14	1.08e-08	1.11e-04	1.00e+00	0.00e+00	0.00e+00	0.00e+00	0.00e+00	0.00e+00
 6.95157e+12	1.32e-34	7.55e-27	8.46e-20	1.03e-13	1.25e-08	1.20e-04	1.00e+00	0.00e+00	0.00e+00	0.00e+00	0.00e+00	0.00e+00
 7.23568e+12	2.02e-34	1.08e-26	1.13e-19	1.29e-13	1.45e-08	1.29e-04	1.00e+00	0.00e+00	0.00e+00	0.00e+00	0.00e+00	0.00e+00
 7.49240e+12	2.94e-34	1.47e-26	1.45e-19	1.55e-13	1.64e-08	1.38e-04	1.00e+00	0.00e+00	0.00e+00	0.00e+00	0.00e+00	0.00e+00
 7.77662e+12	4.38e-34	2.05e-26	1.89e-19	1.90e-13	1.88e-08	1.48e-04	1.00e+00	0.00e+00	0.00e+00	0.00e+00	0.00e+00	0.00e+00
 8.11098e+12	6.87e-34	3.00e-26	2.57e-19	2.40e-13	2.20e-08	1.60e-04	1.00e+00	0.00e+00	0.00e+00	0.00e+00	0.00e+00	0.00e+00
 8.44138e+12	1.06e-33	4.30e-26	3.43e-19	2.99e-13	2.54e-08	1.72e-04	1.00e+00	0.00e+00	0.00e+00	0.00e+00	0.00e+00	0.00e+00
 8.75026e+12	1.57e-33	5.97e-26	4.47e-19	3.64e-13	2.90e-08	1.84e-04	1.00e+00	0.00e+00	0.00e+00	0.00e+00	0.00e+00	0.00e+00
 9.09547e+12	2.39e-33	8.49e-26	5.93e-19	4.51e-13	3.35e-08	1.98e-04	1.00e+00	0.00e+00	0.00e+00	0.00e+00	0.00e+00	0.00e+00
 9.48922e+12	3.80e-33	1.25e-25	8.10e-19	5.70e-13	3.92e-08	2.14e-04	1.00e+00	0.00e+00	0.00e+00	0.00e+00	0.00e+00	0.00e+00
 9.88009e+12	5.92e-33	1.81e-25	1.09e-18	7.14e-13	4.55e-08	2.31e-04	1.00e+00	0.00e+00	0.00e+00	0.00e+00	0.00e+00	0.00e+00
 1.02866e+13	9.24e-33	2.63e-25	1.47e-18	8.94e-13	5.29e-08	2.49e-04	1.00e+00	0.00e+00	0.00e+00	0.00e+00	0.00e+00	0.00e+00
 1.07280e+13	1.47e-32	3.87e-25	2.01e-18	1.13e-12	6.19e-08	2.70e-04	1.00e+00	0.00e+00	0.00e+00	0.00e+00	0.00e+00	0.00e+00
 1.11870e+13	2.34e-32	5.71e-25	2.74e-18	1.43e-12	7.24e-08	2.92e-04	1.00e+00	0.00e+00	0.00e+00	0.00e+00	0.00e+00	0.00e+00
 1.16312e+13	3.60e-32	8.20e-25	3.67e-18	1.78e-12	8.38e-08	3.14e-04	1.00e+00	0.00e+00	0.00e+00	0.00e+00	0.00e+00	0.00e+00
 1.20485e+13	5.34e-32	1.14e-24	4.77e-18	2.17e-12	9.57e-08	3.36e-04	1.00e+00	0.00e+00	0.00e+00	0.00e+00	0.00e+00	0.00e+00
 1.25157e+13	8.15e-32	1.62e-24	6.34e-18	2.69e-12	1.11e-07	3.61e-04	1.00e+00	0.00e+00	0.00e+00	0.00e+00	0.00e+00	0.00e+00
 1.29867e+13	1.23e-31	2.29e-24	8.36e-18	3.32e-12	1.27e-07	3.88e-04	1.00e+00	0.00e+00	0.00e+00	0.00e+00	0.00e+00	0.00e+00
 1.33773e+13	1.71e-31	3.02e-24	1.05e-17	3.92e-12	1.42e-07	4.10e-04	1.00e+00	0.00e+00	0.00e+00	0.00e+00	0.00e+00	0.00e+00
 1.37905e+13	2.40e-31	4.01e-24	1.31e-17	4.66e-12	1.60e-07	4.35e-04	1.00e+00	0.00e+00	0.00e+00	0.00e+00	0.00e+00	0.00e+00
 1.43195e+13	3.65e-31	5.69e-24	1.74e-17	5.77e-12	1.84e-07	4.68e-04	1.00e+00	0.00e+00	0.00e+00	0.00e+00	0.00e+00	0.00e+00
 1.48746e+13	5.64e-31	8.19e-24	2.34e-17	7.17e-12	2.13e-07	5.04e-04	9.99e-01	0.00e+00	0.00e+00	0.00e+00	0.00e+00	0.00e+00
 1.53651e+13	8.03e-31	1.10e-23	2.97e-17	8.63e-12	2.41e-07	5.36e-04	9.99e-01	0.00e+00	0.00e+00	0.00e+00	0.00e+00	0.00e+00
 1.58958e+13	1.17e-30	1.51e-23	3.83e-17	1.05e-11	2.74e-07	5.73e-04	9.99e-01	0.00e+00	0.00e+00	0.00e+00	0.00e+00	0.00e+00
 1.65346e+13	1.82e-30	2.18e-23	5.15e-17	1.31e-11	3.19e-07	6.19e-04	9.99e-01	0.00e+00	0.00e+00	0.00e+00	0.00e+00	0.00e+00
 1.71821e+13	2.79e-30	3.12e-23	6.89e-17	1.63e-11	3.70e-07	6.67e-04	9.99e-01	0.00e+00	0.00e+00	0.00e+00	0.00e+00	0.00e+00
 1.77875e+13	4.10e-30	4.32e-23	8.95e-17	1.99e-11	4.22e-07	7.14e-04	9.99e-01	0.00e+00	0.00e+00	0.00e+00	0.00e+00	0.00e+00
 1.84610e+13	6.20e-30	6.11e-23	1.19e-16	2.47e-11	4.87e-07	7.69e-04	9.99e-01	0.00e+00	0.00e+00	0.00e+00	0.00e+00	0.00e+00
 1.91759e+13	9.44e-30	8.70e-23	1.58e-16	3.07e-11	5.64e-07	8.29e-04	9.99e-01	0.00e+00	0.00e+00	0.00e+00	0.00e+00	0.00e+00
 1.98112e+13	1.36e-29	1.18e-22	2.02e-16	3.71e-11	6.40e-07	8.84e-04	9.99e-01	0.00e+00	0.00e+00	0.00e+00	0.00e+00	0.00e+00
 2.04945e+13	1.98e-29	1.62e-22	2.61e-16	4.50e-11	7.30e-07	9.46e-04	9.99e-01	0.00e+00	0.00e+00	0.00e+00	0.00e+00	0.00e+00
 2.13133e+13	3.05e-29	2.33e-22	3.51e-16	5.65e-11	8.49e-07	1.02e-03	9.99e-01	0.00e+00	0.00e+00	0.00e+00	0.00e+00	0.00e+00
 2.21191e+13	4.61e-29	3.30e-22	4.66e-16	7.00e-11	9.81e-07	1.10e-03	9.99e-01	0.00e+00	0.00e+00	0.00e+00	0.00e+00	0.00e+00
 2.28365e+13	6.58e-29	4.45e-22	5.94e-16	8.41e-11	1.11e-06	1.17e-03	9.99e-01	0.00e+00	0.00e+00	0.00e+00	0.00e+00	0.00e+00
 2.36282e+13	9.60e-29	6.12e-22	7.68e-16	1.02e-10	1.27e-06	1.26e-03	9.99e-01	0.00e+00	0.00e+00	0.00e+00	0.00e+00	0.00e+00
 2.45722e+13	1.48e-28	8.82e-22	1.03e-15	1.29e-10	1.48e-06	1.36e-03	9.99e-01	0.00e+00	0.00e+00	0.00e+00	0.00e+00	0.00e+00
 2.55099e+13	2.25e-28	1.25e-21	1.38e-15	1.60e-10	1.71e-06	1.47e-03	9.99e-01	0.00e+00	0.00e+00	0.00e+00	0.00e+00	0.00e+00
 2.63676e+13	3.25e-28	1.71e-21	1.77e-15	1.94e-10	1.94e-06	1.57e-03	9.98e-01	0.00e+00	0.00e+00	0.00e+00	0.00e+00	0.00e+00
 2.73255e+13	4.83e-28	2.39e-21	2.32e-15	2.38e-10	2.23e-06	1.68e-03	9.98e-01	0.00e+00	0.00e+00	0.00e+00	0.00e+00	0.00e+00
 2.84393e+13	7.53e-28	3.47e-21	3.15e-15	3.00e-10	2.61e-06	1.82e-03	9.98e-01	0.00e+00	0.00e+00	0.00e+00	0.00e+00	0.00e+00
 2.95324e+13	1.15e-27	4.95e-21	4.20e-15	3.74e-10	3.02e-06	1.97e-03	9.98e-01	0.00e+00	0.00e+00	0.00e+00	0.00e+00	0.00e+00
 3.05662e+13	1.69e-27	6.84e-21	5.46e-15	4.57e-10	3.46e-06	2.11e-03	9.98e-01	0.00e+00	0.00e+00	0.00e+00	0.00e+00	0.00e+00
 3.17156e+13	2.55e-27	9.68e-21	7.25e-15	5.67e-10	3.99e-06	2.27e-03	9.98e-01	0.00e+00	0.00e+00	0.00e+00	0.00e+00	0.00e+00
 3.30141e+13	3.99e-27	1.41e-20	9.85e-15	7.17e-10	4.67e-06	2.46e-03	9.98e-01	0.00e+00	0.00e+00	0.00e+00	0.00e+00	0.00e+00
 3.42460e+13	6.04e-27	2.00e-20	1.31e-14	8.88e-10	5.39e-06	2.65e-03	9.97e-01	0.00e+00	0.00e+00	0.00e+00	0.00e+00	0.00e+00
 3.53673e+13	8.68e-27	2.71e-20	1.67e-14	1.07e-09	6.11e-06	2.83e-03	9.97e-01	0.00e+00	0.00e+00	0.00e+00	0.00e+00	0.00e+00
 3.66355e+13	1.29e-26	3.79e-20	2.19e-14	1.32e-09	7.02e-06	3.04e-03	9.97e-01	0.00e+00	0.00e+00	0.00e+00	0.00e+00	0.00e+00
 3.81143e+13	2.02e-26	5.52e-20	2.97e-14	1.66e-09	8.19e-06	3.29e-03	9.97e-01	0.00e+00	0.00e+00	0.00e+00	0.00e+00	0.00e+00
 3.95349e+13	3.06e-26	7.82e-20	3.94e-14	2.06e-09	9.46e-06	3.54e-03	9.96e-01	0.00e+00	0.00e+00	0.00e+00	0.00e+00	0.00e+00
 4.08224e+13	4.40e-26	1.06e-19	5.05e-14	2.48e-09	1.07e-05	3.77e-03	9.96e-01	0.00e+00	0.00e+00	0.00e+00	0.00e+00	0.00e+00
 4.20331e+13	6.13e-26	1.40e-19	6.33e-14	2.94e-09	1.20e-05	4.00e-03	9.96e-01	0.00e+00	0.00e+00	0.00e+00	0.00e+00	0.00e+00
 4.33712e+13	8.76e-26	1.89e-19	8.07e-14	3.54e-09	1.36e-05	4.26e-03	9.96e-01	0.00e+00	0.00e+00	0.00e+00	0.00e+00	0.00e+00
 4.48682e+13	1.29e-25	2.62e-19	1.05e-13	4.32e-09	1.55e-05	4.56e-03	9.95e-01	0.00e+00	0.00e+00	0.00e+00	0.00e+00	0.00e+00
 4.62850e+13	1.84e-25	3.54e-19	1.34e-13	5.18e-09	1.75e-05	4.85e-03	9.95e-01	0.00e+00	0.00e+00	0.00e+00	0.00e+00	0.00e+00
 4.78404e+13	2.69e-25	4.85e-19	1.73e-13	6.30e-09	2.00e-05	5.18e-03	9.95e-01	0.00e+00	0.00e+00	0.00e+00	0.00e+00	0.00e+00
 4.95797e+13	4.04e-25	6.84e-19	2.28e-13	7.77e-09	2.30e-05	5.57e-03	9.94e-01	0.00e+00	0.00e+00	0.00e+00	0.00e+00	0.00e+00
 5.12200e+13	5.88e-25	9.36e-19	2.93e-13	9.40e-09	2.61e-05	5.94e-03	9.94e-01	0.00e+00	0.00e+00	0.00e+00	0.00e+00	0.00e+00
 5.30143e+13	8.73e-25	1.30e-18	3.83e-13	1.15e-08	2.99e-05	6.36e-03	9.94e-01	0.00e+00	0.00e+00	0.00e+00	0.00e+00	0.00e+00
 5.49988e+13	1.33e-24	1.86e-18	5.10e-13	1.43e-08	3.45e-05	6.85e-03	9.93e-01	0.00e+00	0.00e+00	0.00e+00	0.00e+00	0.00e+00
 5.68345e+13	1.94e-24	2.55e-18	6.59e-13	1.73e-08	3.93e-05	7.31e-03	9.93e-01	0.00e+00	0.00e+00	0.00e+00	0.00e+00	0.00e+00
 5.88251e+13	2.88e-24	3.55e-18	8.61e-13	2.12e-08	4.50e-05	7.83e-03	9.92e-01	0.00e+00	0.00e+00	0.00e+00	0.00e+00	0.00e+00
 6.10471e+13	4.40e-24	5.07e-18	1.15e-12	2.64e-08	5.21e-05	8.44e-03	9.92e-01	0.00e+00	0.00e+00	0.00e+00	0.00e+00	0.00e+00
 6.31330e+13	6.49e-24	7.02e-18	1.49e-12	3.22e-08	5.94e-05	9.02e-03	9.91e-01	0.00e+00	0.00e+00	0.00e+00	0.00e+00	0.00e+00
 6.54078e+13	9.72e-24	9.86e-18	1.97e-12	3.97e-08	6.83e-05	9.69e-03	9.90e-01	0.00e+00	0.00e+00	0.00e+00	0.00e+00	0.00e+00
 6.79386e+13	1.50e-23	1.42e-17	2.64e-12	4.96e-08	7.93e-05	1.05e-02	9.89e-01	0.00e+00	0.00e+00	0.00e+00	0.00e+00	0.00e+00
 7.03070e+13	2.22e-23	1.97e-17	3.44e-12	6.07e-08	9.07e-05	1.12e-02	9.89e-01	0.00e+00	0.00e+00	0.00e+00	0.00e+00	0.00e+00
 7.28739e+13	3.33e-23	2.78e-17	4.55e-12	7.50e-08	1.04e-04	1.20e-02	9.88e-01	0.00e+00	0.00e+00	0.00e+00	0.00e+00	0.00e+00
 7.57409e+13	5.16e-23	4.02e-17	6.13e-12	9.41e-08	1.22e-04	1.30e-02	9.87e-01	0.00e+00	0.00e+00	0.00e+00	0.00e+00	0.00e+00
 7.84719e+13	7.70e-23	5.63e-17	8.07e-12	1.16e-07	1.40e-04	1.40e-02	9.86e-01	0.00e+00	0.00e+00	0.00e+00	0.00e+00	0.00e+00
 8.13901e+13	1.16e-22	7.96e-17	1.07e-11	1.44e-07	1.61e-04	1.51e-02	9.85e-01	0.00e+00	0.00e+00	0.00e+00	0.00e+00	0.00e+00
 8.46756e+13	1.81e-22	1.16e-16	1.45e-11	1.81e-07	1.88e-04	1.63e-02	9.83e-01	0.00e+00	0.00e+00	0.00e+00	0.00e+00	0.00e+00
 8.79230e+13	2.75e-22	1.65e-16	1.94e-11	2.26e-07	2.19e-04	1.76e-02	9.82e-01	0.00e+00	0.00e+00	0.00e+00	0.00e+00	0.00e+00
 9.13003e+13	4.16e-22	2.35e-16	2.59e-11	2.83e-07	2.53e-04	1.90e-02	9.81e-01	0.00e+00	0.00e+00	0.00e+00	0.00e+00	0.00e+00
 9.48757e+13	6.35e-22	3.36e-16	3.47e-11	3.54e-07	2.95e-04	2.06e-02	9.79e-01	0.00e+00	0.00e+00	0.00e+00	0.00e+00	0.00e+00
 9.78699e+13	8.94e-22	4.50e-16	4.41e-11	4.25e-07	3.33e-04	2.19e-02	9.78e-01	0.00e+00	0.00e+00	0.00e+00	0.00e+00	0.00e+00
 1.00182e+14	1.15e-21	5.58e-16	5.26e-11	4.88e-07	3.65e-04	2.30e-02	9.77e-01	0.00e+00	0.00e+00	0.00e+00	0.00e+00	0.00e+00
 1.02686e+14	1.50e-21	7.00e-16	6.35e-11	5.64e-07	4.02e-04	2.42e-02	9.75e-01	0.00e+00	0.00e+00	0.00e+00	0.00e+00	0.00e+00
 1.05941e+14	2.11e-21	9.36e-16	8.05e-11	6.77e-07	4.54e-04	2.58e-02	9.74e-01	0.00e+00	0.00e+00	0.00e+00	0.00e+00	0.00e+00
 1.09477e+14	2.98e-21	1.26e-15	1.03e-10	8.21e-07	5.16e-04	2.77e-02	9.72e-01	0.00e+00	0.00e+00	0.00e+00	0.00e+00	0.00e+00
 1.12670e+14	4.04e-21	1.64e-15	1.28e-10	9.71e-07	5.78e-04	2.94e-02	9.70e-01	0.00e+00	0.00e+00	0.00e+00	0.00e+00	0.00e+00
 1.16116e+14	5.54e-21	2.15e-15	1.61e-10	1.16e-06	6.50e-04	3.13e-02	9.68e-01	0.00e+00	0.00e+00	0.00e+00	0.00e+00	0.00e+00
 1.20439e+14	8.12e-21	2.99e-15	2.12e-10	1.43e-06	7.49e-04	3.38e-02	9.65e-01	0.00e+00	0.00e+00	0.00e+00	0.00e+00	0.00e+00
 1.24789e+14	1.17e-20	4.11e-15	2.76e-10	1.77e-06	8.61e-04	3.64e-02	9.63e-01	0.00e+00	0.00e+00	0.00e+00	0.00e+00	0.00e+00
 1.28493e+14	1.59e-20	5.35e-15	3.44e-10	2.09e-06	9.64e-04	3.88e-02	9.60e-01	0.00e+00	0.00e+00	0.00e+00	0.00e+00	0.00e+00
 1.32473e+14	2.16e-20	7.00e-15	4.32e-10	2.50e-06	1.09e-03	4.14e-02	9.58e-01	0.00e+00	0.00e+00	0.00e+00	0.00e+00	0.00e+00
 1.37432e+14	3.15e-20	9.72e-15	5.69e-10	3.10e-06	1.25e-03	4.47e-02	9.54e-01	0.00e+00	0.00e+00	0.00e+00	0.00e+00	0.00e+00
 1.42547e+14	4.55e-20	1.34e-14	7.47e-10	3.84e-06	1.44e-03	4.83e-02	9.50e-01	0.00e+00	0.00e+00	0.00e+00	0.00e+00	0.00e+00
 1.47108e+14	6.24e-20	1.77e-14	9.44e-10	4.61e-06	1.63e-03	5.16e-02	9.47e-01	0.00e+00	0.00e+00	0.00e+00	0.00e+00	0.00e+00
 1.52066e+14	8.65e-20	2.37e-14	1.21e-09	5.59e-06	1.85e-03	5.54e-02	9.43e-01	0.00e+00	0.00e+00	0.00e+00	0.00e+00	0.00e+00
 1.57981e+14	1.27e-19	3.32e-14	1.60e-09	6.99e-06	2.14e-03	6.01e-02	9.38e-01	0.00e+00	0.00e+00	0.00e+00	0.00e+00	0.00e+00
 1.63807e+14	1.82e-19	4.56e-14	2.10e-09	8.62e-06	2.46e-03	6.48e-02	9.33e-01	0.00e+00	0.00e+00	0.00e+00	0.00e+00	0.00e+00
 1.69046e+14	2.47e-19	6.00e-14	2.65e-09	1.03e-05	2.77e-03	6.93e-02	9.28e-01	0.00e+00	0.00e+00	0.00e+00	0.00e+00	0.00e+00
 1.74856e+14	3.46e-19	8.09e-14	3.41e-09	1.26e-05	3.15e-03	7.44e-02	9.22e-01	0.00e+00	0.00e+00	0.00e+00	0.00e+00	0.00e+00
 1.81718e+14	5.06e-19	1.13e-13	4.54e-09	1.57e-05	3.64e-03	8.06e-02	9.16e-01	0.00e+00	0.00e+00	0.00e+00	0.00e+00	0.00e+00
 1.88499e+14	7.25e-19	1.56e-13	5.97e-09	1.94e-05	4.18e-03	8.70e-02	9.09e-01	0.00e+00	0.00e+00	0.00e+00	0.00e+00	0.00e+00
 1.94768e+14	1.00e-18	2.09e-13	7.61e-09	2.35e-05	4.73e-03	9.30e-02	9.02e-01	0.00e+00	0.00e+00	0.00e+00	0.00e+00	0.00e+00
 2.01804e+14	1.42e-18	2.86e-13	9.91e-09	2.88e-05	5.39e-03	1.00e-01	8.95e-01	0.00e+00	0.00e+00	0.00e+00	0.00e+00	0.00e+00
 2.09906e+14	2.10e-18	4.05e-13	1.33e-08	3.61e-05	6.24e-03	1.08e-01	8.85e-01	0.00e+00	0.00e+00	0.00e+00	0.00e+00	0.00e+00
 2.17837e+14	3.03e-18	5.63e-13	1.75e-08	4.47e-05	7.16e-03	1.17e-01	8.76e-01	0.00e+00	0.00e+00	0.00e+00	0.00e+00	0.00e+00
 2.26085e+14	4.39e-18	7.84e-13	2.32e-08	5.53e-05	8.21e-03	1.26e-01	8.66e-01	0.00e+00	0.00e+00	0.00e+00	0.00e+00	0.00e+00
 2.35159e+14	6.51e-18	1.12e-12	3.11e-08	6.92e-05	9.48e-03	1.36e-01	8.55e-01	0.00e+00	0.00e+00	0.00e+00	0.00e+00	0.00e+00
 2.42834e+14	9.00e-18	1.49e-12	3.96e-08	8.31e-05	1.06e-02	1.44e-01	8.45e-01	0.00e+00	0.00e+00	0.00e+00	0.00e+00	0.00e+00
 2.48443e+14	1.13e-17	1.83e-12	4.69e-08	9.46e-05	1.16e-02	1.51e-01	8.37e-01	0.00e+00	0.00e+00	0.00e+00	0.00e+00	0.00e+00
 2.54330e+14	1.44e-17	2.26e-12	5.60e-08	1.08e-04	1.26e-02	1.58e-01	8.30e-01	0.00e+00	0.00e+00	0.00e+00	0.00e+00	0.00e+00
 2.61984e+14	1.94e-17	2.95e-12	6.99e-08	1.28e-04	1.40e-02	1.67e-01	8.19e-01	0.00e+00	0.00e+00	0.00e+00	0.00e+00	0.00e+00
 2.70426e+14	2.73e-17	3.94e-12	8.87e-08	1.53e-04	1.57e-02	1.77e-01	8.07e-01	0.00e+00	0.00e+00	1.58e-17	8.22e-18	2.76e-18
 2.78239e+14	3.66e-17	5.10e-12	1.10e-07	1.79e-04	1.73e-02	1.86e-01	7.96e-01	0.00e+00	0.00e+00	2.10e-17	1.11e-17	3.70e-18
 2.86740e+14	4.99e-17	6.71e-12	1.38e-07	2.12e-04	1.92e-02	1.96e-01	7.84e-01	0.00e+00	0.00e+00	2.87e-17	1.51e-17	5.03e-18
 2.96292e+14	7.02e-17	9.06e-12	1.76e-07	2.55e-04	2.16e-02	2.08e-01	7.70e-01	0.00e+00	0.00e+00	4.04e-17	2.12e-17	7.03e-18
 3.05382e+14	9.61e-17	1.19e-11	2.21e-07	3.01e-04	2.40e-02	2.19e-01	7.57e-01	0.00e+00	0.00e+00	5.53e-17	2.90e-17	9.60e-18
 3.15372e+14	1.34e-16	1.60e-11	2.80e-07	3.60e-04	2.67e-02	2.31e-01	7.42e-01	0.00e+00	0.00e+00	7.75e-17	4.06e-17	1.34e-17
 3.26543e+14	1.94e-16	2.21e-11	3.64e-07	4.35e-04	3.01e-02	2.45e-01	7.25e-01	0.00e+00	0.00e+00	1.12e-16	5.86e-17	1.93e-17
 3.37153e+14	2.72e-16	2.96e-11	4.61e-07	5.18e-04	3.35e-02	2.57e-01	7.09e-01	0.00e+00	0.00e+00	1.57e-16	8.21e-17	2.69e-17
 3.48849e+14	3.91e-16	4.06e-11	5.94e-07	6.23e-04	3.75e-02	2.71e-01	6.91e-01	0.00e+00	0.00e+00	2.26e-16	1.18e-16	3.85e-17
 3.61974e+14	5.80e-16	5.70e-11	7.81e-07	7.61e-04	4.24e-02	2.86e-01	6.70e-01	0.00e+00	0.00e+00	3.36e-16	1.75e-16	5.70e-17
 3.74383e+14	8.33e-16	7.77e-11	1.00e-06	9.10e-04	4.72e-02	3.01e-01	6.51e-01	0.00e+00	0.00e+00	4.82e-16	2.51e-16	8.16e-17
 3.87898e+14	1.22e-15	1.08e-10	1.30e-06	1.10e-03	5.29e-02	3.16e-01	6.30e-01	0.00e+00	0.00e+00	7.06e-16	3.68e-16	1.19e-16
 4.02906e+14	1.84e-15	1.52e-10	1.71e-06	1.34e-03	5.96e-02	3.32e-01	6.07e-01	0.00e+00	0.00e+00	1.06e-15	5.54e-16	1.80e-16
 4.16972e+14	2.67e-15	2.09e-10	2.20e-06	1.60e-03	6.62e-02	3.46e-01	5.86e-01	0.00e+00	0.00e+00	1.55e-15	8.05e-16	2.61e-16
 4.32137e+14	3.94e-15	2.89e-10	2.84e-06	1.92e-03	7.38e-02	3.61e-01	5.63e-01	0.00e+00	0.00e+00	2.28e-15	1.19e-15	3.84e-16
 4.49062e+14	6.00e-15	4.11e-10	3.75e-06	2.34e-03	8.27e-02	3.77e-01	5.38e-01	0.00e+00	0.00e+00	3.48e-15	1.81e-15	5.83e-16
 4.65337e+14	8.87e-15	5.67e-10	4.82e-06	2.79e-03	9.17e-02	3.91e-01	5.15e-01	0.00e+00	0.00e+00	5.14e-15	2.67e-15	8.60e-16
 4.82654e+14	1.32e-14	7.89e-10	6.24e-06	3.34e-03	1.02e-01	4.05e-01	4.90e-01	0.00e+00	0.00e+00	7.69e-15	3.99e-15	1.28e-15
 5.01990e+14	2.04e-14	1.12e-09	8.22e-06	4.05e-03	1.13e-01	4.19e-01	4.64e-01	0.00e+00	0.00e+00	1.18e-14	6.15e-15	1.97e-15
 5.18238e+14	2.90e-14	1.49e-09	1.03e-05	4.72e-03	1.24e-01	4.30e-01	4.42e-01	0.00e+00	0.00e+00	1.68e-14	8.74e-15	2.80e-15
 5.29927e+14	3.70e-14	1.82e-09	1.20e-05	5.25e-03	1.31e-01	4.37e-01	4.27e-01	0.00e+00	0.00e+00	2.15e-14	1.12e-14	3.58e-15
 5.42116e+14	4.76e-14	2.23e-09	1.40e-05	5.84e-03	1.39e-01	4.43e-01	4.12e-01	0.00e+00	0.00e+00	2.76e-14	1.44e-14	4.60e-15
 5.57963e+14	6.53e-14	2.87e-09	1.70e-05	6.67e-03	1.50e-01	4.52e-01	3.92e-01	0.00e+00	0.00e+00	3.80e-14	1.97e-14	6.31e-15
 5.75612e+14	9.21e-14	3.78e-09	2.10e-05	7.70e-03	1.62e-01	4.59e-01	3.71e-01	0.00e+00	0.00e+00	5.35e-14	2.78e-14	8.89e-15
 5.92104e+14	1.26e-13	4.84e-09	2.53e-05	8.75e-03	1.73e-01	4.65e-01	3.53e-01	0.00e+00	0.00e+00	7.31e-14	3.80e-14	1.21e-14
 6.10046e+14	1.75e-13	6.27e-09	3.09e-05	9.99e-03	1.86e-01	4.71e-01	3.33e-01	0.00e+00	0.00e+00	1.02e-13	5.28e-14	1.69e-14
 6.30135e+14	2.50e-13	8.30e-09	3.82e-05	1.15e-02	2.00e-01	4.76e-01	3.12e-01	0.00e+00	0.00e+00	1.45e-13	7.54e-14	2.41e-14
 6.49107e+14	3.46e-13	1.07e-08	4.63e-05	1.31e-02	2.14e-01	4.80e-01	2.94e-01	0.00e+00	0.00e+00	2.01e-13	1.04e-13	3.33e-14
 6.69863e+14	4.89e-13	1.40e-08	5.67e-05	1.50e-02	2.29e-01	4.82e-01	2.74e-01	0.00e+00	0.00e+00	2.84e-13	1.48e-13	4.71e-14
 6.93114e+14	7.10e-13	1.87e-08	7.05e-05	1.73e-02	2.45e-01	4.83e-01	2.54e-01	0.00e+00	0.00e+00	4.13e-13	2.15e-13	6.84e-14
 7.15155e+14	9.99e-13	2.43e-08	8.59e-05	1.96e-02	2.61e-01	4.83e-01	2.36e-01	0.00e+00	0.00e+00	5.81e-13	3.02e-13	9.62e-14
 7.39354e+14	1.44e-12	3.22e-08	1.06e-04	2.24e-02	2.78e-01	4.82e-01	2.17e-01	0.00e+00	0.00e+00	8.35e-13	4.34e-13	1.38e-13
 7.66366e+14	2.12e-12	4.33e-08	1.32e-04	2.58e-02	2.97e-01	4.78e-01	1.98e-01	0.00e+00	0.00e+00	1.23e-12	6.41e-13	2.04e-13
 7.91528e+14	3.00e-12	5.64e-08	1.61e-04	2.93e-02	3.15e-01	4.74e-01	1.82e-01	0.00e+00	0.00e+00	1.75e-12	9.08e-13	2.89e-13
 8.18730e+14	4.32e-12	7.43e-08	1.97e-04	3.32e-02	3.33e-01	4.68e-01	1.66e-01	0.00e+00	0.00e+00	2.51e-12	1.31e-12	4.16e-13
 8.49212e+14	6.39e-12	9.98e-08	2.45e-04	3.80e-02	3.53e-01	4.60e-01	1.49e-01	0.00e+00	0.00e+00	3.72e-12	1.93e-12	6.16e-13
 8.77787e+14	9.08e-12	1.30e-07	2.97e-04	4.28e-02	3.70e-01	4.51e-01	1.35e-01	0.00e+00	0.00e+00	5.28e-12	2.75e-12	8.75e-13
 9.08763e+14	1.31e-11	1.71e-07	3.63e-04	4.84e-02	3.89e-01	4.41e-01	1.21e-01	0.00e+00	0.00e+00	7.64e-12	3.97e-12	1.27e-12
 9.41608e+14	1.90e-11	2.26e-07	4.45e-04	5.47e-02	4.08e-01	4.29e-01	1.08e-01	0.00e+00	0.00e+00	1.11e-11	5.76e-12	1.84e-12
 9.70188e+14	2.60e-11	2.85e-07	5.27e-04	6.05e-02	4.23e-01	4.18e-01	9.82e-02	0.00e+00	0.00e+00	1.51e-11	7.87e-12	2.51e-12
 9.94652e+14	3.36e-11	3.46e-07	6.06e-04	6.57e-02	4.35e-01	4.08e-01	9.02e-02	0.00e+00	0.00e+00	1.96e-11	1.02e-11	3.25e-12
 1.02046e+15	4.38e-11	4.21e-07	6.99e-04	7.13e-02	4.48e-01	3.98e-01	8.26e-02	0.00e+00	0.00e+00	2.55e-11	1.33e-11	4.23e-12
 1.05400e+15	6.13e-11	5.40e-07	8.36e-04	7.90e-02	4.63e-01	3.84e-01	7.35e-02	0.00e+00	0.00e+00	3.57e-11	1.86e-11	5.92e-12
 1.08783e+15	8.43e-11	6.84e-07	9.92e-04	8.71e-02	4.77e-01	3.69e-01	6.54e-02	0.00e+00	0.00e+00	4.91e-11	2.55e-11	8.14e-12
 1.11510e+15	1.08e-10	8.22e-07	1.13e-03	9.39e-02	4.88e-01	3.58e-01	5.96e-02	0.00e+00	0.00e+00	6.29e-11	3.27e-11	1.04e-11
 1.14362e+15	1.40e-10	9.93e-07	1.30e-03	1.01e-01	4.98e-01	3.46e-01	5.40e-02	0.00e+00	0.00e+00	8.12e-11	4.23e-11	1.35e-11
 1.18071e+15	1.94e-10	1.26e-06	1.53e-03	1.11e-01	5.10e-01	3.30e-01	4.76e-02	0.00e+00	0.00e+00	1.13e-10	5.87e-11	1.87e-11
 1.21924e+15	2.67e-10	1.60e-06	1.81e-03	1.21e-01	5.21e-01	3.14e-01	4.17e-02	0.00e+00	0.00e+00	1.55e-10	8.10e-11	2.58e-11
 1.25201e+15	3.48e-10	1.94e-06	2.08e-03	1.31e-01	5.29e-01	3.01e-01	3.73e-02	0.00e+00	0.00e+00	2.02e-10	1.05e-10	3.36e-11
 1.28700e+15	4.59e-10	2.38e-06	2.40e-03	1.41e-01	5.36e-01	2.87e-01	3.32e-02	0.00e+00	0.00e+00	2.67e-10	1.39e-10	4.44e-11
 1.33248e+15	6.50e-10	3.08e-06	2.86e-03	1.54e-01	5.45e-01	2.70e-01	2.84e-02	0.00e+00	0.00e+00	3.79e-10	1.97e-10	6.30e-11
 1.37910e+15	9.08e-10	3.94e-06	3.40e-03	1.68e-01	5.51e-01	2.53e-01	2.44e-02	0.00e+00	0.00e+00	5.29e-10	2.76e-10	8.81e-11
 1.41713e+15	1.18e-09	4.78e-06	3.88e-03	1.80e-01	5.55e-01	2.39e-01	2.15e-02	0.00e+00	0.00e+00	6.86e-10	3.58e-10	1.14e-10
 1.45651e+15	1.55e-09	5.82e-06	4.44e-03	1.92e-01	5.58e-01	2.26e-01	1.89e-02	0.00e+00	0.00e+00	8.99e-10	4.69e-10	1.50e-10
 1.50769e+15	2.17e-09	7.46e-06	5.26e-03	2.09e-01	5.61e-01	2.10e-01	1.59e-02	0.00e+00	0.00e+00	1.26e-09	6.59e-10	2.11e-10
 1.56059e+15	3.00e-09	9.48e-06	6.21e-03	2.25e-01	5.61e-01	1.94e-01	1.34e-02	0.00e+00	0.00e+00	1.75e-09	9.11e-10	2.92e-10
 1.60504e+15	3.90e-09	1.15e-05	7.09e-03	2.40e-01	5.60e-01	1.81e-01	1.16e-02	0.00e+00	0.00e+00	2.27e-09	1.18e-09	3.80e-10
 1.65217e+15	5.14e-09	1.41e-05	8.13e-03	2.55e-01	5.58e-01	1.68e-01	1.00e-02	0.00e+00	0.00e+00	2.99e-09	1.56e-09	5.02e-10
 1.70321e+15	6.82e-09	1.74e-05	9.37e-03	2.72e-01	5.55e-01	1.56e-01	8.51e-03	0.00e+00	0.00e+00	3.97e-09	2.07e-09	6.66e-10
 1.74910e+15	8.69e-09	2.08e-05	1.06e-02	2.86e-01	5.51e-01	1.45e-01	7.38e-03	0.00e+00	0.00e+00	5.06e-09	2.64e-09	8.49e-10
 1.78973e+15	1.07e-08	2.43e-05	1.18e-02	3.00e-01	5.46e-01	1.36e-01	6.50e-03	0.00e+00	0.00e+00	6.23e-09	3.26e-09	1.05e-09
 1.83373e+15	1.34e-08	2.88e-05	1.32e-02	3.14e-01	5.41e-01	1.27e-01	5.66e-03	0.00e+00	0.00e+00	7.82e-09	4.09e-09	1.32e-09
 1.88239e+15	1.70e-08	3.43e-05	1.48e-02	3.29e-01	5.34e-01	1.18e-01	4.87e-03	0.00e+00	0.00e+00	9.91e-09	5.18e-09	1.67e-09
 1.92974e+15	2.13e-08	4.05e-05	1.66e-02	3.44e-01	5.26e-01	1.09e-01	4.21e-03	0.00e+00	0.00e+00	1.24e-08	6.48e-09	2.09e-09
 1.97575e+15	2.62e-08	4.73e-05	1.84e-02	3.58e-01	5.18e-01	1.01e-01	3.66e-03	0.00e+00	0.00e+00	1.53e-08	7.99e-09	2.58e-09
 2.02741e+15	3.33e-08	5.64e-05	2.07e-02	3.74e-01	5.09e-01	9.31e-02	3.13e-03	0.00e+00	0.00e+00	1.94e-08	1.02e-08	3.28e-09
 2.08534e+15	4.27e-08	6.79e-05	2.34e-02	3.92e-01	4.97e-01	8.48e-02	2.63e-03	0.00e+00	0.00e+00	2.48e-08	1.30e-08	4.20e-09
 2.14045e+15	5.35e-08	8.05e-05	2.63e-02	4.08e-01	4.86e-01	7.75e-02	2.23e-03	0.00e+00	0.00e+00	3.11e-08	1.63e-08	5.27e-09
 2.19100e+15	6.54e-08	9.36e-05	2.91e-02	4.22e-01	4.75e-01	7.14e-02	1.92e-03	0.00e+00	0.00e+00	3.81e-08	1.99e-08	6.45e-09
 2.24661e+15	8.21e-08	1.11e-04	3.25e-02	4.38e-01	4.63e-01	6.51e-02	1.63e-03	0.00e+00	0.00e+00	4.78e-08	2.51e-08	8.11e-09
 2.30707e+15	1.03e-07	1.32e-04	3.65e-02	4.54e-01	4.49e-01	5.89e-02	1.36e-03	0.00e+00	0.00e+00	6.02e-08	3.16e-08	1.02e-08
 2.36436e+15	1.28e-07	1.54e-04	4.06e-02	4.68e-01	4.36e-01	5.36e-02	1.15e-03	0.00e+00	0.00e+00	7.43e-08	3.89e-08	1.26e-08
 2.42033e+15	1.56e-07	1.79e-04	4.49e-02	4.82e-01	4.23e-01	4.88e-02	9.81e-04	0.00e+00	0.00e+00	9.06e-08	4.75e-08	1.54e-08
 2.48405e+15	1.98e-07	2.14e-04	5.05e-02	4.97e-01	4.07e-01	4.37e-02	8.11e-04	0.00e+00	0.00e+00	1.15e-07	6.04e-08	1.96e-08
 2.55431e+15	2.51e-07	2.57e-04	5.69e-02	5.13e-01	3.90e-01	3.88e-02	6.62e-04	0.00e+00	0.00e+00	1.46e-07	7.66e-08	2.49e-08
 2.61990e+15	3.10e-07	3.02e-04	6.35e-02	5.26e-01	3.75e-01	3.47e-02	5.49e-04	0.00e+00	0.00e+00	1.81e-07	9.48e-08	3.08e-08
 2.68148e+15	3.80e-07	3.51e-04	7.03e-02	5.38e-01	3.60e-01	3.12e-02	4.59e-04	0.00e+00	0.00e+00	2.21e-07	1.16e-07	3.78e-08
 2.74182e+15	4.61e-07	4.07e-04	7.75e-02	5.49e-01	3.45e-01	2.81e-02	3.86e-04	0.00e+00	0.00e+00	2.69e-07	1.41e-07	4.60e-08
 2.81105e+15	5.85e-07	4.86e-04	8.69e-02	5.60e-01	3.28e-01	2.47e-02	3.13e-04	0.00e+00	0.00e+00	3.41e-07	1.79e-07	5.84e-08
 2.88304e+15	7.23e-07	5.72e-04	9.70e-02	5.70e-01	3.11e-01	2.18e-02	2.55e-04	0.00e+00	0.00e+00	4.21e-07	2.21e-07	7.22e-08
 2.94596e+15	8.78e-07	6.62e-04	1.07e-01	5.77e-01	2.96e-01	1.94e-02	2.12e-04	0.00e+00	0.00e+00	5.11e-07	2.69e-07	8.77e-08
 3.01510e+15	1.10e-06	7.84e-04	1.19e-01	5.84e-01	2.79e-01	1.70e-02	1.72e-04	0.00e+00	0.00e+00	6.41e-07	3.37e-07	1.10e-07
 3.08011e+15	1.32e-06	9.02e-04	1.31e-01	5.89e-01	2.64e-01	1.51e-02	1.42e-04	0.00e+00	0.00e+00	7.69e-07	4.05e-07	1.32e-07
 3.12721e+15	1.52e-06	1.00e-03	1.40e-01	5.92e-01	2.53e-01	1.38e-02	1.24e-04	0.00e+00	0.00e+00	8.85e-07	4.66e-07	1.52e-07
 3.17592e+15	1.78e-06	1.13e-03	1.51e-01	5.93e-01	2.41e-01	1.25e-02	1.06e-04	0.00e+00	0.00e+00	1.04e-06	5.46e-07	1.79e-07
 3.23074e+15	2.11e-06	1.28e-03	1.64e-01	5.94e-01	2.29e-01	1.12e-02	8.92e-05	0.00e+00	0.00e+00	1.23e-06	6.47e-07	2.12e-07
 3.28283e+15	2.48e-06	1.45e-03	1.77e-01	5.94e-01	2.17e-01	1.00e-02	7.57e-05	0.00e+00	0.00e+00	1.44e-06	7.60e-07	2.49e-07
 3.33169e+15	2.90e-06	1.63e-03	1.91e-01	5.92e-01	2.06e-01	9.04e-03	6.45e-05	0.00e+00	0.00e+00	1.69e-06	8.89e-07	2.91e-07
 3.37983e+15	3.37e-06	1.82e-03	2.05e-01	5.90e-01	1.95e-01	8.15e-03	5.51e-05	0.00e+00	0.00e+00	1.96e-06	1.03e-06	3.38e-07
 3.43517e+15	4.10e-06	2.10e-03	2.23e-01	5.85e-01	1.82e-01	7.15e-03	4.52e-05	0.00e+00	0.00e+00	2.39e-06	1.26e-06	4.13e-07
 3.49153e+15	4.88e-06	2.39e-03	2.42e-01	5.79e-01	1.70e-01	6.29e-03	3.74e-05	0.00e+00	0.00e+00	2.84e-06	1.50e-06	4.91e-07
 3.53890e+15	5.66e-06	2.67e-03	2.59e-01	5.72e-01	1.60e-01	5.62e-03	3.17e-05	0.00e+00	0.00e+00	3.29e-06	1.73e-06	5.69e-07
 3.59015e+15	6.61e-06	3.00e-03	2.80e-01	5.64e-01	1.49e-01	4.94e-03	2.63e-05	0.00e+00	0.00e+00	3.85e-06	2.03e-06	6.66e-07
 3.64780e+15	8.36e-06	3.55e-03	3.06e-01	5.50e-01	1.36e-01	4.21e-03	2.08e-05	0.00e+00	0.00e+00	4.86e-06	2.56e-06	8.43e-07
 3.69636e+15	9.79e-06	3.99e-03	3.28e-01	5.38e-01	1.26e-01	3.69e-03	1.72e-05	0.00e+00	0.00e+00	5.69e-06	3.00e-06	9.88e-07
 3.74206e+15	1.15e-05	4.50e-03	3.50e-01	5.25e-01	1.17e-01	3.23e-03	1.43e-05	0.00e+00	0.00e+00	6.71e-06	3.54e-06	1.16e-06
 3.79353e+15	1.39e-05	5.15e-03	3.78e-01	5.08e-01	1.06e-01	2.76e-03	1.14e-05	0.00e+00	0.00e+00	8.11e-06	4.28e-06	1.41e-06
 3.84127e+15	1.62e-05	5.75e-03	4.04e-01	4.91e-01	9.70e-02	2.37e-03	9.26e-06	0.00e+00	0.00e+00	9.41e-06	4.97e-06	1.64e-06
 3.89214e+15	1.97e-05	6.62e-03	4.35e-01	4.69e-01	8.70e-02	1.99e-03	7.23e-06	0.00e+00	0.00e+00	1.15e-05	6.06e-06	2.00e-06
 3.94469e+15	2.42e-05	7.65e-03	4.69e-01	4.45e-01	7.71e-02	1.64e-03	5.55e-06	0.00e+00	0.00e+00	1.41e-05	7.44e-06	2.45e-06
 3.98758e+15	3.00e-05	8.86e-03	4.99e-01	4.22e-01	6.90e-02	1.37e-03	4.32e-06	0.00e+00	0.00e+00	1.75e-05	9.22e-06	3.04e-06
 4.02228e+15	3.43e-05	9.73e-03	5.23e-01	4.03e-01	6.30e-02	1.19e-03	3.58e-06	0.00e+00	0.00e+00	1.99e-05	1.05e-05	3.48e-06
 4.05815e+15	3.91e-05	1.07e-02	5.48e-01	3.84e-01	5.68e-02	1.02e-03	2.91e-06	0.00e+00	0.00e+00	2.27e-05	1.20e-05	3.97e-06
 4.10479e+15	5.02e-05	1.26e-02	5.84e-01	3.53e-01	4.88e-02	8.05e-04	2.11e-06	0.00e+00	0.00e+00	2.92e-05	1.54e-05	5.10e-06
 4.14954e+15	5.81e-05	1.40e-02	6.15e-01	3.28e-01	4.23e-02	6.55e-04	1.61e-06	0.00e+00	0.00e+00	3.38e-05	1.78e-05	5.91e-06
 4.18202e+15	7.00e-05	1.58e-02	6.41e-01	3.05e-01	3.75e-02	5.44e-04	1.25e-06	0.00e+00	0.00e+00	4.07e-05	2.15e-05	7.12e-06
 4.20506e+15	7.74e-05	1.69e-02	6.57e-01	2.91e-01	3.44e-02	4.79e-04	1.06e-06	0.00e+00	0.00e+00	4.50e-05	2.38e-05	7.88e-06
 4.22567e+15	8.53e-05	1.80e-02	6.73e-01	2.77e-01	3.16e-02	4.24e-04	9.03e-07	0.00e+00	0.00e+00	4.96e-05	2.62e-05	8.69e-06
 4.25245e+15	9.50e-05	1.93e-02	6.92e-01	2.60e-01	2.83e-02	3.62e-04	0.00e+00	0.00e+00	0.00e+00	5.53e-05	2.92e-05	9.68e-06
 4.28728e+15	1.16e-04	2.19e-02	7.18e-01	2.36e-01	2.41e-02	2.85e-04	0.00e+00	0.00e+00	0.00e+00	6.74e-05	3.56e-05	1.18e-05
 4.31859e+15	1.31e-04	2.37e-02	7.38e-01	2.17e-01	2.10e-02	2.34e-04	0.00e+00	0.00e+00	0.00e+00	7.61e-05	4.02e-05	1.33e-05
 4.34165e+15	1.51e-04	2.59e-02	7.54e-01	2.02e-01	1.86e-02	1.97e-04	0.00e+00	0.00e+00	0.00e+00	8.75e-05	4.63e-05	1.54e-05
 4.36326e+15	1.64e-04	2.74e-02	7.67e-01	1.89e-01	1.68e-02	1.70e-04	0.00e+00	0.00e+00	0.00e+00	9.56e-05	5.05e-05	1.68e-05
 4.38668e+15	1.86e-04	2.95e-02	7.81e-01	1.75e-01	1.47e-02	1.41e-04	0.00e+00	0.00e+00	0.00e+00	1.08e-04	5.70e-05	1.90e-05
 4.41712e+15	2.23e-04	3.30e-02	7.99e-01	1.56e-01	1.23e-02	1.09e-04	0.00e+00	0.00e+00	0.00e+00	1.29e-04	6.84e-05	2.27e-05
 4.44591e+15	2.57e-04	3.60e-02	8.13e-01	1.40e-01	1.05e-02	8.64e-05	0.00e+00	0.00e+00	0.00e+00	1.50e-04	7.91e-05	2.63e-05
 4.46730e+15	2.82e-04	3.81e-02	8.22e-01	1.30e-01	9.25e-03	7.27e-05	0.00e+00	0.00e+00	0.00e+00	1.64e-04	8.66e-05	2.88e-05
 4.48988e+15	3.18e-04	4.10e-02	8.32e-01	1.18e-01	8.00e-03	5.92e-05	0.00e+00	0.00e+00	0.00e+00	1.85e-04	9.79e-05	3.26e-05
 4.51923e+15	3.80e-04	4.55e-02	8.44e-01	1.04e-01	6.54e-03	4.44e-05	0.00e+00	0.00e+00	0.00e+00	2.21e-04	1.17e-04	3.89e-05
 4.54726e+15	4.40e-04	4.96e-02	8.52e-01	9.23e-02	5.45e-03	3.42e-05	0.00e+00	0.00e+00	0.00e+00	2.56e-04	1.35e-04	4.51e-05
 4.56839e+15	4.92e-04	5.29e-02	8.58e-01	8.40e-02	4.72e-03	2.79e-05	0.00e+00	0.00e+00	0.00e+00	2.86e-04	1.51e-04	5.05e-05
 4.59068e+15	5.56e-04	5.68e-02	8.63e-01	7.56e-02	4.01e-03	2.22e-05	0.00e+00	0.00e+00	0.00e+00	3.23e-04	1.71e-04	5.70e-05
 4.61966e+15	6.52e-04	6.22e-02	8.68e-01	6.58e-02	3.23e-03	1.63e-05	0.00e+00	0.00e+00	0.00e+00	3.79e-04	2.00e-04	6.69e-05
 4.64878e+15	7.62e-04	6.80e-02	8.71e-01	5.72e-02	2.61e-03	1.21e-05	0.00e+00	0.00e+00	0.00e+00	4.43e-04	2.34e-04	7.82e-05
 4.67177e+15	8.62e-04	7.29e-02	8.73e-01	5.12e-02	2.20e-03	9.48e-06	0.00e+00	0.00e+00	0.00e+00	5.01e-04	2.65e-04	8.85e-05
 4.69533e+15	9.82e-04	7.85e-02	8.73e-01	4.53e-02	1.82e-03	7.26e-06	0.00e+00	0.00e+00	0.00e+00	5.72e-04	3.02e-04	1.01e-04
 4.72192e+15	1.13e-03	8.50e-02	8.73e-01	3.95e-02	1.48e-03	5.40e-06	0.00e+00	0.00e+00	0.00e+00	6.60e-04	3.49e-04	1.17e-04
 4.74717e+15	1.30e-03	9.18e-02	8.71e-01	3.47e-02	1.21e-03	4.06e-06	0.00e+00	0.00e+00	0.00e+00	7.57e-04	4.00e-04	1.34e-04
 4.77059e+15	1.48e-03	9.85e-02	8.68e-01	3.06e-02	1.00e-03	3.11e-06	0.00e+00	0.00e+00	0.00e+00	8.60e-04	4.55e-04	1.52e-04
 4.79689e+15	1.71e-03	1.07e-01	8.64e-01	2.65e-02	8.01e-04	2.27e-06	0.00e+00	0.00e+00	0.00e+00	9.95e-04	5.26e-04	1.76e-04
 4.82553e+15	2.00e-03	1.16e-01	8.59e-01	2.28e-02	6.34e-04	1.62e-06	0.00e+00	0.00e+00	0.00e+00	1.16e-03	6.14e-04	2.06e-04
 4.85112e+15	2.30e-03	1.25e-01	8.52e-01	1.98e-02	5.12e-04	1.20e-06	0.00e+00	0.00e+00	0.00e+00	1.34e-03	7.07e-04	2.37e-04
 4.87471e+15	2.61e-03	1.34e-01	8.45e-01	1.74e-02	4.21e-04	9.03e-07	0.00e+00	0.00e+00	0.00e+00	1.52e-03	8.03e-04	2.69e-04
 4.90179e+15	3.04e-03	1.46e-01	8.36e-01	1.49e-02	3.32e-04	0.00e+00	0.00e+00	0.00e+00	0.00e+00	1.77e-03	9.34e-04	3.13e-04
 4.93162e+15	3.58e-03	1.59e-01	8.25e-01	1.26e-02	2.57e-04	0.00e+00	0.00e+00	0.00e+00	0.00e+00	2.08e-03	1.10e-03	3.69e-04
 4.95888e+15	4.17e-03	1.72e-01	8.12e-01	1.08e-02	2.03e-04	0.00e+00	0.00e+00	0.00e+00	0.00e+00	2.43e-03	1.28e-03	4.30e-04
 4.98409e+15	4.78e-03	1.85e-01	8.00e-01	9.34e-03	1.63e-04	0.00e+00	0.00e+00	0.00e+00	0.00e+00	2.78e-03	1.47e-03	4.93e-04
 5.01280e+15	5.64e-03	2.02e-01	7.84e-01	7.85e-03	1.26e-04	0.00e+00	0.00e+00	0.00e+00	0.00e+00	3.28e-03	1.73e-03	5.82e-04
 5.04426e+15	6.74e-03	2.22e-01	7.65e-01	6.50e-03	9.46e-05	0.00e+00	0.00e+00	0.00e+00	0.00e+00	3.93e-03	2.07e-03	6.96e-04
 5.07334e+15	7.98e-03	2.42e-01	7.45e-01	5.43e-03	7.25e-05	0.00e+00	0.00e+00	0.00e+00	0.00e+00	4.65e-03	2.46e-03	8.24e-04
 5.10517e+15	9.60e-03	2.66e-01	7.20e-01	4.43e-03	5.35e-05	0.00e+00	0.00e+00	0.00e+00	0.00e+00	5.59e-03	2.95e-03	9.92e-04
 5.14046e+15	1.18e-02	2.95e-01	6.90e-01	3.51e-03	3.82e-05	0.00e+00	0.00e+00	0.00e+00	0.00e+00	6.89e-03	3.64e-03	1.22e-03
 5.17264e+15	1.43e-02	3.24e-01	6.58e-01	2.83e-03	2.79e-05	0.00e+00	0.00e+00	0.00e+00	0.00e+00	8.36e-03	4.41e-03	1.48e-03
 5.20154e+15	1.71e-02	3.53e-01	6.27e-01	2.30e-03	2.08e-05	0.00e+00	0.00e+00	0.00e+00	0.00e+00	9.98e-03	5.27e-03	1.77e-03
 5.23378e+15	2.09e-02	3.87e-01	5.90e-01	1.81e-03	1.47e-05	0.00e+00	0.00e+00	0.00e+00	0.00e+00	1.22e-02	6.41e-03	2.16e-03
 5.26880e+15	2.60e-02	4.28e-01	5.45e-01	1.37e-03	9.99e-06	0.00e+00	0.00e+00	0.00e+00	0.00e+00	1.52e-02	8.00e-03	2.69e-03
 5.29918e+15	3.17e-02	4.66e-01	5.01e-01	1.06e-03	7.00e-06	0.00e+00	0.00e+00	0.00e+00	0.00e+00	1.85e-02	9.74e-03	3.28e-03
 5.32522e+15	3.75e-02	4.99e-01	4.63e-01	8.40e-04	5.09e-06	0.00e+00	0.00e+00	0.00e+00	0.00e+00	2.19e-02	1.15e-02	3.88e-03
 5.35384e+15	4.52e-02	5.36e-01	4.18e-01	6.36e-04	3.50e-06	0.00e+00	0.00e+00	0.00e+00	0.00e+00	2.63e-02	1.39e-02	4.68e-03
 5.38290e+15	5.49e-02	5.75e-01	3.70e-01	4.70e-04	2.34e-06	0.00e+00	0.00e+00	0.00e+00	0.00e+00	3.20e-02	1.69e-02	5.69e-03
 5.40507e+15	6.40e-02	6.04e-01	3.31e-01	3.65e-04	1.68e-06	0.00e+00	0.00e+00	0.00e+00	0.00e+00	3.73e-02	1.97e-02	6.64e-03
 5.42264e+15	7.20e-02	6.26e-01	3.02e-01	2.97e-04	1.28e-06	0.00e+00	0.00e+00	0.00e+00	0.00e+00	4.20e-02	2.21e-02	7.47e-03
 5.44170e+15	8.21e-02	6.48e-01	2.70e-01	2.33e-04	9.31e-07	0.00e+00	0.00e+00	0.00e+00	0.00e+00	4.79e-02	2.52e-02	8.52e-03
 5.46305e+15	9.50e-02	6.70e-01	2.34e-01	1.74e-04	0.00e+00	0.00e+00	0.00e+00	0.00e+00	0.00e+00	5.55e-02	2.91e-02	9.87e-03
 5.48235e+15	1.09e-01	6.88e-01	2.03e-01	1.32e-04	0.00e+00	0.00e+00	0.00e+00	0.00e+00	0.00e+00	6.34e-02	3.33e-02	1.13e-02
 5.49877e+15	1.21e-01	7.00e-01	1.78e-01	1.03e-04	0.00e+00	0.00e+00	0.00e+00	0.00e+00	0.00e+00	7.08e-02	3.71e-02	1.26e-02
 5.51642e+15	1.37e-01	7.10e-01	1.53e-01	7.73e-05	0.00e+00	0.00e+00	0.00e+00	0.00e+00	0.00e+00	7.98e-02	4.18e-02	1.42e-02
 5.53552e+15	1.55e-01	7.17e-01	1.28e-01	5.58e-05	0.00e+00	0.00e+00	0.00e+00	0.00e+00	0.00e+00	9.08e-02	4.75e-02	1.62e-02
 5.55201e+15	1.74e-01	7.18e-01	1.07e-01	4.10e-05	0.00e+00	0.00e+00	0.00e+00	0.00e+00	0.00e+00	1.02e-01	5.33e-02	1.82e-02
