#depth	He	He+	He+2
 1.49634e+10	1.29e-20	1.56e-10	1.00e+00
 4.54887e+10	1.52e-20	1.71e-10	1.00e+00
 7.72350e+10	1.77e-20	1.87e-10	1.00e+00
 1.10251e+11	2.06e-20	2.04e-10	1.00e+00
 1.42555e+11	2.38e-20	2.22e-10	1.00e+00
 1.76152e+11	2.73e-20	2.42e-10	1.00e+00
 2.12325e+11	3.17e-20	2.65e-10	1.00e+00
 2.48090e+11	3.65e-20	2.88e-10	1.00e+00
 2.86085e+11	4.20e-20	3.15e-10	1.00e+00
 3.27455e+11	4.88e-20	3.46e-10	1.00e+00
 3.70480e+11	5.66e-20	3.80e-10	1.00e+00
 4.13168e+11	6.52e-20	4.15e-10	1.00e+00
 4.57564e+11	7.49e-20	4.55e-10	1.00e+00
 5.05794e+11	8.66e-20	5.00e-10	1.00e+00
 5.55952e+11	1.00e-19	5.50e-10	1.00e+00
 6.08117e+11	1.15e-19	6.06e-10	1.00e+00
 6.62368e+11	1.33e-19	6.67e-10	1.00e+00
 7.18790e+11	1.53e-19	7.35e-10	1.00e+00
 7.69935e+11	1.73e-19	8.00e-10	1.00e+00
 8.12741e+11	1.90e-19	8.57e-10	1.00e+00
 8.59717e+11	2.11e-19	9.23e-10	1.00e+00
 9.18958e+11	2.39e-19	1.01e-09	1.00e+00
 9.80622e+11	2.71e-19	1.11e-09	1.00e+00
 1.03347e+12	3.01e-19	1.19e-09	1.00e+00
 1.08839e+12	3.33e-19	1.29e-09	1.00e+00
 1.15678e+12	3.77e-19	1.41e-09	1.00e+00
 1.22605e+12	4.27e-19	1.54e-09	1.00e+00
 1.28641e+12	4.73e-19	1.66e-09	1.00e+00
 1.35181e+12	5.26e-19	1.80e-09	1.00e+00
 1.43152e+12	5.96e-19	1.97e-09	1.00e+00
 1.51264e+12	6.75e-19	2.16e-09	1.00e+00
 1.58699e+12	7.53e-19	2.34e-09	1.00e+00
 1.66974e+12	8.47e-19	2.55e-09	1.00e+00
 1.76581e+12	9.68e-19	2.81e-09	1.00e+00
 1.86069e+12	1.10e-18	3.07e-09	1.00e+00
 1.95150e+12	1.24e-18	3.34e-09	1.00e+00
 2.05162e+12	1.41e-18	3.65e-09	1.00e+00
 2.16362e+12	1.62e-18	4.01e-09	1.00e+00
 2.26538e+12	1.84e-18	4.35e-09	1.00e+00
 2.35095e+12	2.04e-18	4.65e-09	1.00e+00
 2.44501e+12	2.27e-18	4.99e-09	1.00e+00
 2.55118e+12	2.57e-18	5.39e-09	1.00e+00
 2.65283e+12	2.88e-18	5.79e-09	1.00e+00
 2.76471e+12	3.26e-18	6.25e-09	1.00e+00
 2.88897e+12	3.72e-18	6.77e-09	1.00e+00
 3.00540e+12	4.21e-18	7.29e-09	1.00e+00
 3.13283e+12	4.79e-18	7.87e-09	1.00e+00
 3.27614e+12	5.53e-18	8.55e-09	1.00e+00
 3.41303e+12	6.31e-18	9.23e-09	1.00e+00
 3.56317e+12	7.27e-18	1.00e-08	1.00e+00
 3.72203e+12	8.41e-18	1.09e-08	1.00e+00
 3.86085e+12	9.51e-18	1.17e-08	1.00e+00
 4.00917e+12	1.08e-17	1.25e-08	1.00e+00
 4.18982e+12	1.26e-17	1.36e-08	1.00e+00
 4.37028e+12	1.46e-17	1.47e-08	1.00e+00
 4.52937e+12	1.65e-17	1.58e-08	1.00e+00
 4.70294e+12	1.89e-17	1.70e-08	1.00e+00
 4.91203e+12	2.21e-17	1.84e-08	1.00e+00
 5.12149e+12	2.57e-17	2.00e-08	1.00e+00
 5.31196e+12	2.93e-17	2.14e-08	1.00e+00
 5.52356e+12	3.38e-17	2.31e-08	1.00e+00
 5.77099e+12	3.97e-17	2.52e-08	1.00e+00
 6.01517e+12	4.62e-17	2.73e-08	1.00e+00
 6.24579e+12	5.32e-17	2.93e-08	1.00e+00
 6.50221e+12	6.17e-17	3.17e-08	1.00e+00
 6.79223e+12	7.27e-17	3.45e-08	1.00e+00
 7.08348e+12	8.51e-17	3.75e-08	1.00e+00
 7.38638e+12	9.97e-17	4.06e-08	1.00e+00
 7.71176e+12	1.17e-16	4.42e-08	1.00e+00
 8.05016e+12	1.38e-16	4.81e-08	1.00e+00
 8.38315e+12	1.61e-16	5.20e-08	1.00e+00
 8.69281e+12	1.85e-16	5.58e-08	1.00e+00
 8.97224e+12	2.09e-16	5.94e-08	1.00e+00
 9.27182e+12	2.37e-16	6.33e-08	1.00e+00
 9.64493e+12	2.75e-16	6.84e-08	1.00e+00
 1.00191e+13	3.19e-16	7.36e-08	1.00e+00
 1.03406e+13	3.60e-16	7.83e-08	1.00e+00
 1.06883e+13	4.08e-16	8.35e-08	1.00e+00
 1.11175e+13	4.75e-16	9.02e-08	1.00e+00
 1.15468e+13	5.50e-16	9.71e-08	1.00e+00
 1.19174e+13	6.20e-16	1.03e-07	1.00e+00
 1.23177e+13	7.04e-16	1.10e-07	1.00e+00
 1.28098e+13	8.19e-16	1.19e-07	1.00e+00
 1.33065e+13	9.48e-16	1.28e-07	1.00e+00
 1.37465e+13	1.07e-15	1.36e-07	1.00e+00
 1.42276e+13	1.23e-15	1.46e-07	1.00e+00
 1.48044e+13	1.43e-15	1.57e-07	1.00e+00
 1.53793e+13	1.65e-15	1.69e-07	1.00e+00
 1.59030e+13	1.88e-15	1.81e-07	1.00e+00
 1.64867e+13	2.16e-15	1.94e-07	1.00e+00
 1.71679e+13	2.53e-15	2.10e-07	1.00e+00
 1.78393e+13	2.93e-15	2.26e-07	1.00e+00
 1.84747e+13	3.35e-15	2.42e-07	1.00e+00
 1.91809e+13	3.87e-15	2.60e-07	1.00e+00
 1.99781e+13	4.53e-15	2.81e-07	1.00e+00
 2.07789e+13	5.27e-15	3.04e-07	1.00e+00
 2.16119e+13	6.14e-15	3.28e-07	1.00e+00
 2.25063e+13	7.18e-15	3.55e-07	1.00e+00
 2.33724e+13	8.31e-15	3.82e-07	1.00e+00
 2.41871e+13	9.49e-15	4.08e-07	1.00e+00
 2.50984e+13	1.10e-14	4.39e-07	1.00e+00
 2.60169e+13	1.26e-14	4.72e-07	1.00e+00
 2.67797e+13	1.41e-14	4.99e-07	1.00e+00
 2.75874e+13	1.58e-14	5.29e-07	1.00e+00
 2.86198e+13	1.83e-14	5.69e-07	1.00e+00
 2.97026e+13	2.11e-14	6.13e-07	1.00e+00
 3.06608e+13	2.39e-14	6.53e-07	1.00e+00
 3.16988e+13	2.73e-14	6.97e-07	1.00e+00
 3.29461e+13	3.17e-14	7.54e-07	1.00e+00
 3.42093e+13	3.68e-14	8.13e-07	1.00e+00
 3.53930e+13	4.20e-14	8.70e-07	1.00e+00
 3.67086e+13	4.85e-14	9.36e-07	1.00e+00
 3.81019e+13	5.62e-14	1.01e-06	1.00e+00
 3.93404e+13	6.38e-14	1.08e-06	1.00e+00
 4.06735e+13	7.28e-14	1.15e-06	1.00e+00
 4.22705e+13	8.48e-14	1.25e-06	1.00e+00
 4.38423e+13	9.79e-14	1.34e-06	1.00e+00
 4.52430e+13	1.11e-13	1.43e-06	1.00e+00
 4.67895e+13	1.27e-13	1.53e-06	1.00e+00
 4.86318e+13	1.48e-13	1.66e-06	1.00e+00
 5.04608e+13	1.71e-13	1.79e-06	1.00e+00
 5.21351e+13	1.94e-13	1.91e-06	1.00e+00
 5.40062e+13	2.23e-13	2.05e-06	1.00e+00
 5.61801e+13	2.61e-13	2.23e-06	1.00e+00
 5.83133e+13	3.02e-13	2.40e-06	1.00e+00
 6.03334e+13	3.45e-13	2.58e-06	1.00e+00
 6.25783e+13	3.98e-13	2.78e-06	1.00e+00
 6.51113e+13	4.64e-13	3.01e-06	1.00e+00
 6.75170e+13	5.35e-13	3.24e-06	1.00e+00
 6.97102e+13	6.05e-13	3.46e-06	1.00e+00
 7.21914e+13	6.93e-13	3.72e-06	1.00e+00
 7.50806e+13	8.06e-13	4.03e-06	1.00e+00
 7.78529e+13	9.26e-13	4.34e-06	1.00e+00
 8.01496e+13	1.04e-12	4.60e-06	1.00e+00
 8.24754e+13	1.15e-12	4.87e-06	1.00e+00
 8.54808e+13	1.32e-12	5.24e-06	1.00e+00
 8.85899e+13	1.52e-12	5.64e-06	1.00e+00
 9.12263e+13	1.69e-12	5.98e-06	1.00e+00
 9.40278e+13	1.90e-12	6.36e-06	1.00e+00
 9.75385e+13	2.18e-12	6.85e-06	1.00e+00
 1.01154e+14	2.50e-12	7.37e-06	1.00e+00
 1.04338e+14	2.80e-12	7.85e-06	1.00e+00
 1.07778e+14	3.16e-12	8.39e-06	1.00e+00
 1.11932e+14	3.64e-12	9.06e-06	1.00e+00
 1.16053e+14	4.16e-12	9.74e-06	1.00e+00
 1.19714e+14	4.67e-12	1.04e-05	1.00e+00
 1.23739e+14	5.27e-12	1.11e-05	1.00e+00
 1.28548e+14	6.07e-12	1.20e-05	1.00e+00
 1.33326e+14	6.95e-12	1.29e-05	1.00e+00
 1.37671e+14	7.82e-12	1.38e-05	1.00e+00
 1.42509e+14	8.89e-12	1.48e-05	1.00e+00
 1.48163e+14	1.03e-11	1.60e-05	1.00e+00
 1.53726e+14	1.18e-11	1.73e-05	1.00e+00
 1.58949e+14	1.33e-11	1.85e-05	1.00e+00
 1.64775e+14	1.52e-11	2.00e-05	1.00e+00
 1.71396e+14	1.77e-11	2.17e-05	1.00e+00
 1.77997e+14	2.03e-11	2.35e-05	1.00e+00
 1.84862e+14	2.35e-11	2.54e-05	1.00e+00
 1.91049e+14	2.66e-11	2.72e-05	1.00e+00
 1.95710e+14	2.92e-11	2.86e-05	1.00e+00
 2.00570e+14	3.20e-11	3.02e-05	1.00e+00
 2.06888e+14	3.61e-11	3.22e-05	1.00e+00
 2.13756e+14	4.10e-11	3.46e-05	1.00e+00
 2.19974e+14	4.58e-11	3.68e-05	1.00e+00
 2.26693e+14	5.15e-11	3.92e-05	1.00e+00
 2.35115e+14	5.95e-11	4.25e-05	1.00e+00
 2.43578e+14	6.85e-11	4.59e-05	1.00e+00
 2.50784e+14	7.69e-11	4.89e-05	1.00e+00
 2.58531e+14	8.70e-11	5.23e-05	1.00e+00
 2.68183e+14	1.01e-10	5.67e-05	1.00e+00
 2.78137e+14	1.17e-10	6.14e-05	1.00e+00
 2.87013e+14	1.33e-10	6.59e-05	1.00e+00
 2.96660e+14	1.53e-10	7.09e-05	1.00e+00
 3.08170e+14	1.79e-10	7.72e-05	1.00e+00
 3.19508e+14	2.08e-10	8.37e-05	1.00e+00
 3.29706e+14	2.38e-10	8.99e-05	1.00e+00
 3.41015e+14	2.74e-10	9.70e-05	1.00e+00
 3.54370e+14	3.22e-10	1.06e-04	1.00e+00
 3.67568e+14	3.77e-10	1.15e-04	1.00e+00
 3.79765e+14	4.33e-10	1.24e-04	1.00e+00
 3.93457e+14	5.04e-10	1.34e-04	1.00e+00
 4.09225e+14	5.97e-10	1.46e-04	1.00e+00
 4.24659e+14	7.00e-10	1.59e-04	1.00e+00
 4.40710e+14	8.21e-10	1.73e-04	1.00e+00
 4.58368e+14	9.74e-10	1.89e-04	1.00e+00
 4.73304e+14	1.12e-09	2.03e-04	1.00e+00
 4.84220e+14	1.23e-09	2.14e-04	1.00e+00
 4.95677e+14	1.37e-09	2.26e-04	1.00e+00
 5.10572e+14	1.55e-09	2.41e-04	1.00e+00
 5.26999e+14	1.78e-09	2.59e-04	1.00e+00
 5.42199e+14	2.02e-09	2.76e-04	1.00e+00
 5.58737e+14	2.30e-09	2.95e-04	1.00e+00
 5.77326e+14	2.65e-09	3.18e-04	1.00e+00
 5.95024e+14	3.02e-09	3.40e-04	1.00e+00
 6.14476e+14	3.47e-09	3.65e-04	1.00e+00
 6.36225e+14	4.04e-09	3.95e-04	1.00e+00
 6.56881e+14	4.64e-09	4.24e-04	1.00e+00
 6.79651e+14	5.38e-09	4.57e-04	1.00e+00
 7.05187e+14	6.31e-09	4.96e-04	1.00e+00
 7.29311e+14	7.29e-09	5.34e-04	9.99e-01
 7.55601e+14	8.50e-09	5.78e-04	9.99e-01
 7.84801e+14	1.00e-08	6.28e-04	9.99e-01
 8.12096e+14	1.16e-08	6.77e-04	9.99e-01
 8.41538e+14	1.35e-08	7.32e-04	9.99e-01
 8.74495e+14	1.60e-08	7.96e-04	9.99e-01
 9.06213e+14	1.86e-08	8.60e-04	9.99e-01
 9.39935e+14	2.18e-08	9.31e-04	9.99e-01
 9.77562e+14	2.57e-08	1.01e-03	9.99e-01
 1.00924e+15	2.95e-08	1.09e-03	9.99e-01
 1.03203e+15	3.24e-08	1.14e-03	9.99e-01
 1.05569e+15	3.57e-08	1.20e-03	9.99e-01
 1.08647e+15	4.04e-08	1.27e-03	9.99e-01
 1.12079e+15	4.61e-08	1.36e-03	9.99e-01
 1.15293e+15	5.19e-08	1.44e-03	9.99e-01
 1.18791e+15	5.90e-08	1.54e-03	9.98e-01
 1.22705e+15	6.76e-08	1.65e-03	9.98e-01
 1.26397e+15	7.66e-08	1.76e-03	9.98e-01
 1.30435e+15	8.75e-08	1.88e-03	9.98e-01
 1.34960e+15	1.01e-07	2.02e-03	9.98e-01
 1.39253e+15	1.15e-07	2.16e-03	9.98e-01
 1.43968e+15	1.32e-07	2.32e-03	9.98e-01
 1.49222e+15	1.54e-07	2.50e-03	9.98e-01
 1.54107e+15	1.76e-07	2.67e-03	9.97e-01
 1.59392e+15	2.02e-07	2.87e-03	9.97e-01
 1.65294e+15	2.35e-07	3.09e-03	9.97e-01
 1.70815e+15	2.69e-07	3.31e-03	9.97e-01
 1.76809e+15	3.10e-07	3.56e-03	9.96e-01
 1.83187e+15	3.58e-07	3.83e-03	9.96e-01
 1.88771e+15	4.05e-07	4.08e-03	9.96e-01
 1.93561e+15	4.50e-07	4.30e-03	9.96e-01
 1.98612e+15	5.00e-07	4.53e-03	9.95e-01
 2.05178e+15	5.73e-07	4.86e-03	9.95e-01
 2.11754e+15	6.53e-07	5.18e-03	9.95e-01
 2.17031e+15	7.22e-07	5.45e-03	9.95e-01
 2.22583e+15	8.02e-07	5.75e-03	9.94e-01
 2.29800e+15	9.17e-07	6.15e-03	9.94e-01
 2.37292e+15	1.05e-06	6.57e-03	9.93e-01
 2.43684e+15	1.17e-06	6.94e-03	9.93e-01
 2.50539e+15	1.31e-06	7.36e-03	9.93e-01
 2.59450e+15	1.52e-06	7.93e-03	9.92e-01
 2.68495e+15	1.74e-06	8.51e-03	9.91e-01
 2.75792e+15	1.94e-06	9.00e-03	9.91e-01
 2.83356e+15	2.18e-06	9.54e-03	9.90e-01
 2.93190e+15	2.52e-06	1.03e-02	9.90e-01
 3.03358e+15	2.89e-06	1.10e-02	9.89e-01
 3.11866e+15	3.23e-06	1.17e-02	9.88e-01
 3.20833e+15	3.65e-06	1.25e-02	9.88e-01
 3.30493e+15	4.13e-06	1.33e-02	9.87e-01
 3.39088e+15	4.59e-06	1.40e-02	9.86e-01
 3.46768e+15	5.03e-06	1.48e-02	9.85e-01
 3.55224e+15	5.58e-06	1.56e-02	9.84e-01
 3.64500e+15	6.22e-06	1.65e-02	9.83e-01
 3.73334e+15	6.89e-06	1.75e-02	9.83e-01
 3.81892e+15	7.59e-06	1.85e-02	9.82e-01
 3.91600e+15	8.49e-06	1.96e-02	9.80e-01
 4.02312e+15	9.55e-06	2.10e-02	9.79e-01
 4.12206e+15	1.06e-05	2.23e-02	9.78e-01
 4.21309e+15	1.17e-05	2.36e-02	9.76e-01
 4.31512e+15	1.31e-05	2.52e-02	9.75e-01
 4.42826e+15	1.48e-05	2.71e-02	9.73e-01
 4.53322e+15	1.65e-05	2.89e-02	9.71e-01
 4.63199e+15	1.83e-05	3.08e-02	9.69e-01
 4.74531e+15	2.08e-05	3.33e-02	9.67e-01
 4.86567e+15	2.35e-05	3.61e-02	9.64e-01
 4.97183e+15	2.64e-05	3.88e-02	9.61e-01
 5.07154e+15	2.95e-05	4.17e-02	9.58e-01
 5.16931e+15	3.29e-05	4.48e-02	9.55e-01
 5.26424e+15	3.66e-05	4.81e-02	9.52e-01
 5.37237e+15	4.20e-05	5.26e-02	9.47e-01
 5.48186e+15	4.77e-05	5.74e-02	9.43e-01
 5.57224e+15	5.33e-05	6.20e-02	9.38e-01
 5.64835e+15	5.87e-05	6.63e-02	9.34e-01
 5.71423e+15	6.40e-05	7.05e-02	9.29e-01
 5.78737e+15	7.06e-05	7.57e-02	9.24e-01
 5.86967e+15	7.94e-05	8.22e-02	9.18e-01
 5.94324e+15	8.90e-05	8.87e-02	9.11e-01
 6.00101e+15	9.70e-05	9.43e-02	9.06e-01
 6.05891e+15	1.07e-04	1.01e-01	8.99e-01
 6.13418e+15	1.21e-04	1.10e-01	8.90e-01
 6.20848e+15	1.37e-04	1.21e-01	8.79e-01
 6.26436e+15	1.51e-04	1.29e-01	8.71e-01
 6.31984e+15	1.67e-04	1.39e-01	8.60e-01
 6.39197e+15	1.92e-04	1.54e-01	8.46e-01
 6.46267e+15	2.21e-04	1.71e-01	8.29e-01
 6.51443e+15	2.48e-04	1.84e-01	8.15e-01
 6.55362e+15	2.69e-04	1.96e-01	8.04e-01
 6.59355e+15	2.94e-04	2.09e-01	7.91e-01
 6.64546e+15	3.32e-04	2.27e-01	7.72e-01
 6.70087e+15	3.78e-04	2.49e-01	7.50e-01
 6.74884e+15	4.20e-04	2.70e-01	7.29e-01
 6.79918e+15	4.77e-04	2.95e-01	7.04e-01
 6.85244e+15	5.44e-04	3.24e-01	6.75e-01
 6.89784e+15	6.13e-04	3.50e-01	6.49e-01
 6.93534e+15	6.68e-04	3.74e-01	6.25e-01
 6.97422e+15	7.44e-04	4.01e-01	5.99e-01
 7.00993e+15	8.10e-04	4.25e-01	5.74e-01
 7.03579e+15	8.64e-04	4.44e-01	5.56e-01
 7.06370e+15	9.25e-04	4.65e-01	5.34e-01
 7.09998e+15	1.02e-03	4.93e-01	5.06e-01
 7.13472e+15	1.10e-03	5.20e-01	4.79e-01
 7.16201e+15	1.17e-03	5.41e-01	4.58e-01
 7.19201e+15	1.26e-03	5.65e-01	4.34e-01
 7.22588e+15	1.36e-03	5.92e-01	4.07e-01
 7.25885e+15	1.46e-03	6.17e-01	3.81e-01
 7.29031e+15	1.56e-03	6.41e-01	3.57e-01
 7.32572e+15	1.68e-03	6.68e-01	3.31e-01
 7.36342e+15	1.81e-03	6.94e-01	3.04e-01
 7.39647e+15	1.93e-03	7.16e-01	2.82e-01
 7.42714e+15	2.04e-03	7.36e-01	2.62e-01
 7.46238e+15	2.17e-03	7.57e-01	2.40e-01
 7.50069e+15	2.32e-03	7.79e-01	2.19e-01
 7.53508e+15	2.45e-03	7.96e-01	2.01e-01
 7.56703e+15	2.59e-03	8.12e-01	1.86e-01
 7.60370e+15	2.74e-03	8.28e-01	1.69e-01
 7.64347e+15	2.91e-03	8.44e-01	1.53e-01
 7.67879e+15	3.06e-03	8.57e-01	1.40e-01
 7.71111e+15	3.22e-03	8.68e-01	1.29e-01
 7.74798e+15	3.39e-03	8.79e-01	1.17e-01
 7.78768e+15	3.59e-03	8.90e-01	1.06e-01
 7.82285e+15	3.78e-03	8.99e-01	9.76e-02
 7.85531e+15	3.96e-03	9.06e-01	9.01e-02
 7.89242e+15	4.18e-03	9.14e-01	8.20e-02
 7.93353e+15	4.44e-03	9.21e-01	7.43e-02
 7.97045e+15	4.68e-03	9.27e-01	6.82e-02
 8.00258e+15	4.92e-03	9.32e-01	6.33e-02
 8.03786e+15	5.20e-03	9.37e-01	5.81e-02
 8.08372e+15	5.59e-03	9.42e-01	5.21e-02
 8.12917e+15	6.03e-03	9.47e-01	4.72e-02
 8.16337e+15	6.38e-03	9.50e-01	4.39e-02
 8.19710e+15	6.78e-03	9.53e-01	4.06e-02
 8.24094e+15	7.35e-03	9.56e-01	3.68e-02
 8.28656e+15	8.03e-03	9.59e-01	3.34e-02
 8.32429e+15	8.70e-03	9.60e-01	3.09e-02
 8.35723e+15	9.33e-03	9.62e-01	2.89e-02
 8.39415e+15	1.02e-02	9.63e-01	2.67e-02
 8.43488e+15	1.12e-02	9.64e-01	2.45e-02
 8.47106e+15	1.23e-02	9.65e-01	2.28e-02
 8.50195e+15	1.34e-02	9.65e-01	2.15e-02
 8.53547e+15	1.48e-02	9.65e-01	2.00e-02
 8.56916e+15	1.64e-02	9.65e-01	1.88e-02
 8.59429e+15	1.79e-02	9.64e-01	1.79e-02
 8.61396e+15	1.92e-02	9.64e-01	1.73e-02
 8.63533e+15	2.08e-02	9.63e-01	1.65e-02
 8.66311e+15	2.31e-02	9.61e-01	1.57e-02
 8.69050e+15	2.60e-02	9.59e-01	1.49e-02
 8.71022e+15	2.85e-02	9.57e-01	1.44e-02
 8.72544e+15	3.05e-02	9.55e-01	1.40e-02
 8.74197e+15	3.31e-02	9.53e-01	1.36e-02
 8.76347e+15	3.68e-02	9.50e-01	1.31e-02
 8.78535e+15	4.15e-02	9.46e-01	1.26e-02
 8.80214e+15	4.59e-02	9.42e-01	1.23e-02
 8.81561e+15	4.97e-02	9.38e-01	1.21e-02
 8.83034e+15	5.45e-02	9.34e-01	1.18e-02
 8.84949e+15	6.16e-02	9.27e-01	1.15e-02
 8.86889e+15	7.04e-02	9.18e-01	1.12e-02
 8.88376e+15	7.88e-02	9.10e-01	1.11e-02
 8.89584e+15	8.61e-02	9.03e-01	1.10e-02
 8.90844e+15	9.49e-02	8.94e-01	1.09e-02
 8.92127e+15	1.05e-01	8.84e-01	1.08e-02
 8.93244e+15	1.15e-01	8.74e-01	1.07e-02
 8.94280e+15	1.25e-01	8.64e-01	1.07e-02
 8.95327e+15	1.37e-01	8.52e-01	1.07e-02
 8.96350e+15	1.50e-01	8.39e-01	1.06e-02
 8.97295e+15	1.63e-01	8.27e-01	1.07e-02
 8.98131e+15	1.75e-01	8.14e-01	1.07e-02
 8.98748e+15	1.85e-01	8.04e-01	1.07e-02
 8.99165e+15	1.92e-01	7.97e-01	1.07e-02
 8.99570e+15	1.99e-01	7.90e-01	1.07e-02
 9.00048e+15	2.08e-01	7.81e-01	1.07e-02
 9.00564e+15	2.18e-01	7.71e-01	1.07e-02
 9.01057e+15	2.28e-01	7.61e-01	1.07e-02
 9.01522e+15	2.38e-01	7.52e-01	1.08e-02
 9.01987e+15	2.48e-01	7.41e-01	1.08e-02
 9.02454e+15	2.59e-01	7.31e-01	1.08e-02
 9.02922e+15	2.70e-01	7.19e-01	1.08e-02
 9.03384e+15	2.81e-01	7.08e-01	1.08e-02
 9.03840e+15	2.93e-01	6.96e-01	1.08e-02
 9.04298e+15	3.05e-01	6.84e-01	1.08e-02
 9.04758e+15	3.18e-01	6.71e-01	1.08e-02
 9.05218e+15	3.31e-01	6.58e-01	1.08e-02
 9.05668e+15	3.44e-01	6.45e-01	1.08e-02
 9.06115e+15	3.58e-01	6.32e-01	1.08e-02
 9.06569e+15	3.72e-01	6.17e-01	1.07e-02
 9.07022e+15	3.86e-01	6.03e-01	1.07e-02
 9.07473e+15	4.01e-01	5.88e-01	1.06e-02
 9.07924e+15	4.16e-01	5.73e-01	1.06e-02
 9.08378e+15	4.32e-01	5.58e-01	1.05e-02
 9.08838e+15	4.48e-01	5.42e-01	1.05e-02
 9.09293e+15	4.64e-01	5.26e-01	1.04e-02
 9.09748e+15	4.80e-01	5.09e-01	1.03e-02
 9.10211e+15	4.97e-01	4.93e-01	1.02e-02
 9.10677e+15	5.14e-01	4.76e-01	1.01e-02
 9.11140e+15	5.31e-01	4.59e-01	9.96e-03
 9.11600e+15	5.48e-01	4.43e-01	9.83e-03
 9.12057e+15	5.64e-01	4.26e-01	9.68e-03
 9.12517e+15	5.81e-01	4.10e-01	9.51e-03
 9.12980e+15	5.97e-01	3.94e-01	9.34e-03
 9.13445e+15	6.13e-01	3.78e-01	9.15e-03
 9.13916e+15	6.29e-01	3.62e-01	8.96e-03
 9.14393e+15	6.45e-01	3.46e-01	8.74e-03
 9.14878e+15	6.61e-01	3.30e-01	8.52e-03
 9.15375e+15	6.77e-01	3.15e-01	8.28e-03
 9.15886e+15	6.91e-01	3.00e-01	8.06e-03
 9.16408e+15	7.06e-01	2.86e-01	7.79e-03
 9.16949e+15	7.21e-01	2.72e-01	7.54e-03
 9.17514e+15	7.35e-01	2.58e-01	7.26e-03
 9.18109e+15	7.49e-01	2.44e-01	6.97e-03
 9.18745e+15	7.62e-01	2.31e-01	6.68e-03
 9.19420e+15	7.75e-01	2.18e-01	6.39e-03
 9.20144e+15	7.87e-01	2.06e-01	6.10e-03
 9.20925e+15	7.99e-01	1.95e-01	5.80e-03
 9.21784e+15	8.10e-01	1.84e-01	5.51e-03
 9.22758e+15	8.20e-01	1.74e-01	5.21e-03
 9.23854e+15	8.30e-01	1.65e-01	4.93e-03
 9.24934e+15	8.37e-01	1.58e-01	4.69e-03
 9.25960e+15	8.43e-01	1.52e-01	4.49e-03
 9.27047e+15	8.48e-01	1.47e-01	4.31e-03
 9.28287e+15	8.53e-01	1.43e-01	4.12e-03
 9.29702e+15	8.58e-01	1.38e-01	3.93e-03
 9.31221e+15	8.62e-01	1.35e-01	3.76e-03
 9.32821e+15	8.65e-01	1.31e-01	3.59e-03
 9.34509e+15	8.69e-01	1.28e-01	3.43e-03
 9.36271e+15	8.72e-01	1.25e-01	3.28e-03
 9.38074e+15	8.75e-01	1.22e-01	3.13e-03
 9.39886e+15	8.78e-01	1.19e-01	2.99e-03
 9.41686e+15	8.80e-01	1.17e-01	2.86e-03
 9.43468e+15	8.83e-01	1.15e-01	2.74e-03
 9.45225e+15	8.85e-01	1.12e-01	2.63e-03
 9.46956e+15	8.87e-01	1.10e-01	2.52e-03
 9.48658e+15	8.90e-01	1.08e-01	2.42e-03
 9.50369e+15	8.92e-01	1.06e-01	2.32e-03
 9.52033e+15	8.94e-01	1.04e-01	2.24e-03
 9.53645e+15	8.96e-01	1.02e-01	2.15e-03
 9.55268e+15	8.98e-01	1.00e-01	2.07e-03
 9.56855e+15	9.00e-01	9.85e-02	2.00e-03
 9.58394e+15	9.01e-01	9.68e-02	1.93e-03
 9.59880e+15	9.03e-01	9.52e-02	1.86e-03
 9.61340e+15	9.05e-01	9.36e-02	1.80e-03
 9.62811e+15	9.06e-01	9.21e-02	1.74e-03
 9.64283e+15	9.08e-01	9.06e-02	1.68e-03
 9.65735e+15	9.09e-01	8.92e-02	1.62e-03
 9.67164e+15	9.11e-01	8.78e-02	1.57e-03
 9.68578e+15	9.12e-01	8.65e-02	1.52e-03
 9.69981e+15	9.13e-01	8.52e-02	1.47e-03
 9.71376e+15	9.15e-01	8.39e-02	1.43e-03
 9.72762e+15	9.16e-01	8.26e-02	1.38e-03
 9.74141e+15	9.17e-01	8.14e-02	1.34e-03
 9.75517e+15	9.19e-01	8.02e-02	1.30e-03
 9.76892e+15	9.20e-01	7.90e-02	1.26e-03
 9.78269e+15	9.21e-01	7.79e-02	1.22e-03
 9.79651e+15	9.22e-01	7.67e-02	1.18e-03
 9.81042e+15	9.23e-01	7.56e-02	1.15e-03
 9.82461e+15	9.24e-01	7.44e-02	1.11e-03
 9.83926e+15	9.26e-01	7.33e-02	1.07e-03
 9.85436e+15	9.27e-01	7.21e-02	1.04e-03
 9.86988e+15	9.28e-01	7.09e-02	1.00e-03
 9.88591e+15	9.29e-01	6.97e-02	9.68e-04
 9.90268e+15	9.31e-01	6.85e-02	9.32e-04
 9.92046e+15	9.32e-01	6.72e-02	8.96e-04
 9.93964e+15	9.33e-01	6.58e-02	8.57e-04
 9.96071e+15	9.35e-01	6.44e-02	8.19e-04
 9.98476e+15	9.36e-01	6.28e-02	7.75e-04
 1.00119e+16	9.38e-01	6.10e-02	7.29e-04
 1.00395e+16	9.40e-01	5.92e-02	6.87e-04
 1.00649e+16	9.42e-01	5.77e-02	6.50e-04
 1.00880e+16	9.43e-01	5.63e-02	6.18e-04
 1.01090e+16	9.44e-01	5.51e-02	5.90e-04
 1.01281e+16	9.45e-01	5.40e-02	5.66e-04
 1.01455e+16	9.46e-01	5.30e-02	5.45e-04
 1.01614e+16	9.47e-01	5.22e-02	5.26e-04
 1.01788e+16	9.48e-01	5.12e-02	5.05e-04
 1.01975e+16	9.49e-01	5.02e-02	4.85e-04
 1.02146e+16	9.50e-01	4.93e-02	4.66e-04
 1.02301e+16	9.51e-01	4.85e-02	4.51e-04
 1.02442e+16	9.52e-01	4.77e-02	4.37e-04
 1.02597e+16	9.53e-01	4.69e-02	4.21e-04
 1.02764e+16	9.54e-01	4.61e-02	4.05e-04
 1.02916e+16	9.54e-01	4.53e-02	3.92e-04
 1.03054e+16	9.55e-01	4.46e-02	3.79e-04
 1.03180e+16	9.56e-01	4.40e-02	3.68e-04
 1.03318e+16	9.56e-01	4.32e-02	3.55e-04
 1.03467e+16	9.57e-01	4.26e-02	3.44e-04
 1.03603e+16	9.58e-01	4.19e-02	3.33e-04
 1.03726e+16	9.58e-01	4.13e-02	3.23e-04
 1.03839e+16	9.59e-01	4.08e-02	3.14e-04
 1.03962e+16	9.60e-01	4.02e-02	3.05e-04
 1.04094e+16	9.60e-01	3.96e-02	2.95e-04
 1.04215e+16	9.61e-01	3.90e-02	2.87e-04
 1.04325e+16	9.61e-01	3.85e-02	2.79e-04
 1.04425e+16	9.62e-01	3.80e-02	2.72e-04
 1.04535e+16	9.62e-01	3.75e-02	2.65e-04
 1.04653e+16	9.63e-01	3.70e-02	2.57e-04
 1.04761e+16	9.63e-01	3.65e-02	2.51e-04
 1.04859e+16	9.64e-01	3.61e-02	2.44e-04
 1.04967e+16	9.64e-01	3.56e-02	2.37e-04
 1.05083e+16	9.65e-01	3.51e-02	2.31e-04
 1.05188e+16	9.65e-01	3.47e-02	2.25e-04
 1.05284e+16	9.66e-01	3.43e-02	2.20e-04
 1.05389e+16	9.66e-01	3.38e-02	2.14e-04
 1.05503e+16	9.66e-01	3.34e-02	2.08e-04
 1.05606e+16	9.67e-01	3.29e-02	2.03e-04
 1.05701e+16	9.67e-01	3.26e-02	1.98e-04
 1.05804e+16	9.68e-01	3.21e-02	1.92e-04
 1.05915e+16	9.68e-01	3.17e-02	1.87e-04
 1.06016e+16	9.69e-01	3.13e-02	1.83e-04
 1.06127e+16	9.69e-01	3.09e-02	1.77e-04
 1.06247e+16	9.69e-01	3.04e-02	1.72e-04
 1.06356e+16	9.70e-01	3.00e-02	1.68e-04
 1.06455e+16	9.70e-01	2.97e-02	1.64e-04
 1.06564e+16	9.71e-01	2.92e-02	1.59e-04
 1.06681e+16	9.71e-01	2.89e-02	1.55e-04
 1.06788e+16	9.71e-01	2.85e-02	1.51e-04
 1.06885e+16	9.72e-01	2.81e-02	1.47e-04
 1.06992e+16	9.72e-01	2.78e-02	1.43e-04
 1.07130e+16	9.73e-01	2.73e-02	1.39e-04
 1.07280e+16	9.73e-01	2.69e-02	1.34e-04
 1.07416e+16	9.73e-01	2.64e-02	1.30e-04
 1.07540e+16	9.74e-01	2.61e-02	1.26e-04
 1.07652e+16	9.74e-01	2.57e-02	1.23e-04
 1.07776e+16	9.75e-01	2.53e-02	1.19e-04
 1.07909e+16	9.75e-01	2.50e-02	1.16e-04
 1.08031e+16	9.75e-01	2.46e-02	1.13e-04
 1.08163e+16	9.76e-01	2.42e-02	1.09e-04
 1.08307e+16	9.76e-01	2.39e-02	1.06e-04
 1.08437e+16	9.76e-01	2.35e-02	1.03e-04
 1.08556e+16	9.77e-01	2.32e-02	9.99e-05
 1.08686e+16	9.77e-01	2.28e-02	9.69e-05
 1.08827e+16	9.77e-01	2.25e-02	9.41e-05
 1.08955e+16	9.78e-01	2.22e-02	9.14e-05
 1.09095e+16	9.78e-01	2.18e-02	8.85e-05
 1.09246e+16	9.78e-01	2.15e-02	8.58e-05
 1.09384e+16	9.79e-01	2.12e-02	8.33e-05
 1.09509e+16	9.79e-01	2.09e-02	8.10e-05
 1.09647e+16	9.79e-01	2.06e-02	7.86e-05
 1.09795e+16	9.80e-01	2.02e-02	7.62e-05
 1.09930e+16	9.80e-01	2.00e-02	7.41e-05
 1.10078e+16	9.80e-01	1.96e-02	7.17e-05
 1.10237e+16	9.81e-01	1.93e-02	6.94e-05
 1.10382e+16	9.81e-01	1.90e-02	6.74e-05
 1.10515e+16	9.81e-01	1.88e-02	6.56e-05
 1.10659e+16	9.81e-01	1.85e-02	6.36e-05
 1.10816e+16	9.82e-01	1.82e-02	6.17e-05
 1.10958e+16	9.82e-01	1.79e-02	5.99e-05
 1.11114e+16	9.82e-01	1.76e-02	5.80e-05
 1.11282e+16	9.83e-01	1.73e-02	5.61e-05
 1.11435e+16	9.83e-01	1.71e-02	5.44e-05
 1.11603e+16	9.83e-01	1.68e-02	5.26e-05
 1.11784e+16	9.83e-01	1.65e-02	5.08e-05
 1.11949e+16	9.84e-01	1.62e-02	4.92e-05
 1.12130e+16	9.84e-01	1.59e-02	4.74e-05
 1.12325e+16	9.84e-01	1.56e-02	4.57e-05
 1.12502e+16	9.85e-01	1.54e-02	4.42e-05
 1.12664e+16	9.85e-01	1.52e-02	4.29e-05
 1.12841e+16	9.85e-01	1.49e-02	4.15e-05
 1.13032e+16	9.85e-01	1.46e-02	4.00e-05
 1.13206e+16	9.86e-01	1.44e-02	3.88e-05
 1.13396e+16	9.86e-01	1.41e-02	3.74e-05
 1.13602e+16	9.86e-01	1.39e-02	3.60e-05
 1.13789e+16	9.86e-01	1.36e-02	3.49e-05
 1.13994e+16	9.87e-01	1.34e-02	3.35e-05
 1.14216e+16	9.87e-01	1.31e-02	3.23e-05
 1.14417e+16	9.87e-01	1.29e-02	3.12e-05
 1.14638e+16	9.87e-01	1.26e-02	2.99e-05
 1.14876e+16	9.88e-01	1.24e-02	2.87e-05
 1.15093e+16	9.88e-01	1.21e-02	2.77e-05
 1.15331e+16	9.88e-01	1.19e-02	2.66e-05
 1.15588e+16	9.88e-01	1.16e-02	2.54e-05
 1.15821e+16	9.89e-01	1.14e-02	2.45e-05
 1.16077e+16	9.89e-01	1.11e-02	2.34e-05
 1.16353e+16	9.89e-01	1.09e-02	2.24e-05
 1.16605e+16	9.89e-01	1.07e-02	2.15e-05
 1.16833e+16	9.89e-01	1.05e-02	2.07e-05
 1.17084e+16	9.90e-01	1.03e-02	1.99e-05
 1.17355e+16	9.90e-01	1.00e-02	1.90e-05
 1.17601e+16	9.90e-01	9.85e-03	1.83e-05
 1.17871e+16	9.90e-01	9.63e-03	1.75e-05
 1.18162e+16	9.91e-01	9.41e-03	1.67e-05
 1.18427e+16	9.91e-01	9.22e-03	1.61e-05
 1.18718e+16	9.91e-01	9.01e-03	1.53e-05
 1.19031e+16	9.91e-01	8.79e-03	1.46e-05
 1.19317e+16	9.91e-01	8.61e-03	1.40e-05
 1.19630e+16	9.92e-01	8.40e-03	1.34e-05
 1.19967e+16	9.92e-01	8.19e-03	1.27e-05
 1.20275e+16	9.92e-01	8.01e-03	1.22e-05
 1.20611e+16	9.92e-01	7.80e-03	1.16e-05
 1.20975e+16	9.92e-01	7.60e-03	1.10e-05
 1.21305e+16	9.93e-01	7.42e-03	1.05e-05
 1.21668e+16	9.93e-01	7.22e-03	9.93e-06
 1.22059e+16	9.93e-01	7.03e-03	9.40e-06
 1.22415e+16	9.93e-01	6.85e-03	8.95e-06
 1.22806e+16	9.93e-01	6.66e-03	8.47e-06
 1.23313e+16	9.94e-01	6.42e-03	7.87e-06
 1.23905e+16	9.94e-01	6.16e-03	7.26e-06
 1.24512e+16	9.94e-01	5.91e-03	6.69e-06
 1.25121e+16	9.94e-01	5.68e-03	6.17e-06
 1.25753e+16	9.95e-01	5.44e-03	5.68e-06
 1.26412e+16	9.95e-01	5.21e-03	5.21e-06
 1.27095e+16	9.95e-01	4.98e-03	4.77e-06
 1.27801e+16	9.95e-01	4.76e-03	4.37e-06
 1.28530e+16	9.95e-01	4.55e-03	3.98e-06
 1.29286e+16	9.96e-01	4.34e-03	3.63e-06
 1.30065e+16	9.96e-01	4.14e-03	3.30e-06
 1.30857e+16	9.96e-01	3.94e-03	3.00e-06
 1.31660e+16	9.96e-01	3.76e-03	2.73e-06
 1.32477e+16	9.96e-01	3.58e-03	2.48e-06
 1.33310e+16	9.97e-01	3.41e-03	2.25e-06
 1.34147e+16	9.97e-01	3.25e-03	2.04e-06
 1.34995e+16	9.97e-01	3.09e-03	1.85e-06
 1.35872e+16	9.97e-01	2.94e-03	1.68e-06
 1.36770e+16	9.97e-01	2.79e-03	1.52e-06
 1.37681e+16	9.97e-01	2.66e-03	1.37e-06
 1.38606e+16	9.97e-01	2.52e-03	1.24e-06
 1.39548e+16	9.98e-01	2.40e-03	1.12e-06
 1.40509e+16	9.98e-01	2.27e-03	1.01e-06
 1.41489e+16	9.98e-01	2.16e-03	9.09e-07
 1.42485e+16	9.98e-01	2.05e-03	8.18e-07
 1.43499e+16	9.98e-01	1.94e-03	7.36e-07
 1.44533e+16	9.98e-01	1.84e-03	6.61e-07
 1.45588e+16	9.98e-01	1.74e-03	5.92e-07
 1.46665e+16	9.98e-01	1.64e-03	5.30e-07
 1.47763e+16	9.98e-01	1.55e-03	4.74e-07
 1.48883e+16	9.99e-01	1.47e-03	4.24e-07
 1.50026e+16	9.99e-01	1.39e-03	3.78e-07
 1.51194e+16	9.99e-01	1.31e-03	3.36e-07
 1.52386e+16	9.99e-01	1.23e-03	2.99e-07
 1.53605e+16	9.99e-01	1.16e-03	2.65e-07
 1.54852e+16	9.99e-01	1.09e-03	2.35e-07
 1.56129e+16	9.99e-01	1.02e-03	2.08e-07
 1.57435e+16	9.99e-01	9.62e-04	1.83e-07
 1.58775e+16	9.99e-01	9.02e-04	1.61e-07
 1.60148e+16	9.99e-01	8.45e-04	1.42e-07
 1.61559e+16	9.99e-01	7.90e-04	1.24e-07
 1.63008e+16	9.99e-01	7.37e-04	1.08e-07
 1.64498e+16	9.99e-01	6.88e-04	9.40e-08
 1.66031e+16	9.99e-01	6.40e-04	8.16e-08
 1.67604e+16	9.99e-01	5.96e-04	7.08e-08
 1.69200e+16	9.99e-01	5.54e-04	6.12e-08
 1.70854e+16	9.99e-01	5.13e-04	5.26e-08
 1.72606e+16	1.00e+00	4.74e-04	4.48e-08
 1.74434e+16	1.00e+00	4.36e-04	3.80e-08
 1.76326e+16	1.00e+00	4.00e-04	3.21e-08
 1.78292e+16	1.00e+00	3.67e-04	2.69e-08
 1.80349e+16	1.00e+00	3.34e-04	2.24e-08
 1.82509e+16	1.00e+00	3.04e-04	1.85e-08
 1.84783e+16	1.00e+00	2.75e-04	1.52e-08
 1.87191e+16	1.00e+00	2.47e-04	1.23e-08
 1.89772e+16	1.00e+00	2.21e-04	9.82e-09
 1.92491e+16	1.00e+00	1.96e-04	7.77e-09
 1.95395e+16	1.00e+00	1.73e-04	6.05e-09
 1.98580e+16	1.00e+00	1.51e-04	4.60e-09
 2.02048e+16	1.00e+00	1.30e-04	3.43e-09
 2.05850e+16	1.00e+00	1.11e-04	2.49e-09
 2.10088e+16	1.00e+00	9.29e-05	1.75e-09
 2.14900e+16	1.00e+00	7.61e-05	1.17e-09
 2.20496e+16	1.00e+00	6.05e-05	7.42e-10
 2.26647e+16	1.00e+00	4.74e-05	4.56e-10
 2.32817e+16	1.00e+00	3.73e-05	2.83e-10
 2.38869e+16	1.00e+00	2.96e-05	1.78e-10
 2.44928e+16	1.00e+00	2.35e-05	1.13e-10
 2.51098e+16	1.00e+00	1.87e-05	7.17e-11
 2.57398e+16	1.00e+00	1.49e-05	4.54e-11
 2.63823e+16	1.00e+00	1.18e-05	2.87e-11
 2.70341e+16	1.00e+00	9.44e-06	1.83e-11
 2.76977e+16	1.00e+00	7.52e-06	1.16e-11
 2.83763e+16	1.00e+00	5.99e-06	7.37e-12
 2.90702e+16	1.00e+00	4.77e-06	4.67e-12
 2.97800e+16	1.00e+00	3.79e-06	2.96e-12
 3.05040e+16	1.00e+00	3.01e-06	1.87e-12
 3.12449e+16	1.00e+00	2.39e-06	1.18e-12
 3.20067e+16	1.00e+00	1.90e-06	7.44e-13
 3.27890e+16	1.00e+00	1.50e-06	4.67e-13
 3.35951e+16	1.00e+00	1.19e-06	2.92e-13
 3.44306e+16	1.00e+00	9.33e-07	1.81e-13
 3.52988e+16	1.00e+00	7.30e-07	1.11e-13
 3.62028e+16	1.00e+00	5.69e-07	6.73e-14
 3.71525e+16	1.00e+00	4.40e-07	4.02e-14
 3.81613e+16	1.00e+00	3.36e-07	2.36e-14
 3.92209e+16	1.00e+00	2.55e-07	1.36e-14
 4.02979e+16	1.00e+00	1.95e-07	7.91e-15
 4.13624e+16	1.00e+00	1.50e-07	4.68e-15
 4.24081e+16	1.00e+00	1.16e-07	2.82e-15
 4.34408e+16	1.00e+00	9.08e-08	1.73e-15
 4.44595e+16	1.00e+00	7.16e-08	1.08e-15
 4.54581e+16	1.00e+00	5.69e-08	6.83e-16
 4.64326e+16	1.00e+00	4.58e-08	4.41e-16
 4.73793e+16	1.00e+00	3.71e-08	2.91e-16
 4.82953e+16	1.00e+00	3.04e-08	1.96e-16
 4.91815e+16	1.00e+00	2.52e-08	1.34e-16
 5.00361e+16	1.00e+00	2.10e-08	9.35e-17
 5.08572e+16	1.00e+00	1.77e-08	6.66e-17
 5.16448e+16	1.00e+00	1.51e-08	4.83e-17
 5.23990e+16	1.00e+00	1.29e-08	3.56e-17
 5.31202e+16	1.00e+00	1.12e-08	2.67e-17
 5.38090e+16	1.00e+00	9.77e-09	2.03e-17
 5.44659e+16	1.00e+00	8.59e-09	1.58e-17
 5.50923e+16	1.00e+00	7.61e-09	1.24e-17
 5.56894e+16	1.00e+00	6.78e-09	9.84e-18
 5.62581e+16	1.00e+00	6.09e-09	7.93e-18
 5.67994e+16	1.00e+00	5.50e-09	6.48e-18
 5.73144e+16	1.00e+00	4.99e-09	5.34e-18
 5.78042e+16	1.00e+00	4.56e-09	4.46e-18
 5.82702e+16	1.00e+00	4.18e-09	3.76e-18
 5.87136e+16	1.00e+00	3.85e-09	3.20e-18
 5.91353e+16	1.00e+00	3.57e-09	2.74e-18
 5.95367e+16	1.00e+00	3.32e-09	2.38e-18
 5.99186e+16	1.00e+00	3.10e-09	2.07e-18
 6.02820e+16	1.00e+00	2.90e-09	1.82e-18
 6.06278e+16	1.00e+00	2.73e-09	1.61e-18
 6.09572e+16	1.00e+00	2.58e-09	1.43e-18
 6.12709e+16	1.00e+00	2.44e-09	1.29e-18
 6.15697e+16	1.00e+00	2.31e-09	1.16e-18
 6.18547e+16	1.00e+00	2.20e-09	1.05e-18
 6.21265e+16	1.00e+00	2.10e-09	9.54e-19
 6.23861e+16	1.00e+00	2.01e-09	8.73e-19
 6.26342e+16	1.00e+00	1.92e-09	8.01e-19
 6.28714e+16	1.00e+00	1.85e-09	7.39e-19
 6.30985e+16	1.00e+00	1.77e-09	6.83e-19
 6.33159e+16	1.00e+00	1.71e-09	6.35e-19
 6.35243e+16	1.00e+00	1.65e-09	5.91e-19
 6.37244e+16	1.00e+00	1.59e-09	5.53e-19
 6.39169e+16	1.00e+00	1.54e-09	5.18e-19
 6.41023e+16	1.00e+00	1.50e-09	4.86e-19
 6.42812e+16	1.00e+00	1.45e-09	4.58e-19
 6.44540e+16	1.00e+00	1.41e-09	4.32e-19
 6.46213e+16	1.00e+00	1.37e-09	4.09e-19
 6.47837e+16	1.00e+00	1.33e-09	3.87e-19
 6.49419e+16	1.00e+00	1.30e-09	3.67e-19
 6.50964e+16	1.00e+00	1.26e-09	3.49e-19
 6.52477e+16	1.00e+00	1.23e-09	3.32e-19
 6.53964e+16	1.00e+00	1.20e-09	3.16e-19
 6.55433e+16	1.00e+00	1.17e-09	3.01e-19
 6.56891e+16	1.00e+00	1.15e-09	2.86e-19
 6.58346e+16	1.00e+00	1.12e-09	2.73e-19
 6.59807e+16	1.00e+00	1.09e-09	2.60e-19
 6.61285e+16	1.00e+00	1.06e-09	2.48e-19
 6.62791e+16	1.00e+00	1.04e-09	2.36e-19
 6.64340e+16	1.00e+00	1.01e-09	2.24e-19
 6.65952e+16	1.00e+00	9.85e-10	2.12e-19
 6.67650e+16	1.00e+00	9.58e-10	2.01e-19
 6.69464e+16	1.00e+00	9.30e-10	1.89e-19
 6.71436e+16	1.00e+00	9.00e-10	1.77e-19
 6.73621e+16	1.00e+00	8.68e-10	1.65e-19
 6.76101e+16	1.00e+00	8.33e-10	1.52e-19
 6.78993e+16	1.00e+00	7.94e-10	1.38e-19
 6.82481e+16	1.00e+00	7.49e-10	1.23e-19
 6.86854e+16	1.00e+00	6.97e-10	1.07e-19
 6.92493e+16	1.00e+00	6.35e-10	8.86e-20
 6.99823e+16	1.00e+00	5.63e-10	6.98e-20
 7.09352e+16	1.00e+00	4.83e-10	5.14e-20
 7.21741e+16	1.00e+00	3.96e-10	3.47e-20
 7.37845e+16	1.00e+00	3.08e-10	2.11e-20
 7.58782e+16	1.00e+00	2.24e-10	1.12e-20
 7.84288e+16	1.00e+00	1.54e-10	5.32e-21
 8.12036e+16	1.00e+00	1.04e-10	0.00e+00
 8.40320e+16	1.00e+00	7.08e-11	0.00e+00
 8.68741e+16	1.00e+00	4.86e-11	0.00e+00
 8.97162e+16	1.00e+00	3.36e-11	0.00e+00
 9.27023e+16	1.00e+00	2.30e-11	0.00e+00
 9.58323e+16	1.00e+00	1.57e-11	0.00e+00
 9.89624e+16	1.00e+00	1.08e-11	0.00e+00
 1.02092e+17	1.00e+00	7.50e-12	0.00e+00
 1.05222e+17	1.00e+00	5.26e-12	0.00e+00
 1.08352e+17	1.00e+00	3.73e-12	0.00e+00
 1.11482e+17	1.00e+00	2.67e-12	0.00e+00
 1.14612e+17	1.00e+00	1.92e-12	0.00e+00
 1.17742e+17	1.00e+00	1.40e-12	0.00e+00
 1.20873e+17	1.00e+00	1.03e-12	0.00e+00
 1.24003e+17	1.00e+00	7.64e-13	0.00e+00
 1.27133e+17	1.00e+00	5.72e-13	0.00e+00
 1.30661e+17	1.00e+00	4.15e-13	0.00e+00
 1.34664e+17	1.00e+00	2.92e-13	0.00e+00
 1.38681e+17	1.00e+00	2.09e-13	0.00e+00
 1.42000e+17	1.00e+00	1.61e-13	0.00e+00
 1.44059e+17	1.00e+00	1.39e-13	0.00e+00
 1.45166e+17	1.00e+00	1.29e-13	0.00e+00
 1.45789e+17	1.00e+00	1.24e-13	0.00e+00
 1.46163e+17	1.00e+00	1.21e-13	0.00e+00
 1.46409e+17	1.00e+00	1.19e-13	0.00e+00
 1.46621e+17	1.00e+00	1.17e-13	0.00e+00
 1.46860e+17	1.00e+00	1.15e-13	0.00e+00
 1.47142e+17	1.00e+00	1.13e-13	0.00e+00
 1.47419e+17	1.00e+00	1.11e-13	0.00e+00
 1.47639e+17	1.00e+00	1.09e-13	0.00e+00
 1.47819e+17	1.00e+00	1.08e-13	0.00e+00
 1.47997e+17	1.00e+00	1.07e-13	0.00e+00
 1.48183e+17	1.00e+00	1.05e-13	0.00e+00
 1.48370e+17	1.00e+00	1.04e-13	0.00e+00
 1.48539e+17	1.00e+00	1.03e-13	0.00e+00
 1.48684e+17	1.00e+00	1.02e-13	0.00e+00
 1.48815e+17	1.00e+00	1.01e-13	0.00e+00
 1.48949e+17	1.00e+00	9.97e-14	0.00e+00
 1.49087e+17	1.00e+00	9.88e-14	0.00e+00
 1.49220e+17	1.00e+00	9.78e-14	0.00e+00
 1.49341e+17	1.00e+00	9.70e-14	0.00e+00
 1.49452e+17	1.00e+00	9.62e-14	0.00e+00
 1.49557e+17	1.00e+00	9.55e-14	0.00e+00
 1.49662e+17	1.00e+00	9.48e-14	0.00e+00
 1.49767e+17	1.00e+00	9.41e-14	0.00e+00
 1.49869e+17	1.00e+00	9.34e-14	0.00e+00
 1.49968e+17	1.00e+00	9.27e-14	0.00e+00
 1.50063e+17	1.00e+00	9.21e-14	0.00e+00
 1.50151e+17	1.00e+00	9.15e-14	0.00e+00
 1.50235e+17	1.00e+00	9.10e-14	0.00e+00
 1.50323e+17	1.00e+00	9.04e-14	0.00e+00
 1.50416e+17	1.00e+00	8.97e-14	0.00e+00
 1.50505e+17	1.00e+00	8.91e-14	0.00e+00
 1.50588e+17	1.00e+00	8.86e-14	0.00e+00
 1.50671e+17	1.00e+00	8.80e-14	0.00e+00
 1.50756e+17	1.00e+00	8.74e-14	0.00e+00
 1.50838e+17	1.00e+00	8.69e-14	0.00e+00
 1.50918e+17	1.00e+00	8.64e-14	0.00e+00
 1.51002e+17	1.00e+00	8.58e-14	0.00e+00
 1.51090e+17	1.00e+00	8.52e-14	0.00e+00
 1.51175e+17	1.00e+00	8.46e-14	0.00e+00
 1.51257e+17	1.00e+00	8.41e-14	0.00e+00
 1.51342e+17	1.00e+00	8.35e-14	0.00e+00
 1.51430e+17	1.00e+00	8.29e-14	0.00e+00
 1.51521e+17	1.00e+00	8.23e-14	0.00e+00
 1.51611e+17	1.00e+00	8.17e-14	0.00e+00
 1.51700e+17	1.00e+00	8.11e-14	0.00e+00
 1.51791e+17	1.00e+00	8.05e-14	0.00e+00
 1.51884e+17	1.00e+00	7.99e-14	0.00e+00
 1.51985e+17	1.00e+00	7.92e-14	0.00e+00
 1.52094e+17	1.00e+00	7.84e-14	0.00e+00
 1.52198e+17	1.00e+00	7.77e-14	0.00e+00
 1.52293e+17	1.00e+00	7.72e-14	0.00e+00
 1.52391e+17	1.00e+00	7.66e-14	0.00e+00
 1.52505e+17	1.00e+00	7.58e-14	0.00e+00
 1.52624e+17	1.00e+00	7.50e-14	0.00e+00
 1.52736e+17	1.00e+00	7.43e-14	0.00e+00
 1.52845e+17	1.00e+00	7.36e-14	0.00e+00
 1.52960e+17	1.00e+00	7.29e-14	0.00e+00
 1.53089e+17	1.00e+00	7.21e-14	0.00e+00
 1.53225e+17	1.00e+00	7.12e-14	0.00e+00
 1.53357e+17	1.00e+00	7.04e-14	0.00e+00
 1.53482e+17	1.00e+00	6.96e-14	0.00e+00
 1.53614e+17	1.00e+00	6.88e-14	0.00e+00
 1.53750e+17	1.00e+00	6.80e-14	0.00e+00
 1.53894e+17	1.00e+00	6.71e-14	0.00e+00
 1.54055e+17	1.00e+00	6.62e-14	0.00e+00
 1.54218e+17	1.00e+00	6.52e-14	0.00e+00
 1.54373e+17	1.00e+00	6.43e-14	0.00e+00
 1.54525e+17	1.00e+00	6.34e-14	0.00e+00
 1.54686e+17	1.00e+00	6.25e-14	0.00e+00
 1.54862e+17	1.00e+00	6.15e-14	0.00e+00
 1.55051e+17	1.00e+00	6.05e-14	0.00e+00
 1.55239e+17	1.00e+00	5.94e-14	0.00e+00
 1.55423e+17	1.00e+00	5.84e-14	0.00e+00
 1.55609e+17	1.00e+00	5.74e-14	0.00e+00
 1.55806e+17	1.00e+00	5.64e-14	0.00e+00
 1.56021e+17	1.00e+00	5.53e-14	0.00e+00
 1.56239e+17	1.00e+00	5.42e-14	0.00e+00
 1.56457e+17	1.00e+00	5.30e-14	0.00e+00
 1.56679e+17	1.00e+00	5.20e-14	0.00e+00
 1.56906e+17	1.00e+00	5.08e-14	0.00e+00
 1.57145e+17	1.00e+00	4.97e-14	0.00e+00
 1.57398e+17	1.00e+00	4.85e-14	0.00e+00
 1.57653e+17	1.00e+00	4.73e-14	0.00e+00
 1.57905e+17	1.00e+00	4.62e-14	0.00e+00
 1.58169e+17	1.00e+00	4.50e-14	0.00e+00
 1.58447e+17	1.00e+00	4.38e-14	0.00e+00
 1.58735e+17	1.00e+00	4.25e-14	0.00e+00
 1.59025e+17	1.00e+00	4.13e-14	0.00e+00
 1.59318e+17	1.00e+00	4.01e-14	0.00e+00
 1.59621e+17	1.00e+00	3.89e-14	0.00e+00
 1.59934e+17	1.00e+00	3.77e-14	0.00e+00
 1.60261e+17	1.00e+00	3.65e-14	0.00e+00
 1.60600e+17	1.00e+00	3.52e-14	0.00e+00
 1.60939e+17	1.00e+00	3.40e-14	0.00e+00
 1.61278e+17	1.00e+00	3.29e-14	0.00e+00
 1.61641e+17	1.00e+00	3.16e-14	0.00e+00
 1.62027e+17	1.00e+00	3.04e-14	0.00e+00
 1.62410e+17	1.00e+00	2.92e-14	0.00e+00
 1.62784e+17	1.00e+00	2.81e-14	0.00e+00
 1.63186e+17	1.00e+00	2.69e-14	0.00e+00
 1.63631e+17	1.00e+00	2.57e-14	0.00e+00
 1.64079e+17	1.00e+00	2.44e-14	0.00e+00
 1.64508e+17	1.00e+00	2.34e-14	0.00e+00
 1.64946e+17	1.00e+00	2.23e-14	0.00e+00
 1.65415e+17	1.00e+00	2.12e-14	0.00e+00
 1.65916e+17	1.00e+00	2.01e-14	0.00e+00
 1.66432e+17	1.00e+00	1.90e-14	0.00e+00
 1.66953e+17	1.00e+00	1.80e-14	0.00e+00
 1.67495e+17	1.00e+00	1.70e-14	0.00e+00
 1.68055e+17	1.00e+00	1.60e-14	0.00e+00
 1.68654e+17	1.00e+00	1.50e-14	0.00e+00
 1.69282e+17	1.00e+00	1.41e-14	0.00e+00
 1.69874e+17	1.00e+00	1.32e-14	0.00e+00
 1.70390e+17	1.00e+00	1.25e-14	0.00e+00
 1.70847e+17	1.00e+00	1.19e-14	0.00e+00
 1.71285e+17	1.00e+00	1.14e-14	0.00e+00
 1.71723e+17	1.00e+00	1.09e-14	0.00e+00
 1.72153e+17	1.00e+00	1.04e-14	0.00e+00
 1.72555e+17	1.00e+00	9.95e-15	0.00e+00
 1.72924e+17	1.00e+00	9.56e-15	0.00e+00
 1.73267e+17	1.00e+00	9.21e-15	0.00e+00
 1.73593e+17	1.00e+00	8.87e-15	0.00e+00
 1.73905e+17	1.00e+00	8.57e-15	0.00e+00
 1.74199e+17	1.00e+00	8.29e-15	0.00e+00
 1.74476e+17	1.00e+00	8.04e-15	0.00e+00
 1.74735e+17	1.00e+00	7.80e-15	0.00e+00
 1.74982e+17	1.00e+00	7.58e-15	0.00e+00
 1.75219e+17	1.00e+00	7.38e-15	0.00e+00
 1.75447e+17	1.00e+00	7.19e-15	0.00e+00
 1.75666e+17	1.00e+00	7.01e-15	0.00e+00
 1.75875e+17	1.00e+00	6.84e-15	0.00e+00
 1.76076e+17	1.00e+00	6.68e-15	0.00e+00
 1.76271e+17	1.00e+00	6.53e-15	0.00e+00
 1.76460e+17	1.00e+00	6.38e-15	0.00e+00
 1.76645e+17	1.00e+00	6.25e-15	0.00e+00
 1.76825e+17	1.00e+00	6.12e-15	0.00e+00
 1.77000e+17	1.00e+00	6.00e-15	0.00e+00
 1.77171e+17	1.00e+00	5.88e-15	0.00e+00
 1.77340e+17	1.00e+00	5.77e-15	0.00e+00
 1.77505e+17	1.00e+00	5.66e-15	0.00e+00
 1.77667e+17	1.00e+00	5.55e-15	0.00e+00
 1.77826e+17	1.00e+00	5.45e-15	0.00e+00
 1.77983e+17	1.00e+00	5.36e-15	0.00e+00
 1.78162e+17	1.00e+00	5.25e-15	0.00e+00
 1.78395e+17	1.00e+00	5.12e-15	0.00e+00
 1.78698e+17	1.00e+00	4.96e-15	0.00e+00
 1.79092e+17	1.00e+00	4.75e-15	0.00e+00
 1.79603e+17	1.00e+00	4.49e-15	0.00e+00
 1.80248e+17	1.00e+00	4.20e-15	0.00e+00
 1.80945e+17	1.00e+00	3.90e-15	0.00e+00
 1.81572e+17	1.00e+00	3.65e-15	0.00e+00
 1.82107e+17	1.00e+00	3.46e-15	0.00e+00
 1.82607e+17	1.00e+00	3.29e-15	0.00e+00
 1.83135e+17	1.00e+00	3.12e-15	0.00e+00
 1.83706e+17	1.00e+00	2.95e-15	0.00e+00
 1.84293e+17	1.00e+00	2.79e-15	0.00e+00
 1.84867e+17	1.00e+00	2.64e-15	0.00e+00
 1.85427e+17	1.00e+00	2.51e-15	0.00e+00
 1.85998e+17	1.00e+00	2.38e-15	0.00e+00
 1.86602e+17	1.00e+00	2.25e-15	0.00e+00
 1.87247e+17	1.00e+00	2.12e-15	0.00e+00
 1.87928e+17	1.00e+00	2.00e-15	0.00e+00
 1.88649e+17	1.00e+00	1.87e-15	0.00e+00
 1.89433e+17	1.00e+00	1.75e-15	0.00e+00
 1.90321e+17	1.00e+00	1.62e-15	0.00e+00
 1.91376e+17	1.00e+00	1.48e-15	0.00e+00
 1.92696e+17	1.00e+00	1.32e-15	0.00e+00
 1.94401e+17	1.00e+00	1.14e-15	0.00e+00
 1.96619e+17	1.00e+00	9.51e-16	0.00e+00
 1.99501e+17	1.00e+00	7.52e-16	0.00e+00
 2.03249e+17	1.00e+00	5.57e-16	0.00e+00
 2.08120e+17	1.00e+00	3.81e-16	0.00e+00
 2.14453e+17	1.00e+00	2.34e-16	0.00e+00
 2.22393e+17	1.00e+00	1.30e-16	0.00e+00
 2.31289e+17	1.00e+00	6.79e-17	0.00e+00
 2.39716e+17	1.00e+00	3.74e-17	0.00e+00
 2.46843e+17	1.00e+00	2.27e-17	0.00e+00
 2.53066e+17	1.00e+00	1.47e-17	0.00e+00
 2.59938e+17	1.00e+00	8.79e-18	0.00e+00
 2.67661e+17	1.00e+00	5.11e-18	0.00e+00
 2.74642e+17	1.00e+00	3.14e-18	0.00e+00
 2.80562e+17	1.00e+00	2.02e-18	0.00e+00
 2.86638e+17	1.00e+00	1.30e-18	0.00e+00
 2.92817e+17	1.00e+00	8.28e-19	0.00e+00
 2.97424e+17	1.00e+00	5.87e-19	0.00e+00
 3.00188e+17	1.00e+00	4.74e-19	0.00e+00
 3.01847e+17	1.00e+00	4.16e-19	0.00e+00
 3.02842e+17	1.00e+00	3.83e-19	0.00e+00
 3.03439e+17	1.00e+00	3.65e-19	0.00e+00
 3.03797e+17	1.00e+00	3.54e-19	0.00e+00
 3.04056e+17	1.00e+00	3.47e-19	0.00e+00
 3.04343e+17	1.00e+00	3.38e-19	0.00e+00
 3.04717e+17	1.00e+00	3.28e-19	0.00e+00
 3.05182e+17	1.00e+00	3.15e-19	0.00e+00
 3.05673e+17	1.00e+00	3.02e-19	0.00e+00
 3.06087e+17	1.00e+00	2.91e-19	0.00e+00
 3.06408e+17	1.00e+00	2.83e-19	0.00e+00
 3.06701e+17	1.00e+00	2.76e-19	0.00e+00
 3.07041e+17	1.00e+00	2.68e-19	0.00e+00
 3.07461e+17	1.00e+00	2.58e-19	0.00e+00
 3.07905e+17	1.00e+00	2.48e-19	0.00e+00
 3.08285e+17	1.00e+00	2.39e-19	0.00e+00
 3.08584e+17	1.00e+00	2.33e-19	0.00e+00
 3.08855e+17	1.00e+00	2.27e-19	0.00e+00
 3.09165e+17	1.00e+00	2.20e-19	0.00e+00
 3.09539e+17	1.00e+00	2.13e-19	0.00e+00
 3.09929e+17	1.00e+00	2.05e-19	0.00e+00
 3.10267e+17	1.00e+00	1.98e-19	0.00e+00
 3.10545e+17	1.00e+00	1.93e-19	0.00e+00
 3.10802e+17	1.00e+00	1.88e-19	0.00e+00
 3.11088e+17	1.00e+00	1.83e-19	0.00e+00
 3.11421e+17	1.00e+00	1.77e-19	0.00e+00
 3.11769e+17	1.00e+00	1.71e-19	0.00e+00
 3.12076e+17	1.00e+00	1.65e-19	0.00e+00
 3.12332e+17	1.00e+00	1.61e-19	0.00e+00
 3.12568e+17	1.00e+00	1.57e-19	0.00e+00
 3.12823e+17	1.00e+00	1.52e-19	0.00e+00
 3.13118e+17	1.00e+00	1.47e-19	0.00e+00
 3.13433e+17	1.00e+00	1.42e-19	0.00e+00
 3.13720e+17	1.00e+00	1.38e-19	0.00e+00
 3.13962e+17	1.00e+00	1.34e-19	0.00e+00
 3.14179e+17	1.00e+00	1.30e-19	0.00e+00
 3.14410e+17	1.00e+00	1.27e-19	0.00e+00
 3.14677e+17	1.00e+00	1.23e-19	0.00e+00
