#depth	O	O+	O+2	O+3	O+4	O+5	O+6	O+7	O+8	O[1]	O[2]	O[3]
 1.49634e+10	0.00e+00	0.00e+00	4.62e-30	1.02e-21	3.25e-14	1.32e-07	1.00e+00	0.00e+00	0.00e+00	0.00e+00	0.00e+00	0.00e+00
 4.54887e+10	0.00e+00	3.90e-39	6.44e-30	1.31e-21	3.86e-14	1.45e-07	1.00e+00	5.40e-08	0.00e+00	0.00e+00	0.00e+00	0.00e+00
 7.72350e+10	0.00e+00	0.00e+00	8.98e-30	1.69e-21	4.59e-14	1.58e-07	1.00e+00	0.00e+00	0.00e+00	0.00e+00	0.00e+00	0.00e+00
 1.10251e+11	0.00e+00	8.91e-39	1.25e-29	2.18e-21	5.47e-14	1.73e-07	1.00e+00	0.00e+00	0.00e+00	0.00e+00	0.00e+00	0.00e+00
 1.42555e+11	0.00e+00	0.00e+00	1.71e-29	2.77e-21	6.43e-14	1.88e-07	1.00e+00	0.00e+00	0.00e+00	0.00e+00	0.00e+00	0.00e+00
 1.76152e+11	0.00e+00	1.94e-38	2.35e-29	3.53e-21	7.61e-14	2.04e-07	1.00e+00	0.00e+00	0.00e+00	0.00e+00	0.00e+00	0.00e+00
 2.12325e+11	0.00e+00	0.00e+00	3.27e-29	4.54e-21	9.04e-14	2.23e-07	1.00e+00	0.00e+00	0.00e+00	0.00e+00	0.00e+00	0.00e+00
 2.48090e+11	0.00e+00	4.27e-38	4.45e-29	5.76e-21	1.06e-13	2.43e-07	1.00e+00	0.00e+00	0.00e+00	0.00e+00	0.00e+00	0.00e+00
 2.86085e+11	0.00e+00	0.00e+00	6.14e-29	7.37e-21	1.26e-13	2.65e-07	1.00e+00	0.00e+00	0.00e+00	0.00e+00	0.00e+00	0.00e+00
 3.27455e+11	0.00e+00	9.59e-38	8.59e-29	9.53e-21	1.51e-13	2.91e-07	1.00e+00	0.00e+00	0.00e+00	0.00e+00	0.00e+00	0.00e+00
 3.70480e+11	0.00e+00	0.00e+00	1.20e-28	1.23e-20	1.81e-13	3.19e-07	1.00e+00	0.00e+00	0.00e+00	0.00e+00	0.00e+00	0.00e+00
 4.13168e+11	0.00e+00	2.15e-37	1.65e-28	1.58e-20	2.15e-13	3.49e-07	1.00e+00	0.00e+00	0.00e+00	0.00e+00	0.00e+00	0.00e+00
 4.57564e+11	0.00e+00	0.00e+00	2.28e-28	2.02e-20	2.55e-13	3.81e-07	1.00e+00	0.00e+00	0.00e+00	0.00e+00	0.00e+00	0.00e+00
 5.05794e+11	0.00e+00	4.79e-37	3.18e-28	2.62e-20	3.06e-13	4.19e-07	1.00e+00	0.00e+00	0.00e+00	0.00e+00	0.00e+00	0.00e+00
 5.55952e+11	0.00e+00	0.00e+00	4.44e-28	3.39e-20	3.66e-13	4.60e-07	1.00e+00	0.00e+00	0.00e+00	0.00e+00	0.00e+00	0.00e+00
 6.08117e+11	0.00e+00	1.08e-36	6.19e-28	4.39e-20	4.39e-13	5.06e-07	1.00e+00	0.00e+00	0.00e+00	0.00e+00	0.00e+00	0.00e+00
 6.62368e+11	0.00e+00	0.00e+00	8.63e-28	5.68e-20	5.27e-13	5.57e-07	1.00e+00	0.00e+00	0.00e+00	0.00e+00	0.00e+00	0.00e+00
 7.18790e+11	0.00e+00	2.43e-36	1.20e-27	7.36e-20	6.33e-13	6.13e-07	1.00e+00	0.00e+00	0.00e+00	0.00e+00	0.00e+00	0.00e+00
 7.69935e+11	1.20e-45	3.45e-36	1.60e-27	9.22e-20	7.43e-13	6.67e-07	1.00e+00	0.00e+00	0.00e+00	0.00e+00	0.00e+00	0.00e+00
 8.12741e+11	0.00e+00	0.00e+00	2.02e-27	1.11e-19	8.46e-13	7.14e-07	1.00e+00	0.00e+00	0.00e+00	0.00e+00	0.00e+00	0.00e+00
 8.59717e+11	0.00e+00	6.19e-36	2.59e-27	1.34e-19	9.72e-13	7.69e-07	1.00e+00	0.00e+00	0.00e+00	0.00e+00	0.00e+00	0.00e+00
 9.18958e+11	3.72e-45	8.92e-36	3.50e-27	1.70e-19	1.15e-12	8.41e-07	1.00e+00	0.00e+00	0.00e+00	0.00e+00	0.00e+00	0.00e+00
 9.80622e+11	0.00e+00	0.00e+00	4.73e-27	2.15e-19	1.36e-12	9.20e-07	1.00e+00	0.00e+00	0.00e+00	0.00e+00	0.00e+00	0.00e+00
 1.03347e+12	0.00e+00	1.73e-35	6.06e-27	2.62e-19	1.57e-12	9.92e-07	1.00e+00	0.00e+00	0.00e+00	0.00e+00	0.00e+00	0.00e+00
 1.08839e+12	1.17e-44	2.34e-35	7.78e-27	3.19e-19	1.81e-12	1.07e-06	1.00e+00	0.00e+00	0.00e+00	0.00e+00	0.00e+00	0.00e+00
 1.15678e+12	0.00e+00	0.00e+00	1.05e-26	4.04e-19	2.14e-12	1.17e-06	1.00e+00	0.00e+00	0.00e+00	0.00e+00	0.00e+00	0.00e+00
 1.22605e+12	0.00e+00	4.75e-35	1.40e-26	5.08e-19	2.53e-12	1.28e-06	1.00e+00	0.00e+00	0.00e+00	0.00e+00	0.00e+00	0.00e+00
 1.28641e+12	3.84e-44	6.35e-35	1.78e-26	6.16e-19	2.90e-12	1.38e-06	1.00e+00	0.00e+00	0.00e+00	0.00e+00	0.00e+00	0.00e+00
 1.35181e+12	0.00e+00	8.62e-35	2.30e-26	7.53e-19	3.36e-12	1.49e-06	1.00e+00	0.00e+00	0.00e+00	0.00e+00	0.00e+00	0.00e+00
 1.43152e+12	8.40e-44	1.23e-34	3.10e-26	9.54e-19	3.99e-12	1.64e-06	1.00e+00	0.00e+00	0.00e+00	0.00e+00	0.00e+00	0.00e+00
 1.51264e+12	0.00e+00	1.74e-34	4.14e-26	1.20e-18	4.71e-12	1.79e-06	1.00e+00	0.00e+00	0.00e+00	0.00e+00	0.00e+00	0.00e+00
 1.58699e+12	1.82e-43	2.36e-34	5.34e-26	1.47e-18	5.46e-12	1.94e-06	1.00e+00	0.00e+00	0.00e+00	0.00e+00	0.00e+00	0.00e+00
 1.66974e+12	0.00e+00	3.28e-34	7.02e-26	1.83e-18	6.39e-12	2.11e-06	1.00e+00	0.00e+00	0.00e+00	0.00e+00	0.00e+00	0.00e+00
 1.76581e+12	4.11e-43	4.72e-34	9.51e-26	2.33e-18	7.61e-12	2.32e-06	1.00e+00	0.00e+00	0.00e+00	0.00e+00	0.00e+00	0.00e+00
 1.86069e+12	0.00e+00	6.65e-34	1.27e-25	2.94e-18	8.98e-12	2.54e-06	1.00e+00	0.00e+00	0.00e+00	0.00e+00	0.00e+00	0.00e+00
 1.95150e+12	8.95e-43	9.13e-34	1.65e-25	3.63e-18	1.05e-11	2.76e-06	1.00e+00	0.00e+00	0.00e+00	0.00e+00	0.00e+00	0.00e+00
 2.05162e+12	0.00e+00	1.28e-33	2.19e-25	4.54e-18	1.23e-11	3.02e-06	1.00e+00	0.00e+00	0.00e+00	0.00e+00	0.00e+00	0.00e+00
 2.16362e+12	2.03e-42	1.83e-33	2.96e-25	5.77e-18	1.46e-11	3.32e-06	1.00e+00	0.00e+00	0.00e+00	0.00e+00	0.00e+00	0.00e+00
 2.26538e+12	0.00e+00	2.51e-33	3.85e-25	7.12e-18	1.70e-11	3.60e-06	1.00e+00	0.00e+00	0.00e+00	0.00e+00	0.00e+00	0.00e+00
 2.35095e+12	3.98e-42	3.24e-33	4.77e-25	8.44e-18	1.92e-11	3.85e-06	1.00e+00	0.00e+00	0.00e+00	0.00e+00	0.00e+00	0.00e+00
 2.44501e+12	0.00e+00	4.25e-33	5.99e-25	1.01e-17	2.18e-11	4.13e-06	1.00e+00	0.00e+00	0.00e+00	0.00e+00	0.00e+00	0.00e+00
 2.55118e+12	7.78e-42	5.73e-33	7.69e-25	1.23e-17	2.52e-11	4.46e-06	1.00e+00	0.00e+00	0.00e+00	0.00e+00	0.00e+00	0.00e+00
 2.65283e+12	0.00e+00	7.55e-33	9.69e-25	1.48e-17	2.87e-11	4.79e-06	1.00e+00	0.00e+00	0.00e+00	0.00e+00	0.00e+00	0.00e+00
 2.76471e+12	1.52e-41	1.01e-32	1.24e-24	1.80e-17	3.30e-11	5.16e-06	1.00e+00	0.00e+00	0.00e+00	0.00e+00	0.00e+00	0.00e+00
 2.88897e+12	0.00e+00	1.39e-32	1.61e-24	2.23e-17	3.82e-11	5.60e-06	1.00e+00	0.00e+00	0.00e+00	0.00e+00	0.00e+00	0.00e+00
 3.00540e+12	3.09e-41	1.85e-32	2.05e-24	2.69e-17	4.37e-11	6.02e-06	1.00e+00	0.00e+00	0.00e+00	0.00e+00	0.00e+00	0.00e+00
 3.13283e+12	0.00e+00	2.51e-32	2.64e-24	3.29e-17	5.04e-11	6.50e-06	1.00e+00	0.00e+00	0.00e+00	0.00e+00	0.00e+00	0.00e+00
 3.27614e+12	6.49e-41	3.48e-32	3.47e-24	4.09e-17	5.88e-11	7.07e-06	1.00e+00	0.00e+00	0.00e+00	0.00e+00	0.00e+00	0.00e+00
 3.41303e+12	0.00e+00	4.73e-32	4.48e-24	5.00e-17	6.76e-11	7.62e-06	1.00e+00	0.00e+00	0.00e+00	0.00e+00	0.00e+00	0.00e+00
 3.56317e+12	1.36e-40	6.51e-32	5.85e-24	6.18e-17	7.86e-11	8.27e-06	1.00e+00	0.00e+00	0.00e+00	0.00e+00	0.00e+00	0.00e+00
 3.72203e+12	0.00e+00	9.04e-32	7.70e-24	7.68e-17	9.15e-11	8.98e-06	1.00e+00	0.00e+00	0.00e+00	0.00e+00	0.00e+00	0.00e+00
 3.86085e+12	2.76e-40	1.19e-31	9.70e-24	9.22e-17	1.04e-10	9.63e-06	1.00e+00	0.00e+00	0.00e+00	0.00e+00	0.00e+00	0.00e+00
 4.00917e+12	0.00e+00	1.59e-31	1.23e-23	1.11e-16	1.19e-10	1.03e-05	1.00e+00	0.00e+00	0.00e+00	0.00e+00	0.00e+00	0.00e+00
 4.18982e+12	5.82e-40	2.24e-31	1.64e-23	1.39e-16	1.38e-10	1.12e-05	1.00e+00	0.00e+00	0.00e+00	0.00e+00	0.00e+00	0.00e+00
 4.37028e+12	0.00e+00	3.10e-31	2.15e-23	1.73e-16	1.61e-10	1.22e-05	1.00e+00	0.00e+00	0.00e+00	0.00e+00	0.00e+00	0.00e+00
 4.52937e+12	1.18e-39	4.10e-31	2.71e-23	2.07e-16	1.83e-10	1.30e-05	1.00e+00	0.00e+00	0.00e+00	0.00e+00	0.00e+00	0.00e+00
 4.70294e+12	0.00e+00	5.52e-31	3.46e-23	2.51e-16	2.09e-10	1.40e-05	1.00e+00	0.00e+00	0.00e+00	0.00e+00	0.00e+00	0.00e+00
 4.91203e+12	2.51e-39	7.78e-31	4.61e-23	3.14e-16	2.44e-10	1.52e-05	1.00e+00	0.00e+00	0.00e+00	0.00e+00	0.00e+00	0.00e+00
 5.12149e+12	0.00e+00	1.08e-30	6.07e-23	3.91e-16	2.83e-10	1.65e-05	1.00e+00	0.00e+00	0.00e+00	0.00e+00	0.00e+00	0.00e+00
 5.31196e+12	5.24e-39	1.45e-30	7.74e-23	4.73e-16	3.23e-10	1.77e-05	1.00e+00	0.00e+00	0.00e+00	0.00e+00	0.00e+00	0.00e+00
 5.52356e+12	0.00e+00	2.00e-30	1.01e-22	5.80e-16	3.72e-10	1.91e-05	1.00e+00	0.00e+00	0.00e+00	0.00e+00	0.00e+00	0.00e+00
 5.77099e+12	1.16e-38	2.85e-30	1.35e-22	7.30e-16	4.36e-10	2.08e-05	1.00e+00	0.00e+00	0.00e+00	0.00e+00	0.00e+00	0.00e+00
 6.01517e+12	0.00e+00	4.00e-30	1.79e-22	9.09e-16	5.07e-10	2.26e-05	1.00e+00	0.00e+00	0.00e+00	0.00e+00	0.00e+00	0.00e+00
 6.24579e+12	2.49e-38	5.45e-30	2.31e-22	1.11e-15	5.81e-10	2.43e-05	1.00e+00	0.00e+00	0.00e+00	0.00e+00	0.00e+00	0.00e+00
 6.50221e+12	0.00e+00	7.62e-30	3.04e-22	1.38e-15	6.73e-10	2.62e-05	1.00e+00	0.00e+00	0.00e+00	0.00e+00	0.00e+00	0.00e+00
 6.79223e+12	5.67e-38	1.10e-29	4.11e-22	1.74e-15	7.90e-10	2.86e-05	1.00e+00	0.00e+00	0.00e+00	0.00e+00	0.00e+00	0.00e+00
 7.08348e+12	0.00e+00	1.56e-29	5.50e-22	2.18e-15	9.22e-10	3.10e-05	1.00e+00	0.00e+00	0.00e+00	0.00e+00	0.00e+00	0.00e+00
 7.38638e+12	1.31e-37	2.23e-29	7.36e-22	2.73e-15	1.08e-09	3.36e-05	1.00e+00	0.00e+00	0.00e+00	0.00e+00	0.00e+00	0.00e+00
 7.71176e+12	0.00e+00	3.21e-29	9.95e-22	3.45e-15	1.26e-09	3.66e-05	1.00e+00	0.00e+00	0.00e+00	0.00e+00	0.00e+00	0.00e+00
 8.05016e+12	3.13e-37	4.65e-29	1.35e-21	4.36e-15	1.48e-09	3.98e-05	1.00e+00	0.00e+00	0.00e+00	0.00e+00	0.00e+00	0.00e+00
 8.38315e+12	0.00e+00	6.60e-29	1.79e-21	5.45e-15	1.72e-09	4.30e-05	1.00e+00	0.00e+00	0.00e+00	0.00e+00	0.00e+00	0.00e+00
 8.69281e+12	6.86e-37	9.03e-29	2.32e-21	6.64e-15	1.97e-09	4.62e-05	1.00e+00	0.00e+00	0.00e+00	0.00e+00	0.00e+00	0.00e+00
 8.97224e+12	0.00e+00	1.19e-28	2.91e-21	7.91e-15	2.21e-09	4.92e-05	1.00e+00	0.00e+00	0.00e+00	0.00e+00	0.00e+00	0.00e+00
 9.27182e+12	1.34e-36	1.59e-28	3.69e-21	9.48e-15	2.50e-09	5.24e-05	1.00e+00	0.00e+00	0.00e+00	0.00e+00	0.00e+00	0.00e+00
 9.64493e+12	0.00e+00	2.25e-28	4.89e-21	1.18e-14	2.90e-09	5.66e-05	1.00e+00	0.00e+00	0.00e+00	0.00e+00	0.00e+00	0.00e+00
 1.00191e+13	3.02e-36	3.15e-28	6.44e-21	1.46e-14	3.35e-09	6.10e-05	1.00e+00	0.00e+00	0.00e+00	0.00e+00	0.00e+00	0.00e+00
 1.03406e+13	0.00e+00	4.18e-28	8.11e-21	1.74e-14	3.77e-09	6.48e-05	1.00e+00	0.00e+00	0.00e+00	0.00e+00	0.00e+00	0.00e+00
 1.06883e+13	6.00e-36	5.63e-28	1.03e-20	2.09e-14	4.27e-09	6.91e-05	1.00e+00	0.00e+00	0.00e+00	0.00e+00	0.00e+00	0.00e+00
 1.11175e+13	0.00e+00	8.01e-28	1.38e-20	2.60e-14	4.95e-09	7.46e-05	1.00e+00	0.00e+00	0.00e+00	0.00e+00	0.00e+00	0.00e+00
 1.15468e+13	1.37e-35	1.13e-27	1.82e-20	3.22e-14	5.71e-09	8.04e-05	1.00e+00	0.00e+00	0.00e+00	0.00e+00	0.00e+00	0.00e+00
 1.19174e+13	0.00e+00	1.51e-27	2.30e-20	3.84e-14	6.43e-09	8.54e-05	1.00e+00	0.00e+00	0.00e+00	0.00e+00	0.00e+00	0.00e+00
 1.23177e+13	2.78e-35	2.04e-27	2.93e-20	4.63e-14	7.29e-09	9.11e-05	1.00e+00	0.00e+00	0.00e+00	0.00e+00	0.00e+00	0.00e+00
 1.28098e+13	4.25e-35	2.91e-27	3.92e-20	5.78e-14	8.46e-09	9.83e-05	1.00e+00	0.00e+00	0.00e+00	0.00e+00	0.00e+00	0.00e+00
 1.33065e+13	6.45e-35	4.14e-27	5.20e-20	7.16e-14	9.77e-09	1.06e-04	1.00e+00	0.00e+00	0.00e+00	0.00e+00	0.00e+00	0.00e+00
 1.37465e+13	9.27e-35	5.60e-27	6.64e-20	8.62e-14	1.11e-08	1.13e-04	1.00e+00	0.00e+00	0.00e+00	0.00e+00	0.00e+00	0.00e+00
 1.42276e+13	1.36e-34	7.70e-27	8.59e-20	1.05e-13	1.26e-08	1.21e-04	1.00e+00	0.00e+00	0.00e+00	0.00e+00	0.00e+00	0.00e+00
 1.48044e+13	2.11e-34	1.11e-26	1.16e-19	1.31e-13	1.47e-08	1.30e-04	1.00e+00	0.00e+00	0.00e+00	0.00e+00	0.00e+00	0.00e+00
 1.53793e+13	3.23e-34	1.59e-26	1.54e-19	1.63e-13	1.70e-08	1.40e-04	1.00e+00	0.00e+00	0.00e+00	0.00e+00	0.00e+00	0.00e+00
 1.59030e+13	4.71e-34	2.18e-26	1.99e-19	1.98e-13	1.93e-08	1.50e-04	1.00e+00	0.00e+00	0.00e+00	0.00e+00	0.00e+00	0.00e+00
 1.64867e+13	7.06e-34	3.06e-26	2.61e-19	2.43e-13	2.21e-08	1.60e-04	1.00e+00	0.00e+00	0.00e+00	0.00e+00	0.00e+00	0.00e+00
 1.71679e+13	1.11e-33	4.49e-26	3.55e-19	3.06e-13	2.59e-08	1.74e-04	1.00e+00	0.00e+00	0.00e+00	0.00e+00	0.00e+00	0.00e+00
 1.78393e+13	1.72e-33	6.45e-26	4.76e-19	3.82e-13	3.00e-08	1.87e-04	1.00e+00	0.00e+00	0.00e+00	0.00e+00	0.00e+00	0.00e+00
 1.84747e+13	2.56e-33	9.00e-26	6.22e-19	4.67e-13	3.43e-08	2.00e-04	1.00e+00	0.00e+00	0.00e+00	0.00e+00	0.00e+00	0.00e+00
 1.91809e+13	3.93e-33	1.29e-25	8.28e-19	5.80e-13	3.96e-08	2.15e-04	1.00e+00	0.00e+00	0.00e+00	0.00e+00	0.00e+00	0.00e+00
 1.99781e+13	6.24e-33	1.89e-25	1.13e-18	7.34e-13	4.64e-08	2.33e-04	1.00e+00	0.00e+00	0.00e+00	0.00e+00	0.00e+00	0.00e+00
 2.07789e+13	9.79e-33	2.76e-25	1.53e-18	9.21e-13	5.40e-08	2.51e-04	1.00e+00	0.00e+00	0.00e+00	0.00e+00	0.00e+00	0.00e+00
 2.16119e+13	1.53e-32	4.02e-25	2.07e-18	1.16e-12	6.28e-08	2.72e-04	1.00e+00	0.00e+00	0.00e+00	0.00e+00	0.00e+00	0.00e+00
 2.25063e+13	2.44e-32	5.92e-25	2.82e-18	1.46e-12	7.35e-08	2.94e-04	1.00e+00	0.00e+00	0.00e+00	0.00e+00	0.00e+00	0.00e+00
 2.33724e+13	3.76e-32	8.49e-25	3.77e-18	1.82e-12	8.51e-08	3.16e-04	1.00e+00	0.00e+00	0.00e+00	0.00e+00	0.00e+00	0.00e+00
 2.41871e+13	5.57e-32	1.18e-24	4.91e-18	2.22e-12	9.72e-08	3.38e-04	1.00e+00	0.00e+00	0.00e+00	0.00e+00	0.00e+00	0.00e+00
 2.50984e+13	8.51e-32	1.68e-24	6.53e-18	2.75e-12	1.12e-07	3.64e-04	1.00e+00	0.00e+00	0.00e+00	0.00e+00	0.00e+00	0.00e+00
 2.60169e+13	1.28e-31	2.37e-24	8.61e-18	3.39e-12	1.29e-07	3.91e-04	1.00e+00	0.00e+00	0.00e+00	0.00e+00	0.00e+00	0.00e+00
 2.67797e+13	1.79e-31	3.13e-24	1.08e-17	4.02e-12	1.44e-07	4.13e-04	1.00e+00	0.00e+00	0.00e+00	0.00e+00	0.00e+00	0.00e+00
 2.75874e+13	2.51e-31	4.16e-24	1.35e-17	4.77e-12	1.62e-07	4.38e-04	1.00e+00	0.00e+00	0.00e+00	0.00e+00	0.00e+00	0.00e+00
 2.86198e+13	3.82e-31	5.91e-24	1.80e-17	5.91e-12	1.87e-07	4.72e-04	1.00e+00	0.00e+00	0.00e+00	0.00e+00	0.00e+00	0.00e+00
 2.97026e+13	5.90e-31	8.51e-24	2.42e-17	7.34e-12	2.16e-07	5.08e-04	9.99e-01	0.00e+00	0.00e+00	0.00e+00	0.00e+00	0.00e+00
 3.06608e+13	8.41e-31	1.14e-23	3.06e-17	8.84e-12	2.45e-07	5.41e-04	9.99e-01	0.00e+00	0.00e+00	0.00e+00	0.00e+00	0.00e+00
 3.16988e+13	1.23e-30	1.57e-23	3.96e-17	1.07e-11	2.79e-07	5.78e-04	9.99e-01	0.00e+00	0.00e+00	0.00e+00	0.00e+00	0.00e+00
 3.29461e+13	1.90e-30	2.27e-23	5.32e-17	1.35e-11	3.25e-07	6.24e-04	9.99e-01	0.00e+00	0.00e+00	0.00e+00	0.00e+00	0.00e+00
 3.42093e+13	2.92e-30	3.25e-23	7.12e-17	1.68e-11	3.76e-07	6.73e-04	9.99e-01	0.00e+00	0.00e+00	0.00e+00	0.00e+00	0.00e+00
 3.53930e+13	4.30e-30	4.49e-23	9.25e-17	2.05e-11	4.30e-07	7.21e-04	9.99e-01	0.00e+00	0.00e+00	0.00e+00	0.00e+00	0.00e+00
 3.67086e+13	6.50e-30	6.36e-23	1.23e-16	2.53e-11	4.96e-07	7.75e-04	9.99e-01	0.00e+00	0.00e+00	0.00e+00	0.00e+00	0.00e+00
 3.81019e+13	9.91e-30	9.06e-23	1.63e-16	3.15e-11	5.74e-07	8.36e-04	9.99e-01	0.00e+00	0.00e+00	0.00e+00	0.00e+00	0.00e+00
 3.93404e+13	1.42e-29	1.23e-22	2.09e-16	3.80e-11	6.51e-07	8.92e-04	9.99e-01	0.00e+00	0.00e+00	0.00e+00	0.00e+00	0.00e+00
 4.06735e+13	2.08e-29	1.69e-22	2.70e-16	4.62e-11	7.42e-07	9.54e-04	9.99e-01	0.00e+00	0.00e+00	0.00e+00	0.00e+00	0.00e+00
 4.22705e+13	3.20e-29	2.43e-22	3.63e-16	5.79e-11	8.64e-07	1.03e-03	9.99e-01	0.00e+00	0.00e+00	0.00e+00	0.00e+00	0.00e+00
 4.38423e+13	4.84e-29	3.44e-22	4.81e-16	7.18e-11	9.97e-07	1.11e-03	9.99e-01	0.00e+00	0.00e+00	0.00e+00	0.00e+00	0.00e+00
 4.52430e+13	6.91e-29	4.64e-22	6.14e-16	8.63e-11	1.13e-06	1.18e-03	9.99e-01	0.00e+00	0.00e+00	0.00e+00	0.00e+00	0.00e+00
 4.67895e+13	1.01e-28	6.37e-22	7.95e-16	1.05e-10	1.29e-06	1.27e-03	9.99e-01	0.00e+00	0.00e+00	0.00e+00	0.00e+00	0.00e+00
 4.86318e+13	1.56e-28	9.19e-22	1.07e-15	1.32e-10	1.50e-06	1.37e-03	9.99e-01	0.00e+00	0.00e+00	0.00e+00	0.00e+00	0.00e+00
 5.04608e+13	2.36e-28	1.30e-21	1.42e-15	1.64e-10	1.74e-06	1.48e-03	9.99e-01	0.00e+00	0.00e+00	0.00e+00	0.00e+00	0.00e+00
 5.21351e+13	3.41e-28	1.78e-21	1.83e-15	1.99e-10	1.97e-06	1.58e-03	9.98e-01	0.00e+00	0.00e+00	0.00e+00	0.00e+00	0.00e+00
 5.40062e+13	5.08e-28	2.49e-21	2.40e-15	2.45e-10	2.27e-06	1.70e-03	9.98e-01	0.00e+00	0.00e+00	0.00e+00	0.00e+00	0.00e+00
 5.61801e+13	7.91e-28	3.62e-21	3.26e-15	3.08e-10	2.65e-06	1.84e-03	9.98e-01	0.00e+00	0.00e+00	0.00e+00	0.00e+00	0.00e+00
 5.83133e+13	1.21e-27	5.16e-21	4.35e-15	3.84e-10	3.07e-06	1.98e-03	9.98e-01	0.00e+00	0.00e+00	0.00e+00	0.00e+00	0.00e+00
 6.03334e+13	1.78e-27	7.14e-21	5.66e-15	4.70e-10	3.52e-06	2.13e-03	9.98e-01	0.00e+00	0.00e+00	0.00e+00	0.00e+00	0.00e+00
 6.25783e+13	2.68e-27	1.01e-20	7.51e-15	5.82e-10	4.06e-06	2.29e-03	9.98e-01	0.00e+00	0.00e+00	0.00e+00	0.00e+00	0.00e+00
 6.51113e+13	4.20e-27	1.47e-20	1.02e-14	7.36e-10	4.75e-06	2.48e-03	9.98e-01	0.00e+00	0.00e+00	0.00e+00	0.00e+00	0.00e+00
 6.75170e+13	6.35e-27	2.09e-20	1.35e-14	9.12e-10	5.48e-06	2.67e-03	9.97e-01	0.00e+00	0.00e+00	0.00e+00	0.00e+00	0.00e+00
 6.97102e+13	9.14e-27	2.84e-20	1.73e-14	1.10e-09	6.22e-06	2.85e-03	9.97e-01	0.00e+00	0.00e+00	0.00e+00	0.00e+00	0.00e+00
 7.21914e+13	1.36e-26	3.96e-20	2.27e-14	1.35e-09	7.14e-06	3.06e-03	9.97e-01	0.00e+00	0.00e+00	0.00e+00	0.00e+00	0.00e+00
 7.50806e+13	2.13e-26	5.77e-20	3.09e-14	1.71e-09	8.34e-06	3.32e-03	9.97e-01	0.00e+00	0.00e+00	0.00e+00	0.00e+00	0.00e+00
 7.78529e+13	3.22e-26	8.18e-20	4.09e-14	2.11e-09	9.63e-06	3.57e-03	9.96e-01	0.00e+00	0.00e+00	0.00e+00	0.00e+00	0.00e+00
 8.01496e+13	4.50e-26	1.08e-19	5.13e-14	2.51e-09	1.08e-05	3.78e-03	9.96e-01	0.00e+00	0.00e+00	0.00e+00	0.00e+00	0.00e+00
 8.24754e+13	6.25e-26	1.43e-19	6.42e-14	2.97e-09	1.21e-05	4.01e-03	9.96e-01	0.00e+00	0.00e+00	0.00e+00	0.00e+00	0.00e+00
 8.54808e+13	9.41e-26	2.01e-19	8.48e-14	3.67e-09	1.39e-05	4.31e-03	9.96e-01	0.00e+00	0.00e+00	0.00e+00	0.00e+00	0.00e+00
 8.85899e+13	1.42e-25	2.84e-19	1.12e-13	4.54e-09	1.60e-05	4.63e-03	9.95e-01	0.00e+00	0.00e+00	0.00e+00	0.00e+00	0.00e+00
 9.12263e+13	1.99e-25	3.77e-19	1.41e-13	5.40e-09	1.80e-05	4.92e-03	9.95e-01	0.00e+00	0.00e+00	0.00e+00	0.00e+00	0.00e+00
 9.40278e+13	2.82e-25	5.06e-19	1.79e-13	6.46e-09	2.03e-05	5.22e-03	9.95e-01	0.00e+00	0.00e+00	0.00e+00	0.00e+00	0.00e+00
 9.75385e+13	4.30e-25	7.21e-19	2.38e-13	8.02e-09	2.35e-05	5.62e-03	9.94e-01	0.00e+00	0.00e+00	0.00e+00	0.00e+00	0.00e+00
 1.01154e+14	6.56e-25	1.03e-18	3.16e-13	9.95e-09	2.71e-05	6.05e-03	9.94e-01	0.00e+00	0.00e+00	0.00e+00	0.00e+00	0.00e+00
 1.04338e+14	9.39e-25	1.39e-18	4.03e-13	1.20e-08	3.06e-05	6.44e-03	9.94e-01	0.00e+00	0.00e+00	0.00e+00	0.00e+00	0.00e+00
 1.07778e+14	1.37e-24	1.90e-18	5.20e-13	1.45e-08	3.48e-05	6.87e-03	9.93e-01	0.00e+00	0.00e+00	0.00e+00	0.00e+00	0.00e+00
 1.11932e+14	2.11e-24	2.74e-18	6.99e-13	1.81e-08	4.05e-05	7.42e-03	9.93e-01	0.00e+00	0.00e+00	0.00e+00	0.00e+00	0.00e+00
 1.16053e+14	3.21e-24	3.89e-18	9.28e-13	2.25e-08	4.67e-05	7.97e-03	9.92e-01	0.00e+00	0.00e+00	0.00e+00	0.00e+00	0.00e+00
 1.19714e+14	4.59e-24	5.26e-18	1.18e-12	2.70e-08	5.28e-05	8.49e-03	9.91e-01	0.00e+00	0.00e+00	0.00e+00	0.00e+00	0.00e+00
 1.23739e+14	6.72e-24	7.24e-18	1.53e-12	3.28e-08	6.01e-05	9.07e-03	9.91e-01	0.00e+00	0.00e+00	0.00e+00	0.00e+00	0.00e+00
 1.28548e+14	1.04e-23	1.05e-17	2.06e-12	4.11e-08	6.99e-05	9.80e-03	9.90e-01	0.00e+00	0.00e+00	0.00e+00	0.00e+00	0.00e+00
 1.33326e+14	1.59e-23	1.49e-17	2.74e-12	5.11e-08	8.08e-05	1.05e-02	9.89e-01	0.00e+00	0.00e+00	0.00e+00	0.00e+00	0.00e+00
 1.37671e+14	2.29e-23	2.03e-17	3.53e-12	6.18e-08	9.17e-05	1.13e-02	9.89e-01	0.00e+00	0.00e+00	0.00e+00	0.00e+00	0.00e+00
 1.42509e+14	3.39e-23	2.82e-17	4.61e-12	7.57e-08	1.05e-04	1.21e-02	9.88e-01	0.00e+00	0.00e+00	0.00e+00	0.00e+00	0.00e+00
 1.48163e+14	5.29e-23	4.10e-17	6.24e-12	9.54e-08	1.23e-04	1.31e-02	9.87e-01	0.00e+00	0.00e+00	0.00e+00	0.00e+00	0.00e+00
 1.53726e+14	8.02e-23	5.83e-17	8.31e-12	1.19e-07	1.42e-04	1.41e-02	9.86e-01	0.00e+00	0.00e+00	0.00e+00	0.00e+00	0.00e+00
 1.58949e+14	1.17e-22	8.03e-17	1.08e-11	1.45e-07	1.62e-04	1.51e-02	9.85e-01	0.00e+00	0.00e+00	0.00e+00	0.00e+00	0.00e+00
 1.64775e+14	1.75e-22	1.13e-16	1.42e-11	1.79e-07	1.87e-04	1.62e-02	9.84e-01	0.00e+00	0.00e+00	0.00e+00	0.00e+00	0.00e+00
 1.71396e+14	2.72e-22	1.64e-16	1.93e-11	2.26e-07	2.18e-04	1.76e-02	9.82e-01	0.00e+00	0.00e+00	0.00e+00	0.00e+00	0.00e+00
 1.77997e+14	4.14e-22	2.34e-16	2.58e-11	2.82e-07	2.53e-04	1.90e-02	9.81e-01	0.00e+00	0.00e+00	0.00e+00	0.00e+00	0.00e+00
 1.84862e+14	6.29e-22	3.34e-16	3.45e-11	3.53e-07	2.94e-04	2.05e-02	9.79e-01	0.00e+00	0.00e+00	0.00e+00	0.00e+00	0.00e+00
 1.91049e+14	9.03e-22	4.54e-16	4.44e-11	4.28e-07	3.34e-04	2.20e-02	9.78e-01	0.00e+00	0.00e+00	0.00e+00	0.00e+00	0.00e+00
 1.95710e+14	1.17e-21	5.68e-16	5.34e-11	4.93e-07	3.67e-04	2.31e-02	9.77e-01	0.00e+00	0.00e+00	0.00e+00	0.00e+00	0.00e+00
 2.00570e+14	1.53e-21	7.13e-16	6.44e-11	5.70e-07	4.05e-04	2.43e-02	9.75e-01	0.00e+00	0.00e+00	0.00e+00	0.00e+00	0.00e+00
 2.06888e+14	2.14e-21	9.48e-16	8.15e-11	6.84e-07	4.57e-04	2.60e-02	9.74e-01	0.00e+00	0.00e+00	0.00e+00	0.00e+00	0.00e+00
 2.13756e+14	3.03e-21	1.28e-15	1.04e-10	8.29e-07	5.20e-04	2.78e-02	9.72e-01	0.00e+00	0.00e+00	0.00e+00	0.00e+00	0.00e+00
 2.19974e+14	4.10e-21	1.66e-15	1.30e-10	9.81e-07	5.82e-04	2.95e-02	9.70e-01	0.00e+00	0.00e+00	0.00e+00	0.00e+00	0.00e+00
 2.26693e+14	5.64e-21	2.18e-15	1.63e-10	1.17e-06	6.54e-04	3.14e-02	9.68e-01	0.00e+00	0.00e+00	0.00e+00	0.00e+00	0.00e+00
 2.35115e+14	8.26e-21	3.04e-15	2.15e-10	1.45e-06	7.54e-04	3.40e-02	9.65e-01	0.00e+00	0.00e+00	0.00e+00	0.00e+00	0.00e+00
 2.43578e+14	1.19e-20	4.18e-15	2.80e-10	1.78e-06	8.66e-04	3.66e-02	9.63e-01	0.00e+00	0.00e+00	0.00e+00	0.00e+00	0.00e+00
 2.50784e+14	1.61e-20	5.43e-15	3.49e-10	2.12e-06	9.71e-04	3.89e-02	9.60e-01	0.00e+00	0.00e+00	0.00e+00	0.00e+00	0.00e+00
 2.58531e+14	2.20e-20	7.11e-15	4.38e-10	2.53e-06	1.09e-03	4.15e-02	9.57e-01	0.00e+00	0.00e+00	0.00e+00	0.00e+00	0.00e+00
 2.68183e+14	3.20e-20	9.86e-15	5.76e-10	3.14e-06	1.26e-03	4.49e-02	9.54e-01	0.00e+00	0.00e+00	0.00e+00	0.00e+00	0.00e+00
 2.78137e+14	4.62e-20	1.36e-14	7.57e-10	3.88e-06	1.45e-03	4.85e-02	9.50e-01	0.00e+00	0.00e+00	0.00e+00	0.00e+00	0.00e+00
 2.87013e+14	6.34e-20	1.80e-14	9.57e-10	4.66e-06	1.64e-03	5.19e-02	9.47e-01	0.00e+00	0.00e+00	0.00e+00	0.00e+00	0.00e+00
 2.96660e+14	8.80e-20	2.40e-14	1.22e-09	5.65e-06	1.86e-03	5.57e-02	9.42e-01	0.00e+00	0.00e+00	0.00e+00	0.00e+00	0.00e+00
 3.08170e+14	1.29e-19	3.37e-14	1.63e-09	7.06e-06	2.15e-03	6.03e-02	9.38e-01	0.00e+00	0.00e+00	0.00e+00	0.00e+00	0.00e+00
 3.19508e+14	1.85e-19	4.63e-14	2.13e-09	8.71e-06	2.47e-03	6.51e-02	9.32e-01	0.00e+00	0.00e+00	0.00e+00	0.00e+00	0.00e+00
 3.29706e+14	2.52e-19	6.10e-14	2.69e-09	1.05e-05	2.79e-03	6.96e-02	9.28e-01	0.00e+00	0.00e+00	0.00e+00	0.00e+00	0.00e+00
 3.41015e+14	3.52e-19	8.21e-14	3.46e-09	1.27e-05	3.17e-03	7.47e-02	9.22e-01	0.00e+00	0.00e+00	0.00e+00	0.00e+00	0.00e+00
 3.54370e+14	5.14e-19	1.15e-13	4.61e-09	1.59e-05	3.67e-03	8.09e-02	9.15e-01	0.00e+00	0.00e+00	0.00e+00	0.00e+00	0.00e+00
 3.67568e+14	7.38e-19	1.59e-13	6.05e-09	1.97e-05	4.21e-03	8.73e-02	9.08e-01	0.00e+00	0.00e+00	0.00e+00	0.00e+00	0.00e+00
 3.79765e+14	1.02e-18	2.12e-13	7.72e-09	2.37e-05	4.76e-03	9.34e-02	9.02e-01	0.00e+00	0.00e+00	0.00e+00	0.00e+00	0.00e+00
 3.93457e+14	1.45e-18	2.90e-13	1.01e-08	2.91e-05	5.43e-03	1.00e-01	8.94e-01	0.00e+00	0.00e+00	0.00e+00	0.00e+00	0.00e+00
 4.09225e+14	2.14e-18	4.12e-13	1.35e-08	3.65e-05	6.29e-03	1.09e-01	8.85e-01	0.00e+00	0.00e+00	0.00e+00	0.00e+00	0.00e+00
 4.24659e+14	3.09e-18	5.73e-13	1.78e-08	4.52e-05	7.21e-03	1.17e-01	8.75e-01	0.00e+00	0.00e+00	0.00e+00	0.00e+00	0.00e+00
 4.40710e+14	4.48e-18	7.98e-13	2.35e-08	5.59e-05	8.27e-03	1.26e-01	8.65e-01	0.00e+00	0.00e+00	0.00e+00	0.00e+00	0.00e+00
 4.58368e+14	6.64e-18	1.14e-12	3.16e-08	7.00e-05	9.55e-03	1.36e-01	8.54e-01	0.00e+00	0.00e+00	0.00e+00	0.00e+00	0.00e+00
 4.73304e+14	9.18e-18	1.52e-12	4.02e-08	8.41e-05	1.07e-02	1.45e-01	8.44e-01	0.00e+00	0.00e+00	0.00e+00	0.00e+00	0.00e+00
 4.84220e+14	1.16e-17	1.86e-12	4.77e-08	9.57e-05	1.16e-02	1.52e-01	8.37e-01	0.00e+00	0.00e+00	0.00e+00	0.00e+00	0.00e+00
 4.95677e+14	1.46e-17	2.30e-12	5.69e-08	1.09e-04	1.27e-02	1.58e-01	8.29e-01	0.00e+00	0.00e+00	0.00e+00	0.00e+00	0.00e+00
 5.10572e+14	1.98e-17	3.01e-12	7.10e-08	1.29e-04	1.41e-02	1.68e-01	8.18e-01	0.00e+00	0.00e+00	0.00e+00	0.00e+00	0.00e+00
 5.26999e+14	2.79e-17	4.01e-12	9.02e-08	1.55e-04	1.58e-02	1.78e-01	8.06e-01	0.00e+00	0.00e+00	1.61e-17	8.39e-18	2.82e-18
 5.42199e+14	3.74e-17	5.20e-12	1.12e-07	1.81e-04	1.75e-02	1.87e-01	7.95e-01	0.00e+00	0.00e+00	2.15e-17	1.13e-17	3.78e-18
 5.58737e+14	5.10e-17	6.84e-12	1.40e-07	2.15e-04	1.94e-02	1.97e-01	7.83e-01	0.00e+00	0.00e+00	2.93e-17	1.54e-17	5.13e-18
 5.77326e+14	7.16e-17	9.24e-12	1.79e-07	2.58e-04	2.18e-02	2.09e-01	7.69e-01	0.00e+00	0.00e+00	4.12e-17	2.16e-17	7.19e-18
 5.95024e+14	9.81e-17	1.22e-11	2.25e-07	3.05e-04	2.42e-02	2.20e-01	7.55e-01	0.00e+00	0.00e+00	5.65e-17	2.96e-17	9.81e-18
 6.14476e+14	1.37e-16	1.64e-11	2.86e-07	3.65e-04	2.70e-02	2.32e-01	7.40e-01	0.00e+00	0.00e+00	7.91e-17	4.14e-17	1.37e-17
 6.36225e+14	1.98e-16	2.26e-11	3.71e-07	4.41e-04	3.04e-02	2.46e-01	7.23e-01	0.00e+00	0.00e+00	1.14e-16	5.98e-17	1.98e-17
 6.56881e+14	2.78e-16	3.03e-11	4.70e-07	5.26e-04	3.38e-02	2.59e-01	7.07e-01	0.00e+00	0.00e+00	1.60e-16	8.38e-17	2.76e-17
 6.79651e+14	3.99e-16	4.15e-11	6.06e-07	6.32e-04	3.79e-02	2.73e-01	6.89e-01	0.00e+00	0.00e+00	2.31e-16	1.20e-16	3.95e-17
 7.05187e+14	5.93e-16	5.83e-11	7.97e-07	7.72e-04	4.28e-02	2.88e-01	6.69e-01	0.00e+00	0.00e+00	3.43e-16	1.79e-16	5.85e-17
 7.29311e+14	8.49e-16	7.93e-11	1.02e-06	9.23e-04	4.76e-02	3.02e-01	6.49e-01	0.00e+00	0.00e+00	4.91e-16	2.56e-16	8.36e-17
 7.55601e+14	1.24e-15	1.10e-10	1.32e-06	1.11e-03	5.33e-02	3.17e-01	6.28e-01	0.00e+00	0.00e+00	7.20e-16	3.75e-16	1.22e-16
 7.84801e+14	1.88e-15	1.56e-10	1.75e-06	1.36e-03	6.01e-02	3.33e-01	6.05e-01	0.00e+00	0.00e+00	1.09e-15	5.65e-16	1.84e-16
 8.12096e+14	2.72e-15	2.13e-10	2.24e-06	1.62e-03	6.68e-02	3.48e-01	5.84e-01	0.00e+00	0.00e+00	1.58e-15	8.19e-16	2.66e-16
 8.41538e+14	4.01e-15	2.95e-10	2.90e-06	1.95e-03	7.44e-02	3.63e-01	5.61e-01	0.00e+00	0.00e+00	2.32e-15	1.21e-15	3.91e-16
 8.74495e+14	6.09e-15	4.18e-10	3.82e-06	2.37e-03	8.34e-02	3.78e-01	5.36e-01	0.00e+00	0.00e+00	3.53e-15	1.84e-15	5.94e-16
 9.06213e+14	9.01e-15	5.78e-10	4.92e-06	2.83e-03	9.25e-02	3.92e-01	5.12e-01	0.00e+00	0.00e+00	5.22e-15	2.72e-15	8.77e-16
 9.39935e+14	1.35e-14	8.05e-10	6.38e-06	3.39e-03	1.03e-01	4.06e-01	4.88e-01	0.00e+00	0.00e+00	7.81e-15	4.06e-15	1.31e-15
 9.77562e+14	2.07e-14	1.14e-09	8.39e-06	4.11e-03	1.14e-01	4.20e-01	4.61e-01	0.00e+00	0.00e+00	1.20e-14	6.24e-15	2.01e-15
 1.00924e+15	2.94e-14	1.52e-09	1.05e-05	4.79e-03	1.25e-01	4.31e-01	4.39e-01	0.00e+00	0.00e+00	1.71e-14	8.87e-15	2.86e-15
 1.03203e+15	3.75e-14	1.86e-09	1.22e-05	5.33e-03	1.32e-01	4.38e-01	4.24e-01	0.00e+00	0.00e+00	2.18e-14	1.13e-14	3.64e-15
 1.05569e+15	4.82e-14	2.27e-09	1.43e-05	5.93e-03	1.40e-01	4.45e-01	4.09e-01	0.00e+00	0.00e+00	2.80e-14	1.45e-14	4.68e-15
 1.08647e+15	6.60e-14	2.93e-09	1.74e-05	6.77e-03	1.51e-01	4.53e-01	3.89e-01	0.00e+00	0.00e+00	3.83e-14	1.99e-14	6.40e-15
 1.12079e+15	9.29e-14	3.85e-09	2.14e-05	7.81e-03	1.63e-01	4.61e-01	3.68e-01	0.00e+00	0.00e+00	5.39e-14	2.80e-14	9.01e-15
 1.15293e+15	1.27e-13	4.92e-09	2.59e-05	8.88e-03	1.75e-01	4.67e-01	3.50e-01	0.00e+00	0.00e+00	7.36e-14	3.82e-14	1.23e-14
 1.18791e+15	1.76e-13	6.38e-09	3.16e-05	1.01e-02	1.87e-01	4.73e-01	3.30e-01	0.00e+00	0.00e+00	1.02e-13	5.31e-14	1.70e-14
 1.22705e+15	2.51e-13	8.44e-09	3.91e-05	1.17e-02	2.02e-01	4.77e-01	3.09e-01	0.00e+00	0.00e+00	1.46e-13	7.57e-14	2.43e-14
 1.26397e+15	3.46e-13	1.09e-08	4.74e-05	1.33e-02	2.16e-01	4.81e-01	2.90e-01	0.00e+00	0.00e+00	2.01e-13	1.05e-13	3.35e-14
 1.30435e+15	4.88e-13	1.42e-08	5.81e-05	1.52e-02	2.31e-01	4.83e-01	2.71e-01	0.00e+00	0.00e+00	2.83e-13	1.47e-13	4.72e-14
 1.34960e+15	7.06e-13	1.90e-08	7.23e-05	1.75e-02	2.47e-01	4.84e-01	2.51e-01	0.00e+00	0.00e+00	4.10e-13	2.13e-13	6.84e-14
 1.39253e+15	9.90e-13	2.46e-08	8.80e-05	1.99e-02	2.63e-01	4.84e-01	2.33e-01	0.00e+00	0.00e+00	5.75e-13	2.99e-13	9.58e-14
 1.43968e+15	1.42e-12	3.25e-08	1.08e-04	2.28e-02	2.81e-01	4.82e-01	2.14e-01	0.00e+00	0.00e+00	8.24e-13	4.29e-13	1.37e-13
 1.49222e+15	2.08e-12	4.37e-08	1.35e-04	2.63e-02	3.00e-01	4.79e-01	1.95e-01	0.00e+00	0.00e+00	1.21e-12	6.29e-13	2.01e-13
 1.54107e+15	2.93e-12	5.67e-08	1.65e-04	2.97e-02	3.17e-01	4.74e-01	1.79e-01	0.00e+00	0.00e+00	1.70e-12	8.86e-13	2.83e-13
 1.59392e+15	4.19e-12	7.46e-08	2.02e-04	3.38e-02	3.35e-01	4.68e-01	1.63e-01	0.00e+00	0.00e+00	2.44e-12	1.27e-12	4.06e-13
 1.65294e+15	6.14e-12	9.97e-08	2.51e-04	3.87e-02	3.55e-01	4.59e-01	1.47e-01	0.00e+00	0.00e+00	3.57e-12	1.86e-12	5.95e-13
 1.70815e+15	8.63e-12	1.29e-07	3.04e-04	4.35e-02	3.73e-01	4.50e-01	1.33e-01	0.00e+00	0.00e+00	5.02e-12	2.61e-12	8.36e-13
 1.76809e+15	1.24e-11	1.70e-07	3.72e-04	4.92e-02	3.91e-01	4.40e-01	1.19e-01	0.00e+00	0.00e+00	7.19e-12	3.75e-12	1.20e-12
 1.83187e+15	1.78e-11	2.23e-07	4.56e-04	5.56e-02	4.10e-01	4.28e-01	1.06e-01	0.00e+00	0.00e+00	1.03e-11	5.39e-12	1.72e-12
 1.88771e+15	2.42e-11	2.82e-07	5.41e-04	6.15e-02	4.25e-01	4.16e-01	9.62e-02	0.00e+00	0.00e+00	1.41e-11	7.34e-12	2.35e-12
 1.93561e+15	3.14e-11	3.42e-07	6.24e-04	6.69e-02	4.38e-01	4.06e-01	8.82e-02	0.00e+00	0.00e+00	1.82e-11	9.50e-12	3.04e-12
 1.98612e+15	4.09e-11	4.17e-07	7.20e-04	7.27e-02	4.51e-01	3.96e-01	8.05e-02	0.00e+00	0.00e+00	2.38e-11	1.24e-11	3.97e-12
 2.05178e+15	5.73e-11	5.37e-07	8.63e-04	8.07e-02	4.66e-01	3.81e-01	7.15e-02	0.00e+00	0.00e+00	3.33e-11	1.74e-11	5.56e-12
 2.11754e+15	7.86e-11	6.80e-07	1.03e-03	8.90e-02	4.80e-01	3.67e-01	6.35e-02	0.00e+00	0.00e+00	4.57e-11	2.38e-11	7.64e-12
 2.17031e+15	1.01e-10	8.19e-07	1.17e-03	9.59e-02	4.90e-01	3.55e-01	5.78e-02	0.00e+00	0.00e+00	5.85e-11	3.05e-11	9.78e-12
 2.22583e+15	1.30e-10	9.91e-07	1.34e-03	1.03e-01	5.00e-01	3.43e-01	5.23e-02	0.00e+00	0.00e+00	7.57e-11	3.95e-11	1.26e-11
 2.29800e+15	1.80e-10	1.26e-06	1.59e-03	1.14e-01	5.12e-01	3.27e-01	4.59e-02	0.00e+00	0.00e+00	1.05e-10	5.45e-11	1.75e-11
 2.37292e+15	2.46e-10	1.59e-06	1.89e-03	1.25e-01	5.23e-01	3.11e-01	4.02e-02	0.00e+00	0.00e+00	1.43e-10	7.47e-11	2.40e-11
 2.43684e+15	3.19e-10	1.93e-06	2.17e-03	1.34e-01	5.31e-01	2.97e-01	3.59e-02	0.00e+00	0.00e+00	1.86e-10	9.68e-11	3.10e-11
 2.50539e+15	4.21e-10	2.37e-06	2.50e-03	1.45e-01	5.38e-01	2.83e-01	3.18e-02	0.00e+00	0.00e+00	2.45e-10	1.28e-10	4.09e-11
 2.59450e+15	5.95e-10	3.07e-06	3.00e-03	1.59e-01	5.46e-01	2.65e-01	2.71e-02	0.00e+00	0.00e+00	3.46e-10	1.81e-10	5.80e-11
 2.68495e+15	8.24e-10	3.92e-06	3.57e-03	1.73e-01	5.52e-01	2.48e-01	2.32e-02	0.00e+00	0.00e+00	4.79e-10	2.50e-10	8.03e-11
 2.75792e+15	1.06e-09	4.73e-06	4.08e-03	1.86e-01	5.55e-01	2.34e-01	2.04e-02	0.00e+00	0.00e+00	6.17e-10	3.22e-10	1.03e-10
 2.83356e+15	1.38e-09	5.76e-06	4.68e-03	1.98e-01	5.58e-01	2.21e-01	1.79e-02	0.00e+00	0.00e+00	8.03e-10	4.19e-10	1.35e-10
 2.93190e+15	1.92e-09	7.35e-06	5.56e-03	2.15e-01	5.60e-01	2.04e-01	1.51e-02	0.00e+00	0.00e+00	1.12e-09	5.83e-10	1.88e-10
 3.03358e+15	2.63e-09	9.31e-06	6.57e-03	2.33e-01	5.59e-01	1.88e-01	1.27e-02	0.00e+00	0.00e+00	1.53e-09	7.99e-10	2.57e-10
 3.11866e+15	3.38e-09	1.13e-05	7.51e-03	2.48e-01	5.58e-01	1.76e-01	1.10e-02	0.00e+00	0.00e+00	1.96e-09	1.03e-09	3.31e-10
 3.20833e+15	4.43e-09	1.38e-05	8.64e-03	2.64e-01	5.55e-01	1.63e-01	9.41e-03	0.00e+00	0.00e+00	2.58e-09	1.35e-09	4.34e-10
 3.30493e+15	5.81e-09	1.69e-05	9.98e-03	2.81e-01	5.50e-01	1.50e-01	7.99e-03	0.00e+00	0.00e+00	3.38e-09	1.77e-09	5.70e-10
 3.39088e+15	7.31e-09	2.01e-05	1.13e-02	2.97e-01	5.45e-01	1.40e-01	6.92e-03	0.00e+00	0.00e+00	4.25e-09	2.22e-09	7.18e-10
 3.46768e+15	8.94e-09	2.34e-05	1.26e-02	3.10e-01	5.40e-01	1.31e-01	6.09e-03	0.00e+00	0.00e+00	5.20e-09	2.72e-09	8.78e-10
 3.55224e+15	1.12e-08	2.77e-05	1.41e-02	3.25e-01	5.33e-01	1.22e-01	5.28e-03	0.00e+00	0.00e+00	6.52e-09	3.41e-09	1.10e-09
 3.64500e+15	1.41e-08	3.30e-05	1.60e-02	3.42e-01	5.25e-01	1.12e-01	4.52e-03	0.00e+00	0.00e+00	8.22e-09	4.30e-09	1.39e-09
 3.73334e+15	1.75e-08	3.88e-05	1.79e-02	3.58e-01	5.17e-01	1.04e-01	3.90e-03	0.00e+00	0.00e+00	1.02e-08	5.33e-09	1.72e-09
 3.81892e+15	2.14e-08	4.53e-05	1.99e-02	3.73e-01	5.08e-01	9.62e-02	3.39e-03	0.00e+00	0.00e+00	1.25e-08	6.53e-09	2.11e-09
 3.91600e+15	2.72e-08	5.40e-05	2.25e-02	3.89e-01	4.97e-01	8.80e-02	2.87e-03	0.00e+00	0.00e+00	1.58e-08	8.28e-09	2.68e-09
 4.02312e+15	3.47e-08	6.50e-05	2.57e-02	4.08e-01	4.84e-01	7.98e-02	2.40e-03	0.00e+00	0.00e+00	2.02e-08	1.06e-08	3.43e-09
 4.12206e+15	4.29e-08	7.64e-05	2.88e-02	4.24e-01	4.72e-01	7.29e-02	2.04e-03	0.00e+00	0.00e+00	2.49e-08	1.31e-08	4.24e-09
 4.21309e+15	5.22e-08	8.88e-05	3.20e-02	4.39e-01	4.60e-01	6.69e-02	1.76e-03	0.00e+00	0.00e+00	3.04e-08	1.59e-08	5.17e-09
 4.31512e+15	6.58e-08	1.06e-04	3.61e-02	4.55e-01	4.46e-01	6.06e-02	1.48e-03	0.00e+00	0.00e+00	3.83e-08	2.01e-08	6.52e-09
 4.42826e+15	8.37e-08	1.27e-04	4.10e-02	4.73e-01	4.31e-01	5.43e-02	1.22e-03	0.00e+00	0.00e+00	4.87e-08	2.56e-08	8.30e-09
 4.53322e+15	1.04e-07	1.49e-04	4.60e-02	4.88e-01	4.16e-01	4.90e-02	1.02e-03	0.00e+00	0.00e+00	6.03e-08	3.16e-08	1.03e-08
 4.63199e+15	1.27e-07	1.74e-04	5.13e-02	5.02e-01	4.01e-01	4.44e-02	8.68e-04	0.00e+00	0.00e+00	7.36e-08	3.86e-08	1.26e-08
 4.74531e+15	1.63e-07	2.10e-04	5.82e-02	5.18e-01	3.84e-01	3.94e-02	7.10e-04	0.00e+00	0.00e+00	9.48e-08	4.97e-08	1.62e-08
 4.86567e+15	2.05e-07	2.51e-04	6.61e-02	5.33e-01	3.66e-01	3.48e-02	5.79e-04	0.00e+00	0.00e+00	1.19e-07	6.27e-08	2.04e-08
 4.97183e+15	2.54e-07	2.95e-04	7.41e-02	5.45e-01	3.49e-01	3.11e-02	4.81e-04	0.00e+00	0.00e+00	1.48e-07	7.76e-08	2.53e-08
 5.07154e+15	3.14e-07	3.46e-04	8.26e-02	5.55e-01	3.33e-01	2.78e-02	4.01e-04	0.00e+00	0.00e+00	1.83e-07	9.59e-08	3.13e-08
 5.16931e+15	3.84e-07	4.03e-04	9.18e-02	5.65e-01	3.18e-01	2.49e-02	3.36e-04	0.00e+00	0.00e+00	2.23e-07	1.17e-07	3.83e-08
 5.26424e+15	4.64e-07	4.66e-04	1.02e-01	5.73e-01	3.03e-01	2.23e-02	2.83e-04	0.00e+00	0.00e+00	2.70e-07	1.42e-07	4.63e-08
 5.37237e+15	5.97e-07	5.63e-04	1.15e-01	5.80e-01	2.84e-01	1.95e-02	2.28e-04	0.00e+00	0.00e+00	3.48e-07	1.83e-07	5.97e-08
 5.48186e+15	7.47e-07	6.67e-04	1.29e-01	5.86e-01	2.67e-01	1.70e-02	1.85e-04	0.00e+00	0.00e+00	4.34e-07	2.28e-07	7.47e-08
 5.57224e+15	8.98e-07	7.69e-04	1.43e-01	5.89e-01	2.52e-01	1.51e-02	1.55e-04	0.00e+00	0.00e+00	5.23e-07	2.75e-07	8.99e-08
 5.64835e+15	1.06e-06	8.71e-04	1.55e-01	5.91e-01	2.39e-01	1.37e-02	1.33e-04	0.00e+00	0.00e+00	6.17e-07	3.24e-07	1.06e-07
 5.71423e+15	1.23e-06	9.75e-04	1.67e-01	5.91e-01	2.28e-01	1.24e-02	1.16e-04	0.00e+00	0.00e+00	7.16e-07	3.77e-07	1.23e-07
 5.78737e+15	1.43e-06	1.10e-03	1.82e-01	5.90e-01	2.16e-01	1.12e-02	9.86e-05	0.00e+00	0.00e+00	8.34e-07	4.39e-07	1.44e-07
 5.86967e+15	1.74e-06	1.27e-03	2.00e-01	5.87e-01	2.02e-01	9.86e-03	8.19e-05	0.00e+00	0.00e+00	1.01e-06	5.32e-07	1.74e-07
 5.94324e+15	2.14e-06	1.47e-03	2.19e-01	5.82e-01	1.89e-01	8.73e-03	6.84e-05	0.00e+00	0.00e+00	1.24e-06	6.54e-07	2.14e-07
 6.00101e+15	2.46e-06	1.63e-03	2.34e-01	5.77e-01	1.79e-01	7.93e-03	5.94e-05	0.00e+00	0.00e+00	1.43e-06	7.53e-07	2.47e-07
 6.05891e+15	2.87e-06	1.83e-03	2.51e-01	5.71e-01	1.69e-01	7.13e-03	5.10e-05	0.00e+00	0.00e+00	1.67e-06	8.80e-07	2.89e-07
 6.13418e+15	3.54e-06	2.14e-03	2.76e-01	5.61e-01	1.55e-01	6.17e-03	4.14e-05	0.00e+00	0.00e+00	2.06e-06	1.08e-06	3.56e-07
 6.20848e+15	4.34e-06	2.48e-03	3.02e-01	5.48e-01	1.42e-01	5.32e-03	3.36e-05	0.00e+00	0.00e+00	2.52e-06	1.33e-06	4.37e-07
 6.26436e+15	5.00e-06	2.76e-03	3.23e-01	5.37e-01	1.33e-01	4.74e-03	2.87e-05	0.00e+00	0.00e+00	2.91e-06	1.53e-06	5.04e-07
 6.31984e+15	5.74e-06	3.06e-03	3.46e-01	5.24e-01	1.23e-01	4.19e-03	2.42e-05	0.00e+00	0.00e+00	3.34e-06	1.76e-06	5.79e-07
 6.39197e+15	7.09e-06	3.56e-03	3.79e-01	5.04e-01	1.10e-01	3.51e-03	1.90e-05	0.00e+00	0.00e+00	4.12e-06	2.17e-06	7.14e-07
 6.46267e+15	8.79e-06	4.15e-03	4.13e-01	4.82e-01	9.77e-02	2.92e-03	1.47e-05	0.00e+00	0.00e+00	5.11e-06	2.70e-06	8.87e-07
 6.51443e+15	1.09e-05	4.80e-03	4.43e-01	4.61e-01	8.86e-02	2.50e-03	1.19e-05	0.00e+00	0.00e+00	6.32e-06	3.33e-06	1.10e-06
 6.55362e+15	1.23e-05	5.25e-03	4.65e-01	4.46e-01	8.20e-02	2.22e-03	1.01e-05	0.00e+00	0.00e+00	7.17e-06	3.78e-06	1.25e-06
 6.59355e+15	1.41e-05	5.76e-03	4.88e-01	4.29e-01	7.52e-02	1.95e-03	8.52e-06	0.00e+00	0.00e+00	8.18e-06	4.31e-06	1.42e-06
 6.64546e+15	1.69e-05	6.54e-03	5.20e-01	4.05e-01	6.66e-02	1.62e-03	6.68e-06	0.00e+00	0.00e+00	9.82e-06	5.18e-06	1.71e-06
 6.70087e+15	2.05e-05	7.46e-03	5.55e-01	3.78e-01	5.80e-02	1.32e-03	5.10e-06	0.00e+00	0.00e+00	1.19e-05	6.28e-06	2.07e-06
 6.74884e+15	2.35e-05	8.21e-03	5.85e-01	3.54e-01	5.10e-02	1.10e-03	4.03e-06	0.00e+00	0.00e+00	1.37e-05	7.21e-06	2.38e-06
 6.79918e+15	2.83e-05	9.31e-03	6.19e-01	3.27e-01	4.37e-02	8.81e-04	3.02e-06	0.00e+00	0.00e+00	1.65e-05	8.70e-06	2.87e-06
 6.85244e+15	3.45e-05	1.06e-02	6.54e-01	2.98e-01	3.68e-02	6.87e-04	2.19e-06	0.00e+00	0.00e+00	2.01e-05	1.06e-05	3.50e-06
 6.89784e+15	4.28e-05	1.21e-02	6.86e-01	2.70e-01	3.11e-02	5.39e-04	1.60e-06	0.00e+00	0.00e+00	2.49e-05	1.31e-05	4.34e-06
 6.93534e+15	4.77e-05	1.31e-02	7.09e-01	2.51e-01	2.72e-02	4.47e-04	1.26e-06	0.00e+00	0.00e+00	2.77e-05	1.46e-05	4.84e-06
 6.97422e+15	5.73e-05	1.47e-02	7.35e-01	2.27e-01	2.30e-02	3.52e-04	9.27e-07	0.00e+00	0.00e+00	3.33e-05	1.76e-05	5.83e-06
 7.00993e+15	6.54e-05	1.59e-02	7.55e-01	2.09e-01	1.99e-02	2.87e-04	0.00e+00	0.00e+00	0.00e+00	3.80e-05	2.01e-05	6.66e-06
 7.03579e+15	7.24e-05	1.69e-02	7.70e-01	1.95e-01	1.77e-02	2.44e-04	0.00e+00	0.00e+00	0.00e+00	4.21e-05	2.23e-05	7.38e-06
 7.06370e+15	7.97e-05	1.80e-02	7.85e-01	1.81e-01	1.56e-02	2.04e-04	0.00e+00	0.00e+00	0.00e+00	4.64e-05	2.45e-05	8.12e-06
 7.09998e+15	9.47e-05	1.99e-02	8.05e-01	1.61e-01	1.29e-02	1.57e-04	0.00e+00	0.00e+00	0.00e+00	5.51e-05	2.91e-05	9.66e-06
 7.13472e+15	1.08e-04	2.16e-02	8.21e-01	1.46e-01	1.09e-02	1.24e-04	0.00e+00	0.00e+00	0.00e+00	6.28e-05	3.32e-05	1.10e-05
 7.16201e+15	1.20e-04	2.29e-02	8.33e-01	1.34e-01	9.47e-03	1.02e-04	0.00e+00	0.00e+00	0.00e+00	6.96e-05	3.68e-05	1.22e-05
 7.19201e+15	1.36e-04	2.47e-02	8.46e-01	1.21e-01	8.01e-03	8.07e-05	0.00e+00	0.00e+00	0.00e+00	7.90e-05	4.18e-05	1.39e-05
 7.22588e+15	1.55e-04	2.67e-02	8.58e-01	1.08e-01	6.63e-03	6.21e-05	0.00e+00	0.00e+00	0.00e+00	9.02e-05	4.77e-05	1.59e-05
 7.25885e+15	1.77e-04	2.88e-02	8.69e-01	9.63e-02	5.49e-03	4.78e-05	0.00e+00	0.00e+00	0.00e+00	1.03e-04	5.44e-05	1.81e-05
 7.29031e+15	2.00e-04	3.09e-02	8.78e-01	8.62e-02	4.57e-03	3.70e-05	0.00e+00	0.00e+00	0.00e+00	1.16e-04	6.15e-05	2.05e-05
 7.32572e+15	2.31e-04	3.34e-02	8.87e-01	7.55e-02	3.67e-03	2.73e-05	0.00e+00	0.00e+00	0.00e+00	1.34e-04	7.09e-05	2.36e-05
 7.36342e+15	2.66e-04	3.63e-02	8.95e-01	6.57e-02	2.93e-03	1.99e-05	0.00e+00	0.00e+00	0.00e+00	1.55e-04	8.20e-05	2.73e-05
 7.39647e+15	3.02e-04	3.89e-02	9.00e-01	5.81e-02	2.39e-03	1.50e-05	0.00e+00	0.00e+00	0.00e+00	1.76e-04	9.29e-05	3.10e-05
 7.42714e+15	3.41e-04	4.15e-02	9.04e-01	5.17e-02	1.97e-03	1.14e-05	0.00e+00	0.00e+00	0.00e+00	1.98e-04	1.05e-04	3.50e-05
 7.46238e+15	3.90e-04	4.48e-02	9.08e-01	4.50e-02	1.57e-03	8.31e-06	0.00e+00	0.00e+00	0.00e+00	2.27e-04	1.20e-04	4.01e-05
 7.50069e+15	4.52e-04	4.85e-02	9.11e-01	3.88e-02	1.23e-03	5.90e-06	0.00e+00	0.00e+00	0.00e+00	2.63e-04	1.39e-04	4.65e-05
 7.53508e+15	5.14e-04	5.20e-02	9.12e-01	3.40e-02	9.91e-04	4.35e-06	0.00e+00	0.00e+00	0.00e+00	2.99e-04	1.58e-04	5.28e-05
 7.56703e+15	5.81e-04	5.56e-02	9.13e-01	3.00e-02	8.06e-04	3.24e-06	0.00e+00	0.00e+00	0.00e+00	3.38e-04	1.79e-04	5.98e-05
 7.60370e+15	6.67e-04	5.99e-02	9.13e-01	2.59e-02	6.33e-04	2.30e-06	0.00e+00	0.00e+00	0.00e+00	3.88e-04	2.05e-04	6.87e-05
 7.64347e+15	7.77e-04	6.51e-02	9.11e-01	2.22e-02	4.90e-04	1.60e-06	0.00e+00	0.00e+00	0.00e+00	4.52e-04	2.39e-04	8.00e-05
 7.67879e+15	8.87e-04	6.99e-02	9.09e-01	1.94e-02	3.92e-04	1.16e-06	0.00e+00	0.00e+00	0.00e+00	5.16e-04	2.73e-04	9.13e-05
 7.71111e+15	1.00e-03	7.46e-02	9.07e-01	1.71e-02	3.18e-04	8.62e-07	0.00e+00	0.00e+00	0.00e+00	5.82e-04	3.08e-04	1.03e-04
 7.74798e+15	1.15e-03	8.06e-02	9.03e-01	1.47e-02	2.50e-04	0.00e+00	0.00e+00	0.00e+00	0.00e+00	6.72e-04	3.55e-04	1.19e-04
 7.78768e+15	1.35e-03	8.75e-02	8.98e-01	1.26e-02	1.94e-04	0.00e+00	0.00e+00	0.00e+00	0.00e+00	7.84e-04	4.14e-04	1.39e-04
 7.82285e+15	1.54e-03	9.42e-02	8.93e-01	1.10e-02	1.55e-04	0.00e+00	0.00e+00	0.00e+00	0.00e+00	8.97e-04	4.75e-04	1.59e-04
 7.85531e+15	1.75e-03	1.01e-01	8.88e-01	9.66e-03	1.26e-04	0.00e+00	0.00e+00	0.00e+00	0.00e+00	1.02e-03	5.39e-04	1.81e-04
 7.89242e+15	2.02e-03	1.09e-01	8.81e-01	8.33e-03	9.89e-05	0.00e+00	0.00e+00	0.00e+00	0.00e+00	1.18e-03	6.22e-04	2.09e-04
 7.93353e+15	2.38e-03	1.19e-01	8.71e-01	7.07e-03	7.60e-05	0.00e+00	0.00e+00	0.00e+00	0.00e+00	1.39e-03	7.33e-04	2.46e-04
 7.97045e+15	2.77e-03	1.29e-01	8.62e-01	6.10e-03	6.02e-05	0.00e+00	0.00e+00	0.00e+00	0.00e+00	1.61e-03	8.53e-04	2.86e-04
 8.00258e+15	3.17e-03	1.39e-01	8.53e-01	5.35e-03	4.89e-05	0.00e+00	0.00e+00	0.00e+00	0.00e+00	1.85e-03	9.76e-04	3.27e-04
 8.03786e+15	3.66e-03	1.50e-01	8.42e-01	4.63e-03	3.88e-05	0.00e+00	0.00e+00	0.00e+00	0.00e+00	2.13e-03	1.13e-03	3.78e-04
 8.08372e+15	4.44e-03	1.66e-01	8.25e-01	3.81e-03	2.86e-05	0.00e+00	0.00e+00	0.00e+00	0.00e+00	2.59e-03	1.37e-03	4.59e-04
 8.12917e+15	5.43e-03	1.85e-01	8.06e-01	3.14e-03	2.12e-05	0.00e+00	0.00e+00	0.00e+00	0.00e+00	3.16e-03	1.67e-03	5.61e-04
 8.16337e+15	6.35e-03	2.01e-01	7.90e-01	2.71e-03	1.70e-05	0.00e+00	0.00e+00	0.00e+00	0.00e+00	3.69e-03	1.95e-03	6.56e-04
 8.19710e+15	7.40e-03	2.18e-01	7.72e-01	2.32e-03	1.34e-05	0.00e+00	0.00e+00	0.00e+00	0.00e+00	4.31e-03	2.28e-03	7.65e-04
