#depth	C	C+	C+2	C+3	C+4	C+5	C+6	C[1]	C[2]	C[3]	C+[1]	C+[2]	CO
 1.49634e+10	0.00e+00	3.46e-28	2.06e-19	2.73e-11	1.89e-02	9.39e-01	4.21e-02	0.00e+00	0.00e+00	0.00e+00	0.00e+00	0.00e+00	0.00e+00
 4.54887e+10	1.16e-37	4.98e-28	2.72e-19	3.30e-11	2.09e-02	9.40e-01	3.86e-02	0.00e+00	0.00e+00	0.00e+00	0.00e+00	0.00e+00	1.98e-123
 7.72350e+10	0.00e+00	7.14e-28	3.59e-19	3.99e-11	2.31e-02	9.41e-01	3.55e-02	0.00e+00	0.00e+00	0.00e+00	0.00e+00	0.00e+00	0.00e+00
 1.10251e+11	2.84e-37	1.03e-27	4.73e-19	4.81e-11	2.55e-02	9.42e-01	3.25e-02	0.00e+00	0.00e+00	0.00e+00	0.00e+00	0.00e+00	2.14e-122
 1.42555e+11	0.00e+00	1.44e-27	6.12e-19	5.73e-11	2.79e-02	9.42e-01	2.99e-02	0.00e+00	0.00e+00	0.00e+00	0.00e+00	0.00e+00	0.00e+00
 1.76152e+11	6.62e-37	2.03e-27	7.98e-19	6.87e-11	3.07e-02	9.42e-01	2.75e-02	0.00e+00	0.00e+00	0.00e+00	0.00e+00	0.00e+00	2.03e-121
 2.12325e+11	0.00e+00	2.90e-27	1.05e-18	8.26e-11	3.38e-02	9.41e-01	2.52e-02	0.00e+00	0.00e+00	0.00e+00	0.00e+00	0.00e+00	0.00e+00
 2.48090e+11	1.56e-36	4.07e-27	1.36e-18	9.84e-11	3.70e-02	9.40e-01	2.32e-02	0.00e+00	0.00e+00	0.00e+00	0.00e+00	0.00e+00	1.99e-120
 2.86085e+11	0.00e+00	5.78e-27	1.77e-18	1.18e-10	4.06e-02	9.38e-01	2.12e-02	0.00e+00	0.00e+00	0.00e+00	0.00e+00	0.00e+00	0.00e+00
 3.27455e+11	3.80e-36	8.34e-27	2.35e-18	1.43e-10	4.48e-02	9.36e-01	1.93e-02	0.00e+00	0.00e+00	0.00e+00	0.00e+00	0.00e+00	2.08e-119
 3.70480e+11	0.00e+00	1.20e-26	3.11e-18	1.73e-10	4.94e-02	9.33e-01	1.76e-02	0.00e+00	0.00e+00	0.00e+00	0.00e+00	0.00e+00	0.00e+00
 4.13168e+11	9.23e-36	1.71e-26	4.07e-18	2.07e-10	5.42e-02	9.30e-01	1.61e-02	0.00e+00	0.00e+00	0.00e+00	0.00e+00	0.00e+00	2.18e-118
 4.57564e+11	0.00e+00	2.43e-26	5.32e-18	2.48e-10	5.94e-02	9.26e-01	1.46e-02	0.00e+00	0.00e+00	0.00e+00	0.00e+00	0.00e+00	0.00e+00
 5.05794e+11	2.24e-35	3.51e-26	7.05e-18	3.01e-10	6.53e-02	9.21e-01	1.33e-02	0.00e+00	0.00e+00	0.00e+00	0.00e+00	0.00e+00	2.29e-117
 5.55952e+11	0.00e+00	5.07e-26	9.35e-18	3.64e-10	7.19e-02	9.16e-01	1.20e-02	0.00e+00	0.00e+00	0.00e+00	0.00e+00	0.00e+00	0.00e+00
 6.08117e+11	5.57e-35	7.31e-26	1.24e-17	4.40e-10	7.90e-02	9.10e-01	1.09e-02	0.00e+00	0.00e+00	0.00e+00	0.00e+00	0.00e+00	2.52e-116
 6.62368e+11	8.76e-35	1.06e-25	1.64e-17	5.32e-10	8.68e-02	9.03e-01	9.85e-03	0.00e+00	0.00e+00	0.00e+00	0.00e+00	0.00e+00	0.00e+00
 7.18790e+11	1.38e-34	1.52e-25	2.18e-17	6.43e-10	9.52e-02	8.96e-01	8.89e-03	0.00e+00	0.00e+00	0.00e+00	0.00e+00	0.00e+00	2.76e-115
 7.69935e+11	2.04e-34	2.10e-25	2.78e-17	7.59e-10	1.03e-01	8.89e-01	8.12e-03	0.00e+00	0.00e+00	0.00e+00	0.00e+00	0.00e+00	1.22e-97
 8.12741e+11	2.81e-34	2.71e-25	3.39e-17	8.67e-10	1.10e-01	8.82e-01	7.54e-03	0.00e+00	0.00e+00	0.00e+00	0.00e+00	0.00e+00	0.00e+00
 8.59717e+11	3.94e-34	3.57e-25	4.19e-17	9.99e-10	1.18e-01	8.75e-01	6.96e-03	0.00e+00	0.00e+00	0.00e+00	0.00e+00	0.00e+00	4.46e-114
 9.18958e+11	5.95e-34	4.99e-25	5.42e-17	1.19e-09	1.28e-01	8.66e-01	6.31e-03	0.00e+00	0.00e+00	0.00e+00	0.00e+00	0.00e+00	1.33e-96
 9.80622e+11	8.99e-34	6.97e-25	7.02e-17	1.41e-09	1.39e-01	8.55e-01	5.70e-03	0.00e+00	0.00e+00	0.00e+00	0.00e+00	0.00e+00	0.00e+00
 1.03347e+12	1.26e-33	9.18e-25	8.68e-17	1.63e-09	1.49e-01	8.46e-01	5.24e-03	0.00e+00	0.00e+00	0.00e+00	0.00e+00	0.00e+00	9.76e-113
 1.08839e+12	1.77e-33	1.21e-24	1.07e-16	1.88e-09	1.59e-01	8.36e-01	4.82e-03	0.00e+00	0.00e+00	0.00e+00	0.00e+00	0.00e+00	1.51e-95
 1.15678e+12	2.67e-33	1.68e-24	1.39e-16	2.23e-09	1.72e-01	8.24e-01	4.34e-03	0.00e+00	0.00e+00	0.00e+00	0.00e+00	0.00e+00	0.00e+00
 1.22605e+12	3.96e-33	2.32e-24	1.78e-16	2.63e-09	1.86e-01	8.11e-01	3.91e-03	0.00e+00	0.00e+00	0.00e+00	0.00e+00	0.00e+00	2.05e-111
 1.28641e+12	5.50e-33	3.03e-24	2.18e-16	3.02e-09	1.97e-01	7.99e-01	3.58e-03	0.00e+00	0.00e+00	0.00e+00	0.00e+00	0.00e+00	1.89e-94
 1.35181e+12	7.76e-33	4.00e-24	2.71e-16	3.48e-09	2.11e-01	7.86e-01	3.27e-03	0.00e+00	0.00e+00	0.00e+00	0.00e+00	0.00e+00	1.25e-110
 1.43152e+12	1.16e-32	5.55e-24	3.48e-16	4.12e-09	2.27e-01	7.70e-01	2.92e-03	0.00e+00	0.00e+00	0.00e+00	0.00e+00	0.00e+00	1.00e-93
 1.51264e+12	1.71e-32	7.61e-24	4.45e-16	4.84e-09	2.44e-01	7.54e-01	2.62e-03	0.00e+00	0.00e+00	0.00e+00	0.00e+00	0.00e+00	1.05e-109
 1.58699e+12	2.41e-32	1.00e-23	5.51e-16	5.57e-09	2.59e-01	7.39e-01	2.37e-03	0.00e+00	0.00e+00	0.00e+00	0.00e+00	0.00e+00	5.16e-93
 1.66974e+12	3.47e-32	1.35e-23	6.92e-16	6.47e-09	2.76e-01	7.22e-01	2.13e-03	0.00e+00	0.00e+00	0.00e+00	0.00e+00	0.00e+00	7.19e-109
 1.76581e+12	5.19e-32	1.87e-23	8.90e-16	7.64e-09	2.96e-01	7.02e-01	1.89e-03	0.00e+00	0.00e+00	0.00e+00	0.00e+00	0.00e+00	2.92e-92
 1.86069e+12	7.58e-32	2.54e-23	1.13e-15	8.92e-09	3.15e-01	6.83e-01	1.68e-03	0.00e+00	0.00e+00	0.00e+00	0.00e+00	0.00e+00	6.14e-108
 1.95150e+12	1.07e-31	3.36e-23	1.40e-15	1.03e-08	3.34e-01	6.65e-01	1.51e-03	0.00e+00	0.00e+00	0.00e+00	0.00e+00	0.00e+00	1.51e-91
 2.05162e+12	1.54e-31	4.51e-23	1.75e-15	1.19e-08	3.54e-01	6.45e-01	1.34e-03	0.00e+00	0.00e+00	0.00e+00	0.00e+00	0.00e+00	4.39e-107
 2.16362e+12	2.27e-31	6.16e-23	2.23e-15	1.39e-08	3.76e-01	6.23e-01	1.18e-03	0.00e+00	0.00e+00	0.00e+00	0.00e+00	0.00e+00	8.48e-91
 2.26538e+12	3.18e-31	8.08e-23	2.74e-15	1.59e-08	3.96e-01	6.03e-01	1.06e-03	0.00e+00	0.00e+00	0.00e+00	0.00e+00	0.00e+00	3.33e-106
 2.35095e+12	4.16e-31	1.01e-22	3.23e-15	1.77e-08	4.12e-01	5.87e-01	9.64e-04	0.00e+00	0.00e+00	0.00e+00	0.00e+00	0.00e+00	3.45e-90
 2.44501e+12	5.55e-31	1.27e-22	3.86e-15	1.97e-08	4.29e-01	5.70e-01	8.73e-04	0.00e+00	0.00e+00	0.00e+00	0.00e+00	0.00e+00	1.62e-105
 2.55118e+12	7.58e-31	1.63e-22	4.67e-15	2.23e-08	4.49e-01	5.51e-01	7.82e-04	0.00e+00	0.00e+00	0.00e+00	0.00e+00	0.00e+00	1.39e-89
 2.65283e+12	1.01e-30	2.05e-22	5.56e-15	2.49e-08	4.66e-01	5.33e-01	7.06e-04	0.00e+00	0.00e+00	0.00e+00	0.00e+00	0.00e+00	8.93e-105
 2.76471e+12	1.37e-30	2.61e-22	6.68e-15	2.80e-08	4.85e-01	5.14e-01	6.32e-04	0.00e+00	0.00e+00	0.00e+00	0.00e+00	0.00e+00	5.58e-89
 2.88897e+12	1.89e-30	3.38e-22	8.12e-15	3.16e-08	5.06e-01	4.94e-01	5.60e-04	0.00e+00	0.00e+00	0.00e+00	0.00e+00	0.00e+00	5.42e-104
 3.00540e+12	2.52e-30	4.26e-22	9.67e-15	3.52e-08	5.24e-01	4.75e-01	5.02e-04	0.00e+00	0.00e+00	0.00e+00	0.00e+00	0.00e+00	2.39e-88
 3.13283e+12	3.41e-30	5.43e-22	1.16e-14	3.95e-08	5.43e-01	4.56e-01	4.47e-04	0.00e+00	0.00e+00	0.00e+00	0.00e+00	0.00e+00	3.06e-103
 3.27614e+12	4.74e-30	7.05e-22	1.41e-14	4.46e-08	5.64e-01	4.35e-01	3.93e-04	0.00e+00	0.00e+00	0.00e+00	0.00e+00	0.00e+00	1.09e-87
 3.41303e+12	6.40e-30	8.94e-22	1.69e-14	4.97e-08	5.83e-01	4.17e-01	3.49e-04	0.00e+00	0.00e+00	0.00e+00	0.00e+00	0.00e+00	1.94e-102
 3.56317e+12	8.77e-30	1.15e-21	2.03e-14	5.57e-08	6.02e-01	3.97e-01	3.07e-04	0.00e+00	0.00e+00	0.00e+00	0.00e+00	0.00e+00	4.83e-87
 3.72203e+12	1.21e-29	1.48e-21	2.46e-14	6.25e-08	6.22e-01	3.78e-01	2.69e-04	0.00e+00	0.00e+00	0.00e+00	0.00e+00	0.00e+00	1.28e-101
 3.86085e+12	1.58e-29	1.83e-21	2.88e-14	6.88e-08	6.38e-01	3.61e-01	2.40e-04	0.00e+00	0.00e+00	0.00e+00	0.00e+00	0.00e+00	2.03e-86
 4.00917e+12	2.08e-29	2.28e-21	3.38e-14	7.57e-08	6.55e-01	3.45e-01	2.14e-04	0.00e+00	0.00e+00	0.00e+00	0.00e+00	0.00e+00	6.55e-101
 4.18982e+12	2.87e-29	2.94e-21	4.08e-14	8.47e-08	6.73e-01	3.27e-01	1.87e-04	0.00e+00	0.00e+00	0.00e+00	0.00e+00	0.00e+00	8.92e-86
 4.37028e+12	3.91e-29	3.75e-21	4.88e-14	9.43e-08	6.91e-01	3.09e-01	1.63e-04	0.00e+00	0.00e+00	0.00e+00	0.00e+00	0.00e+00	4.41e-100
 4.52937e+12	5.08e-29	4.61e-21	5.68e-14	1.03e-07	7.05e-01	2.95e-01	1.45e-04	0.00e+00	0.00e+00	0.00e+00	0.00e+00	0.00e+00	3.67e-85
 4.70294e+12	6.69e-29	5.72e-21	6.65e-14	1.13e-07	7.20e-01	2.80e-01	1.28e-04	0.00e+00	0.00e+00	0.00e+00	0.00e+00	0.00e+00	2.27e-99
 4.91203e+12	9.20e-29	7.34e-21	7.99e-14	1.26e-07	7.37e-01	2.63e-01	1.11e-04	0.00e+00	0.00e+00	0.00e+00	0.00e+00	0.00e+00	1.62e-84
 5.12149e+12	1.25e-28	9.33e-21	9.51e-14	1.39e-07	7.52e-01	2.48e-01	9.67e-05	0.00e+00	0.00e+00	0.00e+00	0.00e+00	0.00e+00	1.54e-98
 5.31196e+12	1.63e-28	1.15e-20	1.11e-13	1.52e-07	7.65e-01	2.35e-01	8.55e-05	0.00e+00	0.00e+00	0.00e+00	0.00e+00	0.00e+00	6.90e-84
 5.52356e+12	2.17e-28	1.44e-20	1.30e-13	1.67e-07	7.78e-01	2.22e-01	7.49e-05	0.00e+00	0.00e+00	0.00e+00	0.00e+00	0.00e+00	8.55e-98
 5.77099e+12	2.99e-28	1.85e-20	1.56e-13	1.85e-07	7.92e-01	2.08e-01	6.44e-05	0.00e+00	0.00e+00	0.00e+00	0.00e+00	0.00e+00	3.24e-83
 6.01517e+12	4.05e-28	2.34e-20	1.85e-13	2.04e-07	8.05e-01	1.95e-01	5.58e-05	0.00e+00	0.00e+00	0.00e+00	0.00e+00	0.00e+00	5.97e-97
 6.24579e+12	5.34e-28	2.90e-20	2.16e-13	2.22e-07	8.16e-01	1.83e-01	4.89e-05	0.00e+00	0.00e+00	0.00e+00	0.00e+00	0.00e+00	1.43e-82
 6.50221e+12	7.17e-28	3.65e-20	2.54e-13	2.44e-07	8.28e-01	1.72e-01	4.25e-05	0.00e+00	0.00e+00	0.00e+00	0.00e+00	0.00e+00	3.58e-96
 6.79223e+12	9.88e-28	4.67e-20	3.03e-13	2.69e-07	8.40e-01	1.60e-01	3.64e-05	0.00e+00	0.00e+00	0.00e+00	0.00e+00	0.00e+00	7.03e-82
 7.08348e+12	1.35e-27	5.94e-20	3.60e-13	2.96e-07	8.50e-01	1.50e-01	3.13e-05	0.00e+00	0.00e+00	0.00e+00	0.00e+00	0.00e+00	2.60e-95
 7.38638e+12	1.83e-27	7.53e-20	4.26e-13	3.25e-07	8.60e-01	1.40e-01	2.69e-05	0.00e+00	0.00e+00	0.00e+00	0.00e+00	0.00e+00	3.51e-81
 7.71176e+12	2.52e-27	9.63e-20	5.07e-13	3.57e-07	8.70e-01	1.30e-01	2.30e-05	0.00e+00	0.00e+00	0.00e+00	0.00e+00	0.00e+00	1.88e-94
 8.05016e+12	3.45e-27	1.23e-19	6.02e-13	3.93e-07	8.79e-01	1.21e-01	1.97e-05	0.00e+00	0.00e+00	0.00e+00	0.00e+00	0.00e+00	1.85e-80
 8.38315e+12	4.66e-27	1.55e-19	7.08e-13	4.29e-07	8.87e-01	1.12e-01	1.70e-05	0.00e+00	0.00e+00	0.00e+00	0.00e+00	0.00e+00	1.34e-93
 8.69281e+12	6.09e-27	1.90e-19	8.19e-13	4.64e-07	8.94e-01	1.06e-01	1.49e-05	0.00e+00	0.00e+00	0.00e+00	0.00e+00	0.00e+00	8.25e-80
 8.97224e+12	7.70e-27	2.28e-19	9.29e-13	4.97e-07	9.00e-01	9.99e-02	1.32e-05	0.00e+00	0.00e+00	0.00e+00	0.00e+00	0.00e+00	6.67e-93
 9.27182e+12	9.83e-27	2.75e-19	1.06e-12	5.33e-07	9.06e-01	9.43e-02	1.17e-05	0.00e+00	0.00e+00	0.00e+00	0.00e+00	0.00e+00	2.94e-79
 9.64493e+12	1.32e-26	3.44e-19	1.24e-12	5.80e-07	9.12e-01	8.80e-02	1.01e-05	0.00e+00	0.00e+00	0.00e+00	0.00e+00	0.00e+00	3.73e-92
 1.00191e+13	1.75e-26	4.27e-19	1.44e-12	6.29e-07	9.18e-01	8.22e-02	8.78e-06	0.00e+00	0.00e+00	0.00e+00	0.00e+00	0.00e+00	1.36e-78
 1.03406e+13	2.22e-26	5.12e-19	1.63e-12	6.72e-07	9.22e-01	7.77e-02	7.80e-06	0.00e+00	0.00e+00	0.00e+00	0.00e+00	0.00e+00	1.98e-91
 1.06883e+13	2.84e-26	6.18e-19	1.86e-12	7.20e-07	9.27e-01	7.32e-02	6.90e-06	0.00e+00	0.00e+00	0.00e+00	0.00e+00	0.00e+00	4.96e-78
 1.11175e+13	3.81e-26	7.74e-19	2.17e-12	7.82e-07	9.32e-01	6.82e-02	5.95e-06	0.00e+00	0.00e+00	0.00e+00	0.00e+00	0.00e+00	1.13e-90
 1.15468e+13	5.07e-26	9.61e-19	2.52e-12	8.46e-07	9.36e-01	6.36e-02	5.16e-06	0.00e+00	0.00e+00	0.00e+00	0.00e+00	0.00e+00	2.34e-77
 1.19174e+13	6.43e-26	1.15e-18	2.85e-12	9.02e-07	9.40e-01	6.01e-02	4.58e-06	0.00e+00	0.00e+00	0.00e+00	0.00e+00	0.00e+00	6.09e-90
 1.23177e+13	8.25e-26	1.39e-18	3.25e-12	9.66e-07	9.43e-01	5.66e-02	4.05e-06	0.00e+00	0.00e+00	0.00e+00	0.00e+00	0.00e+00	8.70e-77
 1.28098e+13	1.11e-25	1.74e-18	3.79e-12	1.05e-06	9.47e-01	5.26e-02	3.49e-06	0.00e+00	0.00e+00	0.00e+00	0.00e+00	0.00e+00	1.93e-76
 1.33065e+13	1.48e-25	2.17e-18	4.40e-12	1.13e-06	9.51e-01	4.90e-02	3.02e-06	0.00e+00	0.00e+00	0.00e+00	0.00e+00	0.00e+00	4.20e-76
 1.37465e+13	1.89e-25	2.61e-18	5.00e-12	1.21e-06	9.54e-01	4.62e-02	2.67e-06	0.00e+00	0.00e+00	0.00e+00	0.00e+00	0.00e+00	8.21e-76
 1.42276e+13	2.46e-25	3.19e-18	5.72e-12	1.30e-06	9.57e-01	4.33e-02	2.35e-06	0.00e+00	0.00e+00	0.00e+00	0.00e+00	0.00e+00	1.67e-75
 1.48044e+13	3.33e-25	4.01e-18	6.68e-12	1.40e-06	9.60e-01	4.03e-02	2.02e-06	0.00e+00	0.00e+00	0.00e+00	0.00e+00	0.00e+00	3.78e-75
 1.53793e+13	4.45e-25	4.99e-18	7.76e-12	1.52e-06	9.63e-01	3.75e-02	1.74e-06	0.00e+00	0.00e+00	0.00e+00	0.00e+00	0.00e+00	8.32e-75
 1.59030e+13	5.75e-25	6.06e-18	8.84e-12	1.62e-06	9.65e-01	3.52e-02	1.54e-06	0.00e+00	0.00e+00	0.00e+00	0.00e+00	0.00e+00	1.67e-74
 1.64867e+13	7.57e-25	7.46e-18	1.02e-11	1.74e-06	9.67e-01	3.29e-02	1.34e-06	0.00e+00	0.00e+00	0.00e+00	0.00e+00	0.00e+00	3.54e-74
 1.71679e+13	1.03e-24	9.43e-18	1.19e-11	1.89e-06	9.69e-01	3.05e-02	1.15e-06	0.00e+00	0.00e+00	0.00e+00	0.00e+00	0.00e+00	8.23e-74
 1.78393e+13	1.39e-24	1.18e-17	1.39e-11	2.04e-06	9.72e-01	2.84e-02	9.91e-07	0.00e+00	0.00e+00	0.00e+00	0.00e+00	0.00e+00	1.84e-73
 1.84747e+13	1.81e-24	1.44e-17	1.59e-11	2.19e-06	9.73e-01	2.66e-02	0.00e+00	0.00e+00	0.00e+00	0.00e+00	0.00e+00	0.00e+00	3.83e-73
 1.91809e+13	2.42e-24	1.79e-17	1.84e-11	2.36e-06	9.75e-01	2.47e-02	0.00e+00	0.00e+00	0.00e+00	0.00e+00	0.00e+00	0.00e+00	8.43e-73
 1.99781e+13	3.31e-24	2.27e-17	2.16e-11	2.56e-06	9.77e-01	2.29e-02	0.00e+00	0.00e+00	0.00e+00	0.00e+00	0.00e+00	0.00e+00	1.98e-72
 2.07789e+13	4.49e-24	2.85e-17	2.52e-11	2.77e-06	9.79e-01	2.12e-02	0.00e+00	0.00e+00	0.00e+00	0.00e+00	0.00e+00	0.00e+00	4.54e-72
 2.16119e+13	6.08e-24	3.59e-17	2.94e-11	2.99e-06	9.80e-01	1.97e-02	0.00e+00	0.00e+00	0.00e+00	0.00e+00	0.00e+00	0.00e+00	1.04e-71
 2.25063e+13	8.32e-24	4.54e-17	3.44e-11	3.24e-06	9.82e-01	1.82e-02	0.00e+00	0.00e+00	0.00e+00	0.00e+00	1.45e-17	3.09e-17	2.45e-71
 2.33724e+13	1.11e-23	5.66e-17	3.99e-11	3.50e-06	9.83e-01	1.70e-02	0.00e+00	0.00e+00	0.00e+00	0.00e+00	1.88e-17	3.78e-17	5.44e-71
 2.41871e+13	1.45e-23	6.91e-17	4.56e-11	3.74e-06	9.84e-01	1.59e-02	0.00e+00	0.00e+00	0.00e+00	0.00e+00	2.29e-17	4.62e-17	1.12e-70
 2.50984e+13	1.93e-23	8.58e-17	5.28e-11	4.03e-06	9.85e-01	1.48e-02	0.00e+00	0.00e+00	0.00e+00	0.00e+00	2.85e-17	5.73e-17	2.45e-70
 2.60169e+13	2.55e-23	1.06e-16	6.08e-11	4.33e-06	9.86e-01	1.38e-02	0.00e+00	0.00e+00	0.00e+00	0.00e+00	3.51e-17	7.06e-17	5.24e-70
 2.67797e+13	3.19e-23	1.25e-16	6.81e-11	4.59e-06	9.87e-01	1.30e-02	0.00e+00	0.00e+00	0.00e+00	0.00e+00	4.16e-17	8.36e-17	9.67e-70
 2.75874e+13	4.02e-23	1.49e-16	7.66e-11	4.87e-06	9.88e-01	1.23e-02	0.00e+00	0.00e+00	0.00e+00	0.00e+00	4.94e-17	9.95e-17	1.81e-69
 2.86198e+13	5.34e-23	1.85e-16	8.85e-11	5.24e-06	9.89e-01	1.14e-02	0.00e+00	0.00e+00	0.00e+00	0.00e+00	6.12e-17	1.23e-16	3.93e-69
 2.97026e+13	7.12e-23	2.29e-16	1.03e-10	5.65e-06	9.89e-01	1.06e-02	0.00e+00	0.00e+00	0.00e+00	0.00e+00	7.61e-17	1.53e-16	8.70e-69
 3.06608e+13	9.10e-23	2.76e-16	1.16e-10	6.02e-06	9.90e-01	9.99e-03	0.00e+00	0.00e+00	0.00e+00	0.00e+00	9.16e-17	1.84e-16	1.69e-68
 3.16988e+13	1.18e-22	3.35e-16	1.33e-10	6.44e-06	9.91e-01	9.35e-03	0.00e+00	0.00e+00	0.00e+00	0.00e+00	1.11e-16	2.24e-16	3.41e-68
 3.29461e+13	1.59e-22	4.20e-16	1.55e-10	6.96e-06	9.91e-01	8.66e-03	0.00e+00	0.00e+00	0.00e+00	0.00e+00	1.39e-16	2.81e-16	7.67e-68
 3.42093e+13	2.12e-22	5.24e-16	1.79e-10	7.51e-06	9.92e-01	8.04e-03	0.00e+00	0.00e+00	0.00e+00	0.00e+00	1.74e-16	3.50e-16	1.70e-67
 3.53930e+13	2.76e-22	6.39e-16	2.05e-10	8.05e-06	9.92e-01	7.51e-03	0.00e+00	0.00e+00	0.00e+00	0.00e+00	2.12e-16	4.27e-16	3.48e-67
 3.67086e+13	3.66e-22	7.91e-16	2.38e-10	8.67e-06	9.93e-01	6.99e-03	0.00e+00	0.00e+00	0.00e+00	0.00e+00	2.63e-16	5.29e-16	7.49e-67
 3.81019e+13	4.89e-22	9.84e-16	2.76e-10	9.35e-06	9.94e-01	6.48e-03	0.00e+00	0.00e+00	0.00e+00	0.00e+00	3.26e-16	6.57e-16	1.64e-66
 3.93404e+13	6.26e-22	1.19e-15	3.13e-10	9.98e-06	9.94e-01	6.08e-03	0.00e+00	0.00e+00	0.00e+00	0.00e+00	3.94e-16	7.93e-16	3.21e-66
 4.06735e+13	8.10e-22	1.44e-15	3.57e-10	1.07e-05	9.94e-01	5.69e-03	0.00e+00	0.00e+00	0.00e+00	0.00e+00	4.78e-16	9.64e-16	6.46e-66
 4.22705e+13	1.09e-21	1.81e-15	4.17e-10	1.16e-05	9.95e-01	5.26e-03	0.00e+00	0.00e+00	0.00e+00	0.00e+00	5.99e-16	1.21e-15	1.45e-65
 4.38423e+13	1.44e-21	2.24e-15	4.83e-10	1.25e-05	9.95e-01	4.89e-03	0.00e+00	0.00e+00	0.00e+00	0.00e+00	7.42e-16	1.50e-15	3.12e-65
 4.52430e+13	1.84e-21	2.69e-15	5.47e-10	1.33e-05	9.95e-01	4.59e-03	0.00e+00	0.00e+00	0.00e+00	0.00e+00	8.92e-16	1.80e-15	6.05e-65
 4.67895e+13	2.39e-21	3.28e-15	6.26e-10	1.42e-05	9.96e-01	4.28e-03	0.00e+00	0.00e+00	0.00e+00	0.00e+00	1.09e-15	2.19e-15	1.22e-64
 4.86318e+13	3.22e-21	4.11e-15	7.31e-10	1.54e-05	9.96e-01	3.96e-03	0.00e+00	0.00e+00	0.00e+00	0.00e+00	1.36e-15	2.74e-15	2.74e-64
 5.04608e+13	4.28e-21	5.10e-15	8.47e-10	1.66e-05	9.96e-01	3.68e-03	0.00e+00	0.00e+00	0.00e+00	0.00e+00	1.69e-15	3.41e-15	5.96e-64
 5.21351e+13	5.51e-21	6.18e-15	9.65e-10	1.78e-05	9.97e-01	3.44e-03	0.00e+00	0.00e+00	0.00e+00	0.00e+00	2.05e-15	4.13e-15	1.18e-63
 5.40062e+13	7.23e-21	7.59e-15	1.11e-09	1.91e-05	9.97e-01	3.20e-03	0.00e+00	0.00e+00	0.00e+00	0.00e+00	2.52e-15	5.07e-15	2.48e-63
 5.61801e+13	9.80e-21	9.57e-15	1.30e-09	2.07e-05	9.97e-01	2.95e-03	0.00e+00	0.00e+00	0.00e+00	0.00e+00	3.17e-15	6.40e-15	5.67e-63
 5.83133e+13	1.31e-20	1.19e-14	1.51e-09	2.24e-05	9.97e-01	2.74e-03	0.00e+00	0.00e+00	0.00e+00	0.00e+00	3.95e-15	7.96e-15	1.24e-62
 6.03334e+13	1.70e-20	1.45e-14	1.73e-09	2.40e-05	9.97e-01	2.56e-03	0.00e+00	0.00e+00	0.00e+00	0.00e+00	4.82e-15	9.72e-15	2.55e-62
 6.25783e+13	2.26e-20	1.80e-14	2.01e-09	2.59e-05	9.98e-01	2.37e-03	0.00e+00	0.00e+00	0.00e+00	0.00e+00	5.97e-15	1.20e-14	5.49e-62
 6.51113e+13	3.07e-20	2.27e-14	2.35e-09	2.81e-05	9.98e-01	2.19e-03	0.00e+00	0.00e+00	0.00e+00	0.00e+00	7.53e-15	1.52e-14	1.27e-61
 6.75170e+13	4.06e-20	2.81e-14	2.72e-09	3.02e-05	9.98e-01	2.03e-03	0.00e+00	0.00e+00	0.00e+00	0.00e+00	9.32e-15	1.88e-14	2.73e-61
 6.97102e+13	5.21e-20	3.39e-14	3.09e-09	3.23e-05	9.98e-01	1.90e-03	0.00e+00	0.00e+00	0.00e+00	0.00e+00	1.12e-14	2.27e-14	5.36e-61
 7.21914e+13	6.83e-20	4.17e-14	3.56e-09	3.47e-05	9.98e-01	1.77e-03	0.00e+00	0.00e+00	0.00e+00	0.00e+00	1.38e-14	2.79e-14	1.12e-60
 7.50806e+13	9.26e-20	5.25e-14	4.16e-09	3.76e-05	9.98e-01	1.64e-03	0.00e+00	0.00e+00	0.00e+00	0.00e+00	1.74e-14	3.51e-14	2.58e-60
 7.78529e+13	1.23e-19	6.50e-14	4.81e-09	4.04e-05	9.98e-01	1.52e-03	0.00e+00	0.00e+00	0.00e+00	0.00e+00	2.15e-14	4.35e-14	5.58e-60
 8.01496e+13	1.54e-19	7.71e-14	5.40e-09	4.29e-05	9.99e-01	1.43e-03	0.00e+00	0.00e+00	0.00e+00	0.00e+00	2.55e-14	5.16e-14	1.03e-59
 8.24754e+13	1.92e-19	9.13e-14	6.06e-09	4.55e-05	9.99e-01	1.35e-03	0.00e+00	0.00e+00	0.00e+00	0.00e+00	3.02e-14	6.11e-14	1.90e-59
 8.54808e+13	2.54e-19	1.13e-13	6.99e-09	4.89e-05	9.99e-01	1.26e-03	0.00e+00	0.00e+00	0.00e+00	0.00e+00	3.73e-14	7.54e-14	4.07e-59
 8.85899e+13	3.36e-19	1.39e-13	8.06e-09	5.26e-05	9.99e-01	1.17e-03	0.00e+00	0.00e+00	0.00e+00	0.00e+00	4.60e-14	9.31e-14	8.73e-59
 9.12263e+13	4.22e-19	1.65e-13	9.07e-09	5.58e-05	9.99e-01	1.10e-03	0.00e+00	0.00e+00	0.00e+00	0.00e+00	5.47e-14	1.11e-13	1.63e-58
 9.40278e+13	5.35e-19	1.98e-13	1.02e-08	5.94e-05	9.99e-01	1.04e-03	0.00e+00	0.00e+00	0.00e+00	0.00e+00	6.54e-14	1.32e-13	3.12e-58
 9.75385e+13	7.12e-19	2.45e-13	1.18e-08	6.40e-05	9.99e-01	9.64e-04	0.00e+00	0.00e+00	0.00e+00	0.00e+00	8.11e-14	1.64e-13	6.83e-58
 1.01154e+14	9.46e-19	3.04e-13	1.37e-08	6.89e-05	9.99e-01	8.95e-04	0.00e+00	0.00e+00	0.00e+00	0.00e+00	1.01e-13	2.04e-13	1.49e-57
 1.04338e+14	1.21e-18	3.66e-13	1.55e-08	7.33e-05	9.99e-01	8.41e-04	0.00e+00	0.00e+00	0.00e+00	0.00e+00	1.21e-13	2.45e-13	2.90e-57
 1.07778e+14	1.55e-18	4.43e-13	1.77e-08	7.83e-05	9.99e-01	7.87e-04	0.00e+00	0.00e+00	0.00e+00	0.00e+00	1.46e-13	2.96e-13	5.82e-57
 1.11932e+14	2.09e-18	5.53e-13	2.06e-08	8.46e-05	9.99e-01	7.29e-04	0.00e+00	0.00e+00	0.00e+00	0.00e+00	1.83e-13	3.71e-13	1.31e-56
 1.16053e+14	2.77e-18	6.85e-13	2.37e-08	9.11e-05	9.99e-01	6.78e-04	0.00e+00	0.00e+00	0.00e+00	0.00e+00	2.26e-13	4.59e-13	2.85e-56
 1.19714e+14	3.53e-18	8.23e-13	2.69e-08	9.70e-05	9.99e-01	6.36e-04	0.00e+00	0.00e+00	0.00e+00	0.00e+00	2.71e-13	5.52e-13	5.55e-56
 1.23739e+14	4.57e-18	1.00e-12	3.07e-08	1.04e-04	9.99e-01	5.95e-04	0.00e+00	0.00e+00	0.00e+00	0.00e+00	3.30e-13	6.71e-13	1.13e-55
 1.28548e+14	6.15e-18	1.25e-12	3.58e-08	1.12e-04	9.99e-01	5.50e-04	0.00e+00	0.00e+00	0.00e+00	0.00e+00	4.13e-13	8.40e-13	2.55e-55
 1.33326e+14	8.17e-18	1.55e-12	4.14e-08	1.21e-04	9.99e-01	5.11e-04	0.00e+00	0.00e+00	0.00e+00	0.00e+00	5.12e-13	1.04e-12	5.59e-55
 1.37671e+14	1.05e-17	1.88e-12	4.71e-08	1.29e-04	9.99e-01	4.79e-04	0.00e+00	0.00e+00	0.00e+00	0.00e+00	6.18e-13	1.26e-12	1.11e-54
 1.42509e+14	1.37e-17	2.30e-12	5.41e-08	1.39e-04	9.99e-01	4.46e-04	0.00e+00	0.00e+00	0.00e+00	0.00e+00	7.57e-13	1.54e-12	2.32e-54
 1.48163e+14	1.86e-17	2.89e-12	6.32e-08	1.50e-04	9.99e-01	4.12e-04	0.00e+00	0.00e+00	0.00e+00	0.00e+00	9.52e-13	1.94e-12	5.34e-54
 1.53726e+14	2.47e-17	3.59e-12	7.33e-08	1.62e-04	9.99e-01	3.81e-04	0.00e+00	0.00e+00	0.00e+00	0.00e+00	1.18e-12	2.41e-12	1.17e-53
 1.58949e+14	3.19e-17	4.37e-12	8.38e-08	1.73e-04	9.99e-01	3.56e-04	0.00e+00	0.00e+00	0.00e+00	0.00e+00	1.44e-12	2.93e-12	2.39e-53
 1.64775e+14	4.21e-17	5.40e-12	9.69e-08	1.87e-04	9.99e-01	3.30e-04	0.00e+00	0.00e+00	0.00e+00	0.00e+00	1.77e-12	3.62e-12	5.12e-53
 1.71396e+14	5.69e-17	6.79e-12	1.14e-07	2.03e-04	9.99e-01	3.04e-04	0.00e+00	4.68e-18	1.41e-17	2.35e-17	2.23e-12	4.56e-12	1.18e-52
 1.77997e+14	7.60e-17	8.47e-12	1.32e-07	2.20e-04	9.99e-01	2.81e-04	0.00e+00	6.26e-18	1.88e-17	3.14e-17	2.78e-12	5.69e-12	2.62e-52
 1.84862e+14	1.01e-16	1.06e-11	1.54e-07	2.38e-04	1.00e+00	2.60e-04	0.00e+00	8.35e-18	2.51e-17	4.19e-17	3.47e-12	7.10e-12	5.82e-52
 1.91049e+14	1.30e-16	1.28e-11	1.76e-07	2.55e-04	1.00e+00	2.42e-04	0.00e+00	1.07e-17	3.22e-17	5.38e-17	4.20e-12	8.60e-12	1.16e-51
 1.95710e+14	1.56e-16	1.47e-11	1.94e-07	2.69e-04	1.00e+00	2.30e-04	0.00e+00	1.29e-17	3.86e-17	6.45e-17	4.82e-12	9.88e-12	1.92e-51
 2.00570e+14	1.88e-16	1.70e-11	2.15e-07	2.83e-04	9.99e-01	2.19e-04	0.00e+00	1.55e-17	4.65e-17	7.77e-17	5.56e-12	1.14e-11	3.22e-51
 2.06888e+14	2.37e-16	2.03e-11	2.43e-07	3.02e-04	9.99e-01	2.05e-04	0.00e+00	1.95e-17	5.86e-17	9.80e-17	6.64e-12	1.36e-11	6.12e-51
 2.13756e+14	3.02e-16	2.45e-11	2.78e-07	3.24e-04	9.99e-01	1.91e-04	0.00e+00	2.49e-17	7.48e-17	1.25e-16	8.02e-12	1.65e-11	1.21e-50
 2.19974e+14	3.73e-16	2.88e-11	3.12e-07	3.45e-04	9.99e-01	1.79e-04	0.00e+00	3.08e-17	9.26e-17	1.55e-16	9.44e-12	1.94e-11	2.18e-50
 2.26693e+14	4.66e-16	3.43e-11	3.53e-07	3.68e-04	9.99e-01	1.68e-04	0.00e+00	3.85e-17	1.16e-16	1.93e-16	1.12e-11	2.30e-11	4.06e-50
 2.35115e+14	6.09e-16	4.22e-11	4.09e-07	3.99e-04	9.99e-01	1.55e-04	0.00e+00	5.04e-17	1.51e-16	2.53e-16	1.38e-11	2.84e-11	8.59e-50
 2.43578e+14	7.89e-16	5.16e-11	4.73e-07	4.31e-04	9.99e-01	1.44e-04	0.00e+00	6.52e-17	1.96e-16	3.27e-16	1.69e-11	3.47e-11	1.77e-49
 2.50784e+14	9.75e-16	6.09e-11	5.33e-07	4.60e-04	9.99e-01	1.35e-04	0.00e+00	8.07e-17	2.42e-16	4.05e-16	1.99e-11	4.10e-11	3.23e-49
 2.58531e+14	1.21e-15	7.22e-11	6.03e-07	4.92e-04	9.99e-01	1.26e-04	0.00e+00	1.00e-16	3.01e-16	5.04e-16	2.36e-11	4.86e-11	5.97e-49
 2.68183e+14	1.58e-15	8.88e-11	7.00e-07	5.33e-04	9.99e-01	1.16e-04	0.00e+00	1.31e-16	3.93e-16	6.56e-16	2.90e-11	5.97e-11	1.26e-48
 2.78137e+14	2.04e-15	1.09e-10	8.13e-07	5.79e-04	9.99e-01	1.07e-04	0.00e+00	1.70e-16	5.09e-16	8.51e-16	3.56e-11	7.33e-11	2.64e-48
 2.87013e+14	2.55e-15	1.30e-10	9.24e-07	6.21e-04	9.99e-01	1.00e-04	0.00e+00	2.12e-16	6.36e-16	1.06e-15	4.24e-11	8.74e-11	5.00e-48
 2.96660e+14	3.21e-15	1.56e-10	1.06e-06	6.69e-04	9.99e-01	9.31e-05	0.00e+00	2.67e-16	8.02e-16	1.34e-15	5.10e-11	1.05e-10	9.72e-48
 3.08170e+14	4.19e-15	1.93e-10	1.24e-06	7.29e-04	9.99e-01	8.56e-05	0.00e+00	3.49e-16	1.05e-15	1.75e-15	6.30e-11	1.30e-10	2.11e-47
 3.19508e+14	5.39e-15	2.35e-10	1.43e-06	7.92e-04	9.99e-01	7.90e-05	0.00e+00	4.49e-16	1.35e-15	2.25e-15	7.69e-11	1.58e-10	4.37e-47
 3.29706e+14	6.68e-15	2.79e-10	1.63e-06	8.51e-04	9.99e-01	7.36e-05	0.00e+00	5.57e-16	1.67e-15	2.79e-15	9.13e-11	1.88e-10	8.22e-47
 3.41015e+14	8.42e-15	3.36e-10	1.87e-06	9.18e-04	9.99e-01	6.83e-05	0.00e+00	7.03e-16	2.11e-15	3.53e-15	1.10e-10	2.26e-10	1.63e-46
 3.54370e+14	1.09e-14	4.15e-10	2.18e-06	1.00e-03	9.99e-01	6.27e-05	0.00e+00	9.15e-16	2.75e-15	4.59e-15	1.36e-10	2.79e-10	3.54e-46
 3.67568e+14	1.40e-14	5.06e-10	2.53e-06	1.09e-03	9.99e-01	5.77e-05	0.00e+00	1.17e-15	3.52e-15	5.88e-15	1.65e-10	3.41e-10	7.42e-46
 3.79765e+14	1.74e-14	6.04e-10	2.89e-06	1.17e-03	9.99e-01	5.37e-05	0.00e+00	1.46e-15	4.39e-15	7.34e-15	1.97e-10	4.06e-10	1.44e-45
 3.93457e+14	2.21e-14	7.32e-10	3.33e-06	1.27e-03	9.99e-01	4.96e-05	0.00e+00	1.86e-15	5.58e-15	9.32e-15	2.39e-10	4.92e-10	2.95e-45
 4.09225e+14	2.88e-14	9.05e-10	3.91e-06	1.39e-03	9.99e-01	4.54e-05	0.00e+00	2.42e-15	7.26e-15	1.21e-14	2.96e-10	6.09e-10	6.57e-45
 4.24659e+14	3.68e-14	1.10e-09	4.54e-06	1.52e-03	9.98e-01	4.18e-05	0.00e+00	3.09e-15	9.29e-15	1.55e-14	3.61e-10	7.43e-10	1.40e-44
 4.40710e+14	4.70e-14	1.35e-09	5.27e-06	1.65e-03	9.98e-01	3.85e-05	0.00e+00	3.96e-15	1.19e-14	1.99e-14	4.41e-10	9.07e-10	2.98e-44
 4.58368e+14	6.09e-14	1.67e-09	6.17e-06	1.81e-03	9.98e-01	3.53e-05	0.00e+00	5.14e-15	1.54e-14	2.58e-14	5.45e-10	1.12e-09	6.68e-44
 4.73304e+14	7.52e-14	1.98e-09	7.02e-06	1.94e-03	9.98e-01	3.28e-05	0.00e+00	6.35e-15	1.91e-14	3.19e-14	6.48e-10	1.33e-09	1.29e-43
 4.84220e+14	8.72e-14	2.24e-09	7.69e-06	2.05e-03	9.98e-01	3.12e-05	0.00e+00	7.38e-15	2.21e-14	3.70e-14	7.32e-10	1.50e-09	2.06e-43
 4.95677e+14	1.02e-13	2.53e-09	8.45e-06	2.16e-03	9.98e-01	2.96e-05	0.00e+00	8.61e-15	2.58e-14	4.32e-14	8.30e-10	1.70e-09	3.34e-43
 5.10572e+14	1.23e-13	2.97e-09	9.51e-06	2.31e-03	9.98e-01	2.78e-05	0.00e+00	1.05e-14	3.14e-14	5.24e-14	9.73e-10	2.00e-09	6.15e-43
 5.26999e+14	1.52e-13	3.52e-09	1.08e-05	2.49e-03	9.97e-01	2.59e-05	0.00e+00	1.29e-14	3.87e-14	6.47e-14	1.15e-09	2.37e-09	1.21e-42
 5.42199e+14	1.83e-13	4.10e-09	1.21e-05	2.65e-03	9.97e-01	2.43e-05	0.00e+00	1.55e-14	4.67e-14	7.79e-14	1.34e-09	2.76e-09	2.18e-42
 5.58737e+14	2.23e-13	4.82e-09	1.36e-05	2.84e-03	9.97e-01	2.28e-05	0.00e+00	1.89e-14	5.69e-14	9.50e-14	1.58e-09	3.24e-09	4.11e-42
 5.77326e+14	2.76e-13	5.75e-09	1.56e-05	3.06e-03	9.97e-01	2.12e-05	0.00e+00	2.35e-14	7.06e-14	1.18e-13	1.89e-09	3.87e-09	8.29e-42
 5.95024e+14	3.36e-13	6.77e-09	1.75e-05	3.28e-03	9.97e-01	1.99e-05	0.00e+00	2.86e-14	8.60e-14	1.44e-13	2.22e-09	4.55e-09	1.58e-41
 6.14476e+14	3.96e-13	8.05e-09	1.99e-05	3.53e-03	9.96e-01	1.86e-05	0.00e+00	3.38e-14	1.01e-13	1.69e-13	2.64e-09	5.41e-09	3.13e-41
 6.36225e+14	4.96e-13	9.72e-09	2.29e-05	3.82e-03	9.96e-01	1.72e-05	0.00e+00	4.24e-14	1.27e-13	2.12e-13	3.19e-09	6.53e-09	6.63e-41
 6.56881e+14	6.07e-13	1.16e-08	2.60e-05	4.10e-03	9.96e-01	1.61e-05	0.00e+00	5.20e-14	1.56e-13	2.60e-13	3.79e-09	7.76e-09	1.32e-40
 6.79651e+14	7.56e-13	1.39e-08	2.98e-05	4.43e-03	9.96e-01	1.50e-05	0.00e+00	6.48e-14	1.94e-13	3.25e-13	4.57e-09	9.33e-09	2.76e-40
 7.05187e+14	9.59e-13	1.70e-08	3.45e-05	4.82e-03	9.95e-01	1.39e-05	0.00e+00	8.23e-14	2.47e-13	4.12e-13	5.59e-09	1.14e-08	6.15e-40
 7.29311e+14	1.19e-12	2.04e-08	3.95e-05	5.20e-03	9.95e-01	1.30e-05	0.00e+00	1.02e-13	3.06e-13	5.11e-13	6.71e-09	1.37e-08	1.27e-39
 7.55601e+14	1.49e-12	2.48e-08	4.55e-05	5.63e-03	9.94e-01	1.21e-05	0.00e+00	1.28e-13	3.85e-13	6.43e-13	8.15e-09	1.66e-08	2.75e-39
 7.84801e+14	1.90e-12	3.05e-08	5.29e-05	6.14e-03	9.94e-01	1.12e-05	0.00e+00	1.64e-13	4.91e-13	8.19e-13	1.00e-08	2.05e-08	6.27e-39
 8.12096e+14	2.37e-12	3.68e-08	6.06e-05	6.62e-03	9.93e-01	1.04e-05	0.00e+00	2.04e-13	6.13e-13	1.02e-12	1.21e-08	2.47e-08	1.32e-38
 8.41538e+14	2.97e-12	4.48e-08	6.99e-05	7.18e-03	9.93e-01	9.74e-06	0.00e+00	2.57e-13	7.70e-13	1.29e-12	1.48e-08	3.01e-08	2.86e-38
 8.74495e+14	3.80e-12	5.55e-08	8.14e-05	7.82e-03	9.92e-01	9.05e-06	0.00e+00	3.29e-13	9.86e-13	1.65e-12	1.83e-08	3.72e-08	6.59e-38
 9.06213e+14	4.78e-12	6.77e-08	9.39e-05	8.47e-03	9.91e-01	8.47e-06	0.00e+00	4.13e-13	1.24e-12	2.07e-12	2.23e-08	4.54e-08	1.43e-37
 9.39935e+14	6.03e-12	8.31e-08	1.09e-04	9.20e-03	9.91e-01	7.93e-06	0.00e+00	5.23e-13	1.57e-12	2.62e-12	2.74e-08	5.57e-08	3.16e-37
 9.77562e+14	7.76e-12	1.03e-07	1.27e-04	1.00e-02	9.90e-01	7.38e-06	0.00e+00	6.73e-13	2.02e-12	3.37e-12	3.41e-08	6.93e-08	7.37e-37
 1.00924e+15	9.44e-12	1.24e-07	1.45e-04	1.08e-02	9.89e-01	6.99e-06	0.00e+00	8.19e-13	2.46e-12	4.10e-12	4.08e-08	8.29e-08	1.47e-36
 1.03203e+15	1.08e-11	1.40e-07	1.58e-04	1.13e-02	9.88e-01	6.74e-06	0.00e+00	9.42e-13	2.83e-12	4.72e-12	4.62e-08	9.39e-08	2.38e-36
 1.05569e+15	1.25e-11	1.59e-07	1.73e-04	1.19e-02	9.88e-01	6.49e-06	0.00e+00	1.09e-12	3.27e-12	5.47e-12	5.25e-08	1.07e-07	3.89e-36
 1.08647e+15	1.51e-11	1.87e-07	1.94e-04	1.27e-02	9.87e-01	6.18e-06	0.00e+00	1.31e-12	3.95e-12	6.59e-12	6.18e-08	1.25e-07	7.24e-36
 1.12079e+15	1.84e-11	2.23e-07	2.20e-04	1.36e-02	9.86e-01	5.87e-06	0.00e+00	1.60e-12	4.81e-12	8.02e-12	7.37e-08	1.50e-07	1.42e-35
 1.15293e+15	2.20e-11	2.62e-07	2.47e-04	1.45e-02	9.85e-01	5.62e-06	0.00e+00	1.92e-12	5.76e-12	9.61e-12	8.66e-08	1.76e-07	2.60e-35
 1.18791e+15	2.66e-11	3.11e-07	2.78e-04	1.55e-02	9.84e-01	5.37e-06	0.00e+00	2.32e-12	6.97e-12	1.16e-11	1.03e-07	2.08e-07	4.94e-35
 1.22705e+15	3.27e-11	3.74e-07	3.17e-04	1.67e-02	9.83e-01	5.12e-06	0.00e+00	2.85e-12	8.56e-12	1.43e-11	1.23e-07	2.50e-07	9.89e-35
 1.26397e+15	3.93e-11	4.43e-07	3.57e-04	1.78e-02	9.82e-01	4.92e-06	0.00e+00	3.44e-12	1.03e-11	1.72e-11	1.46e-07	2.96e-07	1.85e-34
 1.30435e+15	4.80e-11	5.30e-07	4.06e-04	1.91e-02	9.80e-01	4.71e-06	0.00e+00	4.20e-12	1.26e-11	2.10e-11	1.75e-07	3.55e-07	3.62e-34
 1.34960e+15	5.94e-11	6.44e-07	4.66e-04	2.06e-02	9.79e-01	4.50e-06	0.00e+00	5.21e-12	1.56e-11	2.61e-11	2.13e-07	4.31e-07	7.44e-34
 1.39253e+15	7.24e-11	7.71e-07	5.29e-04	2.21e-02	9.77e-01	4.33e-06	0.00e+00	6.34e-12	1.90e-11	3.18e-11	2.55e-07	5.16e-07	1.44e-33
 1.43968e+15	8.92e-11	9.34e-07	6.05e-04	2.38e-02	9.76e-01	4.16e-06	0.00e+00	7.83e-12	2.35e-11	3.92e-11	3.09e-07	6.25e-07	2.91e-33
 1.49222e+15	1.12e-10	1.15e-06	7.00e-04	2.58e-02	9.74e-01	3.99e-06	0.00e+00	9.81e-12	2.94e-11	4.91e-11	3.80e-07	7.68e-07	6.13e-33
 1.54107e+15	1.36e-10	1.38e-06	7.98e-04	2.77e-02	9.71e-01	3.86e-06	0.00e+00	1.20e-11	3.59e-11	5.99e-11	4.57e-07	9.25e-07	1.19e-32
 1.59392e+15	1.68e-10	1.68e-06	9.16e-04	2.99e-02	9.69e-01	3.73e-06	0.00e+00	1.48e-11	4.45e-11	7.42e-11	5.55e-07	1.12e-06	2.41e-32
 1.65294e+15	2.11e-10	2.07e-06	1.06e-03	3.24e-02	9.67e-01	3.59e-06	0.00e+00	1.86e-11	5.57e-11	9.30e-11	6.85e-07	1.38e-06	5.07e-32
 1.70815e+15	2.58e-10	2.50e-06	1.21e-03	3.49e-02	9.64e-01	3.49e-06	0.00e+00	2.28e-11	6.83e-11	1.14e-10	8.27e-07	1.67e-06	9.87e-32
 1.76809e+15	3.21e-10	3.05e-06	1.40e-03	3.77e-02	9.61e-01	3.38e-06	0.00e+00	2.83e-11	8.49e-11	1.42e-10	1.01e-06	2.04e-06	2.00e-31
 1.83187e+15	3.99e-10	3.74e-06	1.62e-03	4.08e-02	9.58e-01	3.29e-06	0.00e+00	3.52e-11	1.06e-10	1.76e-10	1.24e-06	2.50e-06	4.07e-31
 1.88771e+15	4.80e-10	4.46e-06	1.83e-03	4.36e-02	9.55e-01	3.22e-06	0.00e+00	4.25e-11	1.27e-10	2.12e-10	1.48e-06	2.98e-06	7.41e-31
 1.93561e+15	5.58e-10	5.15e-06	2.02e-03	4.62e-02	9.52e-01	3.16e-06	0.00e+00	4.94e-11	1.48e-10	2.47e-10	1.71e-06	3.45e-06	1.23e-30
 1.98612e+15	6.60e-10	5.99e-06	2.25e-03	4.89e-02	9.49e-01	3.11e-06	0.00e+00	5.85e-11	1.75e-10	2.93e-10	1.99e-06	4.01e-06	2.06e-30
 2.05178e+15	8.13e-10	7.26e-06	2.58e-03	5.27e-02	9.45e-01	3.04e-06	0.00e+00	7.20e-11	2.16e-10	3.60e-10	2.40e-06	4.85e-06	3.99e-30
 2.11754e+15	9.87e-10	8.70e-06	2.93e-03	5.66e-02	9.41e-01	2.96e-06	0.00e+00	8.75e-11	2.63e-10	4.38e-10	2.88e-06	5.82e-06	7.41e-30
 2.17031e+15	1.16e-09	1.00e-05	3.24e-03	5.98e-02	9.37e-01	2.93e-06	0.00e+00	1.03e-10	3.08e-10	5.14e-10	3.33e-06	6.72e-06	1.20e-29
 2.22583e+15	1.37e-09	1.17e-05	3.60e-03	6.33e-02	9.33e-01	2.89e-06	0.00e+00	1.22e-10	3.65e-10	6.08e-10	3.87e-06	7.80e-06	1.98e-29
 2.29800e+15	1.68e-09	1.41e-05	4.11e-03	6.81e-02	9.28e-01	2.82e-06	0.00e+00	1.50e-10	4.49e-10	7.48e-10	4.67e-06	9.41e-06	3.73e-29
 2.37292e+15	2.07e-09	1.70e-05	4.69e-03	7.32e-02	9.22e-01	2.78e-06	0.00e+00	1.85e-10	5.54e-10	9.24e-10	5.63e-06	1.13e-05	6.92e-29
 2.43684e+15	2.46e-09	1.98e-05	5.23e-03	7.77e-02	9.17e-01	2.73e-06	0.00e+00	2.19e-10	6.56e-10	1.09e-09	6.57e-06	1.32e-05	1.15e-28
 2.50539e+15	2.96e-09	2.34e-05	5.88e-03	8.27e-02	9.11e-01	2.69e-06	0.00e+00	2.64e-10	7.91e-10	1.32e-09	7.75e-06	1.56e-05	1.97e-28
 2.59450e+15	3.77e-09	2.88e-05	6.81e-03	8.96e-02	9.04e-01	2.64e-06	0.00e+00	3.36e-10	1.01e-09	1.68e-09	9.55e-06	1.92e-05	3.90e-28
 2.68495e+15	4.70e-09	3.51e-05	7.85e-03	9.68e-02	8.95e-01	2.59e-06	0.00e+00	4.20e-10	1.26e-09	2.10e-09	1.17e-05	2.35e-05	7.36e-28
 2.75792e+15	5.62e-09	4.11e-05	8.77e-03	1.03e-01	8.88e-01	2.56e-06	0.00e+00	5.03e-10	1.51e-09	2.52e-09	1.36e-05	2.74e-05	1.21e-27
 2.83356e+15	6.78e-09	4.83e-05	9.83e-03	1.09e-01	8.81e-01	2.52e-06	0.00e+00	6.08e-10	1.82e-09	3.04e-09	1.60e-05	3.23e-05	2.02e-27
 2.93190e+15	8.51e-09	5.93e-05	1.14e-02	1.18e-01	8.70e-01	2.46e-06	0.00e+00	7.63e-10	2.29e-09	3.82e-09	1.97e-05	3.96e-05	3.87e-27
 3.03358e+15	1.08e-08	7.23e-05	1.31e-02	1.28e-01	8.59e-01	2.42e-06	0.00e+00	9.69e-10	2.91e-09	4.85e-09	2.40e-05	4.83e-05	7.15e-27
 3.11866e+15	1.29e-08	8.50e-05	1.47e-02	1.36e-01	8.50e-01	2.38e-06	0.00e+00	1.16e-09	3.49e-09	5.81e-09	2.83e-05	5.68e-05	1.17e-26
 3.20833e+15	1.58e-08	1.01e-04	1.66e-02	1.45e-01	8.39e-01	2.34e-06	0.00e+00	1.42e-09	4.27e-09	7.13e-09	3.36e-05	6.74e-05	1.99e-26
 3.30493e+15	1.96e-08	1.20e-04	1.88e-02	1.55e-01	8.26e-01	2.30e-06	0.00e+00	1.76e-09	5.29e-09	8.83e-09	4.00e-05	8.03e-05	3.38e-26
 3.39088e+15	2.35e-08	1.40e-04	2.10e-02	1.64e-01	8.15e-01	2.27e-06	0.00e+00	2.12e-09	6.35e-09	1.06e-08	4.65e-05	9.34e-05	5.28e-26
 3.46768e+15	2.75e-08	1.60e-04	2.31e-02	1.72e-01	8.05e-01	2.24e-06	0.00e+00	2.48e-09	7.45e-09	1.24e-08	5.31e-05	1.07e-04	7.82e-26
 3.55224e+15	3.26e-08	1.85e-04	2.57e-02	1.81e-01	7.93e-01	2.19e-06	0.00e+00	2.95e-09	8.84e-09	1.47e-08	6.16e-05	1.24e-04	1.22e-25
 3.64500e+15	3.95e-08	2.16e-04	2.87e-02	1.92e-01	7.79e-01	2.16e-06	0.00e+00	3.58e-09	1.07e-08	1.79e-08	7.19e-05	1.44e-04	1.91e-25
 3.73334e+15	4.66e-08	2.50e-04	3.18e-02	2.02e-01	7.66e-01	2.11e-06	0.00e+00	4.23e-09	1.27e-08	2.12e-08	8.30e-05	1.67e-04	2.89e-25
 3.81892e+15	5.51e-08	2.86e-04	3.51e-02	2.13e-01	7.52e-01	2.07e-06	0.00e+00	5.01e-09	1.50e-08	2.50e-08	9.52e-05	1.91e-04	4.28e-25
 3.91600e+15	6.70e-08	3.35e-04	3.93e-02	2.25e-01	7.36e-01	2.03e-06	0.00e+00	6.09e-09	1.83e-08	3.05e-08	1.11e-04	2.24e-04	6.77e-25
 4.02312e+15	8.27e-08	3.95e-04	4.43e-02	2.38e-01	7.17e-01	1.99e-06	0.00e+00	7.53e-09	2.26e-08	3.76e-08	1.31e-04	2.64e-04	1.08e-24
 4.12206e+15	9.88e-08	4.57e-04	4.93e-02	2.50e-01	7.00e-01	1.94e-06	0.00e+00	9.01e-09	2.70e-08	4.50e-08	1.52e-04	3.05e-04	1.62e-24
 4.21309e+15	1.17e-07	5.23e-04	5.44e-02	2.62e-01	6.83e-01	1.90e-06	0.00e+00	1.07e-08	3.20e-08	5.33e-08	1.74e-04	3.49e-04	2.37e-24
 4.31512e+15	1.42e-07	6.11e-04	6.08e-02	2.75e-01	6.63e-01	1.85e-06	0.00e+00	1.30e-08	3.90e-08	6.49e-08	2.03e-04	4.07e-04	3.68e-24
 4.42826e+15	1.76e-07	7.19e-04	6.85e-02	2.90e-01	6.41e-01	1.81e-06	0.00e+00	1.61e-08	4.83e-08	8.06e-08	2.40e-04	4.80e-04	5.79e-24
 4.53322e+15	2.13e-07	8.33e-04	7.62e-02	3.04e-01	6.19e-01	1.77e-06	0.00e+00	1.96e-08	5.86e-08	9.77e-08	2.77e-04	5.55e-04	8.64e-24
 4.63199e+15	2.53e-07	9.55e-04	8.43e-02	3.17e-01	5.98e-01	1.72e-06	0.00e+00	2.32e-08	6.95e-08	1.16e-07	3.18e-04	6.37e-04	1.26e-23
 4.74531e+15	3.16e-07	1.13e-03	9.49e-02	3.32e-01	5.72e-01	1.67e-06	0.00e+00	2.90e-08	8.69e-08	1.45e-07	3.75e-04	7.51e-04	2.01e-23
 4.86567e+15	3.87e-07	1.32e-03	1.07e-01	3.47e-01	5.45e-01	1.61e-06	0.00e+00	3.55e-08	1.07e-07	1.78e-07	4.40e-04	8.81e-04	2.98e-23
 4.97183e+15	4.66e-07	1.52e-03	1.19e-01	3.60e-01	5.20e-01	1.56e-06	0.00e+00	4.29e-08	1.29e-07	2.14e-07	5.08e-04	1.02e-03	4.42e-23
 5.07154e+15	5.65e-07	1.75e-03	1.31e-01	3.72e-01	4.95e-01	1.53e-06	0.00e+00	5.20e-08	1.56e-07	2.60e-07	5.82e-04	1.16e-03	6.47e-23
 5.16931e+15	6.73e-07	1.99e-03	1.44e-01	3.84e-01	4.70e-01	1.48e-06	0.00e+00	6.21e-08	1.86e-07	3.10e-07	6.64e-04	1.33e-03	9.27e-23
 5.26424e+15	7.91e-07	2.25e-03	1.58e-01	3.94e-01	4.46e-01	1.43e-06	0.00e+00	7.30e-08	2.19e-07	3.65e-07	7.51e-04	1.50e-03	1.30e-22
 5.37237e+15	9.77e-07	2.63e-03	1.75e-01	4.06e-01	4.16e-01	1.38e-06	0.00e+00	9.03e-08	2.71e-07	4.51e-07	8.76e-04	1.75e-03	2.04e-22
 5.48186e+15	1.19e-06	3.02e-03	1.94e-01	4.15e-01	3.87e-01	1.33e-06	0.00e+00	1.10e-07	3.30e-07	5.49e-07	1.01e-03	2.02e-03	3.01e-22
 5.57224e+15	1.38e-06	3.39e-03	2.11e-01	4.23e-01	3.63e-01	1.28e-06	0.00e+00	1.28e-07	3.84e-07	6.40e-07	1.13e-03	2.26e-03	4.14e-22
 5.64835e+15	1.59e-06	3.75e-03	2.27e-01	4.28e-01	3.42e-01	1.25e-06	0.00e+00	1.47e-07	4.41e-07	7.34e-07	1.25e-03	2.50e-03	5.48e-22
 5.71423e+15	1.79e-06	4.09e-03	2.41e-01	4.32e-01	3.23e-01	1.22e-06	0.00e+00	1.66e-07	4.98e-07	8.30e-07	1.36e-03	2.72e-03	7.06e-22
 5.78737e+15	2.06e-06	4.47e-03	2.58e-01	4.35e-01	3.03e-01	1.18e-06	0.00e+00	1.91e-07	5.72e-07	9.54e-07	1.49e-03	2.98e-03	9.18e-22
 5.86967e+15	2.40e-06	4.99e-03	2.78e-01	4.38e-01	2.79e-01	1.13e-06	0.00e+00	2.23e-07	6.68e-07	1.11e-06	1.66e-03	3.32e-03	1.27e-21
 5.94324e+15	2.78e-06	5.55e-03	2.98e-01	4.39e-01	2.58e-01	1.10e-06	0.00e+00	2.59e-07	7.75e-07	1.29e-06	1.85e-03	3.70e-03	1.77e-21
 6.00101e+15	3.10e-06	5.98e-03	3.13e-01	4.39e-01	2.42e-01	1.07e-06	0.00e+00	2.88e-07	8.64e-07	1.44e-06	2.00e-03	3.99e-03	2.22e-21
 6.05891e+15	3.48e-06	6.49e-03	3.30e-01	4.38e-01	2.25e-01	1.04e-06	0.00e+00	3.23e-07	9.69e-07	1.61e-06	2.16e-03	4.32e-03	2.87e-21
 6.13418e+15	4.03e-06	7.20e-03	3.53e-01	4.36e-01	2.03e-01	9.81e-07	0.00e+00	3.75e-07	1.13e-06	1.87e-06	2.40e-03	4.80e-03	4.02e-21
 6.20848e+15	4.67e-06	7.96e-03	3.77e-01	4.32e-01	1.83e-01	0.00e+00	0.00e+00	4.34e-07	1.30e-06	2.17e-06	2.65e-03	5.30e-03	5.54e-21
 6.26436e+15	5.20e-06	8.53e-03	3.94e-01	4.28e-01	1.69e-01	0.00e+00	0.00e+00	4.84e-07	1.45e-06	2.42e-06	2.85e-03	5.68e-03	6.89e-21
 6.31984e+15	5.75e-06	9.13e-03	4.13e-01	4.24e-01	1.54e-01	0.00e+00	0.00e+00	5.36e-07	1.61e-06	2.68e-06	3.05e-03	6.08e-03	8.57e-21
 6.39197e+15	6.68e-06	1.01e-02	4.38e-01	4.16e-01	1.36e-01	0.00e+00	0.00e+00	6.23e-07	1.87e-06	3.11e-06	3.35e-03	6.70e-03	1.18e-20
 6.46267e+15	7.73e-06	1.10e-02	4.63e-01	4.07e-01	1.19e-01	0.00e+00	0.00e+00	7.22e-07	2.16e-06	3.61e-06	3.69e-03	7.36e-03	1.64e-20
 6.51443e+15	8.82e-06	1.20e-02	4.84e-01	3.98e-01	1.06e-01	0.00e+00	0.00e+00	8.24e-07	2.47e-06	4.11e-06	4.01e-03	8.01e-03	2.26e-20
 6.55362e+15	9.59e-06	1.27e-02	4.99e-01	3.92e-01	9.72e-02	0.00e+00	0.00e+00	8.97e-07	2.69e-06	4.48e-06	4.23e-03	8.44e-03	2.73e-20
 6.59355e+15	1.05e-05	1.34e-02	5.14e-01	3.84e-01	8.85e-02	0.00e+00	0.00e+00	9.84e-07	2.95e-06	4.91e-06	4.46e-03	8.90e-03	3.32e-20
 6.64546e+15	1.18e-05	1.44e-02	5.34e-01	3.74e-01	7.77e-02	0.00e+00	0.00e+00	1.11e-06	3.32e-06	5.52e-06	4.80e-03	9.58e-03	4.37e-20
 6.70087e+15	1.34e-05	1.55e-02	5.55e-01	3.63e-01	6.71e-02	0.00e+00	0.00e+00	1.26e-06	3.78e-06	6.29e-06	5.17e-03	1.03e-02	5.78e-20
 6.74884e+15	1.49e-05	1.63e-02	5.72e-01	3.53e-01	5.91e-02	0.00e+00	0.00e+00	1.40e-06	4.19e-06	6.98e-06	5.46e-03	1.09e-02	7.02e-20
 6.79918e+15	1.69e-05	1.75e-02	5.91e-01	3.41e-01	5.07e-02	0.00e+00	0.00e+00	1.58e-06	4.75e-06	7.90e-06	5.85e-03	1.17e-02	9.20e-20
 6.85244e+15	1.93e-05	1.88e-02	6.11e-01	3.27e-01	4.28e-02	0.00e+00	0.00e+00	1.81e-06	5.43e-06	9.05e-06	6.28e-03	1.25e-02	1.22e-19
 6.89784e+15	2.26e-05	2.02e-02	6.29e-01	3.15e-01	3.63e-02	0.00e+00	0.00e+00	2.13e-06	6.37e-06	1.06e-05	6.75e-03	1.35e-02	1.72e-19
 6.93534e+15	2.42e-05	2.10e-02	6.41e-01	3.06e-01	3.21e-02	0.00e+00	0.00e+00	2.28e-06	6.83e-06	1.14e-05	7.02e-03	1.40e-02	1.99e-19
 6.97422e+15	2.73e-05	2.23e-02	6.56e-01	2.94e-01	2.74e-02	0.00e+00	0.00e+00	2.57e-06	7.72e-06	1.29e-05	7.46e-03	1.49e-02	2.67e-19
 7.00993e+15	3.00e-05	2.33e-02	6.68e-01	2.85e-01	2.40e-02	0.00e+00	0.00e+00	2.83e-06	8.48e-06	1.41e-05	7.80e-03	1.55e-02	3.26e-19
 7.03579e+15	3.22e-05	2.41e-02	6.77e-01	2.78e-01	2.16e-02	0.00e+00	0.00e+00	3.04e-06	9.11e-06	1.52e-05	8.06e-03	1.61e-02	3.82e-19
 7.06370e+15	3.43e-05	2.49e-02	6.85e-01	2.70e-01	1.93e-02	0.00e+00	0.00e+00	3.24e-06	9.70e-06	1.62e-05	8.33e-03	1.66e-02	4.39e-19
 7.09998e+15	3.82e-05	2.63e-02	6.98e-01	2.59e-01	1.63e-02	0.00e+00	0.00e+00	3.61e-06	1.08e-05	1.80e-05	8.80e-03	1.75e-02	5.80e-19
 7.13472e+15	4.18e-05	2.75e-02	7.08e-01	2.50e-01	1.41e-02	0.00e+00	0.00e+00	3.95e-06	1.18e-05	1.97e-05	9.18e-03	1.83e-02	7.08e-19
 7.16201e+15	4.46e-05	2.84e-02	7.16e-01	2.43e-01	1.25e-02	0.00e+00	0.00e+00	4.22e-06	1.26e-05	2.11e-05	9.49e-03	1.89e-02	8.27e-19
 7.19201e+15	4.81e-05	2.96e-02	7.25e-01	2.34e-01	1.08e-02	0.00e+00	0.00e+00	4.56e-06	1.37e-05	2.28e-05	9.88e-03	1.97e-02	1.01e-18
 7.22588e+15	5.19e-05	3.08e-02	7.35e-01	2.25e-01	9.18e-03	0.00e+00	0.00e+00	4.92e-06	1.47e-05	2.45e-05	1.03e-02	2.05e-02	1.24e-18
 7.25885e+15	5.64e-05	3.21e-02	7.44e-01	2.16e-01	7.83e-03	0.00e+00	0.00e+00	5.35e-06	1.60e-05	2.67e-05	1.07e-02	2.14e-02	1.53e-18
 7.29031e+15	6.05e-05	3.34e-02	7.52e-01	2.08e-01	6.71e-03	0.00e+00	0.00e+00	5.74e-06	1.72e-05	2.87e-05	1.12e-02	2.22e-02	1.85e-18
 7.32572e+15	6.55e-05	3.49e-02	7.61e-01	1.99e-01	5.59e-03	0.00e+00	0.00e+00	6.23e-06	1.87e-05	3.11e-05	1.17e-02	2.32e-02	2.32e-18
 7.36342e+15	7.09e-05	3.65e-02	7.69e-01	1.89e-01	4.62e-03	0.00e+00	0.00e+00	6.74e-06	2.02e-05	3.37e-05	1.22e-02	2.43e-02	2.92e-18
