#depth	He	He+	He+2
 1.49634e+10	3.45e-23	5.60e-12	1.00e+00
 4.54887e+10	3.83e-23	6.06e-12	1.00e+00
 7.72350e+10	4.23e-23	6.56e-12	1.00e+00
 1.10251e+11	4.68e-23	7.10e-12	1.00e+00
 1.44588e+11	5.18e-23	7.69e-12	1.00e+00
 1.80298e+11	5.74e-23	8.32e-12	1.00e+00
 2.15751e+11	6.33e-23	8.98e-12	1.00e+00
 2.52621e+11	6.98e-23	9.70e-12	1.00e+00
 2.92652e+11	7.75e-23	1.05e-11	1.00e+00
 3.33243e+11	8.58e-23	1.14e-11	1.00e+00
 3.75458e+11	9.51e-23	1.23e-11	1.00e+00
 4.20403e+11	1.06e-22	1.33e-11	1.00e+00
 4.67146e+11	1.18e-22	1.44e-11	1.00e+00
 5.15759e+11	1.31e-22	1.56e-11	1.00e+00
 5.66316e+11	1.47e-22	1.70e-11	1.00e+00
 6.18895e+11	1.64e-22	1.84e-11	1.00e+00
 6.73578e+11	1.83e-22	1.99e-11	1.00e+00
 7.30448e+11	2.05e-22	2.16e-11	1.00e+00
 7.89592e+11	2.30e-22	2.35e-11	1.00e+00
 8.51103e+11	2.58e-22	2.55e-11	1.00e+00
 9.09070e+11	2.88e-22	2.75e-11	1.00e+00
 9.61075e+11	3.16e-22	2.93e-11	1.00e+00
 1.01949e+12	3.49e-22	3.15e-11	1.00e+00
 1.08851e+12	3.93e-22	3.41e-11	1.00e+00
 1.15728e+12	4.40e-22	3.69e-11	1.00e+00
 1.22169e+12	4.88e-22	3.96e-11	1.00e+00
 1.29337e+12	5.46e-22	4.27e-11	1.00e+00
 1.37503e+12	6.19e-22	4.65e-11	1.00e+00
 1.45588e+12	6.98e-22	5.03e-11	1.00e+00
 1.53996e+12	7.87e-22	5.46e-11	1.00e+00
 1.63149e+12	8.94e-22	5.95e-11	1.00e+00
 1.72667e+12	1.02e-21	6.48e-11	1.00e+00
 1.82567e+12	1.16e-21	7.06e-11	1.00e+00
 1.92862e+12	1.32e-21	7.69e-11	1.00e+00
 2.03569e+12	1.50e-21	8.39e-11	1.00e+00
 2.14705e+12	1.71e-21	9.15e-11	1.00e+00
 2.26286e+12	1.96e-21	9.99e-11	1.00e+00
 2.38330e+12	2.24e-21	1.09e-10	1.00e+00
 2.50856e+12	2.55e-21	1.19e-10	1.00e+00
 2.63883e+12	2.92e-21	1.30e-10	1.00e+00
 2.77430e+12	3.34e-21	1.43e-10	1.00e+00
 2.91520e+12	3.82e-21	1.56e-10	1.00e+00
 3.06174e+12	4.37e-21	1.71e-10	1.00e+00
 3.21414e+12	5.00e-21	1.87e-10	1.00e+00
 3.37263e+12	5.72e-21	2.05e-10	1.00e+00
 3.53746e+12	6.55e-21	2.24e-10	1.00e+00
 3.70888e+12	7.49e-21	2.46e-10	1.00e+00
 3.88717e+12	8.57e-21	2.70e-10	1.00e+00
 4.07258e+12	9.80e-21	2.96e-10	1.00e+00
 4.26541e+12	1.12e-20	3.25e-10	1.00e+00
 4.46187e+12	1.28e-20	3.57e-10	1.00e+00
 4.66618e+12	1.47e-20	3.92e-10	1.00e+00
 4.88276e+12	1.68e-20	4.31e-10	1.00e+00
 5.10799e+12	1.92e-20	4.74e-10	1.00e+00
 5.34224e+12	2.19e-20	5.22e-10	1.00e+00
 5.58586e+12	2.50e-20	5.75e-10	1.00e+00
 5.83922e+12	2.85e-20	6.34e-10	1.00e+00
 6.10271e+12	3.25e-20	7.00e-10	1.00e+00
 6.37675e+12	3.69e-20	7.72e-10	1.00e+00
 6.62846e+12	4.14e-20	8.43e-10	1.00e+00
 6.84412e+12	4.55e-20	9.08e-10	1.00e+00
 7.08254e+12	5.04e-20	9.82e-10	1.00e+00
 7.37660e+12	5.70e-20	1.08e-09	1.00e+00
 7.67770e+12	6.44e-20	1.19e-09	1.00e+00
 7.94889e+12	7.17e-20	1.29e-09	1.00e+00
 8.24653e+12	8.05e-20	1.41e-09	1.00e+00
 8.59802e+12	9.21e-20	1.56e-09	1.00e+00
 8.94517e+12	1.05e-19	1.71e-09	1.00e+00
 9.26626e+12	1.19e-19	1.87e-09	1.00e+00
 9.62413e+12	1.36e-19	2.05e-09	1.00e+00
 1.00363e+13	1.58e-19	2.27e-09	1.00e+00
 1.04458e+13	1.84e-19	2.51e-09	1.00e+00
 1.08580e+13	2.14e-19	2.76e-09	1.00e+00
 1.13086e+13	2.53e-19	3.05e-09	1.00e+00
 1.17908e+13	3.01e-19	3.38e-09	1.00e+00
 1.22924e+13	3.59e-19	3.75e-09	1.00e+00
 1.28010e+13	4.28e-19	4.14e-09	1.00e+00
 1.33299e+13	5.12e-19	4.56e-09	1.00e+00
 1.38930e+13	6.15e-19	5.04e-09	1.00e+00
 1.44786e+13	7.39e-19	5.56e-09	1.00e+00
 1.50877e+13	8.88e-19	6.12e-09	1.00e+00
 1.57212e+13	1.07e-18	6.74e-09	1.00e+00
 1.63799e+13	1.28e-18	7.41e-09	1.00e+00
 1.70651e+13	1.54e-18	8.14e-09	1.00e+00
 1.77776e+13	1.84e-18	8.93e-09	1.00e+00
 1.85186e+13	2.21e-18	9.79e-09	1.00e+00
 1.92680e+13	2.63e-18	1.07e-08	1.00e+00
 1.99796e+13	3.08e-18	1.16e-08	1.00e+00
 2.07410e+13	3.62e-18	1.26e-08	1.00e+00
 2.16006e+13	4.31e-18	1.37e-08	1.00e+00
 2.24573e+13	5.10e-18	1.50e-08	1.00e+00
 2.33483e+13	6.01e-18	1.62e-08	1.00e+00
 2.43121e+13	7.14e-18	1.77e-08	1.00e+00
 2.53146e+13	8.46e-18	1.93e-08	1.00e+00
 2.63571e+13	1.00e-17	2.10e-08	1.00e+00
 2.74413e+13	1.19e-17	2.29e-08	1.00e+00
 2.85689e+13	1.40e-17	2.49e-08	1.00e+00
 2.97415e+13	1.66e-17	2.71e-08	1.00e+00
 3.09611e+13	1.96e-17	2.94e-08	1.00e+00
 3.21147e+13	2.28e-17	3.17e-08	1.00e+00
 3.31564e+13	2.60e-17	3.39e-08	1.00e+00
 3.43290e+13	2.99e-17	3.64e-08	1.00e+00
 3.57066e+13	3.51e-17	3.95e-08	1.00e+00
 3.70736e+13	4.10e-17	4.26e-08	1.00e+00
 3.83596e+13	4.70e-17	4.57e-08	1.00e+00
 3.97883e+13	5.45e-17	4.92e-08	1.00e+00
 4.14098e+13	6.41e-17	5.33e-08	1.00e+00
 4.30188e+13	7.48e-17	5.76e-08	1.00e+00
 4.46921e+13	8.71e-17	6.22e-08	1.00e+00
 4.65097e+13	1.02e-16	6.74e-08	1.00e+00
 4.83589e+13	1.19e-16	7.29e-08	1.00e+00
 5.02820e+13	1.40e-16	7.89e-08	1.00e+00
 5.23232e+13	1.64e-16	8.54e-08	1.00e+00
 5.44460e+13	1.92e-16	9.24e-08	1.00e+00
 5.66538e+13	2.25e-16	1.00e-07	1.00e+00
 5.89499e+13	2.63e-16	1.08e-07	1.00e+00
 6.13378e+13	3.08e-16	1.17e-07	1.00e+00
 6.38212e+13	3.60e-16	1.27e-07	1.00e+00
 6.63016e+13	4.19e-16	1.37e-07	1.00e+00
 6.88812e+13	4.87e-16	1.48e-07	1.00e+00
 7.16663e+13	5.69e-16	1.60e-07	1.00e+00
 7.45629e+13	6.66e-16	1.73e-07	1.00e+00
 7.75754e+13	7.78e-16	1.87e-07	1.00e+00
 8.07083e+13	9.10e-16	2.02e-07	1.00e+00
 8.39666e+13	1.06e-15	2.19e-07	1.00e+00
 8.73552e+13	1.24e-15	2.36e-07	1.00e+00
 9.08793e+13	1.45e-15	2.56e-07	1.00e+00
 9.43033e+13	1.68e-15	2.75e-07	1.00e+00
 9.75479e+13	1.92e-15	2.94e-07	1.00e+00
 1.01163e+14	2.22e-15	3.17e-07	1.00e+00
 1.05240e+14	2.59e-15	3.42e-07	1.00e+00
 1.09347e+14	3.02e-15	3.70e-07	1.00e+00
 1.13618e+14	3.50e-15	3.99e-07	1.00e+00
 1.18193e+14	4.11e-15	4.32e-07	1.00e+00
 1.22478e+14	4.73e-15	4.64e-07	1.00e+00
 1.26279e+14	5.34e-15	4.93e-07	1.00e+00
 1.30532e+14	6.08e-15	5.27e-07	1.00e+00
 1.35610e+14	7.10e-15	5.70e-07	1.00e+00
 1.40683e+14	8.20e-15	6.13e-07	1.00e+00
 1.45367e+14	9.37e-15	6.56e-07	1.00e+00
 1.50618e+14	1.08e-14	7.05e-07	1.00e+00
 1.56673e+14	1.27e-14	7.64e-07	1.00e+00
 1.62550e+14	1.47e-14	8.23e-07	1.00e+00
 1.68121e+14	1.69e-14	8.84e-07	1.00e+00
 1.74333e+14	1.95e-14	9.51e-07	1.00e+00
 1.81337e+14	2.29e-14	1.03e-06	1.00e+00
 1.88336e+14	2.67e-14	1.12e-06	1.00e+00
 1.95615e+14	3.12e-14	1.21e-06	1.00e+00
 2.03470e+14	3.67e-14	1.31e-06	1.00e+00
 2.11638e+14	4.32e-14	1.43e-06	1.00e+00
 2.20134e+14	5.08e-14	1.55e-06	1.00e+00
 2.28969e+14	5.99e-14	1.69e-06	1.00e+00
 2.38158e+14	7.05e-14	1.83e-06	1.00e+00
 2.47714e+14	8.32e-14	2.00e-06	1.00e+00
 2.57105e+14	9.72e-14	2.16e-06	1.00e+00
 2.66872e+14	1.14e-13	2.35e-06	1.00e+00
 2.77576e+14	1.34e-13	2.56e-06	1.00e+00
 2.88306e+14	1.58e-13	2.78e-06	1.00e+00
 2.99464e+14	1.86e-13	3.02e-06	1.00e+00
 3.10298e+14	2.16e-13	3.27e-06	1.00e+00
 3.19756e+14	2.46e-13	3.50e-06	1.00e+00
 3.30131e+14	2.82e-13	3.76e-06	1.00e+00
 3.42729e+14	3.31e-13	4.09e-06	1.00e+00
 3.55569e+14	3.89e-13	4.44e-06	1.00e+00
 3.67435e+14	4.48e-13	4.78e-06	1.00e+00
 3.80675e+14	5.21e-13	5.18e-06	1.00e+00
 3.95932e+14	6.18e-13	5.67e-06	1.00e+00
 4.09937e+14	7.19e-13	6.13e-06	1.00e+00
 4.21912e+14	8.11e-13	6.54e-06	1.00e+00
 4.35134e+14	9.25e-13	7.01e-06	1.00e+00
 4.51474e+14	1.08e-12	7.62e-06	1.00e+00
 4.68150e+14	1.26e-12	8.27e-06	1.00e+00
 4.83013e+14	1.44e-12	8.87e-06	1.00e+00
 4.99236e+14	1.65e-12	9.55e-06	1.00e+00
 5.18589e+14	1.93e-12	1.04e-05	1.00e+00
 5.37717e+14	2.25e-12	1.13e-05	1.00e+00
 5.55181e+14	2.56e-12	1.21e-05	1.00e+00
 5.74773e+14	2.96e-12	1.31e-05	1.00e+00
 5.97578e+14	3.46e-12	1.43e-05	1.00e+00
 6.19902e+14	4.02e-12	1.55e-05	1.00e+00
 6.41024e+14	4.61e-12	1.67e-05	1.00e+00
 6.64600e+14	5.34e-12	1.81e-05	1.00e+00
 6.91214e+14	6.24e-12	1.97e-05	1.00e+00
 7.17780e+14	7.27e-12	2.14e-05	1.00e+00
 7.45409e+14	8.45e-12	2.33e-05	1.00e+00
 7.75256e+14	9.87e-12	2.54e-05	1.00e+00
 8.06296e+14	1.15e-11	2.77e-05	1.00e+00
 8.38578e+14	1.35e-11	3.02e-05	1.00e+00
 8.72151e+14	1.57e-11	3.29e-05	1.00e+00
 9.07067e+14	1.83e-11	3.58e-05	1.00e+00
 9.43379e+14	2.14e-11	3.91e-05	1.00e+00
 9.78194e+14	2.46e-11	4.23e-05	1.00e+00
 1.00817e+15	2.77e-11	4.53e-05	1.00e+00
 1.03963e+15	3.13e-11	4.84e-05	1.00e+00
 1.07857e+15	3.59e-11	5.24e-05	1.00e+00
 1.11839e+15	4.16e-11	5.69e-05	1.00e+00
 1.15381e+15	4.68e-11	6.08e-05	1.00e+00
 1.19237e+15	5.31e-11	6.53e-05	1.00e+00
 1.23580e+15	6.06e-11	7.05e-05	1.00e+00
 1.27711e+15	6.91e-11	7.59e-05	1.00e+00
 1.31636e+15	7.75e-11	8.10e-05	1.00e+00
 1.36138e+15	8.80e-11	8.71e-05	1.00e+00
 1.41221e+15	1.01e-10	9.42e-05	1.00e+00
 1.46079e+15	1.15e-10	1.01e-04	1.00e+00
 1.51369e+15	1.31e-10	1.09e-04	1.00e+00
 1.57213e+15	1.50e-10	1.19e-04	1.00e+00
 1.62706e+15	1.71e-10	1.28e-04	1.00e+00
 1.68633e+15	1.96e-10	1.38e-04	1.00e+00
 1.75236e+15	2.25e-10	1.50e-04	1.00e+00
 1.81613e+15	2.58e-10	1.62e-04	1.00e+00
 1.88391e+15	2.97e-10	1.75e-04	1.00e+00
 1.95929e+15	3.43e-10	1.90e-04	1.00e+00
 2.03464e+15	3.91e-10	2.06e-04	1.00e+00
 2.11300e+15	4.49e-10	2.23e-04	1.00e+00
 2.19755e+15	5.19e-10	2.42e-04	1.00e+00
 2.28549e+15	5.99e-10	2.63e-04	1.00e+00
 2.37693e+15	6.92e-10	2.86e-04	1.00e+00
 2.47204e+15	8.00e-10	3.11e-04	1.00e+00
 2.57095e+15	9.32e-10	3.37e-04	1.00e+00
 2.67382e+15	1.07e-09	3.66e-04	1.00e+00
 2.78080e+15	1.24e-09	3.97e-04	1.00e+00
 2.87702e+15	1.39e-09	4.27e-04	1.00e+00
 2.95664e+15	1.54e-09	4.52e-04	1.00e+00
 3.04394e+15	1.72e-09	4.80e-04	1.00e+00
 3.15516e+15	1.96e-09	5.17e-04	9.99e-01
 3.27307e+15	2.27e-09	5.59e-04	9.99e-01
 3.37743e+15	2.55e-09	5.97e-04	9.99e-01
 3.48859e+15	2.87e-09	6.39e-04	9.99e-01
 3.62247e+15	3.26e-09	6.90e-04	9.99e-01
 3.75442e+15	3.78e-09	7.45e-04	9.99e-01
 3.87052e+15	4.24e-09	7.94e-04	9.99e-01
 3.99749e+15	4.77e-09	8.49e-04	9.99e-01
 4.15065e+15	5.44e-09	9.18e-04	9.99e-01
 4.30397e+15	6.34e-09	9.92e-04	9.99e-01
 4.44174e+15	7.15e-09	1.06e-03	9.99e-01
 4.59319e+15	8.10e-09	1.14e-03	9.99e-01
 4.77239e+15	9.27e-09	1.23e-03	9.99e-01
 4.95019e+15	1.08e-08	1.33e-03	9.99e-01
 5.11387e+15	1.23e-08	1.43e-03	9.99e-01
 5.29664e+15	1.39e-08	1.54e-03	9.98e-01
 5.50068e+15	1.64e-08	1.67e-03	9.98e-01
 5.69654e+15	1.88e-08	1.79e-03	9.98e-01
 5.88426e+15	2.11e-08	1.92e-03	9.98e-01
 6.09641e+15	2.43e-08	2.08e-03	9.98e-01
 6.33013e+15	2.88e-08	2.26e-03	9.98e-01
 6.54507e+15	3.30e-08	2.43e-03	9.98e-01
 6.77685e+15	3.81e-08	2.63e-03	9.97e-01
 7.03762e+15	4.46e-08	2.86e-03	9.97e-01
 7.28663e+15	5.13e-08	3.09e-03	9.97e-01
 7.51890e+15	5.79e-08	3.31e-03	9.97e-01
 7.77883e+15	6.79e-08	3.59e-03	9.96e-01
 8.03701e+15	7.78e-08	3.87e-03	9.96e-01
 8.24653e+15	8.63e-08	4.11e-03	9.96e-01
 8.47248e+15	9.73e-08	4.39e-03	9.96e-01
 8.76622e+15	1.15e-07	4.79e-03	9.95e-01
 9.06296e+15	1.34e-07	5.19e-03	9.95e-01
 9.30735e+15	1.51e-07	5.56e-03	9.94e-01
 9.56880e+15	1.72e-07	5.98e-03	9.94e-01
 9.90868e+15	2.00e-07	6.56e-03	9.93e-01
 1.02509e+16	2.41e-07	7.21e-03	9.93e-01
 1.05172e+16	2.72e-07	7.75e-03	9.92e-01
 1.07845e+16	3.07e-07	8.36e-03	9.92e-01
 1.11320e+16	3.71e-07	9.24e-03	9.91e-01
 1.14820e+16	4.36e-07	1.02e-02	9.90e-01
 1.17610e+16	4.94e-07	1.10e-02	9.89e-01
 1.20492e+16	5.72e-07	1.20e-02	9.88e-01
 1.23718e+16	6.85e-07	1.33e-02	9.87e-01
 1.26691e+16	7.96e-07	1.46e-02	9.85e-01
 1.29388e+16	9.08e-07	1.60e-02	9.84e-01
 1.32426e+16	1.10e-06	1.78e-02	9.82e-01
 1.35629e+16	1.32e-06	1.99e-02	9.80e-01
 1.38355e+16	1.51e-06	2.20e-02	9.78e-01
 1.40824e+16	1.77e-06	2.43e-02	9.76e-01
 1.43651e+16	2.18e-06	2.75e-02	9.72e-01
 1.46565e+16	2.66e-06	3.14e-02	9.69e-01
 1.48940e+16	3.09e-06	3.53e-02	9.65e-01
 1.51035e+16	3.66e-06	3.95e-02	9.61e-01
 1.52913e+16	4.28e-06	4.39e-02	9.56e-01
 1.54520e+16	4.94e-06	4.84e-02	9.52e-01
 1.56280e+16	5.83e-06	5.45e-02	9.46e-01
 1.58212e+16	7.19e-06	6.24e-02	9.38e-01
 1.59969e+16	8.55e-06	7.16e-02	9.28e-01
 1.61568e+16	1.03e-05	8.21e-02	9.18e-01
 1.63085e+16	1.26e-05	9.47e-02	9.05e-01
 1.64510e+16	1.56e-05	1.10e-01	8.90e-01
 1.65807e+16	1.90e-05	1.27e-01	8.73e-01
 1.66990e+16	2.31e-05	1.47e-01	8.53e-01
 1.68102e+16	2.82e-05	1.71e-01	8.29e-01
 1.69147e+16	3.44e-05	1.99e-01	8.01e-01
 1.70118e+16	4.19e-05	2.32e-01	7.68e-01
 1.70886e+16	4.94e-05	2.64e-01	7.36e-01
 1.71430e+16	5.58e-05	2.90e-01	7.10e-01
 1.71988e+16	6.35e-05	3.22e-01	6.78e-01
 1.72714e+16	7.59e-05	3.68e-01	6.32e-01
 1.73400e+16	8.91e-05	4.18e-01	5.82e-01
 1.73906e+16	1.01e-04	4.59e-01	5.41e-01
 1.74434e+16	1.14e-04	5.06e-01	4.94e-01
 1.75120e+16	1.33e-04	5.69e-01	4.30e-01
 1.75829e+16	1.55e-04	6.35e-01	3.64e-01
 1.76435e+16	1.73e-04	6.91e-01	3.09e-01
 1.77088e+16	1.94e-04	7.46e-01	2.53e-01
 1.77938e+16	2.18e-04	8.08e-01	1.92e-01
 1.79017e+16	2.45e-04	8.68e-01	1.32e-01
 1.80296e+16	2.71e-04	9.15e-01	8.44e-02
 1.81840e+16	2.94e-04	9.50e-01	5.02e-02
 1.83827e+16	3.16e-04	9.73e-01	2.71e-02
 1.86410e+16	3.38e-04	9.86e-01	1.33e-02
 1.89768e+16	3.63e-04	9.94e-01	5.98e-03
 1.94133e+16	3.93e-04	9.97e-01	2.47e-03
 1.98748e+16	4.27e-04	9.98e-01	1.12e-03
 2.02664e+16	4.58e-04	9.99e-01	6.29e-04
 2.06073e+16	4.89e-04	9.99e-01	3.96e-04
 2.09845e+16	5.25e-04	9.99e-01	2.44e-04
 2.13825e+16	5.72e-04	9.99e-01	1.54e-04
 2.17069e+16	6.14e-04	9.99e-01	1.10e-04
 2.19700e+16	6.54e-04	9.99e-01	8.39e-05
 2.22544e+16	7.04e-04	9.99e-01	6.27e-05
 2.25597e+16	7.66e-04	9.99e-01	4.70e-05
 2.27651e+16	8.14e-04	9.99e-01	3.97e-05
 2.28636e+16	8.39e-04	9.99e-01	3.66e-05
 2.29506e+16	8.64e-04	9.99e-01	3.37e-05
 2.30638e+16	8.98e-04	9.99e-01	3.04e-05
 2.32108e+16	9.46e-04	9.99e-01	2.67e-05
 2.33606e+16	1.00e-03	9.99e-01	2.35e-05
 2.34779e+16	1.05e-03	9.99e-01	2.14e-05
 2.35776e+16	1.09e-03	9.99e-01	1.97e-05
 2.36707e+16	1.14e-03	9.99e-01	1.83e-05
 2.37559e+16	1.18e-03	9.99e-01	1.70e-05
 2.38509e+16	1.24e-03	9.99e-01	1.57e-05
 2.39504e+16	1.30e-03	9.99e-01	1.45e-05
 2.40325e+16	1.35e-03	9.99e-01	1.37e-05
 2.41034e+16	1.41e-03	9.99e-01	1.29e-05
 2.41826e+16	1.47e-03	9.99e-01	1.21e-05
 2.42684e+16	1.54e-03	9.98e-01	1.13e-05
 2.43433e+16	1.61e-03	9.98e-01	1.07e-05
 2.44081e+16	1.68e-03	9.98e-01	1.02e-05
 2.44793e+16	1.76e-03	9.98e-01	9.64e-06
 2.45562e+16	1.86e-03	9.98e-01	9.09e-06
 2.46229e+16	1.95e-03	9.98e-01	8.66e-06
 2.46810e+16	2.03e-03	9.98e-01	8.29e-06
 2.47456e+16	2.13e-03	9.98e-01	7.89e-06
 2.48146e+16	2.25e-03	9.98e-01	7.50e-06
 2.48740e+16	2.37e-03	9.98e-01	7.18e-06
 2.49266e+16	2.48e-03	9.98e-01	6.91e-06
 2.49858e+16	2.62e-03	9.97e-01	6.60e-06
 2.50490e+16	2.78e-03	9.97e-01	6.30e-06
 2.51036e+16	2.94e-03	9.97e-01	6.06e-06
 2.51517e+16	3.09e-03	9.97e-01	5.86e-06
 2.52053e+16	3.28e-03	9.97e-01	5.63e-06
 2.52635e+16	3.50e-03	9.96e-01	5.40e-06
 2.53146e+16	3.73e-03	9.96e-01	5.21e-06
 2.53601e+16	3.95e-03	9.96e-01	5.04e-06
 2.54113e+16	4.23e-03	9.96e-01	4.85e-06
 2.54673e+16	4.58e-03	9.95e-01	4.66e-06
 2.55176e+16	4.94e-03	9.95e-01	4.50e-06
 2.55637e+16	5.31e-03	9.95e-01	4.35e-06
 2.56160e+16	5.80e-03	9.94e-01	4.19e-06
 2.56717e+16	6.42e-03	9.94e-01	4.04e-06
 2.57185e+16	7.05e-03	9.93e-01	3.91e-06
 2.57582e+16	7.64e-03	9.92e-01	3.82e-06
 2.58020e+16	8.43e-03	9.92e-01	3.70e-06
 2.58463e+16	9.38e-03	9.91e-01	3.60e-06
 2.58801e+16	1.03e-02	9.90e-01	3.52e-06
 2.59074e+16	1.11e-02	9.89e-01	3.46e-06
 2.59374e+16	1.21e-02	9.88e-01	3.39e-06
 2.59703e+16	1.34e-02	9.87e-01	3.33e-06
 2.59992e+16	1.48e-02	9.85e-01	3.27e-06
 2.60237e+16	1.61e-02	9.84e-01	3.24e-06
 2.60502e+16	1.78e-02	9.82e-01	3.20e-06
 2.60786e+16	1.99e-02	9.80e-01	3.17e-06
 2.61027e+16	2.21e-02	9.78e-01	3.14e-06
 2.61231e+16	2.42e-02	9.76e-01	3.12e-06
 2.61453e+16	2.70e-02	9.73e-01	3.11e-06
 2.61695e+16	3.05e-02	9.69e-01	3.11e-06
 2.61909e+16	3.43e-02	9.66e-01	3.11e-06
 2.62091e+16	3.81e-02	9.62e-01	3.12e-06
 2.62288e+16	4.30e-02	9.57e-01	3.14e-06
 2.62494e+16	4.89e-02	9.51e-01	3.17e-06
 2.62664e+16	5.50e-02	9.45e-01	3.20e-06
 2.62807e+16	6.06e-02	9.39e-01	3.25e-06
 2.62949e+16	6.74e-02	9.33e-01	3.29e-06
 2.63098e+16	7.52e-02	9.25e-01	3.36e-06
 2.63237e+16	8.39e-02	9.16e-01	3.43e-06
 2.63362e+16	9.28e-02	9.07e-01	3.49e-06
 2.63478e+16	1.02e-01	8.98e-01	3.58e-06
 2.63583e+16	1.12e-01	8.88e-01	3.64e-06
 2.63681e+16	1.21e-01	8.79e-01	3.73e-06
 2.63758e+16	1.29e-01	8.71e-01	3.78e-06
 2.63808e+16	1.35e-01	8.65e-01	3.82e-06
 2.63853e+16	1.41e-01	8.59e-01	3.86e-06
 2.63905e+16	1.48e-01	8.52e-01	3.91e-06
 2.63962e+16	1.56e-01	8.44e-01	3.96e-06
 2.64017e+16	1.64e-01	8.36e-01	4.01e-06
 2.64069e+16	1.71e-01	8.29e-01	4.07e-06
 2.64120e+16	1.80e-01	8.20e-01	4.11e-06
 2.64170e+16	1.88e-01	8.12e-01	4.17e-06
 2.64221e+16	1.98e-01	8.02e-01	4.22e-06
 2.64272e+16	2.08e-01	7.92e-01	4.27e-06
 2.64321e+16	2.17e-01	7.83e-01	4.33e-06
 2.64369e+16	2.27e-01	7.73e-01	4.39e-06
 2.64417e+16	2.38e-01	7.62e-01	4.43e-06
 2.64465e+16	2.49e-01	7.51e-01	4.49e-06
 2.64512e+16	2.61e-01	7.39e-01	4.53e-06
 2.64558e+16	2.72e-01	7.28e-01	4.59e-06
 2.64604e+16	2.85e-01	7.15e-01	4.64e-06
 2.64650e+16	2.97e-01	7.03e-01	4.69e-06
 2.64695e+16	3.10e-01	6.90e-01	4.73e-06
 2.64739e+16	3.23e-01	6.77e-01	4.78e-06
 2.64782e+16	3.37e-01	6.63e-01	4.82e-06
 2.64826e+16	3.50e-01	6.50e-01	4.87e-06
 2.64869e+16	3.65e-01	6.35e-01	4.90e-06
 2.64910e+16	3.79e-01	6.21e-01	4.95e-06
 2.64952e+16	3.93e-01	6.07e-01	4.98e-06
 2.64993e+16	4.08e-01	5.92e-01	5.00e-06
 2.65033e+16	4.23e-01	5.77e-01	5.03e-06
 2.65072e+16	4.38e-01	5.62e-01	5.06e-06
 2.65112e+16	4.53e-01	5.47e-01	5.08e-06
 2.65150e+16	4.68e-01	5.32e-01	5.09e-06
 2.65188e+16	4.83e-01	5.17e-01	5.11e-06
 2.65225e+16	4.98e-01	5.02e-01	5.13e-06
 2.65261e+16	5.12e-01	4.88e-01	5.14e-06
 2.65296e+16	5.27e-01	4.73e-01	5.14e-06
 2.65331e+16	5.41e-01	4.59e-01	5.14e-06
 2.65365e+16	5.55e-01	4.45e-01	5.14e-06
 2.65398e+16	5.69e-01	4.31e-01	5.13e-06
 2.65430e+16	5.83e-01	4.17e-01	5.12e-06
 2.65462e+16	5.96e-01	4.04e-01	5.10e-06
 2.65493e+16	6.09e-01	3.91e-01	5.09e-06
 2.65524e+16	6.22e-01	3.78e-01	5.07e-06
 2.65554e+16	6.34e-01	3.66e-01	5.05e-06
 2.65583e+16	6.46e-01	3.54e-01	5.02e-06
 2.65612e+16	6.58e-01	3.42e-01	5.00e-06
 2.65640e+16	6.69e-01	3.31e-01	4.97e-06
 2.65667e+16	6.80e-01	3.20e-01	4.94e-06
 2.65695e+16	6.90e-01	3.10e-01	4.90e-06
 2.65722e+16	7.01e-01	2.99e-01	4.87e-06
 2.65748e+16	7.11e-01	2.89e-01	4.83e-06
 2.65774e+16	7.21e-01	2.79e-01	4.79e-06
 2.65799e+16	7.30e-01	2.70e-01	4.75e-06
 2.65825e+16	7.40e-01	2.60e-01	4.71e-06
 2.65849e+16	7.48e-01	2.52e-01	4.67e-06
 2.65874e+16	7.57e-01	2.43e-01	4.63e-06
 2.65895e+16	7.64e-01	2.36e-01	4.58e-06
 2.65911e+16	7.70e-01	2.30e-01	4.54e-06
 2.65927e+16	7.75e-01	2.25e-01	4.51e-06
 2.65943e+16	7.81e-01	2.19e-01	4.47e-06
 2.65960e+16	7.86e-01	2.14e-01	4.42e-06
 2.65975e+16	7.91e-01	2.09e-01	4.39e-06
 2.65990e+16	7.96e-01	2.04e-01	4.35e-06
 2.66005e+16	8.01e-01	1.99e-01	4.31e-06
 2.66020e+16	8.06e-01	1.94e-01	4.28e-06
 2.66035e+16	8.10e-01	1.90e-01	4.24e-06
 2.66049e+16	8.15e-01	1.85e-01	4.20e-06
 2.66064e+16	8.19e-01	1.81e-01	4.16e-06
 2.66078e+16	8.23e-01	1.77e-01	4.12e-06
 2.66093e+16	8.27e-01	1.73e-01	4.08e-06
 2.66107e+16	8.32e-01	1.68e-01	4.05e-06
 2.66122e+16	8.36e-01	1.64e-01	4.00e-06
 2.66137e+16	8.40e-01	1.60e-01	3.96e-06
 2.66153e+16	8.44e-01	1.56e-01	3.92e-06
 2.66170e+16	8.49e-01	1.51e-01	3.87e-06
 2.66189e+16	8.54e-01	1.46e-01	3.81e-06
 2.66209e+16	8.59e-01	1.41e-01	3.76e-06
 2.66230e+16	8.64e-01	1.36e-01	3.70e-06
 2.66249e+16	8.68e-01	1.32e-01	3.64e-06
 2.66268e+16	8.73e-01	1.27e-01	3.57e-06
 2.66288e+16	8.77e-01	1.23e-01	3.51e-06
 2.66307e+16	8.82e-01	1.18e-01	3.44e-06
 2.66325e+16	8.86e-01	1.14e-01	3.38e-06
 2.66342e+16	8.89e-01	1.11e-01	3.31e-06
 2.66358e+16	8.93e-01	1.07e-01	3.25e-06
 2.66372e+16	8.96e-01	1.04e-01	3.19e-06
 2.66386e+16	8.99e-01	1.01e-01	3.13e-06
 2.66398e+16	9.01e-01	9.89e-02	3.09e-06
 2.66409e+16	9.03e-01	9.67e-02	3.04e-06
 2.66419e+16	9.05e-01	9.47e-02	2.99e-06
 2.66428e+16	9.07e-01	9.29e-02	2.95e-06
 2.66437e+16	9.09e-01	9.12e-02	2.91e-06
 2.66444e+16	9.10e-01	8.97e-02	2.87e-06
 2.66452e+16	9.12e-01	8.80e-02	2.83e-06
 2.66461e+16	9.14e-01	8.64e-02	2.80e-06
 2.66469e+16	9.15e-01	8.48e-02	2.76e-06
 2.66477e+16	9.17e-01	8.34e-02	2.72e-06
 2.66484e+16	9.18e-01	8.21e-02	2.69e-06
 2.66491e+16	9.19e-01	8.07e-02	2.66e-06
 2.66499e+16	9.21e-01	7.93e-02	2.62e-06
 2.66506e+16	9.22e-01	7.79e-02	2.58e-06
 2.66513e+16	9.23e-01	7.67e-02	2.55e-06
 2.66519e+16	9.24e-01	7.56e-02	2.52e-06
 2.66526e+16	9.26e-01	7.44e-02	2.48e-06
 2.66533e+16	9.27e-01	7.32e-02	2.45e-06
 2.66539e+16	9.28e-01	7.20e-02	2.41e-06
 2.66545e+16	9.29e-01	7.10e-02	2.38e-06
 2.66550e+16	9.30e-01	7.00e-02	2.35e-06
 2.66555e+16	9.31e-01	6.92e-02	2.33e-06
 2.66561e+16	9.32e-01	6.81e-02	2.29e-06
 2.66566e+16	9.33e-01	6.71e-02	2.26e-06
 2.66572e+16	9.34e-01	6.63e-02	2.24e-06
 2.66576e+16	9.35e-01	6.54e-02	2.21e-06
 2.66581e+16	9.35e-01	6.47e-02	2.18e-06
 2.66586e+16	9.36e-01	6.38e-02	2.15e-06
 2.66591e+16	9.37e-01	6.29e-02	2.13e-06
 2.66595e+16	9.38e-01	6.21e-02	2.10e-06
 2.66600e+16	9.39e-01	6.14e-02	2.07e-06
 2.66604e+16	9.39e-01	6.06e-02	2.05e-06
 2.66609e+16	9.40e-01	5.97e-02	2.02e-06
 2.66614e+16	9.41e-01	5.90e-02	2.00e-06
 2.66618e+16	9.42e-01	5.83e-02	1.97e-06
 2.66623e+16	9.43e-01	5.75e-02	1.94e-06
 2.66628e+16	9.43e-01	5.67e-02	1.92e-06
 2.66632e+16	9.44e-01	5.60e-02	1.89e-06
 2.66636e+16	9.45e-01	5.53e-02	1.87e-06
 2.66640e+16	9.45e-01	5.47e-02	1.85e-06
 2.66644e+16	9.46e-01	5.40e-02	1.83e-06
 2.66648e+16	9.47e-01	5.33e-02	1.80e-06
 2.66652e+16	9.47e-01	5.27e-02	1.78e-06
 2.66656e+16	9.48e-01	5.22e-02	1.77e-06
 2.66660e+16	9.48e-01	5.15e-02	1.74e-06
 2.66665e+16	9.49e-01	5.07e-02	1.71e-06
 2.66671e+16	9.50e-01	4.98e-02	1.69e-06
 2.66676e+16	9.51e-01	4.91e-02	1.66e-06
 2.66681e+16	9.52e-01	4.85e-02	1.64e-06
 2.66685e+16	9.52e-01	4.79e-02	1.62e-06
 2.66690e+16	9.53e-01	4.72e-02	1.60e-06
 2.66695e+16	9.53e-01	4.65e-02	1.57e-06
 2.66699e+16	9.54e-01	4.59e-02	1.55e-06
 2.66703e+16	9.55e-01	4.54e-02	1.54e-06
 2.66708e+16	9.55e-01	4.47e-02	1.52e-06
 2.66714e+16	9.56e-01	4.39e-02	1.49e-06
 2.66720e+16	9.57e-01	4.32e-02	1.47e-06
 2.66726e+16	9.58e-01	4.24e-02	1.44e-06
 2.66731e+16	9.58e-01	4.18e-02	1.42e-06
 2.66736e+16	9.59e-01	4.12e-02	1.40e-06
 2.66740e+16	9.59e-01	4.07e-02	1.38e-06
 2.66745e+16	9.60e-01	4.01e-02	1.37e-06
 2.66751e+16	9.61e-01	3.94e-02	1.34e-06
 2.66758e+16	9.61e-01	3.86e-02	1.32e-06
 2.66764e+16	9.62e-01	3.79e-02	1.30e-06
 2.66770e+16	9.63e-01	3.74e-02	1.28e-06
 2.66775e+16	9.63e-01	3.68e-02	1.26e-06
 2.66779e+16	9.64e-01	3.63e-02	1.25e-06
 2.66784e+16	9.64e-01	3.58e-02	1.23e-06
 2.66791e+16	9.65e-01	3.51e-02	1.21e-06
 2.66798e+16	9.66e-01	3.44e-02	1.19e-06
 2.66804e+16	9.66e-01	3.38e-02	1.17e-06
 2.66810e+16	9.67e-01	3.32e-02	1.15e-06
 2.66816e+16	9.67e-01	3.27e-02	1.14e-06
 2.66822e+16	9.68e-01	3.22e-02	1.12e-06
 2.66828e+16	9.68e-01	3.16e-02	1.10e-06
 2.66834e+16	9.69e-01	3.11e-02	1.08e-06
 2.66839e+16	9.69e-01	3.07e-02	1.07e-06
 2.66845e+16	9.70e-01	3.02e-02	1.05e-06
 2.66852e+16	9.70e-01	2.95e-02	1.03e-06
 2.66860e+16	9.71e-01	2.89e-02	1.02e-06
 2.66867e+16	9.72e-01	2.83e-02	1.00e-06
 2.66874e+16	9.72e-01	2.78e-02	9.83e-07
 2.66880e+16	9.73e-01	2.73e-02	9.69e-07
 2.66887e+16	9.73e-01	2.68e-02	9.54e-07
 2.66894e+16	9.74e-01	2.63e-02	9.39e-07
 2.66900e+16	9.74e-01	2.59e-02	9.24e-07
 2.66906e+16	9.75e-01	2.54e-02	9.11e-07
 2.66913e+16	9.75e-01	2.50e-02	8.98e-07
 2.66920e+16	9.75e-01	2.45e-02	8.84e-07
 2.66926e+16	9.76e-01	2.41e-02	8.71e-07
 2.66933e+16	9.76e-01	2.37e-02	8.58e-07
 2.66941e+16	9.77e-01	2.32e-02	8.44e-07
 2.66948e+16	9.77e-01	2.28e-02	8.31e-07
 2.66955e+16	9.78e-01	2.23e-02	8.18e-07
 2.66963e+16	9.78e-01	2.19e-02	8.04e-07
 2.66971e+16	9.79e-01	2.14e-02	7.92e-07
 2.66978e+16	9.79e-01	2.11e-02	7.81e-07
 2.66985e+16	9.79e-01	2.07e-02	7.68e-07
 2.66993e+16	9.80e-01	2.02e-02	7.56e-07
 2.67000e+16	9.80e-01	1.99e-02	7.45e-07
 2.67008e+16	9.81e-01	1.95e-02	7.32e-07
 2.67017e+16	9.81e-01	1.90e-02	7.20e-07
 2.67025e+16	9.81e-01	1.87e-02	7.09e-07
 2.67033e+16	9.82e-01	1.82e-02	6.96e-07
 2.67042e+16	9.82e-01	1.78e-02	6.84e-07
 2.67051e+16	9.83e-01	1.75e-02	6.73e-07
 2.67060e+16	9.83e-01	1.71e-02	6.60e-07
 2.67070e+16	9.83e-01	1.66e-02	6.48e-07
 2.67079e+16	9.84e-01	1.63e-02	6.37e-07
 2.67087e+16	9.84e-01	1.60e-02	6.27e-07
 2.67096e+16	9.84e-01	1.56e-02	6.16e-07
 2.67106e+16	9.85e-01	1.52e-02	6.05e-07
 2.67115e+16	9.85e-01	1.49e-02	5.95e-07
 2.67125e+16	9.85e-01	1.45e-02	5.83e-07
 2.67135e+16	9.86e-01	1.42e-02	5.73e-07
 2.67145e+16	9.86e-01	1.39e-02	5.63e-07
 2.67155e+16	9.87e-01	1.35e-02	5.51e-07
 2.67166e+16	9.87e-01	1.31e-02	5.41e-07
 2.67177e+16	9.87e-01	1.28e-02	5.31e-07
 2.67188e+16	9.88e-01	1.25e-02	5.20e-07
 2.67200e+16	9.88e-01	1.21e-02	5.09e-07
 2.67211e+16	9.88e-01	1.18e-02	4.99e-07
 2.67223e+16	9.89e-01	1.15e-02	4.88e-07
 2.67236e+16	9.89e-01	1.11e-02	4.77e-07
 2.67251e+16	9.89e-01	1.08e-02	4.65e-07
 2.67268e+16	9.90e-01	1.03e-02	4.51e-07
 2.67287e+16	9.90e-01	9.89e-03	4.37e-07
 2.67305e+16	9.91e-01	9.49e-03	4.24e-07
 2.67323e+16	9.91e-01	9.11e-03	4.11e-07
 2.67342e+16	9.91e-01	8.73e-03	3.98e-07
 2.67362e+16	9.92e-01	8.35e-03	3.84e-07
 2.67382e+16	9.92e-01	7.98e-03	3.71e-07
 2.67402e+16	9.92e-01	7.63e-03	3.58e-07
 2.67423e+16	9.93e-01	7.28e-03	3.46e-07
 2.67445e+16	9.93e-01	6.94e-03	3.33e-07
 2.67468e+16	9.93e-01	6.61e-03	3.20e-07
 2.67491e+16	9.94e-01	6.29e-03	3.08e-07
 2.67515e+16	9.94e-01	5.98e-03	2.96e-07
 2.67539e+16	9.94e-01	5.68e-03	2.84e-07
 2.67564e+16	9.95e-01	5.39e-03	2.72e-07
 2.67590e+16	9.95e-01	5.11e-03	2.60e-07
 2.67617e+16	9.95e-01	4.84e-03	2.49e-07
 2.67644e+16	9.95e-01	4.58e-03	2.38e-07
 2.67673e+16	9.96e-01	4.33e-03	2.27e-07
 2.67702e+16	9.96e-01	4.09e-03	2.16e-07
 2.67732e+16	9.96e-01	3.86e-03	2.06e-07
 2.67764e+16	9.96e-01	3.64e-03	1.95e-07
 2.67797e+16	9.97e-01	3.43e-03	1.85e-07
 2.67831e+16	9.97e-01	3.23e-03	1.75e-07
 2.67866e+16	9.97e-01	3.03e-03	1.66e-07
 2.67903e+16	9.97e-01	2.85e-03	1.57e-07
 2.67942e+16	9.97e-01	2.67e-03	1.48e-07
 2.67983e+16	9.98e-01	2.49e-03	1.39e-07
 2.68027e+16	9.98e-01	2.33e-03	1.30e-07
 2.68073e+16	9.98e-01	2.16e-03	1.21e-07
 2.68123e+16	9.98e-01	2.00e-03	1.12e-07
 2.68176e+16	9.98e-01	1.84e-03	1.04e-07
 2.68235e+16	9.98e-01	1.68e-03	9.47e-08
 2.68299e+16	9.98e-01	1.52e-03	8.58e-08
 2.68371e+16	9.99e-01	1.36e-03	7.70e-08
 2.68453e+16	9.99e-01	1.21e-03	6.86e-08
 2.68547e+16	9.99e-01	1.08e-03	6.10e-08
 2.68646e+16	9.99e-01	9.75e-04	5.49e-08
 2.68746e+16	9.99e-01	8.95e-04	5.04e-08
 2.68846e+16	9.99e-01	8.35e-04	4.69e-08
 2.68945e+16	9.99e-01	7.89e-04	4.40e-08
 2.69045e+16	9.99e-01	7.57e-04	4.22e-08
 2.69144e+16	9.99e-01	7.32e-04	4.07e-08
 2.69244e+16	9.99e-01	7.12e-04	3.95e-08
 2.69343e+16	9.99e-01	6.97e-04	3.85e-08
 2.69458e+16	9.99e-01	6.83e-04	3.76e-08
 2.69607e+16	9.99e-01	6.69e-04	3.66e-08
 2.69800e+16	9.99e-01	6.54e-04	3.55e-08
 2.70052e+16	9.99e-01	6.40e-04	3.44e-08
 2.70379e+16	9.99e-01	6.25e-04	3.31e-08
 2.70804e+16	9.99e-01	6.07e-04	3.15e-08
 2.71356e+16	9.99e-01	5.85e-04	2.95e-08
 2.72070e+16	9.99e-01	5.57e-04	2.70e-08
 2.72914e+16	9.99e-01	5.27e-04	2.44e-08
 2.73824e+16	1.00e+00	4.96e-04	2.19e-08
 2.74792e+16	1.00e+00	4.66e-04	1.94e-08
 2.75850e+16	1.00e+00	4.34e-04	1.70e-08
 2.77036e+16	1.00e+00	4.01e-04	1.46e-08
 2.78326e+16	1.00e+00	3.67e-04	1.24e-08
 2.79737e+16	1.00e+00	3.34e-04	1.03e-08
 2.81296e+16	1.00e+00	3.01e-04	8.44e-09
 2.83004e+16	1.00e+00	2.69e-04	6.77e-09
 2.84914e+16	1.00e+00	2.37e-04	5.29e-09
 2.87020e+16	1.00e+00	2.06e-04	4.05e-09
 2.89311e+16	1.00e+00	1.77e-04	3.03e-09
 2.91822e+16	1.00e+00	1.51e-04	2.21e-09
 2.94628e+16	1.00e+00	1.26e-04	1.56e-09
 2.97822e+16	1.00e+00	1.03e-04	1.05e-09
 3.01459e+16	1.00e+00	8.24e-05	6.78e-10
 3.05607e+16	1.00e+00	6.41e-05	4.15e-10
 3.10417e+16	1.00e+00	4.82e-05	2.37e-10
 3.15797e+16	1.00e+00	3.55e-05	1.30e-10
 3.21366e+16	1.00e+00	2.61e-05	7.11e-11
 3.27317e+16	1.00e+00	1.89e-05	3.77e-11
 3.33778e+16	1.00e+00	1.36e-05	1.95e-11
 3.40500e+16	1.00e+00	9.67e-06	1.00e-11
 3.47423e+16	1.00e+00	6.91e-06	5.16e-12
 3.54450e+16	1.00e+00	4.97e-06	2.68e-12
 3.61512e+16	1.00e+00	3.60e-06	1.42e-12
 3.68974e+16	1.00e+00	2.58e-06	7.34e-13
 3.76954e+16	1.00e+00	1.83e-06	3.72e-13
 3.85215e+16	1.00e+00	1.29e-06	1.88e-13
 3.93640e+16	1.00e+00	9.20e-07	9.56e-14
 4.02265e+16	1.00e+00	6.54e-07	4.86e-14
 4.11222e+16	1.00e+00	4.63e-07	2.46e-14
 4.20312e+16	1.00e+00	3.29e-07	1.26e-14
 4.29777e+16	1.00e+00	2.33e-07	6.34e-15
 4.39764e+16	1.00e+00	1.63e-07	3.14e-15
 4.50052e+16	1.00e+00	1.13e-07	1.55e-15
 4.60597e+16	1.00e+00	7.92e-08	7.65e-16
 4.71462e+16	1.00e+00	5.51e-08	3.76e-16
 4.82708e+16	1.00e+00	3.81e-08	1.83e-16
 4.94294e+16	1.00e+00	2.60e-08	8.75e-17
 5.06110e+16	1.00e+00	1.79e-08	4.26e-17
 5.18043e+16	1.00e+00	1.24e-08	2.08e-17
 5.30036e+16	1.00e+00	8.51e-09	1.02e-17
 5.42522e+16	1.00e+00	5.86e-09	4.94e-18
 5.55831e+16	1.00e+00	3.98e-09	2.33e-18
 5.69606e+16	1.00e+00	2.68e-09	1.09e-18
 5.83726e+16	1.00e+00	1.80e-09	5.05e-19
 5.98057e+16	1.00e+00	1.21e-09	2.36e-19
 6.12271e+16	1.00e+00	8.36e-10	1.14e-19
 6.27074e+16	1.00e+00	5.62e-10	5.33e-20
 6.42659e+16	1.00e+00	3.81e-10	2.48e-20
 6.58328e+16	1.00e+00	2.59e-10	1.17e-20
 6.74004e+16	1.00e+00	1.77e-10	5.59e-21
 6.89678e+16	1.00e+00	1.23e-10	0.00e+00
 7.05350e+16	1.00e+00	8.55e-11	0.00e+00
 7.21021e+16	1.00e+00	6.01e-11	0.00e+00
 7.36690e+16	1.00e+00	4.26e-11	0.00e+00
 7.52358e+16	1.00e+00	3.03e-11	0.00e+00
 7.68023e+16	1.00e+00	2.18e-11	0.00e+00
 7.83686e+16	1.00e+00	1.58e-11	0.00e+00
 7.99351e+16	1.00e+00	1.15e-11	0.00e+00
 8.15017e+16	1.00e+00	8.44e-12	0.00e+00
 8.30681e+16	1.00e+00	6.23e-12	0.00e+00
 8.46345e+16	1.00e+00	4.62e-12	0.00e+00
 8.62008e+16	1.00e+00	3.45e-12	0.00e+00
 8.77671e+16	1.00e+00	2.59e-12	0.00e+00
 8.93334e+16	1.00e+00	1.96e-12	0.00e+00
 9.08996e+16	1.00e+00	1.48e-12	0.00e+00
 9.27007e+16	1.00e+00	1.08e-12	0.00e+00
 9.47674e+16	1.00e+00	7.59e-13	0.00e+00
 9.68648e+16	1.00e+00	5.38e-13	0.00e+00
 9.92767e+16	1.00e+00	3.61e-13	0.00e+00
 1.02412e+17	1.00e+00	2.20e-13	0.00e+00
 1.06268e+17	1.00e+00	1.23e-13	0.00e+00
 1.10519e+17	1.00e+00	6.70e-14	0.00e+00
 1.14940e+17	1.00e+00	3.71e-14	0.00e+00
 1.19137e+17	1.00e+00	2.22e-14	0.00e+00
 1.22972e+17	1.00e+00	1.45e-14	0.00e+00
 1.26883e+17	1.00e+00	9.84e-15	0.00e+00
 1.31025e+17	1.00e+00	6.91e-15	0.00e+00
 1.35322e+17	1.00e+00	5.12e-15	0.00e+00
 1.39702e+17	1.00e+00	4.04e-15	0.00e+00
 1.44172e+17	1.00e+00	3.40e-15	0.00e+00
 1.48736e+17	1.00e+00	2.99e-15	0.00e+00
 1.53377e+17	1.00e+00	2.74e-15	0.00e+00
 1.58092e+17	1.00e+00	2.57e-15	0.00e+00
 1.62864e+17	1.00e+00	2.46e-15	0.00e+00
 1.67660e+17	1.00e+00	2.38e-15	0.00e+00
 1.72461e+17	1.00e+00	2.33e-15	0.00e+00
 1.77258e+17	1.00e+00	2.29e-15	0.00e+00
 1.82019e+17	1.00e+00	2.26e-15	0.00e+00
 1.86716e+17	1.00e+00	2.24e-15	0.00e+00
 1.91325e+17	1.00e+00	2.23e-15	0.00e+00
 1.95827e+17	1.00e+00	2.23e-15	0.00e+00
 2.00201e+17	1.00e+00	2.23e-15	0.00e+00
 2.04429e+17	1.00e+00	2.24e-15	0.00e+00
 2.08495e+17	1.00e+00	2.25e-15	0.00e+00
 2.12389e+17	1.00e+00	2.26e-15	0.00e+00
 2.16109e+17	1.00e+00	2.28e-15	0.00e+00
 2.19650e+17	1.00e+00	2.30e-15	0.00e+00
 2.23013e+17	1.00e+00	2.32e-15	0.00e+00
 2.26198e+17	1.00e+00	2.34e-15	0.00e+00
 2.29211e+17	1.00e+00	2.36e-15	0.00e+00
 2.32059e+17	1.00e+00	2.38e-15	0.00e+00
 2.34750e+17	1.00e+00	2.40e-15	0.00e+00
 2.37289e+17	1.00e+00	2.42e-15	0.00e+00
 2.39684e+17	1.00e+00	2.43e-15	0.00e+00
 2.41943e+17	1.00e+00	2.45e-15	0.00e+00
 2.44076e+17	1.00e+00	2.47e-15	0.00e+00
 2.46089e+17	1.00e+00	2.48e-15	0.00e+00
 2.47990e+17	1.00e+00	2.50e-15	0.00e+00
 2.49785e+17	1.00e+00	2.51e-15	0.00e+00
 2.51481e+17	1.00e+00	2.52e-15	0.00e+00
 2.53083e+17	1.00e+00	2.53e-15	0.00e+00
 2.54599e+17	1.00e+00	2.54e-15	0.00e+00
 2.56033e+17	1.00e+00	2.55e-15	0.00e+00
 2.57390e+17	1.00e+00	2.56e-15	0.00e+00
 2.58674e+17	1.00e+00	2.57e-15	0.00e+00
 2.59890e+17	1.00e+00	2.57e-15	0.00e+00
 2.61043e+17	1.00e+00	2.58e-15	0.00e+00
 2.62136e+17	1.00e+00	2.59e-15	0.00e+00
 2.63172e+17	1.00e+00	2.59e-15	0.00e+00
 2.64156e+17	1.00e+00	2.60e-15	0.00e+00
 2.65090e+17	1.00e+00	2.60e-15	0.00e+00
 2.65977e+17	1.00e+00	2.61e-15	0.00e+00
 2.66821e+17	1.00e+00	2.61e-15	0.00e+00
 2.67623e+17	1.00e+00	2.62e-15	0.00e+00
 2.68386e+17	1.00e+00	2.62e-15	0.00e+00
 2.69113e+17	1.00e+00	2.62e-15	0.00e+00
 2.69805e+17	1.00e+00	2.63e-15	0.00e+00
 2.70465e+17	1.00e+00	2.63e-15	0.00e+00
 2.71095e+17	1.00e+00	2.63e-15	0.00e+00
 2.71696e+17	1.00e+00	2.63e-15	0.00e+00
 2.72271e+17	1.00e+00	2.64e-15	0.00e+00
 2.72820e+17	1.00e+00	2.64e-15	0.00e+00
 2.73346e+17	1.00e+00	2.64e-15	0.00e+00
 2.73850e+17	1.00e+00	2.64e-15	0.00e+00
 2.74334e+17	1.00e+00	2.64e-15	0.00e+00
 2.74799e+17	1.00e+00	2.64e-15	0.00e+00
 2.75247e+17	1.00e+00	2.65e-15	0.00e+00
 2.75678e+17	1.00e+00	2.65e-15	0.00e+00
 2.76094e+17	1.00e+00	2.65e-15	0.00e+00
 2.76497e+17	1.00e+00	2.65e-15	0.00e+00
 2.76887e+17	1.00e+00	2.65e-15	0.00e+00
 2.77266e+17	1.00e+00	2.65e-15	0.00e+00
 2.77636e+17	1.00e+00	2.65e-15	0.00e+00
 2.77996e+17	1.00e+00	2.65e-15	0.00e+00
 2.78350e+17	1.00e+00	2.65e-15	0.00e+00
 2.78697e+17	1.00e+00	2.65e-15	0.00e+00
 2.79040e+17	1.00e+00	2.65e-15	0.00e+00
 2.79381e+17	1.00e+00	2.65e-15	0.00e+00
 2.79720e+17	1.00e+00	2.65e-15	0.00e+00
 2.80059e+17	1.00e+00	2.65e-15	0.00e+00
 2.80402e+17	1.00e+00	2.65e-15	0.00e+00
 2.80750e+17	1.00e+00	2.65e-15	0.00e+00
 2.81106e+17	1.00e+00	2.65e-15	0.00e+00
 2.81473e+17	1.00e+00	2.64e-15	0.00e+00
 2.81857e+17	1.00e+00	2.64e-15	0.00e+00
 2.82262e+17	1.00e+00	2.64e-15	0.00e+00
 2.82696e+17	1.00e+00	2.64e-15	0.00e+00
 2.83166e+17	1.00e+00	2.63e-15	0.00e+00
 2.83687e+17	1.00e+00	2.63e-15	0.00e+00
 2.84274e+17	1.00e+00	2.62e-15	0.00e+00
 2.84952e+17	1.00e+00	2.61e-15	0.00e+00
 2.85755e+17	1.00e+00	2.59e-15	0.00e+00
 2.86735e+17	1.00e+00	2.57e-15	0.00e+00
 2.87972e+17	1.00e+00	2.54e-15	0.00e+00
 2.89570e+17	1.00e+00	2.49e-15	0.00e+00
 2.91648e+17	1.00e+00	2.40e-15	0.00e+00
 2.94349e+17	1.00e+00	2.29e-15	0.00e+00
 2.97861e+17	1.00e+00	2.12e-15	0.00e+00
 3.02427e+17	1.00e+00	1.91e-15	0.00e+00
 3.08362e+17	1.00e+00	1.64e-15	0.00e+00
 3.16077e+17	1.00e+00	1.34e-15	0.00e+00
 3.26107e+17	1.00e+00	1.01e-15	0.00e+00
 3.38412e+17	1.00e+00	6.93e-16	0.00e+00
 3.51949e+17	1.00e+00	4.98e-16	0.00e+00
 3.66026e+17	1.00e+00	4.26e-16	0.00e+00
 3.80668e+17	1.00e+00	3.66e-16	0.00e+00
 3.95894e+17	1.00e+00	3.11e-16	0.00e+00
 4.10816e+17	1.00e+00	2.60e-16	0.00e+00
 4.25119e+17	1.00e+00	2.71e-16	0.00e+00
 4.38366e+17	1.00e+00	2.45e-16	0.00e+00
 4.49556e+17	1.00e+00	2.79e-16	0.00e+00
 4.59272e+17	1.00e+00	3.19e-16	0.00e+00
 4.68414e+17	1.00e+00	3.23e-16	0.00e+00
 4.77263e+17	1.00e+00	3.01e-16	0.00e+00
 4.85480e+17	1.00e+00	2.76e-16	0.00e+00
 4.92668e+17	1.00e+00	2.66e-16	0.00e+00
 4.98850e+17	1.00e+00	2.62e-16	0.00e+00
 5.03681e+17	1.00e+00	2.54e-16	0.00e+00
 5.06727e+17	1.00e+00	2.62e-16	0.00e+00
 5.08471e+17	1.00e+00	2.72e-16	0.00e+00
 5.09518e+17	1.00e+00	2.79e-16	0.00e+00
 5.10146e+17	1.00e+00	2.83e-16	0.00e+00
 5.10562e+17	1.00e+00	2.85e-16	0.00e+00
 5.10932e+17	1.00e+00	2.87e-16	0.00e+00
 5.11316e+17	1.00e+00	2.88e-16	0.00e+00
 5.11715e+17	1.00e+00	2.89e-16	0.00e+00
 5.12099e+17	1.00e+00	2.89e-16	0.00e+00
 5.12410e+17	1.00e+00	2.89e-16	0.00e+00
 5.12709e+17	1.00e+00	2.89e-16	0.00e+00
 5.13034e+17	1.00e+00	2.89e-16	0.00e+00
 5.13323e+17	1.00e+00	2.89e-16	0.00e+00
 5.13571e+17	1.00e+00	2.88e-16	0.00e+00
 5.13806e+17	1.00e+00	2.88e-16	0.00e+00
 5.14046e+17	1.00e+00	2.87e-16	0.00e+00
 5.14275e+17	1.00e+00	2.86e-16	0.00e+00
 5.14476e+17	1.00e+00	2.86e-16	0.00e+00
 5.14673e+17	1.00e+00	2.85e-16	0.00e+00
 5.14872e+17	1.00e+00	2.84e-16	0.00e+00
 5.15058e+17	1.00e+00	2.84e-16	0.00e+00
 5.15232e+17	1.00e+00	2.83e-16	0.00e+00
 5.15401e+17	1.00e+00	2.82e-16	0.00e+00
 5.15565e+17	1.00e+00	2.82e-16	0.00e+00
 5.15724e+17	1.00e+00	2.81e-16	0.00e+00
 5.15880e+17	1.00e+00	2.80e-16	0.00e+00
 5.16033e+17	1.00e+00	2.79e-16	0.00e+00
 5.16182e+17	1.00e+00	2.79e-16	0.00e+00
 5.16325e+17	1.00e+00	2.78e-16	0.00e+00
 5.16465e+17	1.00e+00	2.78e-16	0.00e+00
 5.16604e+17	1.00e+00	2.77e-16	0.00e+00
 5.16743e+17	1.00e+00	2.76e-16	0.00e+00
 5.16879e+17	1.00e+00	2.75e-16	0.00e+00
 5.17014e+17	1.00e+00	2.74e-16	0.00e+00
 5.17149e+17	1.00e+00	2.74e-16	0.00e+00
 5.17284e+17	1.00e+00	2.72e-16	0.00e+00
 5.17418e+17	1.00e+00	2.72e-16	0.00e+00
 5.17548e+17	1.00e+00	2.70e-16	0.00e+00
 5.17679e+17	1.00e+00	2.71e-16	0.00e+00
 5.17817e+17	1.00e+00	2.68e-16	0.00e+00
 5.17959e+17	1.00e+00	2.66e-16	0.00e+00
 5.18100e+17	1.00e+00	2.65e-16	0.00e+00
 5.18241e+17	1.00e+00	2.64e-16	0.00e+00
 5.18382e+17	1.00e+00	2.62e-16	0.00e+00
 5.18523e+17	1.00e+00	2.61e-16	0.00e+00
 5.18665e+17	1.00e+00	2.60e-16	0.00e+00
 5.18817e+17	1.00e+00	2.59e-16	0.00e+00
 5.18992e+17	1.00e+00	2.56e-16	0.00e+00
 5.19165e+17	1.00e+00	2.54e-16	0.00e+00
 5.19315e+17	1.00e+00	2.53e-16	0.00e+00
 5.19463e+17	1.00e+00	2.52e-16	0.00e+00
 5.19633e+17	1.00e+00	2.50e-16	0.00e+00
 5.19811e+17	1.00e+00	2.48e-16	0.00e+00
 5.19983e+17	1.00e+00	2.46e-16	0.00e+00
 5.20160e+17	1.00e+00	2.44e-16	0.00e+00
 5.20349e+17	1.00e+00	2.42e-16	0.00e+00
 5.20536e+17	1.00e+00	2.40e-16	0.00e+00
 5.20717e+17	1.00e+00	2.38e-16	0.00e+00
 5.20911e+17	1.00e+00	2.36e-16	0.00e+00
 5.21124e+17	1.00e+00	2.33e-16	0.00e+00
 5.21342e+17	1.00e+00	2.31e-16	0.00e+00
 5.21551e+17	1.00e+00	2.28e-16	0.00e+00
 5.21758e+17	1.00e+00	2.26e-16	0.00e+00
 5.21981e+17	1.00e+00	2.24e-16	0.00e+00
 5.22216e+17	1.00e+00	2.21e-16	0.00e+00
 5.22451e+17	1.00e+00	2.18e-16	0.00e+00
 5.22689e+17	1.00e+00	2.15e-16	0.00e+00
 5.22939e+17	1.00e+00	2.13e-16	0.00e+00
 5.23196e+17	1.00e+00	2.09e-16	0.00e+00
 5.23453e+17	1.00e+00	2.06e-16	0.00e+00
 5.23724e+17	1.00e+00	2.03e-16	0.00e+00
 5.24010e+17	1.00e+00	2.00e-16	0.00e+00
 5.24287e+17	1.00e+00	1.96e-16	0.00e+00
 5.24561e+17	1.00e+00	1.93e-16	0.00e+00
 5.24858e+17	1.00e+00	1.90e-16	0.00e+00
 5.25176e+17	1.00e+00	1.86e-16	0.00e+00
 5.25487e+17	1.00e+00	1.82e-16	0.00e+00
 5.25796e+17	1.00e+00	1.79e-16	0.00e+00
 5.26122e+17	1.00e+00	1.75e-16	0.00e+00
 5.26467e+17	1.00e+00	1.71e-16	0.00e+00
 5.26813e+17	1.00e+00	1.67e-16	0.00e+00
 5.27153e+17	1.00e+00	1.63e-16	0.00e+00
 5.27502e+17	1.00e+00	1.59e-16	0.00e+00
 5.27871e+17	1.00e+00	1.55e-16	0.00e+00
 5.28249e+17	1.00e+00	1.50e-16	0.00e+00
 5.28627e+17	1.00e+00	1.46e-16	0.00e+00
 5.29015e+17	1.00e+00	1.42e-16	0.00e+00
 5.29414e+17	1.00e+00	1.37e-16	0.00e+00
 5.29820e+17	1.00e+00	1.33e-16	0.00e+00
 5.30233e+17	1.00e+00	1.28e-16	0.00e+00
 5.30659e+17	1.00e+00	1.24e-16	0.00e+00
 5.31093e+17	1.00e+00	1.19e-16	0.00e+00
 5.31526e+17	1.00e+00	1.15e-16	0.00e+00
 5.31976e+17	1.00e+00	1.11e-16	0.00e+00
 5.32451e+17	1.00e+00	1.06e-16	0.00e+00
 5.32929e+17	1.00e+00	1.01e-16	0.00e+00
 5.33399e+17	1.00e+00	9.69e-17	0.00e+00
 5.33884e+17	1.00e+00	9.26e-17	0.00e+00
 5.34402e+17	1.00e+00	8.79e-17	0.00e+00
 5.34916e+17	1.00e+00	8.34e-17	0.00e+00
 5.35430e+17	1.00e+00	7.92e-17	0.00e+00
 5.35960e+17	1.00e+00	7.50e-17	0.00e+00
 5.36518e+17	1.00e+00	7.08e-17	0.00e+00
 5.37115e+17	1.00e+00	6.64e-17	0.00e+00
 5.37711e+17	1.00e+00	6.21e-17	0.00e+00
 5.38299e+17	1.00e+00	5.81e-17	0.00e+00
 5.38896e+17	1.00e+00	5.43e-17	0.00e+00
 5.39531e+17	1.00e+00	5.06e-17	0.00e+00
 5.40191e+17	1.00e+00	4.67e-17	0.00e+00
 5.40809e+17	1.00e+00	4.31e-17	0.00e+00
 5.41345e+17	1.00e+00	4.02e-17	0.00e+00
 5.41820e+17	1.00e+00	3.78e-17	0.00e+00
 5.42267e+17	1.00e+00	3.51e-17	0.00e+00
 5.42704e+17	1.00e+00	3.32e-17	0.00e+00
 5.43129e+17	1.00e+00	3.14e-17	0.00e+00
 5.43531e+17	1.00e+00	2.97e-17	0.00e+00
 5.43909e+17	1.00e+00	2.82e-17	0.00e+00
 5.44270e+17	1.00e+00	2.68e-17	0.00e+00
 5.44618e+17	1.00e+00	2.56e-17	0.00e+00
 5.44954e+17	1.00e+00	2.44e-17	0.00e+00
 5.45278e+17	1.00e+00	2.32e-17	0.00e+00
 5.45588e+17	1.00e+00	2.22e-17	0.00e+00
 5.45886e+17	1.00e+00	2.12e-17	0.00e+00
 5.46173e+17	1.00e+00	2.03e-17	0.00e+00
 5.46451e+17	1.00e+00	1.95e-17	0.00e+00
 5.46719e+17	1.00e+00	1.86e-17	0.00e+00
 5.46976e+17	1.00e+00	1.79e-17	0.00e+00
 5.47224e+17	1.00e+00	1.72e-17	0.00e+00
 5.47465e+17	1.00e+00	1.65e-17	0.00e+00
 5.47699e+17	1.00e+00	1.59e-17	0.00e+00
 5.47926e+17	1.00e+00	1.53e-17	0.00e+00
 5.48147e+17	1.00e+00	1.47e-17	0.00e+00
 5.48358e+17	1.00e+00	1.41e-17	0.00e+00
 5.48562e+17	1.00e+00	1.36e-17	0.00e+00
 5.48762e+17	1.00e+00	1.32e-17	0.00e+00
 5.48960e+17	1.00e+00	1.27e-17	0.00e+00
 5.49154e+17	1.00e+00	1.23e-17	0.00e+00
 5.49341e+17	1.00e+00	1.19e-17	0.00e+00
 5.49524e+17	1.00e+00	1.15e-17	0.00e+00
 5.49703e+17	1.00e+00	1.11e-17	0.00e+00
 5.49906e+17	1.00e+00	1.07e-17	0.00e+00
 5.50171e+17	1.00e+00	1.03e-17	0.00e+00
 5.50515e+17	1.00e+00	9.70e-18	0.00e+00
 5.50963e+17	1.00e+00	9.02e-18	0.00e+00
 5.51544e+17	1.00e+00	8.16e-18	0.00e+00
 5.52301e+17	1.00e+00	7.18e-18	0.00e+00
 5.53159e+17	1.00e+00	6.06e-18	0.00e+00
 5.53929e+17	1.00e+00	5.04e-18	0.00e+00
 5.54536e+17	1.00e+00	4.40e-18	0.00e+00
 5.55056e+17	1.00e+00	3.89e-18	0.00e+00
 5.55586e+17	1.00e+00	3.51e-18	0.00e+00
 5.56161e+17	1.00e+00	3.13e-18	0.00e+00
 5.56755e+17	1.00e+00	2.77e-18	0.00e+00
 5.57334e+17	1.00e+00	2.46e-18	0.00e+00
 5.57894e+17	1.00e+00	2.19e-18	0.00e+00
 5.58458e+17	1.00e+00	1.95e-18	0.00e+00
