#depth	O	O+	O+2	O+3	O+4	O+5	O+6	O+7	O+8	O[1]	O[2]	O[3]
 1.49634e+10	0.00e+00	0.00e+00	5.09e-33	1.73e-23	4.76e-15	6.92e-08	1.00e+00	9.23e-14	0.00e+00	0.00e+00	0.00e+00	0.00e+00
 4.54887e+10	0.00e+00	1.51e-43	6.97e-33	2.19e-23	5.58e-15	7.49e-08	1.00e+00	0.00e+00	0.00e+00	0.00e+00	0.00e+00	0.00e+00
 7.72350e+10	0.00e+00	0.00e+00	9.55e-33	2.77e-23	6.53e-15	8.10e-08	1.00e+00	0.00e+00	0.00e+00	0.00e+00	0.00e+00	0.00e+00
 1.10251e+11	0.00e+00	3.32e-43	1.31e-32	3.51e-23	7.65e-15	8.77e-08	1.00e+00	0.00e+00	0.00e+00	0.00e+00	0.00e+00	0.00e+00
 1.44588e+11	0.00e+00	0.00e+00	1.79e-32	4.45e-23	8.96e-15	9.49e-08	1.00e+00	0.00e+00	0.00e+00	0.00e+00	0.00e+00	0.00e+00
 1.80298e+11	0.00e+00	7.30e-43	2.46e-32	5.64e-23	1.05e-14	1.03e-07	1.00e+00	0.00e+00	0.00e+00	0.00e+00	0.00e+00	0.00e+00
 2.15751e+11	0.00e+00	0.00e+00	3.32e-32	7.07e-23	1.22e-14	1.11e-07	1.00e+00	0.00e+00	0.00e+00	0.00e+00	0.00e+00	0.00e+00
 2.52621e+11	0.00e+00	1.55e-42	4.49e-32	8.87e-23	1.42e-14	1.20e-07	1.00e+00	0.00e+00	0.00e+00	0.00e+00	0.00e+00	0.00e+00
 2.92652e+11	0.00e+00	0.00e+00	6.16e-32	1.12e-22	1.67e-14	1.30e-07	1.00e+00	0.00e+00	0.00e+00	0.00e+00	0.00e+00	0.00e+00
 3.33243e+11	0.00e+00	3.38e-42	8.38e-32	1.42e-22	1.95e-14	1.40e-07	1.00e+00	0.00e+00	0.00e+00	0.00e+00	0.00e+00	0.00e+00
 3.75458e+11	0.00e+00	0.00e+00	1.14e-31	1.79e-22	2.27e-14	1.51e-07	1.00e+00	0.00e+00	0.00e+00	0.00e+00	0.00e+00	0.00e+00
 4.20403e+11	0.00e+00	7.36e-42	1.56e-31	2.27e-22	2.67e-14	1.64e-07	1.00e+00	0.00e+00	0.00e+00	0.00e+00	0.00e+00	0.00e+00
 4.67146e+11	0.00e+00	0.00e+00	2.14e-31	2.88e-22	3.13e-14	1.78e-07	1.00e+00	0.00e+00	0.00e+00	0.00e+00	0.00e+00	0.00e+00
 5.15759e+11	0.00e+00	1.62e-41	2.94e-31	3.65e-22	3.67e-14	1.93e-07	1.00e+00	0.00e+00	0.00e+00	0.00e+00	0.00e+00	0.00e+00
 5.66316e+11	0.00e+00	0.00e+00	4.04e-31	4.63e-22	4.30e-14	2.09e-07	1.00e+00	0.00e+00	0.00e+00	0.00e+00	0.00e+00	0.00e+00
 6.18895e+11	0.00e+00	3.57e-41	5.54e-31	5.88e-22	5.05e-14	2.26e-07	1.00e+00	0.00e+00	0.00e+00	0.00e+00	0.00e+00	0.00e+00
 6.73578e+11	0.00e+00	0.00e+00	7.61e-31	7.46e-22	5.93e-14	2.45e-07	1.00e+00	0.00e+00	0.00e+00	0.00e+00	0.00e+00	0.00e+00
 7.30448e+11	0.00e+00	7.86e-41	1.04e-30	9.48e-22	6.96e-14	2.66e-07	1.00e+00	0.00e+00	0.00e+00	0.00e+00	0.00e+00	0.00e+00
 7.89592e+11	0.00e+00	0.00e+00	1.43e-30	1.20e-21	8.18e-14	2.88e-07	1.00e+00	0.00e+00	0.00e+00	0.00e+00	0.00e+00	0.00e+00
 8.51103e+11	0.00e+00	1.73e-40	1.97e-30	1.53e-21	9.61e-14	3.13e-07	1.00e+00	0.00e+00	0.00e+00	0.00e+00	0.00e+00	0.00e+00
 9.09070e+11	0.00e+00	0.00e+00	2.63e-30	1.90e-21	1.11e-13	3.37e-07	1.00e+00	0.00e+00	0.00e+00	0.00e+00	0.00e+00	0.00e+00
 9.61075e+11	0.00e+00	3.39e-40	3.37e-30	2.30e-21	1.26e-13	3.59e-07	1.00e+00	0.00e+00	0.00e+00	0.00e+00	0.00e+00	0.00e+00
 1.01949e+12	0.00e+00	0.00e+00	4.43e-30	2.82e-21	1.45e-13	3.85e-07	1.00e+00	0.00e+00	0.00e+00	0.00e+00	0.00e+00	0.00e+00
 1.08851e+12	0.00e+00	7.01e-40	6.05e-30	3.57e-21	1.70e-13	4.17e-07	1.00e+00	0.00e+00	0.00e+00	0.00e+00	0.00e+00	0.00e+00
 1.15728e+12	0.00e+00	0.00e+00	8.15e-30	4.47e-21	1.98e-13	4.50e-07	1.00e+00	0.00e+00	0.00e+00	0.00e+00	0.00e+00	0.00e+00
 1.22169e+12	0.00e+00	1.42e-39	1.07e-29	5.48e-21	2.27e-13	4.83e-07	1.00e+00	0.00e+00	0.00e+00	0.00e+00	0.00e+00	0.00e+00
 1.29337e+12	0.00e+00	0.00e+00	1.43e-29	6.83e-21	2.64e-13	5.21e-07	1.00e+00	0.00e+00	0.00e+00	0.00e+00	0.00e+00	0.00e+00
 1.37503e+12	0.00e+00	3.03e-39	1.96e-29	8.70e-21	3.11e-13	5.66e-07	1.00e+00	0.00e+00	0.00e+00	0.00e+00	0.00e+00	0.00e+00
 1.45588e+12	0.00e+00	0.00e+00	2.66e-29	1.10e-20	3.63e-13	6.12e-07	1.00e+00	0.00e+00	0.00e+00	0.00e+00	0.00e+00	0.00e+00
 1.53996e+12	0.00e+00	6.47e-39	3.61e-29	1.38e-20	4.25e-13	6.63e-07	1.00e+00	0.00e+00	0.00e+00	0.00e+00	0.00e+00	0.00e+00
 1.63149e+12	0.00e+00	0.00e+00	4.97e-29	1.76e-20	5.01e-13	7.21e-07	1.00e+00	0.00e+00	0.00e+00	0.00e+00	0.00e+00	0.00e+00
 1.72667e+12	0.00e+00	1.43e-38	6.84e-29	2.24e-20	5.91e-13	7.84e-07	1.00e+00	0.00e+00	0.00e+00	0.00e+00	0.00e+00	0.00e+00
 1.82567e+12	0.00e+00	0.00e+00	9.41e-29	2.86e-20	6.97e-13	8.53e-07	1.00e+00	0.00e+00	0.00e+00	0.00e+00	0.00e+00	0.00e+00
 1.92862e+12	0.00e+00	3.16e-38	1.30e-28	3.65e-20	8.23e-13	9.28e-07	1.00e+00	0.00e+00	0.00e+00	0.00e+00	0.00e+00	0.00e+00
 2.03569e+12	0.00e+00	0.00e+00	1.79e-28	4.65e-20	9.72e-13	1.01e-06	1.00e+00	0.00e+00	0.00e+00	0.00e+00	0.00e+00	0.00e+00
 2.14705e+12	0.00e+00	7.00e-38	2.46e-28	5.94e-20	1.15e-12	1.10e-06	1.00e+00	0.00e+00	0.00e+00	0.00e+00	0.00e+00	0.00e+00
 2.26286e+12	0.00e+00	0.00e+00	3.39e-28	7.58e-20	1.36e-12	1.20e-06	1.00e+00	0.00e+00	0.00e+00	0.00e+00	0.00e+00	0.00e+00
 2.38330e+12	0.00e+00	1.55e-37	4.67e-28	9.68e-20	1.61e-12	1.31e-06	1.00e+00	0.00e+00	0.00e+00	0.00e+00	0.00e+00	0.00e+00
 2.50856e+12	0.00e+00	0.00e+00	6.43e-28	1.24e-19	1.90e-12	1.42e-06	1.00e+00	0.00e+00	0.00e+00	0.00e+00	0.00e+00	0.00e+00
 2.63883e+12	0.00e+00	3.42e-37	8.86e-28	1.58e-19	2.25e-12	1.55e-06	1.00e+00	0.00e+00	0.00e+00	0.00e+00	0.00e+00	0.00e+00
 2.77430e+12	0.00e+00	0.00e+00	1.22e-27	2.02e-19	2.66e-12	1.69e-06	1.00e+00	0.00e+00	0.00e+00	0.00e+00	0.00e+00	0.00e+00
 2.91520e+12	0.00e+00	7.54e-37	1.68e-27	2.58e-19	3.15e-12	1.85e-06	1.00e+00	0.00e+00	0.00e+00	0.00e+00	0.00e+00	0.00e+00
 3.06174e+12	0.00e+00	0.00e+00	2.31e-27	3.30e-19	3.74e-12	2.02e-06	1.00e+00	0.00e+00	0.00e+00	0.00e+00	0.00e+00	0.00e+00
 3.21414e+12	0.00e+00	1.66e-36	3.19e-27	4.22e-19	4.43e-12	2.20e-06	1.00e+00	0.00e+00	0.00e+00	0.00e+00	0.00e+00	0.00e+00
 3.37263e+12	1.84e-46	2.46e-36	4.39e-27	5.40e-19	5.26e-12	2.41e-06	1.00e+00	0.00e+00	0.00e+00	0.00e+00	0.00e+00	0.00e+00
 3.53746e+12	0.00e+00	0.00e+00	6.03e-27	6.90e-19	6.24e-12	2.63e-06	1.00e+00	0.00e+00	0.00e+00	0.00e+00	0.00e+00	0.00e+00
 3.70888e+12	0.00e+00	5.38e-36	8.30e-27	8.83e-19	7.41e-12	2.88e-06	1.00e+00	0.00e+00	0.00e+00	0.00e+00	0.00e+00	0.00e+00
 3.88717e+12	7.49e-46	7.95e-36	1.14e-26	1.13e-18	8.80e-12	3.15e-06	1.00e+00	0.00e+00	0.00e+00	0.00e+00	0.00e+00	0.00e+00
 4.07258e+12	0.00e+00	0.00e+00	1.57e-26	1.44e-18	1.05e-11	3.44e-06	1.00e+00	0.00e+00	0.00e+00	0.00e+00	0.00e+00	0.00e+00
 4.26541e+12	0.00e+00	1.73e-35	2.15e-26	1.85e-18	1.24e-11	3.77e-06	1.00e+00	0.00e+00	0.00e+00	0.00e+00	0.00e+00	0.00e+00
 4.46187e+12	2.97e-45	2.53e-35	2.93e-26	2.35e-18	1.47e-11	4.12e-06	1.00e+00	0.00e+00	0.00e+00	0.00e+00	0.00e+00	0.00e+00
 4.66618e+12	0.00e+00	3.68e-35	4.00e-26	2.99e-18	1.74e-11	4.51e-06	1.00e+00	0.00e+00	0.00e+00	0.00e+00	0.00e+00	0.00e+00
 4.88276e+12	7.35e-45	5.40e-35	5.47e-26	3.82e-18	2.07e-11	4.94e-06	1.00e+00	0.00e+00	0.00e+00	0.00e+00	0.00e+00	0.00e+00
 5.10799e+12	0.00e+00	7.91e-35	7.49e-26	4.89e-18	2.47e-11	5.42e-06	1.00e+00	0.00e+00	0.00e+00	0.00e+00	0.00e+00	0.00e+00
 5.34224e+12	1.82e-44	1.16e-34	1.02e-25	6.24e-18	2.94e-11	5.94e-06	1.00e+00	0.00e+00	0.00e+00	0.00e+00	0.00e+00	0.00e+00
 5.58586e+12	0.00e+00	1.68e-34	1.40e-25	7.98e-18	3.50e-11	6.52e-06	1.00e+00	0.00e+00	0.00e+00	0.00e+00	0.00e+00	0.00e+00
 5.83922e+12	4.42e-44	2.45e-34	1.90e-25	1.02e-17	4.17e-11	7.17e-06	1.00e+00	0.00e+00	0.00e+00	0.00e+00	0.00e+00	0.00e+00
 6.10271e+12	0.00e+00	3.55e-34	2.59e-25	1.30e-17	4.96e-11	7.87e-06	1.00e+00	0.00e+00	0.00e+00	0.00e+00	0.00e+00	0.00e+00
 6.37675e+12	1.06e-43	5.13e-34	3.52e-25	1.66e-17	5.91e-11	8.66e-06	1.00e+00	0.00e+00	0.00e+00	0.00e+00	0.00e+00	0.00e+00
 6.62846e+12	0.00e+00	7.08e-34	4.61e-25	2.06e-17	6.91e-11	9.42e-06	1.00e+00	0.00e+00	0.00e+00	0.00e+00	0.00e+00	0.00e+00
 6.84412e+12	2.12e-43	9.23e-34	5.75e-25	2.46e-17	7.86e-11	1.01e-05	1.00e+00	0.00e+00	0.00e+00	0.00e+00	0.00e+00	0.00e+00
 7.08254e+12	0.00e+00	1.23e-33	7.29e-25	2.97e-17	9.02e-11	1.09e-05	1.00e+00	0.00e+00	0.00e+00	0.00e+00	0.00e+00	0.00e+00
 7.37660e+12	4.38e-43	1.71e-33	9.66e-25	3.73e-17	1.06e-10	1.19e-05	1.00e+00	0.00e+00	0.00e+00	0.00e+00	0.00e+00	0.00e+00
 7.67770e+12	0.00e+00	2.37e-33	1.27e-24	4.66e-17	1.25e-10	1.31e-05	1.00e+00	0.00e+00	0.00e+00	0.00e+00	0.00e+00	0.00e+00
 7.94889e+12	8.88e-43	3.13e-33	1.61e-24	5.66e-17	1.44e-10	1.42e-05	1.00e+00	0.00e+00	0.00e+00	0.00e+00	0.00e+00	0.00e+00
 8.24653e+12	0.00e+00	4.21e-33	2.07e-24	6.95e-17	1.68e-10	1.54e-05	1.00e+00	0.00e+00	0.00e+00	0.00e+00	0.00e+00	0.00e+00
 8.59802e+12	1.84e-42	5.85e-33	2.75e-24	8.76e-17	1.99e-10	1.70e-05	1.00e+00	0.00e+00	0.00e+00	0.00e+00	0.00e+00	0.00e+00
 8.94517e+12	0.00e+00	7.97e-33	3.59e-24	1.09e-16	2.34e-10	1.86e-05	1.00e+00	0.00e+00	0.00e+00	0.00e+00	0.00e+00	0.00e+00
 9.26626e+12	3.60e-42	1.05e-32	4.55e-24	1.33e-16	2.70e-10	2.02e-05	1.00e+00	0.00e+00	0.00e+00	0.00e+00	0.00e+00	0.00e+00
 9.62413e+12	0.00e+00	1.40e-32	5.85e-24	1.64e-16	3.15e-10	2.21e-05	1.00e+00	0.00e+00	0.00e+00	0.00e+00	0.00e+00	0.00e+00
 1.00363e+13	7.25e-42	1.93e-32	7.72e-24	2.07e-16	3.74e-10	2.44e-05	1.00e+00	0.00e+00	0.00e+00	0.00e+00	0.00e+00	0.00e+00
 1.04458e+13	0.00e+00	2.60e-32	1.01e-23	2.58e-16	4.40e-10	2.68e-05	1.00e+00	0.00e+00	0.00e+00	0.00e+00	0.00e+00	0.00e+00
 1.08580e+13	1.42e-41	3.48e-32	1.30e-23	3.20e-16	5.15e-10	2.94e-05	1.00e+00	0.00e+00	0.00e+00	0.00e+00	0.00e+00	0.00e+00
 1.13086e+13	0.00e+00	4.70e-32	1.69e-23	4.01e-16	6.07e-10	3.24e-05	1.00e+00	0.00e+00	0.00e+00	0.00e+00	0.00e+00	0.00e+00
 1.17908e+13	2.84e-41	6.41e-32	2.23e-23	5.05e-16	7.17e-10	3.58e-05	1.00e+00	0.00e+00	0.00e+00	0.00e+00	0.00e+00	0.00e+00
 1.22924e+13	0.00e+00	8.72e-32	2.92e-23	6.37e-16	8.47e-10	3.95e-05	1.00e+00	0.00e+00	0.00e+00	0.00e+00	0.00e+00	0.00e+00
 1.28010e+13	5.64e-41	1.18e-31	3.82e-23	7.97e-16	9.96e-10	4.34e-05	1.00e+00	0.00e+00	0.00e+00	0.00e+00	0.00e+00	0.00e+00
 1.33299e+13	0.00e+00	1.59e-31	4.99e-23	9.98e-16	1.17e-09	4.77e-05	1.00e+00	0.00e+00	0.00e+00	0.00e+00	0.00e+00	0.00e+00
 1.38930e+13	1.12e-40	2.18e-31	6.57e-23	1.26e-15	1.38e-09	5.26e-05	1.00e+00	0.00e+00	0.00e+00	0.00e+00	0.00e+00	0.00e+00
 1.44786e+13	0.00e+00	2.98e-31	8.66e-23	1.58e-15	1.62e-09	5.78e-05	1.00e+00	0.00e+00	0.00e+00	0.00e+00	0.00e+00	0.00e+00
 1.50877e+13	2.29e-40	4.09e-31	1.14e-22	1.99e-15	1.90e-09	6.35e-05	1.00e+00	0.00e+00	0.00e+00	0.00e+00	0.00e+00	0.00e+00
 1.57212e+13	0.00e+00	5.64e-31	1.51e-22	2.51e-15	2.23e-09	6.98e-05	1.00e+00	0.00e+00	0.00e+00	0.00e+00	0.00e+00	0.00e+00
 1.63799e+13	4.74e-40	7.80e-31	2.00e-22	3.17e-15	2.62e-09	7.65e-05	1.00e+00	0.00e+00	0.00e+00	0.00e+00	0.00e+00	0.00e+00
 1.70651e+13	0.00e+00	1.08e-30	2.66e-22	3.99e-15	3.07e-09	8.39e-05	1.00e+00	0.00e+00	0.00e+00	0.00e+00	0.00e+00	0.00e+00
 1.77776e+13	1.00e-39	1.51e-30	3.55e-22	5.03e-15	3.60e-09	9.19e-05	1.00e+00	0.00e+00	0.00e+00	0.00e+00	0.00e+00	0.00e+00
 1.85186e+13	0.00e+00	2.11e-30	4.73e-22	6.34e-15	4.22e-09	1.00e-04	1.00e+00	0.00e+00	0.00e+00	0.00e+00	0.00e+00	0.00e+00
 1.92680e+13	2.15e-39	2.94e-30	6.27e-22	7.95e-15	4.92e-09	1.10e-04	1.00e+00	0.00e+00	0.00e+00	0.00e+00	0.00e+00	0.00e+00
 1.99796e+13	0.00e+00	4.00e-30	8.13e-22	9.78e-15	5.66e-09	1.19e-04	1.00e+00	0.00e+00	0.00e+00	0.00e+00	0.00e+00	0.00e+00
 2.07410e+13	4.41e-39	5.50e-30	1.07e-21	1.21e-14	6.54e-09	1.29e-04	1.00e+00	0.00e+00	0.00e+00	0.00e+00	0.00e+00	0.00e+00
 2.16006e+13	0.00e+00	7.81e-30	1.43e-21	1.53e-14	7.65e-09	1.40e-04	1.00e+00	0.00e+00	0.00e+00	0.00e+00	0.00e+00	0.00e+00
 2.24573e+13	9.72e-39	1.09e-29	1.90e-21	1.91e-14	8.89e-09	1.52e-04	1.00e+00	0.00e+00	0.00e+00	0.00e+00	0.00e+00	0.00e+00
 2.33483e+13	0.00e+00	1.55e-29	2.53e-21	2.40e-14	1.03e-08	1.65e-04	1.00e+00	0.00e+00	0.00e+00	0.00e+00	0.00e+00	0.00e+00
 2.43121e+13	2.20e-38	2.21e-29	3.42e-21	3.03e-14	1.21e-08	1.80e-04	1.00e+00	0.00e+00	0.00e+00	0.00e+00	0.00e+00	0.00e+00
 2.53146e+13	0.00e+00	3.18e-29	4.62e-21	3.82e-14	1.41e-08	1.96e-04	1.00e+00	0.00e+00	0.00e+00	0.00e+00	0.00e+00	0.00e+00
 2.63571e+13	5.13e-38	4.57e-29	6.24e-21	4.83e-14	1.65e-08	2.13e-04	1.00e+00	0.00e+00	0.00e+00	0.00e+00	0.00e+00	0.00e+00
 2.74413e+13	0.00e+00	6.59e-29	8.44e-21	6.10e-14	1.94e-08	2.32e-04	1.00e+00	0.00e+00	0.00e+00	0.00e+00	0.00e+00	0.00e+00
 2.85689e+13	1.21e-37	9.53e-29	1.14e-20	7.71e-14	2.26e-08	2.52e-04	1.00e+00	0.00e+00	0.00e+00	0.00e+00	0.00e+00	0.00e+00
 2.97415e+13	0.00e+00	1.38e-28	1.55e-20	9.75e-14	2.65e-08	2.74e-04	1.00e+00	0.00e+00	0.00e+00	0.00e+00	0.00e+00	0.00e+00
 3.09611e+13	2.89e-37	2.00e-28	2.10e-20	1.23e-13	3.09e-08	2.97e-04	1.00e+00	0.00e+00	0.00e+00	0.00e+00	0.00e+00	0.00e+00
 3.21147e+13	0.00e+00	2.81e-28	2.78e-20	1.52e-13	3.57e-08	3.20e-04	1.00e+00	0.00e+00	0.00e+00	0.00e+00	0.00e+00	0.00e+00
 3.31564e+13	6.10e-37	3.78e-28	3.54e-20	1.84e-13	4.04e-08	3.42e-04	1.00e+00	0.00e+00	0.00e+00	0.00e+00	0.00e+00	0.00e+00
 3.43290e+13	0.00e+00	5.24e-28	4.63e-20	2.25e-13	4.63e-08	3.67e-04	1.00e+00	0.00e+00	0.00e+00	0.00e+00	0.00e+00	0.00e+00
 3.57066e+13	1.39e-36	7.60e-28	6.26e-20	2.83e-13	5.40e-08	3.98e-04	1.00e+00	0.00e+00	0.00e+00	0.00e+00	0.00e+00	0.00e+00
 3.70736e+13	0.00e+00	1.08e-27	8.36e-20	3.53e-13	6.25e-08	4.29e-04	1.00e+00	0.00e+00	0.00e+00	0.00e+00	0.00e+00	0.00e+00
 3.83596e+13	3.10e-36	1.50e-27	1.09e-19	4.31e-13	7.14e-08	4.60e-04	1.00e+00	0.00e+00	0.00e+00	0.00e+00	0.00e+00	0.00e+00
 3.97883e+13	0.00e+00	2.12e-27	1.44e-19	5.35e-13	8.24e-08	4.95e-04	1.00e+00	0.00e+00	0.00e+00	0.00e+00	0.00e+00	0.00e+00
 4.14098e+13	7.35e-36	3.11e-27	1.96e-19	6.76e-13	9.64e-08	5.36e-04	9.99e-01	0.00e+00	0.00e+00	0.00e+00	0.00e+00	0.00e+00
 4.30188e+13	0.00e+00	4.47e-27	2.64e-19	8.46e-13	1.12e-07	5.79e-04	9.99e-01	0.00e+00	0.00e+00	0.00e+00	0.00e+00	0.00e+00
 4.46921e+13	1.76e-35	6.47e-27	3.55e-19	1.06e-12	1.30e-07	6.25e-04	9.99e-01	0.00e+00	0.00e+00	0.00e+00	0.00e+00	0.00e+00
 4.65097e+13	0.00e+00	9.45e-27	4.84e-19	1.34e-12	1.52e-07	6.77e-04	9.99e-01	0.00e+00	0.00e+00	0.00e+00	0.00e+00	0.00e+00
 4.83589e+13	4.34e-35	1.38e-26	6.57e-19	1.68e-12	1.77e-07	7.32e-04	9.99e-01	0.00e+00	0.00e+00	0.00e+00	0.00e+00	0.00e+00
 5.02820e+13	6.76e-35	2.01e-26	8.89e-19	2.12e-12	2.06e-07	7.91e-04	9.99e-01	0.00e+00	0.00e+00	0.00e+00	0.00e+00	0.00e+00
 5.23232e+13	1.07e-34	2.96e-26	1.21e-18	2.68e-12	2.41e-07	8.56e-04	9.99e-01	0.00e+00	0.00e+00	0.00e+00	0.00e+00	0.00e+00
 5.44460e+13	1.71e-34	4.36e-26	1.66e-18	3.39e-12	2.82e-07	9.27e-04	9.99e-01	0.00e+00	0.00e+00	0.00e+00	0.00e+00	0.00e+00
 5.66538e+13	2.71e-34	6.42e-26	2.26e-18	4.29e-12	3.30e-07	1.00e-03	9.99e-01	0.00e+00	0.00e+00	0.00e+00	0.00e+00	0.00e+00
 5.89499e+13	4.30e-34	9.46e-26	3.09e-18	5.42e-12	3.86e-07	1.09e-03	9.99e-01	0.00e+00	0.00e+00	0.00e+00	0.00e+00	0.00e+00
 6.13378e+13	6.84e-34	1.39e-25	4.23e-18	6.86e-12	4.51e-07	1.17e-03	9.99e-01	0.00e+00	0.00e+00	0.00e+00	0.00e+00	0.00e+00
 6.38212e+13	1.09e-33	2.06e-25	5.78e-18	8.67e-12	5.27e-07	1.27e-03	9.99e-01	0.00e+00	0.00e+00	0.00e+00	0.00e+00	0.00e+00
 6.63016e+13	1.71e-33	2.99e-25	7.80e-18	1.09e-11	6.13e-07	1.37e-03	9.99e-01	0.00e+00	0.00e+00	0.00e+00	0.00e+00	0.00e+00
 6.88812e+13	2.67e-33	4.35e-25	1.05e-17	1.36e-11	7.12e-07	1.48e-03	9.99e-01	0.00e+00	0.00e+00	0.00e+00	0.00e+00	0.00e+00
 7.16663e+13	4.27e-33	6.43e-25	1.44e-17	1.72e-11	8.33e-07	1.60e-03	9.98e-01	0.00e+00	0.00e+00	0.00e+00	0.00e+00	0.00e+00
 7.45629e+13	6.81e-33	9.49e-25	1.97e-17	2.18e-11	9.74e-07	1.73e-03	9.98e-01	0.00e+00	0.00e+00	0.00e+00	0.00e+00	0.00e+00
 7.75754e+13	1.08e-32	1.40e-24	2.68e-17	2.75e-11	1.14e-06	1.87e-03	9.98e-01	0.00e+00	0.00e+00	0.00e+00	0.00e+00	0.00e+00
 8.07083e+13	1.73e-32	2.07e-24	3.69e-17	3.48e-11	1.33e-06	2.02e-03	9.98e-01	0.00e+00	0.00e+00	0.00e+00	0.00e+00	0.00e+00
 8.39666e+13	2.77e-32	3.06e-24	5.04e-17	4.41e-11	1.56e-06	2.18e-03	9.98e-01	0.00e+00	0.00e+00	0.00e+00	0.00e+00	0.00e+00
 8.73552e+13	4.42e-32	4.52e-24	6.90e-17	5.57e-11	1.82e-06	2.36e-03	9.98e-01	0.00e+00	0.00e+00	0.00e+00	0.00e+00	0.00e+00
 9.08793e+13	7.07e-32	6.68e-24	9.43e-17	7.05e-11	2.13e-06	2.55e-03	9.97e-01	0.00e+00	0.00e+00	0.00e+00	0.00e+00	0.00e+00
 9.43033e+13	1.09e-31	9.62e-24	1.26e-16	8.78e-11	2.46e-06	2.74e-03	9.97e-01	0.00e+00	0.00e+00	0.00e+00	0.00e+00	0.00e+00
 9.75479e+13	1.63e-31	1.34e-23	1.65e-16	1.07e-10	2.82e-06	2.93e-03	9.97e-01	0.00e+00	0.00e+00	0.00e+00	0.00e+00	0.00e+00
 1.01163e+14	2.50e-31	1.92e-23	2.21e-16	1.33e-10	3.25e-06	3.15e-03	9.97e-01	0.00e+00	0.00e+00	0.00e+00	0.00e+00	0.00e+00
 1.05240e+14	4.01e-31	2.84e-23	3.02e-16	1.68e-10	3.80e-06	3.41e-03	9.97e-01	0.00e+00	0.00e+00	0.00e+00	0.00e+00	0.00e+00
 1.09347e+14	6.24e-31	4.12e-23	4.08e-16	2.11e-10	4.42e-06	3.68e-03	9.96e-01	0.00e+00	0.00e+00	0.00e+00	0.00e+00	0.00e+00
 1.13618e+14	9.87e-31	6.03e-23	5.54e-16	2.65e-10	5.15e-06	3.96e-03	9.96e-01	0.00e+00	0.00e+00	0.00e+00	0.00e+00	0.00e+00
 1.18193e+14	1.55e-30	8.83e-23	7.56e-16	3.36e-10	6.02e-06	4.29e-03	9.96e-01	0.00e+00	0.00e+00	0.00e+00	0.00e+00	0.00e+00
 1.22478e+14	2.36e-30	1.25e-22	1.00e-15	4.15e-10	6.93e-06	4.60e-03	9.95e-01	0.00e+00	0.00e+00	0.00e+00	0.00e+00	0.00e+00
 1.26279e+14	3.37e-30	1.69e-22	1.28e-15	4.97e-10	7.82e-06	4.89e-03	9.95e-01	0.00e+00	0.00e+00	0.00e+00	0.00e+00	0.00e+00
 1.30532e+14	4.98e-30	2.34e-22	1.66e-15	6.05e-10	8.91e-06	5.22e-03	9.95e-01	0.00e+00	0.00e+00	0.00e+00	0.00e+00	0.00e+00
 1.35610e+14	7.67e-30	3.37e-22	2.24e-15	7.59e-10	1.04e-05	5.64e-03	9.94e-01	0.00e+00	0.00e+00	0.00e+00	0.00e+00	0.00e+00
 1.40683e+14	1.18e-29	4.84e-22	2.99e-15	9.44e-10	1.20e-05	6.07e-03	9.94e-01	0.00e+00	0.00e+00	0.00e+00	0.00e+00	0.00e+00
 1.45367e+14	1.71e-29	6.60e-22	3.87e-15	1.15e-09	1.36e-05	6.48e-03	9.94e-01	0.00e+00	0.00e+00	0.00e+00	0.00e+00	0.00e+00
 1.50618e+14	2.59e-29	9.35e-22	5.12e-15	1.42e-09	1.57e-05	6.96e-03	9.93e-01	0.00e+00	0.00e+00	0.00e+00	0.00e+00	0.00e+00
 1.56673e+14	3.99e-29	1.35e-21	6.96e-15	1.79e-09	1.83e-05	7.55e-03	9.92e-01	0.00e+00	0.00e+00	0.00e+00	0.00e+00	0.00e+00
 1.62550e+14	6.14e-29	1.94e-21	9.30e-15	2.23e-09	2.12e-05	8.12e-03	9.92e-01	0.00e+00	0.00e+00	0.00e+00	0.00e+00	0.00e+00
 1.68121e+14	8.83e-29	2.65e-21	1.21e-14	2.72e-09	2.42e-05	8.71e-03	9.91e-01	0.00e+00	0.00e+00	0.00e+00	0.00e+00	0.00e+00
 1.74333e+14	1.35e-28	3.78e-21	1.61e-14	3.37e-09	2.80e-05	9.36e-03	9.91e-01	0.00e+00	0.00e+00	0.00e+00	0.00e+00	0.00e+00
 1.81337e+14	2.06e-28	5.44e-21	2.19e-14	4.26e-09	3.27e-05	1.02e-02	9.90e-01	0.00e+00	0.00e+00	0.00e+00	0.00e+00	0.00e+00
 1.88336e+14	3.12e-28	7.76e-21	2.94e-14	5.33e-09	3.79e-05	1.10e-02	9.89e-01	0.00e+00	0.00e+00	0.00e+00	0.00e+00	0.00e+00
 1.95615e+14	4.73e-28	1.11e-20	3.94e-14	6.68e-09	4.40e-05	1.19e-02	9.88e-01	0.00e+00	0.00e+00	0.00e+00	0.00e+00	0.00e+00
 2.03470e+14	7.37e-28	1.61e-20	5.36e-14	8.43e-09	5.14e-05	1.29e-02	9.87e-01	0.00e+00	0.00e+00	0.00e+00	0.00e+00	0.00e+00
 2.11638e+14	1.11e-27	2.30e-20	7.27e-14	1.06e-08	6.00e-05	1.40e-02	9.86e-01	0.00e+00	0.00e+00	0.00e+00	0.00e+00	0.00e+00
 2.20134e+14	1.72e-27	3.35e-20	9.88e-14	1.34e-08	7.01e-05	1.51e-02	9.85e-01	0.00e+00	0.00e+00	0.00e+00	0.00e+00	0.00e+00
 2.28969e+14	2.57e-27	4.76e-20	1.34e-13	1.70e-08	8.18e-05	1.64e-02	9.83e-01	0.00e+00	0.00e+00	0.00e+00	0.00e+00	0.00e+00
 2.38158e+14	3.97e-27	6.90e-20	1.82e-13	2.14e-08	9.54e-05	1.78e-02	9.82e-01	0.00e+00	0.00e+00	0.00e+00	0.00e+00	0.00e+00
 2.47714e+14	5.87e-27	9.75e-20	2.46e-13	2.70e-08	1.11e-04	1.94e-02	9.81e-01	0.00e+00	0.00e+00	0.00e+00	0.00e+00	0.00e+00
 2.57105e+14	8.80e-27	1.38e-19	3.28e-13	3.37e-08	1.29e-04	2.09e-02	9.79e-01	0.00e+00	0.00e+00	0.00e+00	0.00e+00	0.00e+00
 2.66872e+14	1.27e-26	1.91e-19	4.36e-13	4.20e-08	1.49e-04	2.26e-02	9.77e-01	0.00e+00	0.00e+00	0.00e+00	0.00e+00	0.00e+00
 2.77576e+14	1.88e-26	2.72e-19	5.91e-13	5.30e-08	1.74e-04	2.46e-02	9.75e-01	0.00e+00	0.00e+00	0.00e+00	0.00e+00	0.00e+00
 2.88306e+14	2.76e-26	3.82e-19	7.91e-13	6.64e-08	2.01e-04	2.67e-02	9.73e-01	0.00e+00	0.00e+00	0.00e+00	0.00e+00	0.00e+00
 2.99464e+14	4.12e-26	5.42e-19	1.06e-12	8.31e-08	2.33e-04	2.89e-02	9.71e-01	0.00e+00	0.00e+00	0.00e+00	0.00e+00	0.00e+00
 3.10298e+14	5.70e-26	7.30e-19	1.39e-12	1.03e-07	2.68e-04	3.12e-02	9.69e-01	0.00e+00	0.00e+00	0.00e+00	0.00e+00	0.00e+00
 3.19756e+14	7.67e-26	9.53e-19	1.75e-12	1.23e-07	3.01e-04	3.33e-02	9.66e-01	0.00e+00	0.00e+00	0.00e+00	0.00e+00	0.00e+00
 3.30131e+14	1.07e-25	1.28e-18	2.24e-12	1.48e-07	3.41e-04	3.56e-02	9.64e-01	0.00e+00	0.00e+00	0.00e+00	0.00e+00	0.00e+00
 3.42729e+14	1.50e-25	1.75e-18	2.99e-12	1.85e-07	3.94e-04	3.86e-02	9.61e-01	0.00e+00	0.00e+00	0.00e+00	0.00e+00	0.00e+00
 3.55569e+14	2.13e-25	2.42e-18	3.97e-12	2.30e-07	4.54e-04	4.18e-02	9.58e-01	0.00e+00	0.00e+00	0.00e+00	0.00e+00	0.00e+00
 3.67435e+14	2.93e-25	3.23e-18	5.12e-12	2.79e-07	5.15e-04	4.49e-02	9.55e-01	0.00e+00	0.00e+00	0.00e+00	0.00e+00	0.00e+00
 3.80675e+14	4.10e-25	4.40e-18	6.73e-12	3.44e-07	5.91e-04	4.84e-02	9.51e-01	0.00e+00	0.00e+00	0.00e+00	0.00e+00	0.00e+00
 3.95932e+14	5.98e-25	6.22e-18	9.13e-12	4.34e-07	6.87e-04	5.27e-02	9.47e-01	0.00e+00	0.00e+00	0.00e+00	0.00e+00	0.00e+00
 4.09937e+14	8.37e-25	8.48e-18	1.20e-11	5.33e-07	7.85e-04	5.67e-02	9.42e-01	0.00e+00	0.00e+00	0.00e+00	0.00e+00	0.00e+00
 4.21912e+14	1.11e-24	1.09e-17	1.50e-11	6.32e-07	8.77e-04	6.03e-02	9.39e-01	0.00e+00	0.00e+00	0.00e+00	0.00e+00	0.00e+00
 4.35134e+14	1.53e-24	1.46e-17	1.90e-11	7.58e-07	9.87e-04	6.42e-02	9.35e-01	0.00e+00	0.00e+00	0.00e+00	0.00e+00	0.00e+00
 4.51474e+14	2.14e-24	2.00e-17	2.54e-11	9.43e-07	1.14e-03	6.94e-02	9.29e-01	0.00e+00	0.00e+00	0.00e+00	0.00e+00	0.00e+00
 4.68150e+14	3.03e-24	2.77e-17	3.37e-11	1.17e-06	1.31e-03	7.49e-02	9.24e-01	0.00e+00	0.00e+00	0.00e+00	0.00e+00	0.00e+00
 4.83013e+14	4.12e-24	3.66e-17	4.30e-11	1.40e-06	1.47e-03	7.99e-02	9.19e-01	0.00e+00	0.00e+00	0.00e+00	0.00e+00	0.00e+00
 4.99236e+14	5.83e-24	4.99e-17	5.58e-11	1.70e-06	1.67e-03	8.54e-02	9.13e-01	0.00e+00	0.00e+00	0.00e+00	0.00e+00	0.00e+00
 5.18589e+14	8.20e-24	6.90e-17	7.51e-11	2.13e-06	1.93e-03	9.24e-02	9.06e-01	0.00e+00	0.00e+00	0.00e+00	0.00e+00	0.00e+00
 5.37717e+14	1.21e-23	9.75e-17	9.98e-11	2.64e-06	2.21e-03	9.92e-02	8.99e-01	0.00e+00	0.00e+00	0.00e+00	0.00e+00	0.00e+00
 5.55181e+14	1.65e-23	1.30e-16	1.28e-10	3.18e-06	2.49e-03	1.06e-01	8.92e-01	0.00e+00	0.00e+00	0.00e+00	0.00e+00	0.00e+00
 5.74773e+14	2.33e-23	1.77e-16	1.68e-10	3.90e-06	2.84e-03	1.13e-01	8.84e-01	0.00e+00	0.00e+00	0.00e+00	0.00e+00	0.00e+00
 5.97578e+14	3.34e-23	2.49e-16	2.29e-10	4.89e-06	3.28e-03	1.22e-01	8.74e-01	0.00e+00	0.00e+00	0.00e+00	0.00e+00	0.00e+00
 6.19902e+14	4.95e-23	3.52e-16	3.04e-10	6.05e-06	3.77e-03	1.31e-01	8.65e-01	0.00e+00	0.00e+00	0.00e+00	0.00e+00	0.00e+00
 6.41024e+14	6.88e-23	4.76e-16	3.96e-10	7.35e-06	4.26e-03	1.40e-01	8.56e-01	0.00e+00	0.00e+00	0.00e+00	0.00e+00	0.00e+00
 6.64600e+14	9.89e-23	6.61e-16	5.25e-10	9.06e-06	4.87e-03	1.50e-01	8.46e-01	0.00e+00	0.00e+00	0.00e+00	0.00e+00	0.00e+00
 6.91214e+14	1.43e-22	9.32e-16	7.14e-10	1.14e-05	5.63e-03	1.61e-01	8.33e-01	0.00e+00	0.00e+00	0.00e+00	0.00e+00	0.00e+00
 7.17780e+14	2.11e-22	1.32e-15	9.58e-10	1.41e-05	6.46e-03	1.72e-01	8.21e-01	0.00e+00	0.00e+00	0.00e+00	0.00e+00	0.00e+00
 7.45409e+14	3.13e-22	1.87e-15	1.28e-09	1.75e-05	7.41e-03	1.84e-01	8.08e-01	0.00e+00	0.00e+00	0.00e+00	0.00e+00	0.00e+00
 7.75256e+14	4.56e-22	2.65e-15	1.74e-09	2.19e-05	8.53e-03	1.98e-01	7.94e-01	0.00e+00	0.00e+00	0.00e+00	0.00e+00	0.00e+00
 8.06296e+14	6.94e-22	3.82e-15	2.36e-09	2.74e-05	9.81e-03	2.11e-01	7.79e-01	0.00e+00	0.00e+00	0.00e+00	0.00e+00	0.00e+00
 8.38578e+14	1.01e-21	5.40e-15	3.20e-09	3.42e-05	1.13e-02	2.26e-01	7.63e-01	0.00e+00	0.00e+00	0.00e+00	0.00e+00	0.00e+00
 8.72151e+14	1.52e-21	7.76e-15	4.32e-09	4.26e-05	1.29e-02	2.41e-01	7.46e-01	0.00e+00	0.00e+00	0.00e+00	0.00e+00	0.00e+00
 9.07067e+14	2.29e-21	1.11e-14	5.82e-09	5.29e-05	1.48e-02	2.56e-01	7.29e-01	0.00e+00	0.00e+00	0.00e+00	0.00e+00	0.00e+00
 9.43379e+14	3.42e-21	1.59e-14	7.85e-09	6.57e-05	1.69e-02	2.72e-01	7.11e-01	0.00e+00	0.00e+00	0.00e+00	0.00e+00	0.00e+00
 9.78194e+14	4.94e-21	2.20e-14	1.03e-08	8.02e-05	1.92e-02	2.88e-01	6.93e-01	0.00e+00	0.00e+00	0.00e+00	0.00e+00	0.00e+00
 1.00817e+15	6.67e-21	2.88e-14	1.30e-08	9.46e-05	2.12e-02	3.01e-01	6.78e-01	0.00e+00	0.00e+00	0.00e+00	0.00e+00	0.00e+00
 1.03963e+15	9.17e-21	3.81e-14	1.64e-08	1.12e-04	2.35e-02	3.14e-01	6.62e-01	0.00e+00	0.00e+00	0.00e+00	0.00e+00	0.00e+00
 1.07857e+15	1.35e-20	5.31e-14	2.15e-08	1.36e-04	2.65e-02	3.30e-01	6.43e-01	0.00e+00	0.00e+00	0.00e+00	0.00e+00	0.00e+00
 1.11839e+15	1.95e-20	7.38e-14	2.83e-08	1.65e-04	2.98e-02	3.47e-01	6.23e-01	0.00e+00	0.00e+00	0.00e+00	0.00e+00	0.00e+00
 1.15381e+15	2.70e-20	9.77e-14	3.56e-08	1.95e-04	3.29e-02	3.61e-01	6.06e-01	0.00e+00	0.00e+00	0.00e+00	0.00e+00	0.00e+00
 1.19237e+15	3.82e-20	1.32e-13	4.53e-08	2.32e-04	3.65e-02	3.76e-01	5.87e-01	0.00e+00	0.00e+00	0.00e+00	0.00e+00	0.00e+00
 1.23580e+15	5.48e-20	1.80e-13	5.88e-08	2.79e-04	4.08e-02	3.92e-01	5.67e-01	0.00e+00	0.00e+00	0.00e+00	0.00e+00	0.00e+00
 1.27711e+15	7.71e-20	2.43e-13	7.49e-08	3.31e-04	4.52e-02	4.07e-01	5.47e-01	0.00e+00	0.00e+00	0.00e+00	0.00e+00	0.00e+00
 1.31636e+15	1.06e-19	3.18e-13	9.31e-08	3.86e-04	4.95e-02	4.21e-01	5.29e-01	0.00e+00	0.00e+00	0.00e+00	0.00e+00	0.00e+00
 1.36138e+15	1.51e-19	4.29e-13	1.18e-07	4.57e-04	5.47e-02	4.35e-01	5.10e-01	0.00e+00	0.00e+00	0.00e+00	0.00e+00	0.00e+00
 1.41221e+15	2.17e-19	5.87e-13	1.53e-07	5.49e-04	6.08e-02	4.51e-01	4.88e-01	0.00e+00	0.00e+00	0.00e+00	0.00e+00	0.00e+00
 1.46079e+15	3.10e-19	7.96e-13	1.95e-07	6.49e-04	6.70e-02	4.65e-01	4.67e-01	0.00e+00	0.00e+00	0.00e+00	0.00e+00	0.00e+00
 1.51369e+15	4.51e-19	1.09e-12	2.50e-07	7.72e-04	7.40e-02	4.79e-01	4.46e-01	0.00e+00	0.00e+00	0.00e+00	0.00e+00	0.00e+00
 1.57213e+15	6.54e-19	1.50e-12	3.25e-07	9.26e-04	8.21e-02	4.94e-01	4.23e-01	0.00e+00	0.00e+00	0.00e+00	0.00e+00	0.00e+00
 1.62706e+15	9.36e-19	2.02e-12	4.12e-07	1.09e-03	9.00e-02	5.06e-01	4.03e-01	0.00e+00	0.00e+00	0.00e+00	0.00e+00	0.00e+00
 1.68633e+15	1.35e-18	2.75e-12	5.25e-07	1.29e-03	9.89e-02	5.18e-01	3.81e-01	0.00e+00	0.00e+00	0.00e+00	0.00e+00	0.00e+00
 1.75236e+15	2.00e-18	3.82e-12	6.80e-07	1.54e-03	1.09e-01	5.30e-01	3.59e-01	0.00e+00	0.00e+00	0.00e+00	0.00e+00	0.00e+00
 1.81613e+15	2.88e-18	5.19e-12	8.64e-07	1.82e-03	1.19e-01	5.40e-01	3.39e-01	0.00e+00	0.00e+00	0.00e+00	0.00e+00	0.00e+00
 1.88391e+15	4.26e-18	7.16e-12	1.10e-06	2.15e-03	1.31e-01	5.50e-01	3.18e-01	0.00e+00	0.00e+00	0.00e+00	0.00e+00	0.00e+00
 1.95929e+15	6.35e-18	9.95e-12	1.42e-06	2.55e-03	1.43e-01	5.58e-01	2.96e-01	0.00e+00	0.00e+00	0.00e+00	0.00e+00	0.00e+00
 2.03464e+15	9.06e-18	1.34e-11	1.81e-06	3.01e-03	1.56e-01	5.64e-01	2.77e-01	0.00e+00	0.00e+00	0.00e+00	0.00e+00	0.00e+00
 2.11300e+15	1.33e-17	1.84e-11	2.31e-06	3.54e-03	1.70e-01	5.69e-01	2.57e-01	0.00e+00	0.00e+00	0.00e+00	0.00e+00	0.00e+00
 2.19755e+15	1.97e-17	2.54e-11	2.96e-06	4.18e-03	1.85e-01	5.73e-01	2.38e-01	0.00e+00	0.00e+00	0.00e+00	0.00e+00	0.00e+00
 2.28549e+15	2.96e-17	3.49e-11	3.78e-06	4.93e-03	2.01e-01	5.75e-01	2.19e-01	0.00e+00	0.00e+00	1.68e-17	9.07e-18	3.47e-18
 2.37693e+15	4.33e-17	4.80e-11	4.82e-06	5.78e-03	2.18e-01	5.75e-01	2.01e-01	0.00e+00	0.00e+00	2.45e-17	1.35e-17	4.97e-18
 2.47204e+15	6.40e-17	6.58e-11	6.13e-06	6.77e-03	2.35e-01	5.74e-01	1.84e-01	0.00e+00	0.00e+00	3.62e-17	1.99e-17	7.30e-18
 2.57095e+15	9.69e-17	9.16e-11	7.77e-06	7.91e-03	2.53e-01	5.71e-01	1.68e-01	0.00e+00	0.00e+00	5.50e-17	3.00e-17	1.10e-17
 2.67382e+15	1.42e-16	1.24e-10	9.81e-06	9.20e-03	2.72e-01	5.66e-01	1.53e-01	0.00e+00	0.00e+00	8.07e-17	4.38e-17	1.60e-17
 2.78080e+15	2.09e-16	1.69e-10	1.23e-05	1.07e-02	2.91e-01	5.59e-01	1.39e-01	0.00e+00	0.00e+00	1.19e-16	6.43e-17	2.34e-17
 2.87702e+15	2.82e-16	2.17e-10	1.50e-05	1.21e-02	3.08e-01	5.53e-01	1.27e-01	0.00e+00	0.00e+00	1.61e-16	8.69e-17	3.16e-17
 2.95664e+15	3.71e-16	2.70e-10	1.76e-05	1.34e-02	3.22e-01	5.46e-01	1.19e-01	0.00e+00	0.00e+00	2.12e-16	1.14e-16	4.14e-17
 3.04394e+15	4.90e-16	3.37e-10	2.08e-05	1.49e-02	3.37e-01	5.39e-01	1.10e-01	0.00e+00	0.00e+00	2.80e-16	1.51e-16	5.45e-17
 3.15516e+15	6.88e-16	4.41e-10	2.54e-05	1.69e-02	3.56e-01	5.28e-01	9.94e-02	0.00e+00	0.00e+00	3.94e-16	2.11e-16	7.61e-17
 3.27307e+15	1.01e-15	5.92e-10	3.13e-05	1.93e-02	3.75e-01	5.16e-01	8.95e-02	0.00e+00	0.00e+00	5.76e-16	3.08e-16	1.11e-16
 3.37743e+15	1.36e-15	7.52e-10	3.72e-05	2.15e-02	3.92e-01	5.05e-01	8.17e-02	0.00e+00	0.00e+00	7.81e-16	4.17e-16	1.49e-16
 3.48859e+15	1.85e-15	9.54e-10	4.44e-05	2.39e-02	4.09e-01	4.93e-01	7.43e-02	0.00e+00	0.00e+00	1.06e-15	5.65e-16	2.01e-16
 3.62247e+15	2.55e-15	1.24e-09	5.43e-05	2.71e-02	4.29e-01	4.78e-01	6.62e-02	0.00e+00	0.00e+00	1.46e-15	7.79e-16	2.77e-16
 3.75442e+15	3.70e-15	1.64e-09	6.59e-05	3.05e-02	4.48e-01	4.63e-01	5.91e-02	0.00e+00	0.00e+00	2.12e-15	1.13e-15	4.00e-16
 3.87052e+15	4.93e-15	2.06e-09	7.74e-05	3.37e-02	4.63e-01	4.49e-01	5.36e-02	0.00e+00	0.00e+00	2.84e-15	1.51e-15	5.32e-16
 3.99749e+15	6.64e-15	2.59e-09	9.16e-05	3.72e-02	4.80e-01	4.34e-01	4.82e-02	0.00e+00	0.00e+00	3.82e-15	2.03e-15	7.13e-16
 4.15065e+15	9.09e-15	3.33e-09	1.11e-04	4.18e-02	4.99e-01	4.17e-01	4.25e-02	0.00e+00	0.00e+00	5.23e-15	2.78e-15	9.73e-16
 4.30397e+15	1.32e-14	4.42e-09	1.34e-04	4.68e-02	5.16e-01	3.99e-01	3.74e-02	0.00e+00	0.00e+00	7.62e-15	4.04e-15	1.41e-15
 4.44174e+15	1.77e-14	5.53e-09	1.58e-04	5.13e-02	5.31e-01	3.84e-01	3.35e-02	0.00e+00	0.00e+00	1.02e-14	5.42e-15	1.88e-15
 4.59319e+15	2.40e-14	6.98e-09	1.86e-04	5.66e-02	5.46e-01	3.67e-01	2.97e-02	0.00e+00	0.00e+00	1.38e-14	7.33e-15	2.54e-15
 4.77239e+15	3.29e-14	8.94e-09	2.25e-04	6.32e-02	5.63e-01	3.48e-01	2.58e-02	0.00e+00	0.00e+00	1.89e-14	1.00e-14	3.47e-15
 4.95019e+15	4.77e-14	1.18e-08	2.70e-04	7.01e-02	5.78e-01	3.30e-01	2.24e-02	0.00e+00	0.00e+00	2.75e-14	1.46e-14	5.02e-15
 5.11387e+15	6.41e-14	1.48e-08	3.17e-04	7.66e-02	5.90e-01	3.13e-01	1.97e-02	0.00e+00	0.00e+00	3.70e-14	1.96e-14	6.73e-15
 5.29664e+15	8.52e-14	1.84e-08	3.75e-04	8.43e-02	6.02e-01	2.96e-01	1.72e-02	0.00e+00	0.00e+00	4.92e-14	2.60e-14	8.91e-15
 5.50068e+15	1.25e-13	2.44e-08	4.51e-04	9.33e-02	6.14e-01	2.77e-01	1.47e-02	0.00e+00	0.00e+00	7.21e-14	3.81e-14	1.30e-14
 5.69654e+15	1.71e-13	3.09e-08	5.31e-04	1.02e-01	6.24e-01	2.60e-01	1.27e-02	0.00e+00	0.00e+00	9.88e-14	5.22e-14	1.78e-14
 5.88426e+15	2.22e-13	3.78e-08	6.18e-04	1.11e-01	6.32e-01	2.45e-01	1.10e-02	0.00e+00	0.00e+00	1.28e-13	6.76e-14	2.30e-14
 6.09641e+15	3.05e-13	4.81e-08	7.30e-04	1.21e-01	6.40e-01	2.29e-01	9.45e-03	0.00e+00	0.00e+00	1.76e-13	9.31e-14	3.16e-14
 6.33013e+15	4.45e-13	6.34e-08	8.73e-04	1.33e-01	6.46e-01	2.12e-01	7.96e-03	0.00e+00	0.00e+00	2.58e-13	1.36e-13	4.59e-14
 6.54507e+15	6.04e-13	7.94e-08	1.02e-03	1.44e-01	6.51e-01	1.97e-01	6.83e-03	0.00e+00	0.00e+00	3.50e-13	1.84e-13	6.22e-14
 6.77685e+15	8.30e-13	1.00e-07	1.20e-03	1.57e-01	6.54e-01	1.82e-01	5.79e-03	0.00e+00	0.00e+00	4.81e-13	2.53e-13	8.53e-14
 7.03762e+15	1.17e-12	1.29e-07	1.42e-03	1.71e-01	6.56e-01	1.67e-01	4.82e-03	0.00e+00	0.00e+00	6.77e-13	3.57e-13	1.20e-13
 7.28663e+15	1.59e-12	1.62e-07	1.66e-03	1.85e-01	6.56e-01	1.53e-01	4.06e-03	0.00e+00	0.00e+00	9.18e-13	4.84e-13	1.62e-13
 7.51890e+15	2.04e-12	1.96e-07	1.91e-03	1.98e-01	6.55e-01	1.42e-01	3.46e-03	0.00e+00	0.00e+00	1.18e-12	6.21e-13	2.08e-13
 7.77883e+15	2.89e-12	2.52e-07	2.24e-03	2.14e-01	6.51e-01	1.30e-01	2.89e-03	0.00e+00	0.00e+00	1.68e-12	8.82e-13	2.95e-13
 8.03701e+15	3.87e-12	3.12e-07	2.59e-03	2.29e-01	6.47e-01	1.19e-01	2.43e-03	0.00e+00	0.00e+00	2.25e-12	1.18e-12	3.94e-13
 8.24653e+15	4.76e-12	3.64e-07	2.90e-03	2.42e-01	6.42e-01	1.10e-01	2.12e-03	0.00e+00	0.00e+00	2.76e-12	1.45e-12	4.85e-13
 8.47248e+15	6.12e-12	4.37e-07	3.28e-03	2.56e-01	6.37e-01	1.02e-01	1.82e-03	0.00e+00	0.00e+00	3.55e-12	1.87e-12	6.22e-13
 8.76622e+15	8.74e-12	5.63e-07	3.84e-03	2.75e-01	6.28e-01	9.19e-02	1.49e-03	0.00e+00	0.00e+00	5.07e-12	2.67e-12	8.87e-13
 9.06296e+15	1.20e-11	7.05e-07	4.46e-03	2.94e-01	6.17e-01	8.29e-02	1.22e-03	0.00e+00	0.00e+00	6.94e-12	3.65e-12	1.21e-12
 9.30735e+15	1.54e-11	8.45e-07	5.04e-03	3.10e-01	6.08e-01	7.60e-02	1.04e-03	0.00e+00	0.00e+00	8.91e-12	4.69e-12	1.55e-12
 9.56880e+15	2.01e-11	1.03e-06	5.73e-03	3.27e-01	5.97e-01	6.91e-02	8.76e-04	0.00e+00	0.00e+00	1.17e-11	6.13e-12	2.03e-12
 9.90868e+15	2.65e-11	1.26e-06	6.72e-03	3.50e-01	5.82e-01	6.11e-02	7.02e-04	0.00e+00	0.00e+00	1.54e-11	8.10e-12	2.68e-12
 1.02509e+16	3.92e-11	1.66e-06	7.89e-03	3.73e-01	5.65e-01	5.39e-02	5.60e-04	0.00e+00	0.00e+00	2.28e-11	1.20e-11	3.96e-12
 1.05172e+16	5.00e-11	1.98e-06	8.89e-03	3.91e-01	5.51e-01	4.88e-02	4.71e-04	0.00e+00	0.00e+00	2.90e-11	1.53e-11	5.05e-12
 1.07845e+16	6.23e-11	2.33e-06	1.00e-02	4.09e-01	5.36e-01	4.41e-02	3.95e-04	0.00e+00	0.00e+00	3.62e-11	1.90e-11	6.29e-12
 1.11320e+16	9.12e-11	3.04e-06	1.18e-02	4.33e-01	5.16e-01	3.85e-02	3.12e-04	0.00e+00	0.00e+00	5.30e-11	2.79e-11	9.20e-12
 1.14820e+16	1.25e-10	3.81e-06	1.37e-02	4.57e-01	4.96e-01	3.37e-02	2.49e-04	0.00e+00	0.00e+00	7.24e-11	3.81e-11	1.26e-11
 1.17610e+16	1.55e-10	4.50e-06	1.55e-02	4.76e-01	4.78e-01	3.02e-02	2.07e-04	0.00e+00	0.00e+00	9.03e-11	4.75e-11	1.57e-11
 1.20492e+16	2.04e-10	5.47e-06	1.76e-02	4.96e-01	4.60e-01	2.68e-02	1.70e-04	0.00e+00	0.00e+00	1.19e-10	6.23e-11	2.05e-11
 1.23718e+16	2.92e-10	7.01e-06	2.04e-02	5.18e-01	4.38e-01	2.34e-02	1.36e-04	0.00e+00	0.00e+00	1.69e-10	8.91e-11	2.94e-11
 1.26691e+16	3.82e-10	8.53e-06	2.32e-02	5.37e-01	4.19e-01	2.07e-02	1.11e-04	0.00e+00	0.00e+00	2.22e-10	1.17e-10	3.85e-11
 1.29388e+16	4.74e-10	1.00e-05	2.62e-02	5.55e-01	4.00e-01	1.84e-02	9.17e-05	0.00e+00	0.00e+00	2.75e-10	1.45e-10	4.77e-11
 1.32426e+16	6.82e-10	1.29e-05	3.03e-02	5.75e-01	3.78e-01	1.59e-02	7.32e-05	0.00e+00	0.00e+00	3.96e-10	2.08e-10	6.86e-11
 1.35629e+16	9.40e-10	1.63e-05	3.52e-02	5.95e-01	3.56e-01	1.38e-02	5.80e-05	0.00e+00	0.00e+00	5.46e-10	2.87e-10	9.46e-11
 1.38355e+16	1.15e-09	1.91e-05	4.00e-02	6.12e-01	3.36e-01	1.21e-02	4.75e-05	0.00e+00	0.00e+00	6.70e-10	3.53e-10	1.16e-10
 1.40824e+16	1.51e-09	2.32e-05	4.53e-02	6.26e-01	3.18e-01	1.07e-02	3.92e-05	0.00e+00	0.00e+00	8.77e-10	4.62e-10	1.52e-10
 1.43651e+16	2.23e-09	3.05e-05	5.28e-02	6.42e-01	2.96e-01	9.13e-03	3.10e-05	0.00e+00	0.00e+00	1.30e-09	6.82e-10	2.25e-10
 1.46565e+16	3.09e-09	3.87e-05	6.17e-02	6.57e-01	2.74e-01	7.78e-03	2.44e-05	0.00e+00	0.00e+00	1.80e-09	9.46e-10	3.11e-10
 1.48940e+16	3.77e-09	4.55e-05	7.05e-02	6.67e-01	2.55e-01	6.78e-03	2.00e-05	0.00e+00	0.00e+00	2.19e-09	1.15e-09	3.80e-10
 1.51035e+16	4.95e-09	5.56e-05	8.00e-02	6.76e-01	2.38e-01	5.95e-03	1.65e-05	0.00e+00	0.00e+00	2.88e-09	1.52e-09	4.99e-10
 1.52913e+16	6.36e-09	6.68e-05	9.00e-02	6.82e-01	2.23e-01	5.26e-03	1.38e-05	0.00e+00	0.00e+00	3.70e-09	1.95e-09	6.41e-10
 1.54520e+16	7.97e-09	7.89e-05	1.00e-01	6.86e-01	2.10e-01	4.70e-03	1.18e-05	0.00e+00	0.00e+00	4.64e-09	2.44e-09	8.04e-10
 1.56280e+16	1.02e-08	9.51e-05	1.13e-01	6.88e-01	1.94e-01	4.11e-03	9.77e-06	0.00e+00	0.00e+00	5.94e-09	3.13e-09	1.03e-09
 1.58212e+16	1.46e-08	1.23e-04	1.31e-01	6.88e-01	1.77e-01	3.51e-03	7.85e-06	0.00e+00	0.00e+00	8.46e-09	4.46e-09	1.47e-09
 1.59969e+16	1.80e-08	1.46e-04	1.50e-01	6.86e-01	1.61e-01	3.01e-03	6.37e-06	0.00e+00	0.00e+00	1.05e-08	5.52e-09	1.82e-09
 1.61568e+16	2.38e-08	1.80e-04	1.71e-01	6.79e-01	1.46e-01	2.57e-03	5.17e-06	0.00e+00	0.00e+00	1.39e-08	7.30e-09	2.41e-09
 1.63085e+16	3.15e-08	2.22e-04	1.96e-01	6.70e-01	1.32e-01	2.18e-03	4.15e-06	0.00e+00	0.00e+00	1.83e-08	9.65e-09	3.19e-09
 1.64510e+16	4.49e-08	2.86e-04	2.25e-01	6.55e-01	1.17e-01	1.83e-03	3.29e-06	0.00e+00	0.00e+00	2.61e-08	1.38e-08	4.54e-09
 1.65807e+16	5.81e-08	3.50e-04	2.57e-01	6.38e-01	1.04e-01	1.53e-03	2.63e-06	0.00e+00	0.00e+00	3.38e-08	1.78e-08	5.88e-09
 1.66990e+16	7.65e-08	4.30e-04	2.92e-01	6.16e-01	9.11e-02	1.27e-03	2.07e-06	0.00e+00	0.00e+00	4.45e-08	2.35e-08	7.76e-09
 1.68102e+16	9.86e-08	5.22e-04	3.30e-01	5.89e-01	7.90e-02	1.04e-03	1.61e-06	0.00e+00	0.00e+00	5.73e-08	3.02e-08	1.00e-08
 1.69147e+16	1.27e-07	6.34e-04	3.73e-01	5.58e-01	6.74e-02	8.40e-04	1.24e-06	0.00e+00	0.00e+00	7.38e-08	3.90e-08	1.29e-08
 1.70118e+16	1.61e-07	7.63e-04	4.20e-01	5.22e-01	5.66e-02	6.66e-04	9.34e-07	0.00e+00	0.00e+00	9.38e-08	4.95e-08	1.64e-08
 1.70886e+16	1.96e-07	8.85e-04	4.61e-01	4.89e-01	4.83e-02	5.42e-04	0.00e+00	0.00e+00	0.00e+00	1.14e-07	6.01e-08	2.00e-08
 1.71430e+16	2.26e-07	9.85e-04	4.93e-01	4.63e-01	4.25e-02	4.60e-04	0.00e+00	0.00e+00	0.00e+00	1.31e-07	6.94e-08	2.31e-08
 1.71988e+16	2.55e-07	1.09e-03	5.29e-01	4.33e-01	3.66e-02	3.79e-04	0.00e+00	0.00e+00	0.00e+00	1.48e-07	7.84e-08	2.61e-08
 1.72714e+16	3.22e-07	1.28e-03	5.78e-01	3.91e-01	2.94e-02	2.86e-04	0.00e+00	0.00e+00	0.00e+00	1.87e-07	9.89e-08	3.29e-08
 1.73400e+16	3.83e-07	1.46e-03	6.25e-01	3.50e-01	2.34e-02	2.15e-04	0.00e+00	0.00e+00	0.00e+00	2.22e-07	1.18e-07	3.92e-08
 1.73906e+16	4.37e-07	1.61e-03	6.61e-01	3.18e-01	1.92e-02	1.69e-04	0.00e+00	0.00e+00	0.00e+00	2.54e-07	1.34e-07	4.48e-08
 1.74434e+16	5.00e-07	1.77e-03	6.99e-01	2.83e-01	1.53e-02	1.28e-04	0.00e+00	0.00e+00	0.00e+00	2.91e-07	1.54e-07	5.14e-08
 1.75120e+16	5.91e-07	1.99e-03	7.47e-01	2.40e-01	1.11e-02	8.55e-05	0.00e+00	0.00e+00	0.00e+00	3.44e-07	1.82e-07	6.09e-08
 1.75829e+16	6.91e-07	2.22e-03	7.91e-01	1.99e-01	7.74e-03	5.48e-05	0.00e+00	0.00e+00	0.00e+00	4.02e-07	2.13e-07	7.13e-08
 1.76435e+16	7.82e-07	2.41e-03	8.25e-01	1.67e-01	5.54e-03	3.62e-05	0.00e+00	0.00e+00	0.00e+00	4.55e-07	2.41e-07	8.09e-08
 1.77088e+16	8.87e-07	2.61e-03	8.58e-01	1.36e-01	3.75e-03	2.23e-05	0.00e+00	0.00e+00	0.00e+00	5.15e-07	2.73e-07	9.19e-08
 1.77938e+16	1.02e-06	2.84e-03	8.91e-01	1.04e-01	2.22e-03	1.16e-05	0.00e+00	0.00e+00	0.00e+00	5.94e-07	3.15e-07	1.06e-07
 1.79017e+16	1.19e-06	3.10e-03	9.22e-01	7.38e-02	1.14e-03	5.01e-06	0.00e+00	0.00e+00	0.00e+00	6.90e-07	3.66e-07	1.24e-07
 1.80296e+16	1.37e-06	3.34e-03	9.46e-01	5.04e-02	5.27e-04	1.88e-06	0.00e+00	0.00e+00	0.00e+00	7.97e-07	4.23e-07	1.43e-07
 1.81840e+16	1.58e-06	3.58e-03	9.63e-01	3.35e-02	2.22e-04	6.06e-07	0.00e+00	0.00e+00	0.00e+00	9.18e-07	4.88e-07	1.65e-07
 1.83827e+16	1.84e-06	3.82e-03	9.74e-01	2.18e-02	8.31e-05	0.00e+00	0.00e+00	0.00e+00	0.00e+00	1.07e-06	5.68e-07	1.92e-07
 1.86410e+16	2.18e-06	4.09e-03	9.81e-01	1.46e-02	2.89e-05	0.00e+00	0.00e+00	0.00e+00	0.00e+00	1.27e-06	6.74e-07	2.28e-07
 1.89768e+16	2.68e-06	4.42e-03	9.85e-01	1.03e-02	9.74e-06	0.00e+00	0.00e+00	0.00e+00	0.00e+00	1.56e-06	8.30e-07	2.81e-07
 1.94133e+16	3.51e-06	4.87e-03	9.87e-01	7.93e-03	3.26e-06	0.00e+00	0.00e+00	0.00e+00	0.00e+00	2.04e-06	1.08e-06	3.67e-07
 1.98748e+16	4.72e-06	5.42e-03	9.88e-01	6.67e-03	1.30e-06	0.00e+00	0.00e+00	0.00e+00	0.00e+00	2.74e-06	1.46e-06	4.93e-07
 2.02664e+16	6.16e-06	5.98e-03	9.88e-01	5.96e-03	6.71e-07	0.00e+00	0.00e+00	0.00e+00	0.00e+00	3.58e-06	1.90e-06	6.43e-07
 2.06073e+16	7.88e-06	6.56e-03	9.88e-01	5.43e-03	0.00e+00	0.00e+00	0.00e+00	0.00e+00	0.00e+00	4.58e-06	2.44e-06	8.23e-07
 2.09845e+16	1.05e-05	7.32e-03	9.88e-01	4.94e-03	0.00e+00	0.00e+00	0.00e+00	0.00e+00	0.00e+00	6.08e-06	3.23e-06	1.09e-06
 2.13825e+16	1.45e-05	8.33e-03	9.87e-01	4.40e-03	0.00e+00	0.00e+00	0.00e+00	0.00e+00	0.00e+00	8.42e-06	4.47e-06	1.51e-06
 2.17069e+16	1.92e-05	9.36e-03	9.87e-01	4.04e-03	0.00e+00	0.00e+00	0.00e+00	0.00e+00	0.00e+00	1.12e-05	5.93e-06	2.00e-06
 2.19700e+16	2.45e-05	1.04e-02	9.86e-01	3.71e-03	0.00e+00	0.00e+00	0.00e+00	0.00e+00	0.00e+00	1.43e-05	7.57e-06	2.55e-06
 2.22544e+16	3.24e-05	1.17e-02	9.85e-01	3.35e-03	0.00e+00	0.00e+00	0.00e+00	0.00e+00	0.00e+00	1.88e-05	9.99e-06	3.36e-06
 2.25597e+16	4.45e-05	1.35e-02	9.83e-01	2.97e-03	0.00e+00	0.00e+00	0.00e+00	0.00e+00	0.00e+00	2.59e-05	1.37e-05	4.62e-06
 2.27651e+16	5.58e-05	1.50e-02	9.82e-01	2.73e-03	0.00e+00	0.00e+00	0.00e+00	0.00e+00	0.00e+00	3.24e-05	1.72e-05	5.79e-06
 2.28636e+16	6.25e-05	1.58e-02	9.82e-01	2.60e-03	0.00e+00	0.00e+00	0.00e+00	0.00e+00	0.00e+00	3.63e-05	1.93e-05	6.48e-06
 2.29506e+16	6.93e-05	1.66e-02	9.81e-01	2.52e-03	0.00e+00	0.00e+00	0.00e+00	0.00e+00	0.00e+00	4.03e-05	2.14e-05	7.19e-06
 2.30638e+16	7.95e-05	1.77e-02	9.80e-01	2.37e-03	0.00e+00	0.00e+00	0.00e+00	0.00e+00	0.00e+00	4.62e-05	2.45e-05	8.24e-06
 2.32108e+16	9.55e-05	1.94e-02	9.78e-01	2.20e-03	0.00e+00	0.00e+00	0.00e+00	0.00e+00	0.00e+00	5.55e-05	2.94e-05	9.90e-06
 2.33606e+16	1.16e-04	2.13e-02	9.77e-01	2.02e-03	0.00e+00	0.00e+00	0.00e+00	0.00e+00	0.00e+00	6.75e-05	3.58e-05	1.20e-05
 2.34779e+16	1.36e-04	2.30e-02	9.75e-01	1.90e-03	0.00e+00	0.00e+00	0.00e+00	0.00e+00	0.00e+00	7.89e-05	4.18e-05	1.41e-05
 2.35776e+16	1.56e-04	2.47e-02	9.73e-01	1.79e-03	0.00e+00	0.00e+00	0.00e+00	0.00e+00	0.00e+00	9.06e-05	4.80e-05	1.61e-05
 2.36707e+16	1.78e-04	2.64e-02	9.72e-01	1.69e-03	0.00e+00	0.00e+00	0.00e+00	0.00e+00	0.00e+00	1.04e-04	5.49e-05	1.84e-05
 2.37559e+16	2.02e-04	2.82e-02	9.70e-01	1.59e-03	0.00e+00	0.00e+00	0.00e+00	0.00e+00	0.00e+00	1.17e-04	6.22e-05	2.09e-05
 2.38509e+16	2.34e-04	3.04e-02	9.68e-01	1.49e-03	0.00e+00	0.00e+00	0.00e+00	0.00e+00	0.00e+00	1.36e-04	7.20e-05	2.42e-05
 2.39504e+16	2.73e-04	3.29e-02	9.65e-01	1.38e-03	0.00e+00	0.00e+00	0.00e+00	0.00e+00	0.00e+00	1.59e-04	8.41e-05	2.83e-05
