#depth	C	C+	C+2	C+3	C+4	C+5	C+6	C[1]	C[2]	C[3]	C+[1]	C+[2]	CO
 1.49634e+10	0.00e+00	0.00e+00	6.19e-30	2.21e-20	5.21e-10	3.80e-04	1.00e+00	0.00e+00	0.00e+00	0.00e+00	0.00e+00	0.00e+00	0.00e+00
 4.54887e+10	0.00e+00	8.78e-40	8.50e-30	2.81e-20	6.11e-10	4.12e-04	1.00e+00	0.00e+00	0.00e+00	0.00e+00	0.00e+00	0.00e+00	0.00e+00
 7.72350e+10	0.00e+00	0.00e+00	1.17e-29	3.57e-20	7.17e-10	4.45e-04	1.00e+00	0.00e+00	0.00e+00	0.00e+00	0.00e+00	0.00e+00	0.00e+00
 1.10251e+11	0.00e+00	1.94e-39	1.60e-29	4.53e-20	8.41e-10	4.82e-04	1.00e+00	0.00e+00	0.00e+00	0.00e+00	0.00e+00	0.00e+00	0.00e+00
 1.40796e+11	0.00e+00	0.00e+00	2.13e-29	5.60e-20	9.70e-10	5.17e-04	9.99e-01	0.00e+00	0.00e+00	0.00e+00	0.00e+00	0.00e+00	1.49e-221
 1.67531e+11	0.00e+00	3.72e-39	2.70e-29	6.71e-20	1.10e-09	5.48e-04	9.99e-01	0.00e+00	0.00e+00	0.00e+00	0.00e+00	0.00e+00	3.62e-226
 1.97482e+11	0.00e+00	0.00e+00	3.51e-29	8.16e-20	1.25e-09	5.85e-04	9.99e-01	0.00e+00	0.00e+00	0.00e+00	0.00e+00	0.00e+00	0.00e+00
 2.33663e+11	0.00e+00	7.54e-39	4.76e-29	1.03e-19	1.46e-09	6.31e-04	9.99e-01	0.00e+00	0.00e+00	0.00e+00	0.00e+00	0.00e+00	1.61e-225
 2.71010e+11	0.00e+00	0.00e+00	6.45e-29	1.29e-19	1.70e-09	6.80e-04	9.99e-01	0.00e+00	0.00e+00	0.00e+00	0.00e+00	0.00e+00	1.73e-300
 3.06433e+11	0.00e+00	1.56e-38	8.51e-29	1.59e-19	1.95e-09	7.28e-04	9.99e-01	0.00e+00	0.00e+00	0.00e+00	0.00e+00	0.00e+00	2.53e-224
 3.45200e+11	0.00e+00	0.00e+00	1.14e-28	1.98e-19	2.27e-09	7.83e-04	9.99e-01	0.00e+00	0.00e+00	0.00e+00	0.00e+00	0.00e+00	4.03e-294
 3.85464e+11	0.00e+00	3.24e-38	1.53e-28	2.48e-19	2.63e-09	8.42e-04	9.99e-01	0.00e+00	0.00e+00	0.00e+00	0.00e+00	0.00e+00	6.56e-164
 4.20876e+11	0.00e+00	0.00e+00	1.97e-28	2.99e-19	2.99e-09	8.96e-04	9.99e-01	0.00e+00	0.00e+00	0.00e+00	0.00e+00	0.00e+00	3.92e-223
 4.59028e+11	0.00e+00	6.14e-38	2.56e-28	3.64e-19	3.41e-09	9.56e-04	9.99e-01	0.00e+00	0.00e+00	0.00e+00	0.00e+00	0.00e+00	2.87e-282
 5.05167e+11	0.00e+00	0.00e+00	3.48e-28	4.59e-19	3.99e-09	1.03e-03	9.99e-01	0.00e+00	0.00e+00	0.00e+00	0.00e+00	0.00e+00	0.00e+00
 5.50914e+11	0.00e+00	1.30e-37	4.67e-28	5.73e-19	4.63e-09	1.11e-03	9.99e-01	0.00e+00	0.00e+00	0.00e+00	0.00e+00	0.00e+00	0.00e+00
 5.91416e+11	0.00e+00	0.00e+00	6.00e-28	6.92e-19	5.26e-09	1.18e-03	9.99e-01	0.00e+00	0.00e+00	0.00e+00	0.00e+00	0.00e+00	0.00e+00
 6.35877e+11	0.00e+00	2.48e-37	7.84e-28	8.47e-19	6.02e-09	1.26e-03	9.99e-01	0.00e+00	0.00e+00	0.00e+00	0.00e+00	0.00e+00	1.89e-220
 6.89191e+11	0.00e+00	0.00e+00	1.07e-27	1.07e-18	7.05e-09	1.36e-03	9.99e-01	0.00e+00	0.00e+00	0.00e+00	0.00e+00	0.00e+00	6.55e-294
 7.42269e+11	0.00e+00	5.30e-37	1.44e-27	1.34e-18	8.21e-09	1.46e-03	9.99e-01	0.00e+00	0.00e+00	0.00e+00	0.00e+00	0.00e+00	0.00e+00
 7.90451e+11	0.00e+00	0.00e+00	1.87e-27	1.63e-18	9.38e-09	1.56e-03	9.98e-01	0.00e+00	0.00e+00	0.00e+00	0.00e+00	0.00e+00	0.00e+00
 8.44013e+11	0.00e+00	1.04e-36	2.49e-27	2.02e-18	1.08e-08	1.67e-03	9.98e-01	0.00e+00	0.00e+00	0.00e+00	0.00e+00	0.00e+00	0.00e+00
 9.06736e+11	0.00e+00	0.00e+00	3.42e-27	2.57e-18	1.28e-08	1.80e-03	9.98e-01	0.00e+00	0.00e+00	0.00e+00	0.00e+00	0.00e+00	0.00e+00
 9.68555e+11	0.00e+00	2.27e-36	4.64e-27	3.24e-18	1.49e-08	1.94e-03	9.98e-01	0.00e+00	0.00e+00	0.00e+00	0.00e+00	0.00e+00	2.97e-230
 1.02655e+12	2.57e-46	3.20e-36	6.12e-27	3.99e-18	1.72e-08	2.08e-03	9.98e-01	0.00e+00	0.00e+00	0.00e+00	0.00e+00	0.00e+00	8.58e-138
 1.09124e+12	0.00e+00	0.00e+00	8.24e-27	4.99e-18	2.00e-08	2.23e-03	9.98e-01	0.00e+00	0.00e+00	0.00e+00	0.00e+00	0.00e+00	0.00e+00
 1.16482e+12	0.00e+00	6.97e-36	1.14e-26	6.40e-18	2.36e-08	2.42e-03	9.98e-01	0.00e+00	0.00e+00	0.00e+00	0.00e+00	0.00e+00	4.46e-156
 1.23433e+12	1.02e-45	1.01e-35	1.54e-26	8.02e-18	2.75e-08	2.60e-03	9.97e-01	0.00e+00	0.00e+00	0.00e+00	0.00e+00	0.00e+00	0.00e+00
 1.29714e+12	0.00e+00	0.00e+00	2.00e-26	9.77e-18	3.15e-08	2.77e-03	9.97e-01	0.00e+00	0.00e+00	0.00e+00	0.00e+00	0.00e+00	1.21e-239
 1.36800e+12	0.00e+00	2.00e-35	2.66e-26	1.21e-17	3.64e-08	2.97e-03	9.97e-01	0.00e+00	0.00e+00	0.00e+00	0.00e+00	0.00e+00	7.34e-202
 1.45118e+12	3.72e-45	2.99e-35	3.69e-26	1.55e-17	4.31e-08	3.21e-03	9.97e-01	0.00e+00	0.00e+00	0.00e+00	0.00e+00	0.00e+00	6.28e-135
 1.53416e+12	0.00e+00	0.00e+00	5.05e-26	1.96e-17	5.06e-08	3.46e-03	9.97e-01	0.00e+00	0.00e+00	0.00e+00	0.00e+00	0.00e+00	0.00e+00
 1.61317e+12	0.00e+00	6.32e-35	6.73e-26	2.44e-17	5.86e-08	3.71e-03	9.96e-01	0.00e+00	0.00e+00	0.00e+00	0.00e+00	0.00e+00	6.59e-153
 1.68534e+12	1.33e-44	8.69e-35	8.70e-26	2.97e-17	6.69e-08	3.95e-03	9.96e-01	0.00e+00	0.00e+00	0.00e+00	0.00e+00	0.00e+00	1.85e-200
 1.75080e+12	0.00e+00	1.15e-34	1.09e-25	3.52e-17	7.51e-08	4.17e-03	9.96e-01	0.00e+00	0.00e+00	0.00e+00	0.00e+00	0.00e+00	4.74e-152
 1.82545e+12	2.71e-44	1.57e-34	1.40e-25	4.26e-17	8.55e-08	4.43e-03	9.96e-01	0.00e+00	0.00e+00	0.00e+00	0.00e+00	0.00e+00	5.00e-200
 1.91996e+12	0.00e+00	2.32e-34	1.91e-25	5.38e-17	1.00e-07	4.77e-03	9.95e-01	0.00e+00	0.00e+00	0.00e+00	0.00e+00	0.00e+00	4.70e-151
 2.01672e+12	6.80e-44	3.40e-34	2.60e-25	6.79e-17	1.18e-07	5.14e-03	9.95e-01	0.00e+00	0.00e+00	0.00e+00	0.00e+00	0.00e+00	2.98e-198
 2.10041e+12	0.00e+00	4.68e-34	3.37e-25	8.26e-17	1.34e-07	5.46e-03	9.95e-01	0.00e+00	0.00e+00	0.00e+00	0.00e+00	0.00e+00	4.66e-150
 2.19069e+12	1.49e-43	6.56e-34	4.42e-25	1.01e-16	1.54e-07	5.83e-03	9.94e-01	0.00e+00	0.00e+00	0.00e+00	0.00e+00	0.00e+00	0.00e+00
 2.30151e+12	0.00e+00	9.80e-34	6.11e-25	1.29e-16	1.82e-07	6.30e-03	9.94e-01	0.00e+00	0.00e+00	0.00e+00	0.00e+00	0.00e+00	5.18e-149
 2.41538e+12	3.90e-43	1.46e-33	8.44e-25	1.65e-16	2.15e-07	6.80e-03	9.93e-01	0.00e+00	0.00e+00	0.00e+00	0.00e+00	0.00e+00	2.63e-209
 2.52007e+12	0.00e+00	2.10e-33	1.13e-24	2.05e-16	2.49e-07	7.29e-03	9.93e-01	0.00e+00	0.00e+00	0.00e+00	0.00e+00	0.00e+00	6.09e-148
 2.63653e+12	9.54e-43	3.09e-33	1.54e-24	2.60e-16	2.92e-07	7.85e-03	9.92e-01	0.00e+00	0.00e+00	0.00e+00	0.00e+00	0.00e+00	4.82e-195
 2.77136e+12	0.00e+00	4.78e-33	2.18e-24	3.39e-16	3.50e-07	8.53e-03	9.91e-01	0.00e+00	0.00e+00	0.00e+00	0.00e+00	0.00e+00	8.67e-147
 2.89325e+12	2.55e-42	7.03e-33	2.98e-24	4.28e-16	4.10e-07	9.18e-03	9.91e-01	0.00e+00	0.00e+00	0.00e+00	0.00e+00	0.00e+00	0.00e+00
 2.99319e+12	0.00e+00	9.55e-33	3.81e-24	5.15e-16	4.65e-07	9.73e-03	9.90e-01	0.00e+00	0.00e+00	0.00e+00	0.00e+00	0.00e+00	7.95e-146
 3.10140e+12	5.43e-42	1.32e-32	4.95e-24	6.27e-16	5.32e-07	1.04e-02	9.90e-01	0.00e+00	0.00e+00	0.00e+00	0.00e+00	0.00e+00	3.79e-193
 3.24078e+12	0.00e+00	1.99e-32	6.89e-24	8.04e-16	6.29e-07	1.12e-02	9.89e-01	0.00e+00	0.00e+00	0.00e+00	0.00e+00	0.00e+00	8.35e-145
 3.38580e+12	1.46e-41	3.03e-32	9.64e-24	1.04e-15	7.46e-07	1.21e-02	9.88e-01	0.00e+00	0.00e+00	0.00e+00	0.00e+00	0.00e+00	4.59e-218
 3.50953e+12	0.00e+00	4.29e-32	1.28e-23	1.28e-15	8.60e-07	1.29e-02	9.87e-01	0.00e+00	0.00e+00	0.00e+00	0.00e+00	0.00e+00	9.45e-144
 3.64044e+12	3.42e-41	6.16e-32	1.70e-23	1.59e-15	9.96e-07	1.39e-02	9.86e-01	0.00e+00	0.00e+00	0.00e+00	0.00e+00	0.00e+00	4.09e-218
 3.80369e+12	0.00e+00	9.58e-32	2.43e-23	2.07e-15	1.19e-06	1.51e-02	9.85e-01	0.00e+00	0.00e+00	0.00e+00	0.00e+00	0.00e+00	1.18e-142
 3.96803e+12	9.78e-41	1.48e-31	3.45e-23	2.70e-15	1.42e-06	1.64e-02	9.84e-01	0.00e+00	0.00e+00	0.00e+00	0.00e+00	0.00e+00	0.00e+00
 4.10882e+12	0.00e+00	2.13e-31	4.62e-23	3.36e-15	1.65e-06	1.75e-02	9.82e-01	0.00e+00	0.00e+00	0.00e+00	0.00e+00	0.00e+00	1.43e-141
 4.25996e+12	2.40e-40	3.13e-31	6.29e-23	4.23e-15	1.93e-06	1.89e-02	9.81e-01	0.00e+00	0.00e+00	0.00e+00	0.00e+00	0.00e+00	3.96e-229
 4.42847e+12	0.00e+00	4.77e-31	8.81e-23	5.45e-15	2.28e-06	2.04e-02	9.80e-01	0.00e+00	0.00e+00	0.00e+00	0.00e+00	0.00e+00	1.73e-140
 4.58594e+12	6.28e-40	7.00e-31	1.20e-22	6.86e-15	2.66e-06	2.19e-02	9.78e-01	0.00e+00	0.00e+00	0.00e+00	0.00e+00	0.00e+00	0.00e+00
 4.75705e+12	0.00e+00	1.05e-30	1.67e-22	8.77e-15	3.14e-06	2.37e-02	9.76e-01	0.00e+00	0.00e+00	0.00e+00	0.00e+00	0.00e+00	1.98e-139
 4.94590e+12	1.73e-39	1.63e-30	2.37e-22	1.14e-14	3.75e-06	2.57e-02	9.74e-01	0.00e+00	0.00e+00	0.00e+00	0.00e+00	0.00e+00	1.29e-241
 5.12033e+12	0.00e+00	2.43e-30	3.27e-22	1.45e-14	4.40e-06	2.77e-02	9.72e-01	0.00e+00	0.00e+00	0.00e+00	0.00e+00	0.00e+00	2.54e-138
 5.30683e+12	4.56e-39	3.67e-30	4.55e-22	1.86e-14	5.19e-06	3.00e-02	9.70e-01	0.00e+00	0.00e+00	0.00e+00	0.00e+00	0.00e+00	0.00e+00
 5.51461e+12	0.00e+00	5.73e-30	6.52e-22	2.44e-14	6.21e-06	3.26e-02	9.67e-01	0.00e+00	0.00e+00	0.00e+00	0.00e+00	0.00e+00	3.45e-137
 5.71448e+12	1.28e-38	8.69e-30	9.12e-22	3.13e-14	7.34e-06	3.53e-02	9.65e-01	0.00e+00	0.00e+00	0.00e+00	0.00e+00	0.00e+00	2.22e-267
 5.91939e+12	0.00e+00	1.31e-29	1.27e-21	4.02e-14	8.66e-06	3.81e-02	9.62e-01	0.00e+00	0.00e+00	0.00e+00	0.00e+00	0.00e+00	4.22e-136
 6.15064e+12	3.57e-38	2.05e-29	1.83e-21	5.27e-14	1.04e-05	4.15e-02	9.59e-01	0.00e+00	0.00e+00	0.00e+00	0.00e+00	0.00e+00	0.00e+00
 6.36615e+12	0.00e+00	3.07e-29	2.53e-21	6.73e-14	1.22e-05	4.47e-02	9.55e-01	0.00e+00	0.00e+00	0.00e+00	0.00e+00	0.00e+00	5.52e-135
 6.53998e+12	8.40e-38	4.21e-29	3.26e-21	8.15e-14	1.38e-05	4.75e-02	9.53e-01	0.00e+00	0.00e+00	0.00e+00	0.00e+00	0.00e+00	0.00e+00
 6.72618e+12	0.00e+00	5.83e-29	4.25e-21	9.93e-14	1.58e-05	5.05e-02	9.50e-01	0.00e+00	0.00e+00	0.00e+00	0.00e+00	0.00e+00	3.82e-134
 6.96825e+12	2.02e-37	8.78e-29	5.92e-21	1.27e-13	1.86e-05	5.45e-02	9.45e-01	0.00e+00	0.00e+00	0.00e+00	0.00e+00	0.00e+00	0.00e+00
 7.21983e+12	0.00e+00	1.32e-28	8.24e-21	1.63e-13	2.19e-05	5.89e-02	9.41e-01	0.00e+00	0.00e+00	0.00e+00	0.00e+00	0.00e+00	4.53e-133
 7.43105e+12	4.87e-37	1.84e-28	1.08e-20	2.00e-13	2.51e-05	6.26e-02	9.37e-01	0.00e+00	0.00e+00	0.00e+00	0.00e+00	0.00e+00	1.76e-99
 7.65293e+12	0.00e+00	2.57e-28	1.41e-20	2.45e-13	2.87e-05	6.67e-02	9.33e-01	0.00e+00	0.00e+00	0.00e+00	0.00e+00	0.00e+00	0.00e+00
 7.94137e+12	1.19e-36	3.90e-28	1.98e-20	3.16e-13	3.39e-05	7.21e-02	9.28e-01	0.00e+00	0.00e+00	0.00e+00	0.00e+00	0.00e+00	1.07e-114
 8.23805e+12	0.00e+00	5.89e-28	2.77e-20	4.06e-13	4.00e-05	7.79e-02	9.22e-01	0.00e+00	0.00e+00	0.00e+00	0.00e+00	0.00e+00	1.76e-99
 8.48328e+12	2.88e-36	8.17e-28	3.61e-20	4.96e-13	4.57e-05	8.27e-02	9.17e-01	0.00e+00	0.00e+00	0.00e+00	0.00e+00	0.00e+00	0.00e+00
 8.73994e+12	0.00e+00	1.14e-27	4.72e-20	6.07e-13	5.21e-05	8.80e-02	9.12e-01	0.00e+00	0.00e+00	0.00e+00	0.00e+00	0.00e+00	3.14e-130
 9.07359e+12	6.97e-36	1.72e-27	6.60e-20	7.80e-13	6.15e-05	9.49e-02	9.05e-01	0.00e+00	0.00e+00	0.00e+00	0.00e+00	0.00e+00	3.91e-97
 9.42055e+12	0.00e+00	2.59e-27	9.21e-20	1.00e-12	7.25e-05	1.02e-01	8.98e-01	0.00e+00	0.00e+00	0.00e+00	0.00e+00	0.00e+00	0.00e+00
 9.71324e+12	1.69e-35	3.61e-27	1.21e-19	1.23e-12	8.27e-05	1.09e-01	8.91e-01	0.00e+00	0.00e+00	0.00e+00	0.00e+00	0.00e+00	5.56e-112
 1.00222e+13	0.00e+00	5.03e-27	1.58e-19	1.50e-12	9.44e-05	1.16e-01	8.84e-01	0.00e+00	0.00e+00	0.00e+00	0.00e+00	0.00e+00	3.20e-97
 1.04157e+13	4.13e-35	7.65e-27	2.22e-19	1.94e-12	1.12e-04	1.25e-01	8.75e-01	0.00e+00	0.00e+00	0.00e+00	0.00e+00	0.00e+00	4.69e-111
 1.08205e+13	0.00e+00	1.15e-26	3.09e-19	2.48e-12	1.31e-04	1.34e-01	8.66e-01	0.00e+00	0.00e+00	0.00e+00	0.00e+00	0.00e+00	2.39e-96
 1.11680e+13	1.00e-34	1.61e-26	4.05e-19	3.04e-12	1.50e-04	1.42e-01	8.57e-01	0.00e+00	0.00e+00	0.00e+00	0.00e+00	0.00e+00	3.89e-110
 1.15397e+13	1.51e-34	2.27e-26	5.35e-19	3.75e-12	1.71e-04	1.51e-01	8.48e-01	0.00e+00	0.00e+00	0.00e+00	0.00e+00	0.00e+00	2.14e-94
 1.19998e+13	2.46e-34	3.42e-26	7.46e-19	4.81e-12	2.01e-04	1.63e-01	8.37e-01	0.00e+00	0.00e+00	0.00e+00	0.00e+00	0.00e+00	3.40e-109
 1.24701e+13	3.98e-34	5.12e-26	1.03e-18	6.14e-12	2.36e-04	1.74e-01	8.25e-01	0.00e+00	0.00e+00	0.00e+00	0.00e+00	0.00e+00	1.58e-93
 1.28917e+13	6.01e-34	7.23e-26	1.37e-18	7.57e-12	2.70e-04	1.85e-01	8.15e-01	0.00e+00	0.00e+00	0.00e+00	0.00e+00	0.00e+00	2.93e-108
 1.32707e+13	8.57e-34	9.72e-26	1.74e-18	9.05e-12	3.03e-04	1.95e-01	8.05e-01	0.00e+00	0.00e+00	0.00e+00	0.00e+00	0.00e+00	7.80e-93
 1.36796e+13	1.25e-33	1.33e-25	2.24e-18	1.10e-11	3.42e-04	2.05e-01	7.94e-01	0.00e+00	0.00e+00	0.00e+00	0.00e+00	0.00e+00	1.73e-107
 1.41090e+13	1.82e-33	1.83e-25	2.89e-18	1.32e-11	3.87e-04	2.17e-01	7.83e-01	0.00e+00	0.00e+00	0.00e+00	0.00e+00	0.00e+00	3.73e-92
 1.44795e+13	2.51e-33	2.39e-25	3.60e-18	1.56e-11	4.29e-04	2.26e-01	7.73e-01	0.00e+00	0.00e+00	0.00e+00	0.00e+00	0.00e+00	9.45e-107
 1.48760e+13	3.49e-33	3.16e-25	4.50e-18	1.84e-11	4.77e-04	2.37e-01	7.63e-01	0.00e+00	0.00e+00	0.00e+00	0.00e+00	0.00e+00	1.44e-91
 1.53913e+13	5.27e-33	4.45e-25	5.94e-18	2.26e-11	5.44e-04	2.50e-01	7.49e-01	0.00e+00	0.00e+00	0.00e+00	0.00e+00	0.00e+00	5.80e-106
 1.59208e+13	7.98e-33	6.30e-25	7.87e-18	2.79e-11	6.21e-04	2.65e-01	7.35e-01	0.00e+00	0.00e+00	0.00e+00	0.00e+00	0.00e+00	8.09e-91
 1.63555e+13	1.11e-32	8.28e-25	9.82e-18	3.28e-11	6.89e-04	2.76e-01	7.23e-01	0.00e+00	0.00e+00	0.00e+00	0.00e+00	0.00e+00	3.55e-105
 1.68076e+13	1.54e-32	1.09e-24	1.23e-17	3.87e-11	7.64e-04	2.88e-01	7.11e-01	0.00e+00	0.00e+00	0.00e+00	0.00e+00	0.00e+00	3.18e-90
 1.73954e+13	2.32e-32	1.54e-24	1.62e-17	4.75e-11	8.69e-04	3.04e-01	6.95e-01	0.00e+00	0.00e+00	0.00e+00	0.00e+00	0.00e+00	2.20e-104
 1.80181e+13	3.55e-32	2.20e-24	2.16e-17	5.88e-11	9.93e-04	3.21e-01	6.78e-01	0.00e+00	0.00e+00	0.00e+00	0.00e+00	0.00e+00	1.84e-89
 1.85575e+13	5.04e-32	2.94e-24	2.73e-17	7.00e-11	1.11e-03	3.35e-01	6.64e-01	0.00e+00	0.00e+00	0.00e+00	0.00e+00	0.00e+00	1.49e-103
 1.91300e+13	7.27e-32	3.99e-24	3.50e-17	8.40e-11	1.24e-03	3.50e-01	6.49e-01	0.00e+00	0.00e+00	0.00e+00	0.00e+00	0.00e+00	8.24e-89
 1.98576e+13	1.13e-31	5.80e-24	4.72e-17	1.05e-10	1.42e-03	3.69e-01	6.30e-01	0.00e+00	0.00e+00	0.00e+00	0.00e+00	0.00e+00	1.10e-102
 2.06127e+13	1.77e-31	8.41e-24	6.37e-17	1.31e-10	1.63e-03	3.88e-01	6.10e-01	0.00e+00	0.00e+00	0.00e+00	0.00e+00	0.00e+00	5.32e-88
 2.12767e+13	2.57e-31	1.15e-23	8.21e-17	1.58e-10	1.83e-03	4.05e-01	5.93e-01	0.00e+00	0.00e+00	0.00e+00	0.00e+00	0.00e+00	8.43e-102
 2.19966e+13	3.81e-31	1.60e-23	1.07e-16	1.91e-10	2.06e-03	4.23e-01	5.75e-01	0.00e+00	0.00e+00	0.00e+00	0.00e+00	0.00e+00	2.67e-87
 2.28665e+13	6.01e-31	2.34e-23	1.45e-16	2.40e-10	2.36e-03	4.44e-01	5.54e-01	0.00e+00	0.00e+00	0.00e+00	0.00e+00	0.00e+00	6.98e-101
 2.37585e+13	9.41e-31	3.40e-23	1.97e-16	2.99e-10	2.70e-03	4.65e-01	5.32e-01	0.00e+00	0.00e+00	0.00e+00	0.00e+00	0.00e+00	1.78e-86
 2.45524e+13	1.38e-30	4.68e-23	2.55e-16	3.61e-10	3.02e-03	4.83e-01	5.14e-01	0.00e+00	0.00e+00	0.00e+00	0.00e+00	0.00e+00	5.57e-100
 2.53915e+13	2.04e-30	6.47e-23	3.31e-16	4.37e-10	3.39e-03	5.02e-01	4.95e-01	0.00e+00	0.00e+00	0.00e+00	0.00e+00	0.00e+00	9.05e-86
 2.62326e+13	2.97e-30	8.88e-23	4.27e-16	5.27e-10	3.78e-03	5.20e-01	4.76e-01	0.00e+00	0.00e+00	0.00e+00	0.00e+00	0.00e+00	3.82e-99
 2.68935e+13	3.95e-30	1.13e-22	5.17e-16	6.06e-10	4.11e-03	5.34e-01	4.62e-01	0.00e+00	0.00e+00	0.00e+00	0.00e+00	0.00e+00	3.65e-85
 2.75700e+13	5.25e-30	1.43e-22	6.26e-16	6.97e-10	4.46e-03	5.48e-01	4.48e-01	0.00e+00	0.00e+00	0.00e+00	0.00e+00	0.00e+00	1.61e-98
 2.84494e+13	7.50e-30	1.92e-22	7.96e-16	8.29e-10	4.94e-03	5.65e-01	4.30e-01	0.00e+00	0.00e+00	0.00e+00	0.00e+00	0.00e+00	1.42e-84
 2.93841e+13	1.08e-29	2.61e-22	1.02e-15	9.93e-10	5.48e-03	5.82e-01	4.12e-01	0.00e+00	0.00e+00	0.00e+00	0.00e+00	0.00e+00	1.00e-97
 3.01979e+13	1.47e-29	3.38e-22	1.25e-15	1.15e-09	5.98e-03	5.97e-01	3.97e-01	0.00e+00	0.00e+00	0.00e+00	0.00e+00	0.00e+00	5.90e-84
 3.10629e+13	2.02e-29	4.39e-22	1.55e-15	1.34e-09	6.53e-03	6.11e-01	3.82e-01	0.00e+00	0.00e+00	0.00e+00	0.00e+00	0.00e+00	4.92e-97
 3.21875e+13	3.00e-29	6.11e-22	2.02e-15	1.63e-09	7.29e-03	6.29e-01	3.63e-01	0.00e+00	0.00e+00	0.00e+00	0.00e+00	0.00e+00	2.69e-83
 3.33469e+13	4.43e-29	8.46e-22	2.62e-15	1.97e-09	8.13e-03	6.47e-01	3.45e-01	0.00e+00	0.00e+00	0.00e+00	0.00e+00	0.00e+00	3.71e-96
 3.43130e+13	6.06e-29	1.10e-21	3.23e-15	2.28e-09	8.85e-03	6.61e-01	3.31e-01	0.00e+00	0.00e+00	0.00e+00	0.00e+00	0.00e+00	1.22e-82
 3.53301e+13	8.33e-29	1.43e-21	3.99e-15	2.66e-09	9.64e-03	6.74e-01	3.16e-01	0.00e+00	0.00e+00	0.00e+00	0.00e+00	0.00e+00	1.90e-95
 3.66381e+13	1.23e-28	1.98e-21	5.18e-15	3.20e-09	1.07e-02	6.90e-01	2.99e-01	0.00e+00	0.00e+00	0.00e+00	0.00e+00	0.00e+00	5.69e-82
 3.80267e+13	1.84e-28	2.76e-21	6.76e-15	3.87e-09	1.19e-02	7.06e-01	2.82e-01	0.00e+00	0.00e+00	0.00e+00	0.00e+00	0.00e+00	1.50e-94
 3.92674e+13	2.60e-28	3.67e-21	8.47e-15	4.54e-09	1.30e-02	7.20e-01	2.67e-01	0.00e+00	0.00e+00	0.00e+00	0.00e+00	0.00e+00	2.88e-81
 4.06132e+13	3.71e-28	4.93e-21	1.07e-14	5.36e-09	1.42e-02	7.33e-01	2.53e-01	0.00e+00	0.00e+00	0.00e+00	0.00e+00	0.00e+00	9.50e-94
 4.22163e+13	5.59e-28	6.90e-21	1.40e-14	6.47e-09	1.58e-02	7.47e-01	2.37e-01	0.00e+00	0.00e+00	0.00e+00	0.00e+00	0.00e+00	1.57e-80
 4.38545e+13	8.33e-28	9.59e-21	1.81e-14	7.77e-09	1.75e-02	7.60e-01	2.23e-01	0.00e+00	0.00e+00	0.00e+00	0.00e+00	0.00e+00	8.12e-93
 4.52385e+13	1.15e-27	1.25e-20	2.23e-14	8.99e-09	1.89e-02	7.70e-01	2.11e-01	0.00e+00	0.00e+00	0.00e+00	0.00e+00	0.00e+00	7.88e-80
 4.63850e+13	1.49e-27	1.55e-20	2.63e-14	1.01e-08	2.01e-02	7.78e-01	2.02e-01	0.00e+00	0.00e+00	0.00e+00	0.00e+00	0.00e+00	3.88e-92
 4.76689e+13	1.98e-27	1.95e-20	3.15e-14	1.14e-08	2.15e-02	7.86e-01	1.93e-01	0.00e+00	0.00e+00	0.00e+00	0.00e+00	0.00e+00	2.69e-79
 4.93381e+13	2.82e-27	2.61e-20	3.95e-14	1.34e-08	2.35e-02	7.95e-01	1.82e-01	0.00e+00	0.00e+00	0.00e+00	0.00e+00	0.00e+00	2.16e-91
 5.11237e+13	4.07e-27	3.51e-20	4.98e-14	1.58e-08	2.56e-02	8.04e-01	1.70e-01	0.00e+00	0.00e+00	0.00e+00	0.00e+00	0.00e+00	1.38e-78
 5.26495e+13	5.50e-27	4.49e-20	6.03e-14	1.80e-08	2.74e-02	8.11e-01	1.62e-01	0.00e+00	0.00e+00	0.00e+00	0.00e+00	0.00e+00	1.32e-90
 5.42220e+13	7.42e-27	5.73e-20	7.27e-14	2.05e-08	2.94e-02	8.17e-01	1.53e-01	0.00e+00	0.00e+00	0.00e+00	0.00e+00	0.00e+00	5.50e-78
 5.62280e+13	1.07e-26	7.73e-20	9.16e-14	2.40e-08	3.19e-02	8.24e-01	1.44e-01	0.00e+00	0.00e+00	0.00e+00	0.00e+00	0.00e+00	8.19e-90
 5.82957e+13	1.55e-26	1.04e-19	1.15e-13	2.81e-08	3.47e-02	8.31e-01	1.34e-01	0.00e+00	0.00e+00	0.00e+00	0.00e+00	0.00e+00	3.02e-77
 6.00769e+13	2.10e-26	1.33e-19	1.39e-13	3.19e-08	3.71e-02	8.36e-01	1.27e-01	0.00e+00	0.00e+00	0.00e+00	0.00e+00	0.00e+00	5.16e-89
 6.19877e+13	2.88e-26	1.72e-19	1.69e-13	3.65e-08	3.97e-02	8.40e-01	1.20e-01	0.00e+00	0.00e+00	0.00e+00	0.00e+00	0.00e+00	1.28e-76
 6.43440e+13	4.19e-26	2.33e-19	2.13e-13	4.27e-08	4.31e-02	8.45e-01	1.12e-01	0.00e+00	0.00e+00	0.00e+00	0.00e+00	0.00e+00	3.09e-76
 6.67617e+13	6.07e-26	3.14e-19	2.68e-13	4.99e-08	4.67e-02	8.49e-01	1.04e-01	0.00e+00	0.00e+00	0.00e+00	0.00e+00	0.00e+00	7.37e-76
 6.89453e+13	8.37e-26	4.07e-19	3.26e-13	5.70e-08	5.00e-02	8.52e-01	9.80e-02	0.00e+00	0.00e+00	0.00e+00	0.00e+00	0.00e+00	1.58e-75
 7.13423e+13	1.18e-25	5.36e-19	4.02e-13	6.56e-08	5.38e-02	8.54e-01	9.18e-02	0.00e+00	0.00e+00	0.00e+00	0.00e+00	0.00e+00	3.53e-75
 7.41660e+13	1.74e-25	7.32e-19	5.10e-13	7.71e-08	5.83e-02	8.57e-01	8.50e-02	0.00e+00	0.00e+00	0.00e+00	0.00e+00	0.00e+00	8.81e-75
 7.69459e+13	2.50e-25	9.83e-19	6.37e-13	8.96e-08	6.29e-02	8.58e-01	7.91e-02	0.00e+00	0.00e+00	0.00e+00	0.00e+00	0.00e+00	2.10e-74
 7.93663e+13	3.40e-25	1.26e-18	7.68e-13	1.02e-07	6.70e-02	8.59e-01	7.43e-02	0.00e+00	0.00e+00	0.00e+00	0.00e+00	0.00e+00	4.36e-74
 8.19180e+13	4.66e-25	1.62e-18	9.30e-13	1.15e-07	7.15e-02	8.59e-01	6.98e-02	0.00e+00	0.00e+00	0.00e+00	0.00e+00	0.00e+00	9.18e-74
 8.50424e+13	6.75e-25	2.18e-18	1.17e-12	1.34e-07	7.71e-02	8.58e-01	6.46e-02	0.00e+00	0.00e+00	0.00e+00	0.00e+00	0.00e+00	2.21e-73
 8.81657e+13	9.64e-25	2.91e-18	1.45e-12	1.55e-07	8.28e-02	8.57e-01	6.00e-02	0.00e+00	0.00e+00	0.00e+00	0.00e+00	0.00e+00	5.17e-73
 9.07654e+13	1.28e-24	3.66e-18	1.72e-12	1.74e-07	8.77e-02	8.56e-01	5.65e-02	0.00e+00	0.00e+00	0.00e+00	0.00e+00	0.00e+00	1.02e-72
 9.29839e+13	1.63e-24	4.43e-18	1.99e-12	1.92e-07	9.19e-02	8.54e-01	5.37e-02	0.00e+00	0.00e+00	0.00e+00	0.00e+00	0.00e+00	1.81e-72
 9.54216e+13	2.10e-24	5.43e-18	2.32e-12	2.13e-07	9.67e-02	8.52e-01	5.08e-02	0.00e+00	0.00e+00	0.00e+00	0.00e+00	0.00e+00	3.31e-72
 9.85906e+13	2.90e-24	7.03e-18	2.82e-12	2.42e-07	1.03e-01	8.50e-01	4.74e-02	0.00e+00	0.00e+00	0.00e+00	0.00e+00	0.00e+00	7.12e-72
 1.01865e+14	4.00e-24	9.10e-18	3.43e-12	2.76e-07	1.10e-01	8.46e-01	4.42e-02	0.00e+00	0.00e+00	0.00e+00	0.00e+00	0.00e+00	1.53e-71
 1.04590e+14	5.17e-24	1.12e-17	4.00e-12	3.06e-07	1.15e-01	8.43e-01	4.17e-02	0.00e+00	0.00e+00	0.00e+00	0.00e+00	0.00e+00	2.84e-71
 1.07446e+14	6.74e-24	1.38e-17	4.70e-12	3.40e-07	1.21e-01	8.39e-01	3.93e-02	0.00e+00	0.00e+00	0.00e+00	0.00e+00	0.00e+00	5.33e-71
 1.11158e+14	9.39e-24	1.81e-17	5.75e-12	3.89e-07	1.29e-01	8.34e-01	3.65e-02	0.00e+00	0.00e+00	0.00e+00	0.00e+00	0.00e+00	1.17e-70
 1.15013e+14	1.31e-23	2.36e-17	7.02e-12	4.44e-07	1.38e-01	8.29e-01	3.38e-02	0.00e+00	0.00e+00	0.00e+00	0.00e+00	0.00e+00	2.60e-70
 1.18268e+14	1.72e-23	2.93e-17	8.27e-12	4.95e-07	1.45e-01	8.24e-01	3.17e-02	0.00e+00	0.00e+00	0.00e+00	0.00e+00	0.00e+00	4.99e-70
 1.21715e+14	2.27e-23	3.66e-17	9.78e-12	5.53e-07	1.53e-01	8.18e-01	2.97e-02	0.00e+00	0.00e+00	0.00e+00	0.00e+00	0.00e+00	9.73e-70
 1.26152e+14	3.21e-23	4.84e-17	1.21e-11	6.35e-07	1.63e-01	8.10e-01	2.73e-02	0.00e+00	0.00e+00	0.00e+00	1.54e-17	3.30e-17	2.23e-69
 1.30759e+14	4.54e-23	6.39e-17	1.49e-11	7.29e-07	1.73e-01	8.02e-01	2.51e-02	0.00e+00	0.00e+00	0.00e+00	2.12e-17	4.27e-17	5.13e-69
 1.34725e+14	6.06e-23	8.04e-17	1.77e-11	8.16e-07	1.83e-01	7.94e-01	2.34e-02	0.00e+00	0.00e+00	0.00e+00	2.66e-17	5.37e-17	1.03e-68
 1.38972e+14	8.17e-23	1.02e-16	2.11e-11	9.18e-07	1.93e-01	7.86e-01	2.17e-02	0.00e+00	0.00e+00	0.00e+00	3.38e-17	6.82e-17	2.10e-68
 1.44215e+14	1.16e-22	1.36e-16	2.62e-11	1.06e-06	2.05e-01	7.75e-01	1.98e-02	0.00e+00	0.00e+00	0.00e+00	4.49e-17	9.06e-17	4.93e-68
 1.49546e+14	1.65e-22	1.79e-16	3.22e-11	1.21e-06	2.18e-01	7.64e-01	1.82e-02	0.00e+00	0.00e+00	0.00e+00	5.93e-17	1.20e-16	1.14e-67
 1.54277e+14	2.22e-22	2.27e-16	3.84e-11	1.36e-06	2.29e-01	7.54e-01	1.68e-02	0.00e+00	0.00e+00	0.00e+00	7.51e-17	1.52e-16	2.34e-67
 1.59436e+14	3.03e-22	2.91e-16	4.63e-11	1.53e-06	2.42e-01	7.43e-01	1.55e-02	0.00e+00	0.00e+00	0.00e+00	9.63e-17	1.94e-16	4.97e-67
 1.65614e+14	4.34e-22	3.87e-16	5.74e-11	1.76e-06	2.57e-01	7.29e-01	1.40e-02	0.00e+00	0.00e+00	0.00e+00	1.28e-16	2.59e-16	1.19e-66
 1.71748e+14	6.12e-22	5.09e-16	7.03e-11	2.00e-06	2.71e-01	7.16e-01	1.28e-02	0.00e+00	0.00e+00	0.00e+00	1.69e-16	3.40e-16	2.74e-66
 1.77311e+14	8.26e-22	6.46e-16	8.40e-11	2.25e-06	2.85e-01	7.03e-01	1.18e-02	0.00e+00	0.00e+00	0.00e+00	2.14e-16	4.32e-16	5.70e-66
 1.83501e+14	1.14e-21	8.35e-16	1.02e-10	2.54e-06	3.00e-01	6.90e-01	1.08e-02	0.00e+00	0.00e+00	0.00e+00	2.76e-16	5.59e-16	1.27e-65
 1.90754e+14	1.64e-21	1.11e-15	1.26e-10	2.91e-06	3.17e-01	6.73e-01	9.69e-03	0.00e+00	0.00e+00	0.00e+00	3.69e-16	7.46e-16	3.04e-65
 1.97918e+14	2.31e-21	1.46e-15	1.54e-10	3.30e-06	3.34e-01	6.57e-01	8.78e-03	0.00e+00	0.00e+00	0.00e+00	4.84e-16	9.79e-16	7.11e-65
 2.04039e+14	3.07e-21	1.83e-15	1.82e-10	3.66e-06	3.48e-01	6.44e-01	8.08e-03	0.00e+00	0.00e+00	0.00e+00	6.05e-16	1.22e-15	1.43e-64
 2.09042e+14	3.84e-21	2.18e-15	2.07e-10	3.98e-06	3.59e-01	6.33e-01	7.56e-03	0.00e+00	0.00e+00	0.00e+00	7.23e-16	1.46e-15	2.48e-64
 2.14306e+14	4.83e-21	2.62e-15	2.36e-10	4.33e-06	3.71e-01	6.21e-01	7.05e-03	0.00e+00	0.00e+00	0.00e+00	8.66e-16	1.75e-15	4.38e-64
 2.21150e+14	6.44e-21	3.29e-15	2.79e-10	4.80e-06	3.87e-01	6.07e-01	6.46e-03	0.00e+00	0.00e+00	0.00e+00	1.09e-15	2.20e-15	8.98e-64
 2.28288e+14	8.62e-21	4.14e-15	3.30e-10	5.33e-06	4.02e-01	5.92e-01	5.90e-03	0.00e+00	0.00e+00	0.00e+00	1.37e-15	2.77e-15	1.86e-63
 2.34327e+14	1.09e-20	4.99e-15	3.79e-10	5.81e-06	4.15e-01	5.79e-01	5.48e-03	0.00e+00	0.00e+00	0.00e+00	1.65e-15	3.34e-15	3.37e-63
 2.40695e+14	1.40e-20	6.05e-15	4.36e-10	6.33e-06	4.29e-01	5.66e-01	5.07e-03	0.00e+00	0.00e+00	0.00e+00	2.00e-15	4.05e-15	6.21e-63
 2.48974e+14	1.90e-20	7.71e-15	5.19e-10	7.05e-06	4.46e-01	5.49e-01	4.59e-03	0.00e+00	0.00e+00	0.00e+00	2.55e-15	5.16e-15	1.34e-62
 2.57540e+14	2.58e-20	9.81e-15	6.19e-10	7.84e-06	4.63e-01	5.33e-01	4.16e-03	0.00e+00	0.00e+00	0.00e+00	3.24e-15	6.57e-15	2.92e-62
 2.64717e+14	3.31e-20	1.19e-14	7.12e-10	8.54e-06	4.77e-01	5.19e-01	3.83e-03	0.00e+00	0.00e+00	0.00e+00	3.93e-15	7.98e-15	5.46e-62
 2.72287e+14	4.27e-20	1.45e-14	8.21e-10	9.31e-06	4.91e-01	5.05e-01	3.52e-03	0.00e+00	0.00e+00	0.00e+00	4.80e-15	9.74e-15	1.04e-61
 2.82112e+14	5.86e-20	1.86e-14	9.82e-10	1.04e-05	5.10e-01	4.87e-01	3.16e-03	0.00e+00	0.00e+00	0.00e+00	6.15e-15	1.25e-14	2.33e-61
 2.92418e+14	8.08e-20	2.39e-14	1.18e-09	1.16e-05	5.28e-01	4.69e-01	2.83e-03	0.00e+00	0.00e+00	0.00e+00	7.90e-15	1.60e-14	5.29e-61
 3.01313e+14	1.05e-19	2.95e-14	1.36e-09	1.26e-05	5.43e-01	4.55e-01	2.58e-03	0.00e+00	0.00e+00	0.00e+00	9.71e-15	1.98e-14	1.05e-60
 3.10824e+14	1.39e-19	3.65e-14	1.59e-09	1.38e-05	5.58e-01	4.39e-01	2.34e-03	0.00e+00	0.00e+00	0.00e+00	1.20e-14	2.45e-14	2.12e-60
 3.22539e+14	1.92e-19	4.71e-14	1.91e-09	1.54e-05	5.77e-01	4.21e-01	2.08e-03	0.00e+00	0.00e+00	0.00e+00	1.55e-14	3.16e-14	4.93e-60
 3.34512e+14	2.65e-19	6.04e-14	2.27e-09	1.71e-05	5.95e-01	4.03e-01	1.86e-03	0.00e+00	0.00e+00	0.00e+00	1.99e-14	4.05e-14	1.13e-59
 3.45282e+14	3.50e-19	7.49e-14	2.65e-09	1.87e-05	6.10e-01	3.88e-01	1.68e-03	0.00e+00	0.00e+00	0.00e+00	2.47e-14	5.03e-14	2.32e-59
 3.57094e+14	4.68e-19	9.41e-14	3.11e-09	2.05e-05	6.26e-01	3.72e-01	1.50e-03	0.00e+00	0.00e+00	0.00e+00	3.09e-14	6.31e-14	4.97e-59
 3.71060e+14	6.53e-19	1.22e-13	3.73e-09	2.28e-05	6.44e-01	3.55e-01	1.32e-03	0.00e+00	0.00e+00	0.00e+00	4.00e-14	8.17e-14	1.19e-58
 3.84873e+14	8.96e-19	1.56e-13	4.44e-09	2.52e-05	6.61e-01	3.38e-01	1.17e-03	0.00e+00	0.00e+00	0.00e+00	5.11e-14	1.04e-13	2.71e-58
 3.97649e+14	1.19e-18	1.93e-13	5.17e-09	2.75e-05	6.76e-01	3.23e-01	1.05e-03	0.00e+00	0.00e+00	0.00e+00	6.35e-14	1.30e-13	5.67e-58
 4.08721e+14	1.50e-18	2.32e-13	5.88e-09	2.96e-05	6.88e-01	3.11e-01	9.57e-04	0.00e+00	0.00e+00	0.00e+00	7.62e-14	1.56e-13	1.05e-57
 4.18065e+14	1.82e-18	2.69e-13	6.53e-09	3.14e-05	6.97e-01	3.02e-01	8.86e-04	0.00e+00	0.00e+00	0.00e+00	8.84e-14	1.81e-13	1.75e-57
 4.28478e+14	2.24e-18	3.17e-13	7.31e-09	3.35e-05	7.08e-01	2.91e-01	8.14e-04	0.00e+00	0.00e+00	0.00e+00	1.04e-13	2.13e-13	3.05e-57
 4.42016e+14	2.92e-18	3.89e-13	8.44e-09	3.63e-05	7.21e-01	2.79e-01	7.30e-04	0.00e+00	0.00e+00	0.00e+00	1.27e-13	2.61e-13	6.13e-57
 4.56134e+14	3.81e-18	4.78e-13	9.74e-09	3.94e-05	7.33e-01	2.66e-01	6.54e-04	0.00e+00	0.00e+00	0.00e+00	1.56e-13	3.21e-13	1.24e-56
 4.68052e+14	4.73e-18	5.65e-13	1.10e-08	4.21e-05	7.43e-01	2.56e-01	5.97e-04	0.00e+00	0.00e+00	0.00e+00	1.85e-13	3.80e-13	2.21e-56
 4.80592e+14	5.90e-18	6.71e-13	1.24e-08	4.50e-05	7.54e-01	2.46e-01	5.44e-04	0.00e+00	0.00e+00	0.00e+00	2.20e-13	4.51e-13	3.99e-56
 4.96894e+14	7.79e-18	8.32e-13	1.44e-08	4.90e-05	7.66e-01	2.33e-01	4.82e-04	0.00e+00	0.00e+00	0.00e+00	2.72e-13	5.60e-13	8.39e-56
 5.13749e+14	1.03e-17	1.03e-12	1.67e-08	5.32e-05	7.78e-01	2.21e-01	4.27e-04	0.00e+00	0.00e+00	0.00e+00	3.38e-13	6.95e-13	1.77e-55
 5.27831e+14	1.29e-17	1.23e-12	1.89e-08	5.69e-05	7.88e-01	2.12e-01	3.87e-04	0.00e+00	0.00e+00	0.00e+00	4.01e-13	8.27e-13	3.22e-55
 5.42646e+14	1.62e-17	1.47e-12	2.14e-08	6.10e-05	7.97e-01	2.03e-01	3.50e-04	0.00e+00	0.00e+00	0.00e+00	4.79e-13	9.88e-13	5.95e-55
 5.61905e+14	2.15e-17	1.83e-12	2.50e-08	6.65e-05	8.08e-01	1.91e-01	3.07e-04	0.00e+00	0.00e+00	0.00e+00	5.98e-13	1.23e-12	1.29e-54
 5.82096e+14	2.87e-17	2.30e-12	2.92e-08	7.25e-05	8.19e-01	1.80e-01	2.69e-04	0.00e+00	0.00e+00	0.00e+00	7.49e-13	1.55e-12	2.81e-54
 5.99422e+14	3.65e-17	2.77e-12	3.32e-08	7.79e-05	8.28e-01	1.72e-01	2.41e-04	0.00e+00	0.00e+00	0.00e+00	9.02e-13	1.86e-12	5.37e-54
 6.17867e+14	4.66e-17	3.35e-12	3.80e-08	8.38e-05	8.37e-01	1.63e-01	2.15e-04	3.78e-18	1.13e-17	1.90e-17	1.09e-12	2.26e-12	1.04e-53
 6.40874e+14	6.26e-17	4.22e-12	4.47e-08	9.16e-05	8.47e-01	1.53e-01	1.86e-04	5.07e-18	1.52e-17	2.55e-17	1.37e-12	2.84e-12	2.33e-53
 6.64381e+14	8.36e-17	5.29e-12	5.23e-08	9.99e-05	8.57e-01	1.43e-01	1.62e-04	6.78e-18	2.04e-17	3.40e-17	1.72e-12	3.57e-12	5.13e-53
 6.84945e+14	1.07e-16	6.40e-12	5.98e-08	1.07e-04	8.64e-01	1.35e-01	1.44e-04	8.64e-18	2.60e-17	4.34e-17	2.08e-12	4.32e-12	1.00e-52
 7.07113e+14	1.38e-16	7.81e-12	6.88e-08	1.16e-04	8.72e-01	1.28e-01	1.27e-04	1.11e-17	3.35e-17	5.60e-17	2.54e-12	5.27e-12	2.00e-52
 7.34051e+14	1.85e-16	9.86e-12	8.10e-08	1.27e-04	8.81e-01	1.19e-01	1.10e-04	1.50e-17	4.50e-17	7.53e-17	3.20e-12	6.66e-12	4.52e-52
 7.61010e+14	2.45e-16	1.23e-11	9.48e-08	1.38e-04	8.88e-01	1.11e-01	9.48e-05	1.99e-17	5.98e-17	1.00e-16	4.00e-12	8.33e-12	9.85e-52
 7.84812e+14	3.13e-16	1.49e-11	1.08e-07	1.48e-04	8.95e-01	1.05e-01	8.38e-05	2.54e-17	7.62e-17	1.27e-16	4.84e-12	1.01e-11	1.93e-51
 8.10685e+14	4.03e-16	1.82e-11	1.25e-07	1.60e-04	9.01e-01	9.87e-02	7.34e-05	3.27e-17	9.81e-17	1.64e-16	5.91e-12	1.23e-11	3.87e-51
 8.41831e+14	5.39e-16	2.30e-11	1.47e-07	1.75e-04	9.08e-01	9.18e-02	6.30e-05	4.38e-17	1.32e-16	2.20e-16	7.45e-12	1.55e-11	8.72e-51
 8.72739e+14	7.12e-16	2.87e-11	1.72e-07	1.91e-04	9.14e-01	8.55e-02	5.43e-05	5.78e-17	1.74e-16	2.91e-16	9.29e-12	1.94e-11	1.90e-50
 8.98914e+14	8.93e-16	3.43e-11	1.95e-07	2.04e-04	9.19e-01	8.07e-02	4.81e-05	7.25e-17	2.18e-16	3.64e-16	1.11e-11	2.32e-11	3.58e-50
 9.20682e+14	1.07e-15	3.97e-11	2.16e-07	2.16e-04	9.23e-01	7.70e-02	4.36e-05	8.71e-17	2.62e-16	4.37e-16	1.29e-11	2.69e-11	5.97e-50
 9.43636e+14	1.29e-15	4.61e-11	2.40e-07	2.28e-04	9.26e-01	7.33e-02	3.94e-05	1.05e-16	3.16e-16	5.28e-16	1.49e-11	3.12e-11	1.02e-49
 9.73477e+14	1.64e-15	5.57e-11	2.74e-07	2.46e-04	9.31e-01	6.88e-02	3.45e-05	1.33e-16	4.01e-16	6.70e-16	1.80e-11	3.77e-11	1.98e-49
 1.00417e+15	2.07e-15	6.73e-11	3.14e-07	2.64e-04	9.35e-01	6.46e-02	3.03e-05	1.69e-16	5.07e-16	8.47e-16	2.18e-11	4.55e-11	3.83e-49
 1.02944e+15	2.50e-15	7.81e-11	3.49e-07	2.80e-04	9.38e-01	6.14e-02	2.73e-05	2.03e-16	6.10e-16	1.02e-15	2.53e-11	5.29e-11	6.51e-49
 1.05574e+15	3.02e-15	9.10e-11	3.88e-07	2.96e-04	9.41e-01	5.83e-02	2.46e-05	2.46e-16	7.39e-16	1.24e-15	2.94e-11	6.15e-11	1.11e-48
 1.08992e+15	3.84e-15	1.10e-10	4.45e-07	3.19e-04	9.45e-01	5.46e-02	2.15e-05	3.13e-16	9.40e-16	1.57e-15	3.56e-11	7.46e-11	2.20e-48
 1.12536e+15	4.86e-15	1.34e-10	5.10e-07	3.44e-04	9.49e-01	5.11e-02	1.87e-05	3.96e-16	1.19e-15	1.99e-15	4.32e-11	9.05e-11	4.35e-48
 1.15512e+15	5.90e-15	1.56e-10	5.70e-07	3.65e-04	9.51e-01	4.84e-02	1.68e-05	4.81e-16	1.44e-15	2.41e-15	5.05e-11	1.06e-10	7.56e-48
 1.18652e+15	7.20e-15	1.83e-10	6.39e-07	3.88e-04	9.54e-01	4.58e-02	1.50e-05	5.87e-16	1.76e-15	2.95e-15	5.92e-11	1.24e-10	1.34e-47
 1.22733e+15	9.26e-15	2.24e-10	7.38e-07	4.19e-04	9.57e-01	4.27e-02	1.29e-05	7.56e-16	2.27e-15	3.79e-15	7.25e-11	1.52e-10	2.75e-47
 1.26976e+15	1.19e-14	2.75e-10	8.52e-07	4.53e-04	9.60e-01	3.97e-02	1.12e-05	9.69e-16	2.91e-15	4.86e-15	8.88e-11	1.86e-10	5.65e-47
 1.30573e+15	1.45e-14	3.24e-10	9.59e-07	4.83e-04	9.62e-01	3.74e-02	9.92e-06	1.19e-15	3.57e-15	5.96e-15	1.05e-10	2.20e-10	1.02e-46
 1.34394e+15	1.79e-14	3.85e-10	1.08e-06	5.16e-04	9.64e-01	3.52e-02	8.75e-06	1.47e-15	4.41e-15	7.37e-15	1.24e-10	2.60e-10	1.87e-46
 1.39286e+15	2.33e-14	4.76e-10	1.26e-06	5.60e-04	9.67e-01	3.26e-02	7.49e-06	1.91e-15	5.73e-15	9.58e-15	1.54e-10	3.22e-10	4.00e-46
 1.44399e+15	3.02e-14	5.89e-10	1.47e-06	6.08e-04	9.69e-01	3.02e-02	6.41e-06	2.47e-15	7.42e-15	1.24e-14	1.90e-10	3.99e-10	8.55e-46
 1.48889e+15	3.76e-14	7.05e-10	1.67e-06	6.52e-04	9.71e-01	2.83e-02	5.61e-06	3.08e-15	9.24e-15	1.55e-14	2.27e-10	4.77e-10	1.63e-45
 1.53742e+15	4.74e-14	8.50e-10	1.91e-06	7.02e-04	9.73e-01	2.64e-02	4.87e-06	3.88e-15	1.17e-14	1.95e-14	2.75e-10	5.76e-10	3.18e-45
 1.59616e+15	6.20e-14	1.06e-09	2.24e-06	7.65e-04	9.75e-01	2.43e-02	4.13e-06	5.08e-15	1.53e-14	2.55e-14	3.42e-10	7.18e-10	7.01e-45
 1.65494e+15	7.98e-14	1.31e-09	2.60e-06	8.30e-04	9.77e-01	2.24e-02	3.52e-06	6.55e-15	1.97e-14	3.29e-14	4.22e-10	8.85e-10	1.48e-44
 1.70809e+15	9.97e-14	1.57e-09	2.98e-06	8.93e-04	9.78e-01	2.09e-02	3.06e-06	8.18e-15	2.46e-14	4.11e-14	5.08e-10	1.07e-09	2.88e-44
 1.75334e+15	1.19e-13	1.83e-09	3.32e-06	9.48e-04	9.79e-01	1.98e-02	2.73e-06	9.80e-15	2.94e-14	4.92e-14	5.92e-10	1.24e-09	4.94e-44
 1.79147e+15	1.30e-13	2.07e-09	3.63e-06	9.96e-04	9.80e-01	1.88e-02	2.48e-06	1.07e-14	3.22e-14	5.38e-14	6.70e-10	1.40e-09	7.56e-44
 1.83417e+15	1.53e-13	2.38e-09	4.01e-06	1.05e-03	9.81e-01	1.79e-02	2.23e-06	1.26e-14	3.79e-14	6.33e-14	7.68e-10	1.61e-09	1.23e-43
 1.88968e+15	1.88e-13	2.82e-09	4.54e-06	1.13e-03	9.82e-01	1.67e-02	1.95e-06	1.55e-14	4.64e-14	7.76e-14	9.13e-10	1.91e-09	2.28e-43
 1.94738e+15	2.29e-13	3.36e-09	5.16e-06	1.21e-03	9.83e-01	1.56e-02	1.70e-06	1.88e-14	5.66e-14	9.46e-14	1.09e-09	2.27e-09	4.24e-43
 1.99561e+15	2.69e-13	3.86e-09	5.71e-06	1.28e-03	9.84e-01	1.48e-02	1.53e-06	2.21e-14	6.64e-14	1.11e-13	1.25e-09	2.61e-09	6.99e-43
 2.04600e+15	3.17e-13	4.45e-09	6.34e-06	1.35e-03	9.85e-01	1.40e-02	1.36e-06	2.61e-14	7.85e-14	1.31e-13	1.44e-09	3.01e-09	1.16e-42
 2.11150e+15	3.90e-13	5.33e-09	7.23e-06	1.45e-03	9.86e-01	1.30e-02	1.18e-06	3.22e-14	9.67e-14	1.62e-13	1.72e-09	3.61e-09	2.22e-42
 2.17913e+15	4.76e-13	6.38e-09	8.26e-06	1.56e-03	9.86e-01	1.21e-02	1.02e-06	3.93e-14	1.18e-13	1.97e-13	2.06e-09	4.31e-09	4.21e-42
 2.23517e+15	5.59e-13	7.36e-09	9.17e-06	1.66e-03	9.87e-01	1.14e-02	9.10e-07	4.62e-14	1.39e-13	2.32e-13	2.38e-09	4.98e-09	7.02e-42
 2.29366e+15	6.59e-13	8.52e-09	1.02e-05	1.76e-03	9.87e-01	1.08e-02	0.00e+00	5.45e-14	1.64e-13	2.74e-13	2.76e-09	5.76e-09	1.18e-41
 2.36971e+15	8.11e-13	1.02e-08	1.17e-05	1.90e-03	9.88e-01	9.98e-03	0.00e+00	6.72e-14	2.02e-13	3.37e-13	3.31e-09	6.92e-09	2.32e-41
 2.44934e+15	9.91e-13	1.23e-08	1.35e-05	2.06e-03	9.89e-01	9.24e-03	0.00e+00	8.21e-14	2.46e-13	4.12e-13	3.99e-09	8.32e-09	4.47e-41
 2.51709e+15	1.17e-12	1.43e-08	1.51e-05	2.20e-03	9.89e-01	8.67e-03	0.00e+00	9.66e-14	2.90e-13	4.85e-13	4.64e-09	9.67e-09	7.69e-41
 2.58861e+15	1.39e-12	1.67e-08	1.70e-05	2.35e-03	9.90e-01	8.11e-03	0.00e+00	1.15e-13	3.45e-13	5.77e-13	5.42e-09	1.13e-08	1.35e-40
 2.68159e+15	1.72e-12	2.03e-08	1.97e-05	2.55e-03	9.90e-01	7.46e-03	0.00e+00	1.43e-13	4.30e-13	7.18e-13	6.60e-09	1.37e-08	2.74e-40
 2.77917e+15	2.11e-12	2.47e-08	2.28e-05	2.78e-03	9.90e-01	6.85e-03	0.00e+00	1.76e-13	5.28e-13	8.82e-13	8.03e-09	1.67e-08	5.55e-40
 2.86302e+15	2.50e-12	2.91e-08	2.58e-05	2.98e-03	9.91e-01	6.38e-03	0.00e+00	2.08e-13	6.26e-13	1.05e-12	9.45e-09	1.97e-08	9.98e-40
 2.95232e+15	3.00e-12	3.44e-08	2.93e-05	3.21e-03	9.91e-01	5.92e-03	0.00e+00	2.50e-13	7.51e-13	1.25e-12	1.12e-08	2.32e-08	1.84e-39
 3.06286e+15	3.69e-12	4.20e-08	3.42e-05	3.51e-03	9.91e-01	5.41e-03	0.00e+00	3.08e-13	9.26e-13	1.55e-12	1.36e-08	2.83e-08	3.79e-39
 3.17549e+15	4.49e-12	5.09e-08	3.97e-05	3.83e-03	9.91e-01	4.96e-03	0.00e+00	3.75e-13	1.13e-12	1.88e-12	1.66e-08	3.44e-08	7.68e-39
 3.26146e+15	5.13e-12	5.87e-08	4.44e-05	4.08e-03	9.91e-01	4.64e-03	0.00e+00	4.30e-13	1.29e-12	2.16e-12	1.91e-08	3.96e-08	1.28e-38
 3.32520e+15	5.68e-12	6.51e-08	4.80e-05	4.28e-03	9.91e-01	4.43e-03	0.00e+00	4.77e-13	1.43e-12	2.39e-12	2.12e-08	4.39e-08	1.87e-38
 3.39498e+15	6.40e-12	7.27e-08	5.23e-05	4.50e-03	9.91e-01	4.21e-03	0.00e+00	5.37e-13	1.61e-12	2.69e-12	2.37e-08	4.90e-08	2.81e-38
 3.48569e+15	7.37e-12	8.36e-08	5.84e-05	4.79e-03	9.91e-01	3.94e-03	0.00e+00	6.19e-13	1.86e-12	3.11e-12	2.73e-08	5.64e-08	4.73e-38
 3.58437e+15	8.51e-12	9.69e-08	6.55e-05	5.13e-03	9.91e-01	3.67e-03	0.00e+00	7.16e-13	2.15e-12	3.59e-12	3.16e-08	6.53e-08	8.18e-38
 3.67296e+15	9.63e-12	1.10e-07	7.24e-05	5.44e-03	9.91e-01	3.46e-03	0.00e+00	8.11e-13	2.44e-12	4.07e-12	3.59e-08	7.43e-08	1.32e-37
 3.76768e+15	1.10e-11	1.26e-07	8.04e-05	5.79e-03	9.91e-01	3.24e-03	0.00e+00	9.31e-13	2.80e-12	4.67e-12	4.11e-08	8.49e-08	2.19e-37
 3.89083e+15	1.31e-11	1.49e-07	9.19e-05	6.27e-03	9.91e-01	2.99e-03	0.00e+00	1.11e-12	3.33e-12	5.56e-12	4.87e-08	1.01e-07	4.14e-37
 4.01388e+15	1.52e-11	1.76e-07	1.04e-04	6.76e-03	9.90e-01	2.77e-03	0.00e+00	1.29e-12	3.87e-12	6.46e-12	5.73e-08	1.18e-07	7.56e-37
 4.11005e+15	1.71e-11	1.98e-07	1.15e-04	7.16e-03	9.90e-01	2.61e-03	0.00e+00	1.45e-12	4.36e-12	7.28e-12	6.48e-08	1.33e-07	1.19e-36
 4.20827e+15	1.94e-11	2.24e-07	1.27e-04	7.58e-03	9.90e-01	2.45e-03	0.00e+00	1.64e-12	4.93e-12	8.24e-12	7.34e-08	1.51e-07	1.90e-36
 4.33596e+15	2.26e-11	2.63e-07	1.43e-04	8.16e-03	9.89e-01	2.27e-03	0.00e+00	1.92e-12	5.75e-12	9.60e-12	8.59e-08	1.77e-07	3.45e-36
 4.47134e+15	2.62e-11	3.08e-07	1.62e-04	8.80e-03	9.89e-01	2.10e-03	0.00e+00	2.23e-12	6.68e-12	1.12e-11	1.01e-07	2.07e-07	6.25e-36
 4.58931e+15	2.96e-11	3.52e-07	1.81e-04	9.37e-03	9.88e-01	1.97e-03	0.00e+00	2.52e-12	7.57e-12	1.26e-11	1.15e-07	2.37e-07	1.06e-35
 4.71529e+15	3.41e-11	4.05e-07	2.02e-04	1.00e-02	9.88e-01	1.84e-03	0.00e+00	2.91e-12	8.72e-12	1.46e-11	1.33e-07	2.72e-07	1.84e-35
 4.87907e+15	4.07e-11	4.84e-07	2.32e-04	1.09e-02	9.87e-01	1.68e-03	0.00e+00	3.47e-12	1.04e-11	1.74e-11	1.59e-07	3.26e-07	3.70e-35
 5.04831e+15	4.77e-11	5.77e-07	2.67e-04	1.18e-02	9.86e-01	1.54e-03	0.00e+00	4.08e-12	1.22e-11	2.04e-11	1.89e-07	3.88e-07	7.29e-35
 5.19034e+15	5.43e-11	6.64e-07	2.98e-04	1.26e-02	9.86e-01	1.44e-03	0.00e+00	4.65e-12	1.40e-11	2.33e-11	2.18e-07	4.46e-07	1.26e-34
 5.34064e+15	6.29e-11	7.71e-07	3.35e-04	1.36e-02	9.85e-01	1.33e-03	0.00e+00	5.39e-12	1.62e-11	2.70e-11	2.53e-07	5.18e-07	2.25e-34
 5.53412e+15	7.55e-11	9.29e-07	3.88e-04	1.48e-02	9.84e-01	1.22e-03	0.00e+00	6.48e-12	1.95e-11	3.25e-11	3.05e-07	6.24e-07	4.63e-34
 5.73457e+15	8.93e-11	1.12e-06	4.48e-04	1.61e-02	9.82e-01	1.11e-03	0.00e+00	7.68e-12	2.31e-11	3.85e-11	3.67e-07	7.50e-07	9.42e-34
 5.88348e+15	1.01e-10	1.27e-06	4.97e-04	1.72e-02	9.81e-01	1.04e-03	0.00e+00	8.74e-12	2.62e-11	4.38e-11	4.19e-07	8.55e-07	1.54e-33
 5.99332e+15	1.09e-10	1.40e-06	5.36e-04	1.79e-02	9.81e-01	9.90e-04	0.00e+00	9.40e-12	2.82e-11	4.71e-11	4.62e-07	9.42e-07	2.23e-33
 6.11483e+15	1.21e-10	1.56e-06	5.82e-04	1.89e-02	9.80e-01	9.39e-04	0.00e+00	1.05e-11	3.14e-11	5.24e-11	5.14e-07	1.05e-06	3.36e-33
 6.27280e+15	1.40e-10	1.79e-06	6.47e-04	2.01e-02	9.78e-01	8.77e-04	0.00e+00	1.21e-11	3.62e-11	6.05e-11	5.89e-07	1.20e-06	5.67e-33
 6.44620e+15	1.58e-10	2.07e-06	7.23e-04	2.15e-02	9.77e-01	8.17e-04	0.00e+00	1.37e-11	4.11e-11	6.86e-11	6.82e-07	1.39e-06	9.60e-33
 6.60262e+15	1.80e-10	2.35e-06	7.97e-04	2.27e-02	9.76e-01	7.67e-04	0.00e+00	1.56e-11	4.69e-11	7.83e-11	7.74e-07	1.58e-06	1.53e-32
 6.76892e+15	2.05e-10	2.69e-06	8.84e-04	2.42e-02	9.74e-01	7.18e-04	0.00e+00	1.78e-11	5.34e-11	8.91e-11	8.85e-07	1.80e-06	2.53e-32
 6.98511e+15	2.44e-10	3.19e-06	1.01e-03	2.61e-02	9.72e-01	6.59e-04	0.00e+00	2.12e-11	6.35e-11	1.06e-10	1.05e-06	2.14e-06	4.79e-32
 7.20061e+15	2.85e-10	3.74e-06	1.14e-03	2.81e-02	9.70e-01	6.09e-04	0.00e+00	2.48e-11	7.43e-11	1.24e-10	1.23e-06	2.51e-06	8.52e-32
 7.36747e+15	3.21e-10	4.22e-06	1.25e-03	2.97e-02	9.68e-01	5.73e-04	0.00e+00	2.79e-11	8.38e-11	1.40e-10	1.39e-06	2.83e-06	1.31e-31
 7.53664e+15	3.65e-10	4.78e-06	1.38e-03	3.14e-02	9.67e-01	5.39e-04	0.00e+00	3.18e-11	9.54e-11	1.59e-10	1.58e-06	3.20e-06	2.06e-31
 7.75657e+15	4.32e-10	5.60e-06	1.55e-03	3.37e-02	9.64e-01	4.98e-04	0.00e+00	3.77e-11	1.13e-10	1.89e-10	1.85e-06	3.75e-06	3.64e-31
 7.98949e+15	5.05e-10	6.57e-06	1.76e-03	3.63e-02	9.62e-01	4.60e-04	0.00e+00	4.41e-11	1.32e-10	2.21e-10	2.17e-06	4.40e-06	6.36e-31
 8.19157e+15	5.77e-10	7.51e-06	1.95e-03	3.86e-02	9.59e-01	4.30e-04	0.00e+00	5.05e-11	1.51e-10	2.53e-10	2.48e-06	5.03e-06	1.01e-30
 8.40656e+15	6.74e-10	8.69e-06	2.18e-03	4.11e-02	9.56e-01	4.01e-04	0.00e+00	5.90e-11	1.77e-10	2.96e-10	2.87e-06	5.82e-06	1.68e-30
 8.68605e+15	8.21e-10	1.05e-05	2.51e-03	4.46e-02	9.52e-01	3.66e-04	0.00e+00	7.20e-11	2.16e-10	3.60e-10	3.46e-06	7.00e-06	3.18e-30
 8.96583e+15	9.77e-10	1.24e-05	2.86e-03	4.82e-02	9.49e-01	3.35e-04	0.00e+00	8.58e-11	2.58e-10	4.30e-10	4.09e-06	8.28e-06	5.55e-30
 9.19125e+15	1.13e-09	1.42e-05	3.18e-03	5.13e-02	9.45e-01	3.13e-04	0.00e+00	9.93e-11	2.98e-10	4.97e-10	4.69e-06	9.49e-06	8.69e-30
 9.42954e+15	1.33e-09	1.64e-05	3.56e-03	5.47e-02	9.41e-01	2.91e-04	0.00e+00	1.17e-10	3.52e-10	5.88e-10	5.44e-06	1.10e-05	1.42e-29
 9.73932e+15	1.62e-09	1.98e-05	4.11e-03	5.94e-02	9.36e-01	2.66e-04	0.00e+00	1.43e-10	4.29e-10	7.16e-10	6.56e-06	1.33e-05	2.63e-29
 1.00181e+16	1.91e-09	2.30e-05	4.63e-03	6.36e-02	9.32e-01	2.46e-04	0.00e+00	1.68e-10	5.05e-10	8.42e-10	7.61e-06	1.54e-05	4.13e-29
 1.02062e+16	2.12e-09	2.55e-05	5.02e-03	6.66e-02	9.28e-01	2.34e-04	0.00e+00	1.87e-10	5.61e-10	9.36e-10	8.44e-06	1.70e-05	5.70e-29
 1.04002e+16	2.41e-09	2.85e-05	5.47e-03	7.00e-02	9.24e-01	2.21e-04	0.00e+00	2.13e-10	6.38e-10	1.07e-09	9.45e-06	1.91e-05	8.18e-29
