#depth	He	He+	He+2
 1.49634e+10	2.33e-21	5.76e-11	1.00e+00
 4.54887e+10	2.72e-21	6.27e-11	1.00e+00
 7.72350e+10	3.15e-21	6.83e-11	1.00e+00
 1.10251e+11	3.64e-21	7.43e-11	1.00e+00
 1.42531e+11	4.19e-21	8.05e-11	1.00e+00
 1.76103e+11	4.80e-21	8.73e-11	1.00e+00
 2.13074e+11	5.58e-21	9.51e-11	1.00e+00
 2.50348e+11	6.45e-21	1.03e-10	1.00e+00
 2.89113e+11	7.44e-21	1.12e-10	1.00e+00
 3.30605e+11	8.65e-21	1.23e-10	1.00e+00
 3.69704e+11	9.94e-21	1.33e-10	1.00e+00
 4.04863e+11	1.12e-20	1.42e-10	1.00e+00
 4.44450e+11	1.27e-20	1.54e-10	1.00e+00
 4.91125e+11	1.47e-20	1.68e-10	1.00e+00
 5.37632e+11	1.70e-20	1.82e-10	1.00e+00
 5.81466e+11	1.94e-20	1.97e-10	1.00e+00
 6.30118e+11	2.22e-20	2.14e-10	1.00e+00
 6.85249e+11	2.58e-20	2.34e-10	1.00e+00
 7.39758e+11	2.98e-20	2.55e-10	1.00e+00
 7.96448e+11	3.44e-20	2.79e-10	1.00e+00
 8.58233e+11	4.00e-20	3.05e-10	1.00e+00
 9.20649e+11	4.62e-20	3.34e-10	1.00e+00
 9.85562e+11	5.33e-20	3.66e-10	1.00e+00
 1.05240e+12	6.16e-20	4.01e-10	1.00e+00
 1.11804e+12	7.04e-20	4.37e-10	1.00e+00
 1.18880e+12	8.07e-20	4.78e-10	1.00e+00
 1.26628e+12	9.34e-20	5.25e-10	1.00e+00
 1.34686e+12	1.08e-19	5.78e-10	1.00e+00
 1.43066e+12	1.24e-19	6.37e-10	1.00e+00
 1.51781e+12	1.43e-19	7.01e-10	1.00e+00
 1.59665e+12	1.62e-19	7.63e-10	1.00e+00
 1.66236e+12	1.78e-19	8.17e-10	1.00e+00
 1.73436e+12	1.97e-19	8.79e-10	1.00e+00
 1.82552e+12	2.24e-19	9.62e-10	1.00e+00
 1.92057e+12	2.54e-19	1.05e-09	1.00e+00
 2.00480e+12	2.82e-19	1.14e-09	1.00e+00
 2.08355e+12	3.11e-19	1.22e-09	1.00e+00
 2.17349e+12	3.45e-19	1.32e-09	1.00e+00
 2.28377e+12	3.92e-19	1.45e-09	1.00e+00
 2.39354e+12	4.43e-19	1.59e-09	1.00e+00
 2.48916e+12	4.90e-19	1.71e-09	1.00e+00
 2.59337e+12	5.45e-19	1.85e-09	1.00e+00
 2.72028e+12	6.19e-19	2.03e-09	1.00e+00
 2.84976e+12	7.01e-19	2.22e-09	1.00e+00
 2.96908e+12	7.82e-19	2.41e-09	1.00e+00
 3.10210e+12	8.81e-19	2.63e-09	1.00e+00
 3.25579e+12	1.01e-18	2.89e-09	1.00e+00
 3.40687e+12	1.15e-18	3.16e-09	1.00e+00
 3.55180e+12	1.29e-18	3.44e-09	1.00e+00
 3.71161e+12	1.47e-18	3.75e-09	1.00e+00
 3.89000e+12	1.69e-18	4.12e-09	1.00e+00
 4.05234e+12	1.92e-18	4.48e-09	1.00e+00
 4.18925e+12	2.13e-18	4.78e-09	1.00e+00
 4.33990e+12	2.38e-18	5.14e-09	1.00e+00
 4.51007e+12	2.69e-18	5.55e-09	1.00e+00
 4.67317e+12	3.02e-18	5.96e-09	1.00e+00
 4.85276e+12	3.42e-18	6.43e-09	1.00e+00
 5.05225e+12	3.91e-18	6.98e-09	1.00e+00
 5.23922e+12	4.43e-18	7.51e-09	1.00e+00
 5.44390e+12	5.05e-18	8.11e-09	1.00e+00
 5.67416e+12	5.84e-18	8.82e-09	1.00e+00
 5.89427e+12	6.67e-18	9.53e-09	1.00e+00
 6.09783e+12	7.53e-18	1.02e-08	1.00e+00
 6.32331e+12	8.57e-18	1.10e-08	1.00e+00
 6.57608e+12	9.88e-18	1.19e-08	1.00e+00
 6.81497e+12	1.13e-17	1.28e-08	1.00e+00
 7.07620e+12	1.29e-17	1.38e-08	1.00e+00
 7.36523e+12	1.50e-17	1.50e-08	1.00e+00
 7.63351e+12	1.72e-17	1.61e-08	1.00e+00
 7.92537e+12	1.97e-17	1.74e-08	1.00e+00
 8.25180e+12	2.30e-17	1.89e-08	1.00e+00
 8.55979e+12	2.64e-17	2.03e-08	1.00e+00
 8.89542e+12	3.06e-17	2.19e-08	1.00e+00
 9.26966e+12	3.59e-17	2.39e-08	1.00e+00
 9.62459e+12	4.15e-17	2.58e-08	1.00e+00
 1.00052e+13	4.82e-17	2.79e-08	1.00e+00
 1.04354e+13	5.67e-17	3.03e-08	1.00e+00
 1.08600e+13	6.62e-17	3.29e-08	1.00e+00
 1.13016e+13	7.74e-17	3.56e-08	1.00e+00
 1.17836e+13	9.11e-17	3.88e-08	1.00e+00
 1.22849e+13	1.07e-16	4.22e-08	1.00e+00
 1.28062e+13	1.26e-16	4.59e-08	1.00e+00
 1.33172e+13	1.47e-16	4.96e-08	1.00e+00
 1.37914e+13	1.69e-16	5.33e-08	1.00e+00
 1.43157e+13	1.96e-16	5.74e-08	1.00e+00
 1.48548e+13	2.26e-16	6.19e-08	1.00e+00
 1.53051e+13	2.55e-16	6.57e-08	1.00e+00
 1.57800e+13	2.87e-16	6.98e-08	1.00e+00
 1.63843e+13	3.33e-16	7.53e-08	1.00e+00
 1.70158e+13	3.87e-16	8.12e-08	1.00e+00
 1.75747e+13	4.39e-16	8.66e-08	1.00e+00
 1.81808e+13	5.01e-16	9.26e-08	1.00e+00
 1.88571e+13	5.79e-16	9.96e-08	1.00e+00
 1.94908e+13	6.59e-16	1.06e-07	1.00e+00
 2.01807e+13	7.55e-16	1.14e-07	1.00e+00
 2.09482e+13	8.75e-16	1.23e-07	1.00e+00
 2.16646e+13	9.98e-16	1.31e-07	1.00e+00
 2.24438e+13	1.15e-15	1.41e-07	1.00e+00
 2.33142e+13	1.33e-15	1.52e-07	1.00e+00
 2.41331e+13	1.52e-15	1.62e-07	1.00e+00
 2.50275e+13	1.76e-15	1.74e-07	1.00e+00
 2.60269e+13	2.05e-15	1.88e-07	1.00e+00
 2.69701e+13	2.35e-15	2.02e-07	1.00e+00
 2.79825e+13	2.72e-15	2.17e-07	1.00e+00
 2.91318e+13	3.18e-15	2.35e-07	1.00e+00
 3.02596e+13	3.69e-15	2.54e-07	1.00e+00
 3.14326e+13	4.28e-15	2.73e-07	1.00e+00
 3.27198e+13	5.01e-15	2.96e-07	1.00e+00
 3.40234e+13	5.84e-15	3.20e-07	1.00e+00
 3.53791e+13	6.81e-15	3.45e-07	1.00e+00
 3.67397e+13	7.89e-15	3.72e-07	1.00e+00
 3.80244e+13	9.03e-15	3.98e-07	1.00e+00
 3.94449e+13	1.04e-14	4.28e-07	1.00e+00
 4.08675e+13	1.20e-14	4.60e-07	1.00e+00
 4.20416e+13	1.34e-14	4.86e-07	1.00e+00
 4.32829e+13	1.50e-14	5.15e-07	1.00e+00
 4.48791e+13	1.73e-14	5.54e-07	1.00e+00
 4.65593e+13	2.00e-14	5.96e-07	1.00e+00
 4.80388e+13	2.27e-14	6.35e-07	1.00e+00
 4.96348e+13	2.58e-14	6.78e-07	1.00e+00
 5.15625e+13	3.00e-14	7.32e-07	1.00e+00
 5.35194e+13	3.48e-14	7.89e-07	1.00e+00
 5.53418e+13	3.97e-14	8.44e-07	1.00e+00
 5.73725e+13	4.58e-14	9.08e-07	1.00e+00
 5.95389e+13	5.31e-14	9.80e-07	1.00e+00
 6.14647e+13	6.02e-14	1.05e-06	1.00e+00
 6.35327e+13	6.87e-14	1.12e-06	1.00e+00
 6.60105e+13	8.00e-14	1.21e-06	1.00e+00
 6.84467e+13	9.24e-14	1.30e-06	1.00e+00
 7.06126e+13	1.05e-13	1.39e-06	1.00e+00
 7.30016e+13	1.19e-13	1.49e-06	1.00e+00
 7.58539e+13	1.39e-13	1.61e-06	1.00e+00
 7.86878e+13	1.61e-13	1.73e-06	1.00e+00
 8.12740e+13	1.83e-13	1.85e-06	1.00e+00
 8.41585e+13	2.10e-13	1.99e-06	1.00e+00
 8.75196e+13	2.45e-13	2.16e-06	1.00e+00
 9.08220e+13	2.84e-13	2.33e-06	1.00e+00
 9.39361e+13	3.24e-13	2.50e-06	1.00e+00
 9.74031e+13	3.74e-13	2.69e-06	1.00e+00
 1.01329e+14	4.37e-13	2.92e-06	1.00e+00
 1.05255e+14	5.07e-13	3.15e-06	1.00e+00
 1.08930e+14	5.79e-13	3.38e-06	1.00e+00
 1.12909e+14	6.66e-13	3.64e-06	1.00e+00
 1.17363e+14	7.73e-13	3.94e-06	1.00e+00
 1.21527e+14	8.84e-13	4.23e-06	1.00e+00
 1.25386e+14	9.97e-13	4.51e-06	1.00e+00
 1.29101e+14	1.12e-12	4.79e-06	1.00e+00
 1.33228e+14	1.26e-12	5.10e-06	1.00e+00
 1.37797e+14	1.43e-12	5.47e-06	1.00e+00
 1.42054e+14	1.61e-12	5.81e-06	1.00e+00
 1.46703e+14	1.81e-12	6.21e-06	1.00e+00
 1.51935e+14	2.07e-12	6.67e-06	1.00e+00
 1.56920e+14	2.34e-12	7.12e-06	1.00e+00
 1.62398e+14	2.66e-12	7.63e-06	1.00e+00
 1.68433e+14	3.05e-12	8.22e-06	1.00e+00
 1.73983e+14	3.44e-12	8.78e-06	1.00e+00
 1.79986e+14	3.90e-12	9.40e-06	1.00e+00
 1.86704e+14	4.47e-12	1.01e-05	1.00e+00
 1.93030e+14	5.05e-12	1.08e-05	1.00e+00
 1.99933e+14	5.76e-12	1.16e-05	1.00e+00
 2.07600e+14	6.62e-12	1.26e-05	1.00e+00
 2.14751e+14	7.50e-12	1.35e-05	1.00e+00
 2.22516e+14	8.55e-12	1.45e-05	1.00e+00
 2.31202e+14	9.86e-12	1.57e-05	1.00e+00
 2.39449e+14	1.12e-11	1.69e-05	1.00e+00
 2.48269e+14	1.28e-11	1.82e-05	1.00e+00
 2.58229e+14	1.49e-11	1.97e-05	1.00e+00
 2.68038e+14	1.71e-11	2.13e-05	1.00e+00
 2.78240e+14	1.97e-11	2.30e-05	1.00e+00
 2.89399e+14	2.28e-11	2.50e-05	1.00e+00
 3.00418e+14	2.63e-11	2.71e-05	1.00e+00
 3.09567e+14	2.95e-11	2.88e-05	1.00e+00
 3.16946e+14	3.23e-11	3.03e-05	1.00e+00
 3.25132e+14	3.56e-11	3.20e-05	1.00e+00
 3.35773e+14	4.04e-11	3.43e-05	1.00e+00
 3.47185e+14	4.60e-11	3.68e-05	1.00e+00
 3.57315e+14	5.15e-11	3.92e-05	1.00e+00
 3.68197e+14	5.80e-11	4.18e-05	1.00e+00
 3.81851e+14	6.70e-11	4.53e-05	1.00e+00
 3.95699e+14	7.73e-11	4.90e-05	1.00e+00
 4.07672e+14	8.71e-11	5.23e-05	1.00e+00
 4.20614e+14	9.90e-11	5.61e-05	1.00e+00
 4.36503e+14	1.15e-10	6.09e-05	1.00e+00
 4.52615e+14	1.34e-10	6.60e-05	1.00e+00
 4.66976e+14	1.52e-10	7.07e-05	1.00e+00
 4.82671e+14	1.75e-10	7.62e-05	1.00e+00
 5.01387e+14	2.05e-10	8.30e-05	1.00e+00
 5.19871e+14	2.38e-10	9.00e-05	1.00e+00
 5.36584e+14	2.72e-10	9.67e-05	1.00e+00
 5.55154e+14	3.15e-10	1.04e-04	1.00e+00
 5.76979e+14	3.71e-10	1.14e-04	1.00e+00
 5.98488e+14	4.33e-10	1.24e-04	1.00e+00
 6.18491e+14	4.99e-10	1.33e-04	1.00e+00
 6.40894e+14	5.81e-10	1.44e-04	1.00e+00
 6.66560e+14	6.89e-10	1.58e-04	1.00e+00
 6.91852e+14	8.09e-10	1.72e-04	1.00e+00
 7.18156e+14	9.51e-10	1.87e-04	1.00e+00
 7.42098e+14	1.10e-09	2.01e-04	1.00e+00
 7.59965e+14	1.21e-09	2.12e-04	1.00e+00
 7.78415e+14	1.35e-09	2.24e-04	1.00e+00
 8.02400e+14	1.54e-09	2.40e-04	1.00e+00
 8.28467e+14	1.76e-09	2.58e-04	1.00e+00
 8.52055e+14	1.99e-09	2.75e-04	1.00e+00
 8.77532e+14	2.27e-09	2.93e-04	1.00e+00
 9.09785e+14	2.65e-09	3.18e-04	1.00e+00
 9.42276e+14	3.09e-09	3.44e-04	1.00e+00
 9.69601e+14	3.49e-09	3.67e-04	1.00e+00
 9.98781e+14	3.97e-09	3.92e-04	1.00e+00
 1.03560e+15	4.65e-09	4.25e-04	1.00e+00
 1.07418e+15	5.45e-09	4.60e-04	1.00e+00
 1.10897e+15	6.25e-09	4.94e-04	1.00e+00
 1.14697e+15	7.24e-09	5.32e-04	9.99e-01
 1.19184e+15	8.54e-09	5.79e-04	9.99e-01
 1.23578e+15	9.99e-09	6.27e-04	9.99e-01
 1.27604e+15	1.15e-08	6.73e-04	9.99e-01
 1.32133e+15	1.33e-08	7.26e-04	9.99e-01
 1.37388e+15	1.58e-08	7.91e-04	9.99e-01
 1.42539e+15	1.85e-08	8.57e-04	9.99e-01
 1.47400e+15	2.13e-08	9.21e-04	9.99e-01
 1.52802e+15	2.48e-08	9.96e-04	9.99e-01
 1.57959e+15	2.86e-08	1.07e-03	9.99e-01
 1.61820e+15	3.17e-08	1.13e-03	9.99e-01
 1.65732e+15	3.51e-08	1.19e-03	9.99e-01
 1.70819e+15	3.99e-08	1.27e-03	9.99e-01
 1.76333e+15	4.57e-08	1.36e-03	9.99e-01
 1.81283e+15	5.13e-08	1.44e-03	9.99e-01
 1.86596e+15	5.79e-08	1.53e-03	9.98e-01
 1.93392e+15	6.74e-08	1.65e-03	9.98e-01
 2.00258e+15	7.80e-08	1.78e-03	9.98e-01
 2.05958e+15	8.76e-08	1.89e-03	9.98e-01
 2.12002e+15	9.89e-08	2.00e-03	9.98e-01
 2.19728e+15	1.15e-07	2.16e-03	9.98e-01
 2.27820e+15	1.33e-07	2.33e-03	9.98e-01
 2.34912e+15	1.51e-07	2.49e-03	9.98e-01
 2.42523e+15	1.72e-07	2.66e-03	9.97e-01
 2.51763e+15	2.01e-07	2.88e-03	9.97e-01
 2.60899e+15	2.33e-07	3.10e-03	9.97e-01
 2.68933e+15	2.64e-07	3.30e-03	9.97e-01
 2.77755e+15	3.02e-07	3.53e-03	9.96e-01
 2.87486e+15	3.49e-07	3.79e-03	9.96e-01
 2.96451e+15	3.95e-07	4.04e-03	9.96e-01
 3.04144e+15	4.39e-07	4.26e-03	9.96e-01
 3.12132e+15	4.89e-07	4.50e-03	9.96e-01
 3.21090e+15	5.50e-07	4.77e-03	9.95e-01
 3.29614e+15	6.12e-07	5.04e-03	9.95e-01
 3.39000e+15	6.88e-07	5.35e-03	9.95e-01
 3.49230e+15	7.77e-07	5.69e-03	9.94e-01
 3.58637e+15	8.66e-07	6.01e-03	9.94e-01
 3.68944e+15	9.75e-07	6.38e-03	9.94e-01
 3.80342e+15	1.10e-06	6.80e-03	9.93e-01
 3.91114e+15	1.24e-06	7.21e-03	9.93e-01
 4.03075e+15	1.41e-06	7.70e-03	9.92e-01
 4.16021e+15	1.60e-06	8.23e-03	9.92e-01
 4.27645e+15	1.79e-06	8.72e-03	9.91e-01
 4.40152e+15	2.02e-06	9.30e-03	9.91e-01
 4.53991e+15	2.30e-06	9.95e-03	9.90e-01
 4.66894e+15	2.58e-06	1.06e-02	9.89e-01
 4.81001e+15	2.93e-06	1.13e-02	9.89e-01
 4.96318e+15	3.34e-06	1.22e-02	9.88e-01
 5.09470e+15	3.72e-06	1.29e-02	9.87e-01
 5.20916e+15	4.08e-06	1.36e-02	9.86e-01
 5.33884e+15	4.55e-06	1.44e-02	9.86e-01
 5.48542e+15	5.12e-06	1.54e-02	9.85e-01
 5.62182e+15	5.69e-06	1.64e-02	9.84e-01
 5.74627e+15	6.27e-06	1.73e-02	9.83e-01
 5.88733e+15	7.03e-06	1.85e-02	9.81e-01
 6.04085e+15	7.92e-06	1.99e-02	9.80e-01
 6.17897e+15	8.78e-06	2.12e-02	9.79e-01
 6.30470e+15	9.67e-06	2.25e-02	9.78e-01
 6.44594e+15	1.08e-05	2.41e-02	9.76e-01
 6.60217e+15	1.23e-05	2.60e-02	9.74e-01
 6.74492e+15	1.37e-05	2.79e-02	9.72e-01
 6.87652e+15	1.52e-05	2.99e-02	9.70e-01
 7.02655e+15	1.73e-05	3.25e-02	9.68e-01
 7.18699e+15	1.98e-05	3.55e-02	9.64e-01
 7.32561e+15	2.22e-05	3.84e-02	9.62e-01
 7.45064e+15	2.48e-05	4.15e-02	9.58e-01
 7.59337e+15	2.84e-05	4.55e-02	9.54e-01
 7.74632e+15	3.29e-05	5.04e-02	9.50e-01
 7.87360e+15	3.72e-05	5.50e-02	9.45e-01
 7.97935e+15	4.16e-05	5.95e-02	9.40e-01
 8.09607e+15	4.73e-05	6.53e-02	9.35e-01
 8.22287e+15	5.49e-05	7.25e-02	9.27e-01
 8.33141e+15	6.23e-05	7.97e-02	9.20e-01
 8.41408e+15	6.90e-05	8.60e-02	9.14e-01
 8.48235e+15	7.55e-05	9.18e-02	9.08e-01
 8.55892e+15	8.33e-05	9.93e-02	9.01e-01
 8.65846e+15	9.62e-05	1.10e-01	8.90e-01
 8.75313e+15	1.11e-04	1.23e-01	8.77e-01
 8.81829e+15	1.24e-04	1.32e-01	8.68e-01
 8.86703e+15	1.34e-04	1.40e-01	8.60e-01
 8.91758e+15	1.45e-04	1.49e-01	8.50e-01
 8.98331e+15	1.64e-04	1.63e-01	8.37e-01
 9.04768e+15	1.83e-04	1.78e-01	8.22e-01
 9.11030e+15	2.06e-04	1.94e-01	8.06e-01
 9.17618e+15	2.34e-04	2.13e-01	7.86e-01
 9.23182e+15	2.64e-04	2.32e-01	7.68e-01
 9.27661e+15	2.89e-04	2.48e-01	7.52e-01
 9.32178e+15	3.16e-04	2.66e-01	7.34e-01
 9.38050e+15	3.60e-04	2.92e-01	7.07e-01
 9.44209e+15	4.14e-04	3.22e-01	6.77e-01
 9.49019e+15	4.59e-04	3.47e-01	6.52e-01
 9.53550e+15	5.07e-04	3.74e-01	6.25e-01
 9.59439e+15	5.83e-04	4.11e-01	5.88e-01
 9.65151e+15	6.59e-04	4.48e-01	5.51e-01
 9.69632e+15	7.24e-04	4.79e-01	5.21e-01
 9.74459e+15	8.04e-04	5.14e-01	4.85e-01
 9.80735e+15	9.15e-04	5.59e-01	4.40e-01
 9.86114e+15	1.01e-03	5.97e-01	4.02e-01
 9.89228e+15	1.07e-03	6.18e-01	3.81e-01
 9.92179e+15	1.13e-03	6.39e-01	3.60e-01
 9.96014e+15	1.21e-03	6.66e-01	3.33e-01
 1.00100e+16	1.32e-03	6.99e-01	3.00e-01
 1.00601e+16	1.43e-03	7.28e-01	2.70e-01
 1.01004e+16	1.51e-03	7.51e-01	2.48e-01
 1.01426e+16	1.61e-03	7.74e-01	2.25e-01
 1.01973e+16	1.74e-03	8.00e-01	1.98e-01
 1.02519e+16	1.86e-03	8.23e-01	1.75e-01
 1.02945e+16	1.95e-03	8.39e-01	1.59e-01
 1.03381e+16	2.06e-03	8.55e-01	1.43e-01
 1.03948e+16	2.20e-03	8.73e-01	1.25e-01
 1.04516e+16	2.34e-03	8.87e-01	1.10e-01
 1.04955e+16	2.45e-03	8.98e-01	1.00e-01
 1.05397e+16	2.57e-03	9.07e-01	9.01e-02
 1.05971e+16	2.72e-03	9.18e-01	7.91e-02
 1.06538e+16	2.89e-03	9.27e-01	7.01e-02
 1.06964e+16	3.02e-03	9.33e-01	6.42e-02
 1.07388e+16	3.16e-03	9.38e-01	5.84e-02
 1.07939e+16	3.34e-03	9.45e-01	5.19e-02
 1.08486e+16	3.55e-03	9.50e-01	4.66e-02
 1.08901e+16	3.71e-03	9.53e-01	4.30e-02
 1.09313e+16	3.89e-03	9.57e-01	3.94e-02
 1.09848e+16	4.14e-03	9.60e-01	3.54e-02
 1.10384e+16	4.41e-03	9.64e-01	3.20e-02
 1.10787e+16	4.64e-03	9.66e-01	2.98e-02
 1.11125e+16	4.84e-03	9.67e-01	2.79e-02
 1.11511e+16	5.10e-03	9.69e-01	2.59e-02
 1.12013e+16	5.45e-03	9.71e-01	2.36e-02
 1.12519e+16	5.87e-03	9.73e-01	2.16e-02
 1.12910e+16	6.22e-03	9.74e-01	2.02e-02
 1.13247e+16	6.56e-03	9.74e-01	1.90e-02
 1.13633e+16	6.97e-03	9.75e-01	1.78e-02
 1.14134e+16	7.59e-03	9.76e-01	1.62e-02
 1.14649e+16	8.34e-03	9.77e-01	1.49e-02
 1.15060e+16	9.04e-03	9.77e-01	1.39e-02
 1.15409e+16	9.71e-03	9.77e-01	1.32e-02
 1.15799e+16	1.06e-02	9.77e-01	1.23e-02
 1.16233e+16	1.17e-02	9.77e-01	1.15e-02
 1.16623e+16	1.29e-02	9.76e-01	1.08e-02
 1.16955e+16	1.40e-02	9.76e-01	1.02e-02
 1.17247e+16	1.53e-02	9.75e-01	9.79e-03
 1.17506e+16	1.65e-02	9.74e-01	9.40e-03
 1.17794e+16	1.81e-02	9.73e-01	8.97e-03
 1.18100e+16	2.00e-02	9.71e-01	8.56e-03
 1.18352e+16	2.20e-02	9.70e-01	8.23e-03
 1.18555e+16	2.37e-02	9.68e-01	8.00e-03
 1.18771e+16	2.59e-02	9.66e-01	7.72e-03
 1.19010e+16	2.86e-02	9.64e-01	7.46e-03
 1.19225e+16	3.16e-02	9.61e-01	7.24e-03
 1.19409e+16	3.44e-02	9.58e-01	7.07e-03
 1.19581e+16	3.76e-02	9.56e-01	6.90e-03
 1.19777e+16	4.16e-02	9.52e-01	6.72e-03
 1.19988e+16	4.67e-02	9.47e-01	6.56e-03
 1.20168e+16	5.21e-02	9.41e-01	6.42e-03
 1.20320e+16	5.71e-02	9.37e-01	6.34e-03
 1.20483e+16	6.35e-02	9.30e-01	6.23e-03
 1.20662e+16	7.15e-02	9.22e-01	6.15e-03
 1.20824e+16	8.02e-02	9.14e-01	6.09e-03
 1.20963e+16	8.89e-02	9.05e-01	6.05e-03
 1.21092e+16	9.80e-02	8.96e-01	6.03e-03
 1.21213e+16	1.08e-01	8.86e-01	6.01e-03
 1.21325e+16	1.18e-01	8.76e-01	6.01e-03
 1.21432e+16	1.29e-01	8.65e-01	6.01e-03
 1.21538e+16	1.41e-01	8.53e-01	6.04e-03
 1.21639e+16	1.53e-01	8.41e-01	6.05e-03
 1.21728e+16	1.65e-01	8.28e-01	6.08e-03
 1.21794e+16	1.75e-01	8.19e-01	6.11e-03
 1.21838e+16	1.82e-01	8.12e-01	6.13e-03
 1.21878e+16	1.89e-01	8.05e-01	6.14e-03
 1.21926e+16	1.97e-01	7.97e-01	6.15e-03
 1.21979e+16	2.07e-01	7.87e-01	6.16e-03
 1.22029e+16	2.16e-01	7.78e-01	6.19e-03
 1.22077e+16	2.25e-01	7.69e-01	6.22e-03
 1.22124e+16	2.35e-01	7.59e-01	6.23e-03
 1.22171e+16	2.45e-01	7.49e-01	6.26e-03
 1.22218e+16	2.56e-01	7.38e-01	6.27e-03
 1.22264e+16	2.66e-01	7.28e-01	6.29e-03
 1.22310e+16	2.77e-01	7.16e-01	6.31e-03
 1.22355e+16	2.89e-01	7.05e-01	6.33e-03
 1.22401e+16	3.01e-01	6.93e-01	6.34e-03
 1.22446e+16	3.13e-01	6.81e-01	6.36e-03
 1.22491e+16	3.26e-01	6.68e-01	6.37e-03
 1.22535e+16	3.38e-01	6.55e-01	6.39e-03
 1.22580e+16	3.52e-01	6.42e-01	6.39e-03
 1.22625e+16	3.66e-01	6.28e-01	6.39e-03
 1.22668e+16	3.80e-01	6.14e-01	6.39e-03
 1.22711e+16	3.94e-01	6.00e-01	6.39e-03
 1.22755e+16	4.08e-01	5.85e-01	6.39e-03
 1.22798e+16	4.23e-01	5.71e-01	6.38e-03
 1.22842e+16	4.38e-01	5.55e-01	6.36e-03
 1.22885e+16	4.53e-01	5.40e-01	6.34e-03
 1.22928e+16	4.69e-01	5.24e-01	6.31e-03
 1.22971e+16	4.85e-01	5.09e-01	6.29e-03
 1.23014e+16	5.01e-01	4.93e-01	6.24e-03
 1.23056e+16	5.16e-01	4.78e-01	6.21e-03
 1.23098e+16	5.32e-01	4.62e-01	6.15e-03
 1.23139e+16	5.48e-01	4.46e-01	6.09e-03
 1.23181e+16	5.64e-01	4.30e-01	6.03e-03
 1.23223e+16	5.79e-01	4.15e-01	5.96e-03
 1.23265e+16	5.95e-01	3.99e-01	5.89e-03
 1.23305e+16	6.10e-01	3.84e-01	5.80e-03
 1.23346e+16	6.25e-01	3.69e-01	5.71e-03
 1.23387e+16	6.40e-01	3.54e-01	5.62e-03
 1.23429e+16	6.55e-01	3.40e-01	5.51e-03
 1.23470e+16	6.69e-01	3.26e-01	5.42e-03
 1.23512e+16	6.83e-01	3.12e-01	5.29e-03
 1.23554e+16	6.97e-01	2.98e-01	5.18e-03
 1.23597e+16	7.11e-01	2.84e-01	5.04e-03
 1.23640e+16	7.24e-01	2.71e-01	4.91e-03
 1.23685e+16	7.37e-01	2.58e-01	4.76e-03
 1.23731e+16	7.50e-01	2.45e-01	4.62e-03
 1.23778e+16	7.63e-01	2.33e-01	4.47e-03
 1.23825e+16	7.75e-01	2.21e-01	4.32e-03
 1.23875e+16	7.86e-01	2.10e-01	4.16e-03
 1.23927e+16	7.98e-01	1.98e-01	4.00e-03
 1.23983e+16	8.08e-01	1.88e-01	3.84e-03
 1.24041e+16	8.19e-01	1.77e-01	3.67e-03
 1.24095e+16	8.28e-01	1.69e-01	3.53e-03
 1.24141e+16	8.34e-01	1.62e-01	3.42e-03
 1.24186e+16	8.41e-01	1.56e-01	3.30e-03
 1.24236e+16	8.47e-01	1.50e-01	3.19e-03
 1.24289e+16	8.53e-01	1.44e-01	3.08e-03
 1.24344e+16	8.58e-01	1.39e-01	2.97e-03
 1.24401e+16	8.63e-01	1.34e-01	2.87e-03
 1.24460e+16	8.67e-01	1.30e-01	2.78e-03
 1.24522e+16	8.72e-01	1.26e-01	2.69e-03
 1.24589e+16	8.76e-01	1.22e-01	2.61e-03
 1.24661e+16	8.79e-01	1.18e-01	2.52e-03
 1.24738e+16	8.82e-01	1.15e-01	2.45e-03
 1.24825e+16	8.86e-01	1.12e-01	2.36e-03
 1.24917e+16	8.88e-01	1.09e-01	2.29e-03
 1.25017e+16	8.91e-01	1.07e-01	2.22e-03
 1.25129e+16	8.93e-01	1.05e-01	2.15e-03
 1.25251e+16	8.95e-01	1.02e-01	2.08e-03
 1.25382e+16	8.98e-01	1.00e-01	2.01e-03
 1.25520e+16	9.00e-01	9.85e-02	1.95e-03
 1.25664e+16	9.01e-01	9.68e-02	1.88e-03
 1.25814e+16	9.03e-01	9.51e-02	1.82e-03
 1.25969e+16	9.05e-01	9.35e-02	1.76e-03
 1.26126e+16	9.06e-01	9.19e-02	1.70e-03
 1.26285e+16	9.08e-01	9.04e-02	1.64e-03
 1.26441e+16	9.09e-01	8.90e-02	1.59e-03
 1.26597e+16	9.11e-01	8.76e-02	1.54e-03
 1.26753e+16	9.12e-01	8.62e-02	1.49e-03
 1.26911e+16	9.14e-01	8.49e-02	1.44e-03
 1.27068e+16	9.15e-01	8.36e-02	1.39e-03
 1.27225e+16	9.16e-01	8.23e-02	1.35e-03
 1.27381e+16	9.18e-01	8.10e-02	1.30e-03
 1.27538e+16	9.19e-01	7.98e-02	1.26e-03
 1.27696e+16	9.20e-01	7.86e-02	1.22e-03
 1.27856e+16	9.21e-01	7.74e-02	1.18e-03
 1.28017e+16	9.23e-01	7.62e-02	1.14e-03
 1.28180e+16	9.24e-01	7.50e-02	1.11e-03
 1.28351e+16	9.25e-01	7.37e-02	1.07e-03
 1.28529e+16	9.27e-01	7.25e-02	1.03e-03
 1.28715e+16	9.28e-01	7.12e-02	9.92e-04
 1.28910e+16	9.29e-01	6.98e-02	9.53e-04
 1.29117e+16	9.31e-01	6.85e-02	9.14e-04
 1.29343e+16	9.32e-01	6.70e-02	8.72e-04
 1.29594e+16	9.34e-01	6.54e-02	8.29e-04
 1.29885e+16	9.36e-01	6.35e-02	7.80e-04
 1.30200e+16	9.38e-01	6.16e-02	7.32e-04
 1.30500e+16	9.39e-01	5.99e-02	6.90e-04
 1.30772e+16	9.41e-01	5.84e-02	6.54e-04
 1.31019e+16	9.42e-01	5.71e-02	6.23e-04
 1.31243e+16	9.44e-01	5.59e-02	5.96e-04
 1.31448e+16	9.45e-01	5.48e-02	5.72e-04
 1.31634e+16	9.46e-01	5.39e-02	5.51e-04
 1.31803e+16	9.47e-01	5.30e-02	5.32e-04
 1.31957e+16	9.47e-01	5.22e-02	5.16e-04
 1.32126e+16	9.48e-01	5.13e-02	4.98e-04
 1.32346e+16	9.49e-01	5.02e-02	4.76e-04
 1.32583e+16	9.50e-01	4.91e-02	4.54e-04
 1.32798e+16	9.52e-01	4.81e-02	4.34e-04
 1.32995e+16	9.52e-01	4.71e-02	4.17e-04
 1.33173e+16	9.53e-01	4.63e-02	4.02e-04
 1.33336e+16	9.54e-01	4.56e-02	3.89e-04
 1.33484e+16	9.55e-01	4.49e-02	3.77e-04
 1.33618e+16	9.55e-01	4.43e-02	3.66e-04
 1.33766e+16	9.56e-01	4.36e-02	3.54e-04
 1.33925e+16	9.57e-01	4.30e-02	3.43e-04
 1.34070e+16	9.57e-01	4.23e-02	3.32e-04
 1.34202e+16	9.58e-01	4.17e-02	3.23e-04
 1.34321e+16	9.58e-01	4.12e-02	3.15e-04
 1.34453e+16	9.59e-01	4.06e-02	3.05e-04
 1.34595e+16	9.60e-01	4.00e-02	2.96e-04
 1.34724e+16	9.60e-01	3.95e-02	2.88e-04
 1.34842e+16	9.61e-01	3.90e-02	2.80e-04
 1.34970e+16	9.61e-01	3.84e-02	2.72e-04
 1.35109e+16	9.62e-01	3.79e-02	2.64e-04
 1.35236e+16	9.62e-01	3.73e-02	2.57e-04
 1.35351e+16	9.63e-01	3.69e-02	2.50e-04
 1.35477e+16	9.63e-01	3.64e-02	2.43e-04
 1.35613e+16	9.64e-01	3.58e-02	2.36e-04
 1.35737e+16	9.64e-01	3.53e-02	2.29e-04
 1.35850e+16	9.65e-01	3.49e-02	2.23e-04
 1.35974e+16	9.65e-01	3.44e-02	2.17e-04
 1.36107e+16	9.66e-01	3.39e-02	2.10e-04
 1.36229e+16	9.66e-01	3.34e-02	2.05e-04
 1.36339e+16	9.67e-01	3.30e-02	2.00e-04
 1.36460e+16	9.67e-01	3.26e-02	1.94e-04
 1.36591e+16	9.68e-01	3.21e-02	1.88e-04
 1.36710e+16	9.68e-01	3.17e-02	1.83e-04
 1.36818e+16	9.69e-01	3.13e-02	1.79e-04
 1.36937e+16	9.69e-01	3.09e-02	1.74e-04
 1.37065e+16	9.69e-01	3.05e-02	1.69e-04
 1.37181e+16	9.70e-01	3.01e-02	1.65e-04
 1.37287e+16	9.70e-01	2.97e-02	1.61e-04
 1.37404e+16	9.71e-01	2.93e-02	1.56e-04
 1.37529e+16	9.71e-01	2.89e-02	1.52e-04
 1.37643e+16	9.71e-01	2.86e-02	1.49e-04
 1.37768e+16	9.72e-01	2.82e-02	1.44e-04
 1.37903e+16	9.72e-01	2.78e-02	1.40e-04
 1.38026e+16	9.72e-01	2.74e-02	1.37e-04
 1.38161e+16	9.73e-01	2.70e-02	1.33e-04
 1.38306e+16	9.73e-01	2.66e-02	1.29e-04
 1.38439e+16	9.74e-01	2.62e-02	1.25e-04
 1.38559e+16	9.74e-01	2.59e-02	1.22e-04
 1.38691e+16	9.74e-01	2.55e-02	1.19e-04
 1.38833e+16	9.75e-01	2.52e-02	1.15e-04
 1.38963e+16	9.75e-01	2.48e-02	1.12e-04
 1.39105e+16	9.75e-01	2.45e-02	1.09e-04
 1.39258e+16	9.76e-01	2.41e-02	1.05e-04
 1.39398e+16	9.76e-01	2.37e-02	1.03e-04
 1.39525e+16	9.76e-01	2.34e-02	9.99e-05
 1.39664e+16	9.77e-01	2.31e-02	9.70e-05
 1.39814e+16	9.77e-01	2.28e-02	9.42e-05
 1.39951e+16	9.77e-01	2.24e-02	9.17e-05
 1.40101e+16	9.78e-01	2.21e-02	8.88e-05
 1.40262e+16	9.78e-01	2.18e-02	8.61e-05
 1.40409e+16	9.78e-01	2.14e-02	8.37e-05
 1.40571e+16	9.79e-01	2.11e-02	8.10e-05
 1.40745e+16	9.79e-01	2.07e-02	7.83e-05
 1.40903e+16	9.79e-01	2.04e-02	7.60e-05
 1.41047e+16	9.80e-01	2.01e-02	7.39e-05
 1.41205e+16	9.80e-01	1.98e-02	7.16e-05
 1.41376e+16	9.80e-01	1.95e-02	6.94e-05
 1.41531e+16	9.81e-01	1.92e-02	6.75e-05
 1.41701e+16	9.81e-01	1.89e-02	6.52e-05
 1.41885e+16	9.81e-01	1.86e-02	6.31e-05
 1.42052e+16	9.82e-01	1.83e-02	6.12e-05
 1.42235e+16	9.82e-01	1.80e-02	5.91e-05
 1.42432e+16	9.82e-01	1.77e-02	5.71e-05
 1.42612e+16	9.83e-01	1.74e-02	5.53e-05
 1.42776e+16	9.83e-01	1.71e-02	5.37e-05
 1.42955e+16	9.83e-01	1.69e-02	5.19e-05
 1.43149e+16	9.83e-01	1.66e-02	5.02e-05
 1.43325e+16	9.84e-01	1.63e-02	4.87e-05
 1.43518e+16	9.84e-01	1.60e-02	4.70e-05
 1.43727e+16	9.84e-01	1.57e-02	4.53e-05
 1.43916e+16	9.84e-01	1.55e-02	4.39e-05
 1.44124e+16	9.85e-01	1.52e-02	4.23e-05
 1.44348e+16	9.85e-01	1.49e-02	4.08e-05
 1.44553e+16	9.85e-01	1.47e-02	3.94e-05
 1.44776e+16	9.86e-01	1.44e-02	3.79e-05
 1.45018e+16	9.86e-01	1.41e-02	3.64e-05
 1.45238e+16	9.86e-01	1.38e-02	3.51e-05
 1.45438e+16	9.86e-01	1.36e-02	3.40e-05
 1.45657e+16	9.87e-01	1.34e-02	3.28e-05
 1.45894e+16	9.87e-01	1.31e-02	3.16e-05
 1.46109e+16	9.87e-01	1.29e-02	3.05e-05
 1.46345e+16	9.87e-01	1.26e-02	2.94e-05
 1.46600e+16	9.88e-01	1.24e-02	2.82e-05
 1.46831e+16	9.88e-01	1.22e-02	2.73e-05
 1.47085e+16	9.88e-01	1.19e-02	2.62e-05
 1.47360e+16	9.88e-01	1.17e-02	2.51e-05
 1.47609e+16	9.89e-01	1.15e-02	2.42e-05
 1.47883e+16	9.89e-01	1.12e-02	2.32e-05
 1.48178e+16	9.89e-01	1.10e-02	2.22e-05
 1.48447e+16	9.89e-01	1.07e-02	2.13e-05
 1.48741e+16	9.89e-01	1.05e-02	2.04e-05
 1.49059e+16	9.90e-01	1.03e-02	1.95e-05
 1.49348e+16	9.90e-01	1.00e-02	1.87e-05
 1.49665e+16	9.90e-01	9.81e-03	1.78e-05
 1.50007e+16	9.90e-01	9.57e-03	1.70e-05
 1.50318e+16	9.91e-01	9.37e-03	1.63e-05
 1.50660e+16	9.91e-01	9.14e-03	1.55e-05
 1.51028e+16	9.91e-01	8.90e-03	1.47e-05
 1.51363e+16	9.91e-01	8.70e-03	1.41e-05
 1.51730e+16	9.92e-01	8.48e-03	1.34e-05
 1.52127e+16	9.92e-01	8.26e-03	1.27e-05
 1.52488e+16	9.92e-01	8.06e-03	1.21e-05
 1.52883e+16	9.92e-01	7.84e-03	1.14e-05
 1.53310e+16	9.92e-01	7.62e-03	1.08e-05
 1.53698e+16	9.93e-01	7.44e-03	1.03e-05
 1.54124e+16	9.93e-01	7.23e-03	9.74e-06
 1.54584e+16	9.93e-01	7.02e-03	9.19e-06
 1.55002e+16	9.93e-01	6.83e-03	8.73e-06
 1.55460e+16	9.93e-01	6.63e-03	8.22e-06
 1.56054e+16	9.94e-01	6.38e-03	7.61e-06
 1.56729e+16	9.94e-01	6.11e-03	7.01e-06
 1.57403e+16	9.94e-01	5.87e-03	6.46e-06
 1.58083e+16	9.94e-01	5.63e-03	5.96e-06
 1.58794e+16	9.95e-01	5.40e-03	5.47e-06
 1.59535e+16	9.95e-01	5.16e-03	5.02e-06
 1.60302e+16	9.95e-01	4.94e-03	4.59e-06
 1.61093e+16	9.95e-01	4.72e-03	4.20e-06
 1.61914e+16	9.95e-01	4.50e-03	3.83e-06
 1.62761e+16	9.96e-01	4.29e-03	3.48e-06
 1.63629e+16	9.96e-01	4.09e-03	3.17e-06
 1.64510e+16	9.96e-01	3.90e-03	2.88e-06
 1.65406e+16	9.96e-01	3.71e-03	2.61e-06
 1.66318e+16	9.96e-01	3.54e-03	2.37e-06
 1.67246e+16	9.97e-01	3.37e-03	2.15e-06
 1.68192e+16	9.97e-01	3.21e-03	1.95e-06
 1.69141e+16	9.97e-01	3.05e-03	1.77e-06
 1.70103e+16	9.97e-01	2.90e-03	1.61e-06
 1.71099e+16	9.97e-01	2.76e-03	1.45e-06
 1.72119e+16	9.97e-01	2.62e-03	1.31e-06
 1.73154e+16	9.98e-01	2.49e-03	1.19e-06
 1.74205e+16	9.98e-01	2.36e-03	1.07e-06
 1.75277e+16	9.98e-01	2.24e-03	9.64e-07
 1.76371e+16	9.98e-01	2.13e-03	8.68e-07
 1.77484e+16	9.98e-01	2.02e-03	7.81e-07
 1.78616e+16	9.98e-01	1.91e-03	7.02e-07
 1.79771e+16	9.98e-01	1.81e-03	6.30e-07
 1.80950e+16	9.98e-01	1.71e-03	5.64e-07
 1.82152e+16	9.98e-01	1.62e-03	5.05e-07
 1.83379e+16	9.98e-01	1.53e-03	4.51e-07
 1.84630e+16	9.99e-01	1.44e-03	4.03e-07
 1.85908e+16	9.99e-01	1.36e-03	3.59e-07
 1.87213e+16	9.99e-01	1.29e-03	3.19e-07
 1.88546e+16	9.99e-01	1.21e-03	2.84e-07
 1.89909e+16	9.99e-01	1.14e-03	2.52e-07
 1.91304e+16	9.99e-01	1.07e-03	2.23e-07
 1.92731e+16	9.99e-01	1.01e-03	1.97e-07
 1.94193e+16	9.99e-01	9.44e-04	1.73e-07
 1.95691e+16	9.99e-01	8.85e-04	1.52e-07
 1.97228e+16	9.99e-01	8.28e-04	1.34e-07
 1.98807e+16	9.99e-01	7.74e-04	1.17e-07
 2.00429e+16	9.99e-01	7.22e-04	1.02e-07
 2.02097e+16	9.99e-01	6.73e-04	8.85e-08
 2.03814e+16	9.99e-01	6.27e-04	7.68e-08
 2.05549e+16	9.99e-01	5.83e-04	6.66e-08
 2.07330e+16	9.99e-01	5.42e-04	5.75e-08
 2.09221e+16	9.99e-01	5.01e-04	4.92e-08
 2.11199e+16	1.00e+00	4.62e-04	4.18e-08
 2.13241e+16	1.00e+00	4.25e-04	3.54e-08
 2.15357e+16	1.00e+00	3.90e-04	2.99e-08
 2.17566e+16	1.00e+00	3.57e-04	2.50e-08
 2.19880e+16	1.00e+00	3.25e-04	2.08e-08
 2.22309e+16	1.00e+00	2.95e-04	1.71e-08
 2.24868e+16	1.00e+00	2.66e-04	1.40e-08
 2.27579e+16	1.00e+00	2.39e-04	1.13e-08
 2.30488e+16	1.00e+00	2.13e-04	8.97e-09
 2.33556e+16	1.00e+00	1.89e-04	7.06e-09
 2.36839e+16	1.00e+00	1.66e-04	5.47e-09
 2.40447e+16	1.00e+00	1.45e-04	4.14e-09
 2.44382e+16	1.00e+00	1.24e-04	3.06e-09
 2.48707e+16	1.00e+00	1.05e-04	2.20e-09
 2.53545e+16	1.00e+00	8.77e-05	1.52e-09
 2.59203e+16	1.00e+00	7.09e-05	9.97e-10
 2.65562e+16	1.00e+00	5.61e-05	6.26e-10
 2.72168e+16	1.00e+00	4.43e-05	3.89e-10
 2.78851e+16	1.00e+00	3.49e-05	2.43e-10
 2.85545e+16	1.00e+00	2.77e-05	1.53e-10
 2.92303e+16	1.00e+00	2.20e-05	9.63e-11
 2.99160e+16	1.00e+00	1.74e-05	6.08e-11
 3.06125e+16	1.00e+00	1.38e-05	3.84e-11
 3.13200e+16	1.00e+00	1.10e-05	2.43e-11
 3.20403e+16	1.00e+00	8.73e-06	1.53e-11
 3.27756e+16	1.00e+00	6.93e-06	9.68e-12
 3.35227e+16	1.00e+00	5.52e-06	6.14e-12
 3.42872e+16	1.00e+00	4.38e-06	3.88e-12
 3.50733e+16	1.00e+00	3.47e-06	2.44e-12
 3.58743e+16	1.00e+00	2.75e-06	1.54e-12
 3.66909e+16	1.00e+00	2.18e-06	9.66e-13
 3.75293e+16	1.00e+00	1.73e-06	6.05e-13
 3.83906e+16	1.00e+00	1.36e-06	3.78e-13
 3.92767e+16	1.00e+00	1.07e-06	2.35e-13
 4.01911e+16	1.00e+00	8.43e-07	1.45e-13
 4.11383e+16	1.00e+00	6.60e-07	8.88e-14
 4.21239e+16	1.00e+00	5.13e-07	5.38e-14
 4.31554e+16	1.00e+00	3.97e-07	3.22e-14
 4.42432e+16	1.00e+00	3.04e-07	1.89e-14
 4.54021e+16	1.00e+00	2.30e-07	1.09e-14
 4.66536e+16	1.00e+00	1.72e-07	6.04e-15
 4.80296e+16	1.00e+00	1.25e-07	3.21e-15
 4.95056e+16	1.00e+00	9.01e-08	1.67e-15
 5.10071e+16	1.00e+00	6.52e-08	8.73e-16
 5.25064e+16	1.00e+00	4.75e-08	4.65e-16
 5.40134e+16	1.00e+00	3.49e-08	2.50e-16
 5.55310e+16	1.00e+00	2.57e-08	1.36e-16
 5.70522e+16	1.00e+00	1.91e-08	7.53e-17
 5.85696e+16	1.00e+00	1.43e-08	4.22e-17
 6.00747e+16	1.00e+00	1.08e-08	2.41e-17
 6.15614e+16	1.00e+00	8.23e-09	1.40e-17
 6.30244e+16	1.00e+00	6.34e-09	8.35e-18
 6.44574e+16	1.00e+00	4.94e-09	5.07e-18
 6.58553e+16	1.00e+00	3.89e-09	3.15e-18
 6.72134e+16	1.00e+00	3.10e-09	2.00e-18
 6.85286e+16	1.00e+00	2.50e-09	1.30e-18
 6.97973e+16	1.00e+00	2.03e-09	8.63e-19
 7.10170e+16	1.00e+00	1.68e-09	5.87e-19
 7.21882e+16	1.00e+00	1.40e-09	4.07e-19
 7.33106e+16	1.00e+00	1.17e-09	2.88e-19
 7.43838e+16	1.00e+00	9.97e-10	2.08e-19
 7.54074e+16	1.00e+00	8.55e-10	1.53e-19
 7.63827e+16	1.00e+00	7.40e-10	1.15e-19
 7.73117e+16	1.00e+00	6.45e-10	8.75e-20
 7.81960e+16	1.00e+00	5.68e-10	6.78e-20
 7.90375e+16	1.00e+00	5.03e-10	5.32e-20
 7.98375e+16	1.00e+00	4.49e-10	4.24e-20
 8.05975e+16	1.00e+00	4.03e-10	3.43e-20
 8.13193e+16	1.00e+00	3.64e-10	2.80e-20
 8.20051e+16	1.00e+00	3.31e-10	2.32e-20
 8.26564e+16	1.00e+00	3.03e-10	1.94e-20
 8.32752e+16	1.00e+00	2.78e-10	1.64e-20
 8.38631e+16	1.00e+00	2.57e-10	1.39e-20
 8.44217e+16	1.00e+00	2.38e-10	1.20e-20
 8.49525e+16	1.00e+00	2.22e-10	1.04e-20
 8.54568e+16	1.00e+00	2.07e-10	9.09e-21
 8.59358e+16	1.00e+00	1.94e-10	0.00e+00
 8.63910e+16	1.00e+00	1.83e-10	0.00e+00
 8.68244e+16	1.00e+00	1.73e-10	0.00e+00
 8.72372e+16	1.00e+00	1.64e-10	0.00e+00
 8.76302e+16	1.00e+00	1.55e-10	0.00e+00
 8.80042e+16	1.00e+00	1.48e-10	0.00e+00
 8.83602e+16	1.00e+00	1.41e-10	0.00e+00
 8.86995e+16	1.00e+00	1.35e-10	0.00e+00
 8.90235e+16	1.00e+00	1.30e-10	0.00e+00
 8.93330e+16	1.00e+00	1.25e-10	0.00e+00
 8.96288e+16	1.00e+00	1.20e-10	0.00e+00
 8.99114e+16	1.00e+00	1.16e-10	0.00e+00
 9.01818e+16	1.00e+00	1.12e-10	0.00e+00
 9.04406e+16	1.00e+00	1.08e-10	0.00e+00
 9.06890e+16	1.00e+00	1.05e-10	0.00e+00
 9.09277e+16	1.00e+00	1.02e-10	0.00e+00
 9.11574e+16	1.00e+00	9.86e-11	0.00e+00
 9.13786e+16	1.00e+00	9.59e-11	0.00e+00
 9.15918e+16	1.00e+00	9.33e-11	0.00e+00
 9.17979e+16	1.00e+00	9.10e-11	0.00e+00
 9.19975e+16	1.00e+00	8.87e-11	0.00e+00
 9.21914e+16	1.00e+00	8.65e-11	0.00e+00
 9.23804e+16	1.00e+00	8.45e-11	0.00e+00
 9.25649e+16	1.00e+00	8.26e-11	0.00e+00
 9.27457e+16	1.00e+00	8.07e-11	0.00e+00
 9.29235e+16	1.00e+00	7.89e-11	0.00e+00
 9.30990e+16	1.00e+00	7.72e-11	0.00e+00
 9.32733e+16	1.00e+00	7.56e-11	0.00e+00
 9.34473e+16	1.00e+00	7.39e-11	0.00e+00
 9.36221e+16	1.00e+00	7.24e-11	0.00e+00
 9.37988e+16	1.00e+00	7.08e-11	0.00e+00
 9.39789e+16	1.00e+00	6.92e-11	0.00e+00
 9.41641e+16	1.00e+00	6.76e-11	0.00e+00
 9.43568e+16	1.00e+00	6.60e-11	0.00e+00
 9.45595e+16	1.00e+00	6.43e-11	0.00e+00
 9.47760e+16	1.00e+00	6.27e-11	0.00e+00
 9.50108e+16	1.00e+00	6.08e-11	0.00e+00
 9.52705e+16	1.00e+00	5.89e-11	0.00e+00
 9.55644e+16	1.00e+00	5.68e-11	0.00e+00
 9.59058e+16	1.00e+00	5.45e-11	0.00e+00
 9.63153e+16	1.00e+00	5.17e-11	0.00e+00
 9.68246e+16	1.00e+00	4.85e-11	0.00e+00
 9.74790e+16	1.00e+00	4.48e-11	0.00e+00
 9.83298e+16	1.00e+00	4.02e-11	0.00e+00
 9.94357e+16	1.00e+00	3.51e-11	0.00e+00
 1.00873e+17	1.00e+00	2.95e-11	0.00e+00
 1.02743e+17	1.00e+00	2.36e-11	0.00e+00
 1.05172e+17	1.00e+00	1.78e-11	0.00e+00
 1.08111e+17	1.00e+00	1.28e-11	0.00e+00
 1.11241e+17	1.00e+00	9.11e-12	0.00e+00
 1.14371e+17	1.00e+00	6.56e-12	0.00e+00
 1.17500e+17	1.00e+00	4.77e-12	0.00e+00
 1.20630e+17	1.00e+00	3.51e-12	0.00e+00
 1.23760e+17	1.00e+00	2.61e-12	0.00e+00
 1.26890e+17	1.00e+00	1.96e-12	0.00e+00
 1.30020e+17	1.00e+00	1.49e-12	0.00e+00
 1.33549e+17	1.00e+00	1.10e-12	0.00e+00
 1.37552e+17	1.00e+00	8.02e-13	0.00e+00
 1.41710e+17	1.00e+00	5.88e-13	0.00e+00
 1.46008e+17	1.00e+00	4.39e-13	0.00e+00
 1.51021e+17	1.00e+00	3.22e-13	0.00e+00
 1.56932e+17	1.00e+00	2.26e-13	0.00e+00
 1.63209e+17	1.00e+00	1.62e-13	0.00e+00
 1.69737e+17	1.00e+00	1.22e-13	0.00e+00
 1.76222e+17	1.00e+00	9.45e-14	0.00e+00
 1.82140e+17	1.00e+00	7.85e-14	0.00e+00
 1.87330e+17	1.00e+00	6.98e-14	0.00e+00
 1.92054e+17	1.00e+00	6.34e-14	0.00e+00
 1.96605e+17	1.00e+00	5.71e-14	0.00e+00
 2.00636e+17	1.00e+00	5.06e-14	0.00e+00
 2.03486e+17	1.00e+00	4.73e-14	0.00e+00
 2.05154e+17	1.00e+00	4.65e-14	0.00e+00
 2.06104e+17	1.00e+00	4.62e-14	0.00e+00
 2.06674e+17	1.00e+00	4.61e-14	0.00e+00
 2.07018e+17	1.00e+00	4.61e-14	0.00e+00
 2.07279e+17	1.00e+00	4.60e-14	0.00e+00
 2.07557e+17	1.00e+00	4.59e-14	0.00e+00
 2.07866e+17	1.00e+00	4.57e-14	0.00e+00
 2.08170e+17	1.00e+00	4.56e-14	0.00e+00
 2.08424e+17	1.00e+00	4.54e-14	0.00e+00
 2.08649e+17	1.00e+00	4.52e-14	0.00e+00
 2.08880e+17	1.00e+00	4.51e-14	0.00e+00
 2.09115e+17	1.00e+00	4.49e-14	0.00e+00
 2.09335e+17	1.00e+00	4.47e-14	0.00e+00
 2.09523e+17	1.00e+00	4.45e-14	0.00e+00
 2.09696e+17	1.00e+00	4.44e-14	0.00e+00
 2.09871e+17	1.00e+00	4.42e-14	0.00e+00
 2.10040e+17	1.00e+00	4.40e-14	0.00e+00
 2.10191e+17	1.00e+00	4.39e-14	0.00e+00
 2.10333e+17	1.00e+00	4.37e-14	0.00e+00
 2.10478e+17	1.00e+00	4.36e-14	0.00e+00
 2.10622e+17	1.00e+00	4.34e-14	0.00e+00
 2.10754e+17	1.00e+00	4.32e-14	0.00e+00
 2.10875e+17	1.00e+00	4.31e-14	0.00e+00
 2.10992e+17	1.00e+00	4.30e-14	0.00e+00
 2.11108e+17	1.00e+00	4.28e-14	0.00e+00
 2.11222e+17	1.00e+00	4.27e-14	0.00e+00
 2.11335e+17	1.00e+00	4.25e-14	0.00e+00
 2.11447e+17	1.00e+00	4.24e-14	0.00e+00
 2.11550e+17	1.00e+00	4.22e-14	0.00e+00
 2.11648e+17	1.00e+00	4.21e-14	0.00e+00
 2.11749e+17	1.00e+00	4.20e-14	0.00e+00
 2.11854e+17	1.00e+00	4.18e-14	0.00e+00
 2.11955e+17	1.00e+00	4.17e-14	0.00e+00
 2.12052e+17	1.00e+00	4.16e-14	0.00e+00
 2.12149e+17	1.00e+00	4.14e-14	0.00e+00
 2.12249e+17	1.00e+00	4.13e-14	0.00e+00
 2.12345e+17	1.00e+00	4.11e-14	0.00e+00
 2.12438e+17	1.00e+00	4.10e-14	0.00e+00
 2.12536e+17	1.00e+00	4.08e-14	0.00e+00
 2.12638e+17	1.00e+00	4.06e-14	0.00e+00
 2.12737e+17	1.00e+00	4.04e-14	0.00e+00
 2.12834e+17	1.00e+00	4.03e-14	0.00e+00
 2.12934e+17	1.00e+00	4.01e-14	0.00e+00
 2.13039e+17	1.00e+00	3.99e-14	0.00e+00
 2.13146e+17	1.00e+00	3.97e-14	0.00e+00
 2.13252e+17	1.00e+00	3.96e-14	0.00e+00
 2.13357e+17	1.00e+00	3.94e-14	0.00e+00
 2.13464e+17	1.00e+00	3.92e-14	0.00e+00
 2.13583e+17	1.00e+00	3.90e-14	0.00e+00
 2.13709e+17	1.00e+00	3.87e-14	0.00e+00
 2.13822e+17	1.00e+00	3.85e-14	0.00e+00
 2.13934e+17	1.00e+00	3.83e-14	0.00e+00
 2.14062e+17	1.00e+00	3.81e-14	0.00e+00
 2.14195e+17	1.00e+00	3.78e-14	0.00e+00
 2.14323e+17	1.00e+00	3.75e-14	0.00e+00
 2.14446e+17	1.00e+00	3.73e-14	0.00e+00
 2.14578e+17	1.00e+00	3.71e-14	0.00e+00
 2.14725e+17	1.00e+00	3.68e-14	0.00e+00
 2.14871e+17	1.00e+00	3.65e-14	0.00e+00
 2.15014e+17	1.00e+00	3.62e-14	0.00e+00
 2.15163e+17	1.00e+00	3.59e-14	0.00e+00
 2.15319e+17	1.00e+00	3.56e-14	0.00e+00
 2.15485e+17	1.00e+00	3.53e-14	0.00e+00
 2.15653e+17	1.00e+00	3.49e-14	0.00e+00
 2.15820e+17	1.00e+00	3.46e-14	0.00e+00
 2.15989e+17	1.00e+00	3.42e-14	0.00e+00
 2.16163e+17	1.00e+00	3.39e-14	0.00e+00
 2.16346e+17	1.00e+00	3.35e-14	0.00e+00
 2.16528e+17	1.00e+00	3.31e-14	0.00e+00
 2.16726e+17	1.00e+00	3.27e-14	0.00e+00
 2.16946e+17	1.00e+00	3.23e-14	0.00e+00
 2.17160e+17	1.00e+00	3.18e-14	0.00e+00
 2.17356e+17	1.00e+00	3.14e-14	0.00e+00
 2.17563e+17	1.00e+00	3.10e-14	0.00e+00
 2.17795e+17	1.00e+00	3.05e-14	0.00e+00
 2.18036e+17	1.00e+00	3.00e-14	0.00e+00
 2.18277e+17	1.00e+00	2.95e-14	0.00e+00
 2.18516e+17	1.00e+00	2.90e-14	0.00e+00
 2.18760e+17	1.00e+00	2.85e-14	0.00e+00
 2.19025e+17	1.00e+00	2.80e-14	0.00e+00
 2.19301e+17	1.00e+00	2.74e-14	0.00e+00
 2.19572e+17	1.00e+00	2.68e-14	0.00e+00
 2.19848e+17	1.00e+00	2.63e-14	0.00e+00
 2.20137e+17	1.00e+00	2.57e-14	0.00e+00
 2.20438e+17	1.00e+00	2.51e-14	0.00e+00
 2.20744e+17	1.00e+00	2.45e-14	0.00e+00
 2.21050e+17	1.00e+00	2.39e-14	0.00e+00
 2.21369e+17	1.00e+00	2.33e-14	0.00e+00
 2.21704e+17	1.00e+00	2.26e-14	0.00e+00
 2.22046e+17	1.00e+00	2.20e-14	0.00e+00
 2.22389e+17	1.00e+00	2.13e-14	0.00e+00
 2.22740e+17	1.00e+00	2.07e-14	0.00e+00
 2.23107e+17	1.00e+00	2.00e-14	0.00e+00
 2.23483e+17	1.00e+00	1.93e-14	0.00e+00
 2.23863e+17	1.00e+00	1.87e-14	0.00e+00
 2.24247e+17	1.00e+00	1.80e-14	0.00e+00
 2.24654e+17	1.00e+00	1.73e-14	0.00e+00
 2.25084e+17	1.00e+00	1.66e-14	0.00e+00
 2.25509e+17	1.00e+00	1.59e-14	0.00e+00
 2.25925e+17	1.00e+00	1.53e-14	0.00e+00
 2.26373e+17	1.00e+00	1.46e-14	0.00e+00
 2.26857e+17	1.00e+00	1.39e-14	0.00e+00
 2.27333e+17	1.00e+00	1.32e-14	0.00e+00
 2.27802e+17	1.00e+00	1.25e-14	0.00e+00
 2.28292e+17	1.00e+00	1.19e-14	0.00e+00
 2.28817e+17	1.00e+00	1.12e-14	0.00e+00
 2.29379e+17	1.00e+00	1.06e-14	0.00e+00
 2.29956e+17	1.00e+00	9.87e-15	0.00e+00
 2.30524e+17	1.00e+00	9.22e-15	0.00e+00
 2.31100e+17	1.00e+00	8.62e-15	0.00e+00
 2.31717e+17	1.00e+00	8.02e-15	0.00e+00
 2.32352e+17	1.00e+00	7.41e-15	0.00e+00
 2.32931e+17	1.00e+00	6.85e-15	0.00e+00
 2.33422e+17	1.00e+00	6.40e-15	0.00e+00
 2.33857e+17	1.00e+00	6.04e-15	0.00e+00
 2.34281e+17	1.00e+00	5.71e-15	0.00e+00
 2.34710e+17	1.00e+00	5.40e-15	0.00e+00
 2.35131e+17	1.00e+00	5.09e-15	0.00e+00
 2.35526e+17	1.00e+00	4.81e-15	0.00e+00
 2.35890e+17	1.00e+00	4.56e-15	0.00e+00
 2.36233e+17	1.00e+00	4.33e-15	0.00e+00
 2.36566e+17	1.00e+00	4.13e-15	0.00e+00
 2.36889e+17	1.00e+00	3.93e-15	0.00e+00
 2.37200e+17	1.00e+00	3.74e-15	0.00e+00
 2.37492e+17	1.00e+00	3.57e-15	0.00e+00
 2.37769e+17	1.00e+00	3.41e-15	0.00e+00
 2.38032e+17	1.00e+00	3.26e-15	0.00e+00
 2.38285e+17	1.00e+00	3.12e-15	0.00e+00
 2.38530e+17	1.00e+00	3.00e-15	0.00e+00
 2.38768e+17	1.00e+00	2.88e-15	0.00e+00
 2.38997e+17	1.00e+00	2.77e-15	0.00e+00
 2.39213e+17	1.00e+00	2.67e-15	0.00e+00
 2.39421e+17	1.00e+00	2.57e-15	0.00e+00
 2.39625e+17	1.00e+00	2.48e-15	0.00e+00
 2.39825e+17	1.00e+00	2.39e-15	0.00e+00
 2.40019e+17	1.00e+00	2.31e-15	0.00e+00
 2.40207e+17	1.00e+00	2.23e-15	0.00e+00
 2.40389e+17	1.00e+00	2.16e-15	0.00e+00
 2.40566e+17	1.00e+00	2.09e-15	0.00e+00
 2.40741e+17	1.00e+00	2.02e-15	0.00e+00
 2.40913e+17	1.00e+00	1.96e-15	0.00e+00
 2.41082e+17	1.00e+00	1.90e-15	0.00e+00
 2.41274e+17	1.00e+00	1.84e-15	0.00e+00
 2.41524e+17	1.00e+00	1.77e-15	0.00e+00
 2.41848e+17	1.00e+00	1.67e-15	0.00e+00
 2.42270e+17	1.00e+00	1.56e-15	0.00e+00
 2.42818e+17	1.00e+00	1.43e-15	0.00e+00
 2.43523e+17	1.00e+00	1.27e-15	0.00e+00
 2.44300e+17	1.00e+00	1.09e-15	0.00e+00
 2.44987e+17	1.00e+00	9.47e-16	0.00e+00
 2.45546e+17	1.00e+00	8.44e-16	0.00e+00
 2.46044e+17	1.00e+00	7.68e-16	0.00e+00
 2.46563e+17	1.00e+00	7.01e-16	0.00e+00
 2.47139e+17	1.00e+00	6.33e-16	0.00e+00
 2.47744e+17	1.00e+00	5.66e-16	0.00e+00
 2.48330e+17	1.00e+00	5.06e-16	0.00e+00
 2.48888e+17	1.00e+00	4.57e-16	0.00e+00
 2.49444e+17	1.00e+00	4.14e-16	0.00e+00
 2.50028e+17	1.00e+00	3.74e-16	0.00e+00
 2.50653e+17	1.00e+00	3.36e-16	0.00e+00
 2.51308e+17	1.00e+00	3.00e-16	0.00e+00
 2.51988e+17	1.00e+00	2.67e-16	0.00e+00
 2.52705e+17	1.00e+00	2.38e-16	0.00e+00
 2.53491e+17	1.00e+00	2.10e-16	0.00e+00
 2.54389e+17	1.00e+00	1.83e-16	0.00e+00
 2.55454e+17	1.00e+00	1.56e-16	0.00e+00
 2.56774e+17	1.00e+00	1.30e-16	0.00e+00
 2.58473e+17	1.00e+00	1.04e-16	0.00e+00
 2.60682e+17	1.00e+00	7.83e-17	0.00e+00
 2.63553e+17	1.00e+00	5.57e-17	0.00e+00
 2.67285e+17	1.00e+00	3.73e-17	0.00e+00
 2.72137e+17	1.00e+00	2.35e-17	0.00e+00
 2.78444e+17	1.00e+00	1.38e-17	0.00e+00
 2.86644e+17	1.00e+00	7.33e-18	0.00e+00
 2.97104e+17	1.00e+00	3.57e-18	0.00e+00
 3.08989e+17	1.00e+00	1.58e-18	0.00e+00
 3.20399e+17	1.00e+00	7.66e-19	0.00e+00
 3.30214e+17	1.00e+00	4.14e-19	0.00e+00
 3.38677e+17	1.00e+00	2.45e-19	0.00e+00
 3.47874e+17	1.00e+00	1.37e-19	0.00e+00
 3.57935e+17	1.00e+00	7.34e-20	0.00e+00
 3.66449e+17	1.00e+00	4.36e-20	0.00e+00
 3.73017e+17	1.00e+00	2.91e-20	0.00e+00
 3.79725e+17	1.00e+00	1.90e-20	0.00e+00
 3.87633e+17	1.00e+00	1.16e-20	0.00e+00
 3.95199e+17	1.00e+00	7.21e-21	0.00e+00
 4.01571e+17	1.00e+00	4.80e-21	0.00e+00
 4.08295e+17	1.00e+00	3.07e-21	0.00e+00
 4.17037e+17	1.00e+00	1.71e-21	0.00e+00
 4.28401e+17	1.00e+00	7.84e-22	0.00e+00
 4.38677e+17	1.00e+00	3.67e-22	0.00e+00
 4.44351e+17	1.00e+00	2.31e-22	0.00e+00
 4.47170e+17	1.00e+00	1.80e-22	0.00e+00
 4.48769e+17	1.00e+00	1.55e-22	0.00e+00
 4.49728e+17	1.00e+00	1.42e-22	0.00e+00
 4.50303e+17	1.00e+00	1.40e-22	0.00e+00
 4.50648e+17	1.00e+00	1.49e-22	0.00e+00
 4.50888e+17	1.00e+00	1.62e-22	0.00e+00
 4.51140e+17	1.00e+00	1.66e-22	0.00e+00
 4.51468e+17	1.00e+00	1.56e-22	0.00e+00
 4.51879e+17	1.00e+00	1.40e-22	0.00e+00
 4.52311e+17	1.00e+00	1.27e-22	0.00e+00
 4.52671e+17	1.00e+00	1.25e-22	0.00e+00
 4.52948e+17	1.00e+00	1.30e-22	0.00e+00
 4.53203e+17	1.00e+00	1.33e-22	0.00e+00
 4.53501e+17	1.00e+00	1.30e-22	0.00e+00
