#depth	He	He+	He+2
 1.49634e+10	3.72e-23	3.22e-12	1.00e+00
 4.54887e+10	4.16e-23	3.49e-12	1.00e+00
 7.72350e+10	4.63e-23	3.78e-12	1.00e+00
 1.10251e+11	5.16e-23	4.09e-12	1.00e+00
 1.42744e+11	5.73e-23	4.41e-12	1.00e+00
 1.76537e+11	6.36e-23	4.76e-12	1.00e+00
 2.13525e+11	7.12e-23	5.16e-12	1.00e+00
 2.50992e+11	7.95e-23	5.57e-12	1.00e+00
 2.89958e+11	8.89e-23	6.03e-12	1.00e+00
 3.31483e+11	9.99e-23	6.53e-12	1.00e+00
 3.74669e+11	1.12e-22	7.08e-12	1.00e+00
 4.19582e+11	1.27e-22	7.68e-12	1.00e+00
 4.66292e+11	1.43e-22	8.32e-12	1.00e+00
 5.14871e+11	1.61e-22	9.03e-12	1.00e+00
 5.65393e+11	1.83e-22	9.79e-12	1.00e+00
 6.17935e+11	2.07e-22	1.06e-11	1.00e+00
 6.72579e+11	2.35e-22	1.15e-11	1.00e+00
 7.25102e+11	2.65e-22	1.24e-11	1.00e+00
 7.72171e+11	2.94e-22	1.33e-11	1.00e+00
 8.23701e+11	3.28e-22	1.42e-11	1.00e+00
 8.84847e+11	3.73e-22	1.54e-11	1.00e+00
 9.46129e+11	4.23e-22	1.67e-11	1.00e+00
 1.00386e+12	4.75e-22	1.79e-11	1.00e+00
 1.06794e+12	5.37e-22	1.93e-11	1.00e+00
 1.14058e+12	6.16e-22	2.10e-11	1.00e+00
 1.21343e+12	7.05e-22	2.28e-11	1.00e+00
 1.28919e+12	8.06e-22	2.47e-11	1.00e+00
 1.37068e+12	9.28e-22	2.69e-11	1.00e+00
 1.45544e+12	1.07e-21	2.93e-11	1.00e+00
 1.54358e+12	1.23e-21	3.19e-11	1.00e+00
 1.63525e+12	1.43e-21	3.48e-11	1.00e+00
 1.73059e+12	1.65e-21	3.80e-11	1.00e+00
 1.82974e+12	1.91e-21	4.14e-11	1.00e+00
 1.92254e+12	2.18e-21	4.48e-11	1.00e+00
 2.00488e+12	2.45e-21	4.79e-11	1.00e+00
 2.09708e+12	2.77e-21	5.16e-11	1.00e+00
 2.20714e+12	3.20e-21	5.62e-11	1.00e+00
 2.31832e+12	3.69e-21	6.11e-11	1.00e+00
 2.42249e+12	4.19e-21	6.59e-11	1.00e+00
 2.53786e+12	4.79e-21	7.16e-11	1.00e+00
 2.66930e+12	5.59e-21	7.83e-11	1.00e+00
 2.79976e+12	6.46e-21	8.54e-11	1.00e+00
 2.93543e+12	7.46e-21	9.32e-11	1.00e+00
 3.08278e+12	8.68e-21	1.02e-10	1.00e+00
 3.21896e+12	9.96e-21	1.11e-10	1.00e+00
 3.33715e+12	1.11e-20	1.19e-10	1.00e+00
 3.46854e+12	1.26e-20	1.28e-10	1.00e+00
 3.62862e+12	1.45e-20	1.40e-10	1.00e+00
 3.79181e+12	1.67e-20	1.53e-10	1.00e+00
 3.94116e+12	1.89e-20	1.66e-10	1.00e+00
 4.10669e+12	2.16e-20	1.80e-10	1.00e+00
 4.29923e+12	2.51e-20	1.98e-10	1.00e+00
 4.48761e+12	2.88e-20	2.17e-10	1.00e+00
 4.66447e+12	3.26e-20	2.35e-10	1.00e+00
 4.86192e+12	3.73e-20	2.57e-10	1.00e+00
 5.08633e+12	4.32e-20	2.84e-10	1.00e+00
 5.30878e+12	4.96e-20	3.12e-10	1.00e+00
 5.54014e+12	5.68e-20	3.43e-10	1.00e+00
 5.78297e+12	6.52e-20	3.78e-10	1.00e+00
 6.01932e+12	7.40e-20	4.14e-10	1.00e+00
 6.27383e+12	8.42e-20	4.55e-10	1.00e+00
 6.55471e+12	9.66e-20	5.04e-10	1.00e+00
 6.83995e+12	1.10e-19	5.57e-10	1.00e+00
 7.13661e+12	1.26e-19	6.16e-10	1.00e+00
 7.41275e+12	1.41e-19	6.74e-10	1.00e+00
 7.64283e+12	1.55e-19	7.25e-10	1.00e+00
 7.89249e+12	1.70e-19	7.83e-10	1.00e+00
 8.20923e+12	1.91e-19	8.62e-10	1.00e+00
 8.53846e+12	2.15e-19	9.49e-10	1.00e+00
 8.81290e+12	2.36e-19	1.03e-09	1.00e+00
 9.09086e+12	2.58e-19	1.11e-09	1.00e+00
 9.44789e+12	2.88e-19	1.22e-09	1.00e+00
 9.81517e+12	3.22e-19	1.34e-09	1.00e+00
 1.01258e+13	3.52e-19	1.44e-09	1.00e+00
 1.04555e+13	3.87e-19	1.56e-09	1.00e+00
 1.08696e+13	4.34e-19	1.72e-09	1.00e+00
 1.12989e+13	4.87e-19	1.89e-09	1.00e+00
 1.16824e+13	5.39e-19	2.05e-09	1.00e+00
 1.21012e+13	6.02e-19	2.23e-09	1.00e+00
 1.25996e+13	6.84e-19	2.46e-09	1.00e+00
 1.31005e+13	7.77e-19	2.71e-09	1.00e+00
 1.35695e+13	8.74e-19	2.95e-09	1.00e+00
 1.40903e+13	9.94e-19	3.23e-09	1.00e+00
 1.46839e+13	1.15e-18	3.56e-09	1.00e+00
 1.52700e+13	1.32e-18	3.91e-09	1.00e+00
 1.57817e+13	1.49e-18	4.23e-09	1.00e+00
 1.62113e+13	1.65e-18	4.51e-09	1.00e+00
 1.66748e+13	1.83e-18	4.81e-09	1.00e+00
 1.72774e+13	2.10e-18	5.23e-09	1.00e+00
 1.79077e+13	2.42e-18	5.69e-09	1.00e+00
 1.84453e+13	2.72e-18	6.10e-09	1.00e+00
 1.90152e+13	3.07e-18	6.55e-09	1.00e+00
 1.97390e+13	3.57e-18	7.14e-09	1.00e+00
 2.04866e+13	4.15e-18	7.79e-09	1.00e+00
 2.11374e+13	4.72e-18	8.37e-09	1.00e+00
 2.18390e+13	5.41e-18	9.02e-09	1.00e+00
 2.26225e+13	6.27e-18	9.78e-09	1.00e+00
 2.33563e+13	7.17e-18	1.05e-08	1.00e+00
 2.41543e+13	8.26e-18	1.14e-08	1.00e+00
 2.50388e+13	9.63e-18	1.23e-08	1.00e+00
 2.58593e+13	1.11e-17	1.33e-08	1.00e+00
 2.67494e+13	1.28e-17	1.43e-08	1.00e+00
 2.77434e+13	1.50e-17	1.56e-08	1.00e+00
 2.86765e+13	1.72e-17	1.68e-08	1.00e+00
 2.96937e+13	2.00e-17	1.81e-08	1.00e+00
 3.08289e+13	2.36e-17	1.97e-08	1.00e+00
 3.18952e+13	2.74e-17	2.13e-08	1.00e+00
 3.30592e+13	3.18e-17	2.30e-08	1.00e+00
 3.43722e+13	3.77e-17	2.52e-08	1.00e+00
 3.56193e+13	4.40e-17	2.72e-08	1.00e+00
 3.69505e+13	5.14e-17	2.95e-08	1.00e+00
 3.84584e+13	6.13e-17	3.22e-08	1.00e+00
 3.99434e+13	7.20e-17	3.50e-08	1.00e+00
 4.14878e+13	8.48e-17	3.80e-08	1.00e+00
 4.31772e+13	1.01e-16	4.15e-08	1.00e+00
 4.49342e+13	1.19e-16	4.52e-08	1.00e+00
 4.65949e+13	1.40e-16	4.89e-08	1.00e+00
 4.80826e+13	1.59e-16	5.23e-08	1.00e+00
 4.94725e+13	1.80e-16	5.56e-08	1.00e+00
 5.10069e+13	2.05e-16	5.94e-08	1.00e+00
 5.27339e+13	2.35e-16	6.37e-08	1.00e+00
 5.43842e+13	2.68e-16	6.80e-08	1.00e+00
 5.62023e+13	3.07e-16	7.29e-08	1.00e+00
 5.82031e+13	3.55e-16	7.84e-08	1.00e+00
 6.00442e+13	4.04e-16	8.37e-08	1.00e+00
 6.20406e+13	4.63e-16	8.96e-08	1.00e+00
 6.42751e+13	5.35e-16	9.64e-08	1.00e+00
 6.63839e+13	6.11e-16	1.03e-07	1.00e+00
 6.86899e+13	7.02e-16	1.11e-07	1.00e+00
 7.12445e+13	8.14e-16	1.19e-07	1.00e+00
 7.36269e+13	9.30e-16	1.27e-07	1.00e+00
 7.62289e+13	1.07e-15	1.37e-07	1.00e+00
 7.91479e+13	1.24e-15	1.47e-07	1.00e+00
 8.19194e+13	1.42e-15	1.58e-07	1.00e+00
 8.49225e+13	1.64e-15	1.70e-07	1.00e+00
 8.82548e+13	1.91e-15	1.84e-07	1.00e+00
 9.14451e+13	2.20e-15	1.97e-07	1.00e+00
 9.48576e+13	2.54e-15	2.12e-07	1.00e+00
 9.86819e+13	2.96e-15	2.29e-07	1.00e+00
 1.02512e+14	3.44e-15	2.47e-07	1.00e+00
 1.06494e+14	3.99e-15	2.66e-07	1.00e+00
 1.10784e+14	4.65e-15	2.88e-07	1.00e+00
 1.15245e+14	5.41e-15	3.11e-07	1.00e+00
 1.19885e+14	6.31e-15	3.36e-07	1.00e+00
 1.24374e+14	7.26e-15	3.61e-07	1.00e+00
 1.28192e+14	8.16e-15	3.83e-07	1.00e+00
 1.32091e+14	9.16e-15	4.06e-07	1.00e+00
 1.36995e+14	1.05e-14	4.36e-07	1.00e+00
 1.42013e+14	1.21e-14	4.69e-07	1.00e+00
 1.46348e+14	1.36e-14	4.97e-07	1.00e+00
 1.50990e+14	1.53e-14	5.28e-07	1.00e+00
 1.56702e+14	1.76e-14	5.68e-07	1.00e+00
 1.62594e+14	2.03e-14	6.12e-07	1.00e+00
 1.68012e+14	2.30e-14	6.52e-07	1.00e+00
 1.74024e+14	2.64e-14	7.00e-07	1.00e+00
 1.80985e+14	3.06e-14	7.55e-07	1.00e+00
 1.87446e+14	3.51e-14	8.12e-07	1.00e+00
 1.93016e+14	3.92e-14	8.60e-07	1.00e+00
 1.99164e+14	4.43e-14	9.17e-07	1.00e+00
 2.06706e+14	5.10e-14	9.87e-07	1.00e+00
 2.14359e+14	5.88e-14	1.06e-06	1.00e+00
 2.21189e+14	6.61e-14	1.13e-06	1.00e+00
 2.28653e+14	7.52e-14	1.21e-06	1.00e+00
 2.37544e+14	8.71e-14	1.31e-06	1.00e+00
 2.46327e+14	1.00e-13	1.41e-06	1.00e+00
 2.54293e+14	1.13e-13	1.50e-06	1.00e+00
 2.63163e+14	1.29e-13	1.61e-06	1.00e+00
 2.73555e+14	1.49e-13	1.74e-06	1.00e+00
 2.83813e+14	1.71e-13	1.88e-06	1.00e+00
 2.93398e+14	1.94e-13	2.01e-06	1.00e+00
 3.04081e+14	2.22e-13	2.16e-06	1.00e+00
 3.16275e+14	2.57e-13	2.34e-06	1.00e+00
 3.28361e+14	2.95e-13	2.53e-06	1.00e+00
 3.39532e+14	3.34e-13	2.71e-06	1.00e+00
 3.51722e+14	3.81e-13	2.91e-06	1.00e+00
 3.65451e+14	4.38e-13	3.14e-06	1.00e+00
 3.78592e+14	4.98e-13	3.38e-06	1.00e+00
 3.90875e+14	5.60e-13	3.60e-06	1.00e+00
 4.02204e+14	6.21e-13	3.83e-06	1.00e+00
 4.14505e+14	6.92e-13	4.07e-06	1.00e+00
 4.28283e+14	7.79e-13	4.34e-06	1.00e+00
 4.41337e+14	8.66e-13	4.62e-06	1.00e+00
 4.55664e+14	9.72e-13	4.93e-06	1.00e+00
 4.71638e+14	1.10e-12	5.29e-06	1.00e+00
 4.86639e+14	1.23e-12	5.64e-06	1.00e+00
 5.03024e+14	1.38e-12	6.03e-06	1.00e+00
 5.21359e+14	1.56e-12	6.49e-06	1.00e+00
 5.38565e+14	1.75e-12	6.94e-06	1.00e+00
 5.57271e+14	1.97e-12	7.44e-06	1.00e+00
 5.77995e+14	2.24e-12	8.01e-06	1.00e+00
 5.97291e+14	2.51e-12	8.58e-06	1.00e+00
 6.18324e+14	2.82e-12	9.20e-06	1.00e+00
 6.41800e+14	3.21e-12	9.95e-06	1.00e+00
 6.63767e+14	3.60e-12	1.07e-05	1.00e+00
 6.87635e+14	4.08e-12	1.15e-05	1.00e+00
 7.14263e+14	4.64e-12	1.24e-05	1.00e+00
 7.39360e+14	5.22e-12	1.33e-05	1.00e+00
 7.66362e+14	5.90e-12	1.44e-05	1.00e+00
 7.97046e+14	6.76e-12	1.56e-05	1.00e+00
 8.27000e+14	7.67e-12	1.68e-05	1.00e+00
 8.58153e+14	8.73e-12	1.82e-05	1.00e+00
 8.92509e+14	9.98e-12	1.98e-05	1.00e+00
 9.21558e+14	1.12e-11	2.12e-05	1.00e+00
 9.42648e+14	1.21e-11	2.23e-05	1.00e+00
 9.64625e+14	1.31e-11	2.34e-05	1.00e+00
 9.93196e+14	1.46e-11	2.50e-05	1.00e+00
 1.02479e+15	1.63e-11	2.67e-05	1.00e+00
 1.05417e+15	1.80e-11	2.84e-05	1.00e+00
 1.08622e+15	2.01e-11	3.03e-05	1.00e+00
 1.12202e+15	2.26e-11	3.26e-05	1.00e+00
 1.15582e+15	2.51e-11	3.48e-05	1.00e+00
 1.19286e+15	2.82e-11	3.73e-05	1.00e+00
 1.23427e+15	3.18e-11	4.02e-05	1.00e+00
 1.27366e+15	3.59e-11	4.32e-05	1.00e+00
 1.31718e+15	4.04e-11	4.65e-05	1.00e+00
 1.36556e+15	4.65e-11	5.05e-05	1.00e+00
 1.41042e+15	5.22e-11	5.43e-05	1.00e+00
 1.45891e+15	5.98e-11	5.87e-05	1.00e+00
 1.51294e+15	6.87e-11	6.37e-05	1.00e+00
 1.56345e+15	7.72e-11	6.85e-05	1.00e+00
 1.61835e+15	8.89e-11	7.42e-05	1.00e+00
 1.67956e+15	1.03e-10	8.08e-05	1.00e+00
 1.73686e+15	1.16e-10	8.71e-05	1.00e+00
 1.79924e+15	1.34e-10	9.45e-05	1.00e+00
 1.86905e+15	1.55e-10	1.03e-04	1.00e+00
 1.93506e+15	1.78e-10	1.11e-04	1.00e+00
 2.00587e+15	2.05e-10	1.21e-04	1.00e+00
 2.08613e+15	2.40e-10	1.32e-04	1.00e+00
 2.15283e+15	2.69e-10	1.42e-04	1.00e+00
 2.19991e+15	2.96e-10	1.49e-04	1.00e+00
 2.24888e+15	3.23e-10	1.57e-04	1.00e+00
 2.31254e+15	3.58e-10	1.67e-04	1.00e+00
 2.38363e+15	4.09e-10	1.79e-04	1.00e+00
 2.45016e+15	4.55e-10	1.91e-04	1.00e+00
 2.52243e+15	5.07e-10	2.04e-04	1.00e+00
 2.60328e+15	5.83e-10	2.19e-04	1.00e+00
 2.67944e+15	6.53e-10	2.34e-04	1.00e+00
 2.76258e+15	7.32e-10	2.50e-04	1.00e+00
 2.85585e+15	8.51e-10	2.70e-04	1.00e+00
 2.94414e+15	9.61e-10	2.89e-04	1.00e+00
 3.04078e+15	1.08e-09	3.11e-04	1.00e+00
 3.15732e+15	1.28e-09	3.39e-04	1.00e+00
 3.27273e+15	1.46e-09	3.67e-04	1.00e+00
 3.37521e+15	1.66e-09	3.93e-04	1.00e+00
 3.48791e+15	1.90e-09	4.23e-04	1.00e+00
 3.62265e+15	2.26e-09	4.62e-04	1.00e+00
 3.75676e+15	2.61e-09	5.00e-04	9.99e-01
 3.87922e+15	2.95e-09	5.37e-04	9.99e-01
 4.01583e+15	3.40e-09	5.80e-04	9.99e-01
 4.17492e+15	4.07e-09	6.34e-04	9.99e-01
 4.33069e+15	4.73e-09	6.87e-04	9.99e-01
 4.47743e+15	5.44e-09	7.40e-04	9.99e-01
 4.60597e+15	6.13e-09	7.88e-04	9.99e-01
 4.71305e+15	6.74e-09	8.29e-04	9.99e-01
 4.83126e+15	7.45e-09	8.76e-04	9.99e-01
 4.98492e+15	8.50e-09	9.40e-04	9.99e-01
 5.14591e+15	9.58e-09	1.01e-03	9.99e-01
 5.28338e+15	1.07e-08	1.07e-03	9.99e-01
 5.42903e+15	1.22e-08	1.14e-03	9.99e-01
 5.61837e+15	1.41e-08	1.23e-03	9.99e-01
 5.81332e+15	1.62e-08	1.32e-03	9.99e-01
 5.97554e+15	1.80e-08	1.40e-03	9.99e-01
 6.14640e+15	2.03e-08	1.50e-03	9.99e-01
 6.36784e+15	2.40e-08	1.62e-03	9.98e-01
 6.59752e+15	2.76e-08	1.75e-03	9.98e-01
 6.79410e+15	3.10e-08	1.87e-03	9.98e-01
 7.00518e+15	3.52e-08	2.01e-03	9.98e-01
 7.26700e+15	4.20e-08	2.18e-03	9.98e-01
 7.52599e+15	4.84e-08	2.36e-03	9.98e-01
 7.74913e+15	5.43e-08	2.52e-03	9.97e-01
 7.99444e+15	6.20e-08	2.71e-03	9.97e-01
 8.29577e+15	7.46e-08	2.96e-03	9.97e-01
 8.59336e+15	8.66e-08	3.21e-03	9.97e-01
 8.84245e+15	9.79e-08	3.43e-03	9.97e-01
 9.10507e+15	1.12e-07	3.68e-03	9.96e-01
 9.43860e+15	1.28e-07	4.01e-03	9.96e-01
 9.77767e+15	1.54e-07	4.38e-03	9.96e-01
 1.00276e+16	1.71e-07	4.65e-03	9.95e-01
 1.02483e+16	1.89e-07	4.92e-03	9.95e-01
 1.05352e+16	2.14e-07	5.27e-03	9.95e-01
 1.08399e+16	2.46e-07	5.68e-03	9.94e-01
 1.11058e+16	2.75e-07	6.05e-03	9.94e-01
 1.13895e+16	3.06e-07	6.48e-03	9.94e-01
 1.17583e+16	3.65e-07	7.09e-03	9.93e-01
 1.21119e+16	4.18e-07	7.69e-03	9.92e-01
 1.23777e+16	4.63e-07	8.19e-03	9.92e-01
 1.26552e+16	5.20e-07	8.77e-03	9.91e-01
 1.30161e+16	6.18e-07	9.59e-03	9.90e-01
 1.33789e+16	7.00e-07	1.05e-02	9.90e-01
 1.36705e+16	8.09e-07	1.13e-02	9.89e-01
 1.39759e+16	9.22e-07	1.22e-02	9.88e-01
 1.43046e+16	1.04e-06	1.33e-02	9.87e-01
 1.45973e+16	1.21e-06	1.43e-02	9.86e-01
 1.48601e+16	1.35e-06	1.54e-02	9.85e-01
 1.51504e+16	1.56e-06	1.68e-02	9.83e-01
 1.54588e+16	1.78e-06	1.83e-02	9.82e-01
 1.57286e+16	2.06e-06	1.99e-02	9.80e-01
 1.59721e+16	2.30e-06	2.15e-02	9.78e-01
 1.62049e+16	2.57e-06	2.33e-02	9.77e-01
 1.64692e+16	3.05e-06	2.56e-02	9.74e-01
 1.67453e+16	3.52e-06	2.83e-02	9.72e-01
 1.69819e+16	4.00e-06	3.10e-02	9.69e-01
 1.72009e+16	4.59e-06	3.39e-02	9.66e-01
 1.74088e+16	5.26e-06	3.71e-02	9.63e-01
 1.75976e+16	6.00e-06	4.05e-02	9.60e-01
 1.77764e+16	6.84e-06	4.42e-02	9.56e-01
 1.79798e+16	8.23e-06	4.92e-02	9.51e-01
 1.81901e+16	9.63e-06	5.51e-02	9.45e-01
 1.83688e+16	1.11e-05	6.13e-02	9.39e-01
 1.85346e+16	1.32e-05	6.81e-02	9.32e-01
 1.86918e+16	1.54e-05	7.58e-02	9.24e-01
 1.88387e+16	1.81e-05	8.43e-02	9.16e-01
 1.89780e+16	2.09e-05	9.38e-02	9.06e-01
 1.91330e+16	2.54e-05	1.07e-01	8.93e-01
 1.92875e+16	3.08e-05	1.22e-01	8.78e-01
 1.94025e+16	3.59e-05	1.36e-01	8.64e-01
 1.94956e+16	4.10e-05	1.50e-01	8.50e-01
 1.95991e+16	4.77e-05	1.67e-01	8.33e-01
 1.97160e+16	5.75e-05	1.90e-01	8.10e-01
 1.98036e+16	6.59e-05	2.10e-01	7.90e-01
 1.98545e+16	7.19e-05	2.24e-01	7.76e-01
 1.99043e+16	7.84e-05	2.38e-01	7.62e-01
 1.99691e+16	8.79e-05	2.58e-01	7.42e-01
 2.00394e+16	9.96e-05	2.82e-01	7.18e-01
 2.01003e+16	1.10e-04	3.05e-01	6.95e-01
 2.01626e+16	1.24e-04	3.31e-01	6.69e-01
 2.02281e+16	1.42e-04	3.61e-01	6.39e-01
 2.02795e+16	1.55e-04	3.85e-01	6.15e-01
 2.03278e+16	1.70e-04	4.10e-01	5.90e-01
 2.03907e+16	1.92e-04	4.45e-01	5.55e-01
 2.04563e+16	2.15e-04	4.81e-01	5.19e-01
 2.05123e+16	2.37e-04	5.14e-01	4.86e-01
 2.05722e+16	2.64e-04	5.51e-01	4.49e-01
 2.06392e+16	2.94e-04	5.91e-01	4.09e-01
 2.07032e+16	3.24e-04	6.29e-01	3.71e-01
 2.07740e+16	3.59e-04	6.70e-01	3.30e-01
 2.08533e+16	3.98e-04	7.12e-01	2.87e-01
 2.09302e+16	4.37e-04	7.50e-01	2.49e-01
 2.10169e+16	4.80e-04	7.89e-01	2.11e-01
 2.11296e+16	5.33e-04	8.31e-01	1.68e-01
 2.12512e+16	5.86e-04	8.67e-01	1.32e-01
 2.13667e+16	6.33e-04	8.94e-01	1.05e-01
 2.14990e+16	6.84e-04	9.18e-01	8.10e-02
 2.16710e+16	7.45e-04	9.41e-01	5.87e-02
 2.18946e+16	8.23e-04	9.60e-01	3.95e-02
 2.20733e+16	8.83e-04	9.69e-01	3.02e-02
 2.21529e+16	9.13e-04	9.72e-01	2.70e-02
 2.22156e+16	9.36e-04	9.75e-01	2.45e-02
 2.22972e+16	9.69e-04	9.77e-01	2.16e-02
 2.24032e+16	1.01e-03	9.81e-01	1.85e-02
 2.25215e+16	1.06e-03	9.83e-01	1.57e-02
 2.26288e+16	1.11e-03	9.85e-01	1.36e-02
 2.27228e+16	1.16e-03	9.87e-01	1.21e-02
 2.28064e+16	1.21e-03	9.88e-01	1.09e-02
 2.28813e+16	1.25e-03	9.89e-01	9.95e-03
 2.29650e+16	1.30e-03	9.90e-01	8.95e-03
 2.30561e+16	1.36e-03	9.91e-01	8.06e-03
 2.31343e+16	1.42e-03	9.91e-01	7.37e-03
 2.32005e+16	1.48e-03	9.92e-01	6.84e-03
 2.32732e+16	1.54e-03	9.92e-01	6.29e-03
 2.33536e+16	1.61e-03	9.93e-01	5.76e-03
 2.34253e+16	1.68e-03	9.93e-01	5.35e-03
 2.34869e+16	1.75e-03	9.93e-01	5.01e-03
 2.35537e+16	1.83e-03	9.94e-01	4.65e-03
 2.36274e+16	1.93e-03	9.94e-01	4.32e-03
 2.36923e+16	2.02e-03	9.94e-01	4.04e-03
 2.37480e+16	2.11e-03	9.94e-01	3.83e-03
 2.38093e+16	2.21e-03	9.94e-01	3.59e-03
 2.38761e+16	2.34e-03	9.94e-01	3.36e-03
 2.39349e+16	2.46e-03	9.94e-01	3.18e-03
 2.39859e+16	2.57e-03	9.94e-01	3.03e-03
 2.40418e+16	2.71e-03	9.94e-01	2.86e-03
 2.41029e+16	2.87e-03	9.94e-01	2.70e-03
 2.41570e+16	3.04e-03	9.94e-01	2.57e-03
 2.42042e+16	3.19e-03	9.94e-01	2.47e-03
 2.42562e+16	3.38e-03	9.94e-01	2.34e-03
 2.43133e+16	3.61e-03	9.94e-01	2.23e-03
 2.43641e+16	3.84e-03	9.94e-01	2.13e-03
 2.44090e+16	4.07e-03	9.94e-01	2.04e-03
 2.44589e+16	4.35e-03	9.94e-01	1.95e-03
 2.45142e+16	4.70e-03	9.93e-01	1.86e-03
 2.45648e+16	5.08e-03	9.93e-01	1.78e-03
 2.46108e+16	5.46e-03	9.93e-01	1.71e-03
 2.46626e+16	5.95e-03	9.92e-01	1.63e-03
 2.47183e+16	6.59e-03	9.92e-01	1.56e-03
 2.47657e+16	7.24e-03	9.91e-01	1.50e-03
 2.48056e+16	7.86e-03	9.91e-01	1.45e-03
 2.48420e+16	8.53e-03	9.90e-01	1.41e-03
 2.48766e+16	9.27e-03	9.89e-01	1.37e-03
 2.49104e+16	1.01e-02	9.89e-01	1.33e-03
 2.49431e+16	1.10e-02	9.88e-01	1.30e-03
 2.49740e+16	1.20e-02	9.87e-01	1.27e-03
 2.50034e+16	1.32e-02	9.86e-01	1.24e-03
 2.50312e+16	1.44e-02	9.84e-01	1.22e-03
 2.50579e+16	1.58e-02	9.83e-01	1.20e-03
 2.50838e+16	1.74e-02	9.81e-01	1.18e-03
 2.51087e+16	1.91e-02	9.80e-01	1.16e-03
 2.51328e+16	2.11e-02	9.78e-01	1.15e-03
 2.51561e+16	2.33e-02	9.76e-01	1.14e-03
 2.51783e+16	2.58e-02	9.73e-01	1.13e-03
 2.52002e+16	2.87e-02	9.70e-01	1.12e-03
 2.52215e+16	3.21e-02	9.67e-01	1.12e-03
 2.52418e+16	3.59e-02	9.63e-01	1.12e-03
 2.52608e+16	4.00e-02	9.59e-01	1.12e-03
 2.52787e+16	4.45e-02	9.54e-01	1.13e-03
 2.52961e+16	4.98e-02	9.49e-01	1.13e-03
 2.53126e+16	5.55e-02	9.43e-01	1.14e-03
 2.53284e+16	6.18e-02	9.37e-01	1.16e-03
 2.53436e+16	6.91e-02	9.30e-01	1.17e-03
 2.53580e+16	7.69e-02	9.22e-01	1.19e-03
 2.53716e+16	8.54e-02	9.13e-01	1.21e-03
 2.53844e+16	9.45e-02	9.04e-01	1.23e-03
 2.53959e+16	1.04e-01	8.95e-01	1.26e-03
 2.54062e+16	1.13e-01	8.86e-01	1.28e-03
 2.54157e+16	1.22e-01	8.76e-01	1.31e-03
 2.54233e+16	1.30e-01	8.68e-01	1.33e-03
 2.54284e+16	1.36e-01	8.62e-01	1.34e-03
 2.54330e+16	1.42e-01	8.57e-01	1.35e-03
 2.54384e+16	1.49e-01	8.50e-01	1.36e-03
 2.54442e+16	1.57e-01	8.42e-01	1.38e-03
 2.54498e+16	1.65e-01	8.33e-01	1.40e-03
 2.54551e+16	1.73e-01	8.26e-01	1.42e-03
 2.54603e+16	1.82e-01	8.17e-01	1.43e-03
 2.54655e+16	1.90e-01	8.08e-01	1.45e-03
 2.54707e+16	2.00e-01	7.99e-01	1.47e-03
 2.54759e+16	2.10e-01	7.89e-01	1.48e-03
 2.54810e+16	2.20e-01	7.79e-01	1.50e-03
 2.54859e+16	2.30e-01	7.69e-01	1.52e-03
 2.54909e+16	2.41e-01	7.57e-01	1.53e-03
 2.54958e+16	2.52e-01	7.46e-01	1.55e-03
 2.55006e+16	2.64e-01	7.34e-01	1.57e-03
 2.55054e+16	2.76e-01	7.23e-01	1.59e-03
 2.55102e+16	2.88e-01	7.10e-01	1.60e-03
 2.55149e+16	3.01e-01	6.97e-01	1.61e-03
 2.55195e+16	3.14e-01	6.84e-01	1.63e-03
 2.55240e+16	3.28e-01	6.71e-01	1.64e-03
 2.55286e+16	3.42e-01	6.57e-01	1.65e-03
 2.55331e+16	3.56e-01	6.42e-01	1.66e-03
 2.55375e+16	3.71e-01	6.28e-01	1.68e-03
 2.55419e+16	3.85e-01	6.13e-01	1.69e-03
 2.55462e+16	4.00e-01	5.98e-01	1.69e-03
 2.55505e+16	4.15e-01	5.83e-01	1.70e-03
 2.55548e+16	4.31e-01	5.67e-01	1.71e-03
 2.55589e+16	4.46e-01	5.52e-01	1.71e-03
 2.55630e+16	4.62e-01	5.37e-01	1.72e-03
 2.55670e+16	4.78e-01	5.21e-01	1.72e-03
 2.55711e+16	4.93e-01	5.05e-01	1.72e-03
 2.55749e+16	5.08e-01	4.90e-01	1.72e-03
 2.55787e+16	5.23e-01	4.75e-01	1.72e-03
 2.55824e+16	5.38e-01	4.60e-01	1.72e-03
 2.55861e+16	5.53e-01	4.45e-01	1.71e-03
 2.55898e+16	5.68e-01	4.30e-01	1.70e-03
 2.55933e+16	5.82e-01	4.16e-01	1.70e-03
 2.55968e+16	5.97e-01	4.02e-01	1.69e-03
 2.56002e+16	6.10e-01	3.88e-01	1.68e-03
 2.56036e+16	6.24e-01	3.74e-01	1.66e-03
 2.56070e+16	6.37e-01	3.61e-01	1.65e-03
 2.56103e+16	6.50e-01	3.48e-01	1.64e-03
 2.56135e+16	6.63e-01	3.36e-01	1.62e-03
 2.56167e+16	6.75e-01	3.23e-01	1.60e-03
 2.56198e+16	6.87e-01	3.12e-01	1.59e-03
 2.56230e+16	6.99e-01	3.00e-01	1.57e-03
 2.56261e+16	7.10e-01	2.88e-01	1.55e-03
 2.56292e+16	7.21e-01	2.77e-01	1.52e-03
 2.56323e+16	7.32e-01	2.67e-01	1.50e-03
 2.56353e+16	7.42e-01	2.56e-01	1.48e-03
 2.56384e+16	7.53e-01	2.46e-01	1.45e-03
 2.56414e+16	7.63e-01	2.36e-01	1.43e-03
 2.56440e+16	7.71e-01	2.28e-01	1.41e-03
 2.56461e+16	7.77e-01	2.22e-01	1.39e-03
 2.56479e+16	7.83e-01	2.16e-01	1.37e-03
 2.56499e+16	7.89e-01	2.10e-01	1.35e-03
 2.56520e+16	7.95e-01	2.04e-01	1.33e-03
 2.56539e+16	8.01e-01	1.98e-01	1.31e-03
 2.56558e+16	8.06e-01	1.93e-01	1.29e-03
 2.56576e+16	8.11e-01	1.88e-01	1.27e-03
 2.56594e+16	8.16e-01	1.83e-01	1.25e-03
 2.56611e+16	8.20e-01	1.78e-01	1.23e-03
 2.56628e+16	8.25e-01	1.74e-01	1.21e-03
 2.56645e+16	8.29e-01	1.70e-01	1.20e-03
 2.56662e+16	8.33e-01	1.66e-01	1.18e-03
 2.56678e+16	8.37e-01	1.62e-01	1.16e-03
 2.56694e+16	8.41e-01	1.58e-01	1.14e-03
 2.56710e+16	8.45e-01	1.54e-01	1.13e-03
 2.56726e+16	8.48e-01	1.51e-01	1.11e-03
 2.56742e+16	8.52e-01	1.47e-01	1.09e-03
 2.56758e+16	8.55e-01	1.44e-01	1.07e-03
 2.56774e+16	8.58e-01	1.41e-01	1.06e-03
 2.56790e+16	8.62e-01	1.37e-01	1.04e-03
 2.56806e+16	8.65e-01	1.34e-01	1.02e-03
 2.56822e+16	8.68e-01	1.31e-01	1.01e-03
 2.56839e+16	8.71e-01	1.28e-01	9.88e-04
 2.56857e+16	8.74e-01	1.25e-01	9.70e-04
 2.56875e+16	8.78e-01	1.22e-01	9.51e-04
 2.56894e+16	8.81e-01	1.18e-01	9.31e-04
 2.56915e+16	8.84e-01	1.15e-01	9.11e-04
 2.56939e+16	8.88e-01	1.11e-01	8.89e-04
 2.56965e+16	8.92e-01	1.07e-01	8.64e-04
 2.56995e+16	8.96e-01	1.03e-01	8.36e-04
 2.57026e+16	9.00e-01	9.89e-02	8.09e-04
 2.57057e+16	9.04e-01	9.51e-02	7.82e-04
 2.57087e+16	9.08e-01	9.16e-02	7.57e-04
 2.57117e+16	9.11e-01	8.83e-02	7.31e-04
 2.57146e+16	9.14e-01	8.53e-02	7.09e-04
 2.57173e+16	9.17e-01	8.27e-02	6.88e-04
 2.57197e+16	9.19e-01	8.05e-02	6.70e-04
 2.57219e+16	9.21e-01	7.86e-02	6.53e-04
 2.57243e+16	9.23e-01	7.65e-02	6.36e-04
 2.57270e+16	9.25e-01	7.45e-02	6.20e-04
 2.57293e+16	9.27e-01	7.28e-02	6.06e-04
 2.57315e+16	9.28e-01	7.13e-02	5.93e-04
 2.57338e+16	9.30e-01	6.96e-02	5.78e-04
 2.57364e+16	9.31e-01	6.81e-02	5.65e-04
 2.57387e+16	9.33e-01	6.67e-02	5.53e-04
 2.57413e+16	9.34e-01	6.52e-02	5.39e-04
 2.57440e+16	9.36e-01	6.39e-02	5.27e-04
 2.57465e+16	9.37e-01	6.27e-02	5.17e-04
 2.57493e+16	9.38e-01	6.13e-02	5.04e-04
 2.57522e+16	9.39e-01	6.01e-02	4.93e-04
 2.57549e+16	9.40e-01	5.91e-02	4.83e-04
 2.57579e+16	9.42e-01	5.79e-02	4.72e-04
 2.57610e+16	9.43e-01	5.69e-02	4.62e-04
 2.57639e+16	9.44e-01	5.59e-02	4.53e-04
 2.57671e+16	9.45e-01	5.50e-02	4.43e-04
 2.57713e+16	9.46e-01	5.38e-02	4.32e-04
 2.57757e+16	9.47e-01	5.28e-02	4.22e-04
 2.57798e+16	9.48e-01	5.19e-02	4.13e-04
 2.57842e+16	9.49e-01	5.10e-02	4.03e-04
 2.57890e+16	9.49e-01	5.02e-02	3.95e-04
 2.57934e+16	9.50e-01	4.95e-02	3.87e-04
 2.57982e+16	9.51e-01	4.87e-02	3.79e-04
 2.58044e+16	9.52e-01	4.79e-02	3.70e-04
 2.58111e+16	9.52e-01	4.72e-02	3.62e-04
 2.58172e+16	9.53e-01	4.66e-02	3.56e-04
 2.58239e+16	9.54e-01	4.59e-02	3.47e-04
 2.58326e+16	9.54e-01	4.52e-02	3.39e-04
 2.58420e+16	9.55e-01	4.46e-02	3.32e-04
 2.58506e+16	9.56e-01	4.41e-02	3.25e-04
 2.58599e+16	9.56e-01	4.35e-02	3.17e-04
 2.58721e+16	9.57e-01	4.28e-02	3.09e-04
 2.58853e+16	9.58e-01	4.21e-02	2.99e-04
 2.58972e+16	9.58e-01	4.17e-02	2.93e-04
 2.59104e+16	9.59e-01	4.11e-02	2.85e-04
 2.59245e+16	9.59e-01	4.05e-02	2.78e-04
 2.59374e+16	9.60e-01	4.00e-02	2.71e-04
 2.59515e+16	9.60e-01	3.94e-02	2.63e-04
 2.59668e+16	9.61e-01	3.89e-02	2.56e-04
 2.59806e+16	9.61e-01	3.84e-02	2.49e-04
 2.59958e+16	9.62e-01	3.78e-02	2.42e-04
 2.60122e+16	9.63e-01	3.72e-02	2.35e-04
 2.60272e+16	9.63e-01	3.67e-02	2.28e-04
 2.60408e+16	9.64e-01	3.62e-02	2.23e-04
 2.60557e+16	9.64e-01	3.57e-02	2.16e-04
 2.60717e+16	9.65e-01	3.52e-02	2.10e-04
 2.60864e+16	9.65e-01	3.47e-02	2.04e-04
 2.61024e+16	9.66e-01	3.42e-02	1.98e-04
 2.61197e+16	9.66e-01	3.37e-02	1.92e-04
 2.61355e+16	9.67e-01	3.32e-02	1.87e-04
 2.61527e+16	9.67e-01	3.27e-02	1.81e-04
 2.61713e+16	9.68e-01	3.21e-02	1.76e-04
 2.61883e+16	9.68e-01	3.17e-02	1.71e-04
 2.62037e+16	9.69e-01	3.12e-02	1.66e-04
 2.62206e+16	9.69e-01	3.08e-02	1.61e-04
 2.62389e+16	9.70e-01	3.03e-02	1.56e-04
 2.62555e+16	9.70e-01	2.99e-02	1.52e-04
 2.62737e+16	9.70e-01	2.94e-02	1.47e-04
 2.62933e+16	9.71e-01	2.89e-02	1.42e-04
 2.63112e+16	9.71e-01	2.84e-02	1.38e-04
 2.63275e+16	9.72e-01	2.81e-02	1.35e-04
 2.63453e+16	9.72e-01	2.76e-02	1.30e-04
 2.63646e+16	9.73e-01	2.72e-02	1.26e-04
 2.63821e+16	9.73e-01	2.68e-02	1.23e-04
 2.64013e+16	9.74e-01	2.64e-02	1.19e-04
 2.64220e+16	9.74e-01	2.59e-02	1.15e-04
 2.64409e+16	9.74e-01	2.55e-02	1.12e-04
 2.64615e+16	9.75e-01	2.51e-02	1.08e-04
 2.64838e+16	9.75e-01	2.47e-02	1.04e-04
 2.65041e+16	9.76e-01	2.43e-02	1.01e-04
 2.65226e+16	9.76e-01	2.39e-02	9.82e-05
 2.65428e+16	9.76e-01	2.35e-02	9.51e-05
 2.65647e+16	9.77e-01	2.31e-02	9.20e-05
 2.65846e+16	9.77e-01	2.28e-02	8.93e-05
 2.66064e+16	9.78e-01	2.24e-02	8.63e-05
 2.66299e+16	9.78e-01	2.20e-02	8.33e-05
 2.66513e+16	9.78e-01	2.16e-02	8.07e-05
 2.66748e+16	9.79e-01	2.12e-02	7.79e-05
 2.67001e+16	9.79e-01	2.08e-02	7.51e-05
 2.67231e+16	9.79e-01	2.05e-02	7.26e-05
 2.67484e+16	9.80e-01	2.01e-02	6.99e-05
 2.67757e+16	9.80e-01	1.97e-02	6.73e-05
 2.68005e+16	9.81e-01	1.94e-02	6.50e-05
 2.68230e+16	9.81e-01	1.91e-02	6.30e-05
 2.68478e+16	9.81e-01	1.87e-02	6.07e-05
 2.68745e+16	9.82e-01	1.84e-02	5.85e-05
 2.68988e+16	9.82e-01	1.81e-02	5.66e-05
 2.69254e+16	9.82e-01	1.77e-02	5.45e-05
 2.69542e+16	9.83e-01	1.74e-02	5.25e-05
 2.69804e+16	9.83e-01	1.71e-02	5.07e-05
 2.70090e+16	9.83e-01	1.67e-02	4.87e-05
 2.70400e+16	9.84e-01	1.64e-02	4.68e-05
 2.70681e+16	9.84e-01	1.61e-02	4.51e-05
 2.70990e+16	9.84e-01	1.57e-02	4.33e-05
 2.71323e+16	9.85e-01	1.54e-02	4.15e-05
 2.71627e+16	9.85e-01	1.51e-02	3.99e-05
 2.71959e+16	9.85e-01	1.48e-02	3.82e-05
 2.72318e+16	9.86e-01	1.44e-02	3.65e-05
 2.72644e+16	9.86e-01	1.42e-02	3.51e-05
 2.73002e+16	9.86e-01	1.38e-02	3.35e-05
 2.73388e+16	9.86e-01	1.35e-02	3.20e-05
 2.73739e+16	9.87e-01	1.32e-02	3.07e-05
 2.74059e+16	9.87e-01	1.30e-02	2.96e-05
 2.74410e+16	9.87e-01	1.27e-02	2.83e-05
 2.74788e+16	9.88e-01	1.24e-02	2.71e-05
 2.75132e+16	9.88e-01	1.22e-02	2.61e-05
 2.75509e+16	9.88e-01	1.19e-02	2.49e-05
 2.75917e+16	9.88e-01	1.16e-02	2.38e-05
 2.76287e+16	9.89e-01	1.14e-02	2.28e-05
 2.76693e+16	9.89e-01	1.11e-02	2.18e-05
 2.77132e+16	9.89e-01	1.08e-02	2.07e-05
 2.77531e+16	9.89e-01	1.06e-02	1.99e-05
 2.77968e+16	9.90e-01	1.03e-02	1.89e-05
 2.78440e+16	9.90e-01	1.01e-02	1.80e-05
 2.78870e+16	9.90e-01	9.84e-03	1.72e-05
 2.79340e+16	9.90e-01	9.58e-03	1.63e-05
 2.79848e+16	9.91e-01	9.32e-03	1.55e-05
 2.80311e+16	9.91e-01	9.11e-03	1.48e-05
 2.80817e+16	9.91e-01	8.86e-03	1.40e-05
 2.81364e+16	9.91e-01	8.61e-03	1.32e-05
 2.81862e+16	9.92e-01	8.40e-03	1.26e-05
 2.82408e+16	9.92e-01	8.16e-03	1.19e-05
 2.82996e+16	9.92e-01	7.92e-03	1.12e-05
 2.83532e+16	9.92e-01	7.72e-03	1.06e-05
 2.84120e+16	9.93e-01	7.49e-03	1.00e-05
 2.84883e+16	9.93e-01	7.20e-03	9.28e-06
 2.85763e+16	9.93e-01	6.89e-03	8.52e-06
 2.86664e+16	9.93e-01	6.60e-03	7.83e-06
 2.87588e+16	9.94e-01	6.32e-03	7.18e-06
 2.88550e+16	9.94e-01	6.04e-03	6.57e-06
 2.89550e+16	9.94e-01	5.77e-03	6.00e-06
 2.90587e+16	9.94e-01	5.51e-03	5.47e-06
 2.91659e+16	9.95e-01	5.25e-03	4.97e-06
 2.92757e+16	9.95e-01	5.00e-03	4.52e-06
 2.93873e+16	9.95e-01	4.76e-03	4.11e-06
 2.95009e+16	9.95e-01	4.54e-03	3.73e-06
 2.96167e+16	9.96e-01	4.32e-03	3.38e-06
 2.97347e+16	9.96e-01	4.11e-03	3.07e-06
 2.98549e+16	9.96e-01	3.91e-03	2.78e-06
 2.99773e+16	9.96e-01	3.72e-03	2.52e-06
 3.01020e+16	9.96e-01	3.54e-03	2.28e-06
 3.02290e+16	9.97e-01	3.36e-03	2.06e-06
 3.03565e+16	9.97e-01	3.20e-03	1.87e-06
 3.04859e+16	9.97e-01	3.04e-03	1.69e-06
 3.06202e+16	9.97e-01	2.88e-03	1.52e-06
 3.07577e+16	9.97e-01	2.74e-03	1.37e-06
 3.08971e+16	9.97e-01	2.60e-03	1.23e-06
 3.10389e+16	9.98e-01	2.46e-03	1.11e-06
 3.11835e+16	9.98e-01	2.33e-03	9.98e-07
 3.13310e+16	9.98e-01	2.21e-03	8.95e-07
 3.14814e+16	9.98e-01	2.09e-03	8.03e-07
 3.16348e+16	9.98e-01	1.98e-03	7.19e-07
 3.17913e+16	9.98e-01	1.87e-03	6.43e-07
 3.19510e+16	9.98e-01	1.77e-03	5.74e-07
 3.21141e+16	9.98e-01	1.67e-03	5.12e-07
 3.22806e+16	9.98e-01	1.57e-03	4.56e-07
 3.24506e+16	9.99e-01	1.48e-03	4.05e-07
 3.26245e+16	9.99e-01	1.40e-03	3.59e-07
 3.28022e+16	9.99e-01	1.31e-03	3.18e-07
 3.29840e+16	9.99e-01	1.24e-03	2.82e-07
 3.31701e+16	9.99e-01	1.16e-03	2.49e-07
 3.33607e+16	9.99e-01	1.09e-03	2.19e-07
 3.35561e+16	9.99e-01	1.02e-03	1.92e-07
 3.37564e+16	9.99e-01	9.55e-04	1.68e-07
 3.39620e+16	9.99e-01	8.94e-04	1.47e-07
 3.41731e+16	9.99e-01	8.34e-04	1.28e-07
 3.43905e+16	9.99e-01	7.78e-04	1.12e-07
 3.46143e+16	9.99e-01	7.25e-04	9.68e-08
 3.48403e+16	9.99e-01	6.75e-04	8.40e-08
 3.50725e+16	9.99e-01	6.27e-04	7.24e-08
 3.53185e+16	9.99e-01	5.81e-04	6.20e-08
 3.55748e+16	9.99e-01	5.36e-04	5.28e-08
 3.58395e+16	1.00e+00	4.94e-04	4.48e-08
 3.61138e+16	1.00e+00	4.54e-04	3.78e-08
 3.63999e+16	1.00e+00	4.16e-04	3.17e-08
 3.66990e+16	1.00e+00	3.80e-04	2.64e-08
 3.70125e+16	1.00e+00	3.46e-04	2.18e-08
 3.73427e+16	1.00e+00	3.13e-04	1.78e-08
 3.76912e+16	1.00e+00	2.82e-04	1.44e-08
 3.80617e+16	1.00e+00	2.53e-04	1.15e-08
 3.84543e+16	1.00e+00	2.25e-04	9.13e-09
 3.88745e+16	1.00e+00	1.99e-04	7.11e-09
 3.93309e+16	1.00e+00	1.74e-04	5.42e-09
 3.98257e+16	1.00e+00	1.51e-04	4.05e-09
 4.03672e+16	1.00e+00	1.29e-04	2.95e-09
 4.09690e+16	1.00e+00	1.08e-04	2.07e-09
 4.16676e+16	1.00e+00	8.85e-05	1.38e-09
 4.24411e+16	1.00e+00	7.12e-05	8.90e-10
 4.32702e+16	1.00e+00	5.63e-05	5.56e-10
 4.41629e+16	1.00e+00	4.39e-05	3.38e-10
 4.50736e+16	1.00e+00	3.41e-05	2.05e-10
 4.59814e+16	1.00e+00	2.66e-05	1.25e-10
 4.68941e+16	1.00e+00	2.08e-05	7.69e-11
 4.78265e+16	1.00e+00	1.62e-05	4.69e-11
 4.87811e+16	1.00e+00	1.26e-05	2.86e-11
 4.97596e+16	1.00e+00	9.77e-06	1.73e-11
 5.07665e+16	1.00e+00	7.56e-06	1.04e-11
 5.18063e+16	1.00e+00	5.82e-06	6.24e-12
 5.28796e+16	1.00e+00	4.47e-06	3.71e-12
 5.39840e+16	1.00e+00	3.42e-06	2.20e-12
 5.51330e+16	1.00e+00	2.61e-06	1.29e-12
 5.63364e+16	1.00e+00	1.98e-06	7.42e-13
 5.75928e+16	1.00e+00	1.49e-06	4.23e-13
 5.89092e+16	1.00e+00	1.11e-06	2.38e-13
 6.02995e+16	1.00e+00	8.23e-07	1.32e-13
 6.17769e+16	1.00e+00	6.03e-07	7.11e-14
 6.33221e+16	1.00e+00	4.40e-07	3.80e-14
 6.48881e+16	1.00e+00	3.23e-07	2.05e-14
 6.64542e+16	1.00e+00	2.38e-07	1.13e-14
 6.80202e+16	1.00e+00	1.77e-07	6.26e-15
 6.95862e+16	1.00e+00	1.33e-07	3.53e-15
 7.13872e+16	1.00e+00	9.54e-08	1.83e-15
 7.34537e+16	1.00e+00	6.65e-08	8.91e-16
 7.55510e+16	1.00e+00	4.67e-08	4.41e-16
 7.77995e+16	1.00e+00	3.22e-08	2.09e-16
 8.02345e+16	1.00e+00	2.18e-08	9.70e-17
 8.27048e+16	1.00e+00	1.50e-08	4.55e-17
 8.51750e+16	1.00e+00	1.04e-08	2.19e-17
 8.77501e+16	1.00e+00	7.12e-09	1.04e-17
 9.04838e+16	1.00e+00	4.85e-09	4.82e-18
 9.32986e+16	1.00e+00	3.31e-09	2.25e-18
 9.61406e+16	1.00e+00	2.27e-09	1.06e-18
 9.89826e+16	1.00e+00	1.58e-09	5.15e-19
 1.01825e+17	1.00e+00	1.11e-09	2.54e-19
 1.04667e+17	1.00e+00	7.86e-10	1.28e-19
 1.07509e+17	1.00e+00	5.61e-10	6.52e-20
 1.10351e+17	1.00e+00	4.04e-10	3.39e-20
 1.13193e+17	1.00e+00	2.94e-10	1.79e-20
 1.16179e+17	1.00e+00	2.11e-10	9.21e-21
 1.19308e+17	1.00e+00	1.51e-10	0.00e+00
 1.22438e+17	1.00e+00	1.09e-10	0.00e+00
 1.25568e+17	1.00e+00	7.90e-11	0.00e+00
 1.28698e+17	1.00e+00	5.79e-11	0.00e+00
 1.31828e+17	1.00e+00	4.28e-11	0.00e+00
 1.34958e+17	1.00e+00	3.19e-11	0.00e+00
 1.38095e+17	1.00e+00	2.40e-11	0.00e+00
 1.41210e+17	1.00e+00	1.83e-11	0.00e+00
 1.44244e+17	1.00e+00	1.41e-11	0.00e+00
 1.47166e+17	1.00e+00	1.12e-11	0.00e+00
 1.49972e+17	1.00e+00	8.98e-12	0.00e+00
 1.52676e+17	1.00e+00	7.35e-12	0.00e+00
 1.55278e+17	1.00e+00	6.13e-12	0.00e+00
 1.57766e+17	1.00e+00	5.20e-12	0.00e+00
 1.60135e+17	1.00e+00	4.49e-12	0.00e+00
 1.62389e+17	1.00e+00	3.94e-12	0.00e+00
 1.64530e+17	1.00e+00	3.51e-12	0.00e+00
 1.66564e+17	1.00e+00	3.17e-12	0.00e+00
 1.68493e+17	1.00e+00	2.90e-12	0.00e+00
 1.70321e+17	1.00e+00	2.68e-12	0.00e+00
 1.72052e+17	1.00e+00	2.50e-12	0.00e+00
 1.73691e+17	1.00e+00	2.35e-12	0.00e+00
 1.75242e+17	1.00e+00	2.23e-12	0.00e+00
 1.76711e+17	1.00e+00	2.13e-12	0.00e+00
 1.78102e+17	1.00e+00	2.05e-12	0.00e+00
 1.79419e+17	1.00e+00	1.98e-12	0.00e+00
 1.80667e+17	1.00e+00	1.92e-12	0.00e+00
 1.81849e+17	1.00e+00	1.87e-12	0.00e+00
 1.82969e+17	1.00e+00	1.82e-12	0.00e+00
 1.84030e+17	1.00e+00	1.78e-12	0.00e+00
 1.85036e+17	1.00e+00	1.75e-12	0.00e+00
 1.85989e+17	1.00e+00	1.72e-12	0.00e+00
 1.86894e+17	1.00e+00	1.70e-12	0.00e+00
 1.87753e+17	1.00e+00	1.68e-12	0.00e+00
 1.88569e+17	1.00e+00	1.66e-12	0.00e+00
 1.89344e+17	1.00e+00	1.64e-12	0.00e+00
 1.90080e+17	1.00e+00	1.62e-12	0.00e+00
 1.90779e+17	1.00e+00	1.61e-12	0.00e+00
 1.91445e+17	1.00e+00	1.60e-12	0.00e+00
 1.92078e+17	1.00e+00	1.59e-12	0.00e+00
 1.92681e+17	1.00e+00	1.57e-12	0.00e+00
 1.93256e+17	1.00e+00	1.57e-12	0.00e+00
 1.93804e+17	1.00e+00	1.56e-12	0.00e+00
 1.94327e+17	1.00e+00	1.55e-12	0.00e+00
 1.94826e+17	1.00e+00	1.54e-12	0.00e+00
 1.95302e+17	1.00e+00	1.54e-12	0.00e+00
 1.95758e+17	1.00e+00	1.53e-12	0.00e+00
 1.96195e+17	1.00e+00	1.52e-12	0.00e+00
 1.96613e+17	1.00e+00	1.52e-12	0.00e+00
 1.97015e+17	1.00e+00	1.51e-12	0.00e+00
 1.97400e+17	1.00e+00	1.51e-12	0.00e+00
 1.97771e+17	1.00e+00	1.51e-12	0.00e+00
 1.98128e+17	1.00e+00	1.50e-12	0.00e+00
 1.98473e+17	1.00e+00	1.50e-12	0.00e+00
 1.98807e+17	1.00e+00	1.50e-12	0.00e+00
 1.99130e+17	1.00e+00	1.49e-12	0.00e+00
 1.99444e+17	1.00e+00	1.49e-12	0.00e+00
 1.99750e+17	1.00e+00	1.49e-12	0.00e+00
 2.00049e+17	1.00e+00	1.48e-12	0.00e+00
 2.00341e+17	1.00e+00	1.48e-12	0.00e+00
 2.00629e+17	1.00e+00	1.48e-12	0.00e+00
 2.00913e+17	1.00e+00	1.47e-12	0.00e+00
 2.01195e+17	1.00e+00	1.47e-12	0.00e+00
 2.01476e+17	1.00e+00	1.47e-12	0.00e+00
 2.01757e+17	1.00e+00	1.47e-12	0.00e+00
 2.02042e+17	1.00e+00	1.46e-12	0.00e+00
 2.02331e+17	1.00e+00	1.46e-12	0.00e+00
 2.02627e+17	1.00e+00	1.46e-12	0.00e+00
 2.02934e+17	1.00e+00	1.45e-12	0.00e+00
 2.03256e+17	1.00e+00	1.45e-12	0.00e+00
 2.03596e+17	1.00e+00	1.45e-12	0.00e+00
 2.03962e+17	1.00e+00	1.44e-12	0.00e+00
 2.04363e+17	1.00e+00	1.44e-12	0.00e+00
 2.04809e+17	1.00e+00	1.43e-12	0.00e+00
 2.05318e+17	1.00e+00	1.43e-12	0.00e+00
 2.05913e+17	1.00e+00	1.42e-12	0.00e+00
 2.06630e+17	1.00e+00	1.41e-12	0.00e+00
 2.07526e+17	1.00e+00	1.39e-12	0.00e+00
 2.08677e+17	1.00e+00	1.37e-12	0.00e+00
 2.10173e+17	1.00e+00	1.34e-12	0.00e+00
 2.12118e+17	1.00e+00	1.29e-12	0.00e+00
 2.14647e+17	1.00e+00	1.23e-12	0.00e+00
 2.17935e+17	1.00e+00	1.14e-12	0.00e+00
 2.22208e+17	1.00e+00	1.03e-12	0.00e+00
 2.27764e+17	1.00e+00	8.96e-13	0.00e+00
 2.34987e+17	1.00e+00	7.41e-13	0.00e+00
 2.43850e+17	1.00e+00	5.74e-13	0.00e+00
 2.53604e+17	1.00e+00	4.57e-13	0.00e+00
 2.63749e+17	1.00e+00	4.08e-13	0.00e+00
 2.74299e+17	1.00e+00	3.71e-13	0.00e+00
 2.85271e+17	1.00e+00	3.36e-13	0.00e+00
 2.96681e+17	1.00e+00	3.03e-13	0.00e+00
 3.08549e+17	1.00e+00	2.71e-13	0.00e+00
 3.20891e+17	1.00e+00	2.40e-13	0.00e+00
 3.33726e+17	1.00e+00	2.11e-13	0.00e+00
 3.47075e+17	1.00e+00	1.83e-13	0.00e+00
 3.60958e+17	1.00e+00	1.57e-13	0.00e+00
 3.74718e+17	1.00e+00	1.32e-13	0.00e+00
 3.87181e+17	1.00e+00	1.30e-13	0.00e+00
 3.98051e+17	1.00e+00	1.44e-13	0.00e+00
 4.07879e+17	1.00e+00	1.54e-13	0.00e+00
 4.17317e+17	1.00e+00	1.52e-13	0.00e+00
 4.26547e+17	1.00e+00	1.39e-13	0.00e+00
 4.35114e+17	1.00e+00	1.27e-13	0.00e+00
 4.42549e+17	1.00e+00	1.23e-13	0.00e+00
 4.48482e+17	1.00e+00	1.23e-13	0.00e+00
 4.52588e+17	1.00e+00	1.28e-13	0.00e+00
 4.55076e+17	1.00e+00	1.35e-13	0.00e+00
 4.56543e+17	1.00e+00	1.40e-13	0.00e+00
 4.57424e+17	1.00e+00	1.43e-13	0.00e+00
 4.57952e+17	1.00e+00	1.45e-13	0.00e+00
 4.58329e+17	1.00e+00	1.46e-13	0.00e+00
 4.58731e+17	1.00e+00	1.47e-13	0.00e+00
 4.59206e+17	1.00e+00	1.48e-13	0.00e+00
 4.59681e+17	1.00e+00	1.48e-13	0.00e+00
 4.60059e+17	1.00e+00	1.48e-13	0.00e+00
 4.60368e+17	1.00e+00	1.48e-13	0.00e+00
 4.60694e+17	1.00e+00	1.48e-13	0.00e+00
 4.61036e+17	1.00e+00	1.48e-13	0.00e+00
 4.61332e+17	1.00e+00	1.48e-13	0.00e+00
 4.61586e+17	1.00e+00	1.48e-13	0.00e+00
 4.61834e+17	1.00e+00	1.47e-13	0.00e+00
 4.62083e+17	1.00e+00	1.47e-13	0.00e+00
 4.62322e+17	1.00e+00	1.47e-13	0.00e+00
 4.62541e+17	1.00e+00	1.47e-13	0.00e+00
 4.62746e+17	1.00e+00	1.46e-13	0.00e+00
 4.62941e+17	1.00e+00	1.46e-13	0.00e+00
 4.63134e+17	1.00e+00	1.46e-13	0.00e+00
 4.63328e+17	1.00e+00	1.45e-13	0.00e+00
 4.63515e+17	1.00e+00	1.45e-13	0.00e+00
 4.63691e+17	1.00e+00	1.44e-13	0.00e+00
 4.63857e+17	1.00e+00	1.44e-13	0.00e+00
 4.64017e+17	1.00e+00	1.44e-13	0.00e+00
 4.64174e+17	1.00e+00	1.43e-13	0.00e+00
 4.64328e+17	1.00e+00	1.43e-13	0.00e+00
 4.64481e+17	1.00e+00	1.42e-13	0.00e+00
 4.64633e+17	1.00e+00	1.42e-13	0.00e+00
 4.64777e+17	1.00e+00	1.41e-13	0.00e+00
 4.64915e+17	1.00e+00	1.41e-13	0.00e+00
 4.65058e+17	1.00e+00	1.41e-13	0.00e+00
 4.65207e+17	1.00e+00	1.40e-13	0.00e+00
 4.65351e+17	1.00e+00	1.39e-13	0.00e+00
 4.65489e+17	1.00e+00	1.39e-13	0.00e+00
 4.65629e+17	1.00e+00	1.38e-13	0.00e+00
 4.65774e+17	1.00e+00	1.38e-13	0.00e+00
 4.65920e+17	1.00e+00	1.37e-13	0.00e+00
 4.66065e+17	1.00e+00	1.37e-13	0.00e+00
 4.66204e+17	1.00e+00	1.36e-13	0.00e+00
 4.66342e+17	1.00e+00	1.36e-13	0.00e+00
 4.66489e+17	1.00e+00	1.35e-13	0.00e+00
 4.66645e+17	1.00e+00	1.34e-13	0.00e+00
 4.66800e+17	1.00e+00	1.34e-13	0.00e+00
 4.66953e+17	1.00e+00	1.33e-13	0.00e+00
 4.67110e+17	1.00e+00	1.32e-13	0.00e+00
 4.67283e+17	1.00e+00	1.32e-13	0.00e+00
 4.67466e+17	1.00e+00	1.31e-13	0.00e+00
 4.67639e+17	1.00e+00	1.30e-13	0.00e+00
 4.67802e+17	1.00e+00	1.29e-13	0.00e+00
 4.67969e+17	1.00e+00	1.28e-13	0.00e+00
 4.68149e+17	1.00e+00	1.27e-13	0.00e+00
 4.68340e+17	1.00e+00	1.27e-13	0.00e+00
 4.68539e+17	1.00e+00	1.25e-13	0.00e+00
 4.68729e+17	1.00e+00	1.24e-13	0.00e+00
 4.68918e+17	1.00e+00	1.24e-13	0.00e+00
 4.69123e+17	1.00e+00	1.23e-13	0.00e+00
 4.69345e+17	1.00e+00	1.21e-13	0.00e+00
 4.69574e+17	1.00e+00	1.20e-13	0.00e+00
 4.69808e+17	1.00e+00	1.19e-13	0.00e+00
 4.70037e+17	1.00e+00	1.18e-13	0.00e+00
 4.70265e+17	1.00e+00	1.16e-13	0.00e+00
 4.70501e+17	1.00e+00	1.15e-13	0.00e+00
 4.70750e+17	1.00e+00	1.14e-13	0.00e+00
 4.71012e+17	1.00e+00	1.12e-13	0.00e+00
 4.71271e+17	1.00e+00	1.11e-13	0.00e+00
 4.71536e+17	1.00e+00	1.10e-13	0.00e+00
 4.71825e+17	1.00e+00	1.08e-13	0.00e+00
 4.72126e+17	1.00e+00	1.06e-13	0.00e+00
 4.72421e+17	1.00e+00	1.05e-13	0.00e+00
 4.72713e+17	1.00e+00	1.03e-13	0.00e+00
 4.73017e+17	1.00e+00	1.01e-13	0.00e+00
 4.73352e+17	1.00e+00	9.96e-14	0.00e+00
 4.73706e+17	1.00e+00	9.76e-14	0.00e+00
 4.74043e+17	1.00e+00	9.56e-14	0.00e+00
 4.74370e+17	1.00e+00	9.39e-14	0.00e+00
 4.74720e+17	1.00e+00	9.20e-14	0.00e+00
 4.75106e+17	1.00e+00	8.99e-14	0.00e+00
 4.75494e+17	1.00e+00	8.77e-14	0.00e+00
 4.75864e+17	1.00e+00	8.57e-14	0.00e+00
 4.76247e+17	1.00e+00	8.37e-14	0.00e+00
 4.76663e+17	1.00e+00	8.15e-14	0.00e+00
 4.77093e+17	1.00e+00	7.91e-14	0.00e+00
 4.77512e+17	1.00e+00	7.70e-14	0.00e+00
 4.77932e+17	1.00e+00	7.48e-14	0.00e+00
 4.78374e+17	1.00e+00	7.25e-14	0.00e+00
 4.78833e+17	1.00e+00	7.02e-14	0.00e+00
 4.79298e+17	1.00e+00	6.79e-14	0.00e+00
 4.79768e+17	1.00e+00	6.55e-14	0.00e+00
 4.80251e+17	1.00e+00	6.32e-14	0.00e+00
 4.80748e+17	1.00e+00	6.08e-14	0.00e+00
 4.81257e+17	1.00e+00	5.85e-14	0.00e+00
 4.81774e+17	1.00e+00	5.61e-14	0.00e+00
 4.82297e+17	1.00e+00	5.37e-14	0.00e+00
 4.82824e+17	1.00e+00	5.14e-14	0.00e+00
 4.83382e+17	1.00e+00	4.91e-14	0.00e+00
 4.83965e+17	1.00e+00	4.66e-14	0.00e+00
 4.84538e+17	1.00e+00	4.43e-14	0.00e+00
 4.85099e+17	1.00e+00	4.21e-14	0.00e+00
 4.85699e+17	1.00e+00	3.99e-14	0.00e+00
 4.86345e+17	1.00e+00	3.75e-14	0.00e+00
 4.86989e+17	1.00e+00	3.52e-14	0.00e+00
 4.87620e+17	1.00e+00	3.31e-14	0.00e+00
 4.88270e+17	1.00e+00	3.11e-14	0.00e+00
 4.88970e+17	1.00e+00	2.89e-14	0.00e+00
 4.89701e+17	1.00e+00	2.68e-14	0.00e+00
 4.90435e+17	1.00e+00	2.47e-14	0.00e+00
 4.91122e+17	1.00e+00	2.28e-14	0.00e+00
 4.91717e+17	1.00e+00	2.12e-14	0.00e+00
 4.92227e+17	1.00e+00	2.00e-14	0.00e+00
 4.92698e+17	1.00e+00	1.89e-14	0.00e+00
 4.93162e+17	1.00e+00	1.79e-14	0.00e+00
 4.93622e+17	1.00e+00	1.70e-14	0.00e+00
 4.94061e+17	1.00e+00	1.61e-14	0.00e+00
 4.94467e+17	1.00e+00	1.52e-14	0.00e+00
 4.94844e+17	1.00e+00	1.45e-14	0.00e+00
 4.95207e+17	1.00e+00	1.39e-14	0.00e+00
 4.95564e+17	1.00e+00	1.33e-14	0.00e+00
 4.95912e+17	1.00e+00	1.27e-14	0.00e+00
 4.96246e+17	1.00e+00	1.21e-14	0.00e+00
 4.96562e+17	1.00e+00	1.16e-14	0.00e+00
 4.96866e+17	1.00e+00	1.11e-14	0.00e+00
 4.97161e+17	1.00e+00	1.07e-14	0.00e+00
 4.97448e+17	1.00e+00	1.03e-14	0.00e+00
 4.97727e+17	1.00e+00	9.87e-15	0.00e+00
 4.97995e+17	1.00e+00	9.49e-15	0.00e+00
 4.98254e+17	1.00e+00	9.12e-15	0.00e+00
 4.98503e+17	1.00e+00	8.79e-15	0.00e+00
 4.98745e+17	1.00e+00	8.47e-15	0.00e+00
 4.98982e+17	1.00e+00	8.17e-15	0.00e+00
 4.99213e+17	1.00e+00	7.88e-15	0.00e+00
 4.99437e+17	1.00e+00	7.61e-15	0.00e+00
 4.99655e+17	1.00e+00	7.33e-15	0.00e+00
 4.99865e+17	1.00e+00	7.09e-15	0.00e+00
 5.00070e+17	1.00e+00	6.86e-15	0.00e+00
 5.00272e+17	1.00e+00	6.63e-15	0.00e+00
 5.00469e+17	1.00e+00	6.40e-15	0.00e+00
 5.00694e+17	1.00e+00	6.19e-15	0.00e+00
 5.00987e+17	1.00e+00	5.94e-15	0.00e+00
 5.01367e+17	1.00e+00	5.60e-15	0.00e+00
 5.01861e+17	1.00e+00	5.19e-15	0.00e+00
 5.02503e+17	1.00e+00	4.69e-15	0.00e+00
 5.03337e+17	1.00e+00	4.09e-15	0.00e+00
 5.04338e+17	1.00e+00	3.42e-15	0.00e+00
 5.05283e+17	1.00e+00	2.78e-15	0.00e+00
 5.05988e+17	1.00e+00	2.36e-15	0.00e+00
 5.06505e+17	1.00e+00	2.11e-15	0.00e+00
 5.06982e+17	1.00e+00	1.92e-15	0.00e+00
 5.07522e+17	1.00e+00	1.74e-15	0.00e+00
 5.08136e+17	1.00e+00	1.54e-15	0.00e+00
 5.08766e+17	1.00e+00	1.36e-15	0.00e+00
 5.09354e+17	1.00e+00	1.20e-15	0.00e+00
 5.09892e+17	1.00e+00	1.07e-15	0.00e+00
 5.10423e+17	1.00e+00	9.61e-16	0.00e+00
