#depth	N	N+	N+2	N+3	N+4	N+5	N+6	N+7
 1.49634e+10	0.00e+00	0.00e+00	9.56e-29	5.32e-19	3.57e-10	7.87e-01	2.13e-01	3.18e-05
 4.54887e+10	0.00e+00	5.80e-39	1.23e-28	6.34e-19	3.93e-10	8.01e-01	1.99e-01	2.75e-05
 7.72350e+10	0.00e+00	0.00e+00	1.59e-28	7.54e-19	4.33e-10	8.13e-01	1.87e-01	2.38e-05
 1.10251e+11	0.00e+00	1.13e-38	2.05e-28	8.98e-19	4.76e-10	8.26e-01	1.74e-01	2.05e-05
 1.42744e+11	0.00e+00	0.00e+00	2.60e-28	1.06e-18	5.19e-10	8.37e-01	1.63e-01	1.78e-05
 1.76537e+11	0.00e+00	2.11e-38	3.30e-28	1.24e-18	5.67e-10	8.47e-01	1.53e-01	1.55e-05
 2.13525e+11	0.00e+00	0.00e+00	4.24e-28	1.48e-18	6.22e-10	8.57e-01	1.43e-01	1.33e-05
 2.50992e+11	0.00e+00	4.05e-38	5.41e-28	1.74e-18	6.80e-10	8.67e-01	1.33e-01	1.15e-05
 2.89958e+11	0.00e+00	0.00e+00	6.90e-28	2.06e-18	7.42e-10	8.76e-01	1.24e-01	9.91e-06
 3.31483e+11	0.00e+00	7.76e-38	8.86e-28	2.44e-18	8.12e-10	8.85e-01	1.15e-01	8.50e-06
 3.74669e+11	0.00e+00	0.00e+00	1.14e-27	2.89e-18	8.88e-10	8.93e-01	1.07e-01	7.29e-06
 4.19582e+11	0.00e+00	1.50e-37	1.46e-27	3.42e-18	9.71e-10	9.01e-01	9.92e-02	6.24e-06
 4.66292e+11	0.00e+00	0.00e+00	1.87e-27	4.05e-18	1.06e-09	9.08e-01	9.20e-02	5.34e-06
 5.14871e+11	0.00e+00	2.89e-37	2.39e-27	4.79e-18	1.16e-09	9.15e-01	8.52e-02	4.56e-06
 5.65393e+11	0.00e+00	0.00e+00	3.07e-27	5.67e-18	1.26e-09	9.21e-01	7.89e-02	3.90e-06
 6.17935e+11	0.00e+00	5.56e-37	3.93e-27	6.70e-18	1.38e-09	9.27e-01	7.30e-02	3.33e-06
 6.72579e+11	0.00e+00	0.00e+00	5.04e-27	7.92e-18	1.50e-09	9.32e-01	6.75e-02	2.84e-06
 7.25102e+11	0.00e+00	1.05e-36	6.34e-27	9.25e-18	1.63e-09	9.37e-01	6.28e-02	2.45e-06
 7.72171e+11	0.00e+00	0.00e+00	7.73e-27	1.06e-17	1.75e-09	9.41e-01	5.90e-02	2.16e-06
 8.23701e+11	0.00e+00	1.80e-36	9.55e-27	1.22e-17	1.88e-09	9.45e-01	5.51e-02	1.88e-06
 8.84847e+11	5.91e-47	2.48e-36	1.22e-26	1.43e-17	2.04e-09	9.49e-01	5.10e-02	1.61e-06
 9.46129e+11	0.00e+00	0.00e+00	1.54e-26	1.68e-17	2.21e-09	9.53e-01	4.73e-02	1.38e-06
 1.00386e+12	0.00e+00	4.47e-36	1.90e-26	1.94e-17	2.38e-09	9.56e-01	4.41e-02	1.20e-06
 1.06794e+12	1.80e-46	6.06e-36	2.39e-26	2.26e-17	2.58e-09	9.59e-01	4.10e-02	1.03e-06
 1.14058e+12	0.00e+00	0.00e+00	3.06e-26	2.67e-17	2.81e-09	9.62e-01	3.76e-02	8.71e-07
 1.21343e+12	0.00e+00	1.16e-35	3.90e-26	3.14e-17	3.05e-09	9.65e-01	3.47e-02	0.00e+00
 1.28919e+12	6.02e-46	1.60e-35	4.96e-26	3.69e-17	3.31e-09	9.68e-01	3.21e-02	0.00e+00
 1.37068e+12	0.00e+00	0.00e+00	6.38e-26	4.37e-17	3.61e-09	9.70e-01	2.95e-02	0.00e+00
 1.45544e+12	0.00e+00	3.11e-35	8.20e-26	5.17e-17	3.94e-09	9.73e-01	2.72e-02	0.00e+00
 1.54358e+12	2.09e-45	4.33e-35	1.05e-25	6.13e-17	4.29e-09	9.75e-01	2.50e-02	0.00e+00
 1.63525e+12	0.00e+00	0.00e+00	1.36e-25	7.26e-17	4.68e-09	9.77e-01	2.30e-02	0.00e+00
 1.73059e+12	0.00e+00	8.46e-35	1.75e-25	8.60e-17	5.10e-09	9.79e-01	2.11e-02	0.00e+00
 1.82974e+12	7.32e-45	1.18e-34	2.25e-25	1.02e-16	5.56e-09	9.81e-01	1.94e-02	0.00e+00
 1.92254e+12	0.00e+00	0.00e+00	2.83e-25	1.19e-16	6.01e-09	9.82e-01	1.80e-02	0.00e+00
 2.00488e+12	0.00e+00	2.08e-34	3.45e-25	1.36e-16	6.43e-09	9.83e-01	1.68e-02	0.00e+00
 2.09708e+12	2.11e-44	2.76e-34	4.27e-25	1.57e-16	6.92e-09	9.84e-01	1.57e-02	0.00e+00
 2.20714e+12	0.00e+00	3.83e-34	5.47e-25	1.85e-16	7.53e-09	9.86e-01	1.44e-02	0.00e+00
 2.31832e+12	4.72e-44	5.28e-34	6.97e-25	2.18e-16	8.17e-09	9.87e-01	1.33e-02	0.00e+00
 2.42249e+12	0.00e+00	7.05e-34	8.68e-25	2.52e-16	8.81e-09	9.88e-01	1.24e-02	0.00e+00
 2.53786e+12	9.97e-44	9.62e-34	1.10e-24	2.96e-16	9.55e-09	9.89e-01	1.14e-02	0.00e+00
 2.66930e+12	0.00e+00	1.35e-33	1.42e-24	3.52e-16	1.04e-08	9.90e-01	1.05e-02	0.00e+00
 2.79976e+12	2.29e-43	1.88e-33	1.82e-24	4.16e-16	1.14e-08	9.90e-01	9.61e-03	0.00e+00
 2.93543e+12	0.00e+00	2.61e-33	2.34e-24	4.92e-16	1.24e-08	9.91e-01	8.83e-03	0.00e+00
 3.08278e+12	5.30e-43	3.68e-33	3.03e-24	5.87e-16	1.35e-08	9.92e-01	8.08e-03	0.00e+00
 3.21896e+12	0.00e+00	4.99e-33	3.83e-24	6.87e-16	1.47e-08	9.93e-01	7.47e-03	0.00e+00
 3.33715e+12	1.07e-42	6.47e-33	4.66e-24	7.84e-16	1.57e-08	9.93e-01	6.98e-03	0.00e+00
 3.46854e+12	0.00e+00	8.54e-33	5.76e-24	9.05e-16	1.69e-08	9.94e-01	6.49e-03	0.00e+00
 3.62862e+12	2.28e-42	1.19e-32	7.39e-24	1.07e-15	1.84e-08	9.94e-01	5.96e-03	0.00e+00
 3.79181e+12	0.00e+00	1.64e-32	9.46e-24	1.27e-15	2.00e-08	9.95e-01	5.48e-03	0.00e+00
 3.94116e+12	4.85e-42	2.18e-32	1.18e-23	1.47e-15	2.16e-08	9.95e-01	5.08e-03	0.00e+00
 4.10669e+12	0.00e+00	2.97e-32	1.49e-23	1.72e-15	2.35e-08	9.95e-01	4.68e-03	0.00e+00
 4.29923e+12	1.09e-41	4.19e-32	1.94e-23	2.06e-15	2.57e-08	9.96e-01	4.28e-03	0.00e+00
 4.48761e+12	0.00e+00	5.80e-32	2.48e-23	2.44e-15	2.81e-08	9.96e-01	3.92e-03	0.00e+00
 4.66447e+12	2.35e-41	7.78e-32	3.11e-23	2.85e-15	3.04e-08	9.96e-01	3.62e-03	0.00e+00
 4.86192e+12	0.00e+00	1.07e-31	3.97e-23	3.37e-15	3.31e-08	9.97e-01	3.33e-03	0.00e+00
 5.08633e+12	5.35e-41	1.51e-31	5.18e-23	4.05e-15	3.64e-08	9.97e-01	3.03e-03	0.00e+00
 5.30878e+12	0.00e+00	2.11e-31	6.69e-23	4.82e-15	3.99e-08	9.97e-01	2.77e-03	0.00e+00
 5.54014e+12	1.21e-40	2.94e-31	8.64e-23	5.75e-15	4.37e-08	9.97e-01	2.53e-03	0.00e+00
 5.78297e+12	0.00e+00	4.11e-31	1.12e-22	6.88e-15	4.79e-08	9.98e-01	2.30e-03	0.00e+00
 6.01932e+12	2.70e-40	5.63e-31	1.43e-22	8.14e-15	5.23e-08	9.98e-01	2.11e-03	0.00e+00
 6.27383e+12	0.00e+00	7.79e-31	1.84e-22	9.70e-15	5.73e-08	9.98e-01	1.93e-03	0.00e+00
 6.55471e+12	6.16e-40	1.10e-30	2.40e-22	1.17e-14	6.32e-08	9.98e-01	1.75e-03	0.00e+00
 6.83995e+12	0.00e+00	1.54e-30	3.12e-22	1.40e-14	6.96e-08	9.98e-01	1.59e-03	0.00e+00
 7.13661e+12	1.40e-39	2.15e-30	4.05e-22	1.68e-14	7.66e-08	9.99e-01	1.45e-03	0.00e+00
 7.41275e+12	0.00e+00	2.89e-30	5.11e-22	1.99e-14	8.36e-08	9.99e-01	1.33e-03	0.00e+00
 7.64283e+12	2.70e-39	3.68e-30	6.17e-22	2.27e-14	8.97e-08	9.99e-01	1.24e-03	0.00e+00
 7.89249e+12	0.00e+00	4.73e-30	7.52e-22	2.61e-14	9.66e-08	9.99e-01	1.15e-03	0.00e+00
 8.20923e+12	5.32e-39	6.43e-30	9.58e-22	3.10e-14	1.06e-07	9.99e-01	1.05e-03	0.00e+00
 8.53846e+12	0.00e+00	8.73e-30	1.22e-21	3.68e-14	1.16e-07	9.99e-01	9.58e-04	0.00e+00
 8.81290e+12	1.04e-38	1.12e-29	1.48e-21	4.23e-14	1.25e-07	9.99e-01	8.90e-04	0.00e+00
 9.09086e+12	0.00e+00	1.42e-29	1.79e-21	4.85e-14	1.35e-07	9.99e-01	8.28e-04	0.00e+00
 9.44789e+12	1.98e-38	1.90e-29	2.26e-21	5.74e-14	1.47e-07	9.99e-01	7.56e-04	0.00e+00
 9.81517e+12	0.00e+00	2.55e-29	2.86e-21	6.79e-14	1.62e-07	9.99e-01	6.91e-04	0.00e+00
 1.01258e+13	3.74e-38	3.23e-29	3.45e-21	7.79e-14	1.74e-07	9.99e-01	6.42e-04	0.00e+00
 1.04555e+13	0.00e+00	4.11e-29	4.18e-21	8.96e-14	1.88e-07	9.99e-01	5.96e-04	0.00e+00
 1.08696e+13	7.09e-38	5.50e-29	5.28e-21	1.06e-13	2.06e-07	9.99e-01	5.44e-04	0.00e+00
 1.12989e+13	0.00e+00	7.34e-29	6.66e-21	1.26e-13	2.26e-07	1.00e+00	4.96e-04	0.00e+00
 1.16824e+13	1.35e-37	9.40e-29	8.12e-21	1.45e-13	2.44e-07	1.00e+00	4.59e-04	0.00e+00
 1.21012e+13	0.00e+00	1.22e-28	1.00e-20	1.69e-13	2.65e-07	1.00e+00	4.23e-04	0.00e+00
 1.25996e+13	2.62e-37	1.64e-28	1.27e-20	2.01e-13	2.92e-07	1.00e+00	3.85e-04	0.00e+00
 1.31005e+13	0.00e+00	2.18e-28	1.60e-20	2.38e-13	3.20e-07	1.00e+00	3.51e-04	0.00e+00
 1.35695e+13	5.01e-37	2.81e-28	1.96e-20	2.77e-13	3.47e-07	1.00e+00	3.24e-04	0.00e+00
 1.40903e+13	0.00e+00	3.69e-28	2.44e-20	3.25e-13	3.79e-07	1.00e+00	2.97e-04	0.00e+00
 1.46839e+13	9.91e-37	4.97e-28	3.10e-20	3.87e-13	4.18e-07	1.00e+00	2.70e-04	0.00e+00
 1.52700e+13	0.00e+00	6.58e-28	3.88e-20	4.57e-13	4.57e-07	1.00e+00	2.46e-04	0.00e+00
 1.57817e+13	1.84e-36	8.33e-28	4.70e-20	5.25e-13	4.94e-07	1.00e+00	2.28e-04	0.00e+00
 1.62113e+13	0.00e+00	1.01e-27	5.48e-20	5.88e-13	5.25e-07	1.00e+00	2.15e-04	0.00e+00
 1.66748e+13	2.96e-36	1.24e-27	6.44e-20	6.61e-13	5.60e-07	1.00e+00	2.01e-04	0.00e+00
 1.72774e+13	0.00e+00	1.59e-27	7.90e-20	7.67e-13	6.08e-07	1.00e+00	1.86e-04	0.00e+00
 1.79077e+13	5.43e-36	2.05e-27	9.69e-20	8.91e-13	6.60e-07	1.00e+00	1.71e-04	0.00e+00
 1.84453e+13	0.00e+00	2.53e-27	1.15e-19	1.01e-12	7.06e-07	1.00e+00	1.60e-04	0.00e+00
 1.90152e+13	9.08e-36	3.15e-27	1.37e-19	1.14e-12	7.57e-07	1.00e+00	1.49e-04	0.00e+00
 1.97390e+13	0.00e+00	4.10e-27	1.69e-19	1.33e-12	8.24e-07	1.00e+00	1.37e-04	0.00e+00
 2.04866e+13	1.71e-35	5.33e-27	2.09e-19	1.56e-12	8.97e-07	1.00e+00	1.26e-04	0.00e+00
 2.11374e+13	0.00e+00	6.66e-27	2.49e-19	1.77e-12	9.63e-07	1.00e+00	1.18e-04	0.00e+00
 2.18390e+13	2.95e-35	8.40e-27	3.00e-19	2.02e-12	1.04e-06	1.00e+00	1.09e-04	0.00e+00
 2.26225e+13	0.00e+00	1.08e-26	3.66e-19	2.34e-12	1.12e-06	1.00e+00	1.01e-04	0.00e+00
 2.33563e+13	5.22e-35	1.35e-26	4.39e-19	2.67e-12	1.21e-06	1.00e+00	9.42e-05	0.00e+00
 2.41543e+13	0.00e+00	1.71e-26	5.32e-19	3.06e-12	1.30e-06	1.00e+00	8.74e-05	0.00e+00
 2.50388e+13	9.44e-35	2.21e-26	6.52e-19	3.55e-12	1.41e-06	1.00e+00	8.06e-05	0.00e+00
 2.58593e+13	0.00e+00	2.78e-26	7.83e-19	4.04e-12	1.52e-06	1.00e+00	7.51e-05	0.00e+00
 2.67494e+13	1.66e-34	3.53e-26	9.48e-19	4.64e-12	1.63e-06	1.00e+00	6.97e-05	0.00e+00
 2.77434e+13	2.26e-34	4.57e-26	1.17e-18	5.39e-12	1.77e-06	1.00e+00	6.42e-05	0.00e+00
 2.86765e+13	3.01e-34	5.79e-26	1.41e-18	6.16e-12	1.91e-06	1.00e+00	5.97e-05	0.00e+00
 2.96937e+13	4.06e-34	7.43e-26	1.72e-18	7.09e-12	2.06e-06	1.00e+00	5.53e-05	0.00e+00
 3.08289e+13	5.59e-34	9.69e-26	2.12e-18	8.26e-12	2.24e-06	1.00e+00	5.09e-05	0.00e+00
 3.18952e+13	7.46e-34	1.23e-25	2.57e-18	9.49e-12	2.42e-06	1.00e+00	4.72e-05	0.00e+00
 3.30592e+13	1.03e-33	1.60e-25	3.16e-18	1.10e-11	2.61e-06	1.00e+00	4.37e-05	0.00e+00
 3.43722e+13	1.43e-33	2.11e-25	3.94e-18	1.28e-11	2.85e-06	1.00e+00	4.01e-05	0.00e+00
 3.56193e+13	1.95e-33	2.72e-25	4.83e-18	1.48e-11	3.08e-06	1.00e+00	3.71e-05	0.00e+00
 3.69505e+13	2.70e-33	3.56e-25	5.96e-18	1.72e-11	3.33e-06	1.00e+00	3.43e-05	0.00e+00
 3.84584e+13	3.80e-33	4.74e-25	7.48e-18	2.02e-11	3.64e-06	1.00e+00	3.14e-05	0.00e+00
 3.99434e+13	5.33e-33	6.25e-25	9.30e-18	2.35e-11	3.95e-06	1.00e+00	2.90e-05	0.00e+00
 4.14878e+13	7.44e-33	8.23e-25	1.16e-17	2.73e-11	4.28e-06	1.00e+00	2.67e-05	0.00e+00
 4.31772e+13	1.05e-32	1.10e-24	1.45e-17	3.21e-11	4.67e-06	1.00e+00	2.45e-05	0.00e+00
 4.49342e+13	1.51e-32	1.47e-24	1.83e-17	3.76e-11	5.09e-06	1.00e+00	2.25e-05	0.00e+00
 4.65949e+13	2.08e-32	1.92e-24	2.25e-17	4.35e-11	5.50e-06	1.00e+00	2.08e-05	0.00e+00
 4.80826e+13	2.76e-32	2.42e-24	2.70e-17	4.94e-11	5.88e-06	1.00e+00	1.95e-05	0.00e+00
 4.94725e+13	3.57e-32	2.99e-24	3.19e-17	5.53e-11	6.25e-06	1.00e+00	1.83e-05	0.00e+00
 5.10069e+13	4.71e-32	3.75e-24	3.80e-17	6.25e-11	6.66e-06	1.00e+00	1.72e-05	0.00e+00
 5.27339e+13	6.40e-32	4.82e-24	4.61e-17	7.14e-11	7.14e-06	1.00e+00	1.61e-05	0.00e+00
 5.43842e+13	8.47e-32	6.06e-24	5.52e-17	8.07e-11	7.62e-06	1.00e+00	1.50e-05	0.00e+00
 5.62023e+13	1.15e-31	7.76e-24	6.68e-17	9.20e-11	8.17e-06	1.00e+00	1.40e-05	0.00e+00
 5.82031e+13	1.58e-31	1.01e-23	8.19e-17	1.06e-10	8.79e-06	1.00e+00	1.31e-05	0.00e+00
 6.00442e+13	2.11e-31	1.28e-23	9.82e-17	1.20e-10	9.37e-06	1.00e+00	1.22e-05	0.00e+00
 6.20406e+13	2.86e-31	1.64e-23	1.19e-16	1.36e-10	1.00e-05	1.00e+00	1.14e-05	0.00e+00
 6.42751e+13	4.00e-31	2.14e-23	1.46e-16	1.57e-10	1.08e-05	1.00e+00	1.06e-05	0.00e+00
 6.63839e+13	5.41e-31	2.74e-23	1.77e-16	1.79e-10	1.15e-05	1.00e+00	9.96e-06	0.00e+00
 6.86899e+13	7.46e-31	3.56e-23	2.16e-16	2.05e-10	1.24e-05	1.00e+00	9.28e-06	0.00e+00
 7.12445e+13	1.06e-30	4.71e-23	2.68e-16	2.37e-10	1.33e-05	1.00e+00	8.62e-06	0.00e+00
 7.36269e+13	1.44e-30	6.07e-23	3.25e-16	2.70e-10	1.43e-05	1.00e+00	8.06e-06	0.00e+00
 7.62289e+13	2.02e-30	7.95e-23	3.99e-16	3.09e-10	1.53e-05	1.00e+00	7.51e-06	0.00e+00
 7.91479e+13	2.90e-30	1.06e-22	4.98e-16	3.59e-10	1.65e-05	1.00e+00	6.97e-06	0.00e+00
 8.19194e+13	4.04e-30	1.39e-22	6.10e-16	4.12e-10	1.77e-05	1.00e+00	6.50e-06	0.00e+00
 8.49225e+13	5.73e-30	1.84e-22	7.55e-16	4.75e-10	1.90e-05	1.00e+00	6.04e-06	0.00e+00
 8.82548e+13	8.34e-30	2.49e-22	9.48e-16	5.54e-10	2.05e-05	1.00e+00	5.60e-06	0.00e+00
 9.14451e+13	1.18e-29	3.29e-22	1.17e-15	6.37e-10	2.20e-05	1.00e+00	5.21e-06	0.00e+00
 9.48576e+13	1.69e-29	4.39e-22	1.46e-15	7.37e-10	2.37e-05	1.00e+00	4.85e-06	0.00e+00
 9.86819e+13	2.50e-29	6.01e-22	1.84e-15	8.62e-10	2.56e-05	1.00e+00	4.48e-06	0.00e+00
 1.02512e+14	3.64e-29	8.11e-22	2.31e-15	1.00e-09	2.76e-05	1.00e+00	4.16e-06	0.00e+00
 1.06494e+14	5.30e-29	1.10e-21	2.90e-15	1.17e-09	2.98e-05	1.00e+00	3.85e-06	0.00e+00
 1.10784e+14	7.84e-29	1.50e-21	3.67e-15	1.36e-09	3.22e-05	1.00e+00	3.56e-06	0.00e+00
 1.15245e+14	1.16e-28	2.05e-21	4.64e-15	1.60e-09	3.48e-05	1.00e+00	3.30e-06	0.00e+00
 1.19885e+14	1.71e-28	2.80e-21	5.87e-15	1.87e-09	3.76e-05	1.00e+00	3.05e-06	0.00e+00
 1.24374e+14	2.46e-28	3.75e-21	7.31e-15	2.16e-09	4.04e-05	1.00e+00	2.84e-06	0.00e+00
 1.28192e+14	3.33e-28	4.78e-21	8.76e-15	2.43e-09	4.29e-05	1.00e+00	2.67e-06	0.00e+00
 1.32091e+14	4.46e-28	6.04e-21	1.05e-14	2.74e-09	4.55e-05	1.00e+00	2.52e-06	0.00e+00
 1.36995e+14	6.46e-28	8.11e-21	1.30e-14	3.17e-09	4.89e-05	1.00e+00	2.35e-06	0.00e+00
 1.42013e+14	9.11e-28	1.07e-20	1.61e-14	3.66e-09	5.25e-05	1.00e+00	2.18e-06	0.00e+00
 1.46348e+14	1.23e-27	1.36e-20	1.93e-14	4.12e-09	5.57e-05	1.00e+00	2.06e-06	0.00e+00
 1.50990e+14	1.68e-27	1.75e-20	2.33e-14	4.66e-09	5.92e-05	1.00e+00	1.94e-06	0.00e+00
 1.56702e+14	2.43e-27	2.34e-20	2.91e-14	5.41e-09	6.38e-05	1.00e+00	1.80e-06	0.00e+00
 1.62594e+14	3.46e-27	3.12e-20	3.62e-14	6.26e-09	6.86e-05	1.00e+00	1.67e-06	0.00e+00
 1.68012e+14	4.81e-27	4.06e-20	4.41e-14	7.13e-09	7.32e-05	1.00e+00	1.57e-06	0.00e+00
 1.74024e+14	6.71e-27	5.32e-20	5.43e-14	8.20e-09	7.86e-05	1.00e+00	1.46e-06	0.00e+00
 1.80985e+14	9.97e-27	7.29e-20	6.87e-14	9.59e-09	8.48e-05	1.00e+00	1.35e-06	0.00e+00
 1.87446e+14	1.38e-26	9.53e-20	8.47e-14	1.10e-08	9.11e-05	1.00e+00	1.26e-06	0.00e+00
 1.93016e+14	1.86e-26	1.20e-19	1.01e-13	1.24e-08	9.65e-05	1.00e+00	1.19e-06	0.00e+00
 1.99164e+14	2.49e-26	1.53e-19	1.22e-13	1.40e-08	1.03e-04	1.00e+00	1.11e-06	0.00e+00
 2.06706e+14	3.61e-26	2.06e-19	1.52e-13	1.63e-08	1.11e-04	1.00e+00	1.03e-06	0.00e+00
 2.14359e+14	5.03e-26	2.71e-19	1.89e-13	1.88e-08	1.19e-04	1.00e+00	9.61e-07	0.00e+00
 2.21189e+14	6.91e-26	3.49e-19	2.28e-13	2.13e-08	1.27e-04	1.00e+00	0.00e+00	0.00e+00
 2.28653e+14	9.37e-26	4.48e-19	2.78e-13	2.44e-08	1.36e-04	1.00e+00	0.00e+00	0.00e+00
 2.37544e+14	1.35e-25	6.01e-19	3.48e-13	2.84e-08	1.46e-04	1.00e+00	0.00e+00	0.00e+00
 2.46327e+14	1.91e-25	7.96e-19	4.33e-13	3.28e-08	1.58e-04	1.00e+00	0.00e+00	0.00e+00
 2.54293e+14	2.60e-25	1.02e-18	5.23e-13	3.72e-08	1.68e-04	1.00e+00	0.00e+00	0.00e+00
 2.63163e+14	3.54e-25	1.32e-18	6.42e-13	4.27e-08	1.80e-04	1.00e+00	0.00e+00	0.00e+00
 2.73555e+14	5.20e-25	1.80e-18	8.09e-13	4.98e-08	1.95e-04	1.00e+00	0.00e+00	0.00e+00
 2.83813e+14	7.22e-25	2.36e-18	1.01e-12	5.77e-08	2.10e-04	1.00e+00	0.00e+00	0.00e+00
 2.93398e+14	9.87e-25	3.04e-18	1.23e-12	6.59e-08	2.24e-04	1.00e+00	0.00e+00	0.00e+00
 3.04081e+14	1.40e-24	4.02e-18	1.52e-12	7.60e-08	2.41e-04	1.00e+00	0.00e+00	0.00e+00
 3.16275e+14	1.98e-24	5.37e-18	1.92e-12	8.90e-08	2.61e-04	1.00e+00	0.00e+00	0.00e+00
 3.28361e+14	2.85e-24	7.21e-18	2.40e-12	1.03e-07	2.82e-04	1.00e+00	0.00e+00	0.00e+00
 3.39532e+14	3.81e-24	9.19e-18	2.92e-12	1.18e-07	3.02e-04	1.00e+00	0.00e+00	0.00e+00
 3.51722e+14	5.30e-24	1.20e-17	3.61e-12	1.36e-07	3.24e-04	1.00e+00	0.00e+00	0.00e+00
 3.65451e+14	7.65e-24	1.62e-17	4.53e-12	1.58e-07	3.50e-04	1.00e+00	0.00e+00	0.00e+00
 3.78592e+14	1.04e-23	2.09e-17	5.58e-12	1.83e-07	3.76e-04	1.00e+00	0.00e+00	0.00e+00
 3.90875e+14	1.41e-23	2.68e-17	6.76e-12	2.07e-07	4.01e-04	1.00e+00	0.00e+00	0.00e+00
 4.02204e+14	1.80e-23	3.28e-17	8.00e-12	2.32e-07	4.26e-04	1.00e+00	0.00e+00	0.00e+00
 4.14505e+14	2.38e-23	4.13e-17	9.57e-12	2.62e-07	4.52e-04	1.00e+00	0.00e+00	0.00e+00
 4.28283e+14	3.25e-23	5.32e-17	1.16e-11	2.99e-07	4.83e-04	1.00e+00	0.00e+00	0.00e+00
 4.41337e+14	4.19e-23	6.59e-17	1.39e-11	3.37e-07	5.14e-04	9.99e-01	0.00e+00	0.00e+00
 4.55664e+14	5.69e-23	8.45e-17	1.68e-11	3.83e-07	5.48e-04	9.99e-01	0.00e+00	0.00e+00
 4.71638e+14	7.60e-23	1.08e-16	2.06e-11	4.39e-07	5.89e-04	9.99e-01	0.00e+00	0.00e+00
 4.86639e+14	1.02e-22	1.37e-16	2.48e-11	4.98e-07	6.27e-04	9.99e-01	0.00e+00	0.00e+00
 5.03024e+14	1.38e-22	1.76e-16	3.02e-11	5.68e-07	6.70e-04	9.99e-01	0.00e+00	0.00e+00
 5.21359e+14	1.87e-22	2.27e-16	3.74e-11	6.55e-07	7.22e-04	9.99e-01	0.00e+00	0.00e+00
 5.38565e+14	2.55e-22	2.92e-16	4.53e-11	7.46e-07	7.71e-04	9.99e-01	0.00e+00	0.00e+00
 5.57271e+14	3.38e-22	3.72e-16	5.55e-11	8.55e-07	8.27e-04	9.99e-01	0.00e+00	0.00e+00
 5.77995e+14	4.79e-22	4.93e-16	6.89e-11	9.89e-07	8.90e-04	9.99e-01	0.00e+00	0.00e+00
 5.97291e+14	6.30e-22	6.22e-16	8.37e-11	1.13e-06	9.52e-04	9.99e-01	0.00e+00	0.00e+00
 6.18324e+14	8.68e-22	8.08e-16	1.03e-10	1.30e-06	1.02e-03	9.99e-01	0.00e+00	0.00e+00
 6.41800e+14	1.18e-21	1.05e-15	1.28e-10	1.50e-06	1.10e-03	9.99e-01	0.00e+00	0.00e+00
 6.63767e+14	1.62e-21	1.36e-15	1.56e-10	1.72e-06	1.18e-03	9.99e-01	0.00e+00	0.00e+00
 6.87635e+14	2.17e-21	1.74e-15	1.93e-10	1.98e-06	1.27e-03	9.99e-01	0.00e+00	0.00e+00
 7.14263e+14	3.04e-21	2.30e-15	2.41e-10	2.30e-06	1.37e-03	9.99e-01	0.00e+00	0.00e+00
 7.39360e+14	4.04e-21	2.94e-15	2.96e-10	2.65e-06	1.48e-03	9.99e-01	0.00e+00	0.00e+00
 7.66362e+14	5.62e-21	3.85e-15	3.66e-10	3.05e-06	1.59e-03	9.98e-01	0.00e+00	0.00e+00
 7.97046e+14	7.73e-21	5.06e-15	4.61e-10	3.57e-06	1.73e-03	9.98e-01	0.00e+00	0.00e+00
 8.27000e+14	1.07e-20	6.64e-15	5.73e-10	4.14e-06	1.86e-03	9.98e-01	0.00e+00	0.00e+00
 8.58153e+14	1.45e-20	8.59e-15	7.12e-10	4.80e-06	2.01e-03	9.98e-01	0.00e+00	0.00e+00
 8.92509e+14	2.04e-20	1.14e-14	8.97e-10	5.62e-06	2.19e-03	9.98e-01	0.00e+00	0.00e+00
 9.21558e+14	2.62e-20	1.42e-14	1.08e-09	6.39e-06	2.34e-03	9.98e-01	0.00e+00	0.00e+00
 9.42648e+14	3.18e-20	1.67e-14	1.24e-09	6.99e-06	2.46e-03	9.98e-01	0.00e+00	0.00e+00
 9.64625e+14	3.86e-20	1.97e-14	1.42e-09	7.67e-06	2.58e-03	9.97e-01	0.00e+00	0.00e+00
 9.93196e+14	4.88e-20	2.41e-14	1.68e-09	8.62e-06	2.75e-03	9.97e-01	0.00e+00	0.00e+00
 1.02479e+15	6.31e-20	3.01e-14	2.02e-09	9.78e-06	2.94e-03	9.97e-01	0.00e+00	0.00e+00
 1.05417e+15	8.02e-20	3.68e-14	2.38e-09	1.09e-05	3.12e-03	9.97e-01	0.00e+00	0.00e+00
 1.08622e+15	1.02e-19	4.54e-14	2.84e-09	1.23e-05	3.33e-03	9.97e-01	0.00e+00	0.00e+00
 1.12202e+15	1.33e-19	5.68e-14	3.43e-09	1.41e-05	3.57e-03	9.96e-01	0.00e+00	0.00e+00
 1.15582e+15	1.69e-19	6.99e-14	4.09e-09	1.58e-05	3.81e-03	9.96e-01	0.00e+00	0.00e+00
 1.19286e+15	2.16e-19	8.66e-14	4.91e-09	1.80e-05	4.08e-03	9.96e-01	0.00e+00	0.00e+00
 1.23427e+15	2.85e-19	1.10e-13	6.00e-09	2.06e-05	4.40e-03	9.96e-01	0.00e+00	0.00e+00
 1.27366e+15	3.67e-19	1.37e-13	7.21e-09	2.34e-05	4.71e-03	9.95e-01	0.00e+00	0.00e+00
 1.31718e+15	4.79e-19	1.72e-13	8.78e-09	2.67e-05	5.07e-03	9.95e-01	0.00e+00	0.00e+00
 1.36556e+15	6.40e-19	2.21e-13	1.09e-08	3.09e-05	5.50e-03	9.94e-01	0.00e+00	0.00e+00
 1.41042e+15	8.24e-19	2.76e-13	1.31e-08	3.52e-05	5.90e-03	9.94e-01	0.00e+00	0.00e+00
 1.45891e+15	1.08e-18	3.49e-13	1.60e-08	4.03e-05	6.37e-03	9.94e-01	0.00e+00	0.00e+00
 1.51294e+15	1.45e-18	4.49e-13	1.98e-08	4.66e-05	6.91e-03	9.93e-01	0.00e+00	0.00e+00
 1.56345e+15	1.86e-18	5.60e-13	2.40e-08	5.31e-05	7.42e-03	9.93e-01	0.00e+00	0.00e+00
 1.61835e+15	2.48e-18	7.15e-13	2.94e-08	6.09e-05	8.02e-03	9.92e-01	0.00e+00	0.00e+00
 1.67956e+15	3.32e-18	9.22e-13	3.66e-08	7.07e-05	8.72e-03	9.91e-01	0.00e+00	0.00e+00
 1.73686e+15	4.31e-18	1.16e-12	4.46e-08	8.09e-05	9.39e-03	9.91e-01	0.00e+00	0.00e+00
 1.79924e+15	5.81e-18	1.50e-12	5.50e-08	9.31e-05	1.02e-02	9.90e-01	0.00e+00	0.00e+00
 1.86905e+15	7.90e-18	1.95e-12	6.89e-08	1.08e-04	1.11e-02	9.89e-01	0.00e+00	0.00e+00
 1.93506e+15	1.05e-17	2.49e-12	8.47e-08	1.25e-04	1.20e-02	9.88e-01	0.00e+00	0.00e+00
 2.00587e+15	1.41e-17	3.21e-12	1.05e-07	1.44e-04	1.30e-02	9.87e-01	0.00e+00	0.00e+00
 2.08613e+15	1.95e-17	4.25e-12	1.32e-07	1.68e-04	1.41e-02	9.86e-01	0.00e+00	0.00e+00
 2.15283e+15	2.47e-17	5.26e-12	1.60e-07	1.91e-04	1.52e-02	9.85e-01	0.00e+00	0.00e+00
 2.19991e+15	3.02e-17	6.21e-12	1.82e-07	2.08e-04	1.59e-02	9.84e-01	0.00e+00	0.00e+00
 2.24888e+15	3.63e-17	7.27e-12	2.07e-07	2.27e-04	1.67e-02	9.83e-01	0.00e+00	0.00e+00
 2.31254e+15	4.49e-17	8.78e-12	2.45e-07	2.53e-04	1.78e-02	9.82e-01	0.00e+00	0.00e+00
 2.38363e+15	5.91e-17	1.11e-11	2.94e-07	2.86e-04	1.90e-02	9.81e-01	0.00e+00	0.00e+00
 2.45016e+15	7.45e-17	1.35e-11	3.47e-07	3.19e-04	2.02e-02	9.79e-01	0.00e+00	0.00e+00
 2.52243e+15	9.36e-17	1.65e-11	4.13e-07	3.58e-04	2.15e-02	9.78e-01	0.00e+00	0.00e+00
 2.60328e+15	1.26e-16	2.10e-11	5.00e-07	4.06e-04	2.31e-02	9.77e-01	0.00e+00	0.00e+00
 2.67944e+15	1.74e-16	2.59e-11	5.94e-07	4.56e-04	2.46e-02	9.75e-01	0.00e+00	0.00e+00
 2.76258e+15	2.22e-16	3.21e-11	7.15e-07	5.15e-04	2.63e-02	9.73e-01	0.00e+00	0.00e+00
 2.85585e+15	3.06e-16	4.15e-11	8.74e-07	5.88e-04	2.83e-02	9.71e-01	0.00e+00	0.00e+00
 2.94414e+15	4.01e-16	5.21e-11	1.05e-06	6.63e-04	3.02e-02	9.69e-01	0.00e+00	0.00e+00
 3.04078e+15	5.17e-16	6.52e-11	1.28e-06	7.55e-04	3.24e-02	9.67e-01	0.00e+00	0.00e+00
 3.15732e+15	7.49e-16	8.80e-11	1.61e-06	8.77e-04	3.52e-02	9.64e-01	0.00e+00	0.00e+00
 3.27273e+15	9.94e-16	1.13e-10	2.00e-06	1.01e-03	3.80e-02	9.61e-01	0.00e+00	0.00e+00
 3.37521e+15	1.32e-15	1.43e-10	2.41e-06	1.14e-03	4.06e-02	9.58e-01	0.00e+00	0.00e+00
 3.48791e+15	1.77e-15	1.83e-10	2.94e-06	1.30e-03	4.36e-02	9.55e-01	0.00e+00	0.00e+00
 3.62265e+15	2.60e-15	2.48e-10	3.71e-06	1.52e-03	4.73e-02	9.51e-01	0.00e+00	0.00e+00
 3.75676e+15	3.59e-15	3.26e-10	4.63e-06	1.75e-03	5.11e-02	9.47e-01	0.00e+00	0.00e+00
 3.87922e+15	4.70e-15	4.11e-10	5.63e-06	1.99e-03	5.46e-02	9.43e-01	0.00e+00	0.00e+00
 4.01583e+15	6.44e-15	5.35e-10	6.95e-06	2.28e-03	5.88e-02	9.39e-01	0.00e+00	0.00e+00
 4.17492e+15	9.62e-15	7.36e-10	8.83e-06	2.66e-03	6.39e-02	9.33e-01	0.00e+00	0.00e+00
 4.33069e+15	1.36e-14	9.77e-10	1.10e-05	3.08e-03	6.89e-02	9.28e-01	0.00e+00	0.00e+00
 4.47743e+15	1.85e-14	1.26e-09	1.35e-05	3.51e-03	7.38e-02	9.23e-01	0.00e+00	0.00e+00
 4.60597e+15	2.42e-14	1.58e-09	1.61e-05	3.93e-03	7.82e-02	9.18e-01	0.00e+00	0.00e+00
 4.71305e+15	3.00e-14	1.88e-09	1.85e-05	4.30e-03	8.20e-02	9.14e-01	0.00e+00	0.00e+00
 4.83126e+15	3.76e-14	2.27e-09	2.15e-05	4.74e-03	8.62e-02	9.09e-01	0.00e+00	0.00e+00
 4.98492e+15	5.05e-14	2.90e-09	2.61e-05	5.37e-03	9.19e-02	9.03e-01	0.00e+00	0.00e+00
 5.14591e+15	6.64e-14	3.66e-09	3.16e-05	6.08e-03	9.79e-02	8.96e-01	0.00e+00	0.00e+00
 5.28338e+15	8.57e-14	4.51e-09	3.71e-05	6.74e-03	1.03e-01	8.90e-01	0.00e+00	0.00e+00
 5.42903e+15	1.14e-13	5.66e-09	4.39e-05	7.50e-03	1.09e-01	8.83e-01	0.00e+00	0.00e+00
 5.61837e+15	1.59e-13	7.44e-09	5.41e-05	8.59e-03	1.17e-01	8.75e-01	0.00e+00	0.00e+00
 5.81332e+15	2.19e-13	9.66e-09	6.66e-05	9.81e-03	1.25e-01	8.65e-01	0.00e+00	0.00e+00
 5.97554e+15	2.78e-13	1.19e-08	7.86e-05	1.09e-02	1.32e-01	8.57e-01	0.00e+00	0.00e+00
 6.14640e+15	3.63e-13	1.48e-08	9.34e-05	1.22e-02	1.39e-01	8.49e-01	0.00e+00	0.00e+00
 6.36784e+15	5.30e-13	1.99e-08	1.16e-04	1.40e-02	1.49e-01	8.37e-01	0.00e+00	0.00e+00
 6.59752e+15	7.37e-13	2.62e-08	1.44e-04	1.61e-02	1.59e-01	8.25e-01	0.00e+00	0.00e+00
 6.79410e+15	9.53e-13	3.26e-08	1.72e-04	1.80e-02	1.68e-01	8.14e-01	0.00e+00	0.00e+00
 7.00518e+15	1.28e-12	4.14e-08	2.07e-04	2.02e-02	1.78e-01	8.02e-01	0.00e+00	0.00e+00
 7.26700e+15	1.90e-12	5.66e-08	2.60e-04	2.33e-02	1.90e-01	7.86e-01	0.00e+00	0.00e+00
 7.52599e+15	2.63e-12	7.42e-08	3.20e-04	2.67e-02	2.02e-01	7.71e-01	0.00e+00	0.00e+00
 7.74913e+15	3.40e-12	9.22e-08	3.82e-04	2.98e-02	2.13e-01	7.57e-01	0.00e+00	0.00e+00
 7.99444e+15	4.58e-12	1.18e-07	4.62e-04	3.35e-02	2.24e-01	7.42e-01	0.00e+00	0.00e+00
 8.29577e+15	6.88e-12	1.62e-07	5.81e-04	3.87e-02	2.40e-01	7.21e-01	0.00e+00	0.00e+00
 8.59336e+15	9.68e-12	2.15e-07	7.19e-04	4.41e-02	2.54e-01	7.01e-01	0.00e+00	0.00e+00
 8.84245e+15	1.27e-11	2.69e-07	8.54e-04	4.91e-02	2.66e-01	6.84e-01	0.00e+00	0.00e+00
 9.10507e+15	1.70e-11	3.40e-07	1.02e-03	5.48e-02	2.78e-01	6.66e-01	0.00e+00	0.00e+00
 9.43860e+15	2.31e-11	4.41e-07	1.27e-03	6.25e-02	2.93e-01	6.43e-01	0.00e+00	0.00e+00
 9.77767e+15	3.43e-11	6.03e-07	1.58e-03	7.13e-02	3.10e-01	6.18e-01	0.00e+00	0.00e+00
 1.00276e+16	4.37e-11	7.35e-07	1.84e-03	7.81e-02	3.21e-01	6.00e-01	0.00e+00	0.00e+00
 1.02483e+16	5.42e-11	8.77e-07	2.10e-03	8.46e-02	3.30e-01	5.83e-01	0.00e+00	0.00e+00
 1.05352e+16	7.07e-11	1.09e-06	2.49e-03	9.35e-02	3.42e-01	5.62e-01	0.00e+00	0.00e+00
 1.08399e+16	9.47e-11	1.38e-06	2.96e-03	1.04e-01	3.55e-01	5.38e-01	0.00e+00	0.00e+00
 1.11058e+16	1.20e-10	1.68e-06	3.44e-03	1.13e-01	3.65e-01	5.19e-01	0.00e+00	0.00e+00
 1.13895e+16	1.50e-10	2.02e-06	4.01e-03	1.23e-01	3.75e-01	4.98e-01	0.00e+00	0.00e+00
 1.17583e+16	2.17e-10	2.71e-06	4.91e-03	1.39e-01	3.88e-01	4.68e-01	0.00e+00	0.00e+00
 1.21119e+16	2.88e-10	3.41e-06	5.87e-03	1.53e-01	3.99e-01	4.42e-01	0.00e+00	0.00e+00
 1.23777e+16	3.51e-10	4.04e-06	6.72e-03	1.65e-01	4.06e-01	4.22e-01	0.00e+00	0.00e+00
 1.26552e+16	4.41e-10	4.86e-06	7.74e-03	1.78e-01	4.13e-01	4.01e-01	0.00e+00	0.00e+00
 1.30161e+16	6.28e-10	6.39e-06	9.31e-03	1.97e-01	4.21e-01	3.73e-01	0.00e+00	0.00e+00
 1.33789e+16	7.93e-10	7.81e-06	1.10e-02	2.15e-01	4.26e-01	3.48e-01	0.00e+00	0.00e+00
 1.36705e+16	1.06e-09	9.74e-06	1.27e-02	2.32e-01	4.30e-01	3.25e-01	0.00e+00	0.00e+00
 1.39759e+16	1.36e-09	1.19e-05	1.47e-02	2.50e-01	4.32e-01	3.03e-01	0.00e+00	0.00e+00
 1.43046e+16	1.67e-09	1.42e-05	1.71e-02	2.69e-01	4.33e-01	2.81e-01	0.00e+00	0.00e+00
 1.45973e+16	2.23e-09	1.77e-05	1.97e-02	2.87e-01	4.33e-01	2.60e-01	0.00e+00	0.00e+00
 1.48601e+16	2.71e-09	2.07e-05	2.22e-02	3.04e-01	4.31e-01	2.43e-01	0.00e+00	0.00e+00
 1.51504e+16	3.52e-09	2.54e-05	2.55e-02	3.24e-01	4.28e-01	2.23e-01	0.00e+00	0.00e+00
 1.54588e+16	4.41e-09	3.05e-05	2.93e-02	3.44e-01	4.22e-01	2.04e-01	0.00e+00	0.00e+00
 1.57286e+16	5.63e-09	3.68e-05	3.32e-02	3.63e-01	4.17e-01	1.87e-01	0.00e+00	0.00e+00
 1.59721e+16	6.76e-09	4.27e-05	3.71e-02	3.80e-01	4.10e-01	1.73e-01	0.00e+00	0.00e+00
 1.62049e+16	7.96e-09	4.89e-05	4.12e-02	3.97e-01	4.03e-01	1.59e-01	0.00e+00	0.00e+00
 1.64692e+16	1.06e-08	6.07e-05	4.69e-02	4.17e-01	3.93e-01	1.43e-01	0.00e+00	0.00e+00
 1.67453e+16	1.32e-08	7.22e-05	5.32e-02	4.37e-01	3.81e-01	1.29e-01	0.00e+00	0.00e+00
 1.69819e+16	1.57e-08	8.32e-05	5.94e-02	4.54e-01	3.70e-01	1.17e-01	0.00e+00	0.00e+00
 1.72009e+16	1.92e-08	9.72e-05	6.59e-02	4.70e-01	3.58e-01	1.06e-01	0.00e+00	0.00e+00
 1.74088e+16	2.35e-08	1.13e-04	7.29e-02	4.85e-01	3.46e-01	9.55e-02	0.00e+00	0.00e+00
 1.75976e+16	2.83e-08	1.31e-04	7.99e-02	4.99e-01	3.34e-01	8.66e-02	0.00e+00	0.00e+00
 1.77764e+16	3.39e-08	1.50e-04	8.74e-02	5.12e-01	3.22e-01	7.84e-02	0.00e+00	0.00e+00
 1.79798e+16	4.53e-08	1.84e-04	9.75e-02	5.27e-01	3.07e-01	6.87e-02	0.00e+00	0.00e+00
 1.81901e+16	5.49e-08	2.14e-04	1.08e-01	5.41e-01	2.90e-01	6.04e-02	0.00e+00	0.00e+00
 1.83688e+16	6.40e-08	2.42e-04	1.18e-01	5.52e-01	2.76e-01	5.36e-02	0.00e+00	0.00e+00
 1.85346e+16	8.16e-08	2.89e-04	1.29e-01	5.63e-01	2.61e-01	4.70e-02	0.00e+00	0.00e+00
 1.86918e+16	9.86e-08	3.32e-04	1.41e-01	5.72e-01	2.46e-01	4.13e-02	0.00e+00	0.00e+00
 1.88387e+16	1.21e-07	3.85e-04	1.53e-01	5.80e-01	2.31e-01	3.61e-02	0.00e+00	0.00e+00
 1.89780e+16	1.41e-07	4.34e-04	1.64e-01	5.86e-01	2.17e-01	3.18e-02	0.00e+00	0.00e+00
 1.91330e+16	1.80e-07	5.15e-04	1.79e-01	5.93e-01	2.01e-01	2.67e-02	0.00e+00	0.00e+00
 1.92875e+16	2.21e-07	6.00e-04	1.95e-01	5.98e-01	1.84e-01	2.24e-02	0.00e+00	0.00e+00
 1.94025e+16	2.60e-07	6.75e-04	2.08e-01	6.02e-01	1.71e-01	1.94e-02	0.00e+00	0.00e+00
 1.94956e+16	2.98e-07	7.46e-04	2.19e-01	6.04e-01	1.60e-01	1.70e-02	0.00e+00	0.00e+00
 1.95991e+16	3.45e-07	8.31e-04	2.31e-01	6.05e-01	1.48e-01	1.46e-02	0.00e+00	0.00e+00
 1.97160e+16	4.22e-07	9.57e-04	2.47e-01	6.06e-01	1.34e-01	1.20e-02	0.00e+00	0.00e+00
 1.98036e+16	4.81e-07	1.05e-03	2.59e-01	6.06e-01	1.24e-01	1.03e-02	0.00e+00	0.00e+00
 1.98545e+16	5.23e-07	1.12e-03	2.66e-01	6.06e-01	1.18e-01	9.39e-03	0.00e+00	0.00e+00
 1.99043e+16	5.70e-07	1.19e-03	2.74e-01	6.05e-01	1.11e-01	8.48e-03	0.00e+00	0.00e+00
 1.99691e+16	6.32e-07	1.28e-03	2.83e-01	6.05e-01	1.04e-01	7.40e-03	0.00e+00	0.00e+00
 2.00394e+16	7.12e-07	1.39e-03	2.94e-01	6.03e-01	9.53e-02	6.32e-03	0.00e+00	0.00e+00
 2.01003e+16	7.69e-07	1.47e-03	3.03e-01	6.02e-01	8.84e-02	5.50e-03	0.00e+00	0.00e+00
 2.01626e+16	8.59e-07	1.59e-03	3.13e-01	6.00e-01	8.11e-02	4.68e-03	0.00e+00	0.00e+00
 2.02281e+16	9.99e-07	1.77e-03	3.24e-01	5.97e-01	7.37e-02	3.89e-03	0.00e+00	0.00e+00
 2.02795e+16	1.09e-06	1.87e-03	3.32e-01	5.94e-01	6.83e-02	3.38e-03	0.00e+00	0.00e+00
 2.03278e+16	1.18e-06	1.99e-03	3.40e-01	5.92e-01	6.31e-02	2.91e-03	0.00e+00	0.00e+00
 2.03907e+16	1.33e-06	2.16e-03	3.51e-01	5.88e-01	5.66e-02	2.37e-03	0.00e+00	0.00e+00
 2.04563e+16	1.49e-06	2.34e-03	3.61e-01	5.84e-01	5.04e-02	1.91e-03	0.00e+00	0.00e+00
 2.05123e+16	1.64e-06	2.50e-03	3.70e-01	5.81e-01	4.53e-02	1.57e-03	0.00e+00	0.00e+00
 2.05722e+16	1.83e-06	2.70e-03	3.80e-01	5.76e-01	4.02e-02	1.25e-03	0.00e+00	0.00e+00
 2.06392e+16	2.05e-06	2.92e-03	3.90e-01	5.71e-01	3.50e-02	9.69e-04	0.00e+00	0.00e+00
 2.07032e+16	2.29e-06	3.14e-03	4.00e-01	5.65e-01	3.06e-02	7.51e-04	0.00e+00	0.00e+00
 2.07740e+16	2.57e-06	3.41e-03	4.11e-01	5.59e-01	2.61e-02	5.57e-04	0.00e+00	0.00e+00
 2.08533e+16	2.93e-06	3.71e-03	4.22e-01	5.52e-01	2.18e-02	3.98e-04	0.00e+00	0.00e+00
 2.09302e+16	3.30e-06	4.03e-03	4.33e-01	5.45e-01	1.82e-02	2.85e-04	0.00e+00	0.00e+00
 2.10169e+16	3.77e-06	4.41e-03	4.45e-01	5.36e-01	1.48e-02	1.92e-04	0.00e+00	0.00e+00
 2.11296e+16	4.46e-06	4.93e-03	4.59e-01	5.25e-01	1.13e-02	1.15e-04	0.00e+00	0.00e+00
 2.12512e+16	5.28e-06	5.52e-03	4.74e-01	5.12e-01	8.53e-03	6.74e-05	0.00e+00	0.00e+00
 2.13667e+16	6.19e-06	6.12e-03	4.87e-01	5.00e-01	6.55e-03	4.06e-05	0.00e+00	0.00e+00
 2.14990e+16	7.37e-06	6.86e-03	5.02e-01	4.86e-01	4.86e-03	2.27e-05	0.00e+00	0.00e+00
 2.16710e+16	9.18e-06	7.93e-03	5.21e-01	4.68e-01	3.34e-03	1.10e-05	0.00e+00	0.00e+00
 2.18946e+16	1.22e-05	9.56e-03	5.45e-01	4.43e-01	2.10e-03	4.42e-06	0.00e+00	0.00e+00
 2.20733e+16	1.56e-05	1.12e-02	5.65e-01	4.22e-01	1.50e-03	2.29e-06	0.00e+00	0.00e+00
 2.21529e+16	1.74e-05	1.20e-02	5.74e-01	4.12e-01	1.30e-03	1.72e-06	0.00e+00	0.00e+00
 2.22156e+16	1.90e-05	1.27e-02	5.82e-01	4.05e-01	1.15e-03	1.35e-06	0.00e+00	0.00e+00
 2.22972e+16	2.13e-05	1.37e-02	5.91e-01	3.94e-01	9.77e-04	9.86e-07	0.00e+00	0.00e+00
 2.24032e+16	2.46e-05	1.51e-02	6.03e-01	3.81e-01	7.96e-04	0.00e+00	0.00e+00	0.00e+00
 2.25215e+16	2.94e-05	1.70e-02	6.18e-01	3.65e-01	6.36e-04	0.00e+00	0.00e+00	0.00e+00
 2.26288e+16	3.45e-05	1.89e-02	6.31e-01	3.50e-01	5.21e-04	0.00e+00	0.00e+00	0.00e+00
 2.27228e+16	3.99e-05	2.08e-02	6.42e-01	3.36e-01	4.36e-04	0.00e+00	0.00e+00	0.00e+00
 2.28064e+16	4.56e-05	2.28e-02	6.53e-01	3.24e-01	3.73e-04	0.00e+00	0.00e+00	0.00e+00
 2.28813e+16	5.15e-05	2.47e-02	6.62e-01	3.13e-01	3.23e-04	0.00e+00	0.00e+00	0.00e+00
 2.29650e+16	5.92e-05	2.71e-02	6.72e-01	3.00e-01	2.73e-04	0.00e+00	0.00e+00	0.00e+00
 2.30561e+16	6.91e-05	3.00e-02	6.83e-01	2.86e-01	2.29e-04	0.00e+00	0.00e+00	0.00e+00
 2.31343e+16	7.94e-05	3.30e-02	6.93e-01	2.74e-01	1.96e-04	0.00e+00	0.00e+00	0.00e+00
 2.32005e+16	8.95e-05	3.57e-02	7.01e-01	2.63e-01	1.72e-04	0.00e+00	0.00e+00	0.00e+00
 2.32732e+16	1.02e-04	3.90e-02	7.09e-01	2.52e-01	1.47e-04	0.00e+00	0.00e+00	0.00e+00
 2.33536e+16	1.19e-04	4.32e-02	7.18e-01	2.39e-01	1.24e-04	0.00e+00	0.00e+00	0.00e+00
 2.34253e+16	1.37e-04	4.75e-02	7.26e-01	2.27e-01	1.07e-04	0.00e+00	0.00e+00	0.00e+00
 2.34869e+16	1.55e-04	5.16e-02	7.32e-01	2.16e-01	9.33e-05	0.00e+00	0.00e+00	0.00e+00
 2.35537e+16	1.78e-04	5.65e-02	7.38e-01	2.05e-01	8.02e-05	0.00e+00	0.00e+00	0.00e+00
 2.36274e+16	2.07e-04	6.27e-02	7.44e-01	1.93e-01	6.76e-05	0.00e+00	0.00e+00	0.00e+00
 2.36923e+16	2.39e-04	6.89e-02	7.49e-01	1.82e-01	5.81e-05	0.00e+00	0.00e+00	0.00e+00
 2.37480e+16	2.70e-04	7.48e-02	7.53e-01	1.72e-01	5.07e-05	0.00e+00	0.00e+00	0.00e+00
 2.38093e+16	3.11e-04	8.22e-02	7.56e-01	1.62e-01	4.33e-05	0.00e+00	0.00e+00	0.00e+00
 2.38761e+16	3.64e-04	9.11e-02	7.58e-01	1.50e-01	3.65e-05	0.00e+00	0.00e+00	0.00e+00
 2.39349e+16	4.20e-04	1.00e-01	7.59e-01	1.40e-01	3.11e-05	0.00e+00	0.00e+00	0.00e+00
 2.39859e+16	4.76e-04	1.09e-01	7.59e-01	1.32e-01	2.70e-05	0.00e+00	0.00e+00	0.00e+00
 2.40418e+16	5.49e-04	1.20e-01	7.57e-01	1.22e-01	2.29e-05	0.00e+00	0.00e+00	0.00e+00
 2.41029e+16	6.45e-04	1.33e-01	7.54e-01	1.12e-01	1.91e-05	0.00e+00	0.00e+00	0.00e+00
 2.41570e+16	7.47e-04	1.46e-01	7.50e-01	1.03e-01	1.61e-05	0.00e+00	0.00e+00	0.00e+00
 2.42042e+16	8.50e-04	1.59e-01	7.44e-01	9.57e-02	1.38e-05	0.00e+00	0.00e+00	0.00e+00
 2.42562e+16	9.85e-04	1.75e-01	7.37e-01	8.74e-02	1.15e-05	0.00e+00	0.00e+00	0.00e+00
 2.43133e+16	1.16e-03	1.95e-01	7.26e-01	7.85e-02	9.38e-06	0.00e+00	0.00e+00	0.00e+00
 2.43641e+16	1.36e-03	2.15e-01	7.13e-01	7.07e-02	7.73e-06	0.00e+00	0.00e+00	0.00e+00
 2.44090e+16	1.56e-03	2.35e-01	7.00e-01	6.41e-02	6.45e-06	0.00e+00	0.00e+00	0.00e+00
 2.44589e+16	1.83e-03	2.59e-01	6.83e-01	5.68e-02	5.21e-06	0.00e+00	0.00e+00	0.00e+00
 2.45142e+16	2.19e-03	2.89e-01	6.60e-01	4.92e-02	4.05e-06	0.00e+00	0.00e+00	0.00e+00
 2.45648e+16	2.59e-03	3.21e-01	6.34e-01	4.25e-02	3.16e-06	0.00e+00	0.00e+00	0.00e+00
 2.46108e+16	3.04e-03	3.52e-01	6.08e-01	3.66e-02	2.48e-06	0.00e+00	0.00e+00	0.00e+00
 2.46626e+16	3.63e-03	3.92e-01	5.74e-01	3.05e-02	1.84e-06	0.00e+00	0.00e+00	0.00e+00
 2.47183e+16	4.44e-03	4.39e-01	5.32e-01	2.44e-02	1.30e-06	0.00e+00	0.00e+00	0.00e+00
 2.47657e+16	5.32e-03	4.84e-01	4.91e-01	1.97e-02	9.39e-07	0.00e+00	0.00e+00	0.00e+00
 2.48056e+16	6.17e-03	5.24e-01	4.54e-01	1.61e-02	0.00e+00	0.00e+00	0.00e+00	0.00e+00
 2.48420e+16	7.11e-03	5.63e-01	4.17e-01	1.31e-02	0.00e+00	0.00e+00	0.00e+00	0.00e+00
 2.48766e+16	8.15e-03	6.01e-01	3.80e-01	1.06e-02	0.00e+00	0.00e+00	0.00e+00	0.00e+00
 2.49104e+16	9.30e-03	6.39e-01	3.43e-01	8.39e-03	0.00e+00	0.00e+00	0.00e+00	0.00e+00
 2.49431e+16	1.06e-02	6.76e-01	3.07e-01	6.57e-03	0.00e+00	0.00e+00	0.00e+00	0.00e+00
 2.49740e+16	1.20e-02	7.11e-01	2.72e-01	5.08e-03	0.00e+00	0.00e+00	0.00e+00	0.00e+00
 2.50034e+16	1.36e-02	7.44e-01	2.39e-01	3.90e-03	0.00e+00	0.00e+00	0.00e+00	0.00e+00
 2.50312e+16	1.52e-02	7.74e-01	2.08e-01	2.96e-03	0.00e+00	0.00e+00	0.00e+00	0.00e+00
 2.50579e+16	1.71e-02	8.01e-01	1.80e-01	2.22e-03	0.00e+00	0.00e+00	0.00e+00	0.00e+00
 2.50838e+16	1.91e-02	8.25e-01	1.54e-01	1.64e-03	0.00e+00	0.00e+00	0.00e+00	0.00e+00
 2.51087e+16	2.12e-02	8.47e-01	1.31e-01	1.20e-03	0.00e+00	0.00e+00	0.00e+00	0.00e+00
 2.51328e+16	2.37e-02	8.66e-01	1.10e-01	8.61e-04	0.00e+00	0.00e+00	0.00e+00	0.00e+00
 2.51561e+16	2.62e-02	8.82e-01	9.15e-02	6.14e-04	0.00e+00	0.00e+00	0.00e+00	0.00e+00
 2.51783e+16	2.91e-02	8.95e-01	7.58e-02	4.33e-04	0.00e+00	0.00e+00	0.00e+00	0.00e+00
 2.52002e+16	3.22e-02	9.05e-01	6.21e-02	3.00e-04	0.00e+00	0.00e+00	0.00e+00	0.00e+00
 2.52215e+16	3.57e-02	9.14e-01	5.04e-02	2.05e-04	0.00e+00	0.00e+00	0.00e+00	0.00e+00
 2.52418e+16	3.95e-02	9.20e-01	4.07e-02	1.39e-04	0.00e+00	0.00e+00	0.00e+00	0.00e+00
 2.52608e+16	4.35e-02	9.23e-01	3.29e-02	9.46e-05	0.00e+00	0.00e+00	0.00e+00	0.00e+00
 2.52787e+16	4.77e-02	9.25e-01	2.67e-02	6.48e-05	0.00e+00	0.00e+00	0.00e+00	0.00e+00
 2.52961e+16	5.22e-02	9.26e-01	2.15e-02	4.38e-05	0.00e+00	0.00e+00	0.00e+00	0.00e+00
 2.53126e+16	5.71e-02	9.26e-01	1.73e-02	2.98e-05	0.00e+00	0.00e+00	0.00e+00	0.00e+00
 2.53284e+16	6.22e-02	9.24e-01	1.40e-02	2.02e-05	0.00e+00	0.00e+00	0.00e+00	0.00e+00
 2.53436e+16	6.75e-02	9.21e-01	1.13e-02	1.37e-05	0.00e+00	0.00e+00	0.00e+00	0.00e+00
 2.53580e+16	7.31e-02	9.18e-01	9.09e-03	9.31e-06	0.00e+00	0.00e+00	0.00e+00	0.00e+00
 2.53716e+16	7.88e-02	9.14e-01	7.37e-03	6.39e-06	0.00e+00	0.00e+00	0.00e+00	0.00e+00
 2.53844e+16	8.46e-02	9.09e-01	6.02e-03	4.45e-06	0.00e+00	0.00e+00	0.00e+00	0.00e+00
 2.53959e+16	9.01e-02	9.05e-01	4.99e-03	3.17e-06	0.00e+00	0.00e+00	0.00e+00	0.00e+00
 2.54062e+16	9.54e-02	9.00e-01	4.20e-03	2.33e-06	0.00e+00	0.00e+00	0.00e+00	0.00e+00
 2.54157e+16	1.01e-01	8.96e-01	3.57e-03	1.73e-06	0.00e+00	0.00e+00	0.00e+00	0.00e+00
 2.54233e+16	1.05e-01	8.92e-01	3.14e-03	1.38e-06	0.00e+00	0.00e+00	0.00e+00	0.00e+00
 2.54284e+16	1.08e-01	8.90e-01	2.87e-03	1.17e-06	0.00e+00	0.00e+00	0.00e+00	0.00e+00
 2.54330e+16	1.11e-01	8.87e-01	2.64e-03	1.01e-06	0.00e+00	0.00e+00	0.00e+00	0.00e+00
 2.54384e+16	1.14e-01	8.83e-01	2.39e-03	8.43e-07	0.00e+00	0.00e+00	0.00e+00	0.00e+00
 2.54442e+16	1.18e-01	8.80e-01	2.15e-03	0.00e+00	0.00e+00	0.00e+00	0.00e+00	0.00e+00
 2.54498e+16	1.22e-01	8.76e-01	1.93e-03	0.00e+00	0.00e+00	0.00e+00	0.00e+00	0.00e+00
 2.54551e+16	1.26e-01	8.73e-01	1.75e-03	0.00e+00	0.00e+00	0.00e+00	0.00e+00	0.00e+00
 2.54603e+16	1.29e-01	8.69e-01	1.58e-03	0.00e+00	0.00e+00	0.00e+00	0.00e+00	0.00e+00
 2.54655e+16	1.33e-01	8.65e-01	1.43e-03	0.00e+00	0.00e+00	0.00e+00	0.00e+00	0.00e+00
 2.54707e+16	1.38e-01	8.61e-01	1.29e-03	0.00e+00	0.00e+00	0.00e+00	0.00e+00	0.00e+00
 2.54759e+16	1.42e-01	8.57e-01	1.17e-03	0.00e+00	0.00e+00	0.00e+00	0.00e+00	0.00e+00
 2.54810e+16	1.46e-01	8.53e-01	1.05e-03	0.00e+00	0.00e+00	0.00e+00	0.00e+00	0.00e+00
 2.54859e+16	1.50e-01	8.49e-01	9.53e-04	0.00e+00	0.00e+00	0.00e+00	0.00e+00	0.00e+00
 2.54909e+16	1.54e-01	8.45e-01	8.59e-04	0.00e+00	0.00e+00	0.00e+00	0.00e+00	0.00e+00
 2.54958e+16	1.59e-01	8.40e-01	7.76e-04	0.00e+00	0.00e+00	0.00e+00	0.00e+00	0.00e+00
 2.55006e+16	1.64e-01	8.35e-01	7.00e-04	0.00e+00	0.00e+00	0.00e+00	0.00e+00	0.00e+00
 2.55054e+16	1.69e-01	8.30e-01	6.32e-04	0.00e+00	0.00e+00	0.00e+00	0.00e+00	0.00e+00
 2.55102e+16	1.75e-01	8.25e-01	5.69e-04	0.00e+00	0.00e+00	0.00e+00	0.00e+00	0.00e+00
 2.55149e+16	1.80e-01	8.20e-01	5.12e-04	0.00e+00	0.00e+00	0.00e+00	0.00e+00	0.00e+00
 2.55195e+16	1.85e-01	8.14e-01	4.62e-04	0.00e+00	0.00e+00	0.00e+00	0.00e+00	0.00e+00
 2.55240e+16	1.91e-01	8.09e-01	4.17e-04	0.00e+00	0.00e+00	0.00e+00	0.00e+00	0.00e+00
 2.55286e+16	1.97e-01	8.03e-01	3.75e-04	0.00e+00	0.00e+00	0.00e+00	0.00e+00	0.00e+00
 2.55331e+16	2.03e-01	7.97e-01	3.38e-04	0.00e+00	0.00e+00	0.00e+00	0.00e+00	0.00e+00
 2.55375e+16	2.10e-01	7.90e-01	3.04e-04	0.00e+00	0.00e+00	0.00e+00	0.00e+00	0.00e+00
 2.55419e+16	2.16e-01	7.83e-01	2.74e-04	0.00e+00	0.00e+00	0.00e+00	0.00e+00	0.00e+00
 2.55462e+16	2.24e-01	7.76e-01	2.46e-04	0.00e+00	0.00e+00	0.00e+00	0.00e+00	0.00e+00
 2.55505e+16	2.31e-01	7.69e-01	2.21e-04	0.00e+00	0.00e+00	0.00e+00	0.00e+00	0.00e+00
 2.55548e+16	2.39e-01	7.61e-01	1.98e-04	0.00e+00	0.00e+00	0.00e+00	0.00e+00	0.00e+00
 2.55589e+16	2.48e-01	7.52e-01	1.78e-04	0.00e+00	0.00e+00	0.00e+00	0.00e+00	0.00e+00
 2.55630e+16	2.56e-01	7.43e-01	1.60e-04	0.00e+00	0.00e+00	0.00e+00	0.00e+00	0.00e+00
 2.55670e+16	2.65e-01	7.35e-01	1.44e-04	0.00e+00	0.00e+00	0.00e+00	0.00e+00	0.00e+00
 2.55711e+16	2.76e-01	7.24e-01	1.29e-04	0.00e+00	0.00e+00	0.00e+00	0.00e+00	0.00e+00
 2.55749e+16	2.87e-01	7.13e-01	1.15e-04	0.00e+00	0.00e+00	0.00e+00	0.00e+00	0.00e+00
 2.55787e+16	2.98e-01	7.02e-01	1.04e-04	0.00e+00	0.00e+00	0.00e+00	0.00e+00	0.00e+00
 2.55824e+16	3.09e-01	6.91e-01	9.31e-05	0.00e+00	0.00e+00	0.00e+00	0.00e+00	0.00e+00
 2.55861e+16	3.22e-01	6.78e-01	8.34e-05	0.00e+00	0.00e+00	0.00e+00	0.00e+00	0.00e+00
 2.55898e+16	3.34e-01	6.66e-01	7.48e-05	0.00e+00	0.00e+00	0.00e+00	0.00e+00	0.00e+00
 2.55933e+16	3.48e-01	6.52e-01	6.70e-05	0.00e+00	0.00e+00	0.00e+00	0.00e+00	0.00e+00
 2.55968e+16	3.62e-01	6.38e-01	6.00e-05	0.00e+00	0.00e+00	0.00e+00	0.00e+00	0.00e+00
 2.56002e+16	3.77e-01	6.23e-01	5.37e-05	0.00e+00	0.00e+00	0.00e+00	0.00e+00	0.00e+00
 2.56036e+16	3.92e-01	6.08e-01	4.80e-05	0.00e+00	0.00e+00	0.00e+00	0.00e+00	0.00e+00
 2.56070e+16	4.09e-01	5.91e-01	4.28e-05	0.00e+00	0.00e+00	0.00e+00	0.00e+00	0.00e+00
 2.56103e+16	4.26e-01	5.74e-01	3.82e-05	0.00e+00	0.00e+00	0.00e+00	0.00e+00	0.00e+00
 2.56135e+16	4.47e-01	5.53e-01	3.38e-05	0.00e+00	0.00e+00	0.00e+00	0.00e+00	0.00e+00
 2.56167e+16	4.66e-01	5.34e-01	3.01e-05	0.00e+00	0.00e+00	0.00e+00	0.00e+00	0.00e+00
 2.56198e+16	4.86e-01	5.14e-01	2.67e-05	0.00e+00	0.00e+00	0.00e+00	0.00e+00	0.00e+00
 2.56230e+16	5.07e-01	4.93e-01	2.36e-05	0.00e+00	0.00e+00	0.00e+00	0.00e+00	0.00e+00
 2.56261e+16	5.28e-01	4.72e-01	2.08e-05	0.00e+00	0.00e+00	0.00e+00	0.00e+00	0.00e+00
 2.56292e+16	5.51e-01	4.49e-01	1.83e-05	0.00e+00	0.00e+00	0.00e+00	0.00e+00	0.00e+00
 2.56323e+16	5.73e-01	4.27e-01	1.61e-05	0.00e+00	0.00e+00	0.00e+00	0.00e+00	0.00e+00
 2.56353e+16	5.96e-01	4.04e-01	1.41e-05	0.00e+00	0.00e+00	0.00e+00	0.00e+00	0.00e+00
 2.56384e+16	6.20e-01	3.80e-01	1.23e-05	0.00e+00	0.00e+00	0.00e+00	0.00e+00	0.00e+00
 2.56414e+16	6.43e-01	3.57e-01	1.07e-05	0.00e+00	0.00e+00	0.00e+00	0.00e+00	0.00e+00
 2.56440e+16	6.64e-01	3.36e-01	9.47e-06	0.00e+00	0.00e+00	0.00e+00	0.00e+00	0.00e+00
 2.56461e+16	6.80e-01	3.20e-01	8.60e-06	0.00e+00	0.00e+00	0.00e+00	0.00e+00	0.00e+00
