#depth	C	C+	C+2	C+3	C+4	C+5	C+6	C[1]	C[2]	C[3]	C+[1]	C+[2]	CO
 1.49634e+10	2.67e-46	4.91e-35	7.56e-25	3.74e-15	6.30e-05	2.26e-01	7.74e-01	0.00e+00	0.00e+00	0.00e+00	0.00e+00	0.00e+00	2.50e-145
 4.54887e+10	0.00e+00	7.11e-35	1.01e-24	4.62e-15	7.19e-05	2.40e-01	7.60e-01	0.00e+00	0.00e+00	0.00e+00	0.00e+00	0.00e+00	2.22e-189
 7.72350e+10	6.59e-46	1.04e-34	1.36e-24	5.75e-15	8.27e-05	2.55e-01	7.45e-01	0.00e+00	0.00e+00	0.00e+00	0.00e+00	0.00e+00	2.53e-144
 1.10251e+11	0.00e+00	1.51e-34	1.84e-24	7.15e-15	9.50e-05	2.70e-01	7.30e-01	0.00e+00	0.00e+00	0.00e+00	0.00e+00	0.00e+00	1.19e-188
 1.42744e+11	1.60e-45	2.16e-34	2.43e-24	8.77e-15	1.08e-04	2.85e-01	7.15e-01	0.00e+00	0.00e+00	0.00e+00	0.00e+00	0.00e+00	2.43e-143
 1.76537e+11	0.00e+00	3.09e-34	3.22e-24	1.08e-14	1.23e-04	3.01e-01	6.99e-01	0.00e+00	0.00e+00	0.00e+00	0.00e+00	0.00e+00	6.14e-188
 2.13525e+11	3.89e-45	4.49e-34	4.32e-24	1.34e-14	1.41e-04	3.18e-01	6.82e-01	0.00e+00	0.00e+00	0.00e+00	0.00e+00	0.00e+00	2.35e-142
 2.50992e+11	0.00e+00	6.46e-34	5.76e-24	1.65e-14	1.61e-04	3.35e-01	6.65e-01	0.00e+00	0.00e+00	0.00e+00	0.00e+00	0.00e+00	3.15e-187
 2.89958e+11	9.43e-45	9.31e-34	7.68e-24	2.03e-14	1.83e-04	3.52e-01	6.47e-01	0.00e+00	0.00e+00	0.00e+00	0.00e+00	0.00e+00	2.28e-141
 3.31483e+11	0.00e+00	1.35e-33	1.03e-23	2.51e-14	2.09e-04	3.71e-01	6.29e-01	0.00e+00	0.00e+00	0.00e+00	0.00e+00	0.00e+00	1.60e-186
 3.74669e+11	2.33e-44	1.96e-33	1.38e-23	3.11e-14	2.39e-04	3.90e-01	6.10e-01	0.00e+00	0.00e+00	0.00e+00	0.00e+00	0.00e+00	2.34e-140
 4.19582e+11	0.00e+00	2.85e-33	1.85e-23	3.84e-14	2.72e-04	4.09e-01	5.91e-01	0.00e+00	0.00e+00	0.00e+00	0.00e+00	0.00e+00	8.47e-186
 4.66292e+11	5.76e-44	4.13e-33	2.47e-23	4.73e-14	3.10e-04	4.29e-01	5.71e-01	0.00e+00	0.00e+00	0.00e+00	0.00e+00	0.00e+00	2.40e-139
 5.14871e+11	0.00e+00	5.98e-33	3.30e-23	5.84e-14	3.53e-04	4.48e-01	5.51e-01	0.00e+00	0.00e+00	0.00e+00	0.00e+00	0.00e+00	4.42e-185
 5.65393e+11	1.42e-43	8.66e-33	4.41e-23	7.19e-14	4.01e-04	4.68e-01	5.31e-01	0.00e+00	0.00e+00	0.00e+00	0.00e+00	0.00e+00	2.48e-138
 6.17935e+11	0.00e+00	1.25e-32	5.90e-23	8.86e-14	4.55e-04	4.88e-01	5.11e-01	0.00e+00	0.00e+00	0.00e+00	0.00e+00	0.00e+00	2.27e-184
 6.72579e+11	3.51e-43	1.82e-32	7.87e-23	1.09e-13	5.16e-04	5.09e-01	4.91e-01	0.00e+00	0.00e+00	0.00e+00	0.00e+00	0.00e+00	2.56e-137
 7.25102e+11	0.00e+00	2.55e-32	1.03e-22	1.32e-13	5.80e-04	5.27e-01	4.72e-01	0.00e+00	0.00e+00	0.00e+00	0.00e+00	0.00e+00	1.15e-183
 7.72171e+11	7.63e-43	3.43e-32	1.29e-22	1.55e-13	6.41e-04	5.43e-01	4.56e-01	0.00e+00	0.00e+00	0.00e+00	0.00e+00	0.00e+00	1.93e-136
 8.23701e+11	0.00e+00	4.71e-32	1.66e-22	1.86e-13	7.13e-04	5.61e-01	4.39e-01	0.00e+00	0.00e+00	0.00e+00	0.00e+00	0.00e+00	4.53e-183
 8.84847e+11	1.74e-42	6.74e-32	2.19e-22	2.26e-13	8.04e-04	5.80e-01	4.19e-01	0.00e+00	0.00e+00	0.00e+00	0.00e+00	0.00e+00	1.63e-135
 9.46129e+11	0.00e+00	9.51e-32	2.86e-22	2.74e-13	9.01e-04	5.98e-01	4.01e-01	0.00e+00	0.00e+00	0.00e+00	0.00e+00	0.00e+00	1.74e-182
 1.00386e+12	3.90e-42	1.30e-31	3.66e-22	3.26e-13	1.00e-03	6.15e-01	3.84e-01	0.00e+00	0.00e+00	0.00e+00	0.00e+00	0.00e+00	1.34e-134
 1.06794e+12	0.00e+00	1.83e-31	4.77e-22	3.94e-13	1.12e-03	6.33e-01	3.66e-01	0.00e+00	0.00e+00	0.00e+00	0.00e+00	0.00e+00	5.84e-182
 1.14058e+12	9.27e-42	2.64e-31	6.34e-22	4.82e-13	1.26e-03	6.52e-01	3.47e-01	0.00e+00	0.00e+00	0.00e+00	0.00e+00	0.00e+00	1.28e-133
 1.21343e+12	0.00e+00	3.77e-31	8.35e-22	5.85e-13	1.41e-03	6.69e-01	3.29e-01	0.00e+00	0.00e+00	0.00e+00	0.00e+00	0.00e+00	1.30e-181
 1.28919e+12	2.22e-41	5.39e-31	1.10e-21	7.12e-13	1.59e-03	6.87e-01	3.12e-01	0.00e+00	0.00e+00	0.00e+00	0.00e+00	0.00e+00	1.24e-132
 1.37068e+12	0.00e+00	7.79e-31	1.47e-21	8.71e-13	1.79e-03	7.04e-01	2.94e-01	0.00e+00	0.00e+00	0.00e+00	0.00e+00	0.00e+00	0.00e+00
 1.45544e+12	5.49e-41	1.13e-30	1.95e-21	1.06e-12	2.01e-03	7.21e-01	2.77e-01	0.00e+00	0.00e+00	0.00e+00	0.00e+00	0.00e+00	1.32e-131
 1.54358e+12	0.00e+00	1.63e-30	2.60e-21	1.30e-12	2.26e-03	7.37e-01	2.61e-01	0.00e+00	0.00e+00	0.00e+00	0.00e+00	0.00e+00	0.00e+00
 1.63525e+12	1.36e-40	2.36e-30	3.45e-21	1.59e-12	2.54e-03	7.53e-01	2.45e-01	0.00e+00	0.00e+00	0.00e+00	0.00e+00	0.00e+00	1.42e-130
 1.73059e+12	0.00e+00	3.41e-30	4.60e-21	1.94e-12	2.85e-03	7.68e-01	2.29e-01	0.00e+00	0.00e+00	0.00e+00	0.00e+00	0.00e+00	0.00e+00
 1.82974e+12	3.38e-40	4.94e-30	6.12e-21	2.37e-12	3.19e-03	7.82e-01	2.15e-01	0.00e+00	0.00e+00	0.00e+00	0.00e+00	0.00e+00	1.53e-129
 1.92254e+12	0.00e+00	6.88e-30	7.91e-21	2.83e-12	3.53e-03	7.94e-01	2.02e-01	0.00e+00	0.00e+00	0.00e+00	0.00e+00	0.00e+00	0.00e+00
 2.00488e+12	7.24e-40	9.17e-30	9.87e-21	3.31e-12	3.86e-03	8.05e-01	1.92e-01	0.00e+00	0.00e+00	0.00e+00	0.00e+00	0.00e+00	1.13e-128
 2.09708e+12	0.00e+00	1.25e-29	1.26e-20	3.91e-12	4.25e-03	8.15e-01	1.81e-01	0.00e+00	0.00e+00	0.00e+00	0.00e+00	0.00e+00	0.00e+00
 2.20714e+12	1.66e-39	1.79e-29	1.66e-20	4.74e-12	4.73e-03	8.27e-01	1.68e-01	0.00e+00	0.00e+00	0.00e+00	0.00e+00	0.00e+00	9.86e-128
 2.31832e+12	0.00e+00	2.54e-29	2.17e-20	5.71e-12	5.26e-03	8.37e-01	1.57e-01	0.00e+00	0.00e+00	0.00e+00	0.00e+00	0.00e+00	0.00e+00
 2.42249e+12	3.77e-39	3.49e-29	2.77e-20	6.76e-12	5.78e-03	8.47e-01	1.48e-01	0.00e+00	0.00e+00	0.00e+00	0.00e+00	0.00e+00	8.48e-127
 2.53786e+12	0.00e+00	4.90e-29	3.59e-20	8.10e-12	6.39e-03	8.56e-01	1.38e-01	0.00e+00	0.00e+00	0.00e+00	0.00e+00	0.00e+00	0.00e+00
 2.66930e+12	9.10e-39	7.12e-29	4.79e-20	9.86e-12	7.13e-03	8.65e-01	1.28e-01	0.00e+00	0.00e+00	0.00e+00	0.00e+00	0.00e+00	8.51e-126
 2.79976e+12	0.00e+00	1.02e-28	6.29e-20	1.19e-11	7.92e-03	8.73e-01	1.19e-01	0.00e+00	0.00e+00	0.00e+00	0.00e+00	0.00e+00	0.00e+00
 2.93543e+12	2.20e-38	1.45e-28	8.29e-20	1.44e-11	8.79e-03	8.81e-01	1.10e-01	0.00e+00	0.00e+00	0.00e+00	0.00e+00	0.00e+00	8.59e-125
 3.08278e+12	0.00e+00	2.11e-28	1.10e-19	1.75e-11	9.79e-03	8.89e-01	1.01e-01	0.00e+00	0.00e+00	0.00e+00	0.00e+00	0.00e+00	0.00e+00
 3.21896e+12	5.28e-38	2.95e-28	1.43e-19	2.09e-11	1.08e-02	8.95e-01	9.44e-02	0.00e+00	0.00e+00	0.00e+00	0.00e+00	0.00e+00	8.52e-124
 3.33715e+12	0.00e+00	3.90e-28	1.77e-19	2.42e-11	1.17e-02	9.00e-01	8.87e-02	0.00e+00	0.00e+00	0.00e+00	0.00e+00	0.00e+00	0.00e+00
 3.46854e+12	1.09e-37	5.29e-28	2.24e-19	2.84e-11	1.27e-02	9.04e-01	8.29e-02	0.00e+00	0.00e+00	0.00e+00	0.00e+00	0.00e+00	5.65e-123
 3.62862e+12	0.00e+00	7.55e-28	2.94e-19	3.42e-11	1.41e-02	9.09e-01	7.66e-02	0.00e+00	0.00e+00	0.00e+00	0.00e+00	0.00e+00	0.00e+00
 3.79181e+12	2.61e-37	1.07e-27	3.85e-19	4.11e-11	1.55e-02	9.14e-01	7.07e-02	0.00e+00	0.00e+00	0.00e+00	0.00e+00	0.00e+00	5.62e-122
 3.94116e+12	0.00e+00	1.46e-27	4.89e-19	4.84e-11	1.70e-02	9.17e-01	6.58e-02	0.00e+00	0.00e+00	0.00e+00	0.00e+00	0.00e+00	0.00e+00
 4.10669e+12	5.81e-37	2.04e-27	6.32e-19	5.76e-11	1.86e-02	9.20e-01	6.09e-02	0.00e+00	0.00e+00	0.00e+00	0.00e+00	0.00e+00	4.54e-121
 4.29923e+12	0.00e+00	2.97e-27	8.42e-19	7.00e-11	2.06e-02	9.24e-01	5.58e-02	0.00e+00	0.00e+00	0.00e+00	0.00e+00	0.00e+00	0.00e+00
 4.48761e+12	1.43e-36	4.23e-27	1.10e-18	8.42e-11	2.27e-02	9.26e-01	5.13e-02	0.00e+00	0.00e+00	0.00e+00	0.00e+00	0.00e+00	4.80e-120
 4.66447e+12	0.00e+00	5.82e-27	1.41e-18	9.95e-11	2.48e-02	9.28e-01	4.75e-02	0.00e+00	0.00e+00	0.00e+00	0.00e+00	0.00e+00	0.00e+00
 4.86192e+12	3.27e-36	8.23e-27	1.84e-18	1.19e-10	2.73e-02	9.29e-01	4.37e-02	0.00e+00	0.00e+00	0.00e+00	0.00e+00	0.00e+00	4.15e-119
 5.08633e+12	0.00e+00	1.20e-26	2.47e-18	1.45e-10	3.02e-02	9.30e-01	3.98e-02	0.00e+00	0.00e+00	0.00e+00	0.00e+00	0.00e+00	0.00e+00
 5.30878e+12	8.19e-36	1.73e-26	3.26e-18	1.75e-10	3.33e-02	9.30e-01	3.64e-02	0.00e+00	0.00e+00	0.00e+00	0.00e+00	0.00e+00	4.56e-118
 5.54014e+12	0.00e+00	2.48e-26	4.31e-18	2.12e-10	3.67e-02	9.30e-01	3.32e-02	0.00e+00	0.00e+00	0.00e+00	0.00e+00	0.00e+00	0.00e+00
 5.78297e+12	2.02e-35	3.58e-26	5.72e-18	2.56e-10	4.05e-02	9.29e-01	3.02e-02	0.00e+00	0.00e+00	0.00e+00	0.00e+00	0.00e+00	4.81e-117
 6.01932e+12	0.00e+00	5.05e-26	7.46e-18	3.07e-10	4.44e-02	9.28e-01	2.77e-02	0.00e+00	0.00e+00	0.00e+00	0.00e+00	0.00e+00	4.11e-100
 6.27383e+12	4.81e-35	7.21e-26	9.83e-18	3.69e-10	4.88e-02	9.26e-01	2.52e-02	0.00e+00	0.00e+00	0.00e+00	0.00e+00	0.00e+00	0.00e+00
 6.55471e+12	7.70e-35	1.05e-25	1.32e-17	4.50e-10	5.39e-02	9.23e-01	2.28e-02	0.00e+00	0.00e+00	0.00e+00	0.00e+00	0.00e+00	1.57e-115
 6.83995e+12	1.22e-34	1.52e-25	1.76e-17	5.46e-10	5.94e-02	9.20e-01	2.07e-02	0.00e+00	0.00e+00	0.00e+00	0.00e+00	0.00e+00	2.05e-97
 7.13661e+12	1.92e-34	2.20e-25	2.34e-17	6.63e-10	6.55e-02	9.16e-01	1.87e-02	0.00e+00	0.00e+00	0.00e+00	0.00e+00	0.00e+00	0.00e+00
 7.41275e+12	2.89e-34	3.07e-25	3.02e-17	7.88e-10	7.14e-02	9.12e-01	1.71e-02	0.00e+00	0.00e+00	0.00e+00	0.00e+00	0.00e+00	4.91e-114
 7.64283e+12	4.01e-34	4.00e-25	3.72e-17	9.06e-10	7.65e-02	9.08e-01	1.58e-02	0.00e+00	0.00e+00	0.00e+00	0.00e+00	0.00e+00	2.77e-96
 7.89249e+12	5.66e-34	5.29e-25	4.62e-17	1.05e-09	8.22e-02	9.03e-01	1.46e-02	0.00e+00	0.00e+00	0.00e+00	0.00e+00	0.00e+00	0.00e+00
 8.20923e+12	8.64e-34	7.45e-25	6.04e-17	1.26e-09	8.98e-02	8.97e-01	1.33e-02	0.00e+00	0.00e+00	0.00e+00	0.00e+00	0.00e+00	8.54e-113
 8.53846e+12	1.32e-33	1.05e-24	7.89e-17	1.50e-09	9.80e-02	8.90e-01	1.20e-02	0.00e+00	0.00e+00	0.00e+00	0.00e+00	0.00e+00	3.64e-95
 8.81290e+12	1.85e-33	1.38e-24	9.78e-17	1.74e-09	1.05e-01	8.84e-01	1.11e-02	0.00e+00	0.00e+00	0.00e+00	0.00e+00	0.00e+00	6.20e-112
 9.09086e+12	2.56e-33	1.80e-24	1.20e-16	2.00e-09	1.12e-01	8.77e-01	1.02e-02	0.00e+00	0.00e+00	0.00e+00	0.00e+00	0.00e+00	1.54e-94
 9.44789e+12	3.85e-33	2.51e-24	1.56e-16	2.39e-09	1.22e-01	8.69e-01	9.26e-03	0.00e+00	0.00e+00	0.00e+00	0.00e+00	0.00e+00	4.27e-111
 9.81517e+12	5.76e-33	3.48e-24	2.02e-16	2.84e-09	1.33e-01	8.59e-01	8.37e-03	0.00e+00	0.00e+00	0.00e+00	0.00e+00	0.00e+00	8.82e-94
 1.01258e+13	7.97e-33	4.54e-24	2.49e-16	3.26e-09	1.42e-01	8.51e-01	7.70e-03	0.00e+00	0.00e+00	0.00e+00	0.00e+00	0.00e+00	2.89e-110
 1.04555e+13	1.11e-32	5.94e-24	3.08e-16	3.76e-09	1.52e-01	8.41e-01	7.06e-03	0.00e+00	0.00e+00	0.00e+00	0.00e+00	0.00e+00	3.65e-93
 1.08696e+13	1.66e-32	8.23e-24	3.98e-16	4.47e-09	1.64e-01	8.30e-01	6.35e-03	0.00e+00	0.00e+00	0.00e+00	0.00e+00	0.00e+00	2.01e-109
 1.12989e+13	2.46e-32	1.14e-23	5.13e-16	5.31e-09	1.78e-01	8.17e-01	5.71e-03	0.00e+00	0.00e+00	0.00e+00	0.00e+00	0.00e+00	2.04e-92
 1.16824e+13	3.45e-32	1.50e-23	6.37e-16	6.14e-09	1.90e-01	8.05e-01	5.20e-03	0.00e+00	0.00e+00	0.00e+00	0.00e+00	0.00e+00	1.42e-108
 1.21012e+13	4.91e-32	2.00e-23	7.99e-16	7.14e-09	2.03e-01	7.92e-01	4.72e-03	0.00e+00	0.00e+00	0.00e+00	0.00e+00	0.00e+00	9.18e-92
 1.25996e+13	7.33e-32	2.77e-23	1.03e-15	8.48e-09	2.19e-01	7.77e-01	4.20e-03	0.00e+00	0.00e+00	0.00e+00	0.00e+00	0.00e+00	1.08e-107
 1.31005e+13	1.08e-31	3.78e-23	1.32e-15	1.00e-08	2.36e-01	7.61e-01	3.76e-03	0.00e+00	0.00e+00	0.00e+00	0.00e+00	0.00e+00	5.10e-91
 1.35695e+13	1.52e-31	5.00e-23	1.65e-15	1.16e-08	2.51e-01	7.45e-01	3.39e-03	0.00e+00	0.00e+00	0.00e+00	0.00e+00	0.00e+00	7.72e-107
 1.40903e+13	2.18e-31	6.72e-23	2.08e-15	1.35e-08	2.68e-01	7.29e-01	3.04e-03	0.00e+00	0.00e+00	0.00e+00	0.00e+00	0.00e+00	2.41e-90
 1.46839e+13	3.23e-31	9.27e-23	2.68e-15	1.60e-08	2.88e-01	7.09e-01	2.69e-03	0.00e+00	0.00e+00	0.00e+00	0.00e+00	0.00e+00	6.16e-106
 1.52700e+13	4.67e-31	1.25e-22	3.39e-15	1.87e-08	3.07e-01	6.90e-01	2.39e-03	0.00e+00	0.00e+00	0.00e+00	0.00e+00	0.00e+00	1.32e-89
 1.57817e+13	6.36e-31	1.61e-22	4.13e-15	2.12e-08	3.24e-01	6.74e-01	2.17e-03	0.00e+00	0.00e+00	0.00e+00	0.00e+00	0.00e+00	4.04e-105
 1.62113e+13	8.17e-31	1.97e-22	4.83e-15	2.36e-08	3.38e-01	6.60e-01	1.99e-03	0.00e+00	0.00e+00	0.00e+00	0.00e+00	0.00e+00	4.61e-89
 1.66748e+13	1.06e-30	2.43e-22	5.70e-15	2.62e-08	3.53e-01	6.46e-01	1.83e-03	0.00e+00	0.00e+00	0.00e+00	0.00e+00	0.00e+00	1.68e-104
 1.72774e+13	1.46e-30	3.17e-22	7.00e-15	3.00e-08	3.72e-01	6.27e-01	1.64e-03	0.00e+00	0.00e+00	0.00e+00	0.00e+00	0.00e+00	1.73e-88
 1.79077e+13	2.03e-30	4.13e-22	8.61e-15	3.43e-08	3.91e-01	6.07e-01	1.46e-03	0.00e+00	0.00e+00	0.00e+00	0.00e+00	0.00e+00	1.06e-103
 1.84453e+13	2.65e-30	5.12e-22	1.02e-14	3.82e-08	4.08e-01	5.91e-01	1.33e-03	0.00e+00	0.00e+00	0.00e+00	0.00e+00	0.00e+00	6.66e-88
 1.90152e+13	3.47e-30	6.38e-22	1.21e-14	4.27e-08	4.24e-01	5.74e-01	1.21e-03	0.00e+00	0.00e+00	0.00e+00	0.00e+00	0.00e+00	4.93e-103
 1.97390e+13	4.83e-30	8.33e-22	1.49e-14	4.88e-08	4.46e-01	5.53e-01	1.07e-03	0.00e+00	0.00e+00	0.00e+00	0.00e+00	0.00e+00	2.67e-87
 2.04866e+13	6.70e-30	1.09e-21	1.82e-14	5.56e-08	4.67e-01	5.32e-01	9.45e-04	0.00e+00	0.00e+00	0.00e+00	0.00e+00	0.00e+00	3.29e-102
 2.11374e+13	8.80e-30	1.35e-21	2.16e-14	6.20e-08	4.84e-01	5.15e-01	8.52e-04	0.00e+00	0.00e+00	0.00e+00	0.00e+00	0.00e+00	1.08e-86
 2.18390e+13	1.17e-29	1.70e-21	2.58e-14	6.93e-08	5.03e-01	4.96e-01	7.64e-04	0.00e+00	0.00e+00	0.00e+00	0.00e+00	0.00e+00	1.67e-101
 2.26225e+13	1.58e-29	2.17e-21	3.11e-14	7.80e-08	5.23e-01	4.76e-01	6.77e-04	0.00e+00	0.00e+00	0.00e+00	0.00e+00	0.00e+00	4.26e-86
 2.33563e+13	2.07e-29	2.70e-21	3.68e-14	8.67e-08	5.41e-01	4.59e-01	6.07e-04	0.00e+00	0.00e+00	0.00e+00	0.00e+00	0.00e+00	9.09e-101
 2.41543e+13	2.76e-29	3.39e-21	4.38e-14	9.67e-08	5.59e-01	4.40e-01	5.40e-04	0.00e+00	0.00e+00	0.00e+00	0.00e+00	0.00e+00	1.60e-85
 2.50388e+13	3.73e-29	4.32e-21	5.28e-14	1.09e-07	5.79e-01	4.20e-01	4.76e-04	0.00e+00	0.00e+00	0.00e+00	0.00e+00	0.00e+00	5.22e-100
 2.58593e+13	4.88e-29	5.37e-21	6.23e-14	1.20e-07	5.97e-01	4.03e-01	4.25e-04	0.00e+00	0.00e+00	0.00e+00	0.00e+00	0.00e+00	6.29e-85
 2.67494e+13	6.46e-29	6.72e-21	7.38e-14	1.34e-07	6.15e-01	3.85e-01	3.77e-04	0.00e+00	0.00e+00	0.00e+00	0.00e+00	0.00e+00	2.74e-99
 2.77434e+13	8.72e-29	8.55e-21	8.87e-14	1.50e-07	6.34e-01	3.66e-01	3.30e-04	0.00e+00	0.00e+00	0.00e+00	0.00e+00	0.00e+00	2.57e-84
 2.86765e+13	1.14e-28	1.06e-20	1.04e-13	1.65e-07	6.51e-01	3.49e-01	2.92e-04	0.00e+00	0.00e+00	0.00e+00	0.00e+00	0.00e+00	1.56e-98
 2.96937e+13	1.52e-28	1.33e-20	1.24e-13	1.83e-07	6.68e-01	3.31e-01	2.58e-04	0.00e+00	0.00e+00	0.00e+00	0.00e+00	0.00e+00	1.00e-83
 3.08289e+13	2.06e-28	1.69e-20	1.49e-13	2.05e-07	6.87e-01	3.13e-01	2.24e-04	0.00e+00	0.00e+00	0.00e+00	0.00e+00	0.00e+00	9.48e-98
 3.18952e+13	2.70e-28	2.11e-20	1.75e-13	2.26e-07	7.03e-01	2.97e-01	1.97e-04	0.00e+00	0.00e+00	0.00e+00	0.00e+00	0.00e+00	4.12e-83
 3.30592e+13	3.61e-28	2.65e-20	2.08e-13	2.50e-07	7.19e-01	2.81e-01	1.73e-04	0.00e+00	0.00e+00	0.00e+00	0.00e+00	0.00e+00	5.43e-97
 3.43722e+13	4.91e-28	3.38e-20	2.50e-13	2.79e-07	7.36e-01	2.64e-01	1.49e-04	0.00e+00	0.00e+00	0.00e+00	0.00e+00	0.00e+00	1.85e-82
 3.56193e+13	6.51e-28	4.23e-20	2.95e-13	3.08e-07	7.51e-01	2.49e-01	1.30e-04	0.00e+00	0.00e+00	0.00e+00	0.00e+00	0.00e+00	3.45e-96
 3.69505e+13	8.71e-28	5.33e-20	3.49e-13	3.39e-07	7.65e-01	2.35e-01	1.13e-04	0.00e+00	0.00e+00	0.00e+00	0.00e+00	0.00e+00	7.93e-82
 3.84584e+13	1.19e-27	6.82e-20	4.20e-13	3.78e-07	7.81e-01	2.19e-01	9.68e-05	0.00e+00	0.00e+00	0.00e+00	0.00e+00	0.00e+00	2.33e-95
 3.99434e+13	1.60e-27	8.62e-20	4.98e-13	4.17e-07	7.94e-01	2.06e-01	8.37e-05	0.00e+00	0.00e+00	0.00e+00	0.00e+00	0.00e+00	3.77e-81
 4.14878e+13	2.16e-27	1.09e-19	5.91e-13	4.60e-07	8.07e-01	1.93e-01	7.23e-05	0.00e+00	0.00e+00	0.00e+00	0.00e+00	0.00e+00	1.54e-94
 4.31772e+13	2.94e-27	1.39e-19	7.07e-13	5.11e-07	8.20e-01	1.79e-01	6.18e-05	0.00e+00	0.00e+00	0.00e+00	0.00e+00	0.00e+00	1.79e-80
 4.49342e+13	4.02e-27	1.77e-19	8.44e-13	5.64e-07	8.33e-01	1.67e-01	5.29e-05	0.00e+00	0.00e+00	0.00e+00	0.00e+00	0.00e+00	1.13e-93
 4.65949e+13	5.32e-27	2.21e-19	9.90e-13	6.18e-07	8.43e-01	1.57e-01	4.59e-05	0.00e+00	0.00e+00	0.00e+00	0.00e+00	0.00e+00	8.38e-80
 4.80826e+13	6.79e-27	2.67e-19	1.14e-12	6.67e-07	8.52e-01	1.48e-01	4.05e-05	0.00e+00	0.00e+00	0.00e+00	0.00e+00	0.00e+00	6.10e-93
 4.94725e+13	8.47e-27	3.17e-19	1.29e-12	7.15e-07	8.59e-01	1.41e-01	3.62e-05	0.00e+00	0.00e+00	0.00e+00	0.00e+00	0.00e+00	2.83e-79
 5.10069e+13	1.07e-26	3.81e-19	1.47e-12	7.69e-07	8.67e-01	1.33e-01	3.21e-05	0.00e+00	0.00e+00	0.00e+00	0.00e+00	0.00e+00	2.68e-92
 5.27339e+13	1.39e-26	4.67e-19	1.69e-12	8.32e-07	8.75e-01	1.25e-01	2.82e-05	0.00e+00	0.00e+00	0.00e+00	0.00e+00	0.00e+00	1.06e-78
 5.43842e+13	1.77e-26	5.61e-19	1.93e-12	8.95e-07	8.82e-01	1.18e-01	2.50e-05	0.00e+00	0.00e+00	0.00e+00	0.00e+00	0.00e+00	1.34e-91
 5.62023e+13	2.28e-26	6.84e-19	2.22e-12	9.67e-07	8.89e-01	1.11e-01	2.19e-05	0.00e+00	0.00e+00	0.00e+00	0.00e+00	0.00e+00	3.91e-78
 5.82031e+13	2.99e-26	8.44e-19	2.58e-12	1.05e-06	8.96e-01	1.04e-01	1.91e-05	0.00e+00	0.00e+00	0.00e+00	0.00e+00	0.00e+00	7.39e-91
 6.00442e+13	3.81e-26	1.02e-18	2.94e-12	1.13e-06	9.02e-01	9.83e-02	1.69e-05	0.00e+00	0.00e+00	0.00e+00	0.00e+00	0.00e+00	1.54e-77
 6.20406e+13	4.92e-26	1.24e-18	3.37e-12	1.21e-06	9.07e-01	9.25e-02	1.49e-05	0.00e+00	0.00e+00	0.00e+00	0.00e+00	0.00e+00	3.70e-90
 6.42751e+13	6.48e-26	1.53e-18	3.91e-12	1.31e-06	9.13e-01	8.65e-02	1.29e-05	0.00e+00	0.00e+00	0.00e+00	0.00e+00	0.00e+00	6.41e-77
 6.63839e+13	8.33e-26	1.85e-18	4.48e-12	1.41e-06	9.19e-01	8.14e-02	1.14e-05	0.00e+00	0.00e+00	0.00e+00	0.00e+00	0.00e+00	2.06e-89
 6.86899e+13	1.09e-25	2.27e-18	5.16e-12	1.52e-06	9.24e-01	7.63e-02	9.94e-06	0.00e+00	0.00e+00	0.00e+00	0.00e+00	0.00e+00	2.58e-76
 7.12445e+13	1.45e-25	2.83e-18	6.00e-12	1.65e-06	9.29e-01	7.12e-02	8.61e-06	0.00e+00	0.00e+00	0.00e+00	0.00e+00	0.00e+00	5.58e-76
 7.36269e+13	1.87e-25	3.44e-18	6.88e-12	1.77e-06	9.33e-01	6.69e-02	7.57e-06	0.00e+00	0.00e+00	0.00e+00	0.00e+00	0.00e+00	1.12e-75
 7.62289e+13	2.46e-25	4.24e-18	7.93e-12	1.91e-06	9.37e-01	6.27e-02	6.61e-06	0.00e+00	0.00e+00	0.00e+00	0.00e+00	0.00e+00	2.36e-75
 7.91479e+13	3.31e-25	5.31e-18	9.25e-12	2.07e-06	9.42e-01	5.84e-02	5.71e-06	0.00e+00	0.00e+00	0.00e+00	0.00e+00	0.00e+00	5.28e-75
 8.19194e+13	4.34e-25	6.53e-18	1.06e-11	2.22e-06	9.45e-01	5.47e-02	4.99e-06	0.00e+00	0.00e+00	0.00e+00	0.00e+00	0.00e+00	1.10e-74
 8.49225e+13	5.76e-25	8.10e-18	1.23e-11	2.40e-06	9.49e-01	5.10e-02	4.33e-06	0.00e+00	0.00e+00	0.00e+00	0.00e+00	0.00e+00	2.39e-74
 8.82548e+13	7.80e-25	1.02e-17	1.44e-11	2.60e-06	9.53e-01	4.74e-02	3.72e-06	0.00e+00	0.00e+00	0.00e+00	0.00e+00	0.00e+00	5.47e-74
 9.14451e+13	1.03e-24	1.26e-17	1.67e-11	2.80e-06	9.56e-01	4.43e-02	3.24e-06	0.00e+00	0.00e+00	0.00e+00	0.00e+00	0.00e+00	1.18e-73
 9.48576e+13	1.38e-24	1.57e-17	1.93e-11	3.02e-06	9.59e-01	4.13e-02	2.81e-06	0.00e+00	0.00e+00	0.00e+00	0.00e+00	0.00e+00	2.61e-73
 9.86819e+13	1.89e-24	1.99e-17	2.27e-11	3.28e-06	9.62e-01	3.83e-02	2.41e-06	0.00e+00	0.00e+00	0.00e+00	0.00e+00	0.00e+00	6.19e-73
 1.02512e+14	2.56e-24	2.50e-17	2.64e-11	3.54e-06	9.64e-01	3.57e-02	2.08e-06	0.00e+00	0.00e+00	0.00e+00	0.00e+00	0.00e+00	1.42e-72
 1.06494e+14	3.46e-24	3.14e-17	3.08e-11	3.83e-06	9.67e-01	3.31e-02	1.79e-06	0.00e+00	0.00e+00	0.00e+00	0.00e+00	0.00e+00	3.25e-72
 1.10784e+14	4.74e-24	3.98e-17	3.61e-11	4.15e-06	9.69e-01	3.07e-02	1.54e-06	0.00e+00	0.00e+00	0.00e+00	0.00e+00	0.00e+00	7.68e-72
 1.15245e+14	6.48e-24	5.04e-17	4.23e-11	4.50e-06	9.72e-01	2.85e-02	1.32e-06	0.00e+00	0.00e+00	0.00e+00	1.63e-17	3.41e-17	1.82e-71
 1.19885e+14	8.87e-24	6.37e-17	4.95e-11	4.87e-06	9.74e-01	2.64e-02	1.13e-06	0.00e+00	0.00e+00	0.00e+00	2.11e-17	4.25e-17	4.28e-71
 1.24374e+14	1.19e-23	7.93e-17	5.73e-11	5.24e-06	9.75e-01	2.46e-02	9.80e-07	0.00e+00	0.00e+00	0.00e+00	2.63e-17	5.30e-17	9.59e-71
 1.28192e+14	1.51e-23	9.52e-17	6.47e-11	5.57e-06	9.77e-01	2.32e-02	0.00e+00	0.00e+00	0.00e+00	0.00e+00	3.16e-17	6.36e-17	1.87e-70
 1.32091e+14	1.91e-23	1.14e-16	7.30e-11	5.92e-06	9.78e-01	2.19e-02	0.00e+00	0.00e+00	0.00e+00	0.00e+00	3.77e-17	7.59e-17	3.55e-70
 1.36995e+14	2.57e-23	1.42e-16	8.44e-11	6.36e-06	9.80e-01	2.04e-02	0.00e+00	0.00e+00	0.00e+00	0.00e+00	4.70e-17	9.46e-17	8.02e-70
 1.42013e+14	3.40e-23	1.75e-16	9.75e-11	6.84e-06	9.81e-01	1.90e-02	0.00e+00	0.00e+00	0.00e+00	0.00e+00	5.80e-17	1.17e-16	1.72e-69
 1.46348e+14	4.31e-23	2.09e-16	1.10e-10	7.27e-06	9.82e-01	1.80e-02	0.00e+00	0.00e+00	0.00e+00	0.00e+00	6.94e-17	1.40e-16	3.32e-69
 1.50990e+14	5.53e-23	2.52e-16	1.24e-10	7.73e-06	9.83e-01	1.69e-02	0.00e+00	0.00e+00	0.00e+00	0.00e+00	8.38e-17	1.69e-16	6.63e-69
 1.56702e+14	7.41e-23	3.15e-16	1.44e-10	8.33e-06	9.84e-01	1.57e-02	0.00e+00	0.00e+00	0.00e+00	0.00e+00	1.04e-16	2.10e-16	1.48e-68
 1.62594e+14	9.87e-23	3.90e-16	1.67e-10	8.98e-06	9.85e-01	1.46e-02	0.00e+00	0.00e+00	0.00e+00	0.00e+00	1.30e-16	2.61e-16	3.25e-68
 1.68012e+14	1.28e-22	4.76e-16	1.91e-10	9.58e-06	9.86e-01	1.37e-02	0.00e+00	0.00e+00	0.00e+00	0.00e+00	1.58e-16	3.18e-16	6.72e-68
 1.74024e+14	1.68e-22	5.83e-16	2.20e-10	1.03e-05	9.87e-01	1.28e-02	0.00e+00	0.00e+00	0.00e+00	0.00e+00	1.94e-16	3.90e-16	1.40e-67
 1.80985e+14	2.30e-22	7.39e-16	2.57e-10	1.11e-05	9.88e-01	1.19e-02	0.00e+00	0.00e+00	0.00e+00	0.00e+00	2.45e-16	4.94e-16	3.34e-67
 1.87446e+14	3.00e-22	9.05e-16	2.96e-10	1.20e-05	9.89e-01	1.11e-02	0.00e+00	0.00e+00	0.00e+00	0.00e+00	3.00e-16	6.05e-16	6.94e-67
 1.93016e+14	3.79e-22	1.08e-15	3.33e-10	1.27e-05	9.90e-01	1.04e-02	0.00e+00	0.00e+00	0.00e+00	0.00e+00	3.58e-16	7.21e-16	1.32e-66
 1.99164e+14	4.81e-22	1.29e-15	3.78e-10	1.35e-05	9.90e-01	9.80e-03	0.00e+00	0.00e+00	0.00e+00	0.00e+00	4.29e-16	8.64e-16	2.54e-66
 2.06706e+14	6.45e-22	1.62e-15	4.38e-10	1.46e-05	9.91e-01	9.11e-03	0.00e+00	0.00e+00	0.00e+00	0.00e+00	5.36e-16	1.08e-15	5.73e-66
 2.14359e+14	8.47e-22	1.99e-15	5.08e-10	1.57e-05	9.92e-01	8.46e-03	0.00e+00	0.00e+00	0.00e+00	0.00e+00	6.59e-16	1.33e-15	1.20e-65
 2.21189e+14	1.09e-21	2.40e-15	5.75e-10	1.67e-05	9.92e-01	7.96e-03	0.00e+00	0.00e+00	0.00e+00	0.00e+00	7.97e-16	1.61e-15	2.41e-65
 2.28653e+14	1.40e-21	2.90e-15	6.58e-10	1.79e-05	9.93e-01	7.44e-03	0.00e+00	0.00e+00	0.00e+00	0.00e+00	9.63e-16	1.94e-15	4.76e-65
 2.37544e+14	1.87e-21	3.63e-15	7.67e-10	1.93e-05	9.93e-01	6.89e-03	0.00e+00	0.00e+00	0.00e+00	0.00e+00	1.20e-15	2.43e-15	1.07e-64
 2.46327e+14	2.47e-21	4.49e-15	8.88e-10	2.08e-05	9.94e-01	6.41e-03	0.00e+00	0.00e+00	0.00e+00	0.00e+00	1.49e-15	3.00e-15	2.29e-64
 2.54293e+14	3.16e-21	5.42e-15	1.01e-09	2.22e-05	9.94e-01	6.02e-03	0.00e+00	0.00e+00	0.00e+00	0.00e+00	1.80e-15	3.62e-15	4.55e-64
 2.63163e+14	4.07e-21	6.58e-15	1.16e-09	2.38e-05	9.94e-01	5.61e-03	0.00e+00	0.00e+00	0.00e+00	0.00e+00	2.18e-15	4.40e-15	9.08e-64
 2.73555e+14	5.52e-21	8.29e-15	1.35e-09	2.58e-05	9.95e-01	5.19e-03	0.00e+00	0.00e+00	0.00e+00	0.00e+00	2.75e-15	5.54e-15	2.11e-63
 2.83813e+14	7.23e-21	1.02e-14	1.57e-09	2.78e-05	9.95e-01	4.82e-03	0.00e+00	0.00e+00	0.00e+00	0.00e+00	3.38e-15	6.81e-15	4.41e-63
 2.93398e+14	9.29e-21	1.23e-14	1.79e-09	2.97e-05	9.95e-01	4.51e-03	0.00e+00	0.00e+00	0.00e+00	0.00e+00	4.09e-15	8.25e-15	8.82e-63
 3.04081e+14	1.22e-20	1.52e-14	2.07e-09	3.20e-05	9.96e-01	4.19e-03	0.00e+00	0.00e+00	0.00e+00	0.00e+00	5.05e-15	1.02e-14	1.89e-62
 3.16275e+14	1.62e-20	1.90e-14	2.43e-09	3.47e-05	9.96e-01	3.87e-03	0.00e+00	0.00e+00	0.00e+00	0.00e+00	6.28e-15	1.27e-14	4.14e-62
 3.28361e+14	2.17e-20	2.37e-14	2.82e-09	3.74e-05	9.96e-01	3.59e-03	0.00e+00	0.00e+00	0.00e+00	0.00e+00	7.84e-15	1.58e-14	9.24e-62
 3.39532e+14	2.75e-20	2.84e-14	3.23e-09	4.01e-05	9.97e-01	3.35e-03	0.00e+00	0.00e+00	0.00e+00	0.00e+00	9.41e-15	1.90e-14	1.77e-61
 3.51722e+14	3.59e-20	3.48e-14	3.71e-09	4.30e-05	9.97e-01	3.12e-03	0.00e+00	0.00e+00	0.00e+00	0.00e+00	1.15e-14	2.33e-14	3.69e-61
 3.65451e+14	4.79e-20	4.36e-14	4.33e-09	4.65e-05	9.97e-01	2.89e-03	0.00e+00	0.00e+00	0.00e+00	0.00e+00	1.44e-14	2.91e-14	8.29e-61
 3.78592e+14	6.15e-20	5.28e-14	4.99e-09	5.00e-05	9.97e-01	2.68e-03	0.00e+00	0.00e+00	0.00e+00	0.00e+00	1.75e-14	3.53e-14	1.65e-60
 3.90875e+14	7.86e-20	6.38e-14	5.67e-09	5.33e-05	9.97e-01	2.52e-03	0.00e+00	0.00e+00	0.00e+00	0.00e+00	2.11e-14	4.27e-14	3.26e-60
 4.02204e+14	9.57e-20	7.43e-14	6.36e-09	5.66e-05	9.98e-01	2.37e-03	0.00e+00	0.00e+00	0.00e+00	0.00e+00	2.46e-14	4.97e-14	5.62e-60
 4.14505e+14	1.20e-19	8.83e-14	7.18e-09	6.01e-05	9.98e-01	2.23e-03	0.00e+00	0.00e+00	0.00e+00	0.00e+00	2.92e-14	5.91e-14	1.05e-59
 4.28283e+14	1.53e-19	1.07e-13	8.18e-09	6.43e-05	9.98e-01	2.09e-03	0.00e+00	0.00e+00	0.00e+00	0.00e+00	3.53e-14	7.14e-14	2.08e-59
 4.41337e+14	1.89e-19	1.25e-13	9.23e-09	6.83e-05	9.98e-01	1.96e-03	0.00e+00	0.00e+00	0.00e+00	0.00e+00	4.15e-14	8.40e-14	3.71e-59
 4.55664e+14	2.40e-19	1.51e-13	1.05e-08	7.29e-05	9.98e-01	1.84e-03	0.00e+00	0.00e+00	0.00e+00	0.00e+00	5.00e-14	1.01e-13	7.30e-59
 4.71638e+14	3.05e-19	1.82e-13	1.20e-08	7.83e-05	9.98e-01	1.71e-03	0.00e+00	0.00e+00	0.00e+00	0.00e+00	6.01e-14	1.22e-13	1.41e-58
 4.86639e+14	3.84e-19	2.17e-13	1.37e-08	8.34e-05	9.98e-01	1.61e-03	0.00e+00	0.00e+00	0.00e+00	0.00e+00	7.18e-14	1.46e-13	2.69e-58
 5.03024e+14	4.90e-19	2.63e-13	1.56e-08	8.92e-05	9.98e-01	1.50e-03	0.00e+00	0.00e+00	0.00e+00	0.00e+00	8.68e-14	1.76e-13	5.33e-58
 5.21359e+14	6.27e-19	3.19e-13	1.80e-08	9.60e-05	9.99e-01	1.40e-03	0.00e+00	0.00e+00	0.00e+00	0.00e+00	1.05e-13	2.13e-13	1.06e-57
 5.38565e+14	8.00e-19	3.85e-13	2.05e-08	1.03e-04	9.99e-01	1.31e-03	0.00e+00	0.00e+00	0.00e+00	0.00e+00	1.27e-13	2.58e-13	2.10e-57
 5.57271e+14	1.01e-18	4.61e-13	2.35e-08	1.10e-04	9.99e-01	1.22e-03	0.00e+00	0.00e+00	0.00e+00	0.00e+00	1.52e-13	3.09e-13	4.00e-57
 5.77995e+14	1.33e-18	5.70e-13	2.72e-08	1.18e-04	9.99e-01	1.13e-03	0.00e+00	0.00e+00	0.00e+00	0.00e+00	1.88e-13	3.82e-13	8.62e-57
 5.97291e+14	1.66e-18	6.80e-13	3.11e-08	1.27e-04	9.99e-01	1.06e-03	0.00e+00	0.00e+00	0.00e+00	0.00e+00	2.24e-13	4.56e-13	1.61e-56
 6.18324e+14	2.14e-18	8.28e-13	3.57e-08	1.36e-04	9.99e-01	9.84e-04	0.00e+00	0.00e+00	0.00e+00	0.00e+00	2.73e-13	5.55e-13	3.29e-56
 6.41800e+14	2.75e-18	1.01e-12	4.14e-08	1.47e-04	9.99e-01	9.10e-04	0.00e+00	0.00e+00	0.00e+00	0.00e+00	3.32e-13	6.77e-13	6.67e-56
 6.63767e+14	3.52e-18	1.22e-12	4.74e-08	1.57e-04	9.99e-01	8.50e-04	0.00e+00	0.00e+00	0.00e+00	0.00e+00	4.03e-13	8.21e-13	1.34e-55
 6.87635e+14	4.49e-18	1.48e-12	5.47e-08	1.69e-04	9.99e-01	7.89e-04	0.00e+00	0.00e+00	0.00e+00	0.00e+00	4.87e-13	9.91e-13	2.63e-55
 7.14263e+14	5.87e-18	1.82e-12	6.37e-08	1.83e-04	9.99e-01	7.29e-04	0.00e+00	0.00e+00	0.00e+00	0.00e+00	6.00e-13	1.22e-12	5.61e-55
 7.39360e+14	7.39e-18	2.19e-12	7.31e-08	1.97e-04	9.99e-01	6.78e-04	0.00e+00	0.00e+00	0.00e+00	0.00e+00	7.20e-13	1.47e-12	1.08e-54
 7.66362e+14	9.57e-18	2.69e-12	8.44e-08	2.12e-04	9.99e-01	6.30e-04	0.00e+00	0.00e+00	0.00e+00	0.00e+00	8.83e-13	1.80e-12	2.26e-54
 7.97046e+14	1.25e-17	3.30e-12	9.90e-08	2.30e-04	9.99e-01	5.79e-04	0.00e+00	0.00e+00	0.00e+00	0.00e+00	1.09e-12	2.22e-12	4.72e-54
 8.27000e+14	1.61e-17	4.05e-12	1.15e-07	2.48e-04	9.99e-01	5.36e-04	0.00e+00	0.00e+00	0.00e+00	0.00e+00	1.33e-12	2.72e-12	9.87e-54
 8.58153e+14	2.06e-17	4.92e-12	1.33e-07	2.69e-04	9.99e-01	4.96e-04	0.00e+00	0.00e+00	0.00e+00	0.00e+00	1.62e-12	3.31e-12	1.98e-53
 8.92509e+14	2.70e-17	6.11e-12	1.56e-07	2.92e-04	9.99e-01	4.56e-04	0.00e+00	0.00e+00	0.00e+00	0.00e+00	2.01e-12	4.11e-12	4.30e-53
 9.21558e+14	3.33e-17	7.22e-12	1.78e-07	3.13e-04	9.99e-01	4.25e-04	0.00e+00	0.00e+00	0.00e+00	0.00e+00	2.37e-12	4.85e-12	7.81e-53
 9.42648e+14	3.88e-17	8.16e-12	1.95e-07	3.28e-04	9.99e-01	4.05e-04	0.00e+00	0.00e+00	0.00e+00	0.00e+00	2.68e-12	5.48e-12	1.21e-52
 9.64625e+14	4.54e-17	9.25e-12	2.14e-07	3.44e-04	9.99e-01	3.86e-04	0.00e+00	3.78e-18	1.14e-17	1.90e-17	3.03e-12	6.21e-12	1.90e-52
 9.93196e+14	5.50e-17	1.08e-11	2.41e-07	3.67e-04	9.99e-01	3.62e-04	0.00e+00	4.58e-18	1.37e-17	2.30e-17	3.54e-12	7.25e-12	3.29e-52
 1.02479e+15	6.76e-17	1.27e-11	2.73e-07	3.93e-04	9.99e-01	3.38e-04	0.00e+00	5.64e-18	1.69e-17	2.83e-17	4.18e-12	8.56e-12	5.99e-52
 1.05417e+15	8.15e-17	1.48e-11	3.06e-07	4.17e-04	9.99e-01	3.18e-04	0.00e+00	6.80e-18	2.04e-17	3.41e-17	4.87e-12	9.98e-12	1.04e-51
 1.08622e+15	9.98e-17	1.74e-11	3.46e-07	4.46e-04	9.99e-01	2.98e-04	0.00e+00	8.33e-18	2.50e-17	4.18e-17	5.71e-12	1.17e-11	1.85e-51
 1.12202e+15	1.23e-16	2.07e-11	3.95e-07	4.79e-04	9.99e-01	2.77e-04	0.00e+00	1.03e-17	3.09e-17	5.16e-17	6.77e-12	1.39e-11	3.42e-51
 1.15582e+15	1.50e-16	2.42e-11	4.45e-07	5.10e-04	9.99e-01	2.60e-04	0.00e+00	1.25e-17	3.76e-17	6.28e-17	7.93e-12	1.63e-11	6.06e-51
 1.19286e+15	1.83e-16	2.85e-11	5.07e-07	5.47e-04	9.99e-01	2.42e-04	0.00e+00	1.53e-17	4.59e-17	7.67e-17	9.34e-12	1.92e-11	1.09e-50
 1.23427e+15	2.27e-16	3.41e-11	5.81e-07	5.90e-04	9.99e-01	2.25e-04	0.00e+00	1.90e-17	5.70e-17	9.52e-17	1.12e-11	2.29e-11	2.09e-50
 1.27366e+15	2.80e-16	4.03e-11	6.61e-07	6.33e-04	9.99e-01	2.10e-04	0.00e+00	2.35e-17	7.05e-17	1.18e-16	1.32e-11	2.71e-11	3.85e-50
 1.31718e+15	3.44e-16	4.79e-11	7.57e-07	6.81e-04	9.99e-01	1.95e-04	0.00e+00	2.88e-17	8.66e-17	1.45e-16	1.57e-11	3.22e-11	7.23e-50
 1.36556e+15	4.37e-16	5.80e-11	8.78e-07	7.40e-04	9.99e-01	1.79e-04	0.00e+00	3.67e-17	1.10e-16	1.84e-16	1.90e-11	3.90e-11	1.46e-49
 1.41042e+15	5.31e-16	6.85e-11	1.00e-06	7.94e-04	9.99e-01	1.67e-04	0.00e+00	4.46e-17	1.34e-16	2.24e-16	2.24e-11	4.60e-11	2.68e-49
 1.45891e+15	6.64e-16	8.20e-11	1.15e-06	8.58e-04	9.99e-01	1.55e-04	0.00e+00	5.59e-17	1.68e-16	2.80e-16	2.69e-11	5.51e-11	5.24e-49
 1.51294e+15	8.38e-16	9.91e-11	1.33e-06	9.31e-04	9.99e-01	1.42e-04	0.00e+00	7.06e-17	2.12e-16	3.54e-16	3.25e-11	6.66e-11	1.06e-48
 1.56345e+15	1.02e-15	1.17e-10	1.52e-06	1.00e-03	9.99e-01	1.32e-04	0.00e+00	8.56e-17	2.57e-16	4.29e-16	3.83e-11	7.86e-11	1.96e-48
 1.61835e+15	1.28e-15	1.41e-10	1.75e-06	1.08e-03	9.99e-01	1.22e-04	0.00e+00	1.08e-16	3.24e-16	5.41e-16	4.61e-11	9.46e-11	3.93e-48
 1.67956e+15	1.61e-15	1.70e-10	2.03e-06	1.18e-03	9.99e-01	1.12e-04	0.00e+00	1.36e-16	4.09e-16	6.83e-16	5.58e-11	1.15e-10	8.09e-48
 1.73686e+15	1.96e-15	2.02e-10	2.32e-06	1.27e-03	9.99e-01	1.04e-04	0.00e+00	1.66e-16	4.98e-16	8.32e-16	6.62e-11	1.36e-10	1.53e-47
 1.79924e+15	2.49e-15	2.44e-10	2.68e-06	1.38e-03	9.99e-01	9.62e-05	0.00e+00	2.11e-16	6.35e-16	1.06e-15	8.02e-11	1.64e-10	3.18e-47
 1.86905e+15	3.16e-15	2.98e-10	3.12e-06	1.50e-03	9.98e-01	8.83e-05	0.00e+00	2.68e-16	8.04e-16	1.34e-15	9.78e-11	2.00e-10	6.77e-47
 1.93506e+15	3.92e-15	3.58e-10	3.59e-06	1.62e-03	9.98e-01	8.16e-05	0.00e+00	3.33e-16	1.00e-15	1.67e-15	1.17e-10	2.40e-10	1.36e-46
 2.00587e+15	4.92e-15	4.32e-10	4.15e-06	1.76e-03	9.98e-01	7.52e-05	0.00e+00	4.18e-16	1.26e-15	2.10e-15	1.42e-10	2.90e-10	2.82e-46
 2.08613e+15	6.32e-15	5.31e-10	4.86e-06	1.92e-03	9.98e-01	6.88e-05	0.00e+00	5.38e-16	1.62e-15	2.70e-15	1.74e-10	3.57e-10	6.38e-46
 2.15283e+15	7.53e-15	6.20e-10	5.50e-06	2.06e-03	9.98e-01	6.41e-05	0.00e+00	6.42e-16	1.93e-15	3.22e-15	2.03e-10	4.16e-10	1.17e-45
 2.19991e+15	8.83e-15	7.02e-10	6.00e-06	2.17e-03	9.98e-01	6.10e-05	0.00e+00	7.53e-16	2.26e-15	3.78e-15	2.31e-10	4.72e-10	1.92e-45
 2.24888e+15	1.01e-14	7.89e-10	6.56e-06	2.28e-03	9.98e-01	5.80e-05	0.00e+00	8.67e-16	2.60e-15	4.34e-15	2.59e-10	5.30e-10	3.04e-45
 2.31254e+15	1.18e-14	9.05e-10	7.33e-06	2.43e-03	9.98e-01	5.45e-05	0.00e+00	1.01e-15	3.04e-15	5.07e-15	2.97e-10	6.07e-10	5.21e-45
 2.38363e+15	1.47e-14	1.07e-09	8.28e-06	2.60e-03	9.97e-01	5.09e-05	0.00e+00	1.25e-15	3.77e-15	6.29e-15	3.53e-10	7.21e-10	1.03e-44
 2.45016e+15	1.74e-14	1.24e-09	9.24e-06	2.77e-03	9.97e-01	4.78e-05	0.00e+00	1.49e-15	4.47e-15	7.46e-15	4.08e-10	8.33e-10	1.84e-44
 2.52243e+15	2.05e-14	1.44e-09	1.04e-05	2.95e-03	9.97e-01	4.48e-05	0.00e+00	1.76e-15	5.29e-15	8.83e-15	4.72e-10	9.64e-10	3.27e-44
 2.60328e+15	2.57e-14	1.72e-09	1.18e-05	3.17e-03	9.97e-01	4.17e-05	0.00e+00	2.21e-15	6.62e-15	1.11e-14	5.66e-10	1.15e-09	6.76e-44
 2.67944e+15	3.07e-14	2.00e-09	1.32e-05	3.38e-03	9.97e-01	3.91e-05	0.00e+00	2.64e-15	7.92e-15	1.32e-14	6.59e-10	1.34e-09	1.23e-43
 2.76258e+15	3.66e-14	2.34e-09	1.49e-05	3.62e-03	9.96e-01	3.65e-05	0.00e+00	3.15e-15	9.46e-15	1.58e-14	7.69e-10	1.57e-09	2.27e-43
 2.85585e+15	4.63e-14	2.83e-09	1.70e-05	3.91e-03	9.96e-01	3.39e-05	0.00e+00	3.99e-15	1.20e-14	2.00e-14	9.32e-10	1.90e-09	4.91e-43
 2.94414e+15	5.64e-14	3.34e-09	1.92e-05	4.18e-03	9.96e-01	3.17e-05	0.00e+00	4.86e-15	1.46e-14	2.44e-14	1.10e-09	2.24e-09	9.45e-43
 3.04078e+15	6.76e-14	3.93e-09	2.19e-05	4.49e-03	9.95e-01	2.95e-05	0.00e+00	5.84e-15	1.75e-14	2.93e-14	1.29e-09	2.63e-09	1.81e-42
 3.15732e+15	8.86e-14	4.90e-09	2.54e-05	4.89e-03	9.95e-01	2.71e-05	0.00e+00	7.66e-15	2.30e-14	3.84e-14	1.61e-09	3.28e-09	4.33e-42
 3.27273e+15	1.08e-13	5.86e-09	2.93e-05	5.29e-03	9.95e-01	2.51e-05	0.00e+00	9.37e-15	2.81e-14	4.69e-14	1.93e-09	3.93e-09	8.68e-42
 3.37521e+15	1.32e-13	6.95e-09	3.31e-05	5.67e-03	9.94e-01	2.35e-05	0.00e+00	1.14e-14	3.43e-14	5.73e-14	2.29e-09	4.66e-09	1.70e-41
 3.48791e+15	1.63e-13	8.32e-09	3.78e-05	6.10e-03	9.94e-01	2.18e-05	0.00e+00	1.41e-14	4.25e-14	7.09e-14	2.74e-09	5.58e-09	3.44e-41
 3.62265e+15	2.14e-13	1.04e-08	4.39e-05	6.64e-03	9.93e-01	2.01e-05	0.00e+00	1.86e-14	5.59e-14	9.33e-14	3.44e-09	6.99e-09	8.39e-41
 3.75676e+15	2.68e-13	1.27e-08	5.08e-05	7.19e-03	9.93e-01	1.86e-05	0.00e+00	2.34e-14	7.01e-14	1.17e-13	4.20e-09	8.53e-09	1.79e-40
 3.87922e+15	3.25e-13	1.51e-08	5.77e-05	7.72e-03	9.92e-01	1.74e-05	0.00e+00	2.84e-14	8.51e-14	1.42e-13	4.97e-09	1.01e-08	3.32e-40
 4.01583e+15	4.06e-13	1.82e-08	6.63e-05	8.33e-03	9.92e-01	1.62e-05	0.00e+00	3.54e-14	1.06e-13	1.77e-13	6.02e-09	1.22e-08	6.91e-40
 4.17492e+15	5.35e-13	2.31e-08	7.75e-05	9.10e-03	9.91e-01	1.49e-05	0.00e+00	4.67e-14	1.40e-13	2.34e-13	7.63e-09	1.55e-08	1.72e-39
 4.33069e+15	6.79e-13	2.84e-08	8.98e-05	9.85e-03	9.90e-01	1.38e-05	0.00e+00	5.94e-14	1.78e-13	2.97e-13	9.40e-09	1.90e-08	3.77e-39
 4.47743e+15	8.43e-13	3.44e-08	1.03e-04	1.06e-02	9.89e-01	1.29e-05	0.00e+00	7.38e-14	2.21e-13	3.70e-13	1.14e-08	2.30e-08	7.69e-39
 4.60597e+15	1.01e-12	4.04e-08	1.15e-04	1.13e-02	9.89e-01	1.22e-05	0.00e+00	8.89e-14	2.67e-13	4.45e-13	1.33e-08	2.70e-08	1.41e-38
 4.71305e+15	1.18e-12	4.61e-08	1.26e-04	1.19e-02	9.88e-01	1.16e-05	0.00e+00	1.03e-13	3.10e-13	5.17e-13	1.52e-08	3.08e-08	2.29e-38
 4.83126e+15	1.38e-12	5.29e-08	1.39e-04	1.25e-02	9.87e-01	1.11e-05	0.00e+00	1.21e-13	3.63e-13	6.06e-13	1.75e-08	3.54e-08	3.82e-38
 4.98492e+15	1.69e-12	6.32e-08	1.58e-04	1.34e-02	9.86e-01	1.04e-05	0.00e+00	1.48e-13	4.45e-13	7.43e-13	2.09e-08	4.23e-08	7.41e-38
 5.14591e+15	2.06e-12	7.50e-08	1.80e-04	1.44e-02	9.85e-01	9.79e-06	0.00e+00	1.81e-13	5.44e-13	9.08e-13	2.48e-08	5.02e-08	1.37e-37
 5.28338e+15	2.45e-12	8.75e-08	2.00e-04	1.52e-02	9.85e-01	9.31e-06	0.00e+00	2.16e-13	6.47e-13	1.08e-12	2.90e-08	5.86e-08	2.37e-37
 5.42903e+15	2.98e-12	1.04e-07	2.23e-04	1.62e-02	9.84e-01	8.85e-06	0.00e+00	2.62e-13	7.87e-13	1.31e-12	3.43e-08	6.94e-08	4.42e-37
 5.61837e+15	3.76e-12	1.27e-07	2.56e-04	1.74e-02	9.82e-01	8.31e-06	0.00e+00	3.32e-13	9.96e-13	1.66e-12	4.20e-08	8.50e-08	9.15e-37
 5.81332e+15	4.67e-12	1.54e-07	2.95e-04	1.88e-02	9.81e-01	7.81e-06	0.00e+00	4.12e-13	1.24e-12	2.06e-12	5.11e-08	1.03e-07	1.81e-36
 5.97554e+15	5.57e-12	1.79e-07	3.29e-04	1.99e-02	9.80e-01	7.45e-06	0.00e+00	4.92e-13	1.48e-12	2.46e-12	5.94e-08	1.20e-07	3.07e-36
 6.14640e+15	6.72e-12	2.11e-07	3.70e-04	2.12e-02	9.78e-01	7.09e-06	0.00e+00	5.93e-13	1.78e-12	2.97e-12	7.00e-08	1.41e-07	5.47e-36
 6.36784e+15	8.68e-12	2.65e-07	4.28e-04	2.30e-02	9.77e-01	6.67e-06	0.00e+00	7.68e-13	2.30e-12	3.84e-12	8.77e-08	1.77e-07	1.19e-35
 6.59752e+15	1.10e-11	3.25e-07	4.94e-04	2.48e-02	9.75e-01	6.30e-06	0.00e+00	9.70e-13	2.91e-12	4.85e-12	1.08e-07	2.17e-07	2.38e-35
 6.79410e+15	1.33e-11	3.82e-07	5.58e-04	2.64e-02	9.73e-01	6.01e-06	0.00e+00	1.17e-12	3.52e-12	5.88e-12	1.27e-07	2.56e-07	4.13e-35
 7.00518e+15	1.63e-11	4.58e-07	6.33e-04	2.83e-02	9.71e-01	5.73e-06	0.00e+00	1.44e-12	4.33e-12	7.23e-12	1.52e-07	3.06e-07	7.58e-35
 7.26700e+15	2.13e-11	5.81e-07	7.39e-04	3.07e-02	9.69e-01	5.42e-06	0.00e+00	1.89e-12	5.68e-12	9.48e-12	1.93e-07	3.89e-07	1.74e-34
 7.52599e+15	2.69e-11	7.13e-07	8.55e-04	3.31e-02	9.66e-01	5.16e-06	0.00e+00	2.39e-12	7.18e-12	1.20e-11	2.37e-07	4.77e-07	3.38e-34
 7.74913e+15	3.28e-11	8.41e-07	9.66e-04	3.53e-02	9.64e-01	4.96e-06	0.00e+00	2.91e-12	8.74e-12	1.46e-11	2.79e-07	5.62e-07	5.75e-34
 7.99444e+15	4.06e-11	1.01e-06	1.10e-03	3.79e-02	9.61e-01	4.75e-06	0.00e+00	3.61e-12	1.08e-11	1.81e-11	3.36e-07	6.78e-07	1.06e-33
 8.29577e+15	5.37e-11	1.30e-06	1.29e-03	4.12e-02	9.57e-01	4.53e-06	0.00e+00	4.78e-12	1.43e-11	2.39e-11	4.31e-07	8.67e-07	2.42e-33
 8.59336e+15	6.89e-11	1.61e-06	1.50e-03	4.46e-02	9.54e-01	4.34e-06	0.00e+00	6.14e-12	1.84e-11	3.07e-11	5.34e-07	1.08e-06	4.76e-33
 8.84245e+15	8.38e-11	1.92e-06	1.70e-03	4.76e-02	9.51e-01	4.20e-06	0.00e+00	7.47e-12	2.24e-11	3.74e-11	6.36e-07	1.28e-06	8.23e-33
 9.10507e+15	1.04e-10	2.30e-06	1.93e-03	5.09e-02	9.47e-01	4.06e-06	0.00e+00	9.27e-12	2.78e-11	4.64e-11	7.64e-07	1.54e-06	1.46e-32
 9.43860e+15	1.34e-10	2.82e-06	2.26e-03	5.51e-02	9.43e-01	3.90e-06	0.00e+00	1.19e-11	3.58e-11	5.97e-11	9.37e-07	1.89e-06	2.69e-32
 9.77767e+15	1.75e-10	3.61e-06	2.65e-03	6.00e-02	9.37e-01	3.77e-06	0.00e+00	1.56e-11	4.69e-11	7.83e-11	1.20e-06	2.41e-06	5.89e-32
 1.00276e+16	2.10e-10	4.23e-06	2.96e-03	6.36e-02	9.33e-01	3.69e-06	0.00e+00	1.88e-11	5.64e-11	9.40e-11	1.40e-06	2.82e-06	9.35e-32
 1.02483e+16	2.47e-10	4.86e-06	3.27e-03	6.69e-02	9.30e-01	3.61e-06	0.00e+00	2.21e-11	6.64e-11	1.11e-10	1.62e-06	3.25e-06	1.42e-31
 1.05352e+16	3.05e-10	5.80e-06	3.71e-03	7.15e-02	9.25e-01	3.52e-06	0.00e+00	2.74e-11	8.21e-11	1.37e-10	1.93e-06	3.87e-06	2.39e-31
 1.08399e+16	3.80e-10	7.02e-06	4.24e-03	7.66e-02	9.19e-01	3.43e-06	0.00e+00	3.40e-11	1.02e-10	1.70e-10	2.33e-06	4.69e-06	4.24e-31
 1.11058e+16	4.58e-10	8.23e-06	4.75e-03	8.12e-02	9.14e-01	3.37e-06	0.00e+00	4.11e-11	1.23e-10	2.06e-10	2.73e-06	5.50e-06	6.70e-31
 1.13895e+16	5.58e-10	9.60e-06	5.36e-03	8.64e-02	9.08e-01	3.31e-06	0.00e+00	5.01e-11	1.50e-10	2.51e-10	3.19e-06	6.41e-06	1.02e-30
 1.17583e+16	7.32e-10	1.22e-05	6.28e-03	9.38e-02	9.00e-01	3.23e-06	0.00e+00	6.59e-11	1.98e-10	3.29e-10	4.05e-06	8.14e-06	2.11e-30
 1.21119e+16	9.22e-10	1.48e-05	7.25e-03	1.01e-01	8.92e-01	3.17e-06	0.00e+00	8.30e-11	2.49e-10	4.15e-10	4.92e-06	9.89e-06	3.54e-30
 1.23777e+16	1.10e-09	1.71e-05	8.08e-03	1.07e-01	8.85e-01	3.13e-06	0.00e+00	9.91e-11	2.97e-10	4.96e-10	5.67e-06	1.14e-05	5.22e-30
 1.26552e+16	1.33e-09	2.00e-05	9.07e-03	1.13e-01	8.78e-01	3.08e-06	0.00e+00	1.20e-10	3.60e-10	6.00e-10	6.64e-06	1.33e-05	8.11e-30
 1.30161e+16	1.75e-09	2.53e-05	1.06e-02	1.22e-01	8.67e-01	3.05e-06	0.00e+00	1.58e-10	4.74e-10	7.91e-10	8.40e-06	1.69e-05	1.63e-29
 1.33789e+16	2.20e-09	3.02e-05	1.22e-02	1.32e-01	8.56e-01	3.00e-06	0.00e+00	1.99e-10	5.97e-10	9.95e-10	1.00e-05	2.01e-05	2.51e-29
 1.36705e+16	2.72e-09	3.65e-05	1.38e-02	1.40e-01	8.46e-01	2.98e-06	0.00e+00	2.46e-10	7.38e-10	1.23e-09	1.21e-05	2.44e-05	4.41e-29
 1.39759e+16	3.37e-09	4.36e-05	1.57e-02	1.50e-01	8.35e-01	2.96e-06	0.00e+00	3.05e-10	9.14e-10	1.52e-09	1.45e-05	2.91e-05	7.17e-29
 1.43046e+16	4.20e-09	5.14e-05	1.80e-02	1.60e-01	8.22e-01	2.93e-06	0.00e+00	3.80e-10	1.14e-09	1.90e-09	1.71e-05	3.43e-05	1.07e-28
 1.45973e+16	5.25e-09	6.25e-05	2.04e-02	1.70e-01	8.09e-01	2.93e-06	0.00e+00	4.76e-10	1.43e-09	2.38e-09	2.08e-05	4.17e-05	1.90e-28
 1.48601e+16	6.28e-09	7.23e-05	2.28e-02	1.79e-01	7.98e-01	2.91e-06	0.00e+00	5.70e-10	1.71e-09	2.85e-09	2.41e-05	4.83e-05	2.74e-28
 1.51504e+16	7.90e-09	8.72e-05	2.59e-02	1.91e-01	7.83e-01	2.91e-06	0.00e+00	7.17e-10	2.15e-09	3.59e-09	2.90e-05	5.82e-05	4.67e-28
 1.54588e+16	9.80e-09	1.04e-04	2.96e-02	2.04e-01	7.67e-01	2.90e-06	0.00e+00	8.90e-10	2.67e-09	4.45e-09	3.46e-05	6.93e-05	7.24e-28
 1.57286e+16	1.22e-08	1.24e-04	3.34e-02	2.16e-01	7.50e-01	2.92e-06	0.00e+00	1.11e-09	3.32e-09	5.53e-09	4.12e-05	8.27e-05	1.19e-27
 1.59721e+16	1.46e-08	1.43e-04	3.73e-02	2.27e-01	7.35e-01	2.92e-06	0.00e+00	1.33e-09	3.98e-09	6.63e-09	4.76e-05	9.54e-05	1.71e-27
 1.62049e+16	1.73e-08	1.63e-04	4.14e-02	2.39e-01	7.20e-01	2.91e-06	0.00e+00	1.58e-09	4.73e-09	7.88e-09	5.43e-05	1.09e-04	2.41e-27
 1.64692e+16	2.20e-08	2.00e-04	4.73e-02	2.54e-01	6.99e-01	2.94e-06	0.00e+00	2.01e-09	6.02e-09	1.00e-08	6.67e-05	1.34e-04	4.41e-27
 1.67453e+16	2.76e-08	2.38e-04	5.39e-02	2.69e-01	6.77e-01	2.96e-06	8.12e-12	2.51e-09	7.54e-09	1.26e-08	7.93e-05	1.59e-04	6.85e-27
 1.69819e+16	3.33e-08	2.75e-04	6.04e-02	2.83e-01	6.56e-01	2.97e-06	0.00e+00	3.04e-09	9.11e-09	1.52e-08	9.15e-05	1.83e-04	9.95e-27
 1.72009e+16	4.03e-08	3.20e-04	6.74e-02	2.97e-01	6.35e-01	3.00e-06	0.00e+00	3.68e-09	1.10e-08	1.84e-08	1.07e-04	2.14e-04	1.51e-26
 1.74088e+16	4.87e-08	3.73e-04	7.51e-02	3.12e-01	6.13e-01	3.02e-06	0.00e+00	4.45e-09	1.34e-08	2.23e-08	1.24e-04	2.49e-04	2.32e-26
 1.75976e+16	5.85e-08	4.30e-04	8.30e-02	3.25e-01	5.91e-01	3.07e-06	0.00e+00	5.36e-09	1.61e-08	2.68e-08	1.43e-04	2.87e-04	3.47e-26
 1.77764e+16	6.96e-08	4.93e-04	9.14e-02	3.39e-01	5.69e-01	3.10e-06	1.11e-11	6.37e-09	1.91e-08	3.19e-08	1.64e-04	3.29e-04	5.15e-26
