#depth	O	O+	O+2	O+3	O+4	O+5	O+6	O+7	O+8	O[1]	O[2]	O[3]
 1.49634e+10	0.00e+00	0.00e+00	2.12e-28	3.25e-19	1.47e-11	6.89e-06	1.00e+00	0.00e+00	0.00e+00	0.00e+00	0.00e+00	0.00e+00
 4.54887e+10	0.00e+00	7.77e-39	2.91e-28	4.11e-19	1.72e-11	7.46e-06	1.00e+00	0.00e+00	0.00e+00	0.00e+00	0.00e+00	0.00e+00
 7.72350e+10	0.00e+00	0.00e+00	3.97e-28	5.21e-19	2.02e-11	8.09e-06	1.00e+00	0.00e+00	0.00e+00	0.00e+00	0.00e+00	0.00e+00
 1.10251e+11	0.00e+00	1.69e-38	5.44e-28	6.60e-19	2.37e-11	8.76e-06	1.00e+00	0.00e+00	0.00e+00	0.00e+00	0.00e+00	0.00e+00
 1.44588e+11	0.00e+00	0.00e+00	7.44e-28	8.36e-19	2.77e-11	9.50e-06	1.00e+00	0.00e+00	0.00e+00	0.00e+00	0.00e+00	0.00e+00
 1.80298e+11	0.00e+00	3.70e-38	1.02e-27	1.06e-18	3.25e-11	1.03e-05	1.00e+00	0.00e+00	0.00e+00	0.00e+00	0.00e+00	0.00e+00
 2.17437e+11	0.00e+00	0.00e+00	1.39e-27	1.34e-18	3.81e-11	1.12e-05	1.00e+00	0.00e+00	0.00e+00	0.00e+00	0.00e+00	0.00e+00
 2.56061e+11	0.00e+00	8.05e-38	1.90e-27	1.70e-18	4.47e-11	1.21e-05	1.00e+00	0.00e+00	0.00e+00	0.00e+00	0.00e+00	0.00e+00
 2.96231e+11	0.00e+00	0.00e+00	2.60e-27	2.15e-18	5.25e-11	1.31e-05	1.00e+00	0.00e+00	0.00e+00	0.00e+00	0.00e+00	0.00e+00
 3.38007e+11	0.00e+00	1.75e-37	3.56e-27	2.73e-18	6.16e-11	1.42e-05	1.00e+00	0.00e+00	0.00e+00	0.00e+00	0.00e+00	0.00e+00
 3.81454e+11	0.00e+00	0.00e+00	4.86e-27	3.46e-18	7.23e-11	1.54e-05	1.00e+00	0.00e+00	0.00e+00	0.00e+00	0.00e+00	0.00e+00
 4.26639e+11	0.00e+00	3.81e-37	6.65e-27	4.39e-18	8.49e-11	1.67e-05	1.00e+00	0.00e+00	0.00e+00	0.00e+00	0.00e+00	0.00e+00
 4.73631e+11	0.00e+00	0.00e+00	9.09e-27	5.56e-18	9.97e-11	1.82e-05	1.00e+00	0.00e+00	0.00e+00	0.00e+00	0.00e+00	0.00e+00
 5.22503e+11	0.00e+00	8.26e-37	1.24e-26	7.05e-18	1.17e-10	1.97e-05	1.00e+00	0.00e+00	0.00e+00	0.00e+00	0.00e+00	0.00e+00
 5.73330e+11	0.00e+00	0.00e+00	1.70e-26	8.93e-18	1.38e-10	2.14e-05	1.00e+00	0.00e+00	0.00e+00	0.00e+00	0.00e+00	0.00e+00
 6.26190e+11	0.00e+00	1.79e-36	2.32e-26	1.13e-17	1.62e-10	2.32e-05	1.00e+00	0.00e+00	0.00e+00	0.00e+00	0.00e+00	0.00e+00
 6.81164e+11	1.55e-47	2.63e-36	3.17e-26	1.44e-17	1.90e-10	2.52e-05	1.00e+00	0.00e+00	0.00e+00	0.00e+00	0.00e+00	0.00e+00
 7.38337e+11	0.00e+00	0.00e+00	4.33e-26	1.82e-17	2.23e-10	2.74e-05	1.00e+00	0.00e+00	0.00e+00	0.00e+00	0.00e+00	0.00e+00
 7.97798e+11	0.00e+00	5.69e-36	5.91e-26	2.31e-17	2.62e-10	2.98e-05	1.00e+00	0.00e+00	0.00e+00	0.00e+00	0.00e+00	0.00e+00
 8.59636e+11	6.15e-47	8.35e-36	8.06e-26	2.93e-17	3.08e-10	3.24e-05	1.00e+00	0.00e+00	0.00e+00	0.00e+00	0.00e+00	0.00e+00
 9.23949e+11	0.00e+00	0.00e+00	1.10e-25	3.71e-17	3.63e-10	3.52e-05	1.00e+00	0.00e+00	0.00e+00	0.00e+00	0.00e+00	0.00e+00
 9.90833e+11	0.00e+00	1.80e-35	1.50e-25	4.71e-17	4.27e-10	3.82e-05	1.00e+00	0.00e+00	0.00e+00	0.00e+00	0.00e+00	0.00e+00
 1.06039e+12	2.43e-46	2.64e-35	2.05e-25	5.97e-17	5.02e-10	4.16e-05	1.00e+00	0.00e+00	0.00e+00	0.00e+00	0.00e+00	0.00e+00
 1.13274e+12	0.00e+00	3.86e-35	2.79e-25	7.57e-17	5.91e-10	4.52e-05	1.00e+00	0.00e+00	0.00e+00	0.00e+00	0.00e+00	0.00e+00
 1.20797e+12	6.03e-46	5.66e-35	3.81e-25	9.60e-17	6.95e-10	4.92e-05	1.00e+00	0.00e+00	0.00e+00	0.00e+00	0.00e+00	0.00e+00
 1.28622e+12	0.00e+00	8.28e-35	5.19e-25	1.22e-16	8.18e-10	5.35e-05	1.00e+00	0.00e+00	0.00e+00	0.00e+00	0.00e+00	0.00e+00
 1.36759e+12	1.49e-45	1.21e-34	7.07e-25	1.54e-16	9.63e-10	5.82e-05	1.00e+00	0.00e+00	0.00e+00	0.00e+00	0.00e+00	0.00e+00
 1.45222e+12	0.00e+00	1.77e-34	9.62e-25	1.96e-16	1.13e-09	6.34e-05	1.00e+00	0.00e+00	0.00e+00	0.00e+00	0.00e+00	0.00e+00
 1.54024e+12	3.68e-45	2.58e-34	1.31e-24	2.48e-16	1.34e-09	6.90e-05	1.00e+00	0.00e+00	0.00e+00	0.00e+00	0.00e+00	0.00e+00
 1.63178e+12	0.00e+00	3.76e-34	1.78e-24	3.14e-16	1.57e-09	7.52e-05	1.00e+00	0.00e+00	0.00e+00	0.00e+00	0.00e+00	0.00e+00
 1.72697e+12	9.02e-45	5.48e-34	2.42e-24	3.99e-16	1.85e-09	8.19e-05	1.00e+00	0.00e+00	0.00e+00	0.00e+00	0.00e+00	0.00e+00
 1.82598e+12	0.00e+00	7.98e-34	3.29e-24	5.05e-16	2.18e-09	8.92e-05	1.00e+00	0.00e+00	0.00e+00	0.00e+00	0.00e+00	0.00e+00
 1.92895e+12	2.20e-44	1.16e-33	4.47e-24	6.40e-16	2.57e-09	9.72e-05	1.00e+00	0.00e+00	0.00e+00	0.00e+00	0.00e+00	0.00e+00
 2.03603e+12	0.00e+00	1.69e-33	6.07e-24	8.11e-16	3.03e-09	1.06e-04	1.00e+00	0.00e+00	0.00e+00	0.00e+00	0.00e+00	0.00e+00
 2.14740e+12	5.34e-44	2.45e-33	8.24e-24	1.03e-15	3.57e-09	1.15e-04	1.00e+00	0.00e+00	0.00e+00	0.00e+00	0.00e+00	0.00e+00
 2.26322e+12	0.00e+00	3.55e-33	1.12e-23	1.30e-15	4.20e-09	1.26e-04	1.00e+00	0.00e+00	0.00e+00	0.00e+00	0.00e+00	0.00e+00
 2.38368e+12	1.29e-43	5.14e-33	1.52e-23	1.65e-15	4.95e-09	1.37e-04	1.00e+00	0.00e+00	0.00e+00	0.00e+00	0.00e+00	0.00e+00
 2.50895e+12	0.00e+00	7.44e-33	2.05e-23	2.09e-15	5.84e-09	1.50e-04	1.00e+00	0.00e+00	0.00e+00	0.00e+00	0.00e+00	0.00e+00
 2.63924e+12	3.09e-43	1.08e-32	2.78e-23	2.65e-15	6.88e-09	1.63e-04	1.00e+00	0.00e+00	0.00e+00	0.00e+00	0.00e+00	0.00e+00
 2.77473e+12	0.00e+00	1.55e-32	3.76e-23	3.35e-15	8.10e-09	1.78e-04	1.00e+00	0.00e+00	0.00e+00	0.00e+00	0.00e+00	0.00e+00
 2.91565e+12	7.36e-43	2.24e-32	5.09e-23	4.24e-15	9.54e-09	1.94e-04	1.00e+00	0.00e+00	0.00e+00	0.00e+00	0.00e+00	0.00e+00
 3.06220e+12	0.00e+00	3.23e-32	6.88e-23	5.37e-15	1.12e-08	2.12e-04	1.00e+00	0.00e+00	0.00e+00	0.00e+00	0.00e+00	0.00e+00
 3.21461e+12	1.75e-42	4.65e-32	9.30e-23	6.79e-15	1.32e-08	2.31e-04	1.00e+00	0.00e+00	0.00e+00	0.00e+00	0.00e+00	0.00e+00
 3.37313e+12	0.00e+00	6.69e-32	1.26e-22	8.59e-15	1.56e-08	2.52e-04	1.00e+00	0.00e+00	0.00e+00	0.00e+00	0.00e+00	0.00e+00
 3.53798e+12	4.11e-42	9.60e-32	1.69e-22	1.09e-14	1.84e-08	2.75e-04	1.00e+00	0.00e+00	0.00e+00	0.00e+00	0.00e+00	0.00e+00
 3.70942e+12	0.00e+00	1.38e-31	2.29e-22	1.37e-14	2.16e-08	3.01e-04	1.00e+00	0.00e+00	0.00e+00	0.00e+00	0.00e+00	0.00e+00
 3.88773e+12	9.61e-42	1.98e-31	3.08e-22	1.74e-14	2.55e-08	3.28e-04	1.00e+00	0.00e+00	0.00e+00	0.00e+00	0.00e+00	0.00e+00
 4.07316e+12	0.00e+00	2.83e-31	4.15e-22	2.20e-14	3.00e-08	3.58e-04	1.00e+00	0.00e+00	0.00e+00	0.00e+00	0.00e+00	0.00e+00
 4.26602e+12	2.24e-41	4.05e-31	5.59e-22	2.78e-14	3.53e-08	3.91e-04	1.00e+00	0.00e+00	0.00e+00	0.00e+00	0.00e+00	0.00e+00
 4.46658e+12	0.00e+00	5.78e-31	7.52e-22	3.51e-14	4.15e-08	4.27e-04	1.00e+00	0.00e+00	0.00e+00	0.00e+00	0.00e+00	0.00e+00
 4.67517e+12	5.17e-41	8.26e-31	1.01e-21	4.44e-14	4.88e-08	4.66e-04	1.00e+00	0.00e+00	0.00e+00	0.00e+00	0.00e+00	0.00e+00
 4.89211e+12	0.00e+00	1.18e-30	1.36e-21	5.60e-14	5.75e-08	5.09e-04	9.99e-01	0.00e+00	0.00e+00	0.00e+00	0.00e+00	0.00e+00
 5.11772e+12	1.19e-40	1.68e-30	1.83e-21	7.08e-14	6.76e-08	5.56e-04	9.99e-01	0.00e+00	0.00e+00	0.00e+00	0.00e+00	0.00e+00
 5.35235e+12	0.00e+00	2.39e-30	2.46e-21	8.94e-14	7.95e-08	6.07e-04	9.99e-01	0.00e+00	0.00e+00	0.00e+00	0.00e+00	0.00e+00
 5.59638e+12	2.73e-40	3.41e-30	3.30e-21	1.13e-13	9.34e-08	6.63e-04	9.99e-01	0.00e+00	0.00e+00	0.00e+00	0.00e+00	0.00e+00
 5.85016e+12	0.00e+00	4.84e-30	4.43e-21	1.43e-13	1.10e-07	7.24e-04	9.99e-01	0.00e+00	0.00e+00	0.00e+00	0.00e+00	0.00e+00
 6.11409e+12	6.22e-40	6.89e-30	5.95e-21	1.80e-13	1.29e-07	7.90e-04	9.99e-01	0.00e+00	0.00e+00	0.00e+00	0.00e+00	0.00e+00
 6.38858e+12	0.00e+00	9.79e-30	7.99e-21	2.27e-13	1.52e-07	8.62e-04	9.99e-01	0.00e+00	0.00e+00	0.00e+00	0.00e+00	0.00e+00
 6.67405e+12	1.41e-39	1.39e-29	1.07e-20	2.87e-13	1.78e-07	9.42e-04	9.99e-01	0.00e+00	0.00e+00	0.00e+00	0.00e+00	0.00e+00
 6.97094e+12	0.00e+00	1.98e-29	1.44e-20	3.62e-13	2.09e-07	1.03e-03	9.99e-01	0.00e+00	0.00e+00	0.00e+00	0.00e+00	0.00e+00
 7.27970e+12	3.21e-39	2.81e-29	1.93e-20	4.57e-13	2.45e-07	1.12e-03	9.99e-01	0.00e+00	0.00e+00	0.00e+00	0.00e+00	0.00e+00
 7.60082e+12	0.00e+00	3.99e-29	2.59e-20	5.77e-13	2.88e-07	1.22e-03	9.99e-01	0.00e+00	0.00e+00	0.00e+00	0.00e+00	0.00e+00
 7.93478e+12	7.28e-39	5.66e-29	3.47e-20	7.28e-13	3.38e-07	1.34e-03	9.99e-01	0.00e+00	0.00e+00	0.00e+00	0.00e+00	0.00e+00
 8.28210e+12	0.00e+00	8.04e-29	4.66e-20	9.18e-13	3.97e-07	1.46e-03	9.99e-01	0.00e+00	0.00e+00	0.00e+00	0.00e+00	0.00e+00
 8.64331e+12	1.65e-38	1.14e-28	6.25e-20	1.16e-12	4.65e-07	1.59e-03	9.98e-01	0.00e+00	0.00e+00	0.00e+00	0.00e+00	0.00e+00
 9.01897e+12	0.00e+00	1.62e-28	8.39e-20	1.46e-12	5.45e-07	1.73e-03	9.98e-01	0.00e+00	0.00e+00	0.00e+00	0.00e+00	0.00e+00
 9.40965e+12	3.74e-38	2.31e-28	1.13e-19	1.85e-12	6.39e-07	1.89e-03	9.98e-01	0.00e+00	0.00e+00	0.00e+00	0.00e+00	0.00e+00
 9.81596e+12	0.00e+00	3.28e-28	1.51e-19	2.33e-12	7.49e-07	2.06e-03	9.98e-01	0.00e+00	0.00e+00	0.00e+00	0.00e+00	0.00e+00
 1.02385e+13	8.47e-38	4.66e-28	2.03e-19	2.94e-12	8.78e-07	2.25e-03	9.98e-01	0.00e+00	0.00e+00	0.00e+00	0.00e+00	0.00e+00
 1.06780e+13	0.00e+00	6.63e-28	2.73e-19	3.71e-12	1.03e-06	2.45e-03	9.98e-01	0.00e+00	0.00e+00	0.00e+00	0.00e+00	0.00e+00
 1.11191e+13	1.90e-37	9.33e-28	3.63e-19	4.64e-12	1.20e-06	2.67e-03	9.97e-01	0.00e+00	0.00e+00	0.00e+00	0.00e+00	0.00e+00
 1.15779e+13	0.00e+00	1.31e-27	4.83e-19	5.81e-12	1.40e-06	2.90e-03	9.97e-01	0.00e+00	0.00e+00	0.00e+00	0.00e+00	0.00e+00
 1.20709e+13	4.27e-37	1.87e-27	6.50e-19	7.34e-12	1.64e-06	3.16e-03	9.97e-01	0.00e+00	0.00e+00	0.00e+00	0.00e+00	0.00e+00
 1.25837e+13	0.00e+00	2.67e-27	8.74e-19	9.26e-12	1.91e-06	3.44e-03	9.97e-01	0.00e+00	0.00e+00	0.00e+00	0.00e+00	0.00e+00
 1.31170e+13	9.76e-37	3.80e-27	1.18e-18	1.17e-11	2.24e-06	3.75e-03	9.96e-01	0.00e+00	0.00e+00	0.00e+00	0.00e+00	0.00e+00
 1.36716e+13	0.00e+00	5.43e-27	1.58e-18	1.48e-11	2.62e-06	4.08e-03	9.96e-01	0.00e+00	0.00e+00	0.00e+00	0.00e+00	0.00e+00
 1.42483e+13	2.23e-36	7.75e-27	2.13e-18	1.86e-11	3.07e-06	4.44e-03	9.96e-01	0.00e+00	0.00e+00	0.00e+00	0.00e+00	0.00e+00
 1.48482e+13	0.00e+00	1.11e-26	2.87e-18	2.35e-11	3.59e-06	4.84e-03	9.95e-01	0.00e+00	0.00e+00	0.00e+00	0.00e+00	0.00e+00
 1.54721e+13	5.12e-36	1.58e-26	3.86e-18	2.97e-11	4.20e-06	5.27e-03	9.95e-01	0.00e+00	0.00e+00	0.00e+00	0.00e+00	0.00e+00
 1.61209e+13	0.00e+00	2.26e-26	5.20e-18	3.74e-11	4.91e-06	5.73e-03	9.94e-01	0.00e+00	0.00e+00	0.00e+00	0.00e+00	0.00e+00
 1.67956e+13	1.17e-35	3.23e-26	7.00e-18	4.73e-11	5.75e-06	6.24e-03	9.94e-01	0.00e+00	0.00e+00	0.00e+00	0.00e+00	0.00e+00
 1.74974e+13	0.00e+00	4.62e-26	9.44e-18	5.97e-11	6.72e-06	6.79e-03	9.93e-01	0.00e+00	0.00e+00	0.00e+00	0.00e+00	0.00e+00
 1.82272e+13	2.70e-35	6.61e-26	1.27e-17	7.53e-11	7.86e-06	7.40e-03	9.93e-01	0.00e+00	0.00e+00	0.00e+00	0.00e+00	0.00e+00
 1.89862e+13	4.09e-35	9.46e-26	1.71e-17	9.51e-11	9.18e-06	8.05e-03	9.92e-01	0.00e+00	0.00e+00	0.00e+00	0.00e+00	0.00e+00
 1.97756e+13	6.20e-35	1.36e-25	2.31e-17	1.20e-10	1.07e-05	8.76e-03	9.91e-01	0.00e+00	0.00e+00	0.00e+00	0.00e+00	0.00e+00
 2.05966e+13	9.38e-35	1.94e-25	3.12e-17	1.51e-10	1.25e-05	9.53e-03	9.90e-01	0.00e+00	0.00e+00	0.00e+00	0.00e+00	0.00e+00
 2.14503e+13	1.42e-34	2.77e-25	4.20e-17	1.91e-10	1.47e-05	1.04e-02	9.90e-01	0.00e+00	0.00e+00	0.00e+00	0.00e+00	0.00e+00
 2.23383e+13	2.15e-34	3.97e-25	5.67e-17	2.41e-10	1.71e-05	1.13e-02	9.89e-01	0.00e+00	0.00e+00	0.00e+00	0.00e+00	0.00e+00
 2.32617e+13	3.26e-34	5.69e-25	7.64e-17	3.05e-10	2.00e-05	1.23e-02	9.88e-01	0.00e+00	0.00e+00	0.00e+00	0.00e+00	0.00e+00
 2.42221e+13	4.93e-34	8.14e-25	1.03e-16	3.84e-10	2.34e-05	1.33e-02	9.87e-01	0.00e+00	0.00e+00	0.00e+00	0.00e+00	0.00e+00
 2.52209e+13	7.47e-34	1.17e-24	1.39e-16	4.85e-10	2.73e-05	1.45e-02	9.85e-01	0.00e+00	0.00e+00	0.00e+00	0.00e+00	0.00e+00
 2.62597e+13	1.13e-33	1.67e-24	1.88e-16	6.12e-10	3.19e-05	1.58e-02	9.84e-01	0.00e+00	0.00e+00	0.00e+00	0.00e+00	0.00e+00
 2.73400e+13	1.71e-33	2.39e-24	2.53e-16	7.72e-10	3.72e-05	1.72e-02	9.83e-01	0.00e+00	0.00e+00	0.00e+00	0.00e+00	0.00e+00
 2.84636e+13	2.58e-33	3.42e-24	3.41e-16	9.74e-10	4.34e-05	1.87e-02	9.81e-01	0.00e+00	0.00e+00	0.00e+00	0.00e+00	0.00e+00
 2.96320e+13	3.90e-33	4.90e-24	4.60e-16	1.23e-09	5.06e-05	2.03e-02	9.80e-01	0.00e+00	0.00e+00	0.00e+00	0.00e+00	0.00e+00
 3.08472e+13	5.89e-33	7.01e-24	6.21e-16	1.55e-09	5.91e-05	2.21e-02	9.78e-01	0.00e+00	0.00e+00	0.00e+00	0.00e+00	0.00e+00
 3.21110e+13	8.89e-33	1.00e-23	8.38e-16	1.96e-09	6.89e-05	2.40e-02	9.76e-01	0.00e+00	0.00e+00	0.00e+00	0.00e+00	0.00e+00
 3.34254e+13	1.34e-32	1.44e-23	1.13e-15	2.47e-09	8.03e-05	2.61e-02	9.74e-01	0.00e+00	0.00e+00	0.00e+00	0.00e+00	0.00e+00
 3.47924e+13	2.02e-32	2.06e-23	1.53e-15	3.11e-09	9.36e-05	2.84e-02	9.72e-01	0.00e+00	0.00e+00	0.00e+00	0.00e+00	0.00e+00
 3.62140e+13	3.05e-32	2.95e-23	2.06e-15	3.93e-09	1.09e-04	3.09e-02	9.69e-01	0.00e+00	0.00e+00	0.00e+00	0.00e+00	0.00e+00
 3.76925e+13	4.60e-32	4.23e-23	2.78e-15	4.95e-09	1.27e-04	3.35e-02	9.66e-01	0.00e+00	0.00e+00	0.00e+00	0.00e+00	0.00e+00
 3.92301e+13	6.94e-32	6.07e-23	3.76e-15	6.24e-09	1.48e-04	3.64e-02	9.63e-01	0.00e+00	0.00e+00	0.00e+00	0.00e+00	0.00e+00
 4.08292e+13	1.05e-31	8.70e-23	5.08e-15	7.87e-09	1.72e-04	3.96e-02	9.60e-01	0.00e+00	0.00e+00	0.00e+00	0.00e+00	0.00e+00
 4.24923e+13	1.58e-31	1.25e-22	6.86e-15	9.92e-09	2.01e-04	4.30e-02	9.57e-01	0.00e+00	0.00e+00	0.00e+00	0.00e+00	0.00e+00
 4.42219e+13	2.38e-31	1.79e-22	9.27e-15	1.25e-08	2.34e-04	4.67e-02	9.53e-01	0.00e+00	0.00e+00	0.00e+00	0.00e+00	0.00e+00
 4.60207e+13	3.59e-31	2.58e-22	1.25e-14	1.57e-08	2.72e-04	5.07e-02	9.49e-01	0.00e+00	0.00e+00	0.00e+00	0.00e+00	0.00e+00
 4.78915e+13	5.41e-31	3.70e-22	1.69e-14	1.98e-08	3.16e-04	5.50e-02	9.45e-01	0.00e+00	0.00e+00	0.00e+00	0.00e+00	0.00e+00
 4.98371e+13	8.16e-31	5.32e-22	2.29e-14	2.50e-08	3.68e-04	5.97e-02	9.40e-01	0.00e+00	0.00e+00	0.00e+00	0.00e+00	0.00e+00
 5.18605e+13	1.23e-30	7.65e-22	3.09e-14	3.15e-08	4.27e-04	6.47e-02	9.35e-01	0.00e+00	0.00e+00	0.00e+00	0.00e+00	0.00e+00
 5.39648e+13	1.85e-30	1.10e-21	4.18e-14	3.96e-08	4.96e-04	7.02e-02	9.29e-01	0.00e+00	0.00e+00	0.00e+00	0.00e+00	0.00e+00
 5.61534e+13	2.79e-30	1.58e-21	5.66e-14	4.98e-08	5.76e-04	7.60e-02	9.23e-01	0.00e+00	0.00e+00	0.00e+00	0.00e+00	0.00e+00
 5.84294e+13	4.21e-30	2.28e-21	7.65e-14	6.27e-08	6.68e-04	8.24e-02	9.17e-01	0.00e+00	0.00e+00	0.00e+00	0.00e+00	0.00e+00
 6.07965e+13	6.37e-30	3.29e-21	1.04e-13	7.88e-08	7.75e-04	8.92e-02	9.10e-01	0.00e+00	0.00e+00	0.00e+00	0.00e+00	0.00e+00
 6.32583e+13	9.61e-30	4.74e-21	1.40e-13	9.91e-08	8.98e-04	9.65e-02	9.03e-01	0.00e+00	0.00e+00	0.00e+00	0.00e+00	0.00e+00
 6.58186e+13	1.45e-29	6.84e-21	1.89e-13	1.25e-07	1.04e-03	1.04e-01	8.95e-01	0.00e+00	0.00e+00	0.00e+00	0.00e+00	0.00e+00
 6.84812e+13	2.19e-29	9.88e-21	2.56e-13	1.56e-07	1.21e-03	1.13e-01	8.86e-01	0.00e+00	0.00e+00	0.00e+00	0.00e+00	0.00e+00
 7.10622e+13	3.22e-29	1.39e-20	3.40e-13	1.93e-07	1.38e-03	1.21e-01	8.77e-01	0.00e+00	0.00e+00	0.00e+00	0.00e+00	0.00e+00
 7.34899e+13	4.57e-29	1.90e-20	4.39e-13	2.34e-07	1.56e-03	1.29e-01	8.69e-01	0.00e+00	0.00e+00	0.00e+00	0.00e+00	0.00e+00
 7.62028e+13	6.68e-29	2.67e-20	5.79e-13	2.88e-07	1.78e-03	1.39e-01	8.60e-01	0.00e+00	0.00e+00	0.00e+00	0.00e+00	0.00e+00
 7.92808e+13	1.01e-28	3.86e-20	7.83e-13	3.61e-07	2.06e-03	1.49e-01	8.49e-01	0.00e+00	0.00e+00	0.00e+00	0.00e+00	0.00e+00
 8.23367e+13	1.51e-28	5.50e-20	1.05e-12	4.48e-07	2.36e-03	1.60e-01	8.38e-01	0.00e+00	0.00e+00	0.00e+00	0.00e+00	0.00e+00
 8.55148e+13	2.25e-28	7.84e-20	1.39e-12	5.55e-07	2.70e-03	1.72e-01	8.26e-01	0.00e+00	0.00e+00	0.00e+00	0.00e+00	0.00e+00
 8.89653e+13	3.41e-28	1.14e-19	1.88e-12	6.94e-07	3.11e-03	1.84e-01	8.13e-01	0.00e+00	0.00e+00	0.00e+00	0.00e+00	0.00e+00
 9.24700e+13	5.13e-28	1.63e-19	2.53e-12	8.62e-07	3.57e-03	1.97e-01	7.99e-01	0.00e+00	0.00e+00	0.00e+00	0.00e+00	0.00e+00
 9.61148e+13	7.74e-28	2.35e-19	3.39e-12	1.07e-06	4.08e-03	2.11e-01	7.85e-01	0.00e+00	0.00e+00	0.00e+00	0.00e+00	0.00e+00
 9.99894e+13	1.18e-27	3.41e-19	4.57e-12	1.33e-06	4.69e-03	2.26e-01	7.70e-01	0.00e+00	0.00e+00	0.00e+00	0.00e+00	0.00e+00
 1.04019e+14	1.79e-27	4.94e-19	6.17e-12	1.66e-06	5.37e-03	2.41e-01	7.53e-01	0.00e+00	0.00e+00	0.00e+00	0.00e+00	0.00e+00
 1.08210e+14	2.73e-27	7.16e-19	8.31e-12	2.06e-06	6.15e-03	2.57e-01	7.37e-01	0.00e+00	0.00e+00	0.00e+00	0.00e+00	0.00e+00
 1.12568e+14	4.16e-27	1.04e-18	1.12e-11	2.56e-06	7.03e-03	2.74e-01	7.19e-01	0.00e+00	0.00e+00	0.00e+00	0.00e+00	0.00e+00
 1.17100e+14	6.33e-27	1.50e-18	1.50e-11	3.18e-06	8.03e-03	2.91e-01	7.01e-01	0.00e+00	0.00e+00	0.00e+00	0.00e+00	0.00e+00
 1.21814e+14	9.66e-27	2.18e-18	2.02e-11	3.94e-06	9.15e-03	3.09e-01	6.82e-01	0.00e+00	0.00e+00	0.00e+00	0.00e+00	0.00e+00
 1.26717e+14	1.47e-26	3.15e-18	2.71e-11	4.87e-06	1.04e-02	3.28e-01	6.62e-01	0.00e+00	0.00e+00	0.00e+00	0.00e+00	0.00e+00
 1.31816e+14	2.25e-26	4.56e-18	3.63e-11	6.01e-06	1.18e-02	3.46e-01	6.42e-01	0.00e+00	0.00e+00	0.00e+00	0.00e+00	0.00e+00
 1.37118e+14	3.43e-26	6.59e-18	4.85e-11	7.40e-06	1.34e-02	3.66e-01	6.21e-01	0.00e+00	0.00e+00	0.00e+00	0.00e+00	0.00e+00
 1.42633e+14	5.23e-26	9.51e-18	6.48e-11	9.11e-06	1.52e-02	3.85e-01	6.00e-01	0.00e+00	0.00e+00	0.00e+00	0.00e+00	0.00e+00
 1.48368e+14	7.98e-26	1.37e-17	8.64e-11	1.12e-05	1.72e-02	4.05e-01	5.78e-01	0.00e+00	0.00e+00	0.00e+00	0.00e+00	0.00e+00
 1.54333e+14	1.22e-25	1.97e-17	1.15e-10	1.37e-05	1.94e-02	4.24e-01	5.56e-01	0.00e+00	0.00e+00	0.00e+00	0.00e+00	0.00e+00
 1.60536e+14	1.86e-25	2.84e-17	1.53e-10	1.68e-05	2.18e-02	4.44e-01	5.34e-01	0.00e+00	0.00e+00	0.00e+00	0.00e+00	0.00e+00
 1.66987e+14	2.83e-25	4.07e-17	2.03e-10	2.05e-05	2.46e-02	4.64e-01	5.12e-01	0.00e+00	0.00e+00	0.00e+00	0.00e+00	0.00e+00
 1.73697e+14	4.31e-25	5.84e-17	2.68e-10	2.50e-05	2.75e-02	4.83e-01	4.89e-01	0.00e+00	0.00e+00	0.00e+00	0.00e+00	0.00e+00
 1.80674e+14	6.56e-25	8.36e-17	3.55e-10	3.04e-05	3.08e-02	5.02e-01	4.67e-01	0.00e+00	0.00e+00	0.00e+00	0.00e+00	0.00e+00
 1.87931e+14	9.99e-25	1.19e-16	4.67e-10	3.69e-05	3.45e-02	5.21e-01	4.44e-01	0.00e+00	0.00e+00	0.00e+00	0.00e+00	0.00e+00
 1.95479e+14	1.52e-24	1.70e-16	6.15e-10	4.46e-05	3.85e-02	5.39e-01	4.22e-01	0.00e+00	0.00e+00	0.00e+00	0.00e+00	0.00e+00
 2.03328e+14	2.31e-24	2.42e-16	8.07e-10	5.40e-05	4.28e-02	5.57e-01	4.00e-01	0.00e+00	0.00e+00	0.00e+00	0.00e+00	0.00e+00
 2.11491e+14	3.50e-24	3.44e-16	1.06e-09	6.51e-05	4.76e-02	5.73e-01	3.79e-01	0.00e+00	0.00e+00	0.00e+00	0.00e+00	0.00e+00
 2.19980e+14	5.30e-24	4.87e-16	1.38e-09	7.83e-05	5.28e-02	5.89e-01	3.58e-01	0.00e+00	0.00e+00	0.00e+00	0.00e+00	0.00e+00
 2.28809e+14	8.02e-24	6.88e-16	1.80e-09	9.40e-05	5.84e-02	6.04e-01	3.37e-01	0.00e+00	0.00e+00	0.00e+00	0.00e+00	0.00e+00
 2.37992e+14	1.21e-23	9.70e-16	2.35e-09	1.13e-04	6.45e-02	6.18e-01	3.17e-01	0.00e+00	0.00e+00	0.00e+00	0.00e+00	0.00e+00
 2.47541e+14	1.83e-23	1.36e-15	3.04e-09	1.35e-04	7.10e-02	6.31e-01	2.98e-01	0.00e+00	0.00e+00	0.00e+00	0.00e+00	0.00e+00
 2.57473e+14	2.76e-23	1.91e-15	3.94e-09	1.61e-04	7.81e-02	6.43e-01	2.79e-01	0.00e+00	0.00e+00	0.00e+00	0.00e+00	0.00e+00
 2.67802e+14	4.15e-23	2.68e-15	5.09e-09	1.91e-04	8.57e-02	6.53e-01	2.61e-01	0.00e+00	0.00e+00	0.00e+00	0.00e+00	0.00e+00
 2.78544e+14	6.23e-23	3.75e-15	6.57e-09	2.27e-04	9.39e-02	6.63e-01	2.43e-01	0.00e+00	0.00e+00	0.00e+00	0.00e+00	0.00e+00
 2.89715e+14	9.35e-23	5.24e-15	8.45e-09	2.70e-04	1.03e-01	6.71e-01	2.27e-01	0.00e+00	0.00e+00	0.00e+00	0.00e+00	0.00e+00
 3.01334e+14	1.40e-22	7.29e-15	1.09e-08	3.19e-04	1.12e-01	6.77e-01	2.10e-01	0.00e+00	0.00e+00	0.00e+00	0.00e+00	0.00e+00
 3.13417e+14	2.10e-22	1.01e-14	1.39e-08	3.77e-04	1.22e-01	6.82e-01	1.95e-01	0.00e+00	0.00e+00	0.00e+00	0.00e+00	0.00e+00
 3.25984e+14	3.13e-22	1.41e-14	1.78e-08	4.44e-04	1.33e-01	6.86e-01	1.81e-01	0.00e+00	0.00e+00	0.00e+00	0.00e+00	0.00e+00
 3.39053e+14	4.66e-22	1.94e-14	2.27e-08	5.22e-04	1.44e-01	6.89e-01	1.67e-01	0.00e+00	0.00e+00	0.00e+00	0.00e+00	0.00e+00
 3.52645e+14	6.93e-22	2.68e-14	2.89e-08	6.13e-04	1.56e-01	6.90e-01	1.54e-01	0.00e+00	0.00e+00	0.00e+00	0.00e+00	0.00e+00
 3.65893e+14	1.00e-21	3.63e-14	3.62e-08	7.11e-04	1.67e-01	6.90e-01	1.42e-01	0.00e+00	0.00e+00	0.00e+00	0.00e+00	0.00e+00
 3.78477e+14	1.41e-21	4.77e-14	4.44e-08	8.13e-04	1.79e-01	6.88e-01	1.32e-01	0.00e+00	0.00e+00	0.00e+00	0.00e+00	0.00e+00
 3.92451e+14	2.02e-21	6.38e-14	5.51e-08	9.37e-04	1.91e-01	6.86e-01	1.22e-01	0.00e+00	0.00e+00	0.00e+00	0.00e+00	0.00e+00
 4.08179e+14	2.99e-21	8.75e-14	6.97e-08	1.09e-03	2.05e-01	6.82e-01	1.12e-01	0.00e+00	0.00e+00	0.00e+00	0.00e+00	0.00e+00
 4.23900e+14	4.34e-21	1.18e-13	8.71e-08	1.26e-03	2.20e-01	6.76e-01	1.03e-01	0.00e+00	0.00e+00	0.00e+00	0.00e+00	0.00e+00
 4.40250e+14	6.30e-21	1.59e-13	1.09e-07	1.46e-03	2.35e-01	6.70e-01	9.39e-02	0.00e+00	0.00e+00	0.00e+00	0.00e+00	0.00e+00
 4.57890e+14	9.25e-21	2.17e-13	1.37e-07	1.69e-03	2.51e-01	6.62e-01	8.55e-02	0.00e+00	0.00e+00	0.00e+00	0.00e+00	0.00e+00
 4.76236e+14	1.36e-20	2.95e-13	1.71e-07	1.95e-03	2.67e-01	6.53e-01	7.77e-02	0.00e+00	0.00e+00	0.00e+00	0.00e+00	0.00e+00
 4.95315e+14	1.99e-20	3.99e-13	2.14e-07	2.25e-03	2.85e-01	6.43e-01	7.04e-02	0.00e+00	0.00e+00	0.00e+00	0.00e+00	0.00e+00
 5.15158e+14	2.90e-20	5.40e-13	2.67e-07	2.59e-03	3.02e-01	6.31e-01	6.37e-02	0.00e+00	0.00e+00	0.00e+00	0.00e+00	0.00e+00
 5.35794e+14	4.22e-20	7.28e-13	3.32e-07	2.97e-03	3.21e-01	6.19e-01	5.76e-02	0.00e+00	0.00e+00	0.00e+00	0.00e+00	0.00e+00
 5.57256e+14	6.14e-20	9.79e-13	4.13e-07	3.41e-03	3.39e-01	6.05e-01	5.19e-02	0.00e+00	0.00e+00	0.00e+00	0.00e+00	0.00e+00
 5.79576e+14	8.91e-20	1.31e-12	5.12e-07	3.90e-03	3.58e-01	5.91e-01	4.67e-02	0.00e+00	0.00e+00	0.00e+00	0.00e+00	0.00e+00
 6.02789e+14	1.29e-19	1.76e-12	6.33e-07	4.45e-03	3.78e-01	5.76e-01	4.20e-02	0.00e+00	0.00e+00	0.00e+00	0.00e+00	0.00e+00
 6.26930e+14	1.86e-19	2.35e-12	7.81e-07	5.07e-03	3.97e-01	5.60e-01	3.76e-02	0.00e+00	0.00e+00	0.00e+00	0.00e+00	0.00e+00
 6.52037e+14	2.68e-19	3.14e-12	9.62e-07	5.76e-03	4.17e-01	5.43e-01	3.37e-02	0.00e+00	0.00e+00	0.00e+00	0.00e+00	0.00e+00
 6.78149e+14	3.86e-19	4.17e-12	1.18e-06	6.53e-03	4.37e-01	5.26e-01	3.01e-02	0.00e+00	0.00e+00	0.00e+00	0.00e+00	0.00e+00
 7.05305e+14	5.53e-19	5.54e-12	1.45e-06	7.40e-03	4.57e-01	5.09e-01	2.68e-02	0.00e+00	0.00e+00	0.00e+00	0.00e+00	0.00e+00
 7.33547e+14	7.93e-19	7.34e-12	1.77e-06	8.36e-03	4.77e-01	4.91e-01	2.38e-02	0.00e+00	0.00e+00	0.00e+00	0.00e+00	0.00e+00
 7.62919e+14	1.13e-18	9.70e-12	2.16e-06	9.42e-03	4.97e-01	4.72e-01	2.11e-02	0.00e+00	0.00e+00	0.00e+00	0.00e+00	0.00e+00
 7.93465e+14	1.62e-18	1.28e-11	2.64e-06	1.06e-02	5.17e-01	4.54e-01	1.87e-02	0.00e+00	0.00e+00	0.00e+00	0.00e+00	0.00e+00
 8.25234e+14	2.30e-18	1.68e-11	3.21e-06	1.19e-02	5.37e-01	4.35e-01	1.66e-02	0.00e+00	0.00e+00	0.00e+00	0.00e+00	0.00e+00
 8.58273e+14	3.27e-18	2.21e-11	3.89e-06	1.34e-02	5.56e-01	4.16e-01	1.46e-02	0.00e+00	0.00e+00	0.00e+00	0.00e+00	0.00e+00
 8.92634e+14	4.64e-18	2.90e-11	4.72e-06	1.49e-02	5.75e-01	3.98e-01	1.29e-02	0.00e+00	0.00e+00	0.00e+00	0.00e+00	0.00e+00
 9.28369e+14	6.56e-18	3.80e-11	5.71e-06	1.67e-02	5.93e-01	3.79e-01	1.13e-02	0.00e+00	0.00e+00	0.00e+00	0.00e+00	0.00e+00
 9.65534e+14	9.27e-18	4.96e-11	6.89e-06	1.86e-02	6.11e-01	3.61e-01	9.91e-03	0.00e+00	0.00e+00	0.00e+00	0.00e+00	0.00e+00
 1.00419e+15	1.31e-17	6.46e-11	8.30e-06	2.07e-02	6.28e-01	3.42e-01	8.67e-03	0.00e+00	0.00e+00	0.00e+00	0.00e+00	0.00e+00
 1.04438e+15	1.84e-17	8.41e-11	9.98e-06	2.30e-02	6.45e-01	3.24e-01	7.58e-03	0.00e+00	0.00e+00	0.00e+00	0.00e+00	0.00e+00
 1.08619e+15	2.62e-17	1.09e-10	1.20e-05	2.55e-02	6.61e-01	3.07e-01	6.61e-03	0.00e+00	0.00e+00	1.47e-17	8.09e-18	3.33e-18
 1.12967e+15	3.64e-17	1.42e-10	1.44e-05	2.83e-02	6.76e-01	2.90e-01	5.75e-03	0.00e+00	0.00e+00	2.03e-17	1.19e-17	4.13e-18
 1.17337e+15	5.05e-17	1.82e-10	1.71e-05	3.12e-02	6.90e-01	2.74e-01	5.02e-03	0.00e+00	0.00e+00	2.81e-17	1.65e-17	5.72e-18
 1.21883e+15	6.99e-17	2.33e-10	2.03e-05	3.43e-02	7.03e-01	2.58e-01	4.37e-03	0.00e+00	0.00e+00	3.90e-17	2.27e-17	7.92e-18
 1.26762e+15	9.76e-17	3.01e-10	2.42e-05	3.78e-02	7.16e-01	2.43e-01	3.78e-03	0.00e+00	0.00e+00	5.46e-17	3.17e-17	1.11e-17
 1.31835e+15	1.36e-16	3.89e-10	2.89e-05	4.16e-02	7.28e-01	2.27e-01	3.27e-03	0.00e+00	0.00e+00	7.62e-17	4.41e-17	1.55e-17
 1.37111e+15	1.90e-16	5.00e-10	3.44e-05	4.57e-02	7.38e-01	2.13e-01	2.82e-03	0.00e+00	0.00e+00	1.06e-16	6.13e-17	2.15e-17
 1.42599e+15	2.64e-16	6.43e-10	4.08e-05	5.01e-02	7.48e-01	1.99e-01	2.42e-03	0.00e+00	0.00e+00	1.48e-16	8.51e-17	3.00e-17
 1.48306e+15	3.67e-16	8.25e-10	4.84e-05	5.49e-02	7.57e-01	1.86e-01	2.08e-03	0.00e+00	0.00e+00	2.06e-16	1.18e-16	4.16e-17
 1.53760e+15	4.96e-16	1.04e-09	5.66e-05	5.97e-02	7.64e-01	1.74e-01	1.81e-03	0.00e+00	0.00e+00	2.79e-16	1.59e-16	5.63e-17
 1.58773e+15	6.48e-16	1.27e-09	6.49e-05	6.42e-02	7.70e-01	1.64e-01	1.59e-03	0.00e+00	0.00e+00	3.65e-16	2.07e-16	7.35e-17
 1.64448e+15	8.68e-16	1.58e-09	7.54e-05	6.94e-02	7.76e-01	1.54e-01	1.38e-03	0.00e+00	0.00e+00	4.89e-16	2.77e-16	9.82e-17
 1.71010e+15	1.20e-15	2.02e-09	8.90e-05	7.57e-02	7.81e-01	1.42e-01	1.18e-03	0.00e+00	0.00e+00	6.78e-16	3.82e-16	1.36e-16
 1.77428e+15	1.63e-15	2.54e-09	1.04e-04	8.19e-02	7.84e-01	1.33e-01	1.02e-03	0.00e+00	0.00e+00	9.18e-16	5.15e-16	1.84e-16
 1.83527e+15	2.15e-15	3.12e-09	1.20e-04	8.81e-02	7.87e-01	1.24e-01	8.84e-04	0.00e+00	0.00e+00	1.21e-15	6.78e-16	2.42e-16
 1.90296e+15	2.89e-15	3.90e-09	1.39e-04	9.51e-02	7.89e-01	1.15e-01	7.60e-04	0.00e+00	0.00e+00	1.64e-15	9.10e-16	3.25e-16
 1.97911e+15	3.98e-15	4.97e-09	1.63e-04	1.03e-01	7.90e-01	1.06e-01	6.44e-04	0.00e+00	0.00e+00	2.26e-15	1.25e-15	4.48e-16
 2.05511e+15	5.40e-15	6.24e-09	1.90e-04	1.11e-01	7.90e-01	9.80e-02	5.48e-04	0.00e+00	0.00e+00	3.07e-15	1.69e-15	6.07e-16
 2.13414e+15	7.34e-15	7.84e-09	2.22e-04	1.20e-01	7.89e-01	9.03e-02	4.66e-04	0.00e+00	0.00e+00	4.18e-15	2.29e-15	8.24e-16
 2.21954e+15	1.01e-14	9.93e-09	2.60e-04	1.30e-01	7.86e-01	8.29e-02	3.92e-04	0.00e+00	0.00e+00	5.74e-15	3.14e-15	1.13e-15
 2.30835e+15	1.38e-14	1.26e-08	3.05e-04	1.40e-01	7.83e-01	7.59e-02	3.30e-04	0.00e+00	0.00e+00	7.90e-15	4.30e-15	1.55e-15
 2.39374e+15	1.85e-14	1.56e-08	3.52e-04	1.51e-01	7.79e-01	6.98e-02	2.81e-04	0.00e+00	0.00e+00	1.06e-14	5.74e-15	2.06e-15
 2.47262e+15	2.40e-14	1.89e-08	4.00e-04	1.60e-01	7.74e-01	6.48e-02	2.42e-04	0.00e+00	0.00e+00	1.37e-14	7.42e-15	2.67e-15
 2.56162e+15	3.18e-14	2.33e-08	4.59e-04	1.71e-01	7.69e-01	5.95e-02	2.06e-04	0.00e+00	0.00e+00	1.82e-14	9.83e-15	3.53e-15
 2.66164e+15	4.32e-14	2.92e-08	5.33e-04	1.84e-01	7.61e-01	5.43e-02	1.73e-04	0.00e+00	0.00e+00	2.47e-14	1.33e-14	4.78e-15
 2.75667e+15	5.70e-14	3.58e-08	6.11e-04	1.96e-01	7.54e-01	4.98e-02	1.46e-04	0.00e+00	0.00e+00	3.27e-14	1.76e-14	6.30e-15
 2.85797e+15	7.58e-14	4.42e-08	7.02e-04	2.09e-01	7.45e-01	4.54e-02	1.23e-04	0.00e+00	0.00e+00	4.35e-14	2.33e-14	8.36e-15
 2.96831e+15	1.02e-13	5.50e-08	8.12e-04	2.23e-01	7.35e-01	4.12e-02	1.03e-04	0.00e+00	0.00e+00	5.87e-14	3.14e-14	1.12e-14
 3.07252e+15	1.34e-13	6.71e-08	9.26e-04	2.37e-01	7.25e-01	3.76e-02	8.70e-05	0.00e+00	0.00e+00	7.71e-14	4.12e-14	1.47e-14
 3.18490e+15	1.78e-13	8.25e-08	1.06e-03	2.51e-01	7.13e-01	3.42e-02	7.28e-05	0.00e+00	0.00e+00	1.02e-13	5.46e-14	1.94e-14
 3.30848e+15	2.40e-13	1.03e-07	1.22e-03	2.68e-01	7.00e-01	3.08e-02	6.02e-05	0.00e+00	0.00e+00	1.38e-13	7.36e-14	2.62e-14
 3.42553e+15	3.15e-13	1.25e-07	1.39e-03	2.83e-01	6.87e-01	2.80e-02	5.05e-05	0.00e+00	0.00e+00	1.81e-13	9.67e-14	3.43e-14
 3.55111e+15	4.18e-13	1.54e-07	1.59e-03	3.00e-01	6.73e-01	2.52e-02	4.19e-05	0.00e+00	0.00e+00	2.41e-13	1.28e-13	4.53e-14
 3.68813e+15	5.63e-13	1.91e-07	1.83e-03	3.19e-01	6.57e-01	2.26e-02	3.44e-05	0.00e+00	0.00e+00	3.24e-13	1.73e-13	6.08e-14
 3.81694e+15	7.35e-13	2.31e-07	2.08e-03	3.36e-01	6.42e-01	2.04e-02	2.86e-05	0.00e+00	0.00e+00	4.23e-13	2.25e-13	7.92e-14
 3.95597e+15	9.72e-13	2.83e-07	2.37e-03	3.54e-01	6.25e-01	1.83e-02	2.36e-05	0.00e+00	0.00e+00	5.60e-13	2.98e-13	1.04e-13
 4.10881e+15	1.31e-12	3.50e-07	2.72e-03	3.74e-01	6.07e-01	1.62e-02	1.91e-05	0.00e+00	0.00e+00	7.54e-13	4.01e-13	1.40e-13
 4.25161e+15	1.70e-12	4.23e-07	3.07e-03	3.93e-01	5.90e-01	1.45e-02	1.58e-05	0.00e+00	0.00e+00	9.82e-13	5.21e-13	1.82e-13
 4.40555e+15	2.25e-12	5.16e-07	3.49e-03	4.13e-01	5.71e-01	1.29e-02	1.29e-05	0.00e+00	0.00e+00	1.30e-12	6.88e-13	2.39e-13
 4.57780e+15	3.03e-12	6.39e-07	4.01e-03	4.35e-01	5.50e-01	1.13e-02	1.03e-05	0.00e+00	0.00e+00	1.75e-12	9.27e-13	3.22e-13
 4.74359e+15	3.99e-12	7.78e-07	4.55e-03	4.55e-01	5.30e-01	1.00e-02	8.37e-06	0.00e+00	0.00e+00	2.31e-12	1.22e-12	4.23e-13
 4.90090e+15	5.15e-12	9.31e-07	5.11e-03	4.74e-01	5.11e-01	8.92e-03	6.88e-06	0.00e+00	0.00e+00	2.97e-12	1.57e-12	5.43e-13
 5.07786e+15	6.79e-12	1.13e-06	5.80e-03	4.96e-01	4.91e-01	7.83e-03	5.52e-06	0.00e+00	0.00e+00	3.93e-12	2.08e-12	7.15e-13
 5.27015e+15	9.07e-12	1.39e-06	6.62e-03	5.18e-01	4.68e-01	6.80e-03	4.37e-06	0.00e+00	0.00e+00	5.24e-12	2.77e-12	9.52e-13
 5.44583e+15	1.17e-11	1.67e-06	7.43e-03	5.38e-01	4.48e-01	5.99e-03	3.54e-06	0.00e+00	0.00e+00	6.77e-12	3.58e-12	1.23e-12
 5.63667e+15	1.54e-11	2.02e-06	8.41e-03	5.59e-01	4.27e-01	5.22e-03	2.82e-06	0.00e+00	0.00e+00	8.88e-12	4.69e-12	1.61e-12
 5.84974e+15	2.05e-11	2.48e-06	9.60e-03	5.82e-01	4.04e-01	4.48e-03	2.20e-06	0.00e+00	0.00e+00	1.19e-11	6.28e-12	2.14e-12
 6.05075e+15	2.68e-11	2.98e-06	1.08e-02	6.03e-01	3.83e-01	3.88e-03	1.74e-06	0.00e+00	0.00e+00	1.55e-11	8.19e-12	2.79e-12
 6.24107e+15	3.42e-11	3.54e-06	1.21e-02	6.21e-01	3.63e-01	3.39e-03	1.40e-06	0.00e+00	0.00e+00	1.98e-11	1.05e-11	3.55e-12
 6.45845e+15	4.50e-11	4.29e-06	1.37e-02	6.42e-01	3.41e-01	2.90e-03	1.09e-06	0.00e+00	0.00e+00	2.61e-11	1.38e-11	4.67e-12
 6.70394e+15	6.07e-11	5.30e-06	1.57e-02	6.64e-01	3.18e-01	2.43e-03	8.30e-07	0.00e+00	0.00e+00	3.52e-11	1.86e-11	6.29e-12
 6.93867e+15	8.00e-11	6.43e-06	1.79e-02	6.84e-01	2.96e-01	2.06e-03	0.00e+00	0.00e+00	0.00e+00	4.63e-11	2.45e-11	8.27e-12
 7.15514e+15	1.03e-10	7.65e-06	2.01e-02	7.01e-01	2.77e-01	1.77e-03	0.00e+00	0.00e+00	0.00e+00	5.94e-11	3.14e-11	1.06e-11
 7.39515e+15	1.35e-10	9.29e-06	2.28e-02	7.19e-01	2.57e-01	1.49e-03	0.00e+00	0.00e+00	0.00e+00	7.83e-11	4.13e-11	1.39e-11
 7.65675e+15	1.80e-10	1.14e-05	2.61e-02	7.36e-01	2.36e-01	1.23e-03	0.00e+00	0.00e+00	0.00e+00	1.05e-10	5.52e-11	1.86e-11
 7.90200e+15	2.35e-10	1.38e-05	2.97e-02	7.52e-01	2.18e-01	1.03e-03	0.00e+00	0.00e+00	0.00e+00	1.37e-10	7.21e-11	2.42e-11
 8.13487e+15	3.02e-10	1.64e-05	3.35e-02	7.65e-01	2.01e-01	8.71e-04	0.00e+00	0.00e+00	0.00e+00	1.75e-10	9.26e-11	3.11e-11
 8.39609e+15	4.02e-10	2.02e-05	3.85e-02	7.78e-01	1.83e-01	7.16e-04	0.00e+00	0.00e+00	0.00e+00	2.34e-10	1.23e-10	4.14e-11
 8.68091e+15	5.44e-10	2.50e-05	4.47e-02	7.90e-01	1.64e-01	5.79e-04	0.00e+00	0.00e+00	0.00e+00	3.16e-10	1.67e-10	5.59e-11
 8.93458e+15	7.11e-10	3.04e-05	5.13e-02	7.99e-01	1.49e-01	4.77e-04	0.00e+00	0.00e+00	0.00e+00	4.13e-10	2.18e-10	7.30e-11
 9.16145e+15	9.06e-10	3.64e-05	5.82e-02	8.06e-01	1.36e-01	4.00e-04	0.00e+00	0.00e+00	0.00e+00	5.26e-10	2.78e-10	9.31e-11
 9.41530e+15	1.20e-09	4.47e-05	6.75e-02	8.11e-01	1.22e-01	3.25e-04	0.00e+00	0.00e+00	0.00e+00	6.96e-10	3.68e-10	1.23e-10
 9.68514e+15	1.62e-09	5.60e-05	7.93e-02	8.13e-01	1.07e-01	2.59e-04	0.00e+00	0.00e+00	0.00e+00	9.40e-10	4.96e-10	1.66e-10
 9.91298e+15	2.09e-09	6.80e-05	9.17e-02	8.12e-01	9.60e-02	2.13e-04	0.00e+00	0.00e+00	0.00e+00	1.21e-09	6.41e-10	2.15e-10
 1.01075e+16	2.63e-09	8.13e-05	1.05e-01	8.09e-01	8.65e-02	1.78e-04	0.00e+00	0.00e+00	0.00e+00	1.53e-09	8.07e-10	2.70e-10
 1.02825e+16	3.26e-09	9.61e-05	1.19e-01	8.03e-01	7.82e-02	1.50e-04	0.00e+00	0.00e+00	0.00e+00	1.90e-09	1.00e-09	3.35e-10
 1.04452e+16	4.02e-09	1.13e-04	1.34e-01	7.95e-01	7.06e-02	1.27e-04	0.00e+00	0.00e+00	0.00e+00	2.34e-09	1.23e-09	4.14e-10
 1.06310e+16	5.21e-09	1.39e-04	1.56e-01	7.82e-01	6.19e-02	1.03e-04	0.00e+00	0.00e+00	0.00e+00	3.03e-09	1.60e-09	5.36e-10
 1.08288e+16	6.91e-09	1.74e-04	1.86e-01	7.61e-01	5.29e-02	8.13e-05	0.00e+00	0.00e+00	0.00e+00	4.01e-09	2.12e-09	7.11e-10
 1.09923e+16	8.87e-09	2.14e-04	2.18e-01	7.36e-01	4.55e-02	6.50e-05	0.00e+00	0.00e+00	0.00e+00	5.15e-09	2.72e-09	9.13e-10
 1.11226e+16	1.10e-08	2.56e-04	2.50e-01	7.10e-01	3.95e-02	5.31e-05	0.00e+00	0.00e+00	0.00e+00	6.39e-09	3.38e-09	1.13e-09
 1.12395e+16	1.33e-08	3.00e-04	2.86e-01	6.79e-01	3.40e-02	4.32e-05	0.00e+00	0.00e+00	0.00e+00	7.73e-09	4.08e-09	1.37e-09
 1.13539e+16	1.69e-08	3.65e-04	3.29e-01	6.41e-01	2.87e-02	3.42e-05	0.00e+00	0.00e+00	0.00e+00	9.79e-09	5.18e-09	1.74e-09
 1.14631e+16	2.10e-08	4.39e-04	3.81e-01	5.95e-01	2.35e-02	2.64e-05	0.00e+00	0.00e+00	0.00e+00	1.22e-08	6.46e-09	2.17e-09
 1.15614e+16	2.59e-08	5.24e-04	4.37e-01	5.44e-01	1.89e-02	2.00e-05	0.00e+00	0.00e+00	0.00e+00	1.51e-08	7.97e-09	2.68e-09
 1.16440e+16	3.11e-08	6.12e-04	4.93e-01	4.91e-01	1.51e-02	1.51e-05	0.00e+00	0.00e+00	0.00e+00	1.81e-08	9.57e-09	3.22e-09
 1.17111e+16	3.63e-08	6.97e-04	5.46e-01	4.42e-01	1.21e-02	1.15e-05	0.00e+00	0.00e+00	0.00e+00	2.11e-08	1.12e-08	3.77e-09
 1.17709e+16	4.18e-08	7.84e-04	5.97e-01	3.93e-01	9.62e-03	8.67e-06	0.00e+00	0.00e+00	0.00e+00	2.43e-08	1.29e-08	4.34e-09
 1.18280e+16	4.77e-08	8.75e-04	6.49e-01	3.43e-01	7.42e-03	6.35e-06	0.00e+00	0.00e+00	0.00e+00	2.77e-08	1.47e-08	4.97e-09
 1.18823e+16	5.40e-08	9.68e-04	7.00e-01	2.93e-01	5.58e-03	4.52e-06	0.00e+00	0.00e+00	0.00e+00	3.14e-08	1.66e-08	5.63e-09
 1.19436e+16	6.18e-08	1.08e-03	7.57e-01	2.38e-01	3.82e-03	2.88e-06	0.00e+00	0.00e+00	0.00e+00	3.59e-08	1.90e-08	6.45e-09
 1.20105e+16	7.04e-08	1.20e-03	8.14e-01	1.83e-01	2.39e-03	1.66e-06	0.00e+00	0.00e+00	0.00e+00	4.09e-08	2.17e-08	7.37e-09
 1.20734e+16	7.85e-08	1.30e-03	8.60e-01	1.37e-01	1.45e-03	9.22e-07	0.00e+00	0.00e+00	0.00e+00	4.57e-08	2.42e-08	8.23e-09
 1.21438e+16	8.73e-08	1.40e-03	9.00e-01	9.76e-02	7.89e-04	0.00e+00	0.00e+00	0.00e+00	0.00e+00	5.08e-08	2.69e-08	9.17e-09
 1.22311e+16	9.68e-08	1.50e-03	9.34e-01	6.41e-02	3.66e-04	0.00e+00	0.00e+00	0.00e+00	0.00e+00	5.63e-08	2.99e-08	1.02e-08
 1.23352e+16	1.06e-07	1.59e-03	9.58e-01	4.06e-02	1.52e-04	0.00e+00	0.00e+00	0.00e+00	0.00e+00	6.18e-08	3.28e-08	1.12e-08
 1.24653e+16	1.16e-07	1.67e-03	9.72e-01	2.58e-02	5.68e-05	0.00e+00	0.00e+00	0.00e+00	0.00e+00	6.76e-08	3.59e-08	1.22e-08
 1.26344e+16	1.27e-07	1.74e-03	9.81e-01	1.75e-02	1.99e-05	0.00e+00	0.00e+00	0.00e+00	0.00e+00	7.40e-08	3.93e-08	1.34e-08
 1.28543e+16	1.41e-07	1.83e-03	9.85e-01	1.31e-02	6.75e-06	0.00e+00	0.00e+00	0.00e+00	0.00e+00	8.21e-08	4.36e-08	1.49e-08
 1.31401e+16	1.60e-07	1.93e-03	9.87e-01	1.09e-02	2.21e-06	0.00e+00	0.00e+00	0.00e+00	0.00e+00	9.30e-08	4.94e-08	1.69e-08
 1.35117e+16	1.87e-07	2.06e-03	9.88e-01	9.59e-03	6.70e-07	0.00e+00	0.00e+00	0.00e+00	0.00e+00	1.09e-07	5.77e-08	1.97e-08
 1.39947e+16	2.28e-07	2.24e-03	9.89e-01	8.55e-03	0.00e+00	0.00e+00	0.00e+00	0.00e+00	0.00e+00	1.33e-07	7.05e-08	2.41e-08
 1.44927e+16	2.79e-07	2.43e-03	9.90e-01	7.71e-03	0.00e+00	0.00e+00	0.00e+00	0.00e+00	0.00e+00	1.62e-07	8.61e-08	2.94e-08
 1.49069e+16	3.29e-07	2.60e-03	9.90e-01	7.12e-03	0.00e+00	0.00e+00	0.00e+00	0.00e+00	0.00e+00	1.91e-07	1.02e-07	3.47e-08
 1.53418e+16	3.94e-07	2.80e-03	9.91e-01	6.60e-03	0.00e+00	0.00e+00	0.00e+00	0.00e+00	0.00e+00	2.29e-07	1.22e-07	4.16e-08
 1.58326e+16	4.81e-07	3.03e-03	9.91e-01	6.02e-03	0.00e+00	0.00e+00	0.00e+00	0.00e+00	0.00e+00	2.80e-07	1.49e-07	5.07e-08
 1.63023e+16	5.85e-07	3.27e-03	9.91e-01	5.55e-03	0.00e+00	0.00e+00	0.00e+00	0.00e+00	0.00e+00	3.40e-07	1.81e-07	6.16e-08
 1.67433e+16	7.04e-07	3.51e-03	9.91e-01	5.14e-03	0.00e+00	0.00e+00	0.00e+00	0.00e+00	0.00e+00	4.09e-07	2.18e-07	7.42e-08
 1.72410e+16	8.72e-07	3.81e-03	9.91e-01	4.74e-03	0.00e+00	0.00e+00	0.00e+00	0.00e+00	0.00e+00	5.07e-07	2.70e-07	9.19e-08
 1.77849e+16	1.11e-06	4.17e-03	9.92e-01	4.33e-03	0.00e+00	0.00e+00	0.00e+00	0.00e+00	0.00e+00	6.44e-07	3.42e-07	1.17e-07
 1.82748e+16	1.38e-06	4.52e-03	9.91e-01	4.00e-03	0.00e+00	0.00e+00	0.00e+00	0.00e+00	0.00e+00	8.03e-07	4.27e-07	1.46e-07
 1.87254e+16	1.71e-06	4.88e-03	9.91e-01	3.71e-03	0.00e+00	0.00e+00	0.00e+00	0.00e+00	0.00e+00	9.93e-07	5.29e-07	1.80e-07
 1.92388e+16	2.20e-06	5.35e-03	9.91e-01	3.40e-03	0.00e+00	0.00e+00	0.00e+00	0.00e+00	0.00e+00	1.28e-06	6.82e-07	2.32e-07
 1.97962e+16	2.94e-06	5.93e-03	9.91e-01	3.10e-03	0.00e+00	0.00e+00	0.00e+00	0.00e+00	0.00e+00	1.71e-06	9.10e-07	3.09e-07
 2.02890e+16	3.85e-06	6.53e-03	9.91e-01	2.85e-03	0.00e+00	0.00e+00	0.00e+00	0.00e+00	0.00e+00	2.24e-06	1.19e-06	4.05e-07
 2.07300e+16	5.01e-06	7.18e-03	9.90e-01	2.62e-03	0.00e+00	0.00e+00	0.00e+00	0.00e+00	0.00e+00	2.91e-06	1.55e-06	5.26e-07
 2.11610e+16	6.57e-06	7.91e-03	9.90e-01	2.43e-03	0.00e+00	0.00e+00	0.00e+00	0.00e+00	0.00e+00	3.81e-06	2.03e-06	6.89e-07
 2.15861e+16	8.78e-06	8.80e-03	9.89e-01	2.22e-03	0.00e+00	0.00e+00	0.00e+00	0.00e+00	0.00e+00	5.10e-06	2.72e-06	9.20e-07
 2.19863e+16	1.18e-05	9.82e-03	9.88e-01	2.04e-03	0.00e+00	0.00e+00	0.00e+00	0.00e+00	0.00e+00	6.84e-06	3.64e-06	1.23e-06
 2.23498e+16	1.57e-05	1.10e-02	9.87e-01	1.86e-03	0.00e+00	0.00e+00	0.00e+00	0.00e+00	0.00e+00	9.14e-06	4.86e-06	1.65e-06
 2.26828e+16	2.09e-05	1.23e-02	9.86e-01	1.70e-03	0.00e+00	0.00e+00	0.00e+00	0.00e+00	0.00e+00	1.21e-05	6.46e-06	2.19e-06
 2.29955e+16	2.80e-05	1.38e-02	9.85e-01	1.55e-03	0.00e+00	0.00e+00	0.00e+00	0.00e+00	0.00e+00	1.63e-05	8.64e-06	2.92e-06
 2.32919e+16	3.77e-05	1.56e-02	9.83e-01	1.40e-03	0.00e+00	0.00e+00	0.00e+00	0.00e+00	0.00e+00	2.19e-05	1.16e-05	3.94e-06
 2.35682e+16	5.10e-05	1.78e-02	9.81e-01	1.26e-03	0.00e+00	0.00e+00	0.00e+00	0.00e+00	0.00e+00	2.96e-05	1.57e-05	5.32e-06
 2.37591e+16	6.37e-05	1.96e-02	9.79e-01	1.17e-03	0.00e+00	0.00e+00	0.00e+00	0.00e+00	0.00e+00	3.70e-05	1.97e-05	6.64e-06
 2.38544e+16	7.16e-05	2.07e-02	9.78e-01	1.12e-03	0.00e+00	0.00e+00	0.00e+00	0.00e+00	0.00e+00	4.16e-05	2.21e-05	7.46e-06
 2.39393e+16	7.99e-05	2.17e-02	9.77e-01	1.07e-03	0.00e+00	0.00e+00	0.00e+00	0.00e+00	0.00e+00	4.64e-05	2.47e-05	8.33e-06
 2.40497e+16	9.26e-05	2.33e-02	9.76e-01	1.01e-03	0.00e+00	0.00e+00	0.00e+00	0.00e+00	0.00e+00	5.38e-05	2.86e-05	9.65e-06
 2.41932e+16	1.13e-04	2.55e-02	9.73e-01	9.34e-04	0.00e+00	0.00e+00	0.00e+00	0.00e+00	0.00e+00	6.57e-05	3.49e-05	1.18e-05
 2.43245e+16	1.36e-04	2.78e-02	9.71e-01	8.69e-04	0.00e+00	0.00e+00	0.00e+00	0.00e+00	0.00e+00	7.91e-05	4.20e-05	1.42e-05
 2.44088e+16	1.54e-04	2.96e-02	9.69e-01	8.25e-04	0.00e+00	0.00e+00	0.00e+00	0.00e+00	0.00e+00	8.97e-05	4.76e-05	1.61e-05
 2.44873e+16	1.75e-04	3.14e-02	9.68e-01	7.85e-04	0.00e+00	0.00e+00	0.00e+00	0.00e+00	0.00e+00	1.02e-04	5.40e-05	1.82e-05
 2.45893e+16	2.07e-04	3.40e-02	9.65e-01	7.30e-04	0.00e+00	0.00e+00	0.00e+00	0.00e+00	0.00e+00	1.20e-04	6.38e-05	2.15e-05
 2.46910e+16	2.45e-04	3.70e-02	9.62e-01	6.79e-04	0.00e+00	0.00e+00	0.00e+00	0.00e+00	0.00e+00	1.43e-04	7.57e-05	2.55e-05
 2.47678e+16	2.81e-04	3.96e-02	9.60e-01	6.40e-04	0.00e+00	0.00e+00	0.00e+00	0.00e+00	0.00e+00	1.63e-04	8.66e-05	2.92e-05
 2.48324e+16	3.16e-04	4.20e-02	9.57e-01	6.06e-04	0.00e+00	0.00e+00	0.00e+00	0.00e+00	0.00e+00	1.84e-04	9.75e-05	3.29e-05
 2.49059e+16	3.64e-04	4.51e-02	9.54e-01	5.70e-04	0.00e+00	0.00e+00	0.00e+00	0.00e+00	0.00e+00	2.12e-04	1.12e-04	3.78e-05
 2.49863e+16	4.26e-04	4.88e-02	9.50e-01	5.29e-04	0.00e+00	0.00e+00	0.00e+00	0.00e+00	0.00e+00	2.48e-04	1.31e-04	4.43e-05
 2.50570e+16	4.92e-04	5.25e-02	9.46e-01	4.93e-04	0.00e+00	0.00e+00	0.00e+00	0.00e+00	0.00e+00	2.86e-04	1.52e-04	5.11e-05
 2.51182e+16	5.60e-04	5.61e-02	9.43e-01	4.65e-04	0.00e+00	0.00e+00	0.00e+00	0.00e+00	0.00e+00	3.26e-04	1.73e-04	5.82e-05
 2.51858e+16	6.51e-04	6.07e-02	9.38e-01	4.32e-04	0.00e+00	0.00e+00	0.00e+00	0.00e+00	0.00e+00	3.79e-04	2.01e-04	6.76e-05
 2.52576e+16	7.66e-04	6.61e-02	9.33e-01	3.99e-04	0.00e+00	0.00e+00	0.00e+00	0.00e+00	0.00e+00	4.46e-04	2.36e-04	7.96e-05
 2.53182e+16	8.84e-04	7.12e-02	9.28e-01	3.70e-04	0.00e+00	0.00e+00	0.00e+00	0.00e+00	0.00e+00	5.14e-04	2.73e-04	9.18e-05
 2.53710e+16	1.01e-03	7.62e-02	9.22e-01	3.47e-04	0.00e+00	0.00e+00	0.00e+00	0.00e+00	0.00e+00	5.85e-04	3.10e-04	1.04e-04
 2.54301e+16	1.17e-03	8.26e-02	9.16e-01	3.20e-04	0.00e+00	0.00e+00	0.00e+00	0.00e+00	0.00e+00	6.82e-04	3.61e-04	1.22e-04
 2.54932e+16	1.38e-03	9.02e-02	9.08e-01	2.93e-04	0.00e+00	0.00e+00	0.00e+00	0.00e+00	0.00e+00	8.05e-04	4.26e-04	1.44e-04
 2.55473e+16	1.61e-03	9.76e-02	9.01e-01	2.69e-04	0.00e+00	0.00e+00	0.00e+00	0.00e+00	0.00e+00	9.34e-04	4.94e-04	1.67e-04
 2.55947e+16	1.84e-03	1.05e-01	8.93e-01	2.51e-04	0.00e+00	0.00e+00	0.00e+00	0.00e+00	0.00e+00	1.07e-03	5.65e-04	1.91e-04
 2.56477e+16	2.15e-03	1.14e-01	8.83e-01	2.28e-04	0.00e+00	0.00e+00	0.00e+00	0.00e+00	0.00e+00	1.25e-03	6.63e-04	2.23e-04
 2.57045e+16	2.56e-03	1.25e-01	8.72e-01	2.06e-04	0.00e+00	0.00e+00	0.00e+00	0.00e+00	0.00e+00	1.49e-03	7.87e-04	2.65e-04
 2.57535e+16	2.99e-03	1.36e-01	8.61e-01	1.87e-04	0.00e+00	0.00e+00	0.00e+00	0.00e+00	0.00e+00	1.74e-03	9.21e-04	3.10e-04
 2.57967e+16	3.45e-03	1.47e-01	8.49e-01	1.72e-04	0.00e+00	0.00e+00	0.00e+00	0.00e+00	0.00e+00	2.01e-03	1.06e-03	3.58e-04
 2.58453e+16	4.08e-03	1.61e-01	8.35e-01	1.54e-04	0.00e+00	0.00e+00	0.00e+00	0.00e+00	0.00e+00	2.37e-03	1.26e-03	4.23e-04
 2.58977e+16	4.91e-03	1.78e-01	8.17e-01	1.36e-04	0.00e+00	0.00e+00	0.00e+00	0.00e+00	0.00e+00	2.86e-03	1.51e-03	5.10e-04
