#depth	C	C+	C+2	C+3	C+4	C+5	C+6	C[1]	C[2]	C[3]	C+[1]	C+[2]	CO
 1.49634e+10	1.21e-46	3.28e-35	7.26e-25	4.99e-15	1.14e-04	3.12e-01	6.88e-01	0.00e+00	0.00e+00	0.00e+00	0.00e+00	0.00e+00	5.54e-147
 4.54887e+10	0.00e+00	4.69e-35	9.62e-25	6.11e-15	1.29e-04	3.29e-01	6.71e-01	0.00e+00	0.00e+00	0.00e+00	0.00e+00	0.00e+00	2.68e-190
 7.72350e+10	2.92e-46	6.78e-35	1.28e-24	7.53e-15	1.47e-04	3.47e-01	6.53e-01	0.00e+00	0.00e+00	0.00e+00	0.00e+00	0.00e+00	5.46e-146
 1.10251e+11	0.00e+00	9.79e-35	1.71e-24	9.28e-15	1.68e-04	3.65e-01	6.35e-01	0.00e+00	0.00e+00	0.00e+00	0.00e+00	0.00e+00	1.40e-189
 1.44588e+11	7.13e-46	1.41e-34	2.28e-24	1.14e-14	1.90e-04	3.83e-01	6.17e-01	0.00e+00	0.00e+00	0.00e+00	0.00e+00	0.00e+00	5.42e-145
 1.80298e+11	0.00e+00	2.03e-34	3.04e-24	1.40e-14	2.16e-04	4.02e-01	5.98e-01	0.00e+00	0.00e+00	0.00e+00	0.00e+00	0.00e+00	7.37e-189
 2.17437e+11	1.73e-45	2.93e-34	4.04e-24	1.72e-14	2.45e-04	4.21e-01	5.78e-01	0.00e+00	0.00e+00	0.00e+00	0.00e+00	0.00e+00	5.39e-144
 2.56061e+11	0.00e+00	4.21e-34	5.36e-24	2.12e-14	2.78e-04	4.41e-01	5.59e-01	0.00e+00	0.00e+00	0.00e+00	0.00e+00	0.00e+00	3.88e-188
 2.96231e+11	4.20e-45	6.05e-34	7.12e-24	2.59e-14	3.15e-04	4.60e-01	5.39e-01	0.00e+00	0.00e+00	0.00e+00	0.00e+00	0.00e+00	5.36e-143
 3.38007e+11	0.00e+00	8.68e-34	9.44e-24	3.17e-14	3.56e-04	4.80e-01	5.19e-01	0.00e+00	0.00e+00	0.00e+00	0.00e+00	0.00e+00	2.03e-187
 3.81454e+11	1.01e-44	1.24e-33	1.25e-23	3.88e-14	4.02e-04	5.00e-01	5.00e-01	0.00e+00	0.00e+00	0.00e+00	0.00e+00	0.00e+00	5.33e-142
 4.26639e+11	0.00e+00	1.78e-33	1.65e-23	4.74e-14	4.53e-04	5.20e-01	4.80e-01	0.00e+00	0.00e+00	0.00e+00	0.00e+00	0.00e+00	1.06e-186
 4.73631e+11	2.44e-44	2.55e-33	2.19e-23	5.78e-14	5.11e-04	5.40e-01	4.60e-01	0.00e+00	0.00e+00	0.00e+00	0.00e+00	0.00e+00	5.29e-141
 5.22503e+11	0.00e+00	3.65e-33	2.89e-23	7.05e-14	5.75e-04	5.60e-01	4.40e-01	0.00e+00	0.00e+00	0.00e+00	0.00e+00	0.00e+00	5.49e-186
 5.69718e+11	5.67e-44	5.09e-33	3.74e-23	8.46e-14	6.40e-04	5.78e-01	4.22e-01	0.00e+00	0.00e+00	0.00e+00	0.00e+00	0.00e+00	4.85e-140
 6.13866e+11	0.00e+00	6.88e-33	4.72e-23	9.99e-14	7.07e-04	5.94e-01	4.05e-01	0.00e+00	0.00e+00	0.00e+00	0.00e+00	0.00e+00	2.74e-185
 6.63393e+11	1.22e-43	9.54e-33	6.08e-23	1.20e-13	7.87e-04	6.11e-01	3.88e-01	0.00e+00	0.00e+00	0.00e+00	0.00e+00	0.00e+00	3.64e-139
 7.18442e+11	0.00e+00	1.35e-32	7.95e-23	1.44e-13	8.79e-04	6.30e-01	3.69e-01	0.00e+00	0.00e+00	0.00e+00	0.00e+00	0.00e+00	1.12e-184
 7.71425e+11	2.77e-43	1.86e-32	1.02e-22	1.72e-13	9.74e-04	6.46e-01	3.53e-01	0.00e+00	0.00e+00	0.00e+00	0.00e+00	0.00e+00	3.15e-138
 8.27940e+11	0.00e+00	2.59e-32	1.32e-22	2.07e-13	1.08e-03	6.63e-01	3.36e-01	0.00e+00	0.00e+00	0.00e+00	0.00e+00	0.00e+00	5.14e-184
 8.90984e+11	6.45e-43	3.69e-32	1.73e-22	2.50e-13	1.21e-03	6.81e-01	3.18e-01	0.00e+00	0.00e+00	0.00e+00	0.00e+00	0.00e+00	2.92e-137
 9.54343e+11	0.00e+00	5.20e-32	2.26e-22	3.02e-13	1.35e-03	6.98e-01	3.01e-01	0.00e+00	0.00e+00	0.00e+00	0.00e+00	0.00e+00	2.39e-183
 1.02024e+12	1.50e-42	7.34e-32	2.95e-22	3.64e-13	1.50e-03	7.14e-01	2.85e-01	0.00e+00	0.00e+00	0.00e+00	0.00e+00	0.00e+00	2.71e-136
 1.09097e+12	0.00e+00	1.05e-31	3.87e-22	4.40e-13	1.68e-03	7.30e-01	2.68e-01	0.00e+00	0.00e+00	0.00e+00	0.00e+00	0.00e+00	1.08e-182
 1.16454e+12	3.58e-42	1.49e-31	5.09e-22	5.33e-13	1.87e-03	7.45e-01	2.53e-01	0.00e+00	0.00e+00	0.00e+00	0.00e+00	0.00e+00	2.73e-135
 1.24105e+12	0.00e+00	2.13e-31	6.69e-22	6.45e-13	2.09e-03	7.60e-01	2.38e-01	0.00e+00	0.00e+00	0.00e+00	0.00e+00	0.00e+00	4.91e-182
 1.32061e+12	8.58e-42	3.03e-31	8.79e-22	7.80e-13	2.33e-03	7.75e-01	2.23e-01	0.00e+00	0.00e+00	0.00e+00	0.00e+00	0.00e+00	2.77e-134
 1.40337e+12	0.00e+00	4.32e-31	1.16e-21	9.44e-13	2.60e-03	7.88e-01	2.09e-01	0.00e+00	0.00e+00	0.00e+00	0.00e+00	0.00e+00	2.00e-181
 1.48943e+12	2.06e-41	6.16e-31	1.52e-21	1.14e-12	2.89e-03	8.01e-01	1.96e-01	0.00e+00	0.00e+00	0.00e+00	0.00e+00	0.00e+00	2.82e-133
 1.57893e+12	0.00e+00	8.79e-31	2.00e-21	1.38e-12	3.22e-03	8.14e-01	1.83e-01	0.00e+00	0.00e+00	0.00e+00	0.00e+00	0.00e+00	6.15e-181
 1.67202e+12	4.95e-41	1.26e-30	2.62e-21	1.67e-12	3.58e-03	8.25e-01	1.71e-01	0.00e+00	0.00e+00	0.00e+00	0.00e+00	0.00e+00	2.89e-132
 1.75972e+12	0.00e+00	1.73e-30	3.36e-21	1.98e-12	3.94e-03	8.36e-01	1.61e-01	0.00e+00	0.00e+00	0.00e+00	0.00e+00	0.00e+00	6.50e-182
 1.83844e+12	1.04e-40	2.29e-30	4.17e-21	2.30e-12	4.29e-03	8.44e-01	1.52e-01	0.00e+00	0.00e+00	0.00e+00	0.00e+00	0.00e+00	2.09e-131
 1.92694e+12	0.00e+00	3.12e-30	5.28e-21	2.71e-12	4.70e-03	8.53e-01	1.43e-01	0.00e+00	0.00e+00	0.00e+00	0.00e+00	0.00e+00	0.00e+00
 2.03146e+12	2.35e-40	4.43e-30	6.91e-21	3.26e-12	5.21e-03	8.62e-01	1.33e-01	0.00e+00	0.00e+00	0.00e+00	0.00e+00	0.00e+00	1.80e-130
 2.13634e+12	0.00e+00	6.21e-30	8.95e-21	3.90e-12	5.75e-03	8.70e-01	1.24e-01	0.00e+00	0.00e+00	0.00e+00	0.00e+00	0.00e+00	0.00e+00
 2.23518e+12	5.22e-40	8.44e-30	1.13e-20	4.58e-12	6.29e-03	8.77e-01	1.16e-01	0.00e+00	0.00e+00	0.00e+00	0.00e+00	0.00e+00	1.50e-129
 2.34428e+12	0.00e+00	1.17e-29	1.46e-20	5.46e-12	6.93e-03	8.85e-01	1.08e-01	0.00e+00	0.00e+00	0.00e+00	0.00e+00	0.00e+00	0.00e+00
 2.46798e+12	1.23e-39	1.68e-29	1.92e-20	6.60e-12	7.69e-03	8.92e-01	1.00e-01	0.00e+00	0.00e+00	0.00e+00	0.00e+00	0.00e+00	1.44e-128
 2.59198e+12	0.00e+00	2.38e-29	2.51e-20	7.92e-12	8.50e-03	8.98e-01	9.32e-02	0.00e+00	0.00e+00	0.00e+00	0.00e+00	0.00e+00	0.00e+00
 2.72093e+12	2.91e-39	3.38e-29	3.28e-20	9.52e-12	9.40e-03	9.04e-01	8.63e-02	0.00e+00	0.00e+00	0.00e+00	0.00e+00	0.00e+00	1.42e-127
 2.85970e+12	0.00e+00	4.86e-29	4.34e-20	1.15e-11	1.04e-02	9.10e-01	7.97e-02	0.00e+00	0.00e+00	0.00e+00	0.00e+00	0.00e+00	0.00e+00
 2.98994e+12	6.83e-39	6.74e-29	5.57e-20	1.37e-11	1.14e-02	9.14e-01	7.41e-02	0.00e+00	0.00e+00	0.00e+00	0.00e+00	0.00e+00	1.37e-126
 3.10637e+12	0.00e+00	8.97e-29	6.93e-20	1.59e-11	1.24e-02	9.18e-01	6.95e-02	0.00e+00	0.00e+00	0.00e+00	0.00e+00	0.00e+00	0.00e+00
 3.23733e+12	1.43e-38	1.23e-28	8.80e-20	1.87e-11	1.36e-02	9.22e-01	6.47e-02	0.00e+00	0.00e+00	0.00e+00	0.00e+00	0.00e+00	9.69e-126
 3.39254e+12	0.00e+00	1.75e-28	1.16e-19	2.25e-11	1.50e-02	9.25e-01	5.97e-02	0.00e+00	0.00e+00	0.00e+00	0.00e+00	0.00e+00	0.00e+00
 3.54832e+12	3.42e-38	2.47e-28	1.51e-19	2.69e-11	1.65e-02	9.28e-01	5.51e-02	0.00e+00	0.00e+00	0.00e+00	0.00e+00	0.00e+00	9.68e-125
 3.69430e+12	0.00e+00	3.38e-28	1.91e-19	3.17e-11	1.80e-02	9.31e-01	5.12e-02	0.00e+00	0.00e+00	0.00e+00	0.00e+00	0.00e+00	0.00e+00
 3.85596e+12	7.66e-38	4.73e-28	2.48e-19	3.77e-11	1.98e-02	9.33e-01	4.73e-02	0.00e+00	0.00e+00	0.00e+00	0.00e+00	0.00e+00	8.11e-124
 4.04013e+12	0.00e+00	6.84e-28	3.28e-19	4.57e-11	2.19e-02	9.35e-01	4.34e-02	0.00e+00	0.00e+00	0.00e+00	0.00e+00	0.00e+00	0.00e+00
 4.22138e+12	1.87e-37	9.72e-28	4.29e-19	5.48e-11	2.41e-02	9.36e-01	3.99e-02	0.00e+00	0.00e+00	0.00e+00	0.00e+00	0.00e+00	8.58e-123
 4.40989e+12	0.00e+00	1.38e-27	5.62e-19	6.58e-11	2.65e-02	9.37e-01	3.66e-02	0.00e+00	0.00e+00	0.00e+00	0.00e+00	0.00e+00	0.00e+00
 4.61621e+12	4.60e-37	2.00e-27	7.48e-19	7.98e-11	2.93e-02	9.37e-01	3.34e-02	0.00e+00	0.00e+00	0.00e+00	0.00e+00	0.00e+00	9.15e-122
 4.82352e+12	0.00e+00	2.87e-27	9.86e-19	9.61e-11	3.23e-02	9.37e-01	3.06e-02	0.00e+00	0.00e+00	0.00e+00	0.00e+00	0.00e+00	0.00e+00
 5.03911e+12	1.13e-36	4.12e-27	1.30e-18	1.16e-10	3.56e-02	9.36e-01	2.80e-02	0.00e+00	0.00e+00	0.00e+00	0.00e+00	0.00e+00	9.67e-121
 5.27060e+12	0.00e+00	6.00e-27	1.73e-18	1.41e-10	3.94e-02	9.35e-01	2.54e-02	0.00e+00	0.00e+00	0.00e+00	0.00e+00	0.00e+00	0.00e+00
 5.50018e+12	2.80e-36	8.58e-27	2.28e-18	1.69e-10	4.33e-02	9.33e-01	2.32e-02	0.00e+00	0.00e+00	0.00e+00	0.00e+00	0.00e+00	1.05e-119
 5.73894e+12	0.00e+00	1.23e-26	3.00e-18	2.04e-10	4.76e-02	9.31e-01	2.12e-02	0.00e+00	0.00e+00	0.00e+00	0.00e+00	0.00e+00	0.00e+00
 5.99843e+12	6.97e-36	1.79e-26	4.01e-18	2.47e-10	5.26e-02	9.28e-01	1.92e-02	0.00e+00	0.00e+00	0.00e+00	0.00e+00	0.00e+00	1.15e-118
 6.26829e+12	0.00e+00	2.60e-26	5.35e-18	3.00e-10	5.80e-02	9.25e-01	1.74e-02	0.00e+00	0.00e+00	0.00e+00	0.00e+00	0.00e+00	0.00e+00
 6.54895e+12	1.77e-35	3.79e-26	7.14e-18	3.65e-10	6.40e-02	9.20e-01	1.57e-02	0.00e+00	0.00e+00	0.00e+00	0.00e+00	0.00e+00	1.33e-117
 6.84083e+12	0.00e+00	5.52e-26	9.54e-18	4.43e-10	7.05e-02	9.15e-01	1.42e-02	0.00e+00	0.00e+00	0.00e+00	0.00e+00	0.00e+00	0.00e+00
 7.14439e+12	4.51e-35	8.04e-26	1.28e-17	5.38e-10	7.77e-02	9.09e-01	1.28e-02	0.00e+00	0.00e+00	0.00e+00	0.00e+00	0.00e+00	1.53e-116
 7.41941e+12	0.00e+00	1.12e-25	1.64e-17	6.38e-10	8.45e-02	9.04e-01	1.17e-02	0.00e+00	0.00e+00	0.00e+00	0.00e+00	0.00e+00	1.30e-99
 7.64931e+12	9.40e-35	1.45e-25	2.02e-17	7.31e-10	9.04e-02	8.99e-01	1.09e-02	0.00e+00	0.00e+00	0.00e+00	0.00e+00	0.00e+00	0.00e+00
 7.90147e+12	1.33e-34	1.93e-25	2.51e-17	8.46e-10	9.71e-02	8.93e-01	1.00e-02	0.00e+00	0.00e+00	0.00e+00	0.00e+00	0.00e+00	2.61e-115
 8.21984e+12	2.04e-34	2.72e-25	3.27e-17	1.01e-09	1.06e-01	8.85e-01	9.07e-03	0.00e+00	0.00e+00	0.00e+00	0.00e+00	0.00e+00	3.62e-97
 8.55157e+12	3.12e-34	3.83e-25	4.27e-17	1.21e-09	1.15e-01	8.76e-01	8.20e-03	0.00e+00	0.00e+00	0.00e+00	0.00e+00	0.00e+00	0.00e+00
 8.83409e+12	4.42e-34	5.08e-25	5.31e-17	1.40e-09	1.24e-01	8.69e-01	7.54e-03	0.00e+00	0.00e+00	0.00e+00	0.00e+00	0.00e+00	6.07e-114
 9.12534e+12	6.25e-34	6.72e-25	6.60e-17	1.62e-09	1.33e-01	8.60e-01	6.92e-03	0.00e+00	0.00e+00	0.00e+00	0.00e+00	0.00e+00	4.20e-96
 9.49072e+12	9.50e-34	9.42e-25	8.59e-17	1.93e-09	1.44e-01	8.50e-01	6.24e-03	0.00e+00	0.00e+00	0.00e+00	0.00e+00	0.00e+00	0.00e+00
 9.86149e+12	1.43e-33	1.31e-24	1.11e-16	2.29e-09	1.56e-01	8.38e-01	5.62e-03	0.00e+00	0.00e+00	0.00e+00	0.00e+00	0.00e+00	1.33e-112
 1.01811e+13	2.00e-33	1.72e-24	1.37e-16	2.64e-09	1.67e-01	8.28e-01	5.15e-03	0.00e+00	0.00e+00	0.00e+00	0.00e+00	0.00e+00	5.29e-95
 1.05250e+13	2.83e-33	2.28e-24	1.71e-16	3.05e-09	1.79e-01	8.17e-01	4.70e-03	0.00e+00	0.00e+00	0.00e+00	0.00e+00	0.00e+00	8.12e-112
 1.09488e+13	4.27e-33	3.18e-24	2.22e-16	3.63e-09	1.93e-01	8.03e-01	4.21e-03	0.00e+00	0.00e+00	0.00e+00	0.00e+00	0.00e+00	2.77e-94
 1.13825e+13	6.38e-33	4.41e-24	2.86e-16	4.30e-09	2.08e-01	7.88e-01	3.77e-03	0.00e+00	0.00e+00	0.00e+00	0.00e+00	0.00e+00	7.06e-111
 1.17753e+13	9.03e-33	5.84e-24	3.56e-16	4.98e-09	2.23e-01	7.74e-01	3.42e-03	0.00e+00	0.00e+00	0.00e+00	0.00e+00	0.00e+00	1.43e-93
 1.22088e+13	1.30e-32	7.86e-24	4.50e-16	5.80e-09	2.38e-01	7.59e-01	3.08e-03	0.00e+00	0.00e+00	0.00e+00	0.00e+00	0.00e+00	4.79e-110
 1.27178e+13	1.97e-32	1.10e-23	5.84e-16	6.90e-09	2.57e-01	7.41e-01	2.73e-03	0.00e+00	0.00e+00	0.00e+00	0.00e+00	0.00e+00	7.86e-93
 1.32263e+13	2.91e-32	1.51e-23	7.47e-16	8.12e-09	2.75e-01	7.22e-01	2.43e-03	0.00e+00	0.00e+00	0.00e+00	0.00e+00	0.00e+00	4.18e-109
 1.37109e+13	4.14e-32	2.01e-23	9.36e-16	9.41e-09	2.93e-01	7.05e-01	2.18e-03	0.00e+00	0.00e+00	0.00e+00	0.00e+00	0.00e+00	4.06e-92
 1.42451e+13	6.01e-32	2.72e-23	1.18e-15	1.10e-08	3.12e-01	6.86e-01	1.94e-03	0.00e+00	0.00e+00	0.00e+00	0.00e+00	0.00e+00	3.04e-108
 1.48448e+13	8.95e-32	3.75e-23	1.52e-15	1.30e-08	3.34e-01	6.64e-01	1.70e-03	0.00e+00	0.00e+00	0.00e+00	0.00e+00	0.00e+00	2.25e-91
 1.53849e+13	1.26e-31	4.94e-23	1.89e-15	1.49e-08	3.53e-01	6.45e-01	1.52e-03	0.00e+00	0.00e+00	0.00e+00	0.00e+00	0.00e+00	2.34e-107
 1.58315e+13	1.65e-31	6.15e-23	2.24e-15	1.67e-08	3.69e-01	6.30e-01	1.39e-03	0.00e+00	0.00e+00	0.00e+00	0.00e+00	0.00e+00	8.82e-91
 1.63195e+13	2.19e-31	7.74e-23	2.68e-15	1.87e-08	3.86e-01	6.13e-01	1.26e-03	0.00e+00	0.00e+00	0.00e+00	0.00e+00	0.00e+00	1.10e-106
 1.69422e+13	3.10e-31	1.03e-22	3.34e-15	2.15e-08	4.07e-01	5.92e-01	1.11e-03	0.00e+00	0.00e+00	0.00e+00	0.00e+00	0.00e+00	3.67e-90
 1.75706e+13	4.34e-31	1.35e-22	4.12e-15	2.47e-08	4.28e-01	5.71e-01	9.88e-04	0.00e+00	0.00e+00	0.00e+00	0.00e+00	0.00e+00	7.49e-106
 1.80914e+13	5.66e-31	1.67e-22	4.87e-15	2.75e-08	4.45e-01	5.54e-01	8.96e-04	0.00e+00	0.00e+00	0.00e+00	0.00e+00	0.00e+00	1.43e-89
 1.86417e+13	7.42e-31	2.07e-22	5.77e-15	3.06e-08	4.63e-01	5.37e-01	8.10e-04	0.00e+00	0.00e+00	0.00e+00	0.00e+00	0.00e+00	3.45e-105
 1.93468e+13	1.03e-30	2.71e-22	7.10e-15	3.49e-08	4.84e-01	5.15e-01	7.14e-04	0.00e+00	0.00e+00	0.00e+00	0.00e+00	0.00e+00	5.71e-89
 2.00855e+13	1.44e-30	3.55e-22	8.74e-15	3.98e-08	5.06e-01	4.93e-01	6.27e-04	0.00e+00	0.00e+00	0.00e+00	0.00e+00	0.00e+00	2.33e-104
 2.07334e+13	1.90e-30	4.44e-22	1.04e-14	4.44e-08	5.25e-01	4.75e-01	5.61e-04	0.00e+00	0.00e+00	0.00e+00	0.00e+00	0.00e+00	2.34e-88
 2.14312e+13	2.54e-30	5.59e-22	1.24e-14	4.97e-08	5.44e-01	4.56e-01	4.99e-04	0.00e+00	0.00e+00	0.00e+00	0.00e+00	0.00e+00	1.21e-103
 2.22044e+13	3.45e-30	7.16e-22	1.50e-14	5.60e-08	5.64e-01	4.36e-01	4.40e-04	0.00e+00	0.00e+00	0.00e+00	0.00e+00	0.00e+00	9.33e-88
 2.29211e+13	4.52e-30	8.90e-22	1.78e-14	6.22e-08	5.82e-01	4.18e-01	3.92e-04	0.00e+00	0.00e+00	0.00e+00	0.00e+00	0.00e+00	6.63e-103
 2.36981e+13	6.00e-30	1.12e-21	2.11e-14	6.92e-08	6.01e-01	3.99e-01	3.48e-04	0.00e+00	0.00e+00	0.00e+00	0.00e+00	0.00e+00	3.44e-87
 2.45620e+13	8.10e-30	1.42e-21	2.54e-14	7.76e-08	6.20e-01	3.80e-01	3.05e-04	0.00e+00	0.00e+00	0.00e+00	0.00e+00	0.00e+00	3.77e-102
 2.53673e+13	1.06e-29	1.76e-21	3.00e-14	8.59e-08	6.37e-01	3.62e-01	2.70e-04	0.00e+00	0.00e+00	0.00e+00	0.00e+00	0.00e+00	1.33e-86
 2.62427e+13	1.40e-29	2.21e-21	3.56e-14	9.54e-08	6.55e-01	3.45e-01	2.38e-04	0.00e+00	0.00e+00	0.00e+00	0.00e+00	0.00e+00	1.97e-101
 2.72169e+13	1.89e-29	2.81e-21	4.27e-14	1.07e-07	6.74e-01	3.26e-01	2.07e-04	0.00e+00	0.00e+00	0.00e+00	0.00e+00	0.00e+00	5.37e-86
 2.81275e+13	2.48e-29	3.48e-21	5.03e-14	1.18e-07	6.90e-01	3.10e-01	1.83e-04	0.00e+00	0.00e+00	0.00e+00	0.00e+00	0.00e+00	1.11e-100
 2.91194e+13	3.28e-29	4.35e-21	5.96e-14	1.30e-07	7.06e-01	2.93e-01	1.60e-04	0.00e+00	0.00e+00	0.00e+00	0.00e+00	0.00e+00	2.04e-85
 3.02260e+13	4.42e-29	5.52e-21	7.14e-14	1.45e-07	7.24e-01	2.76e-01	1.39e-04	0.00e+00	0.00e+00	0.00e+00	0.00e+00	0.00e+00	6.60e-100
 3.12666e+13	5.79e-29	6.85e-21	8.40e-14	1.60e-07	7.39e-01	2.61e-01	1.22e-04	0.00e+00	0.00e+00	0.00e+00	0.00e+00	0.00e+00	8.27e-85
 3.24044e+13	7.70e-29	8.58e-21	9.95e-14	1.77e-07	7.54e-01	2.46e-01	1.06e-04	0.00e+00	0.00e+00	0.00e+00	0.00e+00	0.00e+00	3.70e-99
 3.36780e+13	1.04e-28	1.09e-20	1.19e-13	1.97e-07	7.70e-01	2.30e-01	9.10e-05	0.00e+00	0.00e+00	0.00e+00	0.00e+00	0.00e+00	3.56e-84
 3.48836e+13	1.37e-28	1.36e-20	1.40e-13	2.17e-07	7.83e-01	2.17e-01	7.92e-05	0.00e+00	0.00e+00	0.00e+00	0.00e+00	0.00e+00	2.28e-98
 3.61827e+13	1.83e-28	1.70e-20	1.66e-13	2.39e-07	7.97e-01	2.03e-01	6.86e-05	0.00e+00	0.00e+00	0.00e+00	0.00e+00	0.00e+00	1.47e-83
 3.76600e+13	2.50e-28	2.18e-20	2.00e-13	2.66e-07	8.11e-01	1.89e-01	5.84e-05	0.00e+00	0.00e+00	0.00e+00	0.00e+00	0.00e+00	1.51e-97
 3.91114e+13	3.35e-28	2.75e-20	2.37e-13	2.93e-07	8.23e-01	1.77e-01	5.02e-05	0.00e+00	0.00e+00	0.00e+00	0.00e+00	0.00e+00	6.79e-83
 4.06210e+13	4.48e-28	3.46e-20	2.81e-13	3.24e-07	8.35e-01	1.65e-01	4.31e-05	0.00e+00	0.00e+00	0.00e+00	0.00e+00	0.00e+00	9.79e-97
 4.22757e+13	6.11e-28	4.41e-20	3.35e-13	3.57e-07	8.46e-01	1.54e-01	3.68e-05	0.00e+00	0.00e+00	0.00e+00	0.00e+00	0.00e+00	3.20e-82
 4.39967e+13	8.28e-28	5.60e-20	4.00e-13	3.95e-07	8.57e-01	1.42e-01	3.13e-05	0.00e+00	0.00e+00	0.00e+00	0.00e+00	0.00e+00	7.07e-96
 4.57865e+13	1.13e-27	7.13e-20	4.76e-13	4.36e-07	8.68e-01	1.32e-01	2.67e-05	0.00e+00	0.00e+00	0.00e+00	0.00e+00	0.00e+00	1.58e-81
 4.74904e+13	1.49e-27	8.88e-20	5.58e-13	4.76e-07	8.76e-01	1.24e-01	2.31e-05	0.00e+00	0.00e+00	0.00e+00	0.00e+00	0.00e+00	4.73e-95
 4.90304e+13	1.91e-27	1.07e-19	6.40e-13	5.14e-07	8.84e-01	1.16e-01	2.03e-05	0.00e+00	0.00e+00	0.00e+00	0.00e+00	0.00e+00	6.19e-81
 5.04680e+13	2.38e-27	1.28e-19	7.25e-13	5.51e-07	8.90e-01	1.10e-01	1.80e-05	0.00e+00	0.00e+00	0.00e+00	0.00e+00	0.00e+00	2.14e-94
 5.20530e+13	3.01e-27	1.53e-19	8.28e-13	5.93e-07	8.96e-01	1.04e-01	1.59e-05	0.00e+00	0.00e+00	0.00e+00	0.00e+00	0.00e+00	2.07e-80
 5.38374e+13	3.91e-27	1.88e-19	9.55e-13	6.41e-07	9.03e-01	9.74e-02	1.39e-05	0.00e+00	0.00e+00	0.00e+00	0.00e+00	0.00e+00	1.08e-93
 5.55445e+13	4.96e-27	2.26e-19	1.09e-12	6.90e-07	9.08e-01	9.17e-02	1.23e-05	0.00e+00	0.00e+00	0.00e+00	0.00e+00	0.00e+00	7.78e-80
 5.74270e+13	6.41e-27	2.75e-19	1.26e-12	7.45e-07	9.14e-01	8.60e-02	1.07e-05	0.00e+00	0.00e+00	0.00e+00	0.00e+00	0.00e+00	5.41e-93
 5.94812e+13	8.39e-27	3.39e-19	1.46e-12	8.07e-07	9.20e-01	8.04e-02	9.31e-06	0.00e+00	0.00e+00	0.00e+00	0.00e+00	0.00e+00	3.16e-79
 6.13474e+13	1.06e-26	4.07e-19	1.66e-12	8.65e-07	9.24e-01	7.57e-02	8.22e-06	0.00e+00	0.00e+00	0.00e+00	0.00e+00	0.00e+00	2.83e-92
 6.33624e+13	1.37e-26	4.94e-19	1.89e-12	9.30e-07	9.29e-01	7.11e-02	7.22e-06	0.00e+00	0.00e+00	0.00e+00	0.00e+00	0.00e+00	1.17e-78
 6.56326e+13	1.79e-26	6.09e-19	2.19e-12	1.01e-06	9.34e-01	6.65e-02	6.27e-06	0.00e+00	0.00e+00	0.00e+00	0.00e+00	0.00e+00	1.55e-91
 6.77929e+13	2.30e-26	7.38e-19	2.51e-12	1.08e-06	9.38e-01	6.24e-02	5.51e-06	0.00e+00	0.00e+00	0.00e+00	0.00e+00	0.00e+00	4.76e-78
 7.01597e+13	3.01e-26	9.04e-19	2.89e-12	1.16e-06	9.42e-01	5.84e-02	4.80e-06	0.00e+00	0.00e+00	0.00e+00	0.00e+00	0.00e+00	8.37e-91
 7.27729e+13	3.99e-26	1.12e-18	3.36e-12	1.26e-06	9.46e-01	5.44e-02	4.15e-06	0.00e+00	0.00e+00	0.00e+00	0.00e+00	0.00e+00	2.10e-77
 7.51969e+13	5.15e-26	1.36e-18	3.84e-12	1.35e-06	9.49e-01	5.10e-02	3.64e-06	0.00e+00	0.00e+00	0.00e+00	0.00e+00	0.00e+00	4.84e-90
 7.78387e+13	6.74e-26	1.68e-18	4.43e-12	1.46e-06	9.52e-01	4.77e-02	3.17e-06	0.00e+00	0.00e+00	0.00e+00	0.00e+00	0.00e+00	8.73e-77
 8.08093e+13	9.04e-26	2.09e-18	5.15e-12	1.58e-06	9.56e-01	4.44e-02	2.74e-06	0.00e+00	0.00e+00	0.00e+00	0.00e+00	0.00e+00	1.94e-76
 8.36416e+13	1.18e-25	2.57e-18	5.93e-12	1.69e-06	9.58e-01	4.15e-02	2.39e-06	0.00e+00	0.00e+00	0.00e+00	0.00e+00	0.00e+00	4.04e-76
 8.67114e+13	1.57e-25	3.19e-18	6.86e-12	1.83e-06	9.61e-01	3.87e-02	2.07e-06	0.00e+00	0.00e+00	0.00e+00	0.00e+00	0.00e+00	8.73e-76
 9.01126e+13	2.12e-25	4.01e-18	8.02e-12	1.98e-06	9.64e-01	3.59e-02	1.78e-06	0.00e+00	0.00e+00	0.00e+00	0.00e+00	0.00e+00	1.99e-75
 9.33706e+13	2.81e-25	4.95e-18	9.26e-12	2.13e-06	9.66e-01	3.35e-02	1.54e-06	0.00e+00	0.00e+00	0.00e+00	0.00e+00	0.00e+00	4.27e-75
 9.68560e+13	3.75e-25	6.16e-18	1.07e-11	2.30e-06	9.69e-01	3.12e-02	1.34e-06	0.00e+00	0.00e+00	0.00e+00	0.00e+00	0.00e+00	9.45e-75
 1.00760e+14	5.13e-25	7.80e-18	1.26e-11	2.49e-06	9.71e-01	2.89e-02	1.15e-06	0.00e+00	0.00e+00	0.00e+00	0.00e+00	0.00e+00	2.23e-74
 1.04671e+14	6.94e-25	9.80e-18	1.47e-11	2.69e-06	9.73e-01	2.69e-02	9.87e-07	0.00e+00	0.00e+00	0.00e+00	0.00e+00	0.00e+00	5.10e-74
 1.08739e+14	9.39e-25	1.23e-17	1.71e-11	2.91e-06	9.75e-01	2.50e-02	0.00e+00	0.00e+00	0.00e+00	0.00e+00	0.00e+00	0.00e+00	1.17e-73
 1.13118e+14	1.28e-24	1.56e-17	2.00e-11	3.15e-06	9.77e-01	2.31e-02	0.00e+00	0.00e+00	0.00e+00	0.00e+00	0.00e+00	0.00e+00	2.76e-73
 1.17673e+14	1.75e-24	1.97e-17	2.34e-11	3.41e-06	9.79e-01	2.14e-02	0.00e+00	0.00e+00	0.00e+00	0.00e+00	0.00e+00	0.00e+00	6.52e-73
 1.22410e+14	2.40e-24	2.49e-17	2.74e-11	3.70e-06	9.80e-01	1.99e-02	0.00e+00	0.00e+00	0.00e+00	0.00e+00	0.00e+00	0.00e+00	1.54e-72
 1.27005e+14	3.21e-24	3.11e-17	3.18e-11	3.98e-06	9.82e-01	1.85e-02	0.00e+00	0.00e+00	0.00e+00	0.00e+00	0.00e+00	0.00e+00	3.45e-72
 1.31343e+14	4.19e-24	3.80e-17	3.63e-11	4.26e-06	9.83e-01	1.73e-02	0.00e+00	0.00e+00	0.00e+00	0.00e+00	0.00e+00	0.00e+00	7.18e-72
 1.35439e+14	5.35e-24	4.56e-17	4.11e-11	4.53e-06	9.84e-01	1.63e-02	0.00e+00	0.00e+00	0.00e+00	0.00e+00	1.47e-17	3.09e-17	1.40e-71
 1.39901e+14	6.92e-24	5.53e-17	4.67e-11	4.83e-06	9.85e-01	1.53e-02	0.00e+00	0.00e+00	0.00e+00	0.00e+00	1.84e-17	3.70e-17	2.85e-71
 1.44873e+14	9.13e-24	6.81e-17	5.37e-11	5.18e-06	9.86e-01	1.43e-02	0.00e+00	0.00e+00	0.00e+00	0.00e+00	2.26e-17	4.55e-17	6.12e-71
 1.49564e+14	1.17e-23	8.21e-17	6.10e-11	5.52e-06	9.87e-01	1.34e-02	0.00e+00	0.00e+00	0.00e+00	0.00e+00	2.73e-17	5.49e-17	1.21e-70
 1.54719e+14	1.53e-23	1.00e-16	6.98e-11	5.90e-06	9.87e-01	1.26e-02	0.00e+00	0.00e+00	0.00e+00	0.00e+00	3.34e-17	6.71e-17	2.54e-70
 1.60521e+14	2.05e-23	1.25e-16	8.08e-11	6.35e-06	9.88e-01	1.17e-02	0.00e+00	0.00e+00	0.00e+00	0.00e+00	4.16e-17	8.37e-17	5.71e-70
 1.66065e+14	2.68e-23	1.53e-16	9.26e-11	6.80e-06	9.89e-01	1.09e-02	0.00e+00	0.00e+00	0.00e+00	0.00e+00	5.08e-17	1.02e-16	1.19e-69
 1.72110e+14	3.54e-23	1.89e-16	1.07e-10	7.31e-06	9.90e-01	1.02e-02	0.00e+00	0.00e+00	0.00e+00	0.00e+00	6.27e-17	1.26e-16	2.54e-69
 1.78856e+14	4.81e-23	2.38e-16	1.24e-10	7.89e-06	9.91e-01	9.46e-03	0.00e+00	0.00e+00	0.00e+00	0.00e+00	7.90e-17	1.59e-16	5.96e-69
 1.85406e+14	6.35e-23	2.93e-16	1.44e-10	8.49e-06	9.91e-01	8.80e-03	0.00e+00	0.00e+00	0.00e+00	0.00e+00	9.74e-17	1.96e-16	1.27e-68
 1.92388e+14	8.52e-23	3.66e-16	1.67e-10	9.14e-06	9.92e-01	8.18e-03	0.00e+00	0.00e+00	0.00e+00	0.00e+00	1.21e-16	2.45e-16	2.86e-68
 1.99475e+14	1.12e-22	4.52e-16	1.93e-10	9.84e-06	9.92e-01	7.61e-03	0.00e+00	0.00e+00	0.00e+00	0.00e+00	1.50e-16	3.02e-16	6.11e-68
 2.05730e+14	1.43e-22	5.43e-16	2.18e-10	1.05e-05	9.93e-01	7.16e-03	0.00e+00	0.00e+00	0.00e+00	0.00e+00	1.80e-16	3.63e-16	1.20e-67
 2.12527e+14	1.84e-22	6.56e-16	2.48e-10	1.12e-05	9.93e-01	6.71e-03	0.00e+00	0.00e+00	0.00e+00	0.00e+00	2.18e-16	4.38e-16	2.37e-67
 2.20711e+14	2.48e-22	8.22e-16	2.89e-10	1.21e-05	9.94e-01	6.22e-03	0.00e+00	0.00e+00	0.00e+00	0.00e+00	2.73e-16	5.49e-16	5.40e-67
 2.28828e+14	3.26e-22	1.01e-15	3.34e-10	1.30e-05	9.94e-01	5.78e-03	0.00e+00	0.00e+00	0.00e+00	0.00e+00	3.36e-16	6.77e-16	1.14e-66
 2.36071e+14	4.17e-22	1.22e-15	3.79e-10	1.38e-05	9.95e-01	5.44e-03	0.00e+00	0.00e+00	0.00e+00	0.00e+00	4.05e-16	8.16e-16	2.26e-66
 2.44048e+14	5.37e-22	1.48e-15	4.33e-10	1.48e-05	9.95e-01	5.08e-03	0.00e+00	0.00e+00	0.00e+00	0.00e+00	4.90e-16	9.87e-16	4.49e-66
 2.53542e+14	7.20e-22	1.85e-15	5.05e-10	1.60e-05	9.95e-01	4.70e-03	0.00e+00	0.00e+00	0.00e+00	0.00e+00	6.12e-16	1.23e-15	1.00e-65
 2.62931e+14	9.57e-22	2.29e-15	5.84e-10	1.72e-05	9.96e-01	4.38e-03	0.00e+00	0.00e+00	0.00e+00	0.00e+00	7.61e-16	1.53e-15	2.21e-65
 2.71510e+14	1.22e-21	2.76e-15	6.66e-10	1.84e-05	9.96e-01	4.10e-03	0.00e+00	0.00e+00	0.00e+00	0.00e+00	9.14e-16	1.84e-15	4.26e-65
 2.81117e+14	1.59e-21	3.38e-15	7.65e-10	1.97e-05	9.96e-01	3.82e-03	0.00e+00	0.00e+00	0.00e+00	0.00e+00	1.12e-15	2.26e-15	8.91e-65
 2.92293e+14	2.14e-21	4.23e-15	8.96e-10	2.14e-05	9.96e-01	3.53e-03	0.00e+00	0.00e+00	0.00e+00	0.00e+00	1.40e-15	2.83e-15	2.01e-64
 3.03230e+14	2.84e-21	5.24e-15	1.04e-09	2.30e-05	9.97e-01	3.28e-03	0.00e+00	0.00e+00	0.00e+00	0.00e+00	1.74e-15	3.51e-15	4.36e-64
 3.13530e+14	3.67e-21	6.39e-15	1.19e-09	2.46e-05	9.97e-01	3.07e-03	0.00e+00	0.00e+00	0.00e+00	0.00e+00	2.12e-15	4.27e-15	8.93e-64
 3.25025e+14	4.78e-21	7.83e-15	1.37e-09	2.65e-05	9.97e-01	2.85e-03	0.00e+00	0.00e+00	0.00e+00	0.00e+00	2.59e-15	5.23e-15	1.85e-63
 3.38056e+14	6.49e-21	9.88e-15	1.61e-09	2.87e-05	9.97e-01	2.63e-03	0.00e+00	0.00e+00	0.00e+00	0.00e+00	3.28e-15	6.61e-15	4.31e-63
 3.51070e+14	8.54e-21	1.22e-14	1.87e-09	3.10e-05	9.98e-01	2.44e-03	0.00e+00	0.00e+00	0.00e+00	0.00e+00	4.04e-15	8.15e-15	9.14e-63
 3.63202e+14	1.11e-20	1.49e-14	2.14e-09	3.32e-05	9.98e-01	2.28e-03	0.00e+00	0.00e+00	0.00e+00	0.00e+00	4.95e-15	9.98e-15	1.91e-62
 3.76358e+14	1.44e-20	1.82e-14	2.47e-09	3.58e-05	9.98e-01	2.12e-03	0.00e+00	0.00e+00	0.00e+00	0.00e+00	6.03e-15	1.22e-14	3.87e-62
 3.91103e+14	1.94e-20	2.28e-14	2.88e-09	3.86e-05	9.98e-01	1.96e-03	0.00e+00	0.00e+00	0.00e+00	0.00e+00	7.56e-15	1.53e-14	8.81e-62
 4.04871e+14	2.48e-20	2.76e-14	3.31e-09	4.15e-05	9.98e-01	1.82e-03	0.00e+00	0.00e+00	0.00e+00	0.00e+00	9.14e-15	1.85e-14	1.74e-61
 4.17588e+14	3.13e-20	3.29e-14	3.75e-09	4.42e-05	9.98e-01	1.71e-03	0.00e+00	0.00e+00	0.00e+00	0.00e+00	1.09e-14	2.20e-14	3.30e-61
 4.29776e+14	3.89e-20	3.90e-14	4.20e-09	4.68e-05	9.98e-01	1.62e-03	0.00e+00	0.00e+00	0.00e+00	0.00e+00	1.29e-14	2.61e-14	6.06e-61
 4.43320e+14	4.89e-20	4.65e-14	4.76e-09	4.98e-05	9.98e-01	1.52e-03	0.00e+00	0.00e+00	0.00e+00	0.00e+00	1.54e-14	3.11e-14	1.15e-60
 4.58304e+14	6.20e-20	5.58e-14	5.44e-09	5.33e-05	9.99e-01	1.42e-03	0.00e+00	0.00e+00	0.00e+00	0.00e+00	1.85e-14	3.73e-14	2.20e-60
 4.72226e+14	7.80e-20	6.66e-14	6.13e-09	5.67e-05	9.99e-01	1.33e-03	0.00e+00	0.00e+00	0.00e+00	0.00e+00	2.20e-14	4.45e-14	4.18e-60
 4.87390e+14	9.72e-20	7.90e-14	6.96e-09	6.05e-05	9.99e-01	1.25e-03	0.00e+00	0.00e+00	0.00e+00	0.00e+00	2.61e-14	5.28e-14	7.68e-60
 5.04416e+14	1.27e-19	9.67e-14	7.98e-09	6.48e-05	9.99e-01	1.17e-03	0.00e+00	0.00e+00	0.00e+00	0.00e+00	3.20e-14	6.47e-14	1.60e-59
 5.20714e+14	1.58e-19	1.15e-13	9.07e-09	6.92e-05	9.99e-01	1.09e-03	0.00e+00	0.00e+00	0.00e+00	0.00e+00	3.80e-14	7.69e-14	2.96e-59
 5.38753e+14	2.04e-19	1.40e-13	1.04e-08	7.41e-05	9.99e-01	1.02e-03	0.00e+00	0.00e+00	0.00e+00	0.00e+00	4.63e-14	9.37e-14	6.08e-59
 5.58643e+14	2.63e-19	1.70e-13	1.20e-08	7.98e-05	9.99e-01	9.46e-04	0.00e+00	0.00e+00	0.00e+00	0.00e+00	5.63e-14	1.14e-13	1.22e-58
 5.76891e+14	3.33e-19	2.04e-13	1.37e-08	8.52e-05	9.99e-01	8.86e-04	0.00e+00	0.00e+00	0.00e+00	0.00e+00	6.74e-14	1.37e-13	2.35e-58
 5.96565e+14	4.26e-19	2.48e-13	1.56e-08	9.12e-05	9.99e-01	8.27e-04	0.00e+00	0.00e+00	0.00e+00	0.00e+00	8.18e-14	1.66e-13	4.72e-58
 6.18623e+14	5.47e-19	3.01e-13	1.81e-08	9.83e-05	9.99e-01	7.67e-04	0.00e+00	0.00e+00	0.00e+00	0.00e+00	9.93e-14	2.01e-13	9.43e-58
 6.39402e+14	7.01e-19	3.64e-13	2.06e-08	1.05e-04	9.99e-01	7.18e-04	0.00e+00	0.00e+00	0.00e+00	0.00e+00	1.20e-13	2.44e-13	1.89e-57
 6.62036e+14	8.86e-19	4.38e-13	2.37e-08	1.13e-04	9.99e-01	6.67e-04	0.00e+00	0.00e+00	0.00e+00	0.00e+00	1.44e-13	2.93e-13	3.63e-57
 6.87106e+14	1.17e-18	5.41e-13	2.75e-08	1.22e-04	9.99e-01	6.19e-04	0.00e+00	0.00e+00	0.00e+00	0.00e+00	1.78e-13	3.62e-13	7.81e-57
 7.10453e+14	1.48e-18	6.53e-13	3.15e-08	1.30e-04	9.99e-01	5.77e-04	0.00e+00	0.00e+00	0.00e+00	0.00e+00	2.15e-13	4.38e-13	1.54e-56
 7.35915e+14	1.88e-18	7.87e-13	3.63e-08	1.40e-04	9.99e-01	5.37e-04	0.00e+00	0.00e+00	0.00e+00	0.00e+00	2.60e-13	5.28e-13	3.00e-56
 7.64367e+14	2.45e-18	9.68e-13	4.22e-08	1.52e-04	9.99e-01	4.96e-04	0.00e+00	0.00e+00	0.00e+00	0.00e+00	3.19e-13	6.49e-13	6.28e-56
 7.91201e+14	3.15e-18	1.18e-12	4.85e-08	1.63e-04	9.99e-01	4.62e-04	0.00e+00	0.00e+00	0.00e+00	0.00e+00	3.87e-13	7.88e-13	1.27e-55
 8.20070e+14	4.05e-18	1.44e-12	5.60e-08	1.75e-04	9.99e-01	4.28e-04	0.00e+00	0.00e+00	0.00e+00	0.00e+00	4.73e-13	9.63e-13	2.59e-55
 8.52903e+14	5.26e-18	1.76e-12	6.56e-08	1.90e-04	9.99e-01	3.94e-04	0.00e+00	0.00e+00	0.00e+00	0.00e+00	5.81e-13	1.18e-12	5.39e-55
 8.84917e+14	6.85e-18	2.17e-12	7.60e-08	2.05e-04	9.99e-01	3.65e-04	0.00e+00	0.00e+00	0.00e+00	0.00e+00	7.15e-13	1.46e-12	1.14e-54
 9.18212e+14	8.71e-18	2.63e-12	8.83e-08	2.22e-04	9.99e-01	3.37e-04	0.00e+00	0.00e+00	0.00e+00	0.00e+00	8.65e-13	1.76e-12	2.24e-54
 9.54970e+14	1.15e-17	3.27e-12	1.03e-07	2.41e-04	9.99e-01	3.10e-04	0.00e+00	0.00e+00	0.00e+00	0.00e+00	1.08e-12	2.19e-12	4.92e-54
 9.91743e+14	1.48e-17	4.00e-12	1.20e-07	2.61e-04	9.99e-01	2.86e-04	0.00e+00	0.00e+00	0.00e+00	0.00e+00	1.32e-12	2.69e-12	1.01e-53
 1.02225e+15	1.82e-17	4.71e-12	1.36e-07	2.78e-04	9.99e-01	2.68e-04	0.00e+00	0.00e+00	0.00e+00	0.00e+00	1.55e-12	3.16e-12	1.80e-53
 1.04597e+15	2.11e-17	5.32e-12	1.49e-07	2.92e-04	9.99e-01	2.56e-04	0.00e+00	0.00e+00	0.00e+00	0.00e+00	1.75e-12	3.57e-12	2.79e-53
 1.07185e+15	2.49e-17	6.07e-12	1.65e-07	3.08e-04	9.99e-01	2.42e-04	0.00e+00	0.00e+00	0.00e+00	0.00e+00	1.99e-12	4.07e-12	4.46e-53
 1.10549e+15	3.04e-17	7.12e-12	1.87e-07	3.29e-04	9.99e-01	2.27e-04	0.00e+00	0.00e+00	0.00e+00	0.00e+00	2.34e-12	4.78e-12	7.88e-53
 1.14184e+15	3.77e-17	8.47e-12	2.13e-07	3.53e-04	9.99e-01	2.11e-04	0.00e+00	0.00e+00	0.00e+00	0.00e+00	2.78e-12	5.69e-12	1.47e-52
 1.17450e+15	4.53e-17	9.85e-12	2.39e-07	3.75e-04	9.99e-01	1.99e-04	0.00e+00	3.79e-18	1.14e-17	1.90e-17	3.23e-12	6.61e-12	2.52e-52
 1.20972e+15	5.52e-17	1.15e-11	2.69e-07	4.00e-04	9.99e-01	1.86e-04	0.00e+00	4.61e-18	1.38e-17	2.31e-17	3.78e-12	7.73e-12	4.40e-52
 1.25423e+15	6.97e-17	1.39e-11	3.12e-07	4.33e-04	9.99e-01	1.72e-04	0.00e+00	5.83e-18	1.75e-17	2.92e-17	4.57e-12	9.34e-12	8.68e-52
 1.29917e+15	8.75e-17	1.68e-11	3.60e-07	4.69e-04	9.99e-01	1.59e-04	0.00e+00	7.32e-18	2.20e-17	3.67e-17	5.50e-12	1.13e-11	1.69e-51
 1.33710e+15	1.05e-16	1.94e-11	4.04e-07	4.99e-04	9.99e-01	1.49e-04	0.00e+00	8.80e-18	2.64e-17	4.41e-17	6.38e-12	1.31e-11	2.89e-51
 1.37759e+15	1.27e-16	2.27e-11	4.56e-07	5.32e-04	9.99e-01	1.40e-04	0.00e+00	1.06e-17	3.19e-17	5.34e-17	7.46e-12	1.53e-11	5.11e-51
 1.42850e+15	1.60e-16	2.75e-11	5.29e-07	5.78e-04	9.99e-01	1.29e-04	0.00e+00	1.35e-17	4.04e-17	6.75e-17	9.01e-12	1.85e-11	1.01e-50
 1.48113e+15	2.03e-16	3.33e-11	6.13e-07	6.27e-04	9.99e-01	1.19e-04	0.00e+00	1.70e-17	5.11e-17	8.54e-17	1.09e-11	2.24e-11	2.03e-50
 1.52745e+15	2.47e-16	3.91e-11	6.94e-07	6.71e-04	9.99e-01	1.11e-04	0.00e+00	2.07e-17	6.22e-17	1.04e-16	1.28e-11	2.63e-11	3.66e-50
 1.57739e+15	2.99e-16	4.60e-11	7.91e-07	7.21e-04	9.99e-01	1.03e-04	0.00e+00	2.51e-17	7.55e-17	1.26e-16	1.51e-11	3.09e-11	6.63e-50
 1.63775e+15	3.82e-16	5.60e-11	9.22e-07	7.85e-04	9.99e-01	9.49e-05	0.00e+00	3.22e-17	9.66e-17	1.61e-16	1.84e-11	3.76e-11	1.37e-49
 1.69757e+15	4.78e-16	6.75e-11	1.07e-06	8.52e-04	9.99e-01	8.74e-05	0.00e+00	4.03e-17	1.21e-16	2.02e-16	2.21e-11	4.53e-11	2.74e-49
 1.75056e+15	5.81e-16	7.93e-11	1.21e-06	9.12e-04	9.99e-01	8.17e-05	0.00e+00	4.90e-17	1.47e-16	2.46e-16	2.60e-11	5.33e-11	4.99e-49
 1.80874e+15	7.13e-16	9.38e-11	1.38e-06	9.82e-04	9.99e-01	7.58e-05	0.00e+00	6.02e-17	1.81e-16	3.02e-16	3.08e-11	6.31e-11	9.39e-49
 1.87848e+15	8.99e-16	1.14e-10	1.60e-06	1.07e-03	9.99e-01	6.96e-05	0.00e+00	7.61e-17	2.28e-16	3.82e-16	3.74e-11	7.66e-11	1.95e-48
 1.94795e+15	1.11e-15	1.37e-10	1.86e-06	1.16e-03	9.99e-01	6.42e-05	0.00e+00	9.42e-17	2.83e-16	4.73e-16	4.49e-11	9.19e-11	3.87e-48
 2.01146e+15	1.38e-15	1.63e-10	2.11e-06	1.25e-03	9.99e-01	5.97e-05	0.00e+00	1.17e-16	3.52e-16	5.88e-16	5.34e-11	1.09e-10	7.51e-48
 2.08249e+15	1.72e-15	1.95e-10	2.43e-06	1.35e-03	9.99e-01	5.52e-05	0.00e+00	1.46e-16	4.39e-16	7.33e-16	6.41e-11	1.31e-10	1.51e-47
 2.16510e+15	2.19e-15	2.39e-10	2.84e-06	1.47e-03	9.98e-01	5.05e-05	0.00e+00	1.86e-16	5.60e-16	9.35e-16	7.85e-11	1.61e-10	3.28e-47
 2.24612e+15	2.75e-15	2.89e-10	3.29e-06	1.60e-03	9.98e-01	4.65e-05	0.00e+00	2.35e-16	7.04e-16	1.18e-15	9.50e-11	1.94e-10	6.94e-47
 2.32264e+15	3.34e-15	3.42e-10	3.76e-06	1.73e-03	9.98e-01	4.32e-05	0.00e+00	2.85e-16	8.55e-16	1.43e-15	1.12e-10	2.30e-10	1.33e-46
 2.40784e+15	4.29e-15	4.18e-10	4.35e-06	1.87e-03	9.98e-01	3.98e-05	0.00e+00	3.66e-16	1.10e-15	1.84e-15	1.37e-10	2.81e-10	2.94e-46
 2.48851e+15	5.27e-15	4.97e-10	4.96e-06	2.02e-03	9.98e-01	3.69e-05	0.00e+00	4.50e-16	1.35e-15	2.26e-15	1.63e-10	3.33e-10	5.81e-46
 2.54853e+15	6.12e-15	5.63e-10	5.46e-06	2.13e-03	9.98e-01	3.50e-05	0.00e+00	5.24e-16	1.57e-15	2.62e-15	1.85e-10	3.78e-10	9.56e-46
 2.60967e+15	7.11e-15	6.39e-10	6.00e-06	2.25e-03	9.98e-01	3.32e-05	0.00e+00	6.09e-16	1.83e-15	3.05e-15	2.10e-10	4.29e-10	1.57e-45
 2.68914e+15	8.41e-15	7.41e-10	6.76e-06	2.40e-03	9.98e-01	3.11e-05	0.00e+00	7.21e-16	2.16e-15	3.61e-15	2.44e-10	4.97e-10	2.82e-45
 2.77558e+15	1.05e-14	8.87e-10	7.68e-06	2.58e-03	9.97e-01	2.89e-05	0.00e+00	9.02e-16	2.71e-15	4.52e-15	2.92e-10	5.95e-10	5.82e-45
 2.85351e+15	1.25e-14	1.03e-09	8.57e-06	2.74e-03	9.97e-01	2.72e-05	0.00e+00	1.07e-15	3.22e-15	5.38e-15	3.38e-10	6.89e-10	1.04e-44
 2.93725e+15	1.48e-14	1.19e-09	9.62e-06	2.93e-03	9.97e-01	2.55e-05	0.00e+00	1.27e-15	3.81e-15	6.37e-15	3.91e-10	7.97e-10	1.85e-44
 3.04430e+15	1.90e-14	1.46e-09	1.11e-05	3.18e-03	9.97e-01	2.36e-05	0.00e+00	1.64e-15	4.92e-15	8.21e-15	4.80e-10	9.77e-10	4.20e-44
 3.15251e+15	2.37e-14	1.76e-09	1.28e-05	3.43e-03	9.97e-01	2.18e-05	0.00e+00	2.05e-15	6.14e-15	1.03e-14	5.79e-10	1.18e-09	8.88e-44
 3.24272e+15	2.84e-14	2.05e-09	1.43e-05	3.66e-03	9.96e-01	2.05e-05	0.00e+00	2.45e-15	7.36e-15	1.23e-14	6.75e-10	1.37e-09	1.63e-43
 3.33865e+15	3.41e-14	2.39e-09	1.60e-05	3.90e-03	9.96e-01	1.93e-05	0.00e+00	2.95e-15	8.84e-15	1.48e-14	7.88e-10	1.60e-09	3.01e-43
 3.46074e+15	4.28e-14	2.91e-09	1.85e-05	4.23e-03	9.96e-01	1.78e-05	0.00e+00	3.71e-15	1.11e-14	1.86e-14	9.58e-10	1.95e-09	6.52e-43
 3.58947e+15	5.47e-14	3.56e-09	2.14e-05	4.59e-03	9.95e-01	1.65e-05	0.00e+00	4.74e-15	1.42e-14	2.37e-14	1.17e-09	2.39e-09	1.48e-42
 3.70455e+15	6.71e-14	4.24e-09	2.43e-05	4.92e-03	9.95e-01	1.54e-05	0.00e+00	5.82e-15	1.75e-14	2.91e-14	1.40e-09	2.84e-09	2.92e-42
 3.82928e+15	8.11e-14	5.01e-09	2.77e-05	5.29e-03	9.95e-01	1.44e-05	0.00e+00	7.04e-15	2.11e-14	3.53e-14	1.65e-09	3.36e-09	5.58e-42
 3.97780e+15	1.07e-13	6.29e-09	3.22e-05	5.76e-03	9.94e-01	1.33e-05	0.00e+00	9.27e-15	2.78e-14	4.64e-14	2.07e-09	4.21e-09	1.36e-41
 4.12429e+15	1.31e-13	7.55e-09	3.72e-05	6.24e-03	9.94e-01	1.23e-05	0.00e+00	1.14e-14	3.42e-14	5.71e-14	2.49e-09	5.06e-09	2.75e-41
 4.25716e+15	1.61e-13	9.03e-09	4.22e-05	6.70e-03	9.93e-01	1.15e-05	0.00e+00	1.40e-14	4.21e-14	7.02e-14	2.98e-09	6.05e-09	5.49e-41
 4.40523e+15	2.01e-13	1.09e-08	4.84e-05	7.22e-03	9.93e-01	1.07e-05	0.00e+00	1.75e-14	5.26e-14	8.77e-14	3.60e-09	7.31e-09	1.11e-40
 4.57872e+15	2.66e-13	1.38e-08	5.65e-05	7.87e-03	9.92e-01	9.95e-06	0.00e+00	2.32e-14	6.96e-14	1.16e-13	4.56e-09	9.24e-09	2.76e-40
 4.74983e+15	3.37e-13	1.70e-08	6.55e-05	8.53e-03	9.91e-01	9.26e-06	0.00e+00	2.95e-14	8.84e-14	1.48e-13	5.61e-09	1.14e-08	6.00e-40
 4.91064e+15	4.19e-13	2.05e-08	7.48e-05	9.18e-03	9.91e-01	8.68e-06	0.00e+00	3.67e-14	1.10e-13	1.84e-13	6.78e-09	1.37e-08	1.23e-39
 5.08995e+15	5.28e-13	2.51e-08	8.64e-05	9.93e-03	9.90e-01	8.10e-06	0.00e+00	4.63e-14	1.39e-13	2.32e-13	8.28e-09	1.68e-08	2.60e-39
 5.29358e+15	6.90e-13	3.15e-08	1.01e-04	1.08e-02	9.89e-01	7.53e-06	0.00e+00	6.05e-14	1.82e-13	3.03e-13	1.04e-08	2.11e-08	6.15e-39
 5.46390e+15	8.49e-13	3.78e-08	1.15e-04	1.16e-02	9.88e-01	7.11e-06	0.00e+00	7.46e-14	2.24e-13	3.73e-13	1.25e-08	2.53e-08	1.20e-38
 5.58564e+15	9.80e-13	4.29e-08	1.26e-04	1.22e-02	9.88e-01	6.84e-06	0.00e+00	8.62e-14	2.59e-13	4.31e-13	1.42e-08	2.87e-08	1.91e-38
 5.71266e+15	1.14e-12	4.88e-08	1.37e-04	1.28e-02	9.87e-01	6.57e-06	0.00e+00	1.00e-13	3.01e-13	5.02e-13	1.62e-08	3.27e-08	3.08e-38
 5.87778e+15	1.35e-12	5.67e-08	1.54e-04	1.36e-02	9.86e-01	6.25e-06	0.00e+00	1.19e-13	3.57e-13	5.96e-13	1.88e-08	3.79e-08	5.26e-38
 6.06209e+15	1.68e-12	6.88e-08	1.75e-04	1.46e-02	9.85e-01	5.93e-06	0.00e+00	1.48e-13	4.45e-13	7.43e-13	2.28e-08	4.60e-08	1.06e-37
 6.23409e+15	2.03e-12	8.10e-08	1.96e-04	1.55e-02	9.84e-01	5.67e-06	0.00e+00	1.79e-13	5.38e-13	8.98e-13	2.68e-08	5.42e-08	1.90e-37
 6.42045e+15	2.44e-12	9.47e-08	2.21e-04	1.65e-02	9.83e-01	5.41e-06	0.00e+00	2.15e-13	6.47e-13	1.08e-12	3.14e-08	6.34e-08	3.26e-37
 6.63009e+15	3.08e-12	1.16e-07	2.52e-04	1.77e-02	9.82e-01	5.14e-06	0.00e+00	2.72e-13	8.17e-13	1.36e-12	3.85e-08	7.77e-08	6.71e-37
 6.82816e+15	3.75e-12	1.38e-07	2.84e-04	1.89e-02	9.81e-01	4.92e-06	0.00e+00	3.32e-13	9.96e-13	1.66e-12	4.57e-08	9.24e-08	1.23e-36
 7.04381e+15	4.57e-12	1.63e-07	3.22e-04	2.02e-02	9.79e-01	4.70e-06	0.00e+00	4.04e-13	1.21e-12	2.02e-12	5.40e-08	1.09e-07	2.17e-36
 7.28604e+15	5.86e-12	2.03e-07	3.70e-04	2.18e-02	9.78e-01	4.49e-06	0.00e+00	5.19e-13	1.56e-12	2.60e-12	6.72e-08	1.36e-07	4.66e-36
 7.51511e+15	7.17e-12	2.42e-07	4.20e-04	2.33e-02	9.76e-01	4.30e-06	0.00e+00	6.35e-13	1.90e-12	3.18e-12	8.03e-08	1.62e-07	8.51e-36
 7.76516e+15	8.88e-12	2.91e-07	4.81e-04	2.50e-02	9.75e-01	4.12e-06	0.00e+00	7.87e-13	2.36e-12	3.94e-12	9.63e-08	1.94e-07	1.57e-35
 8.03917e+15	1.12e-11	3.57e-07	5.56e-04	2.70e-02	9.72e-01	3.94e-06	0.00e+00	9.96e-13	2.99e-12	4.99e-12	1.18e-07	2.39e-07	3.11e-35
 8.29101e+15	1.42e-11	4.38e-07	6.33e-04	2.89e-02	9.70e-01	3.81e-06	0.00e+00	1.26e-12	3.78e-12	6.30e-12	1.45e-07	2.93e-07	6.33e-35
 8.56509e+15	1.78e-11	5.34e-07	7.26e-04	3.11e-02	9.68e-01	3.67e-06	0.00e+00	1.58e-12	4.75e-12	7.92e-12	1.77e-07	3.57e-07	1.22e-34
 8.86688e+15	2.25e-11	6.55e-07	8.39e-04	3.35e-02	9.66e-01	3.54e-06	0.00e+00	2.00e-12	6.01e-12	1.00e-11	2.17e-07	4.38e-07	2.34e-34
 9.14769e+15	2.78e-11	7.82e-07	9.57e-04	3.59e-02	9.63e-01	3.43e-06	0.00e+00	2.47e-12	7.42e-12	1.24e-11	2.59e-07	5.23e-07	4.13e-34
 9.45574e+15	3.58e-11	9.78e-07	1.10e-03	3.88e-02	9.60e-01	3.33e-06	0.00e+00	3.19e-12	9.58e-12	1.60e-11	3.24e-07	6.53e-07	8.63e-34
 9.79280e+15	4.56e-11	1.21e-06	1.28e-03	4.19e-02	9.57e-01	3.22e-06	0.00e+00	4.06e-12	1.22e-11	2.03e-11	4.00e-07	8.06e-07	1.66e-33
 1.00940e+16	5.62e-11	1.44e-06	1.46e-03	4.49e-02	9.54e-01	3.14e-06	0.00e+00	5.02e-12	1.50e-11	2.51e-11	4.76e-07	9.59e-07	2.83e-33
 1.03703e+16	6.82e-11	1.70e-06	1.65e-03	4.77e-02	9.51e-01	3.07e-06	0.00e+00	6.09e-12	1.83e-11	3.05e-11	5.64e-07	1.14e-06	4.80e-33
 1.06876e+16	8.52e-11	2.05e-06	1.88e-03	5.12e-02	9.47e-01	2.99e-06	0.00e+00	7.61e-12	2.28e-11	3.81e-11	6.81e-07	1.37e-06	8.60e-33
 1.10434e+16	1.10e-10	2.58e-06	2.18e-03	5.53e-02	9.42e-01	2.94e-06	0.00e+00	9.88e-12	2.96e-11	4.94e-11	8.57e-07	1.72e-06	1.77e-32
 1.13751e+16	1.37e-10	3.12e-06	2.49e-03	5.93e-02	9.38e-01	2.88e-06	0.00e+00	1.23e-11	3.68e-11	6.14e-11	1.03e-06	2.08e-06	3.09e-32
 1.16594e+16	1.65e-10	3.65e-06	2.79e-03	6.29e-02	9.34e-01	2.84e-06	0.00e+00	1.48e-11	4.43e-11	7.39e-11	1.21e-06	2.44e-06	4.97e-32
 1.19563e+16	2.01e-10	4.31e-06	3.13e-03	6.68e-02	9.30e-01	2.80e-06	0.00e+00	1.80e-11	5.40e-11	9.01e-11	1.43e-06	2.88e-06	8.18e-32
 1.22828e+16	2.46e-10	5.06e-06	3.55e-03	7.12e-02	9.25e-01	2.75e-06	0.00e+00	2.20e-11	6.61e-11	1.10e-10	1.68e-06	3.38e-06	1.27e-31
 1.26479e+16	3.16e-10	6.29e-06	4.09e-03	7.68e-02	9.19e-01	2.72e-06	0.00e+00	2.84e-11	8.51e-11	1.42e-10	2.09e-06	4.20e-06	2.50e-31
 1.30067e+16	3.88e-10	7.53e-06	4.67e-03	8.22e-02	9.13e-01	2.68e-06	0.00e+00	3.49e-11	1.05e-10	1.74e-10	2.50e-06	5.03e-06	4.04e-31
 1.32975e+16	4.63e-10	8.67e-06	5.21e-03	8.69e-02	9.08e-01	2.65e-06	0.00e+00	4.16e-11	1.25e-10	2.08e-10	2.88e-06	5.79e-06	6.02e-31
 1.36158e+16	5.62e-10	1.02e-05	5.87e-03	9.24e-02	9.02e-01	2.62e-06	0.00e+00	5.06e-11	1.52e-10	2.53e-10	3.39e-06	6.82e-06	9.56e-31
 1.40296e+16	7.43e-10	1.30e-05	6.87e-03	1.00e-01	8.93e-01	2.60e-06	0.00e+00	6.70e-11	2.01e-10	3.35e-10	4.32e-06	8.67e-06	1.97e-30
 1.44327e+16	9.39e-10	1.58e-05	7.94e-03	1.08e-01	8.84e-01	2.57e-06	0.00e+00	8.46e-11	2.54e-10	4.23e-10	5.24e-06	1.05e-05	3.25e-30
 1.47392e+16	1.12e-09	1.82e-05	8.87e-03	1.14e-01	8.77e-01	2.56e-06	0.00e+00	1.01e-10	3.04e-10	5.07e-10	6.05e-06	1.22e-05	4.77e-30
 1.50551e+16	1.36e-09	2.14e-05	9.99e-03	1.21e-01	8.69e-01	2.54e-06	0.00e+00	1.23e-10	3.69e-10	6.15e-10	7.11e-06	1.43e-05	7.40e-30
 1.54658e+16	1.82e-09	2.72e-05	1.17e-02	1.32e-01	8.57e-01	2.54e-06	0.00e+00	1.64e-10	4.92e-10	8.21e-10	9.04e-06	1.82e-05	1.51e-29
 1.58773e+16	2.29e-09	3.26e-05	1.36e-02	1.42e-01	8.45e-01	2.52e-06	0.00e+00	2.07e-10	6.21e-10	1.04e-09	1.08e-05	2.17e-05	2.32e-29
 1.61961e+16	2.83e-09	3.94e-05	1.53e-02	1.51e-01	8.34e-01	2.53e-06	0.00e+00	2.57e-10	7.69e-10	1.28e-09	1.31e-05	2.63e-05	4.04e-29
 1.64687e+16	3.35e-09	4.54e-05	1.70e-02	1.59e-01	8.24e-01	2.53e-06	0.00e+00	3.04e-10	9.12e-10	1.52e-09	1.51e-05	3.03e-05	5.88e-29
 1.67751e+16	4.11e-09	5.33e-05	1.92e-02	1.69e-01	8.12e-01	2.53e-06	0.00e+00	3.73e-10	1.12e-09	1.86e-09	1.77e-05	3.56e-05	8.95e-29
 1.71206e+16	5.22e-09	6.48e-05	2.20e-02	1.80e-01	7.97e-01	2.55e-06	0.00e+00	4.74e-10	1.42e-09	2.37e-09	2.16e-05	4.33e-05	1.55e-28
 1.74403e+16	6.33e-09	7.50e-05	2.49e-02	1.92e-01	7.83e-01	2.54e-06	0.00e+00	5.75e-10	1.72e-09	2.87e-09	2.50e-05	5.01e-05	2.18e-28
 1.77291e+16	7.83e-09	9.06e-05	2.81e-02	2.03e-01	7.68e-01	2.56e-06	0.00e+00	7.12e-10	2.14e-09	3.56e-09	3.02e-05	6.04e-05	3.79e-28
 1.80055e+16	9.51e-09	1.06e-04	3.15e-02	2.15e-01	7.54e-01	2.59e-06	0.00e+00	8.66e-10	2.60e-09	4.33e-09	3.53e-05	7.08e-05	5.77e-28
 1.83157e+16	1.18e-08	1.24e-04	3.58e-02	2.29e-01	7.35e-01	2.58e-06	0.00e+00	1.07e-09	3.22e-09	5.37e-09	4.12e-05	8.26e-05	8.45e-28
 1.86482e+16	1.52e-08	1.54e-04	4.15e-02	2.45e-01	7.13e-01	2.63e-06	0.00e+00	1.38e-09	4.15e-09	6.92e-09	5.14e-05	1.03e-04	1.57e-27
 1.89260e+16	1.89e-08	1.85e-04	4.70e-02	2.60e-01	6.93e-01	2.68e-06	6.68e-12	1.73e-09	5.18e-09	8.63e-09	6.15e-05	1.23e-04	2.60e-27
 1.91563e+16	2.28e-08	2.14e-04	5.23e-02	2.73e-01	6.75e-01	2.72e-06	0.00e+00	2.08e-09	6.24e-09	1.04e-08	7.12e-05	1.43e-04	3.90e-27
 1.93701e+16	2.72e-08	2.46e-04	5.78e-02	2.85e-01	6.57e-01	2.76e-06	7.56e-12	2.48e-09	7.44e-09	1.24e-08	8.19e-05	1.64e-04	5.74e-27
 1.96094e+16	3.33e-08	2.87e-04	6.49e-02	3.01e-01	6.34e-01	2.80e-06	0.00e+00	3.05e-09	9.14e-09	1.52e-08	9.57e-05	1.92e-04	8.70e-27
 1.98748e+16	4.25e-08	3.50e-04	7.41e-02	3.19e-01	6.06e-01	2.86e-06	8.97e-12	3.89e-09	1.17e-08	1.94e-08	1.16e-04	2.33e-04	1.57e-26
