#depth	C	C+	C+2	C+3	C+4	C+5	C+6	C[1]	C[2]	C[3]	C+[1]	C+[2]	CO
 1.49634e+10	0.00e+00	0.00e+00	5.75e-28	3.20e-18	6.65e-08	5.55e-03	9.94e-01	0.00e+00	0.00e+00	0.00e+00	0.00e+00	0.00e+00	0.00e+00
 4.54887e+10	0.00e+00	5.91e-38	7.86e-28	4.05e-18	7.77e-08	6.02e-03	9.94e-01	0.00e+00	0.00e+00	0.00e+00	0.00e+00	0.00e+00	0.00e+00
 7.72350e+10	0.00e+00	0.00e+00	1.08e-27	5.15e-18	9.14e-08	6.53e-03	9.93e-01	0.00e+00	0.00e+00	0.00e+00	0.00e+00	0.00e+00	5.51e-211
 1.10251e+11	0.00e+00	1.31e-37	1.49e-27	6.55e-18	1.07e-07	7.07e-03	9.93e-01	0.00e+00	0.00e+00	0.00e+00	0.00e+00	0.00e+00	1.67e-215
 1.44588e+11	0.00e+00	0.00e+00	2.05e-27	8.34e-18	1.26e-07	7.66e-03	9.92e-01	0.00e+00	0.00e+00	0.00e+00	0.00e+00	0.00e+00	2.56e-209
 1.76040e+11	0.00e+00	2.78e-37	2.72e-27	1.03e-17	1.46e-07	8.23e-03	9.92e-01	0.00e+00	0.00e+00	0.00e+00	0.00e+00	0.00e+00	1.05e-226
 2.02763e+11	0.00e+00	0.00e+00	3.44e-27	1.23e-17	1.64e-07	8.72e-03	9.91e-01	0.00e+00	0.00e+00	0.00e+00	0.00e+00	0.00e+00	2.37e-237
 2.32147e+11	0.00e+00	5.09e-37	4.43e-27	1.49e-17	1.87e-07	9.28e-03	9.91e-01	0.00e+00	0.00e+00	0.00e+00	0.00e+00	0.00e+00	1.06e-213
 2.68694e+11	0.00e+00	0.00e+00	5.98e-27	1.86e-17	2.17e-07	1.00e-02	9.90e-01	0.00e+00	0.00e+00	0.00e+00	0.00e+00	0.00e+00	5.74e-282
 3.06317e+11	0.00e+00	1.07e-36	8.04e-27	2.33e-17	2.52e-07	1.08e-02	9.89e-01	0.00e+00	0.00e+00	0.00e+00	0.00e+00	0.00e+00	1.09e-212
 3.39706e+11	0.00e+00	0.00e+00	1.04e-26	2.83e-17	2.87e-07	1.15e-02	9.89e-01	0.00e+00	0.00e+00	0.00e+00	0.00e+00	0.00e+00	1.52e-210
 3.75826e+11	0.00e+00	2.08e-36	1.37e-26	3.47e-17	3.30e-07	1.23e-02	9.88e-01	0.00e+00	0.00e+00	0.00e+00	0.00e+00	0.00e+00	0.00e+00
 4.19130e+11	4.64e-47	3.06e-36	1.86e-26	4.39e-17	3.87e-07	1.33e-02	9.87e-01	0.00e+00	0.00e+00	0.00e+00	0.00e+00	0.00e+00	6.52e-143
 4.61991e+11	0.00e+00	0.00e+00	2.51e-26	5.49e-17	4.49e-07	1.43e-02	9.86e-01	0.00e+00	0.00e+00	0.00e+00	0.00e+00	0.00e+00	9.40e-201
 5.00994e+11	0.00e+00	6.16e-36	3.27e-26	6.70e-17	5.14e-07	1.52e-02	9.85e-01	0.00e+00	0.00e+00	0.00e+00	0.00e+00	0.00e+00	2.05e-162
 5.44763e+11	1.66e-46	8.84e-36	4.37e-26	8.33e-17	5.96e-07	1.63e-02	9.84e-01	0.00e+00	0.00e+00	0.00e+00	0.00e+00	0.00e+00	7.08e-209
 5.95856e+11	0.00e+00	0.00e+00	6.04e-26	1.06e-16	7.02e-07	1.77e-02	9.82e-01	0.00e+00	0.00e+00	0.00e+00	0.00e+00	0.00e+00	8.58e-224
 6.45479e+11	0.00e+00	1.93e-35	8.18e-26	1.33e-16	8.18e-07	1.90e-02	9.81e-01	0.00e+00	0.00e+00	0.00e+00	0.00e+00	0.00e+00	0.00e+00
 6.91151e+11	6.34e-46	2.71e-35	1.07e-25	1.64e-16	9.39e-07	2.03e-02	9.80e-01	0.00e+00	0.00e+00	0.00e+00	0.00e+00	0.00e+00	4.08e-140
 7.42677e+11	0.00e+00	0.00e+00	1.45e-25	2.06e-16	1.10e-06	2.19e-02	9.78e-01	0.00e+00	0.00e+00	0.00e+00	0.00e+00	0.00e+00	4.76e-199
 8.00849e+11	0.00e+00	5.89e-35	2.00e-25	2.62e-16	1.29e-06	2.36e-02	9.76e-01	0.00e+00	0.00e+00	0.00e+00	0.00e+00	0.00e+00	3.75e-159
 8.56412e+11	2.54e-45	8.61e-35	2.71e-25	3.29e-16	1.50e-06	2.54e-02	9.75e-01	0.00e+00	0.00e+00	0.00e+00	0.00e+00	0.00e+00	0.00e+00
 9.15548e+11	0.00e+00	1.26e-34	3.69e-25	4.14e-16	1.76e-06	2.73e-02	9.73e-01	0.00e+00	0.00e+00	0.00e+00	0.00e+00	0.00e+00	4.66e-158
 9.82097e+11	6.65e-45	1.92e-34	5.18e-25	5.34e-16	2.09e-06	2.96e-02	9.70e-01	0.00e+00	0.00e+00	0.00e+00	0.00e+00	0.00e+00	0.00e+00
 1.04773e+12	0.00e+00	2.87e-34	7.15e-25	6.81e-16	2.46e-06	3.20e-02	9.68e-01	0.00e+00	0.00e+00	0.00e+00	0.00e+00	0.00e+00	7.08e-157
 1.11093e+12	1.68e-44	4.18e-34	9.66e-25	8.54e-16	2.86e-06	3.44e-02	9.66e-01	0.00e+00	0.00e+00	0.00e+00	0.00e+00	0.00e+00	0.00e+00
 1.18023e+12	0.00e+00	6.23e-34	1.33e-24	1.09e-15	3.37e-06	3.71e-02	9.63e-01	0.00e+00	0.00e+00	0.00e+00	0.00e+00	0.00e+00	9.03e-156
 1.25737e+12	4.55e-44	9.57e-34	1.88e-24	1.41e-15	4.01e-06	4.02e-02	9.60e-01	0.00e+00	0.00e+00	0.00e+00	0.00e+00	0.00e+00	0.00e+00
 1.33573e+12	0.00e+00	1.46e-33	2.64e-24	1.81e-15	4.76e-06	4.35e-02	9.56e-01	0.00e+00	0.00e+00	0.00e+00	0.00e+00	0.00e+00	1.48e-154
 1.41722e+12	1.26e-43	2.23e-33	3.71e-24	2.35e-15	5.67e-06	4.71e-02	9.53e-01	0.00e+00	0.00e+00	0.00e+00	0.00e+00	0.00e+00	0.00e+00
 1.49391e+12	0.00e+00	3.28e-33	5.05e-24	2.95e-15	6.62e-06	5.06e-02	9.49e-01	0.00e+00	0.00e+00	0.00e+00	0.00e+00	0.00e+00	2.09e-153
 1.56068e+12	2.96e-43	4.56e-33	6.58e-24	3.60e-15	7.57e-06	5.38e-02	9.46e-01	0.00e+00	0.00e+00	0.00e+00	0.00e+00	0.00e+00	0.00e+00
 1.63553e+12	0.00e+00	6.54e-33	8.79e-24	4.47e-15	8.76e-06	5.75e-02	9.42e-01	0.00e+00	0.00e+00	0.00e+00	0.00e+00	0.00e+00	1.97e-152
 1.72636e+12	7.55e-43	9.94e-33	1.23e-23	5.76e-15	1.04e-05	6.22e-02	9.38e-01	0.00e+00	0.00e+00	0.00e+00	0.00e+00	0.00e+00	0.00e+00
 1.82002e+12	0.00e+00	1.51e-32	1.72e-23	7.40e-15	1.23e-05	6.72e-02	9.33e-01	0.00e+00	0.00e+00	0.00e+00	0.00e+00	0.00e+00	3.04e-151
 1.90118e+12	1.90e-42	2.15e-32	2.28e-23	9.14e-15	1.42e-05	7.16e-02	9.28e-01	0.00e+00	0.00e+00	0.00e+00	0.00e+00	0.00e+00	1.16e-198
 1.97200e+12	0.00e+00	2.90e-32	2.91e-23	1.10e-14	1.60e-05	7.56e-02	9.24e-01	0.00e+00	0.00e+00	0.00e+00	0.00e+00	0.00e+00	2.52e-150
 2.05206e+12	4.08e-42	4.05e-32	3.80e-23	1.34e-14	1.83e-05	8.03e-02	9.20e-01	0.00e+00	0.00e+00	0.00e+00	0.00e+00	0.00e+00	0.00e+00
 2.15422e+12	0.00e+00	6.09e-32	5.28e-23	1.71e-14	2.16e-05	8.65e-02	9.13e-01	0.00e+00	0.00e+00	0.00e+00	0.00e+00	0.00e+00	2.79e-149
 2.25928e+12	1.09e-41	9.15e-32	7.32e-23	2.18e-14	2.54e-05	9.31e-02	9.07e-01	0.00e+00	0.00e+00	0.00e+00	0.00e+00	0.00e+00	4.74e-222
 2.34865e+12	0.00e+00	1.28e-31	9.58e-23	2.67e-14	2.91e-05	9.88e-02	9.01e-01	0.00e+00	0.00e+00	0.00e+00	0.00e+00	0.00e+00	3.10e-148
 2.44346e+12	2.48e-41	1.82e-31	1.27e-22	3.29e-14	3.35e-05	1.05e-01	8.95e-01	0.00e+00	0.00e+00	0.00e+00	0.00e+00	0.00e+00	0.00e+00
 2.56195e+12	0.00e+00	2.76e-31	1.78e-22	4.23e-14	3.96e-05	1.13e-01	8.87e-01	0.00e+00	0.00e+00	0.00e+00	0.00e+00	0.00e+00	3.72e-147
 2.68249e+12	6.71e-41	4.17e-31	2.47e-22	5.41e-14	4.66e-05	1.22e-01	8.78e-01	0.00e+00	0.00e+00	0.00e+00	0.00e+00	0.00e+00	0.00e+00
 2.78707e+12	0.00e+00	5.90e-31	3.27e-22	6.66e-14	5.36e-05	1.29e-01	8.71e-01	0.00e+00	0.00e+00	0.00e+00	0.00e+00	0.00e+00	4.35e-146
 2.89966e+12	1.58e-40	8.47e-31	4.37e-22	8.26e-14	6.18e-05	1.38e-01	8.62e-01	0.00e+00	0.00e+00	0.00e+00	0.00e+00	0.00e+00	2.19e-219
 3.03752e+12	0.00e+00	1.30e-30	6.16e-22	1.07e-13	7.33e-05	1.48e-01	8.52e-01	0.00e+00	0.00e+00	0.00e+00	0.00e+00	0.00e+00	5.59e-145
 3.17702e+12	4.37e-40	1.98e-30	8.61e-22	1.37e-13	8.64e-05	1.59e-01	8.41e-01	0.00e+00	0.00e+00	0.00e+00	0.00e+00	0.00e+00	8.27e-219
 3.30210e+12	0.00e+00	2.84e-30	1.15e-21	1.70e-13	9.96e-05	1.69e-01	8.31e-01	0.00e+00	0.00e+00	0.00e+00	0.00e+00	0.00e+00	6.98e-144
 3.43969e+12	1.08e-39	4.17e-30	1.57e-21	2.13e-13	1.16e-04	1.80e-01	8.20e-01	0.00e+00	0.00e+00	0.00e+00	0.00e+00	0.00e+00	0.00e+00
 3.60276e+12	0.00e+00	6.48e-30	2.23e-21	2.77e-13	1.38e-04	1.94e-01	8.06e-01	0.00e+00	0.00e+00	0.00e+00	0.00e+00	0.00e+00	1.01e-142
 3.76638e+12	3.05e-39	9.91e-30	3.13e-21	3.56e-13	1.62e-04	2.07e-01	7.92e-01	0.00e+00	0.00e+00	0.00e+00	0.00e+00	0.00e+00	0.00e+00
 3.92117e+12	0.00e+00	1.46e-29	4.27e-21	4.48e-13	1.88e-04	2.21e-01	7.79e-01	0.00e+00	0.00e+00	0.00e+00	0.00e+00	0.00e+00	1.40e-141
 4.06860e+12	7.47e-39	2.08e-29	5.68e-21	5.53e-13	2.16e-04	2.34e-01	7.66e-01	0.00e+00	0.00e+00	0.00e+00	0.00e+00	0.00e+00	5.00e-202
 4.23182e+12	0.00e+00	3.05e-29	7.71e-21	6.92e-13	2.50e-04	2.48e-01	7.52e-01	0.00e+00	0.00e+00	0.00e+00	0.00e+00	0.00e+00	1.53e-140
 4.41191e+12	1.93e-38	4.57e-29	1.07e-20	8.79e-13	2.92e-04	2.64e-01	7.36e-01	0.00e+00	0.00e+00	0.00e+00	0.00e+00	0.00e+00	3.55e-241
 4.57497e+12	0.00e+00	6.52e-29	1.41e-20	1.08e-12	3.34e-04	2.78e-01	7.21e-01	0.00e+00	0.00e+00	0.00e+00	0.00e+00	0.00e+00	1.80e-139
 4.71586e+12	4.23e-38	8.76e-29	1.79e-20	1.29e-12	3.74e-04	2.91e-01	7.09e-01	0.00e+00	0.00e+00	0.00e+00	0.00e+00	0.00e+00	4.33e-200
 4.86685e+12	0.00e+00	1.19e-28	2.29e-20	1.54e-12	4.20e-04	3.04e-01	6.95e-01	0.00e+00	0.00e+00	0.00e+00	0.00e+00	0.00e+00	1.29e-138
 5.06315e+12	9.81e-38	1.76e-28	3.12e-20	1.93e-12	4.85e-04	3.22e-01	6.78e-01	0.00e+00	0.00e+00	0.00e+00	0.00e+00	0.00e+00	4.74e-226
 5.26625e+12	0.00e+00	2.58e-28	4.25e-20	2.42e-12	5.60e-04	3.40e-01	6.60e-01	0.00e+00	0.00e+00	0.00e+00	0.00e+00	0.00e+00	1.60e-137
 5.43663e+12	2.28e-37	3.53e-28	5.45e-20	2.91e-12	6.28e-04	3.55e-01	6.45e-01	0.00e+00	0.00e+00	0.00e+00	0.00e+00	0.00e+00	0.00e+00
 5.61656e+12	0.00e+00	4.86e-28	7.03e-20	3.50e-12	7.07e-04	3.70e-01	6.29e-01	0.00e+00	0.00e+00	0.00e+00	0.00e+00	0.00e+00	1.27e-136
 5.84758e+12	5.43e-37	7.22e-28	9.64e-20	4.41e-12	8.16e-04	3.90e-01	6.09e-01	0.00e+00	0.00e+00	0.00e+00	0.00e+00	0.00e+00	5.49e-225
 6.08994e+12	0.00e+00	1.08e-27	1.32e-19	5.55e-12	9.43e-04	4.11e-01	5.88e-01	0.00e+00	0.00e+00	0.00e+00	0.00e+00	0.00e+00	1.72e-135
 6.30284e+12	1.32e-36	1.51e-27	1.73e-19	6.75e-12	1.06e-03	4.29e-01	5.70e-01	0.00e+00	0.00e+00	0.00e+00	0.00e+00	0.00e+00	0.00e+00
 6.53255e+12	0.00e+00	2.14e-27	2.29e-19	8.26e-12	1.21e-03	4.48e-01	5.51e-01	0.00e+00	0.00e+00	0.00e+00	0.00e+00	0.00e+00	1.65e-134
 6.81059e+12	3.32e-36	3.22e-27	3.17e-19	1.04e-11	1.39e-03	4.70e-01	5.29e-01	0.00e+00	0.00e+00	0.00e+00	0.00e+00	0.00e+00	4.09e-223
 7.09428e+12	0.00e+00	4.80e-27	4.36e-19	1.31e-11	1.60e-03	4.92e-01	5.07e-01	0.00e+00	0.00e+00	0.00e+00	0.00e+00	0.00e+00	2.38e-133
 7.35923e+12	8.34e-36	6.87e-27	5.79e-19	1.61e-11	1.82e-03	5.12e-01	4.87e-01	0.00e+00	0.00e+00	0.00e+00	0.00e+00	0.00e+00	2.01e-98
 7.65344e+12	0.00e+00	1.01e-26	7.84e-19	2.01e-11	2.07e-03	5.33e-01	4.65e-01	0.00e+00	0.00e+00	0.00e+00	0.00e+00	0.00e+00	0.00e+00
 7.98951e+12	2.21e-35	1.53e-26	1.09e-18	2.55e-11	2.39e-03	5.56e-01	4.41e-01	0.00e+00	0.00e+00	0.00e+00	0.00e+00	0.00e+00	1.53e-114
 8.32263e+12	0.00e+00	2.28e-26	1.50e-18	3.19e-11	2.74e-03	5.78e-01	4.19e-01	0.00e+00	0.00e+00	0.00e+00	0.00e+00	0.00e+00	1.76e-98
 8.62681e+12	5.47e-35	3.23e-26	1.98e-18	3.89e-11	3.08e-03	5.97e-01	4.00e-01	0.00e+00	0.00e+00	0.00e+00	0.00e+00	0.00e+00	0.00e+00
 8.95430e+12	8.47e-35	4.63e-26	2.63e-18	4.77e-11	3.47e-03	6.17e-01	3.80e-01	0.00e+00	0.00e+00	0.00e+00	0.00e+00	0.00e+00	4.35e-113
 9.32291e+12	1.36e-34	6.85e-26	3.59e-18	5.95e-11	3.95e-03	6.38e-01	3.58e-01	0.00e+00	0.00e+00	0.00e+00	0.00e+00	0.00e+00	7.37e-96
 9.67433e+12	2.10e-34	9.79e-26	4.77e-18	7.28e-11	4.44e-03	6.56e-01	3.39e-01	0.00e+00	0.00e+00	0.00e+00	0.00e+00	0.00e+00	4.22e-112
 1.00541e+13	3.30e-34	1.42e-25	6.39e-18	8.97e-11	5.00e-03	6.75e-01	3.20e-01	0.00e+00	0.00e+00	0.00e+00	0.00e+00	0.00e+00	4.79e-95
 1.04693e+13	5.30e-34	2.09e-25	8.72e-18	1.12e-10	5.67e-03	6.95e-01	2.99e-01	0.00e+00	0.00e+00	0.00e+00	0.00e+00	0.00e+00	4.28e-111
 1.08134e+13	7.74e-34	2.86e-25	1.12e-17	1.33e-10	6.26e-03	7.10e-01	2.84e-01	0.00e+00	0.00e+00	0.00e+00	0.00e+00	0.00e+00	2.89e-94
 1.10801e+13	1.03e-33	3.60e-25	1.34e-17	1.52e-10	6.74e-03	7.21e-01	2.72e-01	0.00e+00	0.00e+00	0.00e+00	0.00e+00	0.00e+00	2.25e-110
 1.13700e+13	1.38e-33	4.61e-25	1.63e-17	1.74e-10	7.29e-03	7.32e-01	2.61e-01	0.00e+00	0.00e+00	0.00e+00	0.00e+00	0.00e+00	9.87e-94
 1.17468e+13	2.02e-33	6.29e-25	2.09e-17	2.07e-10	8.03e-03	7.46e-01	2.46e-01	0.00e+00	0.00e+00	0.00e+00	0.00e+00	0.00e+00	1.24e-109
 1.21543e+13	3.00e-33	8.71e-25	2.71e-17	2.49e-10	8.89e-03	7.60e-01	2.31e-01	0.00e+00	0.00e+00	0.00e+00	0.00e+00	0.00e+00	5.02e-93
 1.25184e+13	4.21e-33	1.15e-24	3.39e-17	2.91e-10	9.70e-03	7.71e-01	2.19e-01	0.00e+00	0.00e+00	0.00e+00	0.00e+00	0.00e+00	7.92e-109
 1.29086e+13	5.98e-33	1.54e-24	4.26e-17	3.43e-10	1.06e-02	7.83e-01	2.07e-01	0.00e+00	0.00e+00	0.00e+00	0.00e+00	0.00e+00	2.15e-92
 1.34066e+13	9.21e-33	2.20e-24	5.67e-17	4.19e-10	1.18e-02	7.96e-01	1.92e-01	0.00e+00	0.00e+00	0.00e+00	0.00e+00	0.00e+00	5.77e-108
 1.39088e+13	1.40e-32	3.11e-24	7.49e-17	5.09e-10	1.32e-02	8.08e-01	1.78e-01	0.00e+00	0.00e+00	0.00e+00	0.00e+00	0.00e+00	1.28e-91
 1.43222e+13	1.95e-32	4.08e-24	9.32e-17	5.94e-10	1.43e-02	8.18e-01	1.68e-01	0.00e+00	0.00e+00	0.00e+00	0.00e+00	0.00e+00	3.87e-107
 1.47567e+13	2.72e-32	5.38e-24	1.16e-16	6.94e-10	1.55e-02	8.26e-01	1.58e-01	0.00e+00	0.00e+00	0.00e+00	0.00e+00	0.00e+00	5.15e-91
 1.53172e+13	4.13e-32	7.59e-24	1.53e-16	8.43e-10	1.72e-02	8.36e-01	1.46e-01	0.00e+00	0.00e+00	0.00e+00	0.00e+00	0.00e+00	2.63e-106
 1.59091e+13	6.29e-32	1.08e-23	2.03e-16	1.03e-09	1.91e-02	8.46e-01	1.35e-01	0.00e+00	0.00e+00	0.00e+00	0.00e+00	0.00e+00	2.97e-90
 1.64280e+13	8.95e-32	1.44e-23	2.57e-16	1.21e-09	2.09e-02	8.53e-01	1.26e-01	0.00e+00	0.00e+00	0.00e+00	0.00e+00	0.00e+00	1.92e-105
 1.69844e+13	1.29e-31	1.95e-23	3.27e-16	1.43e-09	2.28e-02	8.60e-01	1.17e-01	0.00e+00	0.00e+00	0.00e+00	0.00e+00	0.00e+00	1.33e-89
 1.76599e+13	1.96e-31	2.76e-23	4.34e-16	1.75e-09	2.53e-02	8.67e-01	1.08e-01	0.00e+00	0.00e+00	0.00e+00	0.00e+00	0.00e+00	1.45e-104
 1.82991e+13	2.87e-31	3.79e-23	5.60e-16	2.10e-09	2.78e-02	8.73e-01	9.96e-02	0.00e+00	0.00e+00	0.00e+00	0.00e+00	0.00e+00	7.17e-89
 1.88180e+13	3.86e-31	4.85e-23	6.83e-16	2.41e-09	2.99e-02	8.76e-01	9.37e-02	0.00e+00	0.00e+00	0.00e+00	0.00e+00	0.00e+00	8.46e-104
 1.93715e+13	5.24e-31	6.24e-23	8.36e-16	2.77e-09	3.21e-02	8.80e-01	8.79e-02	0.00e+00	0.00e+00	0.00e+00	0.00e+00	0.00e+00	2.57e-88
 2.00912e+13	7.67e-31	8.56e-23	1.08e-15	3.31e-09	3.52e-02	8.84e-01	8.10e-02	0.00e+00	0.00e+00	0.00e+00	0.00e+00	0.00e+00	5.12e-103
 2.08591e+13	1.13e-30	1.18e-22	1.40e-15	3.98e-09	3.87e-02	8.87e-01	7.44e-02	0.00e+00	0.00e+00	0.00e+00	0.00e+00	0.00e+00	1.32e-87
 2.15189e+13	1.56e-30	1.54e-22	1.73e-15	4.62e-09	4.17e-02	8.89e-01	6.93e-02	0.00e+00	0.00e+00	0.00e+00	0.00e+00	0.00e+00	3.33e-102
 2.22058e+13	2.15e-30	2.01e-22	2.14e-15	5.34e-09	4.49e-02	8.90e-01	6.47e-02	0.00e+00	0.00e+00	0.00e+00	0.00e+00	0.00e+00	5.27e-87
 2.29538e+13	3.01e-30	2.66e-22	2.68e-15	6.25e-09	4.86e-02	8.91e-01	6.00e-02	0.00e+00	0.00e+00	0.00e+00	0.00e+00	0.00e+00	1.92e-101
 2.36291e+13	4.03e-30	3.38e-22	3.25e-15	7.14e-09	5.20e-02	8.92e-01	5.62e-02	0.00e+00	0.00e+00	0.00e+00	0.00e+00	0.00e+00	2.06e-86
 2.43547e+13	5.46e-30	4.34e-22	3.96e-15	8.19e-09	5.56e-02	8.92e-01	5.25e-02	0.00e+00	0.00e+00	0.00e+00	0.00e+00	0.00e+00	9.50e-101
 2.52750e+13	7.89e-30	5.89e-22	5.05e-15	9.69e-09	6.05e-02	8.91e-01	4.82e-02	0.00e+00	0.00e+00	0.00e+00	0.00e+00	0.00e+00	9.06e-86
 2.62137e+13	1.13e-29	7.93e-22	6.40e-15	1.14e-08	6.57e-02	8.90e-01	4.43e-02	0.00e+00	0.00e+00	0.00e+00	0.00e+00	0.00e+00	6.87e-100
 2.70170e+13	1.53e-29	1.01e-21	7.77e-15	1.31e-08	7.02e-02	8.88e-01	4.14e-02	0.00e+00	0.00e+00	0.00e+00	0.00e+00	0.00e+00	3.90e-85
 2.78794e+13	2.08e-29	1.30e-21	9.46e-15	1.49e-08	7.49e-02	8.86e-01	3.86e-02	0.00e+00	0.00e+00	0.00e+00	0.00e+00	0.00e+00	3.60e-99
 2.89490e+13	3.00e-29	1.77e-21	1.20e-14	1.76e-08	8.13e-02	8.83e-01	3.54e-02	0.00e+00	0.00e+00	0.00e+00	0.00e+00	0.00e+00	1.79e-84
 3.00612e+13	4.34e-29	2.39e-21	1.53e-14	2.07e-08	8.80e-02	8.80e-01	3.24e-02	0.00e+00	0.00e+00	0.00e+00	0.00e+00	0.00e+00	2.71e-98
 3.10804e+13	5.99e-29	3.11e-21	1.87e-14	2.38e-08	9.41e-02	8.76e-01	3.01e-02	0.00e+00	0.00e+00	0.00e+00	0.00e+00	0.00e+00	8.59e-84
 3.22060e+13	8.46e-29	4.12e-21	2.34e-14	2.77e-08	1.01e-01	8.71e-01	2.76e-02	0.00e+00	0.00e+00	0.00e+00	0.00e+00	0.00e+00	1.72e-97
 3.34294e+13	1.21e-28	5.53e-21	2.94e-14	3.24e-08	1.09e-01	8.66e-01	2.54e-02	0.00e+00	0.00e+00	0.00e+00	0.00e+00	0.00e+00	4.27e-83
 3.45370e+13	1.66e-28	7.14e-21	3.59e-14	3.71e-08	1.16e-01	8.60e-01	2.35e-02	0.00e+00	0.00e+00	0.00e+00	0.00e+00	0.00e+00	1.11e-96
 3.57338e+13	2.30e-28	9.31e-21	4.41e-14	4.26e-08	1.24e-01	8.54e-01	2.17e-02	0.00e+00	0.00e+00	0.00e+00	0.00e+00	0.00e+00	1.86e-82
 3.71534e+13	3.33e-28	1.26e-20	5.58e-14	4.99e-08	1.34e-01	8.46e-01	1.98e-02	0.00e+00	0.00e+00	0.00e+00	0.00e+00	0.00e+00	7.88e-96
 3.85470e+13	4.74e-28	1.68e-20	6.97e-14	5.80e-08	1.44e-01	8.38e-01	1.81e-02	0.00e+00	0.00e+00	0.00e+00	0.00e+00	0.00e+00	9.89e-82
 3.98098e+13	6.43e-28	2.15e-20	8.45e-14	6.60e-08	1.53e-01	8.31e-01	1.67e-02	0.00e+00	0.00e+00	0.00e+00	0.00e+00	0.00e+00	4.98e-95
 4.09332e+13	8.37e-28	2.66e-20	9.97e-14	7.37e-08	1.61e-01	8.24e-01	1.56e-02	0.00e+00	0.00e+00	0.00e+00	0.00e+00	0.00e+00	3.74e-81
 4.19505e+13	1.06e-27	3.22e-20	1.15e-13	8.12e-08	1.68e-01	8.17e-01	1.47e-02	0.00e+00	0.00e+00	0.00e+00	0.00e+00	0.00e+00	2.02e-94
 4.31150e+13	1.37e-27	3.96e-20	1.35e-13	9.03e-08	1.76e-01	8.10e-01	1.38e-02	0.00e+00	0.00e+00	0.00e+00	0.00e+00	0.00e+00	1.19e-80
 4.46289e+13	1.89e-27	5.16e-20	1.66e-13	1.03e-07	1.87e-01	8.00e-01	1.26e-02	0.00e+00	0.00e+00	0.00e+00	0.00e+00	0.00e+00	1.05e-93
 4.61772e+13	2.60e-27	6.68e-20	2.03e-13	1.18e-07	1.99e-01	7.89e-01	1.16e-02	0.00e+00	0.00e+00	0.00e+00	0.00e+00	0.00e+00	5.34e-80
 4.74480e+13	3.35e-27	8.20e-20	2.37e-13	1.31e-07	2.09e-01	7.81e-01	1.08e-02	0.00e+00	0.00e+00	0.00e+00	0.00e+00	0.00e+00	5.36e-93
 4.87776e+13	4.34e-27	1.01e-19	2.78e-13	1.46e-07	2.19e-01	7.71e-01	1.01e-02	0.00e+00	0.00e+00	0.00e+00	0.00e+00	0.00e+00	1.79e-79
 5.05062e+13	5.99e-27	1.31e-19	3.40e-13	1.66e-07	2.32e-01	7.59e-01	9.22e-03	0.00e+00	0.00e+00	0.00e+00	0.00e+00	0.00e+00	2.82e-92
 5.23236e+13	8.31e-27	1.71e-19	4.17e-13	1.90e-07	2.46e-01	7.46e-01	8.40e-03	0.00e+00	0.00e+00	0.00e+00	0.00e+00	0.00e+00	8.33e-79
 5.38870e+13	1.09e-26	2.13e-19	4.92e-13	2.12e-07	2.57e-01	7.35e-01	7.77e-03	0.00e+00	0.00e+00	0.00e+00	0.00e+00	0.00e+00	1.58e-91
 5.55497e+13	1.44e-26	2.67e-19	5.85e-13	2.38e-07	2.70e-01	7.23e-01	7.17e-03	0.00e+00	0.00e+00	0.00e+00	0.00e+00	0.00e+00	3.10e-78
 5.76342e+13	2.02e-26	3.50e-19	7.21e-13	2.73e-07	2.86e-01	7.07e-01	6.48e-03	0.00e+00	0.00e+00	0.00e+00	0.00e+00	0.00e+00	9.33e-91
 5.97490e+13	2.80e-26	4.57e-19	8.81e-13	3.11e-07	3.02e-01	6.92e-01	5.88e-03	0.00e+00	0.00e+00	0.00e+00	0.00e+00	0.00e+00	1.52e-77
 6.15749e+13	3.68e-26	5.69e-19	1.04e-12	3.47e-07	3.16e-01	6.79e-01	5.40e-03	0.00e+00	0.00e+00	0.00e+00	0.00e+00	0.00e+00	5.37e-90
 6.35435e+13	4.90e-26	7.15e-19	1.24e-12	3.88e-07	3.31e-01	6.64e-01	4.95e-03	0.00e+00	0.00e+00	0.00e+00	0.00e+00	0.00e+00	5.80e-77
 6.59643e+13	6.84e-26	9.37e-19	1.53e-12	4.44e-07	3.49e-01	6.47e-01	4.45e-03	0.00e+00	0.00e+00	0.00e+00	0.00e+00	0.00e+00	3.28e-89
 6.83904e+13	9.46e-26	1.22e-18	1.86e-12	5.03e-07	3.67e-01	6.29e-01	4.01e-03	0.00e+00	0.00e+00	0.00e+00	0.00e+00	0.00e+00	2.84e-76
 7.05176e+13	1.24e-25	1.51e-18	2.20e-12	5.61e-07	3.82e-01	6.14e-01	3.66e-03	0.00e+00	0.00e+00	0.00e+00	0.00e+00	0.00e+00	5.49e-76
 7.28386e+13	1.65e-25	1.90e-18	2.61e-12	6.26e-07	3.99e-01	5.98e-01	3.33e-03	0.00e+00	0.00e+00	0.00e+00	0.00e+00	0.00e+00	1.10e-75
 7.56485e+13	2.31e-25	2.49e-18	3.20e-12	7.13e-07	4.18e-01	5.79e-01	2.97e-03	0.00e+00	0.00e+00	0.00e+00	0.00e+00	0.00e+00	2.48e-75
 7.84543e+13	3.18e-25	3.22e-18	3.88e-12	8.05e-07	4.37e-01	5.60e-01	2.66e-03	0.00e+00	0.00e+00	0.00e+00	0.00e+00	0.00e+00	5.46e-75
 8.09831e+13	4.19e-25	4.02e-18	4.59e-12	8.95e-07	4.54e-01	5.43e-01	2.41e-03	0.00e+00	0.00e+00	0.00e+00	0.00e+00	0.00e+00	1.07e-74
 8.37913e+13	5.63e-25	5.09e-18	5.49e-12	1.00e-06	4.72e-01	5.25e-01	2.17e-03	0.00e+00	0.00e+00	0.00e+00	0.00e+00	0.00e+00	2.23e-74
 8.71011e+13	7.87e-25	6.65e-18	6.70e-12	1.13e-06	4.93e-01	5.05e-01	1.92e-03	0.00e+00	0.00e+00	0.00e+00	0.00e+00	0.00e+00	5.13e-74
 9.03885e+13	1.08e-24	8.56e-18	8.11e-12	1.28e-06	5.13e-01	4.85e-01	1.71e-03	0.00e+00	0.00e+00	0.00e+00	0.00e+00	0.00e+00	1.12e-73
 9.34540e+13	1.44e-24	1.07e-17	9.61e-12	1.42e-06	5.31e-01	4.68e-01	1.53e-03	0.00e+00	0.00e+00	0.00e+00	0.00e+00	0.00e+00	2.28e-73
 9.68687e+13	1.95e-24	1.37e-17	1.15e-11	1.58e-06	5.49e-01	4.49e-01	1.37e-03	0.00e+00	0.00e+00	0.00e+00	0.00e+00	0.00e+00	4.94e-73
 1.00441e+14	2.66e-24	1.75e-17	1.38e-11	1.77e-06	5.68e-01	4.31e-01	1.21e-03	0.00e+00	0.00e+00	0.00e+00	0.00e+00	0.00e+00	1.08e-72
 1.03551e+14	3.44e-24	2.14e-17	1.60e-11	1.94e-06	5.84e-01	4.15e-01	1.10e-03	0.00e+00	0.00e+00	0.00e+00	0.00e+00	0.00e+00	2.06e-72
 1.06268e+14	4.28e-24	2.55e-17	1.82e-11	2.09e-06	5.97e-01	4.02e-01	1.01e-03	0.00e+00	0.00e+00	0.00e+00	0.00e+00	0.00e+00	3.60e-72
 1.09181e+14	5.37e-24	3.05e-17	2.07e-11	2.26e-06	6.10e-01	3.89e-01	9.21e-04	0.00e+00	0.00e+00	0.00e+00	0.00e+00	0.00e+00	6.45e-72
 1.12967e+14	7.13e-24	3.81e-17	2.45e-11	2.50e-06	6.27e-01	3.72e-01	8.20e-04	0.00e+00	0.00e+00	0.00e+00	0.00e+00	0.00e+00	1.32e-71
 1.16829e+14	9.48e-24	4.76e-17	2.87e-11	2.74e-06	6.43e-01	3.56e-01	7.33e-04	0.00e+00	0.00e+00	0.00e+00	1.53e-17	3.23e-17	2.76e-71
 1.20010e+14	1.18e-23	5.68e-17	3.26e-11	2.96e-06	6.56e-01	3.43e-01	6.68e-04	0.00e+00	0.00e+00	0.00e+00	1.88e-17	3.79e-17	4.90e-71
 1.23366e+14	1.49e-23	6.79e-17	3.72e-11	3.19e-06	6.69e-01	3.30e-01	6.08e-04	0.00e+00	0.00e+00	0.00e+00	2.25e-17	4.54e-17	8.84e-71
 1.27729e+14	1.99e-23	8.51e-17	4.37e-11	3.50e-06	6.84e-01	3.15e-01	5.40e-04	0.00e+00	0.00e+00	0.00e+00	2.82e-17	5.69e-17	1.88e-70
 1.32326e+14	2.67e-23	1.07e-16	5.15e-11	3.85e-06	7.00e-01	3.00e-01	4.77e-04	0.00e+00	0.00e+00	0.00e+00	3.55e-17	7.15e-17	4.04e-70
 1.36298e+14	3.40e-23	1.29e-16	5.90e-11	4.17e-06	7.13e-01	2.87e-01	4.30e-04	0.00e+00	0.00e+00	0.00e+00	4.29e-17	8.64e-17	7.61e-70
 1.40534e+14	4.38e-23	1.57e-16	6.79e-11	4.51e-06	7.25e-01	2.74e-01	3.87e-04	0.00e+00	0.00e+00	0.00e+00	5.21e-17	1.05e-16	1.47e-69
 1.45801e+14	5.93e-23	1.99e-16	8.02e-11	4.96e-06	7.40e-01	2.60e-01	3.40e-04	0.00e+00	0.00e+00	0.00e+00	6.59e-17	1.33e-16	3.28e-69
 1.51202e+14	8.02e-23	2.51e-16	9.45e-11	5.43e-06	7.54e-01	2.46e-01	2.99e-04	0.00e+00	0.00e+00	0.00e+00	8.33e-17	1.68e-16	7.30e-69
 1.56002e+14	1.04e-22	3.06e-16	1.09e-10	5.88e-06	7.65e-01	2.35e-01	2.68e-04	0.00e+00	0.00e+00	0.00e+00	1.02e-16	2.05e-16	1.44e-68
 1.61229e+14	1.36e-22	3.77e-16	1.26e-10	6.37e-06	7.77e-01	2.23e-01	2.38e-04	0.00e+00	0.00e+00	0.00e+00	1.25e-16	2.52e-16	2.94e-68
 1.67482e+14	1.85e-22	4.79e-16	1.49e-10	6.99e-06	7.90e-01	2.10e-01	2.08e-04	0.00e+00	0.00e+00	0.00e+00	1.59e-16	3.20e-16	6.75e-68
 1.73698e+14	2.49e-22	6.02e-16	1.75e-10	7.63e-06	8.02e-01	1.98e-01	1.82e-04	0.00e+00	0.00e+00	0.00e+00	2.00e-16	4.02e-16	1.50e-67
 1.79358e+14	3.24e-22	7.36e-16	2.01e-10	8.23e-06	8.12e-01	1.88e-01	1.63e-04	0.00e+00	0.00e+00	0.00e+00	2.44e-16	4.92e-16	3.02e-67
 1.85663e+14	4.29e-22	9.13e-16	2.33e-10	8.92e-06	8.22e-01	1.78e-01	1.44e-04	0.00e+00	0.00e+00	0.00e+00	3.03e-16	6.10e-16	6.45e-67
 1.93026e+14	5.89e-22	1.16e-15	2.75e-10	9.76e-06	8.33e-01	1.67e-01	1.25e-04	0.00e+00	0.00e+00	0.00e+00	3.85e-16	7.77e-16	1.51e-66
 2.00313e+14	7.94e-22	1.46e-15	3.23e-10	1.06e-05	8.43e-01	1.57e-01	1.09e-04	0.00e+00	0.00e+00	0.00e+00	4.84e-16	9.77e-16	3.40e-66
 2.07232e+14	1.04e-21	1.80e-15	3.73e-10	1.15e-05	8.51e-01	1.48e-01	9.64e-05	0.00e+00	0.00e+00	0.00e+00	5.97e-16	1.20e-15	7.15e-66
 2.14894e+14	1.40e-21	2.25e-15	4.35e-10	1.25e-05	8.60e-01	1.40e-01	8.44e-05	0.00e+00	0.00e+00	0.00e+00	7.47e-16	1.51e-15	1.58e-65
 2.23519e+14	1.92e-21	2.87e-15	5.14e-10	1.36e-05	8.69e-01	1.31e-01	7.30e-05	0.00e+00	0.00e+00	0.00e+00	9.51e-16	1.92e-15	3.73e-65
 2.32208e+14	2.60e-21	3.62e-15	6.05e-10	1.48e-05	8.78e-01	1.22e-01	6.34e-05	0.00e+00	0.00e+00	0.00e+00	1.20e-15	2.42e-15	8.47e-65
 2.39508e+14	3.33e-21	4.37e-15	6.88e-10	1.58e-05	8.84e-01	1.16e-01	5.66e-05	0.00e+00	0.00e+00	0.00e+00	1.45e-15	2.92e-15	1.67e-64
 2.45232e+14	4.01e-21	5.04e-15	7.61e-10	1.67e-05	8.89e-01	1.11e-01	5.18e-05	0.00e+00	0.00e+00	0.00e+00	1.67e-15	3.37e-15	2.76e-64
 2.51481e+14	4.91e-21	5.88e-15	8.45e-10	1.76e-05	8.94e-01	1.06e-01	4.72e-05	0.00e+00	0.00e+00	0.00e+00	1.95e-15	3.93e-15	4.82e-64
 2.59603e+14	6.35e-21	7.15e-15	9.64e-10	1.89e-05	8.99e-01	1.01e-01	4.20e-05	0.00e+00	0.00e+00	0.00e+00	2.37e-15	4.78e-15	9.78e-64
 2.68386e+14	8.26e-21	8.74e-15	1.11e-09	2.03e-05	9.05e-01	9.49e-02	3.71e-05	0.00e+00	0.00e+00	0.00e+00	2.89e-15	5.85e-15	2.01e-63
 2.76271e+14	1.03e-20	1.04e-14	1.25e-09	2.16e-05	9.10e-01	9.00e-02	3.32e-05	0.00e+00	0.00e+00	0.00e+00	3.43e-15	6.93e-15	3.68e-63
 2.84765e+14	1.32e-20	1.25e-14	1.42e-09	2.30e-05	9.15e-01	8.53e-02	2.97e-05	0.00e+00	0.00e+00	0.00e+00	4.13e-15	8.36e-15	7.26e-63
 2.95372e+14	1.74e-20	1.55e-14	1.65e-09	2.49e-05	9.20e-01	7.98e-02	2.58e-05	0.00e+00	0.00e+00	0.00e+00	5.11e-15	1.03e-14	1.54e-62
 3.06021e+14	2.29e-20	1.91e-14	1.91e-09	2.68e-05	9.25e-01	7.48e-02	2.25e-05	0.00e+00	0.00e+00	0.00e+00	6.31e-15	1.28e-14	3.31e-62
 3.15199e+14	2.90e-20	2.29e-14	2.15e-09	2.85e-05	9.29e-01	7.09e-02	2.02e-05	0.00e+00	0.00e+00	0.00e+00	7.57e-15	1.53e-14	6.39e-62
 3.25169e+14	3.69e-20	2.75e-14	2.45e-09	3.05e-05	9.33e-01	6.69e-02	1.79e-05	0.00e+00	0.00e+00	0.00e+00	9.09e-15	1.84e-14	1.24e-61
 3.37436e+14	4.87e-20	3.40e-14	2.85e-09	3.30e-05	9.38e-01	6.24e-02	1.55e-05	0.00e+00	0.00e+00	0.00e+00	1.12e-14	2.28e-14	2.65e-61
 3.49749e+14	6.44e-20	4.21e-14	3.30e-09	3.56e-05	9.42e-01	5.84e-02	1.35e-05	0.00e+00	0.00e+00	0.00e+00	1.39e-14	2.82e-14	5.72e-61
 3.60484e+14	8.12e-20	5.04e-14	3.74e-09	3.79e-05	9.45e-01	5.52e-02	1.20e-05	0.00e+00	0.00e+00	0.00e+00	1.67e-14	3.38e-14	1.09e-60
 3.72104e+14	1.03e-19	6.07e-14	4.26e-09	4.05e-05	9.48e-01	5.20e-02	1.06e-05	0.00e+00	0.00e+00	0.00e+00	2.00e-14	4.07e-14	2.13e-60
 3.86260e+14	1.36e-19	7.50e-14	4.97e-09	4.38e-05	9.52e-01	4.83e-02	9.16e-06	0.00e+00	0.00e+00	0.00e+00	2.47e-14	5.02e-14	4.51e-60
 4.00419e+14	1.80e-19	9.31e-14	5.75e-09	4.72e-05	9.55e-01	4.52e-02	7.97e-06	0.00e+00	0.00e+00	0.00e+00	3.07e-14	6.24e-14	9.88e-60
 4.12947e+14	2.25e-19	1.11e-13	6.52e-09	5.04e-05	9.57e-01	4.25e-02	7.04e-06	0.00e+00	0.00e+00	0.00e+00	3.65e-14	7.41e-14	1.82e-59
 4.26651e+14	2.88e-19	1.34e-13	7.45e-09	5.40e-05	9.60e-01	3.99e-02	6.20e-06	0.00e+00	0.00e+00	0.00e+00	4.42e-14	8.98e-14	3.64e-59
 4.43100e+14	3.77e-19	1.65e-13	8.70e-09	5.85e-05	9.63e-01	3.71e-02	5.32e-06	0.00e+00	0.00e+00	0.00e+00	5.45e-14	1.11e-13	7.68e-59
 4.59440e+14	4.95e-19	2.04e-13	1.01e-08	6.31e-05	9.65e-01	3.45e-02	4.60e-06	0.00e+00	0.00e+00	0.00e+00	6.72e-14	1.37e-13	1.63e-58
 4.74157e+14	6.23e-19	2.44e-13	1.15e-08	6.74e-05	9.67e-01	3.24e-02	4.06e-06	0.00e+00	0.00e+00	0.00e+00	8.04e-14	1.64e-13	3.09e-58
 4.90440e+14	8.01e-19	2.97e-13	1.32e-08	7.23e-05	9.70e-01	3.04e-02	3.55e-06	0.00e+00	0.00e+00	0.00e+00	9.78e-14	1.99e-13	6.28e-58
 5.09652e+14	1.05e-18	3.67e-13	1.54e-08	7.84e-05	9.72e-01	2.81e-02	3.04e-06	0.00e+00	0.00e+00	0.00e+00	1.21e-13	2.46e-13	1.33e-57
 5.28587e+14	1.38e-18	4.54e-13	1.79e-08	8.46e-05	9.74e-01	2.61e-02	2.62e-06	0.00e+00	0.00e+00	0.00e+00	1.49e-13	3.05e-13	2.85e-57
 5.46136e+14	1.73e-18	5.42e-13	2.04e-08	9.07e-05	9.75e-01	2.45e-02	2.29e-06	0.00e+00	0.00e+00	0.00e+00	1.78e-13	3.64e-13	5.32e-57
 5.65868e+14	2.25e-18	6.66e-13	2.36e-08	9.76e-05	9.77e-01	2.28e-02	1.99e-06	0.00e+00	0.00e+00	0.00e+00	2.19e-13	4.47e-13	1.12e-56
 5.86755e+14	2.89e-18	8.10e-13	2.73e-08	1.05e-04	9.79e-01	2.12e-02	1.71e-06	0.00e+00	0.00e+00	0.00e+00	2.66e-13	5.44e-13	2.24e-56
 6.04934e+14	3.61e-18	9.66e-13	3.09e-08	1.12e-04	9.80e-01	1.99e-02	1.51e-06	0.00e+00	0.00e+00	0.00e+00	3.17e-13	6.49e-13	4.23e-56
 6.24257e+14	4.50e-18	1.15e-12	3.52e-08	1.20e-04	9.81e-01	1.87e-02	1.33e-06	0.00e+00	0.00e+00	0.00e+00	3.77e-13	7.71e-13	7.78e-56
 6.44329e+14	5.64e-18	1.37e-12	4.00e-08	1.28e-04	9.82e-01	1.75e-02	1.17e-06	0.00e+00	0.00e+00	0.00e+00	4.49e-13	9.20e-13	1.47e-55
 6.61179e+14	6.75e-18	1.58e-12	4.44e-08	1.35e-04	9.83e-01	1.66e-02	1.05e-06	0.00e+00	0.00e+00	0.00e+00	5.19e-13	1.06e-12	2.46e-55
 6.78890e+14	8.15e-18	1.83e-12	4.94e-08	1.43e-04	9.84e-01	1.57e-02	9.40e-07	0.00e+00	0.00e+00	0.00e+00	6.01e-13	1.23e-12	4.17e-55
 7.01915e+14	1.03e-17	2.20e-12	5.66e-08	1.54e-04	9.85e-01	1.47e-02	0.00e+00	0.00e+00	0.00e+00	0.00e+00	7.20e-13	1.48e-12	7.96e-55
 7.25697e+14	1.30e-17	2.65e-12	6.48e-08	1.65e-04	9.86e-01	1.37e-02	0.00e+00	0.00e+00	0.00e+00	0.00e+00	8.69e-13	1.78e-12	1.57e-54
 7.45593e+14	1.57e-17	3.07e-12	7.24e-08	1.74e-04	9.87e-01	1.30e-02	0.00e+00	0.00e+00	0.00e+00	0.00e+00	1.00e-12	2.06e-12	2.64e-54
 7.66589e+14	1.91e-17	3.59e-12	8.10e-08	1.85e-04	9.88e-01	1.23e-02	0.00e+00	0.00e+00	0.00e+00	0.00e+00	1.18e-12	2.42e-12	4.66e-54
 7.93884e+14	2.44e-17	4.34e-12	9.34e-08	1.99e-04	9.88e-01	1.14e-02	0.00e+00	0.00e+00	0.00e+00	0.00e+00	1.42e-12	2.92e-12	9.23e-54
 8.22294e+14	3.11e-17	5.29e-12	1.08e-07	2.14e-04	9.89e-01	1.06e-02	0.00e+00	0.00e+00	0.00e+00	0.00e+00	1.73e-12	3.56e-12	1.87e-53
 8.46493e+14	3.80e-17	6.18e-12	1.21e-07	2.28e-04	9.90e-01	9.98e-03	0.00e+00	0.00e+00	0.00e+00	0.00e+00	2.02e-12	4.16e-12	3.29e-53
 8.72289e+14	4.72e-17	7.32e-12	1.37e-07	2.42e-04	9.90e-01	9.38e-03	0.00e+00	3.89e-18	1.17e-17	1.95e-17	2.39e-12	4.93e-12	6.07e-53
 9.04621e+14	6.08e-17	8.95e-12	1.59e-07	2.62e-04	9.91e-01	8.69e-03	0.00e+00	5.02e-18	1.51e-17	2.52e-17	2.92e-12	6.02e-12	1.26e-52
 9.38059e+14	7.77e-17	1.09e-11	1.84e-07	2.82e-04	9.92e-01	8.06e-03	0.00e+00	6.42e-18	1.93e-17	3.22e-17	3.56e-12	7.34e-12	2.57e-52
 9.67747e+14	9.67e-17	1.29e-11	2.08e-07	3.02e-04	9.92e-01	7.55e-03	0.00e+00	7.99e-18	2.40e-17	4.01e-17	4.22e-12	8.71e-12	4.75e-52
 9.99952e+14	1.22e-16	1.55e-11	2.38e-07	3.23e-04	9.93e-01	7.05e-03	0.00e+00	1.01e-17	3.03e-17	5.06e-17	5.07e-12	1.05e-11	9.28e-52
 1.03853e+15	1.59e-16	1.91e-11	2.78e-07	3.50e-04	9.93e-01	6.51e-03	0.00e+00	1.31e-17	3.94e-17	6.58e-17	6.24e-12	1.29e-11	1.97e-51
 1.07669e+15	2.02e-16	2.32e-11	3.21e-07	3.77e-04	9.94e-01	6.04e-03	0.00e+00	1.67e-17	5.01e-17	8.38e-17	7.58e-12	1.57e-11	4.02e-51
 1.11106e+15	2.53e-16	2.77e-11	3.65e-07	4.04e-04	9.94e-01	5.65e-03	0.00e+00	2.10e-17	6.29e-17	1.05e-16	9.04e-12	1.87e-11	7.62e-51
 1.14922e+15	3.17e-16	3.32e-11	4.18e-07	4.33e-04	9.94e-01	5.26e-03	0.00e+00	2.62e-17	7.87e-17	1.32e-16	1.08e-11	2.24e-11	1.48e-50
 1.19422e+15	4.18e-16	4.12e-11	4.90e-07	4.71e-04	9.95e-01	4.84e-03	0.00e+00	3.46e-17	1.04e-16	1.74e-16	1.34e-11	2.78e-11	3.23e-50
 1.23867e+15	5.29e-16	5.01e-11	5.68e-07	5.09e-04	9.95e-01	4.48e-03	0.00e+00	4.38e-17	1.32e-16	2.20e-16	1.63e-11	3.37e-11	6.56e-50
 1.28012e+15	6.72e-16	6.02e-11	6.50e-07	5.46e-04	9.95e-01	4.18e-03	0.00e+00	5.57e-17	1.67e-16	2.80e-16	1.96e-11	4.06e-11	1.29e-49
 1.31600e+15	8.13e-16	7.01e-11	7.27e-07	5.80e-04	9.95e-01	3.94e-03	0.00e+00	6.74e-17	2.02e-16	3.38e-16	2.28e-11	4.73e-11	2.25e-49
 1.34585e+15	9.47e-16	7.92e-11	7.97e-07	6.08e-04	9.96e-01	3.75e-03	0.00e+00	7.86e-17	2.36e-16	3.94e-16	2.58e-11	5.34e-11	3.52e-49
 1.37893e+15	1.11e-15	9.01e-11	8.79e-07	6.41e-04	9.96e-01	3.56e-03	0.00e+00	9.19e-17	2.76e-16	4.61e-16	2.93e-11	6.08e-11	5.62e-49
 1.42193e+15	1.38e-15	1.07e-10	9.97e-07	6.85e-04	9.96e-01	3.33e-03	0.00e+00	1.15e-16	3.44e-16	5.75e-16	3.48e-11	7.21e-11	1.05e-48
 1.46696e+15	1.70e-15	1.27e-10	1.13e-06	7.34e-04	9.96e-01	3.11e-03	0.00e+00	1.41e-16	4.23e-16	7.07e-16	4.12e-11	8.54e-11	1.94e-48
 1.50517e+15	2.03e-15	1.46e-10	1.26e-06	7.75e-04	9.96e-01	2.94e-03	0.00e+00	1.69e-16	5.07e-16	8.47e-16	4.75e-11	9.84e-11	3.28e-48
 1.54540e+15	2.39e-15	1.67e-10	1.40e-06	8.21e-04	9.96e-01	2.78e-03	0.00e+00	1.99e-16	5.97e-16	9.98e-16	5.45e-11	1.13e-10	5.42e-48
 1.59768e+15	3.04e-15	2.02e-10	1.60e-06	8.84e-04	9.97e-01	2.58e-03	0.00e+00	2.53e-16	7.59e-16	1.27e-15	6.57e-11	1.36e-10	1.08e-47
 1.65165e+15	3.78e-15	2.41e-10	1.84e-06	9.51e-04	9.97e-01	2.39e-03	0.00e+00	3.15e-16	9.45e-16	1.58e-15	7.86e-11	1.63e-10	2.07e-47
 1.69656e+15	4.52e-15	2.79e-10	2.05e-06	1.01e-03	9.97e-01	2.26e-03	0.00e+00	3.77e-16	1.13e-15	1.89e-15	9.09e-11	1.88e-10	3.54e-47
 1.74372e+15	5.35e-15	3.21e-10	2.29e-06	1.07e-03	9.97e-01	2.12e-03	0.00e+00	4.46e-16	1.34e-15	2.24e-15	1.05e-10	2.17e-10	5.92e-47
 1.80502e+15	6.83e-15	3.90e-10	2.64e-06	1.16e-03	9.97e-01	1.96e-03	0.00e+00	5.71e-16	1.71e-15	2.86e-15	1.27e-10	2.63e-10	1.21e-46
 1.86928e+15	8.58e-15	4.70e-10	3.05e-06	1.25e-03	9.97e-01	1.81e-03	0.00e+00	7.17e-16	2.15e-15	3.60e-15	1.53e-10	3.17e-10	2.41e-46
 1.92434e+15	1.04e-14	5.50e-10	3.43e-06	1.34e-03	9.97e-01	1.70e-03	0.00e+00	8.69e-16	2.61e-15	4.36e-15	1.79e-10	3.71e-10	4.29e-46
 1.98292e+15	1.24e-14	6.39e-10	3.87e-06	1.43e-03	9.97e-01	1.59e-03	0.00e+00	1.03e-15	3.10e-15	5.19e-15	2.08e-10	4.31e-10	7.44e-46
 2.05636e+15	1.60e-14	7.85e-10	4.50e-06	1.55e-03	9.97e-01	1.46e-03	0.00e+00	1.34e-15	4.03e-15	6.73e-15	2.56e-10	5.29e-10	1.60e-45
 2.13226e+15	2.02e-14	9.51e-10	5.21e-06	1.69e-03	9.97e-01	1.34e-03	0.00e+00	1.69e-15	5.08e-15	8.49e-15	3.10e-10	6.41e-10	3.25e-45
 2.19923e+15	2.40e-14	1.11e-09	5.91e-06	1.81e-03	9.97e-01	1.25e-03	0.00e+00	2.02e-15	6.06e-15	1.01e-14	3.62e-10	7.47e-10	5.73e-45
 2.27149e+15	3.03e-14	1.33e-09	6.74e-06	1.95e-03	9.97e-01	1.16e-03	0.00e+00	2.55e-15	7.65e-15	1.28e-14	4.35e-10	8.98e-10	1.14e-44
 2.35859e+15	3.81e-14	1.62e-09	7.86e-06	2.12e-03	9.97e-01	1.06e-03	0.00e+00	3.20e-15	9.62e-15	1.61e-14	5.29e-10	1.09e-09	2.36e-44
 2.44526e+15	4.82e-14	1.97e-09	9.10e-06	2.30e-03	9.97e-01	9.79e-04	0.00e+00	4.07e-15	1.22e-14	2.04e-14	6.44e-10	1.33e-09	4.91e-44
 2.52293e+15	5.79e-14	2.31e-09	1.03e-05	2.47e-03	9.97e-01	9.10e-04	0.00e+00	4.89e-15	1.47e-14	2.45e-14	7.56e-10	1.56e-09	8.93e-44
 2.60862e+15	7.16e-14	2.76e-09	1.18e-05	2.67e-03	9.96e-01	8.42e-04	0.00e+00	6.05e-15	1.82e-14	3.03e-14	9.04e-10	1.86e-09	1.75e-43
 2.71021e+15	9.19e-14	3.40e-09	1.38e-05	2.91e-03	9.96e-01	7.70e-04	0.00e+00	7.78e-15	2.34e-14	3.90e-14	1.11e-09	2.29e-09	3.82e-43
 2.79652e+15	1.12e-13	4.02e-09	1.57e-05	3.13e-03	9.96e-01	7.15e-04	0.00e+00	9.46e-15	2.84e-14	4.74e-14	1.31e-09	2.70e-09	7.16e-43
 2.85569e+15	1.27e-13	4.49e-09	1.70e-05	3.28e-03	9.96e-01	6.81e-04	0.00e+00	1.08e-14	3.24e-14	5.41e-14	1.47e-09	3.02e-09	1.09e-42
 2.91555e+15	1.45e-13	5.02e-09	1.85e-05	3.44e-03	9.96e-01	6.49e-04	0.00e+00	1.23e-14	3.69e-14	6.16e-14	1.64e-09	3.38e-09	1.66e-42
 2.99338e+15	1.66e-13	5.70e-09	2.06e-05	3.66e-03	9.96e-01	6.11e-04	0.00e+00	1.41e-14	4.23e-14	7.07e-14	1.87e-09	3.83e-09	2.66e-42
 3.08082e+15	2.04e-13	6.74e-09	2.32e-05	3.91e-03	9.95e-01	5.70e-04	0.00e+00	1.73e-14	5.20e-14	8.69e-14	2.21e-09	4.53e-09	5.21e-42
 3.16315e+15	2.33e-13	7.65e-09	2.57e-05	4.15e-03	9.95e-01	5.36e-04	0.00e+00	1.99e-14	5.96e-14	9.96e-14	2.51e-09	5.14e-09	8.47e-42
 3.25256e+15	2.83e-13	8.98e-09	2.88e-05	4.43e-03	9.95e-01	5.02e-04	0.00e+00	2.41e-14	7.23e-14	1.21e-13	2.94e-09	6.03e-09	1.60e-41
 3.35180e+15	3.31e-13	1.04e-08	3.25e-05	4.74e-03	9.95e-01	4.68e-04	0.00e+00	2.83e-14	8.49e-14	1.42e-13	3.41e-09	6.99e-09	2.81e-41
 3.44456e+15	4.02e-13	1.22e-08	3.63e-05	5.05e-03	9.94e-01	4.38e-04	0.00e+00	3.44e-14	1.03e-13	1.72e-13	4.01e-09	8.21e-09	5.35e-41
 3.54589e+15	4.67e-13	1.41e-08	4.07e-05	5.39e-03	9.94e-01	4.10e-04	0.00e+00	4.00e-14	1.20e-13	2.00e-13	4.61e-09	9.44e-09	9.17e-41
 3.65947e+15	5.81e-13	1.69e-08	4.63e-05	5.80e-03	9.94e-01	3.80e-04	0.00e+00	4.98e-14	1.49e-13	2.49e-13	5.56e-09	1.14e-08	1.91e-40
 3.76645e+15	6.73e-13	1.95e-08	5.19e-05	6.19e-03	9.93e-01	3.55e-04	0.00e+00	5.77e-14	1.73e-13	2.89e-13	6.39e-09	1.31e-08	3.27e-40
 3.88296e+15	8.22e-13	2.32e-08	5.87e-05	6.64e-03	9.93e-01	3.30e-04	0.00e+00	7.06e-14	2.12e-13	3.54e-13	7.63e-09	1.56e-08	6.48e-40
 4.01352e+15	9.85e-13	2.74e-08	6.70e-05	7.15e-03	9.92e-01	3.06e-04	0.00e+00	8.47e-14	2.54e-13	4.24e-13	8.99e-09	1.84e-08	1.21e-39
 4.13893e+15	1.19e-12	3.27e-08	7.58e-05	7.68e-03	9.92e-01	2.84e-04	0.00e+00	1.03e-13	3.08e-13	5.15e-13	1.07e-08	2.19e-08	2.42e-39
 4.27853e+15	1.47e-12	3.93e-08	8.66e-05	8.28e-03	9.91e-01	2.62e-04	0.00e+00	1.27e-13	3.81e-13	6.35e-13	1.29e-08	2.64e-08	5.01e-39
 4.43413e+15	1.83e-12	4.79e-08	9.99e-05	8.98e-03	9.91e-01	2.41e-04	0.00e+00	1.58e-13	4.74e-13	7.92e-13	1.58e-08	3.22e-08	1.07e-38
 4.58033e+15	2.17e-12	5.62e-08	1.14e-04	9.65e-03	9.90e-01	2.23e-04	0.00e+00	1.87e-13	5.63e-13	9.39e-13	1.85e-08	3.77e-08	1.96e-38
 4.74023e+15	2.70e-12	6.89e-08	1.31e-04	1.05e-02	9.89e-01	2.05e-04	0.00e+00	2.33e-13	7.01e-13	1.17e-12	2.27e-08	4.62e-08	4.35e-38
 4.91780e+15	3.31e-12	8.30e-08	1.51e-04	1.13e-02	9.88e-01	1.89e-04	0.00e+00	2.87e-13	8.62e-13	1.44e-12	2.73e-08	5.57e-08	8.68e-38
 5.08414e+15	4.07e-12	1.02e-07	1.73e-04	1.23e-02	9.87e-01	1.74e-04	0.00e+00	3.54e-13	1.06e-12	1.77e-12	3.35e-08	6.81e-08	1.90e-37
 5.26618e+15	4.99e-12	1.22e-07	2.00e-04	1.32e-02	9.86e-01	1.60e-04	0.00e+00	4.34e-13	1.30e-12	2.17e-12	4.01e-08	8.15e-08	3.64e-37
 5.44079e+15	6.07e-12	1.48e-07	2.28e-04	1.43e-02	9.85e-01	1.48e-04	0.00e+00	5.28e-13	1.58e-12	2.64e-12	4.89e-08	9.94e-08	7.74e-37
 5.56465e+15	6.93e-12	1.68e-07	2.50e-04	1.50e-02	9.85e-01	1.40e-04	0.00e+00	6.04e-13	1.81e-12	3.03e-12	5.56e-08	1.13e-07	1.24e-36
 5.68459e+15	7.93e-12	1.90e-07	2.72e-04	1.58e-02	9.84e-01	1.33e-04	0.00e+00	6.91e-13	2.07e-12	3.46e-12	6.28e-08	1.27e-07	1.95e-36
 5.84050e+15	9.28e-12	2.20e-07	3.04e-04	1.67e-02	9.83e-01	1.25e-04	0.00e+00	8.10e-13	2.43e-12	4.05e-12	7.27e-08	1.48e-07	3.34e-36
 6.01224e+15	1.10e-11	2.59e-07	3.42e-04	1.79e-02	9.82e-01	1.16e-04	0.00e+00	9.59e-13	2.88e-12	4.80e-12	8.55e-08	1.74e-07	6.08e-36
 6.16901e+15	1.29e-11	3.01e-07	3.80e-04	1.89e-02	9.81e-01	1.09e-04	0.00e+00	1.13e-12	3.39e-12	5.65e-12	9.93e-08	2.01e-07	1.03e-35
 6.33726e+15	1.52e-11	3.47e-07	4.24e-04	2.01e-02	9.79e-01	1.03e-04	0.00e+00	1.33e-12	3.99e-12	6.67e-12	1.15e-07	2.32e-07	1.72e-35
 6.55598e+15	1.88e-11	4.25e-07	4.87e-04	2.17e-02	9.78e-01	9.44e-05	0.00e+00	1.64e-12	4.93e-12	8.23e-12	1.40e-07	2.84e-07	3.61e-35
 6.77482e+15	2.30e-11	5.07e-07	5.57e-04	2.34e-02	9.76e-01	8.74e-05	0.00e+00	2.02e-12	6.06e-12	1.01e-11	1.68e-07	3.39e-07	6.54e-35
 6.94713e+15	2.67e-11	5.87e-07	6.18e-04	2.48e-02	9.75e-01	8.22e-05	0.00e+00	2.34e-12	7.03e-12	1.17e-11	1.94e-07	3.93e-07	1.10e-34
 7.12448e+15	3.17e-11	6.91e-07	6.87e-04	2.62e-02	9.73e-01	7.73e-05	0.00e+00	2.78e-12	8.35e-12	1.39e-11	2.28e-07	4.62e-07	1.98e-34
 7.35502e+15	3.86e-11	8.17e-07	7.83e-04	2.82e-02	9.71e-01	7.16e-05	0.00e+00	3.39e-12	1.02e-11	1.70e-11	2.70e-07	5.47e-07	3.49e-34
 7.60099e+15	4.80e-11	1.01e-06	8.99e-04	3.04e-02	9.69e-01	6.60e-05	0.00e+00	4.23e-12	1.27e-11	2.12e-11	3.34e-07	6.76e-07	7.38e-34
 7.81566e+15	5.72e-11	1.19e-06	1.01e-03	3.24e-02	9.67e-01	6.17e-05	0.00e+00	5.04e-12	1.51e-11	2.52e-11	3.93e-07	7.94e-07	1.26e-33
 8.04340e+15	6.90e-11	1.40e-06	1.14e-03	3.45e-02	9.64e-01	5.76e-05	0.00e+00	6.09e-12	1.83e-11	3.05e-11	4.64e-07	9.38e-07	2.21e-33
 8.33558e+15	8.71e-11	1.71e-06	1.33e-03	3.74e-02	9.61e-01	5.29e-05	0.00e+00	7.69e-12	2.31e-11	3.85e-11	5.65e-07	1.14e-06	4.19e-33
 8.62659e+15	1.10e-10	2.14e-06	1.54e-03	4.06e-02	9.58e-01	4.85e-05	0.00e+00	9.74e-12	2.92e-11	4.88e-11	7.10e-07	1.43e-06	9.11e-33
 8.86460e+15	1.32e-10	2.52e-06	1.73e-03	4.32e-02	9.55e-01	4.54e-05	0.00e+00	1.17e-11	3.51e-11	5.86e-11	8.35e-07	1.69e-06	1.55e-32
 9.11865e+15	1.60e-10	2.99e-06	1.95e-03	4.61e-02	9.52e-01	4.24e-05	0.00e+00	1.41e-11	4.24e-11	7.08e-11	9.91e-07	2.00e-06	2.67e-32
 9.44751e+15	2.04e-10	3.64e-06	2.28e-03	5.00e-02	9.48e-01	3.89e-05	0.00e+00	1.81e-11	5.42e-11	9.04e-11	1.21e-06	2.43e-06	4.87e-32
 9.77931e+15	2.60e-10	4.60e-06	2.66e-03	5.43e-02	9.43e-01	3.57e-05	0.00e+00	2.31e-11	6.93e-11	1.16e-10	1.53e-06	3.08e-06	1.05e-31
 1.00397e+16	3.11e-10	5.41e-06	2.99e-03	5.77e-02	9.39e-01	3.35e-05	0.00e+00	2.76e-11	8.29e-11	1.38e-10	1.79e-06	3.61e-06	1.71e-31
 1.02612e+16	3.61e-10	6.18e-06	3.29e-03	6.08e-02	9.36e-01	3.18e-05	0.00e+00	3.21e-11	9.62e-11	1.60e-10	2.05e-06	4.13e-06	2.56e-31
 1.05085e+16	4.30e-10	7.20e-06	3.67e-03	6.44e-02	9.32e-01	2.99e-05	0.00e+00	3.82e-11	1.15e-10	1.91e-10	2.39e-06	4.81e-06	4.10e-31
 1.07744e+16	5.16e-10	8.30e-06	4.11e-03	6.83e-02	9.28e-01	2.82e-05	0.00e+00	4.59e-11	1.38e-10	2.30e-10	2.75e-06	5.55e-06	6.11e-31
 1.10646e+16	6.35e-10	1.01e-05	4.67e-03	7.30e-02	9.22e-01	2.64e-05	0.00e+00	5.66e-11	1.70e-10	2.83e-10	3.34e-06	6.72e-06	1.13e-30
 1.13511e+16	7.54e-10	1.17e-05	5.25e-03	7.76e-02	9.17e-01	2.48e-05	0.00e+00	6.72e-11	2.02e-10	3.36e-10	3.90e-06	7.85e-06	1.72e-30
 1.16328e+16	9.11e-10	1.37e-05	5.91e-03	8.25e-02	9.12e-01	2.34e-05	0.00e+00	8.13e-11	2.44e-10	4.07e-10	4.53e-06	9.12e-06	2.65e-30
 1.19445e+16	1.11e-09	1.62e-05	6.71e-03	8.81e-02	9.05e-01	2.19e-05	0.00e+00	9.93e-11	2.98e-10	4.97e-10	5.38e-06	1.08e-05	4.32e-30
 1.22337e+16	1.36e-09	1.95e-05	7.57e-03	9.40e-02	8.98e-01	2.06e-05	0.00e+00	1.21e-10	3.64e-10	6.07e-10	6.48e-06	1.31e-05	7.68e-30
 1.24944e+16	1.60e-09	2.25e-05	8.41e-03	9.92e-02	8.92e-01	1.96e-05	0.00e+00	1.43e-10	4.30e-10	7.17e-10	7.48e-06	1.51e-05	1.15e-29
 1.27791e+16	1.92e-09	2.63e-05	9.45e-03	1.05e-01	8.85e-01	1.85e-05	0.00e+00	1.72e-10	5.16e-10	8.61e-10	8.72e-06	1.76e-05	1.74e-29
 1.31492e+16	2.45e-09	3.25e-05	1.10e-02	1.14e-01	8.75e-01	1.72e-05	0.00e+00	2.20e-10	6.59e-10	1.10e-09	1.08e-05	2.17e-05	3.25e-29
 1.35106e+16	3.06e-09	3.92e-05	1.27e-02	1.22e-01	8.65e-01	1.61e-05	0.00e+00	2.74e-10	8.23e-10	1.37e-09	1.30e-05	2.62e-05	5.29e-29
 1.37843e+16	3.66e-09	4.50e-05	1.41e-02	1.29e-01	8.57e-01	1.54e-05	0.00e+00	3.29e-10	9.86e-10	1.64e-09	1.49e-05	3.00e-05	7.58e-29
 1.40640e+16	4.38e-09	5.24e-05	1.59e-02	1.37e-01	8.47e-01	1.47e-05	0.00e+00	3.93e-10	1.18e-09	1.97e-09	1.74e-05	3.50e-05	1.14e-28
