#depth	N	N+	N+2	N+3	N+4	N+5	N+6	N+7
 1.49634e+10	0.00e+00	0.00e+00	2.83e-29	2.53e-19	2.61e-10	8.47e-01	1.53e-01	1.23e-05
 4.54887e+10	0.00e+00	1.03e-39	3.63e-29	3.00e-19	2.86e-10	8.57e-01	1.43e-01	1.07e-05
 7.72350e+10	0.00e+00	0.00e+00	4.65e-29	3.56e-19	3.13e-10	8.67e-01	1.33e-01	9.18e-06
 1.10251e+11	0.00e+00	1.98e-39	5.96e-29	4.21e-19	3.42e-10	8.76e-01	1.24e-01	7.90e-06
 1.43506e+11	0.00e+00	0.00e+00	7.56e-29	4.95e-19	3.72e-10	8.84e-01	1.16e-01	6.83e-06
 1.78092e+11	0.00e+00	3.72e-39	9.61e-29	5.82e-19	4.06e-10	8.92e-01	1.08e-01	5.89e-06
 2.15142e+11	0.00e+00	0.00e+00	1.23e-28	6.88e-19	4.43e-10	9.00e-01	1.00e-01	5.06e-06
 2.53675e+11	0.00e+00	7.13e-39	1.57e-28	8.13e-19	4.83e-10	9.07e-01	9.29e-02	4.34e-06
 2.93748e+11	0.00e+00	0.00e+00	2.01e-28	9.59e-19	5.27e-10	9.14e-01	8.63e-02	3.72e-06
 3.35425e+11	0.00e+00	1.36e-38	2.56e-28	1.13e-18	5.74e-10	9.20e-01	8.00e-02	3.19e-06
 3.78769e+11	0.00e+00	0.00e+00	3.27e-28	1.33e-18	6.26e-10	9.26e-01	7.42e-02	2.73e-06
 4.23846e+11	0.00e+00	2.60e-38	4.18e-28	1.57e-18	6.82e-10	9.31e-01	6.87e-02	2.34e-06
 4.70727e+11	0.00e+00	0.00e+00	5.33e-28	1.86e-18	7.42e-10	9.36e-01	6.36e-02	2.00e-06
 5.19483e+11	0.00e+00	4.96e-38	6.80e-28	2.19e-18	8.08e-10	9.41e-01	5.89e-02	1.71e-06
 5.70189e+11	0.00e+00	0.00e+00	8.68e-28	2.58e-18	8.79e-10	9.46e-01	5.44e-02	1.46e-06
 6.22923e+11	0.00e+00	9.47e-38	1.11e-27	3.04e-18	9.57e-10	9.50e-01	5.01e-02	1.24e-06
 6.73921e+11	0.00e+00	0.00e+00	1.39e-27	3.54e-18	1.03e-09	9.53e-01	4.66e-02	1.07e-06
 7.21687e+11	0.00e+00	1.68e-37	1.71e-27	4.06e-18	1.11e-09	9.56e-01	4.35e-02	9.32e-07
 7.75209e+11	0.00e+00	0.00e+00	2.13e-27	4.71e-18	1.20e-09	9.60e-01	4.05e-02	0.00e+00
 8.34698e+11	0.00e+00	3.09e-37	2.70e-27	5.53e-18	1.30e-09	9.63e-01	3.75e-02	0.00e+00
 8.92110e+11	0.00e+00	0.00e+00	3.37e-27	6.41e-18	1.40e-09	9.65e-01	3.48e-02	0.00e+00
 9.53264e+11	0.00e+00	5.61e-37	4.23e-27	7.47e-18	1.52e-09	9.68e-01	3.23e-02	0.00e+00
 1.02132e+12	0.00e+00	0.00e+00	5.40e-27	8.80e-18	1.65e-09	9.70e-01	2.98e-02	0.00e+00
 1.08986e+12	0.00e+00	1.06e-36	6.85e-27	1.03e-17	1.79e-09	9.72e-01	2.75e-02	0.00e+00
 1.16114e+12	0.00e+00	0.00e+00	8.68e-27	1.21e-17	1.94e-09	9.75e-01	2.54e-02	0.00e+00
 1.23751e+12	0.00e+00	2.02e-36	1.11e-26	1.43e-17	2.10e-09	9.77e-01	2.34e-02	0.00e+00
 1.31694e+12	6.32e-47	2.79e-36	1.42e-26	1.68e-17	2.29e-09	9.78e-01	2.16e-02	0.00e+00
 1.39955e+12	0.00e+00	0.00e+00	1.81e-26	1.98e-17	2.49e-09	9.80e-01	1.99e-02	0.00e+00
 1.48545e+12	0.00e+00	5.36e-36	2.32e-26	2.34e-17	2.70e-09	9.82e-01	1.83e-02	0.00e+00
 1.57480e+12	2.15e-46	7.43e-36	2.96e-26	2.75e-17	2.94e-09	9.83e-01	1.69e-02	0.00e+00
 1.66772e+12	0.00e+00	0.00e+00	3.79e-26	3.25e-17	3.19e-09	9.84e-01	1.55e-02	0.00e+00
 1.76435e+12	0.00e+00	1.43e-35	4.86e-26	3.84e-17	3.47e-09	9.86e-01	1.43e-02	0.00e+00
 1.85499e+12	7.05e-46	1.93e-35	6.08e-26	4.46e-17	3.75e-09	9.87e-01	1.32e-02	0.00e+00
 1.93567e+12	0.00e+00	0.00e+00	7.37e-26	5.07e-17	4.00e-09	9.88e-01	1.24e-02	0.00e+00
 2.02609e+12	0.00e+00	3.29e-35	9.10e-26	5.84e-17	4.30e-09	9.88e-01	1.16e-02	0.00e+00
 2.13370e+12	2.05e-45	4.54e-35	1.16e-25	6.87e-17	4.66e-09	9.89e-01	1.06e-02	0.00e+00
 2.24207e+12	0.00e+00	0.00e+00	1.47e-25	8.05e-17	5.05e-09	9.90e-01	9.83e-03	0.00e+00
 2.34326e+12	0.00e+00	8.22e-35	1.81e-25	9.27e-17	5.43e-09	9.91e-01	9.15e-03	0.00e+00
 2.45539e+12	6.29e-45	1.11e-34	2.28e-25	1.08e-16	5.87e-09	9.92e-01	8.46e-03	0.00e+00
 2.58354e+12	0.00e+00	0.00e+00	2.94e-25	1.28e-16	6.39e-09	9.92e-01	7.77e-03	0.00e+00
 2.71072e+12	0.00e+00	2.14e-34	3.74e-25	1.51e-16	6.94e-09	9.93e-01	7.16e-03	0.00e+00
 2.84299e+12	2.12e-44	2.95e-34	4.76e-25	1.77e-16	7.53e-09	9.93e-01	6.59e-03	0.00e+00
 2.98664e+12	0.00e+00	4.14e-34	6.15e-25	2.10e-16	8.21e-09	9.94e-01	6.04e-03	0.00e+00
 3.13274e+12	4.88e-44	5.75e-34	7.89e-25	2.49e-16	8.94e-09	9.94e-01	5.55e-03	0.00e+00
 3.26866e+12	0.00e+00	7.74e-34	9.87e-25	2.89e-16	9.65e-09	9.95e-01	5.14e-03	0.00e+00
 3.39413e+12	9.83e-44	1.01e-33	1.21e-24	3.31e-16	1.03e-08	9.95e-01	4.80e-03	0.00e+00
 3.53767e+12	0.00e+00	1.36e-33	1.51e-24	3.85e-16	1.12e-08	9.96e-01	4.45e-03	0.00e+00
 3.70614e+12	2.16e-43	1.90e-33	1.95e-24	4.57e-16	1.22e-08	9.96e-01	4.08e-03	0.00e+00
 3.87309e+12	0.00e+00	2.61e-33	2.48e-24	5.38e-16	1.32e-08	9.96e-01	3.75e-03	0.00e+00
 4.02931e+12	4.62e-43	3.50e-33	3.10e-24	6.25e-16	1.43e-08	9.97e-01	3.48e-03	0.00e+00
 4.20300e+12	0.00e+00	4.78e-33	3.92e-24	7.33e-16	1.55e-08	9.97e-01	3.21e-03	0.00e+00
 4.40105e+12	1.04e-42	6.74e-33	5.10e-24	8.75e-16	1.69e-08	9.97e-01	2.93e-03	0.00e+00
 4.59609e+12	0.00e+00	9.35e-33	6.54e-24	1.04e-15	1.85e-08	9.97e-01	2.69e-03	0.00e+00
 4.79893e+12	2.36e-42	1.30e-32	8.39e-24	1.23e-15	2.01e-08	9.98e-01	2.47e-03	0.00e+00
 5.02082e+12	0.00e+00	1.83e-32	1.09e-23	1.47e-15	2.21e-08	9.98e-01	2.25e-03	0.00e+00
 5.24391e+12	5.49e-42	2.56e-32	1.41e-23	1.75e-15	2.41e-08	9.98e-01	2.06e-03	0.00e+00
 5.47592e+12	0.00e+00	3.59e-32	1.83e-23	2.08e-15	2.64e-08	9.98e-01	1.88e-03	0.00e+00
 5.72488e+12	1.28e-41	5.08e-32	2.38e-23	2.50e-15	2.90e-08	9.98e-01	1.72e-03	0.00e+00
 5.97205e+12	0.00e+00	7.08e-32	3.07e-23	2.97e-15	3.17e-08	9.98e-01	1.57e-03	0.00e+00
 6.22910e+12	2.91e-41	9.87e-32	3.97e-23	3.54e-15	3.47e-08	9.99e-01	1.43e-03	0.00e+00
 6.50819e+12	0.00e+00	1.40e-31	5.18e-23	4.26e-15	3.82e-08	9.99e-01	1.30e-03	0.00e+00
 6.79844e+12	6.87e-41	1.98e-31	6.78e-23	5.12e-15	4.20e-08	9.99e-01	1.19e-03	0.00e+00
 7.10031e+12	0.00e+00	2.80e-31	8.86e-23	6.16e-15	4.62e-08	9.99e-01	1.08e-03	0.00e+00
 7.41425e+12	1.61e-40	3.95e-31	1.16e-22	7.42e-15	5.09e-08	9.99e-01	9.79e-04	0.00e+00
 7.69758e+12	0.00e+00	5.34e-31	1.46e-22	8.73e-15	5.55e-08	9.99e-01	8.99e-04	0.00e+00
 7.93262e+12	3.14e-40	6.79e-31	1.76e-22	9.95e-15	5.94e-08	9.99e-01	8.40e-04	0.00e+00
 8.18967e+12	0.00e+00	8.77e-31	2.15e-22	1.14e-14	6.39e-08	9.99e-01	7.82e-04	0.00e+00
 8.51663e+12	6.30e-40	1.20e-30	2.75e-22	1.36e-14	6.99e-08	9.99e-01	7.15e-04	0.00e+00
 8.85836e+12	0.00e+00	1.64e-30	3.51e-22	1.61e-14	7.66e-08	9.99e-01	6.53e-04	0.00e+00
 9.15983e+12	1.28e-39	2.14e-30	4.33e-22	1.87e-14	8.28e-08	9.99e-01	6.04e-04	0.00e+00
 9.43883e+12	0.00e+00	2.72e-30	5.22e-22	2.13e-14	8.89e-08	9.99e-01	5.63e-04	0.00e+00
 9.75529e+12	2.36e-39	3.53e-30	6.41e-22	2.47e-14	9.60e-08	9.99e-01	5.21e-04	0.00e+00
 1.01478e+13	0.00e+00	4.83e-30	8.20e-22	2.94e-14	1.05e-07	1.00e+00	4.75e-04	0.00e+00
 1.05399e+13	4.93e-39	6.50e-30	1.04e-21	3.48e-14	1.15e-07	1.00e+00	4.35e-04	0.00e+00
 1.08758e+13	0.00e+00	8.31e-30	1.26e-21	4.00e-14	1.24e-07	1.00e+00	4.04e-04	0.00e+00
 1.12381e+13	9.03e-39	1.07e-29	1.54e-21	4.63e-14	1.34e-07	1.00e+00	3.74e-04	0.00e+00
 1.16867e+13	0.00e+00	1.45e-29	1.96e-21	5.50e-14	1.48e-07	1.00e+00	3.41e-04	0.00e+00
 1.21479e+13	1.86e-38	1.95e-29	2.49e-21	6.53e-14	1.62e-07	1.00e+00	3.11e-04	0.00e+00
 1.25647e+13	0.00e+00	2.53e-29	3.06e-21	7.58e-14	1.75e-07	1.00e+00	2.87e-04	0.00e+00
 1.30234e+13	3.53e-38	3.32e-29	3.80e-21	8.87e-14	1.91e-07	1.00e+00	2.63e-04	0.00e+00
 1.35634e+13	0.00e+00	4.51e-29	4.86e-21	1.06e-13	2.11e-07	1.00e+00	2.39e-04	0.00e+00
 1.41030e+13	7.24e-38	6.05e-29	6.14e-21	1.26e-13	2.31e-07	1.00e+00	2.18e-04	0.00e+00
 1.46160e+13	0.00e+00	7.89e-29	7.60e-21	1.47e-13	2.52e-07	1.00e+00	2.01e-04	0.00e+00
 1.51824e+13	1.40e-37	1.05e-28	9.53e-21	1.73e-13	2.75e-07	1.00e+00	1.83e-04	0.00e+00
 1.58196e+13	0.00e+00	1.42e-28	1.22e-20	2.07e-13	3.03e-07	1.00e+00	1.67e-04	0.00e+00
 1.64572e+13	2.85e-37	1.89e-28	1.54e-20	2.46e-13	3.33e-07	1.00e+00	1.52e-04	0.00e+00
 1.70220e+13	0.00e+00	2.42e-28	1.87e-20	2.84e-13	3.61e-07	1.00e+00	1.40e-04	0.00e+00
 1.74961e+13	4.86e-37	2.96e-28	2.20e-20	3.20e-13	3.85e-07	1.00e+00	1.32e-04	0.00e+00
 1.80064e+13	0.00e+00	3.65e-28	2.60e-20	3.61e-13	4.12e-07	1.00e+00	1.23e-04	0.00e+00
 1.86698e+13	8.55e-37	4.74e-28	3.21e-20	4.22e-13	4.48e-07	1.00e+00	1.13e-04	0.00e+00
 1.93638e+13	0.00e+00	6.16e-28	3.97e-20	4.93e-13	4.88e-07	1.00e+00	1.04e-04	0.00e+00
 1.99560e+13	1.52e-36	7.65e-28	4.72e-20	5.60e-13	5.24e-07	1.00e+00	9.70e-05	0.00e+00
 2.05841e+13	0.00e+00	9.56e-28	5.65e-20	6.38e-13	5.63e-07	1.00e+00	9.03e-05	0.00e+00
 2.13728e+13	2.73e-36	1.25e-27	7.02e-20	7.47e-13	6.14e-07	1.00e+00	8.28e-05	0.00e+00
 2.21847e+13	0.00e+00	1.63e-27	8.69e-20	8.74e-13	6.70e-07	1.00e+00	7.60e-05	0.00e+00
 2.29016e+13	4.93e-36	2.05e-27	1.04e-19	9.99e-13	7.21e-07	1.00e+00	7.06e-05	0.00e+00
 2.36805e+13	0.00e+00	2.59e-27	1.26e-19	1.15e-12	7.78e-07	1.00e+00	6.54e-05	0.00e+00
 2.45392e+13	8.86e-36	3.34e-27	1.55e-19	1.33e-12	8.45e-07	1.00e+00	6.03e-05	0.00e+00
 2.53294e+13	0.00e+00	4.18e-27	1.86e-19	1.52e-12	9.09e-07	1.00e+00	5.61e-05	0.00e+00
 2.61841e+13	1.54e-35	5.29e-27	2.24e-19	1.75e-12	9.81e-07	1.00e+00	5.20e-05	0.00e+00
 2.71381e+13	0.00e+00	6.81e-27	2.75e-19	2.03e-12	1.06e-06	1.00e+00	4.79e-05	0.00e+00
 2.80327e+13	2.74e-35	8.56e-27	3.31e-19	2.32e-12	1.15e-06	1.00e+00	4.45e-05	0.00e+00
 2.90074e+13	0.00e+00	1.09e-26	4.02e-19	2.67e-12	1.24e-06	1.00e+00	4.12e-05	0.00e+00
 3.00902e+13	4.98e-35	1.41e-26	4.95e-19	3.10e-12	1.35e-06	1.00e+00	3.80e-05	0.00e+00
 3.11005e+13	0.00e+00	1.78e-26	5.97e-19	3.55e-12	1.45e-06	1.00e+00	3.52e-05	0.00e+00
 3.22012e+13	8.87e-35	2.28e-26	7.28e-19	4.10e-12	1.57e-06	1.00e+00	3.26e-05	0.00e+00
 3.34324e+13	0.00e+00	2.97e-26	9.00e-19	4.78e-12	1.71e-06	1.00e+00	3.00e-05	0.00e+00
 3.45942e+13	1.63e-34	3.79e-26	1.09e-18	5.49e-12	1.85e-06	1.00e+00	2.78e-05	0.00e+00
 3.58650e+13	2.22e-34	4.90e-26	1.34e-18	6.36e-12	2.00e-06	1.00e+00	2.56e-05	0.00e+00
 3.72881e+13	3.09e-34	6.46e-26	1.68e-18	7.46e-12	2.18e-06	1.00e+00	2.35e-05	0.00e+00
 3.86382e+13	4.20e-34	8.33e-26	2.05e-18	8.62e-12	2.36e-06	1.00e+00	2.17e-05	0.00e+00
 4.00837e+13	5.77e-34	1.08e-25	2.53e-18	1.00e-11	2.56e-06	1.00e+00	2.00e-05	0.00e+00
 4.17170e+13	8.13e-34	1.44e-25	3.18e-18	1.18e-11	2.80e-06	1.00e+00	1.84e-05	0.00e+00
 4.33371e+13	1.13e-33	1.90e-25	3.95e-18	1.37e-11	3.04e-06	1.00e+00	1.69e-05	0.00e+00
 4.50220e+13	1.58e-33	2.50e-25	4.92e-18	1.60e-11	3.31e-06	1.00e+00	1.55e-05	0.00e+00
 4.68528e+13	2.24e-33	3.33e-25	6.18e-18	1.88e-11	3.61e-06	1.00e+00	1.43e-05	0.00e+00
 4.87568e+13	3.20e-33	4.47e-25	7.77e-18	2.20e-11	3.93e-06	1.00e+00	1.31e-05	0.00e+00
 5.05651e+13	4.41e-33	5.82e-25	9.58e-18	2.55e-11	4.26e-06	1.00e+00	1.21e-05	0.00e+00
 5.21946e+13	5.83e-33	7.34e-25	1.15e-17	2.90e-11	4.56e-06	1.00e+00	1.13e-05	0.00e+00
 5.37144e+13	7.53e-33	9.06e-25	1.36e-17	3.25e-11	4.85e-06	1.00e+00	1.06e-05	0.00e+00
 5.53887e+13	9.94e-33	1.14e-24	1.62e-17	3.68e-11	5.18e-06	1.00e+00	9.96e-06	0.00e+00
 5.72757e+13	1.35e-32	1.46e-24	1.97e-17	4.20e-11	5.56e-06	1.00e+00	9.28e-06	0.00e+00
 5.90831e+13	1.79e-32	1.84e-24	2.36e-17	4.76e-11	5.94e-06	1.00e+00	8.69e-06	0.00e+00
 6.10767e+13	2.42e-32	2.35e-24	2.86e-17	5.44e-11	6.37e-06	1.00e+00	8.10e-06	0.00e+00
 6.32952e+13	3.35e-32	3.07e-24	3.52e-17	6.27e-11	6.87e-06	1.00e+00	7.52e-06	0.00e+00
 6.53342e+13	4.47e-32	3.89e-24	4.23e-17	7.12e-11	7.34e-06	1.00e+00	7.03e-06	0.00e+00
 6.72223e+13	5.82e-32	4.83e-24	5.00e-17	7.98e-11	7.79e-06	1.00e+00	6.63e-06	0.00e+00
 6.93858e+13	7.83e-32	6.14e-24	6.01e-17	9.05e-11	8.32e-06	1.00e+00	6.21e-06	0.00e+00
 7.20357e+13	1.12e-31	8.18e-24	7.49e-17	1.05e-10	8.99e-06	1.00e+00	5.75e-06	0.00e+00
 7.46836e+13	1.55e-31	1.07e-23	9.25e-17	1.21e-10	9.70e-06	1.00e+00	5.33e-06	0.00e+00
 7.69874e+13	2.07e-31	1.35e-23	1.11e-16	1.37e-10	1.03e-05	1.00e+00	5.01e-06	0.00e+00
 7.94784e+13	2.81e-31	1.73e-23	1.33e-16	1.55e-10	1.10e-05	1.00e+00	4.69e-06	0.00e+00
 8.25191e+13	4.03e-31	2.32e-23	1.66e-16	1.81e-10	1.19e-05	1.00e+00	4.35e-06	0.00e+00
 8.56189e+13	5.69e-31	3.07e-23	2.07e-16	2.09e-10	1.28e-05	1.00e+00	4.03e-06	0.00e+00
 8.84214e+13	7.77e-31	3.94e-23	2.50e-16	2.38e-10	1.37e-05	1.00e+00	3.78e-06	0.00e+00
 9.14928e+13	1.08e-30	5.15e-23	3.06e-16	2.72e-10	1.47e-05	1.00e+00	3.52e-06	0.00e+00
 9.51083e+13	1.58e-30	6.99e-23	3.85e-16	3.18e-10	1.58e-05	1.00e+00	3.26e-06	0.00e+00
 9.87169e+13	2.26e-30	9.31e-23	4.80e-16	3.68e-10	1.71e-05	1.00e+00	3.02e-06	0.00e+00
 1.02117e+14	3.15e-30	1.22e-22	5.87e-16	4.21e-10	1.83e-05	1.00e+00	2.83e-06	0.00e+00
 1.05880e+14	4.52e-30	1.62e-22	7.28e-16	4.86e-10	1.96e-05	1.00e+00	2.63e-06	0.00e+00
 1.10145e+14	6.61e-30	2.20e-22	9.20e-16	5.69e-10	2.13e-05	1.00e+00	2.43e-06	0.00e+00
 1.14413e+14	9.65e-30	2.98e-22	1.15e-15	6.62e-10	2.29e-05	1.00e+00	2.25e-06	0.00e+00
 1.18852e+14	1.41e-29	4.04e-22	1.45e-15	7.70e-10	2.47e-05	1.00e+00	2.09e-06	0.00e+00
 1.23635e+14	2.09e-29	5.52e-22	1.83e-15	9.00e-10	2.67e-05	1.00e+00	1.93e-06	0.00e+00
 1.28611e+14	3.08e-29	7.55e-22	2.32e-15	1.05e-09	2.89e-05	1.00e+00	1.79e-06	0.00e+00
 1.33419e+14	4.41e-29	1.01e-21	2.88e-15	1.22e-09	3.11e-05	1.00e+00	1.66e-06	0.00e+00
 1.37932e+14	6.14e-29	1.31e-21	3.52e-15	1.39e-09	3.32e-05	1.00e+00	1.56e-06	0.00e+00
 1.42193e+14	8.34e-29	1.67e-21	4.22e-15	1.57e-09	3.52e-05	1.00e+00	1.47e-06	0.00e+00
 1.46841e+14	1.15e-28	2.16e-21	5.11e-15	1.78e-09	3.75e-05	1.00e+00	1.38e-06	0.00e+00
 1.52005e+14	1.60e-28	2.83e-21	6.28e-15	2.05e-09	4.02e-05	1.00e+00	1.28e-06	0.00e+00
 1.56838e+14	2.19e-28	3.64e-21	7.57e-15	2.32e-09	4.28e-05	1.00e+00	1.21e-06	0.00e+00
 1.62119e+14	3.06e-28	4.74e-21	9.24e-15	2.64e-09	4.56e-05	1.00e+00	1.13e-06	0.00e+00
 1.68078e+14	4.37e-28	6.31e-21	1.15e-14	3.05e-09	4.90e-05	1.00e+00	1.05e-06	0.00e+00
 1.73800e+14	6.03e-28	8.18e-21	1.40e-14	3.49e-09	5.24e-05	1.00e+00	9.84e-07	0.00e+00
 1.80094e+14	8.58e-28	1.08e-20	1.73e-14	4.02e-09	5.62e-05	1.00e+00	0.00e+00	0.00e+00
 1.87149e+14	1.26e-27	1.47e-20	2.18e-14	4.68e-09	6.07e-05	1.00e+00	0.00e+00	0.00e+00
 1.93911e+14	1.76e-27	1.94e-20	2.69e-14	5.39e-09	6.52e-05	1.00e+00	0.00e+00	0.00e+00
 2.01122e+14	2.55e-27	2.60e-20	3.34e-14	6.23e-09	7.00e-05	1.00e+00	0.00e+00	0.00e+00
 2.09197e+14	3.70e-27	3.52e-20	4.23e-14	7.29e-09	7.58e-05	1.00e+00	0.00e+00	0.00e+00
 2.16658e+14	5.25e-27	4.65e-20	5.21e-14	8.38e-09	8.13e-05	1.00e+00	0.00e+00	0.00e+00
 2.23116e+14	6.91e-27	5.82e-20	6.21e-14	9.43e-09	8.63e-05	1.00e+00	0.00e+00	0.00e+00
 2.30274e+14	9.48e-27	7.50e-20	7.50e-14	1.07e-08	9.18e-05	1.00e+00	0.00e+00	0.00e+00
 2.39021e+14	1.35e-26	9.98e-20	9.37e-14	1.24e-08	9.90e-05	1.00e+00	0.00e+00	0.00e+00
 2.47880e+14	1.91e-26	1.32e-19	1.16e-13	1.43e-08	1.07e-04	1.00e+00	0.00e+00	0.00e+00
 2.55834e+14	2.62e-26	1.70e-19	1.41e-13	1.63e-08	1.13e-04	1.00e+00	0.00e+00	0.00e+00
 2.64566e+14	3.56e-26	2.19e-19	1.72e-13	1.86e-08	1.22e-04	1.00e+00	0.00e+00	0.00e+00
 2.74906e+14	5.16e-26	2.96e-19	2.16e-13	2.17e-08	1.31e-04	1.00e+00	0.00e+00	0.00e+00
 2.85087e+14	7.27e-26	3.91e-19	2.68e-13	2.51e-08	1.41e-04	1.00e+00	0.00e+00	0.00e+00
 2.94377e+14	9.90e-26	5.02e-19	3.25e-13	2.85e-08	1.51e-04	1.00e+00	0.00e+00	0.00e+00
 3.04759e+14	1.39e-25	6.60e-19	3.99e-13	3.27e-08	1.62e-04	1.00e+00	0.00e+00	0.00e+00
 3.16855e+14	1.99e-25	8.85e-19	5.04e-13	3.82e-08	1.75e-04	1.00e+00	0.00e+00	0.00e+00
 3.28748e+14	2.86e-25	1.18e-18	6.27e-13	4.43e-08	1.88e-04	1.00e+00	0.00e+00	0.00e+00
 3.39994e+14	3.86e-25	1.52e-18	7.66e-13	5.07e-08	2.02e-04	1.00e+00	0.00e+00	0.00e+00
 3.52501e+14	5.52e-25	2.02e-18	9.51e-13	5.85e-08	2.17e-04	1.00e+00	0.00e+00	0.00e+00
 3.66631e+14	7.83e-25	2.70e-18	1.20e-12	6.85e-08	2.35e-04	1.00e+00	0.00e+00	0.00e+00
 3.80750e+14	1.12e-24	3.61e-18	1.50e-12	7.97e-08	2.54e-04	1.00e+00	0.00e+00	0.00e+00
 3.93991e+14	1.56e-24	4.72e-18	1.84e-12	9.13e-08	2.72e-04	1.00e+00	0.00e+00	0.00e+00
 4.08336e+14	2.17e-24	6.19e-18	2.28e-12	1.05e-07	2.92e-04	1.00e+00	0.00e+00	0.00e+00
 4.24356e+14	3.06e-24	8.22e-18	2.87e-12	1.23e-07	3.16e-04	1.00e+00	0.00e+00	0.00e+00
 4.39306e+14	4.29e-24	1.08e-17	3.53e-12	1.41e-07	3.39e-04	1.00e+00	0.00e+00	0.00e+00
 4.53177e+14	5.60e-24	1.35e-17	4.24e-12	1.60e-07	3.61e-04	1.00e+00	0.00e+00	0.00e+00
 4.66530e+14	7.45e-24	1.70e-17	5.04e-12	1.79e-07	3.83e-04	1.00e+00	0.00e+00	0.00e+00
 4.81329e+14	9.78e-24	2.13e-17	6.07e-12	2.03e-07	4.08e-04	1.00e+00	0.00e+00	0.00e+00
 4.97664e+14	1.35e-23	2.77e-17	7.40e-12	2.32e-07	4.36e-04	1.00e+00	0.00e+00	0.00e+00
 5.12891e+14	1.75e-23	3.44e-17	8.85e-12	2.62e-07	4.64e-04	1.00e+00	0.00e+00	0.00e+00
 5.29582e+14	2.38e-23	4.41e-17	1.07e-11	2.98e-07	4.95e-04	1.00e+00	0.00e+00	0.00e+00
 5.48351e+14	3.21e-23	5.67e-17	1.32e-11	3.42e-07	5.32e-04	9.99e-01	0.00e+00	0.00e+00
 5.66183e+14	4.31e-23	7.21e-17	1.59e-11	3.89e-07	5.67e-04	9.99e-01	0.00e+00	0.00e+00
 5.85723e+14	5.94e-23	9.36e-17	1.95e-11	4.45e-07	6.07e-04	9.99e-01	0.00e+00	0.00e+00
 6.07321e+14	8.08e-23	1.21e-16	2.41e-11	5.14e-07	6.54e-04	9.99e-01	0.00e+00	0.00e+00
 6.27224e+14	1.10e-22	1.56e-16	2.93e-11	5.85e-07	6.98e-04	9.99e-01	0.00e+00	0.00e+00
 6.48729e+14	1.46e-22	1.98e-16	3.57e-11	6.69e-07	7.48e-04	9.99e-01	0.00e+00	0.00e+00
 6.72742e+14	2.07e-22	2.62e-16	4.43e-11	7.73e-07	8.05e-04	9.99e-01	0.00e+00	0.00e+00
 6.95370e+14	2.73e-22	3.32e-16	5.39e-11	8.83e-07	8.61e-04	9.99e-01	0.00e+00	0.00e+00
 7.20141e+14	3.78e-22	4.33e-16	6.64e-11	1.01e-06	9.24e-04	9.99e-01	0.00e+00	0.00e+00
 7.47656e+14	5.19e-22	5.65e-16	8.29e-11	1.18e-06	9.99e-04	9.99e-01	0.00e+00	0.00e+00
 7.73216e+14	7.00e-22	7.25e-16	1.01e-10	1.35e-06	1.07e-03	9.99e-01	0.00e+00	0.00e+00
 8.00923e+14	9.45e-22	9.34e-16	1.25e-10	1.55e-06	1.15e-03	9.99e-01	0.00e+00	0.00e+00
 8.32010e+14	1.35e-21	1.25e-15	1.56e-10	1.81e-06	1.24e-03	9.99e-01	0.00e+00	0.00e+00
 8.61605e+14	1.80e-21	1.59e-15	1.92e-10	2.08e-06	1.34e-03	9.99e-01	0.00e+00	0.00e+00
 8.93304e+14	2.49e-21	2.09e-15	2.38e-10	2.40e-06	1.44e-03	9.99e-01	0.00e+00	0.00e+00
 9.29066e+14	3.42e-21	2.74e-15	2.99e-10	2.81e-06	1.56e-03	9.98e-01	0.00e+00	0.00e+00
 9.64069e+14	4.77e-21	3.61e-15	3.72e-10	3.26e-06	1.69e-03	9.98e-01	0.00e+00	0.00e+00
 1.00047e+15	6.41e-21	4.65e-15	4.63e-10	3.78e-06	1.82e-03	9.98e-01	0.00e+00	0.00e+00
 1.04052e+15	9.08e-21	6.22e-15	5.84e-10	4.42e-06	1.98e-03	9.98e-01	0.00e+00	0.00e+00
 1.08006e+15	1.21e-20	8.00e-15	7.26e-10	5.13e-06	2.15e-03	9.98e-01	0.00e+00	0.00e+00
 1.11260e+15	1.56e-20	9.90e-15	8.65e-10	5.78e-06	2.28e-03	9.98e-01	0.00e+00	0.00e+00
 1.13852e+15	1.89e-20	1.16e-14	9.90e-10	6.34e-06	2.40e-03	9.98e-01	0.00e+00	0.00e+00
 1.16725e+15	2.34e-20	1.39e-14	1.15e-09	7.00e-06	2.53e-03	9.97e-01	0.00e+00	0.00e+00
 1.20462e+15	3.01e-20	1.73e-14	1.38e-09	7.95e-06	2.71e-03	9.97e-01	0.00e+00	0.00e+00
 1.24473e+15	3.92e-20	2.17e-14	1.67e-09	9.06e-06	2.91e-03	9.97e-01	0.00e+00	0.00e+00
 1.28043e+15	4.98e-20	2.66e-14	1.97e-09	1.01e-05	3.09e-03	9.97e-01	0.00e+00	0.00e+00
 1.31885e+15	6.26e-20	3.25e-14	2.35e-09	1.14e-05	3.29e-03	9.97e-01	0.00e+00	0.00e+00
 1.36740e+15	8.36e-20	4.17e-14	2.90e-09	1.32e-05	3.56e-03	9.96e-01	0.00e+00	0.00e+00
 1.41661e+15	1.12e-19	5.35e-14	3.57e-09	1.52e-05	3.84e-03	9.96e-01	0.00e+00	0.00e+00
 1.45870e+15	1.41e-19	6.55e-14	4.24e-09	1.71e-05	4.10e-03	9.96e-01	0.00e+00	0.00e+00
 1.50404e+15	1.80e-19	8.07e-14	5.07e-09	1.93e-05	4.39e-03	9.96e-01	0.00e+00	0.00e+00
 1.56027e+15	2.39e-19	1.04e-13	6.28e-09	2.24e-05	4.76e-03	9.95e-01	0.00e+00	0.00e+00
 1.61744e+15	3.20e-19	1.33e-13	7.76e-09	2.59e-05	5.15e-03	9.95e-01	0.00e+00	0.00e+00
 1.66780e+15	4.07e-19	1.64e-13	9.29e-09	2.93e-05	5.51e-03	9.94e-01	0.00e+00	0.00e+00
 1.72253e+15	5.30e-19	2.06e-13	1.12e-08	3.33e-05	5.92e-03	9.94e-01	0.00e+00	0.00e+00
 1.78854e+15	7.13e-19	2.66e-13	1.40e-08	3.87e-05	6.44e-03	9.94e-01	0.00e+00	0.00e+00
 1.85394e+15	9.44e-19	3.41e-13	1.73e-08	4.47e-05	6.98e-03	9.93e-01	0.00e+00	0.00e+00
 1.91203e+15	1.21e-18	4.23e-13	2.08e-08	5.05e-05	7.47e-03	9.92e-01	0.00e+00	0.00e+00
 1.97591e+15	1.57e-18	5.29e-13	2.52e-08	5.76e-05	8.04e-03	9.92e-01	0.00e+00	0.00e+00
 2.05228e+15	2.12e-18	6.89e-13	3.15e-08	6.71e-05	8.75e-03	9.91e-01	0.00e+00	0.00e+00
 2.12840e+15	2.86e-18	8.91e-13	3.91e-08	7.76e-05	9.49e-03	9.90e-01	0.00e+00	0.00e+00
 2.19815e+15	3.69e-18	1.11e-12	4.74e-08	8.82e-05	1.02e-02	9.90e-01	0.00e+00	0.00e+00
 2.27608e+15	4.90e-18	1.42e-12	5.83e-08	1.01e-04	1.10e-02	9.89e-01	0.00e+00	0.00e+00
 2.36654e+15	6.75e-18	1.87e-12	7.35e-08	1.18e-04	1.20e-02	9.88e-01	0.00e+00	0.00e+00
 2.45543e+15	9.12e-18	2.43e-12	9.15e-08	1.37e-04	1.30e-02	9.87e-01	0.00e+00	0.00e+00
 2.54012e+15	1.20e-17	3.09e-12	1.12e-07	1.57e-04	1.41e-02	9.86e-01	0.00e+00	0.00e+00
 2.61425e+15	1.53e-17	3.80e-12	1.33e-07	1.76e-04	1.50e-02	9.85e-01	0.00e+00	0.00e+00
 2.67561e+15	1.86e-17	4.49e-12	1.53e-07	1.93e-04	1.58e-02	9.84e-01	0.00e+00	0.00e+00
 2.74330e+15	2.29e-17	5.37e-12	1.78e-07	2.13e-04	1.67e-02	9.83e-01	0.00e+00	0.00e+00
 2.83130e+15	2.97e-17	6.73e-12	2.15e-07	2.42e-04	1.79e-02	9.82e-01	0.00e+00	0.00e+00
 2.92378e+15	3.92e-17	8.52e-12	2.60e-07	2.75e-04	1.92e-02	9.81e-01	0.00e+00	0.00e+00
 3.00322e+15	4.93e-17	1.04e-11	3.06e-07	3.06e-04	2.04e-02	9.79e-01	0.00e+00	0.00e+00
 3.08765e+15	6.23e-17	1.27e-11	3.62e-07	3.42e-04	2.16e-02	9.78e-01	0.00e+00	0.00e+00
 3.19741e+15	8.46e-17	1.64e-11	4.47e-07	3.93e-04	2.34e-02	9.76e-01	0.00e+00	0.00e+00
 3.31061e+15	1.13e-16	2.11e-11	5.51e-07	4.52e-04	2.52e-02	9.74e-01	0.00e+00	0.00e+00
 3.40521e+15	1.58e-16	2.61e-11	6.54e-07	5.05e-04	2.68e-02	9.73e-01	0.00e+00	0.00e+00
 3.50511e+15	2.02e-16	3.22e-11	7.79e-07	5.67e-04	2.85e-02	9.71e-01	0.00e+00	0.00e+00
 3.63282e+15	2.77e-16	4.21e-11	9.68e-07	6.54e-04	3.09e-02	9.68e-01	0.00e+00	0.00e+00
 3.76704e+15	3.88e-16	5.55e-11	1.21e-06	7.56e-04	3.34e-02	9.66e-01	0.00e+00	0.00e+00
 3.88626e+15	5.09e-16	6.98e-11	1.46e-06	8.55e-04	3.57e-02	9.63e-01	0.00e+00	0.00e+00
 4.01562e+15	6.66e-16	8.82e-11	1.78e-06	9.75e-04	3.83e-02	9.61e-01	0.00e+00	0.00e+00
 4.17052e+15	9.61e-16	1.19e-10	2.24e-06	1.13e-03	4.16e-02	9.57e-01	0.00e+00	0.00e+00
 4.32412e+15	1.34e-15	1.57e-10	2.80e-06	1.31e-03	4.49e-02	9.54e-01	0.00e+00	0.00e+00
 4.46284e+15	1.75e-15	1.97e-10	3.39e-06	1.48e-03	4.80e-02	9.51e-01	0.00e+00	0.00e+00
 4.61676e+15	2.37e-15	2.54e-10	4.17e-06	1.70e-03	5.16e-02	9.47e-01	0.00e+00	0.00e+00
 4.79784e+15	3.52e-15	3.48e-10	5.28e-06	1.98e-03	5.60e-02	9.42e-01	0.00e+00	0.00e+00
 4.97664e+15	4.95e-15	4.62e-10	6.60e-06	2.29e-03	6.04e-02	9.37e-01	0.00e+00	0.00e+00
 5.14363e+15	6.74e-15	5.96e-10	8.08e-06	2.61e-03	6.47e-02	9.33e-01	0.00e+00	0.00e+00
 5.33044e+15	9.33e-15	7.82e-10	1.00e-05	3.01e-03	6.97e-02	9.27e-01	0.00e+00	0.00e+00
 5.54369e+15	1.37e-14	1.07e-09	1.28e-05	3.51e-03	7.57e-02	9.21e-01	0.00e+00	0.00e+00
 5.75358e+15	1.94e-14	1.43e-09	1.60e-05	4.07e-03	8.16e-02	9.14e-01	0.00e+00	0.00e+00
 5.92455e+15	2.56e-14	1.79e-09	1.92e-05	4.57e-03	8.66e-02	9.09e-01	0.00e+00	0.00e+00
 6.05803e+15	3.16e-14	2.13e-09	2.20e-05	4.99e-03	9.06e-02	9.04e-01	0.00e+00	0.00e+00
 6.20455e+15	3.97e-14	2.57e-09	2.54e-05	5.48e-03	9.51e-02	8.99e-01	0.00e+00	0.00e+00
 6.39502e+15	5.11e-14	3.19e-09	3.05e-05	6.17e-03	1.01e-01	8.93e-01	0.00e+00	0.00e+00
 6.60154e+15	7.18e-14	4.18e-09	3.72e-05	7.00e-03	1.08e-01	8.85e-01	0.00e+00	0.00e+00
 6.78635e+15	9.34e-14	5.18e-09	4.40e-05	7.80e-03	1.14e-01	8.78e-01	0.00e+00	0.00e+00
 6.98406e+15	1.22e-13	6.47e-09	5.24e-05	8.73e-03	1.20e-01	8.71e-01	0.00e+00	0.00e+00
 7.23774e+15	1.74e-13	8.63e-09	6.52e-05	1.00e-02	1.29e-01	8.61e-01	0.00e+00	0.00e+00
 7.49491e+15	2.33e-13	1.11e-08	8.05e-05	1.15e-02	1.38e-01	8.51e-01	0.00e+00	0.00e+00
 7.70916e+15	3.08e-13	1.39e-08	9.57e-05	1.28e-02	1.46e-01	8.41e-01	0.00e+00	0.00e+00
 7.93686e+15	4.07e-13	1.75e-08	1.14e-04	1.44e-02	1.54e-01	8.32e-01	0.00e+00	0.00e+00
 8.22689e+15	5.73e-13	2.32e-08	1.42e-04	1.65e-02	1.65e-01	8.19e-01	0.00e+00	0.00e+00
 8.52290e+15	8.46e-13	3.15e-08	1.77e-04	1.90e-02	1.76e-01	8.05e-01	0.00e+00	0.00e+00
 8.77580e+15	1.12e-12	3.97e-08	2.12e-04	2.13e-02	1.86e-01	7.93e-01	0.00e+00	0.00e+00
 9.04770e+15	1.50e-12	5.03e-08	2.55e-04	2.39e-02	1.96e-01	7.80e-01	0.00e+00	0.00e+00
 9.38543e+15	2.07e-12	6.61e-08	3.18e-04	2.75e-02	2.09e-01	7.63e-01	0.00e+00	0.00e+00
 9.72329e+15	3.07e-12	9.01e-08	3.97e-04	3.16e-02	2.23e-01	7.45e-01	0.00e+00	0.00e+00
 1.00126e+16	4.07e-12	1.14e-07	4.74e-04	3.53e-02	2.35e-01	7.30e-01	0.00e+00	0.00e+00
 1.03242e+16	5.46e-12	1.45e-07	5.72e-04	3.97e-02	2.47e-01	7.13e-01	0.00e+00	0.00e+00
 1.07104e+16	7.55e-12	1.90e-07	7.16e-04	4.56e-02	2.62e-01	6.92e-01	0.00e+00	0.00e+00
 1.10882e+16	1.12e-11	2.59e-07	8.90e-04	5.21e-02	2.78e-01	6.69e-01	0.00e+00	0.00e+00
 1.13939e+16	1.46e-11	3.22e-07	1.05e-03	5.77e-02	2.89e-01	6.52e-01	0.00e+00	0.00e+00
 1.17110e+16	1.92e-11	4.03e-07	1.25e-03	6.41e-02	3.02e-01	6.33e-01	0.00e+00	0.00e+00
 1.21232e+16	2.59e-11	5.20e-07	1.54e-03	7.28e-02	3.17e-01	6.09e-01	0.00e+00	0.00e+00
 1.25229e+16	3.76e-11	6.96e-07	1.89e-03	8.23e-02	3.32e-01	5.84e-01	0.00e+00	0.00e+00
 1.28041e+16	4.63e-11	8.27e-07	2.16e-03	8.93e-02	3.42e-01	5.66e-01	0.00e+00	0.00e+00
 1.30677e+16	5.71e-11	9.82e-07	2.46e-03	9.64e-02	3.51e-01	5.50e-01	0.00e+00	0.00e+00
 1.34103e+16	7.22e-11	1.20e-06	2.89e-03	1.06e-01	3.63e-01	5.28e-01	0.00e+00	0.00e+00
 1.37946e+16	1.01e-10	1.55e-06	3.47e-03	1.18e-01	3.76e-01	5.03e-01	0.00e+00	0.00e+00
 1.41358e+16	1.29e-10	1.90e-06	4.05e-03	1.29e-01	3.86e-01	4.82e-01	0.00e+00	0.00e+00
 1.44821e+16	1.65e-10	2.33e-06	4.73e-03	1.41e-01	3.95e-01	4.60e-01	0.00e+00	0.00e+00
 1.48720e+16	2.11e-10	2.87e-06	5.60e-03	1.55e-01	4.05e-01	4.35e-01	0.00e+00	0.00e+00
 1.52406e+16	2.88e-10	3.65e-06	6.59e-03	1.69e-01	4.14e-01	4.10e-01	0.00e+00	0.00e+00
 1.55725e+16	3.62e-10	4.39e-06	7.58e-03	1.83e-01	4.20e-01	3.90e-01	0.00e+00	0.00e+00
 1.59348e+16	4.64e-10	5.37e-06	8.84e-03	1.98e-01	4.26e-01	3.67e-01	0.00e+00	0.00e+00
 1.63324e+16	5.88e-10	6.56e-06	1.04e-02	2.16e-01	4.31e-01	3.42e-01	0.00e+00	0.00e+00
 1.66950e+16	7.98e-10	8.28e-06	1.21e-02	2.34e-01	4.35e-01	3.19e-01	0.00e+00	0.00e+00
 1.70255e+16	9.99e-10	9.93e-06	1.39e-02	2.51e-01	4.37e-01	2.98e-01	0.00e+00	0.00e+00
 1.73449e+16	1.25e-09	1.19e-05	1.58e-02	2.68e-01	4.38e-01	2.79e-01	0.00e+00	0.00e+00
 1.77098e+16	1.60e-09	1.45e-05	1.84e-02	2.88e-01	4.37e-01	2.57e-01	0.00e+00	0.00e+00
 1.80927e+16	2.08e-09	1.79e-05	2.15e-02	3.09e-01	4.34e-01	2.35e-01	0.00e+00	0.00e+00
 1.84120e+16	2.61e-09	2.14e-05	2.44e-02	3.28e-01	4.30e-01	2.17e-01	0.00e+00	0.00e+00
 1.86913e+16	3.09e-09	2.47e-05	2.73e-02	3.45e-01	4.26e-01	2.02e-01	0.00e+00	0.00e+00
 1.90056e+16	4.12e-09	3.06e-05	3.12e-02	3.66e-01	4.20e-01	1.84e-01	0.00e+00	0.00e+00
 1.93372e+16	4.94e-09	3.58e-05	3.56e-02	3.86e-01	4.11e-01	1.67e-01	0.00e+00	0.00e+00
 1.96278e+16	6.57e-09	4.41e-05	4.04e-02	4.06e-01	4.02e-01	1.51e-01	0.00e+00	0.00e+00
 1.98870e+16	8.03e-09	5.16e-05	4.50e-02	4.24e-01	3.93e-01	1.38e-01	0.00e+00	0.00e+00
 2.01199e+16	9.67e-09	5.97e-05	4.97e-02	4.40e-01	3.84e-01	1.27e-01	0.00e+00	0.00e+00
 2.03384e+16	1.16e-08	6.86e-05	5.46e-02	4.55e-01	3.74e-01	1.16e-01	0.00e+00	0.00e+00
 2.05872e+16	1.34e-08	7.78e-05	6.06e-02	4.72e-01	3.62e-01	1.06e-01	0.00e+00	0.00e+00
 2.08679e+16	1.79e-08	9.62e-05	6.88e-02	4.92e-01	3.46e-01	9.28e-02	0.00e+00	0.00e+00
 2.11171e+16	2.13e-08	1.11e-04	7.66e-02	5.09e-01	3.32e-01	8.26e-02	0.00e+00	0.00e+00
 2.13244e+16	2.77e-08	1.34e-04	8.46e-02	5.24e-01	3.18e-01	7.36e-02	0.00e+00	0.00e+00
 2.15142e+16	3.33e-08	1.54e-04	9.24e-02	5.37e-01	3.04e-01	6.61e-02	0.00e+00	0.00e+00
 2.17245e+16	3.83e-08	1.73e-04	1.02e-01	5.51e-01	2.89e-01	5.84e-02	0.00e+00	0.00e+00
 2.19526e+16	4.77e-08	2.04e-04	1.13e-01	5.66e-01	2.70e-01	5.02e-02	0.00e+00	0.00e+00
 2.21453e+16	5.92e-08	2.40e-04	1.24e-01	5.78e-01	2.54e-01	4.36e-02	0.00e+00	0.00e+00
 2.22985e+16	7.49e-08	2.83e-04	1.35e-01	5.87e-01	2.39e-01	3.82e-02	0.00e+00	0.00e+00
 2.24338e+16	8.76e-08	3.18e-04	1.44e-01	5.95e-01	2.26e-01	3.40e-02	0.00e+00	0.00e+00
 2.25842e+16	9.99e-08	3.52e-04	1.55e-01	6.04e-01	2.11e-01	2.95e-02	0.00e+00	0.00e+00
 2.27490e+16	1.29e-07	4.22e-04	1.69e-01	6.12e-01	1.94e-01	2.47e-02	0.00e+00	0.00e+00
 2.28872e+16	1.47e-07	4.66e-04	1.81e-01	6.18e-01	1.80e-01	2.12e-02	0.00e+00	0.00e+00
 2.29985e+16	1.80e-07	5.37e-04	1.92e-01	6.23e-01	1.67e-01	1.83e-02	0.00e+00	0.00e+00
 2.30935e+16	1.97e-07	5.76e-04	2.01e-01	6.26e-01	1.56e-01	1.61e-02	0.00e+00	0.00e+00
 2.31904e+16	2.26e-07	6.35e-04	2.11e-01	6.29e-01	1.45e-01	1.39e-02	0.00e+00	0.00e+00
 2.33165e+16	2.87e-07	7.51e-04	2.26e-01	6.32e-01	1.30e-01	1.12e-02	0.00e+00	0.00e+00
 2.34168e+16	3.12e-07	8.02e-04	2.37e-01	6.34e-01	1.19e-01	9.46e-03	0.00e+00	0.00e+00
 2.34707e+16	3.57e-07	8.77e-04	2.44e-01	6.35e-01	1.12e-01	8.43e-03	0.00e+00	0.00e+00
 2.35163e+16	3.82e-07	9.20e-04	2.49e-01	6.35e-01	1.07e-01	7.68e-03	0.00e+00	0.00e+00
 2.35644e+16	4.09e-07	9.68e-04	2.55e-01	6.36e-01	1.01e-01	6.92e-03	0.00e+00	0.00e+00
 2.36270e+16	4.52e-07	1.04e-03	2.63e-01	6.36e-01	9.33e-02	5.98e-03	0.00e+00	0.00e+00
 2.36948e+16	5.02e-07	1.12e-03	2.72e-01	6.36e-01	8.55e-02	5.07e-03	0.00e+00	0.00e+00
 2.37550e+16	5.39e-07	1.18e-03	2.80e-01	6.36e-01	7.88e-02	4.37e-03	0.00e+00	0.00e+00
 2.38185e+16	6.15e-07	1.29e-03	2.89e-01	6.35e-01	7.15e-02	3.62e-03	0.00e+00	0.00e+00
 2.38813e+16	6.76e-07	1.38e-03	2.97e-01	6.34e-01	6.49e-02	3.03e-03	0.00e+00	0.00e+00
 2.39336e+16	7.32e-07	1.46e-03	3.03e-01	6.33e-01	5.96e-02	2.58e-03	0.00e+00	0.00e+00
 2.39918e+16	8.02e-07	1.55e-03	3.11e-01	6.31e-01	5.37e-02	2.13e-03	0.00e+00	0.00e+00
 2.40675e+16	9.03e-07	1.69e-03	3.21e-01	6.29e-01	4.66e-02	1.63e-03	0.00e+00	0.00e+00
 2.41438e+16	1.01e-06	1.83e-03	3.31e-01	6.26e-01	4.03e-02	1.24e-03	0.00e+00	0.00e+00
 2.42059e+16	1.11e-06	1.95e-03	3.39e-01	6.23e-01	3.55e-02	9.83e-04	0.00e+00	0.00e+00
 2.42720e+16	1.22e-06	2.08e-03	3.47e-01	6.20e-01	3.08e-02	7.53e-04	0.00e+00	0.00e+00
 2.43578e+16	1.38e-06	2.26e-03	3.57e-01	6.15e-01	2.54e-02	5.27e-04	0.00e+00	0.00e+00
 2.44491e+16	1.56e-06	2.46e-03	3.67e-01	6.09e-01	2.08e-02	3.60e-04	0.00e+00	0.00e+00
 2.45327e+16	1.74e-06	2.65e-03	3.76e-01	6.04e-01	1.72e-02	2.52e-04	0.00e+00	0.00e+00
 2.46265e+16	1.96e-06	2.87e-03	3.86e-01	5.97e-01	1.38e-02	1.66e-04	0.00e+00	0.00e+00
 2.47483e+16	2.27e-06	3.15e-03	3.98e-01	5.88e-01	1.04e-02	9.76e-05	0.00e+00	0.00e+00
 2.49067e+16	2.71e-06	3.54e-03	4.12e-01	5.77e-01	7.32e-03	4.94e-05	0.00e+00	0.00e+00
 2.50805e+16	3.25e-06	3.99e-03	4.27e-01	5.64e-01	5.08e-03	2.43e-05	0.00e+00	0.00e+00
 2.52745e+16	3.95e-06	4.52e-03	4.43e-01	5.49e-01	3.43e-03	1.12e-05	0.00e+00	0.00e+00
 2.55266e+16	5.08e-06	5.32e-03	4.63e-01	5.29e-01	2.12e-03	4.36e-06	0.00e+00	0.00e+00
 2.58013e+16	6.71e-06	6.37e-03	4.86e-01	5.06e-01	1.32e-03	1.68e-06	0.00e+00	0.00e+00
 2.60458e+16	8.71e-06	7.54e-03	5.07e-01	4.84e-01	8.83e-04	7.54e-07	0.00e+00	0.00e+00
 2.62139e+16	1.05e-05	8.53e-03	5.23e-01	4.68e-01	6.85e-04	0.00e+00	0.00e+00	0.00e+00
 2.63103e+16	1.18e-05	9.18e-03	5.32e-01	4.58e-01	5.90e-04	0.00e+00	0.00e+00	0.00e+00
 2.64038e+16	1.31e-05	9.86e-03	5.42e-01	4.48e-01	5.08e-04	0.00e+00	0.00e+00	0.00e+00
 2.65254e+16	1.51e-05	1.08e-02	5.54e-01	4.35e-01	4.19e-04	0.00e+00	0.00e+00	0.00e+00
 2.66833e+16	1.83e-05	1.23e-02	5.70e-01	4.17e-01	3.26e-04	0.00e+00	0.00e+00	0.00e+00
 2.68405e+16	2.24e-05	1.41e-02	5.87e-01	3.98e-01	2.57e-04	0.00e+00	0.00e+00	0.00e+00
 2.69576e+16	2.62e-05	1.56e-02	6.00e-01	3.84e-01	2.15e-04	0.00e+00	0.00e+00	0.00e+00
 2.70553e+16	2.99e-05	1.71e-02	6.11e-01	3.72e-01	1.85e-04	0.00e+00	0.00e+00	0.00e+00
 2.71667e+16	3.50e-05	1.89e-02	6.24e-01	3.57e-01	1.55e-04	0.00e+00	0.00e+00	0.00e+00
 2.72806e+16	4.13e-05	2.12e-02	6.37e-01	3.41e-01	1.29e-04	0.00e+00	0.00e+00	0.00e+00
 2.73699e+16	4.72e-05	2.32e-02	6.48e-01	3.29e-01	1.12e-04	0.00e+00	0.00e+00	0.00e+00
 2.74445e+16	5.30e-05	2.50e-02	6.57e-01	3.18e-01	9.91e-05	0.00e+00	0.00e+00	0.00e+00
 2.75280e+16	6.04e-05	2.74e-02	6.67e-01	3.06e-01	8.60e-05	0.00e+00	0.00e+00	0.00e+00
 2.76215e+16	7.03e-05	3.03e-02	6.78e-01	2.92e-01	7.33e-05	0.00e+00	0.00e+00	0.00e+00
 2.77067e+16	8.10e-05	3.34e-02	6.87e-01	2.79e-01	6.33e-05	0.00e+00	0.00e+00	0.00e+00
 2.77803e+16	9.19e-05	3.63e-02	6.96e-01	2.68e-01	5.56e-05	0.00e+00	0.00e+00	0.00e+00
 2.78601e+16	1.06e-04	3.99e-02	7.05e-01	2.55e-01	4.80e-05	0.00e+00	0.00e+00	0.00e+00
 2.79465e+16	1.24e-04	4.44e-02	7.14e-01	2.41e-01	4.09e-05	0.00e+00	0.00e+00	0.00e+00
 2.80211e+16	1.42e-04	4.88e-02	7.22e-01	2.29e-01	3.55e-05	0.00e+00	0.00e+00	0.00e+00
 2.80847e+16	1.61e-04	5.30e-02	7.28e-01	2.19e-01	3.13e-05	0.00e+00	0.00e+00	0.00e+00
 2.81541e+16	1.84e-04	5.81e-02	7.34e-01	2.07e-01	2.71e-05	0.00e+00	0.00e+00	0.00e+00
 2.82307e+16	2.15e-04	6.45e-02	7.40e-01	1.95e-01	2.31e-05	0.00e+00	0.00e+00	0.00e+00
 2.82989e+16	2.48e-04	7.11e-02	7.45e-01	1.83e-01	2.00e-05	0.00e+00	0.00e+00	0.00e+00
 2.83570e+16	2.81e-04	7.73e-02	7.49e-01	1.74e-01	1.75e-05	0.00e+00	0.00e+00	0.00e+00
 2.84200e+16	3.23e-04	8.48e-02	7.52e-01	1.63e-01	1.51e-05	0.00e+00	0.00e+00	0.00e+00
 2.84893e+16	3.77e-04	9.42e-02	7.54e-01	1.52e-01	1.28e-05	0.00e+00	0.00e+00	0.00e+00
 2.85507e+16	4.35e-04	1.04e-01	7.55e-01	1.41e-01	1.10e-05	0.00e+00	0.00e+00	0.00e+00
 2.86031e+16	4.94e-04	1.13e-01	7.54e-01	1.33e-01	9.60e-06	0.00e+00	0.00e+00	0.00e+00
 2.86602e+16	5.69e-04	1.24e-01	7.52e-01	1.23e-01	8.22e-06	0.00e+00	0.00e+00	0.00e+00
 2.87232e+16	6.67e-04	1.38e-01	7.49e-01	1.13e-01	6.88e-06	0.00e+00	0.00e+00	0.00e+00
 2.87794e+16	7.71e-04	1.52e-01	7.44e-01	1.04e-01	5.83e-06	0.00e+00	0.00e+00	0.00e+00
 2.88278e+16	8.79e-04	1.65e-01	7.38e-01	9.58e-02	5.01e-06	0.00e+00	0.00e+00	0.00e+00
 2.88807e+16	1.02e-03	1.82e-01	7.30e-01	8.74e-02	4.21e-06	0.00e+00	0.00e+00	0.00e+00
 2.89390e+16	1.20e-03	2.02e-01	7.18e-01	7.84e-02	3.45e-06	0.00e+00	0.00e+00	0.00e+00
 2.89914e+16	1.40e-03	2.23e-01	7.05e-01	7.05e-02	2.84e-06	0.00e+00	0.00e+00	0.00e+00
 2.90378e+16	1.61e-03	2.44e-01	6.91e-01	6.36e-02	2.38e-06	0.00e+00	0.00e+00	0.00e+00
 2.90892e+16	1.88e-03	2.69e-01	6.73e-01	5.62e-02	1.92e-06	0.00e+00	0.00e+00	0.00e+00
 2.91462e+16	2.26e-03	3.01e-01	6.49e-01	4.84e-02	1.49e-06	0.00e+00	0.00e+00	0.00e+00
 2.91980e+16	2.67e-03	3.34e-01	6.22e-01	4.16e-02	1.17e-06	0.00e+00	0.00e+00	0.00e+00
 2.92453e+16	3.13e-03	3.67e-01	5.95e-01	3.57e-02	9.13e-07	0.00e+00	0.00e+00	0.00e+00
 2.92987e+16	3.74e-03	4.08e-01	5.59e-01	2.94e-02	0.00e+00	0.00e+00	0.00e+00	0.00e+00
 2.93558e+16	4.57e-03	4.57e-01	5.15e-01	2.33e-02	0.00e+00	0.00e+00	0.00e+00	0.00e+00
 2.94037e+16	5.44e-03	5.03e-01	4.73e-01	1.87e-02	0.00e+00	0.00e+00	0.00e+00	0.00e+00
 2.94419e+16	6.25e-03	5.41e-01	4.37e-01	1.53e-02	0.00e+00	0.00e+00	0.00e+00	0.00e+00
 2.94759e+16	7.12e-03	5.77e-01	4.03e-01	1.26e-02	0.00e+00	0.00e+00	0.00e+00	0.00e+00
 2.95151e+16	8.23e-03	6.19e-01	3.62e-01	9.85e-03	0.00e+00	0.00e+00	0.00e+00	0.00e+00
 2.95567e+16	9.66e-03	6.65e-01	3.18e-01	7.37e-03	0.00e+00	0.00e+00	0.00e+00	0.00e+00
 2.95913e+16	1.11e-02	7.04e-01	2.79e-01	5.59e-03	0.00e+00	0.00e+00	0.00e+00	0.00e+00
 2.96196e+16	1.24e-02	7.35e-01	2.48e-01	4.38e-03	0.00e+00	0.00e+00	0.00e+00	0.00e+00
 2.96498e+16	1.40e-02	7.67e-01	2.16e-01	3.29e-03	0.00e+00	0.00e+00	0.00e+00	0.00e+00
 2.96832e+16	1.59e-02	8.00e-01	1.81e-01	2.33e-03	0.00e+00	0.00e+00	0.00e+00	0.00e+00
 2.97126e+16	1.80e-02	8.28e-01	1.52e-01	1.66e-03	0.00e+00	0.00e+00	0.00e+00	0.00e+00
 2.97371e+16	1.99e-02	8.49e-01	1.30e-01	1.22e-03	0.00e+00	0.00e+00	0.00e+00	0.00e+00
 2.97595e+16	2.20e-02	8.66e-01	1.11e-01	9.08e-04	0.00e+00	0.00e+00	0.00e+00	0.00e+00
 2.97851e+16	2.45e-02	8.84e-01	9.12e-02	6.29e-04	0.00e+00	0.00e+00	0.00e+00	0.00e+00
 2.98129e+16	2.77e-02	9.00e-01	7.23e-02	4.09e-04	0.00e+00	0.00e+00	0.00e+00	0.00e+00
 2.98368e+16	3.09e-02	9.11e-01	5.80e-02	2.73e-04	0.00e+00	0.00e+00	0.00e+00	0.00e+00
 2.98565e+16	3.38e-02	9.18e-01	4.78e-02	1.91e-04	0.00e+00	0.00e+00	0.00e+00	0.00e+00
 2.98777e+16	3.74e-02	9.24e-01	3.83e-02	1.27e-04	0.00e+00	0.00e+00	0.00e+00	0.00e+00
 2.99001e+16	4.16e-02	9.28e-01	2.98e-02	8.09e-05	0.00e+00	0.00e+00	0.00e+00	0.00e+00
 2.99188e+16	4.56e-02	9.31e-01	2.38e-02	5.38e-05	0.00e+00	0.00e+00	0.00e+00	0.00e+00
 2.99344e+16	4.93e-02	9.31e-01	1.96e-02	3.79e-05	0.00e+00	0.00e+00	0.00e+00	0.00e+00
 2.99506e+16	5.35e-02	9.31e-01	1.58e-02	2.57e-05	0.00e+00	0.00e+00	0.00e+00	0.00e+00
 2.99678e+16	5.85e-02	9.29e-01	1.25e-02	1.68e-05	0.00e+00	0.00e+00	0.00e+00	0.00e+00
 2.99834e+16	6.34e-02	9.27e-01	1.00e-02	1.12e-05	0.00e+00	0.00e+00	0.00e+00	0.00e+00
 2.99973e+16	6.83e-02	9.24e-01	8.14e-03	7.73e-06	0.00e+00	0.00e+00	0.00e+00	0.00e+00
 3.00097e+16	7.29e-02	9.20e-01	6.72e-03	5.48e-06	0.00e+00	0.00e+00	0.00e+00	0.00e+00
 3.00215e+16	7.76e-02	9.17e-01	5.57e-03	3.90e-06	0.00e+00	0.00e+00	0.00e+00	0.00e+00
 3.00329e+16	8.25e-02	9.13e-01	4.63e-03	2.79e-06	0.00e+00	0.00e+00	0.00e+00	0.00e+00
 3.00435e+16	8.73e-02	9.09e-01	3.88e-03	2.02e-06	0.00e+00	0.00e+00	0.00e+00	0.00e+00
 3.00516e+16	9.10e-02	9.06e-01	3.38e-03	1.59e-06	0.00e+00	0.00e+00	0.00e+00	0.00e+00
 3.00568e+16	9.36e-02	9.03e-01	3.10e-03	1.35e-06	0.00e+00	0.00e+00	0.00e+00	0.00e+00
 3.00614e+16	9.59e-02	9.01e-01	2.86e-03	1.17e-06	0.00e+00	0.00e+00	0.00e+00	0.00e+00
 3.00668e+16	9.90e-02	8.98e-01	2.59e-03	9.78e-07	0.00e+00	0.00e+00	0.00e+00	0.00e+00
 3.00727e+16	1.02e-01	8.95e-01	2.33e-03	0.00e+00	0.00e+00	0.00e+00	0.00e+00	0.00e+00
 3.00784e+16	1.06e-01	8.92e-01	2.10e-03	0.00e+00	0.00e+00	0.00e+00	0.00e+00	0.00e+00
 3.00838e+16	1.09e-01	8.89e-01	1.90e-03	0.00e+00	0.00e+00	0.00e+00	0.00e+00	0.00e+00
 3.00891e+16	1.12e-01	8.86e-01	1.72e-03	0.00e+00	0.00e+00	0.00e+00	0.00e+00	0.00e+00
 3.00943e+16	1.15e-01	8.83e-01	1.56e-03	0.00e+00	0.00e+00	0.00e+00	0.00e+00	0.00e+00
 3.00996e+16	1.19e-01	8.80e-01	1.41e-03	0.00e+00	0.00e+00	0.00e+00	0.00e+00	0.00e+00
 3.01047e+16	1.22e-01	8.77e-01	1.27e-03	0.00e+00	0.00e+00	0.00e+00	0.00e+00	0.00e+00
 3.01098e+16	1.26e-01	8.73e-01	1.15e-03	0.00e+00	0.00e+00	0.00e+00	0.00e+00	0.00e+00
 3.01149e+16	1.30e-01	8.69e-01	1.04e-03	0.00e+00	0.00e+00	0.00e+00	0.00e+00	0.00e+00
 3.01199e+16	1.34e-01	8.65e-01	9.39e-04	0.00e+00	0.00e+00	0.00e+00	0.00e+00	0.00e+00
 3.01249e+16	1.38e-01	8.61e-01	8.47e-04	0.00e+00	0.00e+00	0.00e+00	0.00e+00	0.00e+00
 3.01298e+16	1.42e-01	8.57e-01	7.66e-04	0.00e+00	0.00e+00	0.00e+00	0.00e+00	0.00e+00
 3.01345e+16	1.46e-01	8.53e-01	6.92e-04	0.00e+00	0.00e+00	0.00e+00	0.00e+00	0.00e+00
 3.01393e+16	1.51e-01	8.49e-01	6.25e-04	0.00e+00	0.00e+00	0.00e+00	0.00e+00	0.00e+00
 3.01440e+16	1.55e-01	8.44e-01	5.64e-04	0.00e+00	0.00e+00	0.00e+00	0.00e+00	0.00e+00
 3.01487e+16	1.60e-01	8.40e-01	5.08e-04	0.00e+00	0.00e+00	0.00e+00	0.00e+00	0.00e+00
 3.01533e+16	1.65e-01	8.34e-01	4.59e-04	0.00e+00	0.00e+00	0.00e+00	0.00e+00	0.00e+00
 3.01578e+16	1.70e-01	8.29e-01	4.14e-04	0.00e+00	0.00e+00	0.00e+00	0.00e+00	0.00e+00
 3.01623e+16	1.76e-01	8.24e-01	3.73e-04	0.00e+00	0.00e+00	0.00e+00	0.00e+00	0.00e+00
 3.01667e+16	1.82e-01	8.18e-01	3.36e-04	0.00e+00	0.00e+00	0.00e+00	0.00e+00	0.00e+00
 3.01712e+16	1.88e-01	8.12e-01	3.03e-04	0.00e+00	0.00e+00	0.00e+00	0.00e+00	0.00e+00
 3.01755e+16	1.94e-01	8.06e-01	2.73e-04	0.00e+00	0.00e+00	0.00e+00	0.00e+00	0.00e+00
 3.01797e+16	2.01e-01	7.99e-01	2.46e-04	0.00e+00	0.00e+00	0.00e+00	0.00e+00	0.00e+00
 3.01839e+16	2.08e-01	7.92e-01	2.21e-04	0.00e+00	0.00e+00	0.00e+00	0.00e+00	0.00e+00
 3.01881e+16	2.16e-01	7.84e-01	1.99e-04	0.00e+00	0.00e+00	0.00e+00	0.00e+00	0.00e+00
 3.01922e+16	2.24e-01	7.76e-01	1.79e-04	0.00e+00	0.00e+00	0.00e+00	0.00e+00	0.00e+00
 3.01962e+16	2.32e-01	7.68e-01	1.61e-04	0.00e+00	0.00e+00	0.00e+00	0.00e+00	0.00e+00
 3.02001e+16	2.41e-01	7.59e-01	1.44e-04	0.00e+00	0.00e+00	0.00e+00	0.00e+00	0.00e+00
 3.02040e+16	2.51e-01	7.49e-01	1.29e-04	0.00e+00	0.00e+00	0.00e+00	0.00e+00	0.00e+00
 3.02078e+16	2.60e-01	7.40e-01	1.16e-04	0.00e+00	0.00e+00	0.00e+00	0.00e+00	0.00e+00
 3.02115e+16	2.72e-01	7.28e-01	1.05e-04	0.00e+00	0.00e+00	0.00e+00	0.00e+00	0.00e+00
 3.02152e+16	2.83e-01	7.17e-01	9.39e-05	0.00e+00	0.00e+00	0.00e+00	0.00e+00	0.00e+00
 3.02187e+16	2.95e-01	7.05e-01	8.43e-05	0.00e+00	0.00e+00	0.00e+00	0.00e+00	0.00e+00
 3.02222e+16	3.07e-01	6.93e-01	7.58e-05	0.00e+00	0.00e+00	0.00e+00	0.00e+00	0.00e+00
 3.02256e+16	3.20e-01	6.80e-01	6.79e-05	0.00e+00	0.00e+00	0.00e+00	0.00e+00	0.00e+00
 3.02290e+16	3.34e-01	6.66e-01	6.09e-05	0.00e+00	0.00e+00	0.00e+00	0.00e+00	0.00e+00
 3.02323e+16	3.49e-01	6.51e-01	5.46e-05	0.00e+00	0.00e+00	0.00e+00	0.00e+00	0.00e+00
 3.02355e+16	3.65e-01	6.35e-01	4.88e-05	0.00e+00	0.00e+00	0.00e+00	0.00e+00	0.00e+00
 3.02387e+16	3.81e-01	6.19e-01	4.37e-05	0.00e+00	0.00e+00	0.00e+00	0.00e+00	0.00e+00
 3.02419e+16	4.00e-01	6.00e-01	3.89e-05	0.00e+00	0.00e+00	0.00e+00	0.00e+00	0.00e+00
 3.02449e+16	4.18e-01	5.82e-01	3.47e-05	0.00e+00	0.00e+00	0.00e+00	0.00e+00	0.00e+00
 3.02479e+16	4.37e-01	5.63e-01	3.09e-05	0.00e+00	0.00e+00	0.00e+00	0.00e+00	0.00e+00
 3.02509e+16	4.57e-01	5.43e-01	2.75e-05	0.00e+00	0.00e+00	0.00e+00	0.00e+00	0.00e+00
 3.02538e+16	4.78e-01	5.22e-01	2.43e-05	0.00e+00	0.00e+00	0.00e+00	0.00e+00	0.00e+00
 3.02567e+16	4.99e-01	5.01e-01	2.15e-05	0.00e+00	0.00e+00	0.00e+00	0.00e+00	0.00e+00
 3.02596e+16	5.21e-01	4.79e-01	1.90e-05	0.00e+00	0.00e+00	0.00e+00	0.00e+00	0.00e+00
 3.02624e+16	5.44e-01	4.56e-01	1.67e-05	0.00e+00	0.00e+00	0.00e+00	0.00e+00	0.00e+00
