#depth	C	C+	C+2	C+3	C+4	C+5	C+6	C[1]	C[2]	C[3]	C+[1]	C+[2]	CO
 1.49634e+10	0.00e+00	2.22e-33	2.12e-23	4.63e-14	5.17e-04	5.85e-01	4.15e-01	0.00e+00	0.00e+00	0.00e+00	0.00e+00	0.00e+00	3.05e-162
 4.54887e+10	4.56e-44	3.15e-33	2.78e-23	5.62e-14	5.79e-04	6.04e-01	3.96e-01	0.00e+00	0.00e+00	0.00e+00	0.00e+00	0.00e+00	2.58e-240
 7.72350e+10	0.00e+00	4.48e-33	3.65e-23	6.82e-14	6.48e-04	6.23e-01	3.77e-01	0.00e+00	0.00e+00	0.00e+00	0.00e+00	0.00e+00	4.13e-161
 1.10251e+11	1.08e-43	6.37e-33	4.79e-23	8.25e-14	7.25e-04	6.41e-01	3.58e-01	0.00e+00	0.00e+00	0.00e+00	0.00e+00	0.00e+00	1.86e-228
 1.44588e+11	0.00e+00	9.03e-33	6.28e-23	9.98e-14	8.10e-04	6.59e-01	3.40e-01	0.00e+00	0.00e+00	0.00e+00	0.00e+00	0.00e+00	5.53e-160
 1.78005e+11	2.48e-43	1.25e-32	8.08e-23	1.19e-13	8.97e-04	6.76e-01	3.23e-01	0.00e+00	0.00e+00	0.00e+00	0.00e+00	0.00e+00	6.42e-194
 2.09696e+11	0.00e+00	1.69e-32	1.02e-22	1.40e-13	9.85e-04	6.90e-01	3.09e-01	0.00e+00	0.00e+00	0.00e+00	0.00e+00	0.00e+00	5.68e-159
 2.44949e+11	5.32e-43	2.33e-32	1.30e-22	1.67e-13	1.09e-03	7.06e-01	2.93e-01	0.00e+00	0.00e+00	0.00e+00	0.00e+00	0.00e+00	3.81e-193
 2.83568e+11	0.00e+00	3.27e-32	1.69e-22	2.00e-13	1.21e-03	7.22e-01	2.77e-01	0.00e+00	0.00e+00	0.00e+00	0.00e+00	0.00e+00	6.64e-158
 3.20856e+11	1.19e-42	4.47e-32	2.15e-22	2.37e-13	1.33e-03	7.36e-01	2.63e-01	0.00e+00	0.00e+00	0.00e+00	0.00e+00	0.00e+00	9.97e-204
 3.60743e+11	0.00e+00	6.19e-32	2.76e-22	2.82e-13	1.47e-03	7.50e-01	2.48e-01	0.00e+00	0.00e+00	0.00e+00	0.00e+00	0.00e+00	7.23e-157
 4.05100e+11	2.71e-42	8.75e-32	3.61e-22	3.40e-13	1.63e-03	7.65e-01	2.34e-01	0.00e+00	0.00e+00	0.00e+00	0.00e+00	0.00e+00	3.25e-203
 4.49876e+11	0.00e+00	1.23e-31	4.67e-22	4.07e-13	1.80e-03	7.78e-01	2.20e-01	0.00e+00	0.00e+00	0.00e+00	0.00e+00	0.00e+00	9.37e-156
 4.96443e+11	6.22e-42	1.72e-31	6.05e-22	4.87e-13	2.00e-03	7.91e-01	2.07e-01	0.00e+00	0.00e+00	0.00e+00	0.00e+00	0.00e+00	7.61e-214
 5.46227e+11	0.00e+00	2.43e-31	7.89e-22	5.85e-13	2.21e-03	8.04e-01	1.94e-01	0.00e+00	0.00e+00	0.00e+00	0.00e+00	0.00e+00	1.22e-154
 5.98003e+11	1.46e-41	3.43e-31	1.03e-21	7.04e-13	2.45e-03	8.16e-01	1.81e-01	0.00e+00	0.00e+00	0.00e+00	0.00e+00	0.00e+00	0.00e+00
 6.51850e+11	0.00e+00	4.85e-31	1.34e-21	8.46e-13	2.72e-03	8.28e-01	1.69e-01	0.00e+00	0.00e+00	0.00e+00	0.00e+00	0.00e+00	1.65e-153
 7.07851e+11	3.44e-41	6.86e-31	1.75e-21	1.02e-12	3.01e-03	8.39e-01	1.58e-01	0.00e+00	0.00e+00	0.00e+00	0.00e+00	0.00e+00	0.00e+00
 7.66092e+11	0.00e+00	9.71e-31	2.28e-21	1.22e-12	3.33e-03	8.49e-01	1.48e-01	0.00e+00	0.00e+00	0.00e+00	0.00e+00	0.00e+00	2.24e-152
 8.26662e+11	8.11e-41	1.37e-30	2.98e-21	1.47e-12	3.69e-03	8.59e-01	1.38e-01	0.00e+00	0.00e+00	0.00e+00	0.00e+00	0.00e+00	0.00e+00
 8.89655e+11	0.00e+00	1.95e-30	3.88e-21	1.76e-12	4.08e-03	8.68e-01	1.28e-01	0.00e+00	0.00e+00	0.00e+00	0.00e+00	0.00e+00	3.06e-151
 9.48763e+11	1.84e-40	2.67e-30	4.94e-21	2.08e-12	4.47e-03	8.76e-01	1.20e-01	0.00e+00	0.00e+00	0.00e+00	0.00e+00	0.00e+00	6.49e-198
 1.00120e+12	0.00e+00	3.49e-30	6.08e-21	2.40e-12	4.84e-03	8.82e-01	1.13e-01	0.00e+00	0.00e+00	0.00e+00	0.00e+00	0.00e+00	2.76e-150
 1.05973e+12	3.69e-40	4.68e-30	7.61e-21	2.80e-12	5.27e-03	8.88e-01	1.07e-01	0.00e+00	0.00e+00	0.00e+00	0.00e+00	0.00e+00	0.00e+00
 1.12963e+12	0.00e+00	6.58e-30	9.87e-21	3.35e-12	5.81e-03	8.95e-01	9.91e-02	0.00e+00	0.00e+00	0.00e+00	0.00e+00	0.00e+00	2.98e-149
 1.20010e+12	8.44e-40	9.15e-30	1.27e-20	3.99e-12	6.39e-03	9.01e-01	9.23e-02	0.00e+00	0.00e+00	0.00e+00	0.00e+00	0.00e+00	0.00e+00
 1.26579e+12	0.00e+00	1.23e-29	1.59e-20	4.66e-12	6.95e-03	9.07e-01	8.65e-02	0.00e+00	0.00e+00	0.00e+00	0.00e+00	0.00e+00	3.13e-148
 1.33873e+12	1.81e-39	1.70e-29	2.03e-20	5.52e-12	7.62e-03	9.12e-01	8.06e-02	0.00e+00	0.00e+00	0.00e+00	0.00e+00	0.00e+00	0.00e+00
 1.42221e+12	0.00e+00	2.41e-29	2.67e-20	6.65e-12	8.43e-03	9.17e-01	7.46e-02	0.00e+00	0.00e+00	0.00e+00	0.00e+00	0.00e+00	3.90e-147
 1.50500e+12	4.26e-39	3.39e-29	3.46e-20	7.94e-12	9.29e-03	9.22e-01	6.91e-02	0.00e+00	0.00e+00	0.00e+00	0.00e+00	0.00e+00	0.00e+00
 1.59110e+12	0.00e+00	4.76e-29	4.48e-20	9.49e-12	1.02e-02	9.26e-01	6.41e-02	0.00e+00	0.00e+00	0.00e+00	0.00e+00	0.00e+00	4.91e-146
 1.68467e+12	1.01e-38	6.80e-29	5.89e-20	1.14e-11	1.13e-02	9.30e-01	5.91e-02	0.00e+00	0.00e+00	0.00e+00	0.00e+00	0.00e+00	1.29e-205
 1.77994e+12	0.00e+00	9.65e-29	7.69e-20	1.38e-11	1.25e-02	9.33e-01	5.45e-02	0.00e+00	0.00e+00	0.00e+00	0.00e+00	0.00e+00	6.86e-145
 1.86846e+12	2.29e-38	1.32e-28	9.78e-20	1.62e-11	1.37e-02	9.36e-01	5.07e-02	0.00e+00	0.00e+00	0.00e+00	0.00e+00	0.00e+00	0.00e+00
 1.94973e+12	0.00e+00	1.75e-28	1.21e-19	1.88e-11	1.48e-02	9.38e-01	4.76e-02	0.00e+00	0.00e+00	0.00e+00	0.00e+00	0.00e+00	6.24e-144
 2.04243e+12	4.75e-38	2.38e-28	1.54e-19	2.21e-11	1.61e-02	9.40e-01	4.42e-02	0.00e+00	0.00e+00	0.00e+00	0.00e+00	0.00e+00	2.96e-203
 2.15169e+12	0.00e+00	3.39e-28	2.01e-19	2.66e-11	1.78e-02	9.41e-01	4.07e-02	0.00e+00	0.00e+00	0.00e+00	0.00e+00	0.00e+00	7.35e-143
 2.25989e+12	1.12e-37	4.76e-28	2.61e-19	3.18e-11	1.96e-02	9.43e-01	3.76e-02	0.00e+00	0.00e+00	0.00e+00	0.00e+00	0.00e+00	6.47e-215
 2.36045e+12	0.00e+00	6.46e-28	3.29e-19	3.73e-11	2.14e-02	9.44e-01	3.50e-02	0.00e+00	0.00e+00	0.00e+00	0.00e+00	0.00e+00	7.96e-142
 2.47283e+12	2.44e-37	8.97e-28	4.23e-19	4.42e-11	2.34e-02	9.44e-01	3.23e-02	0.00e+00	0.00e+00	0.00e+00	0.00e+00	0.00e+00	5.30e-214
 2.60166e+12	0.00e+00	1.29e-27	5.60e-19	5.36e-11	2.59e-02	9.44e-01	2.96e-02	0.00e+00	0.00e+00	0.00e+00	0.00e+00	0.00e+00	1.03e-140
 2.72802e+12	5.88e-37	1.83e-27	7.30e-19	6.42e-11	2.85e-02	9.44e-01	2.72e-02	0.00e+00	0.00e+00	0.00e+00	0.00e+00	0.00e+00	0.00e+00
 2.85942e+12	0.00e+00	2.58e-27	9.51e-19	7.69e-11	3.13e-02	9.44e-01	2.50e-02	0.00e+00	0.00e+00	0.00e+00	0.00e+00	0.00e+00	1.32e-139
 3.00373e+12	1.42e-36	3.72e-27	1.26e-18	9.32e-11	3.47e-02	9.42e-01	2.29e-02	0.00e+00	0.00e+00	0.00e+00	0.00e+00	0.00e+00	5.08e-225
 3.14858e+12	0.00e+00	5.32e-27	1.65e-18	1.12e-10	3.82e-02	9.41e-01	2.09e-02	0.00e+00	0.00e+00	0.00e+00	0.00e+00	0.00e+00	1.87e-138
 3.29923e+12	3.41e-36	7.59e-27	2.17e-18	1.35e-10	4.21e-02	9.39e-01	1.91e-02	0.00e+00	0.00e+00	0.00e+00	0.00e+00	0.00e+00	0.00e+00
 3.46113e+12	0.00e+00	1.10e-26	2.88e-18	1.64e-10	4.66e-02	9.36e-01	1.74e-02	0.00e+00	0.00e+00	0.00e+00	0.00e+00	0.00e+00	2.67e-137
 3.62139e+12	8.32e-36	1.56e-26	3.78e-18	1.97e-10	5.12e-02	9.33e-01	1.59e-02	0.00e+00	0.00e+00	0.00e+00	0.00e+00	0.00e+00	3.03e-223
 3.78806e+12	0.00e+00	2.22e-26	4.95e-18	2.37e-10	5.63e-02	9.29e-01	1.45e-02	0.00e+00	0.00e+00	0.00e+00	0.00e+00	0.00e+00	3.52e-136
 3.96951e+12	2.03e-35	3.21e-26	6.58e-18	2.87e-10	6.21e-02	9.25e-01	1.32e-02	0.00e+00	0.00e+00	0.00e+00	0.00e+00	0.00e+00	0.00e+00
 4.15821e+12	0.00e+00	4.65e-26	8.74e-18	3.48e-10	6.85e-02	9.20e-01	1.20e-02	0.00e+00	0.00e+00	0.00e+00	0.00e+00	0.00e+00	5.24e-135
 4.35447e+12	5.05e-35	6.73e-26	1.16e-17	4.22e-10	7.55e-02	9.14e-01	1.08e-02	0.00e+00	0.00e+00	0.00e+00	0.00e+00	0.00e+00	1.75e-249
 4.55858e+12	7.96e-35	9.73e-26	1.54e-17	5.12e-10	8.32e-02	9.07e-01	9.79e-03	0.00e+00	0.00e+00	0.00e+00	0.00e+00	0.00e+00	6.89e-116
 4.77085e+12	1.25e-34	1.41e-25	2.05e-17	6.20e-10	9.15e-02	9.00e-01	8.84e-03	0.00e+00	0.00e+00	0.00e+00	0.00e+00	0.00e+00	4.03e-98
 4.96298e+12	1.86e-34	1.94e-25	2.62e-17	7.33e-10	9.95e-02	8.92e-01	8.07e-03	0.00e+00	0.00e+00	0.00e+00	0.00e+00	0.00e+00	0.00e+00
 5.12317e+12	2.56e-34	2.51e-25	3.20e-17	8.38e-10	1.06e-01	8.86e-01	7.50e-03	0.00e+00	0.00e+00	0.00e+00	0.00e+00	0.00e+00	1.48e-114
 5.29859e+12	3.59e-34	3.30e-25	3.95e-17	9.66e-10	1.14e-01	8.79e-01	6.93e-03	0.00e+00	0.00e+00	0.00e+00	0.00e+00	0.00e+00	4.15e-97
 5.52065e+12	5.42e-34	4.61e-25	5.11e-17	1.15e-09	1.24e-01	8.70e-01	6.29e-03	0.00e+00	0.00e+00	0.00e+00	0.00e+00	0.00e+00	0.00e+00
 5.75274e+12	8.20e-34	6.46e-25	6.63e-17	1.37e-09	1.35e-01	8.59e-01	5.69e-03	0.00e+00	0.00e+00	0.00e+00	0.00e+00	0.00e+00	3.16e-113
 5.95122e+12	1.15e-33	8.51e-25	8.21e-17	1.58e-09	1.44e-01	8.50e-01	5.23e-03	0.00e+00	0.00e+00	0.00e+00	0.00e+00	0.00e+00	5.53e-96
 6.15663e+12	1.62e-33	1.12e-24	1.01e-16	1.82e-09	1.54e-01	8.41e-01	4.81e-03	0.00e+00	0.00e+00	0.00e+00	0.00e+00	0.00e+00	0.00e+00
 6.41314e+12	2.43e-33	1.56e-24	1.31e-16	2.17e-09	1.67e-01	8.28e-01	4.34e-03	0.00e+00	0.00e+00	0.00e+00	0.00e+00	0.00e+00	5.60e-112
 6.67360e+12	3.62e-33	2.16e-24	1.68e-16	2.56e-09	1.81e-01	8.15e-01	3.91e-03	0.00e+00	0.00e+00	0.00e+00	0.00e+00	0.00e+00	7.00e-95
 6.90008e+12	5.04e-33	2.82e-24	2.07e-16	2.94e-09	1.93e-01	8.03e-01	3.58e-03	0.00e+00	0.00e+00	0.00e+00	0.00e+00	0.00e+00	3.90e-111
 7.14491e+12	7.10e-33	3.73e-24	2.57e-16	3.40e-09	2.06e-01	7.91e-01	3.27e-03	0.00e+00	0.00e+00	0.00e+00	0.00e+00	0.00e+00	3.14e-94
 7.44392e+12	1.06e-32	5.17e-24	3.31e-16	4.02e-09	2.22e-01	7.75e-01	2.93e-03	0.00e+00	0.00e+00	0.00e+00	0.00e+00	0.00e+00	2.87e-110
 7.74899e+12	1.57e-32	7.11e-24	4.23e-16	4.73e-09	2.39e-01	7.58e-01	2.62e-03	0.00e+00	0.00e+00	0.00e+00	0.00e+00	0.00e+00	1.86e-93
 8.02829e+12	2.21e-32	9.38e-24	5.24e-16	5.46e-09	2.54e-01	7.43e-01	2.38e-03	0.00e+00	0.00e+00	0.00e+00	0.00e+00	0.00e+00	2.10e-109
 8.33846e+12	3.18e-32	1.26e-23	6.58e-16	6.34e-09	2.71e-01	7.26e-01	2.14e-03	0.00e+00	0.00e+00	0.00e+00	0.00e+00	0.00e+00	9.10e-93
 8.69902e+12	4.77e-32	1.75e-23	8.48e-16	7.49e-09	2.91e-01	7.07e-01	1.90e-03	0.00e+00	0.00e+00	0.00e+00	0.00e+00	0.00e+00	1.71e-108
 9.05471e+12	6.97e-32	2.38e-23	1.07e-15	8.75e-09	3.11e-01	6.87e-01	1.69e-03	0.00e+00	0.00e+00	0.00e+00	0.00e+00	0.00e+00	5.40e-92
 9.39358e+12	9.84e-32	3.15e-23	1.33e-15	1.01e-08	3.29e-01	6.69e-01	1.52e-03	0.00e+00	0.00e+00	0.00e+00	0.00e+00	0.00e+00	1.26e-107
 9.76821e+12	1.42e-31	4.22e-23	1.67e-15	1.17e-08	3.49e-01	6.49e-01	1.35e-03	0.00e+00	0.00e+00	0.00e+00	0.00e+00	0.00e+00	2.73e-91
 1.01889e+13	2.09e-31	5.79e-23	2.12e-15	1.36e-08	3.72e-01	6.27e-01	1.19e-03	0.00e+00	0.00e+00	0.00e+00	0.00e+00	0.00e+00	1.03e-106
 1.06114e+13	3.03e-31	7.81e-23	2.67e-15	1.58e-08	3.94e-01	6.05e-01	1.05e-03	0.00e+00	0.00e+00	0.00e+00	0.00e+00	0.00e+00	1.59e-90
 1.09899e+13	4.17e-31	1.01e-22	3.25e-15	1.79e-08	4.13e-01	5.86e-01	9.44e-04	0.00e+00	0.00e+00	0.00e+00	0.00e+00	0.00e+00	7.25e-106
 1.13113e+13	5.41e-31	1.24e-22	3.81e-15	1.98e-08	4.29e-01	5.70e-01	8.62e-04	0.00e+00	0.00e+00	0.00e+00	0.00e+00	0.00e+00	6.15e-90
 1.16584e+13	7.08e-31	1.55e-22	4.50e-15	2.20e-08	4.45e-01	5.54e-01	7.84e-04	0.00e+00	0.00e+00	0.00e+00	0.00e+00	0.00e+00	3.28e-105
 1.21066e+13	9.91e-31	2.03e-22	5.52e-15	2.51e-08	4.67e-01	5.33e-01	6.95e-04	0.00e+00	0.00e+00	0.00e+00	0.00e+00	0.00e+00	2.56e-89
 1.25748e+13	1.39e-30	2.65e-22	6.77e-15	2.86e-08	4.88e-01	5.12e-01	6.15e-04	0.00e+00	0.00e+00	0.00e+00	0.00e+00	0.00e+00	2.28e-104
 1.29771e+13	1.83e-30	3.31e-22	8.00e-15	3.17e-08	5.05e-01	4.94e-01	5.55e-04	0.00e+00	0.00e+00	0.00e+00	0.00e+00	0.00e+00	1.10e-88
 1.34056e+13	2.42e-30	4.15e-22	9.49e-15	3.53e-08	5.23e-01	4.76e-01	4.98e-04	0.00e+00	0.00e+00	0.00e+00	0.00e+00	0.00e+00	1.16e-103
 1.39358e+13	3.39e-30	5.43e-22	1.16e-14	4.00e-08	5.45e-01	4.55e-01	4.38e-04	0.00e+00	0.00e+00	0.00e+00	0.00e+00	0.00e+00	4.85e-88
 1.44802e+13	4.71e-30	7.07e-22	1.42e-14	4.52e-08	5.66e-01	4.34e-01	3.85e-04	0.00e+00	0.00e+00	0.00e+00	0.00e+00	0.00e+00	8.20e-103
 1.49719e+13	6.27e-30	8.87e-22	1.68e-14	5.01e-08	5.84e-01	4.16e-01	3.43e-04	0.00e+00	0.00e+00	0.00e+00	0.00e+00	0.00e+00	2.16e-87
 1.55128e+13	8.46e-30	1.13e-21	2.00e-14	5.59e-08	6.03e-01	3.97e-01	3.04e-04	0.00e+00	0.00e+00	0.00e+00	0.00e+00	0.00e+00	4.68e-102
 1.61031e+13	1.16e-29	1.45e-21	2.42e-14	6.26e-08	6.22e-01	3.78e-01	2.67e-04	0.00e+00	0.00e+00	0.00e+00	0.00e+00	0.00e+00	9.76e-87
 1.66376e+13	1.53e-29	1.80e-21	2.84e-14	6.90e-08	6.39e-01	3.61e-01	2.38e-04	0.00e+00	0.00e+00	0.00e+00	0.00e+00	0.00e+00	2.73e-101
 1.72123e+13	2.02e-29	2.25e-21	3.35e-14	7.62e-08	6.56e-01	3.44e-01	2.11e-04	0.00e+00	0.00e+00	0.00e+00	0.00e+00	0.00e+00	3.86e-86
 1.78610e+13	2.75e-29	2.87e-21	4.01e-14	8.49e-08	6.74e-01	3.26e-01	1.85e-04	0.00e+00	0.00e+00	0.00e+00	0.00e+00	0.00e+00	1.64e-100
 1.84781e+13	3.64e-29	3.59e-21	4.72e-14	9.35e-08	6.90e-01	3.10e-01	1.63e-04	0.00e+00	0.00e+00	0.00e+00	0.00e+00	0.00e+00	1.66e-85
 1.91528e+13	4.89e-29	4.52e-21	5.60e-14	1.03e-07	7.06e-01	2.94e-01	1.43e-04	0.00e+00	0.00e+00	0.00e+00	0.00e+00	0.00e+00	9.45e-100
 1.99007e+13	6.68e-29	5.79e-21	6.71e-14	1.15e-07	7.23e-01	2.77e-01	1.25e-04	0.00e+00	0.00e+00	0.00e+00	0.00e+00	0.00e+00	7.71e-85
 2.05951e+13	8.83e-29	7.22e-21	7.88e-14	1.26e-07	7.37e-01	2.63e-01	1.10e-04	0.00e+00	0.00e+00	0.00e+00	0.00e+00	0.00e+00	5.84e-99
 2.13494e+13	1.18e-28	9.07e-21	9.30e-14	1.39e-07	7.52e-01	2.48e-01	9.62e-05	0.00e+00	0.00e+00	0.00e+00	0.00e+00	0.00e+00	3.28e-84
 2.21975e+13	1.62e-28	1.16e-20	1.11e-13	1.54e-07	7.67e-01	2.33e-01	8.31e-05	0.00e+00	0.00e+00	0.00e+00	0.00e+00	0.00e+00	3.82e-98
 2.30020e+13	2.15e-28	1.45e-20	1.31e-13	1.69e-07	7.80e-01	2.19e-01	7.27e-05	0.00e+00	0.00e+00	0.00e+00	0.00e+00	0.00e+00	1.52e-83
 2.38675e+13	2.90e-28	1.83e-20	1.55e-13	1.86e-07	7.94e-01	2.06e-01	6.33e-05	0.00e+00	0.00e+00	0.00e+00	0.00e+00	0.00e+00	2.36e-97
 2.48325e+13	3.97e-28	2.35e-20	1.85e-13	2.06e-07	8.07e-01	1.93e-01	5.44e-05	0.00e+00	0.00e+00	0.00e+00	0.00e+00	0.00e+00	7.37e-83
 2.57647e+13	5.33e-28	2.95e-20	2.18e-13	2.26e-07	8.19e-01	1.81e-01	4.73e-05	0.00e+00	0.00e+00	0.00e+00	0.00e+00	0.00e+00	1.61e-96
 2.67538e+13	7.19e-28	3.73e-20	2.57e-13	2.48e-07	8.30e-01	1.70e-01	4.10e-05	0.00e+00	0.00e+00	0.00e+00	0.00e+00	0.00e+00	3.45e-82
 2.78539e+13	9.88e-28	4.78e-20	3.07e-13	2.74e-07	8.42e-01	1.58e-01	3.51e-05	0.00e+00	0.00e+00	0.00e+00	0.00e+00	0.00e+00	1.13e-95
 2.89584e+13	1.34e-27	6.07e-20	3.64e-13	3.00e-07	8.53e-01	1.47e-01	3.02e-05	0.00e+00	0.00e+00	0.00e+00	0.00e+00	0.00e+00	1.78e-81
 3.01072e+13	1.83e-27	7.70e-20	4.31e-13	3.30e-07	8.63e-01	1.37e-01	2.60e-05	0.00e+00	0.00e+00	0.00e+00	0.00e+00	0.00e+00	8.01e-95
 3.13414e+13	2.50e-27	9.84e-20	5.12e-13	3.63e-07	8.72e-01	1.28e-01	2.22e-05	0.00e+00	0.00e+00	0.00e+00	0.00e+00	0.00e+00	9.13e-81
 3.26250e+13	3.43e-27	1.26e-19	6.08e-13	3.98e-07	8.81e-01	1.19e-01	1.90e-05	0.00e+00	0.00e+00	0.00e+00	0.00e+00	0.00e+00	6.02e-94
 3.38881e+13	4.62e-27	1.58e-19	7.15e-13	4.35e-07	8.89e-01	1.11e-01	1.64e-05	0.00e+00	0.00e+00	0.00e+00	0.00e+00	0.00e+00	4.64e-80
 3.50632e+13	6.04e-27	1.94e-19	8.26e-13	4.70e-07	8.96e-01	1.04e-01	1.43e-05	0.00e+00	0.00e+00	0.00e+00	0.00e+00	0.00e+00	3.69e-93
 3.61352e+13	7.64e-27	2.33e-19	9.39e-13	5.04e-07	9.02e-01	9.82e-02	1.27e-05	0.00e+00	0.00e+00	0.00e+00	0.00e+00	0.00e+00	1.77e-79
 3.72980e+13	9.79e-27	2.82e-19	1.07e-12	5.41e-07	9.07e-01	9.26e-02	1.12e-05	0.00e+00	0.00e+00	0.00e+00	0.00e+00	0.00e+00	1.75e-92
 3.86104e+13	1.28e-26	3.48e-19	1.24e-12	5.85e-07	9.13e-01	8.67e-02	9.80e-06	0.00e+00	0.00e+00	0.00e+00	0.00e+00	0.00e+00	7.05e-79
 3.98617e+13	1.64e-26	4.21e-19	1.42e-12	6.28e-07	9.18e-01	8.17e-02	8.65e-06	0.00e+00	0.00e+00	0.00e+00	0.00e+00	0.00e+00	9.34e-92
 4.12328e+13	2.14e-26	5.16e-19	1.63e-12	6.77e-07	9.23e-01	7.66e-02	7.57e-06	0.00e+00	0.00e+00	0.00e+00	0.00e+00	0.00e+00	2.81e-78
 4.27811e+13	2.85e-26	6.44e-19	1.90e-12	7.35e-07	9.29e-01	7.14e-02	6.54e-06	0.00e+00	0.00e+00	0.00e+00	0.00e+00	0.00e+00	5.55e-91
 4.42092e+13	3.69e-26	7.85e-19	2.18e-12	7.89e-07	9.33e-01	6.71e-02	5.75e-06	0.00e+00	0.00e+00	0.00e+00	0.00e+00	0.00e+00	1.21e-77
 4.55032e+13	4.63e-26	9.33e-19	2.46e-12	8.40e-07	9.36e-01	6.35e-02	5.13e-06	0.00e+00	0.00e+00	0.00e+00	0.00e+00	0.00e+00	2.66e-90
 4.69731e+13	5.93e-26	1.13e-18	2.80e-12	9.00e-07	9.40e-01	5.98e-02	4.52e-06	0.00e+00	0.00e+00	0.00e+00	0.00e+00	0.00e+00	4.37e-77
 4.87750e+13	7.94e-26	1.41e-18	3.27e-12	9.77e-07	9.44e-01	5.56e-02	3.90e-06	0.00e+00	0.00e+00	0.00e+00	0.00e+00	0.00e+00	9.64e-77
 5.05799e+13	1.06e-25	1.76e-18	3.80e-12	1.06e-06	9.48e-01	5.18e-02	3.37e-06	0.00e+00	0.00e+00	0.00e+00	0.00e+00	0.00e+00	2.08e-76
 5.21645e+13	1.35e-25	2.11e-18	4.30e-12	1.13e-06	9.51e-01	4.88e-02	2.99e-06	0.00e+00	0.00e+00	0.00e+00	0.00e+00	0.00e+00	4.05e-76
 5.38910e+13	1.74e-25	2.57e-18	4.92e-12	1.21e-06	9.54e-01	4.58e-02	2.63e-06	0.00e+00	0.00e+00	0.00e+00	0.00e+00	0.00e+00	8.03e-76
 5.59791e+13	2.33e-25	3.22e-18	5.74e-12	1.31e-06	9.57e-01	4.26e-02	2.26e-06	0.00e+00	0.00e+00	0.00e+00	0.00e+00	0.00e+00	1.80e-75
 5.80654e+13	3.12e-25	4.01e-18	6.67e-12	1.42e-06	9.60e-01	3.97e-02	1.95e-06	0.00e+00	0.00e+00	0.00e+00	0.00e+00	0.00e+00	3.94e-75
 5.99369e+13	4.00e-25	4.85e-18	7.58e-12	1.51e-06	9.63e-01	3.73e-02	1.72e-06	0.00e+00	0.00e+00	0.00e+00	0.00e+00	0.00e+00	7.76e-75
 6.20014e+13	5.21e-25	5.94e-18	8.70e-12	1.62e-06	9.65e-01	3.49e-02	1.51e-06	0.00e+00	0.00e+00	0.00e+00	0.00e+00	0.00e+00	1.61e-74
 6.44467e+13	7.03e-25	7.48e-18	1.02e-11	1.76e-06	9.68e-01	3.24e-02	1.29e-06	0.00e+00	0.00e+00	0.00e+00	0.00e+00	0.00e+00	3.66e-74
 6.68760e+13	9.41e-25	9.33e-18	1.18e-11	1.90e-06	9.70e-01	3.01e-02	1.12e-06	0.00e+00	0.00e+00	0.00e+00	0.00e+00	0.00e+00	8.10e-74
 6.91378e+13	1.22e-24	1.14e-17	1.35e-11	2.03e-06	9.72e-01	2.82e-02	9.79e-07	0.00e+00	0.00e+00	0.00e+00	0.00e+00	0.00e+00	1.66e-73
 7.16684e+13	1.63e-24	1.41e-17	1.56e-11	2.19e-06	9.74e-01	2.63e-02	0.00e+00	0.00e+00	0.00e+00	0.00e+00	0.00e+00	0.00e+00	3.60e-73
 7.45650e+13	2.22e-24	1.79e-17	1.83e-11	2.38e-06	9.76e-01	2.43e-02	0.00e+00	0.00e+00	0.00e+00	0.00e+00	0.00e+00	0.00e+00	8.42e-73
 7.74312e+13	2.98e-24	2.24e-17	2.13e-11	2.57e-06	9.77e-01	2.26e-02	0.00e+00	0.00e+00	0.00e+00	0.00e+00	0.00e+00	0.00e+00	1.90e-72
 8.04120e+13	4.02e-24	2.80e-17	2.48e-11	2.78e-06	9.79e-01	2.10e-02	0.00e+00	0.00e+00	0.00e+00	0.00e+00	0.00e+00	0.00e+00	4.28e-72
 8.36584e+13	5.47e-24	3.55e-17	2.91e-11	3.01e-06	9.81e-01	1.94e-02	0.00e+00	0.00e+00	0.00e+00	0.00e+00	0.00e+00	0.00e+00	1.01e-71
 8.70347e+13	7.45e-24	4.49e-17	3.41e-11	3.26e-06	9.82e-01	1.80e-02	0.00e+00	0.00e+00	0.00e+00	0.00e+00	0.00e+00	0.00e+00	2.35e-71
 9.02920e+13	9.95e-24	5.59e-17	3.96e-11	3.52e-06	9.83e-01	1.67e-02	0.00e+00	0.00e+00	0.00e+00	0.00e+00	1.79e-17	3.80e-17	5.20e-71
 9.33420e+13	1.30e-23	6.81e-17	4.52e-11	3.77e-06	9.84e-01	1.56e-02	0.00e+00	0.00e+00	0.00e+00	0.00e+00	2.26e-17	4.55e-17	1.06e-70
 9.67679e+13	1.72e-23	8.45e-17	5.22e-11	4.05e-06	9.85e-01	1.46e-02	0.00e+00	0.00e+00	0.00e+00	0.00e+00	2.80e-17	5.64e-17	2.32e-70
 1.00248e+14	2.26e-23	1.04e-16	6.03e-11	4.36e-06	9.86e-01	1.36e-02	0.00e+00	0.00e+00	0.00e+00	0.00e+00	3.46e-17	6.96e-17	4.91e-70
 1.03127e+14	2.83e-23	1.23e-16	6.75e-11	4.61e-06	9.87e-01	1.28e-02	0.00e+00	0.00e+00	0.00e+00	0.00e+00	4.10e-17	8.25e-17	9.09e-70
 1.06144e+14	3.54e-23	1.46e-16	7.58e-11	4.89e-06	9.88e-01	1.21e-02	0.00e+00	0.00e+00	0.00e+00	0.00e+00	4.86e-17	9.78e-17	1.68e-69
 1.10020e+14	4.69e-23	1.81e-16	8.76e-11	5.27e-06	9.89e-01	1.13e-02	0.00e+00	0.00e+00	0.00e+00	0.00e+00	6.02e-17	1.21e-16	3.61e-69
 1.14108e+14	6.20e-23	2.25e-16	1.01e-10	5.68e-06	9.90e-01	1.05e-02	0.00e+00	0.00e+00	0.00e+00	0.00e+00	7.48e-17	1.50e-16	7.97e-69
 1.17709e+14	7.91e-23	2.71e-16	1.15e-10	6.05e-06	9.90e-01	9.84e-03	0.00e+00	0.00e+00	0.00e+00	0.00e+00	8.99e-17	1.81e-16	1.53e-68
 1.21586e+14	1.02e-22	3.28e-16	1.31e-10	6.47e-06	9.91e-01	9.22e-03	0.00e+00	0.00e+00	0.00e+00	0.00e+00	1.09e-16	2.19e-16	3.05e-68
 1.26268e+14	1.36e-22	4.11e-16	1.53e-10	6.99e-06	9.91e-01	8.54e-03	0.00e+00	0.00e+00	0.00e+00	0.00e+00	1.36e-16	2.75e-16	6.80e-68
 1.31020e+14	1.81e-22	5.12e-16	1.77e-10	7.55e-06	9.92e-01	7.92e-03	0.00e+00	0.00e+00	0.00e+00	0.00e+00	1.70e-16	3.42e-16	1.49e-67
 1.35440e+14	2.34e-22	6.24e-16	2.03e-10	8.08e-06	9.93e-01	7.41e-03	0.00e+00	0.00e+00	0.00e+00	0.00e+00	2.07e-16	4.17e-16	3.02e-67
 1.40367e+14	3.09e-22	7.70e-16	2.34e-10	8.70e-06	9.93e-01	6.88e-03	0.00e+00	0.00e+00	0.00e+00	0.00e+00	2.56e-16	5.15e-16	6.42e-67
 1.45640e+14	4.10e-22	9.59e-16	2.72e-10	9.40e-06	9.94e-01	6.39e-03	0.00e+00	0.00e+00	0.00e+00	0.00e+00	3.18e-16	6.41e-16	1.40e-66
 1.50314e+14	5.21e-22	1.16e-15	3.09e-10	1.00e-05	9.94e-01	5.99e-03	0.00e+00	0.00e+00	0.00e+00	0.00e+00	3.84e-16	7.73e-16	2.72e-66
 1.55301e+14	6.69e-22	1.40e-15	3.53e-10	1.07e-05	9.94e-01	5.60e-03	0.00e+00	0.00e+00	0.00e+00	0.00e+00	4.66e-16	9.39e-16	5.41e-66
 1.61297e+14	8.94e-22	1.76e-15	4.11e-10	1.16e-05	9.95e-01	5.18e-03	0.00e+00	0.00e+00	0.00e+00	0.00e+00	5.83e-16	1.17e-15	1.20e-65
 1.67230e+14	1.17e-21	2.18e-15	4.76e-10	1.25e-05	9.95e-01	4.81e-03	0.00e+00	0.00e+00	0.00e+00	0.00e+00	7.22e-16	1.46e-15	2.56e-65
 1.72500e+14	1.49e-21	2.62e-15	5.40e-10	1.34e-05	9.95e-01	4.51e-03	0.00e+00	0.00e+00	0.00e+00	0.00e+00	8.68e-16	1.75e-15	4.92e-65
 1.78282e+14	1.91e-21	3.18e-15	6.17e-10	1.43e-05	9.96e-01	4.22e-03	0.00e+00	0.00e+00	0.00e+00	0.00e+00	1.06e-15	2.13e-15	9.83e-65
 1.85197e+14	2.55e-21	3.99e-15	7.21e-10	1.55e-05	9.96e-01	3.90e-03	0.00e+00	0.00e+00	0.00e+00	0.00e+00	1.32e-15	2.66e-15	2.18e-64
 1.92082e+14	3.35e-21	4.95e-15	8.35e-10	1.67e-05	9.96e-01	3.62e-03	0.00e+00	0.00e+00	0.00e+00	0.00e+00	1.64e-15	3.31e-15	4.67e-64
 1.98364e+14	4.28e-21	5.99e-15	9.52e-10	1.79e-05	9.97e-01	3.39e-03	0.00e+00	0.00e+00	0.00e+00	0.00e+00	1.99e-15	4.00e-15	9.19e-64
 2.05362e+14	5.53e-21	7.35e-15	1.10e-09	1.92e-05	9.97e-01	3.15e-03	0.00e+00	0.00e+00	0.00e+00	0.00e+00	2.44e-15	4.92e-15	1.90e-63
 2.13518e+14	7.41e-21	9.25e-15	1.28e-09	2.08e-05	9.97e-01	2.91e-03	0.00e+00	0.00e+00	0.00e+00	0.00e+00	3.07e-15	6.19e-15	4.25e-63
 2.21533e+14	9.77e-21	1.15e-14	1.49e-09	2.25e-05	9.97e-01	2.70e-03	0.00e+00	0.00e+00	0.00e+00	0.00e+00	3.82e-15	7.70e-15	9.25e-63
 2.29089e+14	1.25e-20	1.40e-14	1.70e-09	2.41e-05	9.97e-01	2.52e-03	0.00e+00	0.00e+00	0.00e+00	0.00e+00	4.65e-15	9.39e-15	1.87e-62
 2.37504e+14	1.64e-20	1.74e-14	1.97e-09	2.60e-05	9.98e-01	2.34e-03	0.00e+00	0.00e+00	0.00e+00	0.00e+00	5.76e-15	1.16e-14	3.96e-62
 2.47034e+14	2.19e-20	2.19e-14	2.31e-09	2.82e-05	9.98e-01	2.16e-03	0.00e+00	0.00e+00	0.00e+00	0.00e+00	7.26e-15	1.47e-14	8.99e-62
 2.56059e+14	2.85e-20	2.71e-14	2.67e-09	3.03e-05	9.98e-01	2.00e-03	0.00e+00	0.00e+00	0.00e+00	0.00e+00	8.98e-15	1.81e-14	1.91e-61
 2.64264e+14	3.59e-20	3.27e-14	3.03e-09	3.24e-05	9.98e-01	1.88e-03	0.00e+00	0.00e+00	0.00e+00	0.00e+00	1.08e-14	2.19e-14	3.69e-61
 2.73555e+14	4.63e-20	4.01e-14	3.48e-09	3.47e-05	9.98e-01	1.75e-03	0.00e+00	0.00e+00	0.00e+00	0.00e+00	1.33e-14	2.68e-14	7.59e-61
 2.84398e+14	6.15e-20	5.04e-14	4.08e-09	3.76e-05	9.98e-01	1.61e-03	0.00e+00	0.00e+00	0.00e+00	0.00e+00	1.67e-14	3.37e-14	1.70e-60
 2.94778e+14	7.99e-20	6.24e-14	4.71e-09	4.05e-05	9.98e-01	1.50e-03	0.00e+00	0.00e+00	0.00e+00	0.00e+00	2.06e-14	4.17e-14	3.63e-60
 3.04160e+14	1.00e-19	7.51e-14	5.34e-09	4.32e-05	9.99e-01	1.41e-03	0.00e+00	0.00e+00	0.00e+00	0.00e+00	2.48e-14	5.03e-14	6.98e-60
 3.13012e+14	1.23e-19	8.90e-14	5.99e-09	4.58e-05	9.99e-01	1.33e-03	0.00e+00	0.00e+00	0.00e+00	0.00e+00	2.94e-14	5.95e-14	1.27e-59
 3.22808e+14	1.54e-19	1.07e-13	6.77e-09	4.87e-05	9.99e-01	1.25e-03	0.00e+00	0.00e+00	0.00e+00	0.00e+00	3.53e-14	7.14e-14	2.42e-59
 3.33770e+14	1.96e-19	1.30e-13	7.75e-09	5.22e-05	9.99e-01	1.16e-03	0.00e+00	0.00e+00	0.00e+00	0.00e+00	4.30e-14	8.71e-14	4.86e-59
 3.44130e+14	2.44e-19	1.56e-13	8.76e-09	5.55e-05	9.99e-01	1.09e-03	0.00e+00	0.00e+00	0.00e+00	0.00e+00	5.16e-14	1.04e-13	9.21e-59
 3.55477e+14	3.08e-19	1.89e-13	9.98e-09	5.93e-05	9.99e-01	1.02e-03	0.00e+00	0.00e+00	0.00e+00	0.00e+00	6.24e-14	1.26e-13	1.81e-58
 3.68186e+14	3.95e-19	2.33e-13	1.15e-08	6.37e-05	9.99e-01	9.53e-04	0.00e+00	0.00e+00	0.00e+00	0.00e+00	7.69e-14	1.56e-13	3.77e-58
 3.80188e+14	4.97e-19	2.81e-13	1.31e-08	6.80e-05	9.99e-01	8.93e-04	0.00e+00	0.00e+00	0.00e+00	0.00e+00	9.29e-14	1.88e-13	7.37e-58
 3.91571e+14	6.12e-19	3.35e-13	1.47e-08	7.22e-05	9.99e-01	8.41e-04	0.00e+00	0.00e+00	0.00e+00	0.00e+00	1.11e-13	2.25e-13	1.37e-57
 4.04628e+14	7.71e-19	4.07e-13	1.68e-08	7.73e-05	9.99e-01	7.86e-04	0.00e+00	0.00e+00	0.00e+00	0.00e+00	1.34e-13	2.72e-13	2.69e-57
 4.19312e+14	9.92e-19	5.03e-13	1.94e-08	8.30e-05	9.99e-01	7.31e-04	0.00e+00	0.00e+00	0.00e+00	0.00e+00	1.66e-13	3.37e-13	5.68e-57
 4.33221e+14	1.24e-18	6.10e-13	2.21e-08	8.88e-05	9.99e-01	6.83e-04	0.00e+00	0.00e+00	0.00e+00	0.00e+00	2.01e-13	4.09e-13	1.11e-56
 4.48413e+14	1.58e-18	7.49e-13	2.53e-08	9.52e-05	9.99e-01	6.37e-04	0.00e+00	0.00e+00	0.00e+00	0.00e+00	2.47e-13	5.02e-13	2.29e-56
 4.65261e+14	2.04e-18	9.31e-13	2.94e-08	1.03e-04	9.99e-01	5.91e-04	0.00e+00	0.00e+00	0.00e+00	0.00e+00	3.07e-13	6.24e-13	4.91e-56
 4.80867e+14	2.57e-18	1.13e-12	3.36e-08	1.10e-04	9.99e-01	5.52e-04	0.00e+00	0.00e+00	0.00e+00	0.00e+00	3.73e-13	7.59e-13	9.76e-56
 4.97758e+14	3.24e-18	1.39e-12	3.86e-08	1.18e-04	9.99e-01	5.14e-04	0.00e+00	0.00e+00	0.00e+00	0.00e+00	4.57e-13	9.30e-13	1.97e-55
 5.16693e+14	3.47e-18	1.73e-12	4.48e-08	1.27e-04	9.99e-01	4.76e-04	0.00e+00	0.00e+00	0.00e+00	0.00e+00	5.71e-13	1.16e-12	3.74e-55
 5.34575e+14	4.45e-18	2.12e-12	5.14e-08	1.37e-04	9.99e-01	4.44e-04	0.00e+00	0.00e+00	0.00e+00	0.00e+00	6.97e-13	1.42e-12	7.62e-55
 5.53944e+14	5.74e-18	2.61e-12	5.93e-08	1.47e-04	9.99e-01	4.13e-04	0.00e+00	0.00e+00	0.00e+00	0.00e+00	8.60e-13	1.75e-12	1.61e-54
 5.75539e+14	7.58e-18	3.28e-12	6.92e-08	1.59e-04	9.99e-01	3.81e-04	0.00e+00	0.00e+00	0.00e+00	0.00e+00	1.08e-12	2.20e-12	3.58e-54
 5.96071e+14	9.75e-18	4.03e-12	7.97e-08	1.71e-04	9.99e-01	3.54e-04	0.00e+00	0.00e+00	0.00e+00	0.00e+00	1.33e-12	2.71e-12	7.45e-54
 6.18018e+14	1.25e-17	4.98e-12	9.23e-08	1.85e-04	9.99e-01	3.28e-04	0.00e+00	0.00e+00	0.00e+00	0.00e+00	1.64e-12	3.35e-12	1.56e-53
 6.42768e+14	1.65e-17	6.29e-12	1.08e-07	2.00e-04	9.99e-01	3.03e-04	0.00e+00	0.00e+00	0.00e+00	0.00e+00	2.07e-12	4.22e-12	3.54e-53
 6.67264e+14	2.13e-17	7.83e-12	1.26e-07	2.17e-04	1.00e+00	2.79e-04	0.00e+00	0.00e+00	0.00e+00	0.00e+00	2.57e-12	5.26e-12	7.58e-53
 6.91008e+14	2.71e-17	9.62e-12	1.45e-07	2.33e-04	1.00e+00	2.60e-04	0.00e+00	0.00e+00	0.00e+00	0.00e+00	3.16e-12	6.47e-12	1.56e-52
 7.16948e+14	3.45e-17	1.19e-11	1.69e-07	2.52e-04	1.00e+00	2.40e-04	0.00e+00	0.00e+00	0.00e+00	0.00e+00	3.91e-12	8.02e-12	3.29e-52
 7.41197e+14	4.31e-17	1.45e-11	1.93e-07	2.71e-04	1.00e+00	2.24e-04	0.00e+00	0.00e+00	0.00e+00	0.00e+00	4.75e-12	9.74e-12	6.46e-52
 7.59733e+14	5.07e-17	1.67e-11	2.14e-07	2.85e-04	1.00e+00	2.12e-04	0.00e+00	4.14e-18	1.24e-17	2.08e-17	5.49e-12	1.13e-11	1.06e-51
 7.78963e+14	5.94e-17	1.94e-11	2.36e-07	3.01e-04	9.99e-01	2.01e-04	0.00e+00	4.86e-18	1.46e-17	2.43e-17	6.34e-12	1.30e-11	1.75e-51
 8.03961e+14	7.26e-17	2.32e-11	2.69e-07	3.23e-04	9.99e-01	1.88e-04	0.00e+00	5.94e-18	1.78e-17	2.98e-17	7.61e-12	1.56e-11	3.28e-51
 8.30993e+14	8.97e-17	2.82e-11	3.08e-07	3.47e-04	9.99e-01	1.75e-04	0.00e+00	7.34e-18	2.20e-17	3.68e-17	9.22e-12	1.89e-11	6.36e-51
 8.55246e+14	1.08e-16	3.33e-11	3.47e-07	3.69e-04	9.99e-01	1.64e-04	0.00e+00	8.80e-18	2.64e-17	4.41e-17	1.09e-11	2.24e-11	1.13e-50
 8.81355e+14	1.29e-16	3.95e-11	3.92e-07	3.94e-04	9.99e-01	1.54e-04	0.00e+00	1.06e-17	3.17e-17	5.30e-17	1.29e-11	2.66e-11	2.03e-50
 9.14049e+14	1.61e-16	4.87e-11	4.55e-07	4.27e-04	9.99e-01	1.42e-04	0.00e+00	1.32e-17	3.97e-17	6.62e-17	1.59e-11	3.28e-11	4.18e-50
 9.47087e+14	2.00e-16	5.97e-11	5.27e-07	4.62e-04	9.99e-01	1.31e-04	0.00e+00	1.64e-17	4.93e-17	8.23e-17	1.95e-11	4.02e-11	8.42e-50
 9.75529e+14	2.28e-16	7.07e-11	5.95e-07	4.94e-04	9.99e-01	1.23e-04	0.00e+00	1.87e-17	5.62e-17	9.39e-17	2.31e-11	4.75e-11	1.47e-49
 1.00621e+15	2.72e-16	8.40e-11	6.76e-07	5.30e-04	9.99e-01	1.15e-04	0.00e+00	2.23e-17	6.70e-17	1.12e-16	2.75e-11	5.66e-11	2.65e-49
 1.04404e+15	3.36e-16	1.04e-10	7.86e-07	5.75e-04	9.99e-01	1.06e-04	0.00e+00	2.77e-17	8.30e-17	1.39e-16	3.38e-11	6.97e-11	5.45e-49
 1.08243e+15	4.15e-16	1.27e-10	9.12e-07	6.24e-04	9.99e-01	9.77e-05	0.00e+00	3.42e-17	1.03e-16	1.71e-16	4.15e-11	8.54e-11	1.11e-48
 1.11641e+15	4.95e-16	1.51e-10	1.03e-06	6.69e-04	9.99e-01	9.12e-05	0.00e+00	4.09e-17	1.23e-16	2.05e-16	4.93e-11	1.02e-10	2.04e-48
 1.15341e+15	5.90e-16	1.81e-10	1.18e-06	7.21e-04	9.99e-01	8.47e-05	0.00e+00	4.87e-17	1.46e-16	2.44e-16	5.90e-11	1.22e-10	3.80e-48
 1.19782e+15	7.29e-16	2.23e-10	1.38e-06	7.85e-04	9.99e-01	7.78e-05	0.00e+00	6.03e-17	1.81e-16	3.02e-16	7.29e-11	1.50e-10	8.02e-48
 1.24186e+15	8.89e-16	2.72e-10	1.60e-06	8.52e-04	9.99e-01	7.17e-05	0.00e+00	7.36e-17	2.21e-16	3.69e-16	8.90e-11	1.83e-10	1.63e-47
 1.28147e+15	1.05e-15	3.24e-10	1.82e-06	9.15e-04	9.99e-01	6.68e-05	0.00e+00	8.71e-17	2.61e-16	4.36e-16	1.06e-10	2.18e-10	2.99e-47
 1.32534e+15	1.25e-15	3.89e-10	2.09e-06	9.89e-04	9.99e-01	6.19e-05	0.00e+00	1.04e-16	3.12e-16	5.21e-16	1.27e-10	2.62e-10	5.80e-47
 1.37716e+15	1.54e-15	4.80e-10	2.44e-06	1.08e-03	9.99e-01	5.68e-05	0.00e+00	1.28e-16	3.83e-16	6.40e-16	1.57e-10	3.23e-10	1.24e-46
 1.42834e+15	1.86e-15	5.86e-10	2.83e-06	1.17e-03	9.99e-01	5.23e-05	0.00e+00	1.55e-16	4.65e-16	7.76e-16	1.92e-10	3.95e-10	2.54e-46
 1.47562e+15	2.21e-15	7.00e-10	3.23e-06	1.27e-03	9.99e-01	4.85e-05	0.00e+00	1.84e-16	5.51e-16	9.20e-16	2.29e-10	4.71e-10	4.84e-46
 1.52874e+15	2.64e-15	8.48e-10	3.73e-06	1.37e-03	9.99e-01	4.48e-05	0.00e+00	2.20e-16	6.61e-16	1.10e-15	2.77e-10	5.70e-10	9.78e-46
 1.58992e+15	3.24e-15	1.05e-09	4.38e-06	1.50e-03	9.98e-01	4.10e-05	0.00e+00	2.71e-16	8.12e-16	1.36e-15	3.43e-10	7.05e-10	2.14e-45
 1.64993e+15	3.92e-15	1.28e-09	5.09e-06	1.64e-03	9.98e-01	3.77e-05	0.00e+00	3.28e-16	9.85e-16	1.64e-15	4.19e-10	8.61e-10	4.51e-45
 1.71234e+15	4.74e-15	1.56e-09	5.91e-06	1.78e-03	9.98e-01	3.46e-05	0.00e+00	3.97e-16	1.19e-15	1.99e-15	5.12e-10	1.05e-09	9.52e-45
 1.76938e+15	5.62e-15	1.86e-09	6.75e-06	1.92e-03	9.98e-01	3.22e-05	0.00e+00	4.71e-16	1.41e-15	2.36e-15	6.11e-10	1.25e-09	1.85e-44
 1.81185e+15	6.33e-15	2.12e-09	7.42e-06	2.03e-03	9.98e-01	3.05e-05	0.00e+00	5.32e-16	1.60e-15	2.66e-15	6.93e-10	1.42e-09	2.98e-44
 1.85558e+15	7.15e-15	2.41e-09	8.17e-06	2.15e-03	9.98e-01	2.89e-05	0.00e+00	6.00e-16	1.80e-15	3.01e-15	7.88e-10	1.62e-09	4.84e-44
 1.91242e+15	8.35e-15	2.83e-09	9.23e-06	2.30e-03	9.98e-01	2.70e-05	0.00e+00	7.03e-16	2.11e-15	3.52e-15	9.28e-10	1.90e-09	8.94e-44
 1.97418e+15	9.88e-15	3.36e-09	1.05e-05	2.48e-03	9.97e-01	2.52e-05	0.00e+00	8.33e-16	2.50e-15	4.17e-15	1.10e-09	2.26e-09	1.70e-43
 2.03008e+15	1.14e-14	3.89e-09	1.17e-05	2.64e-03	9.97e-01	2.37e-05	0.00e+00	9.64e-16	2.89e-15	4.83e-15	1.28e-09	2.62e-09	3.05e-43
 2.09049e+15	1.33e-14	4.56e-09	1.32e-05	2.82e-03	9.97e-01	2.22e-05	0.00e+00	1.13e-15	3.38e-15	5.63e-15	1.50e-09	3.06e-09	5.57e-43
 2.16714e+15	1.62e-14	5.54e-09	1.52e-05	3.07e-03	9.97e-01	2.05e-05	0.00e+00	1.37e-15	4.12e-15	6.87e-15	1.82e-09	3.72e-09	1.17e-42
 2.24405e+15	1.97e-14	6.68e-09	1.75e-05	3.32e-03	9.97e-01	1.90e-05	0.00e+00	1.67e-15	5.01e-15	8.36e-15	2.19e-09	4.49e-09	2.42e-42
 2.30835e+15	2.30e-14	7.76e-09	1.96e-05	3.54e-03	9.96e-01	1.78e-05	0.00e+00	1.95e-15	5.84e-15	9.75e-15	2.55e-09	5.21e-09	4.40e-42
 2.37712e+15	2.71e-14	9.09e-09	2.21e-05	3.79e-03	9.96e-01	1.67e-05	0.00e+00	2.30e-15	6.90e-15	1.15e-14	2.99e-09	6.10e-09	8.09e-42
 2.46432e+15	3.34e-14	1.10e-08	2.55e-05	4.12e-03	9.96e-01	1.55e-05	0.00e+00	2.84e-15	8.53e-15	1.42e-14	3.63e-09	7.41e-09	1.72e-41
 2.55575e+15	4.17e-14	1.34e-08	2.95e-05	4.47e-03	9.95e-01	1.43e-05	0.00e+00	3.55e-15	1.06e-14	1.77e-14	4.42e-09	9.02e-09	3.70e-41
 2.63762e+15	5.02e-14	1.59e-08	3.34e-05	4.80e-03	9.95e-01	1.34e-05	0.00e+00	4.28e-15	1.28e-14	2.14e-14	5.23e-09	1.07e-08	7.24e-41
 2.72681e+15	6.15e-14	1.90e-08	3.82e-05	5.18e-03	9.95e-01	1.25e-05	0.00e+00	5.25e-15	1.58e-14	2.63e-14	6.26e-09	1.28e-08	1.45e-40
 2.83278e+15	7.91e-14	2.34e-08	4.45e-05	5.65e-03	9.94e-01	1.15e-05	0.00e+00	6.76e-15	2.03e-14	3.38e-14	7.72e-09	1.57e-08	3.24e-40
 2.93682e+15	1.00e-13	2.85e-08	5.14e-05	6.14e-03	9.94e-01	1.07e-05	0.00e+00	8.59e-15	2.58e-14	4.30e-14	9.38e-09	1.91e-08	6.95e-40
 3.03115e+15	1.24e-13	3.38e-08	5.83e-05	6.59e-03	9.93e-01	1.01e-05	0.00e+00	1.06e-14	3.18e-14	5.31e-14	1.11e-08	2.26e-08	1.35e-39
 3.13661e+15	1.55e-13	4.06e-08	6.68e-05	7.12e-03	9.93e-01	9.38e-06	0.00e+00	1.33e-14	4.00e-14	6.67e-14	1.34e-08	2.72e-08	2.82e-39
 3.26016e+15	2.05e-13	5.02e-08	7.80e-05	7.78e-03	9.92e-01	8.70e-06	0.00e+00	1.76e-14	5.29e-14	8.82e-14	1.66e-08	3.36e-08	6.28e-39
 3.38144e+15	2.64e-13	6.10e-08	9.02e-05	8.45e-03	9.91e-01	8.11e-06	0.00e+00	2.27e-14	6.80e-14	1.13e-13	2.01e-08	4.09e-08	1.38e-38
 3.49547e+15	3.36e-13	7.31e-08	1.03e-04	9.10e-03	9.91e-01	7.62e-06	0.00e+00	2.89e-14	8.68e-14	1.45e-13	2.41e-08	4.90e-08	2.71e-38
 3.62321e+15	4.36e-13	8.89e-08	1.19e-04	9.88e-03	9.90e-01	7.13e-06	0.00e+00	3.76e-14	1.13e-13	1.88e-13	2.94e-08	5.96e-08	5.80e-38
 3.74485e+15	5.59e-13	1.06e-07	1.36e-04	1.06e-02	9.89e-01	6.73e-06	0.00e+00	4.82e-14	1.45e-13	2.41e-13	3.51e-08	7.12e-08	1.13e-37
 3.83509e+15	6.72e-13	1.21e-07	1.49e-04	1.12e-02	9.89e-01	6.46e-06	0.00e+00	5.81e-14	1.74e-13	2.91e-13	3.99e-08	8.09e-08	1.81e-37
 3.92631e+15	8.02e-13	1.37e-07	1.64e-04	1.19e-02	9.88e-01	6.21e-06	0.00e+00	6.94e-14	2.08e-13	3.47e-13	4.54e-08	9.20e-08	2.92e-37
 4.04489e+15	9.97e-13	1.62e-07	1.85e-04	1.27e-02	9.87e-01	5.90e-06	0.00e+00	8.63e-14	2.59e-13	4.32e-13	5.34e-08	1.08e-07	5.54e-37
 4.17388e+15	1.26e-12	1.92e-07	2.10e-04	1.36e-02	9.86e-01	5.59e-06	0.00e+00	1.10e-13	3.29e-13	5.48e-13	6.33e-08	1.28e-07	1.03e-36
 4.28998e+15	1.57e-12	2.23e-07	2.34e-04	1.45e-02	9.85e-01	5.36e-06	0.00e+00	1.36e-13	4.09e-13	6.81e-13	7.37e-08	1.49e-07	1.82e-36
 4.41449e+15	1.96e-12	2.62e-07	2.63e-04	1.55e-02	9.84e-01	5.13e-06	0.00e+00	1.70e-13	5.10e-13	8.50e-13	8.65e-08	1.75e-07	3.31e-36
 4.57458e+15	2.60e-12	3.20e-07	3.04e-04	1.68e-02	9.83e-01	4.86e-06	0.00e+00	2.26e-13	6.79e-13	1.13e-12	1.06e-07	2.14e-07	6.84e-36
 4.73549e+15	3.40e-12	3.88e-07	3.50e-04	1.82e-02	9.81e-01	4.63e-06	0.00e+00	2.96e-13	8.87e-13	1.48e-12	1.28e-07	2.59e-07	1.38e-35
 4.86679e+15	4.18e-12	4.51e-07	3.90e-04	1.93e-02	9.80e-01	4.46e-06	0.00e+00	3.65e-13	1.09e-12	1.82e-12	1.49e-07	3.02e-07	2.39e-35
 5.00501e+15	5.20e-12	5.28e-07	4.38e-04	2.06e-02	9.79e-01	4.30e-06	0.00e+00	4.54e-13	1.36e-12	2.27e-12	1.75e-07	3.54e-07	4.14e-35
 5.18470e+15	6.79e-12	6.44e-07	5.05e-04	2.23e-02	9.77e-01	4.09e-06	0.00e+00	5.93e-13	1.78e-12	2.96e-12	2.13e-07	4.31e-07	8.86e-35
 5.37357e+15	8.98e-12	7.88e-07	5.85e-04	2.43e-02	9.75e-01	3.92e-06	0.00e+00	7.85e-13	2.36e-12	3.93e-12	2.61e-07	5.28e-07	1.73e-34
 5.53557e+15	1.12e-11	9.29e-07	6.60e-04	2.60e-02	9.73e-01	3.79e-06	0.00e+00	9.79e-13	2.94e-12	4.90e-12	3.07e-07	6.22e-07	3.13e-34
 5.70740e+15	1.42e-11	1.11e-06	7.49e-04	2.79e-02	9.71e-01	3.66e-06	0.00e+00	1.24e-12	3.72e-12	6.20e-12	3.66e-07	7.41e-07	5.71e-34
 5.92062e+15	1.87e-11	1.36e-06	8.72e-04	3.04e-02	9.69e-01	3.51e-06	0.00e+00	1.64e-12	4.92e-12	8.20e-12	4.51e-07	9.13e-07	1.19e-33
 6.13392e+15	2.44e-11	1.66e-06	1.01e-03	3.30e-02	9.66e-01	3.38e-06	0.00e+00	2.14e-12	6.42e-12	1.07e-11	5.51e-07	1.11e-06	2.31e-33
 6.31570e+15	3.05e-11	1.97e-06	1.14e-03	3.54e-02	9.63e-01	3.30e-06	0.00e+00	2.69e-12	8.06e-12	1.34e-11	6.51e-07	1.31e-06	3.98e-33
 6.51025e+15	3.86e-11	2.34e-06	1.30e-03	3.80e-02	9.61e-01	3.21e-06	0.00e+00	3.40e-12	1.02e-11	1.70e-11	7.77e-07	1.57e-06	7.29e-33
 6.75263e+15	5.07e-11	2.89e-06	1.51e-03	4.15e-02	9.57e-01	3.10e-06	0.00e+00	4.47e-12	1.34e-11	2.24e-11	9.58e-07	1.94e-06	1.48e-32
 6.99143e+15	6.55e-11	3.52e-06	1.75e-03	4.51e-02	9.53e-01	3.01e-06	0.00e+00	5.78e-12	1.73e-11	2.89e-11	1.17e-06	2.35e-06	2.75e-32
 7.18899e+15	8.12e-11	4.13e-06	1.97e-03	4.82e-02	9.50e-01	2.96e-06	0.00e+00	7.18e-12	2.15e-11	3.59e-11	1.37e-06	2.76e-06	4.54e-32
 7.36456e+15	9.74e-11	4.74e-06	2.19e-03	5.11e-02	9.47e-01	2.91e-06	0.00e+00	8.62e-12	2.58e-11	4.31e-11	1.57e-06	3.17e-06	7.01e-32
 7.55866e+15	1.20e-10	5.54e-06	2.45e-03	5.45e-02	9.43e-01	2.85e-06	0.00e+00	1.06e-11	3.18e-11	5.30e-11	1.84e-06	3.71e-06	1.18e-31
 7.77144e+15	1.48e-10	6.51e-06	2.77e-03	5.84e-02	9.39e-01	2.79e-06	0.00e+00	1.31e-11	3.92e-11	6.54e-11	2.16e-06	4.35e-06	1.96e-31
 7.97128e+15	1.80e-10	7.55e-06	3.10e-03	6.22e-02	9.35e-01	2.74e-06	0.00e+00	1.60e-11	4.78e-11	7.97e-11	2.50e-06	5.05e-06	3.06e-31
 8.19382e+15	2.24e-10	8.93e-06	3.51e-03	6.68e-02	9.30e-01	2.70e-06	0.00e+00	1.99e-11	5.97e-11	9.95e-11	2.96e-06	5.97e-06	5.15e-31
 8.43363e+15	2.81e-10	1.06e-05	4.00e-03	7.19e-02	9.24e-01	2.64e-06	0.00e+00	2.49e-11	7.48e-11	1.25e-10	3.51e-06	7.08e-06	8.59e-31
 8.65373e+15	3.43e-10	1.23e-05	4.50e-03	7.67e-02	9.19e-01	2.60e-06	0.00e+00	3.05e-11	9.14e-11	1.52e-10	4.09e-06	8.24e-06	1.39e-30
 8.89771e+15	4.33e-10	1.47e-05	5.14e-03	8.27e-02	9.12e-01	2.56e-06	0.00e+00	3.86e-11	1.16e-10	1.93e-10	4.89e-06	9.84e-06	2.32e-30
 9.16108e+15	5.47e-10	1.76e-05	5.89e-03	8.92e-02	9.05e-01	2.51e-06	0.00e+00	4.88e-11	1.46e-10	2.44e-10	5.83e-06	1.17e-05	3.95e-30
 9.39230e+15	6.74e-10	2.05e-05	6.64e-03	9.54e-02	8.98e-01	2.48e-06	0.00e+00	6.02e-11	1.81e-10	3.01e-10	6.80e-06	1.37e-05	6.06e-30
 9.60086e+15	8.12e-10	2.36e-05	7.40e-03	1.01e-01	8.91e-01	2.46e-06	0.00e+00	7.26e-11	2.18e-10	3.63e-10	7.83e-06	1.57e-05	8.99e-30
 9.83733e+15	1.01e-09	2.77e-05	8.39e-03	1.08e-01	8.83e-01	2.42e-06	0.00e+00	9.03e-11	2.71e-10	4.51e-10	9.21e-06	1.85e-05	1.48e-29
 1.00990e+16	1.28e-09	3.30e-05	9.61e-03	1.17e-01	8.73e-01	2.40e-06	0.00e+00	1.15e-10	3.44e-10	5.73e-10	1.10e-05	2.20e-05	2.37e-29
 1.03385e+16	1.59e-09	3.86e-05	1.09e-02	1.25e-01	8.64e-01	2.38e-06	0.00e+00	1.42e-10	4.27e-10	7.11e-10	1.28e-05	2.57e-05	3.65e-29
 1.05596e+16	1.92e-09	4.45e-05	1.22e-02	1.33e-01	8.55e-01	2.35e-06	0.00e+00	1.73e-10	5.17e-10	8.62e-10	1.48e-05	2.97e-05	5.46e-29
 1.08116e+16	2.46e-09	5.32e-05	1.40e-02	1.43e-01	8.43e-01	2.35e-06	0.00e+00	2.21e-10	6.64e-10	1.11e-09	1.77e-05	3.55e-05	8.98e-29
 1.10818e+16	3.16e-09	6.36e-05	1.61e-02	1.54e-01	8.30e-01	2.33e-06	0.00e+00	2.84e-10	8.52e-10	1.42e-09	2.12e-05	4.25e-05	1.45e-28
 1.13077e+16	3.89e-09	7.37e-05	1.81e-02	1.64e-01	8.18e-01	2.31e-06	0.00e+00	3.50e-10	1.05e-09	1.75e-09	2.45e-05	4.92e-05	2.14e-28
 1.14983e+16	4.66e-09	8.40e-05	2.01e-02	1.73e-01	8.07e-01	2.31e-06	0.00e+00	4.20e-10	1.26e-09	2.10e-09	2.79e-05	5.61e-05	3.06e-28
 1.17112e+16	5.76e-09	9.76e-05	2.27e-02	1.84e-01	7.93e-01	2.29e-06	0.00e+00	5.19e-10	1.56e-09	2.59e-09	3.25e-05	6.52e-05	4.61e-28
 1.19465e+16	7.33e-09	1.16e-04	2.59e-02	1.97e-01	7.77e-01	2.29e-06	0.00e+00	6.62e-10	1.99e-09	3.31e-09	3.85e-05	7.72e-05	7.26e-28
 1.21572e+16	9.10e-09	1.34e-04	2.92e-02	2.09e-01	7.61e-01	2.30e-06	0.00e+00	8.22e-10	2.47e-09	4.11e-09	4.47e-05	8.97e-05	1.08e-27
 1.23429e+16	1.11e-08	1.54e-04	3.26e-02	2.21e-01	7.47e-01	2.31e-06	0.00e+00	1.00e-09	3.00e-09	5.00e-09	5.13e-05	1.03e-04	1.55e-27
 1.25500e+16	1.39e-08	1.80e-04	3.69e-02	2.35e-01	7.28e-01	2.30e-06	0.00e+00	1.26e-09	3.77e-09	6.27e-09	6.00e-05	1.20e-04	2.36e-27
 1.27717e+16	1.79e-08	2.15e-04	4.23e-02	2.50e-01	7.07e-01	2.32e-06	0.00e+00	1.62e-09	4.87e-09	8.11e-09	7.16e-05	1.44e-04	3.80e-27
 1.29609e+16	2.23e-08	2.50e-04	4.76e-02	2.65e-01	6.87e-01	2.35e-06	0.00e+00	2.02e-09	6.06e-09	1.01e-08	8.31e-05	1.67e-04	5.64e-27
 1.31257e+16	2.70e-08	2.84e-04	5.29e-02	2.78e-01	6.69e-01	2.37e-06	4.92e-12	2.45e-09	7.35e-09	1.22e-08	9.46e-05	1.90e-04	7.91e-27
 1.33104e+16	3.47e-08	3.38e-04	6.01e-02	2.95e-01	6.45e-01	2.41e-06	0.00e+00	3.15e-09	9.44e-09	1.57e-08	1.12e-04	2.25e-04	1.30e-26
 1.35029e+16	4.38e-08	3.94e-04	6.83e-02	3.12e-01	6.19e-01	2.43e-06	5.68e-12	3.99e-09	1.20e-08	1.99e-08	1.31e-04	2.63e-04	1.93e-26
 1.36660e+16	5.53e-08	4.62e-04	7.68e-02	3.28e-01	5.94e-01	2.49e-06	0.00e+00	5.03e-09	1.51e-08	2.51e-08	1.54e-04	3.08e-04	3.04e-26
 1.38087e+16	6.74e-08	5.27e-04	8.50e-02	3.43e-01	5.71e-01	2.54e-06	6.83e-12	6.13e-09	1.84e-08	3.06e-08	1.75e-04	3.51e-04	4.38e-26
 1.39644e+16	8.45e-08	6.11e-04	9.55e-02	3.60e-01	5.44e-01	2.58e-06	0.00e+00	7.70e-09	2.31e-08	3.84e-08	2.03e-04	4.07e-04	6.62e-26
 1.41297e+16	1.08e-07	7.19e-04	1.08e-01	3.79e-01	5.12e-01	2.61e-06	8.19e-12	9.86e-09	2.96e-08	4.92e-08	2.39e-04	4.80e-04	1.06e-25
 1.42676e+16	1.30e-07	8.13e-04	1.20e-01	3.95e-01	4.84e-01	2.66e-06	0.00e+00	1.19e-08	3.56e-08	5.93e-08	2.71e-04	5.42e-04	1.48e-25
 1.43849e+16	1.65e-07	9.50e-04	1.32e-01	4.11e-01	4.56e-01	2.77e-06	1.06e-11	1.51e-08	4.53e-08	7.54e-08	3.16e-04	6.34e-04	2.46e-25
 1.44934e+16	1.97e-07	1.06e-03	1.44e-01	4.24e-01	4.31e-01	2.83e-06	0.00e+00	1.80e-08	5.40e-08	8.98e-08	3.54e-04	7.08e-04	3.36e-25
 1.46129e+16	2.44e-07	1.22e-03	1.59e-01	4.40e-01	3.99e-01	2.88e-06	1.32e-11	2.23e-08	6.68e-08	1.11e-07	4.06e-04	8.14e-04	5.33e-25
 1.47375e+16	3.05e-07	1.41e-03	1.76e-01	4.56e-01	3.66e-01	2.96e-06	0.00e+00	2.79e-08	8.36e-08	1.39e-07	4.69e-04	9.39e-04	8.59e-25
 1.48385e+16	3.57e-07	1.56e-03	1.91e-01	4.69e-01	3.38e-01	2.98e-06	1.69e-11	3.27e-08	9.81e-08	1.63e-07	5.19e-04	1.04e-03	1.18e-24
 1.49240e+16	4.41e-07	1.78e-03	2.06e-01	4.81e-01	3.11e-01	3.09e-06	0.00e+00	4.04e-08	1.21e-07	2.02e-07	5.93e-04	1.19e-03	1.99e-24
