#depth	N	N+	N+2	N+3	N+4	N+5	N+6	N+7
 1.49634e+10	0.00e+00	0.00e+00	6.21e-28	1.53e-18	6.83e-10	9.43e-01	5.66e-02	1.31e-06
 4.54887e+10	0.00e+00	6.29e-38	7.92e-28	1.81e-18	7.44e-10	9.48e-01	5.23e-02	1.12e-06
 7.72350e+10	0.00e+00	0.00e+00	1.01e-27	2.13e-18	8.09e-10	9.52e-01	4.83e-02	9.55e-07
 1.10251e+11	0.00e+00	1.20e-37	1.29e-27	2.50e-18	8.79e-10	9.55e-01	4.46e-02	0.00e+00
 1.44588e+11	0.00e+00	0.00e+00	1.64e-27	2.95e-18	9.56e-10	9.59e-01	4.12e-02	0.00e+00
 1.78005e+11	0.00e+00	2.23e-37	2.06e-27	3.43e-18	1.03e-09	9.62e-01	3.82e-02	0.00e+00
 2.09696e+11	0.00e+00	0.00e+00	2.53e-27	3.95e-18	1.11e-09	9.64e-01	3.57e-02	0.00e+00
 2.44949e+11	0.00e+00	3.96e-37	3.17e-27	4.59e-18	1.20e-09	9.67e-01	3.31e-02	0.00e+00
 2.83568e+11	0.00e+00	0.00e+00	4.01e-27	5.38e-18	1.30e-09	9.69e-01	3.06e-02	0.00e+00
 3.20856e+11	0.00e+00	7.24e-37	4.99e-27	6.23e-18	1.40e-09	9.72e-01	2.84e-02	0.00e+00
 3.60743e+11	0.00e+00	0.00e+00	6.26e-27	7.26e-18	1.51e-09	9.74e-01	2.63e-02	0.00e+00
 4.05100e+11	0.00e+00	1.35e-36	7.98e-27	8.55e-18	1.64e-09	9.76e-01	2.42e-02	0.00e+00
 4.49876e+11	3.58e-47	1.85e-36	1.01e-26	1.00e-17	1.78e-09	9.78e-01	2.24e-02	0.00e+00
 4.96443e+11	0.00e+00	0.00e+00	1.28e-26	1.17e-17	1.93e-09	9.79e-01	2.06e-02	0.00e+00
 5.46227e+11	0.00e+00	3.50e-36	1.63e-26	1.38e-17	2.10e-09	9.81e-01	1.90e-02	0.00e+00
 5.98003e+11	1.19e-46	4.83e-36	2.08e-26	1.63e-17	2.28e-09	9.83e-01	1.75e-02	0.00e+00
 6.51850e+11	0.00e+00	0.00e+00	2.66e-26	1.92e-17	2.47e-09	9.84e-01	1.61e-02	0.00e+00
 7.07851e+11	0.00e+00	9.24e-36	3.40e-26	2.26e-17	2.69e-09	9.85e-01	1.48e-02	0.00e+00
 7.66092e+11	4.01e-46	1.28e-35	4.34e-26	2.67e-17	2.92e-09	9.86e-01	1.36e-02	0.00e+00
 8.26662e+11	0.00e+00	0.00e+00	5.55e-26	3.14e-17	3.17e-09	9.88e-01	1.25e-02	0.00e+00
 8.89655e+11	0.00e+00	2.46e-35	7.10e-26	3.71e-17	3.45e-09	9.89e-01	1.15e-02	0.00e+00
 9.48763e+11	1.31e-45	3.30e-35	8.86e-26	4.31e-17	3.72e-09	9.89e-01	1.06e-02	0.00e+00
 1.00120e+12	0.00e+00	0.00e+00	1.07e-25	4.90e-17	3.97e-09	9.90e-01	9.95e-03	0.00e+00
 1.05973e+12	0.00e+00	5.60e-35	1.32e-25	5.63e-17	4.26e-09	9.91e-01	9.26e-03	0.00e+00
 1.12963e+12	3.77e-45	7.70e-35	1.68e-25	6.62e-17	4.62e-09	9.91e-01	8.52e-03	0.00e+00
 1.20010e+12	0.00e+00	0.00e+00	2.12e-25	7.75e-17	5.01e-09	9.92e-01	7.87e-03	0.00e+00
 1.26579e+12	0.00e+00	1.38e-34	2.62e-25	8.92e-17	5.37e-09	9.93e-01	7.32e-03	0.00e+00
 1.33873e+12	1.14e-44	1.87e-34	3.28e-25	1.04e-16	5.81e-09	9.93e-01	6.77e-03	0.00e+00
 1.42221e+12	0.00e+00	2.60e-34	4.21e-25	1.23e-16	6.32e-09	9.94e-01	6.21e-03	0.00e+00
 1.50500e+12	2.57e-44	3.58e-34	5.35e-25	1.45e-16	6.86e-09	9.94e-01	5.71e-03	0.00e+00
 1.59110e+12	0.00e+00	4.91e-34	6.80e-25	1.70e-16	7.44e-09	9.95e-01	5.26e-03	0.00e+00
 1.68467e+12	5.79e-44	6.86e-34	8.76e-25	2.02e-16	8.11e-09	9.95e-01	4.82e-03	0.00e+00
 1.77994e+12	0.00e+00	9.51e-34	1.12e-24	2.38e-16	8.83e-09	9.96e-01	4.43e-03	0.00e+00
 1.86846e+12	1.25e-43	1.28e-33	1.40e-24	2.77e-16	9.53e-09	9.96e-01	4.10e-03	0.00e+00
 1.94973e+12	0.00e+00	1.66e-33	1.71e-24	3.16e-16	1.02e-08	9.96e-01	3.83e-03	0.00e+00
 2.04243e+12	2.50e-43	2.21e-33	2.13e-24	3.67e-16	1.10e-08	9.96e-01	3.55e-03	0.00e+00
 2.15169e+12	0.00e+00	3.08e-33	2.73e-24	4.35e-16	1.20e-08	9.97e-01	3.26e-03	0.00e+00
 2.25989e+12	5.58e-43	4.22e-33	3.47e-24	5.12e-16	1.30e-08	9.97e-01	3.00e-03	0.00e+00
 2.36045e+12	0.00e+00	5.61e-33	4.30e-24	5.92e-16	1.40e-08	9.97e-01	2.78e-03	0.00e+00
 2.47283e+12	1.16e-42	7.61e-33	5.43e-24	6.94e-16	1.52e-08	9.97e-01	2.57e-03	0.00e+00
 2.60166e+12	0.00e+00	1.07e-32	7.02e-24	8.27e-16	1.66e-08	9.98e-01	2.35e-03	0.00e+00
 2.72802e+12	2.65e-42	1.47e-32	8.97e-24	9.77e-16	1.81e-08	9.98e-01	2.15e-03	0.00e+00
 2.85942e+12	0.00e+00	2.03e-32	1.15e-23	1.15e-15	1.97e-08	9.98e-01	1.98e-03	0.00e+00
 3.00373e+12	6.04e-42	2.86e-32	1.49e-23	1.38e-15	2.15e-08	9.98e-01	1.81e-03	0.00e+00
 3.14858e+12	0.00e+00	3.98e-32	1.91e-23	1.64e-15	2.35e-08	9.98e-01	1.65e-03	0.00e+00
 3.29923e+12	1.37e-41	5.53e-32	2.46e-23	1.95e-15	2.57e-08	9.98e-01	1.51e-03	0.00e+00
 3.46113e+12	0.00e+00	7.78e-32	3.19e-23	2.33e-15	2.82e-08	9.99e-01	1.38e-03	0.00e+00
 3.62139e+12	3.14e-41	1.08e-31	4.10e-23	2.77e-15	3.08e-08	9.99e-01	1.26e-03	0.00e+00
 3.78806e+12	0.00e+00	1.49e-31	5.27e-23	3.29e-15	3.37e-08	9.99e-01	1.16e-03	0.00e+00
 3.96951e+12	7.19e-41	2.10e-31	6.85e-23	3.95e-15	3.70e-08	9.99e-01	1.05e-03	0.00e+00
 4.15821e+12	0.00e+00	2.96e-31	8.91e-23	4.74e-15	4.06e-08	9.99e-01	9.60e-04	0.00e+00
 4.35447e+12	1.67e-40	4.16e-31	1.16e-22	5.69e-15	4.46e-08	9.99e-01	8.74e-04	0.00e+00
 4.55858e+12	0.00e+00	5.85e-31	1.51e-22	6.83e-15	4.91e-08	9.99e-01	7.95e-04	0.00e+00
 4.77085e+12	3.86e-40	8.21e-31	1.96e-22	8.21e-15	5.40e-08	9.99e-01	7.23e-04	0.00e+00
 4.96298e+12	0.00e+00	1.10e-30	2.47e-22	9.65e-15	5.88e-08	9.99e-01	6.65e-04	0.00e+00
 5.12317e+12	7.45e-40	1.40e-30	2.97e-22	1.10e-14	6.29e-08	9.99e-01	6.22e-04	0.00e+00
 5.29859e+12	0.00e+00	1.80e-30	3.61e-22	1.26e-14	6.76e-08	9.99e-01	5.79e-04	0.00e+00
 5.52065e+12	1.48e-39	2.45e-30	4.59e-22	1.49e-14	7.39e-08	9.99e-01	5.30e-04	0.00e+00
 5.75274e+12	0.00e+00	3.34e-30	5.85e-22	1.77e-14	8.08e-08	1.00e+00	4.85e-04	0.00e+00
 5.95122e+12	2.96e-39	4.31e-30	7.14e-22	2.04e-14	8.71e-08	1.00e+00	4.51e-04	0.00e+00
 6.15663e+12	0.00e+00	5.56e-30	8.71e-22	2.35e-14	9.38e-08	1.00e+00	4.19e-04	0.00e+00
 6.41314e+12	5.86e-39	7.55e-30	1.11e-21	2.79e-14	1.03e-07	1.00e+00	3.83e-04	0.00e+00
 6.67360e+12	0.00e+00	1.02e-29	1.40e-21	3.30e-14	1.12e-07	1.00e+00	3.51e-04	0.00e+00
 6.90008e+12	1.14e-38	1.31e-29	1.70e-21	3.80e-14	1.21e-07	1.00e+00	3.26e-04	0.00e+00
 7.14491e+12	0.00e+00	1.69e-29	2.09e-21	4.40e-14	1.31e-07	1.00e+00	3.02e-04	0.00e+00
 7.44392e+12	2.27e-38	2.30e-29	2.66e-21	5.23e-14	1.43e-07	1.00e+00	2.76e-04	0.00e+00
 7.74899e+12	0.00e+00	3.10e-29	3.36e-21	6.19e-14	1.57e-07	1.00e+00	2.52e-04	0.00e+00
 8.02829e+12	4.47e-38	4.02e-29	4.14e-21	7.19e-14	1.70e-07	1.00e+00	2.33e-04	0.00e+00
 8.33846e+12	0.00e+00	5.32e-29	5.16e-21	8.43e-14	1.85e-07	1.00e+00	2.15e-04	0.00e+00
 8.69902e+12	9.14e-38	7.26e-29	6.60e-21	1.01e-13	2.03e-07	1.00e+00	1.95e-04	0.00e+00
 9.05471e+12	0.00e+00	9.75e-29	8.34e-21	1.19e-13	2.23e-07	1.00e+00	1.79e-04	0.00e+00
 9.39358e+12	1.81e-37	1.28e-28	1.03e-20	1.39e-13	2.42e-07	1.00e+00	1.65e-04	0.00e+00
 9.76821e+12	0.00e+00	1.70e-28	1.29e-20	1.64e-13	2.64e-07	1.00e+00	1.51e-04	0.00e+00
 1.01889e+13	3.71e-37	2.31e-28	1.65e-20	1.95e-13	2.90e-07	1.00e+00	1.38e-04	0.00e+00
 1.06114e+13	0.00e+00	3.11e-28	2.09e-20	2.31e-13	3.18e-07	1.00e+00	1.26e-04	0.00e+00
 1.09899e+13	7.23e-37	4.01e-28	2.55e-20	2.67e-13	3.44e-07	1.00e+00	1.17e-04	0.00e+00
 1.13113e+13	0.00e+00	4.95e-28	3.02e-20	3.01e-13	3.66e-07	1.00e+00	1.10e-04	0.00e+00
 1.16584e+13	1.22e-36	6.16e-28	3.59e-20	3.41e-13	3.92e-07	1.00e+00	1.03e-04	0.00e+00
 1.21066e+13	0.00e+00	8.11e-28	4.45e-20	3.99e-13	4.26e-07	1.00e+00	9.46e-05	0.00e+00
 1.25748e+13	2.37e-36	1.07e-27	5.54e-20	4.67e-13	4.63e-07	1.00e+00	8.71e-05	0.00e+00
 1.29771e+13	0.00e+00	1.34e-27	6.64e-20	5.32e-13	4.97e-07	1.00e+00	8.14e-05	0.00e+00
 1.34056e+13	4.17e-36	1.70e-27	7.99e-20	6.07e-13	5.33e-07	1.00e+00	7.58e-05	0.00e+00
 1.39358e+13	0.00e+00	2.25e-27	9.98e-20	7.12e-13	5.81e-07	1.00e+00	6.97e-05	0.00e+00
 1.44802e+13	8.23e-36	2.98e-27	1.24e-19	8.34e-13	6.32e-07	1.00e+00	6.42e-05	0.00e+00
 1.49719e+13	0.00e+00	3.80e-27	1.51e-19	9.56e-13	6.80e-07	1.00e+00	5.97e-05	0.00e+00
 1.55128e+13	1.51e-35	4.91e-27	1.84e-19	1.10e-12	7.35e-07	1.00e+00	5.53e-05	0.00e+00
 1.61031e+13	0.00e+00	6.45e-27	2.28e-19	1.29e-12	7.97e-07	1.00e+00	5.11e-05	0.00e+00
 1.66376e+13	2.81e-35	8.18e-27	2.75e-19	1.47e-12	8.56e-07	1.00e+00	4.76e-05	0.00e+00
 1.72123e+13	0.00e+00	1.05e-26	3.34e-19	1.69e-12	9.22e-07	1.00e+00	4.43e-05	0.00e+00
 1.78610e+13	5.28e-35	1.37e-26	4.13e-19	1.96e-12	9.99e-07	1.00e+00	4.09e-05	0.00e+00
 1.84781e+13	0.00e+00	1.76e-26	5.02e-19	2.25e-12	1.08e-06	1.00e+00	3.80e-05	0.00e+00
 1.91528e+13	9.84e-35	2.29e-26	6.16e-19	2.61e-12	1.16e-06	1.00e+00	3.53e-05	0.00e+00
 1.99007e+13	1.39e-34	3.03e-26	7.68e-19	3.05e-12	1.26e-06	1.00e+00	3.25e-05	0.00e+00
 2.05951e+13	1.88e-34	3.89e-26	9.35e-19	3.50e-12	1.36e-06	1.00e+00	3.02e-05	0.00e+00
 2.13494e+13	2.60e-34	5.07e-26	1.15e-18	4.05e-12	1.47e-06	1.00e+00	2.80e-05	0.00e+00
 2.21975e+13	3.69e-34	6.75e-26	1.44e-18	4.74e-12	1.59e-06	1.00e+00	2.58e-05	0.00e+00
 2.30020e+13	5.09e-34	8.78e-26	1.76e-18	5.47e-12	1.72e-06	1.00e+00	2.39e-05	0.00e+00
 2.38675e+13	7.11e-34	1.15e-25	2.18e-18	6.35e-12	1.86e-06	1.00e+00	2.21e-05	0.00e+00
 2.48325e+13	1.02e-33	1.55e-25	2.74e-18	7.45e-12	2.02e-06	1.00e+00	2.04e-05	0.00e+00
 2.57647e+13	1.42e-33	2.03e-25	3.39e-18	8.64e-12	2.19e-06	1.00e+00	1.88e-05	0.00e+00
 2.67538e+13	2.01e-33	2.69e-25	4.21e-18	1.01e-11	2.37e-06	1.00e+00	1.74e-05	0.00e+00
 2.78539e+13	2.90e-33	3.63e-25	5.30e-18	1.18e-11	2.58e-06	1.00e+00	1.60e-05	0.00e+00
 2.89584e+13	4.15e-33	4.86e-25	6.64e-18	1.38e-11	2.80e-06	1.00e+00	1.48e-05	0.00e+00
 3.01072e+13	5.92e-33	6.49e-25	8.31e-18	1.61e-11	3.04e-06	1.00e+00	1.36e-05	0.00e+00
 3.13414e+13	8.58e-33	8.77e-25	1.05e-17	1.90e-11	3.31e-06	1.00e+00	1.25e-05	0.00e+00
 3.26250e+13	1.24e-32	1.19e-24	1.32e-17	2.23e-11	3.60e-06	1.00e+00	1.15e-05	0.00e+00
 3.38881e+13	1.77e-32	1.58e-24	1.65e-17	2.59e-11	3.89e-06	1.00e+00	1.07e-05	0.00e+00
 3.50632e+13	2.42e-32	2.04e-24	2.01e-17	2.97e-11	4.18e-06	1.00e+00	9.93e-06	0.00e+00
 3.61352e+13	3.21e-32	2.56e-24	2.39e-17	3.35e-11	4.45e-06	1.00e+00	9.33e-06	0.00e+00
 3.72980e+13	4.32e-32	3.25e-24	2.88e-17	3.80e-11	4.75e-06	1.00e+00	8.74e-06	0.00e+00
 3.86104e+13	5.96e-32	4.23e-24	3.52e-17	4.37e-11	5.10e-06	1.00e+00	8.14e-06	0.00e+00
 3.98617e+13	8.05e-32	5.39e-24	4.24e-17	4.96e-11	5.45e-06	1.00e+00	7.63e-06	0.00e+00
 4.12328e+13	1.11e-31	6.98e-24	5.16e-17	5.68e-11	5.84e-06	1.00e+00	7.12e-06	0.00e+00
 4.27811e+13	1.57e-31	9.24e-24	6.39e-17	6.58e-11	6.30e-06	1.00e+00	6.60e-06	0.00e+00
 4.42092e+13	2.14e-31	1.19e-23	7.75e-17	7.50e-11	6.74e-06	1.00e+00	6.17e-06	0.00e+00
 4.55032e+13	2.81e-31	1.48e-23	9.17e-17	8.41e-11	7.15e-06	1.00e+00	5.82e-06	0.00e+00
 4.69731e+13	3.80e-31	1.89e-23	1.10e-16	9.55e-11	7.63e-06	1.00e+00	5.45e-06	0.00e+00
 4.87750e+13	5.44e-31	2.52e-23	1.38e-16	1.11e-10	8.24e-06	1.00e+00	5.05e-06	0.00e+00
 5.05799e+13	7.69e-31	3.34e-23	1.70e-16	1.28e-10	8.87e-06	1.00e+00	4.69e-06	0.00e+00
 5.21645e+13	1.04e-30	4.25e-23	2.04e-16	1.45e-10	9.44e-06	1.00e+00	4.41e-06	0.00e+00
 5.38910e+13	1.41e-30	5.45e-23	2.47e-16	1.65e-10	1.01e-05	1.00e+00	4.13e-06	0.00e+00
 5.59791e+13	2.04e-30	7.32e-23	3.09e-16	1.92e-10	1.09e-05	1.00e+00	3.82e-06	0.00e+00
 5.80654e+13	2.90e-30	9.72e-23	3.83e-16	2.22e-10	1.17e-05	1.00e+00	3.55e-06	0.00e+00
 5.99369e+13	3.94e-30	1.24e-22	4.62e-16	2.52e-10	1.25e-05	1.00e+00	3.33e-06	0.00e+00
 6.20014e+13	5.47e-30	1.62e-22	5.64e-16	2.88e-10	1.34e-05	1.00e+00	3.11e-06	0.00e+00
 6.44467e+13	7.95e-30	2.19e-22	7.09e-16	3.36e-10	1.45e-05	1.00e+00	2.88e-06	0.00e+00
 6.68760e+13	1.14e-29	2.92e-22	8.82e-16	3.89e-10	1.56e-05	1.00e+00	2.67e-06	0.00e+00
 6.91378e+13	1.58e-29	3.79e-22	1.07e-15	4.44e-10	1.67e-05	1.00e+00	2.50e-06	0.00e+00
 7.16684e+13	2.24e-29	5.02e-22	1.33e-15	5.12e-10	1.79e-05	1.00e+00	2.32e-06	0.00e+00
 7.45650e+13	3.29e-29	6.84e-22	1.68e-15	6.00e-10	1.94e-05	1.00e+00	2.15e-06	0.00e+00
 7.74312e+13	4.77e-29	9.22e-22	2.10e-15	6.97e-10	2.09e-05	1.00e+00	1.99e-06	0.00e+00
 8.04120e+13	6.87e-29	1.24e-21	2.62e-15	8.10e-10	2.26e-05	1.00e+00	1.84e-06	0.00e+00
 8.36584e+13	1.02e-28	1.69e-21	3.31e-15	9.47e-10	2.44e-05	1.00e+00	1.70e-06	0.00e+00
 8.70347e+13	1.49e-28	2.30e-21	4.19e-15	1.11e-09	2.65e-05	1.00e+00	1.57e-06	0.00e+00
 9.02920e+13	2.14e-28	3.08e-21	5.21e-15	1.28e-09	2.85e-05	1.00e+00	1.46e-06	0.00e+00
 9.33420e+13	2.95e-28	3.99e-21	6.34e-15	1.47e-09	3.05e-05	1.00e+00	1.37e-06	0.00e+00
 9.67679e+13	4.21e-28	5.30e-21	7.85e-15	1.69e-09	3.27e-05	1.00e+00	1.27e-06	0.00e+00
 1.00248e+14	5.93e-28	6.98e-21	9.67e-15	1.95e-09	3.52e-05	1.00e+00	1.18e-06	0.00e+00
 1.03127e+14	7.83e-28	8.72e-21	1.14e-14	2.18e-09	3.72e-05	1.00e+00	1.12e-06	0.00e+00
 1.06144e+14	1.04e-27	1.09e-20	1.36e-14	2.44e-09	3.95e-05	1.00e+00	1.05e-06	0.00e+00
 1.10020e+14	1.47e-27	1.44e-20	1.68e-14	2.82e-09	4.24e-05	1.00e+00	9.81e-07	0.00e+00
 1.14108e+14	2.09e-27	1.92e-20	2.08e-14	3.26e-09	4.57e-05	1.00e+00	0.00e+00	0.00e+00
 1.17709e+14	2.83e-27	2.45e-20	2.50e-14	3.69e-09	4.87e-05	1.00e+00	0.00e+00	0.00e+00
 1.21586e+14	3.86e-27	3.15e-20	3.03e-14	4.20e-09	5.20e-05	1.00e+00	0.00e+00	0.00e+00
 1.26268e+14	5.57e-27	4.23e-20	3.79e-14	4.89e-09	5.62e-05	1.00e+00	0.00e+00	0.00e+00
 1.31020e+14	7.95e-27	5.64e-20	4.71e-14	5.67e-09	6.06e-05	1.00e+00	0.00e+00	0.00e+00
 1.35440e+14	1.10e-26	7.31e-20	5.74e-14	6.48e-09	6.48e-05	1.00e+00	0.00e+00	0.00e+00
 1.40367e+14	1.54e-26	9.62e-20	7.08e-14	7.47e-09	6.97e-05	1.00e+00	0.00e+00	0.00e+00
 1.45640e+14	2.20e-26	1.28e-19	8.80e-14	8.66e-09	7.52e-05	1.00e+00	0.00e+00	0.00e+00
 1.50314e+14	2.98e-26	1.64e-19	1.06e-13	9.84e-09	8.03e-05	1.00e+00	0.00e+00	0.00e+00
 1.55301e+14	4.08e-26	2.11e-19	1.29e-13	1.12e-08	8.59e-05	1.00e+00	0.00e+00	0.00e+00
 1.61297e+14	5.85e-26	2.82e-19	1.61e-13	1.30e-08	9.28e-05	1.00e+00	0.00e+00	0.00e+00
 1.67230e+14	8.28e-26	3.74e-19	1.99e-13	1.51e-08	1.00e-04	1.00e+00	0.00e+00	0.00e+00
 1.72500e+14	1.11e-25	4.75e-19	2.39e-13	1.71e-08	1.07e-04	1.00e+00	0.00e+00	0.00e+00
 1.78282e+14	1.53e-25	6.14e-19	2.91e-13	1.95e-08	1.14e-04	1.00e+00	0.00e+00	0.00e+00
 1.85197e+14	2.19e-25	8.22e-19	3.64e-13	2.27e-08	1.23e-04	1.00e+00	0.00e+00	0.00e+00
 1.92082e+14	3.11e-25	1.09e-18	4.51e-13	2.63e-08	1.33e-04	1.00e+00	0.00e+00	0.00e+00
 1.98364e+14	4.24e-25	1.40e-18	5.46e-13	2.99e-08	1.42e-04	1.00e+00	0.00e+00	0.00e+00
 2.05362e+14	5.91e-25	1.83e-18	6.70e-13	3.44e-08	1.53e-04	1.00e+00	0.00e+00	0.00e+00
 2.13518e+14	8.53e-25	2.47e-18	8.43e-13	4.02e-08	1.66e-04	1.00e+00	0.00e+00	0.00e+00
 2.21533e+14	1.22e-24	3.29e-18	1.05e-12	4.66e-08	1.79e-04	1.00e+00	0.00e+00	0.00e+00
 2.29089e+14	1.68e-24	4.27e-18	1.28e-12	5.34e-08	1.91e-04	1.00e+00	0.00e+00	0.00e+00
 2.37504e+14	2.38e-24	5.64e-18	1.58e-12	6.16e-08	2.06e-04	1.00e+00	0.00e+00	0.00e+00
 2.47034e+14	3.46e-24	7.64e-18	1.99e-12	7.22e-08	2.24e-04	1.00e+00	0.00e+00	0.00e+00
 2.56059e+14	4.90e-24	1.01e-17	2.47e-12	8.34e-08	2.41e-04	1.00e+00	0.00e+00	0.00e+00
 2.64264e+14	6.64e-24	1.29e-17	2.97e-12	9.46e-08	2.57e-04	1.00e+00	0.00e+00	0.00e+00
 2.73555e+14	9.25e-24	1.69e-17	3.65e-12	1.09e-07	2.75e-04	1.00e+00	0.00e+00	0.00e+00
 2.84398e+14	1.34e-23	2.28e-17	4.59e-12	1.27e-07	2.98e-04	1.00e+00	0.00e+00	0.00e+00
 2.94778e+14	1.91e-23	3.03e-17	5.68e-12	1.46e-07	3.21e-04	1.00e+00	0.00e+00	0.00e+00
 3.04160e+14	2.58e-23	3.86e-17	6.84e-12	1.66e-07	3.42e-04	1.00e+00	0.00e+00	0.00e+00
 3.13012e+14	3.40e-23	4.82e-17	8.10e-12	1.86e-07	3.63e-04	1.00e+00	0.00e+00	0.00e+00
 3.22808e+14	4.58e-23	6.13e-17	9.71e-12	2.10e-07	3.86e-04	1.00e+00	0.00e+00	0.00e+00
 3.33770e+14	6.33e-23	7.96e-17	1.18e-11	2.41e-07	4.13e-04	1.00e+00	0.00e+00	0.00e+00
 3.44130e+14	8.53e-23	1.01e-16	1.42e-11	2.72e-07	4.40e-04	1.00e+00	0.00e+00	0.00e+00
 3.55477e+14	1.17e-22	1.30e-16	1.72e-11	3.09e-07	4.70e-04	1.00e+00	0.00e+00	0.00e+00
 3.68186e+14	1.64e-22	1.71e-16	2.12e-11	3.56e-07	5.04e-04	9.99e-01	0.00e+00	0.00e+00
 3.80188e+14	2.24e-22	2.20e-16	2.56e-11	4.05e-07	5.39e-04	9.99e-01	0.00e+00	0.00e+00
 3.91571e+14	2.99e-22	2.78e-16	3.05e-11	4.55e-07	5.72e-04	9.99e-01	0.00e+00	0.00e+00
 4.04628e+14	4.10e-22	3.58e-16	3.71e-11	5.19e-07	6.11e-04	9.99e-01	0.00e+00	0.00e+00
 4.19312e+14	5.81e-22	4.74e-16	4.58e-11	5.99e-07	6.57e-04	9.99e-01	0.00e+00	0.00e+00
 4.33221e+14	7.94e-22	6.10e-16	5.56e-11	6.82e-07	7.03e-04	9.99e-01	0.00e+00	0.00e+00
 4.48413e+14	1.12e-21	8.01e-16	6.82e-11	7.83e-07	7.53e-04	9.99e-01	0.00e+00	0.00e+00
 4.65261e+14	1.59e-21	1.07e-15	8.48e-11	9.07e-07	8.12e-04	9.99e-01	0.00e+00	0.00e+00
 4.80867e+14	2.19e-21	1.38e-15	1.03e-10	1.03e-06	8.68e-04	9.99e-01	0.00e+00	0.00e+00
 4.97758e+14	3.04e-21	1.80e-15	1.26e-10	1.19e-06	9.32e-04	9.99e-01	0.00e+00	0.00e+00
 5.16693e+14	4.39e-21	2.42e-15	1.58e-10	1.38e-06	1.01e-03	9.99e-01	0.00e+00	0.00e+00
 5.34575e+14	6.08e-21	3.14e-15	1.93e-10	1.58e-06	1.08e-03	9.99e-01	0.00e+00	0.00e+00
 5.53944e+14	8.57e-21	4.15e-15	2.38e-10	1.82e-06	1.16e-03	9.99e-01	0.00e+00	0.00e+00
 5.75539e+14	1.23e-20	5.57e-15	2.99e-10	2.12e-06	1.26e-03	9.99e-01	0.00e+00	0.00e+00
 5.96071e+14	1.73e-20	7.32e-15	3.67e-10	2.44e-06	1.35e-03	9.99e-01	0.00e+00	0.00e+00
 6.18018e+14	2.43e-20	9.65e-15	4.54e-10	2.83e-06	1.46e-03	9.99e-01	0.00e+00	0.00e+00
 6.42768e+14	3.54e-20	1.31e-14	5.73e-10	3.31e-06	1.58e-03	9.98e-01	0.00e+00	0.00e+00
 6.67264e+14	5.02e-20	1.74e-14	7.14e-10	3.85e-06	1.71e-03	9.98e-01	0.00e+00	0.00e+00
 6.91008e+14	7.01e-20	2.28e-14	8.78e-10	4.43e-06	1.84e-03	9.98e-01	0.00e+00	0.00e+00
 7.16948e+14	9.86e-20	3.01e-14	1.09e-09	5.13e-06	1.99e-03	9.98e-01	0.00e+00	0.00e+00
 7.41197e+14	1.34e-19	3.87e-14	1.33e-09	5.87e-06	2.13e-03	9.98e-01	0.00e+00	0.00e+00
 7.59733e+14	1.69e-19	4.67e-14	1.53e-09	6.48e-06	2.25e-03	9.98e-01	0.00e+00	0.00e+00
 7.78963e+14	2.12e-19	5.63e-14	1.77e-09	7.17e-06	2.37e-03	9.98e-01	0.00e+00	0.00e+00
 8.03961e+14	2.83e-19	7.13e-14	2.13e-09	8.15e-06	2.54e-03	9.97e-01	0.00e+00	0.00e+00
 8.30993e+14	3.82e-19	9.14e-14	2.59e-09	9.32e-06	2.72e-03	9.97e-01	0.00e+00	0.00e+00
 8.55246e+14	4.96e-19	1.13e-13	3.06e-09	1.05e-05	2.90e-03	9.97e-01	0.00e+00	0.00e+00
 8.81355e+14	6.48e-19	1.41e-13	3.65e-09	1.18e-05	3.10e-03	9.97e-01	0.00e+00	0.00e+00
 9.14049e+14	8.98e-19	1.85e-13	4.51e-09	1.37e-05	3.35e-03	9.97e-01	0.00e+00	0.00e+00
 9.47087e+14	1.23e-18	2.40e-13	5.55e-09	1.58e-05	3.63e-03	9.96e-01	0.00e+00	0.00e+00
 9.75529e+14	1.60e-18	2.98e-13	6.59e-09	1.78e-05	3.87e-03	9.96e-01	0.00e+00	0.00e+00
 1.00621e+15	2.08e-18	3.72e-13	7.88e-09	2.02e-05	4.15e-03	9.96e-01	0.00e+00	0.00e+00
 1.04404e+15	2.86e-18	4.86e-13	9.76e-09	2.35e-05	4.50e-03	9.95e-01	0.00e+00	0.00e+00
 1.08243e+15	3.92e-18	6.32e-13	1.20e-08	2.72e-05	4.88e-03	9.95e-01	0.00e+00	0.00e+00
 1.11641e+15	5.13e-18	7.89e-13	1.44e-08	3.08e-05	5.23e-03	9.95e-01	0.00e+00	0.00e+00
 1.15341e+15	6.72e-18	9.93e-13	1.74e-08	3.51e-05	5.63e-03	9.94e-01	0.00e+00	0.00e+00
 1.19782e+15	9.31e-18	1.31e-12	2.17e-08	4.09e-05	6.13e-03	9.94e-01	0.00e+00	0.00e+00
 1.24186e+15	1.26e-17	1.69e-12	2.67e-08	4.73e-05	6.65e-03	9.93e-01	0.00e+00	0.00e+00
 1.28147e+15	1.64e-17	2.11e-12	3.20e-08	5.38e-05	7.14e-03	9.93e-01	0.00e+00	0.00e+00
 1.32534e+15	2.18e-17	2.68e-12	3.90e-08	6.16e-05	7.71e-03	9.92e-01	0.00e+00	0.00e+00
 1.37716e+15	3.01e-17	3.52e-12	4.87e-08	7.20e-05	8.42e-03	9.92e-01	0.00e+00	0.00e+00
 1.42834e+15	4.08e-17	4.56e-12	6.03e-08	8.34e-05	9.15e-03	9.91e-01	0.00e+00	0.00e+00
 1.47562e+15	5.35e-17	5.74e-12	7.29e-08	9.51e-05	9.85e-03	9.90e-01	0.00e+00	0.00e+00
 1.52874e+15	7.18e-17	7.38e-12	8.95e-08	1.10e-04	1.07e-02	9.89e-01	0.00e+00	0.00e+00
 1.58992e+15	9.96e-17	9.75e-12	1.13e-07	1.29e-04	1.17e-02	9.88e-01	0.00e+00	0.00e+00
 1.64993e+15	9.26e-17	1.27e-11	1.40e-07	1.49e-04	1.27e-02	9.87e-01	0.00e+00	0.00e+00
 1.71234e+15	1.22e-16	1.65e-11	1.74e-07	1.73e-04	1.38e-02	9.86e-01	0.00e+00	0.00e+00
 1.76938e+15	2.36e-16	2.09e-11	2.11e-07	1.98e-04	1.49e-02	9.85e-01	0.00e+00	0.00e+00
 1.81185e+15	2.87e-16	2.47e-11	2.43e-07	2.17e-04	1.57e-02	9.84e-01	0.00e+00	0.00e+00
 1.85558e+15	3.49e-16	2.93e-11	2.80e-07	2.39e-04	1.66e-02	9.83e-01	0.00e+00	0.00e+00
 1.91242e+15	4.49e-16	3.64e-11	3.34e-07	2.70e-04	1.78e-02	9.82e-01	0.00e+00	0.00e+00
 1.97418e+15	5.85e-16	4.57e-11	4.04e-07	3.07e-04	1.91e-02	9.81e-01	0.00e+00	0.00e+00
 2.03008e+15	7.37e-16	5.58e-11	4.76e-07	3.43e-04	2.04e-02	9.79e-01	0.00e+00	0.00e+00
 2.09049e+15	9.41e-16	6.89e-11	5.67e-07	3.86e-04	2.17e-02	9.78e-01	0.00e+00	0.00e+00
 2.16714e+15	1.28e-15	8.97e-11	7.04e-07	4.47e-04	2.36e-02	9.76e-01	0.00e+00	0.00e+00
 2.24405e+15	1.71e-15	1.16e-10	8.68e-07	5.15e-04	2.56e-02	9.74e-01	0.00e+00	0.00e+00
 2.30835e+15	2.17e-15	1.42e-10	1.03e-06	5.76e-04	2.72e-02	9.72e-01	0.00e+00	0.00e+00
 2.37712e+15	2.78e-15	1.75e-10	1.22e-06	6.48e-04	2.91e-02	9.70e-01	0.00e+00	0.00e+00
 2.46432e+15	3.78e-15	2.29e-10	1.52e-06	7.51e-04	3.15e-02	9.68e-01	0.00e+00	0.00e+00
 2.55575e+15	5.15e-15	2.99e-10	1.90e-06	8.69e-04	3.42e-02	9.65e-01	0.00e+00	0.00e+00
 2.63762e+15	6.72e-15	3.76e-10	2.29e-06	9.86e-04	3.67e-02	9.62e-01	0.00e+00	0.00e+00
 2.72681e+15	8.94e-15	4.81e-10	2.80e-06	1.13e-03	3.95e-02	9.59e-01	0.00e+00	0.00e+00
 2.83278e+15	1.25e-14	6.40e-10	3.54e-06	1.32e-03	4.31e-02	9.56e-01	0.00e+00	0.00e+00
 2.93682e+15	1.70e-14	8.36e-10	4.41e-06	1.52e-03	4.67e-02	9.52e-01	0.00e+00	0.00e+00
 3.03115e+15	2.23e-14	1.06e-09	5.34e-06	1.73e-03	5.00e-02	9.48e-01	0.00e+00	0.00e+00
 3.13661e+15	2.99e-14	1.36e-09	6.57e-06	1.98e-03	5.39e-02	9.44e-01	0.00e+00	0.00e+00
 3.26016e+15	4.20e-14	1.82e-09	8.34e-06	2.32e-03	5.87e-02	9.39e-01	0.00e+00	0.00e+00
 3.38144e+15	5.74e-14	2.38e-09	1.04e-05	2.69e-03	6.35e-02	9.34e-01	0.00e+00	0.00e+00
 3.49547e+15	7.69e-14	3.06e-09	1.27e-05	3.07e-03	6.83e-02	9.29e-01	0.00e+00	0.00e+00
 3.62321e+15	1.05e-13	4.00e-09	1.59e-05	3.55e-03	7.38e-02	9.23e-01	0.00e+00	0.00e+00
 3.74485e+15	1.40e-13	5.11e-09	1.94e-05	4.05e-03	7.92e-02	9.17e-01	0.00e+00	0.00e+00
 3.83509e+15	1.72e-13	6.11e-09	2.25e-05	4.47e-03	8.34e-02	9.12e-01	0.00e+00	0.00e+00
 3.92631e+15	2.11e-13	7.29e-09	2.60e-05	4.91e-03	8.77e-02	9.07e-01	0.00e+00	0.00e+00
 4.04489e+15	2.74e-13	9.09e-09	3.12e-05	5.53e-03	9.34e-02	9.01e-01	0.00e+00	0.00e+00
 4.17388e+15	3.61e-13	1.15e-08	3.78e-05	6.27e-03	9.98e-02	8.94e-01	0.00e+00	0.00e+00
 4.28998e+15	4.62e-13	1.42e-08	4.47e-05	7.00e-03	1.06e-01	8.87e-01	0.00e+00	0.00e+00
 4.41449e+15	5.99e-13	1.76e-08	5.33e-05	7.86e-03	1.12e-01	8.80e-01	0.00e+00	0.00e+00
 4.57458e+15	8.30e-13	2.32e-08	6.65e-05	9.08e-03	1.21e-01	8.70e-01	0.00e+00	0.00e+00
 4.73549e+15	1.13e-12	3.01e-08	8.22e-05	1.04e-02	1.30e-01	8.60e-01	0.00e+00	0.00e+00
 4.86679e+15	1.44e-12	3.71e-08	9.70e-05	1.16e-02	1.37e-01	8.51e-01	0.00e+00	0.00e+00
 5.00501e+15	1.86e-12	4.60e-08	1.15e-04	1.30e-02	1.45e-01	8.42e-01	0.00e+00	0.00e+00
 5.18470e+15	2.57e-12	6.02e-08	1.43e-04	1.50e-02	1.56e-01	8.29e-01	0.00e+00	0.00e+00
 5.37357e+15	3.56e-12	7.91e-08	1.78e-04	1.73e-02	1.67e-01	8.15e-01	0.00e+00	0.00e+00
 5.53557e+15	4.64e-12	9.88e-08	2.13e-04	1.94e-02	1.77e-01	8.03e-01	0.00e+00	0.00e+00
 5.70740e+15	6.15e-12	1.25e-07	2.57e-04	2.19e-02	1.88e-01	7.90e-01	0.00e+00	0.00e+00
 5.92062e+15	8.60e-12	1.66e-07	3.22e-04	2.53e-02	2.02e-01	7.73e-01	0.00e+00	0.00e+00
 6.13392e+15	1.18e-11	2.16e-07	4.00e-04	2.91e-02	2.15e-01	7.55e-01	0.00e+00	0.00e+00
 6.31570e+15	1.54e-11	2.70e-07	4.78e-04	3.26e-02	2.27e-01	7.40e-01	0.00e+00	0.00e+00
 6.51025e+15	2.03e-11	3.41e-07	5.76e-04	3.68e-02	2.40e-01	7.23e-01	0.00e+00	0.00e+00
 6.75263e+15	2.84e-11	4.50e-07	7.20e-04	4.23e-02	2.56e-01	7.01e-01	0.00e+00	0.00e+00
 6.99143e+15	3.85e-11	5.83e-07	8.88e-04	4.84e-02	2.71e-01	6.80e-01	0.00e+00	0.00e+00
 7.18899e+15	4.94e-11	7.19e-07	1.05e-03	5.39e-02	2.84e-01	6.61e-01	0.00e+00	0.00e+00
 7.36456e+15	6.12e-11	8.60e-07	1.22e-03	5.90e-02	2.95e-01	6.45e-01	0.00e+00	0.00e+00
 7.55866e+15	7.80e-11	1.05e-06	1.43e-03	6.53e-02	3.08e-01	6.26e-01	0.00e+00	0.00e+00
 7.77144e+15	9.97e-11	1.29e-06	1.69e-03	7.25e-02	3.21e-01	6.05e-01	0.00e+00	0.00e+00
 7.97128e+15	1.25e-10	1.56e-06	1.97e-03	7.97e-02	3.33e-01	5.86e-01	0.00e+00	0.00e+00
 8.19382e+15	1.61e-10	1.93e-06	2.34e-03	8.84e-02	3.46e-01	5.63e-01	0.00e+00	0.00e+00
 8.43363e+15	2.08e-10	2.40e-06	2.79e-03	9.84e-02	3.59e-01	5.40e-01	0.00e+00	0.00e+00
 8.65373e+15	2.62e-10	2.89e-06	3.25e-03	1.08e-01	3.71e-01	5.18e-01	0.00e+00	0.00e+00
 8.89771e+15	3.41e-10	3.60e-06	3.88e-03	1.20e-01	3.83e-01	4.93e-01	0.00e+00	0.00e+00
 9.16108e+15	4.41e-10	4.46e-06	4.62e-03	1.33e-01	3.95e-01	4.67e-01	0.00e+00	0.00e+00
 9.39230e+15	5.51e-10	5.38e-06	5.39e-03	1.46e-01	4.05e-01	4.44e-01	0.00e+00	0.00e+00
 9.60086e+15	6.73e-10	6.36e-06	6.17e-03	1.58e-01	4.13e-01	4.23e-01	0.00e+00	0.00e+00
 9.83733e+15	8.50e-10	7.70e-06	7.20e-03	1.72e-01	4.21e-01	3.99e-01	0.00e+00	0.00e+00
 1.00990e+16	1.09e-09	9.45e-06	8.50e-03	1.89e-01	4.29e-01	3.73e-01	0.00e+00	0.00e+00
 1.03385e+16	1.35e-09	1.13e-05	9.84e-03	2.05e-01	4.35e-01	3.51e-01	0.00e+00	0.00e+00
 1.05596e+16	1.65e-09	1.33e-05	1.13e-02	2.20e-01	4.39e-01	3.30e-01	0.00e+00	0.00e+00
 1.08116e+16	2.11e-09	1.63e-05	1.32e-02	2.39e-01	4.42e-01	3.05e-01	0.00e+00	0.00e+00
 1.10818e+16	2.69e-09	1.98e-05	1.55e-02	2.60e-01	4.44e-01	2.81e-01	0.00e+00	0.00e+00
 1.13077e+16	3.27e-09	2.33e-05	1.77e-02	2.78e-01	4.43e-01	2.61e-01	0.00e+00	0.00e+00
 1.14983e+16	3.89e-09	2.68e-05	1.98e-02	2.94e-01	4.42e-01	2.44e-01	0.00e+00	0.00e+00
 1.17112e+16	4.75e-09	3.15e-05	2.25e-02	3.13e-01	4.39e-01	2.26e-01	0.00e+00	0.00e+00
 1.19465e+16	5.95e-09	3.78e-05	2.59e-02	3.34e-01	4.35e-01	2.06e-01	0.00e+00	0.00e+00
 1.21572e+16	7.23e-09	4.41e-05	2.93e-02	3.53e-01	4.29e-01	1.89e-01	0.00e+00	0.00e+00
 1.23429e+16	8.62e-09	5.08e-05	3.27e-02	3.70e-01	4.23e-01	1.75e-01	0.00e+00	0.00e+00
 1.25500e+16	1.06e-08	5.96e-05	3.71e-02	3.90e-01	4.14e-01	1.59e-01	0.00e+00	0.00e+00
 1.27717e+16	1.33e-08	7.14e-05	4.25e-02	4.12e-01	4.03e-01	1.42e-01	0.00e+00	0.00e+00
 1.29609e+16	1.60e-08	8.28e-05	4.76e-02	4.31e-01	3.93e-01	1.29e-01	0.00e+00	0.00e+00
 1.31257e+16	1.89e-08	9.40e-05	5.26e-02	4.47e-01	3.82e-01	1.18e-01	0.00e+00	0.00e+00
 1.33104e+16	2.37e-08	1.12e-04	5.94e-02	4.66e-01	3.69e-01	1.05e-01	0.00e+00	0.00e+00
 1.35029e+16	2.87e-08	1.30e-04	6.68e-02	4.85e-01	3.54e-01	9.34e-02	0.00e+00	0.00e+00
 1.36660e+16	3.53e-08	1.52e-04	7.45e-02	5.02e-01	3.40e-01	8.32e-02	0.00e+00	0.00e+00
 1.38087e+16	4.17e-08	1.73e-04	8.17e-02	5.16e-01	3.27e-01	7.50e-02	0.00e+00	0.00e+00
 1.39644e+16	5.03e-08	1.99e-04	9.07e-02	5.32e-01	3.11e-01	6.62e-02	0.00e+00	0.00e+00
 1.41297e+16	6.22e-08	2.34e-04	1.01e-01	5.47e-01	2.93e-01	5.75e-02	0.00e+00	0.00e+00
 1.42676e+16	7.18e-08	2.62e-04	1.11e-01	5.60e-01	2.78e-01	5.08e-02	0.00e+00	0.00e+00
 1.43849e+16	9.03e-08	3.08e-04	1.21e-01	5.71e-01	2.63e-01	4.46e-02	0.00e+00	0.00e+00
 1.44934e+16	1.04e-07	3.43e-04	1.31e-01	5.80e-01	2.49e-01	3.97e-02	0.00e+00	0.00e+00
 1.46129e+16	1.26e-07	3.95e-04	1.43e-01	5.90e-01	2.33e-01	3.42e-02	0.00e+00	0.00e+00
 1.47375e+16	1.53e-07	4.56e-04	1.56e-01	5.99e-01	2.15e-01	2.90e-02	0.00e+00	0.00e+00
 1.48385e+16	1.74e-07	5.03e-04	1.68e-01	6.06e-01	2.00e-01	2.52e-02	0.00e+00	0.00e+00
 1.49240e+16	2.16e-07	5.83e-04	1.80e-01	6.11e-01	1.87e-01	2.17e-02	0.00e+00	0.00e+00
 1.49972e+16	2.45e-07	6.40e-04	1.90e-01	6.15e-01	1.75e-01	1.91e-02	0.00e+00	0.00e+00
 1.50699e+16	2.68e-07	6.86e-04	2.00e-01	6.19e-01	1.63e-01	1.68e-02	0.00e+00	0.00e+00
 1.51646e+16	3.38e-07	8.06e-04	2.16e-01	6.23e-01	1.47e-01	1.36e-02	0.00e+00	0.00e+00
 1.52535e+16	4.03e-07	9.14e-04	2.30e-01	6.25e-01	1.33e-01	1.11e-02	0.00e+00	0.00e+00
 1.53073e+16	4.57e-07	9.96e-04	2.40e-01	6.26e-01	1.23e-01	9.70e-03	0.00e+00	0.00e+00
 1.53406e+16	4.91e-07	1.05e-03	2.46e-01	6.26e-01	1.18e-01	8.85e-03	0.00e+00	0.00e+00
 1.53746e+16	5.31e-07	1.11e-03	2.53e-01	6.27e-01	1.12e-01	8.01e-03	0.00e+00	0.00e+00
 1.54189e+16	5.86e-07	1.19e-03	2.61e-01	6.27e-01	1.04e-01	7.00e-03	0.00e+00	0.00e+00
 1.54680e+16	6.56e-07	1.29e-03	2.71e-01	6.26e-01	9.58e-02	5.98e-03	0.00e+00	0.00e+00
 1.55119e+16	7.28e-07	1.38e-03	2.79e-01	6.26e-01	8.85e-02	5.14e-03	0.00e+00	0.00e+00
 1.55498e+16	7.80e-07	1.45e-03	2.87e-01	6.25e-01	8.23e-02	4.50e-03	0.00e+00	0.00e+00
 1.55914e+16	8.91e-07	1.59e-03	2.96e-01	6.23e-01	7.53e-02	3.78e-03	0.00e+00	0.00e+00
 1.56331e+16	9.81e-07	1.70e-03	3.04e-01	6.22e-01	6.88e-02	3.20e-03	0.00e+00	0.00e+00
 1.56691e+16	1.05e-06	1.79e-03	3.12e-01	6.20e-01	6.34e-02	2.75e-03	0.00e+00	0.00e+00
 1.57098e+16	1.20e-06	1.95e-03	3.21e-01	6.18e-01	5.72e-02	2.25e-03	0.00e+00	0.00e+00
 1.57515e+16	1.33e-06	2.09e-03	3.30e-01	6.15e-01	5.14e-02	1.85e-03	0.00e+00	0.00e+00
 1.57888e+16	1.46e-06	2.24e-03	3.37e-01	6.12e-01	4.65e-02	1.53e-03	0.00e+00	0.00e+00
 1.58317e+16	1.63e-06	2.42e-03	3.47e-01	6.09e-01	4.11e-02	1.21e-03	0.00e+00	0.00e+00
 1.58789e+16	1.83e-06	2.61e-03	3.56e-01	6.04e-01	3.58e-02	9.33e-04	0.00e+00	0.00e+00
 1.59235e+16	2.05e-06	2.82e-03	3.65e-01	6.00e-01	3.12e-02	7.21e-04	0.00e+00	0.00e+00
 1.59732e+16	2.31e-06	3.06e-03	3.75e-01	5.95e-01	2.65e-02	5.33e-04	0.00e+00	0.00e+00
 1.60286e+16	2.64e-06	3.35e-03	3.86e-01	5.88e-01	2.21e-02	3.78e-04	0.00e+00	0.00e+00
 1.60822e+16	2.98e-06	3.63e-03	3.96e-01	5.81e-01	1.85e-02	2.70e-04	0.00e+00	0.00e+00
 1.61424e+16	3.42e-06	3.99e-03	4.07e-01	5.73e-01	1.50e-02	1.82e-04	0.00e+00	0.00e+00
 1.62207e+16	4.05e-06	4.47e-03	4.21e-01	5.63e-01	1.15e-02	1.09e-04	0.00e+00	0.00e+00
 1.63057e+16	4.82e-06	5.02e-03	4.35e-01	5.51e-01	8.65e-03	6.33e-05	0.00e+00	0.00e+00
 1.63995e+16	5.80e-06	5.68e-03	4.51e-01	5.37e-01	6.32e-03	3.46e-05	0.00e+00	0.00e+00
 1.65215e+16	7.32e-06	6.63e-03	4.70e-01	5.19e-01	4.26e-03	1.61e-05	0.00e+00	0.00e+00
 1.66545e+16	9.40e-06	7.82e-03	4.91e-01	4.99e-01	2.85e-03	7.33e-06	0.00e+00	0.00e+00
 1.67495e+16	1.12e-05	8.80e-03	5.06e-01	4.83e-01	2.19e-03	4.37e-06	0.00e+00	0.00e+00
 1.68033e+16	1.25e-05	9.44e-03	5.14e-01	4.74e-01	1.88e-03	3.25e-06	0.00e+00	0.00e+00
 1.68559e+16	1.38e-05	1.01e-02	5.23e-01	4.65e-01	1.62e-03	2.40e-06	0.00e+00	0.00e+00
 1.69242e+16	1.58e-05	1.11e-02	5.35e-01	4.53e-01	1.33e-03	1.64e-06	0.00e+00	0.00e+00
 1.70130e+16	1.89e-05	1.24e-02	5.50e-01	4.37e-01	1.04e-03	1.00e-06	0.00e+00	0.00e+00
 1.71036e+16	2.28e-05	1.41e-02	5.66e-01	4.19e-01	8.11e-04	6.22e-07	0.00e+00	0.00e+00
 1.71754e+16	2.66e-05	1.56e-02	5.79e-01	4.05e-01	6.70e-04	0.00e+00	0.00e+00	0.00e+00
 1.72379e+16	3.05e-05	1.72e-02	5.90e-01	3.92e-01	5.66e-04	0.00e+00	0.00e+00	0.00e+00
 1.73095e+16	3.59e-05	1.91e-02	6.04e-01	3.77e-01	4.63e-04	0.00e+00	0.00e+00	0.00e+00
 1.73817e+16	4.24e-05	2.14e-02	6.17e-01	3.61e-01	3.82e-04	0.00e+00	0.00e+00	0.00e+00
 1.74369e+16	4.85e-05	2.34e-02	6.28e-01	3.48e-01	3.29e-04	0.00e+00	0.00e+00	0.00e+00
 1.74829e+16	5.43e-05	2.53e-02	6.37e-01	3.38e-01	2.89e-04	0.00e+00	0.00e+00	0.00e+00
 1.75351e+16	6.20e-05	2.76e-02	6.47e-01	3.25e-01	2.49e-04	0.00e+00	0.00e+00	0.00e+00
 1.75934e+16	7.21e-05	3.06e-02	6.58e-01	3.11e-01	2.11e-04	0.00e+00	0.00e+00	0.00e+00
 1.76466e+16	8.31e-05	3.37e-02	6.68e-01	2.98e-01	1.81e-04	0.00e+00	0.00e+00	0.00e+00
 1.76930e+16	9.44e-05	3.67e-02	6.77e-01	2.86e-01	1.58e-04	0.00e+00	0.00e+00	0.00e+00
 1.77432e+16	1.09e-04	4.04e-02	6.87e-01	2.73e-01	1.35e-04	0.00e+00	0.00e+00	0.00e+00
 1.77969e+16	1.27e-04	4.49e-02	6.96e-01	2.59e-01	1.14e-04	0.00e+00	0.00e+00	0.00e+00
 1.78430e+16	1.46e-04	4.92e-02	7.04e-01	2.46e-01	9.90e-05	0.00e+00	0.00e+00	0.00e+00
 1.78833e+16	1.65e-04	5.35e-02	7.11e-01	2.35e-01	8.69e-05	0.00e+00	0.00e+00	0.00e+00
 1.79278e+16	1.90e-04	5.88e-02	7.18e-01	2.23e-01	7.47e-05	0.00e+00	0.00e+00	0.00e+00
 1.79761e+16	2.23e-04	6.54e-02	7.25e-01	2.10e-01	6.33e-05	0.00e+00	0.00e+00	0.00e+00
 1.80181e+16	2.56e-04	7.18e-02	7.30e-01	1.98e-01	5.46e-05	0.00e+00	0.00e+00	0.00e+00
 1.80543e+16	2.90e-04	7.81e-02	7.34e-01	1.88e-01	4.79e-05	0.00e+00	0.00e+00	0.00e+00
 1.80941e+16	3.35e-04	8.58e-02	7.37e-01	1.76e-01	4.11e-05	0.00e+00	0.00e+00	0.00e+00
 1.81372e+16	3.91e-04	9.51e-02	7.40e-01	1.64e-01	3.47e-05	0.00e+00	0.00e+00	0.00e+00
 1.81750e+16	4.50e-04	1.04e-01	7.41e-01	1.54e-01	2.98e-05	0.00e+00	0.00e+00	0.00e+00
 1.82081e+16	5.11e-04	1.14e-01	7.42e-01	1.44e-01	2.59e-05	0.00e+00	0.00e+00	0.00e+00
 1.82449e+16	5.92e-04	1.25e-01	7.41e-01	1.34e-01	2.20e-05	0.00e+00	0.00e+00	0.00e+00
 1.82844e+16	6.94e-04	1.39e-01	7.38e-01	1.23e-01	1.84e-05	0.00e+00	0.00e+00	0.00e+00
 1.83188e+16	8.01e-04	1.53e-01	7.33e-01	1.13e-01	1.56e-05	0.00e+00	0.00e+00	0.00e+00
 1.83493e+16	9.12e-04	1.66e-01	7.28e-01	1.05e-01	1.34e-05	0.00e+00	0.00e+00	0.00e+00
 1.83836e+16	1.06e-03	1.83e-01	7.20e-01	9.54e-02	1.11e-05	0.00e+00	0.00e+00	0.00e+00
 1.84205e+16	1.25e-03	2.04e-01	7.09e-01	8.57e-02	9.10e-06	0.00e+00	0.00e+00	0.00e+00
 1.84530e+16	1.46e-03	2.24e-01	6.97e-01	7.73e-02	7.52e-06	0.00e+00	0.00e+00	0.00e+00
 1.84822e+16	1.68e-03	2.45e-01	6.84e-01	6.99e-02	6.28e-06	0.00e+00	0.00e+00	0.00e+00
 1.85151e+16	1.97e-03	2.71e-01	6.66e-01	6.17e-02	5.04e-06	0.00e+00	0.00e+00	0.00e+00
 1.85511e+16	2.36e-03	3.02e-01	6.42e-01	5.32e-02	3.91e-06	0.00e+00	0.00e+00	0.00e+00
 1.85836e+16	2.79e-03	3.34e-01	6.17e-01	4.59e-02	3.06e-06	0.00e+00	0.00e+00	0.00e+00
 1.86137e+16	3.27e-03	3.67e-01	5.90e-01	3.94e-02	2.39e-06	0.00e+00	0.00e+00	0.00e+00
 1.86482e+16	3.94e-03	4.09e-01	5.54e-01	3.24e-02	1.75e-06	0.00e+00	0.00e+00	0.00e+00
 1.86847e+16	4.81e-03	4.58e-01	5.12e-01	2.57e-02	1.23e-06	0.00e+00	0.00e+00	0.00e+00
 1.87153e+16	5.72e-03	5.02e-01	4.71e-01	2.07e-02	8.85e-07	0.00e+00	0.00e+00	0.00e+00
 1.87416e+16	6.63e-03	5.43e-01	4.33e-01	1.68e-02	0.00e+00	0.00e+00	0.00e+00	0.00e+00
 1.87658e+16	7.63e-03	5.82e-01	3.97e-01	1.35e-02	0.00e+00	0.00e+00	0.00e+00	0.00e+00
 1.87878e+16	8.69e-03	6.19e-01	3.61e-01	1.09e-02	0.00e+00	0.00e+00	0.00e+00	0.00e+00
 1.88090e+16	9.84e-03	6.55e-01	3.26e-01	8.70e-03	0.00e+00	0.00e+00	0.00e+00	0.00e+00
 1.88297e+16	1.11e-02	6.90e-01	2.92e-01	6.84e-03	0.00e+00	0.00e+00	0.00e+00	0.00e+00
 1.88496e+16	1.25e-02	7.24e-01	2.58e-01	5.30e-03	0.00e+00	0.00e+00	0.00e+00	0.00e+00
 1.88689e+16	1.41e-02	7.55e-01	2.26e-01	4.04e-03	0.00e+00	0.00e+00	0.00e+00	0.00e+00
 1.88870e+16	1.57e-02	7.84e-01	1.97e-01	3.06e-03	0.00e+00	0.00e+00	0.00e+00	0.00e+00
 1.89040e+16	1.75e-02	8.09e-01	1.71e-01	2.31e-03	0.00e+00	0.00e+00	0.00e+00	0.00e+00
 1.89205e+16	1.93e-02	8.32e-01	1.47e-01	1.72e-03	0.00e+00	0.00e+00	0.00e+00	0.00e+00
 1.89368e+16	2.14e-02	8.52e-01	1.25e-01	1.25e-03	0.00e+00	0.00e+00	0.00e+00	0.00e+00
 1.89526e+16	2.36e-02	8.70e-01	1.05e-01	9.07e-04	0.00e+00	0.00e+00	0.00e+00	0.00e+00
 1.89676e+16	2.60e-02	8.85e-01	8.82e-02	6.50e-04	0.00e+00	0.00e+00	0.00e+00	0.00e+00
 1.89823e+16	2.87e-02	8.98e-01	7.32e-02	4.59e-04	0.00e+00	0.00e+00	0.00e+00	0.00e+00
 1.89965e+16	3.15e-02	9.08e-01	6.03e-02	3.20e-04	0.00e+00	0.00e+00	0.00e+00	0.00e+00
 1.90103e+16	3.46e-02	9.16e-01	4.93e-02	2.21e-04	0.00e+00	0.00e+00	0.00e+00	0.00e+00
 1.90238e+16	3.80e-02	9.22e-01	4.00e-02	1.50e-04	0.00e+00	0.00e+00	0.00e+00	0.00e+00
 1.90367e+16	4.16e-02	9.26e-01	3.23e-02	1.01e-04	0.00e+00	0.00e+00	0.00e+00	0.00e+00
 1.90490e+16	4.55e-02	9.28e-01	2.61e-02	6.86e-05	0.00e+00	0.00e+00	0.00e+00	0.00e+00
 1.90605e+16	4.93e-02	9.29e-01	2.12e-02	4.67e-05	0.00e+00	0.00e+00	0.00e+00	0.00e+00
 1.90716e+16	5.37e-02	9.29e-01	1.70e-02	3.15e-05	0.00e+00	0.00e+00	0.00e+00	0.00e+00
 1.90823e+16	5.82e-02	9.28e-01	1.37e-02	2.12e-05	0.00e+00	0.00e+00	0.00e+00	0.00e+00
 1.90921e+16	6.27e-02	9.26e-01	1.12e-02	1.45e-05	0.00e+00	0.00e+00	0.00e+00	0.00e+00
 1.91014e+16	6.74e-02	9.23e-01	9.10e-03	1.00e-05	0.00e+00	0.00e+00	0.00e+00	0.00e+00
 1.91104e+16	7.21e-02	9.20e-01	7.43e-03	6.91e-06	0.00e+00	0.00e+00	0.00e+00	0.00e+00
 1.91187e+16	7.70e-02	9.17e-01	6.11e-03	4.84e-06	0.00e+00	0.00e+00	0.00e+00	0.00e+00
 1.91263e+16	8.15e-02	9.13e-01	5.08e-03	3.45e-06	0.00e+00	0.00e+00	0.00e+00	0.00e+00
 1.91334e+16	8.64e-02	9.09e-01	4.26e-03	2.50e-06	0.00e+00	0.00e+00	0.00e+00	0.00e+00
 1.91398e+16	9.07e-02	9.06e-01	3.61e-03	1.85e-06	0.00e+00	0.00e+00	0.00e+00	0.00e+00
 1.91448e+16	9.42e-02	9.03e-01	3.19e-03	1.48e-06	0.00e+00	0.00e+00	0.00e+00	0.00e+00
 1.91482e+16	9.66e-02	9.01e-01	2.92e-03	1.26e-06	0.00e+00	0.00e+00	0.00e+00	0.00e+00
 1.91513e+16	9.92e-02	8.98e-01	2.68e-03	1.07e-06	0.00e+00	0.00e+00	0.00e+00	0.00e+00
 1.91549e+16	1.02e-01	8.95e-01	2.43e-03	8.94e-07	0.00e+00	0.00e+00	0.00e+00	0.00e+00
 1.91587e+16	1.05e-01	8.92e-01	2.19e-03	0.00e+00	0.00e+00	0.00e+00	0.00e+00	0.00e+00
 1.91623e+16	1.09e-01	8.90e-01	1.97e-03	0.00e+00	0.00e+00	0.00e+00	0.00e+00	0.00e+00
 1.91658e+16	1.12e-01	8.87e-01	1.79e-03	0.00e+00	0.00e+00	0.00e+00	0.00e+00	0.00e+00
 1.91693e+16	1.15e-01	8.84e-01	1.62e-03	0.00e+00	0.00e+00	0.00e+00	0.00e+00	0.00e+00
 1.91728e+16	1.18e-01	8.81e-01	1.46e-03	0.00e+00	0.00e+00	0.00e+00	0.00e+00	0.00e+00
 1.91762e+16	1.21e-01	8.77e-01	1.32e-03	0.00e+00	0.00e+00	0.00e+00	0.00e+00	0.00e+00
 1.91795e+16	1.25e-01	8.74e-01	1.20e-03	0.00e+00	0.00e+00	0.00e+00	0.00e+00	0.00e+00
 1.91829e+16	1.28e-01	8.70e-01	1.08e-03	0.00e+00	0.00e+00	0.00e+00	0.00e+00	0.00e+00
 1.91862e+16	1.32e-01	8.67e-01	9.76e-04	0.00e+00	0.00e+00	0.00e+00	0.00e+00	0.00e+00
 1.91894e+16	1.36e-01	8.64e-01	8.83e-04	0.00e+00	0.00e+00	0.00e+00	0.00e+00	0.00e+00
 1.91926e+16	1.39e-01	8.60e-01	7.99e-04	0.00e+00	0.00e+00	0.00e+00	0.00e+00	0.00e+00
 1.91958e+16	1.43e-01	8.56e-01	7.21e-04	0.00e+00	0.00e+00	0.00e+00	0.00e+00	0.00e+00
 1.91989e+16	1.47e-01	8.52e-01	6.52e-04	0.00e+00	0.00e+00	0.00e+00	0.00e+00	0.00e+00
 1.92020e+16	1.51e-01	8.48e-01	5.88e-04	0.00e+00	0.00e+00	0.00e+00	0.00e+00	0.00e+00
 1.92051e+16	1.55e-01	8.44e-01	5.32e-04	0.00e+00	0.00e+00	0.00e+00	0.00e+00	0.00e+00
 1.92081e+16	1.60e-01	8.40e-01	4.80e-04	0.00e+00	0.00e+00	0.00e+00	0.00e+00	0.00e+00
 1.92112e+16	1.64e-01	8.35e-01	4.33e-04	0.00e+00	0.00e+00	0.00e+00	0.00e+00	0.00e+00
 1.92141e+16	1.69e-01	8.31e-01	3.91e-04	0.00e+00	0.00e+00	0.00e+00	0.00e+00	0.00e+00
 1.92170e+16	1.74e-01	8.26e-01	3.53e-04	0.00e+00	0.00e+00	0.00e+00	0.00e+00	0.00e+00
 1.92199e+16	1.79e-01	8.21e-01	3.18e-04	0.00e+00	0.00e+00	0.00e+00	0.00e+00	0.00e+00
 1.92228e+16	1.84e-01	8.15e-01	2.87e-04	0.00e+00	0.00e+00	0.00e+00	0.00e+00	0.00e+00
 1.92257e+16	1.90e-01	8.10e-01	2.58e-04	0.00e+00	0.00e+00	0.00e+00	0.00e+00	0.00e+00
 1.92285e+16	1.96e-01	8.04e-01	2.33e-04	0.00e+00	0.00e+00	0.00e+00	0.00e+00	0.00e+00
 1.92313e+16	2.02e-01	7.98e-01	2.10e-04	0.00e+00	0.00e+00	0.00e+00	0.00e+00	0.00e+00
 1.92340e+16	2.08e-01	7.91e-01	1.89e-04	0.00e+00	0.00e+00	0.00e+00	0.00e+00	0.00e+00
 1.92368e+16	2.15e-01	7.85e-01	1.70e-04	0.00e+00	0.00e+00	0.00e+00	0.00e+00	0.00e+00
 1.92394e+16	2.22e-01	7.77e-01	1.54e-04	0.00e+00	0.00e+00	0.00e+00	0.00e+00	0.00e+00
 1.92420e+16	2.30e-01	7.70e-01	1.39e-04	0.00e+00	0.00e+00	0.00e+00	0.00e+00	0.00e+00
 1.92445e+16	2.38e-01	7.62e-01	1.25e-04	0.00e+00	0.00e+00	0.00e+00	0.00e+00	0.00e+00
 1.92471e+16	2.46e-01	7.54e-01	1.13e-04	0.00e+00	0.00e+00	0.00e+00	0.00e+00	0.00e+00
 1.92495e+16	2.54e-01	7.45e-01	1.02e-04	0.00e+00	0.00e+00	0.00e+00	0.00e+00	0.00e+00
 1.92520e+16	2.64e-01	7.36e-01	9.21e-05	0.00e+00	0.00e+00	0.00e+00	0.00e+00	0.00e+00
 1.92544e+16	2.73e-01	7.27e-01	8.31e-05	0.00e+00	0.00e+00	0.00e+00	0.00e+00	0.00e+00
 1.92567e+16	2.84e-01	7.15e-01	7.49e-05	0.00e+00	0.00e+00	0.00e+00	0.00e+00	0.00e+00
 1.92590e+16	2.94e-01	7.06e-01	6.78e-05	0.00e+00	0.00e+00	0.00e+00	0.00e+00	0.00e+00
 1.92613e+16	3.07e-01	6.93e-01	6.11e-05	0.00e+00	0.00e+00	0.00e+00	0.00e+00	0.00e+00
 1.92636e+16	3.18e-01	6.82e-01	5.51e-05	0.00e+00	0.00e+00	0.00e+00	0.00e+00	0.00e+00
 1.92658e+16	3.31e-01	6.69e-01	4.96e-05	0.00e+00	0.00e+00	0.00e+00	0.00e+00	0.00e+00
 1.92680e+16	3.45e-01	6.55e-01	4.47e-05	0.00e+00	0.00e+00	0.00e+00	0.00e+00	0.00e+00
 1.92702e+16	3.59e-01	6.41e-01	4.02e-05	0.00e+00	0.00e+00	0.00e+00	0.00e+00	0.00e+00
 1.92724e+16	3.74e-01	6.26e-01	3.61e-05	0.00e+00	0.00e+00	0.00e+00	0.00e+00	0.00e+00
 1.92746e+16	3.90e-01	6.10e-01	3.24e-05	0.00e+00	0.00e+00	0.00e+00	0.00e+00	0.00e+00
 1.92767e+16	4.07e-01	5.93e-01	2.90e-05	0.00e+00	0.00e+00	0.00e+00	0.00e+00	0.00e+00
 1.92788e+16	4.27e-01	5.73e-01	2.58e-05	0.00e+00	0.00e+00	0.00e+00	0.00e+00	0.00e+00
 1.92809e+16	4.45e-01	5.55e-01	2.31e-05	0.00e+00	0.00e+00	0.00e+00	0.00e+00	0.00e+00
 1.92830e+16	4.65e-01	5.35e-01	2.06e-05	0.00e+00	0.00e+00	0.00e+00	0.00e+00	0.00e+00
 1.92851e+16	4.85e-01	5.15e-01	1.83e-05	0.00e+00	0.00e+00	0.00e+00	0.00e+00	0.00e+00
 1.92872e+16	5.06e-01	4.94e-01	1.62e-05	0.00e+00	0.00e+00	0.00e+00	0.00e+00	0.00e+00
 1.92894e+16	5.28e-01	4.72e-01	1.43e-05	0.00e+00	0.00e+00	0.00e+00	0.00e+00	0.00e+00
 1.92915e+16	5.50e-01	4.49e-01	1.26e-05	0.00e+00	0.00e+00	0.00e+00	0.00e+00	0.00e+00
 1.92936e+16	5.73e-01	4.27e-01	1.11e-05	0.00e+00	0.00e+00	0.00e+00	0.00e+00	0.00e+00
 1.92957e+16	5.97e-01	4.03e-01	9.76e-06	0.00e+00	0.00e+00	0.00e+00	0.00e+00	0.00e+00
 1.92978e+16	6.20e-01	3.80e-01	8.52e-06	0.00e+00	0.00e+00	0.00e+00	0.00e+00	0.00e+00
 1.92997e+16	6.41e-01	3.59e-01	7.59e-06	0.00e+00	0.00e+00	0.00e+00	0.00e+00	0.00e+00
 1.93011e+16	6.56e-01	3.44e-01	6.92e-06	0.00e+00	0.00e+00	0.00e+00	0.00e+00	0.00e+00
 1.93025e+16	6.71e-01	3.29e-01	6.34e-06	0.00e+00	0.00e+00	0.00e+00	0.00e+00	0.00e+00
 1.93039e+16	6.85e-01	3.15e-01	5.79e-06	0.00e+00	0.00e+00	0.00e+00	0.00e+00	0.00e+00
 1.93054e+16	7.02e-01	2.98e-01	5.23e-06	0.00e+00	0.00e+00	0.00e+00	0.00e+00	0.00e+00
 1.93068e+16	7.15e-01	2.85e-01	4.78e-06	0.00e+00	0.00e+00	0.00e+00	0.00e+00	0.00e+00
