#depth	O	O+	O+2	O+3	O+4	O+5	O+6	O+7	O+8	O[1]	O[2]	O[3]
 1.49634e+10	0.00e+00	0.00e+00	1.37e-31	7.08e-23	5.34e-15	5.31e-08	1.00e+00	0.00e+00	0.00e+00	0.00e+00	0.00e+00	0.00e+00
 4.54887e+10	0.00e+00	4.90e-41	1.90e-31	9.06e-23	6.30e-15	5.77e-08	1.00e+00	1.35e-07	0.00e+00	0.00e+00	0.00e+00	0.00e+00
 7.72350e+10	0.00e+00	0.00e+00	2.64e-31	1.16e-22	7.45e-15	6.28e-08	1.00e+00	0.00e+00	0.00e+00	0.00e+00	0.00e+00	0.00e+00
 1.10251e+11	0.00e+00	1.11e-40	3.66e-31	1.49e-22	8.80e-15	6.83e-08	1.00e+00	0.00e+00	0.00e+00	0.00e+00	0.00e+00	0.00e+00
 1.42810e+11	0.00e+00	0.00e+00	4.99e-31	1.88e-22	1.03e-14	7.41e-08	1.00e+00	0.00e+00	0.00e+00	0.00e+00	0.00e+00	0.00e+00
 1.76671e+11	0.00e+00	2.40e-40	6.82e-31	2.38e-22	1.21e-14	8.03e-08	1.00e+00	0.00e+00	0.00e+00	0.00e+00	0.00e+00	0.00e+00
 2.13665e+11	0.00e+00	0.00e+00	9.48e-31	3.06e-22	1.43e-14	8.75e-08	1.00e+00	0.00e+00	0.00e+00	0.00e+00	0.00e+00	0.00e+00
 2.51184e+11	0.00e+00	5.40e-40	1.31e-30	3.91e-22	1.69e-14	9.51e-08	1.00e+00	0.00e+00	0.00e+00	0.00e+00	0.00e+00	0.00e+00
 2.90204e+11	0.00e+00	0.00e+00	1.81e-30	4.99e-22	2.00e-14	1.03e-07	1.00e+00	0.00e+00	0.00e+00	0.00e+00	0.00e+00	0.00e+00
 3.28285e+11	0.00e+00	1.17e-39	2.45e-30	6.28e-22	2.34e-14	1.12e-07	1.00e+00	0.00e+00	0.00e+00	0.00e+00	0.00e+00	0.00e+00
 3.62754e+11	0.00e+00	0.00e+00	3.19e-30	7.69e-22	2.68e-14	1.20e-07	1.00e+00	0.00e+00	0.00e+00	0.00e+00	0.00e+00	0.00e+00
 4.01275e+11	0.00e+00	2.34e-39	4.26e-30	9.59e-22	3.12e-14	1.30e-07	1.00e+00	0.00e+00	0.00e+00	0.00e+00	0.00e+00	0.00e+00
 4.46472e+11	0.00e+00	0.00e+00	5.90e-30	1.23e-21	3.69e-14	1.41e-07	1.00e+00	0.00e+00	0.00e+00	0.00e+00	0.00e+00	0.00e+00
 4.91309e+11	0.00e+00	5.17e-39	8.08e-30	1.56e-21	4.35e-14	1.54e-07	1.00e+00	0.00e+00	0.00e+00	0.00e+00	0.00e+00	0.00e+00
 5.33284e+11	0.00e+00	0.00e+00	1.07e-29	1.94e-21	5.04e-14	1.66e-07	1.00e+00	0.00e+00	0.00e+00	0.00e+00	0.00e+00	0.00e+00
 5.79888e+11	0.00e+00	1.07e-38	1.45e-29	2.44e-21	5.91e-14	1.80e-07	1.00e+00	0.00e+00	0.00e+00	0.00e+00	0.00e+00	0.00e+00
 6.33010e+11	0.00e+00	0.00e+00	2.03e-29	3.15e-21	7.04e-14	1.96e-07	1.00e+00	0.00e+00	0.00e+00	0.00e+00	0.00e+00	0.00e+00
 6.85508e+11	0.00e+00	2.39e-38	2.79e-29	4.02e-21	8.32e-14	2.14e-07	1.00e+00	0.00e+00	0.00e+00	0.00e+00	0.00e+00	0.00e+00
 7.40105e+11	0.00e+00	0.00e+00	3.83e-29	5.13e-21	9.83e-14	2.33e-07	1.00e+00	0.00e+00	0.00e+00	0.00e+00	0.00e+00	0.00e+00
 7.99636e+11	0.00e+00	5.37e-38	5.36e-29	6.64e-21	1.18e-13	2.56e-07	1.00e+00	0.00e+00	0.00e+00	0.00e+00	0.00e+00	0.00e+00
 8.59500e+11	0.00e+00	0.00e+00	7.41e-29	8.51e-21	1.40e-13	2.79e-07	1.00e+00	0.00e+00	0.00e+00	0.00e+00	0.00e+00	0.00e+00
 9.21758e+11	0.00e+00	1.19e-37	1.03e-28	1.09e-20	1.66e-13	3.05e-07	1.00e+00	0.00e+00	0.00e+00	0.00e+00	0.00e+00	0.00e+00
 9.86235e+11	0.00e+00	0.00e+00	1.42e-28	1.40e-20	1.98e-13	3.34e-07	1.00e+00	0.00e+00	0.00e+00	0.00e+00	0.00e+00	0.00e+00
 1.04954e+12	0.00e+00	2.59e-37	1.92e-28	1.78e-20	2.33e-13	3.64e-07	1.00e+00	0.00e+00	0.00e+00	0.00e+00	0.00e+00	0.00e+00
 1.11769e+12	0.00e+00	0.00e+00	2.64e-28	2.27e-20	2.76e-13	3.98e-07	1.00e+00	0.00e+00	0.00e+00	0.00e+00	0.00e+00	0.00e+00
 1.19233e+12	0.00e+00	5.75e-37	3.69e-28	2.94e-20	3.31e-13	4.37e-07	1.00e+00	0.00e+00	0.00e+00	0.00e+00	0.00e+00	0.00e+00
 1.26995e+12	0.00e+00	0.00e+00	5.15e-28	3.81e-20	3.97e-13	4.80e-07	1.00e+00	0.00e+00	0.00e+00	0.00e+00	0.00e+00	0.00e+00
 1.35067e+12	0.00e+00	1.30e-36	7.18e-28	4.93e-20	4.77e-13	5.28e-07	1.00e+00	0.00e+00	0.00e+00	0.00e+00	0.00e+00	0.00e+00
 1.43462e+12	6.05e-46	1.95e-36	1.00e-27	6.38e-20	5.72e-13	5.81e-07	1.00e+00	0.00e+00	0.00e+00	0.00e+00	0.00e+00	0.00e+00
 1.51054e+12	0.00e+00	0.00e+00	1.33e-27	7.99e-20	6.71e-13	6.32e-07	1.00e+00	0.00e+00	0.00e+00	0.00e+00	0.00e+00	0.00e+00
 1.57378e+12	0.00e+00	3.66e-36	1.68e-27	9.56e-20	7.62e-13	6.76e-07	1.00e+00	0.00e+00	0.00e+00	0.00e+00	0.00e+00	0.00e+00
 1.64306e+12	1.84e-45	4.94e-36	2.15e-27	1.16e-19	8.76e-13	7.27e-07	1.00e+00	0.00e+00	0.00e+00	0.00e+00	0.00e+00	0.00e+00
 1.73082e+12	0.00e+00	0.00e+00	2.91e-27	1.47e-19	1.04e-12	7.95e-07	1.00e+00	0.00e+00	0.00e+00	0.00e+00	0.00e+00	0.00e+00
 1.82235e+12	0.00e+00	1.03e-35	3.93e-27	1.86e-19	1.23e-12	8.70e-07	1.00e+00	0.00e+00	0.00e+00	0.00e+00	0.00e+00	0.00e+00
 1.90341e+12	6.36e-45	1.40e-35	5.08e-27	2.28e-19	1.42e-12	9.40e-07	1.00e+00	0.00e+00	0.00e+00	0.00e+00	0.00e+00	0.00e+00
 1.97915e+12	0.00e+00	0.00e+00	6.41e-27	2.74e-19	1.62e-12	1.01e-06	1.00e+00	0.00e+00	0.00e+00	0.00e+00	0.00e+00	0.00e+00
 2.06564e+12	0.00e+00	2.52e-35	8.27e-27	3.35e-19	1.87e-12	1.09e-06	1.00e+00	0.00e+00	0.00e+00	0.00e+00	0.00e+00	0.00e+00
 2.17178e+12	1.97e-44	3.62e-35	1.12e-26	4.25e-19	2.22e-12	1.19e-06	1.00e+00	0.00e+00	0.00e+00	0.00e+00	0.00e+00	0.00e+00
 2.27746e+12	0.00e+00	5.12e-35	1.49e-26	5.34e-19	2.62e-12	1.31e-06	1.00e+00	0.00e+00	0.00e+00	0.00e+00	0.00e+00	0.00e+00
 2.36942e+12	4.19e-44	6.84e-35	1.90e-26	6.47e-19	3.01e-12	1.41e-06	1.00e+00	0.00e+00	0.00e+00	0.00e+00	0.00e+00	0.00e+00
 2.46958e+12	0.00e+00	9.28e-35	2.45e-26	7.91e-19	3.48e-12	1.52e-06	1.00e+00	0.00e+00	0.00e+00	0.00e+00	0.00e+00	0.00e+00
 2.59168e+12	9.16e-44	1.32e-34	3.29e-26	1.00e-18	4.13e-12	1.67e-06	1.00e+00	0.00e+00	0.00e+00	0.00e+00	0.00e+00	0.00e+00
 2.71631e+12	0.00e+00	1.87e-34	4.40e-26	1.26e-18	4.88e-12	1.83e-06	1.00e+00	0.00e+00	0.00e+00	0.00e+00	0.00e+00	0.00e+00
 2.83101e+12	1.99e-43	2.55e-34	5.68e-26	1.55e-18	5.66e-12	1.98e-06	1.00e+00	0.00e+00	0.00e+00	0.00e+00	0.00e+00	0.00e+00
 2.95878e+12	0.00e+00	3.54e-34	7.48e-26	1.93e-18	6.63e-12	2.16e-06	1.00e+00	0.00e+00	0.00e+00	0.00e+00	0.00e+00	0.00e+00
 3.10658e+12	4.50e-43	5.10e-34	1.02e-25	2.46e-18	7.90e-12	2.37e-06	1.00e+00	0.00e+00	0.00e+00	0.00e+00	0.00e+00	0.00e+00
 3.25202e+12	0.00e+00	7.19e-34	1.35e-25	3.09e-18	9.32e-12	2.60e-06	1.00e+00	0.00e+00	0.00e+00	0.00e+00	0.00e+00	0.00e+00
 3.39145e+12	9.81e-43	9.87e-34	1.76e-25	3.82e-18	1.09e-11	2.82e-06	1.00e+00	0.00e+00	0.00e+00	0.00e+00	0.00e+00	0.00e+00
 3.54520e+12	0.00e+00	1.38e-33	2.34e-25	4.78e-18	1.28e-11	3.08e-06	1.00e+00	0.00e+00	0.00e+00	0.00e+00	0.00e+00	0.00e+00
 3.71693e+12	2.23e-42	1.98e-33	3.16e-25	6.08e-18	1.52e-11	3.38e-06	1.00e+00	0.00e+00	0.00e+00	0.00e+00	0.00e+00	0.00e+00
 3.87315e+12	0.00e+00	2.71e-33	4.11e-25	7.50e-18	1.76e-11	3.67e-06	1.00e+00	0.00e+00	0.00e+00	0.00e+00	0.00e+00	0.00e+00
 4.00478e+12	4.36e-42	3.50e-33	5.09e-25	8.89e-18	1.99e-11	3.92e-06	1.00e+00	0.00e+00	0.00e+00	0.00e+00	0.00e+00	0.00e+00
 4.14959e+12	0.00e+00	4.61e-33	6.41e-25	1.07e-17	2.27e-11	4.21e-06	1.00e+00	0.00e+00	0.00e+00	0.00e+00	0.00e+00	0.00e+00
 4.31312e+12	8.55e-42	6.21e-33	8.23e-25	1.30e-17	2.61e-11	4.55e-06	1.00e+00	0.00e+00	0.00e+00	0.00e+00	0.00e+00	0.00e+00
 4.46980e+12	0.00e+00	8.19e-33	1.04e-24	1.57e-17	2.98e-11	4.89e-06	1.00e+00	0.00e+00	0.00e+00	0.00e+00	0.00e+00	0.00e+00
 4.64230e+12	1.68e-41	1.10e-32	1.33e-24	1.91e-17	3.43e-11	5.27e-06	1.00e+00	0.00e+00	0.00e+00	0.00e+00	0.00e+00	0.00e+00
 4.83392e+12	0.00e+00	1.51e-32	1.73e-24	2.35e-17	3.98e-11	5.72e-06	1.00e+00	0.00e+00	0.00e+00	0.00e+00	0.00e+00	0.00e+00
 5.01350e+12	3.42e-41	2.02e-32	2.20e-24	2.85e-17	4.55e-11	6.15e-06	1.00e+00	0.00e+00	0.00e+00	0.00e+00	0.00e+00	0.00e+00
 5.21006e+12	0.00e+00	2.75e-32	2.84e-24	3.48e-17	5.24e-11	6.64e-06	1.00e+00	0.00e+00	0.00e+00	0.00e+00	0.00e+00	0.00e+00
 5.44255e+12	7.36e-41	3.87e-32	3.79e-24	4.39e-17	6.17e-11	7.26e-06	1.00e+00	0.00e+00	0.00e+00	0.00e+00	0.00e+00	0.00e+00
 5.66898e+12	0.00e+00	5.36e-32	4.98e-24	5.44e-17	7.18e-11	7.88e-06	1.00e+00	0.00e+00	0.00e+00	0.00e+00	0.00e+00	0.00e+00
 5.86490e+12	1.49e-40	7.04e-32	6.25e-24	6.51e-17	8.15e-11	8.44e-06	1.00e+00	0.00e+00	0.00e+00	0.00e+00	0.00e+00	0.00e+00
 6.07390e+12	0.00e+00	9.35e-32	7.91e-24	7.85e-17	9.28e-11	9.06e-06	1.00e+00	0.00e+00	0.00e+00	0.00e+00	0.00e+00	0.00e+00
 6.33084e+12	3.08e-40	1.31e-31	1.05e-23	9.79e-17	1.08e-10	9.85e-06	1.00e+00	0.00e+00	0.00e+00	0.00e+00	0.00e+00	0.00e+00
 6.58848e+12	0.00e+00	1.82e-31	1.37e-23	1.21e-16	1.26e-10	1.07e-05	1.00e+00	0.00e+00	0.00e+00	0.00e+00	0.00e+00	0.00e+00
 6.81410e+12	6.24e-40	2.38e-31	1.73e-23	1.45e-16	1.43e-10	1.14e-05	1.00e+00	0.00e+00	0.00e+00	0.00e+00	0.00e+00	0.00e+00
 7.05970e+12	0.00e+00	3.20e-31	2.20e-23	1.76e-16	1.63e-10	1.23e-05	1.00e+00	0.00e+00	0.00e+00	0.00e+00	0.00e+00	0.00e+00
 7.35746e+12	1.32e-39	4.50e-31	2.92e-23	2.20e-16	1.90e-10	1.33e-05	1.00e+00	0.00e+00	0.00e+00	0.00e+00	0.00e+00	0.00e+00
 7.65548e+12	0.00e+00	6.24e-31	3.84e-23	2.73e-16	2.21e-10	1.45e-05	1.00e+00	0.00e+00	0.00e+00	0.00e+00	0.00e+00	0.00e+00
 7.92255e+12	2.72e-39	8.32e-31	4.87e-23	3.29e-16	2.51e-10	1.55e-05	1.00e+00	0.00e+00	0.00e+00	0.00e+00	0.00e+00	0.00e+00
 8.21689e+12	0.00e+00	1.13e-30	6.29e-23	4.01e-16	2.88e-10	1.67e-05	1.00e+00	0.00e+00	0.00e+00	0.00e+00	0.00e+00	0.00e+00
 8.56589e+12	5.88e-39	1.60e-30	8.40e-23	5.04e-16	3.38e-10	1.82e-05	1.00e+00	0.00e+00	0.00e+00	0.00e+00	0.00e+00	0.00e+00
 8.91247e+12	0.00e+00	2.25e-30	1.11e-22	6.26e-16	3.92e-10	1.97e-05	1.00e+00	0.00e+00	0.00e+00	0.00e+00	0.00e+00	0.00e+00
 9.23421e+12	1.25e-38	3.04e-30	1.42e-22	7.61e-16	4.49e-10	2.11e-05	1.00e+00	0.00e+00	0.00e+00	0.00e+00	0.00e+00	0.00e+00
 9.59479e+12	0.00e+00	4.22e-30	1.87e-22	9.41e-16	5.19e-10	2.28e-05	1.00e+00	0.00e+00	0.00e+00	0.00e+00	0.00e+00	0.00e+00
 1.00085e+13	2.81e-38	6.06e-30	2.52e-22	1.19e-15	6.09e-10	2.49e-05	1.00e+00	0.00e+00	0.00e+00	0.00e+00	0.00e+00	0.00e+00
 1.04166e+13	0.00e+00	8.57e-30	3.35e-22	1.48e-15	7.09e-10	2.70e-05	1.00e+00	0.00e+00	0.00e+00	0.00e+00	0.00e+00	0.00e+00
 1.08410e+13	6.39e-38	1.21e-29	4.46e-22	1.85e-15	8.25e-10	2.92e-05	1.00e+00	0.00e+00	0.00e+00	0.00e+00	0.00e+00	0.00e+00
 1.13045e+13	0.00e+00	1.75e-29	6.03e-22	2.34e-15	9.68e-10	3.18e-05	1.00e+00	0.00e+00	0.00e+00	0.00e+00	0.00e+00	0.00e+00
 1.17866e+13	1.52e-37	2.52e-29	8.15e-22	2.96e-15	1.14e-09	3.46e-05	1.00e+00	0.00e+00	0.00e+00	0.00e+00	0.00e+00	0.00e+00
 1.22880e+13	0.00e+00	3.64e-29	1.10e-21	3.74e-15	1.33e-09	3.76e-05	1.00e+00	0.00e+00	0.00e+00	0.00e+00	0.00e+00	0.00e+00
 1.27791e+13	3.53e-37	5.16e-29	1.47e-21	4.66e-15	1.55e-09	4.07e-05	1.00e+00	0.00e+00	0.00e+00	0.00e+00	0.00e+00	0.00e+00
 1.32340e+13	0.00e+00	7.03e-29	1.89e-21	5.68e-15	1.77e-09	4.37e-05	1.00e+00	0.00e+00	0.00e+00	0.00e+00	0.00e+00	0.00e+00
 1.37374e+13	7.59e-37	9.84e-29	2.49e-21	7.01e-15	2.04e-09	4.71e-05	1.00e+00	0.00e+00	0.00e+00	0.00e+00	0.00e+00	0.00e+00
 1.42556e+13	0.00e+00	1.37e-28	3.27e-21	8.65e-15	2.35e-09	5.07e-05	1.00e+00	0.00e+00	0.00e+00	0.00e+00	0.00e+00	0.00e+00
 1.46876e+13	1.55e-36	1.80e-28	4.07e-21	1.02e-14	2.64e-09	5.39e-05	1.00e+00	0.00e+00	0.00e+00	0.00e+00	0.00e+00	0.00e+00
 1.51428e+13	0.00e+00	2.37e-28	5.11e-21	1.22e-14	2.97e-09	5.72e-05	1.00e+00	0.00e+00	0.00e+00	0.00e+00	0.00e+00	0.00e+00
 1.57230e+13	3.23e-36	3.34e-28	6.75e-21	1.51e-14	3.43e-09	6.17e-05	1.00e+00	0.00e+00	0.00e+00	0.00e+00	0.00e+00	0.00e+00
 1.63296e+13	0.00e+00	4.71e-28	8.95e-21	1.87e-14	3.97e-09	6.66e-05	1.00e+00	0.00e+00	0.00e+00	0.00e+00	0.00e+00	0.00e+00
 1.68655e+13	6.95e-36	6.36e-28	1.14e-20	2.25e-14	4.49e-09	7.10e-05	1.00e+00	0.00e+00	0.00e+00	0.00e+00	0.00e+00	0.00e+00
 1.74457e+13	0.00e+00	8.69e-28	1.47e-20	2.74e-14	5.12e-09	7.59e-05	1.00e+00	0.00e+00	0.00e+00	0.00e+00	0.00e+00	0.00e+00
 1.80943e+13	1.50e-35	1.22e-27	1.93e-20	3.37e-14	5.89e-09	8.17e-05	1.00e+00	0.00e+00	0.00e+00	0.00e+00	0.00e+00	0.00e+00
 1.87033e+13	0.00e+00	1.66e-27	2.48e-20	4.08e-14	6.70e-09	8.72e-05	1.00e+00	0.00e+00	0.00e+00	0.00e+00	0.00e+00	0.00e+00
 1.93668e+13	3.20e-35	2.30e-27	3.23e-20	4.99e-14	7.66e-09	9.34e-05	1.00e+00	0.00e+00	0.00e+00	0.00e+00	0.00e+00	0.00e+00
 2.01042e+13	4.84e-35	3.25e-27	4.28e-20	6.18e-14	8.85e-09	1.01e-04	1.00e+00	0.00e+00	0.00e+00	0.00e+00	0.00e+00	0.00e+00
 2.07914e+13	7.07e-35	4.46e-27	5.53e-20	7.51e-14	1.01e-08	1.08e-04	1.00e+00	0.00e+00	0.00e+00	0.00e+00	0.00e+00	0.00e+00
 2.15383e+13	1.05e-34	6.23e-27	7.24e-20	9.21e-14	1.16e-08	1.15e-04	1.00e+00	0.00e+00	0.00e+00	0.00e+00	0.00e+00	0.00e+00
 2.23732e+13	1.61e-34	8.92e-27	9.68e-20	1.15e-13	1.34e-08	1.24e-04	1.00e+00	0.00e+00	0.00e+00	0.00e+00	0.00e+00	0.00e+00
 2.31591e+13	2.39e-34	1.24e-26	1.26e-19	1.40e-13	1.53e-08	1.33e-04	1.00e+00	0.00e+00	0.00e+00	0.00e+00	0.00e+00	0.00e+00
 2.40177e+13	3.62e-34	1.75e-26	1.67e-19	1.73e-13	1.76e-08	1.43e-04	1.00e+00	0.00e+00	0.00e+00	0.00e+00	0.00e+00	0.00e+00
 2.49768e+13	5.65e-34	2.54e-26	2.25e-19	2.17e-13	2.06e-08	1.54e-04	1.00e+00	0.00e+00	0.00e+00	0.00e+00	0.00e+00	0.00e+00
 2.58810e+13	8.50e-34	3.58e-26	2.96e-19	2.67e-13	2.36e-08	1.66e-04	1.00e+00	0.00e+00	0.00e+00	0.00e+00	0.00e+00	0.00e+00
 2.68525e+13	1.30e-33	5.10e-26	3.94e-19	3.31e-13	2.72e-08	1.78e-04	1.00e+00	0.00e+00	0.00e+00	0.00e+00	0.00e+00	0.00e+00
 2.79565e+13	2.06e-33	7.51e-26	5.37e-19	4.19e-13	3.19e-08	1.93e-04	1.00e+00	0.00e+00	0.00e+00	0.00e+00	0.00e+00	0.00e+00
 2.90385e+13	3.19e-33	1.08e-25	7.21e-19	5.23e-13	3.70e-08	2.08e-04	1.00e+00	0.00e+00	0.00e+00	0.00e+00	0.00e+00	0.00e+00
 3.01638e+13	4.96e-33	1.56e-25	9.69e-19	6.53e-13	4.29e-08	2.24e-04	1.00e+00	0.00e+00	0.00e+00	0.00e+00	0.00e+00	0.00e+00
 3.14003e+13	7.88e-33	2.30e-25	1.32e-18	8.26e-13	5.02e-08	2.42e-04	1.00e+00	0.00e+00	0.00e+00	0.00e+00	0.00e+00	0.00e+00
 3.26502e+13	1.24e-32	3.36e-25	1.79e-18	1.04e-12	5.84e-08	2.62e-04	1.00e+00	0.00e+00	0.00e+00	0.00e+00	0.00e+00	0.00e+00
 3.39502e+13	1.95e-32	4.90e-25	2.43e-18	1.30e-12	6.81e-08	2.83e-04	1.00e+00	0.00e+00	0.00e+00	0.00e+00	0.00e+00	0.00e+00
 3.52567e+13	3.01e-32	7.06e-25	3.25e-18	1.63e-12	7.90e-08	3.05e-04	1.00e+00	0.00e+00	0.00e+00	0.00e+00	0.00e+00	0.00e+00
 3.64888e+13	4.49e-32	9.84e-25	4.25e-18	1.99e-12	9.03e-08	3.26e-04	1.00e+00	0.00e+00	0.00e+00	0.00e+00	0.00e+00	0.00e+00
 3.78515e+13	6.86e-32	1.40e-24	5.65e-18	2.47e-12	1.04e-07	3.51e-04	1.00e+00	0.00e+00	0.00e+00	0.00e+00	0.00e+00	0.00e+00
 3.92163e+13	1.03e-31	1.97e-24	7.44e-18	3.04e-12	1.20e-07	3.76e-04	1.00e+00	0.00e+00	0.00e+00	0.00e+00	0.00e+00	0.00e+00
 4.03403e+13	1.43e-31	2.60e-24	9.28e-18	3.59e-12	1.34e-07	3.98e-04	1.00e+00	0.00e+00	0.00e+00	0.00e+00	0.00e+00	0.00e+00
 4.15268e+13	2.00e-31	3.44e-24	1.16e-17	4.26e-12	1.50e-07	4.22e-04	1.00e+00	0.00e+00	0.00e+00	0.00e+00	0.00e+00	0.00e+00
 4.30564e+13	3.04e-31	4.87e-24	1.54e-17	5.26e-12	1.73e-07	4.53e-04	1.00e+00	0.00e+00	0.00e+00	0.00e+00	0.00e+00	0.00e+00
 4.46682e+13	4.63e-31	6.94e-24	2.05e-17	6.54e-12	2.00e-07	4.88e-04	1.00e+00	0.00e+00	0.00e+00	0.00e+00	0.00e+00	0.00e+00
 4.60838e+13	6.72e-31	9.49e-24	2.64e-17	7.85e-12	2.26e-07	5.19e-04	9.99e-01	0.00e+00	0.00e+00	0.00e+00	0.00e+00	0.00e+00
 4.76081e+13	9.67e-31	1.29e-23	3.37e-17	9.51e-12	2.57e-07	5.54e-04	9.99e-01	0.00e+00	0.00e+00	0.00e+00	0.00e+00	0.00e+00
 4.94540e+13	1.49e-30	1.85e-23	4.52e-17	1.19e-11	2.99e-07	5.98e-04	9.99e-01	0.00e+00	0.00e+00	0.00e+00	0.00e+00	0.00e+00
 5.13301e+13	2.29e-30	2.65e-23	6.04e-17	1.48e-11	3.46e-07	6.45e-04	9.99e-01	0.00e+00	0.00e+00	0.00e+00	0.00e+00	0.00e+00
 5.30721e+13	3.36e-30	3.65e-23	7.83e-17	1.80e-11	3.95e-07	6.90e-04	9.99e-01	0.00e+00	0.00e+00	0.00e+00	0.00e+00	0.00e+00
 5.50156e+13	5.06e-30	5.16e-23	1.03e-16	2.23e-11	4.55e-07	7.42e-04	9.99e-01	0.00e+00	0.00e+00	0.00e+00	0.00e+00	0.00e+00
 5.70958e+13	7.73e-30	7.35e-23	1.38e-16	2.77e-11	5.27e-07	8.00e-04	9.99e-01	0.00e+00	0.00e+00	0.00e+00	0.00e+00	0.00e+00
 5.89451e+13	1.11e-29	9.99e-23	1.77e-16	3.35e-11	5.98e-07	8.53e-04	9.99e-01	0.00e+00	0.00e+00	0.00e+00	0.00e+00	0.00e+00
 6.09286e+13	1.62e-29	1.37e-22	2.28e-16	4.07e-11	6.81e-07	9.13e-04	9.99e-01	0.00e+00	0.00e+00	0.00e+00	0.00e+00	0.00e+00
 6.33057e+13	2.50e-29	1.97e-22	3.07e-16	5.10e-11	7.93e-07	9.87e-04	9.99e-01	0.00e+00	0.00e+00	0.00e+00	0.00e+00	0.00e+00
 6.56418e+13	3.78e-29	2.79e-22	4.07e-16	6.32e-11	9.15e-07	1.06e-03	9.99e-01	0.00e+00	0.00e+00	0.00e+00	0.00e+00	0.00e+00
 6.77163e+13	5.38e-29	3.76e-22	5.18e-16	7.59e-11	1.04e-06	1.13e-03	9.99e-01	0.00e+00	0.00e+00	0.00e+00	0.00e+00	0.00e+00
 7.00034e+13	7.84e-29	5.16e-22	6.70e-16	9.24e-11	1.18e-06	1.21e-03	9.99e-01	0.00e+00	0.00e+00	0.00e+00	0.00e+00	0.00e+00
 7.27370e+13	1.21e-28	7.43e-22	9.01e-16	1.16e-10	1.37e-06	1.31e-03	9.99e-01	0.00e+00	0.00e+00	0.00e+00	0.00e+00	0.00e+00
 7.54545e+13	1.83e-28	1.05e-21	1.20e-15	1.44e-10	1.59e-06	1.41e-03	9.99e-01	0.00e+00	0.00e+00	0.00e+00	0.00e+00	0.00e+00
 7.79310e+13	2.64e-28	1.44e-21	1.54e-15	1.74e-10	1.81e-06	1.51e-03	9.98e-01	0.00e+00	0.00e+00	0.00e+00	0.00e+00	0.00e+00
 8.06908e+13	3.92e-28	2.00e-21	2.01e-15	2.14e-10	2.07e-06	1.62e-03	9.98e-01	0.00e+00	0.00e+00	0.00e+00	0.00e+00	0.00e+00
 8.39106e+13	6.10e-28	2.90e-21	2.73e-15	2.69e-10	2.42e-06	1.76e-03	9.98e-01	0.00e+00	0.00e+00	0.00e+00	0.00e+00	0.00e+00
 8.70758e+13	9.29e-28	4.14e-21	3.64e-15	3.35e-10	2.80e-06	1.89e-03	9.98e-01	0.00e+00	0.00e+00	0.00e+00	0.00e+00	0.00e+00
 9.00547e+13	1.36e-27	5.71e-21	4.72e-15	4.09e-10	3.20e-06	2.03e-03	9.98e-01	0.00e+00	0.00e+00	0.00e+00	0.00e+00	0.00e+00
 9.33739e+13	2.05e-27	8.07e-21	6.26e-15	5.07e-10	3.70e-06	2.18e-03	9.98e-01	0.00e+00	0.00e+00	0.00e+00	0.00e+00	0.00e+00
 9.71388e+13	3.21e-27	1.18e-20	8.51e-15	6.41e-10	4.33e-06	2.37e-03	9.98e-01	0.00e+00	0.00e+00	0.00e+00	0.00e+00	0.00e+00
 1.00896e+14	4.96e-27	1.70e-20	1.14e-14	8.02e-10	5.03e-06	2.56e-03	9.97e-01	0.00e+00	0.00e+00	0.00e+00	0.00e+00	0.00e+00
 1.04405e+14	7.32e-27	2.35e-20	1.49e-14	9.82e-10	5.76e-06	2.74e-03	9.97e-01	0.00e+00	0.00e+00	0.00e+00	0.00e+00	0.00e+00
 1.08213e+14	1.10e-26	3.32e-20	1.97e-14	1.21e-09	6.64e-06	2.95e-03	9.97e-01	0.00e+00	0.00e+00	0.00e+00	0.00e+00	0.00e+00
 1.12480e+14	1.71e-26	4.81e-20	2.67e-14	1.53e-09	7.74e-06	3.19e-03	9.97e-01	0.00e+00	0.00e+00	0.00e+00	0.00e+00	0.00e+00
 1.16463e+14	2.56e-26	6.74e-20	3.50e-14	1.88e-09	8.88e-06	3.42e-03	9.97e-01	0.00e+00	0.00e+00	0.00e+00	0.00e+00	0.00e+00
 1.20150e+14	3.66e-26	9.10e-20	4.46e-14	2.26e-09	1.01e-05	3.65e-03	9.96e-01	0.00e+00	0.00e+00	0.00e+00	0.00e+00	0.00e+00
 1.23698e+14	5.11e-26	1.21e-19	5.60e-14	2.68e-09	1.13e-05	3.87e-03	9.96e-01	0.00e+00	0.00e+00	0.00e+00	0.00e+00	0.00e+00
 1.27640e+14	7.33e-26	1.63e-19	7.16e-14	3.23e-09	1.28e-05	4.12e-03	9.96e-01	0.00e+00	0.00e+00	0.00e+00	0.00e+00	0.00e+00
 1.32000e+14	1.08e-25	2.26e-19	9.31e-14	3.94e-09	1.46e-05	4.41e-03	9.96e-01	0.00e+00	0.00e+00	0.00e+00	0.00e+00	0.00e+00
 1.36062e+14	1.53e-25	3.03e-19	1.18e-13	4.72e-09	1.65e-05	4.69e-03	9.95e-01	0.00e+00	0.00e+00	0.00e+00	0.00e+00	0.00e+00
 1.40496e+14	2.22e-25	4.13e-19	1.52e-13	5.71e-09	1.87e-05	5.01e-03	9.95e-01	0.00e+00	0.00e+00	0.00e+00	0.00e+00	0.00e+00
 1.45484e+14	3.32e-25	5.80e-19	2.00e-13	7.02e-09	2.15e-05	5.37e-03	9.95e-01	0.00e+00	0.00e+00	0.00e+00	0.00e+00	0.00e+00
 1.50245e+14	4.82e-25	7.93e-19	2.57e-13	8.50e-09	2.44e-05	5.73e-03	9.94e-01	0.00e+00	0.00e+00	0.00e+00	0.00e+00	0.00e+00
 1.55486e+14	7.17e-25	1.11e-18	3.36e-13	1.04e-08	2.79e-05	6.14e-03	9.94e-01	0.00e+00	0.00e+00	0.00e+00	0.00e+00	0.00e+00
 1.61260e+14	1.09e-24	1.58e-18	4.48e-13	1.29e-08	3.23e-05	6.61e-03	9.93e-01	0.00e+00	0.00e+00	0.00e+00	0.00e+00	0.00e+00
 1.66567e+14	1.59e-24	2.16e-18	5.77e-13	1.57e-08	3.67e-05	7.06e-03	9.93e-01	0.00e+00	0.00e+00	0.00e+00	0.00e+00	0.00e+00
 1.72306e+14	2.36e-24	3.00e-18	7.53e-13	1.92e-08	4.20e-05	7.55e-03	9.92e-01	0.00e+00	0.00e+00	0.00e+00	0.00e+00	0.00e+00
 1.78729e+14	3.60e-24	4.28e-18	1.00e-12	2.38e-08	4.85e-05	8.13e-03	9.92e-01	0.00e+00	0.00e+00	0.00e+00	0.00e+00	0.00e+00
 1.84776e+14	5.29e-24	5.92e-18	1.30e-12	2.90e-08	5.54e-05	8.70e-03	9.91e-01	0.00e+00	0.00e+00	0.00e+00	0.00e+00	0.00e+00
 1.91373e+14	7.91e-24	8.30e-18	1.71e-12	3.57e-08	6.36e-05	9.34e-03	9.91e-01	0.00e+00	0.00e+00	0.00e+00	0.00e+00	0.00e+00
 1.98698e+14	1.22e-23	1.20e-17	2.30e-12	4.47e-08	7.38e-05	1.01e-02	9.90e-01	0.00e+00	0.00e+00	0.00e+00	0.00e+00	0.00e+00
 2.05529e+14	1.80e-23	1.66e-17	3.00e-12	5.46e-08	8.44e-05	1.08e-02	9.89e-01	0.00e+00	0.00e+00	0.00e+00	0.00e+00	0.00e+00
 2.12952e+14	2.70e-23	2.33e-17	3.95e-12	6.74e-08	9.71e-05	1.16e-02	9.88e-01	0.00e+00	0.00e+00	0.00e+00	0.00e+00	0.00e+00
 2.21261e+14	4.19e-23	3.37e-17	5.33e-12	8.45e-08	1.13e-04	1.25e-02	9.87e-01	0.00e+00	0.00e+00	0.00e+00	0.00e+00	0.00e+00
 2.29132e+14	6.23e-23	4.71e-17	6.99e-12	1.04e-07	1.30e-04	1.35e-02	9.86e-01	0.00e+00	0.00e+00	0.00e+00	0.00e+00	0.00e+00
 2.37558e+14	9.38e-23	6.66e-17	9.26e-12	1.29e-07	1.50e-04	1.45e-02	9.85e-01	0.00e+00	0.00e+00	0.00e+00	0.00e+00	0.00e+00
 2.47090e+14	1.46e-22	9.67e-17	1.26e-11	1.63e-07	1.75e-04	1.57e-02	9.84e-01	0.00e+00	0.00e+00	0.00e+00	0.00e+00	0.00e+00
 2.56457e+14	2.22e-22	1.38e-16	1.68e-11	2.03e-07	2.03e-04	1.69e-02	9.83e-01	0.00e+00	0.00e+00	0.00e+00	0.00e+00	0.00e+00
 2.66198e+14	3.36e-22	1.96e-16	2.23e-11	2.53e-07	2.35e-04	1.83e-02	9.81e-01	0.00e+00	0.00e+00	0.00e+00	0.00e+00	0.00e+00
 2.76876e+14	5.19e-22	2.84e-16	3.02e-11	3.19e-07	2.74e-04	1.98e-02	9.80e-01	0.00e+00	0.00e+00	0.00e+00	0.00e+00	0.00e+00
 2.87401e+14	7.83e-22	4.03e-16	4.03e-11	3.97e-07	3.18e-04	2.14e-02	9.78e-01	0.00e+00	0.00e+00	0.00e+00	0.00e+00	0.00e+00
 2.96116e+14	1.09e-21	5.33e-16	5.07e-11	4.74e-07	3.58e-04	2.28e-02	9.77e-01	0.00e+00	0.00e+00	0.00e+00	0.00e+00	0.00e+00
 3.03136e+14	1.40e-21	6.61e-16	6.06e-11	5.44e-07	3.92e-04	2.39e-02	9.76e-01	0.00e+00	0.00e+00	0.00e+00	0.00e+00	0.00e+00
 3.10923e+14	1.84e-21	8.35e-16	7.35e-11	6.32e-07	4.33e-04	2.52e-02	9.74e-01	0.00e+00	0.00e+00	0.00e+00	0.00e+00	0.00e+00
 3.21047e+14	2.60e-21	1.12e-15	9.38e-11	7.63e-07	4.91e-04	2.70e-02	9.73e-01	0.00e+00	0.00e+00	0.00e+00	0.00e+00	0.00e+00
 3.31906e+14	3.70e-21	1.52e-15	1.21e-10	9.28e-07	5.60e-04	2.89e-02	9.70e-01	0.00e+00	0.00e+00	0.00e+00	0.00e+00	0.00e+00
 3.41543e+14	5.01e-21	1.97e-15	1.50e-10	1.10e-06	6.26e-04	3.07e-02	9.69e-01	0.00e+00	0.00e+00	0.00e+00	0.00e+00	0.00e+00
 3.51893e+14	6.86e-21	2.59e-15	1.88e-10	1.31e-06	7.04e-04	3.27e-02	9.67e-01	0.00e+00	0.00e+00	0.00e+00	0.00e+00	0.00e+00
 3.64912e+14	1.00e-20	3.59e-15	2.47e-10	1.62e-06	8.12e-04	3.53e-02	9.64e-01	0.00e+00	0.00e+00	0.00e+00	0.00e+00	0.00e+00
 3.78122e+14	1.45e-20	4.95e-15	3.23e-10	2.00e-06	9.33e-04	3.81e-02	9.61e-01	0.00e+00	0.00e+00	0.00e+00	0.00e+00	0.00e+00
 3.89489e+14	1.97e-20	6.46e-15	4.04e-10	2.37e-06	1.05e-03	4.06e-02	9.58e-01	0.00e+00	0.00e+00	0.00e+00	0.00e+00	0.00e+00
 4.01741e+14	2.69e-20	8.50e-15	5.09e-10	2.85e-06	1.18e-03	4.34e-02	9.55e-01	0.00e+00	0.00e+00	0.00e+00	0.00e+00	0.00e+00
 4.16854e+14	3.93e-20	1.18e-14	6.71e-10	3.53e-06	1.36e-03	4.69e-02	9.52e-01	0.00e+00	0.00e+00	0.00e+00	0.00e+00	0.00e+00
 4.32263e+14	5.67e-20	1.63e-14	8.81e-10	4.37e-06	1.57e-03	5.07e-02	9.48e-01	0.00e+00	0.00e+00	0.00e+00	0.00e+00	0.00e+00
 4.45997e+14	7.75e-20	2.15e-14	1.11e-09	5.25e-06	1.77e-03	5.42e-02	9.44e-01	0.00e+00	0.00e+00	0.00e+00	0.00e+00	0.00e+00
 4.60978e+14	1.08e-19	2.88e-14	1.42e-09	6.36e-06	2.01e-03	5.81e-02	9.40e-01	0.00e+00	0.00e+00	0.00e+00	0.00e+00	0.00e+00
 4.78850e+14	1.58e-19	4.03e-14	1.89e-09	7.94e-06	2.33e-03	6.30e-02	9.35e-01	0.00e+00	0.00e+00	0.00e+00	0.00e+00	0.00e+00
 4.96484e+14	2.26e-19	5.54e-14	2.48e-09	9.81e-06	2.67e-03	6.80e-02	9.29e-01	0.00e+00	0.00e+00	0.00e+00	0.00e+00	0.00e+00
 5.12396e+14	3.09e-19	7.31e-14	3.13e-09	1.18e-05	3.01e-03	7.27e-02	9.24e-01	0.00e+00	0.00e+00	0.00e+00	0.00e+00	0.00e+00
 5.30066e+14	4.32e-19	9.86e-14	4.04e-09	1.43e-05	3.43e-03	7.80e-02	9.19e-01	0.00e+00	0.00e+00	0.00e+00	0.00e+00	0.00e+00
 5.50869e+14	6.32e-19	1.38e-13	5.38e-09	1.79e-05	3.97e-03	8.46e-02	9.11e-01	0.00e+00	0.00e+00	0.00e+00	0.00e+00	0.00e+00
 5.71392e+14	9.07e-19	1.91e-13	7.07e-09	2.22e-05	4.55e-03	9.12e-02	9.04e-01	0.00e+00	0.00e+00	0.00e+00	0.00e+00	0.00e+00
 5.90430e+14	1.25e-18	2.56e-13	9.04e-09	2.68e-05	5.15e-03	9.76e-02	8.97e-01	0.00e+00	0.00e+00	0.00e+00	0.00e+00	0.00e+00
 6.11771e+14	1.79e-18	3.50e-13	1.18e-08	3.29e-05	5.88e-03	1.05e-01	8.89e-01	0.00e+00	0.00e+00	0.00e+00	0.00e+00	0.00e+00
 6.36272e+14	2.64e-18	4.97e-13	1.58e-08	4.13e-05	6.80e-03	1.14e-01	8.79e-01	0.00e+00	0.00e+00	0.00e+00	0.00e+00	0.00e+00
 6.60351e+14	3.82e-18	6.93e-13	2.09e-08	5.11e-05	7.81e-03	1.22e-01	8.70e-01	0.00e+00	0.00e+00	0.00e+00	0.00e+00	0.00e+00
 6.85393e+14	5.55e-18	9.68e-13	2.77e-08	6.33e-05	8.95e-03	1.32e-01	8.59e-01	0.00e+00	0.00e+00	0.00e+00	0.00e+00	0.00e+00
 7.08227e+14	7.72e-18	1.30e-12	3.54e-08	7.64e-05	1.01e-02	1.41e-01	8.49e-01	0.00e+00	0.00e+00	0.00e+00	0.00e+00	0.00e+00
 7.25217e+14	9.81e-18	1.61e-12	4.23e-08	8.74e-05	1.10e-02	1.47e-01	8.42e-01	0.00e+00	0.00e+00	0.00e+00	0.00e+00	0.00e+00
 7.42718e+14	1.25e-17	2.00e-12	5.06e-08	1.00e-04	1.20e-02	1.54e-01	8.34e-01	0.00e+00	0.00e+00	0.00e+00	0.00e+00	0.00e+00
 7.65469e+14	1.70e-17	2.62e-12	6.35e-08	1.19e-04	1.34e-02	1.63e-01	8.23e-01	0.00e+00	0.00e+00	0.00e+00	0.00e+00	0.00e+00
 7.90203e+14	2.39e-17	3.51e-12	8.08e-08	1.42e-04	1.50e-02	1.73e-01	8.12e-01	0.00e+00	0.00e+00	1.38e-17	7.20e-18	2.42e-18
 8.12582e+14	3.19e-17	4.52e-12	9.96e-08	1.67e-04	1.65e-02	1.82e-01	8.01e-01	0.00e+00	0.00e+00	1.83e-17	9.64e-18	3.25e-18
 8.36742e+14	4.30e-17	5.91e-12	1.24e-07	1.97e-04	1.84e-02	1.92e-01	7.89e-01	0.00e+00	0.00e+00	2.47e-17	1.30e-17	4.37e-18
 8.67420e+14	6.26e-17	8.23e-12	1.63e-07	2.41e-04	2.08e-02	2.05e-01	7.74e-01	0.00e+00	0.00e+00	3.60e-17	1.89e-17	6.33e-18
 8.98322e+14	9.02e-17	1.13e-11	2.12e-07	2.93e-04	2.35e-02	2.17e-01	7.59e-01	0.00e+00	0.00e+00	5.19e-17	2.72e-17	9.07e-18
 9.24147e+14	1.21e-16	1.47e-11	2.62e-07	3.42e-04	2.59e-02	2.28e-01	7.46e-01	0.00e+00	0.00e+00	6.98e-17	3.65e-17	1.22e-17
 9.51621e+14	1.65e-16	1.93e-11	3.26e-07	4.02e-04	2.87e-02	2.39e-01	7.32e-01	0.00e+00	0.00e+00	9.51e-17	4.97e-17	1.65e-17
 9.86507e+14	2.42e-16	2.69e-11	4.28e-07	4.90e-04	3.24e-02	2.54e-01	7.13e-01	0.00e+00	0.00e+00	1.39e-16	7.28e-17	2.41e-17
 1.02317e+15	3.56e-16	3.76e-11	5.61e-07	5.98e-04	3.66e-02	2.69e-01	6.94e-01	0.00e+00	0.00e+00	2.06e-16	1.07e-16	3.53e-17
 1.05612e+15	4.98e-16	5.03e-11	7.10e-07	7.10e-04	4.06e-02	2.82e-01	6.77e-01	0.00e+00	0.00e+00	2.88e-16	1.50e-16	4.93e-17
 1.09211e+15	7.13e-16	6.85e-11	9.09e-07	8.49e-04	4.53e-02	2.96e-01	6.58e-01	0.00e+00	0.00e+00	4.12e-16	2.15e-16	7.05e-17
 1.13472e+15	1.08e-15	9.76e-11	1.21e-06	1.04e-03	5.13e-02	3.12e-01	6.36e-01	0.00e+00	0.00e+00	6.24e-16	3.25e-16	1.06e-16
 1.17654e+15	1.59e-15	1.36e-10	1.57e-06	1.26e-03	5.75e-02	3.28e-01	6.14e-01	0.00e+00	0.00e+00	9.20e-16	4.79e-16	1.56e-16
 1.21475e+15	2.25e-15	1.82e-10	1.99e-06	1.49e-03	6.35e-02	3.41e-01	5.94e-01	0.00e+00	0.00e+00	1.30e-15	6.78e-16	2.21e-16
 1.25766e+15	3.28e-15	2.50e-10	2.55e-06	1.78e-03	7.06e-02	3.56e-01	5.72e-01	0.00e+00	0.00e+00	1.90e-15	9.88e-16	3.22e-16
 1.30756e+15	5.01e-15	3.57e-10	3.38e-06	2.17e-03	7.94e-02	3.72e-01	5.46e-01	0.00e+00	0.00e+00	2.90e-15	1.51e-15	4.90e-16
 1.35653e+15	7.48e-15	4.99e-10	4.40e-06	2.62e-03	8.85e-02	3.87e-01	5.22e-01	0.00e+00	0.00e+00	4.34e-15	2.26e-15	7.32e-16
 1.40268e+15	1.08e-14	6.76e-10	5.59e-06	3.10e-03	9.75e-02	4.00e-01	5.00e-01	0.00e+00	0.00e+00	6.27e-15	3.26e-15	1.06e-15
 1.45405e+15	1.60e-14	9.35e-10	7.20e-06	3.69e-03	1.08e-01	4.13e-01	4.75e-01	0.00e+00	0.00e+00	9.28e-15	4.83e-15	1.56e-15
 1.50302e+15	2.30e-14	1.26e-09	9.07e-06	4.34e-03	1.18e-01	4.25e-01	4.53e-01	0.00e+00	0.00e+00	1.33e-14	6.94e-15	2.24e-15
 1.53951e+15	2.99e-14	1.56e-09	1.07e-05	4.87e-03	1.26e-01	4.33e-01	4.36e-01	0.00e+00	0.00e+00	1.73e-14	9.02e-15	2.92e-15
 1.57639e+15	3.88e-14	1.92e-09	1.26e-05	5.45e-03	1.34e-01	4.41e-01	4.20e-01	0.00e+00	0.00e+00	2.25e-14	1.17e-14	3.78e-15
 1.62434e+15	5.38e-14	2.51e-09	1.55e-05	6.27e-03	1.45e-01	4.49e-01	3.99e-01	0.00e+00	0.00e+00	3.12e-14	1.62e-14	5.24e-15
 1.67638e+15	7.59e-14	3.31e-09	1.92e-05	7.26e-03	1.57e-01	4.58e-01	3.78e-01	0.00e+00	0.00e+00	4.41e-14	2.29e-14	7.39e-15
 1.72313e+15	1.02e-13	4.21e-09	2.32e-05	8.24e-03	1.68e-01	4.64e-01	3.60e-01	0.00e+00	0.00e+00	5.95e-14	3.10e-14	9.98e-15
 1.77332e+15	1.40e-13	5.40e-09	2.81e-05	9.38e-03	1.80e-01	4.70e-01	3.41e-01	0.00e+00	0.00e+00	8.14e-14	4.24e-14	1.37e-14
 1.83773e+15	2.07e-13	7.37e-09	3.56e-05	1.10e-02	1.96e-01	4.76e-01	3.17e-01	0.00e+00	0.00e+00	1.20e-13	6.26e-14	2.02e-14
 1.90277e+15	3.01e-13	9.91e-09	4.47e-05	1.28e-02	2.11e-01	4.81e-01	2.95e-01	0.00e+00	0.00e+00	1.75e-13	9.11e-14	2.93e-14
 1.95636e+15	4.07e-13	1.25e-08	5.35e-05	1.44e-02	2.25e-01	4.83e-01	2.78e-01	0.00e+00	0.00e+00	2.36e-13	1.23e-13	3.96e-14
 2.01295e+15	5.54e-13	1.60e-08	6.43e-05	1.63e-02	2.39e-01	4.85e-01	2.60e-01	0.00e+00	0.00e+00	3.22e-13	1.67e-13	5.39e-14
 2.08584e+15	8.12e-13	2.15e-08	8.07e-05	1.89e-02	2.57e-01	4.85e-01	2.40e-01	0.00e+00	0.00e+00	4.72e-13	2.46e-13	7.90e-14
 2.16287e+15	1.19e-12	2.91e-08	1.01e-04	2.19e-02	2.75e-01	4.84e-01	2.19e-01	0.00e+00	0.00e+00	6.93e-13	3.61e-13	1.16e-13
 2.23036e+15	1.65e-12	3.73e-08	1.23e-04	2.47e-02	2.92e-01	4.81e-01	2.03e-01	0.00e+00	0.00e+00	9.59e-13	4.99e-13	1.61e-13
 2.30252e+15	2.31e-12	4.85e-08	1.49e-04	2.80e-02	3.09e-01	4.77e-01	1.86e-01	0.00e+00	0.00e+00	1.34e-12	7.00e-13	2.25e-13
 2.39018e+15	3.43e-12	6.56e-08	1.88e-04	3.23e-02	3.29e-01	4.71e-01	1.68e-01	0.00e+00	0.00e+00	1.99e-12	1.04e-12	3.33e-13
 2.47703e+15	4.97e-12	8.72e-08	2.33e-04	3.69e-02	3.49e-01	4.63e-01	1.51e-01	0.00e+00	0.00e+00	2.89e-12	1.50e-12	4.83e-13
 2.55316e+15	6.82e-12	1.11e-07	2.79e-04	4.13e-02	3.65e-01	4.55e-01	1.38e-01	0.00e+00	0.00e+00	3.96e-12	2.07e-12	6.64e-13
 2.63633e+15	9.55e-12	1.43e-07	3.37e-04	4.63e-02	3.83e-01	4.46e-01	1.25e-01	0.00e+00	0.00e+00	5.55e-12	2.89e-12	9.30e-13
 2.73703e+15	1.41e-11	1.93e-07	4.20e-04	5.29e-02	4.03e-01	4.33e-01	1.11e-01	0.00e+00	0.00e+00	8.22e-12	4.28e-12	1.38e-12
 2.83372e+15	2.01e-11	2.53e-07	5.12e-04	5.96e-02	4.21e-01	4.20e-01	9.86e-02	0.00e+00	0.00e+00	1.17e-11	6.10e-12	1.96e-12
 2.91517e+15	2.69e-11	3.15e-07	6.02e-04	6.56e-02	4.35e-01	4.09e-01	8.94e-02	0.00e+00	0.00e+00	1.56e-11	8.16e-12	2.62e-12
 2.98858e+15	3.46e-11	3.82e-07	6.93e-04	7.12e-02	4.48e-01	3.99e-01	8.18e-02	0.00e+00	0.00e+00	2.01e-11	1.05e-11	3.37e-12
 3.06903e+15	4.55e-11	4.68e-07	8.04e-04	7.76e-02	4.60e-01	3.87e-01	7.43e-02	0.00e+00	0.00e+00	2.64e-11	1.38e-11	4.43e-12
 3.15831e+15	6.08e-11	5.83e-07	9.44e-04	8.51e-02	4.73e-01	3.74e-01	6.67e-02	0.00e+00	0.00e+00	3.53e-11	1.84e-11	5.92e-12
 3.24198e+15	7.89e-11	7.10e-07	1.09e-03	9.23e-02	4.85e-01	3.61e-01	6.03e-02	0.00e+00	0.00e+00	4.59e-11	2.39e-11	7.69e-12
 3.33366e+15	1.05e-10	8.77e-07	1.27e-03	1.01e-01	4.97e-01	3.48e-01	5.40e-02	0.00e+00	0.00e+00	6.09e-11	3.17e-11	1.02e-11
 3.43447e+15	1.41e-10	1.10e-06	1.50e-03	1.10e-01	5.08e-01	3.33e-01	4.78e-02	0.00e+00	0.00e+00	8.19e-11	4.27e-11	1.37e-11
 3.52821e+15	1.83e-10	1.34e-06	1.73e-03	1.19e-01	5.17e-01	3.19e-01	4.28e-02	0.00e+00	0.00e+00	1.06e-10	5.56e-11	1.79e-11
 3.63109e+15	2.44e-10	1.66e-06	2.02e-03	1.29e-01	5.27e-01	3.04e-01	3.78e-02	0.00e+00	0.00e+00	1.42e-10	7.41e-11	2.38e-11
 3.74478e+15	3.29e-10	2.08e-06	2.37e-03	1.41e-01	5.36e-01	2.88e-01	3.30e-02	0.00e+00	0.00e+00	1.91e-10	9.99e-11	3.21e-11
 3.85208e+15	4.32e-10	2.55e-06	2.75e-03	1.52e-01	5.42e-01	2.73e-01	2.90e-02	0.00e+00	0.00e+00	2.51e-10	1.31e-10	4.22e-11
 3.95541e+15	5.57e-10	3.09e-06	3.16e-03	1.64e-01	5.48e-01	2.60e-01	2.57e-02	0.00e+00	0.00e+00	3.24e-10	1.69e-10	5.44e-11
 4.07402e+15	7.45e-10	3.84e-06	3.69e-03	1.77e-01	5.53e-01	2.44e-01	2.23e-02	0.00e+00	0.00e+00	4.33e-10	2.26e-10	7.28e-11
 4.20339e+15	1.00e-09	4.80e-06	4.34e-03	1.92e-01	5.57e-01	2.28e-01	1.91e-02	0.00e+00	0.00e+00	5.82e-10	3.04e-10	9.79e-11
 4.32156e+15	1.29e-09	5.84e-06	5.00e-03	2.06e-01	5.59e-01	2.14e-01	1.67e-02	0.00e+00	0.00e+00	7.52e-10	3.93e-10	1.27e-10
 4.45000e+15	1.72e-09	7.24e-06	5.82e-03	2.21e-01	5.59e-01	2.00e-01	1.43e-02	0.00e+00	0.00e+00	1.00e-09	5.24e-10	1.69e-10
 4.59110e+15	2.30e-09	9.00e-06	6.82e-03	2.38e-01	5.58e-01	1.85e-01	1.21e-02	0.00e+00	0.00e+00	1.34e-09	6.99e-10	2.25e-10
 4.72141e+15	2.98e-09	1.10e-05	7.86e-03	2.54e-01	5.56e-01	1.71e-01	1.04e-02	0.00e+00	0.00e+00	1.73e-09	9.05e-10	2.92e-10
 4.86356e+15	3.95e-09	1.36e-05	9.15e-03	2.72e-01	5.52e-01	1.58e-01	8.79e-03	0.00e+00	0.00e+00	2.30e-09	1.20e-09	3.89e-10
 5.01051e+15	5.19e-09	1.67e-05	1.06e-02	2.91e-01	5.47e-01	1.45e-01	7.40e-03	0.00e+00	0.00e+00	3.02e-09	1.58e-09	5.11e-10
 5.13244e+15	6.43e-09	1.97e-05	1.20e-02	3.06e-01	5.41e-01	1.35e-01	6.44e-03	0.00e+00	0.00e+00	3.74e-09	1.96e-09	6.33e-10
 5.24121e+15	7.79e-09	2.28e-05	1.34e-02	3.20e-01	5.35e-01	1.26e-01	5.67e-03	0.00e+00	0.00e+00	4.53e-09	2.37e-09	7.68e-10
 5.36417e+15	9.74e-09	2.70e-05	1.50e-02	3.35e-01	5.28e-01	1.17e-01	4.90e-03	0.00e+00	0.00e+00	5.66e-09	2.97e-09	9.60e-10
 5.49885e+15	1.23e-08	3.22e-05	1.71e-02	3.53e-01	5.19e-01	1.07e-01	4.18e-03	0.00e+00	0.00e+00	7.13e-09	3.73e-09	1.21e-09
 5.62575e+15	1.51e-08	3.77e-05	1.92e-02	3.69e-01	5.09e-01	9.92e-02	3.61e-03	0.00e+00	0.00e+00	8.78e-09	4.60e-09	1.49e-09
 5.74795e+15	1.85e-08	4.40e-05	2.15e-02	3.84e-01	5.00e-01	9.16e-02	3.12e-03	0.00e+00	0.00e+00	1.07e-08	5.63e-09	1.82e-09
 5.88706e+15	2.34e-08	5.27e-05	2.44e-02	4.02e-01	4.88e-01	8.35e-02	2.64e-03	0.00e+00	0.00e+00	1.36e-08	7.14e-09	2.32e-09
 6.03835e+15	2.99e-08	6.35e-05	2.79e-02	4.20e-01	4.74e-01	7.54e-02	2.20e-03	0.00e+00	0.00e+00	1.74e-08	9.13e-09	2.96e-09
 6.17440e+15	3.69e-08	7.45e-05	3.14e-02	4.37e-01	4.61e-01	6.88e-02	1.87e-03	0.00e+00	0.00e+00	2.15e-08	1.12e-08	3.65e-09
 6.29862e+15	4.48e-08	8.66e-05	3.50e-02	4.52e-01	4.49e-01	6.31e-02	1.61e-03	0.00e+00	0.00e+00	2.61e-08	1.37e-08	4.44e-09
 6.43853e+15	5.62e-08	1.03e-04	3.95e-02	4.68e-01	4.34e-01	5.70e-02	1.35e-03	0.00e+00	0.00e+00	3.27e-08	1.72e-08	5.58e-09
 6.59253e+15	7.20e-08	1.24e-04	4.52e-02	4.86e-01	4.17e-01	5.09e-02	1.12e-03	0.00e+00	0.00e+00	4.19e-08	2.20e-08	7.15e-09
 6.73204e+15	8.90e-08	1.46e-04	5.09e-02	5.01e-01	4.01e-01	4.59e-02	9.38e-04	0.00e+00	0.00e+00	5.18e-08	2.72e-08	8.85e-09
 6.86005e+15	1.09e-07	1.71e-04	5.69e-02	5.14e-01	3.86e-01	4.15e-02	7.96e-04	0.00e+00	0.00e+00	6.34e-08	3.33e-08	1.08e-08
 7.00593e+15	1.38e-07	2.05e-04	6.47e-02	5.29e-01	3.69e-01	3.69e-02	6.57e-04	0.00e+00	0.00e+00	8.05e-08	4.23e-08	1.38e-08
 7.16191e+15	1.79e-07	2.49e-04	7.42e-02	5.43e-01	3.49e-01	3.24e-02	5.32e-04	0.00e+00	0.00e+00	1.04e-07	5.47e-08	1.78e-08
 7.29629e+15	2.22e-07	2.93e-04	8.36e-02	5.54e-01	3.33e-01	2.89e-02	4.43e-04	0.00e+00	0.00e+00	1.29e-07	6.78e-08	2.21e-08
 7.41681e+15	2.72e-07	3.43e-04	9.32e-02	5.63e-01	3.17e-01	2.59e-02	3.74e-04	0.00e+00	0.00e+00	1.58e-07	8.32e-08	2.72e-08
 7.55405e+15	3.45e-07	4.11e-04	1.06e-01	5.72e-01	2.98e-01	2.27e-02	3.05e-04	0.00e+00	0.00e+00	2.01e-07	1.06e-07	3.45e-08
 7.69733e+15	4.50e-07	5.01e-04	1.21e-01	5.80e-01	2.79e-01	1.97e-02	2.44e-04	0.00e+00	0.00e+00	2.62e-07	1.38e-07	4.49e-08
 7.81210e+15	5.49e-07	5.83e-04	1.35e-01	5.84e-01	2.63e-01	1.75e-02	2.05e-04	0.00e+00	0.00e+00	3.20e-07	1.68e-07	5.49e-08
 7.90949e+15	6.59e-07	6.71e-04	1.48e-01	5.86e-01	2.49e-01	1.57e-02	1.74e-04	0.00e+00	0.00e+00	3.84e-07	2.02e-07	6.60e-08
 8.02068e+15	7.88e-07	7.72e-04	1.66e-01	5.87e-01	2.32e-01	1.39e-02	1.45e-04	0.00e+00	0.00e+00	4.59e-07	2.41e-07	7.89e-08
 8.13427e+15	9.84e-07	9.14e-04	1.86e-01	5.85e-01	2.16e-01	1.21e-02	1.18e-04	0.00e+00	0.00e+00	5.73e-07	3.01e-07	9.86e-08
 8.21930e+15	1.22e-06	1.07e-03	2.04e-01	5.82e-01	2.03e-01	1.08e-02	9.99e-05	0.00e+00	0.00e+00	7.09e-07	3.73e-07	1.22e-07
 8.27963e+15	1.39e-06	1.18e-03	2.17e-01	5.78e-01	1.93e-01	9.89e-03	8.85e-05	0.00e+00	0.00e+00	8.10e-07	4.26e-07	1.40e-07
 8.33953e+15	1.59e-06	1.30e-03	2.32e-01	5.74e-01	1.84e-01	9.06e-03	7.81e-05	0.00e+00	0.00e+00	9.23e-07	4.86e-07	1.59e-07
 8.41740e+15	1.91e-06	1.49e-03	2.53e-01	5.67e-01	1.71e-01	8.01e-03	6.56e-05	0.00e+00	0.00e+00	1.11e-06	5.84e-07	1.91e-07
 8.49870e+15	2.30e-06	1.71e-03	2.77e-01	5.57e-01	1.58e-01	7.02e-03	5.45e-05	0.00e+00	0.00e+00	1.34e-06	7.05e-07	2.31e-07
 8.56651e+15	2.63e-06	1.89e-03	2.98e-01	5.47e-01	1.47e-01	6.25e-03	4.66e-05	0.00e+00	0.00e+00	1.53e-06	8.05e-07	2.64e-07
 8.63673e+15	3.30e-06	2.22e-03	3.25e-01	5.33e-01	1.35e-01	5.42e-03	3.80e-05	0.00e+00	0.00e+00	1.92e-06	1.01e-06	3.32e-07
 8.70450e+15	3.86e-06	2.49e-03	3.50e-01	5.19e-01	1.24e-01	4.75e-03	3.19e-05	0.00e+00	0.00e+00	2.24e-06	1.18e-06	3.88e-07
 8.76008e+15	4.36e-06	2.73e-03	3.73e-01	5.05e-01	1.15e-01	4.22e-03	2.72e-05	0.00e+00	0.00e+00	2.54e-06	1.34e-06	4.39e-07
 8.82331e+15	5.39e-06	3.17e-03	4.03e-01	4.86e-01	1.04e-01	3.61e-03	2.20e-05	0.00e+00	0.00e+00	3.14e-06	1.65e-06	5.43e-07
 8.88605e+15	6.41e-06	3.59e-03	4.33e-01	4.66e-01	9.38e-02	3.08e-03	1.78e-05	0.00e+00	0.00e+00	3.73e-06	1.97e-06	6.46e-07
 8.93743e+15	7.44e-06	3.98e-03	4.60e-01	4.48e-01	8.54e-02	2.68e-03	1.48e-05	0.00e+00	0.00e+00	4.33e-06	2.28e-06	7.50e-07
 8.99352e+15	8.54e-06	4.40e-03	4.90e-01	4.27e-01	7.63e-02	2.28e-03	1.20e-05	0.00e+00	0.00e+00	4.97e-06	2.62e-06	8.62e-07
 9.06643e+15	1.12e-05	5.27e-03	5.34e-01	3.95e-01	6.46e-02	1.78e-03	8.67e-06	0.00e+00	0.00e+00	6.49e-06	3.42e-06	1.13e-06
 9.13196e+15	1.31e-05	5.89e-03	5.71e-01	3.66e-01	5.54e-02	1.43e-03	6.58e-06	0.00e+00	0.00e+00	7.60e-06	4.01e-06	1.32e-06
 9.17866e+15	1.59e-05	6.69e-03	6.02e-01	3.42e-01	4.86e-02	1.18e-03	5.11e-06	0.00e+00	0.00e+00	9.26e-06	4.89e-06	1.61e-06
 9.22040e+15	1.76e-05	7.18e-03	6.26e-01	3.22e-01	4.32e-02	1.01e-03	4.18e-06	0.00e+00	0.00e+00	1.02e-05	5.40e-06	1.78e-06
 9.26495e+15	2.05e-05	7.92e-03	6.55e-01	2.99e-01	3.75e-02	8.24e-04	3.24e-06	0.00e+00	0.00e+00	1.19e-05	6.28e-06	2.07e-06
 9.32287e+15	2.57e-05	9.16e-03	6.92e-01	2.68e-01	3.06e-02	6.17e-04	2.24e-06	0.00e+00	0.00e+00	1.49e-05	7.89e-06	2.61e-06
 9.37913e+15	3.09e-05	1.03e-02	7.25e-01	2.39e-01	2.50e-02	4.66e-04	1.57e-06	0.00e+00	0.00e+00	1.79e-05	9.48e-06	3.13e-06
 9.42338e+15	3.58e-05	1.13e-02	7.50e-01	2.17e-01	2.10e-02	3.67e-04	1.16e-06	0.00e+00	0.00e+00	2.08e-05	1.10e-05	3.64e-06
 9.47103e+15	4.24e-05	1.25e-02	7.77e-01	1.93e-01	1.71e-02	2.77e-04	8.15e-07	0.00e+00	0.00e+00	2.46e-05	1.30e-05	4.31e-06
 9.53297e+15	5.22e-05	1.42e-02	8.08e-01	1.65e-01	1.30e-02	1.89e-04	0.00e+00	0.00e+00	0.00e+00	3.03e-05	1.60e-05	5.31e-06
 9.58616e+15	6.16e-05	1.56e-02	8.30e-01	1.44e-01	1.02e-02	1.36e-04	0.00e+00	0.00e+00	0.00e+00	3.58e-05	1.89e-05	6.28e-06
 9.61676e+15	6.79e-05	1.65e-02	8.42e-01	1.32e-01	8.84e-03	1.11e-04	0.00e+00	0.00e+00	0.00e+00	3.95e-05	2.09e-05	6.92e-06
 9.64533e+15	7.48e-05	1.75e-02	8.54e-01	1.21e-01	7.62e-03	9.09e-05	0.00e+00	0.00e+00	0.00e+00	4.35e-05	2.30e-05	7.64e-06
 9.68246e+15	8.48e-05	1.88e-02	8.67e-01	1.08e-01	6.26e-03	6.94e-05	0.00e+00	0.00e+00	0.00e+00	4.93e-05	2.61e-05	8.67e-06
 9.72399e+15	9.69e-05	2.02e-02	8.79e-01	9.53e-02	5.04e-03	5.14e-05	0.00e+00	0.00e+00	0.00e+00	5.64e-05	2.98e-05	9.91e-06
 9.76349e+15	1.10e-04	2.17e-02	8.90e-01	8.44e-02	4.09e-03	3.85e-05	0.00e+00	0.00e+00	0.00e+00	6.38e-05	3.38e-05	1.12e-05
 9.80706e+15	1.26e-04	2.34e-02	9.00e-01	7.33e-02	3.20e-03	2.75e-05	0.00e+00	0.00e+00	0.00e+00	7.34e-05	3.88e-05	1.29e-05
 9.85413e+15	1.46e-04	2.54e-02	9.09e-01	6.31e-02	2.47e-03	1.92e-05	0.00e+00	0.00e+00	0.00e+00	8.48e-05	4.49e-05	1.50e-05
 9.89625e+15	1.66e-04	2.72e-02	9.16e-01	5.52e-02	1.97e-03	1.40e-05	0.00e+00	0.00e+00	0.00e+00	9.63e-05	5.09e-05	1.70e-05
 9.93558e+15	1.87e-04	2.90e-02	9.21e-01	4.85e-02	1.57e-03	1.03e-05	0.00e+00	0.00e+00	0.00e+00	1.09e-04	5.75e-05	1.92e-05
 9.98081e+15	2.14e-04	3.12e-02	9.26e-01	4.18e-02	1.22e-03	7.13e-06	0.00e+00	0.00e+00	0.00e+00	1.25e-04	6.59e-05	2.20e-05
 1.00301e+16	2.48e-04	3.37e-02	9.29e-01	3.56e-02	9.22e-04	4.84e-06	0.00e+00	0.00e+00	0.00e+00	1.44e-04	7.63e-05	2.55e-05
 1.00744e+16	2.82e-04	3.62e-02	9.32e-01	3.09e-02	7.23e-04	3.43e-06	0.00e+00	0.00e+00	0.00e+00	1.64e-04	8.69e-05	2.91e-05
 1.01153e+16	3.18e-04	3.85e-02	9.33e-01	2.71e-02	5.76e-04	2.49e-06	0.00e+00	0.00e+00	0.00e+00	1.85e-04	9.80e-05	3.28e-05
 1.01619e+16	3.65e-04	4.14e-02	9.35e-01	2.32e-02	4.42e-04	1.71e-06	0.00e+00	0.00e+00	0.00e+00	2.12e-04	1.12e-04	3.76e-05
 1.02128e+16	4.24e-04	4.49e-02	9.35e-01	1.98e-02	3.35e-04	1.15e-06	0.00e+00	0.00e+00	0.00e+00	2.47e-04	1.30e-04	4.37e-05
 1.02584e+16	4.84e-04	4.82e-02	9.34e-01	1.71e-02	2.63e-04	8.07e-07	0.00e+00	0.00e+00	0.00e+00	2.81e-04	1.49e-04	4.99e-05
 1.02997e+16	5.46e-04	5.13e-02	9.33e-01	1.51e-02	2.10e-04	0.00e+00	0.00e+00	0.00e+00	0.00e+00	3.17e-04	1.68e-04	5.62e-05
 1.03462e+16	6.27e-04	5.53e-02	9.31e-01	1.30e-02	1.63e-04	0.00e+00	0.00e+00	0.00e+00	0.00e+00	3.65e-04	1.93e-04	6.46e-05
 1.03966e+16	7.30e-04	6.00e-02	9.28e-01	1.11e-02	1.25e-04	0.00e+00	0.00e+00	0.00e+00	0.00e+00	4.24e-04	2.25e-04	7.53e-05
 1.04412e+16	8.34e-04	6.44e-02	9.25e-01	9.67e-03	9.91e-05	0.00e+00	0.00e+00	0.00e+00	0.00e+00	4.85e-04	2.57e-04	8.60e-05
 1.04815e+16	9.42e-04	6.88e-02	9.22e-01	8.54e-03	8.02e-05	0.00e+00	0.00e+00	0.00e+00	0.00e+00	5.48e-04	2.90e-04	9.72e-05
 1.05270e+16	1.08e-03	7.42e-02	9.17e-01	7.40e-03	6.30e-05	0.00e+00	0.00e+00	0.00e+00	0.00e+00	6.31e-04	3.34e-04	1.12e-04
