#depth	C	C+	C+2	C+3	C+4	C+5	C+6	C[1]	C[2]	C[3]	C+[1]	C+[2]	CO
 1.49634e+10	0.00e+00	7.85e-30	1.15e-20	3.78e-12	6.53e-03	8.94e-01	9.92e-02	0.00e+00	0.00e+00	0.00e+00	0.00e+00	0.00e+00	0.00e+00
 4.54887e+10	1.06e-39	1.12e-29	1.50e-20	4.55e-12	7.22e-03	9.01e-01	9.19e-02	0.00e+00	0.00e+00	0.00e+00	0.00e+00	0.00e+00	7.03e-129
 7.72350e+10	0.00e+00	1.59e-29	1.96e-20	5.46e-12	7.98e-03	9.07e-01	8.51e-02	0.00e+00	0.00e+00	0.00e+00	0.00e+00	0.00e+00	0.00e+00
 1.10251e+11	2.52e-39	2.25e-29	2.57e-20	6.57e-12	8.82e-03	9.12e-01	7.88e-02	0.00e+00	0.00e+00	0.00e+00	0.00e+00	0.00e+00	7.22e-128
 1.42810e+11	0.00e+00	3.15e-29	3.31e-20	7.83e-12	9.70e-03	9.17e-01	7.31e-02	0.00e+00	0.00e+00	0.00e+00	0.00e+00	0.00e+00	0.00e+00
 1.76671e+11	5.78e-39	4.41e-29	4.28e-20	9.33e-12	1.07e-02	9.22e-01	6.78e-02	0.00e+00	0.00e+00	0.00e+00	0.00e+00	0.00e+00	6.66e-127
 2.13665e+11	0.00e+00	6.29e-29	5.62e-20	1.12e-11	1.18e-02	9.26e-01	6.25e-02	0.00e+00	0.00e+00	0.00e+00	0.00e+00	0.00e+00	0.00e+00
 2.51184e+11	1.38e-38	8.90e-29	7.32e-20	1.35e-11	1.30e-02	9.29e-01	5.78e-02	0.00e+00	0.00e+00	0.00e+00	0.00e+00	0.00e+00	6.77e-126
 2.90204e+11	0.00e+00	1.26e-28	9.54e-20	1.61e-11	1.43e-02	9.32e-01	5.33e-02	0.00e+00	0.00e+00	0.00e+00	0.00e+00	0.00e+00	0.00e+00
 3.28285e+11	3.18e-38	1.75e-28	1.23e-19	1.92e-11	1.57e-02	9.35e-01	4.94e-02	0.00e+00	0.00e+00	0.00e+00	0.00e+00	0.00e+00	6.30e-125
 3.62754e+11	0.00e+00	2.33e-28	1.53e-19	2.23e-11	1.70e-02	9.37e-01	4.62e-02	0.00e+00	0.00e+00	0.00e+00	0.00e+00	0.00e+00	0.00e+00
 4.01275e+11	6.68e-38	3.18e-28	1.94e-19	2.62e-11	1.85e-02	9.39e-01	4.30e-02	0.00e+00	0.00e+00	0.00e+00	0.00e+00	0.00e+00	4.56e-124
 4.46472e+11	0.00e+00	4.52e-28	2.53e-19	3.14e-11	2.04e-02	9.40e-01	3.95e-02	0.00e+00	0.00e+00	0.00e+00	0.00e+00	0.00e+00	0.00e+00
 4.91309e+11	1.57e-37	6.36e-28	3.29e-19	3.76e-11	2.24e-02	9.41e-01	3.64e-02	0.00e+00	0.00e+00	0.00e+00	0.00e+00	0.00e+00	4.46e-123
 5.33284e+11	0.00e+00	8.66e-28	4.16e-19	4.41e-11	2.43e-02	9.42e-01	3.38e-02	0.00e+00	0.00e+00	0.00e+00	0.00e+00	0.00e+00	0.00e+00
 5.79888e+11	3.46e-37	1.20e-27	5.34e-19	5.23e-11	2.66e-02	9.42e-01	3.13e-02	0.00e+00	0.00e+00	0.00e+00	0.00e+00	0.00e+00	3.62e-122
 6.33010e+11	0.00e+00	1.73e-27	7.05e-19	6.31e-11	2.94e-02	9.42e-01	2.86e-02	0.00e+00	0.00e+00	0.00e+00	0.00e+00	0.00e+00	0.00e+00
 6.85508e+11	8.32e-37	2.44e-27	9.19e-19	7.56e-11	3.23e-02	9.41e-01	2.63e-02	0.00e+00	0.00e+00	0.00e+00	0.00e+00	0.00e+00	3.72e-121
 7.40105e+11	0.00e+00	3.45e-27	1.19e-18	9.03e-11	3.54e-02	9.40e-01	2.41e-02	0.00e+00	0.00e+00	0.00e+00	0.00e+00	0.00e+00	0.00e+00
 7.99636e+11	2.01e-36	4.99e-27	1.58e-18	1.09e-10	3.91e-02	9.39e-01	2.20e-02	0.00e+00	0.00e+00	0.00e+00	0.00e+00	0.00e+00	3.86e-120
 8.59500e+11	0.00e+00	7.10e-27	2.08e-18	1.31e-10	4.29e-02	9.37e-01	2.01e-02	0.00e+00	0.00e+00	0.00e+00	0.00e+00	0.00e+00	0.00e+00
 9.21758e+11	4.83e-36	1.01e-26	2.72e-18	1.58e-10	4.72e-02	9.34e-01	1.84e-02	0.00e+00	0.00e+00	0.00e+00	0.00e+00	0.00e+00	3.94e-119
 9.86235e+11	0.00e+00	1.44e-26	3.57e-18	1.90e-10	5.18e-02	9.31e-01	1.68e-02	0.00e+00	0.00e+00	0.00e+00	0.00e+00	0.00e+00	0.00e+00
 1.04954e+12	1.13e-35	2.02e-26	4.62e-18	2.26e-10	5.66e-02	9.28e-01	1.54e-02	0.00e+00	0.00e+00	0.00e+00	0.00e+00	0.00e+00	3.77e-118
 1.11769e+12	0.00e+00	2.86e-26	6.03e-18	2.71e-10	6.20e-02	9.24e-01	1.40e-02	0.00e+00	0.00e+00	0.00e+00	0.00e+00	0.00e+00	0.00e+00
 1.19233e+12	2.75e-35	4.13e-26	8.00e-18	3.27e-10	6.82e-02	9.19e-01	1.27e-02	0.00e+00	0.00e+00	0.00e+00	0.00e+00	0.00e+00	3.91e-117
 1.26995e+12	0.00e+00	5.97e-26	1.06e-17	3.96e-10	7.50e-02	9.14e-01	1.15e-02	0.00e+00	0.00e+00	0.00e+00	0.00e+00	0.00e+00	0.00e+00
 1.35067e+12	6.82e-35	8.62e-26	1.41e-17	4.79e-10	8.24e-02	9.07e-01	1.04e-02	0.00e+00	0.00e+00	0.00e+00	0.00e+00	0.00e+00	4.31e-116
 1.43462e+12	1.07e-34	1.24e-25	1.86e-17	5.79e-10	9.05e-02	9.00e-01	9.41e-03	0.00e+00	0.00e+00	0.00e+00	0.00e+00	0.00e+00	2.89e-98
 1.51054e+12	1.59e-34	1.71e-25	2.38e-17	6.83e-10	9.81e-02	8.93e-01	8.60e-03	0.00e+00	0.00e+00	0.00e+00	0.00e+00	0.00e+00	1.48e-282
 1.57378e+12	2.18e-34	2.21e-25	2.89e-17	7.79e-10	1.05e-01	8.87e-01	8.00e-03	0.00e+00	0.00e+00	0.00e+00	0.00e+00	0.00e+00	9.28e-115
 1.64306e+12	3.06e-34	2.91e-25	3.58e-17	8.98e-10	1.12e-01	8.81e-01	7.39e-03	0.00e+00	0.00e+00	0.00e+00	0.00e+00	0.00e+00	3.01e-97
 1.73082e+12	4.62e-34	4.06e-25	4.63e-17	1.07e-09	1.22e-01	8.72e-01	6.70e-03	0.00e+00	0.00e+00	0.00e+00	0.00e+00	0.00e+00	0.00e+00
 1.82235e+12	6.98e-34	5.67e-25	5.99e-17	1.27e-09	1.32e-01	8.62e-01	6.07e-03	0.00e+00	0.00e+00	0.00e+00	0.00e+00	0.00e+00	2.02e-113
 1.90341e+12	9.91e-34	7.54e-25	7.46e-17	1.47e-09	1.42e-01	8.53e-01	5.57e-03	0.00e+00	0.00e+00	0.00e+00	0.00e+00	0.00e+00	4.14e-96
 1.97915e+12	1.36e-33	9.75e-25	9.10e-17	1.68e-09	1.51e-01	8.44e-01	5.15e-03	0.00e+00	0.00e+00	0.00e+00	0.00e+00	0.00e+00	0.00e+00
 2.06564e+12	1.93e-33	1.29e-24	1.13e-16	1.95e-09	1.62e-01	8.34e-01	4.71e-03	0.00e+00	0.00e+00	0.00e+00	0.00e+00	0.00e+00	3.02e-112
 2.17178e+12	2.91e-33	1.81e-24	1.47e-16	2.31e-09	1.75e-01	8.21e-01	4.24e-03	0.00e+00	0.00e+00	0.00e+00	0.00e+00	0.00e+00	4.57e-95
 2.27746e+12	4.31e-33	2.49e-24	1.87e-16	2.73e-09	1.89e-01	8.08e-01	3.82e-03	0.00e+00	0.00e+00	0.00e+00	0.00e+00	0.00e+00	2.58e-111
 2.36942e+12	5.98e-33	3.24e-24	2.30e-16	3.12e-09	2.01e-01	7.96e-01	3.50e-03	0.00e+00	0.00e+00	0.00e+00	0.00e+00	0.00e+00	2.28e-94
 2.46958e+12	8.43e-33	4.28e-24	2.85e-16	3.60e-09	2.14e-01	7.83e-01	3.19e-03	0.00e+00	0.00e+00	0.00e+00	0.00e+00	0.00e+00	1.56e-110
 2.59168e+12	1.26e-32	5.93e-24	3.67e-16	4.26e-09	2.30e-01	7.67e-01	2.86e-03	0.00e+00	0.00e+00	0.00e+00	0.00e+00	0.00e+00	1.20e-93
 2.71631e+12	1.86e-32	8.14e-24	4.68e-16	5.01e-09	2.47e-01	7.50e-01	2.56e-03	0.00e+00	0.00e+00	0.00e+00	0.00e+00	0.00e+00	1.32e-109
 2.83101e+12	2.62e-32	1.07e-23	5.80e-16	5.77e-09	2.63e-01	7.35e-01	2.32e-03	0.00e+00	0.00e+00	0.00e+00	0.00e+00	0.00e+00	6.23e-93
 2.95878e+12	3.77e-32	1.44e-23	7.29e-16	6.70e-09	2.80e-01	7.18e-01	2.08e-03	0.00e+00	0.00e+00	0.00e+00	0.00e+00	0.00e+00	9.07e-109
 3.10658e+12	5.65e-32	2.00e-23	9.38e-16	7.91e-09	3.00e-01	6.98e-01	1.84e-03	0.00e+00	0.00e+00	0.00e+00	0.00e+00	0.00e+00	3.54e-92
 3.25202e+12	8.24e-32	2.72e-23	1.19e-15	9.23e-09	3.20e-01	6.79e-01	1.64e-03	0.00e+00	0.00e+00	0.00e+00	0.00e+00	0.00e+00	7.75e-108
 3.39145e+12	1.16e-31	3.59e-23	1.47e-15	1.06e-08	3.38e-01	6.60e-01	1.47e-03	0.00e+00	0.00e+00	0.00e+00	0.00e+00	0.00e+00	1.83e-91
 3.54520e+12	1.67e-31	4.82e-23	1.84e-15	1.23e-08	3.59e-01	6.40e-01	1.31e-03	0.00e+00	0.00e+00	0.00e+00	0.00e+00	0.00e+00	5.54e-107
 3.71693e+12	2.46e-31	6.58e-23	2.34e-15	1.43e-08	3.81e-01	6.18e-01	1.15e-03	0.00e+00	0.00e+00	0.00e+00	0.00e+00	0.00e+00	1.03e-90
 3.87315e+12	3.45e-31	8.63e-23	2.88e-15	1.64e-08	4.01e-01	5.98e-01	1.03e-03	0.00e+00	0.00e+00	0.00e+00	0.00e+00	0.00e+00	4.20e-106
 4.00478e+12	4.52e-31	1.07e-22	3.40e-15	1.82e-08	4.17e-01	5.82e-01	9.38e-04	0.00e+00	0.00e+00	0.00e+00	0.00e+00	0.00e+00	4.18e-90
 4.14959e+12	6.02e-31	1.35e-22	4.05e-15	2.04e-08	4.34e-01	5.65e-01	8.49e-04	0.00e+00	0.00e+00	0.00e+00	0.00e+00	0.00e+00	2.05e-105
 4.31312e+12	8.23e-31	1.74e-22	4.91e-15	2.30e-08	4.54e-01	5.46e-01	7.60e-04	0.00e+00	0.00e+00	0.00e+00	0.00e+00	0.00e+00	1.70e-89
 4.46980e+12	1.10e-30	2.19e-22	5.84e-15	2.57e-08	4.72e-01	5.28e-01	6.85e-04	0.00e+00	0.00e+00	0.00e+00	0.00e+00	0.00e+00	1.14e-104
 4.64230e+12	1.49e-30	2.79e-22	7.02e-15	2.89e-08	4.91e-01	5.09e-01	6.13e-04	0.00e+00	0.00e+00	0.00e+00	0.00e+00	0.00e+00	6.82e-89
 4.83392e+12	2.05e-30	3.61e-22	8.54e-15	3.26e-08	5.11e-01	4.88e-01	5.43e-04	0.00e+00	0.00e+00	0.00e+00	0.00e+00	0.00e+00	6.94e-104
 5.01350e+12	2.74e-30	4.56e-22	1.02e-14	3.64e-08	5.30e-01	4.70e-01	4.86e-04	0.00e+00	0.00e+00	0.00e+00	0.00e+00	0.00e+00	2.93e-88
 5.21006e+12	3.72e-30	5.80e-22	1.22e-14	4.07e-08	5.49e-01	4.51e-01	4.33e-04	0.00e+00	0.00e+00	0.00e+00	0.00e+00	0.00e+00	3.95e-103
 5.44255e+12	5.26e-30	7.65e-22	1.50e-14	4.63e-08	5.71e-01	4.29e-01	3.77e-04	0.00e+00	0.00e+00	0.00e+00	0.00e+00	0.00e+00	1.40e-87
 5.66898e+12	7.25e-30	9.88e-22	1.82e-14	5.20e-08	5.91e-01	4.09e-01	3.31e-04	0.00e+00	0.00e+00	0.00e+00	0.00e+00	0.00e+00	2.81e-102
 5.86490e+12	9.47e-30	1.22e-21	2.13e-14	5.73e-08	6.07e-01	3.92e-01	2.97e-04	0.00e+00	0.00e+00	0.00e+00	0.00e+00	0.00e+00	5.81e-87
 6.07390e+12	1.25e-29	1.52e-21	2.50e-14	6.32e-08	6.24e-01	3.76e-01	2.66e-04	0.00e+00	0.00e+00	0.00e+00	0.00e+00	0.00e+00	1.41e-101
 6.33084e+12	1.72e-29	1.96e-21	3.03e-14	7.09e-08	6.43e-01	3.56e-01	2.32e-04	0.00e+00	0.00e+00	0.00e+00	0.00e+00	0.00e+00	2.52e-86
 6.58848e+12	2.35e-29	2.51e-21	3.63e-14	7.90e-08	6.62e-01	3.38e-01	2.03e-04	0.00e+00	0.00e+00	0.00e+00	0.00e+00	0.00e+00	9.48e-101
 6.81410e+12	3.05e-29	3.08e-21	4.23e-14	8.66e-08	6.77e-01	3.23e-01	1.81e-04	0.00e+00	0.00e+00	0.00e+00	0.00e+00	0.00e+00	1.03e-85
 7.05970e+12	4.02e-29	3.83e-21	4.95e-14	9.51e-08	6.92e-01	3.08e-01	1.61e-04	0.00e+00	0.00e+00	0.00e+00	0.00e+00	0.00e+00	4.80e-100
 7.35746e+12	5.53e-29	4.92e-21	5.96e-14	1.06e-07	7.10e-01	2.90e-01	1.40e-04	0.00e+00	0.00e+00	0.00e+00	0.00e+00	0.00e+00	4.54e-85
 7.65548e+12	7.51e-29	6.26e-21	7.11e-14	1.18e-07	7.26e-01	2.74e-01	1.22e-04	0.00e+00	0.00e+00	0.00e+00	0.00e+00	0.00e+00	3.24e-99
 7.92255e+12	9.78e-29	7.70e-21	8.27e-14	1.28e-07	7.40e-01	2.60e-01	1.08e-04	0.00e+00	0.00e+00	0.00e+00	0.00e+00	0.00e+00	1.90e-84
 8.21689e+12	1.30e-28	9.60e-21	9.70e-14	1.41e-07	7.54e-01	2.46e-01	9.52e-05	0.00e+00	0.00e+00	0.00e+00	0.00e+00	0.00e+00	1.73e-98
 8.56589e+12	1.78e-28	1.23e-20	1.16e-13	1.56e-07	7.69e-01	2.31e-01	8.20e-05	0.00e+00	0.00e+00	0.00e+00	0.00e+00	0.00e+00	8.64e-84
 8.91247e+12	2.41e-28	1.56e-20	1.38e-13	1.73e-07	7.83e-01	2.17e-01	7.12e-05	0.00e+00	0.00e+00	0.00e+00	0.00e+00	0.00e+00	1.19e-97
 9.23421e+12	3.17e-28	1.93e-20	1.61e-13	1.88e-07	7.95e-01	2.05e-01	6.27e-05	0.00e+00	0.00e+00	0.00e+00	0.00e+00	0.00e+00	3.75e-83
 9.59479e+12	4.24e-28	2.42e-20	1.90e-13	2.07e-07	8.07e-01	1.93e-01	5.46e-05	0.00e+00	0.00e+00	0.00e+00	0.00e+00	0.00e+00	6.91e-97
 1.00085e+13	5.86e-28	3.11e-20	2.27e-13	2.29e-07	8.20e-01	1.80e-01	4.68e-05	0.00e+00	0.00e+00	0.00e+00	0.00e+00	0.00e+00	1.82e-82
 1.04166e+13	7.95e-28	3.95e-20	2.69e-13	2.52e-07	8.32e-01	1.68e-01	4.04e-05	0.00e+00	0.00e+00	0.00e+00	0.00e+00	0.00e+00	4.94e-96
 1.08410e+13	1.08e-27	5.00e-20	3.18e-13	2.76e-07	8.43e-01	1.57e-01	3.49e-05	0.00e+00	0.00e+00	0.00e+00	0.00e+00	0.00e+00	8.83e-82
 1.13045e+13	1.48e-27	6.40e-20	3.79e-13	3.05e-07	8.54e-01	1.46e-01	2.98e-05	0.00e+00	0.00e+00	0.00e+00	0.00e+00	0.00e+00	3.53e-95
 1.17866e+13	2.04e-27	8.18e-20	4.51e-13	3.35e-07	8.64e-01	1.36e-01	2.55e-05	0.00e+00	0.00e+00	0.00e+00	0.00e+00	0.00e+00	4.64e-81
 1.22880e+13	2.80e-27	1.04e-19	5.37e-13	3.69e-07	8.73e-01	1.27e-01	2.18e-05	0.00e+00	0.00e+00	0.00e+00	0.00e+00	0.00e+00	2.65e-94
 1.27791e+13	3.77e-27	1.32e-19	6.31e-13	4.03e-07	8.82e-01	1.18e-01	1.88e-05	0.00e+00	0.00e+00	0.00e+00	0.00e+00	0.00e+00	2.34e-80
 1.32340e+13	4.92e-27	1.61e-19	7.29e-13	4.36e-07	8.89e-01	1.11e-01	1.65e-05	0.00e+00	0.00e+00	0.00e+00	0.00e+00	0.00e+00	1.60e-93
 1.37374e+13	6.55e-27	2.01e-19	8.50e-13	4.74e-07	8.96e-01	1.04e-01	1.43e-05	0.00e+00	0.00e+00	0.00e+00	0.00e+00	0.00e+00	9.99e-80
 1.42556e+13	8.68e-27	2.50e-19	9.90e-13	5.14e-07	9.03e-01	9.71e-02	1.24e-05	0.00e+00	0.00e+00	0.00e+00	0.00e+00	0.00e+00	9.79e-93
 1.46876e+13	1.09e-26	2.97e-19	1.12e-12	5.49e-07	9.08e-01	9.20e-02	1.11e-05	0.00e+00	0.00e+00	0.00e+00	0.00e+00	0.00e+00	3.86e-79
 1.51428e+13	1.38e-26	3.55e-19	1.27e-12	5.87e-07	9.13e-01	8.71e-02	9.90e-06	0.00e+00	0.00e+00	0.00e+00	0.00e+00	0.00e+00	4.29e-92
 1.57230e+13	1.84e-26	4.43e-19	1.48e-12	6.37e-07	9.19e-01	8.13e-02	8.57e-06	0.00e+00	0.00e+00	0.00e+00	0.00e+00	0.00e+00	1.55e-78
 1.63296e+13	2.45e-26	5.52e-19	1.72e-12	6.91e-07	9.24e-01	7.58e-02	7.41e-06	0.00e+00	0.00e+00	0.00e+00	0.00e+00	0.00e+00	2.74e-91
 1.68655e+13	3.14e-26	6.67e-19	1.96e-12	7.40e-07	9.29e-01	7.14e-02	6.55e-06	0.00e+00	0.00e+00	0.00e+00	0.00e+00	0.00e+00	6.51e-78
 1.74457e+13	4.07e-26	8.13e-19	2.25e-12	7.96e-07	9.33e-01	6.71e-02	5.76e-06	0.00e+00	0.00e+00	0.00e+00	0.00e+00	0.00e+00	1.40e-90
 1.80943e+13	5.39e-26	1.01e-18	2.60e-12	8.60e-07	9.37e-01	6.27e-02	5.00e-06	0.00e+00	0.00e+00	0.00e+00	0.00e+00	0.00e+00	2.76e-77
 1.87033e+13	6.95e-26	1.22e-18	2.97e-12	9.22e-07	9.41e-01	5.89e-02	4.40e-06	0.00e+00	0.00e+00	0.00e+00	0.00e+00	0.00e+00	7.85e-90
 1.93668e+13	9.09e-26	1.50e-18	3.42e-12	9.92e-07	9.45e-01	5.52e-02	3.85e-06	0.00e+00	0.00e+00	0.00e+00	0.00e+00	0.00e+00	1.13e-76
 2.01042e+13	1.21e-25	1.86e-18	3.97e-12	1.07e-06	9.49e-01	5.15e-02	3.33e-06	0.00e+00	0.00e+00	0.00e+00	0.00e+00	0.00e+00	2.46e-76
 2.07914e+13	1.57e-25	2.27e-18	4.54e-12	1.15e-06	9.52e-01	4.83e-02	2.93e-06	0.00e+00	0.00e+00	0.00e+00	0.00e+00	0.00e+00	4.97e-76
 2.15383e+13	2.07e-25	2.79e-18	5.23e-12	1.24e-06	9.55e-01	4.52e-02	2.56e-06	0.00e+00	0.00e+00	0.00e+00	0.00e+00	0.00e+00	1.04e-75
 2.23732e+13	2.77e-25	3.49e-18	6.09e-12	1.34e-06	9.58e-01	4.21e-02	2.21e-06	0.00e+00	0.00e+00	0.00e+00	0.00e+00	0.00e+00	2.31e-75
 2.31591e+13	3.62e-25	4.27e-18	6.98e-12	1.44e-06	9.61e-01	3.94e-02	1.93e-06	0.00e+00	0.00e+00	0.00e+00	0.00e+00	0.00e+00	4.77e-75
 2.40177e+13	4.81e-25	5.29e-18	8.07e-12	1.55e-06	9.63e-01	3.68e-02	1.68e-06	0.00e+00	0.00e+00	0.00e+00	0.00e+00	0.00e+00	1.03e-74
 2.49768e+13	6.51e-25	6.66e-18	9.43e-12	1.68e-06	9.66e-01	3.41e-02	1.44e-06	0.00e+00	0.00e+00	0.00e+00	0.00e+00	0.00e+00	2.35e-74
 2.58810e+13	8.59e-25	8.20e-18	1.09e-11	1.80e-06	9.68e-01	3.19e-02	1.26e-06	0.00e+00	0.00e+00	0.00e+00	0.00e+00	0.00e+00	4.99e-74
 2.68525e+13	1.14e-24	1.02e-17	1.26e-11	1.94e-06	9.70e-01	2.97e-02	1.09e-06	0.00e+00	0.00e+00	0.00e+00	0.00e+00	0.00e+00	1.09e-73
 2.79565e+13	1.57e-24	1.29e-17	1.47e-11	2.11e-06	9.72e-01	2.75e-02	9.31e-07	0.00e+00	0.00e+00	0.00e+00	0.00e+00	0.00e+00	2.56e-73
 2.90385e+13	2.11e-24	1.61e-17	1.71e-11	2.28e-06	9.74e-01	2.56e-02	0.00e+00	0.00e+00	0.00e+00	0.00e+00	0.00e+00	0.00e+00	5.76e-73
 3.01638e+13	2.83e-24	2.02e-17	1.99e-11	2.46e-06	9.76e-01	2.38e-02	0.00e+00	0.00e+00	0.00e+00	0.00e+00	0.00e+00	0.00e+00	1.30e-72
 3.14003e+13	3.88e-24	2.56e-17	2.34e-11	2.66e-06	9.78e-01	2.20e-02	0.00e+00	0.00e+00	0.00e+00	0.00e+00	0.00e+00	0.00e+00	3.05e-72
 3.26502e+13	5.26e-24	3.22e-17	2.73e-11	2.88e-06	9.80e-01	2.04e-02	0.00e+00	0.00e+00	0.00e+00	0.00e+00	0.00e+00	0.00e+00	7.01e-72
 3.39502e+13	7.14e-24	4.05e-17	3.18e-11	3.12e-06	9.81e-01	1.89e-02	0.00e+00	0.00e+00	0.00e+00	0.00e+00	0.00e+00	0.00e+00	1.61e-71
 3.52567e+13	9.58e-24	5.05e-17	3.70e-11	3.36e-06	9.82e-01	1.76e-02	0.00e+00	0.00e+00	0.00e+00	0.00e+00	1.62e-17	3.44e-17	3.61e-71
 3.64888e+13	1.25e-23	6.19e-17	4.24e-11	3.61e-06	9.84e-01	1.65e-02	0.00e+00	0.00e+00	0.00e+00	0.00e+00	2.05e-17	4.13e-17	7.53e-71
 3.78515e+13	1.67e-23	7.68e-17	4.90e-11	3.88e-06	9.85e-01	1.53e-02	0.00e+00	0.00e+00	0.00e+00	0.00e+00	2.55e-17	5.13e-17	1.65e-70
 3.92163e+13	2.20e-23	9.46e-17	5.64e-11	4.17e-06	9.86e-01	1.43e-02	0.00e+00	0.00e+00	0.00e+00	0.00e+00	3.14e-17	6.32e-17	3.51e-70
 4.03403e+13	2.75e-23	1.12e-16	6.31e-11	4.41e-06	9.86e-01	1.35e-02	0.00e+00	0.00e+00	0.00e+00	0.00e+00	3.71e-17	7.47e-17	6.42e-70
 4.15268e+13	3.45e-23	1.33e-16	7.08e-11	4.68e-06	9.87e-01	1.28e-02	0.00e+00	0.00e+00	0.00e+00	0.00e+00	4.40e-17	8.86e-17	1.19e-69
 4.30564e+13	4.57e-23	1.64e-16	8.18e-11	5.03e-06	9.88e-01	1.19e-02	0.00e+00	0.00e+00	0.00e+00	0.00e+00	5.45e-17	1.10e-16	2.57e-69
 4.46682e+13	6.09e-23	2.04e-16	9.47e-11	5.42e-06	9.89e-01	1.11e-02	0.00e+00	0.00e+00	0.00e+00	0.00e+00	6.76e-17	1.36e-16	5.63e-69
 4.60838e+13	7.77e-23	2.45e-16	1.07e-10	5.78e-06	9.90e-01	1.04e-02	0.00e+00	0.00e+00	0.00e+00	0.00e+00	8.13e-17	1.64e-16	1.11e-68
 4.76081e+13	1.00e-22	2.97e-16	1.22e-10	6.17e-06	9.90e-01	9.74e-03	0.00e+00	0.00e+00	0.00e+00	0.00e+00	9.85e-17	1.98e-16	2.19e-68
 4.94540e+13	1.35e-22	3.71e-16	1.42e-10	6.67e-06	9.91e-01	9.03e-03	0.00e+00	0.00e+00	0.00e+00	0.00e+00	1.23e-16	2.48e-16	4.91e-68
 5.13301e+13	1.80e-22	4.62e-16	1.65e-10	7.20e-06	9.92e-01	8.38e-03	0.00e+00	0.00e+00	0.00e+00	0.00e+00	1.53e-16	3.09e-16	1.08e-67
 5.30721e+13	2.34e-22	5.63e-16	1.88e-10	7.70e-06	9.92e-01	7.84e-03	0.00e+00	0.00e+00	0.00e+00	0.00e+00	1.87e-16	3.76e-16	2.20e-67
 5.50156e+13	3.09e-22	6.96e-16	2.18e-10	8.29e-06	9.93e-01	7.29e-03	0.00e+00	0.00e+00	0.00e+00	0.00e+00	2.31e-16	4.65e-16	4.72e-67
 5.70958e+13	4.13e-22	8.66e-16	2.53e-10	8.95e-06	9.93e-01	6.77e-03	0.00e+00	0.00e+00	0.00e+00	0.00e+00	2.87e-16	5.79e-16	1.03e-66
 5.89451e+13	5.29e-22	1.04e-15	2.87e-10	9.55e-06	9.94e-01	6.35e-03	0.00e+00	0.00e+00	0.00e+00	0.00e+00	3.47e-16	6.98e-16	2.03e-66
 6.09286e+13	6.84e-22	1.27e-15	3.28e-10	1.02e-05	9.94e-01	5.93e-03	0.00e+00	0.00e+00	0.00e+00	0.00e+00	4.21e-16	8.48e-16	4.09e-66
 6.33057e+13	9.21e-22	1.59e-15	3.82e-10	1.11e-05	9.94e-01	5.49e-03	0.00e+00	0.00e+00	0.00e+00	0.00e+00	5.28e-16	1.06e-15	9.17e-66
 6.56418e+13	1.22e-21	1.97e-15	4.42e-10	1.19e-05	9.95e-01	5.10e-03	0.00e+00	0.00e+00	0.00e+00	0.00e+00	6.53e-16	1.32e-15	1.97e-65
 6.77163e+13	1.56e-21	2.37e-15	5.01e-10	1.27e-05	9.95e-01	4.79e-03	0.00e+00	0.00e+00	0.00e+00	0.00e+00	7.85e-16	1.58e-15	3.81e-65
 7.00034e+13	2.01e-21	2.88e-15	5.73e-10	1.36e-05	9.96e-01	4.48e-03	0.00e+00	0.00e+00	0.00e+00	0.00e+00	9.54e-16	1.92e-15	7.67e-65
 7.27370e+13	2.71e-21	3.61e-15	6.69e-10	1.47e-05	9.96e-01	4.14e-03	0.00e+00	0.00e+00	0.00e+00	0.00e+00	1.20e-15	2.41e-15	1.72e-64
 7.54545e+13	3.60e-21	4.48e-15	7.75e-10	1.59e-05	9.96e-01	3.84e-03	0.00e+00	0.00e+00	0.00e+00	0.00e+00	1.48e-15	2.99e-15	3.73e-64
 7.79310e+13	4.63e-21	5.41e-15	8.83e-10	1.70e-05	9.96e-01	3.60e-03	0.00e+00	0.00e+00	0.00e+00	0.00e+00	1.79e-15	3.62e-15	7.38e-64
 8.06908e+13	6.06e-21	6.64e-15	1.02e-09	1.82e-05	9.97e-01	3.35e-03	0.00e+00	0.00e+00	0.00e+00	0.00e+00	2.20e-15	4.44e-15	1.53e-63
 8.39106e+13	8.21e-21	8.37e-15	1.19e-09	1.98e-05	9.97e-01	3.09e-03	0.00e+00	0.00e+00	0.00e+00	0.00e+00	2.77e-15	5.59e-15	3.50e-63
 8.70758e+13	1.09e-20	1.04e-14	1.38e-09	2.14e-05	9.97e-01	2.87e-03	0.00e+00	0.00e+00	0.00e+00	0.00e+00	3.45e-15	6.96e-15	7.66e-63
 9.00547e+13	1.42e-20	1.27e-14	1.58e-09	2.29e-05	9.97e-01	2.68e-03	0.00e+00	0.00e+00	0.00e+00	0.00e+00	4.20e-15	8.48e-15	1.56e-62
 9.33739e+13	1.88e-20	1.57e-14	1.83e-09	2.47e-05	9.97e-01	2.49e-03	0.00e+00	0.00e+00	0.00e+00	0.00e+00	5.20e-15	1.05e-14	3.35e-62
 9.71388e+13	2.56e-20	1.98e-14	2.14e-09	2.68e-05	9.98e-01	2.29e-03	0.00e+00	0.00e+00	0.00e+00	0.00e+00	6.56e-15	1.32e-14	7.71e-62
 1.00896e+14	3.44e-20	2.48e-14	2.50e-09	2.89e-05	9.98e-01	2.12e-03	0.00e+00	0.00e+00	0.00e+00	0.00e+00	8.21e-15	1.66e-14	1.73e-61
 1.04405e+14	4.49e-20	3.03e-14	2.86e-09	3.10e-05	9.98e-01	1.98e-03	0.00e+00	0.00e+00	0.00e+00	0.00e+00	1.00e-14	2.03e-14	3.56e-61
 1.08213e+14	5.93e-20	3.74e-14	3.31e-09	3.34e-05	9.98e-01	1.84e-03	0.00e+00	0.00e+00	0.00e+00	0.00e+00	1.24e-14	2.50e-14	7.62e-61
 1.12480e+14	8.01e-20	4.70e-14	3.86e-09	3.62e-05	9.98e-01	1.70e-03	0.00e+00	0.00e+00	0.00e+00	0.00e+00	1.56e-14	3.15e-14	1.73e-60
 1.16463e+14	1.05e-19	5.78e-14	4.44e-09	3.88e-05	9.98e-01	1.58e-03	0.00e+00	0.00e+00	0.00e+00	0.00e+00	1.91e-14	3.87e-14	3.64e-60
 1.20150e+14	1.34e-19	6.94e-14	5.03e-09	4.14e-05	9.98e-01	1.49e-03	0.00e+00	0.00e+00	0.00e+00	0.00e+00	2.30e-14	4.65e-14	7.06e-60
 1.23698e+14	1.68e-19	8.25e-14	5.66e-09	4.39e-05	9.99e-01	1.40e-03	0.00e+00	0.00e+00	0.00e+00	0.00e+00	2.73e-14	5.52e-14	1.31e-59
 1.27640e+14	2.15e-19	9.92e-14	6.42e-09	4.68e-05	9.99e-01	1.31e-03	0.00e+00	0.00e+00	0.00e+00	0.00e+00	3.28e-14	6.64e-14	2.56e-59
 1.32000e+14	2.79e-19	1.21e-13	7.34e-09	5.02e-05	9.99e-01	1.23e-03	0.00e+00	0.00e+00	0.00e+00	0.00e+00	4.00e-14	8.10e-14	5.26e-59
 1.36062e+14	3.54e-19	1.45e-13	8.29e-09	5.34e-05	9.99e-01	1.15e-03	0.00e+00	0.00e+00	0.00e+00	0.00e+00	4.79e-14	9.69e-14	1.01e-58
 1.40496e+14	4.55e-19	1.75e-13	9.43e-09	5.69e-05	9.99e-01	1.08e-03	0.00e+00	0.00e+00	0.00e+00	0.00e+00	5.78e-14	1.17e-13	2.00e-58
 1.45484e+14	5.97e-19	2.15e-13	1.08e-08	6.12e-05	9.99e-01	1.01e-03	0.00e+00	0.00e+00	0.00e+00	0.00e+00	7.11e-14	1.44e-13	4.23e-58
 1.50245e+14	7.69e-19	2.60e-13	1.23e-08	6.53e-05	9.99e-01	9.43e-04	0.00e+00	0.00e+00	0.00e+00	0.00e+00	8.60e-14	1.74e-13	8.45e-58
 1.55486e+14	1.01e-18	3.19e-13	1.42e-08	7.00e-05	9.99e-01	8.80e-04	0.00e+00	0.00e+00	0.00e+00	0.00e+00	1.05e-13	2.13e-13	1.76e-57
 1.61260e+14	1.34e-18	3.96e-13	1.64e-08	7.54e-05	9.99e-01	8.17e-04	0.00e+00	0.00e+00	0.00e+00	0.00e+00	1.31e-13	2.65e-13	3.86e-57
 1.66567e+14	1.73e-18	4.79e-13	1.86e-08	8.05e-05	9.99e-01	7.65e-04	0.00e+00	0.00e+00	0.00e+00	0.00e+00	1.58e-13	3.21e-13	7.76e-57
 1.72306e+14	2.25e-18	5.85e-13	2.14e-08	8.63e-05	9.99e-01	7.14e-04	0.00e+00	0.00e+00	0.00e+00	0.00e+00	1.93e-13	3.92e-13	1.61e-56
 1.78729e+14	2.99e-18	7.27e-13	2.47e-08	9.30e-05	9.99e-01	6.63e-04	0.00e+00	0.00e+00	0.00e+00	0.00e+00	2.40e-13	4.87e-13	3.53e-56
 1.84776e+14	3.89e-18	8.85e-13	2.83e-08	9.95e-05	9.99e-01	6.20e-04	0.00e+00	0.00e+00	0.00e+00	0.00e+00	2.92e-13	5.93e-13	7.23e-56
 1.91373e+14	5.11e-18	1.09e-12	3.25e-08	1.07e-04	9.99e-01	5.77e-04	0.00e+00	0.00e+00	0.00e+00	0.00e+00	3.59e-13	7.30e-13	1.53e-55
 1.98698e+14	6.86e-18	1.36e-12	3.78e-08	1.15e-04	9.99e-01	5.34e-04	0.00e+00	0.00e+00	0.00e+00	0.00e+00	4.48e-13	9.12e-13	3.44e-55
 2.05529e+14	8.92e-18	1.66e-12	4.33e-08	1.24e-04	9.99e-01	4.98e-04	0.00e+00	0.00e+00	0.00e+00	0.00e+00	5.47e-13	1.11e-12	7.11e-55
 2.12952e+14	1.18e-17	2.05e-12	5.00e-08	1.33e-04	9.99e-01	4.63e-04	0.00e+00	0.00e+00	0.00e+00	0.00e+00	6.74e-13	1.37e-12	1.52e-54
 2.21261e+14	1.58e-17	2.57e-12	5.83e-08	1.44e-04	9.99e-01	4.28e-04	0.00e+00	0.00e+00	0.00e+00	0.00e+00	8.44e-13	1.72e-12	3.46e-54
 2.29132e+14	2.08e-17	3.15e-12	6.71e-08	1.55e-04	9.99e-01	3.99e-04	0.00e+00	0.00e+00	0.00e+00	0.00e+00	1.04e-12	2.12e-12	7.29e-54
 2.37558e+14	2.75e-17	3.90e-12	7.76e-08	1.67e-04	9.99e-01	3.70e-04	0.00e+00	0.00e+00	0.00e+00	0.00e+00	1.28e-12	2.62e-12	1.58e-53
 2.47090e+14	3.72e-17	4.91e-12	9.09e-08	1.81e-04	9.99e-01	3.41e-04	0.00e+00	0.00e+00	0.00e+00	0.00e+00	1.61e-12	3.30e-12	3.63e-53
 2.56457e+14	4.95e-17	6.11e-12	1.06e-07	1.96e-04	9.99e-01	3.15e-04	0.00e+00	4.07e-18	1.22e-17	2.05e-17	2.01e-12	4.10e-12	8.03e-53
 2.66198e+14	6.59e-17	7.60e-12	1.23e-07	2.11e-04	9.99e-01	2.92e-04	0.00e+00	5.42e-18	1.63e-17	2.72e-17	2.50e-12	5.10e-12	1.77e-52
 2.76876e+14	8.89e-17	9.56e-12	1.44e-07	2.30e-04	1.00e+00	2.69e-04	0.00e+00	7.32e-18	2.20e-17	3.67e-17	3.14e-12	6.42e-12	4.05e-52
 2.87401e+14	1.18e-16	1.19e-11	1.68e-07	2.48e-04	1.00e+00	2.48e-04	0.00e+00	9.73e-18	2.92e-17	4.88e-17	3.90e-12	7.98e-12	8.89e-52
 2.96116e+14	1.48e-16	1.41e-11	1.89e-07	2.65e-04	1.00e+00	2.33e-04	0.00e+00	1.22e-17	3.67e-17	6.13e-17	4.64e-12	9.50e-12	1.67e-51
 3.03136e+14	1.77e-16	1.62e-11	2.08e-07	2.78e-04	9.99e-01	2.22e-04	0.00e+00	1.46e-17	4.37e-17	7.31e-17	5.31e-12	1.09e-11	2.72e-51
 3.10923e+14	2.14e-16	1.87e-11	2.30e-07	2.94e-04	9.99e-01	2.10e-04	0.00e+00	1.76e-17	5.29e-17	8.84e-17	6.14e-12	1.26e-11	4.61e-51
 3.21047e+14	2.71e-16	2.25e-11	2.62e-07	3.15e-04	9.99e-01	1.96e-04	0.00e+00	2.24e-17	6.73e-17	1.12e-16	7.39e-12	1.52e-11	8.98e-51
 3.31906e+14	3.48e-16	2.73e-11	3.00e-07	3.38e-04	9.99e-01	1.83e-04	0.00e+00	2.87e-17	8.62e-17	1.44e-16	8.94e-12	1.84e-11	1.79e-50
 3.41543e+14	4.29e-16	3.22e-11	3.38e-07	3.60e-04	9.99e-01	1.72e-04	0.00e+00	3.55e-17	1.06e-16	1.78e-16	1.05e-11	2.16e-11	3.23e-50
 3.51893e+14	5.35e-16	3.82e-11	3.81e-07	3.84e-04	9.99e-01	1.61e-04	0.00e+00	4.42e-17	1.33e-16	2.22e-16	1.25e-11	2.57e-11	5.99e-50
 3.64912e+14	6.98e-16	4.69e-11	4.42e-07	4.16e-04	9.99e-01	1.49e-04	0.00e+00	5.77e-17	1.73e-16	2.90e-16	1.54e-11	3.16e-11	1.26e-49
 3.78122e+14	9.04e-16	5.75e-11	5.11e-07	4.50e-04	9.99e-01	1.38e-04	0.00e+00	7.48e-17	2.25e-16	3.76e-16	1.88e-11	3.87e-11	2.62e-49
 3.89489e+14	1.12e-15	6.80e-11	5.77e-07	4.80e-04	9.99e-01	1.29e-04	0.00e+00	9.28e-17	2.79e-16	4.66e-16	2.22e-11	4.57e-11	4.80e-49
 4.01741e+14	1.40e-15	8.09e-11	6.55e-07	5.14e-04	9.99e-01	1.20e-04	0.00e+00	1.16e-16	3.48e-16	5.82e-16	2.65e-11	5.44e-11	8.99e-49
 4.16854e+14	1.82e-15	9.96e-11	7.62e-07	5.59e-04	9.99e-01	1.11e-04	0.00e+00	1.51e-16	4.54e-16	7.59e-16	3.26e-11	6.70e-11	1.91e-48
 4.32263e+14	2.36e-15	1.22e-10	8.84e-07	6.06e-04	9.99e-01	1.02e-04	0.00e+00	1.96e-16	5.88e-16	9.82e-16	3.99e-11	8.22e-11	3.99e-48
 4.45997e+14	2.94e-15	1.45e-10	1.00e-06	6.51e-04	9.99e-01	9.56e-05	0.00e+00	2.44e-16	7.33e-16	1.22e-15	4.75e-11	9.78e-11	7.51e-48
 4.60978e+14	3.70e-15	1.75e-10	1.15e-06	7.01e-04	9.99e-01	8.88e-05	0.00e+00	3.08e-16	9.24e-16	1.54e-15	5.71e-11	1.18e-10	1.47e-47
 4.78850e+14	4.82e-15	2.16e-10	1.34e-06	7.64e-04	9.99e-01	8.16e-05	0.00e+00	4.02e-16	1.21e-15	2.02e-15	7.05e-11	1.45e-10	3.17e-47
 4.96484e+14	6.19e-15	2.63e-10	1.56e-06	8.30e-04	9.99e-01	7.53e-05	0.00e+00	5.16e-16	1.55e-15	2.59e-15	8.60e-11	1.77e-10	6.58e-47
 5.12396e+14	7.68e-15	3.13e-10	1.77e-06	8.91e-04	9.99e-01	7.01e-05	0.00e+00	6.41e-16	1.93e-15	3.22e-15	1.02e-10	2.11e-10	1.24e-46
 5.30066e+14	9.68e-15	3.77e-10	2.03e-06	9.63e-04	9.99e-01	6.50e-05	0.00e+00	8.09e-16	2.43e-15	4.06e-15	1.23e-10	2.54e-10	2.47e-46
 5.50869e+14	1.26e-14	4.65e-10	2.38e-06	1.05e-03	9.99e-01	5.96e-05	0.00e+00	1.05e-15	3.16e-15	5.28e-15	1.52e-10	3.13e-10	5.38e-46
 5.71392e+14	1.61e-14	5.67e-10	2.76e-06	1.14e-03	9.99e-01	5.49e-05	0.00e+00	1.35e-15	4.05e-15	6.76e-15	1.85e-10	3.82e-10	1.13e-45
 5.90430e+14	2.00e-14	6.77e-10	3.15e-06	1.23e-03	9.99e-01	5.10e-05	0.00e+00	1.68e-15	5.04e-15	8.43e-15	2.21e-10	4.56e-10	2.20e-45
 6.11771e+14	2.54e-14	8.20e-10	3.63e-06	1.34e-03	9.99e-01	4.71e-05	0.00e+00	2.13e-15	6.40e-15	1.07e-14	2.68e-10	5.52e-10	4.52e-45
 6.36272e+14	3.29e-14	1.01e-09	4.26e-06	1.46e-03	9.98e-01	4.32e-05	0.00e+00	2.77e-15	8.32e-15	1.39e-14	3.32e-10	6.82e-10	1.01e-44
 6.60351e+14	4.21e-14	1.24e-09	4.95e-06	1.59e-03	9.98e-01	3.97e-05	0.00e+00	3.54e-15	1.06e-14	1.78e-14	4.05e-10	8.33e-10	2.15e-44
 6.85393e+14	5.38e-14	1.51e-09	5.75e-06	1.74e-03	9.98e-01	3.66e-05	0.00e+00	4.53e-15	1.36e-14	2.27e-14	4.95e-10	1.02e-09	4.61e-44
 7.08227e+14	6.66e-14	1.80e-09	6.56e-06	1.87e-03	9.98e-01	3.40e-05	0.00e+00	5.63e-15	1.69e-14	2.82e-14	5.91e-10	1.21e-09	9.03e-44
 7.25217e+14	7.78e-14	2.05e-09	7.21e-06	1.97e-03	9.98e-01	3.22e-05	0.00e+00	6.58e-15	1.97e-14	3.30e-14	6.71e-10	1.38e-09	1.47e-43
 7.42718e+14	9.10e-14	2.33e-09	7.93e-06	2.09e-03	9.98e-01	3.06e-05	0.00e+00	7.70e-15	2.31e-14	3.86e-14	7.63e-10	1.57e-09	2.40e-43
 7.65469e+14	1.11e-13	2.74e-09	8.96e-06	2.24e-03	9.98e-01	2.86e-05	0.00e+00	9.38e-15	2.82e-14	4.70e-14	8.97e-10	1.84e-09	4.47e-43
 7.90203e+14	1.36e-13	3.25e-09	1.02e-05	2.40e-03	9.98e-01	2.67e-05	0.00e+00	1.16e-14	3.47e-14	5.80e-14	1.06e-09	2.18e-09	8.80e-43
 8.12582e+14	1.57e-13	3.77e-09	1.14e-05	2.56e-03	9.97e-01	2.51e-05	0.00e+00	1.33e-14	4.00e-14	6.68e-14	1.24e-09	2.54e-09	1.55e-42
 8.36742e+14	1.89e-13	4.41e-09	1.28e-05	2.74e-03	9.97e-01	2.35e-05	0.00e+00	1.60e-14	4.82e-14	8.05e-14	1.45e-09	2.97e-09	2.85e-42
 8.67420e+14	2.38e-13	5.36e-09	1.48e-05	2.97e-03	9.97e-01	2.17e-05	0.00e+00	2.03e-14	6.08e-14	1.02e-13	1.76e-09	3.60e-09	6.17e-42
 8.98322e+14	2.97e-13	6.48e-09	1.70e-05	3.22e-03	9.97e-01	2.01e-05	0.00e+00	2.53e-14	7.60e-14	1.27e-13	2.12e-09	4.35e-09	1.30e-41
 9.24147e+14	3.55e-13	7.54e-09	1.90e-05	3.44e-03	9.97e-01	1.90e-05	0.00e+00	3.03e-14	9.10e-14	1.52e-13	2.47e-09	5.07e-09	2.39e-41
 9.51621e+14	4.28e-13	8.83e-09	2.14e-05	3.67e-03	9.96e-01	1.78e-05	0.00e+00	3.65e-14	1.10e-13	1.83e-13	2.90e-09	5.93e-09	4.48e-41
 9.86507e+14	5.38e-13	1.07e-08	2.47e-05	3.99e-03	9.96e-01	1.65e-05	0.00e+00	4.60e-14	1.38e-13	2.31e-13	3.53e-09	7.21e-09	9.77e-41
 1.02317e+15	6.76e-13	1.31e-08	2.86e-05	4.33e-03	9.96e-01	1.53e-05	0.00e+00	5.79e-14	1.74e-13	2.90e-13	4.30e-09	8.79e-09	2.15e-40
 1.05612e+15	8.25e-13	1.55e-08	3.24e-05	4.65e-03	9.95e-01	1.43e-05	0.00e+00	7.07e-14	2.12e-13	3.54e-13	5.10e-09	1.04e-08	4.25e-40
 1.09211e+15	1.02e-12	1.86e-08	3.70e-05	5.02e-03	9.95e-01	1.33e-05	0.00e+00	8.75e-14	2.63e-13	4.39e-13	6.13e-09	1.25e-08	8.77e-40
 1.13472e+15	1.30e-12	2.30e-08	4.32e-05	5.47e-03	9.94e-01	1.23e-05	0.00e+00	1.12e-13	3.35e-13	5.59e-13	7.57e-09	1.54e-08	2.02e-39
 1.17654e+15	1.62e-12	2.80e-08	4.98e-05	5.94e-03	9.94e-01	1.14e-05	0.00e+00	1.40e-13	4.19e-13	7.00e-13	9.21e-09	1.88e-08	4.40e-39
 1.21475e+15	1.99e-12	3.34e-08	5.66e-05	6.38e-03	9.94e-01	1.07e-05	0.00e+00	1.71e-13	5.14e-13	8.58e-13	1.10e-08	2.24e-08	8.81e-39
 1.25766e+15	2.47e-12	4.04e-08	6.50e-05	6.90e-03	9.93e-01	1.00e-05	0.00e+00	2.13e-13	6.39e-13	1.07e-12	1.33e-08	2.71e-08	1.86e-38
 1.30756e+15	3.15e-12	5.01e-08	7.59e-05	7.53e-03	9.92e-01	9.30e-06	0.00e+00	2.72e-13	8.16e-13	1.36e-12	1.65e-08	3.36e-08	4.32e-38
 1.35653e+15	3.96e-12	6.15e-08	8.79e-05	8.18e-03	9.92e-01	8.67e-06	0.00e+00	3.42e-13	1.03e-12	1.71e-12	2.02e-08	4.12e-08	9.56e-38
 1.40268e+15	4.87e-12	7.42e-08	1.01e-04	8.82e-03	9.91e-01	8.17e-06	0.00e+00	4.22e-13	1.27e-12	2.11e-12	2.44e-08	4.98e-08	1.98e-37
 1.45405e+15	6.09e-12	9.05e-08	1.16e-04	9.56e-03	9.90e-01	7.64e-06	0.00e+00	5.28e-13	1.58e-12	2.64e-12	2.98e-08	6.07e-08	4.30e-37
 1.50302e+15	7.47e-12	1.09e-07	1.33e-04	1.03e-02	9.90e-01	7.21e-06	0.00e+00	6.48e-13	1.95e-12	3.25e-12	3.59e-08	7.30e-08	8.77e-37
 1.53951e+15	8.57e-12	1.25e-07	1.46e-04	1.09e-02	9.89e-01	6.92e-06	0.00e+00	7.45e-13	2.23e-12	3.73e-12	4.11e-08	8.35e-08	1.47e-36
 1.57639e+15	9.94e-12	1.42e-07	1.60e-04	1.15e-02	9.88e-01	6.65e-06	0.00e+00	8.64e-13	2.59e-12	4.33e-12	4.69e-08	9.54e-08	2.45e-36
 1.62434e+15	1.20e-11	1.68e-07	1.81e-04	1.23e-02	9.88e-01	6.31e-06	0.00e+00	1.05e-12	3.14e-12	5.24e-12	5.55e-08	1.13e-07	4.66e-36
 1.67638e+15	1.46e-11	2.01e-07	2.05e-04	1.32e-02	9.87e-01	5.99e-06	0.00e+00	1.27e-12	3.81e-12	6.36e-12	6.63e-08	1.35e-07	9.15e-36
 1.72313e+15	1.72e-11	2.35e-07	2.29e-04	1.40e-02	9.86e-01	5.74e-06	0.00e+00	1.50e-12	4.51e-12	7.53e-12	7.75e-08	1.57e-07	1.64e-35
 1.77332e+15	2.06e-11	2.76e-07	2.57e-04	1.49e-02	9.85e-01	5.49e-06	0.00e+00	1.79e-12	5.39e-12	8.99e-12	9.12e-08	1.85e-07	3.03e-35
 1.83773e+15	2.56e-11	3.39e-07	2.97e-04	1.62e-02	9.84e-01	5.21e-06	0.00e+00	2.24e-12	6.71e-12	1.12e-11	1.12e-07	2.27e-07	6.46e-35
 1.90277e+15	3.16e-11	4.12e-07	3.42e-04	1.75e-02	9.82e-01	4.95e-06	0.00e+00	2.76e-12	8.30e-12	1.38e-11	1.36e-07	2.76e-07	1.34e-34
 1.95636e+15	3.71e-11	4.82e-07	3.82e-04	1.86e-02	9.81e-01	4.78e-06	0.00e+00	3.25e-12	9.74e-12	1.63e-11	1.59e-07	3.23e-07	2.40e-34
 2.01295e+15	4.43e-11	5.68e-07	4.29e-04	1.98e-02	9.80e-01	4.60e-06	0.00e+00	3.88e-12	1.16e-11	1.94e-11	1.88e-07	3.80e-07	4.37e-34
 2.08584e+15	5.54e-11	6.95e-07	4.95e-04	2.14e-02	9.78e-01	4.38e-06	0.00e+00	4.86e-12	1.46e-11	2.43e-11	2.30e-07	4.65e-07	9.22e-34
 2.16287e+15	6.89e-11	8.54e-07	5.74e-04	2.32e-02	9.76e-01	4.19e-06	0.00e+00	6.05e-12	1.82e-11	3.03e-11	2.82e-07	5.72e-07	1.95e-33
 2.23036e+15	8.29e-11	1.02e-06	6.50e-04	2.49e-02	9.74e-01	4.05e-06	0.00e+00	7.28e-12	2.19e-11	3.65e-11	3.37e-07	6.82e-07	3.65e-33
 2.30252e+15	1.01e-10	1.22e-06	7.40e-04	2.67e-02	9.73e-01	3.90e-06	0.00e+00	8.84e-12	2.65e-11	4.42e-11	4.04e-07	8.18e-07	7.05e-33
 2.39018e+15	1.26e-10	1.51e-06	8.61e-04	2.91e-02	9.70e-01	3.74e-06	0.00e+00	1.11e-11	3.33e-11	5.56e-11	5.00e-07	1.01e-06	1.51e-32
 2.47703e+15	1.57e-10	1.86e-06	9.95e-04	3.15e-02	9.68e-01	3.62e-06	0.00e+00	1.38e-11	4.14e-11	6.90e-11	6.14e-07	1.24e-06	3.10e-32
 2.55316e+15	1.88e-10	2.21e-06	1.13e-03	3.37e-02	9.65e-01	3.53e-06	0.00e+00	1.66e-11	4.97e-11	8.30e-11	7.31e-07	1.48e-06	5.73e-32
 2.63633e+15	2.31e-10	2.66e-06	1.28e-03	3.62e-02	9.62e-01	3.42e-06	0.00e+00	2.04e-11	6.12e-11	1.02e-10	8.81e-07	1.78e-06	1.10e-31
 2.73703e+15	2.93e-10	3.31e-06	1.50e-03	3.95e-02	9.59e-01	3.32e-06	0.00e+00	2.58e-11	7.76e-11	1.29e-10	1.10e-06	2.21e-06	2.35e-31
 2.83372e+15	3.62e-10	4.04e-06	1.72e-03	4.27e-02	9.56e-01	3.22e-06	0.00e+00	3.20e-11	9.60e-11	1.60e-10	1.34e-06	2.70e-06	4.68e-31
 2.91517e+15	4.32e-10	4.76e-06	1.94e-03	4.55e-02	9.53e-01	3.16e-06	0.00e+00	3.83e-11	1.15e-10	1.92e-10	1.58e-06	3.18e-06	8.17e-31
 2.98858e+15	5.04e-10	5.50e-06	2.15e-03	4.82e-02	9.50e-01	3.11e-06	0.00e+00	4.47e-11	1.34e-10	2.23e-10	1.82e-06	3.68e-06	1.33e-30
 3.06903e+15	6.00e-10	6.43e-06	2.40e-03	5.11e-02	9.46e-01	3.04e-06	0.00e+00	5.32e-11	1.60e-10	2.66e-10	2.13e-06	4.30e-06	2.26e-30
 3.15831e+15	7.19e-10	7.59e-06	2.70e-03	5.46e-02	9.43e-01	2.98e-06	0.00e+00	6.38e-11	1.92e-10	3.19e-10	2.52e-06	5.07e-06	3.96e-30
 3.24198e+15	8.50e-10	8.83e-06	3.00e-03	5.80e-02	9.39e-01	2.94e-06	0.00e+00	7.55e-11	2.26e-10	3.78e-10	2.93e-06	5.90e-06	6.56e-30
 3.33366e+15	1.02e-09	1.04e-05	3.37e-03	6.18e-02	9.35e-01	2.87e-06	0.00e+00	9.06e-11	2.72e-10	4.53e-10	3.45e-06	6.96e-06	1.13e-29
 3.43447e+15	1.23e-09	1.24e-05	3.82e-03	6.62e-02	9.30e-01	2.82e-06	0.00e+00	1.10e-10	3.29e-10	5.50e-10	4.11e-06	8.28e-06	2.01e-29
 3.52821e+15	1.47e-09	1.45e-05	4.27e-03	7.04e-02	9.25e-01	2.78e-06	0.00e+00	1.31e-10	3.93e-10	6.56e-10	4.81e-06	9.69e-06	3.34e-29
 3.63109e+15	1.79e-09	1.72e-05	4.82e-03	7.52e-02	9.20e-01	2.75e-06	0.00e+00	1.59e-10	4.78e-10	7.97e-10	5.70e-06	1.15e-05	5.84e-29
 3.74478e+15	2.17e-09	2.06e-05	5.48e-03	8.07e-02	9.14e-01	2.68e-06	0.00e+00	1.94e-10	5.81e-10	9.69e-10	6.83e-06	1.38e-05	1.04e-28
 3.85208e+15	2.63e-09	2.43e-05	6.17e-03	8.62e-02	9.08e-01	2.65e-06	0.00e+00	2.35e-10	7.05e-10	1.18e-09	8.06e-06	1.62e-05	1.76e-28
 3.95541e+15	3.13e-09	2.84e-05	6.89e-03	9.16e-02	9.02e-01	2.61e-06	0.00e+00	2.80e-10	8.39e-10	1.40e-09	9.43e-06	1.90e-05	2.87e-28
 4.07402e+15	3.82e-09	3.39e-05	7.83e-03	9.81e-02	8.94e-01	2.55e-06	0.00e+00	3.42e-10	1.03e-09	1.71e-09	1.13e-05	2.27e-05	5.05e-28
 4.20339e+15	4.72e-09	4.08e-05	8.93e-03	1.06e-01	8.86e-01	2.51e-06	0.00e+00	4.23e-10	1.27e-09	2.12e-09	1.35e-05	2.72e-05	8.91e-28
 4.32156e+15	5.73e-09	4.80e-05	1.00e-02	1.12e-01	8.77e-01	2.47e-06	0.00e+00	5.14e-10	1.54e-09	2.57e-09	1.59e-05	3.21e-05	1.46e-27
 4.45000e+15	7.12e-09	5.74e-05	1.14e-02	1.21e-01	8.68e-01	2.44e-06	0.00e+00	6.40e-10	1.92e-09	3.20e-09	1.91e-05	3.83e-05	2.55e-27
 4.59110e+15	8.77e-09	6.91e-05	1.31e-02	1.30e-01	8.57e-01	2.39e-06	0.00e+00	7.89e-10	2.37e-09	3.95e-09	2.30e-05	4.62e-05	4.43e-27
 4.72141e+15	1.08e-08	8.17e-05	1.48e-02	1.38e-01	8.47e-01	2.37e-06	0.00e+00	9.73e-10	2.92e-09	4.86e-09	2.72e-05	5.45e-05	7.28e-27
 4.86356e+15	1.33e-08	9.82e-05	1.68e-02	1.48e-01	8.35e-01	2.31e-06	0.00e+00	1.20e-09	3.61e-09	6.01e-09	3.27e-05	6.56e-05	1.26e-26
 5.01051e+15	1.66e-08	1.17e-04	1.92e-02	1.59e-01	8.22e-01	2.28e-06	0.00e+00	1.50e-09	4.50e-09	7.50e-09	3.90e-05	7.83e-05	2.12e-26
 5.13244e+15	1.97e-08	1.36e-04	2.13e-02	1.68e-01	8.10e-01	2.25e-06	0.00e+00	1.79e-09	5.36e-09	8.94e-09	4.51e-05	9.05e-05	3.18e-26
 5.24121e+15	2.31e-08	1.54e-04	2.35e-02	1.77e-01	8.00e-01	2.22e-06	0.00e+00	2.09e-09	6.28e-09	1.05e-08	5.13e-05	1.03e-04	4.60e-26
 5.36417e+15	2.75e-08	1.79e-04	2.61e-02	1.86e-01	7.87e-01	2.18e-06	0.00e+00	2.49e-09	7.48e-09	1.25e-08	5.95e-05	1.19e-04	6.85e-26
 5.49885e+15	3.34e-08	2.09e-04	2.93e-02	1.98e-01	7.73e-01	2.14e-06	0.00e+00	3.03e-09	9.10e-09	1.52e-08	6.94e-05	1.39e-04	1.06e-25
 5.62575e+15	3.95e-08	2.41e-04	3.26e-02	2.08e-01	7.59e-01	2.10e-06	0.00e+00	3.59e-09	1.08e-08	1.80e-08	8.01e-05	1.61e-04	1.58e-25
 5.74795e+15	4.69e-08	2.76e-04	3.60e-02	2.19e-01	7.45e-01	2.07e-06	0.00e+00	4.26e-09	1.28e-08	2.13e-08	9.19e-05	1.84e-04	2.31e-25
 5.88706e+15	5.72e-08	3.24e-04	4.05e-02	2.32e-01	7.27e-01	2.03e-06	0.00e+00	5.21e-09	1.56e-08	2.61e-08	1.08e-04	2.16e-04	3.64e-25
 6.03835e+15	7.10e-08	3.82e-04	4.59e-02	2.46e-01	7.08e-01	2.00e-06	0.00e+00	6.48e-09	1.94e-08	3.24e-08	1.27e-04	2.55e-04	5.76e-25
 6.17440e+15	8.54e-08	4.42e-04	5.11e-02	2.59e-01	6.90e-01	1.97e-06	0.00e+00	7.79e-09	2.34e-08	3.90e-08	1.47e-04	2.95e-04	8.50e-25
 6.29862e+15	1.01e-07	5.05e-04	5.65e-02	2.71e-01	6.72e-01	1.93e-06	0.00e+00	9.27e-09	2.78e-08	4.63e-08	1.68e-04	3.37e-04	1.22e-24
 6.43853e+15	1.22e-07	5.90e-04	6.34e-02	2.85e-01	6.51e-01	1.89e-06	0.00e+00	1.12e-08	3.36e-08	5.60e-08	1.96e-04	3.93e-04	1.88e-24
 6.59253e+15	1.52e-07	6.96e-04	7.17e-02	3.01e-01	6.27e-01	1.85e-06	0.00e+00	1.39e-08	4.18e-08	6.96e-08	2.32e-04	4.64e-04	2.96e-24
 6.73204e+15	1.84e-07	8.06e-04	8.01e-02	3.15e-01	6.04e-01	1.82e-06	0.00e+00	1.69e-08	5.07e-08	8.44e-08	2.68e-04	5.37e-04	4.36e-24
 6.86005e+15	2.21e-07	9.24e-04	8.87e-02	3.28e-01	5.82e-01	1.79e-06	0.00e+00	2.03e-08	6.08e-08	1.01e-07	3.08e-04	6.16e-04	6.31e-24
 7.00593e+15	2.70e-07	1.08e-03	9.99e-02	3.43e-01	5.56e-01	1.74e-06	0.00e+00	2.48e-08	7.42e-08	1.24e-07	3.61e-04	7.23e-04	9.80e-24
 7.16191e+15	3.38e-07	1.28e-03	1.13e-01	3.59e-01	5.26e-01	1.70e-06	0.00e+00	3.10e-08	9.31e-08	1.55e-07	4.27e-04	8.55e-04	1.55e-23
 7.29629e+15	4.09e-07	1.48e-03	1.26e-01	3.73e-01	5.00e-01	1.67e-06	0.00e+00	3.77e-08	1.13e-07	1.88e-07	4.92e-04	9.85e-04	2.28e-23
 7.41681e+15	4.87e-07	1.68e-03	1.39e-01	3.85e-01	4.75e-01	1.64e-06	0.00e+00	4.49e-08	1.35e-07	2.24e-07	5.61e-04	1.12e-03	3.27e-23
 7.55405e+15	5.92e-07	1.96e-03	1.55e-01	3.98e-01	4.45e-01	1.59e-06	0.00e+00	5.46e-08	1.64e-07	2.73e-07	6.53e-04	1.31e-03	5.01e-23
 7.69733e+15	7.39e-07	2.30e-03	1.74e-01	4.11e-01	4.13e-01	1.56e-06	0.00e+00	6.82e-08	2.05e-07	3.41e-07	7.66e-04	1.53e-03	7.92e-23
 7.81210e+15	8.72e-07	2.60e-03	1.91e-01	4.20e-01	3.87e-01	1.54e-06	0.00e+00	8.06e-08	2.42e-07	4.03e-07	8.65e-04	1.73e-03	1.11e-22
 7.90949e+15	1.01e-06	2.89e-03	2.06e-01	4.27e-01	3.64e-01	1.51e-06	0.00e+00	9.34e-08	2.80e-07	4.67e-07	9.65e-04	1.93e-03	1.52e-22
 8.02068e+15	1.19e-06	3.23e-03	2.25e-01	4.34e-01	3.38e-01	1.46e-06	0.00e+00	1.11e-07	3.31e-07	5.52e-07	1.08e-03	2.16e-03	2.08e-22
 8.13427e+15	1.42e-06	3.67e-03	2.46e-01	4.40e-01	3.10e-01	1.41e-06	0.00e+00	1.32e-07	3.96e-07	6.59e-07	1.22e-03	2.45e-03	3.00e-22
 8.21930e+15	1.64e-06	4.09e-03	2.64e-01	4.44e-01	2.88e-01	1.40e-06	0.00e+00	1.52e-07	4.57e-07	7.61e-07	1.36e-03	2.73e-03	4.24e-22
 8.27963e+15	1.80e-06	4.39e-03	2.77e-01	4.46e-01	2.73e-01	1.39e-06	0.00e+00	1.67e-07	5.00e-07	8.34e-07	1.46e-03	2.93e-03	5.26e-22
 8.33953e+15	2.00e-06	4.70e-03	2.91e-01	4.47e-01	2.57e-01	1.36e-06	0.00e+00	1.85e-07	5.55e-07	9.25e-07	1.57e-03	3.14e-03	6.53e-22
 8.41740e+15	2.27e-06	5.17e-03	3.10e-01	4.48e-01	2.37e-01	1.32e-06	0.00e+00	2.10e-07	6.31e-07	1.05e-06	1.72e-03	3.44e-03	8.82e-22
 8.49870e+15	2.60e-06	5.67e-03	3.30e-01	4.48e-01	2.16e-01	1.28e-06	0.00e+00	2.41e-07	7.24e-07	1.21e-06	1.89e-03	3.78e-03	1.19e-21
 8.56651e+15	2.90e-06	6.07e-03	3.47e-01	4.47e-01	2.00e-01	1.25e-06	0.00e+00	2.69e-07	8.07e-07	1.34e-06	2.02e-03	4.05e-03	1.47e-21
 8.63673e+15	3.33e-06	6.71e-03	3.68e-01	4.45e-01	1.81e-01	1.22e-06	0.00e+00	3.10e-07	9.29e-07	1.55e-06	2.24e-03	4.47e-03	2.11e-21
 8.70450e+15	3.72e-06	7.22e-03	3.86e-01	4.41e-01	1.65e-01	1.18e-06	0.00e+00	3.46e-07	1.04e-06	1.73e-06	2.41e-03	4.81e-03	2.67e-21
 8.76008e+15	4.08e-06	7.65e-03	4.02e-01	4.38e-01	1.52e-01	1.14e-06	0.00e+00	3.80e-07	1.14e-06	1.90e-06	2.55e-03	5.10e-03	3.23e-21
 8.82331e+15	4.64e-06	8.36e-03	4.22e-01	4.33e-01	1.36e-01	1.09e-06	0.00e+00	4.32e-07	1.30e-06	2.16e-06	2.79e-03	5.57e-03	4.49e-21
 8.88605e+15	5.22e-06	8.99e-03	4.41e-01	4.28e-01	1.22e-01	1.04e-06	0.00e+00	4.86e-07	1.46e-06	2.43e-06	3.00e-03	5.99e-03	5.82e-21
 8.93743e+15	5.77e-06	9.55e-03	4.57e-01	4.22e-01	1.11e-01	1.00e-06	0.00e+00	5.38e-07	1.61e-06	2.69e-06	3.19e-03	6.37e-03	7.28e-21
 8.99352e+15	6.36e-06	1.01e-02	4.75e-01	4.16e-01	9.92e-02	9.47e-07	0.00e+00	5.94e-07	1.78e-06	2.97e-06	3.38e-03	6.75e-03	8.93e-21
 9.06643e+15	7.49e-06	1.12e-02	4.99e-01	4.06e-01	8.38e-02	0.00e+00	0.00e+00	7.00e-07	2.10e-06	3.50e-06	3.74e-03	7.47e-03	1.34e-20
 9.13196e+15	8.48e-06	1.19e-02	5.19e-01	3.97e-01	7.26e-02	0.00e+00	0.00e+00	7.94e-07	2.38e-06	3.96e-06	3.98e-03	7.94e-03	1.67e-20
 9.17866e+15	9.70e-06	1.28e-02	5.36e-01	3.88e-01	6.38e-02	0.00e+00	0.00e+00	9.08e-07	2.72e-06	4.53e-06	4.26e-03	8.51e-03	2.26e-20
 9.22040e+15	1.04e-05	1.33e-02	5.48e-01	3.81e-01	5.76e-02	0.00e+00	0.00e+00	9.73e-07	2.92e-06	4.86e-06	4.43e-03	8.85e-03	2.59e-20
 9.26495e+15	1.15e-05	1.40e-02	5.62e-01	3.73e-01	5.06e-02	0.00e+00	0.00e+00	1.08e-06	3.23e-06	5.38e-06	4.68e-03	9.34e-03	3.23e-20
 9.32287e+15	1.32e-05	1.52e-02	5.82e-01	3.61e-01	4.22e-02	0.00e+00	0.00e+00	1.24e-06	3.72e-06	6.19e-06	5.06e-03	1.01e-02	4.57e-20
 9.37913e+15	1.51e-05	1.61e-02	5.99e-01	3.50e-01	3.54e-02	0.00e+00	0.00e+00	1.42e-06	4.26e-06	7.09e-06	5.39e-03	1.08e-02	5.95e-20
 9.42338e+15	1.69e-05	1.70e-02	6.12e-01	3.41e-01	3.06e-02	0.00e+00	0.00e+00	1.59e-06	4.77e-06	7.95e-06	5.67e-03	1.13e-02	7.38e-20
 9.47103e+15	1.91e-05	1.79e-02	6.26e-01	3.30e-01	2.58e-02	0.00e+00	0.00e+00	1.80e-06	5.40e-06	8.99e-06	5.99e-03	1.20e-02	9.50e-20
