#depth	N	N+	N+2	N+3	N+4	N+5	N+6	N+7
 1.49634e+10	0.00e+00	4.44e-32	2.08e-23	1.73e-15	2.40e-08	9.98e-01	1.63e-03	0.00e+00
 4.54887e+10	1.58e-41	6.26e-32	2.70e-23	2.07e-15	2.63e-08	9.99e-01	1.49e-03	9.86e-10
 7.72350e+10	0.00e+00	8.82e-32	3.52e-23	2.48e-15	2.88e-08	9.99e-01	1.36e-03	0.00e+00
 1.10251e+11	3.69e-41	1.24e-31	4.58e-23	2.97e-15	3.17e-08	9.99e-01	1.24e-03	0.00e+00
 1.43479e+11	0.00e+00	1.73e-31	5.91e-23	3.55e-15	3.47e-08	9.99e-01	1.13e-03	0.00e+00
 1.78035e+11	8.39e-41	2.41e-31	7.63e-23	4.23e-15	3.80e-08	9.99e-01	1.03e-03	0.00e+00
 2.15084e+11	0.00e+00	3.40e-31	9.93e-23	5.09e-15	4.18e-08	9.99e-01	9.41e-04	0.00e+00
 2.53614e+11	1.95e-40	4.79e-31	1.29e-22	6.12e-15	4.60e-08	9.99e-01	8.57e-04	0.00e+00
 2.93685e+11	0.00e+00	6.73e-31	1.68e-22	7.36e-15	5.07e-08	9.99e-01	7.79e-04	0.00e+00
 3.29897e+11	4.29e-40	9.05e-31	2.12e-22	8.64e-15	5.51e-08	9.99e-01	7.17e-04	0.00e+00
 3.60021e+11	0.00e+00	1.15e-30	2.55e-22	9.84e-15	5.90e-08	9.99e-01	6.71e-04	0.00e+00
 3.93004e+11	7.85e-40	1.48e-30	3.10e-22	1.13e-14	6.34e-08	9.99e-01	6.25e-04	0.00e+00
 4.34842e+11	0.00e+00	2.02e-30	3.95e-22	1.34e-14	6.93e-08	9.99e-01	5.72e-04	0.00e+00
 4.78501e+11	1.68e-39	2.75e-30	5.04e-22	1.59e-14	7.59e-08	9.99e-01	5.24e-04	0.00e+00
 5.17109e+11	0.00e+00	3.58e-30	6.19e-22	1.84e-14	8.20e-08	1.00e+00	4.85e-04	0.00e+00
 5.53136e+11	3.10e-39	4.54e-30	7.46e-22	2.10e-14	8.79e-08	1.00e+00	4.53e-04	0.00e+00
 5.94265e+11	0.00e+00	5.90e-30	9.16e-22	2.44e-14	9.50e-08	1.00e+00	4.20e-04	0.00e+00
 6.44825e+11	6.24e-39	8.05e-30	1.17e-21	2.90e-14	1.04e-07	1.00e+00	3.83e-04	0.00e+00
 6.95201e+11	0.00e+00	1.08e-29	1.48e-21	3.43e-14	1.14e-07	1.00e+00	3.51e-04	0.00e+00
 7.38948e+11	1.21e-38	1.39e-29	1.79e-21	3.94e-14	1.23e-07	1.00e+00	3.27e-04	0.00e+00
 7.86521e+11	0.00e+00	1.80e-29	2.20e-21	4.57e-14	1.33e-07	1.00e+00	3.02e-04	0.00e+00
 8.44642e+11	2.40e-38	2.44e-29	2.80e-21	5.43e-14	1.46e-07	1.00e+00	2.76e-04	0.00e+00
 9.04020e+11	0.00e+00	3.28e-29	3.54e-21	6.44e-14	1.59e-07	1.00e+00	2.53e-04	0.00e+00
 9.58513e+11	4.72e-38	4.26e-29	4.36e-21	7.48e-14	1.73e-07	1.00e+00	2.34e-04	0.00e+00
 1.01911e+12	0.00e+00	5.64e-29	5.44e-21	8.78e-14	1.88e-07	1.00e+00	2.15e-04	0.00e+00
 1.08939e+12	9.65e-38	7.70e-29	6.96e-21	1.05e-13	2.07e-07	1.00e+00	1.95e-04	0.00e+00
 1.15872e+12	0.00e+00	1.03e-28	8.79e-21	1.24e-13	2.27e-07	1.00e+00	1.79e-04	0.00e+00
 1.22507e+12	1.91e-37	1.35e-28	1.09e-20	1.45e-13	2.46e-07	1.00e+00	1.65e-04	0.00e+00
 1.29825e+12	0.00e+00	1.80e-28	1.36e-20	1.71e-13	2.69e-07	1.00e+00	1.51e-04	0.00e+00
 1.38011e+12	3.90e-37	2.44e-28	1.74e-20	2.03e-13	2.96e-07	1.00e+00	1.38e-04	0.00e+00
 1.45450e+12	0.00e+00	3.19e-28	2.15e-20	2.37e-13	3.21e-07	1.00e+00	1.27e-04	0.00e+00
 1.51705e+12	7.01e-37	3.96e-28	2.55e-20	2.68e-13	3.43e-07	1.00e+00	1.19e-04	0.00e+00
 1.58582e+12	0.00e+00	4.99e-28	3.06e-20	3.06e-13	3.68e-07	1.00e+00	1.11e-04	0.00e+00
 1.66345e+12	1.26e-36	6.43e-28	3.74e-20	3.54e-13	3.98e-07	1.00e+00	1.03e-04	0.00e+00
 1.73778e+12	0.00e+00	8.11e-28	4.50e-20	4.04e-13	4.27e-07	1.00e+00	9.58e-05	0.00e+00
 1.81959e+12	2.26e-36	1.04e-27	5.47e-20	4.65e-13	4.61e-07	1.00e+00	8.89e-05	0.00e+00
 1.91046e+12	0.00e+00	1.36e-27	6.75e-20	5.41e-13	5.00e-07	1.00e+00	8.21e-05	0.00e+00
 1.99560e+12	4.19e-36	1.73e-27	8.17e-20	6.20e-13	5.37e-07	1.00e+00	7.64e-05	0.00e+00
 2.08879e+12	0.00e+00	2.23e-27	9.98e-20	7.17e-13	5.81e-07	1.00e+00	7.08e-05	0.00e+00
 2.19309e+12	7.95e-36	2.93e-27	1.24e-19	8.37e-13	6.32e-07	1.00e+00	6.52e-05	0.00e+00
 2.29250e+12	0.00e+00	3.78e-27	1.51e-19	9.64e-13	6.81e-07	1.00e+00	6.05e-05	0.00e+00
 2.40203e+12	1.50e-35	4.94e-27	1.87e-19	1.12e-12	7.39e-07	1.00e+00	5.58e-05	0.00e+00
 2.51822e+12	0.00e+00	6.51e-27	2.32e-19	1.31e-12	8.03e-07	1.00e+00	5.14e-05	0.00e+00
 2.61980e+12	2.78e-35	8.21e-27	2.79e-19	1.49e-12	8.61e-07	1.00e+00	4.80e-05	0.00e+00
 2.72828e+12	0.00e+00	1.04e-26	3.36e-19	1.71e-12	9.24e-07	1.00e+00	4.47e-05	0.00e+00
 2.86036e+12	5.26e-35	1.39e-26	4.20e-19	2.00e-12	1.01e-06	1.00e+00	4.12e-05	0.00e+00
 2.99199e+12	0.00e+00	1.82e-26	5.20e-19	2.32e-12	1.09e-06	1.00e+00	3.81e-05	0.00e+00
 3.10827e+12	9.72e-35	2.29e-26	6.23e-19	2.64e-12	1.17e-06	1.00e+00	3.55e-05	0.00e+00
 3.23570e+12	0.00e+00	2.93e-26	7.56e-19	3.03e-12	1.25e-06	1.00e+00	3.31e-05	0.00e+00
 3.38884e+12	1.86e-34	3.90e-26	9.45e-19	3.55e-12	1.36e-06	1.00e+00	3.04e-05	0.00e+00
 3.54176e+12	2.60e-34	5.14e-26	1.17e-18	4.13e-12	1.48e-06	1.00e+00	2.81e-05	0.00e+00
 3.68073e+12	3.50e-34	6.55e-26	1.41e-18	4.72e-12	1.59e-06	1.00e+00	2.62e-05	0.00e+00
 3.83525e+12	4.83e-34	8.50e-26	1.73e-18	5.44e-12	1.71e-06	1.00e+00	2.43e-05	0.00e+00
 4.01600e+12	6.90e-34	1.14e-25	2.18e-18	6.39e-12	1.86e-06	1.00e+00	2.24e-05	0.00e+00
 4.19451e+12	9.72e-34	1.51e-25	2.71e-18	7.44e-12	2.02e-06	1.00e+00	2.06e-05	0.00e+00
 4.36315e+12	1.33e-33	1.94e-25	3.30e-18	8.55e-12	2.17e-06	1.00e+00	1.92e-05	0.00e+00
 4.55060e+12	1.86e-33	2.56e-25	4.08e-18	9.91e-12	2.35e-06	1.00e+00	1.78e-05	0.00e+00
 4.76255e+12	2.68e-33	3.45e-25	5.15e-18	1.17e-11	2.56e-06	1.00e+00	1.63e-05	0.00e+00
 4.97545e+12	3.83e-33	4.61e-25	6.44e-18	1.36e-11	2.77e-06	1.00e+00	1.51e-05	0.00e+00
 5.19687e+12	5.47e-33	6.16e-25	8.07e-18	1.59e-11	3.01e-06	1.00e+00	1.39e-05	0.00e+00
 5.43467e+12	7.91e-33	8.32e-25	1.02e-17	1.87e-11	3.28e-06	1.00e+00	1.28e-05	0.00e+00
 5.68199e+12	1.15e-32	1.12e-24	1.28e-17	2.20e-11	3.56e-06	1.00e+00	1.18e-05	0.00e+00
 5.92537e+12	1.63e-32	1.50e-24	1.60e-17	2.56e-11	3.86e-06	1.00e+00	1.09e-05	0.00e+00
 6.15174e+12	2.23e-32	1.93e-24	1.95e-17	2.93e-11	4.14e-06	1.00e+00	1.01e-05	0.00e+00
 6.35604e+12	2.94e-32	2.42e-24	2.31e-17	3.30e-11	4.40e-06	1.00e+00	9.52e-06	0.00e+00
 6.57509e+12	3.94e-32	3.06e-24	2.77e-17	3.73e-11	4.69e-06	1.00e+00	8.93e-06	0.00e+00
 6.84783e+12	5.58e-32	4.06e-24	3.44e-17	4.33e-11	5.07e-06	1.00e+00	8.27e-06	0.00e+00
 7.12133e+12	7.81e-32	5.33e-24	4.24e-17	5.00e-11	5.46e-06	1.00e+00	7.68e-06	0.00e+00
 7.35644e+12	1.04e-31	6.71e-24	5.06e-17	5.64e-11	5.81e-06	1.00e+00	7.22e-06	0.00e+00
 7.61070e+12	1.40e-31	8.53e-24	6.07e-17	6.39e-11	6.20e-06	1.00e+00	6.78e-06	0.00e+00
 7.92447e+12	1.99e-31	1.14e-23	7.56e-17	7.42e-11	6.69e-06	1.00e+00	6.28e-06	0.00e+00
 8.23819e+12	2.80e-31	1.50e-23	9.34e-17	8.57e-11	7.20e-06	1.00e+00	5.83e-06	0.00e+00
 8.50907e+12	3.75e-31	1.89e-23	1.11e-16	9.66e-11	7.66e-06	1.00e+00	5.49e-06	0.00e+00
 8.80165e+12	5.07e-31	2.41e-23	1.34e-16	1.09e-10	8.17e-06	1.00e+00	5.15e-06	0.00e+00
 9.16132e+12	7.25e-31	3.22e-23	1.67e-16	1.27e-10	8.81e-06	1.00e+00	4.77e-06	0.00e+00
 9.52438e+12	1.03e-30	4.27e-23	2.07e-16	1.47e-10	9.49e-06	1.00e+00	4.43e-06	0.00e+00
 9.84603e+12	1.39e-30	5.45e-23	2.49e-16	1.66e-10	1.01e-05	1.00e+00	4.16e-06	0.00e+00
 1.01977e+13	1.92e-30	7.05e-23	3.02e-16	1.90e-10	1.08e-05	1.00e+00	3.89e-06	0.00e+00
 1.06194e+13	2.78e-30	9.49e-23	3.79e-16	2.21e-10	1.17e-05	1.00e+00	3.60e-06	0.00e+00
 1.10396e+13	3.97e-30	1.26e-22	4.71e-16	2.56e-10	1.26e-05	1.00e+00	3.35e-06	0.00e+00
 1.14225e+13	5.44e-30	1.63e-22	5.70e-16	2.91e-10	1.34e-05	1.00e+00	3.14e-06	0.00e+00
 1.18492e+13	7.64e-30	2.14e-22	7.00e-16	3.34e-10	1.44e-05	1.00e+00	2.92e-06	0.00e+00
 1.23472e+13	1.12e-29	2.91e-22	8.82e-16	3.90e-10	1.56e-05	1.00e+00	2.70e-06	0.00e+00
 1.28380e+13	1.61e-29	3.89e-22	1.10e-15	4.52e-10	1.68e-05	1.00e+00	2.51e-06	0.00e+00
 1.33026e+13	2.24e-29	5.08e-22	1.34e-15	5.18e-10	1.79e-05	1.00e+00	2.34e-06	0.00e+00
 1.38188e+13	3.21e-29	6.77e-22	1.67e-15	5.98e-10	1.93e-05	1.00e+00	2.18e-06	0.00e+00
 1.44015e+13	4.73e-29	9.23e-22	2.11e-15	7.00e-10	2.09e-05	1.00e+00	2.01e-06	0.00e+00
 1.49871e+13	6.88e-29	1.25e-21	2.65e-15	8.15e-10	2.26e-05	1.00e+00	1.87e-06	0.00e+00
 1.55960e+13	1.00e-28	1.69e-21	3.32e-15	9.50e-10	2.44e-05	1.00e+00	1.73e-06	0.00e+00
 1.62498e+13	1.48e-28	2.30e-21	4.20e-15	1.11e-09	2.64e-05	1.00e+00	1.60e-06	0.00e+00
 1.68830e+13	2.12e-28	3.08e-21	5.23e-15	1.29e-09	2.84e-05	1.00e+00	1.48e-06	0.00e+00
 1.74787e+13	2.95e-28	4.01e-21	6.38e-15	1.47e-09	3.04e-05	1.00e+00	1.39e-06	0.00e+00
 1.81449e+13	4.20e-28	5.33e-21	7.90e-15	1.70e-09	3.27e-05	1.00e+00	1.29e-06	0.00e+00
 1.88164e+13	5.92e-28	7.02e-21	9.73e-15	1.95e-09	3.51e-05	1.00e+00	1.20e-06	0.00e+00
 1.93742e+13	7.82e-28	8.77e-21	1.15e-14	2.19e-09	3.71e-05	1.00e+00	1.13e-06	0.00e+00
 1.99650e+13	1.04e-27	1.10e-20	1.37e-14	2.46e-09	3.94e-05	1.00e+00	1.07e-06	0.00e+00
 2.07198e+13	1.48e-27	1.46e-20	1.69e-14	2.84e-09	4.24e-05	1.00e+00	9.95e-07	0.00e+00
 2.15114e+13	2.11e-27	1.95e-20	2.10e-14	3.28e-09	4.56e-05	1.00e+00	0.00e+00	0.00e+00
 2.22123e+13	2.86e-27	2.49e-20	2.53e-14	3.72e-09	4.86e-05	1.00e+00	0.00e+00	0.00e+00
 2.29717e+13	3.93e-27	3.21e-20	3.07e-14	4.24e-09	5.19e-05	1.00e+00	0.00e+00	0.00e+00
 2.38839e+13	5.67e-27	4.32e-20	3.85e-14	4.93e-09	5.61e-05	1.00e+00	0.00e+00	0.00e+00
 2.48074e+13	8.12e-27	5.77e-20	4.79e-14	5.72e-09	6.05e-05	1.00e+00	0.00e+00	0.00e+00
 2.56732e+13	1.12e-26	7.49e-20	5.84e-14	6.55e-09	6.48e-05	1.00e+00	0.00e+00	0.00e+00
 2.65086e+13	1.52e-26	9.56e-20	7.03e-14	7.42e-09	6.91e-05	1.00e+00	0.00e+00	0.00e+00
 2.74520e+13	2.12e-26	1.25e-19	8.61e-14	8.51e-09	7.41e-05	1.00e+00	0.00e+00	0.00e+00
 2.84929e+13	3.00e-26	1.66e-19	1.07e-13	9.85e-09	7.98e-05	1.00e+00	0.00e+00	0.00e+00
 2.94534e+13	4.11e-26	2.13e-19	1.29e-13	1.12e-08	8.53e-05	1.00e+00	0.00e+00	0.00e+00
 3.04950e+13	5.70e-26	2.78e-19	1.58e-13	1.29e-08	9.15e-05	1.00e+00	0.00e+00	0.00e+00
 3.16578e+13	8.11e-26	3.69e-19	1.97e-13	1.49e-08	9.88e-05	1.00e+00	0.00e+00	0.00e+00
 3.27504e+13	1.12e-25	4.78e-19	2.40e-13	1.70e-08	1.06e-04	1.00e+00	0.00e+00	0.00e+00
 3.39430e+13	1.57e-25	6.28e-19	2.95e-13	1.96e-08	1.14e-04	1.00e+00	0.00e+00	0.00e+00
 3.52680e+13	2.24e-25	8.40e-19	3.68e-13	2.28e-08	1.23e-04	1.00e+00	0.00e+00	0.00e+00
 3.65066e+13	3.11e-25	1.09e-18	4.50e-13	2.62e-08	1.32e-04	1.00e+00	0.00e+00	0.00e+00
 3.78510e+13	4.37e-25	1.44e-18	5.56e-13	3.02e-08	1.42e-04	1.00e+00	0.00e+00	0.00e+00
 3.93526e+13	6.31e-25	1.94e-18	6.97e-13	3.52e-08	1.54e-04	1.00e+00	0.00e+00	0.00e+00
 4.07812e+13	8.85e-25	2.54e-18	8.58e-13	4.06e-08	1.65e-04	1.00e+00	0.00e+00	0.00e+00
 4.23092e+13	1.25e-24	3.37e-18	1.06e-12	4.69e-08	1.78e-04	1.00e+00	0.00e+00	0.00e+00
 4.40315e+13	1.83e-24	4.57e-18	1.34e-12	5.50e-08	1.93e-04	1.00e+00	0.00e+00	0.00e+00
 4.57300e+13	2.61e-24	6.11e-18	1.67e-12	6.39e-08	2.09e-04	1.00e+00	0.00e+00	0.00e+00
 4.74965e+13	3.75e-24	8.17e-18	2.09e-12	7.43e-08	2.25e-04	1.00e+00	0.00e+00	0.00e+00
 4.93076e+13	5.35e-24	1.09e-17	2.60e-12	8.61e-08	2.43e-04	1.00e+00	0.00e+00	0.00e+00
 5.09862e+13	7.36e-24	1.41e-17	3.16e-12	9.84e-08	2.60e-04	1.00e+00	0.00e+00	0.00e+00
 5.28508e+13	1.04e-23	1.86e-17	3.90e-12	1.13e-07	2.80e-04	1.00e+00	0.00e+00	0.00e+00
 5.48984e+13	1.49e-23	2.49e-17	4.88e-12	1.32e-07	3.02e-04	1.00e+00	0.00e+00	0.00e+00
 5.67930e+13	2.06e-23	3.23e-17	5.95e-12	1.51e-07	3.24e-04	1.00e+00	0.00e+00	0.00e+00
 5.84566e+13	2.72e-23	4.04e-17	7.05e-12	1.69e-07	3.43e-04	1.00e+00	0.00e+00	0.00e+00
 6.02173e+13	3.61e-23	5.08e-17	8.40e-12	1.90e-07	3.65e-04	1.00e+00	0.00e+00	0.00e+00
 6.24517e+13	5.12e-23	6.73e-17	1.04e-11	2.20e-07	3.93e-04	1.00e+00	0.00e+00	0.00e+00
 6.47162e+13	7.21e-23	8.87e-17	1.28e-11	2.53e-07	4.22e-04	1.00e+00	0.00e+00	0.00e+00
 6.66303e+13	9.56e-23	1.11e-16	1.52e-11	2.85e-07	4.48e-04	1.00e+00	0.00e+00	0.00e+00
 6.86745e+13	1.28e-22	1.41e-16	1.82e-11	3.21e-07	4.76e-04	1.00e+00	0.00e+00	0.00e+00
 7.12415e+13	1.82e-22	1.87e-16	2.26e-11	3.71e-07	5.13e-04	9.99e-01	0.00e+00	0.00e+00
 7.38926e+13	2.59e-22	2.48e-16	2.80e-11	4.29e-07	5.52e-04	9.99e-01	0.00e+00	0.00e+00
 7.62294e+13	3.50e-22	3.17e-16	3.37e-11	4.86e-07	5.88e-04	9.99e-01	0.00e+00	0.00e+00
 7.87533e+13	4.80e-22	4.08e-16	4.08e-11	5.53e-07	6.28e-04	9.99e-01	0.00e+00	0.00e+00
 8.17984e+13	6.92e-22	5.48e-16	5.10e-11	6.43e-07	6.78e-04	9.99e-01	0.00e+00	0.00e+00
 8.48173e+13	9.82e-22	7.26e-16	6.32e-11	7.43e-07	7.29e-04	9.99e-01	0.00e+00	0.00e+00
 8.75006e+13	1.33e-21	9.26e-16	7.60e-11	8.41e-07	7.77e-04	9.99e-01	0.00e+00	0.00e+00
 9.04515e+13	1.83e-21	1.20e-15	9.24e-11	9.59e-07	8.31e-04	9.99e-01	0.00e+00	0.00e+00
 9.39768e+13	2.64e-21	1.61e-15	1.16e-10	1.12e-06	8.98e-04	9.99e-01	0.00e+00	0.00e+00
 9.74782e+13	3.75e-21	2.14e-15	1.44e-10	1.29e-06	9.67e-04	9.99e-01	0.00e+00	0.00e+00
 1.00666e+14	5.12e-21	2.75e-15	1.74e-10	1.47e-06	1.03e-03	9.99e-01	0.00e+00	0.00e+00
 1.04217e+14	7.13e-21	3.59e-15	2.13e-10	1.69e-06	1.11e-03	9.99e-01	0.00e+00	0.00e+00
 1.08364e+14	1.03e-20	4.85e-15	2.68e-10	1.97e-06	1.20e-03	9.99e-01	0.00e+00	0.00e+00
 1.12443e+14	1.47e-20	6.45e-15	3.33e-10	2.29e-06	1.30e-03	9.99e-01	0.00e+00	0.00e+00
 1.16278e+14	2.02e-20	8.34e-15	4.06e-10	2.61e-06	1.39e-03	9.99e-01	0.00e+00	0.00e+00
 1.20552e+14	2.84e-20	1.10e-14	5.01e-10	3.02e-06	1.50e-03	9.98e-01	0.00e+00	0.00e+00
 1.25404e+14	4.12e-20	1.49e-14	6.32e-10	3.54e-06	1.62e-03	9.98e-01	0.00e+00	0.00e+00
 1.30249e+14	5.86e-20	1.98e-14	7.89e-10	4.12e-06	1.76e-03	9.98e-01	0.00e+00	0.00e+00
 1.34925e+14	8.16e-20	2.59e-14	9.70e-10	4.74e-06	1.89e-03	9.98e-01	0.00e+00	0.00e+00
 1.38983e+14	1.07e-19	3.24e-14	1.15e-09	5.34e-06	2.02e-03	9.98e-01	0.00e+00	0.00e+00
 1.42374e+14	1.34e-19	3.89e-14	1.33e-09	5.88e-06	2.12e-03	9.98e-01	0.00e+00	0.00e+00
 1.46140e+14	1.70e-19	4.72e-14	1.55e-09	6.53e-06	2.24e-03	9.98e-01	0.00e+00	0.00e+00
 1.51037e+14	2.30e-19	6.05e-14	1.87e-09	7.46e-06	2.41e-03	9.98e-01	0.00e+00	0.00e+00
 1.56201e+14	3.12e-19	7.76e-14	2.28e-09	8.54e-06	2.59e-03	9.97e-01	0.00e+00	0.00e+00
 1.60660e+14	4.02e-19	9.57e-14	2.68e-09	9.56e-06	2.75e-03	9.97e-01	0.00e+00	0.00e+00
 1.65402e+14	5.20e-19	1.18e-13	3.18e-09	1.07e-05	2.93e-03	9.97e-01	0.00e+00	0.00e+00
 1.71459e+14	7.17e-19	1.54e-13	3.91e-09	1.24e-05	3.16e-03	9.97e-01	0.00e+00	0.00e+00
 1.77690e+14	9.83e-19	2.00e-13	4.81e-09	1.43e-05	3.42e-03	9.97e-01	0.00e+00	0.00e+00
 1.83028e+14	1.28e-18	2.49e-13	5.71e-09	1.62e-05	3.65e-03	9.96e-01	0.00e+00	0.00e+00
 1.88739e+14	1.66e-18	3.10e-13	6.82e-09	1.83e-05	3.90e-03	9.96e-01	0.00e+00	0.00e+00
 1.95821e+14	2.29e-18	4.05e-13	8.44e-09	2.12e-05	4.23e-03	9.96e-01	0.00e+00	0.00e+00
 2.03082e+14	3.14e-18	5.26e-13	1.04e-08	2.46e-05	4.59e-03	9.95e-01	0.00e+00	0.00e+00
 2.09550e+14	4.10e-18	6.59e-13	1.25e-08	2.79e-05	4.92e-03	9.95e-01	0.00e+00	0.00e+00
 2.16590e+14	5.41e-18	8.33e-13	1.51e-08	3.18e-05	5.30e-03	9.95e-01	0.00e+00	0.00e+00
 2.24995e+14	7.50e-18	1.09e-12	1.88e-08	3.71e-05	5.77e-03	9.94e-01	0.00e+00	0.00e+00
 2.33286e+14	1.02e-17	1.41e-12	2.32e-08	4.29e-05	6.26e-03	9.94e-01	0.00e+00	0.00e+00
 2.40747e+14	1.32e-17	1.76e-12	2.78e-08	4.87e-05	6.73e-03	9.93e-01	0.00e+00	0.00e+00
 2.49019e+14	1.76e-17	2.24e-12	3.37e-08	5.58e-05	7.26e-03	9.93e-01	0.00e+00	0.00e+00
 2.58784e+14	2.42e-17	2.94e-12	4.21e-08	6.52e-05	7.92e-03	9.92e-01	0.00e+00	0.00e+00
 2.68431e+14	3.28e-17	3.81e-12	5.21e-08	7.55e-05	8.60e-03	9.91e-01	0.00e+00	0.00e+00
 2.77351e+14	4.31e-17	4.80e-12	6.29e-08	8.61e-05	9.26e-03	9.91e-01	0.00e+00	0.00e+00
 2.87363e+14	5.79e-17	6.17e-12	7.73e-08	9.92e-05	1.00e-02	9.90e-01	0.00e+00	0.00e+00
 2.98887e+14	8.03e-17	8.15e-12	9.72e-08	1.16e-04	1.10e-02	9.89e-01	0.00e+00	0.00e+00
 3.10173e+14	1.09e-16	1.06e-11	1.21e-07	1.35e-04	1.19e-02	9.88e-01	0.00e+00	0.00e+00
 3.21911e+14	1.77e-16	1.38e-11	1.50e-07	1.56e-04	1.30e-02	9.87e-01	0.00e+00	0.00e+00
 3.34817e+14	2.49e-16	1.82e-11	1.89e-07	1.83e-04	1.42e-02	9.86e-01	0.00e+00	0.00e+00
 3.45739e+14	3.28e-16	2.29e-11	2.28e-07	2.08e-04	1.53e-02	9.85e-01	0.00e+00	0.00e+00
 3.53727e+14	3.98e-16	2.70e-11	2.60e-07	2.28e-04	1.61e-02	9.84e-01	0.00e+00	0.00e+00
 3.62114e+14	4.87e-16	3.19e-11	2.99e-07	2.50e-04	1.69e-02	9.83e-01	0.00e+00	0.00e+00
 3.73017e+14	6.29e-16	3.95e-11	3.56e-07	2.82e-04	1.81e-02	9.82e-01	0.00e+00	0.00e+00
 3.85042e+14	8.27e-16	4.96e-11	4.29e-07	3.20e-04	1.95e-02	9.80e-01	0.00e+00	0.00e+00
 3.96167e+14	1.06e-15	6.10e-11	5.08e-07	3.59e-04	2.07e-02	9.79e-01	0.00e+00	0.00e+00
 4.08271e+14	1.38e-15	7.58e-11	6.07e-07	4.05e-04	2.22e-02	9.77e-01	0.00e+00	0.00e+00
 4.21876e+14	1.83e-15	9.62e-11	7.38e-07	4.62e-04	2.39e-02	9.76e-01	0.00e+00	0.00e+00
 4.34830e+14	2.39e-15	1.20e-10	8.84e-07	5.21e-04	2.56e-02	9.74e-01	0.00e+00	0.00e+00
 4.49070e+14	3.16e-15	1.52e-10	1.07e-06	5.93e-04	2.75e-02	9.72e-01	0.00e+00	0.00e+00
 4.64996e+14	4.31e-15	1.96e-10	1.32e-06	6.82e-04	2.97e-02	9.70e-01	0.00e+00	0.00e+00
 4.80127e+14	5.72e-15	2.48e-10	1.60e-06	7.75e-04	3.19e-02	9.67e-01	0.00e+00	0.00e+00
 4.96811e+14	7.61e-15	3.19e-10	1.97e-06	8.89e-04	3.44e-02	9.65e-01	0.00e+00	0.00e+00
 5.15508e+14	1.06e-14	4.21e-10	2.46e-06	1.03e-03	3.73e-02	9.62e-01	0.00e+00	0.00e+00
 5.33155e+14	1.43e-14	5.41e-10	3.01e-06	1.18e-03	4.02e-02	9.59e-01	0.00e+00	0.00e+00
 5.52380e+14	1.96e-14	7.05e-10	3.73e-06	1.36e-03	4.35e-02	9.55e-01	0.00e+00	0.00e+00
 5.73751e+14	2.76e-14	9.37e-10	4.69e-06	1.58e-03	4.72e-02	9.51e-01	0.00e+00	0.00e+00
 5.93789e+14	3.77e-14	1.21e-09	5.77e-06	1.81e-03	5.09e-02	9.47e-01	0.00e+00	0.00e+00
 6.15383e+14	5.21e-14	1.59e-09	7.17e-06	2.09e-03	5.50e-02	9.43e-01	0.00e+00	0.00e+00
 6.39469e+14	7.41e-14	2.13e-09	9.06e-06	2.44e-03	5.98e-02	9.38e-01	0.00e+00	0.00e+00
 6.62592e+14	1.03e-13	2.80e-09	1.12e-05	2.82e-03	6.45e-02	9.33e-01	0.00e+00	0.00e+00
 6.87198e+14	1.44e-13	3.70e-09	1.40e-05	3.26e-03	6.98e-02	9.27e-01	0.00e+00	0.00e+00
 7.14716e+14	2.06e-13	4.99e-09	1.78e-05	3.81e-03	7.58e-02	9.20e-01	0.00e+00	0.00e+00
 7.37891e+14	2.76e-13	6.39e-09	2.17e-05	4.33e-03	8.12e-02	9.14e-01	0.00e+00	0.00e+00
 7.54575e+14	3.39e-13	7.59e-09	2.48e-05	4.73e-03	8.51e-02	9.10e-01	0.00e+00	0.00e+00
 7.71911e+14	4.19e-13	9.04e-09	2.85e-05	5.18e-03	8.93e-02	9.06e-01	0.00e+00	0.00e+00
 7.94448e+14	5.47e-13	1.13e-08	3.40e-05	5.81e-03	9.48e-02	8.99e-01	0.00e+00	0.00e+00
 8.19583e+14	7.31e-13	1.44e-08	4.11e-05	6.58e-03	1.01e-01	8.92e-01	0.00e+00	0.00e+00
 8.43116e+14	9.53e-13	1.79e-08	4.88e-05	7.36e-03	1.07e-01	8.85e-01	0.00e+00	0.00e+00
 8.68732e+14	1.26e-12	2.26e-08	5.86e-05	8.28e-03	1.14e-01	8.78e-01	0.00e+00	0.00e+00
 8.97395e+14	1.71e-12	2.91e-08	7.13e-05	9.42e-03	1.22e-01	8.69e-01	0.00e+00	0.00e+00
 9.24444e+14	2.25e-12	3.67e-08	8.55e-05	1.06e-02	1.29e-01	8.60e-01	0.00e+00	0.00e+00
 9.54036e+14	3.03e-12	4.69e-08	1.04e-04	1.20e-02	1.38e-01	8.50e-01	0.00e+00	0.00e+00
 9.87203e+14	4.16e-12	6.11e-08	1.27e-04	1.37e-02	1.47e-01	8.39e-01	0.00e+00	0.00e+00
 1.01867e+15	5.58e-12	7.81e-08	1.54e-04	1.55e-02	1.57e-01	8.28e-01	0.00e+00	0.00e+00
 1.05323e+15	7.63e-12	1.01e-07	1.88e-04	1.76e-02	1.67e-01	8.15e-01	0.00e+00	0.00e+00
 1.09175e+15	1.07e-11	1.34e-07	2.34e-04	2.02e-02	1.79e-01	8.00e-01	0.00e+00	0.00e+00
 1.12757e+15	1.44e-11	1.72e-07	2.84e-04	2.29e-02	1.90e-01	7.87e-01	0.00e+00	0.00e+00
 1.16627e+15	1.97e-11	2.24e-07	3.48e-04	2.61e-02	2.02e-01	7.71e-01	0.00e+00	0.00e+00
 1.20960e+15	2.76e-11	2.96e-07	4.32e-04	2.99e-02	2.16e-01	7.53e-01	0.00e+00	0.00e+00
 1.25021e+15	3.75e-11	3.82e-07	5.25e-04	3.39e-02	2.29e-01	7.36e-01	0.00e+00	0.00e+00
 1.29427e+15	5.16e-11	4.99e-07	6.45e-04	3.85e-02	2.43e-01	7.18e-01	0.00e+00	0.00e+00
 1.34106e+15	7.13e-11	6.54e-07	7.94e-04	4.39e-02	2.58e-01	6.97e-01	0.00e+00	0.00e+00
 1.38188e+15	9.36e-11	8.20e-07	9.45e-04	4.89e-02	2.71e-01	6.79e-01	0.00e+00	0.00e+00
 1.41694e+15	1.17e-10	9.91e-07	1.09e-03	5.35e-02	2.82e-01	6.63e-01	0.00e+00	0.00e+00
 1.45402e+15	1.48e-10	1.21e-06	1.27e-03	5.87e-02	2.93e-01	6.47e-01	0.00e+00	0.00e+00
 1.50223e+15	2.00e-10	1.55e-06	1.53e-03	6.59e-02	3.08e-01	6.25e-01	0.00e+00	0.00e+00
 1.55054e+15	2.66e-10	1.96e-06	1.83e-03	7.35e-02	3.22e-01	6.03e-01	0.00e+00	0.00e+00
 1.58921e+15	3.32e-10	2.35e-06	2.11e-03	7.99e-02	3.33e-01	5.85e-01	0.00e+00	0.00e+00
 1.62968e+15	4.17e-10	2.84e-06	2.43e-03	8.70e-02	3.44e-01	5.67e-01	0.00e+00	0.00e+00
 1.68231e+15	5.56e-10	3.60e-06	2.90e-03	9.66e-02	3.58e-01	5.42e-01	0.00e+00	0.00e+00
 1.73718e+15	7.37e-10	4.56e-06	3.45e-03	1.07e-01	3.72e-01	5.18e-01	0.00e+00	0.00e+00
 1.78426e+15	9.33e-10	5.54e-06	3.99e-03	1.17e-01	3.82e-01	4.97e-01	0.00e+00	0.00e+00
 1.83475e+15	1.20e-09	6.80e-06	4.64e-03	1.27e-01	3.93e-01	4.75e-01	0.00e+00	0.00e+00
 1.90038e+15	1.64e-09	8.79e-06	5.61e-03	1.42e-01	4.06e-01	4.46e-01	0.00e+00	0.00e+00
 1.96716e+15	2.20e-09	1.12e-05	6.71e-03	1.57e-01	4.18e-01	4.18e-01	0.00e+00	0.00e+00
 2.02110e+15	2.77e-09	1.35e-05	7.71e-03	1.70e-01	4.26e-01	3.97e-01	0.00e+00	0.00e+00
 2.07689e+15	3.51e-09	1.64e-05	8.87e-03	1.83e-01	4.34e-01	3.74e-01	0.00e+00	0.00e+00
 2.14940e+15	4.72e-09	2.09e-05	1.06e-02	2.01e-01	4.42e-01	3.47e-01	0.00e+00	0.00e+00
 2.22458e+15	6.29e-09	2.64e-05	1.25e-02	2.20e-01	4.48e-01	3.20e-01	0.00e+00	0.00e+00
 2.28786e+15	7.92e-09	3.19e-05	1.43e-02	2.36e-01	4.51e-01	2.98e-01	0.00e+00	0.00e+00
 2.35474e+15	1.01e-08	3.89e-05	1.64e-02	2.53e-01	4.54e-01	2.76e-01	0.00e+00	0.00e+00
 2.42688e+15	1.30e-08	4.74e-05	1.90e-02	2.71e-01	4.55e-01	2.54e-01	0.00e+00	0.00e+00
 2.49140e+15	1.60e-08	5.62e-05	2.14e-02	2.88e-01	4.55e-01	2.36e-01	0.00e+00	0.00e+00
 2.54880e+15	1.92e-08	6.51e-05	2.37e-02	3.03e-01	4.53e-01	2.20e-01	0.00e+00	0.00e+00
 2.61141e+15	2.36e-08	7.65e-05	2.65e-02	3.19e-01	4.51e-01	2.04e-01	0.00e+00	0.00e+00
 2.68033e+15	2.90e-08	9.03e-05	2.98e-02	3.36e-01	4.47e-01	1.88e-01	0.00e+00	0.00e+00
 2.74677e+15	3.53e-08	1.06e-04	3.32e-02	3.52e-01	4.42e-01	1.73e-01	0.00e+00	0.00e+00
 2.81130e+15	4.25e-08	1.22e-04	3.67e-02	3.68e-01	4.36e-01	1.59e-01	0.00e+00	0.00e+00
 2.88401e+15	5.25e-08	1.44e-04	4.11e-02	3.85e-01	4.29e-01	1.45e-01	0.00e+00	0.00e+00
 2.96488e+15	6.52e-08	1.71e-04	4.62e-02	4.04e-01	4.20e-01	1.30e-01	0.00e+00	0.00e+00
 3.04099e+15	7.95e-08	1.99e-04	5.13e-02	4.20e-01	4.10e-01	1.18e-01	0.00e+00	0.00e+00
 3.11107e+15	9.49e-08	2.29e-04	5.64e-02	4.35e-01	4.01e-01	1.07e-01	0.00e+00	0.00e+00
 3.18866e+15	1.16e-07	2.68e-04	6.26e-02	4.52e-01	3.89e-01	9.62e-02	0.00e+00	0.00e+00
 3.27584e+15	1.44e-07	3.16e-04	7.00e-02	4.69e-01	3.76e-01	8.52e-02	0.00e+00	0.00e+00
 3.35841e+15	1.75e-07	3.67e-04	7.73e-02	4.84e-01	3.63e-01	7.60e-02	0.00e+00	0.00e+00
 3.43687e+15	2.10e-07	4.21e-04	8.48e-02	4.97e-01	3.50e-01	6.80e-02	0.00e+00	0.00e+00
 3.52710e+15	2.61e-07	4.98e-04	9.45e-02	5.12e-01	3.34e-01	5.93e-02	0.00e+00	0.00e+00
 3.62336e+15	3.21e-07	5.83e-04	1.05e-01	5.25e-01	3.18e-01	5.16e-02	0.00e+00	0.00e+00
 3.70912e+15	3.87e-07	6.72e-04	1.15e-01	5.36e-01	3.02e-01	4.53e-02	0.00e+00	0.00e+00
 3.78928e+15	4.61e-07	7.68e-04	1.26e-01	5.46e-01	2.88e-01	4.00e-02	0.00e+00	0.00e+00
 3.86839e+15	5.48e-07	8.74e-04	1.36e-01	5.54e-01	2.74e-01	3.53e-02	0.00e+00	0.00e+00
 3.95914e+15	6.73e-07	1.02e-03	1.50e-01	5.61e-01	2.57e-01	3.03e-02	0.00e+00	0.00e+00
 4.05285e+15	8.12e-07	1.18e-03	1.65e-01	5.67e-01	2.41e-01	2.60e-02	0.00e+00	0.00e+00
 4.13282e+15	9.64e-07	1.34e-03	1.78e-01	5.71e-01	2.27e-01	2.27e-02	0.00e+00	0.00e+00
 4.20730e+15	1.13e-06	1.51e-03	1.92e-01	5.73e-01	2.14e-01	1.98e-02	0.00e+00	0.00e+00
 4.27410e+15	1.30e-06	1.67e-03	2.04e-01	5.74e-01	2.02e-01	1.76e-02	0.00e+00	0.00e+00
 4.33203e+15	1.47e-06	1.83e-03	2.16e-01	5.74e-01	1.92e-01	1.58e-02	0.00e+00	0.00e+00
 4.39658e+15	1.69e-06	2.04e-03	2.30e-01	5.73e-01	1.81e-01	1.39e-02	0.00e+00	0.00e+00
 4.46599e+15	1.97e-06	2.28e-03	2.46e-01	5.71e-01	1.69e-01	1.21e-02	0.00e+00	0.00e+00
 4.52598e+15	2.23e-06	2.50e-03	2.60e-01	5.68e-01	1.59e-01	1.07e-02	0.00e+00	0.00e+00
 4.58827e+15	2.53e-06	2.75e-03	2.76e-01	5.64e-01	1.49e-01	9.42e-03	0.00e+00	0.00e+00
 4.65794e+15	3.03e-06	3.14e-03	2.95e-01	5.57e-01	1.37e-01	8.01e-03	0.00e+00	0.00e+00
 4.71692e+15	3.44e-06	3.45e-03	3.11e-01	5.51e-01	1.28e-01	7.01e-03	0.00e+00	0.00e+00
 4.76538e+15	3.86e-06	3.76e-03	3.26e-01	5.44e-01	1.20e-01	6.23e-03	0.00e+00	0.00e+00
 4.82048e+15	4.32e-06	4.09e-03	3.42e-01	5.37e-01	1.12e-01	5.45e-03	0.00e+00	0.00e+00
 4.89211e+15	5.32e-06	4.76e-03	3.67e-01	5.24e-01	1.00e-01	4.44e-03	0.00e+00	0.00e+00
 4.95713e+15	6.17e-06	5.31e-03	3.88e-01	5.11e-01	9.11e-02	3.74e-03	0.00e+00	0.00e+00
 5.00184e+15	6.92e-06	5.77e-03	4.04e-01	5.02e-01	8.47e-02	3.28e-03	0.00e+00	0.00e+00
 5.04824e+15	7.66e-06	6.23e-03	4.21e-01	4.92e-01	7.83e-02	2.85e-03	0.00e+00	0.00e+00
 5.10855e+15	9.41e-06	7.21e-03	4.46e-01	4.75e-01	6.96e-02	2.30e-03	0.00e+00	0.00e+00
 5.16440e+15	1.08e-05	7.96e-03	4.67e-01	4.60e-01	6.27e-02	1.92e-03	0.00e+00	0.00e+00
 5.20602e+15	1.21e-05	8.68e-03	4.84e-01	4.48e-01	5.74e-02	1.65e-03	0.00e+00	0.00e+00
 5.25170e+15	1.40e-05	9.59e-03	5.04e-01	4.33e-01	5.18e-02	1.37e-03	0.00e+00	0.00e+00
 5.30171e+15	1.63e-05	1.07e-02	5.25e-01	4.17e-01	4.59e-02	1.12e-03	0.00e+00	0.00e+00
 5.34596e+15	1.80e-05	1.15e-02	5.43e-01	4.03e-01	4.15e-02	9.41e-04	0.00e+00	0.00e+00
 5.39211e+15	2.16e-05	1.31e-02	5.64e-01	3.86e-01	3.63e-02	7.48e-04	0.00e+00	0.00e+00
 5.43813e+15	2.43e-05	1.43e-02	5.83e-01	3.70e-01	3.22e-02	6.10e-04	0.00e+00	0.00e+00
 5.48400e+15	2.96e-05	1.63e-02	6.04e-01	3.51e-01	2.76e-02	4.70e-04	0.00e+00	0.00e+00
 5.52183e+15	3.32e-05	1.77e-02	6.20e-01	3.38e-01	2.47e-02	3.89e-04	0.00e+00	0.00e+00
 5.54327e+15	3.57e-05	1.87e-02	6.29e-01	3.29e-01	2.30e-02	3.45e-04	0.00e+00	0.00e+00
 5.56518e+15	3.80e-05	1.95e-02	6.37e-01	3.22e-01	2.14e-02	3.07e-04	0.00e+00	0.00e+00
 5.59366e+15	4.29e-05	2.12e-02	6.50e-01	3.10e-01	1.92e-02	2.55e-04	0.00e+00	0.00e+00
 5.62291e+15	4.69e-05	2.25e-02	6.61e-01	2.99e-01	1.74e-02	2.16e-04	0.00e+00	0.00e+00
 5.65315e+15	5.25e-05	2.44e-02	6.72e-01	2.87e-01	1.55e-02	1.77e-04	0.00e+00	0.00e+00
 5.68527e+15	5.92e-05	2.65e-02	6.84e-01	2.75e-01	1.37e-02	1.44e-04	0.00e+00	0.00e+00
 5.71307e+15	6.69e-05	2.88e-02	6.95e-01	2.64e-01	1.21e-02	1.18e-04	0.00e+00	0.00e+00
 5.73687e+15	7.22e-05	3.04e-02	7.03e-01	2.56e-01	1.10e-02	1.01e-04	0.00e+00	0.00e+00
 5.76223e+15	8.11e-05	3.28e-02	7.12e-01	2.45e-01	9.81e-03	8.24e-05	0.00e+00	0.00e+00
 5.78983e+15	9.03e-05	3.53e-02	7.21e-01	2.35e-01	8.68e-03	6.72e-05	0.00e+00	0.00e+00
 5.82036e+15	1.02e-04	3.84e-02	7.30e-01	2.24e-01	7.53e-03	5.29e-05	0.00e+00	0.00e+00
 5.85282e+15	1.16e-04	4.19e-02	7.39e-01	2.12e-01	6.47e-03	4.11e-05	0.00e+00	0.00e+00
 5.88078e+15	1.29e-04	4.51e-02	7.46e-01	2.03e-01	5.66e-03	3.29e-05	0.00e+00	0.00e+00
 5.90622e+15	1.43e-04	4.83e-02	7.52e-01	1.94e-01	5.00e-03	2.67e-05	0.00e+00	0.00e+00
 5.93536e+15	1.62e-04	5.23e-02	7.59e-01	1.85e-01	4.30e-03	2.08e-05	0.00e+00	0.00e+00
 5.96727e+15	1.84e-04	5.70e-02	7.65e-01	1.74e-01	3.65e-03	1.59e-05	0.00e+00	0.00e+00
 5.99613e+15	2.07e-04	6.16e-02	7.69e-01	1.66e-01	3.14e-03	1.24e-05	0.00e+00	0.00e+00
 6.02273e+15	2.30e-04	6.62e-02	7.73e-01	1.57e-01	2.72e-03	9.78e-06	0.00e+00	0.00e+00
 6.05305e+15	2.61e-04	7.20e-02	7.77e-01	1.48e-01	2.30e-03	7.39e-06	0.00e+00	0.00e+00
 6.08610e+15	2.99e-04	7.86e-02	7.80e-01	1.39e-01	1.91e-03	5.47e-06	0.00e+00	0.00e+00
 6.11566e+15	3.38e-04	8.52e-02	7.82e-01	1.31e-01	1.62e-03	4.17e-06	0.00e+00	0.00e+00
 6.14282e+15	3.78e-04	9.16e-02	7.83e-01	1.24e-01	1.39e-03	3.23e-06	0.00e+00	0.00e+00
 6.17388e+15	4.31e-04	9.97e-02	7.83e-01	1.16e-01	1.15e-03	2.39e-06	0.00e+00	0.00e+00
 6.20791e+15	4.97e-04	1.09e-01	7.82e-01	1.07e-01	9.42e-04	1.72e-06	0.00e+00	0.00e+00
 6.23850e+15	5.66e-04	1.19e-01	7.80e-01	9.99e-02	7.84e-04	1.28e-06	0.00e+00	0.00e+00
 6.26645e+15	6.37e-04	1.28e-01	7.77e-01	9.34e-02	6.60e-04	9.66e-07	0.00e+00	0.00e+00
 6.29826e+15	7.31e-04	1.40e-01	7.73e-01	8.62e-02	5.38e-04	0.00e+00	0.00e+00	0.00e+00
 6.33320e+15	8.51e-04	1.54e-01	7.66e-01	7.87e-02	4.30e-04	0.00e+00	0.00e+00	0.00e+00
 6.36485e+15	9.76e-04	1.67e-01	7.59e-01	7.23e-02	3.51e-04	0.00e+00	0.00e+00	0.00e+00
 6.39419e+15	1.11e-03	1.82e-01	7.50e-01	6.64e-02	2.87e-04	0.00e+00	0.00e+00	0.00e+00
 6.42792e+15	1.30e-03	2.00e-01	7.39e-01	5.99e-02	2.27e-04	0.00e+00	0.00e+00	0.00e+00
 6.46465e+15	1.53e-03	2.21e-01	7.24e-01	5.34e-02	1.75e-04	0.00e+00	0.00e+00	0.00e+00
 6.49782e+15	1.79e-03	2.42e-01	7.08e-01	4.76e-02	1.37e-04	0.00e+00	0.00e+00	0.00e+00
 6.52801e+15	2.06e-03	2.64e-01	6.91e-01	4.26e-02	1.09e-04	0.00e+00	0.00e+00	0.00e+00
 6.56179e+15	2.42e-03	2.90e-01	6.70e-01	3.75e-02	8.32e-05	0.00e+00	0.00e+00	0.00e+00
 6.60571e+15	3.00e-03	3.28e-01	6.38e-01	3.11e-02	5.74e-05	0.00e+00	0.00e+00	0.00e+00
 6.64968e+15	3.73e-03	3.70e-01	6.01e-01	2.54e-02	3.92e-05	0.00e+00	0.00e+00	0.00e+00
 6.68333e+15	4.44e-03	4.07e-01	5.67e-01	2.13e-02	2.85e-05	0.00e+00	0.00e+00	0.00e+00
 6.71169e+15	5.12e-03	4.40e-01	5.37e-01	1.82e-02	2.14e-05	0.00e+00	0.00e+00	0.00e+00
 6.74357e+15	6.05e-03	4.79e-01	5.00e-01	1.49e-02	1.53e-05	0.00e+00	0.00e+00	0.00e+00
 6.78502e+15	7.50e-03	5.33e-01	4.49e-01	1.13e-02	9.53e-06	0.00e+00	0.00e+00	0.00e+00
 6.82585e+15	9.36e-03	5.90e-01	3.93e-01	8.27e-03	5.75e-06	0.00e+00	0.00e+00	0.00e+00
 6.85571e+15	1.11e-02	6.34e-01	3.49e-01	6.35e-03	3.80e-06	0.00e+00	0.00e+00	0.00e+00
 6.87772e+15	1.25e-02	6.66e-01	3.17e-01	5.15e-03	2.76e-06	0.00e+00	0.00e+00	0.00e+00
 6.89968e+15	1.42e-02	6.97e-01	2.85e-01	4.11e-03	1.96e-06	0.00e+00	0.00e+00	0.00e+00
 6.92451e+15	1.63e-02	7.32e-01	2.49e-01	3.12e-03	1.30e-06	0.00e+00	0.00e+00	0.00e+00
 6.94722e+15	1.86e-02	7.62e-01	2.17e-01	2.36e-03	8.65e-07	0.00e+00	0.00e+00	0.00e+00
 6.96642e+15	2.08e-02	7.87e-01	1.91e-01	1.84e-03	0.00e+00	0.00e+00	0.00e+00	0.00e+00
 6.98689e+15	2.35e-02	8.11e-01	1.65e-01	1.39e-03	0.00e+00	0.00e+00	0.00e+00	0.00e+00
 7.00893e+15	2.68e-02	8.34e-01	1.38e-01	9.95e-04	0.00e+00	0.00e+00	0.00e+00	0.00e+00
 7.02774e+15	3.01e-02	8.52e-01	1.17e-01	7.28e-04	0.00e+00	0.00e+00	0.00e+00	0.00e+00
 7.04330e+15	3.32e-02	8.65e-01	1.01e-01	5.58e-04	0.00e+00	0.00e+00	0.00e+00	0.00e+00
 7.05991e+15	3.69e-02	8.77e-01	8.56e-02	4.12e-04	0.00e+00	0.00e+00	0.00e+00	0.00e+00
 7.07834e+15	4.15e-02	8.88e-01	7.02e-02	2.87e-04	0.00e+00	0.00e+00	0.00e+00	0.00e+00
 7.09491e+15	4.65e-02	8.95e-01	5.79e-02	2.04e-04	0.00e+00	0.00e+00	0.00e+00	0.00e+00
 7.10922e+15	5.13e-02	9.00e-01	4.86e-02	1.49e-04	0.00e+00	0.00e+00	0.00e+00	0.00e+00
 7.12232e+15	5.62e-02	9.03e-01	4.10e-02	1.10e-04	0.00e+00	0.00e+00	0.00e+00	0.00e+00
 7.13684e+15	6.24e-02	9.04e-01	3.37e-02	7.82e-05	0.00e+00	0.00e+00	0.00e+00	0.00e+00
 7.15573e+15	7.14e-02	9.03e-01	2.59e-02	4.89e-05	0.00e+00	0.00e+00	0.00e+00	0.00e+00
 7.17450e+15	8.24e-02	8.98e-01	1.94e-02	2.96e-05	0.00e+00	0.00e+00	0.00e+00	0.00e+00
 7.18841e+15	9.19e-02	8.93e-01	1.54e-02	1.98e-05	0.00e+00	0.00e+00	0.00e+00	0.00e+00
 7.19969e+15	1.00e-01	8.87e-01	1.27e-02	1.42e-05	0.00e+00	0.00e+00	0.00e+00	0.00e+00
 7.21047e+15	1.09e-01	8.80e-01	1.05e-02	1.03e-05	0.00e+00	0.00e+00	0.00e+00	0.00e+00
 7.22203e+15	1.20e-01	8.72e-01	8.53e-03	7.15e-06	0.00e+00	0.00e+00	0.00e+00	0.00e+00
 7.23419e+15	1.32e-01	8.61e-01	6.80e-03	4.84e-06	0.00e+00	0.00e+00	0.00e+00	0.00e+00
 7.24509e+15	1.44e-01	8.51e-01	5.49e-03	3.36e-06	0.00e+00	0.00e+00	0.00e+00	0.00e+00
 7.25472e+15	1.55e-01	8.40e-01	4.54e-03	2.42e-06	0.00e+00	0.00e+00	0.00e+00	0.00e+00
 7.26347e+15	1.66e-01	8.30e-01	3.80e-03	1.78e-06	0.00e+00	0.00e+00	0.00e+00	0.00e+00
 7.27162e+15	1.77e-01	8.20e-01	3.20e-03	1.33e-06	0.00e+00	0.00e+00	0.00e+00	0.00e+00
 7.27813e+15	1.86e-01	8.12e-01	2.80e-03	1.06e-06	0.00e+00	0.00e+00	0.00e+00	0.00e+00
 7.28249e+15	1.92e-01	8.06e-01	2.55e-03	9.04e-07	0.00e+00	0.00e+00	0.00e+00	0.00e+00
 7.28649e+15	1.98e-01	8.00e-01	2.34e-03	0.00e+00	0.00e+00	0.00e+00	0.00e+00	0.00e+00
 7.29115e+15	2.05e-01	7.93e-01	2.11e-03	0.00e+00	0.00e+00	0.00e+00	0.00e+00	0.00e+00
 7.29628e+15	2.12e-01	7.86e-01	1.89e-03	0.00e+00	0.00e+00	0.00e+00	0.00e+00	0.00e+00
 7.30128e+15	2.20e-01	7.78e-01	1.69e-03	0.00e+00	0.00e+00	0.00e+00	0.00e+00	0.00e+00
 7.30596e+15	2.28e-01	7.71e-01	1.52e-03	0.00e+00	0.00e+00	0.00e+00	0.00e+00	0.00e+00
 7.31057e+15	2.35e-01	7.63e-01	1.37e-03	0.00e+00	0.00e+00	0.00e+00	0.00e+00	0.00e+00
 7.31523e+15	2.43e-01	7.56e-01	1.23e-03	0.00e+00	0.00e+00	0.00e+00	0.00e+00	0.00e+00
 7.31994e+15	2.51e-01	7.48e-01	1.11e-03	0.00e+00	0.00e+00	0.00e+00	0.00e+00	0.00e+00
 7.32460e+15	2.58e-01	7.41e-01	9.95e-04	0.00e+00	0.00e+00	0.00e+00	0.00e+00	0.00e+00
 7.32921e+15	2.67e-01	7.32e-01	8.94e-04	0.00e+00	0.00e+00	0.00e+00	0.00e+00	0.00e+00
 7.33383e+15	2.75e-01	7.24e-01	8.03e-04	0.00e+00	0.00e+00	0.00e+00	0.00e+00	0.00e+00
 7.33848e+15	2.83e-01	7.16e-01	7.20e-04	0.00e+00	0.00e+00	0.00e+00	0.00e+00	0.00e+00
 7.34310e+15	2.91e-01	7.08e-01	6.47e-04	0.00e+00	0.00e+00	0.00e+00	0.00e+00	0.00e+00
 7.34772e+15	3.00e-01	7.00e-01	5.79e-04	0.00e+00	0.00e+00	0.00e+00	0.00e+00	0.00e+00
 7.35241e+15	3.08e-01	6.91e-01	5.18e-04	0.00e+00	0.00e+00	0.00e+00	0.00e+00	0.00e+00
 7.35700e+15	3.17e-01	6.82e-01	4.65e-04	0.00e+00	0.00e+00	0.00e+00	0.00e+00	0.00e+00
 7.36155e+15	3.26e-01	6.74e-01	4.17e-04	0.00e+00	0.00e+00	0.00e+00	0.00e+00	0.00e+00
 7.36624e+15	3.34e-01	6.65e-01	3.73e-04	0.00e+00	0.00e+00	0.00e+00	0.00e+00	0.00e+00
 7.37094e+15	3.44e-01	6.56e-01	3.34e-04	0.00e+00	0.00e+00	0.00e+00	0.00e+00	0.00e+00
 7.37564e+15	3.53e-01	6.47e-01	2.98e-04	0.00e+00	0.00e+00	0.00e+00	0.00e+00	0.00e+00
 7.38037e+15	3.62e-01	6.38e-01	2.67e-04	0.00e+00	0.00e+00	0.00e+00	0.00e+00	0.00e+00
 7.38513e+15	3.72e-01	6.28e-01	2.38e-04	0.00e+00	0.00e+00	0.00e+00	0.00e+00	0.00e+00
 7.38999e+15	3.81e-01	6.18e-01	2.12e-04	0.00e+00	0.00e+00	0.00e+00	0.00e+00	0.00e+00
 7.39487e+15	3.91e-01	6.09e-01	1.90e-04	0.00e+00	0.00e+00	0.00e+00	0.00e+00	0.00e+00
 7.39976e+15	4.01e-01	5.99e-01	1.69e-04	0.00e+00	0.00e+00	0.00e+00	0.00e+00	0.00e+00
 7.40467e+15	4.11e-01	5.88e-01	1.51e-04	0.00e+00	0.00e+00	0.00e+00	0.00e+00	0.00e+00
 7.40961e+15	4.22e-01	5.78e-01	1.35e-04	0.00e+00	0.00e+00	0.00e+00	0.00e+00	0.00e+00
 7.41458e+15	4.32e-01	5.68e-01	1.21e-04	0.00e+00	0.00e+00	0.00e+00	0.00e+00	0.00e+00
 7.41959e+15	4.43e-01	5.57e-01	1.08e-04	0.00e+00	0.00e+00	0.00e+00	0.00e+00	0.00e+00
 7.42469e+15	4.54e-01	5.46e-01	9.68e-05	0.00e+00	0.00e+00	0.00e+00	0.00e+00	0.00e+00
 7.42987e+15	4.65e-01	5.35e-01	8.67e-05	0.00e+00	0.00e+00	0.00e+00	0.00e+00	0.00e+00
 7.43517e+15	4.77e-01	5.23e-01	7.76e-05	0.00e+00	0.00e+00	0.00e+00	0.00e+00	0.00e+00
 7.44059e+15	4.89e-01	5.11e-01	6.96e-05	0.00e+00	0.00e+00	0.00e+00	0.00e+00	0.00e+00
 7.44621e+15	5.01e-01	4.99e-01	6.23e-05	0.00e+00	0.00e+00	0.00e+00	0.00e+00	0.00e+00
 7.45204e+15	5.13e-01	4.87e-01	5.59e-05	0.00e+00	0.00e+00	0.00e+00	0.00e+00	0.00e+00
 7.45814e+15	5.27e-01	4.73e-01	5.00e-05	0.00e+00	0.00e+00	0.00e+00	0.00e+00	0.00e+00
 7.46451e+15	5.41e-01	4.59e-01	4.48e-05	0.00e+00	0.00e+00	0.00e+00	0.00e+00	0.00e+00
 7.47125e+15	5.55e-01	4.45e-01	4.01e-05	0.00e+00	0.00e+00	0.00e+00	0.00e+00	0.00e+00
 7.47850e+15	5.70e-01	4.30e-01	3.59e-05	0.00e+00	0.00e+00	0.00e+00	0.00e+00	0.00e+00
 7.48635e+15	5.83e-01	4.16e-01	3.22e-05	0.00e+00	0.00e+00	0.00e+00	0.00e+00	0.00e+00
 7.49503e+15	5.99e-01	4.00e-01	2.87e-05	0.00e+00	0.00e+00	0.00e+00	0.00e+00	0.00e+00
 7.50468e+15	6.16e-01	3.84e-01	2.56e-05	0.00e+00	0.00e+00	0.00e+00	0.00e+00	0.00e+00
 7.51541e+15	6.32e-01	3.68e-01	2.28e-05	0.00e+00	0.00e+00	0.00e+00	0.00e+00	0.00e+00
 7.52698e+15	6.48e-01	3.52e-01	2.05e-05	0.00e+00	0.00e+00	0.00e+00	0.00e+00	0.00e+00
 7.53873e+15	6.64e-01	3.36e-01	1.85e-05	0.00e+00	0.00e+00	0.00e+00	0.00e+00	0.00e+00
 7.55040e+15	6.78e-01	3.22e-01	1.69e-05	0.00e+00	0.00e+00	0.00e+00	0.00e+00	0.00e+00
 7.56377e+15	6.91e-01	3.09e-01	1.54e-05	0.00e+00	0.00e+00	0.00e+00	0.00e+00	0.00e+00
 7.57947e+15	7.06e-01	2.94e-01	1.40e-05	0.00e+00	0.00e+00	0.00e+00	0.00e+00	0.00e+00
 7.59609e+15	7.20e-01	2.80e-01	1.27e-05	0.00e+00	0.00e+00	0.00e+00	0.00e+00	0.00e+00
 7.61348e+15	7.34e-01	2.66e-01	1.15e-05	0.00e+00	0.00e+00	0.00e+00	0.00e+00	0.00e+00
 7.63165e+15	7.48e-01	2.52e-01	1.04e-05	0.00e+00	0.00e+00	0.00e+00	0.00e+00	0.00e+00
 7.65041e+15	7.61e-01	2.39e-01	9.40e-06	0.00e+00	0.00e+00	0.00e+00	0.00e+00	0.00e+00
 7.66938e+15	7.74e-01	2.26e-01	8.50e-06	0.00e+00	0.00e+00	0.00e+00	0.00e+00	0.00e+00
 7.68829e+15	7.87e-01	2.13e-01	7.69e-06	0.00e+00	0.00e+00	0.00e+00	0.00e+00	0.00e+00
 7.70699e+15	7.99e-01	2.01e-01	6.96e-06	0.00e+00	0.00e+00	0.00e+00	0.00e+00	0.00e+00
 7.72543e+15	8.11e-01	1.89e-01	6.30e-06	0.00e+00	0.00e+00	0.00e+00	0.00e+00	0.00e+00
 7.74358e+15	8.22e-01	1.78e-01	5.70e-06	0.00e+00	0.00e+00	0.00e+00	0.00e+00	0.00e+00
 7.76142e+15	8.32e-01	1.68e-01	5.17e-06	0.00e+00	0.00e+00	0.00e+00	0.00e+00	0.00e+00
 7.77892e+15	8.42e-01	1.58e-01	4.69e-06	0.00e+00	0.00e+00	0.00e+00	0.00e+00	0.00e+00
 7.79609e+15	8.52e-01	1.48e-01	4.25e-06	0.00e+00	0.00e+00	0.00e+00	0.00e+00	0.00e+00
 7.81292e+15	8.60e-01	1.40e-01	3.86e-06	0.00e+00	0.00e+00	0.00e+00	0.00e+00	0.00e+00
 7.82943e+15	8.69e-01	1.31e-01	3.49e-06	0.00e+00	0.00e+00	0.00e+00	0.00e+00	0.00e+00
 7.84604e+15	8.77e-01	1.23e-01	3.18e-06	0.00e+00	0.00e+00	0.00e+00	0.00e+00	0.00e+00
 7.86215e+15	8.85e-01	1.15e-01	2.88e-06	0.00e+00	0.00e+00	0.00e+00	0.00e+00	0.00e+00
 7.87768e+15	8.92e-01	1.08e-01	2.63e-06	0.00e+00	0.00e+00	0.00e+00	0.00e+00	0.00e+00
 7.89324e+15	8.98e-01	1.02e-01	2.39e-06	0.00e+00	0.00e+00	0.00e+00	0.00e+00	0.00e+00
 7.90848e+15	9.05e-01	9.53e-02	2.18e-06	0.00e+00	0.00e+00	0.00e+00	0.00e+00	0.00e+00
 7.92329e+15	9.10e-01	8.95e-02	1.99e-06	0.00e+00	0.00e+00	0.00e+00	0.00e+00	0.00e+00
 7.93780e+15	9.16e-01	8.41e-02	1.82e-06	0.00e+00	0.00e+00	0.00e+00	0.00e+00	0.00e+00
 7.95210e+15	9.21e-01	7.91e-02	1.66e-06	0.00e+00	0.00e+00	0.00e+00	0.00e+00	0.00e+00
 7.96606e+15	9.26e-01	7.44e-02	1.52e-06	0.00e+00	0.00e+00	0.00e+00	0.00e+00	0.00e+00
 7.97974e+15	9.30e-01	7.01e-02	1.40e-06	0.00e+00	0.00e+00	0.00e+00	0.00e+00	0.00e+00
 7.99343e+15	9.34e-01	6.59e-02	1.28e-06	0.00e+00	0.00e+00	0.00e+00	0.00e+00	0.00e+00
 8.00707e+15	9.38e-01	6.20e-02	1.17e-06	0.00e+00	0.00e+00	0.00e+00	0.00e+00	0.00e+00
 8.02055e+15	9.42e-01	5.83e-02	1.08e-06	0.00e+00	0.00e+00	0.00e+00	0.00e+00	0.00e+00
 8.03381e+15	9.45e-01	5.49e-02	9.91e-07	0.00e+00	0.00e+00	0.00e+00	0.00e+00	0.00e+00
 8.04691e+15	9.48e-01	5.17e-02	9.11e-07	0.00e+00	0.00e+00	0.00e+00	0.00e+00	0.00e+00
 8.05988e+15	9.51e-01	4.88e-02	8.39e-07	0.00e+00	0.00e+00	0.00e+00	0.00e+00	0.00e+00
 8.07274e+15	9.54e-01	4.60e-02	7.73e-07	0.00e+00	0.00e+00	0.00e+00	0.00e+00	0.00e+00
 8.08550e+15	9.57e-01	4.34e-02	7.13e-07	0.00e+00	0.00e+00	0.00e+00	0.00e+00	0.00e+00
 8.09815e+15	9.59e-01	4.09e-02	6.58e-07	0.00e+00	0.00e+00	0.00e+00	0.00e+00	0.00e+00
 8.11073e+15	9.61e-01	3.87e-02	6.07e-07	0.00e+00	0.00e+00	0.00e+00	0.00e+00	0.00e+00
 8.12326e+15	9.63e-01	3.65e-02	5.61e-07	0.00e+00	0.00e+00	0.00e+00	0.00e+00	0.00e+00
 8.13574e+15	9.66e-01	3.45e-02	5.19e-07	0.00e+00	0.00e+00	0.00e+00	0.00e+00	0.00e+00
 8.14821e+15	9.67e-01	3.26e-02	4.80e-07	0.00e+00	0.00e+00	0.00e+00	0.00e+00	0.00e+00
 8.16068e+15	9.69e-01	3.08e-02	4.44e-07	0.00e+00	0.00e+00	0.00e+00	0.00e+00	0.00e+00
 8.17320e+15	9.71e-01	2.91e-02	4.11e-07	0.00e+00	0.00e+00	0.00e+00	0.00e+00	0.00e+00
 8.18584e+15	9.72e-01	2.75e-02	3.80e-07	0.00e+00	0.00e+00	0.00e+00	0.00e+00	0.00e+00
 8.19880e+15	9.74e-01	2.60e-02	3.51e-07	0.00e+00	0.00e+00	0.00e+00	0.00e+00	0.00e+00
 8.21212e+15	9.75e-01	2.45e-02	3.24e-07	0.00e+00	0.00e+00	0.00e+00	0.00e+00	0.00e+00
 8.22569e+15	9.77e-01	2.31e-02	2.99e-07	0.00e+00	0.00e+00	0.00e+00	0.00e+00	0.00e+00
 8.23955e+15	9.78e-01	2.18e-02	2.75e-07	0.00e+00	0.00e+00	0.00e+00	0.00e+00	0.00e+00
 8.25382e+15	9.79e-01	2.05e-02	2.53e-07	0.00e+00	0.00e+00	0.00e+00	0.00e+00	0.00e+00
 8.26870e+15	9.81e-01	1.93e-02	2.32e-07	0.00e+00	0.00e+00	0.00e+00	0.00e+00	0.00e+00
 8.28437e+15	9.82e-01	1.81e-02	2.12e-07	0.00e+00	0.00e+00	0.00e+00	0.00e+00	0.00e+00
 8.30109e+15	9.83e-01	1.69e-02	1.93e-07	0.00e+00	0.00e+00	0.00e+00	0.00e+00	0.00e+00
 8.31928e+15	9.84e-01	1.58e-02	1.75e-07	0.00e+00	0.00e+00	0.00e+00	0.00e+00	0.00e+00
 8.33957e+15	9.85e-01	1.46e-02	1.56e-07	0.00e+00	0.00e+00	0.00e+00	0.00e+00	0.00e+00
 8.36314e+15	9.87e-01	1.33e-02	1.38e-07	0.00e+00	0.00e+00	0.00e+00	0.00e+00	0.00e+00
 8.38867e+15	9.88e-01	1.22e-02	1.21e-07	0.00e+00	0.00e+00	0.00e+00	0.00e+00	0.00e+00
 8.41300e+15	9.89e-01	1.13e-02	1.08e-07	0.00e+00	0.00e+00	0.00e+00	0.00e+00	0.00e+00
 8.43514e+15	9.89e-01	1.05e-02	9.74e-08	0.00e+00	0.00e+00	0.00e+00	0.00e+00	0.00e+00
 8.45529e+15	9.90e-01	9.93e-03	8.91e-08	0.00e+00	0.00e+00	0.00e+00	0.00e+00	0.00e+00
 8.47362e+15	9.91e-01	9.43e-03	8.23e-08	0.00e+00	0.00e+00	0.00e+00	0.00e+00	0.00e+00
 8.49030e+15	9.91e-01	9.01e-03	7.68e-08	0.00e+00	0.00e+00	0.00e+00	0.00e+00	0.00e+00
 8.50549e+15	9.91e-01	8.66e-03	7.21e-08	0.00e+00	0.00e+00	0.00e+00	0.00e+00	0.00e+00
 8.51930e+15	9.92e-01	8.35e-03	6.82e-08	0.00e+00	0.00e+00	0.00e+00	0.00e+00	0.00e+00
 8.53188e+15	9.92e-01	8.09e-03	6.50e-08	0.00e+00	0.00e+00	0.00e+00	0.00e+00	0.00e+00
 8.54565e+15	9.92e-01	7.83e-03	6.16e-08	0.00e+00	0.00e+00	0.00e+00	0.00e+00	0.00e+00
 8.56356e+15	9.93e-01	7.49e-03	5.73e-08	0.00e+00	0.00e+00	0.00e+00	0.00e+00	0.00e+00
 8.58290e+15	9.93e-01	7.17e-03	5.34e-08	0.00e+00	0.00e+00	0.00e+00	0.00e+00	0.00e+00
 8.60049e+15	9.93e-01	6.91e-03	5.02e-08	0.00e+00	0.00e+00	0.00e+00	0.00e+00	0.00e+00
