#depth	He	He+	He+2
 1.49634e+10	4.33e-20	3.23e-10	1.00e+00
 4.54887e+10	5.07e-20	3.54e-10	1.00e+00
 7.72350e+10	5.88e-20	3.89e-10	1.00e+00
 1.10251e+11	6.81e-20	4.28e-10	1.00e+00
 1.43479e+11	7.85e-20	4.69e-10	1.00e+00
 1.78035e+11	9.03e-20	5.14e-10	1.00e+00
 2.15084e+11	1.04e-19	5.66e-10	1.00e+00
 2.53614e+11	1.20e-19	6.23e-10	1.00e+00
 2.93685e+11	1.38e-19	6.86e-10	1.00e+00
 3.29897e+11	1.57e-19	7.46e-10	1.00e+00
 3.60021e+11	1.73e-19	7.99e-10	1.00e+00
 3.93004e+11	1.91e-19	8.59e-10	1.00e+00
 4.34842e+11	2.16e-19	9.40e-10	1.00e+00
 4.78501e+11	2.46e-19	1.03e-09	1.00e+00
 5.17109e+11	2.73e-19	1.11e-09	1.00e+00
 5.53136e+11	3.01e-19	1.19e-09	1.00e+00
 5.94265e+11	3.34e-19	1.29e-09	1.00e+00
 6.44825e+11	3.79e-19	1.42e-09	1.00e+00
 6.95201e+11	4.28e-19	1.55e-09	1.00e+00
 7.38948e+11	4.74e-19	1.67e-09	1.00e+00
 7.86521e+11	5.27e-19	1.80e-09	1.00e+00
 8.44642e+11	5.97e-19	1.98e-09	1.00e+00
 9.04020e+11	6.77e-19	2.17e-09	1.00e+00
 9.58513e+11	7.55e-19	2.35e-09	1.00e+00
 1.01911e+12	8.49e-19	2.56e-09	1.00e+00
 1.08939e+12	9.71e-19	2.81e-09	1.00e+00
 1.15872e+12	1.10e-18	3.08e-09	1.00e+00
 1.22507e+12	1.24e-18	3.35e-09	1.00e+00
 1.29825e+12	1.41e-18	3.66e-09	1.00e+00
 1.38011e+12	1.63e-18	4.02e-09	1.00e+00
 1.45450e+12	1.84e-18	4.36e-09	1.00e+00
 1.51705e+12	2.04e-18	4.66e-09	1.00e+00
 1.58582e+12	2.28e-18	5.00e-09	1.00e+00
 1.66345e+12	2.58e-18	5.41e-09	1.00e+00
 1.73778e+12	2.89e-18	5.81e-09	1.00e+00
 1.81959e+12	3.27e-18	6.26e-09	1.00e+00
 1.91046e+12	3.74e-18	6.79e-09	1.00e+00
 1.99560e+12	4.22e-18	7.30e-09	1.00e+00
 2.08879e+12	4.81e-18	7.89e-09	1.00e+00
 2.19309e+12	5.54e-18	8.57e-09	1.00e+00
 2.29250e+12	6.33e-18	9.24e-09	1.00e+00
 2.40203e+12	7.29e-18	1.00e-08	1.00e+00
 2.51822e+12	8.43e-18	1.09e-08	1.00e+00
 2.61980e+12	9.54e-18	1.17e-08	1.00e+00
 2.72828e+12	1.08e-17	1.25e-08	1.00e+00
 2.86036e+12	1.26e-17	1.36e-08	1.00e+00
 2.99199e+12	1.46e-17	1.48e-08	1.00e+00
 3.10827e+12	1.66e-17	1.58e-08	1.00e+00
 3.23570e+12	1.90e-17	1.70e-08	1.00e+00
 3.38884e+12	2.22e-17	1.85e-08	1.00e+00
 3.54176e+12	2.58e-17	2.00e-08	1.00e+00
 3.68073e+12	2.94e-17	2.15e-08	1.00e+00
 3.83525e+12	3.39e-17	2.32e-08	1.00e+00
 4.01600e+12	3.98e-17	2.52e-08	1.00e+00
 4.19451e+12	4.64e-17	2.73e-08	1.00e+00
 4.36315e+12	5.33e-17	2.94e-08	1.00e+00
 4.55060e+12	6.20e-17	3.18e-08	1.00e+00
 4.76255e+12	7.30e-17	3.46e-08	1.00e+00
 4.97545e+12	8.54e-17	3.75e-08	1.00e+00
 5.19687e+12	1.00e-16	4.07e-08	1.00e+00
 5.43467e+12	1.18e-16	4.43e-08	1.00e+00
 5.68199e+12	1.39e-16	4.82e-08	1.00e+00
 5.92537e+12	1.62e-16	5.21e-08	1.00e+00
 6.15174e+12	1.86e-16	5.59e-08	1.00e+00
 6.35604e+12	2.10e-16	5.95e-08	1.00e+00
 6.57509e+12	2.38e-16	6.34e-08	1.00e+00
 6.84783e+12	2.76e-16	6.85e-08	1.00e+00
 7.12133e+12	3.20e-16	7.38e-08	1.00e+00
 7.35644e+12	3.61e-16	7.85e-08	1.00e+00
 7.61070e+12	4.10e-16	8.37e-08	1.00e+00
 7.92447e+12	4.77e-16	9.03e-08	1.00e+00
 8.23819e+12	5.52e-16	9.73e-08	1.00e+00
 8.50907e+12	6.22e-16	1.03e-07	1.00e+00
 8.80165e+12	7.07e-16	1.10e-07	1.00e+00
 9.16132e+12	8.22e-16	1.19e-07	1.00e+00
 9.52438e+12	9.51e-16	1.28e-07	1.00e+00
 9.84603e+12	1.08e-15	1.36e-07	1.00e+00
 1.01977e+13	1.23e-15	1.46e-07	1.00e+00
 1.06194e+13	1.43e-15	1.58e-07	1.00e+00
 1.10396e+13	1.66e-15	1.70e-07	1.00e+00
 1.14225e+13	1.89e-15	1.81e-07	1.00e+00
 1.18492e+13	2.17e-15	1.94e-07	1.00e+00
 1.23472e+13	2.54e-15	2.10e-07	1.00e+00
 1.28380e+13	2.94e-15	2.26e-07	1.00e+00
 1.33026e+13	3.36e-15	2.42e-07	1.00e+00
 1.38188e+13	3.89e-15	2.60e-07	1.00e+00
 1.44015e+13	4.55e-15	2.82e-07	1.00e+00
 1.49871e+13	5.29e-15	3.04e-07	1.00e+00
 1.55960e+13	6.16e-15	3.28e-07	1.00e+00
 1.62498e+13	7.21e-15	3.56e-07	1.00e+00
 1.68830e+13	8.35e-15	3.83e-07	1.00e+00
 1.74787e+13	9.53e-15	4.09e-07	1.00e+00
 1.81449e+13	1.10e-14	4.40e-07	1.00e+00
 1.88164e+13	1.27e-14	4.73e-07	1.00e+00
 1.93742e+13	1.42e-14	5.00e-07	1.00e+00
 1.99650e+13	1.59e-14	5.31e-07	1.00e+00
 2.07198e+13	1.84e-14	5.71e-07	1.00e+00
 2.15114e+13	2.12e-14	6.14e-07	1.00e+00
 2.22123e+13	2.40e-14	6.54e-07	1.00e+00
 2.29717e+13	2.74e-14	6.99e-07	1.00e+00
 2.38839e+13	3.19e-14	7.56e-07	1.00e+00
 2.48074e+13	3.70e-14	8.15e-07	1.00e+00
 2.56732e+13	4.22e-14	8.72e-07	1.00e+00
 2.65086e+13	4.79e-14	9.30e-07	1.00e+00
 2.74520e+13	5.49e-14	9.97e-07	1.00e+00
 2.84929e+13	6.35e-14	1.07e-06	1.00e+00
 2.94534e+13	7.23e-14	1.15e-06	1.00e+00
 3.04950e+13	8.29e-14	1.23e-06	1.00e+00
 3.16578e+13	9.61e-14	1.33e-06	1.00e+00
 3.27504e+13	1.10e-13	1.42e-06	1.00e+00
 3.39430e+13	1.26e-13	1.53e-06	1.00e+00
 3.52680e+13	1.47e-13	1.65e-06	1.00e+00
 3.65066e+13	1.68e-13	1.77e-06	1.00e+00
 3.78510e+13	1.94e-13	1.91e-06	1.00e+00
 3.93526e+13	2.26e-13	2.07e-06	1.00e+00
 4.07812e+13	2.60e-13	2.22e-06	1.00e+00
 4.23092e+13	3.00e-13	2.40e-06	1.00e+00
 4.40315e+13	3.50e-13	2.60e-06	1.00e+00
 4.57300e+13	4.06e-13	2.81e-06	1.00e+00
 4.74965e+13	4.70e-13	3.03e-06	1.00e+00
 4.93076e+13	5.43e-13	3.27e-06	1.00e+00
 5.09862e+13	6.18e-13	3.50e-06	1.00e+00
 5.28508e+13	7.10e-13	3.77e-06	1.00e+00
 5.48984e+13	8.22e-13	4.07e-06	1.00e+00
 5.67930e+13	9.36e-13	4.36e-06	1.00e+00
 5.84566e+13	1.04e-12	4.62e-06	1.00e+00
 6.02173e+13	1.17e-12	4.91e-06	1.00e+00
 6.24517e+13	1.34e-12	5.28e-06	1.00e+00
 6.47162e+13	1.54e-12	5.68e-06	1.00e+00
 6.66303e+13	1.71e-12	6.02e-06	1.00e+00
 6.86745e+13	1.92e-12	6.40e-06	1.00e+00
 7.12415e+13	2.20e-12	6.89e-06	1.00e+00
 7.38926e+13	2.53e-12	7.42e-06	1.00e+00
 7.62294e+13	2.84e-12	7.90e-06	1.00e+00
 7.87533e+13	3.20e-12	8.44e-06	1.00e+00
 8.17984e+13	3.68e-12	9.12e-06	1.00e+00
 8.48173e+13	4.21e-12	9.81e-06	1.00e+00
 8.75006e+13	4.72e-12	1.04e-05	1.00e+00
 9.04515e+13	5.34e-12	1.12e-05	1.00e+00
 9.39768e+13	6.15e-12	1.21e-05	1.00e+00
 9.74782e+13	7.04e-12	1.30e-05	1.00e+00
 1.00666e+14	7.92e-12	1.39e-05	1.00e+00
 1.04217e+14	9.00e-12	1.49e-05	1.00e+00
 1.08364e+14	1.04e-11	1.62e-05	1.00e+00
 1.12443e+14	1.19e-11	1.74e-05	1.00e+00
 1.16278e+14	1.35e-11	1.87e-05	1.00e+00
 1.20552e+14	1.55e-11	2.01e-05	1.00e+00
 1.25404e+14	1.79e-11	2.18e-05	1.00e+00
 1.30249e+14	2.06e-11	2.36e-05	1.00e+00
 1.34925e+14	2.36e-11	2.55e-05	1.00e+00
 1.38983e+14	2.64e-11	2.71e-05	1.00e+00
 1.42374e+14	2.89e-11	2.85e-05	1.00e+00
 1.46140e+14	3.20e-11	3.01e-05	1.00e+00
 1.51037e+14	3.63e-11	3.23e-05	1.00e+00
 1.56201e+14	4.13e-11	3.47e-05	1.00e+00
 1.60660e+14	4.61e-11	3.69e-05	1.00e+00
 1.65402e+14	5.17e-11	3.93e-05	1.00e+00
 1.71459e+14	5.95e-11	4.25e-05	1.00e+00
 1.77690e+14	6.86e-11	4.59e-05	1.00e+00
 1.83028e+14	7.71e-11	4.89e-05	1.00e+00
 1.88739e+14	8.74e-11	5.24e-05	1.00e+00
 1.95821e+14	1.01e-10	5.68e-05	1.00e+00
 2.03082e+14	1.18e-10	6.16e-05	1.00e+00
 2.09550e+14	1.34e-10	6.60e-05	1.00e+00
 2.16590e+14	1.53e-10	7.11e-05	1.00e+00
 2.24995e+14	1.80e-10	7.74e-05	1.00e+00
 2.33286e+14	2.09e-10	8.39e-05	1.00e+00
 2.40747e+14	2.39e-10	9.01e-05	1.00e+00
 2.49019e+14	2.75e-10	9.72e-05	1.00e+00
 2.58784e+14	3.24e-10	1.06e-04	1.00e+00
 2.68431e+14	3.78e-10	1.15e-04	1.00e+00
 2.77351e+14	4.35e-10	1.24e-04	1.00e+00
 2.87363e+14	5.06e-10	1.34e-04	1.00e+00
 2.98887e+14	5.99e-10	1.47e-04	1.00e+00
 3.10173e+14	7.03e-10	1.60e-04	1.00e+00
 3.21911e+14	8.25e-10	1.73e-04	1.00e+00
 3.34817e+14	9.78e-10	1.90e-04	1.00e+00
 3.45739e+14	1.12e-09	2.04e-04	1.00e+00
 3.53727e+14	1.24e-09	2.15e-04	1.00e+00
 3.62114e+14	1.37e-09	2.26e-04	1.00e+00
 3.73017e+14	1.56e-09	2.42e-04	1.00e+00
 3.85042e+14	1.79e-09	2.60e-04	1.00e+00
 3.96167e+14	2.03e-09	2.77e-04	1.00e+00
 4.08271e+14	2.31e-09	2.96e-04	1.00e+00
 4.21876e+14	2.66e-09	3.19e-04	1.00e+00
 4.34830e+14	3.04e-09	3.41e-04	1.00e+00
 4.49070e+14	3.50e-09	3.66e-04	1.00e+00
 4.64996e+14	4.06e-09	3.96e-04	1.00e+00
 4.80127e+14	4.67e-09	4.25e-04	1.00e+00
 4.96811e+14	5.42e-09	4.59e-04	1.00e+00
 5.15508e+14	6.35e-09	4.98e-04	1.00e+00
 5.33155e+14	7.35e-09	5.36e-04	9.99e-01
 5.52380e+14	8.57e-09	5.80e-04	9.99e-01
 5.73751e+14	1.01e-08	6.31e-04	9.99e-01
 5.93789e+14	1.17e-08	6.79e-04	9.99e-01
 6.15383e+14	1.37e-08	7.35e-04	9.99e-01
 6.39469e+14	1.61e-08	7.99e-04	9.99e-01
 6.62592e+14	1.87e-08	8.63e-04	9.99e-01
 6.87198e+14	2.19e-08	9.35e-04	9.99e-01
 7.14716e+14	2.59e-08	1.02e-03	9.99e-01
 7.37891e+14	2.98e-08	1.09e-03	9.99e-01
 7.54575e+14	3.27e-08	1.14e-03	9.99e-01
 7.71911e+14	3.61e-08	1.20e-03	9.99e-01
 7.94448e+14	4.08e-08	1.28e-03	9.99e-01
 8.19583e+14	4.66e-08	1.37e-03	9.99e-01
 8.43116e+14	5.25e-08	1.45e-03	9.99e-01
 8.68732e+14	5.96e-08	1.55e-03	9.98e-01
 8.97395e+14	6.84e-08	1.66e-03	9.98e-01
 9.24444e+14	7.75e-08	1.77e-03	9.98e-01
 9.54036e+14	8.85e-08	1.89e-03	9.98e-01
 9.87203e+14	1.02e-07	2.03e-03	9.98e-01
 1.01867e+15	1.17e-07	2.17e-03	9.98e-01
 1.05323e+15	1.34e-07	2.33e-03	9.98e-01
 1.09175e+15	1.56e-07	2.51e-03	9.97e-01
 1.12757e+15	1.78e-07	2.69e-03	9.97e-01
 1.16627e+15	2.06e-07	2.89e-03	9.97e-01
 1.20960e+15	2.39e-07	3.12e-03	9.97e-01
 1.25021e+15	2.74e-07	3.34e-03	9.97e-01
 1.29427e+15	3.17e-07	3.59e-03	9.96e-01
 1.34106e+15	3.67e-07	3.87e-03	9.96e-01
 1.38188e+15	4.14e-07	4.11e-03	9.96e-01
 1.41694e+15	4.59e-07	4.33e-03	9.96e-01
 1.45402e+15	5.11e-07	4.57e-03	9.95e-01
 1.50223e+15	5.86e-07	4.90e-03	9.95e-01
 1.55054e+15	6.68e-07	5.23e-03	9.95e-01
 1.58921e+15	7.39e-07	5.50e-03	9.94e-01
 1.62968e+15	8.21e-07	5.80e-03	9.94e-01
 1.68231e+15	9.37e-07	6.20e-03	9.94e-01
 1.73718e+15	1.07e-06	6.63e-03	9.93e-01
 1.78426e+15	1.19e-06	7.00e-03	9.93e-01
 1.83475e+15	1.34e-06	7.43e-03	9.93e-01
 1.90038e+15	1.55e-06	8.00e-03	9.92e-01
 1.96716e+15	1.79e-06	8.59e-03	9.91e-01
 2.02110e+15	2.00e-06	9.08e-03	9.91e-01
 2.07689e+15	2.24e-06	9.62e-03	9.90e-01
 2.14940e+15	2.59e-06	1.04e-02	9.90e-01
 2.22458e+15	2.98e-06	1.11e-02	9.89e-01
 2.28786e+15	3.34e-06	1.18e-02	9.88e-01
 2.35474e+15	3.78e-06	1.26e-02	9.87e-01
 2.42688e+15	4.28e-06	1.34e-02	9.87e-01
 2.49140e+15	4.76e-06	1.41e-02	9.86e-01
 2.54880e+15	5.23e-06	1.49e-02	9.85e-01
 2.61141e+15	5.81e-06	1.57e-02	9.84e-01
 2.68033e+15	6.47e-06	1.66e-02	9.83e-01
 2.74677e+15	7.17e-06	1.75e-02	9.82e-01
 2.81130e+15	7.90e-06	1.85e-02	9.82e-01
 2.88401e+15	8.83e-06	1.96e-02	9.80e-01
 2.96488e+15	9.93e-06	2.09e-02	9.79e-01
 3.04099e+15	1.10e-05	2.21e-02	9.78e-01
 3.11107e+15	1.22e-05	2.34e-02	9.77e-01
 3.18866e+15	1.36e-05	2.49e-02	9.75e-01
 3.27584e+15	1.54e-05	2.66e-02	9.73e-01
 3.35841e+15	1.71e-05	2.83e-02	9.72e-01
 3.43687e+15	1.90e-05	3.01e-02	9.70e-01
 3.52710e+15	2.15e-05	3.24e-02	9.68e-01
 3.62336e+15	2.43e-05	3.49e-02	9.65e-01
 3.70912e+15	2.72e-05	3.73e-02	9.63e-01
 3.78928e+15	3.03e-05	3.98e-02	9.60e-01
 3.86839e+15	3.36e-05	4.25e-02	9.57e-01
 3.95914e+15	3.82e-05	4.60e-02	9.54e-01
 4.05285e+15	4.32e-05	4.99e-02	9.50e-01
 4.13282e+15	4.82e-05	5.35e-02	9.46e-01
 4.20730e+15	5.36e-05	5.73e-02	9.43e-01
 4.27410e+15	5.88e-05	6.10e-02	9.39e-01
 4.33203e+15	6.40e-05	6.46e-02	9.35e-01
 4.39658e+15	7.06e-05	6.90e-02	9.31e-01
 4.46599e+15	7.86e-05	7.41e-02	9.26e-01
 4.52598e+15	8.60e-05	7.89e-02	9.21e-01
 4.58827e+15	9.50e-05	8.47e-02	9.15e-01
 4.65794e+15	1.08e-04	9.18e-02	9.08e-01
 4.71692e+15	1.19e-04	9.84e-02	9.01e-01
 4.76538e+15	1.29e-04	1.04e-01	8.95e-01
 4.82048e+15	1.43e-04	1.12e-01	8.88e-01
 4.89211e+15	1.66e-04	1.24e-01	8.76e-01
 4.95713e+15	1.87e-04	1.35e-01	8.65e-01
 5.00184e+15	2.05e-04	1.44e-01	8.56e-01
 5.04824e+15	2.26e-04	1.55e-01	8.45e-01
 5.10855e+15	2.61e-04	1.70e-01	8.30e-01
 5.16440e+15	2.95e-04	1.86e-01	8.14e-01
 5.20602e+15	3.25e-04	1.99e-01	8.01e-01
 5.25170e+15	3.65e-04	2.15e-01	7.84e-01
 5.30171e+15	4.14e-04	2.35e-01	7.64e-01
 5.34596e+15	4.59e-04	2.54e-01	7.45e-01
 5.39211e+15	5.25e-04	2.77e-01	7.22e-01
 5.43813e+15	5.88e-04	3.02e-01	6.98e-01
 5.48400e+15	6.75e-04	3.29e-01	6.70e-01
 5.52183e+15	7.43e-04	3.52e-01	6.47e-01
 5.54327e+15	7.87e-04	3.66e-01	6.33e-01
 5.56518e+15	8.35e-04	3.82e-01	6.17e-01
 5.59366e+15	9.10e-04	4.03e-01	5.96e-01
 5.62291e+15	9.82e-04	4.25e-01	5.74e-01
 5.65315e+15	1.07e-03	4.49e-01	5.50e-01
 5.68527e+15	1.17e-03	4.74e-01	5.24e-01
 5.71307e+15	1.26e-03	4.97e-01	5.02e-01
 5.73687e+15	1.34e-03	5.17e-01	4.82e-01
 5.76223e+15	1.44e-03	5.38e-01	4.60e-01
 5.78983e+15	1.54e-03	5.61e-01	4.37e-01
 5.82036e+15	1.67e-03	5.88e-01	4.10e-01
 5.85282e+15	1.81e-03	6.15e-01	3.84e-01
 5.88078e+15	1.93e-03	6.37e-01	3.61e-01
 5.90622e+15	2.04e-03	6.57e-01	3.41e-01
 5.93536e+15	2.19e-03	6.80e-01	3.18e-01
 5.96727e+15	2.35e-03	7.03e-01	2.94e-01
 5.99613e+15	2.50e-03	7.24e-01	2.74e-01
 6.02273e+15	2.64e-03	7.41e-01	2.56e-01
 6.05305e+15	2.81e-03	7.61e-01	2.36e-01
 6.08610e+15	3.00e-03	7.80e-01	2.17e-01
 6.11566e+15	3.17e-03	7.97e-01	2.00e-01
 6.14282e+15	3.34e-03	8.10e-01	1.86e-01
 6.17388e+15	3.54e-03	8.26e-01	1.71e-01
 6.20791e+15	3.76e-03	8.40e-01	1.56e-01
 6.23850e+15	3.98e-03	8.52e-01	1.44e-01
 6.26645e+15	4.18e-03	8.63e-01	1.33e-01
 6.29826e+15	4.42e-03	8.74e-01	1.22e-01
 6.33320e+15	4.71e-03	8.84e-01	1.11e-01
 6.36485e+15	4.98e-03	8.93e-01	1.02e-01
 6.39419e+15	5.25e-03	9.00e-01	9.45e-02
 6.42792e+15	5.60e-03	9.08e-01	8.62e-02
 6.46465e+15	6.00e-03	9.16e-01	7.83e-02
 6.49782e+15	6.38e-03	9.21e-01	7.21e-02
 6.52801e+15	6.78e-03	9.26e-01	6.68e-02
 6.56179e+15	7.27e-03	9.32e-01	6.11e-02
 6.60571e+15	7.97e-03	9.37e-01	5.46e-02
 6.64968e+15	8.80e-03	9.42e-01	4.91e-02
 6.68333e+15	9.54e-03	9.45e-01	4.54e-02
 6.71169e+15	1.02e-02	9.47e-01	4.25e-02
 6.74357e+15	1.11e-02	9.50e-01	3.92e-02
 6.78502e+15	1.24e-02	9.52e-01	3.55e-02
 6.82585e+15	1.40e-02	9.54e-01	3.24e-02
 6.85571e+15	1.55e-02	9.54e-01	3.03e-02
 6.87772e+15	1.67e-02	9.54e-01	2.89e-02
 6.89968e+15	1.80e-02	9.55e-01	2.74e-02
 6.92451e+15	1.98e-02	9.54e-01	2.59e-02
 6.94722e+15	2.17e-02	9.54e-01	2.46e-02
 6.96642e+15	2.35e-02	9.53e-01	2.37e-02
 6.98689e+15	2.57e-02	9.52e-01	2.26e-02
 7.00893e+15	2.84e-02	9.50e-01	2.16e-02
 7.02774e+15	3.13e-02	9.48e-01	2.07e-02
 7.04330e+15	3.38e-02	9.46e-01	2.01e-02
 7.05991e+15	3.70e-02	9.44e-01	1.94e-02
 7.07834e+15	4.11e-02	9.40e-01	1.87e-02
 7.09491e+15	4.53e-02	9.37e-01	1.82e-02
 7.10922e+15	4.94e-02	9.33e-01	1.77e-02
 7.12232e+15	5.38e-02	9.29e-01	1.73e-02
 7.13684e+15	5.92e-02	9.24e-01	1.69e-02
 7.15573e+15	6.73e-02	9.16e-01	1.64e-02
 7.17450e+15	7.72e-02	9.07e-01	1.60e-02
 7.18841e+15	8.62e-02	8.98e-01	1.57e-02
 7.19969e+15	9.41e-02	8.90e-01	1.56e-02
 7.21047e+15	1.03e-01	8.82e-01	1.54e-02
 7.22203e+15	1.13e-01	8.72e-01	1.53e-02
 7.23419e+15	1.25e-01	8.60e-01	1.52e-02
 7.24509e+15	1.38e-01	8.47e-01	1.50e-02
 7.25472e+15	1.50e-01	8.35e-01	1.50e-02
 7.26347e+15	1.62e-01	8.23e-01	1.50e-02
 7.27162e+15	1.74e-01	8.11e-01	1.50e-02
 7.27813e+15	1.84e-01	8.01e-01	1.50e-02
 7.28249e+15	1.92e-01	7.93e-01	1.49e-02
 7.28649e+15	1.99e-01	7.86e-01	1.49e-02
 7.29115e+15	2.08e-01	7.77e-01	1.49e-02
 7.29628e+15	2.18e-01	7.68e-01	1.49e-02
 7.30128e+15	2.28e-01	7.57e-01	1.49e-02
 7.30596e+15	2.37e-01	7.48e-01	1.49e-02
 7.31057e+15	2.48e-01	7.37e-01	1.49e-02
 7.31523e+15	2.58e-01	7.27e-01	1.49e-02
 7.31994e+15	2.70e-01	7.15e-01	1.48e-02
 7.32460e+15	2.81e-01	7.04e-01	1.48e-02
 7.32921e+15	2.93e-01	6.92e-01	1.48e-02
 7.33383e+15	3.05e-01	6.80e-01	1.48e-02
 7.33848e+15	3.18e-01	6.67e-01	1.47e-02
 7.34310e+15	3.31e-01	6.54e-01	1.47e-02
 7.34772e+15	3.45e-01	6.40e-01	1.46e-02
 7.35241e+15	3.59e-01	6.26e-01	1.46e-02
 7.35700e+15	3.73e-01	6.12e-01	1.45e-02
 7.36155e+15	3.88e-01	5.98e-01	1.44e-02
 7.36624e+15	4.03e-01	5.82e-01	1.43e-02
 7.37094e+15	4.19e-01	5.67e-01	1.42e-02
 7.37564e+15	4.35e-01	5.51e-01	1.41e-02
 7.38037e+15	4.51e-01	5.35e-01	1.40e-02
 7.38513e+15	4.67e-01	5.19e-01	1.38e-02
 7.38999e+15	4.85e-01	5.02e-01	1.37e-02
 7.39487e+15	5.02e-01	4.85e-01	1.35e-02
 7.39976e+15	5.19e-01	4.68e-01	1.33e-02
 7.40467e+15	5.36e-01	4.51e-01	1.31e-02
 7.40961e+15	5.54e-01	4.34e-01	1.28e-02
 7.41458e+15	5.71e-01	4.17e-01	1.26e-02
 7.41959e+15	5.88e-01	4.00e-01	1.23e-02
 7.42469e+15	6.05e-01	3.83e-01	1.20e-02
 7.42987e+15	6.22e-01	3.67e-01	1.17e-02
 7.43517e+15	6.38e-01	3.50e-01	1.14e-02
 7.44059e+15	6.55e-01	3.34e-01	1.11e-02
 7.44621e+15	6.71e-01	3.18e-01	1.07e-02
 7.45204e+15	6.87e-01	3.03e-01	1.03e-02
 7.45814e+15	7.02e-01	2.88e-01	9.98e-03
 7.46451e+15	7.17e-01	2.74e-01	9.60e-03
 7.47125e+15	7.31e-01	2.59e-01	9.21e-03
 7.47850e+15	7.45e-01	2.46e-01	8.80e-03
 7.48635e+15	7.59e-01	2.32e-01	8.38e-03
 7.49503e+15	7.72e-01	2.20e-01	7.96e-03
 7.50468e+15	7.84e-01	2.08e-01	7.54e-03
 7.51541e+15	7.96e-01	1.97e-01	7.13e-03
 7.52698e+15	8.06e-01	1.87e-01	6.74e-03
 7.53873e+15	8.14e-01	1.80e-01	6.40e-03
 7.55040e+15	8.20e-01	1.73e-01	6.12e-03
 7.56377e+15	8.27e-01	1.67e-01	5.80e-03
 7.57947e+15	8.33e-01	1.61e-01	5.50e-03
 7.59609e+15	8.38e-01	1.56e-01	5.21e-03
 7.61348e+15	8.43e-01	1.52e-01	4.94e-03
 7.63165e+15	8.48e-01	1.48e-01	4.69e-03
 7.65041e+15	8.52e-01	1.44e-01	4.44e-03
 7.66938e+15	8.56e-01	1.40e-01	4.22e-03
 7.68829e+15	8.59e-01	1.37e-01	4.01e-03
 7.70699e+15	8.63e-01	1.33e-01	3.81e-03
 7.72543e+15	8.66e-01	1.30e-01	3.63e-03
 7.74358e+15	8.69e-01	1.27e-01	3.46e-03
 7.76142e+15	8.72e-01	1.24e-01	3.30e-03
 7.77892e+15	8.75e-01	1.22e-01	3.15e-03
 7.79609e+15	8.78e-01	1.19e-01	3.01e-03
 7.81292e+15	8.80e-01	1.17e-01	2.88e-03
 7.82943e+15	8.83e-01	1.15e-01	2.77e-03
 7.84604e+15	8.85e-01	1.12e-01	2.65e-03
 7.86215e+15	8.87e-01	1.10e-01	2.54e-03
 7.87768e+15	8.90e-01	1.08e-01	2.44e-03
 7.89324e+15	8.92e-01	1.06e-01	2.35e-03
 7.90848e+15	8.94e-01	1.04e-01	2.26e-03
 7.92329e+15	8.96e-01	1.02e-01	2.18e-03
 7.93780e+15	8.98e-01	1.00e-01	2.10e-03
 7.95210e+15	8.99e-01	9.86e-02	2.02e-03
 7.96606e+15	9.01e-01	9.70e-02	1.95e-03
 7.97974e+15	9.03e-01	9.54e-02	1.89e-03
 7.99343e+15	9.04e-01	9.39e-02	1.82e-03
 8.00707e+15	9.06e-01	9.24e-02	1.76e-03
 8.02055e+15	9.07e-01	9.09e-02	1.70e-03
 8.03381e+15	9.09e-01	8.95e-02	1.65e-03
 8.04691e+15	9.10e-01	8.81e-02	1.60e-03
 8.05988e+15	9.12e-01	8.68e-02	1.55e-03
 8.07274e+15	9.13e-01	8.55e-02	1.50e-03
 8.08550e+15	9.14e-01	8.42e-02	1.45e-03
 8.09815e+15	9.16e-01	8.29e-02	1.41e-03
 8.11073e+15	9.17e-01	8.17e-02	1.36e-03
 8.12326e+15	9.18e-01	8.06e-02	1.32e-03
 8.13574e+15	9.19e-01	7.94e-02	1.28e-03
 8.14821e+15	9.21e-01	7.82e-02	1.25e-03
 8.16068e+15	9.22e-01	7.71e-02	1.21e-03
 8.17320e+15	9.23e-01	7.60e-02	1.17e-03
 8.18584e+15	9.24e-01	7.49e-02	1.14e-03
 8.19880e+15	9.25e-01	7.38e-02	1.10e-03
 8.21212e+15	9.26e-01	7.27e-02	1.07e-03
 8.22569e+15	9.27e-01	7.16e-02	1.03e-03
 8.23955e+15	9.29e-01	7.05e-02	9.99e-04
 8.25382e+15	9.30e-01	6.93e-02	9.66e-04
 8.26870e+15	9.31e-01	6.81e-02	9.32e-04
 8.28437e+15	9.32e-01	6.69e-02	8.98e-04
 8.30109e+15	9.33e-01	6.57e-02	8.62e-04
 8.31928e+15	9.35e-01	6.43e-02	8.25e-04
 8.33957e+15	9.36e-01	6.28e-02	7.86e-04
 8.36314e+15	9.38e-01	6.12e-02	7.42e-04
 8.38867e+15	9.40e-01	5.94e-02	6.99e-04
 8.41300e+15	9.42e-01	5.78e-02	6.60e-04
 8.43514e+15	9.43e-01	5.64e-02	6.26e-04
 8.45529e+15	9.44e-01	5.51e-02	5.97e-04
 8.47362e+15	9.45e-01	5.40e-02	5.72e-04
 8.49030e+15	9.46e-01	5.30e-02	5.50e-04
 8.50549e+15	9.47e-01	5.21e-02	5.30e-04
 8.51930e+15	9.48e-01	5.12e-02	5.12e-04
 8.53188e+15	9.49e-01	5.05e-02	4.97e-04
 8.54565e+15	9.50e-01	4.97e-02	4.81e-04
 8.56356e+15	9.51e-01	4.87e-02	4.60e-04
 8.58290e+15	9.52e-01	4.76e-02	4.39e-04
 8.60049e+15	9.53e-01	4.66e-02	4.21e-04
 8.61651e+15	9.54e-01	4.58e-02	4.04e-04
 8.63108e+15	9.55e-01	4.50e-02	3.90e-04
 8.64434e+15	9.55e-01	4.43e-02	3.77e-04
 8.65640e+15	9.56e-01	4.36e-02	3.66e-04
 8.66738e+15	9.57e-01	4.30e-02	3.56e-04
 8.67942e+15	9.57e-01	4.24e-02	3.44e-04
 8.69240e+15	9.58e-01	4.17e-02	3.34e-04
 8.70423e+15	9.59e-01	4.11e-02	3.24e-04
 8.71498e+15	9.59e-01	4.06e-02	3.15e-04
 8.72477e+15	9.60e-01	4.01e-02	3.07e-04
 8.73550e+15	9.60e-01	3.95e-02	2.98e-04
 8.74708e+15	9.61e-01	3.90e-02	2.89e-04
 8.75761e+15	9.61e-01	3.84e-02	2.81e-04
 8.76720e+15	9.62e-01	3.80e-02	2.74e-04
 8.77771e+15	9.62e-01	3.74e-02	2.66e-04
 8.78906e+15	9.63e-01	3.69e-02	2.59e-04
 8.79938e+15	9.63e-01	3.64e-02	2.51e-04
 8.80877e+15	9.64e-01	3.60e-02	2.45e-04
 8.81907e+15	9.64e-01	3.55e-02	2.38e-04
 8.83018e+15	9.65e-01	3.50e-02	2.31e-04
 8.84029e+15	9.65e-01	3.45e-02	2.25e-04
 8.84950e+15	9.66e-01	3.41e-02	2.19e-04
 8.85958e+15	9.66e-01	3.36e-02	2.13e-04
 8.87047e+15	9.67e-01	3.31e-02	2.07e-04
 8.88037e+15	9.67e-01	3.27e-02	2.02e-04
 8.88939e+15	9.68e-01	3.23e-02	1.97e-04
 8.89927e+15	9.68e-01	3.19e-02	1.91e-04
 8.90993e+15	9.68e-01	3.14e-02	1.86e-04
 8.91964e+15	9.69e-01	3.10e-02	1.81e-04
 8.92847e+15	9.69e-01	3.07e-02	1.77e-04
 8.93815e+15	9.70e-01	3.02e-02	1.72e-04
 8.94860e+15	9.70e-01	2.99e-02	1.68e-04
 8.95811e+15	9.70e-01	2.95e-02	1.64e-04
 8.96852e+15	9.71e-01	2.91e-02	1.59e-04
 8.97977e+15	9.71e-01	2.87e-02	1.54e-04
 8.99001e+15	9.72e-01	2.83e-02	1.50e-04
 8.99932e+15	9.72e-01	2.79e-02	1.47e-04
 9.00953e+15	9.72e-01	2.75e-02	1.43e-04
 9.02055e+15	9.73e-01	2.72e-02	1.39e-04
 9.03057e+15	9.73e-01	2.68e-02	1.35e-04
 9.04156e+15	9.73e-01	2.65e-02	1.31e-04
 9.05342e+15	9.74e-01	2.61e-02	1.28e-04
 9.06422e+15	9.74e-01	2.57e-02	1.24e-04
 9.07605e+15	9.75e-01	2.53e-02	1.21e-04
 9.08882e+15	9.75e-01	2.50e-02	1.17e-04
 9.10044e+15	9.75e-01	2.46e-02	1.14e-04
 9.11101e+15	9.76e-01	2.43e-02	1.11e-04
 9.12260e+15	9.76e-01	2.39e-02	1.07e-04
 9.13511e+15	9.76e-01	2.36e-02	1.04e-04
 9.14649e+15	9.77e-01	2.33e-02	1.02e-04
 9.15897e+15	9.77e-01	2.29e-02	9.84e-05
 9.17244e+15	9.77e-01	2.25e-02	9.54e-05
 9.18469e+15	9.78e-01	2.22e-02	9.27e-05
 9.19584e+15	9.78e-01	2.19e-02	9.03e-05
 9.20806e+15	9.78e-01	2.16e-02	8.76e-05
 9.22126e+15	9.79e-01	2.13e-02	8.52e-05
 9.23326e+15	9.79e-01	2.10e-02	8.27e-05
 9.24642e+15	9.79e-01	2.06e-02	8.01e-05
 9.26062e+15	9.80e-01	2.03e-02	7.76e-05
 9.27355e+15	9.80e-01	2.00e-02	7.54e-05
 9.28771e+15	9.80e-01	1.97e-02	7.29e-05
 9.30300e+15	9.81e-01	1.94e-02	7.05e-05
 9.31691e+15	9.81e-01	1.91e-02	6.83e-05
 9.32957e+15	9.81e-01	1.88e-02	6.64e-05
 9.34345e+15	9.81e-01	1.85e-02	6.43e-05
 9.35843e+15	9.82e-01	1.82e-02	6.23e-05
 9.37206e+15	9.82e-01	1.79e-02	6.05e-05
 9.38699e+15	9.82e-01	1.76e-02	5.85e-05
 9.40312e+15	9.83e-01	1.73e-02	5.66e-05
 9.41779e+15	9.83e-01	1.70e-02	5.48e-05
 9.43387e+15	9.83e-01	1.67e-02	5.29e-05
 9.45123e+15	9.84e-01	1.64e-02	5.11e-05
 9.46703e+15	9.84e-01	1.62e-02	4.94e-05
 9.48140e+15	9.84e-01	1.59e-02	4.80e-05
 9.49715e+15	9.84e-01	1.57e-02	4.63e-05
 9.51416e+15	9.85e-01	1.54e-02	4.48e-05
 9.52963e+15	9.85e-01	1.52e-02	4.34e-05
 9.54659e+15	9.85e-01	1.49e-02	4.19e-05
 9.56490e+15	9.85e-01	1.46e-02	4.04e-05
 9.58156e+15	9.86e-01	1.44e-02	3.91e-05
 9.59981e+15	9.86e-01	1.41e-02	3.77e-05
 9.61952e+15	9.86e-01	1.38e-02	3.63e-05
 9.63745e+15	9.86e-01	1.36e-02	3.50e-05
 9.65711e+15	9.87e-01	1.33e-02	3.37e-05
 9.67832e+15	9.87e-01	1.31e-02	3.24e-05
 9.69763e+15	9.87e-01	1.28e-02	3.12e-05
 9.71879e+15	9.87e-01	1.26e-02	2.99e-05
 9.74163e+15	9.88e-01	1.23e-02	2.87e-05
 9.76241e+15	9.88e-01	1.21e-02	2.76e-05
 9.78132e+15	9.88e-01	1.19e-02	2.67e-05
 9.80205e+15	9.88e-01	1.16e-02	2.57e-05
 9.82442e+15	9.89e-01	1.14e-02	2.47e-05
 9.84478e+15	9.89e-01	1.12e-02	2.38e-05
 9.86710e+15	9.89e-01	1.09e-02	2.28e-05
 9.89118e+15	9.89e-01	1.07e-02	2.19e-05
 9.91310e+15	9.89e-01	1.05e-02	2.11e-05
 9.93712e+15	9.90e-01	1.03e-02	2.02e-05
 9.96305e+15	9.90e-01	1.01e-02	1.93e-05
 9.98665e+15	9.90e-01	9.86e-03	1.86e-05
 1.00125e+16	9.90e-01	9.63e-03	1.77e-05
 1.00404e+16	9.91e-01	9.41e-03	1.69e-05
 1.00658e+16	9.91e-01	9.21e-03	1.62e-05
 1.00937e+16	9.91e-01	8.99e-03	1.55e-05
 1.01237e+16	9.91e-01	8.77e-03	1.47e-05
 1.01511e+16	9.91e-01	8.58e-03	1.41e-05
 1.01810e+16	9.92e-01	8.36e-03	1.34e-05
 1.02134e+16	9.92e-01	8.15e-03	1.27e-05
 1.02428e+16	9.92e-01	7.96e-03	1.22e-05
 1.02751e+16	9.92e-01	7.75e-03	1.16e-05
 1.03099e+16	9.92e-01	7.54e-03	1.09e-05
 1.03416e+16	9.93e-01	7.36e-03	1.04e-05
 1.03763e+16	9.93e-01	7.16e-03	9.88e-06
 1.04138e+16	9.93e-01	6.96e-03	9.34e-06
 1.04479e+16	9.93e-01	6.78e-03	8.88e-06
 1.04853e+16	9.93e-01	6.59e-03	8.38e-06
 1.05339e+16	9.94e-01	6.35e-03	7.77e-06
 1.05901e+16	9.94e-01	6.08e-03	7.16e-06
 1.06468e+16	9.94e-01	5.84e-03	6.60e-06
 1.07036e+16	9.94e-01	5.60e-03	6.08e-06
 1.07626e+16	9.95e-01	5.37e-03	5.60e-06
 1.08243e+16	9.95e-01	5.14e-03	5.14e-06
 1.08882e+16	9.95e-01	4.92e-03	4.70e-06
 1.09541e+16	9.95e-01	4.70e-03	4.30e-06
 1.10222e+16	9.96e-01	4.49e-03	3.92e-06
 1.10929e+16	9.96e-01	4.28e-03	3.57e-06
 1.11655e+16	9.96e-01	4.08e-03	3.25e-06
 1.12392e+16	9.96e-01	3.89e-03	2.95e-06
 1.13140e+16	9.96e-01	3.70e-03	2.68e-06
 1.13901e+16	9.96e-01	3.53e-03	2.44e-06
 1.14667e+16	9.97e-01	3.36e-03	2.22e-06
 1.15444e+16	9.97e-01	3.20e-03	2.01e-06
 1.16246e+16	9.97e-01	3.05e-03	1.82e-06
 1.17067e+16	9.97e-01	2.90e-03	1.65e-06
 1.17900e+16	9.97e-01	2.76e-03	1.49e-06
 1.18745e+16	9.97e-01	2.62e-03	1.35e-06
 1.19606e+16	9.98e-01	2.49e-03	1.22e-06
 1.20484e+16	9.98e-01	2.36e-03	1.10e-06
 1.21379e+16	9.98e-01	2.24e-03	9.92e-07
 1.22291e+16	9.98e-01	2.13e-03	8.94e-07
 1.23218e+16	9.98e-01	2.02e-03	8.04e-07
 1.24162e+16	9.98e-01	1.91e-03	7.23e-07
 1.25125e+16	9.98e-01	1.81e-03	6.49e-07
 1.26108e+16	9.98e-01	1.71e-03	5.82e-07
 1.27111e+16	9.98e-01	1.62e-03	5.21e-07
 1.28133e+16	9.98e-01	1.53e-03	4.66e-07
 1.29176e+16	9.99e-01	1.45e-03	4.16e-07
 1.30241e+16	9.99e-01	1.36e-03	3.71e-07
 1.31328e+16	9.99e-01	1.29e-03	3.30e-07
 1.32440e+16	9.99e-01	1.21e-03	2.93e-07
 1.33576e+16	9.99e-01	1.14e-03	2.60e-07
 1.34738e+16	9.99e-01	1.07e-03	2.30e-07
 1.35928e+16	9.99e-01	1.01e-03	2.03e-07
 1.37147e+16	9.99e-01	9.46e-04	1.79e-07
 1.38396e+16	9.99e-01	8.87e-04	1.58e-07
 1.39678e+16	9.99e-01	8.31e-04	1.38e-07
 1.40994e+16	9.99e-01	7.77e-04	1.21e-07
 1.42348e+16	9.99e-01	7.25e-04	1.06e-07
 1.43739e+16	9.99e-01	6.75e-04	9.18e-08
 1.45172e+16	9.99e-01	6.29e-04	7.97e-08
 1.46620e+16	9.99e-01	5.86e-04	6.92e-08
 1.48106e+16	9.99e-01	5.44e-04	5.97e-08
 1.49685e+16	9.99e-01	5.03e-04	5.11e-08
 1.51339e+16	1.00e+00	4.64e-04	4.35e-08
 1.53046e+16	1.00e+00	4.27e-04	3.69e-08
 1.54815e+16	1.00e+00	3.92e-04	3.11e-08
 1.56662e+16	1.00e+00	3.58e-04	2.60e-08
 1.58599e+16	1.00e+00	3.27e-04	2.16e-08
 1.60633e+16	1.00e+00	2.96e-04	1.78e-08
 1.62776e+16	1.00e+00	2.68e-04	1.46e-08
 1.65049e+16	1.00e+00	2.41e-04	1.18e-08
 1.67492e+16	1.00e+00	2.15e-04	9.37e-09
 1.70070e+16	1.00e+00	1.90e-04	7.38e-09
 1.72828e+16	1.00e+00	1.67e-04	5.72e-09
 1.75864e+16	1.00e+00	1.46e-04	4.33e-09
 1.79180e+16	1.00e+00	1.25e-04	3.20e-09
 1.82830e+16	1.00e+00	1.06e-04	2.30e-09
 1.86918e+16	1.00e+00	8.83e-05	1.59e-09
 1.91706e+16	1.00e+00	7.12e-05	1.04e-09
 1.97204e+16	1.00e+00	5.62e-05	6.48e-10
 2.02970e+16	1.00e+00	4.40e-05	3.99e-10
 2.08659e+16	1.00e+00	3.48e-05	2.50e-10
 2.14263e+16	1.00e+00	2.77e-05	1.58e-10
 2.19932e+16	1.00e+00	2.21e-05	1.01e-10
 2.25730e+16	1.00e+00	1.76e-05	6.40e-11
 2.31654e+16	1.00e+00	1.40e-05	4.05e-11
 2.37680e+16	1.00e+00	1.11e-05	2.57e-11
 2.43797e+16	1.00e+00	8.89e-06	1.64e-11
 2.50047e+16	1.00e+00	7.09e-06	1.04e-11
 2.56442e+16	1.00e+00	5.65e-06	6.63e-12
 2.62986e+16	1.00e+00	4.50e-06	4.21e-12
 2.69688e+16	1.00e+00	3.58e-06	2.67e-12
 2.76554e+16	1.00e+00	2.84e-06	1.69e-12
 2.83586e+16	1.00e+00	2.26e-06	1.07e-12
 2.90820e+16	1.00e+00	1.79e-06	6.71e-13
 2.98300e+16	1.00e+00	1.41e-06	4.19e-13
 3.06032e+16	1.00e+00	1.11e-06	2.60e-13
 3.14058e+16	1.00e+00	8.73e-07	1.60e-13
 3.22291e+16	1.00e+00	6.84e-07	9.87e-14
 3.30522e+16	1.00e+00	5.39e-07	6.14e-14
 3.38581e+16	1.00e+00	4.29e-07	3.90e-14
 3.46436e+16	1.00e+00	3.45e-07	2.52e-14
 3.54112e+16	1.00e+00	2.79e-07	1.66e-14
 3.61603e+16	1.00e+00	2.28e-07	1.11e-14
 3.68908e+16	1.00e+00	1.88e-07	7.55e-15
 3.75997e+16	1.00e+00	1.56e-07	5.23e-15
 3.82845e+16	1.00e+00	1.31e-07	3.68e-15
 3.89446e+16	1.00e+00	1.11e-07	2.64e-15
 3.95798e+16	1.00e+00	9.47e-08	1.92e-15
 4.01902e+16	1.00e+00	8.14e-08	1.42e-15
 4.07758e+16	1.00e+00	7.05e-08	1.07e-15
 4.13364e+16	1.00e+00	6.16e-08	8.18e-16
 4.18723e+16	1.00e+00	5.42e-08	6.34e-16
 4.23841e+16	1.00e+00	4.80e-08	4.98e-16
 4.28728e+16	1.00e+00	4.28e-08	3.96e-16
 4.33391e+16	1.00e+00	3.84e-08	3.19e-16
 4.37839e+16	1.00e+00	3.46e-08	2.60e-16
 4.42078e+16	1.00e+00	3.14e-08	2.15e-16
 4.46116e+16	1.00e+00	2.87e-08	1.79e-16
 4.49961e+16	1.00e+00	2.63e-08	1.50e-16
 4.53622e+16	1.00e+00	2.42e-08	1.28e-16
 4.57106e+16	1.00e+00	2.24e-08	1.09e-16
 4.60423e+16	1.00e+00	2.08e-08	9.46e-17
 4.63583e+16	1.00e+00	1.94e-08	8.23e-17
 4.66598e+16	1.00e+00	1.82e-08	7.22e-17
 4.69472e+16	1.00e+00	1.71e-08	6.37e-17
 4.72210e+16	1.00e+00	1.61e-08	5.66e-17
 4.74819e+16	1.00e+00	1.52e-08	5.06e-17
 4.77310e+16	1.00e+00	1.44e-08	4.55e-17
 4.79688e+16	1.00e+00	1.37e-08	4.11e-17
 4.81962e+16	1.00e+00	1.30e-08	3.73e-17
 4.84136e+16	1.00e+00	1.24e-08	3.40e-17
 4.86214e+16	1.00e+00	1.19e-08	3.12e-17
 4.88203e+16	1.00e+00	1.14e-08	2.87e-17
 4.90111e+16	1.00e+00	1.10e-08	2.65e-17
 4.91944e+16	1.00e+00	1.06e-08	2.45e-17
 4.93705e+16	1.00e+00	1.02e-08	2.28e-17
 4.95400e+16	1.00e+00	9.81e-09	2.12e-17
 4.97032e+16	1.00e+00	9.49e-09	1.99e-17
 4.98609e+16	1.00e+00	9.18e-09	1.86e-17
 5.00135e+16	1.00e+00	8.89e-09	1.75e-17
 5.01617e+16	1.00e+00	8.62e-09	1.64e-17
 5.03057e+16	1.00e+00	8.37e-09	1.55e-17
 5.04462e+16	1.00e+00	8.13e-09	1.46e-17
 5.05835e+16	1.00e+00	7.90e-09	1.38e-17
 5.07184e+16	1.00e+00	7.69e-09	1.31e-17
 5.08515e+16	1.00e+00	7.48e-09	1.24e-17
 5.09834e+16	1.00e+00	7.28e-09	1.17e-17
 5.11148e+16	1.00e+00	7.09e-09	1.11e-17
 5.12464e+16	1.00e+00	6.90e-09	1.06e-17
 5.13791e+16	1.00e+00	6.71e-09	1.00e-17
 5.15141e+16	1.00e+00	6.53e-09	9.46e-18
 5.16526e+16	1.00e+00	6.35e-09	8.95e-18
 5.17962e+16	1.00e+00	6.17e-09	8.44e-18
 5.19470e+16	1.00e+00	5.98e-09	7.94e-18
 5.21074e+16	1.00e+00	5.79e-09	7.44e-18
 5.22808e+16	1.00e+00	5.59e-09	6.94e-18
 5.24718e+16	1.00e+00	5.37e-09	6.42e-18
 5.26874e+16	1.00e+00	5.14e-09	5.89e-18
 5.29371e+16	1.00e+00	4.89e-09	5.32e-18
 5.32356e+16	1.00e+00	4.60e-09	4.72e-18
 5.36061e+16	1.00e+00	4.26e-09	4.06e-18
 5.40816e+16	1.00e+00	3.87e-09	3.36e-18
 5.46999e+16	1.00e+00	3.42e-09	2.62e-18
 5.55036e+16	1.00e+00	2.92e-09	1.91e-18
 5.65484e+16	1.00e+00	2.38e-09	1.28e-18
 5.79066e+16	1.00e+00	1.83e-09	7.61e-19
 5.96724e+16	1.00e+00	1.32e-09	3.96e-19
 6.18140e+16	1.00e+00	9.00e-10	1.85e-19
 6.41124e+16	1.00e+00	6.07e-10	8.50e-20
 6.64870e+16	1.00e+00	4.09e-10	3.88e-20
 6.89386e+16	1.00e+00	2.75e-10	1.78e-20
 7.14018e+16	1.00e+00	1.87e-10	8.32e-21
 7.39617e+16	1.00e+00	1.27e-10	0.00e+00
 7.66574e+16	1.00e+00	8.53e-11	0.00e+00
 7.94322e+16	1.00e+00	5.73e-11	0.00e+00
 8.22607e+16	1.00e+00	3.87e-11	0.00e+00
 8.51029e+16	1.00e+00	2.64e-11	0.00e+00
 8.79451e+16	1.00e+00	1.82e-11	0.00e+00
 9.09312e+16	1.00e+00	1.24e-11	0.00e+00
 9.40612e+16	1.00e+00	8.39e-12	0.00e+00
 9.71912e+16	1.00e+00	5.74e-12	0.00e+00
 1.00321e+17	1.00e+00	3.97e-12	0.00e+00
 1.03451e+17	1.00e+00	2.78e-12	0.00e+00
 1.06582e+17	1.00e+00	1.96e-12	0.00e+00
 1.09489e+17	1.00e+00	1.43e-12	0.00e+00
 1.11703e+17	1.00e+00	1.14e-12	0.00e+00
 1.13095e+17	1.00e+00	1.00e-12	0.00e+00
 1.13924e+17	1.00e+00	9.21e-13	0.00e+00
 1.14422e+17	1.00e+00	8.78e-13	0.00e+00
 1.14724e+17	1.00e+00	8.53e-13	0.00e+00
 1.14937e+17	1.00e+00	8.36e-13	0.00e+00
 1.15145e+17	1.00e+00	8.17e-13	0.00e+00
 1.15385e+17	1.00e+00	7.97e-13	0.00e+00
 1.15641e+17	1.00e+00	7.76e-13	0.00e+00
 1.15867e+17	1.00e+00	7.59e-13	0.00e+00
 1.16057e+17	1.00e+00	7.45e-13	0.00e+00
 1.16227e+17	1.00e+00	7.32e-13	0.00e+00
 1.16394e+17	1.00e+00	7.20e-13	0.00e+00
 1.16568e+17	1.00e+00	7.07e-13	0.00e+00
 1.16739e+17	1.00e+00	6.95e-13	0.00e+00
 1.16888e+17	1.00e+00	6.85e-13	0.00e+00
 1.17013e+17	1.00e+00	6.76e-13	0.00e+00
 1.17134e+17	1.00e+00	6.68e-13	0.00e+00
 1.17265e+17	1.00e+00	6.59e-13	0.00e+00
 1.17393e+17	1.00e+00	6.50e-13	0.00e+00
 1.17507e+17	1.00e+00	6.43e-13	0.00e+00
 1.17609e+17	1.00e+00	6.36e-13	0.00e+00
 1.17707e+17	1.00e+00	6.30e-13	0.00e+00
 1.17805e+17	1.00e+00	6.24e-13	0.00e+00
 1.17903e+17	1.00e+00	6.18e-13	0.00e+00
 1.17999e+17	1.00e+00	6.12e-13	0.00e+00
 1.18093e+17	1.00e+00	6.06e-13	0.00e+00
 1.18179e+17	1.00e+00	6.00e-13	0.00e+00
 1.18258e+17	1.00e+00	5.96e-13	0.00e+00
 1.18340e+17	1.00e+00	5.91e-13	0.00e+00
 1.18425e+17	1.00e+00	5.85e-13	0.00e+00
 1.18507e+17	1.00e+00	5.80e-13	0.00e+00
 1.18584e+17	1.00e+00	5.76e-13	0.00e+00
 1.18662e+17	1.00e+00	5.71e-13	0.00e+00
 1.18740e+17	1.00e+00	5.66e-13	0.00e+00
 1.18815e+17	1.00e+00	5.62e-13	0.00e+00
 1.18887e+17	1.00e+00	5.58e-13	0.00e+00
 1.18961e+17	1.00e+00	5.53e-13	0.00e+00
 1.19040e+17	1.00e+00	5.49e-13	0.00e+00
 1.19116e+17	1.00e+00	5.44e-13	0.00e+00
 1.19188e+17	1.00e+00	5.40e-13	0.00e+00
 1.19263e+17	1.00e+00	5.36e-13	0.00e+00
 1.19341e+17	1.00e+00	5.31e-13	0.00e+00
 1.19418e+17	1.00e+00	5.27e-13	0.00e+00
 1.19493e+17	1.00e+00	5.22e-13	0.00e+00
 1.19572e+17	1.00e+00	5.18e-13	0.00e+00
 1.19654e+17	1.00e+00	5.13e-13	0.00e+00
 1.19736e+17	1.00e+00	5.09e-13	0.00e+00
 1.19815e+17	1.00e+00	5.04e-13	0.00e+00
 1.19899e+17	1.00e+00	5.00e-13	0.00e+00
 1.19987e+17	1.00e+00	4.95e-13	0.00e+00
 1.20084e+17	1.00e+00	4.89e-13	0.00e+00
 1.20183e+17	1.00e+00	4.84e-13	0.00e+00
 1.20275e+17	1.00e+00	4.79e-13	0.00e+00
 1.20361e+17	1.00e+00	4.74e-13	0.00e+00
 1.20451e+17	1.00e+00	4.70e-13	0.00e+00
 1.20552e+17	1.00e+00	4.64e-13	0.00e+00
 1.20663e+17	1.00e+00	4.58e-13	0.00e+00
 1.20770e+17	1.00e+00	4.53e-13	0.00e+00
 1.20866e+17	1.00e+00	4.48e-13	0.00e+00
 1.20965e+17	1.00e+00	4.43e-13	0.00e+00
 1.21083e+17	1.00e+00	4.37e-13	0.00e+00
 1.21212e+17	1.00e+00	4.31e-13	0.00e+00
 1.21340e+17	1.00e+00	4.24e-13	0.00e+00
 1.21456e+17	1.00e+00	4.19e-13	0.00e+00
 1.21568e+17	1.00e+00	4.14e-13	0.00e+00
 1.21691e+17	1.00e+00	4.08e-13	0.00e+00
 1.21831e+17	1.00e+00	4.01e-13	0.00e+00
 1.21979e+17	1.00e+00	3.94e-13	0.00e+00
 1.22122e+17	1.00e+00	3.88e-13	0.00e+00
 1.22259e+17	1.00e+00	3.82e-13	0.00e+00
 1.22403e+17	1.00e+00	3.75e-13	0.00e+00
 1.22557e+17	1.00e+00	3.69e-13	0.00e+00
 1.22719e+17	1.00e+00	3.62e-13	0.00e+00
 1.22886e+17	1.00e+00	3.55e-13	0.00e+00
 1.23054e+17	1.00e+00	3.48e-13	0.00e+00
 1.23222e+17	1.00e+00	3.41e-13	0.00e+00
 1.23398e+17	1.00e+00	3.34e-13	0.00e+00
 1.23589e+17	1.00e+00	3.27e-13	0.00e+00
 1.23787e+17	1.00e+00	3.19e-13	0.00e+00
 1.23973e+17	1.00e+00	3.13e-13	0.00e+00
 1.24168e+17	1.00e+00	3.05e-13	0.00e+00
 1.24389e+17	1.00e+00	2.97e-13	0.00e+00
 1.24611e+17	1.00e+00	2.90e-13	0.00e+00
 1.24827e+17	1.00e+00	2.82e-13	0.00e+00
 1.25048e+17	1.00e+00	2.75e-13	0.00e+00
 1.25282e+17	1.00e+00	2.68e-13	0.00e+00
 1.25529e+17	1.00e+00	2.60e-13	0.00e+00
 1.25779e+17	1.00e+00	2.52e-13	0.00e+00
 1.26030e+17	1.00e+00	2.45e-13	0.00e+00
 1.26290e+17	1.00e+00	2.37e-13	0.00e+00
 1.26559e+17	1.00e+00	2.30e-13	0.00e+00
 1.26831e+17	1.00e+00	2.22e-13	0.00e+00
 1.27111e+17	1.00e+00	2.15e-13	0.00e+00
 1.27407e+17	1.00e+00	2.08e-13	0.00e+00
 1.27718e+17	1.00e+00	2.00e-13	0.00e+00
 1.28036e+17	1.00e+00	1.93e-13	0.00e+00
 1.28355e+17	1.00e+00	1.85e-13	0.00e+00
 1.28676e+17	1.00e+00	1.79e-13	0.00e+00
 1.29017e+17	1.00e+00	1.71e-13	0.00e+00
 1.29381e+17	1.00e+00	1.64e-13	0.00e+00
 1.29742e+17	1.00e+00	1.57e-13	0.00e+00
 1.30098e+17	1.00e+00	1.51e-13	0.00e+00
 1.30470e+17	1.00e+00	1.44e-13	0.00e+00
 1.30869e+17	1.00e+00	1.37e-13	0.00e+00
 1.31287e+17	1.00e+00	1.31e-13	0.00e+00
 1.31711e+17	1.00e+00	1.25e-13	0.00e+00
 1.32148e+17	1.00e+00	1.18e-13	0.00e+00
 1.32596e+17	1.00e+00	1.12e-13	0.00e+00
 1.33049e+17	1.00e+00	1.07e-13	0.00e+00
 1.33528e+17	1.00e+00	1.01e-13	0.00e+00
 1.34048e+17	1.00e+00	9.54e-14	0.00e+00
 1.34599e+17	1.00e+00	8.97e-14	0.00e+00
 1.35153e+17	1.00e+00	8.45e-14	0.00e+00
 1.35709e+17	1.00e+00	7.96e-14	0.00e+00
 1.36294e+17	1.00e+00	7.49e-14	0.00e+00
 1.36880e+17	1.00e+00	7.04e-14	0.00e+00
 1.37423e+17	1.00e+00	6.66e-14	0.00e+00
 1.37911e+17	1.00e+00	6.34e-14	0.00e+00
 1.38371e+17	1.00e+00	6.05e-14	0.00e+00
 1.38832e+17	1.00e+00	5.77e-14	0.00e+00
 1.39291e+17	1.00e+00	5.50e-14	0.00e+00
 1.39720e+17	1.00e+00	5.26e-14	0.00e+00
 1.40103e+17	1.00e+00	5.06e-14	0.00e+00
 1.40447e+17	1.00e+00	4.87e-14	0.00e+00
 1.40767e+17	1.00e+00	4.70e-14	0.00e+00
 1.41069e+17	1.00e+00	4.56e-14	0.00e+00
 1.41355e+17	1.00e+00	4.41e-14	0.00e+00
 1.41622e+17	1.00e+00	4.29e-14	0.00e+00
 1.41872e+17	1.00e+00	4.18e-14	0.00e+00
 1.42107e+17	1.00e+00	4.08e-14	0.00e+00
 1.42331e+17	1.00e+00	3.98e-14	0.00e+00
 1.42547e+17	1.00e+00	3.88e-14	0.00e+00
 1.42755e+17	1.00e+00	3.79e-14	0.00e+00
 1.42954e+17	1.00e+00	3.71e-14	0.00e+00
 1.43145e+17	1.00e+00	3.63e-14	0.00e+00
 1.43331e+17	1.00e+00	3.56e-14	0.00e+00
 1.43512e+17	1.00e+00	3.49e-14	0.00e+00
 1.43689e+17	1.00e+00	3.42e-14	0.00e+00
 1.43861e+17	1.00e+00	3.36e-14	0.00e+00
 1.44030e+17	1.00e+00	3.30e-14	0.00e+00
 1.44195e+17	1.00e+00	3.24e-14	0.00e+00
 1.44357e+17	1.00e+00	3.18e-14	0.00e+00
 1.44517e+17	1.00e+00	3.13e-14	0.00e+00
 1.44673e+17	1.00e+00	3.08e-14	0.00e+00
 1.44828e+17	1.00e+00	3.03e-14	0.00e+00
 1.44980e+17	1.00e+00	2.98e-14	0.00e+00
 1.45130e+17	1.00e+00	2.93e-14	0.00e+00
 1.45302e+17	1.00e+00	2.88e-14	0.00e+00
 1.45525e+17	1.00e+00	2.81e-14	0.00e+00
 1.45816e+17	1.00e+00	2.72e-14	0.00e+00
 1.46193e+17	1.00e+00	2.62e-14	0.00e+00
 1.46684e+17	1.00e+00	2.49e-14	0.00e+00
 1.47301e+17	1.00e+00	2.33e-14	0.00e+00
 1.47966e+17	1.00e+00	2.18e-14	0.00e+00
 1.48566e+17	1.00e+00	2.06e-14	0.00e+00
 1.49082e+17	1.00e+00	1.96e-14	0.00e+00
 1.49569e+17	1.00e+00	1.87e-14	0.00e+00
 1.50087e+17	1.00e+00	1.77e-14	0.00e+00
 1.50652e+17	1.00e+00	1.68e-14	0.00e+00
 1.51236e+17	1.00e+00	1.59e-14	0.00e+00
 1.51810e+17	1.00e+00	1.50e-14	0.00e+00
 1.52373e+17	1.00e+00	1.43e-14	0.00e+00
 1.52950e+17	1.00e+00	1.35e-14	0.00e+00
 1.53566e+17	1.00e+00	1.27e-14	0.00e+00
 1.54228e+17	1.00e+00	1.20e-14	0.00e+00
 1.54936e+17	1.00e+00	1.12e-14	0.00e+00
 1.55698e+17	1.00e+00	1.05e-14	0.00e+00
 1.56544e+17	1.00e+00	9.67e-15	0.00e+00
 1.57531e+17	1.00e+00	8.82e-15	0.00e+00
 1.58748e+17	1.00e+00	7.89e-15	0.00e+00
 1.60312e+17	1.00e+00	6.83e-15	0.00e+00
 1.62344e+17	1.00e+00	5.67e-15	0.00e+00
 1.64986e+17	1.00e+00	4.48e-15	0.00e+00
 1.68421e+17	1.00e+00	3.30e-15	0.00e+00
 1.72886e+17	1.00e+00	2.24e-15	0.00e+00
 1.78691e+17	1.00e+00	1.37e-15	0.00e+00
 1.85612e+17	1.00e+00	7.71e-16	0.00e+00
 1.92667e+17	1.00e+00	4.38e-16	0.00e+00
 1.99028e+17	1.00e+00	2.65e-16	0.00e+00
 2.04626e+17	1.00e+00	1.70e-16	0.00e+00
 2.10729e+17	1.00e+00	1.05e-16	0.00e+00
 2.18462e+17	1.00e+00	5.67e-17	0.00e+00
 2.26184e+17	1.00e+00	3.08e-17	0.00e+00
 2.31687e+17	1.00e+00	1.97e-17	0.00e+00
 2.34989e+17	1.00e+00	1.49e-17	0.00e+00
 2.36970e+17	1.00e+00	1.25e-17	0.00e+00
 2.38158e+17	1.00e+00	1.12e-17	0.00e+00
 2.38872e+17	1.00e+00	1.04e-17	0.00e+00
 2.39300e+17	1.00e+00	9.98e-18	0.00e+00
 2.39556e+17	1.00e+00	9.71e-18	0.00e+00
 2.39738e+17	1.00e+00	9.54e-18	0.00e+00
 2.39935e+17	1.00e+00	9.35e-18	0.00e+00
 2.40191e+17	1.00e+00	9.11e-18	0.00e+00
 2.40512e+17	1.00e+00	8.81e-18	0.00e+00
 2.40851e+17	1.00e+00	8.34e-18	0.00e+00
 2.41139e+17	1.00e+00	8.08e-18	0.00e+00
 2.41361e+17	1.00e+00	7.89e-18	0.00e+00
 2.41562e+17	1.00e+00	7.72e-18	0.00e+00
 2.41792e+17	1.00e+00	7.52e-18	0.00e+00
 2.42077e+17	1.00e+00	7.29e-18	0.00e+00
 2.42382e+17	1.00e+00	7.04e-18	0.00e+00
 2.42645e+17	1.00e+00	6.82e-18	0.00e+00
 2.42851e+17	1.00e+00	6.65e-18	0.00e+00
 2.43035e+17	1.00e+00	6.50e-18	0.00e+00
 2.43239e+17	1.00e+00	6.35e-18	0.00e+00
 2.43484e+17	1.00e+00	6.16e-18	0.00e+00
 2.43756e+17	1.00e+00	5.95e-18	0.00e+00
 2.44007e+17	1.00e+00	5.75e-18	0.00e+00
 2.44207e+17	1.00e+00	5.60e-18	0.00e+00
 2.44379e+17	1.00e+00	5.47e-18	0.00e+00
 2.44559e+17	1.00e+00	5.34e-18	0.00e+00
 2.44776e+17	1.00e+00	5.18e-18	0.00e+00
 2.45022e+17	1.00e+00	5.00e-18	0.00e+00
 2.45250e+17	1.00e+00	4.83e-18	0.00e+00
 2.45437e+17	1.00e+00	4.69e-18	0.00e+00
 2.45600e+17	1.00e+00	4.57e-18	0.00e+00
 2.45770e+17	1.00e+00	4.46e-18	0.00e+00
 2.45972e+17	1.00e+00	4.32e-18	0.00e+00
 2.46195e+17	1.00e+00	4.17e-18	0.00e+00
 2.46405e+17	1.00e+00	4.02e-18	0.00e+00
 2.46582e+17	1.00e+00	3.89e-18	0.00e+00
 2.46738e+17	1.00e+00	3.79e-18	0.00e+00
 2.46901e+17	1.00e+00	3.68e-18	0.00e+00
 2.47091e+17	1.00e+00	3.56e-18	0.00e+00
 2.47300e+17	1.00e+00	3.43e-18	0.00e+00
 2.47500e+17	1.00e+00	3.30e-18	0.00e+00
 2.47671e+17	1.00e+00	3.19e-18	0.00e+00
 2.47824e+17	1.00e+00	3.09e-18	0.00e+00
 2.47983e+17	1.00e+00	3.00e-18	0.00e+00
 2.48167e+17	1.00e+00	2.89e-18	0.00e+00
 2.48369e+17	1.00e+00	2.78e-18	0.00e+00
 2.48563e+17	1.00e+00	2.66e-18	0.00e+00
 2.48731e+17	1.00e+00	2.57e-18	0.00e+00
 2.48885e+17	1.00e+00	2.48e-18	0.00e+00
 2.49046e+17	1.00e+00	2.40e-18	0.00e+00
 2.49228e+17	1.00e+00	2.31e-18	0.00e+00
 2.49427e+17	1.00e+00	2.21e-18	0.00e+00
 2.49618e+17	1.00e+00	2.11e-18	0.00e+00
 2.49789e+17	1.00e+00	2.03e-18	0.00e+00
 2.49947e+17	1.00e+00	1.96e-18	0.00e+00
 2.50110e+17	1.00e+00	1.89e-18	0.00e+00
 2.50293e+17	1.00e+00	1.81e-18	0.00e+00
 2.50496e+17	1.00e+00	1.73e-18	0.00e+00
