#depth	O	O+	O+2	O+3	O+4	O+5	O+6	O+7	O+8	O[1]	O[2]	O[3]
 1.49634e+10	5.75e-28	3.42e-15	4.24e-06	4.88e-01	5.12e-01	0.00e+00	0.00e+00	0.00e+00	0.00e+00	0.00e+00	0.00e+00	0.00e+00
 4.54887e+10	7.57e-28	4.18e-15	4.79e-06	5.08e-01	4.92e-01	1.51e-07	0.00e+00	0.00e+00	0.00e+00	0.00e+00	0.00e+00	0.00e+00
 7.72350e+10	9.93e-28	5.07e-15	5.38e-06	5.27e-01	4.73e-01	0.00e+00	0.00e+00	0.00e+00	0.00e+00	0.00e+00	0.00e+00	0.00e+00
 1.10251e+11	1.30e-27	6.15e-15	6.03e-06	5.47e-01	4.53e-01	0.00e+00	0.00e+00	0.00e+00	0.00e+00	0.00e+00	0.00e+00	0.00e+00
 1.44588e+11	1.70e-27	7.45e-15	6.75e-06	5.66e-01	4.34e-01	0.00e+00	0.00e+00	0.00e+00	0.00e+00	0.00e+00	0.00e+00	0.00e+00
 1.80298e+11	2.21e-27	9.01e-15	7.55e-06	5.86e-01	4.14e-01	0.00e+00	0.00e+00	0.00e+00	0.00e+00	0.00e+00	0.00e+00	0.00e+00
 2.17437e+11	2.89e-27	1.09e-14	8.43e-06	6.05e-01	3.95e-01	0.00e+00	0.00e+00	0.00e+00	0.00e+00	0.00e+00	0.00e+00	0.00e+00
 2.56061e+11	3.75e-27	1.31e-14	9.40e-06	6.23e-01	3.77e-01	0.00e+00	0.00e+00	0.00e+00	0.00e+00	0.00e+00	0.00e+00	0.00e+00
 2.96231e+11	4.87e-27	1.58e-14	1.05e-05	6.42e-01	3.58e-01	0.00e+00	0.00e+00	0.00e+00	0.00e+00	0.00e+00	0.00e+00	0.00e+00
 3.38007e+11	6.31e-27	1.90e-14	1.16e-05	6.60e-01	3.40e-01	0.00e+00	0.00e+00	0.00e+00	0.00e+00	0.00e+00	0.00e+00	0.00e+00
 3.81454e+11	8.17e-27	2.28e-14	1.29e-05	6.77e-01	3.23e-01	0.00e+00	0.00e+00	0.00e+00	0.00e+00	0.00e+00	0.00e+00	0.00e+00
 4.26639e+11	1.06e-26	2.73e-14	1.43e-05	6.94e-01	3.06e-01	0.00e+00	0.00e+00	0.00e+00	0.00e+00	0.00e+00	0.00e+00	0.00e+00
 4.73631e+11	1.36e-26	3.27e-14	1.59e-05	7.11e-01	2.89e-01	0.00e+00	0.00e+00	0.00e+00	0.00e+00	0.00e+00	0.00e+00	0.00e+00
 5.22503e+11	1.76e-26	3.90e-14	1.76e-05	7.27e-01	2.73e-01	0.00e+00	0.00e+00	0.00e+00	0.00e+00	0.00e+00	0.00e+00	0.00e+00
 5.73330e+11	2.26e-26	4.66e-14	1.94e-05	7.42e-01	2.58e-01	0.00e+00	0.00e+00	0.00e+00	0.00e+00	0.00e+00	0.00e+00	0.00e+00
 6.26190e+11	2.90e-26	5.56e-14	2.14e-05	7.57e-01	2.43e-01	0.00e+00	0.00e+00	0.00e+00	0.00e+00	0.00e+00	0.00e+00	0.00e+00
 6.81164e+11	3.73e-26	6.63e-14	2.36e-05	7.71e-01	2.29e-01	0.00e+00	0.00e+00	0.00e+00	0.00e+00	0.00e+00	0.00e+00	0.00e+00
 7.38337e+11	4.77e-26	7.89e-14	2.60e-05	7.85e-01	2.15e-01	0.00e+00	0.00e+00	0.00e+00	0.00e+00	0.00e+00	0.00e+00	0.00e+00
 7.97798e+11	6.11e-26	9.38e-14	2.86e-05	7.98e-01	2.02e-01	0.00e+00	0.00e+00	0.00e+00	0.00e+00	0.00e+00	0.00e+00	0.00e+00
 8.59636e+11	7.81e-26	1.11e-13	3.14e-05	8.10e-01	1.90e-01	0.00e+00	0.00e+00	0.00e+00	0.00e+00	0.00e+00	0.00e+00	0.00e+00
 9.23949e+11	9.97e-26	1.32e-13	3.45e-05	8.22e-01	1.78e-01	0.00e+00	0.00e+00	0.00e+00	0.00e+00	0.00e+00	0.00e+00	0.00e+00
 9.90833e+11	1.27e-25	1.57e-13	3.79e-05	8.33e-01	1.67e-01	0.00e+00	0.00e+00	0.00e+00	0.00e+00	0.00e+00	0.00e+00	0.00e+00
 1.06039e+12	1.62e-25	1.86e-13	4.15e-05	8.44e-01	1.56e-01	0.00e+00	0.00e+00	0.00e+00	0.00e+00	0.00e+00	0.00e+00	0.00e+00
 1.13274e+12	2.06e-25	2.20e-13	4.55e-05	8.54e-01	1.46e-01	0.00e+00	0.00e+00	0.00e+00	0.00e+00	0.00e+00	0.00e+00	0.00e+00
 1.20797e+12	2.62e-25	2.60e-13	4.98e-05	8.64e-01	1.36e-01	0.00e+00	0.00e+00	0.00e+00	0.00e+00	0.00e+00	0.00e+00	0.00e+00
 1.28622e+12	3.32e-25	3.07e-13	5.45e-05	8.73e-01	1.27e-01	0.00e+00	0.00e+00	0.00e+00	0.00e+00	0.00e+00	0.00e+00	0.00e+00
 1.36759e+12	4.21e-25	3.63e-13	5.96e-05	8.82e-01	1.18e-01	0.00e+00	0.00e+00	0.00e+00	0.00e+00	0.00e+00	0.00e+00	0.00e+00
 1.45222e+12	5.33e-25	4.28e-13	6.51e-05	8.90e-01	1.10e-01	0.00e+00	0.00e+00	0.00e+00	0.00e+00	0.00e+00	0.00e+00	0.00e+00
 1.54024e+12	6.75e-25	5.06e-13	7.11e-05	8.97e-01	1.03e-01	0.00e+00	0.00e+00	0.00e+00	0.00e+00	0.00e+00	0.00e+00	0.00e+00
 1.63178e+12	8.53e-25	5.96e-13	7.76e-05	9.04e-01	9.55e-02	0.00e+00	0.00e+00	0.00e+00	0.00e+00	0.00e+00	0.00e+00	0.00e+00
 1.72697e+12	1.08e-24	7.03e-13	8.47e-05	9.11e-01	8.88e-02	0.00e+00	0.00e+00	0.00e+00	0.00e+00	0.00e+00	0.00e+00	0.00e+00
 1.82598e+12	1.36e-24	8.29e-13	9.25e-05	9.17e-01	8.25e-02	0.00e+00	0.00e+00	0.00e+00	0.00e+00	0.00e+00	0.00e+00	0.00e+00
 1.92895e+12	1.72e-24	9.77e-13	1.01e-04	9.23e-01	7.66e-02	0.00e+00	0.00e+00	0.00e+00	0.00e+00	0.00e+00	0.00e+00	0.00e+00
 2.03603e+12	2.16e-24	1.15e-12	1.10e-04	9.29e-01	7.11e-02	0.00e+00	0.00e+00	0.00e+00	0.00e+00	0.00e+00	0.00e+00	0.00e+00
 2.14740e+12	2.72e-24	1.36e-12	1.20e-04	9.34e-01	6.59e-02	0.00e+00	0.00e+00	0.00e+00	0.00e+00	0.00e+00	0.00e+00	0.00e+00
 2.26322e+12	3.43e-24	1.60e-12	1.31e-04	9.39e-01	6.11e-02	0.00e+00	0.00e+00	0.00e+00	0.00e+00	0.00e+00	0.00e+00	0.00e+00
 2.38368e+12	4.31e-24	1.88e-12	1.42e-04	9.43e-01	5.66e-02	0.00e+00	0.00e+00	0.00e+00	0.00e+00	0.00e+00	0.00e+00	0.00e+00
 2.50895e+12	5.42e-24	2.22e-12	1.55e-04	9.47e-01	5.24e-02	0.00e+00	0.00e+00	0.00e+00	0.00e+00	0.00e+00	0.00e+00	0.00e+00
 2.63924e+12	6.81e-24	2.61e-12	1.69e-04	9.51e-01	4.85e-02	0.00e+00	0.00e+00	0.00e+00	0.00e+00	0.00e+00	0.00e+00	0.00e+00
 2.77473e+12	8.56e-24	3.08e-12	1.84e-04	9.55e-01	4.49e-02	0.00e+00	0.00e+00	0.00e+00	0.00e+00	0.00e+00	0.00e+00	0.00e+00
 2.91565e+12	1.08e-23	3.63e-12	2.01e-04	9.58e-01	4.15e-02	0.00e+00	0.00e+00	0.00e+00	0.00e+00	0.00e+00	0.00e+00	0.00e+00
 3.06220e+12	1.35e-23	4.28e-12	2.19e-04	9.61e-01	3.84e-02	0.00e+00	0.00e+00	0.00e+00	0.00e+00	0.00e+00	0.00e+00	0.00e+00
 3.21461e+12	1.70e-23	5.05e-12	2.39e-04	9.64e-01	3.54e-02	0.00e+00	0.00e+00	0.00e+00	0.00e+00	0.00e+00	0.00e+00	0.00e+00
 3.37313e+12	2.13e-23	5.96e-12	2.60e-04	9.67e-01	3.27e-02	0.00e+00	0.00e+00	0.00e+00	0.00e+00	0.00e+00	0.00e+00	0.00e+00
 3.53798e+12	2.68e-23	7.04e-12	2.84e-04	9.70e-01	3.02e-02	0.00e+00	0.00e+00	0.00e+00	0.00e+00	0.00e+00	0.00e+00	0.00e+00
 3.70942e+12	3.37e-23	8.32e-12	3.10e-04	9.72e-01	2.78e-02	0.00e+00	0.00e+00	0.00e+00	0.00e+00	0.00e+00	0.00e+00	0.00e+00
 3.88773e+12	4.25e-23	9.84e-12	3.38e-04	9.74e-01	2.57e-02	0.00e+00	0.00e+00	0.00e+00	0.00e+00	0.00e+00	0.00e+00	0.00e+00
 4.07316e+12	5.35e-23	1.17e-11	3.69e-04	9.76e-01	2.37e-02	0.00e+00	0.00e+00	0.00e+00	0.00e+00	0.00e+00	0.00e+00	0.00e+00
 4.26602e+12	6.75e-23	1.38e-11	4.03e-04	9.78e-01	2.18e-02	0.00e+00	0.00e+00	0.00e+00	0.00e+00	0.00e+00	0.00e+00	0.00e+00
 4.46658e+12	8.53e-23	1.64e-11	4.40e-04	9.79e-01	2.01e-02	0.00e+00	0.00e+00	0.00e+00	0.00e+00	0.00e+00	0.00e+00	0.00e+00
 4.67517e+12	1.08e-22	1.94e-11	4.81e-04	9.81e-01	1.85e-02	0.00e+00	0.00e+00	0.00e+00	0.00e+00	0.00e+00	0.00e+00	0.00e+00
 4.89211e+12	1.37e-22	2.31e-11	5.26e-04	9.82e-01	1.70e-02	0.00e+00	0.00e+00	0.00e+00	0.00e+00	0.00e+00	0.00e+00	0.00e+00
 5.11772e+12	1.74e-22	2.74e-11	5.75e-04	9.84e-01	1.56e-02	0.00e+00	0.00e+00	0.00e+00	0.00e+00	0.00e+00	0.00e+00	0.00e+00
 5.35235e+12	2.21e-22	3.27e-11	6.29e-04	9.85e-01	1.43e-02	0.00e+00	0.00e+00	0.00e+00	0.00e+00	0.00e+00	0.00e+00	0.00e+00
 5.59638e+12	2.82e-22	3.89e-11	6.89e-04	9.86e-01	1.32e-02	0.00e+00	0.00e+00	0.00e+00	0.00e+00	0.00e+00	0.00e+00	0.00e+00
 5.85016e+12	3.60e-22	4.64e-11	7.54e-04	9.87e-01	1.21e-02	0.00e+00	0.00e+00	0.00e+00	0.00e+00	0.00e+00	0.00e+00	0.00e+00
 6.11409e+12	4.61e-22	5.54e-11	8.26e-04	9.88e-01	1.11e-02	0.00e+00	0.00e+00	0.00e+00	0.00e+00	0.00e+00	0.00e+00	0.00e+00
 6.38858e+12	5.93e-22	6.62e-11	9.05e-04	9.89e-01	1.02e-02	0.00e+00	0.00e+00	0.00e+00	0.00e+00	0.00e+00	0.00e+00	0.00e+00
 6.67405e+12	7.63e-22	7.91e-11	9.92e-04	9.90e-01	9.35e-03	0.00e+00	0.00e+00	0.00e+00	0.00e+00	0.00e+00	0.00e+00	0.00e+00
 6.97094e+12	9.84e-22	9.47e-11	1.09e-03	9.90e-01	8.58e-03	0.00e+00	0.00e+00	0.00e+00	0.00e+00	0.00e+00	0.00e+00	0.00e+00
 7.27970e+12	1.27e-21	1.13e-10	1.19e-03	9.91e-01	7.86e-03	0.00e+00	0.00e+00	0.00e+00	0.00e+00	0.00e+00	0.00e+00	0.00e+00
 7.60082e+12	1.65e-21	1.36e-10	1.31e-03	9.91e-01	7.21e-03	0.00e+00	0.00e+00	0.00e+00	0.00e+00	0.00e+00	0.00e+00	0.00e+00
 7.92566e+12	2.12e-21	1.62e-10	1.43e-03	9.92e-01	6.62e-03	0.00e+00	0.00e+00	0.00e+00	0.00e+00	0.00e+00	0.00e+00	0.00e+00
 8.26350e+12	2.74e-21	1.93e-10	1.57e-03	9.92e-01	6.08e-03	0.00e+00	0.00e+00	0.00e+00	0.00e+00	0.00e+00	0.00e+00	0.00e+00
 8.62397e+12	3.57e-21	2.32e-10	1.72e-03	9.93e-01	5.57e-03	0.00e+00	0.00e+00	0.00e+00	0.00e+00	0.00e+00	0.00e+00	0.00e+00
 8.99093e+12	4.63e-21	2.77e-10	1.88e-03	9.93e-01	5.11e-03	0.00e+00	0.00e+00	0.00e+00	0.00e+00	0.00e+00	0.00e+00	0.00e+00
 9.37257e+12	6.01e-21	3.31e-10	2.06e-03	9.93e-01	4.69e-03	0.00e+00	0.00e+00	0.00e+00	0.00e+00	0.00e+00	0.00e+00	0.00e+00
 9.77740e+12	7.85e-21	3.97e-10	2.26e-03	9.93e-01	4.29e-03	0.00e+00	0.00e+00	0.00e+00	0.00e+00	0.00e+00	0.00e+00	0.00e+00
 1.01984e+13	1.03e-20	4.76e-10	2.48e-03	9.94e-01	3.93e-03	0.00e+00	0.00e+00	0.00e+00	0.00e+00	0.00e+00	0.00e+00	0.00e+00
 1.06363e+13	1.34e-20	5.71e-10	2.72e-03	9.94e-01	3.60e-03	0.00e+00	0.00e+00	0.00e+00	0.00e+00	0.00e+00	0.00e+00	0.00e+00
 1.10917e+13	1.75e-20	6.85e-10	2.98e-03	9.94e-01	3.30e-03	0.00e+00	0.00e+00	0.00e+00	0.00e+00	0.00e+00	0.00e+00	0.00e+00
 1.15653e+13	2.29e-20	8.21e-10	3.27e-03	9.94e-01	3.02e-03	0.00e+00	0.00e+00	0.00e+00	0.00e+00	0.00e+00	0.00e+00	0.00e+00
 1.20578e+13	2.99e-20	9.83e-10	3.58e-03	9.94e-01	2.77e-03	0.00e+00	0.00e+00	0.00e+00	0.00e+00	0.00e+00	0.00e+00	0.00e+00
 1.25700e+13	3.91e-20	1.18e-09	3.92e-03	9.94e-01	2.54e-03	0.00e+00	0.00e+00	0.00e+00	0.00e+00	0.00e+00	0.00e+00	0.00e+00
 1.31028e+13	5.11e-20	1.41e-09	4.30e-03	9.93e-01	2.32e-03	0.00e+00	0.00e+00	0.00e+00	0.00e+00	0.00e+00	0.00e+00	0.00e+00
 1.36568e+13	6.67e-20	1.68e-09	4.70e-03	9.93e-01	2.13e-03	0.00e+00	0.00e+00	0.00e+00	0.00e+00	0.00e+00	0.00e+00	0.00e+00
 1.42330e+13	8.70e-20	2.01e-09	5.15e-03	9.93e-01	1.95e-03	0.00e+00	0.00e+00	0.00e+00	0.00e+00	0.00e+00	0.00e+00	0.00e+00
 1.48322e+13	1.13e-19	2.41e-09	5.64e-03	9.93e-01	1.79e-03	0.00e+00	0.00e+00	0.00e+00	0.00e+00	0.00e+00	0.00e+00	0.00e+00
 1.54555e+13	1.48e-19	2.87e-09	6.17e-03	9.92e-01	1.64e-03	0.00e+00	0.00e+00	0.00e+00	0.00e+00	0.00e+00	0.00e+00	0.00e+00
 1.61036e+13	1.92e-19	3.42e-09	6.74e-03	9.92e-01	1.51e-03	0.00e+00	0.00e+00	0.00e+00	0.00e+00	0.00e+00	0.00e+00	0.00e+00
 1.67777e+13	2.49e-19	4.08e-09	7.37e-03	9.91e-01	1.38e-03	0.00e+00	0.00e+00	0.00e+00	0.00e+00	0.00e+00	0.00e+00	0.00e+00
 1.74787e+13	3.23e-19	4.86e-09	8.05e-03	9.91e-01	1.27e-03	0.00e+00	0.00e+00	0.00e+00	0.00e+00	0.00e+00	0.00e+00	0.00e+00
 1.82078e+13	4.19e-19	5.79e-09	8.80e-03	9.90e-01	1.17e-03	0.00e+00	0.00e+00	0.00e+00	0.00e+00	0.00e+00	0.00e+00	0.00e+00
 1.89660e+13	5.42e-19	6.88e-09	9.60e-03	9.89e-01	1.07e-03	0.00e+00	0.00e+00	0.00e+00	0.00e+00	0.00e+00	0.00e+00	0.00e+00
 1.97546e+13	7.00e-19	8.16e-09	1.05e-02	9.89e-01	9.85e-04	0.00e+00	0.00e+00	0.00e+00	0.00e+00	0.00e+00	0.00e+00	0.00e+00
 2.05747e+13	9.03e-19	9.68e-09	1.14e-02	9.88e-01	9.06e-04	0.00e+00	0.00e+00	0.00e+00	0.00e+00	0.00e+00	0.00e+00	0.00e+00
 2.14276e+13	1.16e-18	1.15e-08	1.24e-02	9.87e-01	8.33e-04	0.00e+00	0.00e+00	0.00e+00	0.00e+00	0.00e+00	0.00e+00	0.00e+00
 2.23146e+13	1.50e-18	1.36e-08	1.36e-02	9.86e-01	7.65e-04	0.00e+00	0.00e+00	0.00e+00	0.00e+00	0.00e+00	0.00e+00	0.00e+00
 2.32372e+13	1.93e-18	1.61e-08	1.48e-02	9.85e-01	7.04e-04	0.00e+00	0.00e+00	0.00e+00	0.00e+00	0.00e+00	0.00e+00	0.00e+00
 2.41966e+13	2.48e-18	1.90e-08	1.61e-02	9.83e-01	6.48e-04	0.00e+00	0.00e+00	0.00e+00	0.00e+00	0.00e+00	0.00e+00	0.00e+00
 2.51944e+13	3.18e-18	2.25e-08	1.75e-02	9.82e-01	5.96e-04	0.00e+00	0.00e+00	0.00e+00	0.00e+00	0.00e+00	0.00e+00	0.00e+00
 2.62321e+13	4.07e-18	2.66e-08	1.91e-02	9.80e-01	5.49e-04	0.00e+00	0.00e+00	0.00e+00	0.00e+00	0.00e+00	0.00e+00	0.00e+00
 2.73113e+13	5.22e-18	3.14e-08	2.07e-02	9.79e-01	5.05e-04	0.00e+00	0.00e+00	0.00e+00	0.00e+00	0.00e+00	0.00e+00	0.00e+00
 2.84336e+13	6.68e-18	3.70e-08	2.25e-02	9.77e-01	4.64e-04	0.00e+00	0.00e+00	0.00e+00	0.00e+00	0.00e+00	0.00e+00	0.00e+00
 2.96009e+13	8.54e-18	4.36e-08	2.45e-02	9.75e-01	4.27e-04	0.00e+00	0.00e+00	0.00e+00	0.00e+00	0.00e+00	0.00e+00	0.00e+00
 3.08149e+13	1.09e-17	5.14e-08	2.66e-02	9.73e-01	3.93e-04	0.00e+00	0.00e+00	0.00e+00	0.00e+00	0.00e+00	0.00e+00	0.00e+00
 3.20774e+13	1.39e-17	6.05e-08	2.89e-02	9.71e-01	3.62e-04	0.00e+00	0.00e+00	0.00e+00	0.00e+00	0.00e+00	0.00e+00	0.00e+00
 3.33904e+13	1.78e-17	7.13e-08	3.13e-02	9.68e-01	3.33e-04	0.00e+00	0.00e+00	0.00e+00	0.00e+00	0.00e+00	0.00e+00	0.00e+00
 3.47560e+13	2.26e-17	8.38e-08	3.40e-02	9.66e-01	3.06e-04	0.00e+00	0.00e+00	0.00e+00	0.00e+00	1.29e-17	7.01e-18	2.66e-18
 3.61761e+13	2.89e-17	9.85e-08	3.68e-02	9.63e-01	2.81e-04	0.00e+00	0.00e+00	0.00e+00	0.00e+00	1.61e-17	9.57e-18	3.18e-18
 3.76531e+13	3.68e-17	1.16e-07	3.99e-02	9.60e-01	2.59e-04	0.00e+00	0.00e+00	0.00e+00	0.00e+00	2.06e-17	1.22e-17	4.05e-18
 3.91892e+13	4.68e-17	1.36e-07	4.33e-02	9.56e-01	2.38e-04	0.00e+00	0.00e+00	0.00e+00	0.00e+00	2.61e-17	1.55e-17	5.16e-18
 4.07867e+13	5.95e-17	1.60e-07	4.69e-02	9.53e-01	2.19e-04	0.00e+00	0.00e+00	0.00e+00	0.00e+00	3.33e-17	1.97e-17	6.56e-18
 4.24480e+13	7.57e-17	1.87e-07	5.07e-02	9.49e-01	2.01e-04	0.00e+00	0.00e+00	0.00e+00	0.00e+00	4.23e-17	2.51e-17	8.34e-18
 4.41759e+13	9.62e-17	2.20e-07	5.49e-02	9.45e-01	1.85e-04	0.00e+00	0.00e+00	0.00e+00	0.00e+00	5.37e-17	3.19e-17	1.06e-17
 4.59729e+13	1.22e-16	2.58e-07	5.94e-02	9.40e-01	1.69e-04	0.00e+00	0.00e+00	0.00e+00	0.00e+00	6.82e-17	4.05e-17	1.35e-17
 4.78417e+13	1.55e-16	3.02e-07	6.43e-02	9.36e-01	1.56e-04	0.00e+00	0.00e+00	0.00e+00	0.00e+00	8.66e-17	5.14e-17	1.71e-17
 4.97853e+13	1.97e-16	3.54e-07	6.95e-02	9.30e-01	1.43e-04	0.00e+00	0.00e+00	0.00e+00	0.00e+00	1.10e-16	6.52e-17	2.17e-17
 5.18066e+13	2.50e-16	4.15e-07	7.51e-02	9.25e-01	1.31e-04	0.00e+00	0.00e+00	0.00e+00	0.00e+00	1.39e-16	8.27e-17	2.75e-17
 5.39088e+13	3.17e-16	4.86e-07	8.12e-02	9.19e-01	1.20e-04	0.00e+00	0.00e+00	0.00e+00	0.00e+00	1.77e-16	1.05e-16	3.50e-17
 5.60951e+13	4.03e-16	5.70e-07	8.77e-02	9.12e-01	1.10e-04	0.00e+00	0.00e+00	0.00e+00	0.00e+00	2.25e-16	1.33e-16	4.44e-17
 5.83688e+13	5.11e-16	6.67e-07	9.47e-02	9.05e-01	1.00e-04	0.00e+00	0.00e+00	0.00e+00	0.00e+00	2.85e-16	1.69e-16	5.63e-17
 6.07335e+13	6.49e-16	7.82e-07	1.02e-01	8.98e-01	9.17e-05	0.00e+00	0.00e+00	0.00e+00	0.00e+00	3.62e-16	2.15e-16	7.15e-17
 6.31928e+13	8.22e-16	9.14e-07	1.10e-01	8.90e-01	8.38e-05	0.00e+00	0.00e+00	0.00e+00	0.00e+00	4.59e-16	2.72e-16	9.05e-17
 6.57504e+13	1.04e-15	1.07e-06	1.19e-01	8.81e-01	7.64e-05	0.00e+00	0.00e+00	0.00e+00	0.00e+00	5.81e-16	3.45e-16	1.15e-16
 6.84104e+13	1.32e-15	1.25e-06	1.28e-01	8.72e-01	6.97e-05	0.00e+00	0.00e+00	0.00e+00	0.00e+00	7.37e-16	4.37e-16	1.45e-16
 7.11767e+13	1.67e-15	1.46e-06	1.38e-01	8.62e-01	6.35e-05	0.00e+00	0.00e+00	0.00e+00	0.00e+00	9.32e-16	5.53e-16	1.84e-16
 7.40537e+13	2.11e-15	1.70e-06	1.48e-01	8.52e-01	5.77e-05	0.00e+00	0.00e+00	0.00e+00	0.00e+00	1.18e-15	7.00e-16	2.33e-16
 7.70458e+13	2.67e-15	1.99e-06	1.59e-01	8.41e-01	5.25e-05	0.00e+00	0.00e+00	0.00e+00	0.00e+00	1.49e-15	8.85e-16	2.94e-16
 8.01575e+13	3.38e-15	2.32e-06	1.71e-01	8.29e-01	4.76e-05	0.00e+00	0.00e+00	0.00e+00	0.00e+00	1.89e-15	1.12e-15	3.73e-16
 8.33938e+13	4.27e-15	2.70e-06	1.83e-01	8.17e-01	4.31e-05	0.00e+00	0.00e+00	0.00e+00	0.00e+00	2.38e-15	1.41e-15	4.70e-16
 8.67594e+13	5.39e-15	3.14e-06	1.97e-01	8.03e-01	3.90e-05	0.00e+00	0.00e+00	0.00e+00	0.00e+00	3.01e-15	1.79e-15	5.94e-16
 9.02597e+13	6.80e-15	3.66e-06	2.10e-01	7.89e-01	3.53e-05	0.00e+00	0.00e+00	0.00e+00	0.00e+00	3.80e-15	2.25e-15	7.50e-16
 9.39001e+13	8.59e-15	4.25e-06	2.25e-01	7.75e-01	3.18e-05	0.00e+00	0.00e+00	0.00e+00	0.00e+00	4.80e-15	2.85e-15	9.47e-16
 9.76860e+13	1.08e-14	4.94e-06	2.41e-01	7.59e-01	2.86e-05	0.00e+00	0.00e+00	0.00e+00	0.00e+00	6.04e-15	3.58e-15	1.19e-15
 1.01623e+14	1.36e-14	5.74e-06	2.57e-01	7.43e-01	2.57e-05	0.00e+00	0.00e+00	0.00e+00	0.00e+00	7.62e-15	4.52e-15	1.50e-15
 1.05718e+14	1.71e-14	6.65e-06	2.74e-01	7.26e-01	2.31e-05	0.00e+00	0.00e+00	0.00e+00	0.00e+00	9.57e-15	5.68e-15	1.89e-15
 1.09977e+14	2.15e-14	7.70e-06	2.92e-01	7.08e-01	2.07e-05	0.00e+00	0.00e+00	0.00e+00	0.00e+00	1.20e-14	7.13e-15	2.37e-15
 1.14406e+14	2.71e-14	8.91e-06	3.11e-01	6.89e-01	1.85e-05	0.00e+00	0.00e+00	0.00e+00	0.00e+00	1.51e-14	8.96e-15	2.98e-15
 1.19012e+14	3.39e-14	1.03e-05	3.31e-01	6.69e-01	1.64e-05	0.00e+00	0.00e+00	0.00e+00	0.00e+00	1.89e-14	1.12e-14	3.74e-15
 1.23802e+14	4.25e-14	1.19e-05	3.51e-01	6.49e-01	1.46e-05	0.00e+00	0.00e+00	0.00e+00	0.00e+00	2.37e-14	1.41e-14	4.68e-15
 1.28784e+14	5.32e-14	1.37e-05	3.73e-01	6.27e-01	1.29e-05	0.00e+00	0.00e+00	0.00e+00	0.00e+00	2.97e-14	1.76e-14	5.87e-15
 1.33966e+14	6.65e-14	1.58e-05	3.95e-01	6.05e-01	1.14e-05	0.00e+00	0.00e+00	0.00e+00	0.00e+00	3.71e-14	2.20e-14	7.32e-15
 1.39354e+14	8.30e-14	1.82e-05	4.18e-01	5.82e-01	1.01e-05	0.00e+00	0.00e+00	0.00e+00	0.00e+00	4.63e-14	2.75e-14	9.14e-15
 1.44958e+14	1.04e-13	2.09e-05	4.41e-01	5.59e-01	8.83e-06	0.00e+00	0.00e+00	0.00e+00	0.00e+00	5.79e-14	3.43e-14	1.14e-14
 1.50787e+14	1.29e-13	2.40e-05	4.66e-01	5.34e-01	7.70e-06	0.00e+00	0.00e+00	0.00e+00	0.00e+00	7.21e-14	4.28e-14	1.42e-14
 1.56848e+14	1.61e-13	2.75e-05	4.91e-01	5.09e-01	6.70e-06	0.00e+00	0.00e+00	0.00e+00	0.00e+00	8.97e-14	5.32e-14	1.77e-14
 1.63152e+14	2.00e-13	3.15e-05	5.17e-01	4.83e-01	5.79e-06	0.00e+00	0.00e+00	0.00e+00	0.00e+00	1.11e-13	6.61e-14	2.20e-14
 1.69708e+14	2.47e-13	3.60e-05	5.44e-01	4.56e-01	4.99e-06	0.00e+00	0.00e+00	0.00e+00	0.00e+00	1.38e-13	8.20e-14	2.73e-14
 1.76526e+14	3.06e-13	4.11e-05	5.71e-01	4.29e-01	4.27e-06	0.00e+00	0.00e+00	0.00e+00	0.00e+00	1.71e-13	1.02e-13	3.38e-14
 1.83617e+14	3.79e-13	4.69e-05	5.98e-01	4.02e-01	3.63e-06	0.00e+00	0.00e+00	0.00e+00	0.00e+00	2.12e-13	1.25e-13	4.17e-14
 1.90992e+14	4.67e-13	5.33e-05	6.26e-01	3.74e-01	3.06e-06	0.00e+00	0.00e+00	0.00e+00	0.00e+00	2.61e-13	1.55e-13	5.14e-14
 1.98661e+14	5.75e-13	6.06e-05	6.54e-01	3.46e-01	2.56e-06	0.00e+00	0.00e+00	0.00e+00	0.00e+00	3.21e-13	1.91e-13	6.34e-14
 2.06638e+14	7.07e-13	6.87e-05	6.82e-01	3.18e-01	2.13e-06	0.00e+00	0.00e+00	0.00e+00	0.00e+00	3.95e-13	2.34e-13	7.79e-14
 2.14933e+14	8.66e-13	7.77e-05	7.10e-01	2.90e-01	1.75e-06	0.00e+00	0.00e+00	0.00e+00	0.00e+00	4.84e-13	2.87e-13	9.54e-14
 2.23560e+14	1.06e-12	8.78e-05	7.37e-01	2.63e-01	1.42e-06	0.00e+00	0.00e+00	0.00e+00	0.00e+00	5.92e-13	3.51e-13	1.17e-13
 2.32533e+14	1.29e-12	9.88e-05	7.64e-01	2.36e-01	1.15e-06	0.00e+00	0.00e+00	0.00e+00	0.00e+00	7.20e-13	4.27e-13	1.42e-13
 2.41864e+14	1.57e-12	1.11e-04	7.91e-01	2.09e-01	9.10e-07	0.00e+00	0.00e+00	0.00e+00	0.00e+00	8.76e-13	5.20e-13	1.73e-13
 2.51569e+14	1.90e-12	1.24e-04	8.16e-01	1.84e-01	0.00e+00	0.00e+00	0.00e+00	0.00e+00	0.00e+00	1.06e-12	6.29e-13	2.09e-13
 2.61661e+14	2.29e-12	1.39e-04	8.40e-01	1.60e-01	0.00e+00	0.00e+00	0.00e+00	0.00e+00	0.00e+00	1.28e-12	7.60e-13	2.53e-13
 2.72158e+14	2.77e-12	1.55e-04	8.62e-01	1.37e-01	0.00e+00	0.00e+00	0.00e+00	0.00e+00	0.00e+00	1.55e-12	9.17e-13	3.05e-13
 2.83074e+14	3.32e-12	1.72e-04	8.83e-01	1.17e-01	0.00e+00	0.00e+00	0.00e+00	0.00e+00	0.00e+00	1.86e-12	1.10e-12	3.66e-13
 2.94427e+14	3.98e-12	1.90e-04	9.02e-01	9.75e-02	0.00e+00	0.00e+00	0.00e+00	0.00e+00	0.00e+00	2.22e-12	1.32e-12	4.39e-13
 3.06234e+14	4.75e-12	2.10e-04	9.19e-01	8.06e-02	0.00e+00	0.00e+00	0.00e+00	0.00e+00	0.00e+00	2.65e-12	1.57e-12	5.23e-13
 3.18513e+14	5.65e-12	2.31e-04	9.34e-01	6.57e-02	0.00e+00	0.00e+00	0.00e+00	0.00e+00	0.00e+00	3.16e-12	1.87e-12	6.23e-13
 3.31283e+14	6.70e-12	2.54e-04	9.47e-01	5.29e-02	0.00e+00	0.00e+00	0.00e+00	0.00e+00	0.00e+00	3.74e-12	2.22e-12	7.38e-13
 3.44565e+14	7.93e-12	2.78e-04	9.58e-01	4.20e-02	0.00e+00	0.00e+00	0.00e+00	0.00e+00	0.00e+00	4.43e-12	2.63e-12	8.74e-13
 3.58377e+14	9.38e-12	3.04e-04	9.67e-01	3.30e-02	0.00e+00	0.00e+00	0.00e+00	0.00e+00	0.00e+00	5.24e-12	3.11e-12	1.03e-12
 3.72742e+14	1.11e-11	3.32e-04	9.74e-01	2.56e-02	0.00e+00	0.00e+00	0.00e+00	0.00e+00	0.00e+00	6.18e-12	3.67e-12	1.22e-12
 3.87682e+14	1.31e-11	3.62e-04	9.80e-01	1.96e-02	0.00e+00	0.00e+00	0.00e+00	0.00e+00	0.00e+00	7.29e-12	4.32e-12	1.44e-12
 4.03219e+14	1.54e-11	3.94e-04	9.85e-01	1.49e-02	0.00e+00	0.00e+00	0.00e+00	0.00e+00	0.00e+00	8.59e-12	5.09e-12	1.69e-12
 4.19378e+14	1.81e-11	4.28e-04	9.88e-01	1.12e-02	0.00e+00	0.00e+00	0.00e+00	0.00e+00	0.00e+00	1.01e-11	5.99e-12	1.99e-12
 4.36183e+14	2.13e-11	4.65e-04	9.91e-01	8.34e-03	0.00e+00	0.00e+00	0.00e+00	0.00e+00	0.00e+00	1.19e-11	7.04e-12	2.34e-12
 4.53660e+14	2.50e-11	5.05e-04	9.93e-01	6.17e-03	0.00e+00	0.00e+00	0.00e+00	0.00e+00	0.00e+00	1.40e-11	8.28e-12	2.75e-12
 4.71836e+14	2.93e-11	5.47e-04	9.95e-01	4.53e-03	0.00e+00	0.00e+00	0.00e+00	0.00e+00	0.00e+00	1.64e-11	9.70e-12	3.23e-12
 4.90740e+14	3.44e-11	5.93e-04	9.96e-01	3.31e-03	0.00e+00	0.00e+00	0.00e+00	0.00e+00	0.00e+00	1.92e-11	1.14e-11	3.79e-12
 5.10399e+14	4.03e-11	6.43e-04	9.97e-01	2.41e-03	0.00e+00	0.00e+00	0.00e+00	0.00e+00	0.00e+00	2.25e-11	1.34e-11	4.44e-12
 5.30845e+14	4.73e-11	6.96e-04	9.98e-01	1.75e-03	0.00e+00	0.00e+00	0.00e+00	0.00e+00	0.00e+00	2.64e-11	1.57e-11	5.21e-12
 5.52109e+14	5.54e-11	7.54e-04	9.98e-01	1.27e-03	0.00e+00	0.00e+00	0.00e+00	0.00e+00	0.00e+00	3.10e-11	1.84e-11	6.11e-12
 5.74223e+14	6.50e-11	8.17e-04	9.98e-01	9.27e-04	0.00e+00	0.00e+00	0.00e+00	0.00e+00	0.00e+00	3.63e-11	2.15e-11	7.16e-12
 5.97222e+14	7.61e-11	8.84e-04	9.98e-01	6.80e-04	0.00e+00	0.00e+00	0.00e+00	0.00e+00	0.00e+00	4.25e-11	2.52e-11	8.39e-12
 6.21141e+14	8.93e-11	9.58e-04	9.99e-01	5.04e-04	0.00e+00	0.00e+00	0.00e+00	0.00e+00	0.00e+00	4.99e-11	2.96e-11	9.83e-12
 6.46016e+14	1.05e-10	1.04e-03	9.99e-01	3.78e-04	0.00e+00	0.00e+00	0.00e+00	0.00e+00	0.00e+00	5.84e-11	3.46e-11	1.15e-11
 6.71887e+14	1.23e-10	1.12e-03	9.99e-01	2.89e-04	0.00e+00	0.00e+00	0.00e+00	0.00e+00	0.00e+00	6.85e-11	4.06e-11	1.35e-11
 6.98792e+14	1.44e-10	1.21e-03	9.99e-01	2.26e-04	0.00e+00	0.00e+00	0.00e+00	0.00e+00	0.00e+00	8.02e-11	4.75e-11	1.58e-11
 7.26774e+14	1.68e-10	1.31e-03	9.99e-01	1.81e-04	0.00e+00	0.00e+00	0.00e+00	0.00e+00	0.00e+00	9.39e-11	5.57e-11	1.85e-11
 7.55875e+14	1.97e-10	1.42e-03	9.98e-01	1.47e-04	0.00e+00	0.00e+00	0.00e+00	0.00e+00	0.00e+00	1.10e-10	6.52e-11	2.17e-11
 7.86140e+14	2.31e-10	1.54e-03	9.98e-01	1.23e-04	0.00e+00	0.00e+00	0.00e+00	0.00e+00	0.00e+00	1.29e-10	7.66e-11	2.55e-11
 8.17615e+14	2.70e-10	1.67e-03	9.98e-01	1.05e-04	0.00e+00	0.00e+00	0.00e+00	0.00e+00	0.00e+00	1.51e-10	8.95e-11	2.98e-11
 8.50350e+14	3.17e-10	1.80e-03	9.98e-01	9.06e-05	0.00e+00	0.00e+00	0.00e+00	0.00e+00	0.00e+00	1.77e-10	1.05e-10	3.49e-11
 8.84394e+14	3.71e-10	1.95e-03	9.98e-01	7.96e-05	0.00e+00	0.00e+00	0.00e+00	0.00e+00	0.00e+00	2.07e-10	1.23e-10	4.08e-11
 9.19799e+14	4.35e-10	2.11e-03	9.98e-01	7.05e-05	0.00e+00	0.00e+00	0.00e+00	0.00e+00	0.00e+00	2.43e-10	1.44e-10	4.80e-11
 9.56621e+14	5.09e-10	2.29e-03	9.98e-01	6.33e-05	0.00e+00	0.00e+00	0.00e+00	0.00e+00	0.00e+00	2.84e-10	1.68e-10	5.60e-11
 9.94916e+14	5.97e-10	2.48e-03	9.97e-01	5.66e-05	0.00e+00	0.00e+00	0.00e+00	0.00e+00	0.00e+00	3.34e-10	1.98e-10	6.58e-11
 1.03474e+15	6.98e-10	2.68e-03	9.97e-01	5.14e-05	0.00e+00	0.00e+00	0.00e+00	0.00e+00	0.00e+00	3.90e-10	2.31e-10	7.68e-11
 1.07616e+15	8.19e-10	2.90e-03	9.97e-01	4.63e-05	0.00e+00	0.00e+00	0.00e+00	0.00e+00	0.00e+00	4.58e-10	2.71e-10	9.01e-11
 1.11924e+15	9.57e-10	3.13e-03	9.97e-01	4.23e-05	0.00e+00	0.00e+00	0.00e+00	0.00e+00	0.00e+00	5.35e-10	3.16e-10	1.05e-10
 1.16404e+15	1.12e-09	3.39e-03	9.97e-01	3.83e-05	0.00e+00	0.00e+00	0.00e+00	0.00e+00	0.00e+00	6.28e-10	3.71e-10	1.24e-10
 1.21063e+15	1.31e-09	3.67e-03	9.96e-01	3.50e-05	0.00e+00	0.00e+00	0.00e+00	0.00e+00	0.00e+00	7.34e-10	4.34e-10	1.44e-10
 1.25908e+15	1.54e-09	3.97e-03	9.96e-01	3.17e-05	0.00e+00	0.00e+00	0.00e+00	0.00e+00	0.00e+00	8.61e-10	5.08e-10	1.69e-10
 1.30948e+15	1.80e-09	4.30e-03	9.96e-01	2.91e-05	0.00e+00	0.00e+00	0.00e+00	0.00e+00	0.00e+00	1.01e-09	5.94e-10	1.98e-10
 1.36189e+15	2.11e-09	4.65e-03	9.95e-01	2.64e-05	0.00e+00	0.00e+00	0.00e+00	0.00e+00	0.00e+00	1.18e-09	6.96e-10	2.32e-10
 1.41639e+15	2.47e-09	5.03e-03	9.95e-01	2.42e-05	0.00e+00	0.00e+00	0.00e+00	0.00e+00	0.00e+00	1.38e-09	8.14e-10	2.71e-10
 1.47308e+15	2.89e-09	5.45e-03	9.95e-01	2.20e-05	0.00e+00	0.00e+00	0.00e+00	0.00e+00	0.00e+00	1.62e-09	9.54e-10	3.18e-10
 1.53203e+15	3.38e-09	5.89e-03	9.94e-01	2.01e-05	0.00e+00	0.00e+00	0.00e+00	0.00e+00	0.00e+00	1.89e-09	1.11e-09	3.72e-10
 1.59334e+15	3.96e-09	6.37e-03	9.94e-01	1.83e-05	0.00e+00	0.00e+00	0.00e+00	0.00e+00	0.00e+00	2.22e-09	1.31e-09	4.36e-10
 1.65711e+15	4.63e-09	6.89e-03	9.93e-01	1.68e-05	0.00e+00	0.00e+00	0.00e+00	0.00e+00	0.00e+00	2.60e-09	1.53e-09	5.09e-10
 1.72342e+15	5.43e-09	7.46e-03	9.93e-01	1.52e-05	0.00e+00	0.00e+00	0.00e+00	0.00e+00	0.00e+00	3.05e-09	1.79e-09	5.97e-10
 1.79239e+15	6.35e-09	8.06e-03	9.92e-01	1.40e-05	0.00e+00	0.00e+00	0.00e+00	0.00e+00	0.00e+00	3.56e-09	2.09e-09	6.97e-10
 1.86411e+15	7.44e-09	8.73e-03	9.91e-01	1.27e-05	0.00e+00	0.00e+00	0.00e+00	0.00e+00	0.00e+00	4.18e-09	2.45e-09	8.17e-10
 1.93871e+15	8.69e-09	9.43e-03	9.91e-01	1.17e-05	0.00e+00	0.00e+00	0.00e+00	0.00e+00	0.00e+00	4.88e-09	2.86e-09	9.54e-10
 2.01628e+15	1.02e-08	1.02e-02	9.90e-01	1.06e-05	0.00e+00	0.00e+00	0.00e+00	0.00e+00	0.00e+00	5.73e-09	3.35e-09	1.12e-09
 2.09697e+15	1.19e-08	1.10e-02	9.89e-01	9.75e-06	0.00e+00	0.00e+00	0.00e+00	0.00e+00	0.00e+00	6.69e-09	3.91e-09	1.31e-09
 2.18087e+15	1.39e-08	1.19e-02	9.88e-01	8.89e-06	0.00e+00	0.00e+00	0.00e+00	0.00e+00	0.00e+00	7.83e-09	4.56e-09	1.53e-09
 2.26814e+15	1.63e-08	1.29e-02	9.87e-01	8.08e-06	0.00e+00	0.00e+00	0.00e+00	0.00e+00	0.00e+00	9.19e-09	5.35e-09	1.79e-09
 2.35889e+15	1.91e-08	1.39e-02	9.86e-01	7.43e-06	0.00e+00	0.00e+00	0.00e+00	0.00e+00	0.00e+00	1.07e-08	6.24e-09	2.09e-09
 2.45328e+15	2.23e-08	1.51e-02	9.85e-01	6.76e-06	0.00e+00	0.00e+00	0.00e+00	0.00e+00	0.00e+00	1.26e-08	7.28e-09	2.44e-09
 2.55144e+15	2.62e-08	1.63e-02	9.84e-01	6.15e-06	0.00e+00	0.00e+00	0.00e+00	0.00e+00	0.00e+00	1.48e-08	8.53e-09	2.86e-09
 2.65353e+15	3.06e-08	1.76e-02	9.82e-01	5.65e-06	0.00e+00	0.00e+00	0.00e+00	0.00e+00	0.00e+00	1.73e-08	9.95e-09	3.34e-09
 2.75970e+15	3.57e-08	1.91e-02	9.81e-01	5.14e-06	0.00e+00	0.00e+00	0.00e+00	0.00e+00	0.00e+00	2.02e-08	1.16e-08	3.90e-09
 2.87012e+15	4.19e-08	2.06e-02	9.79e-01	4.68e-06	0.00e+00	0.00e+00	0.00e+00	0.00e+00	0.00e+00	2.37e-08	1.36e-08	4.57e-09
 2.98495e+15	4.89e-08	2.23e-02	9.78e-01	4.29e-06	0.00e+00	0.00e+00	0.00e+00	0.00e+00	0.00e+00	2.77e-08	1.58e-08	5.33e-09
 3.10438e+15	5.72e-08	2.41e-02	9.76e-01	3.90e-06	0.00e+00	0.00e+00	0.00e+00	0.00e+00	0.00e+00	3.24e-08	1.85e-08	6.23e-09
 3.22859e+15	6.70e-08	2.61e-02	9.74e-01	3.54e-06	0.00e+00	0.00e+00	0.00e+00	0.00e+00	0.00e+00	3.81e-08	2.16e-08	7.30e-09
 3.35776e+15	7.83e-08	2.81e-02	9.72e-01	3.25e-06	0.00e+00	0.00e+00	0.00e+00	0.00e+00	0.00e+00	4.46e-08	2.52e-08	8.52e-09
 3.49210e+15	9.15e-08	3.04e-02	9.70e-01	2.94e-06	0.00e+00	0.00e+00	0.00e+00	0.00e+00	0.00e+00	5.21e-08	2.94e-08	9.94e-09
 3.63181e+15	1.07e-07	3.29e-02	9.67e-01	2.67e-06	0.00e+00	0.00e+00	0.00e+00	0.00e+00	0.00e+00	6.12e-08	3.44e-08	1.17e-08
 3.77712e+15	1.25e-07	3.55e-02	9.64e-01	2.44e-06	0.00e+00	0.00e+00	0.00e+00	0.00e+00	0.00e+00	7.16e-08	4.02e-08	1.36e-08
 3.92823e+15	1.47e-07	3.84e-02	9.62e-01	2.21e-06	0.00e+00	0.00e+00	0.00e+00	0.00e+00	0.00e+00	8.38e-08	4.69e-08	1.59e-08
 4.08539e+15	1.72e-07	4.15e-02	9.58e-01	2.01e-06	0.00e+00	0.00e+00	0.00e+00	0.00e+00	0.00e+00	9.81e-08	5.48e-08	1.86e-08
 4.24884e+15	2.01e-07	4.49e-02	9.55e-01	1.81e-06	0.00e+00	0.00e+00	0.00e+00	0.00e+00	0.00e+00	1.15e-07	6.42e-08	2.18e-08
 4.41882e+15	2.35e-07	4.85e-02	9.51e-01	1.65e-06	0.00e+00	0.00e+00	0.00e+00	0.00e+00	0.00e+00	1.35e-07	7.49e-08	2.55e-08
 4.59560e+15	2.75e-07	5.24e-02	9.48e-01	1.48e-06	0.00e+00	0.00e+00	0.00e+00	0.00e+00	0.00e+00	1.57e-07	8.76e-08	2.98e-08
 4.77946e+15	3.22e-07	5.67e-02	9.43e-01	1.34e-06	0.00e+00	0.00e+00	0.00e+00	0.00e+00	0.00e+00	1.84e-07	1.03e-07	3.48e-08
 4.97066e+15	3.78e-07	6.14e-02	9.39e-01	1.21e-06	0.00e+00	0.00e+00	0.00e+00	0.00e+00	0.00e+00	2.16e-07	1.20e-07	4.09e-08
 5.16952e+15	4.42e-07	6.63e-02	9.34e-01	1.09e-06	0.00e+00	0.00e+00	0.00e+00	0.00e+00	0.00e+00	2.53e-07	1.41e-07	4.79e-08
 5.37633e+15	5.18e-07	7.17e-02	9.28e-01	9.82e-07	0.00e+00	0.00e+00	0.00e+00	0.00e+00	0.00e+00	2.96e-07	1.65e-07	5.61e-08
 5.59141e+15	6.06e-07	7.75e-02	9.23e-01	0.00e+00	0.00e+00	0.00e+00	0.00e+00	0.00e+00	0.00e+00	3.46e-07	1.94e-07	6.57e-08
 5.81510e+15	7.12e-07	8.39e-02	9.16e-01	0.00e+00	0.00e+00	0.00e+00	0.00e+00	0.00e+00	0.00e+00	4.06e-07	2.28e-07	7.72e-08
 6.04773e+15	8.34e-07	9.07e-02	9.09e-01	0.00e+00	0.00e+00	0.00e+00	0.00e+00	0.00e+00	0.00e+00	4.75e-07	2.68e-07	9.05e-08
 6.28967e+15	9.77e-07	9.81e-02	9.02e-01	0.00e+00	0.00e+00	0.00e+00	0.00e+00	0.00e+00	0.00e+00	5.55e-07	3.15e-07	1.06e-07
 6.54129e+15	1.15e-06	1.06e-01	8.94e-01	0.00e+00	0.00e+00	0.00e+00	0.00e+00	0.00e+00	0.00e+00	6.50e-07	3.70e-07	1.25e-07
 6.80297e+15	1.35e-06	1.15e-01	8.85e-01	0.00e+00	0.00e+00	0.00e+00	0.00e+00	0.00e+00	0.00e+00	7.65e-07	4.38e-07	1.47e-07
 7.07512e+15	1.59e-06	1.25e-01	8.75e-01	0.00e+00	0.00e+00	0.00e+00	0.00e+00	0.00e+00	0.00e+00	8.96e-07	5.16e-07	1.73e-07
 7.35816e+15	1.86e-06	1.35e-01	8.65e-01	0.00e+00	0.00e+00	0.00e+00	0.00e+00	0.00e+00	0.00e+00	1.05e-06	6.09e-07	2.03e-07
 7.65251e+15	2.19e-06	1.46e-01	8.54e-01	0.00e+00	0.00e+00	0.00e+00	0.00e+00	0.00e+00	0.00e+00	1.23e-06	7.19e-07	2.39e-07
 7.95864e+15	2.58e-06	1.59e-01	8.41e-01	0.00e+00	0.00e+00	0.00e+00	0.00e+00	0.00e+00	0.00e+00	1.45e-06	8.50e-07	2.82e-07
 8.27702e+15	3.04e-06	1.72e-01	8.28e-01	0.00e+00	0.00e+00	0.00e+00	0.00e+00	0.00e+00	0.00e+00	1.70e-06	1.00e-06	3.32e-07
 8.60813e+15	3.59e-06	1.87e-01	8.13e-01	0.00e+00	0.00e+00	0.00e+00	0.00e+00	0.00e+00	0.00e+00	2.01e-06	1.19e-06	3.92e-07
 8.95248e+15	4.24e-06	2.03e-01	7.97e-01	0.00e+00	0.00e+00	0.00e+00	0.00e+00	0.00e+00	0.00e+00	2.36e-06	1.41e-06	4.64e-07
 9.31061e+15	5.01e-06	2.21e-01	7.79e-01	0.00e+00	0.00e+00	0.00e+00	0.00e+00	0.00e+00	0.00e+00	2.79e-06	1.67e-06	5.49e-07
 9.68307e+15	5.94e-06	2.40e-01	7.60e-01	0.00e+00	0.00e+00	0.00e+00	0.00e+00	0.00e+00	0.00e+00	3.30e-06	1.98e-06	6.52e-07
 1.00704e+16	7.05e-06	2.62e-01	7.38e-01	0.00e+00	0.00e+00	0.00e+00	0.00e+00	0.00e+00	0.00e+00	3.92e-06	2.36e-06	7.75e-07
 1.04733e+16	8.41e-06	2.86e-01	7.14e-01	0.00e+00	0.00e+00	0.00e+00	0.00e+00	0.00e+00	0.00e+00	4.66e-06	2.81e-06	9.26e-07
 1.08922e+16	1.00e-05	3.13e-01	6.87e-01	0.00e+00	0.00e+00	0.00e+00	0.00e+00	0.00e+00	0.00e+00	5.55e-06	3.35e-06	1.11e-06
 1.13279e+16	1.20e-05	3.43e-01	6.57e-01	0.00e+00	0.00e+00	0.00e+00	0.00e+00	0.00e+00	0.00e+00	6.63e-06	4.01e-06	1.33e-06
 1.17811e+16	1.43e-05	3.76e-01	6.24e-01	0.00e+00	0.00e+00	0.00e+00	0.00e+00	0.00e+00	0.00e+00	7.93e-06	4.80e-06	1.59e-06
 1.22524e+16	1.71e-05	4.12e-01	5.88e-01	0.00e+00	0.00e+00	0.00e+00	0.00e+00	0.00e+00	0.00e+00	9.47e-06	5.73e-06	1.91e-06
 1.27236e+16	2.05e-05	4.51e-01	5.49e-01	0.00e+00	0.00e+00	0.00e+00	0.00e+00	0.00e+00	0.00e+00	1.13e-05	6.84e-06	2.29e-06
 1.32137e+16	2.45e-05	4.95e-01	5.05e-01	0.00e+00	0.00e+00	0.00e+00	0.00e+00	0.00e+00	0.00e+00	1.35e-05	8.16e-06	2.75e-06
 1.37423e+16	2.95e-05	5.44e-01	4.56e-01	0.00e+00	0.00e+00	0.00e+00	0.00e+00	0.00e+00	0.00e+00	1.63e-05	9.84e-06	3.34e-06
 1.42754e+16	3.54e-05	5.95e-01	4.04e-01	0.00e+00	0.00e+00	0.00e+00	0.00e+00	0.00e+00	0.00e+00	1.95e-05	1.18e-05	4.02e-06
 1.48298e+16	4.23e-05	6.50e-01	3.50e-01	0.00e+00	0.00e+00	0.00e+00	0.00e+00	0.00e+00	0.00e+00	2.34e-05	1.40e-05	4.83e-06
 1.54231e+16	5.08e-05	7.07e-01	2.93e-01	0.00e+00	0.00e+00	0.00e+00	0.00e+00	0.00e+00	0.00e+00	2.81e-05	1.68e-05	5.83e-06
 1.60249e+16	6.04e-05	7.63e-01	2.37e-01	0.00e+00	0.00e+00	0.00e+00	0.00e+00	0.00e+00	0.00e+00	3.34e-05	2.00e-05	6.96e-06
 1.65856e+16	7.03e-05	8.12e-01	1.88e-01	0.00e+00	0.00e+00	0.00e+00	0.00e+00	0.00e+00	0.00e+00	3.89e-05	2.32e-05	8.13e-06
 1.71840e+16	8.17e-05	8.56e-01	1.44e-01	0.00e+00	0.00e+00	0.00e+00	0.00e+00	0.00e+00	0.00e+00	4.53e-05	2.68e-05	9.45e-06
 1.77540e+16	9.32e-05	8.93e-01	1.07e-01	0.00e+00	0.00e+00	0.00e+00	0.00e+00	0.00e+00	0.00e+00	5.17e-05	3.05e-05	1.08e-05
 1.82900e+16	1.06e-04	9.20e-01	7.98e-02	0.00e+00	0.00e+00	0.00e+00	0.00e+00	0.00e+00	0.00e+00	5.87e-05	3.44e-05	1.22e-05
 1.88016e+16	1.18e-04	9.42e-01	5.78e-02	0.00e+00	0.00e+00	0.00e+00	0.00e+00	0.00e+00	0.00e+00	6.56e-05	3.83e-05	1.37e-05
 1.92120e+16	1.28e-04	9.56e-01	4.43e-02	0.00e+00	0.00e+00	0.00e+00	0.00e+00	0.00e+00	0.00e+00	7.16e-05	4.16e-05	1.49e-05
 1.95935e+16	1.38e-04	9.66e-01	3.41e-02	0.00e+00	0.00e+00	0.00e+00	0.00e+00	0.00e+00	0.00e+00	7.73e-05	4.48e-05	1.61e-05
 1.99511e+16	1.49e-04	9.74e-01	2.63e-02	0.00e+00	0.00e+00	0.00e+00	0.00e+00	0.00e+00	0.00e+00	8.36e-05	4.82e-05	1.74e-05
 2.02663e+16	1.59e-04	9.79e-01	2.06e-02	0.00e+00	0.00e+00	0.00e+00	0.00e+00	0.00e+00	0.00e+00	8.91e-05	5.13e-05	1.85e-05
 2.05263e+16	1.68e-04	9.83e-01	1.66e-02	0.00e+00	0.00e+00	0.00e+00	0.00e+00	0.00e+00	0.00e+00	9.42e-05	5.40e-05	1.95e-05
 2.07706e+16	1.77e-04	9.86e-01	1.36e-02	0.00e+00	0.00e+00	0.00e+00	0.00e+00	0.00e+00	0.00e+00	9.91e-05	5.67e-05	2.05e-05
 2.10065e+16	1.86e-04	9.89e-01	1.10e-02	0.00e+00	0.00e+00	0.00e+00	0.00e+00	0.00e+00	0.00e+00	1.04e-04	5.95e-05	2.15e-05
 2.12198e+16	1.94e-04	9.91e-01	8.91e-03	0.00e+00	0.00e+00	0.00e+00	0.00e+00	0.00e+00	0.00e+00	1.09e-04	6.21e-05	2.25e-05
 2.14041e+16	2.02e-04	9.92e-01	7.35e-03	0.00e+00	0.00e+00	0.00e+00	0.00e+00	0.00e+00	0.00e+00	1.14e-04	6.45e-05	2.34e-05
 2.15637e+16	2.09e-04	9.94e-01	6.14e-03	0.00e+00	0.00e+00	0.00e+00	0.00e+00	0.00e+00	0.00e+00	1.18e-04	6.66e-05	2.41e-05
 2.17059e+16	2.16e-04	9.95e-01	5.17e-03	0.00e+00	0.00e+00	0.00e+00	0.00e+00	0.00e+00	0.00e+00	1.22e-04	6.87e-05	2.49e-05
 2.18338e+16	2.22e-04	9.95e-01	4.36e-03	0.00e+00	0.00e+00	0.00e+00	0.00e+00	0.00e+00	0.00e+00	1.25e-04	7.06e-05	2.56e-05
 2.19463e+16	2.27e-04	9.96e-01	3.69e-03	0.00e+00	0.00e+00	0.00e+00	0.00e+00	0.00e+00	0.00e+00	1.28e-04	7.23e-05	2.62e-05
 2.20441e+16	2.32e-04	9.97e-01	3.15e-03	0.00e+00	0.00e+00	0.00e+00	0.00e+00	0.00e+00	0.00e+00	1.31e-04	7.38e-05	2.68e-05
 2.21292e+16	2.37e-04	9.97e-01	2.70e-03	0.00e+00	0.00e+00	0.00e+00	0.00e+00	0.00e+00	0.00e+00	1.34e-04	7.52e-05	2.73e-05
 2.22033e+16	2.41e-04	9.97e-01	2.32e-03	0.00e+00	0.00e+00	0.00e+00	0.00e+00	0.00e+00	0.00e+00	1.36e-04	7.65e-05	2.77e-05
 2.22682e+16	2.44e-04	9.98e-01	1.99e-03	0.00e+00	0.00e+00	0.00e+00	0.00e+00	0.00e+00	0.00e+00	1.38e-04	7.76e-05	2.81e-05
 2.23253e+16	2.48e-04	9.98e-01	1.71e-03	0.00e+00	0.00e+00	0.00e+00	0.00e+00	0.00e+00	0.00e+00	1.40e-04	7.85e-05	2.85e-05
 2.23751e+16	2.51e-04	9.98e-01	1.47e-03	0.00e+00	0.00e+00	0.00e+00	0.00e+00	0.00e+00	0.00e+00	1.42e-04	7.94e-05	2.88e-05
 2.24180e+16	2.53e-04	9.98e-01	1.26e-03	0.00e+00	0.00e+00	0.00e+00	0.00e+00	0.00e+00	0.00e+00	1.43e-04	8.02e-05	2.91e-05
 2.24552e+16	2.55e-04	9.99e-01	1.08e-03	0.00e+00	0.00e+00	0.00e+00	0.00e+00	0.00e+00	0.00e+00	1.44e-04	8.08e-05	2.93e-05
 2.24882e+16	2.57e-04	9.99e-01	9.23e-04	0.00e+00	0.00e+00	0.00e+00	0.00e+00	0.00e+00	0.00e+00	1.46e-04	8.14e-05	2.95e-05
 2.25171e+16	2.58e-04	9.99e-01	7.84e-04	0.00e+00	0.00e+00	0.00e+00	0.00e+00	0.00e+00	0.00e+00	1.46e-04	8.19e-05	2.97e-05
 2.25418e+16	2.60e-04	9.99e-01	6.65e-04	0.00e+00	0.00e+00	0.00e+00	0.00e+00	0.00e+00	0.00e+00	1.47e-04	8.23e-05	2.98e-05
 2.25638e+16	2.61e-04	9.99e-01	5.59e-04	0.00e+00	0.00e+00	0.00e+00	0.00e+00	0.00e+00	0.00e+00	1.48e-04	8.26e-05	2.99e-05
 2.25832e+16	2.62e-04	9.99e-01	4.68e-04	0.00e+00	0.00e+00	0.00e+00	0.00e+00	0.00e+00	0.00e+00	1.48e-04	8.28e-05	3.00e-05
 2.26003e+16	2.63e-04	9.99e-01	3.88e-04	0.00e+00	0.00e+00	0.00e+00	0.00e+00	0.00e+00	0.00e+00	1.49e-04	8.31e-05	3.01e-05
 2.26156e+16	2.63e-04	9.99e-01	3.19e-04	0.00e+00	0.00e+00	0.00e+00	0.00e+00	0.00e+00	0.00e+00	1.49e-04	8.32e-05	3.02e-05
 2.26293e+16	2.63e-04	9.99e-01	2.60e-04	0.00e+00	0.00e+00	0.00e+00	0.00e+00	0.00e+00	0.00e+00	1.49e-04	8.33e-05	3.02e-05
 2.26415e+16	2.63e-04	1.00e+00	2.11e-04	0.00e+00	0.00e+00	0.00e+00	0.00e+00	0.00e+00	0.00e+00	1.49e-04	8.33e-05	3.02e-05
 2.26526e+16	2.63e-04	1.00e+00	1.69e-04	0.00e+00	0.00e+00	0.00e+00	0.00e+00	0.00e+00	0.00e+00	1.49e-04	8.33e-05	3.02e-05
 2.26630e+16	2.63e-04	1.00e+00	1.33e-04	0.00e+00	0.00e+00	0.00e+00	0.00e+00	0.00e+00	0.00e+00	1.49e-04	8.32e-05	3.02e-05
 2.26725e+16	2.62e-04	1.00e+00	1.04e-04	0.00e+00	0.00e+00	0.00e+00	0.00e+00	0.00e+00	0.00e+00	1.49e-04	8.30e-05	3.01e-05
 2.26815e+16	2.62e-04	1.00e+00	8.00e-05	0.00e+00	0.00e+00	0.00e+00	0.00e+00	0.00e+00	0.00e+00	1.49e-04	8.29e-05	3.01e-05
 2.26918e+16	2.61e-04	1.00e+00	5.83e-05	0.00e+00	0.00e+00	0.00e+00	0.00e+00	0.00e+00	0.00e+00	1.48e-04	8.27e-05	3.00e-05
 2.27030e+16	2.61e-04	1.00e+00	3.98e-05	0.00e+00	0.00e+00	0.00e+00	0.00e+00	0.00e+00	0.00e+00	1.48e-04	8.25e-05	2.99e-05
 2.27137e+16	2.60e-04	1.00e+00	2.72e-05	0.00e+00	0.00e+00	0.00e+00	0.00e+00	0.00e+00	0.00e+00	1.47e-04	8.21e-05	2.98e-05
 2.27259e+16	2.59e-04	1.00e+00	1.76e-05	0.00e+00	0.00e+00	0.00e+00	0.00e+00	0.00e+00	0.00e+00	1.47e-04	8.20e-05	2.98e-05
 2.27419e+16	2.59e-04	1.00e+00	1.00e-05	0.00e+00	0.00e+00	0.00e+00	0.00e+00	0.00e+00	0.00e+00	1.47e-04	8.20e-05	2.98e-05
 2.27626e+16	2.60e-04	1.00e+00	4.85e-06	0.00e+00	0.00e+00	0.00e+00	0.00e+00	0.00e+00	0.00e+00	1.48e-04	8.21e-05	2.98e-05
 2.27895e+16	2.61e-04	1.00e+00	1.92e-06	0.00e+00	0.00e+00	0.00e+00	0.00e+00	0.00e+00	0.00e+00	1.48e-04	8.25e-05	2.99e-05
 2.28246e+16	2.63e-04	1.00e+00	5.93e-07	0.00e+00	0.00e+00	0.00e+00	0.00e+00	0.00e+00	0.00e+00	1.49e-04	8.31e-05	3.02e-05
 2.28701e+16	2.65e-04	1.00e+00	1.35e-07	0.00e+00	0.00e+00	0.00e+00	0.00e+00	0.00e+00	0.00e+00	1.51e-04	8.38e-05	3.04e-05
 2.29293e+16	2.69e-04	1.00e+00	2.16e-08	0.00e+00	0.00e+00	0.00e+00	0.00e+00	0.00e+00	0.00e+00	1.53e-04	8.49e-05	3.08e-05
 2.30062e+16	2.73e-04	1.00e+00	2.35e-09	0.00e+00	0.00e+00	0.00e+00	0.00e+00	0.00e+00	0.00e+00	1.56e-04	8.63e-05	3.13e-05
 2.31063e+16	2.79e-04	1.00e+00	1.76e-10	0.00e+00	0.00e+00	0.00e+00	0.00e+00	0.00e+00	0.00e+00	1.59e-04	8.81e-05	3.19e-05
 2.32363e+16	2.87e-04	1.00e+00	9.00e-12	0.00e+00	0.00e+00	0.00e+00	0.00e+00	0.00e+00	0.00e+00	1.64e-04	9.05e-05	3.28e-05
 2.34053e+16	2.98e-04	1.00e+00	2.86e-13	0.00e+00	0.00e+00	0.00e+00	0.00e+00	0.00e+00	0.00e+00	1.70e-04	9.38e-05	3.39e-05
 2.36251e+16	3.13e-04	1.00e+00	4.62e-15	0.00e+00	0.00e+00	0.00e+00	0.00e+00	0.00e+00	0.00e+00	1.79e-04	9.84e-05	3.56e-05
 2.39108e+16	3.35e-04	1.00e+00	2.90e-17	0.00e+00	0.00e+00	0.00e+00	0.00e+00	0.00e+00	0.00e+00	1.92e-04	1.05e-04	3.78e-05
 2.42822e+16	3.66e-04	1.00e+00	5.80e-20	0.00e+00	0.00e+00	0.00e+00	0.00e+00	0.00e+00	0.00e+00	2.10e-04	1.15e-04	4.12e-05
 2.47650e+16	4.14e-04	1.00e+00	1.13e-20	0.00e+00	0.00e+00	0.00e+00	0.00e+00	0.00e+00	0.00e+00	2.38e-04	1.29e-04	4.62e-05
 2.53927e+16	4.92e-04	1.00e+00	1.96e-20	0.00e+00	0.00e+00	0.00e+00	0.00e+00	0.00e+00	0.00e+00	2.84e-04	1.53e-04	5.44e-05
 2.60948e+16	6.08e-04	9.99e-01	3.87e-20	0.00e+00	0.00e+00	0.00e+00	0.00e+00	0.00e+00	0.00e+00	3.52e-04	1.89e-04	6.66e-05
 2.67018e+16	7.51e-04	9.99e-01	7.63e-20	0.00e+00	0.00e+00	0.00e+00	0.00e+00	0.00e+00	0.00e+00	4.36e-04	2.33e-04	8.16e-05
 2.71501e+16	8.99e-04	9.99e-01	1.35e-19	0.00e+00	0.00e+00	0.00e+00	0.00e+00	0.00e+00	0.00e+00	5.22e-04	2.78e-04	9.70e-05
 2.74978e+16	1.05e-03	9.99e-01	2.24e-19	0.00e+00	0.00e+00	0.00e+00	0.00e+00	0.00e+00	0.00e+00	6.11e-04	3.25e-04	1.13e-04
 2.78069e+16	1.23e-03	9.99e-01	3.61e-19	0.00e+00	0.00e+00	0.00e+00	0.00e+00	0.00e+00	0.00e+00	7.15e-04	3.80e-04	1.32e-04
 2.80961e+16	1.45e-03	9.99e-01	6.06e-19	0.00e+00	0.00e+00	0.00e+00	0.00e+00	0.00e+00	0.00e+00	8.41e-04	4.47e-04	1.54e-04
 2.83544e+16	1.70e-03	9.98e-01	9.36e-19	0.00e+00	0.00e+00	0.00e+00	0.00e+00	0.00e+00	0.00e+00	9.91e-04	5.26e-04	1.81e-04
 2.85734e+16	1.99e-03	9.98e-01	1.46e-18	0.00e+00	0.00e+00	0.00e+00	0.00e+00	0.00e+00	0.00e+00	1.16e-03	6.15e-04	2.11e-04
 2.87586e+16	2.30e-03	9.98e-01	2.14e-18	0.00e+00	0.00e+00	0.00e+00	0.00e+00	0.00e+00	0.00e+00	1.34e-03	7.12e-04	2.44e-04
 2.89205e+16	2.66e-03	9.97e-01	3.11e-18	0.00e+00	0.00e+00	0.00e+00	0.00e+00	0.00e+00	0.00e+00	1.55e-03	8.22e-04	2.82e-04
 2.90657e+16	3.07e-03	9.97e-01	4.38e-18	0.00e+00	0.00e+00	0.00e+00	0.00e+00	0.00e+00	0.00e+00	1.79e-03	9.48e-04	3.25e-04
 2.91960e+16	3.54e-03	9.96e-01	6.09e-18	0.00e+00	0.00e+00	0.00e+00	0.00e+00	0.00e+00	0.00e+00	2.06e-03	1.09e-03	3.74e-04
 2.93115e+16	4.07e-03	9.96e-01	8.16e-18	0.00e+00	0.00e+00	0.00e+00	0.00e+00	0.00e+00	0.00e+00	2.37e-03	1.26e-03	4.31e-04
 2.94138e+16	4.68e-03	9.95e-01	1.07e-17	0.00e+00	0.00e+00	0.00e+00	0.00e+00	0.00e+00	0.00e+00	2.73e-03	1.45e-03	4.95e-04
 2.95051e+16	5.37e-03	9.95e-01	1.36e-17	0.00e+00	0.00e+00	0.00e+00	0.00e+00	0.00e+00	0.00e+00	3.13e-03	1.66e-03	5.68e-04
 2.95873e+16	6.17e-03	9.94e-01	1.70e-17	0.00e+00	0.00e+00	0.00e+00	0.00e+00	0.00e+00	0.00e+00	3.60e-03	1.91e-03	6.52e-04
 2.96618e+16	7.09e-03	9.93e-01	2.06e-17	0.00e+00	0.00e+00	0.00e+00	0.00e+00	0.00e+00	0.00e+00	4.14e-03	2.19e-03	7.49e-04
