#depth	He	He+	He+2
 1.49634e+10	6.74e-23	1.09e-11	1.00e+00
 4.54887e+10	7.50e-23	1.18e-11	1.00e+00
 7.72350e+10	8.32e-23	1.27e-11	1.00e+00
 1.10251e+11	9.23e-23	1.38e-11	1.00e+00
 1.44588e+11	1.03e-22	1.49e-11	1.00e+00
 1.80298e+11	1.14e-22	1.62e-11	1.00e+00
 2.17437e+11	1.27e-22	1.75e-11	1.00e+00
 2.56061e+11	1.41e-22	1.90e-11	1.00e+00
 2.96231e+11	1.57e-22	2.05e-11	1.00e+00
 3.38007e+11	1.75e-22	2.22e-11	1.00e+00
 3.81454e+11	1.95e-22	2.41e-11	1.00e+00
 4.26639e+11	2.18e-22	2.61e-11	1.00e+00
 4.73631e+11	2.44e-22	2.83e-11	1.00e+00
 5.22503e+11	2.73e-22	3.06e-11	1.00e+00
 5.73330e+11	3.06e-22	3.32e-11	1.00e+00
 6.21469e+11	3.41e-22	3.57e-11	1.00e+00
 6.65030e+11	3.74e-22	3.81e-11	1.00e+00
 7.14097e+11	4.13e-22	4.09e-11	1.00e+00
 7.71630e+11	4.65e-22	4.43e-11	1.00e+00
 8.28663e+11	5.21e-22	4.78e-11	1.00e+00
 8.82486e+11	5.78e-22	5.13e-11	1.00e+00
 9.42220e+11	6.45e-22	5.52e-11	1.00e+00
 1.00984e+12	7.31e-22	6.00e-11	1.00e+00
 1.07725e+12	8.24e-22	6.49e-11	1.00e+00
 1.14736e+12	9.29e-22	7.02e-11	1.00e+00
 1.22318e+12	1.06e-21	7.63e-11	1.00e+00
 1.30203e+12	1.20e-21	8.28e-11	1.00e+00
 1.38404e+12	1.36e-21	9.00e-11	1.00e+00
 1.46933e+12	1.55e-21	9.79e-11	1.00e+00
 1.55803e+12	1.77e-21	1.06e-10	1.00e+00
 1.65028e+12	2.02e-21	1.16e-10	1.00e+00
 1.74621e+12	2.31e-21	1.26e-10	1.00e+00
 1.84599e+12	2.64e-21	1.37e-10	1.00e+00
 1.94976e+12	3.02e-21	1.49e-10	1.00e+00
 2.05767e+12	3.46e-21	1.62e-10	1.00e+00
 2.16991e+12	3.97e-21	1.77e-10	1.00e+00
 2.28663e+12	4.55e-21	1.93e-10	1.00e+00
 2.40802e+12	5.22e-21	2.10e-10	1.00e+00
 2.53427e+12	5.99e-21	2.29e-10	1.00e+00
 2.66557e+12	6.88e-21	2.50e-10	1.00e+00
 2.80212e+12	7.90e-21	2.73e-10	1.00e+00
 2.94413e+12	9.08e-21	2.98e-10	1.00e+00
 3.09182e+12	1.04e-20	3.26e-10	1.00e+00
 3.24542e+12	1.20e-20	3.56e-10	1.00e+00
 3.40516e+12	1.38e-20	3.89e-10	1.00e+00
 3.57130e+12	1.59e-20	4.26e-10	1.00e+00
 3.74407e+12	1.82e-20	4.66e-10	1.00e+00
 3.92376e+12	2.10e-20	5.10e-10	1.00e+00
 4.11064e+12	2.41e-20	5.58e-10	1.00e+00
 4.30499e+12	2.79e-20	6.11e-10	1.00e+00
 4.50712e+12	3.21e-20	6.70e-10	1.00e+00
 4.71733e+12	3.71e-20	7.35e-10	1.00e+00
 4.93595e+12	4.27e-20	8.06e-10	1.00e+00
 5.16332e+12	4.92e-20	8.84e-10	1.00e+00
 5.39978e+12	5.65e-20	9.71e-10	1.00e+00
 5.61829e+12	6.41e-20	1.06e-09	1.00e+00
 5.80769e+12	7.11e-20	1.13e-09	1.00e+00
 6.01797e+12	7.94e-20	1.22e-09	1.00e+00
 6.27452e+12	9.07e-20	1.34e-09	1.00e+00
 6.53587e+12	1.03e-19	1.46e-09	1.00e+00
 6.77434e+12	1.16e-19	1.58e-09	1.00e+00
 7.03843e+12	1.31e-19	1.72e-09	1.00e+00
 7.34642e+12	1.51e-19	1.90e-09	1.00e+00
 7.64934e+12	1.72e-19	2.08e-09	1.00e+00
 7.93515e+12	1.94e-19	2.26e-09	1.00e+00
 8.25326e+12	2.22e-19	2.47e-09	1.00e+00
 8.61331e+12	2.58e-19	2.73e-09	1.00e+00
 8.97444e+12	2.98e-19	3.00e-09	1.00e+00
 9.35001e+12	3.46e-19	3.30e-09	1.00e+00
 9.75394e+12	4.05e-19	3.64e-09	1.00e+00
 1.01740e+13	4.76e-19	4.02e-09	1.00e+00
 1.06109e+13	5.60e-19	4.44e-09	1.00e+00
 1.10653e+13	6.61e-19	4.89e-09	1.00e+00
 1.15378e+13	7.83e-19	5.39e-09	1.00e+00
 1.20292e+13	9.29e-19	5.93e-09	1.00e+00
 1.25403e+13	1.10e-18	6.53e-09	1.00e+00
 1.30719e+13	1.31e-18	7.18e-09	1.00e+00
 1.36247e+13	1.56e-18	7.89e-09	1.00e+00
 1.41996e+13	1.86e-18	8.67e-09	1.00e+00
 1.47975e+13	2.22e-18	9.51e-09	1.00e+00
 1.54193e+13	2.64e-18	1.04e-08	1.00e+00
 1.60660e+13	3.15e-18	1.14e-08	1.00e+00
 1.67386e+13	3.75e-18	1.25e-08	1.00e+00
 1.74381e+13	4.46e-18	1.37e-08	1.00e+00
 1.81209e+13	5.24e-18	1.49e-08	1.00e+00
 1.88310e+13	6.16e-18	1.62e-08	1.00e+00
 1.96141e+13	7.32e-18	1.76e-08	1.00e+00
 2.04042e+13	8.64e-18	1.92e-08	1.00e+00
 2.12259e+13	1.02e-17	2.09e-08	1.00e+00
 2.21048e+13	1.21e-17	2.27e-08	1.00e+00
 2.30189e+13	1.43e-17	2.48e-08	1.00e+00
 2.39696e+13	1.69e-17	2.69e-08	1.00e+00
 2.49583e+13	1.99e-17	2.93e-08	1.00e+00
 2.59866e+13	2.35e-17	3.19e-08	1.00e+00
 2.70560e+13	2.77e-17	3.47e-08	1.00e+00
 2.81681e+13	3.27e-17	3.77e-08	1.00e+00
 2.92259e+13	3.80e-17	4.06e-08	1.00e+00
 3.01900e+13	4.34e-17	4.34e-08	1.00e+00
 3.12784e+13	5.01e-17	4.67e-08	1.00e+00
 3.25465e+13	5.89e-17	5.06e-08	1.00e+00
 3.37978e+13	6.85e-17	5.46e-08	1.00e+00
 3.49859e+13	7.88e-17	5.86e-08	1.00e+00
 3.63021e+13	9.14e-17	6.31e-08	1.00e+00
 3.77841e+13	1.07e-16	6.85e-08	1.00e+00
 3.92670e+13	1.25e-16	7.39e-08	1.00e+00
 4.08093e+13	1.46e-16	7.99e-08	1.00e+00
 4.24716e+13	1.71e-16	8.65e-08	1.00e+00
 4.42004e+13	2.01e-16	9.37e-08	1.00e+00
 4.59983e+13	2.35e-16	1.01e-07	1.00e+00
 4.78682e+13	2.75e-16	1.10e-07	1.00e+00
 4.98128e+13	3.22e-16	1.19e-07	1.00e+00
 5.18353e+13	3.77e-16	1.29e-07	1.00e+00
 5.39386e+13	4.42e-16	1.39e-07	1.00e+00
 5.61261e+13	5.17e-16	1.50e-07	1.00e+00
 5.83165e+13	6.01e-16	1.62e-07	1.00e+00
 6.05944e+13	6.99e-16	1.75e-07	1.00e+00
 6.30482e+13	8.17e-16	1.89e-07	1.00e+00
 6.56000e+13	9.54e-16	2.05e-07	1.00e+00
 6.82539e+13	1.12e-15	2.21e-07	1.00e+00
 7.10140e+13	1.30e-15	2.39e-07	1.00e+00
 7.38845e+13	1.52e-15	2.59e-07	1.00e+00
 7.68698e+13	1.78e-15	2.80e-07	1.00e+00
 7.99745e+13	2.08e-15	3.02e-07	1.00e+00
 8.32034e+13	2.43e-15	3.27e-07	1.00e+00
 8.63783e+13	2.82e-15	3.52e-07	1.00e+00
 8.96802e+13	3.26e-15	3.79e-07	1.00e+00
 9.32974e+13	3.81e-15	4.10e-07	1.00e+00
 9.69533e+13	4.44e-15	4.42e-07	1.00e+00
 1.00755e+14	5.17e-15	4.77e-07	1.00e+00
 1.04816e+14	6.04e-15	5.16e-07	1.00e+00
 1.09038e+14	7.06e-15	5.58e-07	1.00e+00
 1.13002e+14	8.14e-15	6.00e-07	1.00e+00
 1.16531e+14	9.19e-15	6.37e-07	1.00e+00
 1.20480e+14	1.05e-14	6.81e-07	1.00e+00
 1.25182e+14	1.22e-14	7.35e-07	1.00e+00
 1.29875e+14	1.42e-14	7.92e-07	1.00e+00
 1.34215e+14	1.61e-14	8.46e-07	1.00e+00
 1.39071e+14	1.86e-14	9.08e-07	1.00e+00
 1.44664e+14	2.18e-14	9.84e-07	1.00e+00
 1.50122e+14	2.53e-14	1.06e-06	1.00e+00
 1.55320e+14	2.90e-14	1.14e-06	1.00e+00
 1.61086e+14	3.37e-14	1.22e-06	1.00e+00
 1.67559e+14	3.95e-14	1.33e-06	1.00e+00
 1.74078e+14	4.62e-14	1.44e-06	1.00e+00
 1.80857e+14	5.40e-14	1.55e-06	1.00e+00
 1.88121e+14	6.34e-14	1.69e-06	1.00e+00
 1.95676e+14	7.46e-14	1.83e-06	1.00e+00
 2.03533e+14	8.78e-14	1.99e-06	1.00e+00
 2.11704e+14	1.03e-13	2.16e-06	1.00e+00
 2.20202e+14	1.22e-13	2.34e-06	1.00e+00
 2.29040e+14	1.43e-13	2.54e-06	1.00e+00
 2.37802e+14	1.68e-13	2.76e-06	1.00e+00
 2.46915e+14	1.96e-13	2.99e-06	1.00e+00
 2.56821e+14	2.32e-13	3.25e-06	1.00e+00
 2.66822e+14	2.73e-13	3.53e-06	1.00e+00
 2.77223e+14	3.21e-13	3.83e-06	1.00e+00
 2.87336e+14	3.75e-13	4.14e-06	1.00e+00
 2.96358e+14	4.28e-13	4.43e-06	1.00e+00
 3.06386e+14	4.95e-13	4.77e-06	1.00e+00
 3.18310e+14	5.83e-13	5.19e-06	1.00e+00
 3.30314e+14	6.86e-13	5.63e-06	1.00e+00
 3.41623e+14	7.95e-13	6.07e-06	1.00e+00
 3.54142e+14	9.31e-13	6.57e-06	1.00e+00
 3.68337e+14	1.11e-12	7.18e-06	1.00e+00
 3.81513e+14	1.29e-12	7.77e-06	1.00e+00
 3.92997e+14	1.47e-12	8.31e-06	1.00e+00
 4.05750e+14	1.70e-12	8.92e-06	1.00e+00
 4.21233e+14	2.00e-12	9.70e-06	1.00e+00
 4.36829e+14	2.34e-12	1.05e-05	1.00e+00
 4.50896e+14	2.70e-12	1.13e-05	1.00e+00
 4.66413e+14	3.12e-12	1.22e-05	1.00e+00
 4.84702e+14	3.70e-12	1.33e-05	1.00e+00
 5.02661e+14	4.33e-12	1.44e-05	1.00e+00
 5.19153e+14	4.99e-12	1.55e-05	1.00e+00
 5.37674e+14	5.80e-12	1.68e-05	1.00e+00
 5.59121e+14	6.88e-12	1.83e-05	1.00e+00
 5.80127e+14	8.07e-12	1.99e-05	1.00e+00
 6.00098e+14	9.34e-12	2.14e-05	1.00e+00
 6.22256e+14	1.09e-11	2.32e-05	1.00e+00
 6.47176e+14	1.29e-11	2.53e-05	1.00e+00
 6.72234e+14	1.52e-11	2.75e-05	1.00e+00
 6.98294e+14	1.79e-11	3.00e-05	1.00e+00
 7.26256e+14	2.11e-11	3.27e-05	1.00e+00
 7.55336e+14	2.49e-11	3.56e-05	1.00e+00
 7.85580e+14	2.94e-11	3.88e-05	1.00e+00
 8.17033e+14	3.47e-11	4.24e-05	1.00e+00
 8.49744e+14	4.09e-11	4.62e-05	1.00e+00
 8.83764e+14	4.82e-11	5.04e-05	1.00e+00
 9.16439e+14	5.60e-11	5.45e-05	1.00e+00
 9.44720e+14	6.35e-11	5.83e-05	1.00e+00
 9.74503e+14	7.22e-11	6.24e-05	1.00e+00
 1.01118e+15	8.42e-11	6.76e-05	1.00e+00
 1.04831e+15	9.76e-11	7.32e-05	1.00e+00
 1.08148e+15	1.11e-10	7.82e-05	1.00e+00
 1.11799e+15	1.27e-10	8.42e-05	1.00e+00
 1.16141e+15	1.48e-10	9.14e-05	1.00e+00
 1.20356e+15	1.71e-10	9.87e-05	1.00e+00
 1.24077e+15	1.94e-10	1.05e-04	1.00e+00
 1.28182e+15	2.21e-10	1.13e-04	1.00e+00
 1.33113e+15	2.58e-10	1.23e-04	1.00e+00
 1.38034e+15	2.98e-10	1.33e-04	1.00e+00
 1.42503e+15	3.38e-10	1.42e-04	1.00e+00
 1.47468e+15	3.87e-10	1.53e-04	1.00e+00
 1.53281e+15	4.52e-10	1.66e-04	1.00e+00
 1.58993e+15	5.22e-10	1.79e-04	1.00e+00
 1.64322e+15	5.95e-10	1.92e-04	1.00e+00
 1.70288e+15	6.85e-10	2.07e-04	1.00e+00
 1.77102e+15	8.02e-10	2.25e-04	1.00e+00
 1.83829e+15	9.27e-10	2.43e-04	1.00e+00
 1.90825e+15	1.07e-09	2.63e-04	1.00e+00
 1.98461e+15	1.25e-09	2.86e-04	1.00e+00
 2.06224e+15	1.46e-09	3.10e-04	1.00e+00
 2.14299e+15	1.69e-09	3.35e-04	1.00e+00
 2.22873e+15	1.97e-09	3.64e-04	1.00e+00
 2.31791e+15	2.30e-09	3.95e-04	1.00e+00
 2.41066e+15	2.69e-09	4.28e-04	1.00e+00
 2.50712e+15	3.13e-09	4.65e-04	1.00e+00
 2.60743e+15	3.65e-09	5.04e-04	9.99e-01
 2.69729e+15	4.17e-09	5.40e-04	9.99e-01
 2.77121e+15	4.63e-09	5.71e-04	9.99e-01
 2.85216e+15	5.18e-09	6.05e-04	9.99e-01
 2.95588e+15	5.97e-09	6.52e-04	9.99e-01
 3.06615e+15	6.88e-09	7.02e-04	9.99e-01
 3.16339e+15	7.78e-09	7.48e-04	9.99e-01
 3.26679e+15	8.82e-09	7.99e-04	9.99e-01
 3.39175e+15	1.02e-08	8.63e-04	9.99e-01
 3.51523e+15	1.18e-08	9.28e-04	9.99e-01
 3.62476e+15	1.33e-08	9.87e-04	9.99e-01
 3.74564e+15	1.51e-08	1.06e-03	9.99e-01
 3.89026e+15	1.75e-08	1.14e-03	9.99e-01
 4.03311e+15	2.02e-08	1.23e-03	9.99e-01
 4.16093e+15	2.28e-08	1.31e-03	9.99e-01
 4.30184e+15	2.60e-08	1.40e-03	9.99e-01
 4.46913e+15	3.02e-08	1.51e-03	9.98e-01
 4.63601e+15	3.50e-08	1.63e-03	9.98e-01
 4.79047e+15	3.98e-08	1.74e-03	9.98e-01
 4.96301e+15	4.58e-08	1.87e-03	9.98e-01
 5.15516e+15	5.33e-08	2.02e-03	9.98e-01
 5.33997e+15	6.13e-08	2.17e-03	9.98e-01
 5.51797e+15	6.99e-08	2.31e-03	9.98e-01
 5.71812e+15	8.07e-08	2.49e-03	9.98e-01
 5.93602e+15	9.37e-08	2.69e-03	9.97e-01
 6.13767e+15	1.07e-07	2.87e-03	9.97e-01
 6.35824e+15	1.24e-07	3.09e-03	9.97e-01
 6.60379e+15	1.44e-07	3.34e-03	9.97e-01
 6.81335e+15	1.63e-07	3.56e-03	9.96e-01
 6.98438e+15	1.80e-07	3.75e-03	9.96e-01
 7.17379e+15	2.01e-07	3.97e-03	9.96e-01
 7.42003e+15	2.32e-07	4.27e-03	9.96e-01
 7.67928e+15	2.67e-07	4.58e-03	9.95e-01
 7.90511e+15	3.00e-07	4.87e-03	9.95e-01
 8.14835e+15	3.41e-07	5.21e-03	9.95e-01
 8.45156e+15	3.99e-07	5.66e-03	9.94e-01
 8.74546e+15	4.58e-07	6.09e-03	9.94e-01
 8.98304e+15	5.12e-07	6.47e-03	9.94e-01
 9.23467e+15	5.78e-07	6.92e-03	9.93e-01
 9.56179e+15	6.76e-07	7.54e-03	9.92e-01
 9.88496e+15	7.80e-07	8.16e-03	9.92e-01
 1.01334e+16	8.70e-07	8.68e-03	9.91e-01
 1.03866e+16	9.78e-07	9.29e-03	9.91e-01
 1.07159e+16	1.14e-06	1.01e-02	9.90e-01
 1.10498e+16	1.32e-06	1.11e-02	9.89e-01
 1.13174e+16	1.48e-06	1.19e-02	9.88e-01
 1.15931e+16	1.68e-06	1.28e-02	9.87e-01
 1.19015e+16	1.93e-06	1.40e-02	9.86e-01
 1.21890e+16	2.20e-06	1.52e-02	9.85e-01
 1.24526e+16	2.48e-06	1.65e-02	9.83e-01
 1.27488e+16	2.88e-06	1.82e-02	9.82e-01
 1.30627e+16	3.36e-06	2.02e-02	9.80e-01
 1.33320e+16	3.85e-06	2.22e-02	9.78e-01
 1.35731e+16	4.39e-06	2.44e-02	9.76e-01
 1.37959e+16	4.98e-06	2.67e-02	9.73e-01
 1.40008e+16	5.60e-06	2.91e-02	9.71e-01
 1.42322e+16	6.51e-06	3.24e-02	9.68e-01
 1.44905e+16	7.68e-06	3.67e-02	9.63e-01
 1.47271e+16	9.08e-06	4.17e-02	9.58e-01
 1.49328e+16	1.06e-05	4.70e-02	9.53e-01
 1.51240e+16	1.24e-05	5.30e-02	9.47e-01
 1.53127e+16	1.46e-05	6.05e-02	9.40e-01
 1.54956e+16	1.74e-05	6.95e-02	9.30e-01
 1.56648e+16	2.05e-05	8.02e-02	9.20e-01
 1.58197e+16	2.45e-05	9.26e-02	9.07e-01
 1.59623e+16	2.93e-05	1.07e-01	8.93e-01
 1.60943e+16	3.51e-05	1.24e-01	8.75e-01
 1.62167e+16	4.21e-05	1.45e-01	8.55e-01
 1.63300e+16	5.09e-05	1.69e-01	8.31e-01
 1.64190e+16	5.92e-05	1.93e-01	8.07e-01
 1.64847e+16	6.68e-05	2.14e-01	7.86e-01
 1.65564e+16	7.70e-05	2.41e-01	7.59e-01
 1.66357e+16	9.02e-05	2.76e-01	7.24e-01
 1.67074e+16	1.05e-04	3.14e-01	6.86e-01
 1.67701e+16	1.21e-04	3.54e-01	6.46e-01
 1.68295e+16	1.38e-04	3.96e-01	6.04e-01
 1.68976e+16	1.60e-04	4.50e-01	5.50e-01
 1.69698e+16	1.87e-04	5.14e-01	4.86e-01
 1.70322e+16	2.13e-04	5.72e-01	4.27e-01
 1.70983e+16	2.42e-04	6.36e-01	3.64e-01
 1.71729e+16	2.75e-04	7.04e-01	2.96e-01
 1.72471e+16	3.07e-04	7.65e-01	2.35e-01
 1.73323e+16	3.40e-04	8.24e-01	1.76e-01
 1.74430e+16	3.76e-04	8.81e-01	1.19e-01
 1.75860e+16	4.12e-04	9.28e-01	7.18e-02
 1.77712e+16	4.46e-04	9.61e-01	3.88e-02
 1.80120e+16	4.79e-04	9.81e-01	1.89e-02
 1.83250e+16	5.13e-04	9.91e-01	8.38e-03
 1.87319e+16	5.56e-04	9.96e-01	3.41e-03
 1.91701e+16	6.03e-04	9.98e-01	1.51e-03
 1.95554e+16	6.48e-04	9.99e-01	8.10e-04
 1.98976e+16	6.94e-04	9.99e-01	4.92e-04
 2.02771e+16	7.52e-04	9.99e-01	2.93e-04
 2.06743e+16	8.20e-04	9.99e-01	1.80e-04
 2.09932e+16	8.84e-04	9.99e-01	1.26e-04
 2.12511e+16	9.45e-04	9.99e-01	9.55e-05
 2.15307e+16	1.02e-03	9.99e-01	7.06e-05
 2.18332e+16	1.12e-03	9.99e-01	5.22e-05
 2.20904e+16	1.21e-03	9.99e-01	4.10e-05
 2.22578e+16	1.28e-03	9.99e-01	3.56e-05
 2.23527e+16	1.33e-03	9.99e-01	3.27e-05
 2.24456e+16	1.37e-03	9.99e-01	3.00e-05
 2.25663e+16	1.44e-03	9.99e-01	2.68e-05
 2.27009e+16	1.52e-03	9.98e-01	2.38e-05
 2.28236e+16	1.60e-03	9.98e-01	2.14e-05
 2.29300e+16	1.67e-03	9.98e-01	1.95e-05
 2.30211e+16	1.74e-03	9.98e-01	1.81e-05
 2.31007e+16	1.81e-03	9.98e-01	1.69e-05
 2.31894e+16	1.89e-03	9.98e-01	1.57e-05
 2.32841e+16	1.99e-03	9.98e-01	1.45e-05
 2.33653e+16	2.08e-03	9.98e-01	1.36e-05
 2.34363e+16	2.16e-03	9.98e-01	1.28e-05
 2.35157e+16	2.26e-03	9.98e-01	1.20e-05
 2.36006e+16	2.38e-03	9.98e-01	1.12e-05
 2.36730e+16	2.49e-03	9.98e-01	1.06e-05
 2.37356e+16	2.59e-03	9.97e-01	1.01e-05
 2.38050e+16	2.71e-03	9.97e-01	9.49e-06
 2.38802e+16	2.86e-03	9.97e-01	8.95e-06
 2.39456e+16	3.00e-03	9.97e-01	8.51e-06
 2.40019e+16	3.13e-03	9.97e-01	8.14e-06
 2.40640e+16	3.29e-03	9.97e-01	7.74e-06
 2.41310e+16	3.48e-03	9.97e-01	7.35e-06
 2.41893e+16	3.65e-03	9.96e-01	7.04e-06
 2.42399e+16	3.82e-03	9.96e-01	6.76e-06
 2.42956e+16	4.03e-03	9.96e-01	6.46e-06
 2.43560e+16	4.27e-03	9.96e-01	6.17e-06
 2.44091e+16	4.51e-03	9.95e-01	5.93e-06
 2.44555e+16	4.74e-03	9.95e-01	5.72e-06
 2.45071e+16	5.02e-03	9.95e-01	5.50e-06
 2.45631e+16	5.35e-03	9.95e-01	5.26e-06
 2.46123e+16	5.69e-03	9.94e-01	5.07e-06
 2.46557e+16	6.01e-03	9.94e-01	4.91e-06
 2.47042e+16	6.42e-03	9.94e-01	4.72e-06
 2.47575e+16	6.92e-03	9.93e-01	4.54e-06
 2.48056e+16	7.44e-03	9.93e-01	4.38e-06
 2.48492e+16	7.97e-03	9.92e-01	4.23e-06
 2.48984e+16	8.67e-03	9.91e-01	4.07e-06
 2.49521e+16	9.55e-03	9.90e-01	3.91e-06
 2.49987e+16	1.05e-02	9.90e-01	3.77e-06
 2.50378e+16	1.13e-02	9.89e-01	3.67e-06
 2.50801e+16	1.25e-02	9.88e-01	3.55e-06
 2.51233e+16	1.38e-02	9.86e-01	3.43e-06
 2.51567e+16	1.51e-02	9.85e-01	3.35e-06
 2.51838e+16	1.62e-02	9.84e-01	3.29e-06
 2.52137e+16	1.77e-02	9.82e-01	3.21e-06
 2.52463e+16	1.95e-02	9.80e-01	3.13e-06
 2.52744e+16	2.14e-02	9.79e-01	3.07e-06
 2.52977e+16	2.33e-02	9.77e-01	3.02e-06
 2.53229e+16	2.56e-02	9.74e-01	2.96e-06
 2.53502e+16	2.85e-02	9.72e-01	2.91e-06
 2.53737e+16	3.15e-02	9.69e-01	2.87e-06
 2.53934e+16	3.44e-02	9.66e-01	2.84e-06
 2.54147e+16	3.81e-02	9.62e-01	2.80e-06
 2.54379e+16	4.27e-02	9.57e-01	2.77e-06
 2.54581e+16	4.77e-02	9.52e-01	2.75e-06
 2.54753e+16	5.25e-02	9.48e-01	2.74e-06
 2.54938e+16	5.87e-02	9.41e-01	2.72e-06
 2.55134e+16	6.62e-02	9.34e-01	2.72e-06
 2.55301e+16	7.41e-02	9.26e-01	2.72e-06
 2.55443e+16	8.15e-02	9.18e-01	2.73e-06
 2.55584e+16	9.03e-02	9.10e-01	2.74e-06
 2.55731e+16	1.00e-01	9.00e-01	2.77e-06
 2.55867e+16	1.12e-01	8.88e-01	2.80e-06
 2.55990e+16	1.23e-01	8.77e-01	2.82e-06
 2.56103e+16	1.34e-01	8.66e-01	2.86e-06
 2.56205e+16	1.46e-01	8.54e-01	2.90e-06
 2.56296e+16	1.58e-01	8.42e-01	2.93e-06
 2.56383e+16	1.70e-01	8.30e-01	2.97e-06
 2.56452e+16	1.80e-01	8.20e-01	3.00e-06
 2.56497e+16	1.87e-01	8.13e-01	3.02e-06
 2.56539e+16	1.94e-01	8.06e-01	3.04e-06
 2.56587e+16	2.02e-01	7.98e-01	3.06e-06
 2.56638e+16	2.12e-01	7.88e-01	3.09e-06
 2.56688e+16	2.21e-01	7.79e-01	3.12e-06
 2.56736e+16	2.31e-01	7.69e-01	3.14e-06
 2.56782e+16	2.40e-01	7.60e-01	3.17e-06
 2.56828e+16	2.50e-01	7.50e-01	3.19e-06
 2.56875e+16	2.61e-01	7.39e-01	3.22e-06
 2.56920e+16	2.72e-01	7.28e-01	3.24e-06
 2.56965e+16	2.82e-01	7.18e-01	3.27e-06
 2.57009e+16	2.94e-01	7.06e-01	3.29e-06
 2.57053e+16	3.05e-01	6.95e-01	3.32e-06
 2.57097e+16	3.18e-01	6.82e-01	3.34e-06
 2.57140e+16	3.30e-01	6.70e-01	3.38e-06
 2.57182e+16	3.42e-01	6.58e-01	3.40e-06
 2.57225e+16	3.55e-01	6.45e-01	3.42e-06
 2.57266e+16	3.68e-01	6.32e-01	3.44e-06
 2.57307e+16	3.81e-01	6.19e-01	3.46e-06
 2.57347e+16	3.95e-01	6.05e-01	3.48e-06
 2.57387e+16	4.08e-01	5.92e-01	3.50e-06
 2.57427e+16	4.22e-01	5.78e-01	3.51e-06
 2.57466e+16	4.36e-01	5.64e-01	3.54e-06
 2.57505e+16	4.50e-01	5.50e-01	3.54e-06
 2.57543e+16	4.64e-01	5.36e-01	3.56e-06
 2.57581e+16	4.78e-01	5.22e-01	3.57e-06
 2.57618e+16	4.92e-01	5.08e-01	3.58e-06
 2.57655e+16	5.06e-01	4.94e-01	3.58e-06
 2.57691e+16	5.20e-01	4.80e-01	3.59e-06
 2.57727e+16	5.34e-01	4.66e-01	3.59e-06
 2.57762e+16	5.48e-01	4.52e-01	3.60e-06
 2.57796e+16	5.61e-01	4.39e-01	3.59e-06
 2.57828e+16	5.74e-01	4.26e-01	3.59e-06
 2.57861e+16	5.87e-01	4.13e-01	3.59e-06
 2.57894e+16	6.00e-01	4.00e-01	3.58e-06
 2.57925e+16	6.13e-01	3.87e-01	3.57e-06
 2.57956e+16	6.25e-01	3.75e-01	3.56e-06
 2.57986e+16	6.37e-01	3.63e-01	3.54e-06
 2.58016e+16	6.49e-01	3.51e-01	3.53e-06
 2.58046e+16	6.60e-01	3.39e-01	3.51e-06
 2.58075e+16	6.72e-01	3.28e-01	3.50e-06
 2.58103e+16	6.82e-01	3.17e-01	3.48e-06
 2.58131e+16	6.93e-01	3.07e-01	3.46e-06
 2.58158e+16	7.03e-01	2.97e-01	3.43e-06
 2.58185e+16	7.13e-01	2.87e-01	3.41e-06
 2.58212e+16	7.23e-01	2.77e-01	3.39e-06
 2.58238e+16	7.32e-01	2.68e-01	3.36e-06
 2.58263e+16	7.41e-01	2.59e-01	3.34e-06
 2.58289e+16	7.50e-01	2.50e-01	3.31e-06
 2.58314e+16	7.59e-01	2.41e-01	3.28e-06
 2.58339e+16	7.67e-01	2.33e-01	3.26e-06
 2.58363e+16	7.75e-01	2.25e-01	3.23e-06
 2.58387e+16	7.83e-01	2.17e-01	3.20e-06
 2.58411e+16	7.90e-01	2.10e-01	3.17e-06
 2.58434e+16	7.97e-01	2.03e-01	3.13e-06
 2.58454e+16	8.03e-01	1.97e-01	3.10e-06
 2.58470e+16	8.08e-01	1.92e-01	3.08e-06
 2.58485e+16	8.13e-01	1.87e-01	3.05e-06
 2.58501e+16	8.18e-01	1.82e-01	3.02e-06
 2.58517e+16	8.22e-01	1.78e-01	3.00e-06
 2.58532e+16	8.26e-01	1.74e-01	2.97e-06
 2.58547e+16	8.30e-01	1.70e-01	2.95e-06
 2.58561e+16	8.35e-01	1.65e-01	2.92e-06
 2.58576e+16	8.38e-01	1.62e-01	2.89e-06
 2.58590e+16	8.42e-01	1.58e-01	2.87e-06
 2.58605e+16	8.46e-01	1.54e-01	2.84e-06
 2.58619e+16	8.50e-01	1.50e-01	2.82e-06
 2.58633e+16	8.53e-01	1.47e-01	2.79e-06
 2.58647e+16	8.57e-01	1.43e-01	2.76e-06
 2.58662e+16	8.60e-01	1.40e-01	2.74e-06
 2.58676e+16	8.64e-01	1.36e-01	2.71e-06
 2.58692e+16	8.67e-01	1.33e-01	2.68e-06
 2.58708e+16	8.71e-01	1.29e-01	2.65e-06
 2.58726e+16	8.75e-01	1.25e-01	2.62e-06
 2.58745e+16	8.79e-01	1.21e-01	2.58e-06
 2.58765e+16	8.84e-01	1.16e-01	2.54e-06
 2.58784e+16	8.88e-01	1.12e-01	2.50e-06
 2.58804e+16	8.92e-01	1.08e-01	2.46e-06
 2.58822e+16	8.95e-01	1.05e-01	2.41e-06
 2.58841e+16	8.99e-01	1.01e-01	2.37e-06
 2.58859e+16	9.02e-01	9.76e-02	2.33e-06
 2.58876e+16	9.06e-01	9.44e-02	2.29e-06
 2.58892e+16	9.09e-01	9.14e-02	2.24e-06
 2.58907e+16	9.11e-01	8.86e-02	2.20e-06
 2.58921e+16	9.14e-01	8.61e-02	2.16e-06
 2.58934e+16	9.16e-01	8.39e-02	2.13e-06
 2.58946e+16	9.18e-01	8.19e-02	2.10e-06
 2.58956e+16	9.20e-01	8.01e-02	2.07e-06
 2.58966e+16	9.21e-01	7.85e-02	2.04e-06
 2.58974e+16	9.23e-01	7.71e-02	2.01e-06
 2.58982e+16	9.24e-01	7.57e-02	1.98e-06
 2.58990e+16	9.26e-01	7.45e-02	1.96e-06
 2.58997e+16	9.27e-01	7.31e-02	1.93e-06
 2.59006e+16	9.28e-01	7.19e-02	1.91e-06
 2.59014e+16	9.29e-01	7.06e-02	1.89e-06
 2.59021e+16	9.31e-01	6.95e-02	1.86e-06
 2.59027e+16	9.32e-01	6.85e-02	1.84e-06
 2.59034e+16	9.33e-01	6.73e-02	1.82e-06
 2.59042e+16	9.34e-01	6.62e-02	1.80e-06
 2.59049e+16	9.35e-01	6.51e-02	1.77e-06
 2.59055e+16	9.36e-01	6.42e-02	1.75e-06
 2.59062e+16	9.37e-01	6.30e-02	1.73e-06
 2.59070e+16	9.38e-01	6.19e-02	1.70e-06
 2.59076e+16	9.39e-01	6.09e-02	1.68e-06
 2.59083e+16	9.40e-01	6.00e-02	1.66e-06
 2.59088e+16	9.41e-01	5.92e-02	1.64e-06
 2.59093e+16	9.42e-01	5.84e-02	1.62e-06
 2.59098e+16	9.42e-01	5.77e-02	1.60e-06
 2.59103e+16	9.43e-01	5.69e-02	1.58e-06
 2.59109e+16	9.44e-01	5.61e-02	1.56e-06
 2.59114e+16	9.45e-01	5.54e-02	1.54e-06
 2.59119e+16	9.45e-01	5.46e-02	1.52e-06
 2.59125e+16	9.46e-01	5.37e-02	1.50e-06
 2.59130e+16	9.47e-01	5.30e-02	1.48e-06
 2.59135e+16	9.48e-01	5.23e-02	1.46e-06
 2.59140e+16	9.48e-01	5.17e-02	1.45e-06
 2.59145e+16	9.49e-01	5.09e-02	1.43e-06
 2.59150e+16	9.50e-01	5.02e-02	1.41e-06
 2.59155e+16	9.50e-01	4.95e-02	1.39e-06
 2.59159e+16	9.51e-01	4.89e-02	1.37e-06
 2.59163e+16	9.52e-01	4.84e-02	1.36e-06
 2.59168e+16	9.52e-01	4.78e-02	1.34e-06
 2.59172e+16	9.53e-01	4.71e-02	1.32e-06
 2.59177e+16	9.53e-01	4.66e-02	1.31e-06
 2.59181e+16	9.54e-01	4.59e-02	1.29e-06
 2.59186e+16	9.55e-01	4.52e-02	1.27e-06
 2.59191e+16	9.55e-01	4.47e-02	1.25e-06
 2.59195e+16	9.56e-01	4.41e-02	1.24e-06
 2.59199e+16	9.56e-01	4.36e-02	1.23e-06
 2.59203e+16	9.57e-01	4.31e-02	1.21e-06
 2.59208e+16	9.57e-01	4.25e-02	1.20e-06
 2.59212e+16	9.58e-01	4.20e-02	1.18e-06
 2.59216e+16	9.58e-01	4.16e-02	1.17e-06
 2.59220e+16	9.59e-01	4.10e-02	1.15e-06
 2.59224e+16	9.59e-01	4.05e-02	1.14e-06
 2.59229e+16	9.60e-01	3.99e-02	1.13e-06
 2.59234e+16	9.61e-01	3.93e-02	1.11e-06
 2.59239e+16	9.61e-01	3.88e-02	1.10e-06
 2.59243e+16	9.62e-01	3.83e-02	1.08e-06
 2.59247e+16	9.62e-01	3.79e-02	1.07e-06
 2.59252e+16	9.63e-01	3.74e-02	1.06e-06
 2.59257e+16	9.63e-01	3.68e-02	1.04e-06
 2.59263e+16	9.64e-01	3.62e-02	1.03e-06
 2.59269e+16	9.64e-01	3.56e-02	1.01e-06
 2.59274e+16	9.65e-01	3.51e-02	9.99e-07
 2.59278e+16	9.65e-01	3.47e-02	9.87e-07
 2.59283e+16	9.66e-01	3.41e-02	9.72e-07
 2.59289e+16	9.66e-01	3.36e-02	9.58e-07
 2.59294e+16	9.67e-01	3.32e-02	9.47e-07
 2.59298e+16	9.67e-01	3.27e-02	9.34e-07
 2.59302e+16	9.68e-01	3.23e-02	9.24e-07
 2.59307e+16	9.68e-01	3.19e-02	9.14e-07
 2.59313e+16	9.69e-01	3.14e-02	9.01e-07
 2.59319e+16	9.69e-01	3.08e-02	8.87e-07
 2.59325e+16	9.70e-01	3.04e-02	8.75e-07
 2.59330e+16	9.70e-01	2.99e-02	8.63e-07
 2.59334e+16	9.71e-01	2.95e-02	8.51e-07
 2.59340e+16	9.71e-01	2.91e-02	8.41e-07
 2.59346e+16	9.71e-01	2.85e-02	8.26e-07
 2.59354e+16	9.72e-01	2.80e-02	8.12e-07
 2.59360e+16	9.73e-01	2.75e-02	8.00e-07
 2.59366e+16	9.73e-01	2.70e-02	7.88e-07
 2.59372e+16	9.73e-01	2.66e-02	7.78e-07
 2.59378e+16	9.74e-01	2.61e-02	7.66e-07
 2.59384e+16	9.74e-01	2.57e-02	7.55e-07
 2.59390e+16	9.75e-01	2.53e-02	7.44e-07
 2.59396e+16	9.75e-01	2.49e-02	7.34e-07
 2.59401e+16	9.75e-01	2.45e-02	7.24e-07
 2.59409e+16	9.76e-01	2.40e-02	7.11e-07
 2.59417e+16	9.77e-01	2.35e-02	6.98e-07
 2.59425e+16	9.77e-01	2.30e-02	6.87e-07
 2.59432e+16	9.77e-01	2.26e-02	6.76e-07
 2.59438e+16	9.78e-01	2.22e-02	6.67e-07
 2.59445e+16	9.78e-01	2.18e-02	6.56e-07
 2.59452e+16	9.79e-01	2.14e-02	6.46e-07
 2.59459e+16	9.79e-01	2.10e-02	6.37e-07
 2.59465e+16	9.79e-01	2.07e-02	6.27e-07
 2.59472e+16	9.80e-01	2.03e-02	6.19e-07
 2.59479e+16	9.80e-01	1.99e-02	6.09e-07
 2.59485e+16	9.80e-01	1.96e-02	6.00e-07
 2.59493e+16	9.81e-01	1.92e-02	5.91e-07
 2.59500e+16	9.81e-01	1.88e-02	5.82e-07
 2.59507e+16	9.82e-01	1.85e-02	5.73e-07
 2.59515e+16	9.82e-01	1.81e-02	5.64e-07
 2.59523e+16	9.82e-01	1.77e-02	5.55e-07
 2.59531e+16	9.83e-01	1.74e-02	5.47e-07
 2.59538e+16	9.83e-01	1.71e-02	5.40e-07
 2.59546e+16	9.83e-01	1.68e-02	5.30e-07
 2.59554e+16	9.84e-01	1.64e-02	5.22e-07
 2.59561e+16	9.84e-01	1.61e-02	5.15e-07
 2.59569e+16	9.84e-01	1.58e-02	5.06e-07
 2.59578e+16	9.85e-01	1.54e-02	4.97e-07
 2.59586e+16	9.85e-01	1.51e-02	4.90e-07
 2.59595e+16	9.85e-01	1.48e-02	4.81e-07
 2.59604e+16	9.86e-01	1.45e-02	4.73e-07
 2.59613e+16	9.86e-01	1.42e-02	4.65e-07
 2.59623e+16	9.86e-01	1.38e-02	4.56e-07
 2.59633e+16	9.87e-01	1.35e-02	4.48e-07
 2.59642e+16	9.87e-01	1.32e-02	4.41e-07
 2.59651e+16	9.87e-01	1.29e-02	4.34e-07
 2.59660e+16	9.87e-01	1.26e-02	4.26e-07
 2.59670e+16	9.88e-01	1.23e-02	4.18e-07
 2.59679e+16	9.88e-01	1.21e-02	4.12e-07
 2.59689e+16	9.88e-01	1.18e-02	4.03e-07
 2.59700e+16	9.89e-01	1.15e-02	3.96e-07
 2.59709e+16	9.89e-01	1.12e-02	3.89e-07
 2.59720e+16	9.89e-01	1.09e-02	3.81e-07
 2.59732e+16	9.89e-01	1.06e-02	3.74e-07
 2.59742e+16	9.90e-01	1.04e-02	3.67e-07
 2.59754e+16	9.90e-01	1.01e-02	3.59e-07
 2.59766e+16	9.90e-01	9.80e-03	3.52e-07
 2.59780e+16	9.91e-01	9.48e-03	3.43e-07
 2.59797e+16	9.91e-01	9.11e-03	3.32e-07
 2.59816e+16	9.91e-01	8.73e-03	3.22e-07
 2.59834e+16	9.92e-01	8.39e-03	3.13e-07
 2.59852e+16	9.92e-01	8.05e-03	3.03e-07
 2.59870e+16	9.92e-01	7.72e-03	2.94e-07
 2.59890e+16	9.93e-01	7.39e-03	2.84e-07
 2.59910e+16	9.93e-01	7.07e-03	2.75e-07
 2.59930e+16	9.93e-01	6.76e-03	2.65e-07
 2.59951e+16	9.94e-01	6.46e-03	2.56e-07
 2.59972e+16	9.94e-01	6.16e-03	2.46e-07
 2.59994e+16	9.94e-01	5.87e-03	2.37e-07
 2.60017e+16	9.94e-01	5.59e-03	2.28e-07
 2.60041e+16	9.95e-01	5.32e-03	2.19e-07
 2.60065e+16	9.95e-01	5.05e-03	2.10e-07
 2.60089e+16	9.95e-01	4.80e-03	2.01e-07
 2.60115e+16	9.95e-01	4.55e-03	1.93e-07
 2.60141e+16	9.96e-01	4.31e-03	1.84e-07
 2.60168e+16	9.96e-01	4.08e-03	1.76e-07
 2.60196e+16	9.96e-01	3.86e-03	1.68e-07
 2.60225e+16	9.96e-01	3.65e-03	1.60e-07
 2.60255e+16	9.97e-01	3.44e-03	1.52e-07
 2.60286e+16	9.97e-01	3.25e-03	1.45e-07
 2.60319e+16	9.97e-01	3.06e-03	1.37e-07
 2.60352e+16	9.97e-01	2.87e-03	1.29e-07
 2.60387e+16	9.97e-01	2.70e-03	1.22e-07
 2.60424e+16	9.97e-01	2.53e-03	1.15e-07
 2.60462e+16	9.98e-01	2.36e-03	1.08e-07
 2.60502e+16	9.98e-01	2.20e-03	1.01e-07
 2.60545e+16	9.98e-01	2.04e-03	9.41e-08
 2.60590e+16	9.98e-01	1.88e-03	8.69e-08
 2.60639e+16	9.98e-01	1.72e-03	7.98e-08
 2.60691e+16	9.98e-01	1.56e-03	7.26e-08
 2.60747e+16	9.99e-01	1.40e-03	6.55e-08
 2.60810e+16	9.99e-01	1.25e-03	5.85e-08
 2.60880e+16	9.99e-01	1.11e-03	5.19e-08
 2.60959e+16	9.99e-01	9.83e-04	4.58e-08
 2.61051e+16	9.99e-01	8.64e-04	4.02e-08
 2.61150e+16	9.99e-01	7.70e-04	3.58e-08
 2.61249e+16	9.99e-01	7.00e-04	3.24e-08
 2.61349e+16	9.99e-01	6.47e-04	2.99e-08
 2.61449e+16	9.99e-01	6.08e-04	2.80e-08
 2.61548e+16	9.99e-01	5.79e-04	2.66e-08
 2.61648e+16	9.99e-01	5.57e-04	2.55e-08
 2.61747e+16	9.99e-01	5.41e-04	2.47e-08
 2.61847e+16	9.99e-01	5.28e-04	2.40e-08
 2.61946e+16	9.99e-01	5.18e-04	2.35e-08
 2.62061e+16	9.99e-01	5.08e-04	2.30e-08
 2.62210e+16	1.00e+00	4.99e-04	2.24e-08
 2.62403e+16	1.00e+00	4.90e-04	2.18e-08
 2.62654e+16	1.00e+00	4.80e-04	2.12e-08
 2.62981e+16	1.00e+00	4.69e-04	2.04e-08
 2.63406e+16	1.00e+00	4.56e-04	1.94e-08
 2.63959e+16	1.00e+00	4.40e-04	1.82e-08
 2.64665e+16	1.00e+00	4.20e-04	1.67e-08
 2.65493e+16	1.00e+00	3.98e-04	1.51e-08
 2.66383e+16	1.00e+00	3.76e-04	1.35e-08
 2.67333e+16	1.00e+00	3.53e-04	1.20e-08
 2.68385e+16	1.00e+00	3.29e-04	1.05e-08
 2.69524e+16	1.00e+00	3.05e-04	9.09e-09
 2.70781e+16	1.00e+00	2.80e-04	7.70e-09
 2.72179e+16	1.00e+00	2.55e-04	6.42e-09
 2.73699e+16	1.00e+00	2.30e-04	5.25e-09
 2.75397e+16	1.00e+00	2.05e-04	4.20e-09
 2.77274e+16	1.00e+00	1.80e-04	3.28e-09
 2.79322e+16	1.00e+00	1.57e-04	2.52e-09
 2.81550e+16	1.00e+00	1.36e-04	1.89e-09
 2.84023e+16	1.00e+00	1.15e-04	1.37e-09
 2.86815e+16	1.00e+00	9.60e-05	9.58e-10
 2.89992e+16	1.00e+00	7.83e-05	6.42e-10
 2.93561e+16	1.00e+00	6.25e-05	4.13e-10
 2.97581e+16	1.00e+00	4.87e-05	2.53e-10
 3.02265e+16	1.00e+00	3.67e-05	1.45e-10
 3.07586e+16	1.00e+00	2.68e-05	7.83e-11
 3.13155e+16	1.00e+00	1.96e-05	4.22e-11
 3.18723e+16	1.00e+00	1.45e-05	2.31e-11
 3.24674e+16	1.00e+00	1.05e-05	1.23e-11
 3.31135e+16	1.00e+00	7.50e-06	6.32e-12
 3.37857e+16	1.00e+00	5.36e-06	3.25e-12
 3.44781e+16	1.00e+00	3.83e-06	1.67e-12
 3.51808e+16	1.00e+00	2.75e-06	8.68e-13
 3.58870e+16	1.00e+00	1.99e-06	4.56e-13
 3.66293e+16	1.00e+00	1.43e-06	2.37e-13
 3.74233e+16	1.00e+00	1.01e-06	1.20e-13
 3.82372e+16	1.00e+00	7.19e-07	6.12e-14
 3.90673e+16	1.00e+00	5.12e-07	3.13e-14
 3.99298e+16	1.00e+00	3.63e-07	1.58e-14
 4.08255e+16	1.00e+00	2.56e-07	7.98e-15
 4.17345e+16	1.00e+00	1.82e-07	4.06e-15
 4.26762e+16	1.00e+00	1.28e-07	2.04e-15
 4.36650e+16	1.00e+00	8.97e-08	1.01e-15
 4.46837e+16	1.00e+00	6.27e-08	5.00e-16
 4.57331e+16	1.00e+00	4.37e-08	2.46e-16
 4.68141e+16	1.00e+00	3.02e-08	1.20e-16
 4.79277e+16	1.00e+00	2.09e-08	5.86e-17
 4.90748e+16	1.00e+00	1.45e-08	2.85e-17
 5.02505e+16	1.00e+00	9.96e-09	1.38e-17
 5.14439e+16	1.00e+00	6.83e-09	6.67e-18
 5.26431e+16	1.00e+00	4.76e-09	3.30e-18
 5.38917e+16	1.00e+00	3.27e-09	1.59e-18
 5.52093e+16	1.00e+00	2.23e-09	7.54e-19
 5.65665e+16	1.00e+00	1.50e-09	3.53e-19
 5.79647e+16	1.00e+00	1.02e-09	1.66e-19
 5.93906e+16	1.00e+00	6.91e-10	7.78e-20
 6.08525e+16	1.00e+00	4.70e-10	3.66e-20
 6.23665e+16	1.00e+00	3.14e-10	1.68e-20
 6.39105e+16	1.00e+00	2.14e-10	7.87e-21
 6.54696e+16	1.00e+00	1.46e-10	0.00e+00
 6.70367e+16	1.00e+00	9.94e-11	0.00e+00
 6.86032e+16	1.00e+00	6.89e-11	0.00e+00
 7.01696e+16	1.00e+00	4.80e-11	0.00e+00
 7.17364e+16	1.00e+00	3.37e-11	0.00e+00
 7.33030e+16	1.00e+00	2.39e-11	0.00e+00
 7.48696e+16	1.00e+00	1.70e-11	0.00e+00
 7.64361e+16	1.00e+00	1.22e-11	0.00e+00
 7.80026e+16	1.00e+00	8.81e-12	0.00e+00
 7.95689e+16	1.00e+00	6.40e-12	0.00e+00
 8.11353e+16	1.00e+00	4.68e-12	0.00e+00
 8.27016e+16	1.00e+00	3.44e-12	0.00e+00
 8.42678e+16	1.00e+00	2.55e-12	0.00e+00
 8.58340e+16	1.00e+00	1.90e-12	0.00e+00
 8.74002e+16	1.00e+00	1.42e-12	0.00e+00
 8.89664e+16	1.00e+00	1.07e-12	0.00e+00
 9.05325e+16	1.00e+00	8.08e-13	0.00e+00
 9.20986e+16	1.00e+00	6.14e-13	0.00e+00
 9.38996e+16	1.00e+00	4.47e-13	0.00e+00
 9.62409e+16	1.00e+00	2.99e-13	0.00e+00
 9.92846e+16	1.00e+00	1.80e-13	0.00e+00
 1.03025e+17	1.00e+00	1.00e-13	0.00e+00
 1.07146e+17	1.00e+00	5.42e-14	0.00e+00
 1.11432e+17	1.00e+00	2.97e-14	0.00e+00
 1.15889e+17	1.00e+00	1.66e-14	0.00e+00
 1.20143e+17	1.00e+00	1.00e-14	0.00e+00
 1.24073e+17	1.00e+00	6.66e-15	0.00e+00
 1.28087e+17	1.00e+00	4.64e-15	0.00e+00
 1.32320e+17	1.00e+00	3.38e-15	0.00e+00
 1.36709e+17	1.00e+00	2.62e-15	0.00e+00
 1.41190e+17	1.00e+00	2.16e-15	0.00e+00
 1.45765e+17	1.00e+00	1.89e-15	0.00e+00
 1.50438e+17	1.00e+00	1.72e-15	0.00e+00
 1.55200e+17	1.00e+00	1.61e-15	0.00e+00
 1.60029e+17	1.00e+00	1.53e-15	0.00e+00
 1.64905e+17	1.00e+00	1.48e-15	0.00e+00
 1.69822e+17	1.00e+00	1.45e-15	0.00e+00
 1.74752e+17	1.00e+00	1.42e-15	0.00e+00
 1.79667e+17	1.00e+00	1.40e-15	0.00e+00
 1.84547e+17	1.00e+00	1.38e-15	0.00e+00
 1.89360e+17	1.00e+00	1.37e-15	0.00e+00
 1.94077e+17	1.00e+00	1.37e-15	0.00e+00
 1.98694e+17	1.00e+00	1.37e-15	0.00e+00
 2.03180e+17	1.00e+00	1.37e-15	0.00e+00
 2.07511e+17	1.00e+00	1.37e-15	0.00e+00
 2.11675e+17	1.00e+00	1.38e-15	0.00e+00
 2.15665e+17	1.00e+00	1.39e-15	0.00e+00
 2.19472e+17	1.00e+00	1.40e-15	0.00e+00
 2.23094e+17	1.00e+00	1.41e-15	0.00e+00
 2.26531e+17	1.00e+00	1.43e-15	0.00e+00
 2.29784e+17	1.00e+00	1.44e-15	0.00e+00
 2.32857e+17	1.00e+00	1.45e-15	0.00e+00
 2.35759e+17	1.00e+00	1.47e-15	0.00e+00
 2.38499e+17	1.00e+00	1.48e-15	0.00e+00
 2.41085e+17	1.00e+00	1.49e-15	0.00e+00
 2.43526e+17	1.00e+00	1.50e-15	0.00e+00
 2.45828e+17	1.00e+00	1.51e-15	0.00e+00
 2.48000e+17	1.00e+00	1.53e-15	0.00e+00
 2.50049e+17	1.00e+00	1.53e-15	0.00e+00
 2.51983e+17	1.00e+00	1.54e-15	0.00e+00
 2.53810e+17	1.00e+00	1.55e-15	0.00e+00
 2.55535e+17	1.00e+00	1.56e-15	0.00e+00
 2.57166e+17	1.00e+00	1.57e-15	0.00e+00
 2.58707e+17	1.00e+00	1.57e-15	0.00e+00
 2.60165e+17	1.00e+00	1.58e-15	0.00e+00
 2.61544e+17	1.00e+00	1.58e-15	0.00e+00
 2.62850e+17	1.00e+00	1.59e-15	0.00e+00
 2.64086e+17	1.00e+00	1.59e-15	0.00e+00
 2.65258e+17	1.00e+00	1.60e-15	0.00e+00
 2.66369e+17	1.00e+00	1.60e-15	0.00e+00
 2.67422e+17	1.00e+00	1.61e-15	0.00e+00
 2.68422e+17	1.00e+00	1.61e-15	0.00e+00
 2.69371e+17	1.00e+00	1.61e-15	0.00e+00
 2.70273e+17	1.00e+00	1.62e-15	0.00e+00
 2.71129e+17	1.00e+00	1.62e-15	0.00e+00
 2.71944e+17	1.00e+00	1.62e-15	0.00e+00
 2.72719e+17	1.00e+00	1.62e-15	0.00e+00
 2.73457e+17	1.00e+00	1.63e-15	0.00e+00
 2.74160e+17	1.00e+00	1.63e-15	0.00e+00
 2.74830e+17	1.00e+00	1.63e-15	0.00e+00
 2.75470e+17	1.00e+00	1.63e-15	0.00e+00
 2.76080e+17	1.00e+00	1.63e-15	0.00e+00
 2.76663e+17	1.00e+00	1.63e-15	0.00e+00
 2.77221e+17	1.00e+00	1.64e-15	0.00e+00
 2.77755e+17	1.00e+00	1.64e-15	0.00e+00
 2.78267e+17	1.00e+00	1.64e-15	0.00e+00
 2.78758e+17	1.00e+00	1.64e-15	0.00e+00
 2.79230e+17	1.00e+00	1.64e-15	0.00e+00
 2.79684e+17	1.00e+00	1.64e-15	0.00e+00
 2.80121e+17	1.00e+00	1.64e-15	0.00e+00
 2.80543e+17	1.00e+00	1.64e-15	0.00e+00
 2.80951e+17	1.00e+00	1.64e-15	0.00e+00
 2.81347e+17	1.00e+00	1.64e-15	0.00e+00
 2.81731e+17	1.00e+00	1.64e-15	0.00e+00
 2.82105e+17	1.00e+00	1.64e-15	0.00e+00
 2.82470e+17	1.00e+00	1.64e-15	0.00e+00
 2.82827e+17	1.00e+00	1.64e-15	0.00e+00
 2.83179e+17	1.00e+00	1.64e-15	0.00e+00
 2.83526e+17	1.00e+00	1.64e-15	0.00e+00
 2.83870e+17	1.00e+00	1.64e-15	0.00e+00
 2.84212e+17	1.00e+00	1.64e-15	0.00e+00
 2.84555e+17	1.00e+00	1.64e-15	0.00e+00
 2.84900e+17	1.00e+00	1.64e-15	0.00e+00
 2.85250e+17	1.00e+00	1.64e-15	0.00e+00
 2.85608e+17	1.00e+00	1.64e-15	0.00e+00
 2.85978e+17	1.00e+00	1.64e-15	0.00e+00
 2.86363e+17	1.00e+00	1.64e-15	0.00e+00
 2.86768e+17	1.00e+00	1.64e-15	0.00e+00
 2.87201e+17	1.00e+00	1.63e-15	0.00e+00
 2.87671e+17	1.00e+00	1.63e-15	0.00e+00
 2.88188e+17	1.00e+00	1.63e-15	0.00e+00
 2.88770e+17	1.00e+00	1.62e-15	0.00e+00
 2.89439e+17	1.00e+00	1.62e-15	0.00e+00
 2.90228e+17	1.00e+00	1.61e-15	0.00e+00
 2.91187e+17	1.00e+00	1.60e-15	0.00e+00
 2.92389e+17	1.00e+00	1.58e-15	0.00e+00
 2.93938e+17	1.00e+00	1.55e-15	0.00e+00
 2.95952e+17	1.00e+00	1.50e-15	0.00e+00
 2.98569e+17	1.00e+00	1.43e-15	0.00e+00
 3.01972e+17	1.00e+00	1.33e-15	0.00e+00
 3.06395e+17	1.00e+00	1.20e-15	0.00e+00
 3.12145e+17	1.00e+00	1.04e-15	0.00e+00
 3.19621e+17	1.00e+00	8.54e-16	0.00e+00
 3.29339e+17	1.00e+00	6.52e-16	0.00e+00
 3.41529e+17	1.00e+00	4.53e-16	0.00e+00
 3.55190e+17	1.00e+00	3.08e-16	0.00e+00
 3.69397e+17	1.00e+00	2.61e-16	0.00e+00
 3.84173e+17	1.00e+00	2.24e-16	0.00e+00
 3.99188e+17	1.00e+00	1.90e-16	0.00e+00
 4.13606e+17	1.00e+00	1.74e-16	0.00e+00
 4.26778e+17	1.00e+00	1.80e-16	0.00e+00
 4.38722e+17	1.00e+00	1.94e-16	0.00e+00
 4.49885e+17	1.00e+00	2.00e-16	0.00e+00
 4.60484e+17	1.00e+00	1.92e-16	0.00e+00
 4.70328e+17	1.00e+00	1.84e-16	0.00e+00
 4.79211e+17	1.00e+00	1.81e-16	0.00e+00
 4.87097e+17	1.00e+00	1.79e-16	0.00e+00
 4.94141e+17	1.00e+00	1.76e-16	0.00e+00
 5.00506e+17	1.00e+00	1.69e-16	0.00e+00
 5.05769e+17	1.00e+00	1.60e-16	0.00e+00
 5.09317e+17	1.00e+00	1.61e-16	0.00e+00
 5.11372e+17	1.00e+00	1.67e-16	0.00e+00
 5.12569e+17	1.00e+00	1.72e-16	0.00e+00
 5.13288e+17	1.00e+00	1.75e-16	0.00e+00
 5.13732e+17	1.00e+00	1.76e-16	0.00e+00
 5.14089e+17	1.00e+00	1.77e-16	0.00e+00
 5.14477e+17	1.00e+00	1.78e-16	0.00e+00
 5.14889e+17	1.00e+00	1.78e-16	0.00e+00
 5.15271e+17	1.00e+00	1.79e-16	0.00e+00
 5.15590e+17	1.00e+00	1.79e-16	0.00e+00
 5.15884e+17	1.00e+00	1.79e-16	0.00e+00
 5.16183e+17	1.00e+00	1.79e-16	0.00e+00
 5.16472e+17	1.00e+00	1.78e-16	0.00e+00
 5.16732e+17	1.00e+00	1.78e-16	0.00e+00
 5.16972e+17	1.00e+00	1.78e-16	0.00e+00
 5.17202e+17	1.00e+00	1.78e-16	0.00e+00
 5.17422e+17	1.00e+00	1.77e-16	0.00e+00
 5.17636e+17	1.00e+00	1.77e-16	0.00e+00
 5.17836e+17	1.00e+00	1.76e-16	0.00e+00
 5.18024e+17	1.00e+00	1.76e-16	0.00e+00
 5.18203e+17	1.00e+00	1.76e-16	0.00e+00
 5.18379e+17	1.00e+00	1.75e-16	0.00e+00
 5.18553e+17	1.00e+00	1.75e-16	0.00e+00
 5.18720e+17	1.00e+00	1.74e-16	0.00e+00
 5.18879e+17	1.00e+00	1.74e-16	0.00e+00
 5.19031e+17	1.00e+00	1.74e-16	0.00e+00
 5.19180e+17	1.00e+00	1.73e-16	0.00e+00
 5.19326e+17	1.00e+00	1.73e-16	0.00e+00
 5.19469e+17	1.00e+00	1.73e-16	0.00e+00
 5.19608e+17	1.00e+00	1.72e-16	0.00e+00
 5.19747e+17	1.00e+00	1.72e-16	0.00e+00
 5.19884e+17	1.00e+00	1.71e-16	0.00e+00
 5.20017e+17	1.00e+00	1.72e-16	0.00e+00
 5.20149e+17	1.00e+00	1.71e-16	0.00e+00
 5.20282e+17	1.00e+00	1.71e-16	0.00e+00
 5.20415e+17	1.00e+00	1.70e-16	0.00e+00
 5.20547e+17	1.00e+00	1.70e-16	0.00e+00
 5.20675e+17	1.00e+00	1.69e-16	0.00e+00
 5.20804e+17	1.00e+00	1.71e-16	0.00e+00
 5.20939e+17	1.00e+00	1.67e-16	0.00e+00
 5.21077e+17	1.00e+00	1.66e-16	0.00e+00
 5.21216e+17	1.00e+00	1.65e-16	0.00e+00
 5.21354e+17	1.00e+00	1.64e-16	0.00e+00
 5.21491e+17	1.00e+00	1.64e-16	0.00e+00
 5.21630e+17	1.00e+00	1.63e-16	0.00e+00
 5.21768e+17	1.00e+00	1.62e-16	0.00e+00
 5.21917e+17	1.00e+00	1.61e-16	0.00e+00
 5.22076e+17	1.00e+00	1.59e-16	0.00e+00
 5.22234e+17	1.00e+00	1.58e-16	0.00e+00
 5.22385e+17	1.00e+00	1.57e-16	0.00e+00
 5.22542e+17	1.00e+00	1.57e-16	0.00e+00
 5.22717e+17	1.00e+00	1.55e-16	0.00e+00
 5.22889e+17	1.00e+00	1.54e-16	0.00e+00
 5.23056e+17	1.00e+00	1.53e-16	0.00e+00
 5.23221e+17	1.00e+00	1.52e-16	0.00e+00
 5.23394e+17	1.00e+00	1.51e-16	0.00e+00
 5.23582e+17	1.00e+00	1.49e-16	0.00e+00
 5.23772e+17	1.00e+00	1.48e-16	0.00e+00
 5.23963e+17	1.00e+00	1.47e-16	0.00e+00
 5.24156e+17	1.00e+00	1.45e-16	0.00e+00
 5.24356e+17	1.00e+00	1.44e-16	0.00e+00
 5.24567e+17	1.00e+00	1.42e-16	0.00e+00
 5.24783e+17	1.00e+00	1.41e-16	0.00e+00
 5.25000e+17	1.00e+00	1.39e-16	0.00e+00
 5.25220e+17	1.00e+00	1.38e-16	0.00e+00
 5.25447e+17	1.00e+00	1.36e-16	0.00e+00
 5.25680e+17	1.00e+00	1.34e-16	0.00e+00
 5.25917e+17	1.00e+00	1.33e-16	0.00e+00
 5.26162e+17	1.00e+00	1.31e-16	0.00e+00
 5.26417e+17	1.00e+00	1.29e-16	0.00e+00
 5.26679e+17	1.00e+00	1.27e-16	0.00e+00
 5.26950e+17	1.00e+00	1.25e-16	0.00e+00
 5.27221e+17	1.00e+00	1.23e-16	0.00e+00
 5.27498e+17	1.00e+00	1.21e-16	0.00e+00
 5.27791e+17	1.00e+00	1.19e-16	0.00e+00
 5.28093e+17	1.00e+00	1.17e-16	0.00e+00
 5.28387e+17	1.00e+00	1.15e-16	0.00e+00
 5.28681e+17	1.00e+00	1.13e-16	0.00e+00
 5.29002e+17	1.00e+00	1.10e-16	0.00e+00
 5.29351e+17	1.00e+00	1.08e-16	0.00e+00
 5.29688e+17	1.00e+00	1.05e-16	0.00e+00
 5.30005e+17	1.00e+00	1.03e-16	0.00e+00
 5.30343e+17	1.00e+00	1.00e-16	0.00e+00
 5.30715e+17	1.00e+00	9.78e-17	0.00e+00
 5.31092e+17	1.00e+00	9.50e-17	0.00e+00
 5.31460e+17	1.00e+00	9.24e-17	0.00e+00
 5.31827e+17	1.00e+00	8.99e-17	0.00e+00
 5.32209e+17	1.00e+00	8.73e-17	0.00e+00
 5.32611e+17	1.00e+00	8.45e-17	0.00e+00
 5.33025e+17	1.00e+00	8.18e-17	0.00e+00
 5.33439e+17	1.00e+00	7.89e-17	0.00e+00
 5.33854e+17	1.00e+00	7.62e-17	0.00e+00
 5.34273e+17	1.00e+00	7.35e-17	0.00e+00
 5.34715e+17	1.00e+00	7.08e-17	0.00e+00
 5.35177e+17	1.00e+00	6.79e-17	0.00e+00
 5.35635e+17	1.00e+00	6.51e-17	0.00e+00
 5.36088e+17	1.00e+00	6.24e-17	0.00e+00
 5.36570e+17	1.00e+00	5.97e-17	0.00e+00
 5.37078e+17	1.00e+00	5.67e-17	0.00e+00
 5.37574e+17	1.00e+00	5.40e-17	0.00e+00
 5.38068e+17	1.00e+00	5.06e-17	0.00e+00
 5.38584e+17	1.00e+00	4.80e-17	0.00e+00
 5.39127e+17	1.00e+00	4.55e-17	0.00e+00
 5.39697e+17	1.00e+00	4.28e-17	0.00e+00
 5.40280e+17	1.00e+00	4.01e-17	0.00e+00
 5.40861e+17	1.00e+00	3.76e-17	0.00e+00
 5.41447e+17	1.00e+00	3.52e-17	0.00e+00
 5.42060e+17	1.00e+00	3.28e-17	0.00e+00
 5.42707e+17	1.00e+00	3.04e-17	0.00e+00
 5.43343e+17	1.00e+00	2.81e-17	0.00e+00
 5.43905e+17	1.00e+00	2.61e-17	0.00e+00
 5.44394e+17	1.00e+00	2.45e-17	0.00e+00
 5.44843e+17	1.00e+00	2.31e-17	0.00e+00
 5.45280e+17	1.00e+00	2.18e-17	0.00e+00
 5.45707e+17	1.00e+00	2.06e-17	0.00e+00
 5.46114e+17	1.00e+00	1.95e-17	0.00e+00
 5.46498e+17	1.00e+00	1.85e-17	0.00e+00
 5.46861e+17	1.00e+00	1.76e-17	0.00e+00
 5.47210e+17	1.00e+00	1.68e-17	0.00e+00
 5.47547e+17	1.00e+00	1.60e-17	0.00e+00
 5.47872e+17	1.00e+00	1.53e-17	0.00e+00
 5.48184e+17	1.00e+00	1.46e-17	0.00e+00
 5.48484e+17	1.00e+00	1.39e-17	0.00e+00
 5.48772e+17	1.00e+00	1.33e-17	0.00e+00
 5.49050e+17	1.00e+00	1.28e-17	0.00e+00
 5.49319e+17	1.00e+00	1.22e-17	0.00e+00
 5.49576e+17	1.00e+00	1.17e-17	0.00e+00
 5.49824e+17	1.00e+00	1.13e-17	0.00e+00
 5.50065e+17	1.00e+00	1.08e-17	0.00e+00
 5.50299e+17	1.00e+00	1.04e-17	0.00e+00
 5.50526e+17	1.00e+00	1.00e-17	0.00e+00
 5.50746e+17	1.00e+00	9.63e-18	0.00e+00
 5.50958e+17	1.00e+00	9.27e-18	0.00e+00
 5.51162e+17	1.00e+00	8.95e-18	0.00e+00
 5.51362e+17	1.00e+00	8.64e-18	0.00e+00
 5.51559e+17	1.00e+00	8.26e-18	0.00e+00
 5.51752e+17	1.00e+00	7.97e-18	0.00e+00
 5.51939e+17	1.00e+00	7.70e-18	0.00e+00
 5.52122e+17	1.00e+00	7.45e-18	0.00e+00
 5.52300e+17	1.00e+00	7.21e-18	0.00e+00
 5.52476e+17	1.00e+00	6.98e-18	0.00e+00
 5.52676e+17	1.00e+00	6.75e-18	0.00e+00
 5.52937e+17	1.00e+00	6.47e-18	0.00e+00
 5.53275e+17	1.00e+00	6.11e-18	0.00e+00
 5.53715e+17	1.00e+00	5.68e-18	0.00e+00
 5.54287e+17	1.00e+00	5.15e-18	0.00e+00
 5.55031e+17	1.00e+00	4.53e-18	0.00e+00
 5.55856e+17	1.00e+00	3.84e-18	0.00e+00
 5.56589e+17	1.00e+00	3.22e-18	0.00e+00
 5.57188e+17	1.00e+00	2.82e-18	0.00e+00
 5.57720e+17	1.00e+00	2.52e-18	0.00e+00
 5.58261e+17	1.00e+00	2.27e-18	0.00e+00
 5.58835e+17	1.00e+00	2.02e-18	0.00e+00
 5.59421e+17	1.00e+00	1.79e-18	0.00e+00
 5.59995e+17	1.00e+00	1.59e-18	0.00e+00
