#depth	He	He+	He+2
 1.49634e+10	3.32e-23	8.90e-12	1.00e+00
 4.54887e+10	3.68e-23	9.62e-12	1.00e+00
 7.72350e+10	4.06e-23	1.04e-11	1.00e+00
 1.10251e+11	4.48e-23	1.13e-11	1.00e+00
 1.44588e+11	4.96e-23	1.22e-11	1.00e+00
 1.80298e+11	5.48e-23	1.32e-11	1.00e+00
 2.17437e+11	6.06e-23	1.43e-11	1.00e+00
 2.56061e+11	6.70e-23	1.55e-11	1.00e+00
 2.96231e+11	7.42e-23	1.68e-11	1.00e+00
 3.38007e+11	8.22e-23	1.81e-11	1.00e+00
 3.81454e+11	9.12e-23	1.96e-11	1.00e+00
 4.26639e+11	1.01e-22	2.13e-11	1.00e+00
 4.73631e+11	1.12e-22	2.31e-11	1.00e+00
 5.22503e+11	1.25e-22	2.50e-11	1.00e+00
 5.73330e+11	1.39e-22	2.71e-11	1.00e+00
 6.26190e+11	1.55e-22	2.93e-11	1.00e+00
 6.81164e+11	1.73e-22	3.18e-11	1.00e+00
 7.38337e+11	1.93e-22	3.45e-11	1.00e+00
 7.97798e+11	2.15e-22	3.74e-11	1.00e+00
 8.59636e+11	2.41e-22	4.06e-11	1.00e+00
 9.23949e+11	2.70e-22	4.40e-11	1.00e+00
 9.85665e+11	3.00e-22	4.75e-11	1.00e+00
 1.04281e+12	3.30e-22	5.08e-11	1.00e+00
 1.10741e+12	3.66e-22	5.47e-11	1.00e+00
 1.18163e+12	4.11e-22	5.95e-11	1.00e+00
 1.25474e+12	4.60e-22	6.43e-11	1.00e+00
 1.33077e+12	5.14e-22	6.96e-11	1.00e+00
 1.41392e+12	5.79e-22	7.57e-11	1.00e+00
 1.49807e+12	6.51e-22	8.22e-11	1.00e+00
 1.58557e+12	7.32e-22	8.93e-11	1.00e+00
 1.67892e+12	8.26e-22	9.73e-11	1.00e+00
 1.77601e+12	9.33e-22	1.06e-10	1.00e+00
 1.87697e+12	1.05e-21	1.16e-10	1.00e+00
 1.98198e+12	1.19e-21	1.26e-10	1.00e+00
 2.09119e+12	1.35e-21	1.38e-10	1.00e+00
 2.20476e+12	1.54e-21	1.51e-10	1.00e+00
 2.32288e+12	1.75e-21	1.65e-10	1.00e+00
 2.44572e+12	1.99e-21	1.81e-10	1.00e+00
 2.57348e+12	2.26e-21	1.99e-10	1.00e+00
 2.70634e+12	2.56e-21	2.18e-10	1.00e+00
 2.84452e+12	2.89e-21	2.40e-10	1.00e+00
 2.98823e+12	3.27e-21	2.64e-10	1.00e+00
 3.13768e+12	3.69e-21	2.91e-10	1.00e+00
 3.29312e+12	4.16e-21	3.21e-10	1.00e+00
 3.45477e+12	4.68e-21	3.55e-10	1.00e+00
 3.62289e+12	5.26e-21	3.93e-10	1.00e+00
 3.79773e+12	5.92e-21	4.35e-10	1.00e+00
 3.97957e+12	6.66e-21	4.82e-10	1.00e+00
 4.16868e+12	7.51e-21	5.35e-10	1.00e+00
 4.36535e+12	8.50e-21	5.94e-10	1.00e+00
 4.56989e+12	9.65e-21	6.59e-10	1.00e+00
 4.78142e+12	1.10e-20	7.31e-10	1.00e+00
 4.99875e+12	1.26e-20	8.10e-10	1.00e+00
 5.22318e+12	1.45e-20	8.97e-10	1.00e+00
 5.45801e+12	1.68e-20	9.94e-10	1.00e+00
 5.70500e+12	1.96e-20	1.10e-09	1.00e+00
 5.96313e+12	2.30e-20	1.22e-09	1.00e+00
 6.23158e+12	2.71e-20	1.35e-09	1.00e+00
 6.51077e+12	3.21e-20	1.50e-09	1.00e+00
 6.80113e+12	3.82e-20	1.65e-09	1.00e+00
 7.10310e+12	4.55e-20	1.83e-09	1.00e+00
 7.41715e+12	5.44e-20	2.01e-09	1.00e+00
 7.74376e+12	6.51e-20	2.22e-09	1.00e+00
 8.08344e+12	7.79e-20	2.45e-09	1.00e+00
 8.43671e+12	9.34e-20	2.69e-09	1.00e+00
 8.80410e+12	1.12e-19	2.96e-09	1.00e+00
 9.18619e+12	1.34e-19	3.25e-09	1.00e+00
 9.55762e+12	1.59e-19	3.55e-09	1.00e+00
 9.90888e+12	1.85e-19	3.84e-09	1.00e+00
 1.03001e+13	2.18e-19	4.18e-09	1.00e+00
 1.07421e+13	2.61e-19	4.58e-09	1.00e+00
 1.11836e+13	3.09e-19	5.00e-09	1.00e+00
 1.16427e+13	3.66e-19	5.45e-09	1.00e+00
 1.21383e+13	4.37e-19	5.95e-09	1.00e+00
 1.26538e+13	5.20e-19	6.51e-09	1.00e+00
 1.31899e+13	6.18e-19	7.10e-09	1.00e+00
 1.37474e+13	7.35e-19	7.75e-09	1.00e+00
 1.43272e+13	8.71e-19	8.44e-09	1.00e+00
 1.49302e+13	1.04e-18	9.21e-09	1.00e+00
 1.55574e+13	1.23e-18	1.00e-08	1.00e+00
 1.62096e+13	1.45e-18	1.09e-08	1.00e+00
 1.68879e+13	1.72e-18	1.19e-08	1.00e+00
 1.75933e+13	2.03e-18	1.29e-08	1.00e+00
 1.83270e+13	2.40e-18	1.40e-08	1.00e+00
 1.90900e+13	2.83e-18	1.53e-08	1.00e+00
 1.98835e+13	3.34e-18	1.66e-08	1.00e+00
 2.07088e+13	3.93e-18	1.80e-08	1.00e+00
 2.15671e+13	4.63e-18	1.96e-08	1.00e+00
 2.24597e+13	5.45e-18	2.12e-08	1.00e+00
 2.33880e+13	6.42e-18	2.30e-08	1.00e+00
 2.43535e+13	7.55e-18	2.50e-08	1.00e+00
 2.53575e+13	8.87e-18	2.71e-08	1.00e+00
 2.64018e+13	1.04e-17	2.94e-08	1.00e+00
 2.74878e+13	1.23e-17	3.19e-08	1.00e+00
 2.86172e+13	1.44e-17	3.45e-08	1.00e+00
 2.97918e+13	1.69e-17	3.74e-08	1.00e+00
 3.10134e+13	1.98e-17	4.06e-08	1.00e+00
 3.22839e+13	2.33e-17	4.40e-08	1.00e+00
 3.36052e+13	2.73e-17	4.76e-08	1.00e+00
 3.49793e+13	3.21e-17	5.16e-08	1.00e+00
 3.64084e+13	3.76e-17	5.59e-08	1.00e+00
 3.78946e+13	4.42e-17	6.06e-08	1.00e+00
 3.94404e+13	5.18e-17	6.57e-08	1.00e+00
 4.10479e+13	6.08e-17	7.12e-08	1.00e+00
 4.27197e+13	7.13e-17	7.71e-08	1.00e+00
 4.44585e+13	8.38e-17	8.36e-08	1.00e+00
 4.62667e+13	9.83e-17	9.06e-08	1.00e+00
 4.79956e+13	1.14e-16	9.76e-08	1.00e+00
 4.95831e+13	1.30e-16	1.04e-07	1.00e+00
 5.13785e+13	1.50e-16	1.12e-07	1.00e+00
 5.34561e+13	1.76e-16	1.21e-07	1.00e+00
 5.54977e+13	2.05e-16	1.31e-07	1.00e+00
 5.74439e+13	2.36e-16	1.41e-07	1.00e+00
 5.95945e+13	2.75e-16	1.52e-07	1.00e+00
 6.20082e+13	3.22e-16	1.64e-07	1.00e+00
 6.44351e+13	3.78e-16	1.78e-07	1.00e+00
 6.69591e+13	4.42e-16	1.93e-07	1.00e+00
 6.96674e+13	5.21e-16	2.09e-07	1.00e+00
 7.24840e+13	6.13e-16	2.27e-07	1.00e+00
 7.54133e+13	7.23e-16	2.46e-07	1.00e+00
 7.84598e+13	8.51e-16	2.67e-07	1.00e+00
 8.16281e+13	1.01e-15	2.91e-07	1.00e+00
 8.49231e+13	1.18e-15	3.16e-07	1.00e+00
 8.83500e+13	1.40e-15	3.43e-07	1.00e+00
 9.19139e+13	1.65e-15	3.73e-07	1.00e+00
 9.56204e+13	1.95e-15	4.06e-07	1.00e+00
 9.94751e+13	2.31e-15	4.41e-07	1.00e+00
 1.03404e+14	2.72e-15	4.79e-07	1.00e+00
 1.07489e+14	3.20e-15	5.20e-07	1.00e+00
 1.11819e+14	3.79e-15	5.66e-07	1.00e+00
 1.16321e+14	4.49e-15	6.16e-07	1.00e+00
 1.21004e+14	5.32e-15	6.71e-07	1.00e+00
 1.25874e+14	6.30e-15	7.31e-07	1.00e+00
 1.30939e+14	7.48e-15	7.97e-07	1.00e+00
 1.36207e+14	8.87e-15	8.68e-07	1.00e+00
 1.41685e+14	1.05e-14	9.46e-07	1.00e+00
 1.47024e+14	1.24e-14	1.03e-06	1.00e+00
 1.52108e+14	1.44e-14	1.11e-06	1.00e+00
 1.57753e+14	1.69e-14	1.20e-06	1.00e+00
 1.64093e+14	2.01e-14	1.31e-06	1.00e+00
 1.70468e+14	2.38e-14	1.43e-06	1.00e+00
 1.77099e+14	2.82e-14	1.56e-06	1.00e+00
 1.84213e+14	3.37e-14	1.70e-06	1.00e+00
 1.91611e+14	4.03e-14	1.86e-06	1.00e+00
 1.99306e+14	4.81e-14	2.03e-06	1.00e+00
 2.06457e+14	5.65e-14	2.21e-06	1.00e+00
 2.12707e+14	6.47e-14	2.36e-06	1.00e+00
 2.19655e+14	7.47e-14	2.54e-06	1.00e+00
 2.28069e+14	8.89e-14	2.78e-06	1.00e+00
 2.36534e+14	1.05e-13	3.02e-06	1.00e+00
 2.44210e+14	1.22e-13	3.25e-06	1.00e+00
 2.52716e+14	1.42e-13	3.52e-06	1.00e+00
 2.62689e+14	1.69e-13	3.85e-06	1.00e+00
 2.72514e+14	2.00e-13	4.19e-06	1.00e+00
 2.81702e+14	2.31e-13	4.52e-06	1.00e+00
 2.91971e+14	2.71e-13	4.90e-06	1.00e+00
 3.03680e+14	3.23e-13	5.36e-06	1.00e+00
 3.15314e+14	3.81e-13	5.83e-06	1.00e+00
 3.27413e+14	4.48e-13	6.34e-06	1.00e+00
 3.40539e+14	5.32e-13	6.93e-06	1.00e+00
 3.54191e+14	6.30e-13	7.56e-06	1.00e+00
 3.68388e+14	7.45e-13	8.25e-06	1.00e+00
 3.83154e+14	8.82e-13	9.00e-06	1.00e+00
 3.98510e+14	1.04e-12	9.80e-06	1.00e+00
 4.14480e+14	1.23e-12	1.07e-05	1.00e+00
 4.31089e+14	1.44e-12	1.16e-05	1.00e+00
 4.48363e+14	1.70e-12	1.27e-05	1.00e+00
 4.66327e+14	2.00e-12	1.38e-05	1.00e+00
 4.84024e+14	2.33e-12	1.50e-05	1.00e+00
 5.02429e+14	2.72e-12	1.62e-05	1.00e+00
 5.22556e+14	3.19e-12	1.76e-05	1.00e+00
 5.42838e+14	3.72e-12	1.91e-05	1.00e+00
 5.63932e+14	4.34e-12	2.08e-05	1.00e+00
 5.84871e+14	5.02e-12	2.25e-05	1.00e+00
 6.04160e+14	5.70e-12	2.41e-05	1.00e+00
 6.25829e+14	6.57e-12	2.59e-05	1.00e+00
 6.50854e+14	7.67e-12	2.82e-05	1.00e+00
 6.75529e+14	8.89e-12	3.05e-05	1.00e+00
 7.01192e+14	1.03e-11	3.30e-05	1.00e+00
 7.29269e+14	1.21e-11	3.59e-05	1.00e+00
 7.57882e+14	1.40e-11	3.89e-05	1.00e+00
 7.84617e+14	1.61e-11	4.19e-05	1.00e+00
 8.09276e+14	1.81e-11	4.48e-05	1.00e+00
 8.37384e+14	2.07e-11	4.81e-05	1.00e+00
 8.70351e+14	2.41e-11	5.22e-05	1.00e+00
 9.02844e+14	2.78e-11	5.64e-05	1.00e+00
 9.33110e+14	3.16e-11	6.05e-05	1.00e+00
 9.66938e+14	3.62e-11	6.52e-05	1.00e+00
 1.00565e+15	4.21e-11	7.08e-05	1.00e+00
 1.04386e+15	4.87e-11	7.66e-05	1.00e+00
 1.08359e+15	5.62e-11	8.29e-05	1.00e+00
 1.12697e+15	6.52e-11	8.99e-05	1.00e+00
 1.17099e+15	7.51e-11	9.73e-05	1.00e+00
 1.21678e+15	8.74e-11	1.06e-04	1.00e+00
 1.26548e+15	1.01e-10	1.15e-04	1.00e+00
 1.31613e+15	1.17e-10	1.24e-04	1.00e+00
 1.36880e+15	1.35e-10	1.35e-04	1.00e+00
 1.42358e+15	1.57e-10	1.46e-04	1.00e+00
 1.48056e+15	1.82e-10	1.58e-04	1.00e+00
 1.53981e+15	2.09e-10	1.72e-04	1.00e+00
 1.60143e+15	2.42e-10	1.86e-04	1.00e+00
 1.66552e+15	2.82e-10	2.02e-04	1.00e+00
 1.73217e+15	3.26e-10	2.19e-04	1.00e+00
 1.80149e+15	3.76e-10	2.37e-04	1.00e+00
 1.86960e+15	4.31e-10	2.56e-04	1.00e+00
 1.93514e+15	4.89e-10	2.75e-04	1.00e+00
 2.00728e+15	5.59e-10	2.96e-04	1.00e+00
 2.08332e+15	6.38e-10	3.20e-04	1.00e+00
 2.15414e+15	7.20e-10	3.42e-04	1.00e+00
 2.23209e+15	8.13e-10	3.67e-04	1.00e+00
 2.32140e+15	9.46e-10	3.99e-04	1.00e+00
 2.40887e+15	1.08e-09	4.30e-04	1.00e+00
 2.49985e+15	1.24e-09	4.64e-04	1.00e+00
 2.59265e+15	1.41e-09	4.99e-04	1.00e+00
 2.67652e+15	1.57e-09	5.33e-04	9.99e-01
 2.76875e+15	1.79e-09	5.72e-04	9.99e-01
 2.87289e+15	2.05e-09	6.16e-04	9.99e-01
 2.97308e+15	2.31e-09	6.61e-04	9.99e-01
 3.08169e+15	2.63e-09	7.11e-04	9.99e-01
 3.20083e+15	3.05e-09	7.71e-04	9.99e-01
 3.31316e+15	3.47e-09	8.27e-04	9.99e-01
 3.43415e+15	3.96e-09	8.90e-04	9.99e-01
 3.56650e+15	4.55e-09	9.63e-04	9.99e-01
 3.69390e+15	5.18e-09	1.03e-03	9.99e-01
 3.81815e+15	5.81e-09	1.11e-03	9.99e-01
 3.95762e+15	6.72e-09	1.19e-03	9.99e-01
 4.10925e+15	7.76e-09	1.29e-03	9.99e-01
 4.25084e+15	8.81e-09	1.39e-03	9.99e-01
 4.40479e+15	1.01e-08	1.49e-03	9.99e-01
 4.57452e+15	1.17e-08	1.61e-03	9.98e-01
 4.74025e+15	1.34e-08	1.74e-03	9.98e-01
 4.90149e+15	1.52e-08	1.87e-03	9.98e-01
 5.07999e+15	1.73e-08	2.02e-03	9.98e-01
 5.27465e+15	2.04e-08	2.19e-03	9.98e-01
 5.45419e+15	2.33e-08	2.35e-03	9.98e-01
 5.64853e+15	2.68e-08	2.54e-03	9.97e-01
 5.86387e+15	3.10e-08	2.75e-03	9.97e-01
 6.06369e+15	3.56e-08	2.97e-03	9.97e-01
 6.25207e+15	4.03e-08	3.17e-03	9.97e-01
 6.46839e+15	4.60e-08	3.43e-03	9.97e-01
 6.70970e+15	5.43e-08	3.73e-03	9.96e-01
 6.92205e+15	6.18e-08	4.00e-03	9.96e-01
 7.13666e+15	6.98e-08	4.30e-03	9.96e-01
 7.40314e+15	8.31e-08	4.71e-03	9.95e-01
 7.66529e+15	9.68e-08	5.12e-03	9.95e-01
 7.88933e+15	1.10e-07	5.50e-03	9.94e-01
 8.13558e+15	1.27e-07	5.96e-03	9.94e-01
 8.40912e+15	1.48e-07	6.49e-03	9.94e-01
 8.66261e+15	1.71e-07	7.04e-03	9.93e-01
 8.89520e+15	1.95e-07	7.57e-03	9.92e-01
 9.15615e+15	2.25e-07	8.22e-03	9.92e-01
 9.45044e+15	2.62e-07	9.03e-03	9.91e-01
 9.73392e+15	3.12e-07	9.92e-03	9.90e-01
 9.99361e+15	3.60e-07	1.08e-02	9.89e-01
 1.02765e+16	4.24e-07	1.19e-02	9.88e-01
 1.05906e+16	4.97e-07	1.32e-02	9.87e-01
 1.08833e+16	6.03e-07	1.47e-02	9.85e-01
 1.11397e+16	7.02e-07	1.61e-02	9.84e-01
 1.14111e+16	8.15e-07	1.79e-02	9.82e-01
 1.17177e+16	1.01e-06	2.03e-02	9.80e-01
 1.19911e+16	1.21e-06	2.27e-02	9.77e-01
 1.22271e+16	1.40e-06	2.52e-02	9.75e-01
 1.24934e+16	1.74e-06	2.88e-02	9.71e-01
 1.27626e+16	2.14e-06	3.30e-02	9.67e-01
 1.29841e+16	2.51e-06	3.73e-02	9.63e-01
 1.31814e+16	2.99e-06	4.20e-02	9.58e-01
 1.33531e+16	3.51e-06	4.69e-02	9.53e-01
 1.35035e+16	4.08e-06	5.21e-02	9.48e-01
 1.36721e+16	4.96e-06	5.93e-02	9.41e-01
 1.38613e+16	6.13e-06	6.91e-02	9.31e-01
 1.40369e+16	7.62e-06	8.12e-02	9.19e-01
 1.41890e+16	9.36e-06	9.48e-02	9.05e-01
 1.43238e+16	1.14e-05	1.10e-01	8.90e-01
 1.44496e+16	1.40e-05	1.29e-01	8.71e-01
 1.45682e+16	1.73e-05	1.52e-01	8.48e-01
 1.46776e+16	2.14e-05	1.80e-01	8.20e-01
 1.47770e+16	2.63e-05	2.13e-01	7.87e-01
 1.48675e+16	3.24e-05	2.52e-01	7.48e-01
 1.49359e+16	3.81e-05	2.88e-01	7.12e-01
 1.49836e+16	4.29e-05	3.18e-01	6.82e-01
 1.50354e+16	4.92e-05	3.55e-01	6.44e-01
 1.51027e+16	5.88e-05	4.11e-01	5.89e-01
 1.51716e+16	7.02e-05	4.77e-01	5.23e-01
 1.52273e+16	8.09e-05	5.36e-01	4.64e-01
 1.52847e+16	9.33e-05	6.01e-01	3.99e-01
 1.53592e+16	1.10e-04	6.85e-01	3.15e-01
 1.54373e+16	1.27e-04	7.64e-01	2.36e-01
 1.55085e+16	1.41e-04	8.25e-01	1.75e-01
 1.55892e+16	1.55e-04	8.78e-01	1.22e-01
 1.56916e+16	1.69e-04	9.23e-01	7.67e-02
 1.58227e+16	1.82e-04	9.57e-01	4.33e-02
 1.59931e+16	1.94e-04	9.78e-01	2.19e-02
 1.62146e+16	2.06e-04	9.90e-01	9.99e-03
 1.65025e+16	2.19e-04	9.96e-01	4.16e-03
 1.68769e+16	2.34e-04	9.98e-01	1.58e-03
 1.73635e+16	2.55e-04	9.99e-01	5.51e-04
 1.78816e+16	2.79e-04	1.00e+00	2.14e-04
 1.83303e+16	3.00e-04	1.00e+00	1.05e-04
 1.87391e+16	3.21e-04	1.00e+00	5.86e-05
 1.92064e+16	3.47e-04	1.00e+00	3.13e-05
 1.97152e+16	3.78e-04	1.00e+00	1.70e-05
 2.01651e+16	4.08e-04	1.00e+00	1.04e-05
 2.05619e+16	4.37e-04	1.00e+00	6.84e-06
 2.10027e+16	4.74e-04	1.00e+00	4.37e-06
 2.14617e+16	5.18e-04	9.99e-01	2.85e-06
 2.18298e+16	5.58e-04	9.99e-01	2.07e-06
 2.21283e+16	5.96e-04	9.99e-01	1.61e-06
 2.24510e+16	6.43e-04	9.99e-01	1.21e-06
 2.27960e+16	7.00e-04	9.99e-01	9.24e-07
 2.30874e+16	7.58e-04	9.99e-01	7.40e-07
 2.32744e+16	8.00e-04	9.99e-01	6.51e-07
 2.33749e+16	8.25e-04	9.99e-01	6.06e-07
 2.34719e+16	8.51e-04	9.99e-01	5.63e-07
 2.35980e+16	8.89e-04	9.99e-01	5.10e-07
 2.37403e+16	9.33e-04	9.99e-01	4.60e-07
 2.38710e+16	9.79e-04	9.99e-01	4.19e-07
 2.39842e+16	1.02e-03	9.99e-01	3.87e-07
 2.41072e+16	1.08e-03	9.99e-01	3.54e-07
 2.42267e+16	1.13e-03	9.99e-01	3.27e-07
 2.43136e+16	1.17e-03	9.99e-01	3.09e-07
 2.43984e+16	1.22e-03	9.99e-01	2.91e-07
 2.44922e+16	1.28e-03	9.99e-01	2.73e-07
 2.45773e+16	1.34e-03	9.99e-01	2.57e-07
 2.46533e+16	1.39e-03	9.99e-01	2.45e-07
 2.47379e+16	1.46e-03	9.99e-01	2.31e-07
 2.48264e+16	1.53e-03	9.98e-01	2.17e-07
 2.48998e+16	1.60e-03	9.98e-01	2.07e-07
 2.49636e+16	1.66e-03	9.98e-01	1.99e-07
 2.50351e+16	1.74e-03	9.98e-01	1.89e-07
 2.51119e+16	1.84e-03	9.98e-01	1.80e-07
 2.51781e+16	1.93e-03	9.98e-01	1.72e-07
 2.52366e+16	2.01e-03	9.98e-01	1.66e-07
 2.53020e+16	2.12e-03	9.98e-01	1.59e-07
 2.53716e+16	2.24e-03	9.98e-01	1.52e-07
 2.54307e+16	2.36e-03	9.98e-01	1.46e-07
 2.54825e+16	2.47e-03	9.98e-01	1.41e-07
 2.55405e+16	2.61e-03	9.97e-01	1.36e-07
 2.56028e+16	2.77e-03	9.97e-01	1.30e-07
 2.56571e+16	2.93e-03	9.97e-01	1.26e-07
 2.57052e+16	3.08e-03	9.97e-01	1.22e-07
 2.57590e+16	3.28e-03	9.97e-01	1.18e-07
 2.58168e+16	3.51e-03	9.96e-01	1.13e-07
 2.58673e+16	3.74e-03	9.96e-01	1.09e-07
 2.59127e+16	3.97e-03	9.96e-01	1.06e-07
 2.59642e+16	4.27e-03	9.96e-01	1.03e-07
 2.60200e+16	4.64e-03	9.95e-01	9.87e-08
 2.60700e+16	5.02e-03	9.95e-01	9.55e-08
 2.61158e+16	5.41e-03	9.95e-01	9.29e-08
 2.61678e+16	5.94e-03	9.94e-01	8.96e-08
 2.62221e+16	6.59e-03	9.93e-01	8.64e-08
 2.62663e+16	7.23e-03	9.93e-01	8.38e-08
 2.63036e+16	7.87e-03	9.92e-01	8.17e-08
 2.63448e+16	8.67e-03	9.91e-01	7.96e-08
 2.63863e+16	9.64e-03	9.90e-01	7.73e-08
 2.64178e+16	1.05e-02	9.89e-01	7.57e-08
 2.64433e+16	1.13e-02	9.89e-01	7.47e-08
 2.64714e+16	1.24e-02	9.88e-01	7.33e-08
 2.65021e+16	1.37e-02	9.86e-01	7.19e-08
 2.65292e+16	1.51e-02	9.85e-01	7.07e-08
 2.65522e+16	1.64e-02	9.84e-01	6.99e-08
 2.65735e+16	1.79e-02	9.82e-01	6.89e-08
 2.65977e+16	1.98e-02	9.80e-01	6.81e-08
 2.66234e+16	2.22e-02	9.78e-01	6.75e-08
 2.66449e+16	2.46e-02	9.75e-01	6.68e-08
 2.66632e+16	2.69e-02	9.73e-01	6.66e-08
 2.66830e+16	3.00e-02	9.70e-01	6.62e-08
 2.67045e+16	3.38e-02	9.66e-01	6.62e-08
 2.67235e+16	3.79e-02	9.62e-01	6.61e-08
 2.67402e+16	4.20e-02	9.58e-01	6.66e-08
 2.67586e+16	4.74e-02	9.53e-01	6.70e-08
 2.67779e+16	5.41e-02	9.46e-01	6.78e-08
 2.67938e+16	6.08e-02	9.39e-01	6.84e-08
 2.68072e+16	6.71e-02	9.33e-01	6.95e-08
 2.68201e+16	7.42e-02	9.26e-01	7.06e-08
 2.68335e+16	8.27e-02	9.17e-01	7.19e-08
 2.68466e+16	9.21e-02	9.08e-01	7.34e-08
 2.68583e+16	1.02e-01	8.98e-01	7.47e-08
 2.68685e+16	1.11e-01	8.89e-01	7.65e-08
 2.68779e+16	1.21e-01	8.79e-01	7.79e-08
 2.68849e+16	1.28e-01	8.72e-01	7.91e-08
 2.68896e+16	1.34e-01	8.66e-01	7.99e-08
 2.68941e+16	1.40e-01	8.60e-01	8.06e-08
 2.68993e+16	1.47e-01	8.53e-01	8.15e-08
 2.69048e+16	1.55e-01	8.45e-01	8.26e-08
 2.69100e+16	1.62e-01	8.38e-01	8.37e-08
 2.69150e+16	1.70e-01	8.30e-01	8.49e-08
 2.69200e+16	1.78e-01	8.22e-01	8.58e-08
 2.69250e+16	1.87e-01	8.13e-01	8.71e-08
 2.69299e+16	1.96e-01	8.04e-01	8.80e-08
 2.69347e+16	2.05e-01	7.95e-01	8.93e-08
 2.69395e+16	2.15e-01	7.85e-01	9.04e-08
 2.69443e+16	2.26e-01	7.74e-01	9.14e-08
 2.69490e+16	2.36e-01	7.64e-01	9.25e-08
 2.69536e+16	2.47e-01	7.53e-01	9.38e-08
 2.69582e+16	2.58e-01	7.42e-01	9.48e-08
 2.69628e+16	2.70e-01	7.30e-01	9.58e-08
 2.69672e+16	2.82e-01	7.18e-01	9.69e-08
 2.69716e+16	2.94e-01	7.06e-01	9.80e-08
 2.69760e+16	3.07e-01	6.93e-01	9.88e-08
 2.69803e+16	3.20e-01	6.80e-01	1.00e-07
 2.69846e+16	3.34e-01	6.66e-01	1.01e-07
 2.69888e+16	3.47e-01	6.53e-01	1.02e-07
 2.69930e+16	3.61e-01	6.39e-01	1.03e-07
 2.69972e+16	3.76e-01	6.24e-01	1.03e-07
 2.70012e+16	3.90e-01	6.10e-01	1.04e-07
 2.70052e+16	4.05e-01	5.95e-01	1.05e-07
 2.70091e+16	4.19e-01	5.81e-01	1.05e-07
 2.70130e+16	4.34e-01	5.66e-01	1.06e-07
 2.70169e+16	4.49e-01	5.51e-01	1.06e-07
 2.70206e+16	4.64e-01	5.36e-01	1.07e-07
 2.70244e+16	4.79e-01	5.21e-01	1.07e-07
 2.70281e+16	4.94e-01	5.06e-01	1.08e-07
 2.70316e+16	5.09e-01	4.91e-01	1.08e-07
 2.70350e+16	5.23e-01	4.77e-01	1.08e-07
 2.70384e+16	5.37e-01	4.63e-01	1.08e-07
 2.70418e+16	5.51e-01	4.49e-01	1.08e-07
 2.70451e+16	5.65e-01	4.35e-01	1.08e-07
 2.70483e+16	5.79e-01	4.21e-01	1.08e-07
 2.70514e+16	5.92e-01	4.08e-01	1.07e-07
 2.70545e+16	6.05e-01	3.95e-01	1.07e-07
 2.70575e+16	6.18e-01	3.82e-01	1.07e-07
 2.70605e+16	6.31e-01	3.69e-01	1.06e-07
 2.70634e+16	6.43e-01	3.57e-01	1.06e-07
 2.70662e+16	6.54e-01	3.46e-01	1.05e-07
 2.70690e+16	6.66e-01	3.34e-01	1.05e-07
 2.70717e+16	6.77e-01	3.23e-01	1.04e-07
 2.70744e+16	6.87e-01	3.13e-01	1.03e-07
 2.70771e+16	6.98e-01	3.02e-01	1.03e-07
 2.70797e+16	7.08e-01	2.92e-01	1.02e-07
 2.70823e+16	7.18e-01	2.82e-01	1.01e-07
 2.70848e+16	7.28e-01	2.72e-01	1.00e-07
 2.70873e+16	7.37e-01	2.63e-01	9.93e-08
 2.70898e+16	7.46e-01	2.54e-01	9.85e-08
 2.70922e+16	7.55e-01	2.45e-01	9.77e-08
 2.70946e+16	7.63e-01	2.37e-01	9.67e-08
 2.70967e+16	7.70e-01	2.30e-01	9.56e-08
 2.70983e+16	7.76e-01	2.24e-01	9.48e-08
 2.70998e+16	7.81e-01	2.19e-01	9.40e-08
 2.71014e+16	7.87e-01	2.13e-01	9.31e-08
 2.71031e+16	7.92e-01	2.08e-01	9.22e-08
 2.71047e+16	7.97e-01	2.03e-01	9.14e-08
 2.71062e+16	8.02e-01	1.98e-01	9.06e-08
 2.71078e+16	8.07e-01	1.93e-01	8.97e-08
 2.71094e+16	8.12e-01	1.88e-01	8.88e-08
 2.71109e+16	8.17e-01	1.83e-01	8.80e-08
 2.71125e+16	8.22e-01	1.78e-01	8.71e-08
 2.71142e+16	8.26e-01	1.74e-01	8.61e-08
 2.71158e+16	8.31e-01	1.69e-01	8.53e-08
 2.71176e+16	8.36e-01	1.64e-01	8.42e-08
 2.71195e+16	8.42e-01	1.58e-01	8.31e-08
 2.71216e+16	8.47e-01	1.53e-01	8.18e-08
 2.71237e+16	8.53e-01	1.47e-01	8.05e-08
 2.71257e+16	8.58e-01	1.42e-01	7.93e-08
 2.71277e+16	8.63e-01	1.37e-01	7.79e-08
 2.71296e+16	8.68e-01	1.32e-01	7.66e-08
 2.71316e+16	8.72e-01	1.28e-01	7.51e-08
 2.71336e+16	8.77e-01	1.23e-01	7.37e-08
 2.71354e+16	8.81e-01	1.19e-01	7.23e-08
 2.71372e+16	8.85e-01	1.15e-01	7.09e-08
 2.71389e+16	8.89e-01	1.11e-01	6.94e-08
 2.71405e+16	8.93e-01	1.07e-01	6.81e-08
 2.71420e+16	8.96e-01	1.04e-01	6.68e-08
 2.71433e+16	8.99e-01	1.01e-01	6.56e-08
 2.71445e+16	9.01e-01	9.89e-02	6.45e-08
 2.71456e+16	9.03e-01	9.67e-02	6.36e-08
 2.71466e+16	9.05e-01	9.47e-02	6.26e-08
 2.71476e+16	9.07e-01	9.29e-02	6.17e-08
 2.71484e+16	9.09e-01	9.11e-02	6.08e-08
 2.71491e+16	9.10e-01	8.96e-02	6.00e-08
 2.71500e+16	9.12e-01	8.79e-02	5.92e-08
 2.71509e+16	9.14e-01	8.63e-02	5.85e-08
 2.71517e+16	9.15e-01	8.47e-02	5.76e-08
 2.71524e+16	9.17e-01	8.33e-02	5.67e-08
 2.71531e+16	9.18e-01	8.20e-02	5.61e-08
 2.71538e+16	9.19e-01	8.06e-02	5.54e-08
 2.71546e+16	9.21e-01	7.91e-02	5.46e-08
 2.71554e+16	9.22e-01	7.78e-02	5.37e-08
 2.71560e+16	9.23e-01	7.66e-02	5.31e-08
 2.71566e+16	9.25e-01	7.55e-02	5.24e-08
 2.71572e+16	9.26e-01	7.45e-02	5.18e-08
 2.71578e+16	9.27e-01	7.33e-02	5.11e-08
 2.71584e+16	9.28e-01	7.22e-02	5.04e-08
 2.71590e+16	9.29e-01	7.12e-02	4.98e-08
 2.71595e+16	9.30e-01	7.02e-02	4.91e-08
 2.71600e+16	9.31e-01	6.93e-02	4.86e-08
 2.71606e+16	9.32e-01	6.83e-02	4.79e-08
 2.71611e+16	9.33e-01	6.73e-02	4.72e-08
 2.71617e+16	9.34e-01	6.64e-02	4.66e-08
 2.71621e+16	9.34e-01	6.55e-02	4.61e-08
 2.71627e+16	9.35e-01	6.45e-02	4.54e-08
 2.71632e+16	9.36e-01	6.36e-02	4.48e-08
 2.71637e+16	9.37e-01	6.27e-02	4.42e-08
 2.71642e+16	9.38e-01	6.19e-02	4.36e-08
 2.71646e+16	9.39e-01	6.12e-02	4.31e-08
 2.71651e+16	9.40e-01	6.03e-02	4.25e-08
 2.71656e+16	9.41e-01	5.95e-02	4.19e-08
 2.71661e+16	9.41e-01	5.87e-02	4.14e-08
 2.71665e+16	9.42e-01	5.80e-02	4.09e-08
 2.71669e+16	9.43e-01	5.74e-02	4.04e-08
 2.71673e+16	9.43e-01	5.67e-02	3.99e-08
 2.71678e+16	9.44e-01	5.57e-02	3.92e-08
 2.71684e+16	9.45e-01	5.48e-02	3.86e-08
 2.71689e+16	9.46e-01	5.40e-02	3.80e-08
 2.71694e+16	9.47e-01	5.32e-02	3.75e-08
 2.71699e+16	9.47e-01	5.25e-02	3.70e-08
 2.71703e+16	9.48e-01	5.19e-02	3.65e-08
 2.71706e+16	9.49e-01	5.13e-02	3.61e-08
 2.71710e+16	9.49e-01	5.07e-02	3.57e-08
 2.71715e+16	9.50e-01	4.99e-02	3.51e-08
 2.71721e+16	9.51e-01	4.91e-02	3.45e-08
 2.71726e+16	9.52e-01	4.83e-02	3.40e-08
 2.71731e+16	9.52e-01	4.77e-02	3.36e-08
 2.71736e+16	9.53e-01	4.69e-02	3.30e-08
 2.71741e+16	9.54e-01	4.62e-02	3.25e-08
 2.71746e+16	9.54e-01	4.55e-02	3.21e-08
 2.71751e+16	9.55e-01	4.49e-02	3.17e-08
 2.71755e+16	9.56e-01	4.44e-02	3.13e-08
 2.71760e+16	9.56e-01	4.38e-02	3.09e-08
 2.71765e+16	9.57e-01	4.30e-02	3.03e-08
 2.71772e+16	9.58e-01	4.22e-02	2.98e-08
 2.71778e+16	9.58e-01	4.15e-02	2.93e-08
 2.71783e+16	9.59e-01	4.09e-02	2.89e-08
 2.71788e+16	9.60e-01	4.03e-02	2.85e-08
 2.71792e+16	9.60e-01	3.98e-02	2.81e-08
 2.71796e+16	9.61e-01	3.93e-02	2.79e-08
 2.71800e+16	9.61e-01	3.88e-02	2.75e-08
 2.71806e+16	9.62e-01	3.82e-02	2.71e-08
 2.71812e+16	9.63e-01	3.75e-02	2.66e-08
 2.71818e+16	9.63e-01	3.69e-02	2.63e-08
 2.71823e+16	9.64e-01	3.64e-02	2.59e-08
 2.71827e+16	9.64e-01	3.59e-02	2.56e-08
 2.71832e+16	9.65e-01	3.54e-02	2.52e-08
 2.71838e+16	9.65e-01	3.48e-02	2.49e-08
 2.71843e+16	9.66e-01	3.43e-02	2.45e-08
 2.71847e+16	9.66e-01	3.39e-02	2.42e-08
 2.71852e+16	9.67e-01	3.34e-02	2.39e-08
 2.71859e+16	9.67e-01	3.28e-02	2.35e-08
 2.71866e+16	9.68e-01	3.22e-02	2.31e-08
 2.71872e+16	9.68e-01	3.16e-02	2.28e-08
 2.71878e+16	9.69e-01	3.11e-02	2.24e-08
 2.71883e+16	9.69e-01	3.06e-02	2.21e-08
 2.71889e+16	9.70e-01	3.02e-02	2.18e-08
 2.71896e+16	9.70e-01	2.95e-02	2.14e-08
 2.71904e+16	9.71e-01	2.89e-02	2.10e-08
 2.71911e+16	9.72e-01	2.83e-02	2.07e-08
 2.71918e+16	9.72e-01	2.78e-02	2.03e-08
 2.71924e+16	9.73e-01	2.74e-02	2.00e-08
 2.71930e+16	9.73e-01	2.69e-02	1.98e-08
 2.71936e+16	9.74e-01	2.65e-02	1.95e-08
 2.71942e+16	9.74e-01	2.60e-02	1.92e-08
 2.71948e+16	9.74e-01	2.56e-02	1.89e-08
 2.71955e+16	9.75e-01	2.52e-02	1.86e-08
 2.71962e+16	9.75e-01	2.47e-02	1.84e-08
 2.71968e+16	9.76e-01	2.43e-02	1.81e-08
 2.71975e+16	9.76e-01	2.38e-02	1.78e-08
 2.71983e+16	9.77e-01	2.34e-02	1.75e-08
 2.71989e+16	9.77e-01	2.30e-02	1.73e-08
 2.71997e+16	9.78e-01	2.25e-02	1.70e-08
 2.72005e+16	9.78e-01	2.20e-02	1.67e-08
 2.72012e+16	9.78e-01	2.16e-02	1.64e-08
 2.72019e+16	9.79e-01	2.12e-02	1.62e-08
 2.72027e+16	9.79e-01	2.08e-02	1.59e-08
 2.72035e+16	9.80e-01	2.04e-02	1.57e-08
 2.72042e+16	9.80e-01	2.00e-02	1.54e-08
 2.72050e+16	9.80e-01	1.96e-02	1.52e-08
 2.72058e+16	9.81e-01	1.92e-02	1.49e-08
 2.72066e+16	9.81e-01	1.89e-02	1.47e-08
 2.72075e+16	9.82e-01	1.84e-02	1.44e-08
 2.72084e+16	9.82e-01	1.80e-02	1.42e-08
 2.72092e+16	9.82e-01	1.77e-02	1.40e-08
 2.72100e+16	9.83e-01	1.73e-02	1.38e-08
 2.72108e+16	9.83e-01	1.70e-02	1.35e-08
 2.72117e+16	9.83e-01	1.66e-02	1.33e-08
 2.72126e+16	9.84e-01	1.63e-02	1.31e-08
 2.72135e+16	9.84e-01	1.59e-02	1.28e-08
 2.72144e+16	9.84e-01	1.55e-02	1.26e-08
 2.72153e+16	9.85e-01	1.52e-02	1.24e-08
 2.72163e+16	9.85e-01	1.49e-02	1.22e-08
 2.72173e+16	9.85e-01	1.45e-02	1.20e-08
 2.72183e+16	9.86e-01	1.42e-02	1.18e-08
 2.72193e+16	9.86e-01	1.38e-02	1.15e-08
 2.72205e+16	9.87e-01	1.35e-02	1.13e-08
 2.72215e+16	9.87e-01	1.32e-02	1.11e-08
 2.72226e+16	9.87e-01	1.28e-02	1.09e-08
 2.72238e+16	9.88e-01	1.25e-02	1.06e-08
 2.72249e+16	9.88e-01	1.22e-02	1.04e-08
 2.72259e+16	9.88e-01	1.19e-02	1.03e-08
 2.72270e+16	9.88e-01	1.16e-02	1.01e-08
 2.72285e+16	9.89e-01	1.12e-02	9.79e-09
 2.72302e+16	9.89e-01	1.07e-02	9.51e-09
 2.72321e+16	9.90e-01	1.03e-02	9.23e-09
 2.72338e+16	9.90e-01	9.94e-03	8.97e-09
 2.72356e+16	9.90e-01	9.56e-03	8.70e-09
 2.72375e+16	9.91e-01	9.18e-03	8.43e-09
 2.72394e+16	9.91e-01	8.81e-03	8.17e-09
 2.72414e+16	9.92e-01	8.44e-03	7.90e-09
 2.72434e+16	9.92e-01	8.09e-03	7.64e-09
 2.72455e+16	9.92e-01	7.74e-03	7.38e-09
 2.72476e+16	9.93e-01	7.41e-03	7.13e-09
 2.72498e+16	9.93e-01	7.08e-03	6.88e-09
 2.72521e+16	9.93e-01	6.76e-03	6.63e-09
 2.72544e+16	9.94e-01	6.45e-03	6.38e-09
 2.72568e+16	9.94e-01	6.15e-03	6.14e-09
 2.72593e+16	9.94e-01	5.86e-03	5.90e-09
 2.72619e+16	9.94e-01	5.57e-03	5.66e-09
 2.72645e+16	9.95e-01	5.30e-03	5.43e-09
 2.72672e+16	9.95e-01	5.03e-03	5.20e-09
 2.72700e+16	9.95e-01	4.78e-03	4.97e-09
 2.72728e+16	9.95e-01	4.53e-03	4.75e-09
 2.72758e+16	9.96e-01	4.28e-03	4.52e-09
 2.72789e+16	9.96e-01	4.04e-03	4.30e-09
 2.72821e+16	9.96e-01	3.80e-03	4.07e-09
 2.72854e+16	9.96e-01	3.55e-03	3.83e-09
 2.72888e+16	9.97e-01	3.30e-03	3.58e-09
 2.72924e+16	9.97e-01	3.04e-03	3.32e-09
 2.72962e+16	9.97e-01	2.77e-03	3.04e-09
 2.73001e+16	9.98e-01	2.49e-03	2.74e-09
 2.73043e+16	9.98e-01	2.22e-03	2.45e-09
 2.73087e+16	9.98e-01	1.94e-03	2.15e-09
 2.73135e+16	9.98e-01	1.68e-03	1.87e-09
 2.73186e+16	9.99e-01	1.44e-03	1.60e-09
 2.73241e+16	9.99e-01	1.21e-03	1.35e-09
 2.73302e+16	9.99e-01	1.00e-03	1.12e-09
 2.73369e+16	9.99e-01	8.12e-04	9.05e-10
 2.73445e+16	9.99e-01	6.39e-04	7.13e-10
 2.73532e+16	1.00e+00	4.86e-04	5.42e-10
 2.73629e+16	1.00e+00	3.61e-04	4.02e-10
 2.73728e+16	1.00e+00	2.67e-04	2.97e-10
 2.73828e+16	1.00e+00	1.99e-04	2.21e-10
 2.73927e+16	1.00e+00	1.49e-04	1.65e-10
 2.74027e+16	1.00e+00	1.13e-04	1.24e-10
 2.74126e+16	1.00e+00	8.59e-05	9.48e-11
 2.74226e+16	1.00e+00	6.65e-05	7.33e-11
 2.74325e+16	1.00e+00	5.24e-05	5.75e-11
 2.74425e+16	1.00e+00	4.20e-05	4.60e-11
 2.74525e+16	1.00e+00	3.44e-05	3.76e-11
 2.74624e+16	1.00e+00	2.88e-05	3.15e-11
 2.74724e+16	1.00e+00	2.47e-05	2.69e-11
 2.74823e+16	1.00e+00	2.17e-05	2.36e-11
 2.74923e+16	1.00e+00	1.95e-05	2.12e-11
 2.75022e+16	1.00e+00	1.79e-05	1.93e-11
 2.75122e+16	1.00e+00	1.67e-05	1.80e-11
 2.75221e+16	1.00e+00	1.58e-05	1.69e-11
 2.75321e+16	1.00e+00	1.51e-05	1.61e-11
 2.75420e+16	1.00e+00	1.46e-05	1.56e-11
 2.75520e+16	1.00e+00	1.42e-05	1.51e-11
 2.75619e+16	1.00e+00	1.39e-05	1.47e-11
 2.75719e+16	1.00e+00	1.36e-05	1.43e-11
 2.75833e+16	1.00e+00	1.34e-05	1.41e-11
 2.75982e+16	1.00e+00	1.32e-05	1.38e-11
 2.76175e+16	1.00e+00	1.29e-05	1.34e-11
 2.76427e+16	1.00e+00	1.27e-05	1.30e-11
 2.76754e+16	1.00e+00	1.24e-05	1.25e-11
 2.77178e+16	1.00e+00	1.21e-05	1.19e-11
 2.77731e+16	1.00e+00	1.16e-05	1.12e-11
 2.78449e+16	1.00e+00	1.11e-05	1.03e-11
 2.79351e+16	1.00e+00	1.05e-05	9.25e-12
 2.80383e+16	1.00e+00	9.81e-06	8.19e-12
 2.81487e+16	1.00e+00	9.14e-06	7.17e-12
 2.82684e+16	1.00e+00	8.45e-06	6.18e-12
 2.84022e+16	1.00e+00	7.73e-06	5.22e-12
 2.85546e+16	1.00e+00	6.98e-06	4.30e-12
 2.87289e+16	1.00e+00	6.21e-06	3.44e-12
 2.89257e+16	1.00e+00	5.44e-06	2.67e-12
 2.91461e+16	1.00e+00	4.70e-06	2.01e-12
 2.93943e+16	1.00e+00	3.99e-06	1.46e-12
 2.96763e+16	1.00e+00	3.32e-06	1.02e-12
 2.99957e+16	1.00e+00	2.70e-06	6.84e-13
 3.03586e+16	1.00e+00	2.14e-06	4.35e-13
 3.07744e+16	1.00e+00	1.65e-06	2.62e-13
 3.12527e+16	1.00e+00	1.23e-06	1.47e-13
 3.17872e+16	1.00e+00	8.96e-07	7.91e-14
 3.23441e+16	1.00e+00	6.52e-07	4.23e-14
 3.29010e+16	1.00e+00	4.78e-07	2.29e-14
 3.34579e+16	1.00e+00	3.53e-07	1.26e-14
 3.40530e+16	1.00e+00	2.56e-07	6.72e-15
 3.46959e+16	1.00e+00	1.84e-07	3.49e-15
 3.53582e+16	1.00e+00	1.32e-07	1.81e-15
 3.60404e+16	1.00e+00	9.41e-08	9.28e-16
 3.67397e+16	1.00e+00	6.75e-08	4.80e-16
 3.74459e+16	1.00e+00	4.88e-08	2.54e-16
 3.81521e+16	1.00e+00	3.55e-08	1.35e-16
 3.88943e+16	1.00e+00	2.55e-08	7.03e-17
 3.96845e+16	1.00e+00	1.82e-08	3.59e-17
 4.04943e+16	1.00e+00	1.30e-08	1.83e-17
 4.13245e+16	1.00e+00	9.23e-09	9.35e-18
 4.21670e+16	1.00e+00	6.63e-09	4.85e-18
 4.30295e+16	1.00e+00	4.74e-09	2.49e-18
 4.39252e+16	1.00e+00	3.37e-09	1.27e-18
 4.48343e+16	1.00e+00	2.41e-09	6.52e-19
 4.57711e+16	1.00e+00	1.72e-09	3.33e-19
 4.67503e+16	1.00e+00	1.21e-09	1.68e-19
 4.77539e+16	1.00e+00	8.58e-10	8.42e-20
 4.87827e+16	1.00e+00	6.05e-10	4.22e-20
 4.98372e+16	1.00e+00	4.27e-10	2.12e-20
 5.09022e+16	1.00e+00	3.02e-10	1.07e-20
 5.19997e+16	1.00e+00	2.13e-10	5.34e-21
 5.31411e+16	1.00e+00	1.49e-10	0.00e+00
 5.43111e+16	1.00e+00	1.04e-10	0.00e+00
 5.54986e+16	1.00e+00	7.25e-11	0.00e+00
 5.66919e+16	1.00e+00	5.09e-11	0.00e+00
 5.79277e+16	1.00e+00	3.54e-11	0.00e+00
 5.92130e+16	1.00e+00	2.44e-11	0.00e+00
 6.05306e+16	1.00e+00	1.68e-11	0.00e+00
 6.18810e+16	1.00e+00	1.15e-11	0.00e+00
 6.32654e+16	1.00e+00	7.79e-12	0.00e+00
 6.46843e+16	1.00e+00	5.28e-12	0.00e+00
 6.61173e+16	1.00e+00	3.58e-12	0.00e+00
 6.75792e+16	1.00e+00	2.42e-12	0.00e+00
 6.90925e+16	1.00e+00	1.64e-12	0.00e+00
 7.06360e+16	1.00e+00	1.10e-12	0.00e+00
 7.21947e+16	1.00e+00	7.43e-13	0.00e+00
 7.37608e+16	1.00e+00	4.94e-13	0.00e+00
 7.50645e+16	1.00e+00	3.67e-13	0.00e+00
 7.62619e+16	1.00e+00	2.72e-13	0.00e+00
 7.78185e+16	1.00e+00	1.88e-13	0.00e+00
 7.98421e+16	1.00e+00	1.16e-13	0.00e+00
 8.24728e+16	1.00e+00	6.34e-14	0.00e+00
 8.53073e+16	1.00e+00	3.45e-14	0.00e+00
 8.83671e+16	1.00e+00	1.81e-14	0.00e+00
 9.18808e+16	1.00e+00	8.92e-15	0.00e+00
 9.54749e+16	1.00e+00	4.48e-15	0.00e+00
 9.92129e+16	1.00e+00	2.24e-15	0.00e+00
 1.03181e+17	1.00e+00	1.11e-15	0.00e+00
 1.07309e+17	1.00e+00	5.59e-16	0.00e+00
 1.11601e+17	1.00e+00	2.86e-16	0.00e+00
 1.16065e+17	1.00e+00	1.51e-16	0.00e+00
 1.20708e+17	1.00e+00	8.42e-17	0.00e+00
 1.25536e+17	1.00e+00	4.99e-17	0.00e+00
 1.30558e+17	1.00e+00	3.34e-17	0.00e+00
 1.35780e+17	1.00e+00	2.46e-17	0.00e+00
 1.40780e+17	1.00e+00	2.05e-17	0.00e+00
 1.45401e+17	1.00e+00	1.92e-17	0.00e+00
 1.50119e+17	1.00e+00	1.85e-17	0.00e+00
 1.55107e+17	1.00e+00	1.76e-17	0.00e+00
 1.60276e+17	1.00e+00	1.69e-17	0.00e+00
 1.65543e+17	1.00e+00	1.64e-17	0.00e+00
 1.70915e+17	1.00e+00	1.60e-17	0.00e+00
 1.76404e+17	1.00e+00	1.56e-17	0.00e+00
 1.81988e+17	1.00e+00	1.53e-17	0.00e+00
 1.87640e+17	1.00e+00	1.50e-17	0.00e+00
 1.93344e+17	1.00e+00	1.48e-17	0.00e+00
 1.99069e+17	1.00e+00	1.45e-17	0.00e+00
 2.04780e+17	1.00e+00	1.44e-17	0.00e+00
 2.10469e+17	1.00e+00	1.43e-17	0.00e+00
 2.16096e+17	1.00e+00	1.42e-17	0.00e+00
 2.21627e+17	1.00e+00	1.41e-17	0.00e+00
 2.27038e+17	1.00e+00	1.41e-17	0.00e+00
 2.32302e+17	1.00e+00	1.41e-17	0.00e+00
 2.37389e+17	1.00e+00	1.42e-17	0.00e+00
 2.42279e+17	1.00e+00	1.43e-17	0.00e+00
 2.46965e+17	1.00e+00	1.45e-17	0.00e+00
 2.51437e+17	1.00e+00	1.46e-17	0.00e+00
 2.55687e+17	1.00e+00	1.48e-17	0.00e+00
 2.59716e+17	1.00e+00	1.50e-17	0.00e+00
 2.63527e+17	1.00e+00	1.52e-17	0.00e+00
 2.67126e+17	1.00e+00	1.54e-17	0.00e+00
 2.70521e+17	1.00e+00	1.56e-17	0.00e+00
 2.73721e+17	1.00e+00	1.57e-17	0.00e+00
 2.76735e+17	1.00e+00	1.59e-17	0.00e+00
 2.79575e+17	1.00e+00	1.61e-17	0.00e+00
 2.82250e+17	1.00e+00	1.62e-17	0.00e+00
 2.84770e+17	1.00e+00	1.64e-17	0.00e+00
 2.87145e+17	1.00e+00	1.65e-17	0.00e+00
 2.89384e+17	1.00e+00	1.66e-17	0.00e+00
 2.91495e+17	1.00e+00	1.67e-17	0.00e+00
 2.93487e+17	1.00e+00	1.69e-17	0.00e+00
 2.95367e+17	1.00e+00	1.70e-17	0.00e+00
 2.97144e+17	1.00e+00	1.70e-17	0.00e+00
 2.98822e+17	1.00e+00	1.71e-17	0.00e+00
 3.00408e+17	1.00e+00	1.72e-17	0.00e+00
 3.01908e+17	1.00e+00	1.73e-17	0.00e+00
 3.03327e+17	1.00e+00	1.73e-17	0.00e+00
 3.04672e+17	1.00e+00	1.74e-17	0.00e+00
 3.05945e+17	1.00e+00	1.75e-17	0.00e+00
 3.07153e+17	1.00e+00	1.75e-17	0.00e+00
 3.08297e+17	1.00e+00	1.76e-17	0.00e+00
 3.09383e+17	1.00e+00	1.76e-17	0.00e+00
 3.10414e+17	1.00e+00	1.77e-17	0.00e+00
 3.11393e+17	1.00e+00	1.77e-17	0.00e+00
 3.12324e+17	1.00e+00	1.77e-17	0.00e+00
 3.13208e+17	1.00e+00	1.78e-17	0.00e+00
 3.14050e+17	1.00e+00	1.78e-17	0.00e+00
 3.14852e+17	1.00e+00	1.78e-17	0.00e+00
 3.15615e+17	1.00e+00	1.78e-17	0.00e+00
 3.16343e+17	1.00e+00	1.79e-17	0.00e+00
 3.17037e+17	1.00e+00	1.79e-17	0.00e+00
 3.17700e+17	1.00e+00	1.79e-17	0.00e+00
 3.18334e+17	1.00e+00	1.79e-17	0.00e+00
 3.18940e+17	1.00e+00	1.79e-17	0.00e+00
 3.19520e+17	1.00e+00	1.80e-17	0.00e+00
 3.20076e+17	1.00e+00	1.80e-17	0.00e+00
 3.20610e+17	1.00e+00	1.80e-17	0.00e+00
 3.21123e+17	1.00e+00	1.80e-17	0.00e+00
 3.21616e+17	1.00e+00	1.80e-17	0.00e+00
 3.22091e+17	1.00e+00	1.80e-17	0.00e+00
 3.22550e+17	1.00e+00	1.80e-17	0.00e+00
 3.22994e+17	1.00e+00	1.80e-17	0.00e+00
 3.23424e+17	1.00e+00	1.80e-17	0.00e+00
 3.23842e+17	1.00e+00	1.80e-17	0.00e+00
 3.24249e+17	1.00e+00	1.80e-17	0.00e+00
 3.24646e+17	1.00e+00	1.81e-17	0.00e+00
 3.25035e+17	1.00e+00	1.81e-17	0.00e+00
 3.25418e+17	1.00e+00	1.81e-17	0.00e+00
 3.25795e+17	1.00e+00	1.81e-17	0.00e+00
 3.26169e+17	1.00e+00	1.81e-17	0.00e+00
 3.26541e+17	1.00e+00	1.81e-17	0.00e+00
 3.26914e+17	1.00e+00	1.80e-17	0.00e+00
 3.27290e+17	1.00e+00	1.80e-17	0.00e+00
 3.27670e+17	1.00e+00	1.80e-17	0.00e+00
 3.28060e+17	1.00e+00	1.80e-17	0.00e+00
 3.28461e+17	1.00e+00	1.80e-17	0.00e+00
 3.28878e+17	1.00e+00	1.80e-17	0.00e+00
 3.29318e+17	1.00e+00	1.80e-17	0.00e+00
 3.29786e+17	1.00e+00	1.80e-17	0.00e+00
 3.30293e+17	1.00e+00	1.79e-17	0.00e+00
 3.30850e+17	1.00e+00	1.79e-17	0.00e+00
 3.31474e+17	1.00e+00	1.78e-17	0.00e+00
 3.32188e+17	1.00e+00	1.78e-17	0.00e+00
 3.33025e+17	1.00e+00	1.76e-17	0.00e+00
 3.34034e+17	1.00e+00	1.75e-17	0.00e+00
 3.35288e+17	1.00e+00	1.73e-17	0.00e+00
 3.36896e+17	1.00e+00	1.69e-17	0.00e+00
 3.38987e+17	1.00e+00	1.64e-17	0.00e+00
 3.41705e+17	1.00e+00	1.56e-17	0.00e+00
 3.45238e+17	1.00e+00	1.45e-17	0.00e+00
 3.49832e+17	1.00e+00	1.30e-17	0.00e+00
 3.55803e+17	1.00e+00	1.12e-17	0.00e+00
 3.63566e+17	1.00e+00	9.10e-18	0.00e+00
 3.73657e+17	1.00e+00	6.87e-18	0.00e+00
 3.86776e+17	1.00e+00	4.69e-18	0.00e+00
 4.02075e+17	1.00e+00	2.78e-18	0.00e+00
 4.18158e+17	1.00e+00	2.22e-18	0.00e+00
 4.34462e+17	1.00e+00	1.86e-18	0.00e+00
 4.50057e+17	1.00e+00	1.73e-18	0.00e+00
 4.64344e+17	1.00e+00	1.84e-18	0.00e+00
 4.77413e+17	1.00e+00	1.99e-18	0.00e+00
 4.89661e+17	1.00e+00	2.06e-18	0.00e+00
 5.01239e+17	1.00e+00	2.00e-18	0.00e+00
 5.11938e+17	1.00e+00	1.95e-18	0.00e+00
 5.21587e+17	1.00e+00	1.95e-18	0.00e+00
 5.30181e+17	1.00e+00	1.96e-18	0.00e+00
 5.37873e+17	1.00e+00	1.95e-18	0.00e+00
 5.44816e+17	1.00e+00	1.88e-18	0.00e+00
 5.50811e+17	1.00e+00	1.80e-18	0.00e+00
 5.55224e+17	1.00e+00	1.77e-18	0.00e+00
 5.57922e+17	1.00e+00	1.85e-18	0.00e+00
 5.59501e+17	1.00e+00	1.92e-18	0.00e+00
 5.60449e+17	1.00e+00	1.96e-18	0.00e+00
 5.61017e+17	1.00e+00	1.99e-18	0.00e+00
 5.61417e+17	1.00e+00	2.01e-18	0.00e+00
 5.61822e+17	1.00e+00	2.02e-18	0.00e+00
 5.62273e+17	1.00e+00	2.02e-18	0.00e+00
 5.62702e+17	1.00e+00	2.03e-18	0.00e+00
 5.63065e+17	1.00e+00	2.03e-18	0.00e+00
 5.63407e+17	1.00e+00	2.03e-18	0.00e+00
 5.63748e+17	1.00e+00	2.03e-18	0.00e+00
 5.64058e+17	1.00e+00	2.03e-18	0.00e+00
 5.64331e+17	1.00e+00	2.03e-18	0.00e+00
 5.64587e+17	1.00e+00	2.03e-18	0.00e+00
 5.64848e+17	1.00e+00	2.02e-18	0.00e+00
 5.65095e+17	1.00e+00	2.02e-18	0.00e+00
 5.65321e+17	1.00e+00	2.01e-18	0.00e+00
 5.65545e+17	1.00e+00	2.01e-18	0.00e+00
 5.65763e+17	1.00e+00	2.00e-18	0.00e+00
 5.65958e+17	1.00e+00	2.00e-18	0.00e+00
 5.66144e+17	1.00e+00	2.00e-18	0.00e+00
 5.66335e+17	1.00e+00	2.00e-18	0.00e+00
 5.66518e+17	1.00e+00	1.98e-18	0.00e+00
 5.66682e+17	1.00e+00	2.04e-18	0.00e+00
 5.66845e+17	1.00e+00	2.05e-18	0.00e+00
 5.67011e+17	1.00e+00	2.04e-18	0.00e+00
 5.67173e+17	1.00e+00	2.01e-18	0.00e+00
 5.67327e+17	1.00e+00	2.07e-18	0.00e+00
 5.67476e+17	1.00e+00	2.15e-18	0.00e+00
 5.67624e+17	1.00e+00	2.24e-18	0.00e+00
 5.67769e+17	1.00e+00	2.20e-18	0.00e+00
 5.67911e+17	1.00e+00	2.34e-18	0.00e+00
 5.68052e+17	1.00e+00	2.36e-18	0.00e+00
 5.68195e+17	1.00e+00	2.37e-18	0.00e+00
 5.68337e+17	1.00e+00	2.26e-18	0.00e+00
 5.68477e+17	1.00e+00	2.37e-18	0.00e+00
 5.68612e+17	1.00e+00	2.39e-18	0.00e+00
 5.68754e+17	1.00e+00	2.97e-18	0.00e+00
 5.68899e+17	1.00e+00	2.02e-18	0.00e+00
 5.69037e+17	1.00e+00	2.51e-18	0.00e+00
 5.69178e+17	1.00e+00	2.36e-18	0.00e+00
 5.69324e+17	1.00e+00	2.21e-18	0.00e+00
 5.69473e+17	1.00e+00	2.04e-18	0.00e+00
 5.69620e+17	1.00e+00	2.08e-18	0.00e+00
 5.69768e+17	1.00e+00	2.07e-18	0.00e+00
 5.69920e+17	1.00e+00	2.02e-18	0.00e+00
 5.70077e+17	1.00e+00	1.92e-18	0.00e+00
 5.70237e+17	1.00e+00	1.90e-18	0.00e+00
 5.70405e+17	1.00e+00	1.83e-18	0.00e+00
 5.70574e+17	1.00e+00	1.80e-18	0.00e+00
 5.70748e+17	1.00e+00	1.79e-18	0.00e+00
 5.70921e+17	1.00e+00	1.75e-18	0.00e+00
 5.71089e+17	1.00e+00	1.76e-18	0.00e+00
 5.71266e+17	1.00e+00	1.76e-18	0.00e+00
 5.71460e+17	1.00e+00	1.71e-18	0.00e+00
 5.71652e+17	1.00e+00	1.69e-18	0.00e+00
 5.71830e+17	1.00e+00	1.68e-18	0.00e+00
 5.72022e+17	1.00e+00	1.68e-18	0.00e+00
 5.72240e+17	1.00e+00	1.64e-18	0.00e+00
 5.72464e+17	1.00e+00	1.62e-18	0.00e+00
 5.72674e+17	1.00e+00	1.61e-18	0.00e+00
 5.72880e+17	1.00e+00	1.59e-18	0.00e+00
 5.73102e+17	1.00e+00	1.57e-18	0.00e+00
 5.73336e+17	1.00e+00	1.55e-18	0.00e+00
 5.73571e+17	1.00e+00	1.53e-18	0.00e+00
 5.73809e+17	1.00e+00	1.51e-18	0.00e+00
 5.74054e+17	1.00e+00	1.50e-18	0.00e+00
 5.74309e+17	1.00e+00	1.47e-18	0.00e+00
 5.74574e+17	1.00e+00	1.45e-18	0.00e+00
 5.74839e+17	1.00e+00	1.43e-18	0.00e+00
 5.75109e+17	1.00e+00	1.41e-18	0.00e+00
 5.75387e+17	1.00e+00	1.38e-18	0.00e+00
 5.75671e+17	1.00e+00	1.36e-18	0.00e+00
 5.75961e+17	1.00e+00	1.34e-18	0.00e+00
 5.76255e+17	1.00e+00	1.31e-18	0.00e+00
 5.76567e+17	1.00e+00	1.29e-18	0.00e+00
 5.76889e+17	1.00e+00	1.26e-18	0.00e+00
 5.77207e+17	1.00e+00	1.23e-18	0.00e+00
 5.77525e+17	1.00e+00	1.21e-18	0.00e+00
 5.77856e+17	1.00e+00	1.18e-18	0.00e+00
 5.78209e+17	1.00e+00	1.15e-18	0.00e+00
 5.78563e+17	1.00e+00	1.12e-18	0.00e+00
 5.78911e+17	1.00e+00	1.10e-18	0.00e+00
 5.79269e+17	1.00e+00	1.07e-18	0.00e+00
 5.79645e+17	1.00e+00	1.02e-18	0.00e+00
 5.80032e+17	1.00e+00	9.94e-19	0.00e+00
 5.80423e+17	1.00e+00	9.64e-19	0.00e+00
 5.80813e+17	1.00e+00	9.34e-19	0.00e+00
 5.81213e+17	1.00e+00	9.05e-19	0.00e+00
 5.81630e+17	1.00e+00	8.74e-19	0.00e+00
 5.82057e+17	1.00e+00	8.43e-19	0.00e+00
 5.82484e+17	1.00e+00	8.12e-19	0.00e+00
 5.82925e+17	1.00e+00	7.82e-19	0.00e+00
 5.83379e+17	1.00e+00	7.50e-19	0.00e+00
 5.83836e+17	1.00e+00	7.19e-19	0.00e+00
 5.84293e+17	1.00e+00	6.89e-19	0.00e+00
 5.84763e+17	1.00e+00	6.59e-19	0.00e+00
 5.85249e+17	1.00e+00	6.30e-19	0.00e+00
 5.85766e+17	1.00e+00	5.98e-19	0.00e+00
 5.86285e+17	1.00e+00	5.67e-19	0.00e+00
 5.86802e+17	1.00e+00	5.38e-19	0.00e+00
 5.87335e+17	1.00e+00	5.08e-19	0.00e+00
 5.87874e+17	1.00e+00	4.79e-19	0.00e+00
 5.88424e+17	1.00e+00	4.52e-19	0.00e+00
 5.89014e+17	1.00e+00	4.25e-19	0.00e+00
 5.89640e+17	1.00e+00	3.95e-19	0.00e+00
 5.90251e+17	1.00e+00	3.67e-19	0.00e+00
 5.90852e+17	1.00e+00	3.28e-19	0.00e+00
 5.91480e+17	1.00e+00	3.06e-19	0.00e+00
 5.92106e+17	1.00e+00	2.83e-19	0.00e+00
 5.92673e+17	1.00e+00	2.63e-19	0.00e+00
 5.93173e+17	1.00e+00	2.47e-19	0.00e+00
 5.93635e+17	1.00e+00	2.33e-19	0.00e+00
 5.94079e+17	1.00e+00	2.20e-19	0.00e+00
 5.94510e+17	1.00e+00	2.08e-19	0.00e+00
 5.94921e+17	1.00e+00	1.97e-19	0.00e+00
 5.95312e+17	1.00e+00	1.87e-19	0.00e+00
 5.95684e+17	1.00e+00	1.78e-19	0.00e+00
 5.96041e+17	1.00e+00	1.69e-19	0.00e+00
 5.96386e+17	1.00e+00	1.61e-19	0.00e+00
 5.96717e+17	1.00e+00	1.54e-19	0.00e+00
 5.97035e+17	1.00e+00	1.47e-19	0.00e+00
 5.97339e+17	1.00e+00	1.40e-19	0.00e+00
 5.97633e+17	1.00e+00	1.34e-19	0.00e+00
 5.97916e+17	1.00e+00	1.29e-19	0.00e+00
 5.98189e+17	1.00e+00	1.23e-19	0.00e+00
 5.98450e+17	1.00e+00	1.18e-19	0.00e+00
 5.98701e+17	1.00e+00	1.13e-19	0.00e+00
 5.98945e+17	1.00e+00	1.09e-19	0.00e+00
 5.99181e+17	1.00e+00	1.04e-19	0.00e+00
 5.99409e+17	1.00e+00	1.00e-19	0.00e+00
 5.99627e+17	1.00e+00	9.68e-20	0.00e+00
 5.99840e+17	1.00e+00	9.34e-20	0.00e+00
 6.00048e+17	1.00e+00	9.00e-20	0.00e+00
 6.00252e+17	1.00e+00	8.68e-20	0.00e+00
 6.00448e+17	1.00e+00	8.38e-20	0.00e+00
 6.00638e+17	1.00e+00	8.10e-20	0.00e+00
 6.00825e+17	1.00e+00	7.83e-20	0.00e+00
 6.01008e+17	1.00e+00	7.58e-20	0.00e+00
 6.01187e+17	1.00e+00	7.33e-20	0.00e+00
 6.01362e+17	1.00e+00	7.10e-20	0.00e+00
 6.01561e+17	1.00e+00	6.87e-20	0.00e+00
 6.01820e+17	1.00e+00	6.58e-20	0.00e+00
 6.02157e+17	1.00e+00	6.19e-20	0.00e+00
 6.02595e+17	1.00e+00	5.74e-20	0.00e+00
 6.03165e+17	1.00e+00	5.19e-20	0.00e+00
 6.03886e+17	1.00e+00	4.56e-20	0.00e+00
 6.04666e+17	1.00e+00	3.88e-20	0.00e+00
 6.05361e+17	1.00e+00	3.33e-20	0.00e+00
 6.05947e+17	1.00e+00	2.94e-20	0.00e+00
 6.06486e+17	1.00e+00	2.64e-20	0.00e+00
 6.07037e+17	1.00e+00	2.38e-20	0.00e+00
 6.07610e+17	1.00e+00	2.12e-20	0.00e+00
