#depth	O	O+	O+2	O+3	O+4	O+5	O+6	O+7	O+8	O[1]	O[2]	O[3]
 1.49634e+10	0.00e+00	0.00e+00	3.15e-31	8.00e-22	1.10e-13	4.19e-07	1.00e+00	9.22e-19	0.00e+00	0.00e+00	0.00e+00	0.00e+00
 4.54887e+10	0.00e+00	9.72e-42	4.31e-31	1.01e-21	1.29e-13	4.54e-07	1.00e+00	0.00e+00	0.00e+00	0.00e+00	0.00e+00	0.00e+00
 7.72350e+10	0.00e+00	0.00e+00	5.91e-31	1.28e-21	1.51e-13	4.91e-07	1.00e+00	0.00e+00	0.00e+00	0.00e+00	0.00e+00	0.00e+00
 1.10251e+11	0.00e+00	2.13e-41	8.09e-31	1.63e-21	1.77e-13	5.32e-07	1.00e+00	0.00e+00	0.00e+00	0.00e+00	0.00e+00	0.00e+00
 1.44588e+11	0.00e+00	0.00e+00	1.11e-30	2.06e-21	2.08e-13	5.75e-07	1.00e+00	0.00e+00	0.00e+00	0.00e+00	0.00e+00	0.00e+00
 1.80298e+11	0.00e+00	4.67e-41	1.52e-30	2.61e-21	2.43e-13	6.23e-07	1.00e+00	0.00e+00	0.00e+00	0.00e+00	0.00e+00	0.00e+00
 2.17437e+11	0.00e+00	0.00e+00	2.08e-30	3.30e-21	2.85e-13	6.74e-07	1.00e+00	0.00e+00	0.00e+00	0.00e+00	0.00e+00	0.00e+00
 2.56061e+11	0.00e+00	1.02e-40	2.84e-30	4.18e-21	3.33e-13	7.30e-07	1.00e+00	0.00e+00	0.00e+00	0.00e+00	0.00e+00	0.00e+00
 2.96231e+11	0.00e+00	0.00e+00	3.89e-30	5.29e-21	3.91e-13	7.90e-07	1.00e+00	0.00e+00	0.00e+00	0.00e+00	0.00e+00	0.00e+00
 3.38007e+11	0.00e+00	2.24e-40	5.33e-30	6.71e-21	4.58e-13	8.55e-07	1.00e+00	0.00e+00	0.00e+00	0.00e+00	0.00e+00	0.00e+00
 3.81454e+11	0.00e+00	0.00e+00	7.30e-30	8.50e-21	5.36e-13	9.26e-07	1.00e+00	0.00e+00	0.00e+00	0.00e+00	0.00e+00	0.00e+00
 4.26639e+11	0.00e+00	4.92e-40	1.00e-29	1.08e-20	6.28e-13	1.00e-06	1.00e+00	0.00e+00	0.00e+00	0.00e+00	0.00e+00	0.00e+00
 4.73631e+11	0.00e+00	0.00e+00	1.37e-29	1.36e-20	7.36e-13	1.09e-06	1.00e+00	0.00e+00	0.00e+00	0.00e+00	0.00e+00	0.00e+00
 5.22503e+11	0.00e+00	1.08e-39	1.88e-29	1.73e-20	8.63e-13	1.18e-06	1.00e+00	0.00e+00	0.00e+00	0.00e+00	0.00e+00	0.00e+00
 5.73330e+11	0.00e+00	0.00e+00	2.57e-29	2.19e-20	1.01e-12	1.27e-06	1.00e+00	0.00e+00	0.00e+00	0.00e+00	0.00e+00	0.00e+00
 6.26190e+11	0.00e+00	2.37e-39	3.52e-29	2.78e-20	1.19e-12	1.38e-06	1.00e+00	0.00e+00	0.00e+00	0.00e+00	0.00e+00	0.00e+00
 6.81164e+11	0.00e+00	0.00e+00	4.83e-29	3.52e-20	1.39e-12	1.50e-06	1.00e+00	0.00e+00	0.00e+00	0.00e+00	0.00e+00	0.00e+00
 7.38337e+11	0.00e+00	5.19e-39	6.62e-29	4.47e-20	1.63e-12	1.62e-06	1.00e+00	0.00e+00	0.00e+00	0.00e+00	0.00e+00	0.00e+00
 7.97798e+11	0.00e+00	0.00e+00	9.07e-29	5.66e-20	1.91e-12	1.76e-06	1.00e+00	0.00e+00	0.00e+00	0.00e+00	0.00e+00	0.00e+00
 8.59636e+11	0.00e+00	1.14e-38	1.24e-28	7.18e-20	2.25e-12	1.90e-06	1.00e+00	0.00e+00	0.00e+00	0.00e+00	0.00e+00	0.00e+00
 9.23949e+11	0.00e+00	0.00e+00	1.70e-28	9.12e-20	2.64e-12	2.06e-06	1.00e+00	0.00e+00	0.00e+00	0.00e+00	0.00e+00	0.00e+00
 9.85665e+11	0.00e+00	2.42e-38	2.28e-28	1.14e-19	3.06e-12	2.23e-06	1.00e+00	0.00e+00	0.00e+00	0.00e+00	0.00e+00	0.00e+00
 1.04281e+12	0.00e+00	0.00e+00	2.96e-28	1.38e-19	3.50e-12	2.38e-06	1.00e+00	0.00e+00	0.00e+00	0.00e+00	0.00e+00	0.00e+00
 1.10741e+12	0.00e+00	4.78e-38	3.94e-28	1.72e-19	4.04e-12	2.56e-06	1.00e+00	0.00e+00	0.00e+00	0.00e+00	0.00e+00	0.00e+00
 1.18163e+12	0.00e+00	0.00e+00	5.40e-28	2.18e-19	4.75e-12	2.78e-06	1.00e+00	0.00e+00	0.00e+00	0.00e+00	0.00e+00	0.00e+00
 1.25474e+12	0.00e+00	1.03e-37	7.28e-28	2.74e-19	5.54e-12	3.01e-06	1.00e+00	0.00e+00	0.00e+00	0.00e+00	0.00e+00	0.00e+00
 1.33077e+12	0.00e+00	0.00e+00	9.83e-28	3.43e-19	6.47e-12	3.25e-06	1.00e+00	0.00e+00	0.00e+00	0.00e+00	0.00e+00	0.00e+00
 1.41392e+12	0.00e+00	2.21e-37	1.35e-27	4.37e-19	7.61e-12	3.53e-06	1.00e+00	0.00e+00	0.00e+00	0.00e+00	0.00e+00	0.00e+00
 1.49807e+12	0.00e+00	0.00e+00	1.83e-27	5.52e-19	8.93e-12	3.83e-06	1.00e+00	0.00e+00	0.00e+00	0.00e+00	0.00e+00	0.00e+00
 1.58557e+12	0.00e+00	4.73e-37	2.50e-27	6.97e-19	1.05e-11	4.16e-06	1.00e+00	0.00e+00	0.00e+00	0.00e+00	0.00e+00	0.00e+00
 1.67892e+12	0.00e+00	0.00e+00	3.42e-27	8.87e-19	1.23e-11	4.52e-06	1.00e+00	0.00e+00	0.00e+00	0.00e+00	0.00e+00	0.00e+00
 1.77601e+12	0.00e+00	1.03e-36	4.70e-27	1.13e-18	1.46e-11	4.92e-06	1.00e+00	0.00e+00	0.00e+00	0.00e+00	0.00e+00	0.00e+00
 1.87697e+12	0.00e+00	0.00e+00	6.45e-27	1.44e-18	1.72e-11	5.36e-06	1.00e+00	0.00e+00	0.00e+00	0.00e+00	0.00e+00	0.00e+00
 1.98198e+12	0.00e+00	2.26e-36	8.84e-27	1.83e-18	2.03e-11	5.84e-06	1.00e+00	0.00e+00	0.00e+00	0.00e+00	0.00e+00	0.00e+00
 2.09119e+12	9.78e-47	3.33e-36	1.21e-26	2.34e-18	2.40e-11	6.37e-06	1.00e+00	0.00e+00	0.00e+00	0.00e+00	0.00e+00	0.00e+00
 2.20476e+12	0.00e+00	0.00e+00	1.66e-26	2.98e-18	2.84e-11	6.95e-06	1.00e+00	0.00e+00	0.00e+00	0.00e+00	0.00e+00	0.00e+00
 2.32288e+12	0.00e+00	7.24e-36	2.28e-26	3.80e-18	3.37e-11	7.59e-06	1.00e+00	0.00e+00	0.00e+00	0.00e+00	0.00e+00	0.00e+00
 2.44572e+12	3.91e-46	1.07e-35	3.12e-26	4.85e-18	3.99e-11	8.30e-06	1.00e+00	0.00e+00	0.00e+00	0.00e+00	0.00e+00	0.00e+00
 2.57348e+12	0.00e+00	0.00e+00	4.28e-26	6.19e-18	4.74e-11	9.08e-06	1.00e+00	0.00e+00	0.00e+00	0.00e+00	0.00e+00	0.00e+00
 2.70634e+12	0.00e+00	2.29e-35	5.86e-26	7.91e-18	5.63e-11	9.94e-06	1.00e+00	0.00e+00	0.00e+00	0.00e+00	0.00e+00	0.00e+00
 2.84452e+12	1.53e-45	3.35e-35	8.01e-26	1.01e-17	6.70e-11	1.09e-05	1.00e+00	0.00e+00	0.00e+00	0.00e+00	0.00e+00	0.00e+00
 2.98823e+12	0.00e+00	4.89e-35	1.09e-25	1.29e-17	7.97e-11	1.20e-05	1.00e+00	0.00e+00	0.00e+00	0.00e+00	0.00e+00	0.00e+00
 3.13768e+12	3.73e-45	7.11e-35	1.49e-25	1.65e-17	9.50e-11	1.31e-05	1.00e+00	0.00e+00	0.00e+00	0.00e+00	0.00e+00	0.00e+00
 3.29312e+12	0.00e+00	1.03e-34	2.03e-25	2.10e-17	1.13e-10	1.45e-05	1.00e+00	0.00e+00	0.00e+00	0.00e+00	0.00e+00	0.00e+00
 3.45477e+12	8.91e-45	1.49e-34	2.75e-25	2.69e-17	1.35e-10	1.59e-05	1.00e+00	0.00e+00	0.00e+00	0.00e+00	0.00e+00	0.00e+00
 3.62289e+12	0.00e+00	2.13e-34	3.73e-25	3.43e-17	1.61e-10	1.75e-05	1.00e+00	0.00e+00	0.00e+00	0.00e+00	0.00e+00	0.00e+00
 3.79773e+12	2.08e-44	3.05e-34	5.04e-25	4.37e-17	1.93e-10	1.93e-05	1.00e+00	0.00e+00	0.00e+00	0.00e+00	0.00e+00	0.00e+00
 3.97957e+12	0.00e+00	4.34e-34	6.79e-25	5.57e-17	2.30e-10	2.13e-05	1.00e+00	0.00e+00	0.00e+00	0.00e+00	0.00e+00	0.00e+00
 4.16868e+12	4.70e-44	6.14e-34	9.13e-25	7.08e-17	2.75e-10	2.36e-05	1.00e+00	0.00e+00	0.00e+00	0.00e+00	0.00e+00	0.00e+00
 4.36535e+12	0.00e+00	8.64e-34	1.22e-24	9.00e-17	3.28e-10	2.60e-05	1.00e+00	0.00e+00	0.00e+00	0.00e+00	0.00e+00	0.00e+00
 4.56989e+12	1.04e-43	1.21e-33	1.63e-24	1.14e-16	3.91e-10	2.88e-05	1.00e+00	0.00e+00	0.00e+00	0.00e+00	0.00e+00	0.00e+00
 4.78142e+12	0.00e+00	1.68e-33	2.17e-24	1.45e-16	4.65e-10	3.18e-05	1.00e+00	0.00e+00	0.00e+00	0.00e+00	0.00e+00	0.00e+00
 4.99875e+12	2.20e-43	2.32e-33	2.87e-24	1.83e-16	5.52e-10	3.51e-05	1.00e+00	0.00e+00	0.00e+00	0.00e+00	0.00e+00	0.00e+00
 5.22318e+12	0.00e+00	3.19e-33	3.78e-24	2.30e-16	6.54e-10	3.87e-05	1.00e+00	0.00e+00	0.00e+00	0.00e+00	0.00e+00	0.00e+00
 5.45801e+12	4.55e-43	4.37e-33	4.98e-24	2.89e-16	7.75e-10	4.26e-05	1.00e+00	0.00e+00	0.00e+00	0.00e+00	0.00e+00	0.00e+00
 5.70500e+12	0.00e+00	6.01e-33	6.57e-24	3.65e-16	9.18e-10	4.71e-05	1.00e+00	0.00e+00	0.00e+00	0.00e+00	0.00e+00	0.00e+00
 5.96313e+12	9.39e-43	8.25e-33	8.67e-24	4.61e-16	1.09e-09	5.20e-05	1.00e+00	0.00e+00	0.00e+00	0.00e+00	0.00e+00	0.00e+00
 6.23158e+12	0.00e+00	1.13e-32	1.14e-23	5.81e-16	1.29e-09	5.73e-05	1.00e+00	0.00e+00	0.00e+00	0.00e+00	0.00e+00	0.00e+00
 6.51077e+12	1.93e-42	1.55e-32	1.51e-23	7.32e-16	1.52e-09	6.32e-05	1.00e+00	0.00e+00	0.00e+00	0.00e+00	0.00e+00	0.00e+00
 6.80113e+12	0.00e+00	2.13e-32	1.99e-23	9.23e-16	1.80e-09	6.96e-05	1.00e+00	0.00e+00	0.00e+00	0.00e+00	0.00e+00	0.00e+00
 7.10310e+12	3.96e-42	2.93e-32	2.63e-23	1.16e-15	2.12e-09	7.66e-05	1.00e+00	0.00e+00	0.00e+00	0.00e+00	0.00e+00	0.00e+00
 7.41715e+12	0.00e+00	4.02e-32	3.47e-23	1.47e-15	2.49e-09	8.42e-05	1.00e+00	0.00e+00	0.00e+00	0.00e+00	0.00e+00	0.00e+00
 7.74376e+12	8.19e-42	5.54e-32	4.59e-23	1.85e-15	2.93e-09	9.26e-05	1.00e+00	0.00e+00	0.00e+00	0.00e+00	0.00e+00	0.00e+00
 8.08344e+12	0.00e+00	7.65e-32	6.07e-23	2.33e-15	3.45e-09	1.02e-04	1.00e+00	0.00e+00	0.00e+00	0.00e+00	0.00e+00	0.00e+00
 8.43671e+12	1.71e-41	1.06e-31	8.05e-23	2.93e-15	4.05e-09	1.12e-04	1.00e+00	0.00e+00	0.00e+00	0.00e+00	0.00e+00	0.00e+00
 8.80410e+12	0.00e+00	1.47e-31	1.07e-22	3.69e-15	4.76e-09	1.22e-04	1.00e+00	0.00e+00	0.00e+00	0.00e+00	0.00e+00	0.00e+00
 9.18619e+12	3.62e-41	2.04e-31	1.42e-22	4.66e-15	5.59e-09	1.34e-04	1.00e+00	0.00e+00	0.00e+00	0.00e+00	0.00e+00	0.00e+00
 9.55762e+12	0.00e+00	2.79e-31	1.86e-22	5.78e-15	6.48e-09	1.46e-04	1.00e+00	0.00e+00	0.00e+00	0.00e+00	0.00e+00	0.00e+00
 9.90888e+12	7.17e-41	3.72e-31	2.37e-22	7.05e-15	7.43e-09	1.58e-04	1.00e+00	0.00e+00	0.00e+00	0.00e+00	0.00e+00	0.00e+00
 1.03001e+13	0.00e+00	5.08e-31	3.09e-22	8.73e-15	8.59e-09	1.71e-04	1.00e+00	0.00e+00	0.00e+00	0.00e+00	0.00e+00	0.00e+00
 1.07421e+13	1.51e-40	7.14e-31	4.13e-22	1.10e-14	1.01e-08	1.87e-04	1.00e+00	0.00e+00	0.00e+00	0.00e+00	0.00e+00	0.00e+00
 1.11836e+13	0.00e+00	9.94e-31	5.47e-22	1.38e-14	1.17e-08	2.04e-04	1.00e+00	0.00e+00	0.00e+00	0.00e+00	0.00e+00	0.00e+00
 1.16427e+13	3.25e-40	1.39e-30	7.25e-22	1.72e-14	1.36e-08	2.22e-04	1.00e+00	0.00e+00	0.00e+00	0.00e+00	0.00e+00	0.00e+00
 1.21383e+13	0.00e+00	1.97e-30	9.74e-22	2.17e-14	1.60e-08	2.42e-04	1.00e+00	0.00e+00	0.00e+00	0.00e+00	0.00e+00	0.00e+00
 1.26538e+13	7.29e-40	2.80e-30	1.31e-21	2.74e-14	1.87e-08	2.64e-04	1.00e+00	0.00e+00	0.00e+00	0.00e+00	0.00e+00	0.00e+00
 1.31899e+13	0.00e+00	4.00e-30	1.76e-21	3.47e-14	2.19e-08	2.87e-04	1.00e+00	0.00e+00	0.00e+00	0.00e+00	0.00e+00	0.00e+00
 1.37474e+13	1.67e-39	5.71e-30	2.37e-21	4.38e-14	2.56e-08	3.13e-04	1.00e+00	0.00e+00	0.00e+00	0.00e+00	0.00e+00	0.00e+00
 1.43272e+13	0.00e+00	8.22e-30	3.21e-21	5.53e-14	2.99e-08	3.40e-04	1.00e+00	0.00e+00	0.00e+00	0.00e+00	0.00e+00	0.00e+00
 1.49302e+13	3.86e-39	1.17e-29	4.32e-21	6.98e-14	3.50e-08	3.71e-04	1.00e+00	0.00e+00	0.00e+00	0.00e+00	0.00e+00	0.00e+00
 1.55574e+13	0.00e+00	1.69e-29	5.85e-21	8.82e-14	4.10e-08	4.03e-04	1.00e+00	0.00e+00	0.00e+00	0.00e+00	0.00e+00	0.00e+00
 1.62096e+13	9.08e-39	2.44e-29	7.91e-21	1.11e-13	4.79e-08	4.38e-04	1.00e+00	0.00e+00	0.00e+00	0.00e+00	0.00e+00	0.00e+00
 1.68879e+13	0.00e+00	3.53e-29	1.07e-20	1.41e-13	5.60e-08	4.76e-04	1.00e+00	0.00e+00	0.00e+00	0.00e+00	0.00e+00	0.00e+00
 1.75933e+13	2.17e-38	5.12e-29	1.45e-20	1.78e-13	6.55e-08	5.17e-04	9.99e-01	0.00e+00	0.00e+00	0.00e+00	0.00e+00	0.00e+00
 1.83270e+13	0.00e+00	7.43e-29	1.97e-20	2.25e-13	7.66e-08	5.62e-04	9.99e-01	0.00e+00	0.00e+00	0.00e+00	0.00e+00	0.00e+00
 1.90900e+13	5.21e-38	1.08e-28	2.68e-20	2.84e-13	8.96e-08	6.10e-04	9.99e-01	0.00e+00	0.00e+00	0.00e+00	0.00e+00	0.00e+00
 1.98835e+13	0.00e+00	1.57e-28	3.64e-20	3.60e-13	1.05e-07	6.62e-04	9.99e-01	0.00e+00	0.00e+00	0.00e+00	0.00e+00	0.00e+00
 2.07088e+13	1.26e-37	2.29e-28	4.95e-20	4.54e-13	1.23e-07	7.18e-04	9.99e-01	0.00e+00	0.00e+00	0.00e+00	0.00e+00	0.00e+00
 2.15671e+13	0.00e+00	3.34e-28	6.73e-20	5.75e-13	1.43e-07	7.79e-04	9.99e-01	0.00e+00	0.00e+00	0.00e+00	0.00e+00	0.00e+00
 2.24597e+13	3.10e-37	4.88e-28	9.16e-20	7.26e-13	1.68e-07	8.44e-04	9.99e-01	0.00e+00	0.00e+00	0.00e+00	0.00e+00	0.00e+00
 2.33880e+13	0.00e+00	7.14e-28	1.25e-19	9.18e-13	1.96e-07	9.15e-04	9.99e-01	0.00e+00	0.00e+00	0.00e+00	0.00e+00	0.00e+00
 2.43535e+13	7.63e-37	1.05e-27	1.70e-19	1.16e-12	2.29e-07	9.92e-04	9.99e-01	0.00e+00	0.00e+00	0.00e+00	0.00e+00	0.00e+00
 2.53575e+13	0.00e+00	1.53e-27	2.31e-19	1.47e-12	2.68e-07	1.08e-03	9.99e-01	0.00e+00	0.00e+00	0.00e+00	0.00e+00	0.00e+00
 2.64018e+13	1.89e-36	2.25e-27	3.15e-19	1.86e-12	3.13e-07	1.16e-03	9.99e-01	0.00e+00	0.00e+00	0.00e+00	0.00e+00	0.00e+00
 2.74878e+13	0.00e+00	3.29e-27	4.30e-19	2.35e-12	3.66e-07	1.26e-03	9.99e-01	0.00e+00	0.00e+00	0.00e+00	0.00e+00	0.00e+00
 2.86172e+13	4.70e-36	4.83e-27	5.86e-19	2.97e-12	4.28e-07	1.37e-03	9.99e-01	0.00e+00	0.00e+00	0.00e+00	0.00e+00	0.00e+00
 2.97918e+13	0.00e+00	7.10e-27	8.00e-19	3.75e-12	5.01e-07	1.48e-03	9.99e-01	0.00e+00	0.00e+00	0.00e+00	0.00e+00	0.00e+00
 3.10134e+13	1.17e-35	1.04e-26	1.09e-18	4.75e-12	5.86e-07	1.60e-03	9.98e-01	0.00e+00	0.00e+00	0.00e+00	0.00e+00	0.00e+00
 3.22839e+13	0.00e+00	1.53e-26	1.49e-18	6.00e-12	6.85e-07	1.74e-03	9.98e-01	0.00e+00	0.00e+00	0.00e+00	0.00e+00	0.00e+00
 3.36052e+13	2.93e-35	2.25e-26	2.03e-18	7.59e-12	8.01e-07	1.88e-03	9.98e-01	0.00e+00	0.00e+00	0.00e+00	0.00e+00	0.00e+00
 3.49793e+13	4.64e-35	3.31e-26	2.77e-18	9.60e-12	9.37e-07	2.04e-03	9.98e-01	0.00e+00	0.00e+00	0.00e+00	0.00e+00	0.00e+00
 3.64084e+13	7.33e-35	4.86e-26	3.78e-18	1.21e-11	1.10e-06	2.20e-03	9.98e-01	0.00e+00	0.00e+00	0.00e+00	0.00e+00	0.00e+00
 3.78946e+13	1.16e-34	7.14e-26	5.15e-18	1.53e-11	1.28e-06	2.39e-03	9.98e-01	0.00e+00	0.00e+00	0.00e+00	0.00e+00	0.00e+00
 3.94404e+13	1.83e-34	1.05e-25	7.03e-18	1.94e-11	1.50e-06	2.58e-03	9.97e-01	0.00e+00	0.00e+00	0.00e+00	0.00e+00	0.00e+00
 4.10479e+13	2.89e-34	1.54e-25	9.59e-18	2.45e-11	1.75e-06	2.80e-03	9.97e-01	0.00e+00	0.00e+00	0.00e+00	0.00e+00	0.00e+00
 4.27197e+13	4.58e-34	2.27e-25	1.31e-17	3.10e-11	2.05e-06	3.03e-03	9.97e-01	0.00e+00	0.00e+00	0.00e+00	0.00e+00	0.00e+00
 4.44585e+13	7.22e-34	3.32e-25	1.78e-17	3.92e-11	2.39e-06	3.28e-03	9.97e-01	0.00e+00	0.00e+00	0.00e+00	0.00e+00	0.00e+00
 4.62667e+13	1.14e-33	4.85e-25	2.42e-17	4.96e-11	2.80e-06	3.55e-03	9.96e-01	0.00e+00	0.00e+00	0.00e+00	0.00e+00	0.00e+00
 4.79956e+13	1.73e-33	6.93e-25	3.24e-17	6.15e-11	3.23e-06	3.83e-03	9.96e-01	0.00e+00	0.00e+00	0.00e+00	0.00e+00	0.00e+00
 4.95831e+13	2.52e-33	9.51e-25	4.17e-17	7.45e-11	3.67e-06	4.08e-03	9.96e-01	0.00e+00	0.00e+00	0.00e+00	0.00e+00	0.00e+00
 5.13785e+13	3.75e-33	1.33e-24	5.49e-17	9.19e-11	4.22e-06	4.39e-03	9.96e-01	0.00e+00	0.00e+00	0.00e+00	0.00e+00	0.00e+00
 5.34561e+13	5.95e-33	1.96e-24	7.49e-17	1.16e-10	4.93e-06	4.75e-03	9.95e-01	0.00e+00	0.00e+00	0.00e+00	0.00e+00	0.00e+00
 5.54977e+13	9.07e-33	2.80e-24	1.00e-16	1.45e-10	5.71e-06	5.12e-03	9.95e-01	0.00e+00	0.00e+00	0.00e+00	0.00e+00	0.00e+00
 5.74439e+13	1.35e-32	3.90e-24	1.31e-16	1.77e-10	6.54e-06	5.49e-03	9.95e-01	0.00e+00	0.00e+00	0.00e+00	0.00e+00	0.00e+00
 5.95945e+13	2.02e-32	5.52e-24	1.74e-16	2.20e-10	7.55e-06	5.92e-03	9.94e-01	0.00e+00	0.00e+00	0.00e+00	0.00e+00	0.00e+00
 6.20082e+13	3.20e-32	8.12e-24	2.38e-16	2.78e-10	8.82e-06	6.40e-03	9.94e-01	0.00e+00	0.00e+00	0.00e+00	0.00e+00	0.00e+00
 6.44351e+13	4.91e-32	1.17e-23	3.20e-16	3.49e-10	1.03e-05	6.92e-03	9.93e-01	0.00e+00	0.00e+00	0.00e+00	0.00e+00	0.00e+00
 6.69591e+13	7.59e-32	1.69e-23	4.31e-16	4.38e-10	1.19e-05	7.48e-03	9.93e-01	0.00e+00	0.00e+00	0.00e+00	0.00e+00	0.00e+00
 6.96674e+13	1.18e-31	2.45e-23	5.86e-16	5.54e-10	1.39e-05	8.12e-03	9.92e-01	0.00e+00	0.00e+00	0.00e+00	0.00e+00	0.00e+00
 7.24840e+13	1.84e-31	3.59e-23	7.98e-16	7.00e-10	1.63e-05	8.80e-03	9.91e-01	0.00e+00	0.00e+00	0.00e+00	0.00e+00	0.00e+00
 7.54133e+13	2.85e-31	5.20e-23	1.08e-15	8.84e-10	1.90e-05	9.54e-03	9.90e-01	0.00e+00	0.00e+00	0.00e+00	0.00e+00	0.00e+00
 7.84598e+13	4.46e-31	7.60e-23	1.48e-15	1.12e-09	2.22e-05	1.03e-02	9.90e-01	0.00e+00	0.00e+00	0.00e+00	0.00e+00	0.00e+00
 8.16281e+13	6.82e-31	1.10e-22	2.00e-15	1.41e-09	2.59e-05	1.12e-02	9.89e-01	0.00e+00	0.00e+00	0.00e+00	0.00e+00	0.00e+00
 8.49231e+13	1.06e-30	1.60e-22	2.72e-15	1.78e-09	3.03e-05	1.22e-02	9.88e-01	0.00e+00	0.00e+00	0.00e+00	0.00e+00	0.00e+00
 8.83500e+13	1.63e-30	2.32e-22	3.69e-15	2.25e-09	3.54e-05	1.32e-02	9.87e-01	0.00e+00	0.00e+00	0.00e+00	0.00e+00	0.00e+00
 9.19139e+13	2.55e-30	3.38e-22	5.02e-15	2.84e-09	4.13e-05	1.43e-02	9.86e-01	0.00e+00	0.00e+00	0.00e+00	0.00e+00	0.00e+00
 9.56204e+13	3.89e-30	4.87e-22	6.81e-15	3.59e-09	4.82e-05	1.56e-02	9.84e-01	0.00e+00	0.00e+00	0.00e+00	0.00e+00	0.00e+00
 9.94751e+13	5.97e-30	7.05e-22	9.25e-15	4.53e-09	5.62e-05	1.69e-02	9.83e-01	0.00e+00	0.00e+00	0.00e+00	0.00e+00	0.00e+00
 1.03404e+14	9.09e-30	1.01e-21	1.25e-14	5.70e-09	6.54e-05	1.83e-02	9.82e-01	0.00e+00	0.00e+00	0.00e+00	0.00e+00	0.00e+00
 1.07489e+14	1.39e-29	1.46e-21	1.68e-14	7.17e-09	7.61e-05	1.98e-02	9.80e-01	0.00e+00	0.00e+00	0.00e+00	0.00e+00	0.00e+00
 1.11819e+14	2.11e-29	2.10e-21	2.28e-14	9.05e-09	8.88e-05	2.15e-02	9.78e-01	0.00e+00	0.00e+00	0.00e+00	0.00e+00	0.00e+00
 1.16321e+14	3.24e-29	3.05e-21	3.10e-14	1.14e-08	1.04e-04	2.34e-02	9.77e-01	0.00e+00	0.00e+00	0.00e+00	0.00e+00	0.00e+00
 1.21004e+14	4.90e-29	4.37e-21	4.20e-14	1.44e-08	1.21e-04	2.54e-02	9.74e-01	0.00e+00	0.00e+00	0.00e+00	0.00e+00	0.00e+00
 1.25874e+14	7.52e-29	6.33e-21	5.70e-14	1.82e-08	1.41e-04	2.76e-02	9.72e-01	0.00e+00	0.00e+00	0.00e+00	0.00e+00	0.00e+00
 1.30939e+14	1.13e-28	9.07e-21	7.73e-14	2.30e-08	1.64e-04	3.00e-02	9.70e-01	0.00e+00	0.00e+00	0.00e+00	0.00e+00	0.00e+00
 1.36207e+14	1.73e-28	1.31e-20	1.05e-13	2.90e-08	1.91e-04	3.25e-02	9.67e-01	0.00e+00	0.00e+00	0.00e+00	0.00e+00	0.00e+00
 1.41685e+14	2.58e-28	1.88e-20	1.42e-13	3.66e-08	2.23e-04	3.53e-02	9.64e-01	0.00e+00	0.00e+00	0.00e+00	0.00e+00	0.00e+00
 1.47024e+14	3.83e-28	2.65e-20	1.89e-13	4.55e-08	2.57e-04	3.82e-02	9.62e-01	0.00e+00	0.00e+00	0.00e+00	0.00e+00	0.00e+00
 1.52108e+14	5.44e-28	3.62e-20	2.46e-13	5.56e-08	2.93e-04	4.10e-02	9.59e-01	0.00e+00	0.00e+00	0.00e+00	0.00e+00	0.00e+00
 1.57753e+14	7.84e-28	5.03e-20	3.26e-13	6.89e-08	3.37e-04	4.43e-02	9.55e-01	0.00e+00	0.00e+00	0.00e+00	0.00e+00	0.00e+00
 1.64093e+14	1.18e-27	7.23e-20	4.42e-13	8.70e-08	3.92e-04	4.81e-02	9.52e-01	0.00e+00	0.00e+00	0.00e+00	0.00e+00	0.00e+00
 1.70468e+14	1.73e-27	1.02e-19	5.94e-13	1.09e-07	4.54e-04	5.22e-02	9.47e-01	0.00e+00	0.00e+00	0.00e+00	0.00e+00	0.00e+00
 1.77099e+14	2.56e-27	1.45e-19	7.98e-13	1.36e-07	5.25e-04	5.65e-02	9.43e-01	0.00e+00	0.00e+00	0.00e+00	0.00e+00	0.00e+00
 1.84213e+14	3.80e-27	2.08e-19	1.08e-12	1.72e-07	6.11e-04	6.14e-02	9.38e-01	0.00e+00	0.00e+00	0.00e+00	0.00e+00	0.00e+00
 1.91611e+14	5.66e-27	2.99e-19	1.47e-12	2.17e-07	7.10e-04	6.67e-02	9.33e-01	0.00e+00	0.00e+00	0.00e+00	0.00e+00	0.00e+00
 1.99306e+14	8.40e-27	4.29e-19	2.00e-12	2.74e-07	8.25e-04	7.25e-02	9.27e-01	0.00e+00	0.00e+00	0.00e+00	0.00e+00	0.00e+00
 2.06457e+14	1.20e-26	5.93e-19	2.64e-12	3.37e-07	9.43e-04	7.81e-02	9.21e-01	0.00e+00	0.00e+00	0.00e+00	0.00e+00	0.00e+00
 2.12707e+14	1.61e-26	7.81e-19	3.33e-12	4.02e-07	1.06e-03	8.32e-02	9.16e-01	0.00e+00	0.00e+00	0.00e+00	0.00e+00	0.00e+00
 2.19655e+14	2.24e-26	1.05e-18	4.29e-12	4.86e-07	1.19e-03	8.89e-02	9.10e-01	0.00e+00	0.00e+00	0.00e+00	0.00e+00	0.00e+00
 2.28069e+14	3.25e-26	1.49e-18	5.76e-12	6.06e-07	1.37e-03	9.62e-02	9.02e-01	0.00e+00	0.00e+00	0.00e+00	0.00e+00	0.00e+00
 2.36534e+14	4.69e-26	2.09e-18	7.69e-12	7.52e-07	1.58e-03	1.04e-01	8.95e-01	0.00e+00	0.00e+00	0.00e+00	0.00e+00	0.00e+00
 2.44210e+14	6.47e-26	2.81e-18	9.89e-12	9.08e-07	1.78e-03	1.11e-01	8.87e-01	0.00e+00	0.00e+00	0.00e+00	0.00e+00	0.00e+00
 2.52716e+14	9.17e-26	3.87e-18	1.30e-11	1.11e-06	2.02e-03	1.19e-01	8.79e-01	0.00e+00	0.00e+00	0.00e+00	0.00e+00	0.00e+00
 2.62689e+14	1.36e-25	5.55e-18	1.76e-11	1.39e-06	2.33e-03	1.28e-01	8.69e-01	0.00e+00	0.00e+00	0.00e+00	0.00e+00	0.00e+00
 2.72514e+14	1.98e-25	7.83e-18	2.36e-11	1.73e-06	2.68e-03	1.38e-01	8.59e-01	0.00e+00	0.00e+00	0.00e+00	0.00e+00	0.00e+00
 2.81702e+14	2.78e-25	1.07e-17	3.06e-11	2.10e-06	3.03e-03	1.47e-01	8.50e-01	0.00e+00	0.00e+00	0.00e+00	0.00e+00	0.00e+00
 2.91971e+14	4.03e-25	1.49e-17	4.06e-11	2.58e-06	3.45e-03	1.58e-01	8.39e-01	0.00e+00	0.00e+00	0.00e+00	0.00e+00	0.00e+00
 3.03680e+14	6.06e-25	2.16e-17	5.54e-11	3.24e-06	3.99e-03	1.70e-01	8.26e-01	0.00e+00	0.00e+00	0.00e+00	0.00e+00	0.00e+00
 3.15314e+14	8.95e-25	3.07e-17	7.45e-11	4.03e-06	4.58e-03	1.82e-01	8.14e-01	0.00e+00	0.00e+00	0.00e+00	0.00e+00	0.00e+00
 3.27413e+14	1.33e-24	4.35e-17	1.00e-10	5.00e-06	5.24e-03	1.95e-01	8.00e-01	0.00e+00	0.00e+00	0.00e+00	0.00e+00	0.00e+00
 3.40539e+14	2.00e-24	6.28e-17	1.36e-10	6.26e-06	6.04e-03	2.09e-01	7.85e-01	0.00e+00	0.00e+00	0.00e+00	0.00e+00	0.00e+00
 3.54191e+14	3.02e-24	9.02e-17	1.85e-10	7.83e-06	6.95e-03	2.23e-01	7.70e-01	0.00e+00	0.00e+00	0.00e+00	0.00e+00	0.00e+00
 3.68388e+14	4.54e-24	1.30e-16	2.51e-10	9.77e-06	7.98e-03	2.38e-01	7.54e-01	0.00e+00	0.00e+00	0.00e+00	0.00e+00	0.00e+00
 3.83154e+14	6.85e-24	1.86e-16	3.40e-10	1.22e-05	9.16e-03	2.54e-01	7.37e-01	0.00e+00	0.00e+00	0.00e+00	0.00e+00	0.00e+00
 3.98510e+14	1.06e-23	2.72e-16	4.59e-10	1.52e-05	1.05e-02	2.70e-01	7.19e-01	0.00e+00	0.00e+00	0.00e+00	0.00e+00	0.00e+00
 4.14480e+14	1.56e-23	3.81e-16	6.20e-10	1.89e-05	1.20e-02	2.87e-01	7.01e-01	0.00e+00	0.00e+00	0.00e+00	0.00e+00	0.00e+00
 4.31089e+14	2.35e-23	5.45e-16	8.35e-10	2.34e-05	1.37e-02	3.04e-01	6.82e-01	0.00e+00	0.00e+00	0.00e+00	0.00e+00	0.00e+00
 4.48363e+14	3.62e-23	7.90e-16	1.12e-09	2.89e-05	1.56e-02	3.22e-01	6.63e-01	0.00e+00	0.00e+00	0.00e+00	0.00e+00	0.00e+00
 4.66327e+14	5.43e-23	1.12e-15	1.51e-09	3.58e-05	1.78e-02	3.40e-01	6.42e-01	0.00e+00	0.00e+00	0.00e+00	0.00e+00	0.00e+00
 4.84024e+14	7.96e-23	1.56e-15	1.99e-09	4.37e-05	2.01e-02	3.57e-01	6.23e-01	0.00e+00	0.00e+00	0.00e+00	0.00e+00	0.00e+00
 5.02429e+14	1.17e-22	2.17e-15	2.62e-09	5.32e-05	2.27e-02	3.75e-01	6.03e-01	0.00e+00	0.00e+00	0.00e+00	0.00e+00	0.00e+00
 5.22556e+14	1.75e-22	3.07e-15	3.50e-09	6.54e-05	2.57e-02	3.93e-01	5.81e-01	0.00e+00	0.00e+00	0.00e+00	0.00e+00	0.00e+00
 5.42838e+14	2.58e-22	4.28e-15	4.63e-09	7.98e-05	2.89e-02	4.11e-01	5.60e-01	0.00e+00	0.00e+00	0.00e+00	0.00e+00	0.00e+00
 5.63932e+14	3.80e-22	5.96e-15	6.10e-09	9.71e-05	3.25e-02	4.29e-01	5.38e-01	0.00e+00	0.00e+00	0.00e+00	0.00e+00	0.00e+00
 5.84871e+14	5.49e-22	8.16e-15	7.93e-09	1.17e-04	3.63e-02	4.46e-01	5.18e-01	0.00e+00	0.00e+00	0.00e+00	0.00e+00	0.00e+00
 6.04160e+14	7.48e-22	1.07e-14	9.99e-09	1.38e-04	3.99e-02	4.61e-01	4.99e-01	0.00e+00	0.00e+00	0.00e+00	0.00e+00	0.00e+00
 6.25829e+14	1.07e-21	1.44e-14	1.28e-08	1.64e-04	4.43e-02	4.77e-01	4.79e-01	0.00e+00	0.00e+00	0.00e+00	0.00e+00	0.00e+00
 6.50854e+14	1.58e-21	2.01e-14	1.69e-08	1.99e-04	4.96e-02	4.94e-01	4.56e-01	0.00e+00	0.00e+00	0.00e+00	0.00e+00	0.00e+00
 6.75529e+14	2.34e-21	2.78e-14	2.19e-08	2.39e-04	5.50e-02	5.10e-01	4.35e-01	0.00e+00	0.00e+00	0.00e+00	0.00e+00	0.00e+00
 7.01192e+14	3.32e-21	3.76e-14	2.84e-08	2.87e-04	6.10e-02	5.25e-01	4.14e-01	0.00e+00	0.00e+00	0.00e+00	0.00e+00	0.00e+00
 7.29269e+14	4.95e-21	5.25e-14	3.72e-08	3.45e-04	6.78e-02	5.40e-01	3.92e-01	0.00e+00	0.00e+00	0.00e+00	0.00e+00	0.00e+00
 7.57882e+14	7.31e-21	7.28e-14	4.82e-08	4.14e-04	7.50e-02	5.54e-01	3.70e-01	0.00e+00	0.00e+00	0.00e+00	0.00e+00	0.00e+00
 7.84617e+14	1.03e-20	9.69e-14	6.10e-08	4.87e-04	8.21e-02	5.66e-01	3.51e-01	0.00e+00	0.00e+00	0.00e+00	0.00e+00	0.00e+00
 8.09276e+14	1.39e-20	1.25e-13	7.51e-08	5.61e-04	8.88e-02	5.76e-01	3.34e-01	0.00e+00	0.00e+00	0.00e+00	0.00e+00	0.00e+00
 8.37384e+14	1.95e-20	1.66e-13	9.42e-08	6.56e-04	9.67e-02	5.86e-01	3.17e-01	0.00e+00	0.00e+00	0.00e+00	0.00e+00	0.00e+00
 8.70351e+14	2.85e-20	2.27e-13	1.21e-07	7.80e-04	1.06e-01	5.96e-01	2.97e-01	0.00e+00	0.00e+00	0.00e+00	0.00e+00	0.00e+00
 9.02844e+14	4.07e-20	3.05e-13	1.54e-07	9.17e-04	1.16e-01	6.05e-01	2.79e-01	0.00e+00	0.00e+00	0.00e+00	0.00e+00	0.00e+00
 9.33110e+14	5.61e-20	3.98e-13	1.91e-07	1.06e-03	1.25e-01	6.11e-01	2.62e-01	0.00e+00	0.00e+00	0.00e+00	0.00e+00	0.00e+00
 9.66938e+14	7.93e-20	5.30e-13	2.40e-07	1.24e-03	1.36e-01	6.17e-01	2.46e-01	0.00e+00	0.00e+00	0.00e+00	0.00e+00	0.00e+00
 1.00565e+15	1.16e-19	7.25e-13	3.08e-07	1.46e-03	1.48e-01	6.23e-01	2.28e-01	0.00e+00	0.00e+00	0.00e+00	0.00e+00	0.00e+00
 1.04386e+15	1.66e-19	9.74e-13	3.89e-07	1.71e-03	1.60e-01	6.26e-01	2.12e-01	0.00e+00	0.00e+00	0.00e+00	0.00e+00	0.00e+00
 1.08359e+15	2.37e-19	1.30e-12	4.91e-07	2.00e-03	1.73e-01	6.28e-01	1.96e-01	0.00e+00	0.00e+00	0.00e+00	0.00e+00	0.00e+00
 1.12697e+15	3.48e-19	1.78e-12	6.25e-07	2.34e-03	1.88e-01	6.29e-01	1.81e-01	0.00e+00	0.00e+00	0.00e+00	0.00e+00	0.00e+00
 1.17099e+15	4.97e-19	2.39e-12	7.89e-07	2.73e-03	2.02e-01	6.28e-01	1.67e-01	0.00e+00	0.00e+00	0.00e+00	0.00e+00	0.00e+00
 1.21678e+15	7.18e-19	3.22e-12	9.96e-07	3.19e-03	2.18e-01	6.26e-01	1.53e-01	0.00e+00	0.00e+00	0.00e+00	0.00e+00	0.00e+00
 1.26548e+15	1.04e-18	4.36e-12	1.26e-06	3.71e-03	2.34e-01	6.22e-01	1.40e-01	0.00e+00	0.00e+00	0.00e+00	0.00e+00	0.00e+00
 1.31613e+15	1.52e-18	5.91e-12	1.58e-06	4.31e-03	2.51e-01	6.17e-01	1.28e-01	0.00e+00	0.00e+00	0.00e+00	0.00e+00	0.00e+00
 1.36880e+15	2.17e-18	7.88e-12	1.99e-06	5.00e-03	2.69e-01	6.10e-01	1.16e-01	0.00e+00	0.00e+00	0.00e+00	0.00e+00	0.00e+00
 1.42358e+15	3.16e-18	1.06e-11	2.50e-06	5.78e-03	2.87e-01	6.02e-01	1.06e-01	0.00e+00	0.00e+00	0.00e+00	0.00e+00	0.00e+00
 1.48056e+15	4.59e-18	1.43e-11	3.12e-06	6.67e-03	3.06e-01	5.92e-01	9.57e-02	0.00e+00	0.00e+00	0.00e+00	0.00e+00	0.00e+00
 1.53981e+15	6.49e-18	1.90e-11	3.89e-06	7.68e-03	3.25e-01	5.81e-01	8.65e-02	0.00e+00	0.00e+00	0.00e+00	0.00e+00	0.00e+00
 1.60143e+15	9.37e-18	2.54e-11	4.84e-06	8.82e-03	3.44e-01	5.69e-01	7.79e-02	0.00e+00	0.00e+00	0.00e+00	0.00e+00	0.00e+00
 1.66552e+15	1.36e-17	3.42e-11	6.03e-06	1.01e-02	3.64e-01	5.56e-01	6.99e-02	0.00e+00	0.00e+00	0.00e+00	0.00e+00	0.00e+00
 1.73217e+15	1.96e-17	4.56e-11	7.46e-06	1.16e-02	3.85e-01	5.41e-01	6.27e-02	0.00e+00	0.00e+00	0.00e+00	0.00e+00	0.00e+00
 1.80149e+15	2.81e-17	6.07e-11	9.22e-06	1.32e-02	4.05e-01	5.26e-01	5.61e-02	0.00e+00	0.00e+00	1.59e-17	8.67e-18	3.43e-18
 1.86960e+15	3.94e-17	7.92e-11	1.12e-05	1.49e-02	4.24e-01	5.11e-01	5.03e-02	0.00e+00	0.00e+00	2.22e-17	1.25e-17	4.57e-18
 1.93514e+15	5.39e-17	1.01e-10	1.35e-05	1.66e-02	4.42e-01	4.96e-01	4.54e-02	0.00e+00	0.00e+00	3.03e-17	1.71e-17	6.23e-18
 2.00728e+15	7.51e-17	1.31e-10	1.63e-05	1.87e-02	4.61e-01	4.80e-01	4.06e-02	0.00e+00	0.00e+00	4.23e-17	2.37e-17	8.66e-18
 2.08332e+15	1.04e-16	1.70e-10	1.98e-05	2.10e-02	4.80e-01	4.63e-01	3.62e-02	0.00e+00	0.00e+00	5.90e-17	3.29e-17	1.20e-17
 2.15414e+15	1.42e-16	2.16e-10	2.34e-05	2.32e-02	4.97e-01	4.47e-01	3.26e-02	0.00e+00	0.00e+00	8.01e-17	4.45e-17	1.63e-17
 2.23209e+15	1.90e-16	2.72e-10	2.80e-05	2.59e-02	5.15e-01	4.31e-01	2.91e-02	0.00e+00	0.00e+00	1.07e-16	5.95e-17	2.18e-17
 2.32140e+15	2.75e-16	3.62e-10	3.42e-05	2.91e-02	5.34e-01	4.12e-01	2.55e-02	0.00e+00	0.00e+00	1.56e-16	8.59e-17	3.14e-17
 2.40887e+15	3.83e-16	4.68e-10	4.10e-05	3.24e-02	5.51e-01	3.94e-01	2.25e-02	0.00e+00	0.00e+00	2.17e-16	1.19e-16	4.37e-17
 2.49985e+15	5.31e-16	6.03e-10	4.91e-05	3.60e-02	5.68e-01	3.76e-01	1.99e-02	0.00e+00	0.00e+00	3.02e-16	1.65e-16	6.04e-17
 2.59265e+15	7.32e-16	7.72e-10	5.86e-05	3.99e-02	5.84e-01	3.58e-01	1.75e-02	0.00e+00	0.00e+00	4.17e-16	2.27e-16	8.30e-17
 2.67652e+15	9.43e-16	9.43e-10	6.82e-05	4.35e-02	5.98e-01	3.43e-01	1.56e-02	0.00e+00	0.00e+00	5.38e-16	2.92e-16	1.07e-16
 2.76875e+15	1.29e-15	1.20e-09	8.03e-05	4.78e-02	6.12e-01	3.27e-01	1.38e-02	0.00e+00	0.00e+00	7.39e-16	4.01e-16	1.46e-16
 2.87289e+15	1.79e-15	1.54e-09	9.55e-05	5.27e-02	6.26e-01	3.09e-01	1.21e-02	0.00e+00	0.00e+00	1.02e-15	5.54e-16	2.01e-16
 2.97308e+15	2.35e-15	1.90e-09	1.12e-04	5.76e-02	6.38e-01	2.93e-01	1.06e-02	0.00e+00	0.00e+00	1.34e-15	7.24e-16	2.63e-16
 3.08169e+15	3.21e-15	2.41e-09	1.32e-04	6.32e-02	6.51e-01	2.77e-01	9.27e-03	0.00e+00	0.00e+00	1.84e-15	9.89e-16	3.58e-16
 3.20083e+15	4.55e-15	3.14e-09	1.58e-04	6.97e-02	6.62e-01	2.60e-01	7.99e-03	0.00e+00	0.00e+00	2.61e-15	1.40e-15	5.05e-16
 3.31316e+15	6.14e-15	3.94e-09	1.84e-04	7.59e-02	6.72e-01	2.45e-01	6.98e-03	0.00e+00	0.00e+00	3.52e-15	1.89e-15	6.80e-16
 3.43415e+15	8.32e-15	4.96e-09	2.17e-04	8.28e-02	6.81e-01	2.30e-01	6.04e-03	0.00e+00	0.00e+00	4.77e-15	2.56e-15	9.17e-16
 3.56650e+15	1.15e-14	6.33e-09	2.57e-04	9.07e-02	6.89e-01	2.14e-01	5.18e-03	0.00e+00	0.00e+00	6.59e-15	3.53e-15	1.26e-15
 3.69390e+15	1.55e-14	7.94e-09	2.99e-04	9.84e-02	6.96e-01	2.01e-01	4.48e-03	0.00e+00	0.00e+00	8.92e-15	4.76e-15	1.70e-15
 3.81815e+15	2.00e-14	9.63e-09	3.46e-04	1.06e-01	7.02e-01	1.88e-01	3.90e-03	0.00e+00	0.00e+00	1.15e-14	6.12e-15	2.18e-15
 3.95762e+15	2.78e-14	1.23e-08	4.05e-04	1.15e-01	7.06e-01	1.75e-01	3.34e-03	0.00e+00	0.00e+00	1.60e-14	8.52e-15	3.02e-15
 4.10925e+15	3.84e-14	1.57e-08	4.77e-04	1.26e-01	7.10e-01	1.62e-01	2.83e-03	0.00e+00	0.00e+00	2.21e-14	1.18e-14	4.16e-15
 4.25084e+15	5.08e-14	1.94e-08	5.51e-04	1.35e-01	7.11e-01	1.50e-01	2.44e-03	0.00e+00	0.00e+00	2.93e-14	1.56e-14	5.49e-15
 4.40479e+15	6.86e-14	2.42e-08	6.41e-04	1.46e-01	7.12e-01	1.39e-01	2.07e-03	0.00e+00	0.00e+00	3.95e-14	2.10e-14	7.38e-15
 4.57452e+15	9.46e-14	3.07e-08	7.51e-04	1.58e-01	7.12e-01	1.28e-01	1.74e-03	0.00e+00	0.00e+00	5.45e-14	2.90e-14	1.01e-14
 4.74025e+15	1.27e-13	3.83e-08	8.73e-04	1.70e-01	7.10e-01	1.17e-01	1.47e-03	0.00e+00	0.00e+00	7.33e-14	3.89e-14	1.36e-14
 4.90149e+15	1.69e-13	4.71e-08	1.00e-03	1.82e-01	7.07e-01	1.08e-01	1.26e-03	0.00e+00	0.00e+00	9.74e-14	5.17e-14	1.80e-14
 5.07999e+15	2.20e-13	5.76e-08	1.16e-03	1.96e-01	7.03e-01	9.90e-02	1.06e-03	0.00e+00	0.00e+00	1.27e-13	6.75e-14	2.34e-14
 5.27465e+15	3.12e-13	7.43e-08	1.36e-03	2.11e-01	6.97e-01	8.99e-02	8.77e-04	0.00e+00	0.00e+00	1.80e-13	9.56e-14	3.30e-14
 5.45419e+15	4.15e-13	9.15e-08	1.56e-03	2.25e-01	6.90e-01	8.23e-02	7.41e-04	0.00e+00	0.00e+00	2.40e-13	1.27e-13	4.38e-14
 5.64853e+15	5.58e-13	1.14e-07	1.80e-03	2.40e-01	6.82e-01	7.48e-02	6.18e-04	0.00e+00	0.00e+00	3.22e-13	1.71e-13	5.87e-14
 5.86387e+15	7.63e-13	1.43e-07	2.09e-03	2.58e-01	6.72e-01	6.74e-02	5.09e-04	0.00e+00	0.00e+00	4.41e-13	2.33e-13	8.00e-14
 6.06369e+15	1.01e-12	1.75e-07	2.40e-03	2.74e-01	6.62e-01	6.12e-02	4.25e-04	0.00e+00	0.00e+00	5.83e-13	3.08e-13	1.05e-13
 6.25207e+15	1.31e-12	2.11e-07	2.71e-03	2.89e-01	6.52e-01	5.59e-02	3.60e-04	0.00e+00	0.00e+00	7.57e-13	4.00e-13	1.37e-13
 6.46839e+15	1.69e-12	2.55e-07	3.10e-03	3.07e-01	6.39e-01	5.04e-02	2.98e-04	0.00e+00	0.00e+00	9.76e-13	5.16e-13	1.76e-13
 6.70970e+15	2.38e-12	3.27e-07	3.60e-03	3.27e-01	6.24e-01	4.49e-02	2.41e-04	0.00e+00	0.00e+00	1.38e-12	7.29e-13	2.48e-13
 6.92205e+15	3.11e-12	3.96e-07	4.07e-03	3.44e-01	6.11e-01	4.06e-02	2.02e-04	0.00e+00	0.00e+00	1.80e-12	9.52e-13	3.23e-13
 7.13666e+15	3.92e-12	4.69e-07	4.60e-03	3.62e-01	5.97e-01	3.66e-02	1.68e-04	0.00e+00	0.00e+00	2.27e-12	1.20e-12	4.06e-13
 7.40314e+15	5.58e-12	6.03e-07	5.35e-03	3.84e-01	5.78e-01	3.22e-02	1.34e-04	0.00e+00	0.00e+00	3.23e-12	1.71e-12	5.76e-13
 7.66529e+15	7.55e-12	7.49e-07	6.15e-03	4.06e-01	5.59e-01	2.85e-02	1.08e-04	0.00e+00	0.00e+00	4.38e-12	2.31e-12	7.78e-13
 7.88933e+15	9.77e-12	9.00e-07	6.91e-03	4.24e-01	5.43e-01	2.56e-02	8.99e-05	0.00e+00	0.00e+00	5.66e-12	2.99e-12	1.01e-12
 8.13558e+15	1.28e-11	1.09e-06	7.84e-03	4.44e-01	5.25e-01	2.27e-02	7.34e-05	0.00e+00	0.00e+00	7.44e-12	3.92e-12	1.32e-12
 8.40912e+15	1.72e-11	1.35e-06	8.96e-03	4.66e-01	5.05e-01	1.99e-02	5.89e-05	0.00e+00	0.00e+00	9.99e-12	5.27e-12	1.77e-12
 8.66261e+15	2.26e-11	1.64e-06	1.01e-02	4.87e-01	4.85e-01	1.76e-02	4.79e-05	0.00e+00	0.00e+00	1.31e-11	6.92e-12	2.32e-12
 8.89520e+15	2.90e-11	1.96e-06	1.13e-02	5.05e-01	4.68e-01	1.58e-02	3.97e-05	0.00e+00	0.00e+00	1.68e-11	8.88e-12	2.97e-12
 9.15615e+15	3.79e-11	2.37e-06	1.28e-02	5.25e-01	4.48e-01	1.39e-02	3.22e-05	0.00e+00	0.00e+00	2.20e-11	1.16e-11	3.88e-12
 9.45044e+15	4.91e-11	2.86e-06	1.47e-02	5.47e-01	4.26e-01	1.20e-02	2.54e-05	0.00e+00	0.00e+00	2.85e-11	1.50e-11	5.01e-12
 9.73392e+15	6.87e-11	3.62e-06	1.67e-02	5.69e-01	4.04e-01	1.04e-02	2.02e-05	0.00e+00	0.00e+00	3.99e-11	2.10e-11	7.01e-12
 9.99361e+15	8.99e-11	4.37e-06	1.88e-02	5.88e-01	3.84e-01	9.13e-03	1.64e-05	0.00e+00	0.00e+00	5.22e-11	2.75e-11	9.16e-12
 1.02765e+16	1.20e-10	5.38e-06	2.14e-02	6.08e-01	3.63e-01	7.89e-03	1.30e-05	0.00e+00	0.00e+00	6.99e-11	3.68e-11	1.23e-11
 1.05906e+16	1.55e-10	6.49e-06	2.47e-02	6.29e-01	3.40e-01	6.71e-03	1.01e-05	0.00e+00	0.00e+00	8.99e-11	4.74e-11	1.58e-11
 1.08833e+16	2.22e-10	8.35e-06	2.83e-02	6.48e-01	3.18e-01	5.74e-03	7.89e-06	0.00e+00	0.00e+00	1.29e-10	6.80e-11	2.26e-11
 1.11397e+16	2.90e-10	1.01e-05	3.18e-02	6.64e-01	3.00e-01	5.00e-03	6.38e-06	0.00e+00	0.00e+00	1.68e-10	8.87e-11	2.95e-11
 1.14111e+16	3.62e-10	1.19e-05	3.62e-02	6.80e-01	2.80e-01	4.29e-03	5.06e-06	0.00e+00	0.00e+00	2.10e-10	1.11e-10	3.68e-11
 1.17177e+16	5.36e-10	1.57e-05	4.21e-02	6.96e-01	2.58e-01	3.60e-03	3.87e-06	0.00e+00	0.00e+00	3.12e-10	1.64e-10	5.45e-11
 1.19911e+16	7.23e-10	1.95e-05	4.81e-02	7.10e-01	2.39e-01	3.07e-03	3.05e-06	0.00e+00	0.00e+00	4.20e-10	2.21e-10	7.35e-11
 1.22271e+16	8.81e-10	2.27e-05	5.43e-02	7.20e-01	2.23e-01	2.66e-03	2.47e-06	0.00e+00	0.00e+00	5.12e-10	2.70e-10	8.95e-11
 1.24934e+16	1.30e-09	3.00e-05	6.29e-02	7.31e-01	2.04e-01	2.23e-03	1.91e-06	0.00e+00	0.00e+00	7.56e-10	3.98e-10	1.32e-10
 1.27626e+16	1.79e-09	3.79e-05	7.30e-02	7.40e-01	1.86e-01	1.87e-03	1.48e-06	0.00e+00	0.00e+00	1.04e-09	5.48e-10	1.82e-10
 1.29841e+16	2.19e-09	4.45e-05	8.32e-02	7.45e-01	1.71e-01	1.60e-03	1.19e-06	0.00e+00	0.00e+00	1.27e-09	6.70e-10	2.22e-10
 1.31814e+16	2.88e-09	5.45e-05	9.42e-02	7.47e-01	1.57e-01	1.38e-03	9.66e-07	0.00e+00	0.00e+00	1.67e-09	8.82e-10	2.93e-10
 1.33531e+16	3.66e-09	6.53e-05	1.05e-01	7.48e-01	1.45e-01	1.21e-03	0.00e+00	0.00e+00	0.00e+00	2.13e-09	1.12e-09	3.73e-10
 1.35035e+16	4.57e-09	7.73e-05	1.17e-01	7.47e-01	1.35e-01	1.07e-03	0.00e+00	0.00e+00	0.00e+00	2.66e-09	1.40e-09	4.65e-10
 1.36721e+16	6.30e-09	9.77e-05	1.33e-01	7.43e-01	1.23e-01	9.13e-04	0.00e+00	0.00e+00	0.00e+00	3.66e-09	1.93e-09	6.41e-10
 1.38613e+16	8.58e-09	1.24e-04	1.54e-01	7.35e-01	1.10e-01	7.60e-04	0.00e+00	0.00e+00	0.00e+00	4.99e-09	2.63e-09	8.73e-10
 1.40369e+16	1.16e-08	1.56e-04	1.79e-01	7.22e-01	9.72e-02	6.29e-04	0.00e+00	0.00e+00	0.00e+00	6.72e-09	3.54e-09	1.18e-09
 1.41890e+16	1.53e-08	1.95e-04	2.06e-01	7.07e-01	8.62e-02	5.25e-04	0.00e+00	0.00e+00	0.00e+00	8.92e-09	4.71e-09	1.56e-09
 1.43238e+16	1.99e-08	2.39e-04	2.36e-01	6.87e-01	7.60e-02	4.37e-04	0.00e+00	0.00e+00	0.00e+00	1.16e-08	6.10e-09	2.03e-09
 1.44496e+16	2.58e-08	2.94e-04	2.70e-01	6.63e-01	6.63e-02	3.60e-04	0.00e+00	0.00e+00	0.00e+00	1.50e-08	7.92e-09	2.64e-09
 1.45682e+16	3.39e-08	3.64e-04	3.09e-01	6.33e-01	5.70e-02	2.92e-04	0.00e+00	0.00e+00	0.00e+00	1.97e-08	1.04e-08	3.47e-09
 1.46776e+16	4.39e-08	4.47e-04	3.53e-01	5.98e-01	4.83e-02	2.34e-04	0.00e+00	0.00e+00	0.00e+00	2.55e-08	1.35e-08	4.49e-09
 1.47770e+16	5.28e-08	5.22e-04	4.01e-01	5.58e-01	4.03e-02	1.84e-04	0.00e+00	0.00e+00	0.00e+00	3.07e-08	1.62e-08	5.41e-09
 1.48675e+16	7.04e-08	6.54e-04	4.52e-01	5.14e-01	3.31e-02	1.43e-04	0.00e+00	0.00e+00	0.00e+00	4.09e-08	2.16e-08	7.22e-09
 1.49359e+16	8.37e-08	7.52e-04	4.95e-01	4.76e-01	2.78e-02	1.15e-04	0.00e+00	0.00e+00	0.00e+00	4.87e-08	2.57e-08	8.61e-09
 1.49836e+16	9.50e-08	8.33e-04	5.29e-01	4.46e-01	2.42e-02	9.65e-05	0.00e+00	0.00e+00	0.00e+00	5.53e-08	2.92e-08	9.78e-09
 1.50354e+16	1.10e-07	9.34e-04	5.68e-01	4.11e-01	2.03e-02	7.77e-05	0.00e+00	0.00e+00	0.00e+00	6.38e-08	3.38e-08	1.13e-08
 1.51027e+16	1.31e-07	1.08e-03	6.21e-01	3.62e-01	1.57e-02	5.68e-05	0.00e+00	0.00e+00	0.00e+00	7.64e-08	4.04e-08	1.36e-08
 1.51716e+16	1.56e-07	1.23e-03	6.77e-01	3.10e-01	1.17e-02	3.95e-05	0.00e+00	0.00e+00	0.00e+00	9.10e-08	4.82e-08	1.62e-08
 1.52273e+16	1.79e-07	1.37e-03	7.22e-01	2.68e-01	8.83e-03	2.82e-05	0.00e+00	0.00e+00	0.00e+00	1.04e-07	5.52e-08	1.86e-08
 1.52847e+16	2.06e-07	1.52e-03	7.68e-01	2.25e-01	6.36e-03	1.90e-05	0.00e+00	0.00e+00	0.00e+00	1.20e-07	6.34e-08	2.13e-08
 1.53592e+16	2.41e-07	1.71e-03	8.20e-01	1.74e-01	3.97e-03	1.08e-05	0.00e+00	0.00e+00	0.00e+00	1.40e-07	7.44e-08	2.51e-08
 1.54373e+16	2.78e-07	1.89e-03	8.66e-01	1.30e-01	2.32e-03	5.66e-06	0.00e+00	0.00e+00	0.00e+00	1.62e-07	8.57e-08	2.90e-08
 1.55085e+16	3.10e-07	2.04e-03	8.98e-01	9.83e-02	1.38e-03	3.02e-06	0.00e+00	0.00e+00	0.00e+00	1.81e-07	9.58e-08	3.25e-08
 1.55892e+16	3.46e-07	2.18e-03	9.25e-01	7.16e-02	7.56e-04	1.44e-06	0.00e+00	0.00e+00	0.00e+00	2.01e-07	1.07e-07	3.62e-08
 1.56916e+16	3.85e-07	2.32e-03	9.48e-01	4.91e-02	3.61e-04	5.77e-07	0.00e+00	0.00e+00	0.00e+00	2.24e-07	1.19e-07	4.04e-08
 1.58227e+16	4.29e-07	2.45e-03	9.65e-01	3.23e-02	1.50e-04	0.00e+00	0.00e+00	0.00e+00	0.00e+00	2.49e-07	1.32e-07	4.51e-08
 1.59931e+16	4.79e-07	2.58e-03	9.76e-01	2.11e-02	5.55e-05	0.00e+00	0.00e+00	0.00e+00	0.00e+00	2.79e-07	1.48e-07	5.04e-08
 1.62146e+16	5.41e-07	2.72e-03	9.83e-01	1.45e-02	1.93e-05	0.00e+00	0.00e+00	0.00e+00	0.00e+00	3.15e-07	1.67e-07	5.70e-08
 1.65025e+16	6.22e-07	2.86e-03	9.86e-01	1.09e-02	6.56e-06	0.00e+00	0.00e+00	0.00e+00	0.00e+00	3.62e-07	1.92e-07	6.55e-08
 1.68769e+16	7.42e-07	3.05e-03	9.88e-01	8.98e-03	2.20e-06	0.00e+00	0.00e+00	0.00e+00	0.00e+00	4.31e-07	2.29e-07	7.81e-08
 1.73635e+16	9.33e-07	3.31e-03	9.89e-01	7.80e-03	7.07e-07	0.00e+00	0.00e+00	0.00e+00	0.00e+00	5.43e-07	2.88e-07	9.82e-08
 1.78816e+16	1.20e-06	3.61e-03	9.89e-01	7.05e-03	0.00e+00	0.00e+00	0.00e+00	0.00e+00	0.00e+00	6.95e-07	3.70e-07	1.26e-07
 1.83303e+16	1.49e-06	3.90e-03	9.90e-01	6.54e-03	0.00e+00	0.00e+00	0.00e+00	0.00e+00	0.00e+00	8.68e-07	4.62e-07	1.57e-07
 1.87391e+16	1.84e-06	4.19e-03	9.90e-01	6.11e-03	0.00e+00	0.00e+00	0.00e+00	0.00e+00	0.00e+00	1.07e-06	5.70e-07	1.93e-07
 1.92064e+16	2.37e-06	4.57e-03	9.90e-01	5.67e-03	0.00e+00	0.00e+00	0.00e+00	0.00e+00	0.00e+00	1.38e-06	7.33e-07	2.49e-07
 1.97152e+16	3.15e-06	5.05e-03	9.90e-01	5.22e-03	0.00e+00	0.00e+00	0.00e+00	0.00e+00	0.00e+00	1.83e-06	9.75e-07	3.31e-07
 2.01651e+16	4.13e-06	5.56e-03	9.90e-01	4.83e-03	0.00e+00	0.00e+00	0.00e+00	0.00e+00	0.00e+00	2.40e-06	1.28e-06	4.32e-07
 2.05619e+16	5.31e-06	6.09e-03	9.89e-01	4.48e-03	0.00e+00	0.00e+00	0.00e+00	0.00e+00	0.00e+00	3.09e-06	1.64e-06	5.56e-07
 2.10027e+16	7.14e-06	6.79e-03	9.89e-01	4.11e-03	0.00e+00	0.00e+00	0.00e+00	0.00e+00	0.00e+00	4.15e-06	2.21e-06	7.46e-07
 2.14617e+16	9.93e-06	7.69e-03	9.89e-01	3.73e-03	0.00e+00	0.00e+00	0.00e+00	0.00e+00	0.00e+00	5.77e-06	3.07e-06	1.04e-06
 2.18298e+16	1.32e-05	8.61e-03	9.88e-01	3.40e-03	0.00e+00	0.00e+00	0.00e+00	0.00e+00	0.00e+00	7.69e-06	4.09e-06	1.38e-06
 2.21283e+16	1.69e-05	9.50e-03	9.87e-01	3.17e-03	0.00e+00	0.00e+00	0.00e+00	0.00e+00	0.00e+00	9.82e-06	5.22e-06	1.76e-06
 2.24510e+16	2.25e-05	1.07e-02	9.86e-01	2.86e-03	0.00e+00	0.00e+00	0.00e+00	0.00e+00	0.00e+00	1.31e-05	6.96e-06	2.35e-06
 2.27960e+16	3.11e-05	1.23e-02	9.85e-01	2.57e-03	0.00e+00	0.00e+00	0.00e+00	0.00e+00	0.00e+00	1.81e-05	9.60e-06	3.24e-06
 2.30874e+16	4.18e-05	1.40e-02	9.84e-01	2.32e-03	0.00e+00	0.00e+00	0.00e+00	0.00e+00	0.00e+00	2.43e-05	1.29e-05	4.35e-06
 2.32744e+16	5.11e-05	1.53e-02	9.83e-01	2.15e-03	0.00e+00	0.00e+00	0.00e+00	0.00e+00	0.00e+00	2.97e-05	1.58e-05	5.31e-06
 2.33749e+16	5.71e-05	1.61e-02	9.82e-01	2.07e-03	0.00e+00	0.00e+00	0.00e+00	0.00e+00	0.00e+00	3.32e-05	1.76e-05	5.93e-06
 2.34719e+16	6.39e-05	1.69e-02	9.81e-01	1.98e-03	0.00e+00	0.00e+00	0.00e+00	0.00e+00	0.00e+00	3.72e-05	1.97e-05	6.64e-06
 2.35980e+16	7.43e-05	1.82e-02	9.80e-01	1.86e-03	0.00e+00	0.00e+00	0.00e+00	0.00e+00	0.00e+00	4.32e-05	2.29e-05	7.72e-06
 2.37403e+16	8.84e-05	1.97e-02	9.78e-01	1.73e-03	0.00e+00	0.00e+00	0.00e+00	0.00e+00	0.00e+00	5.14e-05	2.73e-05	9.18e-06
 2.38710e+16	1.05e-04	2.14e-02	9.77e-01	1.62e-03	0.00e+00	0.00e+00	0.00e+00	0.00e+00	0.00e+00	6.08e-05	3.22e-05	1.08e-05
 2.39842e+16	1.21e-04	2.30e-02	9.75e-01	1.53e-03	0.00e+00	0.00e+00	0.00e+00	0.00e+00	0.00e+00	7.05e-05	3.74e-05	1.26e-05
 2.41072e+16	1.44e-04	2.50e-02	9.73e-01	1.42e-03	0.00e+00	0.00e+00	0.00e+00	0.00e+00	0.00e+00	8.36e-05	4.43e-05	1.49e-05
 2.42267e+16	1.70e-04	2.71e-02	9.71e-01	1.32e-03	0.00e+00	0.00e+00	0.00e+00	0.00e+00	0.00e+00	9.89e-05	5.25e-05	1.76e-05
 2.43136e+16	1.93e-04	2.89e-02	9.70e-01	1.25e-03	0.00e+00	0.00e+00	0.00e+00	0.00e+00	0.00e+00	1.12e-04	5.95e-05	2.00e-05
 2.43984e+16	2.21e-04	3.09e-02	9.68e-01	1.18e-03	0.00e+00	0.00e+00	0.00e+00	0.00e+00	0.00e+00	1.28e-04	6.80e-05	2.29e-05
 2.44922e+16	2.56e-04	3.34e-02	9.65e-01	1.10e-03	0.00e+00	0.00e+00	0.00e+00	0.00e+00	0.00e+00	1.49e-04	7.88e-05	2.65e-05
 2.45773e+16	2.93e-04	3.58e-02	9.63e-01	1.03e-03	0.00e+00	0.00e+00	0.00e+00	0.00e+00	0.00e+00	1.70e-04	9.03e-05	3.04e-05
 2.46533e+16	3.33e-04	3.82e-02	9.60e-01	9.71e-04	0.00e+00	0.00e+00	0.00e+00	0.00e+00	0.00e+00	1.94e-04	1.03e-04	3.45e-05
 2.47379e+16	3.86e-04	4.13e-02	9.57e-01	9.04e-04	0.00e+00	0.00e+00	0.00e+00	0.00e+00	0.00e+00	2.25e-04	1.19e-04	4.00e-05
 2.48264e+16	4.52e-04	4.49e-02	9.54e-01	8.38e-04	0.00e+00	0.00e+00	0.00e+00	0.00e+00	0.00e+00	2.63e-04	1.39e-04	4.68e-05
 2.48998e+16	5.18e-04	4.82e-02	9.50e-01	7.85e-04	0.00e+00	0.00e+00	0.00e+00	0.00e+00	0.00e+00	3.01e-04	1.59e-04	5.36e-05
 2.49636e+16	5.85e-04	5.15e-02	9.47e-01	7.39e-04	0.00e+00	0.00e+00	0.00e+00	0.00e+00	0.00e+00	3.40e-04	1.80e-04	6.06e-05
 2.50351e+16	6.76e-04	5.56e-02	9.43e-01	6.87e-04	0.00e+00	0.00e+00	0.00e+00	0.00e+00	0.00e+00	3.93e-04	2.08e-04	7.00e-05
 2.51119e+16	7.90e-04	6.04e-02	9.38e-01	6.31e-04	0.00e+00	0.00e+00	0.00e+00	0.00e+00	0.00e+00	4.60e-04	2.43e-04	8.18e-05
