#depth	C	C+	C+2	C+3	C+4	C+5	C+6	C[1]	C[2]	C[3]	C+[1]	C+[2]	CO
 1.49634e+10	0.00e+00	7.68e-32	3.31e-22	3.26e-13	1.68e-03	7.51e-01	2.47e-01	0.00e+00	0.00e+00	0.00e+00	0.00e+00	0.00e+00	4.48e-274
 4.54887e+10	3.46e-42	1.09e-31	4.32e-22	3.92e-13	1.87e-03	7.66e-01	2.32e-01	0.00e+00	0.00e+00	0.00e+00	0.00e+00	0.00e+00	1.54e-135
 7.72350e+10	0.00e+00	1.54e-31	5.64e-22	4.72e-13	2.07e-03	7.80e-01	2.18e-01	0.00e+00	0.00e+00	0.00e+00	0.00e+00	0.00e+00	5.64e-228
 1.10251e+11	8.13e-42	2.17e-31	7.36e-22	5.68e-13	2.30e-03	7.93e-01	2.05e-01	0.00e+00	0.00e+00	0.00e+00	0.00e+00	0.00e+00	1.51e-134
 1.44588e+11	0.00e+00	3.07e-31	9.60e-22	6.83e-13	2.55e-03	8.06e-01	1.92e-01	0.00e+00	0.00e+00	0.00e+00	0.00e+00	0.00e+00	1.35e-204
 1.80298e+11	1.91e-41	4.34e-31	1.25e-21	8.21e-13	2.82e-03	8.18e-01	1.80e-01	0.00e+00	0.00e+00	0.00e+00	0.00e+00	0.00e+00	1.50e-133
 2.17437e+11	0.00e+00	6.14e-31	1.63e-21	9.86e-13	3.12e-03	8.29e-01	1.68e-01	0.00e+00	0.00e+00	0.00e+00	0.00e+00	0.00e+00	0.00e+00
 2.56061e+11	4.50e-41	8.69e-31	2.13e-21	1.18e-12	3.46e-03	8.40e-01	1.57e-01	0.00e+00	0.00e+00	0.00e+00	0.00e+00	0.00e+00	1.49e-132
 2.96231e+11	0.00e+00	1.23e-30	2.78e-21	1.42e-12	3.83e-03	8.50e-01	1.46e-01	0.00e+00	0.00e+00	0.00e+00	0.00e+00	0.00e+00	0.00e+00
 3.38007e+11	1.06e-40	1.74e-30	3.62e-21	1.71e-12	4.23e-03	8.60e-01	1.36e-01	0.00e+00	0.00e+00	0.00e+00	0.00e+00	0.00e+00	1.48e-131
 3.81454e+11	0.00e+00	2.46e-30	4.73e-21	2.05e-12	4.68e-03	8.69e-01	1.27e-01	0.00e+00	0.00e+00	0.00e+00	0.00e+00	0.00e+00	0.00e+00
 4.22309e+11	2.41e-40	3.38e-30	6.01e-21	2.43e-12	5.13e-03	8.76e-01	1.19e-01	0.00e+00	0.00e+00	0.00e+00	0.00e+00	0.00e+00	1.34e-130
 4.58844e+11	0.00e+00	4.43e-30	7.41e-21	2.80e-12	5.55e-03	8.82e-01	1.12e-01	0.00e+00	0.00e+00	0.00e+00	0.00e+00	0.00e+00	0.00e+00
 4.99848e+11	4.88e-40	5.98e-30	9.30e-21	3.27e-12	6.04e-03	8.89e-01	1.05e-01	0.00e+00	0.00e+00	0.00e+00	0.00e+00	0.00e+00	8.86e-130
 5.48448e+11	0.00e+00	8.41e-30	1.21e-20	3.92e-12	6.66e-03	8.96e-01	9.77e-02	0.00e+00	0.00e+00	0.00e+00	0.00e+00	0.00e+00	0.00e+00
 5.97079e+11	1.12e-39	1.17e-29	1.55e-20	4.66e-12	7.32e-03	9.02e-01	9.10e-02	0.00e+00	0.00e+00	0.00e+00	0.00e+00	0.00e+00	8.16e-129
 6.42717e+11	0.00e+00	1.57e-29	1.95e-20	5.44e-12	7.96e-03	9.07e-01	8.53e-02	0.00e+00	0.00e+00	0.00e+00	0.00e+00	0.00e+00	0.00e+00
 6.93413e+11	2.40e-39	2.17e-29	2.49e-20	6.44e-12	8.72e-03	9.12e-01	7.94e-02	0.00e+00	0.00e+00	0.00e+00	0.00e+00	0.00e+00	6.36e-128
 7.51077e+11	0.00e+00	3.09e-29	3.26e-20	7.74e-12	9.64e-03	9.17e-01	7.34e-02	0.00e+00	0.00e+00	0.00e+00	0.00e+00	0.00e+00	0.00e+00
 8.08484e+11	5.66e-39	4.34e-29	4.23e-20	9.25e-12	1.06e-02	9.21e-01	6.80e-02	0.00e+00	0.00e+00	0.00e+00	0.00e+00	0.00e+00	6.28e-127
 8.68188e+11	0.00e+00	6.08e-29	5.47e-20	1.10e-11	1.17e-02	9.25e-01	6.30e-02	0.00e+00	0.00e+00	0.00e+00	0.00e+00	0.00e+00	0.00e+00
 9.32842e+11	1.34e-38	8.69e-29	7.19e-20	1.33e-11	1.29e-02	9.29e-01	5.81e-02	0.00e+00	0.00e+00	0.00e+00	0.00e+00	0.00e+00	6.26e-126
 1.00008e+12	0.00e+00	1.24e-28	9.43e-20	1.60e-11	1.42e-02	9.32e-01	5.35e-02	0.00e+00	0.00e+00	0.00e+00	0.00e+00	0.00e+00	0.00e+00
 1.06344e+12	3.10e-38	1.71e-28	1.21e-19	1.90e-11	1.56e-02	9.35e-01	4.97e-02	0.00e+00	0.00e+00	0.00e+00	0.00e+00	0.00e+00	5.91e-125
 1.12033e+12	0.00e+00	2.27e-28	1.50e-19	2.20e-11	1.68e-02	9.37e-01	4.65e-02	0.00e+00	0.00e+00	0.00e+00	0.00e+00	0.00e+00	0.00e+00
 1.18432e+12	6.44e-38	3.09e-28	1.89e-19	2.58e-11	1.83e-02	9.38e-01	4.32e-02	0.00e+00	0.00e+00	0.00e+00	0.00e+00	0.00e+00	4.14e-124
 1.25986e+12	0.00e+00	4.38e-28	2.47e-19	3.09e-11	2.02e-02	9.40e-01	3.98e-02	0.00e+00	0.00e+00	0.00e+00	0.00e+00	0.00e+00	0.00e+00
 1.33542e+12	1.51e-37	6.15e-28	3.20e-19	3.69e-11	2.22e-02	9.41e-01	3.67e-02	0.00e+00	0.00e+00	0.00e+00	0.00e+00	0.00e+00	4.00e-123
 1.40657e+12	0.00e+00	8.41e-28	4.07e-19	4.34e-11	2.41e-02	9.42e-01	3.41e-02	0.00e+00	0.00e+00	0.00e+00	0.00e+00	0.00e+00	0.00e+00
 1.48532e+12	3.33e-37	1.17e-27	5.22e-19	5.15e-11	2.64e-02	9.42e-01	3.15e-02	0.00e+00	0.00e+00	0.00e+00	0.00e+00	0.00e+00	3.29e-122
 1.57466e+12	0.00e+00	1.68e-27	6.89e-19	6.21e-11	2.91e-02	9.42e-01	2.88e-02	0.00e+00	0.00e+00	0.00e+00	0.00e+00	0.00e+00	0.00e+00
 1.66294e+12	8.05e-37	2.38e-27	9.00e-19	7.46e-11	3.20e-02	9.42e-01	2.64e-02	0.00e+00	0.00e+00	0.00e+00	0.00e+00	0.00e+00	3.41e-121
 1.74822e+12	0.00e+00	3.29e-27	1.15e-18	8.82e-11	3.49e-02	9.41e-01	2.44e-02	0.00e+00	0.00e+00	0.00e+00	0.00e+00	0.00e+00	0.00e+00
 1.84153e+12	1.83e-36	4.62e-27	1.50e-18	1.05e-10	3.83e-02	9.39e-01	2.24e-02	0.00e+00	0.00e+00	0.00e+00	0.00e+00	0.00e+00	3.02e-120
 1.94512e+12	0.00e+00	6.67e-27	1.98e-18	1.27e-10	4.22e-02	9.37e-01	2.04e-02	0.00e+00	0.00e+00	0.00e+00	0.00e+00	0.00e+00	0.00e+00
 2.05035e+12	4.49e-36	9.54e-27	2.60e-18	1.53e-10	4.64e-02	9.35e-01	1.87e-02	0.00e+00	0.00e+00	0.00e+00	0.00e+00	0.00e+00	3.24e-119
 2.15291e+12	0.00e+00	1.34e-26	3.37e-18	1.82e-10	5.08e-02	9.32e-01	1.71e-02	0.00e+00	0.00e+00	0.00e+00	0.00e+00	0.00e+00	0.00e+00
 2.26205e+12	1.04e-35	1.89e-26	4.39e-18	2.18e-10	5.56e-02	9.29e-01	1.56e-02	0.00e+00	0.00e+00	0.00e+00	0.00e+00	0.00e+00	3.02e-118
 2.38246e+12	0.00e+00	2.73e-26	5.81e-18	2.64e-10	6.12e-02	9.25e-01	1.42e-02	0.00e+00	0.00e+00	0.00e+00	0.00e+00	0.00e+00	0.00e+00
 2.50491e+12	2.56e-35	3.91e-26	7.66e-18	3.18e-10	6.72e-02	9.20e-01	1.29e-02	0.00e+00	0.00e+00	0.00e+00	0.00e+00	0.00e+00	3.25e-117
 2.63226e+12	0.00e+00	5.60e-26	1.01e-17	3.83e-10	7.37e-02	9.15e-01	1.17e-02	0.00e+00	0.00e+00	0.00e+00	0.00e+00	0.00e+00	0.00e+00
 2.76747e+12	6.30e-35	8.08e-26	1.34e-17	4.63e-10	8.10e-02	9.08e-01	1.06e-02	0.00e+00	0.00e+00	0.00e+00	0.00e+00	0.00e+00	3.49e-116
 2.90810e+12	9.90e-35	1.17e-25	1.77e-17	5.60e-10	8.90e-02	9.01e-01	9.58e-03	0.00e+00	0.00e+00	0.00e+00	0.00e+00	0.00e+00	2.41e-98
 3.03518e+12	1.47e-34	1.61e-25	2.27e-17	6.61e-10	9.65e-02	8.95e-01	8.76e-03	0.00e+00	0.00e+00	0.00e+00	0.00e+00	0.00e+00	0.00e+00
 3.14088e+12	2.02e-34	2.07e-25	2.76e-17	7.55e-10	1.03e-01	8.89e-01	8.14e-03	0.00e+00	0.00e+00	0.00e+00	0.00e+00	0.00e+00	7.56e-115
 3.25661e+12	2.82e-34	2.72e-25	3.40e-17	8.69e-10	1.10e-01	8.82e-01	7.53e-03	0.00e+00	0.00e+00	0.00e+00	0.00e+00	0.00e+00	2.51e-97
 3.40342e+12	4.26e-34	3.80e-25	4.40e-17	1.03e-09	1.20e-01	8.73e-01	6.83e-03	0.00e+00	0.00e+00	0.00e+00	0.00e+00	0.00e+00	5.29e-283
 3.55663e+12	6.44e-34	5.31e-25	5.69e-17	1.23e-09	1.30e-01	8.64e-01	6.19e-03	0.00e+00	0.00e+00	0.00e+00	0.00e+00	0.00e+00	1.63e-113
 3.69209e+12	9.14e-34	7.06e-25	7.09e-17	1.42e-09	1.40e-01	8.55e-01	5.68e-03	0.00e+00	0.00e+00	0.00e+00	0.00e+00	0.00e+00	3.45e-96
 3.81850e+12	1.25e-33	9.13e-25	8.64e-17	1.62e-09	1.48e-01	8.46e-01	5.25e-03	0.00e+00	0.00e+00	0.00e+00	0.00e+00	0.00e+00	0.00e+00
 3.96282e+12	1.78e-33	1.21e-24	1.07e-16	1.88e-09	1.59e-01	8.36e-01	4.81e-03	0.00e+00	0.00e+00	0.00e+00	0.00e+00	0.00e+00	2.42e-112
 4.14024e+12	2.68e-33	1.69e-24	1.39e-16	2.23e-09	1.72e-01	8.24e-01	4.33e-03	0.00e+00	0.00e+00	0.00e+00	0.00e+00	0.00e+00	3.80e-95
 4.31702e+12	3.97e-33	2.33e-24	1.78e-16	2.63e-09	1.86e-01	8.10e-01	3.91e-03	0.00e+00	0.00e+00	0.00e+00	0.00e+00	0.00e+00	2.07e-111
 4.47052e+12	5.51e-33	3.03e-24	2.18e-16	3.02e-09	1.98e-01	7.99e-01	3.58e-03	0.00e+00	0.00e+00	0.00e+00	0.00e+00	0.00e+00	1.89e-94
 4.63746e+12	7.75e-33	4.00e-24	2.71e-16	3.48e-09	2.11e-01	7.86e-01	3.27e-03	0.00e+00	0.00e+00	0.00e+00	0.00e+00	0.00e+00	1.25e-110
 4.84142e+12	1.16e-32	5.54e-24	3.48e-16	4.11e-09	2.27e-01	7.70e-01	2.93e-03	0.00e+00	0.00e+00	0.00e+00	0.00e+00	0.00e+00	9.97e-94
 5.04979e+12	1.71e-32	7.60e-24	4.45e-16	4.84e-09	2.43e-01	7.54e-01	2.62e-03	0.00e+00	0.00e+00	0.00e+00	0.00e+00	0.00e+00	1.05e-109
 5.24102e+12	2.41e-32	1.00e-23	5.51e-16	5.57e-09	2.59e-01	7.39e-01	2.37e-03	0.00e+00	0.00e+00	0.00e+00	0.00e+00	0.00e+00	5.17e-93
 5.45368e+12	3.47e-32	1.35e-23	6.91e-16	6.48e-09	2.76e-01	7.22e-01	2.13e-03	0.00e+00	0.00e+00	0.00e+00	0.00e+00	0.00e+00	7.20e-109
 5.70032e+12	5.19e-32	1.87e-23	8.90e-16	7.64e-09	2.96e-01	7.02e-01	1.89e-03	0.00e+00	0.00e+00	0.00e+00	0.00e+00	0.00e+00	2.92e-92
 5.94360e+12	7.58e-32	2.54e-23	1.13e-15	8.92e-09	3.15e-01	6.83e-01	1.68e-03	0.00e+00	0.00e+00	0.00e+00	0.00e+00	0.00e+00	6.16e-108
 6.17645e+12	1.07e-31	3.36e-23	1.40e-15	1.03e-08	3.34e-01	6.65e-01	1.51e-03	0.00e+00	0.00e+00	0.00e+00	0.00e+00	0.00e+00	1.52e-91
 6.43326e+12	1.54e-31	4.50e-23	1.75e-15	1.19e-08	3.54e-01	6.45e-01	1.34e-03	0.00e+00	0.00e+00	0.00e+00	0.00e+00	0.00e+00	4.40e-107
 6.72052e+12	2.27e-31	6.16e-23	2.22e-15	1.39e-08	3.76e-01	6.23e-01	1.18e-03	0.00e+00	0.00e+00	0.00e+00	0.00e+00	0.00e+00	8.50e-91
 6.98159e+12	3.18e-31	8.08e-23	2.74e-15	1.59e-08	3.96e-01	6.03e-01	1.06e-03	0.00e+00	0.00e+00	0.00e+00	0.00e+00	0.00e+00	3.34e-106
 7.20119e+12	4.17e-31	1.00e-22	3.23e-15	1.76e-08	4.12e-01	5.87e-01	9.65e-04	0.00e+00	0.00e+00	0.00e+00	0.00e+00	0.00e+00	3.46e-90
 7.44262e+12	5.55e-31	1.27e-22	3.85e-15	1.97e-08	4.29e-01	5.70e-01	8.73e-04	0.00e+00	0.00e+00	0.00e+00	0.00e+00	0.00e+00	1.63e-105
 7.71512e+12	7.58e-31	1.63e-22	4.66e-15	2.23e-08	4.49e-01	5.51e-01	7.82e-04	0.00e+00	0.00e+00	0.00e+00	0.00e+00	0.00e+00	1.40e-89
 7.97596e+12	1.01e-30	2.05e-22	5.55e-15	2.49e-08	4.66e-01	5.33e-01	7.06e-04	0.00e+00	0.00e+00	0.00e+00	0.00e+00	0.00e+00	8.97e-105
 8.26302e+12	1.37e-30	2.61e-22	6.67e-15	2.80e-08	4.85e-01	5.14e-01	6.32e-04	0.00e+00	0.00e+00	0.00e+00	0.00e+00	0.00e+00	5.61e-89
 8.58189e+12	1.89e-30	3.38e-22	8.11e-15	3.16e-08	5.06e-01	4.94e-01	5.60e-04	0.00e+00	0.00e+00	0.00e+00	0.00e+00	0.00e+00	5.45e-104
 8.88071e+12	2.52e-30	4.26e-22	9.66e-15	3.52e-08	5.24e-01	4.75e-01	5.02e-04	0.00e+00	0.00e+00	0.00e+00	0.00e+00	0.00e+00	2.40e-88
 9.20776e+12	3.42e-30	5.43e-22	1.16e-14	3.95e-08	5.43e-01	4.56e-01	4.47e-04	0.00e+00	0.00e+00	0.00e+00	0.00e+00	0.00e+00	3.08e-103
 9.57555e+12	4.75e-30	7.05e-22	1.41e-14	4.46e-08	5.64e-01	4.35e-01	3.93e-04	0.00e+00	0.00e+00	0.00e+00	0.00e+00	0.00e+00	1.09e-87
 9.92683e+12	6.41e-30	8.95e-22	1.69e-14	4.97e-08	5.83e-01	4.17e-01	3.49e-04	0.00e+00	0.00e+00	0.00e+00	0.00e+00	0.00e+00	1.95e-102
 1.03120e+13	8.78e-30	1.15e-21	2.03e-14	5.57e-08	6.02e-01	3.97e-01	3.07e-04	0.00e+00	0.00e+00	0.00e+00	0.00e+00	0.00e+00	4.86e-87
 1.07204e+13	1.21e-29	1.48e-21	2.46e-14	6.25e-08	6.22e-01	3.78e-01	2.69e-04	0.00e+00	0.00e+00	0.00e+00	0.00e+00	0.00e+00	1.29e-101
 1.10777e+13	1.58e-29	1.83e-21	2.88e-14	6.88e-08	6.38e-01	3.61e-01	2.40e-04	0.00e+00	0.00e+00	0.00e+00	0.00e+00	0.00e+00	2.05e-86
 1.14591e+13	2.09e-29	2.28e-21	3.38e-14	7.58e-08	6.55e-01	3.45e-01	2.14e-04	0.00e+00	0.00e+00	0.00e+00	0.00e+00	0.00e+00	6.63e-101
 1.19231e+13	2.88e-29	2.95e-21	4.09e-14	8.48e-08	6.74e-01	3.26e-01	1.86e-04	0.00e+00	0.00e+00	0.00e+00	0.00e+00	0.00e+00	8.99e-86
 1.23852e+13	3.92e-29	3.76e-21	4.89e-14	9.43e-08	6.91e-01	3.09e-01	1.63e-04	0.00e+00	0.00e+00	0.00e+00	0.00e+00	0.00e+00	4.47e-100
 1.27929e+13	5.09e-29	4.61e-21	5.68e-14	1.03e-07	7.05e-01	2.94e-01	1.45e-04	0.00e+00	0.00e+00	0.00e+00	0.00e+00	0.00e+00	3.70e-85
 1.32391e+13	6.71e-29	5.73e-21	6.66e-14	1.13e-07	7.20e-01	2.80e-01	1.28e-04	0.00e+00	0.00e+00	0.00e+00	0.00e+00	0.00e+00	2.30e-99
 1.37760e+13	9.23e-29	7.36e-21	7.99e-14	1.26e-07	7.37e-01	2.63e-01	1.11e-04	0.00e+00	0.00e+00	0.00e+00	0.00e+00	0.00e+00	1.64e-84
 1.43134e+13	1.25e-28	9.34e-21	9.52e-14	1.39e-07	7.52e-01	2.48e-01	9.65e-05	0.00e+00	0.00e+00	0.00e+00	0.00e+00	0.00e+00	1.56e-98
 1.48019e+13	1.64e-28	1.15e-20	1.11e-13	1.52e-07	7.65e-01	2.35e-01	8.54e-05	0.00e+00	0.00e+00	0.00e+00	0.00e+00	0.00e+00	6.97e-84
 1.53448e+13	2.18e-28	1.44e-20	1.30e-13	1.67e-07	7.78e-01	2.22e-01	7.48e-05	0.00e+00	0.00e+00	0.00e+00	0.00e+00	0.00e+00	8.64e-98
 1.59797e+13	3.00e-28	1.85e-20	1.56e-13	1.85e-07	7.93e-01	2.07e-01	6.43e-05	0.00e+00	0.00e+00	0.00e+00	0.00e+00	0.00e+00	3.27e-83
 1.66064e+13	4.06e-28	2.34e-20	1.85e-13	2.04e-07	8.05e-01	1.94e-01	5.57e-05	0.00e+00	0.00e+00	0.00e+00	0.00e+00	0.00e+00	6.03e-97
 1.71983e+13	5.35e-28	2.90e-20	2.16e-13	2.22e-07	8.17e-01	1.83e-01	4.88e-05	0.00e+00	0.00e+00	0.00e+00	0.00e+00	0.00e+00	1.44e-82
 1.78565e+13	7.19e-28	3.65e-20	2.54e-13	2.44e-07	8.28e-01	1.72e-01	4.24e-05	0.00e+00	0.00e+00	0.00e+00	0.00e+00	0.00e+00	3.61e-96
 1.86007e+13	9.90e-28	4.68e-20	3.04e-13	2.69e-07	8.40e-01	1.60e-01	3.63e-05	0.00e+00	0.00e+00	0.00e+00	0.00e+00	0.00e+00	7.09e-82
 1.93481e+13	1.35e-27	5.94e-20	3.60e-13	2.96e-07	8.50e-01	1.49e-01	3.12e-05	0.00e+00	0.00e+00	0.00e+00	0.00e+00	0.00e+00	2.62e-95
 2.01255e+13	1.83e-27	7.54e-20	4.26e-13	3.25e-07	8.61e-01	1.39e-01	2.69e-05	0.00e+00	0.00e+00	0.00e+00	0.00e+00	0.00e+00	3.54e-81
 2.09604e+13	2.52e-27	9.64e-20	5.07e-13	3.58e-07	8.70e-01	1.30e-01	2.30e-05	0.00e+00	0.00e+00	0.00e+00	0.00e+00	0.00e+00	1.90e-94
 2.18287e+13	3.46e-27	1.23e-19	6.02e-13	3.93e-07	8.79e-01	1.21e-01	1.97e-05	0.00e+00	0.00e+00	0.00e+00	0.00e+00	0.00e+00	1.86e-80
 2.26834e+13	4.67e-27	1.55e-19	7.08e-13	4.29e-07	8.88e-01	1.12e-01	1.69e-05	0.00e+00	0.00e+00	0.00e+00	0.00e+00	0.00e+00	1.35e-93
 2.34783e+13	6.10e-27	1.90e-19	8.19e-13	4.65e-07	8.94e-01	1.06e-01	1.48e-05	0.00e+00	0.00e+00	0.00e+00	0.00e+00	0.00e+00	8.31e-80
 2.41956e+13	7.72e-27	2.28e-19	9.29e-13	4.97e-07	9.00e-01	9.98e-02	1.32e-05	0.00e+00	0.00e+00	0.00e+00	0.00e+00	0.00e+00	6.74e-93
 2.49647e+13	9.85e-27	2.75e-19	1.06e-12	5.33e-07	9.06e-01	9.42e-02	1.17e-05	0.00e+00	0.00e+00	0.00e+00	0.00e+00	0.00e+00	2.95e-79
 2.59224e+13	1.32e-26	3.44e-19	1.24e-12	5.80e-07	9.12e-01	8.79e-02	1.01e-05	0.00e+00	0.00e+00	0.00e+00	0.00e+00	0.00e+00	3.77e-92
 2.68826e+13	1.75e-26	4.28e-19	1.44e-12	6.29e-07	9.18e-01	8.21e-02	8.75e-06	0.00e+00	0.00e+00	0.00e+00	0.00e+00	0.00e+00	1.37e-78
 2.77080e+13	2.22e-26	5.12e-19	1.63e-12	6.72e-07	9.22e-01	7.76e-02	7.78e-06	0.00e+00	0.00e+00	0.00e+00	0.00e+00	0.00e+00	2.00e-91
 2.86007e+13	2.84e-26	6.19e-19	1.86e-12	7.20e-07	9.27e-01	7.31e-02	6.88e-06	0.00e+00	0.00e+00	0.00e+00	0.00e+00	0.00e+00	4.99e-78
 2.97024e+13	3.82e-26	7.75e-19	2.17e-12	7.82e-07	9.32e-01	6.81e-02	5.93e-06	0.00e+00	0.00e+00	0.00e+00	0.00e+00	0.00e+00	1.14e-90
 3.08040e+13	5.07e-26	9.62e-19	2.52e-12	8.46e-07	9.36e-01	6.35e-02	5.14e-06	0.00e+00	0.00e+00	0.00e+00	0.00e+00	0.00e+00	2.35e-77
 3.17555e+13	6.44e-26	1.15e-18	2.86e-12	9.03e-07	9.40e-01	6.00e-02	4.57e-06	0.00e+00	0.00e+00	0.00e+00	0.00e+00	0.00e+00	6.15e-90
 3.27835e+13	8.26e-26	1.39e-18	3.25e-12	9.66e-07	9.44e-01	5.65e-02	4.04e-06	0.00e+00	0.00e+00	0.00e+00	0.00e+00	0.00e+00	8.76e-77
 3.40468e+13	1.11e-25	1.74e-18	3.79e-12	1.05e-06	9.47e-01	5.25e-02	3.48e-06	0.00e+00	0.00e+00	0.00e+00	0.00e+00	0.00e+00	1.94e-76
 3.53214e+13	1.48e-25	2.17e-18	4.40e-12	1.13e-06	9.51e-01	4.90e-02	3.01e-06	0.00e+00	0.00e+00	0.00e+00	0.00e+00	0.00e+00	4.22e-76
 3.64509e+13	1.90e-25	2.62e-18	5.00e-12	1.21e-06	9.54e-01	4.61e-02	2.67e-06	0.00e+00	0.00e+00	0.00e+00	0.00e+00	0.00e+00	8.26e-76
 3.76864e+13	2.46e-25	3.19e-18	5.72e-12	1.30e-06	9.57e-01	4.33e-02	2.34e-06	0.00e+00	0.00e+00	0.00e+00	0.00e+00	0.00e+00	1.68e-75
 3.91674e+13	3.33e-25	4.01e-18	6.69e-12	1.41e-06	9.60e-01	4.02e-02	2.01e-06	0.00e+00	0.00e+00	0.00e+00	0.00e+00	0.00e+00	3.80e-75
 4.06428e+13	4.45e-25	4.99e-18	7.76e-12	1.52e-06	9.63e-01	3.74e-02	1.74e-06	0.00e+00	0.00e+00	0.00e+00	0.00e+00	0.00e+00	8.37e-75
 4.19870e+13	5.75e-25	6.06e-18	8.85e-12	1.62e-06	9.65e-01	3.52e-02	1.53e-06	0.00e+00	0.00e+00	0.00e+00	0.00e+00	0.00e+00	1.68e-74
 4.34857e+13	7.58e-25	7.46e-18	1.02e-11	1.74e-06	9.67e-01	3.29e-02	1.33e-06	0.00e+00	0.00e+00	0.00e+00	0.00e+00	0.00e+00	3.56e-74
 4.52343e+13	1.03e-24	9.43e-18	1.19e-11	1.89e-06	9.70e-01	3.05e-02	1.14e-06	0.00e+00	0.00e+00	0.00e+00	0.00e+00	0.00e+00	8.27e-74
 4.69575e+13	1.39e-24	1.18e-17	1.39e-11	2.04e-06	9.72e-01	2.83e-02	9.87e-07	0.00e+00	0.00e+00	0.00e+00	0.00e+00	0.00e+00	1.85e-73
 4.85888e+13	1.82e-24	1.44e-17	1.59e-11	2.19e-06	9.73e-01	2.65e-02	0.00e+00	0.00e+00	0.00e+00	0.00e+00	0.00e+00	0.00e+00	3.85e-73
 5.04015e+13	2.42e-24	1.79e-17	1.84e-11	2.36e-06	9.75e-01	2.47e-02	0.00e+00	0.00e+00	0.00e+00	0.00e+00	0.00e+00	0.00e+00	8.46e-73
 5.24475e+13	3.32e-24	2.27e-17	2.16e-11	2.56e-06	9.77e-01	2.29e-02	0.00e+00	0.00e+00	0.00e+00	0.00e+00	0.00e+00	0.00e+00	1.99e-72
 5.45034e+13	4.49e-24	2.85e-17	2.52e-11	2.77e-06	9.79e-01	2.12e-02	0.00e+00	0.00e+00	0.00e+00	0.00e+00	0.00e+00	0.00e+00	4.56e-72
 5.66415e+13	6.08e-24	3.59e-17	2.94e-11	2.99e-06	9.80e-01	1.97e-02	0.00e+00	0.00e+00	0.00e+00	0.00e+00	0.00e+00	0.00e+00	1.04e-71
 5.89371e+13	8.32e-24	4.54e-17	3.44e-11	3.25e-06	9.82e-01	1.82e-02	0.00e+00	0.00e+00	0.00e+00	0.00e+00	1.45e-17	3.09e-17	2.45e-71
 6.11608e+13	1.11e-23	5.66e-17	3.99e-11	3.50e-06	9.83e-01	1.69e-02	0.00e+00	0.00e+00	0.00e+00	0.00e+00	1.88e-17	3.78e-17	5.45e-71
 6.32535e+13	1.45e-23	6.91e-17	4.57e-11	3.75e-06	9.84e-01	1.58e-02	0.00e+00	0.00e+00	0.00e+00	0.00e+00	2.29e-17	4.62e-17	1.12e-70
 6.55936e+13	1.93e-23	8.58e-17	5.28e-11	4.03e-06	9.85e-01	1.47e-02	0.00e+00	0.00e+00	0.00e+00	0.00e+00	2.85e-17	5.73e-17	2.46e-70
 6.79518e+13	2.55e-23	1.06e-16	6.08e-11	4.33e-06	9.86e-01	1.37e-02	0.00e+00	0.00e+00	0.00e+00	0.00e+00	3.51e-17	7.06e-17	5.24e-70
 6.99116e+13	3.19e-23	1.25e-16	6.82e-11	4.59e-06	9.87e-01	1.30e-02	0.00e+00	0.00e+00	0.00e+00	0.00e+00	4.16e-17	8.36e-17	9.68e-70
 7.19872e+13	4.02e-23	1.49e-16	7.66e-11	4.87e-06	9.88e-01	1.23e-02	0.00e+00	0.00e+00	0.00e+00	0.00e+00	4.94e-17	9.95e-17	1.81e-69
 7.46386e+13	5.34e-23	1.85e-16	8.86e-11	5.24e-06	9.89e-01	1.14e-02	0.00e+00	0.00e+00	0.00e+00	0.00e+00	6.12e-17	1.23e-16	3.94e-69
 7.74188e+13	7.12e-23	2.29e-16	1.03e-10	5.65e-06	9.89e-01	1.06e-02	0.00e+00	0.00e+00	0.00e+00	0.00e+00	7.61e-17	1.53e-16	8.70e-69
 7.98796e+13	9.11e-23	2.76e-16	1.16e-10	6.02e-06	9.90e-01	9.96e-03	0.00e+00	0.00e+00	0.00e+00	0.00e+00	9.16e-17	1.84e-16	1.69e-68
 8.25449e+13	1.18e-22	3.35e-16	1.33e-10	6.44e-06	9.91e-01	9.33e-03	0.00e+00	0.00e+00	0.00e+00	0.00e+00	1.11e-16	2.24e-16	3.41e-68
 8.57474e+13	1.59e-22	4.20e-16	1.55e-10	6.97e-06	9.91e-01	8.64e-03	0.00e+00	0.00e+00	0.00e+00	0.00e+00	1.39e-16	2.81e-16	7.67e-68
 8.89913e+13	2.12e-22	5.24e-16	1.80e-10	7.52e-06	9.92e-01	8.02e-03	0.00e+00	0.00e+00	0.00e+00	0.00e+00	1.74e-16	3.50e-16	1.69e-67
 9.20325e+13	2.76e-22	6.39e-16	2.06e-10	8.05e-06	9.92e-01	7.49e-03	0.00e+00	0.00e+00	0.00e+00	0.00e+00	2.12e-16	4.27e-16	3.47e-67
 9.54112e+13	3.66e-22	7.91e-16	2.38e-10	8.67e-06	9.93e-01	6.96e-03	0.00e+00	0.00e+00	0.00e+00	0.00e+00	2.62e-16	5.29e-16	7.47e-67
 9.89889e+13	4.89e-22	9.84e-16	2.76e-10	9.36e-06	9.94e-01	6.46e-03	0.00e+00	0.00e+00	0.00e+00	0.00e+00	3.26e-16	6.58e-16	1.64e-66
 1.02170e+14	6.26e-22	1.19e-15	3.13e-10	9.99e-06	9.94e-01	6.06e-03	0.00e+00	0.00e+00	0.00e+00	0.00e+00	3.94e-16	7.93e-16	3.21e-66
 1.05594e+14	8.10e-22	1.44e-15	3.58e-10	1.07e-05	9.94e-01	5.67e-03	0.00e+00	0.00e+00	0.00e+00	0.00e+00	4.79e-16	9.64e-16	6.46e-66
 1.09695e+14	1.09e-21	1.81e-15	4.18e-10	1.16e-05	9.95e-01	5.24e-03	0.00e+00	0.00e+00	0.00e+00	0.00e+00	6.00e-16	1.21e-15	1.45e-65
 1.13731e+14	1.45e-21	2.24e-15	4.83e-10	1.25e-05	9.95e-01	4.87e-03	0.00e+00	0.00e+00	0.00e+00	0.00e+00	7.43e-16	1.50e-15	3.11e-65
 1.17328e+14	1.84e-21	2.69e-15	5.48e-10	1.33e-05	9.95e-01	4.57e-03	0.00e+00	0.00e+00	0.00e+00	0.00e+00	8.93e-16	1.80e-15	6.04e-65
 1.21299e+14	2.39e-21	3.28e-15	6.27e-10	1.43e-05	9.96e-01	4.27e-03	0.00e+00	0.00e+00	0.00e+00	0.00e+00	1.09e-15	2.19e-15	1.22e-64
 1.26030e+14	3.22e-21	4.11e-15	7.32e-10	1.54e-05	9.96e-01	3.95e-03	0.00e+00	0.00e+00	0.00e+00	0.00e+00	1.36e-15	2.75e-15	2.74e-64
 1.30724e+14	4.28e-21	5.11e-15	8.49e-10	1.66e-05	9.96e-01	3.66e-03	0.00e+00	0.00e+00	0.00e+00	0.00e+00	1.69e-15	3.41e-15	5.95e-64
 1.35019e+14	5.51e-21	6.18e-15	9.68e-10	1.78e-05	9.97e-01	3.43e-03	0.00e+00	0.00e+00	0.00e+00	0.00e+00	2.05e-15	4.13e-15	1.18e-63
 1.39818e+14	7.23e-21	7.60e-15	1.11e-09	1.91e-05	9.97e-01	3.19e-03	0.00e+00	0.00e+00	0.00e+00	0.00e+00	2.52e-15	5.08e-15	2.47e-63
 1.45397e+14	9.81e-21	9.57e-15	1.31e-09	2.08e-05	9.97e-01	2.94e-03	0.00e+00	0.00e+00	0.00e+00	0.00e+00	3.17e-15	6.40e-15	5.66e-63
 1.50873e+14	1.31e-20	1.19e-14	1.52e-09	2.24e-05	9.97e-01	2.73e-03	0.00e+00	0.00e+00	0.00e+00	0.00e+00	3.95e-15	7.97e-15	1.24e-62
 1.56060e+14	1.70e-20	1.45e-14	1.74e-09	2.40e-05	9.97e-01	2.55e-03	0.00e+00	0.00e+00	0.00e+00	0.00e+00	4.82e-15	9.73e-15	2.54e-62
 1.61823e+14	2.26e-20	1.80e-14	2.01e-09	2.59e-05	9.98e-01	2.36e-03	0.00e+00	0.00e+00	0.00e+00	0.00e+00	5.97e-15	1.21e-14	5.48e-62
 1.68326e+14	3.07e-20	2.27e-14	2.36e-09	2.81e-05	9.98e-01	2.18e-03	0.00e+00	0.00e+00	0.00e+00	0.00e+00	7.53e-15	1.52e-14	1.26e-61
 1.74499e+14	4.07e-20	2.82e-14	2.73e-09	3.03e-05	9.98e-01	2.03e-03	0.00e+00	0.00e+00	0.00e+00	0.00e+00	9.32e-15	1.88e-14	2.72e-61
 1.80128e+14	5.21e-20	3.40e-14	3.10e-09	3.23e-05	9.98e-01	1.90e-03	0.00e+00	0.00e+00	0.00e+00	0.00e+00	1.12e-14	2.27e-14	5.35e-61
 1.86501e+14	6.83e-20	4.17e-14	3.56e-09	3.47e-05	9.98e-01	1.77e-03	0.00e+00	0.00e+00	0.00e+00	0.00e+00	1.38e-14	2.79e-14	1.12e-60
 1.93919e+14	9.26e-20	5.25e-14	4.17e-09	3.76e-05	9.98e-01	1.63e-03	0.00e+00	0.00e+00	0.00e+00	0.00e+00	1.74e-14	3.51e-14	2.57e-60
 2.01033e+14	1.23e-19	6.50e-14	4.82e-09	4.05e-05	9.98e-01	1.52e-03	0.00e+00	0.00e+00	0.00e+00	0.00e+00	2.15e-14	4.35e-14	5.56e-60
 2.06924e+14	1.54e-19	7.71e-14	5.41e-09	4.29e-05	9.99e-01	1.43e-03	0.00e+00	0.00e+00	0.00e+00	0.00e+00	2.55e-14	5.16e-14	1.03e-59
 2.12892e+14	1.92e-19	9.13e-14	6.07e-09	4.55e-05	9.99e-01	1.35e-03	0.00e+00	0.00e+00	0.00e+00	0.00e+00	3.02e-14	6.11e-14	1.89e-59
 2.20606e+14	2.54e-19	1.13e-13	7.00e-09	4.90e-05	9.99e-01	1.25e-03	0.00e+00	0.00e+00	0.00e+00	0.00e+00	3.73e-14	7.54e-14	4.05e-59
 2.28584e+14	3.36e-19	1.39e-13	8.07e-09	5.26e-05	9.99e-01	1.17e-03	0.00e+00	0.00e+00	0.00e+00	0.00e+00	4.60e-14	9.31e-14	8.69e-59
 2.35342e+14	4.22e-19	1.65e-13	9.07e-09	5.59e-05	9.99e-01	1.10e-03	0.00e+00	0.00e+00	0.00e+00	0.00e+00	5.46e-14	1.11e-13	1.62e-58
 2.42519e+14	5.34e-19	1.97e-13	1.02e-08	5.94e-05	9.99e-01	1.03e-03	0.00e+00	0.00e+00	0.00e+00	0.00e+00	6.53e-14	1.32e-13	3.10e-58
 2.51523e+14	7.10e-19	2.45e-13	1.19e-08	6.40e-05	9.99e-01	9.61e-04	0.00e+00	0.00e+00	0.00e+00	0.00e+00	8.09e-14	1.64e-13	6.77e-58
 2.60802e+14	9.43e-19	3.04e-13	1.37e-08	6.89e-05	9.99e-01	8.92e-04	0.00e+00	0.00e+00	0.00e+00	0.00e+00	1.00e-13	2.03e-13	1.48e-57
 2.68967e+14	1.20e-18	3.65e-13	1.55e-08	7.33e-05	9.99e-01	8.38e-04	0.00e+00	0.00e+00	0.00e+00	0.00e+00	1.20e-13	2.44e-13	2.87e-57
 2.77782e+14	1.55e-18	4.41e-13	1.77e-08	7.83e-05	9.99e-01	7.85e-04	0.00e+00	0.00e+00	0.00e+00	0.00e+00	1.46e-13	2.96e-13	5.75e-57
 2.88435e+14	2.08e-18	5.52e-13	2.05e-08	8.46e-05	9.99e-01	7.27e-04	0.00e+00	0.00e+00	0.00e+00	0.00e+00	1.82e-13	3.70e-13	1.29e-56
 2.99004e+14	2.76e-18	6.83e-13	2.37e-08	9.10e-05	9.99e-01	6.76e-04	0.00e+00	0.00e+00	0.00e+00	0.00e+00	2.25e-13	4.58e-13	2.81e-56
 3.08381e+14	3.51e-18	8.20e-13	2.69e-08	9.70e-05	9.99e-01	6.34e-04	0.00e+00	0.00e+00	0.00e+00	0.00e+00	2.71e-13	5.50e-13	5.47e-56
 3.18681e+14	4.54e-18	9.96e-13	3.07e-08	1.04e-04	9.99e-01	5.93e-04	0.00e+00	0.00e+00	0.00e+00	0.00e+00	3.29e-13	6.68e-13	1.11e-55
 3.31007e+14	6.11e-18	1.25e-12	3.57e-08	1.12e-04	9.99e-01	5.49e-04	0.00e+00	0.00e+00	0.00e+00	0.00e+00	4.11e-13	8.36e-13	2.50e-55
 3.43256e+14	8.12e-18	1.55e-12	4.13e-08	1.21e-04	9.99e-01	5.09e-04	0.00e+00	0.00e+00	0.00e+00	0.00e+00	5.10e-13	1.04e-12	5.49e-55
 3.54375e+14	1.04e-17	1.87e-12	4.70e-08	1.29e-04	9.99e-01	4.77e-04	0.00e+00	0.00e+00	0.00e+00	0.00e+00	6.15e-13	1.25e-12	1.09e-54
 3.66735e+14	1.36e-17	2.29e-12	5.39e-08	1.38e-04	9.99e-01	4.45e-04	0.00e+00	0.00e+00	0.00e+00	0.00e+00	7.53e-13	1.53e-12	2.27e-54
 3.81211e+14	1.83e-17	2.87e-12	6.30e-08	1.50e-04	9.99e-01	4.10e-04	0.00e+00	0.00e+00	0.00e+00	0.00e+00	9.44e-13	1.92e-12	5.13e-54
 3.95473e+14	2.44e-17	3.57e-12	7.30e-08	1.62e-04	9.99e-01	3.80e-04	0.00e+00	0.00e+00	0.00e+00	0.00e+00	1.17e-12	2.39e-12	1.14e-53
 4.08832e+14	3.15e-17	4.33e-12	8.35e-08	1.73e-04	9.99e-01	3.55e-04	0.00e+00	0.00e+00	0.00e+00	0.00e+00	1.42e-12	2.91e-12	2.31e-53
 4.23741e+14	4.16e-17	5.35e-12	9.65e-08	1.87e-04	9.99e-01	3.29e-04	0.00e+00	0.00e+00	0.00e+00	0.00e+00	1.76e-12	3.59e-12	4.97e-53
 4.40720e+14	5.63e-17	6.74e-12	1.13e-07	2.03e-04	9.99e-01	3.03e-04	0.00e+00	4.63e-18	1.39e-17	2.33e-17	2.21e-12	4.53e-12	1.14e-52
 4.57619e+14	7.50e-17	8.40e-12	1.32e-07	2.19e-04	1.00e+00	2.80e-04	0.00e+00	6.18e-18	1.86e-17	3.10e-17	2.76e-12	5.64e-12	2.53e-52
 4.75194e+14	1.00e-16	1.05e-11	1.53e-07	2.37e-04	1.00e+00	2.59e-04	0.00e+00	8.24e-18	2.47e-17	4.13e-17	3.43e-12	7.03e-12	5.61e-52
 4.93703e+14	1.34e-16	1.31e-11	1.79e-07	2.57e-04	1.00e+00	2.39e-04	0.00e+00	1.10e-17	3.31e-17	5.53e-17	4.29e-12	8.78e-12	1.25e-51
 5.09303e+14	1.69e-16	1.57e-11	2.03e-07	2.75e-04	1.00e+00	2.24e-04	0.00e+00	1.40e-17	4.19e-17	7.00e-17	5.13e-12	1.05e-11	2.42e-51
 5.21485e+14	2.02e-16	1.79e-11	2.24e-07	2.89e-04	9.99e-01	2.13e-04	0.00e+00	1.67e-17	5.00e-17	8.36e-17	5.88e-12	1.21e-11	3.95e-51
 5.34726e+14	2.44e-16	2.07e-11	2.48e-07	3.05e-04	9.99e-01	2.01e-04	0.00e+00	2.01e-17	6.04e-17	1.01e-16	6.80e-12	1.39e-11	6.65e-51
 5.51940e+14	3.09e-16	2.49e-11	2.82e-07	3.27e-04	9.99e-01	1.88e-04	0.00e+00	2.55e-17	7.65e-17	1.28e-16	8.16e-12	1.67e-11	1.28e-50
 5.70588e+14	3.95e-16	3.02e-11	3.23e-07	3.51e-04	9.99e-01	1.75e-04	0.00e+00	3.26e-17	9.80e-17	1.64e-16	9.88e-12	2.03e-11	2.56e-50
 5.87399e+14	4.89e-16	3.56e-11	3.63e-07	3.74e-04	9.99e-01	1.64e-04	0.00e+00	4.04e-17	1.21e-16	2.03e-16	1.17e-11	2.40e-11	4.66e-50
 6.05553e+14	6.12e-16	4.24e-11	4.11e-07	4.00e-04	9.99e-01	1.54e-04	0.00e+00	5.06e-17	1.52e-16	2.54e-16	1.39e-11	2.85e-11	8.71e-50
 6.28145e+14	8.00e-16	5.22e-11	4.78e-07	4.34e-04	9.99e-01	1.42e-04	0.00e+00	6.62e-17	1.99e-16	3.32e-16	1.71e-11	3.51e-11	1.85e-49
 6.50889e+14	1.04e-15	6.40e-11	5.53e-07	4.69e-04	9.99e-01	1.31e-04	0.00e+00	8.57e-17	2.58e-16	4.30e-16	2.09e-11	4.30e-11	3.84e-49
 6.70594e+14	1.29e-15	7.58e-11	6.24e-07	5.01e-04	9.99e-01	1.23e-04	0.00e+00	1.07e-16	3.20e-16	5.34e-16	2.48e-11	5.10e-11	7.08e-49
 6.91968e+14	1.60e-15	9.03e-11	7.10e-07	5.38e-04	9.99e-01	1.15e-04	0.00e+00	1.33e-16	4.00e-16	6.68e-16	2.95e-11	6.08e-11	1.33e-48
 7.18145e+14	2.09e-15	1.11e-10	8.27e-07	5.85e-04	9.99e-01	1.06e-04	0.00e+00	1.74e-16	5.22e-16	8.72e-16	3.64e-11	7.49e-11	2.84e-48
 7.44603e+14	2.70e-15	1.36e-10	9.59e-07	6.34e-04	9.99e-01	9.76e-05	0.00e+00	2.25e-16	6.75e-16	1.13e-15	4.46e-11	9.18e-11	5.93e-48
 7.68169e+14	3.36e-15	1.62e-10	1.09e-06	6.81e-04	9.99e-01	9.11e-05	0.00e+00	2.79e-16	8.39e-16	1.40e-15	5.30e-11	1.09e-10	1.11e-47
 7.93939e+14	4.23e-15	1.95e-10	1.25e-06	7.34e-04	9.99e-01	8.46e-05	0.00e+00	3.52e-16	1.06e-15	1.77e-15	6.37e-11	1.31e-10	2.17e-47
 8.24689e+14	5.50e-15	2.40e-10	1.46e-06	8.00e-04	9.99e-01	7.77e-05	0.00e+00	4.59e-16	1.38e-15	2.30e-15	7.85e-11	1.62e-10	4.69e-47
 8.55087e+14	7.06e-15	2.93e-10	1.69e-06	8.68e-04	9.99e-01	7.17e-05	0.00e+00	5.89e-16	1.77e-15	2.95e-15	9.59e-11	1.97e-10	9.75e-47
 8.82588e+14	8.75e-15	3.49e-10	1.92e-06	9.33e-04	9.99e-01	6.67e-05	0.00e+00	7.31e-16	2.20e-15	3.67e-15	1.14e-10	2.35e-10	1.85e-46
 9.13148e+14	1.10e-14	4.20e-10	2.20e-06	1.01e-03	9.99e-01	6.18e-05	0.00e+00	9.22e-16	2.77e-15	4.63e-15	1.37e-10	2.83e-10	3.68e-46
 9.49044e+14	1.43e-14	5.18e-10	2.58e-06	1.10e-03	9.99e-01	5.67e-05	0.00e+00	1.20e-15	3.59e-15	6.00e-15	1.69e-10	3.49e-10	8.02e-46
 9.84417e+14	1.83e-14	6.32e-10	2.99e-06	1.20e-03	9.99e-01	5.22e-05	0.00e+00	1.53e-15	4.60e-15	7.68e-15	2.07e-10	4.25e-10	1.69e-45
 1.01736e+15	2.27e-14	7.55e-10	3.42e-06	1.29e-03	9.99e-01	4.85e-05	0.00e+00	1.91e-15	5.73e-15	9.57e-15	2.47e-10	5.08e-10	3.29e-45
 1.05423e+15	2.88e-14	9.15e-10	3.95e-06	1.40e-03	9.99e-01	4.47e-05	0.00e+00	2.42e-15	7.26e-15	1.21e-14	2.99e-10	6.16e-10	6.78e-45
 1.09643e+15	3.73e-14	1.13e-09	4.62e-06	1.53e-03	9.98e-01	4.10e-05	0.00e+00	3.14e-15	9.42e-15	1.57e-14	3.70e-10	7.61e-10	1.51e-44
 1.13808e+15	4.76e-14	1.38e-09	5.37e-06	1.67e-03	9.98e-01	3.77e-05	0.00e+00	4.01e-15	1.20e-14	2.01e-14	4.52e-10	9.30e-10	3.24e-44
 1.18140e+15	5.85e-14	1.69e-09	6.25e-06	1.82e-03	9.98e-01	3.47e-05	0.00e+00	4.94e-15	1.48e-14	2.48e-14	5.53e-10	1.14e-09	6.88e-44
 1.22076e+15	7.20e-14	2.01e-09	7.13e-06	1.96e-03	9.98e-01	3.22e-05	0.00e+00	6.09e-15	1.83e-14	3.05e-14	6.60e-10	1.36e-09	1.35e-43
 1.25018e+15	8.37e-14	2.29e-09	7.84e-06	2.07e-03	9.98e-01	3.06e-05	0.00e+00	7.08e-15	2.13e-14	3.55e-14	7.50e-10	1.54e-09	2.19e-43
 1.28060e+15	9.75e-14	2.60e-09	8.64e-06	2.19e-03	9.98e-01	2.90e-05	0.00e+00	8.26e-15	2.48e-14	4.14e-14	8.53e-10	1.75e-09	3.60e-43
 1.32014e+15	1.18e-13	3.06e-09	9.76e-06	2.35e-03	9.98e-01	2.71e-05	0.00e+00	1.00e-14	3.01e-14	5.02e-14	1.00e-09	2.06e-09	6.74e-43
 1.36313e+15	1.45e-13	3.64e-09	1.11e-05	2.53e-03	9.97e-01	2.52e-05	0.00e+00	1.23e-14	3.69e-14	6.16e-14	1.19e-09	2.45e-09	1.33e-42
 1.40207e+15	1.72e-13	4.24e-09	1.24e-05	2.70e-03	9.97e-01	2.37e-05	0.00e+00	1.46e-14	4.40e-14	7.34e-14	1.39e-09	2.85e-09	2.38e-42
 1.44418e+15	2.07e-13	4.96e-09	1.40e-05	2.89e-03	9.97e-01	2.22e-05	0.00e+00	1.76e-14	5.30e-14	8.84e-14	1.63e-09	3.34e-09	4.46e-42
 1.49735e+15	2.60e-13	6.03e-09	1.62e-05	3.14e-03	9.97e-01	2.05e-05	0.00e+00	2.22e-14	6.66e-14	1.11e-13	1.98e-09	4.05e-09	9.68e-42
 1.55091e+15	3.23e-13	7.29e-09	1.86e-05	3.40e-03	9.97e-01	1.90e-05	0.00e+00	2.75e-14	8.27e-14	1.38e-13	2.39e-09	4.90e-09	2.05e-41
 1.59614e+15	3.86e-13	8.50e-09	2.08e-05	3.63e-03	9.96e-01	1.79e-05	0.00e+00	3.29e-14	9.89e-14	1.65e-13	2.79e-09	5.71e-09	3.78e-41
 1.64459e+15	4.64e-13	9.99e-09	2.35e-05	3.88e-03	9.96e-01	1.68e-05	0.00e+00	3.97e-14	1.19e-13	1.99e-13	3.28e-09	6.71e-09	7.18e-41
 1.70542e+15	5.80e-13	1.22e-08	2.72e-05	4.22e-03	9.96e-01	1.55e-05	0.00e+00	4.97e-14	1.49e-13	2.49e-13	4.00e-09	8.18e-09	1.57e-40
 1.76906e+15	7.25e-13	1.49e-08	3.14e-05	4.58e-03	9.95e-01	1.44e-05	0.00e+00	6.21e-14	1.87e-13	3.11e-13	4.88e-09	9.97e-09	3.46e-40
 1.82655e+15	8.80e-13	1.76e-08	3.57e-05	4.93e-03	9.95e-01	1.34e-05	0.00e+00	7.56e-14	2.27e-13	3.79e-13	5.80e-09	1.18e-08	6.87e-40
 1.88934e+15	1.08e-12	2.12e-08	4.08e-05	5.32e-03	9.95e-01	1.25e-05	0.00e+00	9.31e-14	2.79e-13	4.66e-13	6.97e-09	1.42e-08	1.41e-39
 1.96335e+15	1.37e-12	2.62e-08	4.76e-05	5.80e-03	9.94e-01	1.16e-05	0.00e+00	1.18e-13	3.53e-13	5.89e-13	8.62e-09	1.76e-08	3.23e-39
 2.03572e+15	1.69e-12	3.19e-08	5.50e-05	6.30e-03	9.94e-01	1.08e-05	0.00e+00	1.46e-13	4.38e-13	7.31e-13	1.05e-08	2.14e-08	7.05e-39
 2.10189e+15	2.06e-12	3.80e-08	6.24e-05	6.77e-03	9.93e-01	1.01e-05	0.00e+00	1.78e-13	5.33e-13	8.90e-13	1.25e-08	2.55e-08	1.40e-38
 2.17620e+15	2.54e-12	4.60e-08	7.17e-05	7.32e-03	9.93e-01	9.44e-06	0.00e+00	2.19e-13	6.58e-13	1.10e-12	1.52e-08	3.09e-08	2.97e-38
 2.26258e+15	3.21e-12	5.70e-08	8.38e-05	7.99e-03	9.92e-01	8.76e-06	0.00e+00	2.77e-13	8.32e-13	1.39e-12	1.88e-08	3.82e-08	6.86e-38
 2.34752e+15	3.99e-12	7.00e-08	9.71e-05	8.69e-03	9.91e-01	8.17e-06	0.00e+00	3.46e-13	1.04e-12	1.73e-12	2.31e-08	4.69e-08	1.51e-37
 2.42796e+15	4.87e-12	8.44e-08	1.11e-04	9.37e-03	9.91e-01	7.69e-06	0.00e+00	4.22e-13	1.27e-12	2.12e-12	2.78e-08	5.66e-08	3.11e-37
 2.49824e+15	5.70e-12	9.88e-08	1.25e-04	1.00e-02	9.90e-01	7.32e-06	0.00e+00	4.95e-13	1.48e-12	2.48e-12	3.26e-08	6.63e-08	5.72e-37
 2.55661e+15	6.52e-12	1.12e-07	1.37e-04	1.05e-02	9.89e-01	7.02e-06	0.00e+00	5.66e-13	1.70e-12	2.84e-12	3.70e-08	7.53e-08	9.29e-37
 2.62093e+15	7.57e-12	1.29e-07	1.51e-04	1.11e-02	9.89e-01	6.72e-06	0.00e+00	6.58e-13	1.98e-12	3.30e-12	4.26e-08	8.65e-08	1.58e-36
 2.70456e+15	9.14e-12	1.54e-07	1.71e-04	1.19e-02	9.88e-01	6.37e-06	0.00e+00	7.96e-13	2.39e-12	3.99e-12	5.08e-08	1.03e-07	3.08e-36
 2.79251e+15	1.10e-11	1.84e-07	1.95e-04	1.28e-02	9.87e-01	6.04e-06	0.00e+00	9.57e-13	2.87e-12	4.79e-12	6.07e-08	1.23e-07	6.04e-36
 2.86789e+15	1.29e-11	2.13e-07	2.16e-04	1.36e-02	9.86e-01	5.79e-06	0.00e+00	1.12e-12	3.37e-12	5.63e-12	7.05e-08	1.43e-07	1.06e-35
 2.94769e+15	1.52e-11	2.49e-07	2.42e-04	1.45e-02	9.85e-01	5.54e-06	0.00e+00	1.32e-12	3.97e-12	6.62e-12	8.22e-08	1.67e-07	1.88e-35
 3.05143e+15	1.85e-11	3.03e-07	2.78e-04	1.57e-02	9.84e-01	5.26e-06	0.00e+00	1.62e-12	4.86e-12	8.11e-12	1.00e-07	2.03e-07	3.90e-35
 3.15824e+15	2.27e-11	3.67e-07	3.19e-04	1.69e-02	9.83e-01	4.99e-06	0.00e+00	1.98e-12	5.95e-12	9.94e-12	1.21e-07	2.45e-07	7.91e-35
 3.24728e+15	2.65e-11	4.29e-07	3.57e-04	1.80e-02	9.82e-01	4.82e-06	0.00e+00	2.32e-12	6.95e-12	1.16e-11	1.42e-07	2.87e-07	1.40e-34
 3.34125e+15	3.16e-11	5.04e-07	4.00e-04	1.92e-02	9.80e-01	4.63e-06	0.00e+00	2.76e-12	8.29e-12	1.38e-11	1.67e-07	3.37e-07	2.53e-34
 3.46226e+15	3.92e-11	6.16e-07	4.62e-04	2.08e-02	9.79e-01	4.40e-06	0.00e+00	3.44e-12	1.03e-11	1.72e-11	2.04e-07	4.12e-07	5.26e-34
 3.58930e+15	4.86e-11	7.55e-07	5.35e-04	2.26e-02	9.77e-01	4.21e-06	0.00e+00	4.27e-12	1.28e-11	2.14e-11	2.50e-07	5.05e-07	1.09e-33
 3.69984e+15	5.81e-11	8.98e-07	6.05e-04	2.42e-02	9.75e-01	4.07e-06	0.00e+00	5.11e-12	1.53e-11	2.56e-11	2.97e-07	6.01e-07	2.02e-33
 3.81808e+15	7.09e-11	1.08e-06	6.87e-04	2.59e-02	9.73e-01	3.92e-06	0.00e+00	6.23e-12	1.87e-11	3.12e-11	3.56e-07	7.20e-07	3.85e-33
 3.96263e+15	8.89e-11	1.33e-06	8.00e-04	2.82e-02	9.71e-01	3.77e-06	0.00e+00	7.83e-12	2.35e-11	3.92e-11	4.41e-07	8.92e-07	8.25e-33
 4.10557e+15	1.10e-10	1.63e-06	9.23e-04	3.06e-02	9.68e-01	3.62e-06	0.00e+00	9.69e-12	2.91e-11	4.85e-11	5.39e-07	1.09e-06	1.67e-32
 4.23130e+15	1.32e-10	1.94e-06	1.04e-03	3.28e-02	9.66e-01	3.53e-06	0.00e+00	1.17e-11	3.50e-11	5.83e-11	6.42e-07	1.30e-06	3.03e-32
 4.37047e+15	1.62e-10	2.34e-06	1.19e-03	3.53e-02	9.64e-01	3.42e-06	0.00e+00	1.43e-11	4.30e-11	7.17e-11	7.75e-07	1.57e-06	5.82e-32
 4.53813e+15	2.05e-10	2.91e-06	1.39e-03	3.85e-02	9.60e-01	3.31e-06	0.00e+00	1.81e-11	5.44e-11	9.08e-11	9.64e-07	1.95e-06	1.23e-31
 4.69734e+15	2.52e-10	3.54e-06	1.60e-03	4.16e-02	9.57e-01	3.20e-06	0.00e+00	2.23e-11	6.71e-11	1.12e-10	1.17e-06	2.37e-06	2.38e-31
 4.83028e+15	3.02e-10	4.16e-06	1.80e-03	4.44e-02	9.54e-01	3.15e-06	0.00e+00	2.67e-11	8.02e-11	1.34e-10	1.38e-06	2.78e-06	4.10e-31
 4.95068e+15	3.53e-10	4.80e-06	1.99e-03	4.70e-02	9.51e-01	3.09e-06	0.00e+00	3.13e-11	9.38e-11	1.56e-10	1.59e-06	3.21e-06	6.55e-31
 5.08331e+15	4.19e-10	5.61e-06	2.22e-03	4.99e-02	9.48e-01	3.02e-06	0.00e+00	3.72e-11	1.12e-10	1.86e-10	1.86e-06	3.75e-06	1.10e-30
 5.22932e+15	5.04e-10	6.61e-06	2.50e-03	5.33e-02	9.44e-01	2.96e-06	0.00e+00	4.48e-11	1.34e-10	2.24e-10	2.19e-06	4.42e-06	1.89e-30
 5.36528e+15	5.92e-10	7.66e-06	2.78e-03	5.66e-02	9.41e-01	2.90e-06	0.00e+00	5.26e-11	1.58e-10	2.63e-10	2.54e-06	5.12e-06	3.06e-30
 5.51460e+15	7.17e-10	9.02e-06	3.13e-03	6.04e-02	9.36e-01	2.86e-06	0.00e+00	6.38e-11	1.91e-10	3.19e-10	2.99e-06	6.03e-06	5.21e-30
 5.67767e+15	8.60e-10	1.07e-05	3.54e-03	6.47e-02	9.32e-01	2.80e-06	0.00e+00	7.66e-11	2.30e-10	3.84e-10	3.55e-06	7.14e-06	8.95e-30
 5.82938e+15	1.02e-09	1.25e-05	3.95e-03	6.88e-02	9.27e-01	2.75e-06	0.00e+00	9.14e-11	2.74e-10	4.57e-10	4.14e-06	8.33e-06	1.46e-29
 5.99738e+15	1.25e-09	1.48e-05	4.47e-03	7.37e-02	9.22e-01	2.71e-06	0.00e+00	1.12e-10	3.36e-10	5.60e-10	4.91e-06	9.89e-06	2.52e-29
 6.18097e+15	1.53e-09	1.77e-05	5.08e-03	7.92e-02	9.16e-01	2.66e-06	0.00e+00	1.37e-10	4.11e-10	6.86e-10	5.87e-06	1.18e-05	4.25e-29
 6.35231e+15	1.84e-09	2.08e-05	5.72e-03	8.44e-02	9.10e-01	2.62e-06	0.00e+00	1.64e-10	4.93e-10	8.22e-10	6.89e-06	1.39e-05	6.97e-29
 6.54254e+15	2.26e-09	2.49e-05	6.51e-03	9.08e-02	9.03e-01	2.57e-06	0.00e+00	2.02e-10	6.06e-10	1.01e-09	8.26e-06	1.66e-05	1.22e-28
 6.74670e+15	2.78e-09	2.98e-05	7.45e-03	9.78e-02	8.95e-01	2.52e-06	0.00e+00	2.50e-10	7.49e-10	1.25e-09	9.91e-06	1.99e-05	2.12e-28
 6.92751e+15	3.39e-09	3.50e-05	8.37e-03	1.04e-01	8.87e-01	2.49e-06	0.00e+00	3.04e-10	9.13e-10	1.52e-09	1.16e-05	2.34e-05	3.37e-28
 7.12114e+15	4.12e-09	4.16e-05	9.49e-03	1.12e-01	8.79e-01	2.45e-06	0.00e+00	3.70e-10	1.11e-09	1.85e-09	1.38e-05	2.77e-05	5.67e-28
 7.33542e+15	5.12e-09	4.98e-05	1.09e-02	1.20e-01	8.69e-01	2.41e-06	0.00e+00	4.61e-10	1.38e-09	2.31e-09	1.66e-05	3.33e-05	9.68e-28
 7.53298e+15	6.22e-09	5.86e-05	1.23e-02	1.28e-01	8.59e-01	2.39e-06	0.00e+00	5.61e-10	1.68e-09	2.81e-09	1.95e-05	3.91e-05	1.54e-27
 7.74622e+15	7.66e-09	7.02e-05	1.40e-02	1.38e-01	8.48e-01	2.34e-06	0.00e+00	6.92e-10	2.07e-09	3.46e-09	2.33e-05	4.69e-05	2.60e-27
 7.97779e+15	9.66e-09	8.46e-05	1.61e-02	1.48e-01	8.35e-01	2.31e-06	0.00e+00	8.73e-10	2.62e-09	4.36e-09	2.81e-05	5.64e-05	4.40e-27
 8.17467e+15	1.16e-08	9.84e-05	1.81e-02	1.58e-01	8.24e-01	2.28e-06	0.00e+00	1.05e-09	3.16e-09	5.26e-09	3.27e-05	6.57e-05	6.66e-27
 8.34329e+15	1.36e-08	1.12e-04	2.00e-02	1.66e-01	8.14e-01	2.26e-06	0.00e+00	1.23e-09	3.70e-09	6.17e-09	3.74e-05	7.50e-05	9.64e-27
 8.53369e+15	1.64e-08	1.31e-04	2.24e-02	1.76e-01	8.01e-01	2.22e-06	0.00e+00	1.48e-09	4.45e-09	7.41e-09	4.36e-05	8.75e-05	1.49e-26
 8.74761e+15	2.02e-08	1.55e-04	2.54e-02	1.88e-01	7.86e-01	2.19e-06	0.00e+00	1.83e-09	5.50e-09	9.16e-09	5.16e-05	1.03e-04	2.36e-26
 8.94462e+15	2.41e-08	1.80e-04	2.85e-02	2.00e-01	7.72e-01	2.16e-06	0.00e+00	2.19e-09	6.56e-09	1.09e-08	5.98e-05	1.20e-04	3.49e-26
 9.12295e+15	2.85e-08	2.06e-04	3.16e-02	2.10e-01	7.58e-01	2.13e-06	0.00e+00	2.59e-09	7.78e-09	1.30e-08	6.87e-05	1.38e-04	5.08e-26
 9.32447e+15	3.49e-08	2.43e-04	3.58e-02	2.23e-01	7.41e-01	2.10e-06	0.00e+00	3.18e-09	9.54e-09	1.59e-08	8.08e-05	1.62e-04	7.95e-26
 9.54086e+15	4.34e-08	2.87e-04	4.06e-02	2.37e-01	7.22e-01	2.09e-06	0.00e+00	3.96e-09	1.19e-08	1.98e-08	9.55e-05	1.91e-04	1.24e-25
 9.73078e+15	5.22e-08	3.32e-04	4.55e-02	2.50e-01	7.04e-01	2.07e-06	0.00e+00	4.77e-09	1.43e-08	2.38e-08	1.10e-04	2.21e-04	1.82e-25
 9.90496e+15	6.22e-08	3.80e-04	5.05e-02	2.63e-01	6.86e-01	2.05e-06	0.00e+00	5.68e-09	1.70e-08	2.84e-08	1.27e-04	2.54e-04	2.62e-25
 1.01045e+16	7.55e-08	4.46e-04	5.71e-02	2.78e-01	6.65e-01	2.02e-06	0.00e+00	6.90e-09	2.07e-08	3.45e-08	1.49e-04	2.98e-04	4.05e-25
 1.03180e+16	9.45e-08	5.30e-04	6.51e-02	2.94e-01	6.40e-01	2.00e-06	0.00e+00	8.65e-09	2.59e-08	4.32e-08	1.76e-04	3.53e-04	6.41e-25
 1.05022e+16	1.14e-07	6.13e-04	7.28e-02	3.09e-01	6.18e-01	1.99e-06	0.00e+00	1.05e-08	3.14e-08	5.23e-08	2.04e-04	4.09e-04	9.40e-25
 1.06668e+16	1.36e-07	7.01e-04	8.08e-02	3.22e-01	5.96e-01	1.98e-06	0.00e+00	1.25e-08	3.74e-08	6.24e-08	2.33e-04	4.67e-04	1.35e-24
 1.08534e+16	1.65e-07	8.20e-04	9.11e-02	3.38e-01	5.70e-01	1.95e-06	0.00e+00	1.52e-08	4.55e-08	7.58e-08	2.73e-04	5.47e-04	2.07e-24
 1.10531e+16	2.08e-07	9.73e-04	1.04e-01	3.55e-01	5.40e-01	1.95e-06	0.00e+00	1.91e-08	5.73e-08	9.55e-08	3.24e-04	6.49e-04	3.34e-24
 1.12225e+16	2.50e-07	1.12e-03	1.16e-01	3.69e-01	5.14e-01	1.95e-06	0.00e+00	2.30e-08	6.90e-08	1.15e-07	3.73e-04	7.47e-04	4.89e-24
 1.13700e+16	2.97e-07	1.27e-03	1.27e-01	3.82e-01	4.89e-01	1.93e-06	0.00e+00	2.73e-08	8.19e-08	1.37e-07	4.25e-04	8.50e-04	6.96e-24
 1.15360e+16	3.59e-07	1.45e-03	1.42e-01	3.96e-01	4.60e-01	1.90e-06	0.00e+00	3.31e-08	9.92e-08	1.65e-07	4.84e-04	9.69e-04	9.89e-24
 1.17175e+16	4.52e-07	1.75e-03	1.61e-01	4.12e-01	4.25e-01	1.92e-06	0.00e+00	4.16e-08	1.25e-07	2.08e-07	5.83e-04	1.17e-03	1.74e-23
 1.18624e+16	5.34e-07	1.99e-03	1.78e-01	4.23e-01	3.97e-01	1.91e-06	0.00e+00	4.93e-08	1.48e-07	2.46e-07	6.62e-04	1.32e-03	2.48e-23
 1.19724e+16	6.13e-07	2.20e-03	1.92e-01	4.32e-01	3.74e-01	1.91e-06	0.00e+00	5.66e-08	1.70e-07	2.83e-07	7.34e-04	1.47e-03	3.37e-23
 1.20941e+16	7.15e-07	2.43e-03	2.08e-01	4.41e-01	3.49e-01	1.88e-06	0.00e+00	6.60e-08	1.98e-07	3.30e-07	8.10e-04	1.62e-03	4.46e-23
 1.22523e+16	8.82e-07	2.82e-03	2.32e-01	4.51e-01	3.14e-01	1.83e-06	0.00e+00	8.15e-08	2.44e-07	4.07e-07	9.41e-04	1.88e-03	7.00e-23
 1.24065e+16	1.08e-06	3.27e-03	2.58e-01	4.59e-01	2.80e-01	1.80e-06	0.00e+00	1.00e-07	3.00e-07	5.00e-07	1.09e-03	2.18e-03	1.11e-22
 1.25044e+16	1.25e-06	3.68e-03	2.77e-01	4.63e-01	2.56e-01	1.84e-06	0.00e+00	1.15e-07	3.46e-07	5.76e-07	1.23e-03	2.45e-03	1.69e-22
 1.25579e+16	1.34e-06	3.87e-03	2.87e-01	4.65e-01	2.44e-01	1.84e-06	9.49e-12	1.24e-07	3.71e-07	6.18e-07	1.29e-03	2.58e-03	2.00e-22
 1.26049e+16	1.43e-06	4.07e-03	2.97e-01	4.67e-01	2.32e-01	1.83e-06	0.00e+00	1.33e-07	3.98e-07	6.63e-07	1.36e-03	2.71e-03	2.36e-22
 1.26660e+16	1.57e-06	4.28e-03	3.09e-01	4.68e-01	2.19e-01	1.80e-06	0.00e+00	1.45e-07	4.35e-07	7.25e-07	1.43e-03	2.85e-03	2.76e-22
 1.27454e+16	1.76e-06	4.63e-03	3.26e-01	4.70e-01	2.00e-01	1.75e-06	0.00e+00	1.64e-07	4.90e-07	8.17e-07	1.55e-03	3.09e-03	3.62e-22
 1.28296e+16	2.01e-06	5.11e-03	3.45e-01	4.70e-01	1.80e-01	1.72e-06	0.00e+00	1.87e-07	5.60e-07	9.33e-07	1.71e-03	3.41e-03	5.22e-22
 1.28952e+16	2.24e-06	5.47e-03	3.61e-01	4.69e-01	1.65e-01	1.71e-06	0.00e+00	2.08e-07	6.25e-07	1.04e-06	1.82e-03	3.65e-03	6.71e-22
 1.29465e+16	2.41e-06	5.70e-03	3.72e-01	4.69e-01	1.54e-01	1.68e-06	0.00e+00	2.24e-07	6.72e-07	1.12e-06	1.90e-03	3.80e-03	7.63e-22
