#depth	N	N+	N+2	N+3	N+4	N+5	N+6	N+7
 1.49634e+10	0.00e+00	0.00e+00	6.72e-27	7.55e-18	1.53e-09	9.74e-01	2.57e-02	0.00e+00
 4.54887e+10	0.00e+00	1.49e-36	8.56e-27	8.88e-18	1.66e-09	9.76e-01	2.36e-02	2.35e-07
 7.72350e+10	4.05e-47	2.05e-36	1.09e-26	1.05e-17	1.80e-09	9.78e-01	2.18e-02	0.00e+00
 1.10251e+11	0.00e+00	2.84e-36	1.39e-26	1.23e-17	1.96e-09	9.80e-01	2.00e-02	0.00e+00
 1.44588e+11	9.08e-47	3.92e-36	1.78e-26	1.45e-17	2.13e-09	9.82e-01	1.84e-02	0.00e+00
 1.80298e+11	0.00e+00	5.42e-36	2.27e-26	1.71e-17	2.31e-09	9.83e-01	1.70e-02	0.00e+00
 2.17437e+11	2.04e-46	7.50e-36	2.90e-26	2.01e-17	2.51e-09	9.84e-01	1.56e-02	0.00e+00
 2.56061e+11	0.00e+00	1.04e-35	3.70e-26	2.38e-17	2.73e-09	9.86e-01	1.44e-02	0.00e+00
 2.96231e+11	4.60e-46	1.44e-35	4.73e-26	2.80e-17	2.97e-09	9.87e-01	1.32e-02	0.00e+00
 3.38007e+11	0.00e+00	0.00e+00	6.05e-26	3.30e-17	3.23e-09	9.88e-01	1.21e-02	0.00e+00
 3.81454e+11	0.00e+00	2.76e-35	7.74e-26	3.90e-17	3.51e-09	9.89e-01	1.12e-02	0.00e+00
 4.22309e+11	1.50e-45	3.71e-35	9.68e-26	4.53e-17	3.78e-09	9.90e-01	1.03e-02	0.00e+00
 4.58844e+11	0.00e+00	0.00e+00	1.17e-25	5.16e-17	4.04e-09	9.90e-01	9.68e-03	0.00e+00
 4.99848e+11	0.00e+00	6.35e-35	1.45e-25	5.95e-17	4.34e-09	9.91e-01	9.01e-03	0.00e+00
 5.48448e+11	4.39e-45	8.76e-35	1.85e-25	7.00e-17	4.71e-09	9.92e-01	8.29e-03	0.00e+00
 5.97079e+11	0.00e+00	0.00e+00	2.33e-25	8.19e-17	5.10e-09	9.92e-01	7.65e-03	0.00e+00
 6.42717e+11	0.00e+00	1.58e-34	2.88e-25	9.45e-17	5.48e-09	9.93e-01	7.12e-03	0.00e+00
 6.93413e+11	1.34e-44	2.14e-34	3.63e-25	1.10e-16	5.93e-09	9.93e-01	6.58e-03	0.00e+00
 7.51077e+11	0.00e+00	2.98e-34	4.66e-25	1.30e-16	6.46e-09	9.94e-01	6.04e-03	0.00e+00
 8.08484e+11	3.01e-44	4.10e-34	5.93e-25	1.54e-16	7.01e-09	9.94e-01	5.56e-03	0.00e+00
 8.68188e+11	0.00e+00	5.64e-34	7.54e-25	1.81e-16	7.61e-09	9.95e-01	5.12e-03	0.00e+00
 9.32842e+11	6.81e-44	7.89e-34	9.72e-25	2.14e-16	8.30e-09	9.95e-01	4.70e-03	0.00e+00
 1.00008e+12	0.00e+00	1.10e-33	1.25e-24	2.55e-16	9.05e-09	9.96e-01	4.30e-03	0.00e+00
 1.06344e+12	1.51e-43	1.49e-33	1.58e-24	2.98e-16	9.80e-09	9.96e-01	3.98e-03	0.00e+00
 1.12033e+12	0.00e+00	1.95e-33	1.93e-24	3.41e-16	1.05e-08	9.96e-01	3.71e-03	0.00e+00
 1.18432e+12	3.02e-43	2.60e-33	2.40e-24	3.96e-16	1.13e-08	9.97e-01	3.44e-03	0.00e+00
 1.25986e+12	0.00e+00	3.61e-33	3.08e-24	4.68e-16	1.23e-08	9.97e-01	3.16e-03	0.00e+00
 1.33542e+12	6.76e-43	4.97e-33	3.92e-24	5.52e-16	1.34e-08	9.97e-01	2.91e-03	0.00e+00
 1.40657e+12	0.00e+00	6.66e-33	4.90e-24	6.42e-16	1.45e-08	9.97e-01	2.69e-03	0.00e+00
 1.48532e+12	1.43e-42	9.07e-33	6.19e-24	7.53e-16	1.57e-08	9.98e-01	2.49e-03	0.00e+00
 1.57466e+12	0.00e+00	1.27e-32	8.02e-24	8.99e-16	1.72e-08	9.98e-01	2.27e-03	0.00e+00
 1.66294e+12	3.28e-42	1.77e-32	1.03e-23	1.07e-15	1.87e-08	9.98e-01	2.08e-03	0.00e+00
 1.74822e+12	0.00e+00	2.39e-32	1.30e-23	1.25e-15	2.03e-08	9.98e-01	1.92e-03	0.00e+00
 1.84153e+12	7.11e-42	3.29e-32	1.66e-23	1.48e-15	2.21e-08	9.98e-01	1.77e-03	0.00e+00
 1.94512e+12	0.00e+00	4.64e-32	2.15e-23	1.77e-15	2.43e-08	9.98e-01	1.61e-03	0.00e+00
 2.05035e+12	1.65e-41	6.49e-32	2.78e-23	2.11e-15	2.65e-08	9.99e-01	1.47e-03	0.00e+00
 2.15291e+12	0.00e+00	8.88e-32	3.54e-23	2.49e-15	2.89e-08	9.99e-01	1.36e-03	0.00e+00
 2.26205e+12	3.63e-41	1.23e-31	4.53e-23	2.95e-15	3.16e-08	9.99e-01	1.24e-03	0.00e+00
 2.38246e+12	0.00e+00	1.73e-31	5.90e-23	3.54e-15	3.47e-08	9.99e-01	1.13e-03	0.00e+00
 2.50491e+12	8.41e-41	2.42e-31	7.63e-23	4.24e-15	3.80e-08	9.99e-01	1.03e-03	0.00e+00
 2.63226e+12	0.00e+00	3.38e-31	9.89e-23	5.07e-15	4.18e-08	9.99e-01	9.43e-04	0.00e+00
 2.76747e+12	1.94e-40	4.76e-31	1.29e-22	6.10e-15	4.59e-08	9.99e-01	8.58e-04	0.00e+00
 2.90810e+12	0.00e+00	6.69e-31	1.68e-22	7.33e-15	5.06e-08	9.99e-01	7.81e-04	0.00e+00
 3.03518e+12	4.26e-40	9.00e-31	2.11e-22	8.62e-15	5.50e-08	9.99e-01	7.19e-04	0.00e+00
 3.14088e+12	0.00e+00	1.14e-30	2.54e-22	9.81e-15	5.89e-08	9.99e-01	6.72e-04	0.00e+00
 3.25661e+12	7.79e-40	1.47e-30	3.09e-22	1.13e-14	6.33e-08	9.99e-01	6.26e-04	0.00e+00
 3.40342e+12	0.00e+00	2.00e-30	3.93e-22	1.34e-14	6.92e-08	9.99e-01	5.73e-04	0.00e+00
 3.55663e+12	1.67e-39	2.73e-30	5.01e-22	1.59e-14	7.58e-08	9.99e-01	5.25e-04	0.00e+00
 3.69209e+12	0.00e+00	3.56e-30	6.16e-22	1.84e-14	8.18e-08	1.00e+00	4.86e-04	0.00e+00
 3.81850e+12	3.08e-39	4.51e-30	7.42e-22	2.10e-14	8.78e-08	1.00e+00	4.54e-04	0.00e+00
 3.96282e+12	0.00e+00	5.87e-30	9.12e-22	2.43e-14	9.49e-08	1.00e+00	4.21e-04	0.00e+00
 4.14024e+12	6.19e-39	8.00e-30	1.16e-21	2.89e-14	1.04e-07	1.00e+00	3.84e-04	0.00e+00
 4.31702e+12	0.00e+00	1.08e-29	1.47e-21	3.42e-14	1.14e-07	1.00e+00	3.52e-04	0.00e+00
 4.47052e+12	1.20e-38	1.38e-29	1.79e-21	3.93e-14	1.23e-07	1.00e+00	3.27e-04	0.00e+00
 4.63746e+12	0.00e+00	1.79e-29	2.19e-21	4.55e-14	1.32e-07	1.00e+00	3.03e-04	0.00e+00
 4.84142e+12	2.38e-38	2.42e-29	2.79e-21	5.41e-14	1.45e-07	1.00e+00	2.77e-04	0.00e+00
 5.04979e+12	0.00e+00	3.26e-29	3.53e-21	6.42e-14	1.59e-07	1.00e+00	2.53e-04	0.00e+00
 5.24102e+12	4.68e-38	4.24e-29	4.34e-21	7.45e-14	1.72e-07	1.00e+00	2.34e-04	0.00e+00
 5.45368e+12	0.00e+00	5.60e-29	5.41e-21	8.75e-14	1.88e-07	1.00e+00	2.15e-04	0.00e+00
 5.70032e+12	9.58e-38	7.65e-29	6.93e-21	1.05e-13	2.07e-07	1.00e+00	1.96e-04	0.00e+00
 5.94360e+12	0.00e+00	1.03e-28	8.74e-21	1.24e-13	2.26e-07	1.00e+00	1.79e-04	0.00e+00
 6.17645e+12	1.89e-37	1.34e-28	1.08e-20	1.44e-13	2.46e-07	1.00e+00	1.65e-04	0.00e+00
 6.43326e+12	0.00e+00	1.79e-28	1.36e-20	1.70e-13	2.68e-07	1.00e+00	1.51e-04	0.00e+00
 6.72052e+12	3.88e-37	2.43e-28	1.73e-20	2.03e-13	2.95e-07	1.00e+00	1.38e-04	0.00e+00
 6.98159e+12	0.00e+00	3.17e-28	2.14e-20	2.36e-13	3.20e-07	1.00e+00	1.27e-04	0.00e+00
 7.20119e+12	6.97e-37	3.94e-28	2.54e-20	2.67e-13	3.42e-07	1.00e+00	1.19e-04	0.00e+00
 7.44262e+12	0.00e+00	4.97e-28	3.05e-20	3.05e-13	3.67e-07	1.00e+00	1.11e-04	0.00e+00
 7.71512e+12	1.25e-36	6.39e-28	3.72e-20	3.53e-13	3.97e-07	1.00e+00	1.03e-04	0.00e+00
 7.97596e+12	0.00e+00	8.07e-28	4.48e-20	4.03e-13	4.26e-07	1.00e+00	9.60e-05	0.00e+00
 8.26302e+12	2.25e-36	1.03e-27	5.45e-20	4.64e-13	4.60e-07	1.00e+00	8.91e-05	0.00e+00
 8.58189e+12	0.00e+00	1.35e-27	6.72e-20	5.39e-13	4.99e-07	1.00e+00	8.22e-05	0.00e+00
 8.88071e+12	4.15e-36	1.72e-27	8.13e-20	6.18e-13	5.37e-07	1.00e+00	7.65e-05	0.00e+00
 9.20776e+12	0.00e+00	2.22e-27	9.94e-20	7.14e-13	5.80e-07	1.00e+00	7.09e-05	0.00e+00
 9.57555e+12	7.92e-36	2.92e-27	1.24e-19	8.35e-13	6.30e-07	1.00e+00	6.53e-05	0.00e+00
 9.92683e+12	0.00e+00	3.77e-27	1.51e-19	9.64e-13	6.81e-07	1.00e+00	6.05e-05	0.00e+00
 1.03120e+13	1.50e-35	4.93e-27	1.87e-19	1.12e-12	7.38e-07	1.00e+00	5.59e-05	0.00e+00
 1.07204e+13	0.00e+00	6.50e-27	2.32e-19	1.31e-12	8.02e-07	1.00e+00	5.15e-05	0.00e+00
 1.10777e+13	2.78e-35	8.20e-27	2.78e-19	1.49e-12	8.60e-07	1.00e+00	4.81e-05	0.00e+00
 1.14591e+13	0.00e+00	1.04e-26	3.36e-19	1.71e-12	9.23e-07	1.00e+00	4.48e-05	0.00e+00
 1.19231e+13	5.26e-35	1.38e-26	4.19e-19	2.00e-12	1.00e-06	1.00e+00	4.12e-05	0.00e+00
 1.23852e+13	0.00e+00	1.82e-26	5.19e-19	2.32e-12	1.09e-06	1.00e+00	3.81e-05	0.00e+00
 1.27929e+13	9.72e-35	2.29e-26	6.22e-19	2.64e-12	1.17e-06	1.00e+00	3.56e-05	0.00e+00
 1.32391e+13	0.00e+00	2.93e-26	7.54e-19	3.02e-12	1.25e-06	1.00e+00	3.31e-05	0.00e+00
 1.37760e+13	1.86e-34	3.89e-26	9.42e-19	3.54e-12	1.36e-06	1.00e+00	3.05e-05	0.00e+00
 1.43134e+13	2.60e-34	5.12e-26	1.17e-18	4.12e-12	1.48e-06	1.00e+00	2.81e-05	0.00e+00
 1.48019e+13	3.49e-34	6.53e-26	1.41e-18	4.71e-12	1.59e-06	1.00e+00	2.62e-05	0.00e+00
 1.53448e+13	4.81e-34	8.48e-26	1.73e-18	5.43e-12	1.71e-06	1.00e+00	2.44e-05	0.00e+00
 1.59797e+13	6.88e-34	1.14e-25	2.17e-18	6.38e-12	1.86e-06	1.00e+00	2.24e-05	0.00e+00
 1.66064e+13	9.69e-34	1.50e-25	2.70e-18	7.43e-12	2.02e-06	1.00e+00	2.07e-05	0.00e+00
 1.71983e+13	1.32e-33	1.94e-25	3.29e-18	8.54e-12	2.17e-06	1.00e+00	1.92e-05	0.00e+00
 1.78565e+13	1.85e-33	2.55e-25	4.08e-18	9.91e-12	2.35e-06	1.00e+00	1.78e-05	0.00e+00
 1.86007e+13	2.67e-33	3.44e-25	5.14e-18	1.16e-11	2.56e-06	1.00e+00	1.63e-05	0.00e+00
 1.93481e+13	3.81e-33	4.59e-25	6.43e-18	1.36e-11	2.77e-06	1.00e+00	1.51e-05	0.00e+00
 2.01255e+13	5.45e-33	6.14e-25	8.05e-18	1.59e-11	3.01e-06	1.00e+00	1.39e-05	0.00e+00
 2.09604e+13	7.88e-33	8.29e-25	1.01e-17	1.87e-11	3.27e-06	1.00e+00	1.28e-05	0.00e+00
 2.18287e+13	1.14e-32	1.12e-24	1.28e-17	2.19e-11	3.56e-06	1.00e+00	1.18e-05	0.00e+00
 2.26834e+13	1.62e-32	1.49e-24	1.59e-17	2.55e-11	3.85e-06	1.00e+00	1.09e-05	0.00e+00
 2.34783e+13	2.22e-32	1.92e-24	1.94e-17	2.93e-11	4.14e-06	1.00e+00	1.01e-05	0.00e+00
 2.41956e+13	2.93e-32	2.41e-24	2.31e-17	3.30e-11	4.40e-06	1.00e+00	9.52e-06	0.00e+00
 2.49647e+13	3.92e-32	3.05e-24	2.76e-17	3.73e-11	4.69e-06	1.00e+00	8.93e-06	0.00e+00
 2.59224e+13	5.55e-32	4.04e-24	3.43e-17	4.33e-11	5.07e-06	1.00e+00	8.27e-06	0.00e+00
 2.68826e+13	7.77e-32	5.31e-24	4.23e-17	5.00e-11	5.46e-06	1.00e+00	7.68e-06	0.00e+00
 2.77080e+13	1.03e-31	6.68e-24	5.04e-17	5.63e-11	5.81e-06	1.00e+00	7.23e-06	0.00e+00
 2.86007e+13	1.39e-31	8.49e-24	6.06e-17	6.38e-11	6.19e-06	1.00e+00	6.78e-06	0.00e+00
 2.97024e+13	1.98e-31	1.13e-23	7.54e-17	7.41e-11	6.69e-06	1.00e+00	6.28e-06	0.00e+00
 3.08040e+13	2.79e-31	1.49e-23	9.31e-17	8.56e-11	7.20e-06	1.00e+00	5.83e-06	0.00e+00
 3.17555e+13	3.72e-31	1.88e-23	1.11e-16	9.65e-11	7.66e-06	1.00e+00	5.49e-06	0.00e+00
 3.27835e+13	5.04e-31	2.40e-23	1.34e-16	1.09e-10	8.16e-06	1.00e+00	5.15e-06	0.00e+00
 3.40468e+13	7.21e-31	3.21e-23	1.67e-16	1.27e-10	8.81e-06	1.00e+00	4.77e-06	0.00e+00
 3.53214e+13	1.02e-30	4.25e-23	2.07e-16	1.47e-10	9.49e-06	1.00e+00	4.43e-06	0.00e+00
 3.64509e+13	1.39e-30	5.43e-23	2.48e-16	1.66e-10	1.01e-05	1.00e+00	4.16e-06	0.00e+00
 3.76864e+13	1.91e-30	7.02e-23	3.02e-16	1.90e-10	1.08e-05	1.00e+00	3.89e-06	0.00e+00
 3.91674e+13	2.76e-30	9.44e-23	3.78e-16	2.21e-10	1.17e-05	1.00e+00	3.60e-06	0.00e+00
 4.06428e+13	3.94e-30	1.26e-22	4.69e-16	2.56e-10	1.26e-05	1.00e+00	3.35e-06	0.00e+00
 4.19870e+13	5.40e-30	1.62e-22	5.68e-16	2.91e-10	1.34e-05	1.00e+00	3.14e-06	0.00e+00
 4.34857e+13	7.59e-30	2.13e-22	6.98e-16	3.34e-10	1.44e-05	1.00e+00	2.92e-06	0.00e+00
 4.52343e+13	1.11e-29	2.89e-22	8.80e-16	3.90e-10	1.56e-05	1.00e+00	2.70e-06	0.00e+00
 4.69575e+13	1.60e-29	3.87e-22	1.10e-15	4.52e-10	1.68e-05	1.00e+00	2.51e-06	0.00e+00
 4.85888e+13	2.23e-29	5.05e-22	1.34e-15	5.17e-10	1.79e-05	1.00e+00	2.34e-06	0.00e+00
 5.04015e+13	3.18e-29	6.73e-22	1.66e-15	5.98e-10	1.93e-05	1.00e+00	2.18e-06	0.00e+00
 5.24475e+13	4.69e-29	9.18e-22	2.10e-15	7.00e-10	2.09e-05	1.00e+00	2.01e-06	0.00e+00
 5.45034e+13	6.82e-29	1.24e-21	2.64e-15	8.15e-10	2.26e-05	1.00e+00	1.86e-06	0.00e+00
 5.66415e+13	9.94e-29	1.68e-21	3.31e-15	9.49e-10	2.44e-05	1.00e+00	1.73e-06	0.00e+00
 5.89371e+13	1.46e-28	2.29e-21	4.18e-15	1.11e-09	2.64e-05	1.00e+00	1.60e-06	0.00e+00
 6.11608e+13	2.10e-28	3.06e-21	5.21e-15	1.29e-09	2.84e-05	1.00e+00	1.48e-06	0.00e+00
 6.32535e+13	2.92e-28	3.98e-21	6.35e-15	1.47e-09	3.04e-05	1.00e+00	1.39e-06	0.00e+00
 6.55936e+13	4.16e-28	5.29e-21	7.87e-15	1.70e-09	3.27e-05	1.00e+00	1.29e-06	0.00e+00
 6.79518e+13	5.86e-28	6.97e-21	9.70e-15	1.95e-09	3.51e-05	1.00e+00	1.20e-06	0.00e+00
 6.99116e+13	7.74e-28	8.71e-21	1.15e-14	2.19e-09	3.71e-05	1.00e+00	1.13e-06	0.00e+00
 7.19872e+13	1.03e-27	1.09e-20	1.36e-14	2.46e-09	3.94e-05	1.00e+00	1.07e-06	0.00e+00
 7.46386e+13	1.46e-27	1.45e-20	1.69e-14	2.84e-09	4.24e-05	1.00e+00	9.94e-07	0.00e+00
 7.74188e+13	2.08e-27	1.93e-20	2.10e-14	3.28e-09	4.56e-05	1.00e+00	0.00e+00	0.00e+00
 7.98796e+13	2.83e-27	2.47e-20	2.52e-14	3.72e-09	4.86e-05	1.00e+00	0.00e+00	0.00e+00
 8.25449e+13	3.88e-27	3.18e-20	3.06e-14	4.24e-09	5.19e-05	1.00e+00	0.00e+00	0.00e+00
 8.57474e+13	5.61e-27	4.28e-20	3.83e-14	4.93e-09	5.61e-05	1.00e+00	0.00e+00	0.00e+00
 8.89913e+13	8.03e-27	5.72e-20	4.77e-14	5.72e-09	6.05e-05	1.00e+00	0.00e+00	0.00e+00
 9.20325e+13	1.11e-26	7.43e-20	5.82e-14	6.54e-09	6.48e-05	1.00e+00	0.00e+00	0.00e+00
 9.54112e+13	1.57e-26	9.82e-20	7.20e-14	7.55e-09	6.97e-05	1.00e+00	0.00e+00	0.00e+00
 9.89889e+13	2.24e-26	1.31e-19	8.95e-14	8.75e-09	7.52e-05	1.00e+00	0.00e+00	0.00e+00
 1.02170e+14	3.04e-26	1.67e-19	1.08e-13	9.93e-09	8.02e-05	1.00e+00	0.00e+00	0.00e+00
 1.05594e+14	4.17e-26	2.16e-19	1.31e-13	1.13e-08	8.58e-05	1.00e+00	0.00e+00	0.00e+00
 1.09695e+14	6.01e-26	2.90e-19	1.64e-13	1.32e-08	9.28e-05	1.00e+00	0.00e+00	0.00e+00
 1.13731e+14	8.49e-26	3.83e-19	2.03e-13	1.53e-08	1.00e-04	1.00e+00	0.00e+00	0.00e+00
 1.17328e+14	1.15e-25	4.88e-19	2.44e-13	1.73e-08	1.07e-04	1.00e+00	0.00e+00	0.00e+00
 1.21299e+14	1.57e-25	6.31e-19	2.97e-13	1.98e-08	1.14e-04	1.00e+00	0.00e+00	0.00e+00
 1.26030e+14	2.27e-25	8.48e-19	3.72e-13	2.30e-08	1.24e-04	1.00e+00	0.00e+00	0.00e+00
 1.30724e+14	3.22e-25	1.13e-18	4.62e-13	2.67e-08	1.33e-04	1.00e+00	0.00e+00	0.00e+00
 1.35019e+14	4.39e-25	1.45e-18	5.59e-13	3.04e-08	1.42e-04	1.00e+00	0.00e+00	0.00e+00
 1.39818e+14	6.13e-25	1.89e-18	6.87e-13	3.49e-08	1.53e-04	1.00e+00	0.00e+00	0.00e+00
 1.45397e+14	8.91e-25	2.56e-18	8.66e-13	4.09e-08	1.66e-04	1.00e+00	0.00e+00	0.00e+00
 1.50873e+14	1.27e-24	3.41e-18	1.08e-12	4.74e-08	1.79e-04	1.00e+00	0.00e+00	0.00e+00
 1.56060e+14	1.76e-24	4.44e-18	1.32e-12	5.43e-08	1.92e-04	1.00e+00	0.00e+00	0.00e+00
 1.61823e+14	2.49e-24	5.87e-18	1.63e-12	6.28e-08	2.07e-04	1.00e+00	0.00e+00	0.00e+00
 1.68326e+14	3.62e-24	7.96e-18	2.06e-12	7.36e-08	2.24e-04	1.00e+00	0.00e+00	0.00e+00
 1.74499e+14	5.13e-24	1.05e-17	2.55e-12	8.50e-08	2.41e-04	1.00e+00	0.00e+00	0.00e+00
 1.80128e+14	6.96e-24	1.35e-17	3.07e-12	9.65e-08	2.58e-04	1.00e+00	0.00e+00	0.00e+00
 1.86501e+14	9.73e-24	1.77e-17	3.77e-12	1.11e-07	2.77e-04	1.00e+00	0.00e+00	0.00e+00
 1.93919e+14	1.42e-23	2.39e-17	4.75e-12	1.30e-07	3.00e-04	1.00e+00	0.00e+00	0.00e+00
 2.01033e+14	2.01e-23	3.17e-17	5.88e-12	1.50e-07	3.23e-04	1.00e+00	0.00e+00	0.00e+00
 2.06924e+14	2.65e-23	3.97e-17	6.98e-12	1.68e-07	3.42e-04	1.00e+00	0.00e+00	0.00e+00
 2.12892e+14	3.49e-23	4.95e-17	8.26e-12	1.88e-07	3.63e-04	1.00e+00	0.00e+00	0.00e+00
 2.20606e+14	4.93e-23	6.53e-17	1.02e-11	2.17e-07	3.90e-04	1.00e+00	0.00e+00	0.00e+00
 2.28584e+14	6.95e-23	8.62e-17	1.26e-11	2.50e-07	4.20e-04	1.00e+00	0.00e+00	0.00e+00
 2.35342e+14	9.22e-23	1.08e-16	1.50e-11	2.81e-07	4.45e-04	1.00e+00	0.00e+00	0.00e+00
 2.42519e+14	1.24e-22	1.37e-16	1.79e-11	3.17e-07	4.73e-04	1.00e+00	0.00e+00	0.00e+00
 2.51523e+14	1.76e-22	1.82e-16	2.22e-11	3.67e-07	5.10e-04	9.99e-01	0.00e+00	0.00e+00
 2.60802e+14	2.50e-22	2.42e-16	2.75e-11	4.24e-07	5.49e-04	9.99e-01	0.00e+00	0.00e+00
 2.68967e+14	3.38e-22	3.08e-16	3.30e-11	4.80e-07	5.84e-04	9.99e-01	0.00e+00	0.00e+00
 2.77782e+14	4.62e-22	3.96e-16	4.00e-11	5.46e-07	6.24e-04	9.99e-01	0.00e+00	0.00e+00
 2.88435e+14	6.65e-22	5.31e-16	5.00e-11	6.35e-07	6.74e-04	9.99e-01	0.00e+00	0.00e+00
 2.99004e+14	9.45e-22	7.05e-16	6.19e-11	7.33e-07	7.25e-04	9.99e-01	0.00e+00	0.00e+00
 3.08381e+14	1.27e-21	8.97e-16	7.44e-11	8.30e-07	7.72e-04	9.99e-01	0.00e+00	0.00e+00
 3.18681e+14	1.75e-21	1.16e-15	9.04e-11	9.46e-07	8.25e-04	9.99e-01	0.00e+00	0.00e+00
 3.31007e+14	2.53e-21	1.56e-15	1.13e-10	1.10e-06	8.92e-04	9.99e-01	0.00e+00	0.00e+00
 3.43256e+14	3.60e-21	2.07e-15	1.40e-10	1.27e-06	9.60e-04	9.99e-01	0.00e+00	0.00e+00
 3.54375e+14	4.88e-21	2.65e-15	1.69e-10	1.45e-06	1.03e-03	9.99e-01	0.00e+00	0.00e+00
 3.66735e+14	6.80e-21	3.46e-15	2.08e-10	1.66e-06	1.10e-03	9.99e-01	0.00e+00	0.00e+00
 3.81211e+14	9.79e-21	4.65e-15	2.61e-10	1.94e-06	1.19e-03	9.99e-01	0.00e+00	0.00e+00
 3.95473e+14	1.40e-20	6.20e-15	3.24e-10	2.25e-06	1.29e-03	9.99e-01	0.00e+00	0.00e+00
 4.08832e+14	1.92e-20	8.01e-15	3.94e-10	2.57e-06	1.38e-03	9.99e-01	0.00e+00	0.00e+00
 4.23741e+14	2.70e-20	1.06e-14	4.87e-10	2.96e-06	1.48e-03	9.99e-01	0.00e+00	0.00e+00
 4.40720e+14	3.91e-20	1.43e-14	6.14e-10	3.47e-06	1.61e-03	9.98e-01	0.00e+00	0.00e+00
 4.57619e+14	5.57e-20	1.90e-14	7.66e-10	4.04e-06	1.74e-03	9.98e-01	0.00e+00	0.00e+00
 4.75194e+14	7.91e-20	2.53e-14	9.55e-10	4.70e-06	1.89e-03	9.98e-01	0.00e+00	0.00e+00
 4.93703e+14	1.13e-19	3.38e-14	1.20e-09	5.48e-06	2.04e-03	9.98e-01	0.00e+00	0.00e+00
 5.09303e+14	1.51e-19	4.28e-14	1.43e-09	6.21e-06	2.18e-03	9.98e-01	0.00e+00	0.00e+00
 5.21485e+14	1.87e-19	5.11e-14	1.65e-09	6.83e-06	2.30e-03	9.98e-01	0.00e+00	0.00e+00
 5.34726e+14	2.35e-19	6.17e-14	1.91e-09	7.55e-06	2.42e-03	9.98e-01	0.00e+00	0.00e+00
 5.51940e+14	3.13e-19	7.81e-14	2.29e-09	8.58e-06	2.59e-03	9.97e-01	0.00e+00	0.00e+00
 5.70588e+14	4.23e-19	1.00e-13	2.78e-09	9.82e-06	2.79e-03	9.97e-01	0.00e+00	0.00e+00
 5.87399e+14	5.49e-19	1.24e-13	3.30e-09	1.10e-05	2.97e-03	9.97e-01	0.00e+00	0.00e+00
 6.05553e+14	7.20e-19	1.55e-13	3.93e-09	1.25e-05	3.17e-03	9.97e-01	0.00e+00	0.00e+00
 6.28145e+14	9.96e-19	2.03e-13	4.87e-09	1.45e-05	3.44e-03	9.97e-01	0.00e+00	0.00e+00
 6.50889e+14	1.36e-18	2.63e-13	5.98e-09	1.67e-05	3.72e-03	9.96e-01	0.00e+00	0.00e+00
 6.70594e+14	1.77e-18	3.27e-13	7.11e-09	1.88e-05	3.97e-03	9.96e-01	0.00e+00	0.00e+00
 6.91968e+14	2.31e-18	4.09e-13	8.52e-09	2.14e-05	4.26e-03	9.96e-01	0.00e+00	0.00e+00
 7.18145e+14	3.20e-18	5.35e-13	1.06e-08	2.48e-05	4.62e-03	9.95e-01	0.00e+00	0.00e+00
 7.44603e+14	4.36e-18	6.95e-13	1.30e-08	2.88e-05	5.01e-03	9.95e-01	0.00e+00	0.00e+00
 7.68169e+14	5.68e-18	8.67e-13	1.56e-08	3.26e-05	5.37e-03	9.95e-01	0.00e+00	0.00e+00
 7.93939e+14	7.52e-18	1.10e-12	1.89e-08	3.72e-05	5.79e-03	9.94e-01	0.00e+00	0.00e+00
 8.24689e+14	1.04e-17	1.44e-12	2.35e-08	4.34e-05	6.30e-03	9.94e-01	0.00e+00	0.00e+00
 8.55087e+14	1.41e-17	1.86e-12	2.90e-08	5.02e-05	6.84e-03	9.93e-01	0.00e+00	0.00e+00
 8.82588e+14	1.84e-17	2.33e-12	3.48e-08	5.71e-05	7.35e-03	9.93e-01	0.00e+00	0.00e+00
 9.13148e+14	2.44e-17	2.97e-12	4.24e-08	6.55e-05	7.94e-03	9.92e-01	0.00e+00	0.00e+00
 9.49044e+14	3.37e-17	3.90e-12	5.31e-08	7.65e-05	8.66e-03	9.91e-01	0.00e+00	0.00e+00
 9.84417e+14	4.57e-17	5.05e-12	6.56e-08	8.86e-05	9.42e-03	9.90e-01	0.00e+00	0.00e+00
 1.01736e+15	6.01e-17	6.37e-12	7.94e-08	1.01e-04	1.01e-02	9.90e-01	0.00e+00	0.00e+00
 1.05423e+15	8.08e-17	8.20e-12	9.78e-08	1.17e-04	1.10e-02	9.89e-01	0.00e+00	0.00e+00
 1.09643e+15	1.12e-16	1.08e-11	1.23e-07	1.37e-04	1.20e-02	9.88e-01	0.00e+00	0.00e+00
 1.13808e+15	1.81e-16	1.41e-11	1.53e-07	1.59e-04	1.31e-02	9.87e-01	0.00e+00	0.00e+00
 1.18140e+15	2.47e-16	1.84e-11	1.90e-07	1.84e-04	1.43e-02	9.86e-01	0.00e+00	0.00e+00
 1.22076e+15	3.26e-16	2.33e-11	2.31e-07	2.10e-04	1.54e-02	9.84e-01	0.00e+00	0.00e+00
 1.25018e+15	3.99e-16	2.76e-11	2.66e-07	2.31e-04	1.62e-02	9.84e-01	0.00e+00	0.00e+00
 1.28060e+15	4.90e-16	3.28e-11	3.06e-07	2.55e-04	1.71e-02	9.83e-01	0.00e+00	0.00e+00
 1.32014e+15	6.35e-16	4.07e-11	3.66e-07	2.88e-04	1.83e-02	9.81e-01	0.00e+00	0.00e+00
 1.36313e+15	8.37e-16	5.14e-11	4.43e-07	3.28e-04	1.97e-02	9.80e-01	0.00e+00	0.00e+00
 1.40207e+15	1.06e-15	6.29e-11	5.24e-07	3.67e-04	2.10e-02	9.79e-01	0.00e+00	0.00e+00
 1.44418e+15	1.37e-15	7.79e-11	6.24e-07	4.13e-04	2.25e-02	9.77e-01	0.00e+00	0.00e+00
 1.49735e+15	1.88e-15	1.01e-10	7.75e-07	4.77e-04	2.44e-02	9.75e-01	0.00e+00	0.00e+00
 1.55091e+15	2.54e-15	1.31e-10	9.56e-07	5.50e-04	2.64e-02	9.73e-01	0.00e+00	0.00e+00
 1.59614e+15	3.25e-15	1.62e-10	1.13e-06	6.16e-04	2.81e-02	9.71e-01	0.00e+00	0.00e+00
 1.64459e+15	4.22e-15	2.01e-10	1.36e-06	6.95e-04	3.00e-02	9.69e-01	0.00e+00	0.00e+00
 1.70542e+15	5.81e-15	2.63e-10	1.69e-06	8.05e-04	3.26e-02	9.67e-01	0.00e+00	0.00e+00
 1.76906e+15	8.00e-15	3.45e-10	2.11e-06	9.32e-04	3.54e-02	9.64e-01	0.00e+00	0.00e+00
 1.82655e+15	1.06e-14	4.37e-10	2.55e-06	1.06e-03	3.80e-02	9.61e-01	0.00e+00	0.00e+00
 1.88934e+15	1.42e-14	5.62e-10	3.13e-06	1.21e-03	4.09e-02	9.58e-01	0.00e+00	0.00e+00
 1.96335e+15	2.01e-14	7.50e-10	3.95e-06	1.42e-03	4.45e-02	9.54e-01	0.00e+00	0.00e+00
 2.03572e+15	2.76e-14	9.84e-10	4.92e-06	1.64e-03	4.82e-02	9.50e-01	0.00e+00	0.00e+00
 2.10189e+15	3.67e-14	1.25e-09	5.97e-06	1.86e-03	5.17e-02	9.46e-01	0.00e+00	0.00e+00
 2.17620e+15	5.01e-14	1.62e-09	7.38e-06	2.14e-03	5.58e-02	9.42e-01	0.00e+00	0.00e+00
 2.26258e+15	7.10e-14	2.18e-09	9.35e-06	2.50e-03	6.07e-02	9.37e-01	0.00e+00	0.00e+00
 2.34752e+15	9.89e-14	2.88e-09	1.17e-05	2.90e-03	6.57e-02	9.31e-01	0.00e+00	0.00e+00
 2.42796e+15	1.34e-13	3.73e-09	1.44e-05	3.32e-03	7.07e-02	9.26e-01	0.00e+00	0.00e+00
 2.49824e+15	1.73e-13	4.63e-09	1.71e-05	3.72e-03	7.51e-02	9.21e-01	0.00e+00	0.00e+00
 2.55661e+15	2.13e-13	5.52e-09	1.97e-05	4.08e-03	7.89e-02	9.17e-01	0.00e+00	0.00e+00
 2.62093e+15	2.67e-13	6.68e-09	2.29e-05	4.51e-03	8.32e-02	9.12e-01	0.00e+00	0.00e+00
 2.70456e+15	3.56e-13	8.51e-09	2.78e-05	5.11e-03	8.89e-02	9.06e-01	0.00e+00	0.00e+00
 2.79251e+15	4.75e-13	1.09e-08	3.38e-05	5.81e-03	9.51e-02	8.99e-01	0.00e+00	0.00e+00
 2.86789e+15	6.04e-13	1.33e-08	3.97e-05	6.45e-03	1.01e-01	8.93e-01	0.00e+00	0.00e+00
 2.94769e+15	7.77e-13	1.64e-08	4.69e-05	7.20e-03	1.06e-01	8.86e-01	0.00e+00	0.00e+00
 3.05143e+15	1.07e-12	2.15e-08	5.80e-05	8.26e-03	1.14e-01	8.77e-01	0.00e+00	0.00e+00
 3.15824e+15	1.45e-12	2.78e-08	7.14e-05	9.46e-03	1.23e-01	8.68e-01	0.00e+00	0.00e+00
 3.24728e+15	1.87e-12	3.45e-08	8.46e-05	1.06e-02	1.30e-01	8.60e-01	0.00e+00	0.00e+00
 3.34125e+15	2.43e-12	4.29e-08	1.01e-04	1.18e-02	1.37e-01	8.51e-01	0.00e+00	0.00e+00
 3.46226e+15	3.35e-12	5.63e-08	1.25e-04	1.36e-02	1.47e-01	8.39e-01	0.00e+00	0.00e+00
 3.58930e+15	4.65e-12	7.42e-08	1.55e-04	1.57e-02	1.58e-01	8.26e-01	0.00e+00	0.00e+00
 3.69984e+15	6.14e-12	9.38e-08	1.87e-04	1.76e-02	1.68e-01	8.14e-01	0.00e+00	0.00e+00
 3.81808e+15	8.22e-12	1.20e-07	2.26e-04	1.99e-02	1.78e-01	8.02e-01	0.00e+00	0.00e+00
 3.96263e+15	1.16e-11	1.60e-07	2.83e-04	2.30e-02	1.91e-01	7.85e-01	0.00e+00	0.00e+00
 4.10557e+15	1.59e-11	2.09e-07	3.49e-04	2.64e-02	2.04e-01	7.69e-01	0.00e+00	0.00e+00
 4.23130e+15	2.10e-11	2.63e-07	4.19e-04	2.96e-02	2.16e-01	7.54e-01	0.00e+00	0.00e+00
 4.37047e+15	2.84e-11	3.38e-07	5.08e-04	3.35e-02	2.29e-01	7.37e-01	0.00e+00	0.00e+00
 4.53813e+15	4.01e-11	4.52e-07	6.37e-04	3.86e-02	2.44e-01	7.17e-01	0.00e+00	0.00e+00
 4.69734e+15	5.45e-11	5.85e-07	7.80e-04	4.39e-02	2.59e-01	6.97e-01	0.00e+00	0.00e+00
 4.83028e+15	7.01e-11	7.23e-07	9.19e-04	4.87e-02	2.71e-01	6.80e-01	0.00e+00	0.00e+00
 4.95068e+15	8.74e-11	8.70e-07	1.06e-03	5.33e-02	2.82e-01	6.64e-01	0.00e+00	0.00e+00
 5.08331e+15	1.12e-10	1.06e-06	1.24e-03	5.87e-02	2.94e-01	6.47e-01	0.00e+00	0.00e+00
 5.22932e+15	1.44e-10	1.32e-06	1.46e-03	6.50e-02	3.06e-01	6.27e-01	0.00e+00	0.00e+00
 5.36528e+15	1.81e-10	1.59e-06	1.70e-03	7.12e-02	3.18e-01	6.09e-01	0.00e+00	0.00e+00
 5.51460e+15	2.32e-10	1.96e-06	1.99e-03	7.86e-02	3.31e-01	5.89e-01	0.00e+00	0.00e+00
 5.67767e+15	3.01e-10	2.43e-06	2.35e-03	8.69e-02	3.44e-01	5.67e-01	0.00e+00	0.00e+00
 5.82938e+15	3.80e-10	2.95e-06	2.73e-03	9.52e-02	3.55e-01	5.47e-01	0.00e+00	0.00e+00
 5.99738e+15	4.92e-10	3.66e-06	3.22e-03	1.05e-01	3.68e-01	5.24e-01	0.00e+00	0.00e+00
 6.18097e+15	6.41e-10	4.56e-06	3.82e-03	1.16e-01	3.81e-01	4.99e-01	0.00e+00	0.00e+00
 6.35231e+15	8.14e-10	5.56e-06	4.45e-03	1.27e-01	3.91e-01	4.77e-01	0.00e+00	0.00e+00
 6.54254e+15	1.06e-09	6.92e-06	5.26e-03	1.40e-01	4.03e-01	4.52e-01	0.00e+00	0.00e+00
 6.74670e+15	1.39e-09	8.62e-06	6.24e-03	1.54e-01	4.14e-01	4.26e-01	0.00e+00	0.00e+00
 6.92751e+15	1.74e-09	1.04e-05	7.21e-03	1.68e-01	4.22e-01	4.03e-01	0.00e+00	0.00e+00
 7.12114e+15	2.23e-09	1.28e-05	8.41e-03	1.83e-01	4.30e-01	3.79e-01	0.00e+00	0.00e+00
 7.33542e+15	2.89e-09	1.58e-05	9.91e-03	2.00e-01	4.37e-01	3.53e-01	0.00e+00	0.00e+00
 7.53298e+15	3.62e-09	1.90e-05	1.14e-02	2.16e-01	4.42e-01	3.30e-01	0.00e+00	0.00e+00
 7.74622e+15	4.66e-09	2.33e-05	1.33e-02	2.35e-01	4.46e-01	3.06e-01	0.00e+00	0.00e+00
 7.97779e+15	6.02e-09	2.87e-05	1.57e-02	2.55e-01	4.49e-01	2.81e-01	0.00e+00	0.00e+00
 8.17467e+15	7.39e-09	3.40e-05	1.78e-02	2.72e-01	4.49e-01	2.61e-01	0.00e+00	0.00e+00
 8.34329e+15	8.84e-09	3.93e-05	1.99e-02	2.88e-01	4.49e-01	2.44e-01	0.00e+00	0.00e+00
 8.53369e+15	1.09e-08	4.64e-05	2.25e-02	3.05e-01	4.47e-01	2.26e-01	0.00e+00	0.00e+00
 8.74761e+15	1.36e-08	5.56e-05	2.58e-02	3.25e-01	4.43e-01	2.06e-01	0.00e+00	0.00e+00
 8.94462e+15	1.65e-08	6.49e-05	2.91e-02	3.44e-01	4.38e-01	1.89e-01	0.00e+00	0.00e+00
 9.12295e+15	1.97e-08	7.50e-05	3.24e-02	3.61e-01	4.33e-01	1.74e-01	0.00e+00	0.00e+00
 9.32447e+15	2.44e-08	8.88e-05	3.67e-02	3.80e-01	4.25e-01	1.58e-01	0.00e+00	0.00e+00
 9.54086e+15	3.02e-08	1.05e-04	4.18e-02	4.01e-01	4.15e-01	1.42e-01	0.00e+00	0.00e+00
 9.73078e+15	3.63e-08	1.22e-04	4.66e-02	4.18e-01	4.06e-01	1.29e-01	0.00e+00	0.00e+00
 9.90496e+15	4.33e-08	1.40e-04	5.16e-02	4.35e-01	3.96e-01	1.18e-01	0.00e+00	0.00e+00
 1.01045e+16	5.30e-08	1.65e-04	5.80e-02	4.53e-01	3.84e-01	1.05e-01	0.00e+00	0.00e+00
 1.03180e+16	6.59e-08	1.95e-04	6.57e-02	4.72e-01	3.69e-01	9.27e-02	0.00e+00	0.00e+00
 1.05022e+16	7.91e-08	2.25e-04	7.29e-02	4.88e-01	3.56e-01	8.30e-02	0.00e+00	0.00e+00
 1.06668e+16	9.37e-08	2.57e-04	8.02e-02	5.02e-01	3.43e-01	7.46e-02	0.00e+00	0.00e+00
 1.08534e+16	1.14e-07	3.00e-04	8.95e-02	5.17e-01	3.27e-01	6.57e-02	0.00e+00	0.00e+00
 1.10531e+16	1.42e-07	3.56e-04	1.01e-01	5.32e-01	3.10e-01	5.68e-02	0.00e+00	0.00e+00
 1.12225e+16	1.70e-07	4.08e-04	1.11e-01	5.44e-01	2.95e-01	5.01e-02	0.00e+00	0.00e+00
 1.13700e+16	2.00e-07	4.63e-04	1.21e-01	5.53e-01	2.80e-01	4.45e-02	0.00e+00	0.00e+00
 1.15360e+16	2.33e-07	5.24e-04	1.33e-01	5.63e-01	2.64e-01	3.88e-02	0.00e+00	0.00e+00
 1.17175e+16	3.02e-07	6.35e-04	1.50e-01	5.72e-01	2.45e-01	3.26e-02	0.00e+00	0.00e+00
 1.18624e+16	3.57e-07	7.21e-04	1.63e-01	5.78e-01	2.30e-01	2.84e-02	0.00e+00	0.00e+00
 1.19724e+16	4.09e-07	8.00e-04	1.75e-01	5.82e-01	2.17e-01	2.53e-02	0.00e+00	0.00e+00
 1.20941e+16	4.61e-07	8.81e-04	1.88e-01	5.85e-01	2.04e-01	2.23e-02	0.00e+00	0.00e+00
 1.22523e+16	5.64e-07	1.03e-03	2.07e-01	5.88e-01	1.86e-01	1.84e-02	0.00e+00	0.00e+00
 1.24065e+16	6.94e-07	1.20e-03	2.28e-01	5.88e-01	1.68e-01	1.51e-02	0.00e+00	0.00e+00
 1.25044e+16	8.40e-07	1.37e-03	2.44e-01	5.86e-01	1.56e-01	1.30e-02	0.00e+00	0.00e+00
 1.25579e+16	9.05e-07	1.45e-03	2.52e-01	5.85e-01	1.50e-01	1.20e-02	0.00e+00	0.00e+00
 1.26049e+16	9.74e-07	1.53e-03	2.60e-01	5.84e-01	1.44e-01	1.11e-02	0.00e+00	0.00e+00
 1.26660e+16	1.04e-06	1.62e-03	2.70e-01	5.82e-01	1.36e-01	1.01e-02	0.00e+00	0.00e+00
 1.27454e+16	1.18e-06	1.77e-03	2.84e-01	5.79e-01	1.27e-01	8.78e-03	0.00e+00	0.00e+00
 1.28296e+16	1.39e-06	1.99e-03	3.00e-01	5.74e-01	1.16e-01	7.44e-03	0.00e+00	0.00e+00
 1.28952e+16	1.55e-06	2.16e-03	3.13e-01	5.70e-01	1.08e-01	6.52e-03	0.00e+00	0.00e+00
 1.29465e+16	1.65e-06	2.26e-03	3.23e-01	5.67e-01	1.03e-01	5.91e-03	0.00e+00	0.00e+00
 1.30041e+16	1.87e-06	2.48e-03	3.36e-01	5.61e-01	9.53e-02	5.14e-03	0.00e+00	0.00e+00
 1.30655e+16	2.03e-06	2.63e-03	3.48e-01	5.57e-01	8.83e-02	4.49e-03	0.00e+00	0.00e+00
 1.31321e+16	2.29e-06	2.88e-03	3.63e-01	5.50e-01	8.05e-02	3.78e-03	0.00e+00	0.00e+00
 1.32016e+16	2.61e-06	3.15e-03	3.78e-01	5.43e-01	7.27e-02	3.14e-03	0.00e+00	0.00e+00
 1.32594e+16	3.01e-06	3.48e-03	3.93e-01	5.35e-01	6.61e-02	2.63e-03	0.00e+00	0.00e+00
 1.33057e+16	3.20e-06	3.65e-03	4.02e-01	5.30e-01	6.15e-02	2.31e-03	0.00e+00	0.00e+00
 1.33528e+16	3.60e-06	3.96e-03	4.15e-01	5.23e-01	5.63e-02	1.96e-03	0.00e+00	0.00e+00
 1.34060e+16	3.92e-06	4.21e-03	4.27e-01	5.16e-01	5.11e-02	1.65e-03	0.00e+00	0.00e+00
 1.34670e+16	4.56e-06	4.68e-03	4.42e-01	5.07e-01	4.50e-02	1.31e-03	0.00e+00	0.00e+00
 1.35280e+16	5.15e-06	5.11e-03	4.57e-01	4.97e-01	3.97e-02	1.04e-03	0.00e+00	0.00e+00
 1.35785e+16	5.72e-06	5.50e-03	4.69e-01	4.89e-01	3.55e-02	8.50e-04	0.00e+00	0.00e+00
 1.36340e+16	6.46e-06	5.98e-03	4.82e-01	4.80e-01	3.11e-02	6.68e-04	0.00e+00	0.00e+00
 1.36965e+16	7.35e-06	6.55e-03	4.96e-01	4.70e-01	2.68e-02	5.08e-04	0.00e+00	0.00e+00
 1.37571e+16	8.35e-06	7.16e-03	5.10e-01	4.59e-01	2.29e-02	3.84e-04	0.00e+00	0.00e+00
 1.38249e+16	9.64e-06	7.91e-03	5.25e-01	4.47e-01	1.91e-02	2.76e-04	0.00e+00	0.00e+00
 1.38994e+16	1.12e-05	8.80e-03	5.41e-01	4.34e-01	1.56e-02	1.90e-04	0.00e+00	0.00e+00
 1.39698e+16	1.30e-05	9.74e-03	5.56e-01	4.21e-01	1.28e-02	1.33e-04	0.00e+00	0.00e+00
 1.40269e+16	1.46e-05	1.05e-02	5.67e-01	4.12e-01	1.09e-02	9.95e-05	0.00e+00	0.00e+00
 1.40710e+16	1.59e-05	1.12e-02	5.75e-01	4.04e-01	9.62e-03	7.89e-05	0.00e+00	0.00e+00
 1.41198e+16	1.76e-05	1.20e-02	5.85e-01	3.95e-01	8.31e-03	6.04e-05	0.00e+00	0.00e+00
 1.41832e+16	2.00e-05	1.31e-02	5.97e-01	3.83e-01	6.88e-03	4.27e-05	0.00e+00	0.00e+00
 1.42510e+16	2.29e-05	1.43e-02	6.09e-01	3.71e-01	5.64e-03	2.97e-05	0.00e+00	0.00e+00
 1.43114e+16	2.58e-05	1.55e-02	6.19e-01	3.61e-01	4.74e-03	2.16e-05	0.00e+00	0.00e+00
 1.43766e+16	2.94e-05	1.69e-02	6.30e-01	3.49e-01	3.90e-03	1.51e-05	0.00e+00	0.00e+00
 1.44499e+16	3.39e-05	1.87e-02	6.43e-01	3.36e-01	3.15e-03	1.02e-05	0.00e+00	0.00e+00
 1.45195e+16	3.89e-05	2.04e-02	6.54e-01	3.23e-01	2.59e-03	7.06e-06	0.00e+00	0.00e+00
 1.45825e+16	4.42e-05	2.22e-02	6.64e-01	3.12e-01	2.16e-03	5.06e-06	0.00e+00	0.00e+00
 1.46412e+16	4.96e-05	2.41e-02	6.73e-01	3.01e-01	1.82e-03	3.71e-06	0.00e+00	0.00e+00
 1.47073e+16	5.68e-05	2.63e-02	6.83e-01	2.89e-01	1.50e-03	2.60e-06	0.00e+00	0.00e+00
 1.47792e+16	6.57e-05	2.90e-02	6.93e-01	2.76e-01	1.23e-03	1.79e-06	0.00e+00	0.00e+00
 1.48426e+16	7.51e-05	3.17e-02	7.02e-01	2.65e-01	1.02e-03	1.29e-06	0.00e+00	0.00e+00
 1.48990e+16	8.46e-05	3.44e-02	7.10e-01	2.54e-01	8.71e-04	9.57e-07	0.00e+00	0.00e+00
 1.49624e+16	9.70e-05	3.76e-02	7.19e-01	2.43e-01	7.22e-04	0.00e+00	0.00e+00	0.00e+00
 1.50313e+16	1.13e-04	4.16e-02	7.28e-01	2.30e-01	5.92e-04	0.00e+00	0.00e+00	0.00e+00
 1.50920e+16	1.29e-04	4.55e-02	7.35e-01	2.19e-01	4.97e-04	0.00e+00	0.00e+00	0.00e+00
 1.51449e+16	1.46e-04	4.93e-02	7.41e-01	2.09e-01	4.25e-04	0.00e+00	0.00e+00	0.00e+00
 1.52032e+16	1.67e-04	5.40e-02	7.48e-01	1.98e-01	3.55e-04	0.00e+00	0.00e+00	0.00e+00
 1.52671e+16	1.95e-04	5.98e-02	7.54e-01	1.86e-01	2.93e-04	0.00e+00	0.00e+00	0.00e+00
 1.53235e+16	2.24e-04	6.55e-02	7.58e-01	1.76e-01	2.46e-04	0.00e+00	0.00e+00	0.00e+00
 1.53726e+16	2.53e-04	7.10e-02	7.62e-01	1.66e-01	2.11e-04	0.00e+00	0.00e+00	0.00e+00
 1.54272e+16	2.91e-04	7.79e-02	7.65e-01	1.56e-01	1.76e-04	0.00e+00	0.00e+00	0.00e+00
 1.54866e+16	3.40e-04	8.62e-02	7.68e-01	1.46e-01	1.45e-04	0.00e+00	0.00e+00	0.00e+00
 1.55389e+16	3.92e-04	9.47e-02	7.69e-01	1.36e-01	1.22e-04	0.00e+00	0.00e+00	0.00e+00
 1.55843e+16	4.44e-04	1.03e-01	7.69e-01	1.28e-01	1.04e-04	0.00e+00	0.00e+00	0.00e+00
 1.56341e+16	5.10e-04	1.13e-01	7.68e-01	1.19e-01	8.70e-05	0.00e+00	0.00e+00	0.00e+00
 1.56889e+16	5.99e-04	1.25e-01	7.65e-01	1.09e-01	7.13e-05	0.00e+00	0.00e+00	0.00e+00
 1.57378e+16	6.94e-04	1.37e-01	7.61e-01	1.01e-01	5.92e-05	0.00e+00	0.00e+00	0.00e+00
 1.57805e+16	7.89e-04	1.49e-01	7.56e-01	9.34e-02	5.01e-05	0.00e+00	0.00e+00	0.00e+00
 1.58274e+16	9.13e-04	1.64e-01	7.50e-01	8.55e-02	4.13e-05	0.00e+00	0.00e+00	0.00e+00
 1.58790e+16	1.08e-03	1.82e-01	7.40e-01	7.70e-02	3.32e-05	0.00e+00	0.00e+00	0.00e+00
 1.59253e+16	1.26e-03	2.01e-01	7.28e-01	6.96e-02	2.70e-05	0.00e+00	0.00e+00	0.00e+00
 1.59659e+16	1.45e-03	2.19e-01	7.16e-01	6.33e-02	2.24e-05	0.00e+00	0.00e+00	0.00e+00
 1.60109e+16	1.69e-03	2.41e-01	7.01e-01	5.65e-02	1.80e-05	0.00e+00	0.00e+00	0.00e+00
 1.60611e+16	2.02e-03	2.69e-01	6.80e-01	4.92e-02	1.39e-05	0.00e+00	0.00e+00	0.00e+00
 1.61071e+16	2.40e-03	2.98e-01	6.56e-01	4.28e-02	1.08e-05	0.00e+00	0.00e+00	0.00e+00
 1.61487e+16	2.80e-03	3.28e-01	6.32e-01	3.73e-02	8.44e-06	0.00e+00	0.00e+00	0.00e+00
 1.61952e+16	3.35e-03	3.64e-01	6.02e-01	3.15e-02	6.32e-06	0.00e+00	0.00e+00	0.00e+00
 1.62466e+16	4.11e-03	4.08e-01	5.62e-01	2.55e-02	4.46e-06	0.00e+00	0.00e+00	0.00e+00
 1.62917e+16	4.95e-03	4.53e-01	5.22e-01	2.07e-02	3.19e-06	0.00e+00	0.00e+00	0.00e+00
 1.63291e+16	5.77e-03	4.92e-01	4.85e-01	1.71e-02	2.36e-06	0.00e+00	0.00e+00	0.00e+00
 1.63690e+16	6.83e-03	5.36e-01	4.44e-01	1.36e-02	1.66e-06	0.00e+00	0.00e+00	0.00e+00
 1.64104e+16	8.17e-03	5.85e-01	3.97e-01	1.04e-02	1.12e-06	0.00e+00	0.00e+00	0.00e+00
 1.64430e+16	9.47e-03	6.26e-01	3.57e-01	8.21e-03	7.85e-07	0.00e+00	0.00e+00	0.00e+00
 1.64691e+16	1.07e-02	6.58e-01	3.25e-01	6.68e-03	0.00e+00	0.00e+00	0.00e+00	0.00e+00
 1.64971e+16	1.21e-02	6.92e-01	2.90e-01	5.25e-03	0.00e+00	0.00e+00	0.00e+00	0.00e+00
 1.65284e+16	1.39e-02	7.31e-01	2.51e-01	3.90e-03	0.00e+00	0.00e+00	0.00e+00	0.00e+00
 1.65566e+16	1.59e-02	7.64e-01	2.17e-01	2.90e-03	0.00e+00	0.00e+00	0.00e+00	0.00e+00
 1.65801e+16	1.79e-02	7.91e-01	1.89e-01	2.21e-03	0.00e+00	0.00e+00	0.00e+00	0.00e+00
 1.66016e+16	1.98e-02	8.14e-01	1.64e-01	1.69e-03	0.00e+00	0.00e+00	0.00e+00	0.00e+00
 1.66263e+16	2.23e-02	8.38e-01	1.39e-01	1.22e-03	0.00e+00	0.00e+00	0.00e+00	0.00e+00
 1.66528e+16	2.55e-02	8.60e-01	1.13e-01	8.30e-04	0.00e+00	0.00e+00	0.00e+00	0.00e+00
 1.66750e+16	2.86e-02	8.78e-01	9.33e-02	5.79e-04	0.00e+00	0.00e+00	0.00e+00	0.00e+00
 1.66931e+16	3.16e-02	8.89e-01	7.89e-02	4.25e-04	0.00e+00	0.00e+00	0.00e+00	0.00e+00
 1.67097e+16	3.45e-02	8.98e-01	6.69e-02	3.15e-04	0.00e+00	0.00e+00	0.00e+00	0.00e+00
 1.67288e+16	3.83e-02	9.07e-01	5.49e-02	2.19e-04	0.00e+00	0.00e+00	0.00e+00	0.00e+00
 1.67501e+16	4.31e-02	9.13e-01	4.32e-02	1.42e-04	0.00e+00	0.00e+00	0.00e+00	0.00e+00
 1.67693e+16	4.83e-02	9.17e-01	3.42e-02	9.31e-05	0.00e+00	0.00e+00	0.00e+00	0.00e+00
 1.67854e+16	5.32e-02	9.19e-01	2.77e-02	6.39e-05	0.00e+00	0.00e+00	0.00e+00	0.00e+00
 1.68001e+16	5.81e-02	9.19e-01	2.26e-02	4.45e-05	0.00e+00	0.00e+00	0.00e+00	0.00e+00
 1.68168e+16	6.44e-02	9.18e-01	1.79e-02	2.91e-05	0.00e+00	0.00e+00	0.00e+00	0.00e+00
 1.68345e+16	7.19e-02	9.14e-01	1.37e-02	1.80e-05	0.00e+00	0.00e+00	0.00e+00	0.00e+00
 1.68492e+16	7.89e-02	9.10e-01	1.08e-02	1.19e-05	0.00e+00	0.00e+00	0.00e+00	0.00e+00
 1.68613e+16	8.54e-02	9.06e-01	8.80e-03	8.27e-06	0.00e+00	0.00e+00	0.00e+00	0.00e+00
 1.68727e+16	9.19e-02	9.01e-01	7.23e-03	5.83e-06	0.00e+00	0.00e+00	0.00e+00	0.00e+00
 1.68839e+16	9.89e-02	8.95e-01	5.93e-03	4.09e-06	0.00e+00	0.00e+00	0.00e+00	0.00e+00
 1.68944e+16	1.06e-01	8.89e-01	4.88e-03	2.90e-06	0.00e+00	0.00e+00	0.00e+00	0.00e+00
 1.69040e+16	1.13e-01	8.83e-01	4.07e-03	2.10e-06	0.00e+00	0.00e+00	0.00e+00	0.00e+00
 1.69127e+16	1.19e-01	8.78e-01	3.44e-03	1.56e-06	0.00e+00	0.00e+00	0.00e+00	0.00e+00
 1.69192e+16	1.24e-01	8.73e-01	3.03e-03	1.25e-06	0.00e+00	0.00e+00	0.00e+00	0.00e+00
 1.69236e+16	1.28e-01	8.70e-01	2.78e-03	1.07e-06	0.00e+00	0.00e+00	0.00e+00	0.00e+00
 1.69278e+16	1.31e-01	8.66e-01	2.56e-03	9.21e-07	0.00e+00	0.00e+00	0.00e+00	0.00e+00
 1.69326e+16	1.35e-01	8.62e-01	2.31e-03	0.00e+00	0.00e+00	0.00e+00	0.00e+00	0.00e+00
 1.69379e+16	1.40e-01	8.58e-01	2.08e-03	0.00e+00	0.00e+00	0.00e+00	0.00e+00	0.00e+00
 1.69429e+16	1.44e-01	8.54e-01	1.87e-03	0.00e+00	0.00e+00	0.00e+00	0.00e+00	0.00e+00
 1.69476e+16	1.49e-01	8.50e-01	1.69e-03	0.00e+00	0.00e+00	0.00e+00	0.00e+00	0.00e+00
 1.69523e+16	1.53e-01	8.45e-01	1.53e-03	0.00e+00	0.00e+00	0.00e+00	0.00e+00	0.00e+00
 1.69570e+16	1.58e-01	8.41e-01	1.38e-03	0.00e+00	0.00e+00	0.00e+00	0.00e+00	0.00e+00
 1.69617e+16	1.63e-01	8.36e-01	1.25e-03	0.00e+00	0.00e+00	0.00e+00	0.00e+00	0.00e+00
 1.69663e+16	1.67e-01	8.31e-01	1.13e-03	0.00e+00	0.00e+00	0.00e+00	0.00e+00	0.00e+00
 1.69709e+16	1.73e-01	8.26e-01	1.02e-03	0.00e+00	0.00e+00	0.00e+00	0.00e+00	0.00e+00
 1.69755e+16	1.77e-01	8.22e-01	9.18e-04	0.00e+00	0.00e+00	0.00e+00	0.00e+00	0.00e+00
 1.69799e+16	1.83e-01	8.17e-01	8.29e-04	0.00e+00	0.00e+00	0.00e+00	0.00e+00	0.00e+00
 1.69843e+16	1.88e-01	8.12e-01	7.49e-04	0.00e+00	0.00e+00	0.00e+00	0.00e+00	0.00e+00
 1.69888e+16	1.93e-01	8.06e-01	6.75e-04	0.00e+00	0.00e+00	0.00e+00	0.00e+00	0.00e+00
 1.69931e+16	1.99e-01	8.01e-01	6.09e-04	0.00e+00	0.00e+00	0.00e+00	0.00e+00	0.00e+00
 1.69975e+16	2.05e-01	7.95e-01	5.48e-04	0.00e+00	0.00e+00	0.00e+00	0.00e+00	0.00e+00
 1.70018e+16	2.10e-01	7.89e-01	4.94e-04	0.00e+00	0.00e+00	0.00e+00	0.00e+00	0.00e+00
 1.70061e+16	2.16e-01	7.83e-01	4.45e-04	0.00e+00	0.00e+00	0.00e+00	0.00e+00	0.00e+00
 1.70103e+16	2.22e-01	7.77e-01	4.01e-04	0.00e+00	0.00e+00	0.00e+00	0.00e+00	0.00e+00
 1.70145e+16	2.29e-01	7.71e-01	3.62e-04	0.00e+00	0.00e+00	0.00e+00	0.00e+00	0.00e+00
 1.70187e+16	2.35e-01	7.64e-01	3.25e-04	0.00e+00	0.00e+00	0.00e+00	0.00e+00	0.00e+00
 1.70229e+16	2.42e-01	7.58e-01	2.92e-04	0.00e+00	0.00e+00	0.00e+00	0.00e+00	0.00e+00
 1.70270e+16	2.50e-01	7.50e-01	2.63e-04	0.00e+00	0.00e+00	0.00e+00	0.00e+00	0.00e+00
 1.70311e+16	2.57e-01	7.43e-01	2.37e-04	0.00e+00	0.00e+00	0.00e+00	0.00e+00	0.00e+00
 1.70352e+16	2.65e-01	7.35e-01	2.12e-04	0.00e+00	0.00e+00	0.00e+00	0.00e+00	0.00e+00
 1.70393e+16	2.73e-01	7.27e-01	1.91e-04	0.00e+00	0.00e+00	0.00e+00	0.00e+00	0.00e+00
 1.70433e+16	2.82e-01	7.18e-01	1.71e-04	0.00e+00	0.00e+00	0.00e+00	0.00e+00	0.00e+00
 1.70472e+16	2.91e-01	7.09e-01	1.54e-04	0.00e+00	0.00e+00	0.00e+00	0.00e+00	0.00e+00
 1.70511e+16	3.00e-01	7.00e-01	1.38e-04	0.00e+00	0.00e+00	0.00e+00	0.00e+00	0.00e+00
 1.70549e+16	3.10e-01	6.90e-01	1.24e-04	0.00e+00	0.00e+00	0.00e+00	0.00e+00	0.00e+00
 1.70587e+16	3.20e-01	6.80e-01	1.12e-04	0.00e+00	0.00e+00	0.00e+00	0.00e+00	0.00e+00
 1.70625e+16	3.30e-01	6.69e-01	1.00e-04	0.00e+00	0.00e+00	0.00e+00	0.00e+00	0.00e+00
 1.70662e+16	3.41e-01	6.59e-01	9.02e-05	0.00e+00	0.00e+00	0.00e+00	0.00e+00	0.00e+00
 1.70698e+16	3.54e-01	6.46e-01	8.10e-05	0.00e+00	0.00e+00	0.00e+00	0.00e+00	0.00e+00
 1.70735e+16	3.64e-01	6.36e-01	7.30e-05	0.00e+00	0.00e+00	0.00e+00	0.00e+00	0.00e+00
 1.70771e+16	3.80e-01	6.20e-01	6.52e-05	0.00e+00	0.00e+00	0.00e+00	0.00e+00	0.00e+00
 1.70807e+16	3.92e-01	6.08e-01	5.86e-05	0.00e+00	0.00e+00	0.00e+00	0.00e+00	0.00e+00
 1.70842e+16	4.07e-01	5.93e-01	5.25e-05	0.00e+00	0.00e+00	0.00e+00	0.00e+00	0.00e+00
 1.70878e+16	4.22e-01	5.78e-01	4.70e-05	0.00e+00	0.00e+00	0.00e+00	0.00e+00	0.00e+00
 1.70914e+16	4.38e-01	5.62e-01	4.20e-05	0.00e+00	0.00e+00	0.00e+00	0.00e+00	0.00e+00
 1.70950e+16	4.54e-01	5.46e-01	3.75e-05	0.00e+00	0.00e+00	0.00e+00	0.00e+00	0.00e+00
 1.70985e+16	4.75e-01	5.25e-01	3.32e-05	0.00e+00	0.00e+00	0.00e+00	0.00e+00	0.00e+00
 1.71021e+16	4.94e-01	5.06e-01	2.96e-05	0.00e+00	0.00e+00	0.00e+00	0.00e+00	0.00e+00
 1.71056e+16	5.13e-01	4.87e-01	2.62e-05	0.00e+00	0.00e+00	0.00e+00	0.00e+00	0.00e+00
 1.71093e+16	5.34e-01	4.66e-01	2.32e-05	0.00e+00	0.00e+00	0.00e+00	0.00e+00	0.00e+00
 1.71129e+16	5.55e-01	4.45e-01	2.04e-05	0.00e+00	0.00e+00	0.00e+00	0.00e+00	0.00e+00
 1.71167e+16	5.78e-01	4.22e-01	1.80e-05	0.00e+00	0.00e+00	0.00e+00	0.00e+00	0.00e+00
 1.71204e+16	6.01e-01	3.99e-01	1.57e-05	0.00e+00	0.00e+00	0.00e+00	0.00e+00	0.00e+00
 1.71242e+16	6.24e-01	3.76e-01	1.37e-05	0.00e+00	0.00e+00	0.00e+00	0.00e+00	0.00e+00
 1.71281e+16	6.49e-01	3.51e-01	1.19e-05	0.00e+00	0.00e+00	0.00e+00	0.00e+00	0.00e+00
 1.71316e+16	6.70e-01	3.30e-01	1.06e-05	0.00e+00	0.00e+00	0.00e+00	0.00e+00	0.00e+00
 1.71343e+16	6.86e-01	3.14e-01	9.59e-06	0.00e+00	0.00e+00	0.00e+00	0.00e+00	0.00e+00
 1.71369e+16	7.01e-01	2.99e-01	8.74e-06	0.00e+00	0.00e+00	0.00e+00	0.00e+00	0.00e+00
 1.71396e+16	7.15e-01	2.85e-01	7.96e-06	0.00e+00	0.00e+00	0.00e+00	0.00e+00	0.00e+00
 1.71424e+16	7.32e-01	2.68e-01	7.14e-06	0.00e+00	0.00e+00	0.00e+00	0.00e+00	0.00e+00
 1.71452e+16	7.46e-01	2.54e-01	6.50e-06	0.00e+00	0.00e+00	0.00e+00	0.00e+00	0.00e+00
 1.71478e+16	7.60e-01	2.40e-01	5.91e-06	0.00e+00	0.00e+00	0.00e+00	0.00e+00	0.00e+00
 1.71505e+16	7.74e-01	2.26e-01	5.37e-06	0.00e+00	0.00e+00	0.00e+00	0.00e+00	0.00e+00
 1.71532e+16	7.87e-01	2.13e-01	4.88e-06	0.00e+00	0.00e+00	0.00e+00	0.00e+00	0.00e+00
 1.71558e+16	7.99e-01	2.01e-01	4.45e-06	0.00e+00	0.00e+00	0.00e+00	0.00e+00	0.00e+00
 1.71584e+16	8.10e-01	1.90e-01	4.07e-06	0.00e+00	0.00e+00	0.00e+00	0.00e+00	0.00e+00
 1.71611e+16	8.21e-01	1.79e-01	3.71e-06	0.00e+00	0.00e+00	0.00e+00	0.00e+00	0.00e+00
 1.71638e+16	8.32e-01	1.68e-01	3.39e-06	0.00e+00	0.00e+00	0.00e+00	0.00e+00	0.00e+00
 1.71665e+16	8.42e-01	1.58e-01	3.10e-06	0.00e+00	0.00e+00	0.00e+00	0.00e+00	0.00e+00
 1.71692e+16	8.51e-01	1.49e-01	2.84e-06	0.00e+00	0.00e+00	0.00e+00	0.00e+00	0.00e+00
 1.71720e+16	8.60e-01	1.40e-01	2.60e-06	0.00e+00	0.00e+00	0.00e+00	0.00e+00	0.00e+00
 1.71748e+16	8.68e-01	1.32e-01	2.39e-06	0.00e+00	0.00e+00	0.00e+00	0.00e+00	0.00e+00
 1.71777e+16	8.76e-01	1.24e-01	2.18e-06	0.00e+00	0.00e+00	0.00e+00	0.00e+00	0.00e+00
 1.71807e+16	8.83e-01	1.17e-01	2.01e-06	0.00e+00	0.00e+00	0.00e+00	0.00e+00	0.00e+00
 1.71838e+16	8.90e-01	1.10e-01	1.84e-06	0.00e+00	0.00e+00	0.00e+00	0.00e+00	0.00e+00
 1.71870e+16	8.96e-01	1.04e-01	1.71e-06	0.00e+00	0.00e+00	0.00e+00	0.00e+00	0.00e+00
 1.71902e+16	9.02e-01	9.83e-02	1.58e-06	0.00e+00	0.00e+00	0.00e+00	0.00e+00	0.00e+00
 1.71936e+16	9.08e-01	9.22e-02	1.45e-06	0.00e+00	0.00e+00	0.00e+00	0.00e+00	0.00e+00
 1.71972e+16	9.13e-01	8.68e-02	1.34e-06	0.00e+00	0.00e+00	0.00e+00	0.00e+00	0.00e+00
