#depth	C	C+	C+2	C+3	C+4	C+5	C+6	C[1]	C[2]	C[3]	C+[1]	C+[2]	CO
 1.49634e+10	0.00e+00	0.00e+00	1.53e-30	9.08e-21	2.14e-10	2.29e-04	1.00e+00	0.00e+00	0.00e+00	0.00e+00	0.00e+00	0.00e+00	0.00e+00
 4.54887e+10	0.00e+00	1.71e-40	2.09e-30	1.15e-20	2.50e-10	2.48e-04	1.00e+00	0.00e+00	0.00e+00	0.00e+00	0.00e+00	0.00e+00	0.00e+00
 7.72350e+10	0.00e+00	0.00e+00	2.87e-30	1.46e-20	2.93e-10	2.68e-04	1.00e+00	0.00e+00	0.00e+00	0.00e+00	0.00e+00	0.00e+00	0.00e+00
 1.10251e+11	0.00e+00	3.76e-40	3.94e-30	1.85e-20	3.43e-10	2.89e-04	1.00e+00	0.00e+00	0.00e+00	0.00e+00	0.00e+00	0.00e+00	0.00e+00
 1.40351e+11	0.00e+00	0.00e+00	5.20e-30	2.27e-20	3.94e-10	3.10e-04	1.00e+00	0.00e+00	0.00e+00	0.00e+00	0.00e+00	0.00e+00	6.95e-263
 1.65919e+11	0.00e+00	7.07e-40	6.54e-30	2.70e-20	4.42e-10	3.27e-04	1.00e+00	0.00e+00	0.00e+00	0.00e+00	0.00e+00	0.00e+00	0.00e+00
 1.94210e+11	0.00e+00	0.00e+00	8.39e-30	3.25e-20	5.01e-10	3.47e-04	1.00e+00	0.00e+00	0.00e+00	0.00e+00	0.00e+00	0.00e+00	2.03e-211
 2.29368e+11	0.00e+00	1.40e-39	1.13e-29	4.07e-20	5.82e-10	3.73e-04	1.00e+00	0.00e+00	0.00e+00	0.00e+00	0.00e+00	0.00e+00	5.94e-216
 2.66237e+11	0.00e+00	0.00e+00	1.52e-29	5.08e-20	6.75e-10	4.01e-04	1.00e+00	0.00e+00	0.00e+00	0.00e+00	0.00e+00	0.00e+00	1.10e-268
 3.00731e+11	0.00e+00	2.85e-39	1.99e-29	6.23e-20	7.74e-10	4.28e-04	1.00e+00	0.00e+00	0.00e+00	0.00e+00	0.00e+00	0.00e+00	3.71e-227
 3.38838e+11	0.00e+00	0.00e+00	2.68e-29	7.78e-20	9.00e-10	4.60e-04	1.00e+00	0.00e+00	0.00e+00	0.00e+00	0.00e+00	0.00e+00	1.91e-285
 3.82318e+11	0.00e+00	6.11e-39	3.68e-29	9.89e-20	1.06e-09	4.98e-04	1.00e+00	0.00e+00	0.00e+00	0.00e+00	0.00e+00	0.00e+00	4.62e-166
 4.22102e+11	0.00e+00	0.00e+00	4.88e-29	1.22e-19	1.22e-09	5.33e-04	9.99e-01	0.00e+00	0.00e+00	0.00e+00	0.00e+00	0.00e+00	6.02e-213
 4.55829e+11	0.00e+00	1.16e-38	6.16e-29	1.46e-19	1.37e-09	5.64e-04	9.99e-01	0.00e+00	0.00e+00	0.00e+00	0.00e+00	0.00e+00	8.10e-260
 4.92881e+11	0.00e+00	0.00e+00	7.89e-29	1.75e-19	1.55e-09	5.97e-04	9.99e-01	0.00e+00	0.00e+00	0.00e+00	0.00e+00	0.00e+00	0.00e+00
 5.39063e+11	0.00e+00	2.30e-38	1.07e-28	2.20e-19	1.81e-09	6.44e-04	9.99e-01	0.00e+00	0.00e+00	0.00e+00	0.00e+00	0.00e+00	0.00e+00
 5.86504e+11	0.00e+00	0.00e+00	1.44e-28	2.76e-19	2.11e-09	6.93e-04	9.99e-01	0.00e+00	0.00e+00	0.00e+00	0.00e+00	0.00e+00	4.03e-211
 6.28468e+11	0.00e+00	4.58e-38	1.85e-28	3.34e-19	2.40e-09	7.37e-04	9.99e-01	0.00e+00	0.00e+00	0.00e+00	0.00e+00	0.00e+00	0.00e+00
 6.73920e+11	0.00e+00	0.00e+00	2.43e-28	4.09e-19	2.75e-09	7.85e-04	9.99e-01	0.00e+00	0.00e+00	0.00e+00	0.00e+00	0.00e+00	2.63e-223
 7.28567e+11	0.00e+00	9.46e-38	3.32e-28	5.18e-19	3.23e-09	8.49e-04	9.99e-01	0.00e+00	0.00e+00	0.00e+00	0.00e+00	0.00e+00	0.00e+00
 7.82929e+11	0.00e+00	0.00e+00	4.48e-28	6.49e-19	3.77e-09	9.13e-04	9.99e-01	0.00e+00	0.00e+00	0.00e+00	0.00e+00	0.00e+00	3.55e-250
 8.31766e+11	0.00e+00	1.90e-37	5.81e-28	7.91e-19	4.31e-09	9.73e-04	9.99e-01	0.00e+00	0.00e+00	0.00e+00	0.00e+00	0.00e+00	1.11e-208
 8.85656e+11	0.00e+00	0.00e+00	7.70e-28	9.78e-19	4.98e-09	1.04e-03	9.99e-01	0.00e+00	0.00e+00	0.00e+00	0.00e+00	0.00e+00	0.00e+00
 9.49401e+11	0.00e+00	4.02e-37	1.06e-27	1.25e-18	5.87e-09	1.13e-03	9.99e-01	0.00e+00	0.00e+00	0.00e+00	0.00e+00	0.00e+00	0.00e+00
 1.01278e+12	0.00e+00	0.00e+00	1.44e-27	1.57e-18	6.87e-09	1.21e-03	9.99e-01	0.00e+00	0.00e+00	0.00e+00	0.00e+00	0.00e+00	0.00e+00
 1.07170e+12	0.00e+00	8.30e-37	1.90e-27	1.94e-18	7.92e-09	1.30e-03	9.99e-01	0.00e+00	0.00e+00	0.00e+00	0.00e+00	0.00e+00	0.00e+00
 1.13749e+12	0.00e+00	0.00e+00	2.57e-27	2.43e-18	9.24e-09	1.39e-03	9.99e-01	0.00e+00	0.00e+00	0.00e+00	0.00e+00	0.00e+00	0.00e+00
 1.21292e+12	0.00e+00	1.82e-36	3.58e-27	3.12e-18	1.10e-08	1.51e-03	9.98e-01	0.00e+00	0.00e+00	0.00e+00	0.00e+00	0.00e+00	0.00e+00
 1.28449e+12	1.47e-46	2.65e-36	4.85e-27	3.93e-18	1.28e-08	1.63e-03	9.98e-01	0.00e+00	0.00e+00	0.00e+00	0.00e+00	0.00e+00	5.22e-138
 1.34839e+12	0.00e+00	0.00e+00	6.31e-27	4.80e-18	1.47e-08	1.74e-03	9.98e-01	0.00e+00	0.00e+00	0.00e+00	0.00e+00	0.00e+00	0.00e+00
 1.41920e+12	0.00e+00	5.25e-36	8.40e-27	5.95e-18	1.70e-08	1.86e-03	9.98e-01	0.00e+00	0.00e+00	0.00e+00	0.00e+00	0.00e+00	2.98e-156
 1.50336e+12	5.38e-46	7.85e-36	1.16e-26	7.61e-18	2.02e-08	2.02e-03	9.98e-01	0.00e+00	0.00e+00	0.00e+00	0.00e+00	0.00e+00	5.14e-204
 1.58782e+12	0.00e+00	0.00e+00	1.60e-26	9.68e-18	2.38e-08	2.18e-03	9.98e-01	0.00e+00	0.00e+00	0.00e+00	0.00e+00	0.00e+00	0.00e+00
 1.66682e+12	0.00e+00	1.66e-35	2.12e-26	1.20e-17	2.76e-08	2.33e-03	9.98e-01	0.00e+00	0.00e+00	0.00e+00	0.00e+00	0.00e+00	2.66e-202
 1.73865e+12	1.92e-45	2.28e-35	2.74e-26	1.46e-17	3.15e-08	2.48e-03	9.98e-01	0.00e+00	0.00e+00	0.00e+00	0.00e+00	0.00e+00	2.79e-135
 1.80461e+12	0.00e+00	0.00e+00	3.44e-26	1.73e-17	3.54e-08	2.62e-03	9.97e-01	0.00e+00	0.00e+00	0.00e+00	0.00e+00	0.00e+00	0.00e+00
 1.88007e+12	0.00e+00	4.14e-35	4.44e-26	2.10e-17	4.04e-08	2.79e-03	9.97e-01	0.00e+00	0.00e+00	0.00e+00	0.00e+00	0.00e+00	2.59e-153
 1.97615e+12	6.27e-45	6.12e-35	6.08e-26	2.66e-17	4.76e-08	3.01e-03	9.97e-01	0.00e+00	0.00e+00	0.00e+00	0.00e+00	0.00e+00	0.00e+00
 2.07468e+12	0.00e+00	9.01e-35	8.30e-26	3.37e-17	5.59e-08	3.25e-03	9.97e-01	0.00e+00	0.00e+00	0.00e+00	0.00e+00	0.00e+00	3.26e-152
 2.15905e+12	1.46e-44	1.24e-34	1.08e-25	4.10e-17	6.39e-08	3.46e-03	9.97e-01	0.00e+00	0.00e+00	0.00e+00	0.00e+00	0.00e+00	1.57e-199
 2.24932e+12	0.00e+00	1.75e-34	1.41e-25	5.04e-17	7.37e-08	3.69e-03	9.96e-01	0.00e+00	0.00e+00	0.00e+00	0.00e+00	0.00e+00	2.78e-151
 2.36131e+12	3.58e-44	2.62e-34	1.96e-25	6.45e-17	8.72e-08	4.00e-03	9.96e-01	0.00e+00	0.00e+00	0.00e+00	0.00e+00	0.00e+00	0.00e+00
 2.47738e+12	0.00e+00	3.93e-34	2.72e-25	8.26e-17	1.03e-07	4.33e-03	9.96e-01	0.00e+00	0.00e+00	0.00e+00	0.00e+00	0.00e+00	3.83e-150
 2.58327e+12	9.00e-44	5.65e-34	3.65e-25	1.03e-16	1.20e-07	4.65e-03	9.95e-01	0.00e+00	0.00e+00	0.00e+00	0.00e+00	0.00e+00	9.93e-211
 2.70006e+12	0.00e+00	8.33e-34	4.98e-25	1.30e-16	1.41e-07	5.01e-03	9.95e-01	0.00e+00	0.00e+00	0.00e+00	0.00e+00	0.00e+00	4.31e-149
 2.83636e+12	2.42e-43	1.29e-33	7.10e-25	1.70e-16	1.70e-07	5.46e-03	9.95e-01	0.00e+00	0.00e+00	0.00e+00	0.00e+00	0.00e+00	2.32e-209
 2.95901e+12	0.00e+00	1.90e-33	9.70e-25	2.16e-16	2.00e-07	5.89e-03	9.94e-01	0.00e+00	0.00e+00	0.00e+00	0.00e+00	0.00e+00	6.09e-148
 3.05712e+12	5.53e-43	2.57e-33	1.24e-24	2.59e-16	2.26e-07	6.25e-03	9.94e-01	0.00e+00	0.00e+00	0.00e+00	0.00e+00	0.00e+00	1.12e-208
 3.16237e+12	0.00e+00	3.54e-33	1.60e-24	3.14e-16	2.58e-07	6.64e-03	9.93e-01	0.00e+00	0.00e+00	0.00e+00	0.00e+00	0.00e+00	4.37e-147
 3.29918e+12	1.32e-42	5.31e-33	2.21e-24	4.01e-16	3.05e-07	7.19e-03	9.93e-01	0.00e+00	0.00e+00	0.00e+00	0.00e+00	0.00e+00	6.05e-221
 3.44225e+12	0.00e+00	8.03e-33	3.09e-24	5.15e-16	3.62e-07	7.79e-03	9.92e-01	0.00e+00	0.00e+00	0.00e+00	0.00e+00	0.00e+00	5.90e-146
 3.56356e+12	3.29e-42	1.14e-32	4.09e-24	6.35e-16	4.17e-07	8.34e-03	9.92e-01	0.00e+00	0.00e+00	0.00e+00	0.00e+00	0.00e+00	1.33e-206
 3.69141e+12	0.00e+00	1.62e-32	5.44e-24	7.87e-16	4.83e-07	8.93e-03	9.91e-01	0.00e+00	0.00e+00	0.00e+00	0.00e+00	0.00e+00	5.40e-145
 3.85391e+12	8.57e-42	2.52e-32	7.75e-24	1.03e-15	5.79e-07	9.72e-03	9.90e-01	0.00e+00	0.00e+00	0.00e+00	0.00e+00	0.00e+00	0.00e+00
 4.01899e+12	0.00e+00	3.92e-32	1.11e-23	1.34e-15	6.93e-07	1.06e-02	9.89e-01	0.00e+00	0.00e+00	0.00e+00	0.00e+00	0.00e+00	8.54e-144
 4.15714e+12	2.26e-41	5.64e-32	1.48e-23	1.66e-15	8.04e-07	1.14e-02	9.89e-01	0.00e+00	0.00e+00	0.00e+00	0.00e+00	0.00e+00	0.00e+00
 4.30276e+12	0.00e+00	8.22e-32	2.00e-23	2.09e-15	9.37e-07	1.22e-02	9.88e-01	0.00e+00	0.00e+00	0.00e+00	0.00e+00	0.00e+00	8.44e-143
 4.48774e+12	6.23e-41	1.31e-31	2.92e-23	2.76e-15	1.13e-06	1.34e-02	9.87e-01	0.00e+00	0.00e+00	0.00e+00	0.00e+00	0.00e+00	0.00e+00
 4.67275e+12	0.00e+00	2.08e-31	4.23e-23	3.64e-15	1.37e-06	1.46e-02	9.85e-01	0.00e+00	0.00e+00	0.00e+00	0.00e+00	0.00e+00	1.47e-141
 4.82391e+12	1.68e-40	3.00e-31	5.68e-23	4.54e-15	1.59e-06	1.57e-02	9.84e-01	0.00e+00	0.00e+00	0.00e+00	0.00e+00	0.00e+00	6.75e-244
 4.98218e+12	0.00e+00	4.37e-31	7.70e-23	5.69e-15	1.85e-06	1.69e-02	9.83e-01	0.00e+00	0.00e+00	0.00e+00	0.00e+00	0.00e+00	1.42e-140
 5.18794e+12	4.71e-40	7.06e-31	1.13e-22	7.58e-15	2.24e-06	1.85e-02	9.82e-01	0.00e+00	0.00e+00	0.00e+00	0.00e+00	0.00e+00	4.45e-243
 5.40211e+12	0.00e+00	1.15e-30	1.67e-22	1.01e-14	2.73e-06	2.03e-02	9.80e-01	0.00e+00	0.00e+00	0.00e+00	0.00e+00	0.00e+00	2.65e-139
 5.58296e+12	1.36e-39	1.71e-30	2.31e-22	1.29e-14	3.21e-06	2.19e-02	9.78e-01	0.00e+00	0.00e+00	0.00e+00	0.00e+00	0.00e+00	0.00e+00
 5.76479e+12	0.00e+00	2.52e-30	3.16e-22	1.63e-14	3.75e-06	2.36e-02	9.76e-01	0.00e+00	0.00e+00	0.00e+00	0.00e+00	0.00e+00	2.85e-138
 5.98232e+12	3.72e-39	3.95e-30	4.54e-22	2.14e-14	4.51e-06	2.58e-02	9.74e-01	0.00e+00	0.00e+00	0.00e+00	0.00e+00	0.00e+00	8.35e-255
 6.21670e+12	0.00e+00	6.30e-30	6.63e-22	2.83e-14	5.45e-06	2.82e-02	9.72e-01	0.00e+00	0.00e+00	0.00e+00	0.00e+00	0.00e+00	4.52e-137
 6.41854e+12	1.04e-38	9.30e-30	9.09e-22	3.59e-14	6.38e-06	3.04e-02	9.70e-01	0.00e+00	0.00e+00	0.00e+00	0.00e+00	0.00e+00	0.00e+00
 6.58519e+12	0.00e+00	1.27e-29	1.17e-21	4.33e-14	7.24e-06	3.23e-02	9.68e-01	0.00e+00	0.00e+00	0.00e+00	0.00e+00	0.00e+00	3.70e-136
 6.77035e+12	2.26e-38	1.77e-29	1.53e-21	5.30e-14	8.29e-06	3.44e-02	9.66e-01	0.00e+00	0.00e+00	0.00e+00	0.00e+00	0.00e+00	4.06e-253
 7.01107e+12	0.00e+00	2.70e-29	2.16e-21	6.84e-14	9.83e-06	3.74e-02	9.63e-01	0.00e+00	0.00e+00	0.00e+00	0.00e+00	0.00e+00	3.58e-135
 7.26218e+12	6.18e-38	4.11e-29	3.04e-21	8.84e-14	1.17e-05	4.05e-02	9.59e-01	0.00e+00	0.00e+00	0.00e+00	0.00e+00	0.00e+00	2.49e-252
 7.47416e+12	0.00e+00	5.79e-29	4.01e-21	1.09e-13	1.34e-05	4.33e-02	9.57e-01	0.00e+00	0.00e+00	0.00e+00	0.00e+00	0.00e+00	3.57e-134
 7.69711e+12	1.41e-37	8.19e-29	5.31e-21	1.34e-13	1.54e-05	4.63e-02	9.54e-01	0.00e+00	0.00e+00	0.00e+00	0.00e+00	0.00e+00	5.32e-100
 7.98694e+12	0.00e+00	1.26e-28	7.56e-21	1.75e-13	1.84e-05	5.03e-02	9.50e-01	0.00e+00	0.00e+00	0.00e+00	0.00e+00	0.00e+00	0.00e+00
 8.28446e+12	3.94e-37	1.94e-28	1.07e-20	2.27e-13	2.19e-05	5.46e-02	9.45e-01	0.00e+00	0.00e+00	0.00e+00	0.00e+00	0.00e+00	9.63e-116
 8.52933e+12	0.00e+00	2.71e-28	1.41e-20	2.79e-13	2.51e-05	5.83e-02	9.42e-01	0.00e+00	0.00e+00	0.00e+00	0.00e+00	0.00e+00	3.77e-100
 8.78501e+12	8.83e-37	3.81e-28	1.85e-20	3.43e-13	2.88e-05	6.22e-02	9.38e-01	0.00e+00	0.00e+00	0.00e+00	0.00e+00	0.00e+00	0.00e+00
 9.11740e+12	0.00e+00	5.82e-28	2.62e-20	4.44e-13	3.42e-05	6.74e-02	9.33e-01	0.00e+00	0.00e+00	0.00e+00	0.00e+00	0.00e+00	3.83e-131
 9.46335e+12	2.42e-36	8.87e-28	3.69e-20	5.75e-13	4.06e-05	7.31e-02	9.27e-01	0.00e+00	0.00e+00	0.00e+00	0.00e+00	0.00e+00	1.58e-97
 9.75530e+12	0.00e+00	1.25e-27	4.88e-20	7.09e-13	4.66e-05	7.80e-02	9.22e-01	0.00e+00	0.00e+00	0.00e+00	0.00e+00	0.00e+00	0.00e+00
 1.00632e+13	5.51e-36	1.77e-27	6.47e-20	8.76e-13	5.36e-05	8.32e-02	9.17e-01	0.00e+00	0.00e+00	0.00e+00	0.00e+00	0.00e+00	4.60e-113
 1.04570e+13	0.00e+00	2.71e-27	9.15e-20	1.14e-12	6.36e-05	9.02e-02	9.10e-01	0.00e+00	0.00e+00	0.00e+00	0.00e+00	0.00e+00	9.33e-98
 1.08636e+13	1.52e-35	4.13e-27	1.29e-19	1.47e-12	7.54e-05	9.77e-02	9.02e-01	0.00e+00	0.00e+00	0.00e+00	0.00e+00	0.00e+00	5.01e-112
 1.12109e+13	0.00e+00	5.83e-27	1.71e-19	1.82e-12	8.67e-05	1.04e-01	8.96e-01	0.00e+00	0.00e+00	0.00e+00	0.00e+00	0.00e+00	5.93e-97
 1.15799e+13	3.49e-35	8.30e-27	2.28e-19	2.25e-12	9.99e-05	1.11e-01	8.89e-01	0.00e+00	0.00e+00	0.00e+00	0.00e+00	0.00e+00	3.61e-111
 1.20391e+13	0.00e+00	1.27e-26	3.22e-19	2.92e-12	1.18e-04	1.20e-01	8.80e-01	0.00e+00	0.00e+00	0.00e+00	0.00e+00	0.00e+00	3.89e-96
 1.25096e+13	9.50e-35	1.92e-26	4.52e-19	3.76e-12	1.40e-04	1.30e-01	8.70e-01	0.00e+00	0.00e+00	0.00e+00	0.00e+00	0.00e+00	3.90e-110
 1.29282e+13	1.45e-34	2.74e-26	6.03e-19	4.67e-12	1.61e-04	1.38e-01	8.61e-01	0.00e+00	0.00e+00	0.00e+00	0.00e+00	0.00e+00	6.16e-94
 1.32983e+13	2.08e-34	3.71e-26	7.72e-19	5.62e-12	1.82e-04	1.46e-01	8.54e-01	0.00e+00	0.00e+00	0.00e+00	0.00e+00	0.00e+00	2.54e-109
 1.36922e+13	3.02e-34	5.07e-26	9.96e-19	6.80e-12	2.06e-04	1.55e-01	8.45e-01	0.00e+00	0.00e+00	0.00e+00	0.00e+00	0.00e+00	2.74e-93
 1.41114e+13	4.44e-34	7.01e-26	1.30e-18	8.29e-12	2.34e-04	1.64e-01	8.36e-01	0.00e+00	0.00e+00	0.00e+00	0.00e+00	0.00e+00	1.56e-108
 1.44771e+13	6.15e-34	9.21e-26	1.62e-18	9.79e-12	2.60e-04	1.72e-01	8.28e-01	0.00e+00	0.00e+00	0.00e+00	0.00e+00	0.00e+00	1.16e-92
 1.48657e+13	8.60e-34	1.22e-25	2.04e-18	1.16e-11	2.91e-04	1.81e-01	8.19e-01	0.00e+00	0.00e+00	0.00e+00	0.00e+00	0.00e+00	7.62e-108
 1.53710e+13	1.31e-33	1.74e-25	2.72e-18	1.44e-11	3.35e-04	1.92e-01	8.07e-01	0.00e+00	0.00e+00	0.00e+00	0.00e+00	0.00e+00	5.45e-92
 1.58860e+13	1.99e-33	2.47e-25	3.62e-18	1.79e-11	3.84e-04	2.04e-01	7.95e-01	0.00e+00	0.00e+00	0.00e+00	0.00e+00	0.00e+00	5.74e-107
 1.63050e+13	2.77e-33	3.26e-25	4.53e-18	2.11e-11	4.28e-04	2.14e-01	7.85e-01	0.00e+00	0.00e+00	0.00e+00	0.00e+00	0.00e+00	2.48e-91
 1.67411e+13	3.86e-33	4.30e-25	5.69e-18	2.50e-11	4.77e-04	2.24e-01	7.75e-01	0.00e+00	0.00e+00	0.00e+00	0.00e+00	0.00e+00	2.82e-106
 1.73081e+13	5.86e-33	6.11e-25	7.58e-18	3.10e-11	5.47e-04	2.38e-01	7.61e-01	0.00e+00	0.00e+00	0.00e+00	0.00e+00	0.00e+00	1.14e-90
 1.79057e+13	8.98e-33	8.75e-25	1.02e-17	3.86e-11	6.29e-04	2.53e-01	7.47e-01	0.00e+00	0.00e+00	0.00e+00	0.00e+00	0.00e+00	2.16e-105
 1.84214e+13	1.28e-32	1.18e-24	1.30e-17	4.63e-11	7.06e-04	2.65e-01	7.34e-01	0.00e+00	0.00e+00	0.00e+00	0.00e+00	0.00e+00	5.58e-90
 1.89701e+13	1.85e-32	1.60e-24	1.67e-17	5.58e-11	7.95e-04	2.79e-01	7.21e-01	0.00e+00	0.00e+00	0.00e+00	0.00e+00	0.00e+00	1.24e-104
 1.96808e+13	2.92e-32	2.36e-24	2.29e-17	7.06e-11	9.22e-04	2.96e-01	7.03e-01	0.00e+00	0.00e+00	0.00e+00	0.00e+00	0.00e+00	2.96e-89
 2.04192e+13	4.63e-32	3.48e-24	3.15e-17	8.95e-11	1.07e-03	3.15e-01	6.84e-01	0.00e+00	0.00e+00	0.00e+00	0.00e+00	0.00e+00	1.14e-103
 2.10470e+13	6.73e-32	4.77e-24	4.08e-17	1.09e-10	1.21e-03	3.30e-01	6.69e-01	0.00e+00	0.00e+00	0.00e+00	0.00e+00	0.00e+00	1.59e-88
 2.17142e+13	9.88e-32	6.59e-24	5.32e-17	1.32e-10	1.37e-03	3.47e-01	6.52e-01	0.00e+00	0.00e+00	0.00e+00	0.00e+00	0.00e+00	7.17e-103
 2.25481e+13	1.57e-31	9.75e-24	7.34e-17	1.68e-10	1.59e-03	3.67e-01	6.31e-01	0.00e+00	0.00e+00	0.00e+00	0.00e+00	0.00e+00	8.76e-88
 2.34184e+13	2.50e-31	1.44e-23	1.02e-16	2.14e-10	1.84e-03	3.89e-01	6.09e-01	0.00e+00	0.00e+00	0.00e+00	0.00e+00	0.00e+00	6.82e-102
 2.41735e+13	3.68e-31	2.00e-23	1.33e-16	2.62e-10	2.08e-03	4.07e-01	5.91e-01	0.00e+00	0.00e+00	0.00e+00	0.00e+00	0.00e+00	4.80e-87
 2.49589e+13	5.41e-31	2.77e-23	1.74e-16	3.19e-10	2.35e-03	4.25e-01	5.72e-01	0.00e+00	0.00e+00	0.00e+00	0.00e+00	0.00e+00	4.48e-101
 2.57402e+13	7.85e-31	3.80e-23	2.26e-16	3.88e-10	2.65e-03	4.44e-01	5.54e-01	0.00e+00	0.00e+00	0.00e+00	0.00e+00	0.00e+00	2.18e-86
 2.63427e+13	1.03e-30	4.80e-23	2.75e-16	4.48e-10	2.89e-03	4.58e-01	5.40e-01	0.00e+00	0.00e+00	0.00e+00	0.00e+00	0.00e+00	2.18e-100
 2.69524e+13	1.36e-30	6.03e-23	3.32e-16	5.16e-10	3.15e-03	4.71e-01	5.26e-01	0.00e+00	0.00e+00	0.00e+00	0.00e+00	0.00e+00	6.50e-86
 2.77452e+13	1.91e-30	8.06e-23	4.22e-16	6.17e-10	3.50e-03	4.88e-01	5.08e-01	0.00e+00	0.00e+00	0.00e+00	0.00e+00	0.00e+00	9.82e-100
 2.85905e+13	2.71e-30	1.09e-22	5.41e-16	7.42e-10	3.91e-03	5.07e-01	4.90e-01	0.00e+00	0.00e+00	0.00e+00	0.00e+00	0.00e+00	2.59e-85
 2.93300e+13	3.64e-30	1.40e-22	6.67e-16	8.65e-10	4.29e-03	5.22e-01	4.74e-01	0.00e+00	0.00e+00	0.00e+00	0.00e+00	0.00e+00	4.86e-99
 3.01171e+13	4.93e-30	1.81e-22	8.25e-16	1.01e-09	4.70e-03	5.37e-01	4.58e-01	0.00e+00	0.00e+00	0.00e+00	0.00e+00	0.00e+00	8.65e-85
 3.11403e+13	7.21e-30	2.49e-22	1.08e-15	1.23e-09	5.28e-03	5.57e-01	4.38e-01	0.00e+00	0.00e+00	0.00e+00	0.00e+00	0.00e+00	2.67e-98
 3.21959e+13	1.05e-29	3.42e-22	1.40e-15	1.50e-09	5.92e-03	5.76e-01	4.18e-01	0.00e+00	0.00e+00	0.00e+00	0.00e+00	0.00e+00	3.99e-84
 3.30754e+13	1.42e-29	4.41e-22	1.73e-15	1.75e-09	6.48e-03	5.91e-01	4.03e-01	0.00e+00	0.00e+00	0.00e+00	0.00e+00	0.00e+00	1.46e-97
 3.40007e+13	1.92e-29	5.70e-22	2.13e-15	2.04e-09	7.08e-03	6.05e-01	3.87e-01	0.00e+00	0.00e+00	0.00e+00	0.00e+00	0.00e+00	1.39e-83
 3.52036e+13	2.81e-29	7.85e-22	2.78e-15	2.47e-09	7.91e-03	6.24e-01	3.68e-01	0.00e+00	0.00e+00	0.00e+00	0.00e+00	0.00e+00	8.38e-97
 3.64877e+13	4.14e-29	1.09e-21	3.63e-15	3.00e-09	8.85e-03	6.42e-01	3.49e-01	0.00e+00	0.00e+00	0.00e+00	0.00e+00	0.00e+00	6.87e-83
 3.76281e+13	5.75e-29	1.44e-21	4.55e-15	3.54e-09	9.72e-03	6.57e-01	3.33e-01	0.00e+00	0.00e+00	0.00e+00	0.00e+00	0.00e+00	5.35e-96
 3.88614e+13	8.10e-29	1.91e-21	5.73e-15	4.18e-09	1.07e-02	6.72e-01	3.17e-01	0.00e+00	0.00e+00	0.00e+00	0.00e+00	0.00e+00	2.89e-82
 4.03646e+13	1.21e-28	2.67e-21	7.52e-15	5.08e-09	1.19e-02	6.89e-01	2.99e-01	0.00e+00	0.00e+00	0.00e+00	0.00e+00	0.00e+00	3.74e-95
 4.19251e+13	1.80e-28	3.72e-21	9.82e-15	6.15e-09	1.33e-02	7.05e-01	2.81e-01	0.00e+00	0.00e+00	0.00e+00	0.00e+00	0.00e+00	1.63e-81
 4.32220e+13	2.47e-28	4.84e-21	1.21e-14	7.15e-09	1.44e-02	7.18e-01	2.68e-01	0.00e+00	0.00e+00	0.00e+00	0.00e+00	0.00e+00	2.48e-94
 4.42753e+13	3.18e-28	5.96e-21	1.43e-14	8.03e-09	1.54e-02	7.27e-01	2.58e-01	0.00e+00	0.00e+00	0.00e+00	0.00e+00	0.00e+00	5.69e-81
 4.54502e+13	4.16e-28	7.45e-21	1.71e-14	9.11e-09	1.65e-02	7.37e-01	2.47e-01	0.00e+00	0.00e+00	0.00e+00	0.00e+00	0.00e+00	9.97e-94
 4.69775e+13	5.85e-28	9.86e-21	2.13e-14	1.06e-08	1.80e-02	7.48e-01	2.34e-01	0.00e+00	0.00e+00	0.00e+00	0.00e+00	0.00e+00	2.24e-80
 4.86320e+13	8.36e-28	1.32e-20	2.68e-14	1.25e-08	1.97e-02	7.60e-01	2.20e-01	0.00e+00	0.00e+00	0.00e+00	0.00e+00	0.00e+00	6.47e-93
 5.00701e+13	1.13e-27	1.69e-20	3.25e-14	1.43e-08	2.12e-02	7.69e-01	2.10e-01	0.00e+00	0.00e+00	0.00e+00	0.00e+00	0.00e+00	9.74e-80
 5.15578e+13	1.52e-27	2.16e-20	3.93e-14	1.64e-08	2.27e-02	7.77e-01	2.00e-01	0.00e+00	0.00e+00	0.00e+00	0.00e+00	0.00e+00	3.25e-92
 5.34617e+13	2.19e-27	2.91e-20	4.97e-14	1.93e-08	2.48e-02	7.87e-01	1.88e-01	0.00e+00	0.00e+00	0.00e+00	0.00e+00	0.00e+00	4.50e-79
 5.54341e+13	3.16e-27	3.93e-20	6.27e-14	2.26e-08	2.71e-02	7.97e-01	1.76e-01	0.00e+00	0.00e+00	0.00e+00	0.00e+00	0.00e+00	2.42e-91
 5.71403e+13	4.30e-27	5.05e-20	7.62e-14	2.59e-08	2.91e-02	8.04e-01	1.67e-01	0.00e+00	0.00e+00	0.00e+00	0.00e+00	0.00e+00	2.13e-78
 5.89726e+13	5.91e-27	6.54e-20	9.28e-14	2.96e-08	3.12e-02	8.11e-01	1.58e-01	0.00e+00	0.00e+00	0.00e+00	0.00e+00	0.00e+00	1.34e-90
 6.12234e+13	8.61e-27	8.88e-20	1.18e-13	3.49e-08	3.41e-02	8.18e-01	1.48e-01	0.00e+00	0.00e+00	0.00e+00	0.00e+00	0.00e+00	1.07e-77
 6.35083e+13	1.24e-26	1.20e-19	1.48e-13	4.08e-08	3.70e-02	8.25e-01	1.38e-01	0.00e+00	0.00e+00	0.00e+00	0.00e+00	0.00e+00	1.04e-89
 6.55607e+13	1.71e-26	1.55e-19	1.80e-13	4.67e-08	3.97e-02	8.30e-01	1.31e-01	0.00e+00	0.00e+00	0.00e+00	0.00e+00	0.00e+00	5.38e-77
 6.78207e+13	2.40e-26	2.04e-19	2.22e-13	5.38e-08	4.27e-02	8.35e-01	1.23e-01	0.00e+00	0.00e+00	0.00e+00	0.00e+00	0.00e+00	1.19e-76
 7.04950e+13	3.53e-26	2.78e-19	2.82e-13	6.34e-08	4.65e-02	8.39e-01	1.14e-01	0.00e+00	0.00e+00	0.00e+00	0.00e+00	0.00e+00	2.94e-76
 7.31316e+13	5.08e-26	3.74e-19	3.53e-13	7.38e-08	5.03e-02	8.43e-01	1.06e-01	0.00e+00	0.00e+00	0.00e+00	0.00e+00	0.00e+00	6.99e-76
 7.55584e+13	7.02e-26	4.86e-19	4.31e-13	8.44e-08	5.39e-02	8.46e-01	1.00e-01	0.00e+00	0.00e+00	0.00e+00	0.00e+00	0.00e+00	1.51e-75
 7.78849e+13	9.48e-26	6.19e-19	5.18e-13	9.56e-08	5.75e-02	8.48e-01	9.43e-02	0.00e+00	0.00e+00	0.00e+00	0.00e+00	0.00e+00	3.07e-75
 8.05052e+13	1.31e-25	8.06e-19	6.34e-13	1.10e-07	6.16e-02	8.50e-01	8.83e-02	0.00e+00	0.00e+00	0.00e+00	0.00e+00	0.00e+00	6.63e-75
 8.34146e+13	1.87e-25	1.07e-18	7.85e-13	1.27e-07	6.62e-02	8.51e-01	8.24e-02	0.00e+00	0.00e+00	0.00e+00	0.00e+00	0.00e+00	1.53e-74
 8.61354e+13	2.56e-25	1.38e-18	9.57e-13	1.45e-07	7.09e-02	8.52e-01	7.71e-02	0.00e+00	0.00e+00	0.00e+00	0.00e+00	0.00e+00	3.20e-74
 8.84546e+13	3.32e-25	1.70e-18	1.12e-12	1.61e-07	7.48e-02	8.52e-01	7.31e-02	0.00e+00	0.00e+00	0.00e+00	0.00e+00	0.00e+00	5.96e-74
 9.08162e+13	4.30e-25	2.10e-18	1.31e-12	1.79e-07	7.88e-02	8.52e-01	6.94e-02	0.00e+00	0.00e+00	0.00e+00	0.00e+00	0.00e+00	1.11e-73
 9.38863e+13	5.95e-25	2.73e-18	1.61e-12	2.05e-07	8.44e-02	8.51e-01	6.47e-02	0.00e+00	0.00e+00	0.00e+00	0.00e+00	0.00e+00	2.37e-73
 9.69972e+13	8.18e-25	3.53e-18	1.95e-12	2.34e-07	8.99e-02	8.50e-01	6.05e-02	0.00e+00	0.00e+00	0.00e+00	0.00e+00	0.00e+00	5.10e-73
 9.95210e+13	1.05e-24	4.32e-18	2.28e-12	2.60e-07	9.47e-02	8.48e-01	5.72e-02	0.00e+00	0.00e+00	0.00e+00	0.00e+00	0.00e+00	9.13e-73
 1.02162e+14	1.35e-24	5.30e-18	2.67e-12	2.88e-07	9.97e-02	8.46e-01	5.41e-02	0.00e+00	0.00e+00	0.00e+00	0.00e+00	0.00e+00	1.67e-72
 1.05595e+14	1.86e-24	6.88e-18	3.26e-12	3.30e-07	1.06e-01	8.43e-01	5.03e-02	0.00e+00	0.00e+00	0.00e+00	0.00e+00	0.00e+00	3.55e-72
 1.09161e+14	2.57e-24	8.91e-18	3.97e-12	3.76e-07	1.13e-01	8.40e-01	4.68e-02	0.00e+00	0.00e+00	0.00e+00	0.00e+00	0.00e+00	7.66e-72
 1.12187e+14	3.35e-24	1.10e-17	4.67e-12	4.19e-07	1.20e-01	8.36e-01	4.41e-02	0.00e+00	0.00e+00	0.00e+00	0.00e+00	0.00e+00	1.44e-71
 1.15407e+14	4.39e-24	1.38e-17	5.53e-12	4.69e-07	1.26e-01	8.32e-01	4.14e-02	0.00e+00	0.00e+00	0.00e+00	0.00e+00	0.00e+00	2.74e-71
 1.19587e+14	6.17e-24	1.81e-17	6.85e-12	5.42e-07	1.35e-01	8.27e-01	3.82e-02	0.00e+00	0.00e+00	0.00e+00	0.00e+00	0.00e+00	6.08e-71
 1.23898e+14	8.66e-24	2.39e-17	8.44e-12	6.22e-07	1.44e-01	8.21e-01	3.52e-02	0.00e+00	0.00e+00	0.00e+00	0.00e+00	0.00e+00	1.37e-70
 1.27527e+14	1.14e-23	2.98e-17	1.00e-11	6.99e-07	1.52e-01	8.15e-01	3.29e-02	0.00e+00	0.00e+00	0.00e+00	0.00e+00	0.00e+00	2.60e-70
 1.31384e+14	1.51e-23	3.74e-17	1.20e-11	7.85e-07	1.61e-01	8.09e-01	3.07e-02	0.00e+00	0.00e+00	0.00e+00	0.00e+00	0.00e+00	5.09e-70
 1.36250e+14	2.13e-23	4.94e-17	1.48e-11	9.05e-07	1.72e-01	8.00e-01	2.81e-02	0.00e+00	0.00e+00	0.00e+00	1.58e-17	3.36e-17	1.15e-69
 1.41290e+14	3.00e-23	6.53e-17	1.83e-11	1.04e-06	1.83e-01	7.91e-01	2.58e-02	0.00e+00	0.00e+00	0.00e+00	2.16e-17	4.37e-17	2.63e-69
 1.45744e+14	3.99e-23	8.24e-17	2.20e-11	1.18e-06	1.94e-01	7.82e-01	2.38e-02	0.00e+00	0.00e+00	0.00e+00	2.73e-17	5.51e-17	5.12e-69
 1.50571e+14	5.41e-23	1.05e-16	2.65e-11	1.33e-06	2.05e-01	7.73e-01	2.20e-02	0.00e+00	0.00e+00	0.00e+00	3.49e-17	7.05e-17	1.07e-68
 1.56381e+14	7.71e-23	1.40e-16	3.30e-11	1.54e-06	2.18e-01	7.62e-01	2.01e-02	0.00e+00	0.00e+00	0.00e+00	4.66e-17	9.39e-17	2.51e-68
 1.62149e+14	1.07e-22	1.84e-16	4.07e-11	1.77e-06	2.32e-01	7.50e-01	1.83e-02	0.00e+00	0.00e+00	0.00e+00	6.08e-17	1.23e-16	5.46e-68
 1.67279e+14	1.42e-22	2.31e-16	4.86e-11	1.98e-06	2.44e-01	7.39e-01	1.69e-02	0.00e+00	0.00e+00	0.00e+00	7.67e-17	1.55e-16	1.09e-67
 1.72898e+14	1.93e-22	2.95e-16	5.86e-11	2.24e-06	2.58e-01	7.27e-01	1.55e-02	0.00e+00	0.00e+00	0.00e+00	9.79e-17	1.98e-16	2.26e-67
 1.79610e+14	2.74e-22	3.92e-16	7.25e-11	2.57e-06	2.73e-01	7.13e-01	1.40e-02	0.00e+00	0.00e+00	0.00e+00	1.30e-16	2.62e-16	5.31e-67
 1.86357e+14	3.79e-22	5.12e-16	8.93e-11	2.95e-06	2.90e-01	6.98e-01	1.27e-02	0.00e+00	0.00e+00	0.00e+00	1.69e-16	3.42e-16	1.16e-66
 1.91991e+14	4.96e-22	6.36e-16	1.05e-10	3.28e-06	3.03e-01	6.86e-01	1.17e-02	0.00e+00	0.00e+00	0.00e+00	2.10e-16	4.25e-16	2.24e-66
 1.96814e+14	6.18e-22	7.61e-16	1.21e-10	3.59e-06	3.14e-01	6.75e-01	1.10e-02	0.00e+00	0.00e+00	0.00e+00	2.52e-16	5.09e-16	3.82e-66
 2.02330e+14	7.92e-22	9.29e-16	1.41e-10	3.95e-06	3.27e-01	6.63e-01	1.02e-02	0.00e+00	0.00e+00	0.00e+00	3.07e-16	6.21e-16	7.04e-66
 2.08405e+14	1.04e-21	1.15e-15	1.65e-10	4.37e-06	3.40e-01	6.50e-01	9.38e-03	0.00e+00	0.00e+00	0.00e+00	3.81e-16	7.71e-16	1.37e-65
 2.13984e+14	1.30e-21	1.39e-15	1.91e-10	4.80e-06	3.53e-01	6.38e-01	8.70e-03	0.00e+00	0.00e+00	0.00e+00	4.59e-16	9.28e-16	2.38e-65
 2.20017e+14	1.67e-21	1.69e-15	2.22e-10	5.27e-06	3.67e-01	6.25e-01	8.06e-03	0.00e+00	0.00e+00	0.00e+00	5.59e-16	1.13e-15	4.41e-65
 2.26771e+14	2.18e-21	2.10e-15	2.61e-10	5.84e-06	3.81e-01	6.11e-01	7.40e-03	0.00e+00	0.00e+00	0.00e+00	6.94e-16	1.41e-15	8.64e-65
 2.33126e+14	2.78e-21	2.55e-15	3.02e-10	6.41e-06	3.95e-01	5.98e-01	6.84e-03	0.00e+00	0.00e+00	0.00e+00	8.43e-16	1.71e-15	1.57e-64
 2.40054e+14	3.58e-21	3.13e-15	3.53e-10	7.06e-06	4.10e-01	5.84e-01	6.29e-03	0.00e+00	0.00e+00	0.00e+00	1.03e-15	2.09e-15	2.98e-64
 2.47752e+14	4.71e-21	3.90e-15	4.16e-10	7.82e-06	4.26e-01	5.68e-01	5.73e-03	0.00e+00	0.00e+00	0.00e+00	1.29e-15	2.61e-15	5.92e-64
 2.54959e+14	6.01e-21	4.74e-15	4.83e-10	8.58e-06	4.40e-01	5.54e-01	5.27e-03	0.00e+00	0.00e+00	0.00e+00	1.57e-15	3.17e-15	1.09e-63
 2.62835e+14	7.81e-21	5.84e-15	5.65e-10	9.45e-06	4.56e-01	5.39e-01	4.82e-03	0.00e+00	0.00e+00	0.00e+00	1.93e-15	3.91e-15	2.12e-63
 2.71690e+14	1.04e-20	7.36e-15	6.69e-10	1.05e-05	4.73e-01	5.23e-01	4.37e-03	0.00e+00	0.00e+00	0.00e+00	2.43e-15	4.93e-15	4.43e-63
 2.80139e+14	1.35e-20	9.06e-15	7.82e-10	1.15e-05	4.88e-01	5.08e-01	3.98e-03	0.00e+00	0.00e+00	0.00e+00	2.99e-15	6.07e-15	8.60e-63
 2.89443e+14	1.78e-20	1.13e-14	9.22e-10	1.27e-05	5.05e-01	4.91e-01	3.61e-03	0.00e+00	0.00e+00	0.00e+00	3.73e-15	7.58e-15	1.75e-62
 2.99861e+14	2.41e-20	1.44e-14	1.10e-09	1.42e-05	5.23e-01	4.74e-01	3.24e-03	0.00e+00	0.00e+00	0.00e+00	4.74e-15	9.62e-15	3.78e-62
 3.09795e+14	3.16e-20	1.78e-14	1.29e-09	1.56e-05	5.40e-01	4.57e-01	2.93e-03	0.00e+00	0.00e+00	0.00e+00	5.87e-15	1.19e-14	7.58e-62
 3.20777e+14	4.24e-20	2.25e-14	1.53e-09	1.73e-05	5.57e-01	4.40e-01	2.63e-03	0.00e+00	0.00e+00	0.00e+00	7.43e-15	1.51e-14	1.65e-61
 3.33067e+14	5.75e-20	2.87e-14	1.85e-09	1.93e-05	5.76e-01	4.22e-01	2.33e-03	0.00e+00	0.00e+00	0.00e+00	9.47e-15	1.93e-14	3.60e-61
 3.44550e+14	7.66e-20	3.60e-14	2.17e-09	2.12e-05	5.92e-01	4.06e-01	2.10e-03	0.00e+00	0.00e+00	0.00e+00	1.19e-14	2.41e-14	7.65e-61
 3.56966e+14	1.03e-19	4.55e-14	2.57e-09	2.34e-05	6.09e-01	3.89e-01	1.87e-03	0.00e+00	0.00e+00	0.00e+00	1.50e-14	3.05e-14	1.67e-60
 3.70961e+14	1.41e-19	5.84e-14	3.09e-09	2.60e-05	6.28e-01	3.71e-01	1.66e-03	0.00e+00	0.00e+00	0.00e+00	1.92e-14	3.92e-14	3.85e-60
 3.84371e+14	1.87e-19	7.30e-14	3.66e-09	2.86e-05	6.44e-01	3.54e-01	1.47e-03	0.00e+00	0.00e+00	0.00e+00	2.40e-14	4.90e-14	8.05e-60
 3.95337e+14	2.36e-19	8.79e-14	4.17e-09	3.09e-05	6.57e-01	3.42e-01	1.34e-03	0.00e+00	0.00e+00	0.00e+00	2.89e-14	5.90e-14	1.52e-59
 4.04131e+14	2.80e-19	1.01e-13	4.62e-09	3.28e-05	6.67e-01	3.32e-01	1.25e-03	0.00e+00	0.00e+00	0.00e+00	3.31e-14	6.75e-14	2.37e-59
 4.13924e+14	3.41e-19	1.17e-13	5.16e-09	3.49e-05	6.77e-01	3.21e-01	1.15e-03	0.00e+00	0.00e+00	0.00e+00	3.86e-14	7.88e-14	4.01e-59
 4.26656e+14	4.36e-19	1.43e-13	5.93e-09	3.77e-05	6.90e-01	3.09e-01	1.04e-03	0.00e+00	0.00e+00	0.00e+00	4.69e-14	9.57e-14	7.79e-59
 4.40258e+14	5.60e-19	1.74e-13	6.85e-09	4.09e-05	7.04e-01	2.95e-01	9.38e-04	0.00e+00	0.00e+00	0.00e+00	5.71e-14	1.17e-13	1.53e-58
 4.52189e+14	6.87e-19	2.04e-13	7.75e-09	4.39e-05	7.15e-01	2.84e-01	8.55e-04	0.00e+00	0.00e+00	0.00e+00	6.71e-14	1.37e-13	2.64e-58
 4.64899e+14	8.60e-19	2.44e-13	8.78e-09	4.71e-05	7.26e-01	2.73e-01	7.78e-04	0.00e+00	0.00e+00	0.00e+00	8.00e-14	1.64e-13	4.84e-58
 4.81422e+14	1.13e-18	3.04e-13	1.03e-08	5.14e-05	7.40e-01	2.60e-01	6.90e-04	0.00e+00	0.00e+00	0.00e+00	9.96e-14	2.04e-13	1.03e-57
 4.98326e+14	1.49e-18	3.76e-13	1.20e-08	5.60e-05	7.53e-01	2.47e-01	6.12e-04	0.00e+00	0.00e+00	0.00e+00	1.23e-13	2.53e-13	2.15e-57
 5.12190e+14	1.83e-18	4.42e-13	1.36e-08	6.00e-05	7.63e-01	2.37e-01	5.55e-04	0.00e+00	0.00e+00	0.00e+00	1.45e-13	2.97e-13	3.75e-57
 5.26679e+14	2.28e-18	5.27e-13	1.54e-08	6.42e-05	7.73e-01	2.27e-01	5.03e-04	0.00e+00	0.00e+00	0.00e+00	1.73e-13	3.54e-13	6.92e-57
 5.45515e+14	2.97e-18	6.49e-13	1.80e-08	7.00e-05	7.85e-01	2.14e-01	4.43e-04	0.00e+00	0.00e+00	0.00e+00	2.13e-13	4.37e-13	1.42e-56
 5.65368e+14	3.93e-18	8.11e-13	2.10e-08	7.62e-05	7.97e-01	2.03e-01	3.91e-04	0.00e+00	0.00e+00	0.00e+00	2.65e-13	5.46e-13	3.09e-56
 5.82625e+14	4.94e-18	9.70e-13	2.40e-08	8.21e-05	8.07e-01	1.93e-01	3.49e-04	0.00e+00	0.00e+00	0.00e+00	3.17e-13	6.53e-13	5.72e-56
 6.01143e+14	6.25e-18	1.17e-12	2.75e-08	8.84e-05	8.16e-01	1.83e-01	3.12e-04	0.00e+00	0.00e+00	0.00e+00	3.83e-13	7.89e-13	1.11e-55
 6.23856e+14	8.30e-18	1.46e-12	3.24e-08	9.66e-05	8.27e-01	1.72e-01	2.72e-04	0.00e+00	0.00e+00	0.00e+00	4.78e-13	9.84e-13	2.40e-55
 6.46573e+14	1.08e-17	1.80e-12	3.78e-08	1.05e-04	8.37e-01	1.62e-01	2.38e-04	0.00e+00	0.00e+00	0.00e+00	5.88e-13	1.21e-12	4.98e-55
 6.66375e+14	1.36e-17	2.16e-12	4.31e-08	1.13e-04	8.46e-01	1.54e-01	2.12e-04	0.00e+00	0.00e+00	0.00e+00	7.05e-13	1.46e-12	9.41e-55
 6.87839e+14	1.72e-17	2.61e-12	4.94e-08	1.21e-04	8.54e-01	1.46e-01	1.89e-04	0.00e+00	0.00e+00	0.00e+00	8.50e-13	1.76e-12	1.82e-54
 7.13985e+14	2.27e-17	3.25e-12	5.80e-08	1.33e-04	8.63e-01	1.36e-01	1.64e-04	0.00e+00	0.00e+00	0.00e+00	1.06e-12	2.19e-12	3.93e-54
 7.40219e+14	2.94e-17	4.00e-12	6.77e-08	1.44e-04	8.72e-01	1.28e-01	1.43e-04	0.00e+00	0.00e+00	0.00e+00	1.30e-12	2.70e-12	8.24e-54
 7.63590e+14	3.71e-17	4.80e-12	7.74e-08	1.55e-04	8.79e-01	1.21e-01	1.26e-04	0.00e+00	0.00e+00	0.00e+00	1.56e-12	3.24e-12	1.56e-53
 7.89239e+14	4.69e-17	5.81e-12	8.91e-08	1.67e-04	8.86e-01	1.14e-01	1.11e-04	3.84e-18	1.15e-17	1.93e-17	1.89e-12	3.92e-12	3.06e-53
 8.19825e+14	6.23e-17	7.26e-12	1.05e-07	1.82e-04	8.94e-01	1.06e-01	9.56e-05	5.11e-18	1.53e-17	2.57e-17	2.36e-12	4.90e-12	6.70e-53
 8.49883e+14	8.02e-17	8.91e-12	1.22e-07	1.98e-04	9.00e-01	9.93e-02	8.31e-05	6.57e-18	1.97e-17	3.30e-17	2.90e-12	6.01e-12	1.38e-52
 8.75618e+14	9.98e-17	1.06e-11	1.39e-07	2.12e-04	9.06e-01	9.38e-02	7.36e-05	8.18e-18	2.46e-17	4.11e-17	3.44e-12	7.14e-12	2.53e-52
 8.98793e+14	1.20e-16	1.23e-11	1.55e-07	2.25e-04	9.10e-01	8.93e-02	6.64e-05	9.87e-18	2.97e-17	4.96e-17	3.99e-12	8.29e-12	4.31e-52
 9.21373e+14	1.43e-16	1.42e-11	1.72e-07	2.38e-04	9.15e-01	8.51e-02	6.02e-05	1.17e-17	3.53e-17	5.89e-17	4.60e-12	9.56e-12	7.12e-52
 9.47067e+14	1.76e-16	1.66e-11	1.93e-07	2.53e-04	9.19e-01	8.07e-02	5.38e-05	1.44e-17	4.33e-17	7.23e-17	5.39e-12	1.12e-11	1.26e-51
 9.75193e+14	2.16e-16	1.96e-11	2.19e-07	2.70e-04	9.23e-01	7.62e-02	4.78e-05	1.77e-17	5.32e-17	8.90e-17	6.37e-12	1.32e-11	2.27e-51
 1.00072e+15	2.58e-16	2.27e-11	2.44e-07	2.86e-04	9.27e-01	7.25e-02	4.31e-05	2.12e-17	6.36e-17	1.06e-16	7.36e-12	1.53e-11	3.80e-51
 1.02813e+15	3.14e-16	2.65e-11	2.74e-07	3.05e-04	9.31e-01	6.87e-02	3.85e-05	2.58e-17	7.75e-17	1.30e-16	8.60e-12	1.79e-11	6.59e-51
 1.05893e+15	3.84e-16	3.12e-11	3.10e-07	3.25e-04	9.35e-01	6.49e-02	3.42e-05	3.16e-17	9.48e-17	1.58e-16	1.01e-11	2.11e-11	1.19e-50
 1.08818e+15	4.70e-16	3.65e-11	3.48e-07	3.46e-04	9.38e-01	6.14e-02	3.05e-05	3.86e-17	1.16e-16	1.94e-16	1.18e-11	2.47e-11	2.08e-50
 1.11600e+15	5.57e-16	4.20e-11	3.86e-07	3.66e-04	9.41e-01	5.84e-02	2.75e-05	4.57e-17	1.37e-16	2.30e-16	1.36e-11	2.84e-11	3.43e-50
 1.14795e+15	6.85e-16	4.94e-11	4.35e-07	3.90e-04	9.44e-01	5.51e-02	2.45e-05	5.63e-17	1.69e-16	2.83e-16	1.60e-11	3.34e-11	6.13e-50
 1.18400e+15	8.40e-16	5.86e-11	4.95e-07	4.18e-04	9.48e-01	5.18e-02	2.15e-05	6.91e-17	2.07e-16	3.47e-16	1.90e-11	3.96e-11	1.12e-49
 1.21852e+15	1.04e-15	6.92e-11	5.59e-07	4.46e-04	9.51e-01	4.88e-02	1.91e-05	8.57e-17	2.57e-16	4.30e-16	2.24e-11	4.68e-11	2.04e-49
 1.25654e+15	1.28e-15	8.19e-11	6.34e-07	4.77e-04	9.54e-01	4.59e-02	1.68e-05	1.05e-16	3.15e-16	5.27e-16	2.66e-11	5.54e-11	3.74e-49
 1.29894e+15	1.63e-15	9.93e-11	7.29e-07	5.14e-04	9.57e-01	4.28e-02	1.46e-05	1.34e-16	4.04e-16	6.75e-16	3.22e-11	6.71e-11	7.47e-49
 1.33860e+15	1.98e-15	1.17e-10	8.26e-07	5.49e-04	9.59e-01	4.03e-02	1.29e-05	1.63e-16	4.90e-16	8.20e-16	3.79e-11	7.90e-11	1.34e-48
 1.38171e+15	2.50e-15	1.40e-10	9.44e-07	5.90e-04	9.62e-01	3.77e-02	1.12e-05	2.06e-16	6.19e-16	1.04e-15	4.55e-11	9.49e-11	2.58e-48
 1.43041e+15	3.19e-15	1.71e-10	1.09e-06	6.37e-04	9.64e-01	3.51e-02	9.72e-06	2.63e-16	7.90e-16	1.32e-15	5.53e-11	1.15e-10	5.23e-48
 1.47735e+15	4.01e-15	2.05e-10	1.25e-06	6.85e-04	9.67e-01	3.27e-02	8.46e-06	3.30e-16	9.92e-16	1.66e-15	6.63e-11	1.38e-10	1.00e-47
 1.52932e+15	4.99e-15	2.46e-10	1.44e-06	7.38e-04	9.69e-01	3.05e-02	7.32e-06	4.11e-16	1.24e-15	2.07e-15	7.98e-11	1.66e-10	1.95e-47
 1.58743e+15	6.60e-15	3.06e-10	1.68e-06	8.03e-04	9.71e-01	2.81e-02	6.22e-06	5.45e-16	1.64e-15	2.74e-15	9.93e-11	2.07e-10	4.30e-47
 1.64134e+15	8.12e-15	3.65e-10	1.93e-06	8.64e-04	9.73e-01	2.62e-02	5.40e-06	6.70e-16	2.01e-15	3.37e-15	1.18e-10	2.47e-10	8.10e-47
 1.69925e+15	1.05e-14	4.48e-10	2.23e-06	9.34e-04	9.75e-01	2.43e-02	4.64e-06	8.70e-16	2.61e-15	4.37e-15	1.45e-10	3.03e-10	1.70e-46
 1.75471e+15	1.30e-14	5.35e-10	2.55e-06	1.00e-03	9.76e-01	2.27e-02	4.04e-06	1.08e-15	3.23e-15	5.40e-15	1.73e-10	3.61e-10	3.20e-46
 1.79427e+15	1.52e-14	6.07e-10	2.79e-06	1.05e-03	9.77e-01	2.16e-02	3.66e-06	1.26e-15	3.79e-15	6.33e-15	1.97e-10	4.10e-10	5.04e-46
 1.83297e+15	1.76e-14	6.83e-10	3.05e-06	1.11e-03	9.78e-01	2.07e-02	3.34e-06	1.46e-15	4.39e-15	7.33e-15	2.21e-10	4.62e-10	7.74e-46
 1.88329e+15	2.07e-14	7.86e-10	3.41e-06	1.17e-03	9.79e-01	1.95e-02	2.97e-06	1.72e-15	5.16e-15	8.62e-15	2.55e-10	5.31e-10	1.28e-45
 1.93848e+15	2.58e-14	9.32e-10	3.85e-06	1.25e-03	9.80e-01	1.83e-02	2.61e-06	2.14e-15	6.42e-15	1.07e-14	3.02e-10	6.30e-10	2.37e-45
 1.98839e+15	3.00e-14	1.06e-09	4.27e-06	1.33e-03	9.81e-01	1.73e-02	2.34e-06	2.49e-15	7.47e-15	1.25e-14	3.45e-10	7.18e-10	3.80e-45
 2.04165e+15	3.62e-14	1.24e-09	4.77e-06	1.41e-03	9.82e-01	1.63e-02	2.08e-06	3.01e-15	9.03e-15	1.51e-14	4.02e-10	8.36e-10	6.59e-45
 2.10183e+15	4.33e-14	1.44e-09	5.37e-06	1.50e-03	9.83e-01	1.53e-02	1.83e-06	3.60e-15	1.08e-14	1.81e-14	4.68e-10	9.74e-10	1.14e-44
 2.15910e+15	5.26e-14	1.69e-09	6.01e-06	1.60e-03	9.84e-01	1.44e-02	1.62e-06	4.37e-15	1.31e-14	2.19e-14	5.47e-10	1.14e-09	2.00e-44
 2.21321e+15	6.21e-14	1.93e-09	6.65e-06	1.69e-03	9.85e-01	1.36e-02	1.45e-06	5.16e-15	1.55e-14	2.59e-14	6.27e-10	1.31e-09	3.28e-44
 2.27511e+15	7.43e-14	2.25e-09	7.46e-06	1.80e-03	9.85e-01	1.28e-02	1.28e-06	6.19e-15	1.86e-14	3.10e-14	7.29e-10	1.52e-09	5.64e-44
 2.35558e+15	9.34e-14	2.72e-09	8.61e-06	1.94e-03	9.86e-01	1.19e-02	1.09e-06	7.78e-15	2.34e-14	3.90e-14	8.82e-10	1.83e-09	1.12e-43
 2.43705e+15	1.16e-13	3.27e-09	9.91e-06	2.10e-03	9.87e-01	1.10e-02	9.38e-07	9.70e-15	2.91e-14	4.87e-14	1.06e-09	2.21e-09	2.20e-43
 2.50244e+15	1.38e-13	3.78e-09	1.10e-05	2.23e-03	9.87e-01	1.03e-02	0.00e+00	1.15e-14	3.46e-14	5.78e-14	1.23e-09	2.55e-09	3.71e-43
 2.57007e+15	1.61e-13	4.33e-09	1.23e-05	2.37e-03	9.88e-01	9.72e-03	0.00e+00	1.35e-14	4.05e-14	6.77e-14	1.41e-09	2.93e-09	6.04e-43
 2.65799e+15	2.06e-13	5.27e-09	1.42e-05	2.56e-03	9.88e-01	8.98e-03	0.00e+00	1.72e-14	5.16e-14	8.63e-14	1.71e-09	3.56e-09	1.24e-42
 2.75202e+15	2.56e-13	6.36e-09	1.64e-05	2.78e-03	9.89e-01	8.28e-03	0.00e+00	2.14e-14	6.42e-14	1.07e-13	2.07e-09	4.29e-09	2.43e-42
 2.83542e+15	3.00e-13	7.37e-09	1.85e-05	2.97e-03	9.89e-01	7.74e-03	0.00e+00	2.52e-14	7.55e-14	1.26e-13	2.40e-09	4.97e-09	4.12e-42
 2.92527e+15	3.76e-13	8.85e-09	2.10e-05	3.20e-03	9.90e-01	7.19e-03	0.00e+00	3.15e-14	9.46e-14	1.58e-13	2.88e-09	5.97e-09	8.09e-42
 3.03558e+15	4.65e-13	1.07e-08	2.45e-05	3.48e-03	9.90e-01	6.59e-03	0.00e+00	3.91e-14	1.17e-13	1.96e-13	3.49e-09	7.23e-09	1.65e-41
 3.14663e+15	5.86e-13	1.31e-08	2.84e-05	3.79e-03	9.90e-01	6.05e-03	0.00e+00	4.93e-14	1.48e-13	2.47e-13	4.27e-09	8.82e-09	3.42e-41
 3.24407e+15	6.99e-13	1.53e-08	3.21e-05	4.07e-03	9.90e-01	5.63e-03	0.00e+00	5.88e-14	1.77e-13	2.95e-13	5.00e-09	1.03e-08	6.10e-41
 3.32613e+15	8.14e-13	1.76e-08	3.56e-05	4.31e-03	9.90e-01	5.31e-03	0.00e+00	6.86e-14	2.06e-13	3.44e-13	5.73e-09	1.18e-08	1.00e-40
 3.39776e+15	9.27e-13	1.97e-08	3.88e-05	4.53e-03	9.90e-01	5.05e-03	0.00e+00	7.82e-14	2.35e-13	3.92e-13	6.43e-09	1.33e-08	1.53e-40
 3.47941e+15	1.06e-12	2.22e-08	4.27e-05	4.79e-03	9.90e-01	4.77e-03	0.00e+00	8.92e-14	2.68e-13	4.47e-13	7.24e-09	1.49e-08	2.35e-40
 3.58554e+15	1.30e-12	2.64e-08	4.83e-05	5.14e-03	9.90e-01	4.43e-03	0.00e+00	1.10e-13	3.30e-13	5.51e-13	8.64e-09	1.78e-08	4.53e-40
 3.69374e+15	1.54e-12	3.10e-08	5.46e-05	5.51e-03	9.90e-01	4.13e-03	0.00e+00	1.31e-13	3.92e-13	6.55e-13	1.01e-08	2.09e-08	8.03e-40
 3.78105e+15	1.77e-12	3.51e-08	6.00e-05	5.82e-03	9.90e-01	3.90e-03	0.00e+00	1.50e-13	4.49e-13	7.50e-13	1.15e-08	2.36e-08	1.27e-39
 3.87099e+15	2.00e-12	3.93e-08	6.60e-05	6.14e-03	9.90e-01	3.69e-03	0.00e+00	1.69e-13	5.08e-13	8.49e-13	1.29e-08	2.65e-08	1.92e-39
 3.98792e+15	2.43e-12	4.68e-08	7.46e-05	6.59e-03	9.90e-01	3.43e-03	0.00e+00	2.07e-13	6.20e-13	1.04e-12	1.53e-08	3.15e-08	3.69e-39
 4.10964e+15	2.88e-12	5.49e-08	8.43e-05	7.07e-03	9.90e-01	3.19e-03	0.00e+00	2.45e-13	7.36e-13	1.23e-12	1.80e-08	3.70e-08	6.77e-39
 4.21211e+15	3.28e-12	6.24e-08	9.31e-05	7.48e-03	9.89e-01	3.01e-03	0.00e+00	2.79e-13	8.39e-13	1.40e-12	2.04e-08	4.20e-08	1.09e-38
 4.31984e+15	3.76e-12	7.07e-08	1.03e-04	7.93e-03	9.89e-01	2.83e-03	0.00e+00	3.21e-13	9.62e-13	1.61e-12	2.32e-08	4.75e-08	1.76e-38
 4.45988e+15	4.63e-12	8.53e-08	1.17e-04	8.56e-03	9.89e-01	2.61e-03	0.00e+00	3.95e-13	1.19e-12	1.98e-12	2.80e-08	5.73e-08	3.69e-38
 4.60475e+15	5.44e-12	1.00e-07	1.34e-04	9.22e-03	9.88e-01	2.42e-03	0.00e+00	4.65e-13	1.40e-12	2.33e-12	3.29e-08	6.75e-08	6.88e-38
 4.72646e+15	6.28e-12	1.15e-07	1.49e-04	9.79e-03	9.88e-01	2.27e-03	0.00e+00	5.38e-13	1.61e-12	2.69e-12	3.76e-08	7.71e-08	1.13e-37
 4.85528e+15	7.37e-12	1.34e-07	1.66e-04	1.04e-02	9.87e-01	2.12e-03	0.00e+00	6.31e-13	1.90e-12	3.16e-12	4.40e-08	9.00e-08	2.11e-37
 5.02273e+15	8.86e-12	1.60e-07	1.90e-04	1.13e-02	9.87e-01	1.95e-03	0.00e+00	7.61e-13	2.28e-12	3.81e-12	5.26e-08	1.08e-07	4.15e-37
 5.19921e+15	1.07e-11	1.93e-07	2.19e-04	1.22e-02	9.86e-01	1.79e-03	0.00e+00	9.23e-13	2.77e-12	4.62e-12	6.35e-08	1.30e-07	8.37e-37
 5.35257e+15	1.25e-11	2.26e-07	2.46e-04	1.31e-02	9.85e-01	1.66e-03	0.00e+00	1.08e-12	3.24e-12	5.41e-12	7.43e-08	1.52e-07	1.52e-36
 5.51710e+15	1.50e-11	2.64e-07	2.79e-04	1.40e-02	9.84e-01	1.55e-03	0.00e+00	1.29e-12	3.88e-12	6.47e-12	8.69e-08	1.77e-07	2.70e-36
 5.72231e+15	1.87e-11	3.28e-07	3.24e-04	1.53e-02	9.83e-01	1.41e-03	0.00e+00	1.61e-12	4.83e-12	8.07e-12	1.08e-07	2.20e-07	6.28e-36
 5.90503e+15	2.19e-11	3.83e-07	3.68e-04	1.65e-02	9.82e-01	1.30e-03	0.00e+00	1.89e-12	5.68e-12	9.48e-12	1.26e-07	2.57e-07	1.09e-35
 6.02559e+15	2.44e-11	4.35e-07	3.99e-04	1.73e-02	9.81e-01	1.24e-03	0.00e+00	2.11e-12	6.32e-12	1.06e-11	1.43e-07	2.92e-07	1.76e-35
 6.14067e+15	2.72e-11	4.84e-07	4.32e-04	1.81e-02	9.80e-01	1.18e-03	0.00e+00	2.36e-12	7.07e-12	1.18e-11	1.59e-07	3.24e-07	2.63e-35
 6.29029e+15	3.11e-11	5.45e-07	4.76e-04	1.91e-02	9.79e-01	1.11e-03	0.00e+00	2.70e-12	8.09e-12	1.35e-11	1.79e-07	3.65e-07	4.01e-35
 6.48479e+15	3.72e-11	6.54e-07	5.40e-04	2.05e-02	9.78e-01	1.03e-03	0.00e+00	3.23e-12	9.69e-12	1.62e-11	2.16e-07	4.39e-07	8.03e-35
 6.67986e+15	4.37e-11	7.58e-07	6.10e-04	2.19e-02	9.77e-01	9.55e-04	0.00e+00	3.80e-12	1.14e-11	1.90e-11	2.50e-07	5.08e-07	1.34e-34
 6.83222e+15	4.92e-11	8.69e-07	6.70e-04	2.31e-02	9.75e-01	9.00e-04	0.00e+00	4.28e-12	1.28e-11	2.14e-11	2.86e-07	5.82e-07	2.21e-34
 6.98686e+15	5.65e-11	9.90e-07	7.35e-04	2.44e-02	9.74e-01	8.49e-04	0.00e+00	4.91e-12	1.47e-11	2.46e-11	3.27e-07	6.63e-07	3.51e-34
 7.18788e+15	6.70e-11	1.14e-06	8.26e-04	2.60e-02	9.72e-01	7.91e-04	0.00e+00	5.83e-12	1.75e-11	2.92e-11	3.78e-07	7.67e-07	5.79e-34
 7.40143e+15	7.91e-11	1.37e-06	9.34e-04	2.79e-02	9.70e-01	7.32e-04	0.00e+00	6.90e-12	2.07e-11	3.45e-11	4.52e-07	9.17e-07	1.11e-33
 7.58353e+15	9.20e-11	1.58e-06	1.03e-03	2.95e-02	9.69e-01	6.87e-04	0.00e+00	8.04e-12	2.41e-11	4.03e-11	5.21e-07	1.06e-06	1.82e-33
 7.77251e+15	1.06e-10	1.81e-06	1.15e-03	3.13e-02	9.67e-01	6.45e-04	0.00e+00	9.30e-12	2.79e-11	4.66e-11	5.99e-07	1.21e-06	2.95e-33
 8.01819e+15	1.29e-10	2.13e-06	1.31e-03	3.35e-02	9.65e-01	5.96e-04	0.00e+00	1.13e-11	3.40e-11	5.67e-11	7.04e-07	1.43e-06	5.06e-33
 8.27189e+15	1.56e-10	2.60e-06	1.49e-03	3.62e-02	9.62e-01	5.48e-04	0.00e+00	1.37e-11	4.10e-11	6.84e-11	8.59e-07	1.74e-06	1.02e-32
 8.47958e+15	1.81e-10	3.00e-06	1.66e-03	3.83e-02	9.60e-01	5.13e-04	0.00e+00	1.59e-11	4.76e-11	7.94e-11	9.91e-07	2.01e-06	1.64e-32
 8.69316e+15	2.13e-10	3.48e-06	1.85e-03	4.06e-02	9.57e-01	4.80e-04	0.00e+00	1.87e-11	5.62e-11	9.37e-11	1.15e-06	2.33e-06	2.70e-32
 8.97081e+15	2.61e-10	4.10e-06	2.11e-03	4.37e-02	9.54e-01	4.43e-04	0.00e+00	2.30e-11	6.89e-11	1.15e-10	1.36e-06	2.75e-06	4.55e-32
 9.25705e+15	3.17e-10	5.02e-06	2.43e-03	4.71e-02	9.50e-01	4.06e-04	0.00e+00	2.79e-11	8.36e-11	1.40e-10	1.66e-06	3.36e-06	8.99e-32
 9.49669e+15	3.73e-10	5.84e-06	2.71e-03	5.00e-02	9.47e-01	3.79e-04	0.00e+00	3.28e-11	9.85e-11	1.64e-10	1.93e-06	3.91e-06	1.47e-31
 9.75046e+15	4.47e-10	6.86e-06	3.05e-03	5.33e-02	9.43e-01	3.52e-04	0.00e+00	3.94e-11	1.18e-10	1.97e-10	2.27e-06	4.59e-06	2.46e-31
