#depth	N	N+	N+2	N+3	N+4	N+5	N+6	N+7
 1.49634e+10	0.00e+00	0.00e+00	6.24e-33	3.80e-23	4.32e-14	2.21e-04	2.45e-01	7.55e-01
 4.54887e+10	0.00e+00	5.04e-43	9.18e-33	5.17e-23	5.43e-14	2.57e-04	2.60e-01	7.40e-01
 7.72350e+10	0.00e+00	0.00e+00	1.34e-32	6.98e-23	6.79e-14	2.96e-04	2.75e-01	7.25e-01
 1.10251e+11	0.00e+00	1.26e-42	1.96e-32	9.43e-23	8.47e-14	3.42e-04	2.91e-01	7.09e-01
 1.40351e+11	0.00e+00	0.00e+00	2.73e-32	1.23e-22	1.03e-13	3.87e-04	3.06e-01	6.94e-01
 1.65919e+11	0.00e+00	2.62e-42	3.59e-32	1.52e-22	1.20e-13	4.28e-04	3.18e-01	6.82e-01
 1.94210e+11	0.00e+00	0.00e+00	4.80e-32	1.91e-22	1.43e-13	4.77e-04	3.31e-01	6.68e-01
 2.29368e+11	0.00e+00	5.70e-42	6.83e-32	2.53e-22	1.75e-13	5.44e-04	3.48e-01	6.52e-01
 2.66237e+11	0.00e+00	0.00e+00	9.71e-32	3.33e-22	2.14e-13	6.18e-04	3.65e-01	6.35e-01
 3.00731e+11	0.00e+00	1.29e-41	1.33e-31	4.28e-22	2.57e-13	6.95e-04	3.80e-01	6.19e-01
 3.38838e+11	0.00e+00	0.00e+00	1.87e-31	5.60e-22	3.13e-13	7.87e-04	3.97e-01	6.02e-01
 3.82318e+11	0.00e+00	3.04e-41	2.72e-31	7.50e-22	3.88e-13	9.00e-04	4.16e-01	5.83e-01
 4.22102e+11	0.00e+00	0.00e+00	3.77e-31	9.69e-22	4.67e-13	1.01e-03	4.33e-01	5.66e-01
 4.55829e+11	0.00e+00	6.25e-41	4.92e-31	1.19e-21	5.44e-13	1.11e-03	4.47e-01	5.52e-01
 4.92881e+11	0.00e+00	0.00e+00	6.53e-31	1.49e-21	6.38e-13	1.23e-03	4.62e-01	5.36e-01
 5.39063e+11	0.00e+00	1.34e-40	9.19e-31	1.95e-21	7.76e-13	1.39e-03	4.81e-01	5.18e-01
 5.86504e+11	0.00e+00	0.00e+00	1.29e-30	2.54e-21	9.40e-13	1.56e-03	4.99e-01	5.00e-01
 6.28468e+11	0.00e+00	2.86e-40	1.72e-30	3.18e-21	1.10e-12	1.73e-03	5.14e-01	4.84e-01
 6.73920e+11	0.00e+00	0.00e+00	2.32e-30	4.02e-21	1.31e-12	1.91e-03	5.30e-01	4.68e-01
 7.28567e+11	0.00e+00	6.31e-40	3.28e-30	5.27e-21	1.59e-12	2.16e-03	5.49e-01	4.49e-01
 7.82929e+11	0.00e+00	0.00e+00	4.58e-30	6.83e-21	1.92e-12	2.41e-03	5.67e-01	4.31e-01
 8.31766e+11	0.00e+00	1.34e-39	6.10e-30	8.54e-21	2.25e-12	2.66e-03	5.82e-01	4.15e-01
 8.85656e+11	0.00e+00	0.00e+00	8.29e-30	1.08e-20	2.66e-12	2.94e-03	5.98e-01	3.99e-01
 9.49401e+11	0.00e+00	3.00e-39	1.17e-29	1.42e-20	3.23e-12	3.30e-03	6.17e-01	3.80e-01
 1.01278e+12	0.00e+00	0.00e+00	1.64e-29	1.84e-20	3.88e-12	3.68e-03	6.34e-01	3.63e-01
 1.07170e+12	0.00e+00	6.48e-39	2.20e-29	2.31e-20	4.56e-12	4.05e-03	6.49e-01	3.47e-01
 1.13749e+12	0.00e+00	0.00e+00	3.03e-29	2.96e-20	5.43e-12	4.49e-03	6.64e-01	3.31e-01
 1.21292e+12	0.00e+00	1.48e-38	4.32e-29	3.88e-20	6.58e-12	5.02e-03	6.81e-01	3.13e-01
 1.28449e+12	0.00e+00	0.00e+00	5.95e-29	4.97e-20	7.84e-12	5.56e-03	6.97e-01	2.98e-01
 1.34839e+12	0.00e+00	3.08e-38	7.84e-29	6.15e-20	9.10e-12	6.06e-03	7.09e-01	2.85e-01
 1.41920e+12	0.00e+00	0.00e+00	1.06e-28	7.72e-20	1.07e-11	6.64e-03	7.22e-01	2.71e-01
 1.50336e+12	0.00e+00	6.73e-38	1.48e-28	1.00e-19	1.28e-11	7.37e-03	7.37e-01	2.56e-01
 1.58782e+12	0.00e+00	0.00e+00	2.06e-28	1.29e-19	1.53e-11	8.14e-03	7.51e-01	2.41e-01
 1.66682e+12	0.00e+00	1.45e-37	2.76e-28	1.61e-19	1.78e-11	8.89e-03	7.62e-01	2.29e-01
 1.73865e+12	0.00e+00	0.00e+00	3.58e-28	1.97e-19	2.05e-11	9.61e-03	7.72e-01	2.18e-01
 1.80461e+12	0.00e+00	2.66e-37	4.51e-28	2.34e-19	2.31e-11	1.03e-02	7.81e-01	2.09e-01
 1.88007e+12	0.00e+00	0.00e+00	5.84e-28	2.86e-19	2.65e-11	1.11e-02	7.90e-01	1.99e-01
 1.97615e+12	0.00e+00	5.42e-37	8.02e-28	3.64e-19	3.14e-11	1.22e-02	8.00e-01	1.87e-01
 2.07468e+12	0.00e+00	0.00e+00	1.10e-27	4.63e-19	3.70e-11	1.33e-02	8.11e-01	1.76e-01
 2.15905e+12	0.00e+00	1.10e-36	1.42e-27	5.64e-19	4.24e-11	1.44e-02	8.18e-01	1.67e-01
 2.24932e+12	0.00e+00	0.00e+00	1.87e-27	6.94e-19	4.89e-11	1.55e-02	8.26e-01	1.58e-01
 2.36131e+12	0.00e+00	2.32e-36	2.60e-27	8.88e-19	5.79e-11	1.70e-02	8.35e-01	1.48e-01
 2.47738e+12	4.52e-46	3.47e-36	3.59e-27	1.14e-18	6.86e-11	1.86e-02	8.43e-01	1.38e-01
 2.58327e+12	0.00e+00	0.00e+00	4.81e-27	1.42e-18	7.97e-11	2.02e-02	8.50e-01	1.30e-01
 2.70006e+12	0.00e+00	7.30e-36	6.54e-27	1.79e-18	9.33e-11	2.20e-02	8.56e-01	1.22e-01
 2.83636e+12	1.84e-45	1.13e-35	9.27e-27	2.33e-18	1.12e-10	2.42e-02	8.63e-01	1.13e-01
 2.95901e+12	0.00e+00	0.00e+00	1.26e-26	2.94e-18	1.31e-10	2.63e-02	8.68e-01	1.05e-01
 3.05712e+12	0.00e+00	2.21e-35	1.60e-26	3.51e-18	1.48e-10	2.80e-02	8.72e-01	9.99e-02
 3.16237e+12	5.99e-45	3.02e-35	2.05e-26	4.24e-18	1.68e-10	3.00e-02	8.76e-01	9.44e-02
 3.29918e+12	0.00e+00	0.00e+00	2.82e-26	5.39e-18	1.97e-10	3.26e-02	8.80e-01	8.78e-02
 3.44225e+12	0.00e+00	6.72e-35	3.90e-26	6.88e-18	2.33e-10	3.55e-02	8.83e-01	8.14e-02
 3.56356e+12	2.34e-44	9.42e-35	5.12e-26	8.45e-18	2.67e-10	3.81e-02	8.85e-01	7.64e-02
 3.69141e+12	0.00e+00	0.00e+00	6.76e-26	1.04e-17	3.07e-10	4.10e-02	8.87e-01	7.15e-02
 3.85391e+12	0.00e+00	2.03e-34	9.51e-26	1.35e-17	3.65e-10	4.48e-02	8.89e-01	6.59e-02
 4.01899e+12	9.79e-44	3.12e-34	1.34e-25	1.74e-17	4.34e-10	4.89e-02	8.90e-01	6.06e-02
 4.15714e+12	0.00e+00	4.42e-34	1.77e-25	2.15e-17	5.00e-10	5.26e-02	8.91e-01	5.66e-02
 4.30276e+12	2.29e-43	6.33e-34	2.37e-25	2.68e-17	5.79e-10	5.66e-02	8.91e-01	5.27e-02
 4.48774e+12	0.00e+00	9.90e-34	3.40e-25	3.51e-17	6.94e-10	6.20e-02	8.90e-01	4.81e-02
 4.67275e+12	6.60e-43	1.53e-33	4.83e-25	4.57e-17	8.28e-10	6.77e-02	8.88e-01	4.40e-02
 4.82391e+12	0.00e+00	2.17e-33	6.39e-25	5.65e-17	9.54e-10	7.26e-02	8.87e-01	4.09e-02
 4.98218e+12	1.54e-42	3.10e-33	8.51e-25	7.01e-17	1.10e-09	7.80e-02	8.84e-01	3.79e-02
 5.18794e+12	0.00e+00	4.86e-33	1.22e-24	9.22e-17	1.32e-09	8.53e-02	8.80e-01	3.44e-02
 5.40211e+12	4.54e-42	7.65e-33	1.77e-24	1.22e-16	1.59e-09	9.34e-02	8.75e-01	3.12e-02
 5.58296e+12	0.00e+00	1.11e-32	2.38e-24	1.52e-16	1.85e-09	1.00e-01	8.71e-01	2.87e-02
 5.76479e+12	1.09e-41	1.59e-32	3.19e-24	1.90e-16	2.14e-09	1.08e-01	8.66e-01	2.65e-02
 5.98232e+12	0.00e+00	2.41e-32	4.47e-24	2.45e-16	2.54e-09	1.17e-01	8.59e-01	2.40e-02
 6.21670e+12	3.01e-41	3.72e-32	6.35e-24	3.20e-16	3.03e-09	1.27e-01	8.51e-01	2.17e-02
 6.41854e+12	0.00e+00	5.31e-32	8.47e-24	3.98e-16	3.51e-09	1.36e-01	8.44e-01	2.00e-02
 6.58519e+12	6.49e-41	7.05e-32	1.07e-23	4.74e-16	3.94e-09	1.44e-01	8.37e-01	1.86e-02
 6.77035e+12	0.00e+00	9.58e-32	1.37e-23	5.72e-16	4.47e-09	1.53e-01	8.30e-01	1.73e-02
 7.01107e+12	1.48e-40	1.40e-31	1.87e-23	7.24e-16	5.22e-09	1.64e-01	8.20e-01	1.57e-02
 7.26218e+12	0.00e+00	2.06e-31	2.55e-23	9.17e-16	6.11e-09	1.76e-01	8.09e-01	1.43e-02
 7.47416e+12	3.38e-40	2.81e-31	3.27e-23	1.11e-15	6.93e-09	1.87e-01	8.00e-01	1.32e-02
 7.69711e+12	0.00e+00	3.84e-31	4.22e-23	1.35e-15	7.87e-09	1.98e-01	7.90e-01	1.21e-02
 7.98694e+12	7.84e-40	5.67e-31	5.80e-23	1.71e-15	9.23e-09	2.12e-01	7.77e-01	1.09e-02
 8.28446e+12	0.00e+00	8.32e-31	7.91e-23	2.17e-15	1.08e-08	2.28e-01	7.63e-01	9.85e-03
 8.52933e+12	1.78e-39	1.12e-30	1.01e-22	2.61e-15	1.22e-08	2.40e-01	7.51e-01	9.06e-03
 8.78501e+12	0.00e+00	1.52e-30	1.29e-22	3.14e-15	1.38e-08	2.53e-01	7.39e-01	8.32e-03
 9.11740e+12	4.00e-39	2.22e-30	1.76e-22	3.96e-15	1.60e-08	2.70e-01	7.22e-01	7.47e-03
 9.46335e+12	0.00e+00	3.23e-30	2.38e-22	4.99e-15	1.86e-08	2.88e-01	7.06e-01	6.69e-03
 9.75530e+12	8.99e-39	4.37e-30	3.04e-22	6.00e-15	2.10e-08	3.03e-01	6.91e-01	6.12e-03
 1.00632e+13	0.00e+00	5.94e-30	3.90e-22	7.24e-15	2.37e-08	3.18e-01	6.76e-01	5.57e-03
 1.04570e+13	2.03e-38	8.66e-30	5.29e-22	9.11e-15	2.75e-08	3.38e-01	6.57e-01	4.96e-03
 1.08636e+13	0.00e+00	1.25e-29	7.14e-22	1.14e-14	3.18e-08	3.58e-01	6.38e-01	4.41e-03
 1.12109e+13	4.56e-38	1.70e-29	9.12e-22	1.37e-14	3.58e-08	3.74e-01	6.22e-01	4.00e-03
 1.15799e+13	0.00e+00	2.31e-29	1.17e-21	1.65e-14	4.03e-08	3.92e-01	6.04e-01	3.62e-03
 1.20391e+13	1.03e-37	3.35e-29	1.58e-21	2.07e-14	4.64e-08	4.13e-01	5.83e-01	3.20e-03
 1.25096e+13	0.00e+00	4.80e-29	2.11e-21	2.57e-14	5.33e-08	4.35e-01	5.62e-01	2.83e-03
 1.29282e+13	2.28e-37	6.53e-29	2.70e-21	3.10e-14	5.99e-08	4.53e-01	5.44e-01	2.54e-03
 1.32983e+13	0.00e+00	8.48e-29	3.33e-21	3.62e-14	6.61e-08	4.69e-01	5.28e-01	2.31e-03
 1.36922e+13	4.31e-37	1.11e-28	4.14e-21	4.26e-14	7.32e-08	4.86e-01	5.12e-01	2.10e-03
 1.41114e+13	0.00e+00	1.46e-28	5.17e-21	5.03e-14	8.12e-08	5.03e-01	4.95e-01	1.89e-03
 1.44771e+13	7.95e-37	1.85e-28	6.24e-21	5.78e-14	8.85e-08	5.18e-01	4.80e-01	1.74e-03
 1.48657e+13	0.00e+00	2.35e-28	7.57e-21	6.68e-14	9.68e-08	5.33e-01	4.65e-01	1.58e-03
 1.53710e+13	1.52e-36	3.18e-28	9.64e-21	8.00e-14	1.08e-07	5.52e-01	4.47e-01	1.41e-03
 1.58860e+13	0.00e+00	4.27e-28	1.22e-20	9.55e-14	1.21e-07	5.71e-01	4.28e-01	1.25e-03
 1.63050e+13	2.86e-36	5.38e-28	1.47e-20	1.10e-13	1.31e-07	5.85e-01	4.14e-01	1.14e-03
 1.67411e+13	0.00e+00	6.80e-28	1.78e-20	1.26e-13	1.43e-07	6.00e-01	3.99e-01	1.04e-03
 1.73081e+13	5.38e-36	9.12e-28	2.25e-20	1.50e-13	1.59e-07	6.18e-01	3.81e-01	9.17e-04
 1.79057e+13	0.00e+00	1.23e-27	2.86e-20	1.80e-13	1.77e-07	6.37e-01	3.63e-01	8.07e-04
 1.84214e+13	1.03e-35	1.57e-27	3.49e-20	2.08e-13	1.94e-07	6.52e-01	3.47e-01	7.24e-04
 1.89701e+13	0.00e+00	2.03e-27	4.29e-20	2.42e-13	2.13e-07	6.67e-01	3.32e-01	6.47e-04
 1.96808e+13	2.04e-35	2.78e-27	5.53e-20	2.93e-13	2.38e-07	6.86e-01	3.13e-01	5.60e-04
 2.04192e+13	0.00e+00	3.80e-27	7.13e-20	3.54e-13	2.67e-07	7.04e-01	2.95e-01	4.83e-04
 2.10470e+13	4.02e-35	4.91e-27	8.77e-20	4.14e-13	2.93e-07	7.19e-01	2.80e-01	4.28e-04
 2.17142e+13	0.00e+00	6.38e-27	1.08e-19	4.84e-13	3.22e-07	7.34e-01	2.66e-01	3.77e-04
 2.25481e+13	7.97e-35	8.72e-27	1.40e-19	5.86e-13	3.61e-07	7.51e-01	2.49e-01	3.22e-04
 2.34184e+13	0.00e+00	1.19e-26	1.80e-19	7.09e-13	4.05e-07	7.68e-01	2.32e-01	2.74e-04
 2.41735e+13	1.56e-34	1.54e-26	2.22e-19	8.31e-13	4.45e-07	7.81e-01	2.19e-01	2.40e-04
 2.49589e+13	2.12e-34	1.99e-26	2.74e-19	9.73e-13	4.88e-07	7.94e-01	2.06e-01	2.09e-04
 2.57402e+13	2.84e-34	2.55e-26	3.35e-19	1.13e-12	5.35e-07	8.06e-01	1.94e-01	1.82e-04
 2.63427e+13	3.53e-34	3.06e-26	3.89e-19	1.27e-12	5.72e-07	8.15e-01	1.85e-01	1.65e-04
 2.69524e+13	4.36e-34	3.66e-26	4.51e-19	1.42e-12	6.11e-07	8.23e-01	1.77e-01	1.49e-04
 2.77452e+13	5.69e-34	4.59e-26	5.43e-19	1.63e-12	6.64e-07	8.33e-01	1.67e-01	1.31e-04
 2.85905e+13	7.48e-34	5.78e-26	6.56e-19	1.89e-12	7.23e-07	8.43e-01	1.57e-01	1.15e-04
 2.93300e+13	9.43e-34	7.03e-26	7.71e-19	2.13e-12	7.77e-07	8.51e-01	1.49e-01	1.02e-04
 3.01171e+13	1.20e-33	8.61e-26	9.09e-19	2.41e-12	8.36e-07	8.59e-01	1.41e-01	9.11e-05
 3.11403e+13	1.62e-33	1.11e-25	1.12e-18	2.82e-12	9.16e-07	8.68e-01	1.32e-01	7.85e-05
 3.21959e+13	2.17e-33	1.42e-25	1.37e-18	3.29e-12	1.00e-06	8.77e-01	1.23e-01	6.76e-05
 3.30754e+13	2.77e-33	1.74e-25	1.62e-18	3.72e-12	1.08e-06	8.84e-01	1.16e-01	6.01e-05
 3.40007e+13	3.55e-33	2.15e-25	1.92e-18	4.22e-12	1.16e-06	8.90e-01	1.10e-01	5.32e-05
 3.52036e+13	4.83e-33	2.78e-25	2.37e-18	4.93e-12	1.27e-06	8.98e-01	1.02e-01	4.57e-05
 3.64877e+13	6.64e-33	3.63e-25	2.94e-18	5.78e-12	1.39e-06	9.05e-01	9.49e-02	3.91e-05
 3.76281e+13	8.77e-33	4.58e-25	3.53e-18	6.62e-12	1.50e-06	9.11e-01	8.91e-02	3.42e-05
 3.88614e+13	1.17e-32	5.83e-25	4.29e-18	7.61e-12	1.62e-06	9.17e-01	8.34e-02	2.98e-05
 4.03646e+13	1.65e-32	7.75e-25	5.38e-18	8.97e-12	1.77e-06	9.23e-01	7.71e-02	2.53e-05
 4.19251e+13	2.34e-32	1.03e-24	6.75e-18	1.06e-11	1.94e-06	9.29e-01	7.14e-02	2.16e-05
 4.32220e+13	3.09e-32	1.30e-24	8.09e-18	1.20e-11	2.08e-06	9.33e-01	6.72e-02	1.90e-05
 4.42753e+13	3.87e-32	1.56e-24	9.34e-18	1.33e-11	2.20e-06	9.36e-01	6.40e-02	1.72e-05
 4.54502e+13	4.94e-32	1.91e-24	1.09e-17	1.48e-11	2.34e-06	9.39e-01	6.07e-02	1.54e-05
 4.69775e+13	6.75e-32	2.46e-24	1.33e-17	1.70e-11	2.52e-06	9.43e-01	5.69e-02	1.35e-05
 4.86320e+13	9.28e-32	3.20e-24	1.63e-17	1.97e-11	2.72e-06	9.47e-01	5.30e-02	1.17e-05
 5.00701e+13	1.22e-31	4.00e-24	1.94e-17	2.22e-11	2.90e-06	9.50e-01	5.00e-02	1.04e-05
 5.15578e+13	1.62e-31	5.01e-24	2.31e-17	2.50e-11	3.09e-06	9.53e-01	4.72e-02	9.21e-06
 5.34617e+13	2.28e-31	6.64e-24	2.87e-17	2.91e-11	3.35e-06	9.56e-01	4.40e-02	7.96e-06
 5.54341e+13	3.23e-31	8.80e-24	3.56e-17	3.37e-11	3.62e-06	9.59e-01	4.10e-02	6.88e-06
 5.71403e+13	4.32e-31	1.11e-23	4.27e-17	3.82e-11	3.86e-06	9.61e-01	3.86e-02	6.09e-06
 5.89726e+13	5.87e-31	1.43e-23	5.15e-17	4.34e-11	4.12e-06	9.64e-01	3.63e-02	5.38e-06
 6.12234e+13	8.39e-31	1.90e-23	6.44e-17	5.05e-11	4.47e-06	9.66e-01	3.37e-02	4.62e-06
 6.35083e+13	1.20e-30	2.54e-23	8.01e-17	5.86e-11	4.82e-06	9.69e-01	3.14e-02	3.99e-06
 6.55607e+13	1.64e-30	3.26e-23	9.69e-17	6.66e-11	5.15e-06	9.71e-01	2.95e-02	3.52e-06
 6.78207e+13	2.28e-30	4.26e-23	1.19e-16	7.64e-11	5.52e-06	9.72e-01	2.76e-02	3.08e-06
 7.04950e+13	3.30e-30	5.74e-23	1.49e-16	8.94e-11	5.99e-06	9.74e-01	2.55e-02	2.63e-06
 7.31316e+13	4.72e-30	7.67e-23	1.86e-16	1.04e-10	6.46e-06	9.76e-01	2.38e-02	2.28e-06
 7.55584e+13	6.51e-30	9.93e-23	2.26e-16	1.18e-10	6.90e-06	9.78e-01	2.23e-02	2.00e-06
 7.78849e+13	8.73e-30	1.26e-22	2.70e-16	1.33e-10	7.35e-06	9.79e-01	2.10e-02	1.77e-06
 8.05052e+13	1.20e-29	1.63e-22	3.29e-16	1.53e-10	7.87e-06	9.80e-01	1.97e-02	1.55e-06
 8.34146e+13	1.70e-29	2.16e-22	4.07e-16	1.76e-10	8.46e-06	9.82e-01	1.83e-02	1.35e-06
 8.61354e+13	2.30e-29	2.75e-22	4.92e-16	2.00e-10	9.06e-06	9.83e-01	1.72e-02	1.18e-06
 8.84546e+13	2.98e-29	3.39e-22	5.77e-16	2.23e-10	9.56e-06	9.84e-01	1.63e-02	1.06e-06
 9.08162e+13	3.86e-29	4.18e-22	6.75e-16	2.48e-10	1.01e-05	9.85e-01	1.55e-02	9.57e-07
 9.38863e+13	5.28e-29	5.39e-22	8.21e-16	2.84e-10	1.08e-05	9.86e-01	1.45e-02	0.00e+00
 9.69972e+13	7.27e-29	6.97e-22	9.98e-16	3.23e-10	1.16e-05	9.86e-01	1.35e-02	0.00e+00
 9.95210e+13	9.23e-29	8.47e-22	1.16e-15	3.59e-10	1.22e-05	9.87e-01	1.29e-02	0.00e+00
 1.02162e+14	1.19e-28	1.04e-21	1.36e-15	3.99e-10	1.29e-05	9.88e-01	1.22e-02	0.00e+00
 1.05595e+14	1.62e-28	1.34e-21	1.65e-15	4.56e-10	1.38e-05	9.89e-01	1.14e-02	0.00e+00
 1.09161e+14	2.23e-28	1.73e-21	2.01e-15	5.21e-10	1.48e-05	9.89e-01	1.07e-02	0.00e+00
 1.12187e+14	2.90e-28	2.14e-21	2.36e-15	5.82e-10	1.57e-05	9.90e-01	1.01e-02	0.00e+00
 1.15407e+14	3.79e-28	2.66e-21	2.80e-15	6.53e-10	1.66e-05	9.90e-01	9.51e-03	0.00e+00
 1.19587e+14	5.25e-28	3.48e-21	3.45e-15	7.54e-10	1.79e-05	9.91e-01	8.83e-03	0.00e+00
 1.23898e+14	7.39e-28	4.58e-21	4.25e-15	8.70e-10	1.93e-05	9.92e-01	8.21e-03	0.00e+00
 1.27527e+14	9.58e-28	5.68e-21	5.04e-15	9.79e-10	2.05e-05	9.92e-01	7.73e-03	0.00e+00
 1.31384e+14	1.27e-27	7.13e-21	6.01e-15	1.10e-09	2.19e-05	9.93e-01	7.27e-03	0.00e+00
 1.36250e+14	1.77e-27	9.39e-21	7.45e-15	1.28e-09	2.36e-05	9.93e-01	6.74e-03	0.00e+00
 1.41290e+14	2.51e-27	1.24e-20	9.24e-15	1.48e-09	2.55e-05	9.94e-01	6.25e-03	0.00e+00
 1.45744e+14	3.29e-27	1.56e-20	1.11e-14	1.68e-09	2.73e-05	9.94e-01	5.85e-03	0.00e+00
 1.50571e+14	4.47e-27	2.00e-20	1.34e-14	1.92e-09	2.92e-05	9.95e-01	5.47e-03	0.00e+00
 1.56381e+14	6.41e-27	2.68e-20	1.68e-14	2.24e-09	3.16e-05	9.95e-01	5.06e-03	0.00e+00
 1.62149e+14	8.81e-27	3.49e-20	2.08e-14	2.59e-09	3.41e-05	9.95e-01	4.68e-03	0.00e+00
 1.67279e+14	1.18e-26	4.42e-20	2.50e-14	2.94e-09	3.64e-05	9.96e-01	4.39e-03	0.00e+00
 1.72898e+14	1.60e-26	5.67e-20	3.04e-14	3.36e-09	3.91e-05	9.96e-01	4.10e-03	0.00e+00
 1.79610e+14	2.29e-26	7.60e-20	3.80e-14	3.92e-09	4.23e-05	9.96e-01	3.79e-03	0.00e+00
 1.86357e+14	3.16e-26	9.95e-20	4.72e-14	4.55e-09	4.58e-05	9.96e-01	3.50e-03	0.00e+00
 1.91991e+14	4.15e-26	1.25e-19	5.63e-14	5.13e-09	4.87e-05	9.97e-01	3.29e-03	0.00e+00
 1.96814e+14	5.19e-26	1.50e-19	6.51e-14	5.67e-09	5.14e-05	9.97e-01	3.12e-03	0.00e+00
 2.02330e+14	6.72e-26	1.85e-19	7.67e-14	6.34e-09	5.44e-05	9.97e-01	2.95e-03	0.00e+00
 2.08405e+14	8.92e-26	2.33e-19	9.14e-14	7.14e-09	5.78e-05	9.97e-01	2.78e-03	0.00e+00
 2.13984e+14	1.12e-25	2.82e-19	1.07e-13	7.95e-09	6.11e-05	9.97e-01	2.63e-03	0.00e+00
 2.20017e+14	1.46e-25	3.49e-19	1.26e-13	8.89e-09	6.47e-05	9.97e-01	2.48e-03	0.00e+00
 2.26771e+14	1.94e-25	4.40e-19	1.51e-13	1.00e-08	6.89e-05	9.98e-01	2.33e-03	0.00e+00
 2.33126e+14	2.50e-25	5.42e-19	1.78e-13	1.12e-08	7.30e-05	9.98e-01	2.20e-03	0.00e+00
 2.40054e+14	3.28e-25	6.77e-19	2.11e-13	1.26e-08	7.75e-05	9.98e-01	2.07e-03	0.00e+00
 2.47752e+14	4.39e-25	8.60e-19	2.55e-13	1.43e-08	8.27e-05	9.98e-01	1.94e-03	0.00e+00
 2.54959e+14	5.67e-25	1.06e-18	3.02e-13	1.61e-08	8.77e-05	9.98e-01	1.82e-03	0.00e+00
 2.62835e+14	7.53e-25	1.34e-18	3.62e-13	1.82e-08	9.33e-05	9.98e-01	1.72e-03	0.00e+00
 2.71690e+14	1.04e-24	1.74e-18	4.41e-13	2.07e-08	9.98e-05	9.98e-01	1.60e-03	0.00e+00
 2.80139e+14	1.38e-24	2.19e-18	5.29e-13	2.34e-08	1.06e-04	9.98e-01	1.51e-03	0.00e+00
 2.89443e+14	1.87e-24	2.82e-18	6.43e-13	2.67e-08	1.13e-04	9.98e-01	1.41e-03	0.00e+00
 2.99861e+14	2.60e-24	3.69e-18	7.94e-13	3.08e-08	1.22e-04	9.99e-01	1.31e-03	0.00e+00
 3.09795e+14	3.49e-24	4.72e-18	9.65e-13	3.51e-08	1.30e-04	9.99e-01	1.23e-03	0.00e+00
 3.20777e+14	4.91e-24	6.20e-18	1.19e-12	4.03e-08	1.40e-04	9.99e-01	1.15e-03	0.00e+00
 3.33067e+14	6.84e-24	8.19e-18	1.49e-12	4.68e-08	1.51e-04	9.99e-01	1.06e-03	0.00e+00
 3.44550e+14	9.48e-24	1.07e-17	1.82e-12	5.36e-08	1.61e-04	9.99e-01	9.94e-04	0.00e+00
 3.56966e+14	1.34e-23	1.41e-17	2.25e-12	6.17e-08	1.73e-04	9.99e-01	9.27e-04	0.00e+00
 3.70961e+14	1.92e-23	1.89e-17	2.83e-12	7.19e-08	1.87e-04	9.99e-01	8.58e-04	0.00e+00
 3.84371e+14	2.63e-23	2.46e-17	3.51e-12	8.29e-08	2.00e-04	9.99e-01	7.99e-04	0.00e+00
 3.95337e+14	3.48e-23	3.08e-17	4.15e-12	9.27e-08	2.12e-04	9.99e-01	7.56e-04	0.00e+00
 4.04131e+14	4.20e-23	3.62e-17	4.73e-12	1.01e-07	2.21e-04	9.99e-01	7.23e-04	0.00e+00
 4.13924e+14	5.29e-23	4.36e-17	5.46e-12	1.11e-07	2.32e-04	9.99e-01	6.90e-04	0.00e+00
 4.26656e+14	7.08e-23	5.52e-17	6.55e-12	1.26e-07	2.46e-04	9.99e-01	6.50e-04	0.00e+00
 4.40258e+14	9.50e-23	7.03e-17	7.91e-12	1.42e-07	2.62e-04	9.99e-01	6.10e-04	0.00e+00
 4.52189e+14	1.20e-22	8.55e-17	9.28e-12	1.58e-07	2.77e-04	9.99e-01	5.78e-04	0.00e+00
 4.64899e+14	1.57e-22	1.06e-16	1.10e-11	1.77e-07	2.92e-04	9.99e-01	5.47e-04	0.00e+00
 4.81422e+14	2.19e-22	1.39e-16	1.35e-11	2.03e-07	3.13e-04	9.99e-01	5.11e-04	0.00e+00
 4.98326e+14	3.01e-22	1.81e-16	1.66e-11	2.33e-07	3.35e-04	9.99e-01	4.77e-04	0.00e+00
 5.12190e+14	3.82e-22	2.21e-16	1.96e-11	2.60e-07	3.54e-04	9.99e-01	4.51e-04	0.00e+00
 5.26679e+14	5.01e-22	2.76e-16	2.31e-11	2.91e-07	3.74e-04	9.99e-01	4.27e-04	0.00e+00
 5.45515e+14	6.81e-22	3.57e-16	2.85e-11	3.35e-07	4.02e-04	9.99e-01	3.97e-04	0.00e+00
 5.65368e+14	9.63e-22	4.72e-16	3.53e-11	3.86e-07	4.31e-04	9.99e-01	3.70e-04	0.00e+00
 5.82625e+14	1.25e-21	5.89e-16	4.23e-11	4.35e-07	4.58e-04	9.99e-01	3.48e-04	0.00e+00
 6.01143e+14	1.68e-21	7.48e-16	5.10e-11	4.93e-07	4.88e-04	9.99e-01	3.27e-04	0.00e+00
 6.23856e+14	2.34e-21	9.86e-16	6.36e-11	5.72e-07	5.26e-04	9.99e-01	3.03e-04	0.00e+00
 6.46573e+14	3.21e-21	1.29e-15	7.87e-11	6.60e-07	5.65e-04	9.99e-01	2.82e-04	0.00e+00
 6.66375e+14	4.24e-21	1.62e-15	9.42e-11	7.45e-07	6.01e-04	9.99e-01	2.65e-04	0.00e+00
 6.87839e+14	5.65e-21	2.05e-15	1.14e-10	8.46e-07	6.41e-04	9.99e-01	2.49e-04	0.00e+00
 7.13985e+14	7.89e-21	2.70e-15	1.42e-10	9.83e-07	6.92e-04	9.99e-01	2.30e-04	0.00e+00
 7.40219e+14	1.09e-20	3.54e-15	1.76e-10	1.14e-06	7.44e-04	9.99e-01	2.14e-04	0.00e+00
 7.63590e+14	1.43e-20	4.45e-15	2.12e-10	1.29e-06	7.93e-04	9.99e-01	2.01e-04	0.00e+00
 7.89239e+14	1.92e-20	5.68e-15	2.58e-10	1.47e-06	8.49e-04	9.99e-01	1.87e-04	0.00e+00
 8.19825e+14	2.69e-20	7.52e-15	3.23e-10	1.71e-06	9.19e-04	9.99e-01	1.73e-04	0.00e+00
 8.49883e+14	3.68e-20	9.79e-15	4.00e-10	1.98e-06	9.89e-04	9.99e-01	1.61e-04	0.00e+00
 8.75618e+14	4.76e-20	1.21e-14	4.77e-10	2.23e-06	1.05e-03	9.99e-01	1.51e-04	0.00e+00
 8.98793e+14	5.99e-20	1.47e-14	5.57e-10	2.48e-06	1.11e-03	9.99e-01	1.43e-04	0.00e+00
 9.21373e+14	7.45e-20	1.77e-14	6.45e-10	2.74e-06	1.17e-03	9.99e-01	1.36e-04	0.00e+00
 9.47067e+14	9.50e-20	2.16e-14	7.58e-10	3.06e-06	1.24e-03	9.99e-01	1.28e-04	0.00e+00
 9.75193e+14	1.22e-19	2.67e-14	9.01e-10	3.45e-06	1.32e-03	9.99e-01	1.20e-04	0.00e+00
 1.00072e+15	1.53e-19	3.23e-14	1.05e-09	3.82e-06	1.39e-03	9.98e-01	1.14e-04	0.00e+00
 1.02813e+15	1.93e-19	3.93e-14	1.23e-09	4.26e-06	1.47e-03	9.98e-01	1.08e-04	0.00e+00
 1.05893e+15	2.49e-19	4.86e-14	1.47e-09	4.80e-06	1.57e-03	9.98e-01	1.01e-04	0.00e+00
 1.08818e+15	3.15e-19	5.93e-14	1.72e-09	5.36e-06	1.66e-03	9.98e-01	9.55e-05	0.00e+00
 1.11600e+15	3.91e-19	7.12e-14	2.00e-09	5.93e-06	1.75e-03	9.98e-01	9.06e-05	0.00e+00
 1.14795e+15	5.01e-19	8.75e-14	2.36e-09	6.65e-06	1.86e-03	9.98e-01	8.53e-05	0.00e+00
 1.18400e+15	6.48e-19	1.09e-13	2.83e-09	7.53e-06	1.98e-03	9.98e-01	7.99e-05	0.00e+00
 1.21852e+15	8.35e-19	1.35e-13	3.35e-09	8.46e-06	2.11e-03	9.98e-01	7.50e-05	0.00e+00
 1.25654e+15	1.08e-18	1.68e-13	4.01e-09	9.57e-06	2.25e-03	9.98e-01	7.03e-05	0.00e+00
 1.29894e+15	1.45e-18	2.14e-13	4.88e-09	1.09e-05	2.41e-03	9.98e-01	6.55e-05	0.00e+00
 1.33860e+15	1.86e-18	2.65e-13	5.82e-09	1.24e-05	2.57e-03	9.97e-01	6.14e-05	0.00e+00
 1.38171e+15	2.46e-18	3.34e-13	7.01e-09	1.40e-05	2.75e-03	9.97e-01	5.73e-05	0.00e+00
 1.43041e+15	3.32e-18	4.30e-13	8.59e-09	1.61e-05	2.96e-03	9.97e-01	5.32e-05	0.00e+00
 1.47735e+15	4.38e-18	5.42e-13	1.04e-08	1.84e-05	3.18e-03	9.97e-01	4.96e-05	0.00e+00
 1.52932e+15	5.80e-18	6.91e-13	1.27e-08	2.11e-05	3.42e-03	9.97e-01	4.61e-05	0.00e+00
 1.58743e+15	8.12e-18	9.12e-13	1.58e-08	2.46e-05	3.70e-03	9.96e-01	4.24e-05	0.00e+00
 1.64134e+15	1.06e-17	1.15e-12	1.92e-08	2.81e-05	3.98e-03	9.96e-01	3.95e-05	0.00e+00
 1.69925e+15	1.45e-17	1.49e-12	2.36e-08	3.23e-05	4.29e-03	9.96e-01	3.66e-05	0.00e+00
 1.75471e+15	1.90e-17	1.87e-12	2.85e-08	3.68e-05	4.59e-03	9.95e-01	3.41e-05	0.00e+00
 1.79427e+15	2.31e-17	2.20e-12	3.24e-08	4.03e-05	4.82e-03	9.95e-01	3.25e-05	0.00e+00
 1.83297e+15	2.77e-17	2.56e-12	3.67e-08	4.39e-05	5.05e-03	9.95e-01	3.10e-05	0.00e+00
 1.88329e+15	3.41e-17	3.08e-12	4.30e-08	4.89e-05	5.35e-03	9.95e-01	2.92e-05	0.00e+00
 1.93848e+15	4.44e-17	3.82e-12	5.09e-08	5.50e-05	5.71e-03	9.94e-01	2.73e-05	0.00e+00
 1.98839e+15	5.41e-17	4.55e-12	5.91e-08	6.09e-05	6.03e-03	9.94e-01	2.59e-05	0.00e+00
 2.04165e+15	6.83e-17	5.52e-12	6.89e-08	6.78e-05	6.39e-03	9.94e-01	2.44e-05	0.00e+00
 2.10183e+15	8.59e-17	6.74e-12	8.17e-08	7.62e-05	6.81e-03	9.93e-01	2.28e-05	0.00e+00
 2.15910e+15	1.09e-16	8.22e-12	9.56e-08	8.50e-05	7.23e-03	9.93e-01	2.15e-05	0.00e+00
 2.21321e+15	2.18e-16	9.81e-12	1.10e-07	9.39e-05	7.64e-03	9.92e-01	2.03e-05	0.00e+00
 2.27511e+15	1.89e-16	1.19e-11	1.30e-07	1.05e-04	8.12e-03	9.92e-01	1.91e-05	0.00e+00
 2.35558e+15	2.53e-16	1.52e-11	1.59e-07	1.21e-04	8.77e-03	9.91e-01	1.76e-05	0.00e+00
 2.43705e+15	3.36e-16	1.94e-11	1.94e-07	1.39e-04	9.47e-03	9.90e-01	1.63e-05	0.00e+00
 2.50244e+15	4.20e-16	2.34e-11	2.26e-07	1.54e-04	1.00e-02	9.90e-01	1.54e-05	0.00e+00
 2.57007e+15	5.14e-16	2.79e-11	2.64e-07	1.72e-04	1.07e-02	9.89e-01	1.44e-05	0.00e+00
 2.65799e+15	6.99e-16	3.58e-11	3.21e-07	1.97e-04	1.15e-02	9.88e-01	1.34e-05	0.00e+00
 2.75202e+15	9.29e-16	4.57e-11	3.94e-07	2.26e-04	1.25e-02	9.87e-01	1.23e-05	0.00e+00
 2.83542e+15	1.16e-15	5.56e-11	4.69e-07	2.55e-04	1.33e-02	9.86e-01	1.16e-05	0.00e+00
 2.92527e+15	1.54e-15	7.03e-11	5.62e-07	2.89e-04	1.43e-02	9.85e-01	1.08e-05	0.00e+00
 3.03558e+15	2.06e-15	9.05e-11	6.99e-07	3.36e-04	1.56e-02	9.84e-01	1.00e-05	0.00e+00
 3.14663e+15	2.80e-15	1.17e-10	8.63e-07	3.88e-04	1.69e-02	9.83e-01	9.26e-06	0.00e+00
 3.24407e+15	3.57e-15	1.45e-10	1.03e-06	4.39e-04	1.81e-02	9.81e-01	8.68e-06	0.00e+00
 3.32613e+15	4.41e-15	1.73e-10	1.20e-06	4.85e-04	1.92e-02	9.80e-01	8.24e-06	0.00e+00
 3.39776e+15	5.26e-15	2.01e-10	1.36e-06	5.28e-04	2.01e-02	9.79e-01	7.88e-06	0.00e+00
 3.47941e+15	6.27e-15	2.36e-10	1.56e-06	5.81e-04	2.12e-02	9.78e-01	7.49e-06	0.00e+00
 3.58554e+15	8.32e-15	2.96e-10	1.86e-06	6.56e-04	2.28e-02	9.77e-01	7.04e-06	0.00e+00
 3.69374e+15	1.06e-14	3.66e-10	2.22e-06	7.39e-04	2.44e-02	9.75e-01	6.63e-06	0.00e+00
 3.78105e+15	1.29e-14	4.32e-10	2.56e-06	8.12e-04	2.57e-02	9.73e-01	6.33e-06	0.00e+00
 3.87099e+15	1.53e-14	5.05e-10	2.94e-06	8.92e-04	2.71e-02	9.72e-01	6.04e-06	0.00e+00
 3.98792e+15	2.03e-14	6.35e-10	3.51e-06	1.01e-03	2.91e-02	9.70e-01	5.70e-06	0.00e+00
 4.10964e+15	2.60e-14	7.88e-10	4.21e-06	1.13e-03	3.12e-02	9.68e-01	5.38e-06	0.00e+00
 4.21211e+15	3.16e-14	9.36e-10	4.87e-06	1.25e-03	3.29e-02	9.66e-01	5.13e-06	0.00e+00
 4.31984e+15	3.82e-14	1.11e-09	5.67e-06	1.39e-03	3.49e-02	9.64e-01	4.90e-06	0.00e+00
 4.45988e+15	5.18e-14	1.43e-09	6.89e-06	1.58e-03	3.75e-02	9.61e-01	4.63e-06	0.00e+00
 4.60475e+15	6.66e-14	1.79e-09	8.35e-06	1.79e-03	4.03e-02	9.58e-01	4.37e-06	0.00e+00
 4.72646e+15	8.17e-14	2.14e-09	9.78e-06	1.99e-03	4.27e-02	9.55e-01	4.19e-06	0.00e+00
 4.85528e+15	1.05e-13	2.64e-09	1.15e-05	2.22e-03	4.55e-02	9.52e-01	4.00e-06	0.00e+00
 5.02273e+15	1.39e-13	3.37e-09	1.42e-05	2.54e-03	4.91e-02	9.48e-01	3.79e-06	0.00e+00
 5.19921e+15	1.87e-13	4.36e-09	1.75e-05	2.92e-03	5.31e-02	9.44e-01	3.60e-06	0.00e+00
 5.35257e+15	2.39e-13	5.41e-09	2.09e-05	3.28e-03	5.67e-02	9.40e-01	3.46e-06	0.00e+00
 5.51710e+15	3.06e-13	6.72e-09	2.52e-05	3.70e-03	6.05e-02	9.36e-01	3.32e-06	0.00e+00
 5.72231e+15	4.38e-13	9.03e-09	3.16e-05	4.29e-03	6.58e-02	9.30e-01	3.18e-06	0.00e+00
 5.90503e+15	5.52e-13	1.12e-08	3.83e-05	4.86e-03	7.04e-02	9.25e-01	3.05e-06	0.00e+00
 6.02559e+15	6.82e-13	1.33e-08	4.35e-05	5.28e-03	7.37e-02	9.21e-01	2.99e-06	0.00e+00
 6.14067e+15	8.11e-13	1.54e-08	4.89e-05	5.70e-03	7.68e-02	9.17e-01	2.94e-06	0.00e+00
 6.29029e+15	9.73e-13	1.82e-08	5.67e-05	6.27e-03	8.09e-02	9.13e-01	2.86e-06	0.00e+00
 6.48479e+15	1.32e-12	2.33e-08	6.88e-05	7.10e-03	8.66e-02	9.06e-01	2.78e-06	0.00e+00
 6.67986e+15	1.65e-12	2.87e-08	8.25e-05	7.98e-03	9.21e-02	9.00e-01	2.70e-06	0.00e+00
 6.83222e+15	2.06e-12	3.45e-08	9.52e-05	8.75e-03	9.69e-02	8.94e-01	2.66e-06	0.00e+00
 6.98686e+15	2.56e-12	4.13e-08	1.10e-04	9.58e-03	1.02e-01	8.89e-01	2.62e-06	0.00e+00
 7.18788e+15	3.20e-12	5.06e-08	1.31e-04	1.07e-02	1.08e-01	8.81e-01	2.56e-06	0.00e+00
 7.40143e+15	4.30e-12	6.46e-08	1.58e-04	1.21e-02	1.15e-01	8.73e-01	2.52e-06	0.00e+00
 7.58353e+15	5.42e-12	7.85e-08	1.84e-04	1.33e-02	1.21e-01	8.65e-01	2.49e-06	0.00e+00
 7.77251e+15	6.76e-12	9.50e-08	2.15e-04	1.47e-02	1.27e-01	8.58e-01	2.46e-06	0.00e+00
 8.01819e+15	8.69e-12	1.19e-07	2.61e-04	1.66e-02	1.36e-01	8.47e-01	2.41e-06	0.00e+00
 8.27189e+15	1.21e-11	1.56e-07	3.19e-04	1.89e-02	1.45e-01	8.36e-01	2.39e-06	0.00e+00
 8.47958e+15	1.52e-11	1.89e-07	3.74e-04	2.09e-02	1.53e-01	8.26e-01	2.37e-06	0.00e+00
 8.69316e+15	1.93e-11	2.32e-07	4.39e-04	2.31e-02	1.60e-01	8.16e-01	2.35e-06	0.00e+00
 8.97081e+15	2.49e-11	2.91e-07	5.34e-04	2.61e-02	1.70e-01	8.03e-01	2.32e-06	0.00e+00
 9.25705e+15	3.46e-11	3.82e-07	6.56e-04	2.97e-02	1.82e-01	7.88e-01	2.30e-06	0.00e+00
 9.49669e+15	4.42e-11	4.69e-07	7.73e-04	3.28e-02	1.91e-01	7.75e-01	2.29e-06	0.00e+00
 9.75046e+15	5.71e-11	5.83e-07	9.17e-04	3.65e-02	2.01e-01	7.62e-01	2.27e-06	0.00e+00
 1.00804e+16	7.56e-11	7.46e-07	1.13e-03	4.16e-02	2.13e-01	7.44e-01	2.24e-06	0.00e+00
 1.04085e+16	1.08e-10	9.96e-07	1.40e-03	4.74e-02	2.27e-01	7.24e-01	2.23e-06	0.00e+00
 1.06596e+16	1.36e-10	1.21e-06	1.64e-03	5.21e-02	2.37e-01	7.09e-01	2.23e-06	0.00e+00
 1.09114e+16	1.72e-10	1.47e-06	1.91e-03	5.72e-02	2.47e-01	6.93e-01	2.21e-06	0.00e+00
 1.11759e+16	2.17e-10	1.80e-06	2.24e-03	6.29e-02	2.58e-01	6.77e-01	2.19e-06	0.00e+00
 1.14116e+16	2.67e-10	2.14e-06	2.57e-03	6.83e-02	2.67e-01	6.62e-01	2.17e-06	0.00e+00
 1.16725e+16	3.34e-10	2.59e-06	2.99e-03	7.48e-02	2.77e-01	6.45e-01	2.15e-06	0.00e+00
 1.19490e+16	4.09e-10	3.08e-06	3.48e-03	8.18e-02	2.87e-01	6.28e-01	2.12e-06	0.00e+00
 1.22457e+16	5.50e-10	3.92e-06	4.14e-03	9.06e-02	2.99e-01	6.06e-01	2.11e-06	0.00e+00
 1.25365e+16	6.90e-10	4.76e-06	4.83e-03	9.91e-02	3.10e-01	5.86e-01	2.08e-06	0.00e+00
 1.27778e+16	8.41e-10	5.62e-06	5.50e-03	1.07e-01	3.18e-01	5.69e-01	2.06e-06	0.00e+00
 1.30495e+16	1.04e-09	6.74e-06	6.37e-03	1.16e-01	3.28e-01	5.50e-01	2.03e-06	0.00e+00
 1.33499e+16	1.34e-09	8.31e-06	7.47e-03	1.27e-01	3.38e-01	5.27e-01	1.99e-06	0.00e+00
 1.36338e+16	1.67e-09	9.98e-06	8.65e-03	1.38e-01	3.46e-01	5.07e-01	1.96e-06	0.00e+00
 1.39065e+16	2.01e-09	1.18e-05	9.93e-03	1.49e-01	3.54e-01	4.87e-01	1.93e-06	0.00e+00
 1.42182e+16	2.74e-09	1.50e-05	1.18e-02	1.63e-01	3.64e-01	4.61e-01	1.89e-06	0.00e+00
 1.45343e+16	3.46e-09	1.83e-05	1.38e-02	1.78e-01	3.71e-01	4.37e-01	1.85e-06	0.00e+00
 1.48007e+16	4.28e-09	2.19e-05	1.58e-02	1.91e-01	3.77e-01	4.17e-01	1.81e-06	0.00e+00
 1.50918e+16	5.45e-09	2.67e-05	1.83e-02	2.06e-01	3.82e-01	3.93e-01	1.77e-06	0.00e+00
 1.54119e+16	6.70e-09	3.19e-05	2.14e-02	2.23e-01	3.86e-01	3.69e-01	1.72e-06	0.00e+00
 1.56971e+16	8.84e-09	3.99e-05	2.49e-02	2.40e-01	3.90e-01	3.45e-01	1.67e-06	0.00e+00
 1.59364e+16	1.09e-08	4.72e-05	2.81e-02	2.55e-01	3.91e-01	3.26e-01	1.64e-06	0.00e+00
 1.61509e+16	1.30e-08	5.44e-05	3.13e-02	2.68e-01	3.92e-01	3.09e-01	1.60e-06	0.00e+00
 1.63917e+16	1.57e-08	6.39e-05	3.54e-02	2.84e-01	3.91e-01	2.90e-01	1.56e-06	0.00e+00
 1.66627e+16	1.98e-08	7.71e-05	4.07e-02	3.02e-01	3.89e-01	2.68e-01	1.51e-06	0.00e+00
 1.69157e+16	2.38e-08	9.01e-05	4.62e-02	3.19e-01	3.86e-01	2.49e-01	1.45e-06	0.00e+00
 1.71407e+16	2.90e-08	1.06e-04	5.19e-02	3.35e-01	3.82e-01	2.31e-01	1.42e-06	0.00e+00
 1.73511e+16	3.78e-08	1.29e-04	5.85e-02	3.52e-01	3.77e-01	2.12e-01	1.38e-06	0.00e+00
 1.75476e+16	4.57e-08	1.50e-04	6.50e-02	3.67e-01	3.71e-01	1.97e-01	1.34e-06	0.00e+00
 1.77613e+16	5.55e-08	1.76e-04	7.29e-02	3.83e-01	3.63e-01	1.81e-01	1.30e-06	0.00e+00
 1.79941e+16	6.98e-08	2.11e-04	8.28e-02	4.01e-01	3.54e-01	1.63e-01	1.24e-06	0.00e+00
 1.81962e+16	8.64e-08	2.49e-04	9.24e-02	4.16e-01	3.44e-01	1.48e-01	1.20e-06	0.00e+00
 1.83676e+16	1.00e-07	2.81e-04	1.01e-01	4.29e-01	3.34e-01	1.36e-01	1.15e-06	0.00e+00
 1.85542e+16	1.28e-07	3.38e-04	1.13e-01	4.43e-01	3.22e-01	1.21e-01	1.11e-06	0.00e+00
 1.87486e+16	1.60e-07	4.02e-04	1.26e-01	4.57e-01	3.08e-01	1.07e-01	1.06e-06	0.00e+00
 1.89102e+16	1.95e-07	4.67e-04	1.39e-01	4.68e-01	2.96e-01	9.63e-02	1.01e-06	0.00e+00
 1.90519e+16	2.23e-07	5.21e-04	1.50e-01	4.78e-01	2.84e-01	8.74e-02	9.72e-07	0.00e+00
 1.92104e+16	2.68e-07	6.01e-04	1.65e-01	4.87e-01	2.70e-01	7.73e-02	0.00e+00	0.00e+00
 1.93808e+16	3.31e-07	7.05e-04	1.81e-01	4.97e-01	2.54e-01	6.70e-02	0.00e+00	0.00e+00
 1.95259e+16	4.30e-07	8.52e-04	1.99e-01	5.04e-01	2.38e-01	5.78e-02	0.00e+00	0.00e+00
 1.96332e+16	5.20e-07	9.77e-04	2.13e-01	5.08e-01	2.27e-01	5.12e-02	0.00e+00	0.00e+00
 1.97142e+16	5.78e-07	1.06e-03	2.23e-01	5.11e-01	2.18e-01	4.70e-02	0.00e+00	0.00e+00
 1.98015e+16	6.49e-07	1.16e-03	2.35e-01	5.14e-01	2.08e-01	4.26e-02	0.00e+00	0.00e+00
 1.99150e+16	7.66e-07	1.31e-03	2.51e-01	5.16e-01	1.94e-01	3.71e-02	0.00e+00	0.00e+00
 2.00379e+16	9.22e-07	1.50e-03	2.70e-01	5.17e-01	1.80e-01	3.16e-02	0.00e+00	0.00e+00
 2.01444e+16	1.05e-06	1.65e-03	2.86e-01	5.18e-01	1.67e-01	2.74e-02	0.00e+00	0.00e+00
 2.02540e+16	1.24e-06	1.87e-03	3.04e-01	5.17e-01	1.54e-01	2.32e-02	0.00e+00	0.00e+00
 2.03524e+16	1.54e-06	2.18e-03	3.23e-01	5.14e-01	1.41e-01	1.94e-02	0.00e+00	0.00e+00
 2.04070e+16	1.73e-06	2.36e-03	3.34e-01	5.12e-01	1.34e-01	1.75e-02	0.00e+00	0.00e+00
 2.04432e+16	1.84e-06	2.47e-03	3.41e-01	5.10e-01	1.30e-01	1.64e-02	0.00e+00	0.00e+00
 2.04845e+16	1.96e-06	2.59e-03	3.49e-01	5.09e-01	1.25e-01	1.52e-02	0.00e+00	0.00e+00
 2.05383e+16	2.10e-06	2.72e-03	3.58e-01	5.07e-01	1.19e-01	1.38e-02	0.00e+00	0.00e+00
 2.06082e+16	2.44e-06	3.03e-03	3.73e-01	5.02e-01	1.10e-01	1.18e-02	0.00e+00	0.00e+00
 2.06756e+16	2.76e-06	3.30e-03	3.87e-01	4.98e-01	1.02e-01	1.02e-02	0.00e+00	0.00e+00
 2.07269e+16	2.97e-06	3.48e-03	3.96e-01	4.95e-01	9.64e-02	9.18e-03	0.00e+00	0.00e+00
 2.07804e+16	3.27e-06	3.73e-03	4.08e-01	4.90e-01	9.03e-02	8.10e-03	0.00e+00	0.00e+00
 2.08499e+16	3.83e-06	4.17e-03	4.23e-01	4.83e-01	8.22e-02	6.74e-03	0.00e+00	0.00e+00
 2.09150e+16	4.22e-06	4.46e-03	4.36e-01	4.78e-01	7.57e-02	5.78e-03	0.00e+00	0.00e+00
 2.09664e+16	4.68e-06	4.80e-03	4.47e-01	4.72e-01	7.04e-02	5.02e-03	0.00e+00	0.00e+00
 2.10253e+16	5.24e-06	5.20e-03	4.60e-01	4.66e-01	6.45e-02	4.25e-03	0.00e+00	0.00e+00
 2.10889e+16	5.94e-06	5.68e-03	4.74e-01	4.58e-01	5.86e-02	3.54e-03	0.00e+00	0.00e+00
 2.11450e+16	6.86e-06	6.26e-03	4.87e-01	4.50e-01	5.34e-02	2.94e-03	0.00e+00	0.00e+00
 2.11914e+16	7.60e-06	6.72e-03	4.98e-01	4.43e-01	4.94e-02	2.54e-03	0.00e+00	0.00e+00
 2.12392e+16	8.15e-06	7.06e-03	5.07e-01	4.38e-01	4.57e-02	2.20e-03	0.00e+00	0.00e+00
 2.13013e+16	9.54e-06	7.86e-03	5.22e-01	4.28e-01	4.07e-02	1.76e-03	0.00e+00	0.00e+00
 2.13638e+16	1.08e-05	8.58e-03	5.35e-01	4.18e-01	3.64e-02	1.42e-03	0.00e+00	0.00e+00
 2.14174e+16	1.20e-05	9.23e-03	5.47e-01	4.10e-01	3.30e-02	1.18e-03	0.00e+00	0.00e+00
 2.14781e+16	1.37e-05	1.01e-02	5.59e-01	4.00e-01	2.93e-02	9.40e-04	0.00e+00	0.00e+00
 2.15569e+16	1.62e-05	1.13e-02	5.76e-01	3.87e-01	2.50e-02	6.96e-04	0.00e+00	0.00e+00
 2.16363e+16	1.91e-05	1.27e-02	5.92e-01	3.74e-01	2.13e-02	5.14e-04	0.00e+00	0.00e+00
 2.17008e+16	2.18e-05	1.39e-02	6.05e-01	3.63e-01	1.86e-02	3.99e-04	0.00e+00	0.00e+00
 2.17514e+16	2.43e-05	1.49e-02	6.14e-01	3.54e-01	1.68e-02	3.27e-04	0.00e+00	0.00e+00
 2.17916e+16	2.65e-05	1.58e-02	6.22e-01	3.47e-01	1.54e-02	2.77e-04	0.00e+00	0.00e+00
 2.18361e+16	2.87e-05	1.67e-02	6.30e-01	3.39e-01	1.40e-02	2.32e-04	0.00e+00	0.00e+00
 2.18938e+16	3.28e-05	1.83e-02	6.41e-01	3.28e-01	1.22e-02	1.80e-04	0.00e+00	0.00e+00
 2.19519e+16	3.71e-05	1.99e-02	6.51e-01	3.18e-01	1.08e-02	1.42e-04	0.00e+00	0.00e+00
 2.19995e+16	4.07e-05	2.12e-02	6.59e-01	3.10e-01	9.70e-03	1.17e-04	0.00e+00	0.00e+00
 2.20507e+16	4.58e-05	2.29e-02	6.68e-01	3.00e-01	8.59e-03	9.29e-05	0.00e+00	0.00e+00
 2.21074e+16	5.17e-05	2.49e-02	6.78e-01	2.90e-01	7.53e-03	7.27e-05	0.00e+00	0.00e+00
 2.21613e+16	5.80e-05	2.68e-02	6.87e-01	2.80e-01	6.65e-03	5.77e-05	0.00e+00	0.00e+00
 2.22133e+16	6.49e-05	2.90e-02	6.95e-01	2.70e-01	5.87e-03	4.59e-05	0.00e+00	0.00e+00
 2.22731e+16	7.38e-05	3.16e-02	7.04e-01	2.59e-01	5.08e-03	3.52e-05	0.00e+00	0.00e+00
 2.23373e+16	8.49e-05	3.47e-02	7.13e-01	2.48e-01	4.36e-03	2.65e-05	0.00e+00	0.00e+00
 2.23933e+16	9.60e-05	3.77e-02	7.21e-01	2.38e-01	3.81e-03	2.07e-05	0.00e+00	0.00e+00
 2.24430e+16	1.07e-04	4.06e-02	7.27e-01	2.29e-01	3.37e-03	1.66e-05	0.00e+00	0.00e+00
 2.24987e+16	1.21e-04	4.39e-02	7.34e-01	2.19e-01	2.94e-03	1.29e-05	0.00e+00	0.00e+00
 2.25711e+16	1.42e-04	4.90e-02	7.42e-01	2.06e-01	2.43e-03	9.23e-06	0.00e+00	0.00e+00
 2.26408e+16	1.68e-04	5.47e-02	7.50e-01	1.93e-01	2.03e-03	6.72e-06	0.00e+00	0.00e+00
 2.26905e+16	1.89e-04	5.91e-02	7.54e-01	1.85e-01	1.79e-03	5.35e-06	0.00e+00	0.00e+00
 2.27387e+16	2.11e-04	6.36e-02	7.58e-01	1.76e-01	1.57e-03	4.28e-06	0.00e+00	0.00e+00
 2.28014e+16	2.44e-04	7.01e-02	7.63e-01	1.66e-01	1.33e-03	3.18e-06	0.00e+00	0.00e+00
 2.28666e+16	2.87e-04	7.80e-02	7.66e-01	1.54e-01	1.11e-03	2.33e-06	0.00e+00	0.00e+00
 2.29188e+16	3.29e-04	8.53e-02	7.68e-01	1.45e-01	9.49e-04	1.80e-06	0.00e+00	0.00e+00
 2.29618e+16	3.67e-04	9.17e-02	7.69e-01	1.38e-01	8.39e-04	1.46e-06	0.00e+00	0.00e+00
 2.30088e+16	4.14e-04	9.93e-02	7.70e-01	1.30e-01	7.26e-04	1.15e-06	0.00e+00	0.00e+00
 2.30699e+16	4.86e-04	1.10e-01	7.69e-01	1.20e-01	6.01e-04	8.40e-07	0.00e+00	0.00e+00
 2.31321e+16	5.76e-04	1.23e-01	7.66e-01	1.10e-01	4.95e-04	0.00e+00	0.00e+00	0.00e+00
 2.31811e+16	6.63e-04	1.35e-01	7.62e-01	1.02e-01	4.19e-04	0.00e+00	0.00e+00	0.00e+00
 2.32218e+16	7.44e-04	1.45e-01	7.58e-01	9.52e-02	3.65e-04	0.00e+00	0.00e+00	0.00e+00
 2.32666e+16	8.45e-04	1.58e-01	7.53e-01	8.82e-02	3.11e-04	0.00e+00	0.00e+00	0.00e+00
 2.33248e+16	1.00e-03	1.76e-01	7.43e-01	7.94e-02	2.51e-04	0.00e+00	0.00e+00	0.00e+00
 2.33841e+16	1.20e-03	1.98e-01	7.30e-01	7.05e-02	1.99e-04	0.00e+00	0.00e+00	0.00e+00
 2.34302e+16	1.40e-03	2.17e-01	7.18e-01	6.39e-02	1.65e-04	0.00e+00	0.00e+00	0.00e+00
 2.34692e+16	1.58e-03	2.35e-01	7.05e-01	5.83e-02	1.40e-04	0.00e+00	0.00e+00	0.00e+00
 2.35139e+16	1.83e-03	2.57e-01	6.89e-01	5.23e-02	1.14e-04	0.00e+00	0.00e+00	0.00e+00
 2.35719e+16	2.21e-03	2.89e-01	6.64e-01	4.48e-02	8.69e-05	0.00e+00	0.00e+00	0.00e+00
 2.36313e+16	2.73e-03	3.27e-01	6.32e-01	3.74e-02	6.39e-05	0.00e+00	0.00e+00	0.00e+00
 2.36784e+16	3.25e-03	3.62e-01	6.03e-01	3.19e-02	4.91e-05	0.00e+00	0.00e+00	0.00e+00
 2.37189e+16	3.76e-03	3.95e-01	5.74e-01	2.74e-02	3.84e-05	0.00e+00	0.00e+00	0.00e+00
 2.37648e+16	4.45e-03	4.34e-01	5.39e-01	2.28e-02	2.87e-05	0.00e+00	0.00e+00	0.00e+00
 2.38161e+16	5.41e-03	4.82e-01	4.94e-01	1.80e-02	2.00e-05	0.00e+00	0.00e+00	0.00e+00
 2.38618e+16	6.51e-03	5.30e-01	4.49e-01	1.42e-02	1.40e-05	0.00e+00	0.00e+00	0.00e+00
 2.39001e+16	7.56e-03	5.72e-01	4.09e-01	1.13e-02	1.00e-05	0.00e+00	0.00e+00	0.00e+00
 2.39335e+16	8.68e-03	6.11e-01	3.72e-01	9.13e-03	7.34e-06	0.00e+00	0.00e+00	0.00e+00
 2.39641e+16	9.86e-03	6.46e-01	3.37e-01	7.36e-03	5.41e-06	0.00e+00	0.00e+00	0.00e+00
 2.39985e+16	1.13e-02	6.84e-01	2.99e-01	5.66e-03	3.74e-06	0.00e+00	0.00e+00	0.00e+00
 2.40354e+16	1.32e-02	7.27e-01	2.56e-01	4.12e-03	2.41e-06	0.00e+00	0.00e+00	0.00e+00
 2.40659e+16	1.51e-02	7.62e-01	2.20e-01	3.05e-03	1.61e-06	0.00e+00	0.00e+00	0.00e+00
 2.40898e+16	1.67e-02	7.87e-01	1.94e-01	2.38e-03	1.15e-06	0.00e+00	0.00e+00	0.00e+00
 2.41147e+16	1.86e-02	8.11e-01	1.68e-01	1.80e-03	7.98e-07	0.00e+00	0.00e+00	0.00e+00
 2.41472e+16	2.14e-02	8.40e-01	1.38e-01	1.22e-03	0.00e+00	0.00e+00	0.00e+00	0.00e+00
 2.41796e+16	2.49e-02	8.66e-01	1.08e-01	7.85e-04	0.00e+00	0.00e+00	0.00e+00	0.00e+00
 2.42032e+16	2.79e-02	8.82e-01	8.91e-02	5.48e-04	0.00e+00	0.00e+00	0.00e+00	0.00e+00
 2.42213e+16	3.04e-02	8.93e-01	7.61e-02	4.11e-04	0.00e+00	0.00e+00	0.00e+00	0.00e+00
 2.42409e+16	3.32e-02	9.03e-01	6.38e-02	2.97e-04	0.00e+00	0.00e+00	0.00e+00	0.00e+00
 2.42664e+16	3.76e-02	9.12e-01	5.00e-02	1.91e-04	0.00e+00	0.00e+00	0.00e+00	0.00e+00
 2.42926e+16	4.29e-02	9.19e-01	3.78e-02	1.16e-04	0.00e+00	0.00e+00	0.00e+00	0.00e+00
 2.43126e+16	4.76e-02	9.22e-01	2.98e-02	7.61e-05	0.00e+00	0.00e+00	0.00e+00	0.00e+00
 2.43279e+16	5.16e-02	9.24e-01	2.48e-02	5.48e-05	0.00e+00	0.00e+00	0.00e+00	0.00e+00
 2.43441e+16	5.62e-02	9.23e-01	2.03e-02	3.82e-05	0.00e+00	0.00e+00	0.00e+00	0.00e+00
 2.43652e+16	6.28e-02	9.22e-01	1.55e-02	2.36e-05	0.00e+00	0.00e+00	0.00e+00	0.00e+00
 2.43862e+16	7.01e-02	9.18e-01	1.15e-02	1.41e-05	0.00e+00	0.00e+00	0.00e+00	0.00e+00
 2.44016e+16	7.64e-02	9.14e-01	9.15e-03	9.48e-06	0.00e+00	0.00e+00	0.00e+00	0.00e+00
 2.44139e+16	8.14e-02	9.11e-01	7.63e-03	6.90e-06	0.00e+00	0.00e+00	0.00e+00	0.00e+00
 2.44259e+16	8.68e-02	9.07e-01	6.36e-03	5.02e-06	0.00e+00	0.00e+00	0.00e+00	0.00e+00
 2.44383e+16	9.28e-02	9.02e-01	5.23e-03	3.59e-06	0.00e+00	0.00e+00	0.00e+00	0.00e+00
 2.44509e+16	9.90e-02	8.97e-01	4.28e-03	2.55e-06	0.00e+00	0.00e+00	0.00e+00	0.00e+00
 2.44625e+16	1.05e-01	8.92e-01	3.56e-03	1.86e-06	0.00e+00	0.00e+00	0.00e+00	0.00e+00
 2.44709e+16	1.09e-01	8.88e-01	3.10e-03	1.49e-06	0.00e+00	0.00e+00	0.00e+00	0.00e+00
 2.44761e+16	1.12e-01	8.85e-01	2.85e-03	1.30e-06	0.00e+00	0.00e+00	0.00e+00	0.00e+00
 2.44810e+16	1.15e-01	8.83e-01	2.63e-03	1.13e-06	0.00e+00	0.00e+00	0.00e+00	0.00e+00
 2.44869e+16	1.18e-01	8.79e-01	2.38e-03	9.64e-07	0.00e+00	0.00e+00	0.00e+00	0.00e+00
 2.44936e+16	1.22e-01	8.76e-01	2.13e-03	0.00e+00	0.00e+00	0.00e+00	0.00e+00	0.00e+00
 2.45000e+16	1.26e-01	8.72e-01	1.91e-03	0.00e+00	0.00e+00	0.00e+00	0.00e+00	0.00e+00
 2.45060e+16	1.29e-01	8.69e-01	1.73e-03	0.00e+00	0.00e+00	0.00e+00	0.00e+00	0.00e+00
 2.45120e+16	1.33e-01	8.66e-01	1.56e-03	0.00e+00	0.00e+00	0.00e+00	0.00e+00	0.00e+00
 2.45181e+16	1.36e-01	8.62e-01	1.41e-03	0.00e+00	0.00e+00	0.00e+00	0.00e+00	0.00e+00
 2.45243e+16	1.40e-01	8.59e-01	1.27e-03	0.00e+00	0.00e+00	0.00e+00	0.00e+00	0.00e+00
 2.45305e+16	1.44e-01	8.55e-01	1.15e-03	0.00e+00	0.00e+00	0.00e+00	0.00e+00	0.00e+00
 2.45367e+16	1.48e-01	8.51e-01	1.03e-03	0.00e+00	0.00e+00	0.00e+00	0.00e+00	0.00e+00
 2.45430e+16	1.52e-01	8.47e-01	9.29e-04	0.00e+00	0.00e+00	0.00e+00	0.00e+00	0.00e+00
 2.45493e+16	1.56e-01	8.43e-01	8.37e-04	0.00e+00	0.00e+00	0.00e+00	0.00e+00	0.00e+00
 2.45556e+16	1.60e-01	8.40e-01	7.55e-04	0.00e+00	0.00e+00	0.00e+00	0.00e+00	0.00e+00
 2.45621e+16	1.64e-01	8.36e-01	6.78e-04	0.00e+00	0.00e+00	0.00e+00	0.00e+00	0.00e+00
 2.45687e+16	1.68e-01	8.32e-01	6.10e-04	0.00e+00	0.00e+00	0.00e+00	0.00e+00	0.00e+00
 2.45754e+16	1.72e-01	8.28e-01	5.48e-04	0.00e+00	0.00e+00	0.00e+00	0.00e+00	0.00e+00
 2.45822e+16	1.76e-01	8.23e-01	4.93e-04	0.00e+00	0.00e+00	0.00e+00	0.00e+00	0.00e+00
 2.45892e+16	1.81e-01	8.19e-01	4.43e-04	0.00e+00	0.00e+00	0.00e+00	0.00e+00	0.00e+00
 2.45965e+16	1.85e-01	8.15e-01	3.97e-04	0.00e+00	0.00e+00	0.00e+00	0.00e+00	0.00e+00
 2.46039e+16	1.90e-01	8.10e-01	3.57e-04	0.00e+00	0.00e+00	0.00e+00	0.00e+00	0.00e+00
 2.46115e+16	1.94e-01	8.06e-01	3.21e-04	0.00e+00	0.00e+00	0.00e+00	0.00e+00	0.00e+00
 2.46196e+16	1.99e-01	8.01e-01	2.88e-04	0.00e+00	0.00e+00	0.00e+00	0.00e+00	0.00e+00
 2.46281e+16	2.04e-01	7.96e-01	2.59e-04	0.00e+00	0.00e+00	0.00e+00	0.00e+00	0.00e+00
 2.46369e+16	2.08e-01	7.91e-01	2.34e-04	0.00e+00	0.00e+00	0.00e+00	0.00e+00	0.00e+00
