#depth	He	He+	He+2
 1.49634e+10	5.27e-23	2.77e-12	1.00e+00
 4.54887e+10	5.94e-23	2.99e-12	1.00e+00
 7.72350e+10	6.66e-23	3.24e-12	1.00e+00
 1.10251e+11	7.48e-23	3.51e-12	1.00e+00
 1.40351e+11	8.31e-23	3.76e-12	1.00e+00
 1.65919e+11	9.05e-23	3.98e-12	1.00e+00
 1.94210e+11	9.92e-23	4.23e-12	1.00e+00
 2.29368e+11	1.11e-22	4.55e-12	1.00e+00
 2.66237e+11	1.25e-22	4.90e-12	1.00e+00
 3.00731e+11	1.39e-22	5.24e-12	1.00e+00
 3.38838e+11	1.55e-22	5.64e-12	1.00e+00
 3.82318e+11	1.77e-22	6.10e-12	1.00e+00
 4.22102e+11	1.98e-22	6.54e-12	1.00e+00
 4.55829e+11	2.17e-22	6.92e-12	1.00e+00
 4.92881e+11	2.40e-22	7.36e-12	1.00e+00
 5.39063e+11	2.71e-22	7.93e-12	1.00e+00
 5.86504e+11	3.07e-22	8.53e-12	1.00e+00
 6.28468e+11	3.41e-22	9.08e-12	1.00e+00
 6.73920e+11	3.81e-22	9.70e-12	1.00e+00
 7.28567e+11	4.34e-22	1.05e-11	1.00e+00
 7.82929e+11	4.94e-22	1.13e-11	1.00e+00
 8.31766e+11	5.51e-22	1.20e-11	1.00e+00
 8.85656e+11	6.20e-22	1.29e-11	1.00e+00
 9.49401e+11	7.11e-22	1.39e-11	1.00e+00
 1.01278e+12	8.13e-22	1.50e-11	1.00e+00
 1.07170e+12	9.17e-22	1.60e-11	1.00e+00
 1.13749e+12	1.04e-21	1.72e-11	1.00e+00
 1.21292e+12	1.21e-21	1.87e-11	1.00e+00
 1.28449e+12	1.38e-21	2.01e-11	1.00e+00
 1.34839e+12	1.55e-21	2.14e-11	1.00e+00
 1.41920e+12	1.75e-21	2.29e-11	1.00e+00
 1.50336e+12	2.02e-21	2.48e-11	1.00e+00
 1.58782e+12	2.34e-21	2.68e-11	1.00e+00
 1.66682e+12	2.65e-21	2.87e-11	1.00e+00
 1.73865e+12	2.97e-21	3.05e-11	1.00e+00
 1.80461e+12	3.28e-21	3.22e-11	1.00e+00
 1.88007e+12	3.66e-21	3.43e-11	1.00e+00
 1.97615e+12	4.21e-21	3.70e-11	1.00e+00
 2.07468e+12	4.86e-21	3.99e-11	1.00e+00
 2.15905e+12	5.46e-21	4.24e-11	1.00e+00
 2.24932e+12	6.15e-21	4.53e-11	1.00e+00
 2.36131e+12	7.12e-21	4.90e-11	1.00e+00
 2.47738e+12	8.26e-21	5.31e-11	1.00e+00
 2.58327e+12	9.42e-21	5.70e-11	1.00e+00
 2.70006e+12	1.08e-20	6.15e-11	1.00e+00
 2.83636e+12	1.27e-20	6.70e-11	1.00e+00
 2.95901e+12	1.46e-20	7.23e-11	1.00e+00
 3.05712e+12	1.62e-20	7.67e-11	1.00e+00
 3.16237e+12	1.81e-20	8.16e-11	1.00e+00
 3.29918e+12	2.09e-20	8.84e-11	1.00e+00
 3.44225e+12	2.43e-20	9.59e-11	1.00e+00
 3.56356e+12	2.74e-20	1.03e-10	1.00e+00
 3.69141e+12	3.10e-20	1.10e-10	1.00e+00
 3.85391e+12	3.61e-20	1.20e-10	1.00e+00
 4.01899e+12	4.22e-20	1.32e-10	1.00e+00
 4.15714e+12	4.77e-20	1.41e-10	1.00e+00
 4.30276e+12	5.39e-20	1.53e-10	1.00e+00
 4.48774e+12	6.30e-20	1.68e-10	1.00e+00
 4.67275e+12	7.36e-20	1.84e-10	1.00e+00
 4.82391e+12	8.29e-20	1.98e-10	1.00e+00
 4.98218e+12	9.33e-20	2.14e-10	1.00e+00
 5.18794e+12	1.09e-19	2.36e-10	1.00e+00
 5.40211e+12	1.28e-19	2.61e-10	1.00e+00
 5.58296e+12	1.46e-19	2.83e-10	1.00e+00
 5.76479e+12	1.65e-19	3.07e-10	1.00e+00
 5.98232e+12	1.90e-19	3.37e-10	1.00e+00
 6.21670e+12	2.20e-19	3.72e-10	1.00e+00
 6.41854e+12	2.48e-19	4.03e-10	1.00e+00
 6.58519e+12	2.72e-19	4.30e-10	1.00e+00
 6.77035e+12	3.01e-19	4.61e-10	1.00e+00
 7.01107e+12	3.41e-19	5.04e-10	1.00e+00
 7.26218e+12	3.88e-19	5.51e-10	1.00e+00
 7.47416e+12	4.30e-19	5.92e-10	1.00e+00
 7.69711e+12	4.75e-19	6.37e-10	1.00e+00
 7.98694e+12	5.41e-19	6.98e-10	1.00e+00
 8.28446e+12	6.15e-19	7.64e-10	1.00e+00
 8.52933e+12	6.79e-19	8.21e-10	1.00e+00
 8.78501e+12	7.50e-19	8.82e-10	1.00e+00
 9.11740e+12	8.50e-19	9.65e-10	1.00e+00
 9.46335e+12	9.66e-19	1.06e-09	1.00e+00
 9.75530e+12	1.07e-18	1.14e-09	1.00e+00
 1.00632e+13	1.18e-18	1.22e-09	1.00e+00
 1.04570e+13	1.35e-18	1.34e-09	1.00e+00
 1.08636e+13	1.53e-18	1.47e-09	1.00e+00
 1.12109e+13	1.70e-18	1.58e-09	1.00e+00
 1.15799e+13	1.89e-18	1.71e-09	1.00e+00
 1.20391e+13	2.15e-18	1.87e-09	1.00e+00
 1.25096e+13	2.45e-18	2.05e-09	1.00e+00
 1.29282e+13	2.73e-18	2.21e-09	1.00e+00
 1.32983e+13	2.99e-18	2.36e-09	1.00e+00
 1.36922e+13	3.29e-18	2.53e-09	1.00e+00
 1.41114e+13	3.64e-18	2.71e-09	1.00e+00
 1.44771e+13	3.96e-18	2.88e-09	1.00e+00
 1.48657e+13	4.32e-18	3.06e-09	1.00e+00
 1.53710e+13	4.81e-18	3.32e-09	1.00e+00
 1.58860e+13	5.36e-18	3.58e-09	1.00e+00
 1.63050e+13	5.82e-18	3.81e-09	1.00e+00
 1.67411e+13	6.33e-18	4.06e-09	1.00e+00
 1.73081e+13	7.03e-18	4.39e-09	1.00e+00
 1.79057e+13	7.84e-18	4.76e-09	1.00e+00
 1.84214e+13	8.57e-18	5.10e-09	1.00e+00
 1.89701e+13	9.39e-18	5.47e-09	1.00e+00
 1.96808e+13	1.05e-17	5.98e-09	1.00e+00
 2.04192e+13	1.18e-17	6.54e-09	1.00e+00
 2.10470e+13	1.30e-17	7.04e-09	1.00e+00
 2.17142e+13	1.43e-17	7.60e-09	1.00e+00
 2.25481e+13	1.61e-17	8.34e-09	1.00e+00
 2.34184e+13	1.82e-17	9.17e-09	1.00e+00
 2.41735e+13	2.01e-17	9.93e-09	1.00e+00
 2.49589e+13	2.24e-17	1.08e-08	1.00e+00
 2.57402e+13	2.47e-17	1.16e-08	1.00e+00
 2.63427e+13	2.68e-17	1.23e-08	1.00e+00
 2.69524e+13	2.89e-17	1.30e-08	1.00e+00
 2.77452e+13	3.20e-17	1.40e-08	1.00e+00
 2.85905e+13	3.56e-17	1.51e-08	1.00e+00
 2.93300e+13	3.90e-17	1.61e-08	1.00e+00
 3.01171e+13	4.31e-17	1.72e-08	1.00e+00
 3.11403e+13	4.89e-17	1.87e-08	1.00e+00
 3.21959e+13	5.56e-17	2.03e-08	1.00e+00
 3.30754e+13	6.18e-17	2.17e-08	1.00e+00
 3.40007e+13	6.89e-17	2.32e-08	1.00e+00
 3.52036e+13	7.92e-17	2.52e-08	1.00e+00
 3.64877e+13	9.16e-17	2.74e-08	1.00e+00
 3.76281e+13	1.04e-16	2.94e-08	1.00e+00
 3.88614e+13	1.18e-16	3.17e-08	1.00e+00
 4.03646e+13	1.38e-16	3.45e-08	1.00e+00
 4.19251e+13	1.62e-16	3.76e-08	1.00e+00
 4.32220e+13	1.83e-16	4.02e-08	1.00e+00
 4.42753e+13	2.02e-16	4.23e-08	1.00e+00
 4.54502e+13	2.25e-16	4.48e-08	1.00e+00
 4.69775e+13	2.57e-16	4.81e-08	1.00e+00
 4.86320e+13	2.97e-16	5.18e-08	1.00e+00
 5.00701e+13	3.34e-16	5.51e-08	1.00e+00
 5.15578e+13	3.76e-16	5.86e-08	1.00e+00
 5.34617e+13	4.35e-16	6.31e-08	1.00e+00
 5.54341e+13	5.02e-16	6.80e-08	1.00e+00
 5.71403e+13	5.67e-16	7.25e-08	1.00e+00
 5.89726e+13	6.43e-16	7.72e-08	1.00e+00
 6.12234e+13	7.47e-16	8.34e-08	1.00e+00
 6.35083e+13	8.63e-16	8.98e-08	1.00e+00
 6.55607e+13	9.78e-16	9.58e-08	1.00e+00
 6.78207e+13	1.12e-15	1.03e-07	1.00e+00
 7.04950e+13	1.30e-15	1.11e-07	1.00e+00
 7.31316e+13	1.51e-15	1.19e-07	1.00e+00
 7.55584e+13	1.71e-15	1.28e-07	1.00e+00
 7.78849e+13	1.93e-15	1.36e-07	1.00e+00
 8.05052e+13	2.20e-15	1.45e-07	1.00e+00
 8.34146e+13	2.52e-15	1.56e-07	1.00e+00
 8.61354e+13	2.87e-15	1.67e-07	1.00e+00
 8.84546e+13	3.19e-15	1.76e-07	1.00e+00
 9.08162e+13	3.53e-15	1.85e-07	1.00e+00
 9.38863e+13	4.04e-15	1.98e-07	1.00e+00
 9.69972e+13	4.58e-15	2.12e-07	1.00e+00
 9.95210e+13	5.08e-15	2.24e-07	1.00e+00
 1.02162e+14	5.64e-15	2.36e-07	1.00e+00
 1.05595e+14	6.44e-15	2.53e-07	1.00e+00
 1.09161e+14	7.34e-15	2.71e-07	1.00e+00
 1.12187e+14	8.17e-15	2.87e-07	1.00e+00
 1.15407e+14	9.15e-15	3.04e-07	1.00e+00
 1.19587e+14	1.06e-14	3.28e-07	1.00e+00
 1.23898e+14	1.21e-14	3.53e-07	1.00e+00
 1.27527e+14	1.37e-14	3.75e-07	1.00e+00
 1.31384e+14	1.54e-14	3.99e-07	1.00e+00
 1.36250e+14	1.78e-14	4.31e-07	1.00e+00
 1.41290e+14	2.05e-14	4.65e-07	1.00e+00
 1.45744e+14	2.33e-14	4.98e-07	1.00e+00
 1.50571e+14	2.65e-14	5.33e-07	1.00e+00
 1.56381e+14	3.07e-14	5.77e-07	1.00e+00
 1.62149e+14	3.55e-14	6.24e-07	1.00e+00
 1.67279e+14	4.01e-14	6.66e-07	1.00e+00
 1.72898e+14	4.57e-14	7.14e-07	1.00e+00
 1.79610e+14	5.30e-14	7.73e-07	1.00e+00
 1.86357e+14	6.12e-14	8.37e-07	1.00e+00
 1.91991e+14	6.87e-14	8.91e-07	1.00e+00
 1.96814e+14	7.57e-14	9.39e-07	1.00e+00
 2.02330e+14	8.41e-14	9.94e-07	1.00e+00
 2.08405e+14	9.42e-14	1.06e-06	1.00e+00
 2.13984e+14	1.04e-13	1.12e-06	1.00e+00
 2.20017e+14	1.16e-13	1.18e-06	1.00e+00
 2.26771e+14	1.30e-13	1.26e-06	1.00e+00
 2.33126e+14	1.44e-13	1.33e-06	1.00e+00
 2.40054e+14	1.60e-13	1.42e-06	1.00e+00
 2.47752e+14	1.80e-13	1.51e-06	1.00e+00
 2.54959e+14	2.00e-13	1.61e-06	1.00e+00
 2.62835e+14	2.24e-13	1.71e-06	1.00e+00
 2.71690e+14	2.52e-13	1.83e-06	1.00e+00
 2.80139e+14	2.81e-13	1.94e-06	1.00e+00
 2.89443e+14	3.16e-13	2.08e-06	1.00e+00
 2.99861e+14	3.58e-13	2.23e-06	1.00e+00
 3.09795e+14	4.01e-13	2.39e-06	1.00e+00
 3.20777e+14	4.52e-13	2.56e-06	1.00e+00
 3.33067e+14	5.15e-13	2.76e-06	1.00e+00
 3.44550e+14	5.78e-13	2.95e-06	1.00e+00
 3.56966e+14	6.51e-13	3.17e-06	1.00e+00
 3.70961e+14	7.40e-13	3.42e-06	1.00e+00
 3.84371e+14	8.32e-13	3.67e-06	1.00e+00
 3.95337e+14	9.13e-13	3.88e-06	1.00e+00
 4.04131e+14	9.82e-13	4.06e-06	1.00e+00
 4.13924e+14	1.06e-12	4.25e-06	1.00e+00
 4.26656e+14	1.17e-12	4.51e-06	1.00e+00
 4.40258e+14	1.30e-12	4.80e-06	1.00e+00
 4.52189e+14	1.41e-12	5.07e-06	1.00e+00
 4.64899e+14	1.55e-12	5.35e-06	1.00e+00
 4.81422e+14	1.73e-12	5.74e-06	1.00e+00
 4.98326e+14	1.93e-12	6.14e-06	1.00e+00
 5.12190e+14	2.10e-12	6.49e-06	1.00e+00
 5.26679e+14	2.29e-12	6.86e-06	1.00e+00
 5.45515e+14	2.57e-12	7.37e-06	1.00e+00
 5.65368e+14	2.87e-12	7.90e-06	1.00e+00
 5.82625e+14	3.16e-12	8.41e-06	1.00e+00
 6.01143e+14	3.48e-12	8.94e-06	1.00e+00
 6.23856e+14	3.92e-12	9.65e-06	1.00e+00
 6.46573e+14	4.38e-12	1.04e-05	1.00e+00
 6.66375e+14	4.83e-12	1.10e-05	1.00e+00
 6.87839e+14	5.32e-12	1.18e-05	1.00e+00
 7.13985e+14	6.00e-12	1.27e-05	1.00e+00
 7.40219e+14	6.69e-12	1.37e-05	1.00e+00
 7.63590e+14	7.41e-12	1.46e-05	1.00e+00
 7.89239e+14	8.20e-12	1.56e-05	1.00e+00
 8.19825e+14	9.30e-12	1.69e-05	1.00e+00
 8.49883e+14	1.04e-11	1.82e-05	1.00e+00
 8.75618e+14	1.15e-11	1.94e-05	1.00e+00
 8.98793e+14	1.25e-11	2.04e-05	1.00e+00
 9.21373e+14	1.35e-11	2.15e-05	1.00e+00
 9.47067e+14	1.48e-11	2.28e-05	1.00e+00
 9.75193e+14	1.63e-11	2.43e-05	1.00e+00
 1.00072e+15	1.76e-11	2.56e-05	1.00e+00
 1.02813e+15	1.94e-11	2.71e-05	1.00e+00
 1.05893e+15	2.12e-11	2.88e-05	1.00e+00
 1.08818e+15	2.33e-11	3.06e-05	1.00e+00
 1.11600e+15	2.52e-11	3.23e-05	1.00e+00
 1.14795e+15	2.79e-11	3.43e-05	1.00e+00
 1.18400e+15	3.08e-11	3.66e-05	1.00e+00
 1.21852e+15	3.41e-11	3.89e-05	1.00e+00
 1.25654e+15	3.76e-11	4.15e-05	1.00e+00
 1.29894e+15	4.23e-11	4.46e-05	1.00e+00
 1.33860e+15	4.66e-11	4.76e-05	1.00e+00
 1.38171e+15	5.24e-11	5.10e-05	1.00e+00
 1.43041e+15	5.90e-11	5.49e-05	1.00e+00
 1.47735e+15	6.62e-11	5.89e-05	1.00e+00
 1.52932e+15	7.40e-11	6.34e-05	1.00e+00
 1.58743e+15	8.54e-11	6.88e-05	1.00e+00
 1.64134e+15	9.52e-11	7.39e-05	1.00e+00
 1.69925e+15	1.09e-10	7.98e-05	1.00e+00
 1.75471e+15	1.22e-10	8.56e-05	1.00e+00
 1.79427e+15	1.33e-10	8.99e-05	1.00e+00
 1.83297e+15	1.44e-10	9.43e-05	1.00e+00
 1.88329e+15	1.58e-10	1.00e-04	1.00e+00
 1.93848e+15	1.78e-10	1.07e-04	1.00e+00
 1.98839e+15	1.94e-10	1.13e-04	1.00e+00
 2.04165e+15	2.16e-10	1.20e-04	1.00e+00
 2.10183e+15	2.40e-10	1.28e-04	1.00e+00
 2.15910e+15	2.69e-10	1.36e-04	1.00e+00
 2.21321e+15	2.96e-10	1.43e-04	1.00e+00
 2.27511e+15	3.30e-10	1.52e-04	1.00e+00
 2.35558e+15	3.79e-10	1.65e-04	1.00e+00
 2.43705e+15	4.35e-10	1.78e-04	1.00e+00
 2.50244e+15	4.86e-10	1.89e-04	1.00e+00
 2.57007e+15	5.38e-10	2.01e-04	1.00e+00
 2.65799e+15	6.28e-10	2.17e-04	1.00e+00
 2.75202e+15	7.29e-10	2.35e-04	1.00e+00
 2.83542e+15	8.13e-10	2.52e-04	1.00e+00
 2.92527e+15	9.46e-10	2.71e-04	1.00e+00
 3.03558e+15	1.10e-09	2.95e-04	1.00e+00
 3.14663e+15	1.30e-09	3.21e-04	1.00e+00
 3.24407e+15	1.48e-09	3.45e-04	1.00e+00
 3.32613e+15	1.66e-09	3.65e-04	1.00e+00
 3.39776e+15	1.82e-09	3.84e-04	1.00e+00
 3.47941e+15	2.01e-09	4.06e-04	1.00e+00
 3.58554e+15	2.34e-09	4.35e-04	1.00e+00
 3.69374e+15	2.68e-09	4.67e-04	1.00e+00
 3.78105e+15	2.97e-09	4.93e-04	1.00e+00
 3.87099e+15	3.26e-09	5.21e-04	9.99e-01
 3.98792e+15	3.80e-09	5.59e-04	9.99e-01
 4.10964e+15	4.36e-09	6.00e-04	9.99e-01
 4.21211e+15	4.84e-09	6.35e-04	9.99e-01
 4.31984e+15	5.38e-09	6.73e-04	9.99e-01
 4.45988e+15	6.34e-09	7.26e-04	9.99e-01
 4.60475e+15	7.28e-09	7.83e-04	9.99e-01
 4.72646e+15	8.12e-09	8.31e-04	9.99e-01
 4.85528e+15	9.37e-09	8.87e-04	9.99e-01
 5.02273e+15	1.09e-08	9.60e-04	9.99e-01
 5.19921e+15	1.27e-08	1.04e-03	9.99e-01
 5.35257e+15	1.46e-08	1.11e-03	9.99e-01
 5.51710e+15	1.65e-08	1.19e-03	9.99e-01
 5.72231e+15	1.99e-08	1.30e-03	9.99e-01
 5.90503e+15	2.25e-08	1.40e-03	9.99e-01
 6.02559e+15	2.51e-08	1.47e-03	9.99e-01
 6.14067e+15	2.74e-08	1.54e-03	9.98e-01
 6.29029e+15	3.01e-08	1.63e-03	9.98e-01
 6.48479e+15	3.52e-08	1.75e-03	9.98e-01
 6.67986e+15	3.95e-08	1.87e-03	9.98e-01
 6.83222e+15	4.42e-08	1.98e-03	9.98e-01
 6.98686e+15	4.93e-08	2.09e-03	9.98e-01
 7.18788e+15	5.51e-08	2.23e-03	9.98e-01
 7.40143e+15	6.40e-08	2.39e-03	9.98e-01
 7.58353e+15	7.16e-08	2.53e-03	9.97e-01
 7.77251e+15	7.99e-08	2.69e-03	9.97e-01
 8.01819e+15	9.03e-08	2.89e-03	9.97e-01
 8.27189e+15	1.06e-07	3.12e-03	9.97e-01
 8.47958e+15	1.19e-07	3.32e-03	9.97e-01
 8.69316e+15	1.33e-07	3.52e-03	9.96e-01
 8.97081e+15	1.50e-07	3.80e-03	9.96e-01
 9.25705e+15	1.76e-07	4.11e-03	9.96e-01
 9.49669e+15	1.98e-07	4.38e-03	9.96e-01
 9.75046e+15	2.24e-07	4.68e-03	9.95e-01
 1.00804e+16	2.56e-07	5.09e-03	9.95e-01
 1.04085e+16	3.03e-07	5.53e-03	9.94e-01
 1.06596e+16	3.38e-07	5.89e-03	9.94e-01
 1.09114e+16	3.79e-07	6.27e-03	9.94e-01
 1.11759e+16	4.23e-07	6.68e-03	9.93e-01
 1.14116e+16	4.67e-07	7.07e-03	9.93e-01
 1.16725e+16	5.19e-07	7.53e-03	9.92e-01
 1.19490e+16	5.72e-07	8.02e-03	9.92e-01
 1.22457e+16	6.61e-07	8.63e-03	9.91e-01
 1.25365e+16	7.35e-07	9.23e-03	9.91e-01
 1.27778e+16	8.10e-07	9.77e-03	9.90e-01
 1.30495e+16	9.00e-07	1.04e-02	9.90e-01
 1.33499e+16	1.02e-06	1.12e-02	9.89e-01
 1.36338e+16	1.13e-06	1.20e-02	9.88e-01
 1.39065e+16	1.25e-06	1.28e-02	9.87e-01
 1.42182e+16	1.46e-06	1.39e-02	9.86e-01
 1.45343e+16	1.65e-06	1.50e-02	9.85e-01
 1.48007e+16	1.84e-06	1.61e-02	9.84e-01
 1.50918e+16	2.09e-06	1.74e-02	9.83e-01
 1.54119e+16	2.35e-06	1.89e-02	9.81e-01
 1.56971e+16	2.71e-06	2.05e-02	9.79e-01
 1.59364e+16	3.03e-06	2.20e-02	9.78e-01
 1.61509e+16	3.34e-06	2.34e-02	9.77e-01
 1.63917e+16	3.74e-06	2.52e-02	9.75e-01
 1.66627e+16	4.27e-06	2.75e-02	9.72e-01
 1.69157e+16	4.82e-06	2.99e-02	9.70e-01
 1.71407e+16	5.41e-06	3.23e-02	9.68e-01
 1.73511e+16	6.26e-06	3.50e-02	9.65e-01
 1.75476e+16	7.02e-06	3.77e-02	9.62e-01
 1.77613e+16	7.97e-06	4.11e-02	9.59e-01
 1.79941e+16	9.26e-06	4.54e-02	9.55e-01
 1.81962e+16	1.06e-05	4.96e-02	9.50e-01
 1.83676e+16	1.18e-05	5.37e-02	9.46e-01
 1.85542e+16	1.38e-05	5.89e-02	9.41e-01
 1.87486e+16	1.61e-05	6.52e-02	9.35e-01
 1.89102e+16	1.84e-05	7.12e-02	9.29e-01
 1.90519e+16	2.06e-05	7.72e-02	9.23e-01
 1.92104e+16	2.38e-05	8.51e-02	9.15e-01
 1.93808e+16	2.79e-05	9.47e-02	9.05e-01
 1.95259e+16	3.30e-05	1.04e-01	8.95e-01
 1.96332e+16	3.75e-05	1.13e-01	8.87e-01
 1.97142e+16	4.09e-05	1.19e-01	8.80e-01
 1.98015e+16	4.49e-05	1.28e-01	8.72e-01
 1.99150e+16	5.13e-05	1.39e-01	8.61e-01
 2.00379e+16	5.96e-05	1.54e-01	8.46e-01
 2.01444e+16	6.73e-05	1.68e-01	8.32e-01
 2.02540e+16	7.77e-05	1.85e-01	8.15e-01
 2.03524e+16	9.01e-05	2.01e-01	7.99e-01
 2.04070e+16	9.77e-05	2.11e-01	7.89e-01
 2.04432e+16	1.03e-04	2.18e-01	7.82e-01
 2.04845e+16	1.09e-04	2.27e-01	7.73e-01
 2.05383e+16	1.17e-04	2.39e-01	7.61e-01
 2.06082e+16	1.31e-04	2.55e-01	7.45e-01
 2.06756e+16	1.44e-04	2.71e-01	7.28e-01
 2.07269e+16	1.55e-04	2.85e-01	7.15e-01
 2.07804e+16	1.68e-04	3.00e-01	7.00e-01
 2.08499e+16	1.88e-04	3.21e-01	6.79e-01
 2.09150e+16	2.06e-04	3.41e-01	6.59e-01
 2.09664e+16	2.23e-04	3.58e-01	6.42e-01
 2.10253e+16	2.45e-04	3.78e-01	6.21e-01
 2.10889e+16	2.69e-04	4.01e-01	5.99e-01
 2.11450e+16	2.96e-04	4.22e-01	5.78e-01
 2.11914e+16	3.17e-04	4.39e-01	5.61e-01
 2.12392e+16	3.39e-04	4.58e-01	5.42e-01
 2.13013e+16	3.74e-04	4.83e-01	5.17e-01
 2.13638e+16	4.08e-04	5.08e-01	4.92e-01
 2.14174e+16	4.40e-04	5.30e-01	4.70e-01
 2.14781e+16	4.80e-04	5.55e-01	4.45e-01
 2.15569e+16	5.34e-04	5.87e-01	4.13e-01
 2.16363e+16	5.90e-04	6.17e-01	3.82e-01
 2.17008e+16	6.40e-04	6.42e-01	3.57e-01
 2.17514e+16	6.80e-04	6.61e-01	3.39e-01
 2.17916e+16	7.13e-04	6.75e-01	3.24e-01
 2.18361e+16	7.49e-04	6.91e-01	3.08e-01
 2.18938e+16	8.00e-04	7.11e-01	2.88e-01
 2.19519e+16	8.51e-04	7.29e-01	2.70e-01
 2.19995e+16	8.94e-04	7.44e-01	2.55e-01
 2.20507e+16	9.43e-04	7.59e-01	2.40e-01
 2.21074e+16	9.99e-04	7.75e-01	2.24e-01
 2.21613e+16	1.05e-03	7.89e-01	2.10e-01
 2.22133e+16	1.11e-03	8.02e-01	1.97e-01
 2.22731e+16	1.17e-03	8.16e-01	1.83e-01
 2.23373e+16	1.24e-03	8.30e-01	1.69e-01
 2.23933e+16	1.30e-03	8.40e-01	1.58e-01
 2.24430e+16	1.36e-03	8.50e-01	1.49e-01
 2.24987e+16	1.43e-03	8.60e-01	1.39e-01
 2.25711e+16	1.53e-03	8.71e-01	1.27e-01
 2.26408e+16	1.63e-03	8.81e-01	1.17e-01
 2.26905e+16	1.70e-03	8.87e-01	1.11e-01
 2.27387e+16	1.77e-03	8.94e-01	1.05e-01
 2.28014e+16	1.88e-03	9.01e-01	9.70e-02
 2.28666e+16	2.00e-03	9.08e-01	9.01e-02
 2.29188e+16	2.10e-03	9.13e-01	8.53e-02
 2.29618e+16	2.19e-03	9.17e-01	8.12e-02
 2.30088e+16	2.29e-03	9.21e-01	7.70e-02
 2.30699e+16	2.43e-03	9.26e-01	7.18e-02
 2.31321e+16	2.60e-03	9.30e-01	6.71e-02
 2.31811e+16	2.74e-03	9.33e-01	6.39e-02
 2.32218e+16	2.88e-03	9.36e-01	6.11e-02
 2.32666e+16	3.02e-03	9.39e-01	5.83e-02
 2.33248e+16	3.24e-03	9.42e-01	5.47e-02
 2.33841e+16	3.49e-03	9.45e-01	5.15e-02
 2.34302e+16	3.72e-03	9.47e-01	4.92e-02
 2.34692e+16	3.92e-03	9.49e-01	4.73e-02
 2.35139e+16	4.17e-03	9.51e-01	4.51e-02
 2.35719e+16	4.54e-03	9.53e-01	4.25e-02
 2.36313e+16	4.99e-03	9.55e-01	4.02e-02
 2.36784e+16	5.43e-03	9.56e-01	3.84e-02
 2.37189e+16	5.83e-03	9.57e-01	3.70e-02
 2.37648e+16	6.35e-03	9.58e-01	3.53e-02
 2.38161e+16	7.04e-03	9.59e-01	3.37e-02
 2.38618e+16	7.80e-03	9.60e-01	3.23e-02
 2.39001e+16	8.52e-03	9.60e-01	3.13e-02
 2.39335e+16	9.28e-03	9.60e-01	3.04e-02
 2.39641e+16	1.01e-02	9.60e-01	2.95e-02
 2.39985e+16	1.10e-02	9.60e-01	2.87e-02
 2.40354e+16	1.23e-02	9.60e-01	2.79e-02
 2.40659e+16	1.37e-02	9.59e-01	2.72e-02
 2.40898e+16	1.48e-02	9.58e-01	2.68e-02
 2.41147e+16	1.62e-02	9.58e-01	2.62e-02
 2.41472e+16	1.83e-02	9.56e-01	2.57e-02
 2.41796e+16	2.09e-02	9.54e-01	2.52e-02
 2.42032e+16	2.33e-02	9.52e-01	2.49e-02
 2.42213e+16	2.55e-02	9.50e-01	2.47e-02
 2.42409e+16	2.80e-02	9.47e-01	2.45e-02
 2.42664e+16	3.19e-02	9.44e-01	2.43e-02
 2.42926e+16	3.69e-02	9.39e-01	2.43e-02
 2.43126e+16	4.18e-02	9.34e-01	2.43e-02
 2.43279e+16	4.59e-02	9.30e-01	2.44e-02
 2.43441e+16	5.10e-02	9.25e-01	2.45e-02
 2.43652e+16	5.85e-02	9.17e-01	2.47e-02
 2.43862e+16	6.79e-02	9.07e-01	2.51e-02
 2.44016e+16	7.65e-02	8.98e-01	2.55e-02
 2.44139e+16	8.39e-02	8.90e-01	2.59e-02
 2.44259e+16	9.21e-02	8.82e-01	2.62e-02
 2.44383e+16	1.02e-01	8.72e-01	2.66e-02
 2.44509e+16	1.13e-01	8.60e-01	2.70e-02
 2.44625e+16	1.24e-01	8.49e-01	2.76e-02
 2.44709e+16	1.33e-01	8.39e-01	2.79e-02
 2.44761e+16	1.39e-01	8.33e-01	2.81e-02
 2.44810e+16	1.45e-01	8.27e-01	2.83e-02
 2.44869e+16	1.53e-01	8.19e-01	2.85e-02
 2.44936e+16	1.62e-01	8.10e-01	2.88e-02
 2.45000e+16	1.71e-01	8.00e-01	2.91e-02
 2.45060e+16	1.79e-01	7.91e-01	2.94e-02
 2.45120e+16	1.89e-01	7.81e-01	2.96e-02
 2.45181e+16	1.99e-01	7.71e-01	2.99e-02
 2.45243e+16	2.11e-01	7.59e-01	3.01e-02
 2.45305e+16	2.22e-01	7.48e-01	3.04e-02
 2.45367e+16	2.34e-01	7.35e-01	3.05e-02
 2.45430e+16	2.47e-01	7.22e-01	3.07e-02
 2.45493e+16	2.61e-01	7.08e-01	3.09e-02
 2.45556e+16	2.75e-01	6.94e-01	3.10e-02
 2.45621e+16	2.90e-01	6.79e-01	3.11e-02
 2.45687e+16	3.06e-01	6.63e-01	3.12e-02
 2.45754e+16	3.23e-01	6.46e-01	3.11e-02
 2.45822e+16	3.40e-01	6.28e-01	3.12e-02
 2.45892e+16	3.59e-01	6.10e-01	3.11e-02
 2.45965e+16	3.79e-01	5.90e-01	3.09e-02
 2.46039e+16	4.00e-01	5.70e-01	3.07e-02
 2.46115e+16	4.21e-01	5.49e-01	3.04e-02
 2.46196e+16	4.44e-01	5.26e-01	3.00e-02
 2.46281e+16	4.67e-01	5.04e-01	2.95e-02
 2.46369e+16	4.90e-01	4.81e-01	2.90e-02
 2.46459e+16	5.13e-01	4.59e-01	2.84e-02
 2.46556e+16	5.36e-01	4.36e-01	2.76e-02
 2.46661e+16	5.59e-01	4.14e-01	2.69e-02
 2.46776e+16	5.81e-01	3.93e-01	2.60e-02
 2.46903e+16	6.03e-01	3.72e-01	2.51e-02
 2.47042e+16	6.22e-01	3.54e-01	2.42e-02
 2.47182e+16	6.38e-01	3.39e-01	2.34e-02
 2.47320e+16	6.49e-01	3.28e-01	2.27e-02
 2.47456e+16	6.59e-01	3.19e-01	2.21e-02
 2.47591e+16	6.67e-01	3.11e-01	2.16e-02
 2.47745e+16	6.74e-01	3.05e-01	2.11e-02
 2.47946e+16	6.81e-01	2.98e-01	2.04e-02
 2.48207e+16	6.89e-01	2.92e-01	1.97e-02
 2.48547e+16	6.96e-01	2.85e-01	1.89e-02
 2.48988e+16	7.04e-01	2.78e-01	1.80e-02
 2.49561e+16	7.13e-01	2.70e-01	1.69e-02
 2.50307e+16	7.25e-01	2.60e-01	1.55e-02
 2.51179e+16	7.37e-01	2.49e-01	1.42e-02
 2.52059e+16	7.49e-01	2.39e-01	1.29e-02
 2.52915e+16	7.59e-01	2.29e-01	1.18e-02
 2.53771e+16	7.69e-01	2.20e-01	1.08e-02
 2.54639e+16	7.79e-01	2.11e-01	9.89e-03
 2.55523e+16	7.88e-01	2.03e-01	9.06e-03
 2.56404e+16	7.97e-01	1.94e-01	8.30e-03
 2.57281e+16	8.05e-01	1.87e-01	7.63e-03
 2.58169e+16	8.14e-01	1.79e-01	6.99e-03
 2.59076e+16	8.21e-01	1.72e-01	6.40e-03
 2.59997e+16	8.29e-01	1.65e-01	5.87e-03
 2.60916e+16	8.36e-01	1.59e-01	5.38e-03
 2.61837e+16	8.43e-01	1.53e-01	4.94e-03
 2.62765e+16	8.49e-01	1.47e-01	4.54e-03
 2.63700e+16	8.55e-01	1.41e-01	4.16e-03
 2.64471e+16	8.60e-01	1.37e-01	3.91e-03
 2.65018e+16	8.63e-01	1.33e-01	3.72e-03
 2.65517e+16	8.66e-01	1.31e-01	3.56e-03
 2.66046e+16	8.69e-01	1.28e-01	3.39e-03
 2.66592e+16	8.72e-01	1.25e-01	3.23e-03
 2.67126e+16	8.75e-01	1.22e-01	3.08e-03
 2.67640e+16	8.78e-01	1.19e-01	2.95e-03
 2.68139e+16	8.80e-01	1.17e-01	2.82e-03
 2.68630e+16	8.83e-01	1.15e-01	2.70e-03
 2.69113e+16	8.85e-01	1.13e-01	2.60e-03
 2.69588e+16	8.87e-01	1.10e-01	2.49e-03
 2.70052e+16	8.89e-01	1.08e-01	2.40e-03
 2.70507e+16	8.91e-01	1.06e-01	2.30e-03
 2.70956e+16	8.93e-01	1.04e-01	2.22e-03
 2.71401e+16	8.95e-01	1.03e-01	2.13e-03
 2.71839e+16	8.97e-01	1.01e-01	2.06e-03
 2.72269e+16	8.99e-01	9.91e-02	1.98e-03
 2.72692e+16	9.01e-01	9.75e-02	1.91e-03
 2.73109e+16	9.02e-01	9.59e-02	1.85e-03
 2.73520e+16	9.04e-01	9.43e-02	1.79e-03
 2.73926e+16	9.05e-01	9.28e-02	1.73e-03
 2.74327e+16	9.07e-01	9.14e-02	1.67e-03
 2.74723e+16	9.08e-01	9.00e-02	1.62e-03
 2.75115e+16	9.10e-01	8.86e-02	1.56e-03
 2.75504e+16	9.11e-01	8.73e-02	1.51e-03
 2.75890e+16	9.13e-01	8.60e-02	1.47e-03
 2.76273e+16	9.14e-01	8.47e-02	1.42e-03
 2.76654e+16	9.15e-01	8.35e-02	1.38e-03
 2.77034e+16	9.16e-01	8.23e-02	1.34e-03
 2.77413e+16	9.18e-01	8.11e-02	1.29e-03
 2.77792e+16	9.19e-01	7.99e-02	1.26e-03
 2.78172e+16	9.20e-01	7.87e-02	1.22e-03
 2.78554e+16	9.21e-01	7.76e-02	1.18e-03
 2.78944e+16	9.22e-01	7.64e-02	1.14e-03
 2.79345e+16	9.24e-01	7.53e-02	1.11e-03
 2.79755e+16	9.25e-01	7.41e-02	1.07e-03
 2.80174e+16	9.26e-01	7.29e-02	1.03e-03
 2.80606e+16	9.27e-01	7.17e-02	9.98e-04
 2.81054e+16	9.29e-01	7.05e-02	9.62e-04
 2.81525e+16	9.30e-01	6.93e-02	9.26e-04
 2.82015e+16	9.31e-01	6.80e-02	8.90e-04
 2.82544e+16	9.33e-01	6.66e-02	8.52e-04
 2.83149e+16	9.34e-01	6.51e-02	8.11e-04
 2.83849e+16	9.36e-01	6.33e-02	7.65e-04
 2.84616e+16	9.38e-01	6.15e-02	7.19e-04
 2.85362e+16	9.40e-01	5.98e-02	6.78e-04
 2.86040e+16	9.41e-01	5.83e-02	6.43e-04
 2.86658e+16	9.42e-01	5.70e-02	6.12e-04
 2.87219e+16	9.44e-01	5.58e-02	5.86e-04
 2.87731e+16	9.45e-01	5.48e-02	5.62e-04
 2.88196e+16	9.46e-01	5.38e-02	5.42e-04
 2.88706e+16	9.47e-01	5.28e-02	5.19e-04
 2.89256e+16	9.48e-01	5.16e-02	4.97e-04
 2.89757e+16	9.49e-01	5.07e-02	4.78e-04
 2.90213e+16	9.50e-01	4.98e-02	4.60e-04
 2.90628e+16	9.51e-01	4.90e-02	4.45e-04
 2.91082e+16	9.51e-01	4.81e-02	4.28e-04
 2.91573e+16	9.52e-01	4.72e-02	4.11e-04
 2.92020e+16	9.53e-01	4.64e-02	3.97e-04
 2.92426e+16	9.54e-01	4.57e-02	3.83e-04
 2.92796e+16	9.55e-01	4.50e-02	3.71e-04
 2.93201e+16	9.55e-01	4.42e-02	3.58e-04
 2.93638e+16	9.56e-01	4.34e-02	3.45e-04
 2.94036e+16	9.57e-01	4.28e-02	3.34e-04
 2.94399e+16	9.58e-01	4.21e-02	3.24e-04
 2.94728e+16	9.58e-01	4.16e-02	3.15e-04
 2.95090e+16	9.59e-01	4.09e-02	3.04e-04
 2.95480e+16	9.59e-01	4.03e-02	2.94e-04
 2.95834e+16	9.60e-01	3.97e-02	2.85e-04
 2.96157e+16	9.61e-01	3.92e-02	2.78e-04
 2.96511e+16	9.61e-01	3.85e-02	2.68e-04
 2.96893e+16	9.62e-01	3.79e-02	2.60e-04
 2.97241e+16	9.62e-01	3.74e-02	2.52e-04
 2.97557e+16	9.63e-01	3.69e-02	2.45e-04
 2.97904e+16	9.63e-01	3.63e-02	2.37e-04
 2.98278e+16	9.64e-01	3.57e-02	2.29e-04
 2.98619e+16	9.65e-01	3.52e-02	2.22e-04
 2.98929e+16	9.65e-01	3.47e-02	2.17e-04
 2.99268e+16	9.66e-01	3.42e-02	2.10e-04
 2.99635e+16	9.66e-01	3.36e-02	2.03e-04
 2.99969e+16	9.67e-01	3.32e-02	1.97e-04
 3.00272e+16	9.67e-01	3.27e-02	1.92e-04
 3.00605e+16	9.68e-01	3.22e-02	1.86e-04
 3.00964e+16	9.68e-01	3.17e-02	1.80e-04
 3.01291e+16	9.69e-01	3.13e-02	1.75e-04
 3.01588e+16	9.69e-01	3.09e-02	1.71e-04
 3.01914e+16	9.69e-01	3.04e-02	1.65e-04
 3.02266e+16	9.70e-01	3.00e-02	1.60e-04
 3.02586e+16	9.70e-01	2.96e-02	1.56e-04
 3.02937e+16	9.71e-01	2.91e-02	1.51e-04
 3.03316e+16	9.71e-01	2.86e-02	1.46e-04
 3.03661e+16	9.72e-01	2.82e-02	1.42e-04
 3.03974e+16	9.72e-01	2.78e-02	1.38e-04
 3.04318e+16	9.72e-01	2.74e-02	1.34e-04
 3.04689e+16	9.73e-01	2.70e-02	1.30e-04
 3.05027e+16	9.73e-01	2.66e-02	1.26e-04
 3.05397e+16	9.74e-01	2.62e-02	1.22e-04
 3.05796e+16	9.74e-01	2.58e-02	1.18e-04
 3.06160e+16	9.74e-01	2.54e-02	1.15e-04
 3.06558e+16	9.75e-01	2.49e-02	1.11e-04
 3.06988e+16	9.75e-01	2.45e-02	1.07e-04
 3.07380e+16	9.76e-01	2.41e-02	1.04e-04
 3.07736e+16	9.76e-01	2.38e-02	1.01e-04
 3.08126e+16	9.76e-01	2.34e-02	9.78e-05
 3.08547e+16	9.77e-01	2.30e-02	9.45e-05
 3.08931e+16	9.77e-01	2.27e-02	9.18e-05
 3.09351e+16	9.78e-01	2.23e-02	8.86e-05
 3.09804e+16	9.78e-01	2.19e-02	8.55e-05
 3.10217e+16	9.78e-01	2.15e-02	8.28e-05
 3.10593e+16	9.79e-01	2.12e-02	8.05e-05
 3.11004e+16	9.79e-01	2.09e-02	7.78e-05
 3.11448e+16	9.79e-01	2.05e-02	7.53e-05
 3.11853e+16	9.80e-01	2.02e-02	7.30e-05
 3.12296e+16	9.80e-01	1.99e-02	7.04e-05
 3.12774e+16	9.80e-01	1.95e-02	6.80e-05
 3.13209e+16	9.81e-01	1.92e-02	6.58e-05
 3.13686e+16	9.81e-01	1.88e-02	6.34e-05
 3.14201e+16	9.81e-01	1.85e-02	6.10e-05
 3.14670e+16	9.82e-01	1.82e-02	5.90e-05
 3.15183e+16	9.82e-01	1.78e-02	5.67e-05
 3.15738e+16	9.83e-01	1.74e-02	5.45e-05
 3.16242e+16	9.83e-01	1.71e-02	5.26e-05
 3.16701e+16	9.83e-01	1.69e-02	5.10e-05
 3.17204e+16	9.83e-01	1.65e-02	4.91e-05
 3.17747e+16	9.84e-01	1.62e-02	4.73e-05
 3.18241e+16	9.84e-01	1.59e-02	4.57e-05
 3.18783e+16	9.84e-01	1.56e-02	4.39e-05
 3.19367e+16	9.85e-01	1.53e-02	4.22e-05
 3.19899e+16	9.85e-01	1.51e-02	4.08e-05
 3.20482e+16	9.85e-01	1.47e-02	3.91e-05
 3.21112e+16	9.86e-01	1.44e-02	3.75e-05
 3.21684e+16	9.86e-01	1.42e-02	3.61e-05
 3.22312e+16	9.86e-01	1.38e-02	3.45e-05
 3.22989e+16	9.86e-01	1.35e-02	3.31e-05
 3.23606e+16	9.87e-01	1.33e-02	3.18e-05
 3.24167e+16	9.87e-01	1.30e-02	3.07e-05
 3.24782e+16	9.87e-01	1.28e-02	2.94e-05
 3.25445e+16	9.87e-01	1.25e-02	2.82e-05
 3.26049e+16	9.88e-01	1.23e-02	2.72e-05
 3.26711e+16	9.88e-01	1.20e-02	2.60e-05
 3.27426e+16	9.88e-01	1.17e-02	2.49e-05
 3.28076e+16	9.88e-01	1.15e-02	2.40e-05
 3.28788e+16	9.89e-01	1.12e-02	2.29e-05
 3.29557e+16	9.89e-01	1.10e-02	2.19e-05
 3.30257e+16	9.89e-01	1.07e-02	2.10e-05
 3.31024e+16	9.89e-01	1.05e-02	2.00e-05
 3.31852e+16	9.90e-01	1.02e-02	1.90e-05
 3.32606e+16	9.90e-01	1.00e-02	1.82e-05
 3.33432e+16	9.90e-01	9.75e-03	1.73e-05
 3.34323e+16	9.90e-01	9.50e-03	1.65e-05
 3.35134e+16	9.91e-01	9.29e-03	1.58e-05
 3.36023e+16	9.91e-01	9.04e-03	1.49e-05
 3.36983e+16	9.91e-01	8.80e-03	1.42e-05
 3.37856e+16	9.91e-01	8.59e-03	1.35e-05
 3.38813e+16	9.92e-01	8.35e-03	1.28e-05
 3.39846e+16	9.92e-01	8.12e-03	1.21e-05
 3.40786e+16	9.92e-01	7.92e-03	1.15e-05
 3.41816e+16	9.92e-01	7.69e-03	1.09e-05
 3.42928e+16	9.93e-01	7.46e-03	1.02e-05
 3.43940e+16	9.93e-01	7.27e-03	9.73e-06
 3.45049e+16	9.93e-01	7.05e-03	9.15e-06
 3.46246e+16	9.93e-01	6.83e-03	8.61e-06
 3.47336e+16	9.93e-01	6.65e-03	8.16e-06
 3.48530e+16	9.94e-01	6.44e-03	7.65e-06
 3.49819e+16	9.94e-01	6.23e-03	7.18e-06
 3.50992e+16	9.94e-01	6.05e-03	6.78e-06
 3.52277e+16	9.94e-01	5.85e-03	6.34e-06
 3.53837e+16	9.94e-01	5.62e-03	5.86e-06
 3.55548e+16	9.95e-01	5.39e-03	5.39e-06
 3.57356e+16	9.95e-01	5.15e-03	4.94e-06
 3.59251e+16	9.95e-01	4.92e-03	4.51e-06
 3.61221e+16	9.95e-01	4.70e-03	4.11e-06
 3.63268e+16	9.96e-01	4.48e-03	3.74e-06
 3.65367e+16	9.96e-01	4.26e-03	3.40e-06
 3.67496e+16	9.96e-01	4.06e-03	3.09e-06
 3.69657e+16	9.96e-01	3.87e-03	2.80e-06
 3.71854e+16	9.96e-01	3.68e-03	2.54e-06
 3.74090e+16	9.96e-01	3.50e-03	2.30e-06
 3.76365e+16	9.97e-01	3.33e-03	2.09e-06
 3.78680e+16	9.97e-01	3.17e-03	1.89e-06
 3.81032e+16	9.97e-01	3.01e-03	1.71e-06
 3.83424e+16	9.97e-01	2.86e-03	1.54e-06
 3.85855e+16	9.97e-01	2.72e-03	1.40e-06
 3.88285e+16	9.97e-01	2.58e-03	1.26e-06
 3.90748e+16	9.98e-01	2.45e-03	1.14e-06
 3.93306e+16	9.98e-01	2.32e-03	1.03e-06
 3.95917e+16	9.98e-01	2.20e-03	9.23e-07
 3.98561e+16	9.98e-01	2.09e-03	8.30e-07
 4.01245e+16	9.98e-01	1.98e-03	7.45e-07
 4.03977e+16	9.98e-01	1.87e-03	6.68e-07
 4.06760e+16	9.98e-01	1.77e-03	5.99e-07
 4.09591e+16	9.98e-01	1.67e-03	5.36e-07
 4.12472e+16	9.98e-01	1.58e-03	4.79e-07
 4.15405e+16	9.99e-01	1.49e-03	4.27e-07
 4.18393e+16	9.99e-01	1.41e-03	3.81e-07
 4.21437e+16	9.99e-01	1.33e-03	3.39e-07
 4.24542e+16	9.99e-01	1.25e-03	3.01e-07
 4.27711e+16	9.99e-01	1.18e-03	2.67e-07
 4.30943e+16	9.99e-01	1.11e-03	2.36e-07
 4.34243e+16	9.99e-01	1.04e-03	2.08e-07
 4.37614e+16	9.99e-01	9.75e-04	1.84e-07
 4.41057e+16	9.99e-01	9.14e-04	1.62e-07
 4.44579e+16	9.99e-01	8.56e-04	1.42e-07
 4.48184e+16	9.99e-01	8.00e-04	1.24e-07
 4.51875e+16	9.99e-01	7.47e-04	1.08e-07
 4.55658e+16	9.99e-01	6.97e-04	9.45e-08
 4.59488e+16	9.99e-01	6.50e-04	8.22e-08
 4.63411e+16	9.99e-01	6.05e-04	7.13e-08
 4.67518e+16	9.99e-01	5.61e-04	6.14e-08
 4.71746e+16	9.99e-01	5.20e-04	5.27e-08
 4.76085e+16	1.00e+00	4.81e-04	4.51e-08
 4.80595e+16	1.00e+00	4.43e-04	3.84e-08
 4.85281e+16	1.00e+00	4.07e-04	3.25e-08
 4.90141e+16	1.00e+00	3.73e-04	2.73e-08
 4.95191e+16	1.00e+00	3.41e-04	2.28e-08
 5.00458e+16	1.00e+00	3.11e-04	1.89e-08
 5.05973e+16	1.00e+00	2.82e-04	1.56e-08
 5.11781e+16	1.00e+00	2.54e-04	1.27e-08
 5.17910e+16	1.00e+00	2.29e-04	1.03e-08
 5.24384e+16	1.00e+00	2.04e-04	8.19e-09
 5.31312e+16	1.00e+00	1.81e-04	6.44e-09
 5.38758e+16	1.00e+00	1.59e-04	4.98e-09
 5.46754e+16	1.00e+00	1.39e-04	3.78e-09
 5.55437e+16	1.00e+00	1.19e-04	2.81e-09
 5.64997e+16	1.00e+00	1.01e-04	2.03e-09
 5.75667e+16	1.00e+00	8.47e-05	1.42e-09
 5.88062e+16	1.00e+00	6.87e-05	9.32e-10
 6.02504e+16	1.00e+00	5.42e-05	5.81e-10
 6.18048e+16	1.00e+00	4.22e-05	3.53e-10
 6.33481e+16	1.00e+00	3.31e-05	2.18e-10
 6.48574e+16	1.00e+00	2.62e-05	1.37e-10
 6.63738e+16	1.00e+00	2.08e-05	8.63e-11
 6.79210e+16	1.00e+00	1.65e-05	5.45e-11
 6.95034e+16	1.00e+00	1.31e-05	3.43e-11
 7.11136e+16	1.00e+00	1.04e-05	2.16e-11
 7.27509e+16	1.00e+00	8.25e-06	1.37e-11
 7.44219e+16	1.00e+00	6.54e-06	8.63e-12
 7.61214e+16	1.00e+00	5.21e-06	5.47e-12
 7.78586e+16	1.00e+00	4.14e-06	3.47e-12
 7.96474e+16	1.00e+00	3.28e-06	2.18e-12
 8.14659e+16	1.00e+00	2.61e-06	1.38e-12
 8.33158e+16	1.00e+00	2.07e-06	8.74e-13
 8.52246e+16	1.00e+00	1.64e-06	5.50e-13
 8.71862e+16	1.00e+00	1.30e-06	3.46e-13
 8.92005e+16	1.00e+00	1.03e-06	2.17e-13
 9.12767e+16	1.00e+00	8.14e-07	1.35e-13
 9.33887e+16	1.00e+00	6.44e-07	8.48e-14
 9.54908e+16	1.00e+00	5.12e-07	5.38e-14
 9.75490e+16	1.00e+00	4.11e-07	3.47e-14
 9.95518e+16	1.00e+00	3.34e-07	2.29e-14
 1.01504e+17	1.00e+00	2.73e-07	1.53e-14
 1.03410e+17	1.00e+00	2.25e-07	1.04e-14
 1.05270e+17	1.00e+00	1.87e-07	7.21e-15
 1.07073e+17	1.00e+00	1.57e-07	5.07e-15
 1.08814e+17	1.00e+00	1.33e-07	3.62e-15
 1.10488e+17	1.00e+00	1.13e-07	2.63e-15
 1.12097e+17	1.00e+00	9.71e-08	1.95e-15
 1.13642e+17	1.00e+00	8.41e-08	1.46e-15
 1.15123e+17	1.00e+00	7.34e-08	1.11e-15
 1.16538e+17	1.00e+00	6.45e-08	8.60e-16
 1.17890e+17	1.00e+00	5.71e-08	6.74e-16
 1.19179e+17	1.00e+00	5.09e-08	5.36e-16
 1.20407e+17	1.00e+00	4.56e-08	4.31e-16
 1.21577e+17	1.00e+00	4.11e-08	3.51e-16
 1.22692e+17	1.00e+00	3.73e-08	2.89e-16
 1.23753e+17	1.00e+00	3.40e-08	2.40e-16
 1.24762e+17	1.00e+00	3.12e-08	2.02e-16
 1.25723e+17	1.00e+00	2.87e-08	1.71e-16
 1.26635e+17	1.00e+00	2.66e-08	1.47e-16
 1.27502e+17	1.00e+00	2.47e-08	1.27e-16
 1.28327e+17	1.00e+00	2.30e-08	1.10e-16
 1.29111e+17	1.00e+00	2.16e-08	9.67e-17
 1.29858e+17	1.00e+00	2.03e-08	8.53e-17
 1.30568e+17	1.00e+00	1.91e-08	7.59e-17
 1.31244e+17	1.00e+00	1.81e-08	6.78e-17
 1.31887e+17	1.00e+00	1.71e-08	6.10e-17
 1.32499e+17	1.00e+00	1.63e-08	5.51e-17
 1.33082e+17	1.00e+00	1.55e-08	5.01e-17
 1.33638e+17	1.00e+00	1.48e-08	4.58e-17
 1.34168e+17	1.00e+00	1.42e-08	4.20e-17
 1.34674e+17	1.00e+00	1.36e-08	3.87e-17
 1.35156e+17	1.00e+00	1.31e-08	3.57e-17
 1.35617e+17	1.00e+00	1.26e-08	3.32e-17
 1.36058e+17	1.00e+00	1.22e-08	3.09e-17
 1.36481e+17	1.00e+00	1.18e-08	2.89e-17
 1.36885e+17	1.00e+00	1.14e-08	2.70e-17
 1.37273e+17	1.00e+00	1.10e-08	2.54e-17
 1.37644e+17	1.00e+00	1.07e-08	2.39e-17
 1.38002e+17	1.00e+00	1.04e-08	2.26e-17
 1.38346e+17	1.00e+00	1.01e-08	2.14e-17
 1.38678e+17	1.00e+00	9.87e-09	2.03e-17
 1.38999e+17	1.00e+00	9.62e-09	1.93e-17
 1.39310e+17	1.00e+00	9.38e-09	1.84e-17
 1.39611e+17	1.00e+00	9.16e-09	1.75e-17
 1.39903e+17	1.00e+00	8.95e-09	1.67e-17
 1.40189e+17	1.00e+00	8.75e-09	1.60e-17
 1.40468e+17	1.00e+00	8.56e-09	1.53e-17
 1.40742e+17	1.00e+00	8.37e-09	1.46e-17
 1.41013e+17	1.00e+00	8.20e-09	1.40e-17
 1.41280e+17	1.00e+00	8.03e-09	1.34e-17
 1.41545e+17	1.00e+00	7.86e-09	1.29e-17
 1.41811e+17	1.00e+00	7.69e-09	1.24e-17
 1.42079e+17	1.00e+00	7.53e-09	1.18e-17
 1.42350e+17	1.00e+00	7.37e-09	1.13e-17
 1.42627e+17	1.00e+00	7.21e-09	1.09e-17
 1.42913e+17	1.00e+00	7.05e-09	1.04e-17
 1.43210e+17	1.00e+00	6.89e-09	9.91e-18
 1.43525e+17	1.00e+00	6.72e-09	9.43e-18
 1.43861e+17	1.00e+00	6.54e-09	8.94e-18
 1.44226e+17	1.00e+00	6.36e-09	8.44e-18
 1.44631e+17	1.00e+00	6.15e-09	7.91e-18
 1.45090e+17	1.00e+00	5.93e-09	7.36e-18
 1.45623e+17	1.00e+00	5.69e-09	6.76e-18
 1.46261e+17	1.00e+00	5.41e-09	6.11e-18
 1.47050e+17	1.00e+00	5.08e-09	5.39e-18
 1.48061e+17	1.00e+00	4.68e-09	4.59e-18
 1.49374e+17	1.00e+00	4.22e-09	3.73e-18
 1.51082e+17	1.00e+00	3.69e-09	2.85e-18
 1.53303e+17	1.00e+00	3.10e-09	2.02e-18
 1.56189e+17	1.00e+00	2.48e-09	1.29e-18
 1.59942e+17	1.00e+00	1.87e-09	7.32e-19
 1.64820e+17	1.00e+00	1.30e-09	3.54e-19
 1.70679e+17	1.00e+00	8.52e-10	1.53e-19
 1.76974e+17	1.00e+00	5.48e-10	6.35e-20
 1.83453e+17	1.00e+00	3.52e-10	2.62e-20
 1.90056e+17	1.00e+00	2.26e-10	1.08e-20
 1.96690e+17	1.00e+00	1.46e-10	4.56e-21
 2.03324e+17	1.00e+00	9.57e-11	0.00e+00
 2.09959e+17	1.00e+00	6.33e-11	0.00e+00
 2.16593e+17	1.00e+00	4.23e-11	0.00e+00
 2.23228e+17	1.00e+00	2.87e-11	0.00e+00
 2.29862e+17	1.00e+00	1.98e-11	0.00e+00
 2.36497e+17	1.00e+00	1.39e-11	0.00e+00
 2.43131e+17	1.00e+00	1.00e-11	0.00e+00
 2.49765e+17	1.00e+00	7.45e-12	0.00e+00
 2.56400e+17	1.00e+00	5.71e-12	0.00e+00
 2.63034e+17	1.00e+00	4.52e-12	0.00e+00
 2.69668e+17	1.00e+00	3.71e-12	0.00e+00
 2.76303e+17	1.00e+00	3.15e-12	0.00e+00
 2.82937e+17	1.00e+00	2.75e-12	0.00e+00
 2.89572e+17	1.00e+00	2.46e-12	0.00e+00
 2.96206e+17	1.00e+00	2.24e-12	0.00e+00
 3.02840e+17	1.00e+00	2.08e-12	0.00e+00
 3.09475e+17	1.00e+00	1.94e-12	0.00e+00
 3.16109e+17	1.00e+00	1.84e-12	0.00e+00
 3.22744e+17	1.00e+00	1.74e-12	0.00e+00
 3.29378e+17	1.00e+00	1.66e-12	0.00e+00
 3.36012e+17	1.00e+00	1.59e-12	0.00e+00
 3.42647e+17	1.00e+00	1.52e-12	0.00e+00
 3.50276e+17	1.00e+00	1.45e-12	0.00e+00
 3.60195e+17	1.00e+00	1.16e-12	0.00e+00
 3.73089e+17	1.00e+00	8.02e-13	0.00e+00
 3.87984e+17	1.00e+00	4.81e-13	0.00e+00
 4.01756e+17	1.00e+00	3.82e-13	0.00e+00
 4.13694e+17	1.00e+00	4.59e-13	0.00e+00
 4.24147e+17	1.00e+00	4.52e-13	0.00e+00
 4.32528e+17	1.00e+00	4.99e-13	0.00e+00
 4.38990e+17	1.00e+00	5.45e-13	0.00e+00
 4.43570e+17	1.00e+00	5.89e-13	0.00e+00
 4.46480e+17	1.00e+00	6.34e-13	0.00e+00
 4.48226e+17	1.00e+00	6.68e-13	0.00e+00
 4.49274e+17	1.00e+00	6.89e-13	0.00e+00
 4.49910e+17	1.00e+00	7.01e-13	0.00e+00
 4.50357e+17	1.00e+00	7.09e-13	0.00e+00
 4.50796e+17	1.00e+00	7.15e-13	0.00e+00
 4.51338e+17	1.00e+00	7.20e-13	0.00e+00
 4.52004e+17	1.00e+00	7.23e-13	0.00e+00
 4.52649e+17	1.00e+00	7.25e-13	0.00e+00
 4.53120e+17	1.00e+00	7.26e-13	0.00e+00
 4.53453e+17	1.00e+00	7.27e-13	0.00e+00
 4.53753e+17	1.00e+00	7.27e-13	0.00e+00
 4.54097e+17	1.00e+00	7.27e-13	0.00e+00
 4.54520e+17	1.00e+00	7.26e-13	0.00e+00
 4.54928e+17	1.00e+00	7.24e-13	0.00e+00
 4.55229e+17	1.00e+00	7.23e-13	0.00e+00
 4.55455e+17	1.00e+00	7.22e-13	0.00e+00
 4.55679e+17	1.00e+00	7.22e-13	0.00e+00
 4.55956e+17	1.00e+00	7.20e-13	0.00e+00
 4.56265e+17	1.00e+00	7.18e-13	0.00e+00
 4.56536e+17	1.00e+00	7.16e-13	0.00e+00
 4.56747e+17	1.00e+00	7.14e-13	0.00e+00
 4.56932e+17	1.00e+00	7.13e-13	0.00e+00
 4.57134e+17	1.00e+00	7.11e-13	0.00e+00
 4.57360e+17	1.00e+00	7.09e-13	0.00e+00
 4.57586e+17	1.00e+00	7.07e-13	0.00e+00
 4.57790e+17	1.00e+00	7.04e-13	0.00e+00
 4.57965e+17	1.00e+00	7.03e-13	0.00e+00
 4.58130e+17	1.00e+00	7.01e-13	0.00e+00
 4.58312e+17	1.00e+00	6.99e-13	0.00e+00
 4.58513e+17	1.00e+00	6.97e-13	0.00e+00
 4.58703e+17	1.00e+00	6.94e-13	0.00e+00
 4.58870e+17	1.00e+00	6.92e-13	0.00e+00
 4.59026e+17	1.00e+00	6.90e-13	0.00e+00
 4.59190e+17	1.00e+00	6.88e-13	0.00e+00
 4.59366e+17	1.00e+00	6.85e-13	0.00e+00
 4.59552e+17	1.00e+00	6.83e-13	0.00e+00
 4.59730e+17	1.00e+00	6.80e-13	0.00e+00
 4.59887e+17	1.00e+00	6.77e-13	0.00e+00
 4.60049e+17	1.00e+00	6.75e-13	0.00e+00
 4.60235e+17	1.00e+00	6.72e-13	0.00e+00
 4.60429e+17	1.00e+00	6.69e-13	0.00e+00
 4.60609e+17	1.00e+00	6.66e-13	0.00e+00
 4.60775e+17	1.00e+00	6.63e-13	0.00e+00
 4.60950e+17	1.00e+00	6.60e-13	0.00e+00
 4.61138e+17	1.00e+00	6.57e-13	0.00e+00
 4.61339e+17	1.00e+00	6.53e-13	0.00e+00
 4.61550e+17	1.00e+00	6.49e-13	0.00e+00
 4.61764e+17	1.00e+00	6.45e-13	0.00e+00
 4.61970e+17	1.00e+00	6.41e-13	0.00e+00
 4.62148e+17	1.00e+00	6.37e-13	0.00e+00
 4.62325e+17	1.00e+00	6.34e-13	0.00e+00
 4.62545e+17	1.00e+00	6.30e-13	0.00e+00
 4.62808e+17	1.00e+00	6.25e-13	0.00e+00
 4.63077e+17	1.00e+00	6.19e-13	0.00e+00
 4.63314e+17	1.00e+00	6.14e-13	0.00e+00
 4.63532e+17	1.00e+00	6.10e-13	0.00e+00
 4.63761e+17	1.00e+00	6.05e-13	0.00e+00
 4.64027e+17	1.00e+00	6.00e-13	0.00e+00
 4.64326e+17	1.00e+00	5.94e-13	0.00e+00
 4.64622e+17	1.00e+00	5.86e-13	0.00e+00
 4.64870e+17	1.00e+00	5.81e-13	0.00e+00
 4.65118e+17	1.00e+00	5.76e-13	0.00e+00
 4.65441e+17	1.00e+00	5.70e-13	0.00e+00
 4.65791e+17	1.00e+00	5.62e-13	0.00e+00
 4.66107e+17	1.00e+00	5.54e-13	0.00e+00
 4.66412e+17	1.00e+00	5.48e-13	0.00e+00
 4.66736e+17	1.00e+00	5.41e-13	0.00e+00
 4.67091e+17	1.00e+00	5.33e-13	0.00e+00
 4.67470e+17	1.00e+00	5.25e-13	0.00e+00
 4.67854e+17	1.00e+00	5.16e-13	0.00e+00
 4.68238e+17	1.00e+00	5.08e-13	0.00e+00
 4.68618e+17	1.00e+00	4.99e-13	0.00e+00
 4.69006e+17	1.00e+00	4.91e-13	0.00e+00
 4.69417e+17	1.00e+00	4.82e-13	0.00e+00
 4.69853e+17	1.00e+00	4.72e-13	0.00e+00
 4.70303e+17	1.00e+00	4.62e-13	0.00e+00
 4.70738e+17	1.00e+00	4.53e-13	0.00e+00
 4.71192e+17	1.00e+00	4.43e-13	0.00e+00
 4.71696e+17	1.00e+00	4.33e-13	0.00e+00
 4.72220e+17	1.00e+00	4.21e-13	0.00e+00
 4.72727e+17	1.00e+00	4.10e-13	0.00e+00
 4.73211e+17	1.00e+00	4.00e-13	0.00e+00
 4.73707e+17	1.00e+00	3.90e-13	0.00e+00
 4.74248e+17	1.00e+00	3.79e-13	0.00e+00
 4.74840e+17	1.00e+00	3.67e-13	0.00e+00
 4.75437e+17	1.00e+00	3.54e-13	0.00e+00
 4.76000e+17	1.00e+00	3.43e-13	0.00e+00
 4.76556e+17	1.00e+00	3.32e-13	0.00e+00
 4.77150e+17	1.00e+00	3.21e-13	0.00e+00
 4.77794e+17	1.00e+00	3.09e-13	0.00e+00
 4.78460e+17	1.00e+00	2.97e-13	0.00e+00
 4.79108e+17	1.00e+00	2.84e-13	0.00e+00
 4.79743e+17	1.00e+00	2.73e-13	0.00e+00
 4.80403e+17	1.00e+00	2.62e-13	0.00e+00
 4.81104e+17	1.00e+00	2.50e-13	0.00e+00
 4.81829e+17	1.00e+00	2.38e-13	0.00e+00
 4.82561e+17	1.00e+00	2.26e-13	0.00e+00
 4.83287e+17	1.00e+00	2.14e-13	0.00e+00
 4.84011e+17	1.00e+00	2.03e-13	0.00e+00
 4.84760e+17	1.00e+00	1.92e-13	0.00e+00
 4.85553e+17	1.00e+00	1.81e-13	0.00e+00
 4.86367e+17	1.00e+00	1.70e-13	0.00e+00
 4.87210e+17	1.00e+00	1.59e-13	0.00e+00
 4.88058e+17	1.00e+00	1.48e-13	0.00e+00
 4.88904e+17	1.00e+00	1.37e-13	0.00e+00
 4.89770e+17	1.00e+00	1.28e-13	0.00e+00
 4.90641e+17	1.00e+00	1.18e-13	0.00e+00
 4.91478e+17	1.00e+00	1.09e-13	0.00e+00
 4.92211e+17	1.00e+00	1.01e-13	0.00e+00
 4.92833e+17	1.00e+00	9.47e-14	0.00e+00
 4.93389e+17	1.00e+00	8.96e-14	0.00e+00
 4.93931e+17	1.00e+00	8.51e-14	0.00e+00
 4.94477e+17	1.00e+00	8.04e-14	0.00e+00
 4.95003e+17	1.00e+00	7.62e-14	0.00e+00
 4.95489e+17	1.00e+00	7.22e-14	0.00e+00
 4.95934e+17	1.00e+00	6.88e-14	0.00e+00
 4.96352e+17	1.00e+00	6.58e-14	0.00e+00
 4.96761e+17	1.00e+00	6.29e-14	0.00e+00
 4.97165e+17	1.00e+00	6.02e-14	0.00e+00
 4.97558e+17	1.00e+00	5.75e-14	0.00e+00
 4.97929e+17	1.00e+00	5.51e-14	0.00e+00
 4.98279e+17	1.00e+00	5.29e-14	0.00e+00
 4.98617e+17	1.00e+00	5.09e-14	0.00e+00
 4.98949e+17	1.00e+00	4.89e-14	0.00e+00
 4.99275e+17	1.00e+00	4.70e-14	0.00e+00
 4.99589e+17	1.00e+00	4.52e-14	0.00e+00
 4.99891e+17	1.00e+00	4.36e-14	0.00e+00
 5.00180e+17	1.00e+00	4.20e-14	0.00e+00
 5.00460e+17	1.00e+00	4.05e-14	0.00e+00
 5.00735e+17	1.00e+00	3.91e-14	0.00e+00
 5.01003e+17	1.00e+00	3.78e-14	0.00e+00
 5.01263e+17	1.00e+00	3.65e-14	0.00e+00
 5.01514e+17	1.00e+00	3.52e-14	0.00e+00
 5.01755e+17	1.00e+00	3.40e-14	0.00e+00
 5.01989e+17	1.00e+00	3.29e-14	0.00e+00
 5.02219e+17	1.00e+00	3.19e-14	0.00e+00
 5.02482e+17	1.00e+00	3.08e-14	0.00e+00
