#depth	He	He+	He+2
 1.49634e+10	4.73e-23	2.81e-12	1.00e+00
 4.54887e+10	5.31e-23	3.04e-12	1.00e+00
 7.72350e+10	5.94e-23	3.28e-12	1.00e+00
 1.10251e+11	6.65e-23	3.55e-12	1.00e+00
 1.42311e+11	7.41e-23	3.83e-12	1.00e+00
 1.72024e+11	8.16e-23	4.09e-12	1.00e+00
 2.05202e+11	9.06e-23	4.39e-12	1.00e+00
 2.43337e+11	1.02e-22	4.75e-12	1.00e+00
 2.80742e+11	1.15e-22	5.12e-12	1.00e+00
 3.19644e+11	1.28e-22	5.52e-12	1.00e+00
 3.57786e+11	1.43e-22	5.92e-12	1.00e+00
 3.90346e+11	1.57e-22	6.28e-12	1.00e+00
 4.25664e+11	1.73e-22	6.68e-12	1.00e+00
 4.69502e+11	1.95e-22	7.19e-12	1.00e+00
 5.15131e+11	2.20e-22	7.75e-12	1.00e+00
 5.57078e+11	2.45e-22	8.28e-12	1.00e+00
 6.03526e+11	2.74e-22	8.90e-12	1.00e+00
 6.57338e+11	3.13e-22	9.63e-12	1.00e+00
 7.10695e+11	3.56e-22	1.04e-11	1.00e+00
 7.66186e+11	4.04e-22	1.12e-11	1.00e+00
 8.26761e+11	4.63e-22	1.22e-11	1.00e+00
 8.89758e+11	5.31e-22	1.32e-11	1.00e+00
 9.55275e+11	6.10e-22	1.43e-11	1.00e+00
 1.01475e+12	6.91e-22	1.54e-11	1.00e+00
 1.06458e+12	7.63e-22	1.63e-11	1.00e+00
 1.11922e+12	8.49e-22	1.73e-11	1.00e+00
 1.18807e+12	9.69e-22	1.87e-11	1.00e+00
 1.25842e+12	1.11e-21	2.01e-11	1.00e+00
 1.31946e+12	1.24e-21	2.15e-11	1.00e+00
 1.38537e+12	1.39e-21	2.30e-11	1.00e+00
 1.46604e+12	1.60e-21	2.49e-11	1.00e+00
 1.54732e+12	1.84e-21	2.69e-11	1.00e+00
 1.62006e+12	2.07e-21	2.88e-11	1.00e+00
 1.70026e+12	2.35e-21	3.10e-11	1.00e+00
 1.79547e+12	2.73e-21	3.37e-11	1.00e+00
 1.88944e+12	3.15e-21	3.65e-11	1.00e+00
 1.97374e+12	3.57e-21	3.93e-11	1.00e+00
 2.06623e+12	4.06e-21	4.24e-11	1.00e+00
 2.17584e+12	4.75e-21	4.63e-11	1.00e+00
 2.28482e+12	5.51e-21	5.04e-11	1.00e+00
 2.38561e+12	6.29e-21	5.45e-11	1.00e+00
 2.49840e+12	7.24e-21	5.93e-11	1.00e+00
 2.62827e+12	8.52e-21	6.52e-11	1.00e+00
 2.75550e+12	9.92e-21	7.14e-11	1.00e+00
 2.87747e+12	1.14e-20	7.77e-11	1.00e+00
 2.98950e+12	1.30e-20	8.38e-11	1.00e+00
 3.09035e+12	1.44e-20	8.96e-11	1.00e+00
 3.20481e+12	1.63e-20	9.64e-11	1.00e+00
 3.34986e+12	1.90e-20	1.06e-10	1.00e+00
 3.49959e+12	2.22e-20	1.16e-10	1.00e+00
 3.62273e+12	2.51e-20	1.24e-10	1.00e+00
 3.74638e+12	2.81e-20	1.34e-10	1.00e+00
 3.90711e+12	3.26e-20	1.46e-10	1.00e+00
 4.07136e+12	3.78e-20	1.60e-10	1.00e+00
 4.20535e+12	4.23e-20	1.71e-10	1.00e+00
 4.34472e+12	4.73e-20	1.84e-10	1.00e+00
 4.52591e+12	5.46e-20	2.01e-10	1.00e+00
 4.71461e+12	6.32e-20	2.20e-10	1.00e+00
 4.87394e+12	7.10e-20	2.37e-10	1.00e+00
 5.04191e+12	7.97e-20	2.55e-10	1.00e+00
 5.25456e+12	9.21e-20	2.79e-10	1.00e+00
 5.47321e+12	1.06e-19	3.06e-10	1.00e+00
 5.66296e+12	1.20e-19	3.30e-10	1.00e+00
 5.86719e+12	1.35e-19	3.57e-10	1.00e+00
 6.11723e+12	1.56e-19	3.92e-10	1.00e+00
 6.37237e+12	1.80e-19	4.30e-10	1.00e+00
 6.60543e+12	2.04e-19	4.66e-10	1.00e+00
 6.82362e+12	2.28e-19	5.01e-10	1.00e+00
 7.06667e+12	2.56e-19	5.42e-10	1.00e+00
 7.32989e+12	2.91e-19	5.89e-10	1.00e+00
 7.56571e+12	3.24e-19	6.33e-10	1.00e+00
 7.77443e+12	3.55e-19	6.74e-10	1.00e+00
 8.00156e+12	3.91e-19	7.19e-10	1.00e+00
 8.29682e+12	4.42e-19	7.81e-10	1.00e+00
 8.59890e+12	4.99e-19	8.48e-10	1.00e+00
 8.84693e+12	5.49e-19	9.05e-10	1.00e+00
 9.10649e+12	6.04e-19	9.67e-10	1.00e+00
 9.44391e+12	6.81e-19	1.05e-09	1.00e+00
 9.80011e+12	7.72e-19	1.15e-09	1.00e+00
 1.01090e+13	8.55e-19	1.23e-09	1.00e+00
 1.04390e+13	9.48e-19	1.33e-09	1.00e+00
 1.08529e+13	1.08e-18	1.46e-09	1.00e+00
 1.12799e+13	1.22e-18	1.59e-09	1.00e+00
 1.16595e+13	1.36e-18	1.73e-09	1.00e+00
 1.20739e+13	1.52e-18	1.87e-09	1.00e+00
 1.25692e+13	1.73e-18	2.06e-09	1.00e+00
 1.30714e+13	1.95e-18	2.27e-09	1.00e+00
 1.35201e+13	2.17e-18	2.46e-09	1.00e+00
 1.39977e+13	2.41e-18	2.68e-09	1.00e+00
 1.45369e+13	2.70e-18	2.94e-09	1.00e+00
 1.50513e+13	3.00e-18	3.21e-09	1.00e+00
 1.56152e+13	3.35e-18	3.51e-09	1.00e+00
 1.61599e+13	3.71e-18	3.83e-09	1.00e+00
 1.65579e+13	3.99e-18	4.07e-09	1.00e+00
 1.69536e+13	4.28e-18	4.31e-09	1.00e+00
 1.74679e+13	4.68e-18	4.65e-09	1.00e+00
 1.80281e+13	5.15e-18	5.04e-09	1.00e+00
 1.85337e+13	5.61e-18	5.41e-09	1.00e+00
 1.90770e+13	6.14e-18	5.81e-09	1.00e+00
 1.97832e+13	6.89e-18	6.37e-09	1.00e+00
 2.04996e+13	7.74e-18	6.98e-09	1.00e+00
 2.10775e+13	8.49e-18	7.48e-09	1.00e+00
 2.16769e+13	9.35e-18	8.01e-09	1.00e+00
 2.24560e+13	1.06e-17	8.75e-09	1.00e+00
 2.32947e+13	1.21e-17	9.58e-09	1.00e+00
 2.40456e+13	1.36e-17	1.04e-08	1.00e+00
 2.48567e+13	1.54e-17	1.12e-08	1.00e+00
 2.58364e+13	1.78e-17	1.23e-08	1.00e+00
 2.67375e+13	2.04e-17	1.33e-08	1.00e+00
 2.74397e+13	2.26e-17	1.42e-08	1.00e+00
 2.81810e+13	2.51e-17	1.51e-08	1.00e+00
 2.91447e+13	2.87e-17	1.63e-08	1.00e+00
 3.01940e+13	3.32e-17	1.77e-08	1.00e+00
 3.11442e+13	3.76e-17	1.89e-08	1.00e+00
 3.20063e+13	4.20e-17	2.01e-08	1.00e+00
 3.29641e+13	4.73e-17	2.15e-08	1.00e+00
 3.41905e+13	5.49e-17	2.33e-08	1.00e+00
 3.54490e+13	6.36e-17	2.52e-08	1.00e+00
 3.65268e+13	7.19e-17	2.69e-08	1.00e+00
 3.76868e+13	8.17e-17	2.88e-08	1.00e+00
 3.91243e+13	9.51e-17	3.11e-08	1.00e+00
 4.06088e+13	1.11e-16	3.37e-08	1.00e+00
 4.19520e+13	1.26e-16	3.61e-08	1.00e+00
 4.34250e+13	1.45e-16	3.89e-08	1.00e+00
 4.51577e+13	1.70e-16	4.22e-08	1.00e+00
 4.68649e+13	1.98e-16	4.56e-08	1.00e+00
 4.83644e+13	2.25e-16	4.87e-08	1.00e+00
 4.99570e+13	2.56e-16	5.21e-08	1.00e+00
 5.18893e+13	2.99e-16	5.64e-08	1.00e+00
 5.38161e+13	3.47e-16	6.10e-08	1.00e+00
 5.55280e+13	3.94e-16	6.51e-08	1.00e+00
 5.71369e+13	4.42e-16	6.90e-08	1.00e+00
 5.86785e+13	4.93e-16	7.30e-08	1.00e+00
 6.04038e+13	5.54e-16	7.75e-08	1.00e+00
 6.23121e+13	6.30e-16	8.29e-08	1.00e+00
 6.40692e+13	7.05e-16	8.78e-08	1.00e+00
 6.59639e+13	7.93e-16	9.33e-08	1.00e+00
 6.80947e+13	9.05e-16	9.99e-08	1.00e+00
 7.01067e+13	1.02e-15	1.06e-07	1.00e+00
 7.22968e+13	1.15e-15	1.13e-07	1.00e+00
 7.47432e+13	1.32e-15	1.22e-07	1.00e+00
 7.70404e+13	1.50e-15	1.29e-07	1.00e+00
 7.95443e+13	1.71e-15	1.39e-07	1.00e+00
 8.23447e+13	1.97e-15	1.49e-07	1.00e+00
 8.50059e+13	2.25e-15	1.60e-07	1.00e+00
 8.75564e+13	2.54e-15	1.70e-07	1.00e+00
 9.04877e+13	2.90e-15	1.82e-07	1.00e+00
 9.37883e+13	3.37e-15	1.97e-07	1.00e+00
 9.69056e+13	3.85e-15	2.11e-07	1.00e+00
 1.00295e+14	4.45e-15	2.27e-07	1.00e+00
 1.04041e+14	5.17e-15	2.46e-07	1.00e+00
 1.07533e+14	5.92e-15	2.64e-07	1.00e+00
 1.11356e+14	6.83e-15	2.84e-07	1.00e+00
 1.15630e+14	8.00e-15	3.08e-07	1.00e+00
 1.19656e+14	9.19e-15	3.31e-07	1.00e+00
 1.24015e+14	1.06e-14	3.57e-07	1.00e+00
 1.29006e+14	1.25e-14	3.88e-07	1.00e+00
 1.33847e+14	1.45e-14	4.19e-07	1.00e+00
 1.38052e+14	1.65e-14	4.48e-07	1.00e+00
 1.41565e+14	1.82e-14	4.72e-07	1.00e+00
 1.45259e+14	2.02e-14	4.98e-07	1.00e+00
 1.50060e+14	2.29e-14	5.33e-07	1.00e+00
 1.55044e+14	2.62e-14	5.71e-07	1.00e+00
 1.59204e+14	2.90e-14	6.03e-07	1.00e+00
 1.63550e+14	3.22e-14	6.37e-07	1.00e+00
 1.69200e+14	3.68e-14	6.82e-07	1.00e+00
 1.75133e+14	4.21e-14	7.33e-07	1.00e+00
 1.80204e+14	4.70e-14	7.77e-07	1.00e+00
 1.85566e+14	5.25e-14	8.24e-07	1.00e+00
 1.92383e+14	6.02e-14	8.86e-07	1.00e+00
 1.99508e+14	6.91e-14	9.54e-07	1.00e+00
 2.05796e+14	7.76e-14	1.02e-06	1.00e+00
 2.12582e+14	8.75e-14	1.08e-06	1.00e+00
 2.20761e+14	1.01e-13	1.17e-06	1.00e+00
 2.28923e+14	1.15e-13	1.25e-06	1.00e+00
 2.36343e+14	1.29e-13	1.34e-06	1.00e+00
 2.44625e+14	1.46e-13	1.43e-06	1.00e+00
 2.54308e+14	1.68e-13	1.55e-06	1.00e+00
 2.63873e+14	1.92e-13	1.66e-06	1.00e+00
 2.72905e+14	2.16e-13	1.78e-06	1.00e+00
 2.82935e+14	2.46e-13	1.91e-06	1.00e+00
 2.94282e+14	2.82e-13	2.06e-06	1.00e+00
 3.03893e+14	3.15e-13	2.20e-06	1.00e+00
 3.10943e+14	3.41e-13	2.30e-06	1.00e+00
 3.18360e+14	3.70e-13	2.41e-06	1.00e+00
 3.28002e+14	4.10e-13	2.56e-06	1.00e+00
 3.38573e+14	4.57e-13	2.72e-06	1.00e+00
 3.48338e+14	5.04e-13	2.87e-06	1.00e+00
 3.59020e+14	5.58e-13	3.05e-06	1.00e+00
 3.71039e+14	6.24e-13	3.26e-06	1.00e+00
 3.82465e+14	6.91e-13	3.46e-06	1.00e+00
 3.94988e+14	7.70e-13	3.69e-06	1.00e+00
 4.08932e+14	8.65e-13	3.95e-06	1.00e+00
 4.22043e+14	9.60e-13	4.20e-06	1.00e+00
 4.36405e+14	1.07e-12	4.49e-06	1.00e+00
 4.52338e+14	1.21e-12	4.83e-06	1.00e+00
 4.67082e+14	1.34e-12	5.14e-06	1.00e+00
 4.83017e+14	1.50e-12	5.51e-06	1.00e+00
 5.00818e+14	1.69e-12	5.92e-06	1.00e+00
 5.17484e+14	1.88e-12	6.33e-06	1.00e+00
 5.35589e+14	2.11e-12	6.79e-06	1.00e+00
 5.55757e+14	2.39e-12	7.32e-06	1.00e+00
 5.74569e+14	2.65e-12	7.82e-06	1.00e+00
 5.94987e+14	2.99e-12	8.41e-06	1.00e+00
 6.17646e+14	3.37e-12	9.08e-06	1.00e+00
 6.38873e+14	3.76e-12	9.74e-06	1.00e+00
 6.61975e+14	4.23e-12	1.05e-05	1.00e+00
 6.87685e+14	4.80e-12	1.13e-05	1.00e+00
 7.10313e+14	5.31e-12	1.21e-05	1.00e+00
 7.29696e+14	5.82e-12	1.28e-05	1.00e+00
 7.48315e+14	6.31e-12	1.35e-05	1.00e+00
 7.69361e+14	6.90e-12	1.43e-05	1.00e+00
 7.92685e+14	7.62e-12	1.52e-05	1.00e+00
 8.14228e+14	8.31e-12	1.61e-05	1.00e+00
 8.37492e+14	9.14e-12	1.71e-05	1.00e+00
 8.63491e+14	1.01e-11	1.82e-05	1.00e+00
 8.88028e+14	1.11e-11	1.93e-05	1.00e+00
 9.14908e+14	1.22e-11	2.06e-05	1.00e+00
 9.44860e+14	1.36e-11	2.20e-05	1.00e+00
 9.72841e+14	1.49e-11	2.34e-05	1.00e+00
 1.00325e+15	1.66e-11	2.50e-05	1.00e+00
 1.03737e+15	1.85e-11	2.68e-05	1.00e+00
 1.06993e+15	2.04e-11	2.86e-05	1.00e+00
 1.10589e+15	2.28e-11	3.07e-05	1.00e+00
 1.14620e+15	2.58e-11	3.31e-05	1.00e+00
 1.18421e+15	2.86e-11	3.55e-05	1.00e+00
 1.22569e+15	3.23e-11	3.82e-05	1.00e+00
 1.27198e+15	3.63e-11	4.13e-05	1.00e+00
 1.31536e+15	4.11e-11	4.45e-05	1.00e+00
 1.36257e+15	4.62e-11	4.79e-05	1.00e+00
 1.41560e+15	5.29e-11	5.21e-05	1.00e+00
 1.46560e+15	5.96e-11	5.61e-05	1.00e+00
 1.50594e+15	6.52e-11	5.94e-05	1.00e+00
 1.53823e+15	7.07e-11	6.23e-05	1.00e+00
 1.57412e+15	7.64e-11	6.54e-05	1.00e+00
 1.62078e+15	8.53e-11	6.98e-05	1.00e+00
 1.67048e+15	9.53e-11	7.46e-05	1.00e+00
 1.71376e+15	1.04e-10	7.88e-05	1.00e+00
 1.75969e+15	1.14e-10	8.35e-05	1.00e+00
 1.81940e+15	1.30e-10	9.00e-05	1.00e+00
 1.88030e+15	1.47e-10	9.68e-05	1.00e+00
 1.92991e+15	1.63e-10	1.03e-04	1.00e+00
 1.98155e+15	1.79e-10	1.09e-04	1.00e+00
 2.04868e+15	2.05e-10	1.17e-04	1.00e+00
 2.11947e+15	2.35e-10	1.27e-04	1.00e+00
 2.18069e+15	2.63e-10	1.35e-04	1.00e+00
 2.24596e+15	2.92e-10	1.44e-04	1.00e+00
 2.32852e+15	3.43e-10	1.57e-04	1.00e+00
 2.41408e+15	3.98e-10	1.71e-04	1.00e+00
 2.48897e+15	4.48e-10	1.83e-04	1.00e+00
 2.56948e+15	5.14e-10	1.97e-04	1.00e+00
 2.66730e+15	5.99e-10	2.14e-04	1.00e+00
 2.76527e+15	7.01e-10	2.33e-04	1.00e+00
 2.85256e+15	7.91e-10	2.50e-04	1.00e+00
 2.92668e+15	8.91e-10	2.66e-04	1.00e+00
 2.99054e+15	9.80e-10	2.79e-04	1.00e+00
 3.06269e+15	1.08e-09	2.95e-04	1.00e+00
 3.15649e+15	1.25e-09	3.17e-04	1.00e+00
 3.25280e+15	1.41e-09	3.40e-04	1.00e+00
 3.33173e+15	1.58e-09	3.59e-04	1.00e+00
 3.41371e+15	1.73e-09	3.80e-04	1.00e+00
 3.52028e+15	2.01e-09	4.08e-04	1.00e+00
 3.63072e+15	2.30e-09	4.39e-04	1.00e+00
 3.72316e+15	2.58e-09	4.65e-04	1.00e+00
 3.82025e+15	2.85e-09	4.93e-04	1.00e+00
 3.94647e+15	3.35e-09	5.32e-04	9.99e-01
 4.07762e+15	3.88e-09	5.75e-04	9.99e-01
 4.18851e+15	4.34e-09	6.11e-04	9.99e-01
 4.30601e+15	4.86e-09	6.51e-04	9.99e-01
 4.45875e+15	5.78e-09	7.06e-04	9.99e-01
 4.61920e+15	6.71e-09	7.66e-04	9.99e-01
 4.75869e+15	7.58e-09	8.21e-04	9.99e-01
 4.90905e+15	8.91e-09	8.83e-04	9.99e-01
 5.09392e+15	1.04e-08	9.62e-04	9.99e-01
 5.28162e+15	1.23e-08	1.05e-03	9.99e-01
 5.44836e+15	1.40e-08	1.12e-03	9.99e-01
 5.58840e+15	1.57e-08	1.19e-03	9.99e-01
 5.70835e+15	1.74e-08	1.25e-03	9.99e-01
 5.84372e+15	1.92e-08	1.32e-03	9.99e-01
 6.01970e+15	2.20e-08	1.42e-03	9.99e-01
 6.20135e+15	2.48e-08	1.51e-03	9.98e-01
 6.35096e+15	2.76e-08	1.60e-03	9.98e-01
 6.50604e+15	3.11e-08	1.69e-03	9.98e-01
 6.70763e+15	3.57e-08	1.82e-03	9.98e-01
 6.91637e+15	4.08e-08	1.95e-03	9.98e-01
 7.08965e+15	4.56e-08	2.07e-03	9.98e-01
 7.27015e+15	5.10e-08	2.19e-03	9.98e-01
 7.50480e+15	5.92e-08	2.37e-03	9.98e-01
 7.74774e+15	6.76e-08	2.55e-03	9.97e-01
 7.95172e+15	7.53e-08	2.71e-03	9.97e-01
 8.16717e+15	8.47e-08	2.89e-03	9.97e-01
 8.44727e+15	1.01e-07	3.13e-03	9.97e-01
 8.72926e+15	1.14e-07	3.38e-03	9.97e-01
 8.96235e+15	1.28e-07	3.61e-03	9.96e-01
 9.21400e+15	1.45e-07	3.86e-03	9.96e-01
 9.54113e+15	1.75e-07	4.22e-03	9.96e-01
 9.86345e+15	2.02e-07	4.57e-03	9.95e-01
 1.01192e+16	2.27e-07	4.88e-03	9.95e-01
 1.03914e+16	2.56e-07	5.22e-03	9.95e-01
 1.06661e+16	2.87e-07	5.58e-03	9.94e-01
 1.08984e+16	3.15e-07	5.90e-03	9.94e-01
 1.11546e+16	3.50e-07	6.28e-03	9.94e-01
 1.14314e+16	4.01e-07	6.71e-03	9.93e-01
 1.16746e+16	4.39e-07	7.10e-03	9.93e-01
 1.19306e+16	4.84e-07	7.54e-03	9.92e-01
 1.22633e+16	5.66e-07	8.18e-03	9.92e-01
 1.25799e+16	6.29e-07	8.78e-03	9.91e-01
 1.28287e+16	6.94e-07	9.31e-03	9.91e-01
 1.31054e+16	7.76e-07	9.96e-03	9.90e-01
 1.34652e+16	9.22e-07	1.09e-02	9.89e-01
 1.38082e+16	1.05e-06	1.18e-02	9.88e-01
 1.40653e+16	1.16e-06	1.25e-02	9.87e-01
 1.43352e+16	1.30e-06	1.34e-02	9.87e-01
 1.46862e+16	1.48e-06	1.47e-02	9.85e-01
 1.50465e+16	1.75e-06	1.61e-02	9.84e-01
 1.53342e+16	1.98e-06	1.74e-02	9.83e-01
 1.55762e+16	2.20e-06	1.86e-02	9.81e-01
 1.58438e+16	2.50e-06	2.01e-02	9.80e-01
 1.61372e+16	2.80e-06	2.19e-02	9.78e-01
 1.64078e+16	3.23e-06	2.39e-02	9.76e-01
 1.66508e+16	3.69e-06	2.58e-02	9.74e-01
 1.68708e+16	4.10e-06	2.77e-02	9.72e-01
 1.71134e+16	4.62e-06	3.02e-02	9.70e-01
 1.73792e+16	5.34e-06	3.33e-02	9.67e-01
 1.76132e+16	6.14e-06	3.64e-02	9.64e-01
 1.78122e+16	6.97e-06	3.95e-02	9.61e-01
 1.79966e+16	7.87e-06	4.27e-02	9.57e-01
 1.82051e+16	9.07e-06	4.70e-02	9.53e-01
 1.84276e+16	1.08e-05	5.22e-02	9.48e-01
 1.86110e+16	1.25e-05	5.73e-02	9.43e-01
 1.87627e+16	1.43e-05	6.22e-02	9.38e-01
 1.89081e+16	1.61e-05	6.74e-02	9.33e-01
 1.90750e+16	1.83e-05	7.45e-02	9.26e-01
 1.92619e+16	2.16e-05	8.37e-02	9.16e-01
 1.94267e+16	2.54e-05	9.33e-02	9.07e-01
 1.95580e+16	2.99e-05	1.02e-01	8.97e-01
 1.96601e+16	3.34e-05	1.10e-01	8.90e-01
 1.97597e+16	3.71e-05	1.19e-01	8.81e-01
 1.98891e+16	4.43e-05	1.33e-01	8.67e-01
 2.00090e+16	5.01e-05	1.46e-01	8.54e-01
 2.01164e+16	5.87e-05	1.61e-01	8.39e-01
 2.02217e+16	6.67e-05	1.77e-01	8.23e-01
 2.02999e+16	7.54e-05	1.90e-01	8.10e-01
 2.03555e+16	8.15e-05	2.00e-01	8.00e-01
 2.04057e+16	8.73e-05	2.11e-01	7.89e-01
 2.04711e+16	9.61e-05	2.25e-01	7.75e-01
 2.05439e+16	1.07e-04	2.42e-01	7.58e-01
 2.06090e+16	1.20e-04	2.58e-01	7.42e-01
 2.06591e+16	1.29e-04	2.72e-01	7.28e-01
 2.07073e+16	1.40e-04	2.86e-01	7.14e-01
 2.07699e+16	1.55e-04	3.05e-01	6.94e-01
 2.08358e+16	1.71e-04	3.27e-01	6.73e-01
 2.08963e+16	1.89e-04	3.48e-01	6.52e-01
 2.09486e+16	2.05e-04	3.67e-01	6.33e-01
 2.09999e+16	2.23e-04	3.87e-01	6.13e-01
 2.10667e+16	2.50e-04	4.14e-01	5.86e-01
 2.11296e+16	2.75e-04	4.40e-01	5.60e-01
 2.11782e+16	2.97e-04	4.60e-01	5.39e-01
 2.12323e+16	3.23e-04	4.85e-01	5.15e-01
 2.13026e+16	3.60e-04	5.17e-01	4.83e-01
 2.13740e+16	3.99e-04	5.48e-01	4.51e-01
 2.14331e+16	4.33e-04	5.75e-01	4.24e-01
 2.14961e+16	4.73e-04	6.04e-01	3.96e-01
 2.15781e+16	5.27e-04	6.40e-01	3.60e-01
 2.16622e+16	5.84e-04	6.75e-01	3.25e-01
 2.17329e+16	6.34e-04	7.02e-01	2.97e-01
 2.17884e+16	6.72e-04	7.22e-01	2.77e-01
 2.18325e+16	7.06e-04	7.38e-01	2.61e-01
 2.18821e+16	7.43e-04	7.55e-01	2.44e-01
 2.19465e+16	7.93e-04	7.76e-01	2.23e-01
 2.20143e+16	8.44e-04	7.96e-01	2.03e-01
 2.20727e+16	8.89e-04	8.12e-01	1.88e-01
 2.21348e+16	9.39e-04	8.27e-01	1.72e-01
 2.22155e+16	1.00e-03	8.46e-01	1.53e-01
 2.22951e+16	1.07e-03	8.62e-01	1.37e-01
 2.23546e+16	1.12e-03	8.72e-01	1.27e-01
 2.24130e+16	1.17e-03	8.82e-01	1.17e-01
 2.24889e+16	1.24e-03	8.94e-01	1.05e-01
 2.25652e+16	1.31e-03	9.04e-01	9.50e-02
 2.26244e+16	1.37e-03	9.10e-01	8.82e-02
 2.26840e+16	1.43e-03	9.17e-01	8.13e-02
 2.27614e+16	1.52e-03	9.25e-01	7.35e-02
 2.28377e+16	1.61e-03	9.31e-01	6.69e-02
 2.28943e+16	1.68e-03	9.36e-01	6.26e-02
 2.29495e+16	1.75e-03	9.40e-01	5.83e-02
 2.30213e+16	1.85e-03	9.45e-01	5.34e-02
 2.30928e+16	1.96e-03	9.49e-01	4.91e-02
 2.31468e+16	2.05e-03	9.52e-01	4.63e-02
 2.31922e+16	2.14e-03	9.54e-01	4.39e-02
 2.32441e+16	2.24e-03	9.56e-01	4.13e-02
 2.33115e+16	2.38e-03	9.59e-01	3.82e-02
 2.33786e+16	2.53e-03	9.62e-01	3.55e-02
 2.34287e+16	2.67e-03	9.64e-01	3.37e-02
 2.34704e+16	2.78e-03	9.65e-01	3.23e-02
 2.35181e+16	2.92e-03	9.66e-01	3.06e-02
 2.35800e+16	3.12e-03	9.68e-01	2.86e-02
 2.36421e+16	3.36e-03	9.70e-01	2.69e-02
 2.36890e+16	3.57e-03	9.71e-01	2.56e-02
 2.37284e+16	3.74e-03	9.72e-01	2.47e-02
 2.37736e+16	3.97e-03	9.73e-01	2.35e-02
 2.38322e+16	4.30e-03	9.74e-01	2.21e-02
 2.38920e+16	4.70e-03	9.74e-01	2.09e-02
 2.39390e+16	5.07e-03	9.75e-01	2.00e-02
 2.39859e+16	5.46e-03	9.75e-01	1.91e-02
 2.40468e+16	6.06e-03	9.76e-01	1.80e-02
 2.41070e+16	6.82e-03	9.76e-01	1.70e-02
 2.41505e+16	7.50e-03	9.76e-01	1.64e-02
 2.41844e+16	8.07e-03	9.76e-01	1.59e-02
 2.42219e+16	8.80e-03	9.76e-01	1.53e-02
 2.42627e+16	9.76e-03	9.75e-01	1.48e-02
 2.42973e+16	1.07e-02	9.75e-01	1.44e-02
 2.43251e+16	1.16e-02	9.74e-01	1.41e-02
 2.43546e+16	1.27e-02	9.74e-01	1.37e-02
 2.43872e+16	1.41e-02	9.73e-01	1.34e-02
 2.44163e+16	1.56e-02	9.71e-01	1.31e-02
 2.44403e+16	1.71e-02	9.70e-01	1.29e-02
 2.44656e+16	1.88e-02	9.69e-01	1.27e-02
 2.44936e+16	2.11e-02	9.66e-01	1.25e-02
 2.45186e+16	2.36e-02	9.64e-01	1.23e-02
 2.45394e+16	2.60e-02	9.62e-01	1.22e-02
 2.45616e+16	2.91e-02	9.59e-01	1.21e-02
 2.45862e+16	3.31e-02	9.55e-01	1.21e-02
 2.46079e+16	3.74e-02	9.51e-01	1.21e-02
 2.46257e+16	4.16e-02	9.46e-01	1.21e-02
 2.46443e+16	4.67e-02	9.41e-01	1.21e-02
 2.46642e+16	5.31e-02	9.35e-01	1.22e-02
 2.46813e+16	5.99e-02	9.28e-01	1.23e-02
 2.46958e+16	6.63e-02	9.21e-01	1.25e-02
 2.47095e+16	7.33e-02	9.14e-01	1.27e-02
 2.47239e+16	8.19e-02	9.05e-01	1.28e-02
 2.47383e+16	9.16e-02	8.95e-01	1.31e-02
 2.47511e+16	1.01e-01	8.85e-01	1.33e-02
 2.47620e+16	1.11e-01	8.75e-01	1.36e-02
 2.47720e+16	1.21e-01	8.65e-01	1.38e-02
 2.47799e+16	1.29e-01	8.57e-01	1.40e-02
 2.47851e+16	1.35e-01	8.51e-01	1.41e-02
 2.47899e+16	1.41e-01	8.45e-01	1.42e-02
 2.47955e+16	1.48e-01	8.38e-01	1.43e-02
 2.48017e+16	1.56e-01	8.30e-01	1.45e-02
 2.48077e+16	1.64e-01	8.21e-01	1.47e-02
 2.48134e+16	1.73e-01	8.12e-01	1.48e-02
 2.48189e+16	1.81e-01	8.04e-01	1.50e-02
 2.48245e+16	1.91e-01	7.94e-01	1.51e-02
 2.48302e+16	2.01e-01	7.84e-01	1.53e-02
 2.48358e+16	2.11e-01	7.73e-01	1.54e-02
 2.48413e+16	2.22e-01	7.63e-01	1.56e-02
 2.48468e+16	2.33e-01	7.51e-01	1.57e-02
 2.48524e+16	2.45e-01	7.39e-01	1.58e-02
 2.48579e+16	2.58e-01	7.26e-01	1.59e-02
 2.48634e+16	2.70e-01	7.13e-01	1.61e-02
 2.48689e+16	2.84e-01	7.00e-01	1.62e-02
 2.48745e+16	2.99e-01	6.85e-01	1.63e-02
 2.48801e+16	3.13e-01	6.70e-01	1.64e-02
 2.48855e+16	3.29e-01	6.55e-01	1.64e-02
 2.48912e+16	3.45e-01	6.38e-01	1.65e-02
 2.48968e+16	3.61e-01	6.22e-01	1.65e-02
 2.49025e+16	3.79e-01	6.04e-01	1.65e-02
 2.49082e+16	3.97e-01	5.87e-01	1.65e-02
 2.49140e+16	4.15e-01	5.68e-01	1.65e-02
 2.49199e+16	4.35e-01	5.49e-01	1.64e-02
 2.49259e+16	4.55e-01	5.29e-01	1.63e-02
 2.49318e+16	4.75e-01	5.09e-01	1.62e-02
 2.49378e+16	4.95e-01	4.89e-01	1.60e-02
 2.49439e+16	5.15e-01	4.69e-01	1.58e-02
 2.49500e+16	5.35e-01	4.49e-01	1.56e-02
 2.49562e+16	5.55e-01	4.29e-01	1.53e-02
 2.49626e+16	5.75e-01	4.10e-01	1.50e-02
 2.49692e+16	5.95e-01	3.90e-01	1.47e-02
 2.49760e+16	6.15e-01	3.71e-01	1.43e-02
 2.49832e+16	6.34e-01	3.52e-01	1.39e-02
 2.49908e+16	6.54e-01	3.33e-01	1.35e-02
 2.49989e+16	6.72e-01	3.15e-01	1.30e-02
 2.50078e+16	6.90e-01	2.97e-01	1.26e-02
 2.50175e+16	7.08e-01	2.80e-01	1.21e-02
 2.50286e+16	7.24e-01	2.64e-01	1.16e-02
 2.50407e+16	7.39e-01	2.50e-01	1.11e-02
 2.50532e+16	7.50e-01	2.39e-01	1.07e-02
 2.50655e+16	7.59e-01	2.30e-01	1.03e-02
 2.50777e+16	7.66e-01	2.24e-01	1.00e-02
 2.50898e+16	7.72e-01	2.18e-01	9.77e-03
 2.51037e+16	7.77e-01	2.13e-01	9.50e-03
 2.51218e+16	7.83e-01	2.08e-01	9.19e-03
 2.51453e+16	7.88e-01	2.03e-01	8.87e-03
 2.51759e+16	7.93e-01	1.99e-01	8.53e-03
 2.52156e+16	7.98e-01	1.93e-01	8.08e-03
 2.52673e+16	8.05e-01	1.88e-01	7.58e-03
 2.53345e+16	8.13e-01	1.81e-01	6.98e-03
 2.54121e+16	8.21e-01	1.73e-01	6.38e-03
 2.54897e+16	8.28e-01	1.66e-01	5.84e-03
 2.55646e+16	8.35e-01	1.59e-01	5.37e-03
 2.56393e+16	8.42e-01	1.53e-01	4.93e-03
 2.57155e+16	8.48e-01	1.47e-01	4.53e-03
 2.57927e+16	8.54e-01	1.41e-01	4.16e-03
 2.58556e+16	8.59e-01	1.37e-01	3.90e-03
 2.58987e+16	8.62e-01	1.34e-01	3.73e-03
 2.59379e+16	8.65e-01	1.32e-01	3.58e-03
 2.59803e+16	8.68e-01	1.29e-01	3.41e-03
 2.60245e+16	8.71e-01	1.26e-01	3.26e-03
 2.60672e+16	8.74e-01	1.23e-01	3.11e-03
 2.61081e+16	8.76e-01	1.21e-01	2.98e-03
 2.61478e+16	8.79e-01	1.18e-01	2.86e-03
 2.61869e+16	8.81e-01	1.16e-01	2.75e-03
 2.62256e+16	8.83e-01	1.14e-01	2.64e-03
 2.62636e+16	8.86e-01	1.12e-01	2.54e-03
 2.63012e+16	8.88e-01	1.10e-01	2.44e-03
 2.63381e+16	8.90e-01	1.08e-01	2.35e-03
 2.63743e+16	8.92e-01	1.06e-01	2.26e-03
 2.64099e+16	8.94e-01	1.04e-01	2.18e-03
 2.64451e+16	8.95e-01	1.02e-01	2.11e-03
 2.64798e+16	8.97e-01	1.01e-01	2.03e-03
 2.65141e+16	8.99e-01	9.91e-02	1.96e-03
 2.65479e+16	9.01e-01	9.75e-02	1.90e-03
 2.65814e+16	9.02e-01	9.60e-02	1.83e-03
 2.66146e+16	9.04e-01	9.45e-02	1.77e-03
 2.66475e+16	9.05e-01	9.30e-02	1.72e-03
 2.66800e+16	9.07e-01	9.16e-02	1.66e-03
 2.67125e+16	9.08e-01	9.02e-02	1.61e-03
 2.67448e+16	9.10e-01	8.89e-02	1.56e-03
 2.67772e+16	9.11e-01	8.75e-02	1.51e-03
 2.68095e+16	9.12e-01	8.62e-02	1.46e-03
 2.68418e+16	9.14e-01	8.49e-02	1.41e-03
 2.68743e+16	9.15e-01	8.36e-02	1.37e-03
 2.69072e+16	9.16e-01	8.24e-02	1.32e-03
 2.69406e+16	9.18e-01	8.11e-02	1.28e-03
 2.69752e+16	9.19e-01	7.98e-02	1.24e-03
 2.70110e+16	9.20e-01	7.85e-02	1.20e-03
 2.70480e+16	9.22e-01	7.72e-02	1.15e-03
 2.70864e+16	9.23e-01	7.58e-02	1.11e-03
 2.71267e+16	9.25e-01	7.44e-02	1.07e-03
 2.71700e+16	9.26e-01	7.29e-02	1.02e-03
 2.72174e+16	9.28e-01	7.13e-02	9.75e-04
 2.72694e+16	9.29e-01	6.96e-02	9.26e-04
 2.73292e+16	9.31e-01	6.77e-02	8.72e-04
 2.73946e+16	9.33e-01	6.57e-02	8.18e-04
 2.74578e+16	9.35e-01	6.38e-02	7.70e-04
 2.75160e+16	9.37e-01	6.22e-02	7.28e-04
 2.75690e+16	9.39e-01	6.07e-02	6.92e-04
 2.76171e+16	9.40e-01	5.94e-02	6.61e-04
 2.76610e+16	9.41e-01	5.83e-02	6.34e-04
 2.77009e+16	9.42e-01	5.72e-02	6.10e-04
 2.77372e+16	9.43e-01	5.63e-02	5.89e-04
 2.77770e+16	9.44e-01	5.52e-02	5.65e-04
 2.78199e+16	9.45e-01	5.42e-02	5.43e-04
 2.78590e+16	9.46e-01	5.32e-02	5.22e-04
 2.78946e+16	9.47e-01	5.23e-02	5.03e-04
 2.79270e+16	9.48e-01	5.15e-02	4.88e-04
 2.79624e+16	9.49e-01	5.07e-02	4.71e-04
 2.80007e+16	9.50e-01	4.97e-02	4.53e-04
 2.80356e+16	9.51e-01	4.89e-02	4.37e-04
 2.80673e+16	9.51e-01	4.81e-02	4.23e-04
 2.80961e+16	9.52e-01	4.75e-02	4.11e-04
 2.81277e+16	9.53e-01	4.67e-02	3.97e-04
 2.81619e+16	9.54e-01	4.59e-02	3.83e-04
 2.81929e+16	9.54e-01	4.53e-02	3.71e-04
 2.82212e+16	9.55e-01	4.46e-02	3.61e-04
 2.82522e+16	9.56e-01	4.39e-02	3.49e-04
 2.82856e+16	9.56e-01	4.32e-02	3.37e-04
 2.83161e+16	9.57e-01	4.25e-02	3.26e-04
 2.83438e+16	9.58e-01	4.19e-02	3.17e-04
 2.83690e+16	9.58e-01	4.14e-02	3.08e-04
 2.83966e+16	9.59e-01	4.08e-02	2.99e-04
 2.84264e+16	9.60e-01	4.01e-02	2.89e-04
 2.84535e+16	9.60e-01	3.96e-02	2.81e-04
 2.84782e+16	9.61e-01	3.91e-02	2.74e-04
 2.85052e+16	9.61e-01	3.85e-02	2.65e-04
 2.85345e+16	9.62e-01	3.79e-02	2.57e-04
 2.85610e+16	9.62e-01	3.74e-02	2.50e-04
 2.85852e+16	9.63e-01	3.69e-02	2.44e-04
 2.86117e+16	9.63e-01	3.64e-02	2.36e-04
 2.86403e+16	9.64e-01	3.58e-02	2.29e-04
 2.86664e+16	9.64e-01	3.54e-02	2.23e-04
 2.86901e+16	9.65e-01	3.49e-02	2.17e-04
 2.87160e+16	9.65e-01	3.44e-02	2.11e-04
 2.87440e+16	9.66e-01	3.39e-02	2.04e-04
 2.87696e+16	9.66e-01	3.35e-02	1.99e-04
 2.87928e+16	9.67e-01	3.31e-02	1.94e-04
 2.88182e+16	9.67e-01	3.26e-02	1.88e-04
 2.88457e+16	9.68e-01	3.21e-02	1.83e-04
 2.88706e+16	9.68e-01	3.17e-02	1.78e-04
 2.88980e+16	9.69e-01	3.12e-02	1.73e-04
 2.89276e+16	9.69e-01	3.07e-02	1.68e-04
 2.89545e+16	9.70e-01	3.03e-02	1.63e-04
 2.89790e+16	9.70e-01	2.99e-02	1.59e-04
 2.90058e+16	9.70e-01	2.95e-02	1.54e-04
 2.90347e+16	9.71e-01	2.91e-02	1.50e-04
 2.90611e+16	9.71e-01	2.87e-02	1.46e-04
 2.90900e+16	9.72e-01	2.82e-02	1.41e-04
 2.91211e+16	9.72e-01	2.78e-02	1.37e-04
 2.91495e+16	9.72e-01	2.74e-02	1.33e-04
 2.91806e+16	9.73e-01	2.70e-02	1.29e-04
 2.92141e+16	9.73e-01	2.65e-02	1.25e-04
 2.92447e+16	9.74e-01	2.61e-02	1.21e-04
 2.92725e+16	9.74e-01	2.58e-02	1.18e-04
 2.93029e+16	9.75e-01	2.54e-02	1.14e-04
 2.93358e+16	9.75e-01	2.50e-02	1.11e-04
 2.93657e+16	9.75e-01	2.46e-02	1.07e-04
 2.93985e+16	9.76e-01	2.42e-02	1.04e-04
 2.94339e+16	9.76e-01	2.38e-02	1.00e-04
 2.94661e+16	9.76e-01	2.35e-02	9.75e-05
 2.95014e+16	9.77e-01	2.30e-02	9.41e-05
 2.95395e+16	9.77e-01	2.26e-02	9.08e-05
 2.95742e+16	9.78e-01	2.23e-02	8.79e-05
 2.96057e+16	9.78e-01	2.19e-02	8.54e-05
 2.96403e+16	9.78e-01	2.16e-02	8.26e-05
 2.96776e+16	9.79e-01	2.12e-02	7.98e-05
 2.97116e+16	9.79e-01	2.09e-02	7.75e-05
 2.97488e+16	9.79e-01	2.05e-02	7.47e-05
 2.97890e+16	9.80e-01	2.01e-02	7.20e-05
 2.98255e+16	9.80e-01	1.98e-02	6.98e-05
 2.98588e+16	9.80e-01	1.95e-02	6.78e-05
 2.98953e+16	9.81e-01	1.92e-02	6.55e-05
 2.99346e+16	9.81e-01	1.89e-02	6.33e-05
 2.99705e+16	9.81e-01	1.86e-02	6.14e-05
 3.00097e+16	9.82e-01	1.82e-02	5.92e-05
 3.00521e+16	9.82e-01	1.79e-02	5.71e-05
 3.00906e+16	9.82e-01	1.76e-02	5.53e-05
 3.01329e+16	9.83e-01	1.73e-02	5.32e-05
 3.01785e+16	9.83e-01	1.69e-02	5.12e-05
 3.02200e+16	9.83e-01	1.67e-02	4.95e-05
 3.02655e+16	9.84e-01	1.63e-02	4.76e-05
 3.03146e+16	9.84e-01	1.60e-02	4.57e-05
 3.03593e+16	9.84e-01	1.57e-02	4.41e-05
 3.04083e+16	9.85e-01	1.54e-02	4.23e-05
 3.04612e+16	9.85e-01	1.50e-02	4.05e-05
 3.05093e+16	9.85e-01	1.48e-02	3.90e-05
 3.05531e+16	9.85e-01	1.45e-02	3.78e-05
 3.06010e+16	9.86e-01	1.42e-02	3.63e-05
 3.06528e+16	9.86e-01	1.39e-02	3.48e-05
 3.06999e+16	9.86e-01	1.37e-02	3.36e-05
 3.07516e+16	9.87e-01	1.34e-02	3.22e-05
 3.08073e+16	9.87e-01	1.31e-02	3.09e-05
 3.08581e+16	9.87e-01	1.29e-02	2.98e-05
 3.09137e+16	9.87e-01	1.26e-02	2.85e-05
 3.09737e+16	9.88e-01	1.23e-02	2.73e-05
 3.10283e+16	9.88e-01	1.21e-02	2.62e-05
 3.10882e+16	9.88e-01	1.18e-02	2.50e-05
 3.11528e+16	9.88e-01	1.15e-02	2.39e-05
 3.12116e+16	9.89e-01	1.13e-02	2.29e-05
 3.12760e+16	9.89e-01	1.10e-02	2.18e-05
 3.13456e+16	9.89e-01	1.07e-02	2.08e-05
 3.14089e+16	9.89e-01	1.05e-02	1.99e-05
 3.14783e+16	9.90e-01	1.02e-02	1.89e-05
 3.15531e+16	9.90e-01	9.97e-03	1.80e-05
 3.16213e+16	9.90e-01	9.75e-03	1.72e-05
 3.16960e+16	9.90e-01	9.49e-03	1.63e-05
 3.17766e+16	9.91e-01	9.23e-03	1.55e-05
 3.18499e+16	9.91e-01	9.01e-03	1.48e-05
 3.19303e+16	9.91e-01	8.76e-03	1.40e-05
 3.20171e+16	9.91e-01	8.52e-03	1.32e-05
 3.20961e+16	9.92e-01	8.31e-03	1.26e-05
 3.21826e+16	9.92e-01	8.06e-03	1.19e-05
 3.22760e+16	9.92e-01	7.83e-03	1.12e-05
 3.23611e+16	9.92e-01	7.63e-03	1.06e-05
 3.24542e+16	9.93e-01	7.40e-03	1.00e-05
 3.25548e+16	9.93e-01	7.17e-03	9.41e-06
 3.26463e+16	9.93e-01	6.98e-03	8.91e-06
 3.27466e+16	9.93e-01	6.75e-03	8.36e-06
 3.28549e+16	9.93e-01	6.54e-03	7.85e-06
 3.29534e+16	9.94e-01	6.35e-03	7.41e-06
 3.30614e+16	9.94e-01	6.14e-03	6.94e-06
 3.31940e+16	9.94e-01	5.90e-03	6.40e-06
 3.33401e+16	9.94e-01	5.65e-03	5.88e-06
 3.34934e+16	9.95e-01	5.40e-03	5.39e-06
 3.36541e+16	9.95e-01	5.16e-03	4.92e-06
 3.38210e+16	9.95e-01	4.93e-03	4.49e-06
 3.39941e+16	9.95e-01	4.69e-03	4.08e-06
 3.41716e+16	9.96e-01	4.47e-03	3.71e-06
 3.43518e+16	9.96e-01	4.26e-03	3.37e-06
 3.45347e+16	9.96e-01	4.05e-03	3.06e-06
 3.47207e+16	9.96e-01	3.86e-03	2.77e-06
 3.49102e+16	9.96e-01	3.67e-03	2.52e-06
 3.51031e+16	9.97e-01	3.49e-03	2.28e-06
 3.52995e+16	9.97e-01	3.32e-03	2.06e-06
 3.54991e+16	9.97e-01	3.16e-03	1.87e-06
 3.57022e+16	9.97e-01	3.00e-03	1.69e-06
 3.59088e+16	9.97e-01	2.85e-03	1.53e-06
 3.61153e+16	9.97e-01	2.71e-03	1.38e-06
 3.63248e+16	9.97e-01	2.57e-03	1.25e-06
 3.65424e+16	9.98e-01	2.44e-03	1.12e-06
 3.67648e+16	9.98e-01	2.31e-03	1.01e-06
 3.69900e+16	9.98e-01	2.19e-03	9.08e-07
 3.72186e+16	9.98e-01	2.08e-03	8.15e-07
 3.74516e+16	9.98e-01	1.97e-03	7.32e-07
 3.76888e+16	9.98e-01	1.86e-03	6.56e-07
 3.79303e+16	9.98e-01	1.76e-03	5.87e-07
 3.81762e+16	9.98e-01	1.66e-03	5.24e-07
 3.84267e+16	9.98e-01	1.57e-03	4.68e-07
 3.86820e+16	9.99e-01	1.48e-03	4.17e-07
 3.89421e+16	9.99e-01	1.40e-03	3.71e-07
 3.92075e+16	9.99e-01	1.31e-03	3.30e-07
 3.94783e+16	9.99e-01	1.24e-03	2.93e-07
 3.97546e+16	9.99e-01	1.16e-03	2.59e-07
 4.00367e+16	9.99e-01	1.09e-03	2.29e-07
 4.03248e+16	9.99e-01	1.03e-03	2.02e-07
 4.06194e+16	9.99e-01	9.62e-04	1.78e-07
 4.09206e+16	9.99e-01	9.01e-04	1.56e-07
 4.12289e+16	9.99e-01	8.43e-04	1.36e-07
 4.15446e+16	9.99e-01	7.88e-04	1.19e-07
 4.18681e+16	9.99e-01	7.34e-04	1.04e-07
 4.22005e+16	9.99e-01	6.85e-04	9.04e-08
 4.25370e+16	9.99e-01	6.38e-04	7.85e-08
 4.28819e+16	9.99e-01	5.93e-04	6.78e-08
 4.32412e+16	9.99e-01	5.49e-04	5.83e-08
 4.36134e+16	9.99e-01	5.08e-04	4.99e-08
 4.39995e+16	1.00e+00	4.68e-04	4.25e-08
 4.43992e+16	1.00e+00	4.31e-04	3.60e-08
 4.48133e+16	1.00e+00	3.95e-04	3.03e-08
 4.52439e+16	1.00e+00	3.62e-04	2.54e-08
 4.56929e+16	1.00e+00	3.29e-04	2.11e-08
 4.61625e+16	1.00e+00	2.99e-04	1.74e-08
 4.66554e+16	1.00e+00	2.70e-04	1.42e-08
 4.71759e+16	1.00e+00	2.43e-04	1.15e-08
 4.77266e+16	1.00e+00	2.17e-04	9.17e-09
 4.83142e+16	1.00e+00	1.93e-04	7.22e-09
 4.89440e+16	1.00e+00	1.70e-04	5.60e-09
 4.96191e+16	1.00e+00	1.48e-04	4.27e-09
 5.03510e+16	1.00e+00	1.28e-04	3.18e-09
 5.11553e+16	1.00e+00	1.09e-04	2.31e-09
 5.20501e+16	1.00e+00	9.11e-05	1.62e-09
 5.30605e+16	1.00e+00	7.46e-05	1.09e-09
 5.42306e+16	1.00e+00	5.93e-05	6.86e-10
 5.55243e+16	1.00e+00	4.64e-05	4.20e-10
 5.68351e+16	1.00e+00	3.63e-05	2.58e-10
 5.81233e+16	1.00e+00	2.86e-05	1.61e-10
 5.94060e+16	1.00e+00	2.26e-05	1.01e-10
 6.07069e+16	1.00e+00	1.79e-05	6.35e-11
 6.20368e+16	1.00e+00	1.42e-05	3.98e-11
 6.33909e+16	1.00e+00	1.12e-05	2.50e-11
 6.47678e+16	1.00e+00	8.90e-06	1.57e-11
 6.61725e+16	1.00e+00	7.04e-06	9.88e-12
 6.76014e+16	1.00e+00	5.58e-06	6.23e-12
 6.90613e+16	1.00e+00	4.42e-06	3.91e-12
 7.05536e+16	1.00e+00	3.51e-06	2.47e-12
 7.20866e+16	1.00e+00	2.78e-06	1.55e-12
 7.36710e+16	1.00e+00	2.20e-06	9.73e-13
 7.52980e+16	1.00e+00	1.73e-06	6.07e-13
 7.69637e+16	1.00e+00	1.37e-06	3.78e-13
 7.86720e+16	1.00e+00	1.08e-06	2.36e-13
 8.04372e+16	1.00e+00	8.48e-07	1.46e-13
 8.22691e+16	1.00e+00	6.64e-07	8.97e-14
 8.41694e+16	1.00e+00	5.18e-07	5.48e-14
 8.61457e+16	1.00e+00	4.03e-07	3.32e-14
 8.82138e+16	1.00e+00	3.11e-07	1.98e-14
 9.03879e+16	1.00e+00	2.39e-07	1.17e-14
 9.26934e+16	1.00e+00	1.82e-07	6.76e-15
 9.51406e+16	1.00e+00	1.37e-07	3.83e-15
 9.76486e+16	1.00e+00	1.03e-07	2.18e-15
 1.00128e+17	1.00e+00	7.84e-08	1.27e-15
 1.02568e+17	1.00e+00	6.03e-08	7.50e-16
 1.04986e+17	1.00e+00	4.68e-08	4.51e-16
 1.07389e+17	1.00e+00	3.65e-08	2.75e-16
 1.09760e+17	1.00e+00	2.87e-08	1.70e-16
 1.12084e+17	1.00e+00	2.28e-08	1.07e-16
 1.14349e+17	1.00e+00	1.83e-08	6.90e-17
 1.16552e+17	1.00e+00	1.48e-08	4.53e-17
 1.18687e+17	1.00e+00	1.21e-08	3.03e-17
 1.20751e+17	1.00e+00	9.98e-09	2.07e-17
 1.22737e+17	1.00e+00	8.32e-09	1.44e-17
 1.24645e+17	1.00e+00	7.00e-09	1.02e-17
 1.26473e+17	1.00e+00	5.95e-09	7.34e-18
 1.28220e+17	1.00e+00	5.10e-09	5.40e-18
 1.29889e+17	1.00e+00	4.40e-09	4.03e-18
 1.31479e+17	1.00e+00	3.84e-09	3.07e-18
 1.32994e+17	1.00e+00	3.37e-09	2.37e-18
 1.34434e+17	1.00e+00	2.98e-09	1.85e-18
 1.35804e+17	1.00e+00	2.66e-09	1.47e-18
 1.37106e+17	1.00e+00	2.38e-09	1.18e-18
 1.38343e+17	1.00e+00	2.15e-09	9.65e-19
 1.39518e+17	1.00e+00	1.95e-09	7.95e-19
 1.40633e+17	1.00e+00	1.78e-09	6.63e-19
 1.41690e+17	1.00e+00	1.63e-09	5.58e-19
 1.42694e+17	1.00e+00	1.51e-09	4.74e-19
 1.43647e+17	1.00e+00	1.40e-09	4.07e-19
 1.44553e+17	1.00e+00	1.30e-09	3.52e-19
 1.45413e+17	1.00e+00	1.21e-09	3.07e-19
 1.46230e+17	1.00e+00	1.14e-09	2.70e-19
 1.47005e+17	1.00e+00	1.07e-09	2.39e-19
 1.47742e+17	1.00e+00	1.01e-09	2.12e-19
 1.48443e+17	1.00e+00	9.54e-10	1.90e-19
 1.49109e+17	1.00e+00	9.05e-10	1.72e-19
 1.49743e+17	1.00e+00	8.61e-10	1.55e-19
 1.50346e+17	1.00e+00	8.22e-10	1.41e-19
 1.50921e+17	1.00e+00	7.86e-10	1.29e-19
 1.51468e+17	1.00e+00	7.54e-10	1.19e-19
 1.51989e+17	1.00e+00	7.24e-10	1.10e-19
 1.52487e+17	1.00e+00	6.97e-10	1.02e-19
 1.52962e+17	1.00e+00	6.72e-10	9.45e-20
 1.53415e+17	1.00e+00	6.49e-10	8.82e-20
 1.53849e+17	1.00e+00	6.27e-10	8.25e-20
 1.54263e+17	1.00e+00	6.08e-10	7.75e-20
 1.54661e+17	1.00e+00	5.90e-10	7.29e-20
 1.55041e+17	1.00e+00	5.73e-10	6.88e-20
 1.55407e+17	1.00e+00	5.57e-10	6.51e-20
 1.55758e+17	1.00e+00	5.43e-10	6.18e-20
 1.56096e+17	1.00e+00	5.29e-10	5.87e-20
 1.56422e+17	1.00e+00	5.16e-10	5.59e-20
 1.56737e+17	1.00e+00	5.04e-10	5.33e-20
 1.57042e+17	1.00e+00	4.92e-10	5.09e-20
 1.57338e+17	1.00e+00	4.81e-10	4.87e-20
 1.57625e+17	1.00e+00	4.71e-10	4.66e-20
 1.57905e+17	1.00e+00	4.61e-10	4.47e-20
 1.58179e+17	1.00e+00	4.52e-10	4.29e-20
 1.58448e+17	1.00e+00	4.43e-10	4.12e-20
 1.58713e+17	1.00e+00	4.34e-10	3.96e-20
 1.58975e+17	1.00e+00	4.26e-10	3.81e-20
 1.59235e+17	1.00e+00	4.17e-10	3.66e-20
 1.59496e+17	1.00e+00	4.09e-10	3.52e-20
 1.59758e+17	1.00e+00	4.01e-10	3.39e-20
 1.60023e+17	1.00e+00	3.94e-10	3.25e-20
 1.60294e+17	1.00e+00	3.86e-10	3.13e-20
 1.60573e+17	1.00e+00	3.78e-10	3.00e-20
 1.60864e+17	1.00e+00	3.69e-10	2.87e-20
 1.61171e+17	1.00e+00	3.61e-10	2.74e-20
 1.61498e+17	1.00e+00	3.52e-10	2.61e-20
 1.61854e+17	1.00e+00	3.43e-10	2.47e-20
 1.62248e+17	1.00e+00	3.33e-10	2.33e-20
 1.62694e+17	1.00e+00	3.22e-10	2.18e-20
 1.63210e+17	1.00e+00	3.10e-10	2.02e-20
 1.63827e+17	1.00e+00	2.96e-10	1.84e-20
 1.64589e+17	1.00e+00	2.79e-10	1.64e-20
 1.65564e+17	1.00e+00	2.59e-10	1.41e-20
 1.66832e+17	1.00e+00	2.36e-10	1.17e-20
 1.68480e+17	1.00e+00	2.08e-10	9.15e-21
 1.70623e+17	1.00e+00	1.78e-10	0.00e+00
 1.73409e+17	1.00e+00	1.45e-10	0.00e+00
 1.77030e+17	1.00e+00	1.12e-10	0.00e+00
 1.81737e+17	1.00e+00	8.00e-11	0.00e+00
 1.87530e+17	1.00e+00	5.38e-11	0.00e+00
 1.93855e+17	1.00e+00	3.55e-11	0.00e+00
 2.00333e+17	1.00e+00	2.37e-11	0.00e+00
 2.06936e+17	1.00e+00	1.60e-11	0.00e+00
 2.13571e+17	1.00e+00	1.11e-11	0.00e+00
 2.20205e+17	1.00e+00	7.97e-12	0.00e+00
 2.26839e+17	1.00e+00	5.92e-12	0.00e+00
 2.33474e+17	1.00e+00	4.58e-12	0.00e+00
 2.40108e+17	1.00e+00	3.68e-12	0.00e+00
 2.46742e+17	1.00e+00	3.08e-12	0.00e+00
 2.53377e+17	1.00e+00	2.66e-12	0.00e+00
 2.60011e+17	1.00e+00	2.37e-12	0.00e+00
 2.66646e+17	1.00e+00	2.16e-12	0.00e+00
 2.73280e+17	1.00e+00	2.01e-12	0.00e+00
 2.79914e+17	1.00e+00	1.89e-12	0.00e+00
 2.86549e+17	1.00e+00	1.79e-12	0.00e+00
 2.93183e+17	1.00e+00	1.71e-12	0.00e+00
 2.99817e+17	1.00e+00	1.63e-12	0.00e+00
 3.06452e+17	1.00e+00	1.57e-12	0.00e+00
 3.14081e+17	1.00e+00	1.51e-12	0.00e+00
 3.24000e+17	1.00e+00	1.21e-12	0.00e+00
 3.36198e+17	1.00e+00	8.43e-13	0.00e+00
 3.49646e+17	1.00e+00	6.02e-13	0.00e+00
 3.63632e+17	1.00e+00	5.06e-13	0.00e+00
 3.77457e+17	1.00e+00	4.28e-13	0.00e+00
 3.89926e+17	1.00e+00	4.23e-13	0.00e+00
 4.00686e+17	1.00e+00	4.69e-13	0.00e+00
 4.10330e+17	1.00e+00	5.08e-13	0.00e+00
 4.19644e+17	1.00e+00	5.01e-13	0.00e+00
 4.28877e+17	1.00e+00	4.55e-13	0.00e+00
 4.37549e+17	1.00e+00	4.11e-13	0.00e+00
 4.44390e+17	1.00e+00	3.95e-13	0.00e+00
 4.48490e+17	1.00e+00	4.37e-13	0.00e+00
 4.50506e+17	1.00e+00	4.84e-13	0.00e+00
 4.51564e+17	1.00e+00	5.09e-13	0.00e+00
 4.52198e+17	1.00e+00	5.23e-13	0.00e+00
 4.52619e+17	1.00e+00	5.31e-13	0.00e+00
 4.52996e+17	1.00e+00	5.37e-13	0.00e+00
 4.53437e+17	1.00e+00	5.42e-13	0.00e+00
 4.53949e+17	1.00e+00	5.47e-13	0.00e+00
 4.54453e+17	1.00e+00	5.50e-13	0.00e+00
 4.54870e+17	1.00e+00	5.53e-13	0.00e+00
 4.55201e+17	1.00e+00	5.55e-13	0.00e+00
 4.55501e+17	1.00e+00	5.56e-13	0.00e+00
 4.55808e+17	1.00e+00	5.57e-13	0.00e+00
 4.56133e+17	1.00e+00	5.57e-13	0.00e+00
 4.56461e+17	1.00e+00	5.57e-13	0.00e+00
 4.56753e+17	1.00e+00	5.57e-13	0.00e+00
 4.56997e+17	1.00e+00	5.57e-13	0.00e+00
 4.57210e+17	1.00e+00	5.57e-13	0.00e+00
 4.57422e+17	1.00e+00	5.56e-13	0.00e+00
 4.57658e+17	1.00e+00	5.56e-13	0.00e+00
 4.57901e+17	1.00e+00	5.55e-13	0.00e+00
 4.58128e+17	1.00e+00	5.53e-13	0.00e+00
 4.58322e+17	1.00e+00	5.52e-13	0.00e+00
 4.58495e+17	1.00e+00	5.52e-13	0.00e+00
 4.58679e+17	1.00e+00	5.51e-13	0.00e+00
 4.58878e+17	1.00e+00	5.49e-13	0.00e+00
 4.59067e+17	1.00e+00	5.48e-13	0.00e+00
 4.59241e+17	1.00e+00	5.47e-13	0.00e+00
 4.59409e+17	1.00e+00	5.46e-13	0.00e+00
 4.59577e+17	1.00e+00	5.44e-13	0.00e+00
 4.59744e+17	1.00e+00	5.43e-13	0.00e+00
 4.59910e+17	1.00e+00	5.41e-13	0.00e+00
 4.60075e+17	1.00e+00	5.40e-13	0.00e+00
 4.60239e+17	1.00e+00	5.38e-13	0.00e+00
 4.60395e+17	1.00e+00	5.36e-13	0.00e+00
 4.60546e+17	1.00e+00	5.35e-13	0.00e+00
 4.60707e+17	1.00e+00	5.33e-13	0.00e+00
 4.60877e+17	1.00e+00	5.31e-13	0.00e+00
 4.61045e+17	1.00e+00	5.29e-13	0.00e+00
 4.61208e+17	1.00e+00	5.27e-13	0.00e+00
 4.61368e+17	1.00e+00	5.25e-13	0.00e+00
 4.61530e+17	1.00e+00	5.23e-13	0.00e+00
 4.61704e+17	1.00e+00	5.21e-13	0.00e+00
 4.61886e+17	1.00e+00	5.18e-13	0.00e+00
 4.62065e+17	1.00e+00	5.16e-13	0.00e+00
 4.62239e+17	1.00e+00	5.14e-13	0.00e+00
 4.62431e+17	1.00e+00	5.11e-13	0.00e+00
 4.62638e+17	1.00e+00	5.08e-13	0.00e+00
 4.62838e+17	1.00e+00	5.05e-13	0.00e+00
 4.63027e+17	1.00e+00	5.02e-13	0.00e+00
 4.63210e+17	1.00e+00	4.99e-13	0.00e+00
 4.63408e+17	1.00e+00	4.96e-13	0.00e+00
 4.63627e+17	1.00e+00	4.92e-13	0.00e+00
 4.63851e+17	1.00e+00	4.89e-13	0.00e+00
 4.64068e+17	1.00e+00	4.85e-13	0.00e+00
 4.64293e+17	1.00e+00	4.82e-13	0.00e+00
 4.64544e+17	1.00e+00	4.77e-13	0.00e+00
 4.64799e+17	1.00e+00	4.73e-13	0.00e+00
 4.65048e+17	1.00e+00	4.69e-13	0.00e+00
 4.65294e+17	1.00e+00	4.64e-13	0.00e+00
 4.65545e+17	1.00e+00	4.60e-13	0.00e+00
 4.65821e+17	1.00e+00	4.55e-13	0.00e+00
 4.66110e+17	1.00e+00	4.50e-13	0.00e+00
 4.66404e+17	1.00e+00	4.45e-13	0.00e+00
 4.66699e+17	1.00e+00	4.40e-13	0.00e+00
 4.66999e+17	1.00e+00	4.34e-13	0.00e+00
 4.67316e+17	1.00e+00	4.28e-13	0.00e+00
 4.67646e+17	1.00e+00	4.22e-13	0.00e+00
 4.67984e+17	1.00e+00	4.16e-13	0.00e+00
 4.68327e+17	1.00e+00	4.10e-13	0.00e+00
 4.68676e+17	1.00e+00	4.03e-13	0.00e+00
 4.69034e+17	1.00e+00	3.97e-13	0.00e+00
 4.69396e+17	1.00e+00	3.90e-13	0.00e+00
 4.69788e+17	1.00e+00	3.83e-13	0.00e+00
 4.70209e+17	1.00e+00	3.75e-13	0.00e+00
 4.70623e+17	1.00e+00	3.67e-13	0.00e+00
 4.71030e+17	1.00e+00	3.60e-13	0.00e+00
 4.71449e+17	1.00e+00	3.53e-13	0.00e+00
 4.71902e+17	1.00e+00	3.45e-13	0.00e+00
 4.72376e+17	1.00e+00	3.36e-13	0.00e+00
 4.72841e+17	1.00e+00	3.27e-13	0.00e+00
 4.73282e+17	1.00e+00	3.19e-13	0.00e+00
 4.73751e+17	1.00e+00	3.12e-13	0.00e+00
 4.74287e+17	1.00e+00	3.02e-13	0.00e+00
 4.74833e+17	1.00e+00	2.93e-13	0.00e+00
 4.75355e+17	1.00e+00	2.83e-13	0.00e+00
 4.75865e+17	1.00e+00	2.75e-13	0.00e+00
 4.76396e+17	1.00e+00	2.66e-13	0.00e+00
 4.76969e+17	1.00e+00	2.57e-13	0.00e+00
 4.77563e+17	1.00e+00	2.47e-13	0.00e+00
 4.78157e+17	1.00e+00	2.38e-13	0.00e+00
 4.78746e+17	1.00e+00	2.29e-13	0.00e+00
 4.79348e+17	1.00e+00	2.20e-13	0.00e+00
 4.79976e+17	1.00e+00	2.10e-13	0.00e+00
 4.80618e+17	1.00e+00	2.01e-13	0.00e+00
 4.81261e+17	1.00e+00	1.91e-13	0.00e+00
 4.81920e+17	1.00e+00	1.82e-13	0.00e+00
 4.82607e+17	1.00e+00	1.73e-13	0.00e+00
 4.83309e+17	1.00e+00	1.64e-13	0.00e+00
 4.84010e+17	1.00e+00	1.55e-13	0.00e+00
 4.84725e+17	1.00e+00	1.46e-13	0.00e+00
 4.85485e+17	1.00e+00	1.37e-13	0.00e+00
 4.86251e+17	1.00e+00	1.29e-13	0.00e+00
 4.87023e+17	1.00e+00	1.20e-13	0.00e+00
 4.87827e+17	1.00e+00	1.12e-13	0.00e+00
 4.88663e+17	1.00e+00	1.04e-13	0.00e+00
 4.89537e+17	1.00e+00	9.57e-14	0.00e+00
 4.90374e+17	1.00e+00	8.78e-14	0.00e+00
 4.91082e+17	1.00e+00	8.12e-14	0.00e+00
 4.91658e+17	1.00e+00	7.62e-14	0.00e+00
 4.92168e+17	1.00e+00	7.22e-14	0.00e+00
 4.92678e+17	1.00e+00	6.86e-14	0.00e+00
 4.93209e+17	1.00e+00	6.49e-14	0.00e+00
 4.93728e+17	1.00e+00	6.13e-14	0.00e+00
 4.94198e+17	1.00e+00	5.81e-14	0.00e+00
 4.94615e+17	1.00e+00	5.53e-14	0.00e+00
 4.95006e+17	1.00e+00	5.29e-14	0.00e+00
 4.95398e+17	1.00e+00	5.07e-14	0.00e+00
 4.95792e+17	1.00e+00	4.84e-14	0.00e+00
 4.96173e+17	1.00e+00	4.62e-14	0.00e+00
 4.96530e+17	1.00e+00	4.43e-14	0.00e+00
 4.96864e+17	1.00e+00	4.25e-14	0.00e+00
 4.97186e+17	1.00e+00	4.09e-14	0.00e+00
 4.97505e+17	1.00e+00	3.93e-14	0.00e+00
 4.97819e+17	1.00e+00	3.77e-14	0.00e+00
 4.98123e+17	1.00e+00	3.63e-14	0.00e+00
 4.98412e+17	1.00e+00	3.49e-14	0.00e+00
 4.98688e+17	1.00e+00	3.37e-14	0.00e+00
 4.98957e+17	1.00e+00	3.25e-14	0.00e+00
 4.99221e+17	1.00e+00	3.13e-14	0.00e+00
 4.99479e+17	1.00e+00	3.02e-14	0.00e+00
 4.99729e+17	1.00e+00	2.91e-14	0.00e+00
 4.99968e+17	1.00e+00	2.81e-14	0.00e+00
 5.00198e+17	1.00e+00	2.72e-14	0.00e+00
 5.00425e+17	1.00e+00	2.63e-14	0.00e+00
 5.00648e+17	1.00e+00	2.54e-14	0.00e+00
 5.00903e+17	1.00e+00	2.46e-14	0.00e+00
 5.01234e+17	1.00e+00	2.36e-14	0.00e+00
 5.01664e+17	1.00e+00	2.22e-14	0.00e+00
 5.02224e+17	1.00e+00	2.06e-14	0.00e+00
