#depth	C	C+	C+2	C+3	C+4	C+5	C+6	C[1]	C[2]	C[3]	C+[1]	C+[2]	CO
 1.49634e+10	0.00e+00	0.00e+00	4.00e-29	2.30e-19	5.08e-09	1.31e-03	9.99e-01	0.00e+00	0.00e+00	0.00e+00	0.00e+00	0.00e+00	0.00e+00
 4.54887e+10	0.00e+00	4.26e-39	5.49e-29	2.92e-19	5.96e-09	1.43e-03	9.99e-01	0.00e+00	0.00e+00	0.00e+00	0.00e+00	0.00e+00	0.00e+00
 7.72350e+10	0.00e+00	0.00e+00	7.55e-29	3.71e-19	7.00e-09	1.55e-03	9.98e-01	0.00e+00	0.00e+00	0.00e+00	0.00e+00	0.00e+00	2.67e-211
 1.10251e+11	0.00e+00	9.45e-39	1.04e-28	4.72e-19	8.24e-09	1.68e-03	9.98e-01	0.00e+00	0.00e+00	0.00e+00	0.00e+00	0.00e+00	1.48e-217
 1.42311e+11	0.00e+00	0.00e+00	1.40e-28	5.91e-19	9.58e-09	1.81e-03	9.98e-01	0.00e+00	0.00e+00	0.00e+00	0.00e+00	0.00e+00	1.44e-239
 1.72024e+11	0.00e+00	1.91e-38	1.83e-28	7.24e-19	1.10e-08	1.94e-03	9.98e-01	0.00e+00	0.00e+00	0.00e+00	0.00e+00	0.00e+00	1.50e-215
 2.05202e+11	0.00e+00	0.00e+00	2.45e-28	9.02e-19	1.27e-08	2.08e-03	9.98e-01	0.00e+00	0.00e+00	0.00e+00	0.00e+00	0.00e+00	1.84e-287
 2.43337e+11	0.00e+00	4.11e-38	3.38e-28	1.15e-18	1.50e-08	2.26e-03	9.98e-01	0.00e+00	0.00e+00	0.00e+00	0.00e+00	0.00e+00	1.37e-215
 2.80742e+11	0.00e+00	0.00e+00	4.58e-28	1.44e-18	1.75e-08	2.43e-03	9.98e-01	0.00e+00	0.00e+00	0.00e+00	0.00e+00	0.00e+00	1.45e-220
 3.19644e+11	0.00e+00	8.77e-38	6.22e-28	1.82e-18	2.05e-08	2.63e-03	9.97e-01	0.00e+00	0.00e+00	0.00e+00	0.00e+00	0.00e+00	0.00e+00
 3.57786e+11	0.00e+00	0.00e+00	8.29e-28	2.26e-18	2.37e-08	2.83e-03	9.97e-01	0.00e+00	0.00e+00	0.00e+00	0.00e+00	0.00e+00	0.00e+00
 3.90346e+11	0.00e+00	1.69e-37	1.05e-27	2.71e-18	2.67e-08	3.00e-03	9.97e-01	0.00e+00	0.00e+00	0.00e+00	0.00e+00	0.00e+00	8.72e-165
 4.25664e+11	0.00e+00	0.00e+00	1.36e-27	3.28e-18	3.05e-08	3.19e-03	9.97e-01	0.00e+00	0.00e+00	0.00e+00	0.00e+00	0.00e+00	7.39e-223
 4.69502e+11	0.00e+00	3.38e-37	1.84e-27	4.12e-18	3.56e-08	3.45e-03	9.97e-01	0.00e+00	0.00e+00	0.00e+00	0.00e+00	0.00e+00	8.79e-164
 5.15131e+11	0.00e+00	0.00e+00	2.49e-27	5.18e-18	4.15e-08	3.72e-03	9.96e-01	0.00e+00	0.00e+00	0.00e+00	0.00e+00	0.00e+00	3.31e-222
 5.57078e+11	0.00e+00	6.92e-37	3.27e-27	6.36e-18	4.77e-08	3.98e-03	9.96e-01	0.00e+00	0.00e+00	0.00e+00	0.00e+00	0.00e+00	9.61e-163
 6.03526e+11	0.00e+00	0.00e+00	4.38e-27	7.94e-18	5.55e-08	4.28e-03	9.96e-01	0.00e+00	0.00e+00	0.00e+00	0.00e+00	0.00e+00	8.43e-210
 6.57338e+11	0.00e+00	1.49e-36	6.07e-27	1.01e-17	6.55e-08	4.64e-03	9.95e-01	0.00e+00	0.00e+00	0.00e+00	0.00e+00	0.00e+00	1.24e-161
 7.10695e+11	5.61e-47	2.20e-36	8.28e-27	1.28e-17	7.68e-08	5.02e-03	9.95e-01	0.00e+00	0.00e+00	0.00e+00	0.00e+00	0.00e+00	0.00e+00
 7.66186e+11	0.00e+00	0.00e+00	1.13e-26	1.63e-17	9.02e-08	5.42e-03	9.95e-01	0.00e+00	0.00e+00	0.00e+00	0.00e+00	0.00e+00	6.37e-212
 8.26761e+11	0.00e+00	4.89e-36	1.58e-26	2.09e-17	1.07e-07	5.88e-03	9.94e-01	0.00e+00	0.00e+00	0.00e+00	0.00e+00	0.00e+00	7.97e-208
 8.89758e+11	2.39e-46	7.38e-36	2.19e-26	2.68e-17	1.27e-07	6.38e-03	9.94e-01	0.00e+00	0.00e+00	0.00e+00	0.00e+00	0.00e+00	1.55e-139
 9.55275e+11	0.00e+00	0.00e+00	3.06e-26	3.44e-17	1.50e-07	6.92e-03	9.93e-01	0.00e+00	0.00e+00	0.00e+00	0.00e+00	0.00e+00	7.04e-189
 1.01475e+12	0.00e+00	1.60e-35	4.09e-26	4.28e-17	1.74e-07	7.44e-03	9.93e-01	0.00e+00	0.00e+00	0.00e+00	0.00e+00	0.00e+00	3.28e-158
 1.06458e+12	8.62e-46	2.15e-35	5.19e-26	5.13e-17	1.97e-07	7.88e-03	9.92e-01	0.00e+00	0.00e+00	0.00e+00	0.00e+00	0.00e+00	0.00e+00
 1.11922e+12	0.00e+00	0.00e+00	6.70e-26	6.22e-17	2.25e-07	8.39e-03	9.92e-01	0.00e+00	0.00e+00	0.00e+00	0.00e+00	0.00e+00	0.00e+00
 1.18807e+12	0.00e+00	4.36e-35	9.16e-26	7.87e-17	2.64e-07	9.05e-03	9.91e-01	0.00e+00	0.00e+00	0.00e+00	0.00e+00	0.00e+00	6.71e-206
 1.25842e+12	3.17e-45	6.39e-35	1.25e-25	9.93e-17	3.09e-07	9.76e-03	9.90e-01	0.00e+00	0.00e+00	0.00e+00	0.00e+00	0.00e+00	8.58e-137
 1.31946e+12	0.00e+00	8.82e-35	1.61e-25	1.21e-16	3.53e-07	1.04e-02	9.90e-01	0.00e+00	0.00e+00	0.00e+00	0.00e+00	0.00e+00	0.00e+00
 1.38537e+12	7.04e-45	1.24e-34	2.13e-25	1.49e-16	4.07e-07	1.11e-02	9.89e-01	0.00e+00	0.00e+00	0.00e+00	0.00e+00	0.00e+00	5.97e-136
 1.46604e+12	0.00e+00	1.86e-34	2.95e-25	1.90e-16	4.81e-07	1.20e-02	9.88e-01	0.00e+00	0.00e+00	0.00e+00	0.00e+00	0.00e+00	0.00e+00
 1.54732e+12	1.83e-44	2.77e-34	4.05e-25	2.41e-16	5.65e-07	1.30e-02	9.87e-01	0.00e+00	0.00e+00	0.00e+00	0.00e+00	0.00e+00	6.10e-135
 1.62006e+12	0.00e+00	3.92e-34	5.36e-25	2.98e-16	6.53e-07	1.39e-02	9.86e-01	0.00e+00	0.00e+00	0.00e+00	0.00e+00	0.00e+00	0.00e+00
 1.70026e+12	4.34e-44	5.68e-34	7.23e-25	3.73e-16	7.61e-07	1.49e-02	9.85e-01	0.00e+00	0.00e+00	0.00e+00	0.00e+00	0.00e+00	4.89e-134
 1.79547e+12	0.00e+00	8.71e-34	1.02e-24	4.84e-16	9.08e-07	1.62e-02	9.84e-01	0.00e+00	0.00e+00	0.00e+00	0.00e+00	0.00e+00	0.00e+00
 1.88944e+12	1.19e-43	1.31e-33	1.42e-24	6.20e-16	1.07e-06	1.75e-02	9.82e-01	0.00e+00	0.00e+00	0.00e+00	0.00e+00	0.00e+00	5.50e-133
 1.97374e+12	0.00e+00	1.89e-33	1.90e-24	7.72e-16	1.25e-06	1.88e-02	9.81e-01	0.00e+00	0.00e+00	0.00e+00	0.00e+00	0.00e+00	0.00e+00
 2.06623e+12	2.89e-43	2.77e-33	2.58e-24	9.74e-16	1.46e-06	2.02e-02	9.80e-01	0.00e+00	0.00e+00	0.00e+00	0.00e+00	0.00e+00	4.67e-132
 2.17584e+12	0.00e+00	4.32e-33	3.70e-24	1.27e-15	1.75e-06	2.20e-02	9.78e-01	0.00e+00	0.00e+00	0.00e+00	0.00e+00	0.00e+00	0.00e+00
 2.28482e+12	8.28e-43	6.65e-33	5.23e-24	1.65e-15	2.09e-06	2.39e-02	9.76e-01	0.00e+00	0.00e+00	0.00e+00	0.00e+00	0.00e+00	5.76e-131
 2.38561e+12	0.00e+00	9.79e-33	7.14e-24	2.09e-15	2.45e-06	2.57e-02	9.74e-01	0.00e+00	0.00e+00	0.00e+00	0.00e+00	0.00e+00	0.00e+00
 2.49840e+12	2.19e-42	1.50e-32	1.00e-23	2.70e-15	2.92e-06	2.78e-02	9.72e-01	0.00e+00	0.00e+00	0.00e+00	0.00e+00	0.00e+00	5.83e-130
 2.62827e+12	0.00e+00	2.40e-32	1.47e-23	3.58e-15	3.54e-06	3.04e-02	9.70e-01	0.00e+00	0.00e+00	0.00e+00	0.00e+00	0.00e+00	0.00e+00
 2.75550e+12	6.64e-42	3.77e-32	2.11e-23	4.70e-15	4.26e-06	3.31e-02	9.67e-01	0.00e+00	0.00e+00	0.00e+00	0.00e+00	0.00e+00	8.05e-129
 2.87747e+12	0.00e+00	5.73e-32	2.96e-23	6.05e-15	5.05e-06	3.58e-02	9.64e-01	0.00e+00	0.00e+00	0.00e+00	0.00e+00	0.00e+00	0.00e+00
 2.98950e+12	1.72e-41	8.33e-32	4.00e-23	7.58e-15	5.88e-06	3.84e-02	9.62e-01	0.00e+00	0.00e+00	0.00e+00	0.00e+00	0.00e+00	7.64e-128
 3.09035e+12	0.00e+00	1.16e-31	5.21e-23	9.24e-15	6.73e-06	4.09e-02	9.59e-01	0.00e+00	0.00e+00	0.00e+00	0.00e+00	0.00e+00	0.00e+00
 3.20481e+12	3.96e-41	1.66e-31	6.99e-23	1.15e-14	7.80e-06	4.37e-02	9.56e-01	0.00e+00	0.00e+00	0.00e+00	0.00e+00	0.00e+00	5.42e-127
 3.34986e+12	0.00e+00	2.60e-31	1.00e-22	1.51e-14	9.36e-06	4.75e-02	9.52e-01	0.00e+00	0.00e+00	0.00e+00	0.00e+00	0.00e+00	0.00e+00
 3.49959e+12	1.16e-40	4.07e-31	1.44e-22	1.97e-14	1.12e-05	5.17e-02	9.48e-01	0.00e+00	0.00e+00	0.00e+00	0.00e+00	0.00e+00	6.78e-126
 3.62273e+12	0.00e+00	5.81e-31	1.91e-22	2.44e-14	1.30e-05	5.52e-02	9.45e-01	0.00e+00	0.00e+00	0.00e+00	0.00e+00	0.00e+00	0.00e+00
 3.74638e+12	2.69e-40	8.22e-31	2.53e-22	3.01e-14	1.49e-05	5.89e-02	9.41e-01	0.00e+00	0.00e+00	0.00e+00	0.00e+00	0.00e+00	4.93e-125
 3.90711e+12	0.00e+00	1.27e-30	3.60e-22	3.91e-14	1.78e-05	6.38e-02	9.36e-01	0.00e+00	0.00e+00	0.00e+00	0.00e+00	0.00e+00	0.00e+00
 4.07136e+12	7.63e-40	1.96e-30	5.09e-22	5.07e-14	2.12e-05	6.91e-02	9.31e-01	0.00e+00	0.00e+00	0.00e+00	0.00e+00	0.00e+00	5.70e-124
 4.20535e+12	0.00e+00	2.75e-30	6.69e-22	6.22e-14	2.43e-05	7.35e-02	9.26e-01	0.00e+00	0.00e+00	0.00e+00	0.00e+00	0.00e+00	0.00e+00
 4.34472e+12	1.73e-39	3.87e-30	8.82e-22	7.64e-14	2.79e-05	7.83e-02	9.22e-01	0.00e+00	0.00e+00	0.00e+00	0.00e+00	0.00e+00	3.92e-123
 4.52591e+12	0.00e+00	5.95e-30	1.25e-21	9.90e-14	3.31e-05	8.47e-02	9.15e-01	0.00e+00	0.00e+00	0.00e+00	0.00e+00	0.00e+00	0.00e+00
 4.71461e+12	4.87e-39	9.16e-30	1.77e-21	1.28e-13	3.94e-05	9.16e-02	9.08e-01	0.00e+00	0.00e+00	0.00e+00	0.00e+00	0.00e+00	4.47e-122
 4.87394e+12	0.00e+00	1.30e-29	2.34e-21	1.58e-13	4.53e-05	9.76e-02	9.02e-01	0.00e+00	0.00e+00	0.00e+00	0.00e+00	0.00e+00	0.00e+00
 5.04191e+12	1.14e-38	1.86e-29	3.13e-21	1.96e-13	5.23e-05	1.04e-01	8.96e-01	0.00e+00	0.00e+00	0.00e+00	0.00e+00	0.00e+00	3.33e-121
 5.25456e+12	0.00e+00	2.88e-29	4.45e-21	2.55e-13	6.22e-05	1.13e-01	8.87e-01	0.00e+00	0.00e+00	0.00e+00	0.00e+00	0.00e+00	0.00e+00
 5.47321e+12	3.24e-38	4.43e-29	6.30e-21	3.31e-13	7.39e-05	1.22e-01	8.78e-01	0.00e+00	0.00e+00	0.00e+00	0.00e+00	0.00e+00	3.91e-120
 5.66296e+12	0.00e+00	6.35e-29	8.42e-21	4.11e-13	8.52e-05	1.30e-01	8.70e-01	0.00e+00	0.00e+00	0.00e+00	0.00e+00	0.00e+00	0.00e+00
 5.86719e+12	7.82e-38	9.23e-29	1.14e-20	5.14e-13	9.88e-05	1.38e-01	8.61e-01	0.00e+00	0.00e+00	0.00e+00	0.00e+00	0.00e+00	3.15e-119
 6.11723e+12	0.00e+00	1.43e-28	1.62e-20	6.70e-13	1.18e-04	1.49e-01	8.50e-01	0.00e+00	0.00e+00	0.00e+00	0.00e+00	0.00e+00	0.00e+00
 6.37237e+12	2.22e-37	2.21e-28	2.30e-20	8.67e-13	1.39e-04	1.61e-01	8.39e-01	0.00e+00	0.00e+00	0.00e+00	0.00e+00	0.00e+00	3.78e-118
 6.60543e+12	0.00e+00	3.22e-28	3.12e-20	1.09e-12	1.62e-04	1.72e-01	8.28e-01	0.00e+00	0.00e+00	0.00e+00	0.00e+00	0.00e+00	0.00e+00
 6.82362e+12	5.28e-37	4.53e-28	4.10e-20	1.33e-12	1.85e-04	1.82e-01	8.18e-01	0.00e+00	0.00e+00	0.00e+00	0.00e+00	0.00e+00	2.96e-117
 7.06667e+12	0.00e+00	6.53e-28	5.51e-20	1.66e-12	2.13e-04	1.94e-01	8.06e-01	0.00e+00	0.00e+00	0.00e+00	0.00e+00	0.00e+00	0.00e+00
 7.32989e+12	1.30e-36	9.59e-28	7.51e-20	2.09e-12	2.47e-04	2.07e-01	7.93e-01	0.00e+00	0.00e+00	0.00e+00	0.00e+00	0.00e+00	2.55e-116
 7.56571e+12	0.00e+00	1.34e-27	9.81e-20	2.55e-12	2.81e-04	2.18e-01	7.82e-01	0.00e+00	0.00e+00	0.00e+00	0.00e+00	0.00e+00	2.53e-100
 7.77443e+12	2.72e-36	1.77e-27	1.23e-19	3.02e-12	3.13e-04	2.28e-01	7.71e-01	0.00e+00	0.00e+00	0.00e+00	0.00e+00	0.00e+00	0.00e+00
 8.00156e+12	0.00e+00	2.39e-27	1.57e-19	3.61e-12	3.52e-04	2.40e-01	7.60e-01	0.00e+00	0.00e+00	0.00e+00	0.00e+00	0.00e+00	3.34e-132
 8.29682e+12	6.15e-36	3.49e-27	2.13e-19	4.51e-12	4.06e-04	2.55e-01	7.45e-01	0.00e+00	0.00e+00	0.00e+00	0.00e+00	0.00e+00	6.71e-98
 8.59890e+12	0.00e+00	5.07e-27	2.87e-19	5.63e-12	4.68e-04	2.70e-01	7.30e-01	0.00e+00	0.00e+00	0.00e+00	0.00e+00	0.00e+00	0.00e+00
 8.84693e+12	1.37e-35	6.81e-27	3.64e-19	6.71e-12	5.24e-04	2.82e-01	7.17e-01	0.00e+00	0.00e+00	0.00e+00	0.00e+00	0.00e+00	7.32e-114
 9.10649e+12	0.00e+00	9.18e-27	4.63e-19	8.01e-12	5.86e-04	2.96e-01	7.04e-01	0.00e+00	0.00e+00	0.00e+00	0.00e+00	0.00e+00	2.99e-98
 9.44391e+12	3.09e-35	1.34e-26	6.27e-19	1.00e-11	6.75e-04	3.13e-01	6.87e-01	0.00e+00	0.00e+00	0.00e+00	0.00e+00	0.00e+00	0.00e+00
 9.80011e+12	0.00e+00	1.96e-26	8.54e-19	1.26e-11	7.79e-04	3.31e-01	6.68e-01	0.00e+00	0.00e+00	0.00e+00	0.00e+00	0.00e+00	2.68e-129
 1.01090e+13	7.19e-35	2.70e-26	1.10e-18	1.52e-11	8.77e-04	3.46e-01	6.53e-01	0.00e+00	0.00e+00	0.00e+00	0.00e+00	0.00e+00	1.08e-95
 1.04390e+13	1.07e-34	3.75e-26	1.44e-18	1.84e-11	9.91e-04	3.63e-01	6.36e-01	0.00e+00	0.00e+00	0.00e+00	0.00e+00	0.00e+00	1.06e-111
 1.08529e+13	1.73e-34	5.59e-26	1.99e-18	2.33e-11	1.15e-03	3.83e-01	6.15e-01	0.00e+00	0.00e+00	0.00e+00	0.00e+00	0.00e+00	6.59e-95
 1.12799e+13	2.78e-34	8.30e-26	2.73e-18	2.95e-11	1.33e-03	4.04e-01	5.94e-01	0.00e+00	0.00e+00	0.00e+00	0.00e+00	0.00e+00	1.09e-110
 1.16595e+13	4.17e-34	1.16e-25	3.59e-18	3.59e-11	1.50e-03	4.23e-01	5.76e-01	0.00e+00	0.00e+00	0.00e+00	0.00e+00	0.00e+00	4.08e-94
 1.20739e+13	6.39e-34	1.66e-25	4.77e-18	4.43e-11	1.70e-03	4.42e-01	5.56e-01	0.00e+00	0.00e+00	0.00e+00	0.00e+00	0.00e+00	8.32e-110
 1.25692e+13	1.04e-33	2.50e-25	6.64e-18	5.63e-11	1.97e-03	4.65e-01	5.33e-01	0.00e+00	0.00e+00	0.00e+00	0.00e+00	0.00e+00	2.72e-93
 1.30714e+13	1.69e-33	3.72e-25	9.15e-18	7.11e-11	2.27e-03	4.88e-01	5.10e-01	0.00e+00	0.00e+00	0.00e+00	0.00e+00	0.00e+00	8.97e-109
 1.35201e+13	2.54e-33	5.23e-25	1.20e-17	8.69e-11	2.56e-03	5.07e-01	4.90e-01	0.00e+00	0.00e+00	0.00e+00	0.00e+00	0.00e+00	1.70e-92
 1.39977e+13	3.86e-33	7.41e-25	1.60e-17	1.07e-10	2.90e-03	5.27e-01	4.70e-01	0.00e+00	0.00e+00	0.00e+00	0.00e+00	0.00e+00	6.89e-108
 1.45369e+13	6.10e-33	1.08e-24	2.17e-17	1.33e-10	3.31e-03	5.49e-01	4.47e-01	0.00e+00	0.00e+00	0.00e+00	0.00e+00	0.00e+00	1.03e-91
 1.50513e+13	9.26e-33	1.54e-24	2.88e-17	1.63e-10	3.73e-03	5.69e-01	4.27e-01	0.00e+00	0.00e+00	0.00e+00	0.00e+00	0.00e+00	5.96e-107
 1.56152e+13	1.43e-32	2.21e-24	3.87e-17	2.02e-10	4.23e-03	5.90e-01	4.05e-01	0.00e+00	0.00e+00	0.00e+00	0.00e+00	0.00e+00	5.99e-91
 1.61599e+13	2.16e-32	3.11e-24	5.11e-17	2.48e-10	4.76e-03	6.10e-01	3.85e-01	0.00e+00	0.00e+00	0.00e+00	0.00e+00	0.00e+00	4.86e-106
 1.65579e+13	2.88e-32	3.96e-24	6.20e-17	2.85e-10	5.16e-03	6.23e-01	3.72e-01	0.00e+00	0.00e+00	0.00e+00	0.00e+00	0.00e+00	2.49e-90
 1.69536e+13	3.80e-32	4.98e-24	7.48e-17	3.26e-10	5.58e-03	6.36e-01	3.58e-01	0.00e+00	0.00e+00	0.00e+00	0.00e+00	0.00e+00	1.98e-105
 1.74679e+13	5.39e-32	6.67e-24	9.48e-17	3.87e-10	6.16e-03	6.52e-01	3.42e-01	0.00e+00	0.00e+00	0.00e+00	0.00e+00	0.00e+00	8.99e-90
 1.80281e+13	7.79e-32	9.08e-24	1.22e-16	4.64e-10	6.83e-03	6.69e-01	3.24e-01	0.00e+00	0.00e+00	0.00e+00	0.00e+00	0.00e+00	1.18e-104
 1.85337e+13	1.07e-31	1.19e-23	1.52e-16	5.43e-10	7.47e-03	6.83e-01	3.10e-01	0.00e+00	0.00e+00	0.00e+00	0.00e+00	0.00e+00	3.66e-89
 1.90770e+13	1.49e-31	1.56e-23	1.90e-16	6.38e-10	8.18e-03	6.97e-01	2.95e-01	0.00e+00	0.00e+00	0.00e+00	0.00e+00	0.00e+00	6.04e-104
 1.97832e+13	2.25e-31	2.21e-23	2.52e-16	7.82e-10	9.17e-03	7.14e-01	2.77e-01	0.00e+00	0.00e+00	0.00e+00	0.00e+00	0.00e+00	1.68e-88
 2.04996e+13	3.37e-31	3.10e-23	3.32e-16	9.55e-10	1.02e-02	7.30e-01	2.59e-01	0.00e+00	0.00e+00	0.00e+00	0.00e+00	0.00e+00	4.71e-103
 2.10775e+13	4.59e-31	4.01e-23	4.10e-16	1.11e-09	1.11e-02	7.42e-01	2.46e-01	0.00e+00	0.00e+00	0.00e+00	0.00e+00	0.00e+00	7.21e-88
 2.16769e+13	6.25e-31	5.19e-23	5.06e-16	1.29e-09	1.21e-02	7.54e-01	2.34e-01	0.00e+00	0.00e+00	0.00e+00	0.00e+00	0.00e+00	2.27e-102
 2.24560e+13	9.20e-31	7.18e-23	6.60e-16	1.56e-09	1.34e-02	7.68e-01	2.19e-01	0.00e+00	0.00e+00	0.00e+00	0.00e+00	0.00e+00	3.04e-87
 2.32947e+13	1.37e-30	1.00e-22	8.67e-16	1.90e-09	1.50e-02	7.81e-01	2.04e-01	0.00e+00	0.00e+00	0.00e+00	0.00e+00	0.00e+00	1.69e-101
 2.40456e+13	1.92e-30	1.33e-22	1.09e-15	2.24e-09	1.64e-02	7.92e-01	1.92e-01	0.00e+00	0.00e+00	0.00e+00	0.00e+00	0.00e+00	1.41e-86
 2.48567e+13	2.73e-30	1.78e-22	1.38e-15	2.65e-09	1.79e-02	8.02e-01	1.80e-01	0.00e+00	0.00e+00	0.00e+00	0.00e+00	0.00e+00	1.02e-100
 2.58364e+13	4.10e-30	2.50e-22	1.82e-15	3.23e-09	1.99e-02	8.13e-01	1.67e-01	0.00e+00	0.00e+00	0.00e+00	0.00e+00	0.00e+00	6.99e-86
 2.67375e+13	5.86e-30	3.38e-22	2.32e-15	3.83e-09	2.18e-02	8.22e-01	1.56e-01	0.00e+00	0.00e+00	0.00e+00	0.00e+00	0.00e+00	7.52e-100
 2.74397e+13	7.66e-30	4.22e-22	2.78e-15	4.35e-09	2.33e-02	8.29e-01	1.48e-01	0.00e+00	0.00e+00	0.00e+00	0.00e+00	0.00e+00	2.66e-85
 2.81810e+13	1.01e-29	5.28e-22	3.32e-15	4.93e-09	2.49e-02	8.35e-01	1.40e-01	0.00e+00	0.00e+00	0.00e+00	0.00e+00	0.00e+00	3.16e-99
 2.91447e+13	1.42e-29	7.03e-22	4.18e-15	5.80e-09	2.71e-02	8.42e-01	1.31e-01	0.00e+00	0.00e+00	0.00e+00	0.00e+00	0.00e+00	1.02e-84
 3.01940e+13	2.03e-29	9.47e-22	5.31e-15	6.86e-09	2.96e-02	8.48e-01	1.22e-01	0.00e+00	0.00e+00	0.00e+00	0.00e+00	0.00e+00	2.07e-98
 3.11442e+13	2.78e-29	1.23e-21	6.53e-15	7.93e-09	3.19e-02	8.53e-01	1.15e-01	0.00e+00	0.00e+00	0.00e+00	0.00e+00	0.00e+00	4.46e-84
 3.20063e+13	3.66e-29	1.54e-21	7.81e-15	8.98e-09	3.41e-02	8.57e-01	1.09e-01	0.00e+00	0.00e+00	0.00e+00	0.00e+00	0.00e+00	1.01e-97
 3.29641e+13	4.91e-29	1.96e-21	9.45e-15	1.03e-08	3.65e-02	8.61e-01	1.02e-01	0.00e+00	0.00e+00	0.00e+00	0.00e+00	0.00e+00	1.59e-83
 3.41905e+13	7.08e-29	2.65e-21	1.20e-14	1.21e-08	3.97e-02	8.65e-01	9.50e-02	0.00e+00	0.00e+00	0.00e+00	0.00e+00	0.00e+00	6.03e-97
 3.54490e+13	1.01e-28	3.55e-21	1.51e-14	1.42e-08	4.31e-02	8.69e-01	8.82e-02	0.00e+00	0.00e+00	0.00e+00	0.00e+00	0.00e+00	8.14e-83
 3.65268e+13	1.36e-28	4.53e-21	1.83e-14	1.62e-08	4.61e-02	8.71e-01	8.29e-02	0.00e+00	0.00e+00	0.00e+00	0.00e+00	0.00e+00	3.62e-96
 3.76868e+13	1.86e-28	5.84e-21	2.23e-14	1.86e-08	4.95e-02	8.73e-01	7.77e-02	0.00e+00	0.00e+00	0.00e+00	0.00e+00	0.00e+00	3.21e-82
 3.91243e+13	2.69e-28	7.89e-21	2.82e-14	2.18e-08	5.36e-02	8.74e-01	7.20e-02	0.00e+00	0.00e+00	0.00e+00	0.00e+00	0.00e+00	2.34e-95
 4.06088e+13	3.88e-28	1.06e-20	3.55e-14	2.55e-08	5.81e-02	8.75e-01	6.66e-02	0.00e+00	0.00e+00	0.00e+00	0.00e+00	0.00e+00	1.75e-81
 4.19520e+13	5.33e-28	1.38e-20	4.35e-14	2.93e-08	6.22e-02	8.76e-01	6.22e-02	0.00e+00	0.00e+00	0.00e+00	0.00e+00	0.00e+00	1.56e-94
 4.34250e+13	7.48e-28	1.82e-20	5.38e-14	3.39e-08	6.69e-02	8.75e-01	5.79e-02	0.00e+00	0.00e+00	0.00e+00	0.00e+00	0.00e+00	8.02e-81
 4.51577e+13	1.10e-27	2.48e-20	6.83e-14	3.98e-08	7.25e-02	8.74e-01	5.33e-02	0.00e+00	0.00e+00	0.00e+00	0.00e+00	0.00e+00	1.15e-93
 4.68649e+13	1.57e-27	3.32e-20	8.57e-14	4.65e-08	7.82e-02	8.73e-01	4.92e-02	0.00e+00	0.00e+00	0.00e+00	0.00e+00	0.00e+00	4.53e-80
 4.83644e+13	2.14e-27	4.26e-20	1.04e-13	5.29e-08	8.34e-02	8.71e-01	4.60e-02	0.00e+00	0.00e+00	0.00e+00	0.00e+00	0.00e+00	7.38e-93
 4.99570e+13	2.93e-27	5.49e-20	1.26e-13	6.04e-08	8.89e-02	8.68e-01	4.29e-02	0.00e+00	0.00e+00	0.00e+00	0.00e+00	0.00e+00	1.93e-79
 5.18893e+13	4.23e-27	7.40e-20	1.58e-13	7.03e-08	9.58e-02	8.65e-01	3.95e-02	0.00e+00	0.00e+00	0.00e+00	0.00e+00	0.00e+00	5.00e-92
 5.38161e+13	6.01e-27	9.85e-20	1.98e-13	8.17e-08	1.03e-01	8.61e-01	3.64e-02	0.00e+00	0.00e+00	0.00e+00	0.00e+00	0.00e+00	1.04e-78
 5.55280e+13	8.13e-27	1.26e-19	2.38e-13	9.26e-08	1.09e-01	8.57e-01	3.39e-02	0.00e+00	0.00e+00	0.00e+00	0.00e+00	0.00e+00	3.13e-91
 5.71369e+13	1.07e-26	1.57e-19	2.82e-13	1.04e-07	1.16e-01	8.53e-01	3.18e-02	0.00e+00	0.00e+00	0.00e+00	0.00e+00	0.00e+00	4.09e-78
 5.86785e+13	1.38e-26	1.93e-19	3.31e-13	1.15e-07	1.22e-01	8.48e-01	3.00e-02	0.00e+00	0.00e+00	0.00e+00	0.00e+00	0.00e+00	1.40e-90
 6.04038e+13	1.83e-26	2.42e-19	3.93e-13	1.29e-07	1.28e-01	8.44e-01	2.81e-02	0.00e+00	0.00e+00	0.00e+00	0.00e+00	0.00e+00	1.45e-77
 6.23121e+13	2.46e-26	3.08e-19	4.73e-13	1.46e-07	1.36e-01	8.38e-01	2.61e-02	0.00e+00	0.00e+00	0.00e+00	0.00e+00	0.00e+00	7.08e-90
 6.40692e+13	3.21e-26	3.81e-19	5.57e-13	1.63e-07	1.43e-01	8.32e-01	2.45e-02	0.00e+00	0.00e+00	0.00e+00	0.00e+00	0.00e+00	5.47e-77
 6.59639e+13	4.23e-26	4.77e-19	6.60e-13	1.83e-07	1.51e-01	8.26e-01	2.29e-02	0.00e+00	0.00e+00	0.00e+00	0.00e+00	0.00e+00	3.32e-89
 6.80947e+13	5.72e-26	6.09e-19	7.98e-13	2.07e-07	1.60e-01	8.19e-01	2.12e-02	0.00e+00	0.00e+00	0.00e+00	0.00e+00	0.00e+00	2.15e-76
 7.01067e+13	7.54e-26	7.61e-19	9.45e-13	2.32e-07	1.69e-01	8.12e-01	1.98e-02	0.00e+00	0.00e+00	0.00e+00	0.00e+00	0.00e+00	4.16e-76
 7.22968e+13	1.01e-25	9.63e-19	1.13e-12	2.61e-07	1.78e-01	8.04e-01	1.84e-02	0.00e+00	0.00e+00	0.00e+00	0.00e+00	0.00e+00	8.34e-76
 7.47432e+13	1.38e-25	1.24e-18	1.37e-12	2.97e-07	1.89e-01	7.94e-01	1.69e-02	0.00e+00	0.00e+00	0.00e+00	0.00e+00	0.00e+00	1.74e-75
 7.70404e+13	1.83e-25	1.56e-18	1.63e-12	3.33e-07	1.99e-01	7.85e-01	1.57e-02	0.00e+00	0.00e+00	0.00e+00	0.00e+00	0.00e+00	3.45e-75
 7.95443e+13	2.47e-25	1.99e-18	1.97e-12	3.77e-07	2.10e-01	7.75e-01	1.45e-02	0.00e+00	0.00e+00	0.00e+00	0.00e+00	0.00e+00	6.99e-75
 8.23447e+13	3.41e-25	2.58e-18	2.40e-12	4.30e-07	2.23e-01	7.64e-01	1.33e-02	0.00e+00	0.00e+00	0.00e+00	0.00e+00	0.00e+00	1.52e-74
 8.50059e+13	4.58e-25	3.27e-18	2.89e-12	4.86e-07	2.35e-01	7.53e-01	1.22e-02	0.00e+00	0.00e+00	0.00e+00	0.00e+00	0.00e+00	3.04e-74
 8.75564e+13	6.02e-25	4.08e-18	3.41e-12	5.42e-07	2.46e-01	7.42e-01	1.13e-02	0.00e+00	0.00e+00	0.00e+00	0.00e+00	0.00e+00	5.86e-74
 9.04877e+13	8.16e-25	5.22e-18	4.11e-12	6.12e-07	2.60e-01	7.30e-01	1.04e-02	0.00e+00	0.00e+00	0.00e+00	0.00e+00	0.00e+00	1.23e-73
 9.37883e+13	1.13e-24	6.80e-18	5.04e-12	6.99e-07	2.75e-01	7.16e-01	9.45e-03	0.00e+00	0.00e+00	0.00e+00	0.00e+00	0.00e+00	2.67e-73
 9.69056e+13	1.53e-24	8.66e-18	6.05e-12	7.87e-07	2.89e-01	7.02e-01	8.67e-03	0.00e+00	0.00e+00	0.00e+00	0.00e+00	0.00e+00	5.54e-73
 1.00295e+14	2.09e-24	1.11e-17	7.34e-12	8.93e-07	3.05e-01	6.88e-01	7.88e-03	0.00e+00	0.00e+00	0.00e+00	0.00e+00	0.00e+00	1.16e-72
 1.04041e+14	2.91e-24	1.45e-17	8.99e-12	1.02e-06	3.21e-01	6.72e-01	7.13e-03	0.00e+00	0.00e+00	0.00e+00	0.00e+00	0.00e+00	2.61e-72
 1.07533e+14	3.92e-24	1.85e-17	1.08e-11	1.14e-06	3.37e-01	6.57e-01	6.50e-03	0.00e+00	0.00e+00	0.00e+00	0.00e+00	0.00e+00	5.41e-72
 1.11356e+14	5.37e-24	2.38e-17	1.31e-11	1.29e-06	3.54e-01	6.40e-01	5.89e-03	0.00e+00	0.00e+00	0.00e+00	0.00e+00	0.00e+00	1.16e-71
 1.15630e+14	7.49e-24	3.11e-17	1.60e-11	1.48e-06	3.72e-01	6.22e-01	5.28e-03	0.00e+00	0.00e+00	0.00e+00	0.00e+00	0.00e+00	2.60e-71
 1.19656e+14	1.02e-23	3.97e-17	1.93e-11	1.66e-06	3.89e-01	6.06e-01	4.78e-03	0.00e+00	0.00e+00	0.00e+00	0.00e+00	0.00e+00	5.49e-71
 1.24015e+14	1.40e-23	5.13e-17	2.33e-11	1.87e-06	4.08e-01	5.88e-01	4.31e-03	0.00e+00	0.00e+00	0.00e+00	1.65e-17	3.48e-17	1.21e-70
 1.29006e+14	1.97e-23	6.75e-17	2.87e-11	2.14e-06	4.28e-01	5.68e-01	3.83e-03	0.00e+00	0.00e+00	0.00e+00	2.24e-17	4.51e-17	2.79e-70
 1.33847e+14	2.72e-23	8.73e-17	3.48e-11	2.41e-06	4.47e-01	5.49e-01	3.43e-03	0.00e+00	0.00e+00	0.00e+00	2.89e-17	5.83e-17	6.25e-70
 1.38052e+14	3.56e-23	1.08e-16	4.09e-11	2.67e-06	4.63e-01	5.34e-01	3.12e-03	0.00e+00	0.00e+00	0.00e+00	3.59e-17	7.23e-17	1.22e-69
 1.41565e+14	4.42e-23	1.29e-16	4.66e-11	2.89e-06	4.76e-01	5.21e-01	2.89e-03	0.00e+00	0.00e+00	0.00e+00	4.27e-17	8.60e-17	2.10e-69
 1.45259e+14	5.53e-23	1.54e-16	5.31e-11	3.13e-06	4.90e-01	5.07e-01	2.67e-03	0.00e+00	0.00e+00	0.00e+00	5.09e-17	1.03e-16	3.68e-69
 1.50060e+14	7.34e-23	1.92e-16	6.26e-11	3.46e-06	5.07e-01	4.91e-01	2.42e-03	0.00e+00	0.00e+00	0.00e+00	6.38e-17	1.29e-16	7.56e-69
 1.55044e+14	9.66e-23	2.39e-16	7.40e-11	3.84e-06	5.24e-01	4.74e-01	2.18e-03	0.00e+00	0.00e+00	0.00e+00	7.94e-17	1.60e-16	1.50e-68
 1.59204e+14	1.21e-22	2.87e-16	8.44e-11	4.16e-06	5.38e-01	4.60e-01	2.00e-03	0.00e+00	0.00e+00	0.00e+00	9.50e-17	1.92e-16	2.68e-68
 1.63550e+14	1.53e-22	3.44e-16	9.64e-11	4.50e-06	5.51e-01	4.47e-01	1.84e-03	0.00e+00	0.00e+00	0.00e+00	1.14e-16	2.30e-16	4.84e-68
 1.69200e+14	2.05e-22	4.33e-16	1.14e-10	4.98e-06	5.68e-01	4.30e-01	1.65e-03	0.00e+00	0.00e+00	0.00e+00	1.44e-16	2.90e-16	1.03e-67
 1.75133e+14	2.73e-22	5.44e-16	1.35e-10	5.51e-06	5.86e-01	4.13e-01	1.48e-03	0.00e+00	0.00e+00	0.00e+00	1.80e-16	3.63e-16	2.12e-67
 1.80204e+14	3.47e-22	6.57e-16	1.55e-10	5.98e-06	6.00e-01	3.99e-01	1.35e-03	0.00e+00	0.00e+00	0.00e+00	2.18e-16	4.39e-16	3.97e-67
 1.85566e+14	4.46e-22	7.98e-16	1.78e-10	6.49e-06	6.14e-01	3.85e-01	1.22e-03	0.00e+00	0.00e+00	0.00e+00	2.65e-16	5.34e-16	7.55e-67
 1.92383e+14	6.06e-22	1.02e-15	2.12e-10	7.17e-06	6.31e-01	3.68e-01	1.09e-03	0.00e+00	0.00e+00	0.00e+00	3.37e-16	6.79e-16	1.69e-66
 1.99508e+14	8.16e-22	1.28e-15	2.52e-10	7.94e-06	6.48e-01	3.51e-01	9.64e-04	0.00e+00	0.00e+00	0.00e+00	4.25e-16	8.58e-16	3.65e-66
 2.05796e+14	1.06e-21	1.57e-15	2.91e-10	8.63e-06	6.62e-01	3.37e-01	8.70e-04	0.00e+00	0.00e+00	0.00e+00	5.21e-16	1.05e-15	7.22e-66
 2.12582e+14	1.39e-21	1.95e-15	3.38e-10	9.40e-06	6.77e-01	3.22e-01	7.81e-04	0.00e+00	0.00e+00	0.00e+00	6.45e-16	1.30e-15	1.49e-65
 2.20761e+14	1.89e-21	2.47e-15	4.03e-10	1.04e-05	6.93e-01	3.06e-01	6.87e-04	0.00e+00	0.00e+00	0.00e+00	8.18e-16	1.65e-15	3.32e-65
 2.28923e+14	2.56e-21	3.12e-15	4.75e-10	1.14e-05	7.08e-01	2.91e-01	6.08e-04	0.00e+00	0.00e+00	0.00e+00	1.03e-15	2.09e-15	7.39e-65
 2.36343e+14	3.34e-21	3.84e-15	5.49e-10	1.24e-05	7.21e-01	2.78e-01	5.45e-04	0.00e+00	0.00e+00	0.00e+00	1.27e-15	2.57e-15	1.50e-64
 2.44625e+14	4.43e-21	4.78e-15	6.41e-10	1.35e-05	7.35e-01	2.65e-01	4.84e-04	0.00e+00	0.00e+00	0.00e+00	1.58e-15	3.20e-15	3.19e-64
 2.54308e+14	6.09e-21	6.13e-15	7.64e-10	1.49e-05	7.50e-01	2.50e-01	4.23e-04	0.00e+00	0.00e+00	0.00e+00	2.03e-15	4.10e-15	7.47e-64
 2.63873e+14	8.23e-21	7.74e-15	9.01e-10	1.63e-05	7.63e-01	2.36e-01	3.72e-04	0.00e+00	0.00e+00	0.00e+00	2.56e-15	5.18e-15	1.67e-63
 2.72905e+14	1.08e-20	9.56e-15	1.05e-09	1.77e-05	7.75e-01	2.25e-01	3.31e-04	0.00e+00	0.00e+00	0.00e+00	3.16e-15	6.40e-15	3.47e-63
 2.82935e+14	1.45e-20	1.20e-14	1.23e-09	1.93e-05	7.87e-01	2.12e-01	2.92e-04	0.00e+00	0.00e+00	0.00e+00	3.96e-15	8.02e-15	7.63e-63
 2.94282e+14	1.99e-20	1.53e-14	1.46e-09	2.12e-05	8.00e-01	2.00e-01	2.54e-04	0.00e+00	0.00e+00	0.00e+00	5.06e-15	1.03e-14	1.80e-62
 3.03893e+14	2.57e-20	1.87e-14	1.68e-09	2.28e-05	8.10e-01	1.90e-01	2.26e-04	0.00e+00	0.00e+00	0.00e+00	6.17e-15	1.25e-14	3.60e-62
 3.10943e+14	3.06e-20	2.14e-14	1.85e-09	2.41e-05	8.17e-01	1.83e-01	2.08e-04	0.00e+00	0.00e+00	0.00e+00	7.07e-15	1.43e-14	5.78e-62
 3.18360e+14	3.72e-20	2.49e-14	2.05e-09	2.54e-05	8.24e-01	1.76e-01	1.92e-04	0.00e+00	0.00e+00	0.00e+00	8.21e-15	1.66e-14	9.86e-62
 3.28002e+14	4.67e-20	2.97e-14	2.34e-09	2.73e-05	8.32e-01	1.68e-01	1.72e-04	0.00e+00	0.00e+00	0.00e+00	9.80e-15	1.99e-14	1.82e-61
 3.38573e+14	6.01e-20	3.61e-14	2.68e-09	2.93e-05	8.41e-01	1.59e-01	1.53e-04	0.00e+00	0.00e+00	0.00e+00	1.19e-14	2.42e-14	3.63e-61
 3.48338e+14	7.55e-20	4.29e-14	3.02e-09	3.12e-05	8.48e-01	1.52e-01	1.38e-04	0.00e+00	0.00e+00	0.00e+00	1.42e-14	2.87e-14	6.74e-61
 3.59020e+14	9.59e-20	5.17e-14	3.43e-09	3.34e-05	8.56e-01	1.44e-01	1.24e-04	0.00e+00	0.00e+00	0.00e+00	1.71e-14	3.47e-14	1.31e-60
 3.71039e+14	1.24e-19	6.28e-14	3.95e-09	3.60e-05	8.64e-01	1.36e-01	1.10e-04	0.00e+00	0.00e+00	0.00e+00	2.07e-14	4.21e-14	2.60e-60
 3.82465e+14	1.57e-19	7.57e-14	4.49e-09	3.85e-05	8.70e-01	1.29e-01	9.81e-05	0.00e+00	0.00e+00	0.00e+00	2.49e-14	5.07e-14	5.04e-60
 3.94988e+14	1.99e-19	9.12e-14	5.15e-09	4.14e-05	8.78e-01	1.22e-01	8.68e-05	0.00e+00	0.00e+00	0.00e+00	3.01e-14	6.11e-14	9.69e-60
 4.08932e+14	2.62e-19	1.12e-13	5.96e-09	4.47e-05	8.85e-01	1.15e-01	7.63e-05	0.00e+00	0.00e+00	0.00e+00	3.70e-14	7.54e-14	2.05e-59
 4.22043e+14	3.34e-19	1.36e-13	6.81e-09	4.79e-05	8.91e-01	1.09e-01	6.78e-05	0.00e+00	0.00e+00	0.00e+00	4.48e-14	9.12e-14	4.04e-59
 4.36405e+14	4.31e-19	1.66e-13	7.83e-09	5.16e-05	8.97e-01	1.03e-01	5.97e-05	0.00e+00	0.00e+00	0.00e+00	5.46e-14	1.11e-13	8.18e-59
 4.52338e+14	5.60e-19	2.03e-13	9.11e-09	5.59e-05	9.04e-01	9.61e-02	5.20e-05	0.00e+00	0.00e+00	0.00e+00	6.69e-14	1.36e-13	1.68e-58
 4.67082e+14	7.19e-19	2.47e-13	1.04e-08	5.99e-05	9.09e-01	9.07e-02	4.61e-05	0.00e+00	0.00e+00	0.00e+00	8.12e-14	1.66e-13	3.38e-58
 4.83017e+14	9.21e-19	2.99e-13	1.20e-08	6.45e-05	9.15e-01	8.52e-02	4.05e-05	0.00e+00	0.00e+00	0.00e+00	9.84e-14	2.01e-13	6.65e-58
 5.00818e+14	1.21e-18	3.71e-13	1.39e-08	6.97e-05	9.20e-01	7.97e-02	3.52e-05	0.00e+00	0.00e+00	0.00e+00	1.22e-13	2.49e-13	1.43e-57
 5.17484e+14	1.53e-18	4.45e-13	1.60e-08	7.50e-05	9.25e-01	7.49e-02	3.09e-05	0.00e+00	0.00e+00	0.00e+00	1.46e-13	2.99e-13	2.72e-57
 5.35589e+14	1.97e-18	5.43e-13	1.84e-08	8.08e-05	9.30e-01	7.02e-02	2.70e-05	0.00e+00	0.00e+00	0.00e+00	1.78e-13	3.64e-13	5.50e-57
 5.55757e+14	2.60e-18	6.74e-13	2.15e-08	8.75e-05	9.34e-01	6.55e-02	2.34e-05	0.00e+00	0.00e+00	0.00e+00	2.21e-13	4.53e-13	1.19e-56
 5.74569e+14	3.31e-18	8.17e-13	2.46e-08	9.39e-05	9.38e-01	6.15e-02	2.05e-05	0.00e+00	0.00e+00	0.00e+00	2.68e-13	5.49e-13	2.37e-56
 5.94987e+14	4.27e-18	9.94e-13	2.85e-08	1.01e-04	9.42e-01	5.74e-02	1.78e-05	0.00e+00	0.00e+00	0.00e+00	3.26e-13	6.68e-13	4.77e-56
 6.17646e+14	5.59e-18	1.23e-12	3.32e-08	1.10e-04	9.46e-01	5.34e-02	1.54e-05	0.00e+00	0.00e+00	0.00e+00	4.04e-13	8.29e-13	1.03e-55
 6.38873e+14	7.09e-18	1.48e-12	3.82e-08	1.18e-04	9.50e-01	5.00e-02	1.34e-05	0.00e+00	0.00e+00	0.00e+00	4.86e-13	9.99e-13	1.98e-55
 6.61975e+14	9.22e-18	1.82e-12	4.42e-08	1.28e-04	9.53e-01	4.66e-02	1.16e-05	0.00e+00	0.00e+00	0.00e+00	5.97e-13	1.23e-12	4.13e-55
 6.87685e+14	1.21e-17	2.26e-12	5.18e-08	1.39e-04	9.57e-01	4.32e-02	9.96e-06	0.00e+00	0.00e+00	0.00e+00	7.39e-13	1.52e-12	8.88e-55
 7.10313e+14	1.52e-17	2.71e-12	5.91e-08	1.48e-04	9.59e-01	4.05e-02	8.75e-06	0.00e+00	0.00e+00	0.00e+00	8.87e-13	1.82e-12	1.70e-54
 7.29696e+14	1.84e-17	3.15e-12	6.61e-08	1.57e-04	9.61e-01	3.84e-02	7.82e-06	0.00e+00	0.00e+00	0.00e+00	1.03e-12	2.12e-12	2.89e-54
 7.48315e+14	2.20e-17	3.63e-12	7.33e-08	1.66e-04	9.63e-01	3.65e-02	7.06e-06	0.00e+00	0.00e+00	0.00e+00	1.18e-12	2.44e-12	4.80e-54
 7.69361e+14	2.67e-17	4.23e-12	8.21e-08	1.76e-04	9.65e-01	3.45e-02	6.31e-06	0.00e+00	0.00e+00	0.00e+00	1.38e-12	2.85e-12	8.35e-54
 7.92685e+14	3.29e-17	4.99e-12	9.29e-08	1.88e-04	9.67e-01	3.25e-02	5.57e-06	0.00e+00	0.00e+00	0.00e+00	1.63e-12	3.36e-12	1.50e-53
 8.14228e+14	3.98e-17	5.81e-12	1.04e-07	1.99e-04	9.69e-01	3.08e-02	4.99e-06	0.00e+00	0.00e+00	0.00e+00	1.90e-12	3.91e-12	2.59e-53
 8.37492e+14	4.87e-17	6.80e-12	1.16e-07	2.12e-04	9.71e-01	2.90e-02	4.44e-06	4.00e-18	1.20e-17	2.01e-17	2.22e-12	4.58e-12	4.55e-53
 8.63491e+14	6.00e-17	8.05e-12	1.32e-07	2.26e-04	9.72e-01	2.73e-02	3.92e-06	4.94e-18	1.48e-17	2.48e-17	2.63e-12	5.43e-12	8.36e-53
 8.88028e+14	7.34e-17	9.42e-12	1.48e-07	2.40e-04	9.74e-01	2.58e-02	3.48e-06	6.04e-18	1.81e-17	3.03e-17	3.07e-12	6.35e-12	1.47e-52
 9.14908e+14	8.99e-17	1.11e-11	1.67e-07	2.56e-04	9.75e-01	2.43e-02	3.08e-06	7.40e-18	2.22e-17	3.72e-17	3.62e-12	7.48e-12	2.65e-52
 9.44860e+14	1.13e-16	1.33e-11	1.91e-07	2.74e-04	9.77e-01	2.27e-02	2.69e-06	9.32e-18	2.80e-17	4.68e-17	4.33e-12	8.96e-12	5.06e-52
 9.72841e+14	1.38e-16	1.56e-11	2.15e-07	2.92e-04	9.78e-01	2.14e-02	2.39e-06	1.14e-17	3.41e-17	5.70e-17	5.08e-12	1.05e-11	9.02e-52
 1.00325e+15	1.72e-16	1.85e-11	2.44e-07	3.12e-04	9.80e-01	2.00e-02	2.09e-06	1.42e-17	4.26e-17	7.12e-17	6.04e-12	1.25e-11	1.68e-51
 1.03737e+15	2.18e-16	2.23e-11	2.80e-07	3.35e-04	9.81e-01	1.87e-02	1.82e-06	1.79e-17	5.39e-17	9.00e-17	7.27e-12	1.51e-11	3.30e-51
 1.06993e+15	2.67e-16	2.64e-11	3.18e-07	3.58e-04	9.82e-01	1.75e-02	1.60e-06	2.20e-17	6.61e-17	1.11e-16	8.59e-12	1.78e-11	6.04e-51
 1.10589e+15	3.39e-16	3.18e-11	3.64e-07	3.84e-04	9.83e-01	1.64e-02	1.39e-06	2.79e-17	8.39e-17	1.40e-16	1.03e-11	2.14e-11	1.18e-50
 1.14620e+15	4.36e-16	3.88e-11	4.22e-07	4.15e-04	9.84e-01	1.52e-02	1.20e-06	3.60e-17	1.08e-16	1.81e-16	1.26e-11	2.62e-11	2.44e-50
 1.18421e+15	5.40e-16	4.63e-11	4.81e-07	4.45e-04	9.85e-01	1.42e-02	1.04e-06	4.46e-17	1.34e-16	2.24e-16	1.50e-11	3.12e-11	4.63e-50
 1.22569e+15	6.94e-16	5.62e-11	5.55e-07	4.79e-04	9.86e-01	1.32e-02	9.01e-07	5.73e-17	1.72e-16	2.88e-16	1.83e-11	3.79e-11	9.39e-50
 1.27198e+15	8.86e-16	6.86e-11	6.45e-07	5.18e-04	9.87e-01	1.22e-02	0.00e+00	7.32e-17	2.20e-16	3.67e-16	2.23e-11	4.63e-11	1.94e-49
 1.31536e+15	1.13e-15	8.31e-11	7.41e-07	5.58e-04	9.88e-01	1.13e-02	0.00e+00	9.36e-17	2.81e-16	4.70e-16	2.70e-11	5.61e-11	3.89e-49
 1.36257e+15	1.45e-15	1.01e-10	8.55e-07	6.02e-04	9.89e-01	1.05e-02	0.00e+00	1.20e-16	3.59e-16	6.00e-16	3.28e-11	6.81e-11	7.95e-49
 1.41560e+15	1.88e-15	1.25e-10	1.00e-06	6.54e-04	9.90e-01	9.69e-03	0.00e+00	1.55e-16	4.66e-16	7.80e-16	4.05e-11	8.40e-11	1.70e-48
 1.46560e+15	2.39e-15	1.51e-10	1.15e-06	7.04e-04	9.90e-01	9.00e-03	0.00e+00	1.98e-16	5.94e-16	9.93e-16	4.90e-11	1.02e-10	3.44e-48
 1.50594e+15	2.85e-15	1.74e-10	1.29e-06	7.47e-04	9.91e-01	8.49e-03	0.00e+00	2.36e-16	7.08e-16	1.18e-15	5.66e-11	1.18e-10	5.81e-48
 1.53823e+15	3.34e-15	1.97e-10	1.41e-06	7.83e-04	9.91e-01	8.11e-03	0.00e+00	2.76e-16	8.30e-16	1.39e-15	6.40e-11	1.33e-10	9.10e-48
 1.57412e+15	3.86e-15	2.22e-10	1.54e-06	8.23e-04	9.91e-01	7.71e-03	0.00e+00	3.20e-16	9.61e-16	1.61e-15	7.23e-11	1.50e-10	1.42e-47
 1.62078e+15	4.79e-15	2.63e-10	1.74e-06	8.77e-04	9.92e-01	7.23e-03	0.00e+00	3.97e-16	1.19e-15	1.99e-15	8.55e-11	1.78e-10	2.61e-47
 1.67048e+15	5.87e-15	3.10e-10	1.97e-06	9.38e-04	9.92e-01	6.77e-03	0.00e+00	4.87e-16	1.46e-15	2.44e-15	1.01e-10	2.09e-10	4.76e-47
 1.71376e+15	6.96e-15	3.56e-10	2.19e-06	9.91e-04	9.93e-01	6.40e-03	0.00e+00	5.78e-16	1.74e-15	2.90e-15	1.16e-10	2.41e-10	7.93e-47
 1.75969e+15	8.19e-15	4.09e-10	2.44e-06	1.05e-03	9.93e-01	6.04e-03	0.00e+00	6.80e-16	2.04e-15	3.41e-15	1.33e-10	2.76e-10	1.31e-46
 1.81940e+15	1.05e-14	4.96e-10	2.80e-06	1.13e-03	9.93e-01	5.61e-03	0.00e+00	8.70e-16	2.61e-15	4.36e-15	1.61e-10	3.35e-10	2.64e-46
 1.88030e+15	1.29e-14	5.92e-10	3.20e-06	1.22e-03	9.94e-01	5.21e-03	0.00e+00	1.08e-15	3.23e-15	5.41e-15	1.92e-10	3.99e-10	5.03e-46
 1.92991e+15	1.54e-14	6.82e-10	3.56e-06	1.29e-03	9.94e-01	4.92e-03	0.00e+00	1.28e-15	3.86e-15	6.45e-15	2.22e-10	4.60e-10	8.47e-46
 1.98155e+15	1.81e-14	7.82e-10	3.96e-06	1.37e-03	9.94e-01	4.64e-03	0.00e+00	1.51e-15	4.53e-15	7.57e-15	2.54e-10	5.27e-10	1.39e-45
 2.04868e+15	2.31e-14	9.45e-10	4.55e-06	1.47e-03	9.94e-01	4.30e-03	0.00e+00	1.93e-15	5.78e-15	9.66e-15	3.07e-10	6.38e-10	2.80e-45
 2.11947e+15	2.88e-14	1.14e-09	5.23e-06	1.59e-03	9.94e-01	3.98e-03	0.00e+00	2.40e-15	7.22e-15	1.21e-14	3.69e-10	7.66e-10	5.47e-45
 2.18069e+15	3.47e-14	1.32e-09	5.87e-06	1.70e-03	9.95e-01	3.73e-03	0.00e+00	2.90e-15	8.70e-15	1.45e-14	4.31e-10	8.93e-10	9.62e-45
 2.24596e+15	4.10e-14	1.53e-09	6.62e-06	1.81e-03	9.95e-01	3.49e-03	0.00e+00	3.43e-15	1.03e-14	1.72e-14	5.00e-10	1.04e-09	1.64e-44
 2.32852e+15	5.32e-14	1.89e-09	7.68e-06	1.97e-03	9.95e-01	3.21e-03	0.00e+00	4.46e-15	1.34e-14	2.24e-14	6.15e-10	1.27e-09	3.53e-44
 2.41408e+15	6.68e-14	2.29e-09	8.91e-06	2.14e-03	9.95e-01	2.95e-03	0.00e+00	5.60e-15	1.68e-14	2.81e-14	7.45e-10	1.54e-09	7.15e-44
 2.48897e+15	8.06e-14	2.69e-09	1.01e-05	2.29e-03	9.95e-01	2.75e-03	0.00e+00	6.76e-15	2.03e-14	3.39e-14	8.76e-10	1.81e-09	1.29e-43
 2.56948e+15	9.96e-14	3.20e-09	1.15e-05	2.47e-03	9.95e-01	2.56e-03	0.00e+00	8.36e-15	2.51e-14	4.20e-14	1.04e-09	2.16e-09	2.46e-43
 2.66730e+15	1.25e-13	3.89e-09	1.34e-05	2.69e-03	9.95e-01	2.34e-03	0.00e+00	1.05e-14	3.14e-14	5.25e-14	1.27e-09	2.62e-09	5.03e-43
 2.76527e+15	1.58e-13	4.73e-09	1.55e-05	2.92e-03	9.95e-01	2.15e-03	0.00e+00	1.33e-14	3.98e-14	6.66e-14	1.54e-09	3.19e-09	1.05e-42
 2.85256e+15	1.85e-13	5.50e-09	1.76e-05	3.13e-03	9.95e-01	2.00e-03	0.00e+00	1.56e-14	4.69e-14	7.84e-14	1.79e-09	3.70e-09	1.81e-42
 2.92668e+15	2.22e-13	6.39e-09	1.95e-05	3.32e-03	9.95e-01	1.88e-03	0.00e+00	1.88e-14	5.63e-14	9.40e-14	2.09e-09	4.30e-09	3.17e-42
 2.99054e+15	2.54e-13	7.17e-09	2.13e-05	3.49e-03	9.95e-01	1.79e-03	0.00e+00	2.15e-14	6.45e-14	1.08e-13	2.34e-09	4.83e-09	4.88e-42
 3.06269e+15	2.90e-13	8.07e-09	2.35e-05	3.69e-03	9.95e-01	1.69e-03	0.00e+00	2.45e-14	7.37e-14	1.23e-13	2.64e-09	5.43e-09	7.56e-42
 3.15649e+15	3.58e-13	9.60e-09	2.65e-05	3.96e-03	9.94e-01	1.58e-03	0.00e+00	3.03e-14	9.10e-14	1.52e-13	3.14e-09	6.46e-09	1.48e-41
 3.25280e+15	4.22e-13	1.12e-08	2.99e-05	4.25e-03	9.94e-01	1.47e-03	0.00e+00	3.58e-14	1.07e-13	1.79e-13	3.66e-09	7.53e-09	2.62e-41
 3.33173e+15	4.94e-13	1.28e-08	3.30e-05	4.49e-03	9.94e-01	1.39e-03	0.00e+00	4.19e-14	1.26e-13	2.10e-13	4.19e-09	8.61e-09	4.34e-41
 3.41371e+15	5.62e-13	1.44e-08	3.64e-05	4.74e-03	9.94e-01	1.31e-03	0.00e+00	4.77e-14	1.43e-13	2.39e-13	4.71e-09	9.68e-09	6.71e-41
 3.52028e+15	6.93e-13	1.72e-08	4.12e-05	5.09e-03	9.94e-01	1.22e-03	0.00e+00	5.89e-14	1.77e-13	2.95e-13	5.63e-09	1.16e-08	1.33e-40
 3.63072e+15	8.15e-13	2.01e-08	4.67e-05	5.47e-03	9.93e-01	1.13e-03	0.00e+00	6.95e-14	2.08e-13	3.48e-13	6.59e-09	1.35e-08	2.44e-40
 3.72316e+15	9.60e-13	2.32e-08	5.17e-05	5.80e-03	9.93e-01	1.06e-03	0.00e+00	8.19e-14	2.46e-13	4.10e-13	7.59e-09	1.56e-08	4.16e-40
 3.82025e+15	1.10e-12	2.63e-08	5.73e-05	6.15e-03	9.93e-01	1.00e-03	0.00e+00	9.38e-14	2.82e-13	4.70e-13	8.61e-09	1.76e-08	6.71e-40
 3.94647e+15	1.36e-12	3.17e-08	6.54e-05	6.63e-03	9.92e-01	9.25e-04	0.00e+00	1.17e-13	3.50e-13	5.85e-13	1.04e-08	2.13e-08	1.42e-39
 4.07762e+15	1.64e-12	3.77e-08	7.46e-05	7.16e-03	9.92e-01	8.54e-04	0.00e+00	1.41e-13	4.22e-13	7.05e-13	1.24e-08	2.54e-08	2.79e-39
 4.18851e+15	1.90e-12	4.34e-08	8.31e-05	7.60e-03	9.92e-01	8.02e-04	0.00e+00	1.63e-13	4.89e-13	8.16e-13	1.43e-08	2.92e-08	4.76e-39
 4.30601e+15	2.21e-12	4.98e-08	9.28e-05	8.10e-03	9.91e-01	7.51e-04	0.00e+00	1.90e-13	5.69e-13	9.50e-13	1.64e-08	3.35e-08	8.10e-39
 4.45875e+15	2.78e-12	6.12e-08	1.07e-04	8.78e-03	9.90e-01	6.89e-04	0.00e+00	2.39e-13	7.16e-13	1.20e-12	2.01e-08	4.11e-08	1.81e-38
 4.61920e+15	3.34e-12	7.35e-08	1.23e-04	9.52e-03	9.90e-01	6.33e-04	0.00e+00	2.88e-13	8.63e-13	1.44e-12	2.42e-08	4.94e-08	3.66e-38
 4.75869e+15	3.94e-12	8.56e-08	1.39e-04	1.02e-02	9.89e-01	5.90e-04	0.00e+00	3.40e-13	1.02e-12	1.70e-12	2.81e-08	5.74e-08	6.52e-38
 4.90905e+15	4.81e-12	1.03e-07	1.58e-04	1.10e-02	9.88e-01	5.46e-04	0.00e+00	4.15e-13	1.24e-12	2.08e-12	3.39e-08	6.92e-08	1.36e-37
 5.09392e+15	5.86e-12	1.25e-07	1.83e-04	1.19e-02	9.87e-01	4.99e-04	0.00e+00	5.07e-13	1.52e-12	2.54e-12	4.12e-08	8.40e-08	2.83e-37
 5.28162e+15	7.30e-12	1.54e-07	2.12e-04	1.30e-02	9.86e-01	4.57e-04	0.00e+00	6.32e-13	1.90e-12	3.16e-12	5.07e-08	1.03e-07	6.18e-37
 5.44836e+15	8.62e-12	1.82e-07	2.40e-04	1.39e-02	9.85e-01	4.24e-04	0.00e+00	7.46e-13	2.24e-12	3.74e-12	5.99e-08	1.22e-07	1.13e-36
 5.58840e+15	9.93e-12	2.09e-07	2.66e-04	1.47e-02	9.85e-01	3.98e-04	0.00e+00	8.61e-13	2.58e-12	4.31e-12	6.90e-08	1.40e-07	1.92e-36
 5.70835e+15	1.13e-11	2.36e-07	2.90e-04	1.55e-02	9.84e-01	3.78e-04	0.00e+00	9.78e-13	2.93e-12	4.90e-12	7.79e-08	1.59e-07	3.05e-36
 5.84372e+15	1.29e-11	2.68e-07	3.19e-04	1.63e-02	9.83e-01	3.57e-04	0.00e+00	1.12e-12	3.35e-12	5.60e-12	8.85e-08	1.80e-07	4.88e-36
 6.01970e+15	1.52e-11	3.16e-07	3.60e-04	1.75e-02	9.82e-01	3.32e-04	0.00e+00	1.32e-12	3.96e-12	6.61e-12	1.04e-07	2.12e-07	8.91e-36
 6.20135e+15	1.82e-11	3.70e-07	4.07e-04	1.87e-02	9.81e-01	3.09e-04	0.00e+00	1.58e-12	4.75e-12	7.93e-12	1.22e-07	2.48e-07	1.56e-35
 6.35096e+15	2.08e-11	4.23e-07	4.48e-04	1.97e-02	9.80e-01	2.91e-04	0.00e+00	1.81e-12	5.43e-12	9.06e-12	1.40e-07	2.83e-07	2.56e-35
 6.50604e+15	2.42e-11	4.90e-07	4.95e-04	2.09e-02	9.78e-01	2.74e-04	0.00e+00	2.11e-12	6.33e-12	1.06e-11	1.62e-07	3.29e-07	4.42e-35
 6.70763e+15	2.89e-11	5.81e-07	5.61e-04	2.24e-02	9.77e-01	2.54e-04	0.00e+00	2.52e-12	7.57e-12	1.26e-11	1.92e-07	3.89e-07	8.21e-35
 6.91637e+15	3.48e-11	6.93e-07	6.37e-04	2.40e-02	9.75e-01	2.35e-04	0.00e+00	3.05e-12	9.14e-12	1.53e-11	2.29e-07	4.64e-07	1.50e-34
 7.08965e+15	4.04e-11	7.99e-07	7.05e-04	2.54e-02	9.74e-01	2.21e-04	0.00e+00	3.54e-12	1.06e-11	1.77e-11	2.64e-07	5.35e-07	2.49e-34
 7.27015e+15	4.73e-11	9.24e-07	7.83e-04	2.69e-02	9.72e-01	2.08e-04	0.00e+00	4.14e-12	1.24e-11	2.07e-11	3.05e-07	6.18e-07	4.14e-34
 7.50480e+15	5.77e-11	1.11e-06	8.95e-04	2.90e-02	9.70e-01	1.91e-04	0.00e+00	5.06e-12	1.52e-11	2.53e-11	3.68e-07	7.46e-07	8.07e-34
 7.74774e+15	6.97e-11	1.33e-06	1.02e-03	3.11e-02	9.68e-01	1.77e-04	0.00e+00	6.12e-12	1.84e-11	3.06e-11	4.41e-07	8.93e-07	1.47e-33
 7.95172e+15	8.23e-11	1.54e-06	1.14e-03	3.30e-02	9.66e-01	1.66e-04	0.00e+00	7.23e-12	2.17e-11	3.62e-11	5.08e-07	1.03e-06	2.37e-33
 8.16717e+15	9.73e-11	1.79e-06	1.28e-03	3.51e-02	9.63e-01	1.55e-04	0.00e+00	8.56e-12	2.57e-11	4.28e-11	5.93e-07	1.20e-06	3.99e-33
 8.44727e+15	1.24e-10	2.24e-06	1.48e-03	3.80e-02	9.60e-01	1.42e-04	0.00e+00	1.09e-11	3.27e-11	5.45e-11	7.40e-07	1.50e-06	8.70e-33
 8.72926e+15	1.52e-10	2.66e-06	1.69e-03	4.09e-02	9.57e-01	1.31e-04	0.00e+00	1.34e-11	4.01e-11	6.69e-11	8.80e-07	1.78e-06	1.48e-32
 8.96235e+15	1.78e-10	3.11e-06	1.90e-03	4.35e-02	9.54e-01	1.22e-04	0.00e+00	1.57e-11	4.71e-11	7.85e-11	1.03e-06	2.08e-06	2.46e-32
 9.21400e+15	2.14e-10	3.67e-06	2.14e-03	4.64e-02	9.51e-01	1.14e-04	0.00e+00	1.89e-11	5.67e-11	9.46e-11	1.21e-06	2.45e-06	4.22e-32
 9.54113e+15	2.76e-10	4.64e-06	2.50e-03	5.06e-02	9.47e-01	1.03e-04	0.00e+00	2.44e-11	7.32e-11	1.22e-10	1.54e-06	3.11e-06	9.41e-32
 9.86345e+15	3.43e-10	5.66e-06	2.90e-03	5.46e-02	9.42e-01	9.49e-05	0.00e+00	3.04e-11	9.11e-11	1.52e-10	1.88e-06	3.79e-06	1.72e-31
 1.01192e+16	4.10e-10	6.64e-06	3.25e-03	5.80e-02	9.39e-01	8.88e-05	0.00e+00	3.63e-11	1.09e-10	1.82e-10	2.20e-06	4.44e-06	2.83e-31
 1.03914e+16	4.91e-10	7.83e-06	3.66e-03	6.19e-02	9.34e-01	8.27e-05	0.00e+00	4.36e-11	1.31e-10	2.18e-10	2.59e-06	5.23e-06	4.70e-31
 1.06661e+16	5.87e-10	9.15e-06	4.12e-03	6.58e-02	9.30e-01	7.73e-05	0.00e+00	5.21e-11	1.56e-10	2.61e-10	3.03e-06	6.12e-06	7.43e-31
 1.08984e+16	6.87e-10	1.04e-05	4.54e-03	6.93e-02	9.26e-01	7.31e-05	0.00e+00	6.10e-11	1.83e-10	3.05e-10	3.44e-06	6.94e-06	1.07e-30
 1.11546e+16	8.10e-10	1.20e-05	5.07e-03	7.34e-02	9.21e-01	6.87e-05	0.00e+00	7.20e-11	2.16e-10	3.60e-10	3.98e-06	8.03e-06	1.65e-30
 1.14314e+16	9.77e-10	1.44e-05	5.70e-03	7.81e-02	9.16e-01	6.40e-05	0.00e+00	8.69e-11	2.61e-10	4.35e-10	4.76e-06	9.60e-06	2.91e-30
 1.16746e+16	1.13e-09	1.63e-05	6.29e-03	8.22e-02	9.11e-01	6.06e-05	0.00e+00	1.01e-10	3.03e-10	5.05e-10	5.42e-06	1.09e-05	4.14e-30
 1.19306e+16	1.34e-09	1.87e-05	6.99e-03	8.68e-02	9.06e-01	5.72e-05	0.00e+00	1.20e-10	3.59e-10	5.99e-10	6.19e-06	1.25e-05	6.06e-30
 1.22633e+16	1.68e-09	2.30e-05	8.05e-03	9.35e-02	8.98e-01	5.28e-05	0.00e+00	1.50e-10	4.50e-10	7.51e-10	7.63e-06	1.54e-05	1.15e-29
