#depth	N	N+	N+2	N+3	N+4	N+5	N+6	N+7
 1.49634e+10	0.00e+00	0.00e+00	2.25e-31	1.36e-21	1.38e-12	5.82e-03	7.92e-01	2.02e-01
 4.54887e+10	0.00e+00	1.64e-41	3.15e-31	1.76e-21	1.65e-12	6.43e-03	8.04e-01	1.90e-01
 7.72350e+10	0.00e+00	0.00e+00	4.40e-31	2.27e-21	1.97e-12	7.11e-03	8.15e-01	1.78e-01
 1.10251e+11	0.00e+00	3.76e-41	6.16e-31	2.94e-21	2.35e-12	7.85e-03	8.26e-01	1.67e-01
 1.42311e+11	0.00e+00	0.00e+00	8.42e-31	3.73e-21	2.77e-12	8.61e-03	8.35e-01	1.56e-01
 1.72024e+11	0.00e+00	7.82e-41	1.11e-30	4.62e-21	3.21e-12	9.34e-03	8.43e-01	1.48e-01
 2.05202e+11	0.00e+00	0.00e+00	1.50e-30	5.81e-21	3.77e-12	1.02e-02	8.51e-01	1.39e-01
 2.43337e+11	0.00e+00	1.71e-40	2.10e-30	7.49e-21	4.49e-12	1.12e-02	8.59e-01	1.30e-01
 2.80742e+11	0.00e+00	0.00e+00	2.87e-30	9.51e-21	5.29e-12	1.23e-02	8.66e-01	1.21e-01
 3.19644e+11	0.00e+00	3.73e-40	3.93e-30	1.21e-20	6.23e-12	1.34e-02	8.73e-01	1.14e-01
 3.57786e+11	0.00e+00	0.00e+00	5.29e-30	1.51e-20	7.28e-12	1.46e-02	8.79e-01	1.07e-01
 3.90346e+11	0.00e+00	7.29e-40	6.75e-30	1.82e-20	8.27e-12	1.57e-02	8.83e-01	1.01e-01
 4.25664e+11	0.00e+00	0.00e+00	8.74e-30	2.22e-20	9.45e-12	1.68e-02	8.88e-01	9.54e-02
 4.69502e+11	0.00e+00	1.47e-39	1.19e-29	2.80e-20	1.11e-11	1.84e-02	8.93e-01	8.91e-02
 5.15131e+11	0.00e+00	0.00e+00	1.62e-29	3.55e-20	1.30e-11	2.00e-02	8.97e-01	8.31e-02
 5.57078e+11	0.00e+00	3.03e-39	2.13e-29	4.36e-20	1.50e-11	2.16e-02	9.00e-01	7.81e-02
 6.03526e+11	0.00e+00	0.00e+00	2.86e-29	5.45e-20	1.75e-11	2.34e-02	9.04e-01	7.30e-02
 6.57338e+11	0.00e+00	6.56e-39	3.97e-29	6.99e-20	2.07e-11	2.56e-02	9.07e-01	6.77e-02
 7.10695e+11	0.00e+00	0.00e+00	5.42e-29	8.85e-20	2.43e-11	2.79e-02	9.09e-01	6.29e-02
 7.66186e+11	0.00e+00	1.43e-38	7.41e-29	1.12e-19	2.85e-11	3.03e-02	9.11e-01	5.85e-02
 8.26761e+11	0.00e+00	0.00e+00	1.03e-28	1.44e-19	3.37e-11	3.31e-02	9.13e-01	5.41e-02
 8.89758e+11	0.00e+00	3.23e-38	1.43e-28	1.84e-19	3.99e-11	3.62e-02	9.14e-01	5.00e-02
 9.55275e+11	0.00e+00	0.00e+00	1.99e-28	2.36e-19	4.72e-11	3.94e-02	9.14e-01	4.61e-02
 1.01475e+12	0.00e+00	6.95e-38	2.65e-28	2.93e-19	5.46e-11	4.26e-02	9.14e-01	4.30e-02
 1.06458e+12	0.00e+00	0.00e+00	3.35e-28	3.49e-19	6.15e-11	4.52e-02	9.14e-01	4.06e-02
 1.11922e+12	0.00e+00	1.27e-37	4.30e-28	4.21e-19	6.97e-11	4.83e-02	9.14e-01	3.82e-02
 1.18807e+12	0.00e+00	0.00e+00	5.83e-28	5.30e-19	8.14e-11	5.22e-02	9.12e-01	3.54e-02
 1.25842e+12	0.00e+00	2.70e-37	7.87e-28	6.64e-19	9.47e-11	5.64e-02	9.11e-01	3.28e-02
 1.31946e+12	0.00e+00	0.00e+00	1.01e-27	8.03e-19	1.08e-10	6.02e-02	9.09e-01	3.07e-02
 1.38537e+12	0.00e+00	5.17e-37	1.32e-27	9.81e-19	1.23e-10	6.44e-02	9.07e-01	2.87e-02
 1.46604e+12	0.00e+00	0.00e+00	1.81e-27	1.24e-18	1.44e-10	6.97e-02	9.04e-01	2.64e-02
 1.54732e+12	0.00e+00	1.12e-36	2.46e-27	1.56e-18	1.68e-10	7.53e-02	9.00e-01	2.44e-02
 1.62006e+12	0.00e+00	0.00e+00	3.22e-27	1.91e-18	1.92e-10	8.05e-02	8.97e-01	2.27e-02
 1.70026e+12	0.00e+00	2.25e-36	4.29e-27	2.36e-18	2.21e-10	8.63e-02	8.93e-01	2.11e-02
 1.79547e+12	2.50e-46	3.39e-36	5.95e-27	3.02e-18	2.60e-10	9.36e-02	8.87e-01	1.93e-02
 1.88944e+12	0.00e+00	0.00e+00	8.16e-27	3.82e-18	3.04e-10	1.01e-01	8.81e-01	1.77e-02
 1.97374e+12	0.00e+00	7.09e-36	1.08e-26	4.70e-18	3.48e-10	1.08e-01	8.76e-01	1.64e-02
 2.06623e+12	9.41e-46	1.02e-35	1.44e-26	5.83e-18	4.02e-10	1.16e-01	8.69e-01	1.51e-02
 2.17584e+12	0.00e+00	0.00e+00	2.02e-26	7.50e-18	4.74e-10	1.25e-01	8.61e-01	1.38e-02
 2.28482e+12	0.00e+00	2.34e-35	2.79e-26	9.55e-18	5.56e-10	1.35e-01	8.52e-01	1.25e-02
 2.38561e+12	3.96e-45	3.37e-35	3.73e-26	1.19e-17	6.41e-10	1.45e-01	8.44e-01	1.15e-02
 2.49840e+12	0.00e+00	0.00e+00	5.12e-26	1.50e-17	7.47e-10	1.55e-01	8.34e-01	1.05e-02
 2.62827e+12	0.00e+00	7.79e-35	7.29e-26	1.95e-17	8.87e-10	1.68e-01	8.22e-01	9.44e-03
 2.75550e+12	1.80e-44	1.18e-34	1.02e-25	2.50e-17	1.04e-09	1.81e-01	8.10e-01	8.53e-03
 2.87747e+12	0.00e+00	0.00e+00	1.39e-25	3.14e-17	1.21e-09	1.94e-01	7.98e-01	7.75e-03
 2.98950e+12	0.00e+00	2.47e-34	1.83e-25	3.86e-17	1.38e-09	2.06e-01	7.87e-01	7.11e-03
 3.09035e+12	6.29e-44	3.34e-34	2.33e-25	4.61e-17	1.55e-09	2.17e-01	7.76e-01	6.58e-03
 3.20481e+12	0.00e+00	4.66e-34	3.04e-25	5.62e-17	1.76e-09	2.30e-01	7.64e-01	6.04e-03
 3.34986e+12	1.54e-43	7.02e-34	4.21e-25	7.15e-17	2.06e-09	2.46e-01	7.49e-01	5.42e-03
 3.49959e+12	0.00e+00	1.05e-33	5.82e-25	9.09e-17	2.40e-09	2.63e-01	7.32e-01	4.86e-03
 3.62273e+12	3.72e-43	1.46e-33	7.53e-25	1.10e-16	2.71e-09	2.77e-01	7.19e-01	4.45e-03
 3.74638e+12	0.00e+00	1.99e-33	9.66e-25	1.32e-16	3.05e-09	2.91e-01	7.05e-01	4.08e-03
 3.90711e+12	8.74e-43	2.95e-33	1.32e-24	1.66e-16	3.54e-09	3.09e-01	6.87e-01	3.65e-03
 4.07136e+12	0.00e+00	4.34e-33	1.80e-24	2.09e-16	4.08e-09	3.28e-01	6.69e-01	3.27e-03
 4.20535e+12	2.01e-42	5.88e-33	2.29e-24	2.49e-16	4.57e-09	3.43e-01	6.54e-01	2.99e-03
 4.34472e+12	0.00e+00	7.98e-33	2.92e-24	2.98e-16	5.11e-09	3.59e-01	6.38e-01	2.73e-03
 4.52591e+12	4.62e-42	1.17e-32	3.95e-24	3.72e-16	5.89e-09	3.79e-01	6.18e-01	2.43e-03
 4.71461e+12	0.00e+00	1.71e-32	5.35e-24	4.65e-16	6.77e-09	4.00e-01	5.98e-01	2.15e-03
 4.87394e+12	1.07e-41	2.33e-32	6.84e-24	5.57e-16	7.57e-09	4.17e-01	5.81e-01	1.95e-03
 5.04191e+12	0.00e+00	3.19e-32	8.77e-24	6.68e-16	8.48e-09	4.35e-01	5.63e-01	1.76e-03
 5.25456e+12	2.48e-41	4.68e-32	1.19e-23	8.34e-16	9.73e-09	4.57e-01	5.42e-01	1.55e-03
 5.47321e+12	0.00e+00	6.81e-32	1.60e-23	1.04e-15	1.11e-08	4.79e-01	5.20e-01	1.37e-03
 5.66296e+12	5.71e-41	9.31e-32	2.05e-23	1.24e-15	1.24e-08	4.97e-01	5.02e-01	1.23e-03
 5.86719e+12	0.00e+00	1.29e-31	2.65e-23	1.50e-15	1.39e-08	5.16e-01	4.83e-01	1.09e-03
 6.11723e+12	1.34e-40	1.88e-31	3.57e-23	1.86e-15	1.59e-08	5.39e-01	4.60e-01	9.53e-04
 6.37237e+12	0.00e+00	2.72e-31	4.79e-23	2.30e-15	1.81e-08	5.61e-01	4.38e-01	8.31e-04
 6.60543e+12	3.11e-40	3.76e-31	6.18e-23	2.77e-15	2.02e-08	5.80e-01	4.19e-01	7.36e-04
 6.82362e+12	0.00e+00	5.03e-31	7.78e-23	3.27e-15	2.23e-08	5.97e-01	4.02e-01	6.58e-04
 7.06667e+12	6.48e-40	6.88e-31	9.95e-23	3.91e-15	2.48e-08	6.15e-01	3.84e-01	5.82e-04
 7.32989e+12	0.00e+00	9.52e-31	1.29e-22	4.71e-15	2.77e-08	6.34e-01	3.65e-01	5.12e-04
 7.56571e+12	1.35e-39	1.26e-30	1.60e-22	5.52e-15	3.05e-08	6.50e-01	3.49e-01	4.57e-04
 7.77443e+12	0.00e+00	1.60e-30	1.94e-22	6.33e-15	3.30e-08	6.64e-01	3.36e-01	4.14e-04
 8.00156e+12	2.47e-39	2.06e-30	2.37e-22	7.31e-15	3.59e-08	6.78e-01	3.22e-01	3.72e-04
 8.29682e+12	0.00e+00	2.84e-30	3.04e-22	8.75e-15	3.99e-08	6.95e-01	3.05e-01	3.26e-04
 8.59890e+12	5.31e-39	3.88e-30	3.89e-22	1.04e-14	4.43e-08	7.12e-01	2.88e-01	2.85e-04
 8.84693e+12	0.00e+00	4.96e-30	4.72e-22	1.20e-14	4.80e-08	7.24e-01	2.75e-01	2.55e-04
 9.10649e+12	9.74e-39	6.37e-30	5.75e-22	1.38e-14	5.21e-08	7.37e-01	2.63e-01	2.29e-04
 9.44391e+12	0.00e+00	8.72e-30	7.36e-22	1.65e-14	5.77e-08	7.53e-01	2.47e-01	1.98e-04
 9.80011e+12	2.10e-38	1.20e-29	9.46e-22	1.98e-14	6.40e-08	7.68e-01	2.32e-01	1.71e-04
 1.01090e+13	0.00e+00	1.56e-29	1.17e-21	2.30e-14	6.97e-08	7.80e-01	2.20e-01	1.52e-04
 1.04390e+13	4.05e-38	2.06e-29	1.45e-21	2.68e-14	7.61e-08	7.92e-01	2.08e-01	1.33e-04
 1.08529e+13	0.00e+00	2.86e-29	1.88e-21	3.23e-14	8.46e-08	8.06e-01	1.94e-01	1.14e-04
 1.12799e+13	9.02e-38	3.97e-29	2.43e-21	3.89e-14	9.40e-08	8.20e-01	1.80e-01	9.70e-05
 1.16595e+13	0.00e+00	5.24e-29	3.02e-21	4.56e-14	1.03e-07	8.31e-01	1.69e-01	8.45e-05
 1.20739e+13	1.80e-37	7.02e-29	3.81e-21	5.38e-14	1.13e-07	8.42e-01	1.58e-01	7.30e-05
 1.25692e+13	0.00e+00	9.83e-29	4.97e-21	6.51e-14	1.26e-07	8.54e-01	1.46e-01	6.15e-05
 1.30714e+13	4.02e-37	1.36e-28	6.43e-21	7.84e-14	1.40e-07	8.65e-01	1.35e-01	5.19e-05
 1.35201e+13	0.00e+00	1.80e-28	8.02e-21	9.20e-14	1.53e-07	8.74e-01	1.26e-01	4.48e-05
 1.39977e+13	7.95e-37	2.39e-28	1.01e-20	1.08e-13	1.67e-07	8.82e-01	1.18e-01	3.85e-05
 1.45369e+13	0.00e+00	3.25e-28	1.29e-20	1.30e-13	1.85e-07	8.91e-01	1.09e-01	3.25e-05
 1.50513e+13	1.62e-36	4.32e-28	1.61e-20	1.53e-13	2.03e-07	8.99e-01	1.01e-01	2.78e-05
 1.56152e+13	0.00e+00	5.80e-28	2.04e-20	1.81e-13	2.23e-07	9.07e-01	9.32e-02	2.35e-05
 1.61599e+13	3.21e-36	7.63e-28	2.54e-20	2.13e-13	2.45e-07	9.14e-01	8.64e-02	2.01e-05
 1.65579e+13	0.00e+00	9.26e-28	2.97e-20	2.39e-13	2.61e-07	9.18e-01	8.19e-02	1.80e-05
 1.69536e+13	5.06e-36	1.12e-27	3.45e-20	2.66e-13	2.77e-07	9.22e-01	7.78e-02	1.61e-05
 1.74679e+13	0.00e+00	1.41e-27	4.17e-20	3.06e-13	3.00e-07	9.27e-01	7.28e-02	1.40e-05
 1.80281e+13	8.98e-36	1.80e-27	5.08e-20	3.55e-13	3.26e-07	9.32e-01	6.77e-02	1.21e-05
 1.85337e+13	0.00e+00	2.23e-27	6.04e-20	4.03e-13	3.50e-07	9.36e-01	6.36e-02	1.06e-05
 1.90770e+13	1.51e-35	2.79e-27	7.23e-20	4.61e-13	3.77e-07	9.40e-01	5.96e-02	9.29e-06
 1.97832e+13	0.00e+00	3.68e-27	9.05e-20	5.44e-13	4.14e-07	9.45e-01	5.49e-02	7.83e-06
 2.04996e+13	2.89e-35	4.81e-27	1.13e-19	6.41e-13	4.54e-07	9.49e-01	5.05e-02	6.60e-06
 2.10775e+13	0.00e+00	5.92e-27	1.33e-19	7.27e-13	4.88e-07	9.53e-01	4.74e-02	5.80e-06
 2.16769e+13	4.75e-35	7.30e-27	1.58e-19	8.24e-13	5.23e-07	9.56e-01	4.45e-02	5.09e-06
 2.24560e+13	0.00e+00	9.48e-27	1.95e-19	9.64e-13	5.72e-07	9.59e-01	4.10e-02	4.31e-06
 2.32947e+13	8.93e-35	1.24e-26	2.43e-19	1.14e-12	6.27e-07	9.62e-01	3.77e-02	3.63e-06
 2.40456e+13	0.00e+00	1.57e-26	2.94e-19	1.31e-12	6.78e-07	9.65e-01	3.51e-02	3.13e-06
 2.48567e+13	1.58e-34	2.00e-26	3.58e-19	1.51e-12	7.35e-07	9.67e-01	3.26e-02	2.70e-06
 2.58364e+13	2.22e-34	2.65e-26	4.49e-19	1.78e-12	8.07e-07	9.70e-01	2.98e-02	2.26e-06
 2.67375e+13	2.99e-34	3.40e-26	5.49e-19	2.07e-12	8.76e-07	9.72e-01	2.76e-02	1.93e-06
 2.74397e+13	3.75e-34	4.12e-26	6.39e-19	2.31e-12	9.31e-07	9.74e-01	2.61e-02	1.72e-06
 2.81810e+13	4.78e-34	5.02e-26	7.48e-19	2.58e-12	9.89e-07	9.75e-01	2.46e-02	1.53e-06
 2.91447e+13	6.42e-34	6.42e-26	9.10e-19	2.98e-12	1.07e-06	9.77e-01	2.29e-02	1.32e-06
 3.01940e+13	8.78e-34	8.32e-26	1.12e-18	3.46e-12	1.16e-06	9.79e-01	2.12e-02	1.13e-06
 3.11442e+13	1.16e-33	1.04e-25	1.34e-18	3.93e-12	1.25e-06	9.80e-01	1.98e-02	9.83e-07
 3.20063e+13	1.48e-33	1.28e-25	1.57e-18	4.40e-12	1.32e-06	9.81e-01	1.87e-02	0.00e+00
 3.29641e+13	1.93e-33	1.59e-25	1.87e-18	4.97e-12	1.41e-06	9.82e-01	1.75e-02	0.00e+00
 3.41905e+13	2.68e-33	2.09e-25	2.31e-18	5.78e-12	1.53e-06	9.84e-01	1.62e-02	0.00e+00
 3.54490e+13	3.74e-33	2.74e-25	2.85e-18	6.71e-12	1.66e-06	9.85e-01	1.50e-02	0.00e+00
 3.65268e+13	4.90e-33	3.42e-25	3.39e-18	7.58e-12	1.77e-06	9.86e-01	1.41e-02	0.00e+00
 3.76868e+13	6.51e-33	4.31e-25	4.07e-18	8.62e-12	1.90e-06	9.87e-01	1.32e-02	0.00e+00
 3.91243e+13	9.23e-33	5.73e-25	5.07e-18	1.00e-11	2.05e-06	9.88e-01	1.22e-02	0.00e+00
 4.06088e+13	1.31e-32	7.60e-25	6.30e-18	1.17e-11	2.22e-06	9.89e-01	1.13e-02	0.00e+00
 4.19520e+13	1.76e-32	9.71e-25	7.62e-18	1.33e-11	2.39e-06	9.89e-01	1.06e-02	0.00e+00
 4.34250e+13	2.43e-32	1.26e-24	9.33e-18	1.53e-11	2.57e-06	9.90e-01	9.83e-03	0.00e+00
 4.51577e+13	3.51e-32	1.70e-24	1.17e-17	1.79e-11	2.79e-06	9.91e-01	9.07e-03	0.00e+00
 4.68649e+13	4.96e-32	2.25e-24	1.46e-17	2.08e-11	3.01e-06	9.92e-01	8.40e-03	0.00e+00
 4.83644e+13	6.64e-32	2.85e-24	1.75e-17	2.37e-11	3.22e-06	9.92e-01	7.86e-03	0.00e+00
 4.99570e+13	9.01e-32	3.65e-24	2.12e-17	2.70e-11	3.45e-06	9.93e-01	7.36e-03	0.00e+00
 5.18893e+13	1.29e-31	4.89e-24	2.65e-17	3.14e-11	3.73e-06	9.93e-01	6.81e-03	0.00e+00
 5.38161e+13	1.80e-31	6.43e-24	3.28e-17	3.64e-11	4.03e-06	9.94e-01	6.30e-03	0.00e+00
 5.55280e+13	2.43e-31	8.17e-24	3.94e-17	4.13e-11	4.30e-06	9.94e-01	5.91e-03	0.00e+00
 5.71369e+13	3.18e-31	1.02e-23	4.66e-17	4.63e-11	4.57e-06	9.94e-01	5.58e-03	0.00e+00
 5.86785e+13	4.08e-31	1.25e-23	5.44e-17	5.15e-11	4.83e-06	9.95e-01	5.28e-03	0.00e+00
 6.04038e+13	5.38e-31	1.56e-23	6.46e-17	5.79e-11	5.13e-06	9.95e-01	4.97e-03	0.00e+00
 6.23121e+13	7.16e-31	1.97e-23	7.74e-17	6.57e-11	5.48e-06	9.95e-01	4.66e-03	0.00e+00
 6.40692e+13	9.31e-31	2.43e-23	9.12e-17	7.34e-11	5.80e-06	9.96e-01	4.40e-03	0.00e+00
 6.59639e+13	1.23e-30	3.04e-23	1.08e-16	8.26e-11	6.17e-06	9.96e-01	4.14e-03	0.00e+00
 6.80947e+13	1.64e-30	3.86e-23	1.30e-16	9.39e-11	6.60e-06	9.96e-01	3.85e-03	0.00e+00
 7.01067e+13	2.16e-30	4.83e-23	1.55e-16	1.06e-10	7.01e-06	9.96e-01	3.63e-03	0.00e+00
 7.22968e+13	2.89e-30	6.11e-23	1.85e-16	1.20e-10	7.48e-06	9.97e-01	3.41e-03	0.00e+00
 7.47432e+13	3.92e-30	7.84e-23	2.25e-16	1.37e-10	8.03e-06	9.97e-01	3.17e-03	0.00e+00
 7.70404e+13	5.22e-30	9.89e-23	2.69e-16	1.54e-10	8.55e-06	9.97e-01	2.98e-03	0.00e+00
 7.95443e+13	6.99e-30	1.26e-22	3.24e-16	1.76e-10	9.16e-06	9.97e-01	2.79e-03	0.00e+00
 8.23447e+13	9.68e-30	1.64e-22	3.97e-16	2.02e-10	9.84e-06	9.97e-01	2.59e-03	0.00e+00
 8.50059e+13	1.29e-29	2.07e-22	4.78e-16	2.30e-10	1.05e-05	9.98e-01	2.42e-03	0.00e+00
 8.75564e+13	1.70e-29	2.59e-22	5.69e-16	2.59e-10	1.12e-05	9.98e-01	2.28e-03	0.00e+00
 9.04877e+13	2.31e-29	3.33e-22	6.90e-16	2.96e-10	1.20e-05	9.98e-01	2.13e-03	0.00e+00
 9.37883e+13	3.20e-29	4.35e-22	8.51e-16	3.42e-10	1.30e-05	9.98e-01	1.97e-03	0.00e+00
 9.69056e+13	4.35e-29	5.58e-22	1.03e-15	3.90e-10	1.39e-05	9.98e-01	1.84e-03	0.00e+00
 1.00295e+14	5.92e-29	7.19e-22	1.26e-15	4.49e-10	1.50e-05	9.98e-01	1.71e-03	0.00e+00
 1.04041e+14	8.31e-29	9.49e-22	1.56e-15	5.20e-10	1.62e-05	9.98e-01	1.58e-03	0.00e+00
 1.07533e+14	1.13e-28	1.22e-21	1.90e-15	5.94e-10	1.73e-05	9.99e-01	1.48e-03	0.00e+00
 1.11356e+14	1.56e-28	1.59e-21	2.33e-15	6.85e-10	1.87e-05	9.99e-01	1.37e-03	0.00e+00
 1.15630e+14	2.18e-28	2.09e-21	2.90e-15	7.97e-10	2.03e-05	9.99e-01	1.27e-03	0.00e+00
 1.19656e+14	3.00e-28	2.71e-21	3.54e-15	9.15e-10	2.18e-05	9.99e-01	1.18e-03	0.00e+00
 1.24015e+14	4.20e-28	3.57e-21	4.37e-15	1.06e-09	2.35e-05	9.99e-01	1.09e-03	0.00e+00
 1.29006e+14	5.97e-28	4.77e-21	5.51e-15	1.24e-09	2.55e-05	9.99e-01	1.01e-03	0.00e+00
 1.33847e+14	8.42e-28	6.31e-21	6.84e-15	1.44e-09	2.75e-05	9.99e-01	9.33e-04	0.00e+00
 1.38052e+14	1.12e-27	7.97e-21	8.20e-15	1.63e-09	2.94e-05	9.99e-01	8.74e-04	0.00e+00
 1.41565e+14	1.41e-27	9.63e-21	9.51e-15	1.80e-09	3.10e-05	9.99e-01	8.30e-04	0.00e+00
 1.45259e+14	1.80e-27	1.17e-20	1.11e-14	2.00e-09	3.27e-05	9.99e-01	7.87e-04	0.00e+00
 1.50060e+14	2.45e-27	1.51e-20	1.34e-14	2.27e-09	3.49e-05	9.99e-01	7.36e-04	0.00e+00
 1.55044e+14	3.28e-27	1.92e-20	1.62e-14	2.59e-09	3.74e-05	9.99e-01	6.87e-04	0.00e+00
 1.59204e+14	4.21e-27	2.35e-20	1.90e-14	2.88e-09	3.95e-05	9.99e-01	6.51e-04	0.00e+00
 1.63550e+14	5.44e-27	2.89e-20	2.23e-14	3.21e-09	4.18e-05	9.99e-01	6.16e-04	0.00e+00
 1.69200e+14	7.55e-27	3.77e-20	2.73e-14	3.68e-09	4.47e-05	9.99e-01	5.75e-04	0.00e+00
 1.75133e+14	1.03e-26	4.87e-20	3.34e-14	4.23e-09	4.81e-05	9.99e-01	5.35e-04	0.00e+00
 1.80204e+14	1.35e-26	6.07e-20	3.96e-14	4.74e-09	5.09e-05	9.99e-01	5.05e-04	0.00e+00
 1.85566e+14	1.79e-26	7.62e-20	4.71e-14	5.32e-09	5.40e-05	9.99e-01	4.76e-04	0.00e+00
 1.92383e+14	2.55e-26	1.01e-19	5.84e-14	6.15e-09	5.81e-05	9.99e-01	4.43e-04	0.00e+00
 1.99508e+14	3.56e-26	1.33e-19	7.25e-14	7.11e-09	6.26e-05	1.00e+00	4.11e-04	0.00e+00
 2.05796e+14	4.80e-26	1.70e-19	8.73e-14	8.05e-09	6.66e-05	1.00e+00	3.86e-04	0.00e+00
 2.12582e+14	6.61e-26	2.19e-19	1.06e-13	9.16e-09	7.10e-05	1.00e+00	3.62e-04	0.00e+00
 2.20761e+14	9.37e-26	2.92e-19	1.33e-13	1.06e-08	7.66e-05	1.00e+00	3.36e-04	0.00e+00
 2.28923e+14	1.33e-25	3.88e-19	1.65e-13	1.23e-08	8.23e-05	1.00e+00	3.12e-04	0.00e+00
 2.36343e+14	1.83e-25	5.00e-19	1.99e-13	1.40e-08	8.77e-05	1.00e+00	2.93e-04	0.00e+00
 2.44625e+14	2.55e-25	6.54e-19	2.45e-13	1.60e-08	9.39e-05	1.00e+00	2.74e-04	0.00e+00
 2.54308e+14	3.71e-25	8.87e-19	3.09e-13	1.87e-08	1.01e-04	1.00e+00	2.54e-04	0.00e+00
 2.63873e+14	5.30e-25	1.18e-18	3.86e-13	2.17e-08	1.09e-04	1.00e+00	2.36e-04	0.00e+00
 2.72905e+14	7.33e-25	1.54e-18	4.73e-13	2.48e-08	1.17e-04	1.00e+00	2.20e-04	0.00e+00
 2.82935e+14	1.04e-24	2.04e-18	5.87e-13	2.86e-08	1.25e-04	1.00e+00	2.05e-04	0.00e+00
 2.94282e+14	1.52e-24	2.78e-18	7.43e-13	3.34e-08	1.35e-04	1.00e+00	1.90e-04	0.00e+00
 3.03893e+14	2.07e-24	3.57e-18	9.02e-13	3.80e-08	1.44e-04	1.00e+00	1.78e-04	0.00e+00
 3.10943e+14	2.55e-24	4.24e-18	1.03e-12	4.16e-08	1.51e-04	1.00e+00	1.70e-04	0.00e+00
 3.18360e+14	3.24e-24	5.14e-18	1.19e-12	4.57e-08	1.58e-04	1.00e+00	1.63e-04	0.00e+00
 3.28002e+14	4.24e-24	6.42e-18	1.43e-12	5.14e-08	1.67e-04	1.00e+00	1.53e-04	0.00e+00
 3.38573e+14	5.77e-24	8.24e-18	1.73e-12	5.84e-08	1.78e-04	1.00e+00	1.44e-04	0.00e+00
 3.48338e+14	7.60e-24	1.03e-17	2.05e-12	6.53e-08	1.88e-04	1.00e+00	1.36e-04	0.00e+00
 3.59020e+14	1.02e-23	1.31e-17	2.46e-12	7.37e-08	2.00e-04	1.00e+00	1.28e-04	0.00e+00
 3.71039e+14	1.38e-23	1.68e-17	2.99e-12	8.40e-08	2.13e-04	1.00e+00	1.20e-04	0.00e+00
 3.82465e+14	1.87e-23	2.13e-17	3.59e-12	9.48e-08	2.26e-04	1.00e+00	1.13e-04	0.00e+00
 3.94988e+14	2.48e-23	2.71e-17	4.35e-12	1.08e-07	2.41e-04	1.00e+00	1.06e-04	0.00e+00
 4.08932e+14	3.47e-23	3.55e-17	5.36e-12	1.24e-07	2.58e-04	1.00e+00	9.91e-05	0.00e+00
 4.22043e+14	4.71e-23	4.55e-17	6.47e-12	1.40e-07	2.75e-04	1.00e+00	9.31e-05	0.00e+00
 4.36405e+14	6.44e-23	5.87e-17	7.91e-12	1.60e-07	2.94e-04	1.00e+00	8.71e-05	0.00e+00
 4.52338e+14	8.83e-23	7.65e-17	9.80e-12	1.85e-07	3.16e-04	1.00e+00	8.10e-05	0.00e+00
 4.67082e+14	1.21e-22	9.86e-17	1.19e-11	2.10e-07	3.37e-04	1.00e+00	7.60e-05	0.00e+00
 4.83017e+14	1.63e-22	1.26e-16	1.45e-11	2.40e-07	3.60e-04	1.00e+00	7.10e-05	0.00e+00
 5.00818e+14	2.29e-22	1.67e-16	1.80e-11	2.78e-07	3.87e-04	1.00e+00	6.60e-05	0.00e+00
 5.17484e+14	3.03e-22	2.12e-16	2.19e-11	3.17e-07	4.14e-04	1.00e+00	6.18e-05	0.00e+00
 5.35589e+14	4.13e-22	2.74e-16	2.68e-11	3.63e-07	4.44e-04	9.99e-01	5.76e-05	0.00e+00
 5.55757e+14	5.83e-22	3.63e-16	3.35e-11	4.21e-07	4.78e-04	9.99e-01	5.34e-05	0.00e+00
 5.74569e+14	7.92e-22	4.66e-16	4.08e-11	4.81e-07	5.12e-04	9.99e-01	4.99e-05	0.00e+00
 5.94987e+14	1.07e-21	6.02e-16	5.02e-11	5.54e-07	5.50e-04	9.99e-01	4.65e-05	0.00e+00
 6.17646e+14	1.51e-21	7.97e-16	6.27e-11	6.43e-07	5.93e-04	9.99e-01	4.31e-05	0.00e+00
 6.38873e+14	2.00e-21	1.01e-15	7.66e-11	7.37e-07	6.36e-04	9.99e-01	4.01e-05	0.00e+00
 6.61975e+14	2.77e-21	1.33e-15	9.47e-11	8.50e-07	6.84e-04	9.99e-01	3.73e-05	0.00e+00
 6.87685e+14	3.88e-21	1.75e-15	1.19e-10	9.90e-07	7.40e-04	9.99e-01	3.45e-05	0.00e+00
 7.10313e+14	5.17e-21	2.23e-15	1.44e-10	1.13e-06	7.91e-04	9.99e-01	3.23e-05	0.00e+00
 7.29696e+14	6.49e-21	2.70e-15	1.68e-10	1.26e-06	8.37e-04	9.99e-01	3.05e-05	0.00e+00
 7.48315e+14	8.10e-21	3.25e-15	1.96e-10	1.39e-06	8.81e-04	9.99e-01	2.89e-05	0.00e+00
 7.69361e+14	1.03e-20	3.99e-15	2.30e-10	1.55e-06	9.33e-04	9.99e-01	2.73e-05	0.00e+00
 7.92685e+14	1.33e-20	4.94e-15	2.75e-10	1.75e-06	9.93e-04	9.99e-01	2.56e-05	0.00e+00
 8.14228e+14	1.69e-20	6.02e-15	3.22e-10	1.95e-06	1.05e-03	9.99e-01	2.43e-05	0.00e+00
 8.37492e+14	2.15e-20	7.39e-15	3.81e-10	2.19e-06	1.11e-03	9.99e-01	2.29e-05	0.00e+00
 8.63491e+14	2.81e-20	9.23e-15	4.56e-10	2.47e-06	1.19e-03	9.99e-01	2.15e-05	0.00e+00
 8.88028e+14	3.58e-20	1.13e-14	5.38e-10	2.77e-06	1.26e-03	9.99e-01	2.02e-05	0.00e+00
 9.14908e+14	4.63e-20	1.40e-14	6.42e-10	3.12e-06	1.34e-03	9.99e-01	1.90e-05	0.00e+00
 9.44860e+14	6.10e-20	1.77e-14	7.76e-10	3.55e-06	1.43e-03	9.99e-01	1.77e-05	0.00e+00
 9.72841e+14	7.84e-20	2.19e-14	9.22e-10	3.99e-06	1.52e-03	9.98e-01	1.67e-05	0.00e+00
 1.00325e+15	1.02e-19	2.74e-14	1.10e-09	4.52e-06	1.62e-03	9.98e-01	1.56e-05	0.00e+00
 1.03737e+15	1.37e-19	3.49e-14	1.35e-09	5.17e-06	1.74e-03	9.98e-01	1.46e-05	0.00e+00
 1.06993e+15	1.78e-19	4.36e-14	1.61e-09	5.85e-06	1.86e-03	9.98e-01	1.37e-05	0.00e+00
 1.10589e+15	2.36e-19	5.54e-14	1.96e-09	6.68e-06	1.99e-03	9.98e-01	1.27e-05	0.00e+00
 1.14620e+15	3.22e-19	7.18e-14	2.42e-09	7.72e-06	2.15e-03	9.98e-01	1.18e-05	0.00e+00
 1.18421e+15	4.24e-19	9.07e-14	2.93e-09	8.79e-06	2.30e-03	9.98e-01	1.10e-05	0.00e+00
 1.22569e+15	5.74e-19	1.17e-13	3.59e-09	1.01e-05	2.47e-03	9.98e-01	1.02e-05	0.00e+00
 1.27198e+15	7.83e-19	1.52e-13	4.47e-09	1.17e-05	2.67e-03	9.97e-01	9.45e-06	0.00e+00
 1.31536e+15	1.05e-18	1.94e-13	5.44e-09	1.34e-05	2.87e-03	9.97e-01	8.79e-06	0.00e+00
 1.36257e+15	1.43e-18	2.51e-13	6.69e-09	1.55e-05	3.09e-03	9.97e-01	8.15e-06	0.00e+00
 1.41560e+15	1.97e-18	3.29e-13	8.37e-09	1.80e-05	3.36e-03	9.97e-01	7.50e-06	0.00e+00
 1.46560e+15	2.66e-18	4.24e-13	1.03e-08	2.07e-05	3.61e-03	9.96e-01	6.97e-06	0.00e+00
 1.50594e+15	3.31e-18	5.12e-13	1.20e-08	2.31e-05	3.83e-03	9.96e-01	6.57e-06	0.00e+00
 1.53823e+15	4.01e-18	6.00e-13	1.36e-08	2.52e-05	4.00e-03	9.96e-01	6.27e-06	0.00e+00
 1.57412e+15	4.82e-18	7.04e-13	1.56e-08	2.76e-05	4.21e-03	9.96e-01	5.97e-06	0.00e+00
 1.62078e+15	6.26e-18	8.74e-13	1.85e-08	3.11e-05	4.48e-03	9.95e-01	5.59e-06	0.00e+00
 1.67048e+15	8.04e-18	1.08e-12	2.21e-08	3.51e-05	4.79e-03	9.95e-01	5.23e-06	0.00e+00
 1.71376e+15	9.98e-18	1.30e-12	2.57e-08	3.89e-05	5.06e-03	9.95e-01	4.95e-06	0.00e+00
 1.75969e+15	1.23e-17	1.56e-12	3.00e-08	4.32e-05	5.35e-03	9.95e-01	4.67e-06	0.00e+00
 1.81940e+15	1.66e-17	1.99e-12	3.64e-08	4.95e-05	5.76e-03	9.94e-01	4.33e-06	0.00e+00
 1.88030e+15	2.17e-17	2.51e-12	4.42e-08	5.65e-05	6.19e-03	9.94e-01	4.03e-06	0.00e+00
 1.92991e+15	2.70e-17	3.02e-12	5.14e-08	6.27e-05	6.56e-03	9.93e-01	3.80e-06	0.00e+00
 1.98155e+15	3.31e-17	3.61e-12	6.00e-08	6.97e-05	6.95e-03	9.93e-01	3.58e-06	0.00e+00
 2.04868e+15	4.44e-17	4.61e-12	7.28e-08	7.98e-05	7.48e-03	9.92e-01	3.32e-06	0.00e+00
 2.11947e+15	5.86e-17	5.85e-12	8.88e-08	9.14e-05	8.08e-03	9.92e-01	3.07e-06	0.00e+00
 2.18069e+15	7.42e-17	7.16e-12	1.05e-07	1.03e-04	8.60e-03	9.91e-01	2.88e-06	0.00e+00
 2.24596e+15	9.24e-17	8.70e-12	1.25e-07	1.15e-04	9.18e-03	9.91e-01	2.70e-06	0.00e+00
 2.32852e+15	1.27e-16	1.14e-11	1.54e-07	1.33e-04	9.96e-03	9.90e-01	2.53e-06	0.00e+00
 2.41408e+15	1.91e-16	1.46e-11	1.90e-07	1.54e-04	1.08e-02	9.89e-01	2.39e-06	0.00e+00
 2.48897e+15	2.45e-16	1.80e-11	2.27e-07	1.74e-04	1.16e-02	9.88e-01	2.28e-06	0.00e+00
 2.56948e+15	3.21e-16	2.26e-11	2.73e-07	1.98e-04	1.24e-02	9.87e-01	2.17e-06	0.00e+00
 2.66730e+15	4.31e-16	2.93e-11	3.40e-07	2.30e-04	1.35e-02	9.86e-01	2.05e-06	0.00e+00
 2.76527e+15	5.87e-16	3.79e-11	4.21e-07	2.66e-04	1.47e-02	9.85e-01	1.94e-06	0.00e+00
 2.85256e+15	7.33e-16	4.63e-11	5.05e-07	3.02e-04	1.58e-02	9.84e-01	1.86e-06	0.00e+00
 2.92668e+15	9.33e-16	5.63e-11	5.87e-07	3.34e-04	1.67e-02	9.83e-01	1.80e-06	0.00e+00
 2.99054e+15	1.12e-15	6.57e-11	6.67e-07	3.64e-04	1.75e-02	9.82e-01	1.75e-06	0.00e+00
 3.06269e+15	1.34e-15	7.70e-11	7.68e-07	4.01e-04	1.85e-02	9.81e-01	1.70e-06	0.00e+00
 3.15649e+15	1.77e-15	9.68e-11	9.18e-07	4.53e-04	1.99e-02	9.80e-01	1.64e-06	0.00e+00
 3.25280e+15	2.24e-15	1.19e-10	1.10e-06	5.11e-04	2.13e-02	9.78e-01	1.58e-06	0.00e+00
 3.33173e+15	2.78e-15	1.42e-10	1.27e-06	5.62e-04	2.24e-02	9.77e-01	1.55e-06	0.00e+00
 3.41371e+15	3.32e-15	1.67e-10	1.46e-06	6.19e-04	2.37e-02	9.76e-01	1.51e-06	0.00e+00
 3.52028e+15	4.43e-15	2.11e-10	1.76e-06	7.01e-04	2.54e-02	9.74e-01	1.47e-06	0.00e+00
 3.63072e+15	5.63e-15	2.61e-10	2.11e-06	7.93e-04	2.73e-02	9.72e-01	1.43e-06	0.00e+00
 3.72316e+15	7.08e-15	3.16e-10	2.46e-06	8.77e-04	2.89e-02	9.70e-01	1.41e-06	0.00e+00
 3.82025e+15	8.56e-15	3.76e-10	2.87e-06	9.72e-04	3.05e-02	9.68e-01	1.39e-06	0.00e+00
 3.94647e+15	1.17e-14	4.84e-10	3.49e-06	1.11e-03	3.29e-02	9.66e-01	1.36e-06	0.00e+00
 4.07762e+15	1.54e-14	6.13e-10	4.25e-06	1.26e-03	3.54e-02	9.63e-01	1.34e-06	0.00e+00
 4.18851e+15	1.91e-14	7.43e-10	5.00e-06	1.40e-03	3.76e-02	9.61e-01	1.33e-06	0.00e+00
 4.30601e+15	2.37e-14	9.00e-10	5.91e-06	1.57e-03	4.00e-02	9.58e-01	1.31e-06	0.00e+00
 4.45875e+15	3.33e-14	1.19e-09	7.32e-06	1.80e-03	4.33e-02	9.55e-01	1.31e-06	0.00e+00
 4.61920e+15	4.44e-14	1.53e-09	9.07e-06	2.08e-03	4.68e-02	9.51e-01	1.29e-06	0.00e+00
 4.75869e+15	5.62e-14	1.89e-09	1.09e-05	2.34e-03	4.99e-02	9.48e-01	1.29e-06	0.00e+00
 4.90905e+15	7.67e-14	2.43e-09	1.32e-05	2.65e-03	5.36e-02	9.44e-01	1.30e-06	0.00e+00
 5.09392e+15	1.04e-13	3.17e-09	1.65e-05	3.07e-03	5.81e-02	9.39e-01	1.29e-06	0.00e+00
 5.28162e+15	1.46e-13	4.21e-09	2.06e-05	3.55e-03	6.29e-02	9.34e-01	1.31e-06	0.00e+00
 5.44836e+15	1.90e-13	5.29e-09	2.49e-05	4.02e-03	6.72e-02	9.29e-01	1.31e-06	0.00e+00
 5.58840e+15	2.38e-13	6.42e-09	2.92e-05	4.45e-03	7.10e-02	9.25e-01	1.32e-06	0.00e+00
 5.70835e+15	2.91e-13	7.58e-09	3.33e-05	4.85e-03	7.44e-02	9.21e-01	1.33e-06	0.00e+00
 5.84372e+15	3.57e-13	9.04e-09	3.84e-05	5.32e-03	7.82e-02	9.16e-01	1.34e-06	0.00e+00
 6.01970e+15	4.63e-13	1.13e-08	4.62e-05	6.00e-03	8.34e-02	9.11e-01	1.34e-06	0.00e+00
 6.20135e+15	5.94e-13	1.41e-08	5.55e-05	6.74e-03	8.87e-02	9.05e-01	1.35e-06	0.00e+00
 6.35096e+15	7.38e-13	1.69e-08	6.43e-05	7.42e-03	9.33e-02	8.99e-01	1.37e-06	0.00e+00
 6.50604e+15	9.43e-13	2.07e-08	7.49e-05	8.17e-03	9.83e-02	8.93e-01	1.39e-06	0.00e+00
 6.70763e+15	1.24e-12	2.62e-08	9.06e-05	9.24e-03	1.05e-01	8.86e-01	1.40e-06	1.36e-12
 6.91637e+15	1.65e-12	3.32e-08	1.10e-04	1.04e-02	1.12e-01	8.78e-01	1.42e-06	0.00e+00
 7.08965e+15	2.08e-12	4.04e-08	1.28e-04	1.15e-02	1.18e-01	8.71e-01	1.44e-06	1.50e-12
 7.27015e+15	2.63e-12	4.92e-08	1.50e-04	1.27e-02	1.24e-01	8.63e-01	1.45e-06	0.00e+00
 7.50480e+15	3.56e-12	6.36e-08	1.83e-04	1.45e-02	1.32e-01	8.53e-01	1.47e-06	1.64e-12
 7.74774e+15	4.75e-12	8.12e-08	2.23e-04	1.64e-02	1.41e-01	8.42e-01	1.49e-06	0.00e+00
 7.95172e+15	5.92e-12	9.85e-08	2.62e-04	1.82e-02	1.48e-01	8.33e-01	1.50e-06	1.78e-12
 8.16717e+15	7.58e-12	1.22e-07	3.10e-04	2.02e-02	1.57e-01	8.23e-01	1.51e-06	0.00e+00
 8.44727e+15	1.10e-11	1.64e-07	3.86e-04	2.32e-02	1.68e-01	8.09e-01	1.55e-06	0.00e+00
 8.72926e+15	1.43e-11	2.07e-07	4.72e-04	2.63e-02	1.78e-01	7.95e-01	1.55e-06	2.04e-12
 8.96235e+15	1.83e-11	2.55e-07	5.58e-04	2.92e-02	1.88e-01	7.83e-01	1.56e-06	0.00e+00
 9.21400e+15	2.38e-11	3.19e-07	6.66e-04	3.26e-02	1.98e-01	7.69e-01	1.57e-06	0.00e+00
 9.54113e+15	3.53e-11	4.37e-07	8.38e-04	3.76e-02	2.12e-01	7.50e-01	1.59e-06	0.00e+00
 9.86345e+15	4.82e-11	5.68e-07	1.03e-03	4.28e-02	2.25e-01	7.32e-01	1.60e-06	2.40e-12
 1.01192e+16	6.20e-11	7.02e-07	1.22e-03	4.73e-02	2.35e-01	7.16e-01	1.61e-06	0.00e+00
 1.03914e+16	8.03e-11	8.72e-07	1.44e-03	5.25e-02	2.46e-01	7.00e-01	1.61e-06	0.00e+00
 1.06661e+16	1.02e-10	1.07e-06	1.70e-03	5.81e-02	2.57e-01	6.83e-01	1.60e-06	0.00e+00
 1.08984e+16	1.24e-10	1.26e-06	1.95e-03	6.31e-02	2.67e-01	6.68e-01	1.60e-06	0.00e+00
 1.11546e+16	1.55e-10	1.53e-06	2.27e-03	6.91e-02	2.77e-01	6.52e-01	1.59e-06	0.00e+00
 1.14314e+16	2.07e-10	1.93e-06	2.68e-03	7.63e-02	2.89e-01	6.32e-01	1.59e-06	0.00e+00
 1.16746e+16	2.52e-10	2.27e-06	3.07e-03	8.26e-02	2.98e-01	6.16e-01	1.58e-06	0.00e+00
 1.19306e+16	3.07e-10	2.70e-06	3.54e-03	8.98e-02	3.08e-01	5.99e-01	1.57e-06	0.00e+00
 1.22633e+16	4.27e-10	3.51e-06	4.28e-03	1.00e-01	3.21e-01	5.74e-01	1.56e-06	0.00e+00
 1.25799e+16	5.29e-10	4.24e-06	5.03e-03	1.10e-01	3.31e-01	5.53e-01	1.53e-06	0.00e+00
 1.28287e+16	6.46e-10	5.02e-06	5.74e-03	1.19e-01	3.40e-01	5.35e-01	1.51e-06	0.00e+00
 1.31054e+16	8.08e-10	6.06e-06	6.65e-03	1.29e-01	3.49e-01	5.15e-01	1.49e-06	0.00e+00
 1.34652e+16	1.15e-09	8.02e-06	8.09e-03	1.44e-01	3.62e-01	4.86e-01	1.46e-06	0.00e+00
 1.38082e+16	1.49e-09	9.95e-06	9.58e-03	1.58e-01	3.71e-01	4.61e-01	1.43e-06	0.00e+00
 1.40653e+16	1.82e-09	1.18e-05	1.09e-02	1.70e-01	3.77e-01	4.42e-01	1.41e-06	0.00e+00
 1.43352e+16	2.28e-09	1.41e-05	1.25e-02	1.83e-01	3.84e-01	4.21e-01	1.38e-06	0.00e+00
 1.46862e+16	2.87e-09	1.73e-05	1.49e-02	2.00e-01	3.90e-01	3.95e-01	1.33e-06	0.00e+00
 1.50465e+16	4.01e-09	2.25e-05	1.78e-02	2.20e-01	3.96e-01	3.66e-01	1.29e-06	0.00e+00
 1.53342e+16	5.05e-09	2.72e-05	2.05e-02	2.36e-01	4.00e-01	3.44e-01	1.26e-06	0.00e+00
 1.55762e+16	6.15e-09	3.19e-05	2.31e-02	2.50e-01	4.01e-01	3.26e-01	1.23e-06	0.00e+00
 1.58438e+16	7.72e-09	3.84e-05	2.65e-02	2.67e-01	4.02e-01	3.04e-01	1.19e-06	0.00e+00
 1.61372e+16	9.31e-09	4.52e-05	3.04e-02	2.85e-01	4.01e-01	2.84e-01	1.15e-06	0.00e+00
 1.64078e+16	1.21e-08	5.54e-05	3.50e-02	3.03e-01	4.00e-01	2.62e-01	1.11e-06	0.00e+00
 1.66508e+16	1.53e-08	6.68e-05	3.96e-02	3.20e-01	3.97e-01	2.43e-01	1.08e-06	0.00e+00
 1.68708e+16	1.82e-08	7.68e-05	4.41e-02	3.35e-01	3.93e-01	2.27e-01	1.05e-06	0.00e+00
 1.71134e+16	2.17e-08	8.93e-05	4.98e-02	3.53e-01	3.88e-01	2.10e-01	1.01e-06	0.00e+00
 1.73792e+16	2.72e-08	1.07e-04	5.69e-02	3.72e-01	3.80e-01	1.91e-01	9.67e-07	0.00e+00
 1.76132e+16	3.40e-08	1.28e-04	6.43e-02	3.90e-01	3.72e-01	1.74e-01	0.00e+00	0.00e+00
 1.78122e+16	4.16e-08	1.50e-04	7.14e-02	4.05e-01	3.64e-01	1.60e-01	0.00e+00	0.00e+00
 1.79966e+16	5.02e-08	1.73e-04	7.88e-02	4.19e-01	3.55e-01	1.47e-01	0.00e+00	0.00e+00
 1.82051e+16	6.18e-08	2.04e-04	8.82e-02	4.35e-01	3.44e-01	1.32e-01	0.00e+00	0.00e+00
 1.84276e+16	8.23e-08	2.53e-04	1.00e-01	4.52e-01	3.31e-01	1.17e-01	0.00e+00	0.00e+00
 1.86110e+16	1.01e-07	2.96e-04	1.11e-01	4.66e-01	3.18e-01	1.05e-01	0.00e+00	0.00e+00
 1.87627e+16	1.25e-07	3.46e-04	1.21e-01	4.77e-01	3.07e-01	9.46e-02	0.00e+00	0.00e+00
 1.89081e+16	1.47e-07	3.92e-04	1.31e-01	4.87e-01	2.95e-01	8.59e-02	0.00e+00	0.00e+00
 1.90750e+16	1.68e-07	4.38e-04	1.43e-01	4.98e-01	2.81e-01	7.67e-02	0.00e+00	0.00e+00
 1.92619e+16	2.07e-07	5.16e-04	1.59e-01	5.09e-01	2.65e-01	6.65e-02	0.00e+00	0.00e+00
 1.94267e+16	2.58e-07	6.07e-04	1.75e-01	5.18e-01	2.48e-01	5.76e-02	0.00e+00	0.00e+00
 1.95580e+16	3.29e-07	7.23e-04	1.90e-01	5.25e-01	2.34e-01	5.02e-02	0.00e+00	0.00e+00
 1.96601e+16	3.82e-07	8.06e-04	2.02e-01	5.29e-01	2.23e-01	4.51e-02	0.00e+00	0.00e+00
 1.97597e+16	4.25e-07	8.76e-04	2.13e-01	5.33e-01	2.12e-01	4.06e-02	0.00e+00	0.00e+00
 1.98891e+16	5.46e-07	1.05e-03	2.32e-01	5.37e-01	1.96e-01	3.43e-02	0.00e+00	0.00e+00
 2.00090e+16	6.09e-07	1.14e-03	2.46e-01	5.39e-01	1.83e-01	3.00e-02	0.00e+00	0.00e+00
 2.01164e+16	7.57e-07	1.33e-03	2.64e-01	5.40e-01	1.69e-01	2.54e-02	0.00e+00	0.00e+00
 2.02217e+16	8.57e-07	1.46e-03	2.79e-01	5.40e-01	1.57e-01	2.20e-02	0.00e+00	0.00e+00
 2.02999e+16	1.02e-06	1.65e-03	2.93e-01	5.39e-01	1.47e-01	1.91e-02	0.00e+00	0.00e+00
 2.03555e+16	1.12e-06	1.77e-03	3.02e-01	5.38e-01	1.40e-01	1.74e-02	0.00e+00	0.00e+00
 2.04057e+16	1.20e-06	1.86e-03	3.11e-01	5.38e-01	1.34e-01	1.60e-02	0.00e+00	0.00e+00
 2.04711e+16	1.33e-06	2.00e-03	3.22e-01	5.36e-01	1.26e-01	1.42e-02	0.00e+00	0.00e+00
 2.05439e+16	1.50e-06	2.19e-03	3.35e-01	5.33e-01	1.17e-01	1.23e-02	0.00e+00	0.00e+00
 2.06090e+16	1.75e-06	2.43e-03	3.48e-01	5.30e-01	1.09e-01	1.06e-02	0.00e+00	0.00e+00
 2.06591e+16	1.91e-06	2.59e-03	3.58e-01	5.27e-01	1.03e-01	9.53e-03	0.00e+00	0.00e+00
 2.07073e+16	2.10e-06	2.76e-03	3.67e-01	5.24e-01	9.72e-02	8.51e-03	0.00e+00	0.00e+00
 2.07699e+16	2.35e-06	3.00e-03	3.80e-01	5.20e-01	8.99e-02	7.32e-03	0.00e+00	0.00e+00
 2.08358e+16	2.58e-06	3.21e-03	3.92e-01	5.16e-01	8.28e-02	6.28e-03	0.00e+00	0.00e+00
 2.08963e+16	2.98e-06	3.55e-03	4.05e-01	5.10e-01	7.60e-02	5.30e-03	0.00e+00	0.00e+00
 2.09486e+16	3.22e-06	3.75e-03	4.15e-01	5.06e-01	7.08e-02	4.64e-03	0.00e+00	0.00e+00
 2.09999e+16	3.56e-06	4.02e-03	4.25e-01	5.01e-01	6.55e-02	4.00e-03	0.00e+00	0.00e+00
 2.10667e+16	4.19e-06	4.49e-03	4.40e-01	4.93e-01	5.86e-02	3.22e-03	0.00e+00	0.00e+00
 2.11296e+16	4.69e-06	4.86e-03	4.53e-01	4.87e-01	5.31e-02	2.67e-03	0.00e+00	0.00e+00
 2.11782e+16	5.17e-06	5.20e-03	4.63e-01	4.81e-01	4.89e-02	2.28e-03	0.00e+00	0.00e+00
 2.12323e+16	5.76e-06	5.61e-03	4.74e-01	4.74e-01	4.44e-02	1.90e-03	0.00e+00	0.00e+00
 2.13026e+16	6.67e-06	6.20e-03	4.89e-01	4.65e-01	3.89e-02	1.48e-03	0.00e+00	0.00e+00
 2.13740e+16	7.66e-06	6.82e-03	5.03e-01	4.55e-01	3.41e-02	1.15e-03	0.00e+00	0.00e+00
 2.14331e+16	8.57e-06	7.38e-03	5.14e-01	4.47e-01	3.04e-02	9.24e-04	0.00e+00	0.00e+00
 2.14961e+16	9.74e-06	8.05e-03	5.27e-01	4.38e-01	2.67e-02	7.22e-04	0.00e+00	0.00e+00
 2.15781e+16	1.15e-05	8.99e-03	5.43e-01	4.25e-01	2.25e-02	5.21e-04	0.00e+00	0.00e+00
 2.16622e+16	1.35e-05	1.01e-02	5.58e-01	4.12e-01	1.89e-02	3.73e-04	0.00e+00	0.00e+00
 2.17329e+16	1.55e-05	1.11e-02	5.71e-01	4.01e-01	1.63e-02	2.79e-04	0.00e+00	0.00e+00
 2.17884e+16	1.73e-05	1.19e-02	5.81e-01	3.93e-01	1.45e-02	2.23e-04	0.00e+00	0.00e+00
 2.18325e+16	1.88e-05	1.26e-02	5.89e-01	3.85e-01	1.31e-02	1.86e-04	0.00e+00	0.00e+00
 2.18821e+16	2.08e-05	1.35e-02	5.97e-01	3.77e-01	1.17e-02	1.50e-04	0.00e+00	0.00e+00
 2.19465e+16	2.35e-05	1.46e-02	6.08e-01	3.67e-01	1.01e-02	1.13e-04	0.00e+00	0.00e+00
 2.20143e+16	2.68e-05	1.60e-02	6.20e-01	3.55e-01	8.72e-03	8.53e-05	0.00e+00	0.00e+00
 2.20727e+16	3.00e-05	1.72e-02	6.29e-01	3.46e-01	7.66e-03	6.66e-05	0.00e+00	0.00e+00
 2.21348e+16	3.38e-05	1.87e-02	6.39e-01	3.36e-01	6.64e-03	5.09e-05	0.00e+00	0.00e+00
 2.22155e+16	3.94e-05	2.07e-02	6.52e-01	3.22e-01	5.52e-03	3.58e-05	0.00e+00	0.00e+00
 2.22951e+16	4.60e-05	2.30e-02	6.64e-01	3.09e-01	4.62e-03	2.55e-05	0.00e+00	0.00e+00
 2.23546e+16	5.17e-05	2.48e-02	6.72e-01	2.99e-01	4.04e-03	1.99e-05	0.00e+00	0.00e+00
 2.24130e+16	5.78e-05	2.68e-02	6.81e-01	2.89e-01	3.53e-03	1.54e-05	0.00e+00	0.00e+00
 2.24889e+16	6.72e-05	2.96e-02	6.92e-01	2.76e-01	2.95e-03	1.10e-05	0.00e+00	0.00e+00
 2.25652e+16	7.85e-05	3.28e-02	7.02e-01	2.63e-01	2.47e-03	7.94e-06	0.00e+00	0.00e+00
 2.26244e+16	8.87e-05	3.56e-02	7.10e-01	2.52e-01	2.15e-03	6.16e-06	0.00e+00	0.00e+00
 2.26840e+16	9.98e-05	3.85e-02	7.17e-01	2.42e-01	1.87e-03	4.75e-06	0.00e+00	0.00e+00
 2.27614e+16	1.17e-04	4.29e-02	7.27e-01	2.29e-01	1.55e-03	3.37e-06	0.00e+00	0.00e+00
 2.28377e+16	1.38e-04	4.79e-02	7.35e-01	2.16e-01	1.28e-03	2.41e-06	0.00e+00	0.00e+00
 2.28943e+16	1.57e-04	5.20e-02	7.41e-01	2.06e-01	1.12e-03	1.88e-06	0.00e+00	0.00e+00
 2.29495e+16	1.76e-04	5.63e-02	7.46e-01	1.96e-01	9.72e-04	1.47e-06	0.00e+00	0.00e+00
 2.30213e+16	2.07e-04	6.25e-02	7.52e-01	1.84e-01	8.06e-04	1.06e-06	0.00e+00	0.00e+00
 2.30928e+16	2.45e-04	6.99e-02	7.58e-01	1.72e-01	6.68e-04	7.61e-07	0.00e+00	0.00e+00
 2.31468e+16	2.79e-04	7.62e-02	7.61e-01	1.62e-01	5.78e-04	0.00e+00	0.00e+00	0.00e+00
 2.31922e+16	3.11e-04	8.19e-02	7.63e-01	1.54e-01	5.10e-04	0.00e+00	0.00e+00	0.00e+00
 2.32441e+16	3.52e-04	8.89e-02	7.65e-01	1.46e-01	4.40e-04	0.00e+00	0.00e+00	0.00e+00
 2.33115e+16	4.16e-04	9.92e-02	7.66e-01	1.34e-01	3.61e-04	0.00e+00	0.00e+00	0.00e+00
 2.33786e+16	4.97e-04	1.11e-01	7.65e-01	1.23e-01	2.95e-04	0.00e+00	0.00e+00	0.00e+00
 2.34287e+16	5.69e-04	1.22e-01	7.63e-01	1.15e-01	2.53e-04	0.00e+00	0.00e+00	0.00e+00
 2.34704e+16	6.37e-04	1.31e-01	7.60e-01	1.08e-01	2.21e-04	0.00e+00	0.00e+00	0.00e+00
 2.35181e+16	7.25e-04	1.43e-01	7.56e-01	1.00e-01	1.88e-04	0.00e+00	0.00e+00	0.00e+00
 2.35800e+16	8.62e-04	1.59e-01	7.49e-01	9.05e-02	1.52e-04	0.00e+00	0.00e+00	0.00e+00
 2.36421e+16	1.04e-03	1.80e-01	7.39e-01	8.08e-02	1.21e-04	0.00e+00	0.00e+00	0.00e+00
 2.36890e+16	1.20e-03	1.97e-01	7.28e-01	7.37e-02	1.01e-04	0.00e+00	0.00e+00	0.00e+00
 2.37284e+16	1.35e-03	2.13e-01	7.18e-01	6.77e-02	8.63e-05	0.00e+00	0.00e+00	0.00e+00
 2.37736e+16	1.56e-03	2.32e-01	7.05e-01	6.13e-02	7.14e-05	0.00e+00	0.00e+00	0.00e+00
 2.38322e+16	1.88e-03	2.61e-01	6.84e-01	5.32e-02	5.51e-05	0.00e+00	0.00e+00	0.00e+00
 2.38920e+16	2.30e-03	2.95e-01	6.57e-01	4.52e-02	4.15e-05	0.00e+00	0.00e+00	0.00e+00
 2.39390e+16	2.72e-03	3.26e-01	6.32e-01	3.92e-02	3.25e-05	0.00e+00	0.00e+00	0.00e+00
 2.39859e+16	3.19e-03	3.59e-01	6.04e-01	3.36e-02	2.51e-05	0.00e+00	0.00e+00	0.00e+00
 2.40468e+16	3.96e-03	4.06e-01	5.63e-01	2.69e-02	1.75e-05	0.00e+00	0.00e+00	0.00e+00
 2.41070e+16	4.98e-03	4.61e-01	5.13e-01	2.07e-02	1.17e-05	0.00e+00	0.00e+00	0.00e+00
 2.41505e+16	5.93e-03	5.05e-01	4.72e-01	1.67e-02	8.44e-06	0.00e+00	0.00e+00	0.00e+00
 2.41844e+16	6.75e-03	5.41e-01	4.38e-01	1.39e-02	6.41e-06	0.00e+00	0.00e+00	0.00e+00
 2.42219e+16	7.83e-03	5.82e-01	3.99e-01	1.11e-02	4.63e-06	0.00e+00	0.00e+00	0.00e+00
 2.42627e+16	9.22e-03	6.28e-01	3.54e-01	8.50e-03	3.13e-06	0.00e+00	0.00e+00	0.00e+00
 2.42973e+16	1.07e-02	6.69e-01	3.14e-01	6.55e-03	2.17e-06	0.00e+00	0.00e+00	0.00e+00
 2.43251e+16	1.20e-02	7.01e-01	2.82e-01	5.23e-03	1.59e-06	0.00e+00	0.00e+00	0.00e+00
 2.43546e+16	1.35e-02	7.34e-01	2.49e-01	4.03e-03	1.11e-06	0.00e+00	0.00e+00	0.00e+00
 2.43872e+16	1.55e-02	7.69e-01	2.13e-01	2.93e-03	7.19e-07	0.00e+00	0.00e+00	0.00e+00
 2.44163e+16	1.76e-02	8.00e-01	1.81e-01	2.13e-03	0.00e+00	0.00e+00	0.00e+00	0.00e+00
 2.44403e+16	1.96e-02	8.23e-01	1.56e-01	1.61e-03	0.00e+00	0.00e+00	0.00e+00	0.00e+00
 2.44656e+16	2.19e-02	8.44e-01	1.32e-01	1.18e-03	0.00e+00	0.00e+00	0.00e+00	0.00e+00
 2.44936e+16	2.49e-02	8.66e-01	1.08e-01	8.03e-04	0.00e+00	0.00e+00	0.00e+00	0.00e+00
 2.45186e+16	2.79e-02	8.83e-01	8.84e-02	5.53e-04	0.00e+00	0.00e+00	0.00e+00	0.00e+00
 2.45394e+16	3.09e-02	8.95e-01	7.37e-02	3.96e-04	0.00e+00	0.00e+00	0.00e+00	0.00e+00
 2.45616e+16	3.43e-02	9.05e-01	6.01e-02	2.72e-04	0.00e+00	0.00e+00	0.00e+00	0.00e+00
 2.45862e+16	3.87e-02	9.14e-01	4.70e-02	1.75e-04	0.00e+00	0.00e+00	0.00e+00	0.00e+00
 2.46079e+16	4.33e-02	9.20e-01	3.71e-02	1.14e-04	0.00e+00	0.00e+00	0.00e+00	0.00e+00
 2.46257e+16	4.74e-02	9.22e-01	3.02e-02	7.89e-05	0.00e+00	0.00e+00	0.00e+00	0.00e+00
 2.46443e+16	5.22e-02	9.24e-01	2.41e-02	5.26e-05	0.00e+00	0.00e+00	0.00e+00	0.00e+00
 2.46642e+16	5.81e-02	9.23e-01	1.87e-02	3.35e-05	0.00e+00	0.00e+00	0.00e+00	0.00e+00
 2.46813e+16	6.38e-02	9.21e-01	1.48e-02	2.21e-05	0.00e+00	0.00e+00	0.00e+00	0.00e+00
 2.46958e+16	6.90e-02	9.19e-01	1.21e-02	1.54e-05	0.00e+00	0.00e+00	0.00e+00	0.00e+00
 2.47095e+16	7.43e-02	9.16e-01	9.92e-03	1.08e-05	0.00e+00	0.00e+00	0.00e+00	0.00e+00
 2.47239e+16	8.07e-02	9.11e-01	7.99e-03	7.36e-06	0.00e+00	0.00e+00	0.00e+00	0.00e+00
 2.47383e+16	8.72e-02	9.06e-01	6.39e-03	4.95e-06	0.00e+00	0.00e+00	0.00e+00	0.00e+00
 2.47511e+16	9.34e-02	9.01e-01	5.22e-03	3.46e-06	0.00e+00	0.00e+00	0.00e+00	0.00e+00
 2.47620e+16	9.91e-02	8.97e-01	4.36e-03	2.52e-06	0.00e+00	0.00e+00	0.00e+00	0.00e+00
 2.47720e+16	1.05e-01	8.92e-01	3.69e-03	1.88e-06	0.00e+00	0.00e+00	0.00e+00	0.00e+00
 2.47799e+16	1.09e-01	8.88e-01	3.23e-03	1.49e-06	0.00e+00	0.00e+00	0.00e+00	0.00e+00
 2.47851e+16	1.12e-01	8.85e-01	2.96e-03	1.28e-06	0.00e+00	0.00e+00	0.00e+00	0.00e+00
 2.47899e+16	1.15e-01	8.82e-01	2.72e-03	1.10e-06	0.00e+00	0.00e+00	0.00e+00	0.00e+00
 2.47955e+16	1.18e-01	8.79e-01	2.47e-03	9.28e-07	0.00e+00	0.00e+00	0.00e+00	0.00e+00
 2.48017e+16	1.22e-01	8.75e-01	2.21e-03	0.00e+00	0.00e+00	0.00e+00	0.00e+00	0.00e+00
 2.48077e+16	1.26e-01	8.72e-01	1.99e-03	0.00e+00	0.00e+00	0.00e+00	0.00e+00	0.00e+00
 2.48134e+16	1.30e-01	8.68e-01	1.80e-03	0.00e+00	0.00e+00	0.00e+00	0.00e+00	0.00e+00
 2.48189e+16	1.34e-01	8.65e-01	1.63e-03	0.00e+00	0.00e+00	0.00e+00	0.00e+00	0.00e+00
 2.48245e+16	1.38e-01	8.61e-01	1.47e-03	0.00e+00	0.00e+00	0.00e+00	0.00e+00	0.00e+00
 2.48302e+16	1.42e-01	8.57e-01	1.32e-03	0.00e+00	0.00e+00	0.00e+00	0.00e+00	0.00e+00
 2.48358e+16	1.46e-01	8.53e-01	1.19e-03	0.00e+00	0.00e+00	0.00e+00	0.00e+00	0.00e+00
 2.48413e+16	1.50e-01	8.49e-01	1.08e-03	0.00e+00	0.00e+00	0.00e+00	0.00e+00	0.00e+00
 2.48468e+16	1.54e-01	8.45e-01	9.72e-04	0.00e+00	0.00e+00	0.00e+00	0.00e+00	0.00e+00
 2.48524e+16	1.58e-01	8.41e-01	8.76e-04	0.00e+00	0.00e+00	0.00e+00	0.00e+00	0.00e+00
 2.48579e+16	1.62e-01	8.37e-01	7.89e-04	0.00e+00	0.00e+00	0.00e+00	0.00e+00	0.00e+00
 2.48634e+16	1.67e-01	8.32e-01	7.11e-04	0.00e+00	0.00e+00	0.00e+00	0.00e+00	0.00e+00
 2.48689e+16	1.72e-01	8.28e-01	6.40e-04	0.00e+00	0.00e+00	0.00e+00	0.00e+00	0.00e+00
 2.48745e+16	1.76e-01	8.23e-01	5.75e-04	0.00e+00	0.00e+00	0.00e+00	0.00e+00	0.00e+00
 2.48801e+16	1.81e-01	8.18e-01	5.18e-04	0.00e+00	0.00e+00	0.00e+00	0.00e+00	0.00e+00
 2.48855e+16	1.86e-01	8.14e-01	4.66e-04	0.00e+00	0.00e+00	0.00e+00	0.00e+00	0.00e+00
 2.48912e+16	1.91e-01	8.09e-01	4.19e-04	0.00e+00	0.00e+00	0.00e+00	0.00e+00	0.00e+00
 2.48968e+16	1.96e-01	8.03e-01	3.76e-04	0.00e+00	0.00e+00	0.00e+00	0.00e+00	0.00e+00
 2.49025e+16	2.02e-01	7.98e-01	3.37e-04	0.00e+00	0.00e+00	0.00e+00	0.00e+00	0.00e+00
 2.49082e+16	2.08e-01	7.92e-01	3.03e-04	0.00e+00	0.00e+00	0.00e+00	0.00e+00	0.00e+00
 2.49140e+16	2.14e-01	7.86e-01	2.72e-04	0.00e+00	0.00e+00	0.00e+00	0.00e+00	0.00e+00
 2.49199e+16	2.19e-01	7.80e-01	2.43e-04	0.00e+00	0.00e+00	0.00e+00	0.00e+00	0.00e+00
 2.49259e+16	2.26e-01	7.74e-01	2.18e-04	0.00e+00	0.00e+00	0.00e+00	0.00e+00	0.00e+00
 2.49318e+16	2.33e-01	7.67e-01	1.96e-04	0.00e+00	0.00e+00	0.00e+00	0.00e+00	0.00e+00
 2.49378e+16	2.39e-01	7.61e-01	1.76e-04	0.00e+00	0.00e+00	0.00e+00	0.00e+00	0.00e+00
 2.49439e+16	2.46e-01	7.54e-01	1.58e-04	0.00e+00	0.00e+00	0.00e+00	0.00e+00	0.00e+00
 2.49500e+16	2.53e-01	7.47e-01	1.43e-04	0.00e+00	0.00e+00	0.00e+00	0.00e+00	0.00e+00
 2.49562e+16	2.61e-01	7.39e-01	1.29e-04	0.00e+00	0.00e+00	0.00e+00	0.00e+00	0.00e+00
 2.49626e+16	2.69e-01	7.31e-01	1.16e-04	0.00e+00	0.00e+00	0.00e+00	0.00e+00	0.00e+00
 2.49692e+16	2.77e-01	7.23e-01	1.05e-04	0.00e+00	0.00e+00	0.00e+00	0.00e+00	0.00e+00
 2.49760e+16	2.86e-01	7.14e-01	9.54e-05	0.00e+00	0.00e+00	0.00e+00	0.00e+00	0.00e+00
 2.49832e+16	2.94e-01	7.06e-01	8.66e-05	0.00e+00	0.00e+00	0.00e+00	0.00e+00	0.00e+00
