#depth	O	O+	O+2	O+3	O+4	O+5	O+6	O+7	O+8	O[1]	O[2]	O[3]
 1.49634e+10	3.95e-48	2.85e-36	1.10e-25	9.86e-17	1.48e-09	9.57e-05	1.00e+00	0.00e+00	0.00e+00	0.00e+00	0.00e+00	0.00e+00
 4.54887e+10	0.00e+00	4.21e-36	1.51e-25	1.25e-16	1.73e-09	1.04e-04	1.00e+00	0.00e+00	0.00e+00	0.00e+00	0.00e+00	0.00e+00
 7.72350e+10	1.01e-47	6.22e-36	2.06e-25	1.58e-16	2.02e-09	1.12e-04	1.00e+00	0.00e+00	0.00e+00	0.00e+00	0.00e+00	0.00e+00
 1.10251e+11	0.00e+00	9.19e-36	2.81e-25	2.00e-16	2.37e-09	1.21e-04	1.00e+00	0.00e+00	0.00e+00	0.00e+00	0.00e+00	0.00e+00
 1.44588e+11	2.56e-47	1.36e-35	3.85e-25	2.53e-16	2.77e-09	1.32e-04	1.00e+00	0.00e+00	0.00e+00	0.00e+00	0.00e+00	0.00e+00
 1.80298e+11	0.00e+00	2.00e-35	5.26e-25	3.20e-16	3.25e-09	1.42e-04	1.00e+00	0.00e+00	0.00e+00	0.00e+00	0.00e+00	0.00e+00
 2.17437e+11	6.52e-47	2.96e-35	7.19e-25	4.05e-16	3.80e-09	1.54e-04	1.00e+00	0.00e+00	0.00e+00	0.00e+00	0.00e+00	0.00e+00
 2.56061e+11	0.00e+00	4.37e-35	9.83e-25	5.13e-16	4.46e-09	1.67e-04	1.00e+00	0.00e+00	0.00e+00	0.00e+00	0.00e+00	0.00e+00
 2.96231e+11	1.66e-46	6.44e-35	1.34e-24	6.49e-16	5.22e-09	1.81e-04	1.00e+00	0.00e+00	0.00e+00	0.00e+00	0.00e+00	0.00e+00
 3.38007e+11	0.00e+00	9.51e-35	1.84e-24	8.21e-16	6.11e-09	1.96e-04	1.00e+00	0.00e+00	0.00e+00	0.00e+00	0.00e+00	0.00e+00
 3.81454e+11	4.20e-46	1.40e-34	2.51e-24	1.04e-15	7.16e-09	2.12e-04	1.00e+00	0.00e+00	0.00e+00	0.00e+00	0.00e+00	0.00e+00
 4.26639e+11	0.00e+00	2.07e-34	3.43e-24	1.32e-15	8.39e-09	2.30e-04	1.00e+00	0.00e+00	0.00e+00	0.00e+00	0.00e+00	0.00e+00
 4.73631e+11	1.06e-45	3.05e-34	4.68e-24	1.67e-15	9.84e-09	2.49e-04	1.00e+00	0.00e+00	0.00e+00	0.00e+00	0.00e+00	0.00e+00
 5.22503e+11	0.00e+00	4.49e-34	6.39e-24	2.11e-15	1.15e-08	2.70e-04	1.00e+00	0.00e+00	0.00e+00	0.00e+00	0.00e+00	0.00e+00
 5.73330e+11	2.69e-45	6.61e-34	8.73e-24	2.67e-15	1.35e-08	2.93e-04	1.00e+00	0.00e+00	0.00e+00	0.00e+00	0.00e+00	0.00e+00
 6.26190e+11	0.00e+00	9.73e-34	1.19e-23	3.38e-15	1.58e-08	3.17e-04	1.00e+00	0.00e+00	0.00e+00	0.00e+00	0.00e+00	0.00e+00
 6.81164e+11	6.78e-45	1.43e-33	1.63e-23	4.28e-15	1.86e-08	3.44e-04	1.00e+00	0.00e+00	0.00e+00	0.00e+00	0.00e+00	0.00e+00
 7.38337e+11	0.00e+00	2.11e-33	2.22e-23	5.41e-15	2.18e-08	3.73e-04	1.00e+00	0.00e+00	0.00e+00	0.00e+00	0.00e+00	0.00e+00
 7.97798e+11	1.70e-44	3.10e-33	3.03e-23	6.85e-15	2.55e-08	4.04e-04	1.00e+00	0.00e+00	0.00e+00	0.00e+00	0.00e+00	0.00e+00
 8.59636e+11	0.00e+00	4.55e-33	4.13e-23	8.67e-15	2.99e-08	4.39e-04	1.00e+00	0.00e+00	0.00e+00	0.00e+00	0.00e+00	0.00e+00
 9.23949e+11	4.27e-44	6.68e-33	5.64e-23	1.10e-14	3.51e-08	4.76e-04	1.00e+00	0.00e+00	0.00e+00	0.00e+00	0.00e+00	0.00e+00
 9.90833e+11	0.00e+00	9.80e-33	7.69e-23	1.39e-14	4.12e-08	5.16e-04	9.99e-01	0.00e+00	0.00e+00	0.00e+00	0.00e+00	0.00e+00
 1.06039e+12	1.07e-43	1.44e-32	1.05e-22	1.76e-14	4.84e-08	5.60e-04	9.99e-01	0.00e+00	0.00e+00	0.00e+00	0.00e+00	0.00e+00
 1.13274e+12	0.00e+00	2.11e-32	1.43e-22	2.23e-14	5.67e-08	6.08e-04	9.99e-01	0.00e+00	0.00e+00	0.00e+00	0.00e+00	0.00e+00
 1.20797e+12	2.66e-43	3.09e-32	1.94e-22	2.82e-14	6.66e-08	6.60e-04	9.99e-01	0.00e+00	0.00e+00	0.00e+00	0.00e+00	0.00e+00
 1.28622e+12	0.00e+00	4.52e-32	2.65e-22	3.57e-14	7.82e-08	7.17e-04	9.99e-01	0.00e+00	0.00e+00	0.00e+00	0.00e+00	0.00e+00
 1.36759e+12	6.58e-43	6.60e-32	3.60e-22	4.52e-14	9.18e-08	7.79e-04	9.99e-01	0.00e+00	0.00e+00	0.00e+00	0.00e+00	0.00e+00
 1.45222e+12	0.00e+00	9.65e-32	4.90e-22	5.72e-14	1.08e-07	8.47e-04	9.99e-01	0.00e+00	0.00e+00	0.00e+00	0.00e+00	0.00e+00
 1.54024e+12	1.62e-42	1.41e-31	6.67e-22	7.24e-14	1.27e-07	9.20e-04	9.99e-01	0.00e+00	0.00e+00	0.00e+00	0.00e+00	0.00e+00
 1.63178e+12	0.00e+00	2.05e-31	9.06e-22	9.16e-14	1.49e-07	1.00e-03	9.99e-01	0.00e+00	0.00e+00	0.00e+00	0.00e+00	0.00e+00
 1.72697e+12	3.98e-42	2.99e-31	1.23e-21	1.16e-13	1.75e-07	1.09e-03	9.99e-01	0.00e+00	0.00e+00	0.00e+00	0.00e+00	0.00e+00
 1.82598e+12	0.00e+00	4.35e-31	1.67e-21	1.47e-13	2.05e-07	1.18e-03	9.99e-01	0.00e+00	0.00e+00	0.00e+00	0.00e+00	0.00e+00
 1.92895e+12	9.69e-42	6.32e-31	2.27e-21	1.86e-13	2.41e-07	1.29e-03	9.99e-01	0.00e+00	0.00e+00	0.00e+00	0.00e+00	0.00e+00
 2.03603e+12	0.00e+00	9.18e-31	3.07e-21	2.35e-13	2.84e-07	1.40e-03	9.99e-01	0.00e+00	0.00e+00	0.00e+00	0.00e+00	0.00e+00
 2.14740e+12	2.34e-41	1.33e-30	4.17e-21	2.97e-13	3.33e-07	1.52e-03	9.98e-01	0.00e+00	0.00e+00	0.00e+00	0.00e+00	0.00e+00
 2.26322e+12	0.00e+00	1.93e-30	5.64e-21	3.76e-13	3.92e-07	1.66e-03	9.98e-01	0.00e+00	0.00e+00	0.00e+00	0.00e+00	0.00e+00
 2.38368e+12	5.62e-41	2.79e-30	7.64e-21	4.75e-13	4.61e-07	1.81e-03	9.98e-01	0.00e+00	0.00e+00	0.00e+00	0.00e+00	0.00e+00
 2.50895e+12	0.00e+00	4.02e-30	1.03e-20	6.01e-13	5.42e-07	1.97e-03	9.98e-01	0.00e+00	0.00e+00	0.00e+00	0.00e+00	0.00e+00
 2.63924e+12	1.34e-40	5.79e-30	1.40e-20	7.60e-13	6.37e-07	2.15e-03	9.98e-01	0.00e+00	0.00e+00	0.00e+00	0.00e+00	0.00e+00
 2.77473e+12	0.00e+00	8.34e-30	1.88e-20	9.61e-13	7.50e-07	2.34e-03	9.98e-01	0.00e+00	0.00e+00	0.00e+00	0.00e+00	0.00e+00
 2.91565e+12	3.15e-40	1.20e-29	2.54e-20	1.21e-12	8.82e-07	2.55e-03	9.97e-01	0.00e+00	0.00e+00	0.00e+00	0.00e+00	0.00e+00
 3.06220e+12	0.00e+00	1.72e-29	3.43e-20	1.54e-12	1.04e-06	2.78e-03	9.97e-01	0.00e+00	0.00e+00	0.00e+00	0.00e+00	0.00e+00
 3.21461e+12	7.35e-40	2.46e-29	4.61e-20	1.94e-12	1.22e-06	3.04e-03	9.97e-01	0.00e+00	0.00e+00	0.00e+00	0.00e+00	0.00e+00
 3.37313e+12	0.00e+00	3.51e-29	6.21e-20	2.45e-12	1.43e-06	3.31e-03	9.97e-01	0.00e+00	0.00e+00	0.00e+00	0.00e+00	0.00e+00
 3.53798e+12	1.69e-39	5.00e-29	8.34e-20	3.09e-12	1.69e-06	3.62e-03	9.96e-01	0.00e+00	0.00e+00	0.00e+00	0.00e+00	0.00e+00
 3.70942e+12	0.00e+00	7.12e-29	1.12e-19	3.91e-12	1.98e-06	3.95e-03	9.96e-01	0.00e+00	0.00e+00	0.00e+00	0.00e+00	0.00e+00
 3.88773e+12	3.85e-39	1.01e-28	1.50e-19	4.93e-12	2.33e-06	4.32e-03	9.96e-01	0.00e+00	0.00e+00	0.00e+00	0.00e+00	0.00e+00
 4.07316e+12	0.00e+00	1.43e-28	2.01e-19	6.22e-12	2.74e-06	4.72e-03	9.95e-01	0.00e+00	0.00e+00	0.00e+00	0.00e+00	0.00e+00
 4.26602e+12	8.65e-39	2.02e-28	2.69e-19	7.85e-12	3.23e-06	5.16e-03	9.95e-01	0.00e+00	0.00e+00	0.00e+00	0.00e+00	0.00e+00
 4.46658e+12	0.00e+00	2.85e-28	3.59e-19	9.91e-12	3.79e-06	5.64e-03	9.94e-01	0.00e+00	0.00e+00	0.00e+00	0.00e+00	0.00e+00
 4.67517e+12	1.91e-38	4.00e-28	4.79e-19	1.25e-11	4.46e-06	6.17e-03	9.94e-01	0.00e+00	0.00e+00	0.00e+00	0.00e+00	0.00e+00
 4.89211e+12	0.00e+00	5.61e-28	6.39e-19	1.57e-11	5.23e-06	6.75e-03	9.93e-01	0.00e+00	0.00e+00	0.00e+00	0.00e+00	0.00e+00
 5.11772e+12	4.16e-38	7.84e-28	8.50e-19	1.98e-11	6.15e-06	7.39e-03	9.93e-01	0.00e+00	0.00e+00	0.00e+00	0.00e+00	0.00e+00
 5.35235e+12	0.00e+00	1.09e-27	1.13e-18	2.50e-11	7.22e-06	8.09e-03	9.92e-01	0.00e+00	0.00e+00	0.00e+00	0.00e+00	0.00e+00
 5.59638e+12	8.88e-38	1.52e-27	1.50e-18	3.15e-11	8.48e-06	8.86e-03	9.91e-01	0.00e+00	0.00e+00	0.00e+00	0.00e+00	0.00e+00
 5.85016e+12	0.00e+00	2.11e-27	1.99e-18	3.97e-11	9.95e-06	9.71e-03	9.90e-01	0.00e+00	0.00e+00	0.00e+00	0.00e+00	0.00e+00
 6.11409e+12	1.86e-37	2.91e-27	2.64e-18	4.99e-11	1.17e-05	1.06e-02	9.89e-01	0.00e+00	0.00e+00	0.00e+00	0.00e+00	0.00e+00
 6.38858e+12	0.00e+00	4.02e-27	3.49e-18	6.28e-11	1.37e-05	1.17e-02	9.88e-01	0.00e+00	0.00e+00	0.00e+00	0.00e+00	0.00e+00
 6.67405e+12	3.84e-37	5.53e-27	4.62e-18	7.91e-11	1.60e-05	1.28e-02	9.87e-01	0.00e+00	0.00e+00	0.00e+00	0.00e+00	0.00e+00
 6.97094e+12	0.00e+00	7.59e-27	6.10e-18	9.95e-11	1.88e-05	1.40e-02	9.86e-01	0.00e+00	0.00e+00	0.00e+00	0.00e+00	0.00e+00
 7.27970e+12	7.78e-37	1.04e-26	8.05e-18	1.25e-10	2.20e-05	1.54e-02	9.85e-01	0.00e+00	0.00e+00	0.00e+00	0.00e+00	0.00e+00
 7.60082e+12	0.00e+00	1.42e-26	1.06e-17	1.57e-10	2.57e-05	1.69e-02	9.83e-01	0.00e+00	0.00e+00	0.00e+00	0.00e+00	0.00e+00
 7.93478e+12	1.55e-36	1.94e-26	1.40e-17	1.98e-10	3.01e-05	1.85e-02	9.81e-01	0.00e+00	0.00e+00	0.00e+00	0.00e+00	0.00e+00
 8.28210e+12	0.00e+00	2.65e-26	1.85e-17	2.49e-10	3.51e-05	2.03e-02	9.80e-01	0.00e+00	0.00e+00	0.00e+00	0.00e+00	0.00e+00
 8.64331e+12	3.06e-36	3.62e-26	2.44e-17	3.13e-10	4.10e-05	2.23e-02	9.78e-01	0.00e+00	0.00e+00	0.00e+00	0.00e+00	0.00e+00
 9.01897e+12	0.00e+00	4.94e-26	3.22e-17	3.94e-10	4.78e-05	2.45e-02	9.75e-01	0.00e+00	0.00e+00	0.00e+00	0.00e+00	0.00e+00
 9.40965e+12	5.99e-36	6.75e-26	4.25e-17	4.96e-10	5.58e-05	2.69e-02	9.73e-01	0.00e+00	0.00e+00	0.00e+00	0.00e+00	0.00e+00
 9.81596e+12	0.00e+00	9.23e-26	5.63e-17	6.24e-10	6.50e-05	2.95e-02	9.70e-01	0.00e+00	0.00e+00	0.00e+00	0.00e+00	0.00e+00
 1.02385e+13	1.18e-35	1.27e-25	7.46e-17	7.86e-10	7.57e-05	3.23e-02	9.68e-01	0.00e+00	0.00e+00	0.00e+00	0.00e+00	0.00e+00
 1.06780e+13	0.00e+00	1.74e-25	9.90e-17	9.89e-10	8.81e-05	3.54e-02	9.64e-01	0.00e+00	0.00e+00	0.00e+00	0.00e+00	0.00e+00
 1.11350e+13	2.32e-35	2.40e-25	1.32e-16	1.25e-09	1.03e-04	3.88e-02	9.61e-01	0.00e+00	0.00e+00	0.00e+00	0.00e+00	0.00e+00
 1.16104e+13	0.00e+00	3.33e-25	1.76e-16	1.57e-09	1.19e-04	4.25e-02	9.57e-01	0.00e+00	0.00e+00	0.00e+00	0.00e+00	0.00e+00
 1.21047e+13	4.65e-35	4.63e-25	2.35e-16	1.98e-09	1.39e-04	4.66e-02	9.53e-01	0.00e+00	0.00e+00	0.00e+00	0.00e+00	0.00e+00
 1.26188e+13	6.62e-35	6.47e-25	3.14e-16	2.49e-09	1.61e-04	5.09e-02	9.49e-01	0.00e+00	0.00e+00	0.00e+00	0.00e+00	0.00e+00
 1.31535e+13	9.49e-35	9.09e-25	4.21e-16	3.14e-09	1.87e-04	5.57e-02	9.44e-01	0.00e+00	0.00e+00	0.00e+00	0.00e+00	0.00e+00
 1.37096e+13	1.37e-34	1.28e-24	5.67e-16	3.95e-09	2.17e-04	6.08e-02	9.39e-01	0.00e+00	0.00e+00	0.00e+00	0.00e+00	0.00e+00
 1.42879e+13	1.98e-34	1.82e-24	7.64e-16	4.98e-09	2.52e-04	6.63e-02	9.33e-01	0.00e+00	0.00e+00	0.00e+00	0.00e+00	0.00e+00
 1.48893e+13	2.88e-34	2.58e-24	1.03e-15	6.28e-09	2.92e-04	7.23e-02	9.27e-01	0.00e+00	0.00e+00	0.00e+00	0.00e+00	0.00e+00
 1.55148e+13	4.22e-34	3.69e-24	1.39e-15	7.92e-09	3.39e-04	7.88e-02	9.21e-01	0.00e+00	0.00e+00	0.00e+00	0.00e+00	0.00e+00
 1.61653e+13	6.22e-34	5.30e-24	1.89e-15	9.97e-09	3.93e-04	8.57e-02	9.14e-01	0.00e+00	0.00e+00	0.00e+00	0.00e+00	0.00e+00
 1.68419e+13	9.21e-34	7.62e-24	2.56e-15	1.26e-08	4.56e-04	9.32e-02	9.06e-01	0.00e+00	0.00e+00	0.00e+00	0.00e+00	0.00e+00
 1.75455e+13	1.37e-33	1.10e-23	3.48e-15	1.58e-08	5.28e-04	1.01e-01	8.98e-01	0.00e+00	0.00e+00	0.00e+00	0.00e+00	0.00e+00
 1.82772e+13	2.05e-33	1.59e-23	4.72e-15	1.99e-08	6.12e-04	1.10e-01	8.90e-01	0.00e+00	0.00e+00	0.00e+00	0.00e+00	0.00e+00
 1.90383e+13	3.09e-33	2.32e-23	6.42e-15	2.51e-08	7.08e-04	1.19e-01	8.80e-01	0.00e+00	0.00e+00	0.00e+00	0.00e+00	0.00e+00
 1.98297e+13	4.66e-33	3.37e-23	8.73e-15	3.15e-08	8.19e-04	1.29e-01	8.71e-01	0.00e+00	0.00e+00	0.00e+00	0.00e+00	0.00e+00
 2.06528e+13	7.06e-33	4.91e-23	1.19e-14	3.97e-08	9.47e-04	1.39e-01	8.60e-01	0.00e+00	0.00e+00	0.00e+00	0.00e+00	0.00e+00
 2.15089e+13	1.07e-32	7.17e-23	1.62e-14	4.98e-08	1.09e-03	1.50e-01	8.49e-01	0.00e+00	0.00e+00	0.00e+00	0.00e+00	0.00e+00
 2.23991e+13	1.64e-32	1.05e-22	2.20e-14	6.25e-08	1.26e-03	1.62e-01	8.37e-01	0.00e+00	0.00e+00	0.00e+00	0.00e+00	0.00e+00
 2.33250e+13	2.50e-32	1.53e-22	2.99e-14	7.84e-08	1.46e-03	1.74e-01	8.25e-01	0.00e+00	0.00e+00	0.00e+00	0.00e+00	0.00e+00
 2.42880e+13	3.83e-32	2.24e-22	4.06e-14	9.82e-08	1.68e-03	1.87e-01	8.12e-01	0.00e+00	0.00e+00	0.00e+00	0.00e+00	0.00e+00
 2.52561e+13	5.80e-32	3.24e-22	5.46e-14	1.22e-07	1.93e-03	2.00e-01	7.98e-01	0.00e+00	0.00e+00	0.00e+00	0.00e+00	0.00e+00
 2.62629e+13	8.79e-32	4.68e-22	7.34e-14	1.52e-07	2.21e-03	2.14e-01	7.84e-01	0.00e+00	0.00e+00	0.00e+00	0.00e+00	0.00e+00
 2.73433e+13	1.35e-31	6.85e-22	9.95e-14	1.89e-07	2.53e-03	2.29e-01	7.69e-01	0.00e+00	0.00e+00	0.00e+00	0.00e+00	0.00e+00
 2.84670e+13	2.09e-31	1.00e-21	1.35e-13	2.36e-07	2.91e-03	2.45e-01	7.53e-01	0.00e+00	0.00e+00	0.00e+00	0.00e+00	0.00e+00
 2.96356e+13	3.22e-31	1.46e-21	1.82e-13	2.94e-07	3.34e-03	2.61e-01	7.36e-01	0.00e+00	0.00e+00	0.00e+00	0.00e+00	0.00e+00
 3.08509e+13	4.97e-31	2.14e-21	2.46e-13	3.66e-07	3.82e-03	2.78e-01	7.18e-01	0.00e+00	0.00e+00	0.00e+00	0.00e+00	0.00e+00
 3.21149e+13	7.68e-31	3.13e-21	3.33e-13	4.55e-07	4.37e-03	2.95e-01	7.00e-01	0.00e+00	0.00e+00	0.00e+00	0.00e+00	0.00e+00
 3.34294e+13	1.19e-30	4.56e-21	4.48e-13	5.64e-07	4.98e-03	3.13e-01	6.82e-01	0.00e+00	0.00e+00	0.00e+00	0.00e+00	0.00e+00
 3.47965e+13	1.83e-30	6.64e-21	6.03e-13	6.99e-07	5.68e-03	3.32e-01	6.62e-01	0.00e+00	0.00e+00	0.00e+00	0.00e+00	0.00e+00
 3.62183e+13	2.83e-30	9.65e-21	8.10e-13	8.64e-07	6.47e-03	3.51e-01	6.43e-01	0.00e+00	0.00e+00	0.00e+00	0.00e+00	0.00e+00
 3.76970e+13	4.37e-30	1.40e-20	1.09e-12	1.07e-06	7.35e-03	3.70e-01	6.22e-01	0.00e+00	0.00e+00	0.00e+00	0.00e+00	0.00e+00
 3.92348e+13	6.76e-30	2.03e-20	1.46e-12	1.32e-06	8.34e-03	3.90e-01	6.02e-01	0.00e+00	0.00e+00	0.00e+00	0.00e+00	0.00e+00
 4.08341e+13	1.04e-29	2.94e-20	1.95e-12	1.62e-06	9.44e-03	4.10e-01	5.81e-01	0.00e+00	0.00e+00	0.00e+00	0.00e+00	0.00e+00
 4.24974e+13	1.61e-29	4.25e-20	2.60e-12	1.99e-06	1.07e-02	4.30e-01	5.59e-01	0.00e+00	0.00e+00	0.00e+00	0.00e+00	0.00e+00
 4.42272e+13	2.48e-29	6.13e-20	3.46e-12	2.44e-06	1.20e-02	4.50e-01	5.38e-01	0.00e+00	0.00e+00	0.00e+00	0.00e+00	0.00e+00
 4.60262e+13	3.81e-29	8.83e-20	4.60e-12	2.98e-06	1.36e-02	4.70e-01	5.16e-01	0.00e+00	0.00e+00	0.00e+00	0.00e+00	0.00e+00
 4.78972e+13	5.86e-29	1.27e-19	6.10e-12	3.64e-06	1.53e-02	4.90e-01	4.94e-01	0.00e+00	0.00e+00	0.00e+00	0.00e+00	0.00e+00
 4.98430e+13	9.00e-29	1.82e-19	8.08e-12	4.43e-06	1.71e-02	5.10e-01	4.73e-01	0.00e+00	0.00e+00	0.00e+00	0.00e+00	0.00e+00
 5.18666e+13	1.38e-28	2.61e-19	1.07e-11	5.39e-06	1.92e-02	5.30e-01	4.51e-01	0.00e+00	0.00e+00	0.00e+00	0.00e+00	0.00e+00
 5.39712e+13	2.11e-28	3.73e-19	1.41e-11	6.55e-06	2.14e-02	5.49e-01	4.29e-01	0.00e+00	0.00e+00	0.00e+00	0.00e+00	0.00e+00
 5.61600e+13	3.23e-28	5.31e-19	1.85e-11	7.93e-06	2.39e-02	5.68e-01	4.08e-01	0.00e+00	0.00e+00	0.00e+00	0.00e+00	0.00e+00
 5.84363e+13	4.94e-28	7.56e-19	2.44e-11	9.59e-06	2.67e-02	5.86e-01	3.87e-01	0.00e+00	0.00e+00	0.00e+00	0.00e+00	0.00e+00
 6.08037e+13	7.53e-28	1.07e-18	3.19e-11	1.16e-05	2.96e-02	6.04e-01	3.66e-01	0.00e+00	0.00e+00	0.00e+00	0.00e+00	0.00e+00
 6.32658e+13	1.15e-27	1.52e-18	4.18e-11	1.39e-05	3.29e-02	6.21e-01	3.46e-01	0.00e+00	0.00e+00	0.00e+00	0.00e+00	0.00e+00
 6.58264e+13	1.74e-27	2.16e-18	5.47e-11	1.68e-05	3.64e-02	6.37e-01	3.26e-01	0.00e+00	0.00e+00	0.00e+00	0.00e+00	0.00e+00
 6.84893e+13	2.64e-27	3.03e-18	7.13e-11	2.01e-05	4.03e-02	6.52e-01	3.07e-01	0.00e+00	0.00e+00	0.00e+00	0.00e+00	0.00e+00
 7.12588e+13	4.01e-27	4.29e-18	9.28e-11	2.41e-05	4.44e-02	6.67e-01	2.89e-01	0.00e+00	0.00e+00	0.00e+00	0.00e+00	0.00e+00
 7.41391e+13	6.06e-27	6.02e-18	1.21e-10	2.89e-05	4.90e-02	6.80e-01	2.71e-01	0.00e+00	0.00e+00	0.00e+00	0.00e+00	0.00e+00
 7.71346e+13	9.19e-27	8.47e-18	1.57e-10	3.45e-05	5.39e-02	6.93e-01	2.53e-01	0.00e+00	0.00e+00	0.00e+00	0.00e+00	0.00e+00
 8.02499e+13	1.38e-26	1.18e-17	2.03e-10	4.11e-05	5.91e-02	7.04e-01	2.37e-01	0.00e+00	0.00e+00	0.00e+00	0.00e+00	0.00e+00
 8.34898e+13	2.09e-26	1.66e-17	2.62e-10	4.89e-05	6.48e-02	7.14e-01	2.21e-01	0.00e+00	0.00e+00	0.00e+00	0.00e+00	0.00e+00
 8.68594e+13	3.13e-26	2.31e-17	3.39e-10	5.81e-05	7.09e-02	7.24e-01	2.05e-01	0.00e+00	0.00e+00	0.00e+00	0.00e+00	0.00e+00
 9.03637e+13	4.72e-26	3.23e-17	4.36e-10	6.89e-05	7.75e-02	7.32e-01	1.91e-01	0.00e+00	0.00e+00	0.00e+00	0.00e+00	0.00e+00
 9.40081e+13	7.04e-26	4.48e-17	5.62e-10	8.16e-05	8.45e-02	7.38e-01	1.77e-01	0.00e+00	0.00e+00	0.00e+00	0.00e+00	0.00e+00
 9.77984e+13	1.06e-25	6.24e-17	7.22e-10	9.65e-05	9.20e-02	7.44e-01	1.64e-01	0.00e+00	0.00e+00	0.00e+00	0.00e+00	0.00e+00
 1.01740e+14	1.59e-25	8.64e-17	9.25e-10	1.14e-04	1.00e-01	7.48e-01	1.52e-01	0.00e+00	0.00e+00	0.00e+00	0.00e+00	0.00e+00
 1.05840e+14	2.37e-25	1.20e-16	1.18e-09	1.34e-04	1.09e-01	7.51e-01	1.40e-01	0.00e+00	0.00e+00	0.00e+00	0.00e+00	0.00e+00
 1.10103e+14	3.52e-25	1.65e-16	1.51e-09	1.58e-04	1.18e-01	7.53e-01	1.29e-01	0.00e+00	0.00e+00	0.00e+00	0.00e+00	0.00e+00
 1.14537e+14	5.23e-25	2.27e-16	1.93e-09	1.86e-04	1.27e-01	7.54e-01	1.19e-01	0.00e+00	0.00e+00	0.00e+00	0.00e+00	0.00e+00
 1.19149e+14	7.75e-25	3.11e-16	2.46e-09	2.18e-04	1.38e-01	7.53e-01	1.09e-01	0.00e+00	0.00e+00	0.00e+00	0.00e+00	0.00e+00
 1.23945e+14	1.15e-24	4.26e-16	3.13e-09	2.55e-04	1.48e-01	7.51e-01	1.00e-01	0.00e+00	0.00e+00	0.00e+00	0.00e+00	0.00e+00
 1.28932e+14	1.69e-24	5.83e-16	3.97e-09	2.98e-04	1.60e-01	7.48e-01	9.17e-02	0.00e+00	0.00e+00	0.00e+00	0.00e+00	0.00e+00
 1.34120e+14	2.50e-24	7.95e-16	5.03e-09	3.48e-04	1.72e-01	7.44e-01	8.38e-02	0.00e+00	0.00e+00	0.00e+00	0.00e+00	0.00e+00
 1.39514e+14	3.67e-24	1.08e-15	6.37e-09	4.05e-04	1.85e-01	7.39e-01	7.65e-02	0.00e+00	0.00e+00	0.00e+00	0.00e+00	0.00e+00
 1.45125e+14	5.38e-24	1.47e-15	8.04e-09	4.71e-04	1.98e-01	7.32e-01	6.98e-02	0.00e+00	0.00e+00	0.00e+00	0.00e+00	0.00e+00
 1.50960e+14	7.88e-24	1.99e-15	1.01e-08	5.47e-04	2.12e-01	7.24e-01	6.35e-02	0.00e+00	0.00e+00	0.00e+00	0.00e+00	0.00e+00
 1.57028e+14	1.15e-23	2.69e-15	1.28e-08	6.34e-04	2.26e-01	7.15e-01	5.77e-02	0.00e+00	0.00e+00	0.00e+00	0.00e+00	0.00e+00
 1.63339e+14	1.68e-23	3.62e-15	1.60e-08	7.34e-04	2.41e-01	7.06e-01	5.24e-02	0.00e+00	0.00e+00	0.00e+00	0.00e+00	0.00e+00
 1.69903e+14	2.43e-23	4.87e-15	2.01e-08	8.48e-04	2.57e-01	6.95e-01	4.74e-02	0.00e+00	0.00e+00	0.00e+00	0.00e+00	0.00e+00
 1.76567e+14	3.50e-23	6.49e-15	2.50e-08	9.76e-04	2.73e-01	6.83e-01	4.30e-02	0.00e+00	0.00e+00	0.00e+00	0.00e+00	0.00e+00
 1.83498e+14	5.02e-23	8.64e-15	3.12e-08	1.12e-03	2.89e-01	6.71e-01	3.89e-02	0.00e+00	0.00e+00	0.00e+00	0.00e+00	0.00e+00
 1.90867e+14	7.24e-23	1.15e-14	3.89e-08	1.29e-03	3.07e-01	6.57e-01	3.51e-02	0.00e+00	0.00e+00	0.00e+00	0.00e+00	0.00e+00
 1.98532e+14	1.04e-22	1.54e-14	4.84e-08	1.48e-03	3.24e-01	6.42e-01	3.16e-02	0.00e+00	0.00e+00	0.00e+00	0.00e+00	0.00e+00
 2.06503e+14	1.50e-22	2.04e-14	6.02e-08	1.69e-03	3.43e-01	6.27e-01	2.84e-02	0.00e+00	0.00e+00	0.00e+00	0.00e+00	0.00e+00
 2.14793e+14	2.14e-22	2.71e-14	7.47e-08	1.94e-03	3.61e-01	6.11e-01	2.55e-02	0.00e+00	0.00e+00	0.00e+00	0.00e+00	0.00e+00
 2.23415e+14	3.06e-22	3.58e-14	9.25e-08	2.21e-03	3.80e-01	5.95e-01	2.28e-02	0.00e+00	0.00e+00	0.00e+00	0.00e+00	0.00e+00
 2.32381e+14	4.27e-22	4.64e-14	1.14e-07	2.52e-03	4.00e-01	5.77e-01	2.04e-02	0.00e+00	0.00e+00	0.00e+00	0.00e+00	0.00e+00
 2.41707e+14	6.17e-22	6.20e-14	1.41e-07	2.86e-03	4.19e-01	5.60e-01	1.82e-02	0.00e+00	0.00e+00	0.00e+00	0.00e+00	0.00e+00
 2.51405e+14	8.58e-22	8.01e-14	1.73e-07	3.25e-03	4.39e-01	5.42e-01	1.62e-02	0.00e+00	0.00e+00	0.00e+00	0.00e+00	0.00e+00
 2.61491e+14	1.23e-21	1.06e-13	2.13e-07	3.68e-03	4.59e-01	5.23e-01	1.44e-02	0.00e+00	0.00e+00	0.00e+00	0.00e+00	0.00e+00
 2.71981e+14	1.74e-21	1.39e-13	2.61e-07	4.16e-03	4.79e-01	5.04e-01	1.28e-02	0.00e+00	0.00e+00	0.00e+00	0.00e+00	0.00e+00
 2.82890e+14	2.44e-21	1.81e-13	3.19e-07	4.70e-03	4.98e-01	4.86e-01	1.14e-02	0.00e+00	0.00e+00	0.00e+00	0.00e+00	0.00e+00
 2.94235e+14	3.42e-21	2.35e-13	3.90e-07	5.29e-03	5.18e-01	4.67e-01	1.01e-02	0.00e+00	0.00e+00	0.00e+00	0.00e+00	0.00e+00
 3.06035e+14	4.77e-21	3.04e-13	4.75e-07	5.95e-03	5.38e-01	4.47e-01	8.91e-03	0.00e+00	0.00e+00	0.00e+00	0.00e+00	0.00e+00
 3.18306e+14	6.65e-21	3.93e-13	5.77e-07	6.68e-03	5.57e-01	4.28e-01	7.86e-03	0.00e+00	0.00e+00	0.00e+00	0.00e+00	0.00e+00
 3.31068e+14	9.25e-21	5.07e-13	7.01e-07	7.48e-03	5.76e-01	4.09e-01	6.93e-03	0.00e+00	0.00e+00	0.00e+00	0.00e+00	0.00e+00
 3.44341e+14	1.28e-20	6.53e-13	8.48e-07	8.37e-03	5.95e-01	3.91e-01	6.10e-03	0.00e+00	0.00e+00	0.00e+00	0.00e+00	0.00e+00
 3.58144e+14	1.78e-20	8.39e-13	1.03e-06	9.34e-03	6.13e-01	3.72e-01	5.36e-03	0.00e+00	0.00e+00	0.00e+00	0.00e+00	0.00e+00
 3.72500e+14	2.45e-20	1.07e-12	1.24e-06	1.04e-02	6.31e-01	3.54e-01	4.70e-03	0.00e+00	0.00e+00	0.00e+00	0.00e+00	0.00e+00
 3.87430e+14	3.38e-20	1.37e-12	1.49e-06	1.16e-02	6.48e-01	3.36e-01	4.12e-03	0.00e+00	0.00e+00	0.00e+00	0.00e+00	0.00e+00
 4.02957e+14	4.65e-20	1.75e-12	1.79e-06	1.28e-02	6.65e-01	3.18e-01	3.60e-03	0.00e+00	0.00e+00	0.00e+00	0.00e+00	0.00e+00
 4.19105e+14	6.38e-20	2.24e-12	2.14e-06	1.42e-02	6.81e-01	3.01e-01	3.15e-03	0.00e+00	0.00e+00	0.00e+00	0.00e+00	0.00e+00
 4.35899e+14	8.75e-20	2.85e-12	2.57e-06	1.57e-02	6.97e-01	2.85e-01	2.74e-03	0.00e+00	0.00e+00	0.00e+00	0.00e+00	0.00e+00
 4.53365e+14	1.20e-19	3.62e-12	3.07e-06	1.74e-02	7.12e-01	2.69e-01	2.39e-03	0.00e+00	0.00e+00	0.00e+00	0.00e+00	0.00e+00
 4.71530e+14	1.64e-19	4.60e-12	3.66e-06	1.92e-02	7.26e-01	2.53e-01	2.08e-03	0.00e+00	0.00e+00	0.00e+00	0.00e+00	0.00e+00
 4.90421e+14	2.24e-19	5.83e-12	4.36e-06	2.11e-02	7.39e-01	2.38e-01	1.81e-03	0.00e+00	0.00e+00	0.00e+00	0.00e+00	0.00e+00
 5.10068e+14	3.05e-19	7.39e-12	5.19e-06	2.32e-02	7.52e-01	2.24e-01	1.57e-03	0.00e+00	0.00e+00	0.00e+00	0.00e+00	0.00e+00
 5.30500e+14	4.16e-19	9.35e-12	6.17e-06	2.55e-02	7.63e-01	2.10e-01	1.36e-03	0.00e+00	0.00e+00	0.00e+00	0.00e+00	0.00e+00
 5.51750e+14	5.67e-19	1.18e-11	7.32e-06	2.80e-02	7.74e-01	1.97e-01	1.17e-03	0.00e+00	0.00e+00	0.00e+00	0.00e+00	0.00e+00
 5.73850e+14	7.71e-19	1.49e-11	8.67e-06	3.07e-02	7.84e-01	1.84e-01	1.01e-03	0.00e+00	0.00e+00	0.00e+00	0.00e+00	0.00e+00
 5.96834e+14	1.05e-18	1.88e-11	1.03e-05	3.36e-02	7.94e-01	1.72e-01	8.75e-04	0.00e+00	0.00e+00	0.00e+00	0.00e+00	0.00e+00
 6.20737e+14	1.42e-18	2.38e-11	1.21e-05	3.67e-02	8.02e-01	1.60e-01	7.54e-04	0.00e+00	0.00e+00	0.00e+00	0.00e+00	0.00e+00
 6.45597e+14	1.93e-18	2.99e-11	1.43e-05	4.01e-02	8.10e-01	1.50e-01	6.49e-04	0.00e+00	0.00e+00	0.00e+00	0.00e+00	0.00e+00
 6.71451e+14	2.62e-18	3.77e-11	1.69e-05	4.37e-02	8.16e-01	1.39e-01	5.58e-04	0.00e+00	0.00e+00	0.00e+00	0.00e+00	0.00e+00
 6.98339e+14	3.56e-18	4.75e-11	1.99e-05	4.76e-02	8.22e-01	1.30e-01	4.79e-04	0.00e+00	0.00e+00	0.00e+00	0.00e+00	0.00e+00
 7.26302e+14	4.83e-18	5.98e-11	2.34e-05	5.18e-02	8.27e-01	1.20e-01	4.11e-04	0.00e+00	0.00e+00	0.00e+00	0.00e+00	0.00e+00
 7.55384e+14	6.55e-18	7.52e-11	2.75e-05	5.63e-02	8.32e-01	1.12e-01	3.52e-04	0.00e+00	0.00e+00	0.00e+00	0.00e+00	0.00e+00
 7.85629e+14	8.89e-18	9.45e-11	3.23e-05	6.12e-02	8.35e-01	1.03e-01	3.01e-04	0.00e+00	0.00e+00	0.00e+00	0.00e+00	0.00e+00
 8.17084e+14	1.20e-17	1.19e-10	3.80e-05	6.64e-02	8.38e-01	9.58e-02	2.57e-04	0.00e+00	0.00e+00	0.00e+00	0.00e+00	0.00e+00
 8.49798e+14	1.63e-17	1.49e-10	4.45e-05	7.20e-02	8.39e-01	8.86e-02	2.20e-04	0.00e+00	0.00e+00	0.00e+00	0.00e+00	0.00e+00
 8.83820e+14	2.21e-17	1.87e-10	5.21e-05	7.79e-02	8.40e-01	8.18e-02	1.87e-04	0.00e+00	0.00e+00	0.00e+00	0.00e+00	0.00e+00
 9.19202e+14	3.01e-17	2.35e-10	6.10e-05	8.43e-02	8.40e-01	7.55e-02	1.59e-04	0.00e+00	0.00e+00	1.70e-17	9.34e-18	3.75e-18
 9.54205e+14	4.00e-17	2.92e-10	7.08e-05	9.08e-02	8.39e-01	6.98e-02	1.37e-04	0.00e+00	0.00e+00	2.23e-17	1.32e-17	4.47e-18
 9.90609e+14	5.32e-17	3.61e-10	8.21e-05	9.77e-02	8.38e-01	6.45e-02	1.17e-04	0.00e+00	0.00e+00	2.97e-17	1.75e-17	5.94e-18
 1.03026e+15	7.21e-17	4.54e-10	9.57e-05	1.05e-01	8.35e-01	5.93e-02	9.92e-05	0.00e+00	0.00e+00	4.02e-17	2.37e-17	8.06e-18
 1.07030e+15	9.63e-17	5.63e-10	1.11e-04	1.13e-01	8.32e-01	5.46e-02	8.45e-05	0.00e+00	0.00e+00	5.37e-17	3.16e-17	1.08e-17
 1.11193e+15	1.29e-16	7.02e-10	1.29e-04	1.22e-01	8.28e-01	5.02e-02	7.17e-05	0.00e+00	0.00e+00	7.23e-17	4.25e-17	1.45e-17
 1.15644e+15	1.75e-16	8.78e-10	1.50e-04	1.31e-01	8.23e-01	4.60e-02	6.06e-05	0.00e+00	0.00e+00	9.76e-17	5.73e-17	1.96e-17
 1.20273e+15	2.36e-16	1.10e-09	1.74e-04	1.41e-01	8.17e-01	4.21e-02	5.12e-05	0.00e+00	0.00e+00	1.32e-16	7.75e-17	2.65e-17
 1.25087e+15	3.17e-16	1.37e-09	2.02e-04	1.51e-01	8.10e-01	3.85e-02	4.31e-05	0.00e+00	0.00e+00	1.77e-16	1.04e-16	3.56e-17
 1.30093e+15	4.30e-16	1.72e-09	2.35e-04	1.62e-01	8.02e-01	3.51e-02	3.62e-05	0.00e+00	0.00e+00	2.41e-16	1.41e-16	4.83e-17
 1.35300e+15	5.79e-16	2.14e-09	2.72e-04	1.74e-01	7.94e-01	3.20e-02	3.05e-05	0.00e+00	0.00e+00	3.24e-16	1.89e-16	6.49e-17
 1.40715e+15	7.82e-16	2.67e-09	3.14e-04	1.86e-01	7.85e-01	2.91e-02	2.56e-05	0.00e+00	0.00e+00	4.38e-16	2.55e-16	8.78e-17
 1.46347e+15	1.04e-15	3.31e-09	3.63e-04	1.98e-01	7.75e-01	2.65e-02	2.14e-05	0.00e+00	0.00e+00	5.86e-16	3.39e-16	1.17e-16
 1.52203e+15	1.41e-15	4.14e-09	4.21e-04	2.12e-01	7.63e-01	2.40e-02	1.79e-05	0.00e+00	0.00e+00	7.94e-16	4.59e-16	1.59e-16
 1.58295e+15	1.90e-15	5.14e-09	4.85e-04	2.26e-01	7.52e-01	2.18e-02	1.49e-05	0.00e+00	0.00e+00	1.07e-15	6.15e-16	2.14e-16
 1.64629e+15	2.56e-15	6.41e-09	5.59e-04	2.41e-01	7.39e-01	1.97e-02	1.24e-05	0.00e+00	0.00e+00	1.44e-15	8.27e-16	2.88e-16
 1.71218e+15	3.40e-15	7.90e-09	6.43e-04	2.56e-01	7.25e-01	1.78e-02	1.03e-05	0.00e+00	0.00e+00	1.92e-15	1.10e-15	3.83e-16
 1.77583e+15	4.51e-15	9.71e-09	7.34e-04	2.71e-01	7.12e-01	1.61e-02	8.67e-06	0.00e+00	0.00e+00	2.54e-15	1.45e-15	5.07e-16
 1.83450e+15	5.74e-15	1.16e-08	8.22e-04	2.85e-01	6.99e-01	1.48e-02	7.42e-06	0.00e+00	0.00e+00	3.24e-15	1.84e-15	6.46e-16
 1.90030e+15	7.49e-15	1.41e-08	9.30e-04	3.00e-01	6.85e-01	1.34e-02	6.25e-06	0.00e+00	0.00e+00	4.23e-15	2.40e-15	8.42e-16
 1.97626e+15	9.92e-15	1.73e-08	1.06e-03	3.18e-01	6.69e-01	1.20e-02	5.16e-06	0.00e+00	0.00e+00	5.60e-15	3.17e-15	1.11e-15
 2.04980e+15	1.31e-14	2.12e-08	1.21e-03	3.35e-01	6.53e-01	1.09e-02	4.29e-06	0.00e+00	0.00e+00	7.43e-15	4.19e-15	1.48e-15
 2.11766e+15	1.67e-14	2.53e-08	1.35e-03	3.50e-01	6.38e-01	9.89e-03	3.65e-06	0.00e+00	0.00e+00	9.47e-15	5.32e-15	1.88e-15
 2.19374e+15	2.15e-14	3.03e-08	1.52e-03	3.67e-01	6.22e-01	8.92e-03	3.05e-06	0.00e+00	0.00e+00	1.22e-14	6.82e-15	2.41e-15
 2.28149e+15	2.89e-14	3.77e-08	1.74e-03	3.87e-01	6.03e-01	7.92e-03	2.49e-06	0.00e+00	0.00e+00	1.64e-14	9.17e-15	3.25e-15
 2.36570e+15	3.78e-14	4.57e-08	1.96e-03	4.06e-01	5.85e-01	7.10e-03	2.06e-06	0.00e+00	0.00e+00	2.15e-14	1.19e-14	4.24e-15
 2.44382e+15	4.75e-14	5.39e-08	2.18e-03	4.22e-01	5.69e-01	6.42e-03	1.74e-06	0.00e+00	0.00e+00	2.70e-14	1.50e-14	5.32e-15
 2.53216e+15	6.21e-14	6.55e-08	2.46e-03	4.41e-01	5.50e-01	5.74e-03	1.43e-06	0.00e+00	0.00e+00	3.54e-14	1.95e-14	6.96e-15
 2.63064e+15	8.23e-14	8.01e-08	2.78e-03	4.61e-01	5.31e-01	5.08e-03	1.17e-06	0.00e+00	0.00e+00	4.69e-14	2.58e-14	9.20e-15
 2.72461e+15	1.06e-13	9.61e-08	3.11e-03	4.80e-01	5.12e-01	4.52e-03	9.62e-07	0.00e+00	0.00e+00	6.05e-14	3.32e-14	1.18e-14
 2.81489e+15	1.33e-13	1.13e-07	3.45e-03	4.98e-01	4.95e-01	4.06e-03	0.00e+00	0.00e+00	0.00e+00	7.61e-14	4.16e-14	1.49e-14
 2.91724e+15	1.75e-13	1.38e-07	3.87e-03	5.18e-01	4.75e-01	3.59e-03	0.00e+00	0.00e+00	0.00e+00	9.99e-14	5.44e-14	1.94e-14
 3.03003e+15	2.30e-13	1.68e-07	4.36e-03	5.38e-01	4.54e-01	3.15e-03	0.00e+00	0.00e+00	0.00e+00	1.32e-13	7.16e-14	2.56e-14
 3.13722e+15	2.96e-13	2.01e-07	4.86e-03	5.57e-01	4.35e-01	2.78e-03	0.00e+00	0.00e+00	0.00e+00	1.70e-13	9.19e-14	3.29e-14
 3.25263e+15	3.80e-13	2.39e-07	5.43e-03	5.76e-01	4.16e-01	2.44e-03	0.00e+00	0.00e+00	0.00e+00	2.18e-13	1.18e-13	4.21e-14
 3.37907e+15	5.07e-13	2.94e-07	6.11e-03	5.97e-01	3.95e-01	2.12e-03	0.00e+00	0.00e+00	0.00e+00	2.91e-13	1.57e-13	5.61e-14
 3.49833e+15	6.52e-13	3.52e-07	6.80e-03	6.16e-01	3.76e-01	1.86e-03	0.00e+00	0.00e+00	0.00e+00	3.75e-13	2.02e-13	7.20e-14
 3.62606e+15	8.35e-13	4.19e-07	7.57e-03	6.34e-01	3.57e-01	1.62e-03	0.00e+00	0.00e+00	0.00e+00	4.80e-13	2.58e-13	9.21e-14
 3.76708e+15	1.12e-12	5.15e-07	8.51e-03	6.54e-01	3.36e-01	1.39e-03	0.00e+00	0.00e+00	0.00e+00	6.43e-13	3.45e-13	1.23e-13
 3.90615e+15	1.46e-12	6.22e-07	9.49e-03	6.72e-01	3.17e-01	1.20e-03	0.00e+00	0.00e+00	0.00e+00	8.40e-13	4.50e-13	1.60e-13
 4.04130e+15	1.84e-12	7.32e-07	1.05e-02	6.89e-01	3.00e-01	1.05e-03	0.00e+00	0.00e+00	0.00e+00	1.06e-12	5.67e-13	2.02e-13
 4.18946e+15	2.43e-12	8.92e-07	1.17e-02	7.06e-01	2.81e-01	8.98e-04	0.00e+00	0.00e+00	0.00e+00	1.40e-12	7.50e-13	2.66e-13
 4.34950e+15	3.21e-12	1.08e-06	1.31e-02	7.23e-01	2.63e-01	7.64e-04	0.00e+00	0.00e+00	0.00e+00	1.85e-12	9.89e-13	3.50e-13
 4.49874e+15	4.13e-12	1.30e-06	1.45e-02	7.38e-01	2.46e-01	6.58e-04	0.00e+00	0.00e+00	0.00e+00	2.38e-12	1.27e-12	4.50e-13
 4.66151e+15	5.39e-12	1.56e-06	1.61e-02	7.54e-01	2.30e-01	5.60e-04	0.00e+00	0.00e+00	0.00e+00	3.11e-12	1.66e-12	5.85e-13
 4.83795e+15	6.98e-12	1.87e-06	1.80e-02	7.68e-01	2.13e-01	4.73e-04	0.00e+00	0.00e+00	0.00e+00	4.02e-12	2.15e-12	7.56e-13
 5.00014e+15	9.15e-12	2.27e-06	2.00e-02	7.81e-01	1.98e-01	4.04e-04	0.00e+00	0.00e+00	0.00e+00	5.28e-12	2.82e-12	9.89e-13
 5.14993e+15	1.15e-11	2.67e-06	2.19e-02	7.92e-01	1.86e-01	3.50e-04	0.00e+00	0.00e+00	0.00e+00	6.64e-12	3.54e-12	1.24e-12
 5.31698e+15	1.44e-11	3.13e-06	2.42e-02	8.03e-01	1.73e-01	2.98e-04	0.00e+00	0.00e+00	0.00e+00	8.34e-12	4.44e-12	1.55e-12
 5.51965e+15	1.99e-11	3.93e-06	2.73e-02	8.15e-01	1.58e-01	2.46e-04	0.00e+00	0.00e+00	0.00e+00	1.15e-11	6.11e-12	2.14e-12
 5.72041e+15	2.65e-11	4.82e-06	3.06e-02	8.25e-01	1.44e-01	2.04e-04	0.00e+00	0.00e+00	0.00e+00	1.53e-11	8.16e-12	2.84e-12
 5.89569e+15	3.31e-11	5.64e-06	3.38e-02	8.33e-01	1.33e-01	1.74e-04	0.00e+00	0.00e+00	0.00e+00	1.91e-11	1.02e-11	3.54e-12
 6.08602e+15	4.46e-11	6.98e-06	3.78e-02	8.40e-01	1.22e-01	1.45e-04	0.00e+00	0.00e+00	0.00e+00	2.58e-11	1.37e-11	4.75e-12
 6.29808e+15	5.99e-11	8.64e-06	4.27e-02	8.47e-01	1.10e-01	1.19e-04	0.00e+00	0.00e+00	0.00e+00	3.47e-11	1.84e-11	6.38e-12
 6.49929e+15	7.93e-11	1.06e-05	4.80e-02	8.52e-01	1.00e-01	9.85e-05	0.00e+00	0.00e+00	0.00e+00	4.59e-11	2.44e-11	8.43e-12
 6.68962e+15	1.04e-10	1.29e-05	5.36e-02	8.55e-01	9.12e-02	8.24e-05	0.00e+00	0.00e+00	0.00e+00	6.00e-11	3.18e-11	1.10e-11
 6.90488e+15	1.35e-10	1.56e-05	6.10e-02	8.57e-01	8.17e-02	6.70e-05	0.00e+00	0.00e+00	0.00e+00	7.80e-11	4.14e-11	1.43e-11
 7.14310e+15	1.98e-10	2.07e-05	7.07e-02	8.57e-01	7.21e-02	5.31e-05	0.00e+00	0.00e+00	0.00e+00	1.15e-10	6.08e-11	2.09e-11
 7.34487e+15	2.64e-10	2.57e-05	8.04e-02	8.55e-01	6.46e-02	4.36e-05	0.00e+00	0.00e+00	0.00e+00	1.53e-10	8.11e-11	2.79e-11
 7.51512e+15	3.27e-10	3.02e-05	9.02e-02	8.51e-01	5.85e-02	3.66e-05	0.00e+00	0.00e+00	0.00e+00	1.90e-10	1.01e-10	3.45e-11
 7.71072e+15	4.62e-10	3.95e-05	1.04e-01	8.44e-01	5.17e-02	2.96e-05	0.00e+00	0.00e+00	0.00e+00	2.68e-10	1.42e-10	4.88e-11
 7.91129e+15	6.02e-10	4.83e-05	1.20e-01	8.34e-01	4.54e-02	2.38e-05	0.00e+00	0.00e+00	0.00e+00	3.49e-10	1.85e-10	6.34e-11
 8.08496e+15	8.50e-10	6.34e-05	1.39e-01	8.21e-01	4.00e-02	1.94e-05	0.00e+00	0.00e+00	0.00e+00	4.93e-10	2.61e-10	8.95e-11
 8.23445e+15	1.10e-09	7.79e-05	1.58e-01	8.07e-01	3.55e-02	1.61e-05	0.00e+00	0.00e+00	0.00e+00	6.39e-10	3.39e-10	1.16e-10
 8.36456e+15	1.40e-09	9.45e-05	1.78e-01	7.90e-01	3.17e-02	1.35e-05	0.00e+00	0.00e+00	0.00e+00	8.12e-10	4.31e-10	1.47e-10
 8.51238e+15	1.87e-09	1.20e-04	2.07e-01	7.66e-01	2.73e-02	1.08e-05	0.00e+00	0.00e+00	0.00e+00	1.09e-09	5.76e-10	1.97e-10
 8.67434e+15	2.62e-09	1.58e-04	2.47e-01	7.31e-01	2.27e-02	8.23e-06	0.00e+00	0.00e+00	0.00e+00	1.52e-09	8.06e-10	2.76e-10
 8.81388e+15	3.56e-09	2.04e-04	2.92e-01	6.89e-01	1.87e-02	6.29e-06	0.00e+00	0.00e+00	0.00e+00	2.06e-09	1.10e-09	3.74e-10
 8.92437e+15	4.63e-09	2.54e-04	3.38e-01	6.46e-01	1.55e-02	4.89e-06	0.00e+00	0.00e+00	0.00e+00	2.69e-09	1.43e-09	4.87e-10
 9.01914e+15	5.87e-09	3.12e-04	3.88e-01	5.99e-01	1.27e-02	3.79e-06	0.00e+00	0.00e+00	0.00e+00	3.41e-09	1.81e-09	6.19e-10
 9.10870e+15	7.44e-09	3.82e-04	4.45e-01	5.44e-01	1.02e-02	2.84e-06	0.00e+00	0.00e+00	0.00e+00	4.32e-09	2.29e-09	7.84e-10
 9.18736e+15	9.19e-09	4.59e-04	5.04e-01	4.87e-01	8.01e-03	2.11e-06	0.00e+00	0.00e+00	0.00e+00	5.34e-09	2.83e-09	9.69e-10
 9.24961e+15	1.09e-08	5.32e-04	5.59e-01	4.35e-01	6.35e-03	1.59e-06	0.00e+00	0.00e+00	0.00e+00	6.33e-09	3.36e-09	1.15e-09
 9.30297e+15	1.26e-08	6.06e-04	6.10e-01	3.84e-01	5.01e-03	1.20e-06	0.00e+00	0.00e+00	0.00e+00	7.34e-09	3.90e-09	1.34e-09
 9.35295e+15	1.44e-08	6.82e-04	6.61e-01	3.34e-01	3.87e-03	8.79e-07	0.00e+00	0.00e+00	0.00e+00	8.39e-09	4.45e-09	1.53e-09
 9.40163e+15	1.64e-08	7.61e-04	7.12e-01	2.84e-01	2.89e-03	0.00e+00	0.00e+00	0.00e+00	0.00e+00	9.52e-09	5.06e-09	1.73e-09
 9.45751e+15	1.89e-08	8.59e-04	7.70e-01	2.27e-01	1.94e-03	0.00e+00	0.00e+00	0.00e+00	0.00e+00	1.10e-08	5.83e-09	2.00e-09
 9.51807e+15	2.15e-08	9.61e-04	8.27e-01	1.70e-01	1.19e-03	0.00e+00	0.00e+00	0.00e+00	0.00e+00	1.25e-08	6.65e-09	2.28e-09
 9.57510e+15	2.40e-08	1.05e-03	8.73e-01	1.25e-01	7.02e-04	0.00e+00	0.00e+00	0.00e+00	0.00e+00	1.39e-08	7.40e-09	2.54e-09
 9.63397e+15	2.64e-08	1.13e-03	9.10e-01	8.87e-02	3.90e-04	0.00e+00	0.00e+00	0.00e+00	0.00e+00	1.54e-08	8.16e-09	2.81e-09
 9.70355e+15	2.89e-08	1.21e-03	9.40e-01	5.87e-02	1.90e-04	0.00e+00	0.00e+00	0.00e+00	0.00e+00	1.68e-08	8.94e-09	3.08e-09
 9.79031e+15	3.16e-08	1.28e-03	9.62e-01	3.64e-02	7.97e-05	0.00e+00	0.00e+00	0.00e+00	0.00e+00	1.84e-08	9.77e-09	3.36e-09
 9.90074e+15	3.42e-08	1.34e-03	9.76e-01	2.22e-02	2.94e-05	0.00e+00	0.00e+00	0.00e+00	0.00e+00	1.99e-08	1.06e-08	3.64e-09
 1.00443e+16	3.73e-08	1.40e-03	9.84e-01	1.43e-02	1.01e-05	0.00e+00	0.00e+00	0.00e+00	0.00e+00	2.17e-08	1.15e-08	3.97e-09
 1.02309e+16	4.10e-08	1.47e-03	9.88e-01	1.04e-02	3.38e-06	0.00e+00	0.00e+00	0.00e+00	0.00e+00	2.38e-08	1.26e-08	4.36e-09
 1.04735e+16	4.60e-08	1.55e-03	9.90e-01	8.63e-03	1.10e-06	0.00e+00	0.00e+00	0.00e+00	0.00e+00	2.68e-08	1.42e-08	4.90e-09
 1.07889e+16	5.30e-08	1.64e-03	9.91e-01	7.63e-03	3.25e-07	0.00e+00	0.00e+00	0.00e+00	0.00e+00	3.08e-08	1.64e-08	5.63e-09
 1.11866e+16	6.31e-08	1.77e-03	9.91e-01	6.85e-03	0.00e+00	0.00e+00	0.00e+00	0.00e+00	0.00e+00	3.67e-08	1.95e-08	6.71e-09
 1.16341e+16	7.62e-08	1.92e-03	9.92e-01	6.26e-03	0.00e+00	0.00e+00	0.00e+00	0.00e+00	0.00e+00	4.44e-08	2.35e-08	8.09e-09
 1.20863e+16	9.19e-08	2.08e-03	9.92e-01	5.73e-03	0.00e+00	0.00e+00	0.00e+00	0.00e+00	0.00e+00	5.35e-08	2.84e-08	9.76e-09
 1.25566e+16	1.12e-07	2.26e-03	9.93e-01	5.24e-03	0.00e+00	0.00e+00	0.00e+00	0.00e+00	0.00e+00	6.50e-08	3.45e-08	1.19e-08
 1.30069e+16	1.34e-07	2.43e-03	9.93e-01	4.83e-03	0.00e+00	0.00e+00	0.00e+00	0.00e+00	0.00e+00	7.78e-08	4.13e-08	1.42e-08
 1.34004e+16	1.57e-07	2.60e-03	9.93e-01	4.50e-03	0.00e+00	0.00e+00	0.00e+00	0.00e+00	0.00e+00	9.12e-08	4.84e-08	1.66e-08
 1.38361e+16	1.86e-07	2.79e-03	9.93e-01	4.16e-03	0.00e+00	0.00e+00	0.00e+00	0.00e+00	0.00e+00	1.08e-07	5.75e-08	1.98e-08
 1.43641e+16	2.29e-07	3.03e-03	9.93e-01	3.80e-03	0.00e+00	0.00e+00	0.00e+00	0.00e+00	0.00e+00	1.33e-07	7.08e-08	2.43e-08
 1.48859e+16	2.81e-07	3.28e-03	9.93e-01	3.47e-03	0.00e+00	0.00e+00	0.00e+00	0.00e+00	0.00e+00	1.63e-07	8.67e-08	2.98e-08
 1.53419e+16	3.34e-07	3.51e-03	9.93e-01	3.23e-03	0.00e+00	0.00e+00	0.00e+00	0.00e+00	0.00e+00	1.95e-07	1.03e-07	3.54e-08
 1.58381e+16	4.06e-07	3.79e-03	9.93e-01	2.97e-03	0.00e+00	0.00e+00	0.00e+00	0.00e+00	0.00e+00	2.36e-07	1.25e-07	4.30e-08
 1.64410e+16	5.13e-07	4.14e-03	9.93e-01	2.69e-03	0.00e+00	0.00e+00	0.00e+00	0.00e+00	0.00e+00	2.98e-07	1.59e-07	5.43e-08
 1.70338e+16	6.48e-07	4.52e-03	9.93e-01	2.46e-03	0.00e+00	0.00e+00	0.00e+00	0.00e+00	0.00e+00	3.77e-07	2.00e-07	6.86e-08
 1.75420e+16	7.94e-07	4.87e-03	9.93e-01	2.27e-03	0.00e+00	0.00e+00	0.00e+00	0.00e+00	0.00e+00	4.61e-07	2.46e-07	8.40e-08
 1.80893e+16	9.95e-07	5.28e-03	9.93e-01	2.08e-03	0.00e+00	0.00e+00	0.00e+00	0.00e+00	0.00e+00	5.78e-07	3.08e-07	1.05e-07
 1.86521e+16	1.25e-06	5.74e-03	9.92e-01	1.91e-03	0.00e+00	0.00e+00	0.00e+00	0.00e+00	0.00e+00	7.29e-07	3.88e-07	1.33e-07
 1.91577e+16	1.56e-06	6.19e-03	9.92e-01	1.77e-03	0.00e+00	0.00e+00	0.00e+00	0.00e+00	0.00e+00	9.06e-07	4.83e-07	1.65e-07
 1.97372e+16	2.02e-06	6.77e-03	9.92e-01	1.61e-03	0.00e+00	0.00e+00	0.00e+00	0.00e+00	0.00e+00	1.18e-06	6.27e-07	2.14e-07
 2.03759e+16	2.73e-06	7.51e-03	9.91e-01	1.46e-03	0.00e+00	0.00e+00	0.00e+00	0.00e+00	0.00e+00	1.59e-06	8.46e-07	2.88e-07
 2.08985e+16	3.53e-06	8.20e-03	9.90e-01	1.35e-03	0.00e+00	0.00e+00	0.00e+00	0.00e+00	0.00e+00	2.05e-06	1.09e-06	3.72e-07
 2.13848e+16	4.56e-06	8.93e-03	9.90e-01	1.25e-03	0.00e+00	0.00e+00	0.00e+00	0.00e+00	0.00e+00	2.65e-06	1.41e-06	4.81e-07
 2.20170e+16	6.50e-06	1.01e-02	9.89e-01	1.12e-03	0.00e+00	0.00e+00	0.00e+00	0.00e+00	0.00e+00	3.78e-06	2.01e-06	6.85e-07
 2.26590e+16	9.62e-06	1.15e-02	9.87e-01	9.93e-04	0.00e+00	0.00e+00	0.00e+00	0.00e+00	0.00e+00	5.59e-06	2.98e-06	1.01e-06
 2.31491e+16	1.34e-05	1.30e-02	9.86e-01	8.98e-04	0.00e+00	0.00e+00	0.00e+00	0.00e+00	0.00e+00	7.78e-06	4.15e-06	1.41e-06
 2.35349e+16	1.79e-05	1.44e-02	9.85e-01	8.19e-04	0.00e+00	0.00e+00	0.00e+00	0.00e+00	0.00e+00	1.04e-05	5.54e-06	1.88e-06
 2.38854e+16	2.37e-05	1.60e-02	9.83e-01	7.54e-04	0.00e+00	0.00e+00	0.00e+00	0.00e+00	0.00e+00	1.38e-05	7.33e-06	2.49e-06
 2.42235e+16	3.19e-05	1.79e-02	9.81e-01	6.87e-04	0.00e+00	0.00e+00	0.00e+00	0.00e+00	0.00e+00	1.85e-05	9.87e-06	3.35e-06
 2.45493e+16	4.37e-05	2.03e-02	9.79e-01	6.17e-04	0.00e+00	0.00e+00	0.00e+00	0.00e+00	0.00e+00	2.54e-05	1.35e-05	4.58e-06
 2.47732e+16	5.47e-05	2.22e-02	9.77e-01	5.76e-04	0.00e+00	0.00e+00	0.00e+00	0.00e+00	0.00e+00	3.18e-05	1.69e-05	5.74e-06
 2.48804e+16	6.14e-05	2.33e-02	9.76e-01	5.54e-04	0.00e+00	0.00e+00	0.00e+00	0.00e+00	0.00e+00	3.57e-05	1.90e-05	6.44e-06
 2.49746e+16	6.85e-05	2.44e-02	9.75e-01	5.33e-04	0.00e+00	0.00e+00	0.00e+00	0.00e+00	0.00e+00	3.98e-05	2.12e-05	7.18e-06
 2.50971e+16	7.94e-05	2.59e-02	9.73e-01	5.05e-04	0.00e+00	0.00e+00	0.00e+00	0.00e+00	0.00e+00	4.61e-05	2.45e-05	8.32e-06
 2.52563e+16	9.69e-05	2.83e-02	9.71e-01	4.72e-04	0.00e+00	0.00e+00	0.00e+00	0.00e+00	0.00e+00	5.63e-05	2.99e-05	1.02e-05
 2.54036e+16	1.17e-04	3.07e-02	9.69e-01	4.39e-04	0.00e+00	0.00e+00	0.00e+00	0.00e+00	0.00e+00	6.79e-05	3.61e-05	1.22e-05
 2.55007e+16	1.33e-04	3.25e-02	9.67e-01	4.18e-04	0.00e+00	0.00e+00	0.00e+00	0.00e+00	0.00e+00	7.74e-05	4.11e-05	1.39e-05
 2.55925e+16	1.53e-04	3.46e-02	9.65e-01	3.97e-04	0.00e+00	0.00e+00	0.00e+00	0.00e+00	0.00e+00	8.87e-05	4.71e-05	1.60e-05
 2.56956e+16	1.78e-04	3.70e-02	9.62e-01	3.73e-04	0.00e+00	0.00e+00	0.00e+00	0.00e+00	0.00e+00	1.03e-04	5.48e-05	1.86e-05
 2.57915e+16	2.06e-04	3.96e-02	9.60e-01	3.52e-04	0.00e+00	0.00e+00	0.00e+00	0.00e+00	0.00e+00	1.20e-04	6.35e-05	2.15e-05
 2.58767e+16	2.36e-04	4.23e-02	9.57e-01	3.33e-04	0.00e+00	0.00e+00	0.00e+00	0.00e+00	0.00e+00	1.37e-04	7.29e-05	2.47e-05
 2.59567e+16	2.70e-04	4.50e-02	9.54e-01	3.15e-04	0.00e+00	0.00e+00	0.00e+00	0.00e+00	0.00e+00	1.57e-04	8.33e-05	2.82e-05
 2.60478e+16	3.18e-04	4.87e-02	9.51e-01	2.94e-04	0.00e+00	0.00e+00	0.00e+00	0.00e+00	0.00e+00	1.85e-04	9.82e-05	3.32e-05
 2.61409e+16	3.76e-04	5.27e-02	9.47e-01	2.74e-04	0.00e+00	0.00e+00	0.00e+00	0.00e+00	0.00e+00	2.18e-04	1.16e-04	3.92e-05
 2.62157e+16	4.33e-04	5.65e-02	9.43e-01	2.57e-04	0.00e+00	0.00e+00	0.00e+00	0.00e+00	0.00e+00	2.52e-04	1.34e-04	4.52e-05
 2.62809e+16	4.94e-04	6.02e-02	9.39e-01	2.42e-04	0.00e+00	0.00e+00	0.00e+00	0.00e+00	0.00e+00	2.87e-04	1.52e-04	5.16e-05
 2.63543e+16	5.77e-04	6.50e-02	9.34e-01	2.25e-04	0.00e+00	0.00e+00	0.00e+00	0.00e+00	0.00e+00	3.35e-04	1.78e-04	6.02e-05
 2.64321e+16	6.81e-04	7.06e-02	9.28e-01	2.08e-04	0.00e+00	0.00e+00	0.00e+00	0.00e+00	0.00e+00	3.96e-04	2.10e-04	7.11e-05
 2.64982e+16	7.89e-04	7.60e-02	9.23e-01	1.94e-04	0.00e+00	0.00e+00	0.00e+00	0.00e+00	0.00e+00	4.59e-04	2.43e-04	8.23e-05
 2.65562e+16	9.03e-04	8.14e-02	9.18e-01	1.82e-04	0.00e+00	0.00e+00	0.00e+00	0.00e+00	0.00e+00	5.25e-04	2.79e-04	9.42e-05
 2.66213e+16	1.06e-03	8.84e-02	9.10e-01	1.68e-04	0.00e+00	0.00e+00	0.00e+00	0.00e+00	0.00e+00	6.18e-04	3.28e-04	1.11e-04
 2.66899e+16	1.26e-03	9.65e-02	9.02e-01	1.53e-04	0.00e+00	0.00e+00	0.00e+00	0.00e+00	0.00e+00	7.34e-04	3.89e-04	1.32e-04
 2.67475e+16	1.47e-03	1.04e-01	8.94e-01	1.42e-04	0.00e+00	0.00e+00	0.00e+00	0.00e+00	0.00e+00	8.54e-04	4.53e-04	1.53e-04
 2.67978e+16	1.69e-03	1.12e-01	8.86e-01	1.32e-04	0.00e+00	0.00e+00	0.00e+00	0.00e+00	0.00e+00	9.80e-04	5.20e-04	1.76e-04
 2.68543e+16	1.99e-03	1.22e-01	8.76e-01	1.20e-04	0.00e+00	0.00e+00	0.00e+00	0.00e+00	0.00e+00	1.16e-03	6.13e-04	2.07e-04
 2.69143e+16	2.38e-03	1.34e-01	8.64e-01	1.08e-04	0.00e+00	0.00e+00	0.00e+00	0.00e+00	0.00e+00	1.38e-03	7.33e-04	2.48e-04
 2.69656e+16	2.79e-03	1.45e-01	8.52e-01	9.88e-05	0.00e+00	0.00e+00	0.00e+00	0.00e+00	0.00e+00	1.62e-03	8.58e-04	2.90e-04
 2.70115e+16	3.23e-03	1.57e-01	8.40e-01	9.02e-05	0.00e+00	0.00e+00	0.00e+00	0.00e+00	0.00e+00	1.88e-03	9.96e-04	3.37e-04
 2.70635e+16	3.86e-03	1.72e-01	8.24e-01	8.06e-05	0.00e+00	0.00e+00	0.00e+00	0.00e+00	0.00e+00	2.25e-03	1.19e-03	4.02e-04
 2.71188e+16	4.69e-03	1.90e-01	8.05e-01	7.11e-05	0.00e+00	0.00e+00	0.00e+00	0.00e+00	0.00e+00	2.73e-03	1.44e-03	4.88e-04
 2.71662e+16	5.57e-03	2.08e-01	7.87e-01	6.33e-05	0.00e+00	0.00e+00	0.00e+00	0.00e+00	0.00e+00	3.24e-03	1.72e-03	5.80e-04
 2.72088e+16	6.56e-03	2.26e-01	7.68e-01	5.64e-05	0.00e+00	0.00e+00	0.00e+00	0.00e+00	0.00e+00	3.82e-03	2.02e-03	6.83e-04
 2.72569e+16	7.99e-03	2.49e-01	7.43e-01	4.85e-05	0.00e+00	0.00e+00	0.00e+00	0.00e+00	0.00e+00	4.65e-03	2.46e-03	8.31e-04
 2.73092e+16	9.92e-03	2.78e-01	7.12e-01	4.10e-05	0.00e+00	0.00e+00	0.00e+00	0.00e+00	0.00e+00	5.78e-03	3.05e-03	1.03e-03
