#depth	O	O+	O+2	O+3	O+4	O+5	O+6	O+7	O+8	O[1]	O[2]	O[3]
 1.49634e+10	0.00e+00	0.00e+00	4.02e-28	3.15e-20	3.48e-13	4.49e-07	1.00e+00	0.00e+00	0.00e+00	0.00e+00	0.00e+00	0.00e+00
 4.54887e+10	0.00e+00	7.68e-37	5.62e-28	4.08e-20	4.18e-13	4.94e-07	1.00e+00	2.00e-08	0.00e+00	0.00e+00	0.00e+00	0.00e+00
 7.72350e+10	0.00e+00	0.00e+00	7.84e-28	5.29e-20	5.03e-13	5.44e-07	1.00e+00	0.00e+00	0.00e+00	0.00e+00	0.00e+00	0.00e+00
 1.10251e+11	0.00e+00	1.73e-36	1.09e-27	6.85e-20	6.04e-13	5.99e-07	1.00e+00	0.00e+00	0.00e+00	0.00e+00	0.00e+00	0.00e+00
 1.40097e+11	7.55e-46	2.46e-36	1.46e-27	8.59e-20	7.09e-13	6.52e-07	1.00e+00	0.00e+00	0.00e+00	0.00e+00	0.00e+00	0.00e+00
 1.64937e+11	0.00e+00	3.26e-36	1.84e-27	1.03e-19	8.08e-13	6.98e-07	1.00e+00	0.00e+00	0.00e+00	0.00e+00	0.00e+00	0.00e+00
 1.92139e+11	1.51e-45	4.40e-36	2.35e-27	1.25e-19	9.27e-13	7.51e-07	1.00e+00	0.00e+00	0.00e+00	0.00e+00	0.00e+00	0.00e+00
 2.26628e+11	0.00e+00	6.34e-36	3.17e-27	1.58e-19	1.10e-12	8.22e-07	1.00e+00	0.00e+00	0.00e+00	0.00e+00	0.00e+00	0.00e+00
 2.62626e+11	3.61e-45	9.13e-36	4.28e-27	2.00e-19	1.30e-12	9.01e-07	1.00e+00	0.00e+00	0.00e+00	0.00e+00	0.00e+00	0.00e+00
 2.93143e+11	0.00e+00	0.00e+00	5.47e-27	2.43e-19	1.50e-12	9.71e-07	1.00e+00	0.00e+00	0.00e+00	0.00e+00	0.00e+00	0.00e+00
 3.24495e+11	0.00e+00	1.65e-35	6.97e-27	2.95e-19	1.72e-12	1.05e-06	1.00e+00	0.00e+00	0.00e+00	0.00e+00	0.00e+00	0.00e+00
 3.64023e+11	1.11e-44	2.35e-35	9.36e-27	3.73e-19	2.04e-12	1.15e-06	1.00e+00	0.00e+00	0.00e+00	0.00e+00	0.00e+00	0.00e+00
 4.04202e+11	0.00e+00	0.00e+00	1.25e-26	4.69e-19	2.41e-12	1.26e-06	1.00e+00	0.00e+00	0.00e+00	0.00e+00	0.00e+00	0.00e+00
 4.38600e+11	0.00e+00	4.42e-35	1.58e-26	5.67e-19	2.77e-12	1.35e-06	1.00e+00	0.00e+00	0.00e+00	0.00e+00	0.00e+00	0.00e+00
 4.75461e+11	3.32e-44	5.92e-35	2.02e-26	6.89e-19	3.19e-12	1.46e-06	1.00e+00	0.00e+00	0.00e+00	0.00e+00	0.00e+00	0.00e+00
 5.21184e+11	0.00e+00	8.39e-35	2.70e-26	8.70e-19	3.79e-12	1.60e-06	1.00e+00	0.00e+00	0.00e+00	0.00e+00	0.00e+00	0.00e+00
 5.68109e+11	7.49e-44	1.18e-34	3.59e-26	1.09e-18	4.48e-12	1.76e-06	1.00e+00	0.00e+00	0.00e+00	0.00e+00	0.00e+00	0.00e+00
 6.10245e+11	0.00e+00	1.58e-34	4.60e-26	1.34e-18	5.18e-12	1.91e-06	1.00e+00	0.00e+00	0.00e+00	0.00e+00	0.00e+00	0.00e+00
 6.56477e+11	1.53e-43	2.16e-34	5.97e-26	1.65e-18	6.04e-12	2.07e-06	1.00e+00	0.00e+00	0.00e+00	0.00e+00	0.00e+00	0.00e+00
 7.11224e+11	0.00e+00	3.07e-34	8.01e-26	2.09e-18	7.19e-12	2.28e-06	1.00e+00	0.00e+00	0.00e+00	0.00e+00	0.00e+00	0.00e+00
 7.66128e+11	3.42e-43	4.29e-34	1.06e-25	2.63e-18	8.50e-12	2.50e-06	1.00e+00	0.00e+00	0.00e+00	0.00e+00	0.00e+00	0.00e+00
 8.18108e+11	0.00e+00	5.82e-34	1.38e-25	3.24e-18	9.90e-12	2.72e-06	1.00e+00	0.00e+00	0.00e+00	0.00e+00	0.00e+00	0.00e+00
 8.75638e+11	7.16e-43	8.05e-34	1.81e-25	4.04e-18	1.16e-11	2.98e-06	1.00e+00	0.00e+00	0.00e+00	0.00e+00	0.00e+00	0.00e+00
 9.40590e+11	0.00e+00	1.14e-33	2.43e-25	5.13e-18	1.39e-11	3.29e-06	1.00e+00	0.00e+00	0.00e+00	0.00e+00	0.00e+00	0.00e+00
 1.00536e+12	1.59e-42	1.59e-33	3.22e-25	6.45e-18	1.64e-11	3.61e-06	1.00e+00	0.00e+00	0.00e+00	0.00e+00	0.00e+00	0.00e+00
 1.06250e+12	0.00e+00	2.11e-33	4.09e-25	7.84e-18	1.89e-11	3.90e-06	1.00e+00	0.00e+00	0.00e+00	0.00e+00	0.00e+00	0.00e+00
 1.11039e+12	2.89e-42	2.65e-33	4.97e-25	9.18e-18	2.12e-11	4.16e-06	1.00e+00	0.00e+00	0.00e+00	0.00e+00	0.00e+00	0.00e+00
 1.16188e+12	0.00e+00	3.37e-33	6.09e-25	1.08e-17	2.38e-11	4.45e-06	1.00e+00	0.00e+00	0.00e+00	0.00e+00	0.00e+00	0.00e+00
 1.22883e+12	5.42e-42	4.55e-33	7.86e-25	1.33e-17	2.77e-11	4.84e-06	1.00e+00	0.00e+00	0.00e+00	0.00e+00	0.00e+00	0.00e+00
 1.29888e+12	0.00e+00	6.15e-33	1.02e-24	1.64e-17	3.22e-11	5.26e-06	1.00e+00	0.00e+00	0.00e+00	0.00e+00	0.00e+00	0.00e+00
 1.35864e+12	1.03e-41	7.90e-33	1.25e-24	1.95e-17	3.65e-11	5.64e-06	1.00e+00	0.00e+00	0.00e+00	0.00e+00	0.00e+00	0.00e+00
 1.42200e+12	0.00e+00	1.02e-32	1.56e-24	2.33e-17	4.14e-11	6.06e-06	1.00e+00	0.00e+00	0.00e+00	0.00e+00	0.00e+00	0.00e+00
 1.50193e+12	1.99e-41	1.39e-32	2.03e-24	2.89e-17	4.83e-11	6.61e-06	1.00e+00	0.00e+00	0.00e+00	0.00e+00	0.00e+00	0.00e+00
 1.58428e+12	0.00e+00	1.90e-32	2.65e-24	3.58e-17	5.63e-11	7.21e-06	1.00e+00	0.00e+00	0.00e+00	0.00e+00	0.00e+00	0.00e+00
 1.65651e+12	3.85e-41	2.46e-32	3.31e-24	4.29e-17	6.41e-11	7.75e-06	1.00e+00	0.00e+00	0.00e+00	0.00e+00	0.00e+00	0.00e+00
 1.73469e+12	0.00e+00	3.24e-32	4.18e-24	5.19e-17	7.34e-11	8.36e-06	1.00e+00	0.00e+00	0.00e+00	0.00e+00	0.00e+00	0.00e+00
 1.82135e+12	7.43e-41	4.35e-32	5.37e-24	6.37e-17	8.48e-11	9.07e-06	1.00e+00	0.00e+00	0.00e+00	0.00e+00	0.00e+00	0.00e+00
 1.90172e+12	0.00e+00	5.66e-32	6.72e-24	7.64e-17	9.65e-11	9.76e-06	1.00e+00	0.00e+00	0.00e+00	0.00e+00	0.00e+00	0.00e+00
 1.98887e+12	1.39e-40	7.47e-32	8.51e-24	9.26e-17	1.11e-10	1.05e-05	1.00e+00	0.00e+00	0.00e+00	0.00e+00	0.00e+00	0.00e+00
 2.08577e+12	0.00e+00	1.01e-31	1.10e-23	1.14e-16	1.28e-10	1.14e-05	1.00e+00	0.00e+00	0.00e+00	0.00e+00	0.00e+00	0.00e+00
 2.17614e+12	2.67e-40	1.32e-31	1.38e-23	1.37e-16	1.46e-10	1.23e-05	1.00e+00	0.00e+00	0.00e+00	0.00e+00	0.00e+00	0.00e+00
 2.27440e+12	0.00e+00	1.75e-31	1.76e-23	1.67e-16	1.67e-10	1.33e-05	1.00e+00	0.00e+00	0.00e+00	0.00e+00	0.00e+00	0.00e+00
 2.38372e+12	5.26e-40	2.37e-31	2.28e-23	2.06e-16	1.93e-10	1.44e-05	1.00e+00	0.00e+00	0.00e+00	0.00e+00	0.00e+00	0.00e+00
 2.48594e+12	0.00e+00	3.12e-31	2.88e-23	2.49e-16	2.21e-10	1.55e-05	1.00e+00	0.00e+00	0.00e+00	0.00e+00	0.00e+00	0.00e+00
 2.59736e+12	1.02e-39	4.18e-31	3.70e-23	3.04e-16	2.54e-10	1.68e-05	1.00e+00	0.00e+00	0.00e+00	0.00e+00	0.00e+00	0.00e+00
 2.72177e+12	0.00e+00	5.72e-31	4.83e-23	3.77e-16	2.95e-10	1.83e-05	1.00e+00	0.00e+00	0.00e+00	0.00e+00	0.00e+00	0.00e+00
 2.83883e+12	2.03e-39	7.62e-31	6.16e-23	4.59e-16	3.38e-10	1.97e-05	1.00e+00	0.00e+00	0.00e+00	0.00e+00	0.00e+00	0.00e+00
 2.96679e+12	0.00e+00	1.03e-30	7.98e-23	5.65e-16	3.90e-10	2.14e-05	1.00e+00	0.00e+00	0.00e+00	0.00e+00	0.00e+00	0.00e+00
 3.11010e+12	4.21e-39	1.44e-30	1.05e-22	7.07e-16	4.55e-10	2.33e-05	1.00e+00	0.00e+00	0.00e+00	0.00e+00	0.00e+00	0.00e+00
 3.24587e+12	0.00e+00	1.94e-30	1.36e-22	8.67e-16	5.23e-10	2.52e-05	1.00e+00	0.00e+00	0.00e+00	0.00e+00	0.00e+00	0.00e+00
 3.39183e+12	8.62e-39	2.67e-30	1.78e-22	1.07e-15	6.05e-10	2.73e-05	1.00e+00	0.00e+00	0.00e+00	0.00e+00	0.00e+00	0.00e+00
 3.55743e+12	0.00e+00	3.76e-30	2.38e-22	1.35e-15	7.10e-10	2.98e-05	1.00e+00	0.00e+00	0.00e+00	0.00e+00	0.00e+00	0.00e+00
 3.72065e+12	1.88e-38	5.23e-30	3.15e-22	1.69e-15	8.25e-10	3.24e-05	1.00e+00	0.00e+00	0.00e+00	0.00e+00	0.00e+00	0.00e+00
 3.89040e+12	0.00e+00	7.28e-30	4.16e-22	2.11e-15	9.59e-10	3.53e-05	1.00e+00	0.00e+00	0.00e+00	0.00e+00	0.00e+00	0.00e+00
 4.07595e+12	4.17e-38	1.04e-29	5.60e-22	2.66e-15	1.12e-09	3.84e-05	1.00e+00	0.00e+00	0.00e+00	0.00e+00	0.00e+00	0.00e+00
 4.26891e+12	0.00e+00	1.47e-29	7.50e-22	3.36e-15	1.32e-09	4.19e-05	1.00e+00	0.00e+00	0.00e+00	0.00e+00	0.00e+00	0.00e+00
 4.45699e+12	9.19e-38	2.06e-29	9.92e-22	4.18e-15	1.53e-09	4.54e-05	1.00e+00	0.00e+00	0.00e+00	0.00e+00	0.00e+00	0.00e+00
 4.62933e+12	0.00e+00	2.76e-29	1.27e-21	5.07e-15	1.74e-09	4.88e-05	1.00e+00	0.00e+00	0.00e+00	0.00e+00	0.00e+00	0.00e+00
 4.78361e+12	1.75e-37	3.58e-29	1.57e-21	6.00e-15	1.95e-09	5.19e-05	1.00e+00	0.00e+00	0.00e+00	0.00e+00	0.00e+00	0.00e+00
 4.94839e+12	0.00e+00	4.69e-29	1.97e-21	7.15e-15	2.19e-09	5.53e-05	1.00e+00	0.00e+00	0.00e+00	0.00e+00	0.00e+00	0.00e+00
 5.15733e+12	3.55e-37	6.56e-29	2.60e-21	8.86e-15	2.53e-09	5.97e-05	1.00e+00	0.00e+00	0.00e+00	0.00e+00	0.00e+00	0.00e+00
 5.36920e+12	0.00e+00	9.04e-29	3.40e-21	1.09e-14	2.92e-09	6.45e-05	1.00e+00	0.00e+00	0.00e+00	0.00e+00	0.00e+00	0.00e+00
 5.54761e+12	7.05e-37	1.18e-28	4.24e-21	1.30e-14	3.27e-09	6.86e-05	1.00e+00	0.00e+00	0.00e+00	0.00e+00	0.00e+00	0.00e+00
 5.73696e+12	0.00e+00	1.56e-28	5.34e-21	1.55e-14	3.68e-09	7.31e-05	1.00e+00	0.00e+00	0.00e+00	0.00e+00	0.00e+00	0.00e+00
 5.97582e+12	1.47e-36	2.20e-28	7.07e-21	1.92e-14	4.26e-09	7.88e-05	1.00e+00	0.00e+00	0.00e+00	0.00e+00	0.00e+00	0.00e+00
 6.22020e+12	0.00e+00	3.06e-28	9.30e-21	2.38e-14	4.91e-09	8.51e-05	1.00e+00	0.00e+00	0.00e+00	0.00e+00	0.00e+00	0.00e+00
 6.42908e+12	3.00e-36	4.06e-28	1.17e-20	2.84e-14	5.53e-09	9.06e-05	1.00e+00	0.00e+00	0.00e+00	0.00e+00	0.00e+00	0.00e+00
 6.65066e+12	0.00e+00	5.43e-28	1.48e-20	3.40e-14	6.24e-09	9.65e-05	1.00e+00	0.00e+00	0.00e+00	0.00e+00	0.00e+00	0.00e+00
 6.92638e+12	6.43e-36	7.73e-28	1.98e-20	4.24e-14	7.23e-09	1.04e-04	1.00e+00	0.00e+00	0.00e+00	0.00e+00	0.00e+00	0.00e+00
 7.20895e+12	0.00e+00	1.08e-27	2.62e-20	5.26e-14	8.35e-09	1.12e-04	1.00e+00	0.00e+00	0.00e+00	0.00e+00	0.00e+00	0.00e+00
 7.45660e+12	1.36e-35	1.46e-27	3.33e-20	6.31e-14	9.44e-09	1.20e-04	1.00e+00	0.00e+00	0.00e+00	0.00e+00	0.00e+00	0.00e+00
 7.72242e+12	0.00e+00	1.99e-27	4.29e-20	7.64e-14	1.07e-08	1.28e-04	1.00e+00	0.00e+00	0.00e+00	0.00e+00	0.00e+00	0.00e+00
 8.04508e+12	3.03e-35	2.87e-27	5.76e-20	9.56e-14	1.25e-08	1.38e-04	1.00e+00	0.00e+00	0.00e+00	0.00e+00	0.00e+00	0.00e+00
 8.37210e+12	4.65e-35	4.10e-27	7.69e-20	1.19e-13	1.44e-08	1.49e-04	1.00e+00	0.00e+00	0.00e+00	0.00e+00	0.00e+00	0.00e+00
 8.67126e+12	6.75e-35	5.62e-27	9.92e-20	1.44e-13	1.64e-08	1.59e-04	1.00e+00	0.00e+00	0.00e+00	0.00e+00	0.00e+00	0.00e+00
 9.00375e+12	1.01e-34	7.89e-27	1.31e-19	1.78e-13	1.88e-08	1.70e-04	1.00e+00	0.00e+00	0.00e+00	0.00e+00	0.00e+00	0.00e+00
 9.39047e+12	1.60e-34	1.16e-26	1.78e-19	2.24e-13	2.20e-08	1.84e-04	1.00e+00	0.00e+00	0.00e+00	0.00e+00	0.00e+00	0.00e+00
 9.77165e+12	2.48e-34	1.67e-26	2.39e-19	2.80e-13	2.55e-08	1.98e-04	1.00e+00	0.00e+00	0.00e+00	0.00e+00	0.00e+00	0.00e+00
 1.01347e+13	3.71e-34	2.34e-26	3.13e-19	3.43e-13	2.92e-08	2.13e-04	1.00e+00	0.00e+00	0.00e+00	0.00e+00	0.00e+00	0.00e+00
 1.05367e+13	5.70e-34	3.35e-26	4.18e-19	4.26e-13	3.38e-08	2.29e-04	1.00e+00	0.00e+00	0.00e+00	0.00e+00	0.00e+00	0.00e+00
 1.09881e+13	9.10e-34	4.95e-26	5.72e-19	5.39e-13	3.95e-08	2.47e-04	1.00e+00	0.00e+00	0.00e+00	0.00e+00	0.00e+00	0.00e+00
 1.14450e+13	1.43e-33	7.24e-26	7.77e-19	6.78e-13	4.60e-08	2.67e-04	1.00e+00	0.00e+00	0.00e+00	0.00e+00	0.00e+00	0.00e+00
 1.19202e+13	2.27e-33	1.06e-25	1.05e-18	8.53e-13	5.36e-08	2.88e-04	1.00e+00	0.00e+00	0.00e+00	0.00e+00	0.00e+00	0.00e+00
 1.24269e+13	3.63e-33	1.57e-25	1.44e-18	1.08e-12	6.27e-08	3.11e-04	1.00e+00	0.00e+00	0.00e+00	0.00e+00	0.00e+00	0.00e+00
 1.29539e+13	5.82e-33	2.33e-25	1.98e-18	1.37e-12	7.34e-08	3.36e-04	1.00e+00	0.00e+00	0.00e+00	0.00e+00	0.00e+00	0.00e+00
 1.34653e+13	9.05e-33	3.36e-25	2.66e-18	1.70e-12	8.50e-08	3.62e-04	1.00e+00	0.00e+00	0.00e+00	0.00e+00	0.00e+00	0.00e+00
 1.39479e+13	1.35e-32	4.69e-25	3.47e-18	2.08e-12	9.71e-08	3.87e-04	1.00e+00	0.00e+00	0.00e+00	0.00e+00	0.00e+00	0.00e+00
 1.44039e+13	1.94e-32	6.33e-25	4.43e-18	2.50e-12	1.10e-07	4.11e-04	1.00e+00	0.00e+00	0.00e+00	0.00e+00	0.00e+00	0.00e+00
 1.49008e+13	2.86e-32	8.77e-25	5.75e-18	3.03e-12	1.25e-07	4.38e-04	1.00e+00	0.00e+00	0.00e+00	0.00e+00	0.00e+00	0.00e+00
 1.54558e+13	4.38e-32	1.25e-24	7.61e-18	3.74e-12	1.43e-07	4.69e-04	1.00e+00	0.00e+00	0.00e+00	0.00e+00	0.00e+00	0.00e+00
 1.59803e+13	6.40e-32	1.71e-24	9.82e-18	4.52e-12	1.63e-07	5.00e-04	1.00e+00	0.00e+00	0.00e+00	0.00e+00	0.00e+00	0.00e+00
 1.65561e+13	9.52e-32	2.39e-24	1.29e-17	5.54e-12	1.87e-07	5.35e-04	9.99e-01	0.00e+00	0.00e+00	0.00e+00	0.00e+00	0.00e+00
 1.71993e+13	1.48e-31	3.44e-24	1.73e-17	6.90e-12	2.16e-07	5.75e-04	9.99e-01	0.00e+00	0.00e+00	0.00e+00	0.00e+00	0.00e+00
 1.78122e+13	2.22e-31	4.83e-24	2.26e-17	8.44e-12	2.47e-07	6.14e-04	9.99e-01	0.00e+00	0.00e+00	0.00e+00	0.00e+00	0.00e+00
 1.84844e+13	3.38e-31	6.87e-24	3.01e-17	1.04e-11	2.85e-07	6.59e-04	9.99e-01	0.00e+00	0.00e+00	0.00e+00	0.00e+00	0.00e+00
 1.92379e+13	5.28e-31	9.99e-24	4.08e-17	1.31e-11	3.32e-07	7.12e-04	9.99e-01	0.00e+00	0.00e+00	0.00e+00	0.00e+00	0.00e+00
 1.99667e+13	8.17e-31	1.43e-23	5.44e-17	1.63e-11	3.83e-07	7.64e-04	9.99e-01	0.00e+00	0.00e+00	0.00e+00	0.00e+00	0.00e+00
 2.07404e+13	1.24e-30	2.04e-23	7.28e-17	2.03e-11	4.43e-07	8.23e-04	9.99e-01	0.00e+00	0.00e+00	0.00e+00	0.00e+00	0.00e+00
 2.15298e+13	1.92e-30	2.94e-23	9.73e-17	2.52e-11	5.12e-07	8.84e-04	9.99e-01	0.00e+00	0.00e+00	0.00e+00	0.00e+00	0.00e+00
 2.22279e+13	2.72e-30	3.94e-23	1.24e-16	3.03e-11	5.79e-07	9.41e-04	9.99e-01	0.00e+00	0.00e+00	0.00e+00	0.00e+00	0.00e+00
 2.29870e+13	4.02e-30	5.46e-23	1.61e-16	3.69e-11	6.59e-07	1.00e-03	9.99e-01	0.00e+00	0.00e+00	0.00e+00	0.00e+00	0.00e+00
 2.38994e+13	6.16e-30	7.83e-23	2.17e-16	4.62e-11	7.67e-07	1.08e-03	9.99e-01	0.00e+00	0.00e+00	0.00e+00	0.00e+00	0.00e+00
 2.48017e+13	9.34e-30	1.11e-22	2.89e-16	5.73e-11	8.85e-07	1.17e-03	9.99e-01	0.00e+00	0.00e+00	0.00e+00	0.00e+00	0.00e+00
 2.56068e+13	1.34e-29	1.50e-22	3.70e-16	6.90e-11	1.00e-06	1.24e-03	9.99e-01	0.00e+00	0.00e+00	0.00e+00	0.00e+00	0.00e+00
 2.64950e+13	1.97e-29	2.08e-22	4.82e-16	8.41e-11	1.14e-06	1.33e-03	9.99e-01	0.00e+00	0.00e+00	0.00e+00	0.00e+00	0.00e+00
 2.75519e+13	3.03e-29	3.00e-22	6.52e-16	1.06e-10	1.33e-06	1.43e-03	9.99e-01	0.00e+00	0.00e+00	0.00e+00	0.00e+00	0.00e+00
 2.85985e+13	4.68e-29	4.30e-22	8.71e-16	1.31e-10	1.54e-06	1.54e-03	9.98e-01	0.00e+00	0.00e+00	0.00e+00	0.00e+00	0.00e+00
 2.95559e+13	6.63e-29	5.80e-22	1.12e-15	1.59e-10	1.75e-06	1.65e-03	9.98e-01	0.00e+00	0.00e+00	0.00e+00	0.00e+00	0.00e+00
 3.06272e+13	9.80e-29	8.09e-22	1.48e-15	1.96e-10	2.01e-06	1.77e-03	9.98e-01	0.00e+00	0.00e+00	0.00e+00	0.00e+00	0.00e+00
 3.18723e+13	1.56e-28	1.19e-21	2.01e-15	2.47e-10	2.35e-06	1.91e-03	9.98e-01	0.00e+00	0.00e+00	0.00e+00	0.00e+00	0.00e+00
 3.30940e+13	2.31e-28	1.67e-21	2.69e-15	3.08e-10	2.72e-06	2.06e-03	9.98e-01	0.00e+00	0.00e+00	0.00e+00	0.00e+00	0.00e+00
 3.42452e+13	3.37e-28	2.30e-21	3.51e-15	3.76e-10	3.11e-06	2.20e-03	9.98e-01	0.00e+00	0.00e+00	0.00e+00	0.00e+00	0.00e+00
 3.55255e+13	5.07e-28	3.25e-21	4.66e-15	4.67e-10	3.58e-06	2.37e-03	9.98e-01	0.00e+00	0.00e+00	0.00e+00	0.00e+00	0.00e+00
 3.69764e+13	7.91e-28	4.74e-21	6.36e-15	5.90e-10	4.19e-06	2.56e-03	9.97e-01	0.00e+00	0.00e+00	0.00e+00	0.00e+00	0.00e+00
 3.84270e+13	1.20e-27	6.77e-21	8.57e-15	7.39e-10	4.87e-06	2.77e-03	9.97e-01	0.00e+00	0.00e+00	0.00e+00	0.00e+00	0.00e+00
 3.97845e+13	1.80e-27	9.48e-21	1.12e-14	9.06e-10	5.58e-06	2.96e-03	9.97e-01	0.00e+00	0.00e+00	0.00e+00	0.00e+00	0.00e+00
 4.12547e+13	2.63e-27	1.31e-20	1.49e-14	1.12e-09	6.43e-06	3.19e-03	9.97e-01	0.00e+00	0.00e+00	0.00e+00	0.00e+00	0.00e+00
 4.28987e+13	4.12e-27	1.92e-20	2.02e-14	1.41e-09	7.50e-06	3.44e-03	9.97e-01	0.00e+00	0.00e+00	0.00e+00	0.00e+00	0.00e+00
 4.44355e+13	5.89e-27	2.62e-20	2.65e-14	1.73e-09	8.60e-06	3.70e-03	9.96e-01	0.00e+00	0.00e+00	0.00e+00	0.00e+00	0.00e+00
 4.58585e+13	8.37e-27	3.52e-20	3.39e-14	2.09e-09	9.73e-06	3.93e-03	9.96e-01	0.00e+00	0.00e+00	0.00e+00	0.00e+00	0.00e+00
 4.72249e+13	1.17e-26	4.67e-20	4.27e-14	2.48e-09	1.09e-05	4.17e-03	9.96e-01	0.00e+00	0.00e+00	0.00e+00	0.00e+00	0.00e+00
 4.87422e+13	1.65e-26	6.27e-20	5.46e-14	2.99e-09	1.24e-05	4.44e-03	9.96e-01	0.00e+00	0.00e+00	0.00e+00	0.00e+00	0.00e+00
 5.04202e+13	2.35e-26	8.49e-20	7.10e-14	3.65e-09	1.41e-05	4.75e-03	9.95e-01	0.00e+00	0.00e+00	0.00e+00	0.00e+00	0.00e+00
 5.19806e+13	3.34e-26	1.14e-19	9.02e-14	4.37e-09	1.59e-05	5.05e-03	9.95e-01	0.00e+00	0.00e+00	0.00e+00	0.00e+00	0.00e+00
 5.36827e+13	4.63e-26	1.52e-19	1.16e-13	5.28e-09	1.81e-05	5.38e-03	9.95e-01	0.00e+00	0.00e+00	0.00e+00	0.00e+00	0.00e+00
 5.55948e+13	6.94e-26	2.13e-19	1.52e-13	6.49e-09	2.07e-05	5.77e-03	9.94e-01	0.00e+00	0.00e+00	0.00e+00	0.00e+00	0.00e+00
 5.74232e+13	9.65e-26	2.84e-19	1.96e-13	7.85e-09	2.35e-05	6.16e-03	9.94e-01	0.00e+00	0.00e+00	0.00e+00	0.00e+00	0.00e+00
 5.94434e+13	1.43e-25	3.96e-19	2.57e-13	9.63e-09	2.69e-05	6.59e-03	9.93e-01	0.00e+00	0.00e+00	0.00e+00	0.00e+00	0.00e+00
 6.16685e+13	2.08e-25	5.49e-19	3.42e-13	1.20e-08	3.11e-05	7.10e-03	9.93e-01	0.00e+00	0.00e+00	0.00e+00	0.00e+00	0.00e+00
 6.37133e+13	2.97e-25	7.43e-19	4.41e-13	1.45e-08	3.54e-05	7.57e-03	9.92e-01	0.00e+00	0.00e+00	0.00e+00	0.00e+00	0.00e+00
 6.59246e+13	4.35e-25	1.03e-18	5.76e-13	1.77e-08	4.04e-05	8.10e-03	9.92e-01	0.00e+00	0.00e+00	0.00e+00	0.00e+00	0.00e+00
 6.83984e+13	6.30e-25	1.42e-18	7.67e-13	2.20e-08	4.67e-05	8.73e-03	9.91e-01	0.00e+00	0.00e+00	0.00e+00	0.00e+00	0.00e+00
 7.07283e+13	9.22e-25	1.96e-18	9.98e-13	2.68e-08	5.33e-05	9.33e-03	9.91e-01	0.00e+00	0.00e+00	0.00e+00	0.00e+00	0.00e+00
 7.32720e+13	1.31e-24	2.67e-18	1.31e-12	3.30e-08	6.12e-05	1.00e-02	9.90e-01	0.00e+00	0.00e+00	0.00e+00	0.00e+00	0.00e+00
 7.60946e+13	2.01e-24	3.83e-18	1.76e-12	4.13e-08	7.11e-05	1.08e-02	9.89e-01	0.00e+00	0.00e+00	0.00e+00	0.00e+00	0.00e+00
 7.87292e+13	2.81e-24	5.16e-18	2.30e-12	5.05e-08	8.12e-05	1.16e-02	9.88e-01	0.00e+00	0.00e+00	0.00e+00	0.00e+00	0.00e+00
 8.15934e+13	4.17e-24	7.22e-18	3.04e-12	6.24e-08	9.35e-05	1.24e-02	9.87e-01	0.00e+00	0.00e+00	0.00e+00	0.00e+00	0.00e+00
 8.47953e+13	6.08e-24	1.01e-17	4.09e-12	7.82e-08	1.09e-04	1.34e-02	9.86e-01	0.00e+00	0.00e+00	0.00e+00	0.00e+00	0.00e+00
 8.78290e+13	8.96e-24	1.40e-17	5.38e-12	9.63e-08	1.25e-04	1.44e-02	9.85e-01	0.00e+00	0.00e+00	0.00e+00	0.00e+00	0.00e+00
 9.10758e+13	1.28e-23	1.93e-17	7.11e-12	1.19e-07	1.44e-04	1.55e-02	9.84e-01	0.00e+00	0.00e+00	0.00e+00	0.00e+00	0.00e+00
 9.47488e+13	1.95e-23	2.77e-17	9.68e-12	1.51e-07	1.68e-04	1.68e-02	9.83e-01	0.00e+00	0.00e+00	0.00e+00	0.00e+00	0.00e+00
 9.83621e+13	2.82e-23	3.84e-17	1.29e-11	1.88e-07	1.95e-04	1.82e-02	9.82e-01	0.00e+00	0.00e+00	0.00e+00	0.00e+00	0.00e+00
 1.02120e+14	4.17e-23	5.39e-17	1.73e-11	2.34e-07	2.25e-04	1.96e-02	9.80e-01	0.00e+00	0.00e+00	0.00e+00	0.00e+00	0.00e+00
 1.06235e+14	6.12e-23	7.60e-17	2.33e-11	2.96e-07	2.63e-04	2.13e-02	9.78e-01	0.00e+00	0.00e+00	0.00e+00	0.00e+00	0.00e+00
 1.10288e+14	8.99e-23	1.06e-16	3.12e-11	3.68e-07	3.04e-04	2.30e-02	9.77e-01	0.00e+00	0.00e+00	0.00e+00	0.00e+00	0.00e+00
 1.13639e+14	1.19e-22	1.37e-16	3.92e-11	4.39e-07	3.42e-04	2.45e-02	9.75e-01	0.00e+00	0.00e+00	0.00e+00	0.00e+00	0.00e+00
 1.16318e+14	1.50e-22	1.68e-16	4.68e-11	5.04e-07	3.75e-04	2.57e-02	9.74e-01	0.00e+00	0.00e+00	0.00e+00	0.00e+00	0.00e+00
 1.19270e+14	1.93e-22	2.10e-16	5.68e-11	5.84e-07	4.13e-04	2.70e-02	9.73e-01	0.00e+00	0.00e+00	0.00e+00	0.00e+00	0.00e+00
 1.23107e+14	2.61e-22	2.76e-16	7.23e-11	7.04e-07	4.67e-04	2.89e-02	9.71e-01	0.00e+00	0.00e+00	0.00e+00	0.00e+00	0.00e+00
 1.27230e+14	3.60e-22	3.67e-16	9.29e-11	8.54e-07	5.31e-04	3.09e-02	9.69e-01	0.00e+00	0.00e+00	0.00e+00	0.00e+00	0.00e+00
 1.30897e+14	4.77e-22	4.72e-16	1.16e-10	1.01e-06	5.93e-04	3.28e-02	9.67e-01	0.00e+00	0.00e+00	0.00e+00	0.00e+00	0.00e+00
 1.34841e+14	6.29e-22	6.07e-16	1.45e-10	1.20e-06	6.65e-04	3.49e-02	9.64e-01	0.00e+00	0.00e+00	0.00e+00	0.00e+00	0.00e+00
 1.39827e+14	8.96e-22	8.35e-16	1.91e-10	1.49e-06	7.65e-04	3.77e-02	9.62e-01	0.00e+00	0.00e+00	0.00e+00	0.00e+00	0.00e+00
 1.44878e+14	1.25e-21	1.13e-15	2.50e-10	1.83e-06	8.78e-04	4.06e-02	9.59e-01	0.00e+00	0.00e+00	0.00e+00	0.00e+00	0.00e+00
 1.49178e+14	1.67e-21	1.46e-15	3.12e-10	2.17e-06	9.83e-04	4.32e-02	9.56e-01	0.00e+00	0.00e+00	0.00e+00	0.00e+00	0.00e+00
 1.53792e+14	2.22e-21	1.90e-15	3.94e-10	2.60e-06	1.11e-03	4.60e-02	9.53e-01	0.00e+00	0.00e+00	0.00e+00	0.00e+00	0.00e+00
 1.59543e+14	3.14e-21	2.61e-15	5.21e-10	3.22e-06	1.27e-03	4.97e-02	9.49e-01	0.00e+00	0.00e+00	0.00e+00	0.00e+00	0.00e+00
 1.65438e+14	4.44e-21	3.58e-15	6.86e-10	3.99e-06	1.46e-03	5.37e-02	9.45e-01	0.00e+00	0.00e+00	0.00e+00	0.00e+00	0.00e+00
 1.70638e+14	5.98e-21	4.69e-15	8.69e-10	4.78e-06	1.65e-03	5.72e-02	9.41e-01	0.00e+00	0.00e+00	0.00e+00	0.00e+00	0.00e+00
 1.76267e+14	8.07e-21	6.19e-15	1.11e-09	5.78e-06	1.86e-03	6.12e-02	9.37e-01	0.00e+00	0.00e+00	0.00e+00	0.00e+00	0.00e+00
 1.83053e+14	1.15e-20	8.60e-15	1.48e-09	7.21e-06	2.15e-03	6.64e-02	9.31e-01	0.00e+00	0.00e+00	0.00e+00	0.00e+00	0.00e+00
 1.89775e+14	1.63e-20	1.18e-14	1.95e-09	8.90e-06	2.47e-03	7.14e-02	9.26e-01	0.00e+00	0.00e+00	0.00e+00	0.00e+00	0.00e+00
 1.95779e+14	2.20e-20	1.55e-14	2.48e-09	1.07e-05	2.78e-03	7.63e-02	9.21e-01	0.00e+00	0.00e+00	0.00e+00	0.00e+00	0.00e+00
 2.02413e+14	3.02e-20	2.08e-14	3.20e-09	1.30e-05	3.15e-03	8.16e-02	9.15e-01	0.00e+00	0.00e+00	0.00e+00	0.00e+00	0.00e+00
 2.10300e+14	4.41e-20	2.93e-14	4.28e-09	1.62e-05	3.64e-03	8.83e-02	9.08e-01	0.00e+00	0.00e+00	0.00e+00	0.00e+00	0.00e+00
 2.18110e+14	6.27e-20	4.05e-14	5.66e-09	2.00e-05	4.17e-03	9.51e-02	9.01e-01	0.00e+00	0.00e+00	0.00e+00	0.00e+00	0.00e+00
 2.25256e+14	8.52e-20	5.37e-14	7.25e-09	2.41e-05	4.70e-03	1.01e-01	8.94e-01	0.00e+00	0.00e+00	0.00e+00	0.00e+00	0.00e+00
 2.33249e+14	1.22e-19	7.41e-14	9.47e-09	2.95e-05	5.35e-03	1.09e-01	8.86e-01	0.00e+00	0.00e+00	0.00e+00	0.00e+00	0.00e+00
 2.42536e+14	1.79e-19	1.06e-13	1.28e-08	3.70e-05	6.18e-03	1.17e-01	8.76e-01	0.00e+00	0.00e+00	0.00e+00	0.00e+00	0.00e+00
 2.51690e+14	2.59e-19	1.48e-13	1.70e-08	4.58e-05	7.09e-03	1.26e-01	8.67e-01	0.00e+00	0.00e+00	0.00e+00	0.00e+00	0.00e+00
 2.60428e+14	3.65e-19	2.02e-13	2.21e-08	5.58e-05	8.03e-03	1.35e-01	8.57e-01	0.00e+00	0.00e+00	0.00e+00	0.00e+00	0.00e+00
 2.68065e+14	4.89e-19	2.63e-13	2.75e-08	6.58e-05	8.92e-03	1.42e-01	8.49e-01	0.00e+00	0.00e+00	0.00e+00	0.00e+00	0.00e+00
 2.74362e+14	6.20e-19	3.26e-13	3.29e-08	7.51e-05	9.70e-03	1.49e-01	8.41e-01	0.00e+00	0.00e+00	0.00e+00	0.00e+00	0.00e+00
 2.81295e+14	7.99e-19	4.10e-13	3.99e-08	8.66e-05	1.06e-02	1.56e-01	8.33e-01	0.00e+00	0.00e+00	0.00e+00	0.00e+00	0.00e+00
 2.90308e+14	1.10e-18	5.47e-13	5.08e-08	1.04e-04	1.19e-02	1.65e-01	8.23e-01	0.00e+00	0.00e+00	0.00e+00	0.00e+00	0.00e+00
 2.99804e+14	1.50e-18	7.28e-13	6.49e-08	1.24e-04	1.33e-02	1.75e-01	8.12e-01	0.00e+00	0.00e+00	0.00e+00	0.00e+00	0.00e+00
 3.08008e+14	1.99e-18	9.38e-13	7.99e-08	1.45e-04	1.47e-02	1.84e-01	8.01e-01	0.00e+00	0.00e+00	0.00e+00	0.00e+00	0.00e+00
 3.16757e+14	2.72e-18	1.23e-12	9.89e-08	1.70e-04	1.62e-02	1.93e-01	7.91e-01	0.00e+00	0.00e+00	0.00e+00	0.00e+00	0.00e+00
 3.28130e+14	3.94e-18	1.71e-12	1.30e-07	2.07e-04	1.84e-02	2.05e-01	7.76e-01	0.00e+00	0.00e+00	0.00e+00	0.00e+00	0.00e+00
 3.39814e+14	5.51e-18	2.33e-12	1.69e-07	2.51e-04	2.07e-02	2.18e-01	7.61e-01	0.00e+00	0.00e+00	0.00e+00	0.00e+00	0.00e+00
 3.49558e+14	7.47e-18	3.05e-12	2.10e-07	2.94e-04	2.29e-02	2.28e-01	7.49e-01	0.00e+00	0.00e+00	0.00e+00	0.00e+00	0.00e+00
 3.59882e+14	1.02e-17	4.00e-12	2.61e-07	3.46e-04	2.53e-02	2.39e-01	7.35e-01	0.00e+00	0.00e+00	0.00e+00	0.00e+00	0.00e+00
 3.73047e+14	1.52e-17	5.67e-12	3.43e-07	4.22e-04	2.85e-02	2.53e-01	7.18e-01	0.00e+00	0.00e+00	0.00e+00	0.00e+00	0.00e+00
 3.86842e+14	2.17e-17	7.82e-12	4.50e-07	5.13e-04	3.22e-02	2.67e-01	7.00e-01	0.00e+00	0.00e+00	0.00e+00	0.00e+00	0.00e+00
 3.99125e+14	3.10e-17	1.05e-11	5.69e-07	6.08e-04	3.57e-02	2.80e-01	6.84e-01	0.00e+00	0.00e+00	1.78e-17	9.42e-18	3.31e-18
 4.12508e+14	4.39e-17	1.43e-11	7.28e-07	7.27e-04	3.98e-02	2.94e-01	6.66e-01	0.00e+00	0.00e+00	2.51e-17	1.34e-17	4.66e-18
 4.28488e+14	6.84e-17	2.08e-11	9.66e-07	8.91e-04	4.50e-02	3.10e-01	6.44e-01	0.00e+00	0.00e+00	3.92e-17	2.08e-17	7.21e-18
 4.44310e+14	1.00e-16	2.89e-11	1.26e-06	1.08e-03	5.05e-02	3.25e-01	6.24e-01	0.00e+00	0.00e+00	5.75e-17	3.05e-17	1.05e-17
 4.58649e+14	1.41e-16	3.88e-11	1.59e-06	1.27e-03	5.58e-02	3.38e-01	6.05e-01	0.00e+00	0.00e+00	8.12e-17	4.30e-17	1.48e-17
 4.74595e+14	1.98e-16	5.23e-11	2.04e-06	1.52e-03	6.19e-02	3.52e-01	5.85e-01	0.00e+00	0.00e+00	1.14e-16	6.02e-17	2.06e-17
 4.93295e+14	3.10e-16	7.59e-11	2.70e-06	1.85e-03	6.96e-02	3.68e-01	5.60e-01	0.00e+00	0.00e+00	1.78e-16	9.41e-17	3.20e-17
 5.11745e+14	4.61e-16	1.06e-10	3.52e-06	2.23e-03	7.76e-02	3.83e-01	5.37e-01	0.00e+00	0.00e+00	2.66e-16	1.40e-16	4.75e-17
 5.29060e+14	6.62e-16	1.44e-10	4.46e-06	2.64e-03	8.55e-02	3.96e-01	5.16e-01	0.00e+00	0.00e+00	3.81e-16	2.01e-16	6.79e-17
 5.48380e+14	9.42e-16	1.95e-10	5.74e-06	3.15e-03	9.46e-02	4.09e-01	4.93e-01	0.00e+00	0.00e+00	5.44e-16	2.86e-16	9.63e-17
 5.70345e+14	1.51e-15	2.86e-10	7.57e-06	3.82e-03	1.06e-01	4.24e-01	4.67e-01	0.00e+00	0.00e+00	8.69e-16	4.57e-16	1.53e-16
 5.92068e+14	2.26e-15	3.99e-10	9.80e-06	4.56e-03	1.17e-01	4.36e-01	4.43e-01	0.00e+00	0.00e+00	1.30e-15	6.85e-16	2.29e-16
 6.09899e+14	3.11e-15	5.20e-10	1.20e-05	5.25e-03	1.26e-01	4.45e-01	4.24e-01	0.00e+00	0.00e+00	1.80e-15	9.42e-16	3.14e-16
 6.23841e+14	3.96e-15	6.35e-10	1.40e-05	5.83e-03	1.34e-01	4.51e-01	4.09e-01	0.00e+00	0.00e+00	2.29e-15	1.20e-15	4.00e-16
 6.39106e+14	5.09e-15	7.81e-10	1.65e-05	6.52e-03	1.42e-01	4.58e-01	3.93e-01	0.00e+00	0.00e+00	2.95e-15	1.55e-15	5.13e-16
 6.58950e+14	7.06e-15	1.02e-09	2.02e-05	7.50e-03	1.53e-01	4.65e-01	3.74e-01	0.00e+00	0.00e+00	4.08e-15	2.14e-15	7.09e-16
 6.80448e+14	1.01e-14	1.36e-09	2.50e-05	8.67e-03	1.66e-01	4.72e-01	3.53e-01	0.00e+00	0.00e+00	5.82e-15	3.05e-15	1.01e-15
 6.99759e+14	1.36e-14	1.73e-09	3.01e-05	9.81e-03	1.77e-01	4.77e-01	3.36e-01	0.00e+00	0.00e+00	7.85e-15	4.11e-15	1.36e-15
 7.20528e+14	1.83e-14	2.21e-09	3.64e-05	1.12e-02	1.89e-01	4.82e-01	3.18e-01	0.00e+00	0.00e+00	1.06e-14	5.56e-15	1.83e-15
 7.46927e+14	2.72e-14	3.02e-09	4.59e-05	1.30e-02	2.05e-01	4.86e-01	2.96e-01	0.00e+00	0.00e+00	1.57e-14	8.24e-15	2.71e-15
 7.73660e+14	3.89e-14	4.03e-09	5.73e-05	1.51e-02	2.21e-01	4.89e-01	2.76e-01	0.00e+00	0.00e+00	2.26e-14	1.18e-14	3.87e-15
 7.96205e+14	5.14e-14	5.05e-09	6.86e-05	1.70e-02	2.34e-01	4.90e-01	2.59e-01	0.00e+00	0.00e+00	2.98e-14	1.56e-14	5.10e-15
 8.20292e+14	7.01e-14	6.46e-09	8.25e-05	1.92e-02	2.48e-01	4.90e-01	2.43e-01	0.00e+00	0.00e+00	4.06e-14	2.13e-14	6.95e-15
 8.50600e+14	1.07e-13	8.93e-09	1.03e-04	2.22e-02	2.66e-01	4.88e-01	2.23e-01	0.00e+00	0.00e+00	6.21e-14	3.25e-14	1.06e-14
 8.81962e+14	1.56e-13	1.20e-08	1.29e-04	2.56e-02	2.84e-01	4.85e-01	2.05e-01	0.00e+00	0.00e+00	9.06e-14	4.74e-14	1.54e-14
 9.09613e+14	2.13e-13	1.53e-08	1.55e-04	2.88e-02	3.00e-01	4.81e-01	1.90e-01	0.00e+00	0.00e+00	1.24e-13	6.46e-14	2.10e-14
 9.39471e+14	2.88e-13	1.94e-08	1.87e-04	3.25e-02	3.17e-01	4.76e-01	1.75e-01	0.00e+00	0.00e+00	1.67e-13	8.73e-14	2.84e-14
 9.75490e+14	4.39e-13	2.67e-08	2.33e-04	3.74e-02	3.36e-01	4.68e-01	1.58e-01	0.00e+00	0.00e+00	2.55e-13	1.33e-13	4.33e-14
 1.01120e+15	6.36e-13	3.54e-08	2.86e-04	4.25e-02	3.55e-01	4.59e-01	1.43e-01	0.00e+00	0.00e+00	3.69e-13	1.93e-13	6.26e-14
 1.04315e+15	8.47e-13	4.44e-08	3.41e-04	4.74e-02	3.71e-01	4.51e-01	1.31e-01	0.00e+00	0.00e+00	4.92e-13	2.57e-13	8.34e-14
 1.07852e+15	1.18e-12	5.73e-08	4.11e-04	5.31e-02	3.88e-01	4.40e-01	1.19e-01	0.00e+00	0.00e+00	6.88e-13	3.60e-13	1.16e-13
 1.12050e+15	1.84e-12	7.90e-08	5.10e-04	6.04e-02	4.07e-01	4.27e-01	1.05e-01	0.00e+00	0.00e+00	1.07e-12	5.60e-13	1.81e-13
 1.16027e+15	2.62e-12	1.03e-07	6.16e-04	6.77e-02	4.23e-01	4.14e-01	9.45e-02	0.00e+00	0.00e+00	1.52e-12	7.95e-13	2.57e-13
 1.19443e+15	3.51e-12	1.28e-07	7.19e-04	7.42e-02	4.37e-01	4.02e-01	8.59e-02	0.00e+00	0.00e+00	2.04e-12	1.07e-12	3.44e-13
 1.23212e+15	4.74e-12	1.60e-07	8.48e-04	8.17e-02	4.51e-01	3.89e-01	7.75e-02	0.00e+00	0.00e+00	2.76e-12	1.44e-12	4.65e-13
 1.27851e+15	6.96e-12	2.12e-07	1.03e-03	9.15e-02	4.67e-01	3.73e-01	6.81e-02	0.00e+00	0.00e+00	4.05e-12	2.11e-12	6.83e-13
 1.32548e+15	9.42e-12	2.68e-07	1.24e-03	1.02e-01	4.81e-01	3.56e-01	6.01e-02	0.00e+00	0.00e+00	5.48e-12	2.86e-12	9.24e-13
 1.36447e+15	1.33e-11	3.41e-07	1.44e-03	1.11e-01	4.91e-01	3.43e-01	5.39e-02	0.00e+00	0.00e+00	7.75e-12	4.05e-12	1.31e-12
 1.39607e+15	1.67e-11	4.02e-07	1.62e-03	1.18e-01	4.99e-01	3.32e-01	4.95e-02	0.00e+00	0.00e+00	9.72e-12	5.08e-12	1.64e-12
 1.42943e+15	2.09e-11	4.74e-07	1.82e-03	1.26e-01	5.07e-01	3.20e-01	4.52e-02	0.00e+00	0.00e+00	1.21e-11	6.35e-12	2.05e-12
 1.47279e+15	2.70e-11	5.76e-07	2.10e-03	1.36e-01	5.15e-01	3.06e-01	4.03e-02	0.00e+00	0.00e+00	1.57e-11	8.22e-12	2.65e-12
 1.52150e+15	3.91e-11	7.45e-07	2.48e-03	1.49e-01	5.24e-01	2.90e-01	3.53e-02	0.00e+00	0.00e+00	2.28e-11	1.19e-11	3.84e-12
 1.56483e+15	5.08e-11	9.01e-07	2.83e-03	1.60e-01	5.30e-01	2.76e-01	3.15e-02	0.00e+00	0.00e+00	2.96e-11	1.54e-11	4.99e-12
 1.60885e+15	6.46e-11	1.08e-06	3.23e-03	1.71e-01	5.35e-01	2.63e-01	2.80e-02	0.00e+00	0.00e+00	3.76e-11	1.96e-11	6.34e-12
 1.66607e+15	9.56e-11	1.41e-06	3.83e-03	1.87e-01	5.40e-01	2.45e-01	2.40e-02	0.00e+00	0.00e+00	5.56e-11	2.91e-11	9.39e-12
 1.72323e+15	1.30e-10	1.76e-06	4.47e-03	2.02e-01	5.44e-01	2.29e-01	2.07e-02	0.00e+00	0.00e+00	7.56e-11	3.95e-11	1.28e-11
 1.76947e+15	1.63e-10	2.09e-06	5.05e-03	2.14e-01	5.45e-01	2.17e-01	1.84e-02	0.00e+00	0.00e+00	9.50e-11	4.97e-11	1.60e-11
 1.81871e+15	2.12e-10	2.51e-06	5.73e-03	2.28e-01	5.46e-01	2.05e-01	1.62e-02	0.00e+00	0.00e+00	1.24e-10	6.46e-11	2.09e-11
 1.88272e+15	3.12e-10	3.27e-06	6.73e-03	2.46e-01	5.45e-01	1.89e-01	1.37e-02	0.00e+00	0.00e+00	1.82e-10	9.51e-11	3.07e-11
 1.94910e+15	4.28e-10	4.10e-06	7.85e-03	2.64e-01	5.42e-01	1.74e-01	1.16e-02	0.00e+00	0.00e+00	2.49e-10	1.30e-10	4.21e-11
 2.00540e+15	5.45e-10	4.89e-06	8.91e-03	2.80e-01	5.39e-01	1.62e-01	1.01e-02	0.00e+00	0.00e+00	3.17e-10	1.66e-10	5.36e-11
 2.06542e+15	7.21e-10	5.96e-06	1.02e-02	2.96e-01	5.34e-01	1.50e-01	8.65e-03	0.00e+00	0.00e+00	4.19e-10	2.20e-10	7.10e-11
 2.13213e+15	1.04e-09	7.61e-06	1.17e-02	3.15e-01	5.28e-01	1.38e-01	7.28e-03	0.00e+00	0.00e+00	6.03e-10	3.16e-10	1.02e-10
 2.19324e+15	1.35e-09	9.18e-06	1.33e-02	3.32e-01	5.21e-01	1.27e-01	6.25e-03	0.00e+00	0.00e+00	7.88e-10	4.12e-10	1.34e-10
 2.25839e+15	1.77e-09	1.11e-05	1.50e-02	3.49e-01	5.13e-01	1.17e-01	5.33e-03	0.00e+00	0.00e+00	1.03e-09	5.40e-10	1.75e-10
 2.32937e+15	2.29e-09	1.34e-05	1.71e-02	3.68e-01	5.04e-01	1.07e-01	4.49e-03	0.00e+00	0.00e+00	1.33e-09	6.97e-10	2.26e-10
 2.39412e+15	3.16e-09	1.66e-05	1.94e-02	3.85e-01	4.94e-01	9.78e-02	3.81e-03	0.00e+00	0.00e+00	1.84e-09	9.63e-10	3.12e-10
 2.44626e+15	3.86e-09	1.91e-05	2.12e-02	3.99e-01	4.86e-01	9.13e-02	3.36e-03	0.00e+00	0.00e+00	2.25e-09	1.18e-09	3.82e-10
 2.49583e+15	4.71e-09	2.20e-05	2.31e-02	4.11e-01	4.77e-01	8.54e-02	2.97e-03	0.00e+00	0.00e+00	2.74e-09	1.44e-09	4.66e-10
 2.56026e+15	5.96e-09	2.60e-05	2.58e-02	4.27e-01	4.66e-01	7.83e-02	2.54e-03	0.00e+00	0.00e+00	3.47e-09	1.82e-09	5.90e-10
 2.62877e+15	7.83e-09	3.13e-05	2.89e-02	4.44e-01	4.54e-01	7.13e-02	2.15e-03	0.00e+00	0.00e+00	4.55e-09	2.39e-09	7.75e-10
 2.69284e+15	9.89e-09	3.69e-05	3.21e-02	4.59e-01	4.42e-01	6.54e-02	1.84e-03	0.00e+00	0.00e+00	5.76e-09	3.02e-09	9.81e-10
 2.75367e+15	1.21e-08	4.27e-05	3.52e-02	4.72e-01	4.31e-01	6.02e-02	1.59e-03	0.00e+00	0.00e+00	7.07e-09	3.71e-09	1.20e-09
 2.82000e+15	1.49e-08	4.95e-05	3.90e-02	4.87e-01	4.18e-01	5.50e-02	1.36e-03	0.00e+00	0.00e+00	8.65e-09	4.54e-09	1.48e-09
 2.89474e+15	2.04e-08	6.13e-05	4.38e-02	5.03e-01	4.03e-01	4.94e-02	1.13e-03	0.00e+00	0.00e+00	1.19e-08	6.22e-09	2.03e-09
 2.96529e+15	2.55e-08	7.19e-05	4.85e-02	5.16e-01	3.89e-01	4.48e-02	9.57e-04	0.00e+00	0.00e+00	1.48e-08	7.79e-09	2.54e-09
 3.03169e+15	3.09e-08	8.27e-05	5.33e-02	5.29e-01	3.76e-01	4.08e-02	8.19e-04	0.00e+00	0.00e+00	1.80e-08	9.43e-09	3.07e-09
 3.10778e+15	4.25e-08	1.03e-04	5.98e-02	5.43e-01	3.60e-01	3.64e-02	6.72e-04	0.00e+00	0.00e+00	2.47e-08	1.30e-08	4.23e-09
 3.18953e+15	5.44e-08	1.22e-04	6.69e-02	5.56e-01	3.44e-01	3.23e-02	5.54e-04	0.00e+00	0.00e+00	3.16e-08	1.66e-08	5.41e-09
 3.26489e+15	6.70e-08	1.43e-04	7.41e-02	5.67e-01	3.29e-01	2.90e-02	4.64e-04	0.00e+00	0.00e+00	3.90e-08	2.05e-08	6.68e-09
 3.33733e+15	8.49e-08	1.69e-04	8.20e-02	5.77e-01	3.14e-01	2.60e-02	3.88e-04	0.00e+00	0.00e+00	4.94e-08	2.60e-08	8.48e-09
 3.40634e+15	1.07e-07	1.99e-04	9.01e-02	5.86e-01	3.00e-01	2.34e-02	3.26e-04	0.00e+00	0.00e+00	6.22e-08	3.27e-08	1.07e-08
 3.47186e+15	1.33e-07	2.32e-04	9.86e-02	5.93e-01	2.87e-01	2.11e-02	2.76e-04	0.00e+00	0.00e+00	7.75e-08	4.07e-08	1.33e-08
 3.54624e+15	1.70e-07	2.75e-04	1.09e-01	6.00e-01	2.72e-01	1.87e-02	2.28e-04	0.00e+00	0.00e+00	9.87e-08	5.19e-08	1.70e-08
 3.62941e+15	2.41e-07	3.50e-04	1.23e-01	6.05e-01	2.55e-01	1.62e-02	1.81e-04	0.00e+00	0.00e+00	1.41e-07	7.39e-08	2.42e-08
 3.69624e+15	2.98e-07	4.07e-04	1.34e-01	6.09e-01	2.42e-01	1.45e-02	1.52e-04	0.00e+00	0.00e+00	1.73e-07	9.11e-08	2.98e-08
 3.74739e+15	3.55e-07	4.61e-04	1.44e-01	6.10e-01	2.32e-01	1.32e-02	1.32e-04	0.00e+00	0.00e+00	2.07e-07	1.09e-07	3.56e-08
 3.80591e+15	4.38e-07	5.34e-04	1.57e-01	6.11e-01	2.20e-01	1.19e-02	1.12e-04	0.00e+00	0.00e+00	2.55e-07	1.34e-07	4.39e-08
 3.88199e+15	5.31e-07	6.18e-04	1.73e-01	6.11e-01	2.05e-01	1.04e-02	9.19e-05	0.00e+00	0.00e+00	3.09e-07	1.62e-07	5.32e-08
 3.96777e+15	7.80e-07	8.05e-04	1.96e-01	6.06e-01	1.88e-01	8.72e-03	7.01e-05	0.00e+00	0.00e+00	4.54e-07	2.39e-07	7.83e-08
 4.02857e+15	9.39e-07	9.22e-04	2.13e-01	6.02e-01	1.76e-01	7.77e-03	5.90e-05	0.00e+00	0.00e+00	5.47e-07	2.88e-07	9.44e-08
 4.06229e+15	1.09e-06	1.02e-03	2.24e-01	5.99e-01	1.69e-01	7.21e-03	5.27e-05	0.00e+00	0.00e+00	6.32e-07	3.33e-07	1.09e-07
 4.09843e+15	1.25e-06	1.13e-03	2.36e-01	5.94e-01	1.62e-01	6.66e-03	4.68e-05	0.00e+00	0.00e+00	7.28e-07	3.83e-07	1.26e-07
 4.14541e+15	1.42e-06	1.24e-03	2.51e-01	5.88e-01	1.53e-01	6.03e-03	4.06e-05	0.00e+00	0.00e+00	8.27e-07	4.35e-07	1.43e-07
 4.20649e+15	1.94e-06	1.53e-03	2.76e-01	5.76e-01	1.41e-01	5.15e-03	3.22e-05	0.00e+00	0.00e+00	1.13e-06	5.94e-07	1.95e-07
 4.25976e+15	2.31e-06	1.74e-03	2.97e-01	5.66e-01	1.31e-01	4.56e-03	2.70e-05	0.00e+00	0.00e+00	1.34e-06	7.07e-07	2.33e-07
 4.29600e+15	2.61e-06	1.90e-03	3.12e-01	5.58e-01	1.24e-01	4.17e-03	2.38e-05	0.00e+00	0.00e+00	1.52e-06	7.99e-07	2.63e-07
 4.33620e+15	3.07e-06	2.13e-03	3.31e-01	5.47e-01	1.16e-01	3.74e-03	2.04e-05	0.00e+00	0.00e+00	1.78e-06	9.40e-07	3.09e-07
 4.38847e+15	4.09e-06	2.60e-03	3.60e-01	5.29e-01	1.06e-01	3.18e-03	1.61e-05	0.00e+00	0.00e+00	2.38e-06	1.26e-06	4.13e-07
 4.43547e+15	4.68e-06	2.87e-03	3.82e-01	5.14e-01	9.76e-02	2.80e-03	1.35e-05	0.00e+00	0.00e+00	2.72e-06	1.44e-06	4.73e-07
 4.47561e+15	6.02e-06	3.40e-03	4.08e-01	4.96e-01	8.95e-02	2.42e-03	1.10e-05	0.00e+00	0.00e+00	3.50e-06	1.85e-06	6.09e-07
 4.51436e+15	7.14e-06	3.82e-03	4.31e-01	4.80e-01	8.26e-02	2.13e-03	9.21e-06	0.00e+00	0.00e+00	4.15e-06	2.19e-06	7.22e-07
 4.55130e+15	8.41e-06	4.29e-03	4.55e-01	4.63e-01	7.59e-02	1.87e-03	7.69e-06	0.00e+00	0.00e+00	4.89e-06	2.58e-06	8.52e-07
 4.59933e+15	1.06e-05	5.04e-03	4.88e-01	4.38e-01	6.72e-02	1.55e-03	5.95e-06	0.00e+00	0.00e+00	6.19e-06	3.27e-06	1.08e-06
 4.64620e+15	1.27e-05	5.70e-03	5.19e-01	4.15e-01	5.97e-02	1.30e-03	4.71e-06	0.00e+00	0.00e+00	7.36e-06	3.89e-06	1.28e-06
 4.68444e+15	1.62e-05	6.73e-03	5.49e-01	3.90e-01	5.31e-02	1.08e-03	3.66e-06	0.00e+00	0.00e+00	9.45e-06	4.99e-06	1.65e-06
 4.71652e+15	1.94e-05	7.56e-03	5.73e-01	3.71e-01	4.81e-02	9.29e-04	2.99e-06	0.00e+00	0.00e+00	1.13e-05	5.95e-06	1.97e-06
 4.74774e+15	2.26e-05	8.40e-03	5.97e-01	3.51e-01	4.34e-02	7.97e-04	2.44e-06	0.00e+00	0.00e+00	1.31e-05	6.95e-06	2.30e-06
 4.78833e+15	2.82e-05	9.73e-03	6.28e-01	3.24e-01	3.74e-02	6.41e-04	1.83e-06	0.00e+00	0.00e+00	1.64e-05	8.66e-06	2.87e-06
 4.82972e+15	3.35e-05	1.09e-02	6.58e-01	2.98e-01	3.22e-02	5.17e-04	1.38e-06	0.00e+00	0.00e+00	1.95e-05	1.03e-05	3.41e-06
 4.86624e+15	4.35e-05	1.29e-02	6.88e-01	2.71e-01	2.74e-02	4.07e-04	1.00e-06	0.00e+00	0.00e+00	2.53e-05	1.34e-05	4.43e-06
 4.89736e+15	5.14e-05	1.44e-02	7.10e-01	2.51e-01	2.40e-02	3.35e-04	7.80e-07	0.00e+00	0.00e+00	2.99e-05	1.58e-05	5.24e-06
 4.91970e+15	5.80e-05	1.55e-02	7.26e-01	2.36e-01	2.17e-02	2.90e-04	0.00e+00	0.00e+00	0.00e+00	3.37e-05	1.78e-05	5.92e-06
 4.94103e+15	6.56e-05	1.68e-02	7.41e-01	2.22e-01	1.95e-02	2.50e-04	0.00e+00	0.00e+00	0.00e+00	3.81e-05	2.02e-05	6.70e-06
 4.96877e+15	7.64e-05	1.86e-02	7.60e-01	2.04e-01	1.69e-02	2.04e-04	0.00e+00	0.00e+00	0.00e+00	4.44e-05	2.35e-05	7.81e-06
 4.99681e+15	8.94e-05	2.05e-02	7.78e-01	1.87e-01	1.46e-02	1.66e-04	0.00e+00	0.00e+00	0.00e+00	5.20e-05	2.75e-05	9.14e-06
 5.01882e+15	1.01e-04	2.21e-02	7.91e-01	1.74e-01	1.30e-02	1.40e-04	0.00e+00	0.00e+00	0.00e+00	5.87e-05	3.10e-05	1.03e-05
 5.04101e+15	1.15e-04	2.39e-02	8.04e-01	1.60e-01	1.15e-02	1.17e-04	0.00e+00	0.00e+00	0.00e+00	6.68e-05	3.53e-05	1.18e-05
 5.06582e+15	1.32e-04	2.61e-02	8.17e-01	1.47e-01	9.91e-03	9.52e-05	0.00e+00	0.00e+00	0.00e+00	7.68e-05	4.06e-05	1.35e-05
 5.08922e+15	1.51e-04	2.82e-02	8.29e-01	1.34e-01	8.61e-03	7.81e-05	0.00e+00	0.00e+00	0.00e+00	8.76e-05	4.63e-05	1.54e-05
 5.11125e+15	1.71e-04	3.04e-02	8.39e-01	1.23e-01	7.51e-03	6.43e-05	0.00e+00	0.00e+00	0.00e+00	9.94e-05	5.26e-05	1.75e-05
 5.13633e+15	1.97e-04	3.31e-02	8.49e-01	1.11e-01	6.37e-03	5.10e-05	0.00e+00	0.00e+00	0.00e+00	1.14e-04	6.05e-05	2.02e-05
 5.16354e+15	2.29e-04	3.63e-02	8.59e-01	9.93e-02	5.33e-03	3.97e-05	0.00e+00	0.00e+00	0.00e+00	1.33e-04	7.05e-05	2.35e-05
 5.18741e+15	2.60e-04	3.91e-02	8.66e-01	8.99e-02	4.55e-03	3.18e-05	0.00e+00	0.00e+00	0.00e+00	1.51e-04	8.01e-05	2.68e-05
 5.21230e+15	3.00e-04	4.24e-02	8.73e-01	8.04e-02	3.81e-03	2.48e-05	0.00e+00	0.00e+00	0.00e+00	1.74e-04	9.22e-05	3.08e-05
 5.23938e+15	3.47e-04	4.61e-02	8.79e-01	7.13e-02	3.16e-03	1.90e-05	0.00e+00	0.00e+00	0.00e+00	2.02e-04	1.07e-04	3.57e-05
 5.26375e+15	3.95e-04	4.97e-02	8.83e-01	6.39e-02	2.66e-03	1.49e-05	0.00e+00	0.00e+00	0.00e+00	2.30e-04	1.22e-04	4.07e-05
 5.28986e+15	4.55e-04	5.39e-02	8.87e-01	5.65e-02	2.19e-03	1.13e-05	0.00e+00	0.00e+00	0.00e+00	2.65e-04	1.40e-04	4.69e-05
 5.31804e+15	5.29e-04	5.86e-02	8.90e-01	4.95e-02	1.78e-03	8.45e-06	0.00e+00	0.00e+00	0.00e+00	3.07e-04	1.63e-04	5.45e-05
 5.34313e+15	6.03e-04	6.30e-02	8.91e-01	4.40e-02	1.48e-03	6.51e-06	0.00e+00	0.00e+00	0.00e+00	3.51e-04	1.86e-04	6.22e-05
 5.36641e+15	6.81e-04	6.74e-02	8.91e-01	3.94e-02	1.24e-03	5.08e-06	0.00e+00	0.00e+00	0.00e+00	3.96e-04	2.10e-04	7.02e-05
 5.39315e+15	7.84e-04	7.29e-02	8.91e-01	3.45e-02	1.01e-03	3.77e-06	0.00e+00	0.00e+00	0.00e+00	4.56e-04	2.41e-04	8.10e-05
 5.42240e+15	9.11e-04	7.91e-02	8.89e-01	2.99e-02	8.07e-04	2.75e-06	0.00e+00	0.00e+00	0.00e+00	5.30e-04	2.81e-04	9.41e-05
 5.44901e+15	1.04e-03	8.52e-02	8.87e-01	2.63e-02	6.60e-04	2.06e-06	0.00e+00	0.00e+00	0.00e+00	6.08e-04	3.22e-04	1.08e-04
 5.47362e+15	1.18e-03	9.11e-02	8.84e-01	2.33e-02	5.45e-04	1.57e-06	0.00e+00	0.00e+00	0.00e+00	6.89e-04	3.65e-04	1.22e-04
 5.50154e+15	1.37e-03	9.85e-02	8.80e-01	2.02e-02	4.36e-04	1.14e-06	0.00e+00	0.00e+00	0.00e+00	7.96e-04	4.21e-04	1.41e-04
 5.53221e+15	1.60e-03	1.07e-01	8.74e-01	1.74e-02	3.44e-04	8.09e-07	0.00e+00	0.00e+00	0.00e+00	9.30e-04	4.92e-04	1.65e-04
 5.55996e+15	1.84e-03	1.15e-01	8.67e-01	1.51e-02	2.78e-04	0.00e+00	0.00e+00	0.00e+00	0.00e+00	1.07e-03	5.67e-04	1.90e-04
 5.58547e+15	2.09e-03	1.23e-01	8.61e-01	1.33e-02	2.27e-04	0.00e+00	0.00e+00	0.00e+00	0.00e+00	1.21e-03	6.43e-04	2.16e-04
 5.61454e+15	2.43e-03	1.34e-01	8.52e-01	1.14e-02	1.80e-04	0.00e+00	0.00e+00	0.00e+00	0.00e+00	1.42e-03	7.49e-04	2.52e-04
 5.64590e+15	2.86e-03	1.46e-01	8.42e-01	9.73e-03	1.40e-04	0.00e+00	0.00e+00	0.00e+00	0.00e+00	1.66e-03	8.80e-04	2.96e-04
 5.67415e+15	3.31e-03	1.57e-01	8.31e-01	8.41e-03	1.12e-04	0.00e+00	0.00e+00	0.00e+00	0.00e+00	1.92e-03	1.02e-03	3.42e-04
 5.70479e+15	3.88e-03	1.71e-01	8.18e-01	7.14e-03	8.73e-05	0.00e+00	0.00e+00	0.00e+00	0.00e+00	2.26e-03	1.19e-03	4.01e-04
 5.73831e+15	4.60e-03	1.87e-01	8.03e-01	5.99e-03	6.67e-05	0.00e+00	0.00e+00	0.00e+00	0.00e+00	2.68e-03	1.42e-03	4.76e-04
 5.76893e+15	5.43e-03	2.03e-01	7.86e-01	5.08e-03	5.21e-05	0.00e+00	0.00e+00	0.00e+00	0.00e+00	3.16e-03	1.67e-03	5.62e-04
 5.79694e+15	6.31e-03	2.19e-01	7.70e-01	4.35e-03	4.13e-05	0.00e+00	0.00e+00	0.00e+00	0.00e+00	3.67e-03	1.94e-03	6.53e-04
 5.82821e+15	7.47e-03	2.39e-01	7.50e-01	3.64e-03	3.16e-05	0.00e+00	0.00e+00	0.00e+00	0.00e+00	4.35e-03	2.30e-03	7.73e-04
 5.86351e+15	9.06e-03	2.63e-01	7.25e-01	2.97e-03	2.34e-05	0.00e+00	0.00e+00	0.00e+00	0.00e+00	5.27e-03	2.79e-03	9.38e-04
 5.89712e+15	1.09e-02	2.89e-01	6.98e-01	2.43e-03	1.74e-05	0.00e+00	0.00e+00	0.00e+00	0.00e+00	6.36e-03	3.36e-03	1.13e-03
 5.92859e+15	1.30e-02	3.14e-01	6.71e-01	2.00e-03	1.32e-05	0.00e+00	0.00e+00	0.00e+00	0.00e+00	7.58e-03	4.00e-03	1.35e-03
 5.96417e+15	1.59e-02	3.46e-01	6.36e-01	1.59e-03	9.41e-06	0.00e+00	0.00e+00	0.00e+00	0.00e+00	9.29e-03	4.90e-03	1.65e-03
 6.00218e+15	1.99e-02	3.84e-01	5.95e-01	1.23e-03	6.54e-06	0.00e+00	0.00e+00	0.00e+00	0.00e+00	1.16e-02	6.12e-03	2.06e-03
 6.03449e+15	2.42e-02	4.19e-01	5.56e-01	9.72e-04	4.73e-06	0.00e+00	0.00e+00	0.00e+00	0.00e+00	1.41e-02	7.43e-03	2.50e-03
 6.06241e+15	2.86e-02	4.51e-01	5.20e-01	7.84e-04	3.52e-06	0.00e+00	0.00e+00	0.00e+00	0.00e+00	1.67e-02	8.80e-03	2.97e-03
 6.09344e+15	3.46e-02	4.88e-01	4.77e-01	6.07e-04	2.48e-06	0.00e+00	0.00e+00	0.00e+00	0.00e+00	2.02e-02	1.06e-02	3.59e-03
 6.12762e+15	4.28e-02	5.29e-01	4.27e-01	4.50e-04	1.66e-06	0.00e+00	0.00e+00	0.00e+00	0.00e+00	2.49e-02	1.31e-02	4.44e-03
