#depth	He	He+	He+2
 1.49634e+10	3.80e-20	2.86e-10	1.00e+00
 4.54887e+10	4.41e-20	3.16e-10	1.00e+00
 7.72350e+10	5.07e-20	3.50e-10	1.00e+00
 1.10251e+11	5.82e-20	3.87e-10	1.00e+00
 1.40097e+11	6.57e-20	4.23e-10	1.00e+00
 1.64937e+11	7.22e-20	4.55e-10	1.00e+00
 1.92139e+11	7.97e-20	4.91e-10	1.00e+00
 2.26628e+11	9.00e-20	5.39e-10	1.00e+00
 2.62626e+11	1.02e-19	5.94e-10	1.00e+00
 2.93143e+11	1.12e-19	6.42e-10	1.00e+00
 3.24495e+11	1.24e-19	6.94e-10	1.00e+00
 3.64023e+11	1.39e-19	7.64e-10	1.00e+00
 4.04202e+11	1.56e-19	8.40e-10	1.00e+00
 4.38600e+11	1.71e-19	9.08e-10	1.00e+00
 4.75461e+11	1.89e-19	9.84e-10	1.00e+00
 5.21184e+11	2.12e-19	1.08e-09	1.00e+00
 5.68109e+11	2.38e-19	1.19e-09	1.00e+00
 6.10245e+11	2.62e-19	1.30e-09	1.00e+00
 6.56477e+11	2.91e-19	1.42e-09	1.00e+00
 7.11224e+11	3.29e-19	1.57e-09	1.00e+00
 7.66128e+11	3.71e-19	1.72e-09	1.00e+00
 8.18108e+11	4.15e-19	1.88e-09	1.00e+00
 8.75638e+11	4.68e-19	2.06e-09	1.00e+00
 9.40590e+11	5.35e-19	2.28e-09	1.00e+00
 1.00536e+12	6.11e-19	2.51e-09	1.00e+00
 1.06250e+12	6.85e-19	2.73e-09	1.00e+00
 1.11039e+12	7.53e-19	2.92e-09	1.00e+00
 1.16188e+12	8.33e-19	3.12e-09	1.00e+00
 1.22883e+12	9.48e-19	3.40e-09	1.00e+00
 1.29888e+12	1.08e-18	3.72e-09	1.00e+00
 1.35864e+12	1.21e-18	3.99e-09	1.00e+00
 1.42200e+12	1.36e-18	4.30e-09	1.00e+00
 1.50193e+12	1.58e-18	4.70e-09	1.00e+00
 1.58428e+12	1.83e-18	5.13e-09	1.00e+00
 1.65651e+12	2.07e-18	5.53e-09	1.00e+00
 1.73469e+12	2.37e-18	5.98e-09	1.00e+00
 1.82135e+12	2.74e-18	6.50e-09	1.00e+00
 1.90172e+12	3.13e-18	7.00e-09	1.00e+00
 1.98887e+12	3.59e-18	7.57e-09	1.00e+00
 2.08577e+12	4.18e-18	8.23e-09	1.00e+00
 2.17614e+12	4.79e-18	8.87e-09	1.00e+00
 2.27440e+12	5.54e-18	9.60e-09	1.00e+00
 2.38372e+12	6.48e-18	1.04e-08	1.00e+00
 2.48594e+12	7.48e-18	1.13e-08	1.00e+00
 2.59736e+12	8.69e-18	1.22e-08	1.00e+00
 2.72177e+12	1.02e-17	1.33e-08	1.00e+00
 2.83883e+12	1.19e-17	1.44e-08	1.00e+00
 2.96679e+12	1.39e-17	1.56e-08	1.00e+00
 3.11010e+12	1.64e-17	1.70e-08	1.00e+00
 3.24587e+12	1.91e-17	1.84e-08	1.00e+00
 3.39183e+12	2.24e-17	2.00e-08	1.00e+00
 3.55743e+12	2.67e-17	2.19e-08	1.00e+00
 3.72065e+12	3.15e-17	2.38e-08	1.00e+00
 3.89040e+12	3.72e-17	2.59e-08	1.00e+00
 4.07595e+12	4.41e-17	2.83e-08	1.00e+00
 4.26891e+12	5.26e-17	3.09e-08	1.00e+00
 4.45699e+12	6.17e-17	3.35e-08	1.00e+00
 4.62933e+12	7.11e-17	3.60e-08	1.00e+00
 4.78361e+12	8.04e-17	3.83e-08	1.00e+00
 4.94839e+12	9.13e-17	4.09e-08	1.00e+00
 5.15733e+12	1.06e-16	4.42e-08	1.00e+00
 5.36920e+12	1.24e-16	4.77e-08	1.00e+00
 5.54761e+12	1.40e-16	5.08e-08	1.00e+00
 5.73696e+12	1.59e-16	5.41e-08	1.00e+00
 5.97582e+12	1.85e-16	5.84e-08	1.00e+00
 6.22020e+12	2.16e-16	6.31e-08	1.00e+00
 6.42908e+12	2.45e-16	6.72e-08	1.00e+00
 6.65066e+12	2.78e-16	7.16e-08	1.00e+00
 6.92638e+12	3.23e-16	7.72e-08	1.00e+00
 7.20895e+12	3.77e-16	8.35e-08	1.00e+00
 7.45660e+12	4.27e-16	8.89e-08	1.00e+00
 7.72242e+12	4.86e-16	9.49e-08	1.00e+00
 8.04508e+12	5.66e-16	1.03e-07	1.00e+00
 8.37210e+12	6.57e-16	1.10e-07	1.00e+00
 8.67126e+12	7.49e-16	1.18e-07	1.00e+00
 9.00375e+12	8.62e-16	1.27e-07	1.00e+00
 9.39047e+12	1.01e-15	1.37e-07	1.00e+00
 9.77165e+12	1.17e-15	1.48e-07	1.00e+00
 1.01347e+13	1.34e-15	1.58e-07	1.00e+00
 1.05367e+13	1.54e-15	1.70e-07	1.00e+00
 1.09881e+13	1.80e-15	1.84e-07	1.00e+00
 1.14450e+13	2.10e-15	1.98e-07	1.00e+00
 1.19202e+13	2.44e-15	2.14e-07	1.00e+00
 1.24269e+13	2.84e-15	2.31e-07	1.00e+00
 1.29539e+13	3.31e-15	2.50e-07	1.00e+00
 1.34653e+13	3.82e-15	2.69e-07	1.00e+00
 1.39479e+13	4.35e-15	2.87e-07	1.00e+00
 1.44039e+13	4.91e-15	3.06e-07	1.00e+00
 1.49008e+13	5.56e-15	3.26e-07	1.00e+00
 1.54558e+13	6.36e-15	3.49e-07	1.00e+00
 1.59803e+13	7.21e-15	3.72e-07	1.00e+00
 1.65561e+13	8.23e-15	3.98e-07	1.00e+00
 1.71993e+13	9.48e-15	4.27e-07	1.00e+00
 1.78122e+13	1.08e-14	4.57e-07	1.00e+00
 1.84844e+13	1.24e-14	4.90e-07	1.00e+00
 1.92379e+13	1.44e-14	5.30e-07	1.00e+00
 1.99667e+13	1.65e-14	5.68e-07	1.00e+00
 2.07404e+13	1.91e-14	6.12e-07	1.00e+00
 2.15298e+13	2.20e-14	6.58e-07	1.00e+00
 2.22279e+13	2.48e-14	7.00e-07	1.00e+00
 2.29870e+13	2.81e-14	7.47e-07	1.00e+00
 2.38994e+13	3.26e-14	8.07e-07	1.00e+00
 2.48017e+13	3.75e-14	8.68e-07	1.00e+00
 2.56068e+13	4.23e-14	9.24e-07	1.00e+00
 2.64950e+13	4.81e-14	9.88e-07	1.00e+00
 2.75519e+13	5.58e-14	1.07e-06	1.00e+00
 2.85985e+13	6.42e-14	1.15e-06	1.00e+00
 2.95559e+13	7.27e-14	1.23e-06	1.00e+00
 3.06272e+13	8.33e-14	1.32e-06	1.00e+00
 3.18723e+13	9.66e-14	1.42e-06	1.00e+00
 3.30940e+13	1.11e-13	1.54e-06	1.00e+00
 3.42452e+13	1.26e-13	1.65e-06	1.00e+00
 3.55255e+13	1.45e-13	1.77e-06	1.00e+00
 3.69764e+13	1.68e-13	1.92e-06	1.00e+00
 3.84270e+13	1.94e-13	2.07e-06	1.00e+00
 3.97845e+13	2.21e-13	2.22e-06	1.00e+00
 4.12547e+13	2.53e-13	2.39e-06	1.00e+00
 4.28987e+13	2.92e-13	2.58e-06	1.00e+00
 4.44355e+13	3.32e-13	2.77e-06	1.00e+00
 4.58585e+13	3.72e-13	2.95e-06	1.00e+00
 4.72249e+13	4.14e-13	3.13e-06	1.00e+00
 4.87422e+13	4.65e-13	3.33e-06	1.00e+00
 5.04202e+13	5.24e-13	3.57e-06	1.00e+00
 5.19806e+13	5.86e-13	3.79e-06	1.00e+00
 5.36827e+13	6.56e-13	4.05e-06	1.00e+00
 5.55948e+13	7.45e-13	4.34e-06	1.00e+00
 5.74232e+13	8.36e-13	4.64e-06	1.00e+00
 5.94434e+13	9.44e-13	4.97e-06	1.00e+00
 6.16685e+13	1.08e-12	5.36e-06	1.00e+00
 6.37133e+13	1.21e-12	5.72e-06	1.00e+00
 6.59246e+13	1.36e-12	6.12e-06	1.00e+00
 6.83984e+13	1.54e-12	6.60e-06	1.00e+00
 7.07283e+13	1.74e-12	7.06e-06	1.00e+00
 7.32720e+13	1.96e-12	7.59e-06	1.00e+00
 7.60946e+13	2.24e-12	8.19e-06	1.00e+00
 7.87292e+13	2.52e-12	8.79e-06	1.00e+00
 8.15934e+13	2.85e-12	9.45e-06	1.00e+00
 8.47953e+13	3.25e-12	1.02e-05	1.00e+00
 8.78290e+13	3.67e-12	1.10e-05	1.00e+00
 9.10758e+13	4.17e-12	1.19e-05	1.00e+00
 9.47488e+13	4.77e-12	1.29e-05	1.00e+00
 9.83621e+13	5.45e-12	1.39e-05	1.00e+00
 1.02120e+14	6.19e-12	1.51e-05	1.00e+00
 1.06235e+14	7.14e-12	1.64e-05	1.00e+00
 1.10288e+14	8.11e-12	1.77e-05	1.00e+00
 1.13639e+14	9.02e-12	1.89e-05	1.00e+00
 1.16318e+14	9.79e-12	1.99e-05	1.00e+00
 1.19270e+14	1.07e-11	2.10e-05	1.00e+00
 1.23107e+14	1.20e-11	2.25e-05	1.00e+00
 1.27230e+14	1.35e-11	2.41e-05	1.00e+00
 1.30897e+14	1.49e-11	2.56e-05	1.00e+00
 1.34841e+14	1.66e-11	2.74e-05	1.00e+00
 1.39827e+14	1.90e-11	2.97e-05	1.00e+00
 1.44878e+14	2.16e-11	3.21e-05	1.00e+00
 1.49178e+14	2.40e-11	3.42e-05	1.00e+00
 1.53792e+14	2.68e-11	3.66e-05	1.00e+00
 1.59543e+14	3.08e-11	3.97e-05	1.00e+00
 1.65438e+14	3.53e-11	4.31e-05	1.00e+00
 1.70638e+14	3.96e-11	4.62e-05	1.00e+00
 1.76267e+14	4.46e-11	4.96e-05	1.00e+00
 1.83053e+14	5.18e-11	5.41e-05	1.00e+00
 1.89775e+14	5.89e-11	5.86e-05	1.00e+00
 1.95779e+14	6.68e-11	6.30e-05	1.00e+00
 2.02413e+14	7.53e-11	6.78e-05	1.00e+00
 2.10300e+14	8.79e-11	7.40e-05	1.00e+00
 2.18110e+14	1.01e-10	8.05e-05	1.00e+00
 2.25256e+14	1.14e-10	8.64e-05	1.00e+00
 2.33249e+14	1.31e-10	9.36e-05	1.00e+00
 2.42536e+14	1.53e-10	1.02e-04	1.00e+00
 2.51690e+14	1.76e-10	1.11e-04	1.00e+00
 2.60428e+14	2.02e-10	1.20e-04	1.00e+00
 2.68065e+14	2.26e-10	1.28e-04	1.00e+00
 2.74362e+14	2.48e-10	1.35e-04	1.00e+00
 2.81295e+14	2.74e-10	1.43e-04	1.00e+00
 2.90308e+14	3.09e-10	1.54e-04	1.00e+00
 2.99804e+14	3.48e-10	1.65e-04	1.00e+00
 3.08008e+14	3.89e-10	1.75e-04	1.00e+00
 3.16757e+14	4.37e-10	1.87e-04	1.00e+00
 3.28130e+14	5.05e-10	2.02e-04	1.00e+00
 3.39814e+14	5.72e-10	2.19e-04	1.00e+00
 3.49558e+14	6.43e-10	2.33e-04	1.00e+00
 3.59882e+14	7.22e-10	2.49e-04	1.00e+00
 3.73047e+14	8.42e-10	2.70e-04	1.00e+00
 3.86842e+14	9.62e-10	2.92e-04	1.00e+00
 3.99125e+14	1.09e-09	3.13e-04	1.00e+00
 4.12508e+14	1.25e-09	3.37e-04	1.00e+00
 4.28488e+14	1.48e-09	3.67e-04	1.00e+00
 4.44310e+14	1.70e-09	3.98e-04	1.00e+00
 4.58649e+14	1.94e-09	4.27e-04	1.00e+00
 4.74595e+14	2.21e-09	4.60e-04	1.00e+00
 4.93295e+14	2.62e-09	5.02e-04	9.99e-01
 5.11745e+14	3.04e-09	5.43e-04	9.99e-01
 5.29060e+14	3.48e-09	5.85e-04	9.99e-01
 5.48380e+14	3.98e-09	6.32e-04	9.99e-01
 5.70345e+14	4.78e-09	6.90e-04	9.99e-01
 5.92068e+14	5.56e-09	7.48e-04	9.99e-01
 6.09899e+14	6.29e-09	7.98e-04	9.99e-01
 6.23841e+14	6.90e-09	8.38e-04	9.99e-01
 6.39106e+14	7.59e-09	8.83e-04	9.99e-01
 6.58950e+14	8.61e-09	9.44e-04	9.99e-01
 6.80448e+14	9.88e-09	1.01e-03	9.99e-01
 6.99759e+14	1.11e-08	1.07e-03	9.99e-01
 7.20528e+14	1.24e-08	1.14e-03	9.99e-01
 7.46927e+14	1.45e-08	1.24e-03	9.99e-01
 7.73660e+14	1.67e-08	1.33e-03	9.99e-01
 7.96205e+14	1.86e-08	1.42e-03	9.99e-01
 8.20292e+14	2.10e-08	1.51e-03	9.98e-01
 8.50600e+14	2.49e-08	1.64e-03	9.98e-01
 8.81962e+14	2.89e-08	1.77e-03	9.98e-01
 9.09613e+14	3.27e-08	1.89e-03	9.98e-01
 9.39471e+14	3.69e-08	2.02e-03	9.98e-01
 9.75490e+14	4.37e-08	2.19e-03	9.98e-01
 1.01120e+15	5.07e-08	2.37e-03	9.98e-01
 1.04315e+15	5.70e-08	2.53e-03	9.97e-01
 1.07852e+15	6.54e-08	2.71e-03	9.97e-01
 1.12050e+15	7.84e-08	2.95e-03	9.97e-01
 1.16027e+15	9.05e-08	3.18e-03	9.97e-01
 1.19443e+15	1.02e-07	3.38e-03	9.97e-01
 1.23212e+15	1.16e-07	3.61e-03	9.96e-01
 1.27851e+15	1.36e-07	3.91e-03	9.96e-01
 1.32548e+15	1.55e-07	4.22e-03	9.96e-01
 1.36447e+15	1.79e-07	4.50e-03	9.95e-01
 1.39607e+15	1.97e-07	4.73e-03	9.95e-01
 1.42943e+15	2.17e-07	4.98e-03	9.95e-01
 1.47279e+15	2.43e-07	5.31e-03	9.95e-01
 1.52150e+15	2.85e-07	5.71e-03	9.94e-01
 1.56483e+15	3.19e-07	6.06e-03	9.94e-01
 1.60885e+15	3.55e-07	6.44e-03	9.94e-01
 1.66607e+15	4.22e-07	6.97e-03	9.93e-01
 1.72323e+15	4.83e-07	7.50e-03	9.93e-01
 1.76947e+15	5.37e-07	7.95e-03	9.92e-01
 1.81871e+15	6.04e-07	8.46e-03	9.92e-01
 1.88272e+15	7.17e-07	9.15e-03	9.91e-01
 1.94910e+15	8.28e-07	9.89e-03	9.90e-01
 2.00540e+15	9.29e-07	1.06e-02	9.89e-01
 2.06542e+15	1.06e-06	1.13e-02	9.89e-01
 2.13213e+15	1.25e-06	1.22e-02	9.88e-01
 2.19324e+15	1.41e-06	1.30e-02	9.87e-01
 2.25839e+15	1.61e-06	1.40e-02	9.86e-01
 2.32937e+15	1.83e-06	1.50e-02	9.85e-01
 2.39412e+15	2.12e-06	1.61e-02	9.84e-01
 2.44626e+15	2.34e-06	1.70e-02	9.83e-01
 2.49583e+15	2.58e-06	1.78e-02	9.82e-01
 2.56026e+15	2.89e-06	1.90e-02	9.81e-01
 2.62877e+15	3.31e-06	2.04e-02	9.80e-01
 2.69284e+15	3.72e-06	2.17e-02	9.78e-01
 2.75367e+15	4.13e-06	2.30e-02	9.77e-01
 2.82000e+15	4.61e-06	2.46e-02	9.75e-01
 2.89474e+15	5.37e-06	2.65e-02	9.73e-01
 2.96529e+15	6.04e-06	2.84e-02	9.72e-01
 3.03169e+15	6.72e-06	3.02e-02	9.70e-01
 3.10778e+15	7.86e-06	3.27e-02	9.67e-01
 3.18953e+15	8.98e-06	3.54e-02	9.65e-01
 3.26489e+15	1.01e-05	3.81e-02	9.62e-01
 3.33733e+15	1.15e-05	4.10e-02	9.59e-01
 3.40634e+15	1.31e-05	4.40e-02	9.56e-01
 3.47186e+15	1.47e-05	4.71e-02	9.53e-01
 3.54624e+15	1.68e-05	5.10e-02	9.49e-01
 3.62941e+15	2.01e-05	5.58e-02	9.44e-01
 3.69624e+15	2.27e-05	5.99e-02	9.40e-01
 3.74739e+15	2.51e-05	6.35e-02	9.36e-01
 3.80591e+15	2.82e-05	6.80e-02	9.32e-01
 3.88199e+15	3.21e-05	7.44e-02	9.26e-01
 3.96777e+15	3.92e-05	8.26e-02	9.17e-01
 4.02857e+15	4.39e-05	8.89e-02	9.11e-01
 4.06229e+15	4.76e-05	9.30e-02	9.07e-01
 4.09843e+15	5.17e-05	9.76e-02	9.02e-01
 4.14541e+15	5.65e-05	1.04e-01	8.96e-01
 4.20649e+15	6.67e-05	1.14e-01	8.86e-01
 4.25976e+15	7.46e-05	1.22e-01	8.78e-01
 4.29600e+15	8.08e-05	1.29e-01	8.71e-01
 4.33620e+15	8.94e-05	1.37e-01	8.63e-01
 4.38847e+15	1.04e-04	1.49e-01	8.51e-01
 4.43547e+15	1.15e-04	1.60e-01	8.40e-01
 4.47561e+15	1.32e-04	1.72e-01	8.28e-01
 4.51436e+15	1.46e-04	1.83e-01	8.17e-01
 4.55130e+15	1.62e-04	1.96e-01	8.04e-01
 4.59933e+15	1.88e-04	2.13e-01	7.86e-01
 4.64620e+15	2.12e-04	2.32e-01	7.68e-01
 4.68444e+15	2.43e-04	2.49e-01	7.50e-01
 4.71652e+15	2.69e-04	2.65e-01	7.35e-01
 4.74774e+15	2.97e-04	2.81e-01	7.18e-01
 4.78833e+15	3.40e-04	3.05e-01	6.95e-01
 4.82972e+15	3.84e-04	3.30e-01	6.70e-01
 4.86624e+15	4.40e-04	3.55e-01	6.45e-01
 4.89736e+15	4.86e-04	3.76e-01	6.23e-01
 4.91970e+15	5.22e-04	3.92e-01	6.07e-01
 4.94103e+15	5.62e-04	4.09e-01	5.90e-01
 4.96877e+15	6.17e-04	4.32e-01	5.67e-01
 4.99681e+15	6.75e-04	4.55e-01	5.44e-01
 5.01882e+15	7.23e-04	4.73e-01	5.26e-01
 5.04101e+15	7.78e-04	4.93e-01	5.06e-01
 5.06582e+15	8.41e-04	5.15e-01	4.85e-01
 5.08922e+15	9.04e-04	5.35e-01	4.64e-01
 5.11125e+15	9.66e-04	5.55e-01	4.45e-01
 5.13633e+15	1.04e-03	5.78e-01	4.21e-01
 5.16354e+15	1.13e-03	6.01e-01	3.97e-01
 5.18741e+15	1.20e-03	6.22e-01	3.77e-01
 5.21230e+15	1.29e-03	6.44e-01	3.55e-01
 5.23938e+15	1.39e-03	6.66e-01	3.32e-01
 5.26375e+15	1.47e-03	6.86e-01	3.13e-01
 5.28986e+15	1.58e-03	7.07e-01	2.92e-01
 5.31804e+15	1.68e-03	7.28e-01	2.71e-01
 5.34313e+15	1.78e-03	7.45e-01	2.53e-01
 5.36641e+15	1.88e-03	7.60e-01	2.38e-01
 5.39315e+15	1.99e-03	7.78e-01	2.20e-01
 5.42240e+15	2.12e-03	7.95e-01	2.03e-01
 5.44901e+15	2.23e-03	8.10e-01	1.88e-01
 5.47362e+15	2.34e-03	8.22e-01	1.75e-01
 5.50154e+15	2.48e-03	8.36e-01	1.61e-01
 5.53221e+15	2.62e-03	8.49e-01	1.48e-01
 5.55996e+15	2.76e-03	8.60e-01	1.37e-01
 5.58547e+15	2.89e-03	8.70e-01	1.27e-01
 5.61454e+15	3.05e-03	8.80e-01	1.17e-01
 5.64590e+15	3.23e-03	8.90e-01	1.07e-01
 5.67415e+15	3.39e-03	8.97e-01	9.93e-02
 5.70479e+15	3.60e-03	9.06e-01	9.09e-02
 5.73831e+15	3.83e-03	9.13e-01	8.29e-02
 5.76893e+15	4.05e-03	9.19e-01	7.66e-02
 5.79694e+15	4.28e-03	9.25e-01	7.11e-02
 5.82821e+15	4.55e-03	9.30e-01	6.52e-02
 5.86351e+15	4.89e-03	9.36e-01	5.95e-02
 5.89712e+15	5.26e-03	9.40e-01	5.46e-02
 5.92859e+15	5.65e-03	9.44e-01	5.03e-02
 5.96417e+15	6.14e-03	9.48e-01	4.59e-02
 6.00218e+15	6.75e-03	9.51e-01	4.18e-02
 6.03449e+15	7.35e-03	9.54e-01	3.88e-02
 6.06241e+15	7.94e-03	9.56e-01	3.63e-02
 6.09344e+15	8.69e-03	9.58e-01	3.37e-02
 6.12762e+15	9.67e-03	9.59e-01	3.12e-02
 6.15844e+15	1.07e-02	9.60e-01	2.91e-02
 6.18284e+15	1.17e-02	9.61e-01	2.76e-02
 6.20189e+15	1.26e-02	9.61e-01	2.65e-02
 6.22219e+15	1.37e-02	9.61e-01	2.53e-02
 6.24476e+15	1.51e-02	9.61e-01	2.41e-02
 6.26501e+15	1.65e-02	9.60e-01	2.31e-02
 6.28227e+15	1.78e-02	9.60e-01	2.24e-02
 6.30094e+15	1.95e-02	9.59e-01	2.16e-02
 6.32106e+15	2.16e-02	9.58e-01	2.08e-02
 6.33837e+15	2.38e-02	9.56e-01	2.01e-02
 6.35294e+15	2.58e-02	9.55e-01	1.97e-02
 6.36863e+15	2.83e-02	9.53e-01	1.91e-02
 6.38598e+15	3.15e-02	9.50e-01	1.86e-02
 6.40161e+15	3.48e-02	9.47e-01	1.82e-02
 6.41544e+15	3.81e-02	9.44e-01	1.79e-02
 6.43079e+15	4.24e-02	9.40e-01	1.76e-02
 6.44768e+15	4.78e-02	9.35e-01	1.73e-02
 6.46284e+15	5.37e-02	9.29e-01	1.71e-02
 6.47624e+15	5.95e-02	9.24e-01	1.69e-02
 6.49020e+15	6.68e-02	9.16e-01	1.67e-02
 6.50498e+15	7.52e-02	9.08e-01	1.67e-02
 6.51826e+15	8.43e-02	8.99e-01	1.67e-02
 6.52961e+15	9.31e-02	8.90e-01	1.67e-02
 6.54001e+15	1.02e-01	8.81e-01	1.67e-02
 6.55010e+15	1.12e-01	8.71e-01	1.68e-02
 6.55970e+15	1.23e-01	8.61e-01	1.68e-02
 6.56677e+15	1.31e-01	8.53e-01	1.69e-02
 6.57125e+15	1.36e-01	8.47e-01	1.69e-02
 6.57558e+15	1.42e-01	8.41e-01	1.70e-02
 6.58079e+15	1.49e-01	8.34e-01	1.70e-02
 6.58636e+15	1.57e-01	8.26e-01	1.70e-02
 6.59166e+15	1.65e-01	8.17e-01	1.71e-02
 6.59673e+15	1.73e-01	8.09e-01	1.71e-02
 6.60182e+15	1.82e-01	8.00e-01	1.72e-02
 6.60692e+15	1.91e-01	7.91e-01	1.72e-02
 6.61199e+15	2.01e-01	7.81e-01	1.72e-02
 6.61704e+15	2.11e-01	7.72e-01	1.73e-02
 6.62211e+15	2.22e-01	7.61e-01	1.73e-02
 6.62722e+15	2.33e-01	7.49e-01	1.73e-02
 6.63217e+15	2.44e-01	7.38e-01	1.74e-02
 6.63712e+15	2.56e-01	7.26e-01	1.74e-02
 6.64212e+15	2.69e-01	7.14e-01	1.74e-02
 6.64713e+15	2.82e-01	7.00e-01	1.74e-02
 6.65210e+15	2.95e-01	6.87e-01	1.74e-02
 6.65707e+15	3.10e-01	6.73e-01	1.74e-02
 6.66211e+15	3.24e-01	6.58e-01	1.73e-02
 6.66709e+15	3.40e-01	6.43e-01	1.73e-02
 6.67204e+15	3.55e-01	6.28e-01	1.72e-02
 6.67705e+15	3.71e-01	6.12e-01	1.71e-02
 6.68213e+15	3.88e-01	5.95e-01	1.70e-02
 6.68723e+15	4.05e-01	5.78e-01	1.69e-02
 6.69231e+15	4.22e-01	5.61e-01	1.67e-02
 6.69743e+15	4.40e-01	5.43e-01	1.66e-02
 6.70267e+15	4.59e-01	5.25e-01	1.64e-02
 6.70792e+15	4.78e-01	5.06e-01	1.62e-02
 6.71313e+15	4.96e-01	4.88e-01	1.59e-02
 6.71830e+15	5.15e-01	4.70e-01	1.57e-02
 6.72349e+15	5.33e-01	4.52e-01	1.54e-02
 6.72873e+15	5.51e-01	4.34e-01	1.51e-02
 6.73397e+15	5.69e-01	4.16e-01	1.48e-02
 6.73933e+15	5.87e-01	3.99e-01	1.44e-02
 6.74482e+15	6.05e-01	3.81e-01	1.41e-02
 6.75040e+15	6.22e-01	3.64e-01	1.37e-02
 6.75610e+15	6.39e-01	3.48e-01	1.33e-02
 6.76202e+15	6.55e-01	3.32e-01	1.29e-02
 6.76814e+15	6.72e-01	3.16e-01	1.25e-02
 6.77448e+15	6.87e-01	3.01e-01	1.20e-02
 6.78121e+15	7.02e-01	2.86e-01	1.16e-02
 6.78840e+15	7.17e-01	2.71e-01	1.11e-02
 6.79621e+15	7.32e-01	2.58e-01	1.06e-02
 6.80467e+15	7.45e-01	2.44e-01	1.01e-02
 6.81387e+15	7.58e-01	2.32e-01	9.64e-03
 6.82405e+15	7.70e-01	2.21e-01	9.16e-03
 6.83439e+15	7.80e-01	2.11e-01	8.73e-03
 6.84431e+15	7.88e-01	2.03e-01	8.37e-03
 6.85492e+15	7.96e-01	1.96e-01	7.99e-03
 6.86644e+15	8.02e-01	1.90e-01	7.66e-03
 6.87893e+15	8.09e-01	1.84e-01	7.30e-03
 6.89238e+15	8.14e-01	1.79e-01	6.98e-03
 6.90643e+15	8.19e-01	1.74e-01	6.68e-03
 6.92154e+15	8.24e-01	1.69e-01	6.35e-03
 6.93720e+15	8.29e-01	1.65e-01	6.06e-03
 6.95282e+15	8.33e-01	1.61e-01	5.80e-03
 6.96893e+15	8.37e-01	1.57e-01	5.52e-03
 6.98514e+15	8.41e-01	1.54e-01	5.27e-03
 7.00093e+15	8.44e-01	1.50e-01	5.05e-03
 7.01686e+15	8.48e-01	1.47e-01	4.82e-03
 7.03263e+15	8.51e-01	1.44e-01	4.62e-03
 7.04820e+15	8.55e-01	1.41e-01	4.42e-03
 7.06344e+15	8.57e-01	1.38e-01	4.24e-03
 7.07823e+15	8.60e-01	1.36e-01	4.07e-03
 7.09304e+15	8.63e-01	1.33e-01	3.91e-03
 7.10764e+15	8.66e-01	1.30e-01	3.76e-03
 7.12189e+15	8.68e-01	1.28e-01	3.61e-03
 7.13587e+15	8.71e-01	1.26e-01	3.48e-03
 7.14967e+15	8.73e-01	1.23e-01	3.35e-03
 7.16330e+15	8.76e-01	1.21e-01	3.23e-03
 7.17674e+15	8.78e-01	1.19e-01	3.11e-03
 7.18997e+15	8.80e-01	1.17e-01	3.00e-03
 7.20301e+15	8.82e-01	1.15e-01	2.90e-03
 7.21589e+15	8.84e-01	1.13e-01	2.80e-03
 7.22859e+15	8.86e-01	1.11e-01	2.71e-03
 7.24115e+15	8.88e-01	1.10e-01	2.62e-03
 7.25351e+15	8.90e-01	1.08e-01	2.53e-03
 7.26570e+15	8.91e-01	1.06e-01	2.45e-03
 7.27781e+15	8.93e-01	1.05e-01	2.37e-03
 7.28986e+15	8.95e-01	1.03e-01	2.30e-03
 7.30180e+15	8.96e-01	1.01e-01	2.23e-03
 7.31364e+15	8.98e-01	9.99e-02	2.16e-03
 7.32538e+15	8.99e-01	9.85e-02	2.09e-03
 7.33705e+15	9.01e-01	9.70e-02	2.03e-03
 7.34868e+15	9.02e-01	9.56e-02	1.97e-03
 7.36027e+15	9.04e-01	9.42e-02	1.91e-03
 7.37184e+15	9.05e-01	9.29e-02	1.85e-03
 7.38340e+15	9.07e-01	9.15e-02	1.80e-03
 7.39504e+15	9.08e-01	9.02e-02	1.75e-03
 7.40690e+15	9.09e-01	8.89e-02	1.69e-03
 7.41903e+15	9.11e-01	8.76e-02	1.64e-03
 7.43142e+15	9.12e-01	8.63e-02	1.59e-03
 7.44396e+15	9.14e-01	8.49e-02	1.54e-03
 7.45659e+15	9.15e-01	8.36e-02	1.49e-03
 7.46956e+15	9.16e-01	8.23e-02	1.44e-03
 7.48310e+15	9.18e-01	8.09e-02	1.39e-03
 7.49734e+15	9.19e-01	7.95e-02	1.34e-03
 7.51240e+15	9.21e-01	7.81e-02	1.29e-03
 7.52883e+15	9.22e-01	7.65e-02	1.24e-03
 7.54678e+15	9.24e-01	7.49e-02	1.18e-03
 7.56647e+15	9.26e-01	7.31e-02	1.12e-03
 7.58920e+15	9.28e-01	7.10e-02	1.06e-03
 7.61268e+15	9.30e-01	6.90e-02	9.95e-04
 7.63406e+15	9.32e-01	6.73e-02	9.42e-04
 7.65351e+15	9.33e-01	6.57e-02	8.97e-04
 7.67121e+15	9.35e-01	6.43e-02	8.57e-04
 7.68731e+15	9.36e-01	6.30e-02	8.22e-04
 7.70197e+15	9.37e-01	6.19e-02	7.91e-04
 7.71531e+15	9.38e-01	6.09e-02	7.64e-04
 7.72992e+15	9.39e-01	5.98e-02	7.35e-04
 7.74570e+15	9.41e-01	5.86e-02	7.06e-04
 7.76006e+15	9.42e-01	5.76e-02	6.80e-04
 7.77313e+15	9.43e-01	5.66e-02	6.56e-04
 7.78502e+15	9.44e-01	5.58e-02	6.35e-04
 7.79805e+15	9.45e-01	5.48e-02	6.12e-04
 7.81211e+15	9.46e-01	5.38e-02	5.91e-04
 7.82491e+15	9.46e-01	5.29e-02	5.70e-04
 7.83656e+15	9.47e-01	5.21e-02	5.52e-04
 7.84716e+15	9.48e-01	5.14e-02	5.36e-04
 7.85878e+15	9.49e-01	5.06e-02	5.18e-04
 7.87132e+15	9.50e-01	4.98e-02	5.01e-04
 7.88273e+15	9.50e-01	4.90e-02	4.86e-04
 7.89311e+15	9.51e-01	4.83e-02	4.71e-04
 7.90256e+15	9.52e-01	4.77e-02	4.59e-04
 7.91291e+15	9.53e-01	4.70e-02	4.44e-04
 7.92409e+15	9.53e-01	4.63e-02	4.31e-04
 7.93427e+15	9.54e-01	4.56e-02	4.18e-04
 7.94352e+15	9.55e-01	4.51e-02	4.07e-04
 7.95367e+15	9.55e-01	4.44e-02	3.95e-04
 7.96462e+15	9.56e-01	4.37e-02	3.83e-04
 7.97458e+15	9.57e-01	4.31e-02	3.72e-04
 7.98365e+15	9.57e-01	4.26e-02	3.62e-04
 7.99359e+15	9.58e-01	4.19e-02	3.51e-04
 8.00432e+15	9.58e-01	4.13e-02	3.41e-04
 8.01408e+15	9.59e-01	4.07e-02	3.31e-04
 8.02296e+15	9.59e-01	4.02e-02	3.22e-04
 8.03270e+15	9.60e-01	3.96e-02	3.12e-04
 8.04321e+15	9.61e-01	3.90e-02	3.03e-04
 8.05277e+15	9.61e-01	3.85e-02	2.95e-04
 8.06148e+15	9.62e-01	3.80e-02	2.87e-04
 8.07101e+15	9.62e-01	3.74e-02	2.78e-04
 8.08131e+15	9.63e-01	3.69e-02	2.70e-04
 8.09068e+15	9.63e-01	3.64e-02	2.63e-04
 8.09921e+15	9.64e-01	3.60e-02	2.56e-04
 8.10855e+15	9.64e-01	3.54e-02	2.49e-04
 8.11863e+15	9.65e-01	3.50e-02	2.42e-04
 8.12781e+15	9.65e-01	3.45e-02	2.36e-04
 8.13617e+15	9.66e-01	3.41e-02	2.30e-04
 8.14532e+15	9.66e-01	3.36e-02	2.23e-04
 8.15520e+15	9.67e-01	3.32e-02	2.17e-04
 8.16419e+15	9.67e-01	3.27e-02	2.12e-04
 8.17404e+15	9.68e-01	3.22e-02	2.06e-04
 8.18468e+15	9.68e-01	3.18e-02	2.00e-04
 8.19436e+15	9.68e-01	3.14e-02	1.95e-04
 8.20497e+15	9.69e-01	3.09e-02	1.88e-04
 8.21642e+15	9.69e-01	3.04e-02	1.83e-04
 8.22684e+15	9.70e-01	3.00e-02	1.78e-04
 8.23632e+15	9.70e-01	2.96e-02	1.73e-04
 8.24671e+15	9.71e-01	2.92e-02	1.68e-04
 8.25793e+15	9.71e-01	2.88e-02	1.63e-04
 8.26814e+15	9.71e-01	2.84e-02	1.59e-04
 8.27933e+15	9.72e-01	2.79e-02	1.54e-04
 8.29140e+15	9.72e-01	2.75e-02	1.49e-04
 8.30239e+15	9.73e-01	2.71e-02	1.45e-04
 8.31239e+15	9.73e-01	2.67e-02	1.41e-04
 8.32335e+15	9.74e-01	2.63e-02	1.37e-04
 8.33518e+15	9.74e-01	2.59e-02	1.33e-04
 8.34595e+15	9.74e-01	2.56e-02	1.29e-04
 8.35775e+15	9.75e-01	2.52e-02	1.25e-04
 8.37048e+15	9.75e-01	2.48e-02	1.21e-04
 8.38207e+15	9.75e-01	2.44e-02	1.18e-04
 8.39477e+15	9.76e-01	2.40e-02	1.14e-04
 8.40848e+15	9.76e-01	2.36e-02	1.10e-04
 8.42096e+15	9.77e-01	2.32e-02	1.07e-04
 8.43231e+15	9.77e-01	2.29e-02	1.04e-04
 8.44476e+15	9.77e-01	2.25e-02	1.00e-04
 8.45819e+15	9.78e-01	2.22e-02	9.75e-05
 8.47041e+15	9.78e-01	2.18e-02	9.45e-05
 8.48380e+15	9.78e-01	2.15e-02	9.13e-05
 8.49826e+15	9.79e-01	2.11e-02	8.83e-05
 8.51142e+15	9.79e-01	2.08e-02	8.56e-05
 8.52584e+15	9.80e-01	2.04e-02	8.26e-05
 8.54141e+15	9.80e-01	2.01e-02	7.97e-05
 8.55557e+15	9.80e-01	1.97e-02	7.71e-05
 8.56846e+15	9.81e-01	1.94e-02	7.48e-05
 8.58259e+15	9.81e-01	1.91e-02	7.23e-05
 8.59784e+15	9.81e-01	1.88e-02	7.00e-05
 8.61171e+15	9.81e-01	1.85e-02	6.78e-05
 8.62692e+15	9.82e-01	1.81e-02	6.54e-05
 8.64334e+15	9.82e-01	1.78e-02	6.31e-05
 8.65828e+15	9.82e-01	1.75e-02	6.10e-05
 8.67465e+15	9.83e-01	1.72e-02	5.88e-05
 8.69232e+15	9.83e-01	1.69e-02	5.66e-05
 8.70840e+15	9.83e-01	1.66e-02	5.47e-05
 8.72602e+15	9.84e-01	1.62e-02	5.25e-05
 8.74505e+15	9.84e-01	1.59e-02	5.05e-05
 8.76236e+15	9.84e-01	1.56e-02	4.87e-05
 8.78133e+15	9.85e-01	1.53e-02	4.67e-05
 8.80181e+15	9.85e-01	1.50e-02	4.48e-05
 8.82045e+15	9.85e-01	1.47e-02	4.32e-05
 8.83741e+15	9.86e-01	1.45e-02	4.17e-05
 8.85600e+15	9.86e-01	1.42e-02	4.01e-05
 8.87606e+15	9.86e-01	1.39e-02	3.85e-05
 8.89432e+15	9.86e-01	1.36e-02	3.72e-05
 8.91433e+15	9.87e-01	1.34e-02	3.57e-05
 8.93593e+15	9.87e-01	1.31e-02	3.42e-05
 8.95558e+15	9.87e-01	1.28e-02	3.29e-05
 8.97712e+15	9.87e-01	1.25e-02	3.15e-05
 9.00038e+15	9.88e-01	1.23e-02	3.02e-05
 9.02154e+15	9.88e-01	1.20e-02	2.90e-05
 9.04472e+15	9.88e-01	1.18e-02	2.77e-05
 9.06976e+15	9.88e-01	1.15e-02	2.65e-05
 9.09253e+15	9.89e-01	1.12e-02	2.54e-05
 9.11750e+15	9.89e-01	1.10e-02	2.42e-05
 9.14444e+15	9.89e-01	1.07e-02	2.31e-05
 9.16897e+15	9.90e-01	1.05e-02	2.21e-05
 9.19584e+15	9.90e-01	1.02e-02	2.10e-05
 9.22485e+15	9.90e-01	9.95e-03	2.00e-05
 9.25125e+15	9.90e-01	9.73e-03	1.91e-05
 9.28018e+15	9.91e-01	9.47e-03	1.81e-05
 9.31141e+15	9.91e-01	9.22e-03	1.72e-05
 9.33983e+15	9.91e-01	9.00e-03	1.64e-05
 9.37097e+15	9.91e-01	8.76e-03	1.55e-05
 9.40459e+15	9.91e-01	8.51e-03	1.47e-05
 9.43519e+15	9.92e-01	8.30e-03	1.40e-05
 9.46871e+15	9.92e-01	8.07e-03	1.32e-05
 9.50491e+15	9.92e-01	7.83e-03	1.24e-05
 9.53784e+15	9.92e-01	7.63e-03	1.18e-05
 9.57393e+15	9.93e-01	7.40e-03	1.11e-05
 9.62085e+15	9.93e-01	7.12e-03	1.03e-05
 9.67459e+15	9.93e-01	6.82e-03	9.45e-06
 9.72827e+15	9.93e-01	6.54e-03	8.70e-06
 9.78192e+15	9.94e-01	6.27e-03	8.02e-06
 9.83783e+15	9.94e-01	6.01e-03	7.37e-06
 9.89636e+15	9.94e-01	5.75e-03	6.75e-06
 9.95689e+15	9.94e-01	5.49e-03	6.17e-06
 1.00193e+16	9.95e-01	5.25e-03	5.64e-06
 1.00839e+16	9.95e-01	5.01e-03	5.14e-06
 1.01507e+16	9.95e-01	4.77e-03	4.67e-06
 1.02192e+16	9.95e-01	4.55e-03	4.24e-06
 1.02888e+16	9.96e-01	4.33e-03	3.85e-06
 1.03593e+16	9.96e-01	4.13e-03	3.50e-06
 1.04304e+16	9.96e-01	3.93e-03	3.18e-06
 1.05025e+16	9.96e-01	3.74e-03	2.89e-06
 1.05769e+16	9.96e-01	3.56e-03	2.62e-06
 1.06530e+16	9.97e-01	3.39e-03	2.37e-06
 1.07302e+16	9.97e-01	3.22e-03	2.14e-06
 1.08086e+16	9.97e-01	3.06e-03	1.94e-06
 1.08885e+16	9.97e-01	2.91e-03	1.75e-06
 1.09698e+16	9.97e-01	2.76e-03	1.58e-06
 1.10527e+16	9.97e-01	2.62e-03	1.42e-06
 1.11371e+16	9.98e-01	2.49e-03	1.28e-06
 1.12231e+16	9.98e-01	2.36e-03	1.15e-06
 1.13106e+16	9.98e-01	2.23e-03	1.04e-06
 1.13997e+16	9.98e-01	2.12e-03	9.32e-07
 1.14906e+16	9.98e-01	2.00e-03	8.36e-07
 1.15834e+16	9.98e-01	1.90e-03	7.48e-07
 1.16780e+16	9.98e-01	1.79e-03	6.70e-07
 1.17745e+16	9.98e-01	1.69e-03	5.98e-07
 1.18729e+16	9.98e-01	1.60e-03	5.34e-07
 1.19734e+16	9.98e-01	1.51e-03	4.75e-07
 1.20760e+16	9.99e-01	1.42e-03	4.23e-07
 1.21809e+16	9.99e-01	1.34e-03	3.75e-07
 1.22880e+16	9.99e-01	1.26e-03	3.33e-07
 1.23977e+16	9.99e-01	1.19e-03	2.94e-07
 1.25099e+16	9.99e-01	1.11e-03	2.60e-07
 1.26249e+16	9.99e-01	1.04e-03	2.29e-07
 1.27427e+16	9.99e-01	9.79e-04	2.01e-07
 1.28636e+16	9.99e-01	9.16e-04	1.76e-07
 1.29877e+16	9.99e-01	8.56e-04	1.54e-07
 1.31153e+16	9.99e-01	7.99e-04	1.34e-07
 1.32465e+16	9.99e-01	7.45e-04	1.17e-07
 1.33808e+16	9.99e-01	6.94e-04	1.02e-07
 1.35169e+16	9.99e-01	6.46e-04	8.81e-08
 1.36579e+16	9.99e-01	5.99e-04	7.58e-08
 1.38070e+16	9.99e-01	5.54e-04	6.50e-08
 1.39625e+16	9.99e-01	5.11e-04	5.53e-08
 1.41231e+16	1.00e+00	4.71e-04	4.69e-08
 1.42896e+16	1.00e+00	4.32e-04	3.95e-08
 1.44635e+16	1.00e+00	3.95e-04	3.31e-08
 1.46456e+16	1.00e+00	3.60e-04	2.75e-08
 1.48369e+16	1.00e+00	3.27e-04	2.27e-08
 1.50382e+16	1.00e+00	2.96e-04	1.85e-08
 1.52517e+16	1.00e+00	2.66e-04	1.50e-08
 1.54780e+16	1.00e+00	2.37e-04	1.20e-08
 1.57211e+16	1.00e+00	2.11e-04	9.43e-09
 1.59823e+16	1.00e+00	1.85e-04	7.31e-09
 1.62606e+16	1.00e+00	1.62e-04	5.58e-09
 1.65692e+16	1.00e+00	1.39e-04	4.14e-09
 1.69146e+16	1.00e+00	1.18e-04	2.98e-09
 1.72970e+16	1.00e+00	9.86e-05	2.08e-09
 1.77242e+16	1.00e+00	8.08e-05	1.40e-09
 1.82159e+16	1.00e+00	6.44e-05	8.87e-10
 1.87580e+16	1.00e+00	5.05e-05	5.46e-10
 1.93041e+16	1.00e+00	3.98e-05	3.40e-10
 1.98412e+16	1.00e+00	3.16e-05	2.15e-10
 2.03797e+16	1.00e+00	2.52e-05	1.36e-10
 2.09283e+16	1.00e+00	2.01e-05	8.68e-11
 2.14896e+16	1.00e+00	1.60e-05	5.52e-11
 2.20632e+16	1.00e+00	1.27e-05	3.50e-11
 2.26459e+16	1.00e+00	1.01e-05	2.23e-11
 2.32395e+16	1.00e+00	8.08e-06	1.42e-11
 2.38474e+16	1.00e+00	6.44e-06	9.03e-12
 2.44703e+16	1.00e+00	5.13e-06	5.73e-12
 2.51092e+16	1.00e+00	4.08e-06	3.63e-12
 2.57630e+16	1.00e+00	3.24e-06	2.30e-12
 2.64340e+16	1.00e+00	2.58e-06	1.45e-12
 2.71241e+16	1.00e+00	2.04e-06	9.14e-13
 2.78176e+16	1.00e+00	1.63e-06	5.81e-13
 2.84938e+16	1.00e+00	1.31e-06	3.77e-13
 2.91479e+16	1.00e+00	1.06e-06	2.50e-13
 2.97844e+16	1.00e+00	8.73e-07	1.68e-13
 3.04062e+16	1.00e+00	7.22e-07	1.15e-13
 3.10109e+16	1.00e+00	6.02e-07	8.04e-14
 3.15973e+16	1.00e+00	5.06e-07	5.69e-14
 3.21650e+16	1.00e+00	4.28e-07	4.09e-14
 3.27119e+16	1.00e+00	3.66e-07	2.99e-14
 3.32374e+16	1.00e+00	3.15e-07	2.22e-14
 3.37421e+16	1.00e+00	2.74e-07	1.68e-14
 3.42266e+16	1.00e+00	2.39e-07	1.28e-14
 3.46912e+16	1.00e+00	2.10e-07	9.95e-15
 3.51361e+16	1.00e+00	1.86e-07	7.81e-15
 3.55617e+16	1.00e+00	1.66e-07	6.22e-15
 3.59681e+16	1.00e+00	1.49e-07	5.01e-15
 3.63559e+16	1.00e+00	1.34e-07	4.09e-15
 3.67260e+16	1.00e+00	1.22e-07	3.37e-15
 3.70792e+16	1.00e+00	1.11e-07	2.80e-15
 3.74164e+16	1.00e+00	1.02e-07	2.36e-15
 3.77379e+16	1.00e+00	9.38e-08	2.00e-15
 3.80444e+16	1.00e+00	8.67e-08	1.71e-15
 3.83366e+16	1.00e+00	8.05e-08	1.48e-15
 3.86153e+16	1.00e+00	7.50e-08	1.28e-15
 3.88811e+16	1.00e+00	7.01e-08	1.12e-15
 3.91348e+16	1.00e+00	6.58e-08	9.90e-16
 3.93768e+16	1.00e+00	6.20e-08	8.78e-16
 3.96076e+16	1.00e+00	5.85e-08	7.84e-16
 3.98283e+16	1.00e+00	5.54e-08	7.03e-16
 4.00394e+16	1.00e+00	5.26e-08	6.34e-16
 4.02416e+16	1.00e+00	5.00e-08	5.75e-16
 4.04350e+16	1.00e+00	4.77e-08	5.23e-16
 4.06202e+16	1.00e+00	4.56e-08	4.78e-16
 4.07979e+16	1.00e+00	4.37e-08	4.39e-16
 4.09687e+16	1.00e+00	4.19e-08	4.04e-16
 4.11332e+16	1.00e+00	4.03e-08	3.74e-16
 4.12917e+16	1.00e+00	3.88e-08	3.47e-16
 4.14446e+16	1.00e+00	3.74e-08	3.22e-16
 4.15924e+16	1.00e+00	3.61e-08	3.00e-16
 4.17356e+16	1.00e+00	3.49e-08	2.81e-16
 4.18749e+16	1.00e+00	3.37e-08	2.63e-16
 4.20106e+16	1.00e+00	3.27e-08	2.46e-16
 4.21433e+16	1.00e+00	3.16e-08	2.31e-16
 4.22735e+16	1.00e+00	3.07e-08	2.18e-16
 4.24016e+16	1.00e+00	2.98e-08	2.05e-16
 4.25282e+16	1.00e+00	2.89e-08	1.93e-16
 4.26542e+16	1.00e+00	2.80e-08	1.82e-16
 4.27803e+16	1.00e+00	2.72e-08	1.72e-16
 4.29073e+16	1.00e+00	2.64e-08	1.62e-16
 4.30360e+16	1.00e+00	2.56e-08	1.52e-16
 4.31676e+16	1.00e+00	2.48e-08	1.43e-16
 4.33036e+16	1.00e+00	2.41e-08	1.35e-16
 4.34458e+16	1.00e+00	2.33e-08	1.26e-16
 4.35966e+16	1.00e+00	2.25e-08	1.17e-16
 4.37588e+16	1.00e+00	2.16e-08	1.09e-16
 4.39366e+16	1.00e+00	2.07e-08	1.00e-16
 4.41356e+16	1.00e+00	1.98e-08	9.14e-17
 4.43640e+16	1.00e+00	1.88e-08	8.22e-17
 4.46348e+16	1.00e+00	1.76e-08	7.25e-17
 4.49673e+16	1.00e+00	1.63e-08	6.21e-17
 4.53920e+16	1.00e+00	1.48e-08	5.11e-17
 4.59441e+16	1.00e+00	1.30e-08	3.97e-17
 4.66619e+16	1.00e+00	1.10e-08	2.87e-17
 4.75950e+16	1.00e+00	8.95e-09	1.89e-17
 4.88080e+16	1.00e+00	6.85e-09	1.11e-17
 5.02756e+16	1.00e+00	5.01e-09	6.01e-18
 5.18395e+16	1.00e+00	3.64e-09	3.19e-18
 5.34032e+16	1.00e+00	2.67e-09	1.72e-18
 5.49668e+16	1.00e+00	1.97e-09	9.44e-19
 5.65302e+16	1.00e+00	1.46e-09	5.25e-19
 5.83279e+16	1.00e+00	1.04e-09	2.67e-19
 6.04768e+16	1.00e+00	7.02e-10	1.23e-19
 6.27642e+16	1.00e+00	4.70e-10	5.60e-20
 6.50736e+16	1.00e+00	3.18e-10	2.59e-20
 6.74595e+16	1.00e+00	2.15e-10	1.19e-20
 6.99218e+16	1.00e+00	1.45e-10	5.51e-21
 7.24685e+16	1.00e+00	9.76e-11	0.00e+00
 7.51384e+16	1.00e+00	6.54e-11	0.00e+00
 7.78866e+16	1.00e+00	4.38e-11	0.00e+00
 8.07016e+16	1.00e+00	2.94e-11	0.00e+00
 8.35439e+16	1.00e+00	1.99e-11	0.00e+00
 8.63862e+16	1.00e+00	1.37e-11	0.00e+00
 8.93575e+16	1.00e+00	9.26e-12	0.00e+00
 9.24459e+16	1.00e+00	6.28e-12	0.00e+00
 9.51458e+16	1.00e+00	4.55e-12	0.00e+00
 9.69480e+16	1.00e+00	3.72e-12	0.00e+00
 9.79201e+16	1.00e+00	3.34e-12	0.00e+00
 9.84506e+16	1.00e+00	3.16e-12	0.00e+00
 9.87688e+16	1.00e+00	3.05e-12	0.00e+00
 9.89889e+16	1.00e+00	2.97e-12	0.00e+00
 9.92016e+16	1.00e+00	2.90e-12	0.00e+00
 9.94252e+16	1.00e+00	2.82e-12	0.00e+00
 9.96413e+16	1.00e+00	2.75e-12	0.00e+00
 9.98356e+16	1.00e+00	2.69e-12	0.00e+00
 1.00013e+17	1.00e+00	2.64e-12	0.00e+00
 1.00186e+17	1.00e+00	2.59e-12	0.00e+00
 1.00352e+17	1.00e+00	2.54e-12	0.00e+00
 1.00512e+17	1.00e+00	2.49e-12	0.00e+00
 1.00658e+17	1.00e+00	2.45e-12	0.00e+00
 1.00786e+17	1.00e+00	2.41e-12	0.00e+00
 1.00911e+17	1.00e+00	2.38e-12	0.00e+00
 1.01041e+17	1.00e+00	2.34e-12	0.00e+00
 1.01167e+17	1.00e+00	2.31e-12	0.00e+00
 1.01277e+17	1.00e+00	2.28e-12	0.00e+00
 1.01376e+17	1.00e+00	2.25e-12	0.00e+00
 1.01471e+17	1.00e+00	2.23e-12	0.00e+00
 1.01573e+17	1.00e+00	2.20e-12	0.00e+00
 1.01676e+17	1.00e+00	2.18e-12	0.00e+00
 1.01766e+17	1.00e+00	2.15e-12	0.00e+00
 1.01845e+17	1.00e+00	2.14e-12	0.00e+00
 1.01932e+17	1.00e+00	2.11e-12	0.00e+00
 1.02023e+17	1.00e+00	2.09e-12	0.00e+00
 1.02102e+17	1.00e+00	2.07e-12	0.00e+00
 1.02172e+17	1.00e+00	2.06e-12	0.00e+00
 1.02248e+17	1.00e+00	2.04e-12	0.00e+00
 1.02332e+17	1.00e+00	2.02e-12	0.00e+00
 1.02409e+17	1.00e+00	2.00e-12	0.00e+00
 1.02478e+17	1.00e+00	1.98e-12	0.00e+00
 1.02549e+17	1.00e+00	1.96e-12	0.00e+00
 1.02621e+17	1.00e+00	1.95e-12	0.00e+00
 1.02694e+17	1.00e+00	1.93e-12	0.00e+00
 1.02764e+17	1.00e+00	1.91e-12	0.00e+00
 1.02832e+17	1.00e+00	1.90e-12	0.00e+00
 1.02903e+17	1.00e+00	1.88e-12	0.00e+00
 1.02975e+17	1.00e+00	1.87e-12	0.00e+00
 1.03046e+17	1.00e+00	1.85e-12	0.00e+00
 1.03117e+17	1.00e+00	1.83e-12	0.00e+00
 1.03190e+17	1.00e+00	1.82e-12	0.00e+00
 1.03264e+17	1.00e+00	1.80e-12	0.00e+00
 1.03340e+17	1.00e+00	1.78e-12	0.00e+00
 1.03416e+17	1.00e+00	1.77e-12	0.00e+00
 1.03489e+17	1.00e+00	1.75e-12	0.00e+00
 1.03562e+17	1.00e+00	1.74e-12	0.00e+00
 1.03641e+17	1.00e+00	1.72e-12	0.00e+00
 1.03726e+17	1.00e+00	1.70e-12	0.00e+00
 1.03820e+17	1.00e+00	1.68e-12	0.00e+00
 1.03915e+17	1.00e+00	1.66e-12	0.00e+00
 1.04000e+17	1.00e+00	1.64e-12	0.00e+00
 1.04079e+17	1.00e+00	1.63e-12	0.00e+00
 1.04163e+17	1.00e+00	1.61e-12	0.00e+00
 1.04259e+17	1.00e+00	1.59e-12	0.00e+00
 1.04365e+17	1.00e+00	1.57e-12	0.00e+00
 1.04467e+17	1.00e+00	1.55e-12	0.00e+00
 1.04557e+17	1.00e+00	1.53e-12	0.00e+00
 1.04651e+17	1.00e+00	1.51e-12	0.00e+00
 1.04761e+17	1.00e+00	1.49e-12	0.00e+00
 1.04882e+17	1.00e+00	1.47e-12	0.00e+00
 1.05003e+17	1.00e+00	1.44e-12	0.00e+00
 1.05113e+17	1.00e+00	1.42e-12	0.00e+00
 1.05219e+17	1.00e+00	1.40e-12	0.00e+00
 1.05335e+17	1.00e+00	1.38e-12	0.00e+00
 1.05466e+17	1.00e+00	1.36e-12	0.00e+00
 1.05606e+17	1.00e+00	1.33e-12	0.00e+00
 1.05741e+17	1.00e+00	1.31e-12	0.00e+00
 1.05872e+17	1.00e+00	1.29e-12	0.00e+00
 1.06008e+17	1.00e+00	1.27e-12	0.00e+00
 1.06152e+17	1.00e+00	1.24e-12	0.00e+00
 1.06306e+17	1.00e+00	1.22e-12	0.00e+00
 1.06464e+17	1.00e+00	1.19e-12	0.00e+00
 1.06622e+17	1.00e+00	1.17e-12	0.00e+00
 1.06782e+17	1.00e+00	1.15e-12	0.00e+00
 1.06948e+17	1.00e+00	1.12e-12	0.00e+00
 1.07130e+17	1.00e+00	1.09e-12	0.00e+00
 1.07318e+17	1.00e+00	1.07e-12	0.00e+00
 1.07494e+17	1.00e+00	1.04e-12	0.00e+00
 1.07679e+17	1.00e+00	1.02e-12	0.00e+00
 1.07881e+17	1.00e+00	9.91e-13	0.00e+00
 1.08094e+17	1.00e+00	9.63e-13	0.00e+00
 1.08308e+17	1.00e+00	9.37e-13	0.00e+00
 1.08519e+17	1.00e+00	9.11e-13	0.00e+00
 1.08737e+17	1.00e+00	8.85e-13	0.00e+00
 1.08968e+17	1.00e+00	8.58e-13	0.00e+00
 1.09210e+17	1.00e+00	8.31e-13	0.00e+00
 1.09454e+17	1.00e+00	8.05e-13	0.00e+00
 1.09699e+17	1.00e+00	7.79e-13	0.00e+00
 1.09953e+17	1.00e+00	7.53e-13	0.00e+00
 1.10224e+17	1.00e+00	7.26e-13	0.00e+00
 1.10500e+17	1.00e+00	7.00e-13	0.00e+00
 1.10779e+17	1.00e+00	6.75e-13	0.00e+00
 1.11062e+17	1.00e+00	6.50e-13	0.00e+00
 1.11364e+17	1.00e+00	6.24e-13	0.00e+00
 1.11684e+17	1.00e+00	5.98e-13	0.00e+00
 1.12002e+17	1.00e+00	5.74e-13	0.00e+00
 1.12313e+17	1.00e+00	5.51e-13	0.00e+00
 1.12648e+17	1.00e+00	5.27e-13	0.00e+00
 1.13011e+17	1.00e+00	5.02e-13	0.00e+00
 1.13373e+17	1.00e+00	4.79e-13	0.00e+00
 1.13730e+17	1.00e+00	4.56e-13	0.00e+00
 1.14098e+17	1.00e+00	4.35e-13	0.00e+00
 1.14493e+17	1.00e+00	4.14e-13	0.00e+00
 1.14925e+17	1.00e+00	3.91e-13	0.00e+00
 1.15366e+17	1.00e+00	3.70e-13	0.00e+00
 1.15796e+17	1.00e+00	3.51e-13	0.00e+00
 1.16243e+17	1.00e+00	3.31e-13	0.00e+00
 1.16708e+17	1.00e+00	3.12e-13	0.00e+00
 1.17184e+17	1.00e+00	2.95e-13	0.00e+00
 1.17693e+17	1.00e+00	2.77e-13	0.00e+00
 1.18238e+17	1.00e+00	2.60e-13	0.00e+00
 1.18807e+17	1.00e+00	2.42e-13	0.00e+00
 1.19390e+17	1.00e+00	2.27e-13	0.00e+00
 1.19952e+17	1.00e+00	2.13e-13	0.00e+00
 1.20471e+17	1.00e+00	2.01e-13	0.00e+00
 1.20948e+17	1.00e+00	1.90e-13	0.00e+00
 1.21410e+17	1.00e+00	1.81e-13	0.00e+00
 1.21882e+17	1.00e+00	1.72e-13	0.00e+00
 1.22373e+17	1.00e+00	1.62e-13	0.00e+00
 1.22857e+17	1.00e+00	1.54e-13	0.00e+00
 1.23293e+17	1.00e+00	1.46e-13	0.00e+00
 1.23668e+17	1.00e+00	1.40e-13	0.00e+00
 1.24000e+17	1.00e+00	1.35e-13	0.00e+00
 1.24308e+17	1.00e+00	1.30e-13	0.00e+00
 1.24601e+17	1.00e+00	1.26e-13	0.00e+00
 1.24879e+17	1.00e+00	1.22e-13	0.00e+00
 1.25135e+17	1.00e+00	1.18e-13	0.00e+00
 1.25371e+17	1.00e+00	1.15e-13	0.00e+00
 1.25593e+17	1.00e+00	1.12e-13	0.00e+00
 1.25809e+17	1.00e+00	1.09e-13	0.00e+00
 1.26018e+17	1.00e+00	1.06e-13	0.00e+00
 1.26218e+17	1.00e+00	1.04e-13	0.00e+00
 1.26409e+17	1.00e+00	1.02e-13	0.00e+00
 1.26594e+17	1.00e+00	9.95e-14	0.00e+00
 1.26773e+17	1.00e+00	9.74e-14	0.00e+00
 1.26949e+17	1.00e+00	9.54e-14	0.00e+00
 1.27122e+17	1.00e+00	9.35e-14	0.00e+00
 1.27290e+17	1.00e+00	9.17e-14	0.00e+00
 1.27454e+17	1.00e+00	9.00e-14	0.00e+00
 1.27614e+17	1.00e+00	8.84e-14	0.00e+00
 1.27772e+17	1.00e+00	8.68e-14	0.00e+00
 1.27928e+17	1.00e+00	8.52e-14	0.00e+00
 1.28082e+17	1.00e+00	8.37e-14	0.00e+00
 1.28233e+17	1.00e+00	8.23e-14	0.00e+00
 1.28382e+17	1.00e+00	8.09e-14	0.00e+00
 1.28530e+17	1.00e+00	7.96e-14	0.00e+00
 1.28699e+17	1.00e+00	7.81e-14	0.00e+00
 1.28918e+17	1.00e+00	7.61e-14	0.00e+00
 1.29203e+17	1.00e+00	7.36e-14	0.00e+00
 1.29574e+17	1.00e+00	7.06e-14	0.00e+00
 1.30056e+17	1.00e+00	6.69e-14	0.00e+00
 1.30658e+17	1.00e+00	6.26e-14	0.00e+00
 1.31304e+17	1.00e+00	5.84e-14	0.00e+00
 1.31887e+17	1.00e+00	5.49e-14	0.00e+00
 1.32393e+17	1.00e+00	5.21e-14	0.00e+00
 1.32875e+17	1.00e+00	4.96e-14	0.00e+00
 1.33389e+17	1.00e+00	4.69e-14	0.00e+00
 1.33951e+17	1.00e+00	4.43e-14	0.00e+00
 1.34532e+17	1.00e+00	4.17e-14	0.00e+00
 1.35102e+17	1.00e+00	3.93e-14	0.00e+00
 1.35663e+17	1.00e+00	3.72e-14	0.00e+00
 1.36242e+17	1.00e+00	3.50e-14	0.00e+00
 1.36862e+17	1.00e+00	3.29e-14	0.00e+00
 1.37532e+17	1.00e+00	3.07e-14	0.00e+00
 1.38252e+17	1.00e+00	2.86e-14	0.00e+00
 1.39032e+17	1.00e+00	2.64e-14	0.00e+00
 1.39907e+17	1.00e+00	2.42e-14	0.00e+00
 1.40943e+17	1.00e+00	2.18e-14	0.00e+00
 1.42245e+17	1.00e+00	1.92e-14	0.00e+00
 1.43932e+17	1.00e+00	1.62e-14	0.00e+00
 1.46124e+17	1.00e+00	1.31e-14	0.00e+00
 1.48974e+17	1.00e+00	9.92e-15	0.00e+00
 1.52679e+17	1.00e+00	6.98e-15	0.00e+00
 1.57495e+17	1.00e+00	4.46e-15	0.00e+00
 1.63422e+17	1.00e+00	2.60e-15	0.00e+00
 1.69959e+17	1.00e+00	1.47e-15	0.00e+00
 1.76192e+17	1.00e+00	8.58e-16	0.00e+00
 1.81553e+17	1.00e+00	5.43e-16	0.00e+00
 1.86438e+17	1.00e+00	3.57e-16	0.00e+00
 1.92013e+17	1.00e+00	2.20e-16	0.00e+00
 1.97055e+17	1.00e+00	1.43e-16	0.00e+00
 2.00079e+17	1.00e+00	1.09e-16	0.00e+00
 2.01894e+17	1.00e+00	9.17e-17	0.00e+00
 2.02983e+17	1.00e+00	8.23e-17	0.00e+00
 2.03637e+17	1.00e+00	7.70e-17	0.00e+00
 2.04029e+17	1.00e+00	7.39e-17	0.00e+00
 2.04264e+17	1.00e+00	7.20e-17	0.00e+00
 2.04433e+17	1.00e+00	7.07e-17	0.00e+00
 2.04620e+17	1.00e+00	6.93e-17	0.00e+00
 2.04863e+17	1.00e+00	6.75e-17	0.00e+00
 2.05164e+17	1.00e+00	6.54e-17	0.00e+00
 2.05477e+17	1.00e+00	6.31e-17	0.00e+00
 2.05740e+17	1.00e+00	6.12e-17	0.00e+00
 2.05946e+17	1.00e+00	5.98e-17	0.00e+00
 2.06135e+17	1.00e+00	5.85e-17	0.00e+00
 2.06354e+17	1.00e+00	5.70e-17	0.00e+00
 2.06620e+17	1.00e+00	5.53e-17	0.00e+00
 2.06899e+17	1.00e+00	5.34e-17	0.00e+00
 2.07139e+17	1.00e+00	5.18e-17	0.00e+00
 2.07331e+17	1.00e+00	5.06e-17	0.00e+00
 2.07506e+17	1.00e+00	4.94e-17	0.00e+00
 2.07704e+17	1.00e+00	4.82e-17	0.00e+00
 2.07939e+17	1.00e+00	4.68e-17	0.00e+00
 2.08188e+17	1.00e+00	4.52e-17	0.00e+00
 2.08407e+17	1.00e+00	4.38e-17	0.00e+00
 2.08585e+17	1.00e+00	4.27e-17	0.00e+00
 2.08747e+17	1.00e+00	4.17e-17	0.00e+00
 2.08926e+17	1.00e+00	4.07e-17	0.00e+00
 2.09136e+17	1.00e+00	3.94e-17	0.00e+00
 2.09358e+17	1.00e+00	3.81e-17	0.00e+00
 2.09559e+17	1.00e+00	3.69e-17	0.00e+00
 2.09727e+17	1.00e+00	3.59e-17	0.00e+00
 2.09878e+17	1.00e+00	3.50e-17	0.00e+00
 2.10041e+17	1.00e+00	3.41e-17	0.00e+00
 2.10233e+17	1.00e+00	3.30e-17	0.00e+00
 2.10439e+17	1.00e+00	3.18e-17	0.00e+00
 2.10626e+17	1.00e+00	3.07e-17	0.00e+00
 2.10784e+17	1.00e+00	2.98e-17	0.00e+00
 2.10926e+17	1.00e+00	2.90e-17	0.00e+00
 2.11079e+17	1.00e+00	2.82e-17	0.00e+00
 2.11259e+17	1.00e+00	2.73e-17	0.00e+00
 2.11451e+17	1.00e+00	2.62e-17	0.00e+00
 2.11628e+17	1.00e+00	2.53e-17	0.00e+00
 2.11779e+17	1.00e+00	2.45e-17	0.00e+00
 2.11917e+17	1.00e+00	2.37e-17	0.00e+00
 2.12065e+17	1.00e+00	2.30e-17	0.00e+00
 2.12237e+17	1.00e+00	2.22e-17	0.00e+00
 2.12422e+17	1.00e+00	2.13e-17	0.00e+00
 2.12594e+17	1.00e+00	2.04e-17	0.00e+00
 2.12743e+17	1.00e+00	1.97e-17	0.00e+00
 2.12880e+17	1.00e+00	1.91e-17	0.00e+00
 2.13028e+17	1.00e+00	1.85e-17	0.00e+00
 2.13196e+17	1.00e+00	1.77e-17	0.00e+00
 2.13376e+17	1.00e+00	1.70e-17	0.00e+00
 2.13546e+17	1.00e+00	1.62e-17	0.00e+00
 2.13696e+17	1.00e+00	1.56e-17	0.00e+00
 2.13837e+17	1.00e+00	1.51e-17	0.00e+00
 2.13985e+17	1.00e+00	1.45e-17	0.00e+00
 2.14153e+17	1.00e+00	1.39e-17	0.00e+00
 2.14335e+17	1.00e+00	1.33e-17	0.00e+00
 2.14511e+17	1.00e+00	1.27e-17	0.00e+00
 2.14668e+17	1.00e+00	1.21e-17	0.00e+00
 2.14814e+17	1.00e+00	1.16e-17	0.00e+00
 2.14966e+17	1.00e+00	1.12e-17	0.00e+00
 2.15139e+17	1.00e+00	1.07e-17	0.00e+00
 2.15330e+17	1.00e+00	1.02e-17	0.00e+00
 2.15517e+17	1.00e+00	9.66e-18	0.00e+00
