#depth	O	O+	O+2	O+3	O+4	O+5	O+6	O+7	O+8	O[1]	O[2]	O[3]
 1.49634e+10	0.00e+00	0.00e+00	6.05e-31	1.46e-21	1.81e-13	5.56e-07	1.00e+00	1.56e-19	0.00e+00	0.00e+00	0.00e+00	0.00e+00
 4.54887e+10	0.00e+00	1.88e-41	8.29e-31	1.85e-21	2.12e-13	6.02e-07	1.00e+00	0.00e+00	0.00e+00	0.00e+00	0.00e+00	0.00e+00
 7.72350e+10	0.00e+00	0.00e+00	1.13e-30	2.35e-21	2.48e-13	6.51e-07	1.00e+00	0.00e+00	0.00e+00	0.00e+00	0.00e+00	0.00e+00
 1.10251e+11	0.00e+00	4.12e-41	1.55e-30	2.97e-21	2.90e-13	7.05e-07	1.00e+00	0.00e+00	0.00e+00	0.00e+00	0.00e+00	0.00e+00
 1.44588e+11	0.00e+00	0.00e+00	2.13e-30	3.76e-21	3.40e-13	7.63e-07	1.00e+00	0.00e+00	0.00e+00	0.00e+00	0.00e+00	0.00e+00
 1.80298e+11	0.00e+00	9.04e-41	2.91e-30	4.76e-21	3.98e-13	8.25e-07	1.00e+00	0.00e+00	0.00e+00	0.00e+00	0.00e+00	0.00e+00
 2.17437e+11	0.00e+00	0.00e+00	3.99e-30	6.03e-21	4.66e-13	8.94e-07	1.00e+00	0.00e+00	0.00e+00	0.00e+00	0.00e+00	0.00e+00
 2.56061e+11	0.00e+00	1.98e-40	5.46e-30	7.64e-21	5.46e-13	9.67e-07	1.00e+00	0.00e+00	0.00e+00	0.00e+00	0.00e+00	0.00e+00
 2.96231e+11	0.00e+00	0.00e+00	7.48e-30	9.68e-21	6.39e-13	1.05e-06	1.00e+00	0.00e+00	0.00e+00	0.00e+00	0.00e+00	0.00e+00
 3.38007e+11	0.00e+00	4.34e-40	1.02e-29	1.23e-20	7.49e-13	1.13e-06	1.00e+00	0.00e+00	0.00e+00	0.00e+00	0.00e+00	0.00e+00
 3.81454e+11	0.00e+00	0.00e+00	1.40e-29	1.55e-20	8.77e-13	1.23e-06	1.00e+00	0.00e+00	0.00e+00	0.00e+00	0.00e+00	0.00e+00
 4.26639e+11	0.00e+00	9.52e-40	1.92e-29	1.97e-20	1.03e-12	1.33e-06	1.00e+00	0.00e+00	0.00e+00	0.00e+00	0.00e+00	0.00e+00
 4.73631e+11	0.00e+00	0.00e+00	2.63e-29	2.49e-20	1.21e-12	1.44e-06	1.00e+00	0.00e+00	0.00e+00	0.00e+00	0.00e+00	0.00e+00
 5.22503e+11	0.00e+00	2.09e-39	3.60e-29	3.16e-20	1.41e-12	1.56e-06	1.00e+00	0.00e+00	0.00e+00	0.00e+00	0.00e+00	0.00e+00
 5.73330e+11	0.00e+00	0.00e+00	4.93e-29	4.01e-20	1.66e-12	1.69e-06	1.00e+00	0.00e+00	0.00e+00	0.00e+00	0.00e+00	0.00e+00
 6.22401e+11	0.00e+00	4.45e-39	6.61e-29	4.99e-20	1.92e-12	1.82e-06	1.00e+00	0.00e+00	0.00e+00	0.00e+00	0.00e+00	0.00e+00
 6.68301e+11	0.00e+00	0.00e+00	8.61e-29	6.09e-20	2.20e-12	1.95e-06	1.00e+00	0.00e+00	0.00e+00	0.00e+00	0.00e+00	0.00e+00
 7.19826e+11	0.00e+00	8.84e-39	1.15e-28	7.57e-20	2.54e-12	2.10e-06	1.00e+00	0.00e+00	0.00e+00	0.00e+00	0.00e+00	0.00e+00
 7.78546e+11	0.00e+00	0.00e+00	1.57e-28	9.60e-20	2.98e-12	2.27e-06	1.00e+00	0.00e+00	0.00e+00	0.00e+00	0.00e+00	0.00e+00
 8.36809e+11	0.00e+00	1.90e-38	2.12e-28	1.20e-19	3.47e-12	2.45e-06	1.00e+00	0.00e+00	0.00e+00	0.00e+00	0.00e+00	0.00e+00
 8.97403e+11	0.00e+00	0.00e+00	2.87e-28	1.51e-19	4.05e-12	2.65e-06	1.00e+00	0.00e+00	0.00e+00	0.00e+00	0.00e+00	0.00e+00
 9.63226e+11	0.00e+00	4.10e-38	3.94e-28	1.92e-19	4.76e-12	2.88e-06	1.00e+00	0.00e+00	0.00e+00	0.00e+00	0.00e+00	0.00e+00
 1.03168e+12	0.00e+00	0.00e+00	5.40e-28	2.44e-19	5.59e-12	3.12e-06	1.00e+00	0.00e+00	0.00e+00	0.00e+00	0.00e+00	0.00e+00
 1.10288e+12	0.00e+00	8.98e-38	7.40e-28	3.09e-19	6.57e-12	3.39e-06	1.00e+00	0.00e+00	0.00e+00	0.00e+00	0.00e+00	0.00e+00
 1.17692e+12	0.00e+00	0.00e+00	1.01e-27	3.93e-19	7.73e-12	3.68e-06	1.00e+00	0.00e+00	0.00e+00	0.00e+00	0.00e+00	0.00e+00
 1.25392e+12	0.00e+00	1.97e-37	1.39e-27	5.00e-19	9.09e-12	4.00e-06	1.00e+00	0.00e+00	0.00e+00	0.00e+00	0.00e+00	0.00e+00
 1.33401e+12	0.00e+00	0.00e+00	1.91e-27	6.35e-19	1.07e-11	4.34e-06	1.00e+00	0.00e+00	0.00e+00	0.00e+00	0.00e+00	0.00e+00
 1.41729e+12	0.00e+00	4.30e-37	2.61e-27	8.07e-19	1.26e-11	4.72e-06	1.00e+00	0.00e+00	0.00e+00	0.00e+00	0.00e+00	0.00e+00
 1.50391e+12	0.00e+00	0.00e+00	3.59e-27	1.03e-18	1.49e-11	5.14e-06	1.00e+00	0.00e+00	0.00e+00	0.00e+00	0.00e+00	0.00e+00
 1.59399e+12	0.00e+00	9.39e-37	4.92e-27	1.31e-18	1.75e-11	5.59e-06	1.00e+00	0.00e+00	0.00e+00	0.00e+00	0.00e+00	0.00e+00
 1.68768e+12	0.00e+00	0.00e+00	6.74e-27	1.66e-18	2.07e-11	6.09e-06	1.00e+00	0.00e+00	0.00e+00	0.00e+00	0.00e+00	0.00e+00
 1.78511e+12	0.00e+00	2.05e-36	9.24e-27	2.12e-18	2.45e-11	6.64e-06	1.00e+00	0.00e+00	0.00e+00	0.00e+00	0.00e+00	0.00e+00
 1.88645e+12	7.41e-47	3.02e-36	1.27e-26	2.70e-18	2.89e-11	7.24e-06	1.00e+00	0.00e+00	0.00e+00	0.00e+00	0.00e+00	0.00e+00
 1.99183e+12	0.00e+00	0.00e+00	1.74e-26	3.44e-18	3.42e-11	7.90e-06	1.00e+00	0.00e+00	0.00e+00	0.00e+00	0.00e+00	0.00e+00
 2.10143e+12	0.00e+00	6.54e-36	2.38e-26	4.39e-18	4.05e-11	8.63e-06	1.00e+00	0.00e+00	0.00e+00	0.00e+00	0.00e+00	0.00e+00
 2.21541e+12	2.95e-46	9.61e-36	3.26e-26	5.60e-18	4.81e-11	9.43e-06	1.00e+00	0.00e+00	0.00e+00	0.00e+00	0.00e+00	0.00e+00
 2.33396e+12	0.00e+00	0.00e+00	4.46e-26	7.15e-18	5.70e-11	1.03e-05	1.00e+00	0.00e+00	0.00e+00	0.00e+00	0.00e+00	0.00e+00
 2.45724e+12	0.00e+00	2.06e-35	6.09e-26	9.13e-18	6.78e-11	1.13e-05	1.00e+00	0.00e+00	0.00e+00	0.00e+00	0.00e+00	0.00e+00
 2.58546e+12	1.15e-45	3.01e-35	8.32e-26	1.16e-17	8.06e-11	1.24e-05	1.00e+00	0.00e+00	0.00e+00	0.00e+00	0.00e+00	0.00e+00
 2.71880e+12	0.00e+00	4.38e-35	1.13e-25	1.49e-17	9.59e-11	1.36e-05	1.00e+00	0.00e+00	0.00e+00	0.00e+00	0.00e+00	0.00e+00
 2.85748e+12	2.78e-45	6.35e-35	1.54e-25	1.90e-17	1.14e-10	1.49e-05	1.00e+00	0.00e+00	0.00e+00	0.00e+00	0.00e+00	0.00e+00
 3.00171e+12	0.00e+00	9.17e-35	2.10e-25	2.42e-17	1.36e-10	1.64e-05	1.00e+00	0.00e+00	0.00e+00	0.00e+00	0.00e+00	0.00e+00
 3.15170e+12	6.59e-45	1.32e-34	2.85e-25	3.09e-17	1.62e-10	1.81e-05	1.00e+00	0.00e+00	0.00e+00	0.00e+00	0.00e+00	0.00e+00
 3.30770e+12	0.00e+00	1.89e-34	3.85e-25	3.94e-17	1.94e-10	1.99e-05	1.00e+00	0.00e+00	0.00e+00	0.00e+00	0.00e+00	0.00e+00
 3.46993e+12	1.53e-44	2.70e-34	5.19e-25	5.02e-17	2.31e-10	2.20e-05	1.00e+00	0.00e+00	0.00e+00	0.00e+00	0.00e+00	0.00e+00
 3.63866e+12	0.00e+00	3.84e-34	6.99e-25	6.38e-17	2.75e-10	2.42e-05	1.00e+00	0.00e+00	0.00e+00	0.00e+00	0.00e+00	0.00e+00
 3.81413e+12	3.45e-44	5.43e-34	9.39e-25	8.12e-17	3.28e-10	2.67e-05	1.00e+00	0.00e+00	0.00e+00	0.00e+00	0.00e+00	0.00e+00
 3.99662e+12	0.00e+00	7.64e-34	1.26e-24	1.03e-16	3.91e-10	2.95e-05	1.00e+00	0.00e+00	0.00e+00	0.00e+00	0.00e+00	0.00e+00
 4.18642e+12	7.62e-44	1.07e-33	1.68e-24	1.31e-16	4.66e-10	3.26e-05	1.00e+00	0.00e+00	0.00e+00	0.00e+00	0.00e+00	0.00e+00
 4.38380e+12	0.00e+00	1.50e-33	2.24e-24	1.66e-16	5.54e-10	3.59e-05	1.00e+00	0.00e+00	0.00e+00	0.00e+00	0.00e+00	0.00e+00
 4.58908e+12	1.64e-43	2.08e-33	2.98e-24	2.10e-16	6.59e-10	3.97e-05	1.00e+00	0.00e+00	0.00e+00	0.00e+00	0.00e+00	0.00e+00
 4.80257e+12	0.00e+00	2.89e-33	3.95e-24	2.65e-16	7.82e-10	4.38e-05	1.00e+00	0.00e+00	0.00e+00	0.00e+00	0.00e+00	0.00e+00
 5.02460e+12	3.49e-43	4.01e-33	5.24e-24	3.35e-16	9.28e-10	4.83e-05	1.00e+00	0.00e+00	0.00e+00	0.00e+00	0.00e+00	0.00e+00
 5.25551e+12	0.00e+00	5.54e-33	6.94e-24	4.24e-16	1.10e-09	5.32e-05	1.00e+00	0.00e+00	0.00e+00	0.00e+00	0.00e+00	0.00e+00
 5.49565e+12	7.34e-43	7.65e-33	9.19e-24	5.35e-16	1.30e-09	5.86e-05	1.00e+00	0.00e+00	0.00e+00	0.00e+00	0.00e+00	0.00e+00
 5.74541e+12	0.00e+00	1.06e-32	1.22e-23	6.74e-16	1.54e-09	6.46e-05	1.00e+00	0.00e+00	0.00e+00	0.00e+00	0.00e+00	0.00e+00
 6.00515e+12	1.53e-42	1.46e-32	1.61e-23	8.50e-16	1.82e-09	7.11e-05	1.00e+00	0.00e+00	0.00e+00	0.00e+00	0.00e+00	0.00e+00
 6.27528e+12	0.00e+00	2.01e-32	2.13e-23	1.07e-15	2.14e-09	7.82e-05	1.00e+00	0.00e+00	0.00e+00	0.00e+00	0.00e+00	0.00e+00
 6.55622e+12	3.21e-42	2.78e-32	2.82e-23	1.35e-15	2.52e-09	8.59e-05	1.00e+00	0.00e+00	0.00e+00	0.00e+00	0.00e+00	0.00e+00
 6.84840e+12	0.00e+00	3.85e-32	3.73e-23	1.70e-15	2.97e-09	9.44e-05	1.00e+00	0.00e+00	0.00e+00	0.00e+00	0.00e+00	0.00e+00
 7.15226e+12	6.75e-42	5.33e-32	4.95e-23	2.15e-15	3.50e-09	1.04e-04	1.00e+00	0.00e+00	0.00e+00	0.00e+00	0.00e+00	0.00e+00
 7.46828e+12	0.00e+00	7.39e-32	6.56e-23	2.71e-15	4.11e-09	1.14e-04	1.00e+00	0.00e+00	0.00e+00	0.00e+00	0.00e+00	0.00e+00
 7.79693e+12	1.43e-41	1.03e-31	8.72e-23	3.41e-15	4.83e-09	1.25e-04	1.00e+00	0.00e+00	0.00e+00	0.00e+00	0.00e+00	0.00e+00
 8.12045e+12	0.00e+00	1.41e-31	1.14e-22	4.25e-15	5.62e-09	1.36e-04	1.00e+00	0.00e+00	0.00e+00	0.00e+00	0.00e+00	0.00e+00
 8.45690e+12	2.95e-41	1.93e-31	1.50e-22	5.29e-15	6.54e-09	1.48e-04	1.00e+00	0.00e+00	0.00e+00	0.00e+00	0.00e+00	0.00e+00
 8.82511e+12	0.00e+00	2.70e-31	2.00e-22	6.67e-15	7.68e-09	1.62e-04	1.00e+00	0.00e+00	0.00e+00	0.00e+00	0.00e+00	0.00e+00
 9.19569e+12	6.31e-41	3.75e-31	2.64e-22	8.35e-15	8.96e-09	1.77e-04	1.00e+00	0.00e+00	0.00e+00	0.00e+00	0.00e+00	0.00e+00
 9.58109e+12	0.00e+00	5.22e-31	3.50e-22	1.05e-14	1.04e-08	1.93e-04	1.00e+00	0.00e+00	0.00e+00	0.00e+00	0.00e+00	0.00e+00
 9.99426e+12	1.37e-40	7.36e-31	4.68e-22	1.32e-14	1.22e-08	2.11e-04	1.00e+00	0.00e+00	0.00e+00	0.00e+00	0.00e+00	0.00e+00
 1.04240e+13	0.00e+00	1.04e-30	6.27e-22	1.67e-14	1.43e-08	2.30e-04	1.00e+00	0.00e+00	0.00e+00	0.00e+00	0.00e+00	0.00e+00
 1.08708e+13	3.05e-40	1.47e-30	8.40e-22	2.10e-14	1.68e-08	2.51e-04	1.00e+00	0.00e+00	0.00e+00	0.00e+00	0.00e+00	0.00e+00
 1.13356e+13	0.00e+00	2.09e-30	1.13e-21	2.65e-14	1.97e-08	2.74e-04	1.00e+00	0.00e+00	0.00e+00	0.00e+00	0.00e+00	0.00e+00
 1.18190e+13	6.87e-40	2.98e-30	1.52e-21	3.35e-14	2.30e-08	2.98e-04	1.00e+00	0.00e+00	0.00e+00	0.00e+00	0.00e+00	0.00e+00
 1.23216e+13	0.00e+00	4.25e-30	2.04e-21	4.23e-14	2.69e-08	3.25e-04	1.00e+00	0.00e+00	0.00e+00	0.00e+00	0.00e+00	0.00e+00
 1.28444e+13	1.58e-39	6.08e-30	2.75e-21	5.34e-14	3.15e-08	3.54e-04	1.00e+00	0.00e+00	0.00e+00	0.00e+00	0.00e+00	0.00e+00
 1.33881e+13	0.00e+00	8.71e-30	3.71e-21	6.74e-14	3.69e-08	3.85e-04	1.00e+00	0.00e+00	0.00e+00	0.00e+00	0.00e+00	0.00e+00
 1.39536e+13	3.66e-39	1.25e-29	5.01e-21	8.52e-14	4.31e-08	4.19e-04	1.00e+00	0.00e+00	0.00e+00	0.00e+00	0.00e+00	0.00e+00
 1.45417e+13	0.00e+00	1.80e-29	6.78e-21	1.08e-13	5.05e-08	4.56e-04	1.00e+00	0.00e+00	0.00e+00	0.00e+00	0.00e+00	0.00e+00
 1.51533e+13	8.58e-39	2.60e-29	9.17e-21	1.36e-13	5.90e-08	4.96e-04	1.00e+00	0.00e+00	0.00e+00	0.00e+00	0.00e+00	0.00e+00
 1.57893e+13	0.00e+00	3.75e-29	1.24e-20	1.72e-13	6.91e-08	5.39e-04	9.99e-01	0.00e+00	0.00e+00	0.00e+00	0.00e+00	0.00e+00
 1.64508e+13	2.03e-38	5.43e-29	1.68e-20	2.17e-13	8.08e-08	5.86e-04	9.99e-01	0.00e+00	0.00e+00	0.00e+00	0.00e+00	0.00e+00
 1.71388e+13	0.00e+00	7.87e-29	2.28e-20	2.74e-13	9.45e-08	6.36e-04	9.99e-01	0.00e+00	0.00e+00	0.00e+00	0.00e+00	0.00e+00
 1.78542e+13	4.87e-38	1.14e-28	3.09e-20	3.47e-13	1.10e-07	6.91e-04	9.99e-01	0.00e+00	0.00e+00	0.00e+00	0.00e+00	0.00e+00
 1.85983e+13	0.00e+00	1.66e-28	4.20e-20	4.38e-13	1.29e-07	7.50e-04	9.99e-01	0.00e+00	0.00e+00	0.00e+00	0.00e+00	0.00e+00
 1.93722e+13	1.18e-37	2.41e-28	5.70e-20	5.54e-13	1.51e-07	8.14e-04	9.99e-01	0.00e+00	0.00e+00	0.00e+00	0.00e+00	0.00e+00
 2.01770e+13	0.00e+00	3.52e-28	7.75e-20	7.00e-13	1.77e-07	8.83e-04	9.99e-01	0.00e+00	0.00e+00	0.00e+00	0.00e+00	0.00e+00
 2.10140e+13	2.86e-37	5.13e-28	1.05e-19	8.85e-13	2.07e-07	9.58e-04	9.99e-01	0.00e+00	0.00e+00	0.00e+00	0.00e+00	0.00e+00
 2.18845e+13	0.00e+00	7.48e-28	1.43e-19	1.12e-12	2.42e-07	1.04e-03	9.99e-01	0.00e+00	0.00e+00	0.00e+00	0.00e+00	0.00e+00
 2.27898e+13	7.01e-37	1.09e-27	1.95e-19	1.41e-12	2.83e-07	1.13e-03	9.99e-01	0.00e+00	0.00e+00	0.00e+00	0.00e+00	0.00e+00
 2.37313e+13	0.00e+00	1.60e-27	2.66e-19	1.79e-12	3.30e-07	1.22e-03	9.99e-01	0.00e+00	0.00e+00	0.00e+00	0.00e+00	0.00e+00
 2.47105e+13	1.72e-36	2.34e-27	3.62e-19	2.26e-12	3.86e-07	1.32e-03	9.99e-01	0.00e+00	0.00e+00	0.00e+00	0.00e+00	0.00e+00
 2.57289e+13	0.00e+00	3.42e-27	4.92e-19	2.86e-12	4.52e-07	1.44e-03	9.99e-01	0.00e+00	0.00e+00	0.00e+00	0.00e+00	0.00e+00
 2.67880e+13	4.25e-36	5.01e-27	6.71e-19	3.62e-12	5.28e-07	1.56e-03	9.98e-01	0.00e+00	0.00e+00	0.00e+00	0.00e+00	0.00e+00
 2.78894e+13	0.00e+00	7.33e-27	9.14e-19	4.57e-12	6.18e-07	1.69e-03	9.98e-01	0.00e+00	0.00e+00	0.00e+00	0.00e+00	0.00e+00
 2.90349e+13	1.05e-35	1.07e-26	1.25e-18	5.78e-12	7.22e-07	1.83e-03	9.98e-01	0.00e+00	0.00e+00	0.00e+00	0.00e+00	0.00e+00
 3.02262e+13	0.00e+00	1.57e-26	1.70e-18	7.31e-12	8.44e-07	1.98e-03	9.98e-01	0.00e+00	0.00e+00	0.00e+00	0.00e+00	0.00e+00
 3.14652e+13	2.61e-35	2.31e-26	2.31e-18	9.24e-12	9.87e-07	2.14e-03	9.98e-01	0.00e+00	0.00e+00	0.00e+00	0.00e+00	0.00e+00
 3.27537e+13	4.11e-35	3.38e-26	3.15e-18	1.17e-11	1.15e-06	2.32e-03	9.98e-01	0.00e+00	0.00e+00	0.00e+00	0.00e+00	0.00e+00
 3.40938e+13	6.47e-35	4.96e-26	4.30e-18	1.48e-11	1.35e-06	2.52e-03	9.97e-01	0.00e+00	0.00e+00	0.00e+00	0.00e+00	0.00e+00
 3.54875e+13	1.02e-34	7.27e-26	5.85e-18	1.87e-11	1.58e-06	2.73e-03	9.97e-01	0.00e+00	0.00e+00	0.00e+00	0.00e+00	0.00e+00
 3.69369e+13	1.60e-34	1.07e-25	7.98e-18	2.36e-11	1.84e-06	2.95e-03	9.97e-01	0.00e+00	0.00e+00	0.00e+00	0.00e+00	0.00e+00
 3.84443e+13	2.52e-34	1.56e-25	1.09e-17	2.99e-11	2.16e-06	3.20e-03	9.97e-01	0.00e+00	0.00e+00	0.00e+00	0.00e+00	0.00e+00
 4.00120e+13	3.97e-34	2.29e-25	1.48e-17	3.77e-11	2.52e-06	3.47e-03	9.97e-01	0.00e+00	0.00e+00	0.00e+00	0.00e+00	0.00e+00
 4.15162e+13	6.01e-34	3.25e-25	1.97e-17	4.69e-11	2.91e-06	3.74e-03	9.96e-01	0.00e+00	0.00e+00	0.00e+00	0.00e+00	0.00e+00
 4.29063e+13	8.71e-34	4.43e-25	2.53e-17	5.69e-11	3.31e-06	3.99e-03	9.96e-01	0.00e+00	0.00e+00	0.00e+00	0.00e+00	0.00e+00
 4.44784e+13	1.31e-33	6.26e-25	3.36e-17	7.03e-11	3.81e-06	4.29e-03	9.96e-01	0.00e+00	0.00e+00	0.00e+00	0.00e+00	0.00e+00
 4.62875e+13	2.07e-33	9.20e-25	4.58e-17	8.88e-11	4.46e-06	4.65e-03	9.95e-01	0.00e+00	0.00e+00	0.00e+00	0.00e+00	0.00e+00
 4.80636e+13	3.13e-33	1.31e-24	6.12e-17	1.11e-10	5.17e-06	5.02e-03	9.95e-01	0.00e+00	0.00e+00	0.00e+00	0.00e+00	0.00e+00
 4.97675e+13	4.66e-33	1.83e-24	8.03e-17	1.36e-10	5.92e-06	5.38e-03	9.95e-01	0.00e+00	0.00e+00	0.00e+00	0.00e+00	0.00e+00
 5.16448e+13	7.07e-33	2.61e-24	1.07e-16	1.69e-10	6.84e-06	5.80e-03	9.94e-01	0.00e+00	0.00e+00	0.00e+00	0.00e+00	0.00e+00
 5.37406e+13	1.10e-32	3.81e-24	1.46e-16	2.14e-10	8.00e-06	6.29e-03	9.94e-01	0.00e+00	0.00e+00	0.00e+00	0.00e+00	0.00e+00
 5.58573e+13	1.70e-32	5.49e-24	1.96e-16	2.68e-10	9.31e-06	6.80e-03	9.93e-01	0.00e+00	0.00e+00	0.00e+00	0.00e+00	0.00e+00
 5.80586e+13	2.64e-32	7.96e-24	2.65e-16	3.37e-10	1.08e-05	7.35e-03	9.93e-01	0.00e+00	0.00e+00	0.00e+00	0.00e+00	0.00e+00
 6.04109e+13	4.07e-32	1.15e-23	3.60e-16	4.26e-10	1.26e-05	7.98e-03	9.92e-01	0.00e+00	0.00e+00	0.00e+00	0.00e+00	0.00e+00
 6.28572e+13	6.41e-32	1.69e-23	4.90e-16	5.38e-10	1.48e-05	8.65e-03	9.91e-01	0.00e+00	0.00e+00	0.00e+00	0.00e+00	0.00e+00
 6.54015e+13	9.90e-32	2.45e-23	6.66e-16	6.80e-10	1.73e-05	9.38e-03	9.91e-01	0.00e+00	0.00e+00	0.00e+00	0.00e+00	0.00e+00
 6.80474e+13	1.54e-31	3.58e-23	9.06e-16	8.59e-10	2.02e-05	1.02e-02	9.90e-01	0.00e+00	0.00e+00	0.00e+00	0.00e+00	0.00e+00
 7.07993e+13	2.38e-31	5.18e-23	1.23e-15	1.09e-09	2.35e-05	1.10e-02	9.89e-01	0.00e+00	0.00e+00	0.00e+00	0.00e+00	0.00e+00
 7.36612e+13	3.69e-31	7.55e-23	1.67e-15	1.37e-09	2.75e-05	1.20e-02	9.88e-01	0.00e+00	0.00e+00	0.00e+00	0.00e+00	0.00e+00
 7.66375e+13	5.67e-31	1.09e-22	2.27e-15	1.73e-09	3.21e-05	1.30e-02	9.87e-01	0.00e+00	0.00e+00	0.00e+00	0.00e+00	0.00e+00
 7.97330e+13	8.80e-31	1.59e-22	3.08e-15	2.19e-09	3.75e-05	1.41e-02	9.86e-01	0.00e+00	0.00e+00	0.00e+00	0.00e+00	0.00e+00
 8.29522e+13	1.35e-30	2.29e-22	4.18e-15	2.76e-09	4.38e-05	1.53e-02	9.85e-01	0.00e+00	0.00e+00	0.00e+00	0.00e+00	0.00e+00
 8.63002e+13	2.08e-30	3.34e-22	5.68e-15	3.49e-09	5.11e-05	1.66e-02	9.83e-01	0.00e+00	0.00e+00	0.00e+00	0.00e+00	0.00e+00
 8.97822e+13	3.17e-30	4.80e-22	7.70e-15	4.41e-09	5.96e-05	1.81e-02	9.82e-01	0.00e+00	0.00e+00	0.00e+00	0.00e+00	0.00e+00
 9.34034e+13	4.88e-30	6.97e-22	1.05e-14	5.57e-09	6.96e-05	1.96e-02	9.80e-01	0.00e+00	0.00e+00	0.00e+00	0.00e+00	0.00e+00
 9.71694e+13	7.45e-30	1.01e-21	1.42e-14	7.03e-09	8.12e-05	2.13e-02	9.79e-01	0.00e+00	0.00e+00	0.00e+00	0.00e+00	0.00e+00
 1.01086e+14	1.15e-29	1.46e-21	1.93e-14	8.88e-09	9.47e-05	2.31e-02	9.77e-01	0.00e+00	0.00e+00	0.00e+00	0.00e+00	0.00e+00
 1.05160e+14	1.74e-29	2.10e-21	2.61e-14	1.12e-08	1.10e-04	2.51e-02	9.75e-01	0.00e+00	0.00e+00	0.00e+00	0.00e+00	0.00e+00
 1.09396e+14	2.65e-29	3.03e-21	3.54e-14	1.41e-08	1.29e-04	2.72e-02	9.73e-01	0.00e+00	0.00e+00	0.00e+00	0.00e+00	0.00e+00
 1.13802e+14	4.03e-29	4.37e-21	4.81e-14	1.79e-08	1.50e-04	2.96e-02	9.70e-01	0.00e+00	0.00e+00	0.00e+00	0.00e+00	0.00e+00
 1.18384e+14	6.16e-29	6.33e-21	6.52e-14	2.25e-08	1.75e-04	3.21e-02	9.68e-01	0.00e+00	0.00e+00	0.00e+00	0.00e+00	0.00e+00
 1.23149e+14	9.26e-29	9.08e-21	8.84e-14	2.84e-08	2.04e-04	3.49e-02	9.65e-01	0.00e+00	0.00e+00	0.00e+00	0.00e+00	0.00e+00
 1.28105e+14	1.40e-28	1.31e-20	1.20e-13	3.59e-08	2.37e-04	3.79e-02	9.62e-01	0.00e+00	0.00e+00	0.00e+00	0.00e+00	0.00e+00
 1.32990e+14	2.09e-28	1.86e-20	1.60e-13	4.47e-08	2.74e-04	4.09e-02	9.59e-01	0.00e+00	0.00e+00	0.00e+00	0.00e+00	0.00e+00
 1.38071e+14	3.06e-28	2.61e-20	2.14e-13	5.58e-08	3.16e-04	4.43e-02	9.55e-01	0.00e+00	0.00e+00	0.00e+00	0.00e+00	0.00e+00
 1.43624e+14	4.57e-28	3.75e-20	2.90e-13	7.04e-08	3.68e-04	4.82e-02	9.51e-01	0.00e+00	0.00e+00	0.00e+00	0.00e+00	0.00e+00
 1.49200e+14	6.87e-28	5.36e-20	3.90e-13	8.81e-08	4.26e-04	5.21e-02	9.47e-01	0.00e+00	0.00e+00	0.00e+00	0.00e+00	0.00e+00
 1.54999e+14	1.00e-27	7.56e-20	5.24e-13	1.10e-07	4.93e-04	5.65e-02	9.43e-01	0.00e+00	0.00e+00	0.00e+00	0.00e+00	0.00e+00
 1.61229e+14	1.51e-27	1.09e-19	7.12e-13	1.39e-07	5.73e-04	6.13e-02	9.38e-01	0.00e+00	0.00e+00	0.00e+00	0.00e+00	0.00e+00
 1.67708e+14	2.25e-27	1.57e-19	9.68e-13	1.75e-07	6.66e-04	6.66e-02	9.33e-01	0.00e+00	0.00e+00	0.00e+00	0.00e+00	0.00e+00
 1.74446e+14	3.36e-27	2.25e-19	1.32e-12	2.21e-07	7.74e-04	7.23e-02	9.27e-01	0.00e+00	0.00e+00	0.00e+00	0.00e+00	0.00e+00
 1.81454e+14	5.02e-27	3.24e-19	1.79e-12	2.79e-07	8.99e-04	7.85e-02	9.21e-01	0.00e+00	0.00e+00	0.00e+00	0.00e+00	0.00e+00
 1.87998e+14	7.18e-27	4.50e-19	2.36e-12	3.44e-07	1.03e-03	8.46e-02	9.14e-01	0.00e+00	0.00e+00	0.00e+00	0.00e+00	0.00e+00
 1.93764e+14	9.76e-27	5.97e-19	2.99e-12	4.11e-07	1.15e-03	9.00e-02	9.09e-01	0.00e+00	0.00e+00	0.00e+00	0.00e+00	0.00e+00
 2.00193e+14	1.36e-26	8.08e-19	3.87e-12	4.98e-07	1.30e-03	9.63e-02	9.02e-01	0.00e+00	0.00e+00	0.00e+00	0.00e+00	0.00e+00
 2.07918e+14	2.00e-26	1.15e-18	5.21e-12	6.22e-07	1.50e-03	1.04e-01	8.94e-01	0.00e+00	0.00e+00	0.00e+00	0.00e+00	0.00e+00
 2.15669e+14	2.90e-26	1.62e-18	6.96e-12	7.72e-07	1.72e-03	1.12e-01	8.86e-01	0.00e+00	0.00e+00	0.00e+00	0.00e+00	0.00e+00
 2.22759e+14	4.03e-26	2.19e-18	8.99e-12	9.34e-07	1.95e-03	1.20e-01	8.78e-01	0.00e+00	0.00e+00	0.00e+00	0.00e+00	0.00e+00
 2.30653e+14	5.76e-26	3.04e-18	1.18e-11	1.15e-06	2.22e-03	1.29e-01	8.69e-01	0.00e+00	0.00e+00	0.00e+00	0.00e+00	0.00e+00
 2.39833e+14	8.60e-26	4.39e-18	1.61e-11	1.44e-06	2.56e-03	1.39e-01	8.59e-01	0.00e+00	0.00e+00	0.00e+00	0.00e+00	0.00e+00
 2.48833e+14	1.26e-25	6.22e-18	2.16e-11	1.79e-06	2.94e-03	1.49e-01	8.48e-01	0.00e+00	0.00e+00	0.00e+00	0.00e+00	0.00e+00
 2.57333e+14	1.78e-25	8.52e-18	2.81e-11	2.17e-06	3.32e-03	1.59e-01	8.37e-01	0.00e+00	0.00e+00	0.00e+00	0.00e+00	0.00e+00
 2.66795e+14	2.60e-25	1.20e-17	3.74e-11	2.68e-06	3.79e-03	1.70e-01	8.26e-01	0.00e+00	0.00e+00	0.00e+00	0.00e+00	0.00e+00
 2.77497e+14	3.92e-25	1.73e-17	5.10e-11	3.36e-06	4.38e-03	1.83e-01	8.12e-01	0.00e+00	0.00e+00	0.00e+00	0.00e+00	0.00e+00
 2.88221e+14	5.82e-25	2.48e-17	6.88e-11	4.18e-06	5.02e-03	1.96e-01	7.99e-01	0.00e+00	0.00e+00	0.00e+00	0.00e+00	0.00e+00
 2.99374e+14	8.68e-25	3.53e-17	9.26e-11	5.19e-06	5.75e-03	2.10e-01	7.84e-01	0.00e+00	0.00e+00	0.00e+00	0.00e+00	0.00e+00
 3.11379e+14	1.31e-24	5.10e-17	1.26e-10	6.50e-06	6.62e-03	2.25e-01	7.69e-01	0.00e+00	0.00e+00	0.00e+00	0.00e+00	0.00e+00
 3.23864e+14	1.98e-24	7.34e-17	1.71e-10	8.11e-06	7.60e-03	2.40e-01	7.52e-01	0.00e+00	0.00e+00	0.00e+00	0.00e+00	0.00e+00
 3.36848e+14	3.00e-24	1.06e-16	2.31e-10	1.01e-05	8.72e-03	2.56e-01	7.35e-01	0.00e+00	0.00e+00	0.00e+00	0.00e+00	0.00e+00
 3.50352e+14	4.53e-24	1.52e-16	3.13e-10	1.26e-05	1.00e-02	2.73e-01	7.17e-01	0.00e+00	0.00e+00	0.00e+00	0.00e+00	0.00e+00
 3.64396e+14	7.06e-24	2.22e-16	4.23e-10	1.56e-05	1.14e-02	2.89e-01	6.99e-01	0.00e+00	0.00e+00	0.00e+00	0.00e+00	0.00e+00
 3.79002e+14	1.06e-23	3.17e-16	5.70e-10	1.94e-05	1.31e-02	3.07e-01	6.80e-01	0.00e+00	0.00e+00	0.00e+00	0.00e+00	0.00e+00
 3.94192e+14	1.60e-23	4.52e-16	7.67e-10	2.41e-05	1.49e-02	3.25e-01	6.60e-01	0.00e+00	0.00e+00	0.00e+00	0.00e+00	0.00e+00
 4.09989e+14	2.35e-23	6.30e-16	1.03e-09	2.97e-05	1.70e-02	3.43e-01	6.40e-01	0.00e+00	0.00e+00	0.00e+00	0.00e+00	0.00e+00
 4.26419e+14	3.63e-23	9.13e-16	1.38e-09	3.67e-05	1.93e-02	3.61e-01	6.20e-01	0.00e+00	0.00e+00	0.00e+00	0.00e+00	0.00e+00
 4.42735e+14	5.34e-23	1.27e-15	1.82e-09	4.47e-05	2.17e-02	3.79e-01	5.99e-01	0.00e+00	0.00e+00	0.00e+00	0.00e+00	0.00e+00
 4.59703e+14	7.86e-23	1.77e-15	2.40e-09	5.45e-05	2.45e-02	3.97e-01	5.79e-01	0.00e+00	0.00e+00	0.00e+00	0.00e+00	0.00e+00
 4.78121e+14	1.18e-22	2.50e-15	3.20e-09	6.69e-05	2.77e-02	4.15e-01	5.57e-01	0.00e+00	0.00e+00	0.00e+00	0.00e+00	0.00e+00
 4.96822e+14	1.70e-22	3.44e-15	4.23e-09	8.15e-05	3.11e-02	4.33e-01	5.35e-01	0.00e+00	0.00e+00	0.00e+00	0.00e+00	0.00e+00
 5.16272e+14	2.52e-22	4.80e-15	5.57e-09	9.91e-05	3.50e-02	4.51e-01	5.14e-01	0.00e+00	0.00e+00	0.00e+00	0.00e+00	0.00e+00
 5.36953e+14	3.83e-22	6.82e-15	7.37e-09	1.21e-04	3.93e-02	4.69e-01	4.91e-01	0.00e+00	0.00e+00	0.00e+00	0.00e+00	0.00e+00
 5.56920e+14	5.52e-22	9.29e-15	9.55e-09	1.45e-04	4.37e-02	4.86e-01	4.70e-01	0.00e+00	0.00e+00	0.00e+00	0.00e+00	0.00e+00
 5.75643e+14	7.51e-22	1.21e-14	1.21e-08	1.71e-04	4.80e-02	5.01e-01	4.51e-01	0.00e+00	0.00e+00	0.00e+00	0.00e+00	0.00e+00
 5.96654e+14	1.08e-21	1.65e-14	1.55e-08	2.03e-04	5.31e-02	5.16e-01	4.31e-01	0.00e+00	0.00e+00	0.00e+00	0.00e+00	0.00e+00
 6.20550e+14	1.63e-21	2.31e-14	2.03e-08	2.45e-04	5.91e-02	5.32e-01	4.09e-01	0.00e+00	0.00e+00	0.00e+00	0.00e+00	0.00e+00
 6.44539e+14	2.32e-21	3.13e-14	2.63e-08	2.94e-04	6.55e-02	5.47e-01	3.87e-01	0.00e+00	0.00e+00	0.00e+00	0.00e+00	0.00e+00
 6.69487e+14	3.40e-21	4.30e-14	3.41e-08	3.52e-04	7.24e-02	5.61e-01	3.67e-01	0.00e+00	0.00e+00	0.00e+00	0.00e+00	0.00e+00
 6.96296e+14	5.07e-21	6.00e-14	4.43e-08	4.22e-04	8.01e-02	5.74e-01	3.45e-01	0.00e+00	0.00e+00	0.00e+00	0.00e+00	0.00e+00
 7.21647e+14	7.19e-21	8.03e-14	5.63e-08	4.98e-04	8.77e-02	5.85e-01	3.26e-01	0.00e+00	0.00e+00	0.00e+00	0.00e+00	0.00e+00
 7.44473e+14	9.74e-21	1.03e-13	6.93e-08	5.74e-04	9.48e-02	5.94e-01	3.10e-01	0.00e+00	0.00e+00	0.00e+00	0.00e+00	0.00e+00
 7.70102e+14	1.34e-20	1.35e-13	8.66e-08	6.67e-04	1.03e-01	6.03e-01	2.93e-01	0.00e+00	0.00e+00	0.00e+00	0.00e+00	0.00e+00
 8.00294e+14	1.96e-20	1.85e-13	1.11e-07	7.91e-04	1.13e-01	6.12e-01	2.74e-01	0.00e+00	0.00e+00	0.00e+00	0.00e+00	0.00e+00
 8.30269e+14	2.81e-20	2.49e-13	1.41e-07	9.29e-04	1.23e-01	6.20e-01	2.57e-01	0.00e+00	0.00e+00	0.00e+00	0.00e+00	0.00e+00
 8.58406e+14	3.88e-20	3.25e-13	1.75e-07	1.07e-03	1.32e-01	6.25e-01	2.41e-01	0.00e+00	0.00e+00	0.00e+00	0.00e+00	0.00e+00
 8.89736e+14	5.48e-20	4.32e-13	2.19e-07	1.25e-03	1.43e-01	6.30e-01	2.26e-01	0.00e+00	0.00e+00	0.00e+00	0.00e+00	0.00e+00
 9.25355e+14	7.99e-20	5.89e-13	2.81e-07	1.48e-03	1.56e-01	6.34e-01	2.09e-01	0.00e+00	0.00e+00	0.00e+00	0.00e+00	0.00e+00
 9.60618e+14	1.14e-19	7.90e-13	3.54e-07	1.72e-03	1.68e-01	6.36e-01	1.94e-01	0.00e+00	0.00e+00	0.00e+00	0.00e+00	0.00e+00
 9.97291e+14	1.63e-19	1.06e-12	4.47e-07	2.01e-03	1.82e-01	6.37e-01	1.79e-01	0.00e+00	0.00e+00	0.00e+00	0.00e+00	0.00e+00
 1.03721e+15	2.35e-19	1.43e-12	5.67e-07	2.35e-03	1.97e-01	6.36e-01	1.65e-01	0.00e+00	0.00e+00	0.00e+00	0.00e+00	0.00e+00
 1.07773e+15	3.41e-19	1.93e-12	7.14e-07	2.74e-03	2.12e-01	6.34e-01	1.51e-01	0.00e+00	0.00e+00	0.00e+00	0.00e+00	0.00e+00
 1.11986e+15	4.86e-19	2.57e-12	8.97e-07	3.18e-03	2.27e-01	6.31e-01	1.39e-01	0.00e+00	0.00e+00	0.00e+00	0.00e+00	0.00e+00
 1.16468e+15	7.04e-19	3.48e-12	1.13e-06	3.70e-03	2.44e-01	6.26e-01	1.27e-01	0.00e+00	0.00e+00	0.00e+00	0.00e+00	0.00e+00
 1.21130e+15	1.02e-18	4.68e-12	1.43e-06	4.29e-03	2.61e-01	6.19e-01	1.16e-01	0.00e+00	0.00e+00	0.00e+00	0.00e+00	0.00e+00
 1.25978e+15	1.48e-18	6.31e-12	1.79e-06	4.97e-03	2.79e-01	6.11e-01	1.05e-01	0.00e+00	0.00e+00	0.00e+00	0.00e+00	0.00e+00
 1.31020e+15	2.10e-18	8.38e-12	2.23e-06	5.73e-03	2.97e-01	6.02e-01	9.53e-02	0.00e+00	0.00e+00	0.00e+00	0.00e+00	0.00e+00
 1.36264e+15	3.04e-18	1.13e-11	2.79e-06	6.61e-03	3.16e-01	5.91e-01	8.61e-02	0.00e+00	0.00e+00	0.00e+00	0.00e+00	0.00e+00
 1.41718e+15	4.38e-18	1.51e-11	3.48e-06	7.59e-03	3.36e-01	5.79e-01	7.76e-02	0.00e+00	0.00e+00	0.00e+00	0.00e+00	0.00e+00
 1.47389e+15	6.30e-18	2.01e-11	4.31e-06	8.70e-03	3.55e-01	5.66e-01	6.99e-02	0.00e+00	0.00e+00	0.00e+00	0.00e+00	0.00e+00
 1.53288e+15	8.86e-18	2.65e-11	5.34e-06	9.95e-03	3.75e-01	5.52e-01	6.28e-02	0.00e+00	0.00e+00	0.00e+00	0.00e+00	0.00e+00
 1.59423e+15	1.28e-17	3.54e-11	6.62e-06	1.14e-02	3.95e-01	5.37e-01	5.62e-02	0.00e+00	0.00e+00	0.00e+00	0.00e+00	0.00e+00
 1.65802e+15	1.84e-17	4.71e-11	8.16e-06	1.29e-02	4.16e-01	5.21e-01	5.02e-02	0.00e+00	0.00e+00	0.00e+00	0.00e+00	0.00e+00
 1.72099e+15	2.58e-17	6.15e-11	9.94e-06	1.46e-02	4.35e-01	5.06e-01	4.49e-02	0.00e+00	0.00e+00	1.46e-17	7.97e-18	3.17e-18
 1.78647e+15	3.62e-17	8.01e-11	1.21e-05	1.64e-02	4.54e-01	4.89e-01	4.02e-02	0.00e+00	0.00e+00	2.03e-17	1.15e-17	4.18e-18
 1.85795e+15	5.12e-17	1.05e-10	1.48e-05	1.86e-02	4.74e-01	4.71e-01	3.56e-02	0.00e+00	0.00e+00	2.88e-17	1.63e-17	5.91e-18
 1.92593e+15	7.09e-17	1.36e-10	1.78e-05	2.08e-02	4.93e-01	4.55e-01	3.18e-02	0.00e+00	0.00e+00	3.99e-17	2.25e-17	8.17e-18
 1.98809e+15	9.40e-17	1.69e-10	2.09e-05	2.29e-02	5.08e-01	4.40e-01	2.88e-02	0.00e+00	0.00e+00	5.30e-17	2.97e-17	1.08e-17
 2.05855e+15	1.25e-16	2.12e-10	2.48e-05	2.54e-02	5.26e-01	4.23e-01	2.57e-02	0.00e+00	0.00e+00	7.07e-17	3.95e-17	1.44e-17
 2.14036e+15	1.80e-16	2.81e-10	3.02e-05	2.85e-02	5.44e-01	4.04e-01	2.26e-02	0.00e+00	0.00e+00	1.02e-16	5.67e-17	2.07e-17
 2.22127e+15	2.50e-16	3.63e-10	3.62e-05	3.17e-02	5.62e-01	3.86e-01	1.99e-02	0.00e+00	0.00e+00	1.42e-16	7.86e-17	2.87e-17
 2.30541e+15	3.47e-16	4.66e-10	4.34e-05	3.52e-02	5.79e-01	3.68e-01	1.76e-02	0.00e+00	0.00e+00	1.97e-16	1.09e-16	3.96e-17
 2.39083e+15	4.77e-16	5.96e-10	5.17e-05	3.89e-02	5.95e-01	3.51e-01	1.55e-02	0.00e+00	0.00e+00	2.71e-16	1.49e-16	5.44e-17
 2.46789e+15	6.14e-16	7.26e-10	6.01e-05	4.24e-02	6.08e-01	3.36e-01	1.38e-02	0.00e+00	0.00e+00	3.49e-16	1.91e-16	6.98e-17
 2.55270e+15	8.38e-16	9.22e-10	7.07e-05	4.65e-02	6.21e-01	3.20e-01	1.22e-02	0.00e+00	0.00e+00	4.77e-16	2.61e-16	9.50e-17
 2.64847e+15	1.16e-15	1.18e-09	8.40e-05	5.12e-02	6.35e-01	3.03e-01	1.07e-02	0.00e+00	0.00e+00	6.60e-16	3.59e-16	1.31e-16
 2.74049e+15	1.55e-15	1.48e-09	9.83e-05	5.60e-02	6.47e-01	2.87e-01	9.41e-03	0.00e+00	0.00e+00	8.86e-16	4.81e-16	1.75e-16
 2.84036e+15	2.11e-15	1.87e-09	1.16e-04	6.13e-02	6.59e-01	2.71e-01	8.21e-03	0.00e+00	0.00e+00	1.21e-15	6.53e-16	2.37e-16
 2.95036e+15	2.84e-15	2.35e-09	1.38e-04	6.74e-02	6.71e-01	2.54e-01	7.10e-03	0.00e+00	0.00e+00	1.62e-15	8.76e-16	3.18e-16
 3.05490e+15	3.92e-15	3.00e-09	1.61e-04	7.36e-02	6.81e-01	2.40e-01	6.18e-03	0.00e+00	0.00e+00	2.24e-15	1.21e-15	4.38e-16
 3.16726e+15	5.35e-15	3.79e-09	1.90e-04	8.03e-02	6.90e-01	2.25e-01	5.35e-03	0.00e+00	0.00e+00	3.07e-15	1.65e-15	5.96e-16
 3.29119e+15	7.41e-15	4.85e-09	2.25e-04	8.80e-02	6.98e-01	2.09e-01	4.58e-03	0.00e+00	0.00e+00	4.25e-15	2.28e-15	8.22e-16
 3.41125e+15	1.00e-14	6.09e-09	2.63e-04	9.56e-02	7.05e-01	1.96e-01	3.95e-03	0.00e+00	0.00e+00	5.75e-15	3.08e-15	1.11e-15
 3.52597e+15	1.29e-14	7.39e-09	3.03e-04	1.03e-01	7.10e-01	1.83e-01	3.44e-03	0.00e+00	0.00e+00	7.40e-15	3.96e-15	1.42e-15
 3.65411e+15	1.78e-14	9.41e-09	3.55e-04	1.12e-01	7.14e-01	1.71e-01	2.95e-03	0.00e+00	0.00e+00	1.02e-14	5.47e-15	1.96e-15
 3.79474e+15	2.46e-14	1.20e-08	4.17e-04	1.22e-01	7.18e-01	1.58e-01	2.51e-03	0.00e+00	0.00e+00	1.41e-14	7.54e-15	2.69e-15
 3.92675e+15	3.18e-14	1.45e-08	4.81e-04	1.31e-01	7.20e-01	1.47e-01	2.16e-03	0.00e+00	0.00e+00	1.83e-14	9.74e-15	3.46e-15
 4.06960e+15	4.29e-14	1.82e-08	5.60e-04	1.41e-01	7.21e-01	1.36e-01	1.84e-03	0.00e+00	0.00e+00	2.47e-14	1.32e-14	4.66e-15
 4.22634e+15	6.02e-14	2.34e-08	6.58e-04	1.53e-01	7.20e-01	1.25e-01	1.55e-03	0.00e+00	0.00e+00	3.47e-14	1.85e-14	6.52e-15
 4.37760e+15	8.12e-14	2.92e-08	7.62e-04	1.65e-01	7.18e-01	1.15e-01	1.32e-03	0.00e+00	0.00e+00	4.68e-14	2.49e-14	8.76e-15
 4.52455e+15	1.06e-13	3.57e-08	8.73e-04	1.76e-01	7.16e-01	1.06e-01	1.13e-03	0.00e+00	0.00e+00	6.13e-14	3.26e-14	1.14e-14
 4.68916e+15	1.43e-13	4.44e-08	1.01e-03	1.89e-01	7.12e-01	9.73e-02	9.48e-04	0.00e+00	0.00e+00	8.26e-14	4.39e-14	1.54e-14
 4.86893e+15	1.97e-13	5.60e-08	1.18e-03	2.04e-01	7.06e-01	8.85e-02	7.91e-04	0.00e+00	0.00e+00	1.13e-13	6.02e-14	2.10e-14
 5.03636e+15	2.60e-13	6.88e-08	1.35e-03	2.17e-01	7.00e-01	8.11e-02	6.68e-04	0.00e+00	0.00e+00	1.50e-13	7.95e-14	2.76e-14
 5.21830e+15	3.51e-13	8.58e-08	1.56e-03	2.32e-01	6.92e-01	7.37e-02	5.58e-04	0.00e+00	0.00e+00	2.02e-13	1.07e-13	3.72e-14
 5.41821e+15	4.78e-13	1.08e-07	1.81e-03	2.49e-01	6.82e-01	6.65e-02	4.60e-04	0.00e+00	0.00e+00	2.76e-13	1.46e-13	5.06e-14
 5.60341e+15	6.12e-13	1.29e-07	2.07e-03	2.64e-01	6.73e-01	6.05e-02	3.86e-04	0.00e+00	0.00e+00	3.54e-13	1.87e-13	6.46e-14
 5.80488e+15	8.49e-13	1.64e-07	2.39e-03	2.82e-01	6.61e-01	5.46e-02	3.18e-04	0.00e+00	0.00e+00	4.91e-13	2.60e-13	8.93e-14
 6.02523e+15	1.16e-12	2.06e-07	2.77e-03	3.01e-01	6.47e-01	4.88e-02	2.60e-04	0.00e+00	0.00e+00	6.74e-13	3.56e-13	1.22e-13
 6.22679e+15	1.53e-12	2.51e-07	3.16e-03	3.18e-01	6.34e-01	4.41e-02	2.17e-04	0.00e+00	0.00e+00	8.86e-13	4.69e-13	1.60e-13
 6.44541e+15	2.05e-12	3.10e-07	3.62e-03	3.37e-01	6.20e-01	3.95e-02	1.78e-04	0.00e+00	0.00e+00	1.18e-12	6.27e-13	2.14e-13
 6.68167e+15	2.77e-12	3.86e-07	4.17e-03	3.57e-01	6.03e-01	3.51e-02	1.44e-04	0.00e+00	0.00e+00	1.60e-12	8.48e-13	2.88e-13
 6.89466e+15	3.63e-12	4.68e-07	4.72e-03	3.76e-01	5.88e-01	3.16e-02	1.20e-04	0.00e+00	0.00e+00	2.10e-12	1.11e-12	3.77e-13
 7.12535e+15	4.81e-12	5.73e-07	5.37e-03	3.95e-01	5.71e-01	2.82e-02	9.79e-05	0.00e+00	0.00e+00	2.78e-12	1.47e-12	4.98e-13
 7.38404e+15	6.28e-12	6.97e-07	6.18e-03	4.17e-01	5.52e-01	2.48e-02	7.85e-05	0.00e+00	0.00e+00	3.64e-12	1.92e-12	6.50e-13
 7.62872e+15	8.66e-12	8.74e-07	7.05e-03	4.38e-01	5.33e-01	2.19e-02	6.35e-05	0.00e+00	0.00e+00	5.02e-12	2.65e-12	8.94e-13
 7.85364e+15	1.12e-11	1.05e-06	7.92e-03	4.57e-01	5.15e-01	1.96e-02	5.26e-05	0.00e+00	0.00e+00	6.51e-12	3.44e-12	1.16e-12
 8.10325e+15	1.49e-11	1.28e-06	8.98e-03	4.78e-01	4.96e-01	1.73e-02	4.25e-05	0.00e+00	0.00e+00	8.62e-12	4.55e-12	1.53e-12
 8.37745e+15	1.99e-11	1.58e-06	1.03e-02	5.00e-01	4.74e-01	1.51e-02	3.39e-05	0.00e+00	0.00e+00	1.16e-11	6.10e-12	2.05e-12
 8.62787e+15	2.61e-11	1.92e-06	1.16e-02	5.20e-01	4.55e-01	1.33e-02	2.75e-05	0.00e+00	0.00e+00	1.52e-11	8.00e-12	2.68e-12
 8.85785e+15	3.35e-11	2.29e-06	1.29e-02	5.39e-01	4.37e-01	1.18e-02	2.27e-05	0.00e+00	0.00e+00	1.94e-11	1.02e-11	3.43e-12
 9.11698e+15	4.38e-11	2.77e-06	1.46e-02	5.59e-01	4.16e-01	1.04e-02	1.83e-05	0.00e+00	0.00e+00	2.54e-11	1.34e-11	4.48e-12
 9.40951e+15	5.94e-11	3.44e-06	1.68e-02	5.81e-01	3.93e-01	8.90e-03	1.43e-05	0.00e+00	0.00e+00	3.45e-11	1.82e-11	6.07e-12
 9.68545e+15	7.86e-11	4.20e-06	1.90e-02	6.01e-01	3.73e-01	7.72e-03	1.14e-05	0.00e+00	0.00e+00	4.56e-11	2.41e-11	8.03e-12
 9.93945e+15	1.03e-10	5.08e-06	2.14e-02	6.19e-01	3.53e-01	6.74e-03	9.22e-06	0.00e+00	0.00e+00	5.95e-11	3.14e-11	1.05e-11
 1.02249e+16	1.38e-10	6.26e-06	2.44e-02	6.38e-01	3.32e-01	5.78e-03	7.24e-06	0.00e+00	0.00e+00	7.98e-11	4.21e-11	1.40e-11
 1.05421e+16	1.92e-10	7.94e-06	2.82e-02	6.59e-01	3.08e-01	4.86e-03	5.53e-06	0.00e+00	0.00e+00	1.11e-10	5.88e-11	1.96e-11
 1.08301e+16	2.59e-10	9.85e-06	3.22e-02	6.77e-01	2.87e-01	4.14e-03	4.33e-06	0.00e+00	0.00e+00	1.51e-10	7.94e-11	2.64e-11
 1.10872e+16	3.20e-10	1.15e-05	3.63e-02	6.91e-01	2.69e-01	3.58e-03	3.47e-06	0.00e+00	0.00e+00	1.86e-10	9.79e-11	3.26e-11
 1.13747e+16	4.68e-10	1.51e-05	4.20e-02	7.07e-01	2.48e-01	3.01e-03	2.67e-06	0.00e+00	0.00e+00	2.72e-10	1.43e-10	4.77e-11
 1.16678e+16	6.42e-10	1.89e-05	4.84e-02	7.21e-01	2.28e-01	2.53e-03	2.06e-06	0.00e+00	0.00e+00	3.73e-10	1.97e-10	6.54e-11
 1.19156e+16	7.92e-10	2.23e-05	5.50e-02	7.32e-01	2.11e-01	2.17e-03	1.65e-06	0.00e+00	0.00e+00	4.60e-10	2.43e-10	8.06e-11
 1.21847e+16	1.17e-09	2.94e-05	6.38e-02	7.42e-01	1.92e-01	1.81e-03	1.26e-06	0.00e+00	0.00e+00	6.79e-10	3.58e-10	1.19e-10
 1.24573e+16	1.63e-09	3.76e-05	7.43e-02	7.49e-01	1.75e-01	1.51e-03	9.71e-07	0.00e+00	0.00e+00	9.49e-10	5.00e-10	1.66e-10
 1.26798e+16	2.00e-09	4.42e-05	8.48e-02	7.54e-01	1.60e-01	1.29e-03	0.00e+00	0.00e+00	0.00e+00	1.16e-09	6.14e-10	2.04e-10
 1.28836e+16	2.66e-09	5.46e-05	9.65e-02	7.56e-01	1.47e-01	1.10e-03	0.00e+00	0.00e+00	0.00e+00	1.55e-09	8.16e-10	2.71e-10
 1.30647e+16	3.65e-09	6.87e-05	1.09e-01	7.55e-01	1.35e-01	9.49e-04	0.00e+00	0.00e+00	0.00e+00	2.12e-09	1.12e-09	3.71e-10
 1.32230e+16	4.62e-09	8.22e-05	1.22e-01	7.53e-01	1.24e-01	8.28e-04	0.00e+00	0.00e+00	0.00e+00	2.69e-09	1.42e-09	4.71e-10
 1.34041e+16	6.19e-09	1.03e-04	1.40e-01	7.47e-01	1.12e-01	6.98e-04	0.00e+00	0.00e+00	0.00e+00	3.60e-09	1.90e-09	6.31e-10
 1.36031e+16	8.54e-09	1.32e-04	1.65e-01	7.36e-01	9.83e-02	5.70e-04	0.00e+00	0.00e+00	0.00e+00	4.97e-09	2.62e-09	8.72e-10
 1.37769e+16	1.16e-08	1.67e-04	1.92e-01	7.21e-01	8.64e-02	4.68e-04	0.00e+00	0.00e+00	0.00e+00	6.75e-09	3.56e-09	1.19e-09
 1.39188e+16	1.53e-08	2.08e-04	2.20e-01	7.03e-01	7.65e-02	3.90e-04	0.00e+00	0.00e+00	0.00e+00	8.89e-09	4.69e-09	1.56e-09
 1.40447e+16	1.97e-08	2.54e-04	2.51e-01	6.81e-01	6.74e-02	3.25e-04	0.00e+00	0.00e+00	0.00e+00	1.15e-08	6.05e-09	2.02e-09
 1.41658e+16	2.55e-08	3.12e-04	2.87e-01	6.54e-01	5.83e-02	2.66e-04	0.00e+00	0.00e+00	0.00e+00	1.48e-08	7.82e-09	2.61e-09
 1.42819e+16	3.33e-08	3.86e-04	3.29e-01	6.21e-01	4.96e-02	2.13e-04	0.00e+00	0.00e+00	0.00e+00	1.94e-08	1.02e-08	3.41e-09
 1.43880e+16	4.05e-08	4.55e-04	3.75e-01	5.82e-01	4.16e-02	1.69e-04	0.00e+00	0.00e+00	0.00e+00	2.35e-08	1.24e-08	4.15e-09
 1.44829e+16	5.45e-08	5.75e-04	4.25e-01	5.39e-01	3.43e-02	1.32e-04	0.00e+00	0.00e+00	0.00e+00	3.17e-08	1.67e-08	5.60e-09
 1.45691e+16	6.84e-08	6.90e-04	4.78e-01	4.93e-01	2.79e-02	1.01e-04	0.00e+00	0.00e+00	0.00e+00	3.98e-08	2.10e-08	7.03e-09
 1.46388e+16	8.18e-08	7.98e-04	5.26e-01	4.50e-01	2.29e-02	7.89e-05	0.00e+00	0.00e+00	0.00e+00	4.76e-08	2.52e-08	8.43e-09
 1.46912e+16	9.41e-08	8.94e-04	5.66e-01	4.14e-01	1.92e-02	6.37e-05	0.00e+00	0.00e+00	0.00e+00	5.47e-08	2.89e-08	9.71e-09
 1.47465e+16	1.09e-07	1.01e-03	6.10e-01	3.73e-01	1.56e-02	4.92e-05	0.00e+00	0.00e+00	0.00e+00	6.35e-08	3.36e-08	1.13e-08
 1.48089e+16	1.28e-07	1.15e-03	6.62e-01	3.25e-01	1.19e-02	3.55e-05	0.00e+00	0.00e+00	0.00e+00	7.47e-08	3.96e-08	1.33e-08
 1.48677e+16	1.49e-07	1.28e-03	7.11e-01	2.79e-01	8.93e-03	2.51e-05	0.00e+00	0.00e+00	0.00e+00	8.65e-08	4.58e-08	1.54e-08
 1.49220e+16	1.69e-07	1.42e-03	7.55e-01	2.37e-01	6.60e-03	1.74e-05	0.00e+00	0.00e+00	0.00e+00	9.84e-08	5.21e-08	1.76e-08
 1.49833e+16	1.94e-07	1.57e-03	8.01e-01	1.93e-01	4.49e-03	1.10e-05	0.00e+00	0.00e+00	0.00e+00	1.13e-07	5.98e-08	2.02e-08
 1.50629e+16	2.27e-07	1.76e-03	8.53e-01	1.43e-01	2.60e-03	5.69e-06	0.00e+00	0.00e+00	0.00e+00	1.32e-07	6.99e-08	2.37e-08
 1.51476e+16	2.60e-07	1.93e-03	8.95e-01	1.02e-01	1.40e-03	2.70e-06	0.00e+00	0.00e+00	0.00e+00	1.51e-07	8.01e-08	2.72e-08
 1.52280e+16	2.89e-07	2.07e-03	9.23e-01	7.37e-02	7.59e-04	1.29e-06	0.00e+00	0.00e+00	0.00e+00	1.68e-07	8.93e-08	3.03e-08
 1.53190e+16	3.19e-07	2.19e-03	9.45e-01	5.19e-02	3.84e-04	5.57e-07	0.00e+00	0.00e+00	0.00e+00	1.86e-07	9.85e-08	3.35e-08
 1.54345e+16	3.52e-07	2.32e-03	9.62e-01	3.51e-02	1.71e-04	0.00e+00	0.00e+00	0.00e+00	0.00e+00	2.05e-07	1.09e-07	3.70e-08
 1.55847e+16	3.90e-07	2.43e-03	9.74e-01	2.32e-02	6.74e-05	0.00e+00	0.00e+00	0.00e+00	0.00e+00	2.27e-07	1.20e-07	4.10e-08
 1.57800e+16	4.34e-07	2.55e-03	9.81e-01	1.59e-02	2.46e-05	0.00e+00	0.00e+00	0.00e+00	0.00e+00	2.53e-07	1.34e-07	4.58e-08
 1.60338e+16	4.92e-07	2.68e-03	9.86e-01	1.18e-02	8.63e-06	0.00e+00	0.00e+00	0.00e+00	0.00e+00	2.86e-07	1.52e-07	5.19e-08
 1.63638e+16	5.74e-07	2.83e-03	9.88e-01	9.55e-03	2.97e-06	0.00e+00	0.00e+00	0.00e+00	0.00e+00	3.34e-07	1.77e-07	6.04e-08
 1.67928e+16	6.98e-07	3.04e-03	9.89e-01	8.24e-03	9.85e-07	0.00e+00	0.00e+00	0.00e+00	0.00e+00	4.06e-07	2.16e-07	7.35e-08
 1.73505e+16	9.03e-07	3.33e-03	9.89e-01	7.31e-03	0.00e+00	0.00e+00	0.00e+00	0.00e+00	0.00e+00	5.25e-07	2.79e-07	9.50e-08
 1.79098e+16	1.18e-06	3.65e-03	9.90e-01	6.66e-03	0.00e+00	0.00e+00	0.00e+00	0.00e+00	0.00e+00	6.84e-07	3.64e-07	1.24e-07
 1.83461e+16	1.45e-06	3.93e-03	9.90e-01	6.23e-03	0.00e+00	0.00e+00	0.00e+00	0.00e+00	0.00e+00	8.45e-07	4.50e-07	1.53e-07
 1.87883e+16	1.83e-06	4.25e-03	9.90e-01	5.79e-03	0.00e+00	0.00e+00	0.00e+00	0.00e+00	0.00e+00	1.06e-06	5.65e-07	1.92e-07
 1.92852e+16	2.38e-06	4.66e-03	9.90e-01	5.37e-03	0.00e+00	0.00e+00	0.00e+00	0.00e+00	0.00e+00	1.38e-06	7.36e-07	2.50e-07
 1.97505e+16	3.08e-06	5.10e-03	9.90e-01	4.98e-03	0.00e+00	0.00e+00	0.00e+00	0.00e+00	0.00e+00	1.79e-06	9.53e-07	3.23e-07
 2.01746e+16	3.96e-06	5.57e-03	9.90e-01	4.64e-03	0.00e+00	0.00e+00	0.00e+00	0.00e+00	0.00e+00	2.30e-06	1.22e-06	4.15e-07
 2.05860e+16	5.12e-06	6.11e-03	9.90e-01	4.31e-03	0.00e+00	0.00e+00	0.00e+00	0.00e+00	0.00e+00	2.98e-06	1.58e-06	5.36e-07
 2.09945e+16	6.72e-06	6.75e-03	9.89e-01	3.97e-03	0.00e+00	0.00e+00	0.00e+00	0.00e+00	0.00e+00	3.91e-06	2.08e-06	7.03e-07
 2.13874e+16	8.85e-06	7.48e-03	9.89e-01	3.66e-03	0.00e+00	0.00e+00	0.00e+00	0.00e+00	0.00e+00	5.14e-06	2.73e-06	9.24e-07
 2.17526e+16	1.17e-05	8.31e-03	9.88e-01	3.36e-03	0.00e+00	0.00e+00	0.00e+00	0.00e+00	0.00e+00	6.77e-06	3.60e-06	1.22e-06
 2.20910e+16	1.52e-05	9.24e-03	9.88e-01	3.10e-03	0.00e+00	0.00e+00	0.00e+00	0.00e+00	0.00e+00	8.86e-06	4.71e-06	1.59e-06
 2.24103e+16	2.00e-05	1.03e-02	9.87e-01	2.83e-03	0.00e+00	0.00e+00	0.00e+00	0.00e+00	0.00e+00	1.16e-05	6.18e-06	2.09e-06
 2.27150e+16	2.64e-05	1.16e-02	9.86e-01	2.58e-03	0.00e+00	0.00e+00	0.00e+00	0.00e+00	0.00e+00	1.54e-05	8.16e-06	2.75e-06
 2.30026e+16	3.49e-05	1.31e-02	9.85e-01	2.34e-03	0.00e+00	0.00e+00	0.00e+00	0.00e+00	0.00e+00	2.03e-05	1.08e-05	3.64e-06
 2.32712e+16	4.62e-05	1.48e-02	9.83e-01	2.12e-03	0.00e+00	0.00e+00	0.00e+00	0.00e+00	0.00e+00	2.68e-05	1.42e-05	4.80e-06
 2.34638e+16	5.71e-05	1.63e-02	9.82e-01	1.96e-03	0.00e+00	0.00e+00	0.00e+00	0.00e+00	0.00e+00	3.32e-05	1.76e-05	5.94e-06
 2.35692e+16	6.43e-05	1.72e-02	9.81e-01	1.87e-03	0.00e+00	0.00e+00	0.00e+00	0.00e+00	0.00e+00	3.74e-05	1.99e-05	6.69e-06
 2.36664e+16	7.23e-05	1.82e-02	9.80e-01	1.79e-03	0.00e+00	0.00e+00	0.00e+00	0.00e+00	0.00e+00	4.20e-05	2.23e-05	7.51e-06
 2.37928e+16	8.45e-05	1.95e-02	9.79e-01	1.68e-03	0.00e+00	0.00e+00	0.00e+00	0.00e+00	0.00e+00	4.91e-05	2.61e-05	8.78e-06
 2.39323e+16	1.01e-04	2.12e-02	9.77e-01	1.56e-03	0.00e+00	0.00e+00	0.00e+00	0.00e+00	0.00e+00	5.85e-05	3.10e-05	1.05e-05
 2.40583e+16	1.19e-04	2.30e-02	9.75e-01	1.46e-03	0.00e+00	0.00e+00	0.00e+00	0.00e+00	0.00e+00	6.91e-05	3.66e-05	1.23e-05
 2.41681e+16	1.38e-04	2.47e-02	9.74e-01	1.37e-03	0.00e+00	0.00e+00	0.00e+00	0.00e+00	0.00e+00	8.03e-05	4.26e-05	1.43e-05
 2.42638e+16	1.58e-04	2.64e-02	9.72e-01	1.29e-03	0.00e+00	0.00e+00	0.00e+00	0.00e+00	0.00e+00	9.18e-05	4.87e-05	1.64e-05
 2.43488e+16	1.79e-04	2.81e-02	9.70e-01	1.23e-03	0.00e+00	0.00e+00	0.00e+00	0.00e+00	0.00e+00	1.04e-04	5.50e-05	1.85e-05
 2.44439e+16	2.07e-04	3.02e-02	9.68e-01	1.15e-03	0.00e+00	0.00e+00	0.00e+00	0.00e+00	0.00e+00	1.20e-04	6.37e-05	2.14e-05
 2.45440e+16	2.41e-04	3.27e-02	9.66e-01	1.07e-03	0.00e+00	0.00e+00	0.00e+00	0.00e+00	0.00e+00	1.40e-04	7.44e-05	2.50e-05
 2.46279e+16	2.76e-04	3.50e-02	9.64e-01	1.01e-03	0.00e+00	0.00e+00	0.00e+00	0.00e+00	0.00e+00	1.60e-04	8.49e-05	2.86e-05
 2.47019e+16	3.12e-04	3.73e-02	9.61e-01	9.56e-04	0.00e+00	0.00e+00	0.00e+00	0.00e+00	0.00e+00	1.81e-04	9.60e-05	3.23e-05
 2.47855e+16	3.60e-04	4.02e-02	9.59e-01	8.91e-04	0.00e+00	0.00e+00	0.00e+00	0.00e+00	0.00e+00	2.10e-04	1.11e-04	3.73e-05
 2.48742e+16	4.21e-04	4.36e-02	9.55e-01	8.27e-04	0.00e+00	0.00e+00	0.00e+00	0.00e+00	0.00e+00	2.45e-04	1.30e-04	4.36e-05
 2.49492e+16	4.83e-04	4.69e-02	9.52e-01	7.74e-04	0.00e+00	0.00e+00	0.00e+00	0.00e+00	0.00e+00	2.81e-04	1.49e-04	5.00e-05
 2.50145e+16	5.46e-04	5.00e-02	9.49e-01	7.29e-04	0.00e+00	0.00e+00	0.00e+00	0.00e+00	0.00e+00	3.18e-04	1.68e-04	5.66e-05
 2.50874e+16	6.32e-04	5.40e-02	9.45e-01	6.78e-04	0.00e+00	0.00e+00	0.00e+00	0.00e+00	0.00e+00	3.67e-04	1.95e-04	6.54e-05
 2.51650e+16	7.39e-04	5.88e-02	9.40e-01	6.24e-04	0.00e+00	0.00e+00	0.00e+00	0.00e+00	0.00e+00	4.30e-04	2.28e-04	7.65e-05
 2.52315e+16	8.47e-04	6.33e-02	9.35e-01	5.82e-04	0.00e+00	0.00e+00	0.00e+00	0.00e+00	0.00e+00	4.93e-04	2.61e-04	8.78e-05
 2.52904e+16	9.62e-04	6.78e-02	9.31e-01	5.44e-04	0.00e+00	0.00e+00	0.00e+00	0.00e+00	0.00e+00	5.60e-04	2.96e-04	9.97e-05
