#depth	He	He+	He+2
 1.49634e+10	3.30e-23	9.60e-12	1.00e+00
 4.54887e+10	3.65e-23	1.04e-11	1.00e+00
 7.72350e+10	4.03e-23	1.12e-11	1.00e+00
 1.10251e+11	4.45e-23	1.22e-11	1.00e+00
 1.44588e+11	4.92e-23	1.32e-11	1.00e+00
 1.80298e+11	5.44e-23	1.42e-11	1.00e+00
 2.17437e+11	6.01e-23	1.54e-11	1.00e+00
 2.56061e+11	6.65e-23	1.67e-11	1.00e+00
 2.96231e+11	7.36e-23	1.81e-11	1.00e+00
 3.38007e+11	8.15e-23	1.96e-11	1.00e+00
 3.81454e+11	9.04e-23	2.12e-11	1.00e+00
 4.26639e+11	1.00e-22	2.30e-11	1.00e+00
 4.73631e+11	1.11e-22	2.49e-11	1.00e+00
 5.22503e+11	1.24e-22	2.70e-11	1.00e+00
 5.73330e+11	1.38e-22	2.92e-11	1.00e+00
 6.22401e+11	1.52e-22	3.15e-11	1.00e+00
 6.68301e+11	1.66e-22	3.37e-11	1.00e+00
 7.19826e+11	1.84e-22	3.63e-11	1.00e+00
 7.78546e+11	2.05e-22	3.94e-11	1.00e+00
 8.36809e+11	2.28e-22	4.25e-11	1.00e+00
 8.97403e+11	2.54e-22	4.60e-11	1.00e+00
 9.63226e+11	2.84e-22	4.99e-11	1.00e+00
 1.03168e+12	3.18e-22	5.42e-11	1.00e+00
 1.10288e+12	3.56e-22	5.89e-11	1.00e+00
 1.17692e+12	4.00e-22	6.40e-11	1.00e+00
 1.25392e+12	4.49e-22	6.96e-11	1.00e+00
 1.33401e+12	5.04e-22	7.58e-11	1.00e+00
 1.41729e+12	5.67e-22	8.25e-11	1.00e+00
 1.50391e+12	6.37e-22	8.98e-11	1.00e+00
 1.59399e+12	7.17e-22	9.79e-11	1.00e+00
 1.68768e+12	8.08e-22	1.07e-10	1.00e+00
 1.78511e+12	9.17e-22	1.17e-10	1.00e+00
 1.88645e+12	1.04e-21	1.27e-10	1.00e+00
 1.99183e+12	1.18e-21	1.39e-10	1.00e+00
 2.10143e+12	1.34e-21	1.53e-10	1.00e+00
 2.21541e+12	1.51e-21	1.67e-10	1.00e+00
 2.33396e+12	1.71e-21	1.83e-10	1.00e+00
 2.45724e+12	1.93e-21	2.01e-10	1.00e+00
 2.58546e+12	2.18e-21	2.22e-10	1.00e+00
 2.71880e+12	2.46e-21	2.44e-10	1.00e+00
 2.85748e+12	2.76e-21	2.69e-10	1.00e+00
 3.00171e+12	3.10e-21	2.97e-10	1.00e+00
 3.15170e+12	3.49e-21	3.28e-10	1.00e+00
 3.30770e+12	3.92e-21	3.63e-10	1.00e+00
 3.46993e+12	4.40e-21	4.01e-10	1.00e+00
 3.63866e+12	4.95e-21	4.44e-10	1.00e+00
 3.81413e+12	5.59e-21	4.92e-10	1.00e+00
 3.99662e+12	6.33e-21	5.45e-10	1.00e+00
 4.18642e+12	7.20e-21	6.05e-10	1.00e+00
 4.38380e+12	8.23e-21	6.70e-10	1.00e+00
 4.58908e+12	9.45e-21	7.43e-10	1.00e+00
 4.80257e+12	1.09e-20	8.23e-10	1.00e+00
 5.02460e+12	1.27e-20	9.11e-10	1.00e+00
 5.25551e+12	1.48e-20	1.01e-09	1.00e+00
 5.49565e+12	1.74e-20	1.11e-09	1.00e+00
 5.74541e+12	2.05e-20	1.23e-09	1.00e+00
 6.00515e+12	2.42e-20	1.36e-09	1.00e+00
 6.27528e+12	2.88e-20	1.50e-09	1.00e+00
 6.55622e+12	3.42e-20	1.66e-09	1.00e+00
 6.84840e+12	4.08e-20	1.82e-09	1.00e+00
 7.15226e+12	4.86e-20	2.01e-09	1.00e+00
 7.46828e+12	5.81e-20	2.21e-09	1.00e+00
 7.79693e+12	6.94e-20	2.43e-09	1.00e+00
 8.12045e+12	8.22e-20	2.66e-09	1.00e+00
 8.45690e+12	9.74e-20	2.90e-09	1.00e+00
 8.82511e+12	1.16e-19	3.19e-09	1.00e+00
 9.19569e+12	1.38e-19	3.48e-09	1.00e+00
 9.58109e+12	1.64e-19	3.80e-09	1.00e+00
 9.99426e+12	1.96e-19	4.17e-09	1.00e+00
 1.04240e+13	2.34e-19	4.56e-09	1.00e+00
 1.08708e+13	2.79e-19	4.98e-09	1.00e+00
 1.13356e+13	3.32e-19	5.45e-09	1.00e+00
 1.18190e+13	3.96e-19	5.95e-09	1.00e+00
 1.23216e+13	4.70e-19	6.49e-09	1.00e+00
 1.28444e+13	5.59e-19	7.09e-09	1.00e+00
 1.33881e+13	6.64e-19	7.73e-09	1.00e+00
 1.39536e+13	7.87e-19	8.42e-09	1.00e+00
 1.45417e+13	9.32e-19	9.17e-09	1.00e+00
 1.51533e+13	1.10e-18	9.99e-09	1.00e+00
 1.57893e+13	1.31e-18	1.09e-08	1.00e+00
 1.64508e+13	1.55e-18	1.18e-08	1.00e+00
 1.71388e+13	1.83e-18	1.29e-08	1.00e+00
 1.78542e+13	2.16e-18	1.40e-08	1.00e+00
 1.85983e+13	2.55e-18	1.52e-08	1.00e+00
 1.93722e+13	3.00e-18	1.65e-08	1.00e+00
 2.01770e+13	3.54e-18	1.79e-08	1.00e+00
 2.10140e+13	4.17e-18	1.95e-08	1.00e+00
 2.18845e+13	4.91e-18	2.11e-08	1.00e+00
 2.27898e+13	5.79e-18	2.30e-08	1.00e+00
 2.37313e+13	6.81e-18	2.49e-08	1.00e+00
 2.47105e+13	8.01e-18	2.70e-08	1.00e+00
 2.57289e+13	9.42e-18	2.93e-08	1.00e+00
 2.67880e+13	1.11e-17	3.18e-08	1.00e+00
 2.78894e+13	1.30e-17	3.45e-08	1.00e+00
 2.90349e+13	1.53e-17	3.74e-08	1.00e+00
 3.02262e+13	1.80e-17	4.06e-08	1.00e+00
 3.14652e+13	2.12e-17	4.40e-08	1.00e+00
 3.27537e+13	2.49e-17	4.77e-08	1.00e+00
 3.40938e+13	2.92e-17	5.17e-08	1.00e+00
 3.54875e+13	3.43e-17	5.61e-08	1.00e+00
 3.69369e+13	4.03e-17	6.08e-08	1.00e+00
 3.84443e+13	4.74e-17	6.60e-08	1.00e+00
 4.00120e+13	5.57e-17	7.15e-08	1.00e+00
 4.15162e+13	6.47e-17	7.71e-08	1.00e+00
 4.29063e+13	7.39e-17	8.24e-08	1.00e+00
 4.44784e+13	8.57e-17	8.88e-08	1.00e+00
 4.62875e+13	1.01e-16	9.62e-08	1.00e+00
 4.80636e+13	1.18e-16	1.04e-07	1.00e+00
 4.97675e+13	1.35e-16	1.12e-07	1.00e+00
 5.16448e+13	1.57e-16	1.20e-07	1.00e+00
 5.37406e+13	1.85e-16	1.31e-07	1.00e+00
 5.58573e+13	2.17e-16	1.42e-07	1.00e+00
 5.80586e+13	2.54e-16	1.53e-07	1.00e+00
 6.04109e+13	3.00e-16	1.66e-07	1.00e+00
 6.28572e+13	3.53e-16	1.81e-07	1.00e+00
 6.54015e+13	4.16e-16	1.96e-07	1.00e+00
 6.80474e+13	4.91e-16	2.13e-07	1.00e+00
 7.07993e+13	5.80e-16	2.32e-07	1.00e+00
 7.36612e+13	6.83e-16	2.51e-07	1.00e+00
 7.66375e+13	8.08e-16	2.73e-07	1.00e+00
 7.97330e+13	9.53e-16	2.97e-07	1.00e+00
 8.29522e+13	1.13e-15	3.23e-07	1.00e+00
 8.63002e+13	1.33e-15	3.51e-07	1.00e+00
 8.97822e+13	1.58e-15	3.83e-07	1.00e+00
 9.34034e+13	1.86e-15	4.16e-07	1.00e+00
 9.71694e+13	2.21e-15	4.53e-07	1.00e+00
 1.01086e+14	2.61e-15	4.93e-07	1.00e+00
 1.05160e+14	3.10e-15	5.37e-07	1.00e+00
 1.09396e+14	3.67e-15	5.84e-07	1.00e+00
 1.13802e+14	4.36e-15	6.37e-07	1.00e+00
 1.18384e+14	5.16e-15	6.94e-07	1.00e+00
 1.23149e+14	6.13e-15	7.56e-07	1.00e+00
 1.28105e+14	7.29e-15	8.25e-07	1.00e+00
 1.32990e+14	8.58e-15	8.95e-07	1.00e+00
 1.38071e+14	1.01e-14	9.73e-07	1.00e+00
 1.43624e+14	1.21e-14	1.06e-06	1.00e+00
 1.49200e+14	1.43e-14	1.16e-06	1.00e+00
 1.54999e+14	1.69e-14	1.26e-06	1.00e+00
 1.61229e+14	2.02e-14	1.38e-06	1.00e+00
 1.67708e+14	2.41e-14	1.50e-06	1.00e+00
 1.74446e+14	2.87e-14	1.64e-06	1.00e+00
 1.81454e+14	3.43e-14	1.80e-06	1.00e+00
 1.87998e+14	4.04e-14	1.95e-06	1.00e+00
 1.93764e+14	4.63e-14	2.09e-06	1.00e+00
 2.00193e+14	5.37e-14	2.25e-06	1.00e+00
 2.07918e+14	6.39e-14	2.46e-06	1.00e+00
 2.15669e+14	7.55e-14	2.68e-06	1.00e+00
 2.22759e+14	8.76e-14	2.89e-06	1.00e+00
 2.30653e+14	1.03e-13	3.13e-06	1.00e+00
 2.39833e+14	1.23e-13	3.42e-06	1.00e+00
 2.48833e+14	1.45e-13	3.72e-06	1.00e+00
 2.57333e+14	1.68e-13	4.02e-06	1.00e+00
 2.66795e+14	1.98e-13	4.37e-06	1.00e+00
 2.77497e+14	2.36e-13	4.78e-06	1.00e+00
 2.88221e+14	2.79e-13	5.20e-06	1.00e+00
 2.99374e+14	3.30e-13	5.67e-06	1.00e+00
 3.11379e+14	3.92e-13	6.19e-06	1.00e+00
 3.23864e+14	4.64e-13	6.75e-06	1.00e+00
 3.36848e+14	5.50e-13	7.37e-06	1.00e+00
 3.50352e+14	6.51e-13	8.04e-06	1.00e+00
 3.64396e+14	7.70e-13	8.76e-06	1.00e+00
 3.79002e+14	9.09e-13	9.55e-06	1.00e+00
 3.94192e+14	1.07e-12	1.04e-05	1.00e+00
 4.09989e+14	1.26e-12	1.13e-05	1.00e+00
 4.26419e+14	1.48e-12	1.23e-05	1.00e+00
 4.42735e+14	1.73e-12	1.34e-05	1.00e+00
 4.59703e+14	2.02e-12	1.45e-05	1.00e+00
 4.78121e+14	2.38e-12	1.58e-05	1.00e+00
 4.96822e+14	2.77e-12	1.71e-05	1.00e+00
 5.16272e+14	3.24e-12	1.86e-05	1.00e+00
 5.36953e+14	3.80e-12	2.02e-05	1.00e+00
 5.56920e+14	4.40e-12	2.18e-05	1.00e+00
 5.75643e+14	5.02e-12	2.34e-05	1.00e+00
 5.96654e+14	5.80e-12	2.53e-05	1.00e+00
 6.20550e+14	6.78e-12	2.75e-05	1.00e+00
 6.44539e+14	7.88e-12	2.98e-05	1.00e+00
 6.69487e+14	9.16e-12	3.23e-05	1.00e+00
 6.96296e+14	1.07e-11	3.50e-05	1.00e+00
 7.21647e+14	1.23e-11	3.78e-05	1.00e+00
 7.44473e+14	1.39e-11	4.04e-05	1.00e+00
 7.70102e+14	1.59e-11	4.34e-05	1.00e+00
 8.00294e+14	1.85e-11	4.71e-05	1.00e+00
 8.30269e+14	2.13e-11	5.08e-05	1.00e+00
 8.58406e+14	2.43e-11	5.45e-05	1.00e+00
 8.89736e+14	2.80e-11	5.88e-05	1.00e+00
 9.25355e+14	3.26e-11	6.39e-05	1.00e+00
 9.60618e+14	3.76e-11	6.91e-05	1.00e+00
 9.97291e+14	4.35e-11	7.47e-05	1.00e+00
 1.03721e+15	5.06e-11	8.11e-05	1.00e+00
 1.07773e+15	5.86e-11	8.78e-05	1.00e+00
 1.11986e+15	6.75e-11	9.50e-05	1.00e+00
 1.16468e+15	7.88e-11	1.03e-04	1.00e+00
 1.21130e+15	9.14e-11	1.12e-04	1.00e+00
 1.25978e+15	1.06e-10	1.21e-04	1.00e+00
 1.31020e+15	1.22e-10	1.32e-04	1.00e+00
 1.36264e+15	1.42e-10	1.43e-04	1.00e+00
 1.41718e+15	1.65e-10	1.55e-04	1.00e+00
 1.47389e+15	1.91e-10	1.68e-04	1.00e+00
 1.53288e+15	2.19e-10	1.82e-04	1.00e+00
 1.59423e+15	2.55e-10	1.97e-04	1.00e+00
 1.65802e+15	2.95e-10	2.14e-04	1.00e+00
 1.72099e+15	3.38e-10	2.31e-04	1.00e+00
 1.78647e+15	3.88e-10	2.49e-04	1.00e+00
 1.85795e+15	4.48e-10	2.70e-04	1.00e+00
 1.92593e+15	5.11e-10	2.90e-04	1.00e+00
 1.98809e+15	5.73e-10	3.09e-04	1.00e+00
 2.05855e+15	6.46e-10	3.32e-04	1.00e+00
 2.14036e+15	7.51e-10	3.60e-04	1.00e+00
 2.22127e+15	8.59e-10	3.88e-04	1.00e+00
 2.30541e+15	9.83e-10	4.19e-04	1.00e+00
 2.39083e+15	1.12e-09	4.51e-04	1.00e+00
 2.46789e+15	1.25e-09	4.81e-04	1.00e+00
 2.55270e+15	1.42e-09	5.16e-04	9.99e-01
 2.64847e+15	1.63e-09	5.56e-04	9.99e-01
 2.74049e+15	1.84e-09	5.96e-04	9.99e-01
 2.84036e+15	2.10e-09	6.41e-04	9.99e-01
 2.95036e+15	2.39e-09	6.92e-04	9.99e-01
 3.05490e+15	2.75e-09	7.45e-04	9.99e-01
 3.16726e+15	3.14e-09	8.02e-04	9.99e-01
 3.29119e+15	3.61e-09	8.68e-04	9.99e-01
 3.41125e+15	4.12e-09	9.33e-04	9.99e-01
 3.52597e+15	4.62e-09	9.99e-04	9.99e-01
 3.65411e+15	5.33e-09	1.08e-03	9.99e-01
 3.79474e+15	6.13e-09	1.16e-03	9.99e-01
 3.92675e+15	6.91e-09	1.25e-03	9.99e-01
 4.06960e+15	7.92e-09	1.34e-03	9.99e-01
 4.22634e+15	9.22e-09	1.46e-03	9.99e-01
 4.37760e+15	1.06e-08	1.57e-03	9.98e-01
 4.52455e+15	1.20e-08	1.68e-03	9.98e-01
 4.68916e+15	1.38e-08	1.81e-03	9.98e-01
 4.86893e+15	1.59e-08	1.96e-03	9.98e-01
 5.03636e+15	1.82e-08	2.11e-03	9.98e-01
 5.21830e+15	2.10e-08	2.28e-03	9.98e-01
 5.41821e+15	2.43e-08	2.47e-03	9.98e-01
 5.60341e+15	2.75e-08	2.65e-03	9.97e-01
 5.80488e+15	3.21e-08	2.88e-03	9.97e-01
 6.02523e+15	3.74e-08	3.12e-03	9.97e-01
 6.22679e+15	4.28e-08	3.36e-03	9.97e-01
 6.44541e+15	4.94e-08	3.63e-03	9.96e-01
 6.68167e+15	5.76e-08	3.95e-03	9.96e-01
 6.89466e+15	6.58e-08	4.25e-03	9.96e-01
 7.12535e+15	7.58e-08	4.59e-03	9.95e-01
 7.38404e+15	8.76e-08	5.00e-03	9.95e-01
 7.62872e+15	1.03e-07	5.43e-03	9.95e-01
 7.85364e+15	1.17e-07	5.84e-03	9.94e-01
 8.10325e+15	1.36e-07	6.34e-03	9.94e-01
 8.37745e+15	1.59e-07	6.92e-03	9.93e-01
 8.62787e+15	1.84e-07	7.52e-03	9.92e-01
 8.85785e+15	2.10e-07	8.09e-03	9.92e-01
 9.11698e+15	2.42e-07	8.81e-03	9.91e-01
 9.40951e+15	2.87e-07	9.71e-03	9.90e-01
 9.68545e+15	3.35e-07	1.06e-02	9.89e-01
 9.93945e+15	3.89e-07	1.16e-02	9.88e-01
 1.02249e+16	4.59e-07	1.28e-02	9.87e-01
 1.05421e+16	5.57e-07	1.44e-02	9.86e-01
 1.08301e+16	6.62e-07	1.60e-02	9.84e-01
 1.10872e+16	7.64e-07	1.76e-02	9.82e-01
 1.13747e+16	9.43e-07	1.99e-02	9.80e-01
 1.16678e+16	1.14e-06	2.25e-02	9.78e-01
 1.19156e+16	1.33e-06	2.52e-02	9.75e-01
 1.21847e+16	1.66e-06	2.88e-02	9.71e-01
 1.24573e+16	2.05e-06	3.31e-02	9.67e-01
 1.26798e+16	2.42e-06	3.75e-02	9.62e-01
 1.28836e+16	2.91e-06	4.25e-02	9.57e-01
 1.30647e+16	3.51e-06	4.79e-02	9.52e-01
 1.32230e+16	4.12e-06	5.37e-02	9.46e-01
 1.34041e+16	5.03e-06	6.19e-02	9.38e-01
 1.36031e+16	6.35e-06	7.35e-02	9.27e-01
 1.37769e+16	7.94e-06	8.69e-02	9.13e-01
 1.39188e+16	9.72e-06	1.01e-01	8.99e-01
 1.40447e+16	1.18e-05	1.18e-01	8.82e-01
 1.41658e+16	1.45e-05	1.38e-01	8.62e-01
 1.42819e+16	1.80e-05	1.64e-01	8.36e-01
 1.43880e+16	2.23e-05	1.95e-01	8.05e-01
 1.44829e+16	2.75e-05	2.31e-01	7.69e-01
 1.45691e+16	3.37e-05	2.73e-01	7.27e-01
 1.46388e+16	4.01e-05	3.15e-01	6.85e-01
 1.46912e+16	4.59e-05	3.53e-01	6.47e-01
 1.47465e+16	5.32e-05	3.99e-01	6.01e-01
 1.48089e+16	6.28e-05	4.58e-01	5.42e-01
 1.48677e+16	7.31e-05	5.20e-01	4.80e-01
 1.49220e+16	8.37e-05	5.82e-01	4.18e-01
 1.49833e+16	9.66e-05	6.53e-01	3.46e-01
 1.50629e+16	1.13e-04	7.41e-01	2.59e-01
 1.51476e+16	1.30e-04	8.18e-01	1.82e-01
 1.52280e+16	1.43e-04	8.74e-01	1.26e-01
 1.53190e+16	1.55e-04	9.18e-01	8.21e-02
 1.54345e+16	1.66e-04	9.51e-01	4.85e-02
 1.55847e+16	1.77e-04	9.74e-01	2.56e-02
 1.57800e+16	1.87e-04	9.88e-01	1.22e-02
 1.60338e+16	1.98e-04	9.95e-01	5.27e-03
 1.63638e+16	2.12e-04	9.98e-01	2.08e-03
 1.67928e+16	2.29e-04	9.99e-01	7.49e-04
 1.73505e+16	2.52e-04	1.00e+00	2.47e-04
 1.79098e+16	2.77e-04	1.00e+00	9.63e-05
 1.83461e+16	2.97e-04	1.00e+00	5.09e-05
 1.87883e+16	3.20e-04	1.00e+00	2.77e-05
 1.92852e+16	3.48e-04	1.00e+00	1.49e-05
 1.97505e+16	3.75e-04	1.00e+00	8.77e-06
 2.01746e+16	4.03e-04	1.00e+00	5.55e-06
 2.05860e+16	4.34e-04	1.00e+00	3.65e-06
 2.09945e+16	4.68e-04	1.00e+00	2.46e-06
 2.13874e+16	5.03e-04	9.99e-01	1.72e-06
 2.17526e+16	5.42e-04	9.99e-01	1.24e-06
 2.20910e+16	5.82e-04	9.99e-01	9.35e-07
 2.24103e+16	6.26e-04	9.99e-01	7.21e-07
 2.27150e+16	6.74e-04	9.99e-01	5.68e-07
 2.30026e+16	7.26e-04	9.99e-01	4.57e-07
 2.32712e+16	7.83e-04	9.99e-01	3.74e-07
 2.34638e+16	8.28e-04	9.99e-01	3.29e-07
 2.35692e+16	8.56e-04	9.99e-01	3.07e-07
 2.36664e+16	8.84e-04	9.99e-01	2.86e-07
 2.37928e+16	9.25e-04	9.99e-01	2.61e-07
 2.39323e+16	9.73e-04	9.99e-01	2.37e-07
 2.40583e+16	1.02e-03	9.99e-01	2.17e-07
 2.41681e+16	1.06e-03	9.99e-01	2.02e-07
 2.42638e+16	1.11e-03	9.99e-01	1.90e-07
 2.43488e+16	1.15e-03	9.99e-01	1.79e-07
 2.44439e+16	1.20e-03	9.99e-01	1.68e-07
 2.45440e+16	1.26e-03	9.99e-01	1.57e-07
 2.46279e+16	1.31e-03	9.99e-01	1.49e-07
 2.47019e+16	1.36e-03	9.99e-01	1.42e-07
 2.47855e+16	1.43e-03	9.99e-01	1.34e-07
 2.48742e+16	1.50e-03	9.98e-01	1.27e-07
 2.49492e+16	1.57e-03	9.98e-01	1.21e-07
 2.50145e+16	1.63e-03	9.98e-01	1.16e-07
 2.50874e+16	1.71e-03	9.98e-01	1.11e-07
 2.51650e+16	1.80e-03	9.98e-01	1.05e-07
 2.52315e+16	1.89e-03	9.98e-01	1.01e-07
 2.52904e+16	1.97e-03	9.98e-01	9.72e-08
 2.53567e+16	2.07e-03	9.98e-01	9.31e-08
 2.54270e+16	2.19e-03	9.98e-01	8.90e-08
 2.54867e+16	2.30e-03	9.98e-01	8.57e-08
 2.55389e+16	2.41e-03	9.98e-01	8.30e-08
 2.55975e+16	2.55e-03	9.97e-01	7.98e-08
 2.56603e+16	2.71e-03	9.97e-01	7.66e-08
 2.57150e+16	2.86e-03	9.97e-01	7.40e-08
 2.57635e+16	3.00e-03	9.97e-01	7.18e-08
 2.58176e+16	3.19e-03	9.97e-01	6.92e-08
 2.58758e+16	3.42e-03	9.97e-01	6.66e-08
 2.59264e+16	3.64e-03	9.96e-01	6.44e-08
 2.59719e+16	3.85e-03	9.96e-01	6.27e-08
 2.60234e+16	4.14e-03	9.96e-01	6.05e-08
 2.60793e+16	4.49e-03	9.96e-01	5.82e-08
 2.61290e+16	4.84e-03	9.95e-01	5.64e-08
 2.61745e+16	5.22e-03	9.95e-01	5.47e-08
 2.62266e+16	5.73e-03	9.94e-01	5.27e-08
 2.62811e+16	6.35e-03	9.94e-01	5.06e-08
 2.63259e+16	6.95e-03	9.93e-01	4.92e-08
 2.63639e+16	7.55e-03	9.92e-01	4.79e-08
 2.64060e+16	8.35e-03	9.92e-01	4.65e-08
 2.64516e+16	9.35e-03	9.91e-01	4.50e-08
 2.64876e+16	1.03e-02	9.90e-01	4.39e-08
 2.65135e+16	1.11e-02	9.89e-01	4.32e-08
 2.65355e+16	1.19e-02	9.88e-01	4.26e-08
 2.65595e+16	1.28e-02	9.87e-01	4.19e-08
 2.65907e+16	1.43e-02	9.86e-01	4.10e-08
 2.66220e+16	1.60e-02	9.84e-01	4.02e-08
 2.66457e+16	1.76e-02	9.82e-01	3.95e-08
 2.66647e+16	1.90e-02	9.81e-01	3.92e-08
 2.66856e+16	2.09e-02	9.79e-01	3.86e-08
 2.67087e+16	2.33e-02	9.77e-01	3.82e-08
 2.67297e+16	2.58e-02	9.74e-01	3.79e-08
 2.67483e+16	2.84e-02	9.72e-01	3.77e-08
 2.67687e+16	3.17e-02	9.68e-01	3.76e-08
 2.67905e+16	3.60e-02	9.64e-01	3.74e-08
 2.68090e+16	4.04e-02	9.60e-01	3.73e-08
 2.68246e+16	4.46e-02	9.55e-01	3.76e-08
 2.68418e+16	5.02e-02	9.50e-01	3.78e-08
 2.68600e+16	5.71e-02	9.43e-01	3.82e-08
 2.68756e+16	6.41e-02	9.36e-01	3.86e-08
 2.68891e+16	7.11e-02	9.29e-01	3.92e-08
 2.69020e+16	7.90e-02	9.21e-01	3.97e-08
 2.69151e+16	8.78e-02	9.12e-01	4.05e-08
 2.69271e+16	9.72e-02	9.03e-01	4.13e-08
 2.69375e+16	1.06e-01	8.94e-01	4.21e-08
 2.69471e+16	1.16e-01	8.84e-01	4.28e-08
 2.69564e+16	1.26e-01	8.74e-01	4.37e-08
 2.69637e+16	1.34e-01	8.66e-01	4.43e-08
 2.69685e+16	1.40e-01	8.60e-01	4.48e-08
 2.69728e+16	1.46e-01	8.54e-01	4.52e-08
 2.69778e+16	1.53e-01	8.47e-01	4.58e-08
 2.69833e+16	1.61e-01	8.39e-01	4.63e-08
 2.69886e+16	1.70e-01	8.30e-01	4.69e-08
 2.69935e+16	1.78e-01	8.22e-01	4.75e-08
 2.69983e+16	1.86e-01	8.14e-01	4.80e-08
 2.70032e+16	1.95e-01	8.05e-01	4.87e-08
 2.70080e+16	2.05e-01	7.95e-01	4.93e-08
 2.70129e+16	2.15e-01	7.85e-01	4.99e-08
 2.70175e+16	2.25e-01	7.75e-01	5.05e-08
 2.70222e+16	2.35e-01	7.65e-01	5.12e-08
 2.70268e+16	2.46e-01	7.54e-01	5.17e-08
 2.70314e+16	2.57e-01	7.43e-01	5.24e-08
 2.70359e+16	2.69e-01	7.31e-01	5.29e-08
 2.70403e+16	2.81e-01	7.19e-01	5.36e-08
 2.70448e+16	2.93e-01	7.07e-01	5.41e-08
 2.70492e+16	3.06e-01	6.94e-01	5.46e-08
 2.70534e+16	3.19e-01	6.81e-01	5.51e-08
 2.70576e+16	3.32e-01	6.68e-01	5.57e-08
 2.70619e+16	3.46e-01	6.54e-01	5.62e-08
 2.70660e+16	3.60e-01	6.40e-01	5.67e-08
 2.70701e+16	3.74e-01	6.25e-01	5.70e-08
 2.70742e+16	3.88e-01	6.12e-01	5.76e-08
 2.70782e+16	4.03e-01	5.97e-01	5.78e-08
 2.70821e+16	4.18e-01	5.82e-01	5.83e-08
 2.70860e+16	4.33e-01	5.67e-01	5.86e-08
 2.70898e+16	4.48e-01	5.52e-01	5.87e-08
 2.70935e+16	4.63e-01	5.37e-01	5.90e-08
 2.70972e+16	4.78e-01	5.22e-01	5.92e-08
 2.71009e+16	4.92e-01	5.08e-01	5.95e-08
 2.71045e+16	5.07e-01	4.93e-01	5.96e-08
 2.71079e+16	5.21e-01	4.79e-01	5.96e-08
 2.71113e+16	5.36e-01	4.64e-01	5.97e-08
 2.71147e+16	5.50e-01	4.50e-01	5.97e-08
 2.71179e+16	5.64e-01	4.36e-01	5.95e-08
 2.71211e+16	5.78e-01	4.22e-01	5.95e-08
 2.71243e+16	5.91e-01	4.09e-01	5.93e-08
 2.71274e+16	6.04e-01	3.96e-01	5.92e-08
 2.71304e+16	6.17e-01	3.83e-01	5.90e-08
 2.71333e+16	6.29e-01	3.71e-01	5.87e-08
 2.71362e+16	6.41e-01	3.59e-01	5.85e-08
 2.71391e+16	6.53e-01	3.47e-01	5.82e-08
 2.71418e+16	6.64e-01	3.36e-01	5.79e-08
 2.71446e+16	6.75e-01	3.25e-01	5.75e-08
 2.71473e+16	6.86e-01	3.14e-01	5.71e-08
 2.71499e+16	6.97e-01	3.03e-01	5.68e-08
 2.71526e+16	7.07e-01	2.93e-01	5.63e-08
 2.71551e+16	7.17e-01	2.83e-01	5.59e-08
 2.71577e+16	7.27e-01	2.73e-01	5.54e-08
 2.71602e+16	7.36e-01	2.64e-01	5.49e-08
 2.71626e+16	7.45e-01	2.55e-01	5.45e-08
 2.71650e+16	7.54e-01	2.46e-01	5.40e-08
 2.71674e+16	7.62e-01	2.38e-01	5.35e-08
 2.71695e+16	7.69e-01	2.31e-01	5.29e-08
 2.71711e+16	7.75e-01	2.25e-01	5.24e-08
 2.71726e+16	7.80e-01	2.20e-01	5.19e-08
 2.71742e+16	7.86e-01	2.14e-01	5.15e-08
 2.71759e+16	7.91e-01	2.09e-01	5.10e-08
 2.71775e+16	7.97e-01	2.03e-01	5.05e-08
 2.71791e+16	8.02e-01	1.98e-01	5.00e-08
 2.71807e+16	8.07e-01	1.93e-01	4.96e-08
 2.71823e+16	8.12e-01	1.88e-01	4.91e-08
 2.71839e+16	8.17e-01	1.83e-01	4.86e-08
 2.71855e+16	8.21e-01	1.79e-01	4.81e-08
 2.71871e+16	8.26e-01	1.74e-01	4.76e-08
 2.71889e+16	8.31e-01	1.69e-01	4.71e-08
 2.71907e+16	8.37e-01	1.63e-01	4.65e-08
 2.71927e+16	8.42e-01	1.58e-01	4.58e-08
 2.71948e+16	8.48e-01	1.52e-01	4.51e-08
 2.71968e+16	8.53e-01	1.47e-01	4.44e-08
 2.71989e+16	8.58e-01	1.42e-01	4.37e-08
 2.72008e+16	8.63e-01	1.37e-01	4.29e-08
 2.72028e+16	8.68e-01	1.32e-01	4.22e-08
 2.72048e+16	8.73e-01	1.27e-01	4.14e-08
 2.72067e+16	8.77e-01	1.23e-01	4.06e-08
 2.72086e+16	8.82e-01	1.18e-01	3.98e-08
 2.72103e+16	8.86e-01	1.14e-01	3.90e-08
 2.72120e+16	8.89e-01	1.11e-01	3.82e-08
 2.72136e+16	8.93e-01	1.07e-01	3.75e-08
 2.72151e+16	8.96e-01	1.04e-01	3.67e-08
 2.72164e+16	8.99e-01	1.01e-01	3.61e-08
 2.72176e+16	9.01e-01	9.86e-02	3.55e-08
 2.72187e+16	9.04e-01	9.64e-02	3.50e-08
 2.72197e+16	9.06e-01	9.44e-02	3.44e-08
 2.72206e+16	9.07e-01	9.26e-02	3.40e-08
 2.72215e+16	9.09e-01	9.08e-02	3.34e-08
 2.72222e+16	9.11e-01	8.94e-02	3.30e-08
 2.72231e+16	9.12e-01	8.77e-02	3.25e-08
 2.72239e+16	9.14e-01	8.60e-02	3.21e-08
 2.72248e+16	9.16e-01	8.44e-02	3.17e-08
 2.72255e+16	9.17e-01	8.31e-02	3.13e-08
 2.72263e+16	9.19e-01	8.14e-02	3.08e-08
 2.72272e+16	9.20e-01	7.99e-02	3.03e-08
 2.72280e+16	9.22e-01	7.84e-02	2.98e-08
 2.72287e+16	9.23e-01	7.71e-02	2.94e-08
 2.72293e+16	9.24e-01	7.59e-02	2.90e-08
 2.72299e+16	9.25e-01	7.48e-02	2.86e-08
 2.72305e+16	9.26e-01	7.38e-02	2.83e-08
 2.72311e+16	9.27e-01	7.26e-02	2.79e-08
 2.72317e+16	9.29e-01	7.15e-02	2.75e-08
 2.72323e+16	9.30e-01	7.05e-02	2.72e-08
 2.72328e+16	9.31e-01	6.95e-02	2.68e-08
 2.72333e+16	9.31e-01	6.86e-02	2.65e-08
 2.72339e+16	9.32e-01	6.76e-02	2.61e-08
 2.72344e+16	9.33e-01	6.66e-02	2.58e-08
 2.72350e+16	9.34e-01	6.57e-02	2.54e-08
 2.72354e+16	9.35e-01	6.49e-02	2.51e-08
 2.72360e+16	9.36e-01	6.39e-02	2.48e-08
 2.72365e+16	9.37e-01	6.29e-02	2.44e-08
 2.72370e+16	9.38e-01	6.21e-02	2.41e-08
 2.72375e+16	9.39e-01	6.13e-02	2.38e-08
 2.72380e+16	9.40e-01	6.03e-02	2.34e-08
 2.72386e+16	9.41e-01	5.94e-02	2.31e-08
 2.72391e+16	9.41e-01	5.86e-02	2.27e-08
 2.72395e+16	9.42e-01	5.78e-02	2.24e-08
 2.72399e+16	9.43e-01	5.71e-02	2.22e-08
 2.72403e+16	9.43e-01	5.65e-02	2.19e-08
 2.72407e+16	9.44e-01	5.58e-02	2.16e-08
 2.72413e+16	9.45e-01	5.49e-02	2.13e-08
 2.72418e+16	9.46e-01	5.40e-02	2.09e-08
 2.72424e+16	9.47e-01	5.31e-02	2.06e-08
 2.72429e+16	9.48e-01	5.24e-02	2.03e-08
 2.72433e+16	9.48e-01	5.17e-02	2.00e-08
 2.72437e+16	9.49e-01	5.11e-02	1.98e-08
 2.72441e+16	9.50e-01	5.04e-02	1.95e-08
 2.72446e+16	9.50e-01	4.97e-02	1.92e-08
 2.72450e+16	9.51e-01	4.91e-02	1.90e-08
 2.72454e+16	9.52e-01	4.85e-02	1.88e-08
 2.72458e+16	9.52e-01	4.78e-02	1.85e-08
 2.72464e+16	9.53e-01	4.70e-02	1.82e-08
 2.72470e+16	9.54e-01	4.62e-02	1.79e-08
 2.72476e+16	9.54e-01	4.55e-02	1.76e-08
 2.72480e+16	9.55e-01	4.49e-02	1.74e-08
 2.72485e+16	9.56e-01	4.43e-02	1.72e-08
 2.72490e+16	9.56e-01	4.36e-02	1.69e-08
 2.72495e+16	9.57e-01	4.29e-02	1.67e-08
 2.72500e+16	9.58e-01	4.23e-02	1.65e-08
 2.72505e+16	9.58e-01	4.18e-02	1.62e-08
 2.72509e+16	9.59e-01	4.13e-02	1.61e-08
 2.72513e+16	9.59e-01	4.08e-02	1.59e-08
 2.72519e+16	9.60e-01	4.00e-02	1.56e-08
 2.72525e+16	9.61e-01	3.93e-02	1.53e-08
 2.72531e+16	9.61e-01	3.87e-02	1.51e-08
 2.72536e+16	9.62e-01	3.81e-02	1.49e-08
 2.72541e+16	9.62e-01	3.76e-02	1.47e-08
 2.72546e+16	9.63e-01	3.70e-02	1.45e-08
 2.72551e+16	9.64e-01	3.65e-02	1.43e-08
 2.72556e+16	9.64e-01	3.59e-02	1.41e-08
 2.72561e+16	9.65e-01	3.54e-02	1.39e-08
 2.72566e+16	9.65e-01	3.49e-02	1.37e-08
 2.72572e+16	9.66e-01	3.43e-02	1.35e-08
 2.72579e+16	9.66e-01	3.36e-02	1.32e-08
 2.72586e+16	9.67e-01	3.30e-02	1.30e-08
 2.72592e+16	9.68e-01	3.25e-02	1.28e-08
 2.72597e+16	9.68e-01	3.20e-02	1.27e-08
 2.72603e+16	9.69e-01	3.14e-02	1.25e-08
 2.72609e+16	9.69e-01	3.09e-02	1.23e-08
 2.72615e+16	9.70e-01	3.04e-02	1.21e-08
 2.72620e+16	9.70e-01	3.00e-02	1.19e-08
 2.72626e+16	9.71e-01	2.95e-02	1.18e-08
 2.72633e+16	9.71e-01	2.89e-02	1.15e-08
 2.72641e+16	9.72e-01	2.83e-02	1.13e-08
 2.72648e+16	9.72e-01	2.77e-02	1.11e-08
 2.72655e+16	9.73e-01	2.72e-02	1.10e-08
 2.72661e+16	9.73e-01	2.68e-02	1.08e-08
 2.72668e+16	9.74e-01	2.63e-02	1.06e-08
 2.72675e+16	9.74e-01	2.58e-02	1.05e-08
 2.72681e+16	9.75e-01	2.54e-02	1.03e-08
 2.72687e+16	9.75e-01	2.49e-02	1.02e-08
 2.72694e+16	9.75e-01	2.45e-02	1.00e-08
 2.72701e+16	9.76e-01	2.41e-02	9.87e-09
 2.72707e+16	9.76e-01	2.37e-02	9.72e-09
 2.72714e+16	9.77e-01	2.32e-02	9.58e-09
 2.72721e+16	9.77e-01	2.28e-02	9.43e-09
 2.72728e+16	9.78e-01	2.24e-02	9.28e-09
 2.72736e+16	9.78e-01	2.19e-02	9.14e-09
 2.72744e+16	9.79e-01	2.15e-02	8.99e-09
 2.72751e+16	9.79e-01	2.11e-02	8.85e-09
 2.72758e+16	9.79e-01	2.07e-02	8.72e-09
 2.72765e+16	9.80e-01	2.03e-02	8.59e-09
 2.72773e+16	9.80e-01	1.99e-02	8.45e-09
 2.72780e+16	9.80e-01	1.96e-02	8.32e-09
 2.72788e+16	9.81e-01	1.92e-02	8.19e-09
 2.72797e+16	9.81e-01	1.88e-02	8.05e-09
 2.72805e+16	9.82e-01	1.84e-02	7.93e-09
 2.72813e+16	9.82e-01	1.80e-02	7.79e-09
 2.72822e+16	9.82e-01	1.76e-02	7.66e-09
 2.72831e+16	9.83e-01	1.73e-02	7.54e-09
 2.72840e+16	9.83e-01	1.69e-02	7.39e-09
 2.72850e+16	9.84e-01	1.65e-02	7.26e-09
 2.72859e+16	9.84e-01	1.61e-02	7.14e-09
 2.72867e+16	9.84e-01	1.58e-02	7.03e-09
 2.72876e+16	9.85e-01	1.55e-02	6.90e-09
 2.72886e+16	9.85e-01	1.51e-02	6.78e-09
 2.72894e+16	9.85e-01	1.48e-02	6.68e-09
 2.72904e+16	9.86e-01	1.45e-02	6.55e-09
 2.72914e+16	9.86e-01	1.41e-02	6.43e-09
 2.72924e+16	9.86e-01	1.38e-02	6.33e-09
 2.72934e+16	9.87e-01	1.35e-02	6.20e-09
 2.72946e+16	9.87e-01	1.31e-02	6.08e-09
 2.72956e+16	9.87e-01	1.28e-02	5.98e-09
 2.72967e+16	9.88e-01	1.25e-02	5.85e-09
 2.72979e+16	9.88e-01	1.22e-02	5.73e-09
 2.72990e+16	9.88e-01	1.19e-02	5.63e-09
 2.73002e+16	9.88e-01	1.15e-02	5.50e-09
 2.73018e+16	9.89e-01	1.11e-02	5.35e-09
 2.73036e+16	9.89e-01	1.07e-02	5.19e-09
 2.73054e+16	9.90e-01	1.03e-02	5.04e-09
 2.73072e+16	9.90e-01	9.90e-03	4.90e-09
 2.73090e+16	9.90e-01	9.52e-03	4.75e-09
 2.73109e+16	9.91e-01	9.14e-03	4.60e-09
 2.73128e+16	9.91e-01	8.77e-03	4.46e-09
 2.73148e+16	9.92e-01	8.41e-03	4.31e-09
 2.73169e+16	9.92e-01	8.06e-03	4.17e-09
 2.73190e+16	9.92e-01	7.72e-03	4.03e-09
 2.73211e+16	9.93e-01	7.38e-03	3.89e-09
 2.73234e+16	9.93e-01	7.06e-03	3.75e-09
 2.73257e+16	9.93e-01	6.74e-03	3.62e-09
 2.73280e+16	9.94e-01	6.43e-03	3.48e-09
 2.73305e+16	9.94e-01	6.13e-03	3.35e-09
 2.73330e+16	9.94e-01	5.84e-03	3.22e-09
 2.73355e+16	9.94e-01	5.56e-03	3.09e-09
 2.73382e+16	9.95e-01	5.29e-03	2.96e-09
 2.73409e+16	9.95e-01	5.03e-03	2.84e-09
 2.73438e+16	9.95e-01	4.77e-03	2.71e-09
 2.73467e+16	9.95e-01	4.51e-03	2.58e-09
 2.73497e+16	9.96e-01	4.26e-03	2.46e-09
 2.73528e+16	9.96e-01	4.01e-03	2.33e-09
 2.73561e+16	9.96e-01	3.76e-03	2.19e-09
 2.73595e+16	9.97e-01	3.50e-03	2.05e-09
 2.73630e+16	9.97e-01	3.23e-03	1.91e-09
 2.73667e+16	9.97e-01	2.94e-03	1.75e-09
 2.73706e+16	9.97e-01	2.65e-03	1.58e-09
 2.73747e+16	9.98e-01	2.36e-03	1.41e-09
 2.73790e+16	9.98e-01	2.08e-03	1.25e-09
 2.73836e+16	9.98e-01	1.80e-03	1.08e-09
 2.73886e+16	9.98e-01	1.55e-03	9.32e-10
 2.73940e+16	9.99e-01	1.31e-03	7.89e-10
 2.73999e+16	9.99e-01	1.09e-03	6.57e-10
 2.74064e+16	9.99e-01	8.84e-04	5.35e-10
 2.74137e+16	9.99e-01	7.01e-04	4.24e-10
 2.74220e+16	9.99e-01	5.37e-04	3.25e-10
 2.74315e+16	1.00e+00	3.99e-04	2.41e-10
 2.74414e+16	1.00e+00	2.93e-04	1.77e-10
 2.74514e+16	1.00e+00	2.16e-04	1.30e-10
 2.74613e+16	1.00e+00	1.60e-04	9.61e-11
 2.74713e+16	1.00e+00	1.19e-04	7.12e-11
 2.74812e+16	1.00e+00	8.85e-05	5.28e-11
 2.74912e+16	1.00e+00	6.68e-05	4.00e-11
 2.75011e+16	1.00e+00	5.09e-05	3.04e-11
 2.75111e+16	1.00e+00	3.92e-05	2.34e-11
 2.75210e+16	1.00e+00	3.07e-05	1.82e-11
 2.75310e+16	1.00e+00	2.45e-05	1.45e-11
 2.75409e+16	1.00e+00	1.99e-05	1.18e-11
 2.75509e+16	1.00e+00	1.66e-05	9.77e-12
 2.75608e+16	1.00e+00	1.41e-05	8.30e-12
 2.75708e+16	1.00e+00	1.23e-05	7.22e-12
 2.75807e+16	1.00e+00	1.10e-05	6.42e-12
 2.75907e+16	1.00e+00	9.99e-06	5.83e-12
 2.76006e+16	1.00e+00	9.25e-06	5.36e-12
 2.76106e+16	1.00e+00	8.72e-06	5.06e-12
 2.76206e+16	1.00e+00	8.32e-06	4.81e-12
 2.76305e+16	1.00e+00	8.01e-06	4.61e-12
 2.76405e+16	1.00e+00	7.76e-06	4.44e-12
 2.76504e+16	1.00e+00	7.59e-06	4.34e-12
 2.76604e+16	1.00e+00	7.45e-06	4.24e-12
 2.76718e+16	1.00e+00	7.29e-06	4.13e-12
 2.76867e+16	1.00e+00	7.17e-06	4.04e-12
 2.77060e+16	1.00e+00	7.04e-06	3.94e-12
 2.77312e+16	1.00e+00	6.90e-06	3.81e-12
 2.77638e+16	1.00e+00	6.74e-06	3.67e-12
 2.78063e+16	1.00e+00	6.56e-06	3.50e-12
 2.78616e+16	1.00e+00	6.33e-06	3.28e-12
 2.79334e+16	1.00e+00	6.04e-06	3.02e-12
 2.80243e+16	1.00e+00	5.70e-06	2.71e-12
 2.81291e+16	1.00e+00	5.33e-06	2.40e-12
 2.82411e+16	1.00e+00	4.96e-06	2.09e-12
 2.83616e+16	1.00e+00	4.58e-06	1.81e-12
 2.84962e+16	1.00e+00	4.19e-06	1.52e-12
 2.86503e+16	1.00e+00	3.78e-06	1.25e-12
 2.88275e+16	1.00e+00	3.36e-06	9.98e-13
 2.90265e+16	1.00e+00	2.94e-06	7.74e-13
 2.92472e+16	1.00e+00	2.54e-06	5.84e-13
 2.94921e+16	1.00e+00	2.16e-06	4.28e-13
 2.97689e+16	1.00e+00	1.80e-06	3.01e-13
 3.00893e+16	1.00e+00	1.47e-06	2.01e-13
 3.04513e+16	1.00e+00	1.17e-06	1.28e-13
 3.08559e+16	1.00e+00	9.06e-07	7.83e-14
 3.13209e+16	1.00e+00	6.80e-07	4.47e-14
 3.18494e+16	1.00e+00	4.96e-07	2.41e-14
 3.24063e+16	1.00e+00	3.61e-07	1.29e-14
 3.29632e+16	1.00e+00	2.64e-07	6.96e-15
 3.35201e+16	1.00e+00	1.95e-07	3.82e-15
 3.41121e+16	1.00e+00	1.41e-07	2.04e-15
 3.47486e+16	1.00e+00	1.02e-07	1.06e-15
 3.54043e+16	1.00e+00	7.29e-08	5.50e-16
 3.60798e+16	1.00e+00	5.21e-08	2.83e-16
 3.67757e+16	1.00e+00	3.74e-08	1.47e-16
 3.74819e+16	1.00e+00	2.69e-08	7.68e-17
 3.81881e+16	1.00e+00	1.95e-08	4.07e-17
 3.89228e+16	1.00e+00	1.41e-08	2.12e-17
 3.97013e+16	1.00e+00	1.00e-08	1.09e-17
 4.05031e+16	1.00e+00	7.16e-09	5.57e-18
 4.13252e+16	1.00e+00	5.11e-09	2.85e-18
 4.21635e+16	1.00e+00	3.65e-09	1.46e-18
 4.30061e+16	1.00e+00	2.63e-09	7.62e-19
 4.38685e+16	1.00e+00	1.89e-09	3.95e-19
 4.47643e+16	1.00e+00	1.35e-09	2.03e-19
 4.56734e+16	1.00e+00	9.67e-10	1.05e-19
 4.66150e+16	1.00e+00	6.90e-10	5.38e-20
 4.76039e+16	1.00e+00	4.88e-10	2.70e-20
 4.86175e+16	1.00e+00	3.45e-10	1.36e-20
 4.96566e+16	1.00e+00	2.43e-10	6.80e-21
 5.07162e+16	1.00e+00	1.72e-10	0.00e+00
 5.18027e+16	1.00e+00	1.21e-10	0.00e+00
 5.29217e+16	1.00e+00	8.48e-11	0.00e+00
 5.40688e+16	1.00e+00	5.94e-11	0.00e+00
 5.52446e+16	1.00e+00	4.15e-11	0.00e+00
 5.64320e+16	1.00e+00	2.91e-11	0.00e+00
 5.76253e+16	1.00e+00	2.05e-11	0.00e+00
 5.88612e+16	1.00e+00	1.43e-11	0.00e+00
 6.01465e+16	1.00e+00	9.83e-12	0.00e+00
 6.14640e+16	1.00e+00	6.79e-12	0.00e+00
 6.28144e+16	1.00e+00	4.68e-12	0.00e+00
 6.41920e+16	1.00e+00	3.21e-12	0.00e+00
 6.56043e+16	1.00e+00	2.16e-12	0.00e+00
 6.70374e+16	1.00e+00	1.48e-12	0.00e+00
 6.84993e+16	1.00e+00	1.00e-12	0.00e+00
 7.00051e+16	1.00e+00	6.78e-13	0.00e+00
 7.17539e+16	1.00e+00	4.28e-13	0.00e+00
 7.40273e+16	1.00e+00	2.35e-13	0.00e+00
 7.59946e+16	1.00e+00	1.47e-13	0.00e+00
 7.71333e+16	1.00e+00	1.14e-13	0.00e+00
 7.81828e+16	1.00e+00	8.77e-14	0.00e+00
 7.95473e+16	1.00e+00	6.33e-14	0.00e+00
 8.13210e+16	1.00e+00	4.20e-14	0.00e+00
 8.36269e+16	1.00e+00	2.47e-14	0.00e+00
 8.66246e+16	1.00e+00	1.27e-14	0.00e+00
 8.97893e+16	1.00e+00	6.56e-15	0.00e+00
 9.30393e+16	1.00e+00	3.40e-15	0.00e+00
 9.67153e+16	1.00e+00	1.67e-15	0.00e+00
 1.00584e+17	1.00e+00	8.14e-16	0.00e+00
 1.04607e+17	1.00e+00	4.00e-16	0.00e+00
 1.08792e+17	1.00e+00	1.99e-16	0.00e+00
 1.13143e+17	1.00e+00	1.01e-16	0.00e+00
 1.17669e+17	1.00e+00	5.26e-17	0.00e+00
 1.22376e+17	1.00e+00	2.96e-17	0.00e+00
 1.27271e+17	1.00e+00	1.80e-17	0.00e+00
 1.32362e+17	1.00e+00	1.24e-17	0.00e+00
 1.37656e+17	1.00e+00	9.52e-18	0.00e+00
 1.42723e+17	1.00e+00	8.10e-18	0.00e+00
 1.47418e+17	1.00e+00	7.73e-18	0.00e+00
 1.52223e+17	1.00e+00	7.50e-18	0.00e+00
 1.57298e+17	1.00e+00	7.19e-18	0.00e+00
 1.62556e+17	1.00e+00	6.91e-18	0.00e+00
 1.67922e+17	1.00e+00	6.70e-18	0.00e+00
 1.73405e+17	1.00e+00	6.55e-18	0.00e+00
 1.79003e+17	1.00e+00	6.40e-18	0.00e+00
 1.84694e+17	1.00e+00	6.27e-18	0.00e+00
 1.90471e+17	1.00e+00	6.15e-18	0.00e+00
 1.96307e+17	1.00e+00	6.04e-18	0.00e+00
 2.02168e+17	1.00e+00	5.95e-18	0.00e+00
 2.08036e+17	1.00e+00	5.89e-18	0.00e+00
 2.13869e+17	1.00e+00	5.82e-18	0.00e+00
 2.19633e+17	1.00e+00	5.79e-18	0.00e+00
 2.25322e+17	1.00e+00	5.77e-18	0.00e+00
 2.30895e+17	1.00e+00	5.76e-18	0.00e+00
 2.36319e+17	1.00e+00	5.77e-18	0.00e+00
 2.41564e+17	1.00e+00	5.80e-18	0.00e+00
 2.46614e+17	1.00e+00	5.85e-18	0.00e+00
 2.51454e+17	1.00e+00	5.91e-18	0.00e+00
 2.56074e+17	1.00e+00	5.97e-18	0.00e+00
 2.60467e+17	1.00e+00	6.05e-18	0.00e+00
 2.64632e+17	1.00e+00	6.13e-18	0.00e+00
 2.68572e+17	1.00e+00	6.21e-18	0.00e+00
 2.72293e+17	1.00e+00	6.29e-18	0.00e+00
 2.75800e+17	1.00e+00	6.37e-18	0.00e+00
 2.79106e+17	1.00e+00	6.45e-18	0.00e+00
 2.82223e+17	1.00e+00	6.53e-18	0.00e+00
 2.85158e+17	1.00e+00	6.59e-18	0.00e+00
 2.87921e+17	1.00e+00	6.66e-18	0.00e+00
 2.90522e+17	1.00e+00	6.73e-18	0.00e+00
 2.92972e+17	1.00e+00	6.78e-18	0.00e+00
 2.95282e+17	1.00e+00	6.84e-18	0.00e+00
 2.97460e+17	1.00e+00	6.89e-18	0.00e+00
 2.99515e+17	1.00e+00	6.94e-18	0.00e+00
 3.01454e+17	1.00e+00	6.98e-18	0.00e+00
 3.03285e+17	1.00e+00	7.02e-18	0.00e+00
 3.05015e+17	1.00e+00	7.06e-18	0.00e+00
 3.06649e+17	1.00e+00	7.09e-18	0.00e+00
 3.08194e+17	1.00e+00	7.12e-18	0.00e+00
 3.09656e+17	1.00e+00	7.15e-18	0.00e+00
 3.11040e+17	1.00e+00	7.18e-18	0.00e+00
 3.12352e+17	1.00e+00	7.20e-18	0.00e+00
 3.13594e+17	1.00e+00	7.23e-18	0.00e+00
 3.14772e+17	1.00e+00	7.25e-18	0.00e+00
 3.15890e+17	1.00e+00	7.27e-18	0.00e+00
 3.16950e+17	1.00e+00	7.29e-18	0.00e+00
 3.17957e+17	1.00e+00	7.30e-18	0.00e+00
 3.18914e+17	1.00e+00	7.32e-18	0.00e+00
 3.19824e+17	1.00e+00	7.33e-18	0.00e+00
 3.20690e+17	1.00e+00	7.34e-18	0.00e+00
 3.21513e+17	1.00e+00	7.36e-18	0.00e+00
 3.22298e+17	1.00e+00	7.37e-18	0.00e+00
 3.23046e+17	1.00e+00	7.38e-18	0.00e+00
 3.23759e+17	1.00e+00	7.39e-18	0.00e+00
 3.24440e+17	1.00e+00	7.40e-18	0.00e+00
 3.25091e+17	1.00e+00	7.40e-18	0.00e+00
 3.25713e+17	1.00e+00	7.41e-18	0.00e+00
 3.26308e+17	1.00e+00	7.42e-18	0.00e+00
 3.26878e+17	1.00e+00	7.43e-18	0.00e+00
 3.27426e+17	1.00e+00	7.43e-18	0.00e+00
 3.27951e+17	1.00e+00	7.44e-18	0.00e+00
 3.28456e+17	1.00e+00	7.44e-18	0.00e+00
 3.28942e+17	1.00e+00	7.45e-18	0.00e+00
 3.29411e+17	1.00e+00	7.45e-18	0.00e+00
 3.29865e+17	1.00e+00	7.45e-18	0.00e+00
 3.30305e+17	1.00e+00	7.46e-18	0.00e+00
 3.30732e+17	1.00e+00	7.46e-18	0.00e+00
 3.31147e+17	1.00e+00	7.46e-18	0.00e+00
 3.31552e+17	1.00e+00	7.46e-18	0.00e+00
 3.31948e+17	1.00e+00	7.46e-18	0.00e+00
 3.32337e+17	1.00e+00	7.46e-18	0.00e+00
 3.32721e+17	1.00e+00	7.46e-18	0.00e+00
 3.33101e+17	1.00e+00	7.46e-18	0.00e+00
 3.33478e+17	1.00e+00	7.46e-18	0.00e+00
 3.33855e+17	1.00e+00	7.46e-18	0.00e+00
 3.34234e+17	1.00e+00	7.46e-18	0.00e+00
 3.34617e+17	1.00e+00	7.46e-18	0.00e+00
 3.35008e+17	1.00e+00	7.45e-18	0.00e+00
 3.35410e+17	1.00e+00	7.45e-18	0.00e+00
 3.35827e+17	1.00e+00	7.44e-18	0.00e+00
 3.36264e+17	1.00e+00	7.44e-18	0.00e+00
 3.36728e+17	1.00e+00	7.43e-18	0.00e+00
 3.37228e+17	1.00e+00	7.41e-18	0.00e+00
 3.37774e+17	1.00e+00	7.40e-18	0.00e+00
 3.38382e+17	1.00e+00	7.38e-18	0.00e+00
 3.39072e+17	1.00e+00	7.35e-18	0.00e+00
 3.39875e+17	1.00e+00	7.31e-18	0.00e+00
 3.40833e+17	1.00e+00	7.25e-18	0.00e+00
 3.42010e+17	1.00e+00	7.17e-18	0.00e+00
 3.43506e+17	1.00e+00	7.05e-18	0.00e+00
 3.45443e+17	1.00e+00	6.85e-18	0.00e+00
 3.47962e+17	1.00e+00	6.55e-18	0.00e+00
 3.51236e+17	1.00e+00	6.13e-18	0.00e+00
 3.55492e+17	1.00e+00	5.56e-18	0.00e+00
 3.61026e+17	1.00e+00	4.85e-18	0.00e+00
 3.68219e+17	1.00e+00	4.02e-18	0.00e+00
 3.77571e+17	1.00e+00	3.11e-18	0.00e+00
 3.89728e+17	1.00e+00	2.20e-18	0.00e+00
 4.04531e+17	1.00e+00	1.37e-18	0.00e+00
 4.20712e+17	1.00e+00	9.37e-19	0.00e+00
 4.37541e+17	1.00e+00	7.81e-19	0.00e+00
 4.54560e+17	1.00e+00	6.49e-19	0.00e+00
 4.70953e+17	1.00e+00	6.04e-19	0.00e+00
 4.86364e+17	1.00e+00	6.13e-19	0.00e+00
 5.00901e+17	1.00e+00	6.20e-19	0.00e+00
 5.14576e+17	1.00e+00	6.03e-19	0.00e+00
 5.27136e+17	1.00e+00	5.92e-19	0.00e+00
 5.38402e+17	1.00e+00	5.96e-19	0.00e+00
 5.48354e+17	1.00e+00	5.97e-19	0.00e+00
 5.56603e+17	1.00e+00	5.92e-19	0.00e+00
 5.62392e+17	1.00e+00	6.26e-19	0.00e+00
 5.65750e+17	1.00e+00	7.00e-19	0.00e+00
 5.67621e+17	1.00e+00	7.55e-19	0.00e+00
 5.68743e+17	1.00e+00	7.85e-19	0.00e+00
 5.69416e+17	1.00e+00	8.02e-19	0.00e+00
 5.69866e+17	1.00e+00	8.12e-19	0.00e+00
 5.70260e+17	1.00e+00	8.19e-19	0.00e+00
 5.70680e+17	1.00e+00	8.25e-19	0.00e+00
 5.71137e+17	1.00e+00	8.28e-19	0.00e+00
 5.71555e+17	1.00e+00	8.31e-19	0.00e+00
 5.71908e+17	1.00e+00	8.33e-19	0.00e+00
 5.72235e+17	1.00e+00	8.34e-19	0.00e+00
 5.72550e+17	1.00e+00	8.34e-19	0.00e+00
 5.72857e+17	1.00e+00	8.34e-19	0.00e+00
 5.73137e+17	1.00e+00	8.33e-19	0.00e+00
 5.73393e+17	1.00e+00	8.32e-19	0.00e+00
 5.73644e+17	1.00e+00	8.31e-19	0.00e+00
 5.73878e+17	1.00e+00	8.30e-19	0.00e+00
 5.74103e+17	1.00e+00	8.29e-19	0.00e+00
 5.74325e+17	1.00e+00	8.26e-19	0.00e+00
 5.74529e+17	1.00e+00	8.25e-19	0.00e+00
 5.74721e+17	1.00e+00	8.26e-19	0.00e+00
 5.74918e+17	1.00e+00	8.26e-19	0.00e+00
 5.75104e+17	1.00e+00	8.20e-19	0.00e+00
 5.75271e+17	1.00e+00	8.45e-19	0.00e+00
 5.75438e+17	1.00e+00	8.50e-19	0.00e+00
 5.75614e+17	1.00e+00	8.44e-19	0.00e+00
 5.75782e+17	1.00e+00	8.16e-19	0.00e+00
 5.75931e+17	1.00e+00	9.21e-19	0.00e+00
 5.76079e+17	1.00e+00	9.72e-19	0.00e+00
 5.76229e+17	1.00e+00	9.59e-19	0.00e+00
 5.76380e+17	1.00e+00	8.93e-19	0.00e+00
 5.76527e+17	1.00e+00	9.41e-19	0.00e+00
 5.76670e+17	1.00e+00	9.82e-19	0.00e+00
 5.76813e+17	1.00e+00	1.04e-18	0.00e+00
 5.76953e+17	1.00e+00	1.00e-18	0.00e+00
 5.77092e+17	1.00e+00	1.10e-18	0.00e+00
 5.77232e+17	1.00e+00	1.08e-18	0.00e+00
 5.77374e+17	1.00e+00	1.05e-18	0.00e+00
 5.77517e+17	1.00e+00	9.65e-19	0.00e+00
 5.77659e+17	1.00e+00	9.97e-19	0.00e+00
 5.77797e+17	1.00e+00	9.87e-19	0.00e+00
 5.77944e+17	1.00e+00	1.21e-18	0.00e+00
 5.78099e+17	1.00e+00	8.17e-19	0.00e+00
 5.78249e+17	1.00e+00	8.49e-19	0.00e+00
 5.78390e+17	1.00e+00	9.00e-19	0.00e+00
 5.78540e+17	1.00e+00	1.11e-18	0.00e+00
 5.78702e+17	1.00e+00	7.79e-19	0.00e+00
 5.78860e+17	1.00e+00	7.90e-19	0.00e+00
 5.79028e+17	1.00e+00	7.98e-19	0.00e+00
 5.79202e+17	1.00e+00	7.43e-19	0.00e+00
 5.79368e+17	1.00e+00	7.46e-19	0.00e+00
 5.79538e+17	1.00e+00	7.60e-19	0.00e+00
 5.79712e+17	1.00e+00	7.29e-19	0.00e+00
 5.79892e+17	1.00e+00	7.28e-19	0.00e+00
 5.80083e+17	1.00e+00	7.10e-19	0.00e+00
 5.80269e+17	1.00e+00	7.03e-19	0.00e+00
 5.80448e+17	1.00e+00	7.04e-19	0.00e+00
 5.80642e+17	1.00e+00	6.97e-19	0.00e+00
 5.80855e+17	1.00e+00	6.83e-19	0.00e+00
 5.81073e+17	1.00e+00	6.76e-19	0.00e+00
 5.81280e+17	1.00e+00	6.69e-19	0.00e+00
 5.81486e+17	1.00e+00	6.64e-19	0.00e+00
 5.81709e+17	1.00e+00	6.55e-19	0.00e+00
 5.81943e+17	1.00e+00	6.47e-19	0.00e+00
 5.82175e+17	1.00e+00	6.40e-19	0.00e+00
 5.82409e+17	1.00e+00	6.32e-19	0.00e+00
 5.82653e+17	1.00e+00	6.24e-19	0.00e+00
 5.82907e+17	1.00e+00	6.15e-19	0.00e+00
 5.83170e+17	1.00e+00	6.06e-19	0.00e+00
 5.83434e+17	1.00e+00	5.97e-19	0.00e+00
 5.83701e+17	1.00e+00	5.81e-19	0.00e+00
 5.83977e+17	1.00e+00	5.71e-19	0.00e+00
 5.84261e+17	1.00e+00	5.62e-19	0.00e+00
 5.84552e+17	1.00e+00	5.52e-19	0.00e+00
 5.84846e+17	1.00e+00	5.42e-19	0.00e+00
 5.85157e+17	1.00e+00	5.31e-19	0.00e+00
 5.85476e+17	1.00e+00	5.21e-19	0.00e+00
 5.85795e+17	1.00e+00	5.10e-19	0.00e+00
 5.86116e+17	1.00e+00	4.99e-19	0.00e+00
 5.86441e+17	1.00e+00	4.88e-19	0.00e+00
 5.86783e+17	1.00e+00	4.77e-19	0.00e+00
 5.87135e+17	1.00e+00	4.65e-19	0.00e+00
 5.87488e+17	1.00e+00	4.53e-19	0.00e+00
 5.87848e+17	1.00e+00	4.42e-19	0.00e+00
 5.88215e+17	1.00e+00	4.29e-19	0.00e+00
 5.88587e+17	1.00e+00	4.18e-19	0.00e+00
 5.88973e+17	1.00e+00	4.06e-19	0.00e+00
 5.89374e+17	1.00e+00	3.93e-19	0.00e+00
 5.89781e+17	1.00e+00	3.80e-19	0.00e+00
 5.90191e+17	1.00e+00	3.67e-19	0.00e+00
 5.90606e+17	1.00e+00	3.55e-19	0.00e+00
 5.91032e+17	1.00e+00	3.42e-19	0.00e+00
 5.91474e+17	1.00e+00	3.29e-19	0.00e+00
 5.91922e+17	1.00e+00	3.16e-19	0.00e+00
 5.92370e+17	1.00e+00	3.04e-19	0.00e+00
 5.92823e+17	1.00e+00	2.91e-19	0.00e+00
 5.93306e+17	1.00e+00	2.79e-19	0.00e+00
 5.93806e+17	1.00e+00	2.65e-19	0.00e+00
 5.94291e+17	1.00e+00	2.40e-19	0.00e+00
 5.94778e+17	1.00e+00	2.29e-19	0.00e+00
 5.95289e+17	1.00e+00	2.17e-19	0.00e+00
 5.95823e+17	1.00e+00	2.06e-19	0.00e+00
 5.96377e+17	1.00e+00	1.94e-19	0.00e+00
 5.96936e+17	1.00e+00	1.83e-19	0.00e+00
 5.97488e+17	1.00e+00	1.72e-19	0.00e+00
 5.98067e+17	1.00e+00	1.62e-19	0.00e+00
 5.98674e+17	1.00e+00	1.51e-19	0.00e+00
 5.99309e+17	1.00e+00	1.41e-19	0.00e+00
 5.99966e+17	1.00e+00	1.30e-19	0.00e+00
 6.00596e+17	1.00e+00	1.21e-19	0.00e+00
 6.01174e+17	1.00e+00	1.12e-19	0.00e+00
 6.01695e+17	1.00e+00	1.05e-19	0.00e+00
 6.02176e+17	1.00e+00	9.87e-20	0.00e+00
 6.02634e+17	1.00e+00	9.32e-20	0.00e+00
 6.03073e+17	1.00e+00	8.81e-20	0.00e+00
 6.03493e+17	1.00e+00	8.34e-20	0.00e+00
 6.03892e+17	1.00e+00	7.91e-20	0.00e+00
 6.04274e+17	1.00e+00	7.52e-20	0.00e+00
 6.04639e+17	1.00e+00	7.16e-20	0.00e+00
 6.04991e+17	1.00e+00	6.82e-20	0.00e+00
 6.05329e+17	1.00e+00	6.51e-20	0.00e+00
 6.05654e+17	1.00e+00	6.21e-20	0.00e+00
 6.05966e+17	1.00e+00	5.94e-20	0.00e+00
 6.06265e+17	1.00e+00	5.68e-20	0.00e+00
 6.06553e+17	1.00e+00	5.44e-20	0.00e+00
 6.06831e+17	1.00e+00	5.21e-20	0.00e+00
 6.07097e+17	1.00e+00	5.00e-20	0.00e+00
 6.07353e+17	1.00e+00	4.80e-20	0.00e+00
 6.07601e+17	1.00e+00	4.62e-20	0.00e+00
 6.07841e+17	1.00e+00	4.43e-20	0.00e+00
 6.08071e+17	1.00e+00	4.27e-20	0.00e+00
 6.08293e+17	1.00e+00	4.11e-20	0.00e+00
 6.08509e+17	1.00e+00	3.98e-20	0.00e+00
 6.08722e+17	1.00e+00	3.84e-20	0.00e+00
 6.08929e+17	1.00e+00	3.71e-20	0.00e+00
 6.09128e+17	1.00e+00	3.58e-20	0.00e+00
 6.09320e+17	1.00e+00	3.46e-20	0.00e+00
 6.09508e+17	1.00e+00	3.35e-20	0.00e+00
 6.09691e+17	1.00e+00	3.24e-20	0.00e+00
 6.09871e+17	1.00e+00	3.14e-20	0.00e+00
 6.10048e+17	1.00e+00	3.04e-20	0.00e+00
 6.10221e+17	1.00e+00	2.95e-20	0.00e+00
 6.10418e+17	1.00e+00	2.86e-20	0.00e+00
 6.10674e+17	1.00e+00	2.73e-20	0.00e+00
 6.11007e+17	1.00e+00	2.56e-20	0.00e+00
 6.11440e+17	1.00e+00	2.36e-20	0.00e+00
 6.12002e+17	1.00e+00	2.13e-20	0.00e+00
 6.12714e+17	1.00e+00	1.86e-20	0.00e+00
 6.13482e+17	1.00e+00	1.58e-20	0.00e+00
 6.14168e+17	1.00e+00	1.37e-20	0.00e+00
 6.14751e+17	1.00e+00	1.21e-20	0.00e+00
 6.15291e+17	1.00e+00	1.10e-20	0.00e+00
 6.15842e+17	1.00e+00	9.87e-21	0.00e+00
 6.16414e+17	1.00e+00	8.79e-21	0.00e+00
 6.16990e+17	1.00e+00	7.82e-21	0.00e+00
 6.17559e+17	1.00e+00	6.99e-21	0.00e+00
