#depth	He	He+	He+2
 1.49634e+10	1.70e-20	1.83e-10	1.00e+00
 4.54887e+10	1.99e-20	2.00e-10	1.00e+00
 7.72350e+10	2.32e-20	2.19e-10	1.00e+00
 1.10251e+11	2.70e-20	2.40e-10	1.00e+00
 1.42965e+11	3.12e-20	2.62e-10	1.00e+00
 1.76987e+11	3.59e-20	2.86e-10	1.00e+00
 2.13993e+11	4.17e-20	3.14e-10	1.00e+00
 2.51299e+11	4.82e-20	3.43e-10	1.00e+00
 2.90096e+11	5.56e-20	3.76e-10	1.00e+00
 3.30303e+11	6.42e-20	4.12e-10	1.00e+00
 3.69997e+11	7.35e-20	4.49e-10	1.00e+00
 4.12603e+11	8.43e-20	4.92e-10	1.00e+00
 4.59034e+11	9.75e-20	5.41e-10	1.00e+00
 5.07322e+11	1.13e-19	5.95e-10	1.00e+00
 5.57542e+11	1.30e-19	6.56e-10	1.00e+00
 6.09770e+11	1.49e-19	7.22e-10	1.00e+00
 6.57077e+11	1.69e-19	7.86e-10	1.00e+00
 6.96608e+11	1.86e-19	8.42e-10	1.00e+00
 7.39964e+11	2.06e-19	9.06e-10	1.00e+00
 7.94723e+11	2.33e-19	9.92e-10	1.00e+00
 8.51759e+11	2.65e-19	1.09e-09	1.00e+00
 9.00563e+11	2.93e-19	1.17e-09	1.00e+00
 9.51209e+11	3.25e-19	1.26e-09	1.00e+00
 1.01440e+12	3.67e-19	1.38e-09	1.00e+00
 1.07843e+12	4.16e-19	1.51e-09	1.00e+00
 1.13410e+12	4.61e-19	1.63e-09	1.00e+00
 1.19434e+12	5.12e-19	1.77e-09	1.00e+00
 1.26791e+12	5.81e-19	1.94e-09	1.00e+00
 1.34289e+12	6.57e-19	2.12e-09	1.00e+00
 1.41144e+12	7.33e-19	2.30e-09	1.00e+00
 1.48756e+12	8.24e-19	2.50e-09	1.00e+00
 1.57617e+12	9.41e-19	2.75e-09	1.00e+00
 1.66387e+12	1.07e-18	3.01e-09	1.00e+00
 1.74767e+12	1.20e-18	3.27e-09	1.00e+00
 1.84009e+12	1.37e-18	3.57e-09	1.00e+00
 1.94362e+12	1.57e-18	3.93e-09	1.00e+00
 2.04769e+12	1.81e-18	4.30e-09	1.00e+00
 2.14098e+12	2.04e-18	4.65e-09	1.00e+00
 2.22007e+12	2.25e-18	4.95e-09	1.00e+00
 2.30533e+12	2.50e-18	5.30e-09	1.00e+00
 2.41555e+12	2.86e-18	5.76e-09	1.00e+00
 2.53052e+12	3.27e-18	6.27e-09	1.00e+00
 2.62916e+12	3.67e-18	6.71e-09	1.00e+00
 2.73428e+12	4.13e-18	7.21e-09	1.00e+00
 2.86453e+12	4.76e-18	7.84e-09	1.00e+00
 2.99827e+12	5.50e-18	8.53e-09	1.00e+00
 3.11884e+12	6.23e-18	9.17e-09	1.00e+00
 3.25150e+12	7.13e-18	9.89e-09	1.00e+00
 3.39660e+12	8.23e-18	1.07e-08	1.00e+00
 3.52832e+12	9.34e-18	1.15e-08	1.00e+00
 3.67002e+12	1.07e-17	1.24e-08	1.00e+00
 3.82937e+12	1.23e-17	1.34e-08	1.00e+00
 3.98068e+12	1.41e-17	1.45e-08	1.00e+00
 4.14638e+12	1.62e-17	1.56e-08	1.00e+00
 4.32970e+12	1.88e-17	1.69e-08	1.00e+00
 4.49996e+12	2.16e-17	1.82e-08	1.00e+00
 4.68535e+12	2.49e-17	1.97e-08	1.00e+00
 4.89312e+12	2.91e-17	2.14e-08	1.00e+00
 5.08998e+12	3.36e-17	2.30e-08	1.00e+00
 5.30251e+12	3.89e-17	2.49e-08	1.00e+00
 5.53906e+12	4.57e-17	2.71e-08	1.00e+00
 5.76719e+12	5.30e-17	2.93e-08	1.00e+00
 6.00992e+12	6.17e-17	3.17e-08	1.00e+00
 6.28024e+12	7.27e-17	3.45e-08	1.00e+00
 6.55161e+12	8.51e-17	3.75e-08	1.00e+00
 6.83384e+12	9.96e-17	4.06e-08	1.00e+00
 7.13712e+12	1.17e-16	4.42e-08	1.00e+00
 7.45253e+12	1.38e-16	4.81e-08	1.00e+00
 7.76289e+12	1.61e-16	5.20e-08	1.00e+00
 8.05149e+12	1.85e-16	5.58e-08	1.00e+00
 8.31192e+12	2.09e-16	5.94e-08	1.00e+00
 8.59113e+12	2.37e-16	6.33e-08	1.00e+00
 8.93888e+12	2.75e-16	6.84e-08	1.00e+00
 9.28761e+12	3.19e-16	7.36e-08	1.00e+00
 9.58728e+12	3.60e-16	7.83e-08	1.00e+00
 9.91132e+12	4.08e-16	8.35e-08	1.00e+00
 1.03113e+13	4.75e-16	9.01e-08	1.00e+00
 1.07114e+13	5.49e-16	9.70e-08	1.00e+00
 1.10568e+13	6.20e-16	1.03e-07	1.00e+00
 1.14300e+13	7.04e-16	1.10e-07	1.00e+00
 1.18886e+13	8.18e-16	1.19e-07	1.00e+00
 1.23515e+13	9.47e-16	1.28e-07	1.00e+00
 1.27616e+13	1.07e-15	1.36e-07	1.00e+00
 1.32100e+13	1.22e-15	1.45e-07	1.00e+00
 1.37477e+13	1.43e-15	1.57e-07	1.00e+00
 1.42834e+13	1.65e-15	1.69e-07	1.00e+00
 1.47715e+13	1.88e-15	1.81e-07	1.00e+00
 1.53155e+13	2.16e-15	1.94e-07	1.00e+00
 1.59504e+13	2.52e-15	2.09e-07	1.00e+00
 1.65761e+13	2.93e-15	2.26e-07	1.00e+00
 1.71683e+13	3.35e-15	2.41e-07	1.00e+00
 1.78264e+13	3.87e-15	2.60e-07	1.00e+00
 1.85694e+13	4.53e-15	2.81e-07	1.00e+00
 1.93158e+13	5.27e-15	3.03e-07	1.00e+00
 2.00921e+13	6.13e-15	3.28e-07	1.00e+00
 2.09257e+13	7.18e-15	3.55e-07	1.00e+00
 2.17329e+13	8.31e-15	3.82e-07	1.00e+00
 2.24921e+13	9.49e-15	4.08e-07	1.00e+00
 2.33415e+13	1.10e-14	4.39e-07	1.00e+00
 2.41975e+13	1.26e-14	4.71e-07	1.00e+00
 2.49084e+13	1.41e-14	4.99e-07	1.00e+00
 2.56611e+13	1.58e-14	5.29e-07	1.00e+00
 2.66232e+13	1.83e-14	5.69e-07	1.00e+00
 2.76324e+13	2.11e-14	6.13e-07	1.00e+00
 2.85254e+13	2.39e-14	6.52e-07	1.00e+00
 2.94926e+13	2.72e-14	6.97e-07	1.00e+00
 3.06551e+13	3.17e-14	7.53e-07	1.00e+00
 3.18323e+13	3.68e-14	8.12e-07	1.00e+00
 3.29354e+13	4.20e-14	8.70e-07	1.00e+00
 3.41614e+13	4.85e-14	9.36e-07	1.00e+00
 3.54600e+13	5.62e-14	1.01e-06	1.00e+00
 3.66143e+13	6.37e-14	1.08e-06	1.00e+00
 3.78567e+13	7.27e-14	1.15e-06	1.00e+00
 3.93451e+13	8.47e-14	1.25e-06	1.00e+00
 4.08100e+13	9.79e-14	1.34e-06	1.00e+00
 4.21154e+13	1.11e-13	1.43e-06	1.00e+00
 4.35567e+13	1.27e-13	1.53e-06	1.00e+00
 4.52737e+13	1.47e-13	1.66e-06	1.00e+00
 4.69783e+13	1.71e-13	1.79e-06	1.00e+00
 4.85387e+13	1.94e-13	1.91e-06	1.00e+00
 5.02825e+13	2.23e-13	2.05e-06	1.00e+00
 5.23084e+13	2.61e-13	2.23e-06	1.00e+00
 5.42965e+13	3.01e-13	2.40e-06	1.00e+00
 5.61791e+13	3.44e-13	2.58e-06	1.00e+00
 5.82712e+13	3.97e-13	2.78e-06	1.00e+00
 6.06320e+13	4.64e-13	3.01e-06	1.00e+00
 6.28740e+13	5.34e-13	3.24e-06	1.00e+00
 6.49177e+13	6.05e-13	3.46e-06	1.00e+00
 6.72298e+13	6.92e-13	3.72e-06	1.00e+00
 6.99224e+13	8.06e-13	4.03e-06	1.00e+00
 7.25061e+13	9.26e-13	4.33e-06	1.00e+00
 7.46465e+13	1.03e-12	4.60e-06	1.00e+00
 7.68140e+13	1.15e-12	4.87e-06	1.00e+00
 7.96148e+13	1.32e-12	5.24e-06	1.00e+00
 8.25125e+13	1.51e-12	5.63e-06	1.00e+00
 8.49693e+13	1.69e-12	5.98e-06	1.00e+00
 8.75799e+13	1.90e-12	6.36e-06	1.00e+00
 9.08515e+13	2.18e-12	6.85e-06	1.00e+00
 9.42210e+13	2.49e-12	7.37e-06	1.00e+00
 9.71883e+13	2.80e-12	7.85e-06	1.00e+00
 1.00394e+14	3.16e-12	8.38e-06	1.00e+00
 1.04266e+14	3.64e-12	9.05e-06	1.00e+00
 1.08106e+14	4.16e-12	9.74e-06	1.00e+00
 1.11518e+14	4.66e-12	1.04e-05	1.00e+00
 1.15269e+14	5.27e-12	1.11e-05	1.00e+00
 1.19752e+14	6.07e-12	1.20e-05	1.00e+00
 1.24204e+14	6.94e-12	1.29e-05	1.00e+00
 1.28254e+14	7.81e-12	1.38e-05	1.00e+00
 1.32763e+14	8.88e-12	1.48e-05	1.00e+00
 1.38033e+14	1.03e-11	1.60e-05	1.00e+00
 1.43218e+14	1.18e-11	1.73e-05	1.00e+00
 1.48087e+14	1.33e-11	1.85e-05	1.00e+00
 1.53516e+14	1.52e-11	2.00e-05	1.00e+00
 1.59687e+14	1.76e-11	2.17e-05	1.00e+00
 1.65839e+14	2.03e-11	2.35e-05	1.00e+00
 1.72237e+14	2.35e-11	2.54e-05	1.00e+00
 1.78004e+14	2.66e-11	2.72e-05	1.00e+00
 1.82349e+14	2.91e-11	2.86e-05	1.00e+00
 1.86878e+14	3.20e-11	3.02e-05	1.00e+00
 1.92766e+14	3.61e-11	3.22e-05	1.00e+00
 1.99168e+14	4.09e-11	3.46e-05	1.00e+00
 2.04964e+14	4.58e-11	3.68e-05	1.00e+00
 2.11227e+14	5.15e-11	3.92e-05	1.00e+00
 2.19078e+14	5.95e-11	4.24e-05	1.00e+00
 2.26965e+14	6.85e-11	4.58e-05	1.00e+00
 2.33681e+14	7.69e-11	4.89e-05	1.00e+00
 2.40901e+14	8.70e-11	5.23e-05	1.00e+00
 2.49896e+14	1.01e-10	5.66e-05	1.00e+00
 2.59173e+14	1.17e-10	6.14e-05	1.00e+00
 2.67446e+14	1.33e-10	6.58e-05	1.00e+00
 2.76437e+14	1.53e-10	7.09e-05	1.00e+00
 2.87165e+14	1.79e-10	7.72e-05	1.00e+00
 2.97732e+14	2.08e-10	8.37e-05	1.00e+00
 3.07237e+14	2.38e-10	8.99e-05	1.00e+00
 3.17778e+14	2.74e-10	9.69e-05	1.00e+00
 3.30226e+14	3.22e-10	1.06e-04	1.00e+00
 3.42526e+14	3.76e-10	1.15e-04	1.00e+00
 3.53894e+14	4.33e-10	1.24e-04	1.00e+00
 3.66656e+14	5.04e-10	1.34e-04	1.00e+00
 3.81353e+14	5.96e-10	1.46e-04	1.00e+00
 3.95737e+14	7.00e-10	1.59e-04	1.00e+00
 4.10696e+14	8.21e-10	1.73e-04	1.00e+00
 4.27154e+14	9.73e-10	1.89e-04	1.00e+00
 4.41075e+14	1.12e-09	2.03e-04	1.00e+00
 4.51250e+14	1.23e-09	2.14e-04	1.00e+00
 4.61931e+14	1.37e-09	2.26e-04	1.00e+00
 4.75815e+14	1.55e-09	2.41e-04	1.00e+00
 4.91129e+14	1.78e-09	2.59e-04	1.00e+00
 5.05297e+14	2.02e-09	2.76e-04	1.00e+00
 5.20712e+14	2.30e-09	2.95e-04	1.00e+00
 5.38036e+14	2.65e-09	3.18e-04	1.00e+00
 5.54531e+14	3.02e-09	3.40e-04	1.00e+00
 5.72660e+14	3.47e-09	3.65e-04	1.00e+00
 5.92934e+14	4.03e-09	3.95e-04	1.00e+00
 6.12189e+14	4.64e-09	4.24e-04	1.00e+00
 6.33413e+14	5.38e-09	4.57e-04	1.00e+00
 6.57213e+14	6.30e-09	4.96e-04	1.00e+00
 6.79698e+14	7.29e-09	5.34e-04	9.99e-01
 7.04201e+14	8.50e-09	5.78e-04	9.99e-01
 7.31419e+14	1.00e-08	6.28e-04	9.99e-01
 7.56865e+14	1.16e-08	6.77e-04	9.99e-01
 7.84308e+14	1.35e-08	7.32e-04	9.99e-01
 8.15026e+14	1.60e-08	7.96e-04	9.99e-01
 8.44592e+14	1.86e-08	8.60e-04	9.99e-01
 8.76023e+14	2.18e-08	9.31e-04	9.99e-01
 9.11094e+14	2.57e-08	1.01e-03	9.99e-01
 9.40620e+14	2.95e-08	1.09e-03	9.99e-01
 9.61857e+14	3.24e-08	1.14e-03	9.99e-01
 9.83916e+14	3.57e-08	1.20e-03	9.99e-01
 1.01259e+15	4.04e-08	1.27e-03	9.99e-01
 1.04458e+15	4.61e-08	1.36e-03	9.99e-01
 1.07454e+15	5.19e-08	1.44e-03	9.99e-01
 1.10715e+15	5.90e-08	1.54e-03	9.98e-01
 1.14363e+15	6.77e-08	1.65e-03	9.98e-01
 1.17805e+15	7.67e-08	1.76e-03	9.98e-01
 1.21569e+15	8.75e-08	1.88e-03	9.98e-01
 1.25788e+15	1.01e-07	2.02e-03	9.98e-01
 1.29789e+15	1.15e-07	2.16e-03	9.98e-01
 1.34184e+15	1.32e-07	2.32e-03	9.98e-01
 1.39081e+15	1.54e-07	2.50e-03	9.98e-01
 1.43637e+15	1.76e-07	2.67e-03	9.97e-01
 1.48564e+15	2.02e-07	2.87e-03	9.97e-01
 1.54069e+15	2.35e-07	3.10e-03	9.97e-01
 1.59221e+15	2.69e-07	3.31e-03	9.97e-01
 1.64814e+15	3.11e-07	3.56e-03	9.96e-01
 1.70761e+15	3.59e-07	3.84e-03	9.96e-01
 1.75966e+15	4.06e-07	4.08e-03	9.96e-01
 1.80435e+15	4.51e-07	4.30e-03	9.96e-01
 1.85151e+15	5.02e-07	4.54e-03	9.95e-01
 1.91281e+15	5.75e-07	4.86e-03	9.95e-01
 1.97419e+15	6.55e-07	5.19e-03	9.95e-01
 2.02337e+15	7.24e-07	5.46e-03	9.95e-01
 2.07504e+15	8.05e-07	5.76e-03	9.94e-01
 2.14220e+15	9.20e-07	6.16e-03	9.94e-01
 2.21201e+15	1.05e-06	6.58e-03	9.93e-01
 2.27166e+15	1.17e-06	6.95e-03	9.93e-01
 2.33560e+15	1.31e-06	7.37e-03	9.93e-01
 2.41872e+15	1.52e-06	7.93e-03	9.92e-01
 2.50315e+15	1.75e-06	8.52e-03	9.91e-01
 2.57133e+15	1.95e-06	9.00e-03	9.91e-01
 2.64198e+15	2.19e-06	9.54e-03	9.90e-01
 2.73384e+15	2.53e-06	1.03e-02	9.90e-01
 2.82889e+15	2.90e-06	1.10e-02	9.89e-01
 2.90855e+15	3.25e-06	1.17e-02	9.88e-01
 2.99255e+15	3.67e-06	1.25e-02	9.88e-01
 3.08307e+15	4.16e-06	1.33e-02	9.87e-01
 3.16364e+15	4.62e-06	1.40e-02	9.86e-01
 3.23554e+15	5.07e-06	1.48e-02	9.85e-01
 3.31457e+15	5.62e-06	1.56e-02	9.84e-01
 3.40139e+15	6.26e-06	1.65e-02	9.83e-01
 3.48434e+15	6.93e-06	1.75e-02	9.83e-01
 3.56476e+15	7.64e-06	1.84e-02	9.82e-01
 3.65589e+15	8.55e-06	1.96e-02	9.80e-01
 3.75650e+15	9.62e-06	2.09e-02	9.79e-01
 3.84984e+15	1.07e-05	2.22e-02	9.78e-01
 3.93570e+15	1.18e-05	2.35e-02	9.77e-01
 4.03146e+15	1.32e-05	2.50e-02	9.75e-01
 4.13850e+15	1.48e-05	2.69e-02	9.73e-01
 4.23867e+15	1.65e-05	2.87e-02	9.71e-01
 4.33318e+15	1.84e-05	3.06e-02	9.69e-01
 4.42763e+15	2.04e-05	3.26e-02	9.67e-01
 4.53620e+15	2.32e-05	3.53e-02	9.65e-01
 4.65159e+15	2.63e-05	3.82e-02	9.62e-01
 4.75352e+15	2.96e-05	4.12e-02	9.59e-01
 4.84609e+15	3.29e-05	4.41e-02	9.56e-01
 4.93468e+15	3.66e-05	4.72e-02	9.53e-01
 5.03569e+15	4.15e-05	5.13e-02	9.49e-01
 5.14250e+15	4.74e-05	5.61e-02	9.44e-01
 5.23309e+15	5.31e-05	6.06e-02	9.39e-01
 5.30523e+15	5.82e-05	6.46e-02	9.35e-01
 5.36705e+15	6.33e-05	6.84e-02	9.32e-01
 5.43732e+15	6.99e-05	7.33e-02	9.27e-01
 5.51375e+15	7.82e-05	7.91e-02	9.21e-01
 5.57986e+15	8.60e-05	8.47e-02	9.15e-01
 5.63832e+15	9.41e-05	9.01e-02	9.10e-01
 5.70520e+15	1.05e-04	9.72e-02	9.03e-01
 5.77700e+15	1.18e-04	1.06e-01	8.94e-01
 5.83891e+15	1.30e-04	1.14e-01	8.86e-01
 5.90310e+15	1.46e-04	1.24e-01	8.76e-01
 5.97033e+15	1.65e-04	1.35e-01	8.65e-01
 6.02647e+15	1.85e-04	1.46e-01	8.54e-01
 6.07154e+15	2.01e-04	1.55e-01	8.44e-01
 6.11726e+15	2.21e-04	1.66e-01	8.33e-01
 6.17670e+15	2.51e-04	1.82e-01	8.18e-01
 6.23849e+15	2.87e-04	2.01e-01	7.99e-01
 6.28888e+15	3.24e-04	2.17e-01	7.82e-01
 6.32903e+15	3.54e-04	2.33e-01	7.67e-01
 6.37031e+15	3.94e-04	2.50e-01	7.50e-01
 6.41571e+15	4.40e-04	2.70e-01	7.29e-01
 6.45979e+15	4.87e-04	2.92e-01	7.08e-01
 6.51041e+15	5.60e-04	3.19e-01	6.80e-01
 6.55938e+15	6.28e-04	3.48e-01	6.51e-01
 6.60621e+15	7.17e-04	3.79e-01	6.21e-01
 6.65279e+15	8.05e-04	4.10e-01	5.89e-01
 6.68581e+15	8.73e-04	4.34e-01	5.65e-01
 6.71067e+15	9.30e-04	4.52e-01	5.47e-01
 6.73813e+15	9.98e-04	4.74e-01	5.25e-01
 6.77383e+15	1.09e-03	5.02e-01	4.97e-01
 6.81015e+15	1.19e-03	5.31e-01	4.68e-01
 6.83966e+15	1.28e-03	5.54e-01	4.45e-01
 6.87040e+15	1.38e-03	5.79e-01	4.19e-01
 6.90471e+15	1.49e-03	6.06e-01	3.92e-01
 6.93675e+15	1.60e-03	6.31e-01	3.67e-01
 6.96655e+15	1.70e-03	6.53e-01	3.45e-01
 7.00032e+15	1.83e-03	6.79e-01	3.19e-01
 7.03653e+15	1.96e-03	7.04e-01	2.94e-01
 7.06859e+15	2.09e-03	7.25e-01	2.73e-01
 7.09838e+15	2.21e-03	7.44e-01	2.54e-01
 7.13254e+15	2.35e-03	7.65e-01	2.33e-01
 7.16980e+15	2.51e-03	7.86e-01	2.12e-01
 7.20327e+15	2.65e-03	8.02e-01	1.95e-01
 7.23392e+15	2.79e-03	8.17e-01	1.80e-01
 7.26873e+15	2.95e-03	8.33e-01	1.65e-01
 7.30688e+15	3.13e-03	8.47e-01	1.49e-01
 7.34133e+15	3.30e-03	8.60e-01	1.37e-01
 7.37275e+15	3.46e-03	8.70e-01	1.26e-01
 7.40832e+15	3.66e-03	8.81e-01	1.15e-01
 7.44727e+15	3.88e-03	8.92e-01	1.04e-01
 7.48270e+15	4.09e-03	9.00e-01	9.56e-02
 7.51447e+15	4.30e-03	9.07e-01	8.83e-02
 7.54943e+15	4.53e-03	9.15e-01	8.08e-02
 7.58779e+15	4.81e-03	9.22e-01	7.36e-02
 7.62266e+15	5.08e-03	9.27e-01	6.78e-02
 7.65472e+15	5.36e-03	9.32e-01	6.28e-02
 7.69103e+15	5.69e-03	9.37e-01	5.74e-02
 7.73136e+15	6.09e-03	9.42e-01	5.23e-02
 7.76797e+15	6.50e-03	9.45e-01	4.82e-02
 7.80051e+15	6.90e-03	9.48e-01	4.48e-02
 7.83668e+15	7.39e-03	9.51e-01	4.11e-02
 7.88371e+15	8.11e-03	9.55e-01	3.69e-02
 7.93115e+15	8.98e-03	9.58e-01	3.34e-02
 7.96715e+15	9.73e-03	9.59e-01	3.10e-02
 7.99656e+15	1.04e-02	9.60e-01	2.91e-02
 8.02941e+15	1.13e-02	9.62e-01	2.71e-02
 8.07211e+15	1.27e-02	9.63e-01	2.47e-02
 8.11426e+15	1.43e-02	9.63e-01	2.27e-02
 8.14494e+15	1.58e-02	9.63e-01	2.14e-02
 8.16740e+15	1.70e-02	9.63e-01	2.05e-02
 8.18990e+15	1.84e-02	9.62e-01	1.95e-02
 8.21914e+15	2.04e-02	9.61e-01	1.84e-02
 8.24778e+15	2.28e-02	9.60e-01	1.74e-02
 8.26832e+15	2.50e-02	9.58e-01	1.67e-02
 8.28437e+15	2.67e-02	9.57e-01	1.62e-02
 8.30192e+15	2.90e-02	9.55e-01	1.57e-02
 8.32474e+15	3.23e-02	9.53e-01	1.50e-02
 8.34773e+15	3.63e-02	9.49e-01	1.44e-02
 8.36503e+15	4.00e-02	9.46e-01	1.40e-02
 8.37875e+15	4.32e-02	9.43e-01	1.37e-02
 8.39373e+15	4.72e-02	9.39e-01	1.34e-02
 8.41320e+15	5.31e-02	9.34e-01	1.30e-02
 8.43248e+15	6.02e-02	9.27e-01	1.26e-02
 8.44696e+15	6.66e-02	9.21e-01	1.24e-02
 8.45933e+15	7.27e-02	9.15e-01	1.22e-02
 8.47350e+15	8.08e-02	9.07e-01	1.20e-02
 8.48934e+15	9.08e-02	8.97e-01	1.19e-02
 8.50398e+15	1.02e-01	8.86e-01	1.17e-02
 8.51588e+15	1.13e-01	8.76e-01	1.17e-02
 8.52563e+15	1.22e-01	8.66e-01	1.16e-02
 8.53540e+15	1.33e-01	8.56e-01	1.16e-02
 8.54590e+15	1.45e-01	8.43e-01	1.16e-02
 8.55594e+15	1.59e-01	8.30e-01	1.15e-02
 8.56472e+15	1.71e-01	8.17e-01	1.16e-02
 8.57128e+15	1.81e-01	8.07e-01	1.16e-02
 8.57556e+15	1.89e-01	8.00e-01	1.16e-02
 8.57952e+15	1.96e-01	7.93e-01	1.16e-02
 8.58423e+15	2.04e-01	7.84e-01	1.16e-02
 8.58942e+15	2.14e-01	7.75e-01	1.16e-02
 8.59443e+15	2.24e-01	7.65e-01	1.16e-02
 8.59911e+15	2.33e-01	7.55e-01	1.16e-02
 8.60373e+15	2.43e-01	7.45e-01	1.16e-02
 8.60840e+15	2.54e-01	7.35e-01	1.16e-02
 8.61310e+15	2.65e-01	7.23e-01	1.16e-02
 8.61775e+15	2.76e-01	7.12e-01	1.16e-02
 8.62236e+15	2.88e-01	7.01e-01	1.16e-02
 8.62700e+15	3.00e-01	6.88e-01	1.16e-02
 8.63155e+15	3.12e-01	6.76e-01	1.16e-02
 8.63607e+15	3.25e-01	6.63e-01	1.16e-02
 8.64065e+15	3.39e-01	6.50e-01	1.16e-02
 8.64520e+15	3.52e-01	6.37e-01	1.16e-02
 8.64974e+15	3.66e-01	6.22e-01	1.15e-02
 8.65427e+15	3.80e-01	6.08e-01	1.15e-02
 8.65882e+15	3.95e-01	5.93e-01	1.15e-02
 8.66343e+15	4.10e-01	5.78e-01	1.14e-02
 8.66797e+15	4.26e-01	5.63e-01	1.13e-02
 8.67250e+15	4.41e-01	5.47e-01	1.13e-02
 8.67709e+15	4.58e-01	5.31e-01	1.12e-02
 8.68176e+15	4.74e-01	5.15e-01	1.11e-02
 8.68645e+15	4.91e-01	4.98e-01	1.10e-02
 8.69114e+15	5.08e-01	4.81e-01	1.08e-02
 8.69581e+15	5.25e-01	4.65e-01	1.07e-02
 8.70046e+15	5.41e-01	4.48e-01	1.05e-02
 8.70512e+15	5.58e-01	4.31e-01	1.04e-02
 8.70981e+15	5.75e-01	4.15e-01	1.02e-02
 8.71453e+15	5.92e-01	3.98e-01	1.00e-02
 8.71926e+15	6.08e-01	3.82e-01	9.81e-03
 8.72406e+15	6.24e-01	3.66e-01	9.59e-03
 8.72892e+15	6.40e-01	3.50e-01	9.37e-03
 8.73386e+15	6.56e-01	3.35e-01	9.12e-03
 8.73892e+15	6.72e-01	3.19e-01	8.88e-03
 8.74412e+15	6.87e-01	3.04e-01	8.61e-03
 8.74949e+15	7.02e-01	2.90e-01	8.34e-03
 8.75508e+15	7.17e-01	2.75e-01	8.05e-03
 8.76092e+15	7.31e-01	2.61e-01	7.74e-03
 8.76709e+15	7.45e-01	2.47e-01	7.44e-03
 8.77368e+15	7.59e-01	2.34e-01	7.12e-03
 8.78069e+15	7.72e-01	2.21e-01	6.80e-03
 8.78827e+15	7.85e-01	2.09e-01	6.48e-03
 8.79658e+15	7.96e-01	1.97e-01	6.16e-03
 8.80570e+15	8.07e-01	1.87e-01	5.84e-03
 8.81589e+15	8.18e-01	1.77e-01	5.53e-03
 8.82711e+15	8.27e-01	1.68e-01	5.23e-03
 8.83828e+15	8.34e-01	1.61e-01	4.98e-03
 8.84938e+15	8.40e-01	1.55e-01	4.76e-03
 8.86153e+15	8.45e-01	1.50e-01	4.55e-03
 8.87517e+15	8.50e-01	1.45e-01	4.34e-03
 8.89017e+15	8.55e-01	1.41e-01	4.14e-03
 8.90626e+15	8.59e-01	1.37e-01	3.95e-03
 8.92328e+15	8.62e-01	1.34e-01	3.77e-03
 8.94103e+15	8.66e-01	1.31e-01	3.59e-03
 8.95924e+15	8.69e-01	1.27e-01	3.43e-03
 8.97762e+15	8.72e-01	1.25e-01	3.27e-03
 8.99594e+15	8.75e-01	1.22e-01	3.12e-03
 9.01409e+15	8.78e-01	1.19e-01	2.98e-03
 9.03198e+15	8.81e-01	1.17e-01	2.85e-03
 9.04959e+15	8.83e-01	1.14e-01	2.73e-03
 9.06690e+15	8.85e-01	1.12e-01	2.62e-03
 9.08390e+15	8.88e-01	1.10e-01	2.52e-03
 9.10100e+15	8.90e-01	1.08e-01	2.41e-03
 9.11762e+15	8.92e-01	1.06e-01	2.32e-03
 9.13365e+15	8.94e-01	1.04e-01	2.23e-03
 9.14978e+15	8.96e-01	1.02e-01	2.15e-03
 9.16560e+15	8.98e-01	1.00e-01	2.07e-03
 9.18093e+15	9.00e-01	9.83e-02	1.99e-03
 9.19571e+15	9.01e-01	9.67e-02	1.92e-03
 9.21021e+15	9.03e-01	9.51e-02	1.86e-03
 9.22481e+15	9.05e-01	9.35e-02	1.80e-03
 9.23943e+15	9.06e-01	9.20e-02	1.74e-03
 9.25384e+15	9.08e-01	9.05e-02	1.68e-03
 9.26800e+15	9.09e-01	8.91e-02	1.62e-03
 9.28199e+15	9.11e-01	8.77e-02	1.57e-03
 9.29586e+15	9.12e-01	8.64e-02	1.52e-03
 9.30963e+15	9.13e-01	8.51e-02	1.47e-03
 9.32329e+15	9.15e-01	8.38e-02	1.43e-03
 9.33687e+15	9.16e-01	8.26e-02	1.38e-03
 9.35038e+15	9.17e-01	8.13e-02	1.34e-03
 9.36385e+15	9.19e-01	8.01e-02	1.30e-03
 9.37731e+15	9.20e-01	7.90e-02	1.26e-03
 9.39078e+15	9.21e-01	7.78e-02	1.22e-03
 9.40429e+15	9.22e-01	7.67e-02	1.18e-03
 9.41789e+15	9.23e-01	7.55e-02	1.15e-03
 9.43175e+15	9.24e-01	7.44e-02	1.11e-03
 9.44604e+15	9.26e-01	7.33e-02	1.08e-03
 9.46076e+15	9.27e-01	7.21e-02	1.04e-03
 9.47584e+15	9.28e-01	7.10e-02	1.01e-03
 9.49139e+15	9.29e-01	6.98e-02	9.71e-04
 9.50762e+15	9.31e-01	6.86e-02	9.36e-04
 9.52478e+15	9.32e-01	6.73e-02	9.00e-04
 9.54319e+15	9.33e-01	6.60e-02	8.63e-04
 9.56335e+15	9.35e-01	6.46e-02	8.25e-04
 9.58607e+15	9.36e-01	6.30e-02	7.83e-04
 9.61219e+15	9.38e-01	6.12e-02	7.38e-04
 9.63955e+15	9.40e-01	5.95e-02	6.94e-04
 9.66508e+15	9.41e-01	5.79e-02	6.56e-04
 9.68830e+15	9.43e-01	5.65e-02	6.23e-04
 9.70944e+15	9.44e-01	5.52e-02	5.94e-04
 9.72867e+15	9.45e-01	5.41e-02	5.69e-04
 9.74618e+15	9.46e-01	5.31e-02	5.47e-04
 9.76210e+15	9.47e-01	5.22e-02	5.28e-04
 9.77660e+15	9.48e-01	5.14e-02	5.10e-04
 9.78979e+15	9.49e-01	5.06e-02	4.96e-04
 9.80424e+15	9.50e-01	4.98e-02	4.79e-04
 9.82303e+15	9.51e-01	4.88e-02	4.59e-04
 9.84332e+15	9.52e-01	4.77e-02	4.38e-04
 9.86177e+15	9.53e-01	4.68e-02	4.21e-04
 9.87857e+15	9.54e-01	4.59e-02	4.04e-04
 9.89386e+15	9.54e-01	4.51e-02	3.90e-04
 9.90777e+15	9.55e-01	4.44e-02	3.77e-04
 9.92043e+15	9.56e-01	4.38e-02	3.66e-04
 9.93195e+15	9.56e-01	4.32e-02	3.56e-04
 9.94457e+15	9.57e-01	4.26e-02	3.45e-04
 9.95819e+15	9.58e-01	4.19e-02	3.34e-04
 9.97060e+15	9.58e-01	4.13e-02	3.24e-04
 9.98188e+15	9.59e-01	4.08e-02	3.15e-04
 9.99425e+15	9.60e-01	4.02e-02	3.05e-04
 1.00076e+16	9.60e-01	3.96e-02	2.96e-04
 1.00197e+16	9.61e-01	3.90e-02	2.87e-04
 1.00308e+16	9.61e-01	3.85e-02	2.79e-04
 1.00409e+16	9.62e-01	3.80e-02	2.72e-04
 1.00519e+16	9.62e-01	3.75e-02	2.64e-04
 1.00638e+16	9.63e-01	3.69e-02	2.57e-04
 1.00746e+16	9.63e-01	3.65e-02	2.50e-04
 1.00845e+16	9.64e-01	3.60e-02	2.44e-04
 1.00953e+16	9.64e-01	3.55e-02	2.37e-04
 1.01069e+16	9.65e-01	3.50e-02	2.30e-04
 1.01175e+16	9.65e-01	3.46e-02	2.24e-04
 1.01272e+16	9.66e-01	3.41e-02	2.19e-04
 1.01378e+16	9.66e-01	3.37e-02	2.12e-04
 1.01492e+16	9.67e-01	3.32e-02	2.07e-04
 1.01596e+16	9.67e-01	3.28e-02	2.01e-04
 1.01690e+16	9.67e-01	3.24e-02	1.96e-04
 1.01794e+16	9.68e-01	3.19e-02	1.91e-04
 1.01906e+16	9.68e-01	3.15e-02	1.86e-04
 1.02008e+16	9.69e-01	3.11e-02	1.81e-04
 1.02100e+16	9.69e-01	3.08e-02	1.77e-04
 1.02202e+16	9.69e-01	3.04e-02	1.72e-04
 1.02312e+16	9.70e-01	3.00e-02	1.68e-04
 1.02411e+16	9.70e-01	2.96e-02	1.63e-04
 1.02521e+16	9.71e-01	2.92e-02	1.59e-04
 1.02639e+16	9.71e-01	2.88e-02	1.54e-04
 1.02746e+16	9.71e-01	2.84e-02	1.50e-04
 1.02844e+16	9.72e-01	2.80e-02	1.47e-04
 1.02951e+16	9.72e-01	2.77e-02	1.43e-04
 1.03066e+16	9.73e-01	2.73e-02	1.39e-04
 1.03172e+16	9.73e-01	2.70e-02	1.35e-04
 1.03287e+16	9.73e-01	2.66e-02	1.32e-04
 1.03411e+16	9.74e-01	2.62e-02	1.28e-04
 1.03524e+16	9.74e-01	2.59e-02	1.25e-04
 1.03649e+16	9.74e-01	2.55e-02	1.21e-04
 1.03783e+16	9.75e-01	2.51e-02	1.17e-04
 1.03904e+16	9.75e-01	2.47e-02	1.14e-04
 1.04015e+16	9.75e-01	2.44e-02	1.11e-04
 1.04137e+16	9.76e-01	2.41e-02	1.08e-04
 1.04268e+16	9.76e-01	2.37e-02	1.05e-04
 1.04388e+16	9.77e-01	2.34e-02	1.02e-04
 1.04518e+16	9.77e-01	2.30e-02	9.87e-05
 1.04660e+16	9.77e-01	2.27e-02	9.57e-05
 1.04788e+16	9.78e-01	2.23e-02	9.30e-05
 1.04905e+16	9.78e-01	2.21e-02	9.06e-05
 1.05034e+16	9.78e-01	2.17e-02	8.79e-05
 1.05172e+16	9.79e-01	2.14e-02	8.54e-05
 1.05298e+16	9.79e-01	2.11e-02	8.31e-05
 1.05436e+16	9.79e-01	2.08e-02	8.05e-05
 1.05585e+16	9.79e-01	2.05e-02	7.80e-05
 1.05720e+16	9.80e-01	2.02e-02	7.58e-05
 1.05869e+16	9.80e-01	1.98e-02	7.33e-05
 1.06029e+16	9.80e-01	1.95e-02	7.09e-05
 1.06175e+16	9.81e-01	1.92e-02	6.87e-05
 1.06308e+16	9.81e-01	1.89e-02	6.69e-05
 1.06454e+16	9.81e-01	1.86e-02	6.47e-05
 1.06611e+16	9.82e-01	1.83e-02	6.27e-05
 1.06754e+16	9.82e-01	1.81e-02	6.09e-05
 1.06911e+16	9.82e-01	1.78e-02	5.89e-05
 1.07080e+16	9.82e-01	1.75e-02	5.70e-05
 1.07234e+16	9.83e-01	1.72e-02	5.52e-05
 1.07402e+16	9.83e-01	1.69e-02	5.33e-05
 1.07585e+16	9.83e-01	1.66e-02	5.15e-05
 1.07750e+16	9.84e-01	1.63e-02	4.98e-05
 1.07901e+16	9.84e-01	1.61e-02	4.84e-05
 1.08066e+16	9.84e-01	1.58e-02	4.68e-05
 1.08245e+16	9.84e-01	1.55e-02	4.52e-05
 1.08407e+16	9.85e-01	1.53e-02	4.38e-05
 1.08585e+16	9.85e-01	1.50e-02	4.23e-05
 1.08777e+16	9.85e-01	1.47e-02	4.08e-05
 1.08952e+16	9.85e-01	1.45e-02	3.95e-05
 1.09143e+16	9.86e-01	1.42e-02	3.80e-05
 1.09350e+16	9.86e-01	1.40e-02	3.66e-05
 1.09538e+16	9.86e-01	1.37e-02	3.54e-05
 1.09744e+16	9.87e-01	1.35e-02	3.40e-05
 1.09967e+16	9.87e-01	1.32e-02	3.27e-05
 1.10169e+16	9.87e-01	1.30e-02	3.16e-05
 1.10391e+16	9.87e-01	1.27e-02	3.03e-05
 1.10631e+16	9.88e-01	1.24e-02	2.91e-05
 1.10849e+16	9.88e-01	1.22e-02	2.80e-05
 1.11047e+16	9.88e-01	1.20e-02	2.70e-05
 1.11265e+16	9.88e-01	1.17e-02	2.60e-05
 1.11500e+16	9.88e-01	1.15e-02	2.50e-05
 1.11713e+16	9.89e-01	1.13e-02	2.41e-05
 1.11947e+16	9.89e-01	1.11e-02	2.31e-05
 1.12200e+16	9.89e-01	1.08e-02	2.22e-05
 1.12430e+16	9.89e-01	1.06e-02	2.14e-05
 1.12682e+16	9.90e-01	1.04e-02	2.05e-05
 1.12954e+16	9.90e-01	1.02e-02	1.96e-05
 1.13201e+16	9.90e-01	9.97e-03	1.88e-05
 1.13473e+16	9.90e-01	9.74e-03	1.80e-05
 1.13766e+16	9.90e-01	9.52e-03	1.72e-05
 1.14032e+16	9.91e-01	9.32e-03	1.65e-05
 1.14324e+16	9.91e-01	9.10e-03	1.57e-05
 1.14639e+16	9.91e-01	8.88e-03	1.50e-05
 1.14926e+16	9.91e-01	8.68e-03	1.43e-05
 1.15241e+16	9.92e-01	8.47e-03	1.36e-05
 1.15580e+16	9.92e-01	8.25e-03	1.30e-05
 1.15889e+16	9.92e-01	8.07e-03	1.24e-05
 1.16227e+16	9.92e-01	7.86e-03	1.18e-05
 1.16593e+16	9.92e-01	7.64e-03	1.11e-05
 1.16925e+16	9.93e-01	7.46e-03	1.06e-05
 1.17289e+16	9.93e-01	7.26e-03	1.01e-05
 1.17683e+16	9.93e-01	7.06e-03	9.51e-06
 1.18041e+16	9.93e-01	6.88e-03	9.04e-06
 1.18433e+16	9.93e-01	6.68e-03	8.54e-06
 1.18943e+16	9.94e-01	6.44e-03	7.93e-06
 1.19531e+16	9.94e-01	6.17e-03	7.30e-06
 1.20125e+16	9.94e-01	5.92e-03	6.74e-06
 1.20721e+16	9.94e-01	5.69e-03	6.22e-06
 1.21341e+16	9.95e-01	5.45e-03	5.72e-06
 1.21989e+16	9.95e-01	5.22e-03	5.25e-06
 1.22659e+16	9.95e-01	5.00e-03	4.81e-06
 1.23350e+16	9.95e-01	4.78e-03	4.40e-06
 1.24066e+16	9.95e-01	4.56e-03	4.02e-06
 1.24808e+16	9.96e-01	4.35e-03	3.66e-06
 1.25572e+16	9.96e-01	4.15e-03	3.33e-06
 1.26350e+16	9.96e-01	3.95e-03	3.03e-06
 1.27139e+16	9.96e-01	3.77e-03	2.75e-06
 1.27942e+16	9.96e-01	3.59e-03	2.50e-06
 1.28760e+16	9.97e-01	3.42e-03	2.27e-06
 1.29582e+16	9.97e-01	3.26e-03	2.06e-06
 1.30416e+16	9.97e-01	3.10e-03	1.87e-06
 1.31277e+16	9.97e-01	2.95e-03	1.69e-06
 1.32159e+16	9.97e-01	2.80e-03	1.53e-06
 1.33053e+16	9.97e-01	2.66e-03	1.39e-06
 1.33962e+16	9.97e-01	2.53e-03	1.25e-06
 1.34887e+16	9.98e-01	2.40e-03	1.13e-06
 1.35831e+16	9.98e-01	2.28e-03	1.02e-06
 1.36793e+16	9.98e-01	2.16e-03	9.18e-07
 1.37771e+16	9.98e-01	2.05e-03	8.26e-07
 1.38767e+16	9.98e-01	1.95e-03	7.43e-07
 1.39783e+16	9.98e-01	1.84e-03	6.67e-07
 1.40819e+16	9.98e-01	1.74e-03	5.98e-07
 1.41876e+16	9.98e-01	1.65e-03	5.36e-07
 1.42955e+16	9.98e-01	1.56e-03	4.79e-07
 1.44054e+16	9.99e-01	1.47e-03	4.28e-07
 1.45177e+16	9.99e-01	1.39e-03	3.82e-07
 1.46323e+16	9.99e-01	1.31e-03	3.40e-07
 1.47494e+16	9.99e-01	1.24e-03	3.02e-07
 1.48691e+16	9.99e-01	1.16e-03	2.68e-07
 1.49915e+16	9.99e-01	1.09e-03	2.38e-07
 1.51168e+16	9.99e-01	1.03e-03	2.10e-07
 1.52451e+16	9.99e-01	9.66e-04	1.85e-07
 1.53766e+16	9.99e-01	9.06e-04	1.63e-07
 1.55115e+16	9.99e-01	8.48e-04	1.43e-07
 1.56499e+16	9.99e-01	7.94e-04	1.25e-07
 1.57922e+16	9.99e-01	7.41e-04	1.09e-07
 1.59384e+16	9.99e-01	6.91e-04	9.52e-08
 1.60889e+16	9.99e-01	6.43e-04	8.27e-08
 1.62433e+16	9.99e-01	5.99e-04	7.17e-08
 1.63999e+16	9.99e-01	5.57e-04	6.20e-08
 1.65622e+16	9.99e-01	5.16e-04	5.33e-08
 1.67341e+16	1.00e+00	4.76e-04	4.55e-08
 1.69135e+16	1.00e+00	4.39e-04	3.86e-08
 1.70991e+16	1.00e+00	4.03e-04	3.26e-08
 1.72919e+16	1.00e+00	3.69e-04	2.73e-08
 1.74937e+16	1.00e+00	3.37e-04	2.28e-08
 1.77056e+16	1.00e+00	3.06e-04	1.88e-08
 1.79285e+16	1.00e+00	2.77e-04	1.54e-08
 1.81645e+16	1.00e+00	2.49e-04	1.25e-08
 1.84175e+16	1.00e+00	2.23e-04	1.00e-08
 1.86839e+16	1.00e+00	1.98e-04	7.92e-09
 1.89683e+16	1.00e+00	1.75e-04	6.17e-09
 1.92802e+16	1.00e+00	1.53e-04	4.71e-09
 1.96195e+16	1.00e+00	1.32e-04	3.51e-09
 1.99914e+16	1.00e+00	1.12e-04	2.55e-09
 2.04055e+16	1.00e+00	9.41e-05	1.80e-09
 2.08753e+16	1.00e+00	7.72e-05	1.21e-09
 2.14145e+16	1.00e+00	6.17e-05	7.74e-10
 2.20070e+16	1.00e+00	4.85e-05	4.79e-10
 2.26112e+16	1.00e+00	3.82e-05	2.98e-10
 2.32088e+16	1.00e+00	3.03e-05	1.87e-10
 2.38066e+16	1.00e+00	2.41e-05	1.19e-10
 2.44133e+16	1.00e+00	1.92e-05	7.53e-11
 2.50326e+16	1.00e+00	1.53e-05	4.78e-11
 2.56643e+16	1.00e+00	1.21e-05	3.02e-11
 2.63056e+16	1.00e+00	9.67e-06	1.92e-11
 2.69581e+16	1.00e+00	7.71e-06	1.22e-11
 2.76268e+16	1.00e+00	6.13e-06	7.75e-12
 2.83092e+16	1.00e+00	4.88e-06	4.92e-12
 2.90055e+16	1.00e+00	3.89e-06	3.12e-12
 2.97188e+16	1.00e+00	3.09e-06	1.97e-12
 3.04486e+16	1.00e+00	2.46e-06	1.25e-12
 3.11976e+16	1.00e+00	1.95e-06	7.85e-13
 3.19687e+16	1.00e+00	1.54e-06	4.93e-13
 3.27633e+16	1.00e+00	1.22e-06	3.08e-13
 3.35857e+16	1.00e+00	9.57e-07	1.90e-13
 3.44393e+16	1.00e+00	7.50e-07	1.17e-13
 3.53307e+16	1.00e+00	5.84e-07	7.11e-14
 3.62696e+16	1.00e+00	4.51e-07	4.25e-14
 3.72623e+16	1.00e+00	3.45e-07	2.49e-14
 3.82834e+16	1.00e+00	2.64e-07	1.46e-14
 3.92914e+16	1.00e+00	2.04e-07	8.72e-15
 4.02789e+16	1.00e+00	1.59e-07	5.32e-15
 4.12510e+16	1.00e+00	1.25e-07	3.30e-15
 4.22079e+16	1.00e+00	9.93e-08	2.08e-15
 4.31483e+16	1.00e+00	7.94e-08	1.33e-15
 4.40659e+16	1.00e+00	6.41e-08	8.69e-16
 4.49562e+16	1.00e+00	5.23e-08	5.78e-16
 4.58183e+16	1.00e+00	4.30e-08	3.92e-16
 4.66514e+16	1.00e+00	3.57e-08	2.71e-16
 4.74544e+16	1.00e+00	2.99e-08	1.91e-16
 4.82263e+16	1.00e+00	2.53e-08	1.37e-16
 4.89669e+16	1.00e+00	2.16e-08	9.97e-17
 4.96762e+16	1.00e+00	1.86e-08	7.40e-17
 5.03542e+16	1.00e+00	1.62e-08	5.58e-17
 5.10017e+16	1.00e+00	1.41e-08	4.28e-17
 5.16198e+16	1.00e+00	1.25e-08	3.33e-17
 5.22093e+16	1.00e+00	1.11e-08	2.62e-17
 5.27712e+16	1.00e+00	9.88e-09	2.10e-17
 5.33063e+16	1.00e+00	8.89e-09	1.70e-17
 5.38158e+16	1.00e+00	8.04e-09	1.39e-17
 5.43006e+16	1.00e+00	7.31e-09	1.15e-17
 5.47620e+16	1.00e+00	6.69e-09	9.63e-18
 5.52011e+16	1.00e+00	6.14e-09	8.14e-18
 5.56189e+16	1.00e+00	5.67e-09	6.94e-18
 5.60165e+16	1.00e+00	5.26e-09	5.97e-18
 5.63948e+16	1.00e+00	4.90e-09	5.18e-18
 5.67548e+16	1.00e+00	4.57e-09	4.53e-18
 5.70973e+16	1.00e+00	4.29e-09	3.99e-18
 5.74233e+16	1.00e+00	4.04e-09	3.53e-18
 5.77340e+16	1.00e+00	3.81e-09	3.15e-18
 5.80302e+16	1.00e+00	3.61e-09	2.83e-18
 5.83127e+16	1.00e+00	3.43e-09	2.55e-18
 5.85820e+16	1.00e+00	3.26e-09	2.31e-18
 5.88391e+16	1.00e+00	3.11e-09	2.11e-18
 5.90845e+16	1.00e+00	2.98e-09	1.93e-18
 5.93193e+16	1.00e+00	2.85e-09	1.77e-18
 5.95439e+16	1.00e+00	2.74e-09	1.63e-18
 5.97590e+16	1.00e+00	2.64e-09	1.51e-18
 5.99652e+16	1.00e+00	2.54e-09	1.41e-18
 6.01630e+16	1.00e+00	2.45e-09	1.31e-18
 6.03531e+16	1.00e+00	2.37e-09	1.23e-18
 6.05361e+16	1.00e+00	2.29e-09	1.15e-18
 6.07126e+16	1.00e+00	2.22e-09	1.08e-18
 6.08832e+16	1.00e+00	2.16e-09	1.02e-18
 6.10482e+16	1.00e+00	2.10e-09	9.59e-19
 6.12081e+16	1.00e+00	2.04e-09	9.07e-19
 6.13636e+16	1.00e+00	1.98e-09	8.59e-19
 6.15153e+16	1.00e+00	1.93e-09	8.15e-19
 6.16638e+16	1.00e+00	1.88e-09	7.74e-19
 6.18098e+16	1.00e+00	1.83e-09	7.35e-19
 6.19536e+16	1.00e+00	1.79e-09	6.99e-19
 6.20961e+16	1.00e+00	1.74e-09	6.66e-19
 6.22380e+16	1.00e+00	1.70e-09	6.34e-19
 6.23802e+16	1.00e+00	1.66e-09	6.03e-19
 6.25236e+16	1.00e+00	1.62e-09	5.74e-19
 6.26695e+16	1.00e+00	1.58e-09	5.46e-19
 6.28192e+16	1.00e+00	1.54e-09	5.18e-19
 6.29744e+16	1.00e+00	1.50e-09	4.91e-19
 6.31370e+16	1.00e+00	1.45e-09	4.64e-19
 6.33100e+16	1.00e+00	1.41e-09	4.38e-19
 6.34970e+16	1.00e+00	1.37e-09	4.10e-19
 6.37030e+16	1.00e+00	1.32e-09	3.82e-19
 6.39350e+16	1.00e+00	1.27e-09	3.53e-19
 6.42031e+16	1.00e+00	1.21e-09	3.21e-19
 6.45230e+16	1.00e+00	1.14e-09	2.88e-19
 6.49191e+16	1.00e+00	1.07e-09	2.51e-19
 6.54272e+16	1.00e+00	9.78e-10	2.11e-19
 6.60877e+16	1.00e+00	8.73e-10	1.68e-19
 6.69464e+16	1.00e+00	7.55e-10	1.26e-19
 6.80626e+16	1.00e+00	6.26e-10	8.70e-20
 6.95138e+16	1.00e+00	4.94e-10	5.42e-20
 7.14003e+16	1.00e+00	3.65e-10	2.97e-20
 7.36987e+16	1.00e+00	2.56e-10	1.47e-20
 7.62721e+16	1.00e+00	1.74e-10	6.86e-21
 7.89938e+16	1.00e+00	1.18e-10	0.00e+00
 8.17954e+16	1.00e+00	7.95e-11	0.00e+00
 8.46375e+16	1.00e+00	5.41e-11	0.00e+00
 8.74796e+16	1.00e+00	3.72e-11	0.00e+00
 9.03217e+16	1.00e+00	2.58e-11	0.00e+00
 9.33078e+16	1.00e+00	1.77e-11	0.00e+00
 9.64378e+16	1.00e+00	1.21e-11	0.00e+00
 9.95678e+16	1.00e+00	8.33e-12	0.00e+00
 1.02698e+17	1.00e+00	5.81e-12	0.00e+00
 1.05828e+17	1.00e+00	4.08e-12	0.00e+00
 1.08958e+17	1.00e+00	2.90e-12	0.00e+00
 1.12088e+17	1.00e+00	2.07e-12	0.00e+00
 1.15218e+17	1.00e+00	1.50e-12	0.00e+00
 1.18348e+17	1.00e+00	1.09e-12	0.00e+00
 1.21478e+17	1.00e+00	8.04e-13	0.00e+00
 1.24609e+17	1.00e+00	5.96e-13	0.00e+00
 1.27739e+17	1.00e+00	4.46e-13	0.00e+00
 1.30968e+17	1.00e+00	3.33e-13	0.00e+00
 1.34022e+17	1.00e+00	2.56e-13	0.00e+00
 1.36239e+17	1.00e+00	2.14e-13	0.00e+00
 1.37505e+17	1.00e+00	1.94e-13	0.00e+00
 1.38206e+17	1.00e+00	1.84e-13	0.00e+00
 1.38627e+17	1.00e+00	1.78e-13	0.00e+00
 1.38889e+17	1.00e+00	1.75e-13	0.00e+00
 1.39091e+17	1.00e+00	1.72e-13	0.00e+00
 1.39308e+17	1.00e+00	1.69e-13	0.00e+00
 1.39559e+17	1.00e+00	1.66e-13	0.00e+00
 1.39806e+17	1.00e+00	1.63e-13	0.00e+00
 1.40008e+17	1.00e+00	1.60e-13	0.00e+00
 1.40180e+17	1.00e+00	1.58e-13	0.00e+00
 1.40355e+17	1.00e+00	1.56e-13	0.00e+00
 1.40539e+17	1.00e+00	1.53e-13	0.00e+00
 1.40712e+17	1.00e+00	1.51e-13	0.00e+00
 1.40861e+17	1.00e+00	1.50e-13	0.00e+00
 1.40994e+17	1.00e+00	1.48e-13	0.00e+00
 1.41130e+17	1.00e+00	1.46e-13	0.00e+00
 1.41267e+17	1.00e+00	1.45e-13	0.00e+00
 1.41391e+17	1.00e+00	1.43e-13	0.00e+00
 1.41503e+17	1.00e+00	1.42e-13	0.00e+00
 1.41619e+17	1.00e+00	1.41e-13	0.00e+00
 1.41740e+17	1.00e+00	1.39e-13	0.00e+00
 1.41845e+17	1.00e+00	1.38e-13	0.00e+00
 1.41939e+17	1.00e+00	1.37e-13	0.00e+00
 1.42041e+17	1.00e+00	1.36e-13	0.00e+00
 1.42146e+17	1.00e+00	1.35e-13	0.00e+00
 1.42240e+17	1.00e+00	1.34e-13	0.00e+00
 1.42323e+17	1.00e+00	1.33e-13	0.00e+00
 1.42409e+17	1.00e+00	1.32e-13	0.00e+00
 1.42501e+17	1.00e+00	1.31e-13	0.00e+00
 1.42589e+17	1.00e+00	1.30e-13	0.00e+00
 1.42671e+17	1.00e+00	1.29e-13	0.00e+00
 1.42754e+17	1.00e+00	1.28e-13	0.00e+00
 1.42834e+17	1.00e+00	1.28e-13	0.00e+00
 1.42913e+17	1.00e+00	1.27e-13	0.00e+00
 1.42996e+17	1.00e+00	1.26e-13	0.00e+00
 1.43083e+17	1.00e+00	1.25e-13	0.00e+00
 1.43166e+17	1.00e+00	1.24e-13	0.00e+00
 1.43244e+17	1.00e+00	1.23e-13	0.00e+00
 1.43324e+17	1.00e+00	1.22e-13	0.00e+00
 1.43408e+17	1.00e+00	1.21e-13	0.00e+00
 1.43494e+17	1.00e+00	1.20e-13	0.00e+00
 1.43580e+17	1.00e+00	1.19e-13	0.00e+00
 1.43665e+17	1.00e+00	1.19e-13	0.00e+00
 1.43750e+17	1.00e+00	1.18e-13	0.00e+00
 1.43836e+17	1.00e+00	1.17e-13	0.00e+00
 1.43924e+17	1.00e+00	1.16e-13	0.00e+00
 1.44015e+17	1.00e+00	1.15e-13	0.00e+00
 1.44109e+17	1.00e+00	1.14e-13	0.00e+00
 1.44212e+17	1.00e+00	1.13e-13	0.00e+00
 1.44320e+17	1.00e+00	1.12e-13	0.00e+00
 1.44415e+17	1.00e+00	1.11e-13	0.00e+00
 1.44508e+17	1.00e+00	1.10e-13	0.00e+00
 1.44617e+17	1.00e+00	1.09e-13	0.00e+00
 1.44732e+17	1.00e+00	1.08e-13	0.00e+00
 1.44839e+17	1.00e+00	1.07e-13	0.00e+00
 1.44946e+17	1.00e+00	1.05e-13	0.00e+00
 1.45061e+17	1.00e+00	1.04e-13	0.00e+00
 1.45184e+17	1.00e+00	1.03e-13	0.00e+00
 1.45315e+17	1.00e+00	1.02e-13	0.00e+00
 1.45440e+17	1.00e+00	1.01e-13	0.00e+00
 1.45561e+17	1.00e+00	9.96e-14	0.00e+00
 1.45690e+17	1.00e+00	9.83e-14	0.00e+00
 1.45828e+17	1.00e+00	9.70e-14	0.00e+00
 1.45973e+17	1.00e+00	9.57e-14	0.00e+00
 1.46119e+17	1.00e+00	9.44e-14	0.00e+00
 1.46266e+17	1.00e+00	9.30e-14	0.00e+00
 1.46414e+17	1.00e+00	9.17e-14	0.00e+00
 1.46569e+17	1.00e+00	9.03e-14	0.00e+00
 1.46725e+17	1.00e+00	8.90e-14	0.00e+00
 1.46889e+17	1.00e+00	8.76e-14	0.00e+00
 1.47066e+17	1.00e+00	8.61e-14	0.00e+00
 1.47250e+17	1.00e+00	8.45e-14	0.00e+00
 1.47435e+17	1.00e+00	8.30e-14	0.00e+00
 1.47618e+17	1.00e+00	8.15e-14	0.00e+00
 1.47805e+17	1.00e+00	8.01e-14	0.00e+00
 1.48009e+17	1.00e+00	7.84e-14	0.00e+00
 1.48223e+17	1.00e+00	7.68e-14	0.00e+00
 1.48431e+17	1.00e+00	7.52e-14	0.00e+00
 1.48637e+17	1.00e+00	7.37e-14	0.00e+00
 1.48860e+17	1.00e+00	7.20e-14	0.00e+00
 1.49106e+17	1.00e+00	7.03e-14	0.00e+00
 1.49354e+17	1.00e+00	6.85e-14	0.00e+00
 1.49592e+17	1.00e+00	6.69e-14	0.00e+00
 1.49824e+17	1.00e+00	6.53e-14	0.00e+00
 1.50077e+17	1.00e+00	6.36e-14	0.00e+00
 1.50359e+17	1.00e+00	6.18e-14	0.00e+00
 1.50649e+17	1.00e+00	6.00e-14	0.00e+00
 1.50928e+17	1.00e+00	5.82e-14	0.00e+00
 1.51203e+17	1.00e+00	5.66e-14	0.00e+00
 1.51493e+17	1.00e+00	5.49e-14	0.00e+00
 1.51807e+17	1.00e+00	5.31e-14	0.00e+00
 1.52128e+17	1.00e+00	5.14e-14	0.00e+00
 1.52451e+17	1.00e+00	4.97e-14	0.00e+00
 1.52780e+17	1.00e+00	4.79e-14	0.00e+00
 1.53112e+17	1.00e+00	4.63e-14	0.00e+00
 1.53459e+17	1.00e+00	4.46e-14	0.00e+00
 1.53824e+17	1.00e+00	4.29e-14	0.00e+00
 1.54195e+17	1.00e+00	4.12e-14	0.00e+00
 1.54583e+17	1.00e+00	3.95e-14	0.00e+00
 1.54988e+17	1.00e+00	3.78e-14	0.00e+00
 1.55383e+17	1.00e+00	3.62e-14	0.00e+00
 1.55781e+17	1.00e+00	3.47e-14	0.00e+00
 1.56204e+17	1.00e+00	3.31e-14	0.00e+00
 1.56655e+17	1.00e+00	3.16e-14	0.00e+00
 1.57142e+17	1.00e+00	3.00e-14	0.00e+00
 1.57632e+17	1.00e+00	2.85e-14	0.00e+00
 1.58112e+17	1.00e+00	2.70e-14	0.00e+00
 1.58618e+17	1.00e+00	2.56e-14	0.00e+00
 1.59145e+17	1.00e+00	2.42e-14	0.00e+00
 1.59693e+17	1.00e+00	2.28e-14	0.00e+00
 1.60263e+17	1.00e+00	2.15e-14	0.00e+00
 1.60863e+17	1.00e+00	2.02e-14	0.00e+00
 1.61478e+17	1.00e+00	1.90e-14	0.00e+00
 1.62050e+17	1.00e+00	1.79e-14	0.00e+00
 1.62551e+17	1.00e+00	1.70e-14	0.00e+00
 1.63004e+17	1.00e+00	1.63e-14	0.00e+00
 1.63443e+17	1.00e+00	1.56e-14	0.00e+00
 1.63879e+17	1.00e+00	1.49e-14	0.00e+00
 1.64301e+17	1.00e+00	1.43e-14	0.00e+00
 1.64693e+17	1.00e+00	1.37e-14	0.00e+00
 1.65052e+17	1.00e+00	1.32e-14	0.00e+00
 1.65387e+17	1.00e+00	1.27e-14	0.00e+00
 1.65704e+17	1.00e+00	1.23e-14	0.00e+00
 1.66005e+17	1.00e+00	1.19e-14	0.00e+00
 1.66290e+17	1.00e+00	1.15e-14	0.00e+00
 1.66557e+17	1.00e+00	1.12e-14	0.00e+00
 1.66808e+17	1.00e+00	1.09e-14	0.00e+00
 1.67046e+17	1.00e+00	1.06e-14	0.00e+00
 1.67276e+17	1.00e+00	1.04e-14	0.00e+00
 1.67498e+17	1.00e+00	1.01e-14	0.00e+00
 1.67711e+17	1.00e+00	9.87e-15	0.00e+00
 1.67914e+17	1.00e+00	9.65e-15	0.00e+00
 1.68109e+17	1.00e+00	9.44e-15	0.00e+00
 1.68299e+17	1.00e+00	9.24e-15	0.00e+00
 1.68484e+17	1.00e+00	9.05e-15	0.00e+00
 1.68665e+17	1.00e+00	8.87e-15	0.00e+00
 1.68841e+17	1.00e+00	8.70e-15	0.00e+00
 1.69013e+17	1.00e+00	8.54e-15	0.00e+00
 1.69181e+17	1.00e+00	8.39e-15	0.00e+00
 1.69347e+17	1.00e+00	8.23e-15	0.00e+00
 1.69510e+17	1.00e+00	8.09e-15	0.00e+00
 1.69669e+17	1.00e+00	7.95e-15	0.00e+00
 1.69826e+17	1.00e+00	7.82e-15	0.00e+00
 1.69981e+17	1.00e+00	7.69e-15	0.00e+00
 1.70158e+17	1.00e+00	7.54e-15	0.00e+00
 1.70388e+17	1.00e+00	7.36e-15	0.00e+00
 1.70687e+17	1.00e+00	7.13e-15	0.00e+00
 1.71076e+17	1.00e+00	6.84e-15	0.00e+00
 1.71581e+17	1.00e+00	6.50e-15	0.00e+00
 1.72219e+17	1.00e+00	6.10e-15	0.00e+00
 1.72920e+17	1.00e+00	5.68e-15	0.00e+00
 1.73556e+17	1.00e+00	5.33e-15	0.00e+00
 1.74086e+17	1.00e+00	5.06e-15	0.00e+00
 1.74572e+17	1.00e+00	4.83e-15	0.00e+00
 1.75085e+17	1.00e+00	4.60e-15	0.00e+00
 1.75653e+17	1.00e+00	4.36e-15	0.00e+00
 1.76249e+17	1.00e+00	4.12e-15	0.00e+00
 1.76832e+17	1.00e+00	3.90e-15	0.00e+00
 1.77395e+17	1.00e+00	3.71e-15	0.00e+00
 1.77964e+17	1.00e+00	3.52e-15	0.00e+00
 1.78568e+17	1.00e+00	3.34e-15	0.00e+00
 1.79219e+17	1.00e+00	3.15e-15	0.00e+00
 1.79913e+17	1.00e+00	2.96e-15	0.00e+00
 1.80651e+17	1.00e+00	2.78e-15	0.00e+00
 1.81454e+17	1.00e+00	2.59e-15	0.00e+00
 1.82371e+17	1.00e+00	2.39e-15	0.00e+00
 1.83475e+17	1.00e+00	2.17e-15	0.00e+00
 1.84876e+17	1.00e+00	1.93e-15	0.00e+00
 1.86697e+17	1.00e+00	1.65e-15	0.00e+00
 1.89065e+17	1.00e+00	1.36e-15	0.00e+00
 1.92144e+17	1.00e+00	1.05e-15	0.00e+00
 1.96146e+17	1.00e+00	7.61e-16	0.00e+00
 2.01348e+17	1.00e+00	5.04e-16	0.00e+00
 2.08112e+17	1.00e+00	2.98e-16	0.00e+00
 2.16173e+17	1.00e+00	1.62e-16	0.00e+00
 2.24427e+17	1.00e+00	8.87e-17	0.00e+00
 2.31875e+17	1.00e+00	5.17e-17	0.00e+00
 2.38310e+17	1.00e+00	3.26e-17	0.00e+00
 2.44311e+17	1.00e+00	2.12e-17	0.00e+00
 2.51207e+17	1.00e+00	1.28e-17	0.00e+00
 2.58860e+17	1.00e+00	7.24e-18	0.00e+00
 2.65644e+17	1.00e+00	4.45e-18	0.00e+00
 2.71323e+17	1.00e+00	2.94e-18	0.00e+00
 2.76909e+17	1.00e+00	1.90e-18	0.00e+00
 2.81605e+17	1.00e+00	1.32e-18	0.00e+00
 2.84422e+17	1.00e+00	1.06e-18	0.00e+00
 2.86113e+17	1.00e+00	9.23e-19	0.00e+00
 2.87127e+17	1.00e+00	8.48e-19	0.00e+00
 2.87736e+17	1.00e+00	8.05e-19	0.00e+00
 2.88101e+17	1.00e+00	7.80e-19	0.00e+00
 2.88355e+17	1.00e+00	7.63e-19	0.00e+00
 2.88623e+17	1.00e+00	7.45e-19	0.00e+00
 2.88973e+17	1.00e+00	7.23e-19	0.00e+00
 2.89403e+17	1.00e+00	6.94e-19	0.00e+00
 2.89849e+17	1.00e+00	6.68e-19	0.00e+00
 2.90223e+17	1.00e+00	6.45e-19	0.00e+00
 2.90519e+17	1.00e+00	6.28e-19	0.00e+00
 2.90793e+17	1.00e+00	6.13e-19	0.00e+00
 2.91110e+17	1.00e+00	5.95e-19	0.00e+00
 2.91496e+17	1.00e+00	5.74e-19	0.00e+00
 2.91898e+17	1.00e+00	5.53e-19	0.00e+00
 2.92241e+17	1.00e+00	5.35e-19	0.00e+00
 2.92515e+17	1.00e+00	5.21e-19	0.00e+00
 2.92769e+17	1.00e+00	5.08e-19	0.00e+00
 2.93058e+17	1.00e+00	4.94e-19	0.00e+00
 2.93401e+17	1.00e+00	4.78e-19	0.00e+00
 2.93757e+17	1.00e+00	4.61e-19	0.00e+00
 2.94067e+17	1.00e+00	4.46e-19	0.00e+00
 2.94321e+17	1.00e+00	4.34e-19	0.00e+00
 2.94557e+17	1.00e+00	4.24e-19	0.00e+00
 2.94815e+17	1.00e+00	4.12e-19	0.00e+00
 2.95114e+17	1.00e+00	3.99e-19	0.00e+00
 2.95433e+17	1.00e+00	3.86e-19	0.00e+00
 2.95724e+17	1.00e+00	3.73e-19	0.00e+00
 2.95967e+17	1.00e+00	3.63e-19	0.00e+00
 2.96185e+17	1.00e+00	3.54e-19	0.00e+00
 2.96417e+17	1.00e+00	3.44e-19	0.00e+00
 2.96685e+17	1.00e+00	3.34e-19	0.00e+00
 2.96972e+17	1.00e+00	3.22e-19	0.00e+00
 2.97236e+17	1.00e+00	3.12e-19	0.00e+00
 2.97461e+17	1.00e+00	3.03e-19	0.00e+00
 2.97664e+17	1.00e+00	2.95e-19	0.00e+00
 2.97879e+17	1.00e+00	2.87e-19	0.00e+00
 2.98127e+17	1.00e+00	2.78e-19	0.00e+00
 2.98388e+17	1.00e+00	2.68e-19	0.00e+00
 2.98630e+17	1.00e+00	2.59e-19	0.00e+00
 2.98841e+17	1.00e+00	2.51e-19	0.00e+00
 2.99036e+17	1.00e+00	2.45e-19	0.00e+00
 2.99241e+17	1.00e+00	2.37e-19	0.00e+00
