#depth	He	He+	He+2
 1.49634e+10	3.51e-23	4.78e-12	1.00e+00
 4.54887e+10	3.90e-23	5.17e-12	1.00e+00
 7.72350e+10	4.31e-23	5.59e-12	1.00e+00
 1.10251e+11	4.77e-23	6.06e-12	1.00e+00
 1.42947e+11	5.27e-23	6.53e-12	1.00e+00
 1.76950e+11	5.81e-23	7.05e-12	1.00e+00
 2.13955e+11	6.44e-23	7.64e-12	1.00e+00
 2.51662e+11	7.14e-23	8.26e-12	1.00e+00
 2.88873e+11	7.88e-23	8.90e-12	1.00e+00
 3.28351e+11	8.71e-23	9.61e-12	1.00e+00
 3.71411e+11	9.70e-23	1.04e-11	1.00e+00
 4.15057e+11	1.08e-22	1.13e-11	1.00e+00
 4.60448e+11	1.20e-22	1.22e-11	1.00e+00
 5.08793e+11	1.34e-22	1.32e-11	1.00e+00
 5.59071e+11	1.50e-22	1.43e-11	1.00e+00
 6.11361e+11	1.68e-22	1.56e-11	1.00e+00
 6.65742e+11	1.88e-22	1.69e-11	1.00e+00
 7.22298e+11	2.11e-22	1.83e-11	1.00e+00
 7.81117e+11	2.37e-22	1.99e-11	1.00e+00
 8.42289e+11	2.67e-22	2.16e-11	1.00e+00
 9.05907e+11	3.01e-22	2.35e-11	1.00e+00
 9.72070e+11	3.39e-22	2.55e-11	1.00e+00
 1.04088e+12	3.83e-22	2.77e-11	1.00e+00
 1.11244e+12	4.34e-22	3.01e-11	1.00e+00
 1.18236e+12	4.88e-22	3.26e-11	1.00e+00
 1.24898e+12	5.44e-22	3.50e-11	1.00e+00
 1.32278e+12	6.11e-22	3.79e-11	1.00e+00
 1.40561e+12	6.94e-22	4.13e-11	1.00e+00
 1.48859e+12	7.86e-22	4.48e-11	1.00e+00
 1.57488e+12	8.90e-22	4.86e-11	1.00e+00
 1.66780e+12	1.01e-21	5.30e-11	1.00e+00
 1.76444e+12	1.16e-21	5.78e-11	1.00e+00
 1.86494e+12	1.32e-21	6.30e-11	1.00e+00
 1.96947e+12	1.51e-21	6.88e-11	1.00e+00
 2.07817e+12	1.73e-21	7.51e-11	1.00e+00
 2.19122e+12	1.98e-21	8.20e-11	1.00e+00
 2.30880e+12	2.26e-21	8.96e-11	1.00e+00
 2.43108e+12	2.59e-21	9.80e-11	1.00e+00
 2.54461e+12	2.93e-21	1.06e-10	1.00e+00
 2.64384e+12	3.25e-21	1.14e-10	1.00e+00
 2.75435e+12	3.62e-21	1.22e-10	1.00e+00
 2.88812e+12	4.13e-21	1.33e-10	1.00e+00
 3.02364e+12	4.70e-21	1.45e-10	1.00e+00
 3.14809e+12	5.25e-21	1.57e-10	1.00e+00
 3.28661e+12	5.93e-21	1.70e-10	1.00e+00
 3.44716e+12	6.80e-21	1.87e-10	1.00e+00
 3.60475e+12	7.73e-21	2.04e-10	1.00e+00
 3.75493e+12	8.69e-21	2.21e-10	1.00e+00
 3.92134e+12	9.84e-21	2.41e-10	1.00e+00
 4.10812e+12	1.13e-20	2.65e-10	1.00e+00
 4.29754e+12	1.29e-20	2.91e-10	1.00e+00
 4.49454e+12	1.46e-20	3.19e-10	1.00e+00
 4.70425e+12	1.67e-20	3.51e-10	1.00e+00
 4.92235e+12	1.92e-20	3.87e-10	1.00e+00
 5.14917e+12	2.20e-20	4.26e-10	1.00e+00
 5.38506e+12	2.51e-20	4.69e-10	1.00e+00
 5.63039e+12	2.87e-20	5.17e-10	1.00e+00
 5.88553e+12	3.27e-20	5.70e-10	1.00e+00
 6.15088e+12	3.73e-20	6.29e-10	1.00e+00
 6.42684e+12	4.25e-20	6.94e-10	1.00e+00
 6.71384e+12	4.83e-20	7.66e-10	1.00e+00
 6.99777e+12	5.47e-20	8.42e-10	1.00e+00
 7.29305e+12	6.19e-20	9.26e-10	1.00e+00
 7.61470e+12	7.05e-20	1.02e-09	1.00e+00
 7.94128e+12	8.01e-20	1.13e-09	1.00e+00
 8.25777e+12	9.04e-20	1.24e-09	1.00e+00
 8.56494e+12	1.01e-19	1.35e-09	1.00e+00
 8.90755e+12	1.15e-19	1.48e-09	1.00e+00
 9.29378e+12	1.32e-19	1.64e-09	1.00e+00
 9.67508e+12	1.51e-19	1.80e-09	1.00e+00
 1.00716e+13	1.73e-19	1.98e-09	1.00e+00
 1.05044e+13	2.01e-19	2.20e-09	1.00e+00
 1.09398e+13	2.33e-19	2.42e-09	1.00e+00
 1.13927e+13	2.72e-19	2.67e-09	1.00e+00
 1.18176e+13	3.13e-19	2.92e-09	1.00e+00
 1.21689e+13	3.51e-19	3.13e-09	1.00e+00
 1.25471e+13	3.97e-19	3.37e-09	1.00e+00
 1.30311e+13	4.64e-19	3.70e-09	1.00e+00
 1.35348e+13	5.44e-19	4.05e-09	1.00e+00
 1.39710e+13	6.22e-19	4.38e-09	1.00e+00
 1.44371e+13	7.15e-19	4.73e-09	1.00e+00
 1.50095e+13	8.47e-19	5.19e-09	1.00e+00
 1.55894e+13	1.00e-18	5.69e-09	1.00e+00
 1.61084e+13	1.16e-18	6.14e-09	1.00e+00
 1.66791e+13	1.35e-18	6.66e-09	1.00e+00
 1.73567e+13	1.61e-18	7.31e-09	1.00e+00
 1.80389e+13	1.91e-18	8.00e-09	1.00e+00
 1.86870e+13	2.23e-18	8.67e-09	1.00e+00
 1.94030e+13	2.63e-18	9.45e-09	1.00e+00
 2.02090e+13	3.15e-18	1.04e-08	1.00e+00
 2.10473e+13	3.77e-18	1.14e-08	1.00e+00
 2.19191e+13	4.50e-18	1.24e-08	1.00e+00
 2.27975e+13	5.33e-18	1.35e-08	1.00e+00
 2.37111e+13	6.32e-18	1.48e-08	1.00e+00
 2.46895e+13	7.52e-18	1.61e-08	1.00e+00
 2.57070e+13	8.91e-18	1.76e-08	1.00e+00
 2.67652e+13	1.06e-17	1.91e-08	1.00e+00
 2.78657e+13	1.25e-17	2.08e-08	1.00e+00
 2.90102e+13	1.48e-17	2.27e-08	1.00e+00
 3.02006e+13	1.76e-17	2.47e-08	1.00e+00
 3.13332e+13	2.05e-17	2.67e-08	1.00e+00
 3.23715e+13	2.34e-17	2.86e-08	1.00e+00
 3.35501e+13	2.72e-17	3.08e-08	1.00e+00
 3.49156e+13	3.20e-17	3.34e-08	1.00e+00
 3.62841e+13	3.75e-17	3.62e-08	1.00e+00
 3.77073e+13	4.39e-17	3.92e-08	1.00e+00
 3.92455e+13	5.16e-17	4.25e-08	1.00e+00
 4.08452e+13	6.09e-17	4.62e-08	1.00e+00
 4.25090e+13	7.16e-17	5.01e-08	1.00e+00
 4.42393e+13	8.42e-17	5.43e-08	1.00e+00
 4.60388e+13	9.90e-17	5.89e-08	1.00e+00
 4.79102e+13	1.16e-16	6.39e-08	1.00e+00
 4.98566e+13	1.37e-16	6.93e-08	1.00e+00
 5.16905e+13	1.59e-16	7.46e-08	1.00e+00
 5.33354e+13	1.80e-16	7.95e-08	1.00e+00
 5.51827e+13	2.07e-16	8.52e-08	1.00e+00
 5.73663e+13	2.41e-16	9.21e-08	1.00e+00
 5.95391e+13	2.81e-16	9.94e-08	1.00e+00
 6.15642e+13	3.21e-16	1.06e-07	1.00e+00
 6.38222e+13	3.71e-16	1.14e-07	1.00e+00
 6.64050e+13	4.36e-16	1.24e-07	1.00e+00
 6.89455e+13	5.06e-16	1.34e-07	1.00e+00
 7.15877e+13	5.89e-16	1.44e-07	1.00e+00
 7.44811e+13	6.89e-16	1.56e-07	1.00e+00
 7.73996e+13	8.05e-16	1.69e-07	1.00e+00
 8.04347e+13	9.37e-16	1.82e-07	1.00e+00
 8.36821e+13	1.10e-15	1.97e-07	1.00e+00
 8.70593e+13	1.29e-15	2.14e-07	1.00e+00
 9.05716e+13	1.50e-15	2.31e-07	1.00e+00
 9.42244e+13	1.76e-15	2.50e-07	1.00e+00
 9.80233e+13	2.06e-15	2.71e-07	1.00e+00
 1.01754e+14	2.39e-15	2.92e-07	1.00e+00
 1.05339e+14	2.74e-15	3.13e-07	1.00e+00
 1.09288e+14	3.16e-15	3.36e-07	1.00e+00
 1.13689e+14	3.71e-15	3.64e-07	1.00e+00
 1.18124e+14	4.30e-15	3.93e-07	1.00e+00
 1.22736e+14	5.01e-15	4.24e-07	1.00e+00
 1.27675e+14	5.85e-15	4.59e-07	1.00e+00
 1.32812e+14	6.84e-15	4.97e-07	1.00e+00
 1.37681e+14	7.86e-15	5.34e-07	1.00e+00
 1.42123e+14	8.93e-15	5.69e-07	1.00e+00
 1.47166e+14	1.02e-14	6.10e-07	1.00e+00
 1.53032e+14	1.19e-14	6.60e-07	1.00e+00
 1.58873e+14	1.38e-14	7.11e-07	1.00e+00
 1.64948e+14	1.60e-14	7.67e-07	1.00e+00
 1.71028e+14	1.85e-14	8.25e-07	1.00e+00
 1.76442e+14	2.09e-14	8.78e-07	1.00e+00
 1.82383e+14	2.38e-14	9.38e-07	1.00e+00
 1.89471e+14	2.77e-14	1.01e-06	1.00e+00
 1.96472e+14	3.19e-14	1.09e-06	1.00e+00
 2.02825e+14	3.62e-14	1.16e-06	1.00e+00
 2.09913e+14	4.15e-14	1.25e-06	1.00e+00
 2.18212e+14	4.84e-14	1.35e-06	1.00e+00
 2.26351e+14	5.60e-14	1.46e-06	1.00e+00
 2.33921e+14	6.38e-14	1.56e-06	1.00e+00
 2.42413e+14	7.35e-14	1.68e-06	1.00e+00
 2.52140e+14	8.63e-14	1.82e-06	1.00e+00
 2.61709e+14	1.00e-13	1.96e-06	1.00e+00
 2.71662e+14	1.16e-13	2.12e-06	1.00e+00
 2.82558e+14	1.36e-13	2.31e-06	1.00e+00
 2.93611e+14	1.59e-13	2.50e-06	1.00e+00
 3.05105e+14	1.86e-13	2.71e-06	1.00e+00
 3.17340e+14	2.18e-13	2.95e-06	1.00e+00
 3.30063e+14	2.56e-13	3.21e-06	1.00e+00
 3.43296e+14	3.01e-13	3.50e-06	1.00e+00
 3.56161e+14	3.49e-13	3.78e-06	1.00e+00
 3.68292e+14	4.00e-13	4.07e-06	1.00e+00
 3.81804e+14	4.65e-13	4.40e-06	1.00e+00
 3.97106e+14	5.45e-13	4.80e-06	1.00e+00
 4.10878e+14	6.30e-13	5.18e-06	1.00e+00
 4.22277e+14	7.04e-13	5.50e-06	1.00e+00
 4.34762e+14	7.94e-13	5.86e-06	1.00e+00
 4.50670e+14	9.23e-13	6.35e-06	1.00e+00
 4.67524e+14	1.07e-12	6.90e-06	1.00e+00
 4.82743e+14	1.22e-12	7.40e-06	1.00e+00
 4.99342e+14	1.41e-12	7.98e-06	1.00e+00
 5.18913e+14	1.64e-12	8.70e-06	1.00e+00
 5.37455e+14	1.90e-12	9.40e-06	1.00e+00
 5.53450e+14	2.15e-12	1.00e-05	1.00e+00
 5.71029e+14	2.44e-12	1.08e-05	1.00e+00
 5.92599e+14	2.82e-12	1.17e-05	1.00e+00
 6.14390e+14	3.27e-12	1.27e-05	1.00e+00
 6.33778e+14	3.71e-12	1.36e-05	1.00e+00
 6.55013e+14	4.24e-12	1.46e-05	1.00e+00
 6.80371e+14	4.93e-12	1.59e-05	1.00e+00
 7.05434e+14	5.70e-12	1.73e-05	1.00e+00
 7.28198e+14	6.47e-12	1.85e-05	1.00e+00
 7.53628e+14	7.42e-12	2.00e-05	1.00e+00
 7.83377e+14	8.64e-12	2.18e-05	1.00e+00
 8.12536e+14	9.98e-12	2.37e-05	1.00e+00
 8.39881e+14	1.14e-11	2.55e-05	1.00e+00
 8.70526e+14	1.31e-11	2.76e-05	1.00e+00
 9.05377e+14	1.53e-11	3.01e-05	1.00e+00
 9.39909e+14	1.77e-11	3.27e-05	1.00e+00
 9.75823e+14	2.05e-11	3.56e-05	1.00e+00
 1.01489e+15	2.39e-11	3.88e-05	1.00e+00
 1.05551e+15	2.78e-11	4.24e-05	1.00e+00
 1.09776e+15	3.22e-11	4.62e-05	1.00e+00
 1.14170e+15	3.77e-11	5.05e-05	1.00e+00
 1.18740e+15	4.36e-11	5.49e-05	1.00e+00
 1.22782e+15	4.98e-11	5.92e-05	1.00e+00
 1.26009e+15	5.51e-11	6.28e-05	1.00e+00
 1.29495e+15	6.13e-11	6.67e-05	1.00e+00
 1.34027e+15	6.95e-11	7.19e-05	1.00e+00
 1.38930e+15	8.02e-11	7.79e-05	1.00e+00
 1.43327e+15	9.03e-11	8.34e-05	1.00e+00
 1.48054e+15	1.02e-10	8.95e-05	1.00e+00
 1.53743e+15	1.18e-10	9.74e-05	1.00e+00
 1.59327e+15	1.35e-10	1.05e-04	1.00e+00
 1.64247e+15	1.52e-10	1.13e-04	1.00e+00
 1.69653e+15	1.71e-10	1.21e-04	1.00e+00
 1.76165e+15	1.96e-10	1.31e-04	1.00e+00
 1.82684e+15	2.27e-10	1.42e-04	1.00e+00
 1.88570e+15	2.55e-10	1.52e-04	1.00e+00
 1.95061e+15	2.89e-10	1.63e-04	1.00e+00
 2.02707e+15	3.31e-10	1.78e-04	1.00e+00
 2.10278e+15	3.84e-10	1.92e-04	1.00e+00
 2.17323e+15	4.33e-10	2.07e-04	1.00e+00
 2.25189e+15	4.94e-10	2.23e-04	1.00e+00
 2.34199e+15	5.66e-10	2.42e-04	1.00e+00
 2.43113e+15	6.58e-10	2.63e-04	1.00e+00
 2.52382e+15	7.55e-10	2.84e-04	1.00e+00
 2.62481e+15	8.65e-10	3.09e-04	1.00e+00
 2.72983e+15	1.00e-09	3.36e-04	1.00e+00
 2.83905e+15	1.17e-09	3.66e-04	1.00e+00
 2.95265e+15	1.36e-09	3.98e-04	1.00e+00
 3.07078e+15	1.58e-09	4.32e-04	1.00e+00
 3.19364e+15	1.83e-09	4.70e-04	1.00e+00
 3.30213e+15	2.07e-09	5.04e-04	9.99e-01
 3.38894e+15	2.28e-09	5.33e-04	9.99e-01
 3.48314e+15	2.53e-09	5.64e-04	9.99e-01
 3.60560e+15	2.84e-09	6.06e-04	9.99e-01
 3.73778e+15	3.31e-09	6.55e-04	9.99e-01
 3.85567e+15	3.71e-09	6.99e-04	9.99e-01
 3.98201e+15	4.15e-09	7.48e-04	9.99e-01
 4.13450e+15	4.78e-09	8.10e-04	9.99e-01
 4.28436e+15	5.57e-09	8.74e-04	9.99e-01
 4.41526e+15	6.25e-09	9.31e-04	9.99e-01
 4.55815e+15	7.08e-09	9.96e-04	9.99e-01
 4.73170e+15	8.14e-09	1.08e-03	9.99e-01
 4.90548e+15	9.41e-09	1.16e-03	9.99e-01
 5.06074e+15	1.06e-08	1.24e-03	9.99e-01
 5.23156e+15	1.21e-08	1.33e-03	9.99e-01
 5.43469e+15	1.38e-08	1.45e-03	9.99e-01
 5.63608e+15	1.63e-08	1.57e-03	9.98e-01
 5.81962e+15	1.85e-08	1.68e-03	9.98e-01
 6.02369e+15	2.12e-08	1.81e-03	9.98e-01
 6.25246e+15	2.42e-08	1.96e-03	9.98e-01
 6.47449e+15	2.85e-08	2.12e-03	9.98e-01
 6.68682e+15	3.25e-08	2.27e-03	9.98e-01
 6.92532e+15	3.74e-08	2.45e-03	9.98e-01
 7.18708e+15	4.30e-08	2.66e-03	9.97e-01
 7.42792e+15	5.02e-08	2.87e-03	9.97e-01
 7.65493e+15	5.70e-08	3.07e-03	9.97e-01
 7.91512e+15	6.55e-08	3.32e-03	9.97e-01
 8.20487e+15	7.53e-08	3.60e-03	9.96e-01
 8.48301e+15	8.88e-08	3.91e-03	9.96e-01
 8.71933e+15	1.00e-07	4.17e-03	9.96e-01
 8.95129e+15	1.13e-07	4.44e-03	9.96e-01
 9.25285e+15	1.30e-07	4.82e-03	9.95e-01
 9.56842e+15	1.53e-07	5.25e-03	9.95e-01
 9.83346e+15	1.73e-07	5.63e-03	9.94e-01
 1.01092e+16	1.96e-07	6.05e-03	9.94e-01
 1.04199e+16	2.24e-07	6.57e-03	9.93e-01
 1.07152e+16	2.62e-07	7.10e-03	9.93e-01
 1.09883e+16	2.96e-07	7.63e-03	9.92e-01
 1.12932e+16	3.37e-07	8.28e-03	9.92e-01
 1.16238e+16	4.00e-07	9.06e-03	9.91e-01
 1.19146e+16	4.58e-07	9.79e-03	9.90e-01
 1.21786e+16	5.18e-07	1.05e-02	9.89e-01
 1.24809e+16	6.00e-07	1.15e-02	9.89e-01
 1.28104e+16	6.87e-07	1.26e-02	9.87e-01
 1.31089e+16	8.14e-07	1.38e-02	9.86e-01
 1.33786e+16	9.25e-07	1.50e-02	9.85e-01
 1.36772e+16	1.09e-06	1.65e-02	9.83e-01
 1.39975e+16	1.29e-06	1.84e-02	9.82e-01
 1.42768e+16	1.48e-06	2.02e-02	9.80e-01
 1.45311e+16	1.71e-06	2.22e-02	9.78e-01
 1.48218e+16	2.09e-06	2.49e-02	9.75e-01
 1.51203e+16	2.52e-06	2.82e-02	9.72e-01
 1.53630e+16	2.94e-06	3.13e-02	9.69e-01
 1.55777e+16	3.44e-06	3.47e-02	9.65e-01
 1.57729e+16	3.98e-06	3.83e-02	9.62e-01
 1.59446e+16	4.56e-06	4.20e-02	9.58e-01
 1.61345e+16	5.36e-06	4.69e-02	9.53e-01
 1.63368e+16	6.45e-06	5.32e-02	9.47e-01
 1.65185e+16	7.63e-06	6.00e-02	9.40e-01
 1.66903e+16	9.21e-06	6.82e-02	9.32e-01
 1.68555e+16	1.10e-05	7.77e-02	9.22e-01
 1.70105e+16	1.32e-05	8.88e-02	9.11e-01
 1.71559e+16	1.61e-05	1.02e-01	8.98e-01
 1.72906e+16	1.93e-05	1.17e-01	8.83e-01
 1.74151e+16	2.35e-05	1.35e-01	8.65e-01
 1.75311e+16	2.82e-05	1.55e-01	8.45e-01
 1.76395e+16	3.42e-05	1.79e-01	8.21e-01
 1.77416e+16	4.15e-05	2.07e-01	7.93e-01
 1.78217e+16	4.80e-05	2.34e-01	7.66e-01
 1.78817e+16	5.51e-05	2.57e-01	7.43e-01
 1.79348e+16	6.16e-05	2.80e-01	7.20e-01
 1.79896e+16	6.92e-05	3.08e-01	6.92e-01
 1.80608e+16	8.19e-05	3.48e-01	6.52e-01
 1.81285e+16	9.51e-05	3.90e-01	6.10e-01
 1.81791e+16	1.07e-04	4.26e-01	5.73e-01
 1.82324e+16	1.21e-04	4.68e-01	5.32e-01
 1.83016e+16	1.41e-04	5.25e-01	4.75e-01
 1.83723e+16	1.63e-04	5.85e-01	4.15e-01
 1.84308e+16	1.83e-04	6.34e-01	3.65e-01
 1.84925e+16	2.05e-04	6.86e-01	3.13e-01
 1.85727e+16	2.32e-04	7.48e-01	2.52e-01
 1.86604e+16	2.60e-04	8.05e-01	1.95e-01
 1.87580e+16	2.89e-04	8.56e-01	1.44e-01
 1.88848e+16	3.20e-04	9.03e-01	9.70e-02
 1.90497e+16	3.51e-04	9.41e-01	5.89e-02
 1.92641e+16	3.81e-04	9.67e-01	3.23e-02
 1.95428e+16	4.12e-04	9.83e-01	1.61e-02
 1.99051e+16	4.46e-04	9.92e-01	7.36e-03
 2.02993e+16	4.83e-04	9.96e-01	3.56e-03
 2.06498e+16	5.17e-04	9.97e-01	2.04e-03
 2.09597e+16	5.51e-04	9.98e-01	1.30e-03
 2.12569e+16	5.88e-04	9.99e-01	8.73e-04
 2.15521e+16	6.28e-04	9.99e-01	6.04e-04
 2.18384e+16	6.74e-04	9.99e-01	4.33e-04
 2.21059e+16	7.23e-04	9.99e-01	3.22e-04
 2.23531e+16	7.76e-04	9.99e-01	2.49e-04
 2.25354e+16	8.18e-04	9.99e-01	2.10e-04
 2.26432e+16	8.46e-04	9.99e-01	1.90e-04
 2.27456e+16	8.75e-04	9.99e-01	1.71e-04
 2.28787e+16	9.17e-04	9.99e-01	1.50e-04
 2.30224e+16	9.66e-04	9.99e-01	1.31e-04
 2.31473e+16	1.01e-03	9.99e-01	1.17e-04
 2.32549e+16	1.06e-03	9.99e-01	1.06e-04
 2.33728e+16	1.11e-03	9.99e-01	9.51e-05
 2.34881e+16	1.17e-03	9.99e-01	8.62e-05
 2.35728e+16	1.21e-03	9.99e-01	8.03e-05
 2.36443e+16	1.25e-03	9.99e-01	7.55e-05
 2.37261e+16	1.31e-03	9.99e-01	7.02e-05
 2.38163e+16	1.37e-03	9.99e-01	6.50e-05
 2.38980e+16	1.43e-03	9.99e-01	6.08e-05
 2.39702e+16	1.49e-03	9.98e-01	5.73e-05
 2.40494e+16	1.56e-03	9.98e-01	5.35e-05
 2.41335e+16	1.64e-03	9.98e-01	5.00e-05
 2.42048e+16	1.71e-03	9.98e-01	4.72e-05
 2.42665e+16	1.78e-03	9.98e-01	4.49e-05
 2.43351e+16	1.87e-03	9.98e-01	4.25e-05
 2.44090e+16	1.97e-03	9.98e-01	4.00e-05
 2.44734e+16	2.07e-03	9.98e-01	3.81e-05
 2.45301e+16	2.16e-03	9.98e-01	3.64e-05
 2.45930e+16	2.27e-03	9.98e-01	3.46e-05
 2.46604e+16	2.41e-03	9.98e-01	3.28e-05
 2.47186e+16	2.53e-03	9.97e-01	3.14e-05
 2.47693e+16	2.65e-03	9.97e-01	3.03e-05
 2.48257e+16	2.80e-03	9.97e-01	2.89e-05
 2.48869e+16	2.98e-03	9.97e-01	2.76e-05
 2.49406e+16	3.14e-03	9.97e-01	2.65e-05
 2.49879e+16	3.31e-03	9.97e-01	2.56e-05
 2.50403e+16	3.52e-03	9.96e-01	2.46e-05
 2.50975e+16	3.77e-03	9.96e-01	2.35e-05
 2.51481e+16	4.02e-03	9.96e-01	2.27e-05
 2.51937e+16	4.27e-03	9.96e-01	2.19e-05
 2.52450e+16	4.60e-03	9.95e-01	2.11e-05
 2.53013e+16	5.00e-03	9.95e-01	2.02e-05
 2.53524e+16	5.43e-03	9.95e-01	1.95e-05
 2.53989e+16	5.86e-03	9.94e-01	1.89e-05
 2.54511e+16	6.44e-03	9.94e-01	1.81e-05
 2.55058e+16	7.17e-03	9.93e-01	1.74e-05
 2.55506e+16	7.88e-03	9.92e-01	1.69e-05
 2.55861e+16	8.53e-03	9.91e-01	1.65e-05
 2.56226e+16	9.32e-03	9.91e-01	1.61e-05
 2.56620e+16	1.03e-02	9.90e-01	1.57e-05
 2.56955e+16	1.13e-02	9.89e-01	1.53e-05
 2.57234e+16	1.23e-02	9.88e-01	1.51e-05
 2.57536e+16	1.35e-02	9.87e-01	1.48e-05
 2.57863e+16	1.50e-02	9.85e-01	1.46e-05
 2.58143e+16	1.66e-02	9.83e-01	1.43e-05
 2.58376e+16	1.81e-02	9.82e-01	1.42e-05
 2.58626e+16	2.01e-02	9.80e-01	1.40e-05
 2.58897e+16	2.25e-02	9.77e-01	1.39e-05
 2.59133e+16	2.51e-02	9.75e-01	1.38e-05
 2.59335e+16	2.77e-02	9.72e-01	1.38e-05
 2.59553e+16	3.10e-02	9.69e-01	1.37e-05
 2.59790e+16	3.52e-02	9.65e-01	1.37e-05
 2.59994e+16	3.96e-02	9.60e-01	1.38e-05
 2.60163e+16	4.39e-02	9.56e-01	1.39e-05
 2.60344e+16	4.94e-02	9.51e-01	1.40e-05
 2.60537e+16	5.61e-02	9.44e-01	1.42e-05
 2.60700e+16	6.29e-02	9.37e-01	1.44e-05
 2.60840e+16	6.96e-02	9.30e-01	1.46e-05
 2.60977e+16	7.72e-02	9.23e-01	1.49e-05
 2.61117e+16	8.61e-02	9.14e-01	1.52e-05
 2.61248e+16	9.56e-02	9.04e-01	1.55e-05
 2.61361e+16	1.05e-01	8.95e-01	1.58e-05
 2.61462e+16	1.14e-01	8.86e-01	1.61e-05
 2.61557e+16	1.24e-01	8.76e-01	1.65e-05
 2.61633e+16	1.32e-01	8.68e-01	1.67e-05
 2.61682e+16	1.38e-01	8.62e-01	1.69e-05
 2.61728e+16	1.44e-01	8.56e-01	1.71e-05
 2.61781e+16	1.51e-01	8.49e-01	1.72e-05
 2.61838e+16	1.59e-01	8.41e-01	1.75e-05
 2.61893e+16	1.67e-01	8.33e-01	1.77e-05
 2.61945e+16	1.75e-01	8.25e-01	1.80e-05
 2.61996e+16	1.84e-01	8.16e-01	1.82e-05
 2.62047e+16	1.93e-01	8.07e-01	1.84e-05
 2.62098e+16	2.02e-01	7.98e-01	1.86e-05
 2.62148e+16	2.12e-01	7.88e-01	1.89e-05
 2.62198e+16	2.22e-01	7.78e-01	1.91e-05
 2.62247e+16	2.33e-01	7.67e-01	1.93e-05
 2.62295e+16	2.43e-01	7.57e-01	1.95e-05
 2.62342e+16	2.54e-01	7.46e-01	1.98e-05
 2.62390e+16	2.66e-01	7.34e-01	2.00e-05
 2.62436e+16	2.78e-01	7.22e-01	2.02e-05
 2.62482e+16	2.90e-01	7.10e-01	2.04e-05
 2.62528e+16	3.03e-01	6.97e-01	2.06e-05
 2.62573e+16	3.16e-01	6.84e-01	2.08e-05
 2.62617e+16	3.29e-01	6.71e-01	2.10e-05
 2.62660e+16	3.43e-01	6.57e-01	2.12e-05
 2.62704e+16	3.57e-01	6.43e-01	2.14e-05
 2.62747e+16	3.71e-01	6.29e-01	2.15e-05
 2.62788e+16	3.86e-01	6.14e-01	2.17e-05
 2.62830e+16	4.00e-01	6.00e-01	2.18e-05
 2.62871e+16	4.15e-01	5.85e-01	2.20e-05
 2.62911e+16	4.30e-01	5.70e-01	2.21e-05
 2.62951e+16	4.45e-01	5.55e-01	2.22e-05
 2.62990e+16	4.60e-01	5.40e-01	2.22e-05
 2.63028e+16	4.75e-01	5.25e-01	2.23e-05
 2.63066e+16	4.90e-01	5.10e-01	2.24e-05
 2.63103e+16	5.05e-01	4.95e-01	2.25e-05
 2.63138e+16	5.19e-01	4.81e-01	2.25e-05
 2.63173e+16	5.34e-01	4.66e-01	2.25e-05
 2.63208e+16	5.48e-01	4.52e-01	2.25e-05
 2.63242e+16	5.62e-01	4.38e-01	2.24e-05
 2.63275e+16	5.76e-01	4.24e-01	2.24e-05
 2.63307e+16	5.89e-01	4.11e-01	2.23e-05
 2.63339e+16	6.02e-01	3.98e-01	2.23e-05
 2.63370e+16	6.15e-01	3.85e-01	2.22e-05
 2.63400e+16	6.28e-01	3.72e-01	2.21e-05
 2.63430e+16	6.40e-01	3.60e-01	2.20e-05
 2.63459e+16	6.52e-01	3.48e-01	2.19e-05
 2.63488e+16	6.63e-01	3.37e-01	2.18e-05
 2.63515e+16	6.74e-01	3.26e-01	2.16e-05
 2.63543e+16	6.85e-01	3.15e-01	2.15e-05
 2.63570e+16	6.96e-01	3.04e-01	2.13e-05
 2.63597e+16	7.06e-01	2.94e-01	2.12e-05
 2.63623e+16	7.16e-01	2.84e-01	2.10e-05
 2.63649e+16	7.26e-01	2.74e-01	2.08e-05
 2.63675e+16	7.35e-01	2.65e-01	2.06e-05
 2.63700e+16	7.44e-01	2.56e-01	2.05e-05
 2.63725e+16	7.53e-01	2.47e-01	2.03e-05
 2.63746e+16	7.60e-01	2.40e-01	2.01e-05
 2.63763e+16	7.66e-01	2.34e-01	1.99e-05
 2.63778e+16	7.71e-01	2.29e-01	1.98e-05
 2.63795e+16	7.77e-01	2.23e-01	1.96e-05
 2.63812e+16	7.83e-01	2.17e-01	1.94e-05
 2.63828e+16	7.88e-01	2.12e-01	1.93e-05
 2.63843e+16	7.93e-01	2.07e-01	1.91e-05
 2.63858e+16	7.98e-01	2.02e-01	1.89e-05
 2.63873e+16	8.02e-01	1.98e-01	1.88e-05
 2.63888e+16	8.07e-01	1.93e-01	1.86e-05
 2.63902e+16	8.11e-01	1.89e-01	1.85e-05
 2.63916e+16	8.15e-01	1.85e-01	1.83e-05
 2.63930e+16	8.19e-01	1.81e-01	1.81e-05
 2.63944e+16	8.24e-01	1.76e-01	1.80e-05
 2.63958e+16	8.28e-01	1.72e-01	1.78e-05
 2.63972e+16	8.32e-01	1.68e-01	1.76e-05
 2.63986e+16	8.35e-01	1.65e-01	1.75e-05
 2.64000e+16	8.39e-01	1.61e-01	1.73e-05
 2.64014e+16	8.43e-01	1.57e-01	1.71e-05
 2.64030e+16	8.47e-01	1.53e-01	1.69e-05
 2.64046e+16	8.52e-01	1.48e-01	1.67e-05
 2.64064e+16	8.56e-01	1.44e-01	1.65e-05
 2.64083e+16	8.61e-01	1.39e-01	1.62e-05
 2.64104e+16	8.66e-01	1.34e-01	1.60e-05
 2.64124e+16	8.71e-01	1.29e-01	1.57e-05
 2.64143e+16	8.75e-01	1.25e-01	1.54e-05
 2.64162e+16	8.79e-01	1.21e-01	1.51e-05
 2.64180e+16	8.83e-01	1.16e-01	1.49e-05
 2.64198e+16	8.87e-01	1.13e-01	1.46e-05
 2.64215e+16	8.91e-01	1.09e-01	1.43e-05
 2.64231e+16	8.94e-01	1.06e-01	1.40e-05
 2.64246e+16	8.97e-01	1.03e-01	1.38e-05
 2.64259e+16	9.00e-01	1.00e-01	1.35e-05
 2.64271e+16	9.02e-01	9.76e-02	1.33e-05
 2.64282e+16	9.05e-01	9.54e-02	1.31e-05
 2.64292e+16	9.07e-01	9.34e-02	1.29e-05
 2.64301e+16	9.08e-01	9.16e-02	1.27e-05
 2.64309e+16	9.10e-01	9.00e-02	1.26e-05
 2.64316e+16	9.11e-01	8.85e-02	1.24e-05
 2.64325e+16	9.13e-01	8.69e-02	1.22e-05
 2.64333e+16	9.15e-01	8.53e-02	1.21e-05
 2.64341e+16	9.16e-01	8.37e-02	1.19e-05
 2.64349e+16	9.18e-01	8.24e-02	1.17e-05
 2.64355e+16	9.19e-01	8.11e-02	1.16e-05
 2.64363e+16	9.20e-01	7.97e-02	1.14e-05
 2.64371e+16	9.22e-01	7.83e-02	1.13e-05
 2.64378e+16	9.23e-01	7.70e-02	1.11e-05
 2.64384e+16	9.24e-01	7.59e-02	1.10e-05
 2.64390e+16	9.25e-01	7.48e-02	1.08e-05
 2.64397e+16	9.26e-01	7.36e-02	1.07e-05
 2.64404e+16	9.28e-01	7.23e-02	1.05e-05
 2.64410e+16	9.29e-01	7.13e-02	1.04e-05
 2.64416e+16	9.30e-01	7.02e-02	1.03e-05
 2.64421e+16	9.31e-01	6.92e-02	1.01e-05
 2.64426e+16	9.32e-01	6.84e-02	1.00e-05
 2.64432e+16	9.33e-01	6.75e-02	9.87e-06
 2.64438e+16	9.34e-01	6.62e-02	9.71e-06
 2.64446e+16	9.35e-01	6.50e-02	9.55e-06
 2.64453e+16	9.36e-01	6.38e-02	9.37e-06
 2.64459e+16	9.37e-01	6.28e-02	9.24e-06
 2.64464e+16	9.38e-01	6.19e-02	9.11e-06
 2.64469e+16	9.39e-01	6.10e-02	8.98e-06
 2.64474e+16	9.40e-01	6.03e-02	8.87e-06
 2.64478e+16	9.40e-01	5.95e-02	8.76e-06
 2.64483e+16	9.41e-01	5.87e-02	8.64e-06
 2.64488e+16	9.42e-01	5.79e-02	8.52e-06
 2.64492e+16	9.43e-01	5.72e-02	8.42e-06
 2.64497e+16	9.43e-01	5.65e-02	8.31e-06
 2.64501e+16	9.44e-01	5.57e-02	8.19e-06
 2.64506e+16	9.45e-01	5.50e-02	8.08e-06
 2.64510e+16	9.46e-01	5.43e-02	7.99e-06
 2.64514e+16	9.46e-01	5.36e-02	7.88e-06
 2.64519e+16	9.47e-01	5.29e-02	7.77e-06
 2.64524e+16	9.48e-01	5.22e-02	7.67e-06
 2.64528e+16	9.48e-01	5.16e-02	7.58e-06
 2.64533e+16	9.49e-01	5.08e-02	7.45e-06
 2.64538e+16	9.50e-01	5.00e-02	7.34e-06
 2.64543e+16	9.51e-01	4.94e-02	7.25e-06
 2.64547e+16	9.51e-01	4.87e-02	7.16e-06
 2.64551e+16	9.52e-01	4.81e-02	7.06e-06
 2.64555e+16	9.52e-01	4.76e-02	6.99e-06
 2.64561e+16	9.53e-01	4.68e-02	6.87e-06
 2.64567e+16	9.54e-01	4.60e-02	6.76e-06
 2.64572e+16	9.55e-01	4.53e-02	6.67e-06
 2.64577e+16	9.55e-01	4.47e-02	6.58e-06
 2.64581e+16	9.56e-01	4.40e-02	6.48e-06
 2.64585e+16	9.56e-01	4.35e-02	6.41e-06
 2.64590e+16	9.57e-01	4.30e-02	6.34e-06
 2.64596e+16	9.58e-01	4.22e-02	6.23e-06
 2.64602e+16	9.59e-01	4.15e-02	6.13e-06
 2.64608e+16	9.59e-01	4.08e-02	6.02e-06
 2.64613e+16	9.60e-01	4.02e-02	5.95e-06
 2.64618e+16	9.60e-01	3.96e-02	5.86e-06
 2.64622e+16	9.61e-01	3.91e-02	5.79e-06
 2.64627e+16	9.61e-01	3.86e-02	5.72e-06
 2.64633e+16	9.62e-01	3.79e-02	5.62e-06
 2.64640e+16	9.63e-01	3.72e-02	5.53e-06
 2.64646e+16	9.63e-01	3.66e-02	5.44e-06
 2.64651e+16	9.64e-01	3.60e-02	5.36e-06
 2.64656e+16	9.65e-01	3.55e-02	5.28e-06
 2.64661e+16	9.65e-01	3.50e-02	5.22e-06
 2.64666e+16	9.65e-01	3.45e-02	5.16e-06
 2.64672e+16	9.66e-01	3.39e-02	5.06e-06
 2.64679e+16	9.67e-01	3.32e-02	4.98e-06
 2.64686e+16	9.67e-01	3.27e-02	4.90e-06
 2.64691e+16	9.68e-01	3.21e-02	4.83e-06
 2.64697e+16	9.68e-01	3.16e-02	4.76e-06
 2.64702e+16	9.69e-01	3.11e-02	4.69e-06
 2.64709e+16	9.69e-01	3.06e-02	4.62e-06
 2.64714e+16	9.70e-01	3.01e-02	4.55e-06
 2.64720e+16	9.70e-01	2.97e-02	4.50e-06
 2.64725e+16	9.71e-01	2.92e-02	4.44e-06
 2.64733e+16	9.71e-01	2.86e-02	4.35e-06
 2.64741e+16	9.72e-01	2.80e-02	4.27e-06
 2.64748e+16	9.73e-01	2.75e-02	4.20e-06
 2.64754e+16	9.73e-01	2.70e-02	4.14e-06
 2.64760e+16	9.73e-01	2.66e-02	4.08e-06
 2.64767e+16	9.74e-01	2.61e-02	4.02e-06
 2.64774e+16	9.74e-01	2.56e-02	3.95e-06
 2.64780e+16	9.75e-01	2.52e-02	3.89e-06
 2.64788e+16	9.75e-01	2.47e-02	3.83e-06
 2.64795e+16	9.76e-01	2.42e-02	3.76e-06
 2.64802e+16	9.76e-01	2.38e-02	3.71e-06
 2.64808e+16	9.77e-01	2.34e-02	3.65e-06
 2.64815e+16	9.77e-01	2.29e-02	3.60e-06
 2.64823e+16	9.77e-01	2.25e-02	3.54e-06
 2.64830e+16	9.78e-01	2.21e-02	3.49e-06
 2.64837e+16	9.78e-01	2.17e-02	3.43e-06
 2.64845e+16	9.79e-01	2.12e-02	3.37e-06
 2.64852e+16	9.79e-01	2.08e-02	3.33e-06
 2.64860e+16	9.80e-01	2.04e-02	3.26e-06
 2.64869e+16	9.80e-01	2.00e-02	3.21e-06
 2.64877e+16	9.80e-01	1.96e-02	3.16e-06
 2.64886e+16	9.81e-01	1.91e-02	3.10e-06
 2.64895e+16	9.81e-01	1.87e-02	3.04e-06
 2.64903e+16	9.82e-01	1.83e-02	2.99e-06
 2.64911e+16	9.82e-01	1.80e-02	2.94e-06
 2.64920e+16	9.82e-01	1.76e-02	2.89e-06
 2.64929e+16	9.83e-01	1.72e-02	2.84e-06
 2.64937e+16	9.83e-01	1.68e-02	2.80e-06
 2.64946e+16	9.84e-01	1.64e-02	2.74e-06
 2.64956e+16	9.84e-01	1.61e-02	2.69e-06
 2.64965e+16	9.84e-01	1.57e-02	2.65e-06
 2.64975e+16	9.85e-01	1.53e-02	2.59e-06
 2.64985e+16	9.85e-01	1.50e-02	2.54e-06
 2.64995e+16	9.85e-01	1.46e-02	2.50e-06
 2.65006e+16	9.86e-01	1.42e-02	2.44e-06
 2.65017e+16	9.86e-01	1.39e-02	2.39e-06
 2.65027e+16	9.86e-01	1.35e-02	2.35e-06
 2.65039e+16	9.87e-01	1.32e-02	2.30e-06
 2.65051e+16	9.87e-01	1.28e-02	2.25e-06
 2.65062e+16	9.88e-01	1.25e-02	2.20e-06
 2.65072e+16	9.88e-01	1.22e-02	2.16e-06
 2.65083e+16	9.88e-01	1.19e-02	2.12e-06
 2.65095e+16	9.88e-01	1.16e-02	2.07e-06
 2.65106e+16	9.89e-01	1.13e-02	2.03e-06
 2.65118e+16	9.89e-01	1.10e-02	1.99e-06
 2.65134e+16	9.89e-01	1.06e-02	1.93e-06
 2.65153e+16	9.90e-01	1.01e-02	1.87e-06
 2.65172e+16	9.90e-01	9.71e-03	1.81e-06
 2.65192e+16	9.91e-01	9.32e-03	1.75e-06
 2.65211e+16	9.91e-01	8.93e-03	1.69e-06
 2.65231e+16	9.91e-01	8.55e-03	1.63e-06
 2.65252e+16	9.92e-01	8.17e-03	1.57e-06
 2.65274e+16	9.92e-01	7.81e-03	1.52e-06
 2.65296e+16	9.93e-01	7.45e-03	1.46e-06
 2.65319e+16	9.93e-01	7.11e-03	1.40e-06
 2.65343e+16	9.93e-01	6.77e-03	1.35e-06
 2.65368e+16	9.94e-01	6.44e-03	1.29e-06
 2.65394e+16	9.94e-01	6.13e-03	1.24e-06
 2.65421e+16	9.94e-01	5.82e-03	1.19e-06
 2.65449e+16	9.94e-01	5.52e-03	1.14e-06
 2.65478e+16	9.95e-01	5.24e-03	1.08e-06
 2.65508e+16	9.95e-01	4.96e-03	1.03e-06
 2.65539e+16	9.95e-01	4.70e-03	9.86e-07
 2.65572e+16	9.96e-01	4.45e-03	9.39e-07
 2.65607e+16	9.96e-01	4.21e-03	8.93e-07
 2.65643e+16	9.96e-01	3.98e-03	8.49e-07
 2.65682e+16	9.96e-01	3.76e-03	8.05e-07
 2.65723e+16	9.96e-01	3.55e-03	7.64e-07
 2.65767e+16	9.97e-01	3.35e-03	7.24e-07
 2.65814e+16	9.97e-01	3.16e-03	6.85e-07
 2.65865e+16	9.97e-01	2.98e-03	6.48e-07
 2.65921e+16	9.97e-01	2.81e-03	6.13e-07
 2.65983e+16	9.97e-01	2.65e-03	5.79e-07
 2.66053e+16	9.97e-01	2.51e-03	5.47e-07
 2.66132e+16	9.98e-01	2.37e-03	5.16e-07
 2.66225e+16	9.98e-01	2.24e-03	4.88e-07
 2.66325e+16	9.98e-01	2.14e-03	4.64e-07
 2.66424e+16	9.98e-01	2.06e-03	4.46e-07
 2.66524e+16	9.98e-01	1.99e-03	4.30e-07
 2.66624e+16	9.98e-01	1.94e-03	4.16e-07
 2.66723e+16	9.98e-01	1.90e-03	4.04e-07
 2.66838e+16	9.98e-01	1.86e-03	3.96e-07
 2.66987e+16	9.98e-01	1.82e-03	3.84e-07
 2.67180e+16	9.98e-01	1.77e-03	3.72e-07
 2.67432e+16	9.98e-01	1.72e-03	3.57e-07
 2.67759e+16	9.98e-01	1.67e-03	3.41e-07
 2.68185e+16	9.98e-01	1.62e-03	3.22e-07
 2.68738e+16	9.98e-01	1.55e-03	2.99e-07
 2.69457e+16	9.99e-01	1.47e-03	2.72e-07
 2.70313e+16	9.99e-01	1.39e-03	2.45e-07
 2.71217e+16	9.99e-01	1.31e-03	2.20e-07
 2.72143e+16	9.99e-01	1.24e-03	1.97e-07
 2.73115e+16	9.99e-01	1.17e-03	1.76e-07
 2.74145e+16	9.99e-01	1.11e-03	1.56e-07
 2.75228e+16	9.99e-01	1.04e-03	1.38e-07
 2.76347e+16	9.99e-01	9.83e-04	1.22e-07
 2.77523e+16	9.99e-01	9.23e-04	1.07e-07
 2.78776e+16	9.99e-01	8.65e-04	9.29e-08
 2.80095e+16	9.99e-01	8.08e-04	8.04e-08
 2.81472e+16	9.99e-01	7.54e-04	6.92e-08
 2.82913e+16	9.99e-01	7.02e-04	5.92e-08
 2.84428e+16	9.99e-01	6.52e-04	5.04e-08
 2.86022e+16	9.99e-01	6.04e-04	4.25e-08
 2.87698e+16	9.99e-01	5.56e-04	3.56e-08
 2.89472e+16	9.99e-01	5.10e-04	2.95e-08
 2.91356e+16	1.00e+00	4.65e-04	2.42e-08
 2.93388e+16	1.00e+00	4.21e-04	1.95e-08
 2.95561e+16	1.00e+00	3.78e-04	1.55e-08
 2.97847e+16	1.00e+00	3.37e-04	1.22e-08
 3.00293e+16	1.00e+00	2.97e-04	9.39e-09
 3.02967e+16	1.00e+00	2.58e-04	7.01e-09
 3.06113e+16	1.00e+00	2.18e-04	5.02e-09
 3.09390e+16	1.00e+00	1.84e-04	3.58e-09
 3.12685e+16	1.00e+00	1.54e-04	2.51e-09
 3.16727e+16	1.00e+00	1.24e-04	1.63e-09
 3.21603e+16	1.00e+00	9.61e-05	9.83e-10
 3.27185e+16	1.00e+00	7.21e-05	5.57e-10
 3.33564e+16	1.00e+00	5.24e-05	2.96e-10
 3.40454e+16	1.00e+00	3.75e-05	1.54e-10
 3.47481e+16	1.00e+00	2.70e-05	8.05e-11
 3.54543e+16	1.00e+00	1.96e-05	4.28e-11
 3.62043e+16	1.00e+00	1.40e-05	2.21e-11
 3.70102e+16	1.00e+00	9.94e-06	1.12e-11
 3.78404e+16	1.00e+00	7.03e-06	5.65e-12
 3.86828e+16	1.00e+00	5.01e-06	2.89e-12
 3.95541e+16	1.00e+00	3.55e-06	1.47e-12
 4.04586e+16	1.00e+00	2.51e-06	7.44e-13
 4.14002e+16	1.00e+00	1.76e-06	3.71e-13
 4.23891e+16	1.00e+00	1.23e-06	1.83e-13
 4.34129e+16	1.00e+00	8.53e-07	8.99e-14
 4.44675e+16	1.00e+00	5.91e-07	4.39e-14
 4.55595e+16	1.00e+00	4.03e-07	2.11e-14
 4.66897e+16	1.00e+00	2.77e-07	1.02e-14
 4.78540e+16	1.00e+00	1.90e-07	4.88e-15
 4.90415e+16	1.00e+00	1.30e-07	2.35e-15
 5.02349e+16	1.00e+00	8.86e-08	1.14e-15
 5.14835e+16	1.00e+00	6.05e-08	5.43e-16
 5.28011e+16	1.00e+00	4.06e-08	2.53e-16
 5.40952e+16	1.00e+00	2.79e-08	1.23e-16
 5.54301e+16	1.00e+00	1.90e-08	5.88e-17
 5.68560e+16	1.00e+00	1.28e-08	2.75e-17
 5.83253e+16	1.00e+00	8.68e-09	1.28e-17
 5.98537e+16	1.00e+00	5.83e-09	5.91e-18
 6.14122e+16	1.00e+00	3.93e-09	2.74e-18
 6.29783e+16	1.00e+00	2.69e-09	1.30e-18
 6.45444e+16	1.00e+00	1.85e-09	6.21e-19
 6.61104e+16	1.00e+00	1.28e-09	3.02e-19
 6.76764e+16	1.00e+00	8.96e-10	1.50e-19
 6.92429e+16	1.00e+00	6.33e-10	7.55e-20
 7.08097e+16	1.00e+00	4.50e-10	3.85e-20
 7.23764e+16	1.00e+00	3.22e-10	2.00e-20
 7.39431e+16	1.00e+00	2.32e-10	1.05e-20
 7.55094e+16	1.00e+00	1.69e-10	5.58e-21
 7.70757e+16	1.00e+00	1.24e-10	0.00e+00
 7.86422e+16	1.00e+00	9.13e-11	0.00e+00
 8.02086e+16	1.00e+00	6.77e-11	0.00e+00
 8.17750e+16	1.00e+00	5.05e-11	0.00e+00
 8.33414e+16	1.00e+00	3.79e-11	0.00e+00
 8.49077e+16	1.00e+00	2.86e-11	0.00e+00
 8.64739e+16	1.00e+00	2.17e-11	0.00e+00
 8.82748e+16	1.00e+00	1.58e-11	0.00e+00
 9.03415e+16	1.00e+00	1.11e-11	0.00e+00
 9.24389e+16	1.00e+00	7.87e-12	0.00e+00
 9.46646e+16	1.00e+00	5.49e-12	0.00e+00
 9.70533e+16	1.00e+00	3.77e-12	0.00e+00
 9.95002e+16	1.00e+00	2.60e-12	0.00e+00
 1.01970e+17	1.00e+00	1.80e-12	0.00e+00
 1.04441e+17	1.00e+00	1.27e-12	0.00e+00
 1.06911e+17	1.00e+00	8.96e-13	0.00e+00
 1.09500e+17	1.00e+00	6.28e-13	0.00e+00
 1.12235e+17	1.00e+00	4.38e-13	0.00e+00
 1.15410e+17	1.00e+00	2.90e-13	0.00e+00
 1.19217e+17	1.00e+00	1.82e-13	0.00e+00
 1.23233e+17	1.00e+00	1.16e-13	0.00e+00
 1.27229e+17	1.00e+00	7.68e-14	0.00e+00
 1.31258e+17	1.00e+00	5.31e-14	0.00e+00
 1.35397e+17	1.00e+00	3.83e-14	0.00e+00
 1.39644e+17	1.00e+00	2.90e-14	0.00e+00
 1.43958e+17	1.00e+00	2.32e-14	0.00e+00
 1.48324e+17	1.00e+00	1.96e-14	0.00e+00
 1.52737e+17	1.00e+00	1.74e-14	0.00e+00
 1.57177e+17	1.00e+00	1.59e-14	0.00e+00
 1.61623e+17	1.00e+00	1.49e-14	0.00e+00
 1.66058e+17	1.00e+00	1.43e-14	0.00e+00
 1.70455e+17	1.00e+00	1.39e-14	0.00e+00
 1.74790e+17	1.00e+00	1.36e-14	0.00e+00
 1.79040e+17	1.00e+00	1.34e-14	0.00e+00
 1.83190e+17	1.00e+00	1.33e-14	0.00e+00
 1.87224e+17	1.00e+00	1.33e-14	0.00e+00
 1.91125e+17	1.00e+00	1.33e-14	0.00e+00
 1.94879e+17	1.00e+00	1.33e-14	0.00e+00
 1.98477e+17	1.00e+00	1.34e-14	0.00e+00
 2.01915e+17	1.00e+00	1.34e-14	0.00e+00
 2.05191e+17	1.00e+00	1.35e-14	0.00e+00
 2.08303e+17	1.00e+00	1.36e-14	0.00e+00
 2.11254e+17	1.00e+00	1.37e-14	0.00e+00
 2.14048e+17	1.00e+00	1.38e-14	0.00e+00
 2.16691e+17	1.00e+00	1.39e-14	0.00e+00
 2.19189e+17	1.00e+00	1.40e-14	0.00e+00
 2.21550e+17	1.00e+00	1.41e-14	0.00e+00
 2.23779e+17	1.00e+00	1.42e-14	0.00e+00
 2.25883e+17	1.00e+00	1.43e-14	0.00e+00
 2.27870e+17	1.00e+00	1.43e-14	0.00e+00
 2.29747e+17	1.00e+00	1.44e-14	0.00e+00
 2.31521e+17	1.00e+00	1.45e-14	0.00e+00
 2.33197e+17	1.00e+00	1.46e-14	0.00e+00
 2.34781e+17	1.00e+00	1.46e-14	0.00e+00
 2.36278e+17	1.00e+00	1.47e-14	0.00e+00
 2.37695e+17	1.00e+00	1.47e-14	0.00e+00
 2.39036e+17	1.00e+00	1.48e-14	0.00e+00
 2.40306e+17	1.00e+00	1.48e-14	0.00e+00
 2.41508e+17	1.00e+00	1.49e-14	0.00e+00
 2.42647e+17	1.00e+00	1.49e-14	0.00e+00
 2.43727e+17	1.00e+00	1.49e-14	0.00e+00
 2.44751e+17	1.00e+00	1.50e-14	0.00e+00
 2.45723e+17	1.00e+00	1.50e-14	0.00e+00
 2.46645e+17	1.00e+00	1.50e-14	0.00e+00
 2.47522e+17	1.00e+00	1.51e-14	0.00e+00
 2.48354e+17	1.00e+00	1.51e-14	0.00e+00
 2.49145e+17	1.00e+00	1.51e-14	0.00e+00
 2.49898e+17	1.00e+00	1.51e-14	0.00e+00
 2.50615e+17	1.00e+00	1.51e-14	0.00e+00
 2.51298e+17	1.00e+00	1.52e-14	0.00e+00
 2.51948e+17	1.00e+00	1.52e-14	0.00e+00
 2.52569e+17	1.00e+00	1.52e-14	0.00e+00
 2.53161e+17	1.00e+00	1.52e-14	0.00e+00
 2.53726e+17	1.00e+00	1.52e-14	0.00e+00
 2.54267e+17	1.00e+00	1.52e-14	0.00e+00
 2.54784e+17	1.00e+00	1.52e-14	0.00e+00
 2.55280e+17	1.00e+00	1.52e-14	0.00e+00
 2.55755e+17	1.00e+00	1.53e-14	0.00e+00
 2.56211e+17	1.00e+00	1.53e-14	0.00e+00
 2.56650e+17	1.00e+00	1.53e-14	0.00e+00
 2.57072e+17	1.00e+00	1.53e-14	0.00e+00
 2.57480e+17	1.00e+00	1.53e-14	0.00e+00
 2.57873e+17	1.00e+00	1.53e-14	0.00e+00
 2.58254e+17	1.00e+00	1.53e-14	0.00e+00
 2.58624e+17	1.00e+00	1.53e-14	0.00e+00
 2.58983e+17	1.00e+00	1.53e-14	0.00e+00
 2.59334e+17	1.00e+00	1.53e-14	0.00e+00
 2.59677e+17	1.00e+00	1.53e-14	0.00e+00
 2.60014e+17	1.00e+00	1.53e-14	0.00e+00
 2.60345e+17	1.00e+00	1.53e-14	0.00e+00
 2.60673e+17	1.00e+00	1.53e-14	0.00e+00
 2.60999e+17	1.00e+00	1.53e-14	0.00e+00
 2.61325e+17	1.00e+00	1.53e-14	0.00e+00
 2.61652e+17	1.00e+00	1.53e-14	0.00e+00
 2.61984e+17	1.00e+00	1.53e-14	0.00e+00
 2.62321e+17	1.00e+00	1.53e-14	0.00e+00
 2.62669e+17	1.00e+00	1.53e-14	0.00e+00
 2.63029e+17	1.00e+00	1.53e-14	0.00e+00
 2.63407e+17	1.00e+00	1.53e-14	0.00e+00
 2.63810e+17	1.00e+00	1.52e-14	0.00e+00
 2.64244e+17	1.00e+00	1.52e-14	0.00e+00
 2.64720e+17	1.00e+00	1.52e-14	0.00e+00
 2.65251e+17	1.00e+00	1.52e-14	0.00e+00
 2.65859e+17	1.00e+00	1.51e-14	0.00e+00
 2.66570e+17	1.00e+00	1.50e-14	0.00e+00
 2.67429e+17	1.00e+00	1.49e-14	0.00e+00
 2.68497e+17	1.00e+00	1.48e-14	0.00e+00
 2.69869e+17	1.00e+00	1.46e-14	0.00e+00
 2.71652e+17	1.00e+00	1.42e-14	0.00e+00
 2.73970e+17	1.00e+00	1.36e-14	0.00e+00
 2.76983e+17	1.00e+00	1.28e-14	0.00e+00
 2.80900e+17	1.00e+00	1.18e-14	0.00e+00
 2.85993e+17	1.00e+00	1.04e-14	0.00e+00
 2.92614e+17	1.00e+00	8.78e-15	0.00e+00
 3.01220e+17	1.00e+00	6.96e-15	0.00e+00
 3.12206e+17	1.00e+00	5.07e-15	0.00e+00
 3.24695e+17	1.00e+00	3.46e-15	0.00e+00
 3.37683e+17	1.00e+00	2.97e-15	0.00e+00
 3.51190e+17	1.00e+00	2.59e-15	0.00e+00
 3.65237e+17	1.00e+00	2.24e-15	0.00e+00
 3.79847e+17	1.00e+00	1.92e-15	0.00e+00
 3.94310e+17	1.00e+00	1.61e-15	0.00e+00
 4.07579e+17	1.00e+00	1.61e-15	0.00e+00
 4.19450e+17	1.00e+00	1.75e-15	0.00e+00
 4.30365e+17	1.00e+00	1.85e-15	0.00e+00
 4.40731e+17	1.00e+00	1.81e-15	0.00e+00
 4.50526e+17	1.00e+00	1.71e-15	0.00e+00
 4.59492e+17	1.00e+00	1.64e-15	0.00e+00
 4.67446e+17	1.00e+00	1.61e-15	0.00e+00
 4.74474e+17	1.00e+00	1.59e-15	0.00e+00
 4.80755e+17	1.00e+00	1.54e-15	0.00e+00
 4.85859e+17	1.00e+00	1.47e-15	0.00e+00
 4.89209e+17	1.00e+00	1.49e-15	0.00e+00
 4.91135e+17	1.00e+00	1.55e-15	0.00e+00
 4.92271e+17	1.00e+00	1.59e-15	0.00e+00
 4.92953e+17	1.00e+00	1.62e-15	0.00e+00
 4.93378e+17	1.00e+00	1.63e-15	0.00e+00
 4.93727e+17	1.00e+00	1.64e-15	0.00e+00
 4.94111e+17	1.00e+00	1.64e-15	0.00e+00
 4.94522e+17	1.00e+00	1.65e-15	0.00e+00
 4.94884e+17	1.00e+00	1.65e-15	0.00e+00
 4.95208e+17	1.00e+00	1.65e-15	0.00e+00
 4.95536e+17	1.00e+00	1.65e-15	0.00e+00
 4.95840e+17	1.00e+00	1.65e-15	0.00e+00
 4.96105e+17	1.00e+00	1.65e-15	0.00e+00
 4.96339e+17	1.00e+00	1.65e-15	0.00e+00
 4.96579e+17	1.00e+00	1.64e-15	0.00e+00
 4.96832e+17	1.00e+00	1.64e-15	0.00e+00
 4.97066e+17	1.00e+00	1.64e-15	0.00e+00
 4.97271e+17	1.00e+00	1.63e-15	0.00e+00
 4.97466e+17	1.00e+00	1.63e-15	0.00e+00
 4.97657e+17	1.00e+00	1.63e-15	0.00e+00
 4.97836e+17	1.00e+00	1.62e-15	0.00e+00
 4.98010e+17	1.00e+00	1.62e-15	0.00e+00
 4.98182e+17	1.00e+00	1.61e-15	0.00e+00
 4.98350e+17	1.00e+00	1.61e-15	0.00e+00
 4.98510e+17	1.00e+00	1.60e-15	0.00e+00
 4.98664e+17	1.00e+00	1.60e-15	0.00e+00
 4.98815e+17	1.00e+00	1.60e-15	0.00e+00
 4.98962e+17	1.00e+00	1.59e-15	0.00e+00
 4.99104e+17	1.00e+00	1.59e-15	0.00e+00
 4.99245e+17	1.00e+00	1.58e-15	0.00e+00
 4.99385e+17	1.00e+00	1.58e-15	0.00e+00
 4.99523e+17	1.00e+00	1.57e-15	0.00e+00
 4.99658e+17	1.00e+00	1.57e-15	0.00e+00
 4.99791e+17	1.00e+00	1.56e-15	0.00e+00
 4.99925e+17	1.00e+00	1.56e-15	0.00e+00
 5.00059e+17	1.00e+00	1.55e-15	0.00e+00
 5.00193e+17	1.00e+00	1.55e-15	0.00e+00
 5.00322e+17	1.00e+00	1.54e-15	0.00e+00
 5.00452e+17	1.00e+00	1.54e-15	0.00e+00
 5.00589e+17	1.00e+00	1.53e-15	0.00e+00
 5.00730e+17	1.00e+00	1.52e-15	0.00e+00
 5.00870e+17	1.00e+00	1.51e-15	0.00e+00
 5.01010e+17	1.00e+00	1.51e-15	0.00e+00
 5.01150e+17	1.00e+00	1.50e-15	0.00e+00
 5.01290e+17	1.00e+00	1.49e-15	0.00e+00
 5.01430e+17	1.00e+00	1.48e-15	0.00e+00
 5.01581e+17	1.00e+00	1.48e-15	0.00e+00
 5.01755e+17	1.00e+00	1.47e-15	0.00e+00
 5.01928e+17	1.00e+00	1.46e-15	0.00e+00
 5.02078e+17	1.00e+00	1.45e-15	0.00e+00
 5.02224e+17	1.00e+00	1.44e-15	0.00e+00
 5.02391e+17	1.00e+00	1.43e-15	0.00e+00
 5.02567e+17	1.00e+00	1.42e-15	0.00e+00
 5.02738e+17	1.00e+00	1.41e-15	0.00e+00
 5.02915e+17	1.00e+00	1.40e-15	0.00e+00
 5.03104e+17	1.00e+00	1.39e-15	0.00e+00
 5.03290e+17	1.00e+00	1.37e-15	0.00e+00
 5.03469e+17	1.00e+00	1.36e-15	0.00e+00
 5.03661e+17	1.00e+00	1.35e-15	0.00e+00
 5.03873e+17	1.00e+00	1.34e-15	0.00e+00
 5.04092e+17	1.00e+00	1.32e-15	0.00e+00
 5.04301e+17	1.00e+00	1.31e-15	0.00e+00
 5.04507e+17	1.00e+00	1.30e-15	0.00e+00
 5.04728e+17	1.00e+00	1.28e-15	0.00e+00
 5.04962e+17	1.00e+00	1.27e-15	0.00e+00
 5.05197e+17	1.00e+00	1.25e-15	0.00e+00
 5.05435e+17	1.00e+00	1.24e-15	0.00e+00
 5.05685e+17	1.00e+00	1.22e-15	0.00e+00
 5.05942e+17	1.00e+00	1.20e-15	0.00e+00
 5.06198e+17	1.00e+00	1.19e-15	0.00e+00
 5.06461e+17	1.00e+00	1.17e-15	0.00e+00
 5.06739e+17	1.00e+00	1.15e-15	0.00e+00
 5.07026e+17	1.00e+00	1.13e-15	0.00e+00
 5.07311e+17	1.00e+00	1.11e-15	0.00e+00
 5.07609e+17	1.00e+00	1.09e-15	0.00e+00
 5.07922e+17	1.00e+00	1.07e-15	0.00e+00
 5.08229e+17	1.00e+00	1.05e-15	0.00e+00
 5.08539e+17	1.00e+00	1.03e-15	0.00e+00
 5.08870e+17	1.00e+00	1.01e-15	0.00e+00
 5.09219e+17	1.00e+00	9.83e-16	0.00e+00
 5.09567e+17	1.00e+00	9.59e-16	0.00e+00
 5.09904e+17	1.00e+00	9.37e-16	0.00e+00
 5.10253e+17	1.00e+00	9.14e-16	0.00e+00
 5.10629e+17	1.00e+00	8.90e-16	0.00e+00
 5.11013e+17	1.00e+00	8.65e-16	0.00e+00
 5.11393e+17	1.00e+00	8.41e-16	0.00e+00
 5.11779e+17	1.00e+00	8.16e-16	0.00e+00
 5.12182e+17	1.00e+00	7.91e-16	0.00e+00
 5.12595e+17	1.00e+00	7.65e-16	0.00e+00
 5.13015e+17	1.00e+00	7.40e-16	0.00e+00
 5.13441e+17	1.00e+00	7.14e-16	0.00e+00
 5.13873e+17	1.00e+00	6.89e-16	0.00e+00
 5.14321e+17	1.00e+00	6.63e-16	0.00e+00
 5.14780e+17	1.00e+00	6.37e-16	0.00e+00
 5.15248e+17	1.00e+00	6.11e-16	0.00e+00
 5.15722e+17	1.00e+00	5.84e-16	0.00e+00
 5.16196e+17	1.00e+00	5.59e-16	0.00e+00
 5.16681e+17	1.00e+00	5.34e-16	0.00e+00
 5.17190e+17	1.00e+00	5.09e-16	0.00e+00
 5.17711e+17	1.00e+00	4.84e-16	0.00e+00
 5.18259e+17	1.00e+00	4.58e-16	0.00e+00
 5.18822e+17	1.00e+00	4.32e-16	0.00e+00
 5.19375e+17	1.00e+00	4.07e-16	0.00e+00
 5.19919e+17	1.00e+00	3.84e-16	0.00e+00
 5.20495e+17	1.00e+00	3.62e-16	0.00e+00
 5.21147e+17	1.00e+00	3.37e-16	0.00e+00
 5.21809e+17	1.00e+00	3.12e-16	0.00e+00
 5.22444e+17	1.00e+00	2.90e-16	0.00e+00
 5.23073e+17	1.00e+00	2.69e-16	0.00e+00
 5.23675e+17	1.00e+00	2.49e-16	0.00e+00
 5.24215e+17	1.00e+00	2.33e-16	0.00e+00
 5.24698e+17	1.00e+00	2.19e-16	0.00e+00
 5.25147e+17	1.00e+00	2.06e-16	0.00e+00
 5.25581e+17	1.00e+00	1.95e-16	0.00e+00
 5.26002e+17	1.00e+00	1.85e-16	0.00e+00
 5.26403e+17	1.00e+00	1.75e-16	0.00e+00
 5.26781e+17	1.00e+00	1.66e-16	0.00e+00
 5.27141e+17	1.00e+00	1.58e-16	0.00e+00
 5.27487e+17	1.00e+00	1.51e-16	0.00e+00
 5.27822e+17	1.00e+00	1.44e-16	0.00e+00
 5.28145e+17	1.00e+00	1.37e-16	0.00e+00
 5.28456e+17	1.00e+00	1.31e-16	0.00e+00
 5.28753e+17	1.00e+00	1.26e-16	0.00e+00
 5.29041e+17	1.00e+00	1.20e-16	0.00e+00
 5.29318e+17	1.00e+00	1.15e-16	0.00e+00
 5.29586e+17	1.00e+00	1.11e-16	0.00e+00
 5.29845e+17	1.00e+00	1.06e-16	0.00e+00
 5.30095e+17	1.00e+00	1.02e-16	0.00e+00
 5.30337e+17	1.00e+00	9.79e-17	0.00e+00
 5.30572e+17	1.00e+00	9.43e-17	0.00e+00
 5.30797e+17	1.00e+00	9.07e-17	0.00e+00
 5.31015e+17	1.00e+00	8.73e-17	0.00e+00
 5.31228e+17	1.00e+00	8.42e-17	0.00e+00
 5.31435e+17	1.00e+00	8.12e-17	0.00e+00
 5.31638e+17	1.00e+00	7.85e-17	0.00e+00
 5.31837e+17	1.00e+00	7.58e-17	0.00e+00
 5.32031e+17	1.00e+00	7.32e-17	0.00e+00
 5.32219e+17	1.00e+00	7.07e-17	0.00e+00
 5.32402e+17	1.00e+00	6.84e-17	0.00e+00
 5.32582e+17	1.00e+00	6.62e-17	0.00e+00
 5.32788e+17	1.00e+00	6.40e-17	0.00e+00
 5.33055e+17	1.00e+00	6.14e-17	0.00e+00
 5.33402e+17	1.00e+00	5.79e-17	0.00e+00
 5.33854e+17	1.00e+00	5.38e-17	0.00e+00
 5.34441e+17	1.00e+00	4.87e-17	0.00e+00
 5.35204e+17	1.00e+00	4.28e-17	0.00e+00
 5.36085e+17	1.00e+00	3.61e-17	0.00e+00
 5.36888e+17	1.00e+00	3.02e-17	0.00e+00
 5.37510e+17	1.00e+00	2.62e-17	0.00e+00
 5.38025e+17	1.00e+00	2.35e-17	0.00e+00
 5.38542e+17	1.00e+00	2.12e-17	0.00e+00
 5.39114e+17	1.00e+00	1.90e-17	0.00e+00
 5.39716e+17	1.00e+00	1.65e-17	0.00e+00
 5.40304e+17	1.00e+00	1.46e-17	0.00e+00
 5.40865e+17	1.00e+00	1.30e-17	0.00e+00
