#depth	C	C+	C+2	C+3	C+4	C+5	C+6	C[1]	C[2]	C[3]	C+[1]	C+[2]	CO
 1.49634e+10	0.00e+00	4.54e-31	7.76e-21	2.74e-11	2.56e-01	7.44e-01	3.90e-04	0.00e+00	0.00e+00	0.00e+00	0.00e+00	0.00e+00	7.58e-163
 4.54887e+10	2.57e-42	6.08e-31	9.61e-21	3.14e-11	2.70e-01	7.29e-01	3.53e-04	0.00e+00	0.00e+00	0.00e+00	0.00e+00	0.00e+00	9.42e-206
 7.72350e+10	0.00e+00	8.18e-31	1.19e-20	3.60e-11	2.87e-01	7.13e-01	3.19e-04	0.00e+00	0.00e+00	0.00e+00	0.00e+00	0.00e+00	9.07e-162
 1.10251e+11	5.44e-42	1.10e-30	1.48e-20	4.13e-11	3.03e-01	6.96e-01	2.87e-04	0.00e+00	0.00e+00	0.00e+00	0.00e+00	0.00e+00	5.97e-205
 1.42947e+11	0.00e+00	1.45e-30	1.82e-20	4.69e-11	3.20e-01	6.80e-01	2.60e-04	0.00e+00	0.00e+00	0.00e+00	0.00e+00	0.00e+00	1.01e-160
 1.76950e+11	1.11e-41	1.92e-30	2.23e-20	5.34e-11	3.37e-01	6.62e-01	2.35e-04	0.00e+00	0.00e+00	0.00e+00	0.00e+00	0.00e+00	3.61e-204
 2.13955e+11	0.00e+00	2.58e-30	2.76e-20	6.10e-11	3.56e-01	6.44e-01	2.11e-04	0.00e+00	0.00e+00	0.00e+00	0.00e+00	0.00e+00	1.14e-159
 2.51662e+11	2.31e-41	3.43e-30	3.40e-20	6.94e-11	3.74e-01	6.25e-01	1.89e-04	0.00e+00	0.00e+00	0.00e+00	0.00e+00	0.00e+00	2.17e-203
 2.88873e+11	0.00e+00	4.49e-30	4.14e-20	7.84e-11	3.92e-01	6.07e-01	1.71e-04	0.00e+00	0.00e+00	0.00e+00	0.00e+00	0.00e+00	1.21e-158
 3.28351e+11	4.64e-41	5.92e-30	5.05e-20	8.87e-11	4.12e-01	5.88e-01	1.53e-04	0.00e+00	0.00e+00	0.00e+00	0.00e+00	0.00e+00	1.25e-202
 3.71411e+11	0.00e+00	7.88e-30	6.22e-20	1.01e-10	4.32e-01	5.68e-01	1.37e-04	0.00e+00	0.00e+00	0.00e+00	0.00e+00	0.00e+00	1.35e-157
 4.15057e+11	9.57e-41	1.04e-29	7.61e-20	1.14e-10	4.52e-01	5.48e-01	1.22e-04	0.00e+00	0.00e+00	0.00e+00	0.00e+00	0.00e+00	7.45e-202
 4.60448e+11	0.00e+00	1.38e-29	9.30e-20	1.29e-10	4.72e-01	5.28e-01	1.09e-04	0.00e+00	0.00e+00	0.00e+00	0.00e+00	0.00e+00	1.50e-156
 5.08793e+11	1.97e-40	1.83e-29	1.14e-19	1.46e-10	4.93e-01	5.07e-01	9.62e-05	0.00e+00	0.00e+00	0.00e+00	0.00e+00	0.00e+00	4.35e-201
 5.59071e+11	0.00e+00	2.43e-29	1.40e-19	1.65e-10	5.14e-01	4.86e-01	8.51e-05	0.00e+00	0.00e+00	0.00e+00	0.00e+00	0.00e+00	1.77e-155
 6.11361e+11	4.07e-40	3.22e-29	1.71e-19	1.86e-10	5.35e-01	4.65e-01	7.51e-05	0.00e+00	0.00e+00	0.00e+00	0.00e+00	0.00e+00	2.69e-200
 6.65742e+11	0.00e+00	4.26e-29	2.09e-19	2.10e-10	5.56e-01	4.44e-01	6.61e-05	0.00e+00	0.00e+00	0.00e+00	0.00e+00	0.00e+00	2.09e-154
 7.22298e+11	8.36e-40	5.64e-29	2.55e-19	2.36e-10	5.77e-01	4.23e-01	5.81e-05	0.00e+00	0.00e+00	0.00e+00	0.00e+00	0.00e+00	1.61e-199
 7.81117e+11	0.00e+00	7.45e-29	3.11e-19	2.65e-10	5.97e-01	4.03e-01	5.10e-05	0.00e+00	0.00e+00	0.00e+00	0.00e+00	0.00e+00	2.47e-153
 8.42289e+11	1.71e-39	9.83e-29	3.79e-19	2.98e-10	6.18e-01	3.82e-01	4.46e-05	0.00e+00	0.00e+00	0.00e+00	0.00e+00	0.00e+00	9.97e-199
 9.05907e+11	0.00e+00	1.30e-28	4.61e-19	3.33e-10	6.38e-01	3.62e-01	3.89e-05	0.00e+00	0.00e+00	0.00e+00	0.00e+00	0.00e+00	2.91e-152
 9.72070e+11	3.50e-39	1.71e-28	5.60e-19	3.73e-10	6.58e-01	3.42e-01	3.39e-05	0.00e+00	0.00e+00	0.00e+00	0.00e+00	0.00e+00	6.28e-198
 1.04088e+12	0.00e+00	2.24e-28	6.79e-19	4.17e-10	6.77e-01	3.23e-01	2.95e-05	0.00e+00	0.00e+00	0.00e+00	0.00e+00	0.00e+00	3.43e-151
 1.11244e+12	7.12e-39	2.95e-28	8.24e-19	4.65e-10	6.96e-01	3.04e-01	2.56e-05	0.00e+00	0.00e+00	0.00e+00	0.00e+00	0.00e+00	3.39e-197
 1.18236e+12	0.00e+00	3.81e-28	9.86e-19	5.16e-10	7.13e-01	2.87e-01	2.23e-05	0.00e+00	0.00e+00	0.00e+00	0.00e+00	0.00e+00	3.77e-150
 1.24898e+12	1.35e-38	4.82e-28	1.16e-18	5.66e-10	7.28e-01	2.72e-01	1.97e-05	0.00e+00	0.00e+00	0.00e+00	0.00e+00	0.00e+00	1.38e-196
 1.32278e+12	0.00e+00	6.19e-28	1.39e-18	6.25e-10	7.44e-01	2.56e-01	1.71e-05	0.00e+00	0.00e+00	0.00e+00	0.00e+00	0.00e+00	3.43e-149
 1.40561e+12	2.66e-38	8.12e-28	1.68e-18	6.94e-10	7.61e-01	2.39e-01	1.48e-05	0.00e+00	0.00e+00	0.00e+00	0.00e+00	0.00e+00	1.18e-195
 1.48859e+12	0.00e+00	1.05e-27	2.01e-18	7.68e-10	7.76e-01	2.24e-01	1.27e-05	0.00e+00	0.00e+00	0.00e+00	0.00e+00	0.00e+00	3.90e-148
 1.57488e+12	5.25e-38	1.36e-27	2.41e-18	8.48e-10	7.91e-01	2.09e-01	1.10e-05	0.00e+00	0.00e+00	0.00e+00	0.00e+00	0.00e+00	1.99e-195
 1.66780e+12	0.00e+00	1.78e-27	2.90e-18	9.40e-10	8.05e-01	1.95e-01	9.39e-06	0.00e+00	0.00e+00	0.00e+00	0.00e+00	0.00e+00	4.44e-147
 1.76444e+12	1.06e-37	2.33e-27	3.50e-18	1.04e-09	8.19e-01	1.81e-01	8.02e-06	0.00e+00	0.00e+00	0.00e+00	0.00e+00	0.00e+00	1.16e-193
 1.86494e+12	0.00e+00	3.05e-27	4.21e-18	1.15e-09	8.32e-01	1.68e-01	6.83e-06	0.00e+00	0.00e+00	0.00e+00	0.00e+00	0.00e+00	5.30e-146
 1.96947e+12	2.14e-37	3.98e-27	5.07e-18	1.27e-09	8.44e-01	1.56e-01	5.81e-06	0.00e+00	0.00e+00	0.00e+00	0.00e+00	0.00e+00	0.00e+00
 2.07817e+12	0.00e+00	5.21e-27	6.10e-18	1.41e-09	8.56e-01	1.44e-01	4.94e-06	0.00e+00	0.00e+00	0.00e+00	0.00e+00	0.00e+00	6.35e-145
 2.19122e+12	4.32e-37	6.80e-27	7.34e-18	1.55e-09	8.67e-01	1.33e-01	4.19e-06	0.00e+00	0.00e+00	0.00e+00	0.00e+00	0.00e+00	6.23e-192
 2.30880e+12	0.00e+00	8.88e-27	8.83e-18	1.71e-09	8.77e-01	1.23e-01	3.54e-06	0.00e+00	0.00e+00	0.00e+00	0.00e+00	0.00e+00	7.63e-144
 2.43108e+12	8.71e-37	1.16e-26	1.06e-17	1.89e-09	8.87e-01	1.13e-01	2.99e-06	0.00e+00	0.00e+00	0.00e+00	0.00e+00	0.00e+00	0.00e+00
 2.54461e+12	0.00e+00	1.47e-26	1.25e-17	2.06e-09	8.95e-01	1.05e-01	2.57e-06	0.00e+00	0.00e+00	0.00e+00	0.00e+00	0.00e+00	8.07e-143
 2.64384e+12	1.55e-36	1.80e-26	1.44e-17	2.22e-09	9.01e-01	9.87e-02	2.26e-06	0.00e+00	0.00e+00	0.00e+00	0.00e+00	0.00e+00	3.26e-177
 2.75435e+12	0.00e+00	2.24e-26	1.67e-17	2.40e-09	9.08e-01	9.21e-02	1.96e-06	0.00e+00	0.00e+00	0.00e+00	0.00e+00	0.00e+00	5.73e-142
 2.88812e+12	2.90e-36	2.88e-26	1.99e-17	2.63e-09	9.15e-01	8.49e-02	1.66e-06	0.00e+00	0.00e+00	0.00e+00	0.00e+00	0.00e+00	0.00e+00
 3.02364e+12	0.00e+00	3.70e-26	2.37e-17	2.88e-09	9.22e-01	7.83e-02	1.41e-06	0.00e+00	0.00e+00	0.00e+00	0.00e+00	0.00e+00	6.07e-141
 3.14809e+12	5.37e-36	4.61e-26	2.76e-17	3.12e-09	9.27e-01	7.29e-02	1.22e-06	0.00e+00	0.00e+00	0.00e+00	0.00e+00	0.00e+00	0.00e+00
 3.28661e+12	0.00e+00	5.85e-26	3.25e-17	3.40e-09	9.33e-01	6.74e-02	1.05e-06	0.00e+00	0.00e+00	0.00e+00	0.00e+00	0.00e+00	5.17e-140
 3.44716e+12	1.04e-35	7.62e-26	3.90e-17	3.74e-09	9.38e-01	6.17e-02	8.76e-07	0.00e+00	0.00e+00	0.00e+00	0.00e+00	0.00e+00	2.08e-199
 3.60475e+12	0.00e+00	9.79e-26	4.64e-17	4.09e-09	9.43e-01	5.68e-02	0.00e+00	0.00e+00	0.00e+00	0.00e+00	0.00e+00	0.00e+00	5.82e-139
 3.75493e+12	1.97e-35	1.23e-25	5.44e-17	4.45e-09	9.47e-01	5.25e-02	0.00e+00	0.00e+00	0.00e+00	0.00e+00	0.00e+00	0.00e+00	1.77e-198
 3.92134e+12	0.00e+00	1.58e-25	6.46e-17	4.86e-09	9.52e-01	4.83e-02	0.00e+00	0.00e+00	0.00e+00	0.00e+00	0.00e+00	0.00e+00	5.44e-138
 4.10812e+12	3.86e-35	2.06e-25	7.77e-17	5.35e-09	9.56e-01	4.41e-02	0.00e+00	0.00e+00	0.00e+00	0.00e+00	0.00e+00	0.00e+00	1.64e-99
 4.29754e+12	0.00e+00	2.67e-25	9.30e-17	5.87e-09	9.60e-01	4.03e-02	0.00e+00	0.00e+00	0.00e+00	0.00e+00	0.00e+00	0.00e+00	0.00e+00
 4.49454e+12	7.66e-35	3.46e-25	1.11e-16	6.45e-09	9.63e-01	3.69e-02	0.00e+00	0.00e+00	0.00e+00	0.00e+00	0.00e+00	0.00e+00	1.23e-117
 4.70425e+12	1.09e-34	4.52e-25	1.34e-16	7.10e-09	9.66e-01	3.36e-02	0.00e+00	0.00e+00	0.00e+00	0.00e+00	0.00e+00	0.00e+00	2.30e-98
 4.92235e+12	1.54e-34	5.89e-25	1.62e-16	7.82e-09	9.69e-01	3.06e-02	0.00e+00	0.00e+00	0.00e+00	0.00e+00	0.00e+00	0.00e+00	0.00e+00
 5.14917e+12	2.19e-34	7.68e-25	1.94e-16	8.61e-09	9.72e-01	2.79e-02	0.00e+00	0.00e+00	0.00e+00	0.00e+00	0.00e+00	0.00e+00	3.12e-116
 5.38506e+12	3.10e-34	1.00e-24	2.34e-16	9.47e-09	9.75e-01	2.54e-02	0.00e+00	0.00e+00	0.00e+00	0.00e+00	0.00e+00	0.00e+00	3.28e-97
 5.63039e+12	4.39e-34	1.30e-24	2.82e-16	1.04e-08	9.77e-01	2.31e-02	0.00e+00	0.00e+00	0.00e+00	0.00e+00	0.00e+00	0.00e+00	2.66e-115
 5.88553e+12	6.21e-34	1.70e-24	3.40e-16	1.15e-08	9.79e-01	2.10e-02	0.00e+00	0.00e+00	0.00e+00	0.00e+00	0.00e+00	0.00e+00	1.89e-96
 6.15088e+12	8.77e-34	2.21e-24	4.09e-16	1.27e-08	9.81e-01	1.91e-02	0.00e+00	0.00e+00	0.00e+00	0.00e+00	0.00e+00	0.00e+00	2.25e-114
 6.42684e+12	1.24e-33	2.88e-24	4.93e-16	1.39e-08	9.83e-01	1.74e-02	0.00e+00	0.00e+00	0.00e+00	0.00e+00	0.00e+00	0.00e+00	1.07e-95
 6.71384e+12	1.75e-33	3.74e-24	5.93e-16	1.54e-08	9.84e-01	1.58e-02	0.00e+00	0.00e+00	0.00e+00	0.00e+00	0.00e+00	0.00e+00	1.88e-113
 6.99777e+12	2.42e-33	4.80e-24	7.09e-16	1.69e-08	9.86e-01	1.44e-02	0.00e+00	0.00e+00	0.00e+00	0.00e+00	0.00e+00	0.00e+00	5.72e-95
 7.29305e+12	3.35e-33	6.16e-24	8.46e-16	1.85e-08	9.87e-01	1.31e-02	0.00e+00	0.00e+00	0.00e+00	0.00e+00	0.00e+00	0.00e+00	1.40e-112
 7.61470e+12	4.70e-33	7.98e-24	1.02e-15	2.04e-08	9.88e-01	1.19e-02	0.00e+00	0.00e+00	0.00e+00	0.00e+00	0.00e+00	0.00e+00	2.99e-94
 7.94128e+12	6.53e-33	1.03e-23	1.22e-15	2.25e-08	9.89e-01	1.08e-02	0.00e+00	0.00e+00	0.00e+00	0.00e+00	0.00e+00	0.00e+00	1.11e-111
 8.25777e+12	8.87e-33	1.30e-23	1.45e-15	2.46e-08	9.90e-01	9.92e-03	0.00e+00	0.00e+00	0.00e+00	0.00e+00	0.00e+00	0.00e+00	1.44e-93
 8.56494e+12	1.18e-32	1.62e-23	1.70e-15	2.67e-08	9.91e-01	9.13e-03	0.00e+00	0.00e+00	0.00e+00	0.00e+00	0.00e+00	0.00e+00	6.90e-111
 8.90755e+12	1.60e-32	2.05e-23	2.01e-15	2.92e-08	9.92e-01	8.35e-03	0.00e+00	0.00e+00	0.00e+00	0.00e+00	0.00e+00	0.00e+00	6.19e-93
 9.29378e+12	2.22e-32	2.65e-23	2.42e-15	3.23e-08	9.92e-01	7.57e-03	0.00e+00	0.00e+00	0.00e+00	0.00e+00	0.00e+00	0.00e+00	4.94e-110
 9.67508e+12	3.03e-32	3.36e-23	2.89e-15	3.54e-08	9.93e-01	6.90e-03	0.00e+00	0.00e+00	0.00e+00	0.00e+00	0.00e+00	0.00e+00	2.98e-92
 1.00716e+13	4.13e-32	4.27e-23	3.44e-15	3.89e-08	9.94e-01	6.28e-03	0.00e+00	0.00e+00	0.00e+00	0.00e+00	0.00e+00	0.00e+00	3.40e-109
 1.05044e+13	5.69e-32	5.49e-23	4.14e-15	4.30e-08	9.94e-01	5.70e-03	0.00e+00	0.00e+00	0.00e+00	0.00e+00	0.00e+00	0.00e+00	1.39e-91
 1.09398e+13	7.74e-32	6.97e-23	4.94e-15	4.73e-08	9.95e-01	5.18e-03	0.00e+00	0.00e+00	0.00e+00	0.00e+00	0.00e+00	0.00e+00	2.44e-108
 1.13927e+13	1.05e-31	8.85e-23	5.89e-15	5.20e-08	9.95e-01	4.71e-03	0.00e+00	0.00e+00	0.00e+00	0.00e+00	0.00e+00	0.00e+00	6.25e-91
 1.18176e+13	1.38e-31	1.10e-22	6.92e-15	5.67e-08	9.96e-01	4.32e-03	0.00e+00	0.00e+00	0.00e+00	0.00e+00	0.00e+00	0.00e+00	1.51e-107
 1.21689e+13	1.72e-31	1.30e-22	7.85e-15	6.08e-08	9.96e-01	4.04e-03	0.00e+00	0.00e+00	0.00e+00	0.00e+00	0.00e+00	0.00e+00	2.08e-90
 1.25471e+13	2.15e-31	1.55e-22	8.96e-15	6.53e-08	9.96e-01	3.76e-03	0.00e+00	0.00e+00	0.00e+00	0.00e+00	0.00e+00	0.00e+00	6.18e-107
 1.30311e+13	2.84e-31	1.93e-22	1.06e-14	7.14e-08	9.97e-01	3.44e-03	0.00e+00	0.00e+00	0.00e+00	0.00e+00	0.00e+00	0.00e+00	7.18e-90
 1.35348e+13	3.75e-31	2.40e-22	1.24e-14	7.82e-08	9.97e-01	3.14e-03	0.00e+00	0.00e+00	0.00e+00	0.00e+00	0.00e+00	0.00e+00	3.63e-106
 1.39710e+13	4.72e-31	2.88e-22	1.43e-14	8.42e-08	9.97e-01	2.92e-03	0.00e+00	0.00e+00	0.00e+00	0.00e+00	0.00e+00	0.00e+00	2.49e-89
 1.44371e+13	5.99e-31	3.47e-22	1.64e-14	9.09e-08	9.97e-01	2.71e-03	0.00e+00	0.00e+00	0.00e+00	0.00e+00	0.00e+00	0.00e+00	1.64e-105
 1.50095e+13	7.91e-31	4.32e-22	1.93e-14	9.96e-08	9.98e-01	2.47e-03	0.00e+00	0.00e+00	0.00e+00	0.00e+00	0.00e+00	0.00e+00	8.99e-89
 1.55894e+13	1.04e-30	5.35e-22	2.27e-14	1.09e-07	9.98e-01	2.26e-03	0.00e+00	0.00e+00	0.00e+00	0.00e+00	0.00e+00	0.00e+00	9.74e-105
 1.61084e+13	1.31e-30	6.44e-22	2.61e-14	1.17e-07	9.98e-01	2.10e-03	0.00e+00	0.00e+00	0.00e+00	0.00e+00	0.00e+00	0.00e+00	3.17e-88
 1.66791e+13	1.68e-30	7.82e-22	3.02e-14	1.27e-07	9.98e-01	1.94e-03	0.00e+00	0.00e+00	0.00e+00	0.00e+00	0.00e+00	0.00e+00	4.70e-104
 1.73567e+13	2.22e-30	9.77e-22	3.56e-14	1.39e-07	9.98e-01	1.77e-03	0.00e+00	0.00e+00	0.00e+00	0.00e+00	0.00e+00	0.00e+00	1.21e-87
 1.80389e+13	2.92e-30	1.21e-21	4.19e-14	1.52e-07	9.98e-01	1.62e-03	0.00e+00	0.00e+00	0.00e+00	0.00e+00	0.00e+00	0.00e+00	2.92e-103
 1.86870e+13	3.75e-30	1.47e-21	4.84e-14	1.65e-07	9.99e-01	1.50e-03	0.00e+00	0.00e+00	0.00e+00	0.00e+00	0.00e+00	0.00e+00	4.63e-87
 1.94030e+13	4.90e-30	1.82e-21	5.65e-14	1.79e-07	9.99e-01	1.38e-03	0.00e+00	0.00e+00	0.00e+00	0.00e+00	0.00e+00	0.00e+00	1.61e-102
 2.02090e+13	6.54e-30	2.28e-21	6.68e-14	1.96e-07	9.99e-01	1.26e-03	0.00e+00	0.00e+00	0.00e+00	0.00e+00	0.00e+00	0.00e+00	1.96e-86
 2.10473e+13	8.74e-30	2.86e-21	7.88e-14	2.15e-07	9.99e-01	1.15e-03	0.00e+00	0.00e+00	0.00e+00	0.00e+00	0.00e+00	0.00e+00	1.10e-101
 2.19191e+13	1.17e-29	3.59e-21	9.30e-14	2.35e-07	9.99e-01	1.05e-03	0.00e+00	0.00e+00	0.00e+00	0.00e+00	0.00e+00	0.00e+00	8.98e-86
 2.27975e+13	1.55e-29	4.47e-21	1.09e-13	2.56e-07	9.99e-01	9.67e-04	0.00e+00	0.00e+00	0.00e+00	0.00e+00	0.00e+00	0.00e+00	7.39e-101
 2.37111e+13	2.06e-29	5.56e-21	1.28e-13	2.78e-07	9.99e-01	8.89e-04	0.00e+00	0.00e+00	0.00e+00	0.00e+00	0.00e+00	0.00e+00	4.01e-85
 2.46895e+13	2.75e-29	6.98e-21	1.50e-13	3.04e-07	9.99e-01	8.15e-04	0.00e+00	0.00e+00	0.00e+00	0.00e+00	0.00e+00	0.00e+00	5.00e-100
 2.57070e+13	3.70e-29	8.77e-21	1.77e-13	3.31e-07	9.99e-01	7.49e-04	0.00e+00	0.00e+00	0.00e+00	0.00e+00	0.00e+00	0.00e+00	1.94e-84
 2.67652e+13	4.97e-29	1.10e-20	2.08e-13	3.60e-07	9.99e-01	6.87e-04	0.00e+00	0.00e+00	0.00e+00	0.00e+00	0.00e+00	0.00e+00	3.56e-99
 2.78657e+13	6.70e-29	1.38e-20	2.44e-13	3.92e-07	9.99e-01	6.32e-04	0.00e+00	0.00e+00	0.00e+00	0.00e+00	0.00e+00	0.00e+00	9.52e-84
 2.90102e+13	8.99e-29	1.74e-20	2.86e-13	4.27e-07	9.99e-01	5.81e-04	0.00e+00	0.00e+00	0.00e+00	0.00e+00	0.00e+00	0.00e+00	2.55e-98
 3.02006e+13	1.21e-28	2.18e-20	3.36e-13	4.64e-07	9.99e-01	5.34e-04	0.00e+00	0.00e+00	0.00e+00	0.00e+00	0.00e+00	0.00e+00	4.72e-83
 3.13332e+13	1.59e-28	2.69e-20	3.89e-13	5.01e-07	1.00e+00	4.94e-04	0.00e+00	0.00e+00	0.00e+00	0.00e+00	0.00e+00	0.00e+00	1.69e-97
 3.23715e+13	2.03e-28	3.24e-20	4.43e-13	5.36e-07	1.00e+00	4.62e-04	0.00e+00	0.00e+00	0.00e+00	0.00e+00	0.00e+00	0.00e+00	1.91e-82
 3.35501e+13	2.65e-28	3.98e-20	5.10e-13	5.77e-07	1.00e+00	4.29e-04	0.00e+00	0.00e+00	0.00e+00	0.00e+00	0.00e+00	0.00e+00	9.15e-97
 3.49156e+13	3.58e-28	5.00e-20	5.98e-13	6.26e-07	1.00e+00	3.96e-04	0.00e+00	0.00e+00	0.00e+00	0.00e+00	0.00e+00	0.00e+00	8.99e-82
 3.62841e+13	4.78e-28	6.24e-20	6.97e-13	6.78e-07	1.00e+00	3.66e-04	0.00e+00	0.00e+00	0.00e+00	0.00e+00	0.00e+00	0.00e+00	6.41e-96
 3.77073e+13	6.39e-28	7.77e-20	8.11e-13	7.33e-07	1.00e+00	3.38e-04	0.00e+00	0.00e+00	0.00e+00	0.00e+00	0.00e+00	0.00e+00	4.35e-81
 3.92455e+13	8.67e-28	9.80e-20	9.50e-13	7.95e-07	1.00e+00	3.12e-04	0.00e+00	0.00e+00	0.00e+00	0.00e+00	0.00e+00	0.00e+00	4.55e-95
 4.08452e+13	1.17e-27	1.23e-19	1.11e-12	8.63e-07	1.00e+00	2.87e-04	0.00e+00	0.00e+00	0.00e+00	0.00e+00	0.00e+00	0.00e+00	2.27e-80
 4.25090e+13	1.59e-27	1.55e-19	1.30e-12	9.36e-07	1.00e+00	2.65e-04	0.00e+00	0.00e+00	0.00e+00	0.00e+00	0.00e+00	0.00e+00	3.34e-94
 4.42393e+13	2.15e-27	1.96e-19	1.53e-12	1.02e-06	1.00e+00	2.44e-04	0.00e+00	0.00e+00	0.00e+00	0.00e+00	0.00e+00	0.00e+00	1.20e-79
 4.60388e+13	2.91e-27	2.46e-19	1.79e-12	1.10e-06	1.00e+00	2.25e-04	0.00e+00	0.00e+00	0.00e+00	0.00e+00	0.00e+00	0.00e+00	2.48e-93
 4.79102e+13	3.95e-27	3.10e-19	2.10e-12	1.19e-06	1.00e+00	2.07e-04	0.00e+00	0.00e+00	0.00e+00	0.00e+00	0.00e+00	0.00e+00	6.34e-79
 4.98566e+13	5.35e-27	3.91e-19	2.45e-12	1.29e-06	1.00e+00	1.91e-04	0.00e+00	0.00e+00	0.00e+00	0.00e+00	0.00e+00	0.00e+00	1.84e-92
 5.16905e+13	7.06e-27	4.82e-19	2.83e-12	1.39e-06	1.00e+00	1.78e-04	0.00e+00	0.00e+00	0.00e+00	0.00e+00	0.00e+00	0.00e+00	3.11e-78
 5.33354e+13	8.99e-27	5.79e-19	3.21e-12	1.48e-06	1.00e+00	1.67e-04	0.00e+00	0.00e+00	0.00e+00	0.00e+00	0.00e+00	0.00e+00	6.04e-78
 5.51827e+13	1.16e-26	7.05e-19	3.67e-12	1.59e-06	1.00e+00	1.56e-04	0.00e+00	0.00e+00	0.00e+00	0.00e+00	0.00e+00	0.00e+00	1.23e-77
 5.73663e+13	1.57e-26	8.85e-19	4.28e-12	1.72e-06	1.00e+00	1.44e-04	0.00e+00	0.00e+00	0.00e+00	0.00e+00	0.00e+00	0.00e+00	2.79e-77
 5.95391e+13	2.09e-26	1.10e-18	4.96e-12	1.85e-06	1.00e+00	1.33e-04	0.00e+00	0.00e+00	0.00e+00	0.00e+00	0.00e+00	0.00e+00	6.07e-77
 6.15642e+13	2.70e-26	1.33e-18	5.66e-12	1.98e-06	1.00e+00	1.25e-04	0.00e+00	0.00e+00	0.00e+00	0.00e+00	0.00e+00	0.00e+00	1.23e-76
 6.38222e+13	3.57e-26	1.65e-18	6.53e-12	2.13e-06	1.00e+00	1.16e-04	0.00e+00	0.00e+00	0.00e+00	0.00e+00	0.00e+00	0.00e+00	2.66e-76
 6.64050e+13	4.84e-26	2.07e-18	7.63e-12	2.31e-06	1.00e+00	1.07e-04	0.00e+00	0.00e+00	0.00e+00	0.00e+00	0.00e+00	0.00e+00	6.12e-76
 6.89455e+13	6.48e-26	2.59e-18	8.86e-12	2.49e-06	1.00e+00	9.93e-05	0.00e+00	0.00e+00	0.00e+00	0.00e+00	0.00e+00	0.00e+00	1.37e-75
 7.15877e+13	8.65e-26	3.22e-18	1.03e-11	2.68e-06	1.00e+00	9.20e-05	0.00e+00	0.00e+00	0.00e+00	0.00e+00	0.00e+00	0.00e+00	3.02e-75
 7.44811e+13	1.18e-25	4.06e-18	1.20e-11	2.90e-06	1.00e+00	8.50e-05	0.00e+00	0.00e+00	0.00e+00	0.00e+00	0.00e+00	0.00e+00	7.08e-75
 7.73996e+13	1.58e-25	5.08e-18	1.40e-11	3.14e-06	1.00e+00	7.86e-05	0.00e+00	0.00e+00	0.00e+00	0.00e+00	0.00e+00	0.00e+00	1.59e-74
 8.04347e+13	2.14e-25	6.38e-18	1.63e-11	3.39e-06	1.00e+00	7.28e-05	0.00e+00	0.00e+00	0.00e+00	0.00e+00	0.00e+00	0.00e+00	3.66e-74
 8.36821e+13	2.90e-25	8.03e-18	1.91e-11	3.67e-06	1.00e+00	6.72e-05	0.00e+00	0.00e+00	0.00e+00	0.00e+00	0.00e+00	0.00e+00	8.43e-74
 8.70593e+13	3.95e-25	1.01e-17	2.23e-11	3.97e-06	1.00e+00	6.21e-05	0.00e+00	0.00e+00	0.00e+00	0.00e+00	0.00e+00	0.00e+00	1.97e-73
 9.05716e+13	5.39e-25	1.28e-17	2.61e-11	4.29e-06	1.00e+00	5.74e-05	0.00e+00	0.00e+00	0.00e+00	0.00e+00	0.00e+00	0.00e+00	4.63e-73
 9.42244e+13	7.33e-25	1.61e-17	3.05e-11	4.64e-06	1.00e+00	5.30e-05	0.00e+00	0.00e+00	0.00e+00	0.00e+00	0.00e+00	0.00e+00	1.08e-72
 9.80233e+13	9.99e-25	2.04e-17	3.57e-11	5.03e-06	1.00e+00	4.90e-05	0.00e+00	0.00e+00	0.00e+00	0.00e+00	0.00e+00	0.00e+00	2.53e-72
 1.01754e+14	1.34e-24	2.54e-17	4.14e-11	5.42e-06	1.00e+00	4.54e-05	0.00e+00	0.00e+00	0.00e+00	0.00e+00	0.00e+00	0.00e+00	5.66e-72
 1.05339e+14	1.75e-24	3.12e-17	4.75e-11	5.80e-06	1.00e+00	4.24e-05	0.00e+00	0.00e+00	0.00e+00	0.00e+00	0.00e+00	0.00e+00	1.19e-71
 1.09288e+14	2.35e-24	3.88e-17	5.50e-11	6.24e-06	1.00e+00	3.94e-05	0.00e+00	0.00e+00	0.00e+00	0.00e+00	0.00e+00	0.00e+00	2.67e-71
 1.13689e+14	3.19e-24	4.89e-17	6.44e-11	6.76e-06	1.00e+00	3.64e-05	0.00e+00	0.00e+00	0.00e+00	0.00e+00	1.58e-17	3.31e-17	6.18e-71
 1.18124e+14	4.32e-24	6.15e-17	7.50e-11	7.29e-06	1.00e+00	3.37e-05	0.00e+00	0.00e+00	0.00e+00	0.00e+00	2.04e-17	4.10e-17	1.42e-70
 1.22736e+14	5.83e-24	7.70e-17	8.74e-11	7.88e-06	1.00e+00	3.13e-05	0.00e+00	0.00e+00	0.00e+00	0.00e+00	2.56e-17	5.15e-17	3.23e-70
 1.27675e+14	7.97e-24	9.75e-17	1.02e-10	8.52e-06	1.00e+00	2.89e-05	0.00e+00	0.00e+00	0.00e+00	0.00e+00	3.24e-17	6.51e-17	7.66e-70
 1.32812e+14	1.08e-23	1.23e-16	1.20e-10	9.23e-06	1.00e+00	2.67e-05	0.00e+00	0.00e+00	0.00e+00	0.00e+00	4.08e-17	8.21e-17	1.78e-69
 1.37681e+14	1.44e-23	1.52e-16	1.38e-10	9.91e-06	1.00e+00	2.49e-05	0.00e+00	0.00e+00	0.00e+00	0.00e+00	5.06e-17	1.02e-16	3.91e-69
 1.42123e+14	1.85e-23	1.84e-16	1.57e-10	1.06e-05	1.00e+00	2.33e-05	0.00e+00	0.00e+00	0.00e+00	0.00e+00	6.10e-17	1.23e-16	7.70e-69
 1.47166e+14	2.43e-23	2.26e-16	1.80e-10	1.13e-05	1.00e+00	2.18e-05	0.00e+00	0.00e+00	0.00e+00	0.00e+00	7.51e-17	1.51e-16	1.65e-68
 1.53032e+14	3.30e-23	2.84e-16	2.11e-10	1.23e-05	1.00e+00	2.01e-05	0.00e+00	0.00e+00	0.00e+00	0.00e+00	9.44e-17	1.90e-16	3.78e-68
 1.58873e+14	4.44e-23	3.56e-16	2.45e-10	1.32e-05	1.00e+00	1.87e-05	0.00e+00	0.00e+00	0.00e+00	0.00e+00	1.18e-16	2.38e-16	8.59e-68
 1.64948e+14	5.94e-23	4.43e-16	2.85e-10	1.43e-05	1.00e+00	1.73e-05	0.00e+00	0.00e+00	0.00e+00	0.00e+00	1.47e-16	2.96e-16	1.90e-67
 1.71028e+14	7.86e-23	5.48e-16	3.29e-10	1.53e-05	1.00e+00	1.61e-05	0.00e+00	0.00e+00	0.00e+00	0.00e+00	1.82e-16	3.66e-16	4.12e-67
 1.76442e+14	1.00e-22	6.58e-16	3.72e-10	1.63e-05	1.00e+00	1.51e-05	0.00e+00	0.00e+00	0.00e+00	0.00e+00	2.18e-16	4.39e-16	8.02e-67
 1.82383e+14	1.30e-22	8.01e-16	4.25e-10	1.74e-05	1.00e+00	1.42e-05	0.00e+00	0.00e+00	0.00e+00	0.00e+00	2.66e-16	5.35e-16	1.65e-66
 1.89471e+14	1.74e-22	9.97e-16	4.95e-10	1.88e-05	1.00e+00	1.31e-05	0.00e+00	0.00e+00	0.00e+00	0.00e+00	3.31e-16	6.66e-16	3.64e-66
 1.96472e+14	2.31e-22	1.24e-15	5.72e-10	2.03e-05	1.00e+00	1.22e-05	0.00e+00	0.00e+00	0.00e+00	0.00e+00	4.11e-16	8.26e-16	7.96e-66
 2.02825e+14	2.93e-22	1.48e-15	6.50e-10	2.16e-05	1.00e+00	1.14e-05	0.00e+00	0.00e+00	0.00e+00	0.00e+00	4.92e-16	9.90e-16	1.53e-65
 2.09913e+14	3.83e-22	1.82e-15	7.45e-10	2.32e-05	1.00e+00	1.07e-05	0.00e+00	0.00e+00	0.00e+00	0.00e+00	6.04e-16	1.21e-15	3.22e-65
 2.18212e+14	5.12e-22	2.26e-15	8.70e-10	2.51e-05	1.00e+00	9.83e-06	0.00e+00	0.00e+00	0.00e+00	0.00e+00	7.52e-16	1.51e-15	7.07e-65
 2.26351e+14	6.74e-22	2.79e-15	1.01e-09	2.70e-05	1.00e+00	9.12e-06	0.00e+00	0.00e+00	0.00e+00	0.00e+00	9.28e-16	1.87e-15	1.51e-64
 2.33921e+14	8.69e-22	3.39e-15	1.15e-09	2.89e-05	1.00e+00	8.53e-06	0.00e+00	0.00e+00	0.00e+00	0.00e+00	1.13e-15	2.27e-15	3.04e-64
 2.42413e+14	1.13e-21	4.14e-15	1.33e-09	3.11e-05	1.00e+00	7.92e-06	0.00e+00	0.00e+00	0.00e+00	0.00e+00	1.37e-15	2.77e-15	6.20e-64
 2.52140e+14	1.51e-21	5.17e-15	1.55e-09	3.38e-05	1.00e+00	7.30e-06	0.00e+00	0.00e+00	0.00e+00	0.00e+00	1.72e-15	3.46e-15	1.38e-63
 2.61709e+14	2.00e-21	6.44e-15	1.80e-09	3.65e-05	1.00e+00	6.76e-06	0.00e+00	0.00e+00	0.00e+00	0.00e+00	2.14e-15	4.30e-15	3.03e-63
 2.71662e+14	2.61e-21	7.90e-15	2.09e-09	3.94e-05	1.00e+00	6.25e-06	0.00e+00	0.00e+00	0.00e+00	0.00e+00	2.62e-15	5.27e-15	6.24e-63
 2.82558e+14	3.51e-21	9.92e-15	2.45e-09	4.28e-05	1.00e+00	5.76e-06	0.00e+00	0.00e+00	0.00e+00	0.00e+00	3.29e-15	6.63e-15	1.41e-62
 2.93611e+14	4.58e-21	1.22e-14	2.86e-09	4.64e-05	1.00e+00	5.31e-06	0.00e+00	0.00e+00	0.00e+00	0.00e+00	4.04e-15	8.15e-15	2.92e-62
 3.05105e+14	6.10e-21	1.52e-14	3.34e-09	5.03e-05	1.00e+00	4.90e-06	0.00e+00	0.00e+00	0.00e+00	0.00e+00	5.05e-15	1.02e-14	6.47e-62
 3.17340e+14	7.97e-21	1.88e-14	3.91e-09	5.47e-05	1.00e+00	4.50e-06	0.00e+00	0.00e+00	0.00e+00	0.00e+00	6.22e-15	1.25e-14	1.34e-61
 3.30063e+14	1.05e-20	2.33e-14	4.58e-09	5.94e-05	1.00e+00	4.14e-06	0.00e+00	0.00e+00	0.00e+00	0.00e+00	7.72e-15	1.55e-14	2.87e-61
 3.43296e+14	1.38e-20	2.89e-14	5.36e-09	6.47e-05	1.00e+00	3.82e-06	0.00e+00	0.00e+00	0.00e+00	0.00e+00	9.57e-15	1.93e-14	6.12e-61
 3.56161e+14	1.80e-20	3.55e-14	6.22e-09	7.00e-05	1.00e+00	3.56e-06	0.00e+00	0.00e+00	0.00e+00	0.00e+00	1.18e-14	2.37e-14	1.28e-60
 3.68292e+14	2.23e-20	4.21e-14	7.12e-09	7.52e-05	1.00e+00	3.33e-06	0.00e+00	0.00e+00	0.00e+00	0.00e+00	1.40e-14	2.82e-14	2.31e-60
 3.81804e+14	2.89e-20	5.16e-14	8.23e-09	8.13e-05	1.00e+00	3.10e-06	0.00e+00	0.00e+00	0.00e+00	0.00e+00	1.71e-14	3.45e-14	4.74e-60
 3.97106e+14	3.71e-20	6.31e-14	9.63e-09	8.85e-05	1.00e+00	2.87e-06	0.00e+00	0.00e+00	0.00e+00	0.00e+00	2.09e-14	4.21e-14	9.49e-60
 4.10878e+14	4.64e-20	7.55e-14	1.11e-08	9.55e-05	1.00e+00	2.68e-06	0.00e+00	0.00e+00	0.00e+00	0.00e+00	2.50e-14	5.05e-14	1.78e-59
 4.22277e+14	5.55e-20	8.72e-14	1.23e-08	1.01e-04	1.00e+00	2.55e-06	0.00e+00	0.00e+00	0.00e+00	0.00e+00	2.89e-14	5.83e-14	2.93e-59
 4.34762e+14	6.72e-20	1.02e-13	1.39e-08	1.08e-04	1.00e+00	2.41e-06	0.00e+00	0.00e+00	0.00e+00	0.00e+00	3.37e-14	6.79e-14	5.02e-59
 4.50670e+14	8.48e-20	1.23e-13	1.60e-08	1.17e-04	1.00e+00	2.25e-06	0.00e+00	0.00e+00	0.00e+00	0.00e+00	4.06e-14	8.19e-14	9.66e-59
 4.67524e+14	1.07e-19	1.48e-13	1.86e-08	1.27e-04	1.00e+00	2.10e-06	0.00e+00	0.00e+00	0.00e+00	0.00e+00	4.92e-14	9.91e-14	1.88e-58
 4.82743e+14	1.32e-19	1.75e-13	2.11e-08	1.36e-04	1.00e+00	1.98e-06	0.00e+00	0.00e+00	0.00e+00	0.00e+00	5.80e-14	1.17e-13	3.36e-58
 4.99342e+14	1.65e-19	2.10e-13	2.42e-08	1.47e-04	1.00e+00	1.86e-06	0.00e+00	0.00e+00	0.00e+00	0.00e+00	6.97e-14	1.41e-13	6.41e-58
 5.18913e+14	2.07e-19	2.53e-13	2.82e-08	1.60e-04	1.00e+00	1.73e-06	0.00e+00	0.00e+00	0.00e+00	0.00e+00	8.40e-14	1.69e-13	1.23e-57
 5.37455e+14	2.62e-19	3.07e-13	3.25e-08	1.73e-04	1.00e+00	1.63e-06	0.00e+00	0.00e+00	0.00e+00	0.00e+00	1.02e-13	2.05e-13	2.42e-57
 5.53450e+14	3.14e-19	3.56e-13	3.65e-08	1.84e-04	1.00e+00	1.55e-06	0.00e+00	0.00e+00	0.00e+00	0.00e+00	1.18e-13	2.38e-13	4.05e-57
 5.71029e+14	3.81e-19	4.17e-13	4.14e-08	1.97e-04	1.00e+00	1.47e-06	0.00e+00	0.00e+00	0.00e+00	0.00e+00	1.38e-13	2.79e-13	7.12e-57
 5.92599e+14	4.75e-19	5.00e-13	4.80e-08	2.14e-04	1.00e+00	1.38e-06	0.00e+00	0.00e+00	0.00e+00	0.00e+00	1.66e-13	3.34e-13	1.34e-56
 6.14390e+14	6.03e-19	6.08e-13	5.55e-08	2.32e-04	1.00e+00	1.30e-06	0.00e+00	0.00e+00	0.00e+00	0.00e+00	2.01e-13	4.07e-13	2.70e-56
 6.33778e+14	7.28e-19	7.10e-13	6.28e-08	2.49e-04	1.00e+00	1.24e-06	0.00e+00	0.00e+00	0.00e+00	0.00e+00	2.35e-13	4.75e-13	4.68e-56
 6.55013e+14	8.92e-19	8.40e-13	7.17e-08	2.68e-04	1.00e+00	1.18e-06	0.00e+00	0.00e+00	0.00e+00	0.00e+00	2.78e-13	5.61e-13	8.49e-56
 6.80371e+14	1.11e-18	1.01e-12	8.34e-08	2.91e-04	1.00e+00	1.12e-06	0.00e+00	0.00e+00	0.00e+00	0.00e+00	3.34e-13	6.75e-13	1.63e-55
 7.05434e+14	1.42e-18	1.23e-12	9.64e-08	3.15e-04	1.00e+00	1.06e-06	0.00e+00	0.00e+00	0.00e+00	0.00e+00	4.06e-13	8.21e-13	3.30e-55
 7.28198e+14	1.71e-18	1.44e-12	1.09e-07	3.38e-04	1.00e+00	1.02e-06	0.00e+00	0.00e+00	0.00e+00	0.00e+00	4.76e-13	9.62e-13	5.82e-55
 7.53628e+14	2.11e-18	1.71e-12	1.25e-07	3.65e-04	1.00e+00	9.76e-07	0.00e+00	0.00e+00	0.00e+00	0.00e+00	5.67e-13	1.15e-12	1.09e-54
 7.83377e+14	2.65e-18	2.07e-12	1.46e-07	3.98e-04	1.00e+00	0.00e+00	0.00e+00	0.00e+00	0.00e+00	0.00e+00	6.84e-13	1.38e-12	2.14e-54
 8.12536e+14	3.36e-18	2.51e-12	1.69e-07	4.31e-04	1.00e+00	0.00e+00	0.00e+00	0.00e+00	0.00e+00	0.00e+00	8.32e-13	1.68e-12	4.37e-54
 8.39881e+14	4.06e-18	2.94e-12	1.93e-07	4.63e-04	1.00e+00	0.00e+00	0.00e+00	0.00e+00	0.00e+00	0.00e+00	9.74e-13	1.97e-12	7.77e-54
 8.70526e+14	5.13e-18	3.57e-12	2.22e-07	5.01e-04	9.99e-01	0.00e+00	0.00e+00	0.00e+00	0.00e+00	0.00e+00	1.18e-12	2.39e-12	1.57e-53
 9.05377e+14	6.45e-18	4.32e-12	2.59e-07	5.47e-04	9.99e-01	0.00e+00	0.00e+00	0.00e+00	0.00e+00	0.00e+00	1.43e-12	2.89e-12	3.16e-53
 9.39909e+14	8.21e-18	5.27e-12	3.01e-07	5.93e-04	9.99e-01	0.00e+00	0.00e+00	0.00e+00	0.00e+00	0.00e+00	1.75e-12	3.53e-12	6.59e-53
 9.75823e+14	1.02e-17	6.34e-12	3.49e-07	6.46e-04	9.99e-01	0.00e+00	0.00e+00	0.00e+00	0.00e+00	0.00e+00	2.10e-12	4.24e-12	1.30e-52
 1.01489e+15	1.33e-17	7.83e-12	4.09e-07	7.03e-04	9.99e-01	0.00e+00	0.00e+00	0.00e+00	0.00e+00	0.00e+00	2.59e-12	5.24e-12	2.85e-52
 1.05551e+15	1.68e-17	9.55e-12	4.78e-07	7.68e-04	9.99e-01	0.00e+00	0.00e+00	0.00e+00	0.00e+00	0.00e+00	3.16e-12	6.39e-12	5.96e-52
 1.09776e+15	2.17e-17	1.18e-11	5.58e-07	8.36e-04	9.99e-01	0.00e+00	0.00e+00	0.00e+00	0.00e+00	0.00e+00	3.90e-12	7.89e-12	1.31e-51
 1.14170e+15	2.78e-17	1.44e-11	6.54e-07	9.14e-04	9.99e-01	0.00e+00	0.00e+00	0.00e+00	0.00e+00	0.00e+00	4.78e-12	9.66e-12	2.81e-51
 1.18740e+15	3.58e-17	1.78e-11	7.64e-07	9.95e-04	9.99e-01	0.00e+00	0.00e+00	0.00e+00	0.00e+00	0.00e+00	5.89e-12	1.19e-11	6.17e-51
 1.22782e+15	4.44e-17	2.13e-11	8.73e-07	1.07e-03	9.99e-01	0.00e+00	0.00e+00	0.00e+00	0.00e+00	0.00e+00	7.04e-12	1.42e-11	1.21e-50
 1.26009e+15	5.24e-17	2.44e-11	9.69e-07	1.14e-03	9.99e-01	0.00e+00	0.00e+00	4.56e-18	1.37e-17	2.28e-17	8.07e-12	1.63e-11	2.04e-50
 1.29495e+15	6.27e-17	2.82e-11	1.08e-06	1.21e-03	9.99e-01	0.00e+00	0.00e+00	5.45e-18	1.64e-17	2.73e-17	9.34e-12	1.89e-11	3.57e-50
 1.34027e+15	7.81e-17	3.39e-11	1.24e-06	1.30e-03	9.99e-01	0.00e+00	0.00e+00	6.80e-18	2.04e-17	3.41e-17	1.12e-11	2.27e-11	7.18e-50
 1.38930e+15	9.95e-17	4.12e-11	1.43e-06	1.41e-03	9.99e-01	0.00e+00	0.00e+00	8.68e-18	2.60e-17	4.35e-17	1.36e-11	2.76e-11	1.53e-49
 1.43327e+15	1.23e-16	4.89e-11	1.62e-06	1.51e-03	9.98e-01	0.00e+00	0.00e+00	1.07e-17	3.22e-17	5.37e-17	1.62e-11	3.27e-11	2.97e-49
 1.48054e+15	1.51e-16	5.80e-11	1.84e-06	1.62e-03	9.98e-01	0.00e+00	0.00e+00	1.32e-17	3.95e-17	6.59e-17	1.92e-11	3.88e-11	5.72e-49
 1.53743e+15	1.95e-16	7.14e-11	2.14e-06	1.76e-03	9.98e-01	0.00e+00	0.00e+00	1.71e-17	5.12e-17	8.54e-17	2.37e-11	4.78e-11	1.29e-48
 1.59327e+15	2.50e-16	8.72e-11	2.47e-06	1.90e-03	9.98e-01	0.00e+00	0.00e+00	2.19e-17	6.56e-17	1.10e-16	2.89e-11	5.83e-11	2.79e-48
 1.64247e+15	3.07e-16	1.03e-10	2.79e-06	2.03e-03	9.98e-01	0.00e+00	0.00e+00	2.69e-17	8.07e-17	1.35e-16	3.41e-11	6.90e-11	5.36e-48
 1.69653e+15	3.83e-16	1.23e-10	3.17e-06	2.18e-03	9.98e-01	0.00e+00	0.00e+00	3.36e-17	1.01e-16	1.68e-16	4.08e-11	8.25e-11	1.08e-47
 1.76165e+15	4.87e-16	1.51e-10	3.68e-06	2.37e-03	9.98e-01	0.00e+00	0.00e+00	4.28e-17	1.28e-16	2.14e-16	4.99e-11	1.01e-10	2.34e-47
 1.82684e+15	6.35e-16	1.86e-10	4.26e-06	2.57e-03	9.97e-01	0.00e+00	0.00e+00	5.58e-17	1.68e-16	2.79e-16	6.16e-11	1.24e-10	5.36e-47
 1.88570e+15	7.95e-16	2.22e-10	4.84e-06	2.75e-03	9.97e-01	0.00e+00	0.00e+00	6.99e-17	2.10e-16	3.50e-16	7.37e-11	1.49e-10	1.07e-46
 1.95061e+15	1.01e-15	2.70e-10	5.53e-06	2.95e-03	9.97e-01	0.00e+00	0.00e+00	8.88e-17	2.66e-16	4.45e-16	8.93e-11	1.80e-10	2.26e-46
 2.02707e+15	1.29e-15	3.31e-10	6.45e-06	3.20e-03	9.97e-01	0.00e+00	0.00e+00	1.14e-16	3.42e-16	5.70e-16	1.10e-10	2.22e-10	4.99e-46
 2.10278e+15	1.70e-15	4.12e-10	7.47e-06	3.47e-03	9.97e-01	0.00e+00	0.00e+00	1.50e-16	4.51e-16	7.53e-16	1.36e-10	2.75e-10	1.17e-45
 2.17323e+15	2.16e-15	4.97e-10	8.52e-06	3.73e-03	9.96e-01	0.00e+00	0.00e+00	1.91e-16	5.72e-16	9.54e-16	1.65e-10	3.32e-10	2.42e-45
 2.25189e+15	2.78e-15	6.10e-10	9.82e-06	4.02e-03	9.96e-01	0.00e+00	0.00e+00	2.46e-16	7.38e-16	1.23e-15	2.02e-10	4.08e-10	5.28e-45
 2.34199e+15	3.60e-15	7.54e-10	1.15e-05	4.37e-03	9.96e-01	0.00e+00	0.00e+00	3.19e-16	9.57e-16	1.60e-15	2.50e-10	5.04e-10	1.19e-44
 2.43113e+15	4.82e-15	9.46e-10	1.33e-05	4.73e-03	9.95e-01	0.00e+00	0.00e+00	4.27e-16	1.28e-15	2.14e-15	3.13e-10	6.32e-10	2.87e-44
 2.52382e+15	6.32e-15	1.17e-09	1.55e-05	5.12e-03	9.95e-01	0.00e+00	0.00e+00	5.60e-16	1.68e-15	2.80e-15	3.89e-10	7.85e-10	6.50e-44
 2.62481e+15	8.21e-15	1.45e-09	1.81e-05	5.56e-03	9.94e-01	0.00e+00	0.00e+00	7.28e-16	2.19e-15	3.65e-15	4.82e-10	9.72e-10	1.45e-43
 2.72983e+15	1.09e-14	1.83e-09	2.12e-05	6.05e-03	9.94e-01	0.00e+00	0.00e+00	9.71e-16	2.91e-15	4.86e-15	6.06e-10	1.22e-09	3.43e-43
 2.83905e+15	1.49e-14	2.32e-09	2.48e-05	6.58e-03	9.93e-01	0.00e+00	0.00e+00	1.33e-15	3.98e-15	6.63e-15	7.71e-10	1.55e-09	8.49e-43
 2.95265e+15	2.00e-14	2.93e-09	2.90e-05	7.14e-03	9.93e-01	0.00e+00	0.00e+00	1.78e-15	5.33e-15	8.89e-15	9.71e-10	1.96e-09	2.01e-42
 3.07078e+15	2.66e-14	3.68e-09	3.40e-05	7.76e-03	9.92e-01	0.00e+00	0.00e+00	2.37e-15	7.11e-15	1.19e-14	1.22e-09	2.46e-09	4.69e-42
 3.19364e+15	3.56e-14	4.64e-09	3.97e-05	8.43e-03	9.92e-01	0.00e+00	0.00e+00	3.17e-15	9.51e-15	1.59e-14	1.54e-09	3.10e-09	1.09e-41
 3.30213e+15	4.55e-14	5.64e-09	4.54e-05	9.04e-03	9.91e-01	0.00e+00	0.00e+00	4.06e-15	1.22e-14	2.03e-14	1.87e-09	3.77e-09	2.22e-41
 3.38894e+15	5.51e-14	6.57e-09	5.04e-05	9.54e-03	9.90e-01	0.00e+00	0.00e+00	4.91e-15	1.47e-14	2.46e-14	2.18e-09	4.39e-09	3.86e-41
 3.48314e+15	6.76e-14	7.72e-09	5.63e-05	1.01e-02	9.90e-01	0.00e+00	0.00e+00	6.03e-15	1.81e-14	3.02e-14	2.56e-09	5.16e-09	6.92e-41
 3.60560e+15	8.53e-14	9.32e-09	6.46e-05	1.08e-02	9.89e-01	0.00e+00	0.00e+00	7.61e-15	2.28e-14	3.81e-14	3.09e-09	6.23e-09	1.35e-40
 3.73778e+15	1.14e-13	1.17e-08	7.47e-05	1.17e-02	9.88e-01	0.00e+00	0.00e+00	1.02e-14	3.06e-14	5.11e-14	3.89e-09	7.83e-09	3.07e-40
 3.85567e+15	1.43e-13	1.41e-08	8.46e-05	1.25e-02	9.87e-01	0.00e+00	0.00e+00	1.28e-14	3.85e-14	6.41e-14	4.67e-09	9.39e-09	5.84e-40
 3.98201e+15	1.79e-13	1.68e-08	9.63e-05	1.33e-02	9.87e-01	0.00e+00	0.00e+00	1.60e-14	4.80e-14	8.01e-14	5.58e-09	1.12e-08	1.05e-39
 4.13450e+15	2.36e-13	2.10e-08	1.12e-04	1.44e-02	9.85e-01	0.00e+00	0.00e+00	2.11e-14	6.34e-14	1.06e-13	6.97e-09	1.40e-08	2.28e-39
 4.28436e+15	3.15e-13	2.63e-08	1.29e-04	1.56e-02	9.84e-01	0.00e+00	0.00e+00	2.82e-14	8.47e-14	1.41e-13	8.74e-09	1.76e-08	5.03e-39
 4.41526e+15	3.96e-13	3.15e-08	1.46e-04	1.66e-02	9.83e-01	0.00e+00	0.00e+00	3.54e-14	1.06e-13	1.77e-13	1.05e-08	2.11e-08	9.39e-39
 4.55815e+15	5.03e-13	3.82e-08	1.66e-04	1.77e-02	9.82e-01	0.00e+00	0.00e+00	4.50e-14	1.35e-13	2.25e-13	1.27e-08	2.55e-08	1.82e-38
 4.73170e+15	6.62e-13	4.76e-08	1.93e-04	1.91e-02	9.81e-01	0.00e+00	0.00e+00	5.94e-14	1.78e-13	2.97e-13	1.58e-08	3.18e-08	3.86e-38
 4.90548e+15	8.67e-13	5.91e-08	2.24e-04	2.07e-02	9.79e-01	0.00e+00	0.00e+00	7.78e-14	2.33e-13	3.89e-13	1.96e-08	3.95e-08	8.12e-38
 5.06074e+15	1.10e-12	7.15e-08	2.54e-04	2.20e-02	9.78e-01	0.00e+00	0.00e+00	9.85e-14	2.95e-13	4.93e-13	2.37e-08	4.77e-08	1.54e-37
 5.23156e+15	1.40e-12	8.71e-08	2.91e-04	2.36e-02	9.76e-01	0.00e+00	0.00e+00	1.26e-13	3.78e-13	6.30e-13	2.89e-08	5.81e-08	2.97e-37
 5.43469e+15	1.83e-12	1.08e-07	3.40e-04	2.55e-02	9.74e-01	0.00e+00	0.00e+00	1.64e-13	4.92e-13	8.20e-13	3.58e-08	7.20e-08	5.89e-37
 5.63608e+15	2.45e-12	1.37e-07	3.95e-04	2.76e-02	9.72e-01	0.00e+00	0.00e+00	2.20e-13	6.61e-13	1.10e-12	4.54e-08	9.12e-08	1.28e-36
 5.81962e+15	3.13e-12	1.66e-07	4.50e-04	2.95e-02	9.70e-01	0.00e+00	0.00e+00	2.81e-13	8.44e-13	1.41e-12	5.52e-08	1.11e-07	2.41e-36
 6.02369e+15	4.04e-12	2.05e-07	5.19e-04	3.17e-02	9.68e-01	0.00e+00	0.00e+00	3.64e-13	1.09e-12	1.82e-12	6.79e-08	1.37e-07	4.73e-36
 6.25246e+15	5.24e-12	2.53e-07	6.05e-04	3.43e-02	9.65e-01	0.00e+00	0.00e+00	4.72e-13	1.41e-12	2.36e-12	8.39e-08	1.69e-07	9.27e-36
 6.47449e+15	6.97e-12	3.18e-07	7.00e-04	3.70e-02	9.62e-01	0.00e+00	0.00e+00	6.28e-13	1.88e-12	3.14e-12	1.06e-07	2.13e-07	2.00e-35
 6.68682e+15	8.91e-12	3.88e-07	8.00e-04	3.97e-02	9.60e-01	0.00e+00	0.00e+00	8.04e-13	2.41e-12	4.02e-12	1.29e-07	2.59e-07	3.76e-35
 6.92532e+15	1.16e-11	4.81e-07	9.27e-04	4.27e-02	9.56e-01	0.00e+00	0.00e+00	1.05e-12	3.14e-12	5.23e-12	1.60e-07	3.21e-07	7.31e-35
 7.18708e+15	1.50e-11	5.95e-07	1.08e-03	4.62e-02	9.53e-01	0.00e+00	0.00e+00	1.36e-12	4.07e-12	6.79e-12	1.98e-07	3.97e-07	1.42e-34
 7.42792e+15	1.98e-11	7.44e-07	1.25e-03	4.97e-02	9.49e-01	0.00e+00	0.00e+00	1.79e-12	5.36e-12	8.94e-12	2.47e-07	4.97e-07	2.92e-34
 7.65493e+15	2.49e-11	8.99e-07	1.42e-03	5.31e-02	9.45e-01	0.00e+00	0.00e+00	2.25e-12	6.76e-12	1.13e-11	2.99e-07	6.00e-07	5.21e-34
 7.91512e+15	3.22e-11	1.11e-06	1.64e-03	5.71e-02	9.41e-01	0.00e+00	0.00e+00	2.91e-12	8.74e-12	1.46e-11	3.68e-07	7.39e-07	9.94e-34
 8.20487e+15	4.17e-11	1.37e-06	1.91e-03	6.18e-02	9.36e-01	0.00e+00	0.00e+00	3.77e-12	1.13e-11	1.89e-11	4.54e-07	9.11e-07	1.87e-33
 8.48301e+15	5.52e-11	1.72e-06	2.21e-03	6.67e-02	9.31e-01	0.00e+00	0.00e+00	5.00e-12	1.50e-11	2.50e-11	5.72e-07	1.15e-06	3.85e-33
 8.71933e+15	6.85e-11	2.05e-06	2.49e-03	7.09e-02	9.27e-01	0.00e+00	0.00e+00	6.21e-12	1.86e-11	3.10e-11	6.83e-07	1.37e-06	6.50e-33
 8.95129e+15	8.46e-11	2.44e-06	2.80e-03	7.52e-02	9.22e-01	0.00e+00	0.00e+00	7.66e-12	2.30e-11	3.83e-11	8.11e-07	1.63e-06	1.09e-32
 9.25285e+15	1.10e-10	3.02e-06	3.26e-03	8.11e-02	9.16e-01	0.00e+00	0.00e+00	9.99e-12	3.00e-11	4.99e-11	1.00e-06	2.02e-06	2.07e-32
 9.56842e+15	1.45e-10	3.78e-06	3.79e-03	8.78e-02	9.08e-01	0.00e+00	0.00e+00	1.31e-11	3.94e-11	6.56e-11	1.26e-06	2.52e-06	4.05e-32
 9.83346e+15	1.81e-10	4.53e-06	4.30e-03	9.35e-02	9.02e-01	0.00e+00	0.00e+00	1.64e-11	4.92e-11	8.20e-11	1.51e-06	3.03e-06	6.87e-32
 1.01092e+16	2.27e-10	5.46e-06	4.90e-03	9.98e-02	8.95e-01	0.00e+00	0.00e+00	2.06e-11	6.19e-11	1.03e-10	1.82e-06	3.64e-06	1.17e-31
 1.04199e+16	2.88e-10	6.60e-06	5.65e-03	1.07e-01	8.87e-01	0.00e+00	0.00e+00	2.62e-11	7.85e-11	1.31e-10	2.20e-06	4.41e-06	2.01e-31
 1.07152e+16	3.74e-10	8.19e-06	6.48e-03	1.15e-01	8.78e-01	0.00e+00	0.00e+00	3.40e-11	1.02e-10	1.70e-10	2.73e-06	5.46e-06	3.81e-31
 1.09883e+16	4.63e-10	9.75e-06	7.33e-03	1.22e-01	8.70e-01	0.00e+00	0.00e+00	4.22e-11	1.27e-10	2.11e-10	3.24e-06	6.50e-06	6.16e-31
 1.12932e+16	5.82e-10	1.17e-05	8.41e-03	1.31e-01	8.60e-01	0.00e+00	0.00e+00	5.30e-11	1.59e-10	2.65e-10	3.89e-06	7.80e-06	1.03e-30
 1.16238e+16	7.75e-10	1.48e-05	9.78e-03	1.41e-01	8.49e-01	0.00e+00	0.00e+00	7.07e-11	2.12e-10	3.53e-10	4.92e-06	9.85e-06	2.04e-30
 1.19146e+16	9.73e-10	1.78e-05	1.11e-02	1.51e-01	8.38e-01	0.00e+00	0.00e+00	8.87e-11	2.66e-10	4.44e-10	5.92e-06	1.19e-05	3.40e-30
 1.21786e+16	1.20e-09	2.11e-05	1.25e-02	1.60e-01	8.27e-01	0.00e+00	0.00e+00	1.10e-10	3.29e-10	5.48e-10	7.01e-06	1.40e-05	5.44e-30
 1.24809e+16	1.54e-09	2.56e-05	1.44e-02	1.71e-01	8.14e-01	0.00e+00	0.00e+00	1.41e-10	4.22e-10	7.04e-10	8.54e-06	1.71e-05	9.47e-30
 1.28104e+16	1.94e-09	3.08e-05	1.66e-02	1.84e-01	8.00e-01	0.00e+00	0.00e+00	1.77e-10	5.32e-10	8.86e-10	1.03e-05	2.05e-05	1.51e-29
 1.31089e+16	2.54e-09	3.83e-05	1.91e-02	1.97e-01	7.84e-01	0.00e+00	0.00e+00	2.33e-10	6.99e-10	1.16e-09	1.28e-05	2.56e-05	2.85e-29
 1.33786e+16	3.13e-09	4.53e-05	2.16e-02	2.08e-01	7.70e-01	0.00e+00	0.00e+00	2.87e-10	8.60e-10	1.43e-09	1.51e-05	3.02e-05	4.47e-29
 1.36772e+16	4.07e-09	5.58e-05	2.48e-02	2.23e-01	7.52e-01	0.00e+00	0.00e+00	3.73e-10	1.12e-09	1.86e-09	1.86e-05	3.72e-05	8.08e-29
 1.39975e+16	5.30e-09	6.89e-05	2.88e-02	2.40e-01	7.32e-01	0.00e+00	0.00e+00	4.87e-10	1.46e-09	2.43e-09	2.30e-05	4.59e-05	1.44e-28
 1.42768e+16	6.50e-09	8.07e-05	3.28e-02	2.55e-01	7.13e-01	0.00e+00	0.00e+00	5.97e-10	1.79e-09	2.99e-09	2.69e-05	5.38e-05	2.11e-28
 1.45311e+16	8.10e-09	9.64e-05	3.72e-02	2.70e-01	6.93e-01	0.00e+00	0.00e+00	7.45e-10	2.23e-09	3.72e-09	3.21e-05	6.43e-05	3.44e-28
 1.48218e+16	1.10e-08	1.22e-04	4.31e-02	2.89e-01	6.68e-01	0.00e+00	0.00e+00	1.01e-09	3.02e-09	5.04e-09	4.07e-05	8.14e-05	6.93e-28
 1.51203e+16	1.43e-08	1.51e-04	5.01e-02	3.09e-01	6.41e-01	0.00e+00	0.00e+00	1.32e-09	3.95e-09	6.59e-09	5.03e-05	1.01e-04	1.23e-27
 1.53630e+16	1.78e-08	1.79e-04	5.67e-02	3.27e-01	6.16e-01	0.00e+00	0.00e+00	1.64e-09	4.92e-09	8.19e-09	5.96e-05	1.19e-04	1.94e-27
 1.55777e+16	2.20e-08	2.10e-04	6.36e-02	3.44e-01	5.92e-01	0.00e+00	0.00e+00	2.03e-09	6.08e-09	1.01e-08	7.02e-05	1.40e-04	3.10e-27
 1.57729e+16	2.67e-08	2.45e-04	7.06e-02	3.60e-01	5.69e-01	0.00e+00	0.00e+00	2.46e-09	7.38e-09	1.23e-08	8.16e-05	1.63e-04	4.74e-27
 1.59446e+16	3.18e-08	2.80e-04	7.76e-02	3.75e-01	5.47e-01	0.00e+00	0.00e+00	2.94e-09	8.82e-09	1.47e-08	9.35e-05	1.87e-04	7.03e-27
 1.61345e+16	3.90e-08	3.28e-04	8.64e-02	3.93e-01	5.21e-01	0.00e+00	0.00e+00	3.61e-09	1.08e-08	1.80e-08	1.09e-04	2.19e-04	1.11e-26
 1.63368e+16	4.90e-08	3.90e-04	9.70e-02	4.12e-01	4.90e-01	0.00e+00	0.00e+00	4.54e-09	1.36e-08	2.27e-08	1.30e-04	2.60e-04	1.88e-26
 1.65185e+16	5.95e-08	4.52e-04	1.08e-01	4.30e-01	4.61e-01	0.00e+00	0.00e+00	5.51e-09	1.65e-08	2.75e-08	1.51e-04	3.01e-04	2.89e-26
 1.66903e+16	7.35e-08	5.31e-04	1.20e-01	4.49e-01	4.31e-01	0.00e+00	0.00e+00	6.82e-09	2.05e-08	3.41e-08	1.77e-04	3.54e-04	4.83e-26
 1.68555e+16	8.99e-08	6.16e-04	1.32e-01	4.67e-01	4.00e-01	0.00e+00	0.00e+00	8.34e-09	2.50e-08	4.17e-08	2.05e-04	4.10e-04	7.65e-26
 1.70105e+16	1.08e-07	7.05e-04	1.45e-01	4.85e-01	3.69e-01	0.00e+00	0.00e+00	1.00e-08	3.00e-08	4.99e-08	2.35e-04	4.70e-04	1.16e-25
 1.71559e+16	1.32e-07	8.15e-04	1.59e-01	5.02e-01	3.38e-01	0.00e+00	0.00e+00	1.22e-08	3.67e-08	6.12e-08	2.72e-04	5.43e-04	1.90e-25
 1.72906e+16	1.55e-07	9.22e-04	1.73e-01	5.18e-01	3.08e-01	0.00e+00	0.00e+00	1.45e-08	4.34e-08	7.23e-08	3.08e-04	6.14e-04	2.83e-25
 1.74151e+16	1.86e-07	1.05e-03	1.87e-01	5.33e-01	2.79e-01	0.00e+00	0.00e+00	1.73e-08	5.19e-08	8.65e-08	3.50e-04	6.99e-04	4.47e-25
 1.75311e+16	2.18e-07	1.17e-03	2.01e-01	5.47e-01	2.51e-01	0.00e+00	0.00e+00	2.03e-08	6.09e-08	1.02e-07	3.90e-04	7.80e-04	6.52e-25
 1.76395e+16	2.54e-07	1.30e-03	2.15e-01	5.60e-01	2.24e-01	0.00e+00	0.00e+00	2.38e-08	7.13e-08	1.19e-07	4.35e-04	8.69e-04	9.71e-25
 1.77416e+16	2.96e-07	1.45e-03	2.29e-01	5.72e-01	1.98e-01	0.00e+00	0.00e+00	2.77e-08	8.32e-08	1.39e-07	4.82e-04	9.63e-04	1.43e-24
 1.78217e+16	3.28e-07	1.54e-03	2.40e-01	5.81e-01	1.78e-01	0.00e+00	0.00e+00	3.08e-08	9.22e-08	1.54e-07	5.14e-04	1.03e-03	1.79e-24
 1.78817e+16	3.71e-07	1.66e-03	2.49e-01	5.87e-01	1.62e-01	0.00e+00	0.00e+00	3.49e-08	1.04e-07	1.74e-07	5.55e-04	1.11e-03	2.48e-24
 1.79348e+16	4.01e-07	1.75e-03	2.57e-01	5.93e-01	1.48e-01	0.00e+00	0.00e+00	3.77e-08	1.13e-07	1.88e-07	5.85e-04	1.17e-03	3.03e-24
 1.79896e+16	4.28e-07	1.83e-03	2.65e-01	5.99e-01	1.34e-01	0.00e+00	0.00e+00	4.02e-08	1.21e-07	2.01e-07	6.11e-04	1.22e-03	3.56e-24
 1.80608e+16	4.89e-07	1.98e-03	2.76e-01	6.05e-01	1.17e-01	0.00e+00	0.00e+00	4.61e-08	1.38e-07	2.30e-07	6.62e-04	1.32e-03	5.02e-24
 1.81285e+16	5.38e-07	2.11e-03	2.86e-01	6.11e-01	1.01e-01	0.00e+00	0.00e+00	5.08e-08	1.52e-07	2.54e-07	7.04e-04	1.40e-03	6.45e-24
 1.81791e+16	5.73e-07	2.21e-03	2.93e-01	6.15e-01	8.97e-02	0.00e+00	0.00e+00	5.42e-08	1.62e-07	2.71e-07	7.37e-04	1.47e-03	7.88e-24
 1.82324e+16	6.19e-07	2.32e-03	3.02e-01	6.18e-01	7.80e-02	0.00e+00	0.00e+00	5.87e-08	1.76e-07	2.93e-07	7.75e-04	1.54e-03	9.71e-24
 1.83016e+16	6.86e-07	2.46e-03	3.11e-01	6.22e-01	6.45e-02	0.00e+00	0.00e+00	6.52e-08	1.95e-07	3.25e-07	8.23e-04	1.64e-03	1.25e-23
 1.83723e+16	7.49e-07	2.61e-03	3.21e-01	6.24e-01	5.24e-02	0.00e+00	0.00e+00	7.13e-08	2.14e-07	3.56e-07	8.71e-04	1.74e-03	1.58e-23
