#depth	O	O+	O+2	O+3	O+4	O+5	O+6	O+7	O+8	O[1]	O[2]	O[3]
 1.49634e+10	0.00e+00	2.22e-44	1.11e-33	4.15e-24	1.47e-15	3.52e-08	1.00e+00	7.66e-12	0.00e+00	0.00e+00	0.00e+00	0.00e+00
 4.54887e+10	0.00e+00	0.00e+00	1.52e-33	5.26e-24	1.72e-15	3.81e-08	1.00e+00	0.00e+00	0.00e+00	0.00e+00	0.00e+00	0.00e+00
 7.72350e+10	0.00e+00	4.88e-44	2.09e-33	6.66e-24	2.01e-15	4.12e-08	1.00e+00	0.00e+00	0.00e+00	0.00e+00	0.00e+00	0.00e+00
 1.10251e+11	0.00e+00	0.00e+00	2.86e-33	8.44e-24	2.36e-15	4.46e-08	1.00e+00	0.00e+00	0.00e+00	0.00e+00	0.00e+00	0.00e+00
 1.42947e+11	0.00e+00	1.05e-43	3.86e-33	1.06e-23	2.74e-15	4.81e-08	1.00e+00	0.00e+00	0.00e+00	0.00e+00	0.00e+00	0.00e+00
 1.76950e+11	0.00e+00	0.00e+00	5.22e-33	1.33e-23	3.19e-15	5.19e-08	1.00e+00	0.00e+00	0.00e+00	0.00e+00	0.00e+00	0.00e+00
 2.13955e+11	0.00e+00	2.28e-43	7.16e-33	1.68e-23	3.74e-15	5.62e-08	1.00e+00	0.00e+00	0.00e+00	0.00e+00	0.00e+00	0.00e+00
 2.51662e+11	0.00e+00	0.00e+00	9.76e-33	2.12e-23	4.38e-15	6.08e-08	1.00e+00	0.00e+00	0.00e+00	0.00e+00	0.00e+00	0.00e+00
 2.88873e+11	0.00e+00	4.84e-43	1.31e-32	2.65e-23	5.07e-15	6.55e-08	1.00e+00	0.00e+00	0.00e+00	0.00e+00	0.00e+00	0.00e+00
 3.28351e+11	0.00e+00	0.00e+00	1.77e-32	3.32e-23	5.91e-15	7.07e-08	1.00e+00	0.00e+00	0.00e+00	0.00e+00	0.00e+00	0.00e+00
 3.71411e+11	0.00e+00	1.05e-42	2.43e-32	4.22e-23	6.93e-15	7.66e-08	1.00e+00	0.00e+00	0.00e+00	0.00e+00	0.00e+00	0.00e+00
 4.15057e+11	0.00e+00	0.00e+00	3.31e-32	5.32e-23	8.10e-15	8.28e-08	1.00e+00	0.00e+00	0.00e+00	0.00e+00	0.00e+00	0.00e+00
 4.60448e+11	0.00e+00	2.26e-42	4.51e-32	6.72e-23	9.46e-15	8.96e-08	1.00e+00	0.00e+00	0.00e+00	0.00e+00	0.00e+00	0.00e+00
 5.08793e+11	0.00e+00	0.00e+00	6.19e-32	8.53e-23	1.11e-14	9.71e-08	1.00e+00	0.00e+00	0.00e+00	0.00e+00	0.00e+00	0.00e+00
 5.59071e+11	0.00e+00	5.00e-42	8.50e-32	1.08e-22	1.30e-14	1.05e-07	1.00e+00	0.00e+00	0.00e+00	0.00e+00	0.00e+00	0.00e+00
 6.11361e+11	0.00e+00	0.00e+00	1.17e-31	1.38e-22	1.53e-14	1.14e-07	1.00e+00	0.00e+00	0.00e+00	0.00e+00	0.00e+00	0.00e+00
 6.65742e+11	0.00e+00	1.10e-41	1.61e-31	1.75e-22	1.80e-14	1.24e-07	1.00e+00	0.00e+00	0.00e+00	0.00e+00	0.00e+00	0.00e+00
 7.22298e+11	0.00e+00	0.00e+00	2.21e-31	2.22e-22	2.11e-14	1.34e-07	1.00e+00	0.00e+00	0.00e+00	0.00e+00	0.00e+00	0.00e+00
 7.81117e+11	0.00e+00	2.44e-41	3.03e-31	2.82e-22	2.48e-14	1.46e-07	1.00e+00	0.00e+00	0.00e+00	0.00e+00	0.00e+00	0.00e+00
 8.42289e+11	0.00e+00	0.00e+00	4.17e-31	3.59e-22	2.92e-14	1.58e-07	1.00e+00	0.00e+00	0.00e+00	0.00e+00	0.00e+00	0.00e+00
 9.05907e+11	0.00e+00	5.40e-41	5.74e-31	4.57e-22	3.43e-14	1.71e-07	1.00e+00	0.00e+00	0.00e+00	0.00e+00	0.00e+00	0.00e+00
 9.72070e+11	0.00e+00	0.00e+00	7.89e-31	5.81e-22	4.04e-14	1.86e-07	1.00e+00	0.00e+00	0.00e+00	0.00e+00	0.00e+00	0.00e+00
 1.04088e+12	0.00e+00	1.20e-40	1.09e-30	7.40e-22	4.75e-14	2.02e-07	1.00e+00	0.00e+00	0.00e+00	0.00e+00	0.00e+00	0.00e+00
 1.11244e+12	0.00e+00	0.00e+00	1.50e-30	9.42e-22	5.60e-14	2.19e-07	1.00e+00	0.00e+00	0.00e+00	0.00e+00	0.00e+00	0.00e+00
 1.18236e+12	0.00e+00	2.59e-40	2.02e-30	1.18e-21	6.53e-14	2.37e-07	1.00e+00	0.00e+00	0.00e+00	0.00e+00	0.00e+00	0.00e+00
 1.24898e+12	0.00e+00	0.00e+00	2.67e-30	1.46e-21	7.52e-14	2.55e-07	1.00e+00	0.00e+00	0.00e+00	0.00e+00	0.00e+00	0.00e+00
 1.32278e+12	0.00e+00	5.29e-40	3.59e-30	1.83e-21	8.75e-14	2.75e-07	1.00e+00	0.00e+00	0.00e+00	0.00e+00	0.00e+00	0.00e+00
 1.40561e+12	0.00e+00	0.00e+00	4.95e-30	2.33e-21	1.03e-13	2.99e-07	1.00e+00	0.00e+00	0.00e+00	0.00e+00	0.00e+00	0.00e+00
 1.48859e+12	0.00e+00	1.16e-39	6.74e-30	2.95e-21	1.21e-13	3.24e-07	1.00e+00	0.00e+00	0.00e+00	0.00e+00	0.00e+00	0.00e+00
 1.57488e+12	0.00e+00	0.00e+00	9.19e-30	3.73e-21	1.42e-13	3.51e-07	1.00e+00	0.00e+00	0.00e+00	0.00e+00	0.00e+00	0.00e+00
 1.66780e+12	0.00e+00	2.54e-39	1.27e-29	4.76e-21	1.68e-13	3.82e-07	1.00e+00	0.00e+00	0.00e+00	0.00e+00	0.00e+00	0.00e+00
 1.76444e+12	0.00e+00	0.00e+00	1.75e-29	6.08e-21	1.98e-13	4.16e-07	1.00e+00	0.00e+00	0.00e+00	0.00e+00	0.00e+00	0.00e+00
 1.86494e+12	0.00e+00	5.66e-39	2.41e-29	7.76e-21	2.34e-13	4.53e-07	1.00e+00	0.00e+00	0.00e+00	0.00e+00	0.00e+00	0.00e+00
 1.96947e+12	0.00e+00	0.00e+00	3.33e-29	9.92e-21	2.77e-13	4.93e-07	1.00e+00	0.00e+00	0.00e+00	0.00e+00	0.00e+00	0.00e+00
 2.07817e+12	0.00e+00	1.26e-38	4.60e-29	1.27e-20	3.27e-13	5.37e-07	1.00e+00	0.00e+00	0.00e+00	0.00e+00	0.00e+00	0.00e+00
 2.19122e+12	0.00e+00	0.00e+00	6.35e-29	1.62e-20	3.87e-13	5.86e-07	1.00e+00	0.00e+00	0.00e+00	0.00e+00	0.00e+00	0.00e+00
 2.30880e+12	0.00e+00	2.80e-38	8.77e-29	2.08e-20	4.58e-13	6.38e-07	1.00e+00	0.00e+00	0.00e+00	0.00e+00	0.00e+00	0.00e+00
 2.43108e+12	0.00e+00	0.00e+00	1.21e-28	2.66e-20	5.43e-13	6.96e-07	1.00e+00	0.00e+00	0.00e+00	0.00e+00	0.00e+00	0.00e+00
 2.54461e+12	0.00e+00	5.98e-38	1.62e-28	3.31e-20	6.32e-13	7.52e-07	1.00e+00	0.00e+00	0.00e+00	0.00e+00	0.00e+00	0.00e+00
 2.64384e+12	0.00e+00	0.00e+00	2.07e-28	3.99e-20	7.19e-13	8.04e-07	1.00e+00	0.00e+00	0.00e+00	0.00e+00	0.00e+00	0.00e+00
 2.75435e+12	0.00e+00	1.12e-37	2.69e-28	4.89e-20	8.26e-13	8.64e-07	1.00e+00	0.00e+00	0.00e+00	0.00e+00	0.00e+00	0.00e+00
 2.88812e+12	0.00e+00	0.00e+00	3.66e-28	6.20e-20	9.73e-13	9.40e-07	1.00e+00	0.00e+00	0.00e+00	0.00e+00	0.00e+00	0.00e+00
 3.02364e+12	0.00e+00	2.38e-37	4.95e-28	7.81e-20	1.14e-12	1.02e-06	1.00e+00	0.00e+00	0.00e+00	0.00e+00	0.00e+00	0.00e+00
 3.14809e+12	0.00e+00	0.00e+00	6.47e-28	9.59e-20	1.32e-12	1.10e-06	1.00e+00	0.00e+00	0.00e+00	0.00e+00	0.00e+00	0.00e+00
 3.28661e+12	0.00e+00	4.72e-37	8.62e-28	1.20e-19	1.53e-12	1.19e-06	1.00e+00	0.00e+00	0.00e+00	0.00e+00	0.00e+00	0.00e+00
 3.44716e+12	0.00e+00	0.00e+00	1.19e-27	1.53e-19	1.82e-12	1.30e-06	1.00e+00	0.00e+00	0.00e+00	0.00e+00	0.00e+00	0.00e+00
 3.60475e+12	0.00e+00	1.02e-36	1.61e-27	1.93e-19	2.15e-12	1.41e-06	1.00e+00	0.00e+00	0.00e+00	0.00e+00	0.00e+00	0.00e+00
 3.75493e+12	0.00e+00	0.00e+00	2.12e-27	2.40e-19	2.49e-12	1.53e-06	1.00e+00	0.00e+00	0.00e+00	0.00e+00	0.00e+00	0.00e+00
 3.92134e+12	0.00e+00	2.06e-36	2.86e-27	3.02e-19	2.93e-12	1.66e-06	1.00e+00	0.00e+00	0.00e+00	0.00e+00	0.00e+00	0.00e+00
 4.10812e+12	3.47e-46	3.05e-36	3.94e-27	3.87e-19	3.48e-12	1.82e-06	1.00e+00	0.00e+00	0.00e+00	0.00e+00	0.00e+00	0.00e+00
 4.29754e+12	0.00e+00	0.00e+00	5.38e-27	4.93e-19	4.13e-12	1.99e-06	1.00e+00	0.00e+00	0.00e+00	0.00e+00	0.00e+00	0.00e+00
 4.49454e+12	0.00e+00	6.54e-36	7.34e-27	6.28e-19	4.90e-12	2.18e-06	1.00e+00	0.00e+00	0.00e+00	0.00e+00	0.00e+00	0.00e+00
 4.70425e+12	1.37e-45	9.64e-36	1.01e-26	8.05e-19	5.84e-12	2.39e-06	1.00e+00	0.00e+00	0.00e+00	0.00e+00	0.00e+00	0.00e+00
 4.92235e+12	0.00e+00	0.00e+00	1.39e-26	1.03e-18	6.96e-12	2.62e-06	1.00e+00	0.00e+00	0.00e+00	0.00e+00	0.00e+00	0.00e+00
 5.14917e+12	0.00e+00	2.09e-35	1.90e-26	1.32e-18	8.29e-12	2.88e-06	1.00e+00	0.00e+00	0.00e+00	0.00e+00	0.00e+00	0.00e+00
 5.38506e+12	5.41e-45	3.06e-35	2.60e-26	1.69e-18	9.88e-12	3.16e-06	1.00e+00	0.00e+00	0.00e+00	0.00e+00	0.00e+00	0.00e+00
 5.63039e+12	0.00e+00	4.47e-35	3.56e-26	2.16e-18	1.18e-11	3.47e-06	1.00e+00	0.00e+00	0.00e+00	0.00e+00	0.00e+00	0.00e+00
 5.88553e+12	1.33e-44	6.53e-35	4.87e-26	2.77e-18	1.40e-11	3.81e-06	1.00e+00	0.00e+00	0.00e+00	0.00e+00	0.00e+00	0.00e+00
 6.15088e+12	0.00e+00	9.51e-35	6.65e-26	3.54e-18	1.67e-11	4.18e-06	1.00e+00	0.00e+00	0.00e+00	0.00e+00	0.00e+00	0.00e+00
 6.42684e+12	3.23e-44	1.38e-34	9.06e-26	4.52e-18	2.00e-11	4.60e-06	1.00e+00	0.00e+00	0.00e+00	0.00e+00	0.00e+00	0.00e+00
 6.71384e+12	0.00e+00	2.00e-34	1.23e-25	5.77e-18	2.38e-11	5.06e-06	1.00e+00	0.00e+00	0.00e+00	0.00e+00	0.00e+00	0.00e+00
 6.99777e+12	7.57e-44	2.84e-34	1.65e-25	7.27e-18	2.81e-11	5.54e-06	1.00e+00	0.00e+00	0.00e+00	0.00e+00	0.00e+00	0.00e+00
 7.29305e+12	0.00e+00	4.02e-34	2.20e-25	9.17e-18	3.32e-11	6.07e-06	1.00e+00	0.00e+00	0.00e+00	0.00e+00	0.00e+00	0.00e+00
 7.61470e+12	1.74e-43	5.76e-34	2.98e-25	1.17e-17	3.96e-11	6.68e-06	1.00e+00	0.00e+00	0.00e+00	0.00e+00	0.00e+00	0.00e+00
 7.94128e+12	0.00e+00	8.17e-34	4.00e-25	1.48e-17	4.70e-11	7.34e-06	1.00e+00	0.00e+00	0.00e+00	0.00e+00	0.00e+00	0.00e+00
 8.25777e+12	3.84e-43	1.13e-33	5.24e-25	1.84e-17	5.51e-11	8.01e-06	1.00e+00	0.00e+00	0.00e+00	0.00e+00	0.00e+00	0.00e+00
 8.56494e+12	0.00e+00	1.52e-33	6.76e-25	2.26e-17	6.40e-11	8.70e-06	1.00e+00	0.00e+00	0.00e+00	0.00e+00	0.00e+00	0.00e+00
 8.90755e+12	7.95e-43	2.10e-33	8.86e-25	2.82e-17	7.51e-11	9.51e-06	1.00e+00	0.00e+00	0.00e+00	0.00e+00	0.00e+00	0.00e+00
 9.29378e+12	0.00e+00	2.96e-33	1.19e-24	3.57e-17	8.93e-11	1.05e-05	1.00e+00	0.00e+00	0.00e+00	0.00e+00	0.00e+00	0.00e+00
 9.67508e+12	1.73e-42	4.09e-33	1.56e-24	4.48e-17	1.05e-10	1.15e-05	1.00e+00	0.00e+00	0.00e+00	0.00e+00	0.00e+00	0.00e+00
 1.00716e+13	0.00e+00	5.64e-33	2.06e-24	5.61e-17	1.24e-10	1.26e-05	1.00e+00	0.00e+00	0.00e+00	0.00e+00	0.00e+00	0.00e+00
 1.05044e+13	3.69e-42	7.87e-33	2.74e-24	7.10e-17	1.47e-10	1.39e-05	1.00e+00	0.00e+00	0.00e+00	0.00e+00	0.00e+00	0.00e+00
 1.09398e+13	0.00e+00	1.08e-32	3.61e-24	8.91e-17	1.74e-10	1.53e-05	1.00e+00	0.00e+00	0.00e+00	0.00e+00	0.00e+00	0.00e+00
 1.13927e+13	7.69e-42	1.49e-32	4.74e-24	1.12e-16	2.05e-10	1.68e-05	1.00e+00	0.00e+00	0.00e+00	0.00e+00	0.00e+00	0.00e+00
 1.18176e+13	0.00e+00	1.97e-32	6.06e-24	1.37e-16	2.38e-10	1.83e-05	1.00e+00	0.00e+00	0.00e+00	0.00e+00	0.00e+00	0.00e+00
 1.21689e+13	1.38e-41	2.48e-32	7.38e-24	1.62e-16	2.68e-10	1.96e-05	1.00e+00	0.00e+00	0.00e+00	0.00e+00	0.00e+00	0.00e+00
 1.25471e+13	0.00e+00	3.14e-32	9.07e-24	1.92e-16	3.03e-10	2.11e-05	1.00e+00	0.00e+00	0.00e+00	0.00e+00	0.00e+00	0.00e+00
 1.30311e+13	2.52e-41	4.20e-32	1.17e-23	2.37e-16	3.53e-10	2.30e-05	1.00e+00	0.00e+00	0.00e+00	0.00e+00	0.00e+00	0.00e+00
 1.35348e+13	0.00e+00	5.60e-32	1.51e-23	2.93e-16	4.11e-10	2.52e-05	1.00e+00	0.00e+00	0.00e+00	0.00e+00	0.00e+00	0.00e+00
 1.39710e+13	4.62e-41	7.14e-32	1.86e-23	3.50e-16	4.67e-10	2.71e-05	1.00e+00	0.00e+00	0.00e+00	0.00e+00	0.00e+00	0.00e+00
 1.44371e+13	0.00e+00	9.20e-32	2.32e-23	4.20e-16	5.32e-10	2.92e-05	1.00e+00	0.00e+00	0.00e+00	0.00e+00	0.00e+00	0.00e+00
 1.50095e+13	8.64e-41	1.24e-31	3.02e-23	5.22e-16	6.21e-10	3.20e-05	1.00e+00	0.00e+00	0.00e+00	0.00e+00	0.00e+00	0.00e+00
 1.55894e+13	0.00e+00	1.66e-31	3.90e-23	6.46e-16	7.22e-10	3.49e-05	1.00e+00	0.00e+00	0.00e+00	0.00e+00	0.00e+00	0.00e+00
 1.61084e+13	1.61e-40	2.14e-31	4.87e-23	7.77e-16	8.22e-10	3.77e-05	1.00e+00	0.00e+00	0.00e+00	0.00e+00	0.00e+00	0.00e+00
 1.66791e+13	0.00e+00	2.82e-31	6.18e-23	9.45e-16	9.43e-10	4.08e-05	1.00e+00	0.00e+00	0.00e+00	0.00e+00	0.00e+00	0.00e+00
 1.73567e+13	3.13e-40	3.85e-31	8.11e-23	1.18e-15	1.10e-09	4.47e-05	1.00e+00	0.00e+00	0.00e+00	0.00e+00	0.00e+00	0.00e+00
 1.80389e+13	0.00e+00	5.23e-31	1.06e-22	1.47e-15	1.28e-09	4.87e-05	1.00e+00	0.00e+00	0.00e+00	0.00e+00	0.00e+00	0.00e+00
 1.86870e+13	6.12e-40	6.96e-31	1.35e-22	1.80e-15	1.47e-09	5.28e-05	1.00e+00	0.00e+00	0.00e+00	0.00e+00	0.00e+00	0.00e+00
 1.94030e+13	0.00e+00	9.46e-31	1.76e-22	2.23e-15	1.71e-09	5.74e-05	1.00e+00	0.00e+00	0.00e+00	0.00e+00	0.00e+00	0.00e+00
 2.02090e+13	1.27e-39	1.32e-30	2.35e-22	2.81e-15	2.00e-09	6.28e-05	1.00e+00	0.00e+00	0.00e+00	0.00e+00	0.00e+00	0.00e+00
 2.10473e+13	0.00e+00	1.85e-30	3.13e-22	3.54e-15	2.34e-09	6.87e-05	1.00e+00	0.00e+00	0.00e+00	0.00e+00	0.00e+00	0.00e+00
 2.19191e+13	2.78e-39	2.61e-30	4.19e-22	4.47e-15	2.74e-09	7.50e-05	1.00e+00	0.00e+00	0.00e+00	0.00e+00	0.00e+00	0.00e+00
 2.27975e+13	0.00e+00	3.66e-30	5.57e-22	5.60e-15	3.20e-09	8.17e-05	1.00e+00	0.00e+00	0.00e+00	0.00e+00	0.00e+00	0.00e+00
 2.37111e+13	6.05e-39	5.13e-30	7.41e-22	7.02e-15	3.73e-09	8.89e-05	1.00e+00	0.00e+00	0.00e+00	0.00e+00	0.00e+00	0.00e+00
 2.46895e+13	0.00e+00	7.29e-30	9.95e-22	8.86e-15	4.36e-09	9.70e-05	1.00e+00	0.00e+00	0.00e+00	0.00e+00	0.00e+00	0.00e+00
 2.57070e+13	1.38e-38	1.05e-29	1.34e-21	1.12e-14	5.11e-09	1.06e-04	1.00e+00	0.00e+00	0.00e+00	0.00e+00	0.00e+00	0.00e+00
 2.67652e+13	0.00e+00	1.50e-29	1.81e-21	1.41e-14	5.97e-09	1.15e-04	1.00e+00	0.00e+00	0.00e+00	0.00e+00	0.00e+00	0.00e+00
 2.78657e+13	3.21e-38	2.16e-29	2.45e-21	1.79e-14	6.99e-09	1.25e-04	1.00e+00	0.00e+00	0.00e+00	0.00e+00	0.00e+00	0.00e+00
 2.90102e+13	0.00e+00	3.10e-29	3.31e-21	2.26e-14	8.18e-09	1.36e-04	1.00e+00	0.00e+00	0.00e+00	0.00e+00	0.00e+00	0.00e+00
 3.02006e+13	7.51e-38	4.47e-29	4.47e-21	2.85e-14	9.56e-09	1.48e-04	1.00e+00	0.00e+00	0.00e+00	0.00e+00	0.00e+00	0.00e+00
 3.13332e+13	0.00e+00	6.25e-29	5.90e-21	3.53e-14	1.10e-08	1.60e-04	1.00e+00	0.00e+00	0.00e+00	0.00e+00	0.00e+00	0.00e+00
 3.23715e+13	1.58e-37	8.44e-29	7.56e-21	4.27e-14	1.25e-08	1.71e-04	1.00e+00	0.00e+00	0.00e+00	0.00e+00	0.00e+00	0.00e+00
 3.35501e+13	0.00e+00	1.18e-28	9.92e-21	5.26e-14	1.44e-08	1.84e-04	1.00e+00	0.00e+00	0.00e+00	0.00e+00	0.00e+00	0.00e+00
 3.49156e+13	3.63e-37	1.71e-28	1.35e-20	6.65e-14	1.69e-08	1.99e-04	1.00e+00	0.00e+00	0.00e+00	0.00e+00	0.00e+00	0.00e+00
 3.62841e+13	0.00e+00	2.44e-28	1.80e-20	8.32e-14	1.96e-08	2.16e-04	1.00e+00	0.00e+00	0.00e+00	0.00e+00	0.00e+00	0.00e+00
 3.77073e+13	8.46e-37	3.50e-28	2.42e-20	1.04e-13	2.28e-08	2.34e-04	1.00e+00	0.00e+00	0.00e+00	0.00e+00	0.00e+00	0.00e+00
 3.92455e+13	0.00e+00	5.12e-28	3.30e-20	1.32e-13	2.66e-08	2.53e-04	1.00e+00	0.00e+00	0.00e+00	0.00e+00	0.00e+00	0.00e+00
 4.08452e+13	2.05e-36	7.43e-28	4.47e-20	1.67e-13	3.11e-08	2.75e-04	1.00e+00	0.00e+00	0.00e+00	0.00e+00	0.00e+00	0.00e+00
 4.25090e+13	0.00e+00	1.09e-27	6.09e-20	2.11e-13	3.64e-08	2.98e-04	1.00e+00	0.00e+00	0.00e+00	0.00e+00	0.00e+00	0.00e+00
 4.42393e+13	5.05e-36	1.59e-27	8.29e-20	2.66e-13	4.26e-08	3.23e-04	1.00e+00	0.00e+00	0.00e+00	0.00e+00	0.00e+00	0.00e+00
 4.60388e+13	0.00e+00	2.32e-27	1.13e-19	3.37e-13	4.98e-08	3.50e-04	1.00e+00	0.00e+00	0.00e+00	0.00e+00	0.00e+00	0.00e+00
 4.79102e+13	1.24e-35	3.39e-27	1.54e-19	4.26e-13	5.82e-08	3.80e-04	1.00e+00	0.00e+00	0.00e+00	0.00e+00	0.00e+00	0.00e+00
 4.98566e+13	0.00e+00	4.96e-27	2.09e-19	5.38e-13	6.81e-08	4.12e-04	1.00e+00	0.00e+00	0.00e+00	0.00e+00	0.00e+00	0.00e+00
 5.16905e+13	2.93e-35	7.00e-27	2.77e-19	6.66e-13	7.85e-08	4.43e-04	1.00e+00	0.00e+00	0.00e+00	0.00e+00	0.00e+00	0.00e+00
 5.33354e+13	4.20e-35	9.48e-27	3.53e-19	8.01e-13	8.88e-08	4.72e-04	1.00e+00	0.00e+00	0.00e+00	0.00e+00	0.00e+00	0.00e+00
 5.51827e+13	6.15e-35	1.31e-26	4.60e-19	9.79e-13	1.01e-07	5.05e-04	9.99e-01	0.00e+00	0.00e+00	0.00e+00	0.00e+00	0.00e+00
 5.73663e+13	9.61e-35	1.91e-26	6.23e-19	1.23e-12	1.18e-07	5.46e-04	9.99e-01	0.00e+00	0.00e+00	0.00e+00	0.00e+00	0.00e+00
 5.95391e+13	1.46e-34	2.71e-26	8.31e-19	1.53e-12	1.37e-07	5.89e-04	9.99e-01	0.00e+00	0.00e+00	0.00e+00	0.00e+00	0.00e+00
 6.15642e+13	2.15e-34	3.75e-26	1.08e-18	1.87e-12	1.56e-07	6.30e-04	9.99e-01	0.00e+00	0.00e+00	0.00e+00	0.00e+00	0.00e+00
 6.38222e+13	3.26e-34	5.33e-26	1.43e-18	2.31e-12	1.80e-07	6.77e-04	9.99e-01	0.00e+00	0.00e+00	0.00e+00	0.00e+00	0.00e+00
 6.64050e+13	5.11e-34	7.78e-26	1.95e-18	2.92e-12	2.10e-07	7.34e-04	9.99e-01	0.00e+00	0.00e+00	0.00e+00	0.00e+00	0.00e+00
 6.89455e+13	7.92e-34	1.12e-25	2.62e-18	3.65e-12	2.44e-07	7.91e-04	9.99e-01	0.00e+00	0.00e+00	0.00e+00	0.00e+00	0.00e+00
 7.15877e+13	1.22e-33	1.61e-25	3.51e-18	4.56e-12	2.83e-07	8.53e-04	9.99e-01	0.00e+00	0.00e+00	0.00e+00	0.00e+00	0.00e+00
 7.44811e+13	1.93e-33	2.38e-25	4.79e-18	5.77e-12	3.31e-07	9.23e-04	9.99e-01	0.00e+00	0.00e+00	0.00e+00	0.00e+00	0.00e+00
 7.73996e+13	2.99e-33	3.44e-25	6.47e-18	7.24e-12	3.85e-07	9.98e-04	9.99e-01	0.00e+00	0.00e+00	0.00e+00	0.00e+00	0.00e+00
 8.04347e+13	4.71e-33	5.02e-25	8.77e-18	9.10e-12	4.48e-07	1.08e-03	9.99e-01	0.00e+00	0.00e+00	0.00e+00	0.00e+00	0.00e+00
 8.36821e+13	7.41e-33	7.35e-25	1.20e-17	1.15e-11	5.24e-07	1.17e-03	9.99e-01	0.00e+00	0.00e+00	0.00e+00	0.00e+00	0.00e+00
 8.70593e+13	1.18e-32	1.08e-24	1.63e-17	1.45e-11	6.13e-07	1.26e-03	9.99e-01	0.00e+00	0.00e+00	0.00e+00	0.00e+00	0.00e+00
 9.05716e+13	1.87e-32	1.60e-24	2.23e-17	1.84e-11	7.16e-07	1.37e-03	9.99e-01	0.00e+00	0.00e+00	0.00e+00	0.00e+00	0.00e+00
 9.42244e+13	2.96e-32	2.34e-24	3.04e-17	2.33e-11	8.38e-07	1.48e-03	9.99e-01	0.00e+00	0.00e+00	0.00e+00	0.00e+00	0.00e+00
 9.80233e+13	4.72e-32	3.46e-24	4.17e-17	2.94e-11	9.79e-07	1.60e-03	9.98e-01	0.00e+00	0.00e+00	0.00e+00	0.00e+00	0.00e+00
 1.01754e+14	7.31e-32	4.99e-24	5.60e-17	3.67e-11	1.14e-06	1.72e-03	9.98e-01	0.00e+00	0.00e+00	0.00e+00	0.00e+00	0.00e+00
 1.05339e+14	1.09e-31	6.99e-24	7.36e-17	4.51e-11	1.30e-06	1.84e-03	9.98e-01	0.00e+00	0.00e+00	0.00e+00	0.00e+00	0.00e+00
 1.09288e+14	1.70e-31	1.01e-23	9.86e-17	5.61e-11	1.51e-06	1.98e-03	9.98e-01	0.00e+00	0.00e+00	0.00e+00	0.00e+00	0.00e+00
 1.13689e+14	2.68e-31	1.48e-23	1.35e-16	7.10e-11	1.76e-06	2.15e-03	9.98e-01	0.00e+00	0.00e+00	0.00e+00	0.00e+00	0.00e+00
 1.18124e+14	4.23e-31	2.16e-23	1.82e-16	8.91e-11	2.05e-06	2.31e-03	9.98e-01	0.00e+00	0.00e+00	0.00e+00	0.00e+00	0.00e+00
 1.22736e+14	6.60e-31	3.14e-23	2.47e-16	1.12e-10	2.39e-06	2.50e-03	9.98e-01	0.00e+00	0.00e+00	0.00e+00	0.00e+00	0.00e+00
 1.27675e+14	1.06e-30	4.65e-23	3.38e-16	1.42e-10	2.79e-06	2.70e-03	9.97e-01	0.00e+00	0.00e+00	0.00e+00	0.00e+00	0.00e+00
 1.32812e+14	1.67e-30	6.82e-23	4.62e-16	1.79e-10	3.26e-06	2.92e-03	9.97e-01	0.00e+00	0.00e+00	0.00e+00	0.00e+00	0.00e+00
 1.37681e+14	2.57e-30	9.77e-23	6.15e-16	2.22e-10	3.76e-06	3.13e-03	9.97e-01	0.00e+00	0.00e+00	0.00e+00	0.00e+00	0.00e+00
 1.42123e+14	3.71e-30	1.33e-22	7.91e-16	2.68e-10	4.26e-06	3.34e-03	9.97e-01	0.00e+00	0.00e+00	0.00e+00	0.00e+00	0.00e+00
 1.47166e+14	5.63e-30	1.88e-22	1.04e-15	3.30e-10	4.90e-06	3.57e-03	9.96e-01	0.00e+00	0.00e+00	0.00e+00	0.00e+00	0.00e+00
 1.53032e+14	8.80e-30	2.74e-22	1.42e-15	4.16e-10	5.72e-06	3.87e-03	9.96e-01	0.00e+00	0.00e+00	0.00e+00	0.00e+00	0.00e+00
 1.58873e+14	1.38e-29	3.98e-22	1.92e-15	5.20e-10	6.63e-06	4.16e-03	9.96e-01	0.00e+00	0.00e+00	0.00e+00	0.00e+00	0.00e+00
 1.64948e+14	2.12e-29	5.71e-22	2.58e-15	6.50e-10	7.69e-06	4.48e-03	9.96e-01	0.00e+00	0.00e+00	0.00e+00	0.00e+00	0.00e+00
 1.71028e+14	3.22e-29	8.12e-22	3.44e-15	8.06e-10	8.88e-06	4.82e-03	9.95e-01	0.00e+00	0.00e+00	0.00e+00	0.00e+00	0.00e+00
 1.76442e+14	4.62e-29	1.10e-21	4.40e-15	9.70e-10	1.00e-05	5.13e-03	9.95e-01	0.00e+00	0.00e+00	0.00e+00	0.00e+00	0.00e+00
 1.82383e+14	6.85e-29	1.53e-21	5.72e-15	1.18e-09	1.15e-05	5.48e-03	9.95e-01	0.00e+00	0.00e+00	0.00e+00	0.00e+00	0.00e+00
 1.89471e+14	1.05e-28	2.19e-21	7.72e-15	1.48e-09	1.33e-05	5.91e-03	9.94e-01	0.00e+00	0.00e+00	0.00e+00	0.00e+00	0.00e+00
 1.96472e+14	1.61e-28	3.13e-21	1.03e-14	1.84e-09	1.54e-05	6.35e-03	9.94e-01	0.00e+00	0.00e+00	0.00e+00	0.00e+00	0.00e+00
 2.02825e+14	2.28e-28	4.22e-21	1.32e-14	2.22e-09	1.74e-05	6.78e-03	9.93e-01	0.00e+00	0.00e+00	0.00e+00	0.00e+00	0.00e+00
 2.09913e+14	3.42e-28	5.92e-21	1.73e-14	2.73e-09	2.00e-05	7.26e-03	9.93e-01	0.00e+00	0.00e+00	0.00e+00	0.00e+00	0.00e+00
 2.18212e+14	5.22e-28	8.49e-21	2.35e-14	3.43e-09	2.33e-05	7.85e-03	9.92e-01	0.00e+00	0.00e+00	0.00e+00	0.00e+00	0.00e+00
 2.26351e+14	7.85e-28	1.20e-20	3.13e-14	4.26e-09	2.69e-05	8.46e-03	9.92e-01	0.00e+00	0.00e+00	0.00e+00	0.00e+00	0.00e+00
 2.33921e+14	1.15e-27	1.65e-20	4.06e-14	5.19e-09	3.07e-05	9.03e-03	9.91e-01	0.00e+00	0.00e+00	0.00e+00	0.00e+00	0.00e+00
 2.42413e+14	1.68e-27	2.29e-20	5.36e-14	6.41e-09	3.53e-05	9.72e-03	9.90e-01	0.00e+00	0.00e+00	0.00e+00	0.00e+00	0.00e+00
 2.52140e+14	2.57e-27	3.31e-20	7.28e-14	8.09e-09	4.12e-05	1.05e-02	9.89e-01	0.00e+00	0.00e+00	0.00e+00	0.00e+00	0.00e+00
 2.61709e+14	3.95e-27	4.74e-20	9.75e-14	1.01e-08	4.78e-05	1.14e-02	9.89e-01	0.00e+00	0.00e+00	0.00e+00	0.00e+00	0.00e+00
 2.71662e+14	5.79e-27	6.62e-20	1.30e-13	1.26e-08	5.53e-05	1.23e-02	9.88e-01	0.00e+00	0.00e+00	0.00e+00	0.00e+00	0.00e+00
 2.82558e+14	9.02e-27	9.64e-20	1.77e-13	1.59e-08	6.46e-05	1.33e-02	9.87e-01	0.00e+00	0.00e+00	0.00e+00	0.00e+00	0.00e+00
 2.93611e+14	1.32e-26	1.35e-19	2.38e-13	2.00e-08	7.52e-05	1.44e-02	9.86e-01	0.00e+00	0.00e+00	0.00e+00	0.00e+00	0.00e+00
 3.05105e+14	2.03e-26	1.95e-19	3.21e-13	2.51e-08	8.74e-05	1.56e-02	9.84e-01	0.00e+00	0.00e+00	0.00e+00	0.00e+00	0.00e+00
 3.17340e+14	2.98e-26	2.73e-19	4.35e-13	3.17e-08	1.02e-04	1.69e-02	9.83e-01	0.00e+00	0.00e+00	0.00e+00	0.00e+00	0.00e+00
 3.30063e+14	4.46e-26	3.89e-19	5.90e-13	4.00e-08	1.19e-04	1.84e-02	9.81e-01	0.00e+00	0.00e+00	0.00e+00	0.00e+00	0.00e+00
 3.43296e+14	6.67e-26	5.54e-19	7.98e-13	5.04e-08	1.39e-04	2.00e-02	9.80e-01	0.00e+00	0.00e+00	0.00e+00	0.00e+00	0.00e+00
 3.56161e+14	9.91e-26	7.80e-19	1.06e-12	6.27e-08	1.60e-04	2.16e-02	9.78e-01	0.00e+00	0.00e+00	0.00e+00	0.00e+00	0.00e+00
 3.68292e+14	1.35e-25	1.03e-18	1.37e-12	7.64e-08	1.83e-04	2.32e-02	9.77e-01	0.00e+00	0.00e+00	0.00e+00	0.00e+00	0.00e+00
 3.81804e+14	1.98e-25	1.44e-18	1.81e-12	9.46e-08	2.10e-04	2.50e-02	9.75e-01	0.00e+00	0.00e+00	0.00e+00	0.00e+00	0.00e+00
 3.97106e+14	2.85e-25	2.01e-18	2.45e-12	1.19e-07	2.45e-04	2.71e-02	9.73e-01	0.00e+00	0.00e+00	0.00e+00	0.00e+00	0.00e+00
 4.10878e+14	3.97e-25	2.71e-18	3.18e-12	1.46e-07	2.80e-04	2.92e-02	9.71e-01	0.00e+00	0.00e+00	0.00e+00	0.00e+00	0.00e+00
 4.22277e+14	5.18e-25	3.44e-18	3.93e-12	1.72e-07	3.11e-04	3.10e-02	9.69e-01	0.00e+00	0.00e+00	0.00e+00	0.00e+00	0.00e+00
 4.34762e+14	6.88e-25	4.44e-18	4.91e-12	2.04e-07	3.49e-04	3.29e-02	9.67e-01	0.00e+00	0.00e+00	0.00e+00	0.00e+00	0.00e+00
 4.50670e+14	9.74e-25	6.08e-18	6.48e-12	2.52e-07	4.01e-04	3.56e-02	9.64e-01	0.00e+00	0.00e+00	0.00e+00	0.00e+00	0.00e+00
 4.67524e+14	1.39e-24	8.38e-18	8.60e-12	3.14e-07	4.62e-04	3.85e-02	9.61e-01	0.00e+00	0.00e+00	0.00e+00	0.00e+00	0.00e+00
 4.82743e+14	1.89e-24	1.11e-17	1.10e-11	3.79e-07	5.24e-04	4.12e-02	9.58e-01	0.00e+00	0.00e+00	0.00e+00	0.00e+00	0.00e+00
 4.99342e+14	2.67e-24	1.51e-17	1.43e-11	4.63e-07	5.97e-04	4.42e-02	9.55e-01	0.00e+00	0.00e+00	0.00e+00	0.00e+00	0.00e+00
 5.18913e+14	3.75e-24	2.08e-17	1.93e-11	5.81e-07	6.92e-04	4.80e-02	9.51e-01	0.00e+00	0.00e+00	0.00e+00	0.00e+00	0.00e+00
 5.37455e+14	5.42e-24	2.88e-17	2.53e-11	7.15e-07	7.93e-04	5.16e-02	9.48e-01	0.00e+00	0.00e+00	0.00e+00	0.00e+00	0.00e+00
 5.53450e+14	7.11e-24	3.71e-17	3.18e-11	8.51e-07	8.87e-04	5.50e-02	9.44e-01	0.00e+00	0.00e+00	0.00e+00	0.00e+00	0.00e+00
 5.71029e+14	9.61e-24	4.89e-17	4.05e-11	1.02e-06	1.00e-03	5.87e-02	9.40e-01	0.00e+00	0.00e+00	0.00e+00	0.00e+00	0.00e+00
 5.92599e+14	1.34e-23	6.68e-17	5.40e-11	1.27e-06	1.15e-03	6.34e-02	9.35e-01	0.00e+00	0.00e+00	0.00e+00	0.00e+00	0.00e+00
 6.14390e+14	1.96e-23	9.36e-17	7.15e-11	1.58e-06	1.32e-03	6.83e-02	9.30e-01	0.00e+00	0.00e+00	0.00e+00	0.00e+00	0.00e+00
 6.33778e+14	2.62e-23	1.23e-16	9.11e-11	1.89e-06	1.49e-03	7.29e-02	9.26e-01	0.00e+00	0.00e+00	0.00e+00	0.00e+00	0.00e+00
 6.55013e+14	3.61e-23	1.64e-16	1.18e-10	2.30e-06	1.69e-03	7.80e-02	9.20e-01	0.00e+00	0.00e+00	0.00e+00	0.00e+00	0.00e+00
 6.80371e+14	5.10e-23	2.28e-16	1.59e-10	2.87e-06	1.95e-03	8.43e-02	9.14e-01	0.00e+00	0.00e+00	0.00e+00	0.00e+00	0.00e+00
 7.05434e+14	7.46e-23	3.19e-16	2.10e-10	3.55e-06	2.24e-03	9.06e-02	9.07e-01	0.00e+00	0.00e+00	0.00e+00	0.00e+00	0.00e+00
 7.28198e+14	1.01e-22	4.23e-16	2.70e-10	4.28e-06	2.53e-03	9.66e-02	9.01e-01	0.00e+00	0.00e+00	0.00e+00	0.00e+00	0.00e+00
 7.53628e+14	1.41e-22	5.75e-16	3.52e-10	5.23e-06	2.88e-03	1.03e-01	8.94e-01	0.00e+00	0.00e+00	0.00e+00	0.00e+00	0.00e+00
 7.83377e+14	2.02e-22	8.04e-16	4.77e-10	6.56e-06	3.33e-03	1.12e-01	8.85e-01	0.00e+00	0.00e+00	0.00e+00	0.00e+00	0.00e+00
 8.12536e+14	2.96e-22	1.13e-15	6.34e-10	8.12e-06	3.82e-03	1.20e-01	8.76e-01	0.00e+00	0.00e+00	0.00e+00	0.00e+00	0.00e+00
 8.39881e+14	4.01e-22	1.51e-15	8.21e-10	9.84e-06	4.32e-03	1.28e-01	8.68e-01	0.00e+00	0.00e+00	0.00e+00	0.00e+00	0.00e+00
 8.70526e+14	5.84e-22	2.11e-15	1.09e-09	1.21e-05	4.93e-03	1.37e-01	8.58e-01	0.00e+00	0.00e+00	0.00e+00	0.00e+00	0.00e+00
 9.05377e+14	8.46e-22	2.97e-15	1.48e-09	1.52e-05	5.70e-03	1.48e-01	8.47e-01	0.00e+00	0.00e+00	0.00e+00	0.00e+00	0.00e+00
 9.39909e+14	1.25e-21	4.22e-15	1.97e-09	1.89e-05	6.54e-03	1.58e-01	8.35e-01	0.00e+00	0.00e+00	0.00e+00	0.00e+00	0.00e+00
 9.75823e+14	1.79e-21	5.88e-15	2.65e-09	2.34e-05	7.50e-03	1.70e-01	8.23e-01	0.00e+00	0.00e+00	0.00e+00	0.00e+00	0.00e+00
 1.01489e+15	2.70e-21	8.48e-15	3.58e-09	2.93e-05	8.64e-03	1.82e-01	8.09e-01	0.00e+00	0.00e+00	0.00e+00	0.00e+00	0.00e+00
 1.05551e+15	3.97e-21	1.21e-14	4.86e-09	3.66e-05	9.95e-03	1.95e-01	7.95e-01	0.00e+00	0.00e+00	0.00e+00	0.00e+00	0.00e+00
 1.09776e+15	5.98e-21	1.73e-14	6.57e-09	4.57e-05	1.14e-02	2.08e-01	7.80e-01	0.00e+00	0.00e+00	0.00e+00	0.00e+00	0.00e+00
 1.14170e+15	8.85e-21	2.48e-14	8.91e-09	5.71e-05	1.31e-02	2.23e-01	7.64e-01	0.00e+00	0.00e+00	0.00e+00	0.00e+00	0.00e+00
 1.18740e+15	1.33e-20	3.56e-14	1.20e-08	7.10e-05	1.51e-02	2.38e-01	7.47e-01	0.00e+00	0.00e+00	0.00e+00	0.00e+00	0.00e+00
 1.22782e+15	1.88e-20	4.84e-14	1.55e-08	8.56e-05	1.69e-02	2.51e-01	7.32e-01	0.00e+00	0.00e+00	0.00e+00	0.00e+00	0.00e+00
 1.26009e+15	2.45e-20	6.14e-14	1.90e-08	9.88e-05	1.85e-02	2.61e-01	7.20e-01	0.00e+00	0.00e+00	0.00e+00	0.00e+00	0.00e+00
 1.29495e+15	3.25e-20	7.89e-14	2.33e-08	1.15e-04	2.03e-02	2.73e-01	7.07e-01	0.00e+00	0.00e+00	0.00e+00	0.00e+00	0.00e+00
 1.34027e+15	4.63e-20	1.08e-13	3.02e-08	1.39e-04	2.28e-02	2.87e-01	6.90e-01	0.00e+00	0.00e+00	0.00e+00	0.00e+00	0.00e+00
 1.38930e+15	6.76e-20	1.51e-13	3.97e-08	1.69e-04	2.57e-02	3.03e-01	6.71e-01	0.00e+00	0.00e+00	0.00e+00	0.00e+00	0.00e+00
 1.43327e+15	9.42e-20	2.01e-13	5.01e-08	2.00e-04	2.85e-02	3.16e-01	6.55e-01	0.00e+00	0.00e+00	0.00e+00	0.00e+00	0.00e+00
 1.48054e+15	1.30e-19	2.68e-13	6.38e-08	2.37e-04	3.17e-02	3.30e-01	6.38e-01	0.00e+00	0.00e+00	0.00e+00	0.00e+00	0.00e+00
 1.53743e+15	1.95e-19	3.81e-13	8.47e-08	2.90e-04	3.58e-02	3.48e-01	6.16e-01	0.00e+00	0.00e+00	0.00e+00	0.00e+00	0.00e+00
 1.59327e+15	2.85e-19	5.28e-13	1.10e-07	3.50e-04	4.01e-02	3.63e-01	5.96e-01	0.00e+00	0.00e+00	0.00e+00	0.00e+00	0.00e+00
 1.64247e+15	3.92e-19	6.96e-13	1.38e-07	4.11e-04	4.41e-02	3.77e-01	5.79e-01	0.00e+00	0.00e+00	0.00e+00	0.00e+00	0.00e+00
 1.69653e+15	5.51e-19	9.33e-13	1.74e-07	4.85e-04	4.87e-02	3.91e-01	5.59e-01	0.00e+00	0.00e+00	0.00e+00	0.00e+00	0.00e+00
 1.76165e+15	8.01e-19	1.29e-12	2.28e-07	5.88e-04	5.46e-02	4.08e-01	5.37e-01	0.00e+00	0.00e+00	0.00e+00	0.00e+00	0.00e+00
 1.82684e+15	1.20e-18	1.82e-12	2.97e-07	7.08e-04	6.08e-02	4.24e-01	5.15e-01	0.00e+00	0.00e+00	0.00e+00	0.00e+00	0.00e+00
 1.88570e+15	1.67e-18	2.41e-12	3.72e-07	8.30e-04	6.67e-02	4.37e-01	4.95e-01	0.00e+00	0.00e+00	0.00e+00	0.00e+00	0.00e+00
 1.95061e+15	2.39e-18	3.26e-12	4.72e-07	9.81e-04	7.35e-02	4.51e-01	4.75e-01	0.00e+00	0.00e+00	0.00e+00	0.00e+00	0.00e+00
 2.02707e+15	3.48e-18	4.51e-12	6.17e-07	1.18e-03	8.18e-02	4.66e-01	4.51e-01	0.00e+00	0.00e+00	0.00e+00	0.00e+00	0.00e+00
 2.10278e+15	5.24e-18	6.34e-12	7.98e-07	1.41e-03	9.05e-02	4.80e-01	4.28e-01	0.00e+00	0.00e+00	0.00e+00	0.00e+00	0.00e+00
 2.17323e+15	7.39e-18	8.46e-12	1.00e-06	1.65e-03	9.89e-02	4.91e-01	4.08e-01	0.00e+00	0.00e+00	0.00e+00	0.00e+00	0.00e+00
 2.25189e+15	1.07e-17	1.15e-11	1.27e-06	1.96e-03	1.09e-01	5.03e-01	3.87e-01	0.00e+00	0.00e+00	0.00e+00	0.00e+00	0.00e+00
 2.34199e+15	1.56e-17	1.59e-11	1.66e-06	2.35e-03	1.20e-01	5.14e-01	3.63e-01	0.00e+00	0.00e+00	0.00e+00	0.00e+00	0.00e+00
 2.43113e+15	2.39e-17	2.24e-11	2.13e-06	2.79e-03	1.32e-01	5.25e-01	3.41e-01	0.00e+00	0.00e+00	1.36e-17	7.32e-18	2.76e-18
 2.52382e+15	3.52e-17	3.08e-11	2.73e-06	3.30e-03	1.44e-01	5.33e-01	3.19e-01	0.00e+00	0.00e+00	1.99e-17	1.09e-17	3.99e-18
 2.62481e+15	5.10e-17	4.21e-11	3.52e-06	3.92e-03	1.58e-01	5.41e-01	2.97e-01	0.00e+00	0.00e+00	2.90e-17	1.57e-17	5.76e-18
 2.72983e+15	7.65e-17	5.87e-11	4.54e-06	4.65e-03	1.73e-01	5.47e-01	2.76e-01	0.00e+00	0.00e+00	4.35e-17	2.36e-17	8.59e-18
 2.83905e+15	1.18e-16	8.30e-11	5.84e-06	5.50e-03	1.89e-01	5.51e-01	2.55e-01	0.00e+00	0.00e+00	6.70e-17	3.61e-17	1.31e-17
 2.95265e+15	1.76e-16	1.15e-10	7.48e-06	6.49e-03	2.05e-01	5.54e-01	2.35e-01	0.00e+00	0.00e+00	1.01e-16	5.41e-17	1.95e-17
 3.07078e+15	2.62e-16	1.59e-10	9.55e-06	7.63e-03	2.22e-01	5.55e-01	2.16e-01	0.00e+00	0.00e+00	1.50e-16	8.03e-17	2.89e-17
 3.19364e+15	3.89e-16	2.19e-10	1.22e-05	8.95e-03	2.40e-01	5.54e-01	1.97e-01	0.00e+00	0.00e+00	2.23e-16	1.19e-16	4.27e-17
 3.30213e+15	5.44e-16	2.87e-10	1.49e-05	1.02e-02	2.56e-01	5.51e-01	1.83e-01	0.00e+00	0.00e+00	3.12e-16	1.66e-16	5.94e-17
 3.38894e+15	7.04e-16	3.52e-10	1.74e-05	1.13e-02	2.69e-01	5.49e-01	1.72e-01	0.00e+00	0.00e+00	4.03e-16	2.15e-16	7.66e-17
 3.48314e+15	9.25e-16	4.39e-10	2.05e-05	1.26e-02	2.82e-01	5.45e-01	1.60e-01	0.00e+00	0.00e+00	5.31e-16	2.83e-16	1.00e-16
 3.60560e+15	1.25e-15	5.64e-10	2.51e-05	1.43e-02	3.00e-01	5.39e-01	1.47e-01	0.00e+00	0.00e+00	7.20e-16	3.83e-16	1.36e-16
 3.73778e+15	1.86e-15	7.65e-10	3.10e-05	1.64e-02	3.18e-01	5.32e-01	1.34e-01	0.00e+00	0.00e+00	1.07e-15	5.67e-16	2.00e-16
 3.85567e+15	2.51e-15	9.71e-10	3.71e-05	1.84e-02	3.35e-01	5.24e-01	1.23e-01	0.00e+00	0.00e+00	1.44e-15	7.66e-16	2.69e-16
 3.98201e+15	3.34e-15	1.23e-09	4.46e-05	2.07e-02	3.52e-01	5.15e-01	1.12e-01	0.00e+00	0.00e+00	1.92e-15	1.02e-15	3.57e-16
 4.13450e+15	4.80e-15	1.63e-09	5.52e-05	2.36e-02	3.72e-01	5.03e-01	1.01e-01	0.00e+00	0.00e+00	2.76e-15	1.46e-15	5.11e-16
 4.28436e+15	7.04e-15	2.19e-09	6.75e-05	2.68e-02	3.91e-01	4.91e-01	9.08e-02	0.00e+00	0.00e+00	4.05e-15	2.15e-15	7.46e-16
 4.41526e+15	9.42e-15	2.75e-09	7.96e-05	2.97e-02	4.07e-01	4.80e-01	8.29e-02	0.00e+00	0.00e+00	5.43e-15	2.87e-15	9.95e-16
 4.55815e+15	1.28e-14	3.50e-09	9.49e-05	3.31e-02	4.24e-01	4.67e-01	7.50e-02	0.00e+00	0.00e+00	7.41e-15	3.92e-15	1.35e-15
 4.73170e+15	1.82e-14	4.60e-09	1.16e-04	3.74e-02	4.44e-01	4.52e-01	6.66e-02	0.00e+00	0.00e+00	1.05e-14	5.56e-15	1.92e-15
 4.90548e+15	2.59e-14	6.04e-09	1.41e-04	4.21e-02	4.63e-01	4.36e-01	5.90e-02	0.00e+00	0.00e+00	1.49e-14	7.89e-15	2.71e-15
 5.06074e+15	3.49e-14	7.60e-09	1.66e-04	4.64e-02	4.79e-01	4.21e-01	5.31e-02	0.00e+00	0.00e+00	2.02e-14	1.06e-14	3.64e-15
 5.23156e+15	4.75e-14	9.64e-09	1.98e-04	5.15e-02	4.95e-01	4.06e-01	4.73e-02	0.00e+00	0.00e+00	2.74e-14	1.45e-14	4.94e-15
 5.43469e+15	6.56e-14	1.24e-08	2.41e-04	5.78e-02	5.14e-01	3.87e-01	4.13e-02	0.00e+00	0.00e+00	3.79e-14	2.00e-14	6.80e-15
 5.63608e+15	9.66e-14	1.66e-08	2.92e-04	6.46e-02	5.30e-01	3.69e-01	3.60e-02	0.00e+00	0.00e+00	5.58e-14	2.95e-14	9.99e-15
 5.81962e+15	1.31e-13	2.09e-08	3.43e-04	7.09e-02	5.44e-01	3.53e-01	3.19e-02	0.00e+00	0.00e+00	7.55e-14	3.98e-14	1.35e-14
 6.02369e+15	1.80e-13	2.66e-08	4.08e-04	7.84e-02	5.59e-01	3.35e-01	2.79e-02	0.00e+00	0.00e+00	1.04e-13	5.47e-14	1.85e-14
 6.25246e+15	2.45e-13	3.39e-08	4.91e-04	8.70e-02	5.73e-01	3.16e-01	2.41e-02	0.00e+00	0.00e+00	1.42e-13	7.46e-14	2.51e-14
 6.47449e+15	3.56e-13	4.46e-08	5.86e-04	9.60e-02	5.85e-01	2.98e-01	2.08e-02	0.00e+00	0.00e+00	2.06e-13	1.09e-13	3.65e-14
 6.68682e+15	4.81e-13	5.58e-08	6.86e-04	1.05e-01	5.95e-01	2.81e-01	1.81e-02	0.00e+00	0.00e+00	2.78e-13	1.47e-13	4.92e-14
 6.92532e+15	6.63e-13	7.10e-08	8.14e-04	1.15e-01	6.05e-01	2.63e-01	1.56e-02	0.00e+00	0.00e+00	3.84e-13	2.02e-13	6.77e-14
 7.18708e+15	8.99e-13	8.99e-08	9.73e-04	1.27e-01	6.14e-01	2.45e-01	1.32e-02	0.00e+00	0.00e+00	5.21e-13	2.74e-13	9.17e-14
 7.42792e+15	1.28e-12	1.16e-07	1.14e-03	1.38e-01	6.20e-01	2.29e-01	1.13e-02	0.00e+00	0.00e+00	7.44e-13	3.92e-13	1.31e-13
 7.65493e+15	1.71e-12	1.43e-07	1.32e-03	1.49e-01	6.25e-01	2.15e-01	9.84e-03	0.00e+00	0.00e+00	9.88e-13	5.20e-13	1.73e-13
 7.91512e+15	2.31e-12	1.80e-07	1.55e-03	1.62e-01	6.29e-01	1.99e-01	8.37e-03	0.00e+00	0.00e+00	1.34e-12	7.06e-13	2.35e-13
 8.20487e+15	3.11e-12	2.25e-07	1.84e-03	1.76e-01	6.32e-01	1.83e-01	7.01e-03	0.00e+00	0.00e+00	1.80e-12	9.48e-13	3.15e-13
 8.48301e+15	4.48e-12	2.92e-07	2.16e-03	1.91e-01	6.32e-01	1.68e-01	5.89e-03	0.00e+00	0.00e+00	2.60e-12	1.37e-12	4.53e-13
 8.71933e+15	5.80e-12	3.53e-07	2.46e-03	2.04e-01	6.32e-01	1.57e-01	5.11e-03	0.00e+00	0.00e+00	3.36e-12	1.77e-12	5.86e-13
 8.95129e+15	7.48e-12	4.25e-07	2.79e-03	2.17e-01	6.30e-01	1.46e-01	4.43e-03	0.00e+00	0.00e+00	4.34e-12	2.28e-12	7.55e-13
 9.25285e+15	1.02e-11	5.33e-07	3.27e-03	2.34e-01	6.26e-01	1.33e-01	3.68e-03	0.00e+00	0.00e+00	5.91e-12	3.11e-12	1.03e-12
 9.56842e+15	1.42e-11	6.79e-07	3.84e-03	2.52e-01	6.20e-01	1.21e-01	3.04e-03	0.00e+00	0.00e+00	8.26e-12	4.34e-12	1.44e-12
 9.83346e+15	1.85e-11	8.22e-07	4.37e-03	2.67e-01	6.14e-01	1.11e-01	2.60e-03	0.00e+00	0.00e+00	1.07e-11	5.64e-12	1.86e-12
 1.01092e+16	2.41e-11	9.97e-07	5.00e-03	2.84e-01	6.07e-01	1.02e-01	2.20e-03	0.00e+00	0.00e+00	1.40e-11	7.35e-12	2.42e-12
 1.04199e+16	3.12e-11	1.21e-06	5.79e-03	3.02e-01	5.98e-01	9.24e-02	1.82e-03	0.00e+00	0.00e+00	1.81e-11	9.51e-12	3.14e-12
 1.07152e+16	4.35e-11	1.53e-06	6.65e-03	3.21e-01	5.87e-01	8.39e-02	1.52e-03	0.00e+00	0.00e+00	2.53e-11	1.33e-11	4.38e-12
 1.09883e+16	5.56e-11	1.83e-06	7.53e-03	3.38e-01	5.77e-01	7.67e-02	1.29e-03	0.00e+00	0.00e+00	3.23e-11	1.70e-11	5.59e-12
 1.12932e+16	7.10e-11	2.20e-06	8.64e-03	3.57e-01	5.64e-01	6.92e-02	1.07e-03	0.00e+00	0.00e+00	4.13e-11	2.17e-11	7.13e-12
 1.16238e+16	1.02e-10	2.82e-06	1.00e-02	3.79e-01	5.49e-01	6.17e-02	8.74e-04	0.00e+00	0.00e+00	5.91e-11	3.10e-11	1.02e-11
 1.19146e+16	1.33e-10	3.42e-06	1.14e-02	3.98e-01	5.35e-01	5.58e-02	7.32e-04	0.00e+00	0.00e+00	7.71e-11	4.05e-11	1.33e-11
 1.21786e+16	1.69e-10	4.07e-06	1.28e-02	4.15e-01	5.21e-01	5.08e-02	6.21e-04	0.00e+00	0.00e+00	9.82e-11	5.16e-11	1.70e-11
 1.24809e+16	2.25e-10	4.99e-06	1.47e-02	4.35e-01	5.04e-01	4.54e-02	5.13e-04	0.00e+00	0.00e+00	1.30e-10	6.86e-11	2.25e-11
 1.28104e+16	2.83e-10	5.97e-06	1.69e-02	4.56e-01	4.86e-01	4.03e-02	4.19e-04	0.00e+00	0.00e+00	1.64e-10	8.64e-11	2.84e-11
 1.31089e+16	3.99e-10	7.57e-06	1.94e-02	4.76e-01	4.68e-01	3.59e-02	3.45e-04	0.00e+00	0.00e+00	2.32e-10	1.22e-10	4.01e-11
 1.33786e+16	5.05e-10	9.00e-06	2.18e-02	4.94e-01	4.51e-01	3.23e-02	2.90e-04	0.00e+00	0.00e+00	2.93e-10	1.54e-10	5.06e-11
 1.36772e+16	6.89e-10	1.12e-05	2.51e-02	5.14e-01	4.32e-01	2.86e-02	2.36e-04	0.00e+00	0.00e+00	4.00e-10	2.10e-10	6.91e-11
 1.39975e+16	9.35e-10	1.40e-05	2.91e-02	5.35e-01	4.11e-01	2.50e-02	1.91e-04	0.00e+00	0.00e+00	5.44e-10	2.86e-10	9.38e-11
 1.42768e+16	1.14e-09	1.64e-05	3.31e-02	5.53e-01	3.92e-01	2.22e-02	1.58e-04	0.00e+00	0.00e+00	6.64e-10	3.49e-10	1.15e-10
 1.45311e+16	1.49e-09	1.99e-05	3.75e-02	5.69e-01	3.73e-01	1.98e-02	1.32e-04	0.00e+00	0.00e+00	8.64e-10	4.54e-10	1.49e-10
 1.48218e+16	2.18e-09	2.59e-05	4.36e-02	5.87e-01	3.52e-01	1.72e-02	1.06e-04	0.00e+00	0.00e+00	1.27e-09	6.67e-10	2.19e-10
 1.51203e+16	3.00e-09	3.27e-05	5.08e-02	6.05e-01	3.29e-01	1.49e-02	8.46e-05	0.00e+00	0.00e+00	1.75e-09	9.18e-10	3.01e-10
 1.53630e+16	3.85e-09	3.95e-05	5.79e-02	6.18e-01	3.11e-01	1.31e-02	7.01e-05	0.00e+00	0.00e+00	2.24e-09	1.18e-09	3.87e-10
 1.55777e+16	4.99e-09	4.77e-05	6.55e-02	6.29e-01	2.93e-01	1.17e-02	5.87e-05	0.00e+00	0.00e+00	2.90e-09	1.53e-09	5.01e-10
 1.57729e+16	6.34e-09	5.69e-05	7.35e-02	6.39e-01	2.77e-01	1.04e-02	4.97e-05	0.00e+00	0.00e+00	3.69e-09	1.94e-09	6.37e-10
 1.59446e+16	7.92e-09	6.70e-05	8.17e-02	6.46e-01	2.63e-01	9.38e-03	4.26e-05	0.00e+00	0.00e+00	4.60e-09	2.42e-09	7.96e-10
 1.61345e+16	1.03e-08	8.12e-05	9.25e-02	6.53e-01	2.46e-01	8.28e-03	3.56e-05	0.00e+00	0.00e+00	5.97e-09	3.14e-09	1.03e-09
 1.63368e+16	1.39e-08	1.01e-04	1.06e-01	6.59e-01	2.28e-01	7.19e-03	2.91e-05	0.00e+00	0.00e+00	8.06e-09	4.24e-09	1.39e-09
 1.65185e+16	1.78e-08	1.22e-04	1.21e-01	6.62e-01	2.11e-01	6.29e-03	2.41e-05	0.00e+00	0.00e+00	1.04e-08	5.45e-09	1.79e-09
 1.66903e+16	2.40e-08	1.52e-04	1.38e-01	6.62e-01	1.94e-01	5.45e-03	1.97e-05	0.00e+00	0.00e+00	1.40e-08	7.35e-09	2.42e-09
 1.68555e+16	3.16e-08	1.86e-04	1.58e-01	6.60e-01	1.77e-01	4.70e-03	1.61e-05	0.00e+00	0.00e+00	1.84e-08	9.67e-09	3.18e-09
 1.70105e+16	4.07e-08	2.27e-04	1.80e-01	6.54e-01	1.61e-01	4.04e-03	1.32e-05	0.00e+00	0.00e+00	2.37e-08	1.25e-08	4.10e-09
 1.71559e+16	5.48e-08	2.82e-04	2.06e-01	6.45e-01	1.45e-01	3.43e-03	1.06e-05	0.00e+00	0.00e+00	3.19e-08	1.68e-08	5.52e-09
 1.72906e+16	7.03e-08	3.42e-04	2.34e-01	6.32e-01	1.30e-01	2.91e-03	8.56e-06	0.00e+00	0.00e+00	4.09e-08	2.15e-08	7.10e-09
 1.74151e+16	9.35e-08	4.21e-04	2.66e-01	6.15e-01	1.16e-01	2.44e-03	6.82e-06	0.00e+00	0.00e+00	5.44e-08	2.86e-08	9.44e-09
 1.75311e+16	1.19e-07	5.07e-04	3.01e-01	5.94e-01	1.02e-01	2.04e-03	5.41e-06	0.00e+00	0.00e+00	6.92e-08	3.65e-08	1.20e-08
 1.76395e+16	1.54e-07	6.15e-04	3.40e-01	5.69e-01	8.86e-02	1.67e-03	4.24e-06	0.00e+00	0.00e+00	8.94e-08	4.71e-08	1.56e-08
 1.77416e+16	1.98e-07	7.42e-04	3.82e-01	5.40e-01	7.60e-02	1.36e-03	3.26e-06	0.00e+00	0.00e+00	1.15e-07	6.06e-08	2.00e-08
 1.78217e+16	2.30e-07	8.37e-04	4.19e-01	5.13e-01	6.63e-02	1.13e-03	2.61e-06	0.00e+00	0.00e+00	1.34e-07	7.06e-08	2.34e-08
 1.78817e+16	2.84e-07	9.72e-04	4.50e-01	4.89e-01	5.88e-02	9.62e-04	2.14e-06	0.00e+00	0.00e+00	1.65e-07	8.72e-08	2.89e-08
 1.79348e+16	3.26e-07	1.08e-03	4.80e-01	4.66e-01	5.25e-02	8.28e-04	1.79e-06	0.00e+00	0.00e+00	1.90e-07	1.00e-07	3.31e-08
 1.79896e+16	3.65e-07	1.17e-03	5.12e-01	4.40e-01	4.59e-02	6.96e-04	1.45e-06	0.00e+00	0.00e+00	2.12e-07	1.12e-07	3.71e-08
 1.80608e+16	4.58e-07	1.38e-03	5.57e-01	4.03e-01	3.78e-02	5.42e-04	1.08e-06	0.00e+00	0.00e+00	2.67e-07	1.41e-07	4.67e-08
 1.81285e+16	5.45e-07	1.57e-03	6.00e-01	3.67e-01	3.10e-02	4.20e-04	7.95e-07	0.00e+00	0.00e+00	3.17e-07	1.67e-07	5.56e-08
 1.81791e+16	6.23e-07	1.72e-03	6.34e-01	3.38e-01	2.61e-02	3.38e-04	0.00e+00	0.00e+00	0.00e+00	3.62e-07	1.91e-07	6.36e-08
 1.82324e+16	7.18e-07	1.91e-03	6.70e-01	3.06e-01	2.13e-02	2.62e-04	0.00e+00	0.00e+00	0.00e+00	4.18e-07	2.21e-07	7.35e-08
 1.83016e+16	8.55e-07	2.15e-03	7.16e-01	2.66e-01	1.61e-02	1.83e-04	0.00e+00	0.00e+00	0.00e+00	4.97e-07	2.63e-07	8.76e-08
 1.83723e+16	1.01e-06	2.40e-03	7.59e-01	2.27e-01	1.17e-02	1.24e-04	0.00e+00	0.00e+00	0.00e+00	5.86e-07	3.10e-07	1.03e-07
 1.84308e+16	1.15e-06	2.61e-03	7.93e-01	1.96e-01	8.84e-03	8.67e-05	0.00e+00	0.00e+00	0.00e+00	6.66e-07	3.53e-07	1.18e-07
 1.84925e+16	1.31e-06	2.84e-03	8.25e-01	1.66e-01	6.39e-03	5.76e-05	0.00e+00	0.00e+00	0.00e+00	7.60e-07	4.02e-07	1.35e-07
 1.85727e+16	1.52e-06	3.12e-03	8.61e-01	1.32e-01	4.11e-03	3.30e-05	0.00e+00	0.00e+00	0.00e+00	8.86e-07	4.70e-07	1.58e-07
 1.86604e+16	1.76e-06	3.39e-03	8.92e-01	1.03e-01	2.51e-03	1.78e-05	0.00e+00	0.00e+00	0.00e+00	1.02e-06	5.43e-07	1.82e-07
 1.87580e+16	2.03e-06	3.67e-03	9.18e-01	7.72e-02	1.43e-03	8.65e-06	0.00e+00	0.00e+00	0.00e+00	1.18e-06	6.27e-07	2.11e-07
 1.88848e+16	2.37e-06	3.98e-03	9.41e-01	5.43e-02	7.01e-04	3.44e-06	0.00e+00	0.00e+00	0.00e+00	1.38e-06	7.33e-07	2.47e-07
 1.90497e+16	2.81e-06	4.31e-03	9.60e-01	3.59e-02	2.95e-04	1.09e-06	0.00e+00	0.00e+00	0.00e+00	1.63e-06	8.67e-07	2.93e-07
 1.92641e+16	3.37e-06	4.66e-03	9.72e-01	2.29e-02	1.08e-04	2.80e-07	0.00e+00	0.00e+00	0.00e+00	1.96e-06	1.04e-06	3.52e-07
 1.95428e+16	4.16e-06	5.08e-03	9.80e-01	1.47e-02	3.64e-05	0.00e+00	0.00e+00	0.00e+00	0.00e+00	2.42e-06	1.29e-06	4.35e-07
 1.99051e+16	5.40e-06	5.61e-03	9.85e-01	9.87e-03	1.18e-05	0.00e+00	0.00e+00	0.00e+00	0.00e+00	3.14e-06	1.67e-06	5.64e-07
 2.02993e+16	7.19e-06	6.25e-03	9.86e-01	7.48e-03	4.52e-06	0.00e+00	0.00e+00	0.00e+00	0.00e+00	4.18e-06	2.22e-06	7.50e-07
 2.06498e+16	9.40e-06	6.93e-03	9.87e-01	6.29e-03	2.24e-06	0.00e+00	0.00e+00	0.00e+00	0.00e+00	5.46e-06	2.90e-06	9.80e-07
 2.09597e+16	1.21e-05	7.65e-03	9.87e-01	5.53e-03	1.29e-06	0.00e+00	0.00e+00	0.00e+00	0.00e+00	7.02e-06	3.73e-06	1.26e-06
 2.12569e+16	1.56e-05	8.48e-03	9.87e-01	4.92e-03	7.82e-07	0.00e+00	0.00e+00	0.00e+00	0.00e+00	9.05e-06	4.81e-06	1.62e-06
 2.15521e+16	2.03e-05	9.45e-03	9.86e-01	4.46e-03	0.00e+00	0.00e+00	0.00e+00	0.00e+00	0.00e+00	1.18e-05	6.25e-06	2.11e-06
 2.18384e+16	2.66e-05	1.06e-02	9.85e-01	3.97e-03	0.00e+00	0.00e+00	0.00e+00	0.00e+00	0.00e+00	1.55e-05	8.21e-06	2.77e-06
 2.21059e+16	3.49e-05	1.20e-02	9.84e-01	3.58e-03	0.00e+00	0.00e+00	0.00e+00	0.00e+00	0.00e+00	2.03e-05	1.08e-05	3.62e-06
 2.23531e+16	4.52e-05	1.35e-02	9.83e-01	3.25e-03	0.00e+00	0.00e+00	0.00e+00	0.00e+00	0.00e+00	2.63e-05	1.39e-05	4.69e-06
 2.25354e+16	5.55e-05	1.48e-02	9.82e-01	3.01e-03	0.00e+00	0.00e+00	0.00e+00	0.00e+00	0.00e+00	3.22e-05	1.71e-05	5.75e-06
 2.26432e+16	6.31e-05	1.57e-02	9.81e-01	2.83e-03	0.00e+00	0.00e+00	0.00e+00	0.00e+00	0.00e+00	3.67e-05	1.94e-05	6.54e-06
 2.27456e+16	7.12e-05	1.66e-02	9.81e-01	2.71e-03	0.00e+00	0.00e+00	0.00e+00	0.00e+00	0.00e+00	4.14e-05	2.20e-05	7.39e-06
 2.28787e+16	8.39e-05	1.80e-02	9.79e-01	2.52e-03	0.00e+00	0.00e+00	0.00e+00	0.00e+00	0.00e+00	4.88e-05	2.59e-05	8.70e-06
 2.30224e+16	1.00e-04	1.96e-02	9.78e-01	2.34e-03	0.00e+00	0.00e+00	0.00e+00	0.00e+00	0.00e+00	5.84e-05	3.10e-05	1.04e-05
 2.31473e+16	1.18e-04	2.13e-02	9.76e-01	2.19e-03	0.00e+00	0.00e+00	0.00e+00	0.00e+00	0.00e+00	6.89e-05	3.65e-05	1.23e-05
