#depth	C	C+	C+2	C+3	C+4	C+5	C+6	C[1]	C[2]	C[3]	C+[1]	C+[2]	CO
 1.49634e+10	0.00e+00	4.76e-28	2.63e-19	3.22e-11	2.06e-02	9.40e-01	3.91e-02	0.00e+00	0.00e+00	0.00e+00	0.00e+00	0.00e+00	0.00e+00
 4.54887e+10	1.72e-37	6.84e-28	3.47e-19	3.90e-11	2.28e-02	9.41e-01	3.58e-02	0.00e+00	0.00e+00	0.00e+00	0.00e+00	0.00e+00	5.65e-123
 7.72350e+10	0.00e+00	9.82e-28	4.58e-19	4.70e-11	2.52e-02	9.42e-01	3.28e-02	0.00e+00	0.00e+00	0.00e+00	0.00e+00	0.00e+00	0.00e+00
 1.10251e+11	4.21e-37	1.41e-27	6.04e-19	5.68e-11	2.78e-02	9.42e-01	3.01e-02	0.00e+00	0.00e+00	0.00e+00	0.00e+00	0.00e+00	6.12e-122
 1.42754e+11	0.00e+00	1.99e-27	7.85e-19	6.79e-11	3.05e-02	9.42e-01	2.76e-02	0.00e+00	0.00e+00	0.00e+00	0.00e+00	0.00e+00	0.00e+00
 1.76557e+11	9.86e-37	2.80e-27	1.02e-18	8.11e-11	3.35e-02	9.41e-01	2.54e-02	0.00e+00	0.00e+00	0.00e+00	0.00e+00	0.00e+00	5.86e-121
 2.13546e+11	0.00e+00	4.05e-27	1.35e-18	9.82e-11	3.69e-02	9.40e-01	2.32e-02	0.00e+00	0.00e+00	0.00e+00	0.00e+00	0.00e+00	0.00e+00
 2.50595e+11	2.40e-36	5.76e-27	1.77e-18	1.18e-10	4.06e-02	9.38e-01	2.12e-02	0.00e+00	0.00e+00	0.00e+00	0.00e+00	0.00e+00	6.21e-120
 2.89127e+11	0.00e+00	8.19e-27	2.31e-18	1.41e-10	4.46e-02	9.36e-01	1.94e-02	0.00e+00	0.00e+00	0.00e+00	0.00e+00	0.00e+00	0.00e+00
 3.30619e+11	5.86e-36	1.18e-26	3.07e-18	1.71e-10	4.92e-02	9.33e-01	1.77e-02	0.00e+00	0.00e+00	0.00e+00	0.00e+00	0.00e+00	6.56e-119
 3.71787e+11	0.00e+00	1.68e-26	4.02e-18	2.05e-10	5.39e-02	9.30e-01	1.61e-02	0.00e+00	0.00e+00	0.00e+00	0.00e+00	0.00e+00	0.00e+00
 4.14601e+11	1.40e-35	2.39e-26	5.25e-18	2.46e-10	5.91e-02	9.26e-01	1.47e-02	0.00e+00	0.00e+00	0.00e+00	0.00e+00	0.00e+00	6.52e-118
 4.61112e+11	0.00e+00	3.45e-26	6.96e-18	2.98e-10	6.51e-02	9.22e-01	1.33e-02	0.00e+00	0.00e+00	0.00e+00	0.00e+00	0.00e+00	0.00e+00
 5.09483e+11	3.46e-35	4.98e-26	9.23e-18	3.61e-10	7.16e-02	9.16e-01	1.21e-02	0.00e+00	0.00e+00	0.00e+00	0.00e+00	0.00e+00	7.20e-117
 5.59789e+11	0.00e+00	7.20e-26	1.22e-17	4.36e-10	7.87e-02	9.10e-01	1.09e-02	0.00e+00	0.00e+00	0.00e+00	0.00e+00	0.00e+00	0.00e+00
 6.12108e+11	8.58e-35	1.04e-25	1.62e-17	5.27e-10	8.64e-02	9.04e-01	9.89e-03	0.00e+00	0.00e+00	0.00e+00	0.00e+00	0.00e+00	7.92e-116
 6.66519e+11	1.35e-34	1.50e-25	2.15e-17	6.38e-10	9.48e-02	8.96e-01	8.93e-03	0.00e+00	0.00e+00	0.00e+00	0.00e+00	0.00e+00	4.83e-98
 7.15832e+11	2.00e-34	2.06e-25	2.75e-17	7.53e-10	1.03e-01	8.89e-01	8.16e-03	0.00e+00	0.00e+00	0.00e+00	0.00e+00	0.00e+00	0.00e+00
 7.57088e+11	2.75e-34	2.67e-25	3.35e-17	8.60e-10	1.10e-01	8.83e-01	7.58e-03	0.00e+00	0.00e+00	0.00e+00	0.00e+00	0.00e+00	1.72e-114
 8.02356e+11	3.86e-34	3.51e-25	4.14e-17	9.91e-10	1.17e-01	8.76e-01	6.99e-03	0.00e+00	0.00e+00	0.00e+00	0.00e+00	0.00e+00	5.06e-97
 8.59465e+11	5.83e-34	4.91e-25	5.35e-17	1.18e-09	1.28e-01	8.66e-01	6.34e-03	0.00e+00	0.00e+00	0.00e+00	0.00e+00	0.00e+00	0.00e+00
 9.18920e+11	8.81e-34	6.86e-25	6.93e-17	1.40e-09	1.39e-01	8.56e-01	5.73e-03	0.00e+00	0.00e+00	0.00e+00	0.00e+00	0.00e+00	3.75e-113
 9.69857e+11	1.24e-33	9.03e-25	8.57e-17	1.62e-09	1.48e-01	8.47e-01	5.27e-03	0.00e+00	0.00e+00	0.00e+00	0.00e+00	0.00e+00	6.78e-96
 1.02277e+12	1.74e-33	1.19e-24	1.06e-16	1.86e-09	1.58e-01	8.37e-01	4.84e-03	0.00e+00	0.00e+00	0.00e+00	0.00e+00	0.00e+00	0.00e+00
 1.08869e+12	2.61e-33	1.65e-24	1.37e-16	2.21e-09	1.71e-01	8.24e-01	4.36e-03	0.00e+00	0.00e+00	0.00e+00	0.00e+00	0.00e+00	6.75e-112
 1.15547e+12	3.88e-33	2.28e-24	1.75e-16	2.61e-09	1.85e-01	8.11e-01	3.93e-03	0.00e+00	0.00e+00	0.00e+00	0.00e+00	0.00e+00	8.64e-95
 1.21362e+12	5.39e-33	2.98e-24	2.16e-16	2.99e-09	1.97e-01	8.00e-01	3.60e-03	0.00e+00	0.00e+00	0.00e+00	0.00e+00	0.00e+00	4.69e-111
 1.27662e+12	7.60e-33	3.94e-24	2.67e-16	3.45e-09	2.10e-01	7.87e-01	3.29e-03	0.00e+00	0.00e+00	0.00e+00	0.00e+00	0.00e+00	3.89e-94
 1.35343e+12	1.14e-32	5.45e-24	3.44e-16	4.08e-09	2.26e-01	7.71e-01	2.94e-03	0.00e+00	0.00e+00	0.00e+00	0.00e+00	0.00e+00	3.47e-110
 1.43165e+12	1.68e-32	7.49e-24	4.39e-16	4.80e-09	2.43e-01	7.55e-01	2.63e-03	0.00e+00	0.00e+00	0.00e+00	0.00e+00	0.00e+00	2.29e-93
 1.50332e+12	2.36e-32	9.88e-24	5.44e-16	5.53e-09	2.58e-01	7.40e-01	2.39e-03	0.00e+00	0.00e+00	0.00e+00	0.00e+00	0.00e+00	2.52e-109
 1.58302e+12	3.40e-32	1.33e-23	6.83e-16	6.42e-09	2.75e-01	7.23e-01	2.15e-03	0.00e+00	0.00e+00	0.00e+00	0.00e+00	0.00e+00	1.12e-92
 1.67559e+12	5.08e-32	1.84e-23	8.78e-16	7.58e-09	2.95e-01	7.03e-01	1.90e-03	0.00e+00	0.00e+00	0.00e+00	0.00e+00	0.00e+00	2.05e-108
 1.76706e+12	7.42e-32	2.50e-23	1.11e-15	8.85e-09	3.14e-01	6.84e-01	1.69e-03	0.00e+00	0.00e+00	0.00e+00	0.00e+00	0.00e+00	6.57e-92
 1.85456e+12	1.05e-31	3.30e-23	1.38e-15	1.02e-08	3.33e-01	6.66e-01	1.52e-03	0.00e+00	0.00e+00	0.00e+00	0.00e+00	0.00e+00	1.51e-107
 1.95105e+12	1.51e-31	4.43e-23	1.73e-15	1.18e-08	3.53e-01	6.46e-01	1.35e-03	0.00e+00	0.00e+00	0.00e+00	0.00e+00	0.00e+00	3.32e-91
 2.05902e+12	2.22e-31	6.06e-23	2.20e-15	1.38e-08	3.75e-01	6.24e-01	1.19e-03	0.00e+00	0.00e+00	0.00e+00	0.00e+00	0.00e+00	1.23e-106
 2.16769e+12	3.23e-31	8.18e-23	2.76e-15	1.60e-08	3.97e-01	6.02e-01	1.05e-03	0.00e+00	0.00e+00	0.00e+00	0.00e+00	0.00e+00	1.91e-90
 2.26527e+12	4.43e-31	1.06e-22	3.36e-15	1.81e-08	4.16e-01	5.83e-01	9.44e-04	0.00e+00	0.00e+00	0.00e+00	0.00e+00	0.00e+00	8.56e-106
 2.34802e+12	5.74e-31	1.30e-22	3.93e-15	2.00e-08	4.31e-01	5.68e-01	8.64e-04	0.00e+00	0.00e+00	0.00e+00	0.00e+00	0.00e+00	7.33e-90
 2.43726e+12	7.53e-31	1.62e-22	4.65e-15	2.22e-08	4.48e-01	5.51e-01	7.84e-04	0.00e+00	0.00e+00	0.00e+00	0.00e+00	0.00e+00	3.87e-105
 2.55241e+12	1.05e-30	2.12e-22	5.70e-15	2.53e-08	4.69e-01	5.30e-01	6.95e-04	0.00e+00	0.00e+00	0.00e+00	0.00e+00	0.00e+00	3.02e-89
 2.67248e+12	1.47e-30	2.77e-22	6.99e-15	2.88e-08	4.90e-01	5.09e-01	6.15e-04	0.00e+00	0.00e+00	0.00e+00	0.00e+00	0.00e+00	2.64e-104
 2.77575e+12	1.94e-30	3.45e-22	8.24e-15	3.19e-08	5.07e-01	4.92e-01	5.56e-04	0.00e+00	0.00e+00	0.00e+00	0.00e+00	0.00e+00	1.28e-88
 2.88599e+12	2.57e-30	4.32e-22	9.78e-15	3.55e-08	5.25e-01	4.74e-01	4.99e-04	0.00e+00	0.00e+00	0.00e+00	0.00e+00	0.00e+00	1.33e-103
 3.02222e+12	3.59e-30	5.65e-22	1.20e-14	4.02e-08	5.47e-01	4.53e-01	4.38e-04	0.00e+00	0.00e+00	0.00e+00	0.00e+00	0.00e+00	5.59e-88
 3.16191e+12	4.99e-30	7.34e-22	1.46e-14	4.54e-08	5.67e-01	4.32e-01	3.85e-04	0.00e+00	0.00e+00	0.00e+00	0.00e+00	0.00e+00	9.33e-103
 3.28818e+12	6.63e-30	9.20e-22	1.72e-14	5.03e-08	5.85e-01	4.15e-01	3.44e-04	0.00e+00	0.00e+00	0.00e+00	0.00e+00	0.00e+00	2.46e-87
 3.40873e+12	8.62e-30	1.13e-21	2.01e-14	5.54e-08	6.01e-01	3.98e-01	3.09e-04	0.00e+00	0.00e+00	0.00e+00	0.00e+00	0.00e+00	4.70e-102
 3.54684e+12	1.15e-29	1.43e-21	2.39e-14	6.14e-08	6.19e-01	3.81e-01	2.74e-04	0.00e+00	0.00e+00	0.00e+00	0.00e+00	0.00e+00	9.36e-87
 3.70074e+12	1.57e-29	1.82e-21	2.87e-14	6.86e-08	6.38e-01	3.62e-01	2.41e-04	0.00e+00	0.00e+00	0.00e+00	0.00e+00	0.00e+00	2.80e-101
 3.84487e+12	2.07e-29	2.27e-21	3.37e-14	7.57e-08	6.54e-01	3.45e-01	2.14e-04	0.00e+00	0.00e+00	0.00e+00	0.00e+00	0.00e+00	3.94e-86
 4.00195e+12	2.77e-29	2.86e-21	4.00e-14	8.37e-08	6.71e-01	3.29e-01	1.89e-04	0.00e+00	0.00e+00	0.00e+00	0.00e+00	0.00e+00	1.55e-100
 4.17641e+12	3.78e-29	3.65e-21	4.79e-14	9.32e-08	6.89e-01	3.11e-01	1.65e-04	0.00e+00	0.00e+00	0.00e+00	0.00e+00	0.00e+00	1.75e-85
 4.33922e+12	4.99e-29	4.54e-21	5.62e-14	1.02e-07	7.04e-01	2.96e-01	1.46e-04	0.00e+00	0.00e+00	0.00e+00	0.00e+00	0.00e+00	9.25e-100
 4.51663e+12	6.68e-29	5.71e-21	6.65e-14	1.13e-07	7.20e-01	2.80e-01	1.29e-04	0.00e+00	0.00e+00	0.00e+00	0.00e+00	0.00e+00	7.27e-85
 4.71453e+12	9.12e-29	7.30e-21	7.95e-14	1.26e-07	7.36e-01	2.64e-01	1.12e-04	0.00e+00	0.00e+00	0.00e+00	0.00e+00	0.00e+00	5.86e-99
 4.90057e+12	1.21e-28	9.10e-21	9.33e-14	1.38e-07	7.50e-01	2.50e-01	9.82e-05	0.00e+00	0.00e+00	0.00e+00	0.00e+00	0.00e+00	3.24e-84
 5.10372e+12	1.63e-28	1.15e-20	1.10e-13	1.52e-07	7.65e-01	2.35e-01	8.57e-05	0.00e+00	0.00e+00	0.00e+00	0.00e+00	0.00e+00	3.48e-98
 5.33064e+12	2.23e-28	1.47e-20	1.32e-13	1.68e-07	7.79e-01	2.21e-01	7.39e-05	0.00e+00	0.00e+00	0.00e+00	0.00e+00	0.00e+00	1.53e-83
 5.54523e+12	2.97e-28	1.84e-20	1.55e-13	1.85e-07	7.92e-01	2.08e-01	6.46e-05	0.00e+00	0.00e+00	0.00e+00	0.00e+00	0.00e+00	2.27e-97
 5.77556e+12	4.00e-28	2.32e-20	1.84e-13	2.03e-07	8.05e-01	1.95e-01	5.61e-05	0.00e+00	0.00e+00	0.00e+00	0.00e+00	0.00e+00	6.84e-83
 6.03651e+12	5.53e-28	2.98e-20	2.20e-13	2.25e-07	8.18e-01	1.82e-01	4.81e-05	0.00e+00	0.00e+00	0.00e+00	0.00e+00	0.00e+00	1.58e-96
 6.29353e+12	7.49e-28	3.77e-20	2.60e-13	2.47e-07	8.30e-01	1.70e-01	4.16e-05	0.00e+00	0.00e+00	0.00e+00	0.00e+00	0.00e+00	3.44e-82
 6.56084e+12	1.02e-27	4.77e-20	3.08e-13	2.71e-07	8.41e-01	1.59e-01	3.59e-05	0.00e+00	0.00e+00	0.00e+00	0.00e+00	0.00e+00	1.07e-95
 6.85320e+12	1.40e-27	6.11e-20	3.67e-13	2.99e-07	8.52e-01	1.48e-01	3.07e-05	0.00e+00	0.00e+00	0.00e+00	0.00e+00	0.00e+00	1.73e-81
 7.15072e+12	1.91e-27	7.78e-20	4.36e-13	3.29e-07	8.62e-01	1.38e-01	2.64e-05	0.00e+00	0.00e+00	0.00e+00	0.00e+00	0.00e+00	7.86e-95
 7.46014e+12	2.61e-27	9.89e-20	5.16e-13	3.61e-07	8.71e-01	1.29e-01	2.26e-05	0.00e+00	0.00e+00	0.00e+00	0.00e+00	0.00e+00	8.84e-81
 7.78847e+12	3.58e-27	1.26e-19	6.14e-13	3.97e-07	8.80e-01	1.20e-01	1.94e-05	0.00e+00	0.00e+00	0.00e+00	0.00e+00	0.00e+00	5.77e-94
 8.10118e+12	4.78e-27	1.58e-19	7.18e-13	4.32e-07	8.88e-01	1.12e-01	1.68e-05	0.00e+00	0.00e+00	0.00e+00	0.00e+00	0.00e+00	4.35e-80
 8.38670e+12	6.17e-27	1.92e-19	8.24e-13	4.66e-07	8.95e-01	1.05e-01	1.48e-05	0.00e+00	0.00e+00	0.00e+00	0.00e+00	0.00e+00	3.29e-93
 8.65631e+12	7.80e-27	2.30e-19	9.35e-13	4.99e-07	9.00e-01	9.96e-02	1.31e-05	0.00e+00	0.00e+00	0.00e+00	0.00e+00	0.00e+00	1.59e-79
 8.95394e+12	1.00e-26	2.79e-19	1.07e-12	5.36e-07	9.06e-01	9.40e-02	1.16e-05	0.00e+00	0.00e+00	0.00e+00	0.00e+00	0.00e+00	1.55e-92
 9.28750e+12	1.31e-26	3.43e-19	1.24e-12	5.80e-07	9.12e-01	8.80e-02	1.01e-05	0.00e+00	0.00e+00	0.00e+00	0.00e+00	0.00e+00	6.32e-79
 9.60300e+12	1.68e-26	4.15e-19	1.41e-12	6.22e-07	9.17e-01	8.30e-02	8.95e-06	0.00e+00	0.00e+00	0.00e+00	0.00e+00	0.00e+00	8.18e-92
 9.94837e+12	2.19e-26	5.07e-19	1.62e-12	6.69e-07	9.22e-01	7.79e-02	7.85e-06	0.00e+00	0.00e+00	0.00e+00	0.00e+00	0.00e+00	2.48e-78
 1.03356e+13	2.91e-26	6.30e-19	1.88e-12	7.25e-07	9.27e-01	7.27e-02	6.81e-06	0.00e+00	0.00e+00	0.00e+00	0.00e+00	0.00e+00	4.76e-91
 1.06950e+13	3.76e-26	7.66e-19	2.16e-12	7.79e-07	9.32e-01	6.84e-02	5.99e-06	0.00e+00	0.00e+00	0.00e+00	0.00e+00	0.00e+00	1.05e-77
 1.10280e+13	4.73e-26	9.12e-19	2.43e-12	8.30e-07	9.35e-01	6.47e-02	5.34e-06	0.00e+00	0.00e+00	0.00e+00	0.00e+00	0.00e+00	2.27e-90
 1.14095e+13	6.11e-26	1.11e-18	2.78e-12	8.90e-07	9.39e-01	6.08e-02	4.70e-06	0.00e+00	0.00e+00	0.00e+00	0.00e+00	0.00e+00	3.87e-77
 1.18725e+13	8.24e-26	1.39e-18	3.25e-12	9.66e-07	9.43e-01	5.66e-02	4.05e-06	0.00e+00	0.00e+00	0.00e+00	0.00e+00	0.00e+00	1.35e-89
 1.23303e+13	1.10e-25	1.73e-18	3.77e-12	1.04e-06	9.47e-01	5.28e-02	3.51e-06	0.00e+00	0.00e+00	0.00e+00	0.00e+00	0.00e+00	1.87e-76
 1.27312e+13	1.40e-25	2.07e-18	4.27e-12	1.11e-06	9.50e-01	4.98e-02	3.11e-06	0.00e+00	0.00e+00	0.00e+00	0.00e+00	0.00e+00	3.60e-76
 1.31698e+13	1.80e-25	2.52e-18	4.87e-12	1.19e-06	9.53e-01	4.68e-02	2.74e-06	0.00e+00	0.00e+00	0.00e+00	0.00e+00	0.00e+00	7.20e-76
 1.37010e+13	2.43e-25	3.16e-18	5.69e-12	1.29e-06	9.57e-01	4.34e-02	2.36e-06	0.00e+00	0.00e+00	0.00e+00	0.00e+00	0.00e+00	1.62e-75
 1.42342e+13	3.25e-25	3.94e-18	6.61e-12	1.40e-06	9.60e-01	4.05e-02	2.04e-06	0.00e+00	0.00e+00	0.00e+00	0.00e+00	0.00e+00	3.55e-75
 1.47162e+13	4.19e-25	4.77e-18	7.52e-12	1.49e-06	9.62e-01	3.80e-02	1.80e-06	0.00e+00	0.00e+00	0.00e+00	0.00e+00	0.00e+00	7.09e-75
 1.52499e+13	5.50e-25	5.86e-18	8.65e-12	1.60e-06	9.64e-01	3.56e-02	1.57e-06	0.00e+00	0.00e+00	0.00e+00	0.00e+00	0.00e+00	1.48e-74
 1.58775e+13	7.48e-25	7.39e-18	1.01e-11	1.74e-06	9.67e-01	3.30e-02	1.35e-06	0.00e+00	0.00e+00	0.00e+00	0.00e+00	0.00e+00	3.42e-74
 1.64976e+13	1.00e-24	9.22e-18	1.18e-11	1.88e-06	9.69e-01	3.07e-02	1.16e-06	0.00e+00	0.00e+00	0.00e+00	0.00e+00	0.00e+00	7.61e-74
 1.70776e+13	1.31e-24	1.13e-17	1.35e-11	2.01e-06	9.71e-01	2.88e-02	1.02e-06	0.00e+00	0.00e+00	0.00e+00	0.00e+00	0.00e+00	1.57e-73
 1.77256e+13	1.74e-24	1.40e-17	1.56e-11	2.17e-06	9.73e-01	2.68e-02	8.85e-07	0.00e+00	0.00e+00	0.00e+00	0.00e+00	0.00e+00	3.42e-73
 1.84646e+13	2.38e-24	1.77e-17	1.83e-11	2.35e-06	9.75e-01	2.48e-02	0.00e+00	0.00e+00	0.00e+00	0.00e+00	0.00e+00	0.00e+00	8.04e-73
 1.91984e+13	3.21e-24	2.22e-17	2.12e-11	2.54e-06	9.77e-01	2.31e-02	0.00e+00	0.00e+00	0.00e+00	0.00e+00	0.00e+00	0.00e+00	1.83e-72
 1.99615e+13	4.34e-24	2.78e-17	2.47e-11	2.74e-06	9.79e-01	2.14e-02	0.00e+00	0.00e+00	0.00e+00	0.00e+00	0.00e+00	0.00e+00	4.15e-72
 2.07899e+13	5.94e-24	3.52e-17	2.90e-11	2.97e-06	9.80e-01	1.98e-02	0.00e+00	0.00e+00	0.00e+00	0.00e+00	0.00e+00	0.00e+00	9.77e-72
 2.16514e+13	8.13e-24	4.46e-17	3.40e-11	3.22e-06	9.82e-01	1.83e-02	0.00e+00	0.00e+00	0.00e+00	0.00e+00	0.00e+00	0.00e+00	2.30e-71
 2.24853e+13	1.09e-23	5.56e-17	3.94e-11	3.48e-06	9.83e-01	1.71e-02	0.00e+00	0.00e+00	0.00e+00	0.00e+00	1.78e-17	3.78e-17	5.10e-71
 2.32691e+13	1.42e-23	6.79e-17	4.51e-11	3.72e-06	9.84e-01	1.60e-02	0.00e+00	0.00e+00	0.00e+00	0.00e+00	2.25e-17	4.54e-17	1.05e-70
 2.41462e+13	1.89e-23	8.42e-17	5.22e-11	4.01e-06	9.85e-01	1.49e-02	0.00e+00	0.00e+00	0.00e+00	0.00e+00	2.80e-17	5.63e-17	2.30e-70
 2.50304e+13	2.49e-23	1.04e-16	6.01e-11	4.30e-06	9.86e-01	1.39e-02	0.00e+00	0.00e+00	0.00e+00	0.00e+00	3.45e-17	6.94e-17	4.91e-70
 2.57639e+13	3.12e-23	1.23e-16	6.73e-11	4.56e-06	9.87e-01	1.31e-02	0.00e+00	0.00e+00	0.00e+00	0.00e+00	4.08e-17	8.21e-17	9.05e-70
 2.65402e+13	3.92e-23	1.46e-16	7.56e-11	4.84e-06	9.88e-01	1.24e-02	0.00e+00	0.00e+00	0.00e+00	0.00e+00	4.85e-17	9.77e-17	1.69e-69
 2.75335e+13	5.21e-23	1.81e-16	8.74e-11	5.21e-06	9.88e-01	1.15e-02	0.00e+00	0.00e+00	0.00e+00	0.00e+00	6.01e-17	1.21e-16	3.67e-69
 2.85756e+13	6.94e-23	2.25e-16	1.01e-10	5.61e-06	9.89e-01	1.07e-02	0.00e+00	0.00e+00	0.00e+00	0.00e+00	7.47e-17	1.50e-16	8.13e-69
 2.94968e+13	8.88e-23	2.71e-16	1.15e-10	5.98e-06	9.90e-01	1.01e-02	0.00e+00	0.00e+00	0.00e+00	0.00e+00	8.99e-17	1.81e-16	1.57e-68
 3.04939e+13	1.15e-22	3.29e-16	1.31e-10	6.39e-06	9.91e-01	9.42e-03	0.00e+00	0.00e+00	0.00e+00	0.00e+00	1.09e-16	2.20e-16	3.17e-68
 3.16935e+13	1.55e-22	4.12e-16	1.53e-10	6.91e-06	9.91e-01	8.72e-03	0.00e+00	0.00e+00	0.00e+00	0.00e+00	1.37e-16	2.75e-16	7.14e-68
 3.29090e+13	2.07e-22	5.13e-16	1.77e-10	7.46e-06	9.92e-01	8.10e-03	0.00e+00	0.00e+00	0.00e+00	0.00e+00	1.70e-16	3.43e-16	1.58e-67
 3.40463e+13	2.69e-22	6.26e-16	2.03e-10	7.99e-06	9.92e-01	7.57e-03	0.00e+00	0.00e+00	0.00e+00	0.00e+00	2.08e-16	4.18e-16	3.23e-67
 3.53112e+13	3.57e-22	7.75e-16	2.34e-10	8.60e-06	9.93e-01	7.04e-03	0.00e+00	0.00e+00	0.00e+00	0.00e+00	2.57e-16	5.18e-16	6.95e-67
 3.66531e+13	4.76e-22	9.64e-16	2.72e-10	9.28e-06	9.93e-01	6.53e-03	0.00e+00	0.00e+00	0.00e+00	0.00e+00	3.20e-16	6.44e-16	1.52e-66
 3.78459e+13	6.09e-22	1.16e-15	3.09e-10	9.91e-06	9.94e-01	6.12e-03	0.00e+00	0.00e+00	0.00e+00	0.00e+00	3.86e-16	7.77e-16	2.98e-66
 3.91290e+13	7.88e-22	1.41e-15	3.53e-10	1.06e-05	9.94e-01	5.73e-03	0.00e+00	0.00e+00	0.00e+00	0.00e+00	4.69e-16	9.44e-16	6.01e-66
 4.06663e+13	1.06e-21	1.77e-15	4.11e-10	1.15e-05	9.95e-01	5.30e-03	0.00e+00	0.00e+00	0.00e+00	0.00e+00	5.87e-16	1.18e-15	1.35e-65
 4.21791e+13	1.41e-21	2.19e-15	4.76e-10	1.24e-05	9.95e-01	4.92e-03	0.00e+00	0.00e+00	0.00e+00	0.00e+00	7.27e-16	1.47e-15	2.90e-65
 4.35263e+13	1.79e-21	2.64e-15	5.39e-10	1.32e-05	9.95e-01	4.62e-03	0.00e+00	0.00e+00	0.00e+00	0.00e+00	8.74e-16	1.76e-15	5.61e-65
 4.50134e+13	2.32e-21	3.21e-15	6.17e-10	1.41e-05	9.96e-01	4.32e-03	0.00e+00	0.00e+00	0.00e+00	0.00e+00	1.06e-15	2.14e-15	1.13e-64
 4.67859e+13	3.13e-21	4.02e-15	7.20e-10	1.53e-05	9.96e-01	3.99e-03	0.00e+00	0.00e+00	0.00e+00	0.00e+00	1.33e-15	2.69e-15	2.54e-64
 4.85462e+13	4.16e-21	4.99e-15	8.35e-10	1.65e-05	9.96e-01	3.70e-03	0.00e+00	0.00e+00	0.00e+00	0.00e+00	1.66e-15	3.34e-15	5.53e-64
 5.01564e+13	5.35e-21	6.05e-15	9.51e-10	1.76e-05	9.97e-01	3.47e-03	0.00e+00	0.00e+00	0.00e+00	0.00e+00	2.00e-15	4.04e-15	1.10e-63
 5.19550e+13	7.03e-21	7.43e-15	1.10e-09	1.90e-05	9.97e-01	3.23e-03	0.00e+00	0.00e+00	0.00e+00	0.00e+00	2.46e-15	4.97e-15	2.29e-63
 5.40461e+13	9.52e-21	9.36e-15	1.28e-09	2.06e-05	9.97e-01	2.98e-03	0.00e+00	0.00e+00	0.00e+00	0.00e+00	3.10e-15	6.26e-15	5.25e-63
 5.60985e+13	1.27e-20	1.16e-14	1.49e-09	2.22e-05	9.97e-01	2.76e-03	0.00e+00	0.00e+00	0.00e+00	0.00e+00	3.86e-15	7.79e-15	1.15e-62
 5.80402e+13	1.65e-20	1.42e-14	1.71e-09	2.38e-05	9.97e-01	2.58e-03	0.00e+00	0.00e+00	0.00e+00	0.00e+00	4.71e-15	9.51e-15	2.35e-62
 6.01988e+13	2.19e-20	1.76e-14	1.98e-09	2.57e-05	9.98e-01	2.39e-03	0.00e+00	0.00e+00	0.00e+00	0.00e+00	5.84e-15	1.18e-14	5.07e-62
 6.26367e+13	2.98e-20	2.22e-14	2.32e-09	2.78e-05	9.98e-01	2.21e-03	0.00e+00	0.00e+00	0.00e+00	0.00e+00	7.36e-15	1.49e-14	1.17e-61
 6.49504e+13	3.95e-20	2.75e-14	2.68e-09	3.00e-05	9.98e-01	2.05e-03	0.00e+00	0.00e+00	0.00e+00	0.00e+00	9.11e-15	1.84e-14	2.52e-61
 6.70570e+13	5.05e-20	3.32e-14	3.04e-09	3.20e-05	9.98e-01	1.92e-03	0.00e+00	0.00e+00	0.00e+00	0.00e+00	1.10e-14	2.22e-14	4.94e-61
 6.94394e+13	6.62e-20	4.07e-14	3.50e-09	3.44e-05	9.98e-01	1.79e-03	0.00e+00	0.00e+00	0.00e+00	0.00e+00	1.35e-14	2.72e-14	1.03e-60
 7.22167e+13	8.98e-20	5.13e-14	4.10e-09	3.73e-05	9.98e-01	1.65e-03	0.00e+00	0.00e+00	0.00e+00	0.00e+00	1.70e-14	3.43e-14	2.37e-60
 7.48840e+13	1.19e-19	6.35e-14	4.73e-09	4.01e-05	9.98e-01	1.53e-03	0.00e+00	0.00e+00	0.00e+00	0.00e+00	2.10e-14	4.25e-14	5.12e-60
 7.73014e+13	1.52e-19	7.66e-14	5.38e-09	4.28e-05	9.99e-01	1.44e-03	0.00e+00	0.00e+00	0.00e+00	0.00e+00	2.53e-14	5.12e-14	1.01e-59
 7.95755e+13	1.91e-19	9.08e-14	6.04e-09	4.54e-05	9.99e-01	1.36e-03	0.00e+00	0.00e+00	0.00e+00	0.00e+00	3.00e-14	6.08e-14	1.87e-59
 8.20903e+13	2.43e-19	1.09e-13	6.84e-09	4.84e-05	9.99e-01	1.27e-03	0.00e+00	0.00e+00	0.00e+00	0.00e+00	3.61e-14	7.30e-14	3.62e-59
 8.49032e+13	3.16e-19	1.33e-13	7.82e-09	5.18e-05	9.99e-01	1.19e-03	0.00e+00	0.00e+00	0.00e+00	0.00e+00	4.40e-14	8.90e-14	7.41e-59
 8.75645e+13	4.03e-19	1.60e-13	8.85e-09	5.51e-05	9.99e-01	1.12e-03	0.00e+00	0.00e+00	0.00e+00	0.00e+00	5.27e-14	1.07e-13	1.44e-58
 9.04853e+13	5.20e-19	1.94e-13	1.01e-08	5.90e-05	9.99e-01	1.05e-03	0.00e+00	0.00e+00	0.00e+00	0.00e+00	6.40e-14	1.30e-13	2.89e-58
 9.37523e+13	6.86e-19	2.39e-13	1.16e-08	6.34e-05	9.99e-01	9.73e-04	0.00e+00	0.00e+00	0.00e+00	0.00e+00	7.89e-14	1.60e-13	6.18e-58
 9.68342e+13	8.83e-19	2.89e-13	1.32e-08	6.77e-05	9.99e-01	9.11e-04	0.00e+00	0.00e+00	0.00e+00	0.00e+00	9.54e-14	1.93e-13	1.24e-57
 1.00205e+14	1.15e-18	3.54e-13	1.52e-08	7.25e-05	9.99e-01	8.50e-04	0.00e+00	0.00e+00	0.00e+00	0.00e+00	1.17e-13	2.37e-13	2.57e-57
 1.03934e+14	1.54e-18	4.39e-13	1.76e-08	7.81e-05	9.99e-01	7.90e-04	0.00e+00	0.00e+00	0.00e+00	0.00e+00	1.45e-13	2.94e-13	5.63e-57
 1.07382e+14	1.98e-18	5.32e-13	2.00e-08	8.35e-05	9.99e-01	7.39e-04	0.00e+00	0.00e+00	0.00e+00	0.00e+00	1.76e-13	3.56e-13	1.14e-56
 1.11121e+14	2.59e-18	6.51e-13	2.29e-08	8.95e-05	9.99e-01	6.90e-04	0.00e+00	0.00e+00	0.00e+00	0.00e+00	2.15e-13	4.36e-13	2.36e-56
 1.15295e+14	3.45e-18	8.09e-13	2.66e-08	9.65e-05	9.99e-01	6.40e-04	0.00e+00	0.00e+00	0.00e+00	0.00e+00	2.67e-13	5.42e-13	5.21e-56
 1.19214e+14	4.48e-18	9.86e-13	3.04e-08	1.03e-04	9.99e-01	5.98e-04	0.00e+00	0.00e+00	0.00e+00	0.00e+00	3.25e-13	6.61e-13	1.07e-55
 1.23486e+14	5.90e-18	1.21e-12	3.50e-08	1.11e-04	9.99e-01	5.57e-04	0.00e+00	0.00e+00	0.00e+00	0.00e+00	4.00e-13	8.14e-13	2.28e-55
 1.28239e+14	7.91e-18	1.52e-12	4.07e-08	1.20e-04	9.99e-01	5.15e-04	0.00e+00	0.00e+00	0.00e+00	0.00e+00	5.00e-13	1.02e-12	5.11e-55
 1.32686e+14	1.03e-17	1.85e-12	4.67e-08	1.28e-04	9.99e-01	4.81e-04	0.00e+00	0.00e+00	0.00e+00	0.00e+00	6.11e-13	1.24e-12	1.06e-54
 1.37505e+14	1.36e-17	2.29e-12	5.39e-08	1.38e-04	9.99e-01	4.47e-04	0.00e+00	0.00e+00	0.00e+00	0.00e+00	7.53e-13	1.53e-12	2.27e-54
 1.42889e+14	1.83e-17	2.87e-12	6.28e-08	1.50e-04	9.99e-01	4.13e-04	0.00e+00	0.00e+00	0.00e+00	0.00e+00	9.44e-13	1.92e-12	5.18e-54
 1.48015e+14	2.41e-17	3.53e-12	7.24e-08	1.61e-04	9.99e-01	3.84e-04	0.00e+00	0.00e+00	0.00e+00	0.00e+00	1.16e-12	2.37e-12	1.10e-53
 1.53493e+14	3.19e-17	4.37e-12	8.38e-08	1.73e-04	9.99e-01	3.56e-04	0.00e+00	0.00e+00	0.00e+00	0.00e+00	1.44e-12	2.93e-12	2.38e-53
 1.59662e+14	4.31e-17	5.50e-12	9.82e-08	1.88e-04	9.99e-01	3.28e-04	0.00e+00	0.00e+00	0.00e+00	0.00e+00	1.81e-12	3.69e-12	5.47e-53
 1.65758e+14	5.75e-17	6.85e-12	1.14e-07	2.04e-04	9.99e-01	3.04e-04	0.00e+00	4.73e-18	1.42e-17	2.38e-17	2.25e-12	4.60e-12	1.21e-52
 1.72097e+14	7.66e-17	8.52e-12	1.33e-07	2.20e-04	9.99e-01	2.81e-04	0.00e+00	6.31e-18	1.89e-17	3.16e-17	2.80e-12	5.72e-12	2.68e-52
 1.78809e+14	1.02e-16	1.06e-11	1.55e-07	2.39e-04	1.00e+00	2.59e-04	0.00e+00	8.44e-18	2.53e-17	4.23e-17	3.49e-12	7.15e-12	5.99e-52
 1.84428e+14	1.30e-16	1.28e-11	1.76e-07	2.55e-04	1.00e+00	2.43e-04	0.00e+00	1.07e-17	3.21e-17	5.36e-17	4.18e-12	8.57e-12	1.15e-51
 1.88766e+14	1.54e-16	1.46e-11	1.93e-07	2.68e-04	1.00e+00	2.31e-04	0.00e+00	1.27e-17	3.82e-17	6.39e-17	4.78e-12	9.81e-12	1.87e-51
 1.93463e+14	1.86e-16	1.68e-11	2.13e-07	2.82e-04	9.99e-01	2.19e-04	0.00e+00	1.53e-17	4.60e-17	7.69e-17	5.51e-12	1.13e-11	3.12e-51
 1.99570e+14	2.34e-16	2.01e-11	2.42e-07	3.02e-04	9.99e-01	2.05e-04	0.00e+00	1.93e-17	5.81e-17	9.70e-17	6.59e-12	1.35e-11	5.96e-51
 2.06201e+14	2.99e-16	2.43e-11	2.77e-07	3.24e-04	9.99e-01	1.91e-04	0.00e+00	2.47e-17	7.41e-17	1.24e-16	7.96e-12	1.63e-11	1.17e-50
 2.12193e+14	3.70e-16	2.86e-11	3.11e-07	3.44e-04	9.99e-01	1.80e-04	0.00e+00	3.05e-17	9.17e-17	1.53e-16	9.37e-12	1.92e-11	2.12e-50
 2.18661e+14	4.61e-16	3.40e-11	3.51e-07	3.67e-04	9.99e-01	1.69e-04	0.00e+00	3.81e-17	1.14e-16	1.91e-16	1.11e-11	2.29e-11	3.94e-50
 2.26779e+14	6.03e-16	4.19e-11	4.07e-07	3.98e-04	9.99e-01	1.56e-04	0.00e+00	4.99e-17	1.50e-16	2.50e-16	1.37e-11	2.82e-11	8.36e-50
 2.34944e+14	7.81e-16	5.12e-11	4.70e-07	4.30e-04	9.99e-01	1.44e-04	0.00e+00	6.46e-17	1.94e-16	3.24e-16	1.67e-11	3.44e-11	1.73e-49
 2.41894e+14	9.65e-16	6.04e-11	5.29e-07	4.58e-04	9.99e-01	1.35e-04	0.00e+00	7.99e-17	2.40e-16	4.01e-16	1.98e-11	4.06e-11	3.14e-49
 2.49362e+14	1.20e-15	7.16e-11	5.99e-07	4.90e-04	9.99e-01	1.27e-04	0.00e+00	9.93e-17	2.98e-16	4.98e-16	2.34e-11	4.82e-11	5.80e-49
 2.58670e+14	1.56e-15	8.81e-11	6.96e-07	5.32e-04	9.99e-01	1.17e-04	0.00e+00	1.29e-16	3.89e-16	6.49e-16	2.88e-11	5.93e-11	1.23e-48
 2.68272e+14	2.02e-15	1.08e-10	8.08e-07	5.77e-04	9.99e-01	1.08e-04	0.00e+00	1.68e-16	5.04e-16	8.42e-16	3.53e-11	7.27e-11	2.57e-48
 2.76833e+14	2.53e-15	1.29e-10	9.19e-07	6.19e-04	9.99e-01	1.01e-04	0.00e+00	2.10e-16	6.30e-16	1.05e-15	4.21e-11	8.67e-11	4.86e-48
 2.86138e+14	3.18e-15	1.55e-10	1.05e-06	6.67e-04	9.99e-01	9.35e-05	0.00e+00	2.64e-16	7.94e-16	1.33e-15	5.05e-11	1.04e-10	9.43e-48
 2.97240e+14	4.15e-15	1.91e-10	1.23e-06	7.27e-04	9.99e-01	8.59e-05	0.00e+00	3.46e-16	1.04e-15	1.73e-15	6.25e-11	1.29e-10	2.05e-47
 3.08176e+14	5.33e-15	2.33e-10	1.42e-06	7.89e-04	9.99e-01	7.93e-05	0.00e+00	4.44e-16	1.33e-15	2.23e-15	7.62e-11	1.57e-10	4.25e-47
 3.18010e+14	6.61e-15	2.77e-10	1.62e-06	8.48e-04	9.99e-01	7.39e-05	0.00e+00	5.52e-16	1.66e-15	2.77e-15	9.05e-11	1.86e-10	7.98e-47
 3.28914e+14	8.34e-15	3.33e-10	1.85e-06	9.15e-04	9.99e-01	6.85e-05	0.00e+00	6.96e-16	2.09e-15	3.49e-15	1.09e-10	2.24e-10	1.58e-46
 3.41794e+14	1.08e-14	4.11e-10	2.17e-06	9.99e-04	9.99e-01	6.29e-05	0.00e+00	9.06e-16	2.72e-15	4.54e-15	1.34e-10	2.77e-10	3.44e-46
 3.54523e+14	1.39e-14	5.02e-10	2.52e-06	1.09e-03	9.99e-01	5.79e-05	0.00e+00	1.16e-15	3.49e-15	5.83e-15	1.64e-10	3.38e-10	7.21e-46
 3.66283e+14	1.73e-14	5.99e-10	2.87e-06	1.17e-03	9.99e-01	5.39e-05	0.00e+00	1.45e-15	4.35e-15	7.26e-15	1.96e-10	4.03e-10	1.40e-45
 3.79487e+14	2.19e-14	7.26e-10	3.31e-06	1.27e-03	9.99e-01	4.98e-05	0.00e+00	1.84e-15	5.52e-15	9.22e-15	2.37e-10	4.88e-10	2.86e-45
 3.94697e+14	2.85e-14	8.97e-10	3.88e-06	1.39e-03	9.99e-01	4.56e-05	0.00e+00	2.39e-15	7.19e-15	1.20e-14	2.93e-10	6.04e-10	6.37e-45
 4.09579e+14	3.64e-14	1.10e-09	4.51e-06	1.51e-03	9.98e-01	4.20e-05	0.00e+00	3.06e-15	9.20e-15	1.54e-14	3.58e-10	7.37e-10	1.36e-44
 4.25057e+14	4.65e-14	1.34e-09	5.24e-06	1.65e-03	9.98e-01	3.86e-05	0.00e+00	3.92e-15	1.18e-14	1.97e-14	4.38e-10	9.00e-10	2.89e-44
 4.42089e+14	6.03e-14	1.65e-09	6.13e-06	1.80e-03	9.98e-01	3.54e-05	0.00e+00	5.09e-15	1.53e-14	2.55e-14	5.41e-10	1.11e-09	6.47e-44
 4.56493e+14	7.45e-14	1.96e-09	6.98e-06	1.94e-03	9.98e-01	3.30e-05	0.00e+00	6.29e-15	1.89e-14	3.16e-14	6.42e-10	1.32e-09	1.25e-43
 4.67014e+14	8.64e-14	2.22e-09	7.64e-06	2.04e-03	9.98e-01	3.13e-05	0.00e+00	7.30e-15	2.19e-14	3.66e-14	7.26e-10	1.49e-09	2.00e-43
 4.78055e+14	1.01e-13	2.51e-09	8.39e-06	2.15e-03	9.98e-01	2.98e-05	0.00e+00	8.52e-15	2.56e-14	4.27e-14	8.23e-10	1.69e-09	3.23e-43
 4.92409e+14	1.22e-13	2.94e-09	9.45e-06	2.30e-03	9.98e-01	2.79e-05	0.00e+00	1.04e-14	3.11e-14	5.19e-14	9.65e-10	1.98e-09	5.95e-43
 5.08243e+14	1.50e-13	3.49e-09	1.07e-05	2.48e-03	9.97e-01	2.60e-05	0.00e+00	1.28e-14	3.83e-14	6.40e-14	1.14e-09	2.35e-09	1.17e-42
 5.22893e+14	1.81e-13	4.07e-09	1.20e-05	2.64e-03	9.97e-01	2.44e-05	0.00e+00	1.54e-14	4.62e-14	7.71e-14	1.33e-09	2.73e-09	2.11e-42
 5.38833e+14	2.21e-13	4.78e-09	1.36e-05	2.83e-03	9.97e-01	2.29e-05	0.00e+00	1.88e-14	5.63e-14	9.40e-14	1.57e-09	3.21e-09	3.97e-42
 5.56745e+14	2.73e-13	5.70e-09	1.54e-05	3.05e-03	9.97e-01	2.13e-05	0.00e+00	2.33e-14	6.98e-14	1.17e-13	1.87e-09	3.83e-09	8.00e-42
 5.73794e+14	3.33e-13	6.71e-09	1.74e-05	3.26e-03	9.97e-01	2.00e-05	0.00e+00	2.84e-14	8.51e-14	1.42e-13	2.20e-09	4.51e-09	1.53e-41
 5.92530e+14	3.92e-13	7.97e-09	1.98e-05	3.51e-03	9.96e-01	1.86e-05	0.00e+00	3.35e-14	1.01e-13	1.68e-13	2.62e-09	5.36e-09	3.02e-41
 6.13481e+14	4.91e-13	9.63e-09	2.28e-05	3.80e-03	9.96e-01	1.73e-05	0.00e+00	4.20e-14	1.26e-13	2.10e-13	3.16e-09	6.47e-09	6.39e-41
 6.33377e+14	6.02e-13	1.14e-08	2.58e-05	4.09e-03	9.96e-01	1.62e-05	0.00e+00	5.15e-14	1.55e-13	2.58e-13	3.76e-09	7.68e-09	1.27e-40
 6.55306e+14	7.49e-13	1.38e-08	2.96e-05	4.42e-03	9.96e-01	1.51e-05	0.00e+00	6.42e-14	1.93e-13	3.22e-13	4.52e-09	9.24e-09	2.65e-40
 6.79908e+14	9.51e-13	1.68e-08	3.43e-05	4.80e-03	9.95e-01	1.40e-05	0.00e+00	8.15e-14	2.45e-13	4.09e-13	5.53e-09	1.13e-08	5.91e-40
 7.03165e+14	1.18e-12	2.02e-08	3.92e-05	5.18e-03	9.95e-01	1.30e-05	0.00e+00	1.01e-13	3.04e-13	5.07e-13	6.64e-09	1.36e-08	1.22e-39
 7.28513e+14	1.48e-12	2.45e-08	4.51e-05	5.61e-03	9.94e-01	1.21e-05	0.00e+00	1.27e-13	3.82e-13	6.38e-13	8.06e-09	1.65e-08	2.64e-39
 7.56661e+14	1.88e-12	3.02e-08	5.25e-05	6.11e-03	9.94e-01	1.12e-05	0.00e+00	1.62e-13	4.87e-13	8.13e-13	9.94e-09	2.03e-08	6.03e-39
 7.82962e+14	2.35e-12	3.65e-08	6.02e-05	6.59e-03	9.93e-01	1.05e-05	0.00e+00	2.03e-13	6.08e-13	1.02e-12	1.20e-08	2.45e-08	1.27e-38
 8.11339e+14	2.95e-12	4.44e-08	6.93e-05	7.14e-03	9.93e-01	9.78e-06	0.00e+00	2.55e-13	7.65e-13	1.28e-12	1.46e-08	2.98e-08	2.75e-38
 8.43112e+14	3.78e-12	5.49e-08	8.08e-05	7.79e-03	9.92e-01	9.09e-06	0.00e+00	3.26e-13	9.80e-13	1.64e-12	1.81e-08	3.68e-08	6.33e-38
 8.73679e+14	4.75e-12	6.70e-08	9.32e-05	8.43e-03	9.91e-01	8.50e-06	0.00e+00	4.11e-13	1.23e-12	2.06e-12	2.21e-08	4.49e-08	1.38e-37
 9.06180e+14	6.00e-12	8.22e-08	1.08e-04	9.16e-03	9.91e-01	7.96e-06	0.00e+00	5.19e-13	1.56e-12	2.60e-12	2.71e-08	5.51e-08	3.03e-37
 9.42457e+14	7.72e-12	1.02e-07	1.26e-04	9.99e-03	9.90e-01	7.41e-06	0.00e+00	6.69e-13	2.01e-12	3.35e-12	3.37e-08	6.86e-08	7.10e-37
 9.72989e+14	9.39e-12	1.22e-07	1.43e-04	1.07e-02	9.89e-01	7.02e-06	0.00e+00	8.15e-13	2.45e-12	4.08e-12	4.03e-08	8.20e-08	1.41e-36
 9.94934e+14	1.08e-11	1.39e-07	1.57e-04	1.13e-02	9.89e-01	6.77e-06	0.00e+00	9.38e-13	2.82e-12	4.70e-12	4.57e-08	9.29e-08	2.29e-36
 1.01772e+15	1.25e-11	1.58e-07	1.72e-04	1.19e-02	9.88e-01	6.51e-06	0.00e+00	1.09e-12	3.26e-12	5.44e-12	5.20e-08	1.06e-07	3.74e-36
 1.04735e+15	1.50e-11	1.85e-07	1.93e-04	1.27e-02	9.87e-01	6.20e-06	0.00e+00	1.31e-12	3.93e-12	6.56e-12	6.11e-08	1.24e-07	6.95e-36
 1.08040e+15	1.83e-11	2.21e-07	2.18e-04	1.36e-02	9.86e-01	5.89e-06	0.00e+00	1.60e-12	4.79e-12	7.99e-12	7.28e-08	1.48e-07	1.36e-35
 1.11136e+15	2.19e-11	2.59e-07	2.45e-04	1.44e-02	9.85e-01	5.64e-06	0.00e+00	1.91e-12	5.74e-12	9.58e-12	8.56e-08	1.74e-07	2.49e-35
 1.14506e+15	2.65e-11	3.07e-07	2.76e-04	1.54e-02	9.84e-01	5.39e-06	0.00e+00	2.31e-12	6.95e-12	1.16e-11	1.01e-07	2.06e-07	4.75e-35
 1.18275e+15	3.26e-11	3.69e-07	3.14e-04	1.66e-02	9.83e-01	5.14e-06	0.00e+00	2.84e-12	8.54e-12	1.42e-11	1.22e-07	2.47e-07	9.49e-35
 1.21830e+15	3.92e-11	4.37e-07	3.54e-04	1.77e-02	9.82e-01	4.93e-06	0.00e+00	3.43e-12	1.03e-11	1.72e-11	1.44e-07	2.93e-07	1.78e-34
 1.25717e+15	4.79e-11	5.24e-07	4.02e-04	1.90e-02	9.81e-01	4.73e-06	0.00e+00	4.19e-12	1.26e-11	2.10e-11	1.73e-07	3.51e-07	3.48e-34
 1.30073e+15	5.93e-11	6.36e-07	4.62e-04	2.05e-02	9.79e-01	4.52e-06	0.00e+00	5.19e-12	1.56e-11	2.60e-11	2.10e-07	4.26e-07	7.14e-34
 1.34205e+15	7.22e-11	7.62e-07	5.24e-04	2.20e-02	9.77e-01	4.35e-06	0.00e+00	6.33e-12	1.90e-11	3.17e-11	2.52e-07	5.10e-07	1.38e-33
 1.38743e+15	8.91e-11	9.23e-07	6.00e-04	2.37e-02	9.76e-01	4.17e-06	0.00e+00	7.82e-12	2.35e-11	3.91e-11	3.05e-07	6.18e-07	2.79e-33
 1.43800e+15	1.12e-10	1.13e-06	6.93e-04	2.56e-02	9.74e-01	4.00e-06	0.00e+00	9.80e-12	2.94e-11	4.90e-11	3.75e-07	7.59e-07	5.88e-33
 1.48507e+15	1.36e-10	1.36e-06	7.90e-04	2.76e-02	9.72e-01	3.87e-06	0.00e+00	1.20e-11	3.59e-11	5.99e-11	4.51e-07	9.13e-07	1.15e-32
 1.53600e+15	1.68e-10	1.66e-06	9.07e-04	2.97e-02	9.69e-01	3.74e-06	0.00e+00	1.48e-11	4.45e-11	7.42e-11	5.48e-07	1.11e-06	2.32e-32
 1.59288e+15	2.11e-10	2.04e-06	1.05e-03	3.22e-02	9.67e-01	3.60e-06	0.00e+00	1.86e-11	5.58e-11	9.30e-11	6.76e-07	1.37e-06	4.88e-32
 1.64608e+15	2.59e-10	2.47e-06	1.20e-03	3.47e-02	9.64e-01	3.50e-06	0.00e+00	2.28e-11	6.84e-11	1.14e-10	8.17e-07	1.65e-06	9.53e-32
 1.70383e+15	3.21e-10	3.02e-06	1.38e-03	3.75e-02	9.61e-01	3.39e-06	0.00e+00	2.83e-11	8.50e-11	1.42e-10	9.98e-07	2.02e-06	1.93e-31
 1.76527e+15	3.99e-10	3.70e-06	1.60e-03	4.05e-02	9.58e-01	3.29e-06	0.00e+00	3.53e-11	1.06e-10	1.76e-10	1.22e-06	2.47e-06	3.92e-31
 1.81907e+15	4.81e-10	4.40e-06	1.81e-03	4.34e-02	9.55e-01	3.22e-06	0.00e+00	4.25e-11	1.28e-10	2.13e-10	1.46e-06	2.94e-06	7.17e-31
 1.86522e+15	5.59e-10	5.09e-06	2.00e-03	4.59e-02	9.52e-01	3.17e-06	0.00e+00	4.94e-11	1.48e-10	2.47e-10	1.68e-06	3.40e-06	1.18e-30
 1.91386e+15	6.62e-10	5.92e-06	2.23e-03	4.86e-02	9.49e-01	3.11e-06	0.00e+00	5.86e-11	1.76e-10	2.93e-10	1.96e-06	3.96e-06	2.00e-30
 1.97708e+15	8.14e-10	7.16e-06	2.55e-03	5.23e-02	9.45e-01	3.04e-06	0.00e+00	7.21e-11	2.16e-10	3.61e-10	2.37e-06	4.79e-06	3.86e-30
 2.04040e+15	9.89e-10	8.59e-06	2.90e-03	5.62e-02	9.41e-01	2.97e-06	0.00e+00	8.77e-11	2.63e-10	4.39e-10	2.85e-06	5.74e-06	7.17e-30
 2.09121e+15	1.16e-09	9.92e-06	3.21e-03	5.94e-02	9.37e-01	2.94e-06	0.00e+00	1.03e-10	3.08e-10	5.14e-10	3.29e-06	6.63e-06	1.16e-29
 2.14460e+15	1.37e-09	1.15e-05	3.56e-03	6.29e-02	9.34e-01	2.89e-06	0.00e+00	1.21e-10	3.64e-10	6.08e-10	3.82e-06	7.69e-06	1.92e-29
 2.21402e+15	1.68e-09	1.39e-05	4.07e-03	6.76e-02	9.28e-01	2.82e-06	0.00e+00	1.49e-10	4.48e-10	7.47e-10	4.60e-06	9.28e-06	3.62e-29
 2.28611e+15	2.07e-09	1.67e-05	4.64e-03	7.27e-02	9.23e-01	2.78e-06	0.00e+00	1.84e-10	5.53e-10	9.22e-10	5.55e-06	1.12e-05	6.70e-29
 2.34762e+15	2.45e-09	1.95e-05	5.18e-03	7.71e-02	9.18e-01	2.74e-06	0.00e+00	2.18e-10	6.55e-10	1.09e-09	6.48e-06	1.31e-05	1.11e-28
 2.41355e+15	2.95e-09	2.30e-05	5.81e-03	8.21e-02	9.12e-01	2.69e-06	0.00e+00	2.63e-10	7.89e-10	1.32e-09	7.64e-06	1.54e-05	1.91e-28
 2.49926e+15	3.75e-09	2.84e-05	6.73e-03	8.90e-02	9.04e-01	2.65e-06	0.00e+00	3.35e-10	1.01e-09	1.68e-09	9.41e-06	1.90e-05	3.78e-28
 2.58636e+15	4.69e-09	3.46e-05	7.75e-03	9.61e-02	8.96e-01	2.60e-06	0.00e+00	4.19e-10	1.26e-09	2.10e-09	1.15e-05	2.31e-05	7.16e-28
 2.65672e+15	5.60e-09	4.05e-05	8.66e-03	1.02e-01	8.89e-01	2.57e-06	0.00e+00	5.01e-10	1.50e-09	2.51e-09	1.34e-05	2.70e-05	1.17e-27
 2.72966e+15	6.76e-09	4.76e-05	9.71e-03	1.09e-01	8.82e-01	2.53e-06	0.00e+00	6.06e-10	1.82e-09	3.03e-09	1.58e-05	3.18e-05	1.97e-27
 2.82448e+15	8.48e-09	5.84e-05	1.12e-02	1.17e-01	8.71e-01	2.47e-06	0.00e+00	7.61e-10	2.28e-09	3.81e-09	1.94e-05	3.90e-05	3.79e-27
 2.92255e+15	1.07e-08	7.13e-05	1.29e-02	1.27e-01	8.60e-01	2.43e-06	0.00e+00	9.65e-10	2.90e-09	4.83e-09	2.37e-05	4.76e-05	7.02e-27
 3.00466e+15	1.29e-08	8.38e-05	1.45e-02	1.35e-01	8.51e-01	2.39e-06	0.00e+00	1.16e-09	3.47e-09	5.79e-09	2.79e-05	5.60e-05	1.15e-26
 3.09120e+15	1.57e-08	9.96e-05	1.64e-02	1.44e-01	8.40e-01	2.34e-06	0.00e+00	1.42e-09	4.25e-09	7.09e-09	3.31e-05	6.65e-05	1.96e-26
 3.18447e+15	1.95e-08	1.19e-04	1.86e-02	1.53e-01	8.28e-01	2.31e-06	0.00e+00	1.76e-09	5.27e-09	8.78e-09	3.94e-05	7.92e-05	3.33e-26
 3.26751e+15	2.34e-08	1.38e-04	2.07e-02	1.62e-01	8.17e-01	2.27e-06	0.00e+00	2.11e-09	6.33e-09	1.05e-08	4.59e-05	9.22e-05	5.22e-26
 3.34166e+15	2.73e-08	1.58e-04	2.28e-02	1.71e-01	8.06e-01	2.24e-06	0.00e+00	2.47e-09	7.41e-09	1.24e-08	5.24e-05	1.05e-04	7.74e-26
 3.42323e+15	3.24e-08	1.83e-04	2.53e-02	1.80e-01	7.94e-01	2.20e-06	0.00e+00	2.93e-09	8.80e-09	1.47e-08	6.08e-05	1.22e-04	1.20e-25
 3.51279e+15	3.92e-08	2.13e-04	2.83e-02	1.91e-01	7.81e-01	2.16e-06	0.00e+00	3.55e-09	1.07e-08	1.78e-08	7.09e-05	1.42e-04	1.89e-25
 3.59824e+15	4.64e-08	2.46e-04	3.14e-02	2.01e-01	7.68e-01	2.12e-06	0.00e+00	4.21e-09	1.26e-08	2.10e-08	8.19e-05	1.64e-04	2.87e-25
 3.68104e+15	5.48e-08	2.82e-04	3.46e-02	2.11e-01	7.54e-01	2.08e-06	0.00e+00	4.98e-09	1.49e-08	2.49e-08	9.39e-05	1.88e-04	4.27e-25
 3.77491e+15	6.66e-08	3.30e-04	3.88e-02	2.23e-01	7.38e-01	2.03e-06	0.00e+00	6.05e-09	1.82e-08	3.03e-08	1.10e-04	2.20e-04	6.75e-25
 3.87864e+15	8.21e-08	3.90e-04	4.37e-02	2.36e-01	7.20e-01	1.99e-06	0.00e+00	7.47e-09	2.24e-08	3.74e-08	1.30e-04	2.60e-04	1.08e-24
 3.97459e+15	9.91e-08	4.52e-04	4.86e-02	2.48e-01	7.03e-01	1.95e-06	0.00e+00	9.03e-09	2.71e-08	4.51e-08	1.50e-04	3.01e-04	1.63e-24
 4.06256e+15	1.16e-07	5.16e-04	5.36e-02	2.60e-01	6.86e-01	1.91e-06	0.00e+00	1.06e-08	3.18e-08	5.29e-08	1.72e-04	3.44e-04	2.36e-24
 4.16073e+15	1.42e-07	6.02e-04	5.99e-02	2.73e-01	6.66e-01	1.87e-06	0.00e+00	1.30e-08	3.90e-08	6.50e-08	2.00e-04	4.01e-04	3.68e-24
 4.26982e+15	1.74e-07	7.07e-04	6.73e-02	2.88e-01	6.44e-01	1.81e-06	0.00e+00	1.59e-08	4.78e-08	7.97e-08	2.36e-04	4.72e-04	5.78e-24
 4.37193e+15	2.11e-07	8.19e-04	7.49e-02	3.01e-01	6.23e-01	1.77e-06	0.00e+00	1.93e-08	5.80e-08	9.67e-08	2.73e-04	5.46e-04	8.62e-24
 4.46882e+15	2.50e-07	9.40e-04	8.29e-02	3.14e-01	6.02e-01	1.72e-06	0.00e+00	2.29e-08	6.88e-08	1.15e-07	3.13e-04	6.27e-04	1.26e-23
 4.58012e+15	3.13e-07	1.11e-03	9.34e-02	3.30e-01	5.76e-01	1.67e-06	0.00e+00	2.87e-08	8.61e-08	1.43e-07	3.70e-04	7.41e-04	2.03e-23
 4.69791e+15	3.84e-07	1.30e-03	1.05e-01	3.44e-01	5.49e-01	1.61e-06	0.00e+00	3.53e-08	1.06e-07	1.76e-07	4.34e-04	8.69e-04	3.10e-23
 4.80146e+15	4.62e-07	1.50e-03	1.17e-01	3.58e-01	5.24e-01	1.56e-06	0.00e+00	4.25e-08	1.27e-07	2.12e-07	5.00e-04	1.00e-03	4.42e-23
 4.89805e+15	5.59e-07	1.72e-03	1.29e-01	3.70e-01	5.00e-01	1.53e-06	0.00e+00	5.15e-08	1.54e-07	2.57e-07	5.73e-04	1.15e-03	6.45e-23
 4.99295e+15	6.63e-07	1.96e-03	1.41e-01	3.81e-01	4.76e-01	1.48e-06	0.00e+00	6.11e-08	1.83e-07	3.05e-07	6.53e-04	1.31e-03	9.28e-23
 5.10105e+15	8.10e-07	2.28e-03	1.57e-01	3.94e-01	4.47e-01	1.42e-06	0.00e+00	7.47e-08	2.24e-07	3.73e-07	7.59e-04	1.52e-03	1.42e-22
 5.21299e+15	9.95e-07	2.65e-03	1.75e-01	4.05e-01	4.17e-01	1.37e-06	0.00e+00	9.19e-08	2.76e-07	4.59e-07	8.83e-04	1.77e-03	2.17e-22
 5.30508e+15	1.18e-06	2.99e-03	1.92e-01	4.14e-01	3.92e-01	1.33e-06	0.00e+00	1.09e-07	3.26e-07	5.44e-07	9.96e-04	1.99e-03	3.03e-22
 5.39995e+15	1.40e-06	3.41e-03	2.10e-01	4.22e-01	3.65e-01	1.27e-06	0.00e+00	1.30e-07	3.90e-07	6.49e-07	1.14e-03	2.27e-03	4.40e-22
 5.49133e+15	1.65e-06	3.83e-03	2.29e-01	4.28e-01	3.40e-01	1.23e-06	0.00e+00	1.53e-07	4.58e-07	7.62e-07	1.28e-03	2.55e-03	6.11e-22
 5.55841e+15	1.87e-06	4.18e-03	2.43e-01	4.32e-01	3.21e-01	1.20e-06	0.00e+00	1.73e-07	5.19e-07	8.64e-07	1.39e-03	2.79e-03	7.89e-22
 5.62583e+15	2.15e-06	4.60e-03	2.59e-01	4.35e-01	3.01e-01	1.17e-06	0.00e+00	2.00e-07	5.99e-07	9.98e-07	1.53e-03	3.06e-03	1.05e-21
 5.69983e+15	2.44e-06	5.02e-03	2.77e-01	4.37e-01	2.80e-01	1.12e-06	0.00e+00	2.26e-07	6.79e-07	1.13e-06	1.68e-03	3.35e-03	1.35e-21
 5.77136e+15	2.84e-06	5.60e-03	2.97e-01	4.38e-01	2.59e-01	1.08e-06	0.00e+00	2.64e-07	7.90e-07	1.32e-06	1.87e-03	3.73e-03	1.89e-21
 5.83467e+15	3.20e-06	6.10e-03	3.14e-01	4.38e-01	2.41e-01	1.05e-06	0.00e+00	2.97e-07	8.91e-07	1.48e-06	2.03e-03	4.06e-03	2.46e-21
 5.88923e+15	3.55e-06	6.56e-03	3.30e-01	4.38e-01	2.25e-01	1.02e-06	0.00e+00	3.30e-07	9.89e-07	1.65e-06	2.19e-03	4.37e-03	3.09e-21
 5.95113e+15	3.97e-06	7.06e-03	3.48e-01	4.36e-01	2.08e-01	9.76e-07	0.00e+00	3.70e-07	1.11e-06	1.85e-06	2.36e-03	4.71e-03	3.85e-21
 6.03159e+15	4.67e-06	7.88e-03	3.74e-01	4.32e-01	1.86e-01	0.00e+00	0.00e+00	4.35e-07	1.31e-06	2.17e-06	2.63e-03	5.25e-03	5.46e-21
 6.10887e+15	5.45e-06	8.73e-03	3.99e-01	4.27e-01	1.65e-01	0.00e+00	0.00e+00	5.08e-07	1.52e-06	2.54e-06	2.91e-03	5.82e-03	7.62e-21
 6.16361e+15	6.19e-06	9.54e-03	4.20e-01	4.21e-01	1.50e-01	0.00e+00	0.00e+00	5.77e-07	1.73e-06	2.88e-06	3.18e-03	6.36e-03	1.04e-20
 6.20523e+15	6.72e-06	1.01e-02	4.34e-01	4.16e-01	1.39e-01	0.00e+00	0.00e+00	6.27e-07	1.88e-06	3.13e-06	3.37e-03	6.72e-03	1.26e-20
 6.24824e+15	7.39e-06	1.07e-02	4.50e-01	4.11e-01	1.29e-01	0.00e+00	0.00e+00	6.90e-07	2.07e-06	3.45e-06	3.57e-03	7.13e-03	1.54e-20
 6.30414e+15	8.33e-06	1.16e-02	4.71e-01	4.03e-01	1.15e-01	0.00e+00	0.00e+00	7.78e-07	2.33e-06	3.89e-06	3.87e-03	7.72e-03	2.04e-20
 6.36361e+15	9.47e-06	1.26e-02	4.93e-01	3.93e-01	1.01e-01	0.00e+00	0.00e+00	8.85e-07	2.65e-06	4.42e-06	4.19e-03	8.36e-03	2.71e-20
 6.41499e+15	1.05e-05	1.33e-02	5.12e-01	3.85e-01	9.04e-02	0.00e+00	0.00e+00	9.82e-07	2.94e-06	4.90e-06	4.45e-03	8.87e-03	3.31e-20
 6.46908e+15	1.19e-05	1.44e-02	5.33e-01	3.74e-01	7.90e-02	0.00e+00	0.00e+00	1.11e-06	3.34e-06	5.56e-06	4.79e-03	9.57e-03	4.36e-20
 6.52599e+15	1.36e-05	1.55e-02	5.54e-01	3.62e-01	6.81e-02	0.00e+00	0.00e+00	1.27e-06	3.81e-06	6.35e-06	5.18e-03	1.03e-02	5.83e-20
 6.57377e+15	1.55e-05	1.67e-02	5.74e-01	3.50e-01	5.90e-02	0.00e+00	0.00e+00	1.46e-06	4.37e-06	7.28e-06	5.59e-03	1.12e-02	7.97e-20
 6.61266e+15	1.72e-05	1.76e-02	5.89e-01	3.41e-01	5.26e-02	0.00e+00	0.00e+00	1.61e-06	4.83e-06	8.04e-06	5.88e-03	1.17e-02	9.73e-20
 6.65280e+15	1.87e-05	1.85e-02	6.04e-01	3.32e-01	4.65e-02	0.00e+00	0.00e+00	1.76e-06	5.26e-06	8.77e-06	6.17e-03	1.23e-02	1.16e-19
 6.70499e+15	2.18e-05	2.01e-02	6.24e-01	3.17e-01	3.86e-02	0.00e+00	0.00e+00	2.05e-06	6.15e-06	1.02e-05	6.70e-03	1.34e-02	1.67e-19
 6.75575e+15	2.45e-05	2.12e-02	6.42e-01	3.05e-01	3.26e-02	0.00e+00	0.00e+00	2.31e-06	6.91e-06	1.15e-05	7.09e-03	1.41e-02	2.10e-19
 6.80466e+15	2.92e-05	2.29e-02	6.61e-01	2.90e-01	2.67e-02	0.00e+00	0.00e+00	2.75e-06	8.25e-06	1.37e-05	7.66e-03	1.53e-02	3.08e-19
 6.84520e+15	3.22e-05	2.41e-02	6.74e-01	2.79e-01	2.29e-02	0.00e+00	0.00e+00	3.03e-06	9.09e-06	1.51e-05	8.06e-03	1.61e-02	3.84e-19
 6.86807e+15	3.40e-05	2.48e-02	6.81e-01	2.73e-01	2.09e-02	0.00e+00	0.00e+00	3.21e-06	9.62e-06	1.60e-05	8.29e-03	1.65e-02	4.37e-19
 6.89102e+15	3.57e-05	2.55e-02	6.89e-01	2.67e-01	1.91e-02	0.00e+00	0.00e+00	3.37e-06	1.01e-05	1.68e-05	8.52e-03	1.70e-02	4.89e-19
 6.92086e+15	3.90e-05	2.67e-02	6.99e-01	2.58e-01	1.66e-02	0.00e+00	0.00e+00	3.69e-06	1.10e-05	1.84e-05	8.91e-03	1.78e-02	6.11e-19
 6.95234e+15	4.22e-05	2.78e-02	7.09e-01	2.49e-01	1.44e-02	0.00e+00	0.00e+00	3.99e-06	1.19e-05	1.99e-05	9.28e-03	1.85e-02	7.41e-19
 6.98114e+15	4.59e-05	2.88e-02	7.18e-01	2.41e-01	1.27e-02	0.00e+00	0.00e+00	4.34e-06	1.30e-05	2.17e-05	9.63e-03	1.92e-02	8.90e-19
 7.01377e+15	4.97e-05	3.01e-02	7.28e-01	2.31e-01	1.08e-02	0.00e+00	0.00e+00	4.70e-06	1.41e-05	2.35e-05	1.01e-02	2.00e-02	1.10e-18
 7.04900e+15	5.37e-05	3.15e-02	7.37e-01	2.22e-01	9.16e-03	0.00e+00	0.00e+00	5.09e-06	1.53e-05	2.54e-05	1.05e-02	2.09e-02	1.36e-18
 7.08089e+15	5.83e-05	3.27e-02	7.46e-01	2.13e-01	7.84e-03	0.00e+00	0.00e+00	5.53e-06	1.66e-05	2.76e-05	1.09e-02	2.18e-02	1.66e-18
 7.11083e+15	6.21e-05	3.40e-02	7.54e-01	2.05e-01	6.75e-03	0.00e+00	0.00e+00	5.90e-06	1.77e-05	2.94e-05	1.14e-02	2.26e-02	2.00e-18
 7.14496e+15	6.73e-05	3.55e-02	7.63e-01	1.96e-01	5.65e-03	0.00e+00	0.00e+00	6.40e-06	1.92e-05	3.19e-05	1.19e-02	2.36e-02	2.49e-18
 7.18163e+15	7.31e-05	3.71e-02	7.71e-01	1.87e-01	4.69e-03	0.00e+00	0.00e+00	6.95e-06	2.08e-05	3.47e-05	1.24e-02	2.47e-02	3.14e-18
 7.21409e+15	7.86e-05	3.86e-02	7.78e-01	1.79e-01	3.96e-03	0.00e+00	0.00e+00	7.48e-06	2.24e-05	3.73e-05	1.29e-02	2.57e-02	3.85e-18
