#depth	C	C+	C+2	C+3	C+4	C+5	C+6	C[1]	C[2]	C[3]	C+[1]	C+[2]	CO
 1.49634e+10	6.33e-47	5.84e-36	7.29e-26	2.40e-16	4.51e-06	5.90e-02	9.41e-01	0.00e+00	0.00e+00	0.00e+00	0.00e+00	0.00e+00	4.29e-145
 4.54887e+10	0.00e+00	8.67e-36	9.99e-26	3.03e-16	5.26e-06	6.35e-02	9.36e-01	0.00e+00	0.00e+00	0.00e+00	0.00e+00	0.00e+00	1.07e-211
 7.72350e+10	1.63e-46	1.29e-35	1.37e-25	3.84e-16	6.15e-06	6.84e-02	9.32e-01	0.00e+00	0.00e+00	0.00e+00	0.00e+00	0.00e+00	4.58e-144
 1.10251e+11	0.00e+00	1.91e-35	1.88e-25	4.86e-16	7.19e-06	7.37e-02	9.26e-01	0.00e+00	0.00e+00	0.00e+00	0.00e+00	0.00e+00	4.28e-211
 1.44588e+11	4.21e-46	2.83e-35	2.57e-25	6.14e-16	8.40e-06	7.93e-02	9.21e-01	0.00e+00	0.00e+00	0.00e+00	0.00e+00	0.00e+00	4.88e-143
 1.80298e+11	0.00e+00	4.20e-35	3.52e-25	7.77e-16	9.82e-06	8.53e-02	9.15e-01	0.00e+00	0.00e+00	0.00e+00	0.00e+00	0.00e+00	1.69e-210
 2.17437e+11	1.09e-45	6.23e-35	4.83e-25	9.83e-16	1.15e-05	9.17e-02	9.08e-01	0.00e+00	0.00e+00	0.00e+00	0.00e+00	0.00e+00	5.23e-142
 2.56061e+11	0.00e+00	9.25e-35	6.62e-25	1.24e-15	1.34e-05	9.86e-02	9.01e-01	0.00e+00	0.00e+00	0.00e+00	0.00e+00	0.00e+00	6.62e-210
 2.93535e+11	2.73e-45	1.34e-34	8.89e-25	1.55e-15	1.55e-05	1.05e-01	8.95e-01	0.00e+00	0.00e+00	0.00e+00	0.00e+00	0.00e+00	5.20e-141
 3.29011e+11	0.00e+00	1.88e-34	1.16e-24	1.90e-15	1.77e-05	1.12e-01	8.88e-01	0.00e+00	0.00e+00	0.00e+00	0.00e+00	0.00e+00	2.54e-209
 3.68603e+11	6.35e-45	2.70e-34	1.56e-24	2.35e-15	2.04e-05	1.20e-01	8.80e-01	0.00e+00	0.00e+00	0.00e+00	0.00e+00	0.00e+00	4.30e-140
 4.13274e+11	0.00e+00	4.02e-34	2.13e-24	2.98e-15	2.38e-05	1.28e-01	8.72e-01	0.00e+00	0.00e+00	0.00e+00	0.00e+00	0.00e+00	7.63e-209
 4.58324e+11	1.62e-44	5.90e-34	2.90e-24	3.74e-15	2.77e-05	1.37e-01	8.63e-01	0.00e+00	0.00e+00	0.00e+00	0.00e+00	0.00e+00	4.50e-139
 5.05175e+11	0.00e+00	8.67e-34	3.94e-24	4.70e-15	3.21e-05	1.47e-01	8.53e-01	0.00e+00	0.00e+00	0.00e+00	0.00e+00	0.00e+00	2.58e-208
 5.50051e+11	3.96e-44	1.24e-33	5.23e-24	5.80e-15	3.69e-05	1.56e-01	8.44e-01	0.00e+00	0.00e+00	0.00e+00	0.00e+00	0.00e+00	4.18e-138
 5.88790e+11	0.00e+00	1.67e-33	6.63e-24	6.92e-15	4.14e-05	1.64e-01	8.36e-01	0.00e+00	0.00e+00	0.00e+00	0.00e+00	0.00e+00	7.96e-208
 6.31201e+11	8.30e-44	2.29e-33	8.53e-24	8.34e-15	4.68e-05	1.73e-01	8.27e-01	0.00e+00	0.00e+00	0.00e+00	0.00e+00	0.00e+00	2.66e-137
 6.83240e+11	0.00e+00	3.33e-33	1.15e-23	1.04e-14	5.41e-05	1.85e-01	8.15e-01	0.00e+00	0.00e+00	0.00e+00	0.00e+00	0.00e+00	1.25e-207
 7.35826e+11	2.03e-43	4.80e-33	1.54e-23	1.29e-14	6.22e-05	1.96e-01	8.04e-01	0.00e+00	0.00e+00	0.00e+00	0.00e+00	0.00e+00	2.48e-136
 7.82631e+11	0.00e+00	6.57e-33	1.97e-23	1.55e-14	7.02e-05	2.06e-01	7.94e-01	0.00e+00	0.00e+00	0.00e+00	0.00e+00	0.00e+00	0.00e+00
 8.33885e+11	4.43e-43	9.17e-33	2.58e-23	1.89e-14	7.98e-05	2.18e-01	7.82e-01	0.00e+00	0.00e+00	0.00e+00	0.00e+00	0.00e+00	1.76e-135
 8.95076e+11	0.00e+00	1.35e-32	3.50e-23	2.37e-14	9.25e-05	2.32e-01	7.68e-01	0.00e+00	0.00e+00	0.00e+00	0.00e+00	0.00e+00	0.00e+00
 9.55767e+11	1.10e-42	1.95e-32	4.69e-23	2.95e-14	1.06e-04	2.45e-01	7.55e-01	0.00e+00	0.00e+00	0.00e+00	0.00e+00	0.00e+00	1.71e-134
 1.01109e+12	0.00e+00	2.69e-32	6.06e-23	3.56e-14	1.20e-04	2.58e-01	7.42e-01	0.00e+00	0.00e+00	0.00e+00	0.00e+00	0.00e+00	0.00e+00
 1.07284e+12	2.48e-42	3.83e-32	8.00e-23	4.37e-14	1.37e-04	2.72e-01	7.28e-01	0.00e+00	0.00e+00	0.00e+00	0.00e+00	0.00e+00	1.32e-133
 1.14486e+12	0.00e+00	5.68e-32	1.09e-22	5.51e-14	1.59e-04	2.88e-01	7.11e-01	0.00e+00	0.00e+00	0.00e+00	0.00e+00	0.00e+00	0.00e+00
 1.21587e+12	6.26e-42	8.25e-32	1.47e-22	6.85e-14	1.83e-04	3.04e-01	6.95e-01	0.00e+00	0.00e+00	0.00e+00	0.00e+00	0.00e+00	1.36e-132
 1.28322e+12	0.00e+00	1.16e-31	1.93e-22	8.36e-14	2.08e-04	3.20e-01	6.80e-01	0.00e+00	0.00e+00	0.00e+00	0.00e+00	0.00e+00	0.00e+00
 1.35798e+12	1.48e-41	1.68e-31	2.58e-22	1.04e-13	2.38e-04	3.37e-01	6.63e-01	0.00e+00	0.00e+00	0.00e+00	0.00e+00	0.00e+00	1.17e-131
 1.44223e+12	0.00e+00	2.50e-31	3.54e-22	1.31e-13	2.76e-04	3.55e-01	6.44e-01	0.00e+00	0.00e+00	0.00e+00	0.00e+00	0.00e+00	0.00e+00
 1.52724e+12	3.82e-41	3.68e-31	4.81e-22	1.63e-13	3.18e-04	3.74e-01	6.25e-01	0.00e+00	0.00e+00	0.00e+00	0.00e+00	0.00e+00	1.28e-130
 1.61070e+12	0.00e+00	5.31e-31	6.42e-22	2.02e-13	3.64e-04	3.92e-01	6.07e-01	0.00e+00	0.00e+00	0.00e+00	0.00e+00	0.00e+00	0.00e+00
 1.70009e+12	9.42e-41	7.75e-31	8.65e-22	2.51e-13	4.17e-04	4.12e-01	5.88e-01	0.00e+00	0.00e+00	0.00e+00	0.00e+00	0.00e+00	1.24e-129
 1.79802e+12	0.00e+00	1.16e-30	1.19e-21	3.15e-13	4.82e-04	4.32e-01	5.67e-01	0.00e+00	0.00e+00	0.00e+00	0.00e+00	0.00e+00	0.00e+00
 1.89634e+12	2.44e-40	1.70e-30	1.60e-21	3.93e-13	5.53e-04	4.52e-01	5.47e-01	0.00e+00	0.00e+00	0.00e+00	0.00e+00	0.00e+00	1.37e-128
 1.99860e+12	0.00e+00	2.50e-30	2.17e-21	4.90e-13	6.34e-04	4.73e-01	5.27e-01	0.00e+00	0.00e+00	0.00e+00	0.00e+00	0.00e+00	0.00e+00
 2.09993e+12	6.07e-40	3.60e-30	2.90e-21	6.04e-13	7.22e-04	4.92e-01	5.07e-01	0.00e+00	0.00e+00	0.00e+00	0.00e+00	0.00e+00	1.38e-127
 2.18678e+12	0.00e+00	4.88e-30	3.68e-21	7.17e-13	8.03e-04	5.08e-01	4.91e-01	0.00e+00	0.00e+00	0.00e+00	0.00e+00	0.00e+00	0.00e+00
 2.27732e+12	1.28e-39	6.65e-30	4.69e-21	8.54e-13	8.94e-04	5.25e-01	4.74e-01	0.00e+00	0.00e+00	0.00e+00	0.00e+00	0.00e+00	9.08e-127
 2.39004e+12	0.00e+00	9.63e-30	6.28e-21	1.05e-12	1.02e-03	5.45e-01	4.54e-01	0.00e+00	0.00e+00	0.00e+00	0.00e+00	0.00e+00	0.00e+00
 2.50531e+12	3.13e-39	1.39e-29	8.36e-21	1.29e-12	1.15e-03	5.64e-01	4.34e-01	0.00e+00	0.00e+00	0.00e+00	0.00e+00	0.00e+00	8.80e-126
 2.60787e+12	0.00e+00	1.90e-29	1.07e-20	1.54e-12	1.28e-03	5.81e-01	4.18e-01	0.00e+00	0.00e+00	0.00e+00	0.00e+00	0.00e+00	0.00e+00
 2.72017e+12	6.87e-39	2.65e-29	1.39e-20	1.86e-12	1.43e-03	5.99e-01	4.00e-01	0.00e+00	0.00e+00	0.00e+00	0.00e+00	0.00e+00	6.51e-125
 2.85428e+12	0.00e+00	3.88e-29	1.87e-20	2.30e-12	1.63e-03	6.19e-01	3.80e-01	0.00e+00	0.00e+00	0.00e+00	0.00e+00	0.00e+00	0.00e+00
 2.98996e+12	1.72e-38	5.63e-29	2.50e-20	2.83e-12	1.84e-03	6.38e-01	3.61e-01	0.00e+00	0.00e+00	0.00e+00	0.00e+00	0.00e+00	6.78e-124
 3.11812e+12	0.00e+00	7.90e-29	3.26e-20	3.42e-12	2.06e-03	6.55e-01	3.43e-01	0.00e+00	0.00e+00	0.00e+00	0.00e+00	0.00e+00	0.00e+00
 3.25984e+12	4.05e-38	1.13e-28	4.32e-20	4.18e-12	2.32e-03	6.72e-01	3.25e-01	0.00e+00	0.00e+00	0.00e+00	0.00e+00	0.00e+00	6.01e-123
 3.42016e+12	0.00e+00	1.68e-28	5.87e-20	5.19e-12	2.63e-03	6.91e-01	3.06e-01	0.00e+00	0.00e+00	0.00e+00	0.00e+00	0.00e+00	0.00e+00
 3.58064e+12	1.04e-37	2.45e-28	7.87e-20	6.39e-12	2.97e-03	7.09e-01	2.88e-01	0.00e+00	0.00e+00	0.00e+00	0.00e+00	0.00e+00	6.69e-122
 3.74753e+12	0.00e+00	3.57e-28	1.06e-19	7.86e-12	3.35e-03	7.26e-01	2.71e-01	0.00e+00	0.00e+00	0.00e+00	0.00e+00	0.00e+00	0.00e+00
 3.92736e+12	2.66e-37	5.28e-28	1.43e-19	9.73e-12	3.79e-03	7.43e-01	2.54e-01	0.00e+00	0.00e+00	0.00e+00	0.00e+00	0.00e+00	7.45e-121
 4.11438e+12	0.00e+00	7.79e-28	1.93e-19	1.20e-11	4.28e-03	7.59e-01	2.37e-01	0.00e+00	0.00e+00	0.00e+00	0.00e+00	0.00e+00	0.00e+00
 4.28946e+12	6.58e-37	1.11e-27	2.54e-19	1.46e-11	4.77e-03	7.73e-01	2.23e-01	0.00e+00	0.00e+00	0.00e+00	0.00e+00	0.00e+00	7.66e-120
 4.44493e+12	0.00e+00	1.49e-27	3.21e-19	1.72e-11	5.23e-03	7.84e-01	2.11e-01	0.00e+00	0.00e+00	0.00e+00	0.00e+00	0.00e+00	0.00e+00
 4.61912e+12	1.42e-36	2.07e-27	4.13e-19	2.05e-11	5.77e-03	7.96e-01	1.98e-01	0.00e+00	0.00e+00	0.00e+00	0.00e+00	0.00e+00	5.52e-119
 4.82690e+12	0.00e+00	3.00e-27	5.52e-19	2.50e-11	6.46e-03	8.09e-01	1.85e-01	0.00e+00	0.00e+00	0.00e+00	0.00e+00	0.00e+00	0.00e+00
 5.03637e+12	3.50e-36	4.32e-27	7.31e-19	3.05e-11	7.20e-03	8.21e-01	1.72e-01	0.00e+00	0.00e+00	0.00e+00	0.00e+00	0.00e+00	5.69e-118
 5.23307e+12	0.00e+00	5.99e-27	9.42e-19	3.64e-11	7.93e-03	8.31e-01	1.61e-01	0.00e+00	0.00e+00	0.00e+00	0.00e+00	0.00e+00	0.00e+00
 5.45116e+12	8.02e-36	8.50e-27	1.23e-18	4.39e-11	8.79e-03	8.41e-01	1.50e-01	0.00e+00	0.00e+00	0.00e+00	0.00e+00	0.00e+00	4.89e-117
 5.69913e+12	0.00e+00	1.25e-26	1.66e-18	5.39e-11	9.84e-03	8.52e-01	1.39e-01	0.00e+00	0.00e+00	0.00e+00	0.00e+00	0.00e+00	0.00e+00
 5.94152e+12	2.00e-35	1.79e-26	2.19e-18	6.53e-11	1.09e-02	8.61e-01	1.28e-01	0.00e+00	0.00e+00	0.00e+00	0.00e+00	0.00e+00	5.17e-116
 6.14995e+12	0.00e+00	2.41e-26	2.76e-18	7.67e-11	1.19e-02	8.68e-01	1.21e-01	0.00e+00	0.00e+00	0.00e+00	0.00e+00	0.00e+00	0.00e+00
 6.33389e+12	3.92e-35	3.09e-26	3.35e-18	8.76e-11	1.28e-02	8.73e-01	1.14e-01	0.00e+00	0.00e+00	0.00e+00	0.00e+00	0.00e+00	2.99e-115
 6.54429e+12	0.00e+00	4.12e-26	4.19e-18	1.02e-10	1.39e-02	8.79e-01	1.07e-01	0.00e+00	0.00e+00	0.00e+00	0.00e+00	0.00e+00	3.06e-99
 6.81144e+12	8.53e-35	5.83e-26	5.48e-18	1.23e-10	1.53e-02	8.85e-01	9.92e-02	0.00e+00	0.00e+00	0.00e+00	0.00e+00	0.00e+00	2.94e-285
 7.08686e+12	1.30e-34	8.23e-26	7.17e-18	1.48e-10	1.69e-02	8.91e-01	9.17e-02	0.00e+00	0.00e+00	0.00e+00	0.00e+00	0.00e+00	6.76e-114
 7.32517e+12	1.86e-34	1.10e-25	8.96e-18	1.73e-10	1.83e-02	8.96e-01	8.59e-02	0.00e+00	0.00e+00	0.00e+00	0.00e+00	0.00e+00	7.64e-97
 7.58072e+12	2.68e-34	1.48e-25	1.13e-17	2.02e-10	1.99e-02	9.00e-01	8.01e-02	0.00e+00	0.00e+00	0.00e+00	0.00e+00	0.00e+00	0.00e+00
 7.89464e+12	4.13e-34	2.11e-25	1.49e-17	2.44e-10	2.20e-02	9.04e-01	7.37e-02	0.00e+00	0.00e+00	0.00e+00	0.00e+00	0.00e+00	1.36e-112
 8.21292e+12	6.32e-34	2.98e-25	1.95e-17	2.94e-10	2.42e-02	9.08e-01	6.79e-02	0.00e+00	0.00e+00	0.00e+00	0.00e+00	0.00e+00	1.14e-95
 8.49770e+12	9.10e-34	4.01e-25	2.45e-17	3.45e-10	2.62e-02	9.11e-01	6.32e-02	0.00e+00	0.00e+00	0.00e+00	0.00e+00	0.00e+00	0.00e+00
 8.81040e+12	1.34e-33	5.50e-25	3.13e-17	4.07e-10	2.86e-02	9.13e-01	5.85e-02	0.00e+00	0.00e+00	0.00e+00	0.00e+00	0.00e+00	2.92e-111
 9.18184e+12	2.08e-33	7.89e-25	4.15e-17	4.94e-10	3.16e-02	9.15e-01	5.35e-02	0.00e+00	0.00e+00	0.00e+00	0.00e+00	0.00e+00	1.59e-94
 9.55302e+12	3.19e-33	1.12e-24	5.43e-17	5.95e-10	3.47e-02	9.16e-01	4.90e-02	0.00e+00	0.00e+00	0.00e+00	0.00e+00	0.00e+00	2.80e-110
 9.89953e+12	4.66e-33	1.52e-24	6.92e-17	7.02e-10	3.77e-02	9.17e-01	4.53e-02	0.00e+00	0.00e+00	0.00e+00	0.00e+00	0.00e+00	9.31e-94
 1.02859e+13	7.00e-33	2.12e-24	8.97e-17	8.39e-10	4.13e-02	9.17e-01	4.16e-02	0.00e+00	0.00e+00	0.00e+00	0.00e+00	0.00e+00	2.20e-109
 1.07072e+13	1.07e-32	3.01e-24	1.18e-16	1.01e-09	4.54e-02	9.17e-01	3.80e-02	0.00e+00	0.00e+00	0.00e+00	0.00e+00	0.00e+00	5.81e-93
 1.10989e+13	1.57e-32	4.11e-24	1.50e-16	1.20e-09	4.93e-02	9.16e-01	3.50e-02	0.00e+00	0.00e+00	0.00e+00	0.00e+00	0.00e+00	1.83e-108
 1.15263e+13	2.34e-32	5.69e-24	1.94e-16	1.42e-09	5.38e-02	9.14e-01	3.20e-02	0.00e+00	0.00e+00	0.00e+00	0.00e+00	0.00e+00	3.21e-92
 1.20076e+13	3.60e-32	8.10e-24	2.56e-16	1.72e-09	5.91e-02	9.12e-01	2.91e-02	0.00e+00	0.00e+00	0.00e+00	0.00e+00	0.00e+00	1.61e-107
 1.24709e+13	5.35e-32	1.12e-23	3.30e-16	2.05e-09	6.44e-02	9.09e-01	2.66e-02	0.00e+00	0.00e+00	0.00e+00	0.00e+00	0.00e+00	1.97e-91
 1.28840e+13	7.52e-32	1.48e-23	4.11e-16	2.38e-09	6.93e-02	9.06e-01	2.47e-02	0.00e+00	0.00e+00	0.00e+00	0.00e+00	0.00e+00	1.12e-106
 1.33216e+13	1.06e-31	1.96e-23	5.12e-16	2.77e-09	7.46e-02	9.03e-01	2.28e-02	0.00e+00	0.00e+00	0.00e+00	0.00e+00	0.00e+00	8.85e-91
 1.38150e+13	1.55e-31	2.67e-23	6.53e-16	3.27e-09	8.09e-02	8.98e-01	2.09e-02	0.00e+00	0.00e+00	0.00e+00	0.00e+00	0.00e+00	7.61e-106
 1.42610e+13	2.14e-31	3.49e-23	8.05e-16	3.77e-09	8.67e-02	8.94e-01	1.93e-02	0.00e+00	0.00e+00	0.00e+00	0.00e+00	0.00e+00	4.14e-90
 1.46533e+13	2.82e-31	4.38e-23	9.62e-16	4.26e-09	9.19e-02	8.90e-01	1.81e-02	0.00e+00	0.00e+00	0.00e+00	0.00e+00	0.00e+00	3.79e-105
 1.50956e+13	3.82e-31	5.60e-23	1.17e-15	4.86e-09	9.79e-02	8.85e-01	1.68e-02	0.00e+00	0.00e+00	0.00e+00	0.00e+00	0.00e+00	1.48e-89
 1.56675e+13	5.55e-31	7.62e-23	1.48e-15	5.73e-09	1.06e-01	8.79e-01	1.54e-02	0.00e+00	0.00e+00	0.00e+00	0.00e+00	0.00e+00	2.32e-104
 1.62648e+13	8.09e-31	1.04e-22	1.89e-15	6.75e-09	1.15e-01	8.71e-01	1.40e-02	0.00e+00	0.00e+00	0.00e+00	0.00e+00	0.00e+00	7.85e-89
 1.67784e+13	1.10e-30	1.34e-22	2.31e-15	7.72e-09	1.22e-01	8.65e-01	1.30e-02	0.00e+00	0.00e+00	0.00e+00	0.00e+00	0.00e+00	1.47e-103
 1.73263e+13	1.52e-30	1.73e-22	2.82e-15	8.86e-09	1.30e-01	8.58e-01	1.20e-02	0.00e+00	0.00e+00	0.00e+00	0.00e+00	0.00e+00	3.19e-88
 1.80036e+13	2.21e-30	2.36e-22	3.60e-15	1.04e-08	1.41e-01	8.49e-01	1.09e-02	0.00e+00	0.00e+00	0.00e+00	0.00e+00	0.00e+00	9.76e-103
 1.87038e+13	3.22e-30	3.20e-22	4.57e-15	1.23e-08	1.51e-01	8.39e-01	9.88e-03	0.00e+00	0.00e+00	0.00e+00	0.00e+00	0.00e+00	1.73e-87
 1.93329e+13	4.44e-30	4.17e-22	5.60e-15	1.41e-08	1.61e-01	8.30e-01	9.09e-03	0.00e+00	0.00e+00	0.00e+00	0.00e+00	0.00e+00	6.55e-102
 2.00152e+13	6.21e-30	5.47e-22	6.92e-15	1.62e-08	1.72e-01	8.20e-01	8.32e-03	0.00e+00	0.00e+00	0.00e+00	0.00e+00	0.00e+00	7.69e-87
 2.08238e+13	9.09e-30	7.47e-22	8.81e-15	1.91e-08	1.85e-01	8.07e-01	7.52e-03	0.00e+00	0.00e+00	0.00e+00	0.00e+00	0.00e+00	4.73e-101
 2.16208e+13	1.30e-29	1.00e-21	1.11e-14	2.22e-08	1.98e-01	7.95e-01	6.82e-03	0.00e+00	0.00e+00	0.00e+00	0.00e+00	0.00e+00	4.18e-86
 2.23500e+13	1.79e-29	1.29e-21	1.35e-14	2.53e-08	2.10e-01	7.84e-01	6.25e-03	0.00e+00	0.00e+00	0.00e+00	0.00e+00	0.00e+00	3.09e-100
 2.31668e+13	2.51e-29	1.70e-21	1.66e-14	2.91e-08	2.24e-01	7.71e-01	5.69e-03	0.00e+00	0.00e+00	0.00e+00	0.00e+00	0.00e+00	1.90e-85
 2.41160e+13	3.67e-29	2.31e-21	2.11e-14	3.40e-08	2.39e-01	7.56e-01	5.12e-03	0.00e+00	0.00e+00	0.00e+00	0.00e+00	0.00e+00	2.31e-99
 2.50499e+13	5.23e-29	3.09e-21	2.63e-14	3.94e-08	2.55e-01	7.41e-01	4.62e-03	0.00e+00	0.00e+00	0.00e+00	0.00e+00	0.00e+00	1.05e-84
 2.58642e+13	7.06e-29	3.93e-21	3.16e-14	4.44e-08	2.68e-01	7.28e-01	4.24e-03	0.00e+00	0.00e+00	0.00e+00	0.00e+00	0.00e+00	1.47e-98
 2.65612e+13	9.03e-29	4.79e-21	3.68e-14	4.91e-08	2.80e-01	7.16e-01	3.95e-03	0.00e+00	0.00e+00	0.00e+00	0.00e+00	0.00e+00	3.79e-84
 2.73185e+13	1.17e-28	5.91e-21	4.31e-14	5.44e-08	2.92e-01	7.04e-01	3.66e-03	0.00e+00	0.00e+00	0.00e+00	0.00e+00	0.00e+00	6.23e-98
 2.83030e+13	1.63e-28	7.68e-21	5.27e-14	6.20e-08	3.08e-01	6.89e-01	3.31e-03	0.00e+00	0.00e+00	0.00e+00	0.00e+00	0.00e+00	1.52e-83
 2.93257e+13	2.25e-28	9.99e-21	6.43e-14	7.05e-08	3.25e-01	6.72e-01	3.00e-03	0.00e+00	0.00e+00	0.00e+00	0.00e+00	0.00e+00	4.03e-97
 3.01879e+13	2.94e-28	1.24e-20	7.55e-14	7.82e-08	3.38e-01	6.59e-01	2.77e-03	0.00e+00	0.00e+00	0.00e+00	0.00e+00	0.00e+00	6.21e-83
 3.10987e+13	3.85e-28	1.53e-20	8.89e-14	8.68e-08	3.53e-01	6.45e-01	2.54e-03	0.00e+00	0.00e+00	0.00e+00	0.00e+00	0.00e+00	1.89e-96
 3.22607e+13	5.37e-28	2.00e-20	1.09e-13	9.87e-08	3.71e-01	6.27e-01	2.29e-03	0.00e+00	0.00e+00	0.00e+00	0.00e+00	0.00e+00	2.65e-82
 3.34691e+13	7.49e-28	2.61e-20	1.33e-13	1.12e-07	3.89e-01	6.09e-01	2.05e-03	0.00e+00	0.00e+00	0.00e+00	0.00e+00	0.00e+00	1.30e-95
 3.45260e+13	9.90e-28	3.26e-20	1.57e-13	1.25e-07	4.05e-01	5.93e-01	1.88e-03	0.00e+00	0.00e+00	0.00e+00	0.00e+00	0.00e+00	1.16e-81
 3.56661e+13	1.33e-27	4.11e-20	1.86e-13	1.39e-07	4.22e-01	5.76e-01	1.70e-03	0.00e+00	0.00e+00	0.00e+00	0.00e+00	0.00e+00	6.88e-95
 3.69537e+13	1.82e-27	5.29e-20	2.25e-13	1.56e-07	4.40e-01	5.58e-01	1.53e-03	0.00e+00	0.00e+00	0.00e+00	0.00e+00	0.00e+00	5.10e-81
 3.81809e+13	2.43e-27	6.67e-20	2.67e-13	1.74e-07	4.57e-01	5.41e-01	1.39e-03	0.00e+00	0.00e+00	0.00e+00	0.00e+00	0.00e+00	4.09e-94
 3.95239e+13	3.30e-27	8.49e-20	3.19e-13	1.95e-07	4.75e-01	5.23e-01	1.25e-03	0.00e+00	0.00e+00	0.00e+00	0.00e+00	0.00e+00	2.20e-80
 4.10034e+13	4.56e-27	1.10e-19	3.87e-13	2.19e-07	4.95e-01	5.04e-01	1.11e-03	0.00e+00	0.00e+00	0.00e+00	0.00e+00	0.00e+00	2.64e-93
 4.23637e+13	6.07e-27	1.38e-19	4.56e-13	2.43e-07	5.12e-01	4.87e-01	1.00e-03	0.00e+00	0.00e+00	0.00e+00	0.00e+00	0.00e+00	9.93e-80
 4.38352e+13	8.18e-27	1.74e-19	5.43e-13	2.70e-07	5.30e-01	4.69e-01	9.00e-04	0.00e+00	0.00e+00	0.00e+00	0.00e+00	0.00e+00	1.51e-92
 4.54842e+13	1.13e-26	2.24e-19	6.54e-13	3.03e-07	5.49e-01	4.50e-01	7.99e-04	0.00e+00	0.00e+00	0.00e+00	0.00e+00	0.00e+00	4.62e-79
 4.70423e+13	1.51e-26	2.82e-19	7.74e-13	3.35e-07	5.67e-01	4.33e-01	7.16e-04	0.00e+00	0.00e+00	0.00e+00	0.00e+00	0.00e+00	9.49e-92
 4.87463e+13	2.05e-26	3.59e-19	9.23e-13	3.72e-07	5.85e-01	4.14e-01	6.37e-04	0.00e+00	0.00e+00	0.00e+00	0.00e+00	0.00e+00	2.07e-78
 5.06423e+13	2.85e-26	4.65e-19	1.11e-12	4.17e-07	6.04e-01	3.95e-01	5.61e-04	0.00e+00	0.00e+00	0.00e+00	0.00e+00	0.00e+00	6.45e-91
 5.24177e+13	3.82e-26	5.86e-19	1.32e-12	4.61e-07	6.21e-01	3.78e-01	5.00e-04	0.00e+00	0.00e+00	0.00e+00	0.00e+00	0.00e+00	9.93e-78
 5.43405e+13	5.20e-26	7.44e-19	1.57e-12	5.11e-07	6.39e-01	3.61e-01	4.42e-04	0.00e+00	0.00e+00	0.00e+00	0.00e+00	0.00e+00	4.03e-90
 5.64937e+13	7.22e-26	9.63e-19	1.89e-12	5.70e-07	6.57e-01	3.42e-01	3.87e-04	0.00e+00	0.00e+00	0.00e+00	0.00e+00	0.00e+00	4.98e-77
 5.85595e+13	9.78e-26	1.22e-18	2.24e-12	6.30e-07	6.74e-01	3.26e-01	3.42e-04	0.00e+00	0.00e+00	0.00e+00	0.00e+00	0.00e+00	2.80e-89
 6.07582e+13	1.33e-25	1.55e-18	2.66e-12	6.97e-07	6.91e-01	3.09e-01	3.01e-04	0.00e+00	0.00e+00	0.00e+00	0.00e+00	0.00e+00	2.40e-76
 6.32185e+13	1.86e-25	2.01e-18	3.21e-12	7.76e-07	7.08e-01	2.92e-01	2.61e-04	0.00e+00	0.00e+00	0.00e+00	0.00e+00	0.00e+00	5.63e-76
 6.56487e+13	2.55e-25	2.57e-18	3.82e-12	8.58e-07	7.24e-01	2.76e-01	2.29e-04	0.00e+00	0.00e+00	0.00e+00	0.00e+00	0.00e+00	1.27e-75
 6.81761e+13	3.50e-25	3.28e-18	4.54e-12	9.48e-07	7.39e-01	2.61e-01	2.00e-04	0.00e+00	0.00e+00	0.00e+00	0.00e+00	0.00e+00	2.88e-75
 7.07181e+13	4.74e-25	4.15e-18	5.37e-12	1.04e-06	7.54e-01	2.46e-01	1.75e-04	0.00e+00	0.00e+00	0.00e+00	0.00e+00	0.00e+00	6.32e-75
 7.30122e+13	6.17e-25	5.09e-18	6.21e-12	1.13e-06	7.66e-01	2.34e-01	1.56e-04	0.00e+00	0.00e+00	0.00e+00	0.00e+00	0.00e+00	1.26e-74
 7.50917e+13	7.78e-25	6.09e-18	7.04e-12	1.21e-06	7.76e-01	2.24e-01	1.41e-04	0.00e+00	0.00e+00	0.00e+00	0.00e+00	0.00e+00	2.31e-74
 7.73362e+13	9.92e-25	7.35e-18	8.03e-12	1.31e-06	7.86e-01	2.14e-01	1.27e-04	0.00e+00	0.00e+00	0.00e+00	0.00e+00	0.00e+00	4.38e-74
 8.01918e+13	1.34e-24	9.24e-18	9.44e-12	1.43e-06	7.98e-01	2.02e-01	1.11e-04	0.00e+00	0.00e+00	0.00e+00	0.00e+00	0.00e+00	9.54e-74
 8.30550e+13	1.78e-24	1.15e-17	1.10e-11	1.56e-06	8.10e-01	1.90e-01	9.74e-05	0.00e+00	0.00e+00	0.00e+00	0.00e+00	0.00e+00	2.04e-73
 8.54241e+13	2.25e-24	1.38e-17	1.25e-11	1.67e-06	8.18e-01	1.82e-01	8.78e-05	0.00e+00	0.00e+00	0.00e+00	0.00e+00	0.00e+00	3.77e-73
 8.79378e+13	2.85e-24	1.65e-17	1.41e-11	1.79e-06	8.27e-01	1.73e-01	7.89e-05	0.00e+00	0.00e+00	0.00e+00	0.00e+00	0.00e+00	7.07e-73
 9.11608e+13	3.82e-24	2.07e-17	1.65e-11	1.95e-06	8.37e-01	1.63e-01	6.89e-05	0.00e+00	0.00e+00	0.00e+00	0.00e+00	0.00e+00	1.54e-72
 9.45446e+13	5.15e-24	2.60e-17	1.94e-11	2.12e-06	8.47e-01	1.53e-01	6.02e-05	0.00e+00	0.00e+00	0.00e+00	0.00e+00	0.00e+00	3.40e-72
 9.75059e+13	6.62e-24	3.15e-17	2.21e-11	2.28e-06	8.55e-01	1.45e-01	5.36e-05	0.00e+00	0.00e+00	0.00e+00	0.00e+00	0.00e+00	6.66e-72
 1.00679e+14	8.61e-24	3.84e-17	2.54e-11	2.45e-06	8.63e-01	1.37e-01	4.76e-05	0.00e+00	0.00e+00	0.00e+00	0.00e+00	0.00e+00	1.34e-71
 1.04537e+14	1.17e-23	4.85e-17	2.98e-11	2.67e-06	8.71e-01	1.28e-01	4.13e-05	0.00e+00	0.00e+00	0.00e+00	1.55e-17	3.30e-17	3.04e-71
 1.08378e+14	1.57e-23	6.06e-17	3.47e-11	2.90e-06	8.79e-01	1.21e-01	3.60e-05	0.00e+00	0.00e+00	0.00e+00	2.01e-17	4.05e-17	6.69e-71
 1.11776e+14	2.02e-23	7.34e-17	3.95e-11	3.11e-06	8.86e-01	1.14e-01	3.21e-05	0.00e+00	0.00e+00	0.00e+00	2.43e-17	4.90e-17	1.31e-70
 1.15507e+14	2.63e-23	8.98e-17	4.54e-11	3.34e-06	8.92e-01	1.08e-01	2.83e-05	0.00e+00	0.00e+00	0.00e+00	2.98e-17	6.00e-17	2.70e-70
 1.19983e+14	3.58e-23	1.13e-16	5.32e-11	3.64e-06	8.99e-01	1.01e-01	2.45e-05	0.00e+00	0.00e+00	0.00e+00	3.77e-17	7.58e-17	6.19e-70
 1.24447e+14	4.82e-23	1.42e-16	6.20e-11	3.94e-06	9.06e-01	9.41e-02	2.13e-05	0.00e+00	0.00e+00	0.00e+00	4.71e-17	9.49e-17	1.38e-69
 1.28515e+14	6.25e-23	1.73e-16	7.08e-11	4.23e-06	9.11e-01	8.88e-02	1.89e-05	0.00e+00	0.00e+00	0.00e+00	5.74e-17	1.16e-16	2.80e-69
 1.33049e+14	8.28e-23	2.14e-16	8.18e-11	4.55e-06	9.17e-01	8.34e-02	1.65e-05	0.00e+00	0.00e+00	0.00e+00	7.09e-17	1.43e-16	5.99e-69
 1.38339e+14	1.13e-22	2.71e-16	9.61e-11	4.95e-06	9.22e-01	7.76e-02	1.42e-05	0.00e+00	0.00e+00	0.00e+00	9.00e-17	1.81e-16	1.41e-68
 1.43545e+14	1.53e-22	3.40e-16	1.12e-10	5.36e-06	9.27e-01	7.25e-02	1.23e-05	0.00e+00	0.00e+00	0.00e+00	1.13e-16	2.27e-16	3.17e-68
 1.48461e+14	2.01e-22	4.17e-16	1.29e-10	5.76e-06	9.32e-01	6.81e-02	1.08e-05	0.00e+00	0.00e+00	0.00e+00	1.38e-16	2.79e-16	6.63e-68
 1.53932e+14	2.69e-22	5.20e-16	1.49e-10	6.22e-06	9.36e-01	6.37e-02	9.43e-06	0.00e+00	0.00e+00	0.00e+00	1.73e-16	3.48e-16	1.49e-67
 1.60119e+14	3.70e-22	6.62e-16	1.75e-10	6.76e-06	9.41e-01	5.91e-02	8.09e-06	0.00e+00	0.00e+00	0.00e+00	2.19e-16	4.42e-16	3.49e-67
 1.66321e+14	5.02e-22	8.34e-16	2.05e-10	7.33e-06	9.45e-01	5.50e-02	6.98e-06	0.00e+00	0.00e+00	0.00e+00	2.77e-16	5.57e-16	8.04e-67
 1.72770e+14	6.82e-22	1.05e-15	2.40e-10	7.94e-06	9.49e-01	5.12e-02	6.02e-06	0.00e+00	0.00e+00	0.00e+00	3.48e-16	7.02e-16	1.85e-66
 1.79216e+14	9.16e-22	1.31e-15	2.79e-10	8.58e-06	9.52e-01	4.78e-02	5.22e-06	0.00e+00	0.00e+00	0.00e+00	4.35e-16	8.77e-16	4.12e-66
 1.84543e+14	1.16e-21	1.57e-15	3.14e-10	9.12e-06	9.55e-01	4.52e-02	4.65e-06	0.00e+00	0.00e+00	0.00e+00	5.20e-16	1.05e-15	7.83e-66
 1.89064e+14	1.41e-21	1.81e-15	3.47e-10	9.59e-06	9.57e-01	4.31e-02	4.23e-06	0.00e+00	0.00e+00	0.00e+00	6.01e-16	1.21e-15	1.33e-65
 1.94213e+14	1.75e-21	2.13e-15	3.87e-10	1.01e-05	9.59e-01	4.09e-02	3.81e-06	0.00e+00	0.00e+00	0.00e+00	7.08e-16	1.43e-15	2.39e-65
 2.00907e+14	2.29e-21	2.62e-15	4.44e-10	1.09e-05	9.62e-01	3.83e-02	3.33e-06	0.00e+00	0.00e+00	0.00e+00	8.68e-16	1.75e-15	5.00e-65
 2.07990e+14	3.02e-21	3.23e-15	5.12e-10	1.17e-05	9.64e-01	3.58e-02	2.90e-06	0.00e+00	0.00e+00	0.00e+00	1.07e-15	2.16e-15	1.07e-64
 2.14160e+14	3.82e-21	3.86e-15	5.77e-10	1.24e-05	9.66e-01	3.39e-02	2.59e-06	0.00e+00	0.00e+00	0.00e+00	1.28e-15	2.58e-15	2.01e-64
 2.20763e+14	4.87e-21	4.63e-15	6.53e-10	1.33e-05	9.68e-01	3.19e-02	2.29e-06	0.00e+00	0.00e+00	0.00e+00	1.53e-15	3.10e-15	3.90e-64
 2.29000e+14	6.53e-21	5.78e-15	7.58e-10	1.43e-05	9.70e-01	2.97e-02	1.98e-06	0.00e+00	0.00e+00	0.00e+00	1.91e-15	3.86e-15	8.62e-64
 2.37422e+14	8.71e-21	7.18e-15	8.79e-10	1.54e-05	9.72e-01	2.77e-02	1.71e-06	0.00e+00	0.00e+00	0.00e+00	2.38e-15	4.80e-15	1.89e-63
 2.44893e+14	1.11e-20	8.66e-15	9.98e-10	1.65e-05	9.74e-01	2.60e-02	1.51e-06	0.00e+00	0.00e+00	0.00e+00	2.87e-15	5.79e-15	3.69e-63
 2.53070e+14	1.45e-20	1.05e-14	1.14e-09	1.76e-05	9.76e-01	2.44e-02	1.33e-06	0.00e+00	0.00e+00	0.00e+00	3.49e-15	7.05e-15	7.51e-63
 2.62229e+14	1.92e-20	1.31e-14	1.32e-09	1.90e-05	9.77e-01	2.27e-02	1.15e-06	0.00e+00	0.00e+00	0.00e+00	4.32e-15	8.74e-15	1.61e-62
 2.70846e+14	2.48e-20	1.59e-14	1.51e-09	2.04e-05	9.79e-01	2.13e-02	1.01e-06	0.00e+00	0.00e+00	0.00e+00	5.25e-15	1.06e-14	3.24e-62
 2.80227e+14	3.25e-20	1.95e-14	1.73e-09	2.19e-05	9.80e-01	1.99e-02	8.78e-07	0.00e+00	0.00e+00	0.00e+00	6.44e-15	1.30e-14	6.73e-62
 2.90613e+14	4.33e-20	2.42e-14	2.01e-09	2.36e-05	9.82e-01	1.85e-02	0.00e+00	0.00e+00	0.00e+00	0.00e+00	8.01e-15	1.62e-14	1.47e-61
 3.00228e+14	5.60e-20	2.94e-14	2.29e-09	2.53e-05	9.83e-01	1.73e-02	0.00e+00	0.00e+00	0.00e+00	0.00e+00	9.73e-15	1.97e-14	2.96e-61
 3.10652e+14	7.33e-20	3.61e-14	2.64e-09	2.71e-05	9.84e-01	1.61e-02	0.00e+00	0.00e+00	0.00e+00	0.00e+00	1.19e-14	2.41e-14	6.14e-61
 3.22288e+14	9.79e-20	4.50e-14	3.07e-09	2.93e-05	9.85e-01	1.50e-02	0.00e+00	0.00e+00	0.00e+00	0.00e+00	1.49e-14	3.01e-14	1.34e-60
 3.33203e+14	1.27e-19	5.49e-14	3.51e-09	3.15e-05	9.86e-01	1.40e-02	0.00e+00	0.00e+00	0.00e+00	0.00e+00	1.81e-14	3.67e-14	2.74e-60
 3.45096e+14	1.68e-19	6.76e-14	4.05e-09	3.39e-05	9.87e-01	1.30e-02	0.00e+00	0.00e+00	0.00e+00	0.00e+00	2.23e-14	4.53e-14	5.78e-60
 3.58343e+14	2.25e-19	8.46e-14	4.73e-09	3.67e-05	9.88e-01	1.21e-02	0.00e+00	0.00e+00	0.00e+00	0.00e+00	2.80e-14	5.67e-14	1.29e-59
 3.70754e+14	2.94e-19	1.04e-13	5.43e-09	3.94e-05	9.89e-01	1.12e-02	0.00e+00	0.00e+00	0.00e+00	0.00e+00	3.42e-14	6.94e-14	2.66e-59
 3.84187e+14	3.88e-19	1.28e-13	6.28e-09	4.24e-05	9.90e-01	1.04e-02	0.00e+00	0.00e+00	0.00e+00	0.00e+00	4.23e-14	8.58e-14	5.66e-59
 3.99195e+14	5.24e-19	1.61e-13	7.35e-09	4.60e-05	9.90e-01	9.65e-03	0.00e+00	0.00e+00	0.00e+00	0.00e+00	5.31e-14	1.08e-13	1.28e-58
 4.13520e+14	6.90e-19	1.98e-13	8.48e-09	4.96e-05	9.91e-01	8.98e-03	0.00e+00	0.00e+00	0.00e+00	0.00e+00	6.55e-14	1.33e-13	2.70e-58
 4.28807e+14	9.16e-19	2.46e-13	9.83e-09	5.35e-05	9.92e-01	8.33e-03	0.00e+00	0.00e+00	0.00e+00	0.00e+00	8.11e-14	1.65e-13	5.83e-58
 4.45990e+14	1.24e-18	3.11e-13	1.15e-08	5.81e-05	9.92e-01	7.68e-03	0.00e+00	0.00e+00	0.00e+00	0.00e+00	1.02e-13	2.08e-13	1.34e-57
 4.61923e+14	1.64e-18	3.82e-13	1.33e-08	6.25e-05	9.93e-01	7.14e-03	0.00e+00	0.00e+00	0.00e+00	0.00e+00	1.26e-13	2.56e-13	2.83e-57
 4.75863e+14	2.06e-18	4.56e-13	1.50e-08	6.65e-05	9.93e-01	6.72e-03	0.00e+00	0.00e+00	0.00e+00	0.00e+00	1.50e-13	3.06e-13	5.32e-57
 4.91428e+14	2.65e-18	5.52e-13	1.71e-08	7.12e-05	9.94e-01	6.28e-03	0.00e+00	0.00e+00	0.00e+00	0.00e+00	1.82e-13	3.70e-13	1.05e-56
 5.07640e+14	3.41e-18	6.69e-13	1.95e-08	7.62e-05	9.94e-01	5.87e-03	0.00e+00	0.00e+00	0.00e+00	0.00e+00	2.20e-13	4.49e-13	2.10e-56
 5.21307e+14	4.20e-18	7.83e-13	2.18e-08	8.06e-05	9.94e-01	5.56e-03	0.00e+00	0.00e+00	0.00e+00	0.00e+00	2.58e-13	5.25e-13	3.71e-56
 5.35691e+14	5.19e-18	9.20e-13	2.43e-08	8.53e-05	9.95e-01	5.26e-03	0.00e+00	0.00e+00	0.00e+00	0.00e+00	3.03e-13	6.17e-13	6.61e-56
 5.54390e+14	6.77e-18	1.13e-12	2.80e-08	9.17e-05	9.95e-01	4.89e-03	0.00e+00	0.00e+00	0.00e+00	0.00e+00	3.71e-13	7.56e-13	1.37e-55
 5.73750e+14	8.86e-18	1.38e-12	3.21e-08	9.84e-05	9.95e-01	4.56e-03	0.00e+00	0.00e+00	0.00e+00	0.00e+00	4.54e-13	9.28e-13	2.86e-55
 5.90002e+14	1.10e-17	1.63e-12	3.60e-08	1.04e-04	9.96e-01	4.30e-03	0.00e+00	0.00e+00	0.00e+00	0.00e+00	5.36e-13	1.09e-12	5.19e-55
 6.07163e+14	1.38e-17	1.93e-12	4.04e-08	1.11e-04	9.96e-01	4.05e-03	0.00e+00	0.00e+00	0.00e+00	0.00e+00	6.35e-13	1.30e-12	9.59e-55
 6.29215e+14	1.82e-17	2.39e-12	4.67e-08	1.19e-04	9.96e-01	3.76e-03	0.00e+00	0.00e+00	0.00e+00	0.00e+00	7.84e-13	1.60e-12	2.05e-54
 6.52213e+14	2.40e-17	2.95e-12	5.40e-08	1.29e-04	9.96e-01	3.49e-03	0.00e+00	0.00e+00	0.00e+00	0.00e+00	9.69e-13	1.98e-12	4.44e-54
 6.72204e+14	3.04e-17	3.53e-12	6.10e-08	1.37e-04	9.97e-01	3.28e-03	0.00e+00	0.00e+00	0.00e+00	0.00e+00	1.16e-12	2.37e-12	8.51e-54
 6.93698e+14	3.88e-17	4.25e-12	6.93e-08	1.46e-04	9.97e-01	3.07e-03	0.00e+00	0.00e+00	0.00e+00	0.00e+00	1.39e-12	2.86e-12	1.67e-53
 7.19978e+14	5.18e-17	5.30e-12	8.06e-08	1.58e-04	9.97e-01	2.85e-03	0.00e+00	4.24e-18	1.27e-17	2.13e-17	1.74e-12	3.56e-12	3.71e-53
 7.46395e+14	6.86e-17	6.56e-12	9.33e-08	1.70e-04	9.97e-01	2.64e-03	0.00e+00	5.62e-18	1.69e-17	2.82e-17	2.15e-12	4.41e-12	8.08e-53
 7.69790e+14	8.72e-17	7.87e-12	1.06e-07	1.82e-04	9.97e-01	2.48e-03	0.00e+00	7.14e-18	2.15e-17	3.59e-17	2.58e-12	5.29e-12	1.57e-52
 7.95343e+14	1.12e-16	9.54e-12	1.21e-07	1.94e-04	9.97e-01	2.31e-03	0.00e+00	9.21e-18	2.76e-17	4.62e-17	3.12e-12	6.42e-12	3.17e-52
 8.25997e+14	1.50e-16	1.19e-11	1.41e-07	2.11e-04	9.98e-01	2.14e-03	0.00e+00	1.23e-17	3.70e-17	6.18e-17	3.90e-12	8.02e-12	7.11e-52
 8.56493e+14	1.99e-16	1.48e-11	1.63e-07	2.27e-04	9.98e-01	1.98e-03	0.00e+00	1.64e-17	4.91e-17	8.21e-17	4.83e-12	9.94e-12	1.57e-51
 8.84076e+14	2.54e-16	1.78e-11	1.85e-07	2.43e-04	9.98e-01	1.86e-03	0.00e+00	2.09e-17	6.27e-17	1.05e-16	5.82e-12	1.20e-11	3.09e-51
 9.14661e+14	3.31e-16	2.17e-11	2.12e-07	2.60e-04	9.98e-01	1.73e-03	0.00e+00	2.72e-17	8.16e-17	1.36e-16	7.11e-12	1.46e-11	6.44e-51
 9.50602e+14	4.44e-16	2.73e-11	2.49e-07	2.83e-04	9.98e-01	1.59e-03	0.00e+00	3.64e-17	1.09e-16	1.83e-16	8.90e-12	1.84e-11	1.46e-50
 9.86142e+14	5.90e-16	3.39e-11	2.88e-07	3.05e-04	9.98e-01	1.48e-03	0.00e+00	4.85e-17	1.46e-16	2.43e-16	1.11e-11	2.28e-11	3.26e-50
 1.01942e+15	7.60e-16	4.11e-11	3.30e-07	3.27e-04	9.98e-01	1.37e-03	0.00e+00	6.24e-17	1.87e-16	3.13e-16	1.34e-11	2.77e-11	6.61e-50
 1.05654e+15	9.97e-16	5.07e-11	3.82e-07	3.53e-04	9.98e-01	1.27e-03	0.00e+00	8.20e-17	2.46e-16	4.12e-16	1.65e-11	3.42e-11	1.42e-49
 1.09883e+15	1.34e-15	6.38e-11	4.48e-07	3.84e-04	9.98e-01	1.17e-03	0.00e+00	1.11e-16	3.32e-16	5.55e-16	2.08e-11	4.30e-11	3.29e-49
 1.13431e+15	1.71e-15	7.69e-11	5.10e-07	4.11e-04	9.98e-01	1.10e-03	0.00e+00	1.41e-16	4.23e-16	7.07e-16	2.51e-11	5.18e-11	6.51e-49
 1.15981e+15	2.02e-15	8.75e-11	5.59e-07	4.31e-04	9.99e-01	1.04e-03	0.00e+00	1.66e-16	5.00e-16	8.35e-16	2.85e-11	5.90e-11	1.04e-48
 1.18643e+15	2.40e-15	9.98e-11	6.13e-07	4.53e-04	9.99e-01	9.94e-04	0.00e+00	1.97e-16	5.93e-16	9.91e-16	3.25e-11	6.73e-11	1.68e-48
 1.22104e+15	2.97e-15	1.18e-10	6.90e-07	4.82e-04	9.99e-01	9.34e-04	0.00e+00	2.45e-16	7.35e-16	1.23e-15	3.84e-11	7.95e-11	3.09e-48
 1.25945e+15	3.74e-15	1.41e-10	7.83e-07	5.16e-04	9.99e-01	8.73e-04	0.00e+00	3.08e-16	9.26e-16	1.55e-15	4.59e-11	9.51e-11	5.94e-48
 1.29527e+15	4.59e-15	1.66e-10	8.79e-07	5.49e-04	9.99e-01	8.21e-04	0.00e+00	3.79e-16	1.14e-15	1.90e-15	5.40e-11	1.12e-10	1.07e-47
 1.33430e+15	5.72e-15	1.97e-10	9.92e-07	5.86e-04	9.99e-01	7.70e-04	0.00e+00	4.72e-16	1.42e-15	2.37e-15	6.40e-11	1.33e-10	1.99e-47
 1.37797e+15	7.24e-15	2.37e-10	1.13e-06	6.29e-04	9.99e-01	7.17e-04	0.00e+00	5.97e-16	1.79e-15	3.00e-15	7.70e-11	1.60e-10	3.91e-47
 1.41921e+15	8.96e-15	2.80e-10	1.28e-06	6.71e-04	9.99e-01	6.72e-04	0.00e+00	7.40e-16	2.22e-15	3.71e-15	9.11e-11	1.89e-10	7.21e-47
 1.46436e+15	1.12e-14	3.34e-10	1.45e-06	7.20e-04	9.99e-01	6.26e-04	0.00e+00	9.28e-16	2.79e-15	4.66e-15	1.09e-10	2.26e-10	1.38e-46
 1.51485e+15	1.43e-14	4.05e-10	1.67e-06	7.77e-04	9.99e-01	5.81e-04	0.00e+00	1.18e-15	3.55e-15	5.94e-15	1.32e-10	2.73e-10	2.78e-46
 1.56263e+15	1.78e-14	4.83e-10	1.90e-06	8.32e-04	9.99e-01	5.42e-04	0.00e+00	1.48e-15	4.44e-15	7.42e-15	1.57e-10	3.26e-10	5.29e-46
 1.61508e+15	2.25e-14	5.82e-10	2.17e-06	8.97e-04	9.99e-01	5.03e-04	0.00e+00	1.87e-15	5.60e-15	9.36e-15	1.89e-10	3.92e-10	1.04e-45
 1.67406e+15	2.89e-14	7.11e-10	2.52e-06	9.73e-04	9.99e-01	4.64e-04	0.00e+00	2.40e-15	7.21e-15	1.20e-14	2.31e-10	4.80e-10	2.16e-45
 1.72995e+15	3.63e-14	8.54e-10	2.88e-06	1.05e-03	9.99e-01	4.30e-04	0.00e+00	3.01e-15	9.05e-15	1.51e-14	2.78e-10	5.76e-10	4.23e-45
 1.79105e+15	4.40e-14	1.03e-09	3.32e-06	1.14e-03	9.98e-01	3.98e-04	0.00e+00	3.66e-15	1.10e-14	1.84e-14	3.37e-10	6.98e-10	8.40e-45
 1.85894e+15	5.63e-14	1.27e-09	3.87e-06	1.24e-03	9.98e-01	3.65e-04	0.00e+00	4.68e-15	1.41e-14	2.35e-14	4.14e-10	8.57e-10	1.78e-44
 1.92188e+15	6.99e-14	1.53e-09	4.44e-06	1.33e-03	9.98e-01	3.38e-04	0.00e+00	5.83e-15	1.75e-14	2.92e-14	4.97e-10	1.03e-09	3.49e-44
 1.98995e+15	8.77e-14	1.85e-09	5.12e-06	1.45e-03	9.98e-01	3.12e-04	0.00e+00	7.32e-15	2.20e-14	3.67e-14	6.01e-10	1.24e-09	7.04e-44
 2.06644e+15	1.12e-13	2.27e-09	5.97e-06	1.58e-03	9.98e-01	2.86e-04	0.00e+00	9.33e-15	2.80e-14	4.68e-14	7.39e-10	1.53e-09	1.50e-43
 2.13870e+15	1.38e-13	2.73e-09	6.87e-06	1.71e-03	9.98e-01	2.64e-04	0.00e+00	1.16e-14	3.48e-14	5.81e-14	8.90e-10	1.84e-09	3.00e-43
 2.21642e+15	1.73e-13	3.31e-09	7.95e-06	1.86e-03	9.98e-01	2.43e-04	0.00e+00	1.45e-14	4.36e-14	7.28e-14	1.08e-09	2.23e-09	6.15e-43
 2.30306e+15	2.19e-13	4.07e-09	9.29e-06	2.03e-03	9.98e-01	2.22e-04	0.00e+00	1.84e-14	5.52e-14	9.22e-14	1.33e-09	2.75e-09	1.33e-42
 2.38595e+15	2.71e-13	4.93e-09	1.07e-05	2.20e-03	9.98e-01	2.05e-04	0.00e+00	2.28e-14	6.83e-14	1.14e-13	1.61e-09	3.32e-09	2.76e-42
 2.45387e+15	3.19e-13	5.72e-09	1.20e-05	2.35e-03	9.97e-01	1.92e-04	0.00e+00	2.68e-14	8.06e-14	1.35e-13	1.87e-09	3.85e-09	4.84e-42
 2.50827e+15	3.63e-13	6.43e-09	1.31e-05	2.48e-03	9.97e-01	1.82e-04	0.00e+00	3.06e-14	9.18e-14	1.53e-13	2.10e-09	4.33e-09	7.52e-42
 2.56851e+15	4.19e-13	7.30e-09	1.45e-05	2.62e-03	9.97e-01	1.72e-04	0.00e+00	3.53e-14	1.06e-13	1.77e-13	2.38e-09	4.92e-09	1.21e-41
 2.64683e+15	4.99e-13	8.57e-09	1.63e-05	2.81e-03	9.97e-01	1.60e-04	0.00e+00	4.21e-14	1.26e-13	2.11e-13	2.80e-09	5.77e-09	2.21e-41
 2.72995e+15	5.95e-13	1.01e-08	1.85e-05	3.02e-03	9.97e-01	1.49e-04	0.00e+00	5.02e-14	1.51e-13	2.52e-13	3.30e-09	6.80e-09	4.11e-41
 2.80245e+15	6.90e-13	1.16e-08	2.06e-05	3.21e-03	9.97e-01	1.40e-04	0.00e+00	5.83e-14	1.75e-13	2.93e-13	3.79e-09	7.81e-09	6.91e-41
 2.87981e+15	8.06e-13	1.34e-08	2.30e-05	3.42e-03	9.96e-01	1.32e-04	0.00e+00	6.83e-14	2.05e-13	3.42e-13	4.39e-09	9.02e-09	1.20e-40
 2.98038e+15	9.80e-13	1.61e-08	2.64e-05	3.71e-03	9.96e-01	1.21e-04	0.00e+00	8.30e-14	2.49e-13	4.16e-13	5.28e-09	1.08e-08	2.42e-40
 3.08292e+15	1.18e-12	1.93e-08	3.02e-05	4.01e-03	9.96e-01	1.12e-04	0.00e+00	9.98e-14	3.00e-13	5.01e-13	6.32e-09	1.30e-08	4.79e-40
 3.16688e+15	1.36e-12	2.22e-08	3.37e-05	4.27e-03	9.96e-01	1.05e-04	0.00e+00	1.16e-13	3.48e-13	5.81e-13	7.27e-09	1.49e-08	8.21e-40
 3.25487e+15	1.59e-12	2.57e-08	3.76e-05	4.55e-03	9.95e-01	9.86e-05	0.00e+00	1.35e-13	4.05e-13	6.77e-13	8.42e-09	1.73e-08	1.46e-39
 3.36926e+15	1.92e-12	3.09e-08	4.32e-05	4.93e-03	9.95e-01	9.09e-05	0.00e+00	1.63e-13	4.90e-13	8.18e-13	1.01e-08	2.08e-08	3.03e-39
 3.49004e+15	2.31e-12	3.73e-08	4.98e-05	5.36e-03	9.95e-01	8.37e-05	0.00e+00	1.97e-13	5.91e-13	9.86e-13	1.22e-08	2.51e-08	6.32e-39
 3.59547e+15	2.69e-12	4.37e-08	5.61e-05	5.74e-03	9.94e-01	7.80e-05	0.00e+00	2.30e-13	6.91e-13	1.15e-12	1.43e-08	2.93e-08	1.18e-38
 3.70885e+15	3.19e-12	5.15e-08	6.35e-05	6.17e-03	9.94e-01	7.25e-05	0.00e+00	2.73e-13	8.19e-13	1.37e-12	1.69e-08	3.46e-08	2.27e-38
 3.84841e+15	3.89e-12	6.28e-08	7.37e-05	6.72e-03	9.93e-01	6.65e-05	0.00e+00	3.33e-13	9.99e-13	1.67e-12	2.06e-08	4.22e-08	4.91e-38
 3.99060e+15	4.68e-12	7.62e-08	8.52e-05	7.32e-03	9.93e-01	6.10e-05	0.00e+00	4.01e-13	1.20e-12	2.01e-12	2.50e-08	5.11e-08	1.04e-37
 4.11809e+15	5.49e-12	9.00e-08	9.66e-05	7.87e-03	9.92e-01	5.67e-05	0.00e+00	4.72e-13	1.42e-12	2.37e-12	2.96e-08	6.04e-08	2.01e-37
 4.25787e+15	6.57e-12	1.08e-07	1.10e-04	8.51e-03	9.91e-01	5.24e-05	0.00e+00	5.65e-13	1.70e-12	2.83e-12	3.54e-08	7.23e-08	4.07e-37
 4.42364e+15	8.02e-12	1.32e-07	1.29e-04	9.30e-03	9.91e-01	4.79e-05	0.00e+00	6.91e-13	2.07e-12	3.46e-12	4.35e-08	8.88e-08	9.03e-37
 4.58692e+15	9.62e-12	1.61e-07	1.49e-04	1.01e-02	9.90e-01	4.41e-05	0.00e+00	8.30e-13	2.49e-12	4.16e-12	5.29e-08	1.08e-07	1.92e-36
 4.73591e+15	1.14e-11	1.90e-07	1.69e-04	1.09e-02	9.89e-01	4.09e-05	0.00e+00	9.87e-13	2.96e-12	4.95e-12	6.27e-08	1.28e-07	3.70e-36
 4.86527e+15	1.29e-11	2.20e-07	1.89e-04	1.16e-02	9.88e-01	3.84e-05	0.00e+00	1.12e-12	3.35e-12	5.60e-12	7.25e-08	1.48e-07	6.40e-36
 4.97584e+15	1.44e-11	2.48e-07	2.06e-04	1.22e-02	9.88e-01	3.64e-05	0.00e+00	1.25e-12	3.74e-12	6.24e-12	8.16e-08	1.66e-07	1.02e-35
 5.09932e+15	1.64e-11	2.83e-07	2.28e-04	1.29e-02	9.87e-01	3.44e-05	0.00e+00	1.42e-12	4.26e-12	7.11e-12	9.32e-08	1.90e-07	1.69e-35
 5.25984e+15	1.97e-11	3.36e-07	2.58e-04	1.39e-02	9.86e-01	3.21e-05	0.00e+00	1.71e-12	5.13e-12	8.56e-12	1.11e-07	2.25e-07	3.20e-35
 5.42660e+15	2.30e-11	3.97e-07	2.93e-04	1.49e-02	9.85e-01	2.99e-05	0.00e+00	2.00e-12	6.00e-12	1.00e-11	1.31e-07	2.66e-07	6.02e-35
 5.56548e+15	2.65e-11	4.56e-07	3.24e-04	1.58e-02	9.84e-01	2.82e-05	0.00e+00	2.30e-12	6.91e-12	1.15e-11	1.50e-07	3.05e-07	1.00e-34
 5.71004e+15	3.06e-11	5.25e-07	3.59e-04	1.68e-02	9.83e-01	2.66e-05	0.00e+00	2.66e-12	7.98e-12	1.33e-11	1.73e-07	3.52e-07	1.71e-34
 5.89796e+15	3.67e-11	6.29e-07	4.10e-04	1.81e-02	9.81e-01	2.47e-05	0.00e+00	3.20e-12	9.60e-12	1.60e-11	2.08e-07	4.21e-07	3.35e-34
 6.09256e+15	4.37e-11	7.51e-07	4.67e-04	1.96e-02	9.80e-01	2.29e-05	0.00e+00	3.81e-12	1.14e-11	1.91e-11	2.48e-07	5.03e-07	6.44e-34
 6.25555e+15	5.05e-11	8.68e-07	5.20e-04	2.08e-02	9.79e-01	2.16e-05	0.00e+00	4.41e-12	1.32e-11	2.21e-11	2.87e-07	5.82e-07	1.09e-33
 6.42715e+15	5.91e-11	1.01e-06	5.81e-04	2.22e-02	9.77e-01	2.04e-05	0.00e+00	5.17e-12	1.55e-11	2.59e-11	3.34e-07	6.77e-07	1.89e-33
 6.65023e+15	7.23e-11	1.22e-06	6.68e-04	2.40e-02	9.75e-01	1.88e-05	0.00e+00	6.33e-12	1.90e-11	3.17e-11	4.04e-07	8.19e-07	3.80e-33
 6.88271e+15	8.77e-11	1.48e-06	7.68e-04	2.60e-02	9.73e-01	1.75e-05	0.00e+00	7.69e-12	2.31e-11	3.85e-11	4.89e-07	9.91e-07	7.45e-33
 7.07922e+15	1.03e-10	1.73e-06	8.62e-04	2.78e-02	9.71e-01	1.65e-05	0.00e+00	9.05e-12	2.71e-11	4.53e-11	5.73e-07	1.16e-06	1.27e-32
 7.28647e+15	1.23e-10	2.04e-06	9.72e-04	2.98e-02	9.69e-01	1.55e-05	0.00e+00	1.08e-11	3.26e-11	5.43e-11	6.75e-07	1.37e-06	2.25e-32
 7.55170e+15	1.53e-10	2.50e-06	1.13e-03	3.24e-02	9.66e-01	1.43e-05	0.00e+00	1.35e-11	4.04e-11	6.74e-11	8.28e-07	1.67e-06	4.61e-32
 7.82045e+15	1.88e-10	3.04e-06	1.30e-03	3.52e-02	9.63e-01	1.33e-05	0.00e+00	1.66e-11	4.97e-11	8.29e-11	1.01e-06	2.04e-06	8.91e-32
 8.04633e+15	2.24e-10	3.57e-06	1.46e-03	3.77e-02	9.61e-01	1.25e-05	0.00e+00	1.97e-11	5.92e-11	9.87e-11	1.18e-06	2.39e-06	1.53e-31
 8.28831e+15	2.71e-10	4.25e-06	1.66e-03	4.04e-02	9.58e-01	1.18e-05	0.00e+00	2.40e-11	7.19e-11	1.20e-10	1.41e-06	2.84e-06	2.73e-31
 8.55967e+15	3.30e-10	5.10e-06	1.90e-03	4.37e-02	9.54e-01	1.10e-05	0.00e+00	2.92e-11	8.76e-11	1.46e-10	1.69e-06	3.41e-06	5.01e-31
 8.81664e+15	3.96e-10	6.04e-06	2.15e-03	4.69e-02	9.51e-01	1.04e-05	0.00e+00	3.50e-11	1.05e-10	1.75e-10	2.00e-06	4.04e-06	8.65e-31
 9.03981e+15	4.61e-10	6.96e-06	2.39e-03	4.98e-02	9.48e-01	9.89e-06	0.00e+00	4.08e-11	1.22e-10	2.04e-10	2.30e-06	4.65e-06	1.36e-30
 9.27161e+15	5.45e-10	8.09e-06	2.67e-03	5.30e-02	9.44e-01	9.41e-06	0.00e+00	4.84e-11	1.45e-10	2.42e-10	2.68e-06	5.41e-06	2.22e-30
 9.52199e+15	6.44e-10	9.42e-06	3.00e-03	5.66e-02	9.40e-01	8.93e-06	0.00e+00	5.72e-11	1.72e-10	2.86e-10	3.12e-06	6.30e-06	3.59e-30
 9.75285e+15	7.55e-10	1.08e-05	3.33e-03	6.00e-02	9.37e-01	8.54e-06	0.00e+00	6.71e-11	2.01e-10	3.36e-10	3.59e-06	7.24e-06	5.53e-30
 1.00093e+16	8.97e-10	1.27e-05	3.74e-03	6.41e-02	9.32e-01	8.11e-06	0.00e+00	7.97e-11	2.39e-10	3.99e-10	4.20e-06	8.47e-06	9.09e-30
 1.02845e+16	1.08e-09	1.49e-05	4.21e-03	6.87e-02	9.27e-01	7.73e-06	0.00e+00	9.63e-11	2.89e-10	4.82e-10	4.93e-06	9.93e-06	1.47e-29
 1.05365e+16	1.26e-09	1.71e-05	4.69e-03	7.30e-02	9.22e-01	7.39e-06	0.00e+00	1.13e-10	3.38e-10	5.64e-10	5.68e-06	1.15e-05	2.26e-29
 1.08166e+16	1.54e-09	2.02e-05	5.30e-03	7.81e-02	9.17e-01	7.05e-06	0.00e+00	1.37e-10	4.11e-10	6.85e-10	6.70e-06	1.35e-05	3.74e-29
 1.11180e+16	1.85e-09	2.38e-05	6.01e-03	8.39e-02	9.10e-01	6.71e-06	0.00e+00	1.65e-10	4.95e-10	8.26e-10	7.90e-06	1.59e-05	6.08e-29
 1.13969e+16	2.19e-09	2.77e-05	6.74e-03	8.94e-02	9.04e-01	6.42e-06	0.00e+00	1.96e-10	5.87e-10	9.78e-10	9.19e-06	1.85e-05	9.43e-29
 1.17097e+16	2.69e-09	3.30e-05	7.70e-03	9.63e-02	8.96e-01	6.12e-06	0.00e+00	2.41e-10	7.22e-10	1.20e-09	1.09e-05	2.20e-05	1.60e-28
 1.20391e+16	3.30e-09	3.92e-05	8.79e-03	1.04e-01	8.88e-01	5.85e-06	0.00e+00	2.96e-10	8.88e-10	1.48e-09	1.30e-05	2.62e-05	2.58e-28
 1.23237e+16	3.87e-09	4.53e-05	9.85e-03	1.10e-01	8.80e-01	5.62e-06	0.00e+00	3.48e-10	1.04e-09	1.74e-09	1.51e-05	3.03e-05	3.88e-28
 1.26273e+16	4.70e-09	5.35e-05	1.12e-02	1.18e-01	8.71e-01	5.39e-06	0.00e+00	4.22e-10	1.27e-09	2.11e-09	1.78e-05	3.57e-05	6.26e-28
 1.29582e+16	5.80e-09	6.35e-05	1.28e-02	1.27e-01	8.60e-01	5.18e-06	0.00e+00	5.22e-10	1.56e-09	2.61e-09	2.11e-05	4.24e-05	1.01e-27
 1.32571e+16	6.99e-09	7.40e-05	1.44e-02	1.36e-01	8.50e-01	5.00e-06	0.00e+00	6.30e-10	1.89e-09	3.15e-09	2.46e-05	4.94e-05	1.52e-27
 1.35784e+16	8.50e-09	8.80e-05	1.65e-02	1.45e-01	8.38e-01	4.81e-06	0.00e+00	7.66e-10	2.30e-09	3.83e-09	2.92e-05	5.87e-05	2.47e-27
 1.39238e+16	1.06e-08	1.05e-04	1.90e-02	1.57e-01	8.24e-01	4.63e-06	0.00e+00	9.60e-10	2.88e-09	4.80e-09	3.50e-05	7.03e-05	4.02e-27
 1.42101e+16	1.27e-08	1.22e-04	2.13e-02	1.66e-01	8.12e-01	4.51e-06	0.00e+00	1.15e-09	3.44e-09	5.73e-09	4.04e-05	8.12e-05	5.84e-27
 1.44478e+16	1.47e-08	1.38e-04	2.35e-02	1.75e-01	8.01e-01	4.41e-06	0.00e+00	1.33e-09	3.99e-09	6.66e-09	4.59e-05	9.20e-05	8.19e-27
 1.47131e+16	1.75e-08	1.59e-04	2.63e-02	1.85e-01	7.88e-01	4.29e-06	0.00e+00	1.58e-09	4.75e-09	7.92e-09	5.30e-05	1.06e-04	1.21e-26
 1.50095e+16	2.16e-08	1.88e-04	2.99e-02	1.98e-01	7.72e-01	4.18e-06	0.00e+00	1.96e-09	5.86e-09	9.78e-09	6.25e-05	1.25e-04	1.89e-26
 1.52811e+16	2.55e-08	2.17e-04	3.36e-02	2.09e-01	7.57e-01	4.07e-06	0.00e+00	2.31e-09	6.92e-09	1.15e-08	7.20e-05	1.45e-04	2.70e-26
 1.55237e+16	3.00e-08	2.48e-04	3.74e-02	2.21e-01	7.42e-01	3.99e-06	0.00e+00	2.72e-09	8.17e-09	1.36e-08	8.25e-05	1.65e-04	3.86e-26
 1.57936e+16	3.66e-08	2.91e-04	4.23e-02	2.34e-01	7.23e-01	3.90e-06	0.00e+00	3.33e-09	9.97e-09	1.66e-08	9.67e-05	1.94e-04	5.97e-26
 1.60771e+16	4.55e-08	3.43e-04	4.83e-02	2.49e-01	7.03e-01	3.85e-06	0.00e+00	4.14e-09	1.24e-08	2.07e-08	1.14e-04	2.29e-04	9.38e-26
 1.63139e+16	5.40e-08	3.94e-04	5.38e-02	2.62e-01	6.84e-01	3.79e-06	0.00e+00	4.91e-09	1.47e-08	2.46e-08	1.31e-04	2.63e-04	1.33e-25
