#depth	He	He+	He+2
 1.49634e+10	8.90e-23	6.20e-12	1.00e+00
 4.54887e+10	1.00e-22	6.72e-12	1.00e+00
 7.72350e+10	1.12e-22	7.27e-12	1.00e+00
 1.10251e+11	1.26e-22	7.87e-12	1.00e+00
 1.44588e+11	1.41e-22	8.52e-12	1.00e+00
 1.80298e+11	1.59e-22	9.23e-12	1.00e+00
 2.17437e+11	1.79e-22	1.00e-11	1.00e+00
 2.56061e+11	2.01e-22	1.08e-11	1.00e+00
 2.93535e+11	2.26e-22	1.17e-11	1.00e+00
 3.29011e+11	2.50e-22	1.25e-11	1.00e+00
 3.68603e+11	2.80e-22	1.35e-11	1.00e+00
 4.13274e+11	3.18e-22	1.46e-11	1.00e+00
 4.58324e+11	3.59e-22	1.58e-11	1.00e+00
 5.05175e+11	4.06e-22	1.71e-11	1.00e+00
 5.50051e+11	4.57e-22	1.84e-11	1.00e+00
 5.88790e+11	5.03e-22	1.95e-11	1.00e+00
 6.31201e+11	5.57e-22	2.08e-11	1.00e+00
 6.83240e+11	6.32e-22	2.25e-11	1.00e+00
 7.35826e+11	7.17e-22	2.42e-11	1.00e+00
 7.82631e+11	7.97e-22	2.59e-11	1.00e+00
 8.33885e+11	8.91e-22	2.77e-11	1.00e+00
 8.95076e+11	1.02e-21	3.00e-11	1.00e+00
 9.55767e+11	1.16e-21	3.24e-11	1.00e+00
 1.01109e+12	1.30e-21	3.47e-11	1.00e+00
 1.07284e+12	1.47e-21	3.73e-11	1.00e+00
 1.14486e+12	1.70e-21	4.05e-11	1.00e+00
 1.21587e+12	1.95e-21	4.38e-11	1.00e+00
 1.28322e+12	2.21e-21	4.71e-11	1.00e+00
 1.35798e+12	2.52e-21	5.09e-11	1.00e+00
 1.44223e+12	2.93e-21	5.53e-11	1.00e+00
 1.52724e+12	3.39e-21	6.01e-11	1.00e+00
 1.61070e+12	3.89e-21	6.50e-11	1.00e+00
 1.70009e+12	4.48e-21	7.04e-11	1.00e+00
 1.79802e+12	5.23e-21	7.68e-11	1.00e+00
 1.89634e+12	6.06e-21	8.34e-11	1.00e+00
 1.99860e+12	7.01e-21	9.07e-11	1.00e+00
 2.09993e+12	8.10e-21	9.83e-11	1.00e+00
 2.18678e+12	9.11e-21	1.05e-10	1.00e+00
 2.27732e+12	1.02e-20	1.12e-10	1.00e+00
 2.39004e+12	1.18e-20	1.22e-10	1.00e+00
 2.50531e+12	1.37e-20	1.32e-10	1.00e+00
 2.60787e+12	1.54e-20	1.42e-10	1.00e+00
 2.72017e+12	1.75e-20	1.53e-10	1.00e+00
 2.85428e+12	2.04e-20	1.67e-10	1.00e+00
 2.98996e+12	2.37e-20	1.81e-10	1.00e+00
 3.11812e+12	2.70e-20	1.96e-10	1.00e+00
 3.25984e+12	3.11e-20	2.13e-10	1.00e+00
 3.42016e+12	3.64e-20	2.33e-10	1.00e+00
 3.58064e+12	4.23e-20	2.54e-10	1.00e+00
 3.74753e+12	4.90e-20	2.77e-10	1.00e+00
 3.92736e+12	5.72e-20	3.04e-10	1.00e+00
 4.11438e+12	6.67e-20	3.33e-10	1.00e+00
 4.28946e+12	7.68e-20	3.62e-10	1.00e+00
 4.44493e+12	8.63e-20	3.88e-10	1.00e+00
 4.61912e+12	9.78e-20	4.20e-10	1.00e+00
 4.82690e+12	1.13e-19	4.59e-10	1.00e+00
 5.03637e+12	1.31e-19	5.01e-10	1.00e+00
 5.23307e+12	1.49e-19	5.43e-10	1.00e+00
 5.45116e+12	1.70e-19	5.91e-10	1.00e+00
 5.69913e+12	1.98e-19	6.49e-10	1.00e+00
 5.94152e+12	2.27e-19	7.09e-10	1.00e+00
 6.14995e+12	2.55e-19	7.63e-10	1.00e+00
 6.33389e+12	2.81e-19	8.12e-10	1.00e+00
 6.54429e+12	3.12e-19	8.72e-10	1.00e+00
 6.81144e+12	3.57e-19	9.52e-10	1.00e+00
 7.08686e+12	4.07e-19	1.04e-09	1.00e+00
 7.32517e+12	4.54e-19	1.12e-09	1.00e+00
 7.58072e+12	5.06e-19	1.20e-09	1.00e+00
 7.89464e+12	5.78e-19	1.32e-09	1.00e+00
 8.21292e+12	6.58e-19	1.44e-09	1.00e+00
 8.49770e+12	7.34e-19	1.56e-09	1.00e+00
 8.81040e+12	8.23e-19	1.69e-09	1.00e+00
 9.18184e+12	9.40e-19	1.85e-09	1.00e+00
 9.55302e+12	1.07e-18	2.03e-09	1.00e+00
 9.89953e+12	1.20e-18	2.20e-09	1.00e+00
 1.02859e+13	1.35e-18	2.40e-09	1.00e+00
 1.07072e+13	1.54e-18	2.64e-09	1.00e+00
 1.10989e+13	1.72e-18	2.87e-09	1.00e+00
 1.15263e+13	1.94e-18	3.13e-09	1.00e+00
 1.20076e+13	2.21e-18	3.44e-09	1.00e+00
 1.24709e+13	2.49e-18	3.76e-09	1.00e+00
 1.28840e+13	2.76e-18	4.05e-09	1.00e+00
 1.33216e+13	3.07e-18	4.38e-09	1.00e+00
 1.38150e+13	3.45e-18	4.76e-09	1.00e+00
 1.42610e+13	3.83e-18	5.12e-09	1.00e+00
 1.46533e+13	4.18e-18	5.45e-09	1.00e+00
 1.50956e+13	4.62e-18	5.84e-09	1.00e+00
 1.56675e+13	5.23e-18	6.36e-09	1.00e+00
 1.62648e+13	5.94e-18	6.93e-09	1.00e+00
 1.67784e+13	6.62e-18	7.44e-09	1.00e+00
 1.73263e+13	7.40e-18	7.99e-09	1.00e+00
 1.80036e+13	8.48e-18	8.72e-09	1.00e+00
 1.87038e+13	9.72e-18	9.50e-09	1.00e+00
 1.93329e+13	1.10e-17	1.02e-08	1.00e+00
 2.00152e+13	1.25e-17	1.10e-08	1.00e+00
 2.08238e+13	1.44e-17	1.21e-08	1.00e+00
 2.16208e+13	1.66e-17	1.31e-08	1.00e+00
 2.23500e+13	1.88e-17	1.41e-08	1.00e+00
 2.31668e+13	2.16e-17	1.52e-08	1.00e+00
 2.41160e+13	2.52e-17	1.66e-08	1.00e+00
 2.50499e+13	2.92e-17	1.81e-08	1.00e+00
 2.58642e+13	3.31e-17	1.94e-08	1.00e+00
 2.65612e+13	3.67e-17	2.05e-08	1.00e+00
 2.73185e+13	4.09e-17	2.18e-08	1.00e+00
 2.83030e+13	4.70e-17	2.35e-08	1.00e+00
 2.93257e+13	5.41e-17	2.53e-08	1.00e+00
 3.01879e+13	6.07e-17	2.70e-08	1.00e+00
 3.10987e+13	6.83e-17	2.87e-08	1.00e+00
 3.22607e+13	7.90e-17	3.10e-08	1.00e+00
 3.34691e+13	9.15e-17	3.36e-08	1.00e+00
 3.45260e+13	1.04e-16	3.58e-08	1.00e+00
 3.56661e+13	1.18e-16	3.84e-08	1.00e+00
 3.69537e+13	1.36e-16	4.14e-08	1.00e+00
 3.81809e+13	1.55e-16	4.43e-08	1.00e+00
 3.95239e+13	1.78e-16	4.77e-08	1.00e+00
 4.10034e+13	2.07e-16	5.15e-08	1.00e+00
 4.23637e+13	2.36e-16	5.52e-08	1.00e+00
 4.38352e+13	2.70e-16	5.93e-08	1.00e+00
 4.54842e+13	3.14e-16	6.41e-08	1.00e+00
 4.70423e+13	3.60e-16	6.87e-08	1.00e+00
 4.87463e+13	4.16e-16	7.40e-08	1.00e+00
 5.06423e+13	4.85e-16	8.02e-08	1.00e+00
 5.24177e+13	5.58e-16	8.62e-08	1.00e+00
 5.43405e+13	6.46e-16	9.29e-08	1.00e+00
 5.64937e+13	7.56e-16	1.01e-07	1.00e+00
 5.85595e+13	8.75e-16	1.09e-07	1.00e+00
 6.07582e+13	1.02e-15	1.17e-07	1.00e+00
 6.32185e+13	1.19e-15	1.27e-07	1.00e+00
 6.56487e+13	1.39e-15	1.38e-07	1.00e+00
 6.81761e+13	1.62e-15	1.49e-07	1.00e+00
 7.07181e+13	1.88e-15	1.61e-07	1.00e+00
 7.30122e+13	2.14e-15	1.71e-07	1.00e+00
 7.50917e+13	2.40e-15	1.82e-07	1.00e+00
 7.73362e+13	2.70e-15	1.93e-07	1.00e+00
 8.01918e+13	3.12e-15	2.08e-07	1.00e+00
 8.30550e+13	3.59e-15	2.23e-07	1.00e+00
 8.54241e+13	4.02e-15	2.36e-07	1.00e+00
 8.79378e+13	4.52e-15	2.51e-07	1.00e+00
 9.11608e+13	5.22e-15	2.70e-07	1.00e+00
 9.45446e+13	6.04e-15	2.91e-07	1.00e+00
 9.75059e+13	6.83e-15	3.09e-07	1.00e+00
 1.00679e+14	7.75e-15	3.30e-07	1.00e+00
 1.04537e+14	9.00e-15	3.56e-07	1.00e+00
 1.08378e+14	1.04e-14	3.82e-07	1.00e+00
 1.11776e+14	1.17e-14	4.07e-07	1.00e+00
 1.15507e+14	1.34e-14	4.34e-07	1.00e+00
 1.19983e+14	1.55e-14	4.69e-07	1.00e+00
 1.24447e+14	1.79e-14	5.04e-07	1.00e+00
 1.28515e+14	2.03e-14	5.37e-07	1.00e+00
 1.33049e+14	2.33e-14	5.76e-07	1.00e+00
 1.38339e+14	2.71e-14	6.22e-07	1.00e+00
 1.43545e+14	3.13e-14	6.70e-07	1.00e+00
 1.48461e+14	3.57e-14	7.16e-07	1.00e+00
 1.53932e+14	4.11e-14	7.70e-07	1.00e+00
 1.60119e+14	4.80e-14	8.32e-07	1.00e+00
 1.66321e+14	5.56e-14	8.98e-07	1.00e+00
 1.72770e+14	6.45e-14	9.68e-07	1.00e+00
 1.79216e+14	7.44e-14	1.04e-06	1.00e+00
 1.84543e+14	8.33e-14	1.10e-06	1.00e+00
 1.89064e+14	9.15e-14	1.16e-06	1.00e+00
 1.94213e+14	1.02e-13	1.22e-06	1.00e+00
 2.00907e+14	1.16e-13	1.31e-06	1.00e+00
 2.07990e+14	1.33e-13	1.41e-06	1.00e+00
 2.14160e+14	1.49e-13	1.49e-06	1.00e+00
 2.20763e+14	1.67e-13	1.59e-06	1.00e+00
 2.29000e+14	1.93e-13	1.71e-06	1.00e+00
 2.37422e+14	2.22e-13	1.84e-06	1.00e+00
 2.44893e+14	2.50e-13	1.96e-06	1.00e+00
 2.53070e+14	2.84e-13	2.10e-06	1.00e+00
 2.62229e+14	3.26e-13	2.25e-06	1.00e+00
 2.70846e+14	3.70e-13	2.41e-06	1.00e+00
 2.80227e+14	4.22e-13	2.58e-06	1.00e+00
 2.90613e+14	4.86e-13	2.79e-06	1.00e+00
 3.00228e+14	5.52e-13	2.98e-06	1.00e+00
 3.10652e+14	6.29e-13	3.20e-06	1.00e+00
 3.22288e+14	7.25e-13	3.45e-06	1.00e+00
 3.33203e+14	8.24e-13	3.70e-06	1.00e+00
 3.45096e+14	9.44e-13	3.98e-06	1.00e+00
 3.58343e+14	1.09e-12	4.30e-06	1.00e+00
 3.70754e+14	1.24e-12	4.62e-06	1.00e+00
 3.84187e+14	1.42e-12	4.97e-06	1.00e+00
 3.99195e+14	1.65e-12	5.39e-06	1.00e+00
 4.13520e+14	1.88e-12	5.79e-06	1.00e+00
 4.28807e+14	2.16e-12	6.25e-06	1.00e+00
 4.45990e+14	2.51e-12	6.78e-06	1.00e+00
 4.61923e+14	2.86e-12	7.29e-06	1.00e+00
 4.75863e+14	3.20e-12	7.76e-06	1.00e+00
 4.91428e+14	3.61e-12	8.30e-06	1.00e+00
 5.07640e+14	4.08e-12	8.88e-06	1.00e+00
 5.21307e+14	4.50e-12	9.38e-06	1.00e+00
 5.35691e+14	4.99e-12	9.93e-06	1.00e+00
 5.54390e+14	5.67e-12	1.07e-05	1.00e+00
 5.73750e+14	6.44e-12	1.14e-05	1.00e+00
 5.90002e+14	7.14e-12	1.21e-05	1.00e+00
 6.07163e+14	7.94e-12	1.29e-05	1.00e+00
 6.29215e+14	9.06e-12	1.39e-05	1.00e+00
 6.52213e+14	1.03e-11	1.49e-05	1.00e+00
 6.72204e+14	1.15e-11	1.59e-05	1.00e+00
 6.93698e+14	1.30e-11	1.70e-05	1.00e+00
 7.19978e+14	1.49e-11	1.83e-05	1.00e+00
 7.46395e+14	1.70e-11	1.97e-05	1.00e+00
 7.69790e+14	1.90e-11	2.10e-05	1.00e+00
 7.95343e+14	2.15e-11	2.25e-05	1.00e+00
 8.25997e+14	2.47e-11	2.44e-05	1.00e+00
 8.56493e+14	2.82e-11	2.62e-05	1.00e+00
 8.84076e+14	3.17e-11	2.80e-05	1.00e+00
 9.14661e+14	3.60e-11	3.01e-05	1.00e+00
 9.50602e+14	4.17e-11	3.27e-05	1.00e+00
 9.86142e+14	4.77e-11	3.52e-05	1.00e+00
 1.01942e+15	5.41e-11	3.78e-05	1.00e+00
 1.05654e+15	6.21e-11	4.08e-05	1.00e+00
 1.09883e+15	7.21e-11	4.43e-05	1.00e+00
 1.13431e+15	8.15e-11	4.74e-05	1.00e+00
 1.15981e+15	8.88e-11	4.97e-05	1.00e+00
 1.18643e+15	9.71e-11	5.22e-05	1.00e+00
 1.22104e+15	1.09e-10	5.55e-05	1.00e+00
 1.25945e+15	1.23e-10	5.94e-05	1.00e+00
 1.29527e+15	1.37e-10	6.31e-05	1.00e+00
 1.33430e+15	1.55e-10	6.73e-05	1.00e+00
 1.37797e+15	1.76e-10	7.22e-05	1.00e+00
 1.41921e+15	1.99e-10	7.70e-05	1.00e+00
 1.46436e+15	2.26e-10	8.25e-05	1.00e+00
 1.51485e+15	2.60e-10	8.89e-05	1.00e+00
 1.56263e+15	2.96e-10	9.52e-05	1.00e+00
 1.61508e+15	3.40e-10	1.02e-04	1.00e+00
 1.67406e+15	3.95e-10	1.11e-04	1.00e+00
 1.72995e+15	4.54e-10	1.20e-04	1.00e+00
 1.79105e+15	5.26e-10	1.29e-04	1.00e+00
 1.85894e+15	6.18e-10	1.41e-04	1.00e+00
 1.92188e+15	7.13e-10	1.52e-04	1.00e+00
 1.98995e+15	8.30e-10	1.64e-04	1.00e+00
 2.06644e+15	9.78e-10	1.79e-04	1.00e+00
 2.13870e+15	1.14e-09	1.93e-04	1.00e+00
 2.21642e+15	1.33e-09	2.09e-04	1.00e+00
 2.30306e+15	1.58e-09	2.29e-04	1.00e+00
 2.38595e+15	1.84e-09	2.48e-04	1.00e+00
 2.45387e+15	2.08e-09	2.64e-04	1.00e+00
 2.50827e+15	2.30e-09	2.77e-04	1.00e+00
 2.56851e+15	2.55e-09	2.93e-04	1.00e+00
 2.64683e+15	2.92e-09	3.14e-04	1.00e+00
 2.72995e+15	3.34e-09	3.36e-04	1.00e+00
 2.80245e+15	3.76e-09	3.57e-04	1.00e+00
 2.87981e+15	4.24e-09	3.80e-04	1.00e+00
 2.98038e+15	4.94e-09	4.10e-04	1.00e+00
 3.08292e+15	5.73e-09	4.43e-04	1.00e+00
 3.16688e+15	6.46e-09	4.71e-04	1.00e+00
 3.25487e+15	7.29e-09	5.00e-04	9.99e-01
 3.36926e+15	8.50e-09	5.41e-04	9.99e-01
 3.49004e+15	9.92e-09	5.85e-04	9.99e-01
 3.59547e+15	1.13e-08	6.26e-04	9.99e-01
 3.70885e+15	1.30e-08	6.71e-04	9.99e-01
 3.84841e+15	1.52e-08	7.28e-04	9.99e-01
 3.99060e+15	1.79e-08	7.89e-04	9.99e-01
 4.11809e+15	2.05e-08	8.46e-04	9.99e-01
 4.25787e+15	2.37e-08	9.11e-04	9.99e-01
 4.42364e+15	2.79e-08	9.91e-04	9.99e-01
 4.58692e+15	3.26e-08	1.07e-03	9.99e-01
 4.73591e+15	3.74e-08	1.15e-03	9.99e-01
 4.86527e+15	4.19e-08	1.22e-03	9.99e-01
 4.97584e+15	4.62e-08	1.28e-03	9.99e-01
 5.09932e+15	5.13e-08	1.35e-03	9.99e-01
 5.25984e+15	5.83e-08	1.44e-03	9.99e-01
 5.42660e+15	6.65e-08	1.54e-03	9.98e-01
 5.56548e+15	7.40e-08	1.63e-03	9.98e-01
 5.71004e+15	8.26e-08	1.72e-03	9.98e-01
 5.89796e+15	9.49e-08	1.85e-03	9.98e-01
 6.09256e+15	1.09e-07	1.98e-03	9.98e-01
 6.25555e+15	1.21e-07	2.10e-03	9.98e-01
 6.42715e+15	1.36e-07	2.22e-03	9.98e-01
 6.65023e+15	1.57e-07	2.39e-03	9.98e-01
 6.88271e+15	1.81e-07	2.57e-03	9.97e-01
 7.07922e+15	2.03e-07	2.73e-03	9.97e-01
 7.28647e+15	2.30e-07	2.90e-03	9.97e-01
 7.55170e+15	2.67e-07	3.14e-03	9.97e-01
 7.82045e+15	3.08e-07	3.37e-03	9.97e-01
 8.04633e+15	3.45e-07	3.58e-03	9.96e-01
 8.28831e+15	3.91e-07	3.82e-03	9.96e-01
 8.55967e+15	4.46e-07	4.09e-03	9.96e-01
 8.81664e+15	5.02e-07	4.36e-03	9.96e-01
 9.03981e+15	5.55e-07	4.59e-03	9.95e-01
 9.27161e+15	6.18e-07	4.86e-03	9.95e-01
 9.52199e+15	6.88e-07	5.15e-03	9.95e-01
 9.75285e+15	7.57e-07	5.43e-03	9.95e-01
 1.00093e+16	8.46e-07	5.76e-03	9.94e-01
 1.02845e+16	9.45e-07	6.12e-03	9.94e-01
 1.05365e+16	1.04e-06	6.46e-03	9.94e-01
 1.08166e+16	1.17e-06	6.88e-03	9.93e-01
 1.11180e+16	1.31e-06	7.34e-03	9.93e-01
 1.13969e+16	1.45e-06	7.78e-03	9.92e-01
 1.17097e+16	1.64e-06	8.35e-03	9.92e-01
 1.20391e+16	1.84e-06	8.94e-03	9.91e-01
 1.23237e+16	2.03e-06	9.48e-03	9.91e-01
 1.26273e+16	2.27e-06	1.02e-02	9.90e-01
 1.29582e+16	2.56e-06	1.09e-02	9.89e-01
 1.32571e+16	2.84e-06	1.16e-02	9.88e-01
 1.35784e+16	3.20e-06	1.26e-02	9.87e-01
 1.39238e+16	3.62e-06	1.36e-02	9.86e-01
 1.42101e+16	4.00e-06	1.45e-02	9.85e-01
 1.44478e+16	4.37e-06	1.54e-02	9.85e-01
 1.47131e+16	4.85e-06	1.65e-02	9.83e-01
 1.50095e+16	5.47e-06	1.79e-02	9.82e-01
 1.52811e+16	6.06e-06	1.92e-02	9.81e-01
 1.55237e+16	6.70e-06	2.06e-02	9.79e-01
 1.57936e+16	7.57e-06	2.24e-02	9.78e-01
 1.60771e+16	8.60e-06	2.44e-02	9.76e-01
 1.63139e+16	9.58e-06	2.64e-02	9.74e-01
 1.65246e+16	1.06e-05	2.84e-02	9.72e-01
 1.67660e+16	1.20e-05	3.11e-02	9.69e-01
 1.70239e+16	1.39e-05	3.44e-02	9.66e-01
 1.72407e+16	1.56e-05	3.77e-02	9.62e-01
 1.74273e+16	1.74e-05	4.09e-02	9.59e-01
 1.76372e+16	1.97e-05	4.52e-02	9.55e-01
 1.78645e+16	2.29e-05	5.06e-02	9.49e-01
 1.80594e+16	2.68e-05	5.62e-02	9.44e-01
 1.82148e+16	3.00e-05	6.14e-02	9.39e-01
 1.83740e+16	3.43e-05	6.78e-02	9.32e-01
 1.85500e+16	3.94e-05	7.60e-02	9.24e-01
 1.87127e+16	4.62e-05	8.52e-02	9.15e-01
 1.88444e+16	5.26e-05	9.38e-02	9.06e-01
 1.89521e+16	5.81e-05	1.02e-01	8.98e-01
 1.90736e+16	6.62e-05	1.13e-01	8.87e-01
 1.92316e+16	8.04e-05	1.30e-01	8.70e-01
 1.93765e+16	9.56e-05	1.49e-01	8.51e-01
 1.94613e+16	1.07e-04	1.62e-01	8.38e-01
 1.95148e+16	1.15e-04	1.71e-01	8.29e-01
 1.95707e+16	1.24e-04	1.81e-01	8.19e-01
 1.96434e+16	1.37e-04	1.96e-01	8.04e-01
 1.97244e+16	1.54e-04	2.14e-01	7.86e-01
 1.97968e+16	1.70e-04	2.32e-01	7.67e-01
 1.98714e+16	1.91e-04	2.54e-01	7.46e-01
 1.99484e+16	2.15e-04	2.77e-01	7.22e-01
 2.00106e+16	2.39e-04	2.98e-01	7.01e-01
 2.00599e+16	2.56e-04	3.16e-01	6.83e-01
 2.01097e+16	2.79e-04	3.36e-01	6.63e-01
 2.01745e+16	3.10e-04	3.64e-01	6.36e-01
 2.02448e+16	3.49e-04	3.95e-01	6.05e-01
 2.03032e+16	3.81e-04	4.22e-01	5.78e-01
 2.03602e+16	4.18e-04	4.50e-01	5.49e-01
 2.04223e+16	4.60e-04	4.82e-01	5.18e-01
 2.04909e+16	5.11e-04	5.18e-01	4.81e-01
 2.05648e+16	5.69e-04	5.58e-01	4.42e-01
 2.06314e+16	6.24e-04	5.93e-01	4.06e-01
 2.07037e+16	6.89e-04	6.31e-01	3.68e-01
 2.07845e+16	7.62e-04	6.72e-01	3.27e-01
 2.08626e+16	8.33e-04	7.09e-01	2.91e-01
 2.09504e+16	9.17e-04	7.47e-01	2.52e-01
 2.10646e+16	1.02e-03	7.91e-01	2.08e-01
 2.11621e+16	1.11e-03	8.21e-01	1.77e-01
 2.12175e+16	1.16e-03	8.37e-01	1.62e-01
 2.12687e+16	1.21e-03	8.51e-01	1.48e-01
 2.13353e+16	1.27e-03	8.67e-01	1.32e-01
 2.14219e+16	1.36e-03	8.86e-01	1.13e-01
 2.15137e+16	1.44e-03	9.01e-01	9.72e-02
 2.15935e+16	1.52e-03	9.13e-01	8.54e-02
 2.16784e+16	1.60e-03	9.24e-01	7.41e-02
 2.17731e+16	1.70e-03	9.34e-01	6.38e-02
 2.18554e+16	1.79e-03	9.42e-01	5.63e-02
 2.19225e+16	1.86e-03	9.47e-01	5.10e-02
 2.19952e+16	1.95e-03	9.52e-01	4.56e-02
 2.20897e+16	2.06e-03	9.58e-01	3.96e-02
 2.21815e+16	2.19e-03	9.63e-01	3.49e-02
 2.22472e+16	2.28e-03	9.66e-01	3.21e-02
 2.23101e+16	2.38e-03	9.68e-01	2.93e-02
 2.23919e+16	2.51e-03	9.71e-01	2.62e-02
 2.24743e+16	2.66e-03	9.74e-01	2.36e-02
 2.25369e+16	2.79e-03	9.75e-01	2.19e-02
 2.25885e+16	2.90e-03	9.77e-01	2.05e-02
 2.26466e+16	3.03e-03	9.78e-01	1.90e-02
 2.27220e+16	3.21e-03	9.79e-01	1.73e-02
 2.27969e+16	3.42e-03	9.81e-01	1.59e-02
 2.28520e+16	3.58e-03	9.82e-01	1.49e-02
 2.28969e+16	3.73e-03	9.82e-01	1.41e-02
 2.29475e+16	3.91e-03	9.83e-01	1.33e-02
 2.30133e+16	4.15e-03	9.84e-01	1.23e-02
 2.30791e+16	4.44e-03	9.84e-01	1.15e-02
 2.31285e+16	4.67e-03	9.84e-01	1.09e-02
 2.31695e+16	4.89e-03	9.85e-01	1.04e-02
 2.32159e+16	5.14e-03	9.85e-01	9.86e-03
 2.32763e+16	5.51e-03	9.85e-01	9.21e-03
 2.33370e+16	5.94e-03	9.85e-01	8.64e-03
 2.33833e+16	6.32e-03	9.85e-01	8.25e-03
 2.34222e+16	6.67e-03	9.85e-01	7.91e-03
 2.34663e+16	7.10e-03	9.85e-01	7.54e-03
 2.35238e+16	7.72e-03	9.85e-01	7.09e-03
 2.35830e+16	8.50e-03	9.85e-01	6.68e-03
 2.36304e+16	9.25e-03	9.84e-01	6.37e-03
 2.36702e+16	9.93e-03	9.84e-01	6.13e-03
 2.37143e+16	1.08e-02	9.83e-01	5.85e-03
 2.37636e+16	1.20e-02	9.82e-01	5.56e-03
 2.38060e+16	1.32e-02	9.81e-01	5.34e-03
 2.38385e+16	1.43e-02	9.81e-01	5.18e-03
 2.38718e+16	1.56e-02	9.79e-01	5.00e-03
 2.39090e+16	1.72e-02	9.78e-01	4.82e-03
 2.39422e+16	1.90e-02	9.76e-01	4.68e-03
 2.39693e+16	2.08e-02	9.75e-01	4.56e-03
 2.39938e+16	2.26e-02	9.73e-01	4.45e-03
 2.40219e+16	2.49e-02	9.71e-01	4.33e-03
 2.40520e+16	2.79e-02	9.68e-01	4.22e-03
 2.40774e+16	3.11e-02	9.65e-01	4.13e-03
 2.40981e+16	3.40e-02	9.62e-01	4.07e-03
 2.41169e+16	3.71e-02	9.59e-01	4.01e-03
 2.41383e+16	4.11e-02	9.55e-01	3.94e-03
 2.41620e+16	4.64e-02	9.50e-01	3.89e-03
 2.41831e+16	5.21e-02	9.44e-01	3.84e-03
 2.42007e+16	5.78e-02	9.38e-01	3.82e-03
 2.42165e+16	6.38e-02	9.32e-01	3.80e-03
 2.42343e+16	7.13e-02	9.25e-01	3.78e-03
 2.42533e+16	8.08e-02	9.15e-01	3.78e-03
 2.42690e+16	9.04e-02	9.06e-01	3.79e-03
 2.42819e+16	9.93e-02	8.97e-01	3.80e-03
 2.42944e+16	1.09e-01	8.87e-01	3.82e-03
 2.43075e+16	1.21e-01	8.76e-01	3.85e-03
 2.43201e+16	1.33e-01	8.63e-01	3.89e-03
 2.43309e+16	1.45e-01	8.51e-01	3.93e-03
 2.43403e+16	1.57e-01	8.39e-01	3.96e-03
 2.43490e+16	1.69e-01	8.27e-01	4.00e-03
 2.43559e+16	1.79e-01	8.17e-01	4.04e-03
 2.43606e+16	1.86e-01	8.10e-01	4.06e-03
 2.43648e+16	1.93e-01	8.03e-01	4.08e-03
 2.43697e+16	2.01e-01	7.95e-01	4.10e-03
 2.43751e+16	2.11e-01	7.85e-01	4.13e-03
 2.43804e+16	2.21e-01	7.75e-01	4.16e-03
 2.43853e+16	2.30e-01	7.66e-01	4.19e-03
 2.43901e+16	2.40e-01	7.56e-01	4.21e-03
 2.43949e+16	2.50e-01	7.46e-01	4.25e-03
 2.43997e+16	2.61e-01	7.35e-01	4.28e-03
 2.44046e+16	2.72e-01	7.24e-01	4.30e-03
 2.44093e+16	2.83e-01	7.12e-01	4.33e-03
 2.44139e+16	2.94e-01	7.01e-01	4.36e-03
 2.44185e+16	3.07e-01	6.89e-01	4.37e-03
 2.44232e+16	3.19e-01	6.76e-01	4.40e-03
 2.44277e+16	3.32e-01	6.64e-01	4.42e-03
 2.44322e+16	3.45e-01	6.51e-01	4.45e-03
 2.44368e+16	3.58e-01	6.37e-01	4.47e-03
 2.44413e+16	3.72e-01	6.23e-01	4.48e-03
 2.44457e+16	3.86e-01	6.10e-01	4.50e-03
 2.44501e+16	4.00e-01	5.95e-01	4.50e-03
 2.44545e+16	4.15e-01	5.81e-01	4.52e-03
 2.44589e+16	4.30e-01	5.66e-01	4.52e-03
 2.44632e+16	4.44e-01	5.51e-01	4.53e-03
 2.44676e+16	4.60e-01	5.36e-01	4.53e-03
 2.44719e+16	4.75e-01	5.20e-01	4.52e-03
 2.44762e+16	4.91e-01	5.04e-01	4.51e-03
 2.44805e+16	5.07e-01	4.89e-01	4.50e-03
 2.44847e+16	5.22e-01	4.73e-01	4.48e-03
 2.44889e+16	5.38e-01	4.57e-01	4.46e-03
 2.44931e+16	5.54e-01	4.42e-01	4.43e-03
 2.44972e+16	5.69e-01	4.27e-01	4.40e-03
 2.45012e+16	5.84e-01	4.11e-01	4.37e-03
 2.45053e+16	5.99e-01	3.96e-01	4.32e-03
 2.45093e+16	6.14e-01	3.81e-01	4.28e-03
 2.45132e+16	6.29e-01	3.67e-01	4.23e-03
 2.45172e+16	6.43e-01	3.53e-01	4.18e-03
 2.45212e+16	6.58e-01	3.38e-01	4.11e-03
 2.45252e+16	6.72e-01	3.24e-01	4.05e-03
 2.45293e+16	6.86e-01	3.10e-01	3.97e-03
 2.45333e+16	6.99e-01	2.97e-01	3.89e-03
 2.45374e+16	7.13e-01	2.83e-01	3.81e-03
 2.45415e+16	7.26e-01	2.70e-01	3.72e-03
 2.45457e+16	7.39e-01	2.57e-01	3.63e-03
 2.45500e+16	7.52e-01	2.45e-01	3.54e-03
 2.45543e+16	7.64e-01	2.33e-01	3.44e-03
 2.45587e+16	7.75e-01	2.21e-01	3.33e-03
 2.45632e+16	7.87e-01	2.10e-01	3.23e-03
 2.45680e+16	7.98e-01	1.99e-01	3.12e-03
 2.45730e+16	8.09e-01	1.88e-01	3.00e-03
 2.45782e+16	8.20e-01	1.77e-01	2.89e-03
 2.45837e+16	8.30e-01	1.67e-01	2.77e-03
 2.45895e+16	8.40e-01	1.58e-01	2.65e-03
 2.45959e+16	8.49e-01	1.48e-01	2.53e-03
 2.46014e+16	8.56e-01	1.41e-01	2.43e-03
 2.46057e+16	8.61e-01	1.36e-01	2.36e-03
 2.46099e+16	8.66e-01	1.32e-01	2.29e-03
 2.46147e+16	8.71e-01	1.27e-01	2.21e-03
 2.46199e+16	8.75e-01	1.22e-01	2.15e-03
 2.46253e+16	8.80e-01	1.18e-01	2.08e-03
 2.46312e+16	8.84e-01	1.14e-01	2.02e-03
 2.46373e+16	8.87e-01	1.11e-01	1.96e-03
 2.46439e+16	8.91e-01	1.08e-01	1.90e-03
 2.46512e+16	8.94e-01	1.05e-01	1.85e-03
 2.46596e+16	8.97e-01	1.02e-01	1.79e-03
 2.46688e+16	8.99e-01	9.90e-02	1.75e-03
 2.46790e+16	9.02e-01	9.67e-02	1.70e-03
 2.46907e+16	9.04e-01	9.45e-02	1.65e-03
 2.47044e+16	9.06e-01	9.26e-02	1.60e-03
 2.47200e+16	9.08e-01	9.08e-02	1.56e-03
 2.47377e+16	9.09e-01	8.92e-02	1.51e-03
 2.47576e+16	9.11e-01	8.77e-02	1.46e-03
 2.47794e+16	9.12e-01	8.62e-02	1.42e-03
 2.48027e+16	9.14e-01	8.48e-02	1.37e-03
 2.48268e+16	9.15e-01	8.34e-02	1.32e-03
 2.48508e+16	9.17e-01	8.21e-02	1.28e-03
 2.48749e+16	9.18e-01	8.08e-02	1.24e-03
 2.48995e+16	9.19e-01	7.95e-02	1.20e-03
 2.49247e+16	9.21e-01	7.83e-02	1.16e-03
 2.49501e+16	9.22e-01	7.70e-02	1.12e-03
 2.49757e+16	9.23e-01	7.58e-02	1.08e-03
 2.50018e+16	9.24e-01	7.45e-02	1.04e-03
 2.50286e+16	9.26e-01	7.33e-02	1.01e-03
 2.50564e+16	9.27e-01	7.20e-02	9.68e-04
 2.50859e+16	9.28e-01	7.07e-02	9.31e-04
 2.51175e+16	9.30e-01	6.93e-02	8.92e-04
 2.51514e+16	9.31e-01	6.78e-02	8.52e-04
 2.51885e+16	9.33e-01	6.62e-02	8.10e-04
 2.52304e+16	9.35e-01	6.45e-02	7.65e-04
 2.52770e+16	9.37e-01	6.26e-02	7.19e-04
 2.53243e+16	9.39e-01	6.08e-02	6.76e-04
 2.53688e+16	9.40e-01	5.92e-02	6.38e-04
 2.54112e+16	9.42e-01	5.77e-02	6.03e-04
 2.54516e+16	9.43e-01	5.63e-02	5.72e-04
 2.54884e+16	9.44e-01	5.50e-02	5.46e-04
 2.55219e+16	9.46e-01	5.39e-02	5.22e-04
 2.55524e+16	9.47e-01	5.29e-02	5.02e-04
 2.55801e+16	9.48e-01	5.20e-02	4.84e-04
 2.56054e+16	9.48e-01	5.12e-02	4.68e-04
 2.56283e+16	9.49e-01	5.05e-02	4.54e-04
 2.56535e+16	9.50e-01	4.97e-02	4.39e-04
 2.56862e+16	9.51e-01	4.86e-02	4.19e-04
 2.57215e+16	9.52e-01	4.75e-02	4.00e-04
 2.57536e+16	9.53e-01	4.66e-02	3.83e-04
 2.57829e+16	9.54e-01	4.57e-02	3.69e-04
 2.58095e+16	9.55e-01	4.50e-02	3.56e-04
 2.58337e+16	9.55e-01	4.43e-02	3.44e-04
 2.58558e+16	9.56e-01	4.36e-02	3.34e-04
 2.58758e+16	9.57e-01	4.31e-02	3.25e-04
 2.58978e+16	9.57e-01	4.24e-02	3.15e-04
 2.59215e+16	9.58e-01	4.18e-02	3.05e-04
 2.59431e+16	9.59e-01	4.12e-02	2.96e-04
 2.59627e+16	9.59e-01	4.06e-02	2.88e-04
 2.59843e+16	9.60e-01	4.00e-02	2.79e-04
 2.60075e+16	9.60e-01	3.94e-02	2.70e-04
 2.60287e+16	9.61e-01	3.88e-02	2.62e-04
 2.60479e+16	9.61e-01	3.83e-02	2.55e-04
 2.60654e+16	9.62e-01	3.79e-02	2.48e-04
 2.60846e+16	9.62e-01	3.73e-02	2.41e-04
 2.61053e+16	9.63e-01	3.68e-02	2.34e-04
 2.61242e+16	9.63e-01	3.63e-02	2.28e-04
 2.61413e+16	9.64e-01	3.59e-02	2.22e-04
 2.61601e+16	9.64e-01	3.54e-02	2.16e-04
 2.61804e+16	9.65e-01	3.49e-02	2.10e-04
 2.61989e+16	9.65e-01	3.44e-02	2.04e-04
 2.62157e+16	9.66e-01	3.40e-02	1.99e-04
 2.62341e+16	9.66e-01	3.36e-02	1.93e-04
 2.62540e+16	9.67e-01	3.31e-02	1.88e-04
 2.62721e+16	9.67e-01	3.27e-02	1.83e-04
 2.62886e+16	9.68e-01	3.23e-02	1.79e-04
 2.63066e+16	9.68e-01	3.19e-02	1.74e-04
 2.63261e+16	9.68e-01	3.14e-02	1.69e-04
 2.63438e+16	9.69e-01	3.10e-02	1.65e-04
 2.63600e+16	9.69e-01	3.07e-02	1.61e-04
 2.63776e+16	9.70e-01	3.03e-02	1.57e-04
 2.63967e+16	9.70e-01	2.99e-02	1.52e-04
 2.64141e+16	9.70e-01	2.95e-02	1.49e-04
 2.64331e+16	9.71e-01	2.91e-02	1.44e-04
 2.64537e+16	9.71e-01	2.87e-02	1.40e-04
 2.64724e+16	9.72e-01	2.83e-02	1.37e-04
 2.64894e+16	9.72e-01	2.80e-02	1.33e-04
 2.65080e+16	9.72e-01	2.76e-02	1.30e-04
 2.65281e+16	9.73e-01	2.72e-02	1.26e-04
 2.65464e+16	9.73e-01	2.69e-02	1.23e-04
 2.65665e+16	9.73e-01	2.65e-02	1.19e-04
 2.65882e+16	9.74e-01	2.61e-02	1.16e-04
 2.66079e+16	9.74e-01	2.57e-02	1.13e-04
 2.66295e+16	9.75e-01	2.54e-02	1.10e-04
 2.66528e+16	9.75e-01	2.50e-02	1.06e-04
 2.66740e+16	9.75e-01	2.46e-02	1.03e-04
 2.66934e+16	9.76e-01	2.43e-02	1.01e-04
 2.67145e+16	9.76e-01	2.39e-02	9.77e-05
 2.67374e+16	9.76e-01	2.36e-02	9.49e-05
 2.67582e+16	9.77e-01	2.33e-02	9.23e-05
 2.67809e+16	9.77e-01	2.29e-02	8.94e-05
 2.68055e+16	9.77e-01	2.25e-02	8.67e-05
 2.68279e+16	9.78e-01	2.22e-02	8.42e-05
 2.68525e+16	9.78e-01	2.19e-02	8.15e-05
 2.68789e+16	9.78e-01	2.15e-02	7.88e-05
 2.69030e+16	9.79e-01	2.12e-02	7.64e-05
 2.69250e+16	9.79e-01	2.09e-02	7.44e-05
 2.69490e+16	9.79e-01	2.06e-02	7.20e-05
 2.69749e+16	9.80e-01	2.02e-02	6.98e-05
 2.69985e+16	9.80e-01	1.99e-02	6.78e-05
 2.70244e+16	9.80e-01	1.96e-02	6.55e-05
 2.70523e+16	9.81e-01	1.93e-02	6.34e-05
 2.70777e+16	9.81e-01	1.90e-02	6.15e-05
 2.71056e+16	9.81e-01	1.86e-02	5.93e-05
 2.71356e+16	9.82e-01	1.83e-02	5.72e-05
 2.71630e+16	9.82e-01	1.80e-02	5.54e-05
 2.71879e+16	9.82e-01	1.78e-02	5.38e-05
 2.72152e+16	9.82e-01	1.75e-02	5.21e-05
 2.72446e+16	9.83e-01	1.72e-02	5.03e-05
 2.72714e+16	9.83e-01	1.69e-02	4.88e-05
 2.73008e+16	9.83e-01	1.66e-02	4.71e-05
 2.73325e+16	9.84e-01	1.63e-02	4.54e-05
 2.73613e+16	9.84e-01	1.60e-02	4.40e-05
 2.73930e+16	9.84e-01	1.57e-02	4.23e-05
 2.74271e+16	9.85e-01	1.54e-02	4.08e-05
 2.74582e+16	9.85e-01	1.52e-02	3.94e-05
 2.74864e+16	9.85e-01	1.49e-02	3.82e-05
 2.75174e+16	9.85e-01	1.47e-02	3.69e-05
 2.75508e+16	9.86e-01	1.44e-02	3.56e-05
 2.75812e+16	9.86e-01	1.42e-02	3.44e-05
 2.76146e+16	9.86e-01	1.39e-02	3.32e-05
 2.76506e+16	9.86e-01	1.36e-02	3.19e-05
 2.76833e+16	9.87e-01	1.34e-02	3.09e-05
 2.77192e+16	9.87e-01	1.31e-02	2.97e-05
 2.77580e+16	9.87e-01	1.29e-02	2.85e-05
 2.77932e+16	9.87e-01	1.26e-02	2.75e-05
 2.78319e+16	9.88e-01	1.24e-02	2.64e-05
 2.78736e+16	9.88e-01	1.21e-02	2.53e-05
 2.79116e+16	9.88e-01	1.19e-02	2.44e-05
 2.79532e+16	9.88e-01	1.16e-02	2.33e-05
 2.79981e+16	9.89e-01	1.14e-02	2.23e-05
 2.80389e+16	9.89e-01	1.11e-02	2.15e-05
 2.80837e+16	9.89e-01	1.09e-02	2.05e-05
 2.81321e+16	9.89e-01	1.06e-02	1.96e-05
 2.81760e+16	9.90e-01	1.04e-02	1.88e-05
 2.82243e+16	9.90e-01	1.02e-02	1.79e-05
 2.82763e+16	9.90e-01	9.92e-03	1.71e-05
 2.83237e+16	9.90e-01	9.71e-03	1.63e-05
 2.83756e+16	9.91e-01	9.46e-03	1.55e-05
 2.84316e+16	9.91e-01	9.22e-03	1.48e-05
 2.84826e+16	9.91e-01	9.01e-03	1.41e-05
 2.85384e+16	9.91e-01	8.78e-03	1.34e-05
 2.85988e+16	9.91e-01	8.54e-03	1.27e-05
 2.86536e+16	9.92e-01	8.34e-03	1.21e-05
 2.87138e+16	9.92e-01	8.11e-03	1.15e-05
 2.87787e+16	9.92e-01	7.89e-03	1.08e-05
 2.88378e+16	9.92e-01	7.69e-03	1.03e-05
 2.89025e+16	9.93e-01	7.47e-03	9.74e-06
 2.89724e+16	9.93e-01	7.25e-03	9.19e-06
 2.90361e+16	9.93e-01	7.07e-03	8.73e-06
 2.91058e+16	9.93e-01	6.85e-03	8.22e-06
 2.91810e+16	9.93e-01	6.65e-03	7.74e-06
 2.92495e+16	9.94e-01	6.47e-03	7.33e-06
 2.93245e+16	9.94e-01	6.26e-03	6.88e-06
 2.94187e+16	9.94e-01	6.02e-03	6.37e-06
 2.95233e+16	9.94e-01	5.77e-03	5.86e-06
 2.96306e+16	9.94e-01	5.54e-03	5.39e-06
 2.97420e+16	9.95e-01	5.30e-03	4.95e-06
 2.98578e+16	9.95e-01	5.07e-03	4.54e-06
 2.99780e+16	9.95e-01	4.84e-03	4.15e-06
 3.01025e+16	9.95e-01	4.62e-03	3.78e-06
 3.02315e+16	9.96e-01	4.41e-03	3.44e-06
 3.03637e+16	9.96e-01	4.20e-03	3.13e-06
 3.04978e+16	9.96e-01	4.00e-03	2.85e-06
 3.06341e+16	9.96e-01	3.82e-03	2.59e-06
 3.07732e+16	9.96e-01	3.63e-03	2.35e-06
 3.09149e+16	9.97e-01	3.46e-03	2.13e-06
 3.10593e+16	9.97e-01	3.29e-03	1.93e-06
 3.12061e+16	9.97e-01	3.13e-03	1.75e-06
 3.13557e+16	9.97e-01	2.98e-03	1.59e-06
 3.15080e+16	9.97e-01	2.83e-03	1.44e-06
 3.16630e+16	9.97e-01	2.69e-03	1.30e-06
 3.18183e+16	9.97e-01	2.56e-03	1.18e-06
 3.19759e+16	9.98e-01	2.43e-03	1.06e-06
 3.21397e+16	9.98e-01	2.31e-03	9.59e-07
 3.23074e+16	9.98e-01	2.19e-03	8.63e-07
 3.24773e+16	9.98e-01	2.08e-03	7.77e-07
 3.26500e+16	9.98e-01	1.97e-03	6.98e-07
 3.28262e+16	9.98e-01	1.86e-03	6.27e-07
 3.30058e+16	9.98e-01	1.76e-03	5.63e-07
 3.31890e+16	9.98e-01	1.67e-03	5.04e-07
 3.33757e+16	9.98e-01	1.58e-03	4.51e-07
 3.35661e+16	9.99e-01	1.49e-03	4.03e-07
 3.37605e+16	9.99e-01	1.41e-03	3.59e-07
 3.39589e+16	9.99e-01	1.33e-03	3.20e-07
 3.41615e+16	9.99e-01	1.25e-03	2.84e-07
 3.43684e+16	9.99e-01	1.18e-03	2.53e-07
 3.45798e+16	9.99e-01	1.11e-03	2.24e-07
 3.47960e+16	9.99e-01	1.04e-03	1.98e-07
 3.50171e+16	9.99e-01	9.78e-04	1.75e-07
 3.52435e+16	9.99e-01	9.18e-04	1.54e-07
 3.54754e+16	9.99e-01	8.60e-04	1.35e-07
 3.57131e+16	9.99e-01	8.05e-04	1.18e-07
 3.59570e+16	9.99e-01	7.51e-04	1.03e-07
 3.62073e+16	9.99e-01	7.02e-04	9.01e-08
 3.64646e+16	9.99e-01	6.54e-04	7.83e-08
 3.67255e+16	9.99e-01	6.10e-04	6.81e-08
 3.69916e+16	9.99e-01	5.67e-04	5.89e-08
 3.72710e+16	9.99e-01	5.25e-04	5.07e-08
 3.75636e+16	1.00e+00	4.86e-04	4.33e-08
 3.78660e+16	1.00e+00	4.48e-04	3.68e-08
 3.81782e+16	1.00e+00	4.12e-04	3.12e-08
 3.85026e+16	1.00e+00	3.78e-04	2.62e-08
 3.88411e+16	1.00e+00	3.46e-04	2.19e-08
 3.91948e+16	1.00e+00	3.15e-04	1.82e-08
 3.95655e+16	1.00e+00	2.86e-04	1.50e-08
 3.99562e+16	1.00e+00	2.58e-04	1.22e-08
 4.03693e+16	1.00e+00	2.31e-04	9.84e-09
 4.08064e+16	1.00e+00	2.07e-04	7.83e-09
 4.12750e+16	1.00e+00	1.83e-04	6.14e-09
 4.17798e+16	1.00e+00	1.61e-04	4.73e-09
 4.23226e+16	1.00e+00	1.40e-04	3.58e-09
 4.29133e+16	1.00e+00	1.20e-04	2.64e-09
 4.35656e+16	1.00e+00	1.02e-04	1.89e-09
 4.42960e+16	1.00e+00	8.43e-05	1.30e-09
 4.51500e+16	1.00e+00	6.79e-05	8.45e-10
 4.61055e+16	1.00e+00	5.36e-05	5.26e-10
 4.70938e+16	1.00e+00	4.20e-05	3.25e-10
 4.80947e+16	1.00e+00	3.30e-05	2.00e-10
 4.90980e+16	1.00e+00	2.59e-05	1.24e-10
 5.01102e+16	1.00e+00	2.04e-05	7.71e-11
 5.11381e+16	1.00e+00	1.61e-05	4.79e-11
 5.21842e+16	1.00e+00	1.26e-05	2.97e-11
 5.32492e+16	1.00e+00	9.91e-06	1.84e-11
 5.43335e+16	1.00e+00	7.79e-06	1.14e-11
 5.54450e+16	1.00e+00	6.11e-06	7.05e-12
 5.65858e+16	1.00e+00	4.78e-06	4.33e-12
 5.77524e+16	1.00e+00	3.74e-06	2.67e-12
 5.89531e+16	1.00e+00	2.92e-06	1.63e-12
 6.01958e+16	1.00e+00	2.27e-06	9.90e-13
 6.14777e+16	1.00e+00	1.76e-06	5.99e-13
 6.28029e+16	1.00e+00	1.37e-06	3.60e-13
 6.41833e+16	1.00e+00	1.05e-06	2.14e-13
 6.56237e+16	1.00e+00	8.05e-07	1.26e-13
 6.71272e+16	1.00e+00	6.14e-07	7.34e-14
 6.87070e+16	1.00e+00	4.65e-07	4.21e-14
 7.03786e+16	1.00e+00	3.48e-07	2.38e-14
 7.21580e+16	1.00e+00	2.59e-07	1.31e-14
 7.40648e+16	1.00e+00	1.89e-07	7.05e-15
 7.61255e+16	1.00e+00	1.36e-07	3.67e-15
 7.83769e+16	1.00e+00	9.64e-08	1.83e-15
 8.08140e+16	1.00e+00	6.70e-08	8.88e-16
 8.33572e+16	1.00e+00	4.65e-08	4.28e-16
 8.59438e+16	1.00e+00	3.24e-08	2.08e-16
 8.85778e+16	1.00e+00	2.27e-08	1.02e-16
 9.12778e+16	1.00e+00	1.59e-08	5.03e-17
 9.40427e+16	1.00e+00	1.12e-08	2.48e-17
 9.68609e+16	1.00e+00	7.87e-09	1.24e-17
 9.97029e+16	1.00e+00	5.58e-09	6.23e-18
 1.02545e+17	1.00e+00	4.00e-09	3.20e-18
 1.05387e+17	1.00e+00	2.89e-09	1.67e-18
 1.08229e+17	1.00e+00	2.10e-09	8.85e-19
 1.11149e+17	1.00e+00	1.53e-09	4.67e-19
 1.14184e+17	1.00e+00	1.10e-09	2.44e-19
 1.17234e+17	1.00e+00	8.04e-10	1.30e-19
 1.20240e+17	1.00e+00	5.92e-10	7.06e-20
 1.23202e+17	1.00e+00	4.42e-10	3.92e-20
 1.26123e+17	1.00e+00	3.33e-10	2.23e-20
 1.28994e+17	1.00e+00	2.53e-10	1.29e-20
 1.31795e+17	1.00e+00	1.95e-10	7.69e-21
 1.34518e+17	1.00e+00	1.52e-10	0.00e+00
 1.37152e+17	1.00e+00	1.20e-10	0.00e+00
 1.39687e+17	1.00e+00	9.66e-11	0.00e+00
 1.42123e+17	1.00e+00	7.84e-11	0.00e+00
 1.44460e+17	1.00e+00	6.44e-11	0.00e+00
 1.46694e+17	1.00e+00	5.36e-11	0.00e+00
 1.48825e+17	1.00e+00	4.51e-11	0.00e+00
 1.50853e+17	1.00e+00	3.85e-11	0.00e+00
 1.52781e+17	1.00e+00	3.31e-11	0.00e+00
 1.54613e+17	1.00e+00	2.88e-11	0.00e+00
 1.56351e+17	1.00e+00	2.53e-11	0.00e+00
 1.57999e+17	1.00e+00	2.25e-11	0.00e+00
 1.59562e+17	1.00e+00	2.01e-11	0.00e+00
 1.61042e+17	1.00e+00	1.81e-11	0.00e+00
 1.62445e+17	1.00e+00	1.65e-11	0.00e+00
 1.63774e+17	1.00e+00	1.51e-11	0.00e+00
 1.65033e+17	1.00e+00	1.39e-11	0.00e+00
 1.66227e+17	1.00e+00	1.29e-11	0.00e+00
 1.67358e+17	1.00e+00	1.20e-11	0.00e+00
 1.68430e+17	1.00e+00	1.12e-11	0.00e+00
 1.69446e+17	1.00e+00	1.06e-11	0.00e+00
 1.70409e+17	1.00e+00	1.00e-11	0.00e+00
 1.71323e+17	1.00e+00	9.51e-12	0.00e+00
 1.72190e+17	1.00e+00	9.05e-12	0.00e+00
 1.73014e+17	1.00e+00	8.65e-12	0.00e+00
 1.73796e+17	1.00e+00	8.30e-12	0.00e+00
 1.74539e+17	1.00e+00	7.98e-12	0.00e+00
 1.75245e+17	1.00e+00	7.69e-12	0.00e+00
 1.75916e+17	1.00e+00	7.44e-12	0.00e+00
 1.76555e+17	1.00e+00	7.20e-12	0.00e+00
 1.77163e+17	1.00e+00	6.99e-12	0.00e+00
 1.77742e+17	1.00e+00	6.80e-12	0.00e+00
 1.78293e+17	1.00e+00	6.63e-12	0.00e+00
 1.78819e+17	1.00e+00	6.48e-12	0.00e+00
 1.79321e+17	1.00e+00	6.33e-12	0.00e+00
 1.79800e+17	1.00e+00	6.19e-12	0.00e+00
 1.80257e+17	1.00e+00	6.07e-12	0.00e+00
 1.80695e+17	1.00e+00	5.96e-12	0.00e+00
 1.81115e+17	1.00e+00	5.85e-12	0.00e+00
 1.81516e+17	1.00e+00	5.76e-12	0.00e+00
 1.81902e+17	1.00e+00	5.66e-12	0.00e+00
 1.82272e+17	1.00e+00	5.58e-12	0.00e+00
 1.82629e+17	1.00e+00	5.50e-12	0.00e+00
 1.82972e+17	1.00e+00	5.43e-12	0.00e+00
 1.83304e+17	1.00e+00	5.36e-12	0.00e+00
 1.83624e+17	1.00e+00	5.29e-12	0.00e+00
 1.83935e+17	1.00e+00	5.23e-12	0.00e+00
 1.84237e+17	1.00e+00	5.17e-12	0.00e+00
 1.84531e+17	1.00e+00	5.11e-12	0.00e+00
 1.84818e+17	1.00e+00	5.06e-12	0.00e+00
 1.85100e+17	1.00e+00	5.00e-12	0.00e+00
 1.85377e+17	1.00e+00	4.95e-12	0.00e+00
 1.85651e+17	1.00e+00	4.91e-12	0.00e+00
 1.85922e+17	1.00e+00	4.86e-12	0.00e+00
 1.86193e+17	1.00e+00	4.81e-12	0.00e+00
 1.86465e+17	1.00e+00	4.76e-12	0.00e+00
 1.86740e+17	1.00e+00	4.72e-12	0.00e+00
 1.87020e+17	1.00e+00	4.67e-12	0.00e+00
 1.87307e+17	1.00e+00	4.63e-12	0.00e+00
 1.87605e+17	1.00e+00	4.58e-12	0.00e+00
 1.87917e+17	1.00e+00	4.53e-12	0.00e+00
 1.88249e+17	1.00e+00	4.48e-12	0.00e+00
 1.88606e+17	1.00e+00	4.43e-12	0.00e+00
 1.88999e+17	1.00e+00	4.37e-12	0.00e+00
 1.89438e+17	1.00e+00	4.30e-12	0.00e+00
 1.89941e+17	1.00e+00	4.23e-12	0.00e+00
 1.90532e+17	1.00e+00	4.15e-12	0.00e+00
 1.91250e+17	1.00e+00	4.05e-12	0.00e+00
 1.92154e+17	1.00e+00	3.92e-12	0.00e+00
 1.93320e+17	1.00e+00	3.77e-12	0.00e+00
 1.94835e+17	1.00e+00	3.58e-12	0.00e+00
 1.96806e+17	1.00e+00	3.34e-12	0.00e+00
 1.99367e+17	1.00e+00	3.06e-12	0.00e+00
 2.02697e+17	1.00e+00	2.73e-12	0.00e+00
 2.07026e+17	1.00e+00	2.36e-12	0.00e+00
 2.12546e+17	1.00e+00	1.96e-12	0.00e+00
 2.18781e+17	1.00e+00	1.60e-12	0.00e+00
 2.25167e+17	1.00e+00	1.41e-12	0.00e+00
 2.31707e+17	1.00e+00	1.30e-12	0.00e+00
 2.39337e+17	1.00e+00	1.20e-12	0.00e+00
 2.48523e+17	1.00e+00	9.54e-13	0.00e+00
 2.58464e+17	1.00e+00	7.82e-13	0.00e+00
 2.68802e+17	1.00e+00	6.98e-13	0.00e+00
 2.79554e+17	1.00e+00	6.31e-13	0.00e+00
 2.90736e+17	1.00e+00	5.69e-13	0.00e+00
 3.02366e+17	1.00e+00	5.10e-13	0.00e+00
 3.14461e+17	1.00e+00	4.54e-13	0.00e+00
 3.27039e+17	1.00e+00	4.01e-13	0.00e+00
 3.40121e+17	1.00e+00	3.50e-13	0.00e+00
 3.53725e+17	1.00e+00	3.02e-13	0.00e+00
 3.67427e+17	1.00e+00	2.57e-13	0.00e+00
 3.80225e+17	1.00e+00	2.41e-13	0.00e+00
 3.91562e+17	1.00e+00	2.57e-13	0.00e+00
 4.01686e+17	1.00e+00	2.75e-13	0.00e+00
 4.11196e+17	1.00e+00	2.79e-13	0.00e+00
 4.20448e+17	1.00e+00	2.62e-13	0.00e+00
 4.29206e+17	1.00e+00	2.40e-13	0.00e+00
 4.36997e+17	1.00e+00	2.28e-13	0.00e+00
 4.43165e+17	1.00e+00	2.26e-13	0.00e+00
 4.47261e+17	1.00e+00	2.39e-13	0.00e+00
 4.49624e+17	1.00e+00	2.56e-13	0.00e+00
 4.50967e+17	1.00e+00	2.68e-13	0.00e+00
 4.51774e+17	1.00e+00	2.74e-13	0.00e+00
 4.52281e+17	1.00e+00	2.78e-13	0.00e+00
 4.52665e+17	1.00e+00	2.80e-13	0.00e+00
 4.53060e+17	1.00e+00	2.82e-13	0.00e+00
 4.53534e+17	1.00e+00	2.83e-13	0.00e+00
 4.54026e+17	1.00e+00	2.84e-13	0.00e+00
 4.54425e+17	1.00e+00	2.85e-13	0.00e+00
 4.54747e+17	1.00e+00	2.85e-13	0.00e+00
 4.55054e+17	1.00e+00	2.86e-13	0.00e+00
 4.55386e+17	1.00e+00	2.86e-13	0.00e+00
 4.55739e+17	1.00e+00	2.85e-13	0.00e+00
 4.56034e+17	1.00e+00	2.85e-13	0.00e+00
 4.56257e+17	1.00e+00	2.85e-13	0.00e+00
 4.56473e+17	1.00e+00	2.84e-13	0.00e+00
 4.56723e+17	1.00e+00	2.84e-13	0.00e+00
 4.56983e+17	1.00e+00	2.83e-13	0.00e+00
 4.57221e+17	1.00e+00	2.83e-13	0.00e+00
 4.57427e+17	1.00e+00	2.82e-13	0.00e+00
 4.57610e+17	1.00e+00	2.81e-13	0.00e+00
 4.57784e+17	1.00e+00	2.81e-13	0.00e+00
 4.57970e+17	1.00e+00	2.80e-13	0.00e+00
 4.58167e+17	1.00e+00	2.79e-13	0.00e+00
 4.58348e+17	1.00e+00	2.79e-13	0.00e+00
 4.58510e+17	1.00e+00	2.78e-13	0.00e+00
 4.58667e+17	1.00e+00	2.77e-13	0.00e+00
 4.58825e+17	1.00e+00	2.76e-13	0.00e+00
 4.58986e+17	1.00e+00	2.76e-13	0.00e+00
 4.59146e+17	1.00e+00	2.75e-13	0.00e+00
 4.59297e+17	1.00e+00	2.74e-13	0.00e+00
 4.59442e+17	1.00e+00	2.73e-13	0.00e+00
 4.59591e+17	1.00e+00	2.72e-13	0.00e+00
 4.59743e+17	1.00e+00	2.71e-13	0.00e+00
 4.59896e+17	1.00e+00	2.71e-13	0.00e+00
 4.60047e+17	1.00e+00	2.70e-13	0.00e+00
 4.60190e+17	1.00e+00	2.69e-13	0.00e+00
 4.60329e+17	1.00e+00	2.68e-13	0.00e+00
 4.60470e+17	1.00e+00	2.67e-13	0.00e+00
 4.60628e+17	1.00e+00	2.66e-13	0.00e+00
 4.60794e+17	1.00e+00	2.64e-13	0.00e+00
 4.60946e+17	1.00e+00	2.63e-13	0.00e+00
 4.61093e+17	1.00e+00	2.62e-13	0.00e+00
 4.61249e+17	1.00e+00	2.61e-13	0.00e+00
 4.61413e+17	1.00e+00	2.60e-13	0.00e+00
 4.61582e+17	1.00e+00	2.58e-13	0.00e+00
 4.61765e+17	1.00e+00	2.57e-13	0.00e+00
 4.61954e+17	1.00e+00	2.55e-13	0.00e+00
 4.62129e+17	1.00e+00	2.54e-13	0.00e+00
 4.62293e+17	1.00e+00	2.52e-13	0.00e+00
 4.62452e+17	1.00e+00	2.51e-13	0.00e+00
 4.62633e+17	1.00e+00	2.50e-13	0.00e+00
 4.62854e+17	1.00e+00	2.48e-13	0.00e+00
 4.63083e+17	1.00e+00	2.45e-13	0.00e+00
 4.63282e+17	1.00e+00	2.44e-13	0.00e+00
 4.63468e+17	1.00e+00	2.42e-13	0.00e+00
 4.63668e+17	1.00e+00	2.40e-13	0.00e+00
 4.63892e+17	1.00e+00	2.38e-13	0.00e+00
 4.64143e+17	1.00e+00	2.36e-13	0.00e+00
 4.64389e+17	1.00e+00	2.33e-13	0.00e+00
 4.64621e+17	1.00e+00	2.31e-13	0.00e+00
 4.64856e+17	1.00e+00	2.29e-13	0.00e+00
 4.65104e+17	1.00e+00	2.26e-13	0.00e+00
 4.65368e+17	1.00e+00	2.24e-13	0.00e+00
 4.65636e+17	1.00e+00	2.21e-13	0.00e+00
 4.65909e+17	1.00e+00	2.18e-13	0.00e+00
 4.66190e+17	1.00e+00	2.16e-13	0.00e+00
 4.66482e+17	1.00e+00	2.13e-13	0.00e+00
 4.66790e+17	1.00e+00	2.10e-13	0.00e+00
 4.67103e+17	1.00e+00	2.06e-13	0.00e+00
 4.67419e+17	1.00e+00	2.03e-13	0.00e+00
 4.67739e+17	1.00e+00	2.00e-13	0.00e+00
 4.68070e+17	1.00e+00	1.97e-13	0.00e+00
 4.68414e+17	1.00e+00	1.93e-13	0.00e+00
 4.68762e+17	1.00e+00	1.90e-13	0.00e+00
 4.69132e+17	1.00e+00	1.86e-13	0.00e+00
 4.69522e+17	1.00e+00	1.82e-13	0.00e+00
 4.69914e+17	1.00e+00	1.78e-13	0.00e+00
 4.70305e+17	1.00e+00	1.74e-13	0.00e+00
 4.70693e+17	1.00e+00	1.70e-13	0.00e+00
 4.71103e+17	1.00e+00	1.66e-13	0.00e+00
 4.71538e+17	1.00e+00	1.62e-13	0.00e+00
 4.71983e+17	1.00e+00	1.58e-13	0.00e+00
 4.72425e+17	1.00e+00	1.53e-13	0.00e+00
 4.72859e+17	1.00e+00	1.49e-13	0.00e+00
 4.73314e+17	1.00e+00	1.45e-13	0.00e+00
 4.73806e+17	1.00e+00	1.40e-13	0.00e+00
 4.74313e+17	1.00e+00	1.36e-13	0.00e+00
 4.74812e+17	1.00e+00	1.31e-13	0.00e+00
 4.75303e+17	1.00e+00	1.27e-13	0.00e+00
 4.75810e+17	1.00e+00	1.22e-13	0.00e+00
 4.76348e+17	1.00e+00	1.18e-13	0.00e+00
 4.76910e+17	1.00e+00	1.13e-13	0.00e+00
 4.77473e+17	1.00e+00	1.08e-13	0.00e+00
 4.78032e+17	1.00e+00	1.03e-13	0.00e+00
 4.78594e+17	1.00e+00	9.88e-14	0.00e+00
 4.79172e+17	1.00e+00	9.44e-14	0.00e+00
 4.79770e+17	1.00e+00	8.99e-14	0.00e+00
 4.80407e+17	1.00e+00	8.53e-14	0.00e+00
 4.81063e+17	1.00e+00	8.04e-14	0.00e+00
 4.81696e+17	1.00e+00	7.60e-14	0.00e+00
 4.82324e+17	1.00e+00	7.18e-14	0.00e+00
 4.82996e+17	1.00e+00	6.77e-14	0.00e+00
 4.83713e+17	1.00e+00	6.34e-14	0.00e+00
 4.84466e+17	1.00e+00	5.89e-14	0.00e+00
 4.85223e+17	1.00e+00	5.46e-14	0.00e+00
 4.85958e+17	1.00e+00	5.06e-14	0.00e+00
 4.86676e+17	1.00e+00	4.69e-14	0.00e+00
 4.87338e+17	1.00e+00	4.35e-14	0.00e+00
 4.87917e+17	1.00e+00	4.07e-14	0.00e+00
 4.88428e+17	1.00e+00	3.84e-14	0.00e+00
 4.88907e+17	1.00e+00	3.64e-14	0.00e+00
 4.89378e+17	1.00e+00	3.45e-14	0.00e+00
 4.89840e+17	1.00e+00	3.27e-14	0.00e+00
 4.90279e+17	1.00e+00	3.11e-14	0.00e+00
 4.90686e+17	1.00e+00	2.96e-14	0.00e+00
 4.91068e+17	1.00e+00	2.82e-14	0.00e+00
 4.91436e+17	1.00e+00	2.70e-14	0.00e+00
 4.91796e+17	1.00e+00	2.58e-14	0.00e+00
 4.92149e+17	1.00e+00	2.47e-14	0.00e+00
 4.92486e+17	1.00e+00	2.36e-14	0.00e+00
 4.92808e+17	1.00e+00	2.27e-14	0.00e+00
 4.93115e+17	1.00e+00	2.18e-14	0.00e+00
 4.93414e+17	1.00e+00	2.09e-14	0.00e+00
 4.93706e+17	1.00e+00	2.01e-14	0.00e+00
 4.93989e+17	1.00e+00	1.93e-14	0.00e+00
 4.94262e+17	1.00e+00	1.86e-14	0.00e+00
 4.94524e+17	1.00e+00	1.79e-14	0.00e+00
 4.94779e+17	1.00e+00	1.72e-14	0.00e+00
 4.95025e+17	1.00e+00	1.66e-14	0.00e+00
 4.95264e+17	1.00e+00	1.60e-14	0.00e+00
 4.95497e+17	1.00e+00	1.55e-14	0.00e+00
 4.95725e+17	1.00e+00	1.49e-14	0.00e+00
 4.95946e+17	1.00e+00	1.45e-14	0.00e+00
 4.96161e+17	1.00e+00	1.39e-14	0.00e+00
 4.96370e+17	1.00e+00	1.35e-14	0.00e+00
 4.96572e+17	1.00e+00	1.31e-14	0.00e+00
 4.96804e+17	1.00e+00	1.26e-14	0.00e+00
 4.97105e+17	1.00e+00	1.21e-14	0.00e+00
 4.97497e+17	1.00e+00	1.14e-14	0.00e+00
 4.98006e+17	1.00e+00	1.06e-14	0.00e+00
 4.98667e+17	1.00e+00	9.56e-15	0.00e+00
 4.99527e+17	1.00e+00	8.35e-15	0.00e+00
 5.00579e+17	1.00e+00	6.95e-15	0.00e+00
 5.01593e+17	1.00e+00	5.60e-15	0.00e+00
 5.02337e+17	1.00e+00	4.70e-15	0.00e+00
 5.02852e+17	1.00e+00	4.19e-15	0.00e+00
 5.03301e+17	1.00e+00	3.84e-15	0.00e+00
 5.03823e+17	1.00e+00	3.51e-15	0.00e+00
 5.04456e+17	1.00e+00	3.11e-15	0.00e+00
 5.05114e+17	1.00e+00	2.72e-15	0.00e+00
 5.05711e+17	1.00e+00	2.39e-15	0.00e+00
 5.06235e+17	1.00e+00	2.14e-15	0.00e+00
 5.06743e+17	1.00e+00	1.94e-15	0.00e+00
 5.07298e+17	1.00e+00	1.75e-15	0.00e+00
 5.07919e+17	1.00e+00	1.55e-15	0.00e+00
 5.08572e+17	1.00e+00	1.36e-15	0.00e+00
 5.09217e+17	1.00e+00	1.19e-15	0.00e+00
 5.09861e+17	1.00e+00	1.05e-15	0.00e+00
