#depth	N	N+	N+2	N+3	N+4	N+5	N+6	N+7
 1.49634e+10	4.62e-46	1.44e-35	4.75e-26	2.81e-17	2.97e-09	9.87e-01	1.32e-02	0.00e+00
 4.54887e+10	0.00e+00	2.00e-35	6.07e-26	3.31e-17	3.23e-09	9.88e-01	1.21e-02	6.29e-08
 7.72350e+10	1.04e-45	2.77e-35	7.76e-26	3.91e-17	3.51e-09	9.89e-01	1.12e-02	0.00e+00
 1.10251e+11	0.00e+00	3.85e-35	9.94e-26	4.61e-17	3.82e-09	9.90e-01	1.02e-02	0.00e+00
 1.41475e+11	2.28e-45	5.19e-35	1.24e-25	5.37e-17	4.12e-09	9.91e-01	9.49e-03	0.00e+00
 1.69680e+11	0.00e+00	6.74e-35	1.52e-25	6.13e-17	4.41e-09	9.91e-01	8.87e-03	0.00e+00
 2.01451e+11	4.52e-45	8.97e-35	1.88e-25	7.09e-17	4.74e-09	9.92e-01	8.24e-03	0.00e+00
 2.38760e+11	0.00e+00	1.24e-34	2.40e-25	8.36e-17	5.15e-09	9.92e-01	7.58e-03	0.00e+00
 2.75927e+11	9.99e-45	1.69e-34	3.04e-25	9.79e-17	5.58e-09	9.93e-01	6.99e-03	0.00e+00
 3.11226e+11	0.00e+00	2.25e-34	3.77e-25	1.13e-16	6.01e-09	9.94e-01	6.49e-03	0.00e+00
 3.50248e+11	2.09e-44	3.06e-34	4.75e-25	1.32e-16	6.50e-09	9.94e-01	6.00e-03	0.00e+00
 3.94185e+11	0.00e+00	4.27e-34	6.11e-25	1.57e-16	7.08e-09	9.94e-01	5.50e-03	0.00e+00
 4.38480e+11	4.75e-44	5.90e-34	7.81e-25	1.85e-16	7.70e-09	9.95e-01	5.06e-03	0.00e+00
 4.84546e+11	0.00e+00	8.16e-34	9.98e-25	2.18e-16	8.37e-09	9.95e-01	4.65e-03	0.00e+00
 5.33855e+11	1.08e-43	1.14e-33	1.29e-24	2.59e-16	9.14e-09	9.96e-01	4.27e-03	0.00e+00
 5.80295e+11	0.00e+00	1.55e-33	1.62e-24	3.03e-16	9.88e-09	9.96e-01	3.94e-03	0.00e+00
 6.22046e+11	2.20e-43	2.02e-33	1.98e-24	3.47e-16	1.06e-08	9.96e-01	3.68e-03	0.00e+00
 6.69076e+11	0.00e+00	2.70e-33	2.47e-24	4.03e-16	1.14e-08	9.97e-01	3.41e-03	0.00e+00
 7.24535e+11	4.76e-43	3.75e-33	3.17e-24	4.77e-16	1.24e-08	9.97e-01	3.13e-03	0.00e+00
 7.79964e+11	0.00e+00	5.17e-33	4.04e-24	5.63e-16	1.35e-08	9.97e-01	2.88e-03	0.00e+00
 8.31934e+11	1.02e-42	6.90e-33	5.03e-24	6.54e-16	1.46e-08	9.97e-01	2.67e-03	0.00e+00
 8.89462e+11	0.00e+00	9.41e-33	6.37e-24	7.68e-16	1.59e-08	9.98e-01	2.46e-03	0.00e+00
 9.54968e+11	2.29e-42	1.32e-32	8.26e-24	9.17e-16	1.73e-08	9.98e-01	2.25e-03	0.00e+00
 1.01972e+12	0.00e+00	1.83e-32	1.06e-23	1.09e-15	1.89e-08	9.98e-01	2.06e-03	0.00e+00
 1.08705e+12	5.13e-42	2.53e-32	1.36e-23	1.29e-15	2.06e-08	9.98e-01	1.89e-03	0.00e+00
 1.16046e+12	0.00e+00	3.57e-32	1.76e-23	1.54e-15	2.26e-08	9.98e-01	1.73e-03	0.00e+00
 1.23460e+12	1.19e-41	4.98e-32	2.27e-23	1.83e-15	2.47e-08	9.98e-01	1.58e-03	0.00e+00
 1.31171e+12	0.00e+00	6.95e-32	2.93e-23	2.18e-15	2.70e-08	9.99e-01	1.45e-03	0.00e+00
 1.39110e+12	2.70e-41	9.67e-32	3.77e-23	2.60e-15	2.96e-08	9.99e-01	1.32e-03	0.00e+00
 1.46901e+12	0.00e+00	1.32e-31	4.80e-23	3.07e-15	3.22e-08	9.99e-01	1.22e-03	0.00e+00
 1.55304e+12	5.96e-41	1.83e-31	6.16e-23	3.65e-15	3.52e-08	9.99e-01	1.12e-03	0.00e+00
 1.64508e+12	0.00e+00	2.58e-31	8.02e-23	4.39e-15	3.87e-08	9.99e-01	1.02e-03	0.00e+00
 1.74082e+12	1.39e-40	3.63e-31	1.04e-22	5.27e-15	4.26e-08	9.99e-01	9.25e-04	0.00e+00
 1.84037e+12	0.00e+00	5.11e-31	1.36e-22	6.34e-15	4.69e-08	9.99e-01	8.41e-04	0.00e+00
 1.94392e+12	3.23e-40	7.18e-31	1.77e-22	7.62e-15	5.16e-08	9.99e-01	7.65e-04	0.00e+00
 2.03756e+12	0.00e+00	9.66e-31	2.23e-22	8.96e-15	5.61e-08	9.99e-01	7.04e-04	0.00e+00
 2.11559e+12	6.23e-40	1.23e-30	2.68e-22	1.02e-14	6.01e-08	9.99e-01	6.59e-04	0.00e+00
 2.20108e+12	0.00e+00	1.58e-30	3.27e-22	1.17e-14	6.46e-08	9.99e-01	6.13e-04	0.00e+00
 2.30935e+12	1.24e-39	2.15e-30	4.16e-22	1.39e-14	7.07e-08	9.99e-01	5.62e-04	0.00e+00
 2.42225e+12	0.00e+00	2.94e-30	5.30e-22	1.65e-14	7.74e-08	9.99e-01	5.14e-04	0.00e+00
 2.52227e+12	2.51e-39	3.83e-30	6.52e-22	1.91e-14	8.36e-08	1.00e+00	4.76e-04	0.00e+00
 2.61575e+12	0.00e+00	4.86e-30	7.86e-22	2.18e-14	8.97e-08	1.00e+00	4.44e-04	0.00e+00
 2.72251e+12	4.64e-39	6.32e-30	9.66e-22	2.53e-14	9.70e-08	1.00e+00	4.12e-04	0.00e+00
 2.85348e+12	0.00e+00	8.62e-30	1.23e-21	3.01e-14	1.06e-07	1.00e+00	3.76e-04	0.00e+00
 2.98384e+12	9.71e-39	1.16e-29	1.56e-21	3.56e-14	1.16e-07	1.00e+00	3.44e-04	0.00e+00
 3.09735e+12	0.00e+00	1.48e-29	1.89e-21	4.10e-14	1.25e-07	1.00e+00	3.20e-04	0.00e+00
 3.22102e+12	1.80e-38	1.93e-29	2.33e-21	4.75e-14	1.36e-07	1.00e+00	2.96e-04	0.00e+00
 3.37171e+12	0.00e+00	2.61e-29	2.96e-21	5.65e-14	1.49e-07	1.00e+00	2.71e-04	0.00e+00
 3.52548e+12	3.74e-38	3.51e-29	3.74e-21	6.70e-14	1.63e-07	1.00e+00	2.47e-04	0.00e+00
 3.66708e+12	0.00e+00	4.57e-29	4.61e-21	7.78e-14	1.76e-07	1.00e+00	2.29e-04	0.00e+00
 3.82490e+12	7.22e-38	6.06e-29	5.76e-21	9.14e-14	1.92e-07	1.00e+00	2.10e-04	0.00e+00
 4.00735e+12	0.00e+00	8.27e-29	7.37e-21	1.09e-13	2.12e-07	1.00e+00	1.91e-04	0.00e+00
 4.18677e+12	1.50e-37	1.11e-28	9.30e-21	1.29e-13	2.32e-07	1.00e+00	1.75e-04	0.00e+00
 4.35884e+12	0.00e+00	1.45e-28	1.15e-20	1.51e-13	2.52e-07	1.00e+00	1.61e-04	0.00e+00
 4.54858e+12	2.94e-37	1.93e-28	1.44e-20	1.78e-13	2.75e-07	1.00e+00	1.48e-04	0.00e+00
 4.76045e+12	0.00e+00	2.62e-28	1.84e-20	2.12e-13	3.02e-07	1.00e+00	1.35e-04	0.00e+00
 4.95322e+12	5.88e-37	3.43e-28	2.27e-20	2.47e-13	3.28e-07	1.00e+00	1.24e-04	0.00e+00
 5.11573e+12	0.00e+00	4.26e-28	2.70e-20	2.80e-13	3.51e-07	1.00e+00	1.16e-04	0.00e+00
 5.29453e+12	1.01e-36	5.37e-28	3.25e-20	3.19e-13	3.77e-07	1.00e+00	1.09e-04	0.00e+00
 5.49646e+12	0.00e+00	6.92e-28	3.96e-20	3.69e-13	4.07e-07	1.00e+00	1.01e-04	0.00e+00
 5.68997e+12	1.83e-36	8.75e-28	4.77e-20	4.22e-13	4.37e-07	1.00e+00	9.37e-05	0.00e+00
 5.90302e+12	0.00e+00	1.12e-27	5.81e-20	4.86e-13	4.72e-07	1.00e+00	8.69e-05	0.00e+00
 6.13969e+12	3.43e-36	1.47e-27	7.18e-20	5.66e-13	5.12e-07	1.00e+00	8.02e-05	0.00e+00
 6.36150e+12	0.00e+00	1.87e-27	8.69e-20	6.49e-13	5.51e-07	1.00e+00	7.46e-05	0.00e+00
 6.60429e+12	6.28e-36	2.41e-27	1.06e-19	7.50e-13	5.95e-07	1.00e+00	6.91e-05	0.00e+00
 6.87742e+12	0.00e+00	3.19e-27	1.32e-19	8.77e-13	6.47e-07	1.00e+00	6.36e-05	0.00e+00
 7.13848e+12	1.20e-35	4.12e-27	1.62e-19	1.01e-12	6.99e-07	1.00e+00	5.89e-05	0.00e+00
 7.38000e+12	0.00e+00	5.17e-27	1.94e-19	1.15e-12	7.49e-07	1.00e+00	5.51e-05	0.00e+00
 7.64763e+12	2.14e-35	6.62e-27	2.35e-19	1.32e-12	8.06e-07	1.00e+00	5.12e-05	0.00e+00
 7.94763e+12	0.00e+00	8.64e-27	2.90e-19	1.53e-12	8.73e-07	1.00e+00	4.73e-05	0.00e+00
 8.23114e+12	3.98e-35	1.10e-26	3.51e-19	1.76e-12	9.39e-07	1.00e+00	4.40e-05	0.00e+00
 8.54113e+12	0.00e+00	1.43e-26	4.29e-19	2.03e-12	1.01e-06	1.00e+00	4.09e-05	0.00e+00
 8.88411e+12	7.62e-35	1.88e-26	5.32e-19	2.36e-12	1.10e-06	1.00e+00	3.77e-05	0.00e+00
 9.20245e+12	0.00e+00	2.40e-26	6.46e-19	2.71e-12	1.18e-06	1.00e+00	3.51e-05	0.00e+00
 9.54875e+12	1.41e-34	3.11e-26	7.91e-19	3.13e-12	1.28e-06	1.00e+00	3.25e-05	0.00e+00
 9.93603e+12	1.98e-34	4.11e-26	9.84e-19	3.65e-12	1.39e-06	1.00e+00	3.00e-05	0.00e+00
 1.03013e+13	2.72e-34	5.31e-26	1.20e-18	4.20e-12	1.49e-06	1.00e+00	2.79e-05	0.00e+00
 1.06996e+13	3.77e-34	6.95e-26	1.48e-18	4.87e-12	1.61e-06	1.00e+00	2.58e-05	0.00e+00
 1.11437e+13	5.36e-34	9.27e-26	1.85e-18	5.71e-12	1.75e-06	1.00e+00	2.37e-05	0.00e+00
 1.15646e+13	7.42e-34	1.21e-25	2.28e-18	6.59e-12	1.89e-06	1.00e+00	2.20e-05	0.00e+00
 1.20162e+13	1.04e-33	1.59e-25	2.82e-18	7.65e-12	2.05e-06	1.00e+00	2.03e-05	0.00e+00
 1.25268e+13	1.49e-33	2.14e-25	3.55e-18	9.00e-12	2.23e-06	1.00e+00	1.87e-05	0.00e+00
 1.30305e+13	2.12e-33	2.84e-25	4.43e-18	1.05e-11	2.42e-06	1.00e+00	1.72e-05	0.00e+00
 1.35544e+13	3.00e-33	3.78e-25	5.52e-18	1.22e-11	2.62e-06	1.00e+00	1.59e-05	0.00e+00
 1.41265e+13	4.33e-33	5.09e-25	6.96e-18	1.44e-11	2.86e-06	1.00e+00	1.46e-05	0.00e+00
 1.47215e+13	6.26e-33	6.88e-25	8.78e-18	1.69e-11	3.11e-06	1.00e+00	1.35e-05	0.00e+00
 1.53402e+13	9.06e-33	9.29e-25	1.11e-17	1.98e-11	3.38e-06	1.00e+00	1.24e-05	0.00e+00
 1.59465e+13	1.29e-32	1.23e-24	1.38e-17	2.31e-11	3.66e-06	1.00e+00	1.14e-05	0.00e+00
 1.65086e+13	1.76e-32	1.59e-24	1.68e-17	2.64e-11	3.92e-06	1.00e+00	1.07e-05	0.00e+00
 1.71304e+13	2.46e-32	2.09e-24	2.07e-17	3.05e-11	4.23e-06	1.00e+00	9.91e-06	0.00e+00
 1.77701e+13	3.43e-32	2.74e-24	2.55e-17	3.53e-11	4.56e-06	1.00e+00	9.20e-06	0.00e+00
 1.83038e+13	4.50e-32	3.41e-24	3.01e-17	3.96e-11	4.84e-06	1.00e+00	8.66e-06	0.00e+00
 1.88664e+13	5.94e-32	4.27e-24	3.58e-17	4.45e-11	5.14e-06	1.00e+00	8.15e-06	0.00e+00
 1.95831e+13	8.38e-32	5.64e-24	4.43e-17	5.15e-11	5.55e-06	1.00e+00	7.56e-06	0.00e+00
 2.03321e+13	1.18e-31	7.46e-24	5.49e-17	5.97e-11	5.98e-06	1.00e+00	7.01e-06	0.00e+00
 2.09944e+13	1.60e-31	9.51e-24	6.60e-17	6.76e-11	6.38e-06	1.00e+00	6.58e-06	0.00e+00
 2.17120e+13	2.19e-31	1.22e-23	8.00e-17	7.71e-11	6.83e-06	1.00e+00	6.15e-06	0.00e+00
 2.25135e+13	3.06e-31	1.61e-23	9.86e-17	8.89e-11	7.34e-06	1.00e+00	5.72e-06	0.00e+00
 2.32654e+13	4.17e-31	2.06e-23	1.19e-16	1.01e-10	7.84e-06	1.00e+00	5.36e-06	0.00e+00
 2.40843e+13	5.78e-31	2.68e-23	1.45e-16	1.16e-10	8.40e-06	1.00e+00	5.00e-06	0.00e+00
 2.49949e+13	8.19e-31	3.56e-23	1.80e-16	1.34e-10	9.05e-06	1.00e+00	4.64e-06	0.00e+00
 2.58441e+13	1.13e-30	4.59e-23	2.19e-16	1.53e-10	9.67e-06	1.00e+00	4.35e-06	0.00e+00
 2.67674e+13	1.57e-30	6.01e-23	2.68e-16	1.75e-10	1.04e-05	1.00e+00	4.05e-06	0.00e+00
 2.77991e+13	2.25e-30	8.02e-23	3.34e-16	2.03e-10	1.12e-05	1.00e+00	3.76e-06	0.00e+00
 2.87701e+13	3.13e-30	1.04e-22	4.08e-16	2.32e-10	1.20e-05	1.00e+00	3.51e-06	0.00e+00
 2.98308e+13	4.43e-30	1.38e-22	5.03e-16	2.68e-10	1.29e-05	1.00e+00	3.27e-06	0.00e+00
 3.10159e+13	6.43e-30	1.86e-22	6.32e-16	3.12e-10	1.39e-05	1.00e+00	3.03e-06	0.00e+00
 3.21335e+13	9.05e-30	2.45e-22	7.77e-16	3.58e-10	1.49e-05	1.00e+00	2.82e-06	0.00e+00
 3.33337e+13	1.29e-29	3.26e-22	9.62e-16	4.14e-10	1.60e-05	1.00e+00	2.62e-06	0.00e+00
 3.46970e+13	1.90e-29	4.44e-22	1.22e-15	4.85e-10	1.74e-05	1.00e+00	2.42e-06	0.00e+00
 3.60338e+13	2.74e-29	5.96e-22	1.52e-15	5.62e-10	1.87e-05	1.00e+00	2.25e-06	0.00e+00
 3.74242e+13	3.95e-29	8.01e-22	1.89e-15	6.52e-10	2.02e-05	1.00e+00	2.09e-06	0.00e+00
 3.89511e+13	5.83e-29	1.09e-21	2.40e-15	7.63e-10	2.18e-05	1.00e+00	1.93e-06	0.00e+00
 4.04958e+13	8.50e-29	1.48e-21	3.01e-15	8.90e-10	2.36e-05	1.00e+00	1.78e-06	0.00e+00
 4.21024e+13	1.24e-28	2.00e-21	3.78e-15	1.04e-09	2.55e-05	1.00e+00	1.65e-06	0.00e+00
 4.37161e+13	1.79e-28	2.68e-21	4.72e-15	1.20e-09	2.75e-05	1.00e+00	1.53e-06	0.00e+00
 4.52388e+13	2.49e-28	3.51e-21	5.77e-15	1.38e-09	2.94e-05	1.00e+00	1.43e-06	0.00e+00
 4.69227e+13	3.56e-28	4.66e-21	7.15e-15	1.59e-09	3.16e-05	1.00e+00	1.33e-06	0.00e+00
 4.86090e+13	5.01e-28	6.14e-21	8.80e-15	1.83e-09	3.39e-05	1.00e+00	1.24e-06	0.00e+00
 4.99992e+13	6.59e-28	7.65e-21	1.04e-14	2.04e-09	3.59e-05	1.00e+00	1.17e-06	0.00e+00
 5.14679e+13	8.73e-28	9.59e-21	1.23e-14	2.29e-09	3.80e-05	1.00e+00	1.11e-06	0.00e+00
 5.33590e+13	1.24e-27	1.27e-20	1.52e-14	2.65e-09	4.09e-05	1.00e+00	1.03e-06	0.00e+00
 5.53506e+13	1.76e-27	1.69e-20	1.89e-14	3.06e-09	4.40e-05	1.00e+00	9.57e-07	0.00e+00
 5.71019e+13	2.39e-27	2.15e-20	2.27e-14	3.46e-09	4.69e-05	1.00e+00	0.00e+00	0.00e+00
 5.89891e+13	3.27e-27	2.77e-20	2.75e-14	3.94e-09	5.00e-05	1.00e+00	0.00e+00	0.00e+00
 6.12719e+13	4.71e-27	3.72e-20	3.44e-14	4.58e-09	5.40e-05	1.00e+00	0.00e+00	0.00e+00
 6.35908e+13	6.73e-27	4.96e-20	4.28e-14	5.31e-09	5.83e-05	1.00e+00	0.00e+00	0.00e+00
 6.57469e+13	9.29e-27	6.43e-20	5.21e-14	6.06e-09	6.23e-05	1.00e+00	0.00e+00	0.00e+00
 6.81510e+13	1.31e-26	8.49e-20	6.44e-14	7.00e-09	6.71e-05	1.00e+00	0.00e+00	0.00e+00
 7.07205e+13	1.87e-26	1.13e-19	8.00e-14	8.11e-09	7.23e-05	1.00e+00	0.00e+00	0.00e+00
 7.30048e+13	2.54e-26	1.45e-19	9.65e-14	9.21e-09	7.71e-05	1.00e+00	0.00e+00	0.00e+00
 7.54562e+13	3.49e-26	1.87e-19	1.17e-13	1.05e-08	8.25e-05	1.00e+00	0.00e+00	0.00e+00
 7.83935e+13	5.02e-26	2.51e-19	1.47e-13	1.22e-08	8.93e-05	1.00e+00	0.00e+00	0.00e+00
 8.12807e+13	7.10e-26	3.32e-19	1.82e-13	1.41e-08	9.61e-05	1.00e+00	0.00e+00	0.00e+00
 8.38458e+13	9.56e-26	4.22e-19	2.18e-13	1.60e-08	1.02e-04	1.00e+00	0.00e+00	0.00e+00
 8.66745e+13	1.31e-25	5.45e-19	2.65e-13	1.83e-08	1.10e-04	1.00e+00	0.00e+00	0.00e+00
 9.00537e+13	1.89e-25	7.31e-19	3.32e-13	2.13e-08	1.19e-04	1.00e+00	0.00e+00	0.00e+00
 9.34118e+13	2.68e-25	9.70e-19	4.12e-13	2.47e-08	1.28e-04	1.00e+00	0.00e+00	0.00e+00
 9.64735e+13	3.65e-25	1.25e-18	4.98e-13	2.81e-08	1.37e-04	1.00e+00	0.00e+00	0.00e+00
 9.98867e+13	5.09e-25	1.63e-18	6.12e-13	3.23e-08	1.47e-04	1.00e+00	0.00e+00	0.00e+00
 1.03867e+14	7.38e-25	2.20e-18	7.70e-13	3.77e-08	1.59e-04	1.00e+00	0.00e+00	0.00e+00
 1.07780e+14	1.05e-24	2.93e-18	9.57e-13	4.37e-08	1.72e-04	1.00e+00	0.00e+00	0.00e+00
 1.11465e+14	1.45e-24	3.80e-18	1.17e-12	5.00e-08	1.84e-04	1.00e+00	0.00e+00	0.00e+00
 1.15569e+14	2.05e-24	5.02e-18	1.44e-12	5.78e-08	1.98e-04	1.00e+00	0.00e+00	0.00e+00
 1.20222e+14	2.99e-24	6.81e-18	1.82e-12	6.77e-08	2.15e-04	1.00e+00	0.00e+00	0.00e+00
 1.24869e+14	4.30e-24	9.14e-18	2.28e-12	7.88e-08	2.32e-04	1.00e+00	0.00e+00	0.00e+00
 1.29213e+14	5.98e-24	1.19e-17	2.79e-12	9.04e-08	2.49e-04	1.00e+00	0.00e+00	0.00e+00
 1.33923e+14	8.43e-24	1.57e-17	3.45e-12	1.04e-07	2.68e-04	1.00e+00	0.00e+00	0.00e+00
 1.39199e+14	1.22e-23	2.12e-17	4.33e-12	1.22e-07	2.90e-04	1.00e+00	0.00e+00	0.00e+00
 1.44126e+14	1.71e-23	2.78e-17	5.32e-12	1.40e-07	3.12e-04	1.00e+00	0.00e+00	0.00e+00
 1.48689e+14	2.31e-23	3.54e-17	6.40e-12	1.59e-07	3.32e-04	1.00e+00	0.00e+00	0.00e+00
 1.53081e+14	3.06e-23	4.45e-17	7.60e-12	1.78e-07	3.53e-04	1.00e+00	0.00e+00	0.00e+00
 1.57961e+14	4.14e-23	5.67e-17	9.15e-12	2.02e-07	3.76e-04	1.00e+00	0.00e+00	0.00e+00
 1.63361e+14	5.73e-23	7.37e-17	1.12e-11	2.31e-07	4.03e-04	1.00e+00	0.00e+00	0.00e+00
 1.68390e+14	7.68e-23	9.34e-17	1.34e-11	2.61e-07	4.28e-04	1.00e+00	0.00e+00	0.00e+00
 1.73880e+14	1.05e-22	1.20e-16	1.62e-11	2.96e-07	4.57e-04	1.00e+00	0.00e+00	0.00e+00
 1.80058e+14	1.47e-22	1.58e-16	1.99e-11	3.41e-07	4.91e-04	1.00e+00	0.00e+00	0.00e+00
 1.85951e+14	2.01e-22	2.03e-16	2.41e-11	3.88e-07	5.24e-04	9.99e-01	0.00e+00	0.00e+00
 1.92433e+14	2.81e-22	2.65e-16	2.95e-11	4.44e-07	5.62e-04	9.99e-01	0.00e+00	0.00e+00
 1.99574e+14	4.00e-22	3.52e-16	3.66e-11	5.14e-07	6.05e-04	9.99e-01	0.00e+00	0.00e+00
 2.06138e+14	5.48e-22	4.54e-16	4.43e-11	5.85e-07	6.46e-04	9.99e-01	0.00e+00	0.00e+00
 2.13236e+14	7.60e-22	5.91e-16	5.42e-11	6.70e-07	6.92e-04	9.99e-01	0.00e+00	0.00e+00
 2.21181e+14	1.08e-21	7.87e-16	6.73e-11	7.75e-07	7.46e-04	9.99e-01	0.00e+00	0.00e+00
 2.28662e+14	1.50e-21	1.02e-15	8.20e-11	8.86e-07	7.98e-04	9.99e-01	0.00e+00	0.00e+00
 2.36823e+14	2.10e-21	1.34e-15	1.01e-10	1.02e-06	8.57e-04	9.99e-01	0.00e+00	0.00e+00
 2.45885e+14	3.02e-21	1.80e-15	1.26e-10	1.18e-06	9.25e-04	9.99e-01	0.00e+00	0.00e+00
 2.54333e+14	4.19e-21	2.34e-15	1.54e-10	1.36e-06	9.91e-04	9.99e-01	0.00e+00	0.00e+00
 2.63514e+14	5.88e-21	3.08e-15	1.90e-10	1.56e-06	1.07e-03	9.99e-01	0.00e+00	0.00e+00
 2.73791e+14	8.51e-21	4.15e-15	2.38e-10	1.82e-06	1.15e-03	9.99e-01	0.00e+00	0.00e+00
 2.83529e+14	1.18e-20	5.42e-15	2.92e-10	2.09e-06	1.24e-03	9.99e-01	0.00e+00	0.00e+00
 2.93952e+14	1.68e-20	7.18e-15	3.62e-10	2.42e-06	1.34e-03	9.99e-01	0.00e+00	0.00e+00
 3.05740e+14	2.44e-20	9.71e-15	4.57e-10	2.83e-06	1.45e-03	9.99e-01	0.00e+00	0.00e+00
 3.17328e+14	3.46e-20	1.29e-14	5.68e-10	3.29e-06	1.57e-03	9.98e-01	0.00e+00	0.00e+00
 3.29380e+14	4.91e-20	1.72e-14	7.07e-10	3.82e-06	1.69e-03	9.98e-01	0.00e+00	0.00e+00
 3.42585e+14	7.10e-20	2.32e-14	8.91e-10	4.48e-06	1.84e-03	9.98e-01	0.00e+00	0.00e+00
 3.55608e+14	1.00e-19	3.07e-14	1.11e-09	5.20e-06	1.99e-03	9.98e-01	0.00e+00	0.00e+00
 3.66401e+14	1.33e-19	3.86e-14	1.32e-09	5.87e-06	2.12e-03	9.98e-01	0.00e+00	0.00e+00
 3.75099e+14	1.64e-19	4.60e-14	1.52e-09	6.45e-06	2.23e-03	9.98e-01	0.00e+00	0.00e+00
 3.84748e+14	2.07e-19	5.56e-14	1.76e-09	7.14e-06	2.35e-03	9.98e-01	0.00e+00	0.00e+00
 3.97291e+14	2.78e-19	7.07e-14	2.12e-09	8.13e-06	2.52e-03	9.97e-01	0.00e+00	0.00e+00
 4.10746e+14	3.75e-19	9.05e-14	2.57e-09	9.30e-06	2.71e-03	9.97e-01	0.00e+00	0.00e+00
 4.22687e+14	4.85e-19	1.12e-13	3.04e-09	1.04e-05	2.88e-03	9.97e-01	0.00e+00	0.00e+00
 4.35514e+14	6.34e-19	1.40e-13	3.62e-09	1.18e-05	3.07e-03	9.97e-01	0.00e+00	0.00e+00
 4.51634e+14	8.75e-19	1.82e-13	4.47e-09	1.36e-05	3.33e-03	9.97e-01	0.00e+00	0.00e+00
 4.67990e+14	1.20e-18	2.36e-13	5.49e-09	1.57e-05	3.60e-03	9.96e-01	0.00e+00	0.00e+00
 4.82091e+14	1.56e-18	2.93e-13	6.52e-09	1.77e-05	3.84e-03	9.96e-01	0.00e+00	0.00e+00
 4.97305e+14	2.03e-18	3.67e-13	7.81e-09	2.01e-05	4.11e-03	9.96e-01	0.00e+00	0.00e+00
 5.16037e+14	2.80e-18	4.80e-13	9.67e-09	2.33e-05	4.47e-03	9.96e-01	0.00e+00	0.00e+00
 5.35092e+14	3.83e-18	6.23e-13	1.19e-08	2.70e-05	4.84e-03	9.95e-01	0.00e+00	0.00e+00
 5.52070e+14	5.00e-18	7.79e-13	1.43e-08	3.07e-05	5.19e-03	9.95e-01	0.00e+00	0.00e+00
 5.70602e+14	6.61e-18	9.85e-13	1.73e-08	3.50e-05	5.59e-03	9.94e-01	0.00e+00	0.00e+00
 5.92713e+14	9.14e-18	1.29e-12	2.15e-08	4.08e-05	6.09e-03	9.94e-01	0.00e+00	0.00e+00
 6.14540e+14	1.24e-17	1.67e-12	2.66e-08	4.72e-05	6.61e-03	9.93e-01	0.00e+00	0.00e+00
 6.34243e+14	1.61e-17	2.09e-12	3.19e-08	5.36e-05	7.10e-03	9.93e-01	0.00e+00	0.00e+00
 6.56123e+14	2.14e-17	2.66e-12	3.88e-08	6.15e-05	7.66e-03	9.92e-01	0.00e+00	0.00e+00
 6.81875e+14	2.96e-17	3.49e-12	4.85e-08	7.18e-05	8.36e-03	9.92e-01	0.00e+00	0.00e+00
 7.07273e+14	4.01e-17	4.52e-12	5.99e-08	8.32e-05	9.09e-03	9.91e-01	0.00e+00	0.00e+00
 7.30846e+14	5.27e-17	5.70e-12	7.25e-08	9.49e-05	9.79e-03	9.90e-01	0.00e+00	0.00e+00
 7.57269e+14	7.09e-17	7.33e-12	8.91e-08	1.09e-04	1.06e-02	9.89e-01	0.00e+00	0.00e+00
 7.87590e+14	9.83e-17	9.68e-12	1.12e-07	1.28e-04	1.16e-02	9.88e-01	0.00e+00	0.00e+00
 8.17410e+14	1.59e-16	1.26e-11	1.39e-07	1.49e-04	1.26e-02	9.87e-01	0.00e+00	0.00e+00
 8.48423e+14	2.19e-16	1.64e-11	1.73e-07	1.73e-04	1.37e-02	9.86e-01	0.00e+00	0.00e+00
 8.76692e+14	2.89e-16	2.08e-11	2.10e-07	1.97e-04	1.48e-02	9.85e-01	0.00e+00	0.00e+00
 8.97746e+14	3.54e-16	2.46e-11	2.41e-07	2.17e-04	1.56e-02	9.84e-01	0.00e+00	0.00e+00
 9.19449e+14	4.35e-16	2.92e-11	2.78e-07	2.38e-04	1.65e-02	9.83e-01	0.00e+00	0.00e+00
 9.47662e+14	5.56e-16	3.62e-11	3.32e-07	2.69e-04	1.77e-02	9.82e-01	0.00e+00	0.00e+00
 9.78324e+14	7.31e-16	4.56e-11	4.01e-07	3.06e-04	1.90e-02	9.81e-01	0.00e+00	0.00e+00
 1.00607e+15	9.29e-16	5.58e-11	4.73e-07	3.42e-04	2.02e-02	9.79e-01	0.00e+00	0.00e+00
 1.03602e+15	1.20e-15	6.89e-11	5.63e-07	3.85e-04	2.16e-02	9.78e-01	0.00e+00	0.00e+00
 1.07403e+15	1.63e-15	8.96e-11	6.98e-07	4.45e-04	2.34e-02	9.76e-01	0.00e+00	0.00e+00
 1.11232e+15	2.21e-15	1.16e-10	8.61e-07	5.12e-04	2.53e-02	9.74e-01	0.00e+00	0.00e+00
 1.14438e+15	2.83e-15	1.42e-10	1.02e-06	5.74e-04	2.70e-02	9.72e-01	0.00e+00	0.00e+00
 1.17855e+15	3.65e-15	1.76e-10	1.21e-06	6.45e-04	2.88e-02	9.71e-01	0.00e+00	0.00e+00
 1.22183e+15	5.01e-15	2.30e-10	1.51e-06	7.47e-04	3.12e-02	9.68e-01	0.00e+00	0.00e+00
 1.26727e+15	6.90e-15	3.01e-10	1.88e-06	8.64e-04	3.39e-02	9.65e-01	0.00e+00	0.00e+00
 1.30815e+15	9.11e-15	3.81e-10	2.28e-06	9.81e-04	3.64e-02	9.63e-01	0.00e+00	0.00e+00
 1.35280e+15	1.23e-14	4.89e-10	2.79e-06	1.12e-03	3.92e-02	9.60e-01	0.00e+00	0.00e+00
 1.40562e+15	1.73e-14	6.52e-10	3.52e-06	1.31e-03	4.26e-02	9.56e-01	0.00e+00	0.00e+00
 1.45742e+15	2.38e-14	8.55e-10	4.38e-06	1.51e-03	4.62e-02	9.52e-01	0.00e+00	0.00e+00
 1.50465e+15	3.16e-14	1.09e-09	5.31e-06	1.72e-03	4.95e-02	9.49e-01	0.00e+00	0.00e+00
 1.55755e+15	4.31e-14	1.41e-09	6.55e-06	1.98e-03	5.34e-02	9.45e-01	0.00e+00	0.00e+00
 1.61921e+15	6.11e-14	1.89e-09	8.29e-06	2.31e-03	5.81e-02	9.40e-01	0.00e+00	0.00e+00
 1.67993e+15	8.53e-14	2.50e-09	1.04e-05	2.68e-03	6.29e-02	9.34e-01	0.00e+00	0.00e+00
 1.73725e+15	1.16e-13	3.23e-09	1.27e-05	3.06e-03	6.76e-02	9.29e-01	0.00e+00	0.00e+00
 1.80092e+15	1.60e-13	4.25e-09	1.58e-05	3.53e-03	7.30e-02	9.23e-01	0.00e+00	0.00e+00
 1.86149e+15	2.17e-13	5.47e-09	1.94e-05	4.03e-03	7.83e-02	9.18e-01	0.00e+00	0.00e+00
 1.90660e+15	2.69e-13	6.57e-09	2.25e-05	4.44e-03	8.25e-02	9.13e-01	0.00e+00	0.00e+00
 1.95229e+15	3.34e-13	7.88e-09	2.59e-05	4.88e-03	8.67e-02	9.08e-01	0.00e+00	0.00e+00
 2.01168e+15	4.39e-13	9.92e-09	3.11e-05	5.50e-03	9.23e-02	9.02e-01	0.00e+00	0.00e+00
 2.07619e+15	5.85e-13	1.26e-08	3.77e-05	6.24e-03	9.86e-02	8.95e-01	0.00e+00	0.00e+00
 2.13423e+15	7.54e-13	1.56e-08	4.46e-05	6.96e-03	1.04e-01	8.89e-01	0.00e+00	0.00e+00
 2.19657e+15	9.83e-13	1.95e-08	5.32e-05	7.80e-03	1.11e-01	8.81e-01	0.00e+00	0.00e+00
 2.27645e+15	1.37e-12	2.58e-08	6.62e-05	9.00e-03	1.19e-01	8.72e-01	0.00e+00	0.00e+00
 2.35703e+15	1.87e-12	3.36e-08	8.17e-05	1.03e-02	1.28e-01	8.62e-01	0.00e+00	0.00e+00
 2.42354e+15	2.41e-12	4.16e-08	9.68e-05	1.15e-02	1.35e-01	8.53e-01	0.00e+00	0.00e+00
 2.49388e+15	3.15e-12	5.19e-08	1.15e-04	1.29e-02	1.43e-01	8.44e-01	0.00e+00	0.00e+00
 2.58432e+15	4.36e-12	6.82e-08	1.43e-04	1.48e-02	1.54e-01	8.31e-01	0.00e+00	0.00e+00
 2.67951e+15	6.05e-12	9.00e-08	1.78e-04	1.70e-02	1.65e-01	8.18e-01	0.00e+00	0.00e+00
 2.76285e+15	8.00e-12	1.14e-07	2.14e-04	1.92e-02	1.75e-01	8.06e-01	0.00e+00	0.00e+00
 2.85216e+15	1.07e-11	1.45e-07	2.59e-04	2.17e-02	1.86e-01	7.92e-01	0.00e+00	0.00e+00
 2.96071e+15	1.52e-11	1.94e-07	3.24e-04	2.51e-02	1.99e-01	7.75e-01	0.00e+00	0.00e+00
 3.06786e+15	2.09e-11	2.54e-07	4.01e-04	2.87e-02	2.12e-01	7.59e-01	0.00e+00	0.00e+00
 3.16167e+15	2.75e-11	3.21e-07	4.80e-04	3.22e-02	2.24e-01	7.43e-01	0.00e+00	0.00e+00
 3.26453e+15	3.70e-11	4.10e-07	5.80e-04	3.63e-02	2.37e-01	7.26e-01	0.00e+00	0.00e+00
 3.38914e+15	5.23e-11	5.47e-07	7.25e-04	4.17e-02	2.53e-01	7.05e-01	0.00e+00	0.00e+00
 3.50880e+15	7.12e-11	7.10e-07	8.87e-04	4.74e-02	2.67e-01	6.84e-01	0.00e+00	0.00e+00
 3.60049e+15	8.96e-11	8.62e-07	1.03e-03	5.21e-02	2.79e-01	6.68e-01	0.00e+00	0.00e+00
 3.68903e+15	1.12e-10	1.04e-06	1.19e-03	5.69e-02	2.90e-01	6.52e-01	0.00e+00	0.00e+00
 3.80415e+15	1.48e-10	1.31e-06	1.42e-03	6.35e-02	3.03e-01	6.32e-01	0.00e+00	0.00e+00
 3.92207e+15	1.95e-10	1.64e-06	1.69e-03	7.07e-02	3.17e-01	6.11e-01	0.00e+00	0.00e+00
 4.02068e+15	2.42e-10	1.97e-06	1.95e-03	7.71e-02	3.28e-01	5.93e-01	0.00e+00	0.00e+00
 4.12589e+15	3.07e-10	2.40e-06	2.26e-03	8.43e-02	3.40e-01	5.74e-01	0.00e+00	0.00e+00
 4.26267e+15	4.13e-10	3.06e-06	2.72e-03	9.44e-02	3.54e-01	5.49e-01	0.00e+00	0.00e+00
 4.40152e+15	5.45e-10	3.86e-06	3.25e-03	1.05e-01	3.68e-01	5.24e-01	0.00e+00	0.00e+00
 4.51729e+15	6.83e-10	4.66e-06	3.75e-03	1.14e-01	3.79e-01	5.03e-01	0.00e+00	0.00e+00
 4.64205e+15	8.72e-10	5.70e-06	4.37e-03	1.25e-01	3.90e-01	4.81e-01	0.00e+00	0.00e+00
 4.80423e+15	1.19e-09	7.34e-06	5.29e-03	1.39e-01	4.03e-01	4.52e-01	0.00e+00	0.00e+00
 4.96760e+15	1.58e-09	9.28e-06	6.33e-03	1.55e-01	4.14e-01	4.25e-01	0.00e+00	0.00e+00
 5.09824e+15	1.96e-09	1.11e-05	7.26e-03	1.67e-01	4.22e-01	4.03e-01	0.00e+00	0.00e+00
 5.23381e+15	2.48e-09	1.34e-05	8.37e-03	1.81e-01	4.30e-01	3.81e-01	0.00e+00	0.00e+00
 5.41005e+15	3.32e-09	1.71e-05	1.00e-02	1.99e-01	4.38e-01	3.53e-01	0.00e+00	0.00e+00
 5.59054e+15	4.36e-09	2.14e-05	1.19e-02	2.18e-01	4.44e-01	3.26e-01	0.00e+00	0.00e+00
 5.73889e+15	5.42e-09	2.55e-05	1.36e-02	2.34e-01	4.47e-01	3.04e-01	0.00e+00	0.00e+00
 5.89406e+15	6.87e-09	3.09e-05	1.56e-02	2.52e-01	4.50e-01	2.82e-01	0.00e+00	0.00e+00
 6.06083e+15	8.65e-09	3.72e-05	1.80e-02	2.71e-01	4.51e-01	2.60e-01	0.00e+00	0.00e+00
 6.20915e+15	1.06e-08	4.38e-05	2.03e-02	2.88e-01	4.50e-01	2.42e-01	0.00e+00	0.00e+00
 6.34325e+15	1.27e-08	5.07e-05	2.26e-02	3.03e-01	4.48e-01	2.26e-01	0.00e+00	0.00e+00
 6.49234e+15	1.56e-08	5.98e-05	2.55e-02	3.21e-01	4.45e-01	2.08e-01	0.00e+00	0.00e+00
 6.65821e+15	1.93e-08	7.12e-05	2.91e-02	3.40e-01	4.41e-01	1.90e-01	0.00e+00	0.00e+00
 6.81227e+15	2.34e-08	8.30e-05	3.26e-02	3.58e-01	4.35e-01	1.74e-01	0.00e+00	0.00e+00
 6.95673e+15	2.80e-08	9.57e-05	3.62e-02	3.75e-01	4.29e-01	1.60e-01	0.00e+00	0.00e+00
 7.12232e+15	3.49e-08	1.14e-04	4.10e-02	3.94e-01	4.20e-01	1.44e-01	0.00e+00	0.00e+00
 7.29882e+15	4.29e-08	1.34e-04	4.63e-02	4.14e-01	4.10e-01	1.30e-01	0.00e+00	0.00e+00
 7.45476e+15	5.17e-08	1.55e-04	5.16e-02	4.31e-01	4.00e-01	1.17e-01	0.00e+00	0.00e+00
 7.60068e+15	6.19e-08	1.79e-04	5.70e-02	4.47e-01	3.89e-01	1.06e-01	0.00e+00	0.00e+00
 7.74631e+15	7.34e-08	2.05e-04	6.29e-02	4.63e-01	3.78e-01	9.64e-02	0.00e+00	0.00e+00
 7.91360e+15	9.13e-08	2.42e-04	7.07e-02	4.80e-01	3.64e-01	8.51e-02	0.00e+00	0.00e+00
 8.09015e+15	1.12e-07	2.84e-04	7.93e-02	4.97e-01	3.48e-01	7.50e-02	0.00e+00	0.00e+00
 8.24355e+15	1.34e-07	3.27e-04	8.77e-02	5.11e-01	3.34e-01	6.66e-02	0.00e+00	0.00e+00
 8.38513e+15	1.60e-07	3.75e-04	9.64e-02	5.24e-01	3.20e-01	5.93e-02	0.00e+00	0.00e+00
 8.54653e+15	1.98e-07	4.42e-04	1.08e-01	5.37e-01	3.03e-01	5.15e-02	0.00e+00	0.00e+00
 8.71566e+15	2.41e-07	5.14e-04	1.20e-01	5.49e-01	2.86e-01	4.45e-02	0.00e+00	0.00e+00
 8.86048e+15	2.89e-07	5.92e-04	1.32e-01	5.58e-01	2.70e-01	3.89e-02	0.00e+00	0.00e+00
 8.99149e+15	3.46e-07	6.78e-04	1.44e-01	5.66e-01	2.55e-01	3.41e-02	0.00e+00	0.00e+00
 9.11603e+15	4.04e-07	7.65e-04	1.57e-01	5.72e-01	2.41e-01	3.00e-02	0.00e+00	0.00e+00
 9.25507e+15	4.76e-07	8.69e-04	1.72e-01	5.77e-01	2.24e-01	2.58e-02	0.00e+00	0.00e+00
 9.40543e+15	6.07e-07	1.04e-03	1.91e-01	5.81e-01	2.06e-01	2.15e-02	0.00e+00	0.00e+00
 9.52404e+15	7.23e-07	1.19e-03	2.07e-01	5.82e-01	1.92e-01	1.85e-02	0.00e+00	0.00e+00
 9.61290e+15	8.23e-07	1.31e-03	2.20e-01	5.82e-01	1.81e-01	1.64e-02	0.00e+00	0.00e+00
 9.69329e+15	9.31e-07	1.44e-03	2.32e-01	5.81e-01	1.71e-01	1.46e-02	0.00e+00	0.00e+00
 9.76882e+15	1.05e-06	1.57e-03	2.45e-01	5.79e-01	1.61e-01	1.31e-02	0.00e+00	0.00e+00
 9.85433e+15	1.16e-06	1.70e-03	2.59e-01	5.77e-01	1.51e-01	1.15e-02	0.00e+00	0.00e+00
 9.96550e+15	1.38e-06	1.94e-03	2.80e-01	5.72e-01	1.37e-01	9.56e-03	0.00e+00	0.00e+00
 1.00669e+16	1.64e-06	2.20e-03	3.00e-01	5.65e-01	1.24e-01	7.98e-03	0.00e+00	0.00e+00
 1.01303e+16	1.91e-06	2.45e-03	3.15e-01	5.60e-01	1.16e-01	6.97e-03	0.00e+00	0.00e+00
 1.01748e+16	2.07e-06	2.60e-03	3.25e-01	5.56e-01	1.10e-01	6.36e-03	0.00e+00	0.00e+00
 1.02201e+16	2.26e-06	2.77e-03	3.36e-01	5.51e-01	1.04e-01	5.76e-03	0.00e+00	0.00e+00
 1.02789e+16	2.45e-06	2.95e-03	3.49e-01	5.46e-01	9.74e-02	5.08e-03	0.00e+00	0.00e+00
 1.03554e+16	2.93e-06	3.35e-03	3.69e-01	5.36e-01	8.77e-02	4.18e-03	0.00e+00	0.00e+00
 1.04258e+16	3.25e-06	3.62e-03	3.86e-01	5.27e-01	7.98e-02	3.54e-03	0.00e+00	0.00e+00
 1.04795e+16	3.75e-06	4.00e-03	4.01e-01	5.19e-01	7.33e-02	3.02e-03	0.00e+00	0.00e+00
 1.05281e+16	4.05e-06	4.24e-03	4.13e-01	5.12e-01	6.80e-02	2.65e-03	0.00e+00	0.00e+00
 1.05791e+16	4.53e-06	4.59e-03	4.27e-01	5.04e-01	6.22e-02	2.26e-03	0.00e+00	0.00e+00
 1.06455e+16	5.44e-06	5.22e-03	4.47e-01	4.91e-01	5.47e-02	1.78e-03	0.00e+00	0.00e+00
 1.07073e+16	6.00e-06	5.60e-03	4.63e-01	4.81e-01	4.89e-02	1.47e-03	0.00e+00	0.00e+00
 1.07630e+16	7.06e-06	6.28e-03	4.81e-01	4.69e-01	4.32e-02	1.17e-03	0.00e+00	0.00e+00
 1.08184e+16	8.00e-06	6.86e-03	4.96e-01	4.58e-01	3.83e-02	9.43e-04	0.00e+00	0.00e+00
 1.08646e+16	8.92e-06	7.41e-03	5.09e-01	4.48e-01	3.44e-02	7.77e-04	0.00e+00	0.00e+00
 1.09161e+16	1.02e-05	8.12e-03	5.24e-01	4.37e-01	3.02e-02	6.15e-04	0.00e+00	0.00e+00
 1.09733e+16	1.17e-05	8.94e-03	5.40e-01	4.24e-01	2.60e-02	4.72e-04	0.00e+00	0.00e+00
 1.10275e+16	1.33e-05	9.79e-03	5.55e-01	4.12e-01	2.25e-02	3.64e-04	0.00e+00	0.00e+00
 1.10875e+16	1.55e-05	1.09e-02	5.71e-01	3.99e-01	1.88e-02	2.66e-04	0.00e+00	0.00e+00
 1.11529e+16	1.82e-05	1.22e-02	5.88e-01	3.84e-01	1.55e-02	1.88e-04	0.00e+00	0.00e+00
 1.12024e+16	2.03e-05	1.31e-02	6.00e-01	3.73e-01	1.35e-02	1.46e-04	0.00e+00	0.00e+00
 1.12363e+16	2.21e-05	1.39e-02	6.08e-01	3.66e-01	1.21e-02	1.21e-04	0.00e+00	0.00e+00
 1.12726e+16	2.43e-05	1.48e-02	6.17e-01	3.57e-01	1.08e-02	9.77e-05	0.00e+00	0.00e+00
 1.13198e+16	2.73e-05	1.61e-02	6.28e-01	3.47e-01	9.20e-03	7.39e-05	0.00e+00	0.00e+00
 1.13711e+16	3.09e-05	1.75e-02	6.39e-01	3.35e-01	7.78e-03	5.48e-05	0.00e+00	0.00e+00
 1.14182e+16	3.46e-05	1.89e-02	6.49e-01	3.25e-01	6.68e-03	4.16e-05	0.00e+00	0.00e+00
 1.14695e+16	3.92e-05	2.06e-02	6.60e-01	3.14e-01	5.60e-03	3.04e-05	0.00e+00	0.00e+00
 1.15253e+16	4.48e-05	2.25e-02	6.71e-01	3.02e-01	4.65e-03	2.18e-05	0.00e+00	0.00e+00
 1.15753e+16	5.05e-05	2.44e-02	6.80e-01	2.91e-01	3.93e-03	1.61e-05	0.00e+00	0.00e+00
 1.16216e+16	5.65e-05	2.63e-02	6.89e-01	2.81e-01	3.36e-03	1.22e-05	0.00e+00	0.00e+00
 1.16746e+16	6.43e-05	2.87e-02	6.98e-01	2.70e-01	2.79e-03	8.74e-06	0.00e+00	0.00e+00
 1.17326e+16	7.39e-05	3.15e-02	7.08e-01	2.58e-01	2.29e-03	6.15e-06	0.00e+00	0.00e+00
 1.17846e+16	8.38e-05	3.42e-02	7.16e-01	2.47e-01	1.93e-03	4.50e-06	0.00e+00	0.00e+00
 1.18323e+16	9.44e-05	3.70e-02	7.24e-01	2.37e-01	1.63e-03	3.35e-06	0.00e+00	0.00e+00
 1.18869e+16	1.08e-04	4.05e-02	7.32e-01	2.26e-01	1.35e-03	2.38e-06	0.00e+00	0.00e+00
 1.19457e+16	1.25e-04	4.46e-02	7.40e-01	2.14e-01	1.10e-03	1.66e-06	0.00e+00	0.00e+00
 1.19969e+16	1.43e-04	4.87e-02	7.46e-01	2.04e-01	9.22e-04	1.21e-06	0.00e+00	0.00e+00
 1.20422e+16	1.60e-04	5.26e-02	7.52e-01	1.95e-01	7.87e-04	9.17e-07	0.00e+00	0.00e+00
 1.20931e+16	1.83e-04	5.74e-02	7.57e-01	1.84e-01	6.54e-04	0.00e+00	0.00e+00	0.00e+00
 1.21491e+16	2.12e-04	6.33e-02	7.63e-01	1.73e-01	5.36e-04	0.00e+00	0.00e+00	0.00e+00
 1.21991e+16	2.43e-04	6.92e-02	7.67e-01	1.64e-01	4.47e-04	0.00e+00	0.00e+00	0.00e+00
 1.22432e+16	2.75e-04	7.49e-02	7.69e-01	1.55e-01	3.80e-04	0.00e+00	0.00e+00	0.00e+00
 1.22920e+16	3.15e-04	8.19e-02	7.72e-01	1.45e-01	3.16e-04	0.00e+00	0.00e+00	0.00e+00
 1.23455e+16	3.68e-04	9.07e-02	7.74e-01	1.35e-01	2.57e-04	0.00e+00	0.00e+00	0.00e+00
 1.23928e+16	4.23e-04	9.93e-02	7.74e-01	1.26e-01	2.14e-04	0.00e+00	0.00e+00	0.00e+00
 1.24340e+16	4.79e-04	1.08e-01	7.73e-01	1.19e-01	1.82e-04	0.00e+00	0.00e+00	0.00e+00
 1.24797e+16	5.52e-04	1.18e-01	7.71e-01	1.10e-01	1.51e-04	0.00e+00	0.00e+00	0.00e+00
 1.25304e+16	6.47e-04	1.30e-01	7.68e-01	1.01e-01	1.22e-04	0.00e+00	0.00e+00	0.00e+00
 1.25759e+16	7.48e-04	1.43e-01	7.63e-01	9.29e-02	1.00e-04	0.00e+00	0.00e+00	0.00e+00
 1.26152e+16	8.52e-04	1.56e-01	7.57e-01	8.61e-02	8.41e-05	0.00e+00	0.00e+00	0.00e+00
 1.26581e+16	9.83e-04	1.70e-01	7.50e-01	7.88e-02	6.89e-05	0.00e+00	0.00e+00	0.00e+00
 1.27060e+16	1.16e-03	1.89e-01	7.39e-01	7.09e-02	5.48e-05	0.00e+00	0.00e+00	0.00e+00
 1.27498e+16	1.36e-03	2.09e-01	7.26e-01	6.39e-02	4.41e-05	0.00e+00	0.00e+00	0.00e+00
 1.27888e+16	1.57e-03	2.28e-01	7.13e-01	5.77e-02	3.60e-05	0.00e+00	0.00e+00	0.00e+00
 1.28321e+16	1.84e-03	2.51e-01	6.96e-01	5.12e-02	2.83e-05	0.00e+00	0.00e+00	0.00e+00
 1.28802e+16	2.21e-03	2.81e-01	6.73e-01	4.44e-02	2.16e-05	0.00e+00	0.00e+00	0.00e+00
 1.29242e+16	2.63e-03	3.11e-01	6.48e-01	3.83e-02	1.65e-05	0.00e+00	0.00e+00	0.00e+00
 1.29642e+16	3.08e-03	3.42e-01	6.22e-01	3.32e-02	1.27e-05	0.00e+00	0.00e+00	0.00e+00
 1.30092e+16	3.71e-03	3.80e-01	5.89e-01	2.77e-02	9.29e-06	0.00e+00	0.00e+00	0.00e+00
 1.30579e+16	4.55e-03	4.26e-01	5.47e-01	2.23e-02	6.45e-06	0.00e+00	0.00e+00	0.00e+00
 1.30996e+16	5.47e-03	4.70e-01	5.07e-01	1.81e-02	4.57e-06	0.00e+00	0.00e+00	0.00e+00
 1.31344e+16	6.40e-03	5.09e-01	4.70e-01	1.49e-02	3.36e-06	0.00e+00	0.00e+00	0.00e+00
 1.31720e+16	7.57e-03	5.53e-01	4.28e-01	1.18e-02	2.34e-06	0.00e+00	0.00e+00	0.00e+00
 1.32107e+16	9.01e-03	6.01e-01	3.81e-01	9.01e-03	1.56e-06	0.00e+00	0.00e+00	0.00e+00
 1.32410e+16	1.04e-02	6.41e-01	3.42e-01	7.09e-03	1.09e-06	0.00e+00	0.00e+00	0.00e+00
 1.32653e+16	1.17e-02	6.72e-01	3.11e-01	5.78e-03	8.11e-07	0.00e+00	0.00e+00	0.00e+00
 1.32914e+16	1.32e-02	7.05e-01	2.78e-01	4.54e-03	0.00e+00	0.00e+00	0.00e+00	0.00e+00
 1.33207e+16	1.52e-02	7.41e-01	2.41e-01	3.39e-03	0.00e+00	0.00e+00	0.00e+00	0.00e+00
 1.33471e+16	1.74e-02	7.73e-01	2.07e-01	2.52e-03	0.00e+00	0.00e+00	0.00e+00	0.00e+00
 1.33692e+16	1.94e-02	7.98e-01	1.81e-01	1.93e-03	0.00e+00	0.00e+00	0.00e+00	0.00e+00
 1.33925e+16	2.19e-02	8.22e-01	1.55e-01	1.42e-03	0.00e+00	0.00e+00	0.00e+00	0.00e+00
 1.34176e+16	2.49e-02	8.46e-01	1.28e-01	9.97e-04	0.00e+00	0.00e+00	0.00e+00	0.00e+00
 1.34391e+16	2.80e-02	8.64e-01	1.07e-01	7.13e-04	0.00e+00	0.00e+00	0.00e+00	0.00e+00
 1.34571e+16	3.09e-02	8.78e-01	9.10e-02	5.29e-04	0.00e+00	0.00e+00	0.00e+00	0.00e+00
 1.34764e+16	3.44e-02	8.89e-01	7.59e-02	3.78e-04	0.00e+00	0.00e+00	0.00e+00	0.00e+00
 1.34978e+16	3.88e-02	9.00e-01	6.08e-02	2.53e-04	0.00e+00	0.00e+00	0.00e+00	0.00e+00
 1.35171e+16	4.36e-02	9.07e-01	4.89e-02	1.71e-04	0.00e+00	0.00e+00	0.00e+00	0.00e+00
 1.35333e+16	4.80e-02	9.12e-01	4.03e-02	1.21e-04	0.00e+00	0.00e+00	0.00e+00	0.00e+00
 1.35506e+16	5.34e-02	9.14e-01	3.24e-02	8.13e-05	0.00e+00	0.00e+00	0.00e+00	0.00e+00
 1.35694e+16	5.99e-02	9.15e-01	2.52e-02	5.20e-05	0.00e+00	0.00e+00	0.00e+00	0.00e+00
 1.35859e+16	6.70e-02	9.13e-01	1.98e-02	3.41e-05	0.00e+00	0.00e+00	0.00e+00	0.00e+00
 1.35999e+16	7.35e-02	9.10e-01	1.60e-02	2.34e-05	0.00e+00	0.00e+00	0.00e+00	0.00e+00
 1.36139e+16	8.07e-02	9.06e-01	1.29e-02	1.58e-05	0.00e+00	0.00e+00	0.00e+00	0.00e+00
 1.36285e+16	8.90e-02	9.01e-01	1.01e-02	1.04e-05	0.00e+00	0.00e+00	0.00e+00	0.00e+00
 1.36414e+16	9.73e-02	8.95e-01	8.10e-03	6.98e-06	0.00e+00	0.00e+00	0.00e+00	0.00e+00
 1.36523e+16	1.05e-01	8.89e-01	6.67e-03	4.95e-06	0.00e+00	0.00e+00	0.00e+00	0.00e+00
 1.36623e+16	1.12e-01	8.82e-01	5.56e-03	3.59e-06	0.00e+00	0.00e+00	0.00e+00	0.00e+00
 1.36718e+16	1.20e-01	8.76e-01	4.64e-03	2.61e-06	0.00e+00	0.00e+00	0.00e+00	0.00e+00
 1.36813e+16	1.28e-01	8.69e-01	3.87e-03	1.90e-06	0.00e+00	0.00e+00	0.00e+00	0.00e+00
 1.36901e+16	1.35e-01	8.61e-01	3.25e-03	1.39e-06	0.00e+00	0.00e+00	0.00e+00	0.00e+00
 1.36966e+16	1.41e-01	8.57e-01	2.86e-03	1.11e-06	0.00e+00	0.00e+00	0.00e+00	0.00e+00
 1.37008e+16	1.45e-01	8.52e-01	2.62e-03	9.60e-07	0.00e+00	0.00e+00	0.00e+00	0.00e+00
 1.37049e+16	1.49e-01	8.48e-01	2.41e-03	0.00e+00	0.00e+00	0.00e+00	0.00e+00	0.00e+00
 1.37098e+16	1.54e-01	8.44e-01	2.17e-03	0.00e+00	0.00e+00	0.00e+00	0.00e+00	0.00e+00
 1.37150e+16	1.60e-01	8.38e-01	1.95e-03	0.00e+00	0.00e+00	0.00e+00	0.00e+00	0.00e+00
 1.37199e+16	1.65e-01	8.33e-01	1.75e-03	0.00e+00	0.00e+00	0.00e+00	0.00e+00	0.00e+00
 1.37246e+16	1.70e-01	8.28e-01	1.59e-03	0.00e+00	0.00e+00	0.00e+00	0.00e+00	0.00e+00
 1.37292e+16	1.75e-01	8.23e-01	1.43e-03	0.00e+00	0.00e+00	0.00e+00	0.00e+00	0.00e+00
 1.37339e+16	1.81e-01	8.18e-01	1.29e-03	0.00e+00	0.00e+00	0.00e+00	0.00e+00	0.00e+00
 1.37386e+16	1.86e-01	8.13e-01	1.17e-03	0.00e+00	0.00e+00	0.00e+00	0.00e+00	0.00e+00
 1.37432e+16	1.92e-01	8.07e-01	1.05e-03	0.00e+00	0.00e+00	0.00e+00	0.00e+00	0.00e+00
 1.37477e+16	1.97e-01	8.02e-01	9.48e-04	0.00e+00	0.00e+00	0.00e+00	0.00e+00	0.00e+00
 1.37523e+16	2.03e-01	7.96e-01	8.54e-04	0.00e+00	0.00e+00	0.00e+00	0.00e+00	0.00e+00
 1.37567e+16	2.09e-01	7.90e-01	7.70e-04	0.00e+00	0.00e+00	0.00e+00	0.00e+00	0.00e+00
 1.37611e+16	2.15e-01	7.85e-01	6.95e-04	0.00e+00	0.00e+00	0.00e+00	0.00e+00	0.00e+00
 1.37656e+16	2.21e-01	7.79e-01	6.26e-04	0.00e+00	0.00e+00	0.00e+00	0.00e+00	0.00e+00
 1.37700e+16	2.27e-01	7.72e-01	5.64e-04	0.00e+00	0.00e+00	0.00e+00	0.00e+00	0.00e+00
 1.37744e+16	2.34e-01	7.66e-01	5.07e-04	0.00e+00	0.00e+00	0.00e+00	0.00e+00	0.00e+00
 1.37787e+16	2.40e-01	7.59e-01	4.56e-04	0.00e+00	0.00e+00	0.00e+00	0.00e+00	0.00e+00
 1.37830e+16	2.47e-01	7.53e-01	4.10e-04	0.00e+00	0.00e+00	0.00e+00	0.00e+00	0.00e+00
 1.37873e+16	2.54e-01	7.46e-01	3.69e-04	0.00e+00	0.00e+00	0.00e+00	0.00e+00	0.00e+00
 1.37916e+16	2.61e-01	7.39e-01	3.32e-04	0.00e+00	0.00e+00	0.00e+00	0.00e+00	0.00e+00
 1.37959e+16	2.68e-01	7.31e-01	2.98e-04	0.00e+00	0.00e+00	0.00e+00	0.00e+00	0.00e+00
 1.38001e+16	2.76e-01	7.24e-01	2.68e-04	0.00e+00	0.00e+00	0.00e+00	0.00e+00	0.00e+00
 1.38043e+16	2.84e-01	7.16e-01	2.40e-04	0.00e+00	0.00e+00	0.00e+00	0.00e+00	0.00e+00
 1.38085e+16	2.92e-01	7.07e-01	2.16e-04	0.00e+00	0.00e+00	0.00e+00	0.00e+00	0.00e+00
 1.38128e+16	3.01e-01	6.99e-01	1.93e-04	0.00e+00	0.00e+00	0.00e+00	0.00e+00	0.00e+00
 1.38170e+16	3.10e-01	6.90e-01	1.73e-04	0.00e+00	0.00e+00	0.00e+00	0.00e+00	0.00e+00
 1.38211e+16	3.19e-01	6.81e-01	1.55e-04	0.00e+00	0.00e+00	0.00e+00	0.00e+00	0.00e+00
 1.38252e+16	3.28e-01	6.71e-01	1.39e-04	0.00e+00	0.00e+00	0.00e+00	0.00e+00	0.00e+00
 1.38292e+16	3.39e-01	6.61e-01	1.25e-04	0.00e+00	0.00e+00	0.00e+00	0.00e+00	0.00e+00
 1.38332e+16	3.50e-01	6.50e-01	1.12e-04	0.00e+00	0.00e+00	0.00e+00	0.00e+00	0.00e+00
 1.38371e+16	3.60e-01	6.40e-01	1.01e-04	0.00e+00	0.00e+00	0.00e+00	0.00e+00	0.00e+00
 1.38411e+16	3.71e-01	6.29e-01	9.05e-05	0.00e+00	0.00e+00	0.00e+00	0.00e+00	0.00e+00
 1.38450e+16	3.82e-01	6.17e-01	8.11e-05	0.00e+00	0.00e+00	0.00e+00	0.00e+00	0.00e+00
 1.38490e+16	3.95e-01	6.05e-01	7.28e-05	0.00e+00	0.00e+00	0.00e+00	0.00e+00	0.00e+00
 1.38529e+16	4.09e-01	5.91e-01	6.51e-05	0.00e+00	0.00e+00	0.00e+00	0.00e+00	0.00e+00
 1.38567e+16	4.23e-01	5.77e-01	5.84e-05	0.00e+00	0.00e+00	0.00e+00	0.00e+00	0.00e+00
 1.38606e+16	4.36e-01	5.64e-01	5.24e-05	0.00e+00	0.00e+00	0.00e+00	0.00e+00	0.00e+00
 1.38646e+16	4.51e-01	5.49e-01	4.68e-05	0.00e+00	0.00e+00	0.00e+00	0.00e+00	0.00e+00
 1.38686e+16	4.67e-01	5.33e-01	4.17e-05	0.00e+00	0.00e+00	0.00e+00	0.00e+00	0.00e+00
 1.38727e+16	4.83e-01	5.16e-01	3.72e-05	0.00e+00	0.00e+00	0.00e+00	0.00e+00	0.00e+00
 1.38767e+16	5.00e-01	5.00e-01	3.32e-05	0.00e+00	0.00e+00	0.00e+00	0.00e+00	0.00e+00
 1.38808e+16	5.21e-01	4.79e-01	2.93e-05	0.00e+00	0.00e+00	0.00e+00	0.00e+00	0.00e+00
 1.38850e+16	5.41e-01	4.59e-01	2.60e-05	0.00e+00	0.00e+00	0.00e+00	0.00e+00	0.00e+00
 1.38893e+16	5.60e-01	4.40e-01	2.30e-05	0.00e+00	0.00e+00	0.00e+00	0.00e+00	0.00e+00
 1.38937e+16	5.81e-01	4.19e-01	2.03e-05	0.00e+00	0.00e+00	0.00e+00	0.00e+00	0.00e+00
 1.38982e+16	6.03e-01	3.97e-01	1.78e-05	0.00e+00	0.00e+00	0.00e+00	0.00e+00	0.00e+00
 1.39029e+16	6.26e-01	3.74e-01	1.56e-05	0.00e+00	0.00e+00	0.00e+00	0.00e+00	0.00e+00
 1.39078e+16	6.49e-01	3.51e-01	1.36e-05	0.00e+00	0.00e+00	0.00e+00	0.00e+00	0.00e+00
 1.39129e+16	6.72e-01	3.28e-01	1.18e-05	0.00e+00	0.00e+00	0.00e+00	0.00e+00	0.00e+00
 1.39176e+16	6.92e-01	3.08e-01	1.05e-05	0.00e+00	0.00e+00	0.00e+00	0.00e+00	0.00e+00
 1.39213e+16	7.06e-01	2.94e-01	9.56e-06	0.00e+00	0.00e+00	0.00e+00	0.00e+00	0.00e+00
 1.39248e+16	7.22e-01	2.78e-01	8.69e-06	0.00e+00	0.00e+00	0.00e+00	0.00e+00	0.00e+00
 1.39287e+16	7.35e-01	2.65e-01	7.92e-06	0.00e+00	0.00e+00	0.00e+00	0.00e+00	0.00e+00
 1.39328e+16	7.51e-01	2.49e-01	7.15e-06	0.00e+00	0.00e+00	0.00e+00	0.00e+00	0.00e+00
 1.39370e+16	7.64e-01	2.36e-01	6.53e-06	0.00e+00	0.00e+00	0.00e+00	0.00e+00	0.00e+00
 1.39411e+16	7.77e-01	2.23e-01	5.95e-06	0.00e+00	0.00e+00	0.00e+00	0.00e+00	0.00e+00
 1.39455e+16	7.90e-01	2.10e-01	5.42e-06	0.00e+00	0.00e+00	0.00e+00	0.00e+00	0.00e+00
 1.39499e+16	8.02e-01	1.98e-01	4.94e-06	0.00e+00	0.00e+00	0.00e+00	0.00e+00	0.00e+00
 1.39545e+16	8.13e-01	1.87e-01	4.52e-06	0.00e+00	0.00e+00	0.00e+00	0.00e+00	0.00e+00
 1.39592e+16	8.24e-01	1.76e-01	4.14e-06	0.00e+00	0.00e+00	0.00e+00	0.00e+00	0.00e+00
 1.39643e+16	8.34e-01	1.66e-01	3.80e-06	0.00e+00	0.00e+00	0.00e+00	0.00e+00	0.00e+00
 1.39696e+16	8.44e-01	1.56e-01	3.46e-06	0.00e+00	0.00e+00	0.00e+00	0.00e+00	0.00e+00
 1.39753e+16	8.52e-01	1.48e-01	3.19e-06	0.00e+00	0.00e+00	0.00e+00	0.00e+00	0.00e+00
 1.39814e+16	8.62e-01	1.38e-01	2.91e-06	0.00e+00	0.00e+00	0.00e+00	0.00e+00	0.00e+00
 1.39879e+16	8.70e-01	1.30e-01	2.68e-06	0.00e+00	0.00e+00	0.00e+00	0.00e+00	0.00e+00
 1.39950e+16	8.78e-01	1.22e-01	2.46e-06	0.00e+00	0.00e+00	0.00e+00	0.00e+00	0.00e+00
 1.40027e+16	8.85e-01	1.15e-01	2.26e-06	0.00e+00	0.00e+00	0.00e+00	0.00e+00	0.00e+00
 1.40109e+16	8.91e-01	1.09e-01	2.08e-06	0.00e+00	0.00e+00	0.00e+00	0.00e+00	0.00e+00
 1.40200e+16	8.98e-01	1.02e-01	1.92e-06	0.00e+00	0.00e+00	0.00e+00	0.00e+00	0.00e+00
 1.40298e+16	9.04e-01	9.62e-02	1.77e-06	0.00e+00	0.00e+00	0.00e+00	0.00e+00	0.00e+00
 1.40407e+16	9.10e-01	9.04e-02	1.62e-06	0.00e+00	0.00e+00	0.00e+00	0.00e+00	0.00e+00
 1.40525e+16	9.15e-01	8.49e-02	1.49e-06	0.00e+00	0.00e+00	0.00e+00	0.00e+00	0.00e+00
 1.40652e+16	9.20e-01	7.96e-02	1.37e-06	0.00e+00	0.00e+00	0.00e+00	0.00e+00	0.00e+00
 1.40787e+16	9.25e-01	7.46e-02	1.25e-06	0.00e+00	0.00e+00	0.00e+00	0.00e+00	0.00e+00
 1.40930e+16	9.30e-01	6.98e-02	1.14e-06	0.00e+00	0.00e+00	0.00e+00	0.00e+00	0.00e+00
 1.41080e+16	9.35e-01	6.53e-02	1.05e-06	0.00e+00	0.00e+00	0.00e+00	0.00e+00	0.00e+00
 1.41234e+16	9.39e-01	6.10e-02	9.55e-07	0.00e+00	0.00e+00	0.00e+00	0.00e+00	0.00e+00
 1.41391e+16	9.43e-01	5.70e-02	8.71e-07	0.00e+00	0.00e+00	0.00e+00	0.00e+00	0.00e+00
 1.41551e+16	9.47e-01	5.33e-02	7.95e-07	0.00e+00	0.00e+00	0.00e+00	0.00e+00	0.00e+00
 1.41714e+16	9.50e-01	4.98e-02	7.25e-07	0.00e+00	0.00e+00	0.00e+00	0.00e+00	0.00e+00
 1.41880e+16	9.54e-01	4.64e-02	6.61e-07	0.00e+00	0.00e+00	0.00e+00	0.00e+00	0.00e+00
 1.42051e+16	9.57e-01	4.33e-02	6.01e-07	0.00e+00	0.00e+00	0.00e+00	0.00e+00	0.00e+00
 1.42227e+16	9.60e-01	4.02e-02	5.45e-07	0.00e+00	0.00e+00	0.00e+00	0.00e+00	0.00e+00
 1.42412e+16	9.63e-01	3.74e-02	4.93e-07	0.00e+00	0.00e+00	0.00e+00	0.00e+00	0.00e+00
 1.42607e+16	9.65e-01	3.46e-02	4.44e-07	0.00e+00	0.00e+00	0.00e+00	0.00e+00	0.00e+00
