#depth	C	C+	C+2	C+3	C+4	C+5	C+6	C[1]	C[2]	C[3]	C+[1]	C+[2]	CO
 1.49634e+10	0.00e+00	1.23e-30	2.78e-21	1.43e-12	3.83e-03	8.50e-01	1.46e-01	0.00e+00	0.00e+00	0.00e+00	0.00e+00	0.00e+00	0.00e+00
 4.54887e+10	1.07e-40	1.75e-30	3.63e-21	1.71e-12	4.24e-03	8.60e-01	1.36e-01	0.00e+00	0.00e+00	0.00e+00	0.00e+00	0.00e+00	1.51e-131
 7.72350e+10	0.00e+00	2.47e-30	4.74e-21	2.06e-12	4.69e-03	8.69e-01	1.27e-01	0.00e+00	0.00e+00	0.00e+00	0.00e+00	0.00e+00	0.00e+00
 1.10251e+11	2.52e-40	3.51e-30	6.19e-21	2.47e-12	5.18e-03	8.77e-01	1.18e-01	0.00e+00	0.00e+00	0.00e+00	0.00e+00	0.00e+00	1.51e-130
 1.41475e+11	0.00e+00	4.82e-30	7.89e-21	2.92e-12	5.68e-03	8.84e-01	1.10e-01	0.00e+00	0.00e+00	0.00e+00	0.00e+00	0.00e+00	0.00e+00
 1.69680e+11	5.27e-40	6.36e-30	9.75e-21	3.38e-12	6.15e-03	8.90e-01	1.04e-01	0.00e+00	0.00e+00	0.00e+00	0.00e+00	0.00e+00	1.09e-129
 2.01451e+11	0.00e+00	8.62e-30	1.23e-20	3.97e-12	6.71e-03	8.96e-01	9.72e-02	0.00e+00	0.00e+00	0.00e+00	0.00e+00	0.00e+00	0.00e+00
 2.38760e+11	1.18e-39	1.22e-29	1.60e-20	4.76e-12	7.40e-03	9.02e-01	9.02e-02	0.00e+00	0.00e+00	0.00e+00	0.00e+00	0.00e+00	9.36e-129
 2.75927e+11	0.00e+00	1.69e-29	2.06e-20	5.66e-12	8.13e-03	9.08e-01	8.39e-02	0.00e+00	0.00e+00	0.00e+00	0.00e+00	0.00e+00	0.00e+00
 3.11226e+11	2.58e-39	2.29e-29	2.60e-20	6.63e-12	8.86e-03	9.13e-01	7.85e-02	0.00e+00	0.00e+00	0.00e+00	0.00e+00	0.00e+00	7.65e-128
 3.50248e+11	0.00e+00	3.18e-29	3.33e-20	7.86e-12	9.72e-03	9.17e-01	7.30e-02	0.00e+00	0.00e+00	0.00e+00	0.00e+00	0.00e+00	0.00e+00
 3.94185e+11	5.97e-39	4.52e-29	4.37e-20	9.46e-12	1.07e-02	9.22e-01	6.74e-02	0.00e+00	0.00e+00	0.00e+00	0.00e+00	0.00e+00	7.24e-127
 4.38480e+11	0.00e+00	6.39e-29	5.68e-20	1.13e-11	1.18e-02	9.26e-01	6.23e-02	0.00e+00	0.00e+00	0.00e+00	0.00e+00	0.00e+00	0.00e+00
 4.84546e+11	1.40e-38	9.01e-29	7.39e-20	1.36e-11	1.30e-02	9.29e-01	5.76e-02	0.00e+00	0.00e+00	0.00e+00	0.00e+00	0.00e+00	7.07e-126
 5.33855e+11	0.00e+00	1.29e-28	9.71e-20	1.63e-11	1.44e-02	9.33e-01	5.31e-02	0.00e+00	0.00e+00	0.00e+00	0.00e+00	0.00e+00	0.00e+00
 5.80295e+11	3.25e-38	1.78e-28	1.24e-19	1.93e-11	1.57e-02	9.35e-01	4.92e-02	0.00e+00	0.00e+00	0.00e+00	0.00e+00	0.00e+00	6.68e-125
 6.22046e+11	0.00e+00	2.36e-28	1.54e-19	2.24e-11	1.70e-02	9.37e-01	4.61e-02	0.00e+00	0.00e+00	0.00e+00	0.00e+00	0.00e+00	0.00e+00
 6.69076e+11	6.75e-38	3.21e-28	1.95e-19	2.63e-11	1.85e-02	9.39e-01	4.29e-02	0.00e+00	0.00e+00	0.00e+00	0.00e+00	0.00e+00	4.70e-124
 7.24535e+11	0.00e+00	4.56e-28	2.55e-19	3.16e-11	2.04e-02	9.40e-01	3.95e-02	0.00e+00	0.00e+00	0.00e+00	0.00e+00	0.00e+00	0.00e+00
 7.79964e+11	1.59e-37	6.42e-28	3.31e-19	3.77e-11	2.24e-02	9.41e-01	3.64e-02	0.00e+00	0.00e+00	0.00e+00	0.00e+00	0.00e+00	4.59e-123
 8.31934e+11	0.00e+00	8.74e-28	4.19e-19	4.43e-11	2.44e-02	9.42e-01	3.38e-02	0.00e+00	0.00e+00	0.00e+00	0.00e+00	0.00e+00	0.00e+00
 8.89462e+11	3.50e-37	1.21e-27	5.39e-19	5.26e-11	2.67e-02	9.42e-01	3.12e-02	0.00e+00	0.00e+00	0.00e+00	0.00e+00	0.00e+00	3.75e-122
 9.54968e+11	0.00e+00	1.75e-27	7.11e-19	6.35e-11	2.95e-02	9.42e-01	2.85e-02	0.00e+00	0.00e+00	0.00e+00	0.00e+00	0.00e+00	0.00e+00
 1.01972e+12	8.43e-37	2.47e-27	9.26e-19	7.60e-11	3.24e-02	9.41e-01	2.62e-02	0.00e+00	0.00e+00	0.00e+00	0.00e+00	0.00e+00	3.86e-121
 1.08705e+12	0.00e+00	3.50e-27	1.21e-18	9.10e-11	3.55e-02	9.40e-01	2.40e-02	0.00e+00	0.00e+00	0.00e+00	0.00e+00	0.00e+00	0.00e+00
 1.16046e+12	2.04e-36	5.04e-27	1.60e-18	1.10e-10	3.92e-02	9.39e-01	2.19e-02	0.00e+00	0.00e+00	0.00e+00	0.00e+00	0.00e+00	4.00e-120
 1.23460e+12	0.00e+00	7.19e-27	2.10e-18	1.32e-10	4.31e-02	9.37e-01	2.01e-02	0.00e+00	0.00e+00	0.00e+00	0.00e+00	0.00e+00	0.00e+00
 1.31171e+12	4.91e-36	1.03e-26	2.75e-18	1.59e-10	4.73e-02	9.34e-01	1.83e-02	0.00e+00	0.00e+00	0.00e+00	0.00e+00	0.00e+00	4.12e-119
 1.39110e+12	0.00e+00	1.46e-26	3.61e-18	1.91e-10	5.20e-02	9.31e-01	1.67e-02	0.00e+00	0.00e+00	0.00e+00	0.00e+00	0.00e+00	0.00e+00
 1.46901e+12	1.15e-35	2.05e-26	4.66e-18	2.27e-10	5.68e-02	9.28e-01	1.53e-02	0.00e+00	0.00e+00	0.00e+00	0.00e+00	0.00e+00	3.92e-118
 1.55304e+12	0.00e+00	2.90e-26	6.09e-18	2.72e-10	6.22e-02	9.24e-01	1.40e-02	0.00e+00	0.00e+00	0.00e+00	0.00e+00	0.00e+00	0.00e+00
 1.64508e+12	2.79e-35	4.19e-26	8.07e-18	3.29e-10	6.84e-02	9.19e-01	1.27e-02	0.00e+00	0.00e+00	0.00e+00	0.00e+00	0.00e+00	4.07e-117
 1.74082e+12	0.00e+00	6.04e-26	1.07e-17	3.99e-10	7.52e-02	9.13e-01	1.15e-02	0.00e+00	0.00e+00	0.00e+00	0.00e+00	0.00e+00	0.00e+00
 1.84037e+12	6.92e-35	8.73e-26	1.42e-17	4.82e-10	8.27e-02	9.07e-01	1.04e-02	0.00e+00	0.00e+00	0.00e+00	0.00e+00	0.00e+00	4.48e-116
 1.94392e+12	1.09e-34	1.26e-25	1.88e-17	5.83e-10	9.08e-02	9.00e-01	9.38e-03	0.00e+00	0.00e+00	0.00e+00	0.00e+00	0.00e+00	2.98e-98
 2.03756e+12	1.62e-34	1.73e-25	2.40e-17	6.88e-10	9.84e-02	8.93e-01	8.57e-03	0.00e+00	0.00e+00	0.00e+00	0.00e+00	0.00e+00	0.00e+00
 2.11559e+12	2.22e-34	2.24e-25	2.93e-17	7.85e-10	1.05e-01	8.87e-01	7.97e-03	0.00e+00	0.00e+00	0.00e+00	0.00e+00	0.00e+00	9.73e-115
 2.20108e+12	3.11e-34	2.94e-25	3.61e-17	9.04e-10	1.12e-01	8.80e-01	7.36e-03	0.00e+00	0.00e+00	0.00e+00	0.00e+00	0.00e+00	3.11e-97
 2.30935e+12	4.69e-34	4.11e-25	4.67e-17	1.07e-09	1.22e-01	8.71e-01	6.68e-03	0.00e+00	0.00e+00	0.00e+00	0.00e+00	0.00e+00	0.00e+00
 2.42225e+12	7.09e-34	5.74e-25	6.05e-17	1.28e-09	1.33e-01	8.61e-01	6.05e-03	0.00e+00	0.00e+00	0.00e+00	0.00e+00	0.00e+00	2.11e-113
 2.52227e+12	1.01e-33	7.64e-25	7.53e-17	1.48e-09	1.42e-01	8.52e-01	5.55e-03	0.00e+00	0.00e+00	0.00e+00	0.00e+00	0.00e+00	4.28e-96
 2.61575e+12	1.38e-33	9.88e-25	9.19e-17	1.69e-09	1.51e-01	8.44e-01	5.13e-03	0.00e+00	0.00e+00	0.00e+00	0.00e+00	0.00e+00	0.00e+00
 2.72251e+12	1.96e-33	1.31e-24	1.14e-16	1.96e-09	1.62e-01	8.33e-01	4.69e-03	0.00e+00	0.00e+00	0.00e+00	0.00e+00	0.00e+00	3.14e-112
 2.85348e+12	2.96e-33	1.83e-24	1.48e-16	2.33e-09	1.75e-01	8.20e-01	4.22e-03	0.00e+00	0.00e+00	0.00e+00	0.00e+00	0.00e+00	4.73e-95
 2.98384e+12	4.38e-33	2.52e-24	1.89e-16	2.74e-09	1.89e-01	8.07e-01	3.81e-03	0.00e+00	0.00e+00	0.00e+00	0.00e+00	0.00e+00	2.69e-111
 3.09735e+12	6.08e-33	3.28e-24	2.32e-16	3.15e-09	2.01e-01	7.95e-01	3.49e-03	0.00e+00	0.00e+00	0.00e+00	0.00e+00	0.00e+00	2.36e-94
 3.22102e+12	8.56e-33	4.34e-24	2.88e-16	3.63e-09	2.14e-01	7.82e-01	3.18e-03	0.00e+00	0.00e+00	0.00e+00	0.00e+00	0.00e+00	1.63e-110
 3.37171e+12	1.28e-32	6.00e-24	3.70e-16	4.29e-09	2.31e-01	7.66e-01	2.85e-03	0.00e+00	0.00e+00	0.00e+00	0.00e+00	0.00e+00	1.25e-93
 3.52548e+12	1.89e-32	8.24e-24	4.73e-16	5.04e-09	2.48e-01	7.50e-01	2.55e-03	0.00e+00	0.00e+00	0.00e+00	0.00e+00	0.00e+00	1.38e-109
 3.66708e+12	2.66e-32	1.09e-23	5.86e-16	5.81e-09	2.63e-01	7.34e-01	2.31e-03	0.00e+00	0.00e+00	0.00e+00	0.00e+00	0.00e+00	6.46e-93
 3.82490e+12	3.84e-32	1.46e-23	7.37e-16	6.75e-09	2.81e-01	7.17e-01	2.07e-03	0.00e+00	0.00e+00	0.00e+00	0.00e+00	0.00e+00	9.48e-109
 4.00735e+12	5.74e-32	2.03e-23	9.48e-16	7.96e-09	3.01e-01	6.97e-01	1.83e-03	0.00e+00	0.00e+00	0.00e+00	0.00e+00	0.00e+00	3.67e-92
 4.18677e+12	8.37e-32	2.75e-23	1.20e-15	9.29e-09	3.21e-01	6.78e-01	1.63e-03	0.00e+00	0.00e+00	0.00e+00	0.00e+00	0.00e+00	8.10e-108
 4.35884e+12	1.18e-31	3.64e-23	1.49e-15	1.07e-08	3.39e-01	6.59e-01	1.46e-03	0.00e+00	0.00e+00	0.00e+00	0.00e+00	0.00e+00	1.90e-91
 4.54858e+12	1.70e-31	4.88e-23	1.86e-15	1.24e-08	3.59e-01	6.39e-01	1.30e-03	0.00e+00	0.00e+00	0.00e+00	0.00e+00	0.00e+00	5.80e-107
 4.76045e+12	2.50e-31	6.67e-23	2.36e-15	1.44e-08	3.82e-01	6.17e-01	1.15e-03	0.00e+00	0.00e+00	0.00e+00	0.00e+00	0.00e+00	1.06e-90
 4.95322e+12	3.50e-31	8.74e-23	2.91e-15	1.65e-08	4.02e-01	5.97e-01	1.02e-03	0.00e+00	0.00e+00	0.00e+00	0.00e+00	0.00e+00	4.39e-106
 5.11573e+12	4.59e-31	1.09e-22	3.43e-15	1.83e-08	4.18e-01	5.81e-01	9.33e-04	0.00e+00	0.00e+00	0.00e+00	0.00e+00	0.00e+00	4.34e-90
 5.29453e+12	6.12e-31	1.37e-22	4.09e-15	2.05e-08	4.35e-01	5.64e-01	8.44e-04	0.00e+00	0.00e+00	0.00e+00	0.00e+00	0.00e+00	2.14e-105
 5.49646e+12	8.36e-31	1.76e-22	4.95e-15	2.32e-08	4.55e-01	5.45e-01	7.55e-04	0.00e+00	0.00e+00	0.00e+00	0.00e+00	0.00e+00	1.76e-89
 5.68997e+12	1.11e-30	2.22e-22	5.90e-15	2.59e-08	4.73e-01	5.27e-01	6.81e-04	0.00e+00	0.00e+00	0.00e+00	0.00e+00	0.00e+00	1.19e-104
 5.90302e+12	1.51e-30	2.83e-22	7.09e-15	2.90e-08	4.92e-01	5.08e-01	6.09e-04	0.00e+00	0.00e+00	0.00e+00	0.00e+00	0.00e+00	7.09e-89
 6.13969e+12	2.09e-30	3.66e-22	8.62e-15	3.28e-08	5.12e-01	4.87e-01	5.40e-04	0.00e+00	0.00e+00	0.00e+00	0.00e+00	0.00e+00	7.28e-104
 6.36150e+12	2.79e-30	4.62e-22	1.03e-14	3.66e-08	5.31e-01	4.69e-01	4.83e-04	0.00e+00	0.00e+00	0.00e+00	0.00e+00	0.00e+00	3.05e-88
 6.60429e+12	3.79e-30	5.89e-22	1.23e-14	4.10e-08	5.50e-01	4.50e-01	4.29e-04	0.00e+00	0.00e+00	0.00e+00	0.00e+00	0.00e+00	4.15e-103
 6.87742e+12	5.26e-30	7.65e-22	1.50e-14	4.63e-08	5.71e-01	4.29e-01	3.77e-04	0.00e+00	0.00e+00	0.00e+00	0.00e+00	0.00e+00	1.40e-87
 7.13848e+12	7.11e-30	9.72e-22	1.80e-14	5.17e-08	5.89e-01	4.10e-01	3.34e-04	0.00e+00	0.00e+00	0.00e+00	0.00e+00	0.00e+00	2.65e-102
 7.38000e+12	9.29e-30	1.20e-21	2.11e-14	5.69e-08	6.06e-01	3.94e-01	3.00e-04	0.00e+00	0.00e+00	0.00e+00	0.00e+00	0.00e+00	5.56e-87
 7.64763e+12	1.24e-29	1.51e-21	2.49e-14	6.30e-08	6.24e-01	3.76e-01	2.66e-04	0.00e+00	0.00e+00	0.00e+00	0.00e+00	0.00e+00	1.38e-101
 7.94763e+12	1.68e-29	1.92e-21	2.98e-14	7.03e-08	6.42e-01	3.58e-01	2.34e-04	0.00e+00	0.00e+00	0.00e+00	0.00e+00	0.00e+00	2.38e-86
 8.23114e+12	2.22e-29	2.40e-21	3.52e-14	7.75e-08	6.59e-01	3.41e-01	2.08e-04	0.00e+00	0.00e+00	0.00e+00	0.00e+00	0.00e+00	8.01e-101
 8.54113e+12	2.98e-29	3.03e-21	4.17e-14	8.58e-08	6.75e-01	3.24e-01	1.83e-04	0.00e+00	0.00e+00	0.00e+00	0.00e+00	0.00e+00	9.76e-86
 8.88411e+12	4.07e-29	3.87e-21	4.99e-14	9.55e-08	6.93e-01	3.07e-01	1.60e-04	0.00e+00	0.00e+00	0.00e+00	0.00e+00	0.00e+00	5.00e-100
 9.20245e+12	5.37e-29	4.81e-21	5.86e-14	1.05e-07	7.08e-01	2.92e-01	1.42e-04	0.00e+00	0.00e+00	0.00e+00	0.00e+00	0.00e+00	4.22e-85
 9.54875e+12	7.19e-29	6.05e-21	6.93e-14	1.16e-07	7.24e-01	2.76e-01	1.24e-04	0.00e+00	0.00e+00	0.00e+00	0.00e+00	0.00e+00	2.83e-99
 9.93603e+12	9.81e-29	7.72e-21	8.29e-14	1.29e-07	7.40e-01	2.60e-01	1.08e-04	0.00e+00	0.00e+00	0.00e+00	0.00e+00	0.00e+00	1.91e-84
 1.03013e+13	1.30e-28	9.63e-21	9.73e-14	1.41e-07	7.54e-01	2.46e-01	9.49e-05	0.00e+00	0.00e+00	0.00e+00	0.00e+00	0.00e+00	1.76e-98
 1.06996e+13	1.75e-28	1.21e-20	1.15e-13	1.55e-07	7.68e-01	2.32e-01	8.28e-05	0.00e+00	0.00e+00	0.00e+00	0.00e+00	0.00e+00	8.29e-84
 1.11437e+13	2.40e-28	1.56e-20	1.38e-13	1.72e-07	7.83e-01	2.17e-01	7.14e-05	0.00e+00	0.00e+00	0.00e+00	0.00e+00	0.00e+00	1.17e-97
 1.15646e+13	3.20e-28	1.95e-20	1.62e-13	1.89e-07	7.95e-01	2.05e-01	6.24e-05	0.00e+00	0.00e+00	0.00e+00	0.00e+00	0.00e+00	3.87e-83
 1.20162e+13	4.31e-28	2.45e-20	1.91e-13	2.08e-07	8.08e-01	1.92e-01	5.42e-05	0.00e+00	0.00e+00	0.00e+00	0.00e+00	0.00e+00	7.27e-97
 1.25268e+13	5.95e-28	3.15e-20	2.29e-13	2.30e-07	8.21e-01	1.79e-01	4.64e-05	0.00e+00	0.00e+00	0.00e+00	0.00e+00	0.00e+00	1.90e-82
 1.30305e+13	8.07e-28	3.99e-20	2.71e-13	2.53e-07	8.32e-01	1.68e-01	4.01e-05	0.00e+00	0.00e+00	0.00e+00	0.00e+00	0.00e+00	5.19e-96
 1.35544e+13	1.09e-27	5.06e-20	3.21e-13	2.78e-07	8.43e-01	1.57e-01	3.46e-05	0.00e+00	0.00e+00	0.00e+00	0.00e+00	0.00e+00	9.20e-82
 1.41265e+13	1.51e-27	6.47e-20	3.82e-13	3.06e-07	8.54e-01	1.46e-01	2.96e-05	0.00e+00	0.00e+00	0.00e+00	0.00e+00	0.00e+00	3.71e-95
 1.47215e+13	2.07e-27	8.28e-20	4.55e-13	3.37e-07	8.64e-01	1.36e-01	2.53e-05	0.00e+00	0.00e+00	0.00e+00	0.00e+00	0.00e+00	4.83e-81
 1.53402e+13	2.84e-27	1.06e-19	5.41e-13	3.71e-07	8.74e-01	1.26e-01	2.17e-05	0.00e+00	0.00e+00	0.00e+00	0.00e+00	0.00e+00	2.78e-94
 1.59465e+13	3.83e-27	1.33e-19	6.37e-13	4.05e-07	8.82e-01	1.18e-01	1.87e-05	0.00e+00	0.00e+00	0.00e+00	0.00e+00	0.00e+00	2.43e-80
 1.65086e+13	5.00e-27	1.63e-19	7.36e-13	4.38e-07	8.89e-01	1.11e-01	1.64e-05	0.00e+00	0.00e+00	0.00e+00	0.00e+00	0.00e+00	1.68e-93
 1.71304e+13	6.65e-27	2.03e-19	8.58e-13	4.76e-07	8.97e-01	1.03e-01	1.42e-05	0.00e+00	0.00e+00	0.00e+00	0.00e+00	0.00e+00	1.04e-79
 1.77701e+13	8.82e-27	2.53e-19	9.98e-13	5.17e-07	9.03e-01	9.67e-02	1.23e-05	0.00e+00	0.00e+00	0.00e+00	0.00e+00	0.00e+00	1.03e-92
 1.83038e+13	1.11e-26	3.01e-19	1.13e-12	5.52e-07	9.08e-01	9.16e-02	1.10e-05	0.00e+00	0.00e+00	0.00e+00	0.00e+00	0.00e+00	4.03e-79
 1.88664e+13	1.40e-26	3.60e-19	1.28e-12	5.90e-07	9.13e-01	8.67e-02	9.81e-06	0.00e+00	0.00e+00	0.00e+00	0.00e+00	0.00e+00	4.53e-92
 1.95831e+13	1.87e-26	4.48e-19	1.49e-12	6.40e-07	9.19e-01	8.09e-02	8.50e-06	0.00e+00	0.00e+00	0.00e+00	0.00e+00	0.00e+00	1.62e-78
 2.03321e+13	2.49e-26	5.59e-19	1.74e-12	6.95e-07	9.25e-01	7.55e-02	7.35e-06	0.00e+00	0.00e+00	0.00e+00	0.00e+00	0.00e+00	2.89e-91
 2.09944e+13	3.20e-26	6.76e-19	1.98e-12	7.44e-07	9.29e-01	7.11e-02	6.50e-06	0.00e+00	0.00e+00	0.00e+00	0.00e+00	0.00e+00	6.81e-78
 2.17120e+13	4.14e-26	8.24e-19	2.27e-12	8.00e-07	9.33e-01	6.68e-02	5.70e-06	0.00e+00	0.00e+00	0.00e+00	0.00e+00	0.00e+00	1.48e-90
 2.25135e+13	5.48e-26	1.02e-18	2.63e-12	8.64e-07	9.38e-01	6.24e-02	4.95e-06	0.00e+00	0.00e+00	0.00e+00	0.00e+00	0.00e+00	2.90e-77
 2.32654e+13	7.08e-26	1.24e-18	3.00e-12	9.26e-07	9.41e-01	5.87e-02	4.36e-06	0.00e+00	0.00e+00	0.00e+00	0.00e+00	0.00e+00	8.32e-90
 2.40843e+13	9.26e-26	1.52e-18	3.45e-12	9.96e-07	9.45e-01	5.50e-02	3.82e-06	0.00e+00	0.00e+00	0.00e+00	0.00e+00	0.00e+00	1.19e-76
 2.49949e+13	1.23e-25	1.89e-18	4.01e-12	1.08e-06	9.49e-01	5.12e-02	3.30e-06	0.00e+00	0.00e+00	0.00e+00	0.00e+00	0.00e+00	2.58e-76
 2.58441e+13	1.60e-25	2.30e-18	4.58e-12	1.16e-06	9.52e-01	4.81e-02	2.90e-06	0.00e+00	0.00e+00	0.00e+00	0.00e+00	0.00e+00	5.21e-76
 2.67674e+13	2.10e-25	2.83e-18	5.28e-12	1.24e-06	9.55e-01	4.50e-02	2.53e-06	0.00e+00	0.00e+00	0.00e+00	0.00e+00	0.00e+00	1.09e-75
 2.77991e+13	2.82e-25	3.54e-18	6.14e-12	1.34e-06	9.58e-01	4.19e-02	2.19e-06	0.00e+00	0.00e+00	0.00e+00	0.00e+00	0.00e+00	2.42e-75
 2.87701e+13	3.69e-25	4.33e-18	7.05e-12	1.44e-06	9.61e-01	3.92e-02	1.91e-06	0.00e+00	0.00e+00	0.00e+00	0.00e+00	0.00e+00	5.02e-75
 2.98308e+13	4.90e-25	5.36e-18	8.14e-12	1.55e-06	9.63e-01	3.66e-02	1.66e-06	0.00e+00	0.00e+00	0.00e+00	0.00e+00	0.00e+00	1.08e-74
 3.10159e+13	6.63e-25	6.75e-18	9.52e-12	1.68e-06	9.66e-01	3.40e-02	1.43e-06	0.00e+00	0.00e+00	0.00e+00	0.00e+00	0.00e+00	2.47e-74
 3.21335e+13	8.75e-25	8.32e-18	1.10e-11	1.81e-06	9.68e-01	3.17e-02	1.24e-06	0.00e+00	0.00e+00	0.00e+00	0.00e+00	0.00e+00	5.26e-74
 3.33337e+13	1.17e-24	1.03e-17	1.27e-11	1.95e-06	9.70e-01	2.96e-02	1.08e-06	0.00e+00	0.00e+00	0.00e+00	0.00e+00	0.00e+00	1.15e-73
 3.46970e+13	1.60e-24	1.31e-17	1.49e-11	2.12e-06	9.73e-01	2.74e-02	9.22e-07	0.00e+00	0.00e+00	0.00e+00	0.00e+00	0.00e+00	2.70e-73
 3.60338e+13	2.15e-24	1.64e-17	1.73e-11	2.29e-06	9.75e-01	2.55e-02	0.00e+00	0.00e+00	0.00e+00	0.00e+00	0.00e+00	0.00e+00	6.07e-73
 3.74242e+13	2.89e-24	2.05e-17	2.01e-11	2.47e-06	9.76e-01	2.37e-02	0.00e+00	0.00e+00	0.00e+00	0.00e+00	0.00e+00	0.00e+00	1.37e-72
 3.89511e+13	3.95e-24	2.59e-17	2.36e-11	2.68e-06	9.78e-01	2.19e-02	0.00e+00	0.00e+00	0.00e+00	0.00e+00	0.00e+00	0.00e+00	3.21e-72
 4.04958e+13	5.36e-24	3.26e-17	2.75e-11	2.90e-06	9.80e-01	2.03e-02	0.00e+00	0.00e+00	0.00e+00	0.00e+00	0.00e+00	0.00e+00	7.40e-72
 4.21024e+13	7.28e-24	4.11e-17	3.22e-11	3.13e-06	9.81e-01	1.88e-02	0.00e+00	0.00e+00	0.00e+00	0.00e+00	0.00e+00	0.00e+00	1.70e-71
 4.37161e+13	9.78e-24	5.13e-17	3.74e-11	3.38e-06	9.83e-01	1.75e-02	0.00e+00	0.00e+00	0.00e+00	0.00e+00	1.64e-17	3.49e-17	3.81e-71
 4.52388e+13	1.28e-23	6.28e-17	4.28e-11	3.62e-06	9.84e-01	1.64e-02	0.00e+00	0.00e+00	0.00e+00	0.00e+00	2.09e-17	4.20e-17	7.95e-71
 4.69227e+13	1.70e-23	7.80e-17	4.95e-11	3.90e-06	9.85e-01	1.52e-02	0.00e+00	0.00e+00	0.00e+00	0.00e+00	2.59e-17	5.21e-17	1.74e-70
 4.86090e+13	2.25e-23	9.61e-17	5.70e-11	4.19e-06	9.86e-01	1.42e-02	0.00e+00	0.00e+00	0.00e+00	0.00e+00	3.19e-17	6.42e-17	3.70e-70
 4.99992e+13	2.80e-23	1.14e-16	6.38e-11	4.44e-06	9.87e-01	1.34e-02	0.00e+00	0.00e+00	0.00e+00	0.00e+00	3.77e-17	7.58e-17	6.79e-70
 5.14679e+13	3.52e-23	1.35e-16	7.16e-11	4.71e-06	9.87e-01	1.27e-02	0.00e+00	0.00e+00	0.00e+00	0.00e+00	4.47e-17	9.00e-17	1.26e-69
 5.33590e+13	4.67e-23	1.67e-16	8.27e-11	5.06e-06	9.88e-01	1.18e-02	0.00e+00	0.00e+00	0.00e+00	0.00e+00	5.53e-17	1.11e-16	2.73e-69
 5.53506e+13	6.22e-23	2.07e-16	9.57e-11	5.45e-06	9.89e-01	1.10e-02	0.00e+00	0.00e+00	0.00e+00	0.00e+00	6.87e-17	1.38e-16	5.96e-69
 5.71019e+13	7.94e-23	2.49e-16	1.08e-10	5.81e-06	9.90e-01	1.03e-02	0.00e+00	0.00e+00	0.00e+00	0.00e+00	8.26e-17	1.66e-16	1.17e-68
 5.89891e+13	1.02e-22	3.02e-16	1.23e-10	6.21e-06	9.90e-01	9.68e-03	0.00e+00	0.00e+00	0.00e+00	0.00e+00	1.00e-16	2.02e-16	2.32e-68
 6.12719e+13	1.38e-22	3.77e-16	1.44e-10	6.71e-06	9.91e-01	8.97e-03	0.00e+00	0.00e+00	0.00e+00	0.00e+00	1.25e-16	2.52e-16	5.21e-68
 6.35908e+13	1.84e-22	4.70e-16	1.67e-10	7.24e-06	9.92e-01	8.33e-03	0.00e+00	0.00e+00	0.00e+00	0.00e+00	1.56e-16	3.14e-16	1.15e-67
 6.57469e+13	2.39e-22	5.73e-16	1.91e-10	7.75e-06	9.92e-01	7.79e-03	0.00e+00	0.00e+00	0.00e+00	0.00e+00	1.90e-16	3.83e-16	2.34e-67
 6.81510e+13	3.16e-22	7.08e-16	2.20e-10	8.34e-06	9.93e-01	7.24e-03	0.00e+00	0.00e+00	0.00e+00	0.00e+00	2.35e-16	4.73e-16	5.02e-67
 7.07205e+13	4.22e-22	8.81e-16	2.56e-10	9.00e-06	9.93e-01	6.72e-03	0.00e+00	0.00e+00	0.00e+00	0.00e+00	2.92e-16	5.89e-16	1.10e-66
 7.30048e+13	5.41e-22	1.06e-15	2.91e-10	9.61e-06	9.94e-01	6.30e-03	0.00e+00	0.00e+00	0.00e+00	0.00e+00	3.53e-16	7.10e-16	2.16e-66
 7.54562e+13	7.00e-22	1.29e-15	3.32e-10	1.03e-05	9.94e-01	5.90e-03	0.00e+00	0.00e+00	0.00e+00	0.00e+00	4.29e-16	8.63e-16	4.35e-66
 7.83935e+13	9.42e-22	1.62e-15	3.87e-10	1.11e-05	9.95e-01	5.46e-03	0.00e+00	0.00e+00	0.00e+00	0.00e+00	5.37e-16	1.08e-15	9.76e-66
 8.12807e+13	1.25e-21	2.00e-15	4.48e-10	1.20e-05	9.95e-01	5.07e-03	0.00e+00	0.00e+00	0.00e+00	0.00e+00	6.65e-16	1.34e-15	2.10e-65
 8.38458e+13	1.59e-21	2.41e-15	5.07e-10	1.28e-05	9.95e-01	4.76e-03	0.00e+00	0.00e+00	0.00e+00	0.00e+00	7.99e-16	1.61e-15	4.05e-65
 8.66745e+13	2.06e-21	2.93e-15	5.80e-10	1.37e-05	9.96e-01	4.45e-03	0.00e+00	0.00e+00	0.00e+00	0.00e+00	9.71e-16	1.96e-15	8.16e-65
 9.00537e+13	2.77e-21	3.67e-15	6.77e-10	1.48e-05	9.96e-01	4.11e-03	0.00e+00	0.00e+00	0.00e+00	0.00e+00	1.22e-15	2.45e-15	1.83e-64
 9.34118e+13	3.69e-21	4.56e-15	7.85e-10	1.60e-05	9.96e-01	3.82e-03	0.00e+00	0.00e+00	0.00e+00	0.00e+00	1.51e-15	3.05e-15	3.97e-64
 9.64735e+13	4.74e-21	5.51e-15	8.94e-10	1.71e-05	9.96e-01	3.57e-03	0.00e+00	0.00e+00	0.00e+00	0.00e+00	1.83e-15	3.68e-15	7.86e-64
 9.98867e+13	6.21e-21	6.77e-15	1.03e-09	1.84e-05	9.97e-01	3.33e-03	0.00e+00	0.00e+00	0.00e+00	0.00e+00	2.24e-15	4.52e-15	1.64e-63
 1.03867e+14	8.41e-21	8.52e-15	1.20e-09	1.99e-05	9.97e-01	3.07e-03	0.00e+00	0.00e+00	0.00e+00	0.00e+00	2.82e-15	5.70e-15	3.73e-63
 1.07780e+14	1.12e-20	1.06e-14	1.40e-09	2.15e-05	9.97e-01	2.85e-03	0.00e+00	0.00e+00	0.00e+00	0.00e+00	3.51e-15	7.09e-15	8.17e-63
 1.11465e+14	1.46e-20	1.29e-14	1.60e-09	2.30e-05	9.97e-01	2.66e-03	0.00e+00	0.00e+00	0.00e+00	0.00e+00	4.28e-15	8.64e-15	1.66e-62
 1.15569e+14	1.93e-20	1.60e-14	1.85e-09	2.48e-05	9.98e-01	2.47e-03	0.00e+00	0.00e+00	0.00e+00	0.00e+00	5.30e-15	1.07e-14	3.57e-62
 1.20222e+14	2.62e-20	2.02e-14	2.17e-09	2.69e-05	9.98e-01	2.28e-03	0.00e+00	0.00e+00	0.00e+00	0.00e+00	6.69e-15	1.35e-14	8.24e-62
 1.24869e+14	3.52e-20	2.53e-14	2.53e-09	2.91e-05	9.98e-01	2.11e-03	0.00e+00	0.00e+00	0.00e+00	0.00e+00	8.36e-15	1.69e-14	1.84e-61
 1.29213e+14	4.60e-20	3.09e-14	2.90e-09	3.12e-05	9.98e-01	1.96e-03	0.00e+00	0.00e+00	0.00e+00	0.00e+00	1.02e-14	2.07e-14	3.81e-61
 1.33923e+14	6.08e-20	3.82e-14	3.35e-09	3.36e-05	9.98e-01	1.83e-03	0.00e+00	0.00e+00	0.00e+00	0.00e+00	1.26e-14	2.55e-14	8.16e-61
 1.39199e+14	8.21e-20	4.80e-14	3.92e-09	3.64e-05	9.98e-01	1.69e-03	0.00e+00	0.00e+00	0.00e+00	0.00e+00	1.59e-14	3.21e-14	1.85e-60
 1.44126e+14	1.08e-19	5.89e-14	4.50e-09	3.91e-05	9.98e-01	1.57e-03	0.00e+00	0.00e+00	0.00e+00	0.00e+00	1.95e-14	3.94e-14	3.90e-60
 1.48689e+14	1.38e-19	7.08e-14	5.10e-09	4.17e-05	9.98e-01	1.47e-03	0.00e+00	0.00e+00	0.00e+00	0.00e+00	2.34e-14	4.74e-14	7.58e-60
 1.53081e+14	1.73e-19	8.41e-14	5.74e-09	4.42e-05	9.99e-01	1.39e-03	0.00e+00	0.00e+00	0.00e+00	0.00e+00	2.78e-14	5.63e-14	1.41e-59
 1.57961e+14	2.21e-19	1.01e-13	6.51e-09	4.72e-05	9.99e-01	1.30e-03	0.00e+00	0.00e+00	0.00e+00	0.00e+00	3.35e-14	6.78e-14	2.76e-59
 1.63361e+14	2.87e-19	1.24e-13	7.45e-09	5.05e-05	9.99e-01	1.22e-03	0.00e+00	0.00e+00	0.00e+00	0.00e+00	4.09e-14	8.27e-14	5.66e-59
 1.68390e+14	3.64e-19	1.48e-13	8.41e-09	5.37e-05	9.99e-01	1.14e-03	0.00e+00	0.00e+00	0.00e+00	0.00e+00	4.89e-14	9.89e-14	1.08e-58
 1.73880e+14	4.68e-19	1.79e-13	9.56e-09	5.74e-05	9.99e-01	1.07e-03	0.00e+00	0.00e+00	0.00e+00	0.00e+00	5.91e-14	1.20e-13	2.16e-58
 1.80058e+14	6.15e-19	2.20e-13	1.10e-08	6.16e-05	9.99e-01	9.99e-04	0.00e+00	0.00e+00	0.00e+00	0.00e+00	7.26e-14	1.47e-13	4.57e-58
 1.85951e+14	7.91e-19	2.66e-13	1.25e-08	6.58e-05	9.99e-01	9.36e-04	0.00e+00	0.00e+00	0.00e+00	0.00e+00	8.78e-14	1.78e-13	9.13e-58
 1.92433e+14	1.03e-18	3.26e-13	1.44e-08	7.05e-05	9.99e-01	8.73e-04	0.00e+00	0.00e+00	0.00e+00	0.00e+00	1.08e-13	2.18e-13	1.91e-57
 1.99574e+14	1.38e-18	4.04e-13	1.66e-08	7.60e-05	9.99e-01	8.10e-04	0.00e+00	0.00e+00	0.00e+00	0.00e+00	1.33e-13	2.71e-13	4.17e-57
 2.06138e+14	1.78e-18	4.90e-13	1.89e-08	8.11e-05	9.99e-01	7.59e-04	0.00e+00	0.00e+00	0.00e+00	0.00e+00	1.62e-13	3.28e-13	8.39e-57
 2.13236e+14	2.31e-18	5.98e-13	2.17e-08	8.69e-05	9.99e-01	7.08e-04	0.00e+00	0.00e+00	0.00e+00	0.00e+00	1.97e-13	4.01e-13	1.74e-56
 2.21181e+14	3.08e-18	7.43e-13	2.51e-08	9.37e-05	9.99e-01	6.57e-04	0.00e+00	0.00e+00	0.00e+00	0.00e+00	2.45e-13	4.98e-13	3.82e-56
 2.28662e+14	4.00e-18	9.05e-13	2.87e-08	1.00e-04	9.99e-01	6.14e-04	0.00e+00	0.00e+00	0.00e+00	0.00e+00	2.98e-13	6.06e-13	7.82e-56
 2.36823e+14	5.26e-18	1.11e-12	3.30e-08	1.08e-04	9.99e-01	5.72e-04	0.00e+00	0.00e+00	0.00e+00	0.00e+00	3.67e-13	7.46e-13	1.66e-55
 2.45885e+14	7.05e-18	1.39e-12	3.84e-08	1.16e-04	9.99e-01	5.29e-04	0.00e+00	0.00e+00	0.00e+00	0.00e+00	4.58e-13	9.32e-13	3.72e-55
 2.54333e+14	9.19e-18	1.70e-12	4.40e-08	1.25e-04	9.99e-01	4.94e-04	0.00e+00	0.00e+00	0.00e+00	0.00e+00	5.59e-13	1.14e-12	7.71e-55
 2.63514e+14	1.21e-17	2.09e-12	5.07e-08	1.34e-04	9.99e-01	4.59e-04	0.00e+00	0.00e+00	0.00e+00	0.00e+00	6.89e-13	1.40e-12	1.64e-54
 2.73791e+14	1.63e-17	2.62e-12	5.92e-08	1.45e-04	9.99e-01	4.25e-04	0.00e+00	0.00e+00	0.00e+00	0.00e+00	8.63e-13	1.76e-12	3.74e-54
 2.83529e+14	2.13e-17	3.22e-12	6.81e-08	1.56e-04	9.99e-01	3.95e-04	0.00e+00	0.00e+00	0.00e+00	0.00e+00	1.06e-12	2.16e-12	7.84e-54
 2.93952e+14	2.83e-17	3.98e-12	7.88e-08	1.68e-04	9.99e-01	3.67e-04	0.00e+00	0.00e+00	0.00e+00	0.00e+00	1.31e-12	2.67e-12	1.71e-53
 3.05740e+14	3.83e-17	5.02e-12	9.23e-08	1.82e-04	9.99e-01	3.38e-04	0.00e+00	0.00e+00	0.00e+00	0.00e+00	1.65e-12	3.37e-12	3.94e-53
 3.17328e+14	5.09e-17	6.24e-12	1.07e-07	1.97e-04	9.99e-01	3.13e-04	0.00e+00	4.19e-18	1.26e-17	2.10e-17	2.05e-12	4.19e-12	8.67e-53
 3.29380e+14	6.78e-17	7.76e-12	1.25e-07	2.13e-04	9.99e-01	2.89e-04	0.00e+00	5.58e-18	1.68e-17	2.80e-17	2.55e-12	5.21e-12	1.91e-52
 3.42585e+14	9.15e-17	9.77e-12	1.46e-07	2.31e-04	1.00e+00	2.66e-04	0.00e+00	7.53e-18	2.26e-17	3.78e-17	3.21e-12	6.56e-12	4.38e-52
 3.55608e+14	1.21e-16	1.21e-11	1.70e-07	2.51e-04	1.00e+00	2.46e-04	0.00e+00	1.00e-17	3.00e-17	5.02e-17	3.98e-12	8.16e-12	9.60e-52
 3.66401e+14	1.53e-16	1.44e-11	1.92e-07	2.67e-04	1.00e+00	2.31e-04	0.00e+00	1.26e-17	3.77e-17	6.31e-17	4.74e-12	9.71e-12	1.81e-51
 3.75099e+14	1.82e-16	1.65e-11	2.11e-07	2.80e-04	9.99e-01	2.20e-04	0.00e+00	1.50e-17	4.50e-17	7.52e-17	5.42e-12	1.11e-11	2.94e-51
 3.84748e+14	2.20e-16	1.92e-11	2.34e-07	2.96e-04	9.99e-01	2.08e-04	0.00e+00	1.81e-17	5.45e-17	9.10e-17	6.28e-12	1.29e-11	4.99e-51
 3.97291e+14	2.79e-16	2.31e-11	2.67e-07	3.17e-04	9.99e-01	1.94e-04	0.00e+00	2.30e-17	6.92e-17	1.16e-16	7.55e-12	1.55e-11	9.73e-51
 4.10746e+14	3.58e-16	2.79e-11	3.05e-07	3.41e-04	9.99e-01	1.81e-04	0.00e+00	2.95e-17	8.87e-17	1.48e-16	9.15e-12	1.88e-11	1.94e-50
 4.22687e+14	4.42e-16	3.29e-11	3.43e-07	3.63e-04	9.99e-01	1.70e-04	0.00e+00	3.65e-17	1.10e-16	1.83e-16	1.08e-11	2.21e-11	3.50e-50
 4.35514e+14	5.51e-16	3.91e-11	3.88e-07	3.87e-04	9.99e-01	1.59e-04	0.00e+00	4.56e-17	1.37e-16	2.29e-16	1.28e-11	2.63e-11	6.51e-50
 4.51634e+14	7.19e-16	4.80e-11	4.50e-07	4.20e-04	9.99e-01	1.47e-04	0.00e+00	5.95e-17	1.79e-16	2.98e-16	1.57e-11	3.23e-11	1.37e-49
 4.67990e+14	9.31e-16	5.88e-11	5.20e-07	4.54e-04	9.99e-01	1.36e-04	0.00e+00	7.71e-17	2.32e-16	3.87e-16	1.92e-11	3.96e-11	2.85e-49
 4.82091e+14	1.16e-15	6.96e-11	5.87e-07	4.85e-04	9.99e-01	1.28e-04	0.00e+00	9.57e-17	2.87e-16	4.80e-16	2.28e-11	4.68e-11	5.23e-49
 4.97305e+14	1.44e-15	8.29e-11	6.67e-07	5.20e-04	9.99e-01	1.19e-04	0.00e+00	1.20e-16	3.59e-16	6.00e-16	2.71e-11	5.58e-11	9.81e-49
 5.16037e+14	1.88e-15	1.02e-10	7.76e-07	5.65e-04	9.99e-01	1.10e-04	0.00e+00	1.56e-16	4.68e-16	7.83e-16	3.34e-11	6.87e-11	2.09e-48
 5.35092e+14	2.43e-15	1.25e-10	9.00e-07	6.13e-04	9.99e-01	1.01e-04	0.00e+00	2.02e-16	6.06e-16	1.01e-15	4.09e-11	8.42e-11	4.36e-48
 5.52070e+14	3.03e-15	1.49e-10	1.02e-06	6.57e-04	9.99e-01	9.45e-05	0.00e+00	2.52e-16	7.56e-16	1.26e-15	4.87e-11	1.00e-10	8.21e-48
 5.70602e+14	3.81e-15	1.79e-10	1.17e-06	7.08e-04	9.99e-01	8.78e-05	0.00e+00	3.17e-16	9.52e-16	1.59e-15	5.85e-11	1.20e-10	1.60e-47
 5.92713e+14	4.97e-15	2.21e-10	1.37e-06	7.72e-04	9.99e-01	8.07e-05	0.00e+00	4.14e-16	1.24e-15	2.08e-15	7.22e-11	1.49e-10	3.46e-47
 6.14540e+14	6.37e-15	2.70e-10	1.58e-06	8.38e-04	9.99e-01	7.44e-05	0.00e+00	5.31e-16	1.60e-15	2.67e-15	8.81e-11	1.81e-10	7.18e-47
 6.34243e+14	7.91e-15	3.21e-10	1.80e-06	9.01e-04	9.99e-01	6.93e-05	0.00e+00	6.60e-16	1.98e-15	3.31e-15	1.05e-10	2.16e-10	1.36e-46
 6.56123e+14	9.96e-15	3.86e-10	2.07e-06	9.73e-04	9.99e-01	6.42e-05	0.00e+00	8.33e-16	2.50e-15	4.18e-15	1.26e-10	2.60e-10	2.70e-46
 6.81875e+14	1.29e-14	4.76e-10	2.42e-06	1.06e-03	9.99e-01	5.89e-05	0.00e+00	1.08e-15	3.25e-15	5.43e-15	1.56e-10	3.20e-10	5.88e-46
 7.07273e+14	1.65e-14	5.81e-10	2.81e-06	1.16e-03	9.99e-01	5.43e-05	0.00e+00	1.39e-15	4.16e-15	6.95e-15	1.90e-10	3.91e-10	1.23e-45
 7.30846e+14	2.06e-14	6.94e-10	3.20e-06	1.25e-03	9.99e-01	5.04e-05	0.00e+00	1.73e-15	5.19e-15	8.66e-15	2.27e-10	4.67e-10	2.40e-45
 7.57269e+14	2.61e-14	8.40e-10	3.70e-06	1.35e-03	9.99e-01	4.66e-05	0.00e+00	2.19e-15	6.57e-15	1.10e-14	2.75e-10	5.66e-10	4.94e-45
 7.87590e+14	3.38e-14	1.04e-09	4.34e-06	1.48e-03	9.98e-01	4.26e-05	0.00e+00	2.84e-15	8.54e-15	1.43e-14	3.40e-10	6.99e-10	1.10e-44
 8.17410e+14	4.32e-14	1.27e-09	5.04e-06	1.61e-03	9.98e-01	3.92e-05	0.00e+00	3.64e-15	1.09e-14	1.82e-14	4.15e-10	8.54e-10	2.35e-44
 8.48423e+14	5.52e-14	1.55e-09	5.85e-06	1.75e-03	9.98e-01	3.61e-05	0.00e+00	4.65e-15	1.40e-14	2.33e-14	5.07e-10	1.04e-09	5.04e-44
 8.76692e+14	6.83e-14	1.85e-09	6.68e-06	1.89e-03	9.98e-01	3.36e-05	0.00e+00	5.77e-15	1.73e-14	2.89e-14	6.05e-10	1.24e-09	9.87e-44
 8.97746e+14	7.97e-14	2.10e-09	7.34e-06	2.00e-03	9.98e-01	3.18e-05	0.00e+00	6.74e-15	2.02e-14	3.38e-14	6.87e-10	1.41e-09	1.61e-43
 9.19449e+14	9.32e-14	2.39e-09	8.08e-06	2.11e-03	9.98e-01	3.02e-05	0.00e+00	7.89e-15	2.37e-14	3.96e-14	7.82e-10	1.60e-09	2.63e-43
 9.47662e+14	1.09e-13	2.81e-09	9.13e-06	2.26e-03	9.98e-01	2.82e-05	0.00e+00	9.22e-15	2.77e-14	4.62e-14	9.19e-10	1.89e-09	4.85e-43
 9.78324e+14	1.33e-13	3.33e-09	1.04e-05	2.43e-03	9.98e-01	2.63e-05	0.00e+00	1.13e-14	3.40e-14	5.68e-14	1.09e-09	2.24e-09	9.54e-43
 1.00607e+15	1.59e-13	3.87e-09	1.16e-05	2.59e-03	9.97e-01	2.47e-05	0.00e+00	1.35e-14	4.06e-14	6.78e-14	1.27e-09	2.60e-09	1.70e-42
 1.03602e+15	1.92e-13	4.53e-09	1.30e-05	2.77e-03	9.97e-01	2.32e-05	0.00e+00	1.63e-14	4.90e-14	8.18e-14	1.49e-09	3.04e-09	3.14e-42
 1.07403e+15	2.41e-13	5.50e-09	1.51e-05	3.01e-03	9.97e-01	2.14e-05	0.00e+00	2.05e-14	6.17e-14	1.03e-13	1.80e-09	3.70e-09	6.78e-42
 1.11232e+15	3.00e-13	6.64e-09	1.73e-05	3.26e-03	9.97e-01	1.99e-05	0.00e+00	2.56e-14	7.69e-14	1.28e-13	2.18e-09	4.46e-09	1.43e-41
 1.14438e+15	3.59e-13	7.74e-09	1.94e-05	3.48e-03	9.96e-01	1.87e-05	0.00e+00	3.06e-14	9.20e-14	1.54e-13	2.54e-09	5.20e-09	2.63e-41
 1.17855e+15	4.32e-13	9.07e-09	2.18e-05	3.72e-03	9.96e-01	1.75e-05	0.00e+00	3.69e-14	1.11e-13	1.85e-13	2.98e-09	6.09e-09	4.95e-41
 1.22183e+15	5.42e-13	1.10e-08	2.52e-05	4.04e-03	9.96e-01	1.63e-05	0.00e+00	4.63e-14	1.39e-13	2.32e-13	3.62e-09	7.41e-09	1.08e-40
 1.26727e+15	6.80e-13	1.34e-08	2.92e-05	4.39e-03	9.96e-01	1.50e-05	0.00e+00	5.82e-14	1.75e-13	2.92e-13	4.42e-09	9.03e-09	2.37e-40
 1.30815e+15	8.28e-13	1.60e-08	3.31e-05	4.71e-03	9.95e-01	1.41e-05	0.00e+00	7.10e-14	2.13e-13	3.56e-13	5.25e-09	1.07e-08	4.69e-40
 1.35280e+15	1.02e-12	1.92e-08	3.78e-05	5.08e-03	9.95e-01	1.31e-05	0.00e+00	8.77e-14	2.63e-13	4.39e-13	6.30e-09	1.29e-08	9.70e-40
 1.40562e+15	1.29e-12	2.36e-08	4.41e-05	5.55e-03	9.94e-01	1.21e-05	0.00e+00	1.11e-13	3.34e-13	5.58e-13	7.78e-09	1.59e-08	2.23e-39
 1.45742e+15	1.62e-12	2.88e-08	5.09e-05	6.02e-03	9.94e-01	1.13e-05	0.00e+00	1.39e-13	4.18e-13	6.97e-13	9.48e-09	1.93e-08	4.83e-39
 1.50465e+15	1.97e-12	3.43e-08	5.78e-05	6.47e-03	9.93e-01	1.06e-05	0.00e+00	1.70e-13	5.10e-13	8.51e-13	1.13e-08	2.30e-08	9.60e-39
 1.55755e+15	2.44e-12	4.15e-08	6.63e-05	6.99e-03	9.93e-01	9.89e-06	0.00e+00	2.10e-13	6.32e-13	1.05e-12	1.37e-08	2.78e-08	2.03e-38
 1.61921e+15	3.10e-12	5.14e-08	7.74e-05	7.63e-03	9.92e-01	9.17e-06	0.00e+00	2.68e-13	8.03e-13	1.34e-12	1.69e-08	3.45e-08	4.69e-38
 1.67993e+15	3.88e-12	6.31e-08	8.97e-05	8.29e-03	9.92e-01	8.55e-06	0.00e+00	3.36e-13	1.01e-12	1.68e-12	2.08e-08	4.23e-08	1.04e-37
 1.73725e+15	4.76e-12	7.60e-08	1.03e-04	8.94e-03	9.91e-01	8.04e-06	0.00e+00	4.12e-13	1.24e-12	2.07e-12	2.50e-08	5.10e-08	2.14e-37
 1.80092e+15	5.94e-12	9.29e-08	1.19e-04	9.69e-03	9.90e-01	7.53e-06	0.00e+00	5.15e-13	1.55e-12	2.58e-12	3.06e-08	6.23e-08	4.67e-37
 1.86149e+15	7.25e-12	1.12e-07	1.35e-04	1.04e-02	9.89e-01	7.11e-06	0.00e+00	6.29e-13	1.89e-12	3.15e-12	3.68e-08	7.49e-08	9.47e-37
 1.90660e+15	8.28e-12	1.28e-07	1.49e-04	1.10e-02	9.89e-01	6.83e-06	0.00e+00	7.20e-13	2.16e-12	3.61e-12	4.21e-08	8.56e-08	1.58e-36
 1.95229e+15	9.58e-12	1.46e-07	1.64e-04	1.16e-02	9.88e-01	6.56e-06	0.00e+00	8.33e-13	2.50e-12	4.17e-12	4.81e-08	9.77e-08	2.63e-36
 2.01168e+15	1.16e-11	1.72e-07	1.85e-04	1.24e-02	9.87e-01	6.23e-06	0.00e+00	1.01e-12	3.02e-12	5.04e-12	5.69e-08	1.16e-07	4.97e-36
 2.07619e+15	1.40e-11	2.06e-07	2.10e-04	1.33e-02	9.86e-01	5.91e-06	0.00e+00	1.22e-12	3.65e-12	6.10e-12	6.79e-08	1.38e-07	9.71e-36
 2.13423e+15	1.65e-11	2.41e-07	2.34e-04	1.42e-02	9.86e-01	5.67e-06	0.00e+00	1.44e-12	4.31e-12	7.20e-12	7.94e-08	1.61e-07	1.74e-35
 2.19657e+15	1.96e-11	2.83e-07	2.63e-04	1.51e-02	9.85e-01	5.42e-06	0.00e+00	1.71e-12	5.14e-12	8.57e-12	9.34e-08	1.90e-07	3.21e-35
 2.27645e+15	2.43e-11	3.47e-07	3.04e-04	1.64e-02	9.83e-01	5.15e-06	0.00e+00	2.12e-12	6.37e-12	1.06e-11	1.15e-07	2.32e-07	6.85e-35
 2.35703e+15	2.99e-11	4.21e-07	3.49e-04	1.77e-02	9.82e-01	4.89e-06	0.00e+00	2.62e-12	7.86e-12	1.31e-11	1.39e-07	2.82e-07	1.41e-34
 2.42354e+15	3.50e-11	4.93e-07	3.91e-04	1.89e-02	9.81e-01	4.72e-06	0.00e+00	3.06e-12	9.19e-12	1.53e-11	1.63e-07	3.30e-07	2.51e-34
 2.49388e+15	4.17e-11	5.81e-07	4.39e-04	2.01e-02	9.79e-01	4.54e-06	0.00e+00	3.65e-12	1.10e-11	1.83e-11	1.92e-07	3.89e-07	4.57e-34
 2.58432e+15	5.20e-11	7.11e-07	5.06e-04	2.18e-02	9.78e-01	4.33e-06	0.00e+00	4.56e-12	1.37e-11	2.28e-11	2.35e-07	4.76e-07	9.59e-34
 2.67951e+15	6.44e-11	8.72e-07	5.86e-04	2.36e-02	9.76e-01	4.14e-06	0.00e+00	5.65e-12	1.70e-11	2.83e-11	2.88e-07	5.84e-07	2.00e-33
 2.76285e+15	7.68e-11	1.04e-06	6.64e-04	2.53e-02	9.74e-01	4.01e-06	0.00e+00	6.75e-12	2.03e-11	3.38e-11	3.43e-07	6.95e-07	3.72e-33
 2.85216e+15	9.40e-11	1.25e-06	7.55e-04	2.71e-02	9.72e-01	3.86e-06	0.00e+00	8.27e-12	2.48e-11	4.14e-11	4.12e-07	8.34e-07	7.14e-33
 2.96071e+15	1.18e-10	1.55e-06	8.80e-04	2.95e-02	9.70e-01	3.72e-06	0.00e+00	1.04e-11	3.13e-11	5.22e-11	5.12e-07	1.03e-06	1.54e-32
 3.06786e+15	1.47e-10	1.89e-06	1.02e-03	3.20e-02	9.67e-01	3.58e-06	0.00e+00	1.29e-11	3.88e-11	6.48e-11	6.27e-07	1.27e-06	3.14e-32
 3.16167e+15	1.77e-10	2.25e-06	1.15e-03	3.43e-02	9.65e-01	3.49e-06	0.00e+00	1.56e-11	4.68e-11	7.80e-11	7.46e-07	1.51e-06	5.74e-32
 3.26453e+15	2.17e-10	2.71e-06	1.31e-03	3.68e-02	9.62e-01	3.39e-06	0.00e+00	1.91e-11	5.74e-11	9.58e-11	8.99e-07	1.82e-06	1.10e-31
 3.38914e+15	2.74e-10	3.37e-06	1.53e-03	4.01e-02	9.58e-01	3.28e-06	0.00e+00	2.43e-11	7.28e-11	1.21e-10	1.12e-06	2.26e-06	2.34e-31
 3.50880e+15	3.38e-10	4.11e-06	1.76e-03	4.34e-02	9.55e-01	3.18e-06	0.00e+00	3.00e-11	8.99e-11	1.50e-10	1.36e-06	2.75e-06	4.59e-31
 3.60049e+15	3.96e-10	4.77e-06	1.96e-03	4.60e-02	9.52e-01	3.14e-06	0.00e+00	3.51e-11	1.05e-10	1.76e-10	1.58e-06	3.19e-06	7.53e-31
 3.68903e+15	4.64e-10	5.50e-06	2.16e-03	4.87e-02	9.49e-01	3.08e-06	0.00e+00	4.11e-11	1.23e-10	2.06e-10	1.82e-06	3.68e-06	1.22e-30
 3.80415e+15	5.66e-10	6.59e-06	2.46e-03	5.22e-02	9.45e-01	3.00e-06	0.00e+00	5.02e-11	1.51e-10	2.51e-10	2.18e-06	4.41e-06	2.25e-30
 3.92207e+15	6.86e-10	7.86e-06	2.79e-03	5.60e-02	9.41e-01	2.95e-06	0.00e+00	6.09e-11	1.83e-10	3.05e-10	2.61e-06	5.26e-06	4.01e-30
 4.02068e+15	8.01e-10	9.07e-06	3.09e-03	5.93e-02	9.38e-01	2.90e-06	0.00e+00	7.12e-11	2.14e-10	3.56e-10	3.01e-06	6.07e-06	6.42e-30
 4.12589e+15	9.49e-10	1.06e-05	3.44e-03	6.29e-02	9.34e-01	2.84e-06	0.00e+00	8.45e-11	2.53e-10	4.23e-10	3.51e-06	7.07e-06	1.06e-29
 4.26267e+15	1.19e-09	1.28e-05	3.95e-03	6.79e-02	9.28e-01	2.79e-06	0.00e+00	1.06e-10	3.18e-10	5.30e-10	4.26e-06	8.58e-06	2.01e-29
 4.40152e+15	1.46e-09	1.54e-05	4.52e-03	7.31e-02	9.22e-01	2.74e-06	0.00e+00	1.30e-10	3.91e-10	6.52e-10	5.13e-06	1.03e-05	3.62e-29
 4.51729e+15	1.73e-09	1.80e-05	5.03e-03	7.76e-02	9.17e-01	2.70e-06	0.00e+00	1.54e-10	4.62e-10	7.70e-10	5.96e-06	1.20e-05	5.84e-29
 4.64205e+15	2.08e-09	2.12e-05	5.65e-03	8.28e-02	9.12e-01	2.65e-06	0.00e+00	1.86e-10	5.57e-10	9.29e-10	7.02e-06	1.41e-05	9.84e-29
 4.80423e+15	2.66e-09	2.60e-05	6.56e-03	8.98e-02	9.04e-01	2.61e-06	0.00e+00	2.38e-10	7.14e-10	1.19e-09	8.64e-06	1.74e-05	1.90e-28
 4.96760e+15	3.32e-09	3.16e-05	7.55e-03	9.71e-02	8.95e-01	2.56e-06	0.00e+00	2.97e-10	8.92e-10	1.49e-09	1.05e-05	2.11e-05	3.43e-28
 5.09824e+15	3.96e-09	3.68e-05	8.43e-03	1.03e-01	8.88e-01	2.52e-06	0.00e+00	3.56e-10	1.07e-09	1.78e-09	1.22e-05	2.46e-05	5.44e-28
 5.23381e+15	4.78e-09	4.32e-05	9.47e-03	1.10e-01	8.81e-01	2.49e-06	0.00e+00	4.29e-10	1.29e-09	2.15e-09	1.44e-05	2.89e-05	8.91e-28
 5.41005e+15	6.01e-09	5.30e-05	1.10e-02	1.19e-01	8.70e-01	2.43e-06	0.00e+00	5.41e-10	1.62e-09	2.70e-09	1.76e-05	3.54e-05	1.66e-27
 5.59054e+15	7.64e-09	6.44e-05	1.27e-02	1.29e-01	8.59e-01	2.39e-06	0.00e+00	6.88e-10	2.06e-09	3.44e-09	2.14e-05	4.30e-05	2.94e-27
 5.73889e+15	9.21e-09	7.53e-05	1.42e-02	1.37e-01	8.49e-01	2.36e-06	0.00e+00	8.30e-10	2.49e-09	4.15e-09	2.50e-05	5.03e-05	4.49e-27
 5.89406e+15	1.13e-08	8.91e-05	1.61e-02	1.46e-01	8.38e-01	2.33e-06	0.00e+00	1.02e-09	3.06e-09	5.10e-09	2.96e-05	5.95e-05	7.42e-27
 6.06083e+15	1.37e-08	1.06e-04	1.82e-02	1.56e-01	8.26e-01	2.28e-06	0.00e+00	1.23e-09	3.70e-09	6.17e-09	3.51e-05	7.05e-05	1.20e-26
 6.20915e+15	1.63e-08	1.22e-04	2.03e-02	1.65e-01	8.14e-01	2.25e-06	0.00e+00	1.48e-09	4.43e-09	7.39e-09	4.07e-05	8.18e-05	1.83e-26
 6.34325e+15	1.93e-08	1.40e-04	2.24e-02	1.74e-01	8.03e-01	2.22e-06	0.00e+00	1.74e-09	5.23e-09	8.72e-09	4.66e-05	9.34e-05	2.67e-26
 6.49234e+15	2.32e-08	1.63e-04	2.51e-02	1.84e-01	7.90e-01	2.18e-06	0.00e+00	2.10e-09	6.31e-09	1.05e-08	5.43e-05	1.09e-04	4.14e-26
 6.65821e+15	2.85e-08	1.92e-04	2.83e-02	1.96e-01	7.75e-01	2.15e-06	0.00e+00	2.59e-09	7.76e-09	1.29e-08	6.39e-05	1.28e-04	6.53e-26
 6.81227e+15	3.42e-08	2.22e-04	3.17e-02	2.07e-01	7.61e-01	2.13e-06	0.00e+00	3.11e-09	9.33e-09	1.56e-08	7.40e-05	1.48e-04	9.72e-26
 6.95673e+15	4.03e-08	2.55e-04	3.51e-02	2.18e-01	7.46e-01	2.09e-06	0.00e+00	3.67e-09	1.10e-08	1.83e-08	8.49e-05	1.70e-04	1.41e-25
 7.12232e+15	4.99e-08	3.01e-04	3.97e-02	2.32e-01	7.28e-01	2.06e-06	0.00e+00	4.55e-09	1.36e-08	2.27e-08	1.00e-04	2.01e-04	2.26e-25
 7.29882e+15	6.08e-08	3.54e-04	4.49e-02	2.46e-01	7.09e-01	2.01e-06	0.00e+00	5.54e-09	1.66e-08	2.77e-08	1.18e-04	2.36e-04	3.47e-25
 7.45476e+15	7.29e-08	4.09e-04	5.01e-02	2.59e-01	6.91e-01	1.98e-06	0.00e+00	6.66e-09	2.00e-08	3.33e-08	1.36e-04	2.73e-04	5.13e-25
 7.60068e+15	8.83e-08	4.71e-04	5.57e-02	2.71e-01	6.73e-01	1.97e-06	0.00e+00	8.07e-09	2.42e-08	4.04e-08	1.57e-04	3.14e-04	7.49e-25
 7.74631e+15	1.04e-07	5.39e-04	6.17e-02	2.84e-01	6.54e-01	1.93e-06	0.00e+00	9.49e-09	2.84e-08	4.74e-08	1.80e-04	3.60e-04	1.08e-24
 7.91360e+15	1.29e-07	6.37e-04	6.99e-02	3.00e-01	6.30e-01	1.90e-06	0.00e+00	1.19e-08	3.55e-08	5.92e-08	2.12e-04	4.25e-04	1.72e-24
 8.09015e+15	1.59e-07	7.49e-04	7.91e-02	3.15e-01	6.05e-01	1.86e-06	0.00e+00	1.45e-08	4.36e-08	7.26e-08	2.49e-04	4.99e-04	2.62e-24
 8.24355e+15	1.91e-07	8.65e-04	8.83e-02	3.30e-01	5.81e-01	1.83e-06	0.00e+00	1.75e-08	5.25e-08	8.75e-08	2.88e-04	5.77e-04	3.86e-24
 8.38513e+15	2.32e-07	9.94e-04	9.79e-02	3.43e-01	5.58e-01	1.82e-06	0.00e+00	2.13e-08	6.38e-08	1.06e-07	3.31e-04	6.63e-04	5.65e-24
 8.54653e+15	2.88e-07	1.17e-03	1.11e-01	3.59e-01	5.29e-01	1.80e-06	0.00e+00	2.65e-08	7.93e-08	1.32e-07	3.90e-04	7.81e-04	9.01e-24
 8.71566e+15	3.50e-07	1.37e-03	1.25e-01	3.74e-01	4.99e-01	1.75e-06	0.00e+00	3.22e-08	9.65e-08	1.61e-07	4.56e-04	9.13e-04	1.36e-23
 8.86048e+15	4.22e-07	1.58e-03	1.39e-01	3.88e-01	4.72e-01	1.72e-06	0.00e+00	3.89e-08	1.17e-07	1.94e-07	5.26e-04	1.05e-03	2.01e-23
 8.99149e+15	5.11e-07	1.81e-03	1.53e-01	4.00e-01	4.45e-01	1.71e-06	0.00e+00	4.71e-08	1.41e-07	2.35e-07	6.03e-04	1.21e-03	2.97e-23
 9.11603e+15	5.96e-07	2.04e-03	1.68e-01	4.10e-01	4.20e-01	1.68e-06	0.00e+00	5.50e-08	1.65e-07	2.75e-07	6.80e-04	1.36e-03	4.14e-23
 9.25507e+15	7.26e-07	2.33e-03	1.86e-01	4.21e-01	3.90e-01	1.64e-06	0.00e+00	6.71e-08	2.01e-07	3.35e-07	7.76e-04	1.55e-03	5.99e-23
 9.40543e+15	8.97e-07	2.76e-03	2.09e-01	4.32e-01	3.56e-01	1.60e-06	0.00e+00	8.29e-08	2.49e-07	4.14e-07	9.20e-04	1.84e-03	1.00e-22
 9.52404e+15	1.07e-06	3.13e-03	2.29e-01	4.40e-01	3.28e-01	1.61e-06	0.00e+00	9.94e-08	2.98e-07	4.96e-07	1.04e-03	2.09e-03	1.47e-22
 9.61290e+15	1.21e-06	3.44e-03	2.45e-01	4.45e-01	3.07e-01	1.59e-06	0.00e+00	1.12e-07	3.37e-07	5.62e-07	1.15e-03	2.29e-03	1.94e-22
 9.69329e+15	1.37e-06	3.75e-03	2.60e-01	4.48e-01	2.88e-01	1.57e-06	0.00e+00	1.27e-07	3.80e-07	6.34e-07	1.25e-03	2.50e-03	2.54e-22
 9.76882e+15	1.54e-06	4.06e-03	2.75e-01	4.51e-01	2.69e-01	1.55e-06	0.00e+00	1.42e-07	4.26e-07	7.11e-07	1.36e-03	2.71e-03	3.28e-22
 9.85433e+15	1.75e-06	4.40e-03	2.93e-01	4.54e-01	2.49e-01	1.50e-06	0.00e+00	1.62e-07	4.86e-07	8.09e-07	1.47e-03	2.93e-03	4.13e-22
 9.96550e+15	2.08e-06	4.96e-03	3.18e-01	4.55e-01	2.22e-01	1.44e-06	0.00e+00	1.93e-07	5.78e-07	9.63e-07	1.65e-03	3.30e-03	6.07e-22
 1.00669e+16	2.43e-06	5.53e-03	3.42e-01	4.55e-01	1.98e-01	1.40e-06	0.00e+00	2.26e-07	6.78e-07	1.13e-06	1.85e-03	3.69e-03	8.75e-22
 1.01303e+16	2.73e-06	6.04e-03	3.60e-01	4.53e-01	1.81e-01	1.40e-06	0.00e+00	2.54e-07	7.61e-07	1.27e-06	2.01e-03	4.03e-03	1.21e-21
 1.01748e+16	2.93e-06	6.34e-03	3.71e-01	4.52e-01	1.71e-01	1.38e-06	0.00e+00	2.73e-07	8.18e-07	1.36e-06	2.12e-03	4.23e-03	1.43e-21
 1.02201e+16	3.18e-06	6.69e-03	3.84e-01	4.50e-01	1.60e-01	1.35e-06	0.00e+00	2.96e-07	8.86e-07	1.48e-06	2.23e-03	4.46e-03	1.73e-21
 1.02789e+16	3.49e-06	7.06e-03	3.99e-01	4.48e-01	1.46e-01	1.30e-06	0.00e+00	3.25e-07	9.75e-07	1.62e-06	2.35e-03	4.70e-03	2.06e-21
 1.03554e+16	4.04e-06	7.80e-03	4.21e-01	4.43e-01	1.28e-01	1.23e-06	0.00e+00	3.76e-07	1.13e-06	1.88e-06	2.60e-03	5.20e-03	3.03e-21
 1.04258e+16	4.54e-06	8.31e-03	4.40e-01	4.38e-01	1.14e-01	1.17e-06	0.00e+00	4.24e-07	1.27e-06	2.12e-06	2.77e-03	5.54e-03	3.75e-21
 1.04795e+16	5.11e-06	8.94e-03	4.57e-01	4.32e-01	1.02e-01	1.13e-06	0.00e+00	4.76e-07	1.43e-06	2.38e-06	2.98e-03	5.95e-03	5.03e-21
 1.05281e+16	5.52e-06	9.35e-03	4.70e-01	4.28e-01	9.30e-02	1.09e-06	0.00e+00	5.15e-07	1.54e-06	2.57e-06	3.12e-03	6.23e-03	5.91e-21
 1.05791e+16	6.13e-06	9.91e-03	4.85e-01	4.22e-01	8.31e-02	1.02e-06	0.00e+00	5.72e-07	1.72e-06	2.86e-06	3.31e-03	6.60e-03	7.43e-21
 1.06455e+16	7.25e-06	1.08e-02	5.06e-01	4.12e-01	7.04e-02	9.36e-07	0.00e+00	6.78e-07	2.03e-06	3.38e-06	3.61e-03	7.21e-03	1.09e-20
 1.07073e+16	7.99e-06	1.14e-02	5.23e-01	4.05e-01	6.11e-02	0.00e+00	0.00e+00	7.48e-07	2.24e-06	3.74e-06	3.81e-03	7.60e-03	1.30e-20
 1.07630e+16	9.09e-06	1.23e-02	5.40e-01	3.95e-01	5.21e-02	0.00e+00	0.00e+00	8.51e-07	2.55e-06	4.25e-06	4.10e-03	8.19e-03	1.82e-20
