#depth	He	He+	He+2
 1.49634e+10	1.25e-21	3.99e-11	1.00e+00
 4.54887e+10	1.45e-21	4.33e-11	1.00e+00
 7.72350e+10	1.67e-21	4.71e-11	1.00e+00
 1.10251e+11	1.92e-21	5.12e-11	1.00e+00
 1.41475e+11	2.19e-21	5.52e-11	1.00e+00
 1.69680e+11	2.45e-21	5.90e-11	1.00e+00
 2.01451e+11	2.77e-21	6.35e-11	1.00e+00
 2.38760e+11	3.20e-21	6.90e-11	1.00e+00
 2.75927e+11	3.68e-21	7.47e-11	1.00e+00
 3.11226e+11	4.18e-21	8.04e-11	1.00e+00
 3.50248e+11	4.78e-21	8.70e-11	1.00e+00
 3.94185e+11	5.55e-21	9.48e-11	1.00e+00
 4.38480e+11	6.42e-21	1.03e-10	1.00e+00
 4.84546e+11	7.41e-21	1.12e-10	1.00e+00
 5.33855e+11	8.61e-21	1.22e-10	1.00e+00
 5.80295e+11	9.89e-21	1.32e-10	1.00e+00
 6.22046e+11	1.11e-20	1.42e-10	1.00e+00
 6.69076e+11	1.26e-20	1.53e-10	1.00e+00
 7.24535e+11	1.47e-20	1.67e-10	1.00e+00
 7.79964e+11	1.69e-20	1.82e-10	1.00e+00
 8.31934e+11	1.93e-20	1.96e-10	1.00e+00
 8.89462e+11	2.20e-20	2.13e-10	1.00e+00
 9.54968e+11	2.57e-20	2.33e-10	1.00e+00
 1.01972e+12	2.97e-20	2.54e-10	1.00e+00
 1.08705e+12	3.42e-20	2.78e-10	1.00e+00
 1.16046e+12	3.97e-20	3.04e-10	1.00e+00
 1.23460e+12	4.60e-20	3.33e-10	1.00e+00
 1.31171e+12	5.30e-20	3.65e-10	1.00e+00
 1.39110e+12	6.12e-20	3.99e-10	1.00e+00
 1.46901e+12	7.00e-20	4.35e-10	1.00e+00
 1.55304e+12	8.03e-20	4.76e-10	1.00e+00
 1.64508e+12	9.28e-20	5.24e-10	1.00e+00
 1.74082e+12	1.07e-19	5.76e-10	1.00e+00
 1.84037e+12	1.24e-19	6.34e-10	1.00e+00
 1.94392e+12	1.42e-19	6.99e-10	1.00e+00
 2.03756e+12	1.61e-19	7.60e-10	1.00e+00
 2.11559e+12	1.77e-19	8.14e-10	1.00e+00
 2.20108e+12	1.96e-19	8.76e-10	1.00e+00
 2.30935e+12	2.22e-19	9.58e-10	1.00e+00
 2.42225e+12	2.52e-19	1.05e-09	1.00e+00
 2.52227e+12	2.81e-19	1.13e-09	1.00e+00
 2.61575e+12	3.09e-19	1.22e-09	1.00e+00
 2.72251e+12	3.43e-19	1.32e-09	1.00e+00
 2.85348e+12	3.89e-19	1.44e-09	1.00e+00
 2.98384e+12	4.41e-19	1.58e-09	1.00e+00
 3.09735e+12	4.88e-19	1.70e-09	1.00e+00
 3.22102e+12	5.42e-19	1.84e-09	1.00e+00
 3.37171e+12	6.15e-19	2.02e-09	1.00e+00
 3.52548e+12	6.96e-19	2.21e-09	1.00e+00
 3.66708e+12	7.78e-19	2.40e-09	1.00e+00
 3.82490e+12	8.76e-19	2.61e-09	1.00e+00
 4.00735e+12	1.00e-18	2.88e-09	1.00e+00
 4.18677e+12	1.14e-18	3.15e-09	1.00e+00
 4.35884e+12	1.28e-18	3.42e-09	1.00e+00
 4.54858e+12	1.46e-18	3.73e-09	1.00e+00
 4.76045e+12	1.68e-18	4.10e-09	1.00e+00
 4.95322e+12	1.91e-18	4.46e-09	1.00e+00
 5.11573e+12	2.11e-18	4.76e-09	1.00e+00
 5.29453e+12	2.36e-18	5.11e-09	1.00e+00
 5.49646e+12	2.67e-18	5.52e-09	1.00e+00
 5.68997e+12	3.00e-18	5.93e-09	1.00e+00
 5.90302e+12	3.39e-18	6.40e-09	1.00e+00
 6.13969e+12	3.88e-18	6.94e-09	1.00e+00
 6.36150e+12	4.39e-18	7.47e-09	1.00e+00
 6.60429e+12	5.01e-18	8.07e-09	1.00e+00
 6.87742e+12	5.79e-18	8.78e-09	1.00e+00
 7.13848e+12	6.61e-18	9.48e-09	1.00e+00
 7.38000e+12	7.46e-18	1.02e-08	1.00e+00
 7.64763e+12	8.50e-18	1.09e-08	1.00e+00
 7.94763e+12	9.79e-18	1.18e-08	1.00e+00
 8.23114e+12	1.12e-17	1.27e-08	1.00e+00
 8.54113e+12	1.28e-17	1.37e-08	1.00e+00
 8.88411e+12	1.49e-17	1.49e-08	1.00e+00
 9.20245e+12	1.70e-17	1.60e-08	1.00e+00
 9.54875e+12	1.96e-17	1.73e-08	1.00e+00
 9.93603e+12	2.28e-17	1.88e-08	1.00e+00
 1.03013e+13	2.62e-17	2.02e-08	1.00e+00
 1.06996e+13	3.03e-17	2.18e-08	1.00e+00
 1.11437e+13	3.55e-17	2.37e-08	1.00e+00
 1.15646e+13	4.10e-17	2.56e-08	1.00e+00
 1.20162e+13	4.77e-17	2.77e-08	1.00e+00
 1.25268e+13	5.61e-17	3.02e-08	1.00e+00
 1.30305e+13	6.56e-17	3.27e-08	1.00e+00
 1.35544e+13	7.66e-17	3.54e-08	1.00e+00
 1.41265e+13	9.02e-17	3.86e-08	1.00e+00
 1.47215e+13	1.06e-16	4.20e-08	1.00e+00
 1.53402e+13	1.25e-16	4.56e-08	1.00e+00
 1.59465e+13	1.46e-16	4.94e-08	1.00e+00
 1.65086e+13	1.67e-16	5.30e-08	1.00e+00
 1.71304e+13	1.94e-16	5.71e-08	1.00e+00
 1.77701e+13	2.24e-16	6.15e-08	1.00e+00
 1.83038e+13	2.52e-16	6.53e-08	1.00e+00
 1.88664e+13	2.84e-16	6.94e-08	1.00e+00
 1.95831e+13	3.29e-16	7.48e-08	1.00e+00
 2.03321e+13	3.82e-16	8.07e-08	1.00e+00
 2.09944e+13	4.34e-16	8.61e-08	1.00e+00
 2.17120e+13	4.95e-16	9.21e-08	1.00e+00
 2.25135e+13	5.72e-16	9.90e-08	1.00e+00
 2.32654e+13	6.51e-16	1.06e-07	1.00e+00
 2.40843e+13	7.46e-16	1.13e-07	1.00e+00
 2.49949e+13	8.65e-16	1.22e-07	1.00e+00
 2.58441e+13	9.86e-16	1.30e-07	1.00e+00
 2.67674e+13	1.13e-15	1.40e-07	1.00e+00
 2.77991e+13	1.32e-15	1.51e-07	1.00e+00
 2.87701e+13	1.51e-15	1.61e-07	1.00e+00
 2.98308e+13	1.73e-15	1.73e-07	1.00e+00
 3.10159e+13	2.02e-15	1.87e-07	1.00e+00
 3.21335e+13	2.32e-15	2.01e-07	1.00e+00
 3.33337e+13	2.68e-15	2.16e-07	1.00e+00
 3.46970e+13	3.14e-15	2.34e-07	1.00e+00
 3.60338e+13	3.65e-15	2.52e-07	1.00e+00
 3.74242e+13	4.23e-15	2.72e-07	1.00e+00
 3.89511e+13	4.95e-15	2.94e-07	1.00e+00
 4.04958e+13	5.77e-15	3.18e-07	1.00e+00
 4.21024e+13	6.72e-15	3.43e-07	1.00e+00
 4.37161e+13	7.79e-15	3.70e-07	1.00e+00
 4.52388e+13	8.91e-15	3.96e-07	1.00e+00
 4.69227e+13	1.03e-14	4.25e-07	1.00e+00
 4.86090e+13	1.18e-14	4.56e-07	1.00e+00
 4.99992e+13	1.32e-14	4.83e-07	1.00e+00
 5.14679e+13	1.48e-14	5.12e-07	1.00e+00
 5.33590e+13	1.71e-14	5.50e-07	1.00e+00
 5.53506e+13	1.98e-14	5.92e-07	1.00e+00
 5.71019e+13	2.23e-14	6.30e-07	1.00e+00
 5.89891e+13	2.54e-14	6.73e-07	1.00e+00
 6.12719e+13	2.95e-14	7.26e-07	1.00e+00
 6.35908e+13	3.42e-14	7.83e-07	1.00e+00
 6.57469e+13	3.91e-14	8.38e-07	1.00e+00
 6.81510e+13	4.51e-14	9.01e-07	1.00e+00
 7.07205e+13	5.22e-14	9.72e-07	1.00e+00
 7.30048e+13	5.93e-14	1.04e-06	1.00e+00
 7.54562e+13	6.76e-14	1.11e-06	1.00e+00
 7.83935e+13	7.88e-14	1.20e-06	1.00e+00
 8.12807e+13	9.10e-14	1.29e-06	1.00e+00
 8.38458e+13	1.03e-13	1.38e-06	1.00e+00
 8.66745e+13	1.18e-13	1.47e-06	1.00e+00
 9.00537e+13	1.37e-13	1.60e-06	1.00e+00
 9.34118e+13	1.58e-13	1.72e-06	1.00e+00
 9.64735e+13	1.80e-13	1.84e-06	1.00e+00
 9.98867e+13	2.07e-13	1.98e-06	1.00e+00
 1.03867e+14	2.41e-13	2.14e-06	1.00e+00
 1.07780e+14	2.79e-13	2.31e-06	1.00e+00
 1.11465e+14	3.19e-13	2.48e-06	1.00e+00
 1.15569e+14	3.68e-13	2.67e-06	1.00e+00
 1.20222e+14	4.30e-13	2.89e-06	1.00e+00
 1.24869e+14	4.98e-13	3.13e-06	1.00e+00
 1.29213e+14	5.70e-13	3.35e-06	1.00e+00
 1.33923e+14	6.55e-13	3.61e-06	1.00e+00
 1.39199e+14	7.61e-13	3.91e-06	1.00e+00
 1.44126e+14	8.70e-13	4.19e-06	1.00e+00
 1.48689e+14	9.81e-13	4.47e-06	1.00e+00
 1.53081e+14	1.10e-12	4.74e-06	1.00e+00
 1.57961e+14	1.24e-12	5.06e-06	1.00e+00
 1.63361e+14	1.41e-12	5.41e-06	1.00e+00
 1.68390e+14	1.58e-12	5.76e-06	1.00e+00
 1.73880e+14	1.78e-12	6.15e-06	1.00e+00
 1.80058e+14	2.03e-12	6.60e-06	1.00e+00
 1.85951e+14	2.29e-12	7.04e-06	1.00e+00
 1.92433e+14	2.61e-12	7.55e-06	1.00e+00
 1.99574e+14	2.99e-12	8.13e-06	1.00e+00
 2.06138e+14	3.37e-12	8.69e-06	1.00e+00
 2.13236e+14	3.82e-12	9.31e-06	1.00e+00
 2.21181e+14	4.38e-12	1.00e-05	1.00e+00
 2.28662e+14	4.96e-12	1.07e-05	1.00e+00
 2.36823e+14	5.65e-12	1.15e-05	1.00e+00
 2.45885e+14	6.49e-12	1.24e-05	1.00e+00
 2.54333e+14	7.35e-12	1.33e-05	1.00e+00
 2.63514e+14	8.39e-12	1.43e-05	1.00e+00
 2.73791e+14	9.66e-12	1.55e-05	1.00e+00
 2.83529e+14	1.10e-11	1.67e-05	1.00e+00
 2.93952e+14	1.26e-11	1.79e-05	1.00e+00
 3.05740e+14	1.46e-11	1.95e-05	1.00e+00
 3.17328e+14	1.68e-11	2.11e-05	1.00e+00
 3.29380e+14	1.93e-11	2.28e-05	1.00e+00
 3.42585e+14	2.24e-11	2.47e-05	1.00e+00
 3.55608e+14	2.58e-11	2.67e-05	1.00e+00
 3.66401e+14	2.88e-11	2.85e-05	1.00e+00
 3.75099e+14	3.16e-11	2.99e-05	1.00e+00
 3.84748e+14	3.48e-11	3.16e-05	1.00e+00
 3.97291e+14	3.94e-11	3.38e-05	1.00e+00
 4.10746e+14	4.49e-11	3.64e-05	1.00e+00
 4.22687e+14	5.03e-11	3.87e-05	1.00e+00
 4.35514e+14	5.65e-11	4.13e-05	1.00e+00
 4.51634e+14	6.53e-11	4.47e-05	1.00e+00
 4.67990e+14	7.53e-11	4.83e-05	1.00e+00
 4.82091e+14	8.48e-11	5.15e-05	1.00e+00
 4.97305e+14	9.63e-11	5.52e-05	1.00e+00
 5.16037e+14	1.12e-10	5.99e-05	1.00e+00
 5.35092e+14	1.30e-10	6.50e-05	1.00e+00
 5.52070e+14	1.48e-10	6.97e-05	1.00e+00
 5.70602e+14	1.70e-10	7.50e-05	1.00e+00
 5.92713e+14	1.99e-10	8.17e-05	1.00e+00
 6.14540e+14	2.31e-10	8.86e-05	1.00e+00
 6.34243e+14	2.64e-10	9.51e-05	1.00e+00
 6.56123e+14	3.05e-10	1.03e-04	1.00e+00
 6.81875e+14	3.60e-10	1.12e-04	1.00e+00
 7.07273e+14	4.20e-10	1.22e-04	1.00e+00
 7.30846e+14	4.84e-10	1.31e-04	1.00e+00
 7.57269e+14	5.63e-10	1.42e-04	1.00e+00
 7.87590e+14	6.67e-10	1.55e-04	1.00e+00
 8.17410e+14	7.83e-10	1.69e-04	1.00e+00
 8.48423e+14	9.20e-10	1.84e-04	1.00e+00
 8.76692e+14	1.06e-09	1.98e-04	1.00e+00
 8.97746e+14	1.18e-09	2.09e-04	1.00e+00
 9.19449e+14	1.30e-09	2.20e-04	1.00e+00
 9.47662e+14	1.49e-09	2.36e-04	1.00e+00
 9.78324e+14	1.70e-09	2.53e-04	1.00e+00
 1.00607e+15	1.92e-09	2.70e-04	1.00e+00
 1.03602e+15	2.19e-09	2.88e-04	1.00e+00
 1.07403e+15	2.56e-09	3.12e-04	1.00e+00
 1.11232e+15	2.98e-09	3.38e-04	1.00e+00
 1.14438e+15	3.37e-09	3.60e-04	1.00e+00
 1.17855e+15	3.83e-09	3.84e-04	1.00e+00
 1.22183e+15	4.48e-09	4.16e-04	1.00e+00
 1.26727e+15	5.24e-09	4.52e-04	1.00e+00
 1.30815e+15	6.01e-09	4.84e-04	1.00e+00
 1.35280e+15	6.96e-09	5.22e-04	9.99e-01
 1.40562e+15	8.21e-09	5.68e-04	9.99e-01
 1.45742e+15	9.60e-09	6.15e-04	9.99e-01
 1.50465e+15	1.10e-08	6.59e-04	9.99e-01
 1.55755e+15	1.28e-08	7.11e-04	9.99e-01
 1.61921e+15	1.51e-08	7.74e-04	9.99e-01
 1.67993e+15	1.77e-08	8.38e-04	9.99e-01
 1.73725e+15	2.04e-08	9.02e-04	9.99e-01
 1.80092e+15	2.38e-08	9.75e-04	9.99e-01
 1.86149e+15	2.74e-08	1.05e-03	9.99e-01
 1.90660e+15	3.03e-08	1.10e-03	9.99e-01
 1.95229e+15	3.35e-08	1.16e-03	9.99e-01
 2.01168e+15	3.81e-08	1.24e-03	9.99e-01
 2.07619e+15	4.35e-08	1.32e-03	9.99e-01
 2.13423e+15	4.88e-08	1.40e-03	9.99e-01
 2.19657e+15	5.52e-08	1.49e-03	9.99e-01
 2.27645e+15	6.41e-08	1.61e-03	9.98e-01
 2.35703e+15	7.41e-08	1.73e-03	9.98e-01
 2.42354e+15	8.32e-08	1.84e-03	9.98e-01
 2.49388e+15	9.37e-08	1.95e-03	9.98e-01
 2.58432e+15	1.09e-07	2.11e-03	9.98e-01
 2.67951e+15	1.26e-07	2.27e-03	9.98e-01
 2.76285e+15	1.43e-07	2.42e-03	9.98e-01
 2.85216e+15	1.63e-07	2.59e-03	9.97e-01
 2.96071e+15	1.91e-07	2.80e-03	9.97e-01
 3.06786e+15	2.21e-07	3.02e-03	9.97e-01
 3.16167e+15	2.50e-07	3.21e-03	9.97e-01
 3.26453e+15	2.85e-07	3.43e-03	9.97e-01
 3.38914e+15	3.34e-07	3.72e-03	9.96e-01
 3.50880e+15	3.84e-07	3.99e-03	9.96e-01
 3.60049e+15	4.27e-07	4.21e-03	9.96e-01
 3.68903e+15	4.72e-07	4.43e-03	9.96e-01
 3.80415e+15	5.36e-07	4.72e-03	9.95e-01
 3.92207e+15	6.07e-07	5.03e-03	9.95e-01
 4.02068e+15	6.72e-07	5.30e-03	9.95e-01
 4.12589e+15	7.48e-07	5.60e-03	9.94e-01
 4.26267e+15	8.58e-07	6.00e-03	9.94e-01
 4.40152e+15	9.77e-07	6.41e-03	9.94e-01
 4.51729e+15	1.08e-06	6.77e-03	9.93e-01
 4.64205e+15	1.22e-06	7.18e-03	9.93e-01
 4.80423e+15	1.41e-06	7.74e-03	9.92e-01
 4.96760e+15	1.61e-06	8.31e-03	9.92e-01
 5.09824e+15	1.79e-06	8.79e-03	9.91e-01
 5.23381e+15	2.00e-06	9.32e-03	9.91e-01
 5.41005e+15	2.30e-06	1.01e-02	9.90e-01
 5.59054e+15	2.63e-06	1.08e-02	9.89e-01
 5.73889e+15	2.94e-06	1.15e-02	9.89e-01
 5.89406e+15	3.30e-06	1.22e-02	9.88e-01
 6.06083e+15	3.71e-06	1.31e-02	9.87e-01
 6.20915e+15	4.12e-06	1.39e-02	9.86e-01
 6.34325e+15	4.52e-06	1.46e-02	9.85e-01
 6.49234e+15	5.03e-06	1.56e-02	9.84e-01
 6.65821e+15	5.65e-06	1.67e-02	9.83e-01
 6.81227e+15	6.25e-06	1.77e-02	9.82e-01
 6.95673e+15	6.89e-06	1.88e-02	9.81e-01
 7.12232e+15	7.77e-06	2.02e-02	9.80e-01
 7.29882e+15	8.74e-06	2.17e-02	9.78e-01
 7.45476e+15	9.72e-06	2.33e-02	9.77e-01
 7.60068e+15	1.08e-05	2.48e-02	9.75e-01
 7.74631e+15	1.19e-05	2.66e-02	9.73e-01
 7.91360e+15	1.36e-05	2.88e-02	9.71e-01
 8.09015e+15	1.54e-05	3.14e-02	9.69e-01
 8.24355e+15	1.73e-05	3.40e-02	9.66e-01
 8.38513e+15	1.93e-05	3.67e-02	9.63e-01
 8.54653e+15	2.22e-05	4.02e-02	9.60e-01
 8.71566e+15	2.55e-05	4.44e-02	9.56e-01
 8.86048e+15	2.90e-05	4.87e-02	9.51e-01
 8.99149e+15	3.28e-05	5.31e-02	9.47e-01
 9.11603e+15	3.69e-05	5.79e-02	9.42e-01
 9.25507e+15	4.23e-05	6.43e-02	9.36e-01
 9.40543e+15	5.03e-05	7.23e-02	9.28e-01
 9.52404e+15	5.75e-05	7.99e-02	9.20e-01
 9.61290e+15	6.40e-05	8.65e-02	9.13e-01
 9.69329e+15	7.09e-05	9.33e-02	9.07e-01
 9.76882e+15	7.82e-05	1.00e-01	9.00e-01
 9.85433e+15	8.72e-05	1.10e-01	8.90e-01
 9.96550e+15	1.02e-04	1.24e-01	8.76e-01
 1.00669e+16	1.19e-04	1.39e-01	8.61e-01
 1.01303e+16	1.33e-04	1.50e-01	8.50e-01
 1.01748e+16	1.44e-04	1.58e-01	8.42e-01
 1.02201e+16	1.55e-04	1.68e-01	8.32e-01
 1.02789e+16	1.71e-04	1.82e-01	8.18e-01
 1.03554e+16	1.99e-04	2.02e-01	7.98e-01
 1.04258e+16	2.25e-04	2.23e-01	7.77e-01
 1.04795e+16	2.51e-04	2.41e-01	7.59e-01
 1.05281e+16	2.75e-04	2.59e-01	7.41e-01
 1.05791e+16	3.06e-04	2.80e-01	7.20e-01
 1.06455e+16	3.55e-04	3.10e-01	6.90e-01
 1.07073e+16	3.99e-04	3.41e-01	6.59e-01
 1.07630e+16	4.54e-04	3.72e-01	6.28e-01
 1.08184e+16	5.09e-04	4.04e-01	5.95e-01
 1.08646e+16	5.61e-04	4.33e-01	5.66e-01
 1.09161e+16	6.26e-04	4.68e-01	5.32e-01
 1.09733e+16	7.02e-04	5.06e-01	4.93e-01
 1.10275e+16	7.81e-04	5.44e-01	4.55e-01
 1.10875e+16	8.77e-04	5.87e-01	4.12e-01
 1.11529e+16	9.84e-04	6.32e-01	3.67e-01
 1.12024e+16	1.06e-03	6.63e-01	3.36e-01
 1.12363e+16	1.12e-03	6.84e-01	3.15e-01
 1.12726e+16	1.19e-03	7.07e-01	2.92e-01
 1.13198e+16	1.27e-03	7.35e-01	2.64e-01
 1.13711e+16	1.37e-03	7.62e-01	2.36e-01
 1.14182e+16	1.45e-03	7.85e-01	2.14e-01
 1.14695e+16	1.55e-03	8.09e-01	1.90e-01
 1.15253e+16	1.65e-03	8.31e-01	1.68e-01
 1.15753e+16	1.75e-03	8.48e-01	1.50e-01
 1.16216e+16	1.83e-03	8.63e-01	1.35e-01
 1.16746e+16	1.94e-03	8.78e-01	1.20e-01
 1.17326e+16	2.05e-03	8.93e-01	1.05e-01
 1.17846e+16	2.15e-03	9.04e-01	9.40e-02
 1.18323e+16	2.25e-03	9.13e-01	8.48e-02
 1.18869e+16	2.37e-03	9.23e-01	7.51e-02
 1.19457e+16	2.49e-03	9.31e-01	6.65e-02
 1.19969e+16	2.62e-03	9.37e-01	5.99e-02
 1.20422e+16	2.72e-03	9.43e-01	5.47e-02
 1.20931e+16	2.86e-03	9.48e-01	4.92e-02
 1.21491e+16	3.01e-03	9.53e-01	4.41e-02
 1.21991e+16	3.15e-03	9.57e-01	4.01e-02
 1.22432e+16	3.29e-03	9.60e-01	3.69e-02
 1.22920e+16	3.45e-03	9.63e-01	3.36e-02
 1.23455e+16	3.65e-03	9.66e-01	3.04e-02
 1.23928e+16	3.83e-03	9.68e-01	2.80e-02
 1.24340e+16	4.01e-03	9.70e-01	2.60e-02
 1.24797e+16	4.22e-03	9.72e-01	2.39e-02
 1.25304e+16	4.47e-03	9.74e-01	2.19e-02
 1.25759e+16	4.71e-03	9.75e-01	2.03e-02
 1.26152e+16	4.95e-03	9.76e-01	1.90e-02
 1.26581e+16	5.22e-03	9.77e-01	1.76e-02
 1.27060e+16	5.57e-03	9.78e-01	1.63e-02
 1.27498e+16	5.93e-03	9.79e-01	1.52e-02
 1.27888e+16	6.27e-03	9.79e-01	1.43e-02
 1.28321e+16	6.70e-03	9.80e-01	1.33e-02
 1.28802e+16	7.24e-03	9.80e-01	1.23e-02
 1.29242e+16	7.81e-03	9.81e-01	1.15e-02
 1.29642e+16	8.38e-03	9.81e-01	1.08e-02
 1.30092e+16	9.11e-03	9.81e-01	1.01e-02
 1.30579e+16	1.01e-02	9.81e-01	9.38e-03
 1.30996e+16	1.10e-02	9.80e-01	8.82e-03
 1.31344e+16	1.20e-02	9.80e-01	8.38e-03
 1.31720e+16	1.31e-02	9.79e-01	7.91e-03
 1.32107e+16	1.45e-02	9.78e-01	7.49e-03
 1.32410e+16	1.59e-02	9.77e-01	7.17e-03
 1.32653e+16	1.70e-02	9.76e-01	6.94e-03
 1.32914e+16	1.85e-02	9.75e-01	6.67e-03
 1.33207e+16	2.04e-02	9.73e-01	6.40e-03
 1.33471e+16	2.24e-02	9.71e-01	6.17e-03
 1.33692e+16	2.44e-02	9.70e-01	5.99e-03
 1.33925e+16	2.68e-02	9.67e-01	5.79e-03
 1.34176e+16	2.98e-02	9.65e-01	5.61e-03
 1.34391e+16	3.29e-02	9.62e-01	5.45e-03
 1.34571e+16	3.59e-02	9.59e-01	5.34e-03
 1.34764e+16	3.95e-02	9.55e-01	5.21e-03
 1.34978e+16	4.42e-02	9.51e-01	5.09e-03
 1.35171e+16	4.94e-02	9.46e-01	4.99e-03
 1.35333e+16	5.44e-02	9.41e-01	4.92e-03
 1.35506e+16	6.07e-02	9.35e-01	4.83e-03
 1.35694e+16	6.84e-02	9.27e-01	4.78e-03
 1.35859e+16	7.67e-02	9.19e-01	4.73e-03
 1.35999e+16	8.48e-02	9.10e-01	4.71e-03
 1.36139e+16	9.41e-02	9.01e-01	4.69e-03
 1.36285e+16	1.05e-01	8.90e-01	4.68e-03
 1.36414e+16	1.17e-01	8.79e-01	4.68e-03
 1.36523e+16	1.27e-01	8.68e-01	4.70e-03
 1.36623e+16	1.38e-01	8.57e-01	4.72e-03
 1.36718e+16	1.50e-01	8.45e-01	4.73e-03
 1.36813e+16	1.62e-01	8.33e-01	4.77e-03
 1.36901e+16	1.76e-01	8.20e-01	4.78e-03
 1.36966e+16	1.86e-01	8.10e-01	4.82e-03
 1.37008e+16	1.92e-01	8.03e-01	4.84e-03
 1.37049e+16	2.00e-01	7.96e-01	4.85e-03
 1.37098e+16	2.09e-01	7.87e-01	4.86e-03
 1.37150e+16	2.18e-01	7.77e-01	4.88e-03
 1.37199e+16	2.28e-01	7.67e-01	4.90e-03
 1.37246e+16	2.38e-01	7.57e-01	4.93e-03
 1.37292e+16	2.48e-01	7.47e-01	4.94e-03
 1.37339e+16	2.58e-01	7.37e-01	4.97e-03
 1.37386e+16	2.69e-01	7.26e-01	4.98e-03
 1.37432e+16	2.80e-01	7.15e-01	5.01e-03
 1.37477e+16	2.92e-01	7.03e-01	5.02e-03
 1.37523e+16	3.04e-01	6.91e-01	5.04e-03
 1.37567e+16	3.16e-01	6.79e-01	5.05e-03
 1.37611e+16	3.29e-01	6.66e-01	5.07e-03
 1.37656e+16	3.42e-01	6.53e-01	5.07e-03
 1.37700e+16	3.55e-01	6.40e-01	5.09e-03
 1.37744e+16	3.69e-01	6.26e-01	5.10e-03
 1.37787e+16	3.83e-01	6.12e-01	5.10e-03
 1.37830e+16	3.97e-01	5.98e-01	5.10e-03
 1.37873e+16	4.11e-01	5.84e-01	5.10e-03
 1.37916e+16	4.26e-01	5.69e-01	5.10e-03
 1.37959e+16	4.41e-01	5.54e-01	5.09e-03
 1.38001e+16	4.56e-01	5.39e-01	5.08e-03
 1.38043e+16	4.71e-01	5.24e-01	5.07e-03
 1.38085e+16	4.87e-01	5.08e-01	5.05e-03
 1.38128e+16	5.03e-01	4.92e-01	5.02e-03
 1.38170e+16	5.19e-01	4.76e-01	4.99e-03
 1.38211e+16	5.34e-01	4.61e-01	4.96e-03
 1.38252e+16	5.50e-01	4.45e-01	4.92e-03
 1.38292e+16	5.65e-01	4.30e-01	4.88e-03
 1.38332e+16	5.80e-01	4.15e-01	4.83e-03
 1.38371e+16	5.95e-01	4.00e-01	4.77e-03
 1.38411e+16	6.10e-01	3.85e-01	4.72e-03
 1.38450e+16	6.25e-01	3.71e-01	4.65e-03
 1.38490e+16	6.39e-01	3.56e-01	4.59e-03
 1.38529e+16	6.53e-01	3.42e-01	4.52e-03
 1.38567e+16	6.67e-01	3.29e-01	4.44e-03
 1.38606e+16	6.81e-01	3.15e-01	4.35e-03
 1.38646e+16	6.95e-01	3.01e-01	4.27e-03
 1.38686e+16	7.08e-01	2.88e-01	4.17e-03
 1.38727e+16	7.21e-01	2.75e-01	4.07e-03
 1.38767e+16	7.34e-01	2.62e-01	3.97e-03
 1.38808e+16	7.46e-01	2.50e-01	3.87e-03
 1.38850e+16	7.58e-01	2.38e-01	3.76e-03
 1.38893e+16	7.70e-01	2.27e-01	3.65e-03
 1.38937e+16	7.81e-01	2.15e-01	3.53e-03
 1.38982e+16	7.92e-01	2.04e-01	3.41e-03
 1.39029e+16	8.03e-01	1.94e-01	3.29e-03
 1.39078e+16	8.13e-01	1.83e-01	3.16e-03
 1.39129e+16	8.23e-01	1.74e-01	3.04e-03
 1.39176e+16	8.32e-01	1.66e-01	2.93e-03
 1.39213e+16	8.38e-01	1.60e-01	2.84e-03
 1.39248e+16	8.43e-01	1.54e-01	2.76e-03
 1.39287e+16	8.49e-01	1.48e-01	2.67e-03
 1.39328e+16	8.55e-01	1.43e-01	2.59e-03
 1.39370e+16	8.60e-01	1.38e-01	2.51e-03
 1.39411e+16	8.64e-01	1.33e-01	2.44e-03
 1.39455e+16	8.69e-01	1.29e-01	2.37e-03
 1.39499e+16	8.73e-01	1.25e-01	2.30e-03
 1.39545e+16	8.77e-01	1.21e-01	2.23e-03
 1.39592e+16	8.80e-01	1.17e-01	2.17e-03
 1.39643e+16	8.84e-01	1.14e-01	2.11e-03
 1.39696e+16	8.87e-01	1.11e-01	2.05e-03
 1.39753e+16	8.90e-01	1.08e-01	1.99e-03
 1.39814e+16	8.93e-01	1.05e-01	1.94e-03
 1.39879e+16	8.95e-01	1.03e-01	1.88e-03
 1.39950e+16	8.98e-01	1.00e-01	1.83e-03
 1.40027e+16	9.00e-01	9.81e-02	1.78e-03
 1.40109e+16	9.02e-01	9.60e-02	1.73e-03
 1.40200e+16	9.04e-01	9.41e-02	1.69e-03
 1.40298e+16	9.06e-01	9.23e-02	1.64e-03
 1.40407e+16	9.08e-01	9.06e-02	1.59e-03
 1.40525e+16	9.09e-01	8.90e-02	1.55e-03
 1.40652e+16	9.11e-01	8.75e-02	1.50e-03
 1.40787e+16	9.12e-01	8.61e-02	1.46e-03
 1.40930e+16	9.14e-01	8.47e-02	1.41e-03
 1.41080e+16	9.15e-01	8.34e-02	1.37e-03
 1.41234e+16	9.17e-01	8.21e-02	1.33e-03
 1.41391e+16	9.18e-01	8.08e-02	1.28e-03
 1.41551e+16	9.19e-01	7.95e-02	1.24e-03
 1.41714e+16	9.21e-01	7.83e-02	1.20e-03
 1.41880e+16	9.22e-01	7.71e-02	1.16e-03
 1.42051e+16	9.23e-01	7.58e-02	1.12e-03
 1.42227e+16	9.24e-01	7.46e-02	1.09e-03
 1.42412e+16	9.26e-01	7.33e-02	1.05e-03
 1.42607e+16	9.27e-01	7.19e-02	1.01e-03
 1.42812e+16	9.28e-01	7.06e-02	9.67e-04
 1.43031e+16	9.30e-01	6.91e-02	9.25e-04
 1.43268e+16	9.31e-01	6.76e-02	8.83e-04
 1.43534e+16	9.33e-01	6.60e-02	8.38e-04
 1.43840e+16	9.35e-01	6.41e-02	7.88e-04
 1.44167e+16	9.37e-01	6.22e-02	7.39e-04
 1.44479e+16	9.39e-01	6.04e-02	6.96e-04
 1.44766e+16	9.40e-01	5.89e-02	6.59e-04
 1.45027e+16	9.42e-01	5.75e-02	6.27e-04
 1.45265e+16	9.43e-01	5.63e-02	5.99e-04
 1.45481e+16	9.44e-01	5.52e-02	5.74e-04
 1.45678e+16	9.45e-01	5.42e-02	5.53e-04
 1.45857e+16	9.46e-01	5.33e-02	5.35e-04
 1.46053e+16	9.47e-01	5.23e-02	5.13e-04
 1.46265e+16	9.48e-01	5.13e-02	4.93e-04
 1.46458e+16	9.49e-01	5.04e-02	4.75e-04
 1.46633e+16	9.50e-01	4.96e-02	4.59e-04
 1.46793e+16	9.51e-01	4.88e-02	4.43e-04
 1.46938e+16	9.51e-01	4.81e-02	4.32e-04
 1.47098e+16	9.52e-01	4.74e-02	4.18e-04
 1.47269e+16	9.53e-01	4.66e-02	4.04e-04
 1.47426e+16	9.54e-01	4.59e-02	3.90e-04
 1.47568e+16	9.54e-01	4.53e-02	3.80e-04
 1.47724e+16	9.55e-01	4.46e-02	3.68e-04
 1.47892e+16	9.56e-01	4.39e-02	3.55e-04
 1.48046e+16	9.56e-01	4.32e-02	3.44e-04
 1.48185e+16	9.57e-01	4.26e-02	3.35e-04
 1.48312e+16	9.58e-01	4.21e-02	3.26e-04
 1.48451e+16	9.58e-01	4.15e-02	3.16e-04
 1.48601e+16	9.59e-01	4.09e-02	3.06e-04
 1.48738e+16	9.59e-01	4.03e-02	2.98e-04
 1.48862e+16	9.60e-01	3.98e-02	2.90e-04
 1.48998e+16	9.61e-01	3.92e-02	2.81e-04
 1.49145e+16	9.61e-01	3.86e-02	2.73e-04
 1.49279e+16	9.62e-01	3.81e-02	2.65e-04
 1.49401e+16	9.62e-01	3.76e-02	2.58e-04
 1.49512e+16	9.63e-01	3.72e-02	2.52e-04
 1.49633e+16	9.63e-01	3.67e-02	2.45e-04
 1.49764e+16	9.64e-01	3.62e-02	2.38e-04
 1.49883e+16	9.64e-01	3.57e-02	2.32e-04
 1.49992e+16	9.64e-01	3.53e-02	2.27e-04
 1.50111e+16	9.65e-01	3.48e-02	2.20e-04
 1.50239e+16	9.65e-01	3.44e-02	2.15e-04
 1.50356e+16	9.66e-01	3.40e-02	2.09e-04
 1.50463e+16	9.66e-01	3.36e-02	2.04e-04
 1.50579e+16	9.67e-01	3.31e-02	1.99e-04
 1.50705e+16	9.67e-01	3.27e-02	1.94e-04
 1.50819e+16	9.68e-01	3.23e-02	1.89e-04
 1.50945e+16	9.68e-01	3.18e-02	1.83e-04
 1.51080e+16	9.68e-01	3.14e-02	1.78e-04
 1.51203e+16	9.69e-01	3.10e-02	1.73e-04
 1.51316e+16	9.69e-01	3.06e-02	1.69e-04
 1.51438e+16	9.70e-01	3.02e-02	1.64e-04
 1.51571e+16	9.70e-01	2.98e-02	1.60e-04
 1.51692e+16	9.70e-01	2.94e-02	1.56e-04
 1.51802e+16	9.71e-01	2.91e-02	1.52e-04
 1.51922e+16	9.71e-01	2.87e-02	1.48e-04
 1.52052e+16	9.72e-01	2.83e-02	1.44e-04
 1.52170e+16	9.72e-01	2.79e-02	1.41e-04
 1.52300e+16	9.72e-01	2.76e-02	1.37e-04
 1.52440e+16	9.73e-01	2.72e-02	1.33e-04
 1.52567e+16	9.73e-01	2.68e-02	1.30e-04
 1.52707e+16	9.73e-01	2.64e-02	1.26e-04
 1.52857e+16	9.74e-01	2.60e-02	1.22e-04
 1.52994e+16	9.74e-01	2.57e-02	1.19e-04
 1.53119e+16	9.75e-01	2.54e-02	1.16e-04
 1.53256e+16	9.75e-01	2.50e-02	1.13e-04
 1.53403e+16	9.75e-01	2.46e-02	1.09e-04
 1.53538e+16	9.76e-01	2.43e-02	1.07e-04
 1.53685e+16	9.76e-01	2.39e-02	1.03e-04
 1.53844e+16	9.76e-01	2.36e-02	1.00e-04
 1.53988e+16	9.77e-01	2.33e-02	9.75e-05
 1.54147e+16	9.77e-01	2.29e-02	9.44e-05
 1.54318e+16	9.77e-01	2.25e-02	9.14e-05
 1.54473e+16	9.78e-01	2.22e-02	8.87e-05
 1.54615e+16	9.78e-01	2.19e-02	8.63e-05
 1.54770e+16	9.78e-01	2.15e-02	8.37e-05
 1.54938e+16	9.79e-01	2.12e-02	8.12e-05
 1.55090e+16	9.79e-01	2.09e-02	7.89e-05
 1.55257e+16	9.79e-01	2.06e-02	7.64e-05
 1.55437e+16	9.80e-01	2.02e-02	7.39e-05
 1.55602e+16	9.80e-01	1.99e-02	7.17e-05
 1.55751e+16	9.80e-01	1.97e-02	6.98e-05
 1.55915e+16	9.81e-01	1.94e-02	6.77e-05
 1.56091e+16	9.81e-01	1.91e-02	6.56e-05
 1.56252e+16	9.81e-01	1.88e-02	6.38e-05
 1.56428e+16	9.81e-01	1.85e-02	6.17e-05
 1.56618e+16	9.82e-01	1.82e-02	5.97e-05
 1.56791e+16	9.82e-01	1.79e-02	5.79e-05
 1.56981e+16	9.82e-01	1.76e-02	5.59e-05
 1.57186e+16	9.83e-01	1.73e-02	5.40e-05
 1.57372e+16	9.83e-01	1.70e-02	5.23e-05
 1.57576e+16	9.83e-01	1.67e-02	5.04e-05
 1.57797e+16	9.84e-01	1.64e-02	4.86e-05
 1.57997e+16	9.84e-01	1.61e-02	4.70e-05
 1.58180e+16	9.84e-01	1.59e-02	4.56e-05
 1.58380e+16	9.84e-01	1.56e-02	4.41e-05
 1.58596e+16	9.85e-01	1.53e-02	4.25e-05
 1.58792e+16	9.85e-01	1.51e-02	4.12e-05
 1.59008e+16	9.85e-01	1.48e-02	3.97e-05
 1.59240e+16	9.85e-01	1.45e-02	3.83e-05
 1.59452e+16	9.86e-01	1.43e-02	3.70e-05
 1.59684e+16	9.86e-01	1.40e-02	3.56e-05
 1.59934e+16	9.86e-01	1.37e-02	3.43e-05
 1.60161e+16	9.86e-01	1.35e-02	3.31e-05
 1.60411e+16	9.87e-01	1.32e-02	3.18e-05
 1.60680e+16	9.87e-01	1.29e-02	3.05e-05
 1.60926e+16	9.87e-01	1.27e-02	2.94e-05
 1.61194e+16	9.88e-01	1.24e-02	2.82e-05
 1.61484e+16	9.88e-01	1.22e-02	2.70e-05
 1.61748e+16	9.88e-01	1.19e-02	2.60e-05
 1.61988e+16	9.88e-01	1.17e-02	2.51e-05
 1.62252e+16	9.88e-01	1.15e-02	2.41e-05
 1.62536e+16	9.89e-01	1.12e-02	2.31e-05
 1.62794e+16	9.89e-01	1.10e-02	2.23e-05
 1.63078e+16	9.89e-01	1.08e-02	2.14e-05
 1.63383e+16	9.89e-01	1.06e-02	2.05e-05
 1.63662e+16	9.90e-01	1.04e-02	1.97e-05
 1.63967e+16	9.90e-01	1.01e-02	1.88e-05
 1.64296e+16	9.90e-01	9.91e-03	1.80e-05
 1.64596e+16	9.90e-01	9.71e-03	1.73e-05
 1.64924e+16	9.91e-01	9.48e-03	1.65e-05
 1.65278e+16	9.91e-01	9.26e-03	1.57e-05
 1.65601e+16	9.91e-01	9.06e-03	1.51e-05
 1.65954e+16	9.91e-01	8.84e-03	1.44e-05
 1.66336e+16	9.91e-01	8.62e-03	1.37e-05
 1.66683e+16	9.92e-01	8.43e-03	1.31e-05
 1.67064e+16	9.92e-01	8.21e-03	1.24e-05
 1.67475e+16	9.92e-01	8.00e-03	1.18e-05
 1.67848e+16	9.92e-01	7.81e-03	1.13e-05
 1.68258e+16	9.92e-01	7.60e-03	1.07e-05
 1.68700e+16	9.93e-01	7.39e-03	1.01e-05
 1.69103e+16	9.93e-01	7.21e-03	9.62e-06
 1.69544e+16	9.93e-01	7.01e-03	9.09e-06
 1.70020e+16	9.93e-01	6.81e-03	8.58e-06
 1.70453e+16	9.93e-01	6.64e-03	8.16e-06
 1.70928e+16	9.94e-01	6.44e-03	7.69e-06
 1.71545e+16	9.94e-01	6.20e-03	7.12e-06
 1.72256e+16	9.94e-01	5.94e-03	6.55e-06
 1.72977e+16	9.94e-01	5.69e-03	6.03e-06
 1.73706e+16	9.95e-01	5.46e-03	5.55e-06
 1.74466e+16	9.95e-01	5.23e-03	5.09e-06
 1.75257e+16	9.95e-01	5.00e-03	4.66e-06
 1.76077e+16	9.95e-01	4.77e-03	4.26e-06
 1.76924e+16	9.95e-01	4.56e-03	3.88e-06
 1.77799e+16	9.96e-01	4.34e-03	3.53e-06
 1.78696e+16	9.96e-01	4.14e-03	3.21e-06
 1.79608e+16	9.96e-01	3.94e-03	2.92e-06
 1.80534e+16	9.96e-01	3.76e-03	2.65e-06
 1.81478e+16	9.96e-01	3.58e-03	2.41e-06
 1.82439e+16	9.97e-01	3.41e-03	2.18e-06
 1.83417e+16	9.97e-01	3.24e-03	1.98e-06
 1.84413e+16	9.97e-01	3.09e-03	1.80e-06
 1.85412e+16	9.97e-01	2.94e-03	1.63e-06
 1.86426e+16	9.97e-01	2.79e-03	1.48e-06
 1.87475e+16	9.97e-01	2.66e-03	1.33e-06
 1.88551e+16	9.97e-01	2.52e-03	1.20e-06
 1.89642e+16	9.98e-01	2.39e-03	1.09e-06
 1.90751e+16	9.98e-01	2.27e-03	9.79e-07
 1.91881e+16	9.98e-01	2.15e-03	8.82e-07
 1.93033e+16	9.98e-01	2.04e-03	7.93e-07
 1.94206e+16	9.98e-01	1.94e-03	7.13e-07
 1.95402e+16	9.98e-01	1.83e-03	6.40e-07
 1.96621e+16	9.98e-01	1.73e-03	5.73e-07
 1.97866e+16	9.98e-01	1.64e-03	5.13e-07
 1.99135e+16	9.98e-01	1.55e-03	4.59e-07
 2.00431e+16	9.99e-01	1.46e-03	4.10e-07
 2.01753e+16	9.99e-01	1.38e-03	3.65e-07
 2.03103e+16	9.99e-01	1.30e-03	3.25e-07
 2.04483e+16	9.99e-01	1.23e-03	2.89e-07
 2.05893e+16	9.99e-01	1.16e-03	2.56e-07
 2.07336e+16	9.99e-01	1.09e-03	2.27e-07
 2.08812e+16	9.99e-01	1.02e-03	2.00e-07
 2.10324e+16	9.99e-01	9.58e-04	1.77e-07
 2.11874e+16	9.99e-01	8.98e-04	1.55e-07
 2.13463e+16	9.99e-01	8.40e-04	1.36e-07
 2.15095e+16	9.99e-01	7.86e-04	1.19e-07
 2.16772e+16	9.99e-01	7.34e-04	1.04e-07
 2.18497e+16	9.99e-01	6.84e-04	9.03e-08
 2.20272e+16	9.99e-01	6.37e-04	7.85e-08
 2.22062e+16	9.99e-01	5.93e-04	6.81e-08
 2.23901e+16	9.99e-01	5.51e-04	5.88e-08
 2.25853e+16	9.99e-01	5.09e-04	5.03e-08
 2.27894e+16	1.00e+00	4.70e-04	4.29e-08
 2.29999e+16	1.00e+00	4.33e-04	3.64e-08
 2.32180e+16	1.00e+00	3.97e-04	3.07e-08
 2.34456e+16	1.00e+00	3.63e-04	2.57e-08
 2.36838e+16	1.00e+00	3.31e-04	2.14e-08
 2.39337e+16	1.00e+00	3.01e-04	1.76e-08
 2.41967e+16	1.00e+00	2.72e-04	1.44e-08
 2.44752e+16	1.00e+00	2.45e-04	1.17e-08
 2.47735e+16	1.00e+00	2.18e-04	9.31e-09
 2.50879e+16	1.00e+00	1.94e-04	7.35e-09
 2.54238e+16	1.00e+00	1.71e-04	5.71e-09
 2.57923e+16	1.00e+00	1.49e-04	4.34e-09
 2.61932e+16	1.00e+00	1.28e-04	3.22e-09
 2.66330e+16	1.00e+00	1.09e-04	2.33e-09
 2.71232e+16	1.00e+00	9.12e-05	1.63e-09
 2.76705e+16	1.00e+00	7.48e-05	1.10e-09
 2.83009e+16	1.00e+00	5.96e-05	6.97e-10
 2.90024e+16	1.00e+00	4.66e-05	4.27e-10
 2.97117e+16	1.00e+00	3.66e-05	2.64e-10
 3.04078e+16	1.00e+00	2.90e-05	1.65e-10
 3.11035e+16	1.00e+00	2.30e-05	1.04e-10
 3.18104e+16	1.00e+00	1.82e-05	6.57e-11
 3.25311e+16	1.00e+00	1.44e-05	4.13e-11
 3.32636e+16	1.00e+00	1.15e-05	2.61e-11
 3.40089e+16	1.00e+00	9.08e-06	1.64e-11
 3.47691e+16	1.00e+00	7.20e-06	1.03e-11
 3.55416e+16	1.00e+00	5.72e-06	6.54e-12
 3.63322e+16	1.00e+00	4.54e-06	4.12e-12
 3.71458e+16	1.00e+00	3.59e-06	2.58e-12
 3.79747e+16	1.00e+00	2.84e-06	1.62e-12
 3.88181e+16	1.00e+00	2.25e-06	1.02e-12
 3.96847e+16	1.00e+00	1.77e-06	6.34e-13
 4.05779e+16	1.00e+00	1.40e-06	3.94e-13
 4.14963e+16	1.00e+00	1.10e-06	2.43e-13
 4.24422e+16	1.00e+00	8.60e-07	1.50e-13
 4.34214e+16	1.00e+00	6.72e-07	9.14e-14
 4.44392e+16	1.00e+00	5.22e-07	5.53e-14
 4.55034e+16	1.00e+00	4.03e-07	3.30e-14
 4.66243e+16	1.00e+00	3.09e-07	1.94e-14
 4.78133e+16	1.00e+00	2.34e-07	1.11e-14
 4.90899e+16	1.00e+00	1.75e-07	6.21e-15
 5.04826e+16	1.00e+00	1.28e-07	3.33e-15
 5.19952e+16	1.00e+00	9.20e-08	1.73e-15
 5.35611e+16	1.00e+00	6.62e-08	8.95e-16
 5.51270e+16	1.00e+00	4.80e-08	4.71e-16
 5.66928e+16	1.00e+00	3.51e-08	2.52e-16
 5.82587e+16	1.00e+00	2.59e-08	1.37e-16
 5.98245e+16	1.00e+00	1.92e-08	7.56e-17
 6.13904e+16	1.00e+00	1.44e-08	4.23e-17
 6.30367e+16	1.00e+00	1.06e-08	2.32e-17
 6.47960e+16	1.00e+00	7.77e-09	1.24e-17
 6.65697e+16	1.00e+00	5.73e-09	6.76e-18
 6.83041e+16	1.00e+00	4.28e-09	3.78e-18
 7.00030e+16	1.00e+00	3.24e-09	2.17e-18
 7.16780e+16	1.00e+00	2.48e-09	1.27e-18
 7.33264e+16	1.00e+00	1.91e-09	7.56e-19
 7.49380e+16	1.00e+00	1.49e-09	4.62e-19
 7.65024e+16	1.00e+00	1.18e-09	2.89e-19
 7.80138e+16	1.00e+00	9.44e-10	1.85e-19
 7.94732e+16	1.00e+00	7.64e-10	1.21e-19
 8.08794e+16	1.00e+00	6.25e-10	8.12e-20
 8.22286e+16	1.00e+00	5.17e-10	5.56e-20
 8.35188e+16	1.00e+00	4.32e-10	3.89e-20
 8.47518e+16	1.00e+00	3.65e-10	2.78e-20
 8.59288e+16	1.00e+00	3.12e-10	2.02e-20
 8.70503e+16	1.00e+00	2.68e-10	1.50e-20
 8.81173e+16	1.00e+00	2.33e-10	1.13e-20
 8.91322e+16	1.00e+00	2.04e-10	8.71e-21
 9.00971e+16	1.00e+00	1.80e-10	0.00e+00
 9.10139e+16	1.00e+00	1.60e-10	0.00e+00
 9.18846e+16	1.00e+00	1.43e-10	0.00e+00
 9.27113e+16	1.00e+00	1.29e-10	0.00e+00
 9.34961e+16	1.00e+00	1.17e-10	0.00e+00
 9.42411e+16	1.00e+00	1.07e-10	0.00e+00
 9.49484e+16	1.00e+00	9.79e-11	0.00e+00
 9.56199e+16	1.00e+00	9.01e-11	0.00e+00
 9.62578e+16	1.00e+00	8.34e-11	0.00e+00
 9.68638e+16	1.00e+00	7.74e-11	0.00e+00
 9.74391e+16	1.00e+00	7.22e-11	0.00e+00
 9.79853e+16	1.00e+00	6.76e-11	0.00e+00
 9.85043e+16	1.00e+00	6.37e-11	0.00e+00
 9.89977e+16	1.00e+00	6.00e-11	0.00e+00
 9.94672e+16	1.00e+00	5.67e-11	0.00e+00
 9.99141e+16	1.00e+00	5.39e-11	0.00e+00
 1.00339e+17	1.00e+00	5.12e-11	0.00e+00
 1.00744e+17	1.00e+00	4.88e-11	0.00e+00
 1.01130e+17	1.00e+00	4.67e-11	0.00e+00
 1.01497e+17	1.00e+00	4.47e-11	0.00e+00
 1.01848e+17	1.00e+00	4.30e-11	0.00e+00
 1.02183e+17	1.00e+00	4.13e-11	0.00e+00
 1.02503e+17	1.00e+00	3.98e-11	0.00e+00
 1.02809e+17	1.00e+00	3.84e-11	0.00e+00
 1.03101e+17	1.00e+00	3.72e-11	0.00e+00
 1.03382e+17	1.00e+00	3.60e-11	0.00e+00
 1.03651e+17	1.00e+00	3.49e-11	0.00e+00
 1.03909e+17	1.00e+00	3.39e-11	0.00e+00
 1.04157e+17	1.00e+00	3.29e-11	0.00e+00
 1.04396e+17	1.00e+00	3.21e-11	0.00e+00
 1.04627e+17	1.00e+00	3.12e-11	0.00e+00
 1.04850e+17	1.00e+00	3.05e-11	0.00e+00
 1.05066e+17	1.00e+00	2.97e-11	0.00e+00
 1.05276e+17	1.00e+00	2.90e-11	0.00e+00
 1.05480e+17	1.00e+00	2.84e-11	0.00e+00
 1.05679e+17	1.00e+00	2.77e-11	0.00e+00
 1.05874e+17	1.00e+00	2.71e-11	0.00e+00
 1.06066e+17	1.00e+00	2.66e-11	0.00e+00
 1.06256e+17	1.00e+00	2.60e-11	0.00e+00
 1.06444e+17	1.00e+00	2.55e-11	0.00e+00
 1.06631e+17	1.00e+00	2.49e-11	0.00e+00
 1.06820e+17	1.00e+00	2.44e-11	0.00e+00
 1.07010e+17	1.00e+00	2.39e-11	0.00e+00
 1.07203e+17	1.00e+00	2.34e-11	0.00e+00
 1.07402e+17	1.00e+00	2.29e-11	0.00e+00
 1.07609e+17	1.00e+00	2.24e-11	0.00e+00
 1.07826e+17	1.00e+00	2.18e-11	0.00e+00
 1.08057e+17	1.00e+00	2.13e-11	0.00e+00
 1.08307e+17	1.00e+00	2.07e-11	0.00e+00
 1.08582e+17	1.00e+00	2.01e-11	0.00e+00
 1.08892e+17	1.00e+00	1.94e-11	0.00e+00
 1.09251e+17	1.00e+00	1.87e-11	0.00e+00
 1.09678e+17	1.00e+00	1.78e-11	0.00e+00
 1.10204e+17	1.00e+00	1.68e-11	0.00e+00
 1.10878e+17	1.00e+00	1.55e-11	0.00e+00
 1.11755e+17	1.00e+00	1.41e-11	0.00e+00
 1.12894e+17	1.00e+00	1.25e-11	0.00e+00
 1.14375e+17	1.00e+00	1.06e-11	0.00e+00
 1.16300e+17	1.00e+00	8.67e-12	0.00e+00
 1.18803e+17	1.00e+00	6.69e-12	0.00e+00
 1.21782e+17	1.00e+00	4.98e-12	0.00e+00
 1.24912e+17	1.00e+00	3.70e-12	0.00e+00
 1.28042e+17	1.00e+00	2.79e-12	0.00e+00
 1.31172e+17	1.00e+00	2.12e-12	0.00e+00
 1.34700e+17	1.00e+00	1.58e-12	0.00e+00
 1.38704e+17	1.00e+00	1.15e-12	0.00e+00
 1.42882e+17	1.00e+00	8.53e-13	0.00e+00
 1.47200e+17	1.00e+00	6.42e-13	0.00e+00
 1.51602e+17	1.00e+00	4.96e-13	0.00e+00
 1.56711e+17	1.00e+00	3.82e-13	0.00e+00
 1.62792e+17	1.00e+00	2.80e-13	0.00e+00
 1.69303e+17	1.00e+00	2.10e-13	0.00e+00
 1.76075e+17	1.00e+00	1.66e-13	0.00e+00
 1.83119e+17	1.00e+00	1.35e-13	0.00e+00
 1.90443e+17	1.00e+00	1.11e-13	0.00e+00
 1.97765e+17	1.00e+00	9.27e-14	0.00e+00
 2.04557e+17	1.00e+00	8.13e-14	0.00e+00
 2.10600e+17	1.00e+00	7.54e-14	0.00e+00
 2.16082e+17	1.00e+00	7.11e-14	0.00e+00
 2.21286e+17	1.00e+00	6.59e-14	0.00e+00
 2.26295e+17	1.00e+00	5.96e-14	0.00e+00
 2.30541e+17	1.00e+00	5.36e-14	0.00e+00
 2.33326e+17	1.00e+00	5.15e-14	0.00e+00
 2.34854e+17	1.00e+00	5.17e-14	0.00e+00
 2.35716e+17	1.00e+00	5.20e-14	0.00e+00
 2.36234e+17	1.00e+00	5.21e-14	0.00e+00
 2.36552e+17	1.00e+00	5.22e-14	0.00e+00
 2.36812e+17	1.00e+00	5.22e-14	0.00e+00
 2.37104e+17	1.00e+00	5.22e-14	0.00e+00
 2.37438e+17	1.00e+00	5.22e-14	0.00e+00
 2.37769e+17	1.00e+00	5.21e-14	0.00e+00
 2.38033e+17	1.00e+00	5.19e-14	0.00e+00
 2.38252e+17	1.00e+00	5.18e-14	0.00e+00
 2.38474e+17	1.00e+00	5.17e-14	0.00e+00
 2.38707e+17	1.00e+00	5.16e-14	0.00e+00
 2.38927e+17	1.00e+00	5.14e-14	0.00e+00
 2.39127e+17	1.00e+00	5.13e-14	0.00e+00
 2.39313e+17	1.00e+00	5.11e-14	0.00e+00
 2.39479e+17	1.00e+00	5.10e-14	0.00e+00
 2.39644e+17	1.00e+00	5.09e-14	0.00e+00
 2.39811e+17	1.00e+00	5.07e-14	0.00e+00
 2.39967e+17	1.00e+00	5.05e-14	0.00e+00
 2.40110e+17	1.00e+00	5.04e-14	0.00e+00
 2.40246e+17	1.00e+00	5.03e-14	0.00e+00
 2.40379e+17	1.00e+00	5.01e-14	0.00e+00
 2.40511e+17	1.00e+00	5.00e-14	0.00e+00
 2.40638e+17	1.00e+00	4.98e-14	0.00e+00
 2.40762e+17	1.00e+00	4.97e-14	0.00e+00
 2.40882e+17	1.00e+00	4.95e-14	0.00e+00
 2.40993e+17	1.00e+00	4.94e-14	0.00e+00
 2.41100e+17	1.00e+00	4.92e-14	0.00e+00
 2.41210e+17	1.00e+00	4.91e-14	0.00e+00
 2.41325e+17	1.00e+00	4.89e-14	0.00e+00
 2.41435e+17	1.00e+00	4.87e-14	0.00e+00
 2.41539e+17	1.00e+00	4.86e-14	0.00e+00
 2.41642e+17	1.00e+00	4.85e-14	0.00e+00
 2.41748e+17	1.00e+00	4.83e-14	0.00e+00
 2.41849e+17	1.00e+00	4.81e-14	0.00e+00
 2.41949e+17	1.00e+00	4.80e-14	0.00e+00
 2.42052e+17	1.00e+00	4.78e-14	0.00e+00
 2.42161e+17	1.00e+00	4.76e-14	0.00e+00
 2.42265e+17	1.00e+00	4.74e-14	0.00e+00
 2.42366e+17	1.00e+00	4.73e-14	0.00e+00
 2.42471e+17	1.00e+00	4.71e-14	0.00e+00
 2.42580e+17	1.00e+00	4.69e-14	0.00e+00
 2.42691e+17	1.00e+00	4.67e-14	0.00e+00
 2.42802e+17	1.00e+00	4.65e-14	0.00e+00
 2.42912e+17	1.00e+00	4.63e-14	0.00e+00
 2.43023e+17	1.00e+00	4.61e-14	0.00e+00
 2.43137e+17	1.00e+00	4.59e-14	0.00e+00
 2.43262e+17	1.00e+00	4.56e-14	0.00e+00
 2.43392e+17	1.00e+00	4.53e-14	0.00e+00
 2.43514e+17	1.00e+00	4.51e-14	0.00e+00
 2.43632e+17	1.00e+00	4.49e-14	0.00e+00
 2.43758e+17	1.00e+00	4.46e-14	0.00e+00
 2.43903e+17	1.00e+00	4.43e-14	0.00e+00
 2.44049e+17	1.00e+00	4.40e-14	0.00e+00
 2.44185e+17	1.00e+00	4.37e-14	0.00e+00
 2.44314e+17	1.00e+00	4.34e-14	0.00e+00
 2.44454e+17	1.00e+00	4.32e-14	0.00e+00
 2.44613e+17	1.00e+00	4.28e-14	0.00e+00
 2.44784e+17	1.00e+00	4.24e-14	0.00e+00
 2.44947e+17	1.00e+00	4.21e-14	0.00e+00
 2.45096e+17	1.00e+00	4.17e-14	0.00e+00
 2.45254e+17	1.00e+00	4.14e-14	0.00e+00
 2.45431e+17	1.00e+00	4.10e-14	0.00e+00
 2.45622e+17	1.00e+00	4.06e-14	0.00e+00
 2.45813e+17	1.00e+00	4.02e-14	0.00e+00
 2.45998e+17	1.00e+00	3.97e-14	0.00e+00
 2.46182e+17	1.00e+00	3.93e-14	0.00e+00
 2.46372e+17	1.00e+00	3.89e-14	0.00e+00
 2.46578e+17	1.00e+00	3.84e-14	0.00e+00
 2.46797e+17	1.00e+00	3.79e-14	0.00e+00
 2.47019e+17	1.00e+00	3.74e-14	0.00e+00
 2.47230e+17	1.00e+00	3.69e-14	0.00e+00
 2.47454e+17	1.00e+00	3.64e-14	0.00e+00
 2.47696e+17	1.00e+00	3.58e-14	0.00e+00
 2.47949e+17	1.00e+00	3.52e-14	0.00e+00
 2.48212e+17	1.00e+00	3.46e-14	0.00e+00
 2.48465e+17	1.00e+00	3.40e-14	0.00e+00
 2.48720e+17	1.00e+00	3.35e-14	0.00e+00
 2.48995e+17	1.00e+00	3.28e-14	0.00e+00
 2.49280e+17	1.00e+00	3.22e-14	0.00e+00
 2.49565e+17	1.00e+00	3.15e-14	0.00e+00
 2.49861e+17	1.00e+00	3.08e-14	0.00e+00
 2.50166e+17	1.00e+00	3.01e-14	0.00e+00
 2.50475e+17	1.00e+00	2.95e-14	0.00e+00
 2.50792e+17	1.00e+00	2.87e-14	0.00e+00
 2.51117e+17	1.00e+00	2.80e-14	0.00e+00
 2.51447e+17	1.00e+00	2.73e-14	0.00e+00
 2.51790e+17	1.00e+00	2.66e-14	0.00e+00
 2.52150e+17	1.00e+00	2.58e-14	0.00e+00
 2.52519e+17	1.00e+00	2.50e-14	0.00e+00
 2.52890e+17	1.00e+00	2.42e-14	0.00e+00
 2.53264e+17	1.00e+00	2.34e-14	0.00e+00
 2.53647e+17	1.00e+00	2.26e-14	0.00e+00
 2.54044e+17	1.00e+00	2.19e-14	0.00e+00
 2.54453e+17	1.00e+00	2.11e-14	0.00e+00
 2.54882e+17	1.00e+00	2.02e-14	0.00e+00
 2.55320e+17	1.00e+00	1.94e-14	0.00e+00
 2.55761e+17	1.00e+00	1.86e-14	0.00e+00
 2.56212e+17	1.00e+00	1.78e-14	0.00e+00
 2.56666e+17	1.00e+00	1.70e-14	0.00e+00
 2.57133e+17	1.00e+00	1.62e-14	0.00e+00
 2.57622e+17	1.00e+00	1.54e-14	0.00e+00
 2.58131e+17	1.00e+00	1.46e-14	0.00e+00
 2.58663e+17	1.00e+00	1.38e-14	0.00e+00
 2.59213e+17	1.00e+00	1.30e-14	0.00e+00
 2.59769e+17	1.00e+00	1.22e-14	0.00e+00
 2.60331e+17	1.00e+00	1.14e-14	0.00e+00
 2.60913e+17	1.00e+00	1.07e-14	0.00e+00
 2.61526e+17	1.00e+00	9.97e-15	0.00e+00
 2.62170e+17	1.00e+00	9.24e-15	0.00e+00
 2.62797e+17	1.00e+00	8.52e-15	0.00e+00
 2.63347e+17	1.00e+00	7.91e-15	0.00e+00
 2.63818e+17	1.00e+00	7.42e-15	0.00e+00
 2.64251e+17	1.00e+00	7.01e-15	0.00e+00
 2.64682e+17	1.00e+00	6.63e-15	0.00e+00
 2.65113e+17	1.00e+00	6.26e-15	0.00e+00
 2.65528e+17	1.00e+00	5.91e-15	0.00e+00
 2.65913e+17	1.00e+00	5.59e-15	0.00e+00
 2.66272e+17	1.00e+00	5.31e-15	0.00e+00
 2.66615e+17	1.00e+00	5.05e-15	0.00e+00
 2.66950e+17	1.00e+00	4.80e-15	0.00e+00
 2.67275e+17	1.00e+00	4.57e-15	0.00e+00
 2.67585e+17	1.00e+00	4.36e-15	0.00e+00
 2.67879e+17	1.00e+00	4.16e-15	0.00e+00
 2.68159e+17	1.00e+00	3.97e-15	0.00e+00
 2.68427e+17	1.00e+00	3.79e-15	0.00e+00
 2.68688e+17	1.00e+00	3.64e-15	0.00e+00
 2.68937e+17	1.00e+00	3.48e-15	0.00e+00
 2.69176e+17	1.00e+00	3.34e-15	0.00e+00
 2.69405e+17	1.00e+00	3.21e-15	0.00e+00
 2.69625e+17	1.00e+00	3.09e-15	0.00e+00
 2.69841e+17	1.00e+00	2.98e-15	0.00e+00
 2.70052e+17	1.00e+00	2.87e-15	0.00e+00
 2.70256e+17	1.00e+00	2.76e-15	0.00e+00
 2.70452e+17	1.00e+00	2.66e-15	0.00e+00
 2.70642e+17	1.00e+00	2.57e-15	0.00e+00
 2.70828e+17	1.00e+00	2.48e-15	0.00e+00
 2.71011e+17	1.00e+00	2.40e-15	0.00e+00
 2.71189e+17	1.00e+00	2.32e-15	0.00e+00
 2.71364e+17	1.00e+00	2.25e-15	0.00e+00
 2.71535e+17	1.00e+00	2.17e-15	0.00e+00
 2.71730e+17	1.00e+00	2.10e-15	0.00e+00
 2.71983e+17	1.00e+00	2.02e-15	0.00e+00
 2.72313e+17	1.00e+00	1.91e-15	0.00e+00
 2.72741e+17	1.00e+00	1.78e-15	0.00e+00
 2.73298e+17	1.00e+00	1.61e-15	0.00e+00
 2.74018e+17	1.00e+00	1.42e-15	0.00e+00
 2.74815e+17	1.00e+00	1.21e-15	0.00e+00
 2.75525e+17	1.00e+00	1.04e-15	0.00e+00
 2.76104e+17	1.00e+00	9.13e-16	0.00e+00
 2.76610e+17	1.00e+00	8.22e-16	0.00e+00
 2.77129e+17	1.00e+00	7.45e-16	0.00e+00
 2.77700e+17	1.00e+00	6.67e-16	0.00e+00
 2.78303e+17	1.00e+00	5.91e-16	0.00e+00
 2.78893e+17	1.00e+00	5.23e-16	0.00e+00
 2.79453e+17	1.00e+00	4.66e-16	0.00e+00
 2.80007e+17	1.00e+00	4.17e-16	0.00e+00
 2.80587e+17	1.00e+00	3.73e-16	0.00e+00
 2.81204e+17	1.00e+00	3.31e-16	0.00e+00
 2.81853e+17	1.00e+00	2.91e-16	0.00e+00
 2.82524e+17	1.00e+00	2.55e-16	0.00e+00
 2.83226e+17	1.00e+00	2.23e-16	0.00e+00
 2.83990e+17	1.00e+00	1.93e-16	0.00e+00
 2.84853e+17	1.00e+00	1.65e-16	0.00e+00
 2.85863e+17	1.00e+00	1.38e-16	0.00e+00
 2.87094e+17	1.00e+00	1.11e-16	0.00e+00
 2.88664e+17	1.00e+00	8.56e-17	0.00e+00
 2.90705e+17	1.00e+00	6.13e-17	0.00e+00
 2.93358e+17	1.00e+00	4.03e-17	0.00e+00
 2.96807e+17	1.00e+00	2.40e-17	0.00e+00
 3.01291e+17	1.00e+00	1.29e-17	0.00e+00
 3.07120e+17	1.00e+00	6.28e-18	0.00e+00
 3.14698e+17	1.00e+00	2.94e-18	0.00e+00
 3.24549e+17	1.00e+00	1.28e-18	0.00e+00
 3.36719e+17	1.00e+00	5.42e-19	0.00e+00
 3.50188e+17	1.00e+00	2.26e-19	0.00e+00
 3.63008e+17	1.00e+00	1.02e-19	0.00e+00
 3.73792e+17	1.00e+00	5.28e-20	0.00e+00
 3.82907e+17	1.00e+00	3.04e-20	0.00e+00
 3.92761e+17	1.00e+00	1.66e-20	0.00e+00
 4.03604e+17	1.00e+00	8.69e-21	0.00e+00
 4.12830e+17	1.00e+00	5.05e-21	0.00e+00
 4.19880e+17	1.00e+00	3.34e-21	0.00e+00
 4.27001e+17	1.00e+00	2.17e-21	0.00e+00
 4.35470e+17	1.00e+00	1.30e-21	0.00e+00
 4.43602e+17	1.00e+00	8.02e-22	0.00e+00
 4.50346e+17	1.00e+00	5.34e-22	0.00e+00
 4.57377e+17	1.00e+00	3.44e-22	0.00e+00
 4.66516e+17	1.00e+00	1.94e-22	0.00e+00
 4.78397e+17	1.00e+00	9.15e-23	0.00e+00
 4.90559e+17	1.00e+00	4.12e-23	0.00e+00
 4.98827e+17	1.00e+00	2.30e-23	0.00e+00
 5.03084e+17	1.00e+00	1.66e-23	0.00e+00
 5.05383e+17	1.00e+00	1.38e-23	0.00e+00
 5.06762e+17	1.00e+00	1.24e-23	0.00e+00
