#depth	C	C+	C+2	C+3	C+4	C+5	C+6	C[1]	C[2]	C[3]	C+[1]	C+[2]	CO
 1.49634e+10	3.68e-47	1.23e-35	3.36e-25	2.84e-15	8.01e-05	2.69e-01	7.31e-01	0.00e+00	0.00e+00	0.00e+00	0.00e+00	0.00e+00	2.66e-148
 4.54887e+10	0.00e+00	1.77e-35	4.46e-25	3.49e-15	9.09e-05	2.84e-01	7.15e-01	0.00e+00	0.00e+00	0.00e+00	0.00e+00	0.00e+00	2.96e-191
 7.72350e+10	8.95e-47	2.56e-35	5.97e-25	4.32e-15	1.04e-04	3.01e-01	6.99e-01	0.00e+00	0.00e+00	0.00e+00	0.00e+00	0.00e+00	2.62e-147
 1.10251e+11	0.00e+00	3.70e-35	7.98e-25	5.33e-15	1.19e-04	3.18e-01	6.82e-01	0.00e+00	0.00e+00	0.00e+00	0.00e+00	0.00e+00	1.55e-190
 1.43209e+11	2.15e-46	5.27e-35	1.05e-24	6.52e-15	1.35e-04	3.34e-01	6.65e-01	0.00e+00	0.00e+00	0.00e+00	0.00e+00	0.00e+00	2.49e-146
 1.77484e+11	0.00e+00	7.52e-35	1.39e-24	7.99e-15	1.53e-04	3.52e-01	6.48e-01	0.00e+00	0.00e+00	0.00e+00	0.00e+00	0.00e+00	7.97e-190
 2.14510e+11	5.18e-46	1.08e-34	1.86e-24	9.84e-15	1.74e-04	3.70e-01	6.30e-01	0.00e+00	0.00e+00	0.00e+00	0.00e+00	0.00e+00	2.37e-145
 2.53018e+11	0.00e+00	1.56e-34	2.47e-24	1.21e-14	1.97e-04	3.88e-01	6.11e-01	0.00e+00	0.00e+00	0.00e+00	0.00e+00	0.00e+00	4.06e-189
 2.93065e+11	1.26e-45	2.25e-34	3.29e-24	1.49e-14	2.24e-04	4.07e-01	5.92e-01	0.00e+00	0.00e+00	0.00e+00	0.00e+00	0.00e+00	2.36e-144
 3.34714e+11	0.00e+00	3.24e-34	4.37e-24	1.83e-14	2.54e-04	4.27e-01	5.73e-01	0.00e+00	0.00e+00	0.00e+00	0.00e+00	0.00e+00	2.13e-188
 3.78030e+11	3.05e-45	4.66e-34	5.81e-24	2.24e-14	2.88e-04	4.46e-01	5.53e-01	0.00e+00	0.00e+00	0.00e+00	0.00e+00	0.00e+00	2.35e-143
 4.23078e+11	0.00e+00	6.69e-34	7.70e-24	2.74e-14	3.26e-04	4.66e-01	5.34e-01	0.00e+00	0.00e+00	0.00e+00	0.00e+00	0.00e+00	1.12e-187
 4.69928e+11	7.38e-45	9.60e-34	1.02e-23	3.36e-14	3.68e-04	4.86e-01	5.14e-01	0.00e+00	0.00e+00	0.00e+00	0.00e+00	0.00e+00	2.33e-142
 5.18652e+11	0.00e+00	1.38e-33	1.35e-23	4.10e-14	4.16e-04	5.06e-01	4.94e-01	0.00e+00	0.00e+00	0.00e+00	0.00e+00	0.00e+00	5.85e-187
 5.69324e+11	1.78e-44	1.97e-33	1.79e-23	5.01e-14	4.69e-04	5.25e-01	4.74e-01	0.00e+00	0.00e+00	0.00e+00	0.00e+00	0.00e+00	2.32e-141
 6.22024e+11	0.00e+00	2.82e-33	2.36e-23	6.11e-14	5.28e-04	5.45e-01	4.54e-01	0.00e+00	0.00e+00	0.00e+00	0.00e+00	0.00e+00	3.04e-186
 6.76832e+11	4.28e-44	4.04e-33	3.12e-23	7.45e-14	5.94e-04	5.65e-01	4.34e-01	0.00e+00	0.00e+00	0.00e+00	0.00e+00	0.00e+00	2.30e-140
 7.29867e+11	0.00e+00	5.63e-33	4.04e-23	8.95e-14	6.62e-04	5.83e-01	4.16e-01	0.00e+00	0.00e+00	0.00e+00	0.00e+00	0.00e+00	1.59e-185
 7.78321e+11	9.20e-44	7.55e-33	5.08e-23	1.05e-13	7.29e-04	5.99e-01	4.00e-01	0.00e+00	0.00e+00	0.00e+00	0.00e+00	0.00e+00	1.73e-139
 8.32052e+11	0.00e+00	1.04e-32	6.49e-23	1.25e-13	8.09e-04	6.16e-01	3.83e-01	0.00e+00	0.00e+00	0.00e+00	0.00e+00	0.00e+00	6.70e-185
 8.94633e+11	2.09e-43	1.47e-32	8.52e-23	1.52e-13	9.05e-04	6.34e-01	3.65e-01	0.00e+00	0.00e+00	0.00e+00	0.00e+00	0.00e+00	1.49e-138
 9.56660e+11	0.00e+00	2.06e-32	1.10e-22	1.82e-13	1.01e-03	6.52e-01	3.47e-01	0.00e+00	0.00e+00	0.00e+00	0.00e+00	0.00e+00	3.03e-184
 1.01620e+12	4.61e-43	2.81e-32	1.41e-22	2.16e-13	1.11e-03	6.68e-01	3.31e-01	0.00e+00	0.00e+00	0.00e+00	0.00e+00	0.00e+00	1.21e-137
 1.08181e+12	0.00e+00	3.92e-32	1.82e-22	2.59e-13	1.24e-03	6.84e-01	3.15e-01	0.00e+00	0.00e+00	0.00e+00	0.00e+00	0.00e+00	1.31e-183
 1.15501e+12	1.07e-42	5.58e-32	2.39e-22	3.14e-13	1.38e-03	7.01e-01	2.98e-01	0.00e+00	0.00e+00	0.00e+00	0.00e+00	0.00e+00	1.12e-136
 1.22935e+12	0.00e+00	7.89e-32	3.12e-22	3.78e-13	1.54e-03	7.17e-01	2.81e-01	0.00e+00	0.00e+00	0.00e+00	0.00e+00	0.00e+00	5.98e-183
 1.30667e+12	2.51e-42	1.12e-31	4.08e-22	4.56e-13	1.71e-03	7.33e-01	2.66e-01	0.00e+00	0.00e+00	0.00e+00	0.00e+00	0.00e+00	1.07e-135
 1.38887e+12	0.00e+00	1.59e-31	5.36e-22	5.52e-13	1.91e-03	7.48e-01	2.50e-01	0.00e+00	0.00e+00	0.00e+00	0.00e+00	0.00e+00	2.68e-182
 1.47435e+12	6.01e-42	2.27e-31	7.04e-22	6.68e-13	2.13e-03	7.63e-01	2.35e-01	0.00e+00	0.00e+00	0.00e+00	0.00e+00	0.00e+00	1.08e-134
 1.56325e+12	0.00e+00	3.24e-31	9.25e-22	8.09e-13	2.38e-03	7.77e-01	2.20e-01	0.00e+00	0.00e+00	0.00e+00	0.00e+00	0.00e+00	1.15e-181
 1.65571e+12	1.44e-41	4.61e-31	1.22e-21	9.78e-13	2.65e-03	7.91e-01	2.07e-01	0.00e+00	0.00e+00	0.00e+00	0.00e+00	0.00e+00	1.09e-133
 1.75186e+12	0.00e+00	6.58e-31	1.60e-21	1.18e-12	2.95e-03	8.04e-01	1.93e-01	0.00e+00	0.00e+00	0.00e+00	0.00e+00	0.00e+00	4.14e-181
 1.85186e+12	3.46e-41	9.39e-31	2.10e-21	1.43e-12	3.28e-03	8.16e-01	1.81e-01	0.00e+00	0.00e+00	0.00e+00	0.00e+00	0.00e+00	1.12e-132
 1.94565e+12	0.00e+00	1.29e-30	2.68e-21	1.70e-12	3.61e-03	8.26e-01	1.70e-01	0.00e+00	0.00e+00	0.00e+00	0.00e+00	0.00e+00	8.10e-181
 2.02913e+12	7.25e-41	1.71e-30	3.32e-21	1.97e-12	3.93e-03	8.35e-01	1.61e-01	0.00e+00	0.00e+00	0.00e+00	0.00e+00	0.00e+00	7.95e-132
 2.12268e+12	0.00e+00	2.31e-30	4.20e-21	2.31e-12	4.30e-03	8.44e-01	1.52e-01	0.00e+00	0.00e+00	0.00e+00	0.00e+00	0.00e+00	0.00e+00
 2.23404e+12	1.62e-40	3.27e-30	5.47e-21	2.77e-12	4.76e-03	8.54e-01	1.41e-01	0.00e+00	0.00e+00	0.00e+00	0.00e+00	0.00e+00	6.66e-131
 2.34618e+12	0.00e+00	4.57e-30	7.08e-21	3.32e-12	5.26e-03	8.63e-01	1.32e-01	0.00e+00	0.00e+00	0.00e+00	0.00e+00	0.00e+00	0.00e+00
 2.45088e+12	3.56e-40	6.19e-30	8.94e-21	3.89e-12	5.75e-03	8.70e-01	1.24e-01	0.00e+00	0.00e+00	0.00e+00	0.00e+00	0.00e+00	5.43e-130
 2.56691e+12	0.00e+00	8.60e-30	1.15e-20	4.63e-12	6.33e-03	8.78e-01	1.16e-01	0.00e+00	0.00e+00	0.00e+00	0.00e+00	0.00e+00	0.00e+00
 2.69951e+12	8.32e-40	1.23e-29	1.51e-20	5.59e-12	7.02e-03	8.86e-01	1.07e-01	0.00e+00	0.00e+00	0.00e+00	0.00e+00	0.00e+00	5.16e-129
 2.83111e+12	0.00e+00	1.74e-29	1.97e-20	6.70e-12	7.76e-03	8.92e-01	9.98e-02	0.00e+00	0.00e+00	0.00e+00	0.00e+00	0.00e+00	0.00e+00
 2.96797e+12	1.95e-39	2.45e-29	2.57e-20	8.04e-12	8.57e-03	8.99e-01	9.26e-02	0.00e+00	0.00e+00	0.00e+00	0.00e+00	0.00e+00	4.95e-128
 3.11662e+12	0.00e+00	3.52e-29	3.39e-20	9.72e-12	9.51e-03	9.05e-01	8.56e-02	0.00e+00	0.00e+00	0.00e+00	0.00e+00	0.00e+00	0.00e+00
 3.26779e+12	4.74e-39	5.02e-29	4.44e-20	1.17e-11	1.05e-02	9.10e-01	7.91e-02	0.00e+00	0.00e+00	0.00e+00	0.00e+00	0.00e+00	5.20e-127
 3.40843e+12	0.00e+00	6.90e-29	5.67e-20	1.38e-11	1.15e-02	9.15e-01	7.37e-02	0.00e+00	0.00e+00	0.00e+00	0.00e+00	0.00e+00	0.00e+00
 3.53825e+12	1.00e-38	9.19e-29	7.06e-20	1.61e-11	1.25e-02	9.18e-01	6.91e-02	0.00e+00	0.00e+00	0.00e+00	0.00e+00	0.00e+00	3.77e-126
 3.68677e+12	0.00e+00	1.26e-28	9.01e-20	1.90e-11	1.37e-02	9.22e-01	6.43e-02	0.00e+00	0.00e+00	0.00e+00	0.00e+00	0.00e+00	0.00e+00
 3.86109e+12	2.33e-38	1.81e-28	1.19e-19	2.29e-11	1.51e-02	9.26e-01	5.92e-02	0.00e+00	0.00e+00	0.00e+00	0.00e+00	0.00e+00	3.48e-125
 4.03384e+12	0.00e+00	2.55e-28	1.54e-19	2.74e-11	1.66e-02	9.29e-01	5.47e-02	0.00e+00	0.00e+00	0.00e+00	0.00e+00	0.00e+00	0.00e+00
 4.19548e+12	5.24e-38	3.49e-28	1.96e-19	3.22e-11	1.82e-02	9.31e-01	5.08e-02	0.00e+00	0.00e+00	0.00e+00	0.00e+00	0.00e+00	2.99e-124
 4.37520e+12	0.00e+00	4.88e-28	2.53e-19	3.83e-11	1.99e-02	9.33e-01	4.70e-02	0.00e+00	0.00e+00	0.00e+00	0.00e+00	0.00e+00	0.00e+00
 4.58013e+12	1.26e-37	7.05e-28	3.36e-19	4.64e-11	2.21e-02	9.35e-01	4.31e-02	0.00e+00	0.00e+00	0.00e+00	0.00e+00	0.00e+00	3.01e-123
 4.78195e+12	0.00e+00	1.00e-27	4.40e-19	5.57e-11	2.43e-02	9.36e-01	3.96e-02	0.00e+00	0.00e+00	0.00e+00	0.00e+00	0.00e+00	0.00e+00
 4.99183e+12	3.01e-37	1.43e-27	5.76e-19	6.69e-11	2.67e-02	9.37e-01	3.63e-02	0.00e+00	0.00e+00	0.00e+00	0.00e+00	0.00e+00	3.00e-122
 5.22143e+12	0.00e+00	2.07e-27	7.66e-19	8.11e-11	2.96e-02	9.37e-01	3.32e-02	0.00e+00	0.00e+00	0.00e+00	0.00e+00	0.00e+00	0.00e+00
 5.45226e+12	7.48e-37	2.97e-27	1.01e-18	9.77e-11	3.26e-02	9.37e-01	3.04e-02	0.00e+00	0.00e+00	0.00e+00	0.00e+00	0.00e+00	3.29e-121
 5.69232e+12	0.00e+00	4.26e-27	1.33e-18	1.18e-10	3.59e-02	9.36e-01	2.77e-02	0.00e+00	0.00e+00	0.00e+00	0.00e+00	0.00e+00	0.00e+00
 5.94994e+12	1.87e-36	6.19e-27	1.77e-18	1.43e-10	3.97e-02	9.35e-01	2.52e-02	0.00e+00	0.00e+00	0.00e+00	0.00e+00	0.00e+00	3.64e-120
 6.20568e+12	0.00e+00	8.85e-27	2.34e-18	1.72e-10	4.37e-02	9.33e-01	2.30e-02	0.00e+00	0.00e+00	0.00e+00	0.00e+00	0.00e+00	0.00e+00
 6.47164e+12	4.55e-36	1.27e-26	3.08e-18	2.07e-10	4.80e-02	9.31e-01	2.10e-02	0.00e+00	0.00e+00	0.00e+00	0.00e+00	0.00e+00	3.77e-119
 6.76043e+12	0.00e+00	1.85e-26	4.11e-18	2.52e-10	5.30e-02	9.28e-01	1.90e-02	0.00e+00	0.00e+00	0.00e+00	0.00e+00	0.00e+00	0.00e+00
 7.06078e+12	1.16e-35	2.69e-26	5.48e-18	3.05e-10	5.85e-02	9.24e-01	1.72e-02	0.00e+00	0.00e+00	0.00e+00	0.00e+00	0.00e+00	4.36e-118
 7.37313e+12	0.00e+00	3.92e-26	7.33e-18	3.71e-10	6.45e-02	9.20e-01	1.56e-02	0.00e+00	0.00e+00	0.00e+00	0.00e+00	0.00e+00	0.00e+00
 7.69799e+12	2.94e-35	5.70e-26	9.79e-18	4.51e-10	7.11e-02	9.15e-01	1.41e-02	0.00e+00	0.00e+00	0.00e+00	0.00e+00	0.00e+00	5.02e-117
 7.99115e+12	0.00e+00	7.91e-26	1.26e-17	5.34e-10	7.74e-02	9.10e-01	1.29e-02	0.00e+00	0.00e+00	0.00e+00	0.00e+00	0.00e+00	5.07e-100
 8.23434e+12	6.11e-35	1.03e-25	1.54e-17	6.11e-10	8.28e-02	9.05e-01	1.20e-02	0.00e+00	0.00e+00	0.00e+00	0.00e+00	0.00e+00	0.00e+00
 8.50029e+12	8.63e-35	1.36e-25	1.91e-17	7.06e-10	8.89e-02	9.00e-01	1.11e-02	0.00e+00	0.00e+00	0.00e+00	0.00e+00	0.00e+00	8.40e-116
 8.83859e+12	1.32e-34	1.91e-25	2.49e-17	8.43e-10	9.69e-02	8.93e-01	1.00e-02	0.00e+00	0.00e+00	0.00e+00	0.00e+00	0.00e+00	1.40e-97
 9.19219e+12	2.02e-34	2.70e-25	3.25e-17	1.01e-09	1.06e-01	8.85e-01	9.09e-03	0.00e+00	0.00e+00	0.00e+00	0.00e+00	0.00e+00	0.00e+00
 9.50410e+12	2.90e-34	3.62e-25	4.08e-17	1.17e-09	1.14e-01	8.78e-01	8.34e-03	0.00e+00	0.00e+00	0.00e+00	0.00e+00	0.00e+00	2.02e-114
 9.79275e+12	4.01e-34	4.70e-25	5.00e-17	1.34e-09	1.21e-01	8.71e-01	7.72e-03	0.00e+00	0.00e+00	0.00e+00	0.00e+00	0.00e+00	1.59e-96
 1.01202e+13	5.72e-34	6.25e-25	6.24e-17	1.56e-09	1.30e-01	8.63e-01	7.08e-03	0.00e+00	0.00e+00	0.00e+00	0.00e+00	0.00e+00	0.00e+00
 1.05263e+13	8.74e-34	8.81e-25	8.15e-17	1.86e-09	1.42e-01	8.52e-01	6.37e-03	0.00e+00	0.00e+00	0.00e+00	0.00e+00	0.00e+00	3.64e-113
 1.09319e+13	1.31e-33	1.22e-24	1.05e-16	2.21e-09	1.54e-01	8.41e-01	5.75e-03	0.00e+00	0.00e+00	0.00e+00	0.00e+00	0.00e+00	2.11e-95
 1.12795e+13	1.83e-33	1.60e-24	1.30e-16	2.54e-09	1.64e-01	8.31e-01	5.27e-03	0.00e+00	0.00e+00	0.00e+00	0.00e+00	0.00e+00	2.55e-112
 1.16543e+13	2.58e-33	2.12e-24	1.61e-16	2.94e-09	1.75e-01	8.20e-01	4.82e-03	0.00e+00	0.00e+00	0.00e+00	0.00e+00	0.00e+00	9.25e-95
 1.21184e+13	3.89e-33	2.95e-24	2.09e-16	3.49e-09	1.90e-01	8.06e-01	4.32e-03	0.00e+00	0.00e+00	0.00e+00	0.00e+00	0.00e+00	1.89e-111
 1.25956e+13	5.82e-33	4.09e-24	2.70e-16	4.14e-09	2.05e-01	7.91e-01	3.87e-03	0.00e+00	0.00e+00	0.00e+00	0.00e+00	0.00e+00	5.46e-94
 1.30268e+13	8.24e-33	5.42e-24	3.36e-16	4.79e-09	2.19e-01	7.78e-01	3.51e-03	0.00e+00	0.00e+00	0.00e+00	0.00e+00	0.00e+00	1.40e-110
 1.35014e+13	1.19e-32	7.29e-24	4.24e-16	5.58e-09	2.34e-01	7.63e-01	3.16e-03	0.00e+00	0.00e+00	0.00e+00	0.00e+00	0.00e+00	2.61e-93
 1.40600e+13	1.79e-32	1.02e-23	5.50e-16	6.64e-09	2.52e-01	7.45e-01	2.80e-03	0.00e+00	0.00e+00	0.00e+00	0.00e+00	0.00e+00	1.13e-109
 1.46183e+13	2.65e-32	1.40e-23	7.05e-16	7.82e-09	2.71e-01	7.27e-01	2.49e-03	0.00e+00	0.00e+00	0.00e+00	0.00e+00	0.00e+00	1.52e-92
 1.51490e+13	3.78e-32	1.86e-23	8.83e-16	9.06e-09	2.88e-01	7.09e-01	2.24e-03	0.00e+00	0.00e+00	0.00e+00	0.00e+00	0.00e+00	8.55e-109
 1.57350e+13	5.49e-32	2.52e-23	1.12e-15	1.06e-08	3.07e-01	6.91e-01	1.99e-03	0.00e+00	0.00e+00	0.00e+00	0.00e+00	0.00e+00	7.58e-92
 1.63943e+13	8.18e-32	3.48e-23	1.44e-15	1.25e-08	3.29e-01	6.69e-01	1.75e-03	0.00e+00	0.00e+00	0.00e+00	0.00e+00	0.00e+00	7.09e-108
 1.70539e+13	1.20e-31	4.74e-23	1.83e-15	1.46e-08	3.50e-01	6.48e-01	1.55e-03	0.00e+00	0.00e+00	0.00e+00	0.00e+00	0.00e+00	4.29e-91
 1.76383e+13	1.65e-31	6.14e-23	2.24e-15	1.66e-08	3.69e-01	6.30e-01	1.39e-03	0.00e+00	0.00e+00	0.00e+00	0.00e+00	0.00e+00	4.92e-107
 1.81287e+13	2.13e-31	7.57e-23	2.63e-15	1.85e-08	3.84e-01	6.14e-01	1.27e-03	0.00e+00	0.00e+00	0.00e+00	0.00e+00	0.00e+00	1.57e-90
 1.86566e+13	2.79e-31	9.40e-23	3.12e-15	2.06e-08	4.01e-01	5.98e-01	1.16e-03	0.00e+00	0.00e+00	0.00e+00	0.00e+00	0.00e+00	2.15e-106
 1.93428e+13	3.89e-31	1.23e-22	3.85e-15	2.36e-08	4.21e-01	5.78e-01	1.03e-03	0.00e+00	0.00e+00	0.00e+00	0.00e+00	0.00e+00	6.13e-90
 2.00607e+13	5.44e-31	1.61e-22	4.75e-15	2.70e-08	4.43e-01	5.57e-01	9.09e-04	0.00e+00	0.00e+00	0.00e+00	0.00e+00	0.00e+00	1.42e-105
 2.06733e+13	7.15e-31	2.01e-22	5.63e-15	3.02e-08	4.60e-01	5.39e-01	8.21e-04	0.00e+00	0.00e+00	0.00e+00	0.00e+00	0.00e+00	2.44e-89
 2.13230e+13	9.44e-31	2.52e-22	6.70e-15	3.37e-08	4.78e-01	5.21e-01	7.39e-04	0.00e+00	0.00e+00	0.00e+00	0.00e+00	0.00e+00	6.89e-105
 2.21390e+13	1.32e-30	3.30e-22	8.26e-15	3.85e-08	5.00e-01	4.99e-01	6.49e-04	0.00e+00	0.00e+00	0.00e+00	0.00e+00	0.00e+00	1.00e-88
 2.29789e+13	1.83e-30	4.30e-22	1.01e-14	4.38e-08	5.22e-01	4.77e-01	5.70e-04	0.00e+00	0.00e+00	0.00e+00	0.00e+00	0.00e+00	4.68e-104
 2.37204e+13	2.42e-30	5.38e-22	1.21e-14	4.88e-08	5.41e-01	4.59e-01	5.09e-04	0.00e+00	0.00e+00	0.00e+00	0.00e+00	0.00e+00	4.07e-88
 2.45259e+13	3.23e-30	6.79e-22	1.44e-14	5.46e-08	5.60e-01	4.40e-01	4.52e-04	0.00e+00	0.00e+00	0.00e+00	0.00e+00	0.00e+00	2.46e-103
 2.54142e+13	4.38e-30	8.68e-22	1.74e-14	6.14e-08	5.80e-01	4.20e-01	3.97e-04	0.00e+00	0.00e+00	0.00e+00	0.00e+00	0.00e+00	1.64e-87
 2.62317e+13	5.74e-30	1.08e-21	2.06e-14	6.81e-08	5.98e-01	4.02e-01	3.54e-04	0.00e+00	0.00e+00	0.00e+00	0.00e+00	0.00e+00	1.35e-102
 2.71161e+13	7.59e-30	1.35e-21	2.44e-14	7.57e-08	6.16e-01	3.84e-01	3.13e-04	0.00e+00	0.00e+00	0.00e+00	0.00e+00	0.00e+00	6.02e-87
 2.81030e+13	1.02e-29	1.72e-21	2.94e-14	8.48e-08	6.35e-01	3.64e-01	2.74e-04	0.00e+00	0.00e+00	0.00e+00	0.00e+00	0.00e+00	7.61e-102
 2.90285e+13	1.34e-29	2.13e-21	3.46e-14	9.38e-08	6.52e-01	3.47e-01	2.43e-04	0.00e+00	0.00e+00	0.00e+00	0.00e+00	0.00e+00	2.34e-86
 3.00367e+13	1.78e-29	2.66e-21	4.11e-14	1.04e-07	6.70e-01	3.30e-01	2.14e-04	0.00e+00	0.00e+00	0.00e+00	0.00e+00	0.00e+00	4.02e-101
 3.11566e+13	2.39e-29	3.39e-21	4.93e-14	1.16e-07	6.88e-01	3.12e-01	1.86e-04	0.00e+00	0.00e+00	0.00e+00	0.00e+00	0.00e+00	9.49e-86
 3.22018e+13	3.13e-29	4.19e-21	5.80e-14	1.28e-07	7.04e-01	2.96e-01	1.64e-04	0.00e+00	0.00e+00	0.00e+00	0.00e+00	0.00e+00	2.28e-100
 3.33404e+13	4.15e-29	5.24e-21	6.86e-14	1.42e-07	7.20e-01	2.80e-01	1.43e-04	0.00e+00	0.00e+00	0.00e+00	0.00e+00	0.00e+00	3.63e-85
 3.46140e+13	5.59e-29	6.66e-21	8.23e-14	1.58e-07	7.37e-01	2.63e-01	1.24e-04	0.00e+00	0.00e+00	0.00e+00	0.00e+00	0.00e+00	1.37e-99
 3.58157e+13	7.34e-29	8.27e-21	9.68e-14	1.74e-07	7.51e-01	2.48e-01	1.08e-04	0.00e+00	0.00e+00	0.00e+00	0.00e+00	0.00e+00	1.49e-84
 3.71302e+13	9.77e-29	1.04e-20	1.15e-13	1.92e-07	7.66e-01	2.34e-01	9.40e-05	0.00e+00	0.00e+00	0.00e+00	0.00e+00	0.00e+00	7.81e-99
 3.86023e+13	1.33e-28	1.32e-20	1.38e-13	2.14e-07	7.81e-01	2.18e-01	8.06e-05	0.00e+00	0.00e+00	0.00e+00	0.00e+00	0.00e+00	6.50e-84
 3.99988e+13	1.75e-28	1.65e-20	1.62e-13	2.36e-07	7.95e-01	2.05e-01	7.00e-05	0.00e+00	0.00e+00	0.00e+00	0.00e+00	0.00e+00	4.92e-98
 4.14940e+13	2.33e-28	2.07e-20	1.92e-13	2.60e-07	8.08e-01	1.92e-01	6.05e-05	0.00e+00	0.00e+00	0.00e+00	0.00e+00	0.00e+00	2.72e-83
 4.31837e+13	3.18e-28	2.64e-20	2.30e-13	2.88e-07	8.21e-01	1.79e-01	5.15e-05	0.00e+00	0.00e+00	0.00e+00	0.00e+00	0.00e+00	3.28e-97
 4.48594e+13	4.27e-28	3.33e-20	2.73e-13	3.18e-07	8.33e-01	1.67e-01	4.43e-05	0.00e+00	0.00e+00	0.00e+00	0.00e+00	0.00e+00	1.27e-82
 4.66022e+13	5.73e-28	4.20e-20	3.24e-13	3.51e-07	8.44e-01	1.56e-01	3.80e-05	0.00e+00	0.00e+00	0.00e+00	0.00e+00	0.00e+00	2.16e-96
 4.84962e+13	7.79e-28	5.34e-20	3.86e-13	3.88e-07	8.55e-01	1.45e-01	3.23e-05	0.00e+00	0.00e+00	0.00e+00	0.00e+00	0.00e+00	5.99e-82
 5.04660e+13	1.06e-27	6.80e-20	4.59e-13	4.27e-07	8.66e-01	1.34e-01	2.76e-05	0.00e+00	0.00e+00	0.00e+00	0.00e+00	0.00e+00	1.57e-95
 5.23337e+13	1.40e-27	8.45e-20	5.38e-13	4.67e-07	8.75e-01	1.25e-01	2.38e-05	0.00e+00	0.00e+00	0.00e+00	0.00e+00	0.00e+00	2.77e-81
 5.40151e+13	1.79e-27	1.02e-19	6.17e-13	5.04e-07	8.82e-01	1.18e-01	2.10e-05	0.00e+00	0.00e+00	0.00e+00	0.00e+00	0.00e+00	8.49e-95
 5.55914e+13	2.23e-27	1.21e-19	6.99e-13	5.41e-07	8.88e-01	1.12e-01	1.86e-05	0.00e+00	0.00e+00	0.00e+00	0.00e+00	0.00e+00	9.30e-81
 5.73358e+13	2.82e-27	1.46e-19	7.98e-13	5.81e-07	8.95e-01	1.05e-01	1.65e-05	0.00e+00	0.00e+00	0.00e+00	0.00e+00	0.00e+00	3.75e-94
 5.92936e+13	3.66e-27	1.78e-19	9.21e-13	6.29e-07	9.01e-01	9.89e-02	1.44e-05	0.00e+00	0.00e+00	0.00e+00	0.00e+00	0.00e+00	3.46e-80
 6.11577e+13	4.63e-27	2.14e-19	1.05e-12	6.76e-07	9.07e-01	9.32e-02	1.27e-05	0.00e+00	0.00e+00	0.00e+00	0.00e+00	0.00e+00	1.88e-93
 6.32101e+13	5.98e-27	2.61e-19	1.21e-12	7.30e-07	9.13e-01	8.75e-02	1.11e-05	0.00e+00	0.00e+00	0.00e+00	0.00e+00	0.00e+00	1.28e-79
 6.55012e+13	7.86e-27	3.22e-19	1.40e-12	7.91e-07	9.18e-01	8.17e-02	9.63e-06	0.00e+00	0.00e+00	0.00e+00	0.00e+00	0.00e+00	1.05e-92
 6.76166e+13	1.00e-26	3.89e-19	1.60e-12	8.51e-07	9.23e-01	7.68e-02	8.47e-06	0.00e+00	0.00e+00	0.00e+00	0.00e+00	0.00e+00	5.09e-79
 6.95770e+13	1.25e-26	4.61e-19	1.81e-12	9.07e-07	9.27e-01	7.27e-02	7.55e-06	0.00e+00	0.00e+00	0.00e+00	0.00e+00	0.00e+00	4.80e-92
 7.18223e+13	1.60e-26	5.57e-19	2.06e-12	9.73e-07	9.32e-01	6.83e-02	6.65e-06	0.00e+00	0.00e+00	0.00e+00	0.00e+00	0.00e+00	1.78e-78
 7.45681e+13	2.14e-26	6.97e-19	2.41e-12	1.06e-06	9.36e-01	6.36e-02	5.72e-06	0.00e+00	0.00e+00	0.00e+00	0.00e+00	0.00e+00	2.77e-91
 7.73056e+13	2.82e-26	8.62e-19	2.80e-12	1.15e-06	9.41e-01	5.92e-02	4.94e-06	0.00e+00	0.00e+00	0.00e+00	0.00e+00	0.00e+00	8.21e-78
 7.96878e+13	3.57e-26	1.03e-18	3.17e-12	1.22e-06	9.44e-01	5.58e-02	4.38e-06	0.00e+00	0.00e+00	0.00e+00	0.00e+00	0.00e+00	1.48e-90
 8.22676e+13	4.58e-26	1.25e-18	3.62e-12	1.31e-06	9.48e-01	5.25e-02	3.86e-06	0.00e+00	0.00e+00	0.00e+00	0.00e+00	0.00e+00	3.05e-77
 8.54151e+13	6.16e-26	1.56e-18	4.22e-12	1.42e-06	9.51e-01	4.88e-02	3.33e-06	0.00e+00	0.00e+00	0.00e+00	0.00e+00	0.00e+00	8.67e-90
 8.86218e+13	8.18e-26	1.94e-18	4.90e-12	1.54e-06	9.55e-01	4.54e-02	2.87e-06	0.00e+00	0.00e+00	0.00e+00	0.00e+00	0.00e+00	1.47e-76
 9.15229e+13	1.05e-25	2.35e-18	5.59e-12	1.64e-06	9.57e-01	4.27e-02	2.52e-06	0.00e+00	0.00e+00	0.00e+00	0.00e+00	0.00e+00	2.93e-76
 9.47057e+13	1.38e-25	2.89e-18	6.42e-12	1.77e-06	9.60e-01	3.99e-02	2.21e-06	0.00e+00	0.00e+00	0.00e+00	0.00e+00	0.00e+00	6.11e-76
 9.84498e+13	1.87e-25	3.64e-18	7.52e-12	1.92e-06	9.63e-01	3.71e-02	1.89e-06	0.00e+00	0.00e+00	0.00e+00	0.00e+00	0.00e+00	1.41e-75
 1.02182e+14	2.50e-25	4.54e-18	8.74e-12	2.07e-06	9.66e-01	3.45e-02	1.63e-06	0.00e+00	0.00e+00	0.00e+00	0.00e+00	0.00e+00	3.11e-75
 1.05701e+14	3.27e-25	5.55e-18	1.00e-11	2.22e-06	9.68e-01	3.23e-02	1.43e-06	0.00e+00	0.00e+00	0.00e+00	0.00e+00	0.00e+00	6.49e-75
 1.09595e+14	4.37e-25	6.91e-18	1.16e-11	2.39e-06	9.70e-01	3.01e-02	1.24e-06	0.00e+00	0.00e+00	0.00e+00	0.00e+00	0.00e+00	1.43e-74
 1.14009e+14	5.95e-25	8.72e-18	1.36e-11	2.59e-06	9.72e-01	2.79e-02	1.06e-06	0.00e+00	0.00e+00	0.00e+00	0.00e+00	0.00e+00	3.33e-74
 1.18428e+14	8.08e-25	1.10e-17	1.58e-11	2.80e-06	9.74e-01	2.59e-02	9.16e-07	0.00e+00	0.00e+00	0.00e+00	0.00e+00	0.00e+00	7.74e-74
 1.23024e+14	1.09e-24	1.37e-17	1.84e-11	3.03e-06	9.76e-01	2.40e-02	0.00e+00	0.00e+00	0.00e+00	0.00e+00	0.00e+00	0.00e+00	1.75e-73
 1.27975e+14	1.49e-24	1.74e-17	2.16e-11	3.28e-06	9.78e-01	2.23e-02	0.00e+00	0.00e+00	0.00e+00	0.00e+00	0.00e+00	0.00e+00	4.15e-73
 1.33124e+14	2.04e-24	2.21e-17	2.53e-11	3.55e-06	9.79e-01	2.06e-02	0.00e+00	0.00e+00	0.00e+00	0.00e+00	0.00e+00	0.00e+00	9.89e-73
 1.38093e+14	2.73e-24	2.75e-17	2.93e-11	3.82e-06	9.81e-01	1.92e-02	0.00e+00	0.00e+00	0.00e+00	0.00e+00	0.00e+00	0.00e+00	2.20e-72
 1.42749e+14	3.55e-24	3.35e-17	3.34e-11	4.08e-06	9.82e-01	1.80e-02	0.00e+00	0.00e+00	0.00e+00	0.00e+00	0.00e+00	0.00e+00	4.54e-72
 1.47144e+14	4.50e-24	4.00e-17	3.77e-11	4.34e-06	9.83e-01	1.70e-02	0.00e+00	0.00e+00	0.00e+00	0.00e+00	0.00e+00	0.00e+00	8.69e-72
 1.51936e+14	5.81e-24	4.85e-17	4.28e-11	4.62e-06	9.84e-01	1.60e-02	0.00e+00	0.00e+00	0.00e+00	0.00e+00	1.56e-17	3.28e-17	1.76e-71
 1.57292e+14	7.66e-24	5.97e-17	4.92e-11	4.95e-06	9.85e-01	1.49e-02	0.00e+00	0.00e+00	0.00e+00	0.00e+00	1.98e-17	3.99e-17	3.78e-71
 1.62346e+14	9.84e-24	7.20e-17	5.58e-11	5.28e-06	9.86e-01	1.40e-02	0.00e+00	0.00e+00	0.00e+00	0.00e+00	2.39e-17	4.81e-17	7.51e-71
 1.67877e+14	1.28e-23	8.77e-17	6.38e-11	5.65e-06	9.87e-01	1.31e-02	0.00e+00	0.00e+00	0.00e+00	0.00e+00	2.91e-17	5.86e-17	1.54e-70
 1.74067e+14	1.71e-23	1.09e-16	7.37e-11	6.07e-06	9.88e-01	1.22e-02	0.00e+00	0.00e+00	0.00e+00	0.00e+00	3.62e-17	7.29e-17	3.44e-70
 1.79967e+14	2.21e-23	1.32e-16	8.42e-11	6.49e-06	9.89e-01	1.15e-02	0.00e+00	0.00e+00	0.00e+00	0.00e+00	4.40e-17	8.85e-17	6.95e-70
 1.86474e+14	2.93e-23	1.64e-16	9.70e-11	6.97e-06	9.89e-01	1.07e-02	0.00e+00	0.00e+00	0.00e+00	0.00e+00	5.43e-17	1.09e-16	1.51e-69
 1.93801e+14	3.98e-23	2.06e-16	1.13e-10	7.52e-06	9.90e-01	9.91e-03	0.00e+00	0.00e+00	0.00e+00	0.00e+00	6.84e-17	1.38e-16	3.52e-69
 2.00836e+14	5.24e-23	2.54e-16	1.31e-10	8.09e-06	9.91e-01	9.22e-03	0.00e+00	0.00e+00	0.00e+00	0.00e+00	8.42e-17	1.70e-16	7.48e-69
 2.08315e+14	7.02e-23	3.16e-16	1.51e-10	8.70e-06	9.91e-01	8.59e-03	0.00e+00	0.00e+00	0.00e+00	0.00e+00	1.05e-16	2.11e-16	1.68e-68
 2.16677e+14	9.50e-23	3.97e-16	1.77e-10	9.42e-06	9.92e-01	7.93e-03	0.00e+00	0.00e+00	0.00e+00	0.00e+00	1.32e-16	2.66e-16	3.84e-68
 2.24405e+14	1.25e-22	4.90e-16	2.03e-10	1.01e-05	9.93e-01	7.40e-03	0.00e+00	0.00e+00	0.00e+00	0.00e+00	1.63e-16	3.27e-16	8.25e-68
 2.31092e+14	1.57e-22	5.81e-16	2.29e-10	1.07e-05	9.93e-01	6.98e-03	0.00e+00	0.00e+00	0.00e+00	0.00e+00	1.93e-16	3.88e-16	1.52e-67
 2.38506e+14	2.01e-22	7.02e-16	2.60e-10	1.14e-05	9.93e-01	6.56e-03	0.00e+00	0.00e+00	0.00e+00	0.00e+00	2.33e-16	4.69e-16	3.05e-67
 2.47565e+14	2.67e-22	8.71e-16	3.02e-10	1.23e-05	9.94e-01	6.08e-03	0.00e+00	0.00e+00	0.00e+00	0.00e+00	2.89e-16	5.82e-16	6.60e-67
 2.56734e+14	3.57e-22	1.08e-15	3.49e-10	1.33e-05	9.94e-01	5.66e-03	0.00e+00	0.00e+00	0.00e+00	0.00e+00	3.60e-16	7.24e-16	1.47e-66
 2.64980e+14	4.54e-22	1.30e-15	3.97e-10	1.42e-05	9.95e-01	5.30e-03	0.00e+00	0.00e+00	0.00e+00	0.00e+00	4.31e-16	8.69e-16	2.82e-66
 2.74053e+14	5.87e-22	1.58e-15	4.54e-10	1.52e-05	9.95e-01	4.96e-03	0.00e+00	0.00e+00	0.00e+00	0.00e+00	5.25e-16	1.06e-15	5.75e-66
 2.84780e+14	7.91e-22	1.98e-15	5.30e-10	1.64e-05	9.95e-01	4.59e-03	0.00e+00	0.00e+00	0.00e+00	0.00e+00	6.58e-16	1.33e-15	1.30e-65
 2.95313e+14	1.05e-21	2.46e-15	6.13e-10	1.76e-05	9.96e-01	4.27e-03	0.00e+00	0.00e+00	0.00e+00	0.00e+00	8.16e-16	1.65e-15	2.85e-65
 3.04946e+14	1.34e-21	2.96e-15	6.99e-10	1.89e-05	9.96e-01	4.00e-03	0.00e+00	0.00e+00	0.00e+00	0.00e+00	9.81e-16	1.98e-15	5.51e-65
 3.15750e+14	1.75e-21	3.64e-15	8.03e-10	2.02e-05	9.96e-01	3.73e-03	0.00e+00	0.00e+00	0.00e+00	0.00e+00	1.21e-15	2.43e-15	1.17e-64
 3.28309e+14	2.34e-21	4.54e-15	9.41e-10	2.19e-05	9.97e-01	3.44e-03	0.00e+00	0.00e+00	0.00e+00	0.00e+00	1.50e-15	3.03e-15	2.57e-64
 3.40606e+14	3.11e-21	5.63e-15	1.09e-09	2.36e-05	9.97e-01	3.20e-03	0.00e+00	0.00e+00	0.00e+00	0.00e+00	1.87e-15	3.76e-15	5.63e-64
 3.52225e+14	4.03e-21	6.86e-15	1.25e-09	2.53e-05	9.97e-01	2.99e-03	0.00e+00	0.00e+00	0.00e+00	0.00e+00	2.28e-15	4.59e-15	1.15e-63
 3.65173e+14	5.29e-21	8.46e-15	1.44e-09	2.72e-05	9.97e-01	2.78e-03	0.00e+00	0.00e+00	0.00e+00	0.00e+00	2.80e-15	5.65e-15	2.45e-63
 3.79810e+14	7.06e-21	1.05e-14	1.69e-09	2.95e-05	9.97e-01	2.56e-03	0.00e+00	0.00e+00	0.00e+00	0.00e+00	3.50e-15	7.05e-15	5.41e-63
 3.94449e+14	9.48e-21	1.32e-14	1.96e-09	3.18e-05	9.98e-01	2.37e-03	0.00e+00	0.00e+00	0.00e+00	0.00e+00	4.37e-15	8.83e-15	1.22e-62
 4.08199e+14	1.21e-20	1.59e-14	2.26e-09	3.42e-05	9.98e-01	2.21e-03	0.00e+00	0.00e+00	0.00e+00	0.00e+00	5.28e-15	1.07e-14	2.39e-62
 4.23084e+14	1.59e-20	1.96e-14	2.60e-09	3.67e-05	9.98e-01	2.06e-03	0.00e+00	0.00e+00	0.00e+00	0.00e+00	6.50e-15	1.31e-14	5.08e-62
 4.39703e+14	2.13e-20	2.46e-14	3.04e-09	3.97e-05	9.98e-01	1.90e-03	0.00e+00	0.00e+00	0.00e+00	0.00e+00	8.14e-15	1.64e-14	1.15e-61
 4.55266e+14	2.76e-20	3.00e-14	3.49e-09	4.26e-05	9.98e-01	1.77e-03	0.00e+00	0.00e+00	0.00e+00	0.00e+00	9.92e-15	2.00e-14	2.35e-61
 4.69658e+14	3.44e-20	3.55e-14	3.96e-09	4.54e-05	9.98e-01	1.66e-03	0.00e+00	0.00e+00	0.00e+00	0.00e+00	1.18e-14	2.38e-14	4.32e-61
 4.83433e+14	4.31e-20	4.22e-14	4.44e-09	4.81e-05	9.98e-01	1.57e-03	0.00e+00	0.00e+00	0.00e+00	0.00e+00	1.40e-14	2.82e-14	8.06e-61
 4.98698e+14	5.38e-20	5.00e-14	5.03e-09	5.13e-05	9.98e-01	1.47e-03	0.00e+00	0.00e+00	0.00e+00	0.00e+00	1.66e-14	3.35e-14	1.48e-60
 5.15592e+14	6.92e-20	6.08e-14	5.75e-09	5.48e-05	9.99e-01	1.38e-03	0.00e+00	0.00e+00	0.00e+00	0.00e+00	2.01e-14	4.07e-14	3.01e-60
 5.31397e+14	8.58e-20	7.17e-14	6.49e-09	5.84e-05	9.99e-01	1.29e-03	0.00e+00	0.00e+00	0.00e+00	0.00e+00	2.37e-14	4.80e-14	5.43e-60
 5.48738e+14	1.09e-19	8.64e-14	7.38e-09	6.22e-05	9.99e-01	1.21e-03	0.00e+00	0.00e+00	0.00e+00	0.00e+00	2.86e-14	5.78e-14	1.07e-59
 5.68203e+14	1.40e-19	1.05e-13	8.49e-09	6.69e-05	9.99e-01	1.13e-03	0.00e+00	0.00e+00	0.00e+00	0.00e+00	3.46e-14	7.00e-14	2.11e-59
 5.86672e+14	1.78e-19	1.26e-13	9.64e-09	7.13e-05	9.99e-01	1.06e-03	0.00e+00	0.00e+00	0.00e+00	0.00e+00	4.16e-14	8.43e-14	4.15e-59
 6.06924e+14	2.26e-19	1.51e-13	1.11e-08	7.65e-05	9.99e-01	9.86e-04	0.00e+00	0.00e+00	0.00e+00	0.00e+00	5.00e-14	1.01e-13	8.01e-59
 6.29253e+14	2.96e-19	1.87e-13	1.28e-08	8.22e-05	9.99e-01	9.16e-04	0.00e+00	0.00e+00	0.00e+00	0.00e+00	6.17e-14	1.25e-13	1.71e-58
 6.49885e+14	3.70e-19	2.22e-13	1.45e-08	8.79e-05	9.99e-01	8.57e-04	0.00e+00	0.00e+00	0.00e+00	0.00e+00	7.33e-14	1.49e-13	3.17e-58
 6.72312e+14	4.74e-19	2.68e-13	1.66e-08	9.42e-05	9.99e-01	8.00e-04	0.00e+00	0.00e+00	0.00e+00	0.00e+00	8.87e-14	1.80e-13	6.31e-58
 6.97337e+14	6.12e-19	3.28e-13	1.93e-08	1.02e-04	9.99e-01	7.42e-04	0.00e+00	0.00e+00	0.00e+00	0.00e+00	1.08e-13	2.20e-13	1.29e-57
 7.20759e+14	7.85e-19	3.98e-13	2.20e-08	1.08e-04	9.99e-01	6.93e-04	0.00e+00	0.00e+00	0.00e+00	0.00e+00	1.31e-13	2.67e-13	2.60e-57
 7.46228e+14	9.94e-19	4.78e-13	2.53e-08	1.17e-04	9.99e-01	6.45e-04	0.00e+00	0.00e+00	0.00e+00	0.00e+00	1.58e-13	3.20e-13	5.01e-57
 7.74520e+14	1.31e-18	5.93e-13	2.93e-08	1.26e-04	9.99e-01	5.98e-04	0.00e+00	0.00e+00	0.00e+00	0.00e+00	1.96e-13	3.97e-13	1.09e-56
 8.01054e+14	1.64e-18	7.07e-13	3.36e-08	1.35e-04	9.99e-01	5.57e-04	0.00e+00	0.00e+00	0.00e+00	0.00e+00	2.33e-13	4.74e-13	2.04e-56
 8.29981e+14	2.13e-18	8.64e-13	3.87e-08	1.45e-04	9.99e-01	5.18e-04	0.00e+00	0.00e+00	0.00e+00	0.00e+00	2.85e-13	5.79e-13	4.21e-56
 8.62221e+14	2.76e-18	1.06e-12	4.51e-08	1.57e-04	9.99e-01	4.78e-04	0.00e+00	0.00e+00	0.00e+00	0.00e+00	3.50e-13	7.11e-13	8.73e-56
 8.92682e+14	3.55e-18	1.29e-12	5.19e-08	1.68e-04	9.99e-01	4.45e-04	0.00e+00	0.00e+00	0.00e+00	0.00e+00	4.26e-13	8.68e-13	1.79e-55
 9.25350e+14	4.51e-18	1.56e-12	5.99e-08	1.82e-04	9.99e-01	4.12e-04	0.00e+00	0.00e+00	0.00e+00	0.00e+00	5.14e-13	1.05e-12	3.50e-55
 9.61649e+14	5.93e-18	1.94e-12	6.99e-08	1.97e-04	9.99e-01	3.81e-04	0.00e+00	0.00e+00	0.00e+00	0.00e+00	6.39e-13	1.30e-12	7.63e-55
 9.97050e+14	7.52e-18	2.34e-12	8.10e-08	2.12e-04	9.99e-01	3.52e-04	0.00e+00	0.00e+00	0.00e+00	0.00e+00	7.71e-13	1.57e-12	1.48e-54
 1.03461e+15	9.78e-18	2.88e-12	9.39e-08	2.29e-04	9.99e-01	3.26e-04	0.00e+00	0.00e+00	0.00e+00	0.00e+00	9.46e-13	1.93e-12	3.11e-54
 1.07603e+15	1.28e-17	3.55e-12	1.10e-07	2.49e-04	9.99e-01	3.00e-04	0.00e+00	0.00e+00	0.00e+00	0.00e+00	1.17e-12	2.38e-12	6.59e-54
 1.11676e+15	1.64e-17	4.34e-12	1.28e-07	2.69e-04	9.99e-01	2.77e-04	0.00e+00	0.00e+00	0.00e+00	0.00e+00	1.43e-12	2.92e-12	1.36e-53
 1.15043e+15	1.98e-17	5.06e-12	1.44e-07	2.87e-04	9.99e-01	2.59e-04	0.00e+00	0.00e+00	0.00e+00	0.00e+00	1.66e-12	3.40e-12	2.32e-53
 1.17736e+15	2.32e-17	5.73e-12	1.58e-07	3.02e-04	9.99e-01	2.47e-04	0.00e+00	0.00e+00	0.00e+00	0.00e+00	1.88e-12	3.85e-12	3.63e-53
 1.20700e+15	2.74e-17	6.56e-12	1.75e-07	3.18e-04	9.99e-01	2.34e-04	0.00e+00	0.00e+00	0.00e+00	0.00e+00	2.16e-12	4.41e-12	5.91e-53
 1.24553e+15	3.37e-17	7.73e-12	1.99e-07	3.40e-04	9.99e-01	2.19e-04	0.00e+00	0.00e+00	0.00e+00	0.00e+00	2.54e-12	5.19e-12	1.06e-52
 1.28694e+15	4.17e-17	9.19e-12	2.27e-07	3.66e-04	9.99e-01	2.03e-04	0.00e+00	0.00e+00	0.00e+00	0.00e+00	3.02e-12	6.17e-12	1.96e-52
 1.32386e+15	5.03e-17	1.07e-11	2.55e-07	3.88e-04	9.99e-01	1.91e-04	0.00e+00	4.20e-18	1.26e-17	2.11e-17	3.52e-12	7.20e-12	3.40e-52
 1.36361e+15	6.09e-17	1.25e-11	2.87e-07	4.15e-04	9.99e-01	1.79e-04	0.00e+00	5.09e-18	1.53e-17	2.55e-17	4.10e-12	8.38e-12	5.87e-52
 1.41381e+15	7.72e-17	1.51e-11	3.33e-07	4.49e-04	9.99e-01	1.65e-04	0.00e+00	6.46e-18	1.94e-17	3.24e-17	4.96e-12	1.02e-11	1.17e-51
 1.46469e+15	9.68e-17	1.82e-11	3.84e-07	4.86e-04	9.99e-01	1.53e-04	0.00e+00	8.10e-18	2.43e-17	4.06e-17	5.97e-12	1.22e-11	2.27e-51
 1.50798e+15	1.17e-16	2.12e-11	4.32e-07	5.18e-04	9.99e-01	1.43e-04	0.00e+00	9.78e-18	2.94e-17	4.91e-17	6.95e-12	1.42e-11	3.94e-51
 1.55431e+15	1.41e-16	2.48e-11	4.89e-07	5.53e-04	9.99e-01	1.34e-04	0.00e+00	1.18e-17	3.56e-17	5.94e-17	8.15e-12	1.67e-11	7.01e-51
 1.61213e+15	1.79e-16	3.00e-11	5.67e-07	6.00e-04	9.99e-01	1.24e-04	0.00e+00	1.50e-17	4.51e-17	7.53e-17	9.86e-12	2.02e-11	1.40e-50
 1.67137e+15	2.26e-16	3.64e-11	6.57e-07	6.51e-04	9.99e-01	1.14e-04	0.00e+00	1.90e-17	5.70e-17	9.52e-17	1.19e-11	2.44e-11	2.80e-50
 1.72349e+15	2.74e-16	4.27e-11	7.44e-07	6.97e-04	9.99e-01	1.06e-04	0.00e+00	2.31e-17	6.93e-17	1.16e-16	1.40e-11	2.87e-11	5.04e-50
 1.77984e+15	3.32e-16	5.02e-11	8.47e-07	7.49e-04	9.99e-01	9.91e-05	0.00e+00	2.80e-17	8.40e-17	1.40e-16	1.65e-11	3.37e-11	9.15e-50
 1.84794e+15	4.24e-16	6.12e-11	9.87e-07	8.16e-04	9.99e-01	9.10e-05	0.00e+00	3.58e-17	1.07e-16	1.79e-16	2.01e-11	4.11e-11	1.90e-49
 1.91553e+15	5.32e-16	7.38e-11	1.14e-06	8.85e-04	9.99e-01	8.39e-05	0.00e+00	4.49e-17	1.35e-16	2.25e-16	2.42e-11	4.96e-11	3.81e-49
 1.97561e+15	6.46e-16	8.67e-11	1.29e-06	9.48e-04	9.99e-01	7.83e-05	0.00e+00	5.46e-17	1.64e-16	2.74e-16	2.84e-11	5.82e-11	6.95e-49
 2.04169e+15	7.91e-16	1.03e-10	1.48e-06	1.02e-03	9.99e-01	7.26e-05	0.00e+00	6.69e-17	2.01e-16	3.36e-16	3.36e-11	6.89e-11	1.31e-48
 2.12063e+15	1.00e-15	1.25e-10	1.72e-06	1.11e-03	9.99e-01	6.66e-05	0.00e+00	8.49e-17	2.55e-16	4.26e-16	4.10e-11	8.40e-11	2.75e-48
 2.19927e+15	1.26e-15	1.51e-10	1.99e-06	1.21e-03	9.99e-01	6.13e-05	0.00e+00	1.07e-16	3.20e-16	5.35e-16	4.95e-11	1.01e-10	5.61e-48
 2.27119e+15	1.52e-15	1.77e-10	2.27e-06	1.30e-03	9.99e-01	5.71e-05	0.00e+00	1.29e-16	3.87e-16	6.47e-16	5.82e-11	1.19e-10	1.04e-47
 2.35142e+15	1.92e-15	2.14e-10	2.61e-06	1.40e-03	9.99e-01	5.28e-05	0.00e+00	1.63e-16	4.89e-16	8.17e-16	7.03e-11	1.44e-10	2.13e-47
 2.44472e+15	2.44e-15	2.62e-10	3.05e-06	1.53e-03	9.98e-01	4.83e-05	0.00e+00	2.07e-16	6.23e-16	1.04e-15	8.61e-11	1.76e-10	4.68e-47
 2.53655e+15	3.08e-15	3.18e-10	3.54e-06	1.67e-03	9.98e-01	4.44e-05	0.00e+00	2.63e-16	7.88e-16	1.32e-15	1.05e-10	2.14e-10	1.00e-46
 2.62393e+15	3.81e-15	3.80e-10	4.05e-06	1.80e-03	9.98e-01	4.12e-05	0.00e+00	3.25e-16	9.75e-16	1.63e-15	1.25e-10	2.55e-10	2.00e-46
 2.70032e+15	4.55e-15	4.42e-10	4.54e-06	1.92e-03	9.98e-01	3.86e-05	0.00e+00	3.89e-16	1.17e-15	1.95e-15	1.45e-10	2.97e-10	3.62e-46
 2.76366e+15	5.28e-15	4.99e-10	4.98e-06	2.02e-03	9.98e-01	3.66e-05	0.00e+00	4.52e-16	1.36e-15	2.26e-15	1.64e-10	3.35e-10	5.90e-46
 2.83366e+15	6.19e-15	5.70e-10	5.51e-06	2.14e-03	9.98e-01	3.46e-05	0.00e+00	5.29e-16	1.59e-15	2.65e-15	1.87e-10	3.83e-10	9.98e-46
 2.92467e+15	7.49e-15	6.72e-10	6.25e-06	2.30e-03	9.98e-01	3.22e-05	0.00e+00	6.41e-16	1.93e-15	3.21e-15	2.21e-10	4.51e-10	1.92e-45
 3.02011e+15	9.07e-15	7.91e-10	7.10e-06	2.47e-03	9.97e-01	3.01e-05	0.00e+00	7.77e-16	2.33e-15	3.90e-15	2.60e-10	5.31e-10	3.64e-45
 3.10221e+15	1.08e-14	9.14e-10	7.91e-06	2.62e-03	9.97e-01	2.83e-05	0.00e+00	9.24e-16	2.77e-15	4.63e-15	3.01e-10	6.13e-10	6.48e-45
 3.18986e+15	1.28e-14	1.06e-09	8.84e-06	2.79e-03	9.97e-01	2.66e-05	0.00e+00	1.10e-15	3.30e-15	5.52e-15	3.49e-10	7.11e-10	1.17e-44
 3.30380e+15	1.64e-14	1.29e-09	1.02e-05	3.02e-03	9.97e-01	2.46e-05	0.00e+00	1.41e-15	4.24e-15	7.07e-15	4.26e-10	8.68e-10	2.60e-44
 3.42099e+15	1.99e-14	1.54e-09	1.17e-05	3.27e-03	9.97e-01	2.28e-05	0.00e+00	1.72e-15	5.15e-15	8.61e-15	5.06e-10	1.03e-09	5.14e-44
 3.51885e+15	2.39e-14	1.80e-09	1.31e-05	3.48e-03	9.96e-01	2.14e-05	0.00e+00	2.06e-15	6.19e-15	1.03e-14	5.91e-10	1.20e-09	9.52e-44
 3.62255e+15	2.88e-14	2.10e-09	1.47e-05	3.72e-03	9.96e-01	2.01e-05	0.00e+00	2.49e-15	7.46e-15	1.25e-14	6.92e-10	1.41e-09	1.77e-43
 3.75480e+15	3.72e-14	2.59e-09	1.69e-05	4.03e-03	9.96e-01	1.86e-05	0.00e+00	3.22e-15	9.65e-15	1.61e-14	8.52e-10	1.73e-09	4.07e-43
 3.89341e+15	4.56e-14	3.10e-09	1.96e-05	4.36e-03	9.96e-01	1.72e-05	0.00e+00	3.95e-15	1.19e-14	1.98e-14	1.02e-09	2.08e-09	8.26e-43
 4.01653e+15	5.58e-14	3.69e-09	2.22e-05	4.68e-03	9.95e-01	1.61e-05	0.00e+00	4.84e-15	1.45e-14	2.42e-14	1.21e-09	2.47e-09	1.65e-42
 4.15027e+15	6.89e-14	4.41e-09	2.52e-05	5.03e-03	9.95e-01	1.50e-05	0.00e+00	5.97e-15	1.79e-14	2.99e-14	1.45e-09	2.95e-09	3.34e-42
 4.31039e+15	9.05e-14	5.52e-09	2.94e-05	5.48e-03	9.94e-01	1.38e-05	0.00e+00	7.86e-15	2.36e-14	3.94e-14	1.82e-09	3.70e-09	8.10e-42
 4.46907e+15	1.13e-13	6.72e-09	3.39e-05	5.93e-03	9.94e-01	1.28e-05	0.00e+00	9.83e-15	2.95e-14	4.93e-14	2.22e-09	4.50e-09	1.73e-41
 4.61231e+15	1.37e-13	7.92e-09	3.85e-05	6.36e-03	9.94e-01	1.20e-05	0.00e+00	1.19e-14	3.57e-14	5.96e-14	2.61e-09	5.31e-09	3.26e-41
 4.77125e+15	1.70e-13	9.55e-09	4.40e-05	6.85e-03	9.93e-01	1.12e-05	0.00e+00	1.48e-14	4.43e-14	7.40e-14	3.15e-09	6.40e-09	6.52e-41
 4.95831e+15	2.22e-13	1.20e-08	5.14e-05	7.47e-03	9.92e-01	1.03e-05	0.00e+00	1.94e-14	5.83e-14	9.72e-14	3.98e-09	8.06e-09	1.61e-40
 5.14301e+15	2.84e-13	1.48e-08	5.95e-05	8.09e-03	9.92e-01	9.62e-06	0.00e+00	2.48e-14	7.44e-14	1.24e-13	4.90e-09	9.93e-09	3.50e-40
 5.31538e+15	3.52e-13	1.79e-08	6.79e-05	8.70e-03	9.91e-01	9.01e-06	0.00e+00	3.08e-14	9.23e-14	1.54e-13	5.90e-09	1.20e-08	7.10e-40
 5.50831e+15	4.41e-13	2.18e-08	7.83e-05	9.41e-03	9.91e-01	8.41e-06	0.00e+00	3.86e-14	1.16e-13	1.93e-13	7.19e-09	1.46e-08	1.49e-39
 5.72867e+15	5.74e-13	2.73e-08	9.17e-05	1.03e-02	9.90e-01	7.81e-06	0.00e+00	5.04e-14	1.51e-13	2.52e-13	9.04e-09	1.83e-08	3.54e-39
 5.94558e+15	7.28e-13	3.37e-08	1.07e-04	1.11e-02	9.89e-01	7.29e-06	0.00e+00	6.39e-14	1.92e-13	3.20e-13	1.11e-08	2.26e-08	7.61e-39
 6.12228e+15	8.86e-13	4.00e-08	1.20e-04	1.19e-02	9.88e-01	6.91e-06	0.00e+00	7.79e-14	2.34e-13	3.90e-13	1.32e-08	2.68e-08	1.44e-38
 6.25994e+15	1.03e-12	4.55e-08	1.31e-04	1.25e-02	9.87e-01	6.65e-06	0.00e+00	9.04e-14	2.71e-13	4.52e-13	1.51e-08	3.05e-08	2.31e-38
 6.41068e+15	1.20e-12	5.22e-08	1.44e-04	1.31e-02	9.87e-01	6.37e-06	0.00e+00	1.06e-13	3.17e-13	5.30e-13	1.73e-08	3.49e-08	3.81e-38
 6.60664e+15	1.44e-12	6.12e-08	1.63e-04	1.40e-02	9.86e-01	6.05e-06	0.00e+00	1.27e-13	3.81e-13	6.36e-13	2.02e-08	4.09e-08	6.61e-38
 6.81940e+15	1.81e-12	7.47e-08	1.86e-04	1.50e-02	9.85e-01	5.73e-06	0.00e+00	1.60e-13	4.79e-13	7.99e-13	2.47e-08	5.00e-08	1.34e-37
 7.01014e+15	2.18e-12	8.79e-08	2.08e-04	1.60e-02	9.84e-01	5.49e-06	0.00e+00	1.93e-13	5.78e-13	9.65e-13	2.91e-08	5.88e-08	2.37e-37
 7.21422e+15	2.63e-12	1.04e-07	2.33e-04	1.70e-02	9.83e-01	5.24e-06	0.00e+00	2.33e-13	6.98e-13	1.16e-12	3.43e-08	6.92e-08	4.23e-37
 7.47618e+15	3.38e-12	1.28e-07	2.70e-04	1.84e-02	9.81e-01	4.97e-06	0.00e+00	2.99e-13	8.97e-13	1.50e-12	4.25e-08	8.58e-08	9.11e-37
 7.74155e+15	4.19e-12	1.54e-07	3.11e-04	1.98e-02	9.80e-01	4.71e-06	0.00e+00	3.71e-13	1.11e-12	1.85e-12	5.12e-08	1.03e-07	1.69e-36
 7.96226e+15	5.06e-12	1.83e-07	3.49e-04	2.11e-02	9.79e-01	4.52e-06	0.00e+00	4.47e-13	1.34e-12	2.24e-12	6.06e-08	1.22e-07	3.04e-36
 8.19674e+15	6.25e-12	2.20e-07	3.94e-04	2.25e-02	9.77e-01	4.35e-06	0.00e+00	5.54e-13	1.66e-12	2.77e-12	7.29e-08	1.47e-07	5.82e-36
 8.49588e+15	8.06e-12	2.74e-07	4.57e-04	2.44e-02	9.75e-01	4.15e-06	0.00e+00	7.15e-13	2.14e-12	3.58e-12	9.07e-08	1.83e-07	1.24e-35
 8.80087e+15	1.02e-11	3.36e-07	5.29e-04	2.63e-02	9.73e-01	3.97e-06	0.00e+00	9.01e-13	2.70e-12	4.51e-12	1.11e-07	2.25e-07	2.42e-35
 9.06212e+15	1.23e-11	3.96e-07	5.98e-04	2.80e-02	9.71e-01	3.83e-06	0.00e+00	1.10e-12	3.29e-12	5.48e-12	1.31e-07	2.65e-07	4.17e-35
 9.34469e+15	1.52e-11	4.76e-07	6.81e-04	3.00e-02	9.69e-01	3.69e-06	0.00e+00	1.35e-12	4.06e-12	6.77e-12	1.58e-07	3.18e-07	7.67e-35
 9.69450e+15	2.01e-11	6.08e-07	7.96e-04	3.27e-02	9.67e-01	3.56e-06	0.00e+00	1.79e-12	5.37e-12	8.96e-12	2.02e-07	4.06e-07	1.74e-34
 1.00402e+16	2.56e-11	7.52e-07	9.24e-04	3.53e-02	9.64e-01	3.43e-06	0.00e+00	2.28e-12	6.84e-12	1.14e-11	2.49e-07	5.02e-07	3.43e-34
 1.03352e+16	3.14e-11	8.98e-07	1.05e-03	3.77e-02	9.61e-01	3.34e-06	0.00e+00	2.80e-12	8.39e-12	1.40e-11	2.98e-07	6.00e-07	6.00e-34
 1.06562e+16	3.92e-11	1.09e-06	1.19e-03	4.04e-02	9.58e-01	3.24e-06	0.00e+00	3.50e-12	1.05e-11	1.75e-11	3.60e-07	7.26e-07	1.11e-33
 1.10543e+16	5.06e-11	1.34e-06	1.40e-03	4.39e-02	9.55e-01	3.13e-06	0.00e+00	4.51e-12	1.35e-11	2.26e-11	4.43e-07	8.93e-07	2.07e-33
 1.14450e+16	6.62e-11	1.70e-06	1.63e-03	4.76e-02	9.51e-01	3.06e-06	0.00e+00	5.91e-12	1.77e-11	2.96e-11	5.64e-07	1.14e-06	4.48e-33
 1.17618e+16	8.00e-11	2.02e-06	1.84e-03	5.07e-02	9.47e-01	3.00e-06	0.00e+00	7.15e-12	2.14e-11	3.58e-11	6.69e-07	1.35e-06	7.47e-33
 1.20904e+16	9.85e-11	2.40e-06	2.09e-03	5.41e-02	9.44e-01	2.93e-06	0.00e+00	8.81e-12	2.64e-11	4.41e-11	7.96e-07	1.60e-06	1.26e-32
 1.25174e+16	1.27e-10	2.95e-06	2.45e-03	5.87e-02	9.39e-01	2.86e-06	0.00e+00	1.14e-11	3.41e-11	5.69e-11	9.80e-07	1.97e-06	2.32e-32
 1.29270e+16	1.64e-10	3.72e-06	2.84e-03	6.36e-02	9.34e-01	2.81e-06	0.00e+00	1.47e-11	4.41e-11	7.36e-11	1.24e-06	2.49e-06	4.73e-32
 1.32116e+16	1.94e-10	4.29e-06	3.14e-03	6.70e-02	9.30e-01	2.78e-06	0.00e+00	1.74e-11	5.21e-11	8.69e-11	1.42e-06	2.86e-06	7.08e-32
 1.34794e+16	2.27e-10	4.91e-06	3.46e-03	7.05e-02	9.26e-01	2.75e-06	0.00e+00	2.04e-11	6.11e-11	1.02e-10	1.63e-06	3.28e-06	1.05e-31
 1.38276e+16	2.79e-10	5.82e-06	3.92e-03	7.51e-02	9.21e-01	2.71e-06	0.00e+00	2.50e-11	7.50e-11	1.25e-10	1.93e-06	3.88e-06	1.71e-31
 1.42098e+16	3.47e-10	7.04e-06	4.48e-03	8.06e-02	9.15e-01	2.68e-06	0.00e+00	3.12e-11	9.36e-11	1.56e-10	2.34e-06	4.70e-06	3.00e-31
 1.45579e+16	4.23e-10	8.33e-06	5.05e-03	8.58e-02	9.09e-01	2.65e-06	0.00e+00	3.81e-11	1.14e-10	1.90e-10	2.77e-06	5.56e-06	4.79e-31
 1.49319e+16	5.24e-10	9.80e-06	5.75e-03	9.16e-02	9.03e-01	2.62e-06	0.00e+00	4.71e-11	1.41e-10	2.36e-10	3.26e-06	6.54e-06	7.40e-31
 1.53433e+16	6.66e-10	1.22e-05	6.64e-03	9.88e-02	8.95e-01	2.60e-06	0.00e+00	6.00e-11	1.80e-10	3.00e-10	4.05e-06	8.13e-06	1.40e-30
 1.57072e+16	8.17e-10	1.45e-05	7.51e-03	1.05e-01	8.87e-01	2.58e-06	0.00e+00	7.36e-11	2.21e-10	3.68e-10	4.81e-06	9.65e-06	2.23e-30
 1.60293e+16	9.83e-10	1.68e-05	8.39e-03	1.11e-01	8.80e-01	2.57e-06	0.00e+00	8.87e-11	2.66e-10	4.44e-10	5.58e-06	1.12e-05	3.31e-30
 1.63930e+16	1.20e-09	1.97e-05	9.52e-03	1.19e-01	8.72e-01	2.55e-06	0.00e+00	1.09e-10	3.26e-10	5.44e-10	6.55e-06	1.31e-05	5.08e-30
 1.67973e+16	1.54e-09	2.44e-05	1.10e-02	1.28e-01	8.61e-01	2.54e-06	0.00e+00	1.39e-10	4.18e-10	6.96e-10	8.13e-06	1.63e-05	9.48e-30
 1.71660e+16	1.90e-09	2.90e-05	1.25e-02	1.36e-01	8.51e-01	2.53e-06	0.00e+00	1.72e-10	5.15e-10	8.59e-10	9.63e-06	1.93e-05	1.46e-29
 1.75028e+16	2.30e-09	3.36e-05	1.40e-02	1.45e-01	8.41e-01	2.53e-06	0.00e+00	2.08e-10	6.24e-10	1.04e-09	1.12e-05	2.24e-05	2.16e-29
 1.78358e+16	2.79e-09	3.95e-05	1.58e-02	1.54e-01	8.30e-01	2.52e-06	0.00e+00	2.53e-10	7.58e-10	1.26e-09	1.32e-05	2.64e-05	3.31e-29
 1.81659e+16	3.50e-09	4.79e-05	1.79e-02	1.64e-01	8.19e-01	2.55e-06	0.00e+00	3.17e-10	9.51e-10	1.59e-09	1.59e-05	3.20e-05	5.79e-29
 1.84860e+16	4.23e-09	5.58e-05	2.01e-02	1.73e-01	8.07e-01	2.55e-06	4.88e-12	3.84e-10	1.15e-09	1.92e-09	1.86e-05	3.72e-05	8.53e-29
 1.88450e+16	5.36e-09	6.81e-05	2.31e-02	1.86e-01	7.91e-01	2.56e-06	0.00e+00	4.87e-10	1.46e-09	2.43e-09	2.26e-05	4.54e-05	1.50e-28
 1.92148e+16	6.76e-09	8.18e-05	2.66e-02	1.99e-01	7.75e-01	2.58e-06	0.00e+00	6.15e-10	1.84e-09	3.07e-09	2.72e-05	5.45e-05	2.37e-28
 1.95197e+16	8.17e-09	9.47e-05	2.99e-02	2.10e-01	7.60e-01	2.59e-06	0.00e+00	7.43e-10	2.23e-09	3.71e-09	3.15e-05	6.31e-05	3.46e-28
 1.98370e+16	1.01e-08	1.13e-04	3.41e-02	2.24e-01	7.42e-01	2.60e-06	0.00e+00	9.22e-10	2.76e-09	4.61e-09	3.75e-05	7.52e-05	5.50e-28
 2.01756e+16	1.32e-08	1.41e-04	3.94e-02	2.40e-01	7.20e-01	2.67e-06	0.00e+00	1.20e-09	3.61e-09	6.02e-09	4.70e-05	9.42e-05	1.07e-27
 2.04579e+16	1.62e-08	1.66e-04	4.44e-02	2.54e-01	7.01e-01	2.71e-06	6.74e-12	1.48e-09	4.43e-09	7.38e-09	5.54e-05	1.11e-04	1.66e-27
 2.06989e+16	1.94e-08	1.93e-04	4.94e-02	2.67e-01	6.83e-01	2.75e-06	0.00e+00	1.77e-09	5.32e-09	8.87e-09	6.42e-05	1.29e-04	2.50e-27
