#depth	He	He+	He+2
 1.49634e+10	1.79e-23	1.89e-12	1.00e+00
 4.54887e+10	1.98e-23	2.04e-12	1.00e+00
 7.72350e+10	2.19e-23	2.21e-12	1.00e+00
 1.10251e+11	2.43e-23	2.39e-12	1.00e+00
 1.43209e+11	2.68e-23	2.58e-12	1.00e+00
 1.77484e+11	2.96e-23	2.79e-12	1.00e+00
 2.14510e+11	3.28e-23	3.02e-12	1.00e+00
 2.53018e+11	3.65e-23	3.27e-12	1.00e+00
 2.93065e+11	4.05e-23	3.53e-12	1.00e+00
 3.34714e+11	4.51e-23	3.83e-12	1.00e+00
 3.78030e+11	5.02e-23	4.14e-12	1.00e+00
 4.23078e+11	5.59e-23	4.49e-12	1.00e+00
 4.69928e+11	6.24e-23	4.86e-12	1.00e+00
 5.18652e+11	6.98e-23	5.27e-12	1.00e+00
 5.69324e+11	7.80e-23	5.70e-12	1.00e+00
 6.22024e+11	8.74e-23	6.18e-12	1.00e+00
 6.76832e+11	9.81e-23	6.70e-12	1.00e+00
 7.29867e+11	1.09e-22	7.22e-12	1.00e+00
 7.78321e+11	1.20e-22	7.71e-12	1.00e+00
 8.32052e+11	1.34e-22	8.28e-12	1.00e+00
 8.94633e+11	1.51e-22	8.98e-12	1.00e+00
 9.56660e+11	1.69e-22	9.69e-12	1.00e+00
 1.01620e+12	1.88e-22	1.04e-11	1.00e+00
 1.08181e+12	2.11e-22	1.12e-11	1.00e+00
 1.15501e+12	2.39e-22	1.22e-11	1.00e+00
 1.22935e+12	2.71e-22	1.32e-11	1.00e+00
 1.30667e+12	3.07e-22	1.43e-11	1.00e+00
 1.38887e+12	3.50e-22	1.55e-11	1.00e+00
 1.47435e+12	3.99e-22	1.69e-11	1.00e+00
 1.56325e+12	4.56e-22	1.83e-11	1.00e+00
 1.65571e+12	5.22e-22	1.99e-11	1.00e+00
 1.75186e+12	5.98e-22	2.16e-11	1.00e+00
 1.85186e+12	6.86e-22	2.35e-11	1.00e+00
 1.94565e+12	7.78e-22	2.54e-11	1.00e+00
 2.02913e+12	8.66e-22	2.71e-11	1.00e+00
 2.12268e+12	9.73e-22	2.92e-11	1.00e+00
 2.23404e+12	1.12e-21	3.17e-11	1.00e+00
 2.34618e+12	1.28e-21	3.43e-11	1.00e+00
 2.45088e+12	1.44e-21	3.69e-11	1.00e+00
 2.56691e+12	1.64e-21	3.99e-11	1.00e+00
 2.69951e+12	1.90e-21	4.36e-11	1.00e+00
 2.83111e+12	2.19e-21	4.73e-11	1.00e+00
 2.96797e+12	2.52e-21	5.15e-11	1.00e+00
 3.11662e+12	2.92e-21	5.63e-11	1.00e+00
 3.26779e+12	3.37e-21	6.13e-11	1.00e+00
 3.40843e+12	3.85e-21	6.63e-11	1.00e+00
 3.53825e+12	4.32e-21	7.12e-11	1.00e+00
 3.68677e+12	4.91e-21	7.70e-11	1.00e+00
 3.86109e+12	5.70e-21	8.42e-11	1.00e+00
 4.03384e+12	6.57e-21	9.17e-11	1.00e+00
 4.19548e+12	7.45e-21	9.91e-11	1.00e+00
 4.37520e+12	8.53e-21	1.08e-10	1.00e+00
 4.58013e+12	9.93e-21	1.18e-10	1.00e+00
 4.78195e+12	1.15e-20	1.29e-10	1.00e+00
 4.99183e+12	1.32e-20	1.41e-10	1.00e+00
 5.22143e+12	1.53e-20	1.55e-10	1.00e+00
 5.45226e+12	1.77e-20	1.71e-10	1.00e+00
 5.69232e+12	2.04e-20	1.87e-10	1.00e+00
 5.94994e+12	2.36e-20	2.06e-10	1.00e+00
 6.20568e+12	2.72e-20	2.26e-10	1.00e+00
 6.47164e+12	3.12e-20	2.49e-10	1.00e+00
 6.76043e+12	3.60e-20	2.75e-10	1.00e+00
 7.06078e+12	4.15e-20	3.03e-10	1.00e+00
 7.37313e+12	4.78e-20	3.35e-10	1.00e+00
 7.69799e+12	5.50e-20	3.71e-10	1.00e+00
 7.99115e+12	6.20e-20	4.05e-10	1.00e+00
 8.23434e+12	6.82e-20	4.35e-10	1.00e+00
 8.50029e+12	7.53e-20	4.69e-10	1.00e+00
 8.83859e+12	8.50e-20	5.16e-10	1.00e+00
 9.19219e+12	9.62e-20	5.67e-10	1.00e+00
 9.50410e+12	1.07e-19	6.15e-10	1.00e+00
 9.79275e+12	1.17e-19	6.62e-10	1.00e+00
 1.01202e+13	1.29e-19	7.18e-10	1.00e+00
 1.05263e+13	1.45e-19	7.91e-10	1.00e+00
 1.09319e+13	1.63e-19	8.69e-10	1.00e+00
 1.12795e+13	1.79e-19	9.39e-10	1.00e+00
 1.16543e+13	1.97e-19	1.02e-09	1.00e+00
 1.21184e+13	2.21e-19	1.12e-09	1.00e+00
 1.25956e+13	2.48e-19	1.24e-09	1.00e+00
 1.30268e+13	2.74e-19	1.34e-09	1.00e+00
 1.35014e+13	3.05e-19	1.47e-09	1.00e+00
 1.40600e+13	3.45e-19	1.62e-09	1.00e+00
 1.46183e+13	3.89e-19	1.79e-09	1.00e+00
 1.51490e+13	4.36e-19	1.95e-09	1.00e+00
 1.57350e+13	4.92e-19	2.14e-09	1.00e+00
 1.63943e+13	5.64e-19	2.37e-09	1.00e+00
 1.70539e+13	6.44e-19	2.60e-09	1.00e+00
 1.76383e+13	7.23e-19	2.83e-09	1.00e+00
 1.81287e+13	7.97e-19	3.02e-09	1.00e+00
 1.86566e+13	8.82e-19	3.24e-09	1.00e+00
 1.93428e+13	1.01e-18	3.53e-09	1.00e+00
 2.00607e+13	1.15e-18	3.85e-09	1.00e+00
 2.06733e+13	1.29e-18	4.14e-09	1.00e+00
 2.13230e+13	1.45e-18	4.46e-09	1.00e+00
 2.21390e+13	1.68e-18	4.88e-09	1.00e+00
 2.29789e+13	1.95e-18	5.33e-09	1.00e+00
 2.37204e+13	2.22e-18	5.75e-09	1.00e+00
 2.45259e+13	2.54e-18	6.22e-09	1.00e+00
 2.54142e+13	2.95e-18	6.76e-09	1.00e+00
 2.62317e+13	3.36e-18	7.28e-09	1.00e+00
 2.71161e+13	3.86e-18	7.87e-09	1.00e+00
 2.81030e+13	4.50e-18	8.56e-09	1.00e+00
 2.90285e+13	5.17e-18	9.23e-09	1.00e+00
 3.00367e+13	5.98e-18	9.99e-09	1.00e+00
 3.11566e+13	7.01e-18	1.09e-08	1.00e+00
 3.22018e+13	8.09e-18	1.17e-08	1.00e+00
 3.33404e+13	9.40e-18	1.27e-08	1.00e+00
 3.46140e+13	1.11e-17	1.39e-08	1.00e+00
 3.58157e+13	1.29e-17	1.50e-08	1.00e+00
 3.71302e+13	1.50e-17	1.63e-08	1.00e+00
 3.86023e+13	1.78e-17	1.78e-08	1.00e+00
 3.99988e+13	2.08e-17	1.92e-08	1.00e+00
 4.14940e+13	2.44e-17	2.09e-08	1.00e+00
 4.31837e+13	2.91e-17	2.28e-08	1.00e+00
 4.48594e+13	3.44e-17	2.49e-08	1.00e+00
 4.66022e+13	4.06e-17	2.71e-08	1.00e+00
 4.84962e+13	4.82e-17	2.95e-08	1.00e+00
 5.04660e+13	5.72e-17	3.22e-08	1.00e+00
 5.23337e+13	6.69e-17	3.49e-08	1.00e+00
 5.40151e+13	7.67e-17	3.74e-08	1.00e+00
 5.55914e+13	8.68e-17	3.98e-08	1.00e+00
 5.73358e+13	9.90e-17	4.25e-08	1.00e+00
 5.92936e+13	1.14e-16	4.57e-08	1.00e+00
 6.11577e+13	1.30e-16	4.88e-08	1.00e+00
 6.32101e+13	1.50e-16	5.24e-08	1.00e+00
 6.55012e+13	1.74e-16	5.65e-08	1.00e+00
 6.76166e+13	1.99e-16	6.04e-08	1.00e+00
 6.95770e+13	2.24e-16	6.41e-08	1.00e+00
 7.18223e+13	2.55e-16	6.85e-08	1.00e+00
 7.45681e+13	2.98e-16	7.41e-08	1.00e+00
 7.73056e+13	3.47e-16	8.00e-08	1.00e+00
 7.96878e+13	3.92e-16	8.51e-08	1.00e+00
 8.22676e+13	4.47e-16	9.08e-08	1.00e+00
 8.54151e+13	5.20e-16	9.80e-08	1.00e+00
 8.86218e+13	6.05e-16	1.06e-07	1.00e+00
 9.15229e+13	6.88e-16	1.13e-07	1.00e+00
 9.47057e+13	7.89e-16	1.21e-07	1.00e+00
 9.84498e+13	9.20e-16	1.31e-07	1.00e+00
 1.02182e+14	1.07e-15	1.41e-07	1.00e+00
 1.05701e+14	1.22e-15	1.51e-07	1.00e+00
 1.09595e+14	1.41e-15	1.62e-07	1.00e+00
 1.14009e+14	1.65e-15	1.75e-07	1.00e+00
 1.18428e+14	1.91e-15	1.89e-07	1.00e+00
 1.23024e+14	2.22e-15	2.04e-07	1.00e+00
 1.27975e+14	2.59e-15	2.20e-07	1.00e+00
 1.33124e+14	3.01e-15	2.38e-07	1.00e+00
 1.38093e+14	3.48e-15	2.56e-07	1.00e+00
 1.42749e+14	3.95e-15	2.73e-07	1.00e+00
 1.47144e+14	4.45e-15	2.90e-07	1.00e+00
 1.51936e+14	5.04e-15	3.09e-07	1.00e+00
 1.57292e+14	5.75e-15	3.31e-07	1.00e+00
 1.62346e+14	6.51e-15	3.52e-07	1.00e+00
 1.67877e+14	7.42e-15	3.76e-07	1.00e+00
 1.74067e+14	8.52e-15	4.04e-07	1.00e+00
 1.79967e+14	9.72e-15	4.32e-07	1.00e+00
 1.86474e+14	1.11e-14	4.63e-07	1.00e+00
 1.93801e+14	1.29e-14	5.00e-07	1.00e+00
 2.00836e+14	1.49e-14	5.37e-07	1.00e+00
 2.08315e+14	1.71e-14	5.77e-07	1.00e+00
 2.16677e+14	2.00e-14	6.24e-07	1.00e+00
 2.24405e+14	2.28e-14	6.69e-07	1.00e+00
 2.31092e+14	2.57e-14	7.11e-07	1.00e+00
 2.38506e+14	2.90e-14	7.57e-07	1.00e+00
 2.47565e+14	3.36e-14	8.17e-07	1.00e+00
 2.56734e+14	3.86e-14	8.78e-07	1.00e+00
 2.64980e+14	4.37e-14	9.37e-07	1.00e+00
 2.74053e+14	4.97e-14	1.00e-06	1.00e+00
 2.84780e+14	5.78e-14	1.09e-06	1.00e+00
 2.95313e+14	6.64e-14	1.17e-06	1.00e+00
 3.04946e+14	7.52e-14	1.25e-06	1.00e+00
 3.15750e+14	8.59e-14	1.34e-06	1.00e+00
 3.28309e+14	1.00e-13	1.45e-06	1.00e+00
 3.40606e+14	1.15e-13	1.56e-06	1.00e+00
 3.52225e+14	1.31e-13	1.67e-06	1.00e+00
 3.65173e+14	1.50e-13	1.80e-06	1.00e+00
 3.79810e+14	1.74e-13	1.95e-06	1.00e+00
 3.94449e+14	2.01e-13	2.10e-06	1.00e+00
 4.08199e+14	2.28e-13	2.26e-06	1.00e+00
 4.23084e+14	2.61e-13	2.43e-06	1.00e+00
 4.39703e+14	3.01e-13	2.62e-06	1.00e+00
 4.55266e+14	3.43e-13	2.82e-06	1.00e+00
 4.69658e+14	3.84e-13	3.00e-06	1.00e+00
 4.83433e+14	4.27e-13	3.18e-06	1.00e+00
 4.98698e+14	4.79e-13	3.39e-06	1.00e+00
 5.15592e+14	5.41e-13	3.63e-06	1.00e+00
 5.31397e+14	6.04e-13	3.86e-06	1.00e+00
 5.48738e+14	6.78e-13	4.12e-06	1.00e+00
 5.68203e+14	7.70e-13	4.43e-06	1.00e+00
 5.86672e+14	8.63e-13	4.72e-06	1.00e+00
 6.06924e+14	9.76e-13	5.06e-06	1.00e+00
 6.29253e+14	1.11e-12	5.44e-06	1.00e+00
 6.49885e+14	1.25e-12	5.82e-06	1.00e+00
 6.72312e+14	1.40e-12	6.24e-06	1.00e+00
 6.97337e+14	1.59e-12	6.72e-06	1.00e+00
 7.20759e+14	1.79e-12	7.18e-06	1.00e+00
 7.46228e+14	2.02e-12	7.72e-06	1.00e+00
 7.74520e+14	2.30e-12	8.33e-06	1.00e+00
 8.01054e+14	2.59e-12	8.94e-06	1.00e+00
 8.29981e+14	2.93e-12	9.61e-06	1.00e+00
 8.62221e+14	3.35e-12	1.04e-05	1.00e+00
 8.92682e+14	3.77e-12	1.12e-05	1.00e+00
 9.25350e+14	4.28e-12	1.20e-05	1.00e+00
 9.61649e+14	4.89e-12	1.30e-05	1.00e+00
 9.97050e+14	5.56e-12	1.41e-05	1.00e+00
 1.03461e+15	6.33e-12	1.52e-05	1.00e+00
 1.07603e+15	7.28e-12	1.66e-05	1.00e+00
 1.11676e+15	8.26e-12	1.79e-05	1.00e+00
 1.15043e+15	9.20e-12	1.91e-05	1.00e+00
 1.17736e+15	9.98e-12	2.01e-05	1.00e+00
 1.20700e+15	1.09e-11	2.12e-05	1.00e+00
 1.24553e+15	1.22e-11	2.27e-05	1.00e+00
 1.28694e+15	1.37e-11	2.44e-05	1.00e+00
 1.32386e+15	1.52e-11	2.59e-05	1.00e+00
 1.36361e+15	1.69e-11	2.77e-05	1.00e+00
 1.41381e+15	1.93e-11	3.00e-05	1.00e+00
 1.46469e+15	2.20e-11	3.24e-05	1.00e+00
 1.50798e+15	2.45e-11	3.46e-05	1.00e+00
 1.55431e+15	2.73e-11	3.69e-05	1.00e+00
 1.61213e+15	3.14e-11	4.01e-05	1.00e+00
 1.67137e+15	3.59e-11	4.35e-05	1.00e+00
 1.72349e+15	4.03e-11	4.66e-05	1.00e+00
 1.77984e+15	4.53e-11	5.01e-05	1.00e+00
 1.84794e+15	5.25e-11	5.46e-05	1.00e+00
 1.91553e+15	6.02e-11	5.93e-05	1.00e+00
 1.97561e+15	6.76e-11	6.36e-05	1.00e+00
 2.04169e+15	7.70e-11	6.86e-05	1.00e+00
 2.12063e+15	8.89e-11	7.47e-05	1.00e+00
 2.19927e+15	1.02e-10	8.12e-05	1.00e+00
 2.27119e+15	1.15e-10	8.72e-05	1.00e+00
 2.35142e+15	1.33e-10	9.45e-05	1.00e+00
 2.44472e+15	1.54e-10	1.03e-04	1.00e+00
 2.53655e+15	1.78e-10	1.12e-04	1.00e+00
 2.62393e+15	2.04e-10	1.21e-04	1.00e+00
 2.70032e+15	2.27e-10	1.29e-04	1.00e+00
 2.76366e+15	2.50e-10	1.36e-04	1.00e+00
 2.83366e+15	2.76e-10	1.44e-04	1.00e+00
 2.92467e+15	3.12e-10	1.55e-04	1.00e+00
 3.02011e+15	3.51e-10	1.67e-04	1.00e+00
 3.10221e+15	3.91e-10	1.77e-04	1.00e+00
 3.18986e+15	4.38e-10	1.89e-04	1.00e+00
 3.30380e+15	5.08e-10	2.05e-04	1.00e+00
 3.42099e+15	5.76e-10	2.21e-04	1.00e+00
 3.51885e+15	6.47e-10	2.36e-04	1.00e+00
 3.62255e+15	7.28e-10	2.52e-04	1.00e+00
 3.75480e+15	8.50e-10	2.73e-04	1.00e+00
 3.89341e+15	9.68e-10	2.96e-04	1.00e+00
 4.01653e+15	1.10e-09	3.18e-04	1.00e+00
 4.15027e+15	1.26e-09	3.42e-04	1.00e+00
 4.31039e+15	1.49e-09	3.72e-04	1.00e+00
 4.46907e+15	1.71e-09	4.04e-04	1.00e+00
 4.61231e+15	1.93e-09	4.33e-04	1.00e+00
 4.77125e+15	2.22e-09	4.67e-04	1.00e+00
 4.95831e+15	2.64e-09	5.10e-04	9.99e-01
 5.14301e+15	3.07e-09	5.53e-04	9.99e-01
 5.31538e+15	3.51e-09	5.95e-04	9.99e-01
 5.50831e+15	4.05e-09	6.44e-04	9.99e-01
 5.72867e+15	4.79e-09	7.03e-04	9.99e-01
 5.94558e+15	5.55e-09	7.63e-04	9.99e-01
 6.12228e+15	6.30e-09	8.14e-04	9.99e-01
 6.25994e+15	6.91e-09	8.56e-04	9.99e-01
 6.41068e+15	7.63e-09	9.02e-04	9.99e-01
 6.60664e+15	8.52e-09	9.64e-04	9.99e-01
 6.81940e+15	9.89e-09	1.04e-03	9.99e-01
 7.01014e+15	1.11e-08	1.10e-03	9.99e-01
 7.21422e+15	1.24e-08	1.17e-03	9.99e-01
 7.47618e+15	1.45e-08	1.27e-03	9.99e-01
 7.74155e+15	1.65e-08	1.37e-03	9.99e-01
 7.96226e+15	1.86e-08	1.46e-03	9.99e-01
 8.19674e+15	2.13e-08	1.56e-03	9.98e-01
 8.49588e+15	2.49e-08	1.69e-03	9.98e-01
 8.80087e+15	2.87e-08	1.83e-03	9.98e-01
 9.06212e+15	3.22e-08	1.96e-03	9.98e-01
 9.34469e+15	3.67e-08	2.10e-03	9.98e-01
 9.69450e+15	4.38e-08	2.29e-03	9.98e-01
 1.00402e+16	5.08e-08	2.48e-03	9.98e-01
 1.03352e+16	5.76e-08	2.65e-03	9.97e-01
 1.06562e+16	6.59e-08	2.85e-03	9.97e-01
 1.10543e+16	7.58e-08	3.11e-03	9.97e-01
 1.14450e+16	9.03e-08	3.39e-03	9.97e-01
 1.17618e+16	1.02e-07	3.62e-03	9.96e-01
 1.20904e+16	1.15e-07	3.88e-03	9.96e-01
 1.25174e+16	1.32e-07	4.23e-03	9.96e-01
 1.29270e+16	1.57e-07	4.60e-03	9.95e-01
 1.32116e+16	1.73e-07	4.86e-03	9.95e-01
 1.34794e+16	1.90e-07	5.13e-03	9.95e-01
 1.38276e+16	2.14e-07	5.50e-03	9.95e-01
 1.42098e+16	2.46e-07	5.94e-03	9.94e-01
 1.45579e+16	2.77e-07	6.35e-03	9.94e-01
 1.49319e+16	3.10e-07	6.84e-03	9.93e-01
 1.53433e+16	3.64e-07	7.44e-03	9.93e-01
 1.57072e+16	4.11e-07	7.99e-03	9.92e-01
 1.60293e+16	4.56e-07	8.53e-03	9.91e-01
 1.63930e+16	5.13e-07	9.20e-03	9.91e-01
 1.67973e+16	6.02e-07	1.00e-02	9.90e-01
 1.71660e+16	6.80e-07	1.08e-02	9.89e-01
 1.75028e+16	7.61e-07	1.17e-02	9.88e-01
 1.78358e+16	8.59e-07	1.26e-02	9.87e-01
 1.81659e+16	9.94e-07	1.36e-02	9.86e-01
 1.84860e+16	1.12e-06	1.47e-02	9.85e-01
 1.88450e+16	1.31e-06	1.62e-02	9.84e-01
 1.92148e+16	1.51e-06	1.78e-02	9.82e-01
 1.95197e+16	1.70e-06	1.93e-02	9.81e-01
 1.98370e+16	1.96e-06	2.13e-02	9.79e-01
 2.01756e+16	2.36e-06	2.36e-02	9.76e-01
 2.04579e+16	2.71e-06	2.59e-02	9.74e-01
 2.06989e+16	3.08e-06	2.82e-02	9.72e-01
 2.09284e+16	3.49e-06	3.06e-02	9.69e-01
 2.11487e+16	3.93e-06	3.33e-02	9.67e-01
 2.13989e+16	4.60e-06	3.70e-02	9.63e-01
 2.16678e+16	5.46e-06	4.16e-02	9.58e-01
 2.18982e+16	6.31e-06	4.64e-02	9.54e-01
 2.20975e+16	7.49e-06	5.14e-02	9.49e-01
 2.22827e+16	8.60e-06	5.68e-02	9.43e-01
 2.24870e+16	1.01e-05	6.41e-02	9.36e-01
 2.27041e+16	1.22e-05	7.35e-02	9.27e-01
 2.28828e+16	1.46e-05	8.31e-02	9.17e-01
 2.30254e+16	1.73e-05	9.24e-02	9.08e-01
 2.31516e+16	1.98e-05	1.02e-01	8.98e-01
 2.32912e+16	2.34e-05	1.15e-01	8.85e-01
 2.34414e+16	2.82e-05	1.32e-01	8.68e-01
 2.35695e+16	3.30e-05	1.49e-01	8.51e-01
 2.36791e+16	3.92e-05	1.67e-01	8.33e-01
 2.37737e+16	4.52e-05	1.85e-01	8.15e-01
 2.38700e+16	5.19e-05	2.06e-01	7.94e-01
 2.39717e+16	6.11e-05	2.33e-01	7.67e-01
 2.40484e+16	7.02e-05	2.55e-01	7.45e-01
 2.40973e+16	7.62e-05	2.71e-01	7.29e-01
 2.41422e+16	8.20e-05	2.87e-01	7.13e-01
 2.42005e+16	9.17e-05	3.09e-01	6.91e-01
 2.42620e+16	1.02e-04	3.35e-01	6.65e-01
 2.43187e+16	1.13e-04	3.60e-01	6.39e-01
 2.43838e+16	1.28e-04	3.92e-01	6.08e-01
 2.44515e+16	1.44e-04	4.27e-01	5.72e-01
 2.45093e+16	1.59e-04	4.59e-01	5.40e-01
 2.45707e+16	1.78e-04	4.96e-01	5.04e-01
 2.46381e+16	1.99e-04	5.36e-01	4.64e-01
 2.47006e+16	2.20e-04	5.73e-01	4.27e-01
 2.47693e+16	2.44e-04	6.15e-01	3.85e-01
 2.48459e+16	2.72e-04	6.59e-01	3.40e-01
 2.49194e+16	3.00e-04	7.00e-01	2.99e-01
 2.50018e+16	3.31e-04	7.43e-01	2.56e-01
 2.51089e+16	3.70e-04	7.92e-01	2.08e-01
 2.52226e+16	4.08e-04	8.34e-01	1.65e-01
 2.53283e+16	4.41e-04	8.66e-01	1.33e-01
 2.54492e+16	4.76e-04	8.96e-01	1.04e-01
 2.56064e+16	5.16e-04	9.24e-01	7.56e-02
 2.58107e+16	5.62e-04	9.48e-01	5.11e-02
 2.60764e+16	6.16e-04	9.67e-01	3.19e-02
 2.63622e+16	6.71e-04	9.79e-01	2.04e-02
 2.66117e+16	7.21e-04	9.85e-01	1.43e-02
 2.68329e+16	7.69e-04	9.89e-01	1.07e-02
 2.70015e+16	8.11e-04	9.90e-01	8.73e-03
 2.71073e+16	8.38e-04	9.91e-01	7.73e-03
 2.72103e+16	8.66e-04	9.92e-01	6.82e-03
 2.73441e+16	9.07e-04	9.93e-01	5.82e-03
 2.74911e+16	9.52e-04	9.94e-01	4.97e-03
 2.76200e+16	9.99e-04	9.95e-01	4.34e-03
 2.77290e+16	1.04e-03	9.95e-01	3.88e-03
 2.78474e+16	1.09e-03	9.95e-01	3.43e-03
 2.79789e+16	1.15e-03	9.96e-01	3.02e-03
 2.80849e+16	1.21e-03	9.96e-01	2.74e-03
 2.81590e+16	1.25e-03	9.96e-01	2.56e-03
 2.82340e+16	1.30e-03	9.96e-01	2.38e-03
 2.83315e+16	1.36e-03	9.96e-01	2.17e-03
 2.84306e+16	1.44e-03	9.97e-01	1.99e-03
 2.85080e+16	1.50e-03	9.97e-01	1.86e-03
 2.85737e+16	1.55e-03	9.97e-01	1.75e-03
 2.86482e+16	1.62e-03	9.97e-01	1.64e-03
 2.87306e+16	1.71e-03	9.97e-01	1.53e-03
 2.88044e+16	1.79e-03	9.97e-01	1.44e-03
 2.88681e+16	1.86e-03	9.97e-01	1.36e-03
 2.89375e+16	1.96e-03	9.97e-01	1.28e-03
 2.90131e+16	2.07e-03	9.97e-01	1.21e-03
 2.90789e+16	2.17e-03	9.97e-01	1.15e-03
 2.91351e+16	2.27e-03	9.97e-01	1.10e-03
 2.91965e+16	2.38e-03	9.97e-01	1.04e-03
 2.92638e+16	2.52e-03	9.96e-01	9.87e-04
 2.93231e+16	2.66e-03	9.96e-01	9.42e-04
 2.93744e+16	2.78e-03	9.96e-01	9.06e-04
 2.94313e+16	2.94e-03	9.96e-01	8.65e-04
 2.94933e+16	3.13e-03	9.96e-01	8.25e-04
 2.95476e+16	3.31e-03	9.96e-01	7.92e-04
 2.95950e+16	3.49e-03	9.96e-01	7.63e-04
 2.96475e+16	3.71e-03	9.96e-01	7.32e-04
 2.97053e+16	3.98e-03	9.95e-01	7.01e-04
 2.97573e+16	4.25e-03	9.95e-01	6.75e-04
 2.98034e+16	4.52e-03	9.95e-01	6.52e-04
 2.98549e+16	4.86e-03	9.95e-01	6.27e-04
 2.99121e+16	5.29e-03	9.94e-01	6.02e-04
 2.99650e+16	5.77e-03	9.94e-01	5.79e-04
 3.00127e+16	6.27e-03	9.93e-01	5.59e-04
 3.00582e+16	6.80e-03	9.93e-01	5.43e-04
 3.01102e+16	7.52e-03	9.92e-01	5.22e-04
 3.01621e+16	8.39e-03	9.91e-01	5.05e-04
 3.02003e+16	9.18e-03	9.90e-01	4.92e-04
 3.02304e+16	9.87e-03	9.90e-01	4.83e-04
 3.02632e+16	1.07e-02	9.89e-01	4.72e-04
 3.03059e+16	1.21e-02	9.87e-01	4.60e-04
 3.03476e+16	1.37e-02	9.86e-01	4.49e-04
 3.03769e+16	1.51e-02	9.84e-01	4.41e-04
 3.03991e+16	1.63e-02	9.83e-01	4.38e-04
 3.04232e+16	1.78e-02	9.82e-01	4.31e-04
 3.04546e+16	2.00e-02	9.80e-01	4.26e-04
 3.04865e+16	2.29e-02	9.77e-01	4.22e-04
 3.05109e+16	2.56e-02	9.74e-01	4.18e-04
 3.05302e+16	2.80e-02	9.72e-01	4.18e-04
 3.05511e+16	3.11e-02	9.68e-01	4.16e-04
 3.05743e+16	3.52e-02	9.64e-01	4.17e-04
 3.05952e+16	3.96e-02	9.60e-01	4.19e-04
 3.06131e+16	4.40e-02	9.56e-01	4.22e-04
 3.06296e+16	4.87e-02	9.51e-01	4.26e-04
 3.06484e+16	5.50e-02	9.45e-01	4.31e-04
 3.06679e+16	6.28e-02	9.37e-01	4.39e-04
 3.06836e+16	7.04e-02	9.29e-01	4.46e-04
 3.06968e+16	7.75e-02	9.22e-01	4.54e-04
 3.07096e+16	8.57e-02	9.14e-01	4.61e-04
 3.07228e+16	9.48e-02	9.05e-01	4.72e-04
 3.07351e+16	1.05e-01	8.95e-01	4.82e-04
 3.07456e+16	1.14e-01	8.85e-01	4.92e-04
 3.07552e+16	1.24e-01	8.76e-01	5.01e-04
 3.07626e+16	1.32e-01	8.68e-01	5.09e-04
 3.07677e+16	1.37e-01	8.62e-01	5.15e-04
 3.07724e+16	1.43e-01	8.56e-01	5.20e-04
 3.07779e+16	1.51e-01	8.49e-01	5.26e-04
 3.07837e+16	1.59e-01	8.41e-01	5.33e-04
 3.07893e+16	1.67e-01	8.33e-01	5.40e-04
 3.07946e+16	1.75e-01	8.25e-01	5.48e-04
 3.07999e+16	1.83e-01	8.16e-01	5.54e-04
 3.08051e+16	1.92e-01	8.07e-01	5.62e-04
 3.08103e+16	2.02e-01	7.98e-01	5.68e-04
 3.08154e+16	2.11e-01	7.88e-01	5.76e-04
 3.08205e+16	2.21e-01	7.78e-01	5.83e-04
 3.08256e+16	2.32e-01	7.67e-01	5.90e-04
 3.08305e+16	2.43e-01	7.57e-01	5.97e-04
 3.08353e+16	2.54e-01	7.46e-01	6.04e-04
 3.08402e+16	2.66e-01	7.34e-01	6.10e-04
 3.08449e+16	2.78e-01	7.22e-01	6.18e-04
 3.08497e+16	2.90e-01	7.09e-01	6.23e-04
 3.08543e+16	3.03e-01	6.97e-01	6.31e-04
 3.08589e+16	3.16e-01	6.83e-01	6.37e-04
 3.08635e+16	3.30e-01	6.70e-01	6.42e-04
 3.08680e+16	3.43e-01	6.56e-01	6.48e-04
 3.08724e+16	3.57e-01	6.42e-01	6.53e-04
 3.08767e+16	3.71e-01	6.28e-01	6.58e-04
 3.08811e+16	3.86e-01	6.13e-01	6.63e-04
 3.08853e+16	4.01e-01	5.98e-01	6.66e-04
 3.08895e+16	4.16e-01	5.84e-01	6.70e-04
 3.08937e+16	4.31e-01	5.69e-01	6.73e-04
 3.08978e+16	4.46e-01	5.53e-01	6.76e-04
 3.09018e+16	4.61e-01	5.38e-01	6.79e-04
 3.09058e+16	4.77e-01	5.23e-01	6.81e-04
 3.09097e+16	4.92e-01	5.08e-01	6.83e-04
 3.09135e+16	5.07e-01	4.93e-01	6.84e-04
 3.09172e+16	5.22e-01	4.78e-01	6.84e-04
 3.09209e+16	5.36e-01	4.63e-01	6.84e-04
 3.09244e+16	5.51e-01	4.49e-01	6.83e-04
 3.09279e+16	5.65e-01	4.34e-01	6.81e-04
 3.09314e+16	5.79e-01	4.21e-01	6.79e-04
 3.09347e+16	5.93e-01	4.07e-01	6.77e-04
 3.09380e+16	6.06e-01	3.93e-01	6.74e-04
 3.09413e+16	6.19e-01	3.80e-01	6.71e-04
 3.09444e+16	6.32e-01	3.68e-01	6.67e-04
 3.09476e+16	6.44e-01	3.55e-01	6.64e-04
 3.09506e+16	6.56e-01	3.43e-01	6.59e-04
 3.09536e+16	6.68e-01	3.32e-01	6.54e-04
 3.09566e+16	6.79e-01	3.20e-01	6.49e-04
 3.09595e+16	6.90e-01	3.09e-01	6.44e-04
 3.09624e+16	7.01e-01	2.98e-01	6.38e-04
 3.09653e+16	7.12e-01	2.88e-01	6.32e-04
 3.09681e+16	7.22e-01	2.77e-01	6.25e-04
 3.09709e+16	7.32e-01	2.67e-01	6.18e-04
 3.09736e+16	7.42e-01	2.58e-01	6.12e-04
 3.09763e+16	7.51e-01	2.48e-01	6.04e-04
 3.09790e+16	7.60e-01	2.39e-01	5.96e-04
 3.09813e+16	7.68e-01	2.32e-01	5.89e-04
 3.09831e+16	7.73e-01	2.26e-01	5.83e-04
 3.09847e+16	7.79e-01	2.21e-01	5.77e-04
 3.09864e+16	7.84e-01	2.15e-01	5.71e-04
 3.09881e+16	7.90e-01	2.09e-01	5.64e-04
 3.09898e+16	7.95e-01	2.04e-01	5.58e-04
 3.09914e+16	8.00e-01	1.99e-01	5.52e-04
 3.09930e+16	8.05e-01	1.95e-01	5.47e-04
 3.09945e+16	8.09e-01	1.90e-01	5.40e-04
 3.09961e+16	8.14e-01	1.86e-01	5.34e-04
 3.09975e+16	8.18e-01	1.82e-01	5.29e-04
 3.09990e+16	8.22e-01	1.78e-01	5.23e-04
 3.10004e+16	8.26e-01	1.74e-01	5.17e-04
 3.10018e+16	8.29e-01	1.70e-01	5.11e-04
 3.10032e+16	8.33e-01	1.66e-01	5.05e-04
 3.10046e+16	8.37e-01	1.63e-01	5.00e-04
 3.10059e+16	8.40e-01	1.59e-01	4.94e-04
 3.10073e+16	8.44e-01	1.56e-01	4.88e-04
 3.10087e+16	8.47e-01	1.52e-01	4.82e-04
 3.10101e+16	8.51e-01	1.49e-01	4.75e-04
 3.10116e+16	8.54e-01	1.45e-01	4.69e-04
 3.10131e+16	8.58e-01	1.42e-01	4.62e-04
 3.10146e+16	8.61e-01	1.38e-01	4.56e-04
 3.10162e+16	8.65e-01	1.34e-01	4.48e-04
 3.10180e+16	8.69e-01	1.30e-01	4.40e-04
 3.10201e+16	8.74e-01	1.26e-01	4.31e-04
 3.10223e+16	8.78e-01	1.21e-01	4.21e-04
 3.10247e+16	8.83e-01	1.17e-01	4.10e-04
 3.10269e+16	8.87e-01	1.13e-01	4.00e-04
 3.10289e+16	8.91e-01	1.09e-01	3.90e-04
 3.10309e+16	8.95e-01	1.05e-01	3.80e-04
 3.10329e+16	8.98e-01	1.01e-01	3.70e-04
 3.10348e+16	9.02e-01	9.81e-02	3.61e-04
 3.10365e+16	9.04e-01	9.52e-02	3.52e-04
 3.10381e+16	9.07e-01	9.26e-02	3.44e-04
 3.10395e+16	9.09e-01	9.03e-02	3.37e-04
 3.10408e+16	9.11e-01	8.83e-02	3.30e-04
 3.10420e+16	9.13e-01	8.64e-02	3.24e-04
 3.10430e+16	9.15e-01	8.47e-02	3.18e-04
 3.10442e+16	9.17e-01	8.29e-02	3.12e-04
 3.10455e+16	9.19e-01	8.11e-02	3.06e-04
 3.10466e+16	9.20e-01	7.94e-02	3.00e-04
 3.10477e+16	9.22e-01	7.79e-02	2.95e-04
 3.10486e+16	9.23e-01	7.66e-02	2.90e-04
 3.10497e+16	9.25e-01	7.51e-02	2.85e-04
 3.10508e+16	9.26e-01	7.36e-02	2.79e-04
 3.10518e+16	9.28e-01	7.22e-02	2.74e-04
 3.10527e+16	9.29e-01	7.10e-02	2.69e-04
 3.10538e+16	9.30e-01	6.96e-02	2.64e-04
 3.10549e+16	9.32e-01	6.82e-02	2.59e-04
 3.10559e+16	9.33e-01	6.70e-02	2.54e-04
 3.10568e+16	9.34e-01	6.59e-02	2.50e-04
 3.10576e+16	9.35e-01	6.48e-02	2.46e-04
 3.10585e+16	9.36e-01	6.37e-02	2.41e-04
 3.10595e+16	9.37e-01	6.26e-02	2.37e-04
 3.10604e+16	9.38e-01	6.15e-02	2.33e-04
 3.10612e+16	9.39e-01	6.06e-02	2.29e-04
 3.10621e+16	9.40e-01	5.95e-02	2.24e-04
 3.10631e+16	9.41e-01	5.85e-02	2.20e-04
 3.10639e+16	9.42e-01	5.75e-02	2.16e-04
 3.10647e+16	9.43e-01	5.67e-02	2.12e-04
 3.10656e+16	9.44e-01	5.57e-02	2.09e-04
 3.10666e+16	9.45e-01	5.48e-02	2.05e-04
 3.10674e+16	9.46e-01	5.39e-02	2.01e-04
 3.10682e+16	9.47e-01	5.31e-02	1.98e-04
 3.10690e+16	9.48e-01	5.22e-02	1.94e-04
 3.10700e+16	9.48e-01	5.14e-02	1.90e-04
 3.10708e+16	9.49e-01	5.06e-02	1.87e-04
 3.10716e+16	9.50e-01	4.99e-02	1.84e-04
 3.10724e+16	9.51e-01	4.91e-02	1.81e-04
 3.10733e+16	9.52e-01	4.83e-02	1.77e-04
 3.10741e+16	9.52e-01	4.76e-02	1.75e-04
 3.10750e+16	9.53e-01	4.68e-02	1.71e-04
 3.10760e+16	9.54e-01	4.60e-02	1.68e-04
 3.10769e+16	9.55e-01	4.53e-02	1.65e-04
 3.10777e+16	9.55e-01	4.47e-02	1.62e-04
 3.10786e+16	9.56e-01	4.39e-02	1.59e-04
 3.10796e+16	9.57e-01	4.32e-02	1.56e-04
 3.10804e+16	9.57e-01	4.26e-02	1.54e-04
 3.10814e+16	9.58e-01	4.19e-02	1.51e-04
 3.10824e+16	9.59e-01	4.12e-02	1.48e-04
 3.10833e+16	9.59e-01	4.06e-02	1.45e-04
 3.10844e+16	9.60e-01	3.99e-02	1.42e-04
 3.10855e+16	9.61e-01	3.93e-02	1.40e-04
 3.10865e+16	9.61e-01	3.87e-02	1.37e-04
 3.10876e+16	9.62e-01	3.80e-02	1.35e-04
 3.10888e+16	9.63e-01	3.74e-02	1.32e-04
 3.10899e+16	9.63e-01	3.68e-02	1.30e-04
 3.10910e+16	9.64e-01	3.61e-02	1.27e-04
 3.10923e+16	9.64e-01	3.55e-02	1.25e-04
 3.10935e+16	9.65e-01	3.50e-02	1.23e-04
 3.10948e+16	9.66e-01	3.44e-02	1.20e-04
 3.10962e+16	9.66e-01	3.38e-02	1.18e-04
 3.10974e+16	9.67e-01	3.32e-02	1.16e-04
 3.10988e+16	9.67e-01	3.26e-02	1.13e-04
 3.11003e+16	9.68e-01	3.21e-02	1.11e-04
 3.11016e+16	9.68e-01	3.16e-02	1.09e-04
 3.11031e+16	9.69e-01	3.10e-02	1.07e-04
 3.11047e+16	9.69e-01	3.05e-02	1.05e-04
 3.11062e+16	9.70e-01	3.00e-02	1.03e-04
 3.11078e+16	9.70e-01	2.95e-02	1.01e-04
 3.11098e+16	9.71e-01	2.89e-02	9.86e-05
 3.11121e+16	9.72e-01	2.83e-02	9.64e-05
 3.11141e+16	9.72e-01	2.78e-02	9.44e-05
 3.11160e+16	9.73e-01	2.74e-02	9.27e-05
 3.11180e+16	9.73e-01	2.69e-02	9.08e-05
 3.11206e+16	9.74e-01	2.63e-02	8.85e-05
 3.11235e+16	9.74e-01	2.58e-02	8.66e-05
 3.11261e+16	9.75e-01	2.54e-02	8.48e-05
 3.11289e+16	9.75e-01	2.49e-02	8.29e-05
 3.11320e+16	9.75e-01	2.44e-02	8.12e-05
 3.11348e+16	9.76e-01	2.40e-02	7.97e-05
 3.11378e+16	9.76e-01	2.36e-02	7.81e-05
 3.11418e+16	9.77e-01	2.32e-02	7.63e-05
 3.11461e+16	9.77e-01	2.28e-02	7.47e-05
 3.11500e+16	9.78e-01	2.24e-02	7.33e-05
 3.11543e+16	9.78e-01	2.20e-02	7.18e-05
 3.11599e+16	9.78e-01	2.16e-02	7.02e-05
 3.11659e+16	9.79e-01	2.13e-02	6.88e-05
 3.11725e+16	9.79e-01	2.09e-02	6.72e-05
 3.11810e+16	9.79e-01	2.06e-02	6.56e-05
 3.11903e+16	9.80e-01	2.02e-02	6.42e-05
 3.12004e+16	9.80e-01	1.99e-02	6.27e-05
 3.12136e+16	9.80e-01	1.96e-02	6.10e-05
 3.12278e+16	9.81e-01	1.93e-02	5.95e-05
 3.12434e+16	9.81e-01	1.90e-02	5.79e-05
 3.12637e+16	9.81e-01	1.86e-02	5.60e-05
 3.12855e+16	9.82e-01	1.83e-02	5.42e-05
 3.13095e+16	9.82e-01	1.79e-02	5.23e-05
 3.13354e+16	9.82e-01	1.76e-02	5.04e-05
 3.13637e+16	9.83e-01	1.72e-02	4.84e-05
 3.13943e+16	9.83e-01	1.68e-02	4.64e-05
 3.14222e+16	9.83e-01	1.65e-02	4.48e-05
 3.14527e+16	9.84e-01	1.61e-02	4.29e-05
 3.14856e+16	9.84e-01	1.58e-02	4.11e-05
 3.15156e+16	9.84e-01	1.55e-02	3.95e-05
 3.15485e+16	9.85e-01	1.51e-02	3.78e-05
 3.15839e+16	9.85e-01	1.48e-02	3.61e-05
 3.16162e+16	9.86e-01	1.44e-02	3.47e-05
 3.16516e+16	9.86e-01	1.41e-02	3.31e-05
 3.16897e+16	9.86e-01	1.38e-02	3.15e-05
 3.17245e+16	9.87e-01	1.35e-02	3.02e-05
 3.17626e+16	9.87e-01	1.31e-02	2.88e-05
 3.18037e+16	9.87e-01	1.28e-02	2.74e-05
 3.18411e+16	9.87e-01	1.25e-02	2.62e-05
 3.18821e+16	9.88e-01	1.22e-02	2.49e-05
 3.19263e+16	9.88e-01	1.19e-02	2.37e-05
 3.19666e+16	9.88e-01	1.16e-02	2.26e-05
 3.20032e+16	9.89e-01	1.13e-02	2.17e-05
 3.20434e+16	9.89e-01	1.11e-02	2.07e-05
 3.20867e+16	9.89e-01	1.08e-02	1.97e-05
 3.21262e+16	9.89e-01	1.06e-02	1.88e-05
 3.21694e+16	9.90e-01	1.03e-02	1.79e-05
 3.22161e+16	9.90e-01	1.00e-02	1.70e-05
 3.22585e+16	9.90e-01	9.79e-03	1.63e-05
 3.23051e+16	9.90e-01	9.53e-03	1.54e-05
 3.23553e+16	9.91e-01	9.28e-03	1.47e-05
 3.24010e+16	9.91e-01	9.06e-03	1.40e-05
 3.24511e+16	9.91e-01	8.81e-03	1.32e-05
 3.25052e+16	9.91e-01	8.56e-03	1.25e-05
 3.25544e+16	9.92e-01	8.35e-03	1.19e-05
 3.26083e+16	9.92e-01	8.11e-03	1.12e-05
 3.26784e+16	9.92e-01	7.80e-03	1.04e-05
 3.27608e+16	9.93e-01	7.48e-03	9.61e-06
 3.28468e+16	9.93e-01	7.16e-03	8.83e-06
 3.29347e+16	9.93e-01	6.86e-03	8.11e-06
 3.30260e+16	9.93e-01	6.56e-03	7.43e-06
 3.31210e+16	9.94e-01	6.27e-03	6.79e-06
 3.32196e+16	9.94e-01	5.98e-03	6.19e-06
 3.33218e+16	9.94e-01	5.71e-03	5.64e-06
 3.34271e+16	9.95e-01	5.44e-03	5.12e-06
 3.35342e+16	9.95e-01	5.18e-03	4.66e-06
 3.36430e+16	9.95e-01	4.94e-03	4.23e-06
 3.37541e+16	9.95e-01	4.70e-03	3.84e-06
 3.38674e+16	9.96e-01	4.48e-03	3.49e-06
 3.39830e+16	9.96e-01	4.26e-03	3.16e-06
 3.41007e+16	9.96e-01	4.05e-03	2.86e-06
 3.42205e+16	9.96e-01	3.85e-03	2.59e-06
 3.43427e+16	9.96e-01	3.67e-03	2.35e-06
 3.44672e+16	9.97e-01	3.49e-03	2.12e-06
 3.45922e+16	9.97e-01	3.32e-03	1.92e-06
 3.47191e+16	9.97e-01	3.15e-03	1.74e-06
 3.48508e+16	9.97e-01	2.99e-03	1.57e-06
 3.49857e+16	9.97e-01	2.84e-03	1.41e-06
 3.51229e+16	9.97e-01	2.69e-03	1.27e-06
 3.52625e+16	9.97e-01	2.55e-03	1.14e-06
 3.54046e+16	9.98e-01	2.42e-03	1.03e-06
 3.55497e+16	9.98e-01	2.29e-03	9.22e-07
 3.56977e+16	9.98e-01	2.17e-03	8.26e-07
 3.58488e+16	9.98e-01	2.05e-03	7.40e-07
 3.60030e+16	9.98e-01	1.94e-03	6.62e-07
 3.61606e+16	9.98e-01	1.83e-03	5.91e-07
 3.63215e+16	9.98e-01	1.73e-03	5.27e-07
 3.64858e+16	9.98e-01	1.63e-03	4.69e-07
 3.66538e+16	9.98e-01	1.54e-03	4.17e-07
 3.68256e+16	9.99e-01	1.45e-03	3.70e-07
 3.70014e+16	9.99e-01	1.37e-03	3.28e-07
 3.71813e+16	9.99e-01	1.29e-03	2.90e-07
 3.73657e+16	9.99e-01	1.21e-03	2.56e-07
 3.75546e+16	9.99e-01	1.14e-03	2.25e-07
 3.77482e+16	9.99e-01	1.06e-03	1.98e-07
 3.79471e+16	9.99e-01	9.98e-04	1.74e-07
 3.81515e+16	9.99e-01	9.34e-04	1.52e-07
 3.83617e+16	9.99e-01	8.73e-04	1.32e-07
 3.85780e+16	9.99e-01	8.15e-04	1.15e-07
 3.88010e+16	9.99e-01	7.60e-04	9.98e-08
 3.90264e+16	9.99e-01	7.08e-04	8.65e-08
 3.92581e+16	9.99e-01	6.59e-04	7.46e-08
 3.95039e+16	9.99e-01	6.11e-04	6.39e-08
 3.97606e+16	9.99e-01	5.65e-04	5.44e-08
 4.00259e+16	9.99e-01	5.21e-04	4.61e-08
 4.03009e+16	1.00e+00	4.80e-04	3.89e-08
 4.05880e+16	1.00e+00	4.40e-04	3.26e-08
 4.08889e+16	1.00e+00	4.03e-04	2.72e-08
 4.12053e+16	1.00e+00	3.67e-04	2.24e-08
 4.15382e+16	1.00e+00	3.33e-04	1.83e-08
 4.18912e+16	1.00e+00	3.01e-04	1.49e-08
 4.22639e+16	1.00e+00	2.70e-04	1.19e-08
 4.26612e+16	1.00e+00	2.41e-04	9.41e-09
 4.30905e+16	1.00e+00	2.14e-04	7.31e-09
 4.35529e+16	1.00e+00	1.88e-04	5.57e-09
 4.40550e+16	1.00e+00	1.63e-04	4.16e-09
 4.46072e+16	1.00e+00	1.39e-04	3.02e-09
 4.52227e+16	1.00e+00	1.18e-04	2.12e-09
 4.59127e+16	1.00e+00	9.70e-05	1.43e-09
 4.67010e+16	1.00e+00	7.78e-05	9.10e-10
 4.76012e+16	1.00e+00	6.05e-05	5.47e-10
 4.85637e+16	1.00e+00	4.64e-05	3.21e-10
 4.95332e+16	1.00e+00	3.55e-05	1.89e-10
 5.05034e+16	1.00e+00	2.72e-05	1.11e-10
 5.14952e+16	1.00e+00	2.07e-05	6.52e-11
 5.25232e+16	1.00e+00	1.57e-05	3.77e-11
 5.35910e+16	1.00e+00	1.18e-05	2.16e-11
 5.47030e+16	1.00e+00	8.79e-06	1.22e-11
 5.58625e+16	1.00e+00	6.51e-06	6.79e-12
 5.70784e+16	1.00e+00	4.78e-06	3.72e-12
 5.83616e+16	1.00e+00	3.48e-06	2.00e-12
 5.97247e+16	1.00e+00	2.50e-06	1.05e-12
 6.11818e+16	1.00e+00	1.77e-06	5.35e-13
 6.27183e+16	1.00e+00	1.24e-06	2.68e-13
 6.42844e+16	1.00e+00	8.77e-07	1.36e-13
 6.58505e+16	1.00e+00	6.24e-07	6.99e-14
 6.74165e+16	1.00e+00	4.49e-07	3.67e-14
 6.89825e+16	1.00e+00	3.26e-07	1.95e-14
 7.05486e+16	1.00e+00	2.39e-07	1.06e-14
 7.21146e+16	1.00e+00	1.76e-07	5.80e-15
 7.36807e+16	1.00e+00	1.31e-07	3.24e-15
 7.52468e+16	1.00e+00	9.81e-08	1.83e-15
 7.70477e+16	1.00e+00	7.03e-08	9.46e-16
 7.91143e+16	1.00e+00	4.90e-08	4.62e-16
 8.12115e+16	1.00e+00	3.43e-08	2.29e-16
 8.34601e+16	1.00e+00	2.36e-08	1.09e-16
 8.58954e+16	1.00e+00	1.60e-08	5.03e-17
 8.83659e+16	1.00e+00	1.09e-08	2.36e-17
 9.08363e+16	1.00e+00	7.56e-09	1.14e-17
 9.34127e+16	1.00e+00	5.19e-09	5.37e-18
 9.61344e+16	1.00e+00	3.54e-09	2.51e-18
 9.89358e+16	1.00e+00	2.41e-09	1.17e-18
 1.01778e+17	1.00e+00	1.66e-09	5.53e-19
 1.04620e+17	1.00e+00	1.15e-09	2.67e-19
 1.07461e+17	1.00e+00	8.05e-10	1.31e-19
 1.10303e+17	1.00e+00	5.70e-10	6.58e-20
 1.13145e+17	1.00e+00	4.06e-10	3.36e-20
 1.15987e+17	1.00e+00	2.92e-10	1.74e-20
 1.18829e+17	1.00e+00	2.12e-10	9.17e-21
 1.21671e+17	1.00e+00	1.55e-10	0.00e+00
 1.24514e+17	1.00e+00	1.14e-10	0.00e+00
 1.27500e+17	1.00e+00	8.29e-11	0.00e+00
 1.30630e+17	1.00e+00	6.02e-11	0.00e+00
 1.33759e+17	1.00e+00	4.40e-11	0.00e+00
 1.36889e+17	1.00e+00	3.25e-11	0.00e+00
 1.40019e+17	1.00e+00	2.42e-11	0.00e+00
 1.43149e+17	1.00e+00	1.82e-11	0.00e+00
 1.46678e+17	1.00e+00	1.33e-11	0.00e+00
 1.50683e+17	1.00e+00	9.49e-12	0.00e+00
 1.54846e+17	1.00e+00	6.82e-12	0.00e+00
 1.59100e+17	1.00e+00	4.99e-12	0.00e+00
 1.63335e+17	1.00e+00	3.76e-12	0.00e+00
 1.67517e+17	1.00e+00	2.93e-12	0.00e+00
 1.71637e+17	1.00e+00	2.36e-12	0.00e+00
 1.75682e+17	1.00e+00	1.97e-12	0.00e+00
 1.79644e+17	1.00e+00	1.70e-12	0.00e+00
 1.83505e+17	1.00e+00	1.51e-12	0.00e+00
 1.87247e+17	1.00e+00	1.38e-12	0.00e+00
 1.90856e+17	1.00e+00	1.29e-12	0.00e+00
 1.94326e+17	1.00e+00	1.23e-12	0.00e+00
 1.97646e+17	1.00e+00	1.18e-12	0.00e+00
 2.00817e+17	1.00e+00	1.15e-12	0.00e+00
 2.03838e+17	1.00e+00	1.13e-12	0.00e+00
 2.06708e+17	1.00e+00	1.12e-12	0.00e+00
 2.09431e+17	1.00e+00	1.11e-12	0.00e+00
 2.12012e+17	1.00e+00	1.11e-12	0.00e+00
 2.14455e+17	1.00e+00	1.11e-12	0.00e+00
 2.16767e+17	1.00e+00	1.11e-12	0.00e+00
 2.18953e+17	1.00e+00	1.11e-12	0.00e+00
 2.21019e+17	1.00e+00	1.11e-12	0.00e+00
 2.22973e+17	1.00e+00	1.12e-12	0.00e+00
 2.24820e+17	1.00e+00	1.12e-12	0.00e+00
 2.26568e+17	1.00e+00	1.12e-12	0.00e+00
 2.28221e+17	1.00e+00	1.13e-12	0.00e+00
 2.29784e+17	1.00e+00	1.13e-12	0.00e+00
 2.31263e+17	1.00e+00	1.14e-12	0.00e+00
 2.32664e+17	1.00e+00	1.14e-12	0.00e+00
 2.33990e+17	1.00e+00	1.14e-12	0.00e+00
 2.35246e+17	1.00e+00	1.15e-12	0.00e+00
 2.36436e+17	1.00e+00	1.15e-12	0.00e+00
 2.37564e+17	1.00e+00	1.16e-12	0.00e+00
 2.38634e+17	1.00e+00	1.16e-12	0.00e+00
 2.39649e+17	1.00e+00	1.16e-12	0.00e+00
 2.40613e+17	1.00e+00	1.17e-12	0.00e+00
 2.41528e+17	1.00e+00	1.17e-12	0.00e+00
 2.42398e+17	1.00e+00	1.17e-12	0.00e+00
 2.43224e+17	1.00e+00	1.17e-12	0.00e+00
 2.44010e+17	1.00e+00	1.18e-12	0.00e+00
 2.44758e+17	1.00e+00	1.18e-12	0.00e+00
 2.45470e+17	1.00e+00	1.18e-12	0.00e+00
 2.46148e+17	1.00e+00	1.18e-12	0.00e+00
 2.46795e+17	1.00e+00	1.18e-12	0.00e+00
 2.47412e+17	1.00e+00	1.19e-12	0.00e+00
 2.48000e+17	1.00e+00	1.19e-12	0.00e+00
 2.48563e+17	1.00e+00	1.19e-12	0.00e+00
 2.49102e+17	1.00e+00	1.19e-12	0.00e+00
 2.49617e+17	1.00e+00	1.19e-12	0.00e+00
 2.50111e+17	1.00e+00	1.19e-12	0.00e+00
 2.50584e+17	1.00e+00	1.19e-12	0.00e+00
 2.51039e+17	1.00e+00	1.20e-12	0.00e+00
 2.51477e+17	1.00e+00	1.20e-12	0.00e+00
 2.51899e+17	1.00e+00	1.20e-12	0.00e+00
 2.52306e+17	1.00e+00	1.20e-12	0.00e+00
 2.52700e+17	1.00e+00	1.20e-12	0.00e+00
 2.53081e+17	1.00e+00	1.20e-12	0.00e+00
 2.53451e+17	1.00e+00	1.20e-12	0.00e+00
 2.53812e+17	1.00e+00	1.20e-12	0.00e+00
 2.54164e+17	1.00e+00	1.20e-12	0.00e+00
 2.54509e+17	1.00e+00	1.20e-12	0.00e+00
 2.54847e+17	1.00e+00	1.20e-12	0.00e+00
 2.55182e+17	1.00e+00	1.20e-12	0.00e+00
 2.55513e+17	1.00e+00	1.20e-12	0.00e+00
 2.55843e+17	1.00e+00	1.20e-12	0.00e+00
 2.56173e+17	1.00e+00	1.20e-12	0.00e+00
 2.56506e+17	1.00e+00	1.21e-12	0.00e+00
 2.56844e+17	1.00e+00	1.21e-12	0.00e+00
 2.57190e+17	1.00e+00	1.20e-12	0.00e+00
 2.57547e+17	1.00e+00	1.20e-12	0.00e+00
 2.57920e+17	1.00e+00	1.20e-12	0.00e+00
 2.58313e+17	1.00e+00	1.20e-12	0.00e+00
 2.58734e+17	1.00e+00	1.20e-12	0.00e+00
 2.59191e+17	1.00e+00	1.20e-12	0.00e+00
 2.59696e+17	1.00e+00	1.20e-12	0.00e+00
 2.60267e+17	1.00e+00	1.20e-12	0.00e+00
 2.60927e+17	1.00e+00	1.19e-12	0.00e+00
 2.61711e+17	1.00e+00	1.19e-12	0.00e+00
 2.62672e+17	1.00e+00	1.18e-12	0.00e+00
 2.63891e+17	1.00e+00	1.17e-12	0.00e+00
 2.65470e+17	1.00e+00	1.14e-12	0.00e+00
 2.67523e+17	1.00e+00	1.11e-12	0.00e+00
 2.70192e+17	1.00e+00	1.06e-12	0.00e+00
 2.73662e+17	1.00e+00	9.89e-13	0.00e+00
 2.78173e+17	1.00e+00	8.95e-13	0.00e+00
 2.84037e+17	1.00e+00	7.80e-13	0.00e+00
 2.91660e+17	1.00e+00	6.44e-13	0.00e+00
 3.01570e+17	1.00e+00	4.97e-13	0.00e+00
 3.13315e+17	1.00e+00	3.49e-13	0.00e+00
 3.25848e+17	1.00e+00	2.85e-13	0.00e+00
 3.38882e+17	1.00e+00	2.55e-13	0.00e+00
 3.52437e+17	1.00e+00	2.29e-13	0.00e+00
 3.66535e+17	1.00e+00	2.04e-13	0.00e+00
 3.81196e+17	1.00e+00	1.80e-13	0.00e+00
 3.96444e+17	1.00e+00	1.57e-13	0.00e+00
 4.12302e+17	1.00e+00	1.36e-13	0.00e+00
 4.28794e+17	1.00e+00	1.17e-13	0.00e+00
 4.45946e+17	1.00e+00	9.84e-14	0.00e+00
 4.62747e+17	1.00e+00	8.17e-14	0.00e+00
 4.77630e+17	1.00e+00	8.79e-14	0.00e+00
 4.90482e+17	1.00e+00	1.09e-13	0.00e+00
 5.02217e+17	1.00e+00	1.21e-13	0.00e+00
 5.13605e+17	1.00e+00	1.20e-13	0.00e+00
 5.24763e+17	1.00e+00	1.09e-13	0.00e+00
 5.35072e+17	1.00e+00	1.01e-13	0.00e+00
 5.43909e+17	1.00e+00	1.02e-13	0.00e+00
 5.51354e+17	1.00e+00	1.07e-13	0.00e+00
 5.57425e+17	1.00e+00	1.08e-13	0.00e+00
 5.61646e+17	1.00e+00	1.13e-13	0.00e+00
 5.64123e+17	1.00e+00	1.20e-13	0.00e+00
 5.65542e+17	1.00e+00	1.26e-13	0.00e+00
 5.66393e+17	1.00e+00	1.29e-13	0.00e+00
 5.66904e+17	1.00e+00	1.31e-13	0.00e+00
 5.67273e+17	1.00e+00	1.32e-13	0.00e+00
 5.67679e+17	1.00e+00	1.33e-13	0.00e+00
 5.68180e+17	1.00e+00	1.33e-13	0.00e+00
 5.68693e+17	1.00e+00	1.34e-13	0.00e+00
 5.69110e+17	1.00e+00	1.34e-13	0.00e+00
 5.69443e+17	1.00e+00	1.34e-13	0.00e+00
 5.69748e+17	1.00e+00	1.35e-13	0.00e+00
 5.70057e+17	1.00e+00	1.35e-13	0.00e+00
 5.70380e+17	1.00e+00	1.34e-13	0.00e+00
 5.70686e+17	1.00e+00	1.34e-13	0.00e+00
 5.70948e+17	1.00e+00	1.34e-13	0.00e+00
 5.71190e+17	1.00e+00	1.34e-13	0.00e+00
 5.71438e+17	1.00e+00	1.34e-13	0.00e+00
 5.71683e+17	1.00e+00	1.33e-13	0.00e+00
 5.71908e+17	1.00e+00	1.33e-13	0.00e+00
 5.72114e+17	1.00e+00	1.33e-13	0.00e+00
 5.72312e+17	1.00e+00	1.33e-13	0.00e+00
 5.72518e+17	1.00e+00	1.32e-13	0.00e+00
 5.72726e+17	1.00e+00	1.32e-13	0.00e+00
 5.72908e+17	1.00e+00	1.32e-13	0.00e+00
 5.73074e+17	1.00e+00	1.31e-13	0.00e+00
 5.73250e+17	1.00e+00	1.31e-13	0.00e+00
 5.73434e+17	1.00e+00	1.30e-13	0.00e+00
 5.73602e+17	1.00e+00	1.30e-13	0.00e+00
 5.73757e+17	1.00e+00	1.30e-13	0.00e+00
 5.73914e+17	1.00e+00	1.29e-13	0.00e+00
 5.74075e+17	1.00e+00	1.29e-13	0.00e+00
 5.74237e+17	1.00e+00	1.28e-13	0.00e+00
 5.74397e+17	1.00e+00	1.28e-13	0.00e+00
 5.74555e+17	1.00e+00	1.28e-13	0.00e+00
 5.74703e+17	1.00e+00	1.27e-13	0.00e+00
 5.74847e+17	1.00e+00	1.27e-13	0.00e+00
 5.75000e+17	1.00e+00	1.26e-13	0.00e+00
 5.75164e+17	1.00e+00	1.26e-13	0.00e+00
 5.75326e+17	1.00e+00	1.25e-13	0.00e+00
 5.75483e+17	1.00e+00	1.25e-13	0.00e+00
 5.75637e+17	1.00e+00	1.24e-13	0.00e+00
 5.75794e+17	1.00e+00	1.23e-13	0.00e+00
 5.75962e+17	1.00e+00	1.23e-13	0.00e+00
 5.76138e+17	1.00e+00	1.22e-13	0.00e+00
 5.76309e+17	1.00e+00	1.22e-13	0.00e+00
 5.76480e+17	1.00e+00	1.21e-13	0.00e+00
 5.76669e+17	1.00e+00	1.20e-13	0.00e+00
 5.76864e+17	1.00e+00	1.19e-13	0.00e+00
 5.77041e+17	1.00e+00	1.19e-13	0.00e+00
 5.77209e+17	1.00e+00	1.18e-13	0.00e+00
 5.77396e+17	1.00e+00	1.17e-13	0.00e+00
 5.77611e+17	1.00e+00	1.16e-13	0.00e+00
 5.77831e+17	1.00e+00	1.15e-13	0.00e+00
 5.78034e+17	1.00e+00	1.14e-13	0.00e+00
 5.78233e+17	1.00e+00	1.14e-13	0.00e+00
 5.78448e+17	1.00e+00	1.13e-13	0.00e+00
 5.78672e+17	1.00e+00	1.12e-13	0.00e+00
 5.78904e+17	1.00e+00	1.11e-13	0.00e+00
 5.79142e+17	1.00e+00	1.10e-13	0.00e+00
 5.79384e+17	1.00e+00	1.08e-13	0.00e+00
 5.79638e+17	1.00e+00	1.07e-13	0.00e+00
 5.79897e+17	1.00e+00	1.06e-13	0.00e+00
 5.80160e+17	1.00e+00	1.05e-13	0.00e+00
 5.80427e+17	1.00e+00	1.04e-13	0.00e+00
 5.80702e+17	1.00e+00	1.02e-13	0.00e+00
 5.80987e+17	1.00e+00	1.01e-13	0.00e+00
 5.81267e+17	1.00e+00	9.95e-14	0.00e+00
 5.81571e+17	1.00e+00	9.81e-14	0.00e+00
 5.81906e+17	1.00e+00	9.65e-14	0.00e+00
 5.82236e+17	1.00e+00	9.49e-14	0.00e+00
 5.82558e+17	1.00e+00	9.33e-14	0.00e+00
 5.82879e+17	1.00e+00	9.17e-14	0.00e+00
 5.83215e+17	1.00e+00	9.02e-14	0.00e+00
 5.83586e+17	1.00e+00	8.84e-14	0.00e+00
 5.83972e+17	1.00e+00	8.65e-14	0.00e+00
 5.84332e+17	1.00e+00	8.47e-14	0.00e+00
 5.84699e+17	1.00e+00	8.31e-14	0.00e+00
 5.85107e+17	1.00e+00	8.11e-14	0.00e+00
 5.85516e+17	1.00e+00	7.91e-14	0.00e+00
 5.85921e+17	1.00e+00	7.72e-14	0.00e+00
 5.86344e+17	1.00e+00	7.53e-14	0.00e+00
 5.86782e+17	1.00e+00	7.32e-14	0.00e+00
 5.87226e+17	1.00e+00	7.12e-14	0.00e+00
 5.87675e+17	1.00e+00	6.91e-14	0.00e+00
 5.88134e+17	1.00e+00	6.71e-14	0.00e+00
 5.88602e+17	1.00e+00	6.50e-14	0.00e+00
 5.89084e+17	1.00e+00	6.29e-14	0.00e+00
 5.89584e+17	1.00e+00	6.08e-14	0.00e+00
 5.90092e+17	1.00e+00	5.86e-14	0.00e+00
 5.90601e+17	1.00e+00	5.65e-14	0.00e+00
 5.91124e+17	1.00e+00	5.43e-14	0.00e+00
 5.91659e+17	1.00e+00	5.21e-14	0.00e+00
 5.92204e+17	1.00e+00	4.99e-14	0.00e+00
 5.92760e+17	1.00e+00	4.78e-14	0.00e+00
 5.93331e+17	1.00e+00	4.57e-14	0.00e+00
 5.93921e+17	1.00e+00	4.35e-14	0.00e+00
 5.94512e+17	1.00e+00	4.14e-14	0.00e+00
 5.95105e+17	1.00e+00	3.93e-14	0.00e+00
 5.95720e+17	1.00e+00	3.73e-14	0.00e+00
 5.96372e+17	1.00e+00	3.52e-14	0.00e+00
 5.97026e+17	1.00e+00	3.31e-14	0.00e+00
 5.97671e+17	1.00e+00	3.11e-14	0.00e+00
 5.98338e+17	1.00e+00	2.91e-14	0.00e+00
 5.99017e+17	1.00e+00	2.73e-14	0.00e+00
 5.99750e+17	1.00e+00	2.55e-14	0.00e+00
 6.00542e+17	1.00e+00	2.35e-14	0.00e+00
 6.01304e+17	1.00e+00	2.16e-14	0.00e+00
 6.01970e+17	1.00e+00	1.99e-14	0.00e+00
 6.02532e+17	1.00e+00	1.87e-14	0.00e+00
 6.03034e+17	1.00e+00	1.76e-14	0.00e+00
 6.03519e+17	1.00e+00	1.67e-14	0.00e+00
 6.04002e+17	1.00e+00	1.58e-14	0.00e+00
 6.04469e+17	1.00e+00	1.49e-14	0.00e+00
 6.04902e+17	1.00e+00	1.42e-14	0.00e+00
 6.05302e+17	1.00e+00	1.35e-14	0.00e+00
 6.05680e+17	1.00e+00	1.29e-14	0.00e+00
 6.06048e+17	1.00e+00	1.23e-14	0.00e+00
 6.06409e+17	1.00e+00	1.18e-14	0.00e+00
 6.06756e+17	1.00e+00	1.12e-14	0.00e+00
 6.07087e+17	1.00e+00	1.08e-14	0.00e+00
 6.07402e+17	1.00e+00	1.03e-14	0.00e+00
 6.07707e+17	1.00e+00	9.93e-15	0.00e+00
 6.08004e+17	1.00e+00	9.54e-15	0.00e+00
 6.08294e+17	1.00e+00	9.17e-15	0.00e+00
 6.08573e+17	1.00e+00	8.82e-15	0.00e+00
 6.08842e+17	1.00e+00	8.49e-15	0.00e+00
 6.09102e+17	1.00e+00	8.18e-15	0.00e+00
 6.09355e+17	1.00e+00	7.87e-15	0.00e+00
 6.09600e+17	1.00e+00	7.61e-15	0.00e+00
 6.09839e+17	1.00e+00	7.34e-15	0.00e+00
 6.10073e+17	1.00e+00	7.07e-15	0.00e+00
 6.10298e+17	1.00e+00	6.83e-15	0.00e+00
 6.10516e+17	1.00e+00	6.60e-15	0.00e+00
 6.10731e+17	1.00e+00	6.39e-15	0.00e+00
 6.10941e+17	1.00e+00	6.16e-15	0.00e+00
 6.11143e+17	1.00e+00	5.97e-15	0.00e+00
 6.11370e+17	1.00e+00	5.78e-15	0.00e+00
 6.11664e+17	1.00e+00	5.55e-15	0.00e+00
 6.12047e+17	1.00e+00	5.24e-15	0.00e+00
 6.12545e+17	1.00e+00	4.87e-15	0.00e+00
 6.13192e+17	1.00e+00	4.41e-15	0.00e+00
 6.14033e+17	1.00e+00	3.86e-15	0.00e+00
