#depth	O	O+	O+2	O+3	O+4	O+5	O+6	O+7	O+8	O[1]	O[2]	O[3]
 1.49634e+10	1.86e-47	1.41e-35	5.26e-25	4.10e-16	4.63e-09	1.84e-04	1.00e+00	0.00e+00	0.00e+00	0.00e+00	0.00e+00	0.00e+00
 4.54887e+10	0.00e+00	2.09e-35	7.19e-25	5.18e-16	5.42e-09	1.99e-04	1.00e+00	0.00e+00	0.00e+00	0.00e+00	0.00e+00	0.00e+00
 7.72350e+10	4.74e-47	3.08e-35	9.83e-25	6.56e-16	6.35e-09	2.15e-04	1.00e+00	0.00e+00	0.00e+00	0.00e+00	0.00e+00	0.00e+00
 1.10251e+11	0.00e+00	4.55e-35	1.34e-24	8.30e-16	7.43e-09	2.33e-04	1.00e+00	0.00e+00	0.00e+00	0.00e+00	0.00e+00	0.00e+00
 1.44588e+11	1.21e-46	6.72e-35	1.84e-24	1.05e-15	8.70e-09	2.52e-04	1.00e+00	0.00e+00	0.00e+00	0.00e+00	0.00e+00	0.00e+00
 1.80298e+11	0.00e+00	9.92e-35	2.51e-24	1.33e-15	1.02e-08	2.73e-04	1.00e+00	0.00e+00	0.00e+00	0.00e+00	0.00e+00	0.00e+00
 2.17437e+11	3.07e-46	1.46e-34	3.43e-24	1.68e-15	1.19e-08	2.96e-04	1.00e+00	0.00e+00	0.00e+00	0.00e+00	0.00e+00	0.00e+00
 2.56061e+11	0.00e+00	2.16e-34	4.69e-24	2.13e-15	1.40e-08	3.20e-04	1.00e+00	0.00e+00	0.00e+00	0.00e+00	0.00e+00	0.00e+00
 2.96231e+11	7.81e-46	3.19e-34	6.41e-24	2.69e-15	1.64e-08	3.47e-04	1.00e+00	0.00e+00	0.00e+00	0.00e+00	0.00e+00	0.00e+00
 3.38007e+11	0.00e+00	4.70e-34	8.76e-24	3.41e-15	1.92e-08	3.76e-04	1.00e+00	0.00e+00	0.00e+00	0.00e+00	0.00e+00	0.00e+00
 3.81454e+11	1.98e-45	6.94e-34	1.20e-23	4.32e-15	2.24e-08	4.07e-04	1.00e+00	0.00e+00	0.00e+00	0.00e+00	0.00e+00	0.00e+00
 4.26639e+11	0.00e+00	1.02e-33	1.63e-23	5.46e-15	2.63e-08	4.41e-04	1.00e+00	0.00e+00	0.00e+00	0.00e+00	0.00e+00	0.00e+00
 4.73631e+11	5.01e-45	1.51e-33	2.23e-23	6.91e-15	3.08e-08	4.78e-04	1.00e+00	0.00e+00	0.00e+00	0.00e+00	0.00e+00	0.00e+00
 5.22503e+11	0.00e+00	2.22e-33	3.05e-23	8.75e-15	3.61e-08	5.18e-04	9.99e-01	0.00e+00	0.00e+00	0.00e+00	0.00e+00	0.00e+00
 5.73330e+11	1.27e-44	3.27e-33	4.16e-23	1.11e-14	4.23e-08	5.61e-04	9.99e-01	0.00e+00	0.00e+00	0.00e+00	0.00e+00	0.00e+00
 6.26190e+11	0.00e+00	4.81e-33	5.68e-23	1.40e-14	4.96e-08	6.08e-04	9.99e-01	0.00e+00	0.00e+00	0.00e+00	0.00e+00	0.00e+00
 6.81164e+11	3.19e-44	7.08e-33	7.76e-23	1.77e-14	5.81e-08	6.59e-04	9.99e-01	0.00e+00	0.00e+00	0.00e+00	0.00e+00	0.00e+00
 7.38337e+11	0.00e+00	1.04e-32	1.06e-22	2.24e-14	6.81e-08	7.14e-04	9.99e-01	0.00e+00	0.00e+00	0.00e+00	0.00e+00	0.00e+00
 7.97798e+11	8.02e-44	1.53e-32	1.44e-22	2.84e-14	7.98e-08	7.75e-04	9.99e-01	0.00e+00	0.00e+00	0.00e+00	0.00e+00	0.00e+00
 8.59636e+11	0.00e+00	2.25e-32	1.97e-22	3.59e-14	9.36e-08	8.40e-04	9.99e-01	0.00e+00	0.00e+00	0.00e+00	0.00e+00	0.00e+00
 9.23949e+11	2.01e-43	3.30e-32	2.68e-22	4.55e-14	1.10e-07	9.11e-04	9.99e-01	0.00e+00	0.00e+00	0.00e+00	0.00e+00	0.00e+00
 9.90833e+11	0.00e+00	4.84e-32	3.66e-22	5.76e-14	1.29e-07	9.88e-04	9.99e-01	0.00e+00	0.00e+00	0.00e+00	0.00e+00	0.00e+00
 1.06039e+12	5.01e-43	7.09e-32	4.99e-22	7.29e-14	1.51e-07	1.07e-03	9.99e-01	0.00e+00	0.00e+00	0.00e+00	0.00e+00	0.00e+00
 1.13274e+12	0.00e+00	1.04e-31	6.79e-22	9.22e-14	1.77e-07	1.16e-03	9.99e-01	0.00e+00	0.00e+00	0.00e+00	0.00e+00	0.00e+00
 1.20797e+12	1.25e-42	1.52e-31	9.25e-22	1.17e-13	2.08e-07	1.26e-03	9.99e-01	0.00e+00	0.00e+00	0.00e+00	0.00e+00	0.00e+00
 1.28622e+12	0.00e+00	2.22e-31	1.26e-21	1.48e-13	2.44e-07	1.37e-03	9.99e-01	0.00e+00	0.00e+00	0.00e+00	0.00e+00	0.00e+00
 1.36759e+12	3.08e-42	3.25e-31	1.71e-21	1.87e-13	2.86e-07	1.49e-03	9.99e-01	0.00e+00	0.00e+00	0.00e+00	0.00e+00	0.00e+00
 1.45222e+12	0.00e+00	4.75e-31	2.33e-21	2.36e-13	3.36e-07	1.62e-03	9.98e-01	0.00e+00	0.00e+00	0.00e+00	0.00e+00	0.00e+00
 1.54024e+12	7.58e-42	6.92e-31	3.16e-21	2.99e-13	3.95e-07	1.76e-03	9.98e-01	0.00e+00	0.00e+00	0.00e+00	0.00e+00	0.00e+00
 1.63178e+12	0.00e+00	1.01e-30	4.30e-21	3.78e-13	4.63e-07	1.91e-03	9.98e-01	0.00e+00	0.00e+00	0.00e+00	0.00e+00	0.00e+00
 1.72697e+12	1.85e-41	1.47e-30	5.83e-21	4.79e-13	5.44e-07	2.08e-03	9.98e-01	0.00e+00	0.00e+00	0.00e+00	0.00e+00	0.00e+00
 1.82598e+12	0.00e+00	2.13e-30	7.92e-21	6.06e-13	6.39e-07	2.26e-03	9.98e-01	0.00e+00	0.00e+00	0.00e+00	0.00e+00	0.00e+00
 1.92895e+12	4.50e-41	3.09e-30	1.07e-20	7.66e-13	7.51e-07	2.46e-03	9.98e-01	0.00e+00	0.00e+00	0.00e+00	0.00e+00	0.00e+00
 2.03603e+12	0.00e+00	4.49e-30	1.45e-20	9.69e-13	8.82e-07	2.68e-03	9.97e-01	0.00e+00	0.00e+00	0.00e+00	0.00e+00	0.00e+00
 2.14740e+12	1.08e-40	6.49e-30	1.97e-20	1.23e-12	1.04e-06	2.91e-03	9.97e-01	0.00e+00	0.00e+00	0.00e+00	0.00e+00	0.00e+00
 2.26322e+12	0.00e+00	9.38e-30	2.66e-20	1.55e-12	1.22e-06	3.17e-03	9.97e-01	0.00e+00	0.00e+00	0.00e+00	0.00e+00	0.00e+00
 2.38368e+12	2.58e-40	1.35e-29	3.60e-20	1.96e-12	1.43e-06	3.45e-03	9.97e-01	0.00e+00	0.00e+00	0.00e+00	0.00e+00	0.00e+00
 2.50895e+12	0.00e+00	1.95e-29	4.86e-20	2.48e-12	1.68e-06	3.76e-03	9.96e-01	0.00e+00	0.00e+00	0.00e+00	0.00e+00	0.00e+00
 2.63924e+12	6.10e-40	2.80e-29	6.56e-20	3.13e-12	1.98e-06	4.10e-03	9.96e-01	0.00e+00	0.00e+00	0.00e+00	0.00e+00	0.00e+00
 2.77473e+12	0.00e+00	4.02e-29	8.85e-20	3.95e-12	2.33e-06	4.47e-03	9.96e-01	0.00e+00	0.00e+00	0.00e+00	0.00e+00	0.00e+00
 2.91565e+12	1.43e-39	5.76e-29	1.19e-19	4.99e-12	2.73e-06	4.88e-03	9.95e-01	0.00e+00	0.00e+00	0.00e+00	0.00e+00	0.00e+00
 3.06220e+12	0.00e+00	8.23e-29	1.60e-19	6.30e-12	3.21e-06	5.32e-03	9.95e-01	0.00e+00	0.00e+00	0.00e+00	0.00e+00	0.00e+00
 3.21461e+12	3.29e-39	1.17e-28	2.15e-19	7.96e-12	3.78e-06	5.81e-03	9.94e-01	0.00e+00	0.00e+00	0.00e+00	0.00e+00	0.00e+00
 3.37313e+12	0.00e+00	1.67e-28	2.89e-19	1.00e-11	4.44e-06	6.34e-03	9.94e-01	0.00e+00	0.00e+00	0.00e+00	0.00e+00	0.00e+00
 3.53798e+12	7.47e-39	2.36e-28	3.87e-19	1.27e-11	5.22e-06	6.92e-03	9.93e-01	0.00e+00	0.00e+00	0.00e+00	0.00e+00	0.00e+00
 3.70942e+12	0.00e+00	3.34e-28	5.18e-19	1.60e-11	6.14e-06	7.56e-03	9.92e-01	0.00e+00	0.00e+00	0.00e+00	0.00e+00	0.00e+00
 3.88773e+12	1.67e-38	4.71e-28	6.93e-19	2.02e-11	7.21e-06	8.27e-03	9.92e-01	0.00e+00	0.00e+00	0.00e+00	0.00e+00	0.00e+00
 4.07316e+12	0.00e+00	6.63e-28	9.25e-19	2.54e-11	8.48e-06	9.04e-03	9.91e-01	0.00e+00	0.00e+00	0.00e+00	0.00e+00	0.00e+00
 4.26602e+12	3.66e-38	9.29e-28	1.23e-18	3.21e-11	9.96e-06	9.89e-03	9.90e-01	0.00e+00	0.00e+00	0.00e+00	0.00e+00	0.00e+00
 4.46658e+12	0.00e+00	1.30e-27	1.64e-18	4.04e-11	1.17e-05	1.08e-02	9.89e-01	0.00e+00	0.00e+00	0.00e+00	0.00e+00	0.00e+00
 4.67517e+12	7.88e-38	1.81e-27	2.18e-18	5.09e-11	1.37e-05	1.19e-02	9.88e-01	0.00e+00	0.00e+00	0.00e+00	0.00e+00	0.00e+00
 4.89211e+12	0.00e+00	2.51e-27	2.89e-18	6.40e-11	1.61e-05	1.30e-02	9.87e-01	0.00e+00	0.00e+00	0.00e+00	0.00e+00	0.00e+00
 5.11772e+12	1.66e-37	3.46e-27	3.82e-18	8.06e-11	1.89e-05	1.42e-02	9.86e-01	0.00e+00	0.00e+00	0.00e+00	0.00e+00	0.00e+00
 5.35235e+12	0.00e+00	4.77e-27	5.05e-18	1.01e-10	2.22e-05	1.56e-02	9.84e-01	0.00e+00	0.00e+00	0.00e+00	0.00e+00	0.00e+00
 5.59638e+12	3.40e-37	6.55e-27	6.67e-18	1.28e-10	2.60e-05	1.71e-02	9.83e-01	0.00e+00	0.00e+00	0.00e+00	0.00e+00	0.00e+00
 5.85016e+12	0.00e+00	8.97e-27	8.80e-18	1.60e-10	3.05e-05	1.88e-02	9.81e-01	0.00e+00	0.00e+00	0.00e+00	0.00e+00	0.00e+00
 6.11409e+12	6.83e-37	1.22e-26	1.16e-17	2.02e-10	3.57e-05	2.06e-02	9.79e-01	0.00e+00	0.00e+00	0.00e+00	0.00e+00	0.00e+00
 6.38858e+12	0.00e+00	1.67e-26	1.52e-17	2.53e-10	4.17e-05	2.26e-02	9.77e-01	0.00e+00	0.00e+00	0.00e+00	0.00e+00	0.00e+00
 6.67405e+12	1.34e-36	2.26e-26	2.00e-17	3.18e-10	4.88e-05	2.48e-02	9.75e-01	0.00e+00	0.00e+00	0.00e+00	0.00e+00	0.00e+00
 6.97094e+12	0.00e+00	3.06e-26	2.63e-17	4.00e-10	5.70e-05	2.73e-02	9.73e-01	0.00e+00	0.00e+00	0.00e+00	0.00e+00	0.00e+00
 7.27970e+12	2.59e-36	4.14e-26	3.45e-17	5.02e-10	6.65e-05	2.99e-02	9.70e-01	0.00e+00	0.00e+00	0.00e+00	0.00e+00	0.00e+00
 7.60082e+12	0.00e+00	5.60e-26	4.54e-17	6.31e-10	7.76e-05	3.29e-02	9.67e-01	0.00e+00	0.00e+00	0.00e+00	0.00e+00	0.00e+00
 7.93478e+12	4.94e-36	7.58e-26	5.97e-17	7.93e-10	9.04e-05	3.61e-02	9.64e-01	0.00e+00	0.00e+00	0.00e+00	0.00e+00	0.00e+00
 8.28210e+12	0.00e+00	1.03e-25	7.86e-17	9.97e-10	1.05e-04	3.96e-02	9.60e-01	0.00e+00	0.00e+00	0.00e+00	0.00e+00	0.00e+00
 8.64331e+12	9.40e-36	1.40e-25	1.04e-16	1.25e-09	1.22e-04	4.35e-02	9.56e-01	0.00e+00	0.00e+00	0.00e+00	0.00e+00	0.00e+00
 9.01897e+12	0.00e+00	1.90e-25	1.37e-16	1.57e-09	1.42e-04	4.77e-02	9.52e-01	0.00e+00	0.00e+00	0.00e+00	0.00e+00	0.00e+00
 9.40965e+12	1.80e-35	2.60e-25	1.82e-16	1.98e-09	1.65e-04	5.23e-02	9.48e-01	0.00e+00	0.00e+00	0.00e+00	0.00e+00	0.00e+00
 9.81596e+12	0.00e+00	3.58e-25	2.41e-16	2.49e-09	1.92e-04	5.73e-02	9.42e-01	0.00e+00	0.00e+00	0.00e+00	0.00e+00	0.00e+00
 1.02385e+13	3.51e-35	4.94e-25	3.21e-16	3.13e-09	2.23e-04	6.27e-02	9.37e-01	0.00e+00	0.00e+00	0.00e+00	0.00e+00	0.00e+00
 1.06780e+13	4.94e-35	6.86e-25	4.29e-16	3.94e-09	2.58e-04	6.86e-02	9.31e-01	0.00e+00	0.00e+00	0.00e+00	0.00e+00	0.00e+00
 1.11350e+13	6.99e-35	9.59e-25	5.74e-16	4.96e-09	2.99e-04	7.50e-02	9.25e-01	0.00e+00	0.00e+00	0.00e+00	0.00e+00	0.00e+00
 1.16104e+13	9.96e-35	1.35e-24	7.71e-16	6.24e-09	3.47e-04	8.19e-02	9.18e-01	0.00e+00	0.00e+00	0.00e+00	0.00e+00	0.00e+00
 1.21047e+13	1.43e-34	1.90e-24	1.04e-15	7.85e-09	4.02e-04	8.93e-02	9.10e-01	0.00e+00	0.00e+00	0.00e+00	0.00e+00	0.00e+00
 1.26188e+13	2.06e-34	2.70e-24	1.40e-15	9.88e-09	4.65e-04	9.73e-02	9.02e-01	0.00e+00	0.00e+00	0.00e+00	0.00e+00	0.00e+00
 1.31535e+13	3.00e-34	3.85e-24	1.89e-15	1.24e-08	5.38e-04	1.06e-01	8.94e-01	0.00e+00	0.00e+00	0.00e+00	0.00e+00	0.00e+00
 1.37096e+13	4.40e-34	5.52e-24	2.56e-15	1.56e-08	6.22e-04	1.15e-01	8.84e-01	0.00e+00	0.00e+00	0.00e+00	0.00e+00	0.00e+00
 1.42879e+13	6.49e-34	7.94e-24	3.46e-15	1.97e-08	7.19e-04	1.25e-01	8.75e-01	0.00e+00	0.00e+00	0.00e+00	0.00e+00	0.00e+00
 1.48893e+13	9.63e-34	1.15e-23	4.70e-15	2.47e-08	8.31e-04	1.35e-01	8.64e-01	0.00e+00	0.00e+00	0.00e+00	0.00e+00	0.00e+00
 1.55148e+13	1.44e-33	1.66e-23	6.38e-15	3.11e-08	9.59e-04	1.46e-01	8.53e-01	0.00e+00	0.00e+00	0.00e+00	0.00e+00	0.00e+00
 1.61653e+13	2.15e-33	2.41e-23	8.66e-15	3.90e-08	1.11e-03	1.58e-01	8.41e-01	0.00e+00	0.00e+00	0.00e+00	0.00e+00	0.00e+00
 1.68419e+13	3.25e-33	3.51e-23	1.18e-14	4.89e-08	1.28e-03	1.70e-01	8.28e-01	0.00e+00	0.00e+00	0.00e+00	0.00e+00	0.00e+00
 1.75455e+13	4.91e-33	5.12e-23	1.60e-14	6.13e-08	1.47e-03	1.83e-01	8.15e-01	0.00e+00	0.00e+00	0.00e+00	0.00e+00	0.00e+00
 1.82772e+13	7.47e-33	7.47e-23	2.17e-14	7.68e-08	1.69e-03	1.97e-01	8.01e-01	0.00e+00	0.00e+00	0.00e+00	0.00e+00	0.00e+00
 1.90383e+13	1.14e-32	1.09e-22	2.94e-14	9.60e-08	1.95e-03	2.12e-01	7.86e-01	0.00e+00	0.00e+00	0.00e+00	0.00e+00	0.00e+00
 1.98125e+13	1.72e-32	1.58e-22	3.97e-14	1.19e-07	2.23e-03	2.27e-01	7.71e-01	0.00e+00	0.00e+00	0.00e+00	0.00e+00	0.00e+00
 2.06177e+13	2.62e-32	2.29e-22	5.34e-14	1.48e-07	2.55e-03	2.42e-01	7.55e-01	0.00e+00	0.00e+00	0.00e+00	0.00e+00	0.00e+00
 2.14724e+13	4.01e-32	3.35e-22	7.23e-14	1.85e-07	2.93e-03	2.58e-01	7.39e-01	0.00e+00	0.00e+00	0.00e+00	0.00e+00	0.00e+00
 2.23612e+13	6.17e-32	4.89e-22	9.78e-14	2.30e-07	3.35e-03	2.75e-01	7.21e-01	0.00e+00	0.00e+00	0.00e+00	0.00e+00	0.00e+00
 2.32856e+13	9.49e-32	7.14e-22	1.32e-13	2.86e-07	3.83e-03	2.93e-01	7.03e-01	0.00e+00	0.00e+00	0.00e+00	0.00e+00	0.00e+00
 2.42469e+13	1.46e-31	1.04e-21	1.78e-13	3.55e-07	4.37e-03	3.11e-01	6.84e-01	0.00e+00	0.00e+00	0.00e+00	0.00e+00	0.00e+00
 2.52467e+13	2.25e-31	1.52e-21	2.40e-13	4.40e-07	4.99e-03	3.30e-01	6.65e-01	0.00e+00	0.00e+00	0.00e+00	0.00e+00	0.00e+00
 2.62865e+13	3.48e-31	2.21e-21	3.23e-13	5.45e-07	5.67e-03	3.49e-01	6.45e-01	0.00e+00	0.00e+00	0.00e+00	0.00e+00	0.00e+00
 2.73679e+13	5.36e-31	3.21e-21	4.33e-13	6.73e-07	6.45e-03	3.69e-01	6.25e-01	0.00e+00	0.00e+00	0.00e+00	0.00e+00	0.00e+00
 2.84925e+13	8.27e-31	4.66e-21	5.80e-13	8.29e-07	7.32e-03	3.89e-01	6.04e-01	0.00e+00	0.00e+00	0.00e+00	0.00e+00	0.00e+00
 2.96622e+13	1.28e-30	6.75e-21	7.76e-13	1.02e-06	8.29e-03	4.09e-01	5.83e-01	0.00e+00	0.00e+00	0.00e+00	0.00e+00	0.00e+00
 3.08786e+13	1.96e-30	9.76e-21	1.04e-12	1.25e-06	9.37e-03	4.29e-01	5.62e-01	0.00e+00	0.00e+00	0.00e+00	0.00e+00	0.00e+00
 3.21436e+13	3.03e-30	1.41e-20	1.38e-12	1.54e-06	1.06e-02	4.49e-01	5.40e-01	0.00e+00	0.00e+00	0.00e+00	0.00e+00	0.00e+00
 3.34593e+13	4.66e-30	2.03e-20	1.84e-12	1.88e-06	1.19e-02	4.70e-01	5.18e-01	0.00e+00	0.00e+00	0.00e+00	0.00e+00	0.00e+00
 3.48276e+13	7.16e-30	2.93e-20	2.44e-12	2.30e-06	1.34e-02	4.90e-01	4.97e-01	0.00e+00	0.00e+00	0.00e+00	0.00e+00	0.00e+00
 3.62506e+13	1.10e-29	4.20e-20	3.23e-12	2.80e-06	1.50e-02	5.10e-01	4.75e-01	0.00e+00	0.00e+00	0.00e+00	0.00e+00	0.00e+00
 3.77306e+13	1.69e-29	6.02e-20	4.27e-12	3.41e-06	1.69e-02	5.30e-01	4.53e-01	0.00e+00	0.00e+00	0.00e+00	0.00e+00	0.00e+00
 3.92697e+13	2.59e-29	8.62e-20	5.64e-12	4.14e-06	1.88e-02	5.50e-01	4.32e-01	0.00e+00	0.00e+00	0.00e+00	0.00e+00	0.00e+00
 4.08705e+13	3.96e-29	1.23e-19	7.43e-12	5.02e-06	2.10e-02	5.69e-01	4.10e-01	0.00e+00	0.00e+00	0.00e+00	0.00e+00	0.00e+00
 4.25352e+13	6.05e-29	1.75e-19	9.76e-12	6.07e-06	2.34e-02	5.87e-01	3.89e-01	0.00e+00	0.00e+00	0.00e+00	0.00e+00	0.00e+00
 4.42665e+13	9.24e-29	2.49e-19	1.28e-11	7.34e-06	2.61e-02	6.05e-01	3.69e-01	0.00e+00	0.00e+00	0.00e+00	0.00e+00	0.00e+00
 4.60671e+13	1.41e-28	3.54e-19	1.68e-11	8.84e-06	2.89e-02	6.22e-01	3.49e-01	0.00e+00	0.00e+00	0.00e+00	0.00e+00	0.00e+00
 4.79397e+13	2.14e-28	5.02e-19	2.19e-11	1.06e-05	3.21e-02	6.39e-01	3.29e-01	0.00e+00	0.00e+00	0.00e+00	0.00e+00	0.00e+00
 4.98873e+13	3.26e-28	7.09e-19	2.86e-11	1.28e-05	3.55e-02	6.55e-01	3.10e-01	0.00e+00	0.00e+00	0.00e+00	0.00e+00	0.00e+00
 5.19127e+13	4.95e-28	1.00e-18	3.73e-11	1.53e-05	3.92e-02	6.70e-01	2.91e-01	0.00e+00	0.00e+00	0.00e+00	0.00e+00	0.00e+00
 5.40191e+13	7.50e-28	1.41e-18	4.85e-11	1.83e-05	4.32e-02	6.83e-01	2.73e-01	0.00e+00	0.00e+00	0.00e+00	0.00e+00	0.00e+00
 5.62098e+13	1.14e-27	1.98e-18	6.29e-11	2.19e-05	4.75e-02	6.96e-01	2.56e-01	0.00e+00	0.00e+00	0.00e+00	0.00e+00	0.00e+00
 5.84881e+13	1.72e-27	2.78e-18	8.15e-11	2.61e-05	5.22e-02	7.08e-01	2.39e-01	0.00e+00	0.00e+00	0.00e+00	0.00e+00	0.00e+00
 6.08576e+13	2.58e-27	3.89e-18	1.05e-10	3.11e-05	5.73e-02	7.19e-01	2.23e-01	0.00e+00	0.00e+00	0.00e+00	0.00e+00	0.00e+00
 6.33218e+13	3.91e-27	5.46e-18	1.36e-10	3.70e-05	6.27e-02	7.29e-01	2.08e-01	0.00e+00	0.00e+00	0.00e+00	0.00e+00	0.00e+00
 6.58846e+13	5.88e-27	7.63e-18	1.76e-10	4.39e-05	6.85e-02	7.38e-01	1.94e-01	0.00e+00	0.00e+00	0.00e+00	0.00e+00	0.00e+00
 6.85499e+13	8.85e-27	1.06e-17	2.26e-10	5.20e-05	7.48e-02	7.45e-01	1.80e-01	0.00e+00	0.00e+00	0.00e+00	0.00e+00	0.00e+00
 7.13218e+13	1.33e-26	1.48e-17	2.91e-10	6.15e-05	8.15e-02	7.52e-01	1.67e-01	0.00e+00	0.00e+00	0.00e+00	0.00e+00	0.00e+00
 7.42046e+13	1.99e-26	2.05e-17	3.73e-10	7.27e-05	8.87e-02	7.57e-01	1.54e-01	0.00e+00	0.00e+00	0.00e+00	0.00e+00	0.00e+00
 7.72027e+13	2.98e-26	2.85e-17	4.78e-10	8.57e-05	9.64e-02	7.61e-01	1.43e-01	0.00e+00	0.00e+00	0.00e+00	0.00e+00	0.00e+00
 8.03208e+13	4.45e-26	3.94e-17	6.12e-10	1.01e-04	1.05e-01	7.64e-01	1.32e-01	0.00e+00	0.00e+00	0.00e+00	0.00e+00	0.00e+00
 8.35635e+13	6.64e-26	5.45e-17	7.81e-10	1.19e-04	1.13e-01	7.65e-01	1.21e-01	0.00e+00	0.00e+00	0.00e+00	0.00e+00	0.00e+00
 8.69360e+13	9.89e-26	7.51e-17	9.97e-10	1.39e-04	1.23e-01	7.66e-01	1.12e-01	0.00e+00	0.00e+00	0.00e+00	0.00e+00	0.00e+00
 9.04434e+13	1.47e-25	1.03e-16	1.27e-09	1.63e-04	1.32e-01	7.65e-01	1.03e-01	0.00e+00	0.00e+00	0.00e+00	0.00e+00	0.00e+00
 9.40910e+13	2.18e-25	1.42e-16	1.61e-09	1.91e-04	1.43e-01	7.63e-01	9.42e-02	0.00e+00	0.00e+00	0.00e+00	0.00e+00	0.00e+00
 9.78846e+13	3.22e-25	1.94e-16	2.04e-09	2.23e-04	1.54e-01	7.60e-01	8.63e-02	0.00e+00	0.00e+00	0.00e+00	0.00e+00	0.00e+00
 1.01830e+14	4.76e-25	2.65e-16	2.59e-09	2.61e-04	1.65e-01	7.55e-01	7.89e-02	0.00e+00	0.00e+00	0.00e+00	0.00e+00	0.00e+00
 1.05933e+14	7.02e-25	3.62e-16	3.28e-09	3.04e-04	1.78e-01	7.50e-01	7.21e-02	0.00e+00	0.00e+00	0.00e+00	0.00e+00	0.00e+00
 1.10200e+14	1.03e-24	4.93e-16	4.14e-09	3.53e-04	1.90e-01	7.43e-01	6.58e-02	0.00e+00	0.00e+00	0.00e+00	0.00e+00	0.00e+00
 1.14638e+14	1.52e-24	6.69e-16	5.21e-09	4.10e-04	2.04e-01	7.36e-01	5.99e-02	0.00e+00	0.00e+00	0.00e+00	0.00e+00	0.00e+00
 1.19254e+14	2.22e-24	9.07e-16	6.56e-09	4.76e-04	2.18e-01	7.27e-01	5.45e-02	0.00e+00	0.00e+00	0.00e+00	0.00e+00	0.00e+00
 1.24054e+14	3.25e-24	1.23e-15	8.25e-09	5.51e-04	2.32e-01	7.18e-01	4.95e-02	0.00e+00	0.00e+00	0.00e+00	0.00e+00	0.00e+00
 1.29046e+14	4.75e-24	1.66e-15	1.04e-08	6.37e-04	2.48e-01	7.07e-01	4.48e-02	0.00e+00	0.00e+00	0.00e+00	0.00e+00	0.00e+00
 1.34238e+14	6.84e-24	2.21e-15	1.30e-08	7.35e-04	2.64e-01	6.95e-01	4.06e-02	0.00e+00	0.00e+00	0.00e+00	0.00e+00	0.00e+00
 1.39637e+14	9.92e-24	2.96e-15	1.62e-08	8.47e-04	2.80e-01	6.83e-01	3.67e-02	0.00e+00	0.00e+00	0.00e+00	0.00e+00	0.00e+00
 1.45252e+14	1.46e-23	4.02e-15	2.02e-08	9.74e-04	2.97e-01	6.69e-01	3.31e-02	0.00e+00	0.00e+00	0.00e+00	0.00e+00	0.00e+00
 1.51092e+14	2.10e-23	5.37e-15	2.52e-08	1.12e-03	3.14e-01	6.55e-01	2.98e-02	0.00e+00	0.00e+00	0.00e+00	0.00e+00	0.00e+00
 1.57166e+14	3.03e-23	7.16e-15	3.13e-08	1.28e-03	3.32e-01	6.40e-01	2.68e-02	0.00e+00	0.00e+00	0.00e+00	0.00e+00	0.00e+00
 1.63483e+14	4.37e-23	9.54e-15	3.89e-08	1.47e-03	3.50e-01	6.24e-01	2.41e-02	0.00e+00	0.00e+00	0.00e+00	0.00e+00	0.00e+00
 1.70052e+14	6.27e-23	1.27e-14	4.82e-08	1.68e-03	3.69e-01	6.08e-01	2.16e-02	0.00e+00	0.00e+00	0.00e+00	0.00e+00	0.00e+00
 1.76884e+14	8.99e-23	1.68e-14	5.97e-08	1.91e-03	3.88e-01	5.91e-01	1.93e-02	0.00e+00	0.00e+00	0.00e+00	0.00e+00	0.00e+00
 1.83989e+14	1.26e-22	2.19e-14	7.37e-08	2.18e-03	4.08e-01	5.73e-01	1.73e-02	0.00e+00	0.00e+00	0.00e+00	0.00e+00	0.00e+00
 1.91379e+14	1.83e-22	2.92e-14	9.08e-08	2.47e-03	4.27e-01	5.55e-01	1.54e-02	0.00e+00	0.00e+00	0.00e+00	0.00e+00	0.00e+00
 1.99064e+14	2.56e-22	3.79e-14	1.12e-07	2.81e-03	4.47e-01	5.37e-01	1.37e-02	0.00e+00	0.00e+00	0.00e+00	0.00e+00	0.00e+00
 2.07056e+14	3.68e-22	5.05e-14	1.37e-07	3.18e-03	4.67e-01	5.18e-01	1.22e-02	0.00e+00	0.00e+00	0.00e+00	0.00e+00	0.00e+00
 2.15368e+14	5.21e-22	6.60e-14	1.68e-07	3.59e-03	4.87e-01	4.99e-01	1.08e-02	0.00e+00	0.00e+00	0.00e+00	0.00e+00	0.00e+00
 2.24013e+14	7.34e-22	8.61e-14	2.06e-07	4.05e-03	5.06e-01	4.80e-01	9.58e-03	0.00e+00	0.00e+00	0.00e+00	0.00e+00	0.00e+00
 2.33004e+14	1.03e-21	1.12e-13	2.51e-07	4.57e-03	5.26e-01	4.61e-01	8.48e-03	0.00e+00	0.00e+00	0.00e+00	0.00e+00	0.00e+00
 2.42354e+14	1.45e-21	1.46e-13	3.06e-07	5.13e-03	5.46e-01	4.42e-01	7.49e-03	0.00e+00	0.00e+00	0.00e+00	0.00e+00	0.00e+00
 2.52078e+14	2.02e-21	1.89e-13	3.72e-07	5.76e-03	5.65e-01	4.23e-01	6.60e-03	0.00e+00	0.00e+00	0.00e+00	0.00e+00	0.00e+00
 2.62191e+14	2.82e-21	2.44e-13	4.52e-07	6.45e-03	5.84e-01	4.04e-01	5.81e-03	0.00e+00	0.00e+00	0.00e+00	0.00e+00	0.00e+00
 2.72708e+14	3.93e-21	3.15e-13	5.47e-07	7.21e-03	6.03e-01	3.85e-01	5.11e-03	0.00e+00	0.00e+00	0.00e+00	0.00e+00	0.00e+00
 2.83646e+14	5.46e-21	4.05e-13	6.61e-07	8.05e-03	6.21e-01	3.67e-01	4.49e-03	0.00e+00	0.00e+00	0.00e+00	0.00e+00	0.00e+00
 2.95022e+14	7.56e-21	5.20e-13	7.98e-07	8.96e-03	6.39e-01	3.48e-01	3.93e-03	0.00e+00	0.00e+00	0.00e+00	0.00e+00	0.00e+00
 3.06853e+14	1.04e-20	6.66e-13	9.61e-07	9.97e-03	6.56e-01	3.31e-01	3.44e-03	0.00e+00	0.00e+00	0.00e+00	0.00e+00	0.00e+00
 3.19157e+14	1.44e-20	8.52e-13	1.16e-06	1.11e-02	6.73e-01	3.13e-01	3.01e-03	0.00e+00	0.00e+00	0.00e+00	0.00e+00	0.00e+00
 3.31953e+14	1.98e-20	1.09e-12	1.39e-06	1.23e-02	6.89e-01	2.96e-01	2.62e-03	0.00e+00	0.00e+00	0.00e+00	0.00e+00	0.00e+00
 3.45261e+14	2.72e-20	1.38e-12	1.66e-06	1.36e-02	7.04e-01	2.80e-01	2.29e-03	0.00e+00	0.00e+00	0.00e+00	0.00e+00	0.00e+00
 3.59102e+14	3.73e-20	1.76e-12	1.99e-06	1.50e-02	7.19e-01	2.64e-01	1.99e-03	0.00e+00	0.00e+00	0.00e+00	0.00e+00	0.00e+00
 3.73496e+14	5.11e-20	2.24e-12	2.37e-06	1.65e-02	7.33e-01	2.49e-01	1.73e-03	0.00e+00	0.00e+00	0.00e+00	0.00e+00	0.00e+00
 3.88466e+14	6.99e-20	2.84e-12	2.83e-06	1.82e-02	7.46e-01	2.34e-01	1.50e-03	0.00e+00	0.00e+00	0.00e+00	0.00e+00	0.00e+00
 4.04034e+14	9.54e-20	3.59e-12	3.37e-06	2.01e-02	7.59e-01	2.20e-01	1.30e-03	0.00e+00	0.00e+00	0.00e+00	0.00e+00	0.00e+00
 4.20225e+14	1.30e-19	4.55e-12	4.00e-06	2.20e-02	7.70e-01	2.06e-01	1.13e-03	0.00e+00	0.00e+00	0.00e+00	0.00e+00	0.00e+00
 4.37064e+14	1.77e-19	5.74e-12	4.75e-06	2.42e-02	7.81e-01	1.93e-01	9.77e-04	0.00e+00	0.00e+00	0.00e+00	0.00e+00	0.00e+00
 4.54577e+14	2.41e-19	7.25e-12	5.63e-06	2.65e-02	7.92e-01	1.81e-01	8.44e-04	0.00e+00	0.00e+00	0.00e+00	0.00e+00	0.00e+00
 4.72790e+14	3.27e-19	9.14e-12	6.66e-06	2.90e-02	8.01e-01	1.69e-01	7.29e-04	0.00e+00	0.00e+00	0.00e+00	0.00e+00	0.00e+00
 4.91731e+14	4.44e-19	1.15e-11	7.88e-06	3.17e-02	8.10e-01	1.58e-01	6.28e-04	0.00e+00	0.00e+00	0.00e+00	0.00e+00	0.00e+00
 5.11431e+14	6.03e-19	1.45e-11	9.30e-06	3.46e-02	8.18e-01	1.47e-01	5.41e-04	0.00e+00	0.00e+00	0.00e+00	0.00e+00	0.00e+00
 5.31918e+14	8.18e-19	1.83e-11	1.10e-05	3.77e-02	8.25e-01	1.37e-01	4.65e-04	0.00e+00	0.00e+00	0.00e+00	0.00e+00	0.00e+00
 5.53224e+14	1.11e-18	2.30e-11	1.29e-05	4.11e-02	8.31e-01	1.28e-01	4.00e-04	0.00e+00	0.00e+00	0.00e+00	0.00e+00	0.00e+00
 5.75383e+14	1.50e-18	2.89e-11	1.52e-05	4.48e-02	8.36e-01	1.19e-01	3.43e-04	0.00e+00	0.00e+00	0.00e+00	0.00e+00	0.00e+00
 5.98428e+14	2.04e-18	3.63e-11	1.79e-05	4.87e-02	8.41e-01	1.10e-01	2.94e-04	0.00e+00	0.00e+00	0.00e+00	0.00e+00	0.00e+00
 6.22396e+14	2.76e-18	4.56e-11	2.11e-05	5.29e-02	8.45e-01	1.02e-01	2.52e-04	0.00e+00	0.00e+00	0.00e+00	0.00e+00	0.00e+00
 6.47321e+14	3.73e-18	5.72e-11	2.47e-05	5.74e-02	8.48e-01	9.47e-02	2.16e-04	0.00e+00	0.00e+00	0.00e+00	0.00e+00	0.00e+00
 6.73244e+14	5.05e-18	7.17e-11	2.90e-05	6.23e-02	8.50e-01	8.77e-02	1.84e-04	0.00e+00	0.00e+00	0.00e+00	0.00e+00	0.00e+00
 7.00204e+14	6.83e-18	9.00e-11	3.40e-05	6.75e-02	8.51e-01	8.11e-02	1.57e-04	0.00e+00	0.00e+00	0.00e+00	0.00e+00	0.00e+00
 7.28242e+14	9.22e-18	1.13e-10	3.98e-05	7.31e-02	8.52e-01	7.49e-02	1.34e-04	0.00e+00	0.00e+00	0.00e+00	0.00e+00	0.00e+00
 7.57401e+14	1.25e-17	1.41e-10	4.65e-05	7.90e-02	8.52e-01	6.91e-02	1.14e-04	0.00e+00	0.00e+00	0.00e+00	0.00e+00	0.00e+00
 7.87727e+14	1.68e-17	1.77e-10	5.43e-05	8.54e-02	8.51e-01	6.37e-02	9.74e-05	0.00e+00	0.00e+00	0.00e+00	0.00e+00	0.00e+00
 8.19266e+14	2.27e-17	2.21e-10	6.34e-05	9.22e-02	8.49e-01	5.87e-02	8.28e-05	0.00e+00	0.00e+00	1.32e-17	6.96e-18	2.29e-18
 8.50783e+14	3.03e-17	2.74e-10	7.35e-05	9.91e-02	8.47e-01	5.41e-02	7.08e-05	0.00e+00	0.00e+00	1.69e-17	1.00e-17	3.38e-18
 8.83561e+14	4.04e-17	3.40e-10	8.51e-05	1.06e-01	8.43e-01	4.99e-02	6.04e-05	0.00e+00	0.00e+00	2.25e-17	1.33e-17	4.50e-18
 9.18933e+14	5.45e-17	4.25e-10	9.93e-05	1.15e-01	8.39e-01	4.58e-02	5.11e-05	0.00e+00	0.00e+00	3.04e-17	1.80e-17	6.08e-18
 9.54818e+14	7.31e-17	5.28e-10	1.15e-04	1.23e-01	8.35e-01	4.21e-02	4.34e-05	0.00e+00	0.00e+00	4.08e-17	2.41e-17	8.16e-18
 9.92139e+14	9.77e-17	6.55e-10	1.33e-04	1.32e-01	8.29e-01	3.86e-02	3.69e-05	0.00e+00	0.00e+00	5.45e-17	3.22e-17	1.09e-17
 1.03185e+15	1.32e-16	8.18e-10	1.54e-04	1.42e-01	8.23e-01	3.54e-02	3.11e-05	0.00e+00	0.00e+00	7.35e-17	4.33e-17	1.47e-17
 1.07316e+15	1.78e-16	1.02e-09	1.79e-04	1.52e-01	8.15e-01	3.23e-02	2.62e-05	0.00e+00	0.00e+00	9.92e-17	5.84e-17	1.99e-17
 1.11611e+15	2.39e-16	1.27e-09	2.08e-04	1.63e-01	8.07e-01	2.95e-02	2.21e-05	0.00e+00	0.00e+00	1.33e-16	7.85e-17	2.67e-17
 1.16079e+15	3.22e-16	1.59e-09	2.41e-04	1.75e-01	7.98e-01	2.69e-02	1.86e-05	0.00e+00	0.00e+00	1.80e-16	1.06e-16	3.61e-17
 1.20725e+15	4.31e-16	1.97e-09	2.78e-04	1.87e-01	7.89e-01	2.45e-02	1.56e-05	0.00e+00	0.00e+00	2.41e-16	1.41e-16	4.83e-17
 1.25557e+15	5.82e-16	2.46e-09	3.22e-04	1.99e-01	7.78e-01	2.22e-02	1.30e-05	0.00e+00	0.00e+00	3.25e-16	1.90e-16	6.51e-17
 1.30582e+15	7.83e-16	3.06e-09	3.71e-04	2.13e-01	7.67e-01	2.02e-02	1.09e-05	0.00e+00	0.00e+00	4.38e-16	2.56e-16	8.77e-17
 1.35809e+15	1.04e-15	3.78e-09	4.27e-04	2.27e-01	7.55e-01	1.83e-02	9.12e-06	0.00e+00	0.00e+00	5.85e-16	3.41e-16	1.17e-16
 1.41244e+15	1.40e-15	4.70e-09	4.92e-04	2.41e-01	7.42e-01	1.65e-02	7.60e-06	0.00e+00	0.00e+00	7.86e-16	4.57e-16	1.57e-16
 1.46897e+15	1.89e-15	5.85e-09	5.67e-04	2.57e-01	7.28e-01	1.49e-02	6.32e-06	0.00e+00	0.00e+00	1.06e-15	6.14e-16	2.12e-16
 1.52776e+15	2.53e-15	7.26e-09	6.51e-04	2.73e-01	7.13e-01	1.35e-02	5.25e-06	0.00e+00	0.00e+00	1.42e-15	8.22e-16	2.84e-16
 1.58466e+15	3.30e-15	8.80e-09	7.40e-04	2.88e-01	6.99e-01	1.22e-02	4.41e-06	0.00e+00	0.00e+00	1.85e-15	1.07e-15	3.70e-16
 1.63767e+15	4.21e-15	1.05e-08	8.30e-04	3.02e-01	6.86e-01	1.12e-02	3.76e-06	0.00e+00	0.00e+00	2.37e-15	1.36e-15	4.73e-16
 1.69702e+15	5.51e-15	1.28e-08	9.40e-04	3.18e-01	6.71e-01	1.01e-02	3.16e-06	0.00e+00	0.00e+00	3.10e-15	1.78e-15	6.18e-16
 1.76309e+15	7.31e-15	1.58e-08	1.07e-03	3.36e-01	6.54e-01	9.09e-03	2.62e-06	0.00e+00	0.00e+00	4.12e-15	2.36e-15	8.21e-16
 1.82621e+15	9.39e-15	1.89e-08	1.20e-03	3.52e-01	6.38e-01	8.22e-03	2.20e-06	0.00e+00	0.00e+00	5.30e-15	3.02e-15	1.05e-15
 1.89369e+15	1.23e-14	2.29e-08	1.36e-03	3.70e-01	6.21e-01	7.40e-03	1.83e-06	0.00e+00	0.00e+00	6.92e-15	3.93e-15	1.38e-15
 1.96697e+15	1.63e-14	2.82e-08	1.55e-03	3.89e-01	6.03e-01	6.61e-03	1.51e-06	0.00e+00	0.00e+00	9.22e-15	5.22e-15	1.83e-15
 2.03619e+15	2.10e-14	3.39e-08	1.73e-03	4.06e-01	5.86e-01	5.96e-03	1.26e-06	0.00e+00	0.00e+00	1.19e-14	6.71e-15	2.36e-15
 2.11067e+15	2.70e-14	4.06e-08	1.95e-03	4.25e-01	5.68e-01	5.34e-03	1.05e-06	0.00e+00	0.00e+00	1.53e-14	8.61e-15	3.03e-15
 2.19296e+15	3.59e-14	4.99e-08	2.21e-03	4.45e-01	5.48e-01	4.73e-03	8.53e-07	0.00e+00	0.00e+00	2.04e-14	1.14e-14	4.03e-15
 2.27113e+15	4.64e-14	6.00e-08	2.47e-03	4.63e-01	5.30e-01	4.24e-03	0.00e+00	0.00e+00	0.00e+00	2.63e-14	1.47e-14	5.19e-15
 2.35458e+15	6.01e-14	7.23e-08	2.78e-03	4.82e-01	5.11e-01	3.77e-03	0.00e+00	0.00e+00	0.00e+00	3.42e-14	1.90e-14	6.73e-15
 2.44572e+15	7.91e-14	8.81e-08	3.13e-03	5.03e-01	4.91e-01	3.32e-03	0.00e+00	0.00e+00	0.00e+00	4.50e-14	2.50e-14	8.85e-15
 2.53259e+15	1.02e-13	1.05e-07	3.49e-03	5.22e-01	4.72e-01	2.95e-03	0.00e+00	0.00e+00	0.00e+00	5.79e-14	3.20e-14	1.14e-14
 2.62602e+15	1.32e-13	1.27e-07	3.90e-03	5.41e-01	4.53e-01	2.61e-03	0.00e+00	0.00e+00	0.00e+00	7.53e-14	4.15e-14	1.47e-14
 2.72814e+15	1.73e-13	1.54e-07	4.39e-03	5.61e-01	4.32e-01	2.28e-03	0.00e+00	0.00e+00	0.00e+00	9.89e-14	5.43e-14	1.93e-14
 2.82513e+15	2.20e-13	1.83e-07	4.87e-03	5.80e-01	4.14e-01	2.02e-03	0.00e+00	0.00e+00	0.00e+00	1.26e-13	6.89e-14	2.45e-14
 2.92895e+15	2.88e-13	2.21e-07	5.45e-03	5.99e-01	3.94e-01	1.77e-03	0.00e+00	0.00e+00	0.00e+00	1.65e-13	8.98e-14	3.20e-14
 3.04195e+15	3.78e-13	2.68e-07	6.10e-03	6.19e-01	3.74e-01	1.54e-03	0.00e+00	0.00e+00	0.00e+00	2.16e-13	1.18e-13	4.19e-14
 3.14899e+15	4.84e-13	3.20e-07	6.76e-03	6.36e-01	3.55e-01	1.35e-03	0.00e+00	0.00e+00	0.00e+00	2.77e-13	1.50e-13	5.36e-14
 3.26451e+15	6.27e-13	3.84e-07	7.52e-03	6.55e-01	3.37e-01	1.17e-03	0.00e+00	0.00e+00	0.00e+00	3.60e-13	1.95e-13	6.94e-14
 3.39142e+15	8.12e-13	4.60e-07	8.40e-03	6.73e-01	3.17e-01	1.01e-03	0.00e+00	0.00e+00	0.00e+00	4.66e-13	2.52e-13	8.97e-14
 3.51238e+15	1.06e-12	5.55e-07	9.33e-03	6.90e-01	3.00e-01	8.77e-04	0.00e+00	0.00e+00	0.00e+00	6.08e-13	3.27e-13	1.17e-13
 3.62796e+15	1.34e-12	6.54e-07	1.02e-02	7.05e-01	2.84e-01	7.69e-04	0.00e+00	0.00e+00	0.00e+00	7.68e-13	4.13e-13	1.47e-13
 3.75919e+15	1.70e-12	7.75e-07	1.14e-02	7.21e-01	2.67e-01	6.62e-04	0.00e+00	0.00e+00	0.00e+00	9.78e-13	5.25e-13	1.87e-13
 3.90585e+15	2.28e-12	9.52e-07	1.27e-02	7.38e-01	2.48e-01	5.62e-04	0.00e+00	0.00e+00	0.00e+00	1.31e-12	7.03e-13	2.50e-13
 4.04414e+15	2.92e-12	1.14e-06	1.41e-02	7.53e-01	2.33e-01	4.83e-04	0.00e+00	0.00e+00	0.00e+00	1.68e-12	9.02e-13	3.20e-13
 4.19170e+15	3.74e-12	1.35e-06	1.56e-02	7.67e-01	2.17e-01	4.12e-04	0.00e+00	0.00e+00	0.00e+00	2.16e-12	1.15e-12	4.09e-13
 4.35419e+15	5.04e-12	1.66e-06	1.74e-02	7.82e-01	2.01e-01	3.46e-04	0.00e+00	0.00e+00	0.00e+00	2.90e-12	1.55e-12	5.49e-13
 4.50306e+15	6.46e-12	1.98e-06	1.92e-02	7.93e-01	1.87e-01	2.96e-04	0.00e+00	0.00e+00	0.00e+00	3.72e-12	1.99e-12	7.03e-13
 4.63918e+15	7.93e-12	2.29e-06	2.10e-02	8.03e-01	1.75e-01	2.57e-04	0.00e+00	0.00e+00	0.00e+00	4.58e-12	2.44e-12	8.62e-13
 4.79453e+15	1.02e-11	2.73e-06	2.32e-02	8.14e-01	1.63e-01	2.19e-04	0.00e+00	0.00e+00	0.00e+00	5.87e-12	3.13e-12	1.10e-12
 4.98000e+15	1.39e-11	3.40e-06	2.61e-02	8.25e-01	1.48e-01	1.81e-04	0.00e+00	0.00e+00	0.00e+00	8.01e-12	4.27e-12	1.50e-12
 5.16246e+15	1.84e-11	4.14e-06	2.91e-02	8.35e-01	1.36e-01	1.51e-04	0.00e+00	0.00e+00	0.00e+00	1.06e-11	5.65e-12	1.98e-12
 5.32450e+15	2.29e-11	4.84e-06	3.21e-02	8.42e-01	1.26e-01	1.28e-04	0.00e+00	0.00e+00	0.00e+00	1.32e-11	7.04e-12	2.47e-12
 5.50219e+15	3.06e-11	5.95e-06	3.58e-02	8.49e-01	1.15e-01	1.07e-04	0.00e+00	0.00e+00	0.00e+00	1.77e-11	9.40e-12	3.29e-12
 5.70039e+15	3.97e-11	7.17e-06	4.02e-02	8.55e-01	1.04e-01	8.79e-05	0.00e+00	0.00e+00	0.00e+00	2.30e-11	1.22e-11	4.26e-12
 5.89261e+15	5.42e-11	8.99e-06	4.51e-02	8.60e-01	9.45e-02	7.25e-05	0.00e+00	0.00e+00	0.00e+00	3.14e-11	1.67e-11	5.81e-12
 6.07316e+15	7.06e-11	1.09e-05	5.03e-02	8.63e-01	8.62e-02	6.07e-05	0.00e+00	0.00e+00	0.00e+00	4.08e-11	2.17e-11	7.55e-12
 6.27119e+15	9.47e-11	1.35e-05	5.69e-02	8.66e-01	7.74e-02	4.96e-05	0.00e+00	0.00e+00	0.00e+00	5.48e-11	2.91e-11	1.01e-11
 6.49254e+15	1.31e-10	1.71e-05	6.53e-02	8.66e-01	6.87e-02	3.96e-05	0.00e+00	0.00e+00	0.00e+00	7.58e-11	4.03e-11	1.40e-11
 6.69942e+15	1.71e-10	2.08e-05	7.45e-02	8.64e-01	6.12e-02	3.21e-05	0.00e+00	0.00e+00	0.00e+00	9.89e-11	5.25e-11	1.82e-11
 6.89332e+15	2.40e-10	2.69e-05	8.50e-02	8.60e-01	5.45e-02	2.61e-05	0.00e+00	0.00e+00	0.00e+00	1.39e-10	7.37e-11	2.55e-11
 7.06943e+15	3.14e-10	3.30e-05	9.60e-02	8.55e-01	4.89e-02	2.16e-05	0.00e+00	0.00e+00	0.00e+00	1.82e-10	9.66e-11	3.33e-11
 7.25265e+15	4.24e-10	4.17e-05	1.10e-01	8.46e-01	4.32e-02	1.75e-05	0.00e+00	0.00e+00	0.00e+00	2.46e-10	1.31e-10	4.50e-11
 7.45475e+15	5.62e-10	5.18e-05	1.29e-01	8.33e-01	3.74e-02	1.38e-05	0.00e+00	0.00e+00	0.00e+00	3.26e-10	1.73e-10	5.95e-11
 7.63993e+15	8.19e-10	6.97e-05	1.51e-01	8.16e-01	3.23e-02	1.09e-05	0.00e+00	0.00e+00	0.00e+00	4.74e-10	2.52e-10	8.66e-11
 7.78807e+15	1.03e-09	8.34e-05	1.73e-01	7.98e-01	2.84e-02	8.93e-06	0.00e+00	0.00e+00	0.00e+00	5.95e-10	3.16e-10	1.08e-10
 7.90513e+15	1.35e-09	1.04e-04	1.95e-01	7.80e-01	2.53e-02	7.50e-06	0.00e+00	0.00e+00	0.00e+00	7.81e-10	4.15e-10	1.42e-10
 8.01486e+15	1.68e-09	1.25e-04	2.19e-01	7.58e-01	2.25e-02	6.29e-06	0.00e+00	0.00e+00	0.00e+00	9.77e-10	5.18e-10	1.78e-10
 8.13946e+15	2.21e-09	1.56e-04	2.53e-01	7.28e-01	1.92e-02	5.02e-06	0.00e+00	0.00e+00	0.00e+00	1.28e-09	6.79e-10	2.33e-10
 8.27896e+15	3.03e-09	2.04e-04	3.01e-01	6.83e-01	1.57e-02	3.78e-06	0.00e+00	0.00e+00	0.00e+00	1.76e-09	9.33e-10	3.20e-10
 8.40277e+15	4.08e-09	2.62e-04	3.56e-01	6.31e-01	1.25e-02	2.81e-06	0.00e+00	0.00e+00	0.00e+00	2.37e-09	1.26e-09	4.32e-10
 8.50085e+15	5.26e-09	3.26e-04	4.13e-01	5.77e-01	1.01e-02	2.11e-06	0.00e+00	0.00e+00	0.00e+00	3.05e-09	1.62e-09	5.56e-10
 8.57293e+15	6.38e-09	3.85e-04	4.63e-01	5.29e-01	8.26e-03	1.64e-06	0.00e+00	0.00e+00	0.00e+00	3.70e-09	1.96e-09	6.74e-10
 8.62982e+15	7.50e-09	4.44e-04	5.09e-01	4.84e-01	6.84e-03	1.30e-06	0.00e+00	0.00e+00	0.00e+00	4.35e-09	2.31e-09	7.93e-10
 8.68527e+15	8.73e-09	5.07e-04	5.58e-01	4.36e-01	5.54e-03	1.01e-06	0.00e+00	0.00e+00	0.00e+00	5.07e-09	2.69e-09	9.24e-10
 8.73837e+15	1.01e-08	5.76e-04	6.10e-01	3.85e-01	4.37e-03	7.56e-07	0.00e+00	0.00e+00	0.00e+00	5.87e-09	3.12e-09	1.07e-09
 8.78856e+15	1.16e-08	6.49e-04	6.62e-01	3.34e-01	3.35e-03	0.00e+00	0.00e+00	0.00e+00	0.00e+00	6.72e-09	3.57e-09	1.23e-09
 8.83663e+15	1.32e-08	7.27e-04	7.13e-01	2.83e-01	2.49e-03	0.00e+00	0.00e+00	0.00e+00	0.00e+00	7.65e-09	4.06e-09	1.40e-09
 8.89111e+15	1.51e-08	8.18e-04	7.71e-01	2.26e-01	1.68e-03	0.00e+00	0.00e+00	0.00e+00	0.00e+00	8.77e-09	4.66e-09	1.60e-09
 8.95021e+15	1.72e-08	9.14e-04	8.28e-01	1.70e-01	1.03e-03	0.00e+00	0.00e+00	0.00e+00	0.00e+00	1.00e-08	5.31e-09	1.83e-09
 9.00587e+15	1.91e-08	9.97e-04	8.74e-01	1.24e-01	6.09e-04	0.00e+00	0.00e+00	0.00e+00	0.00e+00	1.11e-08	5.90e-09	2.03e-09
 9.06539e+15	2.11e-08	1.08e-03	9.12e-01	8.68e-02	3.30e-04	0.00e+00	0.00e+00	0.00e+00	0.00e+00	1.23e-08	6.52e-09	2.25e-09
 9.13526e+15	2.30e-08	1.15e-03	9.42e-01	5.66e-02	1.58e-04	0.00e+00	0.00e+00	0.00e+00	0.00e+00	1.34e-08	7.11e-09	2.45e-09
 9.21821e+15	2.49e-08	1.21e-03	9.64e-01	3.52e-02	6.70e-05	0.00e+00	0.00e+00	0.00e+00	0.00e+00	1.45e-08	7.69e-09	2.65e-09
 9.32223e+15	2.70e-08	1.27e-03	9.77e-01	2.16e-02	2.54e-05	0.00e+00	0.00e+00	0.00e+00	0.00e+00	1.57e-08	8.35e-09	2.88e-09
 9.45746e+15	2.93e-08	1.33e-03	9.85e-01	1.40e-02	8.93e-06	0.00e+00	0.00e+00	0.00e+00	0.00e+00	1.71e-08	9.06e-09	3.13e-09
 9.63326e+15	3.22e-08	1.39e-03	9.88e-01	1.03e-02	3.08e-06	0.00e+00	0.00e+00	0.00e+00	0.00e+00	1.88e-08	9.95e-09	3.43e-09
 9.86180e+15	3.60e-08	1.46e-03	9.90e-01	8.42e-03	1.01e-06	0.00e+00	0.00e+00	0.00e+00	0.00e+00	2.10e-08	1.11e-08	3.83e-09
 1.01589e+16	4.14e-08	1.56e-03	9.91e-01	7.44e-03	3.04e-07	0.00e+00	0.00e+00	0.00e+00	0.00e+00	2.41e-08	1.28e-08	4.41e-09
 1.05334e+16	4.91e-08	1.68e-03	9.92e-01	6.78e-03	0.00e+00	0.00e+00	0.00e+00	0.00e+00	0.00e+00	2.86e-08	1.52e-08	5.23e-09
 1.09547e+16	5.95e-08	1.82e-03	9.92e-01	6.11e-03	0.00e+00	0.00e+00	0.00e+00	0.00e+00	0.00e+00	3.46e-08	1.84e-08	6.32e-09
 1.13612e+16	7.05e-08	1.96e-03	9.92e-01	5.62e-03	0.00e+00	0.00e+00	0.00e+00	0.00e+00	0.00e+00	4.10e-08	2.18e-08	7.49e-09
 1.17839e+16	8.41e-08	2.11e-03	9.93e-01	5.16e-03	0.00e+00	0.00e+00	0.00e+00	0.00e+00	0.00e+00	4.89e-08	2.60e-08	8.94e-09
 1.22553e+16	1.02e-07	2.30e-03	9.93e-01	4.70e-03	0.00e+00	0.00e+00	0.00e+00	0.00e+00	0.00e+00	5.95e-08	3.15e-08	1.09e-08
 1.26938e+16	1.22e-07	2.48e-03	9.93e-01	4.35e-03	0.00e+00	0.00e+00	0.00e+00	0.00e+00	0.00e+00	7.10e-08	3.77e-08	1.30e-08
 1.30777e+16	1.42e-07	2.64e-03	9.93e-01	4.03e-03	0.00e+00	0.00e+00	0.00e+00	0.00e+00	0.00e+00	8.27e-08	4.39e-08	1.51e-08
 1.35046e+16	1.68e-07	2.83e-03	9.93e-01	3.74e-03	0.00e+00	0.00e+00	0.00e+00	0.00e+00	0.00e+00	9.79e-08	5.19e-08	1.79e-08
 1.40209e+16	2.06e-07	3.07e-03	9.94e-01	3.41e-03	0.00e+00	0.00e+00	0.00e+00	0.00e+00	0.00e+00	1.20e-07	6.36e-08	2.19e-08
 1.45346e+16	2.51e-07	3.33e-03	9.94e-01	3.11e-03	0.00e+00	0.00e+00	0.00e+00	0.00e+00	0.00e+00	1.46e-07	7.76e-08	2.67e-08
 1.49907e+16	3.00e-07	3.57e-03	9.94e-01	2.88e-03	0.00e+00	0.00e+00	0.00e+00	0.00e+00	0.00e+00	1.74e-07	9.26e-08	3.18e-08
 1.54904e+16	3.64e-07	3.85e-03	9.94e-01	2.64e-03	0.00e+00	0.00e+00	0.00e+00	0.00e+00	0.00e+00	2.12e-07	1.12e-07	3.86e-08
 1.60533e+16	4.51e-07	4.19e-03	9.93e-01	2.41e-03	0.00e+00	0.00e+00	0.00e+00	0.00e+00	0.00e+00	2.63e-07	1.40e-07	4.79e-08
 1.65892e+16	5.55e-07	4.53e-03	9.93e-01	2.21e-03	0.00e+00	0.00e+00	0.00e+00	0.00e+00	0.00e+00	3.23e-07	1.71e-07	5.88e-08
 1.70991e+16	6.76e-07	4.88e-03	9.93e-01	2.04e-03	0.00e+00	0.00e+00	0.00e+00	0.00e+00	0.00e+00	3.93e-07	2.09e-07	7.16e-08
 1.76844e+16	8.54e-07	5.32e-03	9.93e-01	1.86e-03	0.00e+00	0.00e+00	0.00e+00	0.00e+00	0.00e+00	4.97e-07	2.64e-07	9.05e-08
 1.83231e+16	1.11e-06	5.85e-03	9.92e-01	1.69e-03	0.00e+00	0.00e+00	0.00e+00	0.00e+00	0.00e+00	6.44e-07	3.43e-07	1.17e-07
 1.88363e+16	1.36e-06	6.30e-03	9.92e-01	1.55e-03	0.00e+00	0.00e+00	0.00e+00	0.00e+00	0.00e+00	7.92e-07	4.22e-07	1.44e-07
 1.93085e+16	1.67e-06	6.76e-03	9.92e-01	1.44e-03	0.00e+00	0.00e+00	0.00e+00	0.00e+00	0.00e+00	9.71e-07	5.18e-07	1.77e-07
 1.99224e+16	2.20e-06	7.43e-03	9.91e-01	1.31e-03	0.00e+00	0.00e+00	0.00e+00	0.00e+00	0.00e+00	1.28e-06	6.81e-07	2.32e-07
 2.05232e+16	2.90e-06	8.18e-03	9.91e-01	1.19e-03	0.00e+00	0.00e+00	0.00e+00	0.00e+00	0.00e+00	1.68e-06	8.98e-07	3.06e-07
 2.10191e+16	3.68e-06	8.87e-03	9.90e-01	1.10e-03	0.00e+00	0.00e+00	0.00e+00	0.00e+00	0.00e+00	2.14e-06	1.14e-06	3.89e-07
 2.15759e+16	4.94e-06	9.80e-03	9.89e-01	1.00e-03	0.00e+00	0.00e+00	0.00e+00	0.00e+00	0.00e+00	2.87e-06	1.53e-06	5.21e-07
 2.21328e+16	6.70e-06	1.09e-02	9.88e-01	9.16e-04	0.00e+00	0.00e+00	0.00e+00	0.00e+00	0.00e+00	3.89e-06	2.08e-06	7.07e-07
 2.26095e+16	8.92e-06	1.20e-02	9.87e-01	8.41e-04	0.00e+00	0.00e+00	0.00e+00	0.00e+00	0.00e+00	5.18e-06	2.77e-06	9.40e-07
 2.30635e+16	1.20e-05	1.33e-02	9.86e-01	7.66e-04	0.00e+00	0.00e+00	0.00e+00	0.00e+00	0.00e+00	6.95e-06	3.71e-06	1.26e-06
 2.34840e+16	1.61e-05	1.47e-02	9.85e-01	7.01e-04	0.00e+00	0.00e+00	0.00e+00	0.00e+00	0.00e+00	9.33e-06	4.97e-06	1.69e-06
 2.38701e+16	2.16e-05	1.64e-02	9.83e-01	6.41e-04	0.00e+00	0.00e+00	0.00e+00	0.00e+00	0.00e+00	1.25e-05	6.69e-06	2.27e-06
 2.42257e+16	2.92e-05	1.83e-02	9.81e-01	5.82e-04	0.00e+00	0.00e+00	0.00e+00	0.00e+00	0.00e+00	1.69e-05	9.02e-06	3.06e-06
 2.45526e+16	3.92e-05	2.06e-02	9.79e-01	5.30e-04	0.00e+00	0.00e+00	0.00e+00	0.00e+00	0.00e+00	2.28e-05	1.21e-05	4.12e-06
 2.47790e+16	4.89e-05	2.24e-02	9.77e-01	4.96e-04	0.00e+00	0.00e+00	0.00e+00	0.00e+00	0.00e+00	2.84e-05	1.51e-05	5.14e-06
 2.48935e+16	5.50e-05	2.35e-02	9.76e-01	4.77e-04	0.00e+00	0.00e+00	0.00e+00	0.00e+00	0.00e+00	3.20e-05	1.70e-05	5.78e-06
 2.49956e+16	6.16e-05	2.46e-02	9.75e-01	4.59e-04	0.00e+00	0.00e+00	0.00e+00	0.00e+00	0.00e+00	3.58e-05	1.91e-05	6.47e-06
 2.51285e+16	7.18e-05	2.62e-02	9.73e-01	4.34e-04	0.00e+00	0.00e+00	0.00e+00	0.00e+00	0.00e+00	4.17e-05	2.22e-05	7.54e-06
 2.52756e+16	8.53e-05	2.82e-02	9.71e-01	4.09e-04	0.00e+00	0.00e+00	0.00e+00	0.00e+00	0.00e+00	4.96e-05	2.64e-05	8.95e-06
 2.54083e+16	1.01e-04	3.02e-02	9.69e-01	3.84e-04	0.00e+00	0.00e+00	0.00e+00	0.00e+00	0.00e+00	5.85e-05	3.11e-05	1.06e-05
 2.55177e+16	1.16e-04	3.21e-02	9.67e-01	3.67e-04	0.00e+00	0.00e+00	0.00e+00	0.00e+00	0.00e+00	6.73e-05	3.58e-05	1.21e-05
 2.56133e+16	1.32e-04	3.40e-02	9.66e-01	3.49e-04	0.00e+00	0.00e+00	0.00e+00	0.00e+00	0.00e+00	7.66e-05	4.07e-05	1.38e-05
 2.57211e+16	1.54e-04	3.64e-02	9.63e-01	3.29e-04	0.00e+00	0.00e+00	0.00e+00	0.00e+00	0.00e+00	8.96e-05	4.76e-05	1.61e-05
 2.58333e+16	1.82e-04	3.92e-02	9.60e-01	3.08e-04	0.00e+00	0.00e+00	0.00e+00	0.00e+00	0.00e+00	1.06e-04	5.62e-05	1.91e-05
 2.59257e+16	2.10e-04	4.18e-02	9.58e-01	2.92e-04	0.00e+00	0.00e+00	0.00e+00	0.00e+00	0.00e+00	1.22e-04	6.47e-05	2.19e-05
 2.60064e+16	2.39e-04	4.44e-02	9.55e-01	2.77e-04	0.00e+00	0.00e+00	0.00e+00	0.00e+00	0.00e+00	1.39e-04	7.37e-05	2.50e-05
 2.60971e+16	2.79e-04	4.78e-02	9.52e-01	2.60e-04	0.00e+00	0.00e+00	0.00e+00	0.00e+00	0.00e+00	1.62e-04	8.62e-05	2.92e-05
 2.61917e+16	3.30e-04	5.17e-02	9.48e-01	2.41e-04	0.00e+00	0.00e+00	0.00e+00	0.00e+00	0.00e+00	1.92e-04	1.02e-04	3.45e-05
 2.62702e+16	3.80e-04	5.53e-02	9.44e-01	2.28e-04	0.00e+00	0.00e+00	0.00e+00	0.00e+00	0.00e+00	2.21e-04	1.17e-04	3.98e-05
 2.63389e+16	4.34e-04	5.89e-02	9.40e-01	2.15e-04	0.00e+00	0.00e+00	0.00e+00	0.00e+00	0.00e+00	2.52e-04	1.34e-04	4.54e-05
 2.64164e+16	5.09e-04	6.37e-02	9.36e-01	2.00e-04	0.00e+00	0.00e+00	0.00e+00	0.00e+00	0.00e+00	2.96e-04	1.57e-04	5.32e-05
 2.64973e+16	6.03e-04	6.91e-02	9.30e-01	1.85e-04	0.00e+00	0.00e+00	0.00e+00	0.00e+00	0.00e+00	3.50e-04	1.86e-04	6.29e-05
 2.65645e+16	6.96e-04	7.42e-02	9.25e-01	1.73e-04	0.00e+00	0.00e+00	0.00e+00	0.00e+00	0.00e+00	4.05e-04	2.15e-04	7.27e-05
 2.66237e+16	7.97e-04	7.94e-02	9.20e-01	1.62e-04	0.00e+00	0.00e+00	0.00e+00	0.00e+00	0.00e+00	4.63e-04	2.46e-04	8.32e-05
 2.66905e+16	9.37e-04	8.61e-02	9.13e-01	1.50e-04	0.00e+00	0.00e+00	0.00e+00	0.00e+00	0.00e+00	5.45e-04	2.89e-04	9.78e-05
 2.67607e+16	1.11e-03	9.39e-02	9.05e-01	1.38e-04	0.00e+00	0.00e+00	0.00e+00	0.00e+00	0.00e+00	6.48e-04	3.44e-04	1.16e-04
 2.68194e+16	1.30e-03	1.01e-01	8.97e-01	1.27e-04	0.00e+00	0.00e+00	0.00e+00	0.00e+00	0.00e+00	7.53e-04	4.00e-04	1.35e-04
 2.68705e+16	1.49e-03	1.09e-01	8.90e-01	1.19e-04	0.00e+00	0.00e+00	0.00e+00	0.00e+00	0.00e+00	8.64e-04	4.58e-04	1.55e-04
 2.69280e+16	1.75e-03	1.18e-01	8.80e-01	1.08e-04	0.00e+00	0.00e+00	0.00e+00	0.00e+00	0.00e+00	1.02e-03	5.40e-04	1.83e-04
 2.69892e+16	2.09e-03	1.29e-01	8.68e-01	9.83e-05	0.00e+00	0.00e+00	0.00e+00	0.00e+00	0.00e+00	1.22e-03	6.45e-04	2.18e-04
 2.70414e+16	2.45e-03	1.40e-01	8.57e-01	8.95e-05	0.00e+00	0.00e+00	0.00e+00	0.00e+00	0.00e+00	1.43e-03	7.56e-04	2.56e-04
 2.70875e+16	2.84e-03	1.51e-01	8.46e-01	8.25e-05	0.00e+00	0.00e+00	0.00e+00	0.00e+00	0.00e+00	1.65e-03	8.74e-04	2.96e-04
 2.71391e+16	3.38e-03	1.65e-01	8.31e-01	7.41e-05	0.00e+00	0.00e+00	0.00e+00	0.00e+00	0.00e+00	1.97e-03	1.04e-03	3.52e-04
 2.71944e+16	4.08e-03	1.82e-01	8.14e-01	6.58e-05	0.00e+00	0.00e+00	0.00e+00	0.00e+00	0.00e+00	2.38e-03	1.26e-03	4.25e-04
 2.72421e+16	4.85e-03	1.99e-01	7.96e-01	5.87e-05	0.00e+00	0.00e+00	0.00e+00	0.00e+00	0.00e+00	2.82e-03	1.49e-03	5.05e-04
 2.72846e+16	5.69e-03	2.16e-01	7.78e-01	5.26e-05	0.00e+00	0.00e+00	0.00e+00	0.00e+00	0.00e+00	3.31e-03	1.75e-03	5.93e-04
 2.73327e+16	6.89e-03	2.38e-01	7.55e-01	4.60e-05	0.00e+00	0.00e+00	0.00e+00	0.00e+00	0.00e+00	4.01e-03	2.12e-03	7.17e-04
 2.73848e+16	8.52e-03	2.64e-01	7.27e-01	3.92e-05	0.00e+00	0.00e+00	0.00e+00	0.00e+00	0.00e+00	4.96e-03	2.62e-03	8.86e-04
