#depth	C	C+	C+2	C+3	C+4	C+5	C+6	C[1]	C[2]	C[3]	C+[1]	C+[2]	CO
 1.49634e+10	0.00e+00	0.00e+00	8.65e-27	2.92e-17	5.84e-07	1.92e-02	9.81e-01	0.00e+00	0.00e+00	0.00e+00	0.00e+00	0.00e+00	0.00e+00
 4.54887e+10	0.00e+00	1.06e-36	1.19e-26	3.71e-17	6.85e-07	2.08e-02	9.79e-01	0.00e+00	0.00e+00	0.00e+00	0.00e+00	0.00e+00	0.00e+00
 7.72350e+10	0.00e+00	0.00e+00	1.63e-26	4.70e-17	8.03e-07	2.25e-02	9.78e-01	0.00e+00	0.00e+00	0.00e+00	0.00e+00	0.00e+00	1.98e-230
 1.10251e+11	0.00e+00	2.35e-36	2.24e-26	5.97e-17	9.41e-07	2.43e-02	9.76e-01	0.00e+00	0.00e+00	0.00e+00	0.00e+00	0.00e+00	0.00e+00
 1.41950e+11	5.32e-47	3.39e-36	3.01e-26	7.44e-17	1.09e-06	2.61e-02	9.74e-01	0.00e+00	0.00e+00	0.00e+00	0.00e+00	0.00e+00	5.53e-144
 1.71351e+11	0.00e+00	4.72e-36	3.92e-26	9.07e-17	1.24e-06	2.78e-02	9.72e-01	0.00e+00	0.00e+00	0.00e+00	0.00e+00	0.00e+00	1.03e-211
 2.04567e+11	1.22e-46	6.77e-36	5.23e-26	1.13e-16	1.44e-06	2.98e-02	9.70e-01	0.00e+00	0.00e+00	0.00e+00	0.00e+00	0.00e+00	4.34e-143
 2.42677e+11	0.00e+00	1.01e-35	7.19e-26	1.43e-16	1.69e-06	3.22e-02	9.68e-01	0.00e+00	0.00e+00	0.00e+00	0.00e+00	0.00e+00	3.14e-211
 2.79806e+11	3.08e-46	1.47e-35	9.71e-26	1.79e-16	1.96e-06	3.46e-02	9.65e-01	0.00e+00	0.00e+00	0.00e+00	0.00e+00	0.00e+00	4.36e-142
 3.15041e+11	0.00e+00	0.00e+00	1.28e-25	2.20e-16	2.25e-06	3.70e-02	9.63e-01	0.00e+00	0.00e+00	0.00e+00	0.00e+00	0.00e+00	1.20e-210
 3.54190e+11	0.00e+00	3.00e-35	1.72e-25	2.75e-16	2.61e-06	3.97e-02	9.60e-01	0.00e+00	0.00e+00	0.00e+00	0.00e+00	0.00e+00	7.99e-162
 3.97291e+11	1.16e-45	4.44e-35	2.36e-25	3.48e-16	3.06e-06	4.28e-02	9.57e-01	0.00e+00	0.00e+00	0.00e+00	0.00e+00	0.00e+00	8.19e-231
 4.39084e+11	0.00e+00	0.00e+00	3.16e-25	4.34e-16	3.54e-06	4.59e-02	9.54e-01	0.00e+00	0.00e+00	0.00e+00	0.00e+00	0.00e+00	1.06e-205
 4.83542e+11	0.00e+00	9.36e-35	4.28e-25	5.45e-16	4.12e-06	4.93e-02	9.51e-01	0.00e+00	0.00e+00	0.00e+00	0.00e+00	0.00e+00	0.00e+00
 5.32811e+11	4.63e-45	1.40e-34	5.92e-25	6.95e-16	4.84e-06	5.32e-02	9.47e-01	0.00e+00	0.00e+00	0.00e+00	0.00e+00	0.00e+00	3.61e-139
 5.82122e+11	0.00e+00	2.07e-34	8.09e-25	8.78e-16	5.66e-06	5.73e-02	9.43e-01	0.00e+00	0.00e+00	0.00e+00	0.00e+00	0.00e+00	2.89e-209
 6.33407e+11	1.18e-44	3.07e-34	1.11e-24	1.11e-15	6.62e-06	6.16e-02	9.38e-01	0.00e+00	0.00e+00	0.00e+00	0.00e+00	0.00e+00	3.69e-138
 6.88670e+11	0.00e+00	4.61e-34	1.53e-24	1.42e-15	7.80e-06	6.65e-02	9.34e-01	0.00e+00	0.00e+00	0.00e+00	0.00e+00	0.00e+00	2.34e-209
 7.46143e+11	3.15e-44	6.94e-34	2.13e-24	1.81e-15	9.18e-06	7.17e-02	9.28e-01	0.00e+00	0.00e+00	0.00e+00	0.00e+00	0.00e+00	4.16e-137
 8.05916e+11	0.00e+00	1.05e-33	2.95e-24	2.32e-15	1.08e-05	7.73e-02	9.23e-01	0.00e+00	0.00e+00	0.00e+00	0.00e+00	0.00e+00	0.00e+00
 8.62096e+11	8.05e-44	1.52e-33	3.97e-24	2.90e-15	1.25e-05	8.28e-02	9.17e-01	0.00e+00	0.00e+00	0.00e+00	0.00e+00	0.00e+00	4.21e-136
 9.12564e+11	0.00e+00	2.10e-33	5.15e-24	3.51e-15	1.43e-05	8.78e-02	9.12e-01	0.00e+00	0.00e+00	0.00e+00	0.00e+00	0.00e+00	0.00e+00
 9.69512e+11	1.82e-43	2.99e-33	6.84e-24	4.35e-15	1.64e-05	9.36e-02	9.06e-01	0.00e+00	0.00e+00	0.00e+00	0.00e+00	0.00e+00	3.15e-135
 1.03670e+12	0.00e+00	4.49e-33	9.46e-24	5.54e-15	1.93e-05	1.01e-01	8.99e-01	0.00e+00	0.00e+00	0.00e+00	0.00e+00	0.00e+00	0.00e+00
 1.10449e+12	4.75e-43	6.65e-33	1.30e-23	7.01e-15	2.26e-05	1.08e-01	8.92e-01	0.00e+00	0.00e+00	0.00e+00	0.00e+00	0.00e+00	3.35e-134
 1.16974e+12	0.00e+00	9.59e-33	1.74e-23	8.73e-15	2.61e-05	1.15e-01	8.85e-01	0.00e+00	0.00e+00	0.00e+00	0.00e+00	0.00e+00	0.00e+00
 1.23109e+12	1.10e-42	1.34e-32	2.27e-23	1.07e-14	2.98e-05	1.22e-01	8.78e-01	0.00e+00	0.00e+00	0.00e+00	0.00e+00	0.00e+00	2.66e-133
 1.28861e+12	0.00e+00	1.82e-32	2.90e-23	1.28e-14	3.36e-05	1.29e-01	8.71e-01	0.00e+00	0.00e+00	0.00e+00	0.00e+00	0.00e+00	0.00e+00
 1.35446e+12	2.39e-42	2.55e-32	3.80e-23	1.57e-14	3.85e-05	1.37e-01	8.63e-01	0.00e+00	0.00e+00	0.00e+00	0.00e+00	0.00e+00	1.79e-132
 1.42834e+12	0.00e+00	3.70e-32	5.11e-23	1.95e-14	4.45e-05	1.46e-01	8.54e-01	0.00e+00	0.00e+00	0.00e+00	0.00e+00	0.00e+00	0.00e+00
 1.49826e+12	5.59e-42	5.18e-32	6.69e-23	2.39e-14	5.08e-05	1.54e-01	8.46e-01	0.00e+00	0.00e+00	0.00e+00	0.00e+00	0.00e+00	1.45e-131
 1.57477e+12	0.00e+00	7.42e-32	8.92e-23	2.96e-14	5.85e-05	1.64e-01	8.36e-01	0.00e+00	0.00e+00	0.00e+00	0.00e+00	0.00e+00	0.00e+00
 1.65911e+12	1.36e-41	1.09e-31	1.21e-22	3.72e-14	6.80e-05	1.75e-01	8.25e-01	0.00e+00	0.00e+00	0.00e+00	0.00e+00	0.00e+00	1.30e-130
 1.73701e+12	0.00e+00	1.53e-31	1.59e-22	4.55e-14	7.77e-05	1.85e-01	8.15e-01	0.00e+00	0.00e+00	0.00e+00	0.00e+00	0.00e+00	0.00e+00
 1.82163e+12	3.18e-41	2.20e-31	2.12e-22	5.64e-14	8.95e-05	1.96e-01	8.04e-01	0.00e+00	0.00e+00	0.00e+00	0.00e+00	0.00e+00	1.04e-129
 1.91620e+12	0.00e+00	3.25e-31	2.90e-22	7.11e-14	1.04e-04	2.09e-01	7.91e-01	0.00e+00	0.00e+00	0.00e+00	0.00e+00	0.00e+00	0.00e+00
 2.00548e+12	7.79e-41	4.64e-31	3.85e-22	8.78e-14	1.20e-04	2.21e-01	7.79e-01	0.00e+00	0.00e+00	0.00e+00	0.00e+00	0.00e+00	9.42e-129
 2.10332e+12	0.00e+00	6.77e-31	5.20e-22	1.10e-13	1.38e-04	2.34e-01	7.65e-01	0.00e+00	0.00e+00	0.00e+00	0.00e+00	0.00e+00	0.00e+00
 2.21231e+12	2.00e-40	1.02e-30	7.19e-22	1.40e-13	1.62e-04	2.50e-01	7.50e-01	0.00e+00	0.00e+00	0.00e+00	0.00e+00	0.00e+00	9.59e-128
 2.31504e+12	0.00e+00	1.47e-30	9.64e-22	1.73e-13	1.86e-04	2.64e-01	7.36e-01	0.00e+00	0.00e+00	0.00e+00	0.00e+00	0.00e+00	0.00e+00
 2.41275e+12	4.69e-40	2.06e-30	1.26e-21	2.12e-13	2.12e-04	2.78e-01	7.22e-01	0.00e+00	0.00e+00	0.00e+00	0.00e+00	0.00e+00	7.81e-127
 2.52471e+12	0.00e+00	3.01e-30	1.71e-21	2.64e-13	2.44e-04	2.93e-01	7.06e-01	0.00e+00	0.00e+00	0.00e+00	0.00e+00	0.00e+00	0.00e+00
 2.64976e+12	1.21e-39	4.51e-30	2.35e-21	3.35e-13	2.85e-04	3.11e-01	6.89e-01	0.00e+00	0.00e+00	0.00e+00	0.00e+00	0.00e+00	7.98e-126
 2.77292e+12	0.00e+00	6.62e-30	3.20e-21	4.19e-13	3.29e-04	3.28e-01	6.71e-01	0.00e+00	0.00e+00	0.00e+00	0.00e+00	0.00e+00	0.00e+00
 2.89370e+12	2.98e-39	9.53e-30	4.27e-21	5.19e-13	3.77e-04	3.45e-01	6.55e-01	0.00e+00	0.00e+00	0.00e+00	0.00e+00	0.00e+00	7.41e-125
 3.02710e+12	0.00e+00	1.40e-29	5.81e-21	6.50e-13	4.34e-04	3.63e-01	6.36e-01	0.00e+00	0.00e+00	0.00e+00	0.00e+00	0.00e+00	0.00e+00
 3.17325e+12	7.79e-39	2.11e-29	8.03e-21	8.24e-13	5.05e-04	3.83e-01	6.16e-01	0.00e+00	0.00e+00	0.00e+00	0.00e+00	0.00e+00	7.99e-124
 3.30547e+12	0.00e+00	3.02e-29	1.07e-20	1.01e-12	5.76e-04	4.01e-01	5.98e-01	0.00e+00	0.00e+00	0.00e+00	0.00e+00	0.00e+00	0.00e+00
 3.42441e+12	1.74e-38	4.12e-29	1.36e-20	1.21e-12	6.44e-04	4.17e-01	5.82e-01	0.00e+00	0.00e+00	0.00e+00	0.00e+00	0.00e+00	5.89e-123
 3.54197e+12	0.00e+00	5.54e-29	1.72e-20	1.44e-12	7.17e-04	4.32e-01	5.67e-01	0.00e+00	0.00e+00	0.00e+00	0.00e+00	0.00e+00	0.00e+00
 3.67703e+12	3.72e-38	7.71e-29	2.24e-20	1.74e-12	8.07e-04	4.50e-01	5.49e-01	0.00e+00	0.00e+00	0.00e+00	0.00e+00	0.00e+00	3.87e-122
 3.82701e+12	0.00e+00	1.10e-28	2.96e-20	2.13e-12	9.16e-04	4.69e-01	5.31e-01	0.00e+00	0.00e+00	0.00e+00	0.00e+00	0.00e+00	0.00e+00
 3.96764e+12	8.45e-38	1.52e-28	3.82e-20	2.57e-12	1.03e-03	4.86e-01	5.13e-01	0.00e+00	0.00e+00	0.00e+00	0.00e+00	0.00e+00	2.98e-121
 4.12171e+12	0.00e+00	2.13e-28	4.99e-20	3.11e-12	1.16e-03	5.04e-01	4.95e-01	0.00e+00	0.00e+00	0.00e+00	0.00e+00	0.00e+00	0.00e+00
 4.29505e+12	1.99e-37	3.07e-28	6.66e-20	3.83e-12	1.31e-03	5.24e-01	4.75e-01	0.00e+00	0.00e+00	0.00e+00	0.00e+00	0.00e+00	2.53e-120
 4.46158e+12	0.00e+00	4.34e-28	8.75e-20	4.67e-12	1.48e-03	5.42e-01	4.56e-01	0.00e+00	0.00e+00	0.00e+00	0.00e+00	0.00e+00	0.00e+00
 4.64621e+12	4.70e-37	6.24e-28	1.16e-19	5.73e-12	1.67e-03	5.62e-01	4.36e-01	0.00e+00	0.00e+00	0.00e+00	0.00e+00	0.00e+00	2.18e-119
 4.85245e+12	0.00e+00	9.24e-28	1.59e-19	7.15e-12	1.91e-03	5.83e-01	4.15e-01	0.00e+00	0.00e+00	0.00e+00	0.00e+00	0.00e+00	0.00e+00
 5.04837e+12	1.17e-36	1.32e-27	2.10e-19	8.74e-12	2.15e-03	6.02e-01	3.96e-01	0.00e+00	0.00e+00	0.00e+00	0.00e+00	0.00e+00	2.14e-118
 5.26022e+12	0.00e+00	1.91e-27	2.81e-19	1.08e-11	2.44e-03	6.21e-01	3.76e-01	0.00e+00	0.00e+00	0.00e+00	0.00e+00	0.00e+00	0.00e+00
 5.50055e+12	3.00e-36	2.86e-27	3.85e-19	1.35e-11	2.78e-03	6.42e-01	3.55e-01	0.00e+00	0.00e+00	0.00e+00	0.00e+00	0.00e+00	2.31e-117
 5.73790e+12	0.00e+00	4.20e-27	5.20e-19	1.67e-11	3.15e-03	6.62e-01	3.35e-01	0.00e+00	0.00e+00	0.00e+00	0.00e+00	0.00e+00	0.00e+00
 5.98473e+12	7.59e-36	6.14e-27	7.01e-19	2.06e-11	3.56e-03	6.80e-01	3.16e-01	0.00e+00	0.00e+00	0.00e+00	0.00e+00	0.00e+00	2.42e-116
 6.25405e+12	0.00e+00	9.14e-27	9.57e-19	2.57e-11	4.05e-03	6.99e-01	2.97e-01	0.00e+00	0.00e+00	0.00e+00	0.00e+00	0.00e+00	0.00e+00
 6.50641e+12	1.91e-35	1.31e-26	1.27e-18	3.14e-11	4.53e-03	7.16e-01	2.79e-01	0.00e+00	0.00e+00	0.00e+00	0.00e+00	0.00e+00	2.52e-115
 6.73080e+12	0.00e+00	1.78e-26	1.61e-18	3.71e-11	4.99e-03	7.30e-01	2.65e-01	0.00e+00	0.00e+00	0.00e+00	0.00e+00	0.00e+00	1.91e-99
 6.98226e+12	4.15e-35	2.47e-26	2.08e-18	4.45e-11	5.52e-03	7.44e-01	2.50e-01	0.00e+00	0.00e+00	0.00e+00	0.00e+00	0.00e+00	1.17e-283
 7.28184e+12	0.00e+00	3.61e-26	2.80e-18	5.49e-11	6.21e-03	7.60e-01	2.34e-01	0.00e+00	0.00e+00	0.00e+00	0.00e+00	0.00e+00	2.69e-131
 7.58313e+12	1.03e-34	5.21e-26	3.73e-18	6.71e-11	6.95e-03	7.75e-01	2.18e-01	0.00e+00	0.00e+00	0.00e+00	0.00e+00	0.00e+00	5.79e-97
 7.86535e+12	1.54e-34	7.24e-26	4.83e-18	8.03e-11	7.68e-03	7.87e-01	2.05e-01	0.00e+00	0.00e+00	0.00e+00	0.00e+00	0.00e+00	0.00e+00
 8.17876e+12	2.37e-34	1.03e-25	6.35e-18	9.73e-11	8.53e-03	8.00e-01	1.92e-01	0.00e+00	0.00e+00	0.00e+00	0.00e+00	0.00e+00	1.58e-112
 8.49012e+12	3.57e-34	1.44e-25	8.27e-18	1.17e-10	9.44e-03	8.11e-01	1.79e-01	0.00e+00	0.00e+00	0.00e+00	0.00e+00	0.00e+00	8.78e-96
 8.73850e+12	4.89e-34	1.86e-25	1.01e-17	1.35e-10	1.02e-02	8.20e-01	1.70e-01	0.00e+00	0.00e+00	0.00e+00	0.00e+00	0.00e+00	0.00e+00
 8.99625e+12	6.74e-34	2.42e-25	1.24e-17	1.55e-10	1.10e-02	8.28e-01	1.61e-01	0.00e+00	0.00e+00	0.00e+00	0.00e+00	0.00e+00	2.34e-111
 9.33133e+12	1.01e-33	3.36e-25	1.60e-17	1.86e-10	1.21e-02	8.37e-01	1.50e-01	0.00e+00	0.00e+00	0.00e+00	0.00e+00	0.00e+00	8.47e-95
 9.68498e+12	1.51e-33	4.70e-25	2.08e-17	2.23e-10	1.34e-02	8.47e-01	1.40e-01	0.00e+00	0.00e+00	0.00e+00	0.00e+00	0.00e+00	1.88e-110
 9.99005e+12	2.12e-33	6.20e-25	2.59e-17	2.59e-10	1.45e-02	8.54e-01	1.32e-01	0.00e+00	0.00e+00	0.00e+00	0.00e+00	0.00e+00	4.33e-94
 1.03139e+13	2.99e-33	8.21e-25	3.22e-17	3.01e-10	1.57e-02	8.60e-01	1.24e-01	0.00e+00	0.00e+00	0.00e+00	0.00e+00	0.00e+00	1.11e-109
 1.07219e+13	4.59e-33	1.17e-24	4.24e-17	3.65e-10	1.73e-02	8.68e-01	1.15e-01	0.00e+00	0.00e+00	0.00e+00	0.00e+00	0.00e+00	2.33e-93
 1.11354e+13	6.93e-33	1.63e-24	5.53e-17	4.39e-10	1.91e-02	8.75e-01	1.06e-01	0.00e+00	0.00e+00	0.00e+00	0.00e+00	0.00e+00	9.69e-109
 1.14906e+13	9.74e-33	2.16e-24	6.88e-17	5.10e-10	2.07e-02	8.80e-01	9.94e-02	0.00e+00	0.00e+00	0.00e+00	0.00e+00	0.00e+00	1.21e-92
 1.18739e+13	1.39e-32	2.89e-24	8.63e-17	5.97e-10	2.24e-02	8.85e-01	9.28e-02	0.00e+00	0.00e+00	0.00e+00	0.00e+00	0.00e+00	5.89e-108
 1.23472e+13	2.12e-32	4.08e-24	1.13e-16	7.21e-10	2.47e-02	8.90e-01	8.55e-02	0.00e+00	0.00e+00	0.00e+00	0.00e+00	0.00e+00	6.56e-92
 1.28341e+13	3.21e-32	5.74e-24	1.48e-16	8.69e-10	2.72e-02	8.94e-01	7.87e-02	0.00e+00	0.00e+00	0.00e+00	0.00e+00	0.00e+00	5.23e-107
 1.32762e+13	4.61e-32	7.73e-24	1.87e-16	1.02e-09	2.96e-02	8.97e-01	7.31e-02	0.00e+00	0.00e+00	0.00e+00	0.00e+00	0.00e+00	3.58e-91
 1.37641e+13	6.76e-32	1.06e-23	2.40e-16	1.21e-09	3.23e-02	9.00e-01	6.76e-02	0.00e+00	0.00e+00	0.00e+00	0.00e+00	0.00e+00	3.68e-106
 1.43356e+13	1.04e-31	1.51e-23	3.17e-16	1.47e-09	3.56e-02	9.03e-01	6.18e-02	0.00e+00	0.00e+00	0.00e+00	0.00e+00	0.00e+00	2.12e-90
 1.48701e+13	1.53e-31	2.08e-23	4.08e-16	1.75e-09	3.89e-02	9.04e-01	5.69e-02	0.00e+00	0.00e+00	0.00e+00	0.00e+00	0.00e+00	3.16e-105
 1.53290e+13	2.11e-31	2.70e-23	5.01e-16	2.01e-09	4.17e-02	9.05e-01	5.32e-02	0.00e+00	0.00e+00	0.00e+00	0.00e+00	0.00e+00	9.93e-90
 1.58352e+13	2.96e-31	3.56e-23	6.23e-16	2.34e-09	4.50e-02	9.06e-01	4.95e-02	0.00e+00	0.00e+00	0.00e+00	0.00e+00	0.00e+00	1.79e-104
 1.64587e+13	4.42e-31	4.95e-23	8.08e-16	2.80e-09	4.92e-02	9.05e-01	4.53e-02	0.00e+00	0.00e+00	0.00e+00	0.00e+00	0.00e+00	5.03e-89
 1.71023e+13	6.58e-31	6.86e-23	1.04e-15	3.35e-09	5.38e-02	9.05e-01	4.15e-02	0.00e+00	0.00e+00	0.00e+00	0.00e+00	0.00e+00	1.49e-103
 1.76618e+13	9.16e-31	9.00e-23	1.29e-15	3.88e-09	5.79e-02	9.04e-01	3.86e-02	0.00e+00	0.00e+00	0.00e+00	0.00e+00	0.00e+00	2.49e-88
 1.82441e+13	1.27e-30	1.18e-22	1.60e-15	4.49e-09	6.22e-02	9.02e-01	3.58e-02	0.00e+00	0.00e+00	0.00e+00	0.00e+00	0.00e+00	8.67e-103
 1.89597e+13	1.88e-30	1.63e-22	2.06e-15	5.33e-09	6.77e-02	9.00e-01	3.28e-02	0.00e+00	0.00e+00	0.00e+00	0.00e+00	0.00e+00	1.23e-87
 1.96412e+13	2.70e-30	2.18e-22	2.60e-15	6.25e-09	7.32e-02	8.97e-01	3.02e-02	0.00e+00	0.00e+00	0.00e+00	0.00e+00	0.00e+00	6.45e-102
 2.01885e+13	3.55e-30	2.74e-22	3.10e-15	7.06e-09	7.76e-02	8.94e-01	2.83e-02	0.00e+00	0.00e+00	0.00e+00	0.00e+00	0.00e+00	5.04e-87
 2.07690e+13	4.71e-30	3.45e-22	3.71e-15	7.98e-09	8.24e-02	8.91e-01	2.65e-02	0.00e+00	0.00e+00	0.00e+00	0.00e+00	0.00e+00	2.93e-101
 2.15235e+13	6.73e-30	4.61e-22	4.66e-15	9.33e-09	8.88e-02	8.87e-01	2.44e-02	0.00e+00	0.00e+00	0.00e+00	0.00e+00	0.00e+00	2.11e-86
 2.23367e+13	9.72e-30	6.24e-22	5.91e-15	1.10e-08	9.60e-02	8.82e-01	2.23e-02	0.00e+00	0.00e+00	0.00e+00	0.00e+00	0.00e+00	2.09e-100
 2.30658e+13	1.33e-29	8.08e-22	7.23e-15	1.26e-08	1.03e-01	8.77e-01	2.07e-02	0.00e+00	0.00e+00	0.00e+00	0.00e+00	0.00e+00	9.89e-86
 2.38533e+13	1.86e-29	1.06e-21	8.90e-15	1.45e-08	1.10e-01	8.71e-01	1.91e-02	0.00e+00	0.00e+00	0.00e+00	0.00e+00	0.00e+00	1.22e-99
 2.47993e+13	2.72e-29	1.44e-21	1.13e-14	1.70e-08	1.18e-01	8.64e-01	1.74e-02	0.00e+00	0.00e+00	0.00e+00	0.00e+00	0.00e+00	4.97e-85
 2.57549e+13	3.93e-29	1.95e-21	1.43e-14	2.00e-08	1.28e-01	8.56e-01	1.59e-02	0.00e+00	0.00e+00	0.00e+00	0.00e+00	0.00e+00	9.59e-99
 2.66092e+13	5.39e-29	2.52e-21	1.75e-14	2.28e-08	1.36e-01	8.49e-01	1.47e-02	0.00e+00	0.00e+00	0.00e+00	0.00e+00	0.00e+00	2.39e-84
 2.75281e+13	7.47e-29	3.28e-21	2.14e-14	2.62e-08	1.45e-01	8.42e-01	1.36e-02	0.00e+00	0.00e+00	0.00e+00	0.00e+00	0.00e+00	5.72e-98
 2.86234e+13	1.09e-28	4.45e-21	2.71e-14	3.06e-08	1.56e-01	8.32e-01	1.23e-02	0.00e+00	0.00e+00	0.00e+00	0.00e+00	0.00e+00	1.21e-83
 2.97045e+13	1.55e-28	5.94e-21	3.38e-14	3.55e-08	1.67e-01	8.22e-01	1.13e-02	0.00e+00	0.00e+00	0.00e+00	0.00e+00	0.00e+00	4.39e-97
 3.06844e+13	2.12e-28	7.63e-21	4.10e-14	4.04e-08	1.77e-01	8.13e-01	1.04e-02	0.00e+00	0.00e+00	0.00e+00	0.00e+00	0.00e+00	5.71e-83
 3.17764e+13	2.95e-28	9.99e-21	5.03e-14	4.63e-08	1.88e-01	8.03e-01	9.54e-03	0.00e+00	0.00e+00	0.00e+00	0.00e+00	0.00e+00	2.66e-96
 3.30564e+13	4.30e-28	1.35e-20	6.35e-14	5.39e-08	2.01e-01	7.90e-01	8.63e-03	0.00e+00	0.00e+00	0.00e+00	0.00e+00	0.00e+00	3.00e-82
 3.42318e+13	5.98e-28	1.76e-20	7.77e-14	6.16e-08	2.14e-01	7.78e-01	7.90e-03	0.00e+00	0.00e+00	0.00e+00	0.00e+00	0.00e+00	1.95e-95
 3.51495e+13	7.67e-28	2.16e-20	9.06e-14	6.82e-08	2.23e-01	7.69e-01	7.39e-03	0.00e+00	0.00e+00	0.00e+00	0.00e+00	0.00e+00	1.18e-81
 3.60814e+13	9.81e-28	2.63e-20	1.05e-13	7.52e-08	2.33e-01	7.60e-01	6.91e-03	0.00e+00	0.00e+00	0.00e+00	0.00e+00	0.00e+00	7.94e-95
 3.72929e+13	1.34e-27	3.37e-20	1.27e-13	8.51e-08	2.46e-01	7.48e-01	6.34e-03	0.00e+00	0.00e+00	0.00e+00	0.00e+00	0.00e+00	4.41e-81
 3.85789e+13	1.84e-27	4.35e-20	1.54e-13	9.65e-08	2.60e-01	7.35e-01	5.80e-03	0.00e+00	0.00e+00	0.00e+00	0.00e+00	0.00e+00	4.73e-94
 3.97009e+13	2.40e-27	5.38e-20	1.81e-13	1.07e-07	2.71e-01	7.23e-01	5.38e-03	0.00e+00	0.00e+00	0.00e+00	0.00e+00	0.00e+00	1.77e-80
 4.08988e+13	3.16e-27	6.71e-20	2.14e-13	1.19e-07	2.84e-01	7.11e-01	4.97e-03	0.00e+00	0.00e+00	0.00e+00	0.00e+00	0.00e+00	2.24e-93
 4.24224e+13	4.43e-27	8.80e-20	2.62e-13	1.36e-07	3.00e-01	6.95e-01	4.51e-03	0.00e+00	0.00e+00	0.00e+00	0.00e+00	0.00e+00	7.75e-80
 4.39815e+13	6.18e-27	1.15e-19	3.21e-13	1.55e-07	3.16e-01	6.80e-01	4.08e-03	0.00e+00	0.00e+00	0.00e+00	0.00e+00	0.00e+00	1.55e-92
 4.53168e+13	8.14e-27	1.43e-19	3.78e-13	1.72e-07	3.30e-01	6.66e-01	3.76e-03	0.00e+00	0.00e+00	0.00e+00	0.00e+00	0.00e+00	3.36e-79
 4.67486e+13	1.08e-26	1.79e-19	4.48e-13	1.92e-07	3.45e-01	6.52e-01	3.45e-03	0.00e+00	0.00e+00	0.00e+00	0.00e+00	0.00e+00	7.86e-92
 4.85240e+13	1.52e-26	2.35e-19	5.48e-13	2.18e-07	3.63e-01	6.34e-01	3.11e-03	0.00e+00	0.00e+00	0.00e+00	0.00e+00	0.00e+00	1.53e-78
 5.03166e+13	2.11e-26	3.06e-19	6.67e-13	2.47e-07	3.80e-01	6.17e-01	2.80e-03	0.00e+00	0.00e+00	0.00e+00	0.00e+00	0.00e+00	5.53e-91
 5.18761e+13	2.79e-26	3.81e-19	7.85e-13	2.74e-07	3.96e-01	6.02e-01	2.56e-03	0.00e+00	0.00e+00	0.00e+00	0.00e+00	0.00e+00	6.73e-78
 5.35621e+13	3.72e-26	4.79e-19	9.29e-13	3.05e-07	4.12e-01	5.86e-01	2.34e-03	0.00e+00	0.00e+00	0.00e+00	0.00e+00	0.00e+00	2.90e-90
 5.56203e+13	5.22e-26	6.27e-19	1.13e-12	3.45e-07	4.31e-01	5.67e-01	2.09e-03	0.00e+00	0.00e+00	0.00e+00	0.00e+00	0.00e+00	3.14e-77
 5.76827e+13	7.23e-26	8.11e-19	1.37e-12	3.89e-07	4.50e-01	5.48e-01	1.87e-03	0.00e+00	0.00e+00	0.00e+00	0.00e+00	0.00e+00	2.06e-89
 5.95083e+13	9.54e-26	1.01e-18	1.61e-12	4.30e-07	4.66e-01	5.32e-01	1.71e-03	0.00e+00	0.00e+00	0.00e+00	0.00e+00	0.00e+00	1.39e-76
 6.15058e+13	1.28e-25	1.27e-18	1.91e-12	4.77e-07	4.83e-01	5.15e-01	1.54e-03	0.00e+00	0.00e+00	0.00e+00	0.00e+00	0.00e+00	1.12e-88
 6.39024e+13	1.79e-25	1.66e-18	2.33e-12	5.39e-07	5.03e-01	4.96e-01	1.37e-03	0.00e+00	0.00e+00	0.00e+00	0.00e+00	0.00e+00	6.69e-76
 6.62899e+13	2.47e-25	2.14e-18	2.81e-12	6.04e-07	5.22e-01	4.77e-01	1.22e-03	0.00e+00	0.00e+00	0.00e+00	0.00e+00	0.00e+00	1.49e-75
 6.84580e+13	3.28e-25	2.67e-18	3.30e-12	6.67e-07	5.39e-01	4.60e-01	1.10e-03	0.00e+00	0.00e+00	0.00e+00	0.00e+00	0.00e+00	3.03e-75
 7.08692e+13	4.44e-25	3.39e-18	3.92e-12	7.40e-07	5.57e-01	4.42e-01	9.87e-04	0.00e+00	0.00e+00	0.00e+00	0.00e+00	0.00e+00	6.50e-75
 7.36916e+13	6.23e-25	4.43e-18	4.76e-12	8.32e-07	5.77e-01	4.22e-01	8.69e-04	0.00e+00	0.00e+00	0.00e+00	0.00e+00	0.00e+00	1.52e-74
 7.64766e+13	8.59e-25	5.69e-18	5.71e-12	9.27e-07	5.95e-01	4.04e-01	7.70e-04	0.00e+00	0.00e+00	0.00e+00	0.00e+00	0.00e+00	3.44e-74
 7.91058e+13	1.15e-24	7.15e-18	6.73e-12	1.02e-06	6.12e-01	3.87e-01	6.88e-04	0.00e+00	0.00e+00	0.00e+00	0.00e+00	0.00e+00	7.22e-74
 8.20327e+13	1.57e-24	9.11e-18	8.02e-12	1.13e-06	6.30e-01	3.70e-01	6.10e-04	0.00e+00	0.00e+00	0.00e+00	0.00e+00	0.00e+00	1.60e-73
 8.52703e+13	2.19e-24	1.18e-17	9.65e-12	1.26e-06	6.48e-01	3.51e-01	5.35e-04	0.00e+00	0.00e+00	0.00e+00	0.00e+00	0.00e+00	3.72e-73
 8.84137e+13	2.98e-24	1.50e-17	1.15e-11	1.40e-06	6.65e-01	3.35e-01	4.73e-04	0.00e+00	0.00e+00	0.00e+00	0.00e+00	0.00e+00	8.23e-73
 9.13385e+13	3.92e-24	1.86e-17	1.33e-11	1.53e-06	6.80e-01	3.20e-01	4.23e-04	0.00e+00	0.00e+00	0.00e+00	0.00e+00	0.00e+00	1.68e-72
 9.39073e+13	4.96e-24	2.23e-17	1.52e-11	1.65e-06	6.92e-01	3.08e-01	3.84e-04	0.00e+00	0.00e+00	0.00e+00	0.00e+00	0.00e+00	3.08e-72
 9.66055e+13	6.31e-24	2.68e-17	1.73e-11	1.78e-06	7.04e-01	2.95e-01	3.48e-04	0.00e+00	0.00e+00	0.00e+00	0.00e+00	0.00e+00	5.73e-72
 1.00108e+14	8.51e-24	3.38e-17	2.04e-11	1.95e-06	7.19e-01	2.80e-01	3.08e-04	0.00e+00	0.00e+00	0.00e+00	0.00e+00	0.00e+00	1.25e-71
 1.03661e+14	1.14e-23	4.24e-17	2.40e-11	2.14e-06	7.33e-01	2.66e-01	2.72e-04	0.00e+00	0.00e+00	0.00e+00	0.00e+00	0.00e+00	2.68e-71
 1.06545e+14	1.44e-23	5.06e-17	2.71e-11	2.29e-06	7.44e-01	2.56e-01	2.47e-04	0.00e+00	0.00e+00	0.00e+00	1.62e-17	3.45e-17	4.89e-71
 1.09558e+14	1.81e-23	6.06e-17	3.08e-11	2.46e-06	7.55e-01	2.45e-01	2.24e-04	0.00e+00	0.00e+00	0.00e+00	2.01e-17	4.05e-17	9.04e-71
 1.13474e+14	2.43e-23	7.59e-17	3.60e-11	2.69e-06	7.68e-01	2.32e-01	1.97e-04	0.00e+00	0.00e+00	0.00e+00	2.52e-17	5.07e-17	1.95e-70
 1.17621e+14	3.28e-23	9.55e-17	4.23e-11	2.94e-06	7.81e-01	2.19e-01	1.73e-04	0.00e+00	0.00e+00	0.00e+00	3.17e-17	6.38e-17	4.29e-70
 1.21247e+14	4.22e-23	1.16e-16	4.84e-11	3.16e-06	7.91e-01	2.09e-01	1.55e-04	0.00e+00	0.00e+00	0.00e+00	3.85e-17	7.75e-17	8.38e-70
 1.25140e+14	5.49e-23	1.42e-16	5.56e-11	3.42e-06	8.01e-01	1.99e-01	1.39e-04	0.00e+00	0.00e+00	0.00e+00	4.70e-17	9.47e-17	1.68e-69
 1.29901e+14	7.48e-23	1.80e-16	6.55e-11	3.74e-06	8.13e-01	1.87e-01	1.21e-04	0.00e+00	0.00e+00	0.00e+00	5.96e-17	1.20e-16	3.82e-69
 1.34676e+14	1.01e-22	2.25e-16	7.67e-11	4.07e-06	8.24e-01	1.76e-01	1.06e-04	0.00e+00	0.00e+00	0.00e+00	7.48e-17	1.51e-16	8.46e-69
 1.38894e+14	1.30e-22	2.74e-16	8.76e-11	4.38e-06	8.32e-01	1.67e-01	9.48e-05	0.00e+00	0.00e+00	0.00e+00	9.08e-17	1.83e-16	1.67e-68
 1.43503e+14	1.70e-22	3.36e-16	1.01e-10	4.72e-06	8.41e-01	1.59e-01	8.40e-05	0.00e+00	0.00e+00	0.00e+00	1.11e-16	2.25e-16	3.44e-68
 1.49045e+14	2.33e-22	4.26e-16	1.19e-10	5.15e-06	8.51e-01	1.49e-01	7.30e-05	0.00e+00	0.00e+00	0.00e+00	1.41e-16	2.85e-16	7.93e-68
 1.54576e+14	3.14e-22	5.35e-16	1.39e-10	5.60e-06	8.60e-01	1.40e-01	6.38e-05	0.00e+00	0.00e+00	0.00e+00	1.77e-16	3.58e-16	1.77e-67
 1.59595e+14	4.08e-22	6.53e-16	1.59e-10	6.02e-06	8.68e-01	1.32e-01	5.67e-05	0.00e+00	0.00e+00	0.00e+00	2.16e-16	4.36e-16	3.64e-67
 1.65171e+14	5.41e-22	8.08e-16	1.84e-10	6.50e-06	8.75e-01	1.25e-01	4.99e-05	0.00e+00	0.00e+00	0.00e+00	2.68e-16	5.40e-16	7.69e-67
 1.71704e+14	7.43e-22	1.03e-15	2.16e-10	7.09e-06	8.84e-01	1.16e-01	4.31e-05	0.00e+00	0.00e+00	0.00e+00	3.41e-16	6.87e-16	1.81e-66
 1.78149e+14	1.01e-21	1.29e-15	2.53e-10	7.69e-06	8.91e-01	1.09e-01	3.75e-05	0.00e+00	0.00e+00	0.00e+00	4.28e-16	8.64e-16	4.09e-66
 1.84199e+14	1.32e-21	1.59e-15	2.91e-10	8.28e-06	8.97e-01	1.03e-01	3.31e-05	0.00e+00	0.00e+00	0.00e+00	5.27e-16	1.06e-15	8.57e-66
 1.90945e+14	1.77e-21	1.98e-15	3.38e-10	8.96e-06	9.04e-01	9.63e-02	2.89e-05	0.00e+00	0.00e+00	0.00e+00	6.58e-16	1.33e-15	1.90e-65
 1.98613e+14	2.44e-21	2.53e-15	3.98e-10	9.76e-06	9.10e-01	8.96e-02	2.48e-05	0.00e+00	0.00e+00	0.00e+00	8.38e-16	1.69e-15	4.52e-65
 2.06255e+14	3.32e-21	3.19e-15	4.66e-10	1.06e-05	9.16e-01	8.37e-02	2.15e-05	0.00e+00	0.00e+00	0.00e+00	1.06e-15	2.13e-15	1.04e-64
 2.14202e+14	4.52e-21	4.03e-15	5.46e-10	1.15e-05	9.22e-01	7.81e-02	1.86e-05	0.00e+00	0.00e+00	0.00e+00	1.33e-15	2.69e-15	2.39e-64
 2.21390e+14	5.91e-21	4.93e-15	6.26e-10	1.23e-05	9.27e-01	7.35e-02	1.64e-05	0.00e+00	0.00e+00	0.00e+00	1.63e-15	3.30e-15	4.96e-64
 2.26848e+14	7.20e-21	5.72e-15	6.92e-10	1.30e-05	9.30e-01	7.02e-02	1.49e-05	0.00e+00	0.00e+00	0.00e+00	1.90e-15	3.83e-15	8.47e-64
 2.32563e+14	8.81e-21	6.67e-15	7.67e-10	1.37e-05	9.33e-01	6.70e-02	1.35e-05	0.00e+00	0.00e+00	0.00e+00	2.21e-15	4.46e-15	1.46e-63
 2.39991e+14	1.14e-20	8.08e-15	8.74e-10	1.47e-05	9.37e-01	6.32e-02	1.20e-05	0.00e+00	0.00e+00	0.00e+00	2.68e-15	5.40e-15	2.92e-63
 2.48047e+14	1.48e-20	9.89e-15	1.00e-09	1.57e-05	9.41e-01	5.94e-02	1.05e-05	0.00e+00	0.00e+00	0.00e+00	3.27e-15	6.61e-15	6.03e-63
 2.55324e+14	1.87e-20	1.18e-14	1.13e-09	1.67e-05	9.44e-01	5.62e-02	9.41e-06	0.00e+00	0.00e+00	0.00e+00	3.90e-15	7.89e-15	1.14e-62
 2.63190e+14	2.39e-20	1.42e-14	1.28e-09	1.79e-05	9.47e-01	5.30e-02	8.35e-06	0.00e+00	0.00e+00	0.00e+00	4.69e-15	9.49e-15	2.20e-62
 2.73003e+14	3.21e-20	1.77e-14	1.49e-09	1.93e-05	9.51e-01	4.94e-02	7.23e-06	0.00e+00	0.00e+00	0.00e+00	5.86e-15	1.19e-14	4.89e-62
 2.82880e+14	4.27e-20	2.20e-14	1.72e-09	2.08e-05	9.54e-01	4.61e-02	6.28e-06	0.00e+00	0.00e+00	0.00e+00	7.27e-15	1.47e-14	1.06e-61
 2.91399e+14	5.42e-20	2.63e-14	1.95e-09	2.22e-05	9.56e-01	4.36e-02	5.58e-06	0.00e+00	0.00e+00	0.00e+00	8.71e-15	1.76e-14	2.03e-61
 3.00623e+14	6.95e-20	3.18e-14	2.21e-09	2.37e-05	9.59e-01	4.10e-02	4.93e-06	0.00e+00	0.00e+00	0.00e+00	1.05e-14	2.13e-14	3.99e-61
 3.11968e+14	9.35e-20	3.98e-14	2.58e-09	2.56e-05	9.62e-01	3.81e-02	4.25e-06	0.00e+00	0.00e+00	0.00e+00	1.32e-14	2.66e-14	8.89e-61
 3.23344e+14	1.24e-19	4.94e-14	2.99e-09	2.77e-05	9.64e-01	3.55e-02	3.68e-06	0.00e+00	0.00e+00	0.00e+00	1.63e-14	3.31e-14	1.93e-60
 3.33263e+14	1.58e-19	5.93e-14	3.38e-09	2.95e-05	9.67e-01	3.35e-02	3.26e-06	0.00e+00	0.00e+00	0.00e+00	1.96e-14	3.97e-14	3.71e-60
 3.44014e+14	2.04e-19	7.18e-14	3.86e-09	3.16e-05	9.69e-01	3.14e-02	2.87e-06	0.00e+00	0.00e+00	0.00e+00	2.37e-14	4.81e-14	7.34e-60
 3.57107e+14	2.74e-19	8.99e-14	4.50e-09	3.42e-05	9.71e-01	2.92e-02	2.46e-06	0.00e+00	0.00e+00	0.00e+00	2.97e-14	6.02e-14	1.64e-59
 3.70209e+14	3.64e-19	1.12e-13	5.22e-09	3.69e-05	9.73e-01	2.71e-02	2.13e-06	0.00e+00	0.00e+00	0.00e+00	3.69e-14	7.48e-14	3.55e-59
 3.81820e+14	4.65e-19	1.34e-13	5.92e-09	3.94e-05	9.74e-01	2.55e-02	1.88e-06	0.00e+00	0.00e+00	0.00e+00	4.44e-14	9.01e-14	6.90e-59
 3.94531e+14	6.02e-19	1.64e-13	6.78e-09	4.22e-05	9.76e-01	2.39e-02	1.64e-06	0.00e+00	0.00e+00	0.00e+00	5.40e-14	1.10e-13	1.39e-58
 4.09765e+14	8.11e-19	2.05e-13	7.92e-09	4.58e-05	9.78e-01	2.21e-02	1.40e-06	0.00e+00	0.00e+00	0.00e+00	6.77e-14	1.38e-13	3.11e-58
 4.24902e+14	1.08e-18	2.55e-13	9.19e-09	4.95e-05	9.79e-01	2.05e-02	1.21e-06	0.00e+00	0.00e+00	0.00e+00	8.41e-14	1.71e-13	6.76e-58
 4.38603e+14	1.39e-18	3.08e-13	1.05e-08	5.29e-05	9.81e-01	1.92e-02	1.06e-06	0.00e+00	0.00e+00	0.00e+00	1.02e-13	2.07e-13	1.33e-57
 4.53816e+14	1.81e-18	3.78e-13	1.20e-08	5.69e-05	9.82e-01	1.79e-02	9.21e-07	0.00e+00	0.00e+00	0.00e+00	1.25e-13	2.54e-13	2.74e-57
 4.71679e+14	2.45e-18	4.76e-13	1.41e-08	6.18e-05	9.83e-01	1.66e-02	0.00e+00	0.00e+00	0.00e+00	0.00e+00	1.57e-13	3.19e-13	6.23e-57
 4.89265e+14	3.26e-18	5.92e-13	1.64e-08	6.68e-05	9.85e-01	1.54e-02	0.00e+00	0.00e+00	0.00e+00	0.00e+00	1.95e-13	3.97e-13	1.36e-56
 5.05637e+14	4.21e-18	7.20e-13	1.88e-08	7.16e-05	9.86e-01	1.44e-02	0.00e+00	0.00e+00	0.00e+00	0.00e+00	2.37e-13	4.83e-13	2.74e-56
 5.23974e+14	5.56e-18	8.90e-13	2.17e-08	7.73e-05	9.87e-01	1.33e-02	0.00e+00	0.00e+00	0.00e+00	0.00e+00	2.93e-13	5.97e-13	5.83e-56
 5.43410e+14	7.39e-18	1.11e-12	2.52e-08	8.35e-05	9.88e-01	1.24e-02	0.00e+00	0.00e+00	0.00e+00	0.00e+00	3.63e-13	7.42e-13	1.26e-55
 5.60603e+14	9.42e-18	1.33e-12	2.86e-08	8.91e-05	9.88e-01	1.16e-02	0.00e+00	0.00e+00	0.00e+00	0.00e+00	4.37e-13	8.93e-13	2.46e-55
 5.79106e+14	1.21e-17	1.61e-12	3.27e-08	9.55e-05	9.89e-01	1.08e-02	0.00e+00	0.00e+00	0.00e+00	0.00e+00	5.29e-13	1.08e-12	4.88e-55
 5.98196e+14	1.56e-17	1.95e-12	3.74e-08	1.02e-04	9.90e-01	1.01e-02	0.00e+00	0.00e+00	0.00e+00	0.00e+00	6.42e-13	1.31e-12	9.76e-55
 6.14038e+14	1.91e-17	2.28e-12	4.16e-08	1.08e-04	9.90e-01	9.60e-03	0.00e+00	0.00e+00	0.00e+00	0.00e+00	7.49e-13	1.53e-12	1.70e-54
 6.30621e+14	2.35e-17	2.67e-12	4.63e-08	1.14e-04	9.91e-01	9.08e-03	0.00e+00	0.00e+00	0.00e+00	0.00e+00	8.76e-13	1.80e-12	3.00e-54
 6.52179e+14	3.05e-17	3.26e-12	5.32e-08	1.23e-04	9.91e-01	8.46e-03	0.00e+00	0.00e+00	0.00e+00	0.00e+00	1.07e-12	2.19e-12	6.13e-54
 6.74614e+14	3.97e-17	3.98e-12	6.11e-08	1.32e-04	9.92e-01	7.89e-03	0.00e+00	0.00e+00	0.00e+00	0.00e+00	1.31e-12	2.68e-12	1.26e-53
 6.93588e+14	4.92e-17	4.70e-12	6.84e-08	1.40e-04	9.92e-01	7.45e-03	0.00e+00	4.02e-18	1.21e-17	2.02e-17	1.54e-12	3.16e-12	2.29e-53
 7.13653e+14	6.14e-17	5.56e-12	7.68e-08	1.49e-04	9.93e-01	7.02e-03	0.00e+00	5.02e-18	1.51e-17	2.52e-17	1.82e-12	3.74e-12	4.21e-53
 7.39509e+14	8.08e-17	6.86e-12	8.88e-08	1.60e-04	9.93e-01	6.51e-03	0.00e+00	6.61e-18	1.99e-17	3.32e-17	2.25e-12	4.62e-12	9.01e-53
 7.66421e+14	1.07e-16	8.48e-12	1.03e-07	1.73e-04	9.94e-01	6.05e-03	0.00e+00	8.72e-18	2.62e-17	4.38e-17	2.77e-12	5.71e-12	1.94e-52
 7.89616e+14	1.34e-16	1.01e-11	1.16e-07	1.84e-04	9.94e-01	5.68e-03	0.00e+00	1.10e-17	3.31e-17	5.53e-17	3.31e-12	6.81e-12	3.70e-52
 8.14451e+14	1.71e-16	1.21e-11	1.32e-07	1.97e-04	9.94e-01	5.33e-03	0.00e+00	1.40e-17	4.20e-17	7.02e-17	3.97e-12	8.18e-12	7.15e-52
 8.45073e+14	2.27e-16	1.51e-11	1.53e-07	2.12e-04	9.95e-01	4.93e-03	0.00e+00	1.86e-17	5.58e-17	9.34e-17	4.93e-12	1.02e-11	1.58e-51
 8.76207e+14	3.00e-16	1.87e-11	1.77e-07	2.29e-04	9.95e-01	4.57e-03	0.00e+00	2.46e-17	7.39e-17	1.24e-16	6.11e-12	1.26e-11	3.45e-51
 9.03852e+14	3.82e-16	2.25e-11	2.01e-07	2.45e-04	9.95e-01	4.28e-03	0.00e+00	3.13e-17	9.39e-17	1.57e-16	7.33e-12	1.51e-11	6.74e-51
 9.33973e+14	4.91e-16	2.73e-11	2.30e-07	2.62e-04	9.96e-01	4.00e-03	0.00e+00	4.03e-17	1.21e-16	2.02e-16	8.89e-12	1.84e-11	1.37e-50
 9.70033e+14	6.56e-16	3.40e-11	2.68e-07	2.85e-04	9.96e-01	3.69e-03	0.00e+00	5.38e-17	1.61e-16	2.70e-16	1.11e-11	2.29e-11	3.06e-50
 1.00585e+15	8.69e-16	4.22e-11	3.11e-07	3.07e-04	9.96e-01	3.42e-03	0.00e+00	7.12e-17	2.14e-16	3.58e-16	1.37e-11	2.85e-11	6.74e-50
 1.03830e+15	1.11e-15	5.09e-11	3.54e-07	3.28e-04	9.96e-01	3.20e-03	0.00e+00	9.09e-17	2.73e-16	4.56e-16	1.66e-11	3.43e-11	1.34e-49
 1.07434e+15	1.44e-15	6.21e-11	4.07e-07	3.53e-04	9.97e-01	2.97e-03	0.00e+00	1.18e-16	3.54e-16	5.92e-16	2.02e-11	4.19e-11	2.77e-49
 1.11661e+15	1.93e-15	7.80e-11	4.76e-07	3.83e-04	9.97e-01	2.74e-03	0.00e+00	1.58e-16	4.76e-16	7.95e-16	2.54e-11	5.26e-11	6.36e-49
 1.15843e+15	2.55e-15	9.67e-11	5.53e-07	4.15e-04	9.97e-01	2.53e-03	0.00e+00	2.09e-16	6.29e-16	1.05e-15	3.15e-11	6.53e-11	1.40e-48
 1.19776e+15	3.28e-15	1.18e-10	6.34e-07	4.46e-04	9.97e-01	2.36e-03	0.00e+00	2.70e-16	8.11e-16	1.36e-15	3.82e-11	7.94e-11	2.87e-48
 1.23196e+15	4.06e-15	1.39e-10	7.12e-07	4.73e-04	9.97e-01	2.22e-03	0.00e+00	3.34e-16	1.00e-15	1.67e-15	4.50e-11	9.35e-11	5.23e-48
 1.26044e+15	4.81e-15	1.58e-10	7.81e-07	4.97e-04	9.97e-01	2.11e-03	0.00e+00	3.96e-16	1.19e-15	1.99e-15	5.14e-11	1.07e-10	8.51e-48
 1.29194e+15	5.79e-15	1.83e-10	8.64e-07	5.25e-04	9.97e-01	2.00e-03	0.00e+00	4.76e-16	1.43e-15	2.39e-15	5.94e-11	1.23e-10	1.44e-47
 1.33289e+15	7.30e-15	2.19e-10	9.83e-07	5.62e-04	9.98e-01	1.87e-03	0.00e+00	6.01e-16	1.80e-15	3.02e-15	7.11e-11	1.48e-10	2.78e-47
 1.37585e+15	9.23e-15	2.63e-10	1.12e-06	6.02e-04	9.98e-01	1.75e-03	0.00e+00	7.60e-16	2.28e-15	3.82e-15	8.55e-11	1.78e-10	5.45e-47
 1.41251e+15	1.12e-14	3.06e-10	1.25e-06	6.38e-04	9.98e-01	1.65e-03	0.00e+00	9.25e-16	2.78e-15	4.64e-15	9.95e-11	2.07e-10	9.53e-47
 1.45126e+15	1.37e-14	3.58e-10	1.39e-06	6.77e-04	9.98e-01	1.55e-03	0.00e+00	1.13e-15	3.38e-15	5.66e-15	1.16e-10	2.42e-10	1.68e-46
 1.50162e+15	1.75e-14	4.35e-10	1.60e-06	7.30e-04	9.98e-01	1.44e-03	0.00e+00	1.45e-15	4.35e-15	7.26e-15	1.41e-10	2.94e-10	3.43e-46
 1.55359e+15	2.24e-14	5.29e-10	1.84e-06	7.87e-04	9.98e-01	1.34e-03	0.00e+00	1.85e-15	5.56e-15	9.29e-15	1.72e-10	3.57e-10	6.97e-46
 1.59684e+15	2.73e-14	6.19e-10	2.06e-06	8.37e-04	9.98e-01	1.26e-03	0.00e+00	2.26e-15	6.78e-15	1.13e-14	2.01e-10	4.18e-10	1.24e-45
 1.64228e+15	3.33e-14	7.25e-10	2.32e-06	8.91e-04	9.98e-01	1.18e-03	0.00e+00	2.76e-15	8.28e-15	1.38e-14	2.36e-10	4.90e-10	2.20e-45
 1.70134e+15	4.28e-14	8.86e-10	2.68e-06	9.65e-04	9.98e-01	1.09e-03	0.00e+00	3.54e-15	1.06e-14	1.78e-14	2.88e-10	5.98e-10	4.56e-45
 1.76347e+15	5.51e-14	1.08e-09	3.11e-06	1.05e-03	9.98e-01	1.01e-03	0.00e+00	4.56e-15	1.37e-14	2.29e-14	3.52e-10	7.32e-10	9.53e-45
 1.81712e+15	6.43e-14	1.28e-09	3.51e-06	1.12e-03	9.98e-01	9.39e-04	0.00e+00	5.33e-15	1.60e-14	2.67e-14	4.17e-10	8.66e-10	1.72e-44
 1.87440e+15	7.90e-14	1.52e-09	3.99e-06	1.20e-03	9.98e-01	8.75e-04	0.00e+00	6.56e-15	1.97e-14	3.29e-14	4.95e-10	1.03e-09	3.22e-44
 1.94492e+15	1.01e-13	1.87e-09	4.65e-06	1.31e-03	9.98e-01	8.04e-04	0.00e+00	8.41e-15	2.52e-14	4.22e-14	6.09e-10	1.26e-09	6.85e-44
 2.01675e+15	1.28e-13	2.29e-09	5.40e-06	1.42e-03	9.98e-01	7.39e-04	0.00e+00	1.07e-14	3.20e-14	5.35e-14	7.44e-10	1.54e-09	1.42e-43
 2.08085e+15	1.57e-13	2.72e-09	6.14e-06	1.53e-03	9.98e-01	6.88e-04	0.00e+00	1.30e-14	3.91e-14	6.54e-14	8.84e-10	1.83e-09	2.67e-43
 2.15082e+15	1.94e-13	3.26e-09	7.03e-06	1.65e-03	9.98e-01	6.38e-04	0.00e+00	1.62e-14	4.86e-14	8.13e-14	1.06e-09	2.20e-09	5.24e-43
 2.23419e+15	2.46e-13	4.01e-09	8.22e-06	1.80e-03	9.98e-01	5.83e-04	0.00e+00	2.05e-14	6.16e-14	1.03e-13	1.31e-09	2.71e-09	1.12e-42
 2.31665e+15	3.07e-13	4.88e-09	9.53e-06	1.96e-03	9.97e-01	5.35e-04	0.00e+00	2.56e-14	7.70e-14	1.29e-13	1.59e-09	3.29e-09	2.30e-42
 2.39159e+15	3.74e-13	5.81e-09	1.09e-05	2.11e-03	9.97e-01	4.97e-04	0.00e+00	3.13e-14	9.39e-14	1.57e-13	1.89e-09	3.92e-09	4.47e-42
 2.47510e+15	4.58e-13	6.98e-09	1.25e-05	2.29e-03	9.97e-01	4.58e-04	0.00e+00	3.83e-14	1.15e-13	1.92e-13	2.27e-09	4.70e-09	8.80e-42
 2.57277e+15	5.75e-13	8.59e-09	1.46e-05	2.51e-03	9.97e-01	4.18e-04	0.00e+00	4.82e-14	1.45e-13	2.42e-13	2.80e-09	5.79e-09	1.89e-41
 2.65501e+15	6.85e-13	1.02e-08	1.66e-05	2.70e-03	9.97e-01	3.88e-04	0.00e+00	5.76e-14	1.73e-13	2.89e-13	3.31e-09	6.85e-09	3.54e-41
 2.71232e+15	7.75e-13	1.14e-08	1.81e-05	2.84e-03	9.97e-01	3.69e-04	0.00e+00	6.52e-14	1.96e-13	3.27e-13	3.72e-09	7.67e-09	5.39e-41
 2.77102e+15	8.76e-13	1.28e-08	1.98e-05	2.99e-03	9.97e-01	3.51e-04	0.00e+00	7.37e-14	2.21e-13	3.70e-13	4.16e-09	8.60e-09	8.27e-41
 2.84733e+15	1.02e-12	1.48e-08	2.21e-05	3.18e-03	9.96e-01	3.29e-04	0.00e+00	8.60e-14	2.58e-13	4.31e-13	4.82e-09	9.94e-09	1.43e-40
 2.93215e+15	1.20e-12	1.72e-08	2.49e-05	3.41e-03	9.96e-01	3.06e-04	0.00e+00	1.01e-13	3.04e-13	5.08e-13	5.63e-09	1.16e-08	2.57e-40
 3.01137e+15	1.39e-12	1.99e-08	2.77e-05	3.63e-03	9.96e-01	2.88e-04	0.00e+00	1.17e-13	3.52e-13	5.87e-13	6.49e-09	1.34e-08	4.38e-40
 3.09769e+15	1.62e-12	2.31e-08	3.11e-05	3.88e-03	9.96e-01	2.69e-04	0.00e+00	1.37e-13	4.12e-13	6.88e-13	7.54e-09	1.55e-08	7.72e-40
 3.19393e+15	1.91e-12	2.71e-08	3.52e-05	4.17e-03	9.96e-01	2.50e-04	0.00e+00	1.62e-13	4.85e-13	8.11e-13	8.87e-09	1.83e-08	1.43e-39
 3.28396e+15	2.21e-12	3.14e-08	3.94e-05	4.46e-03	9.95e-01	2.34e-04	0.00e+00	1.87e-13	5.62e-13	9.39e-13	1.03e-08	2.11e-08	2.49e-39
 3.38189e+15	2.59e-12	3.67e-08	4.44e-05	4.77e-03	9.95e-01	2.18e-04	0.00e+00	2.20e-13	6.60e-13	1.10e-12	1.20e-08	2.47e-08	4.50e-39
 3.49145e+15	3.06e-12	4.34e-08	5.04e-05	5.15e-03	9.95e-01	2.02e-04	0.00e+00	2.60e-13	7.80e-13	1.30e-12	1.42e-08	2.92e-08	8.54e-39
 3.59483e+15	3.55e-12	5.07e-08	5.67e-05	5.51e-03	9.94e-01	1.88e-04	0.00e+00	3.02e-13	9.07e-13	1.52e-12	1.66e-08	3.41e-08	1.56e-38
 3.70794e+15	4.19e-12	5.97e-08	6.43e-05	5.93e-03	9.94e-01	1.74e-04	0.00e+00	3.57e-13	1.07e-12	1.79e-12	1.96e-08	4.01e-08	2.97e-38
 3.83495e+15	4.97e-12	7.13e-08	7.36e-05	6.42e-03	9.93e-01	1.61e-04	0.00e+00	4.24e-13	1.27e-12	2.13e-12	2.34e-08	4.79e-08	5.98e-38
 3.95609e+15	5.81e-12	8.40e-08	8.34e-05	6.91e-03	9.93e-01	1.49e-04	0.00e+00	4.96e-13	1.49e-12	2.49e-12	2.76e-08	5.65e-08	1.14e-37
 4.08962e+15	6.92e-12	1.00e-07	9.54e-05	7.47e-03	9.92e-01	1.38e-04	0.00e+00	5.92e-13	1.78e-12	2.97e-12	3.29e-08	6.74e-08	2.29e-37
 4.23886e+15	8.28e-12	1.21e-07	1.10e-04	8.12e-03	9.92e-01	1.26e-04	0.00e+00	7.10e-13	2.13e-12	3.56e-12	3.98e-08	8.14e-08	4.82e-37
 4.37982e+15	9.72e-12	1.44e-07	1.26e-04	8.77e-03	9.91e-01	1.17e-04	0.00e+00	8.34e-13	2.50e-12	4.18e-12	4.73e-08	9.67e-08	9.45e-37
 4.53440e+15	1.16e-11	1.73e-07	1.44e-04	9.52e-03	9.90e-01	1.07e-04	0.00e+00	1.00e-12	3.01e-12	5.02e-12	5.70e-08	1.16e-07	1.95e-36
 4.70551e+15	1.40e-11	2.11e-07	1.68e-04	1.04e-02	9.89e-01	9.81e-05	0.00e+00	1.20e-12	3.61e-12	6.03e-12	6.94e-08	1.42e-07	4.20e-36
 4.86467e+15	1.64e-11	2.52e-07	1.92e-04	1.12e-02	9.88e-01	9.05e-05	0.00e+00	1.42e-12	4.25e-12	7.10e-12	8.28e-08	1.69e-07	8.27e-36
 5.03816e+15	1.97e-11	3.04e-07	2.21e-04	1.22e-02	9.88e-01	8.32e-05	0.00e+00	1.70e-12	5.11e-12	8.54e-12	1.00e-07	2.04e-07	1.72e-35
 5.20508e+15	2.29e-11	3.61e-07	2.52e-04	1.32e-02	9.87e-01	7.69e-05	0.00e+00	1.98e-12	5.95e-12	9.93e-12	1.19e-07	2.42e-07	3.29e-35
 5.32534e+15	2.55e-11	4.06e-07	2.76e-04	1.39e-02	9.86e-01	7.28e-05	0.00e+00	2.21e-12	6.62e-12	1.11e-11	1.34e-07	2.73e-07	5.17e-35
 5.44354e+15	2.86e-11	4.58e-07	3.01e-04	1.46e-02	9.85e-01	6.90e-05	0.00e+00	2.48e-12	7.44e-12	1.24e-11	1.51e-07	3.07e-07	8.14e-35
 5.59720e+15	3.35e-11	5.33e-07	3.37e-04	1.56e-02	9.84e-01	6.45e-05	0.00e+00	2.91e-12	8.72e-12	1.46e-11	1.76e-07	3.57e-07	1.45e-34
 5.76492e+15	3.90e-11	6.25e-07	3.80e-04	1.67e-02	9.83e-01	6.00e-05	0.00e+00	3.39e-12	1.02e-11	1.70e-11	2.06e-07	4.19e-07	2.65e-34
 5.91596e+15	4.50e-11	7.19e-07	4.22e-04	1.78e-02	9.82e-01	5.64e-05	0.00e+00	3.91e-12	1.17e-11	1.96e-11	2.37e-07	4.82e-07	4.46e-34
 6.07734e+15	5.23e-11	8.34e-07	4.71e-04	1.89e-02	9.81e-01	5.28e-05	0.00e+00	4.55e-12	1.36e-11	2.28e-11	2.75e-07	5.59e-07	7.78e-34
 6.25973e+15	6.14e-11	9.80e-07	5.30e-04	2.03e-02	9.79e-01	4.92e-05	0.00e+00	5.35e-12	1.60e-11	2.68e-11	3.23e-07	6.57e-07	1.42e-33
 6.43366e+15	7.14e-11	1.14e-06	5.93e-04	2.16e-02	9.78e-01	4.60e-05	0.00e+00	6.23e-12	1.87e-11	3.12e-11	3.76e-07	7.63e-07	2.44e-33
 6.62402e+15	8.41e-11	1.34e-06	6.68e-04	2.32e-02	9.76e-01	4.29e-05	0.00e+00	7.34e-12	2.20e-11	3.68e-11	4.42e-07	8.97e-07	4.43e-33
 6.83377e+15	1.00e-10	1.59e-06	7.59e-04	2.50e-02	9.74e-01	3.98e-05	0.00e+00	8.75e-12	2.63e-11	4.38e-11	5.25e-07	1.06e-06	8.21e-33
 7.02793e+15	1.17e-10	1.86e-06	8.51e-04	2.67e-02	9.72e-01	3.72e-05	0.00e+00	1.02e-11	3.07e-11	5.13e-11	6.14e-07	1.24e-06	1.39e-32
 7.23953e+15	1.39e-10	2.20e-06	9.63e-04	2.87e-02	9.70e-01	3.47e-05	0.00e+00	1.22e-11	3.66e-11	6.10e-11	7.26e-07	1.47e-06	2.54e-32
 7.47433e+15	1.67e-10	2.62e-06	1.10e-03	3.09e-02	9.68e-01	3.21e-05	0.00e+00	1.47e-11	4.40e-11	7.34e-11	8.66e-07	1.75e-06	4.73e-32
 7.69475e+15	1.98e-10	3.08e-06	1.24e-03	3.31e-02	9.66e-01	3.00e-05	0.00e+00	1.74e-11	5.23e-11	8.72e-11	1.02e-06	2.06e-06	8.26e-32
 7.93674e+15	2.40e-10	3.68e-06	1.41e-03	3.57e-02	9.63e-01	2.78e-05	0.00e+00	2.11e-11	6.34e-11	1.06e-10	1.22e-06	2.46e-06	1.53e-31
 8.20155e+15	2.91e-10	4.42e-06	1.62e-03	3.86e-02	9.60e-01	2.57e-05	0.00e+00	2.57e-11	7.70e-11	1.28e-10	1.46e-06	2.96e-06	2.84e-31
 8.44696e+15	3.47e-10	5.22e-06	1.83e-03	4.14e-02	9.57e-01	2.40e-05	0.00e+00	3.06e-11	9.19e-11	1.53e-10	1.73e-06	3.49e-06	4.95e-31
 8.68125e+15	4.14e-10	6.10e-06	2.05e-03	4.43e-02	9.54e-01	2.25e-05	0.00e+00	3.65e-11	1.10e-10	1.83e-10	2.02e-06	4.08e-06	8.28e-31
 8.95017e+15	5.00e-10	7.28e-06	2.34e-03	4.77e-02	9.50e-01	2.09e-05	0.00e+00	4.42e-11	1.33e-10	2.21e-10	2.41e-06	4.87e-06	1.50e-30
 9.21084e+15	5.95e-10	8.54e-06	2.64e-03	5.12e-02	9.46e-01	1.96e-05	0.00e+00	5.27e-11	1.58e-10	2.64e-10	2.83e-06	5.71e-06	2.49e-30
 9.41502e+15	6.81e-10	9.67e-06	2.90e-03	5.40e-02	9.43e-01	1.87e-05	0.00e+00	6.03e-11	1.81e-10	3.02e-10	3.20e-06	6.47e-06	3.68e-30
 9.63465e+15	7.98e-10	1.11e-05	3.21e-03	5.72e-02	9.40e-01	1.77e-05	0.00e+00	7.07e-11	2.12e-10	3.54e-10	3.68e-06	7.42e-06	5.73e-30
 9.88019e+15	9.30e-10	1.28e-05	3.58e-03	6.09e-02	9.36e-01	1.67e-05	0.00e+00	8.25e-11	2.47e-10	4.13e-10	4.25e-06	8.58e-06	9.01e-30
 1.01182e+16	1.09e-09	1.47e-05	3.98e-03	6.46e-02	9.31e-01	1.58e-05	0.00e+00	9.67e-11	2.90e-10	4.84e-10	4.89e-06	9.86e-06	1.39e-29
 1.03864e+16	1.30e-09	1.73e-05	4.48e-03	6.91e-02	9.26e-01	1.48e-05	0.00e+00	1.15e-10	3.46e-10	5.77e-10	5.73e-06	1.15e-05	2.28e-29
 1.06692e+16	1.55e-09	2.02e-05	5.05e-03	7.39e-02	9.21e-01	1.40e-05	0.00e+00	1.38e-10	4.15e-10	6.92e-10	6.70e-06	1.35e-05	3.66e-29
 1.09239e+16	1.81e-09	2.32e-05	5.62e-03	7.85e-02	9.16e-01	1.33e-05	0.00e+00	1.61e-10	4.84e-10	8.08e-10	7.71e-06	1.55e-05	5.54e-29
 1.12081e+16	2.19e-09	2.73e-05	6.35e-03	8.41e-02	9.10e-01	1.25e-05	0.00e+00	1.95e-10	5.85e-10	9.76e-10	9.06e-06	1.83e-05	9.10e-29
 1.15125e+16	2.62e-09	3.21e-05	7.19e-03	9.01e-02	9.03e-01	1.18e-05	0.00e+00	2.34e-10	7.01e-10	1.17e-09	1.06e-05	2.14e-05	1.45e-28
 1.17955e+16	3.12e-09	3.73e-05	8.07e-03	9.62e-02	8.96e-01	1.11e-05	0.00e+00	2.79e-10	8.37e-10	1.40e-09	1.24e-05	2.49e-05	2.24e-28
 1.20716e+16	3.71e-09	4.31e-05	9.03e-03	1.02e-01	8.89e-01	1.06e-05	0.00e+00	3.32e-10	9.95e-10	1.66e-09	1.43e-05	2.88e-05	3.40e-28
 1.23861e+16	4.52e-09	5.12e-05	1.03e-02	1.10e-01	8.80e-01	9.98e-06	0.00e+00	4.04e-10	1.21e-09	2.02e-09	1.70e-05	3.42e-05	5.62e-28
 1.27210e+16	5.45e-09	6.06e-05	1.18e-02	1.18e-01	8.70e-01	9.41e-06	0.00e+00	4.89e-10	1.47e-09	2.44e-09	2.01e-05	4.05e-05	8.92e-28
 1.30129e+16	6.47e-09	7.02e-05	1.32e-02	1.26e-01	8.61e-01	8.95e-06	0.00e+00	5.80e-10	1.74e-09	2.90e-09	2.33e-05	4.69e-05	1.34e-27
 1.33227e+16	7.88e-09	8.29e-05	1.50e-02	1.35e-01	8.50e-01	8.49e-06	0.00e+00	7.08e-10	2.12e-09	3.54e-09	2.76e-05	5.54e-05	2.15e-27
 1.36581e+16	9.64e-09	9.83e-05	1.72e-02	1.45e-01	8.38e-01	8.04e-06	0.00e+00	8.68e-10	2.60e-09	4.34e-09	3.27e-05	6.56e-05	3.41e-27
 1.39592e+16	1.17e-08	1.15e-04	1.94e-02	1.54e-01	8.26e-01	7.71e-06	0.00e+00	1.06e-09	3.17e-09	5.29e-09	3.82e-05	7.67e-05	5.19e-27
 1.42383e+16	1.40e-08	1.33e-04	2.18e-02	1.64e-01	8.14e-01	7.37e-06	0.00e+00	1.26e-09	3.78e-09	6.31e-09	4.42e-05	8.87e-05	7.67e-27
 1.45061e+16	1.64e-08	1.52e-04	2.43e-02	1.73e-01	8.02e-01	7.09e-06	0.00e+00	1.48e-09	4.43e-09	7.38e-09	5.06e-05	1.02e-04	1.10e-26
 1.47637e+16	1.92e-08	1.75e-04	2.71e-02	1.83e-01	7.89e-01	6.82e-06	0.00e+00	1.74e-09	5.21e-09	8.69e-09	5.81e-05	1.17e-04	1.58e-26
 1.50584e+16	2.38e-08	2.07e-04	3.08e-02	1.96e-01	7.73e-01	6.53e-06	0.00e+00	2.15e-09	6.46e-09	1.08e-08	6.87e-05	1.38e-04	2.53e-26
