#depth	C	C+	C+2	C+3	C+4	C+5	C+6	C[1]	C[2]	C[3]	C+[1]	C+[2]	CO
 1.49634e+10	6.77e-46	1.02e-34	1.94e-24	8.47e-15	1.94e-04	4.07e-01	5.93e-01	0.00e+00	0.00e+00	0.00e+00	0.00e+00	0.00e+00	2.55e-145
 4.54887e+10	0.00e+00	1.46e-34	2.58e-24	1.04e-14	2.20e-04	4.26e-01	5.74e-01	0.00e+00	0.00e+00	0.00e+00	0.00e+00	0.00e+00	2.50e-210
 7.72350e+10	1.64e-45	2.10e-34	3.42e-24	1.28e-14	2.49e-04	4.45e-01	5.54e-01	0.00e+00	0.00e+00	0.00e+00	0.00e+00	0.00e+00	2.53e-144
 1.10251e+11	0.00e+00	3.02e-34	4.54e-24	1.56e-14	2.82e-04	4.65e-01	5.35e-01	0.00e+00	0.00e+00	0.00e+00	0.00e+00	0.00e+00	9.53e-210
 1.44588e+11	3.94e-45	4.32e-34	6.01e-24	1.91e-14	3.19e-04	4.85e-01	5.15e-01	0.00e+00	0.00e+00	0.00e+00	0.00e+00	0.00e+00	2.50e-143
 1.80298e+11	0.00e+00	6.19e-34	7.96e-24	2.34e-14	3.60e-04	5.05e-01	4.95e-01	0.00e+00	0.00e+00	0.00e+00	0.00e+00	0.00e+00	3.61e-209
 2.17437e+11	9.47e-45	8.86e-34	1.05e-23	2.85e-14	4.06e-04	5.24e-01	4.75e-01	0.00e+00	0.00e+00	0.00e+00	0.00e+00	0.00e+00	2.47e-142
 2.56061e+11	0.00e+00	1.27e-33	1.39e-23	3.48e-14	4.57e-04	5.44e-01	4.55e-01	0.00e+00	0.00e+00	0.00e+00	0.00e+00	0.00e+00	1.36e-208
 2.96231e+11	2.26e-44	1.81e-33	1.83e-23	4.24e-14	5.14e-04	5.64e-01	4.36e-01	0.00e+00	0.00e+00	0.00e+00	0.00e+00	0.00e+00	2.43e-141
 3.38007e+11	0.00e+00	2.57e-33	2.41e-23	5.15e-14	5.78e-04	5.83e-01	4.16e-01	0.00e+00	0.00e+00	0.00e+00	0.00e+00	0.00e+00	5.06e-208
 3.81454e+11	5.38e-44	3.67e-33	3.17e-23	6.26e-14	6.48e-04	6.02e-01	3.97e-01	0.00e+00	0.00e+00	0.00e+00	0.00e+00	0.00e+00	2.39e-140
 4.26639e+11	0.00e+00	5.22e-33	4.16e-23	7.59e-14	7.26e-04	6.21e-01	3.78e-01	0.00e+00	0.00e+00	0.00e+00	0.00e+00	0.00e+00	1.86e-207
 4.73631e+11	1.28e-43	7.41e-33	5.46e-23	9.20e-14	8.12e-04	6.40e-01	3.60e-01	0.00e+00	0.00e+00	0.00e+00	0.00e+00	0.00e+00	2.34e-139
 5.22503e+11	0.00e+00	1.05e-32	7.17e-23	1.11e-13	9.08e-04	6.58e-01	3.41e-01	0.00e+00	0.00e+00	0.00e+00	0.00e+00	0.00e+00	6.72e-207
 5.70221e+11	2.94e-43	1.46e-32	9.24e-23	1.33e-13	1.01e-03	6.74e-01	3.25e-01	0.00e+00	0.00e+00	0.00e+00	0.00e+00	0.00e+00	2.14e-138
 6.15647e+11	0.00e+00	1.98e-32	1.17e-22	1.57e-13	1.11e-03	6.89e-01	3.10e-01	0.00e+00	0.00e+00	0.00e+00	0.00e+00	0.00e+00	2.39e-206
 6.65998e+11	6.33e-43	2.73e-32	1.50e-22	1.87e-13	1.22e-03	7.05e-01	2.94e-01	0.00e+00	0.00e+00	0.00e+00	0.00e+00	0.00e+00	1.65e-137
 7.20967e+11	0.00e+00	3.83e-32	1.94e-22	2.24e-13	1.36e-03	7.20e-01	2.78e-01	0.00e+00	0.00e+00	0.00e+00	0.00e+00	0.00e+00	6.90e-206
 7.74094e+11	1.41e-42	5.25e-32	2.47e-22	2.66e-13	1.50e-03	7.35e-01	2.64e-01	0.00e+00	0.00e+00	0.00e+00	0.00e+00	0.00e+00	1.41e-136
 8.30942e+11	0.00e+00	7.26e-32	3.17e-22	3.16e-13	1.65e-03	7.49e-01	2.49e-01	0.00e+00	0.00e+00	0.00e+00	0.00e+00	0.00e+00	2.11e-205
 8.94107e+11	3.24e-42	1.03e-31	4.14e-22	3.81e-13	1.83e-03	7.64e-01	2.35e-01	0.00e+00	0.00e+00	0.00e+00	0.00e+00	0.00e+00	1.28e-135
 9.57927e+11	0.00e+00	1.44e-31	5.37e-22	4.56e-13	2.03e-03	7.77e-01	2.21e-01	0.00e+00	0.00e+00	0.00e+00	0.00e+00	0.00e+00	5.86e-205
 1.02430e+12	7.43e-42	2.02e-31	6.95e-22	5.46e-13	2.25e-03	7.90e-01	2.08e-01	0.00e+00	0.00e+00	0.00e+00	0.00e+00	0.00e+00	1.19e-134
 1.09520e+12	0.00e+00	2.85e-31	9.07e-22	6.56e-13	2.49e-03	8.03e-01	1.95e-01	0.00e+00	0.00e+00	0.00e+00	0.00e+00	0.00e+00	1.28e-204
 1.16893e+12	1.75e-41	4.03e-31	1.18e-21	7.89e-13	2.76e-03	8.15e-01	1.82e-01	0.00e+00	0.00e+00	0.00e+00	0.00e+00	0.00e+00	1.17e-133
 1.24562e+12	0.00e+00	5.70e-31	1.54e-21	9.48e-13	3.06e-03	8.27e-01	1.70e-01	0.00e+00	0.00e+00	0.00e+00	0.00e+00	0.00e+00	4.56e-205
 1.32537e+12	4.11e-41	8.07e-31	2.01e-21	1.14e-12	3.39e-03	8.38e-01	1.59e-01	0.00e+00	0.00e+00	0.00e+00	0.00e+00	0.00e+00	1.16e-132
 1.40831e+12	0.00e+00	1.14e-30	2.62e-21	1.37e-12	3.75e-03	8.48e-01	1.48e-01	0.00e+00	0.00e+00	0.00e+00	0.00e+00	0.00e+00	0.00e+00
 1.49457e+12	9.69e-41	1.62e-30	3.42e-21	1.64e-12	4.14e-03	8.58e-01	1.38e-01	0.00e+00	0.00e+00	0.00e+00	0.00e+00	0.00e+00	1.16e-131
 1.58428e+12	0.00e+00	2.29e-30	4.47e-21	1.98e-12	4.58e-03	8.67e-01	1.29e-01	0.00e+00	0.00e+00	0.00e+00	0.00e+00	0.00e+00	0.00e+00
 1.66855e+12	2.20e-40	3.13e-30	5.68e-21	2.33e-12	5.02e-03	8.74e-01	1.21e-01	0.00e+00	0.00e+00	0.00e+00	0.00e+00	0.00e+00	1.04e-130
 1.74375e+12	0.00e+00	4.11e-30	6.99e-21	2.69e-12	5.43e-03	8.81e-01	1.14e-01	0.00e+00	0.00e+00	0.00e+00	0.00e+00	0.00e+00	0.00e+00
 1.82809e+12	4.44e-40	5.53e-30	8.77e-21	3.14e-12	5.91e-03	8.87e-01	1.07e-01	0.00e+00	0.00e+00	0.00e+00	0.00e+00	0.00e+00	6.88e-130
 1.92825e+12	0.00e+00	7.78e-30	1.14e-20	3.76e-12	6.52e-03	8.94e-01	9.94e-02	0.00e+00	0.00e+00	0.00e+00	0.00e+00	0.00e+00	0.00e+00
 2.02855e+12	1.01e-39	1.08e-29	1.46e-20	4.47e-12	7.16e-03	9.00e-01	9.26e-02	0.00e+00	0.00e+00	0.00e+00	0.00e+00	0.00e+00	6.31e-129
 2.12246e+12	0.00e+00	1.45e-29	1.83e-20	5.22e-12	7.79e-03	9.05e-01	8.68e-02	0.00e+00	0.00e+00	0.00e+00	0.00e+00	0.00e+00	0.00e+00
 2.22688e+12	2.18e-39	2.00e-29	2.34e-20	6.18e-12	8.53e-03	9.11e-01	8.08e-02	0.00e+00	0.00e+00	0.00e+00	0.00e+00	0.00e+00	4.89e-128
 2.34588e+12	0.00e+00	2.85e-29	3.07e-20	7.43e-12	9.42e-03	9.16e-01	7.48e-02	0.00e+00	0.00e+00	0.00e+00	0.00e+00	0.00e+00	0.00e+00
 2.46406e+12	5.12e-39	4.00e-29	3.97e-20	8.87e-12	1.04e-02	9.20e-01	6.93e-02	0.00e+00	0.00e+00	0.00e+00	0.00e+00	0.00e+00	4.81e-127
 2.58697e+12	0.00e+00	5.61e-29	5.14e-20	1.06e-11	1.14e-02	9.24e-01	6.42e-02	0.00e+00	0.00e+00	0.00e+00	0.00e+00	0.00e+00	0.00e+00
 2.72038e+12	1.21e-38	8.00e-29	6.75e-20	1.27e-11	1.26e-02	9.28e-01	5.92e-02	0.00e+00	0.00e+00	0.00e+00	0.00e+00	0.00e+00	4.77e-126
 2.85631e+12	0.00e+00	1.13e-28	8.81e-20	1.53e-11	1.39e-02	9.31e-01	5.46e-02	0.00e+00	0.00e+00	0.00e+00	0.00e+00	0.00e+00	0.00e+00
 2.98296e+12	2.74e-38	1.55e-28	1.12e-19	1.80e-11	1.52e-02	9.34e-01	5.08e-02	0.00e+00	0.00e+00	0.00e+00	0.00e+00	0.00e+00	4.25e-125
 3.09961e+12	0.00e+00	2.05e-28	1.39e-19	2.08e-11	1.64e-02	9.36e-01	4.76e-02	0.00e+00	0.00e+00	0.00e+00	0.00e+00	0.00e+00	0.00e+00
 3.23280e+12	5.71e-38	2.81e-28	1.76e-19	2.45e-11	1.78e-02	9.38e-01	4.43e-02	0.00e+00	0.00e+00	0.00e+00	0.00e+00	0.00e+00	3.00e-124
 3.38920e+12	0.00e+00	3.98e-28	2.30e-19	2.94e-11	1.97e-02	9.40e-01	4.07e-02	0.00e+00	0.00e+00	0.00e+00	0.00e+00	0.00e+00	0.00e+00
 3.54424e+12	1.34e-37	5.58e-28	2.97e-19	3.51e-11	2.16e-02	9.41e-01	3.76e-02	0.00e+00	0.00e+00	0.00e+00	0.00e+00	0.00e+00	2.90e-123
 3.68957e+12	0.00e+00	7.58e-28	3.76e-19	4.11e-11	2.35e-02	9.42e-01	3.49e-02	0.00e+00	0.00e+00	0.00e+00	0.00e+00	0.00e+00	0.00e+00
 3.85118e+12	2.94e-37	1.05e-27	4.83e-19	4.88e-11	2.57e-02	9.42e-01	3.23e-02	0.00e+00	0.00e+00	0.00e+00	0.00e+00	0.00e+00	2.36e-122
 4.03515e+12	0.00e+00	1.52e-27	6.39e-19	5.91e-11	2.84e-02	9.42e-01	2.95e-02	0.00e+00	0.00e+00	0.00e+00	0.00e+00	0.00e+00	0.00e+00
 4.21600e+12	7.07e-37	2.14e-27	8.31e-19	7.06e-11	3.11e-02	9.42e-01	2.71e-02	0.00e+00	0.00e+00	0.00e+00	0.00e+00	0.00e+00	2.42e-121
 4.40410e+12	0.00e+00	3.02e-27	1.08e-18	8.43e-11	3.41e-02	9.41e-01	2.49e-02	0.00e+00	0.00e+00	0.00e+00	0.00e+00	0.00e+00	0.00e+00
 4.61019e+12	1.70e-36	4.36e-27	1.43e-18	1.02e-10	3.77e-02	9.40e-01	2.27e-02	0.00e+00	0.00e+00	0.00e+00	0.00e+00	0.00e+00	2.49e-120
 4.81692e+12	0.00e+00	6.21e-27	1.87e-18	1.23e-10	4.14e-02	9.38e-01	2.08e-02	0.00e+00	0.00e+00	0.00e+00	0.00e+00	0.00e+00	0.00e+00
 5.03192e+12	4.08e-36	8.84e-27	2.46e-18	1.47e-10	4.55e-02	9.35e-01	1.90e-02	0.00e+00	0.00e+00	0.00e+00	0.00e+00	0.00e+00	2.53e-119
 5.26312e+12	0.00e+00	1.28e-26	3.25e-18	1.78e-10	5.01e-02	9.33e-01	1.73e-02	0.00e+00	0.00e+00	0.00e+00	0.00e+00	0.00e+00	0.00e+00
 5.49295e+12	9.93e-36	1.81e-26	4.25e-18	2.14e-10	5.50e-02	9.29e-01	1.58e-02	0.00e+00	0.00e+00	0.00e+00	0.00e+00	0.00e+00	2.65e-118
 5.73197e+12	0.00e+00	2.58e-26	5.57e-18	2.56e-10	6.03e-02	9.25e-01	1.44e-02	0.00e+00	0.00e+00	0.00e+00	0.00e+00	0.00e+00	0.00e+00
 5.99117e+12	2.42e-35	3.72e-26	7.38e-18	3.10e-10	6.64e-02	9.21e-01	1.31e-02	0.00e+00	0.00e+00	0.00e+00	0.00e+00	0.00e+00	2.78e-117
 6.26074e+12	0.00e+00	5.38e-26	9.78e-18	3.75e-10	7.30e-02	9.15e-01	1.18e-02	0.00e+00	0.00e+00	0.00e+00	0.00e+00	0.00e+00	0.00e+00
 6.54110e+12	5.99e-35	7.76e-26	1.30e-17	4.54e-10	8.02e-02	9.09e-01	1.07e-02	0.00e+00	0.00e+00	0.00e+00	0.00e+00	0.00e+00	3.07e-116
 6.83267e+12	9.42e-35	1.12e-25	1.72e-17	5.49e-10	8.81e-02	9.02e-01	9.69e-03	0.00e+00	0.00e+00	0.00e+00	0.00e+00	0.00e+00	0.00e+00
 7.13591e+12	1.48e-34	1.62e-25	2.28e-17	6.63e-10	9.67e-02	8.95e-01	8.74e-03	0.00e+00	0.00e+00	0.00e+00	0.00e+00	0.00e+00	3.35e-115
 7.41100e+12	2.20e-34	2.22e-25	2.91e-17	7.82e-10	1.05e-01	8.87e-01	7.98e-03	0.00e+00	0.00e+00	0.00e+00	0.00e+00	0.00e+00	1.43e-97
 7.64178e+12	3.03e-34	2.88e-25	3.55e-17	8.95e-10	1.12e-01	8.81e-01	7.41e-03	0.00e+00	0.00e+00	0.00e+00	0.00e+00	0.00e+00	0.00e+00
 7.89542e+12	4.25e-34	3.79e-25	4.39e-17	1.03e-09	1.20e-01	8.73e-01	6.84e-03	0.00e+00	0.00e+00	0.00e+00	0.00e+00	0.00e+00	5.44e-114
 8.21452e+12	6.42e-34	5.30e-25	5.68e-17	1.23e-09	1.30e-01	8.64e-01	6.19e-03	0.00e+00	0.00e+00	0.00e+00	0.00e+00	0.00e+00	1.57e-96
 8.54611e+12	9.69e-34	7.40e-25	7.35e-17	1.46e-09	1.41e-01	8.53e-01	5.60e-03	0.00e+00	0.00e+00	0.00e+00	0.00e+00	0.00e+00	2.08e-285
 8.83075e+12	1.36e-33	9.75e-25	9.10e-17	1.68e-09	1.51e-01	8.44e-01	5.15e-03	0.00e+00	0.00e+00	0.00e+00	0.00e+00	0.00e+00	1.19e-112
 9.12699e+12	1.91e-33	1.28e-24	1.13e-16	1.94e-09	1.61e-01	8.34e-01	4.72e-03	0.00e+00	0.00e+00	0.00e+00	0.00e+00	0.00e+00	1.79e-95
 9.49528e+12	2.87e-33	1.79e-24	1.45e-16	2.30e-09	1.74e-01	8.21e-01	4.25e-03	0.00e+00	0.00e+00	0.00e+00	0.00e+00	0.00e+00	8.73e-112
 9.86813e+12	4.26e-33	2.46e-24	1.86e-16	2.71e-09	1.88e-01	8.08e-01	3.84e-03	0.00e+00	0.00e+00	0.00e+00	0.00e+00	0.00e+00	1.07e-94
 1.01939e+13	5.93e-33	3.22e-24	2.29e-16	3.11e-09	2.00e-01	7.96e-01	3.51e-03	0.00e+00	0.00e+00	0.00e+00	0.00e+00	0.00e+00	6.08e-111
 1.05476e+13	8.37e-33	4.26e-24	2.84e-16	3.59e-09	2.14e-01	7.83e-01	3.20e-03	0.00e+00	0.00e+00	0.00e+00	0.00e+00	0.00e+00	4.84e-94
 1.09774e+13	1.25e-32	5.90e-24	3.65e-16	4.25e-09	2.30e-01	7.67e-01	2.86e-03	0.00e+00	0.00e+00	0.00e+00	0.00e+00	0.00e+00	4.53e-110
 1.14144e+13	1.85e-32	8.09e-24	4.66e-16	5.00e-09	2.47e-01	7.51e-01	2.56e-03	0.00e+00	0.00e+00	0.00e+00	0.00e+00	0.00e+00	2.85e-93
 1.18165e+13	2.60e-32	1.07e-23	5.78e-16	5.75e-09	2.62e-01	7.35e-01	2.32e-03	0.00e+00	0.00e+00	0.00e+00	0.00e+00	0.00e+00	3.30e-109
 1.22648e+13	3.75e-32	1.44e-23	7.25e-16	6.69e-09	2.80e-01	7.18e-01	2.08e-03	0.00e+00	0.00e+00	0.00e+00	0.00e+00	0.00e+00	1.40e-92
 1.27835e+13	5.61e-32	1.99e-23	9.33e-16	7.89e-09	3.00e-01	6.98e-01	1.85e-03	0.00e+00	0.00e+00	0.00e+00	0.00e+00	0.00e+00	2.70e-108
 1.32942e+13	8.18e-32	2.70e-23	1.18e-15	9.20e-09	3.19e-01	6.79e-01	1.64e-03	0.00e+00	0.00e+00	0.00e+00	0.00e+00	0.00e+00	8.24e-92
 1.37840e+13	1.16e-31	3.57e-23	1.46e-15	1.06e-08	3.38e-01	6.61e-01	1.47e-03	0.00e+00	0.00e+00	0.00e+00	0.00e+00	0.00e+00	1.99e-107
 1.43239e+13	1.66e-31	4.79e-23	1.83e-15	1.22e-08	3.58e-01	6.41e-01	1.31e-03	0.00e+00	0.00e+00	0.00e+00	0.00e+00	0.00e+00	4.17e-91
 1.49267e+13	2.45e-31	6.54e-23	2.33e-15	1.43e-08	3.80e-01	6.18e-01	1.15e-03	0.00e+00	0.00e+00	0.00e+00	0.00e+00	0.00e+00	1.61e-106
 1.54753e+13	3.42e-31	8.58e-23	2.86e-15	1.63e-08	4.00e-01	5.99e-01	1.03e-03	0.00e+00	0.00e+00	0.00e+00	0.00e+00	0.00e+00	2.21e-90
 1.59377e+13	4.49e-31	1.07e-22	3.38e-15	1.82e-08	4.16e-01	5.83e-01	9.40e-04	0.00e+00	0.00e+00	0.00e+00	0.00e+00	0.00e+00	8.93e-106
 1.64466e+13	5.99e-31	1.34e-22	4.03e-15	2.03e-08	4.34e-01	5.65e-01	8.51e-04	0.00e+00	0.00e+00	0.00e+00	0.00e+00	0.00e+00	8.11e-90
 1.70211e+13	8.18e-31	1.73e-22	4.88e-15	2.30e-08	4.53e-01	5.46e-01	7.61e-04	0.00e+00	0.00e+00	0.00e+00	0.00e+00	0.00e+00	4.93e-105
 1.75713e+13	1.09e-30	2.18e-22	5.81e-15	2.56e-08	4.71e-01	5.28e-01	6.86e-04	0.00e+00	0.00e+00	0.00e+00	0.00e+00	0.00e+00	3.30e-89
 1.81769e+13	1.48e-30	2.77e-22	6.99e-15	2.88e-08	4.90e-01	5.09e-01	6.14e-04	0.00e+00	0.00e+00	0.00e+00	0.00e+00	0.00e+00	2.69e-104
 1.88498e+13	2.04e-30	3.59e-22	8.50e-15	3.25e-08	5.11e-01	4.89e-01	5.44e-04	0.00e+00	0.00e+00	0.00e+00	0.00e+00	0.00e+00	1.46e-88
 1.94804e+13	2.73e-30	4.53e-22	1.01e-14	3.63e-08	5.29e-01	4.70e-01	4.87e-04	0.00e+00	0.00e+00	0.00e+00	0.00e+00	0.00e+00	1.60e-103
 2.01708e+13	3.70e-30	5.78e-22	1.22e-14	4.06e-08	5.48e-01	4.51e-01	4.33e-04	0.00e+00	0.00e+00	0.00e+00	0.00e+00	0.00e+00	6.06e-88
 2.09473e+13	5.14e-30	7.51e-22	1.48e-14	4.59e-08	5.69e-01	4.30e-01	3.80e-04	0.00e+00	0.00e+00	0.00e+00	0.00e+00	0.00e+00	1.03e-102
 2.16892e+13	6.95e-30	9.55e-22	1.77e-14	5.12e-08	5.88e-01	4.12e-01	3.37e-04	0.00e+00	0.00e+00	0.00e+00	0.00e+00	0.00e+00	2.76e-87
 2.23757e+13	9.09e-30	1.18e-21	2.07e-14	5.64e-08	6.05e-01	3.95e-01	3.02e-04	0.00e+00	0.00e+00	0.00e+00	0.00e+00	0.00e+00	5.53e-102
 2.31369e+13	1.21e-29	1.48e-21	2.45e-14	6.25e-08	6.22e-01	3.78e-01	2.69e-04	0.00e+00	0.00e+00	0.00e+00	0.00e+00	0.00e+00	1.06e-86
 2.39900e+13	1.64e-29	1.89e-21	2.94e-14	6.97e-08	6.41e-01	3.59e-01	2.36e-04	0.00e+00	0.00e+00	0.00e+00	0.00e+00	0.00e+00	3.25e-101
 2.47956e+13	2.17e-29	2.36e-21	3.47e-14	7.69e-08	6.57e-01	3.42e-01	2.10e-04	0.00e+00	0.00e+00	0.00e+00	0.00e+00	0.00e+00	4.48e-86
 2.56759e+13	2.91e-29	2.97e-21	4.11e-14	8.51e-08	6.74e-01	3.26e-01	1.85e-04	0.00e+00	0.00e+00	0.00e+00	0.00e+00	0.00e+00	1.82e-100
 2.66506e+13	3.98e-29	3.80e-21	4.92e-14	9.48e-08	6.92e-01	3.08e-01	1.62e-04	0.00e+00	0.00e+00	0.00e+00	0.00e+00	0.00e+00	2.00e-85
 2.75561e+13	5.25e-29	4.72e-21	5.78e-14	1.04e-07	7.07e-01	2.93e-01	1.43e-04	0.00e+00	0.00e+00	0.00e+00	0.00e+00	0.00e+00	1.09e-99
 2.85414e+13	7.02e-29	5.93e-21	6.83e-14	1.15e-07	7.23e-01	2.77e-01	1.26e-04	0.00e+00	0.00e+00	0.00e+00	0.00e+00	0.00e+00	8.28e-85
 2.96429e+13	9.59e-29	7.58e-21	8.17e-14	1.28e-07	7.39e-01	2.61e-01	1.09e-04	0.00e+00	0.00e+00	0.00e+00	0.00e+00	0.00e+00	6.88e-99
 3.06814e+13	1.27e-28	9.46e-21	9.60e-14	1.40e-07	7.53e-01	2.47e-01	9.58e-05	0.00e+00	0.00e+00	0.00e+00	0.00e+00	0.00e+00	3.69e-84
 3.18139e+13	1.71e-28	1.19e-20	1.14e-13	1.54e-07	7.67e-01	2.33e-01	8.36e-05	0.00e+00	0.00e+00	0.00e+00	0.00e+00	0.00e+00	4.10e-98
 3.30771e+13	2.35e-28	1.53e-20	1.36e-13	1.71e-07	7.82e-01	2.18e-01	7.20e-05	0.00e+00	0.00e+00	0.00e+00	0.00e+00	0.00e+00	1.74e-83
 3.42734e+13	3.13e-28	1.91e-20	1.60e-13	1.88e-07	7.95e-01	2.05e-01	6.29e-05	0.00e+00	0.00e+00	0.00e+00	0.00e+00	0.00e+00	2.68e-97
 3.55568e+13	4.21e-28	2.41e-20	1.89e-13	2.06e-07	8.07e-01	1.93e-01	5.47e-05	0.00e+00	0.00e+00	0.00e+00	0.00e+00	0.00e+00	7.80e-83
 3.70090e+13	5.81e-28	3.09e-20	2.26e-13	2.28e-07	8.20e-01	1.80e-01	4.69e-05	0.00e+00	0.00e+00	0.00e+00	0.00e+00	0.00e+00	1.85e-96
 3.84418e+13	7.88e-28	3.92e-20	2.68e-13	2.51e-07	8.32e-01	1.68e-01	4.05e-05	0.00e+00	0.00e+00	0.00e+00	0.00e+00	0.00e+00	3.92e-82
 3.99319e+13	1.07e-27	4.96e-20	3.17e-13	2.76e-07	8.43e-01	1.57e-01	3.49e-05	0.00e+00	0.00e+00	0.00e+00	0.00e+00	0.00e+00	1.26e-95
 4.15591e+13	1.47e-27	6.35e-20	3.77e-13	3.04e-07	8.53e-01	1.46e-01	2.99e-05	0.00e+00	0.00e+00	0.00e+00	0.00e+00	0.00e+00	1.98e-81
 4.32180e+13	2.01e-27	8.08e-20	4.48e-13	3.34e-07	8.64e-01	1.36e-01	2.56e-05	0.00e+00	0.00e+00	0.00e+00	0.00e+00	0.00e+00	9.27e-95
 4.49433e+13	2.74e-27	1.03e-19	5.31e-13	3.67e-07	8.73e-01	1.27e-01	2.20e-05	0.00e+00	0.00e+00	0.00e+00	0.00e+00	0.00e+00	1.01e-80
 4.66816e+13	3.70e-27	1.30e-19	6.25e-13	4.01e-07	8.81e-01	1.18e-01	1.90e-05	0.00e+00	0.00e+00	0.00e+00	0.00e+00	0.00e+00	6.49e-94
 4.82994e+13	4.85e-27	1.60e-19	7.24e-13	4.35e-07	8.89e-01	1.11e-01	1.66e-05	0.00e+00	0.00e+00	0.00e+00	0.00e+00	0.00e+00	4.53e-80
 5.00712e+13	6.45e-27	1.99e-19	8.44e-13	4.72e-07	8.96e-01	1.04e-01	1.44e-05	0.00e+00	0.00e+00	0.00e+00	0.00e+00	0.00e+00	3.82e-93
 5.18862e+13	8.55e-27	2.47e-19	9.82e-13	5.13e-07	9.03e-01	9.73e-02	1.25e-05	0.00e+00	0.00e+00	0.00e+00	0.00e+00	0.00e+00	2.03e-79
 5.33977e+13	1.07e-26	2.94e-19	1.11e-12	5.47e-07	9.08e-01	9.22e-02	1.12e-05	0.00e+00	0.00e+00	0.00e+00	0.00e+00	0.00e+00	1.95e-92
 5.49913e+13	1.36e-26	3.51e-19	1.26e-12	5.85e-07	9.13e-01	8.72e-02	9.93e-06	0.00e+00	0.00e+00	0.00e+00	0.00e+00	0.00e+00	6.89e-79
 5.70248e+13	1.81e-26	4.37e-19	1.46e-12	6.35e-07	9.19e-01	8.14e-02	8.60e-06	0.00e+00	0.00e+00	0.00e+00	0.00e+00	0.00e+00	1.03e-91
 5.91525e+13	2.41e-26	5.46e-19	1.71e-12	6.89e-07	9.24e-01	7.59e-02	7.44e-06	0.00e+00	0.00e+00	0.00e+00	0.00e+00	0.00e+00	3.20e-78
 6.10316e+13	3.09e-26	6.59e-19	1.94e-12	7.38e-07	9.28e-01	7.16e-02	6.58e-06	0.00e+00	0.00e+00	0.00e+00	0.00e+00	0.00e+00	5.80e-91
 6.30652e+13	4.00e-26	8.03e-19	2.23e-12	7.93e-07	9.33e-01	6.72e-02	5.78e-06	0.00e+00	0.00e+00	0.00e+00	0.00e+00	0.00e+00	1.25e-77
 6.53403e+13	5.30e-26	9.94e-19	2.58e-12	8.57e-07	9.37e-01	6.28e-02	5.02e-06	0.00e+00	0.00e+00	0.00e+00	0.00e+00	0.00e+00	3.29e-90
 6.74782e+13	6.83e-26	1.21e-18	2.95e-12	9.19e-07	9.41e-01	5.90e-02	4.42e-06	0.00e+00	0.00e+00	0.00e+00	0.00e+00	0.00e+00	5.25e-77
 6.98063e+13	8.94e-26	1.48e-18	3.39e-12	9.88e-07	9.45e-01	5.53e-02	3.87e-06	0.00e+00	0.00e+00	0.00e+00	0.00e+00	0.00e+00	1.78e-89
 7.23939e+13	1.19e-25	1.84e-18	3.94e-12	1.07e-06	9.48e-01	5.15e-02	3.34e-06	0.00e+00	0.00e+00	0.00e+00	0.00e+00	0.00e+00	2.35e-76
 7.48046e+13	1.54e-25	2.24e-18	4.50e-12	1.15e-06	9.52e-01	4.84e-02	2.94e-06	0.00e+00	0.00e+00	0.00e+00	0.00e+00	0.00e+00	4.74e-76
 7.74242e+13	2.03e-25	2.75e-18	5.18e-12	1.23e-06	9.55e-01	4.53e-02	2.57e-06	0.00e+00	0.00e+00	0.00e+00	0.00e+00	0.00e+00	9.92e-76
 8.03534e+13	2.72e-25	3.44e-18	6.04e-12	1.33e-06	9.58e-01	4.21e-02	2.21e-06	0.00e+00	0.00e+00	0.00e+00	0.00e+00	0.00e+00	2.20e-75
 8.31112e+13	3.56e-25	4.21e-18	6.92e-12	1.43e-06	9.61e-01	3.95e-02	1.94e-06	0.00e+00	0.00e+00	0.00e+00	0.00e+00	0.00e+00	4.54e-75
 8.61223e+13	4.72e-25	5.22e-18	8.00e-12	1.54e-06	9.63e-01	3.68e-02	1.68e-06	0.00e+00	0.00e+00	0.00e+00	0.00e+00	0.00e+00	9.79e-75
 8.94865e+13	6.39e-25	6.56e-18	9.35e-12	1.67e-06	9.66e-01	3.42e-02	1.45e-06	0.00e+00	0.00e+00	0.00e+00	0.00e+00	0.00e+00	2.23e-74
 9.26575e+13	8.42e-25	8.08e-18	1.08e-11	1.80e-06	9.68e-01	3.19e-02	1.26e-06	0.00e+00	0.00e+00	0.00e+00	0.00e+00	0.00e+00	4.74e-74
 9.60647e+13	1.12e-24	1.00e-17	1.25e-11	1.94e-06	9.70e-01	2.98e-02	1.09e-06	0.00e+00	0.00e+00	0.00e+00	0.00e+00	0.00e+00	1.03e-73
 9.99372e+13	1.53e-24	1.27e-17	1.46e-11	2.10e-06	9.72e-01	2.76e-02	9.33e-07	0.00e+00	0.00e+00	0.00e+00	0.00e+00	0.00e+00	2.43e-73
 1.03731e+14	2.06e-24	1.59e-17	1.70e-11	2.27e-06	9.74e-01	2.56e-02	0.00e+00	0.00e+00	0.00e+00	0.00e+00	0.00e+00	0.00e+00	5.44e-73
 1.07676e+14	2.78e-24	1.99e-17	1.97e-11	2.45e-06	9.76e-01	2.38e-02	0.00e+00	0.00e+00	0.00e+00	0.00e+00	0.00e+00	0.00e+00	1.22e-72
 1.12013e+14	3.80e-24	2.51e-17	2.31e-11	2.65e-06	9.78e-01	2.20e-02	0.00e+00	0.00e+00	0.00e+00	0.00e+00	0.00e+00	0.00e+00	2.88e-72
 1.16395e+14	5.15e-24	3.16e-17	2.70e-11	2.87e-06	9.80e-01	2.04e-02	0.00e+00	0.00e+00	0.00e+00	0.00e+00	0.00e+00	0.00e+00	6.61e-72
 1.20953e+14	6.98e-24	3.98e-17	3.15e-11	3.11e-06	9.81e-01	1.90e-02	0.00e+00	0.00e+00	0.00e+00	0.00e+00	0.00e+00	0.00e+00	1.52e-71
 1.25538e+14	9.37e-24	4.97e-17	3.66e-11	3.35e-06	9.82e-01	1.76e-02	0.00e+00	0.00e+00	0.00e+00	0.00e+00	1.59e-17	3.38e-17	3.40e-71
 1.29861e+14	1.23e-23	6.08e-17	4.19e-11	3.59e-06	9.84e-01	1.65e-02	0.00e+00	0.00e+00	0.00e+00	0.00e+00	2.02e-17	4.06e-17	7.08e-71
 1.34641e+14	1.63e-23	7.55e-17	4.85e-11	3.87e-06	9.85e-01	1.53e-02	0.00e+00	0.00e+00	0.00e+00	0.00e+00	2.51e-17	5.04e-17	1.55e-70
 1.39429e+14	2.15e-23	9.30e-17	5.58e-11	4.15e-06	9.86e-01	1.43e-02	0.00e+00	0.00e+00	0.00e+00	0.00e+00	3.09e-17	6.21e-17	3.29e-70
 1.43372e+14	2.68e-23	1.10e-16	6.25e-11	4.39e-06	9.86e-01	1.35e-02	0.00e+00	0.00e+00	0.00e+00	0.00e+00	3.64e-17	7.33e-17	6.02e-70
 1.47535e+14	3.36e-23	1.30e-16	7.01e-11	4.66e-06	9.87e-01	1.28e-02	0.00e+00	0.00e+00	0.00e+00	0.00e+00	4.32e-17	8.70e-17	1.12e-69
 1.52901e+14	4.46e-23	1.61e-16	8.09e-11	5.01e-06	9.88e-01	1.19e-02	0.00e+00	0.00e+00	0.00e+00	0.00e+00	5.34e-17	1.08e-16	2.40e-69
 1.58550e+14	5.94e-23	2.00e-16	9.37e-11	5.40e-06	9.89e-01	1.11e-02	0.00e+00	0.00e+00	0.00e+00	0.00e+00	6.64e-17	1.34e-16	5.26e-69
 1.63509e+14	7.58e-23	2.40e-16	1.06e-10	5.75e-06	9.90e-01	1.04e-02	0.00e+00	0.00e+00	0.00e+00	0.00e+00	7.97e-17	1.61e-16	1.03e-68
 1.68850e+14	9.76e-23	2.91e-16	1.21e-10	6.14e-06	9.90e-01	9.75e-03	0.00e+00	0.00e+00	0.00e+00	0.00e+00	9.66e-17	1.94e-16	2.04e-68
 1.75322e+14	1.31e-22	3.64e-16	1.41e-10	6.64e-06	9.91e-01	9.03e-03	0.00e+00	0.00e+00	0.00e+00	0.00e+00	1.21e-16	2.43e-16	4.56e-68
 1.81897e+14	1.75e-22	4.53e-16	1.63e-10	7.16e-06	9.92e-01	8.38e-03	0.00e+00	0.00e+00	0.00e+00	0.00e+00	1.50e-16	3.03e-16	1.00e-67
 1.87995e+14	2.27e-22	5.51e-16	1.86e-10	7.66e-06	9.92e-01	7.84e-03	0.00e+00	0.00e+00	0.00e+00	0.00e+00	1.83e-16	3.68e-16	2.04e-67
 1.94804e+14	3.01e-22	6.81e-16	2.15e-10	8.25e-06	9.93e-01	7.30e-03	0.00e+00	0.00e+00	0.00e+00	0.00e+00	2.26e-16	4.55e-16	4.35e-67
 2.02105e+14	4.02e-22	8.49e-16	2.50e-10	8.91e-06	9.93e-01	6.77e-03	0.00e+00	0.00e+00	0.00e+00	0.00e+00	2.82e-16	5.67e-16	9.56e-67
 2.08596e+14	5.15e-22	1.02e-15	2.84e-10	9.51e-06	9.94e-01	6.35e-03	0.00e+00	0.00e+00	0.00e+00	0.00e+00	3.40e-16	6.85e-16	1.88e-66
 2.15551e+14	6.66e-22	1.24e-15	3.24e-10	1.02e-05	9.94e-01	5.94e-03	0.00e+00	0.00e+00	0.00e+00	0.00e+00	4.13e-16	8.32e-16	3.78e-66
 2.23886e+14	8.97e-22	1.56e-15	3.78e-10	1.10e-05	9.94e-01	5.49e-03	0.00e+00	0.00e+00	0.00e+00	0.00e+00	5.17e-16	1.04e-15	8.48e-66
 2.32077e+14	1.19e-21	1.93e-15	4.38e-10	1.19e-05	9.95e-01	5.10e-03	0.00e+00	0.00e+00	0.00e+00	0.00e+00	6.41e-16	1.29e-15	1.82e-65
 2.39348e+14	1.51e-21	2.32e-15	4.96e-10	1.27e-05	9.95e-01	4.79e-03	0.00e+00	0.00e+00	0.00e+00	0.00e+00	7.70e-16	1.55e-15	3.52e-65
 2.47361e+14	1.96e-21	2.82e-15	5.68e-10	1.36e-05	9.96e-01	4.48e-03	0.00e+00	0.00e+00	0.00e+00	0.00e+00	9.36e-16	1.89e-15	7.09e-65
 2.56944e+14	2.64e-21	3.54e-15	6.63e-10	1.47e-05	9.96e-01	4.14e-03	0.00e+00	0.00e+00	0.00e+00	0.00e+00	1.17e-15	2.37e-15	1.59e-64
 2.66463e+14	3.51e-21	4.39e-15	7.68e-10	1.58e-05	9.96e-01	3.84e-03	0.00e+00	0.00e+00	0.00e+00	0.00e+00	1.46e-15	2.94e-15	3.45e-64
 2.75122e+14	4.51e-21	5.31e-15	8.74e-10	1.69e-05	9.96e-01	3.60e-03	0.00e+00	0.00e+00	0.00e+00	0.00e+00	1.76e-15	3.55e-15	6.83e-64
 2.84766e+14	5.90e-21	6.52e-15	1.01e-09	1.82e-05	9.97e-01	3.35e-03	0.00e+00	0.00e+00	0.00e+00	0.00e+00	2.16e-15	4.36e-15	1.42e-63
 2.96037e+14	7.99e-21	8.21e-15	1.18e-09	1.97e-05	9.97e-01	3.09e-03	0.00e+00	0.00e+00	0.00e+00	0.00e+00	2.72e-15	5.49e-15	3.23e-63
 3.07128e+14	1.07e-20	1.02e-14	1.37e-09	2.13e-05	9.97e-01	2.87e-03	0.00e+00	0.00e+00	0.00e+00	0.00e+00	3.38e-15	6.82e-15	7.08e-63
 3.17553e+14	1.38e-20	1.24e-14	1.56e-09	2.28e-05	9.97e-01	2.68e-03	0.00e+00	0.00e+00	0.00e+00	0.00e+00	4.12e-15	8.32e-15	1.44e-62
 3.29175e+14	1.83e-20	1.54e-14	1.81e-09	2.45e-05	9.97e-01	2.49e-03	0.00e+00	0.00e+00	0.00e+00	0.00e+00	5.10e-15	1.03e-14	3.09e-62
 3.42372e+14	2.49e-20	1.94e-14	2.12e-09	2.66e-05	9.98e-01	2.29e-03	0.00e+00	0.00e+00	0.00e+00	0.00e+00	6.43e-15	1.30e-14	7.11e-62
 3.55523e+14	3.35e-20	2.43e-14	2.47e-09	2.88e-05	9.98e-01	2.12e-03	0.00e+00	0.00e+00	0.00e+00	0.00e+00	8.05e-15	1.62e-14	1.60e-61
 3.67790e+14	4.36e-20	2.97e-14	2.83e-09	3.09e-05	9.98e-01	1.98e-03	0.00e+00	0.00e+00	0.00e+00	0.00e+00	9.83e-15	1.99e-14	3.28e-61
 3.81122e+14	5.76e-20	3.67e-14	3.27e-09	3.32e-05	9.98e-01	1.84e-03	0.00e+00	0.00e+00	0.00e+00	0.00e+00	1.21e-14	2.45e-14	7.02e-61
 3.96070e+14	7.78e-20	4.60e-14	3.82e-09	3.60e-05	9.98e-01	1.70e-03	0.00e+00	0.00e+00	0.00e+00	0.00e+00	1.52e-14	3.08e-14	1.60e-60
 4.09996e+14	1.02e-19	5.65e-14	4.39e-09	3.86e-05	9.98e-01	1.59e-03	0.00e+00	0.00e+00	0.00e+00	0.00e+00	1.87e-14	3.78e-14	3.35e-60
 4.22862e+14	1.30e-19	6.79e-14	4.97e-09	4.11e-05	9.98e-01	1.49e-03	0.00e+00	0.00e+00	0.00e+00	0.00e+00	2.25e-14	4.54e-14	6.48e-60
 4.35254e+14	1.63e-19	8.05e-14	5.58e-09	4.36e-05	9.99e-01	1.40e-03	0.00e+00	0.00e+00	0.00e+00	0.00e+00	2.66e-14	5.39e-14	1.20e-59
 4.49035e+14	2.08e-19	9.68e-14	6.33e-09	4.65e-05	9.99e-01	1.32e-03	0.00e+00	0.00e+00	0.00e+00	0.00e+00	3.20e-14	6.48e-14	2.34e-59
 4.64272e+14	2.70e-19	1.18e-13	7.23e-09	4.98e-05	9.99e-01	1.23e-03	0.00e+00	0.00e+00	0.00e+00	0.00e+00	3.90e-14	7.90e-14	4.80e-59
 4.78439e+14	3.42e-19	1.41e-13	8.16e-09	5.29e-05	9.99e-01	1.16e-03	0.00e+00	0.00e+00	0.00e+00	0.00e+00	4.66e-14	9.44e-14	9.14e-59
 4.93892e+14	4.39e-19	1.70e-13	9.27e-09	5.65e-05	9.99e-01	1.08e-03	0.00e+00	0.00e+00	0.00e+00	0.00e+00	5.63e-14	1.14e-13	1.81e-58
 5.11287e+14	5.75e-19	2.09e-13	1.07e-08	6.07e-05	9.99e-01	1.01e-03	0.00e+00	0.00e+00	0.00e+00	0.00e+00	6.91e-14	1.40e-13	3.80e-58
 5.27904e+14	7.40e-19	2.53e-13	1.21e-08	6.47e-05	9.99e-01	9.46e-04	0.00e+00	0.00e+00	0.00e+00	0.00e+00	8.35e-14	1.69e-13	7.60e-58
 5.46203e+14	9.66e-19	3.09e-13	1.39e-08	6.94e-05	9.99e-01	8.82e-04	0.00e+00	0.00e+00	0.00e+00	0.00e+00	1.02e-13	2.07e-13	1.58e-57
 5.66356e+14	1.29e-18	3.84e-13	1.61e-08	7.47e-05	9.99e-01	8.19e-04	0.00e+00	0.00e+00	0.00e+00	0.00e+00	1.27e-13	2.57e-13	3.46e-57
 5.84856e+14	1.65e-18	4.64e-13	1.83e-08	7.98e-05	9.99e-01	7.67e-04	0.00e+00	0.00e+00	0.00e+00	0.00e+00	1.53e-13	3.11e-13	6.88e-57
 6.04844e+14	2.15e-18	5.67e-13	2.09e-08	8.55e-05	9.99e-01	7.16e-04	0.00e+00	0.00e+00	0.00e+00	0.00e+00	1.87e-13	3.80e-13	1.43e-56
 6.27226e+14	2.86e-18	7.03e-13	2.42e-08	9.21e-05	9.99e-01	6.65e-04	0.00e+00	0.00e+00	0.00e+00	0.00e+00	2.32e-13	4.71e-13	3.12e-56
 6.48299e+14	3.71e-18	8.56e-13	2.77e-08	9.85e-05	9.99e-01	6.21e-04	0.00e+00	0.00e+00	0.00e+00	0.00e+00	2.82e-13	5.74e-13	6.37e-56
 6.71272e+14	4.87e-18	1.05e-12	3.18e-08	1.06e-04	9.99e-01	5.78e-04	0.00e+00	0.00e+00	0.00e+00	0.00e+00	3.47e-13	7.05e-13	1.35e-55
 6.96782e+14	6.53e-18	1.31e-12	3.70e-08	1.14e-04	9.99e-01	5.36e-04	0.00e+00	0.00e+00	0.00e+00	0.00e+00	4.32e-13	8.79e-13	3.00e-55
 7.20549e+14	8.48e-18	1.60e-12	4.23e-08	1.22e-04	9.99e-01	5.00e-04	0.00e+00	0.00e+00	0.00e+00	0.00e+00	5.27e-13	1.07e-12	6.19e-55
 7.46408e+14	1.12e-17	1.97e-12	4.88e-08	1.31e-04	9.99e-01	4.65e-04	0.00e+00	0.00e+00	0.00e+00	0.00e+00	6.49e-13	1.32e-12	1.32e-54
 7.75368e+14	1.50e-17	2.47e-12	5.68e-08	1.42e-04	9.99e-01	4.30e-04	0.00e+00	0.00e+00	0.00e+00	0.00e+00	8.12e-13	1.66e-12	2.99e-54
 8.02745e+14	1.97e-17	3.03e-12	6.53e-08	1.53e-04	9.99e-01	4.00e-04	0.00e+00	0.00e+00	0.00e+00	0.00e+00	9.96e-13	2.03e-12	6.29e-54
 8.32109e+14	2.60e-17	3.74e-12	7.55e-08	1.64e-04	9.99e-01	3.71e-04	0.00e+00	0.00e+00	0.00e+00	0.00e+00	1.23e-12	2.51e-12	1.35e-53
 8.65423e+14	3.52e-17	4.71e-12	8.85e-08	1.78e-04	9.99e-01	3.42e-04	0.00e+00	0.00e+00	0.00e+00	0.00e+00	1.55e-12	3.16e-12	3.13e-53
 8.98054e+14	4.69e-17	5.86e-12	1.03e-07	1.93e-04	9.99e-01	3.17e-04	0.00e+00	3.85e-18	1.16e-17	1.94e-17	1.93e-12	3.94e-12	6.90e-53
 9.31990e+14	6.22e-17	7.28e-12	1.19e-07	2.08e-04	9.99e-01	2.93e-04	0.00e+00	5.12e-18	1.54e-17	2.57e-17	2.39e-12	4.89e-12	1.51e-52
 9.69300e+14	8.40e-17	9.16e-12	1.40e-07	2.26e-04	1.00e+00	2.69e-04	0.00e+00	6.92e-18	2.08e-17	3.47e-17	3.01e-12	6.15e-12	3.46e-52
 1.00600e+15	1.12e-16	1.14e-11	1.63e-07	2.45e-04	1.00e+00	2.49e-04	0.00e+00	9.19e-18	2.76e-17	4.61e-17	3.74e-12	7.65e-12	7.61e-52
 1.03631e+15	1.40e-16	1.35e-11	1.84e-07	2.61e-04	1.00e+00	2.34e-04	0.00e+00	1.15e-17	3.46e-17	5.78e-17	4.44e-12	9.10e-12	1.42e-51
 1.06071e+15	1.67e-16	1.55e-11	2.02e-07	2.74e-04	1.00e+00	2.23e-04	0.00e+00	1.37e-17	4.13e-17	6.89e-17	5.08e-12	1.04e-11	2.32e-51
 1.08778e+15	2.01e-16	1.79e-11	2.24e-07	2.89e-04	9.99e-01	2.11e-04	0.00e+00	1.66e-17	4.99e-17	8.33e-17	5.88e-12	1.21e-11	3.91e-51
 1.12298e+15	2.56e-16	2.16e-11	2.55e-07	3.10e-04	9.99e-01	1.97e-04	0.00e+00	2.11e-17	6.34e-17	1.06e-16	7.07e-12	1.45e-11	7.62e-51
 1.16074e+15	3.27e-16	2.61e-11	2.91e-07	3.33e-04	9.99e-01	1.83e-04	0.00e+00	2.70e-17	8.11e-17	1.36e-16	8.56e-12	1.76e-11	1.52e-50
 1.19425e+15	4.04e-16	3.08e-11	3.27e-07	3.54e-04	9.99e-01	1.72e-04	0.00e+00	3.34e-17	1.00e-16	1.67e-16	1.01e-11	2.07e-11	2.73e-50
 1.23023e+15	5.03e-16	3.65e-11	3.70e-07	3.78e-04	9.99e-01	1.61e-04	0.00e+00	4.16e-17	1.25e-16	2.09e-16	1.19e-11	2.45e-11	5.04e-50
 1.27559e+15	6.57e-16	4.49e-11	4.29e-07	4.09e-04	9.99e-01	1.49e-04	0.00e+00	5.43e-17	1.63e-16	2.73e-16	1.47e-11	3.02e-11	1.06e-49
 1.32163e+15	8.51e-16	5.50e-11	4.96e-07	4.43e-04	9.99e-01	1.38e-04	0.00e+00	7.04e-17	2.11e-16	3.53e-16	1.80e-11	3.70e-11	2.21e-49
 1.36110e+15	1.05e-15	6.50e-11	5.59e-07	4.72e-04	9.99e-01	1.29e-04	0.00e+00	8.72e-17	2.62e-16	4.38e-16	2.13e-11	4.38e-11	4.04e-49
 1.40355e+15	1.31e-15	7.73e-11	6.34e-07	5.06e-04	9.99e-01	1.21e-04	0.00e+00	1.09e-16	3.26e-16	5.45e-16	2.53e-11	5.20e-11	7.51e-49
 1.45611e+15	1.71e-15	9.52e-11	7.38e-07	5.50e-04	9.99e-01	1.11e-04	0.00e+00	1.42e-16	4.25e-16	7.10e-16	3.11e-11	6.40e-11	1.59e-48
 1.50982e+15	2.21e-15	1.17e-10	8.56e-07	5.96e-04	9.99e-01	1.03e-04	0.00e+00	1.83e-16	5.50e-16	9.19e-16	3.81e-11	7.85e-11	3.33e-48
 1.55757e+15	2.74e-15	1.39e-10	9.72e-07	6.39e-04	9.99e-01	9.58e-05	0.00e+00	2.28e-16	6.85e-16	1.14e-15	4.54e-11	9.34e-11	6.25e-48
 1.60953e+15	3.45e-15	1.67e-10	1.11e-06	6.89e-04	9.99e-01	8.90e-05	0.00e+00	2.87e-16	8.61e-16	1.44e-15	5.44e-11	1.12e-10	1.21e-47
 1.67170e+15	4.48e-15	2.06e-10	1.30e-06	7.51e-04	9.99e-01	8.18e-05	0.00e+00	3.73e-16	1.12e-15	1.87e-15	6.72e-11	1.38e-10	2.61e-47
 1.73310e+15	5.74e-15	2.51e-10	1.50e-06	8.15e-04	9.99e-01	7.54e-05	0.00e+00	4.79e-16	1.44e-15	2.40e-15	8.20e-11	1.69e-10	5.40e-47
 1.78831e+15	7.10e-15	2.98e-10	1.71e-06	8.76e-04	9.99e-01	7.02e-05	0.00e+00	5.93e-16	1.78e-15	2.97e-15	9.73e-11	2.00e-10	1.01e-46
 1.84949e+15	8.93e-15	3.58e-10	1.96e-06	9.45e-04	9.99e-01	6.51e-05	0.00e+00	7.46e-16	2.24e-15	3.74e-15	1.17e-10	2.41e-10	2.00e-46
 1.92176e+15	1.16e-14	4.41e-10	2.29e-06	1.03e-03	9.99e-01	5.97e-05	0.00e+00	9.67e-16	2.90e-15	4.85e-15	1.44e-10	2.97e-10	4.35e-46
 1.99316e+15	1.43e-14	5.38e-10	2.66e-06	1.12e-03	9.99e-01	5.49e-05	0.00e+00	1.20e-15	3.59e-15	6.00e-15	1.76e-10	3.62e-10	8.96e-46
 2.05910e+15	1.76e-14	6.42e-10	3.03e-06	1.21e-03	9.99e-01	5.10e-05	0.00e+00	1.48e-15	4.44e-15	7.42e-15	2.10e-10	4.32e-10	1.73e-45
 2.13317e+15	2.22e-14	7.78e-10	3.50e-06	1.31e-03	9.99e-01	4.71e-05	0.00e+00	1.86e-15	5.60e-15	9.35e-15	2.54e-10	5.23e-10	3.53e-45
 2.21853e+15	2.85e-14	9.61e-10	4.10e-06	1.44e-03	9.99e-01	4.31e-05	0.00e+00	2.40e-15	7.21e-15	1.20e-14	3.14e-10	6.46e-10	7.83e-45
 2.30207e+15	3.61e-14	1.17e-09	4.76e-06	1.56e-03	9.98e-01	3.96e-05	0.00e+00	3.04e-15	9.12e-15	1.52e-14	3.84e-10	7.89e-10	1.66e-44
 2.38896e+15	4.56e-14	1.43e-09	5.53e-06	1.70e-03	9.98e-01	3.64e-05	0.00e+00	3.84e-15	1.15e-14	1.93e-14	4.68e-10	9.62e-10	3.53e-44
 2.46841e+15	5.57e-14	1.70e-09	6.31e-06	1.84e-03	9.98e-01	3.38e-05	0.00e+00	4.71e-15	1.41e-14	2.36e-14	5.58e-10	1.15e-09	6.87e-44
 2.52732e+15	6.44e-14	1.93e-09	6.93e-06	1.94e-03	9.98e-01	3.21e-05	0.00e+00	5.44e-15	1.63e-14	2.73e-14	6.33e-10	1.30e-09	1.11e-43
 2.58784e+15	7.46e-14	2.19e-09	7.62e-06	2.05e-03	9.98e-01	3.04e-05	0.00e+00	6.31e-15	1.89e-14	3.16e-14	7.19e-10	1.48e-09	1.80e-43
 2.66653e+15	8.97e-14	2.58e-09	8.60e-06	2.19e-03	9.98e-01	2.84e-05	0.00e+00	7.60e-15	2.28e-14	3.81e-14	8.44e-10	1.73e-09	3.33e-43
 2.75203e+15	1.09e-13	3.05e-09	9.76e-06	2.36e-03	9.98e-01	2.65e-05	0.00e+00	9.21e-15	2.77e-14	4.62e-14	1.00e-09	2.05e-09	6.37e-43
 2.82935e+15	1.28e-13	3.54e-09	1.09e-05	2.51e-03	9.97e-01	2.49e-05	0.00e+00	1.09e-14	3.27e-14	5.47e-14	1.16e-09	2.38e-09	1.14e-42
 2.91282e+15	1.53e-13	4.13e-09	1.22e-05	2.68e-03	9.97e-01	2.33e-05	0.00e+00	1.30e-14	3.91e-14	6.53e-14	1.35e-09	2.78e-09	2.08e-42
 3.01921e+15	1.90e-13	5.01e-09	1.41e-05	2.91e-03	9.97e-01	2.16e-05	0.00e+00	1.62e-14	4.85e-14	8.11e-14	1.64e-09	3.37e-09	4.45e-42
 3.12607e+15	2.33e-13	6.04e-09	1.63e-05	3.16e-03	9.97e-01	2.00e-05	0.00e+00	1.98e-14	5.95e-14	9.94e-14	1.98e-09	4.06e-09	9.29e-42
 3.21462e+15	2.74e-13	7.01e-09	1.82e-05	3.37e-03	9.97e-01	1.88e-05	0.00e+00	2.34e-14	7.01e-14	1.17e-13	2.30e-09	4.71e-09	1.65e-41
 3.30869e+15	3.25e-13	8.19e-09	2.04e-05	3.60e-03	9.96e-01	1.76e-05	0.00e+00	2.77e-14	8.32e-14	1.39e-13	2.69e-09	5.50e-09	3.06e-41
 3.42911e+15	4.01e-13	9.93e-09	2.35e-05	3.90e-03	9.96e-01	1.63e-05	0.00e+00	3.43e-14	1.03e-13	1.72e-13	3.26e-09	6.67e-09	6.53e-41
 3.55640e+15	4.94e-13	1.21e-08	2.72e-05	4.24e-03	9.96e-01	1.51e-05	0.00e+00	4.23e-14	1.27e-13	2.12e-13	3.97e-09	8.11e-09	1.42e-40
 3.67046e+15	5.93e-13	1.43e-08	3.08e-05	4.56e-03	9.95e-01	1.41e-05	0.00e+00	5.08e-14	1.53e-13	2.55e-13	4.70e-09	9.60e-09	2.77e-40
 3.79471e+15	7.19e-13	1.71e-08	3.52e-05	4.92e-03	9.95e-01	1.31e-05	0.00e+00	6.17e-14	1.85e-13	3.09e-13	5.63e-09	1.15e-08	5.64e-40
 3.94226e+15	8.91e-13	2.11e-08	4.10e-05	5.36e-03	9.95e-01	1.21e-05	0.00e+00	7.66e-14	2.30e-13	3.84e-13	6.93e-09	1.41e-08	1.28e-39
 4.08711e+15	1.09e-12	2.56e-08	4.73e-05	5.82e-03	9.94e-01	1.13e-05	0.00e+00	9.37e-14	2.81e-13	4.70e-13	8.43e-09	1.72e-08	2.74e-39
 4.21832e+15	1.31e-12	3.04e-08	5.36e-05	6.25e-03	9.94e-01	1.06e-05	0.00e+00	1.13e-13	3.38e-13	5.64e-13	1.00e-08	2.04e-08	5.36e-39
 4.36477e+15	1.59e-12	3.66e-08	6.15e-05	6.76e-03	9.93e-01	9.85e-06	0.00e+00	1.37e-13	4.11e-13	6.86e-13	1.21e-08	2.46e-08	1.11e-38
 4.53651e+15	1.96e-12	4.52e-08	7.17e-05	7.38e-03	9.93e-01	9.13e-06	0.00e+00	1.69e-13	5.07e-13	8.47e-13	1.49e-08	3.03e-08	2.50e-38
 4.70536e+15	2.41e-12	5.51e-08	8.29e-05	8.02e-03	9.92e-01	8.49e-06	0.00e+00	2.08e-13	6.25e-13	1.04e-12	1.82e-08	3.70e-08	5.35e-38
 4.86334e+15	2.89e-12	6.61e-08	9.46e-05	8.64e-03	9.91e-01	7.98e-06	0.00e+00	2.51e-13	7.52e-13	1.26e-12	2.18e-08	4.43e-08	1.07e-37
 5.04027e+15	3.52e-12	8.04e-08	1.09e-04	9.37e-03	9.91e-01	7.46e-06	0.00e+00	3.06e-13	9.17e-13	1.53e-12	2.65e-08	5.39e-08	2.28e-37
 5.24191e+15	4.40e-12	9.97e-08	1.28e-04	1.02e-02	9.90e-01	6.94e-06	0.00e+00	3.82e-13	1.15e-12	1.91e-12	3.29e-08	6.69e-08	5.15e-37
 5.41091e+15	5.24e-12	1.19e-07	1.45e-04	1.10e-02	9.89e-01	6.57e-06	0.00e+00	4.56e-13	1.37e-12	2.28e-12	3.92e-08	7.95e-08	9.83e-37
 5.53191e+15	5.86e-12	1.34e-07	1.58e-04	1.16e-02	9.88e-01	6.34e-06	0.00e+00	5.10e-13	1.53e-12	2.56e-12	4.42e-08	8.97e-08	1.55e-36
 5.65796e+15	6.69e-12	1.52e-07	1.73e-04	1.22e-02	9.88e-01	6.10e-06	0.00e+00	5.83e-13	1.75e-12	2.92e-12	5.01e-08	1.02e-07	2.46e-36
 5.82184e+15	7.91e-12	1.78e-07	1.94e-04	1.30e-02	9.87e-01	5.80e-06	0.00e+00	6.90e-13	2.07e-12	3.46e-12	5.86e-08	1.19e-07	4.44e-36
 6.00434e+15	9.42e-12	2.11e-07	2.20e-04	1.39e-02	9.86e-01	5.52e-06	0.00e+00	8.22e-13	2.47e-12	4.12e-12	6.97e-08	1.41e-07	8.39e-36
 6.17440e+15	1.11e-11	2.46e-07	2.46e-04	1.49e-02	9.85e-01	5.28e-06	0.00e+00	9.68e-13	2.90e-12	4.85e-12	8.13e-08	1.65e-07	1.48e-35
 6.35881e+15	1.32e-11	2.91e-07	2.77e-04	1.59e-02	9.84e-01	5.04e-06	0.00e+00	1.15e-12	3.46e-12	5.78e-12	9.61e-08	1.95e-07	2.72e-35
 6.56538e+15	1.58e-11	3.48e-07	3.15e-04	1.71e-02	9.83e-01	4.81e-06	0.00e+00	1.39e-12	4.16e-12	6.95e-12	1.15e-07	2.33e-07	5.18e-35
 6.76068e+15	1.88e-11	4.10e-07	3.55e-04	1.83e-02	9.81e-01	4.61e-06	0.00e+00	1.65e-12	4.96e-12	8.27e-12	1.36e-07	2.74e-07	9.39e-35
 6.97448e+15	2.27e-11	4.89e-07	4.03e-04	1.96e-02	9.80e-01	4.41e-06	0.00e+00	1.99e-12	5.99e-12	9.99e-12	1.62e-07	3.27e-07	1.77e-34
 7.21298e+15	2.78e-11	5.91e-07	4.62e-04	2.12e-02	9.78e-01	4.22e-06	0.00e+00	2.44e-12	7.33e-12	1.22e-11	1.96e-07	3.96e-07	3.49e-34
 7.43759e+15	3.34e-11	7.03e-07	5.23e-04	2.27e-02	9.77e-01	4.06e-06	0.00e+00	2.94e-12	8.82e-12	1.47e-11	2.33e-07	4.71e-07	6.38e-34
 7.68357e+15	4.09e-11	8.48e-07	5.98e-04	2.45e-02	9.75e-01	3.90e-06	0.00e+00	3.60e-12	1.08e-11	1.80e-11	2.81e-07	5.67e-07	1.20e-33
 7.95386e+15	5.04e-11	1.03e-06	6.89e-04	2.66e-02	9.73e-01	3.74e-06	0.00e+00	4.44e-12	1.33e-11	2.22e-11	3.41e-07	6.90e-07	2.37e-33
 8.20433e+15	6.10e-11	1.23e-06	7.82e-04	2.85e-02	9.71e-01	3.62e-06	0.00e+00	5.38e-12	1.61e-11	2.69e-11	4.08e-07	8.24e-07	4.34e-33
 8.47853e+15	7.51e-11	1.49e-06	8.97e-04	3.08e-02	9.68e-01	3.49e-06	0.00e+00	6.63e-12	1.99e-11	3.32e-11	4.93e-07	9.97e-07	8.35e-33
 8.77828e+15	9.34e-11	1.82e-06	1.04e-03	3.35e-02	9.65e-01	3.38e-06	0.00e+00	8.25e-12	2.48e-11	4.13e-11	6.02e-07	1.22e-06	1.62e-32
 9.05111e+15	1.13e-10	2.17e-06	1.18e-03	3.60e-02	9.63e-01	3.28e-06	0.00e+00	1.00e-11	3.01e-11	5.01e-11	7.18e-07	1.45e-06	2.89e-32
 9.34562e+15	1.39e-10	2.62e-06	1.35e-03	3.88e-02	9.60e-01	3.18e-06	0.00e+00	1.23e-11	3.70e-11	6.17e-11	8.67e-07	1.75e-06	5.41e-32
 9.66591e+15	1.72e-10	3.18e-06	1.55e-03	4.20e-02	9.56e-01	3.08e-06	0.00e+00	1.52e-11	4.57e-11	7.62e-11	1.05e-06	2.12e-06	1.02e-31
 9.95508e+15	2.08e-10	3.77e-06	1.76e-03	4.51e-02	9.53e-01	3.01e-06	0.00e+00	1.85e-11	5.54e-11	9.24e-11	1.25e-06	2.52e-06	1.75e-31
 1.02054e+16	2.43e-10	4.35e-06	1.95e-03	4.79e-02	9.50e-01	2.96e-06	0.00e+00	2.16e-11	6.49e-11	1.08e-10	1.44e-06	2.91e-06	2.75e-31
 1.04699e+16	2.90e-10	5.08e-06	2.19e-03	5.10e-02	9.47e-01	2.90e-06	0.00e+00	2.58e-11	7.74e-11	1.29e-10	1.68e-06	3.39e-06	4.51e-31
 1.07602e+16	3.46e-10	5.96e-06	2.46e-03	5.46e-02	9.43e-01	2.83e-06	0.00e+00	3.08e-11	9.24e-11	1.54e-10	1.98e-06	3.98e-06	7.45e-31
 1.10323e+16	4.10e-10	6.91e-06	2.74e-03	5.80e-02	9.39e-01	2.79e-06	0.00e+00	3.65e-11	1.10e-10	1.83e-10	2.29e-06	4.62e-06	1.17e-30
 1.13340e+16	4.97e-10	8.16e-06	3.10e-03	6.22e-02	9.35e-01	2.74e-06	0.00e+00	4.44e-11	1.33e-10	2.22e-10	2.71e-06	5.45e-06	1.97e-30
 1.16583e+16	6.01e-10	9.66e-06	3.51e-03	6.67e-02	9.30e-01	2.68e-06	0.00e+00	5.36e-11	1.61e-10	2.68e-10	3.20e-06	6.45e-06	3.25e-30
 1.19554e+16	7.17e-10	1.12e-05	3.94e-03	7.12e-02	9.25e-01	2.64e-06	0.00e+00	6.42e-11	1.92e-10	3.21e-10	3.73e-06	7.51e-06	5.14e-30
 1.22851e+16	8.73e-10	1.34e-05	4.47e-03	7.64e-02	9.19e-01	2.60e-06	0.00e+00	7.81e-11	2.34e-10	3.91e-10	4.44e-06	8.93e-06	8.62e-30
 1.26429e+16	1.07e-09	1.60e-05	5.12e-03	8.24e-02	9.12e-01	2.55e-06	0.00e+00	9.63e-11	2.89e-10	4.82e-10	5.30e-06	1.07e-05	1.45e-29
 1.29734e+16	1.29e-09	1.87e-05	5.78e-03	8.82e-02	9.06e-01	2.51e-06	0.00e+00	1.16e-10	3.47e-10	5.78e-10	6.22e-06	1.25e-05	2.29e-29
 1.32846e+16	1.53e-09	2.18e-05	6.48e-03	9.41e-02	8.99e-01	2.48e-06	0.00e+00	1.38e-10	4.13e-10	6.89e-10	7.24e-06	1.45e-05	3.54e-29
 1.36347e+16	1.89e-09	2.60e-05	7.39e-03	1.01e-01	8.91e-01	2.44e-06	0.00e+00	1.70e-10	5.09e-10	8.49e-10	8.62e-06	1.73e-05	5.88e-29
 1.40097e+16	2.34e-09	3.10e-05	8.48e-03	1.09e-01	8.82e-01	2.41e-06	0.00e+00	2.11e-10	6.33e-10	1.06e-09	1.03e-05	2.07e-05	9.62e-29
 1.43392e+16	2.82e-09	3.62e-05	9.55e-03	1.16e-01	8.74e-01	2.39e-06	0.00e+00	2.54e-10	7.63e-10	1.27e-09	1.20e-05	2.41e-05	1.47e-28
 1.46897e+16	3.44e-09	4.29e-05	1.09e-02	1.25e-01	8.64e-01	2.35e-06	0.00e+00	3.10e-10	9.30e-10	1.55e-09	1.43e-05	2.87e-05	2.38e-28
 1.50708e+16	4.29e-09	5.14e-05	1.25e-02	1.35e-01	8.53e-01	2.33e-06	0.00e+00	3.88e-10	1.16e-09	1.94e-09	1.71e-05	3.43e-05	3.90e-28
 1.54110e+16	5.22e-09	6.03e-05	1.42e-02	1.44e-01	8.42e-01	2.31e-06	0.00e+00	4.72e-10	1.42e-09	2.36e-09	2.01e-05	4.03e-05	5.94e-28
 1.57074e+16	6.18e-09	6.94e-05	1.58e-02	1.53e-01	8.31e-01	2.30e-06	0.00e+00	5.60e-10	1.68e-09	2.80e-09	2.31e-05	4.63e-05	8.61e-28
 1.60274e+16	7.44e-09	8.13e-05	1.79e-02	1.63e-01	8.19e-01	2.28e-06	0.00e+00	6.74e-10	2.02e-09	3.37e-09	2.71e-05	5.43e-05	1.33e-27
 1.63734e+16	9.17e-09	9.63e-05	2.05e-02	1.75e-01	8.05e-01	2.27e-06	0.00e+00	8.32e-10	2.50e-09	4.16e-09	3.20e-05	6.43e-05	2.09e-27
 1.66768e+16	1.10e-08	1.12e-04	2.30e-02	1.85e-01	7.91e-01	2.27e-06	0.00e+00	9.99e-10	3.00e-09	4.99e-09	3.71e-05	7.44e-05	3.06e-27
 1.69473e+16	1.31e-08	1.28e-04	2.56e-02	1.96e-01	7.79e-01	2.26e-06	0.00e+00	1.19e-09	3.56e-09	5.93e-09	4.25e-05	8.52e-05	4.36e-27
 1.72515e+16	1.58e-08	1.50e-04	2.90e-02	2.08e-01	7.63e-01	2.25e-06	0.00e+00	1.43e-09	4.29e-09	7.16e-09	4.98e-05	9.98e-05	6.67e-27
 1.75776e+16	1.95e-08	1.77e-04	3.32e-02	2.23e-01	7.44e-01	2.25e-06	0.00e+00	1.78e-09	5.33e-09	8.88e-09	5.91e-05	1.18e-04	1.05e-26
 1.78586e+16	2.35e-08	2.06e-04	3.73e-02	2.36e-01	7.27e-01	2.27e-06	0.00e+00	2.14e-09	6.42e-09	1.07e-08	6.84e-05	1.37e-04	1.54e-26
 1.81070e+16	2.79e-08	2.35e-04	4.15e-02	2.48e-01	7.10e-01	2.27e-06	0.00e+00	2.55e-09	7.64e-09	1.27e-08	7.83e-05	1.57e-04	2.20e-26
 1.83868e+16	3.38e-08	2.75e-04	4.70e-02	2.63e-01	6.90e-01	2.27e-06	0.00e+00	3.08e-09	9.24e-09	1.54e-08	9.16e-05	1.84e-04	3.34e-26
 1.86855e+16	4.23e-08	3.28e-04	5.39e-02	2.80e-01	6.66e-01	2.30e-06	0.00e+00	3.86e-09	1.16e-08	1.93e-08	1.09e-04	2.19e-04	5.41e-26
 1.89380e+16	5.08e-08	3.79e-04	6.05e-02	2.95e-01	6.44e-01	2.33e-06	5.04e-12	4.64e-09	1.39e-08	2.32e-08	1.26e-04	2.53e-04	7.91e-26
 1.91558e+16	6.02e-08	4.32e-04	6.71e-02	3.09e-01	6.23e-01	2.35e-06	0.00e+00	5.50e-09	1.65e-08	2.75e-08	1.44e-04	2.88e-04	1.12e-25
 1.93997e+16	7.30e-08	4.95e-04	7.54e-02	3.26e-01	5.98e-01	2.35e-06	0.00e+00	6.68e-09	2.00e-08	3.34e-08	1.65e-04	3.30e-04	1.59e-25
 1.96640e+16	9.04e-08	5.83e-04	8.60e-02	3.44e-01	5.69e-01	2.37e-06	0.00e+00	8.28e-09	2.48e-08	4.14e-08	1.94e-04	3.89e-04	2.49e-25
