#depth	N	N+	N+2	N+3	N+4	N+5	N+6	N+7
 1.49634e+10	0.00e+00	0.00e+00	7.11e-29	3.51e-19	3.15e-10	8.89e-01	1.11e-01	5.28e-06
 4.54887e+10	0.00e+00	3.59e-39	9.10e-29	4.15e-19	3.43e-10	8.97e-01	1.03e-01	4.53e-06
 7.72350e+10	0.00e+00	0.00e+00	1.16e-28	4.90e-19	3.75e-10	9.04e-01	9.56e-02	3.89e-06
 1.10251e+11	0.00e+00	6.86e-39	1.48e-28	5.78e-19	4.09e-10	9.11e-01	8.87e-02	3.33e-06
 1.44588e+11	0.00e+00	0.00e+00	1.89e-28	6.82e-19	4.45e-10	9.18e-01	8.23e-02	2.86e-06
 1.80298e+11	0.00e+00	1.31e-38	2.42e-28	8.05e-19	4.85e-10	9.24e-01	7.63e-02	2.45e-06
 2.17437e+11	0.00e+00	0.00e+00	3.08e-28	9.48e-19	5.29e-10	9.29e-01	7.07e-02	2.09e-06
 2.56061e+11	0.00e+00	2.49e-38	3.93e-28	1.12e-18	5.75e-10	9.35e-01	6.54e-02	1.79e-06
 2.96231e+11	0.00e+00	0.00e+00	5.01e-28	1.32e-18	6.26e-10	9.39e-01	6.05e-02	1.53e-06
 3.38007e+11	0.00e+00	4.74e-38	6.39e-28	1.55e-18	6.81e-10	9.44e-01	5.60e-02	1.31e-06
 3.81454e+11	0.00e+00	0.00e+00	8.15e-28	1.83e-18	7.41e-10	9.48e-01	5.17e-02	1.12e-06
 4.26639e+11	0.00e+00	9.03e-38	1.04e-27	2.15e-18	8.06e-10	9.52e-01	4.78e-02	9.53e-07
 4.73631e+11	0.00e+00	0.00e+00	1.32e-27	2.53e-18	8.76e-10	9.56e-01	4.41e-02	0.00e+00
 5.22503e+11	0.00e+00	1.72e-37	1.69e-27	2.98e-18	9.52e-10	9.59e-01	4.07e-02	0.00e+00
 5.70221e+11	0.00e+00	0.00e+00	2.12e-27	3.47e-18	1.03e-09	9.62e-01	3.78e-02	0.00e+00
 6.15647e+11	0.00e+00	3.07e-37	2.61e-27	4.00e-18	1.11e-09	9.65e-01	3.52e-02	0.00e+00
 6.65998e+11	0.00e+00	0.00e+00	3.27e-27	4.65e-18	1.19e-09	9.67e-01	3.27e-02	0.00e+00
 7.20967e+11	0.00e+00	5.65e-37	4.14e-27	5.45e-18	1.30e-09	9.70e-01	3.02e-02	0.00e+00
 7.74094e+11	0.00e+00	0.00e+00	5.15e-27	6.31e-18	1.40e-09	9.72e-01	2.81e-02	0.00e+00
 8.30942e+11	0.00e+00	1.02e-36	6.46e-27	7.35e-18	1.51e-09	9.74e-01	2.60e-02	0.00e+00
 8.94107e+11	0.00e+00	0.00e+00	8.24e-27	8.66e-18	1.64e-09	9.76e-01	2.39e-02	0.00e+00
 9.57927e+11	0.00e+00	1.93e-36	1.04e-26	1.01e-17	1.78e-09	9.78e-01	2.21e-02	0.00e+00
 1.02430e+12	5.56e-47	2.65e-36	1.32e-26	1.19e-17	1.93e-09	9.80e-01	2.04e-02	0.00e+00
 1.09520e+12	0.00e+00	0.00e+00	1.69e-26	1.40e-17	2.09e-09	9.81e-01	1.88e-02	0.00e+00
 1.16893e+12	0.00e+00	5.06e-36	2.16e-26	1.65e-17	2.27e-09	9.83e-01	1.73e-02	0.00e+00
 1.24562e+12	1.87e-46	7.00e-36	2.75e-26	1.95e-17	2.47e-09	9.84e-01	1.59e-02	0.00e+00
 1.32537e+12	0.00e+00	0.00e+00	3.51e-26	2.29e-17	2.68e-09	9.85e-01	1.46e-02	0.00e+00
 1.40831e+12	0.00e+00	1.34e-35	4.49e-26	2.70e-17	2.92e-09	9.87e-01	1.34e-02	0.00e+00
 1.49457e+12	6.33e-46	1.86e-35	5.74e-26	3.19e-17	3.17e-09	9.88e-01	1.24e-02	0.00e+00
 1.58428e+12	0.00e+00	0.00e+00	7.35e-26	3.76e-17	3.45e-09	9.89e-01	1.14e-02	0.00e+00
 1.66855e+12	0.00e+00	3.46e-35	9.18e-26	4.37e-17	3.72e-09	9.89e-01	1.05e-02	0.00e+00
 1.74375e+12	1.90e-45	4.47e-35	1.11e-25	4.98e-17	3.97e-09	9.90e-01	9.86e-03	0.00e+00
 1.82809e+12	0.00e+00	0.00e+00	1.37e-25	5.74e-17	4.26e-09	9.91e-01	9.17e-03	0.00e+00
 1.92825e+12	0.00e+00	8.14e-35	1.75e-25	6.75e-17	4.63e-09	9.92e-01	8.45e-03	0.00e+00
 2.02855e+12	5.89e-45	1.11e-34	2.21e-25	7.89e-17	5.01e-09	9.92e-01	7.80e-03	0.00e+00
 2.12246e+12	0.00e+00	0.00e+00	2.73e-25	9.10e-17	5.38e-09	9.93e-01	7.26e-03	0.00e+00
 2.22688e+12	0.00e+00	1.98e-34	3.43e-25	1.06e-16	5.82e-09	9.93e-01	6.71e-03	0.00e+00
 2.34588e+12	1.84e-44	2.76e-34	4.40e-25	1.26e-16	6.33e-09	9.94e-01	6.16e-03	0.00e+00
 2.46406e+12	0.00e+00	3.80e-34	5.60e-25	1.48e-16	6.87e-09	9.94e-01	5.67e-03	0.00e+00
 2.58697e+12	4.08e-44	5.22e-34	7.12e-25	1.74e-16	7.46e-09	9.95e-01	5.22e-03	0.00e+00
 2.72038e+12	0.00e+00	7.30e-34	9.17e-25	2.06e-16	8.14e-09	9.95e-01	4.79e-03	0.00e+00
 2.85631e+12	9.31e-44	1.01e-33	1.17e-24	2.44e-16	8.86e-09	9.96e-01	4.40e-03	0.00e+00
 2.98296e+12	0.00e+00	1.36e-33	1.47e-24	2.84e-16	9.56e-09	9.96e-01	4.08e-03	0.00e+00
 3.09961e+12	1.87e-43	1.77e-33	1.79e-24	3.25e-16	1.02e-08	9.96e-01	3.81e-03	0.00e+00
 3.23280e+12	0.00e+00	2.37e-33	2.24e-24	3.78e-16	1.11e-08	9.96e-01	3.53e-03	0.00e+00
 3.38920e+12	4.06e-43	3.30e-33	2.87e-24	4.47e-16	1.20e-08	9.97e-01	3.24e-03	0.00e+00
 3.54424e+12	0.00e+00	4.53e-33	3.66e-24	5.26e-16	1.31e-08	9.97e-01	2.98e-03	0.00e+00
 3.68957e+12	8.63e-43	6.04e-33	4.55e-24	6.11e-16	1.41e-08	9.97e-01	2.76e-03	0.00e+00
 3.85118e+12	0.00e+00	8.24e-33	5.76e-24	7.17e-16	1.53e-08	9.97e-01	2.55e-03	0.00e+00
 4.03515e+12	1.94e-42	1.16e-32	7.47e-24	8.57e-16	1.68e-08	9.98e-01	2.33e-03	0.00e+00
 4.21600e+12	0.00e+00	1.60e-32	9.56e-24	1.01e-15	1.83e-08	9.98e-01	2.14e-03	0.00e+00
 4.40410e+12	4.33e-42	2.21e-32	1.22e-23	1.20e-15	1.99e-08	9.98e-01	1.96e-03	0.00e+00
 4.61019e+12	0.00e+00	3.12e-32	1.59e-23	1.43e-15	2.18e-08	9.98e-01	1.79e-03	0.00e+00
 4.81692e+12	1.00e-41	4.34e-32	2.04e-23	1.71e-15	2.38e-08	9.98e-01	1.64e-03	0.00e+00
 5.03192e+12	0.00e+00	6.04e-32	2.63e-23	2.03e-15	2.60e-08	9.98e-01	1.50e-03	0.00e+00
 5.26312e+12	2.31e-41	8.51e-32	3.42e-23	2.43e-15	2.86e-08	9.99e-01	1.37e-03	0.00e+00
 5.49295e+12	0.00e+00	1.18e-31	4.40e-23	2.89e-15	3.13e-08	9.99e-01	1.25e-03	0.00e+00
 5.73197e+12	5.21e-41	1.64e-31	5.67e-23	3.45e-15	3.42e-08	9.99e-01	1.15e-03	0.00e+00
 5.99117e+12	0.00e+00	2.31e-31	7.38e-23	4.14e-15	3.76e-08	9.99e-01	1.05e-03	0.00e+00
 6.26074e+12	1.21e-40	3.26e-31	9.61e-23	4.97e-15	4.13e-08	9.99e-01	9.52e-04	0.00e+00
 6.54110e+12	0.00e+00	4.58e-31	1.25e-22	5.98e-15	4.55e-08	9.99e-01	8.67e-04	0.00e+00
 6.83267e+12	2.82e-40	6.44e-31	1.63e-22	7.19e-15	5.01e-08	9.99e-01	7.89e-04	0.00e+00
 7.13591e+12	0.00e+00	9.06e-31	2.12e-22	8.65e-15	5.51e-08	9.99e-01	7.17e-04	0.00e+00
 7.41100e+12	6.18e-40	1.22e-30	2.67e-22	1.02e-14	6.00e-08	9.99e-01	6.60e-04	0.00e+00
 7.64178e+12	0.00e+00	1.55e-30	3.22e-22	1.16e-14	6.43e-08	9.99e-01	6.17e-04	0.00e+00
 7.89542e+12	1.14e-39	2.00e-30	3.93e-22	1.34e-14	6.92e-08	9.99e-01	5.73e-04	0.00e+00
 8.21452e+12	0.00e+00	2.73e-30	5.01e-22	1.59e-14	7.57e-08	9.99e-01	5.25e-04	0.00e+00
 8.54611e+12	2.43e-39	3.72e-30	6.38e-22	1.88e-14	8.29e-08	1.00e+00	4.80e-04	0.00e+00
 8.83075e+12	0.00e+00	4.80e-30	7.79e-22	2.17e-14	8.94e-08	1.00e+00	4.46e-04	0.00e+00
 9.12699e+12	4.54e-39	6.20e-30	9.53e-22	2.51e-14	9.65e-08	1.00e+00	4.14e-04	0.00e+00
 9.49528e+12	0.00e+00	8.43e-30	1.21e-21	2.98e-14	1.06e-07	1.00e+00	3.78e-04	0.00e+00
 9.86813e+12	9.48e-39	1.14e-29	1.53e-21	3.52e-14	1.16e-07	1.00e+00	3.46e-04	0.00e+00
 1.01939e+13	0.00e+00	1.46e-29	1.87e-21	4.06e-14	1.25e-07	1.00e+00	3.22e-04	0.00e+00
 1.05476e+13	1.77e-38	1.89e-29	2.29e-21	4.71e-14	1.35e-07	1.00e+00	2.98e-04	0.00e+00
 1.09774e+13	0.00e+00	2.57e-29	2.92e-21	5.60e-14	1.48e-07	1.00e+00	2.72e-04	0.00e+00
 1.14144e+13	3.66e-38	3.46e-29	3.69e-21	6.64e-14	1.62e-07	1.00e+00	2.49e-04	0.00e+00
 1.18165e+13	0.00e+00	4.49e-29	4.55e-21	7.71e-14	1.76e-07	1.00e+00	2.30e-04	0.00e+00
 1.22648e+13	7.08e-38	5.95e-29	5.68e-21	9.06e-14	1.91e-07	1.00e+00	2.11e-04	0.00e+00
 1.27835e+13	0.00e+00	8.13e-29	7.27e-21	1.08e-13	2.11e-07	1.00e+00	1.92e-04	0.00e+00
 1.32942e+13	1.47e-37	1.09e-28	9.17e-21	1.28e-13	2.30e-07	1.00e+00	1.76e-04	0.00e+00
 1.37840e+13	0.00e+00	1.43e-28	1.14e-20	1.50e-13	2.50e-07	1.00e+00	1.62e-04	0.00e+00
 1.43239e+13	2.88e-37	1.90e-28	1.42e-20	1.76e-13	2.73e-07	1.00e+00	1.49e-04	0.00e+00
 1.49267e+13	0.00e+00	2.58e-28	1.82e-20	2.10e-13	3.00e-07	1.00e+00	1.36e-04	0.00e+00
 1.54753e+13	5.77e-37	3.37e-28	2.24e-20	2.45e-13	3.26e-07	1.00e+00	1.25e-04	0.00e+00
 1.59377e+13	0.00e+00	4.19e-28	2.67e-20	2.77e-13	3.49e-07	1.00e+00	1.17e-04	0.00e+00
 1.64466e+13	9.96e-37	5.29e-28	3.20e-20	3.16e-13	3.74e-07	1.00e+00	1.09e-04	0.00e+00
 1.70211e+13	0.00e+00	6.81e-28	3.91e-20	3.65e-13	4.05e-07	1.00e+00	1.01e-04	0.00e+00
 1.75713e+13	1.80e-36	8.61e-28	4.71e-20	4.17e-13	4.35e-07	1.00e+00	9.42e-05	0.00e+00
 1.81769e+13	0.00e+00	1.10e-27	5.73e-20	4.81e-13	4.69e-07	1.00e+00	8.74e-05	0.00e+00
 1.88498e+13	3.36e-36	1.44e-27	7.08e-20	5.60e-13	5.09e-07	1.00e+00	8.06e-05	0.00e+00
 1.94804e+13	0.00e+00	1.84e-27	8.57e-20	6.42e-13	5.48e-07	1.00e+00	7.50e-05	0.00e+00
 2.01708e+13	6.16e-36	2.37e-27	1.05e-19	7.42e-13	5.92e-07	1.00e+00	6.95e-05	0.00e+00
 2.09473e+13	0.00e+00	3.13e-27	1.30e-19	8.68e-13	6.44e-07	1.00e+00	6.40e-05	0.00e+00
 2.16892e+13	1.18e-35	4.04e-27	1.60e-19	1.00e-12	6.95e-07	1.00e+00	5.93e-05	0.00e+00
 2.23757e+13	0.00e+00	5.08e-27	1.91e-19	1.14e-12	7.45e-07	1.00e+00	5.54e-05	0.00e+00
 2.31369e+13	2.10e-35	6.50e-27	2.32e-19	1.31e-12	8.02e-07	1.00e+00	5.15e-05	0.00e+00
 2.39900e+13	0.00e+00	8.48e-27	2.86e-19	1.52e-12	8.68e-07	1.00e+00	4.76e-05	0.00e+00
 2.47956e+13	3.89e-35	1.08e-26	3.46e-19	1.74e-12	9.34e-07	1.00e+00	4.43e-05	0.00e+00
 2.56759e+13	0.00e+00	1.40e-26	4.23e-19	2.01e-12	1.01e-06	1.00e+00	4.11e-05	0.00e+00
 2.66506e+13	7.44e-35	1.84e-26	5.24e-19	2.34e-12	1.09e-06	1.00e+00	3.79e-05	0.00e+00
 2.75561e+13	0.00e+00	2.35e-26	6.36e-19	2.68e-12	1.18e-06	1.00e+00	3.53e-05	0.00e+00
 2.85414e+13	1.38e-34	3.05e-26	7.79e-19	3.10e-12	1.27e-06	1.00e+00	3.27e-05	0.00e+00
 2.96429e+13	0.00e+00	4.03e-26	9.69e-19	3.62e-12	1.38e-06	1.00e+00	3.01e-05	0.00e+00
 3.06814e+13	2.65e-34	5.20e-26	1.18e-18	4.16e-12	1.48e-06	1.00e+00	2.80e-05	0.00e+00
 3.18139e+13	3.68e-34	6.80e-26	1.46e-18	4.82e-12	1.60e-06	1.00e+00	2.59e-05	0.00e+00
 3.30771e+13	5.22e-34	9.07e-26	1.83e-18	5.65e-12	1.75e-06	1.00e+00	2.38e-05	0.00e+00
 3.42734e+13	7.21e-34	1.18e-25	2.24e-18	6.53e-12	1.88e-06	1.00e+00	2.21e-05	0.00e+00
 3.55568e+13	1.01e-33	1.55e-25	2.77e-18	7.58e-12	2.04e-06	1.00e+00	2.04e-05	0.00e+00
 3.70090e+13	1.45e-33	2.09e-25	3.50e-18	8.91e-12	2.22e-06	1.00e+00	1.88e-05	0.00e+00
 3.84418e+13	2.06e-33	2.78e-25	4.36e-18	1.04e-11	2.41e-06	1.00e+00	1.73e-05	0.00e+00
 3.99319e+13	2.92e-33	3.69e-25	5.43e-18	1.21e-11	2.61e-06	1.00e+00	1.60e-05	0.00e+00
 4.15591e+13	4.21e-33	4.98e-25	6.85e-18	1.42e-11	2.84e-06	1.00e+00	1.47e-05	0.00e+00
 4.32180e+13	6.04e-33	6.68e-25	8.60e-18	1.67e-11	3.09e-06	1.00e+00	1.35e-05	0.00e+00
 4.49433e+13	8.68e-33	8.97e-25	1.08e-17	1.95e-11	3.35e-06	1.00e+00	1.25e-05	0.00e+00
 4.66816e+13	1.23e-32	1.19e-24	1.35e-17	2.28e-11	3.63e-06	1.00e+00	1.15e-05	0.00e+00
 4.82994e+13	1.69e-32	1.54e-24	1.64e-17	2.61e-11	3.90e-06	1.00e+00	1.07e-05	0.00e+00
 5.00712e+13	2.37e-32	2.03e-24	2.03e-17	3.02e-11	4.20e-06	1.00e+00	9.96e-06	0.00e+00
 5.18862e+13	3.31e-32	2.66e-24	2.49e-17	3.48e-11	4.53e-06	1.00e+00	9.25e-06	0.00e+00
 5.33977e+13	4.33e-32	3.31e-24	2.95e-17	3.91e-11	4.81e-06	1.00e+00	8.72e-06	0.00e+00
 5.49913e+13	5.72e-32	4.14e-24	3.50e-17	4.39e-11	5.11e-06	1.00e+00	8.20e-06	0.00e+00
 5.70248e+13	8.05e-32	5.47e-24	4.33e-17	5.08e-11	5.51e-06	1.00e+00	7.61e-06	0.00e+00
 5.91525e+13	1.14e-31	7.23e-24	5.37e-17	5.89e-11	5.95e-06	1.00e+00	7.06e-06	0.00e+00
 6.10316e+13	1.53e-31	9.21e-24	6.45e-17	6.67e-11	6.34e-06	1.00e+00	6.62e-06	0.00e+00
 6.30652e+13	2.10e-31	1.18e-23	7.82e-17	7.61e-11	6.78e-06	1.00e+00	6.19e-06	0.00e+00
 6.53403e+13	2.94e-31	1.56e-23	9.63e-17	8.77e-11	7.29e-06	1.00e+00	5.76e-06	0.00e+00
 6.74782e+13	4.00e-31	2.00e-23	1.16e-16	9.97e-11	7.79e-06	1.00e+00	5.39e-06	0.00e+00
 6.98063e+13	5.54e-31	2.60e-23	1.42e-16	1.14e-10	8.35e-06	1.00e+00	5.03e-06	0.00e+00
 7.23939e+13	7.85e-31	3.44e-23	1.76e-16	1.32e-10	8.99e-06	1.00e+00	4.67e-06	0.00e+00
 7.48046e+13	1.08e-30	4.44e-23	2.13e-16	1.50e-10	9.61e-06	1.00e+00	4.37e-06	0.00e+00
 7.74242e+13	1.50e-30	5.80e-23	2.62e-16	1.73e-10	1.03e-05	1.00e+00	4.08e-06	0.00e+00
 8.03534e+13	2.15e-30	7.74e-23	3.26e-16	2.00e-10	1.11e-05	1.00e+00	3.78e-06	0.00e+00
 8.31112e+13	2.99e-30	1.01e-22	3.98e-16	2.29e-10	1.19e-05	1.00e+00	3.53e-06	0.00e+00
 8.61223e+13	4.23e-30	1.33e-22	4.91e-16	2.64e-10	1.28e-05	1.00e+00	3.29e-06	0.00e+00
 8.94865e+13	6.14e-30	1.80e-22	6.16e-16	3.07e-10	1.38e-05	1.00e+00	3.04e-06	0.00e+00
 9.26575e+13	8.63e-30	2.36e-22	7.57e-16	3.53e-10	1.48e-05	1.00e+00	2.84e-06	0.00e+00
 9.60647e+13	1.23e-29	3.14e-22	9.37e-16	4.08e-10	1.59e-05	1.00e+00	2.64e-06	0.00e+00
 9.99372e+13	1.81e-29	4.28e-22	1.18e-15	4.77e-10	1.72e-05	1.00e+00	2.44e-06	0.00e+00
 1.03731e+14	2.61e-29	5.74e-22	1.48e-15	5.54e-10	1.86e-05	1.00e+00	2.26e-06	0.00e+00
 1.07676e+14	3.76e-29	7.70e-22	1.84e-15	6.42e-10	2.00e-05	1.00e+00	2.10e-06	0.00e+00
 1.12013e+14	5.54e-29	1.05e-21	2.33e-15	7.52e-10	2.17e-05	1.00e+00	1.94e-06	0.00e+00
 1.16395e+14	8.08e-29	1.42e-21	2.93e-15	8.76e-10	2.34e-05	1.00e+00	1.80e-06	0.00e+00
 1.20953e+14	1.18e-28	1.92e-21	3.68e-15	1.02e-09	2.53e-05	1.00e+00	1.66e-06	0.00e+00
 1.25538e+14	1.70e-28	2.58e-21	4.59e-15	1.18e-09	2.73e-05	1.00e+00	1.54e-06	0.00e+00
 1.29861e+14	2.37e-28	3.37e-21	5.61e-15	1.36e-09	2.92e-05	1.00e+00	1.44e-06	0.00e+00
 1.34641e+14	3.37e-28	4.47e-21	6.95e-15	1.57e-09	3.14e-05	1.00e+00	1.34e-06	0.00e+00
 1.39429e+14	4.75e-28	5.89e-21	8.56e-15	1.80e-09	3.37e-05	1.00e+00	1.25e-06	0.00e+00
 1.43372e+14	6.24e-28	7.34e-21	1.01e-14	2.01e-09	3.56e-05	1.00e+00	1.18e-06	0.00e+00
 1.47535e+14	8.26e-28	9.18e-21	1.20e-14	2.26e-09	3.78e-05	1.00e+00	1.11e-06	0.00e+00
 1.52901e+14	1.17e-27	1.21e-20	1.48e-14	2.60e-09	4.06e-05	1.00e+00	1.04e-06	0.00e+00
 1.58550e+14	1.67e-27	1.62e-20	1.84e-14	3.01e-09	4.37e-05	1.00e+00	9.63e-07	0.00e+00
 1.63509e+14	2.25e-27	2.06e-20	2.20e-14	3.40e-09	4.65e-05	1.00e+00	0.00e+00	0.00e+00
 1.68850e+14	3.08e-27	2.65e-20	2.67e-14	3.87e-09	4.96e-05	1.00e+00	0.00e+00	0.00e+00
 1.75322e+14	4.43e-27	3.55e-20	3.33e-14	4.50e-09	5.36e-05	1.00e+00	0.00e+00	0.00e+00
 1.81897e+14	6.34e-27	4.73e-20	4.15e-14	5.22e-09	5.78e-05	1.00e+00	0.00e+00	0.00e+00
 1.87995e+14	8.73e-27	6.12e-20	5.04e-14	5.95e-09	6.18e-05	1.00e+00	0.00e+00	0.00e+00
 1.94804e+14	1.23e-26	8.08e-20	6.23e-14	6.87e-09	6.65e-05	1.00e+00	0.00e+00	0.00e+00
 2.02105e+14	1.76e-26	1.08e-19	7.75e-14	7.96e-09	7.17e-05	1.00e+00	0.00e+00	0.00e+00
 2.08596e+14	2.39e-26	1.38e-19	9.35e-14	9.04e-09	7.65e-05	1.00e+00	0.00e+00	0.00e+00
 2.15551e+14	3.27e-26	1.78e-19	1.14e-13	1.03e-08	8.19e-05	1.00e+00	0.00e+00	0.00e+00
 2.23886e+14	4.72e-26	2.39e-19	1.42e-13	1.20e-08	8.85e-05	1.00e+00	0.00e+00	0.00e+00
 2.32077e+14	6.67e-26	3.16e-19	1.76e-13	1.39e-08	9.53e-05	1.00e+00	0.00e+00	0.00e+00
 2.39348e+14	8.99e-26	4.02e-19	2.11e-13	1.57e-08	1.02e-04	1.00e+00	0.00e+00	0.00e+00
 2.47361e+14	1.23e-25	5.19e-19	2.57e-13	1.79e-08	1.09e-04	1.00e+00	0.00e+00	0.00e+00
 2.56944e+14	1.78e-25	6.97e-19	3.22e-13	2.09e-08	1.18e-04	1.00e+00	0.00e+00	0.00e+00
 2.66463e+14	2.52e-25	9.25e-19	3.99e-13	2.42e-08	1.27e-04	1.00e+00	0.00e+00	0.00e+00
 2.75122e+14	3.43e-25	1.19e-18	4.82e-13	2.75e-08	1.35e-04	1.00e+00	0.00e+00	0.00e+00
 2.84766e+14	4.77e-25	1.55e-18	5.91e-13	3.16e-08	1.45e-04	1.00e+00	0.00e+00	0.00e+00
 2.96037e+14	6.92e-25	2.09e-18	7.44e-13	3.69e-08	1.58e-04	1.00e+00	0.00e+00	0.00e+00
 3.07128e+14	9.87e-25	2.79e-18	9.25e-13	4.28e-08	1.70e-04	1.00e+00	0.00e+00	0.00e+00
 3.17553e+14	1.36e-24	3.61e-18	1.13e-12	4.90e-08	1.82e-04	1.00e+00	0.00e+00	0.00e+00
 3.29175e+14	1.92e-24	4.77e-18	1.40e-12	5.66e-08	1.96e-04	1.00e+00	0.00e+00	0.00e+00
 3.42372e+14	2.80e-24	6.47e-18	1.76e-12	6.63e-08	2.13e-04	1.00e+00	0.00e+00	0.00e+00
 3.55523e+14	4.04e-24	8.69e-18	2.20e-12	7.71e-08	2.30e-04	1.00e+00	0.00e+00	0.00e+00
 3.67790e+14	5.59e-24	1.13e-17	2.69e-12	8.83e-08	2.46e-04	1.00e+00	0.00e+00	0.00e+00
 3.81122e+14	7.88e-24	1.49e-17	3.32e-12	1.02e-07	2.65e-04	1.00e+00	0.00e+00	0.00e+00
 3.96070e+14	1.14e-23	2.01e-17	4.18e-12	1.19e-07	2.87e-04	1.00e+00	0.00e+00	0.00e+00
 4.09996e+14	1.60e-23	2.64e-17	5.13e-12	1.37e-07	3.08e-04	1.00e+00	0.00e+00	0.00e+00
 4.22862e+14	2.15e-23	3.35e-17	6.15e-12	1.55e-07	3.28e-04	1.00e+00	0.00e+00	0.00e+00
 4.35254e+14	2.85e-23	4.20e-17	7.31e-12	1.74e-07	3.48e-04	1.00e+00	0.00e+00	0.00e+00
 4.49035e+14	3.85e-23	5.36e-17	8.79e-12	1.97e-07	3.71e-04	1.00e+00	0.00e+00	0.00e+00
 4.64272e+14	5.32e-23	6.95e-17	1.07e-11	2.25e-07	3.97e-04	1.00e+00	0.00e+00	0.00e+00
 4.78439e+14	7.12e-23	8.79e-17	1.28e-11	2.54e-07	4.22e-04	1.00e+00	0.00e+00	0.00e+00
 4.93892e+14	9.69e-23	1.13e-16	1.55e-11	2.88e-07	4.51e-04	1.00e+00	0.00e+00	0.00e+00
 5.11287e+14	1.35e-22	1.48e-16	1.90e-11	3.31e-07	4.84e-04	1.00e+00	0.00e+00	0.00e+00
 5.27904e+14	1.85e-22	1.90e-16	2.30e-11	3.76e-07	5.16e-04	9.99e-01	0.00e+00	0.00e+00
 5.46203e+14	2.57e-22	2.48e-16	2.81e-11	4.31e-07	5.53e-04	9.99e-01	0.00e+00	0.00e+00
 5.66356e+14	3.67e-22	3.29e-16	3.49e-11	4.98e-07	5.96e-04	9.99e-01	0.00e+00	0.00e+00
 5.84856e+14	5.00e-22	4.23e-16	4.22e-11	5.67e-07	6.36e-04	9.99e-01	0.00e+00	0.00e+00
 6.04844e+14	6.96e-22	5.51e-16	5.15e-11	6.48e-07	6.81e-04	9.99e-01	0.00e+00	0.00e+00
 6.27226e+14	9.89e-22	7.32e-16	6.39e-11	7.50e-07	7.33e-04	9.99e-01	0.00e+00	0.00e+00
 6.48299e+14	1.36e-21	9.48e-16	7.77e-11	8.55e-07	7.84e-04	9.99e-01	0.00e+00	0.00e+00
 6.71272e+14	1.91e-21	1.24e-15	9.55e-11	9.83e-07	8.42e-04	9.99e-01	0.00e+00	0.00e+00
 6.96782e+14	2.74e-21	1.66e-15	1.19e-10	1.14e-06	9.09e-04	9.99e-01	0.00e+00	0.00e+00
 7.20549e+14	3.79e-21	2.16e-15	1.45e-10	1.31e-06	9.73e-04	9.99e-01	0.00e+00	0.00e+00
 7.46408e+14	5.33e-21	2.84e-15	1.79e-10	1.50e-06	1.05e-03	9.99e-01	0.00e+00	0.00e+00
 7.75368e+14	7.69e-21	3.82e-15	2.24e-10	1.75e-06	1.13e-03	9.99e-01	0.00e+00	0.00e+00
 8.02745e+14	1.07e-20	5.01e-15	2.75e-10	2.01e-06	1.22e-03	9.99e-01	0.00e+00	0.00e+00
 8.32109e+14	1.51e-20	6.61e-15	3.40e-10	2.32e-06	1.31e-03	9.99e-01	0.00e+00	0.00e+00
 8.65423e+14	2.20e-20	8.95e-15	4.29e-10	2.72e-06	1.42e-03	9.99e-01	0.00e+00	0.00e+00
 8.98054e+14	3.13e-20	1.19e-14	5.34e-10	3.16e-06	1.53e-03	9.98e-01	0.00e+00	0.00e+00
 9.31990e+14	4.43e-20	1.58e-14	6.64e-10	3.67e-06	1.66e-03	9.98e-01	0.00e+00	0.00e+00
 9.69300e+14	6.40e-20	2.13e-14	8.37e-10	4.29e-06	1.80e-03	9.98e-01	0.00e+00	0.00e+00
 1.00600e+15	9.06e-20	2.83e-14	1.04e-09	4.99e-06	1.95e-03	9.98e-01	0.00e+00	0.00e+00
 1.03631e+15	1.20e-19	3.55e-14	1.24e-09	5.62e-06	2.07e-03	9.98e-01	0.00e+00	0.00e+00
 1.06071e+15	1.48e-19	4.22e-14	1.42e-09	6.17e-06	2.18e-03	9.98e-01	0.00e+00	0.00e+00
 1.08778e+15	1.86e-19	5.10e-14	1.65e-09	6.83e-06	2.30e-03	9.98e-01	0.00e+00	0.00e+00
 1.12298e+15	2.50e-19	6.48e-14	1.98e-09	7.77e-06	2.46e-03	9.98e-01	0.00e+00	0.00e+00
 1.16074e+15	3.37e-19	8.29e-14	2.41e-09	8.88e-06	2.64e-03	9.97e-01	0.00e+00	0.00e+00
 1.19425e+15	4.35e-19	1.02e-13	2.84e-09	9.96e-06	2.81e-03	9.97e-01	0.00e+00	0.00e+00
 1.23023e+15	5.68e-19	1.28e-13	3.38e-09	1.12e-05	3.00e-03	9.97e-01	0.00e+00	0.00e+00
 1.27559e+15	7.86e-19	1.67e-13	4.17e-09	1.30e-05	3.24e-03	9.97e-01	0.00e+00	0.00e+00
 1.32163e+15	1.08e-18	2.16e-13	5.12e-09	1.50e-05	3.50e-03	9.96e-01	0.00e+00	0.00e+00
 1.36110e+15	1.39e-18	2.68e-13	6.08e-09	1.69e-05	3.74e-03	9.96e-01	0.00e+00	0.00e+00
 1.40355e+15	1.82e-18	3.35e-13	7.26e-09	1.91e-05	4.00e-03	9.96e-01	0.00e+00	0.00e+00
 1.45611e+15	2.51e-18	4.37e-13	8.99e-09	2.22e-05	4.34e-03	9.96e-01	0.00e+00	0.00e+00
 1.50982e+15	3.43e-18	5.68e-13	1.11e-08	2.57e-05	4.71e-03	9.95e-01	0.00e+00	0.00e+00
 1.55757e+15	4.47e-18	7.10e-13	1.33e-08	2.91e-05	5.05e-03	9.95e-01	0.00e+00	0.00e+00
 1.60953e+15	5.91e-18	8.97e-13	1.60e-08	3.32e-05	5.43e-03	9.95e-01	0.00e+00	0.00e+00
 1.67170e+15	8.16e-18	1.18e-12	2.00e-08	3.88e-05	5.92e-03	9.94e-01	0.00e+00	0.00e+00
 1.73310e+15	1.11e-17	1.52e-12	2.46e-08	4.48e-05	6.42e-03	9.94e-01	0.00e+00	0.00e+00
 1.78831e+15	1.44e-17	1.90e-12	2.95e-08	5.09e-05	6.89e-03	9.93e-01	0.00e+00	0.00e+00
 1.84949e+15	1.91e-17	2.41e-12	3.58e-08	5.83e-05	7.44e-03	9.93e-01	0.00e+00	0.00e+00
 1.92176e+15	2.63e-17	3.16e-12	4.48e-08	6.80e-05	8.12e-03	9.92e-01	0.00e+00	0.00e+00
 1.99316e+15	3.56e-17	4.09e-12	5.53e-08	7.88e-05	8.82e-03	9.91e-01	0.00e+00	0.00e+00
 2.05910e+15	4.67e-17	5.15e-12	6.69e-08	8.98e-05	9.49e-03	9.90e-01	0.00e+00	0.00e+00
 2.13317e+15	6.27e-17	6.62e-12	8.21e-08	1.04e-04	1.03e-02	9.90e-01	0.00e+00	0.00e+00
 2.21853e+15	8.68e-17	8.73e-12	1.03e-07	1.21e-04	1.13e-02	9.89e-01	0.00e+00	0.00e+00
 2.30207e+15	1.18e-16	1.13e-11	1.28e-07	1.41e-04	1.22e-02	9.88e-01	0.00e+00	0.00e+00
 2.38896e+15	1.87e-16	1.48e-11	1.59e-07	1.63e-04	1.33e-02	9.87e-01	0.00e+00	0.00e+00
 2.46841e+15	2.46e-16	1.86e-11	1.93e-07	1.86e-04	1.43e-02	9.85e-01	0.00e+00	0.00e+00
 2.52732e+15	3.00e-16	2.20e-11	2.21e-07	2.05e-04	1.51e-02	9.85e-01	0.00e+00	0.00e+00
 2.58784e+15	3.67e-16	2.61e-11	2.55e-07	2.25e-04	1.60e-02	9.84e-01	0.00e+00	0.00e+00
 2.66653e+15	4.73e-16	3.23e-11	3.04e-07	2.54e-04	1.71e-02	9.83e-01	0.00e+00	0.00e+00
 2.75203e+15	6.17e-16	4.05e-11	3.66e-07	2.88e-04	1.84e-02	9.81e-01	0.00e+00	0.00e+00
 2.82935e+15	7.79e-16	4.93e-11	4.31e-07	3.22e-04	1.95e-02	9.80e-01	0.00e+00	0.00e+00
 2.91282e+15	9.98e-16	6.08e-11	5.12e-07	3.62e-04	2.09e-02	9.79e-01	0.00e+00	0.00e+00
 3.01921e+15	1.36e-15	7.90e-11	6.35e-07	4.18e-04	2.26e-02	9.77e-01	0.00e+00	0.00e+00
 3.12607e+15	1.82e-15	1.02e-10	7.81e-07	4.81e-04	2.45e-02	9.75e-01	0.00e+00	0.00e+00
 3.21462e+15	2.31e-15	1.24e-10	9.22e-07	5.38e-04	2.61e-02	9.73e-01	0.00e+00	0.00e+00
 3.30869e+15	2.96e-15	1.53e-10	1.10e-06	6.04e-04	2.78e-02	9.72e-01	0.00e+00	0.00e+00
 3.42911e+15	4.03e-15	2.00e-10	1.36e-06	6.97e-04	3.02e-02	9.69e-01	0.00e+00	0.00e+00
 3.55640e+15	5.51e-15	2.61e-10	1.69e-06	8.07e-04	3.27e-02	9.66e-01	0.00e+00	0.00e+00
 3.67046e+15	7.22e-15	3.28e-10	2.04e-06	9.15e-04	3.51e-02	9.64e-01	0.00e+00	0.00e+00
 3.79471e+15	9.64e-15	4.20e-10	2.50e-06	1.05e-03	3.78e-02	9.61e-01	0.00e+00	0.00e+00
 3.94226e+15	1.35e-14	5.58e-10	3.15e-06	1.22e-03	4.11e-02	9.58e-01	0.00e+00	0.00e+00
 4.08711e+15	1.84e-14	7.29e-10	3.92e-06	1.41e-03	4.46e-02	9.54e-01	0.00e+00	0.00e+00
 4.21832e+15	2.42e-14	9.21e-10	4.74e-06	1.60e-03	4.78e-02	9.51e-01	0.00e+00	0.00e+00
 4.36477e+15	3.28e-14	1.19e-09	5.83e-06	1.83e-03	5.15e-02	9.47e-01	0.00e+00	0.00e+00
 4.53651e+15	4.61e-14	1.59e-09	7.39e-06	2.15e-03	5.60e-02	9.42e-01	0.00e+00	0.00e+00
 4.70536e+15	6.34e-14	2.09e-09	9.22e-06	2.48e-03	6.07e-02	9.37e-01	0.00e+00	0.00e+00
 4.86334e+15	8.50e-14	2.68e-09	1.13e-05	2.83e-03	6.52e-02	9.32e-01	0.00e+00	0.00e+00
 5.04027e+15	1.17e-13	3.51e-09	1.40e-05	3.27e-03	7.04e-02	9.26e-01	0.00e+00	0.00e+00
 5.24191e+15	1.65e-13	4.71e-09	1.78e-05	3.83e-03	7.66e-02	9.20e-01	0.00e+00	0.00e+00
 5.41091e+15	2.18e-13	5.98e-09	2.16e-05	4.35e-03	8.20e-02	9.14e-01	0.00e+00	0.00e+00
 5.53191e+15	2.65e-13	7.06e-09	2.48e-05	4.75e-03	8.60e-02	9.09e-01	0.00e+00	0.00e+00
 5.65796e+15	3.24e-13	8.38e-09	2.84e-05	5.20e-03	9.02e-02	9.05e-01	0.00e+00	0.00e+00
 5.82184e+15	4.18e-13	1.04e-08	3.38e-05	5.83e-03	9.58e-02	8.98e-01	0.00e+00	0.00e+00
 6.00434e+15	5.53e-13	1.32e-08	4.09e-05	6.61e-03	1.02e-01	8.91e-01	0.00e+00	0.00e+00
 6.17440e+15	7.09e-13	1.63e-08	4.85e-05	7.38e-03	1.08e-01	8.84e-01	0.00e+00	0.00e+00
 6.35881e+15	9.29e-13	2.04e-08	5.81e-05	8.30e-03	1.15e-01	8.76e-01	0.00e+00	0.00e+00
 6.56538e+15	1.24e-12	2.61e-08	7.07e-05	9.43e-03	1.23e-01	8.67e-01	0.00e+00	0.00e+00
 6.76068e+15	1.62e-12	3.27e-08	8.45e-05	1.06e-02	1.31e-01	8.59e-01	0.00e+00	0.00e+00
 6.97448e+15	2.15e-12	4.16e-08	1.02e-04	1.20e-02	1.39e-01	8.49e-01	0.00e+00	0.00e+00
 7.21298e+15	2.92e-12	5.38e-08	1.26e-04	1.37e-02	1.49e-01	8.37e-01	0.00e+00	0.00e+00
 7.43759e+15	3.86e-12	6.81e-08	1.52e-04	1.55e-02	1.58e-01	8.26e-01	0.00e+00	0.00e+00
 7.68357e+15	5.22e-12	8.77e-08	1.85e-04	1.77e-02	1.69e-01	8.13e-01	0.00e+00	0.00e+00
 7.95386e+15	7.14e-12	1.14e-07	2.29e-04	2.02e-02	1.81e-01	7.99e-01	0.00e+00	0.00e+00
 8.20433e+15	9.47e-12	1.45e-07	2.76e-04	2.29e-02	1.92e-01	7.85e-01	0.00e+00	0.00e+00
 8.47853e+15	1.29e-11	1.87e-07	3.38e-04	2.61e-02	2.04e-01	7.69e-01	0.00e+00	0.00e+00
 8.77828e+15	1.77e-11	2.45e-07	4.19e-04	2.99e-02	2.18e-01	7.52e-01	0.00e+00	0.00e+00
 9.05111e+15	2.33e-11	3.09e-07	5.04e-04	3.37e-02	2.30e-01	7.35e-01	0.00e+00	0.00e+00
 9.34562e+15	3.14e-11	3.97e-07	6.13e-04	3.81e-02	2.44e-01	7.17e-01	0.00e+00	0.00e+00
 9.66591e+15	4.25e-11	5.13e-07	7.53e-04	4.34e-02	2.59e-01	6.97e-01	0.00e+00	0.00e+00
 9.95508e+15	5.56e-11	6.42e-07	9.00e-04	4.87e-02	2.72e-01	6.78e-01	0.00e+00	0.00e+00
 1.02054e+16	6.94e-11	7.75e-07	1.05e-03	5.35e-02	2.83e-01	6.62e-01	0.00e+00	0.00e+00
 1.04699e+16	8.83e-11	9.47e-07	1.23e-03	5.91e-02	2.96e-01	6.44e-01	0.00e+00	0.00e+00
 1.07602e+16	1.13e-10	1.17e-06	1.45e-03	6.55e-02	3.09e-01	6.24e-01	0.00e+00	0.00e+00
 1.10323e+16	1.42e-10	1.41e-06	1.68e-03	7.20e-02	3.20e-01	6.06e-01	0.00e+00	0.00e+00
 1.13340e+16	1.83e-10	1.74e-06	1.99e-03	7.99e-02	3.34e-01	5.84e-01	0.00e+00	0.00e+00
 1.16583e+16	2.36e-10	2.16e-06	2.36e-03	8.87e-02	3.47e-01	5.62e-01	0.00e+00	0.00e+00
 1.19554e+16	2.96e-10	2.61e-06	2.75e-03	9.74e-02	3.59e-01	5.41e-01	0.00e+00	0.00e+00
 1.22851e+16	3.83e-10	3.24e-06	3.26e-03	1.08e-01	3.71e-01	5.18e-01	0.00e+00	0.00e+00
 1.26429e+16	4.98e-10	4.03e-06	3.89e-03	1.20e-01	3.84e-01	4.92e-01	0.00e+00	0.00e+00
 1.29734e+16	6.29e-10	4.90e-06	4.55e-03	1.32e-01	3.95e-01	4.69e-01	0.00e+00	0.00e+00
 1.32846e+16	7.83e-10	5.89e-06	5.27e-03	1.43e-01	4.05e-01	4.47e-01	0.00e+00	0.00e+00
 1.36347e+16	1.01e-09	7.26e-06	6.21e-03	1.58e-01	4.15e-01	4.21e-01	0.00e+00	0.00e+00
 1.40097e+16	1.30e-09	8.96e-06	7.36e-03	1.74e-01	4.24e-01	3.95e-01	0.00e+00	0.00e+00
 1.43392e+16	1.61e-09	1.07e-05	8.50e-03	1.88e-01	4.31e-01	3.72e-01	0.00e+00	0.00e+00
 1.46897e+16	2.05e-09	1.31e-05	9.94e-03	2.05e-01	4.37e-01	3.48e-01	0.00e+00	0.00e+00
 1.50708e+16	2.62e-09	1.61e-05	1.17e-02	2.24e-01	4.42e-01	3.22e-01	0.00e+00	0.00e+00
 1.54110e+16	3.26e-09	1.92e-05	1.35e-02	2.42e-01	4.44e-01	3.00e-01	0.00e+00	0.00e+00
 1.57074e+16	3.93e-09	2.24e-05	1.53e-02	2.58e-01	4.46e-01	2.81e-01	0.00e+00	0.00e+00
 1.60274e+16	4.86e-09	2.67e-05	1.75e-02	2.76e-01	4.46e-01	2.60e-01	0.00e+00	0.00e+00
 1.63734e+16	6.08e-09	3.21e-05	2.03e-02	2.97e-01	4.44e-01	2.39e-01	0.00e+00	0.00e+00
 1.66768e+16	7.35e-09	3.75e-05	2.30e-02	3.15e-01	4.41e-01	2.21e-01	0.00e+00	0.00e+00
 1.69473e+16	8.77e-09	4.33e-05	2.57e-02	3.32e-01	4.37e-01	2.05e-01	0.00e+00	0.00e+00
 1.72515e+16	1.07e-08	5.11e-05	2.92e-02	3.52e-01	4.31e-01	1.88e-01	0.00e+00	0.00e+00
 1.75776e+16	1.34e-08	6.10e-05	3.35e-02	3.73e-01	4.24e-01	1.70e-01	0.00e+00	0.00e+00
 1.78586e+16	1.61e-08	7.09e-05	3.77e-02	3.92e-01	4.16e-01	1.55e-01	0.00e+00	0.00e+00
 1.81070e+16	1.91e-08	8.12e-05	4.18e-02	4.09e-01	4.07e-01	1.42e-01	0.00e+00	0.00e+00
 1.83868e+16	2.32e-08	9.50e-05	4.72e-02	4.28e-01	3.96e-01	1.28e-01	0.00e+00	0.00e+00
 1.86855e+16	2.90e-08	1.13e-04	5.38e-02	4.49e-01	3.83e-01	1.14e-01	0.00e+00	0.00e+00
 1.89380e+16	3.47e-08	1.31e-04	6.00e-02	4.67e-01	3.70e-01	1.02e-01	0.00e+00	0.00e+00
 1.91558e+16	4.09e-08	1.49e-04	6.60e-02	4.82e-01	3.59e-01	9.30e-02	0.00e+00	0.00e+00
 1.93997e+16	4.75e-08	1.69e-04	7.35e-02	4.99e-01	3.44e-01	8.30e-02	0.00e+00	0.00e+00
 1.96640e+16	5.82e-08	1.98e-04	8.28e-02	5.17e-01	3.27e-01	7.26e-02	0.00e+00	0.00e+00
 1.98902e+16	7.01e-08	2.29e-04	9.19e-02	5.33e-01	3.11e-01	6.40e-02	0.00e+00	0.00e+00
 2.00772e+16	8.62e-08	2.66e-04	1.01e-01	5.45e-01	2.97e-01	5.68e-02	0.00e+00	0.00e+00
 2.02465e+16	9.59e-08	2.91e-04	1.09e-01	5.56e-01	2.84e-01	5.12e-02	0.00e+00	0.00e+00
 2.04353e+16	1.14e-07	3.32e-04	1.19e-01	5.68e-01	2.67e-01	4.48e-02	0.00e+00	0.00e+00
 2.06378e+16	1.36e-07	3.83e-04	1.32e-01	5.80e-01	2.50e-01	3.85e-02	0.00e+00	0.00e+00
 2.08093e+16	1.62e-07	4.36e-04	1.44e-01	5.89e-01	2.34e-01	3.33e-02	0.00e+00	0.00e+00
 2.09517e+16	1.97e-07	5.01e-04	1.55e-01	5.96e-01	2.19e-01	2.90e-02	0.00e+00	0.00e+00
 2.10792e+16	2.15e-07	5.39e-04	1.65e-01	6.02e-01	2.07e-01	2.58e-02	0.00e+00	0.00e+00
 2.12198e+16	2.50e-07	6.04e-04	1.77e-01	6.08e-01	1.92e-01	2.21e-02	0.00e+00	0.00e+00
 2.13708e+16	2.94e-07	6.83e-04	1.92e-01	6.14e-01	1.75e-01	1.85e-02	0.00e+00	0.00e+00
 2.14990e+16	3.43e-07	7.65e-04	2.05e-01	6.18e-01	1.61e-01	1.57e-02	0.00e+00	0.00e+00
 2.16048e+16	4.09e-07	8.65e-04	2.18e-01	6.20e-01	1.48e-01	1.33e-02	0.00e+00	0.00e+00
 2.16829e+16	4.44e-07	9.21e-04	2.26e-01	6.21e-01	1.40e-01	1.19e-02	0.00e+00	0.00e+00
 2.17493e+16	4.75e-07	9.70e-04	2.34e-01	6.22e-01	1.32e-01	1.06e-02	0.00e+00	0.00e+00
 2.18356e+16	5.29e-07	1.05e-03	2.45e-01	6.23e-01	1.22e-01	9.12e-03	0.00e+00	0.00e+00
 2.19243e+16	5.95e-07	1.14e-03	2.56e-01	6.24e-01	1.11e-01	7.71e-03	0.00e+00	0.00e+00
 2.19945e+16	6.73e-07	1.25e-03	2.66e-01	6.23e-01	1.03e-01	6.63e-03	0.00e+00	0.00e+00
 2.20489e+16	7.23e-07	1.31e-03	2.73e-01	6.23e-01	9.68e-02	5.89e-03	0.00e+00	0.00e+00
 2.21045e+16	7.85e-07	1.39e-03	2.81e-01	6.22e-01	9.02e-02	5.15e-03	0.00e+00	0.00e+00
 2.21766e+16	8.77e-07	1.51e-03	2.92e-01	6.21e-01	8.18e-02	4.28e-03	0.00e+00	0.00e+00
 2.22505e+16	9.72e-07	1.62e-03	3.02e-01	6.19e-01	7.38e-02	3.53e-03	0.00e+00	0.00e+00
 2.23116e+16	1.04e-06	1.70e-03	3.10e-01	6.18e-01	6.74e-02	2.99e-03	0.00e+00	0.00e+00
 2.23760e+16	1.17e-06	1.85e-03	3.20e-01	6.15e-01	6.05e-02	2.44e-03	0.00e+00	0.00e+00
 2.24426e+16	1.29e-06	1.98e-03	3.30e-01	6.12e-01	5.40e-02	1.97e-03	0.00e+00	0.00e+00
 2.25016e+16	1.41e-06	2.11e-03	3.39e-01	6.09e-01	4.85e-02	1.62e-03	0.00e+00	0.00e+00
 2.25681e+16	1.56e-06	2.27e-03	3.48e-01	6.05e-01	4.26e-02	1.27e-03	0.00e+00	0.00e+00
 2.26416e+16	1.73e-06	2.44e-03	3.59e-01	6.01e-01	3.68e-02	9.65e-04	0.00e+00	0.00e+00
 2.27112e+16	1.92e-06	2.63e-03	3.69e-01	5.96e-01	3.18e-02	7.35e-04	0.00e+00	0.00e+00
 2.27887e+16	2.15e-06	2.84e-03	3.79e-01	5.91e-01	2.68e-02	5.33e-04	0.00e+00	0.00e+00
 2.28753e+16	2.43e-06	3.09e-03	3.91e-01	5.84e-01	2.21e-02	3.71e-04	0.00e+00	0.00e+00
 2.29598e+16	2.73e-06	3.35e-03	4.01e-01	5.77e-01	1.82e-02	2.57e-04	0.00e+00	0.00e+00
 2.30558e+16	3.11e-06	3.67e-03	4.13e-01	5.68e-01	1.45e-02	1.67e-04	0.00e+00	0.00e+00
 2.31806e+16	3.66e-06	4.10e-03	4.28e-01	5.57e-01	1.08e-02	9.58e-05	0.00e+00	0.00e+00
 2.33174e+16	4.34e-06	4.61e-03	4.43e-01	5.45e-01	7.87e-03	5.27e-05	0.00e+00	0.00e+00
 2.34700e+16	5.22e-06	5.22e-03	4.59e-01	5.30e-01	5.57e-03	2.71e-05	0.00e+00	0.00e+00
 2.36683e+16	6.60e-06	6.11e-03	4.80e-01	5.10e-01	3.62e-03	1.17e-05	0.00e+00	0.00e+00
 2.38870e+16	8.54e-06	7.25e-03	5.02e-01	4.88e-01	2.32e-03	4.94e-06	0.00e+00	0.00e+00
 2.40794e+16	1.08e-05	8.48e-03	5.22e-01	4.67e-01	1.60e-03	2.39e-06	0.00e+00	0.00e+00
 2.42135e+16	1.27e-05	9.49e-03	5.37e-01	4.52e-01	1.26e-03	1.49e-06	0.00e+00	0.00e+00
 2.43024e+16	1.43e-05	1.02e-02	5.47e-01	4.42e-01	1.07e-03	1.09e-06	0.00e+00	0.00e+00
 2.43959e+16	1.60e-05	1.11e-02	5.57e-01	4.31e-01	9.00e-04	7.71e-07	0.00e+00	0.00e+00
 2.45173e+16	1.88e-05	1.23e-02	5.71e-01	4.16e-01	7.18e-04	0.00e+00	0.00e+00	0.00e+00
 2.46511e+16	2.25e-05	1.39e-02	5.87e-01	3.99e-01	5.66e-04	0.00e+00	0.00e+00	0.00e+00
 2.47708e+16	2.66e-05	1.56e-02	6.01e-01	3.83e-01	4.58e-04	0.00e+00	0.00e+00	0.00e+00
 2.48754e+16	3.09e-05	1.72e-02	6.14e-01	3.69e-01	3.80e-04	0.00e+00	0.00e+00	0.00e+00
 2.49905e+16	3.65e-05	1.93e-02	6.28e-01	3.53e-01	3.08e-04	0.00e+00	0.00e+00	0.00e+00
 2.51047e+16	4.33e-05	2.17e-02	6.42e-01	3.36e-01	2.52e-04	0.00e+00	0.00e+00	0.00e+00
 2.51886e+16	4.96e-05	2.38e-02	6.52e-01	3.24e-01	2.17e-04	0.00e+00	0.00e+00	0.00e+00
 2.52567e+16	5.53e-05	2.56e-02	6.61e-01	3.13e-01	1.91e-04	0.00e+00	0.00e+00	0.00e+00
 2.53336e+16	6.28e-05	2.79e-02	6.70e-01	3.01e-01	1.65e-04	0.00e+00	0.00e+00	0.00e+00
 2.54336e+16	7.41e-05	3.13e-02	6.83e-01	2.86e-01	1.36e-04	0.00e+00	0.00e+00	0.00e+00
 2.55322e+16	8.82e-05	3.52e-02	6.95e-01	2.70e-01	1.13e-04	0.00e+00	0.00e+00	0.00e+00
 2.56046e+16	1.01e-04	3.85e-02	7.03e-01	2.58e-01	9.83e-05	0.00e+00	0.00e+00	0.00e+00
 2.56643e+16	1.12e-04	4.15e-02	7.10e-01	2.48e-01	8.72e-05	0.00e+00	0.00e+00	0.00e+00
 2.57319e+16	1.27e-04	4.52e-02	7.17e-01	2.37e-01	7.57e-05	0.00e+00	0.00e+00	0.00e+00
 2.58199e+16	1.51e-04	5.08e-02	7.27e-01	2.22e-01	6.27e-05	0.00e+00	0.00e+00	0.00e+00
 2.59065e+16	1.80e-04	5.72e-02	7.35e-01	2.08e-01	5.21e-05	0.00e+00	0.00e+00	0.00e+00
 2.59697e+16	2.06e-04	6.26e-02	7.40e-01	1.97e-01	4.53e-05	0.00e+00	0.00e+00	0.00e+00
 2.60215e+16	2.30e-04	6.75e-02	7.44e-01	1.88e-01	4.02e-05	0.00e+00	0.00e+00	0.00e+00
 2.60798e+16	2.61e-04	7.35e-02	7.49e-01	1.78e-01	3.50e-05	0.00e+00	0.00e+00	0.00e+00
 2.61557e+16	3.09e-04	8.23e-02	7.53e-01	1.65e-01	2.90e-05	0.00e+00	0.00e+00	0.00e+00
 2.62311e+16	3.68e-04	9.27e-02	7.55e-01	1.52e-01	2.40e-05	0.00e+00	0.00e+00	0.00e+00
 2.62868e+16	4.21e-04	1.02e-01	7.56e-01	1.42e-01	2.07e-05	0.00e+00	0.00e+00	0.00e+00
 2.63319e+16	4.71e-04	1.09e-01	7.56e-01	1.34e-01	1.83e-05	0.00e+00	0.00e+00	0.00e+00
 2.63825e+16	5.34e-04	1.19e-01	7.55e-01	1.25e-01	1.58e-05	0.00e+00	0.00e+00	0.00e+00
 2.64482e+16	6.32e-04	1.33e-01	7.52e-01	1.14e-01	1.30e-05	0.00e+00	0.00e+00	0.00e+00
 2.65140e+16	7.57e-04	1.50e-01	7.46e-01	1.03e-01	1.06e-05	0.00e+00	0.00e+00	0.00e+00
 2.65639e+16	8.69e-04	1.64e-01	7.40e-01	9.49e-02	9.01e-06	0.00e+00	0.00e+00	0.00e+00
 2.66053e+16	9.80e-04	1.78e-01	7.33e-01	8.82e-02	7.82e-06	0.00e+00	0.00e+00	0.00e+00
 2.66520e+16	1.12e-03	1.94e-01	7.25e-01	8.07e-02	6.61e-06	0.00e+00	0.00e+00	0.00e+00
 2.67127e+16	1.34e-03	2.17e-01	7.10e-01	7.12e-02	5.25e-06	0.00e+00	0.00e+00	0.00e+00
 2.67737e+16	1.62e-03	2.45e-01	6.91e-01	6.19e-02	4.10e-06	0.00e+00	0.00e+00	0.00e+00
 2.68203e+16	1.88e-03	2.70e-01	6.73e-01	5.50e-02	3.34e-06	0.00e+00	0.00e+00	0.00e+00
 2.68602e+16	2.15e-03	2.93e-01	6.56e-01	4.93e-02	2.78e-06	0.00e+00	0.00e+00	0.00e+00
 2.69059e+16	2.51e-03	3.22e-01	6.33e-01	4.31e-02	2.22e-06	0.00e+00	0.00e+00	0.00e+00
 2.69653e+16	3.05e-03	3.63e-01	5.99e-01	3.55e-02	1.62e-06	0.00e+00	0.00e+00	0.00e+00
 2.70260e+16	3.80e-03	4.12e-01	5.56e-01	2.82e-02	1.13e-06	0.00e+00	0.00e+00	0.00e+00
 2.70727e+16	4.55e-03	4.56e-01	5.17e-01	2.30e-02	8.26e-07	0.00e+00	0.00e+00	0.00e+00
 2.71098e+16	5.22e-03	4.92e-01	4.83e-01	1.92e-02	0.00e+00	0.00e+00	0.00e+00	0.00e+00
 2.71502e+16	6.07e-03	5.33e-01	4.45e-01	1.55e-02	0.00e+00	0.00e+00	0.00e+00	0.00e+00
 2.71944e+16	7.20e-03	5.82e-01	3.99e-01	1.19e-02	0.00e+00	0.00e+00	0.00e+00	0.00e+00
 2.72324e+16	8.40e-03	6.27e-01	3.56e-01	9.22e-03	0.00e+00	0.00e+00	0.00e+00	0.00e+00
 2.72630e+16	9.52e-03	6.63e-01	3.20e-01	7.32e-03	0.00e+00	0.00e+00	0.00e+00	0.00e+00
 2.72951e+16	1.08e-02	7.00e-01	2.84e-01	5.62e-03	0.00e+00	0.00e+00	0.00e+00	0.00e+00
 2.73304e+16	1.26e-02	7.41e-01	2.43e-01	4.07e-03	0.00e+00	0.00e+00	0.00e+00	0.00e+00
 2.73610e+16	1.43e-02	7.75e-01	2.07e-01	2.97e-03	0.00e+00	0.00e+00	0.00e+00	0.00e+00
 2.73859e+16	1.59e-02	8.02e-01	1.80e-01	2.25e-03	0.00e+00	0.00e+00	0.00e+00	0.00e+00
 2.74123e+16	1.79e-02	8.27e-01	1.53e-01	1.64e-03	0.00e+00	0.00e+00	0.00e+00	0.00e+00
 2.74414e+16	2.03e-02	8.53e-01	1.26e-01	1.12e-03	0.00e+00	0.00e+00	0.00e+00	0.00e+00
 2.74671e+16	2.28e-02	8.74e-01	1.03e-01	7.66e-04	0.00e+00	0.00e+00	0.00e+00	0.00e+00
 2.74881e+16	2.52e-02	8.89e-01	8.57e-02	5.46e-04	0.00e+00	0.00e+00	0.00e+00	0.00e+00
 2.75071e+16	2.75e-02	9.00e-01	7.23e-02	3.98e-04	0.00e+00	0.00e+00	0.00e+00	0.00e+00
 2.75287e+16	3.05e-02	9.10e-01	5.87e-02	2.70e-04	0.00e+00	0.00e+00	0.00e+00	0.00e+00
 2.75521e+16	3.42e-02	9.20e-01	4.59e-02	1.72e-04	0.00e+00	0.00e+00	0.00e+00	0.00e+00
 2.75720e+16	3.79e-02	9.26e-01	3.65e-02	1.14e-04	0.00e+00	0.00e+00	0.00e+00	0.00e+00
 2.75882e+16	4.11e-02	9.29e-01	2.99e-02	7.94e-05	0.00e+00	0.00e+00	0.00e+00	0.00e+00
 2.76053e+16	4.50e-02	9.31e-01	2.40e-02	5.32e-05	0.00e+00	0.00e+00	0.00e+00	0.00e+00
 2.76237e+16	4.97e-02	9.32e-01	1.88e-02	3.40e-05	0.00e+00	0.00e+00	0.00e+00	0.00e+00
 2.76396e+16	5.42e-02	9.31e-01	1.49e-02	2.25e-05	0.00e+00	0.00e+00	0.00e+00	0.00e+00
 2.76530e+16	5.84e-02	9.29e-01	1.22e-02	1.56e-05	0.00e+00	0.00e+00	0.00e+00	0.00e+00
 2.76657e+16	6.27e-02	9.27e-01	9.99e-03	1.09e-05	0.00e+00	0.00e+00	0.00e+00	0.00e+00
 2.76789e+16	6.75e-02	9.24e-01	8.07e-03	7.42e-06	0.00e+00	0.00e+00	0.00e+00	0.00e+00
 2.76917e+16	7.25e-02	9.21e-01	6.51e-03	5.04e-06	0.00e+00	0.00e+00	0.00e+00	0.00e+00
 2.77027e+16	7.73e-02	9.17e-01	5.38e-03	3.57e-06	0.00e+00	0.00e+00	0.00e+00	0.00e+00
 2.77123e+16	8.17e-02	9.14e-01	4.53e-03	2.62e-06	0.00e+00	0.00e+00	0.00e+00	0.00e+00
 2.77212e+16	8.60e-02	9.10e-01	3.84e-03	1.95e-06	0.00e+00	0.00e+00	0.00e+00	0.00e+00
 2.77282e+16	8.94e-02	9.07e-01	3.38e-03	1.55e-06	0.00e+00	0.00e+00	0.00e+00	0.00e+00
 2.77329e+16	9.18e-02	9.05e-01	3.09e-03	1.32e-06	0.00e+00	0.00e+00	0.00e+00	0.00e+00
 2.77372e+16	9.41e-02	9.03e-01	2.85e-03	1.14e-06	0.00e+00	0.00e+00	0.00e+00	0.00e+00
 2.77421e+16	9.70e-02	9.00e-01	2.59e-03	9.53e-07	0.00e+00	0.00e+00	0.00e+00	0.00e+00
 2.77475e+16	1.00e-01	8.98e-01	2.33e-03	0.00e+00	0.00e+00	0.00e+00	0.00e+00	0.00e+00
 2.77527e+16	1.03e-01	8.95e-01	2.10e-03	0.00e+00	0.00e+00	0.00e+00	0.00e+00	0.00e+00
 2.77576e+16	1.06e-01	8.92e-01	1.90e-03	0.00e+00	0.00e+00	0.00e+00	0.00e+00	0.00e+00
 2.77624e+16	1.09e-01	8.89e-01	1.72e-03	0.00e+00	0.00e+00	0.00e+00	0.00e+00	0.00e+00
 2.77671e+16	1.12e-01	8.86e-01	1.56e-03	0.00e+00	0.00e+00	0.00e+00	0.00e+00	0.00e+00
 2.77719e+16	1.16e-01	8.83e-01	1.41e-03	0.00e+00	0.00e+00	0.00e+00	0.00e+00	0.00e+00
 2.77767e+16	1.19e-01	8.80e-01	1.27e-03	0.00e+00	0.00e+00	0.00e+00	0.00e+00	0.00e+00
 2.77814e+16	1.22e-01	8.76e-01	1.15e-03	0.00e+00	0.00e+00	0.00e+00	0.00e+00	0.00e+00
 2.77859e+16	1.26e-01	8.73e-01	1.04e-03	0.00e+00	0.00e+00	0.00e+00	0.00e+00	0.00e+00
 2.77905e+16	1.29e-01	8.70e-01	9.44e-04	0.00e+00	0.00e+00	0.00e+00	0.00e+00	0.00e+00
 2.77950e+16	1.33e-01	8.66e-01	8.54e-04	0.00e+00	0.00e+00	0.00e+00	0.00e+00	0.00e+00
 2.77994e+16	1.37e-01	8.62e-01	7.71e-04	0.00e+00	0.00e+00	0.00e+00	0.00e+00	0.00e+00
 2.78038e+16	1.41e-01	8.58e-01	6.98e-04	0.00e+00	0.00e+00	0.00e+00	0.00e+00	0.00e+00
 2.78082e+16	1.45e-01	8.54e-01	6.31e-04	0.00e+00	0.00e+00	0.00e+00	0.00e+00	0.00e+00
 2.78126e+16	1.49e-01	8.50e-01	5.69e-04	0.00e+00	0.00e+00	0.00e+00	0.00e+00	0.00e+00
 2.78168e+16	1.54e-01	8.46e-01	5.14e-04	0.00e+00	0.00e+00	0.00e+00	0.00e+00	0.00e+00
 2.78210e+16	1.58e-01	8.41e-01	4.66e-04	0.00e+00	0.00e+00	0.00e+00	0.00e+00	0.00e+00
 2.78252e+16	1.63e-01	8.37e-01	4.20e-04	0.00e+00	0.00e+00	0.00e+00	0.00e+00	0.00e+00
 2.78294e+16	1.68e-01	8.31e-01	3.79e-04	0.00e+00	0.00e+00	0.00e+00	0.00e+00	0.00e+00
 2.78335e+16	1.73e-01	8.26e-01	3.42e-04	0.00e+00	0.00e+00	0.00e+00	0.00e+00	0.00e+00
 2.78375e+16	1.79e-01	8.21e-01	3.09e-04	0.00e+00	0.00e+00	0.00e+00	0.00e+00	0.00e+00
 2.78415e+16	1.85e-01	8.15e-01	2.78e-04	0.00e+00	0.00e+00	0.00e+00	0.00e+00	0.00e+00
 2.78456e+16	1.91e-01	8.09e-01	2.51e-04	0.00e+00	0.00e+00	0.00e+00	0.00e+00	0.00e+00
 2.78494e+16	1.97e-01	8.02e-01	2.26e-04	0.00e+00	0.00e+00	0.00e+00	0.00e+00	0.00e+00
 2.78533e+16	2.04e-01	7.96e-01	2.04e-04	0.00e+00	0.00e+00	0.00e+00	0.00e+00	0.00e+00
 2.78571e+16	2.11e-01	7.89e-01	1.84e-04	0.00e+00	0.00e+00	0.00e+00	0.00e+00	0.00e+00
 2.78609e+16	2.19e-01	7.81e-01	1.66e-04	0.00e+00	0.00e+00	0.00e+00	0.00e+00	0.00e+00
 2.78645e+16	2.27e-01	7.73e-01	1.50e-04	0.00e+00	0.00e+00	0.00e+00	0.00e+00	0.00e+00
 2.78681e+16	2.35e-01	7.65e-01	1.35e-04	0.00e+00	0.00e+00	0.00e+00	0.00e+00	0.00e+00
 2.78717e+16	2.45e-01	7.55e-01	1.22e-04	0.00e+00	0.00e+00	0.00e+00	0.00e+00	0.00e+00
 2.78752e+16	2.54e-01	7.46e-01	1.10e-04	0.00e+00	0.00e+00	0.00e+00	0.00e+00	0.00e+00
 2.78786e+16	2.64e-01	7.36e-01	9.91e-05	0.00e+00	0.00e+00	0.00e+00	0.00e+00	0.00e+00
 2.78820e+16	2.75e-01	7.25e-01	8.94e-05	0.00e+00	0.00e+00	0.00e+00	0.00e+00	0.00e+00
 2.78853e+16	2.86e-01	7.14e-01	8.05e-05	0.00e+00	0.00e+00	0.00e+00	0.00e+00	0.00e+00
 2.78886e+16	2.98e-01	7.02e-01	7.26e-05	0.00e+00	0.00e+00	0.00e+00	0.00e+00	0.00e+00
 2.78918e+16	3.09e-01	6.90e-01	6.55e-05	0.00e+00	0.00e+00	0.00e+00	0.00e+00	0.00e+00
 2.78950e+16	3.23e-01	6.77e-01	5.89e-05	0.00e+00	0.00e+00	0.00e+00	0.00e+00	0.00e+00
 2.78982e+16	3.37e-01	6.63e-01	5.29e-05	0.00e+00	0.00e+00	0.00e+00	0.00e+00	0.00e+00
 2.79013e+16	3.52e-01	6.48e-01	4.75e-05	0.00e+00	0.00e+00	0.00e+00	0.00e+00	0.00e+00
 2.79043e+16	3.68e-01	6.32e-01	4.26e-05	0.00e+00	0.00e+00	0.00e+00	0.00e+00	0.00e+00
 2.79073e+16	3.87e-01	6.13e-01	3.81e-05	0.00e+00	0.00e+00	0.00e+00	0.00e+00	0.00e+00
 2.79103e+16	4.04e-01	5.96e-01	3.41e-05	0.00e+00	0.00e+00	0.00e+00	0.00e+00	0.00e+00
 2.79132e+16	4.23e-01	5.77e-01	3.05e-05	0.00e+00	0.00e+00	0.00e+00	0.00e+00	0.00e+00
 2.79162e+16	4.43e-01	5.57e-01	2.72e-05	0.00e+00	0.00e+00	0.00e+00	0.00e+00	0.00e+00
 2.79191e+16	4.63e-01	5.37e-01	2.41e-05	0.00e+00	0.00e+00	0.00e+00	0.00e+00	0.00e+00
 2.79220e+16	4.85e-01	5.15e-01	2.14e-05	0.00e+00	0.00e+00	0.00e+00	0.00e+00	0.00e+00
 2.79248e+16	5.07e-01	4.93e-01	1.89e-05	0.00e+00	0.00e+00	0.00e+00	0.00e+00	0.00e+00
 2.79277e+16	5.30e-01	4.70e-01	1.67e-05	0.00e+00	0.00e+00	0.00e+00	0.00e+00	0.00e+00
 2.79305e+16	5.53e-01	4.47e-01	1.47e-05	0.00e+00	0.00e+00	0.00e+00	0.00e+00	0.00e+00
 2.79333e+16	5.77e-01	4.23e-01	1.29e-05	0.00e+00	0.00e+00	0.00e+00	0.00e+00	0.00e+00
 2.79361e+16	6.02e-01	3.98e-01	1.13e-05	0.00e+00	0.00e+00	0.00e+00	0.00e+00	0.00e+00
 2.79389e+16	6.26e-01	3.74e-01	9.84e-06	0.00e+00	0.00e+00	0.00e+00	0.00e+00	0.00e+00
 2.79413e+16	6.47e-01	3.53e-01	8.75e-06	0.00e+00	0.00e+00	0.00e+00	0.00e+00	0.00e+00
 2.79431e+16	6.62e-01	3.38e-01	8.01e-06	0.00e+00	0.00e+00	0.00e+00	0.00e+00	0.00e+00
