#depth	He	He+	He+2
 1.49634e+10	6.20e-23	2.59e-11	1.00e+00
 4.54887e+10	6.90e-23	2.81e-11	1.00e+00
 7.72350e+10	7.65e-23	3.04e-11	1.00e+00
 1.10251e+11	8.48e-23	3.29e-11	1.00e+00
 1.44588e+11	9.41e-23	3.57e-11	1.00e+00
 1.80298e+11	1.04e-22	3.86e-11	1.00e+00
 2.17437e+11	1.16e-22	4.19e-11	1.00e+00
 2.56061e+11	1.29e-22	4.54e-11	1.00e+00
 2.96231e+11	1.43e-22	4.92e-11	1.00e+00
 3.38007e+11	1.60e-22	5.33e-11	1.00e+00
 3.81454e+11	1.78e-22	5.78e-11	1.00e+00
 4.26639e+11	1.98e-22	6.27e-11	1.00e+00
 4.73631e+11	2.21e-22	6.81e-11	1.00e+00
 5.22503e+11	2.46e-22	7.39e-11	1.00e+00
 5.73330e+11	2.75e-22	8.02e-11	1.00e+00
 6.26190e+11	3.07e-22	8.72e-11	1.00e+00
 6.81164e+11	3.44e-22	9.47e-11	1.00e+00
 7.38337e+11	3.85e-22	1.03e-10	1.00e+00
 7.97798e+11	4.31e-22	1.12e-10	1.00e+00
 8.59636e+11	4.83e-22	1.22e-10	1.00e+00
 9.23949e+11	5.42e-22	1.33e-10	1.00e+00
 9.90833e+11	6.09e-22	1.44e-10	1.00e+00
 1.06039e+12	6.84e-22	1.57e-10	1.00e+00
 1.13274e+12	7.70e-22	1.71e-10	1.00e+00
 1.20797e+12	8.67e-22	1.87e-10	1.00e+00
 1.28622e+12	9.78e-22	2.04e-10	1.00e+00
 1.36759e+12	1.10e-21	2.22e-10	1.00e+00
 1.45222e+12	1.25e-21	2.42e-10	1.00e+00
 1.54024e+12	1.41e-21	2.65e-10	1.00e+00
 1.63178e+12	1.60e-21	2.89e-10	1.00e+00
 1.72697e+12	1.82e-21	3.16e-10	1.00e+00
 1.82598e+12	2.07e-21	3.45e-10	1.00e+00
 1.92895e+12	2.35e-21	3.77e-10	1.00e+00
 2.03603e+12	2.68e-21	4.12e-10	1.00e+00
 2.14740e+12	3.07e-21	4.51e-10	1.00e+00
 2.26322e+12	3.52e-21	4.93e-10	1.00e+00
 2.38023e+12	4.02e-21	5.37e-10	1.00e+00
 2.50192e+12	4.61e-21	5.86e-10	1.00e+00
 2.63192e+12	5.31e-21	6.41e-10	1.00e+00
 2.76713e+12	6.13e-21	7.02e-10	1.00e+00
 2.90774e+12	7.09e-21	7.68e-10	1.00e+00
 3.05398e+12	8.22e-21	8.40e-10	1.00e+00
 3.20606e+12	9.55e-21	9.19e-10	1.00e+00
 3.36423e+12	1.11e-20	1.01e-09	1.00e+00
 3.52873e+12	1.30e-20	1.10e-09	1.00e+00
 3.69980e+12	1.51e-20	1.20e-09	1.00e+00
 3.87772e+12	1.77e-20	1.32e-09	1.00e+00
 4.06276e+12	2.07e-20	1.44e-09	1.00e+00
 4.25519e+12	2.43e-20	1.57e-09	1.00e+00
 4.45533e+12	2.86e-20	1.72e-09	1.00e+00
 4.66347e+12	3.36e-20	1.88e-09	1.00e+00
 4.87993e+12	3.96e-20	2.06e-09	1.00e+00
 5.10506e+12	4.67e-20	2.25e-09	1.00e+00
 5.33919e+12	5.50e-20	2.46e-09	1.00e+00
 5.58268e+12	6.50e-20	2.69e-09	1.00e+00
 5.83592e+12	7.67e-20	2.94e-09	1.00e+00
 6.09928e+12	9.07e-20	3.21e-09	1.00e+00
 6.37318e+12	1.07e-19	3.51e-09	1.00e+00
 6.65803e+12	1.27e-19	3.84e-09	1.00e+00
 6.95428e+12	1.50e-19	4.19e-09	1.00e+00
 7.26238e+12	1.78e-19	4.58e-09	1.00e+00
 7.58280e+12	2.11e-19	5.00e-09	1.00e+00
 7.91604e+12	2.49e-19	5.46e-09	1.00e+00
 8.26261e+12	2.95e-19	5.96e-09	1.00e+00
 8.62304e+12	3.50e-19	6.51e-09	1.00e+00
 8.99789e+12	4.14e-19	7.11e-09	1.00e+00
 9.38773e+12	4.91e-19	7.76e-09	1.00e+00
 9.79316e+12	5.81e-19	8.46e-09	1.00e+00
 1.02148e+13	6.88e-19	9.23e-09	1.00e+00
 1.06533e+13	8.15e-19	1.01e-08	1.00e+00
 1.11094e+13	9.65e-19	1.10e-08	1.00e+00
 1.15837e+13	1.14e-18	1.20e-08	1.00e+00
 1.20770e+13	1.35e-18	1.30e-08	1.00e+00
 1.25900e+13	1.60e-18	1.42e-08	1.00e+00
 1.31235e+13	1.89e-18	1.55e-08	1.00e+00
 1.36784e+13	2.24e-18	1.69e-08	1.00e+00
 1.42554e+13	2.65e-18	1.84e-08	1.00e+00
 1.48556e+13	3.13e-18	2.00e-08	1.00e+00
 1.54797e+13	3.70e-18	2.18e-08	1.00e+00
 1.61288e+13	4.37e-18	2.37e-08	1.00e+00
 1.68039e+13	5.17e-18	2.58e-08	1.00e+00
 1.75060e+13	6.10e-18	2.81e-08	1.00e+00
 1.81955e+13	7.14e-18	3.04e-08	1.00e+00
 1.88582e+13	8.26e-18	3.28e-08	1.00e+00
 1.95881e+13	9.65e-18	3.54e-08	1.00e+00
 2.04016e+13	1.14e-17	3.85e-08	1.00e+00
 2.12232e+13	1.34e-17	4.18e-08	1.00e+00
 2.20778e+13	1.57e-17	4.54e-08	1.00e+00
 2.29908e+13	1.85e-17	4.93e-08	1.00e+00
 2.39403e+13	2.19e-17	5.36e-08	1.00e+00
 2.49279e+13	2.58e-17	5.83e-08	1.00e+00
 2.59549e+13	3.05e-17	6.34e-08	1.00e+00
 2.70231e+13	3.60e-17	6.89e-08	1.00e+00
 2.81339e+13	4.25e-17	7.49e-08	1.00e+00
 2.92892e+13	5.01e-17	8.14e-08	1.00e+00
 3.04907e+13	5.92e-17	8.86e-08	1.00e+00
 3.17402e+13	6.99e-17	9.63e-08	1.00e+00
 3.30398e+13	8.25e-17	1.05e-07	1.00e+00
 3.43913e+13	9.74e-17	1.14e-07	1.00e+00
 3.57969e+13	1.15e-16	1.24e-07	1.00e+00
 3.72587e+13	1.36e-16	1.35e-07	1.00e+00
 3.87789e+13	1.61e-16	1.46e-07	1.00e+00
 4.03600e+13	1.90e-16	1.59e-07	1.00e+00
 4.20044e+13	2.25e-16	1.73e-07	1.00e+00
 4.37145e+13	2.66e-16	1.89e-07	1.00e+00
 4.54930e+13	3.14e-16	2.05e-07	1.00e+00
 4.73426e+13	3.72e-16	2.23e-07	1.00e+00
 4.92662e+13	4.41e-16	2.43e-07	1.00e+00
 5.12668e+13	5.21e-16	2.65e-07	1.00e+00
 5.33474e+13	6.18e-16	2.88e-07	1.00e+00
 5.55112e+13	7.32e-16	3.14e-07	1.00e+00
 5.77616e+13	8.67e-16	3.42e-07	1.00e+00
 6.01020e+13	1.03e-15	3.72e-07	1.00e+00
 6.25360e+13	1.22e-15	4.05e-07	1.00e+00
 6.50674e+13	1.45e-15	4.41e-07	1.00e+00
 6.77000e+13	1.72e-15	4.81e-07	1.00e+00
 7.04379e+13	2.04e-15	5.24e-07	1.00e+00
 7.32854e+13	2.42e-15	5.72e-07	1.00e+00
 7.62467e+13	2.87e-15	6.23e-07	1.00e+00
 7.93265e+13	3.41e-15	6.79e-07	1.00e+00
 8.25295e+13	4.06e-15	7.41e-07	1.00e+00
 8.58606e+13	4.82e-15	8.08e-07	1.00e+00
 8.93249e+13	5.73e-15	8.81e-07	1.00e+00
 9.29279e+13	6.82e-15	9.61e-07	1.00e+00
 9.66749e+13	8.12e-15	1.05e-06	1.00e+00
 1.00572e+14	9.66e-15	1.14e-06	1.00e+00
 1.04314e+14	1.14e-14	1.24e-06	1.00e+00
 1.07779e+14	1.31e-14	1.33e-06	1.00e+00
 1.11694e+14	1.53e-14	1.44e-06	1.00e+00
 1.16192e+14	1.83e-14	1.57e-06	1.00e+00
 1.20605e+14	2.16e-14	1.71e-06	1.00e+00
 1.24844e+14	2.51e-14	1.85e-06	1.00e+00
 1.29516e+14	2.96e-14	2.00e-06	1.00e+00
 1.34727e+14	3.52e-14	2.19e-06	1.00e+00
 1.39986e+14	4.17e-14	2.38e-06	1.00e+00
 1.45455e+14	4.95e-14	2.59e-06	1.00e+00
 1.51303e+14	5.89e-14	2.83e-06	1.00e+00
 1.57385e+14	7.02e-14	3.09e-06	1.00e+00
 1.63710e+14	8.36e-14	3.37e-06	1.00e+00
 1.70288e+14	9.95e-14	3.68e-06	1.00e+00
 1.77130e+14	1.18e-13	4.01e-06	1.00e+00
 1.84245e+14	1.41e-13	4.38e-06	1.00e+00
 1.91645e+14	1.68e-13	4.78e-06	1.00e+00
 1.99340e+14	1.99e-13	5.21e-06	1.00e+00
 2.07344e+14	2.37e-13	5.68e-06	1.00e+00
 2.15668e+14	2.81e-13	6.19e-06	1.00e+00
 2.24324e+14	3.34e-13	6.74e-06	1.00e+00
 2.33327e+14	3.96e-13	7.34e-06	1.00e+00
 2.42463e+14	4.68e-13	7.98e-06	1.00e+00
 2.51965e+14	5.52e-13	8.67e-06	1.00e+00
 2.62073e+14	6.54e-13	9.44e-06	1.00e+00
 2.72586e+14	7.74e-13	1.03e-05	1.00e+00
 2.83519e+14	9.15e-13	1.12e-05	1.00e+00
 2.94890e+14	1.08e-12	1.21e-05	1.00e+00
 3.06715e+14	1.28e-12	1.32e-05	1.00e+00
 3.19014e+14	1.51e-12	1.44e-05	1.00e+00
 3.31804e+14	1.78e-12	1.56e-05	1.00e+00
 3.45107e+14	2.10e-12	1.70e-05	1.00e+00
 3.58483e+14	2.47e-12	1.84e-05	1.00e+00
 3.72395e+14	2.89e-12	1.99e-05	1.00e+00
 3.87321e+14	3.41e-12	2.16e-05	1.00e+00
 4.02844e+14	4.02e-12	2.35e-05	1.00e+00
 4.18987e+14	4.73e-12	2.55e-05	1.00e+00
 4.35777e+14	5.58e-12	2.77e-05	1.00e+00
 4.53238e+14	6.56e-12	3.01e-05	1.00e+00
 4.70049e+14	7.63e-12	3.24e-05	1.00e+00
 4.85691e+14	8.74e-12	3.47e-05	1.00e+00
 5.03308e+14	1.01e-11	3.74e-05	1.00e+00
 5.23470e+14	1.19e-11	4.06e-05	1.00e+00
 5.43288e+14	1.39e-11	4.39e-05	1.00e+00
 5.63899e+14	1.62e-11	4.74e-05	1.00e+00
 5.86485e+14	1.90e-11	5.15e-05	1.00e+00
 6.09154e+14	2.23e-11	5.57e-05	1.00e+00
 6.32730e+14	2.60e-11	6.02e-05	1.00e+00
 6.58069e+14	3.05e-11	6.54e-05	1.00e+00
 6.84422e+14	3.57e-11	7.08e-05	1.00e+00
 7.11828e+14	4.20e-11	7.69e-05	1.00e+00
 7.40332e+14	4.92e-11	8.33e-05	1.00e+00
 7.69975e+14	5.76e-11	9.02e-05	1.00e+00
 8.00804e+14	6.74e-11	9.78e-05	1.00e+00
 8.32866e+14	7.89e-11	1.06e-04	1.00e+00
 8.66210e+14	9.24e-11	1.15e-04	1.00e+00
 9.00889e+14	1.08e-10	1.24e-04	1.00e+00
 9.36954e+14	1.26e-10	1.35e-04	1.00e+00
 9.74462e+14	1.48e-10	1.46e-04	1.00e+00
 1.01347e+15	1.72e-10	1.58e-04	1.00e+00
 1.05404e+15	2.01e-10	1.71e-04	1.00e+00
 1.09623e+15	2.35e-10	1.85e-04	1.00e+00
 1.13885e+15	2.73e-10	2.00e-04	1.00e+00
 1.18317e+15	3.17e-10	2.16e-04	1.00e+00
 1.23053e+15	3.70e-10	2.34e-04	1.00e+00
 1.27978e+15	4.32e-10	2.53e-04	1.00e+00
 1.33100e+15	5.03e-10	2.74e-04	1.00e+00
 1.38128e+15	5.82e-10	2.95e-04	1.00e+00
 1.43356e+15	6.73e-10	3.18e-04	1.00e+00
 1.49093e+15	7.84e-10	3.45e-04	1.00e+00
 1.54865e+15	9.09e-10	3.72e-04	1.00e+00
 1.60868e+15	1.05e-09	4.02e-04	1.00e+00
 1.67306e+15	1.23e-09	4.35e-04	1.00e+00
 1.74001e+15	1.43e-09	4.70e-04	1.00e+00
 1.80342e+15	1.64e-09	5.06e-04	9.99e-01
 1.86073e+15	1.85e-09	5.38e-04	9.99e-01
 1.92519e+15	2.11e-09	5.77e-04	9.99e-01
 2.00087e+15	2.46e-09	6.23e-04	9.99e-01
 2.07568e+15	2.83e-09	6.71e-04	9.99e-01
 2.14569e+15	3.22e-09	7.17e-04	9.99e-01
 2.22375e+15	3.70e-09	7.70e-04	9.99e-01
 2.31273e+15	4.31e-09	8.34e-04	9.99e-01
 2.40034e+15	4.97e-09	8.98e-04	9.99e-01
 2.49145e+15	5.75e-09	9.68e-04	9.99e-01
 2.59114e+15	6.69e-09	1.05e-03	9.99e-01
 2.69150e+15	7.75e-09	1.13e-03	9.99e-01
 2.78647e+15	8.86e-09	1.21e-03	9.99e-01
 2.88855e+15	1.02e-08	1.30e-03	9.99e-01
 3.00019e+15	1.18e-08	1.40e-03	9.99e-01
 3.10568e+15	1.35e-08	1.50e-03	9.98e-01
 3.21931e+15	1.55e-08	1.61e-03	9.98e-01
 3.34373e+15	1.80e-08	1.74e-03	9.98e-01
 3.46121e+15	2.06e-08	1.87e-03	9.98e-01
 3.58777e+15	2.37e-08	2.01e-03	9.98e-01
 3.72625e+15	2.75e-08	2.16e-03	9.98e-01
 3.85680e+15	3.14e-08	2.32e-03	9.98e-01
 3.99765e+15	3.62e-08	2.49e-03	9.98e-01
 4.15179e+15	4.20e-08	2.69e-03	9.97e-01
 4.29631e+15	4.80e-08	2.87e-03	9.97e-01
 4.45240e+15	5.53e-08	3.09e-03	9.97e-01
 4.62397e+15	6.42e-08	3.33e-03	9.97e-01
 4.78190e+15	7.33e-08	3.57e-03	9.96e-01
 4.95135e+15	8.44e-08	3.83e-03	9.96e-01
 5.14110e+15	9.81e-08	4.14e-03	9.96e-01
 5.32062e+15	1.13e-07	4.44e-03	9.96e-01
 5.49145e+15	1.28e-07	4.74e-03	9.95e-01
 5.68766e+15	1.48e-07	5.11e-03	9.95e-01
 5.90183e+15	1.72e-07	5.53e-03	9.94e-01
 6.09726e+15	1.96e-07	5.92e-03	9.94e-01
 6.30922e+15	2.27e-07	6.39e-03	9.94e-01
 6.54548e+15	2.65e-07	6.94e-03	9.93e-01
 6.76767e+15	3.06e-07	7.48e-03	9.93e-01
 6.97687e+15	3.49e-07	8.02e-03	9.92e-01
 7.21487e+15	4.05e-07	8.71e-03	9.91e-01
 7.47572e+15	4.75e-07	9.51e-03	9.90e-01
 7.72019e+15	5.50e-07	1.03e-02	9.90e-01
 7.95284e+15	6.32e-07	1.12e-02	9.89e-01
 8.21619e+15	7.42e-07	1.23e-02	9.88e-01
 8.50724e+15	8.81e-07	1.36e-02	9.86e-01
 8.77402e+15	1.03e-06	1.49e-02	9.85e-01
 9.02010e+15	1.20e-06	1.64e-02	9.84e-01
 9.29955e+15	1.43e-06	1.83e-02	9.82e-01
 9.59938e+15	1.72e-06	2.06e-02	9.79e-01
 9.85927e+15	2.03e-06	2.30e-02	9.77e-01
 1.00896e+16	2.37e-06	2.56e-02	9.74e-01
 1.03478e+16	2.85e-06	2.91e-02	9.71e-01
 1.06225e+16	3.49e-06	3.36e-02	9.66e-01
 1.08543e+16	4.18e-06	3.84e-02	9.62e-01
 1.10514e+16	4.95e-06	4.35e-02	9.56e-01
 1.12304e+16	5.81e-06	4.92e-02	9.51e-01
 1.13997e+16	6.84e-06	5.59e-02	9.44e-01
 1.15940e+16	8.42e-06	6.58e-02	9.34e-01
 1.17966e+16	1.06e-05	7.95e-02	9.21e-01
 1.19584e+16	1.31e-05	9.46e-02	9.05e-01
 1.20864e+16	1.58e-05	1.10e-01	8.90e-01
 1.22035e+16	1.90e-05	1.29e-01	8.71e-01
 1.23199e+16	2.34e-05	1.54e-01	8.46e-01
 1.24310e+16	2.89e-05	1.86e-01	8.14e-01
 1.25303e+16	3.58e-05	2.24e-01	7.76e-01
 1.26133e+16	4.35e-05	2.66e-01	7.34e-01
 1.26805e+16	5.15e-05	3.09e-01	6.91e-01
 1.27409e+16	6.03e-05	3.56e-01	6.44e-01
 1.28004e+16	7.08e-05	4.11e-01	5.89e-01
 1.28585e+16	8.30e-05	4.74e-01	5.26e-01
 1.29156e+16	9.66e-05	5.42e-01	4.58e-01
 1.29808e+16	1.14e-04	6.26e-01	3.74e-01
 1.30543e+16	1.33e-04	7.18e-01	2.82e-01
 1.31227e+16	1.50e-04	7.94e-01	2.06e-01
 1.31946e+16	1.66e-04	8.58e-01	1.42e-01
 1.32869e+16	1.81e-04	9.14e-01	8.63e-02
 1.34068e+16	1.95e-04	9.54e-01	4.54e-02
 1.35628e+16	2.07e-04	9.79e-01	2.10e-02
 1.37655e+16	2.17e-04	9.91e-01	8.64e-03
 1.40290e+16	2.29e-04	9.97e-01	3.22e-03
 1.43716e+16	2.42e-04	9.99e-01	1.09e-03
 1.48170e+16	2.60e-04	9.99e-01	3.39e-04
 1.53017e+16	2.81e-04	1.00e+00	1.15e-04
 1.57385e+16	3.00e-04	1.00e+00	4.98e-05
 1.62071e+16	3.23e-04	1.00e+00	2.22e-05
 1.67205e+16	3.50e-04	1.00e+00	1.01e-05
 1.71846e+16	3.76e-04	1.00e+00	5.34e-06
 1.76125e+16	4.02e-04	1.00e+00	3.08e-06
 1.81006e+16	4.35e-04	1.00e+00	1.70e-06
 1.86341e+16	4.74e-04	1.00e+00	9.43e-07
 1.91121e+16	5.13e-04	9.99e-01	5.83e-07
 1.95446e+16	5.51e-04	9.99e-01	3.87e-07
 2.00322e+16	6.02e-04	9.99e-01	2.50e-07
 2.05572e+16	6.63e-04	9.99e-01	1.63e-07
 2.10042e+16	7.22e-04	9.99e-01	1.17e-07
 2.13747e+16	7.79e-04	9.99e-01	9.07e-08
 2.17202e+16	8.37e-04	9.99e-01	7.25e-08
 2.21170e+16	9.22e-04	9.99e-01	5.69e-08
 2.25212e+16	1.02e-03	9.99e-01	4.51e-08
 2.28324e+16	1.11e-03	9.99e-01	3.83e-08
 2.30797e+16	1.20e-03	9.99e-01	3.39e-08
 2.32574e+16	1.26e-03	9.99e-01	3.10e-08
 2.33650e+16	1.31e-03	9.99e-01	2.96e-08
 2.34708e+16	1.36e-03	9.99e-01	2.82e-08
 2.36083e+16	1.43e-03	9.99e-01	2.64e-08
 2.37522e+16	1.51e-03	9.98e-01	2.45e-08
 2.38711e+16	1.58e-03	9.98e-01	2.32e-08
 2.39706e+16	1.65e-03	9.98e-01	2.22e-08
 2.40605e+16	1.71e-03	9.98e-01	2.13e-08
 2.41596e+16	1.79e-03	9.98e-01	2.04e-08
 2.42627e+16	1.88e-03	9.98e-01	1.94e-08
 2.43468e+16	1.96e-03	9.98e-01	1.86e-08
 2.44192e+16	2.04e-03	9.98e-01	1.80e-08
 2.45005e+16	2.13e-03	9.98e-01	1.74e-08
 2.45877e+16	2.23e-03	9.98e-01	1.67e-08
 2.46625e+16	2.33e-03	9.98e-01	1.61e-08
 2.47275e+16	2.43e-03	9.98e-01	1.56e-08
 2.47998e+16	2.55e-03	9.97e-01	1.51e-08
 2.48768e+16	2.68e-03	9.97e-01	1.45e-08
 2.49421e+16	2.80e-03	9.97e-01	1.40e-08
 2.49990e+16	2.92e-03	9.97e-01	1.37e-08
 2.50624e+16	3.07e-03	9.97e-01	1.33e-08
 2.51303e+16	3.24e-03	9.97e-01	1.28e-08
 2.51883e+16	3.40e-03	9.97e-01	1.24e-08
 2.52390e+16	3.55e-03	9.96e-01	1.21e-08
 2.52957e+16	3.75e-03	9.96e-01	1.17e-08
 2.53566e+16	3.97e-03	9.96e-01	1.13e-08
 2.54090e+16	4.18e-03	9.96e-01	1.09e-08
 2.54550e+16	4.39e-03	9.96e-01	1.07e-08
 2.55066e+16	4.65e-03	9.95e-01	1.03e-08
 2.55619e+16	4.96e-03	9.95e-01	9.95e-09
 2.56100e+16	5.26e-03	9.95e-01	9.64e-09
 2.56529e+16	5.56e-03	9.94e-01	9.38e-09
 2.57010e+16	5.94e-03	9.94e-01	9.09e-09
 2.57530e+16	6.40e-03	9.94e-01	8.71e-09
 2.57989e+16	6.87e-03	9.93e-01	8.41e-09
 2.58408e+16	7.35e-03	9.93e-01	8.15e-09
 2.58886e+16	7.99e-03	9.92e-01	7.85e-09
 2.59399e+16	8.78e-03	9.91e-01	7.46e-09
 2.59837e+16	9.58e-03	9.90e-01	7.15e-09
 2.60208e+16	1.04e-02	9.90e-01	6.90e-09
 2.60612e+16	1.14e-02	9.89e-01	6.64e-09
 2.61047e+16	1.27e-02	9.87e-01	6.28e-09
 2.61420e+16	1.40e-02	9.86e-01	5.99e-09
 2.61739e+16	1.53e-02	9.85e-01	5.76e-09
 2.62018e+16	1.67e-02	9.83e-01	5.53e-09
 2.62259e+16	1.81e-02	9.82e-01	5.34e-09
 2.62524e+16	1.98e-02	9.80e-01	5.14e-09
 2.62786e+16	2.17e-02	9.78e-01	4.89e-09
 2.62990e+16	2.36e-02	9.76e-01	4.73e-09
 2.63202e+16	2.57e-02	9.74e-01	4.57e-09
 2.63432e+16	2.85e-02	9.71e-01	4.35e-09
 2.63631e+16	3.12e-02	9.69e-01	4.16e-09
 2.63800e+16	3.39e-02	9.66e-01	4.03e-09
 2.63956e+16	3.68e-02	9.63e-01	3.88e-09
 2.64130e+16	4.04e-02	9.60e-01	3.75e-09
 2.64320e+16	4.49e-02	9.55e-01	3.56e-09
 2.64488e+16	4.96e-02	9.50e-01	3.41e-09
 2.64633e+16	5.45e-02	9.46e-01	3.29e-09
 2.64792e+16	6.05e-02	9.39e-01	3.17e-09
 2.64963e+16	6.82e-02	9.32e-01	3.01e-09
 2.65110e+16	7.55e-02	9.25e-01	2.90e-09
 2.65238e+16	8.34e-02	9.17e-01	2.81e-09
 2.65384e+16	9.33e-02	9.07e-01	2.72e-09
 2.65539e+16	1.06e-01	8.94e-01	2.61e-09
 2.65669e+16	1.18e-01	8.82e-01	2.53e-09
 2.65775e+16	1.29e-01	8.71e-01	2.49e-09
 2.65869e+16	1.40e-01	8.60e-01	2.45e-09
 2.65959e+16	1.52e-01	8.48e-01	2.42e-09
 2.66045e+16	1.64e-01	8.36e-01	2.39e-09
 2.66128e+16	1.77e-01	8.23e-01	2.37e-09
 2.66192e+16	1.87e-01	8.13e-01	2.35e-09
 2.66234e+16	1.94e-01	8.06e-01	2.35e-09
 2.66272e+16	2.01e-01	7.99e-01	2.35e-09
 2.66317e+16	2.10e-01	7.90e-01	2.34e-09
 2.66365e+16	2.20e-01	7.80e-01	2.33e-09
 2.66410e+16	2.29e-01	7.71e-01	2.34e-09
 2.66454e+16	2.39e-01	7.61e-01	2.33e-09
 2.66497e+16	2.49e-01	7.51e-01	2.34e-09
 2.66540e+16	2.59e-01	7.41e-01	2.33e-09
 2.66583e+16	2.70e-01	7.30e-01	2.34e-09
 2.66625e+16	2.81e-01	7.19e-01	2.34e-09
 2.66667e+16	2.92e-01	7.08e-01	2.35e-09
 2.66708e+16	3.04e-01	6.96e-01	2.35e-09
 2.66749e+16	3.15e-01	6.85e-01	2.36e-09
 2.66789e+16	3.28e-01	6.72e-01	2.36e-09
 2.66829e+16	3.40e-01	6.60e-01	2.37e-09
 2.66869e+16	3.52e-01	6.48e-01	2.38e-09
 2.66909e+16	3.65e-01	6.35e-01	2.38e-09
 2.66947e+16	3.78e-01	6.22e-01	2.39e-09
 2.66985e+16	3.91e-01	6.09e-01	2.39e-09
 2.67023e+16	4.05e-01	5.95e-01	2.40e-09
 2.67061e+16	4.18e-01	5.82e-01	2.41e-09
 2.67098e+16	4.32e-01	5.68e-01	2.41e-09
 2.67135e+16	4.46e-01	5.54e-01	2.42e-09
 2.67171e+16	4.60e-01	5.40e-01	2.42e-09
 2.67207e+16	4.74e-01	5.26e-01	2.43e-09
 2.67243e+16	4.88e-01	5.12e-01	2.43e-09
 2.67278e+16	5.02e-01	4.98e-01	2.43e-09
 2.67313e+16	5.16e-01	4.84e-01	2.43e-09
 2.67347e+16	5.30e-01	4.70e-01	2.43e-09
 2.67381e+16	5.44e-01	4.56e-01	2.43e-09
 2.67414e+16	5.58e-01	4.42e-01	2.43e-09
 2.67446e+16	5.71e-01	4.29e-01	2.43e-09
 2.67477e+16	5.84e-01	4.16e-01	2.42e-09
 2.67508e+16	5.96e-01	4.04e-01	2.42e-09
 2.67538e+16	6.09e-01	3.91e-01	2.41e-09
 2.67568e+16	6.21e-01	3.79e-01	2.40e-09
 2.67597e+16	6.33e-01	3.67e-01	2.40e-09
 2.67626e+16	6.45e-01	3.55e-01	2.38e-09
 2.67654e+16	6.57e-01	3.43e-01	2.37e-09
 2.67682e+16	6.68e-01	3.32e-01	2.36e-09
 2.67710e+16	6.79e-01	3.21e-01	2.35e-09
 2.67737e+16	6.89e-01	3.11e-01	2.33e-09
 2.67763e+16	7.00e-01	3.00e-01	2.32e-09
 2.67790e+16	7.10e-01	2.90e-01	2.30e-09
 2.67815e+16	7.20e-01	2.80e-01	2.29e-09
 2.67841e+16	7.29e-01	2.71e-01	2.27e-09
 2.67866e+16	7.38e-01	2.62e-01	2.25e-09
 2.67890e+16	7.47e-01	2.53e-01	2.24e-09
 2.67915e+16	7.56e-01	2.44e-01	2.22e-09
 2.67939e+16	7.64e-01	2.36e-01	2.20e-09
 2.67963e+16	7.72e-01	2.28e-01	2.18e-09
 2.67986e+16	7.80e-01	2.20e-01	2.16e-09
 2.68009e+16	7.88e-01	2.12e-01	2.14e-09
 2.68032e+16	7.95e-01	2.05e-01	2.12e-09
 2.68055e+16	8.02e-01	1.98e-01	2.09e-09
 2.68075e+16	8.08e-01	1.92e-01	2.07e-09
 2.68091e+16	8.13e-01	1.87e-01	2.05e-09
 2.68106e+16	8.18e-01	1.82e-01	2.03e-09
 2.68122e+16	8.23e-01	1.77e-01	2.01e-09
 2.68139e+16	8.28e-01	1.72e-01	1.99e-09
 2.68155e+16	8.32e-01	1.68e-01	1.97e-09
 2.68171e+16	8.37e-01	1.63e-01	1.95e-09
 2.68188e+16	8.41e-01	1.59e-01	1.93e-09
 2.68205e+16	8.46e-01	1.54e-01	1.91e-09
 2.68222e+16	8.51e-01	1.49e-01	1.88e-09
 2.68241e+16	8.55e-01	1.45e-01	1.86e-09
 2.68260e+16	8.60e-01	1.40e-01	1.84e-09
 2.68280e+16	8.65e-01	1.35e-01	1.81e-09
 2.68301e+16	8.70e-01	1.30e-01	1.78e-09
 2.68321e+16	8.75e-01	1.25e-01	1.75e-09
 2.68341e+16	8.79e-01	1.21e-01	1.72e-09
 2.68361e+16	8.84e-01	1.16e-01	1.69e-09
 2.68380e+16	8.88e-01	1.12e-01	1.66e-09
 2.68400e+16	8.92e-01	1.08e-01	1.63e-09
 2.68419e+16	8.96e-01	1.04e-01	1.59e-09
 2.68436e+16	9.00e-01	1.00e-01	1.56e-09
 2.68454e+16	9.03e-01	9.69e-02	1.53e-09
 2.68470e+16	9.06e-01	9.36e-02	1.50e-09
 2.68486e+16	9.09e-01	9.06e-02	1.47e-09
 2.68502e+16	9.12e-01	8.78e-02	1.44e-09
 2.68515e+16	9.15e-01	8.53e-02	1.42e-09
 2.68528e+16	9.17e-01	8.31e-02	1.39e-09
 2.68539e+16	9.19e-01	8.11e-02	1.37e-09
 2.68549e+16	9.21e-01	7.93e-02	1.35e-09
 2.68559e+16	9.22e-01	7.77e-02	1.33e-09
 2.68567e+16	9.24e-01	7.62e-02	1.31e-09
 2.68575e+16	9.25e-01	7.48e-02	1.29e-09
 2.68582e+16	9.26e-01	7.36e-02	1.27e-09
 2.68590e+16	9.28e-01	7.23e-02	1.26e-09
 2.68598e+16	9.29e-01	7.10e-02	1.24e-09
 2.68606e+16	9.30e-01	6.97e-02	1.22e-09
 2.68613e+16	9.31e-01	6.86e-02	1.21e-09
 2.68619e+16	9.32e-01	6.76e-02	1.19e-09
 2.68626e+16	9.34e-01	6.64e-02	1.18e-09
 2.68634e+16	9.35e-01	6.53e-02	1.16e-09
 2.68641e+16	9.36e-01	6.42e-02	1.14e-09
 2.68647e+16	9.37e-01	6.33e-02	1.13e-09
 2.68654e+16	9.38e-01	6.21e-02	1.11e-09
 2.68661e+16	9.39e-01	6.10e-02	1.10e-09
 2.68668e+16	9.40e-01	6.00e-02	1.08e-09
 2.68674e+16	9.41e-01	5.91e-02	1.07e-09
 2.68679e+16	9.42e-01	5.83e-02	1.05e-09
 2.68684e+16	9.42e-01	5.75e-02	1.04e-09
 2.68690e+16	9.43e-01	5.66e-02	1.02e-09
 2.68696e+16	9.44e-01	5.57e-02	1.01e-09
 2.68701e+16	9.45e-01	5.50e-02	9.97e-10
 2.68706e+16	9.46e-01	5.43e-02	9.86e-10
 2.68711e+16	9.47e-01	5.34e-02	9.70e-10
 2.68717e+16	9.47e-01	5.26e-02	9.55e-10
 2.68722e+16	9.48e-01	5.18e-02	9.42e-10
 2.68727e+16	9.49e-01	5.11e-02	9.30e-10
 2.68732e+16	9.50e-01	5.05e-02	9.18e-10
 2.68736e+16	9.50e-01	4.99e-02	9.08e-10
 2.68740e+16	9.51e-01	4.93e-02	8.97e-10
 2.68745e+16	9.51e-01	4.86e-02	8.85e-10
 2.68749e+16	9.52e-01	4.80e-02	8.75e-10
 2.68753e+16	9.53e-01	4.75e-02	8.64e-10
 2.68757e+16	9.53e-01	4.69e-02	8.53e-10
 2.68762e+16	9.54e-01	4.63e-02	8.42e-10
 2.68766e+16	9.54e-01	4.57e-02	8.32e-10
 2.68770e+16	9.55e-01	4.52e-02	8.22e-10
 2.68774e+16	9.55e-01	4.46e-02	8.12e-10
 2.68779e+16	9.56e-01	4.40e-02	8.01e-10
 2.68783e+16	9.57e-01	4.35e-02	7.91e-10
 2.68786e+16	9.57e-01	4.30e-02	7.82e-10
 2.68791e+16	9.58e-01	4.25e-02	7.73e-10
 2.68795e+16	9.58e-01	4.19e-02	7.62e-10
 2.68799e+16	9.59e-01	4.14e-02	7.53e-10
 2.68803e+16	9.59e-01	4.08e-02	7.43e-10
 2.68808e+16	9.60e-01	4.03e-02	7.33e-10
 2.68813e+16	9.60e-01	3.98e-02	7.24e-10
 2.68817e+16	9.61e-01	3.92e-02	7.14e-10
 2.68823e+16	9.61e-01	3.86e-02	7.04e-10
 2.68827e+16	9.62e-01	3.81e-02	6.96e-10
 2.68832e+16	9.62e-01	3.76e-02	6.86e-10
 2.68838e+16	9.63e-01	3.69e-02	6.74e-10
 2.68843e+16	9.64e-01	3.65e-02	6.66e-10
 2.68848e+16	9.64e-01	3.60e-02	6.58e-10
 2.68852e+16	9.64e-01	3.55e-02	6.50e-10
 2.68856e+16	9.65e-01	3.50e-02	6.41e-10
 2.68861e+16	9.65e-01	3.45e-02	6.32e-10
 2.68866e+16	9.66e-01	3.41e-02	6.25e-10
 2.68870e+16	9.66e-01	3.37e-02	6.18e-10
 2.68874e+16	9.67e-01	3.32e-02	6.09e-10
 2.68880e+16	9.67e-01	3.27e-02	5.99e-10
 2.68886e+16	9.68e-01	3.21e-02	5.89e-10
 2.68892e+16	9.68e-01	3.16e-02	5.82e-10
 2.68897e+16	9.69e-01	3.11e-02	5.74e-10
 2.68902e+16	9.69e-01	3.07e-02	5.65e-10
 2.68906e+16	9.70e-01	3.03e-02	5.59e-10
 2.68911e+16	9.70e-01	2.99e-02	5.53e-10
 2.68917e+16	9.71e-01	2.94e-02	5.43e-10
 2.68924e+16	9.71e-01	2.89e-02	5.34e-10
 2.68930e+16	9.72e-01	2.84e-02	5.27e-10
 2.68935e+16	9.72e-01	2.80e-02	5.20e-10
 2.68940e+16	9.72e-01	2.76e-02	5.12e-10
 2.68946e+16	9.73e-01	2.72e-02	5.06e-10
 2.68953e+16	9.73e-01	2.66e-02	4.96e-10
 2.68961e+16	9.74e-01	2.61e-02	4.88e-10
 2.68968e+16	9.74e-01	2.56e-02	4.80e-10
 2.68974e+16	9.75e-01	2.52e-02	4.73e-10
 2.68980e+16	9.75e-01	2.47e-02	4.65e-10
 2.68985e+16	9.76e-01	2.44e-02	4.59e-10
 2.68991e+16	9.76e-01	2.40e-02	4.53e-10
 2.68997e+16	9.76e-01	2.36e-02	4.47e-10
 2.69003e+16	9.77e-01	2.33e-02	4.40e-10
 2.69009e+16	9.77e-01	2.29e-02	4.34e-10
 2.69016e+16	9.78e-01	2.25e-02	4.28e-10
 2.69022e+16	9.78e-01	2.21e-02	4.22e-10
 2.69028e+16	9.78e-01	2.17e-02	4.15e-10
 2.69036e+16	9.79e-01	2.13e-02	4.09e-10
 2.69042e+16	9.79e-01	2.10e-02	4.03e-10
 2.69048e+16	9.79e-01	2.07e-02	3.97e-10
 2.69055e+16	9.80e-01	2.03e-02	3.92e-10
 2.69062e+16	9.80e-01	2.00e-02	3.86e-10
 2.69068e+16	9.80e-01	1.96e-02	3.80e-10
 2.69075e+16	9.81e-01	1.93e-02	3.75e-10
 2.69083e+16	9.81e-01	1.89e-02	3.69e-10
 2.69090e+16	9.81e-01	1.86e-02	3.64e-10
 2.69098e+16	9.82e-01	1.82e-02	3.58e-10
 2.69106e+16	9.82e-01	1.79e-02	3.52e-10
 2.69113e+16	9.82e-01	1.76e-02	3.47e-10
 2.69121e+16	9.83e-01	1.72e-02	3.41e-10
 2.69130e+16	9.83e-01	1.68e-02	3.35e-10
 2.69138e+16	9.83e-01	1.65e-02	3.30e-10
 2.69146e+16	9.84e-01	1.62e-02	3.25e-10
 2.69154e+16	9.84e-01	1.59e-02	3.20e-10
 2.69162e+16	9.84e-01	1.56e-02	3.15e-10
 2.69170e+16	9.85e-01	1.53e-02	3.10e-10
 2.69179e+16	9.85e-01	1.50e-02	3.05e-10
 2.69188e+16	9.85e-01	1.47e-02	2.99e-10
 2.69197e+16	9.86e-01	1.44e-02	2.95e-10
 2.69206e+16	9.86e-01	1.41e-02	2.89e-10
 2.69216e+16	9.86e-01	1.37e-02	2.84e-10
 2.69225e+16	9.87e-01	1.35e-02	2.80e-10
 2.69235e+16	9.87e-01	1.31e-02	2.74e-10
 2.69246e+16	9.87e-01	1.28e-02	2.69e-10
 2.69256e+16	9.87e-01	1.26e-02	2.65e-10
 2.69266e+16	9.88e-01	1.23e-02	2.59e-10
 2.69278e+16	9.88e-01	1.20e-02	2.54e-10
 2.69289e+16	9.88e-01	1.17e-02	2.50e-10
 2.69298e+16	9.89e-01	1.14e-02	2.46e-10
 2.69309e+16	9.89e-01	1.12e-02	2.41e-10
 2.69320e+16	9.89e-01	1.09e-02	2.37e-10
 2.69330e+16	9.89e-01	1.07e-02	2.33e-10
 2.69342e+16	9.90e-01	1.04e-02	2.28e-10
 2.69357e+16	9.90e-01	1.01e-02	2.22e-10
 2.69374e+16	9.90e-01	9.70e-03	2.16e-10
 2.69393e+16	9.91e-01	9.35e-03	2.09e-10
 2.69411e+16	9.91e-01	9.02e-03	2.04e-10
 2.69429e+16	9.91e-01	8.69e-03	1.98e-10
 2.69447e+16	9.92e-01	8.37e-03	1.92e-10
 2.69467e+16	9.92e-01	8.05e-03	1.86e-10
 2.69487e+16	9.92e-01	7.74e-03	1.80e-10
 2.69508e+16	9.93e-01	7.43e-03	1.74e-10
 2.69529e+16	9.93e-01	7.14e-03	1.69e-10
 2.69551e+16	9.93e-01	6.84e-03	1.63e-10
 2.69573e+16	9.93e-01	6.55e-03	1.57e-10
 2.69597e+16	9.94e-01	6.27e-03	1.51e-10
 2.69621e+16	9.94e-01	5.98e-03	1.46e-10
 2.69645e+16	9.94e-01	5.70e-03	1.40e-10
 2.69671e+16	9.95e-01	5.42e-03	1.34e-10
 2.69697e+16	9.95e-01	5.13e-03	1.27e-10
 2.69725e+16	9.95e-01	4.83e-03	1.21e-10
 2.69753e+16	9.95e-01	4.53e-03	1.14e-10
 2.69782e+16	9.96e-01	4.21e-03	1.07e-10
 2.69813e+16	9.96e-01	3.89e-03	9.88e-11
 2.69845e+16	9.96e-01	3.55e-03	9.06e-11
 2.69878e+16	9.97e-01	3.23e-03	8.26e-11
 2.69913e+16	9.97e-01	2.91e-03	7.48e-11
 2.69950e+16	9.97e-01	2.60e-03	6.73e-11
 2.69989e+16	9.98e-01	2.31e-03	5.99e-11
 2.70030e+16	9.98e-01	2.03e-03	5.27e-11
 2.70074e+16	9.98e-01	1.77e-03	4.61e-11
 2.70120e+16	9.98e-01	1.53e-03	3.99e-11
 2.70171e+16	9.99e-01	1.30e-03	3.40e-11
 2.70226e+16	9.99e-01	1.10e-03	2.86e-11
 2.70286e+16	9.99e-01	9.03e-04	2.36e-11
 2.70353e+16	9.99e-01	7.28e-04	1.90e-11
 2.70429e+16	9.99e-01	5.70e-04	1.49e-11
 2.70516e+16	1.00e+00	4.30e-04	1.12e-11
 2.70613e+16	1.00e+00	3.16e-04	8.25e-12
 2.70712e+16	1.00e+00	2.31e-04	6.01e-12
 2.70812e+16	1.00e+00	1.69e-04	4.39e-12
 2.70911e+16	1.00e+00	1.23e-04	3.20e-12
 2.71011e+16	1.00e+00	8.99e-05	2.33e-12
 2.71110e+16	1.00e+00	6.58e-05	1.70e-12
 2.71210e+16	1.00e+00	4.81e-05	1.24e-12
 2.71309e+16	1.00e+00	3.53e-05	9.09e-13
 2.71409e+16	1.00e+00	2.59e-05	6.66e-13
 2.71508e+16	1.00e+00	1.90e-05	4.88e-13
 2.71608e+16	1.00e+00	1.40e-05	3.58e-13
 2.71707e+16	1.00e+00	1.03e-05	2.64e-13
 2.71807e+16	1.00e+00	7.64e-06	1.95e-13
 2.71907e+16	1.00e+00	5.67e-06	1.44e-13
 2.72006e+16	1.00e+00	4.23e-06	1.07e-13
 2.72106e+16	1.00e+00	3.17e-06	7.99e-14
 2.72205e+16	1.00e+00	2.41e-06	6.07e-14
 2.72305e+16	1.00e+00	1.84e-06	4.63e-14
 2.72404e+16	1.00e+00	1.42e-06	3.55e-14
 2.72504e+16	1.00e+00	1.12e-06	2.79e-14
 2.72603e+16	1.00e+00	9.00e-07	2.24e-14
 2.72703e+16	1.00e+00	7.36e-07	1.83e-14
 2.72802e+16	1.00e+00	6.14e-07	1.51e-14
 2.72902e+16	1.00e+00	5.26e-07	1.29e-14
 2.73001e+16	1.00e+00	4.62e-07	1.14e-14
 2.73101e+16	1.00e+00	4.14e-07	1.01e-14
 2.73200e+16	1.00e+00	3.78e-07	9.22e-15
 2.73300e+16	1.00e+00	3.51e-07	8.49e-15
 2.73399e+16	1.00e+00	3.32e-07	8.02e-15
 2.73499e+16	1.00e+00	3.17e-07	7.63e-15
 2.73598e+16	1.00e+00	3.05e-07	7.30e-15
 2.73698e+16	1.00e+00	2.96e-07	7.06e-15
 2.73797e+16	1.00e+00	2.90e-07	6.90e-15
 2.73897e+16	1.00e+00	2.85e-07	6.75e-15
 2.74011e+16	1.00e+00	2.79e-07	6.56e-15
 2.74160e+16	1.00e+00	2.75e-07	6.43e-15
 2.74354e+16	1.00e+00	2.70e-07	6.25e-15
 2.74605e+16	1.00e+00	2.64e-07	6.06e-15
 2.74932e+16	1.00e+00	2.59e-07	5.83e-15
 2.75357e+16	1.00e+00	2.52e-07	5.55e-15
 2.75909e+16	1.00e+00	2.43e-07	5.20e-15
 2.76627e+16	1.00e+00	2.32e-07	4.78e-15
 2.77561e+16	1.00e+00	2.19e-07	4.28e-15
 2.78684e+16	1.00e+00	2.04e-07	3.75e-15
 2.79893e+16	1.00e+00	1.89e-07	3.24e-15
 2.81174e+16	1.00e+00	1.74e-07	2.77e-15
 2.82584e+16	1.00e+00	1.59e-07	2.32e-15
 2.84156e+16	1.00e+00	1.44e-07	1.91e-15
 2.85908e+16	1.00e+00	1.28e-07	1.52e-15
 2.87853e+16	1.00e+00	1.13e-07	1.19e-15
 2.90011e+16	1.00e+00	9.77e-08	9.02e-16
 2.92407e+16	1.00e+00	8.35e-08	6.65e-16
 2.95036e+16	1.00e+00	7.04e-08	4.76e-16
 2.97964e+16	1.00e+00	5.82e-08	3.28e-16
 3.01266e+16	1.00e+00	4.71e-08	2.17e-16
 3.04897e+16	1.00e+00	3.74e-08	1.38e-16
 3.08897e+16	1.00e+00	2.92e-08	8.48e-17
 3.13439e+16	1.00e+00	2.20e-08	4.89e-17
 3.18545e+16	1.00e+00	1.62e-08	2.67e-17
 3.24006e+16	1.00e+00	1.18e-08	1.42e-17
 3.29575e+16	1.00e+00	8.59e-09	7.63e-18
 3.35144e+16	1.00e+00	6.30e-09	4.14e-18
 3.40713e+16	1.00e+00	4.65e-09	2.27e-18
 3.46282e+16	1.00e+00	3.46e-09	1.27e-18
 3.52233e+16	1.00e+00	2.52e-09	6.79e-19
 3.58662e+16	1.00e+00	1.82e-09	3.54e-19
 3.65285e+16	1.00e+00	1.31e-09	1.84e-19
 3.72073e+16	1.00e+00	9.38e-10	9.56e-20
 3.79032e+16	1.00e+00	6.72e-10	4.93e-20
 3.86095e+16	1.00e+00	4.84e-10	2.58e-20
 3.93157e+16	1.00e+00	3.53e-10	1.38e-20
 4.00219e+16	1.00e+00	2.58e-10	7.40e-21
 4.07642e+16	1.00e+00	1.86e-10	0.00e+00
 4.15504e+16	1.00e+00	1.33e-10	0.00e+00
 4.23563e+16	1.00e+00	9.51e-11	0.00e+00
 4.31823e+16	1.00e+00	6.81e-11	0.00e+00
 4.40206e+16	1.00e+00	4.88e-11	0.00e+00
 4.48632e+16	1.00e+00	3.52e-11	0.00e+00
 4.57257e+16	1.00e+00	2.53e-11	0.00e+00
 4.66214e+16	1.00e+00	1.81e-11	0.00e+00
 4.75304e+16	1.00e+00	1.30e-11	0.00e+00
 4.84625e+16	1.00e+00	9.28e-12	0.00e+00
 4.94321e+16	1.00e+00	6.59e-12	0.00e+00
 5.04258e+16	1.00e+00	4.68e-12	0.00e+00
 5.14394e+16	1.00e+00	3.32e-12	0.00e+00
 5.24733e+16	1.00e+00	2.36e-12	0.00e+00
 5.35278e+16	1.00e+00	1.67e-12	0.00e+00
 5.45927e+16	1.00e+00	1.19e-12	0.00e+00
 5.56847e+16	1.00e+00	8.43e-13	0.00e+00
 5.69715e+16	1.00e+00	5.61e-13	0.00e+00
 5.86443e+16	1.00e+00	3.34e-13	0.00e+00
 6.07816e+16	1.00e+00	1.76e-13	0.00e+00
 6.32129e+16	1.00e+00	8.77e-14	0.00e+00
 6.57295e+16	1.00e+00	4.34e-14	0.00e+00
 6.83187e+16	1.00e+00	2.14e-14	0.00e+00
 7.09589e+16	1.00e+00	1.07e-14	0.00e+00
 7.37326e+16	1.00e+00	5.13e-15	0.00e+00
 7.64195e+16	1.00e+00	2.63e-15	0.00e+00
 7.91017e+16	1.00e+00	1.34e-15	0.00e+00
 8.17108e+16	1.00e+00	7.26e-16	0.00e+00
 8.43338e+16	1.00e+00	3.82e-16	0.00e+00
 8.67864e+16	1.00e+00	2.21e-16	0.00e+00
 8.90810e+16	1.00e+00	1.29e-16	0.00e+00
 9.14984e+16	1.00e+00	7.62e-17	0.00e+00
 9.40757e+16	1.00e+00	4.26e-17	0.00e+00
 9.74262e+16	1.00e+00	2.06e-17	0.00e+00
 1.00630e+17	1.00e+00	1.09e-17	0.00e+00
 1.03526e+17	1.00e+00	6.15e-18	0.00e+00
 1.07176e+17	1.00e+00	3.08e-18	0.00e+00
 1.11423e+17	1.00e+00	1.44e-18	0.00e+00
 1.15786e+17	1.00e+00	7.05e-19	0.00e+00
 1.20324e+17	1.00e+00	3.64e-19	0.00e+00
 1.25137e+17	1.00e+00	2.03e-19	0.00e+00
 1.30142e+17	1.00e+00	1.26e-19	0.00e+00
 1.35348e+17	1.00e+00	9.02e-20	0.00e+00
 1.40762e+17	1.00e+00	7.27e-20	0.00e+00
 1.46392e+17	1.00e+00	6.35e-20	0.00e+00
 1.52248e+17	1.00e+00	5.82e-20	0.00e+00
 1.58338e+17	1.00e+00	5.47e-20	0.00e+00
 1.64224e+17	1.00e+00	5.21e-20	0.00e+00
 1.69751e+17	1.00e+00	5.33e-20	0.00e+00
 1.75408e+17	1.00e+00	5.35e-20	0.00e+00
 1.81360e+17	1.00e+00	5.20e-20	0.00e+00
 1.87498e+17	1.00e+00	5.02e-20	0.00e+00
 1.93749e+17	1.00e+00	4.58e-20	0.00e+00
 2.00122e+17	1.00e+00	4.47e-20	0.00e+00
 2.06613e+17	1.00e+00	4.36e-20	0.00e+00
 2.13192e+17	1.00e+00	4.26e-20	0.00e+00
 2.19827e+17	1.00e+00	4.18e-20	0.00e+00
 2.26493e+17	1.00e+00	4.10e-20	0.00e+00
 2.33160e+17	1.00e+00	4.05e-20	0.00e+00
 2.39783e+17	1.00e+00	4.00e-20	0.00e+00
 2.46332e+17	1.00e+00	3.98e-20	0.00e+00
 2.52771e+17	1.00e+00	3.96e-20	0.00e+00
 2.59058e+17	1.00e+00	3.97e-20	0.00e+00
 2.65166e+17	1.00e+00	3.98e-20	0.00e+00
 2.71067e+17	1.00e+00	4.01e-20	0.00e+00
 2.76736e+17	1.00e+00	4.06e-20	0.00e+00
 2.82136e+17	1.00e+00	4.11e-20	0.00e+00
 2.87248e+17	1.00e+00	4.18e-20	0.00e+00
 2.92088e+17	1.00e+00	4.26e-20	0.00e+00
 2.96675e+17	1.00e+00	4.33e-20	0.00e+00
 3.01015e+17	1.00e+00	4.40e-20	0.00e+00
 3.05109e+17	1.00e+00	4.47e-20	0.00e+00
 3.08961e+17	1.00e+00	4.54e-20	0.00e+00
 3.12582e+17	1.00e+00	4.61e-20	0.00e+00
 3.15984e+17	1.00e+00	4.67e-20	0.00e+00
 3.19178e+17	1.00e+00	4.73e-20	0.00e+00
 3.22178e+17	1.00e+00	4.79e-20	0.00e+00
 3.25001e+17	1.00e+00	4.85e-20	0.00e+00
 3.27662e+17	1.00e+00	4.90e-20	0.00e+00
 3.30170e+17	1.00e+00	4.94e-20	0.00e+00
 3.32534e+17	1.00e+00	4.99e-20	0.00e+00
 3.34760e+17	1.00e+00	5.03e-20	0.00e+00
 3.36858e+17	1.00e+00	5.06e-20	0.00e+00
 3.38837e+17	1.00e+00	5.10e-20	0.00e+00
 3.40708e+17	1.00e+00	5.13e-20	0.00e+00
 3.42476e+17	1.00e+00	5.16e-20	0.00e+00
 3.44147e+17	1.00e+00	5.18e-20	0.00e+00
 3.45728e+17	1.00e+00	5.21e-20	0.00e+00
 3.47223e+17	1.00e+00	5.23e-20	0.00e+00
 3.48638e+17	1.00e+00	5.25e-20	0.00e+00
 3.49979e+17	1.00e+00	5.27e-20	0.00e+00
 3.51251e+17	1.00e+00	5.29e-20	0.00e+00
 3.52457e+17	1.00e+00	5.31e-20	0.00e+00
 3.53602e+17	1.00e+00	5.33e-20	0.00e+00
 3.54688e+17	1.00e+00	5.34e-20	0.00e+00
 3.55720e+17	1.00e+00	5.36e-20	0.00e+00
 3.56701e+17	1.00e+00	5.37e-20	0.00e+00
 3.57634e+17	1.00e+00	5.38e-20	0.00e+00
 3.58522e+17	1.00e+00	5.39e-20	0.00e+00
 3.59368e+17	1.00e+00	5.41e-20	0.00e+00
 3.60174e+17	1.00e+00	5.42e-20	0.00e+00
 3.60943e+17	1.00e+00	5.43e-20	0.00e+00
 3.61676e+17	1.00e+00	5.44e-20	0.00e+00
 3.62377e+17	1.00e+00	5.45e-20	0.00e+00
 3.63047e+17	1.00e+00	5.46e-20	0.00e+00
 3.63688e+17	1.00e+00	5.47e-20	0.00e+00
 3.64302e+17	1.00e+00	5.48e-20	0.00e+00
 3.64891e+17	1.00e+00	5.48e-20	0.00e+00
 3.65457e+17	1.00e+00	5.49e-20	0.00e+00
 3.66001e+17	1.00e+00	5.50e-20	0.00e+00
 3.66524e+17	1.00e+00	5.51e-20	0.00e+00
 3.67030e+17	1.00e+00	5.52e-20	0.00e+00
 3.67518e+17	1.00e+00	5.52e-20	0.00e+00
 3.67990e+17	1.00e+00	5.53e-20	0.00e+00
 3.68448e+17	1.00e+00	5.53e-20	0.00e+00
 3.68894e+17	1.00e+00	5.54e-20	0.00e+00
 3.69329e+17	1.00e+00	5.54e-20	0.00e+00
 3.69754e+17	1.00e+00	5.55e-20	0.00e+00
 3.70171e+17	1.00e+00	5.55e-20	0.00e+00
 3.70582e+17	1.00e+00	5.55e-20	0.00e+00
 3.70988e+17	1.00e+00	5.56e-20	0.00e+00
 3.71391e+17	1.00e+00	5.56e-20	0.00e+00
 3.71793e+17	1.00e+00	5.56e-20	0.00e+00
 3.72197e+17	1.00e+00	5.56e-20	0.00e+00
 3.72605e+17	1.00e+00	5.55e-20	0.00e+00
 3.73019e+17	1.00e+00	5.55e-20	0.00e+00
 3.73444e+17	1.00e+00	5.54e-20	0.00e+00
 3.73884e+17	1.00e+00	5.54e-20	0.00e+00
 3.74344e+17	1.00e+00	5.53e-20	0.00e+00
 3.74830e+17	1.00e+00	5.52e-20	0.00e+00
 3.75350e+17	1.00e+00	5.50e-20	0.00e+00
 3.75915e+17	1.00e+00	5.48e-20	0.00e+00
 3.76540e+17	1.00e+00	5.46e-20	0.00e+00
 3.77245e+17	1.00e+00	5.43e-20	0.00e+00
 3.78056e+17	1.00e+00	5.39e-20	0.00e+00
 3.79013e+17	1.00e+00	5.35e-20	0.00e+00
 3.80173e+17	1.00e+00	5.28e-20	0.00e+00
 3.81623e+17	1.00e+00	5.20e-20	0.00e+00
 3.83488e+17	1.00e+00	5.06e-20	0.00e+00
 3.85913e+17	1.00e+00	4.86e-20	0.00e+00
 3.89065e+17	1.00e+00	4.57e-20	0.00e+00
 3.93163e+17	1.00e+00	4.18e-20	0.00e+00
 3.98490e+17	1.00e+00	3.67e-20	0.00e+00
 4.05415e+17	1.00e+00	3.08e-20	0.00e+00
 4.14418e+17	1.00e+00	2.42e-20	0.00e+00
 4.26122e+17	1.00e+00	1.74e-20	0.00e+00
 4.41336e+17	1.00e+00	1.12e-20	0.00e+00
 4.58935e+17	1.00e+00	6.09e-21	0.00e+00
 4.76646e+17	1.00e+00	4.86e-21	0.00e+00
 4.93761e+17	1.00e+00	4.76e-21	0.00e+00
 5.10439e+17	1.00e+00	4.70e-21	0.00e+00
 5.26747e+17	1.00e+00	4.38e-21	0.00e+00
 5.42351e+17	1.00e+00	4.15e-21	0.00e+00
 5.56790e+17	1.00e+00	4.10e-21	0.00e+00
 5.69878e+17	1.00e+00	4.27e-21	0.00e+00
 5.81613e+17	1.00e+00	4.34e-21	0.00e+00
 5.91979e+17	1.00e+00	4.42e-21	0.00e+00
 6.00957e+17	1.00e+00	4.41e-21	0.00e+00
 6.07824e+17	1.00e+00	4.41e-21	0.00e+00
 6.12007e+17	1.00e+00	4.89e-21	0.00e+00
 6.14240e+17	1.00e+00	5.39e-21	0.00e+00
 6.15502e+17	1.00e+00	5.67e-21	0.00e+00
 6.16259e+17	1.00e+00	5.89e-21	0.00e+00
 6.16752e+17	1.00e+00	6.26e-21	0.00e+00
 6.17159e+17	1.00e+00	6.61e-21	0.00e+00
 6.17585e+17	1.00e+00	6.73e-21	0.00e+00
 6.18029e+17	1.00e+00	6.64e-21	0.00e+00
 6.18433e+17	1.00e+00	6.70e-21	0.00e+00
 6.18800e+17	1.00e+00	6.87e-21	0.00e+00
 6.19151e+17	1.00e+00	6.93e-21	0.00e+00
 6.19483e+17	1.00e+00	7.00e-21	0.00e+00
 6.19796e+17	1.00e+00	7.06e-21	0.00e+00
 6.20090e+17	1.00e+00	7.13e-21	0.00e+00
 6.20350e+17	1.00e+00	7.19e-21	0.00e+00
 6.20588e+17	1.00e+00	7.37e-21	0.00e+00
 6.20833e+17	1.00e+00	7.38e-21	0.00e+00
 6.21081e+17	1.00e+00	7.34e-21	0.00e+00
 6.21307e+17	1.00e+00	7.33e-21	0.00e+00
 6.21503e+17	1.00e+00	7.55e-21	0.00e+00
 6.21698e+17	1.00e+00	7.87e-21	0.00e+00
 6.21896e+17	1.00e+00	7.62e-21	0.00e+00
 6.22083e+17	1.00e+00	7.69e-21	0.00e+00
 6.22257e+17	1.00e+00	8.30e-21	0.00e+00
 6.22427e+17	1.00e+00	8.91e-21	0.00e+00
 6.22595e+17	1.00e+00	9.34e-21	0.00e+00
 6.22761e+17	1.00e+00	8.99e-21	0.00e+00
 6.22919e+17	1.00e+00	1.05e-20	0.00e+00
 6.23074e+17	1.00e+00	1.18e-20	0.00e+00
 6.23227e+17	1.00e+00	1.34e-20	0.00e+00
 6.23377e+17	1.00e+00	1.29e-20	0.00e+00
 6.23525e+17	1.00e+00	1.58e-20	0.00e+00
 6.23665e+17	1.00e+00	1.69e-20	0.00e+00
 6.23812e+17	1.00e+00	3.12e-20	0.00e+00
 6.23960e+17	1.00e+00	1.09e-20	0.00e+00
 6.24098e+17	1.00e+00	2.65e-20	0.00e+00
 6.24239e+17	1.00e+00	2.40e-20	0.00e+00
 6.24383e+17	1.00e+00	2.07e-20	0.00e+00
 6.24529e+17	1.00e+00	1.54e-20	0.00e+00
 6.24672e+17	1.00e+00	1.88e-20	0.00e+00
 6.24814e+17	1.00e+00	1.94e-20	0.00e+00
 6.24960e+17	1.00e+00	1.88e-20	0.00e+00
 6.25108e+17	1.00e+00	1.45e-20	0.00e+00
 6.25257e+17	1.00e+00	1.48e-20	0.00e+00
 6.25404e+17	1.00e+00	1.34e-20	0.00e+00
 6.25560e+17	1.00e+00	1.82e-20	0.00e+00
 6.25726e+17	1.00e+00	8.33e-21	0.00e+00
 6.25885e+17	1.00e+00	9.27e-21	0.00e+00
 6.26037e+17	1.00e+00	1.05e-20	0.00e+00
 6.26201e+17	1.00e+00	1.44e-20	0.00e+00
 6.26389e+17	1.00e+00	7.47e-21	0.00e+00
 6.26576e+17	1.00e+00	6.96e-21	0.00e+00
 6.26752e+17	1.00e+00	7.41e-21	0.00e+00
 6.26924e+17	1.00e+00	7.45e-21	0.00e+00
 6.27099e+17	1.00e+00	8.13e-21	0.00e+00
 6.27292e+17	1.00e+00	7.03e-21	0.00e+00
 6.27488e+17	1.00e+00	6.67e-21	0.00e+00
 6.27686e+17	1.00e+00	6.72e-21	0.00e+00
 6.27892e+17	1.00e+00	6.52e-21	0.00e+00
 6.28100e+17	1.00e+00	6.43e-21	0.00e+00
 6.28305e+17	1.00e+00	6.36e-21	0.00e+00
 6.28517e+17	1.00e+00	6.37e-21	0.00e+00
 6.28745e+17	1.00e+00	6.19e-21	0.00e+00
 6.28980e+17	1.00e+00	6.07e-21	0.00e+00
 6.29210e+17	1.00e+00	5.98e-21	0.00e+00
 6.29443e+17	1.00e+00	5.96e-21	0.00e+00
 6.29691e+17	1.00e+00	5.84e-21	0.00e+00
 6.29948e+17	1.00e+00	5.72e-21	0.00e+00
 6.30202e+17	1.00e+00	5.63e-21	0.00e+00
 6.30470e+17	1.00e+00	5.58e-21	0.00e+00
 6.30751e+17	1.00e+00	5.40e-21	0.00e+00
 6.31023e+17	1.00e+00	5.34e-21	0.00e+00
 6.31293e+17	1.00e+00	5.29e-21	0.00e+00
 6.31587e+17	1.00e+00	5.21e-21	0.00e+00
 6.31900e+17	1.00e+00	4.99e-21	0.00e+00
 6.32203e+17	1.00e+00	4.91e-21	0.00e+00
 6.32504e+17	1.00e+00	4.86e-21	0.00e+00
 6.32826e+17	1.00e+00	4.76e-21	0.00e+00
 6.33165e+17	1.00e+00	4.58e-21	0.00e+00
 6.33501e+17	1.00e+00	4.48e-21	0.00e+00
 6.33832e+17	1.00e+00	4.40e-21	0.00e+00
 6.34174e+17	1.00e+00	4.33e-21	0.00e+00
 6.34535e+17	1.00e+00	4.17e-21	0.00e+00
 6.34902e+17	1.00e+00	4.04e-21	0.00e+00
 6.35269e+17	1.00e+00	3.94e-21	0.00e+00
 6.35646e+17	1.00e+00	3.85e-21	0.00e+00
 6.36036e+17	1.00e+00	3.71e-21	0.00e+00
 6.36434e+17	1.00e+00	3.59e-21	0.00e+00
 6.36836e+17	1.00e+00	3.47e-21	0.00e+00
 6.37242e+17	1.00e+00	3.37e-21	0.00e+00
 6.37655e+17	1.00e+00	3.26e-21	0.00e+00
 6.38079e+17	1.00e+00	3.14e-21	0.00e+00
 6.38508e+17	1.00e+00	3.02e-21	0.00e+00
 6.38940e+17	1.00e+00	2.93e-21	0.00e+00
 6.39384e+17	1.00e+00	2.81e-21	0.00e+00
 6.39843e+17	1.00e+00	2.69e-21	0.00e+00
 6.40318e+17	1.00e+00	2.55e-21	0.00e+00
 6.40800e+17	1.00e+00	2.43e-21	0.00e+00
 6.41283e+17	1.00e+00	2.33e-21	0.00e+00
 6.41775e+17	1.00e+00	2.24e-21	0.00e+00
 6.42282e+17	1.00e+00	2.12e-21	0.00e+00
 6.42803e+17	1.00e+00	2.00e-21	0.00e+00
 6.43333e+17	1.00e+00	1.90e-21	0.00e+00
 6.43887e+17	1.00e+00	1.79e-21	0.00e+00
 6.44463e+17	1.00e+00	1.66e-21	0.00e+00
 6.45042e+17	1.00e+00	1.56e-21	0.00e+00
 6.45624e+17	1.00e+00	1.48e-21	0.00e+00
 6.46227e+17	1.00e+00	1.39e-21	0.00e+00
 6.46858e+17	1.00e+00	1.28e-21	0.00e+00
 6.47495e+17	1.00e+00	1.18e-21	0.00e+00
 6.48092e+17	1.00e+00	1.11e-21	0.00e+00
 6.48623e+17	1.00e+00	1.10e-21	0.00e+00
 6.49106e+17	1.00e+00	1.11e-21	0.00e+00
 6.49564e+17	1.00e+00	1.11e-21	0.00e+00
 6.50006e+17	1.00e+00	1.09e-21	0.00e+00
 6.50431e+17	1.00e+00	1.07e-21	0.00e+00
 6.50835e+17	1.00e+00	1.06e-21	0.00e+00
 6.51219e+17	1.00e+00	1.06e-21	0.00e+00
 6.51588e+17	1.00e+00	1.05e-21	0.00e+00
 6.51942e+17	1.00e+00	1.05e-21	0.00e+00
 6.52282e+17	1.00e+00	1.05e-21	0.00e+00
 6.52609e+17	1.00e+00	1.05e-21	0.00e+00
 6.52923e+17	1.00e+00	1.05e-21	0.00e+00
 6.53223e+17	1.00e+00	1.06e-21	0.00e+00
 6.53511e+17	1.00e+00	1.06e-21	0.00e+00
 6.53790e+17	1.00e+00	1.06e-21	0.00e+00
 6.54057e+17	1.00e+00	1.07e-21	0.00e+00
 6.54313e+17	1.00e+00	1.08e-21	0.00e+00
 6.54560e+17	1.00e+00	1.09e-21	0.00e+00
 6.54799e+17	1.00e+00	1.09e-21	0.00e+00
 6.55029e+17	1.00e+00	1.09e-21	0.00e+00
 6.55252e+17	1.00e+00	1.10e-21	0.00e+00
 6.55468e+17	1.00e+00	1.11e-21	0.00e+00
 6.55676e+17	1.00e+00	1.11e-21	0.00e+00
 6.55879e+17	1.00e+00	1.12e-21	0.00e+00
 6.56077e+17	1.00e+00	1.12e-21	0.00e+00
 6.56268e+17	1.00e+00	1.13e-21	0.00e+00
 6.56455e+17	1.00e+00	1.13e-21	0.00e+00
 6.56638e+17	1.00e+00	1.13e-21	0.00e+00
 6.56817e+17	1.00e+00	1.13e-21	0.00e+00
 6.56993e+17	1.00e+00	1.13e-21	0.00e+00
 6.57164e+17	1.00e+00	1.13e-21	0.00e+00
 6.57333e+17	1.00e+00	1.14e-21	0.00e+00
 6.57526e+17	1.00e+00	1.13e-21	0.00e+00
 6.57776e+17	1.00e+00	1.02e-21	0.00e+00
 6.58101e+17	1.00e+00	8.41e-22	0.00e+00
 6.58524e+17	1.00e+00	6.49e-22	0.00e+00
 6.59074e+17	1.00e+00	4.68e-22	0.00e+00
 6.59757e+17	1.00e+00	3.22e-22	0.00e+00
 6.60482e+17	1.00e+00	2.41e-22	0.00e+00
 6.61140e+17	1.00e+00	2.37e-22	0.00e+00
 6.61721e+17	1.00e+00	2.71e-22	0.00e+00
 6.62267e+17	1.00e+00	3.01e-22	0.00e+00
 6.62818e+17	1.00e+00	3.01e-22	0.00e+00
 6.63385e+17	1.00e+00	2.77e-22	0.00e+00
