#depth	He	He+	He+2
 1.49634e+10	3.81e-23	3.12e-12	1.00e+00
 4.54887e+10	4.25e-23	3.37e-12	1.00e+00
 7.72350e+10	4.74e-23	3.65e-12	1.00e+00
 1.10251e+11	5.28e-23	3.96e-12	1.00e+00
 1.44588e+11	5.90e-23	4.28e-12	1.00e+00
 1.76437e+11	6.52e-23	4.60e-12	1.00e+00
 2.04138e+11	7.09e-23	4.89e-12	1.00e+00
 2.34861e+11	7.76e-23	5.22e-12	1.00e+00
 2.72233e+11	8.66e-23	5.63e-12	1.00e+00
 3.10000e+11	9.65e-23	6.07e-12	1.00e+00
 3.44176e+11	1.06e-22	6.47e-12	1.00e+00
 3.81937e+11	1.17e-22	6.95e-12	1.00e+00
 4.26309e+11	1.32e-22	7.52e-12	1.00e+00
 4.69944e+11	1.48e-22	8.11e-12	1.00e+00
 5.10466e+11	1.65e-22	8.68e-12	1.00e+00
 5.55953e+11	1.84e-22	9.34e-12	1.00e+00
 6.08118e+11	2.09e-22	1.01e-11	1.00e+00
 6.59520e+11	2.37e-22	1.10e-11	1.00e+00
 7.12979e+11	2.67e-22	1.18e-11	1.00e+00
 7.71425e+11	3.05e-22	1.29e-11	1.00e+00
 8.30902e+11	3.48e-22	1.39e-11	1.00e+00
 8.90193e+11	3.94e-22	1.51e-11	1.00e+00
 9.53162e+11	4.49e-22	1.63e-11	1.00e+00
 1.02122e+12	5.15e-22	1.77e-11	1.00e+00
 1.09024e+12	5.90e-22	1.93e-11	1.00e+00
 1.16202e+12	6.76e-22	2.09e-11	1.00e+00
 1.23843e+12	7.78e-22	2.28e-11	1.00e+00
 1.31078e+12	8.87e-22	2.46e-11	1.00e+00
 1.37626e+12	9.94e-22	2.63e-11	1.00e+00
 1.45004e+12	1.12e-21	2.83e-11	1.00e+00
 1.53152e+12	1.29e-21	3.07e-11	1.00e+00
 1.60736e+12	1.46e-21	3.30e-11	1.00e+00
 1.69033e+12	1.65e-21	3.56e-11	1.00e+00
 1.78693e+12	1.92e-21	3.88e-11	1.00e+00
 1.88166e+12	2.21e-21	4.21e-11	1.00e+00
 1.97089e+12	2.50e-21	4.53e-11	1.00e+00
 2.07036e+12	2.87e-21	4.92e-11	1.00e+00
 2.18310e+12	3.34e-21	5.37e-11	1.00e+00
 2.29691e+12	3.87e-21	5.86e-11	1.00e+00
 2.41527e+12	4.48e-21	6.39e-11	1.00e+00
 2.54180e+12	5.22e-21	6.99e-11	1.00e+00
 2.67340e+12	6.09e-21	7.65e-11	1.00e+00
 2.81026e+12	7.10e-21	8.38e-11	1.00e+00
 2.93782e+12	8.16e-21	9.10e-11	1.00e+00
 3.05015e+12	9.16e-21	9.76e-11	1.00e+00
 3.17559e+12	1.04e-20	1.05e-10	1.00e+00
 3.32639e+12	1.20e-20	1.15e-10	1.00e+00
 3.47913e+12	1.39e-20	1.26e-10	1.00e+00
 3.62141e+12	1.58e-20	1.36e-10	1.00e+00
 3.77961e+12	1.82e-20	1.48e-10	1.00e+00
 3.96072e+12	2.12e-20	1.63e-10	1.00e+00
 4.13833e+12	2.45e-20	1.78e-10	1.00e+00
 4.30863e+12	2.79e-20	1.93e-10	1.00e+00
 4.46969e+12	3.15e-20	2.09e-10	1.00e+00
 4.62136e+12	3.52e-20	2.24e-10	1.00e+00
 4.79533e+12	3.96e-20	2.42e-10	1.00e+00
 4.99198e+12	4.53e-20	2.64e-10	1.00e+00
 5.18014e+12	5.12e-20	2.86e-10	1.00e+00
 5.38678e+12	5.81e-20	3.11e-10	1.00e+00
 5.61535e+12	6.67e-20	3.41e-10	1.00e+00
 5.82749e+12	7.54e-20	3.70e-10	1.00e+00
 6.05831e+12	8.54e-20	4.04e-10	1.00e+00
 6.31750e+12	9.79e-20	4.44e-10	1.00e+00
 6.56355e+12	1.11e-19	4.85e-10	1.00e+00
 6.82945e+12	1.26e-19	5.31e-10	1.00e+00
 7.12512e+12	1.44e-19	5.86e-10	1.00e+00
 7.40854e+12	1.63e-19	6.42e-10	1.00e+00
 7.71075e+12	1.84e-19	7.06e-10	1.00e+00
 8.03620e+12	2.09e-19	7.79e-10	1.00e+00
 8.34557e+12	2.35e-19	8.53e-10	1.00e+00
 8.68020e+12	2.65e-19	9.38e-10	1.00e+00
 9.05734e+12	3.01e-19	1.04e-09	1.00e+00
 9.43006e+12	3.40e-19	1.15e-09	1.00e+00
 9.81213e+12	3.81e-19	1.27e-09	1.00e+00
 1.01796e+13	4.25e-19	1.39e-09	1.00e+00
 1.04946e+13	4.64e-19	1.50e-09	1.00e+00
 1.08378e+13	5.09e-19	1.62e-09	1.00e+00
 1.12127e+13	5.62e-19	1.76e-09	1.00e+00
 1.15532e+13	6.13e-19	1.90e-09	1.00e+00
 1.19202e+13	6.73e-19	2.05e-09	1.00e+00
 1.23852e+13	7.54e-19	2.25e-09	1.00e+00
 1.28527e+13	8.45e-19	2.47e-09	1.00e+00
 1.32430e+13	9.27e-19	2.66e-09	1.00e+00
 1.36577e+13	1.02e-18	2.87e-09	1.00e+00
 1.41849e+13	1.16e-18	3.15e-09	1.00e+00
 1.47400e+13	1.31e-18	3.46e-09	1.00e+00
 1.52386e+13	1.47e-18	3.75e-09	1.00e+00
 1.57823e+13	1.66e-18	4.07e-09	1.00e+00
 1.64263e+13	1.92e-18	4.48e-09	1.00e+00
 1.70629e+13	2.20e-18	4.91e-09	1.00e+00
 1.76485e+13	2.50e-18	5.32e-09	1.00e+00
 1.83058e+13	2.87e-18	5.79e-09	1.00e+00
 1.90659e+13	3.36e-18	6.38e-09	1.00e+00
 1.98116e+13	3.90e-18	6.97e-09	1.00e+00
 2.04576e+13	4.43e-18	7.51e-09	1.00e+00
 2.10033e+13	4.93e-18	7.98e-09	1.00e+00
 2.15941e+13	5.51e-18	8.50e-09	1.00e+00
 2.23621e+13	6.35e-18	9.22e-09	1.00e+00
 2.31634e+13	7.34e-18	9.99e-09	1.00e+00
 2.38438e+13	8.27e-18	1.07e-08	1.00e+00
 2.45642e+13	9.34e-18	1.14e-08	1.00e+00
 2.54858e+13	1.09e-17	1.24e-08	1.00e+00
 2.64406e+13	1.27e-17	1.35e-08	1.00e+00
 2.72670e+13	1.45e-17	1.45e-08	1.00e+00
 2.81549e+13	1.66e-17	1.55e-08	1.00e+00
 2.92449e+13	1.95e-17	1.69e-08	1.00e+00
 3.03160e+13	2.27e-17	1.84e-08	1.00e+00
 3.12235e+13	2.58e-17	1.96e-08	1.00e+00
 3.22002e+13	2.93e-17	2.10e-08	1.00e+00
 3.34222e+13	3.45e-17	2.28e-08	1.00e+00
 3.46704e+13	4.04e-17	2.48e-08	1.00e+00
 3.57618e+13	4.60e-17	2.65e-08	1.00e+00
 3.69418e+13	5.29e-17	2.85e-08	1.00e+00
 3.83760e+13	6.24e-17	3.10e-08	1.00e+00
 3.98135e+13	7.29e-17	3.36e-08	1.00e+00
 4.11090e+13	8.38e-17	3.61e-08	1.00e+00
 4.25469e+13	9.71e-17	3.89e-08	1.00e+00
 4.42418e+13	1.15e-16	4.24e-08	1.00e+00
 4.59227e+13	1.35e-16	4.60e-08	1.00e+00
 4.75031e+13	1.56e-16	4.95e-08	1.00e+00
 4.92653e+13	1.82e-16	5.36e-08	1.00e+00
 5.12659e+13	2.16e-16	5.85e-08	1.00e+00
 5.32634e+13	2.54e-16	6.35e-08	1.00e+00
 5.53409e+13	2.99e-16	6.89e-08	1.00e+00
 5.74024e+13	3.49e-16	7.45e-08	1.00e+00
 5.92523e+13	3.99e-16	7.97e-08	1.00e+00
 6.09354e+13	4.49e-16	8.46e-08	1.00e+00
 6.27635e+13	5.08e-16	9.01e-08	1.00e+00
 6.50876e+13	5.90e-16	9.72e-08	1.00e+00
 6.74351e+13	6.87e-16	1.05e-07	1.00e+00
 6.93837e+13	7.71e-16	1.11e-07	1.00e+00
 7.14352e+13	8.69e-16	1.18e-07	1.00e+00
 7.40615e+13	1.01e-15	1.27e-07	1.00e+00
 7.68167e+13	1.17e-15	1.37e-07	1.00e+00
 7.92088e+13	1.33e-15	1.46e-07	1.00e+00
 8.17476e+13	1.51e-15	1.56e-07	1.00e+00
 8.48611e+13	1.75e-15	1.68e-07	1.00e+00
 8.80092e+13	2.03e-15	1.82e-07	1.00e+00
 9.07938e+13	2.30e-15	1.93e-07	1.00e+00
 9.38185e+13	2.62e-15	2.06e-07	1.00e+00
 9.74537e+13	3.04e-15	2.23e-07	1.00e+00
 1.01119e+14	3.52e-15	2.40e-07	1.00e+00
 1.04479e+14	4.00e-15	2.56e-07	1.00e+00
 1.08205e+14	4.58e-15	2.74e-07	1.00e+00
 1.12533e+14	5.35e-15	2.97e-07	1.00e+00
 1.16791e+14	6.17e-15	3.19e-07	1.00e+00
 1.21220e+14	7.12e-15	3.43e-07	1.00e+00
 1.26098e+14	8.29e-15	3.71e-07	1.00e+00
 1.31026e+14	9.61e-15	4.00e-07	1.00e+00
 1.36151e+14	1.11e-14	4.31e-07	1.00e+00
 1.41627e+14	1.29e-14	4.66e-07	1.00e+00
 1.46847e+14	1.49e-14	5.01e-07	1.00e+00
 1.51194e+14	1.66e-14	5.30e-07	1.00e+00
 1.55605e+14	1.85e-14	5.61e-07	1.00e+00
 1.61275e+14	2.12e-14	6.01e-07	1.00e+00
 1.67160e+14	2.43e-14	6.45e-07	1.00e+00
 1.72174e+14	2.72e-14	6.83e-07	1.00e+00
 1.77477e+14	3.05e-14	7.25e-07	1.00e+00
 1.84099e+14	3.50e-14	7.79e-07	1.00e+00
 1.90972e+14	4.02e-14	8.38e-07	1.00e+00
 1.97176e+14	4.54e-14	8.92e-07	1.00e+00
 2.03972e+14	5.15e-14	9.54e-07	1.00e+00
 2.11984e+14	5.96e-14	1.03e-06	1.00e+00
 2.19605e+14	6.82e-14	1.11e-06	1.00e+00
 2.26202e+14	7.62e-14	1.17e-06	1.00e+00
 2.33441e+14	8.58e-14	1.25e-06	1.00e+00
 2.42299e+14	9.88e-14	1.35e-06	1.00e+00
 2.51236e+14	1.13e-13	1.45e-06	1.00e+00
 2.59200e+14	1.27e-13	1.55e-06	1.00e+00
 2.67922e+14	1.44e-13	1.65e-06	1.00e+00
 2.78323e+14	1.66e-13	1.78e-06	1.00e+00
 2.88601e+14	1.90e-13	1.92e-06	1.00e+00
 2.97898e+14	2.14e-13	2.05e-06	1.00e+00
 3.08226e+14	2.43e-13	2.19e-06	1.00e+00
 3.20360e+14	2.80e-13	2.37e-06	1.00e+00
 3.32311e+14	3.21e-13	2.56e-06	1.00e+00
 3.43460e+14	3.63e-13	2.74e-06	1.00e+00
 3.55948e+14	4.13e-13	2.94e-06	1.00e+00
 3.70216e+14	4.78e-13	3.19e-06	1.00e+00
 3.84291e+14	5.46e-13	3.44e-06	1.00e+00
 3.97153e+14	6.15e-13	3.68e-06	1.00e+00
 4.11092e+14	6.96e-13	3.95e-06	1.00e+00
 4.26822e+14	7.95e-13	4.26e-06	1.00e+00
 4.41885e+14	9.01e-13	4.57e-06	1.00e+00
 4.54844e+14	9.97e-13	4.86e-06	1.00e+00
 4.66237e+14	1.09e-12	5.11e-06	1.00e+00
 4.79222e+14	1.20e-12	5.41e-06	1.00e+00
 4.96102e+14	1.36e-12	5.80e-06	1.00e+00
 5.13747e+14	1.54e-12	6.24e-06	1.00e+00
 5.28695e+14	1.69e-12	6.61e-06	1.00e+00
 5.44438e+14	1.87e-12	7.02e-06	1.00e+00
 5.64419e+14	2.12e-12	7.56e-06	1.00e+00
 5.85174e+14	2.40e-12	8.14e-06	1.00e+00
 6.03437e+14	2.67e-12	8.67e-06	1.00e+00
 6.23195e+14	2.98e-12	9.26e-06	1.00e+00
 6.47064e+14	3.39e-12	1.00e-05	1.00e+00
 6.70725e+14	3.83e-12	1.08e-05	1.00e+00
 6.91745e+14	4.25e-12	1.15e-05	1.00e+00
 7.14887e+14	4.76e-12	1.23e-05	1.00e+00
 7.42542e+14	5.41e-12	1.33e-05	1.00e+00
 7.69966e+14	6.10e-12	1.43e-05	1.00e+00
 7.94950e+14	6.82e-12	1.53e-05	1.00e+00
 8.22861e+14	7.65e-12	1.65e-05	1.00e+00
 8.55424e+14	8.74e-12	1.79e-05	1.00e+00
 8.87376e+14	9.87e-12	1.93e-05	1.00e+00
 9.17417e+14	1.11e-11	2.07e-05	1.00e+00
 9.50955e+14	1.25e-11	2.23e-05	1.00e+00
 9.89023e+14	1.43e-11	2.43e-05	1.00e+00
 1.02092e+15	1.59e-11	2.59e-05	1.00e+00
 1.04388e+15	1.72e-11	2.72e-05	1.00e+00
 1.06796e+15	1.86e-11	2.86e-05	1.00e+00
 1.09925e+15	2.07e-11	3.05e-05	1.00e+00
 1.13384e+15	2.31e-11	3.26e-05	1.00e+00
 1.16593e+15	2.53e-11	3.46e-05	1.00e+00
 1.20085e+15	2.83e-11	3.70e-05	1.00e+00
 1.23985e+15	3.16e-11	3.96e-05	1.00e+00
 1.27685e+15	3.53e-11	4.23e-05	1.00e+00
 1.31767e+15	3.94e-11	4.53e-05	1.00e+00
 1.36319e+15	4.49e-11	4.90e-05	1.00e+00
 1.40594e+15	5.00e-11	5.24e-05	1.00e+00
 1.45261e+15	5.68e-11	5.64e-05	1.00e+00
 1.50507e+15	6.50e-11	6.12e-05	1.00e+00
 1.55470e+15	7.33e-11	6.58e-05	1.00e+00
 1.60884e+15	8.38e-11	7.12e-05	1.00e+00
 1.66881e+15	9.54e-11	7.72e-05	1.00e+00
 1.72442e+15	1.09e-10	8.33e-05	1.00e+00
 1.78480e+15	1.25e-10	9.01e-05	1.00e+00
 1.85234e+15	1.44e-10	9.80e-05	1.00e+00
 1.91579e+15	1.64e-10	1.06e-04	1.00e+00
 1.98476e+15	1.89e-10	1.15e-04	1.00e+00
 2.06191e+15	2.21e-10	1.25e-04	1.00e+00
 2.13475e+15	2.52e-10	1.36e-04	1.00e+00
 2.21277e+15	2.93e-10	1.47e-04	1.00e+00
 2.30131e+15	3.41e-10	1.61e-04	1.00e+00
 2.37495e+15	3.89e-10	1.73e-04	1.00e+00
 2.42684e+15	4.25e-10	1.82e-04	1.00e+00
 2.48062e+15	4.64e-10	1.91e-04	1.00e+00
 2.55053e+15	5.14e-10	2.04e-04	1.00e+00
 2.62884e+15	5.89e-10	2.18e-04	1.00e+00
 2.70252e+15	6.51e-10	2.32e-04	1.00e+00
 2.78275e+15	7.45e-10	2.49e-04	1.00e+00
 2.87195e+15	8.43e-10	2.67e-04	1.00e+00
 2.95603e+15	9.42e-10	2.85e-04	1.00e+00
 3.04856e+15	1.08e-09	3.06e-04	1.00e+00
 3.15186e+15	1.22e-09	3.29e-04	1.00e+00
 3.25013e+15	1.41e-09	3.53e-04	1.00e+00
 3.35884e+15	1.59e-09	3.80e-04	1.00e+00
 3.48148e+15	1.88e-09	4.13e-04	1.00e+00
 3.59839e+15	2.13e-09	4.44e-04	1.00e+00
 3.72653e+15	2.49e-09	4.81e-04	1.00e+00
 3.86801e+15	2.87e-09	5.23e-04	9.99e-01
 3.99902e+15	3.31e-09	5.64e-04	9.99e-01
 4.14155e+15	3.83e-09	6.10e-04	9.99e-01
 4.30144e+15	4.59e-09	6.65e-04	9.99e-01
 4.45296e+15	5.27e-09	7.18e-04	9.99e-01
 4.61565e+15	6.06e-09	7.78e-04	9.99e-01
 4.79634e+15	7.11e-09	8.48e-04	9.99e-01
 4.94459e+15	8.27e-09	9.08e-04	9.99e-01
 5.05141e+15	9.05e-09	9.53e-04	9.99e-01
 5.16351e+15	9.94e-09	1.00e-03	9.99e-01
 5.30924e+15	1.10e-08	1.06e-03	9.99e-01
 5.47191e+15	1.27e-08	1.14e-03	9.99e-01
 5.62357e+15	1.41e-08	1.21e-03	9.99e-01
 5.78768e+15	1.62e-08	1.29e-03	9.99e-01
 5.97093e+15	1.84e-08	1.39e-03	9.99e-01
 6.14360e+15	2.05e-08	1.48e-03	9.99e-01
 6.33261e+15	2.33e-08	1.58e-03	9.98e-01
 6.54413e+15	2.73e-08	1.70e-03	9.98e-01
 6.74308e+15	3.08e-08	1.82e-03	9.98e-01
 6.95990e+15	3.49e-08	1.96e-03	9.98e-01
 7.19994e+15	4.12e-08	2.11e-03	9.98e-01
 7.42256e+15	4.68e-08	2.27e-03	9.98e-01
 7.66437e+15	5.35e-08	2.44e-03	9.98e-01
 7.93037e+15	6.11e-08	2.64e-03	9.97e-01
 8.17840e+15	7.14e-08	2.83e-03	9.97e-01
 8.41555e+15	8.07e-08	3.03e-03	9.97e-01
 8.68793e+15	9.23e-08	3.26e-03	9.97e-01
 8.98478e+15	1.06e-07	3.53e-03	9.96e-01
 9.25450e+15	1.23e-07	3.79e-03	9.96e-01
 9.50583e+15	1.38e-07	4.05e-03	9.96e-01
 9.79219e+15	1.57e-07	4.35e-03	9.96e-01
 1.00804e+16	1.77e-07	4.67e-03	9.95e-01
 1.03216e+16	1.97e-07	4.96e-03	9.95e-01
 1.05858e+16	2.22e-07	5.29e-03	9.95e-01
 1.08746e+16	2.51e-07	5.67e-03	9.94e-01
 1.11423e+16	2.81e-07	6.05e-03	9.94e-01
 1.14374e+16	3.26e-07	6.50e-03	9.93e-01
 1.17416e+16	3.66e-07	6.98e-03	9.93e-01
 1.20114e+16	4.06e-07	7.43e-03	9.93e-01
 1.23161e+16	4.70e-07	8.01e-03	9.92e-01
 1.26388e+16	5.30e-07	8.63e-03	9.91e-01
 1.29241e+16	5.91e-07	9.24e-03	9.91e-01
 1.32341e+16	6.70e-07	9.97e-03	9.90e-01
 1.35734e+16	7.89e-07	1.08e-02	9.89e-01
 1.38769e+16	8.91e-07	1.17e-02	9.88e-01
 1.41557e+16	1.00e-06	1.26e-02	9.87e-01
 1.44762e+16	1.15e-06	1.37e-02	9.86e-01
 1.48123e+16	1.34e-06	1.49e-02	9.85e-01
 1.50917e+16	1.51e-06	1.61e-02	9.84e-01
 1.53404e+16	1.70e-06	1.73e-02	9.83e-01
 1.56262e+16	1.93e-06	1.88e-02	9.81e-01
 1.59332e+16	2.27e-06	2.07e-02	9.79e-01
 1.61954e+16	2.56e-06	2.25e-02	9.78e-01
 1.64277e+16	2.86e-06	2.43e-02	9.76e-01
 1.66933e+16	3.39e-06	2.68e-02	9.73e-01
 1.69674e+16	3.86e-06	2.96e-02	9.70e-01
 1.72014e+16	4.56e-06	3.25e-02	9.68e-01
 1.74092e+16	5.19e-06	3.54e-02	9.65e-01
 1.76033e+16	5.87e-06	3.85e-02	9.61e-01
 1.78249e+16	6.75e-06	4.27e-02	9.57e-01
 1.80650e+16	8.02e-06	4.81e-02	9.52e-01
 1.82705e+16	9.45e-06	5.36e-02	9.46e-01
 1.84398e+16	1.11e-05	5.91e-02	9.41e-01
 1.85923e+16	1.26e-05	6.48e-02	9.35e-01
 1.87626e+16	1.47e-05	7.23e-02	9.28e-01
 1.89463e+16	1.82e-05	8.21e-02	9.18e-01
 1.90956e+16	2.13e-05	9.16e-02	9.08e-01
 1.92156e+16	2.44e-05	1.01e-01	8.99e-01
 1.93493e+16	2.80e-05	1.13e-01	8.87e-01
 1.94999e+16	3.38e-05	1.29e-01	8.71e-01
 1.96301e+16	4.05e-05	1.46e-01	8.54e-01
 1.97274e+16	4.73e-05	1.61e-01	8.39e-01
 1.98030e+16	5.25e-05	1.74e-01	8.26e-01
 1.98800e+16	5.99e-05	1.89e-01	8.11e-01
 1.99539e+16	6.65e-05	2.05e-01	7.95e-01
 2.00236e+16	7.47e-05	2.23e-01	7.77e-01
 2.00968e+16	8.55e-05	2.43e-01	7.57e-01
 2.01526e+16	9.29e-05	2.59e-01	7.41e-01
 2.02033e+16	1.02e-04	2.76e-01	7.24e-01
 2.02692e+16	1.16e-04	3.00e-01	7.00e-01
 2.03332e+16	1.29e-04	3.24e-01	6.75e-01
 2.03837e+16	1.41e-04	3.46e-01	6.54e-01
 2.04382e+16	1.56e-04	3.71e-01	6.29e-01
 2.04994e+16	1.75e-04	4.00e-01	6.00e-01
 2.05527e+16	1.92e-04	4.26e-01	5.74e-01
 2.06053e+16	2.12e-04	4.55e-01	5.45e-01
 2.06737e+16	2.39e-04	4.92e-01	5.07e-01
 2.07433e+16	2.68e-04	5.31e-01	4.69e-01
 2.08008e+16	2.94e-04	5.64e-01	4.36e-01
 2.08620e+16	3.25e-04	5.99e-01	4.00e-01
 2.09415e+16	3.65e-04	6.44e-01	3.55e-01
 2.10240e+16	4.07e-04	6.87e-01	3.12e-01
 2.10946e+16	4.44e-04	7.22e-01	2.77e-01
 2.11708e+16	4.84e-04	7.57e-01	2.42e-01
 2.12699e+16	5.37e-04	7.98e-01	2.01e-01
 2.13784e+16	5.91e-04	8.35e-01	1.65e-01
 2.14826e+16	6.40e-04	8.64e-01	1.36e-01
 2.16016e+16	6.95e-04	8.91e-01	1.08e-01
 2.17562e+16	7.62e-04	9.18e-01	8.13e-02
 2.18889e+16	8.15e-04	9.34e-01	6.54e-02
 2.19633e+16	8.46e-04	9.41e-01	5.81e-02
 2.20302e+16	8.74e-04	9.47e-01	5.18e-02
 2.21172e+16	9.10e-04	9.54e-01	4.49e-02
 2.22304e+16	9.60e-04	9.62e-01	3.74e-02
 2.23480e+16	1.01e-03	9.67e-01	3.15e-02
 2.24450e+16	1.06e-03	9.72e-01	2.74e-02
 2.25301e+16	1.10e-03	9.75e-01	2.44e-02
 2.26263e+16	1.15e-03	9.78e-01	2.12e-02
 2.27256e+16	1.20e-03	9.80e-01	1.87e-02
 2.28046e+16	1.25e-03	9.82e-01	1.69e-02
 2.28719e+16	1.29e-03	9.83e-01	1.56e-02
 2.29480e+16	1.35e-03	9.85e-01	1.41e-02
 2.30328e+16	1.41e-03	9.86e-01	1.27e-02
 2.31093e+16	1.47e-03	9.87e-01	1.16e-02
 2.31759e+16	1.53e-03	9.88e-01	1.08e-02
 2.32491e+16	1.60e-03	9.89e-01	9.87e-03
 2.33283e+16	1.68e-03	9.89e-01	9.05e-03
 2.33966e+16	1.76e-03	9.90e-01	8.39e-03
 2.34556e+16	1.83e-03	9.90e-01	7.88e-03
 2.35210e+16	1.91e-03	9.91e-01	7.32e-03
 2.35928e+16	2.01e-03	9.91e-01	6.79e-03
 2.36556e+16	2.11e-03	9.92e-01	6.37e-03
 2.37090e+16	2.21e-03	9.92e-01	6.03e-03
 2.37674e+16	2.31e-03	9.92e-01	5.67e-03
 2.38319e+16	2.44e-03	9.92e-01	5.31e-03
 2.38895e+16	2.57e-03	9.92e-01	5.02e-03
 2.39393e+16	2.69e-03	9.93e-01	4.78e-03
 2.39939e+16	2.84e-03	9.93e-01	4.53e-03
 2.40537e+16	3.01e-03	9.93e-01	4.28e-03
 2.41065e+16	3.19e-03	9.93e-01	4.07e-03
 2.41523e+16	3.35e-03	9.93e-01	3.90e-03
 2.42028e+16	3.55e-03	9.93e-01	3.71e-03
 2.42588e+16	3.80e-03	9.93e-01	3.52e-03
 2.43094e+16	4.06e-03	9.93e-01	3.36e-03
 2.43542e+16	4.31e-03	9.92e-01	3.23e-03
 2.44040e+16	4.62e-03	9.92e-01	3.08e-03
 2.44592e+16	5.01e-03	9.92e-01	2.93e-03
 2.45101e+16	5.44e-03	9.92e-01	2.80e-03
 2.45565e+16	5.89e-03	9.91e-01	2.69e-03
 2.46088e+16	6.46e-03	9.91e-01	2.56e-03
 2.46641e+16	7.18e-03	9.90e-01	2.45e-03
 2.47095e+16	7.91e-03	9.90e-01	2.36e-03
 2.47447e+16	8.56e-03	9.89e-01	2.30e-03
 2.47804e+16	9.32e-03	9.88e-01	2.23e-03
 2.48197e+16	1.03e-02	9.88e-01	2.16e-03
 2.48541e+16	1.13e-02	9.87e-01	2.10e-03
 2.48824e+16	1.23e-02	9.86e-01	2.06e-03
 2.49125e+16	1.35e-02	9.85e-01	2.01e-03
 2.49456e+16	1.50e-02	9.83e-01	1.97e-03
 2.49743e+16	1.67e-02	9.81e-01	1.93e-03
 2.49979e+16	1.82e-02	9.80e-01	1.91e-03
 2.50228e+16	2.01e-02	9.78e-01	1.88e-03
 2.50503e+16	2.26e-02	9.76e-01	1.85e-03
 2.50747e+16	2.53e-02	9.73e-01	1.83e-03
 2.50952e+16	2.79e-02	9.70e-01	1.83e-03
 2.51172e+16	3.12e-02	9.67e-01	1.81e-03
 2.51408e+16	3.54e-02	9.63e-01	1.81e-03
 2.51612e+16	3.99e-02	9.58e-01	1.81e-03
 2.51782e+16	4.42e-02	9.54e-01	1.82e-03
 2.51964e+16	4.97e-02	9.49e-01	1.83e-03
 2.52157e+16	5.63e-02	9.42e-01	1.86e-03
 2.52322e+16	6.32e-02	9.35e-01	1.88e-03
 2.52464e+16	7.00e-02	9.28e-01	1.91e-03
 2.52601e+16	7.78e-02	9.20e-01	1.93e-03
 2.52740e+16	8.63e-02	9.12e-01	1.97e-03
 2.52867e+16	9.56e-02	9.02e-01	2.01e-03
 2.52979e+16	1.05e-01	8.93e-01	2.04e-03
 2.53083e+16	1.14e-01	8.84e-01	2.08e-03
 2.53183e+16	1.24e-01	8.74e-01	2.12e-03
 2.53262e+16	1.33e-01	8.65e-01	2.15e-03
 2.53313e+16	1.39e-01	8.59e-01	2.18e-03
 2.53358e+16	1.45e-01	8.53e-01	2.19e-03
 2.53411e+16	1.52e-01	8.46e-01	2.22e-03
 2.53470e+16	1.60e-01	8.38e-01	2.25e-03
 2.53527e+16	1.68e-01	8.29e-01	2.27e-03
 2.53579e+16	1.76e-01	8.21e-01	2.30e-03
 2.53631e+16	1.85e-01	8.13e-01	2.32e-03
 2.53683e+16	1.94e-01	8.04e-01	2.35e-03
 2.53735e+16	2.03e-01	7.94e-01	2.38e-03
 2.53787e+16	2.14e-01	7.84e-01	2.40e-03
 2.53837e+16	2.24e-01	7.74e-01	2.43e-03
 2.53887e+16	2.34e-01	7.64e-01	2.46e-03
 2.53937e+16	2.45e-01	7.52e-01	2.48e-03
 2.53986e+16	2.57e-01	7.41e-01	2.51e-03
 2.54035e+16	2.69e-01	7.29e-01	2.53e-03
 2.54083e+16	2.81e-01	7.17e-01	2.56e-03
 2.54131e+16	2.94e-01	7.04e-01	2.59e-03
 2.54179e+16	3.07e-01	6.90e-01	2.61e-03
 2.54225e+16	3.21e-01	6.77e-01	2.63e-03
 2.54271e+16	3.34e-01	6.63e-01	2.65e-03
 2.54317e+16	3.49e-01	6.49e-01	2.67e-03
 2.54362e+16	3.63e-01	6.35e-01	2.69e-03
 2.54407e+16	3.78e-01	6.19e-01	2.70e-03
 2.54451e+16	3.93e-01	6.05e-01	2.72e-03
 2.54495e+16	4.08e-01	5.89e-01	2.73e-03
 2.54539e+16	4.24e-01	5.73e-01	2.73e-03
 2.54582e+16	4.40e-01	5.58e-01	2.74e-03
 2.54624e+16	4.55e-01	5.42e-01	2.75e-03
 2.54666e+16	4.71e-01	5.26e-01	2.75e-03
 2.54708e+16	4.87e-01	5.10e-01	2.75e-03
 2.54748e+16	5.03e-01	4.94e-01	2.75e-03
 2.54788e+16	5.19e-01	4.79e-01	2.75e-03
 2.54827e+16	5.34e-01	4.63e-01	2.74e-03
 2.54866e+16	5.50e-01	4.48e-01	2.73e-03
 2.54903e+16	5.65e-01	4.33e-01	2.72e-03
 2.54941e+16	5.80e-01	4.18e-01	2.70e-03
 2.54977e+16	5.94e-01	4.03e-01	2.68e-03
 2.55014e+16	6.09e-01	3.88e-01	2.66e-03
 2.55050e+16	6.23e-01	3.74e-01	2.64e-03
 2.55085e+16	6.37e-01	3.60e-01	2.61e-03
 2.55120e+16	6.50e-01	3.47e-01	2.58e-03
 2.55155e+16	6.64e-01	3.34e-01	2.55e-03
 2.55189e+16	6.77e-01	3.21e-01	2.52e-03
 2.55223e+16	6.89e-01	3.08e-01	2.48e-03
 2.55257e+16	7.01e-01	2.96e-01	2.45e-03
 2.55292e+16	7.13e-01	2.84e-01	2.41e-03
 2.55326e+16	7.25e-01	2.72e-01	2.36e-03
 2.55360e+16	7.37e-01	2.61e-01	2.32e-03
 2.55394e+16	7.48e-01	2.50e-01	2.28e-03
 2.55428e+16	7.58e-01	2.39e-01	2.23e-03
 2.55462e+16	7.69e-01	2.29e-01	2.18e-03
 2.55497e+16	7.79e-01	2.19e-01	2.13e-03
 2.55527e+16	7.88e-01	2.10e-01	2.08e-03
 2.55549e+16	7.94e-01	2.04e-01	2.05e-03
 2.55571e+16	8.00e-01	1.98e-01	2.01e-03
 2.55593e+16	8.06e-01	1.92e-01	1.97e-03
 2.55616e+16	8.11e-01	1.87e-01	1.94e-03
 2.55638e+16	8.17e-01	1.81e-01	1.90e-03
 2.55660e+16	8.22e-01	1.76e-01	1.87e-03
 2.55681e+16	8.27e-01	1.71e-01	1.83e-03
 2.55702e+16	8.32e-01	1.66e-01	1.80e-03
 2.55723e+16	8.36e-01	1.62e-01	1.77e-03
 2.55743e+16	8.40e-01	1.58e-01	1.73e-03
 2.55764e+16	8.45e-01	1.54e-01	1.70e-03
 2.55784e+16	8.49e-01	1.50e-01	1.67e-03
 2.55805e+16	8.52e-01	1.46e-01	1.64e-03
 2.55825e+16	8.56e-01	1.42e-01	1.61e-03
 2.55845e+16	8.60e-01	1.39e-01	1.58e-03
 2.55866e+16	8.63e-01	1.35e-01	1.55e-03
 2.55886e+16	8.66e-01	1.32e-01	1.52e-03
 2.55907e+16	8.70e-01	1.29e-01	1.49e-03
 2.55929e+16	8.73e-01	1.26e-01	1.46e-03
 2.55951e+16	8.76e-01	1.23e-01	1.43e-03
 2.55973e+16	8.79e-01	1.20e-01	1.41e-03
 2.55996e+16	8.82e-01	1.17e-01	1.37e-03
 2.56020e+16	8.85e-01	1.14e-01	1.35e-03
 2.56045e+16	8.88e-01	1.11e-01	1.32e-03
 2.56072e+16	8.91e-01	1.08e-01	1.29e-03
 2.56101e+16	8.94e-01	1.05e-01	1.26e-03
 2.56133e+16	8.97e-01	1.02e-01	1.22e-03
 2.56169e+16	9.00e-01	9.86e-02	1.19e-03
 2.56210e+16	9.04e-01	9.53e-02	1.15e-03
 2.56259e+16	9.07e-01	9.18e-02	1.12e-03
 2.56316e+16	9.11e-01	8.82e-02	1.07e-03
 2.56380e+16	9.14e-01	8.48e-02	1.03e-03
 2.56448e+16	9.17e-01	8.17e-02	9.95e-04
 2.56521e+16	9.20e-01	7.88e-02	9.57e-04
 2.56604e+16	9.23e-01	7.62e-02	9.22e-04
 2.56688e+16	9.25e-01	7.40e-02	8.93e-04
 2.56764e+16	9.27e-01	7.24e-02	8.69e-04
 2.56848e+16	9.28e-01	7.08e-02	8.44e-04
 2.56957e+16	9.30e-01	6.92e-02	8.19e-04
 2.57074e+16	9.31e-01	6.79e-02	7.98e-04
 2.57203e+16	9.33e-01	6.66e-02	7.74e-04
 2.57370e+16	9.34e-01	6.52e-02	7.49e-04
 2.57551e+16	9.35e-01	6.41e-02	7.26e-04
 2.57749e+16	9.36e-01	6.29e-02	7.02e-04
 2.57962e+16	9.37e-01	6.18e-02	6.78e-04
 2.58157e+16	9.38e-01	6.09e-02	6.57e-04
 2.58370e+16	9.39e-01	5.99e-02	6.35e-04
 2.58600e+16	9.41e-01	5.89e-02	6.13e-04
 2.58810e+16	9.42e-01	5.79e-02	5.93e-04
 2.59000e+16	9.42e-01	5.71e-02	5.75e-04
 2.59209e+16	9.43e-01	5.61e-02	5.56e-04
 2.59434e+16	9.44e-01	5.52e-02	5.37e-04
 2.59639e+16	9.45e-01	5.43e-02	5.20e-04
 2.59826e+16	9.46e-01	5.36e-02	5.04e-04
 2.60031e+16	9.47e-01	5.27e-02	4.87e-04
 2.60251e+16	9.48e-01	5.18e-02	4.71e-04
 2.60452e+16	9.49e-01	5.10e-02	4.56e-04
 2.60635e+16	9.49e-01	5.03e-02	4.42e-04
 2.60802e+16	9.50e-01	4.96e-02	4.31e-04
 2.60984e+16	9.51e-01	4.89e-02	4.17e-04
 2.61181e+16	9.51e-01	4.81e-02	4.04e-04
 2.61360e+16	9.52e-01	4.74e-02	3.93e-04
 2.61523e+16	9.53e-01	4.68e-02	3.81e-04
 2.61701e+16	9.54e-01	4.61e-02	3.70e-04
 2.61894e+16	9.54e-01	4.53e-02	3.58e-04
 2.62070e+16	9.55e-01	4.47e-02	3.48e-04
 2.62229e+16	9.56e-01	4.41e-02	3.38e-04
 2.62404e+16	9.56e-01	4.34e-02	3.28e-04
 2.62593e+16	9.57e-01	4.28e-02	3.18e-04
 2.62765e+16	9.58e-01	4.22e-02	3.09e-04
 2.62922e+16	9.58e-01	4.16e-02	3.00e-04
 2.63093e+16	9.59e-01	4.10e-02	2.91e-04
 2.63278e+16	9.59e-01	4.04e-02	2.82e-04
 2.63447e+16	9.60e-01	3.98e-02	2.74e-04
 2.63600e+16	9.60e-01	3.93e-02	2.67e-04
 2.63768e+16	9.61e-01	3.87e-02	2.59e-04
 2.63949e+16	9.62e-01	3.81e-02	2.52e-04
 2.64114e+16	9.62e-01	3.76e-02	2.45e-04
 2.64264e+16	9.63e-01	3.72e-02	2.39e-04
 2.64429e+16	9.63e-01	3.66e-02	2.32e-04
 2.64606e+16	9.64e-01	3.61e-02	2.25e-04
 2.64768e+16	9.64e-01	3.56e-02	2.19e-04
 2.64915e+16	9.65e-01	3.52e-02	2.14e-04
 2.65076e+16	9.65e-01	3.47e-02	2.08e-04
 2.65250e+16	9.66e-01	3.42e-02	2.02e-04
 2.65409e+16	9.66e-01	3.38e-02	1.97e-04
 2.65582e+16	9.67e-01	3.33e-02	1.91e-04
 2.65769e+16	9.67e-01	3.28e-02	1.86e-04
 2.65940e+16	9.67e-01	3.23e-02	1.81e-04
 2.66127e+16	9.68e-01	3.18e-02	1.75e-04
 2.66328e+16	9.69e-01	3.13e-02	1.70e-04
 2.66512e+16	9.69e-01	3.09e-02	1.65e-04
 2.66713e+16	9.69e-01	3.04e-02	1.60e-04
 2.66930e+16	9.70e-01	2.99e-02	1.54e-04
 2.67127e+16	9.70e-01	2.94e-02	1.50e-04
 2.67307e+16	9.71e-01	2.90e-02	1.46e-04
 2.67504e+16	9.71e-01	2.86e-02	1.41e-04
 2.67717e+16	9.72e-01	2.81e-02	1.37e-04
 2.67910e+16	9.72e-01	2.77e-02	1.33e-04
 2.68122e+16	9.73e-01	2.72e-02	1.29e-04
 2.68351e+16	9.73e-01	2.68e-02	1.24e-04
 2.68560e+16	9.74e-01	2.64e-02	1.21e-04
 2.68749e+16	9.74e-01	2.60e-02	1.17e-04
 2.68957e+16	9.74e-01	2.56e-02	1.14e-04
 2.69181e+16	9.75e-01	2.52e-02	1.10e-04
 2.69385e+16	9.75e-01	2.48e-02	1.07e-04
 2.69609e+16	9.76e-01	2.44e-02	1.03e-04
 2.69850e+16	9.76e-01	2.40e-02	9.99e-05
 2.70070e+16	9.76e-01	2.36e-02	9.69e-05
 2.70311e+16	9.77e-01	2.32e-02	9.35e-05
 2.70571e+16	9.77e-01	2.28e-02	9.02e-05
 2.70807e+16	9.78e-01	2.24e-02	8.74e-05
 2.71022e+16	9.78e-01	2.21e-02	8.48e-05
 2.71258e+16	9.78e-01	2.17e-02	8.20e-05
 2.71513e+16	9.79e-01	2.13e-02	7.93e-05
 2.71745e+16	9.79e-01	2.10e-02	7.69e-05
 2.71999e+16	9.79e-01	2.06e-02	7.42e-05
 2.72273e+16	9.80e-01	2.03e-02	7.16e-05
 2.72522e+16	9.80e-01	1.99e-02	6.93e-05
 2.72795e+16	9.80e-01	1.95e-02	6.68e-05
 2.73090e+16	9.81e-01	1.92e-02	6.43e-05
 2.73359e+16	9.81e-01	1.88e-02	6.21e-05
 2.73653e+16	9.81e-01	1.85e-02	5.97e-05
 2.73971e+16	9.82e-01	1.81e-02	5.74e-05
 2.74260e+16	9.82e-01	1.78e-02	5.54e-05
 2.74523e+16	9.82e-01	1.75e-02	5.36e-05
 2.74811e+16	9.83e-01	1.72e-02	5.17e-05
 2.75122e+16	9.83e-01	1.68e-02	4.97e-05
 2.75406e+16	9.83e-01	1.65e-02	4.81e-05
 2.75716e+16	9.84e-01	1.62e-02	4.62e-05
 2.76051e+16	9.84e-01	1.59e-02	4.44e-05
 2.76356e+16	9.84e-01	1.56e-02	4.29e-05
 2.76690e+16	9.85e-01	1.53e-02	4.12e-05
 2.77051e+16	9.85e-01	1.50e-02	3.95e-05
 2.77379e+16	9.85e-01	1.47e-02	3.80e-05
 2.77738e+16	9.86e-01	1.44e-02	3.64e-05
 2.78127e+16	9.86e-01	1.41e-02	3.49e-05
 2.78480e+16	9.86e-01	1.38e-02	3.36e-05
 2.78867e+16	9.86e-01	1.35e-02	3.21e-05
 2.79285e+16	9.87e-01	1.32e-02	3.06e-05
 2.79665e+16	9.87e-01	1.29e-02	2.94e-05
 2.80082e+16	9.87e-01	1.26e-02	2.80e-05
 2.80532e+16	9.88e-01	1.23e-02	2.67e-05
 2.80942e+16	9.88e-01	1.20e-02	2.56e-05
 2.81390e+16	9.88e-01	1.17e-02	2.44e-05
 2.81875e+16	9.89e-01	1.14e-02	2.32e-05
 2.82315e+16	9.89e-01	1.12e-02	2.22e-05
 2.82717e+16	9.89e-01	1.09e-02	2.13e-05
 2.83156e+16	9.89e-01	1.07e-02	2.03e-05
 2.83631e+16	9.90e-01	1.04e-02	1.94e-05
 2.84063e+16	9.90e-01	1.02e-02	1.86e-05
 2.84536e+16	9.90e-01	9.96e-03	1.77e-05
 2.85047e+16	9.90e-01	9.71e-03	1.68e-05
 2.85511e+16	9.90e-01	9.49e-03	1.61e-05
 2.86021e+16	9.91e-01	9.25e-03	1.53e-05
 2.86571e+16	9.91e-01	9.01e-03	1.45e-05
 2.87071e+16	9.91e-01	8.80e-03	1.39e-05
 2.87620e+16	9.91e-01	8.56e-03	1.31e-05
 2.88212e+16	9.92e-01	8.33e-03	1.24e-05
 2.88750e+16	9.92e-01	8.13e-03	1.18e-05
 2.89341e+16	9.92e-01	7.90e-03	1.12e-05
 2.89978e+16	9.92e-01	7.67e-03	1.06e-05
 2.90558e+16	9.93e-01	7.48e-03	1.01e-05
 2.91193e+16	9.93e-01	7.26e-03	9.47e-06
 2.92020e+16	9.93e-01	6.98e-03	8.78e-06
 2.92977e+16	9.93e-01	6.69e-03	8.07e-06
 2.93966e+16	9.94e-01	6.40e-03	7.41e-06
 2.94986e+16	9.94e-01	6.13e-03	6.79e-06
 2.96048e+16	9.94e-01	5.86e-03	6.21e-06
 2.97151e+16	9.94e-01	5.59e-03	5.67e-06
 2.98295e+16	9.95e-01	5.33e-03	5.16e-06
 2.99475e+16	9.95e-01	5.08e-03	4.69e-06
 3.00681e+16	9.95e-01	4.84e-03	4.27e-06
 3.01905e+16	9.95e-01	4.61e-03	3.87e-06
 3.03151e+16	9.96e-01	4.39e-03	3.52e-06
 3.04422e+16	9.96e-01	4.18e-03	3.19e-06
 3.05718e+16	9.96e-01	3.98e-03	2.89e-06
 3.07037e+16	9.96e-01	3.79e-03	2.62e-06
 3.08380e+16	9.96e-01	3.60e-03	2.37e-06
 3.09747e+16	9.97e-01	3.42e-03	2.15e-06
 3.11140e+16	9.97e-01	3.25e-03	1.94e-06
 3.12536e+16	9.97e-01	3.09e-03	1.76e-06
 3.13953e+16	9.97e-01	2.94e-03	1.59e-06
 3.15426e+16	9.97e-01	2.79e-03	1.43e-06
 3.16933e+16	9.97e-01	2.65e-03	1.29e-06
 3.18460e+16	9.97e-01	2.51e-03	1.16e-06
 3.20013e+16	9.98e-01	2.38e-03	1.04e-06
 3.21597e+16	9.98e-01	2.25e-03	9.38e-07
 3.23213e+16	9.98e-01	2.13e-03	8.42e-07
 3.24860e+16	9.98e-01	2.02e-03	7.54e-07
 3.26539e+16	9.98e-01	1.91e-03	6.75e-07
 3.28251e+16	9.98e-01	1.80e-03	6.04e-07
 3.29998e+16	9.98e-01	1.70e-03	5.39e-07
 3.31783e+16	9.98e-01	1.61e-03	4.80e-07
 3.33604e+16	9.98e-01	1.52e-03	4.27e-07
 3.35464e+16	9.99e-01	1.43e-03	3.80e-07
 3.37364e+16	9.99e-01	1.35e-03	3.37e-07
 3.39307e+16	9.99e-01	1.27e-03	2.98e-07
 3.41294e+16	9.99e-01	1.19e-03	2.64e-07
 3.43327e+16	9.99e-01	1.12e-03	2.32e-07
 3.45409e+16	9.99e-01	1.05e-03	2.05e-07
 3.47542e+16	9.99e-01	9.82e-04	1.80e-07
 3.49730e+16	9.99e-01	9.18e-04	1.57e-07
 3.51974e+16	9.99e-01	8.58e-04	1.37e-07
 3.54278e+16	9.99e-01	8.01e-04	1.20e-07
 3.56650e+16	9.99e-01	7.47e-04	1.04e-07
 3.59054e+16	9.99e-01	6.96e-04	9.03e-08
 3.61507e+16	9.99e-01	6.48e-04	7.82e-08
 3.64082e+16	9.99e-01	6.00e-04	6.72e-08
 3.66779e+16	9.99e-01	5.55e-04	5.74e-08
 3.69566e+16	9.99e-01	5.12e-04	4.89e-08
 3.72445e+16	1.00e+00	4.72e-04	4.14e-08
 3.75436e+16	1.00e+00	4.33e-04	3.49e-08
 3.78556e+16	1.00e+00	3.96e-04	2.92e-08
 3.81817e+16	1.00e+00	3.61e-04	2.42e-08
 3.85234e+16	1.00e+00	3.28e-04	2.00e-08
 3.88834e+16	1.00e+00	2.97e-04	1.63e-08
 3.92635e+16	1.00e+00	2.67e-04	1.32e-08
 3.96678e+16	1.00e+00	2.39e-04	1.05e-08
 4.00965e+16	1.00e+00	2.12e-04	8.27e-09
 4.05560e+16	1.00e+00	1.87e-04	6.40e-09
 4.10556e+16	1.00e+00	1.63e-04	4.86e-09
 4.15980e+16	1.00e+00	1.40e-04	3.61e-09
 4.21928e+16	1.00e+00	1.19e-04	2.60e-09
 4.28556e+16	1.00e+00	9.97e-05	1.81e-09
 4.36275e+16	1.00e+00	8.10e-05	1.19e-09
 4.44870e+16	1.00e+00	6.46e-05	7.57e-10
 4.53924e+16	1.00e+00	5.09e-05	4.70e-10
 4.63390e+16	1.00e+00	3.98e-05	2.88e-10
 4.72971e+16	1.00e+00	3.11e-05	1.76e-10
 4.82560e+16	1.00e+00	2.44e-05	1.09e-10
 4.92230e+16	1.00e+00	1.91e-05	6.72e-11
 5.02101e+16	1.00e+00	1.49e-05	4.13e-11
 5.12173e+16	1.00e+00	1.17e-05	2.54e-11
 5.22453e+16	1.00e+00	9.12e-06	1.56e-11
 5.33006e+16	1.00e+00	7.10e-06	9.50e-12
 5.43803e+16	1.00e+00	5.53e-06	5.79e-12
 5.54894e+16	1.00e+00	4.30e-06	3.52e-12
 5.66382e+16	1.00e+00	3.32e-06	2.12e-12
 5.78296e+16	1.00e+00	2.56e-06	1.27e-12
 5.90650e+16	1.00e+00	1.97e-06	7.50e-13
 6.03486e+16	1.00e+00	1.50e-06	4.41e-13
 6.16869e+16	1.00e+00	1.14e-06	2.56e-13
 6.30884e+16	1.00e+00	8.63e-07	1.47e-13
 6.45634e+16	1.00e+00	6.47e-07	8.28e-14
 6.61037e+16	1.00e+00	4.83e-07	4.63e-14
 6.76698e+16	1.00e+00	3.62e-07	2.61e-14
 6.93397e+16	1.00e+00	2.67e-07	1.42e-14
 7.12380e+16	1.00e+00	1.90e-07	7.28e-15
 7.32979e+16	1.00e+00	1.34e-07	3.62e-15
 7.55051e+16	1.00e+00	9.28e-08	1.74e-15
 7.78861e+16	1.00e+00	6.34e-08	8.15e-16
 8.03435e+16	1.00e+00	4.34e-08	3.83e-16
 8.28138e+16	1.00e+00	3.00e-08	1.84e-16
 8.53455e+16	1.00e+00	2.08e-08	8.81e-17
 8.79875e+16	1.00e+00	1.43e-08	4.19e-17
 9.07104e+16	1.00e+00	9.87e-09	2.00e-17
 9.34927e+16	1.00e+00	6.83e-09	9.59e-18
 9.63187e+16	1.00e+00	4.75e-09	4.65e-18
 9.91607e+16	1.00e+00	3.34e-09	2.29e-18
 1.02003e+17	1.00e+00	2.36e-09	1.15e-18
 1.04845e+17	1.00e+00	1.69e-09	5.88e-19
 1.07687e+17	1.00e+00	1.22e-09	3.06e-19
 1.10529e+17	1.00e+00	8.83e-10	1.61e-19
 1.13508e+17	1.00e+00	6.35e-10	8.35e-20
 1.16630e+17	1.00e+00	4.54e-10	4.28e-20
 1.19760e+17	1.00e+00	3.27e-10	2.23e-20
 1.22889e+17	1.00e+00	2.38e-10	1.18e-20
 1.26008e+17	1.00e+00	1.75e-10	6.34e-21
 1.29094e+17	1.00e+00	1.29e-10	0.00e+00
 1.32130e+17	1.00e+00	9.71e-11	0.00e+00
 1.35104e+17	1.00e+00	7.38e-11	0.00e+00
 1.38005e+17	1.00e+00	5.69e-11	0.00e+00
 1.40823e+17	1.00e+00	4.45e-11	0.00e+00
 1.43548e+17	1.00e+00	3.53e-11	0.00e+00
 1.46173e+17	1.00e+00	2.84e-11	0.00e+00
 1.48693e+17	1.00e+00	2.32e-11	0.00e+00
 1.51106e+17	1.00e+00	1.92e-11	0.00e+00
 1.53409e+17	1.00e+00	1.62e-11	0.00e+00
 1.55603e+17	1.00e+00	1.38e-11	0.00e+00
 1.57690e+17	1.00e+00	1.19e-11	0.00e+00
 1.59675e+17	1.00e+00	1.04e-11	0.00e+00
 1.61558e+17	1.00e+00	9.22e-12	0.00e+00
 1.63344e+17	1.00e+00	8.25e-12	0.00e+00
 1.65037e+17	1.00e+00	7.46e-12	0.00e+00
 1.66639e+17	1.00e+00	6.81e-12	0.00e+00
 1.68158e+17	1.00e+00	6.27e-12	0.00e+00
 1.69597e+17	1.00e+00	5.82e-12	0.00e+00
 1.70960e+17	1.00e+00	5.44e-12	0.00e+00
 1.72251e+17	1.00e+00	5.12e-12	0.00e+00
 1.73474e+17	1.00e+00	4.84e-12	0.00e+00
 1.74632e+17	1.00e+00	4.60e-12	0.00e+00
 1.75730e+17	1.00e+00	4.39e-12	0.00e+00
 1.76771e+17	1.00e+00	4.21e-12	0.00e+00
 1.77757e+17	1.00e+00	4.06e-12	0.00e+00
 1.78692e+17	1.00e+00	3.92e-12	0.00e+00
 1.79580e+17	1.00e+00	3.80e-12	0.00e+00
 1.80423e+17	1.00e+00	3.70e-12	0.00e+00
 1.81223e+17	1.00e+00	3.60e-12	0.00e+00
 1.81984e+17	1.00e+00	3.52e-12	0.00e+00
 1.82706e+17	1.00e+00	3.44e-12	0.00e+00
 1.83393e+17	1.00e+00	3.38e-12	0.00e+00
 1.84046e+17	1.00e+00	3.32e-12	0.00e+00
 1.84668e+17	1.00e+00	3.26e-12	0.00e+00
 1.85260e+17	1.00e+00	3.21e-12	0.00e+00
 1.85824e+17	1.00e+00	3.17e-12	0.00e+00
 1.86361e+17	1.00e+00	3.13e-12	0.00e+00
 1.86874e+17	1.00e+00	3.09e-12	0.00e+00
 1.87364e+17	1.00e+00	3.05e-12	0.00e+00
 1.87832e+17	1.00e+00	3.02e-12	0.00e+00
 1.88280e+17	1.00e+00	2.99e-12	0.00e+00
 1.88708e+17	1.00e+00	2.96e-12	0.00e+00
 1.89119e+17	1.00e+00	2.94e-12	0.00e+00
 1.89513e+17	1.00e+00	2.91e-12	0.00e+00
 1.89891e+17	1.00e+00	2.89e-12	0.00e+00
 1.90255e+17	1.00e+00	2.87e-12	0.00e+00
 1.90606e+17	1.00e+00	2.85e-12	0.00e+00
 1.90945e+17	1.00e+00	2.83e-12	0.00e+00
 1.91272e+17	1.00e+00	2.82e-12	0.00e+00
 1.91590e+17	1.00e+00	2.80e-12	0.00e+00
 1.91898e+17	1.00e+00	2.79e-12	0.00e+00
 1.92198e+17	1.00e+00	2.77e-12	0.00e+00
 1.92491e+17	1.00e+00	2.76e-12	0.00e+00
 1.92778e+17	1.00e+00	2.74e-12	0.00e+00
 1.93061e+17	1.00e+00	2.73e-12	0.00e+00
 1.93340e+17	1.00e+00	2.72e-12	0.00e+00
 1.93616e+17	1.00e+00	2.70e-12	0.00e+00
 1.93892e+17	1.00e+00	2.69e-12	0.00e+00
 1.94169e+17	1.00e+00	2.68e-12	0.00e+00
 1.94448e+17	1.00e+00	2.67e-12	0.00e+00
 1.94732e+17	1.00e+00	2.65e-12	0.00e+00
 1.95023e+17	1.00e+00	2.64e-12	0.00e+00
 1.95325e+17	1.00e+00	2.63e-12	0.00e+00
 1.95641e+17	1.00e+00	2.61e-12	0.00e+00
 1.95976e+17	1.00e+00	2.60e-12	0.00e+00
 1.96337e+17	1.00e+00	2.58e-12	0.00e+00
 1.96732e+17	1.00e+00	2.57e-12	0.00e+00
 1.97172e+17	1.00e+00	2.55e-12	0.00e+00
 1.97675e+17	1.00e+00	2.53e-12	0.00e+00
 1.98264e+17	1.00e+00	2.50e-12	0.00e+00
 1.98976e+17	1.00e+00	2.47e-12	0.00e+00
 1.99867e+17	1.00e+00	2.43e-12	0.00e+00
 2.01014e+17	1.00e+00	2.37e-12	0.00e+00
 2.02506e+17	1.00e+00	2.30e-12	0.00e+00
 2.04445e+17	1.00e+00	2.20e-12	0.00e+00
 2.06965e+17	1.00e+00	2.07e-12	0.00e+00
 2.10242e+17	1.00e+00	1.90e-12	0.00e+00
 2.14501e+17	1.00e+00	1.70e-12	0.00e+00
 2.20039e+17	1.00e+00	1.46e-12	0.00e+00
 2.27238e+17	1.00e+00	1.20e-12	0.00e+00
 2.35933e+17	1.00e+00	9.22e-13	0.00e+00
 2.45370e+17	1.00e+00	7.52e-13	0.00e+00
 2.55185e+17	1.00e+00	6.73e-13	0.00e+00
 2.65392e+17	1.00e+00	6.12e-13	0.00e+00
 2.76008e+17	1.00e+00	5.56e-13	0.00e+00
 2.87048e+17	1.00e+00	5.04e-13	0.00e+00
 2.98530e+17	1.00e+00	4.53e-13	0.00e+00
 3.10471e+17	1.00e+00	4.04e-13	0.00e+00
 3.22890e+17	1.00e+00	3.58e-13	0.00e+00
 3.35806e+17	1.00e+00	3.14e-13	0.00e+00
 3.49238e+17	1.00e+00	2.72e-13	0.00e+00
 3.63208e+17	1.00e+00	2.33e-13	0.00e+00
 3.76941e+17	1.00e+00	1.96e-13	0.00e+00
 3.89210e+17	1.00e+00	1.98e-13	0.00e+00
 3.99785e+17	1.00e+00	2.22e-13	0.00e+00
 4.09350e+17	1.00e+00	2.39e-13	0.00e+00
 4.18646e+17	1.00e+00	2.33e-13	0.00e+00
 4.27788e+17	1.00e+00	2.10e-13	0.00e+00
 4.36245e+17	1.00e+00	1.92e-13	0.00e+00
 4.43518e+17	1.00e+00	1.86e-13	0.00e+00
 4.49090e+17	1.00e+00	1.87e-13	0.00e+00
 4.52600e+17	1.00e+00	1.98e-13	0.00e+00
 4.54535e+17	1.00e+00	2.11e-13	0.00e+00
 4.55634e+17	1.00e+00	2.18e-13	0.00e+00
 4.56293e+17	1.00e+00	2.22e-13	0.00e+00
 4.56720e+17	1.00e+00	2.25e-13	0.00e+00
 4.57087e+17	1.00e+00	2.27e-13	0.00e+00
 4.57499e+17	1.00e+00	2.28e-13	0.00e+00
 4.57960e+17	1.00e+00	2.29e-13	0.00e+00
 4.58384e+17	1.00e+00	2.30e-13	0.00e+00
 4.58739e+17	1.00e+00	2.30e-13	0.00e+00
 4.59067e+17	1.00e+00	2.30e-13	0.00e+00
 4.59381e+17	1.00e+00	2.30e-13	0.00e+00
 4.59689e+17	1.00e+00	2.30e-13	0.00e+00
 4.59977e+17	1.00e+00	2.30e-13	0.00e+00
 4.60233e+17	1.00e+00	2.30e-13	0.00e+00
 4.60466e+17	1.00e+00	2.30e-13	0.00e+00
 4.60701e+17	1.00e+00	2.29e-13	0.00e+00
 4.60952e+17	1.00e+00	2.29e-13	0.00e+00
 4.61193e+17	1.00e+00	2.29e-13	0.00e+00
 4.61397e+17	1.00e+00	2.28e-13	0.00e+00
 4.61574e+17	1.00e+00	2.28e-13	0.00e+00
 4.61760e+17	1.00e+00	2.27e-13	0.00e+00
 4.61959e+17	1.00e+00	2.27e-13	0.00e+00
 4.62152e+17	1.00e+00	2.26e-13	0.00e+00
 4.62323e+17	1.00e+00	2.25e-13	0.00e+00
 4.62478e+17	1.00e+00	2.25e-13	0.00e+00
 4.62636e+17	1.00e+00	2.24e-13	0.00e+00
 4.62798e+17	1.00e+00	2.24e-13	0.00e+00
 4.62961e+17	1.00e+00	2.23e-13	0.00e+00
 4.63115e+17	1.00e+00	2.22e-13	0.00e+00
 4.63262e+17	1.00e+00	2.22e-13	0.00e+00
 4.63410e+17	1.00e+00	2.21e-13	0.00e+00
 4.63558e+17	1.00e+00	2.20e-13	0.00e+00
 4.63707e+17	1.00e+00	2.20e-13	0.00e+00
 4.63854e+17	1.00e+00	2.19e-13	0.00e+00
 4.63994e+17	1.00e+00	2.18e-13	0.00e+00
 4.64130e+17	1.00e+00	2.17e-13	0.00e+00
 4.64269e+17	1.00e+00	2.17e-13	0.00e+00
 4.64421e+17	1.00e+00	2.16e-13	0.00e+00
 4.64580e+17	1.00e+00	2.15e-13	0.00e+00
 4.64725e+17	1.00e+00	2.14e-13	0.00e+00
 4.64864e+17	1.00e+00	2.13e-13	0.00e+00
 4.65013e+17	1.00e+00	2.12e-13	0.00e+00
 4.65170e+17	1.00e+00	2.11e-13	0.00e+00
 4.65331e+17	1.00e+00	2.10e-13	0.00e+00
 4.65492e+17	1.00e+00	2.09e-13	0.00e+00
 4.65652e+17	1.00e+00	2.08e-13	0.00e+00
 4.65823e+17	1.00e+00	2.07e-13	0.00e+00
 4.66003e+17	1.00e+00	2.06e-13	0.00e+00
 4.66171e+17	1.00e+00	2.04e-13	0.00e+00
 4.66331e+17	1.00e+00	2.03e-13	0.00e+00
 4.66509e+17	1.00e+00	2.02e-13	0.00e+00
 4.66705e+17	1.00e+00	2.00e-13	0.00e+00
 4.66895e+17	1.00e+00	1.99e-13	0.00e+00
 4.67087e+17	1.00e+00	1.98e-13	0.00e+00
 4.67290e+17	1.00e+00	1.96e-13	0.00e+00
 4.67492e+17	1.00e+00	1.94e-13	0.00e+00
 4.67703e+17	1.00e+00	1.93e-13	0.00e+00
 4.67927e+17	1.00e+00	1.91e-13	0.00e+00
 4.68159e+17	1.00e+00	1.89e-13	0.00e+00
 4.68382e+17	1.00e+00	1.87e-13	0.00e+00
 4.68603e+17	1.00e+00	1.86e-13	0.00e+00
 4.68842e+17	1.00e+00	1.84e-13	0.00e+00
 4.69092e+17	1.00e+00	1.82e-13	0.00e+00
 4.69351e+17	1.00e+00	1.79e-13	0.00e+00
 4.69617e+17	1.00e+00	1.77e-13	0.00e+00
 4.69887e+17	1.00e+00	1.75e-13	0.00e+00
 4.70167e+17	1.00e+00	1.73e-13	0.00e+00
 4.70453e+17	1.00e+00	1.70e-13	0.00e+00
 4.70746e+17	1.00e+00	1.68e-13	0.00e+00
 4.71046e+17	1.00e+00	1.65e-13	0.00e+00
 4.71356e+17	1.00e+00	1.63e-13	0.00e+00
 4.71674e+17	1.00e+00	1.60e-13	0.00e+00
 4.71993e+17	1.00e+00	1.57e-13	0.00e+00
 4.72334e+17	1.00e+00	1.54e-13	0.00e+00
 4.72703e+17	1.00e+00	1.51e-13	0.00e+00
 4.73064e+17	1.00e+00	1.48e-13	0.00e+00
 4.73407e+17	1.00e+00	1.45e-13	0.00e+00
 4.73769e+17	1.00e+00	1.42e-13	0.00e+00
 4.74174e+17	1.00e+00	1.39e-13	0.00e+00
 4.74594e+17	1.00e+00	1.35e-13	0.00e+00
 4.75002e+17	1.00e+00	1.32e-13	0.00e+00
 4.75393e+17	1.00e+00	1.29e-13	0.00e+00
 4.75797e+17	1.00e+00	1.25e-13	0.00e+00
 4.76237e+17	1.00e+00	1.22e-13	0.00e+00
 4.76706e+17	1.00e+00	1.18e-13	0.00e+00
 4.77172e+17	1.00e+00	1.14e-13	0.00e+00
 4.77621e+17	1.00e+00	1.11e-13	0.00e+00
 4.78077e+17	1.00e+00	1.07e-13	0.00e+00
 4.78564e+17	1.00e+00	1.04e-13	0.00e+00
 4.79074e+17	1.00e+00	1.00e-13	0.00e+00
 4.79592e+17	1.00e+00	9.62e-14	0.00e+00
 4.80107e+17	1.00e+00	9.24e-14	0.00e+00
 4.80627e+17	1.00e+00	8.88e-14	0.00e+00
 4.81165e+17	1.00e+00	8.51e-14	0.00e+00
 4.81717e+17	1.00e+00	8.13e-14	0.00e+00
 4.82281e+17	1.00e+00	7.77e-14	0.00e+00
 4.82855e+17	1.00e+00	7.40e-14	0.00e+00
 4.83443e+17	1.00e+00	7.04e-14	0.00e+00
 4.84058e+17	1.00e+00	6.68e-14	0.00e+00
 4.84696e+17	1.00e+00	6.29e-14	0.00e+00
 4.85319e+17	1.00e+00	5.92e-14	0.00e+00
 4.85929e+17	1.00e+00	5.59e-14	0.00e+00
 4.86563e+17	1.00e+00	5.27e-14	0.00e+00
 4.87261e+17	1.00e+00	4.94e-14	0.00e+00
 4.88025e+17	1.00e+00	4.58e-14	0.00e+00
 4.88784e+17	1.00e+00	4.22e-14	0.00e+00
 4.89512e+17	1.00e+00	3.91e-14	0.00e+00
 4.90198e+17	1.00e+00	3.62e-14	0.00e+00
 4.90809e+17	1.00e+00	3.37e-14	0.00e+00
 4.91347e+17	1.00e+00	3.16e-14	0.00e+00
 4.91839e+17	1.00e+00	2.98e-14	0.00e+00
 4.92313e+17	1.00e+00	2.83e-14	0.00e+00
 4.92777e+17	1.00e+00	2.67e-14	0.00e+00
 4.93223e+17	1.00e+00	2.53e-14	0.00e+00
 4.93640e+17	1.00e+00	2.41e-14	0.00e+00
 4.94031e+17	1.00e+00	2.29e-14	0.00e+00
 4.94403e+17	1.00e+00	2.19e-14	0.00e+00
 4.94764e+17	1.00e+00	2.09e-14	0.00e+00
 4.95116e+17	1.00e+00	2.00e-14	0.00e+00
 4.95457e+17	1.00e+00	1.91e-14	0.00e+00
 4.95782e+17	1.00e+00	1.83e-14	0.00e+00
 4.96094e+17	1.00e+00	1.76e-14	0.00e+00
 4.96394e+17	1.00e+00	1.69e-14	0.00e+00
 4.96686e+17	1.00e+00	1.62e-14	0.00e+00
 4.96970e+17	1.00e+00	1.56e-14	0.00e+00
 4.97244e+17	1.00e+00	1.50e-14	0.00e+00
 4.97509e+17	1.00e+00	1.44e-14	0.00e+00
 4.97765e+17	1.00e+00	1.39e-14	0.00e+00
 4.98012e+17	1.00e+00	1.34e-14	0.00e+00
 4.98251e+17	1.00e+00	1.29e-14	0.00e+00
 4.98485e+17	1.00e+00	1.24e-14	0.00e+00
 4.98714e+17	1.00e+00	1.20e-14	0.00e+00
 4.98936e+17	1.00e+00	1.16e-14	0.00e+00
 4.99152e+17	1.00e+00	1.12e-14	0.00e+00
 4.99361e+17	1.00e+00	1.08e-14	0.00e+00
 4.99564e+17	1.00e+00	1.04e-14	0.00e+00
 4.99764e+17	1.00e+00	1.01e-14	0.00e+00
 4.99992e+17	1.00e+00	9.76e-15	0.00e+00
 5.00287e+17	1.00e+00	9.37e-15	0.00e+00
 5.00672e+17	1.00e+00	8.84e-15	0.00e+00
 5.01171e+17	1.00e+00	8.18e-15	0.00e+00
 5.01821e+17	1.00e+00	7.40e-15	0.00e+00
 5.02665e+17	1.00e+00	6.45e-15	0.00e+00
 5.03677e+17	1.00e+00	5.39e-15	0.00e+00
 5.04644e+17	1.00e+00	4.39e-15	0.00e+00
 5.05372e+17	1.00e+00	3.70e-15	0.00e+00
 5.05894e+17	1.00e+00	3.30e-15	0.00e+00
 5.06363e+17	1.00e+00	3.00e-15	0.00e+00
 5.06896e+17	1.00e+00	2.73e-15	0.00e+00
 5.07516e+17	1.00e+00	2.43e-15	0.00e+00
 5.08159e+17	1.00e+00	2.13e-15	0.00e+00
 5.08749e+17	1.00e+00	1.87e-15	0.00e+00
 5.09278e+17	1.00e+00	1.68e-15	0.00e+00
 5.09797e+17	1.00e+00	1.51e-15	0.00e+00
