#depth	C	C+	C+2	C+3	C+4	C+5	C+6	C[1]	C[2]	C[3]	C+[1]	C+[2]	CO
 1.49634e+10	4.74e-47	8.35e-36	1.26e-25	6.46e-16	1.15e-05	9.39e-02	9.06e-01	0.00e+00	0.00e+00	0.00e+00	0.00e+00	0.00e+00	3.89e-146
 4.54887e+10	0.00e+00	1.23e-35	1.71e-25	8.09e-16	1.33e-05	1.01e-01	8.99e-01	0.00e+00	0.00e+00	0.00e+00	0.00e+00	0.00e+00	2.36e-190
 7.72350e+10	1.20e-46	1.81e-35	2.34e-25	1.02e-15	1.55e-05	1.08e-01	8.92e-01	0.00e+00	0.00e+00	0.00e+00	0.00e+00	0.00e+00	4.06e-145
 1.10251e+11	0.00e+00	2.68e-35	3.19e-25	1.29e-15	1.81e-05	1.16e-01	8.84e-01	0.00e+00	0.00e+00	0.00e+00	0.00e+00	0.00e+00	1.30e-189
 1.44588e+11	3.08e-46	3.95e-35	4.35e-25	1.62e-15	2.10e-05	1.25e-01	8.75e-01	0.00e+00	0.00e+00	0.00e+00	0.00e+00	0.00e+00	4.28e-144
 1.76437e+11	0.00e+00	5.60e-35	5.74e-25	1.99e-15	2.41e-05	1.33e-01	8.67e-01	0.00e+00	0.00e+00	0.00e+00	0.00e+00	0.00e+00	7.30e-189
 2.04138e+11	6.68e-46	7.52e-35	7.26e-25	2.37e-15	2.70e-05	1.40e-01	8.60e-01	0.00e+00	0.00e+00	0.00e+00	0.00e+00	0.00e+00	2.99e-143
 2.34861e+11	0.00e+00	1.03e-34	9.36e-25	2.86e-15	3.05e-05	1.48e-01	8.52e-01	0.00e+00	0.00e+00	0.00e+00	0.00e+00	0.00e+00	3.03e-188
 2.72233e+11	1.53e-45	1.50e-34	1.26e-24	3.55e-15	3.52e-05	1.58e-01	8.42e-01	0.00e+00	0.00e+00	0.00e+00	0.00e+00	0.00e+00	2.39e-142
 3.10000e+11	0.00e+00	2.15e-34	1.67e-24	4.39e-15	4.03e-05	1.68e-01	8.32e-01	0.00e+00	0.00e+00	0.00e+00	0.00e+00	0.00e+00	1.34e-187
 3.44176e+11	3.46e-45	2.94e-34	2.15e-24	5.28e-15	4.55e-05	1.77e-01	8.23e-01	0.00e+00	0.00e+00	0.00e+00	0.00e+00	0.00e+00	1.86e-141
 3.81937e+11	0.00e+00	4.14e-34	2.82e-24	6.46e-15	5.19e-05	1.87e-01	8.13e-01	0.00e+00	0.00e+00	0.00e+00	0.00e+00	0.00e+00	5.89e-187
 4.26309e+11	8.27e-45	6.06e-34	3.81e-24	8.07e-15	6.00e-05	2.00e-01	8.00e-01	0.00e+00	0.00e+00	0.00e+00	0.00e+00	0.00e+00	1.67e-140
 4.69944e+11	0.00e+00	8.69e-34	5.07e-24	9.97e-15	6.87e-05	2.12e-01	7.88e-01	0.00e+00	0.00e+00	0.00e+00	0.00e+00	0.00e+00	2.79e-186
 5.10466e+11	1.89e-44	1.20e-33	6.57e-24	1.21e-14	7.77e-05	2.23e-01	7.77e-01	0.00e+00	0.00e+00	0.00e+00	0.00e+00	0.00e+00	1.35e-139
 5.55953e+11	0.00e+00	1.72e-33	8.70e-24	1.48e-14	8.88e-05	2.36e-01	7.64e-01	0.00e+00	0.00e+00	0.00e+00	0.00e+00	0.00e+00	1.23e-185
 6.08118e+11	4.64e-44	2.53e-33	1.18e-23	1.86e-14	1.03e-04	2.51e-01	7.49e-01	0.00e+00	0.00e+00	0.00e+00	0.00e+00	0.00e+00	1.29e-138
 6.59520e+11	0.00e+00	3.65e-33	1.58e-23	2.30e-14	1.18e-04	2.66e-01	7.34e-01	0.00e+00	0.00e+00	0.00e+00	0.00e+00	0.00e+00	5.87e-185
 7.12979e+11	1.14e-43	5.30e-33	2.12e-23	2.86e-14	1.35e-04	2.81e-01	7.19e-01	0.00e+00	0.00e+00	0.00e+00	0.00e+00	0.00e+00	1.24e-137
 7.71425e+11	0.00e+00	7.81e-33	2.89e-23	3.58e-14	1.56e-04	2.98e-01	7.02e-01	0.00e+00	0.00e+00	0.00e+00	0.00e+00	0.00e+00	2.68e-184
 8.30902e+11	2.88e-43	1.14e-32	3.90e-23	4.46e-14	1.80e-04	3.15e-01	6.85e-01	0.00e+00	0.00e+00	0.00e+00	0.00e+00	0.00e+00	1.31e-136
 8.90193e+11	0.00e+00	1.65e-32	5.21e-23	5.50e-14	2.05e-04	3.32e-01	6.68e-01	0.00e+00	0.00e+00	0.00e+00	0.00e+00	0.00e+00	1.24e-183
 9.53162e+11	7.07e-43	2.40e-32	7.00e-23	6.83e-14	2.36e-04	3.50e-01	6.50e-01	0.00e+00	0.00e+00	0.00e+00	0.00e+00	0.00e+00	1.27e-135
 1.02122e+12	0.00e+00	3.54e-32	9.52e-23	8.55e-14	2.71e-04	3.68e-01	6.31e-01	0.00e+00	0.00e+00	0.00e+00	0.00e+00	0.00e+00	4.48e-183
 1.09024e+12	1.80e-42	5.17e-32	1.28e-22	1.06e-13	3.11e-04	3.87e-01	6.12e-01	0.00e+00	0.00e+00	0.00e+00	0.00e+00	0.00e+00	1.35e-134
 1.16202e+12	0.00e+00	7.57e-32	1.73e-22	1.32e-13	3.57e-04	4.07e-01	5.93e-01	0.00e+00	0.00e+00	0.00e+00	0.00e+00	0.00e+00	9.76e-183
 1.23843e+12	4.58e-42	1.12e-31	2.36e-22	1.65e-13	4.10e-04	4.27e-01	5.73e-01	0.00e+00	0.00e+00	0.00e+00	0.00e+00	0.00e+00	1.45e-133
 1.31078e+12	0.00e+00	1.59e-31	3.11e-22	2.02e-13	4.65e-04	4.45e-01	5.54e-01	0.00e+00	0.00e+00	0.00e+00	0.00e+00	0.00e+00	0.00e+00
 1.37626e+12	1.03e-41	2.17e-31	3.98e-22	2.41e-13	5.20e-04	4.62e-01	5.38e-01	0.00e+00	0.00e+00	0.00e+00	0.00e+00	0.00e+00	1.14e-132
 1.45004e+12	0.00e+00	3.06e-31	5.20e-22	2.93e-13	5.87e-04	4.80e-01	5.19e-01	0.00e+00	0.00e+00	0.00e+00	0.00e+00	0.00e+00	0.00e+00
 1.53152e+12	2.42e-41	4.39e-31	6.90e-22	3.59e-13	6.65e-04	5.00e-01	5.00e-01	0.00e+00	0.00e+00	0.00e+00	0.00e+00	0.00e+00	1.00e-131
 1.60736e+12	0.00e+00	6.06e-31	8.90e-22	4.31e-13	7.45e-04	5.17e-01	4.82e-01	0.00e+00	0.00e+00	0.00e+00	0.00e+00	0.00e+00	0.00e+00
 1.69033e+12	5.47e-41	8.57e-31	1.17e-21	5.24e-13	8.40e-04	5.36e-01	4.64e-01	0.00e+00	0.00e+00	0.00e+00	0.00e+00	0.00e+00	8.00e-131
 1.78693e+12	0.00e+00	1.26e-30	1.58e-21	6.50e-13	9.59e-04	5.56e-01	4.43e-01	0.00e+00	0.00e+00	0.00e+00	0.00e+00	0.00e+00	0.00e+00
 1.88166e+12	1.37e-40	1.82e-30	2.10e-21	7.98e-13	1.09e-03	5.76e-01	4.23e-01	0.00e+00	0.00e+00	0.00e+00	0.00e+00	0.00e+00	8.29e-130
 1.97089e+12	0.00e+00	2.53e-30	2.72e-21	9.60e-13	1.21e-03	5.93e-01	4.05e-01	0.00e+00	0.00e+00	0.00e+00	0.00e+00	0.00e+00	0.00e+00
 2.07036e+12	3.18e-40	3.62e-30	3.61e-21	1.17e-12	1.37e-03	6.12e-01	3.87e-01	0.00e+00	0.00e+00	0.00e+00	0.00e+00	0.00e+00	7.13e-129
 2.18310e+12	0.00e+00	5.34e-30	4.88e-21	1.46e-12	1.56e-03	6.32e-01	3.66e-01	0.00e+00	0.00e+00	0.00e+00	0.00e+00	0.00e+00	0.00e+00
 2.29691e+12	8.13e-40	7.79e-30	6.56e-21	1.79e-12	1.77e-03	6.51e-01	3.47e-01	0.00e+00	0.00e+00	0.00e+00	0.00e+00	0.00e+00	7.90e-128
 2.41527e+12	0.00e+00	1.14e-29	8.82e-21	2.21e-12	2.00e-03	6.70e-01	3.28e-01	0.00e+00	0.00e+00	0.00e+00	0.00e+00	0.00e+00	0.00e+00
 2.54180e+12	2.08e-39	1.68e-29	1.19e-20	2.74e-12	2.28e-03	6.89e-01	3.09e-01	0.00e+00	0.00e+00	0.00e+00	0.00e+00	0.00e+00	8.81e-127
 2.67340e+12	0.00e+00	2.48e-29	1.62e-20	3.39e-12	2.58e-03	7.07e-01	2.91e-01	0.00e+00	0.00e+00	0.00e+00	0.00e+00	0.00e+00	0.00e+00
 2.81026e+12	5.42e-39	3.66e-29	2.19e-20	4.20e-12	2.92e-03	7.24e-01	2.73e-01	0.00e+00	0.00e+00	0.00e+00	0.00e+00	0.00e+00	1.02e-125
 2.93782e+12	0.00e+00	5.19e-29	2.87e-20	5.07e-12	3.26e-03	7.40e-01	2.57e-01	0.00e+00	0.00e+00	0.00e+00	0.00e+00	0.00e+00	0.00e+00
 3.05015e+12	1.20e-38	6.98e-29	3.61e-20	5.96e-12	3.58e-03	7.52e-01	2.44e-01	0.00e+00	0.00e+00	0.00e+00	0.00e+00	0.00e+00	7.88e-125
 3.17559e+12	0.00e+00	9.64e-29	4.64e-20	7.11e-12	3.96e-03	7.65e-01	2.31e-01	0.00e+00	0.00e+00	0.00e+00	0.00e+00	0.00e+00	0.00e+00
 3.32639e+12	2.82e-38	1.40e-28	6.19e-20	8.69e-12	4.45e-03	7.80e-01	2.16e-01	0.00e+00	0.00e+00	0.00e+00	0.00e+00	0.00e+00	7.14e-124
 3.47913e+12	0.00e+00	2.01e-28	8.21e-20	1.06e-11	4.97e-03	7.93e-01	2.02e-01	0.00e+00	0.00e+00	0.00e+00	0.00e+00	0.00e+00	0.00e+00
 3.62141e+12	6.60e-38	2.79e-28	1.06e-19	1.26e-11	5.49e-03	8.05e-01	1.90e-01	0.00e+00	0.00e+00	0.00e+00	0.00e+00	0.00e+00	6.41e-123
 3.77961e+12	0.00e+00	3.97e-28	1.39e-19	1.52e-11	6.10e-03	8.16e-01	1.77e-01	0.00e+00	0.00e+00	0.00e+00	0.00e+00	0.00e+00	0.00e+00
 3.96072e+12	1.64e-37	5.84e-28	1.87e-19	1.87e-11	6.85e-03	8.29e-01	1.64e-01	0.00e+00	0.00e+00	0.00e+00	0.00e+00	0.00e+00	6.72e-122
 4.13833e+12	0.00e+00	8.41e-28	2.48e-19	2.27e-11	7.64e-03	8.39e-01	1.53e-01	0.00e+00	0.00e+00	0.00e+00	0.00e+00	0.00e+00	0.00e+00
 4.30863e+12	3.90e-37	1.18e-27	3.22e-19	2.72e-11	8.44e-03	8.49e-01	1.43e-01	0.00e+00	0.00e+00	0.00e+00	0.00e+00	0.00e+00	6.31e-121
 4.46969e+12	0.00e+00	1.60e-27	4.09e-19	3.21e-11	9.23e-03	8.57e-01	1.34e-01	0.00e+00	0.00e+00	0.00e+00	0.00e+00	0.00e+00	0.00e+00
 4.62136e+12	8.10e-37	2.13e-27	5.09e-19	3.73e-11	1.00e-02	8.64e-01	1.26e-01	0.00e+00	0.00e+00	0.00e+00	0.00e+00	0.00e+00	4.17e-120
 4.79533e+12	0.00e+00	2.91e-27	6.48e-19	4.40e-11	1.10e-02	8.71e-01	1.18e-01	0.00e+00	0.00e+00	0.00e+00	0.00e+00	0.00e+00	0.00e+00
 4.99198e+12	1.82e-36	4.10e-27	8.44e-19	5.28e-11	1.21e-02	8.78e-01	1.10e-01	0.00e+00	0.00e+00	0.00e+00	0.00e+00	0.00e+00	3.39e-119
 5.18014e+12	0.00e+00	5.63e-27	1.08e-18	6.24e-11	1.33e-02	8.85e-01	1.02e-01	0.00e+00	0.00e+00	0.00e+00	0.00e+00	0.00e+00	0.00e+00
 5.38678e+12	4.08e-36	7.87e-27	1.40e-18	7.45e-11	1.46e-02	8.91e-01	9.48e-02	0.00e+00	0.00e+00	0.00e+00	0.00e+00	0.00e+00	2.74e-118
 5.61535e+12	0.00e+00	1.13e-26	1.85e-18	9.01e-11	1.61e-02	8.96e-01	8.74e-02	0.00e+00	0.00e+00	0.00e+00	0.00e+00	0.00e+00	0.00e+00
 5.82749e+12	9.47e-36	1.55e-26	2.37e-18	1.07e-10	1.77e-02	9.01e-01	8.12e-02	0.00e+00	0.00e+00	0.00e+00	0.00e+00	0.00e+00	2.42e-117
 6.05831e+12	0.00e+00	2.18e-26	3.07e-18	1.28e-10	1.94e-02	9.06e-01	7.50e-02	0.00e+00	0.00e+00	0.00e+00	0.00e+00	0.00e+00	0.00e+00
 6.31750e+12	2.26e-35	3.14e-26	4.08e-18	1.55e-10	2.15e-02	9.10e-01	6.88e-02	0.00e+00	0.00e+00	0.00e+00	0.00e+00	0.00e+00	2.31e-116
 6.56355e+12	0.00e+00	4.39e-26	5.29e-18	1.85e-10	2.36e-02	9.13e-01	6.35e-02	0.00e+00	0.00e+00	0.00e+00	0.00e+00	0.00e+00	1.12e-99
 6.82945e+12	5.26e-35	6.22e-26	6.93e-18	2.22e-10	2.59e-02	9.16e-01	5.84e-02	0.00e+00	0.00e+00	0.00e+00	0.00e+00	0.00e+00	0.00e+00
 7.12512e+12	8.35e-35	9.04e-26	9.26e-18	2.71e-10	2.87e-02	9.18e-01	5.33e-02	0.00e+00	0.00e+00	0.00e+00	0.00e+00	0.00e+00	6.80e-115
 7.40854e+12	1.28e-34	1.28e-25	1.21e-17	3.25e-10	3.16e-02	9.20e-01	4.89e-02	0.00e+00	0.00e+00	0.00e+00	0.00e+00	0.00e+00	4.93e-97
 7.71075e+12	1.98e-34	1.82e-25	1.59e-17	3.91e-10	3.47e-02	9.21e-01	4.47e-02	0.00e+00	0.00e+00	0.00e+00	0.00e+00	0.00e+00	0.00e+00
 8.03620e+12	3.11e-34	2.62e-25	2.12e-17	4.75e-10	3.84e-02	9.21e-01	4.07e-02	0.00e+00	0.00e+00	0.00e+00	0.00e+00	0.00e+00	2.04e-113
 8.34557e+12	4.70e-34	3.67e-25	2.76e-17	5.68e-10	4.20e-02	9.21e-01	3.73e-02	0.00e+00	0.00e+00	0.00e+00	0.00e+00	0.00e+00	8.34e-96
 8.68020e+12	7.21e-34	5.20e-25	3.62e-17	6.84e-10	4.61e-02	9.20e-01	3.40e-02	0.00e+00	0.00e+00	0.00e+00	0.00e+00	0.00e+00	1.81e-112
 9.05734e+12	1.15e-33	7.59e-25	4.87e-17	8.36e-10	5.10e-02	9.18e-01	3.08e-02	0.00e+00	0.00e+00	0.00e+00	0.00e+00	0.00e+00	5.76e-95
 9.43006e+12	1.78e-33	1.09e-24	6.45e-17	1.01e-09	5.62e-02	9.16e-01	2.79e-02	0.00e+00	0.00e+00	0.00e+00	0.00e+00	0.00e+00	1.89e-111
 9.81213e+12	2.74e-33	1.54e-24	8.49e-17	1.22e-09	6.17e-02	9.13e-01	2.54e-02	0.00e+00	0.00e+00	0.00e+00	0.00e+00	0.00e+00	3.75e-94
 1.01796e+13	4.09e-33	2.13e-24	1.10e-16	1.45e-09	6.72e-02	9.10e-01	2.32e-02	0.00e+00	0.00e+00	0.00e+00	0.00e+00	0.00e+00	1.63e-110
 1.04946e+13	5.67e-33	2.79e-24	1.35e-16	1.68e-09	7.22e-02	9.06e-01	2.15e-02	0.00e+00	0.00e+00	0.00e+00	0.00e+00	0.00e+00	1.78e-93
 1.08378e+13	8.00e-33	3.69e-24	1.69e-16	1.95e-09	7.77e-02	9.02e-01	1.98e-02	0.00e+00	0.00e+00	0.00e+00	0.00e+00	0.00e+00	9.41e-110
 1.12127e+13	1.15e-32	4.97e-24	2.14e-16	2.29e-09	8.40e-02	8.98e-01	1.82e-02	0.00e+00	0.00e+00	0.00e+00	0.00e+00	0.00e+00	8.11e-93
 1.15532e+13	1.58e-32	6.45e-24	2.63e-16	2.64e-09	8.99e-02	8.93e-01	1.68e-02	0.00e+00	0.00e+00	0.00e+00	0.00e+00	0.00e+00	5.57e-109
 1.19202e+13	2.20e-32	8.44e-24	3.25e-16	3.05e-09	9.65e-02	8.88e-01	1.56e-02	0.00e+00	0.00e+00	0.00e+00	0.00e+00	0.00e+00	3.24e-92
 1.23852e+13	3.28e-32	1.17e-23	4.22e-16	3.64e-09	1.05e-01	8.81e-01	1.41e-02	0.00e+00	0.00e+00	0.00e+00	0.00e+00	0.00e+00	3.79e-108
 1.28527e+13	4.82e-32	1.61e-23	5.42e-16	4.32e-09	1.14e-01	8.73e-01	1.28e-02	0.00e+00	0.00e+00	0.00e+00	0.00e+00	0.00e+00	1.74e-91
 1.32430e+13	6.56e-32	2.07e-23	6.62e-16	4.95e-09	1.22e-01	8.67e-01	1.18e-02	0.00e+00	0.00e+00	0.00e+00	0.00e+00	0.00e+00	2.37e-107
 1.36577e+13	8.99e-32	2.68e-23	8.13e-16	5.68e-09	1.30e-01	8.59e-01	1.09e-02	0.00e+00	0.00e+00	0.00e+00	0.00e+00	0.00e+00	6.67e-91
 1.41849e+13	1.32e-31	3.67e-23	1.04e-15	6.73e-09	1.41e-01	8.49e-01	9.86e-03	0.00e+00	0.00e+00	0.00e+00	0.00e+00	0.00e+00	1.52e-106
 1.47400e+13	1.94e-31	5.03e-23	1.34e-15	7.99e-09	1.52e-01	8.39e-01	8.89e-03	0.00e+00	0.00e+00	0.00e+00	0.00e+00	0.00e+00	3.52e-90
 1.52386e+13	2.70e-31	6.60e-23	1.67e-15	9.24e-09	1.63e-01	8.29e-01	8.13e-03	0.00e+00	0.00e+00	0.00e+00	0.00e+00	0.00e+00	1.04e-105
 1.57823e+13	3.82e-31	8.76e-23	2.08e-15	1.08e-08	1.75e-01	8.18e-01	7.40e-03	0.00e+00	0.00e+00	0.00e+00	0.00e+00	0.00e+00	1.54e-89
 1.64263e+13	5.65e-31	1.21e-22	2.69e-15	1.28e-08	1.89e-01	8.05e-01	6.63e-03	0.00e+00	0.00e+00	0.00e+00	0.00e+00	0.00e+00	7.67e-105
 1.70629e+13	8.17e-31	1.63e-22	3.41e-15	1.50e-08	2.03e-01	7.91e-01	5.97e-03	0.00e+00	0.00e+00	0.00e+00	0.00e+00	0.00e+00	8.18e-89
 1.76485e+13	1.13e-30	2.13e-22	4.21e-15	1.73e-08	2.16e-01	7.79e-01	5.44e-03	0.00e+00	0.00e+00	0.00e+00	0.00e+00	0.00e+00	5.11e-104
 1.83058e+13	1.60e-30	2.83e-22	5.27e-15	2.01e-08	2.31e-01	7.64e-01	4.91e-03	0.00e+00	0.00e+00	0.00e+00	0.00e+00	0.00e+00	3.65e-88
 1.90659e+13	2.35e-30	3.88e-22	6.75e-15	2.37e-08	2.48e-01	7.48e-01	4.38e-03	0.00e+00	0.00e+00	0.00e+00	0.00e+00	0.00e+00	3.88e-103
 1.98116e+13	3.37e-30	5.20e-22	8.50e-15	2.76e-08	2.65e-01	7.31e-01	3.93e-03	0.00e+00	0.00e+00	0.00e+00	0.00e+00	0.00e+00	1.93e-87
 2.04576e+13	4.54e-30	6.64e-22	1.03e-14	3.14e-08	2.80e-01	7.17e-01	3.58e-03	0.00e+00	0.00e+00	0.00e+00	0.00e+00	0.00e+00	2.44e-102
 2.10033e+13	5.79e-30	8.09e-22	1.20e-14	3.47e-08	2.92e-01	7.05e-01	3.32e-03	0.00e+00	0.00e+00	0.00e+00	0.00e+00	0.00e+00	6.60e-87
 2.15941e+13	7.48e-30	9.96e-22	1.41e-14	3.86e-08	3.05e-01	6.92e-01	3.06e-03	0.00e+00	0.00e+00	0.00e+00	0.00e+00	0.00e+00	9.95e-102
 2.23621e+13	1.03e-29	1.29e-21	1.73e-14	4.42e-08	3.22e-01	6.75e-01	2.76e-03	0.00e+00	0.00e+00	0.00e+00	0.00e+00	0.00e+00	2.46e-86
 2.31634e+13	1.42e-29	1.68e-21	2.12e-14	5.05e-08	3.40e-01	6.58e-01	2.49e-03	0.00e+00	0.00e+00	0.00e+00	0.00e+00	0.00e+00	6.11e-101
 2.38438e+13	1.84e-29	2.07e-21	2.50e-14	5.63e-08	3.55e-01	6.43e-01	2.28e-03	0.00e+00	0.00e+00	0.00e+00	0.00e+00	0.00e+00	9.31e-86
 2.45642e+13	2.40e-29	2.57e-21	2.95e-14	6.26e-08	3.70e-01	6.28e-01	2.08e-03	0.00e+00	0.00e+00	0.00e+00	0.00e+00	0.00e+00	2.79e-100
 2.54858e+13	3.34e-29	3.35e-21	3.63e-14	7.16e-08	3.90e-01	6.09e-01	1.86e-03	0.00e+00	0.00e+00	0.00e+00	0.00e+00	0.00e+00	3.74e-85
 2.64406e+13	4.62e-29	4.37e-21	4.46e-14	8.17e-08	4.09e-01	5.89e-01	1.66e-03	0.00e+00	0.00e+00	0.00e+00	0.00e+00	0.00e+00	1.85e-99
 2.72670e+13	6.05e-29	5.44e-21	5.28e-14	9.13e-08	4.26e-01	5.72e-01	1.50e-03	0.00e+00	0.00e+00	0.00e+00	0.00e+00	0.00e+00	1.50e-84
 2.81549e+13	8.02e-29	6.82e-21	6.27e-14	1.02e-07	4.43e-01	5.55e-01	1.36e-03	0.00e+00	0.00e+00	0.00e+00	0.00e+00	0.00e+00	9.27e-99
 2.92449e+13	1.12e-28	8.89e-21	7.70e-14	1.16e-07	4.64e-01	5.34e-01	1.21e-03	0.00e+00	0.00e+00	0.00e+00	0.00e+00	0.00e+00	6.44e-84
 3.03160e+13	1.52e-28	1.14e-20	9.33e-14	1.31e-07	4.84e-01	5.14e-01	1.07e-03	0.00e+00	0.00e+00	0.00e+00	0.00e+00	0.00e+00	6.11e-98
 3.12235e+13	1.96e-28	1.40e-20	1.09e-13	1.45e-07	5.01e-01	4.98e-01	9.73e-04	0.00e+00	0.00e+00	0.00e+00	0.00e+00	0.00e+00	2.48e-83
 3.22002e+13	2.55e-28	1.73e-20	1.28e-13	1.60e-07	5.18e-01	4.82e-01	8.80e-04	0.00e+00	0.00e+00	0.00e+00	0.00e+00	0.00e+00	2.85e-97
 3.34222e+13	3.50e-28	2.23e-20	1.55e-13	1.81e-07	5.38e-01	4.61e-01	7.76e-04	0.00e+00	0.00e+00	0.00e+00	0.00e+00	0.00e+00	1.00e-82
 3.46704e+13	4.76e-28	2.86e-20	1.88e-13	2.03e-07	5.58e-01	4.41e-01	6.85e-04	0.00e+00	0.00e+00	0.00e+00	0.00e+00	0.00e+00	1.85e-96
 3.57618e+13	6.18e-28	3.52e-20	2.19e-13	2.24e-07	5.75e-01	4.25e-01	6.17e-04	0.00e+00	0.00e+00	0.00e+00	0.00e+00	0.00e+00	4.04e-82
 3.69418e+13	8.10e-28	4.37e-20	2.58e-13	2.47e-07	5.92e-01	4.07e-01	5.51e-04	0.00e+00	0.00e+00	0.00e+00	0.00e+00	0.00e+00	9.30e-96
 3.83760e+13	1.11e-27	5.62e-20	3.13e-13	2.78e-07	6.12e-01	3.87e-01	4.82e-04	0.00e+00	0.00e+00	0.00e+00	0.00e+00	0.00e+00	1.69e-81
 3.98135e+13	1.50e-27	7.16e-20	3.75e-13	3.11e-07	6.31e-01	3.69e-01	4.24e-04	0.00e+00	0.00e+00	0.00e+00	0.00e+00	0.00e+00	6.17e-95
 4.11090e+13	1.95e-27	8.82e-20	4.38e-13	3.42e-07	6.47e-01	3.52e-01	3.78e-04	0.00e+00	0.00e+00	0.00e+00	0.00e+00	0.00e+00	6.92e-81
 4.25469e+13	2.59e-27	1.10e-19	5.18e-13	3.78e-07	6.64e-01	3.36e-01	3.34e-04	0.00e+00	0.00e+00	0.00e+00	0.00e+00	0.00e+00	3.30e-94
 4.42418e+13	3.55e-27	1.42e-19	6.25e-13	4.23e-07	6.83e-01	3.17e-01	2.90e-04	0.00e+00	0.00e+00	0.00e+00	0.00e+00	0.00e+00	3.09e-80
 4.59227e+13	4.81e-27	1.80e-19	7.45e-13	4.69e-07	7.00e-01	3.00e-01	2.53e-04	0.00e+00	0.00e+00	0.00e+00	0.00e+00	0.00e+00	2.27e-93
 4.75031e+13	6.31e-27	2.23e-19	8.75e-13	5.16e-07	7.15e-01	2.85e-01	2.24e-04	0.00e+00	0.00e+00	0.00e+00	0.00e+00	0.00e+00	1.33e-79
 4.92653e+13	8.46e-27	2.81e-19	1.04e-12	5.71e-07	7.31e-01	2.69e-01	1.95e-04	0.00e+00	0.00e+00	0.00e+00	0.00e+00	0.00e+00	1.33e-92
 5.12659e+13	1.16e-26	3.61e-19	1.25e-12	6.36e-07	7.47e-01	2.53e-01	1.68e-04	0.00e+00	0.00e+00	0.00e+00	0.00e+00	0.00e+00	6.26e-79
 5.32634e+13	1.58e-26	4.59e-19	1.49e-12	7.04e-07	7.62e-01	2.37e-01	1.46e-04	0.00e+00	0.00e+00	0.00e+00	0.00e+00	0.00e+00	9.47e-92
 5.53409e+13	2.14e-26	5.83e-19	1.77e-12	7.79e-07	7.77e-01	2.23e-01	1.26e-04	0.00e+00	0.00e+00	0.00e+00	0.00e+00	0.00e+00	3.02e-78
 5.74024e+13	2.86e-26	7.32e-19	2.09e-12	8.56e-07	7.90e-01	2.10e-01	1.10e-04	0.00e+00	0.00e+00	0.00e+00	0.00e+00	0.00e+00	6.26e-91
 5.92523e+13	3.67e-26	8.90e-19	2.40e-12	9.28e-07	8.01e-01	1.99e-01	9.75e-05	0.00e+00	0.00e+00	0.00e+00	0.00e+00	0.00e+00	1.23e-77
 6.09354e+13	4.58e-26	1.06e-18	2.72e-12	9.96e-07	8.10e-01	1.90e-01	8.76e-05	0.00e+00	0.00e+00	0.00e+00	0.00e+00	0.00e+00	2.83e-90
 6.27635e+13	5.79e-26	1.27e-18	3.10e-12	1.07e-06	8.20e-01	1.80e-01	7.83e-05	0.00e+00	0.00e+00	0.00e+00	0.00e+00	0.00e+00	4.07e-77
 6.50876e+13	7.73e-26	1.59e-18	3.64e-12	1.17e-06	8.30e-01	1.69e-01	6.82e-05	0.00e+00	0.00e+00	0.00e+00	0.00e+00	0.00e+00	1.51e-89
 6.74351e+13	1.02e-25	1.97e-18	4.26e-12	1.28e-06	8.41e-01	1.59e-01	5.94e-05	0.00e+00	0.00e+00	0.00e+00	0.00e+00	0.00e+00	1.79e-76
 6.93837e+13	1.28e-25	2.35e-18	4.81e-12	1.37e-06	8.49e-01	1.51e-01	5.33e-05	0.00e+00	0.00e+00	0.00e+00	0.00e+00	0.00e+00	3.28e-76
 7.14352e+13	1.61e-25	2.81e-18	5.46e-12	1.47e-06	8.56e-01	1.44e-01	4.77e-05	0.00e+00	0.00e+00	0.00e+00	0.00e+00	0.00e+00	6.07e-76
 7.40615e+13	2.14e-25	3.50e-18	6.37e-12	1.60e-06	8.65e-01	1.35e-01	4.16e-05	0.00e+00	0.00e+00	0.00e+00	0.00e+00	0.00e+00	1.31e-75
 7.68167e+13	2.85e-25	4.36e-18	7.45e-12	1.74e-06	8.74e-01	1.26e-01	3.60e-05	0.00e+00	0.00e+00	0.00e+00	0.00e+00	0.00e+00	2.79e-75
 7.92088e+13	3.63e-25	5.26e-18	8.49e-12	1.87e-06	8.80e-01	1.20e-01	3.20e-05	0.00e+00	0.00e+00	0.00e+00	0.00e+00	0.00e+00	5.36e-75
 8.17476e+13	4.67e-25	6.37e-18	9.70e-12	2.01e-06	8.87e-01	1.13e-01	2.84e-05	0.00e+00	0.00e+00	0.00e+00	0.00e+00	0.00e+00	1.05e-74
 8.48611e+13	6.28e-25	8.00e-18	1.13e-11	2.18e-06	8.94e-01	1.06e-01	2.46e-05	0.00e+00	0.00e+00	0.00e+00	0.00e+00	0.00e+00	2.34e-74
 8.80092e+13	8.35e-25	9.95e-18	1.32e-11	2.37e-06	9.01e-01	9.86e-02	2.13e-05	0.00e+00	0.00e+00	0.00e+00	0.00e+00	0.00e+00	5.01e-74
 9.07938e+13	1.07e-24	1.20e-17	1.51e-11	2.54e-06	9.07e-01	9.32e-02	1.89e-05	0.00e+00	0.00e+00	0.00e+00	0.00e+00	0.00e+00	9.82e-74
 9.38185e+13	1.39e-24	1.47e-17	1.73e-11	2.73e-06	9.12e-01	8.78e-02	1.67e-05	0.00e+00	0.00e+00	0.00e+00	0.00e+00	0.00e+00	2.00e-73
 9.74537e+13	1.88e-24	1.85e-17	2.02e-11	2.96e-06	9.18e-01	8.19e-02	1.44e-05	0.00e+00	0.00e+00	0.00e+00	0.00e+00	0.00e+00	4.57e-73
 1.01119e+14	2.52e-24	2.31e-17	2.36e-11	3.21e-06	9.24e-01	7.64e-02	1.25e-05	0.00e+00	0.00e+00	0.00e+00	0.00e+00	0.00e+00	9.96e-73
 1.04479e+14	3.27e-24	2.81e-17	2.69e-11	3.44e-06	9.28e-01	7.20e-02	1.10e-05	0.00e+00	0.00e+00	0.00e+00	0.00e+00	0.00e+00	2.03e-72
 1.08205e+14	4.33e-24	3.48e-17	3.11e-11	3.70e-06	9.32e-01	6.75e-02	9.65e-06	0.00e+00	0.00e+00	0.00e+00	0.00e+00	0.00e+00	4.41e-72
 1.12533e+14	5.90e-24	4.40e-17	3.65e-11	4.03e-06	9.37e-01	6.27e-02	8.28e-06	0.00e+00	0.00e+00	0.00e+00	0.00e+00	0.00e+00	1.02e-71
 1.16791e+14	7.96e-24	5.51e-17	4.25e-11	4.35e-06	9.41e-01	5.85e-02	7.19e-06	0.00e+00	0.00e+00	0.00e+00	1.78e-17	3.73e-17	2.30e-71
 1.21220e+14	1.07e-23	6.91e-17	4.94e-11	4.70e-06	9.45e-01	5.46e-02	6.23e-06	0.00e+00	0.00e+00	0.00e+00	2.29e-17	4.62e-17	5.24e-71
 1.26098e+14	1.47e-23	8.76e-17	5.80e-11	5.10e-06	9.49e-01	5.07e-02	5.35e-06	0.00e+00	0.00e+00	0.00e+00	2.91e-17	5.85e-17	1.24e-70
 1.31026e+14	2.00e-23	1.10e-16	6.77e-11	5.52e-06	9.53e-01	4.72e-02	4.62e-06	0.00e+00	0.00e+00	0.00e+00	3.66e-17	7.37e-17	2.87e-70
 1.36151e+14	2.71e-23	1.39e-16	7.91e-11	5.97e-06	9.56e-01	4.39e-02	3.98e-06	0.00e+00	0.00e+00	0.00e+00	4.61e-17	9.28e-17	6.64e-70
 1.41627e+14	3.71e-23	1.76e-16	9.28e-11	6.48e-06	9.59e-01	4.07e-02	3.42e-06	0.00e+00	0.00e+00	0.00e+00	5.84e-17	1.18e-16	1.57e-69
 1.46847e+14	4.94e-23	2.19e-16	1.07e-10	6.97e-06	9.62e-01	3.80e-02	2.97e-06	0.00e+00	0.00e+00	0.00e+00	7.25e-17	1.46e-16	3.46e-69
 1.51194e+14	6.23e-23	2.60e-16	1.21e-10	7.40e-06	9.64e-01	3.60e-02	2.66e-06	0.00e+00	0.00e+00	0.00e+00	8.63e-17	1.74e-16	6.53e-69
 1.55605e+14	7.82e-23	3.08e-16	1.36e-10	7.85e-06	9.66e-01	3.41e-02	2.38e-06	0.00e+00	0.00e+00	0.00e+00	1.02e-16	2.06e-16	1.22e-68
 1.61275e+14	1.04e-22	3.84e-16	1.56e-10	8.43e-06	9.68e-01	3.19e-02	2.07e-06	0.00e+00	0.00e+00	0.00e+00	1.27e-16	2.56e-16	2.71e-68
 1.67160e+14	1.38e-22	4.73e-16	1.81e-10	9.08e-06	9.70e-01	2.97e-02	1.80e-06	0.00e+00	0.00e+00	0.00e+00	1.57e-16	3.16e-16	5.79e-68
 1.72174e+14	1.74e-22	5.64e-16	2.04e-10	9.63e-06	9.72e-01	2.81e-02	1.60e-06	0.00e+00	0.00e+00	0.00e+00	1.87e-16	3.77e-16	1.11e-67
 1.77477e+14	2.22e-22	6.78e-16	2.30e-10	1.02e-05	9.73e-01	2.65e-02	1.43e-06	0.00e+00	0.00e+00	0.00e+00	2.25e-16	4.53e-16	2.17e-67
 1.84099e+14	2.97e-22	8.43e-16	2.66e-10	1.10e-05	9.75e-01	2.47e-02	1.24e-06	0.00e+00	0.00e+00	0.00e+00	2.80e-16	5.64e-16	4.80e-67
 1.90972e+14	3.93e-22	1.04e-15	3.09e-10	1.19e-05	9.77e-01	2.30e-02	1.07e-06	0.00e+00	0.00e+00	0.00e+00	3.46e-16	6.98e-16	1.04e-66
 1.97176e+14	5.07e-22	1.26e-15	3.51e-10	1.27e-05	9.78e-01	2.16e-02	9.44e-07	0.00e+00	0.00e+00	0.00e+00	4.19e-16	8.44e-16	2.08e-66
 2.03972e+14	6.63e-22	1.55e-15	4.02e-10	1.36e-05	9.80e-01	2.02e-02	0.00e+00	0.00e+00	0.00e+00	0.00e+00	5.14e-16	1.04e-15	4.39e-66
 2.11984e+14	8.96e-22	1.95e-15	4.70e-10	1.47e-05	9.81e-01	1.88e-02	0.00e+00	0.00e+00	0.00e+00	0.00e+00	6.45e-16	1.30e-15	1.01e-65
 2.19605e+14	1.17e-21	2.39e-15	5.42e-10	1.58e-05	9.82e-01	1.75e-02	0.00e+00	0.00e+00	0.00e+00	0.00e+00	7.91e-16	1.59e-15	2.09e-65
 2.26202e+14	1.48e-21	2.84e-15	6.10e-10	1.67e-05	9.83e-01	1.65e-02	0.00e+00	0.00e+00	0.00e+00	0.00e+00	9.42e-16	1.90e-15	3.97e-65
 2.33441e+14	1.89e-21	3.43e-15	6.93e-10	1.78e-05	9.84e-01	1.55e-02	0.00e+00	0.00e+00	0.00e+00	0.00e+00	1.14e-15	2.29e-15	7.89e-65
 2.42299e+14	2.51e-21	4.25e-15	8.05e-10	1.92e-05	9.86e-01	1.44e-02	0.00e+00	0.00e+00	0.00e+00	0.00e+00	1.41e-15	2.84e-15	1.70e-64
 2.51236e+14	3.34e-21	5.28e-15	9.31e-10	2.07e-05	9.87e-01	1.34e-02	0.00e+00	0.00e+00	0.00e+00	0.00e+00	1.75e-15	3.53e-15	3.77e-64
 2.59200e+14	4.20e-21	6.30e-15	1.06e-09	2.21e-05	9.87e-01	1.26e-02	0.00e+00	0.00e+00	0.00e+00	0.00e+00	2.09e-15	4.21e-15	7.04e-64
 2.67922e+14	5.46e-21	7.69e-15	1.21e-09	2.36e-05	9.88e-01	1.18e-02	0.00e+00	0.00e+00	0.00e+00	0.00e+00	2.55e-15	5.14e-15	1.46e-63
 2.78323e+14	7.23e-21	9.54e-15	1.41e-09	2.55e-05	9.89e-01	1.10e-02	0.00e+00	0.00e+00	0.00e+00	0.00e+00	3.16e-15	6.38e-15	3.16e-63
 2.88601e+14	9.54e-21	1.18e-14	1.63e-09	2.75e-05	9.90e-01	1.02e-02	0.00e+00	0.00e+00	0.00e+00	0.00e+00	3.90e-15	7.88e-15	6.78e-63
 2.97898e+14	1.21e-20	1.41e-14	1.85e-09	2.93e-05	9.90e-01	9.56e-03	0.00e+00	0.00e+00	0.00e+00	0.00e+00	4.68e-15	9.45e-15	1.30e-62
 3.08226e+14	1.57e-20	1.72e-14	2.12e-09	3.14e-05	9.91e-01	8.93e-03	0.00e+00	0.00e+00	0.00e+00	0.00e+00	5.70e-15	1.15e-14	2.67e-62
 3.20360e+14	2.08e-20	2.15e-14	2.48e-09	3.40e-05	9.92e-01	8.26e-03	0.00e+00	0.00e+00	0.00e+00	0.00e+00	7.11e-15	1.44e-14	5.88e-62
 3.32311e+14	2.77e-20	2.67e-14	2.87e-09	3.66e-05	9.92e-01	7.68e-03	0.00e+00	0.00e+00	0.00e+00	0.00e+00	8.84e-15	1.79e-14	1.30e-61
 3.43460e+14	3.51e-20	3.20e-14	3.29e-09	3.92e-05	9.93e-01	7.17e-03	0.00e+00	0.00e+00	0.00e+00	0.00e+00	1.06e-14	2.14e-14	2.48e-61
 3.55948e+14	4.61e-20	3.95e-14	3.79e-09	4.22e-05	9.93e-01	6.68e-03	0.00e+00	0.00e+00	0.00e+00	0.00e+00	1.31e-14	2.65e-14	5.32e-61
 3.70216e+14	6.12e-20	4.91e-14	4.44e-09	4.58e-05	9.94e-01	6.16e-03	0.00e+00	0.00e+00	0.00e+00	0.00e+00	1.62e-14	3.29e-14	1.15e-60
 3.84291e+14	8.06e-20	6.08e-14	5.16e-09	4.94e-05	9.94e-01	5.71e-03	0.00e+00	0.00e+00	0.00e+00	0.00e+00	2.01e-14	4.07e-14	2.48e-60
 3.97153e+14	1.03e-19	7.36e-14	5.89e-09	5.28e-05	9.95e-01	5.34e-03	0.00e+00	0.00e+00	0.00e+00	0.00e+00	2.43e-14	4.93e-14	4.94e-60
 4.11092e+14	1.33e-19	8.94e-14	6.77e-09	5.67e-05	9.95e-01	4.98e-03	0.00e+00	0.00e+00	0.00e+00	0.00e+00	2.96e-14	5.99e-14	9.94e-60
 4.26822e+14	1.73e-19	1.10e-13	7.87e-09	6.12e-05	9.95e-01	4.61e-03	0.00e+00	0.00e+00	0.00e+00	0.00e+00	3.62e-14	7.35e-14	2.06e-59
 4.41885e+14	2.25e-19	1.34e-13	9.04e-09	6.57e-05	9.96e-01	4.30e-03	0.00e+00	0.00e+00	0.00e+00	0.00e+00	4.44e-14	9.00e-14	4.30e-59
 4.54844e+14	2.74e-19	1.57e-13	1.02e-08	6.97e-05	9.96e-01	4.05e-03	0.00e+00	0.00e+00	0.00e+00	0.00e+00	5.18e-14	1.05e-13	7.41e-59
 4.66237e+14	3.30e-19	1.81e-13	1.12e-08	7.33e-05	9.96e-01	3.85e-03	0.00e+00	0.00e+00	0.00e+00	0.00e+00	5.98e-14	1.21e-13	1.26e-58
 4.79222e+14	4.00e-19	2.10e-13	1.25e-08	7.76e-05	9.96e-01	3.64e-03	0.00e+00	0.00e+00	0.00e+00	0.00e+00	6.94e-14	1.41e-13	2.13e-58
 4.96102e+14	5.17e-19	2.57e-13	1.44e-08	8.33e-05	9.97e-01	3.39e-03	0.00e+00	0.00e+00	0.00e+00	0.00e+00	8.48e-14	1.72e-13	4.40e-58
 5.13747e+14	6.60e-19	3.10e-13	1.66e-08	8.96e-05	9.97e-01	3.16e-03	0.00e+00	0.00e+00	0.00e+00	0.00e+00	1.02e-13	2.08e-13	8.61e-58
 5.28695e+14	8.08e-19	3.63e-13	1.86e-08	9.49e-05	9.97e-01	2.98e-03	0.00e+00	0.00e+00	0.00e+00	0.00e+00	1.20e-13	2.44e-13	1.52e-57
 5.44438e+14	1.00e-18	4.31e-13	2.09e-08	1.01e-04	9.97e-01	2.80e-03	0.00e+00	0.00e+00	0.00e+00	0.00e+00	1.42e-13	2.89e-13	2.81e-57
 5.64419e+14	1.29e-18	5.23e-13	2.42e-08	1.09e-04	9.97e-01	2.60e-03	0.00e+00	0.00e+00	0.00e+00	0.00e+00	1.72e-13	3.50e-13	5.60e-57
 5.85174e+14	1.68e-18	6.44e-13	2.79e-08	1.17e-04	9.97e-01	2.42e-03	0.00e+00	0.00e+00	0.00e+00	0.00e+00	2.12e-13	4.32e-13	1.19e-56
 6.03437e+14	2.07e-18	7.57e-13	3.16e-08	1.25e-04	9.98e-01	2.27e-03	0.00e+00	0.00e+00	0.00e+00	0.00e+00	2.49e-13	5.08e-13	2.12e-56
 6.23195e+14	2.62e-18	9.09e-13	3.60e-08	1.33e-04	9.98e-01	2.12e-03	0.00e+00	0.00e+00	0.00e+00	0.00e+00	2.99e-13	6.10e-13	4.11e-56
 6.47064e+14	3.40e-18	1.12e-12	4.19e-08	1.44e-04	9.98e-01	1.96e-03	0.00e+00	0.00e+00	0.00e+00	0.00e+00	3.67e-13	7.48e-13	8.56e-56
 6.70725e+14	4.41e-18	1.37e-12	4.84e-08	1.55e-04	9.98e-01	1.83e-03	0.00e+00	0.00e+00	0.00e+00	0.00e+00	4.51e-13	9.19e-13	1.80e-55
 6.91745e+14	5.43e-18	1.61e-12	5.48e-08	1.65e-04	9.98e-01	1.71e-03	0.00e+00	0.00e+00	0.00e+00	0.00e+00	5.30e-13	1.08e-12	3.21e-55
 7.14887e+14	6.90e-18	1.94e-12	6.25e-08	1.76e-04	9.98e-01	1.60e-03	0.00e+00	0.00e+00	0.00e+00	0.00e+00	6.38e-13	1.30e-12	6.29e-55
 7.42542e+14	8.93e-18	2.38e-12	7.28e-08	1.91e-04	9.98e-01	1.48e-03	0.00e+00	0.00e+00	0.00e+00	0.00e+00	7.82e-13	1.60e-12	1.31e-54
 7.69966e+14	1.16e-17	2.92e-12	8.42e-08	2.06e-04	9.98e-01	1.37e-03	0.00e+00	0.00e+00	0.00e+00	0.00e+00	9.60e-13	1.96e-12	2.75e-54
 7.94950e+14	1.44e-17	3.47e-12	9.58e-08	2.20e-04	9.98e-01	1.28e-03	0.00e+00	0.00e+00	0.00e+00	0.00e+00	1.14e-12	2.33e-12	5.08e-54
 8.22861e+14	1.84e-17	4.19e-12	1.10e-07	2.36e-04	9.99e-01	1.19e-03	0.00e+00	0.00e+00	0.00e+00	0.00e+00	1.38e-12	2.82e-12	1.01e-53
 8.55424e+14	2.40e-17	5.18e-12	1.29e-07	2.56e-04	9.99e-01	1.10e-03	0.00e+00	0.00e+00	0.00e+00	0.00e+00	1.70e-12	3.48e-12	2.16e-53
 8.87376e+14	3.09e-17	6.33e-12	1.49e-07	2.76e-04	9.99e-01	1.02e-03	0.00e+00	0.00e+00	0.00e+00	0.00e+00	2.07e-12	4.25e-12	4.46e-53
 9.17417e+14	3.86e-17	7.55e-12	1.71e-07	2.96e-04	9.99e-01	9.48e-04	0.00e+00	0.00e+00	0.00e+00	0.00e+00	2.48e-12	5.07e-12	8.41e-53
 9.50955e+14	4.93e-17	9.20e-12	1.97e-07	3.19e-04	9.99e-01	8.79e-04	0.00e+00	4.09e-18	1.23e-17	2.05e-17	3.02e-12	6.18e-12	1.72e-52
 9.89023e+14	6.45e-17	1.14e-11	2.31e-07	3.47e-04	9.99e-01	8.08e-04	0.00e+00	5.36e-18	1.61e-17	2.69e-17	3.72e-12	7.64e-12	3.67e-52
 1.02092e+15	7.96e-17	1.35e-11	2.63e-07	3.71e-04	9.99e-01	7.55e-04	0.00e+00	6.62e-18	1.99e-17	3.32e-17	4.42e-12	9.07e-12	6.83e-52
 1.04388e+15	9.27e-17	1.52e-11	2.88e-07	3.90e-04	9.99e-01	7.20e-04	0.00e+00	7.71e-18	2.32e-17	3.87e-17	4.98e-12	1.02e-11	1.05e-51
 1.06796e+15	1.08e-16	1.72e-11	3.15e-07	4.09e-04	9.99e-01	6.85e-04	0.00e+00	8.97e-18	2.69e-17	4.50e-17	5.62e-12	1.16e-11	1.63e-51
 1.09925e+15	1.31e-16	2.01e-11	3.55e-07	4.36e-04	9.99e-01	6.43e-04	0.00e+00	1.09e-17	3.29e-17	5.49e-17	6.57e-12	1.35e-11	2.87e-51
 1.13384e+15	1.61e-16	2.37e-11	4.03e-07	4.66e-04	9.99e-01	6.01e-04	0.00e+00	1.34e-17	4.04e-17	6.74e-17	7.75e-12	1.59e-11	5.21e-51
 1.16593e+15	1.93e-16	2.75e-11	4.51e-07	4.95e-04	9.99e-01	5.66e-04	0.00e+00	1.61e-17	4.84e-17	8.08e-17	8.99e-12	1.85e-11	8.93e-51
 1.20085e+15	2.36e-16	3.22e-11	5.09e-07	5.28e-04	9.99e-01	5.30e-04	0.00e+00	1.97e-17	5.92e-17	9.89e-17	1.05e-11	2.17e-11	1.59e-50
 1.23985e+15	2.90e-16	3.81e-11	5.79e-07	5.66e-04	9.99e-01	4.95e-04	0.00e+00	2.42e-17	7.26e-17	1.21e-16	1.25e-11	2.56e-11	2.92e-50
 1.27685e+15	3.55e-16	4.47e-11	6.53e-07	6.04e-04	9.99e-01	4.64e-04	0.00e+00	2.96e-17	8.89e-17	1.49e-16	1.46e-11	3.01e-11	5.24e-50
 1.31767e+15	4.31e-16	5.26e-11	7.42e-07	6.47e-04	9.99e-01	4.33e-04	0.00e+00	3.60e-17	1.08e-16	1.81e-16	1.72e-11	3.54e-11	9.47e-50
 1.36319e+15	5.44e-16	6.32e-11	8.52e-07	6.98e-04	9.99e-01	4.01e-04	0.00e+00	4.55e-17	1.37e-16	2.28e-16	2.07e-11	4.26e-11	1.86e-49
 1.40594e+15	6.56e-16	7.41e-11	9.66e-07	7.47e-04	9.99e-01	3.75e-04	0.00e+00	5.49e-17	1.65e-16	2.75e-16	2.42e-11	4.99e-11	3.31e-49
 1.45261e+15	8.21e-16	8.84e-11	1.10e-06	8.04e-04	9.99e-01	3.48e-04	0.00e+00	6.87e-17	2.06e-16	3.45e-16	2.89e-11	5.95e-11	6.35e-49
 1.50507e+15	1.03e-15	1.06e-10	1.27e-06	8.71e-04	9.99e-01	3.21e-04	0.00e+00	8.62e-17	2.59e-16	4.32e-16	3.48e-11	7.16e-11	1.26e-48
 1.55470e+15	1.27e-15	1.26e-10	1.45e-06	9.36e-04	9.99e-01	2.99e-04	0.00e+00	1.06e-16	3.19e-16	5.33e-16	4.13e-11	8.50e-11	2.37e-48
 1.60884e+15	1.57e-15	1.51e-10	1.67e-06	1.01e-03	9.99e-01	2.76e-04	0.00e+00	1.32e-16	3.97e-16	6.63e-16	4.94e-11	1.02e-10	4.60e-48
 1.66881e+15	1.95e-15	1.82e-10	1.94e-06	1.10e-03	9.99e-01	2.54e-04	0.00e+00	1.64e-16	4.92e-16	8.22e-16	5.94e-11	1.22e-10	9.10e-48
 1.72442e+15	2.45e-15	2.17e-10	2.21e-06	1.18e-03	9.99e-01	2.36e-04	0.00e+00	2.06e-16	6.19e-16	1.03e-15	7.11e-11	1.46e-10	1.79e-47
 1.78480e+15	3.03e-15	2.60e-10	2.55e-06	1.28e-03	9.99e-01	2.18e-04	0.00e+00	2.55e-16	7.67e-16	1.28e-15	8.51e-11	1.75e-10	3.51e-47
 1.85234e+15	3.84e-15	3.16e-10	2.96e-06	1.39e-03	9.98e-01	2.01e-04	0.00e+00	3.24e-16	9.73e-16	1.63e-15	1.04e-10	2.13e-10	7.34e-47
 1.91579e+15	4.74e-15	3.77e-10	3.39e-06	1.50e-03	9.98e-01	1.86e-04	0.00e+00	4.01e-16	1.20e-15	2.01e-15	1.24e-10	2.54e-10	1.43e-46
 1.98476e+15	5.92e-15	4.54e-10	3.91e-06	1.63e-03	9.98e-01	1.71e-04	0.00e+00	5.01e-16	1.50e-15	2.51e-15	1.49e-10	3.05e-10	2.89e-46
 2.06191e+15	7.56e-15	5.55e-10	4.56e-06	1.77e-03	9.98e-01	1.57e-04	0.00e+00	6.41e-16	1.92e-15	3.21e-15	1.82e-10	3.73e-10	6.24e-46
 2.13475e+15	9.34e-15	6.65e-10	5.24e-06	1.92e-03	9.98e-01	1.45e-04	0.00e+00	7.93e-16	2.38e-15	3.98e-15	2.18e-10	4.47e-10	1.24e-45
 2.21277e+15	1.18e-14	8.05e-10	6.06e-06	2.08e-03	9.98e-01	1.33e-04	0.00e+00	1.00e-15	3.01e-15	5.02e-15	2.64e-10	5.41e-10	2.59e-45
 2.30131e+15	1.50e-14	9.87e-10	7.09e-06	2.27e-03	9.98e-01	1.22e-04	0.00e+00	1.28e-15	3.83e-15	6.39e-15	3.24e-10	6.63e-10	5.76e-45
 2.37495e+15	1.84e-14	1.17e-09	8.05e-06	2.44e-03	9.97e-01	1.14e-04	0.00e+00	1.57e-15	4.71e-15	7.87e-15	3.84e-10	7.86e-10	1.12e-44
 2.42684e+15	2.11e-14	1.31e-09	8.77e-06	2.57e-03	9.97e-01	1.08e-04	0.00e+00	1.80e-15	5.40e-15	9.01e-15	4.30e-10	8.81e-10	1.76e-44
 2.48062e+15	2.42e-14	1.47e-09	9.58e-06	2.70e-03	9.97e-01	1.03e-04	0.00e+00	2.07e-15	6.20e-15	1.04e-14	4.83e-10	9.89e-10	2.79e-44
 2.55053e+15	2.82e-14	1.69e-09	1.07e-05	2.87e-03	9.97e-01	9.65e-05	0.00e+00	2.41e-15	7.22e-15	1.21e-14	5.54e-10	1.13e-09	4.74e-44
 2.62884e+15	3.49e-14	2.01e-09	1.21e-05	3.08e-03	9.97e-01	9.00e-05	0.00e+00	2.99e-15	8.97e-15	1.50e-14	6.59e-10	1.35e-09	9.49e-44
 2.70252e+15	4.06e-14	2.30e-09	1.35e-05	3.27e-03	9.97e-01	8.45e-05	0.00e+00	3.48e-15	1.04e-14	1.74e-14	7.55e-10	1.54e-09	1.61e-43
 2.78275e+15	4.98e-14	2.71e-09	1.52e-05	3.50e-03	9.96e-01	7.90e-05	0.00e+00	4.27e-15	1.28e-14	2.14e-14	8.92e-10	1.82e-09	3.16e-43
 2.87195e+15	6.05e-14	3.21e-09	1.72e-05	3.76e-03	9.96e-01	7.35e-05	0.00e+00	5.20e-15	1.56e-14	2.60e-14	1.05e-09	2.15e-09	6.10e-43
 2.95603e+15	7.14e-14	3.71e-09	1.93e-05	4.01e-03	9.96e-01	6.89e-05	0.00e+00	6.14e-15	1.84e-14	3.08e-14	1.22e-09	2.49e-09	1.08e-42
 3.04856e+15	8.90e-14	4.44e-09	2.18e-05	4.30e-03	9.96e-01	6.42e-05	0.00e+00	7.65e-15	2.30e-14	3.84e-14	1.46e-09	2.98e-09	2.25e-42
 3.15186e+15	1.07e-13	5.23e-09	2.49e-05	4.63e-03	9.95e-01	5.95e-05	0.00e+00	9.20e-15	2.76e-14	4.61e-14	1.72e-09	3.51e-09	4.27e-42
 3.25013e+15	1.33e-13	6.28e-09	2.82e-05	4.96e-03	9.95e-01	5.55e-05	0.00e+00	1.15e-14	3.45e-14	5.76e-14	2.07e-09	4.21e-09	8.85e-42
 3.35884e+15	1.60e-13	7.40e-09	3.21e-05	5.34e-03	9.95e-01	5.15e-05	0.00e+00	1.38e-14	4.15e-14	6.92e-14	2.44e-09	4.96e-09	1.67e-41
 3.48148e+15	2.06e-13	9.15e-09	3.71e-05	5.79e-03	9.94e-01	4.75e-05	0.00e+00	1.78e-14	5.35e-14	8.93e-14	3.01e-09	6.14e-09	3.87e-41
 3.59839e+15	2.48e-13	1.08e-08	4.23e-05	6.23e-03	9.94e-01	4.41e-05	0.00e+00	2.14e-14	6.44e-14	1.07e-13	3.55e-09	7.24e-09	7.31e-41
 3.72653e+15	3.14e-13	1.32e-08	4.87e-05	6.74e-03	9.93e-01	4.07e-05	0.00e+00	2.72e-14	8.16e-14	1.36e-13	4.36e-09	8.87e-09	1.63e-40
 3.86801e+15	3.90e-13	1.60e-08	5.64e-05	7.32e-03	9.93e-01	3.75e-05	0.00e+00	3.39e-14	1.02e-13	1.70e-13	5.28e-09	1.07e-08	3.32e-40
 3.99902e+15	4.81e-13	1.93e-08	6.45e-05	7.89e-03	9.92e-01	3.48e-05	0.00e+00	4.18e-14	1.26e-13	2.10e-13	6.36e-09	1.29e-08	6.79e-40
 4.14155e+15	6.01e-13	2.34e-08	7.42e-05	8.53e-03	9.91e-01	3.22e-05	0.00e+00	5.23e-14	1.57e-13	2.62e-13	7.73e-09	1.57e-08	1.43e-39
 4.30144e+15	7.88e-13	2.95e-08	8.64e-05	9.29e-03	9.91e-01	2.96e-05	0.00e+00	6.86e-14	2.06e-13	3.44e-13	9.75e-09	1.98e-08	3.51e-39
 4.45296e+15	9.69e-13	3.57e-08	9.92e-05	1.00e-02	9.90e-01	2.74e-05	0.00e+00	8.45e-14	2.54e-13	4.23e-13	1.18e-08	2.39e-08	7.15e-39
 4.61565e+15	1.20e-12	4.31e-08	1.15e-04	1.08e-02	9.89e-01	2.53e-05	0.00e+00	1.05e-13	3.15e-13	5.25e-13	1.42e-08	2.88e-08	1.45e-38
 4.79634e+15	1.53e-12	5.34e-08	1.34e-04	1.18e-02	9.88e-01	2.33e-05	0.00e+00	1.34e-13	4.01e-13	6.69e-13	1.76e-08	3.58e-08	3.25e-38
 4.94459e+15	1.91e-12	6.49e-08	1.51e-04	1.26e-02	9.87e-01	2.18e-05	0.00e+00	1.67e-13	5.01e-13	8.35e-13	2.14e-08	4.35e-08	6.81e-38
 5.05141e+15	2.18e-12	7.33e-08	1.65e-04	1.33e-02	9.87e-01	2.08e-05	0.00e+00	1.91e-13	5.73e-13	9.56e-13	2.42e-08	4.91e-08	1.07e-37
 5.16351e+15	2.52e-12	8.31e-08	1.80e-04	1.39e-02	9.86e-01	1.99e-05	0.00e+00	2.21e-13	6.62e-13	1.10e-12	2.75e-08	5.56e-08	1.70e-37
 5.30924e+15	2.96e-12	9.60e-08	2.01e-04	1.48e-02	9.85e-01	1.87e-05	0.00e+00	2.60e-13	7.80e-13	1.30e-12	3.17e-08	6.43e-08	2.82e-37
 5.47191e+15	3.66e-12	1.16e-07	2.28e-04	1.58e-02	9.84e-01	1.75e-05	0.00e+00	3.22e-13	9.65e-13	1.61e-12	3.84e-08	7.76e-08	5.66e-37
 5.62357e+15	4.31e-12	1.34e-07	2.54e-04	1.68e-02	9.83e-01	1.66e-05	0.00e+00	3.79e-13	1.14e-12	1.90e-12	4.43e-08	8.96e-08	9.35e-37
 5.78768e+15	5.25e-12	1.60e-07	2.86e-04	1.79e-02	9.82e-01	1.56e-05	0.00e+00	4.62e-13	1.39e-12	2.31e-12	5.30e-08	1.07e-07	1.83e-36
 5.97093e+15	6.44e-12	1.92e-07	3.25e-04	1.92e-02	9.80e-01	1.46e-05	0.00e+00	5.67e-13	1.70e-12	2.84e-12	6.36e-08	1.29e-07	3.49e-36
 6.14360e+15	7.67e-12	2.23e-07	3.64e-04	2.04e-02	9.79e-01	1.38e-05	0.00e+00	6.75e-13	2.03e-12	3.38e-12	7.39e-08	1.50e-07	5.88e-36
 6.33261e+15	9.30e-12	2.66e-07	4.13e-04	2.18e-02	9.78e-01	1.30e-05	0.00e+00	8.20e-13	2.46e-12	4.11e-12	8.81e-08	1.78e-07	1.08e-35
 6.54413e+15	1.18e-11	3.29e-07	4.72e-04	2.35e-02	9.76e-01	1.22e-05	0.00e+00	1.04e-12	3.13e-12	5.21e-12	1.09e-07	2.20e-07	2.27e-35
 6.74308e+15	1.43e-11	3.90e-07	5.34e-04	2.51e-02	9.74e-01	1.15e-05	0.00e+00	1.26e-12	3.78e-12	6.31e-12	1.29e-07	2.61e-07	4.06e-35
 6.95990e+15	1.75e-11	4.64e-07	6.09e-04	2.69e-02	9.73e-01	1.08e-05	0.00e+00	1.55e-12	4.65e-12	7.75e-12	1.54e-07	3.10e-07	7.29e-35
 7.19994e+15	2.24e-11	5.79e-07	7.01e-04	2.90e-02	9.70e-01	1.01e-05	0.00e+00	1.98e-12	5.94e-12	9.90e-12	1.92e-07	3.87e-07	1.58e-34
 7.42256e+15	2.73e-11	6.93e-07	7.96e-04	3.10e-02	9.68e-01	9.53e-06	0.00e+00	2.42e-12	7.25e-12	1.21e-11	2.30e-07	4.63e-07	2.89e-34
 7.66437e+15	3.39e-11	8.36e-07	9.11e-04	3.33e-02	9.66e-01	8.98e-06	0.00e+00	3.00e-12	9.01e-12	1.50e-11	2.77e-07	5.59e-07	5.36e-34
 7.93037e+15	4.24e-11	1.01e-06	1.05e-03	3.59e-02	9.63e-01	8.45e-06	0.00e+00	3.76e-12	1.13e-11	1.88e-11	3.35e-07	6.76e-07	9.91e-34
 8.17840e+15	5.32e-11	1.24e-06	1.20e-03	3.85e-02	9.60e-01	8.00e-06	0.00e+00	4.72e-12	1.42e-11	2.36e-11	4.12e-07	8.31e-07	1.99e-33
 8.41555e+15	6.45e-11	1.48e-06	1.35e-03	4.11e-02	9.58e-01	7.61e-06	0.00e+00	5.74e-12	1.72e-11	2.87e-11	4.90e-07	9.88e-07	3.48e-33
 8.68793e+15	8.06e-11	1.79e-06	1.55e-03	4.41e-02	9.54e-01	7.21e-06	0.00e+00	7.17e-12	2.15e-11	3.59e-11	5.93e-07	1.20e-06	6.34e-33
 8.98478e+15	1.01e-10	2.17e-06	1.79e-03	4.76e-02	9.51e-01	6.82e-06	0.00e+00	9.03e-12	2.71e-11	4.52e-11	7.18e-07	1.45e-06	1.14e-32
 9.25450e+15	1.27e-10	2.66e-06	2.04e-03	5.10e-02	9.47e-01	6.51e-06	0.00e+00	1.13e-11	3.39e-11	5.65e-11	8.81e-07	1.78e-06	2.23e-32
 9.50583e+15	1.53e-10	3.14e-06	2.30e-03	5.43e-02	9.43e-01	6.24e-06	0.00e+00	1.36e-11	4.09e-11	6.81e-11	1.04e-06	2.09e-06	3.70e-32
 9.79219e+15	1.90e-10	3.77e-06	2.62e-03	5.81e-02	9.39e-01	5.96e-06	0.00e+00	1.69e-11	5.08e-11	8.47e-11	1.25e-06	2.52e-06	6.45e-32
 1.00804e+16	2.33e-10	4.46e-06	2.98e-03	6.21e-02	9.35e-01	5.71e-06	0.00e+00	2.08e-11	6.24e-11	1.04e-10	1.48e-06	2.98e-06	1.06e-31
 1.03216e+16	2.76e-10	5.19e-06	3.32e-03	6.57e-02	9.31e-01	5.52e-06	0.00e+00	2.47e-11	7.40e-11	1.23e-10	1.72e-06	3.47e-06	1.67e-31
 1.05858e+16	3.34e-10	6.11e-06	3.73e-03	6.98e-02	9.26e-01	5.32e-06	0.00e+00	2.99e-11	8.97e-11	1.50e-10	2.03e-06	4.08e-06	2.73e-31
 1.08746e+16	4.10e-10	7.27e-06	4.22e-03	7.45e-02	9.21e-01	5.13e-06	0.00e+00	3.67e-11	1.10e-10	1.84e-10	2.41e-06	4.86e-06	4.53e-31
 1.11423e+16	4.94e-10	8.54e-06	4.73e-03	7.91e-02	9.16e-01	4.97e-06	0.00e+00	4.43e-11	1.33e-10	2.21e-10	2.83e-06	5.70e-06	7.26e-31
 1.14374e+16	6.19e-10	1.04e-05	5.38e-03	8.46e-02	9.10e-01	4.82e-06	0.00e+00	5.55e-11	1.67e-10	2.78e-10	3.45e-06	6.95e-06	1.34e-30
 1.17416e+16	7.54e-10	1.23e-05	6.10e-03	9.02e-02	9.04e-01	4.67e-06	0.00e+00	6.76e-11	2.03e-10	3.38e-10	4.09e-06	8.22e-06	2.11e-30
 1.20114e+16	9.03e-10	1.42e-05	6.81e-03	9.54e-02	8.98e-01	4.54e-06	0.00e+00	8.10e-11	2.43e-10	4.05e-10	4.72e-06	9.49e-06	3.14e-30
 1.23161e+16	1.13e-09	1.73e-05	7.76e-03	1.02e-01	8.90e-01	4.42e-06	0.00e+00	1.01e-10	3.04e-10	5.08e-10	5.75e-06	1.16e-05	5.71e-30
 1.26388e+16	1.39e-09	2.06e-05	8.84e-03	1.09e-01	8.82e-01	4.29e-06	0.00e+00	1.25e-10	3.74e-10	6.24e-10	6.84e-06	1.37e-05	9.03e-30
 1.29241e+16	1.67e-09	2.39e-05	9.91e-03	1.16e-01	8.74e-01	4.19e-06	0.00e+00	1.50e-10	4.51e-10	7.53e-10	7.93e-06	1.59e-05	1.34e-29
 1.32341e+16	2.05e-09	2.84e-05	1.13e-02	1.23e-01	8.65e-01	4.09e-06	0.00e+00	1.85e-10	5.55e-10	9.26e-10	9.43e-06	1.89e-05	2.16e-29
 1.35734e+16	2.64e-09	3.53e-05	1.30e-02	1.33e-01	8.54e-01	4.01e-06	0.00e+00	2.38e-10	7.14e-10	1.19e-09	1.17e-05	2.36e-05	4.11e-29
 1.38769e+16	3.21e-09	4.17e-05	1.47e-02	1.41e-01	8.44e-01	3.93e-06	0.00e+00	2.90e-10	8.69e-10	1.45e-09	1.39e-05	2.79e-05	6.40e-29
 1.41557e+16	3.90e-09	4.89e-05	1.65e-02	1.50e-01	8.34e-01	3.87e-06	0.00e+00	3.52e-10	1.06e-09	1.76e-09	1.63e-05	3.27e-05	9.88e-29
 1.44762e+16	4.89e-09	5.86e-05	1.89e-02	1.60e-01	8.21e-01	3.80e-06	0.00e+00	4.42e-10	1.33e-09	2.21e-09	1.95e-05	3.91e-05	1.60e-28
 1.48123e+16	6.17e-09	7.16e-05	2.17e-02	1.72e-01	8.07e-01	3.74e-06	0.00e+00	5.59e-10	1.68e-09	2.80e-09	2.38e-05	4.78e-05	2.78e-28
 1.50917e+16	7.51e-09	8.41e-05	2.45e-02	1.82e-01	7.94e-01	3.71e-06	0.00e+00	6.80e-10	2.04e-09	3.40e-09	2.80e-05	5.62e-05	4.25e-28
 1.53404e+16	9.03e-09	9.76e-05	2.72e-02	1.92e-01	7.81e-01	3.68e-06	0.00e+00	8.18e-10	2.45e-09	4.09e-09	3.25e-05	6.51e-05	6.35e-28
 1.56262e+16	1.12e-08	1.16e-04	3.09e-02	2.03e-01	7.66e-01	3.64e-06	0.00e+00	1.02e-09	3.05e-09	5.09e-09	3.85e-05	7.71e-05	9.88e-28
 1.59332e+16	1.43e-08	1.41e-04	3.55e-02	2.17e-01	7.47e-01	3.62e-06	0.00e+00	1.30e-09	3.90e-09	6.50e-09	4.70e-05	9.41e-05	1.74e-27
 1.61954e+16	1.73e-08	1.64e-04	3.99e-02	2.29e-01	7.31e-01	3.61e-06	0.00e+00	1.57e-09	4.70e-09	7.84e-09	5.46e-05	1.09e-04	2.52e-27
 1.64277e+16	2.05e-08	1.87e-04	4.44e-02	2.41e-01	7.14e-01	3.59e-06	0.00e+00	1.87e-09	5.60e-09	9.33e-09	6.24e-05	1.25e-04	3.57e-27
 1.66933e+16	2.61e-08	2.30e-04	5.07e-02	2.56e-01	6.93e-01	3.60e-06	0.00e+00	2.38e-09	7.13e-09	1.19e-08	7.66e-05	1.54e-04	6.54e-27
 1.69674e+16	3.22e-08	2.67e-04	5.75e-02	2.71e-01	6.71e-01	3.58e-06	0.00e+00	2.94e-09	8.81e-09	1.47e-08	8.90e-05	1.78e-04	9.39e-27
