#depth	N	N+	N+2	N+3	N+4	N+5	N+6	N+7
 1.49634e+10	0.00e+00	0.00e+00	5.07e-29	2.88e-19	2.10e-10	5.29e-01	4.71e-01	2.96e-04
 4.54887e+10	0.00e+00	3.19e-39	6.68e-29	3.50e-19	2.36e-10	5.49e-01	4.50e-01	2.62e-04
 7.72350e+10	0.00e+00	0.00e+00	8.79e-29	4.26e-19	2.65e-10	5.70e-01	4.30e-01	2.31e-04
 1.10251e+11	0.00e+00	6.48e-39	1.15e-28	5.17e-19	2.98e-10	5.90e-01	4.10e-01	2.03e-04
 1.44588e+11	0.00e+00	0.00e+00	1.51e-28	6.26e-19	3.33e-10	6.10e-01	3.90e-01	1.79e-04
 1.76437e+11	0.00e+00	1.26e-38	1.93e-28	7.43e-19	3.68e-10	6.28e-01	3.72e-01	1.59e-04
 2.04138e+11	0.00e+00	0.00e+00	2.36e-28	8.57e-19	4.00e-10	6.42e-01	3.58e-01	1.44e-04
 2.34861e+11	0.00e+00	2.17e-38	2.94e-28	9.98e-19	4.37e-10	6.58e-01	3.42e-01	1.29e-04
 2.72233e+11	0.00e+00	0.00e+00	3.79e-28	1.19e-18	4.84e-10	6.75e-01	3.25e-01	1.13e-04
 3.10000e+11	0.00e+00	4.15e-38	4.85e-28	1.42e-18	5.34e-10	6.92e-01	3.08e-01	9.98e-05
 3.44176e+11	0.00e+00	0.00e+00	6.01e-28	1.65e-18	5.82e-10	7.06e-01	2.93e-01	8.92e-05
 3.81937e+11	0.00e+00	7.40e-38	7.56e-28	1.93e-18	6.37e-10	7.21e-01	2.79e-01	7.90e-05
 4.26309e+11	0.00e+00	0.00e+00	9.79e-28	2.32e-18	7.05e-10	7.38e-01	2.62e-01	6.87e-05
 4.69944e+11	0.00e+00	1.43e-37	1.25e-27	2.74e-18	7.75e-10	7.53e-01	2.47e-01	6.01e-05
 5.10466e+11	0.00e+00	0.00e+00	1.55e-27	3.19e-18	8.43e-10	7.65e-01	2.35e-01	5.33e-05
 5.55953e+11	0.00e+00	2.58e-37	1.97e-27	3.76e-18	9.23e-10	7.79e-01	2.21e-01	4.67e-05
 6.08118e+11	0.00e+00	0.00e+00	2.56e-27	4.50e-18	1.02e-09	7.93e-01	2.07e-01	4.03e-05
 6.59520e+11	0.00e+00	5.01e-37	3.27e-27	5.33e-18	1.12e-09	8.06e-01	1.94e-01	3.50e-05
 7.12979e+11	0.00e+00	0.00e+00	4.18e-27	6.31e-18	1.23e-09	8.18e-01	1.82e-01	3.04e-05
 7.71425e+11	0.00e+00	9.71e-37	5.41e-27	7.53e-18	1.35e-09	8.30e-01	1.70e-01	2.61e-05
 8.30902e+11	0.00e+00	0.00e+00	6.97e-27	8.95e-18	1.48e-09	8.42e-01	1.58e-01	2.25e-05
 8.90193e+11	0.00e+00	1.86e-36	8.87e-27	1.06e-17	1.62e-09	8.52e-01	1.48e-01	1.95e-05
 9.53162e+11	6.96e-47	2.57e-36	1.14e-26	1.25e-17	1.77e-09	8.62e-01	1.38e-01	1.68e-05
 1.02122e+12	0.00e+00	0.00e+00	1.47e-26	1.49e-17	1.95e-09	8.72e-01	1.28e-01	1.44e-05
 1.09024e+12	0.00e+00	5.02e-36	1.89e-26	1.77e-17	2.13e-09	8.81e-01	1.19e-01	1.23e-05
 1.16202e+12	2.41e-46	6.99e-36	2.43e-26	2.10e-17	2.33e-09	8.89e-01	1.11e-01	1.05e-05
 1.23843e+12	0.00e+00	0.00e+00	3.14e-26	2.50e-17	2.56e-09	8.98e-01	1.02e-01	9.00e-06
 1.31078e+12	0.00e+00	1.33e-35	3.97e-26	2.93e-17	2.78e-09	9.05e-01	9.54e-02	7.77e-06
 1.37626e+12	7.53e-46	1.75e-35	4.87e-26	3.36e-17	2.99e-09	9.10e-01	8.97e-02	6.83e-06
 1.45004e+12	0.00e+00	0.00e+00	6.09e-26	3.92e-17	3.24e-09	9.16e-01	8.37e-02	5.93e-06
 1.53152e+12	0.00e+00	3.22e-35	7.74e-26	4.61e-17	3.53e-09	9.22e-01	7.78e-02	5.10e-06
 1.60736e+12	2.29e-45	4.28e-35	9.59e-26	5.32e-17	3.80e-09	9.27e-01	7.28e-02	4.45e-06
 1.69033e+12	0.00e+00	0.00e+00	1.20e-25	6.21e-17	4.12e-09	9.32e-01	6.78e-02	3.85e-06
 1.78693e+12	0.00e+00	8.09e-35	1.55e-25	7.38e-17	4.51e-09	9.37e-01	6.26e-02	3.26e-06
 1.88166e+12	7.53e-45	1.11e-34	1.98e-25	8.70e-17	4.91e-09	9.42e-01	5.79e-02	2.79e-06
 1.97089e+12	0.00e+00	0.00e+00	2.47e-25	1.01e-16	5.30e-09	9.46e-01	5.41e-02	2.42e-06
 2.07036e+12	0.00e+00	2.04e-34	3.13e-25	1.18e-16	5.76e-09	9.50e-01	5.01e-02	2.07e-06
 2.18310e+12	2.45e-44	2.87e-34	4.06e-25	1.41e-16	6.30e-09	9.54e-01	4.61e-02	1.75e-06
 2.29691e+12	0.00e+00	4.01e-34	5.22e-25	1.67e-16	6.88e-09	9.58e-01	4.25e-02	1.49e-06
 2.41527e+12	5.62e-44	5.60e-34	6.73e-25	1.99e-16	7.51e-09	9.61e-01	3.91e-02	1.26e-06
 2.54180e+12	0.00e+00	7.90e-34	8.74e-25	2.37e-16	8.23e-09	9.64e-01	3.59e-02	1.06e-06
 2.67340e+12	1.33e-43	1.12e-33	1.14e-24	2.83e-16	9.00e-09	9.67e-01	3.30e-02	8.90e-07
 2.81026e+12	0.00e+00	1.58e-33	1.48e-24	3.37e-16	9.86e-09	9.70e-01	3.03e-02	0.00e+00
 2.93782e+12	3.00e-43	2.15e-33	1.87e-24	3.96e-16	1.07e-08	9.72e-01	2.80e-02	0.00e+00
 3.05015e+12	0.00e+00	2.80e-33	2.28e-24	4.53e-16	1.15e-08	9.74e-01	2.62e-02	0.00e+00
 3.17559e+12	5.98e-43	3.74e-33	2.84e-24	5.26e-16	1.24e-08	9.76e-01	2.42e-02	0.00e+00
 3.32639e+12	0.00e+00	5.22e-33	3.66e-24	6.24e-16	1.35e-08	9.78e-01	2.23e-02	0.00e+00
 3.47913e+12	1.36e-42	7.24e-33	4.70e-24	7.38e-16	1.47e-08	9.79e-01	2.05e-02	0.00e+00
 3.62141e+12	0.00e+00	9.71e-33	5.87e-24	8.59e-16	1.59e-08	9.81e-01	1.90e-02	0.00e+00
 3.77961e+12	2.90e-42	1.33e-32	7.47e-24	1.01e-15	1.73e-08	9.82e-01	1.75e-02	0.00e+00
 3.96072e+12	0.00e+00	1.89e-32	9.74e-24	1.21e-15	1.90e-08	9.84e-01	1.60e-02	0.00e+00
 4.13833e+12	6.73e-42	2.62e-32	1.25e-23	1.44e-15	2.07e-08	9.85e-01	1.47e-02	0.00e+00
 4.30863e+12	0.00e+00	3.55e-32	1.58e-23	1.68e-15	2.25e-08	9.86e-01	1.36e-02	0.00e+00
 4.46969e+12	1.39e-41	4.70e-32	1.95e-23	1.94e-15	2.42e-08	9.87e-01	1.26e-02	0.00e+00
 4.62136e+12	0.00e+00	6.06e-32	2.38e-23	2.22e-15	2.60e-08	9.88e-01	1.18e-02	0.00e+00
 4.79533e+12	2.71e-41	8.05e-32	2.95e-23	2.57e-15	2.80e-08	9.89e-01	1.10e-02	0.00e+00
 4.99198e+12	0.00e+00	1.10e-31	3.74e-23	3.03e-15	3.05e-08	9.90e-01	1.01e-02	0.00e+00
 5.18014e+12	5.67e-41	1.46e-31	4.66e-23	3.52e-15	3.29e-08	9.91e-01	9.37e-03	0.00e+00
 5.38678e+12	0.00e+00	1.98e-31	5.89e-23	4.13e-15	3.58e-08	9.91e-01	8.64e-03	0.00e+00
 5.61535e+12	1.23e-40	2.75e-31	7.56e-23	4.91e-15	3.91e-08	9.92e-01	7.92e-03	0.00e+00
 5.82749e+12	0.00e+00	3.67e-31	9.46e-23	5.72e-15	4.23e-08	9.93e-01	7.32e-03	0.00e+00
 6.05831e+12	2.58e-40	4.98e-31	1.20e-22	6.73e-15	4.61e-08	9.93e-01	6.74e-03	0.00e+00
 6.31750e+12	0.00e+00	6.94e-31	1.54e-22	8.03e-15	5.05e-08	9.94e-01	6.15e-03	0.00e+00
 6.56355e+12	5.63e-40	9.38e-31	1.95e-22	9.44e-15	5.49e-08	9.94e-01	5.66e-03	0.00e+00
 6.82945e+12	0.00e+00	1.28e-30	2.49e-22	1.12e-14	6.00e-08	9.95e-01	5.19e-03	0.00e+00
 7.12512e+12	1.25e-39	1.80e-30	3.23e-22	1.34e-14	6.60e-08	9.95e-01	4.73e-03	0.00e+00
 7.40854e+12	0.00e+00	2.45e-30	4.11e-22	1.59e-14	7.21e-08	9.96e-01	4.33e-03	0.00e+00
 7.71075e+12	2.70e-39	3.36e-30	5.26e-22	1.89e-14	7.90e-08	9.96e-01	3.96e-03	0.00e+00
 8.03620e+12	0.00e+00	4.67e-30	6.80e-22	2.26e-14	8.69e-08	9.96e-01	3.60e-03	0.00e+00
 8.34557e+12	5.81e-39	6.30e-30	8.60e-22	2.66e-14	9.48e-08	9.97e-01	3.31e-03	0.00e+00
 8.68020e+12	0.00e+00	8.59e-30	1.10e-21	3.17e-14	1.04e-07	9.97e-01	3.02e-03	0.00e+00
 9.05734e+12	1.27e-38	1.20e-29	1.43e-21	3.82e-14	1.15e-07	9.97e-01	2.74e-03	0.00e+00
 9.43006e+12	0.00e+00	1.65e-29	1.83e-21	4.56e-14	1.26e-07	9.98e-01	2.49e-03	0.00e+00
 9.81213e+12	2.72e-38	2.24e-29	2.34e-21	5.44e-14	1.39e-07	9.98e-01	2.27e-03	0.00e+00
 1.01796e+13	0.00e+00	2.98e-29	2.94e-21	6.40e-14	1.52e-07	9.98e-01	2.08e-03	0.00e+00
 1.04946e+13	5.10e-38	3.77e-29	3.54e-21	7.33e-14	1.63e-07	9.98e-01	1.94e-03	0.00e+00
 1.08378e+13	0.00e+00	4.83e-29	4.31e-21	8.44e-14	1.76e-07	9.98e-01	1.80e-03	0.00e+00
 1.12127e+13	9.38e-38	6.26e-29	5.30e-21	9.82e-14	1.91e-07	9.98e-01	1.66e-03	0.00e+00
 1.15532e+13	0.00e+00	7.86e-29	6.36e-21	1.12e-13	2.05e-07	9.98e-01	1.54e-03	0.00e+00
 1.19202e+13	1.63e-37	9.95e-29	7.68e-21	1.29e-13	2.21e-07	9.99e-01	1.43e-03	0.00e+00
 1.23852e+13	0.00e+00	1.33e-28	9.67e-21	1.52e-13	2.42e-07	9.99e-01	1.31e-03	0.00e+00
 1.28527e+13	3.21e-37	1.75e-28	1.21e-20	1.79e-13	2.65e-07	9.99e-01	1.20e-03	0.00e+00
 1.32430e+13	0.00e+00	2.18e-28	1.44e-20	2.04e-13	2.84e-07	9.99e-01	1.12e-03	0.00e+00
 1.36577e+13	5.50e-37	2.74e-28	1.73e-20	2.33e-13	3.06e-07	9.99e-01	1.04e-03	0.00e+00
 1.41849e+13	0.00e+00	3.61e-28	2.17e-20	2.75e-13	3.35e-07	9.99e-01	9.50e-04	0.00e+00
 1.47400e+13	1.07e-36	4.78e-28	2.72e-20	3.24e-13	3.67e-07	9.99e-01	8.68e-04	0.00e+00
 1.52386e+13	0.00e+00	6.09e-28	3.30e-20	3.74e-13	3.97e-07	9.99e-01	8.03e-04	0.00e+00
 1.57823e+13	1.94e-36	7.85e-28	4.05e-20	4.34e-13	4.31e-07	9.99e-01	7.41e-04	0.00e+00
 1.64263e+13	0.00e+00	1.05e-27	5.11e-20	5.15e-13	4.73e-07	9.99e-01	6.75e-04	0.00e+00
 1.70629e+13	3.81e-36	1.38e-27	6.36e-20	6.05e-13	5.17e-07	9.99e-01	6.18e-04	0.00e+00
 1.76485e+13	0.00e+00	1.76e-27	7.73e-20	6.97e-13	5.58e-07	9.99e-01	5.72e-04	0.00e+00
 1.83058e+13	6.99e-36	2.28e-27	9.55e-20	8.13e-13	6.07e-07	9.99e-01	5.27e-04	0.00e+00
 1.90659e+13	0.00e+00	3.06e-27	1.21e-19	9.63e-13	6.67e-07	1.00e+00	4.80e-04	0.00e+00
 1.98116e+13	1.38e-35	4.02e-27	1.50e-19	1.13e-12	7.28e-07	1.00e+00	4.40e-04	0.00e+00
 2.04576e+13	0.00e+00	5.07e-27	1.81e-19	1.29e-12	7.83e-07	1.00e+00	4.09e-04	0.00e+00
 2.10033e+13	2.29e-35	6.12e-27	2.10e-19	1.44e-12	8.31e-07	1.00e+00	3.86e-04	0.00e+00
 2.15941e+13	0.00e+00	7.47e-27	2.46e-19	1.62e-12	8.85e-07	1.00e+00	3.63e-04	0.00e+00
 2.23621e+13	3.93e-35	9.58e-27	3.01e-19	1.87e-12	9.57e-07	1.00e+00	3.35e-04	0.00e+00
 2.31634e+13	0.00e+00	1.23e-26	3.68e-19	2.16e-12	1.04e-06	1.00e+00	3.10e-04	0.00e+00
 2.38438e+13	6.80e-35	1.51e-26	4.34e-19	2.43e-12	1.11e-06	1.00e+00	2.90e-04	0.00e+00
 2.45642e+13	0.00e+00	1.88e-26	5.14e-19	2.75e-12	1.18e-06	1.00e+00	2.72e-04	0.00e+00
 2.54858e+13	1.21e-34	2.45e-26	6.34e-19	3.19e-12	1.28e-06	1.00e+00	2.51e-04	0.00e+00
 2.64406e+13	0.00e+00	3.18e-26	7.82e-19	3.71e-12	1.39e-06	1.00e+00	2.31e-04	0.00e+00
 2.72670e+13	2.17e-34	3.96e-26	9.32e-19	4.21e-12	1.49e-06	1.00e+00	2.16e-04	0.00e+00
 2.81549e+13	2.89e-34	5.01e-26	1.12e-18	4.80e-12	1.60e-06	1.00e+00	2.01e-04	0.00e+00
 2.92449e+13	4.00e-34	6.56e-26	1.39e-18	5.60e-12	1.74e-06	1.00e+00	1.85e-04	0.00e+00
 3.03160e+13	5.46e-34	8.49e-26	1.71e-18	6.49e-12	1.89e-06	1.00e+00	1.71e-04	0.00e+00
 3.12235e+13	7.06e-34	1.05e-25	2.02e-18	7.31e-12	2.01e-06	1.00e+00	1.60e-04	0.00e+00
 3.22002e+13	9.26e-34	1.31e-25	2.41e-18	8.28e-12	2.15e-06	1.00e+00	1.50e-04	0.00e+00
 3.34222e+13	1.28e-33	1.71e-25	2.98e-18	9.64e-12	2.34e-06	1.00e+00	1.38e-04	0.00e+00
 3.46704e+13	1.75e-33	2.23e-25	3.67e-18	1.12e-11	2.54e-06	1.00e+00	1.27e-04	0.00e+00
 3.57618e+13	2.31e-33	2.80e-25	4.39e-18	1.27e-11	2.71e-06	1.00e+00	1.19e-04	0.00e+00
 3.69418e+13	3.07e-33	3.54e-25	5.29e-18	1.45e-11	2.91e-06	1.00e+00	1.11e-04	0.00e+00
 3.83760e+13	4.26e-33	4.64e-25	6.57e-18	1.69e-11	3.17e-06	1.00e+00	1.02e-04	0.00e+00
 3.98135e+13	5.91e-33	6.08e-25	8.11e-18	1.96e-11	3.43e-06	1.00e+00	9.44e-05	0.00e+00
 4.11090e+13	7.81e-33	7.65e-25	9.74e-18	2.23e-11	3.68e-06	1.00e+00	8.80e-05	0.00e+00
 4.25469e+13	1.06e-32	9.83e-25	1.19e-17	2.56e-11	3.96e-06	1.00e+00	8.17e-05	0.00e+00
 4.42418e+13	1.49e-32	1.30e-24	1.48e-17	2.99e-11	4.32e-06	1.00e+00	7.51e-05	0.00e+00
 4.59227e+13	2.08e-32	1.72e-24	1.84e-17	3.48e-11	4.67e-06	1.00e+00	6.94e-05	0.00e+00
 4.75031e+13	2.81e-32	2.20e-24	2.24e-17	3.99e-11	5.03e-06	1.00e+00	6.45e-05	0.00e+00
 4.92653e+13	3.88e-32	2.87e-24	2.76e-17	4.61e-11	5.44e-06	1.00e+00	5.96e-05	0.00e+00
 5.12659e+13	5.51e-32	3.83e-24	3.47e-17	5.42e-11	5.93e-06	1.00e+00	5.47e-05	0.00e+00
 5.32634e+13	7.78e-32	5.08e-24	4.32e-17	6.31e-11	6.44e-06	1.00e+00	5.04e-05	0.00e+00
 5.53409e+13	1.10e-31	6.75e-24	5.40e-17	7.36e-11	6.98e-06	1.00e+00	4.65e-05	0.00e+00
 5.74024e+13	1.53e-31	8.85e-24	6.67e-17	8.52e-11	7.55e-06	1.00e+00	4.30e-05	0.00e+00
 5.92523e+13	2.04e-31	1.12e-23	8.02e-17	9.67e-11	8.07e-06	1.00e+00	4.03e-05	0.00e+00
 6.09354e+13	2.63e-31	1.38e-23	9.44e-17	1.08e-10	8.57e-06	1.00e+00	3.80e-05	0.00e+00
 6.27635e+13	3.46e-31	1.72e-23	1.12e-16	1.22e-10	9.11e-06	1.00e+00	3.57e-05	0.00e+00
 6.50876e+13	4.85e-31	2.27e-23	1.39e-16	1.41e-10	9.83e-06	1.00e+00	3.31e-05	0.00e+00
 6.74351e+13	6.66e-31	2.95e-23	1.70e-16	1.62e-10	1.06e-05	1.00e+00	3.07e-05	0.00e+00
 6.93837e+13	8.71e-31	3.67e-23	2.01e-16	1.82e-10	1.12e-05	1.00e+00	2.89e-05	0.00e+00
 7.14352e+13	1.15e-30	4.58e-23	2.39e-16	2.04e-10	1.19e-05	1.00e+00	2.72e-05	0.00e+00
 7.40615e+13	1.62e-30	6.05e-23	2.95e-16	2.36e-10	1.29e-05	1.00e+00	2.53e-05	0.00e+00
 7.68167e+13	2.26e-30	7.95e-23	3.65e-16	2.73e-10	1.39e-05	1.00e+00	2.35e-05	0.00e+00
 7.92088e+13	3.02e-30	1.01e-22	4.38e-16	3.08e-10	1.48e-05	1.00e+00	2.20e-05	0.00e+00
 8.17476e+13	4.09e-30	1.28e-22	5.27e-16	3.49e-10	1.58e-05	1.00e+00	2.07e-05	0.00e+00
 8.48611e+13	5.86e-30	1.72e-22	6.57e-16	4.05e-10	1.70e-05	1.00e+00	1.92e-05	0.00e+00
 8.80092e+13	8.23e-30	2.26e-22	8.14e-16	4.69e-10	1.83e-05	1.00e+00	1.78e-05	0.00e+00
 9.07938e+13	1.11e-29	2.89e-22	9.79e-16	5.31e-10	1.95e-05	1.00e+00	1.67e-05	0.00e+00
 9.38185e+13	1.53e-29	3.73e-22	1.19e-15	6.04e-10	2.08e-05	1.00e+00	1.56e-05	0.00e+00
 9.74537e+13	2.23e-29	5.04e-22	1.49e-15	7.03e-10	2.25e-05	1.00e+00	1.45e-05	0.00e+00
 1.01119e+14	3.16e-29	6.68e-22	1.85e-15	8.14e-10	2.42e-05	1.00e+00	1.34e-05	0.00e+00
 1.04479e+14	4.36e-29	8.65e-22	2.25e-15	9.27e-10	2.58e-05	1.00e+00	1.26e-05	0.00e+00
 1.08205e+14	6.19e-29	1.15e-21	2.77e-15	1.07e-09	2.77e-05	1.00e+00	1.18e-05	0.00e+00
 1.12533e+14	9.00e-29	1.55e-21	3.50e-15	1.25e-09	3.00e-05	1.00e+00	1.09e-05	0.00e+00
 1.16791e+14	1.30e-28	2.08e-21	4.37e-15	1.44e-09	3.22e-05	1.00e+00	1.01e-05	0.00e+00
 1.21220e+14	1.89e-28	2.81e-21	5.45e-15	1.67e-09	3.47e-05	1.00e+00	9.38e-06	0.00e+00
 1.26098e+14	2.80e-28	3.84e-21	6.90e-15	1.96e-09	3.75e-05	1.00e+00	8.68e-06	0.00e+00
 1.31026e+14	4.09e-28	5.20e-21	8.68e-15	2.28e-09	4.04e-05	1.00e+00	8.05e-06	0.00e+00
 1.36151e+14	5.98e-28	7.05e-21	1.09e-14	2.65e-09	4.36e-05	1.00e+00	7.46e-06	0.00e+00
 1.41627e+14	8.82e-28	9.63e-21	1.38e-14	3.10e-09	4.71e-05	1.00e+00	6.90e-06	0.00e+00
 1.46847e+14	1.26e-27	1.28e-20	1.71e-14	3.58e-09	5.06e-05	1.00e+00	6.42e-06	0.00e+00
 1.51194e+14	1.68e-27	1.62e-20	2.04e-14	4.02e-09	5.36e-05	1.00e+00	6.07e-06	0.00e+00
 1.55605e+14	2.23e-27	2.03e-20	2.42e-14	4.51e-09	5.67e-05	1.00e+00	5.73e-06	0.00e+00
 1.61275e+14	3.21e-27	2.71e-20	3.01e-14	5.19e-09	6.08e-05	1.00e+00	5.35e-06	0.00e+00
 1.67160e+14	4.52e-27	3.57e-20	3.72e-14	5.99e-09	6.53e-05	1.00e+00	4.98e-06	0.00e+00
 1.72174e+14	6.05e-27	4.52e-20	4.44e-14	6.74e-09	6.92e-05	1.00e+00	4.70e-06	0.00e+00
 1.77477e+14	8.23e-27	5.77e-20	5.33e-14	7.60e-09	7.34e-05	1.00e+00	4.42e-06	0.00e+00
 1.84099e+14	1.18e-26	7.70e-20	6.63e-14	8.79e-09	7.89e-05	1.00e+00	4.11e-06	0.00e+00
 1.90972e+14	1.67e-26	1.02e-19	8.25e-14	1.02e-08	8.49e-05	1.00e+00	3.82e-06	0.00e+00
 1.97176e+14	2.29e-26	1.32e-19	1.00e-13	1.16e-08	9.04e-05	1.00e+00	3.59e-06	0.00e+00
 2.03972e+14	3.22e-26	1.73e-19	1.22e-13	1.32e-08	9.67e-05	1.00e+00	3.36e-06	0.00e+00
 2.11984e+14	4.68e-26	2.34e-19	1.54e-13	1.54e-08	1.04e-04	1.00e+00	3.11e-06	0.00e+00
 2.19605e+14	6.51e-26	3.06e-19	1.90e-13	1.77e-08	1.12e-04	1.00e+00	2.90e-06	0.00e+00
 2.26202e+14	8.69e-26	3.86e-19	2.27e-13	2.00e-08	1.19e-04	1.00e+00	2.73e-06	0.00e+00
 2.33441e+14	1.19e-25	4.96e-19	2.75e-13	2.26e-08	1.26e-04	1.00e+00	2.57e-06	0.00e+00
 2.42299e+14	1.68e-25	6.58e-19	3.43e-13	2.62e-08	1.36e-04	1.00e+00	2.38e-06	0.00e+00
 2.51236e+14	2.41e-25	8.78e-19	4.26e-13	3.03e-08	1.46e-04	1.00e+00	2.21e-06	0.00e+00
 2.59200e+14	3.18e-25	1.11e-18	5.13e-13	3.44e-08	1.56e-04	1.00e+00	2.08e-06	0.00e+00
 2.67922e+14	4.45e-25	1.44e-18	6.26e-13	3.92e-08	1.67e-04	1.00e+00	1.95e-06	0.00e+00
 2.78323e+14	6.27e-25	1.92e-18	7.85e-13	4.56e-08	1.80e-04	1.00e+00	1.80e-06	0.00e+00
 2.88601e+14	8.84e-25	2.54e-18	9.74e-13	5.27e-08	1.94e-04	1.00e+00	1.67e-06	0.00e+00
 2.97898e+14	1.19e-24	3.23e-18	1.18e-12	5.99e-08	2.06e-04	1.00e+00	1.57e-06	0.00e+00
 3.08226e+14	1.64e-24	4.20e-18	1.44e-12	6.86e-08	2.21e-04	1.00e+00	1.47e-06	0.00e+00
 3.20360e+14	2.34e-24	5.62e-18	1.82e-12	8.01e-08	2.39e-04	1.00e+00	1.35e-06	0.00e+00
 3.32311e+14	3.35e-24	7.50e-18	2.26e-12	9.26e-08	2.57e-04	1.00e+00	1.26e-06	0.00e+00
 3.43460e+14	4.47e-24	9.54e-18	2.75e-12	1.06e-07	2.75e-04	1.00e+00	1.18e-06	0.00e+00
 3.55948e+14	6.32e-24	1.26e-17	3.40e-12	1.22e-07	2.96e-04	1.00e+00	1.09e-06	0.00e+00
 3.70216e+14	8.89e-24	1.68e-17	4.29e-12	1.43e-07	3.21e-04	1.00e+00	1.01e-06	0.00e+00
 3.84291e+14	1.25e-23	2.23e-17	5.36e-12	1.66e-07	3.46e-04	1.00e+00	9.35e-07	0.00e+00
 3.97153e+14	1.71e-23	2.87e-17	6.52e-12	1.89e-07	3.70e-04	1.00e+00	0.00e+00	0.00e+00
 4.11092e+14	2.35e-23	3.72e-17	8.00e-12	2.17e-07	3.97e-04	1.00e+00	0.00e+00	0.00e+00
 4.26822e+14	3.24e-23	4.87e-17	9.99e-12	2.52e-07	4.29e-04	1.00e+00	0.00e+00	0.00e+00
 4.41885e+14	4.52e-23	6.38e-17	1.23e-11	2.90e-07	4.60e-04	1.00e+00	0.00e+00	0.00e+00
 4.54844e+14	5.74e-23	7.82e-17	1.46e-11	3.25e-07	4.88e-04	1.00e+00	0.00e+00	0.00e+00
 4.66237e+14	7.29e-23	9.49e-17	1.69e-11	3.59e-07	5.13e-04	9.99e-01	0.00e+00	0.00e+00
 4.79222e+14	9.20e-23	1.15e-16	1.99e-11	4.01e-07	5.43e-04	9.99e-01	0.00e+00	0.00e+00
 4.96102e+14	1.28e-22	1.51e-16	2.44e-11	4.60e-07	5.82e-04	9.99e-01	0.00e+00	0.00e+00
 5.13747e+14	1.71e-22	1.93e-16	3.00e-11	5.29e-07	6.26e-04	9.99e-01	0.00e+00	0.00e+00
 5.28695e+14	2.21e-22	2.39e-16	3.56e-11	5.93e-07	6.63e-04	9.99e-01	0.00e+00	0.00e+00
 5.44438e+14	2.92e-22	2.99e-16	4.24e-11	6.67e-07	7.04e-04	9.99e-01	0.00e+00	0.00e+00
 5.64419e+14	3.94e-22	3.87e-16	5.25e-11	7.71e-07	7.58e-04	9.99e-01	0.00e+00	0.00e+00
 5.85174e+14	5.55e-22	5.10e-16	6.50e-11	8.90e-07	8.16e-04	9.99e-01	0.00e+00	0.00e+00
 6.03437e+14	7.13e-22	6.32e-16	7.80e-11	1.01e-06	8.69e-04	9.99e-01	0.00e+00	0.00e+00
 6.23195e+14	9.57e-22	8.06e-16	9.44e-11	1.14e-06	9.28e-04	9.99e-01	0.00e+00	0.00e+00
 6.47064e+14	1.32e-21	1.06e-15	1.18e-10	1.33e-06	1.00e-03	9.99e-01	0.00e+00	0.00e+00
 6.70725e+14	1.85e-21	1.39e-15	1.46e-10	1.54e-06	1.08e-03	9.99e-01	0.00e+00	0.00e+00
 6.91745e+14	2.37e-21	1.72e-15	1.75e-10	1.74e-06	1.15e-03	9.99e-01	0.00e+00	0.00e+00
 7.14887e+14	3.20e-21	2.20e-15	2.13e-10	1.98e-06	1.23e-03	9.99e-01	0.00e+00	0.00e+00
 7.42542e+14	4.41e-21	2.89e-15	2.66e-10	2.31e-06	1.33e-03	9.99e-01	0.00e+00	0.00e+00
 7.69966e+14	6.15e-21	3.80e-15	3.30e-10	2.67e-06	1.43e-03	9.99e-01	0.00e+00	0.00e+00
 7.94950e+14	8.00e-21	4.76e-15	3.98e-10	3.03e-06	1.53e-03	9.98e-01	0.00e+00	0.00e+00
 8.22861e+14	1.08e-20	6.13e-15	4.89e-10	3.48e-06	1.64e-03	9.98e-01	0.00e+00	0.00e+00
 8.55424e+14	1.51e-20	8.10e-15	6.14e-10	4.06e-06	1.78e-03	9.98e-01	0.00e+00	0.00e+00
 8.87376e+14	2.07e-20	1.06e-14	7.63e-10	4.70e-06	1.92e-03	9.98e-01	0.00e+00	0.00e+00
 9.17417e+14	2.73e-20	1.33e-14	9.28e-10	5.37e-06	2.06e-03	9.98e-01	0.00e+00	0.00e+00
 9.50955e+14	3.73e-20	1.73e-14	1.15e-09	6.20e-06	2.22e-03	9.98e-01	0.00e+00	0.00e+00
 9.89023e+14	5.16e-20	2.29e-14	1.44e-09	7.26e-06	2.42e-03	9.98e-01	0.00e+00	0.00e+00
 1.02092e+15	6.76e-20	2.87e-14	1.74e-09	8.25e-06	2.58e-03	9.97e-01	0.00e+00	0.00e+00
 1.04388e+15	8.14e-20	3.36e-14	1.98e-09	9.02e-06	2.71e-03	9.97e-01	0.00e+00	0.00e+00
 1.06796e+15	9.82e-20	3.95e-14	2.27e-09	9.88e-06	2.84e-03	9.97e-01	0.00e+00	0.00e+00
 1.09925e+15	1.25e-19	4.84e-14	2.69e-09	1.11e-05	3.03e-03	9.97e-01	0.00e+00	0.00e+00
 1.13384e+15	1.61e-19	6.01e-14	3.22e-09	1.26e-05	3.23e-03	9.97e-01	0.00e+00	0.00e+00
 1.16593e+15	2.03e-19	7.32e-14	3.80e-09	1.40e-05	3.43e-03	9.97e-01	0.00e+00	0.00e+00
 1.20085e+15	2.58e-19	9.01e-14	4.51e-09	1.58e-05	3.66e-03	9.96e-01	0.00e+00	0.00e+00
 1.23985e+15	3.34e-19	1.12e-13	5.44e-09	1.80e-05	3.92e-03	9.96e-01	0.00e+00	0.00e+00
 1.27685e+15	4.27e-19	1.38e-13	6.46e-09	2.02e-05	4.18e-03	9.96e-01	0.00e+00	0.00e+00
 1.31767e+15	5.47e-19	1.72e-13	7.77e-09	2.29e-05	4.48e-03	9.96e-01	0.00e+00	0.00e+00
 1.36319e+15	7.24e-19	2.18e-13	9.48e-09	2.63e-05	4.82e-03	9.95e-01	0.00e+00	0.00e+00
 1.40594e+15	9.22e-19	2.69e-13	1.14e-08	2.98e-05	5.16e-03	9.95e-01	0.00e+00	0.00e+00
 1.45261e+15	1.21e-18	3.39e-13	1.37e-08	3.39e-05	5.55e-03	9.94e-01	0.00e+00	0.00e+00
 1.50507e+15	1.60e-18	4.33e-13	1.69e-08	3.91e-05	6.01e-03	9.94e-01	0.00e+00	0.00e+00
 1.55470e+15	2.08e-18	5.43e-13	2.05e-08	4.45e-05	6.45e-03	9.94e-01	0.00e+00	0.00e+00
 1.60884e+15	2.72e-18	6.86e-13	2.50e-08	5.11e-05	6.97e-03	9.93e-01	0.00e+00	0.00e+00
 1.66881e+15	3.61e-18	8.78e-13	3.10e-08	5.91e-05	7.55e-03	9.92e-01	0.00e+00	0.00e+00
 1.72442e+15	4.76e-18	1.11e-12	3.75e-08	6.74e-05	8.13e-03	9.92e-01	0.00e+00	0.00e+00
 1.78480e+15	6.26e-18	1.41e-12	4.59e-08	7.74e-05	8.78e-03	9.91e-01	0.00e+00	0.00e+00
 1.85234e+15	8.46e-18	1.83e-12	5.72e-08	8.98e-05	9.54e-03	9.90e-01	0.00e+00	0.00e+00
 1.91579e+15	1.11e-17	2.31e-12	6.98e-08	1.03e-04	1.03e-02	9.90e-01	0.00e+00	0.00e+00
 1.98476e+15	1.48e-17	2.96e-12	8.60e-08	1.18e-04	1.11e-02	9.89e-01	0.00e+00	0.00e+00
 2.06191e+15	2.02e-17	3.88e-12	1.08e-07	1.38e-04	1.21e-02	9.88e-01	0.00e+00	0.00e+00
 2.13475e+15	2.67e-17	4.94e-12	1.32e-07	1.58e-04	1.31e-02	9.87e-01	0.00e+00	0.00e+00
 2.21277e+15	3.60e-17	6.39e-12	1.64e-07	1.83e-04	1.42e-02	9.86e-01	0.00e+00	0.00e+00
 2.30131e+15	4.96e-17	8.43e-12	2.07e-07	2.14e-04	1.55e-02	9.84e-01	0.00e+00	0.00e+00
 2.37495e+15	6.48e-17	1.06e-11	2.50e-07	2.42e-04	1.66e-02	9.83e-01	0.00e+00	0.00e+00
 2.42684e+15	7.75e-17	1.23e-11	2.84e-07	2.64e-04	1.75e-02	9.82e-01	0.00e+00	0.00e+00
 2.48062e+15	9.31e-17	1.45e-11	3.24e-07	2.88e-04	1.83e-02	9.81e-01	0.00e+00	0.00e+00
 2.55053e+15	1.15e-16	1.74e-11	3.82e-07	3.22e-04	1.95e-02	9.80e-01	0.00e+00	0.00e+00
 2.62884e+15	1.66e-16	2.20e-11	4.59e-07	3.63e-04	2.09e-02	9.79e-01	0.00e+00	0.00e+00
 2.70252e+15	2.05e-16	2.65e-11	5.41e-07	4.06e-04	2.22e-02	9.77e-01	0.00e+00	0.00e+00
 2.78275e+15	2.70e-16	3.32e-11	6.46e-07	4.56e-04	2.37e-02	9.76e-01	0.00e+00	0.00e+00
 2.87195e+15	3.54e-16	4.18e-11	7.80e-07	5.17e-04	2.53e-02	9.74e-01	0.00e+00	0.00e+00
 2.95603e+15	4.45e-16	5.11e-11	9.29e-07	5.80e-04	2.70e-02	9.72e-01	0.00e+00	0.00e+00
 3.04856e+15	6.00e-16	6.50e-11	1.12e-06	6.56e-04	2.89e-02	9.70e-01	0.00e+00	0.00e+00
 3.15186e+15	7.76e-16	8.17e-11	1.37e-06	7.49e-04	3.11e-02	9.68e-01	0.00e+00	0.00e+00
 3.25013e+15	1.06e-15	1.04e-10	1.65e-06	8.46e-04	3.33e-02	9.66e-01	0.00e+00	0.00e+00
 3.35884e+15	1.36e-15	1.31e-10	2.01e-06	9.65e-04	3.57e-02	9.63e-01	0.00e+00	0.00e+00
 3.48148e+15	1.95e-15	1.75e-10	2.50e-06	1.11e-03	3.86e-02	9.60e-01	0.00e+00	0.00e+00
 3.59839e+15	2.53e-15	2.20e-10	3.06e-06	1.27e-03	4.14e-02	9.57e-01	0.00e+00	0.00e+00
 3.72653e+15	3.55e-15	2.90e-10	3.79e-06	1.46e-03	4.47e-02	9.54e-01	0.00e+00	0.00e+00
 3.86801e+15	4.83e-15	3.79e-10	4.75e-06	1.69e-03	4.84e-02	9.50e-01	0.00e+00	0.00e+00
 3.99902e+15	6.55e-15	4.88e-10	5.82e-06	1.93e-03	5.20e-02	9.46e-01	0.00e+00	0.00e+00
 4.14155e+15	9.00e-15	6.37e-10	7.21e-06	2.22e-03	5.60e-02	9.42e-01	0.00e+00	0.00e+00
 4.30144e+15	1.33e-14	8.71e-10	9.10e-06	2.58e-03	6.08e-02	9.37e-01	0.00e+00	0.00e+00
 4.45296e+15	1.81e-14	1.13e-09	1.12e-05	2.96e-03	6.53e-02	9.32e-01	0.00e+00	0.00e+00
 4.61565e+15	2.45e-14	1.47e-09	1.40e-05	3.41e-03	7.04e-02	9.26e-01	0.00e+00	0.00e+00
 4.79634e+15	3.49e-14	1.97e-09	1.77e-05	3.98e-03	7.63e-02	9.20e-01	0.00e+00	0.00e+00
 4.94459e+15	4.87e-14	2.55e-09	2.13e-05	4.49e-03	8.13e-02	9.14e-01	0.00e+00	0.00e+00
 5.05141e+15	5.95e-14	3.01e-09	2.43e-05	4.88e-03	8.50e-02	9.10e-01	0.00e+00	0.00e+00
 5.16351e+15	7.31e-14	3.57e-09	2.78e-05	5.32e-03	8.89e-02	9.06e-01	0.00e+00	0.00e+00
 5.30924e+15	9.18e-14	4.36e-09	3.29e-05	5.94e-03	9.40e-02	9.00e-01	0.00e+00	0.00e+00
 5.47191e+15	1.26e-13	5.62e-09	3.97e-05	6.70e-03	1.00e-01	8.93e-01	0.00e+00	0.00e+00
 5.62357e+15	1.58e-13	6.84e-09	4.68e-05	7.45e-03	1.06e-01	8.87e-01	0.00e+00	0.00e+00
 5.78768e+15	2.15e-13	8.71e-09	5.60e-05	8.35e-03	1.12e-01	8.80e-01	0.00e+00	0.00e+00
 5.97093e+15	2.89e-13	1.11e-08	6.78e-05	9.44e-03	1.19e-01	8.71e-01	0.00e+00	0.00e+00
 6.14360e+15	3.66e-13	1.37e-08	8.05e-05	1.05e-02	1.26e-01	8.64e-01	0.00e+00	0.00e+00
 6.33261e+15	4.86e-13	1.73e-08	9.69e-05	1.19e-02	1.34e-01	8.54e-01	0.00e+00	0.00e+00
 6.54413e+15	6.95e-13	2.29e-08	1.19e-04	1.35e-02	1.43e-01	8.44e-01	0.00e+00	0.00e+00
 6.74308e+15	9.14e-13	2.88e-08	1.43e-04	1.52e-02	1.51e-01	8.34e-01	0.00e+00	0.00e+00
 6.95990e+15	1.20e-12	3.65e-08	1.73e-04	1.72e-02	1.60e-01	8.23e-01	0.00e+00	0.00e+00
 7.19994e+15	1.74e-12	4.88e-08	2.13e-04	1.96e-02	1.71e-01	8.09e-01	0.00e+00	0.00e+00
 7.42256e+15	2.32e-12	6.20e-08	2.57e-04	2.21e-02	1.81e-01	7.97e-01	0.00e+00	0.00e+00
 7.66437e+15	3.14e-12	7.96e-08	3.13e-04	2.50e-02	1.92e-01	7.83e-01	0.00e+00	0.00e+00
 7.93037e+15	4.22e-12	1.02e-07	3.84e-04	2.84e-02	2.04e-01	7.68e-01	0.00e+00	0.00e+00
 8.17840e+15	5.95e-12	1.34e-07	4.66e-04	3.21e-02	2.15e-01	7.52e-01	0.00e+00	0.00e+00
 8.41555e+15	7.83e-12	1.68e-07	5.55e-04	3.58e-02	2.26e-01	7.37e-01	0.00e+00	0.00e+00
 8.68793e+15	1.06e-11	2.16e-07	6.74e-04	4.04e-02	2.39e-01	7.20e-01	0.00e+00	0.00e+00
 8.98478e+15	1.42e-11	2.77e-07	8.26e-04	4.58e-02	2.52e-01	7.01e-01	0.00e+00	0.00e+00
 9.25450e+15	1.98e-11	3.61e-07	9.94e-04	5.13e-02	2.65e-01	6.82e-01	0.00e+00	0.00e+00
 9.50583e+15	2.57e-11	4.47e-07	1.17e-03	5.67e-02	2.77e-01	6.65e-01	0.00e+00	0.00e+00
 9.79219e+15	3.41e-11	5.65e-07	1.41e-03	6.34e-02	2.90e-01	6.45e-01	0.00e+00	0.00e+00
 1.00804e+16	4.40e-11	7.01e-07	1.68e-03	7.05e-02	3.02e-01	6.26e-01	0.00e+00	0.00e+00
 1.03216e+16	5.57e-11	8.50e-07	1.94e-03	7.70e-02	3.13e-01	6.08e-01	0.00e+00	0.00e+00
 1.05858e+16	7.15e-11	1.04e-06	2.27e-03	8.45e-02	3.24e-01	5.89e-01	0.00e+00	0.00e+00
 1.08746e+16	9.32e-11	1.30e-06	2.68e-03	9.33e-02	3.36e-01	5.68e-01	0.00e+00	0.00e+00
 1.11423e+16	1.19e-10	1.59e-06	3.12e-03	1.02e-01	3.47e-01	5.48e-01	0.00e+00	0.00e+00
 1.14374e+16	1.63e-10	2.02e-06	3.70e-03	1.12e-01	3.59e-01	5.25e-01	0.00e+00	0.00e+00
 1.17416e+16	2.08e-10	2.49e-06	4.35e-03	1.23e-01	3.69e-01	5.03e-01	0.00e+00	0.00e+00
 1.20114e+16	2.56e-10	2.96e-06	5.01e-03	1.34e-01	3.78e-01	4.83e-01	0.00e+00	0.00e+00
 1.23161e+16	3.48e-10	3.76e-06	5.90e-03	1.47e-01	3.88e-01	4.59e-01	0.00e+00	0.00e+00
 1.26388e+16	4.46e-10	4.62e-06	6.94e-03	1.61e-01	3.97e-01	4.35e-01	0.00e+00	0.00e+00
 1.29241e+16	5.48e-10	5.50e-06	7.99e-03	1.74e-01	4.04e-01	4.14e-01	0.00e+00	0.00e+00
 1.32341e+16	7.02e-10	6.74e-06	9.33e-03	1.89e-01	4.11e-01	3.91e-01	0.00e+00	0.00e+00
 1.35734e+16	9.77e-10	8.70e-06	1.11e-02	2.06e-01	4.18e-01	3.65e-01	0.00e+00	0.00e+00
 1.38769e+16	1.24e-09	1.05e-05	1.28e-02	2.23e-01	4.22e-01	3.43e-01	0.00e+00	0.00e+00
 1.41557e+16	1.55e-09	1.26e-05	1.46e-02	2.38e-01	4.25e-01	3.22e-01	0.00e+00	0.00e+00
 1.44762e+16	1.98e-09	1.55e-05	1.70e-02	2.57e-01	4.27e-01	2.99e-01	0.00e+00	0.00e+00
 1.48123e+16	2.63e-09	1.94e-05	2.00e-02	2.78e-01	4.27e-01	2.75e-01	0.00e+00	0.00e+00
 1.50917e+16	3.28e-09	2.31e-05	2.27e-02	2.95e-01	4.26e-01	2.56e-01	0.00e+00	0.00e+00
 1.53404e+16	4.02e-09	2.72e-05	2.55e-02	3.11e-01	4.24e-01	2.39e-01	0.00e+00	0.00e+00
 1.56262e+16	5.04e-09	3.25e-05	2.92e-02	3.31e-01	4.20e-01	2.20e-01	0.00e+00	0.00e+00
 1.59332e+16	6.64e-09	4.04e-05	3.38e-02	3.52e-01	4.14e-01	2.00e-01	0.00e+00	0.00e+00
 1.61954e+16	8.07e-09	4.73e-05	3.80e-02	3.70e-01	4.08e-01	1.84e-01	0.00e+00	0.00e+00
 1.64277e+16	9.51e-09	5.42e-05	4.23e-02	3.87e-01	4.01e-01	1.70e-01	0.00e+00	0.00e+00
 1.66933e+16	1.27e-08	6.75e-05	4.84e-02	4.07e-01	3.92e-01	1.53e-01	0.00e+00	0.00e+00
 1.69674e+16	1.52e-08	7.83e-05	5.47e-02	4.26e-01	3.81e-01	1.38e-01	0.00e+00	0.00e+00
 1.72014e+16	2.01e-08	9.63e-05	6.17e-02	4.44e-01	3.70e-01	1.24e-01	0.00e+00	0.00e+00
 1.74092e+16	2.45e-08	1.12e-04	6.82e-02	4.60e-01	3.59e-01	1.13e-01	0.00e+00	0.00e+00
 1.76033e+16	2.90e-08	1.28e-04	7.50e-02	4.74e-01	3.48e-01	1.03e-01	0.00e+00	0.00e+00
 1.78249e+16	3.45e-08	1.48e-04	8.36e-02	4.90e-01	3.34e-01	9.20e-02	0.00e+00	0.00e+00
 1.80650e+16	4.35e-08	1.77e-04	9.42e-02	5.08e-01	3.17e-01	8.05e-02	0.00e+00	0.00e+00
 1.82705e+16	5.45e-08	2.09e-04	1.05e-01	5.22e-01	3.02e-01	7.10e-02	0.00e+00	0.00e+00
 1.84398e+16	6.99e-08	2.50e-04	1.15e-01	5.34e-01	2.88e-01	6.30e-02	0.00e+00	0.00e+00
 1.85923e+16	7.99e-08	2.78e-04	1.24e-01	5.43e-01	2.75e-01	5.67e-02	0.00e+00	0.00e+00
 1.87626e+16	9.65e-08	3.21e-04	1.36e-01	5.54e-01	2.60e-01	4.98e-02	0.00e+00	0.00e+00
 1.89463e+16	1.32e-07	4.00e-04	1.51e-01	5.64e-01	2.42e-01	4.20e-02	0.00e+00	0.00e+00
 1.90956e+16	1.58e-07	4.59e-04	1.64e-01	5.72e-01	2.27e-01	3.67e-02	0.00e+00	0.00e+00
 1.92156e+16	1.85e-07	5.16e-04	1.75e-01	5.77e-01	2.14e-01	3.25e-02	0.00e+00	0.00e+00
 1.93493e+16	2.08e-07	5.67e-04	1.88e-01	5.83e-01	2.00e-01	2.84e-02	0.00e+00	0.00e+00
 1.94999e+16	2.54e-07	6.57e-04	2.04e-01	5.88e-01	1.83e-01	2.38e-02	0.00e+00	0.00e+00
 1.96301e+16	3.10e-07	7.59e-04	2.20e-01	5.91e-01	1.68e-01	2.00e-02	0.00e+00	0.00e+00
 1.97274e+16	3.82e-07	8.76e-04	2.33e-01	5.93e-01	1.56e-01	1.72e-02	0.00e+00	0.00e+00
 1.98030e+16	4.16e-07	9.34e-04	2.42e-01	5.94e-01	1.48e-01	1.54e-02	0.00e+00	0.00e+00
 1.98800e+16	4.88e-07	1.04e-03	2.54e-01	5.94e-01	1.38e-01	1.35e-02	0.00e+00	0.00e+00
 1.99539e+16	5.31e-07	1.11e-03	2.64e-01	5.94e-01	1.29e-01	1.19e-02	0.00e+00	0.00e+00
 2.00236e+16	5.97e-07	1.21e-03	2.74e-01	5.94e-01	1.21e-01	1.05e-02	0.00e+00	0.00e+00
 2.00968e+16	7.05e-07	1.36e-03	2.86e-01	5.92e-01	1.11e-01	8.94e-03	0.00e+00	0.00e+00
 2.01526e+16	7.46e-07	1.42e-03	2.94e-01	5.92e-01	1.05e-01	8.05e-03	0.00e+00	0.00e+00
 2.02033e+16	8.18e-07	1.51e-03	3.02e-01	5.90e-01	9.90e-02	7.16e-03	0.00e+00	0.00e+00
 2.02692e+16	9.45e-07	1.67e-03	3.14e-01	5.88e-01	9.09e-02	6.07e-03	0.00e+00	0.00e+00
 2.03332e+16	1.05e-06	1.80e-03	3.24e-01	5.86e-01	8.37e-02	5.20e-03	0.00e+00	0.00e+00
 2.03837e+16	1.13e-06	1.90e-03	3.32e-01	5.84e-01	7.81e-02	4.58e-03	0.00e+00	0.00e+00
 2.04382e+16	1.24e-06	2.03e-03	3.41e-01	5.81e-01	7.20e-02	3.92e-03	0.00e+00	0.00e+00
 2.04994e+16	1.43e-06	2.23e-03	3.52e-01	5.77e-01	6.53e-02	3.25e-03	0.00e+00	0.00e+00
 2.05527e+16	1.56e-06	2.38e-03	3.61e-01	5.74e-01	6.00e-02	2.77e-03	0.00e+00	0.00e+00
 2.06053e+16	1.73e-06	2.55e-03	3.70e-01	5.70e-01	5.47e-02	2.33e-03	0.00e+00	0.00e+00
 2.06737e+16	1.96e-06	2.78e-03	3.82e-01	5.65e-01	4.82e-02	1.84e-03	0.00e+00	0.00e+00
 2.07433e+16	2.21e-06	3.03e-03	3.94e-01	5.60e-01	4.24e-02	1.44e-03	0.00e+00	0.00e+00
 2.08008e+16	2.45e-06	3.25e-03	4.03e-01	5.55e-01	3.78e-02	1.17e-03	0.00e+00	0.00e+00
 2.08620e+16	2.74e-06	3.51e-03	4.13e-01	5.49e-01	3.33e-02	9.15e-04	0.00e+00	0.00e+00
 2.09415e+16	3.14e-06	3.85e-03	4.26e-01	5.41e-01	2.80e-02	6.63e-04	0.00e+00	0.00e+00
 2.10240e+16	3.61e-06	4.23e-03	4.39e-01	5.33e-01	2.34e-02	4.73e-04	0.00e+00	0.00e+00
 2.10946e+16	4.05e-06	4.58e-03	4.49e-01	5.26e-01	2.00e-02	3.51e-04	0.00e+00	0.00e+00
 2.11708e+16	4.58e-06	4.98e-03	4.60e-01	5.18e-01	1.68e-02	2.51e-04	0.00e+00	0.00e+00
 2.12699e+16	5.37e-06	5.54e-03	4.74e-01	5.07e-01	1.33e-02	1.61e-04	0.00e+00	0.00e+00
 2.13784e+16	6.34e-06	6.18e-03	4.89e-01	4.94e-01	1.04e-02	1.00e-04	0.00e+00	0.00e+00
 2.14826e+16	7.39e-06	6.85e-03	5.02e-01	4.83e-01	8.17e-03	6.36e-05	0.00e+00	0.00e+00
 2.16016e+16	8.78e-06	7.68e-03	5.17e-01	4.69e-01	6.23e-03	3.77e-05	0.00e+00	0.00e+00
 2.17562e+16	1.09e-05	8.87e-03	5.36e-01	4.51e-01	4.42e-03	1.93e-05	0.00e+00	0.00e+00
 2.18889e+16	1.32e-05	1.00e-02	5.52e-01	4.35e-01	3.38e-03	1.14e-05	0.00e+00	0.00e+00
 2.19633e+16	1.47e-05	1.08e-02	5.61e-01	4.26e-01	2.91e-03	8.54e-06	0.00e+00	0.00e+00
 2.20302e+16	1.61e-05	1.14e-02	5.69e-01	4.17e-01	2.52e-03	6.48e-06	0.00e+00	0.00e+00
 2.21172e+16	1.82e-05	1.24e-02	5.79e-01	4.06e-01	2.10e-03	4.55e-06	0.00e+00	0.00e+00
 2.22304e+16	2.15e-05	1.38e-02	5.93e-01	3.91e-01	1.67e-03	2.89e-06	0.00e+00	0.00e+00
 2.23480e+16	2.55e-05	1.55e-02	6.07e-01	3.76e-01	1.32e-03	1.85e-06	0.00e+00	0.00e+00
 2.24450e+16	2.96e-05	1.71e-02	6.19e-01	3.62e-01	1.10e-03	1.28e-06	0.00e+00	0.00e+00
 2.25301e+16	3.37e-05	1.86e-02	6.30e-01	3.51e-01	9.27e-04	9.27e-07	0.00e+00	0.00e+00
 2.26263e+16	3.92e-05	2.06e-02	6.42e-01	3.37e-01	7.63e-04	0.00e+00	0.00e+00	0.00e+00
 2.27256e+16	4.60e-05	2.29e-02	6.54e-01	3.22e-01	6.29e-04	0.00e+00	0.00e+00	0.00e+00
 2.28046e+16	5.26e-05	2.50e-02	6.64e-01	3.10e-01	5.38e-04	0.00e+00	0.00e+00	0.00e+00
 2.28719e+16	5.88e-05	2.70e-02	6.73e-01	3.00e-01	4.71e-04	0.00e+00	0.00e+00	0.00e+00
 2.29480e+16	6.72e-05	2.95e-02	6.82e-01	2.88e-01	4.02e-04	0.00e+00	0.00e+00	0.00e+00
 2.30328e+16	7.80e-05	3.26e-02	6.92e-01	2.75e-01	3.38e-04	0.00e+00	0.00e+00	0.00e+00
 2.31093e+16	8.97e-05	3.58e-02	7.02e-01	2.62e-01	2.89e-04	0.00e+00	0.00e+00	0.00e+00
 2.31759e+16	1.02e-04	3.88e-02	7.09e-01	2.51e-01	2.51e-04	0.00e+00	0.00e+00	0.00e+00
 2.32491e+16	1.17e-04	4.27e-02	7.18e-01	2.39e-01	2.14e-04	0.00e+00	0.00e+00	0.00e+00
 2.33283e+16	1.36e-04	4.73e-02	7.26e-01	2.26e-01	1.80e-04	0.00e+00	0.00e+00	0.00e+00
 2.33966e+16	1.57e-04	5.19e-02	7.33e-01	2.15e-01	1.54e-04	0.00e+00	0.00e+00	0.00e+00
 2.34556e+16	1.77e-04	5.63e-02	7.39e-01	2.05e-01	1.35e-04	0.00e+00	0.00e+00	0.00e+00
 2.35210e+16	2.03e-04	6.17e-02	7.44e-01	1.94e-01	1.15e-04	0.00e+00	0.00e+00	0.00e+00
 2.35928e+16	2.37e-04	6.85e-02	7.50e-01	1.82e-01	9.71e-05	0.00e+00	0.00e+00	0.00e+00
 2.36556e+16	2.74e-04	7.53e-02	7.54e-01	1.71e-01	8.32e-05	0.00e+00	0.00e+00	0.00e+00
 2.37090e+16	3.10e-04	8.17e-02	7.56e-01	1.62e-01	7.27e-05	0.00e+00	0.00e+00	0.00e+00
 2.37674e+16	3.55e-04	8.94e-02	7.58e-01	1.52e-01	6.22e-05	0.00e+00	0.00e+00	0.00e+00
 2.38319e+16	4.15e-04	9.91e-02	7.60e-01	1.41e-01	5.22e-05	0.00e+00	0.00e+00	0.00e+00
 2.38895e+16	4.79e-04	1.09e-01	7.59e-01	1.31e-01	4.44e-05	0.00e+00	0.00e+00	0.00e+00
 2.39393e+16	5.44e-04	1.19e-01	7.58e-01	1.23e-01	3.84e-05	0.00e+00	0.00e+00	0.00e+00
 2.39939e+16	6.27e-04	1.30e-01	7.56e-01	1.14e-01	3.25e-05	0.00e+00	0.00e+00	0.00e+00
 2.40537e+16	7.36e-04	1.45e-01	7.51e-01	1.04e-01	2.69e-05	0.00e+00	0.00e+00	0.00e+00
 2.41065e+16	8.54e-04	1.59e-01	7.45e-01	9.53e-02	2.26e-05	0.00e+00	0.00e+00	0.00e+00
 2.41523e+16	9.74e-04	1.73e-01	7.38e-01	8.80e-02	1.93e-05	0.00e+00	0.00e+00	0.00e+00
 2.42028e+16	1.13e-03	1.90e-01	7.29e-01	8.01e-02	1.61e-05	0.00e+00	0.00e+00	0.00e+00
 2.42588e+16	1.33e-03	2.12e-01	7.15e-01	7.15e-02	1.30e-05	0.00e+00	0.00e+00	0.00e+00
 2.43094e+16	1.56e-03	2.34e-01	7.01e-01	6.40e-02	1.06e-05	0.00e+00	0.00e+00	0.00e+00
 2.43542e+16	1.80e-03	2.56e-01	6.85e-01	5.75e-02	8.74e-06	0.00e+00	0.00e+00	0.00e+00
 2.44040e+16	2.11e-03	2.82e-01	6.65e-01	5.05e-02	6.96e-06	0.00e+00	0.00e+00	0.00e+00
 2.44592e+16	2.54e-03	3.16e-01	6.38e-01	4.31e-02	5.32e-06	0.00e+00	0.00e+00	0.00e+00
 2.45101e+16	3.03e-03	3.51e-01	6.09e-01	3.67e-02	4.08e-06	0.00e+00	0.00e+00	0.00e+00
 2.45565e+16	3.58e-03	3.86e-01	5.79e-01	3.12e-02	3.13e-06	0.00e+00	0.00e+00	0.00e+00
 2.46088e+16	4.31e-03	4.29e-01	5.41e-01	2.54e-02	2.27e-06	0.00e+00	0.00e+00	0.00e+00
 2.46641e+16	5.27e-03	4.81e-01	4.94e-01	1.99e-02	1.55e-06	0.00e+00	0.00e+00	0.00e+00
 2.47095e+16	6.29e-03	5.27e-01	4.51e-01	1.57e-02	1.10e-06	0.00e+00	0.00e+00	0.00e+00
 2.47447e+16	7.20e-03	5.65e-01	4.15e-01	1.29e-02	8.21e-07	0.00e+00	0.00e+00	0.00e+00
 2.47804e+16	8.29e-03	6.04e-01	3.78e-01	1.03e-02	0.00e+00	0.00e+00	0.00e+00	0.00e+00
 2.48197e+16	9.68e-03	6.48e-01	3.34e-01	7.86e-03	0.00e+00	0.00e+00	0.00e+00	0.00e+00
 2.48541e+16	1.11e-02	6.88e-01	2.95e-01	6.02e-03	0.00e+00	0.00e+00	0.00e+00	0.00e+00
 2.48824e+16	1.25e-02	7.20e-01	2.63e-01	4.74e-03	0.00e+00	0.00e+00	0.00e+00	0.00e+00
 2.49125e+16	1.42e-02	7.52e-01	2.30e-01	3.59e-03	0.00e+00	0.00e+00	0.00e+00	0.00e+00
 2.49456e+16	1.63e-02	7.87e-01	1.94e-01	2.57e-03	0.00e+00	0.00e+00	0.00e+00	0.00e+00
 2.49743e+16	1.84e-02	8.16e-01	1.64e-01	1.85e-03	0.00e+00	0.00e+00	0.00e+00	0.00e+00
 2.49979e+16	2.04e-02	8.37e-01	1.41e-01	1.39e-03	0.00e+00	0.00e+00	0.00e+00	0.00e+00
 2.50228e+16	2.28e-02	8.57e-01	1.19e-01	1.00e-03	0.00e+00	0.00e+00	0.00e+00	0.00e+00
 2.50503e+16	2.58e-02	8.77e-01	9.67e-02	6.78e-04	0.00e+00	0.00e+00	0.00e+00	0.00e+00
 2.50747e+16	2.88e-02	8.92e-01	7.87e-02	4.64e-04	0.00e+00	0.00e+00	0.00e+00	0.00e+00
 2.50952e+16	3.18e-02	9.02e-01	6.55e-02	3.31e-04	0.00e+00	0.00e+00	0.00e+00	0.00e+00
 2.51172e+16	3.53e-02	9.11e-01	5.30e-02	2.24e-04	0.00e+00	0.00e+00	0.00e+00	0.00e+00
 2.51408e+16	3.97e-02	9.19e-01	4.15e-02	1.44e-04	0.00e+00	0.00e+00	0.00e+00	0.00e+00
 2.51612e+16	4.40e-02	9.23e-01	3.31e-02	9.52e-05	0.00e+00	0.00e+00	0.00e+00	0.00e+00
 2.51782e+16	4.81e-02	9.25e-01	2.71e-02	6.64e-05	0.00e+00	0.00e+00	0.00e+00	0.00e+00
 2.51964e+16	5.28e-02	9.26e-01	2.16e-02	4.40e-05	0.00e+00	0.00e+00	0.00e+00	0.00e+00
 2.52157e+16	5.84e-02	9.25e-01	1.68e-02	2.81e-05	0.00e+00	0.00e+00	0.00e+00	0.00e+00
 2.52322e+16	6.42e-02	9.22e-01	1.34e-02	1.87e-05	0.00e+00	0.00e+00	0.00e+00	0.00e+00
 2.52464e+16	6.92e-02	9.20e-01	1.09e-02	1.30e-05	0.00e+00	0.00e+00	0.00e+00	0.00e+00
 2.52601e+16	7.47e-02	9.16e-01	8.89e-03	8.95e-06	0.00e+00	0.00e+00	0.00e+00	0.00e+00
 2.52740e+16	8.06e-02	9.12e-01	7.19e-03	6.10e-06	0.00e+00	0.00e+00	0.00e+00	0.00e+00
 2.52867e+16	8.68e-02	9.07e-01	5.86e-03	4.24e-06	0.00e+00	0.00e+00	0.00e+00	0.00e+00
 2.52979e+16	9.22e-02	9.03e-01	4.88e-03	3.05e-06	0.00e+00	0.00e+00	0.00e+00	0.00e+00
 2.53083e+16	9.78e-02	8.98e-01	4.10e-03	2.23e-06	0.00e+00	0.00e+00	0.00e+00	0.00e+00
 2.53183e+16	1.03e-01	8.93e-01	3.45e-03	1.64e-06	0.00e+00	0.00e+00	0.00e+00	0.00e+00
 2.53262e+16	1.08e-01	8.89e-01	3.01e-03	1.29e-06	0.00e+00	0.00e+00	0.00e+00	0.00e+00
 2.53313e+16	1.11e-01	8.86e-01	2.76e-03	1.10e-06	0.00e+00	0.00e+00	0.00e+00	0.00e+00
 2.53358e+16	1.14e-01	8.84e-01	2.54e-03	9.43e-07	0.00e+00	0.00e+00	0.00e+00	0.00e+00
 2.53411e+16	1.17e-01	8.80e-01	2.30e-03	0.00e+00	0.00e+00	0.00e+00	0.00e+00	0.00e+00
 2.53470e+16	1.22e-01	8.76e-01	2.07e-03	0.00e+00	0.00e+00	0.00e+00	0.00e+00	0.00e+00
 2.53527e+16	1.25e-01	8.73e-01	1.86e-03	0.00e+00	0.00e+00	0.00e+00	0.00e+00	0.00e+00
 2.53579e+16	1.29e-01	8.69e-01	1.68e-03	0.00e+00	0.00e+00	0.00e+00	0.00e+00	0.00e+00
 2.53631e+16	1.33e-01	8.66e-01	1.52e-03	0.00e+00	0.00e+00	0.00e+00	0.00e+00	0.00e+00
 2.53683e+16	1.37e-01	8.62e-01	1.38e-03	0.00e+00	0.00e+00	0.00e+00	0.00e+00	0.00e+00
 2.53735e+16	1.41e-01	8.58e-01	1.24e-03	0.00e+00	0.00e+00	0.00e+00	0.00e+00	0.00e+00
 2.53787e+16	1.45e-01	8.53e-01	1.12e-03	0.00e+00	0.00e+00	0.00e+00	0.00e+00	0.00e+00
 2.53837e+16	1.50e-01	8.49e-01	1.01e-03	0.00e+00	0.00e+00	0.00e+00	0.00e+00	0.00e+00
 2.53887e+16	1.54e-01	8.45e-01	9.16e-04	0.00e+00	0.00e+00	0.00e+00	0.00e+00	0.00e+00
 2.53937e+16	1.59e-01	8.41e-01	8.26e-04	0.00e+00	0.00e+00	0.00e+00	0.00e+00	0.00e+00
 2.53986e+16	1.63e-01	8.36e-01	7.45e-04	0.00e+00	0.00e+00	0.00e+00	0.00e+00	0.00e+00
 2.54035e+16	1.68e-01	8.31e-01	6.72e-04	0.00e+00	0.00e+00	0.00e+00	0.00e+00	0.00e+00
 2.54083e+16	1.73e-01	8.26e-01	6.06e-04	0.00e+00	0.00e+00	0.00e+00	0.00e+00	0.00e+00
 2.54131e+16	1.79e-01	8.21e-01	5.46e-04	0.00e+00	0.00e+00	0.00e+00	0.00e+00	0.00e+00
 2.54179e+16	1.84e-01	8.15e-01	4.91e-04	0.00e+00	0.00e+00	0.00e+00	0.00e+00	0.00e+00
 2.54225e+16	1.90e-01	8.10e-01	4.43e-04	0.00e+00	0.00e+00	0.00e+00	0.00e+00	0.00e+00
 2.54271e+16	1.95e-01	8.04e-01	4.00e-04	0.00e+00	0.00e+00	0.00e+00	0.00e+00	0.00e+00
 2.54317e+16	2.01e-01	7.98e-01	3.60e-04	0.00e+00	0.00e+00	0.00e+00	0.00e+00	0.00e+00
 2.54362e+16	2.08e-01	7.92e-01	3.24e-04	0.00e+00	0.00e+00	0.00e+00	0.00e+00	0.00e+00
 2.54407e+16	2.14e-01	7.85e-01	2.91e-04	0.00e+00	0.00e+00	0.00e+00	0.00e+00	0.00e+00
 2.54451e+16	2.21e-01	7.78e-01	2.62e-04	0.00e+00	0.00e+00	0.00e+00	0.00e+00	0.00e+00
 2.54495e+16	2.29e-01	7.71e-01	2.35e-04	0.00e+00	0.00e+00	0.00e+00	0.00e+00	0.00e+00
 2.54539e+16	2.36e-01	7.63e-01	2.11e-04	0.00e+00	0.00e+00	0.00e+00	0.00e+00	0.00e+00
 2.54582e+16	2.45e-01	7.55e-01	1.89e-04	0.00e+00	0.00e+00	0.00e+00	0.00e+00	0.00e+00
 2.54624e+16	2.53e-01	7.46e-01	1.70e-04	0.00e+00	0.00e+00	0.00e+00	0.00e+00	0.00e+00
 2.54666e+16	2.62e-01	7.37e-01	1.53e-04	0.00e+00	0.00e+00	0.00e+00	0.00e+00	0.00e+00
 2.54708e+16	2.73e-01	7.27e-01	1.36e-04	0.00e+00	0.00e+00	0.00e+00	0.00e+00	0.00e+00
 2.54748e+16	2.83e-01	7.17e-01	1.22e-04	0.00e+00	0.00e+00	0.00e+00	0.00e+00	0.00e+00
 2.54788e+16	2.93e-01	7.07e-01	1.10e-04	0.00e+00	0.00e+00	0.00e+00	0.00e+00	0.00e+00
 2.54827e+16	3.04e-01	6.96e-01	9.87e-05	0.00e+00	0.00e+00	0.00e+00	0.00e+00	0.00e+00
 2.54866e+16	3.16e-01	6.84e-01	8.85e-05	0.00e+00	0.00e+00	0.00e+00	0.00e+00	0.00e+00
 2.54903e+16	3.29e-01	6.71e-01	7.93e-05	0.00e+00	0.00e+00	0.00e+00	0.00e+00	0.00e+00
 2.54941e+16	3.41e-01	6.59e-01	7.12e-05	0.00e+00	0.00e+00	0.00e+00	0.00e+00	0.00e+00
 2.54977e+16	3.55e-01	6.45e-01	6.37e-05	0.00e+00	0.00e+00	0.00e+00	0.00e+00	0.00e+00
 2.55014e+16	3.69e-01	6.31e-01	5.70e-05	0.00e+00	0.00e+00	0.00e+00	0.00e+00	0.00e+00
 2.55050e+16	3.85e-01	6.15e-01	5.10e-05	0.00e+00	0.00e+00	0.00e+00	0.00e+00	0.00e+00
 2.55085e+16	4.00e-01	6.00e-01	4.56e-05	0.00e+00	0.00e+00	0.00e+00	0.00e+00	0.00e+00
 2.55120e+16	4.18e-01	5.82e-01	4.06e-05	0.00e+00	0.00e+00	0.00e+00	0.00e+00	0.00e+00
 2.55155e+16	4.37e-01	5.63e-01	3.61e-05	0.00e+00	0.00e+00	0.00e+00	0.00e+00	0.00e+00
 2.55189e+16	4.56e-01	5.44e-01	3.21e-05	0.00e+00	0.00e+00	0.00e+00	0.00e+00	0.00e+00
 2.55223e+16	4.76e-01	5.24e-01	2.85e-05	0.00e+00	0.00e+00	0.00e+00	0.00e+00	0.00e+00
 2.55257e+16	4.96e-01	5.04e-01	2.53e-05	0.00e+00	0.00e+00	0.00e+00	0.00e+00	0.00e+00
 2.55292e+16	5.18e-01	4.82e-01	2.23e-05	0.00e+00	0.00e+00	0.00e+00	0.00e+00	0.00e+00
 2.55326e+16	5.40e-01	4.60e-01	1.97e-05	0.00e+00	0.00e+00	0.00e+00	0.00e+00	0.00e+00
 2.55360e+16	5.63e-01	4.37e-01	1.73e-05	0.00e+00	0.00e+00	0.00e+00	0.00e+00	0.00e+00
 2.55394e+16	5.86e-01	4.14e-01	1.52e-05	0.00e+00	0.00e+00	0.00e+00	0.00e+00	0.00e+00
 2.55428e+16	6.10e-01	3.90e-01	1.32e-05	0.00e+00	0.00e+00	0.00e+00	0.00e+00	0.00e+00
