#depth	N	N+	N+2	N+3	N+4	N+5	N+6	N+7
 1.49634e+10	0.00e+00	0.00e+00	2.38e-30	4.60e-20	1.02e-10	7.17e-01	2.83e-01	4.95e-05
 4.54887e+10	0.00e+00	4.05e-41	3.08e-30	5.50e-20	1.13e-10	7.32e-01	2.68e-01	4.32e-05
 7.72350e+10	0.00e+00	0.00e+00	3.98e-30	6.57e-20	1.25e-10	7.48e-01	2.52e-01	3.77e-05
 1.10251e+11	0.00e+00	7.91e-41	5.14e-30	7.84e-20	1.38e-10	7.63e-01	2.37e-01	3.28e-05
 1.41263e+11	0.00e+00	0.00e+00	6.46e-30	9.19e-20	1.50e-10	7.75e-01	2.25e-01	2.89e-05
 1.68927e+11	0.00e+00	1.39e-40	7.88e-30	1.05e-19	1.62e-10	7.86e-01	2.14e-01	2.58e-05
 1.99942e+11	0.00e+00	0.00e+00	9.77e-30	1.22e-19	1.76e-10	7.98e-01	2.02e-01	2.29e-05
 2.36786e+11	0.00e+00	2.53e-40	1.25e-29	1.45e-19	1.93e-10	8.10e-01	1.90e-01	1.99e-05
 2.73524e+11	0.00e+00	0.00e+00	1.58e-29	1.70e-19	2.10e-10	8.21e-01	1.79e-01	1.74e-05
 3.07639e+11	0.00e+00	4.54e-40	1.95e-29	1.96e-19	2.27e-10	8.31e-01	1.69e-01	1.54e-05
 3.45779e+11	0.00e+00	0.00e+00	2.44e-29	2.29e-19	2.47e-10	8.41e-01	1.59e-01	1.35e-05
 3.89537e+11	0.00e+00	8.49e-40	3.13e-29	2.72e-19	2.71e-10	8.52e-01	1.48e-01	1.16e-05
 4.32485e+11	0.00e+00	0.00e+00	3.96e-29	3.19e-19	2.95e-10	8.61e-01	1.39e-01	1.01e-05
 4.77151e+11	0.00e+00	1.58e-39	5.01e-29	3.74e-19	3.21e-10	8.70e-01	1.30e-01	8.77e-06
 5.26164e+11	0.00e+00	0.00e+00	6.41e-29	4.42e-19	3.51e-10	8.79e-01	1.21e-01	7.55e-06
 5.75658e+11	0.00e+00	3.00e-39	8.15e-29	5.21e-19	3.83e-10	8.87e-01	1.13e-01	6.52e-06
 6.27133e+11	0.00e+00	0.00e+00	1.04e-28	6.13e-19	4.17e-10	8.95e-01	1.05e-01	5.62e-06
 6.82145e+11	0.00e+00	5.69e-39	1.32e-28	7.24e-19	4.55e-10	9.02e-01	9.78e-02	4.83e-06
 7.39357e+11	0.00e+00	0.00e+00	1.69e-28	8.55e-19	4.96e-10	9.09e-01	9.08e-02	4.14e-06
 7.98858e+11	0.00e+00	1.09e-38	2.16e-28	1.01e-18	5.41e-10	9.16e-01	8.42e-02	3.55e-06
 8.60740e+11	0.00e+00	0.00e+00	2.76e-28	1.19e-18	5.90e-10	9.22e-01	7.81e-02	3.04e-06
 9.25096e+11	0.00e+00	2.08e-38	3.52e-28	1.40e-18	6.42e-10	9.28e-01	7.24e-02	2.60e-06
 9.92026e+11	0.00e+00	0.00e+00	4.50e-28	1.65e-18	7.00e-10	9.33e-01	6.71e-02	2.23e-06
 1.06163e+12	0.00e+00	3.96e-38	5.74e-28	1.95e-18	7.62e-10	9.38e-01	6.21e-02	1.90e-06
 1.13403e+12	0.00e+00	0.00e+00	7.32e-28	2.30e-18	8.29e-10	9.43e-01	5.74e-02	1.63e-06
 1.20931e+12	0.00e+00	7.56e-38	9.35e-28	2.71e-18	9.02e-10	9.47e-01	5.29e-02	1.38e-06
 1.28761e+12	0.00e+00	0.00e+00	1.19e-27	3.19e-18	9.81e-10	9.51e-01	4.89e-02	1.18e-06
 1.36347e+12	0.00e+00	1.41e-37	1.50e-27	3.72e-18	1.06e-09	9.55e-01	4.54e-02	1.01e-06
 1.43297e+12	0.00e+00	0.00e+00	1.83e-27	4.25e-18	1.14e-09	9.57e-01	4.25e-02	8.89e-07
 1.51019e+12	0.00e+00	2.46e-37	2.27e-27	4.92e-18	1.22e-09	9.60e-01	3.96e-02	0.00e+00
 1.59987e+12	0.00e+00	0.00e+00	2.89e-27	5.79e-18	1.33e-09	9.63e-01	3.66e-02	0.00e+00
 1.68861e+12	0.00e+00	4.60e-37	3.64e-27	6.76e-18	1.44e-09	9.66e-01	3.39e-02	0.00e+00
 1.78090e+12	0.00e+00	0.00e+00	4.59e-27	7.89e-18	1.56e-09	9.69e-01	3.14e-02	0.00e+00
 1.88206e+12	0.00e+00	8.64e-37	5.86e-27	9.30e-18	1.69e-09	9.71e-01	2.90e-02	0.00e+00
 1.98431e+12	0.00e+00	0.00e+00	7.43e-27	1.09e-17	1.84e-09	9.73e-01	2.68e-02	0.00e+00
 2.09066e+12	0.00e+00	1.62e-36	9.43e-27	1.28e-17	1.99e-09	9.75e-01	2.47e-02	0.00e+00
 2.20421e+12	4.83e-47	2.25e-36	1.20e-26	1.51e-17	2.16e-09	9.77e-01	2.28e-02	0.00e+00
 2.32231e+12	0.00e+00	0.00e+00	1.54e-26	1.78e-17	2.35e-09	9.79e-01	2.10e-02	0.00e+00
 2.44512e+12	0.00e+00	4.32e-36	1.97e-26	2.09e-17	2.56e-09	9.81e-01	1.93e-02	0.00e+00
 2.57286e+12	1.64e-46	5.98e-36	2.52e-26	2.47e-17	2.78e-09	9.82e-01	1.78e-02	0.00e+00
 2.70570e+12	0.00e+00	0.00e+00	3.22e-26	2.91e-17	3.02e-09	9.84e-01	1.64e-02	0.00e+00
 2.84385e+12	0.00e+00	1.15e-35	4.12e-26	3.44e-17	3.29e-09	9.85e-01	1.51e-02	0.00e+00
 2.98753e+12	5.59e-46	1.60e-35	5.28e-26	4.06e-17	3.57e-09	9.86e-01	1.39e-02	0.00e+00
 3.12254e+12	0.00e+00	0.00e+00	6.61e-26	4.72e-17	3.86e-09	9.87e-01	1.29e-02	0.00e+00
 3.24314e+12	0.00e+00	2.79e-35	8.03e-26	5.37e-17	4.12e-09	9.88e-01	1.20e-02	0.00e+00
 3.37846e+12	1.59e-45	3.70e-35	9.93e-26	6.19e-17	4.43e-09	9.89e-01	1.12e-02	0.00e+00
 3.53901e+12	0.00e+00	0.00e+00	1.27e-25	7.29e-17	4.80e-09	9.90e-01	1.03e-02	0.00e+00
 3.70045e+12	0.00e+00	6.98e-35	1.60e-25	8.54e-17	5.21e-09	9.90e-01	9.53e-03	0.00e+00
 3.85176e+12	5.00e-45	9.26e-35	1.98e-25	9.85e-17	5.60e-09	9.91e-01	8.87e-03	0.00e+00
 4.01918e+12	0.00e+00	0.00e+00	2.50e-25	1.15e-16	6.05e-09	9.92e-01	8.20e-03	0.00e+00
 4.20987e+12	0.00e+00	1.75e-34	3.22e-25	1.36e-16	6.59e-09	9.92e-01	7.53e-03	0.00e+00
 4.39991e+12	1.66e-44	2.42e-34	4.10e-25	1.60e-16	7.16e-09	9.93e-01	6.94e-03	0.00e+00
 4.59755e+12	0.00e+00	3.34e-34	5.23e-25	1.89e-16	7.78e-09	9.94e-01	6.38e-03	0.00e+00
 4.81138e+12	3.77e-44	4.68e-34	6.75e-25	2.24e-16	8.48e-09	9.94e-01	5.85e-03	0.00e+00
 5.03376e+12	0.00e+00	6.56e-34	8.71e-25	2.66e-16	9.25e-09	9.95e-01	5.37e-03	0.00e+00
 5.24335e+12	8.42e-44	8.92e-34	1.10e-24	3.11e-16	1.00e-08	9.95e-01	4.96e-03	0.00e+00
 5.43180e+12	0.00e+00	1.17e-33	1.35e-24	3.56e-16	1.07e-08	9.95e-01	4.63e-03	0.00e+00
 5.64395e+12	1.70e-43	1.56e-33	1.68e-24	4.14e-16	1.16e-08	9.96e-01	4.29e-03	0.00e+00
 5.89411e+12	0.00e+00	2.18e-33	2.17e-24	4.91e-16	1.26e-08	9.96e-01	3.93e-03	0.00e+00
 6.14429e+12	3.84e-43	3.02e-33	2.77e-24	5.79e-16	1.37e-08	9.96e-01	3.62e-03	0.00e+00
 6.37971e+12	0.00e+00	4.04e-33	3.46e-24	6.73e-16	1.48e-08	9.97e-01	3.35e-03	0.00e+00
 6.64005e+12	8.18e-43	5.54e-33	4.39e-24	7.91e-16	1.61e-08	9.97e-01	3.09e-03	0.00e+00
 6.93558e+12	0.00e+00	7.81e-33	5.71e-24	9.45e-16	1.76e-08	9.97e-01	2.82e-03	0.00e+00
 7.22760e+12	1.89e-42	1.09e-32	7.33e-24	1.12e-15	1.92e-08	9.97e-01	2.59e-03	0.00e+00
 7.53130e+12	0.00e+00	1.51e-32	9.42e-24	1.33e-15	2.10e-08	9.98e-01	2.37e-03	0.00e+00
 7.86247e+12	4.37e-42	2.13e-32	1.23e-23	1.59e-15	2.30e-08	9.98e-01	2.16e-03	0.00e+00
 8.19652e+12	0.00e+00	2.99e-32	1.59e-23	1.89e-15	2.51e-08	9.98e-01	1.98e-03	0.00e+00
 8.54393e+12	1.01e-41	4.18e-32	2.05e-23	2.26e-15	2.75e-08	9.98e-01	1.81e-03	0.00e+00
 8.90217e+12	0.00e+00	5.85e-32	2.65e-23	2.69e-15	3.01e-08	9.98e-01	1.65e-03	0.00e+00
 9.25335e+12	2.26e-41	8.03e-32	3.38e-23	3.18e-15	3.28e-08	9.98e-01	1.52e-03	0.00e+00
 9.63203e+12	0.00e+00	1.12e-31	4.36e-23	3.78e-15	3.59e-08	9.99e-01	1.39e-03	0.00e+00
 1.00472e+13	5.21e-41	1.58e-31	5.70e-23	4.54e-15	3.95e-08	9.99e-01	1.26e-03	0.00e+00
 1.04791e+13	0.00e+00	2.23e-31	7.45e-23	5.47e-15	4.34e-08	9.99e-01	1.15e-03	0.00e+00
 1.09281e+13	1.22e-40	3.16e-31	9.73e-23	6.58e-15	4.79e-08	9.99e-01	1.04e-03	0.00e+00
 1.13952e+13	0.00e+00	4.46e-31	1.27e-22	7.93e-15	5.27e-08	9.99e-01	9.46e-04	0.00e+00
 1.18173e+13	2.71e-40	6.03e-31	1.61e-22	9.33e-15	5.74e-08	9.99e-01	8.69e-04	0.00e+00
 1.21686e+13	0.00e+00	7.67e-31	1.94e-22	1.06e-14	6.15e-08	9.99e-01	8.12e-04	0.00e+00
 1.25531e+13	4.99e-40	9.91e-31	2.37e-22	1.22e-14	6.62e-08	9.99e-01	7.54e-04	0.00e+00
 1.30408e+13	0.00e+00	1.36e-30	3.02e-22	1.45e-14	7.25e-08	9.99e-01	6.90e-04	0.00e+00
 1.35500e+13	1.08e-39	1.86e-30	3.87e-22	1.73e-14	7.94e-08	9.99e-01	6.30e-04	0.00e+00
 1.39816e+13	0.00e+00	2.40e-30	4.73e-22	1.99e-14	8.56e-08	9.99e-01	5.84e-04	0.00e+00
 1.44250e+13	2.00e-39	3.09e-30	5.77e-22	2.29e-14	9.23e-08	9.99e-01	5.42e-04	0.00e+00
 1.49841e+13	0.00e+00	4.21e-30	7.36e-22	2.72e-14	1.01e-07	1.00e+00	4.95e-04	0.00e+00
 1.55525e+13	4.19e-39	5.68e-30	9.33e-22	3.23e-14	1.11e-07	1.00e+00	4.52e-04	0.00e+00
 1.60391e+13	0.00e+00	7.27e-30	1.13e-21	3.71e-14	1.19e-07	1.00e+00	4.20e-04	0.00e+00
 1.65607e+13	7.69e-39	9.38e-30	1.39e-21	4.29e-14	1.29e-07	1.00e+00	3.89e-04	0.00e+00
 1.72075e+13	0.00e+00	1.27e-29	1.77e-21	5.10e-14	1.42e-07	1.00e+00	3.55e-04	0.00e+00
 1.78713e+13	1.59e-38	1.71e-29	2.24e-21	6.05e-14	1.55e-07	1.00e+00	3.24e-04	0.00e+00
 1.84675e+13	0.00e+00	2.21e-29	2.75e-21	7.02e-14	1.68e-07	1.00e+00	2.99e-04	0.00e+00
 1.91219e+13	2.99e-38	2.90e-29	3.41e-21	8.20e-14	1.83e-07	1.00e+00	2.75e-04	0.00e+00
 1.98965e+13	0.00e+00	3.94e-29	4.35e-21	9.80e-14	2.02e-07	1.00e+00	2.50e-04	0.00e+00
 2.06731e+13	6.15e-38	5.28e-29	5.51e-21	1.16e-13	2.21e-07	1.00e+00	2.28e-04	0.00e+00
 2.14082e+13	0.00e+00	6.88e-29	6.81e-21	1.36e-13	2.41e-07	1.00e+00	2.09e-04	0.00e+00
 2.22217e+13	1.19e-37	9.13e-29	8.54e-21	1.60e-13	2.63e-07	1.00e+00	1.92e-04	0.00e+00
 2.31405e+13	0.00e+00	1.24e-28	1.09e-20	1.91e-13	2.90e-07	1.00e+00	1.74e-04	0.00e+00
 2.40563e+13	2.42e-37	1.65e-28	1.38e-20	2.27e-13	3.19e-07	1.00e+00	1.59e-04	0.00e+00
 2.48644e+13	0.00e+00	2.11e-28	1.68e-20	2.62e-13	3.45e-07	1.00e+00	1.47e-04	0.00e+00
 2.55753e+13	4.17e-37	2.60e-28	1.98e-20	2.96e-13	3.69e-07	1.00e+00	1.37e-04	0.00e+00
 2.63809e+13	0.00e+00	3.27e-28	2.38e-20	3.39e-13	3.97e-07	1.00e+00	1.27e-04	0.00e+00
 2.72790e+13	7.36e-37	4.18e-28	2.90e-20	3.92e-13	4.30e-07	1.00e+00	1.18e-04	0.00e+00
 2.81226e+13	0.00e+00	5.23e-28	3.47e-20	4.47e-13	4.63e-07	1.00e+00	1.10e-04	0.00e+00
 2.90446e+13	1.27e-36	6.61e-28	4.20e-20	5.13e-13	4.99e-07	1.00e+00	1.02e-04	0.00e+00
 3.00750e+13	0.00e+00	8.51e-28	5.15e-20	5.96e-13	5.42e-07	1.00e+00	9.37e-05	0.00e+00
 3.10473e+13	2.27e-36	1.07e-27	6.20e-20	6.83e-13	5.84e-07	1.00e+00	8.70e-05	0.00e+00
 3.21125e+13	0.00e+00	1.37e-27	7.55e-20	7.89e-13	6.32e-07	1.00e+00	8.04e-05	0.00e+00
 3.33046e+13	4.16e-36	1.78e-27	9.32e-20	9.21e-13	6.89e-07	1.00e+00	7.38e-05	0.00e+00
 3.44335e+13	0.00e+00	2.26e-27	1.13e-19	1.06e-12	7.45e-07	1.00e+00	6.83e-05	0.00e+00
 3.54781e+13	7.17e-36	2.80e-27	1.34e-19	1.20e-12	7.99e-07	1.00e+00	6.38e-05	0.00e+00
 3.66414e+13	0.00e+00	3.53e-27	1.62e-19	1.38e-12	8.61e-07	1.00e+00	5.92e-05	0.00e+00
 3.79460e+13	1.27e-35	4.52e-27	1.98e-19	1.60e-12	9.34e-07	1.00e+00	5.46e-05	0.00e+00
 3.91772e+13	0.00e+00	5.68e-27	2.38e-19	1.83e-12	1.01e-06	1.00e+00	5.07e-05	0.00e+00
 4.05207e+13	2.23e-35	7.23e-27	2.89e-19	2.10e-12	1.09e-06	1.00e+00	4.70e-05	0.00e+00
 4.20069e+13	0.00e+00	9.34e-27	3.55e-19	2.44e-12	1.18e-06	1.00e+00	4.33e-05	0.00e+00
 4.33837e+13	4.00e-35	1.18e-26	4.27e-19	2.79e-12	1.27e-06	1.00e+00	4.02e-05	0.00e+00
 4.48784e+13	0.00e+00	1.50e-26	5.19e-19	3.21e-12	1.37e-06	1.00e+00	3.72e-05	0.00e+00
 4.65503e+13	7.28e-35	1.94e-26	6.40e-19	3.74e-12	1.49e-06	1.00e+00	3.42e-05	0.00e+00
 4.81271e+13	0.00e+00	2.46e-26	7.74e-19	4.29e-12	1.61e-06	1.00e+00	3.18e-05	0.00e+00
 4.98519e+13	1.31e-34	3.17e-26	9.47e-19	4.96e-12	1.75e-06	1.00e+00	2.94e-05	0.00e+00
 5.17778e+13	0.00e+00	4.14e-26	1.18e-18	5.80e-12	1.90e-06	1.00e+00	2.69e-05	0.00e+00
 5.35924e+13	2.44e-34	5.30e-26	1.43e-18	6.68e-12	2.06e-06	1.00e+00	2.49e-05	0.00e+00
 5.55601e+13	3.33e-34	6.87e-26	1.76e-18	7.74e-12	2.23e-06	1.00e+00	2.30e-05	0.00e+00
 5.77671e+13	4.65e-34	9.08e-26	2.20e-18	9.07e-12	2.43e-06	1.00e+00	2.11e-05	0.00e+00
 5.98962e+13	6.37e-34	1.18e-25	2.71e-18	1.05e-11	2.64e-06	1.00e+00	1.95e-05	0.00e+00
 6.21558e+13	8.80e-34	1.54e-25	3.35e-18	1.22e-11	2.86e-06	1.00e+00	1.80e-05	0.00e+00
 6.46720e+13	1.24e-33	2.05e-25	4.21e-18	1.44e-11	3.12e-06	1.00e+00	1.65e-05	0.00e+00
 6.72105e+13	1.74e-33	2.71e-25	5.26e-18	1.68e-11	3.40e-06	1.00e+00	1.51e-05	0.00e+00
 6.98505e+13	2.46e-33	3.61e-25	6.57e-18	1.96e-11	3.70e-06	1.00e+00	1.39e-05	0.00e+00
 7.26745e+13	3.48e-33	4.80e-25	8.25e-18	2.30e-11	4.03e-06	1.00e+00	1.28e-05	0.00e+00
 7.53456e+13	4.81e-33	6.26e-25	1.02e-17	2.66e-11	4.36e-06	1.00e+00	1.18e-05	0.00e+00
 7.77614e+13	6.37e-33	7.90e-25	1.22e-17	3.03e-11	4.67e-06	1.00e+00	1.10e-05	0.00e+00
 8.00431e+13	8.26e-33	9.78e-25	1.44e-17	3.40e-11	4.97e-06	1.00e+00	1.04e-05	0.00e+00
 8.25670e+13	1.10e-32	1.23e-24	1.73e-17	3.85e-11	5.31e-06	1.00e+00	9.71e-06	0.00e+00
 8.53997e+13	1.49e-32	1.59e-24	2.11e-17	4.41e-11	5.70e-06	1.00e+00	9.04e-06	0.00e+00
 8.80918e+13	1.98e-32	2.00e-24	2.52e-17	5.00e-11	6.10e-06	1.00e+00	8.46e-06	0.00e+00
 9.10495e+13	2.67e-32	2.56e-24	3.06e-17	5.70e-11	6.54e-06	1.00e+00	7.89e-06	0.00e+00
 9.42882e+13	3.70e-32	3.33e-24	3.75e-17	6.56e-11	7.04e-06	1.00e+00	7.33e-06	0.00e+00
 9.72506e+13	4.91e-32	4.21e-24	4.50e-17	7.43e-11	7.51e-06	1.00e+00	6.87e-06	0.00e+00
 1.00460e+14	6.64e-32	5.38e-24	5.44e-17	8.46e-11	8.04e-06	1.00e+00	6.42e-06	0.00e+00
 1.04049e+14	9.22e-32	7.02e-24	6.68e-17	9.74e-11	8.65e-06	1.00e+00	5.97e-06	0.00e+00
 1.07439e+14	1.24e-31	8.96e-24	8.06e-17	1.11e-10	9.25e-06	1.00e+00	5.58e-06	0.00e+00
 1.11153e+14	1.72e-31	1.16e-23	9.85e-17	1.27e-10	9.92e-06	1.00e+00	5.20e-06	0.00e+00
 1.15277e+14	2.43e-31	1.54e-23	1.22e-16	1.47e-10	1.07e-05	1.00e+00	4.83e-06	0.00e+00
 1.19134e+14	3.32e-31	1.98e-23	1.48e-16	1.67e-10	1.14e-05	1.00e+00	4.51e-06	0.00e+00
 1.23348e+14	4.62e-31	2.60e-23	1.82e-16	1.92e-10	1.23e-05	1.00e+00	4.20e-06	0.00e+00
 1.28055e+14	6.63e-31	3.47e-23	2.27e-16	2.23e-10	1.33e-05	1.00e+00	3.89e-06	0.00e+00
 1.32507e+14	9.22e-31	4.53e-23	2.78e-16	2.56e-10	1.42e-05	1.00e+00	3.63e-06	0.00e+00
 1.37340e+14	1.31e-30	6.00e-23	3.44e-16	2.95e-10	1.53e-05	1.00e+00	3.38e-06	0.00e+00
 1.42731e+14	1.90e-30	8.11e-23	4.33e-16	3.44e-10	1.65e-05	1.00e+00	3.13e-06	0.00e+00
 1.47918e+14	2.70e-30	1.07e-22	5.35e-16	3.97e-10	1.77e-05	1.00e+00	2.91e-06	0.00e+00
 1.53445e+14	3.86e-30	1.43e-22	6.65e-16	4.59e-10	1.91e-05	1.00e+00	2.70e-06	0.00e+00
 1.59613e+14	5.70e-30	1.96e-22	8.41e-16	5.37e-10	2.07e-05	1.00e+00	2.50e-06	0.00e+00
 1.65795e+14	8.29e-30	2.64e-22	1.05e-15	6.25e-10	2.23e-05	1.00e+00	2.32e-06	0.00e+00
 1.72225e+14	1.21e-29	3.57e-22	1.32e-15	7.27e-10	2.40e-05	1.00e+00	2.15e-06	0.00e+00
 1.79144e+14	1.79e-29	4.88e-22	1.67e-15	8.50e-10	2.60e-05	1.00e+00	1.99e-06	0.00e+00
 1.86339e+14	2.64e-29	6.67e-22	2.12e-15	9.94e-10	2.81e-05	1.00e+00	1.84e-06	0.00e+00
 1.93823e+14	3.90e-29	9.13e-22	2.68e-15	1.16e-09	3.04e-05	1.00e+00	1.70e-06	0.00e+00
 2.01091e+14	5.62e-29	1.22e-21	3.34e-15	1.35e-09	3.27e-05	1.00e+00	1.58e-06	0.00e+00
 2.07961e+14	7.84e-29	1.60e-21	4.08e-15	1.54e-09	3.49e-05	1.00e+00	1.48e-06	0.00e+00
 2.14449e+14	1.06e-28	2.04e-21	4.91e-15	1.74e-09	3.71e-05	1.00e+00	1.39e-06	0.00e+00
 2.21512e+14	1.47e-28	2.64e-21	5.95e-15	1.98e-09	3.96e-05	1.00e+00	1.30e-06	0.00e+00
 2.29380e+14	2.06e-28	3.47e-21	7.33e-15	2.27e-09	4.24e-05	1.00e+00	1.22e-06	0.00e+00
 2.36787e+14	2.85e-28	4.48e-21	8.87e-15	2.58e-09	4.51e-05	1.00e+00	1.14e-06	0.00e+00
 2.44908e+14	3.97e-28	5.85e-21	1.09e-14	2.95e-09	4.83e-05	1.00e+00	1.07e-06	0.00e+00
 2.54023e+14	5.68e-28	7.80e-21	1.35e-14	3.41e-09	5.19e-05	1.00e+00	9.93e-07	0.00e+00
 2.62736e+14	7.86e-28	1.01e-20	1.65e-14	3.90e-09	5.55e-05	1.00e+00	0.00e+00	0.00e+00
 2.72278e+14	1.13e-27	1.35e-20	2.04e-14	4.50e-09	5.96e-05	1.00e+00	0.00e+00	0.00e+00
 2.83200e+14	1.63e-27	1.83e-20	2.58e-14	5.27e-09	6.45e-05	1.00e+00	0.00e+00	0.00e+00
 2.93828e+14	2.36e-27	2.45e-20	3.22e-14	6.10e-09	6.94e-05	1.00e+00	0.00e+00	0.00e+00
 3.04881e+14	3.40e-27	3.29e-20	4.02e-14	7.07e-09	7.47e-05	1.00e+00	0.00e+00	0.00e+00
 3.16087e+14	4.78e-27	4.34e-20	4.98e-14	8.16e-09	8.04e-05	1.00e+00	0.00e+00	0.00e+00
 3.25975e+14	6.53e-27	5.56e-20	5.99e-14	9.23e-09	8.54e-05	1.00e+00	0.00e+00	0.00e+00
 3.36728e+14	8.87e-27	7.14e-20	7.28e-14	1.05e-08	9.12e-05	1.00e+00	0.00e+00	0.00e+00
 3.49677e+14	1.29e-26	9.64e-20	9.12e-14	1.22e-08	9.83e-05	1.00e+00	0.00e+00	0.00e+00
 3.62530e+14	1.81e-26	1.27e-19	1.13e-13	1.41e-08	1.06e-04	1.00e+00	0.00e+00	0.00e+00
 3.74015e+14	2.47e-26	1.63e-19	1.36e-13	1.60e-08	1.13e-04	1.00e+00	0.00e+00	0.00e+00
 3.86673e+14	3.37e-26	2.10e-19	1.66e-13	1.82e-08	1.20e-04	1.00e+00	0.00e+00	0.00e+00
 4.01719e+14	4.86e-26	2.82e-19	2.09e-13	2.13e-08	1.30e-04	1.00e+00	0.00e+00	0.00e+00
 4.16581e+14	6.97e-26	3.77e-19	2.60e-13	2.46e-08	1.40e-04	1.00e+00	0.00e+00	0.00e+00
 4.30173e+14	9.34e-26	4.80e-19	3.15e-13	2.79e-08	1.49e-04	1.00e+00	0.00e+00	0.00e+00
 4.45402e+14	1.32e-25	6.33e-19	3.87e-13	3.21e-08	1.60e-04	1.00e+00	0.00e+00	0.00e+00
 4.63104e+14	1.89e-25	8.49e-19	4.89e-13	3.75e-08	1.73e-04	1.00e+00	0.00e+00	0.00e+00
 4.80428e+14	2.66e-25	1.12e-18	6.08e-13	4.35e-08	1.87e-04	1.00e+00	0.00e+00	0.00e+00
 4.96722e+14	3.71e-25	1.47e-18	7.43e-13	4.96e-08	2.00e-04	1.00e+00	0.00e+00	0.00e+00
 5.14897e+14	5.13e-25	1.92e-18	9.20e-13	5.73e-08	2.15e-04	1.00e+00	0.00e+00	0.00e+00
 5.35523e+14	7.41e-25	2.59e-18	1.16e-12	6.71e-08	2.33e-04	1.00e+00	0.00e+00	0.00e+00
 5.56114e+14	1.05e-24	3.45e-18	1.46e-12	7.80e-08	2.51e-04	1.00e+00	0.00e+00	0.00e+00
 5.75364e+14	1.48e-24	4.52e-18	1.78e-12	8.93e-08	2.69e-04	1.00e+00	0.00e+00	0.00e+00
 5.96245e+14	2.02e-24	5.87e-18	2.20e-12	1.03e-07	2.89e-04	1.00e+00	0.00e+00	0.00e+00
 6.19567e+14	2.94e-24	7.93e-18	2.77e-12	1.20e-07	3.12e-04	1.00e+00	0.00e+00	0.00e+00
 6.41354e+14	3.98e-24	1.02e-17	3.40e-12	1.38e-07	3.35e-04	1.00e+00	0.00e+00	0.00e+00
 6.61500e+14	5.37e-24	1.30e-17	4.09e-12	1.56e-07	3.57e-04	1.00e+00	0.00e+00	0.00e+00
 6.80828e+14	6.90e-24	1.60e-17	4.85e-12	1.75e-07	3.78e-04	1.00e+00	0.00e+00	0.00e+00
 7.02338e+14	9.32e-24	2.04e-17	5.84e-12	1.98e-07	4.03e-04	1.00e+00	0.00e+00	0.00e+00
 7.26179e+14	1.25e-23	2.60e-17	7.12e-12	2.26e-07	4.31e-04	1.00e+00	0.00e+00	0.00e+00
 7.48316e+14	1.64e-23	3.26e-17	8.51e-12	2.55e-07	4.58e-04	1.00e+00	0.00e+00	0.00e+00
 7.72357e+14	2.22e-23	4.17e-17	1.03e-11	2.90e-07	4.89e-04	1.00e+00	0.00e+00	0.00e+00
 7.99474e+14	2.98e-23	5.34e-17	1.26e-11	3.32e-07	5.24e-04	9.99e-01	0.00e+00	0.00e+00
 8.25392e+14	4.06e-23	6.86e-17	1.52e-11	3.78e-07	5.59e-04	9.99e-01	0.00e+00	0.00e+00
 8.53885e+14	5.39e-23	8.71e-17	1.86e-11	4.32e-07	5.99e-04	9.99e-01	0.00e+00	0.00e+00
 8.85234e+14	7.55e-23	1.15e-16	2.31e-11	4.99e-07	6.45e-04	9.99e-01	0.00e+00	0.00e+00
 9.14051e+14	1.02e-22	1.46e-16	2.79e-11	5.67e-07	6.88e-04	9.99e-01	0.00e+00	0.00e+00
 9.45270e+14	1.38e-22	1.88e-16	3.41e-11	6.49e-07	7.36e-04	9.99e-01	0.00e+00	0.00e+00
 9.80182e+14	1.87e-22	2.44e-16	4.22e-11	7.50e-07	7.93e-04	9.99e-01	0.00e+00	0.00e+00
 1.01299e+15	2.57e-22	3.14e-16	5.14e-11	8.55e-07	8.47e-04	9.99e-01	0.00e+00	0.00e+00
 1.04872e+15	3.45e-22	4.03e-16	6.31e-11	9.82e-07	9.10e-04	9.99e-01	0.00e+00	0.00e+00
 1.08839e+15	4.86e-22	5.34e-16	7.87e-11	1.14e-06	9.81e-04	9.99e-01	0.00e+00	0.00e+00
 1.12555e+15	6.45e-22	6.78e-16	9.59e-11	1.30e-06	1.05e-03	9.99e-01	0.00e+00	0.00e+00
 1.16612e+15	8.93e-22	8.85e-16	1.18e-10	1.50e-06	1.13e-03	9.99e-01	0.00e+00	0.00e+00
 1.21143e+15	1.23e-21	1.16e-15	1.48e-10	1.75e-06	1.22e-03	9.99e-01	0.00e+00	0.00e+00
 1.25409e+15	1.68e-21	1.50e-15	1.82e-10	2.01e-06	1.31e-03	9.99e-01	0.00e+00	0.00e+00
 1.29983e+15	2.25e-21	1.93e-15	2.25e-10	2.31e-06	1.41e-03	9.99e-01	0.00e+00	0.00e+00
 1.35079e+15	3.20e-21	2.57e-15	2.82e-10	2.70e-06	1.53e-03	9.98e-01	0.00e+00	0.00e+00
 1.40035e+15	4.25e-21	3.30e-15	3.49e-10	3.12e-06	1.65e-03	9.98e-01	0.00e+00	0.00e+00
 1.45296e+15	5.89e-21	4.32e-15	4.34e-10	3.61e-06	1.78e-03	9.98e-01	0.00e+00	0.00e+00
 1.51111e+15	8.20e-21	5.72e-15	5.47e-10	4.23e-06	1.94e-03	9.98e-01	0.00e+00	0.00e+00
 1.56822e+15	1.13e-20	7.46e-15	6.80e-10	4.91e-06	2.09e-03	9.98e-01	0.00e+00	0.00e+00
 1.61526e+15	1.42e-20	9.12e-15	8.09e-10	5.52e-06	2.23e-03	9.98e-01	0.00e+00	0.00e+00
 1.65286e+15	1.72e-20	1.07e-14	9.26e-10	6.06e-06	2.34e-03	9.98e-01	0.00e+00	0.00e+00
 1.69429e+15	2.13e-20	1.28e-14	1.07e-09	6.69e-06	2.47e-03	9.98e-01	0.00e+00	0.00e+00
 1.74815e+15	2.73e-20	1.59e-14	1.29e-09	7.58e-06	2.64e-03	9.97e-01	0.00e+00	0.00e+00
 1.80600e+15	3.55e-20	2.00e-14	1.56e-09	8.64e-06	2.83e-03	9.97e-01	0.00e+00	0.00e+00
 1.85749e+15	4.51e-20	2.44e-14	1.84e-09	9.67e-06	3.01e-03	9.97e-01	0.00e+00	0.00e+00
 1.91289e+15	5.66e-20	2.98e-14	2.18e-09	1.09e-05	3.21e-03	9.97e-01	0.00e+00	0.00e+00
 1.98310e+15	7.57e-20	3.83e-14	2.70e-09	1.26e-05	3.47e-03	9.97e-01	0.00e+00	0.00e+00
 2.05432e+15	1.01e-19	4.89e-14	3.32e-09	1.45e-05	3.75e-03	9.96e-01	0.00e+00	0.00e+00
 2.11465e+15	1.27e-19	5.98e-14	3.93e-09	1.63e-05	3.99e-03	9.96e-01	0.00e+00	0.00e+00
 2.17906e+15	1.62e-19	7.37e-14	4.69e-09	1.83e-05	4.26e-03	9.96e-01	0.00e+00	0.00e+00
 2.25979e+15	2.15e-19	9.44e-14	5.80e-09	2.12e-05	4.62e-03	9.95e-01	0.00e+00	0.00e+00
 2.34290e+15	2.88e-19	1.21e-13	7.17e-09	2.45e-05	5.00e-03	9.95e-01	0.00e+00	0.00e+00
 2.41596e+15	3.69e-19	1.50e-13	8.59e-09	2.77e-05	5.35e-03	9.95e-01	0.00e+00	0.00e+00
 2.49480e+15	4.72e-19	1.87e-13	1.04e-08	3.15e-05	5.74e-03	9.94e-01	0.00e+00	0.00e+00
 2.59017e+15	6.36e-19	2.42e-13	1.29e-08	3.66e-05	6.25e-03	9.94e-01	0.00e+00	0.00e+00
 2.68474e+15	8.44e-19	3.09e-13	1.60e-08	4.23e-05	6.77e-03	9.93e-01	0.00e+00	0.00e+00
 2.76847e+15	1.08e-18	3.84e-13	1.91e-08	4.78e-05	7.24e-03	9.93e-01	0.00e+00	0.00e+00
 2.86039e+15	1.40e-18	4.80e-13	2.32e-08	5.45e-05	7.79e-03	9.92e-01	0.00e+00	0.00e+00
 2.97061e+15	1.89e-18	6.24e-13	2.90e-08	6.34e-05	8.48e-03	9.91e-01	0.00e+00	0.00e+00
 3.08055e+15	2.53e-18	8.04e-13	3.60e-08	7.33e-05	9.20e-03	9.91e-01	0.00e+00	0.00e+00
 3.18079e+15	3.25e-18	1.00e-12	4.35e-08	8.33e-05	9.87e-03	9.90e-01	0.00e+00	0.00e+00
 3.29252e+15	4.35e-18	1.28e-12	5.34e-08	9.56e-05	1.07e-02	9.89e-01	0.00e+00	0.00e+00
 3.42280e+15	5.95e-18	1.68e-12	6.73e-08	1.12e-04	1.16e-02	9.88e-01	0.00e+00	0.00e+00
 3.55111e+15	8.05e-18	2.19e-12	8.37e-08	1.29e-04	1.26e-02	9.87e-01	0.00e+00	0.00e+00
 3.67270e+15	1.06e-17	2.77e-12	1.02e-07	1.48e-04	1.36e-02	9.86e-01	0.00e+00	0.00e+00
 3.80779e+15	1.43e-17	3.59e-12	1.27e-07	1.71e-04	1.47e-02	9.85e-01	0.00e+00	0.00e+00
 3.93529e+15	1.85e-17	4.50e-12	1.55e-07	1.95e-04	1.58e-02	9.84e-01	0.00e+00	0.00e+00
 4.03062e+15	2.27e-17	5.36e-12	1.79e-07	2.14e-04	1.67e-02	9.83e-01	0.00e+00	0.00e+00
 4.12837e+15	2.82e-17	6.42e-12	2.06e-07	2.35e-04	1.76e-02	9.82e-01	0.00e+00	0.00e+00
 4.25545e+15	3.64e-17	7.99e-12	2.47e-07	2.66e-04	1.88e-02	9.81e-01	0.00e+00	0.00e+00
 4.39261e+15	4.65e-17	9.93e-12	2.99e-07	3.02e-04	2.02e-02	9.80e-01	0.00e+00	0.00e+00
 4.51585e+15	5.90e-17	1.22e-11	3.54e-07	3.37e-04	2.15e-02	9.78e-01	0.00e+00	0.00e+00
 4.64903e+15	7.76e-17	1.53e-11	4.22e-07	3.78e-04	2.29e-02	9.77e-01	0.00e+00	0.00e+00
 4.81880e+15	1.05e-16	1.98e-11	5.24e-07	4.37e-04	2.48e-02	9.75e-01	0.00e+00	0.00e+00
 4.99010e+15	2.12e-16	2.53e-11	6.47e-07	5.02e-04	2.67e-02	9.73e-01	0.00e+00	0.00e+00
 5.13396e+15	1.93e-16	3.14e-11	7.70e-07	5.62e-04	2.84e-02	9.71e-01	0.00e+00	0.00e+00
 5.28820e+15	2.50e-16	3.90e-11	9.21e-07	6.32e-04	3.03e-02	9.69e-01	0.00e+00	0.00e+00
 5.48290e+15	3.55e-16	5.19e-11	1.15e-06	7.31e-04	3.28e-02	9.66e-01	0.00e+00	0.00e+00
 5.68614e+15	4.90e-16	6.80e-11	1.43e-06	8.45e-04	3.55e-02	9.64e-01	0.00e+00	0.00e+00
 5.86751e+15	6.35e-16	8.52e-11	1.74e-06	9.58e-04	3.80e-02	9.61e-01	0.00e+00	0.00e+00
 6.06452e+15	8.53e-16	1.09e-10	2.12e-06	1.09e-03	4.07e-02	9.58e-01	0.00e+00	0.00e+00
 6.29941e+15	1.25e-15	1.48e-10	2.68e-06	1.27e-03	4.42e-02	9.54e-01	0.00e+00	0.00e+00
 6.53133e+15	1.72e-15	1.95e-10	3.34e-06	1.47e-03	4.78e-02	9.51e-01	0.00e+00	0.00e+00
 6.74149e+15	2.25e-15	2.45e-10	4.06e-06	1.67e-03	5.11e-02	9.47e-01	0.00e+00	0.00e+00
 6.97553e+15	3.07e-15	3.18e-10	5.00e-06	1.91e-03	5.49e-02	9.43e-01	0.00e+00	0.00e+00
 7.24999e+15	4.56e-15	4.36e-10	6.34e-06	2.23e-03	5.97e-02	9.38e-01	0.00e+00	0.00e+00
 7.52006e+15	6.44e-15	5.80e-10	7.94e-06	2.57e-03	6.44e-02	9.33e-01	0.00e+00	0.00e+00
 7.77283e+15	8.77e-15	7.49e-10	9.72e-06	2.94e-03	6.90e-02	9.28e-01	0.00e+00	0.00e+00
 8.05567e+15	1.23e-14	9.89e-10	1.21e-05	3.39e-03	7.43e-02	9.22e-01	0.00e+00	0.00e+00
 8.37792e+15	1.70e-14	1.31e-09	1.54e-05	3.96e-03	8.05e-02	9.16e-01	0.00e+00	0.00e+00
 8.64785e+15	2.31e-14	1.69e-09	1.87e-05	4.49e-03	8.59e-02	9.10e-01	0.00e+00	0.00e+00
 8.84039e+15	2.95e-14	2.04e-09	2.14e-05	4.89e-03	8.99e-02	9.05e-01	0.00e+00	0.00e+00
 9.04028e+15	3.66e-14	2.44e-09	2.46e-05	5.35e-03	9.41e-02	9.00e-01	0.00e+00	0.00e+00
 9.30012e+15	4.64e-14	2.99e-09	2.93e-05	5.99e-03	9.96e-02	8.94e-01	0.00e+00	0.00e+00
 9.59004e+15	6.44e-14	3.89e-09	3.54e-05	6.77e-03	1.06e-01	8.87e-01	0.00e+00	0.00e+00
 9.86073e+15	8.14e-14	4.76e-09	4.20e-05	7.55e-03	1.12e-01	8.80e-01	0.00e+00	0.00e+00
 1.01543e+16	1.11e-13	6.08e-09	5.04e-05	8.49e-03	1.19e-01	8.72e-01	0.00e+00	0.00e+00
 1.04819e+16	1.50e-13	7.82e-09	6.13e-05	9.63e-03	1.27e-01	8.64e-01	0.00e+00	0.00e+00
 1.07911e+16	1.94e-13	9.72e-09	7.33e-05	1.08e-02	1.34e-01	8.55e-01	0.00e+00	0.00e+00
 1.11301e+16	2.61e-13	1.24e-08	8.88e-05	1.22e-02	1.42e-01	8.45e-01	0.00e+00	0.00e+00
 1.15069e+16	3.76e-13	1.66e-08	1.09e-04	1.39e-02	1.52e-01	8.34e-01	0.00e+00	0.00e+00
 1.18595e+16	5.04e-13	2.11e-08	1.32e-04	1.57e-02	1.61e-01	8.23e-01	0.00e+00	0.00e+00
 1.22444e+16	6.84e-13	2.72e-08	1.61e-04	1.78e-02	1.71e-01	8.11e-01	0.00e+00	0.00e+00
 1.26650e+16	9.22e-13	3.50e-08	1.98e-04	2.04e-02	1.83e-01	7.97e-01	0.00e+00	0.00e+00
 1.30532e+16	1.30e-12	4.58e-08	2.40e-04	2.30e-02	1.94e-01	7.83e-01	0.00e+00	0.00e+00
 1.34790e+16	1.77e-12	5.92e-08	2.94e-04	2.61e-02	2.05e-01	7.68e-01	0.00e+00	0.00e+00
 1.39441e+16	2.39e-12	7.66e-08	3.62e-04	2.98e-02	2.18e-01	7.52e-01	0.00e+00	0.00e+00
 1.43704e+16	3.23e-12	9.80e-08	4.38e-04	3.36e-02	2.30e-01	7.36e-01	0.00e+00	0.00e+00
 1.48346e+16	4.67e-12	1.31e-07	5.39e-04	3.82e-02	2.44e-01	7.17e-01	0.00e+00	0.00e+00
 1.53431e+16	6.54e-12	1.73e-07	6.68e-04	4.36e-02	2.59e-01	6.97e-01	0.00e+00	0.00e+00
 1.57957e+16	8.68e-12	2.18e-07	8.03e-04	4.89e-02	2.72e-01	6.79e-01	0.00e+00	0.00e+00
 1.62065e+16	1.10e-11	2.67e-07	9.46e-04	5.41e-02	2.83e-01	6.62e-01	0.00e+00	0.00e+00
 1.66762e+16	1.54e-11	3.48e-07	1.14e-03	6.08e-02	2.97e-01	6.41e-01	0.00e+00	0.00e+00
 1.71946e+16	2.08e-11	4.47e-07	1.39e-03	6.85e-02	3.12e-01	6.19e-01	0.00e+00	0.00e+00
 1.76796e+16	2.69e-11	5.57e-07	1.67e-03	7.64e-02	3.25e-01	5.97e-01	0.00e+00	0.00e+00
 1.81182e+16	3.49e-11	6.88e-07	1.96e-03	8.43e-02	3.37e-01	5.77e-01	0.00e+00	0.00e+00
 1.85229e+16	4.42e-11	8.35e-07	2.28e-03	9.20e-02	3.48e-01	5.58e-01	0.00e+00	0.00e+00
 1.89786e+16	5.73e-11	1.03e-06	2.69e-03	1.02e-01	3.59e-01	5.36e-01	0.00e+00	0.00e+00
 1.94738e+16	7.57e-11	1.30e-06	3.20e-03	1.13e-01	3.72e-01	5.13e-01	0.00e+00	0.00e+00
 1.99251e+16	9.76e-11	1.60e-06	3.75e-03	1.23e-01	3.82e-01	4.91e-01	0.00e+00	0.00e+00
 2.04165e+16	1.36e-10	2.06e-06	4.47e-03	1.36e-01	3.94e-01	4.66e-01	0.00e+00	0.00e+00
 2.09182e+16	1.75e-10	2.55e-06	5.29e-03	1.50e-01	4.03e-01	4.41e-01	0.00e+00	0.00e+00
 2.13432e+16	2.14e-10	3.03e-06	6.10e-03	1.63e-01	4.11e-01	4.20e-01	0.00e+00	0.00e+00
 2.18053e+16	2.75e-10	3.72e-06	7.15e-03	1.78e-01	4.19e-01	3.97e-01	0.00e+00	0.00e+00
 2.23064e+16	3.83e-10	4.81e-06	8.50e-03	1.95e-01	4.26e-01	3.71e-01	0.00e+00	0.00e+00
 2.27475e+16	4.79e-10	5.78e-06	9.83e-03	2.11e-01	4.31e-01	3.49e-01	0.00e+00	0.00e+00
 2.31483e+16	5.80e-10	6.81e-06	1.12e-02	2.26e-01	4.34e-01	3.29e-01	0.00e+00	0.00e+00
 2.36075e+16	7.98e-10	8.68e-06	1.32e-02	2.46e-01	4.37e-01	3.04e-01	0.00e+00	0.00e+00
 2.40752e+16	1.01e-09	1.06e-05	1.54e-02	2.66e-01	4.37e-01	2.81e-01	0.00e+00	0.00e+00
 2.44559e+16	1.22e-09	1.24e-05	1.75e-02	2.83e-01	4.37e-01	2.63e-01	0.00e+00	0.00e+00
 2.48527e+16	1.53e-09	1.48e-05	2.01e-02	3.02e-01	4.35e-01	2.43e-01	0.00e+00	0.00e+00
 2.52790e+16	2.10e-09	1.89e-05	2.34e-02	3.25e-01	4.31e-01	2.21e-01	0.00e+00	0.00e+00
 2.56396e+16	2.61e-09	2.24e-05	2.65e-02	3.44e-01	4.26e-01	2.04e-01	0.00e+00	0.00e+00
 2.59495e+16	3.17e-09	2.62e-05	2.96e-02	3.61e-01	4.20e-01	1.89e-01	0.00e+00	0.00e+00
 2.62976e+16	3.92e-09	3.10e-05	3.36e-02	3.81e-01	4.13e-01	1.73e-01	0.00e+00	0.00e+00
 2.66720e+16	5.00e-09	3.76e-05	3.85e-02	4.04e-01	4.03e-01	1.55e-01	0.00e+00	0.00e+00
 2.69931e+16	5.96e-09	4.35e-05	4.32e-02	4.23e-01	3.92e-01	1.41e-01	0.00e+00	0.00e+00
 2.72707e+16	7.60e-09	5.21e-05	4.82e-02	4.41e-01	3.82e-01	1.29e-01	0.00e+00	0.00e+00
 2.75354e+16	8.85e-09	5.90e-05	5.32e-02	4.58e-01	3.71e-01	1.17e-01	0.00e+00	0.00e+00
 2.78357e+16	1.09e-08	6.98e-05	5.99e-02	4.79e-01	3.57e-01	1.04e-01	0.00e+00	0.00e+00
 2.81457e+16	1.39e-08	8.37e-05	6.77e-02	5.00e-01	3.41e-01	9.17e-02	0.00e+00	0.00e+00
 2.83929e+16	1.81e-08	1.02e-04	7.52e-02	5.17e-01	3.26e-01	8.14e-02	0.00e+00	0.00e+00
 2.85912e+16	2.19e-08	1.17e-04	8.17e-02	5.31e-01	3.14e-01	7.35e-02	0.00e+00	0.00e+00
 2.88015e+16	2.47e-08	1.29e-04	8.91e-02	5.46e-01	2.99e-01	6.56e-02	0.00e+00	0.00e+00
 2.90372e+16	3.02e-08	1.51e-04	9.85e-02	5.63e-01	2.82e-01	5.71e-02	0.00e+00	0.00e+00
 2.92463e+16	3.70e-08	1.75e-04	1.08e-01	5.77e-01	2.65e-01	4.97e-02	0.00e+00	0.00e+00
 2.94144e+16	4.73e-08	2.08e-04	1.17e-01	5.89e-01	2.50e-01	4.36e-02	0.00e+00	0.00e+00
 2.95578e+16	5.38e-08	2.29e-04	1.24e-01	5.99e-01	2.37e-01	3.89e-02	0.00e+00	0.00e+00
 2.97134e+16	6.06e-08	2.52e-04	1.33e-01	6.10e-01	2.23e-01	3.41e-02	0.00e+00	0.00e+00
 2.98844e+16	7.66e-08	2.98e-04	1.44e-01	6.21e-01	2.05e-01	2.87e-02	0.00e+00	0.00e+00
 3.00293e+16	8.61e-08	3.26e-04	1.54e-01	6.31e-01	1.90e-01	2.47e-02	0.00e+00	0.00e+00
 3.01463e+16	1.04e-07	3.72e-04	1.63e-01	6.38e-01	1.78e-01	2.14e-02	0.00e+00	0.00e+00
 3.02539e+16	1.14e-07	3.99e-04	1.71e-01	6.44e-01	1.66e-01	1.87e-02	0.00e+00	0.00e+00
 3.03746e+16	1.31e-07	4.43e-04	1.81e-01	6.52e-01	1.52e-01	1.57e-02	0.00e+00	0.00e+00
 3.05012e+16	1.61e-07	5.11e-04	1.92e-01	6.58e-01	1.37e-01	1.28e-02	0.00e+00	0.00e+00
 3.06027e+16	1.77e-07	5.48e-04	2.01e-01	6.63e-01	1.25e-01	1.08e-02	0.00e+00	0.00e+00
 3.06791e+16	2.04e-07	6.04e-04	2.08e-01	6.67e-01	1.16e-01	9.27e-03	0.00e+00	0.00e+00
 3.07353e+16	2.19e-07	6.35e-04	2.13e-01	6.69e-01	1.09e-01	8.28e-03	0.00e+00	0.00e+00
 3.07879e+16	2.35e-07	6.68e-04	2.18e-01	6.71e-01	1.02e-01	7.38e-03	0.00e+00	0.00e+00
 3.08563e+16	2.58e-07	7.13e-04	2.25e-01	6.74e-01	9.43e-02	6.30e-03	0.00e+00	0.00e+00
 3.09295e+16	2.84e-07	7.64e-04	2.32e-01	6.76e-01	8.58e-02	5.27e-03	0.00e+00	0.00e+00
 3.09931e+16	3.09e-07	8.11e-04	2.38e-01	6.78e-01	7.86e-02	4.47e-03	0.00e+00	0.00e+00
 3.10499e+16	3.32e-07	8.55e-04	2.44e-01	6.79e-01	7.23e-02	3.82e-03	0.00e+00	0.00e+00
 3.11141e+16	3.63e-07	9.10e-04	2.51e-01	6.80e-01	6.53e-02	3.15e-03	0.00e+00	0.00e+00
 3.11841e+16	3.97e-07	9.69e-04	2.57e-01	6.81e-01	5.82e-02	2.55e-03	0.00e+00	0.00e+00
 3.12487e+16	4.32e-07	1.03e-03	2.64e-01	6.81e-01	5.20e-02	2.06e-03	0.00e+00	0.00e+00
 3.13199e+16	4.72e-07	1.09e-03	2.70e-01	6.81e-01	4.55e-02	1.61e-03	0.00e+00	0.00e+00
 3.13984e+16	5.21e-07	1.17e-03	2.78e-01	6.80e-01	3.91e-02	1.21e-03	0.00e+00	0.00e+00
 3.14722e+16	5.69e-07	1.25e-03	2.85e-01	6.79e-01	3.37e-02	9.16e-04	0.00e+00	0.00e+00
 3.15536e+16	6.28e-07	1.33e-03	2.92e-01	6.78e-01	2.84e-02	6.62e-04	0.00e+00	0.00e+00
 3.16596e+16	7.08e-07	1.45e-03	3.01e-01	6.74e-01	2.26e-02	4.29e-04	0.00e+00	0.00e+00
 3.17716e+16	7.96e-07	1.57e-03	3.10e-01	6.70e-01	1.77e-02	2.73e-04	0.00e+00	0.00e+00
 3.18751e+16	8.83e-07	1.68e-03	3.18e-01	6.66e-01	1.42e-02	1.78e-04	0.00e+00	0.00e+00
 3.19933e+16	9.87e-07	1.81e-03	3.26e-01	6.61e-01	1.10e-02	1.09e-04	0.00e+00	0.00e+00
 3.21468e+16	1.13e-06	1.97e-03	3.36e-01	6.54e-01	7.96e-03	5.86e-05	0.00e+00	0.00e+00
 3.23464e+16	1.33e-06	2.19e-03	3.47e-01	6.45e-01	5.36e-03	2.70e-05	0.00e+00	0.00e+00
 3.26059e+16	1.62e-06	2.48e-03	3.62e-01	6.33e-01	3.32e-03	1.05e-05	0.00e+00	0.00e+00
 3.29432e+16	2.07e-06	2.90e-03	3.80e-01	6.16e-01	1.90e-03	3.42e-06	0.00e+00	0.00e+00
 3.33055e+16	2.71e-06	3.44e-03	4.00e-01	5.96e-01	1.11e-03	1.16e-06	0.00e+00	0.00e+00
 3.36270e+16	3.48e-06	4.04e-03	4.19e-01	5.76e-01	7.19e-04	4.79e-07	0.00e+00	0.00e+00
 3.39208e+16	4.42e-06	4.72e-03	4.38e-01	5.57e-01	4.93e-04	0.00e+00	0.00e+00	0.00e+00
 3.42521e+16	5.89e-06	5.68e-03	4.61e-01	5.33e-01	3.25e-04	0.00e+00	0.00e+00	0.00e+00
 3.45990e+16	8.10e-06	7.01e-03	4.87e-01	5.05e-01	2.16e-04	0.00e+00	0.00e+00	0.00e+00
 3.48251e+16	1.02e-05	8.18e-03	5.06e-01	4.85e-01	1.68e-04	0.00e+00	0.00e+00	0.00e+00
 3.49324e+16	1.14e-05	8.82e-03	5.16e-01	4.75e-01	1.49e-04	0.00e+00	0.00e+00	0.00e+00
 3.50263e+16	1.26e-05	9.42e-03	5.24e-01	4.66e-01	1.33e-04	0.00e+00	0.00e+00	0.00e+00
 3.51484e+16	1.44e-05	1.03e-02	5.36e-01	4.54e-01	1.14e-04	0.00e+00	0.00e+00	0.00e+00
 3.53072e+16	1.71e-05	1.16e-02	5.51e-01	4.37e-01	9.42e-05	0.00e+00	0.00e+00	0.00e+00
 3.54766e+16	2.08e-05	1.32e-02	5.68e-01	4.19e-01	7.69e-05	0.00e+00	0.00e+00	0.00e+00
 3.56177e+16	2.48e-05	1.49e-02	5.83e-01	4.02e-01	6.48e-05	0.00e+00	0.00e+00	0.00e+00
 3.57349e+16	2.87e-05	1.64e-02	5.95e-01	3.88e-01	5.60e-05	0.00e+00	0.00e+00	0.00e+00
 3.58628e+16	3.38e-05	1.84e-02	6.09e-01	3.72e-01	4.74e-05	0.00e+00	0.00e+00	0.00e+00
 3.60054e+16	4.10e-05	2.09e-02	6.25e-01	3.54e-01	3.94e-05	0.00e+00	0.00e+00	0.00e+00
 3.61214e+16	4.82e-05	2.34e-02	6.38e-01	3.38e-01	3.39e-05	0.00e+00	0.00e+00	0.00e+00
 3.62025e+16	5.42e-05	2.54e-02	6.47e-01	3.27e-01	3.04e-05	0.00e+00	0.00e+00	0.00e+00
 3.62840e+16	6.11e-05	2.76e-02	6.57e-01	3.16e-01	2.70e-05	0.00e+00	0.00e+00	0.00e+00
 3.63898e+16	7.17e-05	3.08e-02	6.69e-01	3.00e-01	2.31e-05	0.00e+00	0.00e+00	0.00e+00
 3.64972e+16	8.49e-05	3.45e-02	6.81e-01	2.85e-01	1.98e-05	0.00e+00	0.00e+00	0.00e+00
 3.65805e+16	9.72e-05	3.79e-02	6.90e-01	2.72e-01	1.74e-05	0.00e+00	0.00e+00	0.00e+00
 3.66498e+16	1.09e-04	4.11e-02	6.97e-01	2.62e-01	1.56e-05	0.00e+00	0.00e+00	0.00e+00
 3.67266e+16	1.24e-04	4.49e-02	7.05e-01	2.50e-01	1.38e-05	0.00e+00	0.00e+00	0.00e+00
 3.68124e+16	1.45e-04	4.99e-02	7.14e-01	2.36e-01	1.19e-05	0.00e+00	0.00e+00	0.00e+00
 3.68905e+16	1.67e-04	5.50e-02	7.21e-01	2.24e-01	1.05e-05	0.00e+00	0.00e+00	0.00e+00
 3.69588e+16	1.89e-04	6.00e-02	7.27e-01	2.13e-01	9.26e-06	0.00e+00	0.00e+00	0.00e+00
 3.70337e+16	2.19e-04	6.62e-02	7.33e-01	2.01e-01	8.04e-06	0.00e+00	0.00e+00	0.00e+00
 3.71138e+16	2.56e-04	7.37e-02	7.38e-01	1.88e-01	6.90e-06	0.00e+00	0.00e+00	0.00e+00
 3.71817e+16	2.94e-04	8.11e-02	7.42e-01	1.76e-01	6.02e-06	0.00e+00	0.00e+00	0.00e+00
 3.72397e+16	3.32e-04	8.81e-02	7.45e-01	1.67e-01	5.33e-06	0.00e+00	0.00e+00	0.00e+00
 3.73037e+16	3.81e-04	9.68e-02	7.47e-01	1.56e-01	4.63e-06	0.00e+00	0.00e+00	0.00e+00
 3.73736e+16	4.45e-04	1.08e-01	7.47e-01	1.44e-01	3.95e-06	0.00e+00	0.00e+00	0.00e+00
 3.74351e+16	5.13e-04	1.18e-01	7.47e-01	1.34e-01	3.42e-06	0.00e+00	0.00e+00	0.00e+00
 3.74888e+16	5.82e-04	1.29e-01	7.45e-01	1.25e-01	2.99e-06	0.00e+00	0.00e+00	0.00e+00
 3.75483e+16	6.72e-04	1.42e-01	7.42e-01	1.16e-01	2.55e-06	0.00e+00	0.00e+00	0.00e+00
 3.76128e+16	7.90e-04	1.58e-01	7.36e-01	1.05e-01	2.14e-06	0.00e+00	0.00e+00	0.00e+00
 3.76691e+16	9.14e-04	1.74e-01	7.29e-01	9.63e-02	1.82e-06	0.00e+00	0.00e+00	0.00e+00
 3.77181e+16	1.04e-03	1.89e-01	7.21e-01	8.86e-02	1.56e-06	0.00e+00	0.00e+00	0.00e+00
 3.77723e+16	1.20e-03	2.09e-01	7.10e-01	8.01e-02	1.31e-06	0.00e+00	0.00e+00	0.00e+00
 3.78319e+16	1.42e-03	2.32e-01	6.95e-01	7.11e-02	1.07e-06	0.00e+00	0.00e+00	0.00e+00
 3.78855e+16	1.66e-03	2.57e-01	6.78e-01	6.32e-02	8.75e-07	0.00e+00	0.00e+00	0.00e+00
 3.79332e+16	1.91e-03	2.81e-01	6.61e-01	5.63e-02	0.00e+00	0.00e+00	0.00e+00	0.00e+00
 3.79863e+16	2.24e-03	3.10e-01	6.38e-01	4.90e-02	0.00e+00	0.00e+00	0.00e+00	0.00e+00
 3.80452e+16	2.69e-03	3.48e-01	6.08e-01	4.12e-02	0.00e+00	0.00e+00	0.00e+00	0.00e+00
 3.80997e+16	3.21e-03	3.86e-01	5.76e-01	3.45e-02	0.00e+00	0.00e+00	0.00e+00	0.00e+00
 3.81486e+16	3.76e-03	4.25e-01	5.43e-01	2.89e-02	0.00e+00	0.00e+00	0.00e+00	0.00e+00
 3.81954e+16	4.40e-03	4.65e-01	5.07e-01	2.38e-02	0.00e+00	0.00e+00	0.00e+00	0.00e+00
 3.82419e+16	5.18e-03	5.08e-01	4.68e-01	1.93e-02	0.00e+00	0.00e+00	0.00e+00	0.00e+00
 3.82859e+16	6.05e-03	5.51e-01	4.28e-01	1.54e-02	0.00e+00	0.00e+00	0.00e+00	0.00e+00
 3.83253e+16	6.96e-03	5.92e-01	3.89e-01	1.23e-02	0.00e+00	0.00e+00	0.00e+00	0.00e+00
 3.83615e+16	7.87e-03	6.30e-01	3.52e-01	9.81e-03	0.00e+00	0.00e+00	0.00e+00	0.00e+00
 3.84021e+16	9.11e-03	6.73e-01	3.10e-01	7.39e-03	0.00e+00	0.00e+00	0.00e+00	0.00e+00
 3.84445e+16	1.06e-02	7.19e-01	2.65e-01	5.30e-03	0.00e+00	0.00e+00	0.00e+00	0.00e+00
 3.84783e+16	1.21e-02	7.55e-01	2.29e-01	3.92e-03	0.00e+00	0.00e+00	0.00e+00	0.00e+00
 3.85054e+16	1.34e-02	7.83e-01	2.01e-01	3.02e-03	0.00e+00	0.00e+00	0.00e+00	0.00e+00
 3.85343e+16	1.50e-02	8.11e-01	1.72e-01	2.21e-03	0.00e+00	0.00e+00	0.00e+00	0.00e+00
 3.85664e+16	1.69e-02	8.39e-01	1.42e-01	1.53e-03	0.00e+00	0.00e+00	0.00e+00	0.00e+00
 3.85952e+16	1.89e-02	8.62e-01	1.18e-01	1.07e-03	0.00e+00	0.00e+00	0.00e+00	0.00e+00
 3.86197e+16	2.10e-02	8.80e-01	9.86e-02	7.63e-04	0.00e+00	0.00e+00	0.00e+00	0.00e+00
 3.86461e+16	2.34e-02	8.96e-01	8.02e-02	5.17e-04	0.00e+00	0.00e+00	0.00e+00	0.00e+00
 3.86744e+16	2.63e-02	9.10e-01	6.29e-02	3.30e-04	0.00e+00	0.00e+00	0.00e+00	0.00e+00
 3.86980e+16	2.90e-02	9.21e-01	5.03e-02	2.18e-04	0.00e+00	0.00e+00	0.00e+00	0.00e+00
 3.87169e+16	3.15e-02	9.27e-01	4.16e-02	1.54e-04	0.00e+00	0.00e+00	0.00e+00	0.00e+00
 3.87367e+16	3.44e-02	9.32e-01	3.37e-02	1.04e-04	0.00e+00	0.00e+00	0.00e+00	0.00e+00
 3.87581e+16	3.79e-02	9.35e-01	2.65e-02	6.74e-05	0.00e+00	0.00e+00	0.00e+00	0.00e+00
 3.87768e+16	4.14e-02	9.37e-01	2.11e-02	4.48e-05	0.00e+00	0.00e+00	0.00e+00	0.00e+00
 3.87926e+16	4.45e-02	9.38e-01	1.73e-02	3.12e-05	0.00e+00	0.00e+00	0.00e+00	0.00e+00
 3.88084e+16	4.81e-02	9.38e-01	1.41e-02	2.13e-05	0.00e+00	0.00e+00	0.00e+00	0.00e+00
 3.88248e+16	5.20e-02	9.37e-01	1.13e-02	1.42e-05	0.00e+00	0.00e+00	0.00e+00	0.00e+00
 3.88399e+16	5.60e-02	9.35e-01	9.05e-03	9.58e-06	0.00e+00	0.00e+00	0.00e+00	0.00e+00
 3.88536e+16	5.99e-02	9.33e-01	7.40e-03	6.63e-06	0.00e+00	0.00e+00	0.00e+00	0.00e+00
 3.88658e+16	6.37e-02	9.30e-01	6.13e-03	4.72e-06	0.00e+00	0.00e+00	0.00e+00	0.00e+00
 3.88773e+16	6.75e-02	9.27e-01	5.11e-03	3.39e-06	0.00e+00	0.00e+00	0.00e+00	0.00e+00
 3.88884e+16	7.14e-02	9.24e-01	4.27e-03	2.44e-06	0.00e+00	0.00e+00	0.00e+00	0.00e+00
 3.88987e+16	7.53e-02	9.21e-01	3.60e-03	1.79e-06	0.00e+00	0.00e+00	0.00e+00	0.00e+00
 3.89068e+16	7.82e-02	9.19e-01	3.15e-03	1.41e-06	0.00e+00	0.00e+00	0.00e+00	0.00e+00
 3.89119e+16	8.02e-02	9.17e-01	2.89e-03	1.20e-06	0.00e+00	0.00e+00	0.00e+00	0.00e+00
 3.89166e+16	8.23e-02	9.15e-01	2.66e-03	1.03e-06	0.00e+00	0.00e+00	0.00e+00	0.00e+00
 3.89220e+16	8.48e-02	9.13e-01	2.41e-03	8.64e-07	0.00e+00	0.00e+00	0.00e+00	0.00e+00
 3.89280e+16	8.74e-02	9.10e-01	2.17e-03	0.00e+00	0.00e+00	0.00e+00	0.00e+00	0.00e+00
 3.89337e+16	9.02e-02	9.08e-01	1.96e-03	0.00e+00	0.00e+00	0.00e+00	0.00e+00	0.00e+00
 3.89391e+16	9.28e-02	9.05e-01	1.77e-03	0.00e+00	0.00e+00	0.00e+00	0.00e+00	0.00e+00
 3.89443e+16	9.57e-02	9.03e-01	1.61e-03	0.00e+00	0.00e+00	0.00e+00	0.00e+00	0.00e+00
 3.89497e+16	9.85e-02	9.00e-01	1.45e-03	0.00e+00	0.00e+00	0.00e+00	0.00e+00	0.00e+00
 3.89549e+16	1.01e-01	8.97e-01	1.31e-03	0.00e+00	0.00e+00	0.00e+00	0.00e+00	0.00e+00
 3.89601e+16	1.04e-01	8.95e-01	1.19e-03	0.00e+00	0.00e+00	0.00e+00	0.00e+00	0.00e+00
 3.89652e+16	1.07e-01	8.92e-01	1.08e-03	0.00e+00	0.00e+00	0.00e+00	0.00e+00	0.00e+00
 3.89703e+16	1.11e-01	8.88e-01	9.73e-04	0.00e+00	0.00e+00	0.00e+00	0.00e+00	0.00e+00
 3.89752e+16	1.14e-01	8.85e-01	8.80e-04	0.00e+00	0.00e+00	0.00e+00	0.00e+00	0.00e+00
 3.89801e+16	1.17e-01	8.82e-01	7.96e-04	0.00e+00	0.00e+00	0.00e+00	0.00e+00	0.00e+00
 3.89850e+16	1.21e-01	8.78e-01	7.19e-04	0.00e+00	0.00e+00	0.00e+00	0.00e+00	0.00e+00
 3.89899e+16	1.25e-01	8.75e-01	6.48e-04	0.00e+00	0.00e+00	0.00e+00	0.00e+00	0.00e+00
 3.89946e+16	1.29e-01	8.71e-01	5.86e-04	0.00e+00	0.00e+00	0.00e+00	0.00e+00	0.00e+00
 3.89992e+16	1.33e-01	8.67e-01	5.31e-04	0.00e+00	0.00e+00	0.00e+00	0.00e+00	0.00e+00
 3.90039e+16	1.37e-01	8.63e-01	4.79e-04	0.00e+00	0.00e+00	0.00e+00	0.00e+00	0.00e+00
 3.90085e+16	1.41e-01	8.58e-01	4.32e-04	0.00e+00	0.00e+00	0.00e+00	0.00e+00	0.00e+00
 3.90130e+16	1.46e-01	8.54e-01	3.90e-04	0.00e+00	0.00e+00	0.00e+00	0.00e+00	0.00e+00
 3.90175e+16	1.51e-01	8.48e-01	3.52e-04	0.00e+00	0.00e+00	0.00e+00	0.00e+00	0.00e+00
 3.90218e+16	1.57e-01	8.43e-01	3.18e-04	0.00e+00	0.00e+00	0.00e+00	0.00e+00	0.00e+00
 3.90262e+16	1.62e-01	8.38e-01	2.86e-04	0.00e+00	0.00e+00	0.00e+00	0.00e+00	0.00e+00
 3.90305e+16	1.68e-01	8.32e-01	2.58e-04	0.00e+00	0.00e+00	0.00e+00	0.00e+00	0.00e+00
 3.90347e+16	1.74e-01	8.26e-01	2.33e-04	0.00e+00	0.00e+00	0.00e+00	0.00e+00	0.00e+00
 3.90388e+16	1.80e-01	8.19e-01	2.10e-04	0.00e+00	0.00e+00	0.00e+00	0.00e+00	0.00e+00
 3.90430e+16	1.87e-01	8.12e-01	1.89e-04	0.00e+00	0.00e+00	0.00e+00	0.00e+00	0.00e+00
 3.90470e+16	1.96e-01	8.04e-01	1.70e-04	0.00e+00	0.00e+00	0.00e+00	0.00e+00	0.00e+00
 3.90510e+16	2.04e-01	7.96e-01	1.53e-04	0.00e+00	0.00e+00	0.00e+00	0.00e+00	0.00e+00
 3.90548e+16	2.12e-01	7.88e-01	1.38e-04	0.00e+00	0.00e+00	0.00e+00	0.00e+00	0.00e+00
 3.90587e+16	2.21e-01	7.79e-01	1.24e-04	0.00e+00	0.00e+00	0.00e+00	0.00e+00	0.00e+00
 3.90624e+16	2.31e-01	7.69e-01	1.11e-04	0.00e+00	0.00e+00	0.00e+00	0.00e+00	0.00e+00
 3.90661e+16	2.41e-01	7.59e-01	1.00e-04	0.00e+00	0.00e+00	0.00e+00	0.00e+00	0.00e+00
 3.90696e+16	2.52e-01	7.48e-01	9.01e-05	0.00e+00	0.00e+00	0.00e+00	0.00e+00	0.00e+00
 3.90731e+16	2.63e-01	7.37e-01	8.11e-05	0.00e+00	0.00e+00	0.00e+00	0.00e+00	0.00e+00
 3.90765e+16	2.75e-01	7.25e-01	7.29e-05	0.00e+00	0.00e+00	0.00e+00	0.00e+00	0.00e+00
 3.90799e+16	2.88e-01	7.12e-01	6.55e-05	0.00e+00	0.00e+00	0.00e+00	0.00e+00	0.00e+00
 3.90832e+16	3.02e-01	6.98e-01	5.88e-05	0.00e+00	0.00e+00	0.00e+00	0.00e+00	0.00e+00
