#depth	N	N+	N+2	N+3	N+4	N+5	N+6	N+7
 1.49634e+10	0.00e+00	0.00e+00	2.71e-31	9.99e-22	1.04e-12	4.62e-03	7.63e-01	2.32e-01
 4.54887e+10	0.00e+00	2.62e-41	3.81e-31	1.30e-21	1.25e-12	5.12e-03	7.77e-01	2.18e-01
 7.72350e+10	0.00e+00	0.00e+00	5.34e-31	1.68e-21	1.50e-12	5.67e-03	7.89e-01	2.05e-01
 1.10251e+11	0.00e+00	6.01e-41	7.47e-31	2.17e-21	1.79e-12	6.27e-03	8.01e-01	1.92e-01
 1.42631e+11	0.00e+00	0.00e+00	1.03e-30	2.77e-21	2.12e-12	6.89e-03	8.12e-01	1.81e-01
 1.76306e+11	0.00e+00	1.32e-40	1.41e-30	3.53e-21	2.51e-12	7.56e-03	8.22e-01	1.70e-01
 2.13285e+11	0.00e+00	0.00e+00	1.97e-30	4.56e-21	2.99e-12	8.35e-03	8.33e-01	1.59e-01
 2.50640e+11	0.00e+00	2.97e-40	2.72e-30	5.85e-21	3.55e-12	9.18e-03	8.42e-01	1.49e-01
 2.86454e+11	0.00e+00	0.00e+00	3.67e-30	7.35e-21	4.16e-12	1.00e-02	8.50e-01	1.40e-01
 3.24803e+11	0.00e+00	6.30e-40	5.00e-30	9.30e-21	4.89e-12	1.09e-02	8.58e-01	1.31e-01
 3.66482e+11	0.00e+00	0.00e+00	6.91e-30	1.19e-20	5.80e-12	1.20e-02	8.65e-01	1.23e-01
 4.06669e+11	0.00e+00	1.36e-39	9.32e-30	1.49e-20	6.78e-12	1.31e-02	8.72e-01	1.15e-01
 4.49704e+11	0.00e+00	0.00e+00	1.27e-29	1.89e-20	7.97e-12	1.43e-02	8.78e-01	1.08e-01
 4.97619e+11	0.00e+00	3.01e-39	1.77e-29	2.43e-20	9.47e-12	1.57e-02	8.84e-01	1.00e-01
 5.40571e+11	0.00e+00	0.00e+00	2.35e-29	3.02e-20	1.10e-11	1.70e-02	8.89e-01	9.42e-02
 5.76003e+11	0.00e+00	5.68e-39	2.95e-29	3.59e-20	1.24e-11	1.81e-02	8.92e-01	8.95e-02
 6.14888e+11	0.00e+00	0.00e+00	3.76e-29	4.32e-20	1.40e-11	1.94e-02	8.96e-01	8.48e-02
 6.64567e+11	0.00e+00	1.11e-38	5.08e-29	5.43e-20	1.64e-11	2.10e-02	9.00e-01	7.92e-02
 7.17486e+11	0.00e+00	0.00e+00	6.92e-29	6.86e-20	1.92e-11	2.29e-02	9.03e-01	7.38e-02
 7.65550e+11	0.00e+00	2.29e-38	9.07e-29	8.42e-20	2.21e-11	2.47e-02	9.06e-01	6.94e-02
 8.18096e+11	0.00e+00	0.00e+00	1.21e-28	1.05e-19	2.56e-11	2.67e-02	9.08e-01	6.49e-02
 8.79715e+11	0.00e+00	4.87e-38	1.67e-28	1.34e-19	3.02e-11	2.91e-02	9.11e-01	6.02e-02
 9.41056e+11	0.00e+00	0.00e+00	2.27e-28	1.69e-19	3.54e-11	3.16e-02	9.12e-01	5.59e-02
 9.99649e+11	0.00e+00	1.02e-37	3.02e-28	2.09e-19	4.10e-11	3.41e-02	9.14e-01	5.22e-02
 1.06436e+12	0.00e+00	0.00e+00	4.09e-28	2.64e-19	4.79e-11	3.70e-02	9.14e-01	4.85e-02
 1.13686e+12	0.00e+00	2.24e-37	5.69e-28	3.38e-19	5.66e-11	4.04e-02	9.15e-01	4.48e-02
 1.21226e+12	0.00e+00	0.00e+00	7.90e-28	4.33e-19	6.69e-11	4.40e-02	9.15e-01	4.13e-02
 1.28131e+12	0.00e+00	4.84e-37	1.06e-27	5.39e-19	7.75e-11	4.74e-02	9.14e-01	3.85e-02
 1.34008e+12	0.00e+00	0.00e+00	1.34e-27	6.45e-19	8.75e-11	5.05e-02	9.13e-01	3.62e-02
 1.40484e+12	0.00e+00	8.99e-37	1.73e-27	7.83e-19	9.96e-11	5.39e-02	9.12e-01	3.40e-02
 1.48523e+12	0.00e+00	0.00e+00	2.36e-27	9.89e-19	1.16e-10	5.83e-02	9.10e-01	3.14e-02
 1.56730e+12	0.00e+00	1.93e-36	3.21e-27	1.24e-18	1.36e-10	6.30e-02	9.08e-01	2.90e-02
 1.63876e+12	2.03e-46	2.66e-36	4.14e-27	1.51e-18	1.54e-10	6.72e-02	9.06e-01	2.72e-02
 1.71511e+12	0.00e+00	0.00e+00	5.42e-27	1.84e-18	1.76e-10	7.19e-02	9.03e-01	2.53e-02
 1.80840e+12	0.00e+00	5.52e-36	7.43e-27	2.34e-18	2.07e-10	7.78e-02	8.99e-01	2.33e-02
 1.90208e+12	7.72e-46	8.12e-36	1.01e-26	2.95e-18	2.41e-10	8.39e-02	8.95e-01	2.15e-02
 1.98538e+12	0.00e+00	0.00e+00	1.32e-26	3.60e-18	2.75e-10	8.96e-02	8.90e-01	2.00e-02
 2.07680e+12	0.00e+00	1.62e-35	1.76e-26	4.46e-18	3.17e-10	9.59e-02	8.86e-01	1.85e-02
 2.18600e+12	2.90e-45	2.44e-35	2.44e-26	5.71e-18	3.73e-10	1.04e-01	8.79e-01	1.69e-02
 2.29381e+12	0.00e+00	0.00e+00	3.35e-26	7.23e-18	4.36e-10	1.12e-01	8.73e-01	1.55e-02
 2.38932e+12	0.00e+00	5.08e-35	4.39e-26	8.87e-18	4.99e-10	1.19e-01	8.66e-01	1.44e-02
 2.49336e+12	1.08e-44	7.29e-35	5.86e-26	1.10e-17	5.74e-10	1.28e-01	8.59e-01	1.33e-02
 2.61817e+12	0.00e+00	0.00e+00	8.20e-26	1.42e-17	6.77e-10	1.38e-01	8.50e-01	1.20e-02
 2.74280e+12	0.00e+00	1.67e-34	1.14e-25	1.81e-17	7.95e-10	1.49e-01	8.40e-01	1.10e-02
 2.85653e+12	4.52e-44	2.39e-34	1.52e-25	2.24e-17	9.15e-10	1.59e-01	8.31e-01	1.01e-02
 2.98327e+12	0.00e+00	3.54e-34	2.07e-25	2.83e-17	1.06e-09	1.70e-01	8.21e-01	9.17e-03
 3.13097e+12	1.23e-43	5.50e-34	2.95e-25	3.68e-17	1.26e-09	1.84e-01	8.08e-01	8.24e-03
 3.27649e+12	0.00e+00	8.36e-34	4.12e-25	4.73e-17	1.49e-09	1.98e-01	7.95e-01	7.43e-03
 3.41431e+12	3.24e-43	1.23e-33	5.60e-25	5.95e-17	1.72e-09	2.12e-01	7.82e-01	6.75e-03
 3.53919e+12	0.00e+00	1.72e-33	7.33e-25	7.28e-17	1.96e-09	2.24e-01	7.70e-01	6.19e-03
 3.65078e+12	6.92e-43	2.30e-33	9.25e-25	8.66e-17	2.20e-09	2.35e-01	7.59e-01	5.74e-03
 3.77747e+12	0.00e+00	3.17e-33	1.20e-24	1.05e-16	2.48e-09	2.48e-01	7.47e-01	5.27e-03
 3.94103e+12	1.66e-42	4.75e-33	1.65e-24	1.33e-16	2.90e-09	2.65e-01	7.30e-01	4.74e-03
 4.11089e+12	0.00e+00	7.09e-33	2.27e-24	1.69e-16	3.38e-09	2.83e-01	7.13e-01	4.24e-03
 4.24863e+12	3.93e-42	9.69e-33	2.92e-24	2.04e-16	3.80e-09	2.97e-01	6.99e-01	3.89e-03
 4.38620e+12	0.00e+00	1.31e-32	3.72e-24	2.44e-16	4.26e-09	3.11e-01	6.85e-01	3.57e-03
 4.56505e+12	8.96e-42	1.92e-32	5.03e-24	3.06e-16	4.92e-09	3.30e-01	6.67e-01	3.20e-03
 4.74881e+12	0.00e+00	2.78e-32	6.78e-24	3.82e-16	5.66e-09	3.49e-01	6.49e-01	2.86e-03
 4.90027e+12	2.01e-41	3.74e-32	8.58e-24	4.55e-16	6.32e-09	3.64e-01	6.33e-01	2.62e-03
 5.05846e+12	0.00e+00	5.04e-32	1.09e-23	5.43e-16	7.06e-09	3.80e-01	6.18e-01	2.39e-03
 5.26411e+12	4.54e-41	7.32e-32	1.47e-23	6.77e-16	8.10e-09	4.00e-01	5.98e-01	2.13e-03
 5.47749e+12	0.00e+00	1.06e-31	1.97e-23	8.43e-16	9.29e-09	4.21e-01	5.77e-01	1.89e-03
 5.65671e+12	1.02e-40	1.43e-31	2.50e-23	1.00e-15	1.04e-08	4.38e-01	5.61e-01	1.71e-03
 5.84549e+12	0.00e+00	1.94e-31	3.18e-23	1.20e-15	1.16e-08	4.55e-01	5.43e-01	1.55e-03
 6.08620e+12	2.31e-40	2.80e-31	4.27e-23	1.49e-15	1.32e-08	4.77e-01	5.22e-01	1.37e-03
 6.33475e+12	0.00e+00	4.04e-31	5.71e-23	1.85e-15	1.51e-08	4.98e-01	5.01e-01	1.20e-03
 6.54939e+12	5.20e-40	5.47e-31	7.26e-23	2.20e-15	1.68e-08	5.16e-01	4.83e-01	1.08e-03
 6.77962e+12	0.00e+00	7.48e-31	9.29e-23	2.64e-15	1.87e-08	5.35e-01	4.64e-01	9.67e-04
 7.03936e+12	1.14e-39	1.05e-30	1.22e-22	3.22e-15	2.11e-08	5.55e-01	4.44e-01	8.54e-04
 7.29582e+12	0.00e+00	1.44e-30	1.57e-22	3.87e-15	2.36e-08	5.74e-01	4.25e-01	7.58e-04
 7.54560e+12	2.42e-39	1.94e-30	1.98e-22	4.59e-15	2.62e-08	5.91e-01	4.08e-01	6.77e-04
 7.82832e+12	0.00e+00	2.70e-30	2.57e-22	5.55e-15	2.93e-08	6.11e-01	3.89e-01	5.96e-04
 8.13912e+12	5.47e-39	3.80e-30	3.37e-22	6.77e-15	3.29e-08	6.30e-01	3.69e-01	5.21e-04
 8.41145e+12	0.00e+00	5.07e-30	4.23e-22	7.98e-15	3.63e-08	6.47e-01	3.53e-01	4.64e-04
 8.65142e+12	1.05e-38	6.48e-30	5.13e-22	9.19e-15	3.95e-08	6.61e-01	3.39e-01	4.20e-04
 8.92432e+12	0.00e+00	8.49e-30	6.35e-22	1.07e-14	4.32e-08	6.76e-01	3.24e-01	3.75e-04
 9.21970e+12	2.05e-38	1.13e-29	7.93e-22	1.26e-14	4.75e-08	6.91e-01	3.09e-01	3.33e-04
 9.48520e+12	0.00e+00	1.44e-29	9.59e-22	1.45e-14	5.14e-08	7.04e-01	2.96e-01	3.01e-04
 9.77126e+12	3.77e-38	1.86e-29	1.18e-21	1.67e-14	5.60e-08	7.17e-01	2.83e-01	2.69e-04
 1.00944e+13	0.00e+00	2.45e-29	1.46e-21	1.96e-14	6.13e-08	7.31e-01	2.69e-01	2.39e-04
 1.04070e+13	7.28e-38	3.18e-29	1.80e-21	2.28e-14	6.68e-08	7.44e-01	2.55e-01	2.12e-04
 1.07547e+13	0.00e+00	4.21e-29	2.24e-21	2.67e-14	7.31e-08	7.58e-01	2.42e-01	1.87e-04
 1.11391e+13	1.47e-37	5.66e-29	2.83e-21	3.16e-14	8.05e-08	7.72e-01	2.28e-01	1.64e-04
 1.14973e+13	0.00e+00	7.39e-29	3.48e-21	3.67e-14	8.77e-08	7.84e-01	2.16e-01	1.45e-04
 1.18888e+13	2.87e-37	9.79e-29	4.35e-21	4.30e-14	9.61e-08	7.96e-01	2.04e-01	1.27e-04
 1.23296e+13	0.00e+00	1.33e-28	5.53e-21	5.11e-14	1.06e-07	8.09e-01	1.91e-01	1.10e-04
 1.27534e+13	5.85e-37	1.76e-28	6.89e-21	5.99e-14	1.16e-07	8.20e-01	1.80e-01	9.61e-05
 1.32234e+13	0.00e+00	2.38e-28	8.73e-21	7.11e-14	1.27e-07	8.32e-01	1.68e-01	8.29e-05
 1.37484e+13	1.25e-36	3.28e-28	1.13e-20	8.54e-14	1.41e-07	8.43e-01	1.57e-01	7.07e-05
 1.42493e+13	0.00e+00	4.40e-28	1.42e-20	1.01e-13	1.55e-07	8.54e-01	1.46e-01	6.10e-05
 1.47955e+13	2.60e-36	5.99e-28	1.81e-20	1.20e-13	1.71e-07	8.64e-01	1.36e-01	5.22e-05
 1.54172e+13	0.00e+00	8.39e-28	2.36e-20	1.45e-13	1.90e-07	8.74e-01	1.26e-01	4.39e-05
 1.59930e+13	5.62e-36	1.13e-27	2.98e-20	1.72e-13	2.09e-07	8.83e-01	1.17e-01	3.76e-05
 1.64934e+13	0.00e+00	1.45e-27	3.63e-20	1.99e-13	2.26e-07	8.90e-01	1.10e-01	3.30e-05
 1.70493e+13	1.05e-35	1.89e-27	4.48e-20	2.31e-13	2.46e-07	8.97e-01	1.03e-01	2.87e-05
 1.77257e+13	0.00e+00	2.58e-27	5.73e-20	2.76e-13	2.71e-07	9.05e-01	9.48e-02	2.42e-05
 1.83354e+13	2.12e-35	3.38e-27	7.10e-20	3.23e-13	2.96e-07	9.12e-01	8.83e-02	2.09e-05
 1.87825e+13	0.00e+00	4.10e-27	8.26e-20	3.60e-13	3.14e-07	9.16e-01	8.41e-02	1.89e-05
 1.92415e+13	3.37e-35	4.96e-27	9.61e-20	4.02e-13	3.33e-07	9.20e-01	7.99e-02	1.70e-05
 1.98382e+13	0.00e+00	6.31e-27	1.16e-19	4.62e-13	3.60e-07	9.25e-01	7.49e-02	1.48e-05
 2.04940e+13	6.14e-35	8.14e-27	1.42e-19	5.35e-13	3.90e-07	9.30e-01	6.99e-02	1.29e-05
 2.10960e+13	0.00e+00	1.02e-26	1.70e-19	6.09e-13	4.19e-07	9.34e-01	6.57e-02	1.13e-05
 2.17480e+13	1.08e-34	1.29e-26	2.06e-19	6.98e-13	4.52e-07	9.38e-01	6.16e-02	9.91e-06
 2.25739e+13	0.00e+00	1.73e-26	2.58e-19	8.25e-13	4.95e-07	9.43e-01	5.69e-02	8.40e-06
 2.34029e+13	2.13e-34	2.28e-26	3.22e-19	9.69e-13	5.41e-07	9.47e-01	5.26e-02	7.16e-06
 2.40933e+13	2.79e-34	2.85e-26	3.85e-19	1.10e-12	5.80e-07	9.51e-01	4.94e-02	6.30e-06
 2.48261e+13	3.69e-34	3.59e-26	4.62e-19	1.26e-12	6.23e-07	9.54e-01	4.64e-02	5.53e-06
 2.57600e+13	5.18e-34	4.75e-26	5.77e-19	1.48e-12	6.82e-07	9.57e-01	4.28e-02	4.69e-06
 2.67438e+13	7.33e-34	6.32e-26	7.24e-19	1.74e-12	7.45e-07	9.61e-01	3.95e-02	3.98e-06
 2.76370e+13	9.93e-34	8.12e-26	8.81e-19	2.00e-12	8.04e-07	9.63e-01	3.68e-02	3.45e-06
 2.86238e+13	1.37e-33	1.06e-25	1.09e-18	2.33e-12	8.72e-07	9.66e-01	3.41e-02	2.97e-06
 2.97802e+13	1.98e-33	1.43e-25	1.38e-18	2.76e-12	9.56e-07	9.69e-01	3.14e-02	2.50e-06
 3.08153e+13	2.71e-33	1.85e-25	1.69e-18	3.19e-12	1.03e-06	9.71e-01	2.91e-02	2.15e-06
 3.16352e+13	3.46e-33	2.26e-25	1.97e-18	3.57e-12	1.10e-06	9.72e-01	2.76e-02	1.92e-06
 3.25170e+13	4.47e-33	2.79e-25	2.32e-18	4.00e-12	1.17e-06	9.74e-01	2.60e-02	1.71e-06
 3.36634e+13	6.16e-33	3.63e-25	2.85e-18	4.63e-12	1.26e-06	9.76e-01	2.42e-02	1.48e-06
 3.49057e+13	8.63e-33	4.78e-25	3.53e-18	5.39e-12	1.37e-06	9.78e-01	2.24e-02	1.27e-06
 3.60182e+13	1.16e-32	6.07e-25	4.26e-18	6.14e-12	1.46e-06	9.79e-01	2.10e-02	1.11e-06
 3.70257e+13	1.50e-32	7.50e-25	5.01e-18	6.88e-12	1.56e-06	9.80e-01	1.98e-02	9.88e-07
 3.81513e+13	1.99e-32	9.43e-25	5.98e-18	7.78e-12	1.66e-06	9.81e-01	1.86e-02	0.00e+00
 3.95783e+13	2.80e-32	1.25e-24	7.43e-18	9.06e-12	1.80e-06	9.83e-01	1.73e-02	0.00e+00
 4.10373e+13	3.95e-32	1.65e-24	9.20e-18	1.05e-11	1.94e-06	9.84e-01	1.60e-02	0.00e+00
 4.22953e+13	5.25e-32	2.08e-24	1.10e-17	1.19e-11	2.07e-06	9.85e-01	1.51e-02	0.00e+00
 4.36516e+13	7.10e-32	2.65e-24	1.32e-17	1.35e-11	2.21e-06	9.86e-01	1.41e-02	0.00e+00
 4.53214e+13	1.01e-31	3.54e-24	1.65e-17	1.58e-11	2.40e-06	9.87e-01	1.31e-02	0.00e+00
 4.70343e+13	1.44e-31	4.71e-24	2.06e-17	1.83e-11	2.59e-06	9.88e-01	1.21e-02	0.00e+00
 4.85870e+13	1.97e-31	6.06e-24	2.49e-17	2.09e-11	2.78e-06	9.89e-01	1.14e-02	0.00e+00
 5.02961e+13	2.74e-31	7.92e-24	3.06e-17	2.40e-11	2.98e-06	9.89e-01	1.06e-02	0.00e+00
 5.23023e+13	3.99e-31	1.07e-23	3.86e-17	2.82e-11	3.24e-06	9.90e-01	9.77e-03	0.00e+00
 5.42151e+13	5.63e-31	1.42e-23	4.77e-17	3.26e-11	3.49e-06	9.91e-01	9.08e-03	0.00e+00
 5.58686e+13	7.52e-31	1.79e-23	5.69e-17	3.67e-11	3.71e-06	9.91e-01	8.55e-03	0.00e+00
 5.76645e+13	1.02e-30	2.29e-23	6.87e-17	4.17e-11	3.96e-06	9.92e-01	8.02e-03	0.00e+00
 5.98682e+13	1.46e-30	3.06e-23	8.57e-17	4.86e-11	4.28e-06	9.93e-01	7.43e-03	0.00e+00
 6.21026e+13	2.08e-30	4.06e-23	1.06e-16	5.63e-11	4.62e-06	9.93e-01	6.90e-03	0.00e+00
 6.39933e+13	2.78e-30	5.13e-23	1.27e-16	6.35e-11	4.91e-06	9.94e-01	6.49e-03	0.00e+00
 6.55948e+13	3.53e-30	6.22e-23	1.47e-16	7.02e-11	5.17e-06	9.94e-01	6.17e-03	0.00e+00
 6.73353e+13	4.55e-30	7.63e-23	1.72e-16	7.80e-11	5.46e-06	9.94e-01	5.85e-03	0.00e+00
 6.95981e+13	6.26e-30	9.86e-23	2.09e-16	8.91e-11	5.84e-06	9.95e-01	5.47e-03	0.00e+00
 7.19393e+13	8.59e-30	1.27e-22	2.54e-16	1.02e-10	6.26e-06	9.95e-01	5.11e-03	0.00e+00
 7.38927e+13	1.11e-29	1.57e-22	2.98e-16	1.13e-10	6.61e-06	9.95e-01	4.85e-03	0.00e+00
 7.59420e+13	1.45e-29	1.94e-22	3.50e-16	1.27e-10	7.00e-06	9.95e-01	4.58e-03	0.00e+00
 7.86061e+13	2.02e-29	2.54e-22	4.30e-16	1.46e-10	7.52e-06	9.96e-01	4.27e-03	0.00e+00
 8.13762e+13	2.82e-29	3.32e-22	5.27e-16	1.68e-10	8.08e-06	9.96e-01	3.98e-03	0.00e+00
 8.37190e+13	3.71e-29	4.15e-22	6.24e-16	1.88e-10	8.56e-06	9.96e-01	3.75e-03	0.00e+00
 8.61994e+13	4.91e-29	5.20e-22	7.42e-16	2.11e-10	9.10e-06	9.96e-01	3.54e-03	0.00e+00
 8.93685e+13	6.95e-29	6.88e-22	9.19e-16	2.45e-10	9.81e-06	9.97e-01	3.27e-03	0.00e+00
 9.26559e+13	9.84e-29	9.11e-22	1.14e-15	2.83e-10	1.06e-05	9.97e-01	3.03e-03	0.00e+00
 9.55178e+13	1.32e-28	1.15e-21	1.36e-15	3.20e-10	1.13e-05	9.97e-01	2.85e-03	0.00e+00
 9.86033e+13	1.79e-28	1.48e-21	1.64e-15	3.64e-10	1.20e-05	9.97e-01	2.67e-03	0.00e+00
 1.02369e+14	2.57e-28	1.98e-21	2.05e-15	4.24e-10	1.30e-05	9.98e-01	2.47e-03	0.00e+00
 1.06135e+14	3.64e-28	2.62e-21	2.54e-15	4.90e-10	1.40e-05	9.98e-01	2.29e-03	0.00e+00
 1.09461e+14	4.90e-28	3.33e-21	3.05e-15	5.55e-10	1.49e-05	9.98e-01	2.15e-03	0.00e+00
 1.13097e+14	6.71e-28	4.29e-21	3.70e-15	6.34e-10	1.60e-05	9.98e-01	2.01e-03	0.00e+00
 1.17471e+14	9.65e-28	5.75e-21	4.64e-15	7.39e-10	1.73e-05	9.98e-01	1.86e-03	0.00e+00
 1.21829e+14	1.37e-27	7.64e-21	5.75e-15	8.56e-10	1.87e-05	9.98e-01	1.73e-03	0.00e+00
 1.25773e+14	1.87e-27	9.79e-21	6.95e-15	9.73e-10	1.99e-05	9.98e-01	1.62e-03	0.00e+00
 1.30149e+14	2.59e-27	1.28e-20	8.51e-15	1.12e-09	2.14e-05	9.98e-01	1.51e-03	0.00e+00
 1.35290e+14	3.77e-27	1.73e-20	1.07e-14	1.31e-09	2.32e-05	9.99e-01	1.39e-03	0.00e+00
 1.40364e+14	5.38e-27	2.30e-20	1.33e-14	1.52e-09	2.50e-05	9.99e-01	1.29e-03	0.00e+00
 1.45114e+14	7.43e-27	2.98e-20	1.62e-14	1.73e-09	2.68e-05	9.99e-01	1.21e-03	0.00e+00
 1.49796e+14	1.01e-26	3.82e-20	1.96e-14	1.97e-09	2.86e-05	9.99e-01	1.13e-03	0.00e+00
 1.54416e+14	1.36e-26	4.84e-20	2.34e-14	2.23e-09	3.04e-05	9.99e-01	1.06e-03	0.00e+00
 1.58672e+14	1.77e-26	6.00e-20	2.76e-14	2.48e-09	3.22e-05	9.99e-01	1.00e-03	0.00e+00
 1.62596e+14	2.24e-26	7.26e-20	3.19e-14	2.74e-09	3.38e-05	9.99e-01	9.56e-04	0.00e+00
 1.67086e+14	2.92e-26	8.99e-20	3.75e-14	3.06e-09	3.57e-05	9.99e-01	9.04e-04	0.00e+00
 1.72922e+14	4.09e-26	1.18e-19	4.60e-14	3.51e-09	3.83e-05	9.99e-01	8.43e-04	0.00e+00
 1.78846e+14	5.68e-26	1.53e-19	5.62e-14	4.02e-09	4.11e-05	9.99e-01	7.88e-04	0.00e+00
 1.83641e+14	7.37e-26	1.89e-19	6.58e-14	4.46e-09	4.33e-05	9.99e-01	7.47e-04	0.00e+00
 1.88631e+14	9.59e-26	2.34e-19	7.71e-14	4.97e-09	4.57e-05	9.99e-01	7.07e-04	0.00e+00
 1.95119e+14	1.34e-25	3.05e-19	9.43e-14	5.69e-09	4.90e-05	9.99e-01	6.60e-04	0.00e+00
 2.01977e+14	1.88e-25	4.01e-19	1.16e-13	6.54e-09	5.25e-05	9.99e-01	6.16e-04	0.00e+00
 2.07941e+14	2.50e-25	5.05e-19	1.38e-13	7.35e-09	5.57e-05	9.99e-01	5.81e-04	0.00e+00
 2.14319e+14	3.37e-25	6.41e-19	1.65e-13	8.29e-09	5.92e-05	9.99e-01	5.47e-04	0.00e+00
 2.22297e+14	4.84e-25	8.56e-19	2.05e-13	9.59e-09	6.37e-05	9.99e-01	5.08e-04	0.00e+00
 2.30503e+14	6.94e-25	1.14e-18	2.55e-13	1.11e-08	6.85e-05	9.99e-01	4.72e-04	0.00e+00
 2.37775e+14	9.45e-25	1.46e-18	3.07e-13	1.26e-08	7.29e-05	9.99e-01	4.44e-04	0.00e+00
 2.45684e+14	1.31e-24	1.90e-18	3.74e-13	1.43e-08	7.79e-05	1.00e+00	4.15e-04	0.00e+00
 2.55173e+14	1.91e-24	2.57e-18	4.69e-13	1.66e-08	8.40e-05	1.00e+00	3.85e-04	0.00e+00
 2.64606e+14	2.74e-24	3.44e-18	5.83e-13	1.92e-08	9.03e-05	1.00e+00	3.58e-04	0.00e+00
 2.73144e+14	3.76e-24	4.43e-18	7.05e-13	2.18e-08	9.62e-05	1.00e+00	3.36e-04	0.00e+00
 2.82625e+14	5.29e-24	5.81e-18	8.64e-13	2.50e-08	1.03e-04	1.00e+00	3.14e-04	0.00e+00
 2.93759e+14	7.77e-24	7.91e-18	1.09e-12	2.92e-08	1.11e-04	1.00e+00	2.91e-04	0.00e+00
 3.04773e+14	1.12e-23	1.06e-17	1.36e-12	3.38e-08	1.20e-04	1.00e+00	2.70e-04	0.00e+00
 3.15122e+14	1.56e-23	1.38e-17	1.66e-12	3.86e-08	1.28e-04	1.00e+00	2.52e-04	0.00e+00
 3.26652e+14	2.24e-23	1.84e-17	2.06e-12	4.46e-08	1.38e-04	1.00e+00	2.35e-04	0.00e+00
 3.37657e+14	3.11e-23	2.40e-17	2.51e-12	5.09e-08	1.47e-04	1.00e+00	2.20e-04	0.00e+00
 3.45846e+14	3.95e-23	2.91e-17	2.89e-12	5.60e-08	1.54e-04	1.00e+00	2.09e-04	0.00e+00
 3.54134e+14	4.99e-23	3.51e-17	3.33e-12	6.16e-08	1.62e-04	1.00e+00	2.00e-04	0.00e+00
 3.64909e+14	6.72e-23	4.45e-17	3.99e-12	6.94e-08	1.72e-04	1.00e+00	1.88e-04	0.00e+00
 3.76588e+14	9.18e-23	5.72e-17	4.81e-12	7.88e-08	1.83e-04	1.00e+00	1.76e-04	0.00e+00
 3.87084e+14	1.21e-22	7.11e-17	5.67e-12	8.79e-08	1.94e-04	1.00e+00	1.67e-04	0.00e+00
 3.98372e+14	1.60e-22	8.93e-17	6.74e-12	9.87e-08	2.05e-04	1.00e+00	1.57e-04	0.00e+00
 4.12863e+14	2.27e-22	1.18e-16	8.34e-12	1.14e-07	2.21e-04	1.00e+00	1.46e-04	0.00e+00
 4.27514e+14	3.21e-22	1.56e-16	1.03e-11	1.31e-07	2.37e-04	1.00e+00	1.36e-04	0.00e+00
 4.39584e+14	4.21e-22	1.94e-16	1.21e-11	1.47e-07	2.51e-04	1.00e+00	1.29e-04	0.00e+00
 4.52299e+14	5.57e-22	2.43e-16	1.44e-11	1.64e-07	2.66e-04	1.00e+00	1.22e-04	0.00e+00
 4.68690e+14	7.88e-22	3.22e-16	1.78e-11	1.90e-07	2.86e-04	1.00e+00	1.13e-04	0.00e+00
 4.86048e+14	1.12e-21	4.28e-16	2.21e-11	2.20e-07	3.08e-04	1.00e+00	1.05e-04	0.00e+00
 5.01239e+14	1.52e-21	5.45e-16	2.65e-11	2.49e-07	3.28e-04	1.00e+00	9.84e-05	0.00e+00
 5.17427e+14	2.06e-21	6.98e-16	3.20e-11	2.83e-07	3.51e-04	1.00e+00	9.21e-05	0.00e+00
 5.37123e+14	2.95e-21	9.34e-16	3.99e-11	3.29e-07	3.79e-04	1.00e+00	8.52e-05	0.00e+00
 5.56711e+14	4.18e-21	1.23e-15	4.94e-11	3.80e-07	4.08e-04	1.00e+00	7.91e-05	0.00e+00
 5.73910e+14	5.60e-21	1.56e-15	5.92e-11	4.30e-07	4.35e-04	9.99e-01	7.43e-05	0.00e+00
 5.92676e+14	7.61e-21	2.01e-15	7.16e-11	4.90e-07	4.66e-04	9.99e-01	6.94e-05	0.00e+00
 6.15364e+14	1.09e-20	2.68e-15	8.95e-11	5.71e-07	5.04e-04	9.99e-01	6.42e-05	0.00e+00
 6.37934e+14	1.53e-20	3.54e-15	1.11e-10	6.62e-07	5.44e-04	9.99e-01	5.95e-05	0.00e+00
 6.58026e+14	2.06e-20	4.50e-15	1.33e-10	7.50e-07	5.80e-04	9.99e-01	5.57e-05	0.00e+00
 6.80111e+14	2.82e-20	5.80e-15	1.62e-10	8.58e-07	6.22e-04	9.99e-01	5.19e-05	0.00e+00
 7.06460e+14	4.03e-20	7.76e-15	2.03e-10	1.00e-06	6.75e-04	9.99e-01	4.79e-05	0.00e+00
 7.32572e+14	5.68e-20	1.02e-14	2.51e-10	1.16e-06	7.29e-04	9.99e-01	4.44e-05	0.00e+00
 7.54709e+14	7.51e-20	1.29e-14	2.99e-10	1.31e-06	7.77e-04	9.99e-01	4.16e-05	0.00e+00
 7.77461e+14	9.93e-20	1.62e-14	3.56e-10	1.48e-06	8.27e-04	9.99e-01	3.91e-05	0.00e+00
 8.01515e+14	1.32e-19	2.04e-14	4.26e-10	1.68e-06	8.83e-04	9.99e-01	3.66e-05	0.00e+00
 8.22148e+14	1.68e-19	2.47e-14	4.95e-10	1.86e-06	9.32e-04	9.99e-01	3.47e-05	0.00e+00
 8.43858e+14	2.13e-19	3.01e-14	5.77e-10	2.07e-06	9.86e-04	9.99e-01	3.28e-05	0.00e+00
 8.72082e+14	2.90e-19	3.87e-14	7.01e-10	2.36e-06	1.06e-03	9.99e-01	3.06e-05	0.00e+00
 9.00923e+14	3.92e-19	4.95e-14	8.49e-10	2.70e-06	1.13e-03	9.99e-01	2.85e-05	0.00e+00
 9.24483e+14	4.99e-19	6.03e-14	9.88e-10	3.00e-06	1.20e-03	9.99e-01	2.70e-05	0.00e+00
 9.49028e+14	6.37e-19	7.35e-14	1.15e-09	3.34e-06	1.27e-03	9.99e-01	2.55e-05	0.00e+00
 9.80936e+14	8.65e-19	9.44e-14	1.40e-09	3.82e-06	1.36e-03	9.99e-01	2.38e-05	0.00e+00
 1.01445e+15	1.18e-18	1.22e-13	1.70e-09	4.38e-06	1.47e-03	9.99e-01	2.21e-05	0.00e+00
 1.04320e+15	1.53e-18	1.50e-13	2.01e-09	4.91e-06	1.56e-03	9.98e-01	2.08e-05	0.00e+00
 1.07373e+15	2.00e-18	1.87e-13	2.38e-09	5.52e-06	1.66e-03	9.98e-01	1.96e-05	0.00e+00
 1.11283e+15	2.78e-18	2.45e-13	2.94e-09	6.39e-06	1.79e-03	9.98e-01	1.81e-05	0.00e+00
 1.15342e+15	3.86e-18	3.21e-13	3.62e-09	7.39e-06	1.93e-03	9.98e-01	1.67e-05	0.00e+00
 1.18869e+15	5.10e-18	4.03e-13	4.32e-09	8.35e-06	2.06e-03	9.98e-01	1.57e-05	0.00e+00
 1.22668e+15	6.80e-18	5.10e-13	5.20e-09	9.49e-06	2.21e-03	9.98e-01	1.47e-05	0.00e+00
 1.27313e+15	9.54e-18	6.74e-13	6.46e-09	1.10e-05	2.39e-03	9.98e-01	1.35e-05	0.00e+00
 1.32025e+15	1.33e-17	8.86e-13	7.99e-09	1.28e-05	2.59e-03	9.97e-01	1.25e-05	0.00e+00
 1.36249e+15	1.78e-17	1.12e-12	9.62e-09	1.46e-05	2.77e-03	9.97e-01	1.17e-05	0.00e+00
 1.40871e+15	2.41e-17	1.44e-12	1.17e-08	1.67e-05	2.98e-03	9.97e-01	1.08e-05	0.00e+00
 1.46354e+15	3.41e-17	1.92e-12	1.46e-08	1.95e-05	3.24e-03	9.97e-01	9.97e-06	0.00e+00
 1.51771e+15	4.72e-17	2.51e-12	1.81e-08	2.26e-05	3.51e-03	9.96e-01	9.20e-06	0.00e+00
 1.56022e+15	6.06e-17	3.09e-12	2.13e-08	2.53e-05	3.73e-03	9.96e-01	8.66e-06	0.00e+00
 1.59262e+15	7.29e-17	3.59e-12	2.40e-08	2.75e-05	3.90e-03	9.96e-01	8.28e-06	0.00e+00
 1.62792e+15	8.87e-17	4.23e-12	2.73e-08	3.01e-05	4.09e-03	9.96e-01	7.88e-06	0.00e+00
 1.67381e+15	1.14e-16	5.19e-12	3.21e-08	3.38e-05	4.35e-03	9.96e-01	7.41e-06	0.00e+00
 1.72390e+15	1.84e-16	6.45e-12	3.81e-08	3.81e-05	4.65e-03	9.95e-01	6.94e-06	0.00e+00
 1.76924e+15	2.27e-16	7.79e-12	4.43e-08	4.23e-05	4.92e-03	9.95e-01	6.55e-06	0.00e+00
 1.81793e+15	2.89e-16	9.51e-12	5.19e-08	4.73e-05	5.23e-03	9.95e-01	6.16e-06	0.00e+00
 1.88124e+15	3.92e-16	1.22e-11	6.34e-08	5.45e-05	5.65e-03	9.94e-01	5.70e-06	0.00e+00
 1.94474e+15	5.23e-16	1.55e-11	7.70e-08	6.24e-05	6.10e-03	9.94e-01	5.29e-06	0.00e+00
 1.99497e+15	6.52e-16	1.87e-11	8.92e-08	6.93e-05	6.46e-03	9.93e-01	4.99e-06	0.00e+00
 2.04672e+15	8.14e-16	2.25e-11	1.04e-07	7.70e-05	6.85e-03	9.93e-01	4.70e-06	0.00e+00
 2.11401e+15	1.08e-15	2.84e-11	1.25e-07	8.79e-05	7.37e-03	9.93e-01	4.37e-06	0.00e+00
 2.18589e+15	1.43e-15	3.61e-11	1.52e-07	1.01e-04	7.96e-03	9.92e-01	4.04e-06	0.00e+00
 2.24924e+15	1.82e-15	4.42e-11	1.79e-07	1.13e-04	8.51e-03	9.91e-01	3.78e-06	0.00e+00
 2.31707e+15	2.33e-15	5.46e-11	2.13e-07	1.28e-04	9.12e-03	9.91e-01	3.58e-06	0.00e+00
 2.40254e+15	3.16e-15	7.07e-11	2.63e-07	1.49e-04	9.92e-03	9.90e-01	3.38e-06	0.00e+00
 2.49041e+15	4.25e-15	9.11e-11	3.24e-07	1.72e-04	1.08e-02	9.89e-01	3.19e-06	0.00e+00
 2.56727e+15	5.45e-15	1.13e-10	3.87e-07	1.95e-04	1.16e-02	9.88e-01	3.03e-06	0.00e+00
 2.65031e+15	7.08e-15	1.41e-10	4.66e-07	2.23e-04	1.25e-02	9.87e-01	2.88e-06	0.00e+00
 2.75120e+15	9.58e-15	1.84e-10	5.80e-07	2.60e-04	1.36e-02	9.86e-01	2.71e-06	0.00e+00
 2.85236e+15	1.28e-14	2.36e-10	7.16e-07	3.01e-04	1.49e-02	9.85e-01	2.56e-06	0.00e+00
 2.94265e+15	1.64e-14	2.94e-10	8.60e-07	3.43e-04	1.60e-02	9.84e-01	2.45e-06	0.00e+00
 3.01951e+15	2.01e-14	3.52e-10	1.00e-06	3.81e-04	1.70e-02	9.83e-01	2.36e-06	0.00e+00
 3.08595e+15	2.38e-14	4.09e-10	1.14e-06	4.16e-04	1.79e-02	9.82e-01	2.29e-06	0.00e+00
 3.16107e+15	2.88e-14	4.84e-10	1.31e-06	4.60e-04	1.90e-02	9.81e-01	2.22e-06	0.00e+00
 3.25873e+15	3.69e-14	6.00e-10	1.57e-06	5.21e-04	2.04e-02	9.79e-01	2.14e-06	0.00e+00
 3.35870e+15	4.67e-14	7.41e-10	1.88e-06	5.91e-04	2.20e-02	9.77e-01	2.07e-06	0.00e+00
 3.44019e+15	5.61e-14	8.75e-10	2.16e-06	6.51e-04	2.33e-02	9.76e-01	2.01e-06	0.00e+00
 3.52467e+15	6.81e-14	1.04e-09	2.50e-06	7.20e-04	2.47e-02	9.75e-01	1.97e-06	0.00e+00
 3.63450e+15	8.71e-14	1.29e-09	3.00e-06	8.17e-04	2.66e-02	9.73e-01	1.92e-06	0.00e+00
 3.74844e+15	1.11e-13	1.61e-09	3.61e-06	9.28e-04	2.86e-02	9.70e-01	1.87e-06	0.00e+00
 3.84393e+15	1.35e-13	1.91e-09	4.20e-06	1.03e-03	3.04e-02	9.69e-01	1.83e-06	0.00e+00
 3.94425e+15	1.65e-13	2.30e-09	4.91e-06	1.14e-03	3.23e-02	9.67e-01	1.80e-06	0.00e+00
 4.07467e+15	2.15e-13	2.91e-09	5.98e-06	1.31e-03	3.49e-02	9.64e-01	1.77e-06	0.00e+00
 4.20984e+15	2.78e-13	3.66e-09	7.29e-06	1.50e-03	3.78e-02	9.61e-01	1.74e-06	0.00e+00
 4.32367e+15	3.43e-13	4.43e-09	8.57e-06	1.67e-03	4.02e-02	9.58e-01	1.73e-06	0.00e+00
 4.44412e+15	4.28e-13	5.40e-09	1.01e-05	1.87e-03	4.30e-02	9.55e-01	1.71e-06	0.00e+00
 4.60070e+15	5.66e-13	6.94e-09	1.25e-05	2.16e-03	4.66e-02	9.51e-01	1.70e-06	0.00e+00
 4.76539e+15	7.49e-13	8.93e-09	1.55e-05	2.49e-03	5.07e-02	9.47e-01	1.69e-06	0.00e+00
 4.90743e+15	9.45e-13	1.10e-08	1.86e-05	2.81e-03	5.43e-02	9.43e-01	1.68e-06	0.00e+00
 5.05888e+15	1.21e-12	1.38e-08	2.25e-05	3.19e-03	5.83e-02	9.38e-01	1.67e-06	0.00e+00
 5.24738e+15	1.64e-12	1.80e-08	2.82e-05	3.71e-03	6.36e-02	9.33e-01	1.68e-06	0.00e+00
 5.43945e+15	2.18e-12	2.33e-08	3.52e-05	4.30e-03	6.91e-02	9.27e-01	1.68e-06	0.00e+00
 5.58518e+15	2.69e-12	2.82e-08	4.14e-05	4.79e-03	7.34e-02	9.22e-01	1.67e-06	0.00e+00
 5.69354e+15	3.16e-12	3.25e-08	4.66e-05	5.19e-03	7.67e-02	9.18e-01	1.68e-06	0.00e+00
 5.81267e+15	3.77e-12	3.80e-08	5.31e-05	5.65e-03	8.05e-02	9.14e-01	1.69e-06	0.00e+00
 5.96755e+15	4.72e-12	4.63e-08	6.26e-05	6.30e-03	8.55e-02	9.08e-01	1.68e-06	0.00e+00
 6.13694e+15	5.98e-12	5.71e-08	7.46e-05	7.07e-03	9.11e-02	9.02e-01	1.70e-06	0.00e+00
 6.28924e+15	7.35e-12	6.85e-08	8.68e-05	7.82e-03	9.63e-02	8.96e-01	1.70e-06	0.00e+00
 6.45128e+15	9.18e-12	8.32e-08	1.02e-04	8.69e-03	1.02e-01	8.89e-01	1.70e-06	0.00e+00
 6.66194e+15	1.22e-11	1.07e-07	1.25e-04	9.93e-03	1.10e-01	8.80e-01	1.72e-06	0.00e+00
 6.87263e+15	1.58e-11	1.34e-07	1.52e-04	1.13e-02	1.18e-01	8.71e-01	1.73e-06	1.98e-12
 7.03735e+15	1.93e-11	1.60e-07	1.76e-04	1.24e-02	1.24e-01	8.64e-01	1.74e-06	0.00e+00
 7.20546e+15	2.38e-11	1.92e-07	2.04e-04	1.37e-02	1.30e-01	8.56e-01	1.75e-06	0.00e+00
 7.42400e+15	3.11e-11	2.43e-07	2.47e-04	1.55e-02	1.39e-01	8.45e-01	1.75e-06	0.00e+00
 7.65498e+15	4.06e-11	3.06e-07	3.00e-04	1.76e-02	1.49e-01	8.33e-01	1.76e-06	0.00e+00
 7.85485e+15	5.07e-11	3.72e-07	3.52e-04	1.95e-02	1.57e-01	8.23e-01	1.77e-06	0.00e+00
 8.06739e+15	6.46e-11	4.58e-07	4.17e-04	2.18e-02	1.66e-01	8.12e-01	1.76e-06	0.00e+00
 8.34369e+15	8.78e-11	5.98e-07	5.18e-04	2.50e-02	1.78e-01	7.96e-01	1.77e-06	0.00e+00
 8.62141e+15	1.16e-10	7.62e-07	6.35e-04	2.85e-02	1.90e-01	7.81e-01	1.76e-06	0.00e+00
 8.84670e+15	1.45e-10	9.29e-07	7.46e-04	3.17e-02	2.00e-01	7.67e-01	1.77e-06	0.00e+00
 9.08530e+15	1.86e-10	1.15e-06	8.86e-04	3.53e-02	2.11e-01	7.52e-01	1.76e-06	0.00e+00
 9.39547e+15	2.53e-10	1.49e-06	1.10e-03	4.05e-02	2.26e-01	7.33e-01	1.74e-06	0.00e+00
 9.67452e+15	3.22e-10	1.85e-06	1.31e-03	4.54e-02	2.38e-01	7.15e-01	1.73e-06	0.00e+00
 9.86270e+15	3.81e-10	2.14e-06	1.48e-03	4.90e-02	2.46e-01	7.03e-01	1.73e-06	0.00e+00
 1.00569e+16	4.57e-10	2.50e-06	1.68e-03	5.30e-02	2.56e-01	6.90e-01	1.72e-06	0.00e+00
 1.03094e+16	5.77e-10	3.06e-06	1.98e-03	5.87e-02	2.67e-01	6.72e-01	1.70e-06	0.00e+00
 1.05689e+16	7.15e-10	3.68e-06	2.31e-03	6.46e-02	2.79e-01	6.54e-01	1.67e-06	0.00e+00
 1.08010e+16	8.72e-10	4.37e-06	2.65e-03	7.05e-02	2.89e-01	6.38e-01	1.65e-06	0.00e+00
 1.10661e+16	1.10e-09	5.31e-06	3.11e-03	7.77e-02	3.01e-01	6.18e-01	1.62e-06	0.00e+00
 1.13452e+16	1.37e-09	6.44e-06	3.65e-03	8.56e-02	3.13e-01	5.98e-01	1.60e-06	0.00e+00
 1.15999e+16	1.68e-09	7.65e-06	4.20e-03	9.33e-02	3.23e-01	5.79e-01	1.57e-06	0.00e+00
 1.18885e+16	2.13e-09	9.40e-06	4.96e-03	1.03e-01	3.36e-01	5.56e-01	1.53e-06	0.00e+00
 1.21909e+16	2.67e-09	1.14e-05	5.83e-03	1.13e-01	3.47e-01	5.33e-01	1.50e-06	0.00e+00
 1.24598e+16	3.26e-09	1.35e-05	6.71e-03	1.23e-01	3.57e-01	5.13e-01	1.46e-06	0.00e+00
 1.27580e+16	4.14e-09	1.66e-05	7.90e-03	1.35e-01	3.68e-01	4.89e-01	1.43e-06	0.00e+00
 1.30792e+16	5.23e-09	2.03e-05	9.31e-03	1.49e-01	3.78e-01	4.64e-01	1.37e-06	0.00e+00
 1.33645e+16	6.41e-09	2.41e-05	1.07e-02	1.62e-01	3.86e-01	4.42e-01	1.33e-06	0.00e+00
 1.36693e+16	8.08e-09	2.93e-05	1.26e-02	1.76e-01	3.94e-01	4.17e-01	1.28e-06	0.00e+00
 1.39979e+16	1.03e-08	3.60e-05	1.48e-02	1.93e-01	4.02e-01	3.91e-01	1.23e-06	0.00e+00
 1.42887e+16	1.26e-08	4.28e-05	1.71e-02	2.08e-01	4.07e-01	3.68e-01	1.19e-06	0.00e+00
 1.45518e+16	1.52e-08	5.03e-05	1.95e-02	2.22e-01	4.10e-01	3.48e-01	1.15e-06	0.00e+00
 1.48043e+16	1.83e-08	5.86e-05	2.20e-02	2.37e-01	4.13e-01	3.28e-01	1.11e-06	0.00e+00
 1.50893e+16	2.29e-08	7.06e-05	2.55e-02	2.55e-01	4.15e-01	3.05e-01	1.06e-06	0.00e+00
 1.53850e+16	2.80e-08	8.36e-05	2.93e-02	2.73e-01	4.15e-01	2.83e-01	1.01e-06	0.00e+00
 1.56354e+16	3.36e-08	9.75e-05	3.31e-02	2.89e-01	4.14e-01	2.64e-01	9.71e-07	0.00e+00
 1.58652e+16	4.05e-08	1.13e-04	3.72e-02	3.05e-01	4.12e-01	2.46e-01	0.00e+00	0.00e+00
 1.60900e+16	4.76e-08	1.30e-04	4.15e-02	3.20e-01	4.08e-01	2.30e-01	0.00e+00	0.00e+00
 1.63448e+16	5.97e-08	1.56e-04	4.75e-02	3.39e-01	4.04e-01	2.10e-01	0.00e+00	0.00e+00
 1.66039e+16	7.17e-08	1.81e-04	5.38e-02	3.56e-01	3.97e-01	1.93e-01	0.00e+00	0.00e+00
 1.68191e+16	8.54e-08	2.09e-04	6.00e-02	3.72e-01	3.90e-01	1.78e-01	0.00e+00	0.00e+00
 1.70177e+16	1.01e-07	2.40e-04	6.65e-02	3.87e-01	3.83e-01	1.64e-01	0.00e+00	0.00e+00
 1.72438e+16	1.19e-07	2.76e-04	7.46e-02	4.04e-01	3.73e-01	1.49e-01	0.00e+00	0.00e+00
 1.74863e+16	1.46e-07	3.25e-04	8.45e-02	4.21e-01	3.61e-01	1.33e-01	0.00e+00	0.00e+00
 1.76924e+16	1.86e-07	3.91e-04	9.51e-02	4.37e-01	3.49e-01	1.19e-01	0.00e+00	0.00e+00
 1.78575e+16	2.14e-07	4.37e-04	1.04e-01	4.49e-01	3.38e-01	1.09e-01	0.00e+00	0.00e+00
 1.80270e+16	2.45e-07	4.89e-04	1.13e-01	4.60e-01	3.26e-01	9.93e-02	0.00e+00	0.00e+00
 1.82473e+16	3.01e-07	5.76e-04	1.28e-01	4.75e-01	3.10e-01	8.66e-02	0.00e+00	0.00e+00
 1.84642e+16	3.73e-07	6.82e-04	1.44e-01	4.89e-01	2.92e-01	7.47e-02	0.00e+00	0.00e+00
 1.86228e+16	4.78e-07	8.18e-04	1.59e-01	4.98e-01	2.76e-01	6.50e-02	0.00e+00	0.00e+00
 1.87360e+16	5.35e-07	8.94e-04	1.70e-01	5.04e-01	2.66e-01	5.95e-02	0.00e+00	0.00e+00
 1.88440e+16	5.85e-07	9.62e-04	1.80e-01	5.09e-01	2.55e-01	5.45e-02	0.00e+00	0.00e+00
 1.89844e+16	7.30e-07	1.13e-03	1.97e-01	5.16e-01	2.40e-01	4.69e-02	0.00e+00	0.00e+00
 1.91213e+16	8.36e-07	1.26e-03	2.12e-01	5.20e-01	2.25e-01	4.14e-02	0.00e+00	0.00e+00
 1.92538e+16	9.53e-07	1.40e-03	2.28e-01	5.24e-01	2.10e-01	3.60e-02	0.00e+00	0.00e+00
 1.94008e+16	1.14e-06	1.60e-03	2.48e-01	5.27e-01	1.94e-01	3.04e-02	0.00e+00	0.00e+00
 1.95302e+16	1.36e-06	1.83e-03	2.67e-01	5.27e-01	1.78e-01	2.56e-02	0.00e+00	0.00e+00
 1.96202e+16	1.61e-06	2.07e-03	2.83e-01	5.26e-01	1.66e-01	2.22e-02	0.00e+00	0.00e+00
 1.96741e+16	1.76e-06	2.20e-03	2.93e-01	5.25e-01	1.60e-01	2.04e-02	0.00e+00	0.00e+00
 1.97227e+16	1.89e-06	2.33e-03	3.01e-01	5.24e-01	1.53e-01	1.88e-02	0.00e+00	0.00e+00
 1.97859e+16	2.02e-06	2.44e-03	3.11e-01	5.23e-01	1.46e-01	1.71e-02	0.00e+00	0.00e+00
 1.98681e+16	2.26e-06	2.66e-03	3.26e-01	5.21e-01	1.36e-01	1.49e-02	0.00e+00	0.00e+00
 1.99544e+16	2.57e-06	2.93e-03	3.42e-01	5.17e-01	1.25e-01	1.28e-02	0.00e+00	0.00e+00
 2.00243e+16	2.97e-06	3.25e-03	3.57e-01	5.13e-01	1.16e-01	1.10e-02	0.00e+00	0.00e+00
 2.00768e+16	3.24e-06	3.45e-03	3.68e-01	5.09e-01	1.10e-01	9.85e-03	0.00e+00	0.00e+00
 2.01281e+16	3.54e-06	3.68e-03	3.78e-01	5.06e-01	1.03e-01	8.79e-03	0.00e+00	0.00e+00
 2.01948e+16	4.00e-06	4.02e-03	3.93e-01	5.00e-01	9.52e-02	7.50e-03	0.00e+00	0.00e+00
 2.02636e+16	4.33e-06	4.27e-03	4.06e-01	4.95e-01	8.80e-02	6.49e-03	0.00e+00	0.00e+00
 2.03353e+16	5.11e-06	4.80e-03	4.23e-01	4.87e-01	7.93e-02	5.30e-03	0.00e+00	0.00e+00
 2.04019e+16	5.71e-06	5.20e-03	4.38e-01	4.80e-01	7.25e-02	4.47e-03	0.00e+00	0.00e+00
 2.04519e+16	6.21e-06	5.52e-03	4.48e-01	4.75e-01	6.74e-02	3.91e-03	0.00e+00	0.00e+00
 2.05069e+16	6.88e-06	5.94e-03	4.61e-01	4.68e-01	6.18e-02	3.32e-03	0.00e+00	0.00e+00
 2.05785e+16	7.97e-06	6.58e-03	4.78e-01	4.58e-01	5.48e-02	2.65e-03	0.00e+00	0.00e+00
 2.06496e+16	9.07e-06	7.22e-03	4.93e-01	4.49e-01	4.87e-02	2.12e-03	0.00e+00	0.00e+00
 2.07068e+16	9.83e-06	7.66e-03	5.05e-01	4.42e-01	4.44e-02	1.79e-03	0.00e+00	0.00e+00
 2.07678e+16	1.13e-05	8.47e-03	5.20e-01	4.31e-01	3.93e-02	1.42e-03	0.00e+00	0.00e+00
 2.08325e+16	1.29e-05	9.25e-03	5.34e-01	4.21e-01	3.48e-02	1.13e-03	0.00e+00	0.00e+00
 2.08926e+16	1.45e-05	1.01e-02	5.47e-01	4.11e-01	3.09e-02	9.06e-04	0.00e+00	0.00e+00
 2.09611e+16	1.67e-05	1.11e-02	5.63e-01	3.99e-01	2.67e-02	6.91e-04	0.00e+00	0.00e+00
 2.10361e+16	1.95e-05	1.24e-02	5.79e-01	3.86e-01	2.28e-02	5.16e-04	0.00e+00	0.00e+00
 2.10938e+16	2.18e-05	1.34e-02	5.90e-01	3.76e-01	2.02e-02	4.12e-04	0.00e+00	0.00e+00
 2.11333e+16	2.36e-05	1.41e-02	5.98e-01	3.69e-01	1.85e-02	3.52e-04	0.00e+00	0.00e+00
 2.11747e+16	2.57e-05	1.50e-02	6.07e-01	3.61e-01	1.69e-02	2.95e-04	0.00e+00	0.00e+00
 2.12286e+16	2.88e-05	1.62e-02	6.18e-01	3.51e-01	1.48e-02	2.33e-04	0.00e+00	0.00e+00
 2.12864e+16	3.24e-05	1.76e-02	6.29e-01	3.40e-01	1.30e-02	1.82e-04	0.00e+00	0.00e+00
 2.13383e+16	3.60e-05	1.89e-02	6.39e-01	3.30e-01	1.15e-02	1.46e-04	0.00e+00	0.00e+00
 2.13946e+16	4.04e-05	2.05e-02	6.49e-01	3.20e-01	1.01e-02	1.13e-04	0.00e+00	0.00e+00
 2.14572e+16	4.61e-05	2.24e-02	6.61e-01	3.08e-01	8.65e-03	8.59e-05	0.00e+00	0.00e+00
 2.15144e+16	5.18e-05	2.43e-02	6.70e-01	2.98e-01	7.54e-03	6.67e-05	0.00e+00	0.00e+00
 2.15663e+16	5.78e-05	2.62e-02	6.79e-01	2.88e-01	6.64e-03	5.29e-05	0.00e+00	0.00e+00
 2.16252e+16	6.54e-05	2.85e-02	6.89e-01	2.77e-01	5.72e-03	4.02e-05	0.00e+00	0.00e+00
 2.16896e+16	7.48e-05	3.13e-02	6.99e-01	2.65e-01	4.87e-03	3.00e-05	0.00e+00	0.00e+00
 2.17476e+16	8.47e-05	3.40e-02	7.07e-01	2.54e-01	4.21e-03	2.31e-05	0.00e+00	0.00e+00
 2.18002e+16	9.48e-05	3.68e-02	7.15e-01	2.45e-01	3.69e-03	1.81e-05	0.00e+00	0.00e+00
 2.18591e+16	1.08e-04	4.01e-02	7.23e-01	2.34e-01	3.16e-03	1.37e-05	0.00e+00	0.00e+00
 2.19243e+16	1.24e-04	4.40e-02	7.31e-01	2.22e-01	2.68e-03	1.02e-05	0.00e+00	0.00e+00
 2.19844e+16	1.42e-04	4.83e-02	7.38e-01	2.11e-01	2.28e-03	7.66e-06	0.00e+00	0.00e+00
 2.20368e+16	1.59e-04	5.22e-02	7.44e-01	2.02e-01	1.99e-03	6.01e-06	0.00e+00	0.00e+00
 2.20926e+16	1.81e-04	5.69e-02	7.50e-01	1.91e-01	1.70e-03	4.57e-06	0.00e+00	0.00e+00
 2.21540e+16	2.09e-04	6.27e-02	7.55e-01	1.80e-01	1.44e-03	3.40e-06	0.00e+00	0.00e+00
 2.22099e+16	2.38e-04	6.85e-02	7.60e-01	1.71e-01	1.23e-03	2.60e-06	0.00e+00	0.00e+00
 2.22601e+16	2.69e-04	7.43e-02	7.63e-01	1.62e-01	1.07e-03	2.03e-06	0.00e+00	0.00e+00
 2.23160e+16	3.07e-04	8.11e-02	7.65e-01	1.52e-01	9.07e-04	1.54e-06	0.00e+00	0.00e+00
 2.23783e+16	3.59e-04	8.99e-02	7.68e-01	1.41e-01	7.53e-04	1.12e-06	0.00e+00	0.00e+00
 2.24336e+16	4.15e-04	9.91e-02	7.68e-01	1.32e-01	6.34e-04	8.42e-07	0.00e+00	0.00e+00
 2.24795e+16	4.69e-04	1.07e-01	7.68e-01	1.24e-01	5.50e-04	0.00e+00	0.00e+00	0.00e+00
 2.25282e+16	5.32e-04	1.17e-01	7.66e-01	1.16e-01	4.69e-04	0.00e+00	0.00e+00	0.00e+00
 2.25916e+16	6.30e-04	1.31e-01	7.63e-01	1.05e-01	3.79e-04	0.00e+00	0.00e+00	0.00e+00
 2.26546e+16	7.57e-04	1.47e-01	7.57e-01	9.52e-02	3.04e-04	0.00e+00	0.00e+00	0.00e+00
 2.27013e+16	8.70e-04	1.61e-01	7.50e-01	8.77e-02	2.56e-04	0.00e+00	0.00e+00	0.00e+00
 2.27395e+16	9.75e-04	1.73e-01	7.44e-01	8.17e-02	2.22e-04	0.00e+00	0.00e+00	0.00e+00
 2.27825e+16	1.11e-03	1.88e-01	7.35e-01	7.52e-02	1.88e-04	0.00e+00	0.00e+00	0.00e+00
 2.28386e+16	1.31e-03	2.09e-01	7.22e-01	6.70e-02	1.50e-04	0.00e+00	0.00e+00	0.00e+00
 2.28965e+16	1.59e-03	2.36e-01	7.04e-01	5.86e-02	1.16e-04	0.00e+00	0.00e+00	0.00e+00
 2.29425e+16	1.85e-03	2.60e-01	6.86e-01	5.20e-02	9.39e-05	0.00e+00	0.00e+00	0.00e+00
 2.29811e+16	2.11e-03	2.82e-01	6.69e-01	4.68e-02	7.79e-05	0.00e+00	0.00e+00	0.00e+00
 2.30242e+16	2.44e-03	3.08e-01	6.48e-01	4.13e-02	6.25e-05	0.00e+00	0.00e+00	0.00e+00
 2.30802e+16	2.96e-03	3.45e-01	6.17e-01	3.46e-02	4.61e-05	0.00e+00	0.00e+00	0.00e+00
 2.31391e+16	3.68e-03	3.92e-01	5.76e-01	2.78e-02	3.23e-05	0.00e+00	0.00e+00	0.00e+00
 2.31862e+16	4.43e-03	4.36e-01	5.37e-01	2.28e-02	2.35e-05	0.00e+00	0.00e+00	0.00e+00
 2.32232e+16	5.12e-03	4.72e-01	5.04e-01	1.91e-02	1.80e-05	0.00e+00	0.00e+00	0.00e+00
 2.32626e+16	5.96e-03	5.11e-01	4.67e-01	1.57e-02	1.33e-05	0.00e+00	0.00e+00	0.00e+00
 2.33066e+16	7.11e-03	5.59e-01	4.22e-01	1.22e-02	9.12e-06	0.00e+00	0.00e+00	0.00e+00
 2.33454e+16	8.37e-03	6.05e-01	3.77e-01	9.44e-03	6.28e-06	0.00e+00	0.00e+00	0.00e+00
 2.33765e+16	9.55e-03	6.42e-01	3.41e-01	7.53e-03	4.55e-06	0.00e+00	0.00e+00	0.00e+00
 2.34086e+16	1.09e-02	6.79e-01	3.04e-01	5.86e-03	3.20e-06	0.00e+00	0.00e+00	0.00e+00
 2.34444e+16	1.27e-02	7.22e-01	2.61e-01	4.29e-03	2.07e-06	0.00e+00	0.00e+00	0.00e+00
 2.34760e+16	1.46e-02	7.59e-01	2.23e-01	3.12e-03	1.34e-06	0.00e+00	0.00e+00	0.00e+00
 2.35013e+16	1.64e-02	7.87e-01	1.94e-01	2.36e-03	9.22e-07	0.00e+00	0.00e+00	0.00e+00
 2.35241e+16	1.82e-02	8.11e-01	1.69e-01	1.80e-03	0.00e+00	0.00e+00	0.00e+00	0.00e+00
 2.35503e+16	2.05e-02	8.36e-01	1.42e-01	1.30e-03	0.00e+00	0.00e+00	0.00e+00	0.00e+00
 2.35788e+16	2.34e-02	8.60e-01	1.16e-01	8.78e-04	0.00e+00	0.00e+00	0.00e+00	0.00e+00
 2.36036e+16	2.64e-02	8.79e-01	9.41e-02	5.99e-04	0.00e+00	0.00e+00	0.00e+00	0.00e+00
 2.36242e+16	2.93e-02	8.92e-01	7.79e-02	4.23e-04	0.00e+00	0.00e+00	0.00e+00	0.00e+00
 2.36427e+16	3.22e-02	9.02e-01	6.53e-02	3.06e-04	0.00e+00	0.00e+00	0.00e+00	0.00e+00
 2.36637e+16	3.56e-02	9.11e-01	5.29e-02	2.08e-04	0.00e+00	0.00e+00	0.00e+00	0.00e+00
 2.36864e+16	4.03e-02	9.18e-01	4.11e-02	1.32e-04	0.00e+00	0.00e+00	0.00e+00	0.00e+00
 2.37057e+16	4.47e-02	9.23e-01	3.25e-02	8.68e-05	0.00e+00	0.00e+00	0.00e+00	0.00e+00
 2.37214e+16	4.88e-02	9.25e-01	2.66e-02	6.07e-05	0.00e+00	0.00e+00	0.00e+00	0.00e+00
 2.37380e+16	5.34e-02	9.25e-01	2.14e-02	4.11e-05	0.00e+00	0.00e+00	0.00e+00	0.00e+00
 2.37561e+16	5.91e-02	9.24e-01	1.66e-02	2.63e-05	0.00e+00	0.00e+00	0.00e+00	0.00e+00
 2.37720e+16	6.47e-02	9.22e-01	1.31e-02	1.73e-05	0.00e+00	0.00e+00	0.00e+00	0.00e+00
 2.37856e+16	7.02e-02	9.19e-01	1.06e-02	1.19e-05	0.00e+00	0.00e+00	0.00e+00	0.00e+00
 2.37985e+16	7.56e-02	9.16e-01	8.62e-03	8.25e-06	0.00e+00	0.00e+00	0.00e+00	0.00e+00
 2.38116e+16	8.15e-02	9.12e-01	6.95e-03	5.65e-06	0.00e+00	0.00e+00	0.00e+00	0.00e+00
 2.38238e+16	8.74e-02	9.07e-01	5.64e-03	3.92e-06	0.00e+00	0.00e+00	0.00e+00	0.00e+00
 2.38343e+16	9.26e-02	9.03e-01	4.69e-03	2.85e-06	0.00e+00	0.00e+00	0.00e+00	0.00e+00
 2.38438e+16	9.79e-02	8.98e-01	3.96e-03	2.12e-06	0.00e+00	0.00e+00	0.00e+00	0.00e+00
 2.38527e+16	1.03e-01	8.94e-01	3.38e-03	1.61e-06	0.00e+00	0.00e+00	0.00e+00	0.00e+00
 2.38599e+16	1.07e-01	8.90e-01	2.96e-03	1.28e-06	0.00e+00	0.00e+00	0.00e+00	0.00e+00
 2.38648e+16	1.09e-01	8.88e-01	2.71e-03	1.10e-06	0.00e+00	0.00e+00	0.00e+00	0.00e+00
 2.38692e+16	1.12e-01	8.85e-01	2.49e-03	9.56e-07	0.00e+00	0.00e+00	0.00e+00	0.00e+00
 2.38744e+16	1.15e-01	8.82e-01	2.26e-03	0.00e+00	0.00e+00	0.00e+00	0.00e+00	0.00e+00
 2.38803e+16	1.19e-01	8.79e-01	2.03e-03	0.00e+00	0.00e+00	0.00e+00	0.00e+00	0.00e+00
 2.38860e+16	1.22e-01	8.76e-01	1.82e-03	0.00e+00	0.00e+00	0.00e+00	0.00e+00	0.00e+00
 2.38912e+16	1.26e-01	8.73e-01	1.65e-03	0.00e+00	0.00e+00	0.00e+00	0.00e+00	0.00e+00
 2.38964e+16	1.29e-01	8.69e-01	1.49e-03	0.00e+00	0.00e+00	0.00e+00	0.00e+00	0.00e+00
 2.39017e+16	1.33e-01	8.66e-01	1.35e-03	0.00e+00	0.00e+00	0.00e+00	0.00e+00	0.00e+00
 2.39070e+16	1.36e-01	8.63e-01	1.22e-03	0.00e+00	0.00e+00	0.00e+00	0.00e+00	0.00e+00
 2.39124e+16	1.40e-01	8.59e-01	1.10e-03	0.00e+00	0.00e+00	0.00e+00	0.00e+00	0.00e+00
 2.39177e+16	1.43e-01	8.56e-01	9.94e-04	0.00e+00	0.00e+00	0.00e+00	0.00e+00	0.00e+00
 2.39231e+16	1.47e-01	8.52e-01	8.97e-04	0.00e+00	0.00e+00	0.00e+00	0.00e+00	0.00e+00
 2.39285e+16	1.51e-01	8.49e-01	8.09e-04	0.00e+00	0.00e+00	0.00e+00	0.00e+00	0.00e+00
 2.39340e+16	1.55e-01	8.45e-01	7.30e-04	0.00e+00	0.00e+00	0.00e+00	0.00e+00	0.00e+00
 2.39395e+16	1.59e-01	8.41e-01	6.57e-04	0.00e+00	0.00e+00	0.00e+00	0.00e+00	0.00e+00
 2.39451e+16	1.63e-01	8.37e-01	5.91e-04	0.00e+00	0.00e+00	0.00e+00	0.00e+00	0.00e+00
 2.39507e+16	1.67e-01	8.33e-01	5.33e-04	0.00e+00	0.00e+00	0.00e+00	0.00e+00	0.00e+00
 2.39563e+16	1.71e-01	8.29e-01	4.81e-04	0.00e+00	0.00e+00	0.00e+00	0.00e+00	0.00e+00
 2.39622e+16	1.75e-01	8.25e-01	4.32e-04	0.00e+00	0.00e+00	0.00e+00	0.00e+00	0.00e+00
 2.39682e+16	1.79e-01	8.20e-01	3.89e-04	0.00e+00	0.00e+00	0.00e+00	0.00e+00	0.00e+00
 2.39743e+16	1.84e-01	8.16e-01	3.50e-04	0.00e+00	0.00e+00	0.00e+00	0.00e+00	0.00e+00
 2.39806e+16	1.88e-01	8.11e-01	3.14e-04	0.00e+00	0.00e+00	0.00e+00	0.00e+00	0.00e+00
 2.39871e+16	1.93e-01	8.07e-01	2.83e-04	0.00e+00	0.00e+00	0.00e+00	0.00e+00	0.00e+00
 2.39937e+16	1.98e-01	8.02e-01	2.55e-04	0.00e+00	0.00e+00	0.00e+00	0.00e+00	0.00e+00
 2.40005e+16	2.03e-01	7.97e-01	2.30e-04	0.00e+00	0.00e+00	0.00e+00	0.00e+00	0.00e+00
 2.40075e+16	2.08e-01	7.92e-01	2.08e-04	0.00e+00	0.00e+00	0.00e+00	0.00e+00	0.00e+00
 2.40148e+16	2.13e-01	7.87e-01	1.89e-04	0.00e+00	0.00e+00	0.00e+00	0.00e+00	0.00e+00
 2.40225e+16	2.18e-01	7.82e-01	1.71e-04	0.00e+00	0.00e+00	0.00e+00	0.00e+00	0.00e+00
 2.40307e+16	2.24e-01	7.76e-01	1.56e-04	0.00e+00	0.00e+00	0.00e+00	0.00e+00	0.00e+00
 2.40394e+16	2.29e-01	7.70e-01	1.42e-04	0.00e+00	0.00e+00	0.00e+00	0.00e+00	0.00e+00
 2.40491e+16	2.35e-01	7.65e-01	1.30e-04	0.00e+00	0.00e+00	0.00e+00	0.00e+00	0.00e+00
 2.40600e+16	2.41e-01	7.59e-01	1.19e-04	0.00e+00	0.00e+00	0.00e+00	0.00e+00	0.00e+00
 2.40723e+16	2.47e-01	7.53e-01	1.10e-04	0.00e+00	0.00e+00	0.00e+00	0.00e+00	0.00e+00
 2.40853e+16	2.54e-01	7.46e-01	1.02e-04	0.00e+00	0.00e+00	0.00e+00	0.00e+00	0.00e+00
 2.40981e+16	2.58e-01	7.42e-01	9.62e-05	0.00e+00	0.00e+00	0.00e+00	0.00e+00	0.00e+00
 2.41108e+16	2.61e-01	7.39e-01	9.19e-05	0.00e+00	0.00e+00	0.00e+00	0.00e+00	0.00e+00
 2.41234e+16	2.66e-01	7.34e-01	8.82e-05	0.00e+00	0.00e+00	0.00e+00	0.00e+00	0.00e+00
