#depth	C	C+	C+2	C+3	C+4	C+5	C+6	C[1]	C[2]	C[3]	C+[1]	C+[2]	CO
 1.49634e+10	0.00e+00	0.00e+00	7.12e-29	2.51e-19	5.64e-09	1.45e-03	9.99e-01	0.00e+00	0.00e+00	0.00e+00	0.00e+00	0.00e+00	0.00e+00
 4.54887e+10	0.00e+00	9.56e-39	9.78e-29	3.19e-19	6.62e-09	1.57e-03	9.98e-01	0.00e+00	0.00e+00	0.00e+00	0.00e+00	0.00e+00	0.00e+00
 7.72350e+10	0.00e+00	0.00e+00	1.34e-28	4.05e-19	7.76e-09	1.69e-03	9.98e-01	0.00e+00	0.00e+00	0.00e+00	0.00e+00	0.00e+00	0.00e+00
 1.10251e+11	0.00e+00	2.11e-38	1.84e-28	5.14e-19	9.11e-09	1.83e-03	9.98e-01	0.00e+00	0.00e+00	0.00e+00	0.00e+00	0.00e+00	0.00e+00
 1.42631e+11	0.00e+00	0.00e+00	2.49e-28	6.43e-19	1.06e-08	1.97e-03	9.98e-01	0.00e+00	0.00e+00	0.00e+00	0.00e+00	0.00e+00	1.09e-231
 1.76306e+11	0.00e+00	4.46e-38	3.36e-28	8.07e-19	1.23e-08	2.13e-03	9.98e-01	0.00e+00	0.00e+00	0.00e+00	0.00e+00	0.00e+00	0.00e+00
 2.13285e+11	0.00e+00	0.00e+00	4.62e-28	1.03e-18	1.45e-08	2.30e-03	9.98e-01	0.00e+00	0.00e+00	0.00e+00	0.00e+00	0.00e+00	7.53e-232
 2.50640e+11	0.00e+00	9.77e-38	6.30e-28	1.29e-18	1.69e-08	2.48e-03	9.98e-01	0.00e+00	0.00e+00	0.00e+00	0.00e+00	0.00e+00	5.38e-236
 2.86454e+11	0.00e+00	0.00e+00	8.38e-28	1.60e-18	1.96e-08	2.66e-03	9.97e-01	0.00e+00	0.00e+00	0.00e+00	0.00e+00	0.00e+00	5.02e-230
 3.24803e+11	0.00e+00	2.02e-37	1.13e-27	2.01e-18	2.27e-08	2.87e-03	9.97e-01	0.00e+00	0.00e+00	0.00e+00	0.00e+00	0.00e+00	5.04e-235
 3.66482e+11	0.00e+00	0.00e+00	1.54e-27	2.53e-18	2.66e-08	3.09e-03	9.97e-01	0.00e+00	0.00e+00	0.00e+00	0.00e+00	0.00e+00	0.00e+00
 4.06669e+11	0.00e+00	4.27e-37	2.05e-27	3.15e-18	3.08e-08	3.32e-03	9.97e-01	0.00e+00	0.00e+00	0.00e+00	0.00e+00	0.00e+00	7.97e-163
 4.49704e+11	0.00e+00	0.00e+00	2.77e-27	3.94e-18	3.58e-08	3.58e-03	9.96e-01	0.00e+00	0.00e+00	0.00e+00	0.00e+00	0.00e+00	3.81e-233
 4.97619e+11	0.00e+00	9.24e-37	3.82e-27	5.02e-18	4.21e-08	3.87e-03	9.96e-01	0.00e+00	0.00e+00	0.00e+00	0.00e+00	0.00e+00	1.07e-161
 5.40571e+11	0.00e+00	0.00e+00	5.04e-27	6.19e-18	4.85e-08	4.14e-03	9.96e-01	0.00e+00	0.00e+00	0.00e+00	0.00e+00	0.00e+00	4.18e-233
 5.76003e+11	0.00e+00	1.72e-36	6.29e-27	7.32e-18	5.42e-08	4.37e-03	9.96e-01	0.00e+00	0.00e+00	0.00e+00	0.00e+00	0.00e+00	8.64e-161
 6.14888e+11	9.98e-47	2.32e-36	7.98e-27	8.75e-18	6.12e-08	4.64e-03	9.95e-01	0.00e+00	0.00e+00	0.00e+00	0.00e+00	0.00e+00	0.00e+00
 6.64567e+11	0.00e+00	0.00e+00	1.07e-26	1.09e-17	7.11e-08	4.98e-03	9.95e-01	0.00e+00	0.00e+00	0.00e+00	0.00e+00	0.00e+00	0.00e+00
 7.17486e+11	0.00e+00	4.88e-36	1.45e-26	1.37e-17	8.29e-08	5.36e-03	9.95e-01	0.00e+00	0.00e+00	0.00e+00	0.00e+00	0.00e+00	1.42e-231
 7.65550e+11	3.62e-46	6.80e-36	1.89e-26	1.68e-17	9.50e-08	5.72e-03	9.94e-01	0.00e+00	0.00e+00	0.00e+00	0.00e+00	0.00e+00	5.99e-139
 8.18096e+11	0.00e+00	0.00e+00	2.51e-26	2.08e-17	1.10e-07	6.13e-03	9.94e-01	0.00e+00	0.00e+00	0.00e+00	0.00e+00	0.00e+00	0.00e+00
 8.79715e+11	0.00e+00	1.44e-35	3.46e-26	2.65e-17	1.29e-07	6.63e-03	9.93e-01	0.00e+00	0.00e+00	0.00e+00	0.00e+00	0.00e+00	1.06e-157
 9.41056e+11	1.41e-45	2.12e-35	4.71e-26	3.34e-17	1.51e-07	7.14e-03	9.93e-01	0.00e+00	0.00e+00	0.00e+00	0.00e+00	0.00e+00	0.00e+00
 9.99649e+11	0.00e+00	0.00e+00	6.26e-26	4.14e-17	1.75e-07	7.65e-03	9.92e-01	0.00e+00	0.00e+00	0.00e+00	0.00e+00	0.00e+00	0.00e+00
 1.06436e+12	0.00e+00	4.41e-35	8.50e-26	5.21e-17	2.04e-07	8.24e-03	9.92e-01	0.00e+00	0.00e+00	0.00e+00	0.00e+00	0.00e+00	2.32e-228
 1.13686e+12	5.55e-45	6.65e-35	1.18e-25	6.68e-17	2.41e-07	8.92e-03	9.91e-01	0.00e+00	0.00e+00	0.00e+00	0.00e+00	0.00e+00	5.00e-136
 1.21226e+12	0.00e+00	1.00e-34	1.65e-25	8.58e-17	2.86e-07	9.67e-03	9.90e-01	0.00e+00	0.00e+00	0.00e+00	0.00e+00	0.00e+00	0.00e+00
 1.28131e+12	1.41e-44	1.45e-34	2.21e-25	1.07e-16	3.32e-07	1.04e-02	9.90e-01	0.00e+00	0.00e+00	0.00e+00	0.00e+00	0.00e+00	4.91e-135
 1.34008e+12	0.00e+00	1.96e-34	2.81e-25	1.29e-16	3.76e-07	1.10e-02	9.89e-01	0.00e+00	0.00e+00	0.00e+00	0.00e+00	0.00e+00	0.00e+00
 1.40484e+12	2.98e-44	2.71e-34	3.66e-25	1.57e-16	4.29e-07	1.17e-02	9.88e-01	0.00e+00	0.00e+00	0.00e+00	0.00e+00	0.00e+00	3.09e-134
 1.48523e+12	0.00e+00	4.02e-34	5.01e-25	1.99e-16	5.04e-07	1.26e-02	9.87e-01	0.00e+00	0.00e+00	0.00e+00	0.00e+00	0.00e+00	0.00e+00
 1.56730e+12	7.59e-44	5.92e-34	6.85e-25	2.52e-16	5.92e-07	1.36e-02	9.86e-01	0.00e+00	0.00e+00	0.00e+00	0.00e+00	0.00e+00	3.04e-133
 1.63876e+12	0.00e+00	8.21e-34	8.91e-25	3.07e-16	6.77e-07	1.45e-02	9.86e-01	0.00e+00	0.00e+00	0.00e+00	0.00e+00	0.00e+00	0.00e+00
 1.71511e+12	1.69e-43	1.16e-33	1.17e-24	3.78e-16	7.79e-07	1.55e-02	9.85e-01	0.00e+00	0.00e+00	0.00e+00	0.00e+00	0.00e+00	2.15e-132
 1.80840e+12	0.00e+00	1.74e-33	1.63e-24	4.83e-16	9.20e-07	1.67e-02	9.83e-01	0.00e+00	0.00e+00	0.00e+00	0.00e+00	0.00e+00	0.00e+00
 1.90208e+12	4.43e-43	2.59e-33	2.24e-24	6.15e-16	1.08e-06	1.80e-02	9.82e-01	0.00e+00	0.00e+00	0.00e+00	0.00e+00	0.00e+00	2.22e-131
 1.98538e+12	0.00e+00	3.65e-33	2.96e-24	7.58e-16	1.25e-06	1.93e-02	9.81e-01	0.00e+00	0.00e+00	0.00e+00	0.00e+00	0.00e+00	0.00e+00
 2.07680e+12	1.04e-42	5.28e-33	3.98e-24	9.47e-16	1.45e-06	2.06e-02	9.79e-01	0.00e+00	0.00e+00	0.00e+00	0.00e+00	0.00e+00	1.75e-130
 2.18600e+12	0.00e+00	8.10e-33	5.61e-24	1.23e-15	1.73e-06	2.24e-02	9.78e-01	0.00e+00	0.00e+00	0.00e+00	0.00e+00	0.00e+00	0.00e+00
 2.29381e+12	2.85e-42	1.22e-32	7.81e-24	1.58e-15	2.05e-06	2.42e-02	9.76e-01	0.00e+00	0.00e+00	0.00e+00	0.00e+00	0.00e+00	1.98e-129
 2.38932e+12	0.00e+00	1.75e-32	1.04e-23	1.95e-15	2.37e-06	2.59e-02	9.74e-01	0.00e+00	0.00e+00	0.00e+00	0.00e+00	0.00e+00	0.00e+00
 2.49336e+12	6.86e-42	2.55e-32	1.41e-23	2.46e-15	2.76e-06	2.78e-02	9.72e-01	0.00e+00	0.00e+00	0.00e+00	0.00e+00	0.00e+00	1.64e-128
 2.61817e+12	0.00e+00	3.98e-32	2.01e-23	3.21e-15	3.31e-06	3.02e-02	9.70e-01	0.00e+00	0.00e+00	0.00e+00	0.00e+00	0.00e+00	0.00e+00
 2.74280e+12	1.96e-41	6.12e-32	2.85e-23	4.17e-15	3.94e-06	3.27e-02	9.67e-01	0.00e+00	0.00e+00	0.00e+00	0.00e+00	0.00e+00	2.00e-127
 2.85653e+12	0.00e+00	8.99e-32	3.88e-23	5.25e-15	4.61e-06	3.52e-02	9.65e-01	0.00e+00	0.00e+00	0.00e+00	0.00e+00	0.00e+00	0.00e+00
 2.98327e+12	5.09e-41	1.36e-31	5.42e-23	6.75e-15	5.45e-06	3.80e-02	9.62e-01	0.00e+00	0.00e+00	0.00e+00	0.00e+00	0.00e+00	1.95e-126
 3.13097e+12	0.00e+00	2.18e-31	7.92e-23	8.97e-15	6.60e-06	4.15e-02	9.59e-01	0.00e+00	0.00e+00	0.00e+00	0.00e+00	0.00e+00	0.00e+00
 3.27649e+12	1.54e-40	3.43e-31	1.14e-22	1.18e-14	7.92e-06	4.51e-02	9.55e-01	0.00e+00	0.00e+00	0.00e+00	0.00e+00	0.00e+00	2.67e-125
 3.41431e+12	0.00e+00	5.18e-31	1.59e-22	1.51e-14	9.37e-06	4.87e-02	9.51e-01	0.00e+00	0.00e+00	0.00e+00	0.00e+00	0.00e+00	0.00e+00
 3.53919e+12	3.90e-40	7.47e-31	2.13e-22	1.88e-14	1.09e-05	5.21e-02	9.48e-01	0.00e+00	0.00e+00	0.00e+00	0.00e+00	0.00e+00	2.41e-124
 3.65078e+12	0.00e+00	1.03e-30	2.75e-22	2.28e-14	1.23e-05	5.52e-02	9.45e-01	0.00e+00	0.00e+00	0.00e+00	0.00e+00	0.00e+00	0.00e+00
 3.77747e+12	8.68e-40	1.46e-30	3.64e-22	2.82e-14	1.42e-05	5.89e-02	9.41e-01	0.00e+00	0.00e+00	0.00e+00	0.00e+00	0.00e+00	1.59e-123
 3.94103e+12	0.00e+00	2.26e-30	5.19e-22	3.68e-14	1.70e-05	6.38e-02	9.36e-01	0.00e+00	0.00e+00	0.00e+00	0.00e+00	0.00e+00	0.00e+00
 4.11089e+12	2.49e-39	3.52e-30	7.41e-22	4.80e-14	2.03e-05	6.92e-02	9.31e-01	0.00e+00	0.00e+00	0.00e+00	0.00e+00	0.00e+00	1.91e-122
 4.24863e+12	0.00e+00	4.97e-30	9.79e-22	5.91e-14	2.33e-05	7.37e-02	9.26e-01	0.00e+00	0.00e+00	0.00e+00	0.00e+00	0.00e+00	0.00e+00
 4.38620e+12	5.61e-39	6.94e-30	1.28e-21	7.23e-14	2.66e-05	7.83e-02	9.22e-01	0.00e+00	0.00e+00	0.00e+00	0.00e+00	0.00e+00	1.30e-121
 4.56505e+12	0.00e+00	1.06e-29	1.80e-21	9.33e-14	3.15e-05	8.45e-02	9.15e-01	0.00e+00	0.00e+00	0.00e+00	0.00e+00	0.00e+00	0.00e+00
 4.74881e+12	1.53e-38	1.61e-29	2.52e-21	1.20e-13	3.73e-05	9.11e-02	9.09e-01	0.00e+00	0.00e+00	0.00e+00	0.00e+00	0.00e+00	1.38e-120
 4.90027e+12	0.00e+00	2.24e-29	3.29e-21	1.47e-13	4.25e-05	9.67e-02	9.03e-01	0.00e+00	0.00e+00	0.00e+00	0.00e+00	0.00e+00	0.00e+00
 5.05846e+12	3.39e-38	3.13e-29	4.31e-21	1.79e-13	4.86e-05	1.03e-01	8.97e-01	0.00e+00	0.00e+00	0.00e+00	0.00e+00	0.00e+00	9.07e-120
 5.26411e+12	0.00e+00	4.76e-29	6.04e-21	2.31e-13	5.75e-05	1.11e-01	8.89e-01	0.00e+00	0.00e+00	0.00e+00	0.00e+00	0.00e+00	0.00e+00
 5.47749e+12	9.25e-38	7.24e-29	8.48e-21	2.98e-13	6.79e-05	1.19e-01	8.81e-01	0.00e+00	0.00e+00	0.00e+00	0.00e+00	0.00e+00	9.76e-119
 5.65671e+12	0.00e+00	1.02e-28	1.11e-20	3.65e-13	7.77e-05	1.27e-01	8.73e-01	0.00e+00	0.00e+00	0.00e+00	0.00e+00	0.00e+00	0.00e+00
 5.84549e+12	2.09e-37	1.43e-28	1.47e-20	4.50e-13	8.90e-05	1.34e-01	8.65e-01	0.00e+00	0.00e+00	0.00e+00	0.00e+00	0.00e+00	6.79e-118
 6.08620e+12	0.00e+00	2.19e-28	2.07e-20	5.80e-13	1.05e-04	1.45e-01	8.55e-01	0.00e+00	0.00e+00	0.00e+00	0.00e+00	0.00e+00	0.00e+00
 6.33475e+12	5.73e-37	3.33e-28	2.90e-20	7.47e-13	1.24e-04	1.56e-01	8.44e-01	0.00e+00	0.00e+00	0.00e+00	0.00e+00	0.00e+00	7.47e-117
 6.54939e+12	0.00e+00	4.71e-28	3.84e-20	9.21e-13	1.42e-04	1.65e-01	8.35e-01	0.00e+00	0.00e+00	0.00e+00	0.00e+00	0.00e+00	0.00e+00
 6.77962e+12	1.33e-36	6.74e-28	5.12e-20	1.14e-12	1.64e-04	1.75e-01	8.24e-01	0.00e+00	0.00e+00	0.00e+00	0.00e+00	0.00e+00	5.63e-116
 7.03936e+12	0.00e+00	9.97e-28	7.02e-20	1.45e-12	1.91e-04	1.87e-01	8.12e-01	0.00e+00	0.00e+00	0.00e+00	0.00e+00	0.00e+00	2.33e-100
 7.29582e+12	3.32e-36	1.44e-27	9.46e-20	1.80e-12	2.20e-04	1.99e-01	8.01e-01	0.00e+00	0.00e+00	0.00e+00	0.00e+00	0.00e+00	0.00e+00
 7.54560e+12	0.00e+00	2.03e-27	1.25e-19	2.22e-12	2.52e-04	2.11e-01	7.89e-01	0.00e+00	0.00e+00	0.00e+00	0.00e+00	0.00e+00	1.05e-131
 7.82832e+12	7.90e-36	2.98e-27	1.70e-19	2.79e-12	2.91e-04	2.24e-01	7.75e-01	0.00e+00	0.00e+00	0.00e+00	0.00e+00	0.00e+00	5.96e-98
 8.13912e+12	0.00e+00	4.45e-27	2.34e-19	3.54e-12	3.40e-04	2.39e-01	7.60e-01	0.00e+00	0.00e+00	0.00e+00	0.00e+00	0.00e+00	0.00e+00
 8.41145e+12	1.91e-35	6.23e-27	3.07e-19	4.33e-12	3.87e-04	2.52e-01	7.47e-01	0.00e+00	0.00e+00	0.00e+00	0.00e+00	0.00e+00	3.41e-113
 8.65142e+12	0.00e+00	8.29e-27	3.86e-19	5.13e-12	4.31e-04	2.64e-01	7.36e-01	0.00e+00	0.00e+00	0.00e+00	0.00e+00	0.00e+00	4.51e-98
 8.92432e+12	3.93e-35	1.14e-26	4.98e-19	6.19e-12	4.86e-04	2.77e-01	7.23e-01	0.00e+00	0.00e+00	0.00e+00	0.00e+00	0.00e+00	0.00e+00
 9.21970e+12	0.00e+00	1.58e-26	6.49e-19	7.54e-12	5.50e-04	2.91e-01	7.08e-01	0.00e+00	0.00e+00	0.00e+00	0.00e+00	0.00e+00	6.98e-129
 9.48520e+12	8.20e-35	2.10e-26	8.15e-19	8.91e-12	6.12e-04	3.04e-01	6.96e-01	0.00e+00	0.00e+00	0.00e+00	0.00e+00	0.00e+00	7.89e-96
 9.77126e+12	1.18e-34	2.84e-26	1.04e-18	1.07e-11	6.85e-04	3.18e-01	6.82e-01	0.00e+00	0.00e+00	0.00e+00	0.00e+00	0.00e+00	2.87e-111
 1.00944e+13	1.74e-34	3.93e-26	1.35e-18	1.29e-11	7.73e-04	3.33e-01	6.66e-01	0.00e+00	0.00e+00	0.00e+00	0.00e+00	0.00e+00	3.82e-95
 1.04070e+13	2.52e-34	5.36e-26	1.73e-18	1.55e-11	8.67e-04	3.48e-01	6.51e-01	0.00e+00	0.00e+00	0.00e+00	0.00e+00	0.00e+00	1.84e-110
 1.07547e+13	3.74e-34	7.44e-26	2.25e-18	1.88e-11	9.78e-04	3.64e-01	6.35e-01	0.00e+00	0.00e+00	0.00e+00	0.00e+00	0.00e+00	1.90e-94
 1.11391e+13	5.70e-34	1.06e-25	2.98e-18	2.32e-11	1.11e-03	3.82e-01	6.17e-01	0.00e+00	0.00e+00	0.00e+00	0.00e+00	0.00e+00	1.37e-109
 1.14973e+13	8.29e-34	1.44e-25	3.82e-18	2.78e-11	1.24e-03	3.98e-01	6.00e-01	0.00e+00	0.00e+00	0.00e+00	0.00e+00	0.00e+00	1.02e-93
 1.18888e+13	1.24e-33	2.02e-25	5.00e-18	3.38e-11	1.40e-03	4.16e-01	5.82e-01	0.00e+00	0.00e+00	0.00e+00	0.00e+00	0.00e+00	9.29e-109
 1.23296e+13	1.91e-33	2.89e-25	6.67e-18	4.18e-11	1.60e-03	4.36e-01	5.63e-01	0.00e+00	0.00e+00	0.00e+00	0.00e+00	0.00e+00	5.88e-93
 1.27534e+13	2.84e-33	4.02e-25	8.68e-18	5.06e-11	1.80e-03	4.54e-01	5.45e-01	0.00e+00	0.00e+00	0.00e+00	0.00e+00	0.00e+00	7.27e-108
 1.32234e+13	4.36e-33	5.75e-25	1.16e-17	6.24e-11	2.04e-03	4.74e-01	5.24e-01	0.00e+00	0.00e+00	0.00e+00	0.00e+00	0.00e+00	3.37e-92
 1.37484e+13	6.90e-33	8.41e-25	1.57e-17	7.79e-11	2.33e-03	4.95e-01	5.03e-01	0.00e+00	0.00e+00	0.00e+00	0.00e+00	0.00e+00	6.60e-107
 1.42493e+13	1.05e-32	1.19e-24	2.07e-17	9.55e-11	2.63e-03	5.15e-01	4.83e-01	0.00e+00	0.00e+00	0.00e+00	0.00e+00	0.00e+00	2.16e-91
 1.47955e+13	1.63e-32	1.72e-24	2.78e-17	1.18e-10	2.98e-03	5.35e-01	4.62e-01	0.00e+00	0.00e+00	0.00e+00	0.00e+00	0.00e+00	5.63e-106
 1.54172e+13	2.63e-32	2.56e-24	3.82e-17	1.48e-10	3.42e-03	5.58e-01	4.39e-01	0.00e+00	0.00e+00	0.00e+00	0.00e+00	0.00e+00	1.50e-90
 1.59930e+13	4.02e-32	3.64e-24	5.07e-17	1.82e-10	3.85e-03	5.78e-01	4.18e-01	0.00e+00	0.00e+00	0.00e+00	0.00e+00	0.00e+00	5.44e-105
 1.64934e+13	5.73e-32	4.88e-24	6.41e-17	2.16e-10	4.25e-03	5.94e-01	4.02e-01	0.00e+00	0.00e+00	0.00e+00	0.00e+00	0.00e+00	7.85e-90
 1.70493e+13	8.37e-32	6.69e-24	8.25e-17	2.59e-10	4.72e-03	6.12e-01	3.84e-01	0.00e+00	0.00e+00	0.00e+00	0.00e+00	0.00e+00	3.47e-104
 1.77257e+13	1.31e-31	9.69e-24	1.11e-16	3.20e-10	5.34e-03	6.32e-01	3.63e-01	0.00e+00	0.00e+00	0.00e+00	0.00e+00	0.00e+00	4.52e-89
 1.83354e+13	1.92e-31	1.34e-23	1.43e-16	3.86e-10	5.94e-03	6.49e-01	3.45e-01	0.00e+00	0.00e+00	0.00e+00	0.00e+00	0.00e+00	2.83e-103
 1.87825e+13	2.52e-31	1.67e-23	1.71e-16	4.38e-10	6.39e-03	6.61e-01	3.33e-01	0.00e+00	0.00e+00	0.00e+00	0.00e+00	0.00e+00	1.83e-88
 1.92415e+13	3.31e-31	2.10e-23	2.06e-16	4.99e-10	6.88e-03	6.72e-01	3.21e-01	0.00e+00	0.00e+00	0.00e+00	0.00e+00	0.00e+00	1.13e-102
 1.98382e+13	4.66e-31	2.79e-23	2.58e-16	5.88e-10	7.54e-03	6.87e-01	3.06e-01	0.00e+00	0.00e+00	0.00e+00	0.00e+00	0.00e+00	6.76e-88
 2.04940e+13	6.70e-31	3.77e-23	3.29e-16	6.99e-10	8.31e-03	7.02e-01	2.90e-01	0.00e+00	0.00e+00	0.00e+00	0.00e+00	0.00e+00	6.85e-102
 2.10960e+13	9.24e-31	4.92e-23	4.07e-16	8.14e-10	9.05e-03	7.15e-01	2.76e-01	0.00e+00	0.00e+00	0.00e+00	0.00e+00	0.00e+00	2.91e-87
 2.17480e+13	1.29e-30	6.50e-23	5.09e-16	9.54e-10	9.88e-03	7.27e-01	2.63e-01	0.00e+00	0.00e+00	0.00e+00	0.00e+00	0.00e+00	3.70e-101
 2.25739e+13	1.95e-30	9.13e-23	6.67e-16	1.16e-09	1.10e-02	7.43e-01	2.46e-01	0.00e+00	0.00e+00	0.00e+00	0.00e+00	0.00e+00	1.43e-86
 2.34029e+13	2.89e-30	1.27e-22	8.68e-16	1.39e-09	1.22e-02	7.57e-01	2.31e-01	0.00e+00	0.00e+00	0.00e+00	0.00e+00	0.00e+00	2.93e-100
 2.40933e+13	3.95e-30	1.64e-22	1.07e-15	1.62e-09	1.32e-02	7.67e-01	2.20e-01	0.00e+00	0.00e+00	0.00e+00	0.00e+00	0.00e+00	6.57e-86
 2.48261e+13	5.45e-30	2.14e-22	1.32e-15	1.88e-09	1.43e-02	7.78e-01	2.08e-01	0.00e+00	0.00e+00	0.00e+00	0.00e+00	0.00e+00	1.53e-99
 2.57600e+13	8.10e-30	2.98e-22	1.72e-15	2.26e-09	1.58e-02	7.90e-01	1.94e-01	0.00e+00	0.00e+00	0.00e+00	0.00e+00	0.00e+00	3.10e-85
 2.67438e+13	1.20e-29	4.14e-22	2.23e-15	2.72e-09	1.75e-02	8.01e-01	1.81e-01	0.00e+00	0.00e+00	0.00e+00	0.00e+00	0.00e+00	1.22e-98
 2.76370e+13	1.70e-29	5.50e-22	2.80e-15	3.19e-09	1.90e-02	8.10e-01	1.71e-01	0.00e+00	0.00e+00	0.00e+00	0.00e+00	0.00e+00	1.57e-84
 2.86238e+13	2.46e-29	7.45e-22	3.55e-15	3.77e-09	2.08e-02	8.20e-01	1.60e-01	0.00e+00	0.00e+00	0.00e+00	0.00e+00	0.00e+00	8.04e-98
 2.97802e+13	3.71e-29	1.05e-21	4.65e-15	4.56e-09	2.30e-02	8.29e-01	1.48e-01	0.00e+00	0.00e+00	0.00e+00	0.00e+00	0.00e+00	8.75e-84
 3.08153e+13	5.29e-29	1.40e-21	5.86e-15	5.36e-09	2.50e-02	8.36e-01	1.39e-01	0.00e+00	0.00e+00	0.00e+00	0.00e+00	0.00e+00	6.16e-97
 3.16352e+13	6.93e-29	1.75e-21	6.97e-15	6.05e-09	2.67e-02	8.42e-01	1.32e-01	0.00e+00	0.00e+00	0.00e+00	0.00e+00	0.00e+00	3.50e-83
 3.25170e+13	9.18e-29	2.20e-21	8.35e-15	6.86e-09	2.85e-02	8.47e-01	1.25e-01	0.00e+00	0.00e+00	0.00e+00	0.00e+00	0.00e+00	2.71e-96
 3.36634e+13	1.31e-28	2.95e-21	1.05e-14	8.03e-09	3.09e-02	8.52e-01	1.17e-01	0.00e+00	0.00e+00	0.00e+00	0.00e+00	0.00e+00	1.46e-82
 3.49057e+13	1.89e-28	3.98e-21	1.33e-14	9.46e-09	3.37e-02	8.58e-01	1.09e-01	0.00e+00	0.00e+00	0.00e+00	0.00e+00	0.00e+00	1.90e-95
 3.60182e+13	2.60e-28	5.17e-21	1.63e-14	1.09e-08	3.62e-02	8.62e-01	1.02e-01	0.00e+00	0.00e+00	0.00e+00	0.00e+00	0.00e+00	6.88e-82
 3.70257e+13	3.43e-28	6.48e-21	1.94e-14	1.23e-08	3.85e-02	8.65e-01	9.66e-02	0.00e+00	0.00e+00	0.00e+00	0.00e+00	0.00e+00	9.59e-95
 3.81513e+13	4.64e-28	8.28e-21	2.35e-14	1.40e-08	4.12e-02	8.68e-01	9.10e-02	0.00e+00	0.00e+00	0.00e+00	0.00e+00	0.00e+00	2.59e-81
 3.95783e+13	6.70e-28	1.12e-20	2.96e-14	1.64e-08	4.47e-02	8.71e-01	8.45e-02	0.00e+00	0.00e+00	0.00e+00	0.00e+00	0.00e+00	5.97e-94
 4.10373e+13	9.63e-28	1.50e-20	3.72e-14	1.92e-08	4.83e-02	8.73e-01	7.85e-02	0.00e+00	0.00e+00	0.00e+00	0.00e+00	0.00e+00	1.39e-80
 4.22953e+13	1.30e-27	1.92e-20	4.49e-14	2.18e-08	5.16e-02	8.75e-01	7.39e-02	0.00e+00	0.00e+00	0.00e+00	0.00e+00	0.00e+00	3.69e-93
 4.36516e+13	1.78e-27	2.47e-20	5.45e-14	2.49e-08	5.51e-02	8.76e-01	6.93e-02	0.00e+00	0.00e+00	0.00e+00	0.00e+00	0.00e+00	5.78e-80
 4.53214e+13	2.59e-27	3.34e-20	6.88e-14	2.91e-08	5.97e-02	8.76e-01	6.42e-02	0.00e+00	0.00e+00	0.00e+00	0.00e+00	0.00e+00	2.46e-92
 4.70343e+13	3.73e-27	4.50e-20	8.64e-14	3.40e-08	6.44e-02	8.76e-01	5.94e-02	0.00e+00	0.00e+00	0.00e+00	0.00e+00	0.00e+00	3.24e-79
 4.85870e+13	5.14e-27	5.83e-20	1.05e-13	3.89e-08	6.89e-02	8.76e-01	5.55e-02	0.00e+00	0.00e+00	0.00e+00	0.00e+00	0.00e+00	1.66e-91
 5.02961e+13	7.23e-27	7.67e-20	1.30e-13	4.48e-08	7.38e-02	8.74e-01	5.17e-02	0.00e+00	0.00e+00	0.00e+00	0.00e+00	0.00e+00	1.53e-78
 5.23023e+13	1.06e-26	1.05e-19	1.65e-13	5.25e-08	7.99e-02	8.73e-01	4.76e-02	0.00e+00	0.00e+00	0.00e+00	0.00e+00	0.00e+00	1.25e-90
 5.42151e+13	1.51e-26	1.39e-19	2.04e-13	6.07e-08	8.58e-02	8.70e-01	4.41e-02	0.00e+00	0.00e+00	0.00e+00	0.00e+00	0.00e+00	8.71e-78
 5.58686e+13	2.03e-26	1.76e-19	2.44e-13	6.85e-08	9.10e-02	8.68e-01	4.13e-02	0.00e+00	0.00e+00	0.00e+00	0.00e+00	0.00e+00	7.63e-90
 5.76645e+13	2.77e-26	2.26e-19	2.95e-13	7.76e-08	9.67e-02	8.65e-01	3.86e-02	0.00e+00	0.00e+00	0.00e+00	0.00e+00	0.00e+00	3.65e-77
 5.98682e+13	3.99e-26	3.04e-19	3.69e-13	9.02e-08	1.04e-01	8.60e-01	3.56e-02	0.00e+00	0.00e+00	0.00e+00	0.00e+00	0.00e+00	5.08e-89
 6.21026e+13	5.71e-26	4.05e-19	4.59e-13	1.04e-07	1.11e-01	8.56e-01	3.28e-02	0.00e+00	0.00e+00	0.00e+00	0.00e+00	0.00e+00	2.03e-76
 6.39933e+13	7.64e-26	5.11e-19	5.47e-13	1.17e-07	1.18e-01	8.51e-01	3.08e-02	0.00e+00	0.00e+00	0.00e+00	0.00e+00	0.00e+00	4.07e-76
 6.55948e+13	9.71e-26	6.20e-19	6.33e-13	1.29e-07	1.23e-01	8.47e-01	2.91e-02	0.00e+00	0.00e+00	0.00e+00	0.00e+00	0.00e+00	7.21e-76
 6.73353e+13	1.25e-25	7.60e-19	7.39e-13	1.43e-07	1.30e-01	8.43e-01	2.74e-02	0.00e+00	0.00e+00	0.00e+00	0.00e+00	0.00e+00	1.32e-75
 6.95981e+13	1.72e-25	9.83e-19	8.97e-13	1.63e-07	1.38e-01	8.37e-01	2.55e-02	0.00e+00	0.00e+00	0.00e+00	0.00e+00	0.00e+00	2.83e-75
 7.19393e+13	2.38e-25	1.27e-18	1.09e-12	1.85e-07	1.46e-01	8.30e-01	2.36e-02	0.00e+00	0.00e+00	0.00e+00	0.00e+00	0.00e+00	6.08e-75
 7.38927e+13	3.08e-25	1.56e-18	1.27e-12	2.05e-07	1.53e-01	8.25e-01	2.22e-02	0.00e+00	0.00e+00	0.00e+00	0.00e+00	0.00e+00	1.13e-74
 7.59420e+13	4.00e-25	1.93e-18	1.49e-12	2.27e-07	1.61e-01	8.18e-01	2.08e-02	0.00e+00	0.00e+00	0.00e+00	0.00e+00	0.00e+00	2.12e-74
 7.86061e+13	5.57e-25	2.52e-18	1.82e-12	2.60e-07	1.71e-01	8.10e-01	1.92e-02	0.00e+00	0.00e+00	0.00e+00	0.00e+00	0.00e+00	4.69e-74
 8.13762e+13	7.77e-25	3.28e-18	2.23e-12	2.96e-07	1.82e-01	8.01e-01	1.77e-02	0.00e+00	0.00e+00	0.00e+00	0.00e+00	0.00e+00	1.04e-73
 8.37190e+13	1.02e-24	4.08e-18	2.62e-12	3.29e-07	1.91e-01	7.93e-01	1.65e-02	0.00e+00	0.00e+00	0.00e+00	0.00e+00	0.00e+00	2.00e-73
 8.61994e+13	1.35e-24	5.10e-18	3.10e-12	3.67e-07	2.00e-01	7.84e-01	1.54e-02	0.00e+00	0.00e+00	0.00e+00	0.00e+00	0.00e+00	3.91e-73
 8.93685e+13	1.90e-24	6.72e-18	3.81e-12	4.21e-07	2.13e-01	7.73e-01	1.41e-02	0.00e+00	0.00e+00	0.00e+00	0.00e+00	0.00e+00	8.94e-73
 9.26559e+13	2.68e-24	8.84e-18	4.68e-12	4.81e-07	2.26e-01	7.61e-01	1.29e-02	0.00e+00	0.00e+00	0.00e+00	0.00e+00	0.00e+00	2.05e-72
 9.55178e+13	3.57e-24	1.11e-17	5.56e-12	5.38e-07	2.37e-01	7.51e-01	1.19e-02	0.00e+00	0.00e+00	0.00e+00	0.00e+00	0.00e+00	4.11e-72
 9.86033e+13	4.83e-24	1.41e-17	6.65e-12	6.04e-07	2.49e-01	7.40e-01	1.10e-02	0.00e+00	0.00e+00	0.00e+00	0.00e+00	0.00e+00	8.51e-72
 1.02369e+14	6.87e-24	1.87e-17	8.21e-12	6.92e-07	2.64e-01	7.26e-01	9.99e-03	0.00e+00	0.00e+00	0.00e+00	0.00e+00	0.00e+00	2.00e-71
 1.06135e+14	9.65e-24	2.46e-17	1.00e-11	7.88e-07	2.79e-01	7.12e-01	9.09e-03	0.00e+00	0.00e+00	0.00e+00	0.00e+00	0.00e+00	4.56e-71
 1.09461e+14	1.29e-23	3.09e-17	1.19e-11	8.80e-07	2.92e-01	6.99e-01	8.39e-03	0.00e+00	0.00e+00	0.00e+00	0.00e+00	0.00e+00	9.21e-71
 1.13097e+14	1.75e-23	3.93e-17	1.43e-11	9.87e-07	3.07e-01	6.86e-01	7.69e-03	0.00e+00	0.00e+00	0.00e+00	0.00e+00	0.00e+00	1.93e-70
 1.17471e+14	2.48e-23	5.21e-17	1.76e-11	1.13e-06	3.24e-01	6.69e-01	6.94e-03	0.00e+00	0.00e+00	0.00e+00	1.66e-17	3.55e-17	4.57e-70
 1.21829e+14	3.48e-23	6.80e-17	2.14e-11	1.28e-06	3.41e-01	6.53e-01	6.28e-03	0.00e+00	0.00e+00	0.00e+00	2.26e-17	4.55e-17	1.04e-69
 1.25773e+14	4.66e-23	8.58e-17	2.54e-11	1.43e-06	3.56e-01	6.39e-01	5.75e-03	0.00e+00	0.00e+00	0.00e+00	2.85e-17	5.74e-17	2.15e-69
 1.30149e+14	6.39e-23	1.10e-16	3.06e-11	1.60e-06	3.72e-01	6.23e-01	5.23e-03	0.00e+00	0.00e+00	0.00e+00	3.65e-17	7.36e-17	4.67e-69
 1.35290e+14	9.10e-23	1.46e-16	3.76e-11	1.82e-06	3.91e-01	6.04e-01	4.68e-03	0.00e+00	0.00e+00	0.00e+00	4.83e-17	9.74e-17	1.12e-68
 1.40364e+14	1.27e-22	1.90e-16	4.57e-11	2.06e-06	4.09e-01	5.86e-01	4.22e-03	0.00e+00	0.00e+00	0.00e+00	6.29e-17	1.27e-16	2.57e-68
 1.45114e+14	1.72e-22	2.41e-16	5.43e-11	2.29e-06	4.26e-01	5.70e-01	3.83e-03	0.00e+00	0.00e+00	0.00e+00	7.98e-17	1.61e-16	5.46e-68
 1.49796e+14	2.29e-22	3.02e-16	6.41e-11	2.54e-06	4.42e-01	5.54e-01	3.49e-03	0.00e+00	0.00e+00	0.00e+00	1.00e-16	2.02e-16	1.12e-67
 1.54416e+14	3.02e-22	3.74e-16	7.50e-11	2.80e-06	4.58e-01	5.39e-01	3.19e-03	0.00e+00	0.00e+00	0.00e+00	1.24e-16	2.50e-16	2.22e-67
 1.58672e+14	3.85e-22	4.54e-16	8.63e-11	3.05e-06	4.72e-01	5.26e-01	2.94e-03	0.00e+00	0.00e+00	0.00e+00	1.50e-16	3.03e-16	4.10e-67
 1.62596e+14	4.80e-22	5.39e-16	9.77e-11	3.29e-06	4.84e-01	5.13e-01	2.73e-03	0.00e+00	0.00e+00	0.00e+00	1.79e-16	3.60e-16	7.11e-67
 1.67086e+14	6.12e-22	6.52e-16	1.12e-10	3.58e-06	4.98e-01	4.99e-01	2.51e-03	0.00e+00	0.00e+00	0.00e+00	2.16e-16	4.36e-16	1.31e-66
 1.72922e+14	8.31e-22	8.29e-16	1.33e-10	3.98e-06	5.16e-01	4.82e-01	2.26e-03	0.00e+00	0.00e+00	0.00e+00	2.75e-16	5.54e-16	2.85e-66
 1.78846e+14	1.12e-21	1.05e-15	1.58e-10	4.40e-06	5.33e-01	4.65e-01	2.04e-03	0.00e+00	0.00e+00	0.00e+00	3.47e-16	7.00e-16	6.11e-66
 1.83641e+14	1.42e-21	1.26e-15	1.80e-10	4.76e-06	5.46e-01	4.52e-01	1.88e-03	0.00e+00	0.00e+00	0.00e+00	4.16e-16	8.41e-16	1.11e-65
 1.88631e+14	1.80e-21	1.51e-15	2.06e-10	5.15e-06	5.60e-01	4.39e-01	1.73e-03	0.00e+00	0.00e+00	0.00e+00	5.01e-16	1.01e-15	2.03e-65
 1.95119e+14	2.42e-21	1.91e-15	2.43e-10	5.68e-06	5.76e-01	4.22e-01	1.55e-03	0.00e+00	0.00e+00	0.00e+00	6.31e-16	1.27e-15	4.35e-65
 2.01977e+14	3.27e-21	2.41e-15	2.87e-10	6.27e-06	5.93e-01	4.05e-01	1.39e-03	0.00e+00	0.00e+00	0.00e+00	7.98e-16	1.61e-15	9.48e-65
 2.07941e+14	4.22e-21	2.94e-15	3.30e-10	6.81e-06	6.08e-01	3.91e-01	1.26e-03	0.00e+00	0.00e+00	0.00e+00	9.72e-16	1.96e-15	1.83e-64
 2.14319e+14	5.49e-21	3.60e-15	3.81e-10	7.40e-06	6.22e-01	3.77e-01	1.15e-03	0.00e+00	0.00e+00	0.00e+00	1.19e-15	2.41e-15	3.61e-64
 2.22297e+14	7.54e-21	4.60e-15	4.53e-10	8.19e-06	6.39e-01	3.60e-01	1.02e-03	0.00e+00	0.00e+00	0.00e+00	1.52e-15	3.08e-15	8.21e-64
 2.30503e+14	1.03e-20	5.87e-15	5.38e-10	9.04e-06	6.56e-01	3.43e-01	9.02e-04	0.00e+00	0.00e+00	0.00e+00	1.94e-15	3.93e-15	1.86e-63
 2.37775e+14	1.35e-20	7.22e-15	6.22e-10	9.82e-06	6.70e-01	3.29e-01	8.13e-04	0.00e+00	0.00e+00	0.00e+00	2.39e-15	4.83e-15	3.76e-63
 2.45684e+14	1.79e-20	8.97e-15	7.25e-10	1.07e-05	6.84e-01	3.15e-01	7.28e-04	0.00e+00	0.00e+00	0.00e+00	2.97e-15	6.01e-15	7.86e-63
 2.55173e+14	2.49e-20	1.15e-14	8.64e-10	1.18e-05	7.00e-01	2.99e-01	6.41e-04	0.00e+00	0.00e+00	0.00e+00	3.81e-15	7.72e-15	1.85e-62
 2.64606e+14	3.39e-20	1.47e-14	1.02e-09	1.30e-05	7.15e-01	2.84e-01	5.66e-04	0.00e+00	0.00e+00	0.00e+00	4.84e-15	9.81e-15	4.19e-62
 2.73144e+14	4.45e-20	1.80e-14	1.18e-09	1.41e-05	7.28e-01	2.71e-01	5.07e-04	0.00e+00	0.00e+00	0.00e+00	5.96e-15	1.21e-14	8.56e-62
 2.82625e+14	5.95e-20	2.25e-14	1.38e-09	1.54e-05	7.42e-01	2.58e-01	4.51e-04	0.00e+00	0.00e+00	0.00e+00	7.44e-15	1.51e-14	1.84e-61
 2.93759e+14	8.26e-20	2.90e-14	1.64e-09	1.69e-05	7.56e-01	2.43e-01	3.94e-04	0.00e+00	0.00e+00	0.00e+00	9.56e-15	1.94e-14	4.39e-61
 3.04773e+14	1.13e-19	3.68e-14	1.93e-09	1.85e-05	7.69e-01	2.30e-01	3.46e-04	0.00e+00	0.00e+00	0.00e+00	1.21e-14	2.46e-14	1.00e-60
 3.15122e+14	1.49e-19	4.56e-14	2.24e-09	2.01e-05	7.81e-01	2.19e-01	3.07e-04	0.00e+00	0.00e+00	0.00e+00	1.50e-14	3.05e-14	2.12e-60
 3.26652e+14	2.02e-19	5.74e-14	2.63e-09	2.19e-05	7.93e-01	2.07e-01	2.70e-04	0.00e+00	0.00e+00	0.00e+00	1.89e-14	3.85e-14	4.74e-60
 3.37657e+14	2.67e-19	7.10e-14	3.04e-09	2.38e-05	8.04e-01	1.96e-01	2.39e-04	0.00e+00	0.00e+00	0.00e+00	2.34e-14	4.76e-14	9.94e-60
 3.45846e+14	3.26e-19	8.27e-14	3.38e-09	2.52e-05	8.11e-01	1.88e-01	2.20e-04	0.00e+00	0.00e+00	0.00e+00	2.73e-14	5.54e-14	1.70e-59
 3.54134e+14	3.96e-19	9.61e-14	3.75e-09	2.66e-05	8.19e-01	1.81e-01	2.01e-04	0.00e+00	0.00e+00	0.00e+00	3.17e-14	6.45e-14	2.87e-59
 3.64909e+14	5.09e-19	1.16e-13	4.27e-09	2.86e-05	8.27e-01	1.72e-01	1.80e-04	0.00e+00	0.00e+00	0.00e+00	3.83e-14	7.80e-14	5.60e-59
 3.76588e+14	6.60e-19	1.42e-13	4.90e-09	3.08e-05	8.36e-01	1.64e-01	1.60e-04	0.00e+00	0.00e+00	0.00e+00	4.67e-14	9.52e-14	1.13e-58
 3.87084e+14	8.29e-19	1.69e-13	5.52e-09	3.29e-05	8.44e-01	1.56e-01	1.45e-04	0.00e+00	0.00e+00	0.00e+00	5.56e-14	1.13e-13	2.08e-58
 3.98372e+14	1.05e-18	2.02e-13	6.25e-09	3.51e-05	8.51e-01	1.49e-01	1.30e-04	0.00e+00	0.00e+00	0.00e+00	6.66e-14	1.36e-13	3.92e-58
 4.12863e+14	1.41e-18	2.53e-13	7.30e-09	3.82e-05	8.60e-01	1.40e-01	1.14e-04	0.00e+00	0.00e+00	0.00e+00	8.32e-14	1.70e-13	8.63e-58
 4.27514e+14	1.87e-18	3.15e-13	8.48e-09	4.14e-05	8.69e-01	1.31e-01	9.96e-05	0.00e+00	0.00e+00	0.00e+00	1.04e-13	2.11e-13	1.86e-57
 4.39584e+14	2.35e-18	3.75e-13	9.56e-09	4.41e-05	8.75e-01	1.25e-01	8.96e-05	0.00e+00	0.00e+00	0.00e+00	1.23e-13	2.52e-13	3.44e-57
 4.52299e+14	2.97e-18	4.48e-13	1.08e-08	4.71e-05	8.81e-01	1.19e-01	8.03e-05	0.00e+00	0.00e+00	0.00e+00	1.47e-13	3.01e-13	6.44e-57
 4.68690e+14	3.96e-18	5.58e-13	1.26e-08	5.11e-05	8.89e-01	1.11e-01	6.99e-05	0.00e+00	0.00e+00	0.00e+00	1.83e-13	3.75e-13	1.40e-56
 4.86048e+14	5.32e-18	7.00e-13	1.47e-08	5.55e-05	8.96e-01	1.04e-01	6.07e-05	0.00e+00	0.00e+00	0.00e+00	2.29e-13	4.70e-13	3.12e-56
 5.01239e+14	6.83e-18	8.46e-13	1.68e-08	5.95e-05	9.02e-01	9.83e-02	5.38e-05	0.00e+00	0.00e+00	0.00e+00	2.77e-13	5.69e-13	6.11e-56
 5.17427e+14	8.82e-18	1.03e-12	1.92e-08	6.40e-05	9.07e-01	9.27e-02	4.75e-05	0.00e+00	0.00e+00	0.00e+00	3.37e-13	6.92e-13	1.22e-55
 5.37123e+14	1.19e-17	1.30e-12	2.25e-08	6.97e-05	9.14e-01	8.63e-02	4.09e-05	0.00e+00	0.00e+00	0.00e+00	4.24e-13	8.71e-13	2.75e-55
 5.56711e+14	1.59e-17	1.61e-12	2.62e-08	7.55e-05	9.19e-01	8.06e-02	3.55e-05	0.00e+00	0.00e+00	0.00e+00	5.28e-13	1.09e-12	5.99e-55
 5.73910e+14	2.02e-17	1.95e-12	2.98e-08	8.09e-05	9.24e-01	7.61e-02	3.14e-05	0.00e+00	0.00e+00	0.00e+00	6.36e-13	1.31e-12	1.16e-54
 5.92676e+14	2.61e-17	2.37e-12	3.42e-08	8.70e-05	9.28e-01	7.14e-02	2.76e-05	0.00e+00	0.00e+00	0.00e+00	7.74e-13	1.59e-12	2.32e-54
 6.15364e+14	3.52e-17	2.98e-12	4.00e-08	9.46e-05	9.33e-01	6.64e-02	2.37e-05	0.00e+00	0.00e+00	0.00e+00	9.73e-13	2.01e-12	5.23e-54
 6.37934e+14	4.68e-17	3.71e-12	4.66e-08	1.03e-04	9.38e-01	6.18e-02	2.05e-05	3.80e-18	1.14e-17	1.91e-17	1.21e-12	2.50e-12	1.13e-53
 6.58026e+14	5.97e-17	4.48e-12	5.31e-08	1.10e-04	9.42e-01	5.82e-02	1.80e-05	4.85e-18	1.46e-17	2.44e-17	1.46e-12	3.02e-12	2.22e-53
 6.80111e+14	7.74e-17	5.47e-12	6.11e-08	1.18e-04	9.45e-01	5.44e-02	1.57e-05	6.29e-18	1.89e-17	3.16e-17	1.78e-12	3.68e-12	4.49e-53
 7.06460e+14	1.04e-16	6.88e-12	7.17e-08	1.29e-04	9.49e-01	5.04e-02	1.34e-05	8.47e-18	2.54e-17	4.25e-17	2.24e-12	4.64e-12	1.02e-52
 7.32572e+14	1.38e-16	8.57e-12	8.36e-08	1.40e-04	9.53e-01	4.69e-02	1.16e-05	1.13e-17	3.38e-17	5.65e-17	2.79e-12	5.78e-12	2.21e-52
 7.54709e+14	1.74e-16	1.02e-11	9.47e-08	1.49e-04	9.56e-01	4.41e-02	1.02e-05	1.42e-17	4.26e-17	7.12e-17	3.34e-12	6.91e-12	4.19e-52
 7.77461e+14	2.20e-16	1.23e-11	1.07e-07	1.60e-04	9.58e-01	4.15e-02	9.04e-06	1.79e-17	5.37e-17	8.98e-17	3.99e-12	8.26e-12	7.92e-52
 8.01515e+14	2.78e-16	1.47e-11	1.22e-07	1.71e-04	9.61e-01	3.90e-02	7.95e-06	2.26e-17	6.80e-17	1.14e-16	4.79e-12	9.93e-12	1.52e-51
 8.22148e+14	3.39e-16	1.71e-11	1.36e-07	1.81e-04	9.63e-01	3.70e-02	7.16e-06	2.76e-17	8.28e-17	1.38e-16	5.57e-12	1.16e-11	2.62e-51
 8.43858e+14	4.14e-16	2.00e-11	1.51e-07	1.91e-04	9.65e-01	3.51e-02	6.41e-06	3.37e-17	1.01e-16	1.69e-16	6.51e-12	1.35e-11	4.55e-51
 8.72082e+14	5.33e-16	2.44e-11	1.74e-07	2.06e-04	9.67e-01	3.28e-02	5.58e-06	4.34e-17	1.30e-16	2.18e-16	7.92e-12	1.65e-11	9.18e-51
 9.00923e+14	6.85e-16	2.96e-11	1.99e-07	2.21e-04	9.69e-01	3.06e-02	4.86e-06	5.58e-17	1.68e-16	2.80e-16	9.62e-12	2.00e-11	1.84e-50
 9.24483e+14	8.34e-16	3.45e-11	2.22e-07	2.34e-04	9.71e-01	2.90e-02	4.36e-06	6.80e-17	2.04e-16	3.41e-16	1.12e-11	2.33e-11	3.20e-50
 9.49028e+14	1.02e-15	4.04e-11	2.47e-07	2.48e-04	9.72e-01	2.75e-02	3.91e-06	8.32e-17	2.50e-16	4.18e-16	1.31e-11	2.73e-11	5.61e-50
 9.80936e+14	1.31e-15	4.91e-11	2.84e-07	2.67e-04	9.74e-01	2.56e-02	3.39e-06	1.07e-16	3.22e-16	5.38e-16	1.59e-11	3.32e-11	1.14e-49
 1.01445e+15	1.69e-15	6.00e-11	3.27e-07	2.88e-04	9.76e-01	2.39e-02	2.94e-06	1.38e-16	4.15e-16	6.94e-16	1.95e-11	4.05e-11	2.32e-49
 1.04320e+15	2.09e-15	7.08e-11	3.67e-07	3.06e-04	9.77e-01	2.25e-02	2.61e-06	1.71e-16	5.14e-16	8.59e-16	2.30e-11	4.79e-11	4.23e-49
 1.07373e+15	2.61e-15	8.41e-11	4.14e-07	3.26e-04	9.78e-01	2.12e-02	2.31e-06	2.13e-16	6.40e-16	1.07e-15	2.72e-11	5.68e-11	7.84e-49
 1.11283e+15	3.42e-15	1.04e-10	4.80e-07	3.53e-04	9.80e-01	1.96e-02	1.98e-06	2.79e-16	8.39e-16	1.40e-15	3.37e-11	7.02e-11	1.68e-48
 1.15342e+15	4.48e-15	1.28e-10	5.57e-07	3.82e-04	9.81e-01	1.82e-02	1.70e-06	3.66e-16	1.10e-15	1.84e-15	4.16e-11	8.68e-11	3.61e-48
 1.18869e+15	5.61e-15	1.53e-10	6.31e-07	4.08e-04	9.83e-01	1.71e-02	1.50e-06	4.59e-16	1.38e-15	2.30e-15	4.97e-11	1.04e-10	6.87e-48
 1.22668e+15	7.10e-15	1.84e-10	7.19e-07	4.38e-04	9.84e-01	1.60e-02	1.31e-06	5.81e-16	1.75e-15	2.92e-15	5.97e-11	1.25e-10	1.34e-47
 1.27313e+15	9.37e-15	2.29e-10	8.39e-07	4.75e-04	9.85e-01	1.47e-02	1.11e-06	7.67e-16	2.30e-15	3.85e-15	7.43e-11	1.55e-10	2.95e-47
 1.32025e+15	1.23e-14	2.84e-10	9.75e-07	5.15e-04	9.86e-01	1.36e-02	9.51e-07	1.01e-15	3.02e-15	5.05e-15	9.20e-11	1.92e-10	6.40e-47
 1.36249e+15	1.55e-14	3.42e-10	1.11e-06	5.52e-04	9.87e-01	1.27e-02	0.00e+00	1.27e-15	3.82e-15	6.39e-15	1.11e-10	2.31e-10	1.25e-46
 1.40871e+15	1.99e-14	4.16e-10	1.28e-06	5.94e-04	9.88e-01	1.19e-02	0.00e+00	1.63e-15	4.89e-15	8.17e-15	1.34e-10	2.81e-10	2.54e-46
 1.46354e+15	2.63e-14	5.20e-10	1.50e-06	6.47e-04	9.88e-01	1.09e-02	0.00e+00	2.16e-15	6.49e-15	1.08e-14	1.68e-10	3.52e-10	5.73e-46
 1.51771e+15	3.43e-14	6.42e-10	1.74e-06	7.01e-04	9.89e-01	1.01e-02	0.00e+00	2.81e-15	8.45e-15	1.41e-14	2.08e-10	4.34e-10	1.22e-45
 1.56022e+15	4.19e-14	7.54e-10	1.95e-06	7.46e-04	9.90e-01	9.49e-03	0.00e+00	3.44e-15	1.03e-14	1.73e-14	2.44e-10	5.10e-10	2.20e-45
 1.59262e+15	4.86e-14	8.50e-10	2.12e-06	7.81e-04	9.90e-01	9.07e-03	0.00e+00	3.99e-15	1.20e-14	2.00e-14	2.75e-10	5.75e-10	3.38e-45
 1.62792e+15	5.69e-14	9.65e-10	2.33e-06	8.20e-04	9.91e-01	8.64e-03	0.00e+00	4.68e-15	1.41e-14	2.35e-14	3.12e-10	6.53e-10	5.37e-45
 1.67381e+15	6.96e-14	1.13e-09	2.61e-06	8.72e-04	9.91e-01	8.13e-03	0.00e+00	5.73e-15	1.72e-14	2.87e-14	3.67e-10	7.67e-10	9.62e-45
 1.72390e+15	8.59e-14	1.34e-09	2.95e-06	9.32e-04	9.91e-01	7.62e-03	0.00e+00	7.07e-15	2.12e-14	3.55e-14	4.35e-10	9.09e-10	1.78e-44
 1.76924e+15	9.72e-14	1.56e-09	3.28e-06	9.88e-04	9.92e-01	7.19e-03	0.00e+00	8.00e-15	2.40e-14	4.02e-14	5.04e-10	1.05e-09	2.97e-44
 1.81793e+15	1.17e-13	1.82e-09	3.67e-06	1.05e-03	9.92e-01	6.76e-03	0.00e+00	9.66e-15	2.90e-14	4.85e-14	5.90e-10	1.23e-09	5.23e-44
 1.88124e+15	1.48e-13	2.22e-09	4.24e-06	1.14e-03	9.93e-01	6.26e-03	0.00e+00	1.22e-14	3.68e-14	6.14e-14	7.18e-10	1.50e-09	1.06e-43
 1.94474e+15	1.85e-13	2.68e-09	4.86e-06	1.22e-03	9.93e-01	5.81e-03	0.00e+00	1.53e-14	4.59e-14	7.67e-14	8.67e-10	1.81e-09	2.10e-43
 1.99497e+15	2.19e-13	3.09e-09	5.41e-06	1.30e-03	9.93e-01	5.48e-03	0.00e+00	1.81e-14	5.43e-14	9.08e-14	1.00e-09	2.09e-09	3.53e-43
 2.04672e+15	2.60e-13	3.58e-09	6.01e-06	1.38e-03	9.93e-01	5.17e-03	0.00e+00	2.15e-14	6.45e-14	1.08e-13	1.16e-09	2.42e-09	5.96e-43
 2.11401e+15	3.22e-13	4.29e-09	6.88e-06	1.48e-03	9.94e-01	4.80e-03	0.00e+00	2.66e-14	7.99e-14	1.33e-13	1.39e-09	2.90e-09	1.15e-42
 2.18589e+15	3.98e-13	5.18e-09	7.90e-06	1.60e-03	9.94e-01	4.45e-03	0.00e+00	3.30e-14	9.90e-14	1.65e-13	1.68e-09	3.50e-09	2.26e-42
 2.24924e+15	4.76e-13	6.08e-09	8.90e-06	1.71e-03	9.94e-01	4.16e-03	0.00e+00	3.95e-14	1.18e-13	1.98e-13	1.97e-09	4.11e-09	4.01e-42
 2.31707e+15	5.75e-13	7.17e-09	1.01e-05	1.83e-03	9.94e-01	3.88e-03	0.00e+00	4.77e-14	1.43e-13	2.39e-13	2.32e-09	4.84e-09	7.28e-42
 2.40254e+15	7.21e-13	8.77e-09	1.17e-05	2.00e-03	9.94e-01	3.57e-03	0.00e+00	5.99e-14	1.80e-13	3.01e-13	2.84e-09	5.92e-09	1.53e-41
 2.49041e+15	8.96e-13	1.07e-08	1.36e-05	2.17e-03	9.95e-01	3.28e-03	0.00e+00	7.45e-14	2.24e-13	3.74e-13	3.47e-09	7.22e-09	3.13e-41
 2.56727e+15	1.07e-12	1.26e-08	1.54e-05	2.33e-03	9.95e-01	3.05e-03	0.00e+00	8.92e-14	2.68e-13	4.48e-13	4.10e-09	8.52e-09	5.72e-41
 2.65031e+15	1.30e-12	1.50e-08	1.76e-05	2.51e-03	9.95e-01	2.83e-03	0.00e+00	1.08e-13	3.25e-13	5.43e-13	4.88e-09	1.01e-08	1.08e-40
 2.75120e+15	1.61e-12	1.84e-08	2.05e-05	2.75e-03	9.95e-01	2.59e-03	0.00e+00	1.35e-13	4.04e-13	6.75e-13	5.98e-09	1.24e-08	2.26e-40
 2.85236e+15	1.97e-12	2.24e-08	2.38e-05	2.99e-03	9.95e-01	2.37e-03	0.00e+00	1.65e-13	4.95e-13	8.27e-13	7.27e-09	1.51e-08	4.60e-40
 2.94265e+15	2.34e-12	2.64e-08	2.71e-05	3.22e-03	9.95e-01	2.20e-03	0.00e+00	1.96e-13	5.88e-13	9.83e-13	8.60e-09	1.78e-08	8.49e-40
 3.01951e+15	2.68e-12	3.03e-08	3.01e-05	3.43e-03	9.94e-01	2.07e-03	0.00e+00	2.25e-13	6.75e-13	1.13e-12	9.88e-09	2.05e-08	1.41e-39
 3.08595e+15	3.03e-12	3.41e-08	3.29e-05	3.61e-03	9.94e-01	1.96e-03	0.00e+00	2.54e-13	7.62e-13	1.27e-12	1.11e-08	2.30e-08	2.15e-39
 3.16107e+15	3.45e-12	3.87e-08	3.63e-05	3.82e-03	9.94e-01	1.85e-03	0.00e+00	2.89e-13	8.68e-13	1.45e-12	1.26e-08	2.61e-08	3.45e-39
 3.25873e+15	4.07e-12	4.56e-08	4.12e-05	4.11e-03	9.94e-01	1.71e-03	0.00e+00	3.42e-13	1.03e-12	1.71e-12	1.49e-08	3.07e-08	6.36e-39
 3.35870e+15	4.74e-12	5.34e-08	4.66e-05	4.42e-03	9.94e-01	1.59e-03	0.00e+00	3.99e-13	1.20e-12	2.00e-12	1.74e-08	3.60e-08	1.15e-38
 3.44019e+15	5.36e-12	6.06e-08	5.14e-05	4.69e-03	9.94e-01	1.50e-03	0.00e+00	4.51e-13	1.35e-12	2.26e-12	1.98e-08	4.08e-08	1.83e-38
 3.52467e+15	6.09e-12	6.89e-08	5.67e-05	4.97e-03	9.94e-01	1.41e-03	0.00e+00	5.13e-13	1.54e-12	2.58e-12	2.25e-08	4.64e-08	2.96e-38
 3.63450e+15	7.13e-12	8.10e-08	6.44e-05	5.35e-03	9.93e-01	1.31e-03	0.00e+00	6.03e-13	1.81e-12	3.02e-12	2.65e-08	5.46e-08	5.45e-38
 3.74844e+15	8.30e-12	9.52e-08	7.30e-05	5.76e-03	9.93e-01	1.21e-03	0.00e+00	7.02e-13	2.11e-12	3.52e-12	3.11e-08	6.41e-08	9.97e-38
 3.84393e+15	9.40e-12	1.08e-07	8.08e-05	6.12e-03	9.93e-01	1.14e-03	0.00e+00	7.96e-13	2.39e-12	3.99e-12	3.54e-08	7.30e-08	1.63e-37
 3.94425e+15	1.07e-11	1.24e-07	8.98e-05	6.51e-03	9.92e-01	1.07e-03	0.00e+00	9.09e-13	2.73e-12	4.56e-12	4.06e-08	8.35e-08	2.72e-37
 4.07467e+15	1.26e-11	1.47e-07	1.03e-04	7.04e-03	9.92e-01	9.86e-04	0.00e+00	1.07e-12	3.22e-12	5.38e-12	4.83e-08	9.92e-08	5.19e-37
 4.20984e+15	1.47e-11	1.75e-07	1.17e-04	7.62e-03	9.91e-01	9.09e-04	0.00e+00	1.25e-12	3.76e-12	6.28e-12	5.72e-08	1.18e-07	9.93e-37
 4.32367e+15	1.67e-11	2.01e-07	1.30e-04	8.12e-03	9.91e-01	8.50e-04	0.00e+00	1.42e-12	4.27e-12	7.13e-12	6.57e-08	1.35e-07	1.71e-36
 4.44412e+15	1.92e-11	2.32e-07	1.46e-04	8.68e-03	9.90e-01	7.93e-04	0.00e+00	1.64e-12	4.91e-12	8.21e-12	7.59e-08	1.56e-07	3.01e-36
 4.60070e+15	2.29e-11	2.78e-07	1.68e-04	9.44e-03	9.90e-01	7.27e-04	0.00e+00	1.95e-12	5.87e-12	9.80e-12	9.11e-08	1.87e-07	6.15e-36
 4.76539e+15	2.70e-11	3.33e-07	1.94e-04	1.03e-02	9.89e-01	6.65e-04	0.00e+00	2.31e-12	6.92e-12	1.16e-11	1.09e-07	2.24e-07	1.25e-35
 4.90743e+15	3.09e-11	3.88e-07	2.18e-04	1.10e-02	9.88e-01	6.18e-04	0.00e+00	2.64e-12	7.94e-12	1.33e-11	1.27e-07	2.61e-07	2.26e-35
 5.05888e+15	3.60e-11	4.55e-07	2.47e-04	1.19e-02	9.87e-01	5.72e-04	0.00e+00	3.09e-12	9.26e-12	1.55e-11	1.49e-07	3.06e-07	4.22e-35
 5.24738e+15	4.32e-11	5.51e-07	2.86e-04	1.29e-02	9.86e-01	5.21e-04	0.00e+00	3.71e-12	1.11e-11	1.86e-11	1.81e-07	3.70e-07	8.90e-35
 5.43945e+15	5.09e-11	6.64e-07	3.31e-04	1.41e-02	9.85e-01	4.76e-04	0.00e+00	4.38e-12	1.31e-11	2.20e-11	2.18e-07	4.45e-07	1.81e-34
 5.58518e+15	5.80e-11	7.60e-07	3.68e-04	1.50e-02	9.84e-01	4.45e-04	0.00e+00	5.00e-12	1.50e-11	2.50e-11	2.50e-07	5.10e-07	3.03e-34
 5.69354e+15	6.25e-11	8.41e-07	3.98e-04	1.57e-02	9.83e-01	4.24e-04	0.00e+00	5.39e-12	1.62e-11	2.70e-11	2.77e-07	5.65e-07	4.48e-34
 5.81267e+15	6.96e-11	9.40e-07	4.33e-04	1.66e-02	9.83e-01	4.01e-04	0.00e+00	6.01e-12	1.80e-11	3.01e-11	3.09e-07	6.31e-07	6.86e-34
 5.96755e+15	8.04e-11	1.08e-06	4.82e-04	1.76e-02	9.82e-01	3.75e-04	0.00e+00	6.95e-12	2.09e-11	3.48e-11	3.56e-07	7.26e-07	1.18e-33
 6.13694e+15	9.14e-11	1.26e-06	5.41e-04	1.89e-02	9.80e-01	3.49e-04	0.00e+00	7.91e-12	2.37e-11	3.96e-11	4.14e-07	8.43e-07	2.07e-33
 6.28924e+15	1.04e-10	1.43e-06	5.97e-04	2.00e-02	9.79e-01	3.28e-04	0.00e+00	9.03e-12	2.71e-11	4.52e-11	4.72e-07	9.60e-07	3.35e-33
 6.45128e+15	1.19e-10	1.64e-06	6.63e-04	2.13e-02	9.78e-01	3.07e-04	0.00e+00	1.03e-11	3.10e-11	5.17e-11	5.42e-07	1.10e-06	5.65e-33
 6.66194e+15	1.42e-10	1.96e-06	7.57e-04	2.30e-02	9.76e-01	2.82e-04	0.00e+00	1.23e-11	3.70e-11	6.17e-11	6.46e-07	1.31e-06	1.09e-32
 6.87263e+15	1.66e-10	2.31e-06	8.59e-04	2.48e-02	9.74e-01	2.60e-04	0.00e+00	1.45e-11	4.34e-11	7.24e-11	7.62e-07	1.55e-06	1.96e-32
 7.03735e+15	1.88e-10	2.62e-06	9.46e-04	2.63e-02	9.73e-01	2.45e-04	0.00e+00	1.64e-11	4.92e-11	8.20e-11	8.65e-07	1.76e-06	3.09e-32
 7.20546e+15	2.15e-10	2.99e-06	1.04e-03	2.78e-02	9.71e-01	2.30e-04	0.00e+00	1.87e-11	5.62e-11	9.38e-11	9.85e-07	2.00e-06	4.98e-32
 7.42400e+15	2.55e-10	3.52e-06	1.18e-03	2.99e-02	9.69e-01	2.12e-04	0.00e+00	2.23e-11	6.69e-11	1.12e-10	1.16e-06	2.36e-06	9.06e-32
 7.65498e+15	3.00e-10	4.16e-06	1.34e-03	3.22e-02	9.66e-01	1.96e-04	0.00e+00	2.62e-11	7.88e-11	1.31e-10	1.37e-06	2.79e-06	1.62e-31
 7.85485e+15	3.45e-10	4.78e-06	1.49e-03	3.43e-02	9.64e-01	1.83e-04	0.00e+00	3.02e-11	9.06e-11	1.51e-10	1.58e-06	3.20e-06	2.64e-31
 8.06739e+15	4.05e-10	5.56e-06	1.67e-03	3.66e-02	9.62e-01	1.71e-04	0.00e+00	3.55e-11	1.06e-10	1.78e-10	1.84e-06	3.72e-06	4.47e-31
 8.34369e+15	4.97e-10	6.73e-06	1.93e-03	3.98e-02	9.58e-01	1.56e-04	0.00e+00	4.36e-11	1.31e-10	2.18e-10	2.22e-06	4.50e-06	8.71e-31
 8.62141e+15	5.95e-10	8.02e-06	2.21e-03	4.30e-02	9.55e-01	1.43e-04	0.00e+00	5.23e-11	1.57e-10	2.62e-10	2.65e-06	5.36e-06	1.57e-30
 8.84670e+15	6.93e-10	9.25e-06	2.46e-03	4.58e-02	9.52e-01	1.33e-04	0.00e+00	6.09e-11	1.83e-10	3.05e-10	3.06e-06	6.19e-06	2.52e-30
 9.08530e+15	8.22e-10	1.08e-05	2.76e-03	4.90e-02	9.48e-01	1.24e-04	0.00e+00	7.24e-11	2.17e-10	3.62e-10	3.57e-06	7.22e-06	4.21e-30
 9.39547e+15	1.01e-09	1.31e-05	3.20e-03	5.33e-02	9.43e-01	1.13e-04	0.00e+00	8.88e-11	2.66e-10	4.45e-10	4.33e-06	8.76e-06	8.03e-30
 9.67452e+15	1.19e-09	1.53e-05	3.61e-03	5.72e-02	9.39e-01	1.05e-04	0.00e+00	1.05e-10	3.15e-10	5.26e-10	5.06e-06	1.02e-05	1.30e-29
 9.86270e+15	1.34e-09	1.70e-05	3.93e-03	6.00e-02	9.36e-01	9.95e-05	0.00e+00	1.19e-10	3.56e-10	5.94e-10	5.64e-06	1.14e-05	1.83e-29
 1.00569e+16	1.52e-09	1.91e-05	4.29e-03	6.31e-02	9.33e-01	9.42e-05	0.00e+00	1.34e-10	4.03e-10	6.72e-10	6.33e-06	1.28e-05	2.65e-29
 1.03094e+16	1.80e-09	2.22e-05	4.80e-03	6.72e-02	9.28e-01	8.78e-05	0.00e+00	1.59e-10	4.77e-10	7.95e-10	7.34e-06	1.48e-05	4.24e-29
 1.05689e+16	2.07e-09	2.55e-05	5.35e-03	7.16e-02	9.23e-01	8.21e-05	0.00e+00	1.84e-10	5.52e-10	9.20e-10	8.43e-06	1.70e-05	6.47e-29
 1.08010e+16	2.41e-09	2.90e-05	5.91e-03	7.57e-02	9.18e-01	7.72e-05	0.00e+00	2.14e-10	6.41e-10	1.07e-09	9.59e-06	1.94e-05	9.56e-29
 1.10661e+16	2.82e-09	3.36e-05	6.62e-03	8.06e-02	9.13e-01	7.21e-05	0.00e+00	2.51e-10	7.52e-10	1.25e-09	1.11e-05	2.24e-05	1.51e-28
 1.13452e+16	3.34e-09	3.88e-05	7.42e-03	8.60e-02	9.06e-01	6.72e-05	0.00e+00	2.97e-10	8.90e-10	1.48e-09	1.29e-05	2.60e-05	2.32e-28
 1.15999e+16	3.86e-09	4.44e-05	8.23e-03	9.11e-02	9.01e-01	6.31e-05	0.00e+00	3.44e-10	1.03e-09	1.72e-09	1.47e-05	2.96e-05	3.43e-28
 1.18885e+16	4.62e-09	5.19e-05	9.30e-03	9.76e-02	8.93e-01	5.86e-05	0.00e+00	4.12e-10	1.24e-09	2.06e-09	1.72e-05	3.47e-05	5.55e-28
