#depth	He	He+	He+2
 1.49634e+10	7.04e-20	4.48e-10	1.00e+00
 4.54887e+10	8.10e-20	4.96e-10	1.00e+00
 7.72350e+10	9.24e-20	5.50e-10	1.00e+00
 1.10251e+11	1.05e-19	6.10e-10	1.00e+00
 1.39603e+11	1.18e-19	6.67e-10	1.00e+00
 1.63307e+11	1.28e-19	7.15e-10	1.00e+00
 1.89030e+11	1.40e-19	7.70e-10	1.00e+00
 2.22469e+11	1.57e-19	8.44e-10	1.00e+00
 2.58157e+11	1.76e-19	9.30e-10	1.00e+00
 2.89578e+11	1.94e-19	1.01e-09	1.00e+00
 3.23236e+11	2.15e-19	1.10e-09	1.00e+00
 3.64069e+11	2.41e-19	1.21e-09	1.00e+00
 4.05213e+11	2.71e-19	1.33e-09	1.00e+00
 4.42623e+11	3.00e-19	1.45e-09	1.00e+00
 4.84195e+11	3.34e-19	1.58e-09	1.00e+00
 5.32809e+11	3.79e-19	1.75e-09	1.00e+00
 5.81299e+11	4.29e-19	1.93e-09	1.00e+00
 6.27760e+11	4.81e-19	2.11e-09	1.00e+00
 6.78828e+11	5.45e-19	2.32e-09	1.00e+00
 7.35908e+11	6.26e-19	2.56e-09	1.00e+00
 7.87421e+11	7.08e-19	2.79e-09	1.00e+00
 8.28277e+11	7.79e-19	2.98e-09	1.00e+00
 8.70695e+11	8.60e-19	3.19e-09	1.00e+00
 9.25838e+11	9.76e-19	3.47e-09	1.00e+00
 9.84494e+11	1.11e-18	3.78e-09	1.00e+00
 1.03588e+12	1.25e-18	4.07e-09	1.00e+00
 1.09084e+12	1.41e-18	4.38e-09	1.00e+00
 1.15931e+12	1.63e-18	4.80e-09	1.00e+00
 1.22890e+12	1.89e-18	5.24e-09	1.00e+00
 1.28995e+12	2.15e-18	5.65e-09	1.00e+00
 1.35633e+12	2.46e-18	6.10e-09	1.00e+00
 1.42989e+12	2.84e-18	6.64e-09	1.00e+00
 1.49808e+12	3.24e-18	7.15e-09	1.00e+00
 1.57204e+12	3.73e-18	7.73e-09	1.00e+00
 1.65430e+12	4.34e-18	8.41e-09	1.00e+00
 1.73107e+12	4.98e-18	9.06e-09	1.00e+00
 1.81456e+12	5.76e-18	9.80e-09	1.00e+00
 1.90746e+12	6.75e-18	1.07e-08	1.00e+00
 1.99434e+12	7.78e-18	1.15e-08	1.00e+00
 2.08907e+12	9.04e-18	1.25e-08	1.00e+00
 2.19487e+12	1.07e-17	1.36e-08	1.00e+00
 2.29448e+12	1.24e-17	1.47e-08	1.00e+00
 2.40342e+12	1.44e-17	1.59e-08	1.00e+00
 2.52545e+12	1.71e-17	1.74e-08	1.00e+00
 2.64114e+12	2.00e-17	1.88e-08	1.00e+00
 2.76526e+12	2.34e-17	2.05e-08	1.00e+00
 2.90579e+12	2.79e-17	2.24e-08	1.00e+00
 3.04472e+12	3.29e-17	2.44e-08	1.00e+00
 3.18920e+12	3.88e-17	2.65e-08	1.00e+00
 3.34669e+12	4.62e-17	2.89e-08	1.00e+00
 3.51049e+12	5.47e-17	3.15e-08	1.00e+00
 3.66554e+12	6.41e-17	3.42e-08	1.00e+00
 3.80459e+12	7.34e-17	3.66e-08	1.00e+00
 3.93424e+12	8.30e-17	3.89e-08	1.00e+00
 4.07717e+12	9.45e-17	4.16e-08	1.00e+00
 4.23818e+12	1.09e-16	4.46e-08	1.00e+00
 4.39238e+12	1.24e-16	4.77e-08	1.00e+00
 4.56251e+12	1.43e-16	5.12e-08	1.00e+00
 4.75173e+12	1.65e-16	5.52e-08	1.00e+00
 4.92585e+12	1.89e-16	5.90e-08	1.00e+00
 5.08761e+12	2.13e-16	6.26e-08	1.00e+00
 5.27321e+12	2.43e-16	6.69e-08	1.00e+00
 5.50064e+12	2.83e-16	7.23e-08	1.00e+00
 5.72765e+12	3.30e-16	7.80e-08	1.00e+00
 5.92438e+12	3.73e-16	8.30e-08	1.00e+00
 6.13655e+12	4.24e-16	8.86e-08	1.00e+00
 6.39657e+12	4.93e-16	9.56e-08	1.00e+00
 6.66246e+12	5.74e-16	1.03e-07	1.00e+00
 6.90178e+12	6.53e-16	1.10e-07	1.00e+00
 7.16290e+12	7.47e-16	1.18e-07	1.00e+00
 7.47166e+12	8.71e-16	1.27e-07	1.00e+00
 7.78086e+12	1.01e-15	1.37e-07	1.00e+00
 8.07108e+12	1.16e-15	1.47e-07	1.00e+00
 8.39250e+12	1.33e-15	1.58e-07	1.00e+00
 8.75813e+12	1.56e-15	1.71e-07	1.00e+00
 9.12229e+12	1.81e-15	1.84e-07	1.00e+00
 9.50102e+12	2.09e-15	1.98e-07	1.00e+00
 9.91099e+12	2.44e-15	2.15e-07	1.00e+00
 1.03374e+13	2.85e-15	2.32e-07	1.00e+00
 1.07808e+13	3.32e-15	2.51e-07	1.00e+00
 1.12110e+13	3.84e-15	2.70e-07	1.00e+00
 1.16171e+13	4.37e-15	2.88e-07	1.00e+00
 1.20004e+13	4.93e-15	3.06e-07	1.00e+00
 1.24176e+13	5.59e-15	3.26e-07	1.00e+00
 1.28833e+13	6.39e-15	3.49e-07	1.00e+00
 1.33244e+13	7.25e-15	3.73e-07	1.00e+00
 1.38104e+13	8.26e-15	3.98e-07	1.00e+00
 1.43564e+13	9.52e-15	4.28e-07	1.00e+00
 1.48781e+13	1.09e-14	4.58e-07	1.00e+00
 1.54459e+13	1.25e-14	4.92e-07	1.00e+00
 1.60780e+13	1.45e-14	5.31e-07	1.00e+00
 1.66929e+13	1.67e-14	5.71e-07	1.00e+00
 1.73480e+13	1.93e-14	6.15e-07	1.00e+00
 1.80123e+13	2.22e-14	6.61e-07	1.00e+00
 1.85987e+13	2.50e-14	7.03e-07	1.00e+00
 1.92354e+13	2.84e-14	7.51e-07	1.00e+00
 2.00021e+13	3.28e-14	8.09e-07	1.00e+00
 2.07638e+13	3.78e-14	8.71e-07	1.00e+00
 2.14442e+13	4.26e-14	9.28e-07	1.00e+00
 2.21929e+13	4.85e-14	9.92e-07	1.00e+00
 2.30833e+13	5.62e-14	1.07e-06	1.00e+00
 2.39659e+13	6.47e-14	1.15e-06	1.00e+00
 2.47727e+13	7.33e-14	1.23e-06	1.00e+00
 2.56733e+13	8.39e-14	1.32e-06	1.00e+00
 2.67210e+13	9.73e-14	1.43e-06	1.00e+00
 2.77498e+13	1.12e-13	1.54e-06	1.00e+00
 2.87203e+13	1.27e-13	1.65e-06	1.00e+00
 2.97994e+13	1.46e-13	1.78e-06	1.00e+00
 3.10213e+13	1.70e-13	1.92e-06	1.00e+00
 3.22434e+13	1.96e-13	2.08e-06	1.00e+00
 3.33856e+13	2.23e-13	2.23e-06	1.00e+00
 3.46222e+13	2.55e-13	2.40e-06	1.00e+00
 3.60370e+13	2.95e-13	2.60e-06	1.00e+00
 3.73721e+13	3.37e-13	2.79e-06	1.00e+00
 3.85755e+13	3.77e-13	2.98e-06	1.00e+00
 3.97128e+13	4.20e-13	3.15e-06	1.00e+00
 4.09726e+13	4.70e-13	3.36e-06	1.00e+00
 4.23762e+13	5.30e-13	3.59e-06	1.00e+00
 4.37014e+13	5.93e-13	3.82e-06	1.00e+00
 4.51588e+13	6.66e-13	4.08e-06	1.00e+00
 4.67883e+13	7.54e-13	4.38e-06	1.00e+00
 4.83293e+13	8.47e-13	4.67e-06	1.00e+00
 5.00207e+13	9.58e-13	5.01e-06	1.00e+00
 5.18897e+13	1.09e-12	5.39e-06	1.00e+00
 5.36187e+13	1.22e-12	5.76e-06	1.00e+00
 5.54958e+13	1.38e-12	6.17e-06	1.00e+00
 5.75889e+13	1.56e-12	6.65e-06	1.00e+00
 5.95517e+13	1.76e-12	7.12e-06	1.00e+00
 6.16919e+13	1.99e-12	7.65e-06	1.00e+00
 6.40709e+13	2.27e-12	8.26e-06	1.00e+00
 6.62979e+13	2.56e-12	8.87e-06	1.00e+00
 6.87177e+13	2.89e-12	9.53e-06	1.00e+00
 7.14184e+13	3.30e-12	1.03e-05	1.00e+00
 7.39797e+13	3.72e-12	1.11e-05	1.00e+00
 7.67213e+13	4.22e-12	1.20e-05	1.00e+00
 7.98201e+13	4.84e-12	1.30e-05	1.00e+00
 8.28676e+13	5.51e-12	1.41e-05	1.00e+00
 8.60370e+13	6.28e-12	1.52e-05	1.00e+00
 8.95084e+13	7.22e-12	1.65e-05	1.00e+00
 9.29309e+13	8.22e-12	1.79e-05	1.00e+00
 9.57626e+13	9.15e-12	1.91e-05	1.00e+00
 9.80273e+13	9.93e-12	2.01e-05	1.00e+00
 1.00525e+14	1.08e-11	2.11e-05	1.00e+00
 1.03771e+14	1.22e-11	2.27e-05	1.00e+00
 1.07258e+14	1.37e-11	2.43e-05	1.00e+00
 1.10360e+14	1.51e-11	2.59e-05	1.00e+00
 1.13696e+14	1.69e-11	2.77e-05	1.00e+00
 1.17908e+14	1.93e-11	3.00e-05	1.00e+00
 1.22174e+14	2.19e-11	3.24e-05	1.00e+00
 1.25823e+14	2.44e-11	3.46e-05	1.00e+00
 1.29754e+14	2.73e-11	3.70e-05	1.00e+00
 1.34630e+14	3.14e-11	4.02e-05	1.00e+00
 1.39603e+14	3.60e-11	4.36e-05	1.00e+00
 1.43986e+14	4.03e-11	4.67e-05	1.00e+00
 1.48737e+14	4.54e-11	5.02e-05	1.00e+00
 1.54465e+14	5.27e-11	5.47e-05	1.00e+00
 1.60147e+14	6.04e-11	5.93e-05	1.00e+00
 1.65218e+14	6.76e-11	6.36e-05	1.00e+00
 1.70810e+14	7.74e-11	6.87e-05	1.00e+00
 1.77466e+14	8.95e-11	7.48e-05	1.00e+00
 1.84079e+14	1.03e-10	8.13e-05	1.00e+00
 1.90150e+14	1.16e-10	8.74e-05	1.00e+00
 1.96938e+14	1.34e-10	9.47e-05	1.00e+00
 2.04805e+14	1.56e-10	1.04e-04	1.00e+00
 2.12539e+14	1.80e-10	1.13e-04	1.00e+00
 2.19934e+14	2.06e-10	1.22e-04	1.00e+00
 2.26409e+14	2.31e-10	1.30e-04	1.00e+00
 2.31747e+14	2.53e-10	1.37e-04	1.00e+00
 2.37621e+14	2.80e-10	1.45e-04	1.00e+00
 2.45256e+14	3.17e-10	1.56e-04	1.00e+00
 2.53303e+14	3.56e-10	1.67e-04	1.00e+00
 2.60260e+14	3.98e-10	1.78e-04	1.00e+00
 2.67680e+14	4.48e-10	1.89e-04	1.00e+00
 2.77326e+14	5.17e-10	2.05e-04	1.00e+00
 2.87252e+14	5.95e-10	2.22e-04	1.00e+00
 2.95501e+14	6.67e-10	2.37e-04	1.00e+00
 3.04186e+14	7.49e-10	2.52e-04	1.00e+00
 3.15291e+14	8.65e-10	2.74e-04	1.00e+00
 3.27007e+14	9.86e-10	2.96e-04	1.00e+00
 3.37478e+14	1.12e-09	3.18e-04	1.00e+00
 3.48866e+14	1.30e-09	3.42e-04	1.00e+00
 3.62424e+14	1.52e-09	3.73e-04	1.00e+00
 3.75806e+14	1.75e-09	4.04e-04	1.00e+00
 3.87946e+14	2.00e-09	4.33e-04	1.00e+00
 4.01467e+14	2.27e-09	4.67e-04	1.00e+00
 4.17307e+14	2.69e-09	5.09e-04	9.99e-01
 4.32934e+14	3.13e-09	5.52e-04	9.99e-01
 4.47634e+14	3.59e-09	5.94e-04	9.99e-01
 4.64016e+14	4.10e-09	6.42e-04	9.99e-01
 4.82607e+14	4.92e-09	7.01e-04	9.99e-01
 5.01028e+14	5.73e-09	7.60e-04	9.99e-01
 5.16186e+14	6.48e-09	8.11e-04	9.99e-01
 5.28042e+14	7.11e-09	8.51e-04	9.99e-01
 5.41016e+14	7.83e-09	8.97e-04	9.99e-01
 5.57883e+14	8.94e-09	9.60e-04	9.99e-01
 5.76130e+14	1.01e-08	1.03e-03	9.99e-01
 5.92570e+14	1.13e-08	1.09e-03	9.99e-01
 6.10339e+14	1.27e-08	1.16e-03	9.99e-01
 6.32805e+14	1.50e-08	1.26e-03	9.99e-01
 6.55453e+14	1.70e-08	1.36e-03	9.99e-01
 6.74642e+14	1.93e-08	1.44e-03	9.99e-01
 6.95256e+14	2.18e-08	1.54e-03	9.98e-01
 7.21060e+14	2.58e-08	1.67e-03	9.98e-01
 7.47624e+14	2.98e-08	1.80e-03	9.98e-01
 7.71081e+14	3.35e-08	1.92e-03	9.98e-01
 7.96487e+14	3.82e-08	2.06e-03	9.98e-01
 8.27079e+14	4.57e-08	2.23e-03	9.98e-01
 8.57357e+14	5.29e-08	2.41e-03	9.98e-01
 8.84493e+14	6.03e-08	2.58e-03	9.97e-01
 9.14596e+14	6.89e-08	2.77e-03	9.97e-01
 9.50258e+14	8.13e-08	3.00e-03	9.97e-01
 9.84184e+14	9.35e-08	3.23e-03	9.97e-01
 1.01358e+15	1.05e-07	3.44e-03	9.97e-01
 1.04604e+15	1.19e-07	3.68e-03	9.96e-01
 1.08569e+15	1.42e-07	3.99e-03	9.96e-01
 1.12039e+15	1.62e-07	4.27e-03	9.96e-01
 1.14514e+15	1.78e-07	4.48e-03	9.96e-01
 1.17123e+15	1.96e-07	4.70e-03	9.95e-01
 1.20515e+15	2.17e-07	4.99e-03	9.95e-01
 1.24882e+15	2.57e-07	5.40e-03	9.95e-01
 1.29062e+15	2.90e-07	5.79e-03	9.94e-01
 1.32352e+15	3.29e-07	6.12e-03	9.94e-01
 1.35941e+15	3.69e-07	6.49e-03	9.94e-01
 1.40605e+15	4.18e-07	6.98e-03	9.93e-01
 1.45643e+15	4.98e-07	7.56e-03	9.92e-01
 1.49923e+15	5.63e-07	8.05e-03	9.92e-01
 1.54241e+15	6.34e-07	8.57e-03	9.91e-01
 1.59817e+15	7.28e-07	9.28e-03	9.91e-01
 1.65595e+15	8.70e-07	1.01e-02	9.90e-01
 1.70403e+15	9.80e-07	1.07e-02	9.89e-01
 1.75386e+15	1.10e-06	1.15e-02	9.89e-01
 1.81768e+15	1.32e-06	1.25e-02	9.88e-01
 1.88054e+15	1.53e-06	1.35e-02	9.87e-01
 1.93090e+15	1.73e-06	1.43e-02	9.86e-01
 1.98416e+15	1.96e-06	1.53e-02	9.85e-01
 2.03878e+15	2.20e-06	1.63e-02	9.84e-01
 2.08428e+15	2.42e-06	1.72e-02	9.83e-01
 2.13258e+15	2.69e-06	1.82e-02	9.82e-01
 2.18690e+15	3.08e-06	1.94e-02	9.81e-01
 2.23501e+15	3.41e-06	2.05e-02	9.80e-01
 2.28353e+15	3.77e-06	2.16e-02	9.78e-01
 2.34660e+15	4.33e-06	2.33e-02	9.77e-01
 2.41550e+15	4.88e-06	2.51e-02	9.75e-01
 2.48026e+15	5.70e-06	2.70e-02	9.73e-01
 2.53955e+15	6.43e-06	2.88e-02	9.71e-01
 2.59505e+15	7.18e-06	3.06e-02	9.69e-01
 2.65877e+15	8.13e-06	3.28e-02	9.67e-01
 2.72733e+15	9.37e-06	3.54e-02	9.65e-01
 2.79181e+15	1.06e-05	3.80e-02	9.62e-01
 2.85391e+15	1.18e-05	4.07e-02	9.59e-01
 2.92328e+15	1.39e-05	4.41e-02	9.56e-01
 2.99865e+15	1.60e-05	4.80e-02	9.52e-01
 3.06704e+15	1.82e-05	5.19e-02	9.48e-01
 3.13059e+15	2.07e-05	5.59e-02	9.44e-01
 3.18979e+15	2.35e-05	6.00e-02	9.40e-01
 3.24404e+15	2.68e-05	6.41e-02	9.36e-01
 3.29264e+15	2.95e-05	6.80e-02	9.32e-01
 3.34379e+15	3.26e-05	7.26e-02	9.27e-01
 3.41029e+15	3.87e-05	7.93e-02	9.21e-01
 3.46691e+15	4.33e-05	8.52e-02	9.15e-01
 3.50284e+15	4.72e-05	8.95e-02	9.10e-01
 3.54170e+15	5.18e-05	9.45e-02	9.05e-01
 3.59222e+15	5.90e-05	1.02e-01	8.98e-01
 3.64185e+15	6.63e-05	1.09e-01	8.91e-01
 3.68056e+15	7.31e-05	1.16e-01	8.84e-01
 3.72113e+15	8.14e-05	1.23e-01	8.77e-01
 3.76555e+15	9.08e-05	1.32e-01	8.68e-01
 3.80730e+15	1.02e-04	1.41e-01	8.59e-01
 3.84447e+15	1.13e-04	1.50e-01	8.50e-01
 3.88334e+15	1.24e-04	1.60e-01	8.40e-01
 3.93387e+15	1.48e-04	1.75e-01	8.24e-01
 3.97787e+15	1.66e-04	1.89e-01	8.11e-01
 4.00767e+15	1.81e-04	2.00e-01	8.00e-01
 4.04071e+15	2.01e-04	2.13e-01	7.87e-01
 4.08366e+15	2.35e-04	2.31e-01	7.68e-01
 4.12288e+15	2.61e-04	2.49e-01	7.51e-01
 4.15726e+15	2.98e-04	2.67e-01	7.32e-01
 4.19156e+15	3.35e-04	2.86e-01	7.14e-01
 4.22001e+15	3.68e-04	3.03e-01	6.97e-01
 4.25124e+15	4.07e-04	3.23e-01	6.77e-01
 4.29184e+15	4.78e-04	3.51e-01	6.48e-01
 4.32910e+15	5.40e-04	3.78e-01	6.22e-01
 4.35175e+15	5.84e-04	3.95e-01	6.05e-01
 4.36771e+15	6.18e-04	4.07e-01	5.92e-01
 4.38527e+15	6.57e-04	4.22e-01	5.77e-01
 4.40810e+15	7.13e-04	4.42e-01	5.57e-01
 4.43240e+15	7.76e-04	4.63e-01	5.36e-01
 4.45347e+15	8.28e-04	4.81e-01	5.18e-01
 4.47575e+15	8.99e-04	5.02e-01	4.97e-01
 4.49836e+15	9.68e-04	5.22e-01	4.77e-01
 4.51786e+15	1.03e-03	5.40e-01	4.59e-01
 4.53970e+15	1.11e-03	5.61e-01	4.38e-01
 4.56381e+15	1.20e-03	5.83e-01	4.15e-01
 4.58596e+15	1.28e-03	6.03e-01	3.96e-01
 4.60624e+15	1.36e-03	6.21e-01	3.77e-01
 4.62904e+15	1.45e-03	6.43e-01	3.56e-01
 4.65416e+15	1.56e-03	6.64e-01	3.34e-01
 4.67694e+15	1.66e-03	6.83e-01	3.15e-01
 4.69770e+15	1.75e-03	7.00e-01	2.98e-01
 4.72117e+15	1.87e-03	7.19e-01	2.79e-01
 4.74715e+15	1.99e-03	7.38e-01	2.60e-01
 4.77086e+15	2.11e-03	7.55e-01	2.43e-01
 4.79275e+15	2.22e-03	7.70e-01	2.28e-01
 4.81780e+15	2.35e-03	7.86e-01	2.12e-01
 4.84518e+15	2.50e-03	8.02e-01	1.95e-01
 4.86997e+15	2.64e-03	8.16e-01	1.82e-01
 4.89292e+15	2.77e-03	8.28e-01	1.70e-01
 4.91914e+15	2.93e-03	8.41e-01	1.56e-01
 4.94794e+15	3.11e-03	8.53e-01	1.44e-01
 4.97407e+15	3.28e-03	8.64e-01	1.33e-01
 4.99830e+15	3.45e-03	8.73e-01	1.24e-01
 5.02607e+15	3.66e-03	8.82e-01	1.14e-01
 5.05679e+15	3.89e-03	8.92e-01	1.04e-01
 5.08497e+15	4.12e-03	9.00e-01	9.62e-02
 5.11110e+15	4.36e-03	9.07e-01	8.91e-02
 5.14097e+15	4.65e-03	9.14e-01	8.17e-02
 5.17396e+15	5.01e-03	9.21e-01	7.44e-02
 5.20493e+15	5.38e-03	9.26e-01	6.83e-02
 5.23910e+15	5.82e-03	9.32e-01	6.22e-02
 5.27524e+15	6.38e-03	9.37e-01	5.64e-02
 5.30567e+15	6.92e-03	9.41e-01	5.21e-02
 5.33230e+15	7.46e-03	9.44e-01	4.86e-02
 5.36229e+15	8.15e-03	9.47e-01	4.48e-02
 5.39548e+15	9.03e-03	9.50e-01	4.12e-02
 5.42518e+15	9.96e-03	9.52e-01	3.84e-02
 5.45123e+15	1.09e-02	9.53e-01	3.60e-02
 5.47425e+15	1.19e-02	9.54e-01	3.41e-02
 5.49400e+15	1.29e-02	9.55e-01	3.26e-02
 5.51550e+15	1.41e-02	9.55e-01	3.09e-02
 5.53835e+15	1.56e-02	9.55e-01	2.94e-02
 5.55746e+15	1.71e-02	9.55e-01	2.81e-02
 5.57326e+15	1.84e-02	9.54e-01	2.73e-02
 5.59029e+15	2.01e-02	9.54e-01	2.62e-02
 5.60901e+15	2.22e-02	9.53e-01	2.52e-02
 5.62562e+15	2.43e-02	9.51e-01	2.44e-02
 5.64001e+15	2.64e-02	9.50e-01	2.38e-02
 5.65343e+15	2.87e-02	9.48e-01	2.32e-02
 5.66850e+15	3.16e-02	9.46e-01	2.26e-02
 5.68512e+15	3.52e-02	9.43e-01	2.20e-02
 5.70014e+15	3.90e-02	9.39e-01	2.15e-02
 5.71338e+15	4.28e-02	9.36e-01	2.12e-02
 5.72794e+15	4.76e-02	9.32e-01	2.08e-02
 5.74410e+15	5.38e-02	9.26e-01	2.05e-02
 5.75885e+15	6.06e-02	9.19e-01	2.02e-02
 5.77205e+15	6.75e-02	9.12e-01	2.01e-02
 5.78512e+15	7.54e-02	9.05e-01	1.99e-02
 5.79830e+15	8.44e-02	8.96e-01	1.99e-02
 5.81040e+15	9.40e-02	8.86e-01	1.98e-02
 5.82103e+15	1.03e-01	8.77e-01	1.98e-02
 5.83068e+15	1.13e-01	8.67e-01	1.98e-02
 5.83992e+15	1.23e-01	8.57e-01	1.98e-02
 5.84719e+15	1.32e-01	8.48e-01	1.99e-02
 5.85185e+15	1.38e-01	8.43e-01	1.99e-02
 5.85611e+15	1.43e-01	8.37e-01	1.99e-02
 5.86114e+15	1.51e-01	8.29e-01	1.99e-02
 5.86668e+15	1.59e-01	8.21e-01	2.00e-02
 5.87208e+15	1.67e-01	8.13e-01	2.00e-02
 5.87715e+15	1.75e-01	8.05e-01	2.01e-02
 5.88215e+15	1.84e-01	7.96e-01	2.01e-02
 5.88727e+15	1.94e-01	7.86e-01	2.01e-02
 5.89234e+15	2.03e-01	7.76e-01	2.01e-02
 5.89736e+15	2.13e-01	7.66e-01	2.02e-02
 5.90244e+15	2.24e-01	7.55e-01	2.01e-02
 5.90749e+15	2.35e-01	7.44e-01	2.02e-02
 5.91251e+15	2.47e-01	7.33e-01	2.02e-02
 5.91753e+15	2.59e-01	7.21e-01	2.02e-02
 5.92259e+15	2.72e-01	7.08e-01	2.02e-02
 5.92771e+15	2.86e-01	6.94e-01	2.01e-02
 5.93269e+15	2.99e-01	6.81e-01	2.01e-02
 5.93765e+15	3.13e-01	6.67e-01	2.00e-02
 5.94274e+15	3.29e-01	6.52e-01	1.99e-02
 5.94784e+15	3.44e-01	6.36e-01	1.98e-02
 5.95291e+15	3.60e-01	6.21e-01	1.97e-02
 5.95803e+15	3.76e-01	6.04e-01	1.96e-02
 5.96324e+15	3.93e-01	5.87e-01	1.94e-02
 5.96845e+15	4.11e-01	5.70e-01	1.92e-02
 5.97366e+15	4.29e-01	5.52e-01	1.90e-02
 5.97898e+15	4.47e-01	5.34e-01	1.88e-02
 5.98439e+15	4.66e-01	5.16e-01	1.85e-02
 5.98980e+15	4.84e-01	4.97e-01	1.83e-02
 5.99517e+15	5.03e-01	4.79e-01	1.79e-02
 6.00056e+15	5.22e-01	4.61e-01	1.76e-02
 6.00601e+15	5.40e-01	4.43e-01	1.73e-02
 6.01153e+15	5.59e-01	4.24e-01	1.69e-02
 6.01715e+15	5.77e-01	4.07e-01	1.65e-02
 6.02286e+15	5.95e-01	3.89e-01	1.60e-02
 6.02869e+15	6.13e-01	3.72e-01	1.56e-02
 6.03472e+15	6.30e-01	3.55e-01	1.51e-02
 6.04101e+15	6.47e-01	3.38e-01	1.46e-02
 6.04757e+15	6.63e-01	3.22e-01	1.41e-02
 6.05439e+15	6.79e-01	3.07e-01	1.36e-02
 6.06157e+15	6.95e-01	2.92e-01	1.31e-02
 6.06931e+15	7.10e-01	2.78e-01	1.25e-02
 6.07772e+15	7.24e-01	2.64e-01	1.19e-02
 6.08698e+15	7.38e-01	2.51e-01	1.14e-02
 6.09721e+15	7.51e-01	2.38e-01	1.08e-02
 6.10856e+15	7.63e-01	2.27e-01	1.02e-02
 6.12020e+15	7.73e-01	2.17e-01	9.71e-03
 6.13149e+15	7.81e-01	2.10e-01	9.28e-03
 6.14354e+15	7.89e-01	2.02e-01	8.83e-03
 6.15664e+15	7.95e-01	1.96e-01	8.43e-03
 6.17070e+15	8.02e-01	1.90e-01	8.01e-03
 6.18543e+15	8.08e-01	1.85e-01	7.62e-03
 6.20042e+15	8.13e-01	1.80e-01	7.27e-03
 6.21620e+15	8.18e-01	1.75e-01	6.91e-03
 6.23227e+15	8.23e-01	1.71e-01	6.58e-03
 6.24805e+15	8.27e-01	1.67e-01	6.27e-03
 6.26386e+15	8.31e-01	1.63e-01	5.98e-03
 6.27973e+15	8.35e-01	1.59e-01	5.70e-03
 6.29549e+15	8.39e-01	1.56e-01	5.45e-03
 6.31136e+15	8.43e-01	1.52e-01	5.19e-03
 6.32681e+15	8.46e-01	1.49e-01	4.98e-03
 6.34175e+15	8.49e-01	1.46e-01	4.76e-03
 6.35677e+15	8.53e-01	1.43e-01	4.56e-03
 6.37149e+15	8.56e-01	1.40e-01	4.37e-03
 6.38576e+15	8.59e-01	1.37e-01	4.19e-03
 6.39971e+15	8.61e-01	1.35e-01	4.03e-03
 6.41338e+15	8.64e-01	1.32e-01	3.87e-03
 6.42687e+15	8.67e-01	1.30e-01	3.73e-03
 6.44029e+15	8.69e-01	1.27e-01	3.59e-03
 6.45357e+15	8.72e-01	1.25e-01	3.45e-03
 6.46665e+15	8.74e-01	1.23e-01	3.33e-03
 6.47950e+15	8.76e-01	1.21e-01	3.21e-03
 6.49216e+15	8.78e-01	1.19e-01	3.10e-03
 6.50465e+15	8.80e-01	1.17e-01	2.99e-03
 6.51699e+15	8.83e-01	1.15e-01	2.89e-03
 6.52917e+15	8.84e-01	1.13e-01	2.79e-03
 6.54119e+15	8.86e-01	1.11e-01	2.70e-03
 6.55307e+15	8.88e-01	1.09e-01	2.61e-03
 6.56477e+15	8.90e-01	1.07e-01	2.53e-03
 6.57632e+15	8.92e-01	1.06e-01	2.45e-03
 6.58779e+15	8.93e-01	1.04e-01	2.37e-03
 6.59920e+15	8.95e-01	1.03e-01	2.30e-03
 6.61051e+15	8.97e-01	1.01e-01	2.23e-03
 6.62171e+15	8.98e-01	9.96e-02	2.16e-03
 6.63283e+15	9.00e-01	9.82e-02	2.09e-03
 6.64388e+15	9.01e-01	9.67e-02	2.03e-03
 6.65489e+15	9.03e-01	9.54e-02	1.97e-03
 6.66585e+15	9.04e-01	9.40e-02	1.91e-03
 6.67678e+15	9.05e-01	9.27e-02	1.86e-03
 6.68771e+15	9.07e-01	9.13e-02	1.80e-03
 6.69873e+15	9.08e-01	9.00e-02	1.75e-03
 6.70996e+15	9.10e-01	8.88e-02	1.70e-03
 6.72150e+15	9.11e-01	8.74e-02	1.64e-03
 6.73313e+15	9.12e-01	8.61e-02	1.59e-03
 6.74475e+15	9.14e-01	8.49e-02	1.54e-03
 6.75656e+15	9.15e-01	8.36e-02	1.50e-03
 6.76875e+15	9.16e-01	8.23e-02	1.45e-03
 6.78137e+15	9.18e-01	8.10e-02	1.40e-03
 6.79466e+15	9.19e-01	7.96e-02	1.35e-03
 6.80871e+15	9.20e-01	7.82e-02	1.30e-03
 6.82357e+15	9.22e-01	7.67e-02	1.25e-03
 6.83966e+15	9.24e-01	7.51e-02	1.20e-03
 6.85725e+15	9.25e-01	7.35e-02	1.14e-03
 6.87733e+15	9.27e-01	7.16e-02	1.08e-03
 6.89821e+15	9.29e-01	6.97e-02	1.02e-03
 6.91721e+15	9.31e-01	6.81e-02	9.72e-04
 6.93450e+15	9.32e-01	6.66e-02	9.28e-04
 6.95024e+15	9.34e-01	6.53e-02	8.89e-04
 6.96456e+15	9.35e-01	6.41e-02	8.56e-04
 6.97759e+15	9.36e-01	6.30e-02	8.25e-04
 6.99187e+15	9.37e-01	6.18e-02	7.94e-04
 7.00728e+15	9.39e-01	6.06e-02	7.62e-04
 7.02131e+15	9.40e-01	5.95e-02	7.32e-04
 7.03408e+15	9.41e-01	5.85e-02	7.08e-04
 7.04807e+15	9.42e-01	5.75e-02	6.81e-04
 7.06317e+15	9.43e-01	5.63e-02	6.53e-04
 7.07691e+15	9.44e-01	5.53e-02	6.28e-04
 7.08942e+15	9.45e-01	5.44e-02	6.06e-04
 7.10079e+15	9.46e-01	5.35e-02	5.87e-04
 7.11115e+15	9.47e-01	5.28e-02	5.70e-04
 7.12250e+15	9.48e-01	5.19e-02	5.50e-04
 7.13475e+15	9.48e-01	5.11e-02	5.32e-04
 7.14590e+15	9.49e-01	5.03e-02	5.15e-04
 7.15604e+15	9.50e-01	4.96e-02	5.00e-04
 7.16716e+15	9.51e-01	4.88e-02	4.83e-04
 7.17916e+15	9.52e-01	4.80e-02	4.67e-04
 7.19008e+15	9.52e-01	4.72e-02	4.52e-04
 7.20002e+15	9.53e-01	4.66e-02	4.39e-04
 7.20906e+15	9.54e-01	4.59e-02	4.27e-04
 7.21898e+15	9.54e-01	4.52e-02	4.13e-04
 7.22967e+15	9.55e-01	4.46e-02	4.01e-04
 7.23941e+15	9.56e-01	4.39e-02	3.89e-04
 7.24827e+15	9.56e-01	4.33e-02	3.78e-04
 7.25798e+15	9.57e-01	4.27e-02	3.66e-04
 7.26846e+15	9.58e-01	4.21e-02	3.55e-04
 7.27800e+15	9.58e-01	4.15e-02	3.45e-04
 7.28668e+15	9.59e-01	4.09e-02	3.36e-04
 7.29619e+15	9.59e-01	4.03e-02	3.25e-04
 7.30646e+15	9.60e-01	3.97e-02	3.16e-04
 7.31580e+15	9.61e-01	3.91e-02	3.07e-04
 7.32430e+15	9.61e-01	3.86e-02	2.98e-04
 7.33362e+15	9.62e-01	3.80e-02	2.89e-04
 7.34368e+15	9.62e-01	3.75e-02	2.81e-04
 7.35283e+15	9.63e-01	3.70e-02	2.73e-04
 7.36116e+15	9.63e-01	3.65e-02	2.66e-04
 7.37029e+15	9.64e-01	3.60e-02	2.58e-04
 7.38014e+15	9.64e-01	3.55e-02	2.51e-04
 7.38911e+15	9.65e-01	3.50e-02	2.44e-04
 7.39727e+15	9.65e-01	3.45e-02	2.38e-04
 7.40621e+15	9.66e-01	3.41e-02	2.31e-04
 7.41587e+15	9.66e-01	3.36e-02	2.25e-04
 7.42465e+15	9.67e-01	3.31e-02	2.19e-04
 7.43265e+15	9.67e-01	3.27e-02	2.13e-04
 7.44141e+15	9.67e-01	3.23e-02	2.07e-04
 7.45279e+15	9.68e-01	3.18e-02	2.01e-04
 7.46509e+15	9.69e-01	3.12e-02	1.94e-04
 7.47627e+15	9.69e-01	3.07e-02	1.88e-04
 7.48646e+15	9.70e-01	3.03e-02	1.82e-04
 7.49572e+15	9.70e-01	2.99e-02	1.77e-04
 7.50587e+15	9.70e-01	2.94e-02	1.72e-04
 7.51683e+15	9.71e-01	2.90e-02	1.67e-04
 7.52680e+15	9.71e-01	2.86e-02	1.62e-04
 7.53773e+15	9.72e-01	2.81e-02	1.57e-04
 7.54953e+15	9.72e-01	2.77e-02	1.52e-04
 7.56027e+15	9.73e-01	2.73e-02	1.48e-04
 7.57004e+15	9.73e-01	2.69e-02	1.44e-04
 7.58075e+15	9.73e-01	2.65e-02	1.39e-04
 7.59230e+15	9.74e-01	2.61e-02	1.35e-04
 7.60282e+15	9.74e-01	2.57e-02	1.31e-04
 7.61435e+15	9.75e-01	2.53e-02	1.27e-04
 7.62679e+15	9.75e-01	2.49e-02	1.23e-04
 7.63811e+15	9.75e-01	2.45e-02	1.20e-04
 7.64842e+15	9.76e-01	2.42e-02	1.16e-04
 7.65971e+15	9.76e-01	2.38e-02	1.13e-04
 7.67190e+15	9.76e-01	2.35e-02	1.10e-04
 7.68299e+15	9.77e-01	2.31e-02	1.06e-04
 7.69515e+15	9.77e-01	2.27e-02	1.03e-04
 7.70827e+15	9.78e-01	2.24e-02	9.97e-05
 7.72021e+15	9.78e-01	2.20e-02	9.65e-05
 7.73330e+15	9.78e-01	2.16e-02	9.32e-05
 7.74742e+15	9.79e-01	2.13e-02	9.00e-05
 7.76028e+15	9.79e-01	2.09e-02	8.72e-05
 7.77198e+15	9.79e-01	2.06e-02	8.47e-05
 7.78479e+15	9.80e-01	2.03e-02	8.19e-05
 7.79863e+15	9.80e-01	2.00e-02	7.95e-05
 7.81123e+15	9.80e-01	1.96e-02	7.69e-05
 7.82503e+15	9.81e-01	1.93e-02	7.43e-05
 7.83993e+15	9.81e-01	1.90e-02	7.17e-05
 7.85348e+15	9.81e-01	1.87e-02	6.95e-05
 7.86834e+15	9.82e-01	1.83e-02	6.69e-05
 7.88438e+15	9.82e-01	1.80e-02	6.46e-05
 7.89897e+15	9.82e-01	1.77e-02	6.24e-05
 7.91497e+15	9.83e-01	1.73e-02	6.00e-05
 7.93223e+15	9.83e-01	1.70e-02	5.78e-05
 7.94794e+15	9.83e-01	1.67e-02	5.57e-05
 7.96224e+15	9.84e-01	1.64e-02	5.40e-05
 7.97791e+15	9.84e-01	1.61e-02	5.20e-05
 7.99482e+15	9.84e-01	1.58e-02	5.02e-05
 8.01022e+15	9.84e-01	1.56e-02	4.85e-05
 8.02708e+15	9.85e-01	1.53e-02	4.67e-05
 8.04529e+15	9.85e-01	1.50e-02	4.49e-05
 8.06186e+15	9.85e-01	1.47e-02	4.34e-05
 8.08002e+15	9.86e-01	1.44e-02	4.16e-05
 8.09962e+15	9.86e-01	1.41e-02	4.00e-05
 8.11746e+15	9.86e-01	1.38e-02	3.85e-05
 8.13701e+15	9.86e-01	1.35e-02	3.69e-05
 8.15811e+15	9.87e-01	1.33e-02	3.54e-05
 8.17731e+15	9.87e-01	1.30e-02	3.40e-05
 8.19835e+15	9.87e-01	1.27e-02	3.25e-05
 8.22107e+15	9.88e-01	1.24e-02	3.11e-05
 8.24174e+15	9.88e-01	1.22e-02	2.99e-05
 8.26440e+15	9.88e-01	1.19e-02	2.85e-05
 8.28885e+15	9.88e-01	1.16e-02	2.72e-05
 8.31111e+15	9.89e-01	1.14e-02	2.61e-05
 8.33136e+15	9.89e-01	1.11e-02	2.51e-05
 8.35355e+15	9.89e-01	1.09e-02	2.40e-05
 8.37751e+15	9.89e-01	1.06e-02	2.29e-05
 8.39931e+15	9.90e-01	1.04e-02	2.20e-05
 8.42320e+15	9.90e-01	1.02e-02	2.10e-05
 8.44900e+15	9.90e-01	9.95e-03	2.01e-05
 8.47247e+15	9.90e-01	9.74e-03	1.92e-05
 8.49818e+15	9.90e-01	9.50e-03	1.83e-05
 8.52595e+15	9.91e-01	9.27e-03	1.74e-05
 8.55122e+15	9.91e-01	9.06e-03	1.67e-05
 8.57890e+15	9.91e-01	8.83e-03	1.59e-05
 8.60879e+15	9.91e-01	8.60e-03	1.51e-05
 8.63599e+15	9.92e-01	8.40e-03	1.44e-05
 8.66580e+15	9.92e-01	8.18e-03	1.36e-05
 8.69798e+15	9.92e-01	7.96e-03	1.29e-05
 8.72726e+15	9.92e-01	7.76e-03	1.23e-05
 8.75935e+15	9.92e-01	7.55e-03	1.16e-05
 8.80106e+15	9.93e-01	7.28e-03	1.08e-05
 8.85025e+15	9.93e-01	6.98e-03	9.95e-06
 8.90108e+15	9.93e-01	6.69e-03	9.17e-06
 8.95183e+15	9.94e-01	6.42e-03	8.45e-06
 9.00414e+15	9.94e-01	6.16e-03	7.77e-06
 9.05887e+15	9.94e-01	5.89e-03	7.13e-06
 9.11566e+15	9.94e-01	5.64e-03	6.53e-06
 9.17421e+15	9.95e-01	5.39e-03	5.97e-06
 9.23473e+15	9.95e-01	5.14e-03	5.45e-06
 9.29744e+15	9.95e-01	4.91e-03	4.96e-06
 9.36210e+15	9.95e-01	4.67e-03	4.51e-06
 9.42806e+15	9.96e-01	4.45e-03	4.10e-06
 9.49428e+15	9.96e-01	4.25e-03	3.73e-06
 9.56133e+15	9.96e-01	4.05e-03	3.39e-06
 9.63049e+15	9.96e-01	3.85e-03	3.07e-06
 9.70130e+15	9.96e-01	3.66e-03	2.78e-06
 9.77313e+15	9.97e-01	3.49e-03	2.52e-06
 9.84603e+15	9.97e-01	3.32e-03	2.28e-06
 9.92025e+15	9.97e-01	3.15e-03	2.06e-06
 9.99589e+15	9.97e-01	2.99e-03	1.87e-06
 1.00729e+16	9.97e-01	2.84e-03	1.68e-06
 1.01513e+16	9.97e-01	2.70e-03	1.52e-06
 1.02310e+16	9.97e-01	2.56e-03	1.37e-06
 1.03124e+16	9.98e-01	2.43e-03	1.23e-06
 1.03953e+16	9.98e-01	2.30e-03	1.11e-06
 1.04797e+16	9.98e-01	2.18e-03	9.97e-07
 1.05656e+16	9.98e-01	2.07e-03	8.95e-07
 1.06532e+16	9.98e-01	1.96e-03	8.03e-07
 1.07427e+16	9.98e-01	1.85e-03	7.19e-07
 1.08339e+16	9.98e-01	1.75e-03	6.43e-07
 1.09269e+16	9.98e-01	1.65e-03	5.74e-07
 1.10219e+16	9.98e-01	1.56e-03	5.12e-07
 1.11188e+16	9.99e-01	1.47e-03	4.56e-07
 1.12179e+16	9.99e-01	1.39e-03	4.05e-07
 1.13191e+16	9.99e-01	1.31e-03	3.59e-07
 1.14225e+16	9.99e-01	1.23e-03	3.18e-07
 1.15284e+16	9.99e-01	1.16e-03	2.81e-07
 1.16369e+16	9.99e-01	1.08e-03	2.48e-07
 1.17480e+16	9.99e-01	1.02e-03	2.19e-07
 1.18619e+16	9.99e-01	9.53e-04	1.92e-07
 1.19788e+16	9.99e-01	8.91e-04	1.68e-07
 1.20989e+16	9.99e-01	8.33e-04	1.47e-07
 1.22224e+16	9.99e-01	7.76e-04	1.28e-07
 1.23494e+16	9.99e-01	7.23e-04	1.11e-07
 1.24796e+16	9.99e-01	6.74e-04	9.64e-08
 1.26116e+16	9.99e-01	6.26e-04	8.33e-08
 1.27485e+16	9.99e-01	5.81e-04	7.18e-08
 1.28933e+16	9.99e-01	5.37e-04	6.13e-08
 1.30445e+16	1.00e+00	4.95e-04	5.21e-08
 1.32007e+16	1.00e+00	4.55e-04	4.40e-08
 1.33629e+16	1.00e+00	4.17e-04	3.70e-08
 1.35326e+16	1.00e+00	3.81e-04	3.09e-08
 1.37106e+16	1.00e+00	3.47e-04	2.56e-08
 1.38977e+16	1.00e+00	3.14e-04	2.11e-08
 1.40952e+16	1.00e+00	2.83e-04	1.71e-08
 1.43050e+16	1.00e+00	2.54e-04	1.38e-08
 1.45276e+16	1.00e+00	2.26e-04	1.10e-08
 1.47677e+16	1.00e+00	2.00e-04	8.57e-09
 1.50266e+16	1.00e+00	1.75e-04	6.60e-09
 1.53034e+16	1.00e+00	1.53e-04	4.99e-09
 1.56118e+16	1.00e+00	1.31e-04	3.66e-09
 1.59591e+16	1.00e+00	1.10e-04	2.59e-09
 1.63464e+16	1.00e+00	9.09e-05	1.78e-09
 1.67876e+16	1.00e+00	7.33e-05	1.16e-09
 1.72819e+16	1.00e+00	5.80e-05	7.26e-10
 1.78010e+16	1.00e+00	4.57e-05	4.51e-10
 1.83204e+16	1.00e+00	3.62e-05	2.83e-10
 1.88367e+16	1.00e+00	2.88e-05	1.79e-10
 1.93580e+16	1.00e+00	2.29e-05	1.14e-10
 1.98893e+16	1.00e+00	1.83e-05	7.25e-11
 2.04306e+16	1.00e+00	1.46e-05	4.62e-11
 2.09830e+16	1.00e+00	1.16e-05	2.94e-11
 2.15484e+16	1.00e+00	9.25e-06	1.87e-11
 2.21271e+16	1.00e+00	7.37e-06	1.19e-11
 2.27184e+16	1.00e+00	5.87e-06	7.57e-12
 2.33212e+16	1.00e+00	4.68e-06	4.83e-12
 2.39285e+16	1.00e+00	3.75e-06	3.10e-12
 2.45250e+16	1.00e+00	3.02e-06	2.02e-12
 2.50948e+16	1.00e+00	2.47e-06	1.36e-12
 2.56411e+16	1.00e+00	2.05e-06	9.31e-13
 2.61732e+16	1.00e+00	1.71e-06	6.49e-13
 2.66919e+16	1.00e+00	1.44e-06	4.59e-13
 2.71963e+16	1.00e+00	1.21e-06	3.30e-13
 2.76826e+16	1.00e+00	1.04e-06	2.41e-13
 2.81493e+16	1.00e+00	8.93e-07	1.79e-13
 2.85974e+16	1.00e+00	7.75e-07	1.35e-13
 2.90284e+16	1.00e+00	6.77e-07	1.03e-13
 2.94428e+16	1.00e+00	5.95e-07	7.99e-14
 2.98401e+16	1.00e+00	5.27e-07	6.27e-14
 3.02204e+16	1.00e+00	4.69e-07	4.99e-14
 3.05836e+16	1.00e+00	4.21e-07	4.01e-14
 3.09305e+16	1.00e+00	3.79e-07	3.27e-14
 3.12621e+16	1.00e+00	3.44e-07	2.69e-14
 3.15792e+16	1.00e+00	3.14e-07	2.24e-14
 3.18821e+16	1.00e+00	2.87e-07	1.88e-14
 3.21711e+16	1.00e+00	2.64e-07	1.59e-14
 3.24469e+16	1.00e+00	2.44e-07	1.36e-14
 3.27101e+16	1.00e+00	2.26e-07	1.17e-14
 3.29616e+16	1.00e+00	2.11e-07	1.02e-14
 3.32018e+16	1.00e+00	1.97e-07	8.89e-15
 3.34313e+16	1.00e+00	1.84e-07	7.82e-15
 3.36505e+16	1.00e+00	1.74e-07	6.93e-15
 3.38600e+16	1.00e+00	1.64e-07	6.17e-15
 3.40603e+16	1.00e+00	1.55e-07	5.53e-15
 3.42521e+16	1.00e+00	1.47e-07	4.98e-15
 3.44361e+16	1.00e+00	1.40e-07	4.50e-15
 3.46124e+16	1.00e+00	1.33e-07	4.09e-15
 3.47816e+16	1.00e+00	1.27e-07	3.73e-15
 3.49444e+16	1.00e+00	1.22e-07	3.42e-15
 3.51012e+16	1.00e+00	1.17e-07	3.14e-15
 3.52524e+16	1.00e+00	1.12e-07	2.90e-15
 3.53984e+16	1.00e+00	1.08e-07	2.68e-15
 3.55398e+16	1.00e+00	1.04e-07	2.49e-15
 3.56770e+16	1.00e+00	9.98e-08	2.31e-15
 3.58106e+16	1.00e+00	9.63e-08	2.15e-15
 3.59409e+16	1.00e+00	9.30e-08	2.01e-15
 3.60684e+16	1.00e+00	8.99e-08	1.88e-15
 3.61937e+16	1.00e+00	8.69e-08	1.76e-15
 3.63175e+16	1.00e+00	8.41e-08	1.65e-15
 3.64402e+16	1.00e+00	8.14e-08	1.55e-15
 3.65625e+16	1.00e+00	7.88e-08	1.45e-15
 3.66851e+16	1.00e+00	7.63e-08	1.36e-15
 3.68091e+16	1.00e+00	7.39e-08	1.27e-15
 3.69352e+16	1.00e+00	7.15e-08	1.19e-15
 3.70650e+16	1.00e+00	6.91e-08	1.12e-15
 3.71998e+16	1.00e+00	6.67e-08	1.04e-15
 3.73416e+16	1.00e+00	6.42e-08	9.66e-16
 3.74929e+16	1.00e+00	6.17e-08	8.93e-16
 3.76570e+16	1.00e+00	5.91e-08	8.20e-16
 3.78387e+16	1.00e+00	5.64e-08	7.47e-16
 3.80447e+16	1.00e+00	5.34e-08	6.71e-16
 3.82846e+16	1.00e+00	5.02e-08	5.93e-16
 3.85734e+16	1.00e+00	4.65e-08	5.10e-16
 3.89350e+16	1.00e+00	4.23e-08	4.23e-16
 3.94011e+16	1.00e+00	3.75e-08	3.33e-16
 4.00072e+16	1.00e+00	3.21e-08	2.45e-16
 4.07950e+16	1.00e+00	2.63e-08	1.65e-16
 4.18192e+16	1.00e+00	2.04e-08	1.00e-16
 4.31507e+16	1.00e+00	1.48e-08	5.29e-17
 4.46851e+16	1.00e+00	1.04e-08	2.63e-17
 4.62487e+16	1.00e+00	7.33e-09	1.32e-17
 4.78120e+16	1.00e+00	5.21e-09	6.72e-18
 4.93752e+16	1.00e+00	3.74e-09	3.49e-18
 5.09382e+16	1.00e+00	2.70e-09	1.84e-18
 5.25009e+16	1.00e+00	1.97e-09	9.88e-19
 5.40633e+16	1.00e+00	1.45e-09	5.38e-19
 5.56255e+16	1.00e+00	1.07e-09	2.98e-19
 5.74219e+16	1.00e+00	7.59e-10	1.51e-19
 5.95699e+16	1.00e+00	5.11e-10	6.90e-20
 6.18573e+16	1.00e+00	3.41e-10	3.11e-20
 6.41667e+16	1.00e+00	2.29e-10	1.43e-20
 6.65522e+16	1.00e+00	1.54e-10	6.55e-21
 6.90137e+16	1.00e+00	1.04e-10	0.00e+00
 7.15476e+16	1.00e+00	6.98e-11	0.00e+00
 7.41919e+16	1.00e+00	4.67e-11	0.00e+00
 7.69138e+16	1.00e+00	3.13e-11	0.00e+00
 7.97156e+16	1.00e+00	2.10e-11	0.00e+00
 8.22765e+16	1.00e+00	1.49e-11	0.00e+00
 8.40817e+16	1.00e+00	1.18e-11	0.00e+00
 8.51161e+16	1.00e+00	1.04e-11	0.00e+00
 8.57066e+16	1.00e+00	9.70e-12	0.00e+00
 8.60609e+16	1.00e+00	9.28e-12	0.00e+00
 8.62939e+16	1.00e+00	9.01e-12	0.00e+00
 8.64854e+16	1.00e+00	8.78e-12	0.00e+00
 8.66830e+16	1.00e+00	8.56e-12	0.00e+00
 8.69070e+16	1.00e+00	8.30e-12	0.00e+00
 8.71283e+16	1.00e+00	8.07e-12	0.00e+00
 8.73071e+16	1.00e+00	7.90e-12	0.00e+00
 8.74685e+16	1.00e+00	7.73e-12	0.00e+00
 8.76396e+16	1.00e+00	7.56e-12	0.00e+00
 8.78039e+16	1.00e+00	7.40e-12	0.00e+00
 8.79493e+16	1.00e+00	7.27e-12	0.00e+00
 8.80790e+16	1.00e+00	7.15e-12	0.00e+00
 8.82009e+16	1.00e+00	7.04e-12	0.00e+00
 8.83205e+16	1.00e+00	6.93e-12	0.00e+00
 8.84444e+16	1.00e+00	6.82e-12	0.00e+00
 8.85621e+16	1.00e+00	6.72e-12	0.00e+00
 8.86646e+16	1.00e+00	6.63e-12	0.00e+00
 8.87563e+16	1.00e+00	6.55e-12	0.00e+00
 8.88493e+16	1.00e+00	6.48e-12	0.00e+00
 8.89460e+16	1.00e+00	6.39e-12	0.00e+00
 8.90382e+16	1.00e+00	6.32e-12	0.00e+00
 8.91232e+16	1.00e+00	6.25e-12	0.00e+00
 8.92028e+16	1.00e+00	6.19e-12	0.00e+00
 8.92806e+16	1.00e+00	6.13e-12	0.00e+00
 8.93576e+16	1.00e+00	6.06e-12	0.00e+00
 8.94336e+16	1.00e+00	6.00e-12	0.00e+00
 8.95085e+16	1.00e+00	5.95e-12	0.00e+00
 8.95824e+16	1.00e+00	5.89e-12	0.00e+00
 8.96513e+16	1.00e+00	5.84e-12	0.00e+00
 8.97147e+16	1.00e+00	5.79e-12	0.00e+00
 8.97807e+16	1.00e+00	5.74e-12	0.00e+00
 8.98572e+16	1.00e+00	5.68e-12	0.00e+00
 8.99341e+16	1.00e+00	5.62e-12	0.00e+00
 8.99977e+16	1.00e+00	5.58e-12	0.00e+00
 9.00503e+16	1.00e+00	5.54e-12	0.00e+00
 9.01060e+16	1.00e+00	5.50e-12	0.00e+00
 9.01764e+16	1.00e+00	5.44e-12	0.00e+00
 9.02510e+16	1.00e+00	5.39e-12	0.00e+00
 9.03113e+16	1.00e+00	5.35e-12	0.00e+00
 9.03678e+16	1.00e+00	5.31e-12	0.00e+00
 9.04407e+16	1.00e+00	5.25e-12	0.00e+00
 9.05234e+16	1.00e+00	5.19e-12	0.00e+00
 9.05961e+16	1.00e+00	5.14e-12	0.00e+00
 9.06590e+16	1.00e+00	5.10e-12	0.00e+00
 9.07239e+16	1.00e+00	5.06e-12	0.00e+00
 9.07997e+16	1.00e+00	5.00e-12	0.00e+00
 9.08853e+16	1.00e+00	4.94e-12	0.00e+00
 9.09631e+16	1.00e+00	4.89e-12	0.00e+00
 9.10339e+16	1.00e+00	4.84e-12	0.00e+00
 9.11139e+16	1.00e+00	4.79e-12	0.00e+00
 9.12073e+16	1.00e+00	4.73e-12	0.00e+00
 9.13003e+16	1.00e+00	4.66e-12	0.00e+00
 9.13763e+16	1.00e+00	4.62e-12	0.00e+00
 9.14502e+16	1.00e+00	4.57e-12	0.00e+00
 9.15453e+16	1.00e+00	4.51e-12	0.00e+00
 9.16564e+16	1.00e+00	4.44e-12	0.00e+00
 9.17598e+16	1.00e+00	4.37e-12	0.00e+00
 9.18470e+16	1.00e+00	4.32e-12	0.00e+00
 9.19322e+16	1.00e+00	4.27e-12	0.00e+00
 9.20327e+16	1.00e+00	4.21e-12	0.00e+00
 9.21495e+16	1.00e+00	4.14e-12	0.00e+00
 9.22665e+16	1.00e+00	4.07e-12	0.00e+00
 9.23762e+16	1.00e+00	4.01e-12	0.00e+00
 9.24818e+16	1.00e+00	3.95e-12	0.00e+00
 9.25907e+16	1.00e+00	3.89e-12	0.00e+00
 9.27096e+16	1.00e+00	3.82e-12	0.00e+00
 9.28395e+16	1.00e+00	3.75e-12	0.00e+00
 9.29745e+16	1.00e+00	3.68e-12	0.00e+00
 9.31053e+16	1.00e+00	3.62e-12	0.00e+00
 9.32355e+16	1.00e+00	3.55e-12	0.00e+00
 9.33737e+16	1.00e+00	3.48e-12	0.00e+00
 9.35199e+16	1.00e+00	3.41e-12	0.00e+00
 9.36723e+16	1.00e+00	3.33e-12	0.00e+00
 9.38277e+16	1.00e+00	3.26e-12	0.00e+00
 9.39839e+16	1.00e+00	3.19e-12	0.00e+00
 9.41434e+16	1.00e+00	3.12e-12	0.00e+00
 9.43114e+16	1.00e+00	3.04e-12	0.00e+00
 9.44932e+16	1.00e+00	2.96e-12	0.00e+00
 9.46797e+16	1.00e+00	2.88e-12	0.00e+00
 9.48596e+16	1.00e+00	2.81e-12	0.00e+00
 9.50389e+16	1.00e+00	2.74e-12	0.00e+00
 9.52377e+16	1.00e+00	2.66e-12	0.00e+00
 9.54570e+16	1.00e+00	2.58e-12	0.00e+00
 9.56770e+16	1.00e+00	2.50e-12	0.00e+00
 9.58854e+16	1.00e+00	2.43e-12	0.00e+00
 9.60908e+16	1.00e+00	2.36e-12	0.00e+00
 9.63175e+16	1.00e+00	2.28e-12	0.00e+00
 9.65698e+16	1.00e+00	2.20e-12	0.00e+00
 9.68274e+16	1.00e+00	2.12e-12	0.00e+00
 9.70712e+16	1.00e+00	2.04e-12	0.00e+00
 9.73123e+16	1.00e+00	1.98e-12	0.00e+00
 9.75745e+16	1.00e+00	1.90e-12	0.00e+00
 9.78627e+16	1.00e+00	1.82e-12	0.00e+00
 9.81602e+16	1.00e+00	1.75e-12	0.00e+00
 9.84521e+16	1.00e+00	1.68e-12	0.00e+00
 9.87395e+16	1.00e+00	1.61e-12	0.00e+00
 9.90489e+16	1.00e+00	1.54e-12	0.00e+00
 9.93852e+16	1.00e+00	1.46e-12	0.00e+00
 9.97201e+16	1.00e+00	1.40e-12	0.00e+00
 1.00049e+17	1.00e+00	1.33e-12	0.00e+00
 1.00388e+17	1.00e+00	1.27e-12	0.00e+00
 1.00753e+17	1.00e+00	1.21e-12	0.00e+00
 1.01140e+17	1.00e+00	1.14e-12	0.00e+00
 1.01534e+17	1.00e+00	1.08e-12	0.00e+00
 1.01936e+17	1.00e+00	1.02e-12	0.00e+00
 1.02348e+17	1.00e+00	9.66e-13	0.00e+00
 1.02770e+17	1.00e+00	9.14e-13	0.00e+00
 1.03223e+17	1.00e+00	8.59e-13	0.00e+00
 1.03711e+17	1.00e+00	8.05e-13	0.00e+00
 1.04208e+17	1.00e+00	7.54e-13	0.00e+00
 1.04707e+17	1.00e+00	7.07e-13	0.00e+00
 1.05228e+17	1.00e+00	6.61e-13	0.00e+00
 1.05785e+17	1.00e+00	6.17e-13	0.00e+00
 1.06358e+17	1.00e+00	5.75e-13	0.00e+00
 1.06897e+17	1.00e+00	5.38e-13	0.00e+00
 1.07376e+17	1.00e+00	5.08e-13	0.00e+00
 1.07819e+17	1.00e+00	4.82e-13	0.00e+00
 1.08266e+17	1.00e+00	4.56e-13	0.00e+00
 1.08743e+17	1.00e+00	4.31e-13	0.00e+00
 1.09245e+17	1.00e+00	4.05e-13	0.00e+00
 1.09742e+17	1.00e+00	3.81e-13	0.00e+00
 1.10193e+17	1.00e+00	3.61e-13	0.00e+00
 1.10574e+17	1.00e+00	3.44e-13	0.00e+00
 1.10897e+17	1.00e+00	3.30e-13	0.00e+00
 1.11189e+17	1.00e+00	3.18e-13	0.00e+00
 1.11468e+17	1.00e+00	3.07e-13	0.00e+00
 1.11734e+17	1.00e+00	2.97e-13	0.00e+00
 1.11981e+17	1.00e+00	2.88e-13	0.00e+00
 1.12210e+17	1.00e+00	2.80e-13	0.00e+00
 1.12423e+17	1.00e+00	2.72e-13	0.00e+00
 1.12629e+17	1.00e+00	2.65e-13	0.00e+00
 1.12829e+17	1.00e+00	2.58e-13	0.00e+00
 1.13023e+17	1.00e+00	2.52e-13	0.00e+00
 1.13209e+17	1.00e+00	2.46e-13	0.00e+00
 1.13388e+17	1.00e+00	2.41e-13	0.00e+00
 1.13562e+17	1.00e+00	2.36e-13	0.00e+00
 1.13733e+17	1.00e+00	2.31e-13	0.00e+00
 1.13900e+17	1.00e+00	2.26e-13	0.00e+00
 1.14064e+17	1.00e+00	2.21e-13	0.00e+00
 1.14224e+17	1.00e+00	2.17e-13	0.00e+00
 1.14382e+17	1.00e+00	2.13e-13	0.00e+00
 1.14537e+17	1.00e+00	2.09e-13	0.00e+00
 1.14689e+17	1.00e+00	2.05e-13	0.00e+00
 1.14840e+17	1.00e+00	2.01e-13	0.00e+00
 1.14988e+17	1.00e+00	1.98e-13	0.00e+00
 1.15135e+17	1.00e+00	1.94e-13	0.00e+00
 1.15280e+17	1.00e+00	1.91e-13	0.00e+00
 1.15447e+17	1.00e+00	1.87e-13	0.00e+00
 1.15663e+17	1.00e+00	1.82e-13	0.00e+00
 1.15943e+17	1.00e+00	1.76e-13	0.00e+00
 1.16309e+17	1.00e+00	1.68e-13	0.00e+00
 1.16783e+17	1.00e+00	1.59e-13	0.00e+00
 1.17370e+17	1.00e+00	1.48e-13	0.00e+00
 1.17994e+17	1.00e+00	1.38e-13	0.00e+00
 1.18558e+17	1.00e+00	1.29e-13	0.00e+00
 1.19054e+17	1.00e+00	1.22e-13	0.00e+00
 1.19534e+17	1.00e+00	1.16e-13	0.00e+00
 1.20049e+17	1.00e+00	1.09e-13	0.00e+00
 1.20607e+17	1.00e+00	1.03e-13	0.00e+00
 1.21181e+17	1.00e+00	9.62e-14	0.00e+00
 1.21745e+17	1.00e+00	9.04e-14	0.00e+00
 1.22304e+17	1.00e+00	8.50e-14	0.00e+00
 1.22883e+17	1.00e+00	7.97e-14	0.00e+00
 1.23507e+17	1.00e+00	7.45e-14	0.00e+00
 1.24184e+17	1.00e+00	6.92e-14	0.00e+00
 1.24914e+17	1.00e+00	6.39e-14	0.00e+00
 1.25709e+17	1.00e+00	5.86e-14	0.00e+00
 1.26609e+17	1.00e+00	5.32e-14	0.00e+00
 1.27691e+17	1.00e+00	4.73e-14	0.00e+00
 1.29064e+17	1.00e+00	4.08e-14	0.00e+00
 1.30849e+17	1.00e+00	3.37e-14	0.00e+00
 1.33171e+17	1.00e+00	2.64e-14	0.00e+00
 1.36188e+17	1.00e+00	1.93e-14	0.00e+00
 1.40111e+17	1.00e+00	1.29e-14	0.00e+00
 1.45174e+17	1.00e+00	7.80e-15	0.00e+00
 1.50981e+17	1.00e+00	4.47e-15	0.00e+00
 1.56636e+17	1.00e+00	2.62e-15	0.00e+00
 1.61710e+17	1.00e+00	1.63e-15	0.00e+00
 1.67183e+17	1.00e+00	9.74e-16	0.00e+00
 1.72134e+17	1.00e+00	6.11e-16	0.00e+00
 1.75104e+17	1.00e+00	4.55e-16	0.00e+00
 1.76886e+17	1.00e+00	3.77e-16	0.00e+00
 1.77955e+17	1.00e+00	3.34e-16	0.00e+00
 1.78596e+17	1.00e+00	3.09e-16	0.00e+00
 1.78981e+17	1.00e+00	2.94e-16	0.00e+00
 1.79212e+17	1.00e+00	2.85e-16	0.00e+00
 1.79363e+17	1.00e+00	2.80e-16	0.00e+00
 1.79503e+17	1.00e+00	2.75e-16	0.00e+00
 1.79678e+17	1.00e+00	2.69e-16	0.00e+00
 1.79906e+17	1.00e+00	2.61e-16	0.00e+00
 1.80164e+17	1.00e+00	2.52e-16	0.00e+00
 1.80391e+17	1.00e+00	2.44e-16	0.00e+00
 1.80563e+17	1.00e+00	2.38e-16	0.00e+00
 1.80709e+17	1.00e+00	2.33e-16	0.00e+00
 1.80868e+17	1.00e+00	2.27e-16	0.00e+00
 1.81069e+17	1.00e+00	2.21e-16	0.00e+00
 1.81295e+17	1.00e+00	2.13e-16	0.00e+00
 1.81501e+17	1.00e+00	2.06e-16	0.00e+00
 1.81662e+17	1.00e+00	2.01e-16	0.00e+00
 1.81799e+17	1.00e+00	1.96e-16	0.00e+00
 1.81944e+17	1.00e+00	1.92e-16	0.00e+00
 1.82122e+17	1.00e+00	1.86e-16	0.00e+00
 1.82324e+17	1.00e+00	1.80e-16	0.00e+00
 1.82512e+17	1.00e+00	1.73e-16	0.00e+00
 1.82664e+17	1.00e+00	1.68e-16	0.00e+00
 1.82793e+17	1.00e+00	1.64e-16	0.00e+00
 1.82928e+17	1.00e+00	1.60e-16	0.00e+00
 1.83091e+17	1.00e+00	1.55e-16	0.00e+00
 1.83274e+17	1.00e+00	1.50e-16	0.00e+00
 1.83447e+17	1.00e+00	1.44e-16	0.00e+00
 1.83590e+17	1.00e+00	1.39e-16	0.00e+00
 1.83714e+17	1.00e+00	1.36e-16	0.00e+00
 1.83843e+17	1.00e+00	1.32e-16	0.00e+00
 1.83996e+17	1.00e+00	1.28e-16	0.00e+00
 1.84168e+17	1.00e+00	1.23e-16	0.00e+00
 1.84331e+17	1.00e+00	1.18e-16	0.00e+00
 1.84469e+17	1.00e+00	1.14e-16	0.00e+00
 1.84590e+17	1.00e+00	1.10e-16	0.00e+00
 1.84716e+17	1.00e+00	1.07e-16	0.00e+00
 1.84864e+17	1.00e+00	1.03e-16	0.00e+00
 1.85030e+17	1.00e+00	9.90e-17	0.00e+00
 1.85190e+17	1.00e+00	9.48e-17	0.00e+00
 1.85327e+17	1.00e+00	9.12e-17	0.00e+00
 1.85448e+17	1.00e+00	8.82e-17	0.00e+00
 1.85573e+17	1.00e+00	8.53e-17	0.00e+00
 1.85718e+17	1.00e+00	8.21e-17	0.00e+00
 1.85883e+17	1.00e+00	7.85e-17	0.00e+00
 1.86046e+17	1.00e+00	7.48e-17	0.00e+00
 1.86186e+17	1.00e+00	7.16e-17	0.00e+00
 1.86310e+17	1.00e+00	6.91e-17	0.00e+00
 1.86436e+17	1.00e+00	6.66e-17	0.00e+00
 1.86582e+17	1.00e+00	6.40e-17	0.00e+00
 1.86750e+17	1.00e+00	6.09e-17	0.00e+00
 1.86919e+17	1.00e+00	5.78e-17	0.00e+00
 1.87068e+17	1.00e+00	5.52e-17	0.00e+00
 1.87198e+17	1.00e+00	5.30e-17	0.00e+00
 1.87331e+17	1.00e+00	5.10e-17	0.00e+00
 1.87484e+17	1.00e+00	4.88e-17	0.00e+00
 1.87660e+17	1.00e+00	4.63e-17	0.00e+00
 1.87838e+17	1.00e+00	4.38e-17	0.00e+00
 1.87998e+17	1.00e+00	4.17e-17	0.00e+00
 1.88143e+17	1.00e+00	3.99e-17	0.00e+00
 1.88291e+17	1.00e+00	3.82e-17	0.00e+00
 1.88459e+17	1.00e+00	3.64e-17	0.00e+00
 1.88649e+17	1.00e+00	3.45e-17	0.00e+00
 1.88844e+17	1.00e+00	3.25e-17	0.00e+00
 1.89024e+17	1.00e+00	3.08e-17	0.00e+00
 1.89193e+17	1.00e+00	2.94e-17	0.00e+00
 1.89367e+17	1.00e+00	2.80e-17	0.00e+00
 1.89564e+17	1.00e+00	2.66e-17	0.00e+00
 1.89786e+17	1.00e+00	2.51e-17	0.00e+00
 1.90014e+17	1.00e+00	2.36e-17	0.00e+00
 1.90231e+17	1.00e+00	2.23e-17	0.00e+00
 1.90440e+17	1.00e+00	2.11e-17	0.00e+00
 1.90661e+17	1.00e+00	2.00e-17	0.00e+00
 1.90912e+17	1.00e+00	1.89e-17	0.00e+00
