#depth	N	N+	N+2	N+3	N+4	N+5	N+6	N+7
 1.49634e+10	0.00e+00	7.45e-31	1.89e-22	1.04e-14	6.09e-08	9.99e-01	8.19e-04	0.00e+00
 4.54887e+10	5.36e-40	1.05e-30	2.48e-22	1.26e-14	6.73e-08	9.99e-01	7.46e-04	2.80e-10
 7.72350e+10	0.00e+00	1.48e-30	3.23e-22	1.52e-14	7.42e-08	9.99e-01	6.73e-04	0.00e+00
 1.10251e+11	1.23e-39	2.07e-30	4.22e-22	1.83e-14	8.20e-08	9.99e-01	6.10e-04	0.00e+00
 1.39603e+11	0.00e+00	2.77e-30	5.29e-22	2.15e-14	8.93e-08	9.99e-01	5.60e-04	0.00e+00
 1.63307e+11	2.30e-39	3.47e-30	6.32e-22	2.44e-14	9.55e-08	9.99e-01	5.24e-04	0.00e+00
 1.89030e+11	0.00e+00	4.40e-30	7.62e-22	2.79e-14	1.02e-07	1.00e+00	4.89e-04	0.00e+00
 2.22469e+11	4.40e-39	5.91e-30	9.62e-22	3.30e-14	1.12e-07	1.00e+00	4.48e-04	0.00e+00
 2.58157e+11	0.00e+00	8.00e-30	1.22e-21	3.91e-14	1.23e-07	1.00e+00	4.08e-04	0.00e+00
 2.89578e+11	8.64e-39	1.03e-29	1.50e-21	4.53e-14	1.33e-07	1.00e+00	3.78e-04	0.00e+00
 3.23236e+11	0.00e+00	1.34e-29	1.85e-21	5.26e-14	1.44e-07	1.00e+00	3.49e-04	0.00e+00
 3.64069e+11	1.72e-38	1.83e-29	2.36e-21	6.28e-14	1.58e-07	1.00e+00	3.17e-04	0.00e+00
 4.05213e+11	0.00e+00	2.45e-29	2.98e-21	7.44e-14	1.74e-07	1.00e+00	2.90e-04	0.00e+00
 4.42623e+11	3.34e-38	3.17e-29	3.66e-21	8.64e-14	1.88e-07	1.00e+00	2.67e-04	0.00e+00
 4.84195e+11	0.00e+00	4.17e-29	4.56e-21	1.01e-13	2.05e-07	1.00e+00	2.45e-04	0.00e+00
 5.32809e+11	6.70e-38	5.67e-29	5.83e-21	1.21e-13	2.26e-07	1.00e+00	2.23e-04	0.00e+00
 5.81299e+11	0.00e+00	7.59e-29	7.37e-21	1.44e-13	2.49e-07	1.00e+00	2.03e-04	0.00e+00
 6.27760e+11	1.31e-37	9.92e-29	9.14e-21	1.68e-13	2.71e-07	1.00e+00	1.87e-04	0.00e+00
 6.78828e+11	0.00e+00	1.32e-28	1.15e-20	1.98e-13	2.96e-07	1.00e+00	1.70e-04	0.00e+00
 7.35908e+11	2.64e-37	1.78e-28	1.46e-20	2.37e-13	3.27e-07	1.00e+00	1.55e-04	0.00e+00
 7.87421e+11	0.00e+00	2.31e-28	1.80e-20	2.76e-13	3.56e-07	1.00e+00	1.42e-04	0.00e+00
 8.28277e+11	4.57e-37	2.82e-28	2.12e-20	3.11e-13	3.79e-07	1.00e+00	1.34e-04	0.00e+00
 8.70695e+11	0.00e+00	3.44e-28	2.49e-20	3.50e-13	4.05e-07	1.00e+00	1.25e-04	0.00e+00
 9.25838e+11	7.88e-37	4.43e-28	3.05e-20	4.06e-13	4.39e-07	1.00e+00	1.16e-04	0.00e+00
 9.84494e+11	0.00e+00	5.74e-28	3.75e-20	4.73e-13	4.78e-07	1.00e+00	1.06e-04	0.00e+00
 1.03588e+12	1.39e-36	7.13e-28	4.47e-20	5.38e-13	5.13e-07	1.00e+00	9.91e-05	0.00e+00
 1.09084e+12	0.00e+00	8.94e-28	5.36e-20	6.14e-13	5.52e-07	1.00e+00	9.21e-05	0.00e+00
 1.15931e+12	2.53e-36	1.17e-27	6.67e-20	7.21e-13	6.02e-07	1.00e+00	8.44e-05	0.00e+00
 1.22890e+12	0.00e+00	1.53e-27	8.26e-20	8.42e-13	6.57e-07	1.00e+00	7.75e-05	0.00e+00
 1.28995e+12	4.53e-36	1.91e-27	9.89e-20	9.61e-13	7.06e-07	1.00e+00	7.21e-05	0.00e+00
 1.35633e+12	0.00e+00	2.42e-27	1.20e-19	1.10e-12	7.62e-07	1.00e+00	6.69e-05	0.00e+00
 1.42989e+12	8.12e-36	3.11e-27	1.46e-19	1.28e-12	8.27e-07	1.00e+00	6.16e-05	0.00e+00
 1.49808e+12	0.00e+00	3.89e-27	1.75e-19	1.46e-12	8.90e-07	1.00e+00	5.73e-05	0.00e+00
 1.57204e+12	1.41e-35	4.93e-27	2.12e-19	1.68e-12	9.60e-07	1.00e+00	5.32e-05	0.00e+00
 1.65430e+12	0.00e+00	6.35e-27	2.60e-19	1.95e-12	1.04e-06	1.00e+00	4.90e-05	0.00e+00
 1.73107e+12	2.52e-35	7.99e-27	3.13e-19	2.22e-12	1.12e-06	1.00e+00	4.55e-05	0.00e+00
 1.81456e+12	0.00e+00	1.02e-26	3.80e-19	2.56e-12	1.21e-06	1.00e+00	4.22e-05	0.00e+00
 1.90746e+12	4.57e-35	1.32e-26	4.67e-19	2.98e-12	1.32e-06	1.00e+00	3.88e-05	0.00e+00
 1.99434e+12	0.00e+00	1.66e-26	5.64e-19	3.41e-12	1.42e-06	1.00e+00	3.61e-05	0.00e+00
 2.08907e+12	8.15e-35	2.13e-26	6.87e-19	3.93e-12	1.53e-06	1.00e+00	3.34e-05	0.00e+00
 2.19487e+12	0.00e+00	2.77e-26	8.50e-19	4.58e-12	1.67e-06	1.00e+00	3.07e-05	0.00e+00
 2.29448e+12	1.50e-34	3.53e-26	1.03e-18	5.26e-12	1.80e-06	1.00e+00	2.84e-05	0.00e+00
 2.40342e+12	2.04e-34	4.56e-26	1.27e-18	6.09e-12	1.95e-06	1.00e+00	2.63e-05	0.00e+00
 2.52545e+12	2.83e-34	6.01e-26	1.58e-18	7.14e-12	2.13e-06	1.00e+00	2.41e-05	0.00e+00
 2.64114e+12	3.84e-34	7.74e-26	1.93e-18	8.24e-12	2.31e-06	1.00e+00	2.23e-05	0.00e+00
 2.76526e+12	5.28e-34	1.01e-25	2.38e-18	9.56e-12	2.50e-06	1.00e+00	2.06e-05	0.00e+00
 2.90579e+12	7.44e-34	1.34e-25	2.99e-18	1.12e-11	2.73e-06	1.00e+00	1.88e-05	0.00e+00
 3.04472e+12	1.04e-33	1.76e-25	3.72e-18	1.31e-11	2.97e-06	1.00e+00	1.73e-05	0.00e+00
 3.18920e+12	1.44e-33	2.32e-25	4.62e-18	1.53e-11	3.23e-06	1.00e+00	1.59e-05	0.00e+00
 3.34669e+12	2.04e-33	3.09e-25	5.81e-18	1.79e-11	3.52e-06	1.00e+00	1.46e-05	0.00e+00
 3.51049e+12	2.92e-33	4.15e-25	7.31e-18	2.11e-11	3.83e-06	1.00e+00	1.34e-05	0.00e+00
 3.66554e+12	4.02e-33	5.40e-25	9.01e-18	2.44e-11	4.15e-06	1.00e+00	1.24e-05	0.00e+00
 3.80459e+12	5.32e-33	6.79e-25	1.08e-17	2.77e-11	4.44e-06	1.00e+00	1.16e-05	0.00e+00
 3.93424e+12	6.85e-33	8.37e-25	1.27e-17	3.10e-11	4.72e-06	1.00e+00	1.09e-05	0.00e+00
 4.07717e+12	9.01e-33	1.05e-24	1.52e-17	3.50e-11	5.04e-06	1.00e+00	1.02e-05	0.00e+00
 4.23818e+12	1.22e-32	1.34e-24	1.84e-17	4.00e-11	5.41e-06	1.00e+00	9.54e-06	0.00e+00
 4.39238e+12	1.61e-32	1.69e-24	2.20e-17	4.53e-11	5.78e-06	1.00e+00	8.93e-06	0.00e+00
 4.56251e+12	2.18e-32	2.16e-24	2.67e-17	5.17e-11	6.19e-06	1.00e+00	8.33e-06	0.00e+00
 4.75173e+12	3.01e-32	2.81e-24	3.28e-17	5.95e-11	6.68e-06	1.00e+00	7.74e-06	0.00e+00
 4.92585e+12	4.01e-32	3.56e-24	3.94e-17	6.76e-11	7.13e-06	1.00e+00	7.24e-06	0.00e+00
 5.08761e+12	5.22e-32	4.41e-24	4.65e-17	7.57e-11	7.57e-06	1.00e+00	6.82e-06	0.00e+00
 5.27321e+12	7.02e-32	5.61e-24	5.59e-17	8.59e-11	8.09e-06	1.00e+00	6.39e-06	0.00e+00
 5.50064e+12	9.99e-32	7.47e-24	6.97e-17	9.97e-11	8.74e-06	1.00e+00	5.92e-06	0.00e+00
 5.72765e+12	1.39e-31	9.79e-24	8.59e-17	1.15e-10	9.43e-06	1.00e+00	5.48e-06	0.00e+00
 5.92438e+12	1.85e-31	1.24e-23	1.03e-16	1.30e-10	1.00e-05	1.00e+00	5.16e-06	0.00e+00
 6.13655e+12	2.50e-31	1.58e-23	1.24e-16	1.47e-10	1.07e-05	1.00e+00	4.83e-06	0.00e+00
 6.39657e+12	3.60e-31	2.11e-23	1.54e-16	1.71e-10	1.15e-05	1.00e+00	4.48e-06	0.00e+00
 6.66246e+12	5.06e-31	2.79e-23	1.91e-16	1.98e-10	1.25e-05	1.00e+00	4.15e-06	0.00e+00
 6.90178e+12	6.92e-31	3.58e-23	2.32e-16	2.25e-10	1.33e-05	1.00e+00	3.89e-06	0.00e+00
 7.16290e+12	9.62e-31	4.67e-23	2.83e-16	2.57e-10	1.42e-05	1.00e+00	3.64e-06	0.00e+00
 7.47166e+12	1.40e-30	6.33e-23	3.56e-16	3.00e-10	1.54e-05	1.00e+00	3.37e-06	0.00e+00
 7.78086e+12	2.00e-30	8.44e-23	4.43e-16	3.48e-10	1.66e-05	1.00e+00	3.12e-06	0.00e+00
 8.07108e+12	2.79e-30	1.10e-22	5.42e-16	3.98e-10	1.77e-05	1.00e+00	2.92e-06	0.00e+00
 8.39250e+12	4.00e-30	1.47e-22	6.72e-16	4.59e-10	1.90e-05	1.00e+00	2.72e-06	0.00e+00
 8.75813e+12	5.85e-30	1.99e-22	8.48e-16	5.37e-10	2.06e-05	1.00e+00	2.51e-06	0.00e+00
 9.12229e+12	8.53e-30	2.69e-22	1.06e-15	6.24e-10	2.22e-05	1.00e+00	2.33e-06	0.00e+00
 9.50102e+12	1.25e-29	3.65e-22	1.33e-15	7.25e-10	2.39e-05	1.00e+00	2.16e-06	0.00e+00
 9.91099e+12	1.84e-29	4.99e-22	1.69e-15	8.49e-10	2.59e-05	1.00e+00	2.00e-06	0.00e+00
 1.03374e+13	2.73e-29	6.82e-22	2.14e-15	9.93e-10	2.80e-05	1.00e+00	1.85e-06	0.00e+00
 1.07808e+13	4.03e-29	9.33e-22	2.70e-15	1.16e-09	3.03e-05	1.00e+00	1.71e-06	0.00e+00
 1.12110e+13	5.81e-29	1.25e-21	3.37e-15	1.34e-09	3.25e-05	1.00e+00	1.59e-06	0.00e+00
 1.16171e+13	8.10e-29	1.63e-21	4.12e-15	1.54e-09	3.48e-05	1.00e+00	1.49e-06	0.00e+00
 1.20004e+13	1.10e-28	2.08e-21	4.94e-15	1.74e-09	3.70e-05	1.00e+00	1.40e-06	0.00e+00
 1.24176e+13	1.51e-28	2.69e-21	6.00e-15	1.97e-09	3.94e-05	1.00e+00	1.31e-06	0.00e+00
 1.28833e+13	2.15e-28	3.56e-21	7.40e-15	2.27e-09	4.22e-05	1.00e+00	1.23e-06	0.00e+00
 1.33244e+13	2.92e-28	4.56e-21	8.95e-15	2.58e-09	4.50e-05	1.00e+00	1.15e-06	0.00e+00
 1.38104e+13	4.12e-28	6.00e-21	1.10e-14	2.95e-09	4.81e-05	1.00e+00	1.08e-06	0.00e+00
 1.43564e+13	5.98e-28	8.08e-21	1.37e-14	3.42e-09	5.17e-05	1.00e+00	1.00e-06	0.00e+00
 1.48781e+13	8.36e-28	1.06e-20	1.68e-14	3.91e-09	5.54e-05	1.00e+00	0.00e+00	0.00e+00
 1.54459e+13	1.18e-27	1.40e-20	2.08e-14	4.51e-09	5.95e-05	1.00e+00	0.00e+00	0.00e+00
 1.60780e+13	1.74e-27	1.91e-20	2.62e-14	5.26e-09	6.41e-05	1.00e+00	0.00e+00	0.00e+00
 1.66929e+13	2.44e-27	2.51e-20	3.24e-14	6.07e-09	6.90e-05	1.00e+00	0.00e+00	0.00e+00
 1.73480e+13	3.53e-27	3.37e-20	4.05e-14	7.04e-09	7.42e-05	1.00e+00	0.00e+00	0.00e+00
 1.80123e+13	5.00e-27	4.46e-20	5.02e-14	8.13e-09	7.98e-05	1.00e+00	0.00e+00	0.00e+00
 1.85987e+13	6.82e-27	5.72e-20	6.04e-14	9.19e-09	8.49e-05	1.00e+00	0.00e+00	0.00e+00
 1.92354e+13	9.24e-27	7.32e-20	7.33e-14	1.05e-08	9.07e-05	1.00e+00	0.00e+00	0.00e+00
 2.00021e+13	1.35e-26	9.91e-20	9.19e-14	1.22e-08	9.77e-05	1.00e+00	0.00e+00	0.00e+00
 2.07638e+13	1.89e-26	1.30e-19	1.14e-13	1.41e-08	1.05e-04	1.00e+00	0.00e+00	0.00e+00
 2.14442e+13	2.55e-26	1.66e-19	1.37e-13	1.59e-08	1.12e-04	1.00e+00	0.00e+00	0.00e+00
 2.21929e+13	3.50e-26	2.15e-19	1.67e-13	1.82e-08	1.20e-04	1.00e+00	0.00e+00	0.00e+00
 2.30833e+13	5.06e-26	2.90e-19	2.10e-13	2.12e-08	1.29e-04	1.00e+00	0.00e+00	0.00e+00
 2.39659e+13	7.14e-26	3.83e-19	2.61e-13	2.45e-08	1.39e-04	1.00e+00	0.00e+00	0.00e+00
 2.47727e+13	9.83e-26	4.95e-19	3.17e-13	2.79e-08	1.49e-04	1.00e+00	0.00e+00	0.00e+00
 2.56733e+13	1.35e-25	6.42e-19	3.89e-13	3.20e-08	1.59e-04	1.00e+00	0.00e+00	0.00e+00
 2.67210e+13	1.98e-25	8.74e-19	4.91e-13	3.74e-08	1.72e-04	1.00e+00	0.00e+00	0.00e+00
 2.77498e+13	2.76e-25	1.15e-18	6.12e-13	4.34e-08	1.86e-04	1.00e+00	0.00e+00	0.00e+00
 2.87203e+13	3.84e-25	1.50e-18	7.47e-13	4.96e-08	1.99e-04	1.00e+00	0.00e+00	0.00e+00
 2.97994e+13	5.31e-25	1.96e-18	9.26e-13	5.73e-08	2.14e-04	1.00e+00	0.00e+00	0.00e+00
 3.10213e+13	7.79e-25	2.67e-18	1.17e-12	6.71e-08	2.32e-04	1.00e+00	0.00e+00	0.00e+00
 3.22434e+13	1.08e-24	3.51e-18	1.46e-12	7.81e-08	2.51e-04	1.00e+00	0.00e+00	0.00e+00
 3.33856e+13	1.49e-24	4.56e-18	1.79e-12	8.94e-08	2.69e-04	1.00e+00	0.00e+00	0.00e+00
 3.46222e+13	2.12e-24	6.05e-18	2.22e-12	1.03e-07	2.89e-04	1.00e+00	0.00e+00	0.00e+00
 3.60370e+13	3.00e-24	8.06e-18	2.80e-12	1.21e-07	3.13e-04	1.00e+00	0.00e+00	0.00e+00
 3.73721e+13	4.25e-24	1.07e-17	3.47e-12	1.39e-07	3.36e-04	1.00e+00	0.00e+00	0.00e+00
 3.85755e+13	5.56e-24	1.34e-17	4.17e-12	1.58e-07	3.58e-04	1.00e+00	0.00e+00	0.00e+00
 3.97128e+13	7.36e-24	1.68e-17	4.95e-12	1.77e-07	3.79e-04	1.00e+00	0.00e+00	0.00e+00
 4.09726e+13	9.61e-24	2.09e-17	5.94e-12	2.00e-07	4.04e-04	1.00e+00	0.00e+00	0.00e+00
 4.23762e+13	1.33e-23	2.72e-17	7.24e-12	2.28e-07	4.32e-04	1.00e+00	0.00e+00	0.00e+00
 4.37014e+13	1.72e-23	3.38e-17	8.67e-12	2.58e-07	4.60e-04	1.00e+00	0.00e+00	0.00e+00
 4.51588e+13	2.32e-23	4.31e-17	1.05e-11	2.93e-07	4.91e-04	1.00e+00	0.00e+00	0.00e+00
 4.67883e+13	3.18e-23	5.59e-17	1.29e-11	3.37e-07	5.27e-04	9.99e-01	0.00e+00	0.00e+00
 4.83293e+13	4.34e-23	7.19e-17	1.57e-11	3.83e-07	5.62e-04	9.99e-01	0.00e+00	0.00e+00
 5.00207e+13	5.79e-23	9.17e-17	1.91e-11	4.39e-07	6.02e-04	9.99e-01	0.00e+00	0.00e+00
 5.18897e+13	8.07e-23	1.21e-16	2.38e-11	5.07e-07	6.48e-04	9.99e-01	0.00e+00	0.00e+00
 5.36187e+13	1.10e-22	1.54e-16	2.88e-11	5.77e-07	6.92e-04	9.99e-01	0.00e+00	0.00e+00
 5.54958e+13	1.49e-22	1.99e-16	3.53e-11	6.61e-07	7.41e-04	9.99e-01	0.00e+00	0.00e+00
 5.75889e+13	2.03e-22	2.58e-16	4.38e-11	7.66e-07	7.99e-04	9.99e-01	0.00e+00	0.00e+00
 5.95517e+13	2.78e-22	3.34e-16	5.34e-11	8.74e-07	8.55e-04	9.99e-01	0.00e+00	0.00e+00
 6.16919e+13	3.71e-22	4.27e-16	6.57e-11	1.01e-06	9.19e-04	9.99e-01	0.00e+00	0.00e+00
 6.40709e+13	5.31e-22	5.70e-16	8.21e-11	1.17e-06	9.91e-04	9.99e-01	0.00e+00	0.00e+00
 6.62979e+13	7.01e-22	7.23e-16	1.00e-10	1.34e-06	1.06e-03	9.99e-01	0.00e+00	0.00e+00
 6.87177e+13	9.62e-22	9.40e-16	1.24e-10	1.54e-06	1.14e-03	9.99e-01	0.00e+00	0.00e+00
 7.14184e+13	1.34e-21	1.24e-15	1.55e-10	1.80e-06	1.24e-03	9.99e-01	0.00e+00	0.00e+00
 7.39797e+13	1.84e-21	1.61e-15	1.91e-10	2.06e-06	1.33e-03	9.99e-01	0.00e+00	0.00e+00
 7.67213e+13	2.46e-21	2.07e-15	2.36e-10	2.39e-06	1.43e-03	9.99e-01	0.00e+00	0.00e+00
 7.98201e+13	3.45e-21	2.75e-15	2.98e-10	2.79e-06	1.56e-03	9.98e-01	0.00e+00	0.00e+00
 8.28676e+13	4.73e-21	3.59e-15	3.71e-10	3.24e-06	1.68e-03	9.98e-01	0.00e+00	0.00e+00
 8.60370e+13	6.62e-21	4.73e-15	4.63e-10	3.76e-06	1.82e-03	9.98e-01	0.00e+00	0.00e+00
 8.95084e+13	9.05e-21	6.20e-15	5.83e-10	4.40e-06	1.97e-03	9.98e-01	0.00e+00	0.00e+00
 9.29309e+13	1.25e-20	8.13e-15	7.25e-10	5.11e-06	2.14e-03	9.98e-01	0.00e+00	0.00e+00
 9.57626e+13	1.58e-20	9.95e-15	8.64e-10	5.76e-06	2.28e-03	9.98e-01	0.00e+00	0.00e+00
 9.80273e+13	1.92e-20	1.17e-14	9.90e-10	6.33e-06	2.39e-03	9.98e-01	0.00e+00	0.00e+00
 1.00525e+14	2.38e-20	1.40e-14	1.15e-09	6.99e-06	2.52e-03	9.97e-01	0.00e+00	0.00e+00
 1.03771e+14	3.05e-20	1.74e-14	1.38e-09	7.94e-06	2.70e-03	9.97e-01	0.00e+00	0.00e+00
 1.07258e+14	3.99e-20	2.19e-14	1.67e-09	9.05e-06	2.90e-03	9.97e-01	0.00e+00	0.00e+00
 1.10360e+14	5.04e-20	2.68e-14	1.98e-09	1.01e-05	3.08e-03	9.97e-01	0.00e+00	0.00e+00
 1.13696e+14	6.35e-20	3.27e-14	2.35e-09	1.14e-05	3.29e-03	9.97e-01	0.00e+00	0.00e+00
 1.17908e+14	8.54e-20	4.22e-14	2.90e-09	1.32e-05	3.56e-03	9.96e-01	0.00e+00	0.00e+00
 1.22174e+14	1.13e-19	5.38e-14	3.57e-09	1.52e-05	3.84e-03	9.96e-01	0.00e+00	0.00e+00
 1.25823e+14	1.43e-19	6.58e-14	4.24e-09	1.71e-05	4.10e-03	9.96e-01	0.00e+00	0.00e+00
 1.29754e+14	1.82e-19	8.12e-14	5.07e-09	1.93e-05	4.38e-03	9.96e-01	0.00e+00	0.00e+00
 1.34630e+14	2.43e-19	1.04e-13	6.29e-09	2.24e-05	4.75e-03	9.95e-01	0.00e+00	0.00e+00
 1.39603e+14	3.24e-19	1.34e-13	7.76e-09	2.59e-05	5.15e-03	9.95e-01	0.00e+00	0.00e+00
 1.43986e+14	4.14e-19	1.66e-13	9.30e-09	2.93e-05	5.51e-03	9.94e-01	0.00e+00	0.00e+00
 1.48737e+14	5.30e-19	2.06e-13	1.12e-08	3.33e-05	5.92e-03	9.94e-01	0.00e+00	0.00e+00
 1.54465e+14	7.12e-19	2.66e-13	1.40e-08	3.88e-05	6.44e-03	9.94e-01	0.00e+00	0.00e+00
 1.60147e+14	9.49e-19	3.42e-13	1.73e-08	4.48e-05	6.98e-03	9.93e-01	0.00e+00	0.00e+00
 1.65218e+14	1.21e-18	4.22e-13	2.08e-08	5.07e-05	7.47e-03	9.92e-01	0.00e+00	0.00e+00
 1.70810e+14	1.58e-18	5.33e-13	2.53e-08	5.78e-05	8.06e-03	9.92e-01	0.00e+00	0.00e+00
 1.77466e+14	2.15e-18	6.95e-13	3.16e-08	6.73e-05	8.76e-03	9.91e-01	0.00e+00	0.00e+00
 1.84079e+14	2.88e-18	8.95e-13	3.92e-08	7.79e-05	9.51e-03	9.90e-01	0.00e+00	0.00e+00
 1.90150e+14	3.68e-18	1.11e-12	4.75e-08	8.86e-05	1.02e-02	9.90e-01	0.00e+00	0.00e+00
 1.96938e+14	4.96e-18	1.43e-12	5.85e-08	1.02e-04	1.10e-02	9.89e-01	0.00e+00	0.00e+00
 2.04805e+14	6.81e-18	1.89e-12	7.38e-08	1.19e-04	1.20e-02	9.88e-01	0.00e+00	0.00e+00
 2.12539e+14	9.22e-18	2.45e-12	9.19e-08	1.38e-04	1.31e-02	9.87e-01	0.00e+00	0.00e+00
 2.19934e+14	1.22e-17	3.12e-12	1.13e-07	1.58e-04	1.41e-02	9.86e-01	0.00e+00	0.00e+00
 2.26409e+14	1.55e-17	3.84e-12	1.34e-07	1.77e-04	1.50e-02	9.85e-01	0.00e+00	0.00e+00
 2.31747e+14	1.88e-17	4.53e-12	1.54e-07	1.94e-04	1.58e-02	9.84e-01	0.00e+00	0.00e+00
 2.37621e+14	2.32e-17	5.42e-12	1.79e-07	2.15e-04	1.67e-02	9.83e-01	0.00e+00	0.00e+00
 2.45256e+14	3.01e-17	6.79e-12	2.16e-07	2.44e-04	1.79e-02	9.82e-01	0.00e+00	0.00e+00
 2.53303e+14	3.88e-17	8.49e-12	2.62e-07	2.77e-04	1.92e-02	9.80e-01	0.00e+00	0.00e+00
 2.60260e+14	4.90e-17	1.03e-11	3.08e-07	3.08e-04	2.04e-02	9.79e-01	0.00e+00	0.00e+00
 2.67680e+14	6.35e-17	1.28e-11	3.64e-07	3.45e-04	2.17e-02	9.78e-01	0.00e+00	0.00e+00
 2.77326e+14	8.65e-17	1.67e-11	4.51e-07	3.97e-04	2.35e-02	9.76e-01	0.00e+00	0.00e+00
 2.87252e+14	1.17e-16	2.15e-11	5.57e-07	4.56e-04	2.54e-02	9.74e-01	0.00e+00	0.00e+00
 2.95501e+14	1.63e-16	2.66e-11	6.61e-07	5.11e-04	2.70e-02	9.73e-01	0.00e+00	0.00e+00
 3.04186e+14	2.11e-16	3.29e-11	7.87e-07	5.73e-04	2.87e-02	9.71e-01	0.00e+00	0.00e+00
 3.15291e+14	2.90e-16	4.29e-11	9.78e-07	6.61e-04	3.10e-02	9.68e-01	0.00e+00	0.00e+00
 3.27007e+14	3.87e-16	5.53e-11	1.22e-06	7.63e-04	3.35e-02	9.66e-01	0.00e+00	0.00e+00
 3.37478e+14	5.16e-16	7.03e-11	1.47e-06	8.65e-04	3.59e-02	9.63e-01	0.00e+00	0.00e+00
 3.48866e+14	7.18e-16	9.15e-11	1.80e-06	9.86e-04	3.85e-02	9.61e-01	0.00e+00	0.00e+00
 3.62424e+14	1.01e-15	1.22e-10	2.27e-06	1.15e-03	4.18e-02	9.57e-01	0.00e+00	0.00e+00
 3.75806e+14	1.41e-15	1.60e-10	2.83e-06	1.32e-03	4.51e-02	9.54e-01	0.00e+00	0.00e+00
 3.87946e+14	1.90e-15	2.04e-10	3.43e-06	1.50e-03	4.82e-02	9.50e-01	0.00e+00	0.00e+00
 4.01467e+14	2.52e-15	2.61e-10	4.22e-06	1.72e-03	5.18e-02	9.46e-01	0.00e+00	0.00e+00
 4.17307e+14	3.72e-15	3.56e-10	5.34e-06	2.00e-03	5.62e-02	9.42e-01	0.00e+00	0.00e+00
 4.32934e+14	5.26e-15	4.72e-10	6.67e-06	2.32e-03	6.06e-02	9.37e-01	0.00e+00	0.00e+00
 4.47634e+14	7.20e-15	6.10e-10	8.16e-06	2.64e-03	6.50e-02	9.32e-01	0.00e+00	0.00e+00
 4.64016e+14	9.77e-15	7.91e-10	1.01e-05	3.04e-03	6.99e-02	9.27e-01	0.00e+00	0.00e+00
 4.82607e+14	1.48e-14	1.09e-09	1.29e-05	3.55e-03	7.58e-02	9.21e-01	0.00e+00	0.00e+00
 5.01028e+14	2.12e-14	1.46e-09	1.62e-05	4.11e-03	8.17e-02	9.14e-01	0.00e+00	0.00e+00
 5.16186e+14	2.81e-14	1.84e-09	1.93e-05	4.62e-03	8.67e-02	9.09e-01	0.00e+00	0.00e+00
 5.28042e+14	3.49e-14	2.20e-09	2.22e-05	5.05e-03	9.07e-02	9.04e-01	0.00e+00	0.00e+00
 5.41016e+14	4.37e-14	2.64e-09	2.56e-05	5.55e-03	9.52e-02	8.99e-01	0.00e+00	0.00e+00
 5.57883e+14	5.90e-14	3.36e-09	3.09e-05	6.25e-03	1.01e-01	8.93e-01	0.00e+00	0.00e+00
 5.76130e+14	7.97e-14	4.30e-09	3.74e-05	7.08e-03	1.08e-01	8.85e-01	0.00e+00	0.00e+00
 5.92570e+14	1.02e-13	5.28e-09	4.42e-05	7.89e-03	1.14e-01	8.78e-01	0.00e+00	0.00e+00
 6.10339e+14	1.35e-13	6.63e-09	5.28e-05	8.83e-03	1.20e-01	8.71e-01	0.00e+00	0.00e+00
 6.32805e+14	1.99e-13	8.96e-09	6.56e-05	1.02e-02	1.29e-01	8.61e-01	0.00e+00	0.00e+00
 6.55453e+14	2.67e-13	1.15e-08	8.06e-05	1.16e-02	1.37e-01	8.51e-01	0.00e+00	0.00e+00
 6.74642e+14	3.55e-13	1.44e-08	9.58e-05	1.29e-02	1.45e-01	8.42e-01	0.00e+00	0.00e+00
 6.95256e+14	4.73e-13	1.82e-08	1.14e-04	1.45e-02	1.53e-01	8.32e-01	0.00e+00	0.00e+00
 7.21060e+14	7.01e-13	2.47e-08	1.42e-04	1.67e-02	1.64e-01	8.19e-01	0.00e+00	0.00e+00
 7.47624e+14	9.81e-13	3.24e-08	1.76e-04	1.91e-02	1.75e-01	8.06e-01	0.00e+00	0.00e+00
 7.71081e+14	1.28e-12	4.06e-08	2.10e-04	2.13e-02	1.84e-01	7.94e-01	0.00e+00	0.00e+00
 7.96487e+14	1.75e-12	5.20e-08	2.54e-04	2.41e-02	1.95e-01	7.81e-01	0.00e+00	0.00e+00
 8.27079e+14	2.63e-12	7.12e-08	3.17e-04	2.77e-02	2.08e-01	7.64e-01	0.00e+00	0.00e+00
 8.57357e+14	3.70e-12	9.38e-08	3.90e-04	3.15e-02	2.20e-01	7.48e-01	0.00e+00	0.00e+00
 8.84493e+14	4.98e-12	1.19e-07	4.66e-04	3.52e-02	2.31e-01	7.33e-01	0.00e+00	0.00e+00
 9.14596e+14	6.79e-12	1.53e-07	5.63e-04	3.96e-02	2.44e-01	7.16e-01	0.00e+00	0.00e+00
 9.50258e+14	9.87e-12	2.06e-07	7.01e-04	4.54e-02	2.58e-01	6.96e-01	0.00e+00	0.00e+00
 9.84184e+14	1.36e-11	2.66e-07	8.53e-04	5.12e-02	2.72e-01	6.76e-01	0.00e+00	0.00e+00
 1.01358e+15	1.75e-11	3.28e-07	1.00e-03	5.66e-02	2.83e-01	6.59e-01	0.00e+00	0.00e+00
 1.04604e+15	2.34e-11	4.14e-07	1.20e-03	6.29e-02	2.96e-01	6.40e-01	0.00e+00	0.00e+00
 1.08569e+15	3.47e-11	5.61e-07	1.47e-03	7.14e-02	3.11e-01	6.16e-01	0.00e+00	0.00e+00
 1.12039e+15	4.64e-11	7.08e-07	1.75e-03	7.91e-02	3.23e-01	5.96e-01	0.00e+00	0.00e+00
 1.14514e+15	5.68e-11	8.33e-07	1.97e-03	8.49e-02	3.32e-01	5.81e-01	0.00e+00	0.00e+00
 1.17123e+15	7.00e-11	9.84e-07	2.23e-03	9.12e-02	3.41e-01	5.66e-01	0.00e+00	0.00e+00
 1.20515e+15	8.78e-11	1.19e-06	2.59e-03	9.97e-02	3.51e-01	5.47e-01	0.00e+00	0.00e+00
 1.24882e+15	1.27e-10	1.58e-06	3.14e-03	1.11e-01	3.65e-01	5.21e-01	0.00e+00	0.00e+00
 1.29062e+15	1.63e-10	1.95e-06	3.71e-03	1.23e-01	3.76e-01	4.98e-01	0.00e+00	0.00e+00
 1.32352e+15	2.14e-10	2.40e-06	4.25e-03	1.33e-01	3.85e-01	4.78e-01	0.00e+00	0.00e+00
 1.35941e+15	2.73e-10	2.91e-06	4.88e-03	1.43e-01	3.94e-01	4.58e-01	0.00e+00	0.00e+00
 1.40605e+15	3.54e-10	3.61e-06	5.77e-03	1.57e-01	4.03e-01	4.34e-01	0.00e+00	0.00e+00
 1.45643e+15	5.08e-10	4.76e-06	6.92e-03	1.74e-01	4.13e-01	4.06e-01	0.00e+00	0.00e+00
 1.49923e+15	6.54e-10	5.81e-06	7.99e-03	1.88e-01	4.20e-01	3.84e-01	0.00e+00	0.00e+00
 1.54241e+15	8.33e-10	7.05e-06	9.17e-03	2.02e-01	4.26e-01	3.63e-01	0.00e+00	0.00e+00
 1.59817e+15	1.10e-09	8.83e-06	1.09e-02	2.21e-01	4.31e-01	3.37e-01	0.00e+00	0.00e+00
 1.65595e+15	1.57e-09	1.16e-05	1.29e-02	2.41e-01	4.36e-01	3.10e-01	0.00e+00	0.00e+00
 1.70403e+15	1.99e-09	1.40e-05	1.48e-02	2.58e-01	4.38e-01	2.90e-01	0.00e+00	0.00e+00
 1.75386e+15	2.48e-09	1.67e-05	1.68e-02	2.75e-01	4.39e-01	2.70e-01	0.00e+00	0.00e+00
 1.81768e+15	3.53e-09	2.19e-05	2.00e-02	2.97e-01	4.39e-01	2.44e-01	0.00e+00	0.00e+00
 1.88054e+15	4.68e-09	2.73e-05	2.32e-02	3.19e-01	4.36e-01	2.22e-01	0.00e+00	0.00e+00
 1.93090e+15	5.86e-09	3.26e-05	2.61e-02	3.36e-01	4.33e-01	2.05e-01	0.00e+00	0.00e+00
 1.98416e+15	7.41e-09	3.90e-05	2.94e-02	3.54e-01	4.29e-01	1.88e-01	0.00e+00	0.00e+00
 2.03878e+15	9.20e-09	4.63e-05	3.30e-02	3.71e-01	4.23e-01	1.73e-01	0.00e+00	0.00e+00
 2.08428e+15	1.08e-08	5.28e-05	3.62e-02	3.86e-01	4.17e-01	1.61e-01	0.00e+00	0.00e+00
 2.13258e+15	1.31e-08	6.12e-05	3.99e-02	4.01e-01	4.11e-01	1.48e-01	0.00e+00	0.00e+00
 2.18690e+15	1.69e-08	7.38e-05	4.46e-02	4.17e-01	4.03e-01	1.35e-01	0.00e+00	0.00e+00
 2.23501e+15	2.02e-08	8.48e-05	4.87e-02	4.31e-01	3.96e-01	1.24e-01	0.00e+00	0.00e+00
 2.28353e+15	2.41e-08	9.71e-05	5.32e-02	4.45e-01	3.87e-01	1.14e-01	0.00e+00	0.00e+00
 2.34660e+15	3.09e-08	1.17e-04	5.96e-02	4.62e-01	3.76e-01	1.02e-01	0.00e+00	0.00e+00
 2.41550e+15	3.75e-08	1.37e-04	6.66e-02	4.79e-01	3.63e-01	9.11e-02	0.00e+00	0.00e+00
 2.48026e+15	4.94e-08	1.67e-04	7.45e-02	4.95e-01	3.50e-01	8.04e-02	0.00e+00	0.00e+00
 2.53955e+15	6.06e-08	1.95e-04	8.17e-02	5.07e-01	3.38e-01	7.22e-02	0.00e+00	0.00e+00
 2.59505e+15	7.29e-08	2.25e-04	8.90e-02	5.19e-01	3.27e-01	6.51e-02	0.00e+00	0.00e+00
 2.65877e+15	8.93e-08	2.62e-04	9.79e-02	5.31e-01	3.13e-01	5.79e-02	0.00e+00	0.00e+00
 2.72733e+15	1.13e-07	3.12e-04	1.08e-01	5.42e-01	2.99e-01	5.06e-02	0.00e+00	0.00e+00
 2.79181e+15	1.38e-07	3.62e-04	1.18e-01	5.52e-01	2.85e-01	4.48e-02	0.00e+00	0.00e+00
 2.85391e+15	1.62e-07	4.12e-04	1.29e-01	5.59e-01	2.72e-01	3.98e-02	0.00e+00	0.00e+00
 2.92328e+15	2.14e-07	5.01e-04	1.42e-01	5.67e-01	2.56e-01	3.42e-02	0.00e+00	0.00e+00
 2.99865e+15	2.66e-07	5.90e-04	1.56e-01	5.73e-01	2.40e-01	2.94e-02	0.00e+00	0.00e+00
 3.06704e+15	3.17e-07	6.76e-04	1.70e-01	5.78e-01	2.26e-01	2.56e-02	0.00e+00	0.00e+00
 3.13059e+15	3.87e-07	7.82e-04	1.84e-01	5.80e-01	2.13e-01	2.23e-02	0.00e+00	0.00e+00
 3.18979e+15	4.67e-07	8.98e-04	1.98e-01	5.81e-01	2.00e-01	1.95e-02	0.00e+00	0.00e+00
 3.24404e+15	5.84e-07	1.05e-03	2.13e-01	5.81e-01	1.89e-01	1.71e-02	0.00e+00	0.00e+00
 3.29264e+15	6.71e-07	1.16e-03	2.25e-01	5.79e-01	1.79e-01	1.53e-02	0.00e+00	0.00e+00
 3.34379e+15	7.66e-07	1.29e-03	2.39e-01	5.77e-01	1.69e-01	1.36e-02	0.00e+00	0.00e+00
 3.41029e+15	1.01e-06	1.56e-03	2.59e-01	5.72e-01	1.55e-01	1.13e-02	0.00e+00	0.00e+00
 3.46691e+15	1.17e-06	1.74e-03	2.76e-01	5.68e-01	1.45e-01	9.89e-03	0.00e+00	0.00e+00
 3.50284e+15	1.33e-06	1.91e-03	2.87e-01	5.63e-01	1.38e-01	8.97e-03	0.00e+00	0.00e+00
 3.54170e+15	1.51e-06	2.10e-03	3.01e-01	5.58e-01	1.31e-01	8.05e-03	0.00e+00	0.00e+00
 3.59222e+15	1.82e-06	2.40e-03	3.19e-01	5.50e-01	1.21e-01	6.92e-03	0.00e+00	0.00e+00
 3.64185e+15	2.15e-06	2.69e-03	3.37e-01	5.42e-01	1.13e-01	6.00e-03	0.00e+00	0.00e+00
 3.68056e+15	2.45e-06	2.96e-03	3.51e-01	5.35e-01	1.06e-01	5.34e-03	0.00e+00	0.00e+00
 3.72113e+15	2.84e-06	3.29e-03	3.68e-01	5.26e-01	9.88e-02	4.68e-03	0.00e+00	0.00e+00
 3.76555e+15	3.28e-06	3.65e-03	3.85e-01	5.16e-01	9.16e-02	4.07e-03	0.00e+00	0.00e+00
 3.80730e+15	3.88e-06	4.11e-03	4.03e-01	5.05e-01	8.46e-02	3.51e-03	0.00e+00	0.00e+00
 3.84447e+15	4.44e-06	4.52e-03	4.19e-01	4.95e-01	7.88e-02	3.08e-03	0.00e+00	0.00e+00
 3.88334e+15	4.91e-06	4.88e-03	4.35e-01	4.84e-01	7.31e-02	2.70e-03	0.00e+00	0.00e+00
 3.93387e+15	6.35e-06	5.82e-03	4.61e-01	4.66e-01	6.50e-02	2.17e-03	0.00e+00	0.00e+00
 3.97787e+15	7.34e-06	6.45e-03	4.80e-01	4.53e-01	5.92e-02	1.84e-03	0.00e+00	0.00e+00
 4.00767e+15	8.08e-06	6.92e-03	4.94e-01	4.43e-01	5.52e-02	1.63e-03	0.00e+00	0.00e+00
 4.04071e+15	9.22e-06	7.60e-03	5.10e-01	4.30e-01	5.08e-02	1.41e-03	0.00e+00	0.00e+00
 4.08366e+15	1.17e-05	8.92e-03	5.33e-01	4.12e-01	4.48e-02	1.13e-03	0.00e+00	0.00e+00
 4.12288e+15	1.30e-05	9.66e-03	5.51e-01	3.98e-01	4.06e-02	9.56e-04	0.00e+00	0.00e+00
 4.15726e+15	1.59e-05	1.11e-02	5.70e-01	3.82e-01	3.63e-02	7.82e-04	0.00e+00	0.00e+00
 4.19156e+15	1.87e-05	1.24e-02	5.88e-01	3.67e-01	3.26e-02	6.48e-04	0.00e+00	0.00e+00
 4.22001e+15	2.11e-05	1.35e-02	6.02e-01	3.55e-01	2.97e-02	5.54e-04	0.00e+00	0.00e+00
 4.25124e+15	2.36e-05	1.46e-02	6.16e-01	3.42e-01	2.68e-02	4.66e-04	0.00e+00	0.00e+00
 4.29184e+15	3.02e-05	1.72e-02	6.38e-01	3.21e-01	2.28e-02	3.52e-04	0.00e+00	0.00e+00
 4.32910e+15	3.55e-05	1.93e-02	6.55e-01	3.05e-01	1.99e-02	2.80e-04	0.00e+00	0.00e+00
 4.35175e+15	3.97e-05	2.08e-02	6.66e-01	2.95e-01	1.82e-02	2.40e-04	0.00e+00	0.00e+00
 4.36771e+15	4.31e-05	2.20e-02	6.73e-01	2.87e-01	1.70e-02	2.15e-04	0.00e+00	0.00e+00
 4.38527e+15	4.70e-05	2.33e-02	6.81e-01	2.79e-01	1.58e-02	1.89e-04	0.00e+00	0.00e+00
 4.40810e+15	5.29e-05	2.53e-02	6.91e-01	2.69e-01	1.43e-02	1.59e-04	0.00e+00	0.00e+00
 4.43240e+15	5.98e-05	2.74e-02	7.02e-01	2.58e-01	1.28e-02	1.33e-04	0.00e+00	0.00e+00
 4.45347e+15	6.51e-05	2.91e-02	7.10e-01	2.49e-01	1.17e-02	1.14e-04	0.00e+00	0.00e+00
 4.47575e+15	7.47e-05	3.19e-02	7.19e-01	2.38e-01	1.04e-02	9.38e-05	0.00e+00	0.00e+00
 4.49836e+15	8.37e-05	3.44e-02	7.27e-01	2.29e-01	9.34e-03	7.82e-05	0.00e+00	0.00e+00
 4.51786e+15	9.26e-05	3.68e-02	7.34e-01	2.20e-01	8.47e-03	6.64e-05	0.00e+00	0.00e+00
 4.53970e+15	1.04e-04	3.98e-02	7.42e-01	2.11e-01	7.54e-03	5.47e-05	0.00e+00	0.00e+00
 4.56381e+15	1.18e-04	4.32e-02	7.49e-01	2.01e-01	6.64e-03	4.43e-05	0.00e+00	0.00e+00
 4.58596e+15	1.32e-04	4.67e-02	7.55e-01	1.92e-01	5.89e-03	3.63e-05	0.00e+00	0.00e+00
 4.60624e+15	1.46e-04	5.00e-02	7.60e-01	1.84e-01	5.27e-03	3.01e-05	0.00e+00	0.00e+00
 4.62904e+15	1.65e-04	5.41e-02	7.66e-01	1.75e-01	4.62e-03	2.42e-05	0.00e+00	0.00e+00
 4.65416e+15	1.88e-04	5.89e-02	7.71e-01	1.66e-01	3.99e-03	1.90e-05	0.00e+00	0.00e+00
 4.67694e+15	2.11e-04	6.36e-02	7.75e-01	1.58e-01	3.49e-03	1.52e-05	0.00e+00	0.00e+00
 4.69770e+15	2.34e-04	6.82e-02	7.78e-01	1.50e-01	3.08e-03	1.24e-05	0.00e+00	0.00e+00
 4.72117e+15	2.65e-04	7.38e-02	7.81e-01	1.42e-01	2.66e-03	9.74e-06	0.00e+00	0.00e+00
 4.74715e+15	3.02e-04	8.04e-02	7.84e-01	1.33e-01	2.26e-03	7.46e-06	0.00e+00	0.00e+00
 4.77086e+15	3.40e-04	8.69e-02	7.85e-01	1.26e-01	1.94e-03	5.83e-06	0.00e+00	0.00e+00
 4.79275e+15	3.80e-04	9.33e-02	7.86e-01	1.19e-01	1.68e-03	4.62e-06	0.00e+00	0.00e+00
 4.81780e+15	4.32e-04	1.01e-01	7.85e-01	1.11e-01	1.42e-03	3.50e-06	0.00e+00	0.00e+00
 4.84518e+15	4.96e-04	1.11e-01	7.84e-01	1.04e-01	1.18e-03	2.60e-06	0.00e+00	0.00e+00
 4.86997e+15	5.62e-04	1.20e-01	7.82e-01	9.68e-02	9.99e-04	1.98e-06	0.00e+00	0.00e+00
 4.89292e+15	6.31e-04	1.29e-01	7.79e-01	9.07e-02	8.50e-04	1.53e-06	0.00e+00	0.00e+00
 4.91914e+15	7.23e-04	1.40e-01	7.74e-01	8.39e-02	7.02e-04	1.12e-06	0.00e+00	0.00e+00
 4.94794e+15	8.36e-04	1.54e-01	7.68e-01	7.69e-02	5.69e-04	8.03e-07	0.00e+00	0.00e+00
 4.97407e+15	9.55e-04	1.67e-01	7.61e-01	7.08e-02	4.69e-04	0.00e+00	0.00e+00	0.00e+00
 4.99830e+15	1.08e-03	1.80e-01	7.53e-01	6.54e-02	3.89e-04	0.00e+00	0.00e+00	0.00e+00
 5.02607e+15	1.25e-03	1.96e-01	7.43e-01	5.94e-02	3.12e-04	0.00e+00	0.00e+00	0.00e+00
 5.05679e+15	1.46e-03	2.16e-01	7.29e-01	5.32e-02	2.44e-04	0.00e+00	0.00e+00	0.00e+00
 5.08497e+15	1.69e-03	2.36e-01	7.14e-01	4.78e-02	1.93e-04	0.00e+00	0.00e+00	0.00e+00
 5.11110e+15	1.94e-03	2.55e-01	6.99e-01	4.32e-02	1.55e-04	0.00e+00	0.00e+00	0.00e+00
 5.14097e+15	2.28e-03	2.81e-01	6.79e-01	3.79e-02	1.19e-04	0.00e+00	0.00e+00	0.00e+00
 5.17396e+15	2.72e-03	3.11e-01	6.54e-01	3.27e-02	8.77e-05	0.00e+00	0.00e+00	0.00e+00
 5.20493e+15	3.22e-03	3.41e-01	6.28e-01	2.82e-02	6.56e-05	0.00e+00	0.00e+00	0.00e+00
 5.23910e+15	3.88e-03	3.78e-01	5.95e-01	2.35e-02	4.63e-05	0.00e+00	0.00e+00	0.00e+00
 5.27524e+15	4.74e-03	4.21e-01	5.56e-01	1.91e-02	3.16e-05	0.00e+00	0.00e+00	0.00e+00
 5.30567e+15	5.63e-03	4.59e-01	5.19e-01	1.58e-02	2.24e-05	0.00e+00	0.00e+00	0.00e+00
 5.33230e+15	6.55e-03	4.95e-01	4.85e-01	1.32e-02	1.64e-05	0.00e+00	0.00e+00	0.00e+00
 5.36229e+15	7.78e-03	5.37e-01	4.45e-01	1.06e-02	1.12e-05	0.00e+00	0.00e+00	0.00e+00
 5.39548e+15	9.43e-03	5.86e-01	3.96e-01	8.03e-03	7.11e-06	0.00e+00	0.00e+00	0.00e+00
 5.42518e+15	1.12e-02	6.31e-01	3.52e-01	6.15e-03	4.63e-06	0.00e+00	0.00e+00	0.00e+00
 5.45123e+15	1.31e-02	6.70e-01	3.12e-01	4.74e-03	3.07e-06	0.00e+00	0.00e+00	0.00e+00
 5.47425e+15	1.50e-02	7.04e-01	2.77e-01	3.69e-03	2.10e-06	0.00e+00	0.00e+00	0.00e+00
 5.49400e+15	1.69e-02	7.32e-01	2.48e-01	2.94e-03	1.49e-06	0.00e+00	0.00e+00	0.00e+00
 5.51550e+15	1.92e-02	7.62e-01	2.17e-01	2.25e-03	9.94e-07	0.00e+00	0.00e+00	0.00e+00
 5.53835e+15	2.21e-02	7.91e-01	1.85e-01	1.66e-03	0.00e+00	0.00e+00	0.00e+00	0.00e+00
 5.55746e+15	2.50e-02	8.14e-01	1.60e-01	1.25e-03	0.00e+00	0.00e+00	0.00e+00	0.00e+00
 5.57326e+15	2.75e-02	8.31e-01	1.41e-01	9.83e-04	0.00e+00	0.00e+00	0.00e+00	0.00e+00
 5.59029e+15	3.07e-02	8.48e-01	1.21e-01	7.42e-04	0.00e+00	0.00e+00	0.00e+00	0.00e+00
 5.60901e+15	3.47e-02	8.63e-01	1.01e-01	5.36e-04	0.00e+00	0.00e+00	0.00e+00	0.00e+00
 5.62562e+15	3.87e-02	8.75e-01	8.56e-02	3.95e-04	0.00e+00	0.00e+00	0.00e+00	0.00e+00
 5.64001e+15	4.27e-02	8.84e-01	7.34e-02	2.99e-04	0.00e+00	0.00e+00	0.00e+00	0.00e+00
 5.65343e+15	4.68e-02	8.90e-01	6.30e-02	2.28e-04	0.00e+00	0.00e+00	0.00e+00	0.00e+00
 5.66850e+15	5.20e-02	8.95e-01	5.26e-02	1.65e-04	0.00e+00	0.00e+00	0.00e+00	0.00e+00
 5.68512e+15	5.86e-02	8.99e-01	4.27e-02	1.14e-04	0.00e+00	0.00e+00	0.00e+00	0.00e+00
 5.70014e+15	6.53e-02	9.00e-01	3.49e-02	8.04e-05	0.00e+00	0.00e+00	0.00e+00	0.00e+00
 5.71338e+15	7.21e-02	8.99e-01	2.90e-02	5.83e-05	0.00e+00	0.00e+00	0.00e+00	0.00e+00
 5.72794e+15	8.05e-02	8.96e-01	2.35e-02	4.03e-05	0.00e+00	0.00e+00	0.00e+00	0.00e+00
 5.74410e+15	9.11e-02	8.91e-01	1.84e-02	2.63e-05	0.00e+00	0.00e+00	0.00e+00	0.00e+00
 5.75885e+15	1.02e-01	8.83e-01	1.45e-02	1.75e-05	0.00e+00	0.00e+00	0.00e+00	0.00e+00
 5.77205e+15	1.14e-01	8.75e-01	1.16e-02	1.20e-05	0.00e+00	0.00e+00	0.00e+00	0.00e+00
 5.78512e+15	1.26e-01	8.65e-01	9.27e-03	8.16e-06	0.00e+00	0.00e+00	0.00e+00	0.00e+00
 5.79830e+15	1.40e-01	8.53e-01	7.34e-03	5.47e-06	0.00e+00	0.00e+00	0.00e+00	0.00e+00
 5.81040e+15	1.54e-01	8.40e-01	5.87e-03	3.75e-06	0.00e+00	0.00e+00	0.00e+00	0.00e+00
 5.82103e+15	1.67e-01	8.28e-01	4.80e-03	2.67e-06	0.00e+00	0.00e+00	0.00e+00	0.00e+00
 5.83068e+15	1.81e-01	8.15e-01	3.98e-03	1.94e-06	0.00e+00	0.00e+00	0.00e+00	0.00e+00
 5.83992e+15	1.94e-01	8.03e-01	3.32e-03	1.42e-06	0.00e+00	0.00e+00	0.00e+00	0.00e+00
 5.84719e+15	2.04e-01	7.93e-01	2.88e-03	1.12e-06	0.00e+00	0.00e+00	0.00e+00	0.00e+00
 5.85185e+15	2.11e-01	7.86e-01	2.63e-03	9.61e-07	0.00e+00	0.00e+00	0.00e+00	0.00e+00
 5.85611e+15	2.18e-01	7.79e-01	2.41e-03	0.00e+00	0.00e+00	0.00e+00	0.00e+00	0.00e+00
 5.86114e+15	2.27e-01	7.71e-01	2.17e-03	0.00e+00	0.00e+00	0.00e+00	0.00e+00	0.00e+00
 5.86668e+15	2.36e-01	7.62e-01	1.93e-03	0.00e+00	0.00e+00	0.00e+00	0.00e+00	0.00e+00
 5.87208e+15	2.45e-01	7.53e-01	1.72e-03	0.00e+00	0.00e+00	0.00e+00	0.00e+00	0.00e+00
 5.87715e+15	2.54e-01	7.44e-01	1.55e-03	0.00e+00	0.00e+00	0.00e+00	0.00e+00	0.00e+00
 5.88215e+15	2.63e-01	7.35e-01	1.39e-03	0.00e+00	0.00e+00	0.00e+00	0.00e+00	0.00e+00
 5.88727e+15	2.72e-01	7.26e-01	1.25e-03	0.00e+00	0.00e+00	0.00e+00	0.00e+00	0.00e+00
 5.89234e+15	2.82e-01	7.17e-01	1.12e-03	0.00e+00	0.00e+00	0.00e+00	0.00e+00	0.00e+00
 5.89736e+15	2.91e-01	7.08e-01	1.00e-03	0.00e+00	0.00e+00	0.00e+00	0.00e+00	0.00e+00
 5.90244e+15	3.01e-01	6.98e-01	8.96e-04	0.00e+00	0.00e+00	0.00e+00	0.00e+00	0.00e+00
 5.90749e+15	3.11e-01	6.88e-01	8.02e-04	0.00e+00	0.00e+00	0.00e+00	0.00e+00	0.00e+00
 5.91251e+15	3.21e-01	6.79e-01	7.17e-04	0.00e+00	0.00e+00	0.00e+00	0.00e+00	0.00e+00
 5.91753e+15	3.31e-01	6.69e-01	6.41e-04	0.00e+00	0.00e+00	0.00e+00	0.00e+00	0.00e+00
 5.92259e+15	3.41e-01	6.59e-01	5.72e-04	0.00e+00	0.00e+00	0.00e+00	0.00e+00	0.00e+00
 5.92771e+15	3.51e-01	6.48e-01	5.09e-04	0.00e+00	0.00e+00	0.00e+00	0.00e+00	0.00e+00
 5.93269e+15	3.62e-01	6.38e-01	4.55e-04	0.00e+00	0.00e+00	0.00e+00	0.00e+00	0.00e+00
 5.93765e+15	3.72e-01	6.28e-01	4.07e-04	0.00e+00	0.00e+00	0.00e+00	0.00e+00	0.00e+00
 5.94274e+15	3.82e-01	6.17e-01	3.62e-04	0.00e+00	0.00e+00	0.00e+00	0.00e+00	0.00e+00
 5.94784e+15	3.93e-01	6.06e-01	3.22e-04	0.00e+00	0.00e+00	0.00e+00	0.00e+00	0.00e+00
 5.95291e+15	4.04e-01	5.96e-01	2.87e-04	0.00e+00	0.00e+00	0.00e+00	0.00e+00	0.00e+00
 5.95803e+15	4.15e-01	5.85e-01	2.55e-04	0.00e+00	0.00e+00	0.00e+00	0.00e+00	0.00e+00
 5.96324e+15	4.25e-01	5.74e-01	2.27e-04	0.00e+00	0.00e+00	0.00e+00	0.00e+00	0.00e+00
 5.96845e+15	4.37e-01	5.63e-01	2.01e-04	0.00e+00	0.00e+00	0.00e+00	0.00e+00	0.00e+00
 5.97366e+15	4.48e-01	5.52e-01	1.79e-04	0.00e+00	0.00e+00	0.00e+00	0.00e+00	0.00e+00
 5.97898e+15	4.60e-01	5.40e-01	1.58e-04	0.00e+00	0.00e+00	0.00e+00	0.00e+00	0.00e+00
 5.98439e+15	4.71e-01	5.29e-01	1.40e-04	0.00e+00	0.00e+00	0.00e+00	0.00e+00	0.00e+00
 5.98980e+15	4.83e-01	5.17e-01	1.24e-04	0.00e+00	0.00e+00	0.00e+00	0.00e+00	0.00e+00
 5.99517e+15	4.95e-01	5.05e-01	1.10e-04	0.00e+00	0.00e+00	0.00e+00	0.00e+00	0.00e+00
 6.00056e+15	5.07e-01	4.93e-01	9.82e-05	0.00e+00	0.00e+00	0.00e+00	0.00e+00	0.00e+00
 6.00601e+15	5.18e-01	4.82e-01	8.74e-05	0.00e+00	0.00e+00	0.00e+00	0.00e+00	0.00e+00
 6.01153e+15	5.30e-01	4.70e-01	7.78e-05	0.00e+00	0.00e+00	0.00e+00	0.00e+00	0.00e+00
 6.01715e+15	5.43e-01	4.57e-01	6.92e-05	0.00e+00	0.00e+00	0.00e+00	0.00e+00	0.00e+00
 6.02286e+15	5.55e-01	4.45e-01	6.17e-05	0.00e+00	0.00e+00	0.00e+00	0.00e+00	0.00e+00
 6.02869e+15	5.68e-01	4.32e-01	5.50e-05	0.00e+00	0.00e+00	0.00e+00	0.00e+00	0.00e+00
 6.03472e+15	5.80e-01	4.20e-01	4.91e-05	0.00e+00	0.00e+00	0.00e+00	0.00e+00	0.00e+00
 6.04101e+15	5.93e-01	4.07e-01	4.38e-05	0.00e+00	0.00e+00	0.00e+00	0.00e+00	0.00e+00
 6.04757e+15	6.07e-01	3.93e-01	3.90e-05	0.00e+00	0.00e+00	0.00e+00	0.00e+00	0.00e+00
 6.05439e+15	6.20e-01	3.79e-01	3.48e-05	0.00e+00	0.00e+00	0.00e+00	0.00e+00	0.00e+00
 6.06157e+15	6.34e-01	3.66e-01	3.11e-05	0.00e+00	0.00e+00	0.00e+00	0.00e+00	0.00e+00
 6.06931e+15	6.48e-01	3.52e-01	2.77e-05	0.00e+00	0.00e+00	0.00e+00	0.00e+00	0.00e+00
 6.07772e+15	6.62e-01	3.38e-01	2.47e-05	0.00e+00	0.00e+00	0.00e+00	0.00e+00	0.00e+00
 6.08698e+15	6.77e-01	3.23e-01	2.20e-05	0.00e+00	0.00e+00	0.00e+00	0.00e+00	0.00e+00
 6.09721e+15	6.91e-01	3.09e-01	1.95e-05	0.00e+00	0.00e+00	0.00e+00	0.00e+00	0.00e+00
 6.10856e+15	7.07e-01	2.93e-01	1.73e-05	0.00e+00	0.00e+00	0.00e+00	0.00e+00	0.00e+00
 6.12020e+15	7.21e-01	2.79e-01	1.55e-05	0.00e+00	0.00e+00	0.00e+00	0.00e+00	0.00e+00
 6.13149e+15	7.34e-01	2.66e-01	1.41e-05	0.00e+00	0.00e+00	0.00e+00	0.00e+00	0.00e+00
 6.14354e+15	7.45e-01	2.55e-01	1.28e-05	0.00e+00	0.00e+00	0.00e+00	0.00e+00	0.00e+00
 6.15664e+15	7.58e-01	2.42e-01	1.16e-05	0.00e+00	0.00e+00	0.00e+00	0.00e+00	0.00e+00
 6.17070e+15	7.69e-01	2.31e-01	1.06e-05	0.00e+00	0.00e+00	0.00e+00	0.00e+00	0.00e+00
 6.18543e+15	7.81e-01	2.19e-01	9.58e-06	0.00e+00	0.00e+00	0.00e+00	0.00e+00	0.00e+00
 6.20042e+15	7.92e-01	2.08e-01	8.68e-06	0.00e+00	0.00e+00	0.00e+00	0.00e+00	0.00e+00
 6.21620e+15	8.02e-01	1.98e-01	7.90e-06	0.00e+00	0.00e+00	0.00e+00	0.00e+00	0.00e+00
 6.23227e+15	8.13e-01	1.87e-01	7.16e-06	0.00e+00	0.00e+00	0.00e+00	0.00e+00	0.00e+00
 6.24805e+15	8.23e-01	1.77e-01	6.51e-06	0.00e+00	0.00e+00	0.00e+00	0.00e+00	0.00e+00
 6.26386e+15	8.33e-01	1.67e-01	5.92e-06	0.00e+00	0.00e+00	0.00e+00	0.00e+00	0.00e+00
 6.27973e+15	8.42e-01	1.58e-01	5.37e-06	0.00e+00	0.00e+00	0.00e+00	0.00e+00	0.00e+00
 6.29549e+15	8.51e-01	1.49e-01	4.86e-06	0.00e+00	0.00e+00	0.00e+00	0.00e+00	0.00e+00
 6.31136e+15	8.59e-01	1.41e-01	4.43e-06	0.00e+00	0.00e+00	0.00e+00	0.00e+00	0.00e+00
 6.32681e+15	8.68e-01	1.32e-01	4.01e-06	0.00e+00	0.00e+00	0.00e+00	0.00e+00	0.00e+00
 6.34175e+15	8.75e-01	1.25e-01	3.65e-06	0.00e+00	0.00e+00	0.00e+00	0.00e+00	0.00e+00
 6.35677e+15	8.82e-01	1.17e-01	3.32e-06	0.00e+00	0.00e+00	0.00e+00	0.00e+00	0.00e+00
 6.37149e+15	8.89e-01	1.11e-01	3.03e-06	0.00e+00	0.00e+00	0.00e+00	0.00e+00	0.00e+00
 6.38576e+15	8.96e-01	1.04e-01	2.77e-06	0.00e+00	0.00e+00	0.00e+00	0.00e+00	0.00e+00
 6.39971e+15	9.01e-01	9.86e-02	2.53e-06	0.00e+00	0.00e+00	0.00e+00	0.00e+00	0.00e+00
 6.41338e+15	9.07e-01	9.31e-02	2.32e-06	0.00e+00	0.00e+00	0.00e+00	0.00e+00	0.00e+00
 6.42687e+15	9.12e-01	8.78e-02	2.12e-06	0.00e+00	0.00e+00	0.00e+00	0.00e+00	0.00e+00
 6.44029e+15	9.17e-01	8.28e-02	1.94e-06	0.00e+00	0.00e+00	0.00e+00	0.00e+00	0.00e+00
 6.45357e+15	9.22e-01	7.81e-02	1.78e-06	0.00e+00	0.00e+00	0.00e+00	0.00e+00	0.00e+00
 6.46665e+15	9.26e-01	7.36e-02	1.63e-06	0.00e+00	0.00e+00	0.00e+00	0.00e+00	0.00e+00
 6.47950e+15	9.31e-01	6.95e-02	1.49e-06	0.00e+00	0.00e+00	0.00e+00	0.00e+00	0.00e+00
 6.49216e+15	9.34e-01	6.56e-02	1.37e-06	0.00e+00	0.00e+00	0.00e+00	0.00e+00	0.00e+00
 6.50465e+15	9.38e-01	6.19e-02	1.26e-06	0.00e+00	0.00e+00	0.00e+00	0.00e+00	0.00e+00
 6.51699e+15	9.42e-01	5.85e-02	1.16e-06	0.00e+00	0.00e+00	0.00e+00	0.00e+00	0.00e+00
 6.52917e+15	9.45e-01	5.52e-02	1.07e-06	0.00e+00	0.00e+00	0.00e+00	0.00e+00	0.00e+00
 6.54119e+15	9.48e-01	5.22e-02	9.87e-07	0.00e+00	0.00e+00	0.00e+00	0.00e+00	0.00e+00
 6.55307e+15	9.51e-01	4.94e-02	9.12e-07	0.00e+00	0.00e+00	0.00e+00	0.00e+00	0.00e+00
 6.56477e+15	9.53e-01	4.68e-02	8.43e-07	0.00e+00	0.00e+00	0.00e+00	0.00e+00	0.00e+00
 6.57632e+15	9.56e-01	4.43e-02	7.80e-07	0.00e+00	0.00e+00	0.00e+00	0.00e+00	0.00e+00
 6.58779e+15	9.58e-01	4.20e-02	7.22e-07	0.00e+00	0.00e+00	0.00e+00	0.00e+00	0.00e+00
 6.59920e+15	9.60e-01	3.98e-02	6.69e-07	0.00e+00	0.00e+00	0.00e+00	0.00e+00	0.00e+00
 6.61051e+15	9.62e-01	3.77e-02	6.20e-07	0.00e+00	0.00e+00	0.00e+00	0.00e+00	0.00e+00
 6.62171e+15	9.64e-01	3.58e-02	5.75e-07	0.00e+00	0.00e+00	0.00e+00	0.00e+00	0.00e+00
 6.63283e+15	9.66e-01	3.40e-02	5.34e-07	0.00e+00	0.00e+00	0.00e+00	0.00e+00	0.00e+00
 6.64388e+15	9.68e-01	3.23e-02	4.97e-07	0.00e+00	0.00e+00	0.00e+00	0.00e+00	0.00e+00
 6.65489e+15	9.69e-01	3.07e-02	4.62e-07	0.00e+00	0.00e+00	0.00e+00	0.00e+00	0.00e+00
 6.66585e+15	9.71e-01	2.92e-02	4.30e-07	0.00e+00	0.00e+00	0.00e+00	0.00e+00	0.00e+00
 6.67678e+15	9.72e-01	2.77e-02	4.00e-07	0.00e+00	0.00e+00	0.00e+00	0.00e+00	0.00e+00
 6.68771e+15	9.74e-01	2.64e-02	3.73e-07	0.00e+00	0.00e+00	0.00e+00	0.00e+00	0.00e+00
 6.69873e+15	9.75e-01	2.51e-02	3.47e-07	0.00e+00	0.00e+00	0.00e+00	0.00e+00	0.00e+00
 6.70996e+15	9.76e-01	2.38e-02	3.23e-07	0.00e+00	0.00e+00	0.00e+00	0.00e+00	0.00e+00
 6.72150e+15	9.77e-01	2.26e-02	3.00e-07	0.00e+00	0.00e+00	0.00e+00	0.00e+00	0.00e+00
 6.73313e+15	9.79e-01	2.15e-02	2.79e-07	0.00e+00	0.00e+00	0.00e+00	0.00e+00	0.00e+00
 6.74475e+15	9.80e-01	2.04e-02	2.60e-07	0.00e+00	0.00e+00	0.00e+00	0.00e+00	0.00e+00
 6.75656e+15	9.81e-01	1.94e-02	2.41e-07	0.00e+00	0.00e+00	0.00e+00	0.00e+00	0.00e+00
 6.76875e+15	9.82e-01	1.84e-02	2.24e-07	0.00e+00	0.00e+00	0.00e+00	0.00e+00	0.00e+00
 6.78137e+15	9.83e-01	1.75e-02	2.07e-07	0.00e+00	0.00e+00	0.00e+00	0.00e+00	0.00e+00
 6.79466e+15	9.83e-01	1.65e-02	1.92e-07	0.00e+00	0.00e+00	0.00e+00	0.00e+00	0.00e+00
 6.80871e+15	9.84e-01	1.56e-02	1.76e-07	0.00e+00	0.00e+00	0.00e+00	0.00e+00	0.00e+00
 6.82357e+15	9.85e-01	1.47e-02	1.62e-07	0.00e+00	0.00e+00	0.00e+00	0.00e+00	0.00e+00
 6.83966e+15	9.86e-01	1.37e-02	1.47e-07	0.00e+00	0.00e+00	0.00e+00	0.00e+00	0.00e+00
 6.85725e+15	9.87e-01	1.28e-02	1.33e-07	0.00e+00	0.00e+00	0.00e+00	0.00e+00	0.00e+00
 6.87733e+15	9.88e-01	1.19e-02	1.19e-07	0.00e+00	0.00e+00	0.00e+00	0.00e+00	0.00e+00
 6.89821e+15	9.89e-01	1.10e-02	1.06e-07	0.00e+00	0.00e+00	0.00e+00	0.00e+00	0.00e+00
 6.91721e+15	9.90e-01	1.03e-02	9.67e-08	0.00e+00	0.00e+00	0.00e+00	0.00e+00	0.00e+00
 6.93450e+15	9.90e-01	9.76e-03	8.87e-08	0.00e+00	0.00e+00	0.00e+00	0.00e+00	0.00e+00
 6.95024e+15	9.91e-01	9.28e-03	8.22e-08	0.00e+00	0.00e+00	0.00e+00	0.00e+00	0.00e+00
 6.96456e+15	9.91e-01	8.88e-03	7.68e-08	0.00e+00	0.00e+00	0.00e+00	0.00e+00	0.00e+00
 6.97759e+15	9.91e-01	8.53e-03	7.23e-08	0.00e+00	0.00e+00	0.00e+00	0.00e+00	0.00e+00
 6.99187e+15	9.92e-01	8.17e-03	6.76e-08	0.00e+00	0.00e+00	0.00e+00	0.00e+00	0.00e+00
 7.00728e+15	9.92e-01	7.81e-03	6.30e-08	0.00e+00	0.00e+00	0.00e+00	0.00e+00	0.00e+00
 7.02131e+15	9.92e-01	7.50e-03	5.92e-08	0.00e+00	0.00e+00	0.00e+00	0.00e+00	0.00e+00
 7.03408e+15	9.93e-01	7.26e-03	5.62e-08	0.00e+00	0.00e+00	0.00e+00	0.00e+00	0.00e+00
 7.04807e+15	9.93e-01	6.99e-03	5.29e-08	0.00e+00	0.00e+00	0.00e+00	0.00e+00	0.00e+00
 7.06317e+15	9.93e-01	6.72e-03	4.96e-08	0.00e+00	0.00e+00	0.00e+00	0.00e+00	0.00e+00
 7.07691e+15	9.93e-01	6.50e-03	4.70e-08	0.00e+00	0.00e+00	0.00e+00	0.00e+00	0.00e+00
 7.08942e+15	9.94e-01	6.32e-03	4.48e-08	0.00e+00	0.00e+00	0.00e+00	0.00e+00	0.00e+00
 7.10079e+15	9.94e-01	6.16e-03	4.29e-08	0.00e+00	0.00e+00	0.00e+00	0.00e+00	0.00e+00
