#depth	O	O+	O+2	O+3	O+4	O+5	O+6	O+7	O+8	O[1]	O[2]	O[3]
 1.49634e+10	9.88e-46	3.08e-36	1.75e-27	9.92e-20	7.86e-13	6.88e-07	1.00e+00	0.00e+00	0.00e+00	0.00e+00	0.00e+00	0.00e+00
 4.54887e+10	0.00e+00	4.60e-36	2.43e-27	1.28e-19	9.46e-13	7.60e-07	1.00e+00	1.30e-08	0.00e+00	0.00e+00	0.00e+00	0.00e+00
 7.72350e+10	2.56e-45	6.84e-36	3.37e-27	1.66e-19	1.14e-12	8.38e-07	1.00e+00	0.00e+00	0.00e+00	0.00e+00	0.00e+00	0.00e+00
 1.10251e+11	0.00e+00	1.01e-35	4.66e-27	2.15e-19	1.37e-12	9.25e-07	1.00e+00	0.00e+00	0.00e+00	0.00e+00	0.00e+00	0.00e+00
 1.39603e+11	6.08e-45	1.42e-35	6.15e-27	2.67e-19	1.60e-12	1.01e-06	1.00e+00	0.00e+00	0.00e+00	0.00e+00	0.00e+00	0.00e+00
 1.63307e+11	0.00e+00	1.84e-35	7.63e-27	3.17e-19	1.82e-12	1.08e-06	1.00e+00	0.00e+00	0.00e+00	0.00e+00	0.00e+00	0.00e+00
 1.89030e+11	1.15e-44	2.41e-35	9.57e-27	3.80e-19	2.07e-12	1.16e-06	1.00e+00	0.00e+00	0.00e+00	0.00e+00	0.00e+00	0.00e+00
 2.22469e+11	0.00e+00	3.40e-35	1.27e-26	4.76e-19	2.44e-12	1.26e-06	1.00e+00	0.00e+00	0.00e+00	0.00e+00	0.00e+00	0.00e+00
 2.58157e+11	2.59e-44	4.81e-35	1.70e-26	6.00e-19	2.89e-12	1.38e-06	1.00e+00	0.00e+00	0.00e+00	0.00e+00	0.00e+00	0.00e+00
 2.89578e+11	0.00e+00	6.45e-35	2.17e-26	7.30e-19	3.33e-12	1.50e-06	1.00e+00	0.00e+00	0.00e+00	0.00e+00	0.00e+00	0.00e+00
 3.23236e+11	5.26e-44	8.74e-35	2.79e-26	8.94e-19	3.86e-12	1.62e-06	1.00e+00	0.00e+00	0.00e+00	0.00e+00	0.00e+00	0.00e+00
 3.64069e+11	0.00e+00	1.24e-34	3.75e-26	1.13e-18	4.59e-12	1.78e-06	1.00e+00	0.00e+00	0.00e+00	0.00e+00	0.00e+00	0.00e+00
 4.05213e+11	1.19e-43	1.74e-34	4.98e-26	1.42e-18	5.43e-12	1.96e-06	1.00e+00	0.00e+00	0.00e+00	0.00e+00	0.00e+00	0.00e+00
 4.42623e+11	0.00e+00	2.34e-34	6.38e-26	1.74e-18	6.29e-12	2.12e-06	1.00e+00	0.00e+00	0.00e+00	0.00e+00	0.00e+00	0.00e+00
 4.84195e+11	2.43e-43	3.20e-34	8.31e-26	2.15e-18	7.35e-12	2.31e-06	1.00e+00	0.00e+00	0.00e+00	0.00e+00	0.00e+00	0.00e+00
 5.32809e+11	0.00e+00	4.55e-34	1.12e-25	2.74e-18	8.76e-12	2.55e-06	1.00e+00	0.00e+00	0.00e+00	0.00e+00	0.00e+00	0.00e+00
 5.81299e+11	5.43e-43	6.36e-34	1.48e-25	3.44e-18	1.04e-11	2.79e-06	1.00e+00	0.00e+00	0.00e+00	0.00e+00	0.00e+00	0.00e+00
 6.27760e+11	0.00e+00	8.66e-34	1.92e-25	4.25e-18	1.21e-11	3.04e-06	1.00e+00	0.00e+00	0.00e+00	0.00e+00	0.00e+00	0.00e+00
 6.78828e+11	1.14e-42	1.20e-33	2.53e-25	5.31e-18	1.42e-11	3.33e-06	1.00e+00	0.00e+00	0.00e+00	0.00e+00	0.00e+00	0.00e+00
 7.35908e+11	0.00e+00	1.69e-33	3.39e-25	6.74e-18	1.69e-11	3.67e-06	1.00e+00	0.00e+00	0.00e+00	0.00e+00	0.00e+00	0.00e+00
 7.87421e+11	2.42e-42	2.29e-33	4.38e-25	8.28e-18	1.96e-11	3.99e-06	1.00e+00	0.00e+00	0.00e+00	0.00e+00	0.00e+00	0.00e+00
 8.28277e+11	0.00e+00	2.88e-33	5.32e-25	9.71e-18	2.20e-11	4.26e-06	1.00e+00	0.00e+00	0.00e+00	0.00e+00	0.00e+00	0.00e+00
 8.70695e+11	4.16e-42	3.63e-33	6.48e-25	1.14e-17	2.47e-11	4.54e-06	1.00e+00	0.00e+00	0.00e+00	0.00e+00	0.00e+00	0.00e+00
 9.25838e+11	0.00e+00	4.86e-33	8.30e-25	1.39e-17	2.86e-11	4.92e-06	1.00e+00	0.00e+00	0.00e+00	0.00e+00	0.00e+00	0.00e+00
 9.84494e+11	8.26e-42	6.55e-33	1.07e-24	1.71e-17	3.32e-11	5.36e-06	1.00e+00	0.00e+00	0.00e+00	0.00e+00	0.00e+00	0.00e+00
 1.03588e+12	0.00e+00	8.43e-33	1.33e-24	2.04e-17	3.77e-11	5.75e-06	1.00e+00	0.00e+00	0.00e+00	0.00e+00	0.00e+00	0.00e+00
 1.09084e+12	1.50e-41	1.10e-32	1.66e-24	2.45e-17	4.29e-11	6.18e-06	1.00e+00	0.00e+00	0.00e+00	0.00e+00	0.00e+00	0.00e+00
 1.15931e+12	0.00e+00	1.50e-32	2.17e-24	3.04e-17	5.02e-11	6.75e-06	1.00e+00	0.00e+00	0.00e+00	0.00e+00	0.00e+00	0.00e+00
 1.22890e+12	3.09e-41	2.04e-32	2.82e-24	3.77e-17	5.84e-11	7.36e-06	1.00e+00	0.00e+00	0.00e+00	0.00e+00	0.00e+00	0.00e+00
 1.28995e+12	0.00e+00	2.65e-32	3.52e-24	4.52e-17	6.65e-11	7.91e-06	1.00e+00	0.00e+00	0.00e+00	0.00e+00	0.00e+00	0.00e+00
 1.35633e+12	5.76e-41	3.49e-32	4.45e-24	5.46e-17	7.61e-11	8.53e-06	1.00e+00	0.00e+00	0.00e+00	0.00e+00	0.00e+00	0.00e+00
 1.42989e+12	0.00e+00	4.68e-32	5.71e-24	6.70e-17	8.79e-11	9.26e-06	1.00e+00	0.00e+00	0.00e+00	0.00e+00	0.00e+00	0.00e+00
 1.49808e+12	1.10e-40	6.09e-32	7.15e-24	8.04e-17	1.00e-10	9.96e-06	1.00e+00	0.00e+00	0.00e+00	0.00e+00	0.00e+00	0.00e+00
 1.57204e+12	0.00e+00	8.04e-32	9.07e-24	9.74e-17	1.15e-10	1.07e-05	1.00e+00	0.00e+00	0.00e+00	0.00e+00	0.00e+00	0.00e+00
 1.65430e+12	2.13e-40	1.08e-31	1.17e-23	1.20e-16	1.32e-10	1.17e-05	1.00e+00	0.00e+00	0.00e+00	0.00e+00	0.00e+00	0.00e+00
 1.73107e+12	0.00e+00	1.42e-31	1.47e-23	1.44e-16	1.51e-10	1.26e-05	1.00e+00	0.00e+00	0.00e+00	0.00e+00	0.00e+00	0.00e+00
 1.81456e+12	4.04e-40	1.88e-31	1.87e-23	1.76e-16	1.73e-10	1.36e-05	1.00e+00	0.00e+00	0.00e+00	0.00e+00	0.00e+00	0.00e+00
 1.90746e+12	0.00e+00	2.55e-31	2.43e-23	2.17e-16	2.01e-10	1.47e-05	1.00e+00	0.00e+00	0.00e+00	0.00e+00	0.00e+00	0.00e+00
 1.99434e+12	7.91e-40	3.37e-31	3.08e-23	2.62e-16	2.29e-10	1.59e-05	1.00e+00	0.00e+00	0.00e+00	0.00e+00	0.00e+00	0.00e+00
 2.08907e+12	0.00e+00	4.52e-31	3.95e-23	3.21e-16	2.63e-10	1.72e-05	1.00e+00	0.00e+00	0.00e+00	0.00e+00	0.00e+00	0.00e+00
 2.19487e+12	1.60e-39	6.19e-31	5.16e-23	3.98e-16	3.06e-10	1.87e-05	1.00e+00	0.00e+00	0.00e+00	0.00e+00	0.00e+00	0.00e+00
 2.29448e+12	0.00e+00	8.26e-31	6.60e-23	4.85e-16	3.51e-10	2.02e-05	1.00e+00	0.00e+00	0.00e+00	0.00e+00	0.00e+00	0.00e+00
 2.40342e+12	3.18e-39	1.12e-30	8.56e-23	5.97e-16	4.05e-10	2.18e-05	1.00e+00	0.00e+00	0.00e+00	0.00e+00	0.00e+00	0.00e+00
 2.52545e+12	0.00e+00	1.56e-30	1.13e-22	7.48e-16	4.73e-10	2.38e-05	1.00e+00	0.00e+00	0.00e+00	0.00e+00	0.00e+00	0.00e+00
 2.64114e+12	6.59e-39	2.11e-30	1.46e-22	9.18e-16	5.44e-10	2.58e-05	1.00e+00	0.00e+00	0.00e+00	0.00e+00	0.00e+00	0.00e+00
 2.76526e+12	0.00e+00	2.91e-30	1.91e-22	1.14e-15	6.30e-10	2.79e-05	1.00e+00	0.00e+00	0.00e+00	0.00e+00	0.00e+00	0.00e+00
 2.90579e+12	1.42e-38	4.10e-30	2.56e-22	1.43e-15	7.38e-10	3.05e-05	1.00e+00	0.00e+00	0.00e+00	0.00e+00	0.00e+00	0.00e+00
 3.04472e+12	0.00e+00	5.71e-30	3.39e-22	1.79e-15	8.58e-10	3.32e-05	1.00e+00	0.00e+00	0.00e+00	0.00e+00	0.00e+00	0.00e+00
 3.18920e+12	3.06e-38	7.97e-30	4.48e-22	2.23e-15	9.98e-10	3.60e-05	1.00e+00	0.00e+00	0.00e+00	0.00e+00	0.00e+00	0.00e+00
 3.34669e+12	0.00e+00	1.13e-29	6.02e-22	2.82e-15	1.17e-09	3.93e-05	1.00e+00	0.00e+00	0.00e+00	0.00e+00	0.00e+00	0.00e+00
 3.51049e+12	6.97e-38	1.62e-29	8.11e-22	3.56e-15	1.37e-09	4.28e-05	1.00e+00	0.00e+00	0.00e+00	0.00e+00	0.00e+00	0.00e+00
 3.66554e+12	0.00e+00	2.24e-29	1.06e-21	4.41e-15	1.58e-09	4.63e-05	1.00e+00	0.00e+00	0.00e+00	0.00e+00	0.00e+00	0.00e+00
 3.80459e+12	1.40e-37	2.96e-29	1.34e-21	5.30e-15	1.79e-09	4.96e-05	1.00e+00	0.00e+00	0.00e+00	0.00e+00	0.00e+00	0.00e+00
 3.93424e+12	0.00e+00	3.82e-29	1.66e-21	6.26e-15	2.00e-09	5.27e-05	1.00e+00	0.00e+00	0.00e+00	0.00e+00	0.00e+00	0.00e+00
 4.07717e+12	2.61e-37	5.04e-29	2.09e-21	7.49e-15	2.26e-09	5.62e-05	1.00e+00	0.00e+00	0.00e+00	0.00e+00	0.00e+00	0.00e+00
 4.23818e+12	0.00e+00	6.84e-29	2.69e-21	9.11e-15	2.58e-09	6.04e-05	1.00e+00	0.00e+00	0.00e+00	0.00e+00	0.00e+00	0.00e+00
 4.39238e+12	5.18e-37	9.06e-29	3.40e-21	1.09e-14	2.91e-09	6.45e-05	1.00e+00	0.00e+00	0.00e+00	0.00e+00	0.00e+00	0.00e+00
 4.56251e+12	0.00e+00	1.23e-28	4.37e-21	1.33e-14	3.32e-09	6.91e-05	1.00e+00	0.00e+00	0.00e+00	0.00e+00	0.00e+00	0.00e+00
 4.75173e+12	1.08e-36	1.70e-28	5.73e-21	1.63e-14	3.82e-09	7.45e-05	1.00e+00	0.00e+00	0.00e+00	0.00e+00	0.00e+00	0.00e+00
 4.92585e+12	0.00e+00	2.28e-28	7.28e-21	1.97e-14	4.33e-09	7.96e-05	1.00e+00	0.00e+00	0.00e+00	0.00e+00	0.00e+00	0.00e+00
 5.08761e+12	2.08e-36	2.97e-28	9.06e-21	2.33e-14	4.84e-09	8.45e-05	1.00e+00	0.00e+00	0.00e+00	0.00e+00	0.00e+00	0.00e+00
 5.27321e+12	0.00e+00	4.00e-28	1.16e-20	2.81e-14	5.49e-09	9.02e-05	1.00e+00	0.00e+00	0.00e+00	0.00e+00	0.00e+00	0.00e+00
 5.50064e+12	4.49e-36	5.71e-28	1.55e-20	3.50e-14	6.37e-09	9.74e-05	1.00e+00	0.00e+00	0.00e+00	0.00e+00	0.00e+00	0.00e+00
 5.72765e+12	0.00e+00	7.97e-28	2.04e-20	4.34e-14	7.35e-09	1.05e-04	1.00e+00	0.00e+00	0.00e+00	0.00e+00	0.00e+00	0.00e+00
 5.92438e+12	9.36e-36	1.07e-27	2.58e-20	5.19e-14	8.28e-09	1.12e-04	1.00e+00	0.00e+00	0.00e+00	0.00e+00	0.00e+00	0.00e+00
 6.13655e+12	0.00e+00	1.44e-27	3.30e-20	6.26e-14	9.39e-09	1.19e-04	1.00e+00	0.00e+00	0.00e+00	0.00e+00	0.00e+00	0.00e+00
 6.39657e+12	2.07e-35	2.07e-27	4.42e-20	7.81e-14	1.09e-08	1.29e-04	1.00e+00	0.00e+00	0.00e+00	0.00e+00	0.00e+00	0.00e+00
 6.66246e+12	0.00e+00	2.93e-27	5.88e-20	9.72e-14	1.26e-08	1.39e-04	1.00e+00	0.00e+00	0.00e+00	0.00e+00	0.00e+00	0.00e+00
 6.90178e+12	4.51e-35	4.01e-27	7.56e-20	1.18e-13	1.43e-08	1.48e-04	1.00e+00	0.00e+00	0.00e+00	0.00e+00	0.00e+00	0.00e+00
 7.16290e+12	6.70e-35	5.58e-27	9.88e-20	1.44e-13	1.64e-08	1.59e-04	1.00e+00	0.00e+00	0.00e+00	0.00e+00	0.00e+00	0.00e+00
 7.47166e+12	1.05e-34	8.16e-27	1.34e-19	1.81e-13	1.91e-08	1.71e-04	1.00e+00	0.00e+00	0.00e+00	0.00e+00	0.00e+00	0.00e+00
 7.78086e+12	1.61e-34	1.17e-26	1.79e-19	2.26e-13	2.21e-08	1.85e-04	1.00e+00	0.00e+00	0.00e+00	0.00e+00	0.00e+00	0.00e+00
 8.07108e+12	2.40e-34	1.63e-26	2.34e-19	2.76e-13	2.53e-08	1.98e-04	1.00e+00	0.00e+00	0.00e+00	0.00e+00	0.00e+00	0.00e+00
 8.39250e+12	3.69e-34	2.33e-26	3.12e-19	3.42e-13	2.92e-08	2.12e-04	1.00e+00	0.00e+00	0.00e+00	0.00e+00	0.00e+00	0.00e+00
 8.75813e+12	5.82e-34	3.42e-26	4.26e-19	4.32e-13	3.41e-08	2.30e-04	1.00e+00	0.00e+00	0.00e+00	0.00e+00	0.00e+00	0.00e+00
 9.12229e+12	9.16e-34	4.98e-26	5.76e-19	5.42e-13	3.96e-08	2.48e-04	1.00e+00	0.00e+00	0.00e+00	0.00e+00	0.00e+00	0.00e+00
 9.50102e+12	1.44e-33	7.27e-26	7.79e-19	6.79e-13	4.61e-08	2.67e-04	1.00e+00	0.00e+00	0.00e+00	0.00e+00	0.00e+00	0.00e+00
 9.91099e+12	2.31e-33	1.08e-25	1.07e-18	8.59e-13	5.39e-08	2.89e-04	1.00e+00	0.00e+00	0.00e+00	0.00e+00	0.00e+00	0.00e+00
 1.03374e+13	3.70e-33	1.59e-25	1.46e-18	1.09e-12	6.30e-08	3.12e-04	1.00e+00	0.00e+00	0.00e+00	0.00e+00	0.00e+00	0.00e+00
 1.07808e+13	5.92e-33	2.36e-25	2.00e-18	1.38e-12	7.37e-08	3.37e-04	1.00e+00	0.00e+00	0.00e+00	0.00e+00	0.00e+00	0.00e+00
 1.12110e+13	9.18e-33	3.40e-25	2.68e-18	1.71e-12	8.54e-08	3.63e-04	1.00e+00	0.00e+00	0.00e+00	0.00e+00	0.00e+00	0.00e+00
 1.16171e+13	1.37e-32	4.74e-25	3.51e-18	2.09e-12	9.76e-08	3.88e-04	1.00e+00	0.00e+00	0.00e+00	0.00e+00	0.00e+00	0.00e+00
 1.20004e+13	1.97e-32	6.43e-25	4.48e-18	2.52e-12	1.10e-07	4.12e-04	1.00e+00	0.00e+00	0.00e+00	0.00e+00	0.00e+00	0.00e+00
 1.24176e+13	2.90e-32	8.86e-25	5.80e-18	3.05e-12	1.25e-07	4.39e-04	1.00e+00	0.00e+00	0.00e+00	0.00e+00	0.00e+00	0.00e+00
 1.28833e+13	4.44e-32	1.26e-24	7.68e-18	3.76e-12	1.44e-07	4.70e-04	1.00e+00	0.00e+00	0.00e+00	0.00e+00	0.00e+00	0.00e+00
 1.33244e+13	6.40e-32	1.72e-24	9.88e-18	4.55e-12	1.64e-07	5.01e-04	9.99e-01	0.00e+00	0.00e+00	0.00e+00	0.00e+00	0.00e+00
 1.38104e+13	9.66e-32	2.42e-24	1.30e-17	5.58e-12	1.87e-07	5.36e-04	9.99e-01	0.00e+00	0.00e+00	0.00e+00	0.00e+00	0.00e+00
 1.43564e+13	1.51e-31	3.51e-24	1.75e-17	6.96e-12	2.17e-07	5.76e-04	9.99e-01	0.00e+00	0.00e+00	0.00e+00	0.00e+00	0.00e+00
 1.48781e+13	2.27e-31	4.91e-24	2.30e-17	8.53e-12	2.49e-07	6.17e-04	9.99e-01	0.00e+00	0.00e+00	0.00e+00	0.00e+00	0.00e+00
 1.54459e+13	3.43e-31	6.96e-24	3.05e-17	1.06e-11	2.87e-07	6.62e-04	9.99e-01	0.00e+00	0.00e+00	0.00e+00	0.00e+00	0.00e+00
 1.60780e+13	5.47e-31	1.03e-23	4.15e-17	1.33e-11	3.34e-07	7.14e-04	9.99e-01	0.00e+00	0.00e+00	0.00e+00	0.00e+00	0.00e+00
 1.66929e+13	8.21e-31	1.45e-23	5.51e-17	1.65e-11	3.86e-07	7.68e-04	9.99e-01	0.00e+00	0.00e+00	0.00e+00	0.00e+00	0.00e+00
 1.73480e+13	1.28e-30	2.09e-23	7.41e-17	2.06e-11	4.47e-07	8.26e-04	9.99e-01	0.00e+00	0.00e+00	0.00e+00	0.00e+00	0.00e+00
 1.80123e+13	1.94e-30	2.97e-23	9.88e-17	2.55e-11	5.16e-07	8.89e-04	9.99e-01	0.00e+00	0.00e+00	0.00e+00	0.00e+00	0.00e+00
 1.85987e+13	2.82e-30	4.05e-23	1.26e-16	3.07e-11	5.84e-07	9.45e-04	9.99e-01	0.00e+00	0.00e+00	0.00e+00	0.00e+00	0.00e+00
 1.92354e+13	4.05e-30	5.51e-23	1.63e-16	3.73e-11	6.64e-07	1.01e-03	9.99e-01	0.00e+00	0.00e+00	0.00e+00	0.00e+00	0.00e+00
 2.00021e+13	6.39e-30	8.05e-23	2.21e-16	4.67e-11	7.72e-07	1.09e-03	9.99e-01	0.00e+00	0.00e+00	0.00e+00	0.00e+00	0.00e+00
 2.07638e+13	9.56e-30	1.13e-22	2.94e-16	5.79e-11	8.92e-07	1.17e-03	9.99e-01	0.00e+00	0.00e+00	0.00e+00	0.00e+00	0.00e+00
 2.14442e+13	1.37e-29	1.53e-22	3.76e-16	6.98e-11	1.01e-06	1.25e-03	9.99e-01	0.00e+00	0.00e+00	0.00e+00	0.00e+00	0.00e+00
 2.21929e+13	2.00e-29	2.11e-22	4.90e-16	8.52e-11	1.15e-06	1.33e-03	9.99e-01	0.00e+00	0.00e+00	0.00e+00	0.00e+00	0.00e+00
 2.30833e+13	3.12e-29	3.07e-22	6.63e-16	1.07e-10	1.34e-06	1.44e-03	9.99e-01	0.00e+00	0.00e+00	0.00e+00	0.00e+00	0.00e+00
 2.39659e+13	4.71e-29	4.35e-22	8.85e-16	1.33e-10	1.55e-06	1.55e-03	9.98e-01	0.00e+00	0.00e+00	0.00e+00	0.00e+00	0.00e+00
 2.47727e+13	6.90e-29	5.98e-22	1.14e-15	1.61e-10	1.76e-06	1.65e-03	9.98e-01	0.00e+00	0.00e+00	0.00e+00	0.00e+00	0.00e+00
 2.56733e+13	1.01e-28	8.28e-22	1.50e-15	1.98e-10	2.03e-06	1.77e-03	9.98e-01	0.00e+00	0.00e+00	0.00e+00	0.00e+00	0.00e+00
 2.67210e+13	1.60e-28	1.22e-21	2.05e-15	2.50e-10	2.37e-06	1.92e-03	9.98e-01	0.00e+00	0.00e+00	0.00e+00	0.00e+00	0.00e+00
 2.77498e+13	2.38e-28	1.71e-21	2.74e-15	3.12e-10	2.74e-06	2.07e-03	9.98e-01	0.00e+00	0.00e+00	0.00e+00	0.00e+00	0.00e+00
 2.87203e+13	3.53e-28	2.38e-21	3.57e-15	3.81e-10	3.13e-06	2.21e-03	9.98e-01	0.00e+00	0.00e+00	0.00e+00	0.00e+00	0.00e+00
 2.97994e+13	5.21e-28	3.33e-21	4.74e-15	4.73e-10	3.62e-06	2.38e-03	9.98e-01	0.00e+00	0.00e+00	0.00e+00	0.00e+00	0.00e+00
 3.10213e+13	8.25e-28	4.89e-21	6.48e-15	5.98e-10	4.23e-06	2.57e-03	9.97e-01	0.00e+00	0.00e+00	0.00e+00	0.00e+00	0.00e+00
 3.22434e+13	1.23e-27	6.89e-21	8.71e-15	7.49e-10	4.91e-06	2.78e-03	9.97e-01	0.00e+00	0.00e+00	0.00e+00	0.00e+00	0.00e+00
 3.33856e+13	1.80e-27	9.56e-21	1.14e-14	9.18e-10	5.63e-06	2.98e-03	9.97e-01	0.00e+00	0.00e+00	0.00e+00	0.00e+00	0.00e+00
 3.46222e+13	2.74e-27	1.36e-20	1.52e-14	1.14e-09	6.49e-06	3.20e-03	9.97e-01	0.00e+00	0.00e+00	0.00e+00	0.00e+00	0.00e+00
 3.60370e+13	4.15e-27	1.94e-20	2.06e-14	1.44e-09	7.58e-06	3.47e-03	9.97e-01	0.00e+00	0.00e+00	0.00e+00	0.00e+00	0.00e+00
 3.73721e+13	6.32e-27	2.76e-20	2.74e-14	1.78e-09	8.74e-06	3.72e-03	9.96e-01	0.00e+00	0.00e+00	0.00e+00	0.00e+00	0.00e+00
 3.85755e+13	8.73e-27	3.66e-20	3.50e-14	2.14e-09	9.89e-06	3.97e-03	9.96e-01	0.00e+00	0.00e+00	0.00e+00	0.00e+00	0.00e+00
 3.97128e+13	1.22e-26	4.84e-20	4.39e-14	2.54e-09	1.11e-05	4.20e-03	9.96e-01	0.00e+00	0.00e+00	0.00e+00	0.00e+00	0.00e+00
 4.09726e+13	1.68e-26	6.39e-20	5.59e-14	3.05e-09	1.25e-05	4.47e-03	9.96e-01	0.00e+00	0.00e+00	0.00e+00	0.00e+00	0.00e+00
 4.23762e+13	2.48e-26	8.85e-20	7.28e-14	3.71e-09	1.43e-05	4.78e-03	9.95e-01	0.00e+00	0.00e+00	0.00e+00	0.00e+00	0.00e+00
 4.37014e+13	3.39e-26	1.16e-19	9.23e-14	4.45e-09	1.61e-05	5.08e-03	9.95e-01	0.00e+00	0.00e+00	0.00e+00	0.00e+00	0.00e+00
 4.51588e+13	4.85e-26	1.58e-19	1.19e-13	5.40e-09	1.83e-05	5.42e-03	9.95e-01	0.00e+00	0.00e+00	0.00e+00	0.00e+00	0.00e+00
 4.67883e+13	7.08e-26	2.18e-19	1.57e-13	6.65e-09	2.11e-05	5.82e-03	9.94e-01	0.00e+00	0.00e+00	0.00e+00	0.00e+00	0.00e+00
 4.83293e+13	1.03e-25	2.99e-19	2.03e-13	8.04e-09	2.39e-05	6.20e-03	9.94e-01	0.00e+00	0.00e+00	0.00e+00	0.00e+00	0.00e+00
 5.00207e+13	1.46e-25	4.05e-19	2.64e-13	9.84e-09	2.73e-05	6.65e-03	9.93e-01	0.00e+00	0.00e+00	0.00e+00	0.00e+00	0.00e+00
 5.18897e+13	2.18e-25	5.69e-19	3.52e-13	1.22e-08	3.16e-05	7.15e-03	9.93e-01	0.00e+00	0.00e+00	0.00e+00	0.00e+00	0.00e+00
 5.36187e+13	3.14e-25	7.76e-19	4.55e-13	1.48e-08	3.59e-05	7.63e-03	9.92e-01	0.00e+00	0.00e+00	0.00e+00	0.00e+00	0.00e+00
 5.54958e+13	4.54e-25	1.07e-18	5.94e-13	1.81e-08	4.11e-05	8.17e-03	9.92e-01	0.00e+00	0.00e+00	0.00e+00	0.00e+00	0.00e+00
 5.75889e+13	6.59e-25	1.48e-18	7.92e-13	2.26e-08	4.75e-05	8.80e-03	9.91e-01	0.00e+00	0.00e+00	0.00e+00	0.00e+00	0.00e+00
 5.95517e+13	9.63e-25	2.04e-18	1.03e-12	2.75e-08	5.42e-05	9.40e-03	9.91e-01	0.00e+00	0.00e+00	0.00e+00	0.00e+00	0.00e+00
 6.16919e+13	1.36e-24	2.76e-18	1.35e-12	3.38e-08	6.22e-05	1.01e-02	9.90e-01	0.00e+00	0.00e+00	0.00e+00	0.00e+00	0.00e+00
 6.40709e+13	2.09e-24	3.97e-18	1.82e-12	4.23e-08	7.22e-05	1.09e-02	9.89e-01	0.00e+00	0.00e+00	0.00e+00	0.00e+00	0.00e+00
 6.62979e+13	2.93e-24	5.34e-18	2.37e-12	5.17e-08	8.25e-05	1.17e-02	9.88e-01	0.00e+00	0.00e+00	0.00e+00	0.00e+00	0.00e+00
 6.87177e+13	4.29e-24	7.43e-18	3.13e-12	6.38e-08	9.50e-05	1.25e-02	9.87e-01	0.00e+00	0.00e+00	0.00e+00	0.00e+00	0.00e+00
 7.14184e+13	6.40e-24	1.05e-17	4.22e-12	8.01e-08	1.10e-04	1.36e-02	9.86e-01	0.00e+00	0.00e+00	0.00e+00	0.00e+00	0.00e+00
 7.39797e+13	9.34e-24	1.45e-17	5.55e-12	9.86e-08	1.27e-04	1.45e-02	9.85e-01	0.00e+00	0.00e+00	0.00e+00	0.00e+00	0.00e+00
 7.67213e+13	1.33e-23	1.99e-17	7.35e-12	1.22e-07	1.46e-04	1.57e-02	9.84e-01	0.00e+00	0.00e+00	0.00e+00	0.00e+00	0.00e+00
 7.98201e+13	1.99e-23	2.84e-17	9.97e-12	1.54e-07	1.71e-04	1.70e-02	9.83e-01	0.00e+00	0.00e+00	0.00e+00	0.00e+00	0.00e+00
 8.28676e+13	2.91e-23	3.96e-17	1.33e-11	1.92e-07	1.98e-04	1.83e-02	9.81e-01	0.00e+00	0.00e+00	0.00e+00	0.00e+00	0.00e+00
 8.60370e+13	4.35e-23	5.60e-17	1.78e-11	2.40e-07	2.29e-04	1.98e-02	9.80e-01	0.00e+00	0.00e+00	0.00e+00	0.00e+00	0.00e+00
 8.95084e+13	6.34e-23	7.84e-17	2.41e-11	3.03e-07	2.67e-04	2.15e-02	9.78e-01	0.00e+00	0.00e+00	0.00e+00	0.00e+00	0.00e+00
 9.29309e+13	9.36e-23	1.10e-16	3.22e-11	3.77e-07	3.09e-04	2.32e-02	9.77e-01	0.00e+00	0.00e+00	0.00e+00	0.00e+00	0.00e+00
 9.57626e+13	1.24e-22	1.42e-16	4.04e-11	4.50e-07	3.48e-04	2.47e-02	9.75e-01	0.00e+00	0.00e+00	0.00e+00	0.00e+00	0.00e+00
 9.80273e+13	1.56e-22	1.74e-16	4.84e-11	5.17e-07	3.81e-04	2.59e-02	9.74e-01	0.00e+00	0.00e+00	0.00e+00	0.00e+00	0.00e+00
 1.00525e+14	2.02e-22	2.18e-16	5.87e-11	5.99e-07	4.20e-04	2.73e-02	9.72e-01	0.00e+00	0.00e+00	0.00e+00	0.00e+00	0.00e+00
 1.03771e+14	2.73e-22	2.87e-16	7.47e-11	7.22e-07	4.75e-04	2.91e-02	9.70e-01	0.00e+00	0.00e+00	0.00e+00	0.00e+00	0.00e+00
 1.07258e+14	3.76e-22	3.82e-16	9.61e-11	8.77e-07	5.40e-04	3.12e-02	9.68e-01	0.00e+00	0.00e+00	0.00e+00	0.00e+00	0.00e+00
 1.10360e+14	4.99e-22	4.91e-16	1.20e-10	1.04e-06	6.03e-04	3.31e-02	9.66e-01	0.00e+00	0.00e+00	0.00e+00	0.00e+00	0.00e+00
 1.13696e+14	6.58e-22	6.32e-16	1.50e-10	1.23e-06	6.77e-04	3.53e-02	9.64e-01	0.00e+00	0.00e+00	0.00e+00	0.00e+00	0.00e+00
 1.17908e+14	9.37e-22	8.69e-16	1.97e-10	1.53e-06	7.79e-04	3.81e-02	9.61e-01	0.00e+00	0.00e+00	0.00e+00	0.00e+00	0.00e+00
 1.22174e+14	1.32e-21	1.18e-15	2.59e-10	1.88e-06	8.94e-04	4.10e-02	9.58e-01	0.00e+00	0.00e+00	0.00e+00	0.00e+00	0.00e+00
 1.25823e+14	1.74e-21	1.52e-15	3.24e-10	2.24e-06	1.00e-03	4.36e-02	9.55e-01	0.00e+00	0.00e+00	0.00e+00	0.00e+00	0.00e+00
 1.29754e+14	2.33e-21	1.98e-15	4.09e-10	2.68e-06	1.13e-03	4.65e-02	9.52e-01	0.00e+00	0.00e+00	0.00e+00	0.00e+00	0.00e+00
 1.34630e+14	3.30e-21	2.73e-15	5.42e-10	3.32e-06	1.30e-03	5.02e-02	9.48e-01	0.00e+00	0.00e+00	0.00e+00	0.00e+00	0.00e+00
 1.39603e+14	4.68e-21	3.75e-15	7.14e-10	4.11e-06	1.49e-03	5.42e-02	9.44e-01	0.00e+00	0.00e+00	0.00e+00	0.00e+00	0.00e+00
 1.43986e+14	6.28e-21	4.90e-15	9.03e-10	4.92e-06	1.68e-03	5.78e-02	9.40e-01	0.00e+00	0.00e+00	0.00e+00	0.00e+00	0.00e+00
 1.48737e+14	8.48e-21	6.47e-15	1.16e-09	5.95e-06	1.90e-03	6.19e-02	9.36e-01	0.00e+00	0.00e+00	0.00e+00	0.00e+00	0.00e+00
 1.54465e+14	1.21e-20	9.00e-15	1.54e-09	7.43e-06	2.19e-03	6.70e-02	9.31e-01	0.00e+00	0.00e+00	0.00e+00	0.00e+00	0.00e+00
 1.60147e+14	1.72e-20	1.24e-14	2.03e-09	9.17e-06	2.52e-03	7.22e-02	9.25e-01	0.00e+00	0.00e+00	0.00e+00	0.00e+00	0.00e+00
 1.65218e+14	2.31e-20	1.62e-14	2.58e-09	1.10e-05	2.83e-03	7.69e-02	9.20e-01	0.00e+00	0.00e+00	0.00e+00	0.00e+00	0.00e+00
 1.70810e+14	3.20e-20	2.18e-14	3.32e-09	1.33e-05	3.21e-03	8.25e-02	9.14e-01	0.00e+00	0.00e+00	0.00e+00	0.00e+00	0.00e+00
 1.77466e+14	4.64e-20	3.07e-14	4.45e-09	1.67e-05	3.71e-03	8.91e-02	9.07e-01	0.00e+00	0.00e+00	0.00e+00	0.00e+00	0.00e+00
 1.84079e+14	6.62e-20	4.25e-14	5.88e-09	2.06e-05	4.25e-03	9.60e-02	9.00e-01	0.00e+00	0.00e+00	0.00e+00	0.00e+00	0.00e+00
 1.90150e+14	8.96e-20	5.63e-14	7.55e-09	2.49e-05	4.79e-03	1.02e-01	8.93e-01	0.00e+00	0.00e+00	0.00e+00	0.00e+00	0.00e+00
 1.96938e+14	1.29e-19	7.80e-14	9.87e-09	3.05e-05	5.46e-03	1.10e-01	8.85e-01	0.00e+00	0.00e+00	0.00e+00	0.00e+00	0.00e+00
 2.04805e+14	1.89e-19	1.11e-13	1.33e-08	3.82e-05	6.31e-03	1.19e-01	8.75e-01	0.00e+00	0.00e+00	0.00e+00	0.00e+00	0.00e+00
 2.12539e+14	2.74e-19	1.55e-13	1.77e-08	4.73e-05	7.23e-03	1.28e-01	8.65e-01	0.00e+00	0.00e+00	0.00e+00	0.00e+00	0.00e+00
 2.19934e+14	3.86e-19	2.12e-13	2.30e-08	5.76e-05	8.20e-03	1.36e-01	8.56e-01	0.00e+00	0.00e+00	0.00e+00	0.00e+00	0.00e+00
 2.26409e+14	5.18e-19	2.77e-13	2.88e-08	6.80e-05	9.11e-03	1.44e-01	8.47e-01	0.00e+00	0.00e+00	0.00e+00	0.00e+00	0.00e+00
 2.31747e+14	6.57e-19	3.43e-13	3.44e-08	7.76e-05	9.91e-03	1.50e-01	8.40e-01	0.00e+00	0.00e+00	0.00e+00	0.00e+00	0.00e+00
 2.37621e+14	8.48e-19	4.32e-13	4.17e-08	8.96e-05	1.08e-02	1.58e-01	8.32e-01	0.00e+00	0.00e+00	0.00e+00	0.00e+00	0.00e+00
 2.45256e+14	1.17e-18	5.78e-13	5.31e-08	1.07e-04	1.21e-02	1.67e-01	8.21e-01	0.00e+00	0.00e+00	0.00e+00	0.00e+00	0.00e+00
 2.53303e+14	1.60e-18	7.70e-13	6.79e-08	1.29e-04	1.36e-02	1.77e-01	8.09e-01	0.00e+00	0.00e+00	0.00e+00	0.00e+00	0.00e+00
 2.60260e+14	2.12e-18	9.92e-13	8.36e-08	1.50e-04	1.50e-02	1.86e-01	7.99e-01	0.00e+00	0.00e+00	0.00e+00	0.00e+00	0.00e+00
 2.67680e+14	2.90e-18	1.30e-12	1.04e-07	1.76e-04	1.66e-02	1.95e-01	7.88e-01	0.00e+00	0.00e+00	0.00e+00	0.00e+00	0.00e+00
 2.77326e+14	4.21e-18	1.82e-12	1.36e-07	2.14e-04	1.88e-02	2.07e-01	7.74e-01	0.00e+00	0.00e+00	0.00e+00	0.00e+00	0.00e+00
 2.87252e+14	6.09e-18	2.52e-12	1.78e-07	2.61e-04	2.12e-02	2.20e-01	7.58e-01	0.00e+00	0.00e+00	0.00e+00	0.00e+00	0.00e+00
 2.95501e+14	8.21e-18	3.29e-12	2.20e-07	3.05e-04	2.34e-02	2.31e-01	7.46e-01	0.00e+00	0.00e+00	0.00e+00	0.00e+00	0.00e+00
 3.04186e+14	1.12e-17	4.31e-12	2.74e-07	3.58e-04	2.58e-02	2.41e-01	7.32e-01	0.00e+00	0.00e+00	0.00e+00	0.00e+00	0.00e+00
 3.15291e+14	1.63e-17	6.02e-12	3.59e-07	4.36e-04	2.91e-02	2.56e-01	7.15e-01	0.00e+00	0.00e+00	0.00e+00	0.00e+00	0.00e+00
 3.27007e+14	2.32e-17	8.28e-12	4.72e-07	5.31e-04	3.29e-02	2.70e-01	6.97e-01	0.00e+00	0.00e+00	1.35e-17	6.97e-18	2.14e-18
 3.37478e+14	3.31e-17	1.12e-11	5.98e-07	6.30e-04	3.65e-02	2.83e-01	6.80e-01	0.00e+00	0.00e+00	1.89e-17	1.01e-17	3.52e-18
 3.48866e+14	4.86e-17	1.54e-11	7.65e-07	7.53e-04	4.07e-02	2.96e-01	6.62e-01	0.00e+00	0.00e+00	2.78e-17	1.48e-17	5.14e-18
 3.62424e+14	7.28e-17	2.20e-11	1.02e-06	9.23e-04	4.60e-02	3.12e-01	6.41e-01	0.00e+00	0.00e+00	4.18e-17	2.22e-17	7.67e-18
 3.75806e+14	1.08e-16	3.08e-11	1.33e-06	1.12e-03	5.16e-02	3.27e-01	6.20e-01	0.00e+00	0.00e+00	6.19e-17	3.28e-17	1.13e-17
 3.87946e+14	1.52e-16	4.13e-11	1.67e-06	1.32e-03	5.69e-02	3.41e-01	6.01e-01	0.00e+00	0.00e+00	8.74e-17	4.63e-17	1.59e-17
 4.01467e+14	2.13e-16	5.57e-11	2.14e-06	1.57e-03	6.32e-02	3.55e-01	5.80e-01	0.00e+00	0.00e+00	1.23e-16	6.49e-17	2.22e-17
 4.17307e+14	3.34e-16	8.08e-11	2.84e-06	1.92e-03	7.11e-02	3.71e-01	5.56e-01	0.00e+00	0.00e+00	1.92e-16	1.01e-16	3.45e-17
 4.32934e+14	4.97e-16	1.13e-10	3.69e-06	2.31e-03	7.92e-02	3.85e-01	5.33e-01	0.00e+00	0.00e+00	2.86e-16	1.51e-16	5.11e-17
 4.47634e+14	7.14e-16	1.53e-10	4.68e-06	2.73e-03	8.72e-02	3.98e-01	5.12e-01	0.00e+00	0.00e+00	4.12e-16	2.17e-16	7.31e-17
 4.64016e+14	1.02e-15	2.08e-10	6.03e-06	3.26e-03	9.65e-02	4.12e-01	4.89e-01	0.00e+00	0.00e+00	5.87e-16	3.09e-16	1.04e-16
 4.82607e+14	1.63e-15	3.05e-10	7.95e-06	3.95e-03	1.08e-01	4.26e-01	4.63e-01	0.00e+00	0.00e+00	9.39e-16	4.94e-16	1.65e-16
 5.01028e+14	2.44e-15	4.25e-10	1.03e-05	4.72e-03	1.19e-01	4.38e-01	4.38e-01	0.00e+00	0.00e+00	1.41e-15	7.40e-16	2.47e-16
 5.16186e+14	3.36e-15	5.54e-10	1.26e-05	5.43e-03	1.29e-01	4.47e-01	4.19e-01	0.00e+00	0.00e+00	1.94e-15	1.02e-15	3.39e-16
 5.28042e+14	4.29e-15	6.77e-10	1.47e-05	6.03e-03	1.36e-01	4.53e-01	4.04e-01	0.00e+00	0.00e+00	2.48e-15	1.30e-15	4.32e-16
 5.41016e+14	5.52e-15	8.34e-10	1.73e-05	6.75e-03	1.45e-01	4.60e-01	3.89e-01	0.00e+00	0.00e+00	3.19e-15	1.67e-15	5.55e-16
 5.57883e+14	7.74e-15	1.10e-09	2.13e-05	7.76e-03	1.56e-01	4.67e-01	3.69e-01	0.00e+00	0.00e+00	4.48e-15	2.35e-15	7.76e-16
 5.76130e+14	1.08e-14	1.44e-09	2.63e-05	8.96e-03	1.69e-01	4.74e-01	3.49e-01	0.00e+00	0.00e+00	6.25e-15	3.28e-15	1.08e-15
 5.92570e+14	1.42e-14	1.81e-09	3.16e-05	1.01e-02	1.80e-01	4.78e-01	3.31e-01	0.00e+00	0.00e+00	8.23e-15	4.31e-15	1.42e-15
 6.10339e+14	1.94e-14	2.33e-09	3.82e-05	1.15e-02	1.92e-01	4.83e-01	3.13e-01	0.00e+00	0.00e+00	1.12e-14	5.88e-15	1.94e-15
 6.32805e+14	2.97e-14	3.23e-09	4.83e-05	1.35e-02	2.08e-01	4.87e-01	2.91e-01	0.00e+00	0.00e+00	1.72e-14	9.00e-15	2.95e-15
 6.55453e+14	4.10e-14	4.23e-09	6.02e-05	1.56e-02	2.24e-01	4.89e-01	2.71e-01	0.00e+00	0.00e+00	2.38e-14	1.24e-14	4.07e-15
 6.74642e+14	5.60e-14	5.41e-09	7.22e-05	1.76e-02	2.38e-01	4.90e-01	2.55e-01	0.00e+00	0.00e+00	3.25e-14	1.70e-14	5.56e-15
 6.95256e+14	7.68e-14	6.94e-09	8.70e-05	1.99e-02	2.52e-01	4.89e-01	2.38e-01	0.00e+00	0.00e+00	4.45e-14	2.33e-14	7.61e-15
 7.21060e+14	1.17e-13	9.58e-09	1.09e-04	2.30e-02	2.70e-01	4.88e-01	2.19e-01	0.00e+00	0.00e+00	6.81e-14	3.56e-14	1.16e-14
 7.47624e+14	1.69e-13	1.27e-08	1.35e-04	2.64e-02	2.88e-01	4.84e-01	2.01e-01	0.00e+00	0.00e+00	9.80e-14	5.12e-14	1.67e-14
 7.71081e+14	2.26e-13	1.61e-08	1.62e-04	2.97e-02	3.04e-01	4.80e-01	1.86e-01	0.00e+00	0.00e+00	1.31e-13	6.86e-14	2.23e-14
 7.96487e+14	3.15e-13	2.08e-08	1.96e-04	3.35e-02	3.21e-01	4.74e-01	1.71e-01	0.00e+00	0.00e+00	1.83e-13	9.56e-14	3.11e-14
 8.27079e+14	4.89e-13	2.89e-08	2.45e-04	3.85e-02	3.40e-01	4.66e-01	1.54e-01	0.00e+00	0.00e+00	2.84e-13	1.49e-13	4.82e-14
 8.57357e+14	7.06e-13	3.82e-08	3.01e-04	4.38e-02	3.59e-01	4.57e-01	1.40e-01	0.00e+00	0.00e+00	4.10e-13	2.14e-13	6.95e-14
 8.84493e+14	9.72e-13	4.86e-08	3.59e-04	4.88e-02	3.75e-01	4.48e-01	1.28e-01	0.00e+00	0.00e+00	5.65e-13	2.95e-13	9.55e-14
 9.14596e+14	1.35e-12	6.25e-08	4.32e-04	5.47e-02	3.92e-01	4.37e-01	1.16e-01	0.00e+00	0.00e+00	7.85e-13	4.10e-13	1.33e-13
 9.50258e+14	2.02e-12	8.44e-08	5.34e-04	6.21e-02	4.11e-01	4.24e-01	1.03e-01	0.00e+00	0.00e+00	1.17e-12	6.13e-13	1.98e-13
 9.84184e+14	2.84e-12	1.09e-07	6.44e-04	6.95e-02	4.27e-01	4.10e-01	9.21e-02	0.00e+00	0.00e+00	1.65e-12	8.61e-13	2.78e-13
 1.01358e+15	3.71e-12	1.34e-07	7.53e-04	7.63e-02	4.41e-01	3.99e-01	8.38e-02	0.00e+00	0.00e+00	2.15e-12	1.13e-12	3.63e-13
 1.04604e+15	5.06e-12	1.69e-07	8.90e-04	8.41e-02	4.54e-01	3.85e-01	7.54e-02	0.00e+00	0.00e+00	2.94e-12	1.54e-12	4.96e-13
 1.08569e+15	7.75e-12	2.29e-07	1.08e-03	9.41e-02	4.70e-01	3.69e-01	6.61e-02	0.00e+00	0.00e+00	4.51e-12	2.35e-12	7.60e-13
 1.12039e+15	1.06e-11	2.87e-07	1.27e-03	1.03e-01	4.82e-01	3.54e-01	5.91e-02	0.00e+00	0.00e+00	6.14e-12	3.21e-12	1.04e-12
 1.14514e+15	1.31e-11	3.36e-07	1.42e-03	1.10e-01	4.90e-01	3.44e-01	5.45e-02	0.00e+00	0.00e+00	7.63e-12	3.99e-12	1.29e-12
 1.17123e+15	1.64e-11	3.96e-07	1.59e-03	1.17e-01	4.98e-01	3.33e-01	5.02e-02	0.00e+00	0.00e+00	9.55e-12	4.99e-12	1.61e-12
 1.20515e+15	2.08e-11	4.75e-07	1.83e-03	1.27e-01	5.07e-01	3.20e-01	4.51e-02	0.00e+00	0.00e+00	1.21e-11	6.33e-12	2.04e-12
 1.24882e+15	3.11e-11	6.28e-07	2.19e-03	1.39e-01	5.17e-01	3.02e-01	3.91e-02	0.00e+00	0.00e+00	1.81e-11	9.45e-12	3.05e-12
 1.29062e+15	4.06e-11	7.69e-07	2.56e-03	1.52e-01	5.25e-01	2.86e-01	3.44e-02	0.00e+00	0.00e+00	2.36e-11	1.23e-11	3.98e-12
 1.32352e+15	5.48e-11	9.44e-07	2.90e-03	1.62e-01	5.31e-01	2.74e-01	3.09e-02	0.00e+00	0.00e+00	3.19e-11	1.67e-11	5.37e-12
 1.35941e+15	7.12e-11	1.14e-06	3.30e-03	1.73e-01	5.35e-01	2.61e-01	2.76e-02	0.00e+00	0.00e+00	4.14e-11	2.16e-11	6.98e-12
 1.40605e+15	9.36e-11	1.40e-06	3.85e-03	1.87e-01	5.40e-01	2.45e-01	2.40e-02	0.00e+00	0.00e+00	5.45e-11	2.85e-11	9.19e-12
 1.45643e+15	1.40e-10	1.84e-06	4.56e-03	2.04e-01	5.43e-01	2.28e-01	2.04e-02	0.00e+00	0.00e+00	8.14e-11	4.26e-11	1.37e-11
 1.49923e+15	1.84e-10	2.24e-06	5.20e-03	2.17e-01	5.45e-01	2.14e-01	1.79e-02	0.00e+00	0.00e+00	1.07e-10	5.61e-11	1.81e-11
 1.54241e+15	2.40e-10	2.70e-06	5.92e-03	2.31e-01	5.45e-01	2.02e-01	1.57e-02	0.00e+00	0.00e+00	1.39e-10	7.29e-11	2.36e-11
 1.59817e+15	3.22e-10	3.36e-06	6.93e-03	2.49e-01	5.44e-01	1.86e-01	1.33e-02	0.00e+00	0.00e+00	1.88e-10	9.81e-11	3.17e-11
 1.65595e+15	4.83e-10	4.41e-06	8.15e-03	2.69e-01	5.41e-01	1.71e-01	1.12e-02	0.00e+00	0.00e+00	2.81e-10	1.47e-10	4.75e-11
 1.70403e+15	6.24e-10	5.30e-06	9.23e-03	2.84e-01	5.38e-01	1.59e-01	9.69e-03	0.00e+00	0.00e+00	3.63e-10	1.90e-10	6.14e-11
 1.75386e+15	7.95e-10	6.31e-06	1.05e-02	3.00e-01	5.33e-01	1.48e-01	8.38e-03	0.00e+00	0.00e+00	4.62e-10	2.42e-10	7.82e-11
 1.81768e+15	1.19e-09	8.28e-06	1.23e-02	3.21e-01	5.25e-01	1.34e-01	6.89e-03	0.00e+00	0.00e+00	6.91e-10	3.62e-10	1.17e-10
 1.88054e+15	1.63e-09	1.03e-05	1.42e-02	3.41e-01	5.17e-01	1.22e-01	5.75e-03	0.00e+00	0.00e+00	9.47e-10	4.96e-10	1.61e-10
 1.93090e+15	2.09e-09	1.23e-05	1.59e-02	3.57e-01	5.09e-01	1.13e-01	4.97e-03	0.00e+00	0.00e+00	1.22e-09	6.38e-10	2.07e-10
 1.98416e+15	2.73e-09	1.48e-05	1.78e-02	3.74e-01	5.00e-01	1.04e-01	4.26e-03	0.00e+00	0.00e+00	1.59e-09	8.31e-10	2.69e-10
 2.03878e+15	3.47e-09	1.76e-05	2.00e-02	3.90e-01	4.91e-01	9.55e-02	3.65e-03	0.00e+00	0.00e+00	2.02e-09	1.06e-09	3.43e-10
 2.08428e+15	4.17e-09	2.01e-05	2.19e-02	4.03e-01	4.82e-01	8.91e-02	3.22e-03	0.00e+00	0.00e+00	2.43e-09	1.27e-09	4.13e-10
 2.13258e+15	5.18e-09	2.33e-05	2.41e-02	4.17e-01	4.73e-01	8.27e-02	2.81e-03	0.00e+00	0.00e+00	3.01e-09	1.58e-09	5.12e-10
 2.18690e+15	6.94e-09	2.84e-05	2.69e-02	4.33e-01	4.62e-01	7.57e-02	2.39e-03	0.00e+00	0.00e+00	4.04e-09	2.12e-09	6.87e-10
 2.23501e+15	8.49e-09	3.27e-05	2.94e-02	4.46e-01	4.52e-01	7.02e-02	2.09e-03	0.00e+00	0.00e+00	4.94e-09	2.59e-09	8.41e-10
 2.28353e+15	1.04e-08	3.76e-05	3.21e-02	4.59e-01	4.42e-01	6.51e-02	1.82e-03	0.00e+00	0.00e+00	6.03e-09	3.16e-09	1.03e-09
 2.34660e+15	1.38e-08	4.58e-05	3.61e-02	4.76e-01	4.28e-01	5.87e-02	1.52e-03	0.00e+00	0.00e+00	8.02e-09	4.21e-09	1.37e-09
 2.41550e+15	1.71e-08	5.38e-05	4.05e-02	4.93e-01	4.13e-01	5.28e-02	1.27e-03	0.00e+00	0.00e+00	9.96e-09	5.23e-09	1.70e-09
 2.48026e+15	2.36e-08	6.67e-05	4.55e-02	5.08e-01	3.98e-01	4.73e-02	1.05e-03	0.00e+00	0.00e+00	1.37e-08	7.21e-09	2.35e-09
 2.53955e+15	2.99e-08	7.86e-05	5.02e-02	5.21e-01	3.84e-01	4.30e-02	8.88e-04	0.00e+00	0.00e+00	1.74e-08	9.12e-09	2.97e-09
 2.59505e+15	3.70e-08	9.13e-05	5.50e-02	5.33e-01	3.72e-01	3.92e-02	7.61e-04	0.00e+00	0.00e+00	2.15e-08	1.13e-08	3.68e-09
 2.65877e+15	4.66e-08	1.08e-04	6.09e-02	5.46e-01	3.57e-01	3.53e-02	6.38e-04	0.00e+00	0.00e+00	2.71e-08	1.43e-08	4.64e-09
 2.72733e+15	6.15e-08	1.30e-04	6.80e-02	5.58e-01	3.41e-01	3.14e-02	5.25e-04	0.00e+00	0.00e+00	3.58e-08	1.88e-08	6.13e-09
 2.79181e+15	7.69e-08	1.53e-04	7.51e-02	5.69e-01	3.27e-01	2.82e-02	4.39e-04	0.00e+00	0.00e+00	4.48e-08	2.35e-08	7.67e-09
 2.85391e+15	9.33e-08	1.76e-04	8.24e-02	5.79e-01	3.13e-01	2.54e-02	3.71e-04	0.00e+00	0.00e+00	5.43e-08	2.85e-08	9.31e-09
 2.92328e+15	1.29e-07	2.20e-04	9.22e-02	5.88e-01	2.97e-01	2.24e-02	3.00e-04	0.00e+00	0.00e+00	7.52e-08	3.95e-08	1.29e-08
 2.99865e+15	1.66e-07	2.63e-04	1.03e-01	5.97e-01	2.80e-01	1.96e-02	2.43e-04	0.00e+00	0.00e+00	9.65e-08	5.07e-08	1.66e-08
 3.06704e+15	2.04e-07	3.07e-04	1.14e-01	6.03e-01	2.65e-01	1.74e-02	2.01e-04	0.00e+00	0.00e+00	1.19e-07	6.25e-08	2.04e-08
 3.13059e+15	2.59e-07	3.62e-04	1.25e-01	6.08e-01	2.51e-01	1.54e-02	1.67e-04	0.00e+00	0.00e+00	1.50e-07	7.91e-08	2.59e-08
 3.18979e+15	3.23e-07	4.24e-04	1.37e-01	6.11e-01	2.38e-01	1.38e-02	1.40e-04	0.00e+00	0.00e+00	1.88e-07	9.90e-08	3.24e-08
 3.24404e+15	4.22e-07	5.07e-04	1.49e-01	6.12e-01	2.26e-01	1.23e-02	1.17e-04	0.00e+00	0.00e+00	2.45e-07	1.29e-07	4.23e-08
 3.29264e+15	4.98e-07	5.72e-04	1.60e-01	6.13e-01	2.15e-01	1.12e-02	1.01e-04	0.00e+00	0.00e+00	2.90e-07	1.52e-07	4.99e-08
 3.34379e+15	5.84e-07	6.44e-04	1.72e-01	6.13e-01	2.04e-01	1.01e-02	8.64e-05	0.00e+00	0.00e+00	3.40e-07	1.79e-07	5.86e-08
 3.41029e+15	8.12e-07	8.05e-04	1.92e-01	6.09e-01	1.90e-01	8.69e-03	6.82e-05	0.00e+00	0.00e+00	4.72e-07	2.49e-07	8.15e-08
 3.46691e+15	9.73e-07	9.21e-04	2.07e-01	6.06e-01	1.78e-01	7.74e-03	5.73e-05	0.00e+00	0.00e+00	5.66e-07	2.98e-07	9.78e-08
 3.50284e+15	1.13e-06	1.02e-03	2.19e-01	6.02e-01	1.71e-01	7.12e-03	5.06e-05	0.00e+00	0.00e+00	6.58e-07	3.47e-07	1.14e-07
 3.54170e+15	1.33e-06	1.15e-03	2.32e-01	5.98e-01	1.62e-01	6.49e-03	4.41e-05	0.00e+00	0.00e+00	7.73e-07	4.07e-07	1.34e-07
 3.59222e+15	1.67e-06	1.34e-03	2.52e-01	5.90e-01	1.52e-01	5.71e-03	3.63e-05	0.00e+00	0.00e+00	9.73e-07	5.12e-07	1.68e-07
 3.64185e+15	2.04e-06	1.55e-03	2.71e-01	5.81e-01	1.42e-01	5.05e-03	3.04e-05	0.00e+00	0.00e+00	1.19e-06	6.26e-07	2.06e-07
 3.68056e+15	2.41e-06	1.74e-03	2.87e-01	5.73e-01	1.34e-01	4.56e-03	2.62e-05	0.00e+00	0.00e+00	1.40e-06	7.38e-07	2.43e-07
 3.72113e+15	2.89e-06	1.98e-03	3.06e-01	5.62e-01	1.25e-01	4.07e-03	2.21e-05	0.00e+00	0.00e+00	1.68e-06	8.86e-07	2.92e-07
 3.76555e+15	3.45e-06	2.25e-03	3.27e-01	5.50e-01	1.17e-01	3.60e-03	1.86e-05	0.00e+00	0.00e+00	2.01e-06	1.06e-06	3.48e-07
 3.80730e+15	4.25e-06	2.59e-03	3.50e-01	5.37e-01	1.08e-01	3.16e-03	1.54e-05	0.00e+00	0.00e+00	2.47e-06	1.30e-06	4.29e-07
 3.84447e+15	5.03e-06	2.92e-03	3.70e-01	5.24e-01	1.01e-01	2.81e-03	1.31e-05	0.00e+00	0.00e+00	2.92e-06	1.54e-06	5.08e-07
 3.88334e+15	5.73e-06	3.21e-03	3.91e-01	5.10e-01	9.34e-02	2.50e-03	1.11e-05	0.00e+00	0.00e+00	3.33e-06	1.76e-06	5.79e-07
 3.93387e+15	7.86e-06	3.98e-03	4.25e-01	4.85e-01	8.32e-02	2.05e-03	8.38e-06	0.00e+00	0.00e+00	4.57e-06	2.41e-06	7.96e-07
 3.97787e+15	9.43e-06	4.53e-03	4.52e-01	4.66e-01	7.55e-02	1.76e-03	6.80e-06	0.00e+00	0.00e+00	5.49e-06	2.90e-06	9.55e-07
 4.00767e+15	1.07e-05	4.94e-03	4.72e-01	4.51e-01	7.02e-02	1.58e-03	5.83e-06	0.00e+00	0.00e+00	6.21e-06	3.28e-06	1.08e-06
 4.04071e+15	1.26e-05	5.54e-03	4.96e-01	4.33e-01	6.42e-02	1.37e-03	4.83e-06	0.00e+00	0.00e+00	7.33e-06	3.87e-06	1.28e-06
 4.08366e+15	1.69e-05	6.73e-03	5.31e-01	4.05e-01	5.63e-02	1.11e-03	3.61e-06	0.00e+00	0.00e+00	9.81e-06	5.18e-06	1.71e-06
 4.12288e+15	1.94e-05	7.43e-03	5.57e-01	3.84e-01	5.04e-02	9.45e-04	2.91e-06	0.00e+00	0.00e+00	1.13e-05	5.96e-06	1.97e-06
 4.15726e+15	2.48e-05	8.74e-03	5.87e-01	3.59e-01	4.45e-02	7.80e-04	2.24e-06	0.00e+00	0.00e+00	1.44e-05	7.62e-06	2.52e-06
 4.19156e+15	3.03e-05	9.98e-03	6.14e-01	3.36e-01	3.94e-02	6.49e-04	1.75e-06	0.00e+00	0.00e+00	1.76e-05	9.31e-06	3.08e-06
 4.22001e+15	3.52e-05	1.10e-02	6.36e-01	3.16e-01	3.54e-02	5.55e-04	1.42e-06	0.00e+00	0.00e+00	2.05e-05	1.08e-05	3.59e-06
 4.25124e+15	4.07e-05	1.22e-02	6.60e-01	2.96e-01	3.13e-02	4.64e-04	1.13e-06	0.00e+00	0.00e+00	2.37e-05	1.25e-05	4.15e-06
 4.29184e+15	5.49e-05	1.48e-02	6.95e-01	2.64e-01	2.59e-02	3.50e-04	7.71e-07	0.00e+00	0.00e+00	3.19e-05	1.69e-05	5.60e-06
 4.32910e+15	6.70e-05	1.68e-02	7.21e-01	2.39e-01	2.19e-02	2.75e-04	0.00e+00	0.00e+00	0.00e+00	3.90e-05	2.06e-05	6.84e-06
 4.35175e+15	7.67e-05	1.83e-02	7.38e-01	2.24e-01	1.97e-02	2.35e-04	0.00e+00	0.00e+00	0.00e+00	4.46e-05	2.36e-05	7.84e-06
 4.36771e+15	8.48e-05	1.95e-02	7.49e-01	2.13e-01	1.81e-02	2.08e-04	0.00e+00	0.00e+00	0.00e+00	4.93e-05	2.61e-05	8.67e-06
 4.38527e+15	9.40e-05	2.09e-02	7.61e-01	2.01e-01	1.65e-02	1.82e-04	0.00e+00	0.00e+00	0.00e+00	5.47e-05	2.89e-05	9.62e-06
 4.40810e+15	1.08e-04	2.28e-02	7.77e-01	1.86e-01	1.45e-02	1.51e-04	0.00e+00	0.00e+00	0.00e+00	6.30e-05	3.33e-05	1.11e-05
 4.43240e+15	1.26e-04	2.50e-02	7.91e-01	1.71e-01	1.26e-02	1.24e-04	0.00e+00	0.00e+00	0.00e+00	7.30e-05	3.86e-05	1.29e-05
 4.45347e+15	1.39e-04	2.67e-02	8.03e-01	1.59e-01	1.12e-02	1.05e-04	0.00e+00	0.00e+00	0.00e+00	8.10e-05	4.29e-05	1.43e-05
 4.47575e+15	1.64e-04	2.95e-02	8.16e-01	1.45e-01	9.71e-03	8.55e-05	0.00e+00	0.00e+00	0.00e+00	9.53e-05	5.04e-05	1.68e-05
 4.49836e+15	1.88e-04	3.20e-02	8.27e-01	1.32e-01	8.45e-03	7.01e-05	0.00e+00	0.00e+00	0.00e+00	1.09e-04	5.78e-05	1.93e-05
 4.51786e+15	2.11e-04	3.44e-02	8.36e-01	1.22e-01	7.44e-03	5.86e-05	0.00e+00	0.00e+00	0.00e+00	1.23e-04	6.50e-05	2.17e-05
 4.53970e+15	2.42e-04	3.73e-02	8.45e-01	1.11e-01	6.41e-03	4.73e-05	0.00e+00	0.00e+00	0.00e+00	1.41e-04	7.45e-05	2.49e-05
 4.56381e+15	2.80e-04	4.07e-02	8.54e-01	9.99e-02	5.43e-03	3.75e-05	0.00e+00	0.00e+00	0.00e+00	1.63e-04	8.61e-05	2.88e-05
 4.58596e+15	3.20e-04	4.41e-02	8.61e-01	9.04e-02	4.66e-03	3.01e-05	0.00e+00	0.00e+00	0.00e+00	1.86e-04	9.86e-05	3.29e-05
 4.60624e+15	3.61e-04	4.73e-02	8.66e-01	8.23e-02	4.03e-03	2.45e-05	0.00e+00	0.00e+00	0.00e+00	2.10e-04	1.11e-04	3.72e-05
 4.62904e+15	4.14e-04	5.13e-02	8.71e-01	7.37e-02	3.39e-03	1.92e-05	0.00e+00	0.00e+00	0.00e+00	2.41e-04	1.28e-04	4.26e-05
 4.65416e+15	4.81e-04	5.59e-02	8.76e-01	6.53e-02	2.81e-03	1.47e-05	0.00e+00	0.00e+00	0.00e+00	2.80e-04	1.48e-04	4.95e-05
 4.67694e+15	5.50e-04	6.03e-02	8.78e-01	5.84e-02	2.37e-03	1.15e-05	0.00e+00	0.00e+00	0.00e+00	3.20e-04	1.69e-04	5.67e-05
 4.69770e+15	6.21e-04	6.46e-02	8.80e-01	5.27e-02	2.02e-03	9.18e-06	0.00e+00	0.00e+00	0.00e+00	3.61e-04	1.91e-04	6.40e-05
 4.72117e+15	7.13e-04	6.98e-02	8.81e-01	4.66e-02	1.67e-03	7.02e-06	0.00e+00	0.00e+00	0.00e+00	4.15e-04	2.19e-04	7.35e-05
 4.74715e+15	8.28e-04	7.60e-02	8.81e-01	4.08e-02	1.36e-03	5.24e-06	0.00e+00	0.00e+00	0.00e+00	4.82e-04	2.55e-04	8.54e-05
 4.77086e+15	9.48e-04	8.19e-02	8.80e-01	3.61e-02	1.12e-03	4.00e-06	0.00e+00	0.00e+00	0.00e+00	5.52e-04	2.92e-04	9.79e-05
 4.79275e+15	1.08e-03	8.78e-02	8.78e-01	3.21e-02	9.42e-04	3.11e-06	0.00e+00	0.00e+00	0.00e+00	6.26e-04	3.31e-04	1.11e-04
 4.81780e+15	1.24e-03	9.50e-02	8.75e-01	2.80e-02	7.62e-04	2.30e-06	0.00e+00	0.00e+00	0.00e+00	7.23e-04	3.83e-04	1.28e-04
 4.84518e+15	1.45e-03	1.03e-01	8.70e-01	2.42e-02	6.09e-04	1.67e-06	0.00e+00	0.00e+00	0.00e+00	8.43e-04	4.46e-04	1.50e-04
 4.86997e+15	1.67e-03	1.11e-01	8.65e-01	2.12e-02	4.97e-04	1.25e-06	0.00e+00	0.00e+00	0.00e+00	9.69e-04	5.13e-04	1.72e-04
 4.89292e+15	1.89e-03	1.19e-01	8.60e-01	1.87e-02	4.10e-04	9.45e-07	0.00e+00	0.00e+00	0.00e+00	1.10e-03	5.83e-04	1.96e-04
 4.91914e+15	2.20e-03	1.29e-01	8.52e-01	1.61e-02	3.26e-04	0.00e+00	0.00e+00	0.00e+00	0.00e+00	1.28e-03	6.77e-04	2.27e-04
 4.94794e+15	2.58e-03	1.41e-01	8.43e-01	1.38e-02	2.56e-04	0.00e+00	0.00e+00	0.00e+00	0.00e+00	1.50e-03	7.95e-04	2.67e-04
 4.97407e+15	2.99e-03	1.52e-01	8.33e-01	1.19e-02	2.05e-04	0.00e+00	0.00e+00	0.00e+00	0.00e+00	1.74e-03	9.22e-04	3.10e-04
 4.99830e+15	3.43e-03	1.63e-01	8.23e-01	1.04e-02	1.67e-04	0.00e+00	0.00e+00	0.00e+00	0.00e+00	2.00e-03	1.06e-03	3.55e-04
 5.02607e+15	4.02e-03	1.77e-01	8.10e-01	8.81e-03	1.30e-04	0.00e+00	0.00e+00	0.00e+00	0.00e+00	2.34e-03	1.24e-03	4.16e-04
 5.05679e+15	4.78e-03	1.94e-01	7.94e-01	7.37e-03	9.97e-05	0.00e+00	0.00e+00	0.00e+00	0.00e+00	2.78e-03	1.47e-03	4.94e-04
 5.08497e+15	5.62e-03	2.11e-01	7.77e-01	6.24e-03	7.77e-05	0.00e+00	0.00e+00	0.00e+00	0.00e+00	3.27e-03	1.73e-03	5.82e-04
 5.11110e+15	6.50e-03	2.27e-01	7.61e-01	5.34e-03	6.16e-05	0.00e+00	0.00e+00	0.00e+00	0.00e+00	3.79e-03	2.00e-03	6.73e-04
 5.14097e+15	7.76e-03	2.48e-01	7.39e-01	4.42e-03	4.66e-05	0.00e+00	0.00e+00	0.00e+00	0.00e+00	4.52e-03	2.39e-03	8.04e-04
 5.17396e+15	9.42e-03	2.73e-01	7.14e-01	3.59e-03	3.43e-05	0.00e+00	0.00e+00	0.00e+00	0.00e+00	5.49e-03	2.90e-03	9.76e-04
 5.20493e+15	1.13e-02	2.99e-01	6.87e-01	2.94e-03	2.57e-05	0.00e+00	0.00e+00	0.00e+00	0.00e+00	6.57e-03	3.47e-03	1.17e-03
 5.23910e+15	1.39e-02	3.30e-01	6.54e-01	2.33e-03	1.83e-05	0.00e+00	0.00e+00	0.00e+00	0.00e+00	8.08e-03	4.27e-03	1.44e-03
 5.27524e+15	1.73e-02	3.66e-01	6.15e-01	1.80e-03	1.27e-05	0.00e+00	0.00e+00	0.00e+00	0.00e+00	1.01e-02	5.32e-03	1.79e-03
 5.30567e+15	2.09e-02	3.99e-01	5.79e-01	1.44e-03	9.26e-06	0.00e+00	0.00e+00	0.00e+00	0.00e+00	1.22e-02	6.43e-03	2.17e-03
 5.33230e+15	2.46e-02	4.29e-01	5.45e-01	1.17e-03	6.94e-06	0.00e+00	0.00e+00	0.00e+00	0.00e+00	1.44e-02	7.58e-03	2.56e-03
 5.36229e+15	2.98e-02	4.64e-01	5.05e-01	9.09e-04	4.90e-06	0.00e+00	0.00e+00	0.00e+00	0.00e+00	1.74e-02	9.16e-03	3.09e-03
 5.39548e+15	3.70e-02	5.06e-01	4.56e-01	6.75e-04	3.27e-06	0.00e+00	0.00e+00	0.00e+00	0.00e+00	2.16e-02	1.14e-02	3.84e-03
 5.42518e+15	4.49e-02	5.45e-01	4.10e-01	5.09e-04	2.24e-06	0.00e+00	0.00e+00	0.00e+00	0.00e+00	2.62e-02	1.38e-02	4.66e-03
 5.45123e+15	5.33e-02	5.78e-01	3.68e-01	3.89e-04	1.57e-06	0.00e+00	0.00e+00	0.00e+00	0.00e+00	3.11e-02	1.64e-02	5.53e-03
 5.47425e+15	6.21e-02	6.07e-01	3.31e-01	3.03e-04	1.13e-06	0.00e+00	0.00e+00	0.00e+00	0.00e+00	3.62e-02	1.91e-02	6.45e-03
 5.49400e+15	7.06e-02	6.30e-01	2.99e-01	2.41e-04	8.40e-07	0.00e+00	0.00e+00	0.00e+00	0.00e+00	4.12e-02	2.17e-02	7.34e-03
 5.51550e+15	8.15e-02	6.54e-01	2.64e-01	1.84e-04	0.00e+00	0.00e+00	0.00e+00	0.00e+00	0.00e+00	4.76e-02	2.50e-02	8.47e-03
 5.53835e+15	9.50e-02	6.76e-01	2.28e-01	1.36e-04	0.00e+00	0.00e+00	0.00e+00	0.00e+00	0.00e+00	5.54e-02	2.91e-02	9.87e-03
