#depth	He	He+	He+2
 1.49634e+10	1.42e-24	8.38e-13	1.00e+00
 4.54887e+10	1.59e-24	9.06e-13	1.00e+00
 7.72350e+10	1.78e-24	9.81e-13	1.00e+00
 1.10251e+11	1.99e-24	1.06e-12	1.00e+00
 1.44588e+11	2.22e-24	1.15e-12	1.00e+00
 1.80298e+11	2.49e-24	1.24e-12	1.00e+00
 2.17437e+11	2.79e-24	1.34e-12	1.00e+00
 2.55293e+11	3.12e-24	1.45e-12	1.00e+00
 2.94663e+11	3.50e-24	1.57e-12	1.00e+00
 3.36376e+11	3.94e-24	1.70e-12	1.00e+00
 3.79758e+11	4.44e-24	1.83e-12	1.00e+00
 4.24875e+11	5.01e-24	1.99e-12	1.00e+00
 4.71797e+11	5.66e-24	2.15e-12	1.00e+00
 5.15596e+11	6.33e-24	2.31e-12	1.00e+00
 5.54211e+11	6.95e-24	2.45e-12	1.00e+00
 5.97307e+11	7.70e-24	2.62e-12	1.00e+00
 6.49062e+11	8.71e-24	2.82e-12	1.00e+00
 7.01082e+11	9.83e-24	3.04e-12	1.00e+00
 7.48907e+11	1.09e-23	3.24e-12	1.00e+00
 8.02273e+11	1.22e-23	3.48e-12	1.00e+00
 8.64049e+11	1.40e-23	3.77e-12	1.00e+00
 9.24453e+11	1.59e-23	4.06e-12	1.00e+00
 9.81737e+11	1.78e-23	4.34e-12	1.00e+00
 1.04540e+12	2.01e-23	4.67e-12	1.00e+00
 1.11714e+12	2.31e-23	5.06e-12	1.00e+00
 1.18932e+12	2.64e-23	5.46e-12	1.00e+00
 1.26438e+12	3.01e-23	5.90e-12	1.00e+00
 1.34488e+12	3.47e-23	6.39e-12	1.00e+00
 1.42861e+12	3.99e-23	6.92e-12	1.00e+00
 1.51568e+12	4.60e-23	7.50e-12	1.00e+00
 1.60623e+12	5.31e-23	8.12e-12	1.00e+00
 1.70041e+12	6.13e-23	8.79e-12	1.00e+00
 1.79835e+12	7.09e-23	9.53e-12	1.00e+00
 1.90021e+12	8.20e-23	1.03e-11	1.00e+00
 2.00615e+12	9.49e-23	1.12e-11	1.00e+00
 2.11632e+12	1.10e-22	1.21e-11	1.00e+00
 2.23090e+12	1.28e-22	1.31e-11	1.00e+00
 2.34271e+12	1.47e-22	1.42e-11	1.00e+00
 2.44904e+12	1.67e-22	1.52e-11	1.00e+00
 2.56698e+12	1.91e-22	1.64e-11	1.00e+00
 2.69574e+12	2.22e-22	1.77e-11	1.00e+00
 2.81999e+12	2.55e-22	1.91e-11	1.00e+00
 2.95305e+12	2.93e-22	2.06e-11	1.00e+00
 3.10110e+12	3.42e-22	2.23e-11	1.00e+00
 3.25049e+12	3.97e-22	2.42e-11	1.00e+00
 3.40586e+12	4.60e-22	2.62e-11	1.00e+00
 3.57203e+12	5.37e-22	2.84e-11	1.00e+00
 3.74483e+12	6.27e-22	3.09e-11	1.00e+00
 3.92455e+12	7.33e-22	3.35e-11	1.00e+00
 4.11146e+12	8.56e-22	3.64e-11	1.00e+00
 4.30585e+12	1.00e-21	3.96e-11	1.00e+00
 4.50801e+12	1.17e-21	4.30e-11	1.00e+00
 4.71826e+12	1.37e-21	4.67e-11	1.00e+00
 4.91562e+12	1.58e-21	5.04e-11	1.00e+00
 5.09157e+12	1.78e-21	5.38e-11	1.00e+00
 5.28881e+12	2.03e-21	5.78e-11	1.00e+00
 5.52326e+12	2.37e-21	6.28e-11	1.00e+00
 5.75825e+12	2.75e-21	6.80e-11	1.00e+00
 5.97801e+12	3.14e-21	7.31e-11	1.00e+00
 6.22242e+12	3.62e-21	7.90e-11	1.00e+00
 6.50124e+12	4.24e-21	8.61e-11	1.00e+00
 6.77789e+12	4.94e-21	9.35e-11	1.00e+00
 7.06561e+12	5.73e-21	1.02e-10	1.00e+00
 7.37816e+12	6.72e-21	1.11e-10	1.00e+00
 7.69629e+12	7.84e-21	1.21e-10	1.00e+00
 7.99168e+12	9.02e-21	1.30e-10	1.00e+00
 8.26282e+12	1.02e-20	1.40e-10	1.00e+00
 8.57224e+12	1.16e-20	1.51e-10	1.00e+00
 8.93704e+12	1.36e-20	1.64e-10	1.00e+00
 9.29822e+12	1.57e-20	1.79e-10	1.00e+00
 9.63395e+12	1.79e-20	1.93e-10	1.00e+00
 1.00094e+13	2.06e-20	2.09e-10	1.00e+00
 1.04397e+13	2.41e-20	2.29e-10	1.00e+00
 1.08618e+13	2.79e-20	2.50e-10	1.00e+00
 1.12669e+13	3.18e-20	2.71e-10	1.00e+00
 1.17136e+13	3.66e-20	2.95e-10	1.00e+00
 1.22121e+13	4.27e-20	3.24e-10	1.00e+00
 1.27144e+13	4.94e-20	3.55e-10	1.00e+00
 1.32367e+13	5.70e-20	3.88e-10	1.00e+00
 1.37791e+13	6.59e-20	4.26e-10	1.00e+00
 1.43431e+13	7.58e-20	4.67e-10	1.00e+00
 1.49468e+13	8.77e-20	5.14e-10	1.00e+00
 1.55746e+13	1.01e-19	5.66e-10	1.00e+00
 1.62275e+13	1.16e-19	6.23e-10	1.00e+00
 1.69065e+13	1.34e-19	6.87e-10	1.00e+00
 1.76127e+13	1.54e-19	7.57e-10	1.00e+00
 1.82523e+13	1.73e-19	8.25e-10	1.00e+00
 1.87868e+13	1.90e-19	8.84e-10	1.00e+00
 1.93731e+13	2.10e-19	9.52e-10	1.00e+00
 2.01135e+13	2.37e-19	1.04e-09	1.00e+00
 2.08851e+13	2.69e-19	1.14e-09	1.00e+00
 2.15430e+13	2.97e-19	1.23e-09	1.00e+00
 2.22223e+13	3.28e-19	1.33e-09	1.00e+00
 2.30733e+13	3.72e-19	1.46e-09	1.00e+00
 2.39382e+13	4.20e-19	1.59e-09	1.00e+00
 2.46883e+13	4.64e-19	1.72e-09	1.00e+00
 2.54983e+13	5.14e-19	1.86e-09	1.00e+00
 2.64903e+13	5.82e-19	2.04e-09	1.00e+00
 2.75043e+13	6.59e-19	2.23e-09	1.00e+00
 2.84325e+13	7.34e-19	2.41e-09	1.00e+00
 2.94633e+13	8.26e-19	2.63e-09	1.00e+00
 3.06619e+13	9.44e-19	2.89e-09	1.00e+00
 3.18470e+13	1.07e-18	3.17e-09	1.00e+00
 3.29799e+13	1.21e-18	3.44e-09	1.00e+00
 3.42294e+13	1.38e-18	3.75e-09	1.00e+00
 3.56285e+13	1.59e-18	4.12e-09	1.00e+00
 3.68958e+13	1.80e-18	4.48e-09	1.00e+00
 3.79554e+13	2.00e-18	4.78e-09	1.00e+00
 3.91183e+13	2.23e-18	5.12e-09	1.00e+00
 4.05860e+13	2.56e-18	5.58e-09	1.00e+00
 4.20593e+13	2.93e-18	6.06e-09	1.00e+00
 4.32944e+13	3.27e-18	6.47e-09	1.00e+00
 4.46106e+13	3.66e-18	6.93e-09	1.00e+00
 4.62765e+13	4.22e-18	7.53e-09	1.00e+00
 4.80143e+13	4.88e-18	8.19e-09	1.00e+00
 4.95612e+13	5.53e-18	8.80e-09	1.00e+00
 5.12429e+13	6.31e-18	9.49e-09	1.00e+00
 5.32523e+13	7.36e-18	1.03e-08	1.00e+00
 5.51730e+13	8.49e-18	1.12e-08	1.00e+00
 5.68078e+13	9.56e-18	1.20e-08	1.00e+00
 5.85857e+13	1.08e-17	1.28e-08	1.00e+00
 6.07973e+13	1.26e-17	1.39e-08	1.00e+00
 6.30622e+13	1.47e-17	1.51e-08	1.00e+00
 6.50600e+13	1.67e-17	1.62e-08	1.00e+00
 6.72210e+13	1.91e-17	1.74e-08	1.00e+00
 6.98263e+13	2.23e-17	1.89e-08	1.00e+00
 7.24306e+13	2.60e-17	2.05e-08	1.00e+00
 7.47871e+13	2.97e-17	2.20e-08	1.00e+00
 7.74002e+13	3.43e-17	2.37e-08	1.00e+00
 8.04697e+13	4.04e-17	2.58e-08	1.00e+00
 8.35085e+13	4.71e-17	2.80e-08	1.00e+00
 8.63708e+13	5.42e-17	3.01e-08	1.00e+00
 8.95575e+13	6.31e-17	3.25e-08	1.00e+00
 9.31698e+13	7.44e-17	3.54e-08	1.00e+00
 9.67893e+13	8.72e-17	3.84e-08	1.00e+00
 1.00554e+14	1.02e-16	4.16e-08	1.00e+00
 1.04606e+14	1.20e-16	4.53e-08	1.00e+00
 1.08820e+14	1.42e-16	4.92e-08	1.00e+00
 1.12838e+14	1.65e-16	5.31e-08	1.00e+00
 1.16517e+14	1.88e-16	5.68e-08	1.00e+00
 1.19985e+14	2.12e-16	6.04e-08	1.00e+00
 1.23801e+14	2.41e-16	6.44e-08	1.00e+00
 1.28074e+14	2.77e-16	6.91e-08	1.00e+00
 1.32126e+14	3.14e-16	7.36e-08	1.00e+00
 1.36579e+14	3.59e-16	7.88e-08	1.00e+00
 1.41565e+14	4.16e-16	8.48e-08	1.00e+00
 1.46197e+14	4.74e-16	9.06e-08	1.00e+00
 1.50515e+14	5.33e-16	9.61e-08	1.00e+00
 1.55476e+14	6.07e-16	1.03e-07	1.00e+00
 1.61460e+14	7.07e-16	1.11e-07	1.00e+00
 1.67354e+14	8.16e-16	1.19e-07	1.00e+00
 1.72551e+14	9.22e-16	1.27e-07	1.00e+00
 1.78260e+14	1.05e-15	1.35e-07	1.00e+00
 1.85132e+14	1.22e-15	1.46e-07	1.00e+00
 1.92007e+14	1.41e-15	1.57e-07	1.00e+00
 1.98258e+14	1.60e-15	1.67e-07	1.00e+00
 2.05209e+14	1.84e-15	1.79e-07	1.00e+00
 2.13335e+14	2.15e-15	1.93e-07	1.00e+00
 2.21333e+14	2.48e-15	2.08e-07	1.00e+00
 2.28849e+14	2.83e-15	2.22e-07	1.00e+00
 2.37230e+14	3.27e-15	2.39e-07	1.00e+00
 2.46749e+14	3.82e-15	2.58e-07	1.00e+00
 2.56236e+14	4.43e-15	2.79e-07	1.00e+00
 2.66102e+14	5.15e-15	3.00e-07	1.00e+00
 2.76776e+14	6.01e-15	3.25e-07	1.00e+00
 2.87877e+14	7.03e-15	3.51e-07	1.00e+00
 2.98614e+14	8.12e-15	3.78e-07	1.00e+00
 3.08692e+14	9.27e-15	4.04e-07	1.00e+00
 3.19981e+14	1.07e-14	4.34e-07	1.00e+00
 3.31395e+14	1.23e-14	4.65e-07	1.00e+00
 3.40890e+14	1.37e-14	4.93e-07	1.00e+00
 3.50940e+14	1.54e-14	5.22e-07	1.00e+00
 3.63768e+14	1.78e-14	5.61e-07	1.00e+00
 3.77204e+14	2.05e-14	6.04e-07	1.00e+00
 3.89084e+14	2.32e-14	6.43e-07	1.00e+00
 4.01942e+14	2.65e-14	6.87e-07	1.00e+00
 4.17408e+14	3.08e-14	7.42e-07	1.00e+00
 4.33089e+14	3.57e-14	8.00e-07	1.00e+00
 4.47749e+14	4.07e-14	8.56e-07	1.00e+00
 4.64041e+14	4.70e-14	9.21e-07	1.00e+00
 4.81339e+14	5.44e-14	9.92e-07	1.00e+00
 4.96712e+14	6.17e-14	1.06e-06	1.00e+00
 5.13246e+14	7.03e-14	1.13e-06	1.00e+00
 5.33058e+14	8.18e-14	1.22e-06	1.00e+00
 5.52544e+14	9.44e-14	1.32e-06	1.00e+00
 5.69877e+14	1.07e-13	1.40e-06	1.00e+00
 5.89000e+14	1.22e-13	1.50e-06	1.00e+00
 6.11820e+14	1.42e-13	1.63e-06	1.00e+00
 6.34482e+14	1.64e-13	1.75e-06	1.00e+00
 6.55168e+14	1.86e-13	1.87e-06	1.00e+00
 6.78247e+14	2.14e-13	2.01e-06	1.00e+00
 7.05132e+14	2.50e-13	2.18e-06	1.00e+00
 7.31544e+14	2.89e-13	2.35e-06	1.00e+00
 7.56454e+14	3.30e-13	2.52e-06	1.00e+00
 7.84185e+14	3.80e-13	2.71e-06	1.00e+00
 8.15582e+14	4.44e-13	2.94e-06	1.00e+00
 8.46979e+14	5.14e-13	3.18e-06	1.00e+00
 8.76395e+14	5.88e-13	3.41e-06	1.00e+00
 9.08243e+14	6.75e-13	3.67e-06	1.00e+00
 9.43870e+14	7.84e-13	3.98e-06	1.00e+00
 9.77194e+14	8.97e-13	4.27e-06	1.00e+00
 1.00809e+15	1.01e-12	4.55e-06	1.00e+00
 1.03781e+15	1.13e-12	4.83e-06	1.00e+00
 1.07082e+15	1.28e-12	5.15e-06	1.00e+00
 1.10737e+15	1.45e-12	5.51e-06	1.00e+00
 1.14143e+15	1.63e-12	5.87e-06	1.00e+00
 1.17863e+15	1.84e-12	6.26e-06	1.00e+00
 1.22049e+15	2.10e-12	6.73e-06	1.00e+00
 1.26036e+15	2.37e-12	7.18e-06	1.00e+00
 1.30417e+15	2.69e-12	7.70e-06	1.00e+00
 1.35243e+15	3.08e-12	8.29e-06	1.00e+00
 1.39683e+15	3.48e-12	8.86e-06	1.00e+00
 1.44485e+15	3.95e-12	9.49e-06	1.00e+00
 1.49860e+15	4.53e-12	1.02e-05	1.00e+00
 1.54920e+15	5.11e-12	1.09e-05	1.00e+00
 1.60441e+15	5.83e-12	1.18e-05	1.00e+00
 1.66574e+15	6.70e-12	1.27e-05	1.00e+00
 1.72295e+15	7.59e-12	1.36e-05	1.00e+00
 1.78506e+15	8.66e-12	1.46e-05	1.00e+00
 1.85455e+15	9.99e-12	1.58e-05	1.00e+00
 1.92052e+15	1.14e-11	1.70e-05	1.00e+00
 1.99108e+15	1.30e-11	1.83e-05	1.00e+00
 2.07075e+15	1.51e-11	1.99e-05	1.00e+00
 2.14922e+15	1.73e-11	2.15e-05	1.00e+00
 2.23083e+15	1.99e-11	2.33e-05	1.00e+00
 2.31779e+15	2.31e-11	2.52e-05	1.00e+00
 2.40298e+15	2.65e-11	2.72e-05	1.00e+00
 2.47618e+15	2.97e-11	2.90e-05	1.00e+00
 2.53638e+15	3.26e-11	3.05e-05	1.00e+00
 2.60303e+15	3.60e-11	3.23e-05	1.00e+00
 2.68967e+15	4.09e-11	3.46e-05	1.00e+00
 2.78170e+15	4.67e-11	3.73e-05	1.00e+00
 2.86213e+15	5.23e-11	3.96e-05	1.00e+00
 2.94811e+15	5.88e-11	4.23e-05	1.00e+00
 3.05665e+15	6.80e-11	4.58e-05	1.00e+00
 3.16762e+15	7.85e-11	4.95e-05	1.00e+00
 3.26371e+15	8.86e-11	5.29e-05	1.00e+00
 3.36737e+15	1.01e-10	5.67e-05	1.00e+00
 3.49449e+15	1.17e-10	6.15e-05	1.00e+00
 3.62323e+15	1.36e-10	6.67e-05	1.00e+00
 3.73796e+15	1.55e-10	7.16e-05	1.00e+00
 3.86341e+15	1.78e-10	7.71e-05	1.00e+00
 4.01301e+15	2.09e-10	8.39e-05	1.00e+00
 4.16078e+15	2.44e-10	9.11e-05	1.00e+00
 4.29440e+15	2.79e-10	9.78e-05	1.00e+00
 4.44287e+15	3.22e-10	1.06e-04	1.00e+00
 4.61733e+15	3.80e-10	1.15e-04	1.00e+00
 4.78923e+15	4.45e-10	1.25e-04	1.00e+00
 4.94908e+15	5.12e-10	1.35e-04	1.00e+00
 5.12816e+15	5.97e-10	1.46e-04	1.00e+00
 5.33331e+15	7.08e-10	1.60e-04	1.00e+00
 5.53547e+15	8.33e-10	1.74e-04	1.00e+00
 5.74572e+15	9.79e-10	1.89e-04	1.00e+00
 5.93700e+15	1.13e-09	2.04e-04	1.00e+00
 6.07962e+15	1.25e-09	2.15e-04	1.00e+00
 6.22683e+15	1.39e-09	2.27e-04	1.00e+00
 6.41821e+15	1.59e-09	2.43e-04	1.00e+00
 6.62629e+15	1.82e-09	2.61e-04	1.00e+00
 6.81467e+15	2.06e-09	2.78e-04	1.00e+00
 7.01814e+15	2.34e-09	2.98e-04	1.00e+00
 7.27582e+15	2.74e-09	3.23e-04	1.00e+00
 7.53553e+15	3.20e-09	3.49e-04	1.00e+00
 7.75386e+15	3.62e-09	3.72e-04	1.00e+00
 7.98686e+15	4.12e-09	3.98e-04	1.00e+00
 8.28094e+15	4.83e-09	4.31e-04	1.00e+00
 8.58909e+15	5.66e-09	4.68e-04	1.00e+00
 8.86693e+15	6.51e-09	5.02e-04	9.99e-01
 9.17069e+15	7.53e-09	5.41e-04	9.99e-01
 9.52924e+15	8.90e-09	5.89e-04	9.99e-01
 9.88056e+15	1.04e-08	6.38e-04	9.99e-01
 1.02017e+16	1.20e-08	6.84e-04	9.99e-01
 1.05620e+16	1.39e-08	7.38e-04	9.99e-01
 1.09810e+16	1.65e-08	8.04e-04	9.99e-01
 1.13926e+16	1.93e-08	8.72e-04	9.99e-01
 1.17838e+16	2.23e-08	9.38e-04	9.99e-01
 1.22183e+16	2.61e-08	1.02e-03	9.99e-01
 1.26285e+16	3.00e-08	1.09e-03	9.99e-01
 1.29343e+16	3.33e-08	1.15e-03	9.99e-01
 1.32451e+16	3.68e-08	1.21e-03	9.99e-01
 1.36493e+16	4.19e-08	1.29e-03	9.99e-01
 1.40887e+16	4.79e-08	1.38e-03	9.99e-01
 1.44851e+16	5.39e-08	1.47e-03	9.99e-01
 1.49113e+16	6.10e-08	1.56e-03	9.98e-01
 1.54553e+16	7.10e-08	1.68e-03	9.98e-01
 1.60037e+16	8.22e-08	1.81e-03	9.98e-01
 1.64592e+16	9.25e-08	1.93e-03	9.98e-01
 1.69427e+16	1.04e-07	2.05e-03	9.98e-01
 1.75603e+16	1.21e-07	2.21e-03	9.98e-01
 1.82063e+16	1.41e-07	2.39e-03	9.98e-01
 1.87721e+16	1.60e-07	2.54e-03	9.97e-01
 1.93794e+16	1.83e-07	2.72e-03	9.97e-01
 2.01172e+16	2.14e-07	2.94e-03	9.97e-01
 2.08466e+16	2.48e-07	3.17e-03	9.97e-01
 2.14922e+16	2.82e-07	3.38e-03	9.97e-01
 2.22065e+16	3.23e-07	3.62e-03	9.96e-01
 2.29890e+16	3.73e-07	3.90e-03	9.96e-01
 2.37025e+16	4.23e-07	4.15e-03	9.96e-01
 2.43140e+16	4.70e-07	4.38e-03	9.96e-01
 2.49505e+16	5.24e-07	4.63e-03	9.95e-01
 2.56644e+16	5.90e-07	4.91e-03	9.95e-01
 2.63441e+16	6.57e-07	5.19e-03	9.95e-01
 2.70928e+16	7.40e-07	5.51e-03	9.94e-01
 2.79085e+16	8.37e-07	5.86e-03	9.94e-01
 2.86584e+16	9.33e-07	6.20e-03	9.94e-01
 2.94805e+16	1.05e-06	6.59e-03	9.93e-01
 3.03890e+16	1.19e-06	7.03e-03	9.93e-01
 3.12478e+16	1.34e-06	7.45e-03	9.93e-01
 3.22018e+16	1.52e-06	7.97e-03	9.92e-01
 3.32351e+16	1.74e-06	8.52e-03	9.91e-01
 3.41628e+16	1.94e-06	9.04e-03	9.91e-01
 3.51605e+16	2.20e-06	9.65e-03	9.90e-01
 3.62654e+16	2.51e-06	1.03e-02	9.90e-01
 3.72929e+16	2.82e-06	1.10e-02	9.89e-01
 3.84120e+16	3.21e-06	1.18e-02	9.88e-01
 3.95728e+16	3.63e-06	1.26e-02	9.87e-01
 4.05492e+16	4.03e-06	1.34e-02	9.87e-01
 4.15796e+16	4.51e-06	1.42e-02	9.86e-01
 4.27117e+16	5.06e-06	1.52e-02	9.85e-01
 4.37540e+16	5.63e-06	1.61e-02	9.84e-01
 4.47380e+16	6.21e-06	1.71e-02	9.83e-01
 4.57095e+16	6.85e-06	1.81e-02	9.82e-01
 4.68136e+16	7.70e-06	1.93e-02	9.81e-01
 4.80215e+16	8.65e-06	2.07e-02	9.79e-01
 4.91304e+16	9.65e-06	2.22e-02	9.78e-01
 5.01754e+16	1.07e-05	2.36e-02	9.76e-01
 5.11966e+16	1.18e-05	2.52e-02	9.75e-01
 5.23493e+16	1.34e-05	2.72e-02	9.73e-01
 5.35972e+16	1.52e-05	2.95e-02	9.71e-01
 5.47170e+16	1.70e-05	3.18e-02	9.68e-01
 5.57571e+16	1.90e-05	3.42e-02	9.66e-01
 5.67858e+16	2.12e-05	3.68e-02	9.63e-01
 5.79636e+16	2.45e-05	4.04e-02	9.60e-01
 5.91981e+16	2.81e-05	4.45e-02	9.55e-01
 6.02251e+16	3.16e-05	4.84e-02	9.52e-01
 6.12792e+16	3.63e-05	5.32e-02	9.47e-01
 6.23649e+16	4.17e-05	5.88e-02	9.41e-01
 6.32644e+16	4.72e-05	6.42e-02	9.36e-01
 6.40582e+16	5.28e-05	6.97e-02	9.30e-01
 6.49417e+16	6.00e-05	7.69e-02	9.23e-01
 6.58266e+16	6.93e-05	8.50e-02	9.15e-01
 6.64474e+16	7.66e-05	9.15e-02	9.08e-01
 6.69085e+16	8.23e-05	9.70e-02	9.03e-01
 6.74278e+16	9.12e-05	1.04e-01	8.96e-01
 6.79957e+16	1.00e-04	1.12e-01	8.88e-01
 6.86267e+16	1.13e-04	1.23e-01	8.77e-01
 6.92801e+16	1.29e-04	1.36e-01	8.64e-01
 6.98095e+16	1.46e-04	1.47e-01	8.53e-01
 7.02194e+16	1.59e-04	1.57e-01	8.43e-01
 7.06271e+16	1.73e-04	1.69e-01	8.31e-01
 7.11570e+16	1.96e-04	1.85e-01	8.15e-01
 7.17165e+16	2.25e-04	2.04e-01	7.95e-01
 7.21821e+16	2.54e-04	2.23e-01	7.77e-01
 7.25437e+16	2.77e-04	2.39e-01	7.61e-01
 7.29019e+16	3.05e-04	2.56e-01	7.44e-01
 7.33676e+16	3.49e-04	2.81e-01	7.19e-01
 7.38255e+16	3.92e-04	3.08e-01	6.92e-01
 7.42732e+16	4.49e-04	3.38e-01	6.62e-01
 7.47133e+16	5.03e-04	3.69e-01	6.31e-01
 7.51436e+16	5.73e-04	4.02e-01	5.97e-01
 7.55759e+16	6.44e-04	4.37e-01	5.62e-01
 7.59406e+16	7.11e-04	4.69e-01	5.31e-01
 7.63444e+16	7.93e-04	5.05e-01	4.94e-01
 7.68693e+16	9.11e-04	5.54e-01	4.45e-01
 7.73133e+16	1.01e-03	5.93e-01	4.06e-01
 7.75591e+16	1.07e-03	6.14e-01	3.85e-01
 7.77859e+16	1.13e-03	6.35e-01	3.64e-01
 7.80808e+16	1.21e-03	6.61e-01	3.38e-01
 7.84640e+16	1.32e-03	6.93e-01	3.06e-01
 7.88559e+16	1.42e-03	7.23e-01	2.76e-01
 7.91787e+16	1.51e-03	7.46e-01	2.52e-01
 7.95182e+16	1.61e-03	7.70e-01	2.29e-01
 7.98998e+16	1.72e-03	7.93e-01	2.05e-01
 8.02593e+16	1.83e-03	8.13e-01	1.85e-01
 8.05941e+16	1.93e-03	8.31e-01	1.67e-01
 8.09735e+16	2.04e-03	8.49e-01	1.49e-01
 8.13861e+16	2.17e-03	8.65e-01	1.32e-01
 8.17534e+16	2.28e-03	8.78e-01	1.19e-01
 8.20869e+16	2.40e-03	8.89e-01	1.08e-01
 8.24650e+16	2.52e-03	9.01e-01	9.68e-02
 8.28796e+16	2.67e-03	9.11e-01	8.60e-02
 8.32501e+16	2.80e-03	9.19e-01	7.77e-02
 8.35805e+16	2.93e-03	9.26e-01	7.09e-02
 8.39505e+16	3.07e-03	9.33e-01	6.40e-02
 8.43561e+16	3.25e-03	9.39e-01	5.73e-02
 8.47169e+16	3.41e-03	9.44e-01	5.23e-02
 8.50350e+16	3.57e-03	9.48e-01	4.81e-02
 8.53887e+16	3.75e-03	9.52e-01	4.38e-02
 8.57801e+16	3.97e-03	9.56e-01	3.97e-02
 8.61302e+16	4.18e-03	9.59e-01	3.65e-02
 8.64322e+16	4.38e-03	9.62e-01	3.39e-02
 8.67620e+16	4.61e-03	9.64e-01	3.12e-02
 8.71293e+16	4.89e-03	9.67e-01	2.86e-02
 8.74635e+16	5.18e-03	9.68e-01	2.64e-02
 8.77603e+16	5.45e-03	9.70e-01	2.47e-02
 8.80902e+16	5.79e-03	9.71e-01	2.28e-02
 8.84528e+16	6.20e-03	9.73e-01	2.10e-02
 8.87774e+16	6.62e-03	9.74e-01	1.96e-02
 8.90663e+16	7.04e-03	9.75e-01	1.84e-02
 8.93898e+16	7.55e-03	9.75e-01	1.71e-02
 8.97540e+16	8.21e-03	9.76e-01	1.58e-02
 9.00952e+16	8.93e-03	9.76e-01	1.47e-02
 9.03985e+16	9.66e-03	9.77e-01	1.38e-02
 9.06826e+16	1.05e-02	9.77e-01	1.30e-02
 9.10057e+16	1.15e-02	9.76e-01	1.21e-02
 9.13499e+16	1.28e-02	9.76e-01	1.13e-02
 9.16358e+16	1.41e-02	9.75e-01	1.06e-02
 9.18549e+16	1.53e-02	9.75e-01	1.02e-02
 9.20423e+16	1.64e-02	9.74e-01	9.84e-03
 9.22554e+16	1.78e-02	9.73e-01	9.40e-03
 9.24884e+16	1.97e-02	9.71e-01	8.98e-03
 9.26909e+16	2.16e-02	9.70e-01	8.64e-03
 9.28581e+16	2.34e-02	9.68e-01	8.38e-03
 9.30360e+16	2.56e-02	9.66e-01	8.08e-03
 9.32307e+16	2.84e-02	9.64e-01	7.80e-03
 9.34007e+16	3.14e-02	9.61e-01	7.56e-03
 9.35421e+16	3.42e-02	9.58e-01	7.39e-03
 9.36931e+16	3.76e-02	9.55e-01	7.19e-03
 9.38608e+16	4.20e-02	9.51e-01	7.00e-03
 9.40102e+16	4.68e-02	9.46e-01	6.85e-03
 9.41357e+16	5.14e-02	9.42e-01	6.74e-03
 9.42701e+16	5.71e-02	9.36e-01	6.61e-03
 9.44199e+16	6.45e-02	9.29e-01	6.50e-03
 9.45543e+16	7.26e-02	9.21e-01	6.42e-03
 9.46663e+16	8.03e-02	9.13e-01	6.37e-03
 9.47771e+16	8.93e-02	9.04e-01	6.31e-03
 9.48857e+16	9.89e-02	8.95e-01	6.31e-03
 9.49778e+16	1.09e-01	8.85e-01	6.30e-03
 9.50647e+16	1.19e-01	8.75e-01	6.30e-03
 9.51530e+16	1.30e-01	8.64e-01	6.30e-03
 9.52375e+16	1.43e-01	8.51e-01	6.32e-03
 9.53139e+16	1.55e-01	8.39e-01	6.36e-03
 9.53808e+16	1.67e-01	8.27e-01	6.39e-03
 9.54301e+16	1.76e-01	8.18e-01	6.41e-03
 9.54634e+16	1.83e-01	8.11e-01	6.43e-03
 9.54961e+16	1.90e-01	8.04e-01	6.44e-03
 9.55352e+16	1.98e-01	7.95e-01	6.44e-03
 9.55768e+16	2.08e-01	7.86e-01	6.47e-03
 9.56154e+16	2.17e-01	7.77e-01	6.50e-03
 9.56518e+16	2.26e-01	7.67e-01	6.51e-03
 9.56879e+16	2.36e-01	7.58e-01	6.54e-03
 9.57246e+16	2.46e-01	7.47e-01	6.55e-03
 9.57611e+16	2.56e-01	7.37e-01	6.59e-03
 9.57971e+16	2.67e-01	7.26e-01	6.60e-03
 9.58330e+16	2.78e-01	7.15e-01	6.62e-03
 9.58680e+16	2.90e-01	7.04e-01	6.64e-03
 9.59026e+16	3.01e-01	6.92e-01	6.65e-03
 9.59374e+16	3.13e-01	6.80e-01	6.67e-03
 9.59722e+16	3.25e-01	6.68e-01	6.69e-03
 9.60068e+16	3.39e-01	6.55e-01	6.69e-03
 9.60407e+16	3.51e-01	6.42e-01	6.71e-03
 9.60744e+16	3.65e-01	6.28e-01	6.70e-03
 9.61082e+16	3.78e-01	6.15e-01	6.71e-03
 9.61419e+16	3.92e-01	6.01e-01	6.70e-03
 9.61758e+16	4.07e-01	5.86e-01	6.68e-03
 9.62088e+16	4.21e-01	5.72e-01	6.68e-03
 9.62412e+16	4.36e-01	5.58e-01	6.66e-03
 9.62744e+16	4.51e-01	5.43e-01	6.63e-03
 9.63080e+16	4.66e-01	5.27e-01	6.60e-03
 9.63410e+16	4.82e-01	5.12e-01	6.56e-03
 9.63734e+16	4.97e-01	4.96e-01	6.52e-03
 9.64056e+16	5.13e-01	4.81e-01	6.47e-03
 9.64381e+16	5.28e-01	4.66e-01	6.42e-03
 9.64703e+16	5.44e-01	4.50e-01	6.35e-03
 9.65018e+16	5.59e-01	4.35e-01	6.29e-03
 9.65329e+16	5.74e-01	4.20e-01	6.20e-03
 9.65642e+16	5.89e-01	4.04e-01	6.11e-03
 9.65956e+16	6.05e-01	3.89e-01	6.02e-03
 9.66266e+16	6.20e-01	3.75e-01	5.92e-03
 9.66574e+16	6.34e-01	3.60e-01	5.81e-03
 9.66879e+16	6.48e-01	3.46e-01	5.70e-03
 9.67185e+16	6.62e-01	3.32e-01	5.58e-03
 9.67495e+16	6.76e-01	3.18e-01	5.45e-03
 9.67807e+16	6.90e-01	3.05e-01	5.33e-03
 9.68116e+16	7.03e-01	2.92e-01	5.20e-03
 9.68426e+16	7.16e-01	2.79e-01	5.05e-03
 9.68705e+16	7.27e-01	2.68e-01	4.92e-03
 9.68925e+16	7.35e-01	2.60e-01	4.81e-03
 9.69125e+16	7.43e-01	2.52e-01	4.70e-03
 9.69336e+16	7.51e-01	2.44e-01	4.59e-03
 9.69557e+16	7.59e-01	2.36e-01	4.48e-03
 9.69771e+16	7.67e-01	2.29e-01	4.38e-03
 9.69974e+16	7.74e-01	2.22e-01	4.28e-03
 9.70173e+16	7.80e-01	2.16e-01	4.19e-03
 9.70369e+16	7.86e-01	2.10e-01	4.09e-03
 9.70568e+16	7.92e-01	2.04e-01	4.00e-03
 9.70757e+16	7.98e-01	1.98e-01	3.92e-03
 9.70943e+16	8.03e-01	1.93e-01	3.83e-03
 9.71134e+16	8.08e-01	1.88e-01	3.75e-03
 9.71323e+16	8.13e-01	1.83e-01	3.67e-03
 9.71508e+16	8.17e-01	1.79e-01	3.59e-03
 9.71690e+16	8.22e-01	1.75e-01	3.51e-03
 9.71874e+16	8.26e-01	1.71e-01	3.44e-03
 9.72060e+16	8.30e-01	1.67e-01	3.37e-03
 9.72247e+16	8.34e-01	1.63e-01	3.30e-03
 9.72433e+16	8.38e-01	1.59e-01	3.23e-03
 9.72620e+16	8.41e-01	1.56e-01	3.16e-03
 9.72809e+16	8.45e-01	1.52e-01	3.10e-03
 9.73001e+16	8.48e-01	1.49e-01	3.04e-03
 9.73201e+16	8.51e-01	1.46e-01	2.97e-03
 9.73402e+16	8.54e-01	1.43e-01	2.92e-03
 9.73602e+16	8.57e-01	1.40e-01	2.85e-03
 9.73800e+16	8.60e-01	1.37e-01	2.80e-03
 9.74005e+16	8.63e-01	1.35e-01	2.74e-03
 9.74227e+16	8.65e-01	1.32e-01	2.68e-03
 9.74453e+16	8.68e-01	1.29e-01	2.64e-03
 9.74686e+16	8.71e-01	1.27e-01	2.58e-03
 9.74920e+16	8.73e-01	1.25e-01	2.53e-03
 9.75163e+16	8.75e-01	1.22e-01	2.48e-03
 9.75431e+16	8.78e-01	1.20e-01	2.42e-03
 9.75711e+16	8.80e-01	1.18e-01	2.38e-03
 9.76008e+16	8.82e-01	1.16e-01	2.32e-03
 9.76321e+16	8.84e-01	1.14e-01	2.28e-03
 9.76663e+16	8.86e-01	1.11e-01	2.22e-03
 9.77054e+16	8.89e-01	1.09e-01	2.17e-03
 9.77481e+16	8.91e-01	1.07e-01	2.12e-03
 9.77951e+16	8.93e-01	1.05e-01	2.06e-03
 9.78493e+16	8.95e-01	1.03e-01	2.01e-03
 9.79133e+16	8.97e-01	1.01e-01	1.95e-03
 9.79901e+16	9.00e-01	9.85e-02	1.88e-03
 9.80852e+16	9.02e-01	9.61e-02	1.81e-03
 9.81963e+16	9.05e-01	9.36e-02	1.73e-03
 9.83136e+16	9.07e-01	9.14e-02	1.66e-03
 9.84266e+16	9.09e-01	8.95e-02	1.59e-03
 9.85295e+16	9.11e-01	8.78e-02	1.53e-03
 9.86231e+16	9.12e-01	8.63e-02	1.48e-03
 9.87083e+16	9.14e-01	8.51e-02	1.44e-03
 9.88016e+16	9.15e-01	8.37e-02	1.39e-03
 9.89024e+16	9.16e-01	8.23e-02	1.35e-03
 9.89941e+16	9.18e-01	8.11e-02	1.30e-03
 9.90776e+16	9.19e-01	7.99e-02	1.27e-03
 9.91535e+16	9.20e-01	7.89e-02	1.23e-03
 9.92367e+16	9.21e-01	7.77e-02	1.20e-03
 9.93265e+16	9.22e-01	7.67e-02	1.16e-03
 9.94083e+16	9.23e-01	7.56e-02	1.13e-03
 9.94827e+16	9.24e-01	7.46e-02	1.10e-03
 9.95642e+16	9.25e-01	7.35e-02	1.06e-03
 9.96522e+16	9.26e-01	7.25e-02	1.03e-03
 9.97323e+16	9.27e-01	7.15e-02	1.00e-03
 9.98052e+16	9.28e-01	7.06e-02	9.77e-04
 9.98715e+16	9.29e-01	6.97e-02	9.53e-04
 9.99442e+16	9.30e-01	6.88e-02	9.27e-04
 1.00023e+17	9.31e-01	6.79e-02	9.03e-04
 1.00094e+17	9.32e-01	6.71e-02	8.79e-04
 1.00159e+17	9.33e-01	6.63e-02	8.58e-04
 1.00230e+17	9.34e-01	6.54e-02	8.34e-04
 1.00307e+17	9.35e-01	6.46e-02	8.13e-04
 1.00377e+17	9.35e-01	6.38e-02	7.92e-04
 1.00441e+17	9.36e-01	6.30e-02	7.73e-04
 1.00510e+17	9.37e-01	6.22e-02	7.51e-04
 1.00586e+17	9.38e-01	6.14e-02	7.32e-04
 1.00654e+17	9.39e-01	6.06e-02	7.13e-04
 1.00717e+17	9.39e-01	5.99e-02	6.96e-04
 1.00773e+17	9.40e-01	5.92e-02	6.80e-04
 1.00835e+17	9.41e-01	5.85e-02	6.64e-04
 1.00916e+17	9.42e-01	5.77e-02	6.45e-04
 1.01004e+17	9.43e-01	5.69e-02	6.26e-04
 1.01083e+17	9.43e-01	5.60e-02	6.07e-04
 1.01155e+17	9.44e-01	5.52e-02	5.90e-04
 1.01221e+17	9.45e-01	5.46e-02	5.75e-04
 1.01281e+17	9.45e-01	5.39e-02	5.62e-04
 1.01346e+17	9.46e-01	5.33e-02	5.47e-04
 1.01417e+17	9.47e-01	5.26e-02	5.35e-04
 1.01482e+17	9.47e-01	5.20e-02	5.22e-04
 1.01540e+17	9.48e-01	5.14e-02	5.10e-04
 1.01604e+17	9.49e-01	5.08e-02	4.97e-04
 1.01674e+17	9.49e-01	5.02e-02	4.86e-04
 1.01737e+17	9.50e-01	4.96e-02	4.74e-04
 1.01806e+17	9.51e-01	4.90e-02	4.62e-04
 1.01881e+17	9.51e-01	4.84e-02	4.51e-04
 1.01949e+17	9.52e-01	4.78e-02	4.39e-04
 1.02010e+17	9.52e-01	4.72e-02	4.29e-04
 1.02078e+17	9.53e-01	4.66e-02	4.18e-04
 1.02166e+17	9.54e-01	4.59e-02	4.06e-04
 1.02261e+17	9.54e-01	4.53e-02	3.94e-04
 1.02348e+17	9.55e-01	4.46e-02	3.83e-04
 1.02427e+17	9.56e-01	4.41e-02	3.73e-04
 1.02513e+17	9.56e-01	4.34e-02	3.62e-04
 1.02606e+17	9.57e-01	4.28e-02	3.52e-04
 1.02691e+17	9.57e-01	4.22e-02	3.42e-04
 1.02768e+17	9.58e-01	4.16e-02	3.33e-04
 1.02852e+17	9.59e-01	4.10e-02	3.24e-04
 1.02944e+17	9.59e-01	4.05e-02	3.15e-04
 1.03027e+17	9.60e-01	4.00e-02	3.07e-04
 1.03118e+17	9.60e-01	3.93e-02	2.97e-04
 1.03216e+17	9.61e-01	3.88e-02	2.89e-04
 1.03305e+17	9.61e-01	3.82e-02	2.81e-04
 1.03387e+17	9.62e-01	3.78e-02	2.74e-04
 1.03476e+17	9.63e-01	3.72e-02	2.66e-04
 1.03572e+17	9.63e-01	3.67e-02	2.59e-04
 1.03659e+17	9.64e-01	3.62e-02	2.52e-04
 1.03755e+17	9.64e-01	3.56e-02	2.44e-04
 1.03859e+17	9.65e-01	3.51e-02	2.37e-04
 1.03953e+17	9.65e-01	3.46e-02	2.31e-04
 1.04057e+17	9.66e-01	3.41e-02	2.23e-04
 1.04168e+17	9.66e-01	3.36e-02	2.16e-04
 1.04270e+17	9.67e-01	3.31e-02	2.10e-04
 1.04381e+17	9.67e-01	3.25e-02	2.03e-04
 1.04501e+17	9.68e-01	3.20e-02	1.97e-04
 1.04610e+17	9.68e-01	3.15e-02	1.91e-04
 1.04709e+17	9.69e-01	3.10e-02	1.85e-04
 1.04818e+17	9.69e-01	3.05e-02	1.79e-04
 1.04936e+17	9.70e-01	3.01e-02	1.74e-04
 1.05043e+17	9.70e-01	2.96e-02	1.69e-04
 1.05160e+17	9.71e-01	2.91e-02	1.63e-04
 1.05287e+17	9.71e-01	2.87e-02	1.58e-04
 1.05402e+17	9.72e-01	2.82e-02	1.53e-04
 1.05528e+17	9.72e-01	2.77e-02	1.48e-04
 1.05665e+17	9.73e-01	2.72e-02	1.43e-04
 1.05789e+17	9.73e-01	2.68e-02	1.38e-04
 1.05925e+17	9.74e-01	2.63e-02	1.33e-04
 1.06071e+17	9.74e-01	2.58e-02	1.28e-04
 1.06205e+17	9.75e-01	2.54e-02	1.24e-04
 1.06326e+17	9.75e-01	2.50e-02	1.20e-04
 1.06460e+17	9.75e-01	2.45e-02	1.16e-04
 1.06603e+17	9.76e-01	2.41e-02	1.12e-04
 1.06734e+17	9.76e-01	2.37e-02	1.09e-04
 1.06877e+17	9.77e-01	2.33e-02	1.05e-04
 1.07032e+17	9.77e-01	2.29e-02	1.01e-04
 1.07173e+17	9.77e-01	2.25e-02	9.76e-05
 1.07327e+17	9.78e-01	2.21e-02	9.39e-05
 1.07494e+17	9.78e-01	2.16e-02	9.04e-05
 1.07645e+17	9.79e-01	2.13e-02	8.73e-05
 1.07812e+17	9.79e-01	2.08e-02	8.38e-05
 1.07991e+17	9.80e-01	2.04e-02	8.05e-05
 1.08154e+17	9.80e-01	2.00e-02	7.76e-05
 1.08333e+17	9.80e-01	1.96e-02	7.44e-05
 1.08526e+17	9.81e-01	1.92e-02	7.13e-05
 1.08702e+17	9.81e-01	1.88e-02	6.86e-05
 1.08894e+17	9.82e-01	1.84e-02	6.57e-05
 1.09102e+17	9.82e-01	1.80e-02	6.28e-05
 1.09291e+17	9.82e-01	1.76e-02	6.03e-05
 1.09498e+17	9.83e-01	1.72e-02	5.76e-05
 1.09722e+17	9.83e-01	1.68e-02	5.50e-05
 1.09926e+17	9.83e-01	1.65e-02	5.27e-05
 1.10149e+17	9.84e-01	1.61e-02	5.02e-05
 1.10390e+17	9.84e-01	1.57e-02	4.78e-05
 1.10609e+17	9.85e-01	1.54e-02	4.58e-05
 1.10849e+17	9.85e-01	1.50e-02	4.35e-05
 1.11108e+17	9.85e-01	1.46e-02	4.14e-05
 1.11344e+17	9.86e-01	1.43e-02	3.95e-05
 1.11603e+17	9.86e-01	1.39e-02	3.75e-05
 1.11882e+17	9.86e-01	1.35e-02	3.55e-05
 1.12136e+17	9.87e-01	1.32e-02	3.39e-05
 1.12414e+17	9.87e-01	1.28e-02	3.21e-05
 1.12715e+17	9.87e-01	1.25e-02	3.03e-05
 1.12988e+17	9.88e-01	1.22e-02	2.89e-05
 1.13288e+17	9.88e-01	1.18e-02	2.73e-05
 1.13611e+17	9.88e-01	1.15e-02	2.57e-05
 1.13906e+17	9.89e-01	1.12e-02	2.44e-05
 1.14228e+17	9.89e-01	1.09e-02	2.30e-05
 1.14648e+17	9.90e-01	1.04e-02	2.13e-05
 1.15132e+17	9.90e-01	1.00e-02	1.95e-05
 1.15617e+17	9.90e-01	9.58e-03	1.80e-05
 1.16098e+17	9.91e-01	9.20e-03	1.66e-05
 1.16594e+17	9.91e-01	8.82e-03	1.52e-05
 1.17113e+17	9.92e-01	8.44e-03	1.40e-05
 1.17649e+17	9.92e-01	8.08e-03	1.28e-05
 1.18198e+17	9.92e-01	7.72e-03	1.17e-05
 1.18760e+17	9.93e-01	7.38e-03	1.07e-05
 1.19333e+17	9.93e-01	7.05e-03	9.77e-06
 1.19914e+17	9.93e-01	6.74e-03	8.92e-06
 1.20503e+17	9.94e-01	6.44e-03	8.15e-06
 1.21102e+17	9.94e-01	6.15e-03	7.44e-06
 1.21711e+17	9.94e-01	5.87e-03	6.79e-06
 1.22328e+17	9.94e-01	5.60e-03	6.19e-06
 1.22955e+17	9.95e-01	5.35e-03	5.64e-06
 1.23591e+17	9.95e-01	5.10e-03	5.14e-06
 1.24237e+17	9.95e-01	4.87e-03	4.68e-06
 1.24893e+17	9.95e-01	4.64e-03	4.26e-06
 1.25568e+17	9.96e-01	4.42e-03	3.87e-06
 1.26257e+17	9.96e-01	4.21e-03	3.51e-06
 1.26942e+17	9.96e-01	4.02e-03	3.20e-06
 1.27621e+17	9.96e-01	3.84e-03	2.92e-06
 1.28309e+17	9.96e-01	3.66e-03	2.65e-06
 1.29024e+17	9.97e-01	3.48e-03	2.41e-06
 1.29756e+17	9.97e-01	3.32e-03	2.18e-06
 1.30494e+17	9.97e-01	3.16e-03	1.98e-06
 1.31241e+17	9.97e-01	3.00e-03	1.79e-06
 1.32000e+17	9.97e-01	2.86e-03	1.62e-06
 1.32771e+17	9.97e-01	2.72e-03	1.47e-06
 1.33544e+17	9.97e-01	2.59e-03	1.33e-06
 1.34325e+17	9.98e-01	2.46e-03	1.20e-06
 1.35132e+17	9.98e-01	2.34e-03	1.09e-06
 1.35957e+17	9.98e-01	2.22e-03	9.80e-07
 1.36792e+17	9.98e-01	2.10e-03	8.83e-07
 1.37639e+17	9.98e-01	2.00e-03	7.95e-07
 1.38501e+17	9.98e-01	1.89e-03	7.15e-07
 1.39381e+17	9.98e-01	1.79e-03	6.42e-07
 1.40274e+17	9.98e-01	1.70e-03	5.76e-07
 1.41183e+17	9.98e-01	1.61e-03	5.16e-07
 1.42108e+17	9.98e-01	1.52e-03	4.62e-07
 1.43052e+17	9.99e-01	1.44e-03	4.13e-07
 1.44013e+17	9.99e-01	1.36e-03	3.68e-07
 1.44995e+17	9.99e-01	1.28e-03	3.28e-07
 1.45997e+17	9.99e-01	1.21e-03	2.92e-07
 1.47022e+17	9.99e-01	1.14e-03	2.59e-07
 1.48068e+17	9.99e-01	1.07e-03	2.30e-07
 1.49139e+17	9.99e-01	1.01e-03	2.03e-07
 1.50238e+17	9.99e-01	9.45e-04	1.80e-07
 1.51366e+17	9.99e-01	8.87e-04	1.58e-07
 1.52525e+17	9.99e-01	8.31e-04	1.39e-07
 1.53714e+17	9.99e-01	7.78e-04	1.22e-07
 1.54937e+17	9.99e-01	7.27e-04	1.06e-07
 1.56197e+17	9.99e-01	6.78e-04	9.26e-08
 1.57497e+17	9.99e-01	6.32e-04	8.04e-08
 1.58841e+17	9.99e-01	5.87e-04	6.95e-08
 1.60232e+17	9.99e-01	5.45e-04	5.99e-08
 1.61642e+17	9.99e-01	5.06e-04	5.16e-08
 1.63097e+17	1.00e+00	4.68e-04	4.41e-08
 1.64649e+17	1.00e+00	4.31e-04	3.74e-08
 1.66282e+17	1.00e+00	3.95e-04	3.15e-08
 1.67979e+17	1.00e+00	3.61e-04	2.64e-08
 1.69751e+17	1.00e+00	3.30e-04	2.20e-08
 1.71616e+17	1.00e+00	2.99e-04	1.81e-08
 1.73584e+17	1.00e+00	2.70e-04	1.48e-08
 1.75678e+17	1.00e+00	2.43e-04	1.19e-08
 1.77901e+17	1.00e+00	2.17e-04	9.52e-09
 1.80280e+17	1.00e+00	1.92e-04	7.48e-09
 1.82851e+17	1.00e+00	1.69e-04	5.77e-09
 1.85667e+17	1.00e+00	1.47e-04	4.36e-09
 1.88702e+17	1.00e+00	1.26e-04	3.23e-09
 1.92016e+17	1.00e+00	1.07e-04	2.33e-09
 1.95883e+17	1.00e+00	8.84e-05	1.59e-09
 2.00271e+17	1.00e+00	7.16e-05	1.04e-09
 2.05087e+17	1.00e+00	5.70e-05	6.61e-10
 2.10233e+17	1.00e+00	4.49e-05	4.11e-10
 2.15426e+17	1.00e+00	3.54e-05	2.57e-10
 2.20582e+17	1.00e+00	2.81e-05	1.62e-10
 2.25761e+17	1.00e+00	2.24e-05	1.03e-10
 2.31032e+17	1.00e+00	1.78e-05	6.52e-11
 2.36410e+17	1.00e+00	1.42e-05	4.12e-11
 2.41864e+17	1.00e+00	1.13e-05	2.62e-11
 2.47394e+17	1.00e+00	9.03e-06	1.67e-11
 2.53048e+17	1.00e+00	7.19e-06	1.06e-11
 2.58818e+17	1.00e+00	5.72e-06	6.71e-12
 2.64668e+17	1.00e+00	4.57e-06	4.28e-12
 2.70648e+17	1.00e+00	3.64e-06	2.72e-12
 2.76773e+17	1.00e+00	2.90e-06	1.72e-12
 2.83019e+17	1.00e+00	2.31e-06	1.09e-12
 2.89408e+17	1.00e+00	1.83e-06	6.90e-13
 2.95955e+17	1.00e+00	1.45e-06	4.35e-13
 3.02672e+17	1.00e+00	1.15e-06	2.73e-13
 3.09576e+17	1.00e+00	9.12e-07	1.71e-13
 3.16705e+17	1.00e+00	7.18e-07	1.06e-13
 3.24095e+17	1.00e+00	5.64e-07	6.54e-14
 3.31791e+17	1.00e+00	4.40e-07	3.98e-14
 3.39856e+17	1.00e+00	3.41e-07	2.40e-14
 3.48397e+17	1.00e+00	2.62e-07	1.41e-14
 3.57550e+17	1.00e+00	1.98e-07	8.09e-15
 3.67511e+17	1.00e+00	1.47e-07	4.47e-15
 3.78081e+17	1.00e+00	1.09e-07	2.43e-15
 3.88642e+17	1.00e+00	8.07e-08	1.34e-15
 3.98949e+17	1.00e+00	6.08e-08	7.64e-16
 4.09130e+17	1.00e+00	4.63e-08	4.42e-16
 4.19235e+17	1.00e+00	3.55e-08	2.60e-16
 4.29184e+17	1.00e+00	2.75e-08	1.56e-16
 4.38935e+17	1.00e+00	2.15e-08	9.53e-17
 4.48495e+17	1.00e+00	1.69e-08	5.94e-17
 4.57863e+17	1.00e+00	1.35e-08	3.77e-17
 4.67017e+17	1.00e+00	1.09e-08	2.44e-17
 4.75921e+17	1.00e+00	8.81e-09	1.61e-17
 4.84548e+17	1.00e+00	7.22e-09	1.08e-17
 4.92885e+17	1.00e+00	5.98e-09	7.43e-18
 5.00929e+17	1.00e+00	5.00e-09	5.20e-18
 5.08677e+17	1.00e+00	4.22e-09	3.70e-18
 5.16126e+17	1.00e+00	3.59e-09	2.68e-18
 5.23279e+17	1.00e+00	3.08e-09	1.97e-18
 5.30136e+17	1.00e+00	2.66e-09	1.48e-18
 5.36699e+17	1.00e+00	2.32e-09	1.12e-18
 5.42972e+17	1.00e+00	2.04e-09	8.68e-19
 5.48966e+17	1.00e+00	1.80e-09	6.80e-19
 5.54692e+17	1.00e+00	1.61e-09	5.39e-19
 5.60159e+17	1.00e+00	1.44e-09	4.33e-19
 5.65372e+17	1.00e+00	1.30e-09	3.52e-19
 5.70342e+17	1.00e+00	1.18e-09	2.90e-19
 5.75079e+17	1.00e+00	1.07e-09	2.41e-19
 5.79592e+17	1.00e+00	9.83e-10	2.02e-19
 5.83894e+17	1.00e+00	9.04e-10	1.71e-19
 5.87992e+17	1.00e+00	8.36e-10	1.46e-19
 5.91897e+17	1.00e+00	7.76e-10	1.26e-19
 5.95617e+17	1.00e+00	7.23e-10	1.10e-19
 5.99164e+17	1.00e+00	6.77e-10	9.60e-20
 6.02545e+17	1.00e+00	6.35e-10	8.46e-20
 6.05765e+17	1.00e+00	5.98e-10	7.51e-20
 6.08833e+17	1.00e+00	5.65e-10	6.70e-20
 6.11761e+17	1.00e+00	5.35e-10	6.02e-20
 6.14556e+17	1.00e+00	5.08e-10	5.43e-20
 6.17226e+17	1.00e+00	4.84e-10	4.92e-20
 6.19774e+17	1.00e+00	4.62e-10	4.49e-20
 6.22208e+17	1.00e+00	4.42e-10	4.11e-20
 6.24538e+17	1.00e+00	4.24e-10	3.77e-20
 6.26769e+17	1.00e+00	4.07e-10	3.48e-20
 6.28906e+17	1.00e+00	3.91e-10	3.22e-20
 6.30956e+17	1.00e+00	3.77e-10	3.00e-20
 6.32924e+17	1.00e+00	3.64e-10	2.79e-20
 6.34815e+17	1.00e+00	3.52e-10	2.61e-20
 6.36636e+17	1.00e+00	3.41e-10	2.45e-20
 6.38393e+17	1.00e+00	3.30e-10	2.30e-20
 6.40090e+17	1.00e+00	3.20e-10	2.16e-20
 6.41732e+17	1.00e+00	3.11e-10	2.04e-20
 6.43325e+17	1.00e+00	3.03e-10	1.93e-20
 6.44873e+17	1.00e+00	2.94e-10	1.83e-20
 6.46383e+17	1.00e+00	2.87e-10	1.73e-20
 6.47860e+17	1.00e+00	2.79e-10	1.64e-20
 6.49311e+17	1.00e+00	2.72e-10	1.57e-20
 6.50740e+17	1.00e+00	2.65e-10	1.49e-20
 6.52154e+17	1.00e+00	2.59e-10	1.41e-20
 6.53560e+17	1.00e+00	2.53e-10	1.35e-20
 6.54968e+17	1.00e+00	2.46e-10	1.28e-20
 6.56385e+17	1.00e+00	2.40e-10	1.22e-20
 6.57823e+17	1.00e+00	2.35e-10	1.16e-20
 6.59292e+17	1.00e+00	2.28e-10	1.10e-20
 6.60810e+17	1.00e+00	2.22e-10	1.05e-20
 6.62395e+17	1.00e+00	2.16e-10	9.90e-21
 6.64072e+17	1.00e+00	2.10e-10	0.00e+00
 6.65872e+17	1.00e+00	2.04e-10	0.00e+00
 6.67837e+17	1.00e+00	1.97e-10	0.00e+00
 6.70026e+17	1.00e+00	1.89e-10	0.00e+00
 6.72525e+17	1.00e+00	1.81e-10	0.00e+00
 6.75460e+17	1.00e+00	1.72e-10	0.00e+00
 6.79022e+17	1.00e+00	1.62e-10	0.00e+00
 6.83518e+17	1.00e+00	1.50e-10	0.00e+00
 6.89336e+17	1.00e+00	1.35e-10	0.00e+00
 6.96899e+17	1.00e+00	1.19e-10	0.00e+00
 7.06732e+17	1.00e+00	1.00e-10	0.00e+00
 7.19514e+17	1.00e+00	8.10e-11	0.00e+00
 7.36130e+17	1.00e+00	6.17e-11	0.00e+00
 7.56681e+17	1.00e+00	4.45e-11	0.00e+00
 7.80128e+17	1.00e+00	3.10e-11	0.00e+00
 8.04705e+17	1.00e+00	2.15e-11	0.00e+00
 8.29282e+17	1.00e+00	1.51e-11	0.00e+00
 8.53860e+17	1.00e+00	1.07e-11	0.00e+00
 8.78437e+17	1.00e+00	7.64e-12	0.00e+00
 9.03014e+17	1.00e+00	5.52e-12	0.00e+00
 9.27592e+17	1.00e+00	4.02e-12	0.00e+00
 9.52169e+17	1.00e+00	2.97e-12	0.00e+00
 9.76746e+17	1.00e+00	2.21e-12	0.00e+00
 1.00132e+18	1.00e+00	1.66e-12	0.00e+00
 1.02590e+18	1.00e+00	1.27e-12	0.00e+00
 1.05361e+18	1.00e+00	9.44e-13	0.00e+00
 1.08504e+18	1.00e+00	6.87e-13	0.00e+00
 1.11785e+18	1.00e+00	5.04e-13	0.00e+00
 1.15648e+18	1.00e+00	3.61e-13	0.00e+00
 1.20187e+18	1.00e+00	2.47e-13	0.00e+00
 1.24900e+18	1.00e+00	1.75e-13	0.00e+00
 1.29384e+18	1.00e+00	1.32e-13	0.00e+00
 1.33352e+18	1.00e+00	1.08e-13	0.00e+00
 1.36842e+18	1.00e+00	9.35e-14	0.00e+00
 1.40094e+18	1.00e+00	8.25e-14	0.00e+00
 1.43274e+18	1.00e+00	7.23e-14	0.00e+00
 1.46328e+18	1.00e+00	6.30e-14	0.00e+00
 1.49091e+18	1.00e+00	5.54e-14	0.00e+00
 1.51417e+18	1.00e+00	4.97e-14	0.00e+00
 1.53114e+18	1.00e+00	4.56e-14	0.00e+00
 1.54130e+18	1.00e+00	4.36e-14	0.00e+00
 1.54708e+18	1.00e+00	4.27e-14	0.00e+00
 1.55061e+18	1.00e+00	4.21e-14	0.00e+00
 1.55272e+18	1.00e+00	4.17e-14	0.00e+00
 1.55414e+18	1.00e+00	4.15e-14	0.00e+00
 1.55546e+18	1.00e+00	4.13e-14	0.00e+00
 1.55703e+18	1.00e+00	4.11e-14	0.00e+00
 1.55867e+18	1.00e+00	4.08e-14	0.00e+00
 1.56005e+18	1.00e+00	4.05e-14	0.00e+00
 1.56114e+18	1.00e+00	4.03e-14	0.00e+00
 1.56226e+18	1.00e+00	4.02e-14	0.00e+00
 1.56354e+18	1.00e+00	3.99e-14	0.00e+00
 1.56471e+18	1.00e+00	3.97e-14	0.00e+00
 1.56562e+18	1.00e+00	3.95e-14	0.00e+00
 1.56643e+18	1.00e+00	3.94e-14	0.00e+00
 1.56730e+18	1.00e+00	3.92e-14	0.00e+00
 1.56816e+18	1.00e+00	3.90e-14	0.00e+00
 1.56895e+18	1.00e+00	3.89e-14	0.00e+00
 1.56967e+18	1.00e+00	3.88e-14	0.00e+00
 1.57035e+18	1.00e+00	3.87e-14	0.00e+00
 1.57099e+18	1.00e+00	3.86e-14	0.00e+00
 1.57162e+18	1.00e+00	3.85e-14	0.00e+00
 1.57223e+18	1.00e+00	3.83e-14	0.00e+00
 1.57280e+18	1.00e+00	3.82e-14	0.00e+00
 1.57334e+18	1.00e+00	3.83e-14	0.00e+00
 1.57386e+18	1.00e+00	3.81e-14	0.00e+00
 1.57437e+18	1.00e+00	3.81e-14	0.00e+00
 1.57488e+18	1.00e+00	3.79e-14	0.00e+00
 1.57537e+18	1.00e+00	3.79e-14	0.00e+00
 1.57584e+18	1.00e+00	3.78e-14	0.00e+00
 1.57628e+18	1.00e+00	3.79e-14	0.00e+00
 1.57672e+18	1.00e+00	3.78e-14	0.00e+00
 1.57715e+18	1.00e+00	3.78e-14	0.00e+00
 1.57756e+18	1.00e+00	3.76e-14	0.00e+00
 1.57797e+18	1.00e+00	3.78e-14	0.00e+00
 1.57841e+18	1.00e+00	3.75e-14	0.00e+00
 1.57885e+18	1.00e+00	3.72e-14	0.00e+00
 1.57923e+18	1.00e+00	3.73e-14	0.00e+00
 1.57962e+18	1.00e+00	3.77e-14	0.00e+00
 1.58005e+18	1.00e+00	3.70e-14	0.00e+00
 1.58044e+18	1.00e+00	3.71e-14	0.00e+00
 1.58081e+18	1.00e+00	3.72e-14	0.00e+00
 1.58122e+18	1.00e+00	3.72e-14	0.00e+00
 1.58167e+18	1.00e+00	3.64e-14	0.00e+00
 1.58208e+18	1.00e+00	3.65e-14	0.00e+00
 1.58245e+18	1.00e+00	3.66e-14	0.00e+00
 1.58285e+18	1.00e+00	3.69e-14	0.00e+00
 1.58330e+18	1.00e+00	3.60e-14	0.00e+00
 1.58378e+18	1.00e+00	3.60e-14	0.00e+00
 1.58428e+18	1.00e+00	3.55e-14	0.00e+00
 1.58472e+18	1.00e+00	3.55e-14	0.00e+00
 1.58514e+18	1.00e+00	3.57e-14	0.00e+00
 1.58556e+18	1.00e+00	3.56e-14	0.00e+00
 1.58601e+18	1.00e+00	3.53e-14	0.00e+00
 1.58649e+18	1.00e+00	3.51e-14	0.00e+00
 1.58701e+18	1.00e+00	3.48e-14	0.00e+00
 1.58755e+18	1.00e+00	3.45e-14	0.00e+00
 1.58806e+18	1.00e+00	3.44e-14	0.00e+00
 1.58856e+18	1.00e+00	3.44e-14	0.00e+00
 1.58910e+18	1.00e+00	3.41e-14	0.00e+00
 1.58969e+18	1.00e+00	3.38e-14	0.00e+00
 1.59025e+18	1.00e+00	3.36e-14	0.00e+00
 1.59080e+18	1.00e+00	3.35e-14	0.00e+00
 1.59140e+18	1.00e+00	3.33e-14	0.00e+00
 1.59207e+18	1.00e+00	3.30e-14	0.00e+00
 1.59275e+18	1.00e+00	3.28e-14	0.00e+00
 1.59337e+18	1.00e+00	3.26e-14	0.00e+00
 1.59400e+18	1.00e+00	3.24e-14	0.00e+00
 1.59470e+18	1.00e+00	3.22e-14	0.00e+00
 1.59542e+18	1.00e+00	3.19e-14	0.00e+00
 1.59617e+18	1.00e+00	3.17e-14	0.00e+00
 1.59694e+18	1.00e+00	3.14e-14	0.00e+00
 1.59771e+18	1.00e+00	3.12e-14	0.00e+00
 1.59847e+18	1.00e+00	3.09e-14	0.00e+00
 1.59924e+18	1.00e+00	3.07e-14	0.00e+00
 1.60010e+18	1.00e+00	3.04e-14	0.00e+00
 1.60101e+18	1.00e+00	3.01e-14	0.00e+00
 1.60188e+18	1.00e+00	2.98e-14	0.00e+00
 1.60276e+18	1.00e+00	2.95e-14	0.00e+00
 1.60369e+18	1.00e+00	2.92e-14	0.00e+00
 1.60469e+18	1.00e+00	2.89e-14	0.00e+00
 1.60573e+18	1.00e+00	2.85e-14	0.00e+00
 1.60676e+18	1.00e+00	2.82e-14	0.00e+00
 1.60781e+18	1.00e+00	2.79e-14	0.00e+00
 1.60889e+18	1.00e+00	2.75e-14	0.00e+00
 1.61000e+18	1.00e+00	2.72e-14	0.00e+00
 1.61119e+18	1.00e+00	2.68e-14	0.00e+00
 1.61246e+18	1.00e+00	2.63e-14	0.00e+00
 1.61367e+18	1.00e+00	2.60e-14	0.00e+00
 1.61491e+18	1.00e+00	2.56e-14	0.00e+00
 1.61623e+18	1.00e+00	2.52e-14	0.00e+00
 1.61763e+18	1.00e+00	2.47e-14	0.00e+00
 1.61906e+18	1.00e+00	2.43e-14	0.00e+00
 1.62049e+18	1.00e+00	2.38e-14	0.00e+00
 1.62197e+18	1.00e+00	2.34e-14	0.00e+00
 1.62352e+18	1.00e+00	2.29e-14	0.00e+00
 1.62512e+18	1.00e+00	2.24e-14	0.00e+00
 1.62675e+18	1.00e+00	2.19e-14	0.00e+00
 1.62843e+18	1.00e+00	2.14e-14	0.00e+00
 1.63021e+18	1.00e+00	2.09e-14	0.00e+00
 1.63203e+18	1.00e+00	2.03e-14	0.00e+00
 1.63388e+18	1.00e+00	1.98e-14	0.00e+00
 1.63585e+18	1.00e+00	1.93e-14	0.00e+00
 1.63795e+18	1.00e+00	1.87e-14	0.00e+00
 1.64005e+18	1.00e+00	1.81e-14	0.00e+00
 1.64216e+18	1.00e+00	1.76e-14	0.00e+00
 1.64438e+18	1.00e+00	1.70e-14	0.00e+00
 1.64676e+18	1.00e+00	1.64e-14	0.00e+00
 1.64936e+18	1.00e+00	1.58e-14	0.00e+00
 1.65211e+18	1.00e+00	1.52e-14	0.00e+00
 1.65480e+18	1.00e+00	1.45e-14	0.00e+00
 1.65744e+18	1.00e+00	1.40e-14	0.00e+00
 1.66028e+18	1.00e+00	1.34e-14	0.00e+00
 1.66349e+18	1.00e+00	1.28e-14	0.00e+00
 1.66704e+18	1.00e+00	1.21e-14	0.00e+00
 1.67068e+18	1.00e+00	1.14e-14	0.00e+00
 1.67427e+18	1.00e+00	1.08e-14	0.00e+00
 1.67800e+18	1.00e+00	1.02e-14	0.00e+00
 1.68188e+18	1.00e+00	9.61e-15	0.00e+00
 1.68544e+18	1.00e+00	9.04e-15	0.00e+00
 1.68848e+18	1.00e+00	8.59e-15	0.00e+00
 1.69123e+18	1.00e+00	8.20e-15	0.00e+00
 1.69385e+18	1.00e+00	7.85e-15	0.00e+00
 1.69650e+18	1.00e+00	7.53e-15	0.00e+00
 1.69927e+18	1.00e+00	7.19e-15	0.00e+00
 1.70196e+18	1.00e+00	6.85e-15	0.00e+00
 1.70440e+18	1.00e+00	6.55e-15	0.00e+00
 1.70658e+18	1.00e+00	6.29e-15	0.00e+00
 1.70863e+18	1.00e+00	6.05e-15	0.00e+00
 1.71063e+18	1.00e+00	5.83e-15	0.00e+00
 1.71258e+18	1.00e+00	5.61e-15	0.00e+00
 1.71446e+18	1.00e+00	5.41e-15	0.00e+00
 1.71623e+18	1.00e+00	5.22e-15	0.00e+00
 1.71792e+18	1.00e+00	5.04e-15	0.00e+00
 1.71955e+18	1.00e+00	4.88e-15	0.00e+00
 1.72113e+18	1.00e+00	4.73e-15	0.00e+00
 1.72268e+18	1.00e+00	4.58e-15	0.00e+00
 1.72420e+18	1.00e+00	4.44e-15	0.00e+00
 1.72566e+18	1.00e+00	4.30e-15	0.00e+00
 1.72708e+18	1.00e+00	4.18e-15	0.00e+00
 1.72848e+18	1.00e+00	4.05e-15	0.00e+00
 1.72985e+18	1.00e+00	3.93e-15	0.00e+00
 1.73119e+18	1.00e+00	3.82e-15	0.00e+00
 1.73250e+18	1.00e+00	3.71e-15	0.00e+00
 1.73379e+18	1.00e+00	3.61e-15	0.00e+00
