#depth	C	C+	C+2	C+3	C+4	C+5	C+6	C[1]	C[2]	C[3]	C+[1]	C+[2]	CO
 1.49634e+10	0.00e+00	0.00e+00	3.43e-27	7.45e-17	9.50e-06	1.10e-01	8.90e-01	0.00e+00	0.00e+00	0.00e+00	0.00e+00	0.00e+00	0.00e+00
 4.54887e+10	0.00e+00	5.33e-38	4.66e-27	9.35e-17	1.10e-05	1.18e-01	8.82e-01	0.00e+00	0.00e+00	0.00e+00	0.00e+00	0.00e+00	0.00e+00
 7.72350e+10	0.00e+00	0.00e+00	6.34e-27	1.18e-16	1.28e-05	1.26e-01	8.74e-01	0.00e+00	0.00e+00	0.00e+00	0.00e+00	0.00e+00	0.00e+00
 1.10251e+11	0.00e+00	1.15e-37	8.61e-27	1.48e-16	1.49e-05	1.35e-01	8.65e-01	0.00e+00	0.00e+00	0.00e+00	0.00e+00	0.00e+00	0.00e+00
 1.44588e+11	0.00e+00	0.00e+00	1.17e-26	1.85e-16	1.73e-05	1.45e-01	8.55e-01	0.00e+00	0.00e+00	0.00e+00	0.00e+00	0.00e+00	0.00e+00
 1.80298e+11	0.00e+00	2.49e-37	1.59e-26	2.33e-16	2.00e-05	1.55e-01	8.45e-01	0.00e+00	0.00e+00	0.00e+00	0.00e+00	0.00e+00	0.00e+00
 2.17437e+11	0.00e+00	0.00e+00	2.15e-26	2.92e-16	2.32e-05	1.65e-01	8.35e-01	0.00e+00	0.00e+00	0.00e+00	0.00e+00	0.00e+00	0.00e+00
 2.55293e+11	0.00e+00	5.32e-37	2.90e-26	3.64e-16	2.68e-05	1.76e-01	8.24e-01	0.00e+00	0.00e+00	0.00e+00	0.00e+00	0.00e+00	0.00e+00
 2.94663e+11	0.00e+00	0.00e+00	3.91e-26	4.54e-16	3.10e-05	1.88e-01	8.12e-01	0.00e+00	0.00e+00	0.00e+00	0.00e+00	0.00e+00	0.00e+00
 3.36376e+11	0.00e+00	1.13e-36	5.30e-26	5.69e-16	3.58e-05	2.00e-01	8.00e-01	0.00e+00	0.00e+00	0.00e+00	0.00e+00	0.00e+00	0.00e+00
 3.79758e+11	0.00e+00	0.00e+00	7.17e-26	7.11e-16	4.14e-05	2.13e-01	7.87e-01	0.00e+00	0.00e+00	0.00e+00	0.00e+00	0.00e+00	0.00e+00
 4.24875e+11	0.00e+00	2.43e-36	9.70e-26	8.89e-16	4.79e-05	2.26e-01	7.74e-01	0.00e+00	0.00e+00	0.00e+00	0.00e+00	0.00e+00	0.00e+00
 4.71797e+11	1.17e-47	3.55e-36	1.31e-25	1.11e-15	5.53e-05	2.40e-01	7.60e-01	0.00e+00	0.00e+00	0.00e+00	0.00e+00	0.00e+00	0.00e+00
 5.15596e+11	0.00e+00	0.00e+00	1.72e-25	1.35e-15	6.28e-05	2.54e-01	7.46e-01	0.00e+00	0.00e+00	0.00e+00	0.00e+00	0.00e+00	0.00e+00
 5.54211e+11	0.00e+00	6.67e-36	2.16e-25	1.60e-15	7.01e-05	2.65e-01	7.35e-01	0.00e+00	0.00e+00	0.00e+00	0.00e+00	0.00e+00	0.00e+00
 5.97307e+11	3.65e-47	9.12e-36	2.77e-25	1.93e-15	7.88e-05	2.78e-01	7.22e-01	0.00e+00	0.00e+00	0.00e+00	0.00e+00	0.00e+00	0.00e+00
 6.49062e+11	0.00e+00	0.00e+00	3.69e-25	2.38e-15	9.02e-05	2.94e-01	7.06e-01	0.00e+00	0.00e+00	0.00e+00	0.00e+00	0.00e+00	0.00e+00
 7.01082e+11	0.00e+00	1.86e-35	4.86e-25	2.92e-15	1.03e-04	3.09e-01	6.91e-01	0.00e+00	0.00e+00	0.00e+00	0.00e+00	0.00e+00	0.00e+00
 7.48907e+11	1.26e-46	2.54e-35	6.22e-25	3.49e-15	1.15e-04	3.23e-01	6.77e-01	0.00e+00	0.00e+00	0.00e+00	0.00e+00	0.00e+00	0.00e+00
 8.02273e+11	0.00e+00	0.00e+00	8.09e-25	4.24e-15	1.30e-04	3.39e-01	6.61e-01	0.00e+00	0.00e+00	0.00e+00	0.00e+00	0.00e+00	0.00e+00
 8.64049e+11	0.00e+00	5.14e-35	1.09e-24	5.25e-15	1.49e-04	3.56e-01	6.43e-01	0.00e+00	0.00e+00	0.00e+00	0.00e+00	0.00e+00	1.21e-168
 9.24453e+11	4.52e-46	7.30e-35	1.43e-24	6.42e-15	1.70e-04	3.74e-01	6.26e-01	0.00e+00	0.00e+00	0.00e+00	0.00e+00	0.00e+00	4.44e-233
 9.81737e+11	0.00e+00	0.00e+00	1.84e-24	7.72e-15	1.90e-04	3.90e-01	6.10e-01	0.00e+00	0.00e+00	0.00e+00	0.00e+00	0.00e+00	1.09e-297
 1.04540e+12	0.00e+00	1.41e-34	2.41e-24	9.39e-15	2.15e-04	4.07e-01	5.93e-01	0.00e+00	0.00e+00	0.00e+00	0.00e+00	0.00e+00	4.31e-167
 1.11714e+12	1.58e-45	2.04e-34	3.22e-24	1.16e-14	2.46e-04	4.26e-01	5.74e-01	0.00e+00	0.00e+00	0.00e+00	0.00e+00	0.00e+00	4.26e-232
 1.18932e+12	0.00e+00	0.00e+00	4.26e-24	1.42e-14	2.79e-04	4.45e-01	5.55e-01	0.00e+00	0.00e+00	0.00e+00	0.00e+00	0.00e+00	2.70e-297
 1.26438e+12	0.00e+00	4.17e-34	5.63e-24	1.74e-14	3.17e-04	4.64e-01	5.36e-01	0.00e+00	0.00e+00	0.00e+00	0.00e+00	0.00e+00	2.04e-165
 1.34488e+12	5.86e-45	6.02e-34	7.51e-24	2.15e-14	3.61e-04	4.84e-01	5.16e-01	0.00e+00	0.00e+00	0.00e+00	0.00e+00	0.00e+00	4.96e-231
 1.42861e+12	0.00e+00	8.68e-34	1.00e-23	2.64e-14	4.10e-04	5.03e-01	4.96e-01	0.00e+00	0.00e+00	0.00e+00	0.00e+00	0.00e+00	7.74e-297
 1.51568e+12	1.42e-44	1.25e-33	1.33e-23	3.25e-14	4.65e-04	5.23e-01	4.76e-01	0.00e+00	0.00e+00	0.00e+00	0.00e+00	0.00e+00	3.92e-142
 1.60623e+12	0.00e+00	1.80e-33	1.77e-23	3.98e-14	5.28e-04	5.43e-01	4.57e-01	0.00e+00	0.00e+00	0.00e+00	0.00e+00	0.00e+00	2.25e-208
 1.70041e+12	3.45e-44	2.58e-33	2.35e-23	4.88e-14	5.97e-04	5.62e-01	4.37e-01	0.00e+00	0.00e+00	0.00e+00	0.00e+00	0.00e+00	8.44e-275
 1.79835e+12	0.00e+00	3.71e-33	3.11e-23	5.98e-14	6.76e-04	5.82e-01	4.18e-01	0.00e+00	0.00e+00	0.00e+00	0.00e+00	0.00e+00	5.29e-162
 1.90021e+12	8.33e-44	5.32e-33	4.12e-23	7.31e-14	7.63e-04	6.01e-01	3.98e-01	0.00e+00	0.00e+00	0.00e+00	0.00e+00	0.00e+00	7.03e-229
 2.00615e+12	0.00e+00	7.62e-33	5.45e-23	8.93e-14	8.61e-04	6.20e-01	3.79e-01	0.00e+00	0.00e+00	0.00e+00	0.00e+00	0.00e+00	6.31e-296
 2.11632e+12	2.00e-43	1.09e-32	7.21e-23	1.09e-13	9.70e-04	6.38e-01	3.61e-01	0.00e+00	0.00e+00	0.00e+00	0.00e+00	0.00e+00	3.92e-139
 2.23090e+12	0.00e+00	1.56e-32	9.52e-23	1.33e-13	1.09e-03	6.56e-01	3.43e-01	0.00e+00	0.00e+00	0.00e+00	0.00e+00	0.00e+00	1.17e-206
 2.34271e+12	4.67e-43	2.18e-32	1.23e-22	1.60e-13	1.22e-03	6.73e-01	3.26e-01	0.00e+00	0.00e+00	0.00e+00	0.00e+00	0.00e+00	3.64e-138
 2.44904e+12	0.00e+00	2.96e-32	1.57e-22	1.89e-13	1.35e-03	6.88e-01	3.11e-01	0.00e+00	0.00e+00	0.00e+00	0.00e+00	0.00e+00	4.26e-206
 2.56698e+12	1.02e-42	4.11e-32	2.02e-22	2.26e-13	1.49e-03	7.03e-01	2.95e-01	0.00e+00	0.00e+00	0.00e+00	0.00e+00	0.00e+00	2.83e-137
 2.69574e+12	0.00e+00	5.80e-32	2.64e-22	2.73e-13	1.67e-03	7.19e-01	2.79e-01	0.00e+00	0.00e+00	0.00e+00	0.00e+00	0.00e+00	1.24e-205
 2.81999e+12	2.29e-42	7.98e-32	3.37e-22	3.25e-13	1.85e-03	7.33e-01	2.65e-01	0.00e+00	0.00e+00	0.00e+00	0.00e+00	0.00e+00	2.44e-136
 2.95305e+12	0.00e+00	1.11e-31	4.35e-22	3.89e-13	2.05e-03	7.47e-01	2.51e-01	0.00e+00	0.00e+00	0.00e+00	0.00e+00	0.00e+00	3.87e-205
 3.10110e+12	5.30e-42	1.58e-31	5.71e-22	4.71e-13	2.29e-03	7.62e-01	2.36e-01	0.00e+00	0.00e+00	0.00e+00	0.00e+00	0.00e+00	2.25e-135
 3.25049e+12	0.00e+00	2.22e-31	7.43e-22	5.66e-13	2.54e-03	7.76e-01	2.22e-01	0.00e+00	0.00e+00	0.00e+00	0.00e+00	0.00e+00	1.10e-204
 3.40586e+12	1.23e-41	3.12e-31	9.66e-22	6.80e-13	2.82e-03	7.89e-01	2.09e-01	0.00e+00	0.00e+00	0.00e+00	0.00e+00	0.00e+00	2.10e-134
 3.57203e+12	0.00e+00	4.43e-31	1.26e-21	8.21e-13	3.14e-03	8.01e-01	1.95e-01	0.00e+00	0.00e+00	0.00e+00	0.00e+00	0.00e+00	2.48e-204
 3.74483e+12	2.91e-41	6.29e-31	1.65e-21	9.90e-13	3.49e-03	8.14e-01	1.83e-01	0.00e+00	0.00e+00	0.00e+00	0.00e+00	0.00e+00	2.09e-133
 3.92455e+12	0.00e+00	8.92e-31	2.16e-21	1.19e-12	3.88e-03	8.25e-01	1.71e-01	0.00e+00	0.00e+00	0.00e+00	0.00e+00	0.00e+00	1.41e-204
 4.11146e+12	6.88e-41	1.26e-30	2.83e-21	1.44e-12	4.30e-03	8.36e-01	1.60e-01	0.00e+00	0.00e+00	0.00e+00	0.00e+00	0.00e+00	2.09e-132
 4.30585e+12	0.00e+00	1.79e-30	3.70e-21	1.73e-12	4.77e-03	8.46e-01	1.49e-01	0.00e+00	0.00e+00	0.00e+00	0.00e+00	0.00e+00	0.00e+00
 4.50801e+12	1.63e-40	2.54e-30	4.83e-21	2.08e-12	5.28e-03	8.56e-01	1.39e-01	0.00e+00	0.00e+00	0.00e+00	0.00e+00	0.00e+00	2.10e-131
 4.71826e+12	0.00e+00	3.60e-30	6.30e-21	2.50e-12	5.84e-03	8.65e-01	1.29e-01	0.00e+00	0.00e+00	0.00e+00	0.00e+00	0.00e+00	0.00e+00
 4.91562e+12	3.70e-40	4.93e-30	8.02e-21	2.95e-12	6.39e-03	8.73e-01	1.21e-01	0.00e+00	0.00e+00	0.00e+00	0.00e+00	0.00e+00	1.90e-130
 5.09157e+12	0.00e+00	6.47e-30	9.86e-21	3.40e-12	6.91e-03	8.79e-01	1.14e-01	0.00e+00	0.00e+00	0.00e+00	0.00e+00	0.00e+00	0.00e+00
 5.28881e+12	7.46e-40	8.70e-30	1.24e-20	3.97e-12	7.51e-03	8.85e-01	1.07e-01	0.00e+00	0.00e+00	0.00e+00	0.00e+00	0.00e+00	1.25e-129
 5.52326e+12	0.00e+00	1.22e-29	1.60e-20	4.73e-12	8.26e-03	8.92e-01	9.98e-02	0.00e+00	0.00e+00	0.00e+00	0.00e+00	0.00e+00	0.00e+00
 5.75825e+12	1.70e-39	1.70e-29	2.06e-20	5.62e-12	9.06e-03	8.98e-01	9.29e-02	0.00e+00	0.00e+00	0.00e+00	0.00e+00	0.00e+00	1.15e-128
 5.97801e+12	0.00e+00	2.28e-29	2.57e-20	6.55e-12	9.83e-03	9.03e-01	8.70e-02	0.00e+00	0.00e+00	0.00e+00	0.00e+00	0.00e+00	0.00e+00
 6.22242e+12	3.64e-39	3.13e-29	3.28e-20	7.73e-12	1.07e-02	9.08e-01	8.10e-02	0.00e+00	0.00e+00	0.00e+00	0.00e+00	0.00e+00	8.86e-128
 6.50124e+12	0.00e+00	4.45e-29	4.29e-20	9.27e-12	1.18e-02	9.13e-01	7.49e-02	0.00e+00	0.00e+00	0.00e+00	0.00e+00	0.00e+00	0.00e+00
 6.77789e+12	8.53e-39	6.22e-29	5.53e-20	1.10e-11	1.29e-02	9.18e-01	6.94e-02	0.00e+00	0.00e+00	0.00e+00	0.00e+00	0.00e+00	8.70e-127
 7.06561e+12	0.00e+00	8.70e-29	7.14e-20	1.31e-11	1.42e-02	9.22e-01	6.43e-02	0.00e+00	0.00e+00	0.00e+00	0.00e+00	0.00e+00	0.00e+00
 7.37816e+12	2.00e-38	1.24e-28	9.33e-20	1.57e-11	1.56e-02	9.25e-01	5.92e-02	0.00e+00	0.00e+00	0.00e+00	0.00e+00	0.00e+00	8.63e-126
 7.69629e+12	0.00e+00	1.75e-28	1.21e-19	1.88e-11	1.71e-02	9.28e-01	5.46e-02	0.00e+00	0.00e+00	0.00e+00	0.00e+00	0.00e+00	0.00e+00
 7.99168e+12	4.51e-38	2.38e-28	1.53e-19	2.20e-11	1.86e-02	9.31e-01	5.08e-02	0.00e+00	0.00e+00	0.00e+00	0.00e+00	0.00e+00	7.65e-125
 8.26282e+12	0.00e+00	3.14e-28	1.89e-19	2.53e-11	2.00e-02	9.32e-01	4.76e-02	0.00e+00	0.00e+00	0.00e+00	0.00e+00	0.00e+00	0.00e+00
 8.57224e+12	9.30e-38	4.26e-28	2.39e-19	2.96e-11	2.16e-02	9.34e-01	4.42e-02	0.00e+00	0.00e+00	0.00e+00	0.00e+00	0.00e+00	5.32e-124
 8.93704e+12	0.00e+00	6.03e-28	3.11e-19	3.54e-11	2.37e-02	9.36e-01	4.07e-02	0.00e+00	0.00e+00	0.00e+00	0.00e+00	0.00e+00	0.00e+00
 9.29822e+12	2.16e-37	8.42e-28	4.00e-19	4.19e-11	2.58e-02	9.37e-01	3.75e-02	0.00e+00	0.00e+00	0.00e+00	0.00e+00	0.00e+00	5.13e-123
 9.63395e+12	0.00e+00	1.13e-27	5.02e-19	4.88e-11	2.79e-02	9.37e-01	3.49e-02	0.00e+00	0.00e+00	0.00e+00	0.00e+00	0.00e+00	0.00e+00
 1.00094e+13	4.70e-37	1.57e-27	6.43e-19	5.76e-11	3.04e-02	9.37e-01	3.22e-02	0.00e+00	0.00e+00	0.00e+00	0.00e+00	0.00e+00	4.08e-122
 1.04397e+13	0.00e+00	2.25e-27	8.45e-19	6.92e-11	3.33e-02	9.37e-01	2.94e-02	0.00e+00	0.00e+00	0.00e+00	0.00e+00	0.00e+00	0.00e+00
 1.08618e+13	1.12e-36	3.16e-27	1.09e-18	8.23e-11	3.63e-02	9.37e-01	2.70e-02	0.00e+00	0.00e+00	0.00e+00	0.00e+00	0.00e+00	4.15e-121
 1.12669e+13	0.00e+00	4.33e-27	1.39e-18	9.67e-11	3.94e-02	9.36e-01	2.50e-02	0.00e+00	0.00e+00	0.00e+00	0.00e+00	0.00e+00	0.00e+00
 1.17136e+13	2.51e-36	6.06e-27	1.79e-18	1.15e-10	4.29e-02	9.34e-01	2.29e-02	0.00e+00	0.00e+00	0.00e+00	0.00e+00	0.00e+00	3.60e-120
 1.22121e+13	0.00e+00	8.71e-27	2.36e-18	1.38e-10	4.70e-02	9.32e-01	2.09e-02	0.00e+00	0.00e+00	0.00e+00	0.00e+00	0.00e+00	0.00e+00
 1.27144e+13	6.10e-36	1.24e-26	3.09e-18	1.65e-10	5.14e-02	9.30e-01	1.91e-02	0.00e+00	0.00e+00	0.00e+00	0.00e+00	0.00e+00	3.82e-119
 1.32367e+13	0.00e+00	1.76e-26	4.04e-18	1.97e-10	5.61e-02	9.27e-01	1.74e-02	0.00e+00	0.00e+00	0.00e+00	0.00e+00	0.00e+00	0.00e+00
 1.37791e+13	1.46e-35	2.51e-26	5.30e-18	2.36e-10	6.13e-02	9.23e-01	1.58e-02	0.00e+00	0.00e+00	0.00e+00	0.00e+00	0.00e+00	3.93e-118
 1.43431e+13	0.00e+00	3.57e-26	6.94e-18	2.83e-10	6.69e-02	9.19e-01	1.44e-02	0.00e+00	0.00e+00	0.00e+00	0.00e+00	0.00e+00	0.00e+00
 1.49468e+13	3.57e-35	5.14e-26	9.17e-18	3.41e-10	7.32e-02	9.14e-01	1.30e-02	0.00e+00	0.00e+00	0.00e+00	0.00e+00	0.00e+00	4.18e-117
 1.55746e+13	0.00e+00	7.41e-26	1.21e-17	4.11e-10	8.01e-02	9.08e-01	1.18e-02	0.00e+00	0.00e+00	0.00e+00	0.00e+00	0.00e+00	0.00e+00
 1.62275e+13	8.80e-35	1.07e-25	1.60e-17	4.95e-10	8.76e-02	9.02e-01	1.07e-02	0.00e+00	0.00e+00	0.00e+00	0.00e+00	0.00e+00	4.60e-116
 1.69065e+13	0.00e+00	1.53e-25	2.12e-17	5.96e-10	9.58e-02	8.95e-01	9.62e-03	0.00e+00	0.00e+00	0.00e+00	0.00e+00	0.00e+00	1.78e-99
 1.76127e+13	2.17e-34	2.21e-25	2.80e-17	7.18e-10	1.05e-01	8.87e-01	8.67e-03	0.00e+00	0.00e+00	0.00e+00	0.00e+00	0.00e+00	9.12e-282
 1.82523e+13	0.00e+00	3.03e-25	3.57e-17	8.45e-10	1.13e-01	8.79e-01	7.91e-03	0.00e+00	0.00e+00	0.00e+00	0.00e+00	0.00e+00	1.50e-132
 1.87868e+13	4.39e-34	3.91e-25	4.35e-17	9.64e-10	1.20e-01	8.73e-01	7.33e-03	0.00e+00	0.00e+00	0.00e+00	0.00e+00	0.00e+00	4.54e-97
 1.93731e+13	6.14e-34	5.13e-25	5.35e-17	1.11e-09	1.28e-01	8.65e-01	6.76e-03	0.00e+00	0.00e+00	0.00e+00	0.00e+00	0.00e+00	0.00e+00
 2.01135e+13	9.24e-34	7.14e-25	6.91e-17	1.31e-09	1.39e-01	8.55e-01	6.12e-03	0.00e+00	0.00e+00	0.00e+00	0.00e+00	0.00e+00	2.36e-113
 2.08851e+13	1.39e-33	9.95e-25	8.92e-17	1.56e-09	1.50e-01	8.45e-01	5.53e-03	0.00e+00	0.00e+00	0.00e+00	0.00e+00	0.00e+00	5.92e-96
 2.15430e+13	1.94e-33	1.31e-24	1.10e-16	1.79e-09	1.60e-01	8.35e-01	5.08e-03	0.00e+00	0.00e+00	0.00e+00	0.00e+00	0.00e+00	0.00e+00
 2.22223e+13	2.71e-33	1.71e-24	1.36e-16	2.06e-09	1.70e-01	8.25e-01	4.66e-03	0.00e+00	0.00e+00	0.00e+00	0.00e+00	0.00e+00	4.15e-112
 2.30733e+13	4.05e-33	2.37e-24	1.74e-16	2.43e-09	1.83e-01	8.12e-01	4.20e-03	0.00e+00	0.00e+00	0.00e+00	0.00e+00	0.00e+00	6.37e-95
 2.39382e+13	5.98e-33	3.25e-24	2.23e-16	2.86e-09	1.97e-01	7.99e-01	3.78e-03	0.00e+00	0.00e+00	0.00e+00	0.00e+00	0.00e+00	0.00e+00
 2.46883e+13	8.26e-33	4.22e-24	2.73e-16	3.27e-09	2.09e-01	7.87e-01	3.46e-03	0.00e+00	0.00e+00	0.00e+00	0.00e+00	0.00e+00	8.22e-111
 2.54983e+13	1.16e-32	5.54e-24	3.37e-16	3.76e-09	2.22e-01	7.74e-01	3.15e-03	0.00e+00	0.00e+00	0.00e+00	0.00e+00	0.00e+00	6.60e-94
 2.64903e+13	1.71e-32	7.64e-24	4.32e-16	4.43e-09	2.39e-01	7.58e-01	2.82e-03	0.00e+00	0.00e+00	0.00e+00	0.00e+00	0.00e+00	8.37e-287
 2.75043e+13	2.52e-32	1.04e-23	5.50e-16	5.20e-09	2.56e-01	7.42e-01	2.52e-03	0.00e+00	0.00e+00	0.00e+00	0.00e+00	0.00e+00	1.68e-109
 2.84325e+13	3.52e-32	1.37e-23	6.79e-16	5.98e-09	2.71e-01	7.27e-01	2.29e-03	0.00e+00	0.00e+00	0.00e+00	0.00e+00	0.00e+00	7.99e-93
 2.94633e+13	5.03e-32	1.83e-23	8.50e-16	6.92e-09	2.88e-01	7.10e-01	2.05e-03	0.00e+00	0.00e+00	0.00e+00	0.00e+00	0.00e+00	1.11e-108
 3.06619e+13	7.48e-32	2.52e-23	1.09e-15	8.15e-09	3.08e-01	6.90e-01	1.82e-03	0.00e+00	0.00e+00	0.00e+00	0.00e+00	0.00e+00	4.36e-92
 3.18470e+13	1.09e-31	3.41e-23	1.37e-15	9.48e-09	3.27e-01	6.71e-01	1.62e-03	0.00e+00	0.00e+00	0.00e+00	0.00e+00	0.00e+00	9.27e-108
 3.29799e+13	1.52e-31	4.49e-23	1.70e-15	1.09e-08	3.46e-01	6.53e-01	1.45e-03	0.00e+00	0.00e+00	0.00e+00	0.00e+00	0.00e+00	2.20e-91
 3.42294e+13	2.18e-31	5.99e-23	2.12e-15	1.26e-08	3.66e-01	6.33e-01	1.29e-03	0.00e+00	0.00e+00	0.00e+00	0.00e+00	0.00e+00	6.47e-107
 3.56285e+13	3.19e-31	8.15e-23	2.69e-15	1.47e-08	3.88e-01	6.11e-01	1.14e-03	0.00e+00	0.00e+00	0.00e+00	0.00e+00	0.00e+00	1.19e-90
 3.68958e+13	4.44e-31	1.06e-22	3.30e-15	1.67e-08	4.07e-01	5.92e-01	1.02e-03	0.00e+00	0.00e+00	0.00e+00	0.00e+00	0.00e+00	4.79e-106
 3.79554e+13	5.78e-31	1.31e-22	3.88e-15	1.85e-08	4.23e-01	5.76e-01	9.27e-04	0.00e+00	0.00e+00	0.00e+00	0.00e+00	0.00e+00	4.71e-90
 3.91183e+13	7.64e-31	1.65e-22	4.61e-15	2.07e-08	4.40e-01	5.59e-01	8.40e-04	0.00e+00	0.00e+00	0.00e+00	0.00e+00	0.00e+00	2.25e-105
 4.05860e+13	1.07e-30	2.16e-22	5.67e-15	2.36e-08	4.61e-01	5.38e-01	7.44e-04	0.00e+00	0.00e+00	0.00e+00	0.00e+00	0.00e+00	2.00e-89
 4.20593e+13	1.48e-30	2.81e-22	6.92e-15	2.68e-08	4.81e-01	5.18e-01	6.60e-04	0.00e+00	0.00e+00	0.00e+00	0.00e+00	0.00e+00	1.52e-104
 4.32944e+13	1.93e-30	3.46e-22	8.12e-15	2.96e-08	4.98e-01	5.02e-01	5.99e-04	0.00e+00	0.00e+00	0.00e+00	0.00e+00	0.00e+00	7.94e-89
 4.46106e+13	2.52e-30	4.29e-22	9.55e-15	3.28e-08	5.15e-01	4.85e-01	5.41e-04	0.00e+00	0.00e+00	0.00e+00	0.00e+00	0.00e+00	7.07e-104
 4.62765e+13	3.50e-30	5.57e-22	1.16e-14	3.71e-08	5.35e-01	4.64e-01	4.77e-04	0.00e+00	0.00e+00	0.00e+00	0.00e+00	0.00e+00	3.27e-88
 4.80143e+13	4.84e-30	7.23e-22	1.42e-14	4.19e-08	5.56e-01	4.44e-01	4.20e-04	0.00e+00	0.00e+00	0.00e+00	0.00e+00	0.00e+00	4.78e-103
 4.95612e+13	6.39e-30	9.02e-22	1.68e-14	4.65e-08	5.74e-01	4.26e-01	3.76e-04	0.00e+00	0.00e+00	0.00e+00	0.00e+00	0.00e+00	1.39e-87
 5.12429e+13	8.55e-30	1.14e-21	1.99e-14	5.17e-08	5.92e-01	4.08e-01	3.34e-04	0.00e+00	0.00e+00	0.00e+00	0.00e+00	0.00e+00	2.57e-102
 5.32523e+13	1.19e-29	1.48e-21	2.43e-14	5.84e-08	6.12e-01	3.87e-01	2.91e-04	0.00e+00	0.00e+00	0.00e+00	0.00e+00	0.00e+00	6.28e-87
 5.51730e+13	1.62e-29	1.89e-21	2.91e-14	6.52e-08	6.31e-01	3.69e-01	2.56e-04	0.00e+00	0.00e+00	0.00e+00	0.00e+00	0.00e+00	1.72e-101
 5.68078e+13	2.07e-29	2.30e-21	3.38e-14	7.13e-08	6.46e-01	3.54e-01	2.30e-04	0.00e+00	0.00e+00	0.00e+00	0.00e+00	0.00e+00	2.42e-86
 5.85857e+13	2.69e-29	2.83e-21	3.94e-14	7.82e-08	6.62e-01	3.38e-01	2.06e-04	0.00e+00	0.00e+00	0.00e+00	0.00e+00	0.00e+00	8.00e-101
 6.07973e+13	3.68e-29	3.62e-21	4.73e-14	8.72e-08	6.80e-01	3.20e-01	1.80e-04	0.00e+00	0.00e+00	0.00e+00	0.00e+00	0.00e+00	9.99e-86
 6.30622e+13	5.00e-29	4.61e-21	5.66e-14	9.72e-08	6.97e-01	3.03e-01	1.57e-04	0.00e+00	0.00e+00	0.00e+00	0.00e+00	0.00e+00	5.24e-100
 6.50600e+13	6.48e-29	5.66e-21	6.59e-14	1.06e-07	7.11e-01	2.88e-01	1.39e-04	0.00e+00	0.00e+00	0.00e+00	0.00e+00	0.00e+00	4.04e-85
 6.72210e+13	8.50e-29	7.01e-21	7.71e-14	1.17e-07	7.26e-01	2.74e-01	1.23e-04	0.00e+00	0.00e+00	0.00e+00	0.00e+00	0.00e+00	2.66e-99
 6.98263e+13	1.16e-28	8.97e-21	9.25e-14	1.30e-07	7.42e-01	2.58e-01	1.07e-04	0.00e+00	0.00e+00	0.00e+00	0.00e+00	0.00e+00	1.74e-84
 7.24306e+13	1.57e-28	1.14e-20	1.10e-13	1.44e-07	7.57e-01	2.43e-01	9.26e-05	0.00e+00	0.00e+00	0.00e+00	0.00e+00	0.00e+00	1.77e-98
 7.47871e+13	2.04e-28	1.39e-20	1.28e-13	1.57e-07	7.70e-01	2.30e-01	8.19e-05	0.00e+00	0.00e+00	0.00e+00	0.00e+00	0.00e+00	7.20e-84
 7.74002e+13	2.70e-28	1.74e-20	1.50e-13	1.72e-07	7.83e-01	2.17e-01	7.18e-05	0.00e+00	0.00e+00	0.00e+00	0.00e+00	0.00e+00	9.52e-98
 8.04697e+13	3.69e-28	2.22e-20	1.79e-13	1.90e-07	7.97e-01	2.03e-01	6.17e-05	0.00e+00	0.00e+00	0.00e+00	0.00e+00	0.00e+00	3.26e-83
 8.35085e+13	4.99e-28	2.81e-20	2.12e-13	2.10e-07	8.10e-01	1.90e-01	5.34e-05	0.00e+00	0.00e+00	0.00e+00	0.00e+00	0.00e+00	6.52e-97
 8.63708e+13	6.54e-28	3.47e-20	2.47e-13	2.29e-07	8.21e-01	1.79e-01	4.68e-05	0.00e+00	0.00e+00	0.00e+00	0.00e+00	0.00e+00	1.41e-82
 8.95575e+13	8.75e-28	4.35e-20	2.91e-13	2.51e-07	8.32e-01	1.68e-01	4.07e-05	0.00e+00	0.00e+00	0.00e+00	0.00e+00	0.00e+00	3.83e-96
 9.31698e+13	1.20e-27	5.56e-20	3.47e-13	2.77e-07	8.43e-01	1.57e-01	3.48e-05	0.00e+00	0.00e+00	0.00e+00	0.00e+00	0.00e+00	6.80e-82
 9.67893e+13	1.63e-27	7.04e-20	4.11e-13	3.04e-07	8.54e-01	1.46e-01	3.00e-05	0.00e+00	0.00e+00	0.00e+00	0.00e+00	0.00e+00	2.75e-95
 1.00554e+14	2.21e-27	8.91e-20	4.86e-13	3.33e-07	8.63e-01	1.37e-01	2.58e-05	0.00e+00	0.00e+00	0.00e+00	0.00e+00	0.00e+00	3.35e-81
 1.04606e+14	3.03e-27	1.14e-19	5.78e-13	3.67e-07	8.73e-01	1.27e-01	2.21e-05	0.00e+00	0.00e+00	0.00e+00	0.00e+00	0.00e+00	1.97e-94
 1.08820e+14	4.15e-27	1.45e-19	6.85e-13	4.03e-07	8.82e-01	1.18e-01	1.89e-05	0.00e+00	0.00e+00	0.00e+00	0.00e+00	0.00e+00	1.75e-80
 1.12838e+14	5.54e-27	1.81e-19	8.01e-13	4.38e-07	8.90e-01	1.10e-01	1.64e-05	0.00e+00	0.00e+00	0.00e+00	0.00e+00	0.00e+00	1.36e-93
 1.16517e+14	7.15e-27	2.20e-19	9.19e-13	4.72e-07	8.96e-01	1.04e-01	1.44e-05	0.00e+00	0.00e+00	0.00e+00	0.00e+00	0.00e+00	7.41e-80
 1.19985e+14	9.03e-27	2.63e-19	1.04e-12	5.05e-07	9.02e-01	9.84e-02	1.29e-05	0.00e+00	0.00e+00	0.00e+00	0.00e+00	0.00e+00	6.51e-93
 1.23801e+14	1.16e-26	3.18e-19	1.19e-12	5.42e-07	9.07e-01	9.29e-02	1.14e-05	0.00e+00	0.00e+00	0.00e+00	0.00e+00	0.00e+00	2.69e-79
 1.28074e+14	1.52e-26	3.92e-19	1.37e-12	5.86e-07	9.13e-01	8.71e-02	9.94e-06	0.00e+00	0.00e+00	0.00e+00	0.00e+00	0.00e+00	3.46e-92
 1.32126e+14	1.95e-26	4.73e-19	1.56e-12	6.28e-07	9.18e-01	8.22e-02	8.80e-06	0.00e+00	0.00e+00	0.00e+00	0.00e+00	0.00e+00	1.08e-78
 1.36579e+14	2.54e-26	5.79e-19	1.80e-12	6.75e-07	9.23e-01	7.72e-02	7.72e-06	0.00e+00	0.00e+00	0.00e+00	0.00e+00	0.00e+00	1.80e-91
 1.41565e+14	3.38e-26	7.20e-19	2.09e-12	7.31e-07	9.28e-01	7.21e-02	6.71e-06	0.00e+00	0.00e+00	0.00e+00	0.00e+00	0.00e+00	4.73e-78
 1.46197e+14	4.37e-26	8.75e-19	2.39e-12	7.84e-07	9.32e-01	6.79e-02	5.91e-06	0.00e+00	0.00e+00	0.00e+00	0.00e+00	0.00e+00	1.04e-90
 1.50515e+14	5.51e-26	1.04e-18	2.69e-12	8.35e-07	9.36e-01	6.42e-02	5.27e-06	0.00e+00	0.00e+00	0.00e+00	0.00e+00	0.00e+00	1.78e-77
 1.55476e+14	7.15e-26	1.27e-18	3.08e-12	8.96e-07	9.40e-01	6.04e-02	4.64e-06	0.00e+00	0.00e+00	0.00e+00	0.00e+00	0.00e+00	5.07e-90
 1.61460e+14	9.67e-26	1.60e-18	3.60e-12	9.71e-07	9.44e-01	5.62e-02	4.00e-06	0.00e+00	0.00e+00	0.00e+00	0.00e+00	0.00e+00	8.13e-77
 1.67354e+14	1.29e-25	1.98e-18	4.17e-12	1.05e-06	9.48e-01	5.25e-02	3.48e-06	0.00e+00	0.00e+00	0.00e+00	0.00e+00	0.00e+00	3.39e-89
 1.72551e+14	1.65e-25	2.39e-18	4.72e-12	1.12e-06	9.50e-01	4.95e-02	3.09e-06	0.00e+00	0.00e+00	0.00e+00	0.00e+00	0.00e+00	3.46e-76
 1.78260e+14	2.14e-25	2.91e-18	5.39e-12	1.20e-06	9.53e-01	4.65e-02	2.72e-06	0.00e+00	0.00e+00	0.00e+00	0.00e+00	0.00e+00	1.74e-88
 1.85132e+14	2.89e-25	3.66e-18	6.30e-12	1.30e-06	9.57e-01	4.33e-02	2.34e-06	0.00e+00	0.00e+00	0.00e+00	0.00e+00	0.00e+00	1.61e-75
 1.92007e+14	3.88e-25	4.56e-18	7.30e-12	1.40e-06	9.60e-01	4.03e-02	2.03e-06	0.00e+00	0.00e+00	0.00e+00	0.00e+00	0.00e+00	1.19e-87
 1.98258e+14	5.02e-25	5.53e-18	8.32e-12	1.49e-06	9.62e-01	3.79e-02	1.79e-06	0.00e+00	0.00e+00	0.00e+00	0.00e+00	0.00e+00	7.20e-75
 2.05209e+14	6.62e-25	6.81e-18	9.56e-12	1.60e-06	9.64e-01	3.55e-02	1.56e-06	0.00e+00	0.00e+00	0.00e+00	0.00e+00	0.00e+00	1.53e-74
 2.13335e+14	9.03e-25	8.61e-18	1.12e-11	1.74e-06	9.67e-01	3.29e-02	1.34e-06	0.00e+00	0.00e+00	0.00e+00	0.00e+00	0.00e+00	3.59e-74
 2.21333e+14	1.21e-24	1.08e-17	1.30e-11	1.87e-06	9.69e-01	3.07e-02	1.16e-06	0.00e+00	0.00e+00	0.00e+00	0.00e+00	0.00e+00	8.07e-74
 2.28849e+14	1.59e-24	1.32e-17	1.49e-11	2.01e-06	9.71e-01	2.88e-02	1.02e-06	0.00e+00	0.00e+00	0.00e+00	0.00e+00	0.00e+00	1.68e-73
 2.37230e+14	2.12e-24	1.63e-17	1.72e-11	2.16e-06	9.73e-01	2.68e-02	8.85e-07	0.00e+00	0.00e+00	0.00e+00	0.00e+00	0.00e+00	3.71e-73
 2.46749e+14	2.91e-24	2.07e-17	2.02e-11	2.34e-06	9.75e-01	2.49e-02	0.00e+00	0.00e+00	0.00e+00	0.00e+00	0.00e+00	0.00e+00	8.81e-73
 2.56236e+14	3.93e-24	2.60e-17	2.35e-11	2.53e-06	9.77e-01	2.31e-02	0.00e+00	0.00e+00	0.00e+00	0.00e+00	0.00e+00	0.00e+00	2.02e-72
 2.66102e+14	5.32e-24	3.27e-17	2.73e-11	2.73e-06	9.79e-01	2.15e-02	0.00e+00	0.00e+00	0.00e+00	0.00e+00	0.00e+00	0.00e+00	4.64e-72
 2.76776e+14	7.30e-24	4.14e-17	3.20e-11	2.96e-06	9.80e-01	1.99e-02	0.00e+00	0.00e+00	0.00e+00	0.00e+00	0.00e+00	0.00e+00	1.10e-71
 2.87877e+14	1.00e-23	5.24e-17	3.75e-11	3.20e-06	9.82e-01	1.84e-02	0.00e+00	0.00e+00	0.00e+00	0.00e+00	1.69e-17	3.56e-17	2.61e-71
 2.98614e+14	1.34e-23	6.53e-17	4.35e-11	3.45e-06	9.83e-01	1.71e-02	0.00e+00	0.00e+00	0.00e+00	0.00e+00	2.17e-17	4.37e-17	5.82e-71
 3.08692e+14	1.75e-23	7.98e-17	4.97e-11	3.69e-06	9.84e-01	1.60e-02	0.00e+00	0.00e+00	0.00e+00	0.00e+00	2.65e-17	5.33e-17	1.20e-70
 3.19981e+14	2.33e-23	9.90e-17	5.74e-11	3.97e-06	9.85e-01	1.49e-02	0.00e+00	0.00e+00	0.00e+00	0.00e+00	3.29e-17	6.61e-17	2.64e-70
 3.31395e+14	3.08e-23	1.22e-16	6.61e-11	4.27e-06	9.86e-01	1.39e-02	0.00e+00	0.00e+00	0.00e+00	0.00e+00	4.06e-17	8.16e-17	5.69e-70
 3.40890e+14	3.86e-23	1.45e-16	7.41e-11	4.52e-06	9.87e-01	1.32e-02	0.00e+00	0.00e+00	0.00e+00	0.00e+00	4.81e-17	9.67e-17	1.06e-69
 3.50940e+14	4.87e-23	1.72e-16	8.33e-11	4.79e-06	9.88e-01	1.24e-02	0.00e+00	0.00e+00	0.00e+00	0.00e+00	5.72e-17	1.15e-16	1.99e-69
 3.63768e+14	6.48e-23	2.14e-16	9.62e-11	5.16e-06	9.88e-01	1.16e-02	0.00e+00	0.00e+00	0.00e+00	0.00e+00	7.09e-17	1.43e-16	4.35e-69
 3.77204e+14	8.64e-23	2.66e-16	1.11e-10	5.55e-06	9.89e-01	1.08e-02	0.00e+00	0.00e+00	0.00e+00	0.00e+00	8.82e-17	1.77e-16	9.58e-69
 3.89084e+14	1.11e-22	3.20e-16	1.26e-10	5.92e-06	9.90e-01	1.01e-02	0.00e+00	0.00e+00	0.00e+00	0.00e+00	1.06e-16	2.14e-16	1.88e-68
 4.01942e+14	1.43e-22	3.88e-16	1.44e-10	6.33e-06	9.91e-01	9.49e-03	0.00e+00	0.00e+00	0.00e+00	0.00e+00	1.29e-16	2.60e-16	3.80e-68
 4.17408e+14	1.93e-22	4.87e-16	1.68e-10	6.83e-06	9.91e-01	8.80e-03	0.00e+00	0.00e+00	0.00e+00	0.00e+00	1.62e-16	3.25e-16	8.61e-68
 4.33089e+14	2.59e-22	6.07e-16	1.95e-10	7.37e-06	9.92e-01	8.17e-03	0.00e+00	0.00e+00	0.00e+00	0.00e+00	2.01e-16	4.06e-16	1.91e-67
 4.47749e+14	3.37e-22	7.41e-16	2.23e-10	7.89e-06	9.92e-01	7.64e-03	0.00e+00	0.00e+00	0.00e+00	0.00e+00	2.46e-16	4.95e-16	3.92e-67
 4.64041e+14	4.46e-22	9.16e-16	2.57e-10	8.50e-06	9.93e-01	7.10e-03	0.00e+00	0.00e+00	0.00e+00	0.00e+00	3.04e-16	6.12e-16	8.44e-67
 4.81339e+14	5.96e-22	1.14e-15	2.98e-10	9.16e-06	9.93e-01	6.60e-03	0.00e+00	0.00e+00	0.00e+00	0.00e+00	3.78e-16	7.62e-16	1.86e-66
 4.96712e+14	7.63e-22	1.37e-15	3.39e-10	9.78e-06	9.94e-01	6.19e-03	0.00e+00	0.00e+00	0.00e+00	0.00e+00	4.56e-16	9.19e-16	3.65e-66
 5.13246e+14	9.88e-22	1.67e-15	3.87e-10	1.05e-05	9.94e-01	5.79e-03	0.00e+00	0.00e+00	0.00e+00	0.00e+00	5.54e-16	1.12e-15	7.37e-66
 5.33058e+14	1.33e-21	2.09e-15	4.51e-10	1.13e-05	9.95e-01	5.36e-03	0.00e+00	0.00e+00	0.00e+00	0.00e+00	6.94e-16	1.40e-15	1.66e-65
 5.52544e+14	1.76e-21	2.59e-15	5.21e-10	1.22e-05	9.95e-01	4.98e-03	0.00e+00	0.00e+00	0.00e+00	0.00e+00	8.60e-16	1.73e-15	3.57e-65
 5.69877e+14	2.25e-21	3.11e-15	5.91e-10	1.30e-05	9.95e-01	4.67e-03	0.00e+00	0.00e+00	0.00e+00	0.00e+00	1.03e-15	2.08e-15	6.91e-65
 5.89000e+14	2.91e-21	3.79e-15	6.75e-10	1.39e-05	9.96e-01	4.37e-03	0.00e+00	0.00e+00	0.00e+00	0.00e+00	1.26e-15	2.53e-15	1.40e-64
 6.11820e+14	3.92e-21	4.75e-15	7.88e-10	1.51e-05	9.96e-01	4.04e-03	0.00e+00	0.00e+00	0.00e+00	0.00e+00	1.57e-15	3.17e-15	3.14e-64
 6.34482e+14	5.21e-21	5.89e-15	9.13e-10	1.62e-05	9.96e-01	3.75e-03	0.00e+00	0.00e+00	0.00e+00	0.00e+00	1.95e-15	3.94e-15	6.82e-64
 6.55168e+14	6.70e-21	7.13e-15	1.04e-09	1.73e-05	9.96e-01	3.51e-03	0.00e+00	0.00e+00	0.00e+00	0.00e+00	2.36e-15	4.76e-15	1.35e-63
 6.78247e+14	8.78e-21	8.75e-15	1.20e-09	1.86e-05	9.97e-01	3.27e-03	0.00e+00	0.00e+00	0.00e+00	0.00e+00	2.90e-15	5.85e-15	2.82e-63
 7.05132e+14	1.19e-20	1.10e-14	1.40e-09	2.02e-05	9.97e-01	3.02e-03	0.00e+00	0.00e+00	0.00e+00	0.00e+00	3.65e-15	7.36e-15	6.44e-63
 7.31544e+14	1.59e-20	1.37e-14	1.62e-09	2.18e-05	9.97e-01	2.80e-03	0.00e+00	0.00e+00	0.00e+00	0.00e+00	4.54e-15	9.16e-15	1.41e-62
 7.56454e+14	2.06e-20	1.67e-14	1.86e-09	2.34e-05	9.97e-01	2.61e-03	0.00e+00	0.00e+00	0.00e+00	0.00e+00	5.54e-15	1.12e-14	2.88e-62
 7.84185e+14	2.73e-20	2.07e-14	2.15e-09	2.52e-05	9.98e-01	2.43e-03	0.00e+00	0.00e+00	0.00e+00	0.00e+00	6.85e-15	1.38e-14	6.18e-62
 8.15582e+14	3.71e-20	2.61e-14	2.52e-09	2.73e-05	9.98e-01	2.24e-03	0.00e+00	0.00e+00	0.00e+00	0.00e+00	8.64e-15	1.74e-14	1.42e-61
 8.46979e+14	4.99e-20	3.26e-14	2.94e-09	2.95e-05	9.98e-01	2.07e-03	0.00e+00	0.00e+00	0.00e+00	0.00e+00	1.08e-14	2.18e-14	3.19e-61
 8.76395e+14	6.51e-20	3.99e-14	3.37e-09	3.17e-05	9.98e-01	1.93e-03	0.00e+00	0.00e+00	0.00e+00	0.00e+00	1.32e-14	2.67e-14	6.61e-61
 9.08243e+14	8.61e-20	4.93e-14	3.89e-09	3.41e-05	9.98e-01	1.79e-03	0.00e+00	0.00e+00	0.00e+00	0.00e+00	1.63e-14	3.30e-14	1.42e-60
 9.43870e+14	1.16e-19	6.20e-14	4.55e-09	3.69e-05	9.98e-01	1.66e-03	0.00e+00	0.00e+00	0.00e+00	0.00e+00	2.05e-14	4.15e-14	3.22e-60
 9.77194e+14	1.53e-19	7.62e-14	5.23e-09	3.97e-05	9.98e-01	1.55e-03	0.00e+00	0.00e+00	0.00e+00	0.00e+00	2.52e-14	5.09e-14	6.78e-60
 1.00809e+15	1.95e-19	9.16e-14	5.93e-09	4.23e-05	9.99e-01	1.45e-03	0.00e+00	0.00e+00	0.00e+00	0.00e+00	3.03e-14	6.13e-14	1.32e-59
 1.03781e+15	2.45e-19	1.09e-13	6.67e-09	4.49e-05	9.99e-01	1.37e-03	0.00e+00	0.00e+00	0.00e+00	0.00e+00	3.60e-14	7.28e-14	2.46e-59
 1.07082e+15	3.13e-19	1.31e-13	7.56e-09	4.79e-05	9.99e-01	1.28e-03	0.00e+00	0.00e+00	0.00e+00	0.00e+00	4.34e-14	8.77e-14	4.81e-59
 1.10737e+15	4.08e-19	1.60e-13	8.66e-09	5.13e-05	9.99e-01	1.20e-03	0.00e+00	0.00e+00	0.00e+00	0.00e+00	5.29e-14	1.07e-13	9.92e-59
 1.14143e+15	5.17e-19	1.91e-13	9.78e-09	5.45e-05	9.99e-01	1.12e-03	0.00e+00	0.00e+00	0.00e+00	0.00e+00	6.33e-14	1.28e-13	1.90e-58
 1.17863e+15	6.65e-19	2.32e-13	1.11e-08	5.82e-05	9.99e-01	1.05e-03	0.00e+00	0.00e+00	0.00e+00	0.00e+00	7.66e-14	1.55e-13	3.79e-58
 1.22049e+15	8.75e-19	2.85e-13	1.28e-08	6.26e-05	9.99e-01	9.81e-04	0.00e+00	0.00e+00	0.00e+00	0.00e+00	9.42e-14	1.91e-13	8.03e-58
 1.26036e+15	1.13e-18	3.45e-13	1.46e-08	6.68e-05	9.99e-01	9.19e-04	0.00e+00	0.00e+00	0.00e+00	0.00e+00	1.14e-13	2.31e-13	1.61e-57
 1.30417e+15	1.47e-18	4.23e-13	1.67e-08	7.17e-05	9.99e-01	8.57e-04	0.00e+00	0.00e+00	0.00e+00	0.00e+00	1.40e-13	2.83e-13	3.36e-57
 1.35243e+15	1.96e-18	5.25e-13	1.94e-08	7.72e-05	9.99e-01	7.96e-04	0.00e+00	0.00e+00	0.00e+00	0.00e+00	1.73e-13	3.51e-13	7.37e-57
 1.39683e+15	2.53e-18	6.36e-13	2.20e-08	8.25e-05	9.99e-01	7.45e-04	0.00e+00	0.00e+00	0.00e+00	0.00e+00	2.10e-13	4.26e-13	1.48e-56
 1.44485e+15	3.30e-18	7.77e-13	2.52e-08	8.83e-05	9.99e-01	6.95e-04	0.00e+00	0.00e+00	0.00e+00	0.00e+00	2.57e-13	5.20e-13	3.07e-56
 1.49860e+15	4.39e-18	9.65e-13	2.92e-08	9.53e-05	9.99e-01	6.45e-04	0.00e+00	0.00e+00	0.00e+00	0.00e+00	3.18e-13	6.46e-13	6.73e-56
 1.54920e+15	5.72e-18	1.18e-12	3.34e-08	1.02e-04	9.99e-01	6.03e-04	0.00e+00	0.00e+00	0.00e+00	0.00e+00	3.88e-13	7.88e-13	1.39e-55
 1.60441e+15	7.51e-18	1.45e-12	3.85e-08	1.10e-04	9.99e-01	5.61e-04	0.00e+00	0.00e+00	0.00e+00	0.00e+00	4.77e-13	9.69e-13	2.94e-55
 1.66574e+15	1.01e-17	1.81e-12	4.48e-08	1.18e-04	9.99e-01	5.19e-04	0.00e+00	0.00e+00	0.00e+00	0.00e+00	5.96e-13	1.21e-12	6.59e-55
 1.72295e+15	1.31e-17	2.21e-12	5.13e-08	1.27e-04	9.99e-01	4.85e-04	0.00e+00	0.00e+00	0.00e+00	0.00e+00	7.28e-13	1.48e-12	1.36e-54
 1.78506e+15	1.73e-17	2.72e-12	5.91e-08	1.36e-04	9.99e-01	4.51e-04	0.00e+00	0.00e+00	0.00e+00	0.00e+00	8.97e-13	1.82e-12	2.92e-54
 1.85455e+15	2.33e-17	3.41e-12	6.90e-08	1.48e-04	9.99e-01	4.16e-04	0.00e+00	0.00e+00	0.00e+00	0.00e+00	1.12e-12	2.29e-12	6.58e-54
 1.92052e+15	3.06e-17	4.19e-12	7.94e-08	1.59e-04	9.99e-01	3.87e-04	0.00e+00	0.00e+00	0.00e+00	0.00e+00	1.38e-12	2.81e-12	1.40e-53
 1.99108e+15	4.04e-17	5.18e-12	9.19e-08	1.71e-04	9.99e-01	3.59e-04	0.00e+00	0.00e+00	0.00e+00	0.00e+00	1.71e-12	3.48e-12	3.01e-53
 2.07075e+15	5.46e-17	6.52e-12	1.08e-07	1.86e-04	9.99e-01	3.31e-04	0.00e+00	5.03e-18	1.52e-17	2.57e-17	2.15e-12	4.38e-12	6.94e-53
 2.14922e+15	7.27e-17	8.11e-12	1.25e-07	2.01e-04	9.99e-01	3.06e-04	0.00e+00	6.70e-18	2.02e-17	3.42e-17	2.67e-12	5.45e-12	1.53e-52
 2.23083e+15	9.68e-17	1.01e-11	1.46e-07	2.17e-04	9.99e-01	2.83e-04	0.00e+00	8.91e-18	2.69e-17	4.55e-17	3.32e-12	6.77e-12	3.36e-52
 2.31779e+15	1.29e-16	1.26e-11	1.70e-07	2.36e-04	1.00e+00	2.61e-04	0.00e+00	1.19e-17	3.60e-17	6.09e-17	4.14e-12	8.46e-12	7.50e-52
 2.40298e+15	1.70e-16	1.56e-11	1.97e-07	2.54e-04	1.00e+00	2.42e-04	0.00e+00	1.57e-17	4.73e-17	8.00e-17	5.11e-12	1.04e-11	1.60e-51
 2.47618e+15	2.14e-16	1.85e-11	2.22e-07	2.71e-04	1.00e+00	2.27e-04	0.00e+00	1.97e-17	5.94e-17	1.01e-16	6.08e-12	1.24e-11	3.01e-51
 2.53638e+15	2.56e-16	2.13e-11	2.45e-07	2.85e-04	9.99e-01	2.16e-04	0.00e+00	2.36e-17	7.12e-17	1.20e-16	6.99e-12	1.43e-11	4.96e-51
 2.60303e+15	3.10e-16	2.47e-11	2.72e-07	3.02e-04	9.99e-01	2.04e-04	0.00e+00	2.86e-17	8.63e-17	1.46e-16	8.11e-12	1.66e-11	8.48e-51
 2.68967e+15	3.96e-16	2.98e-11	3.11e-07	3.24e-04	9.99e-01	1.90e-04	0.00e+00	3.65e-17	1.10e-16	1.86e-16	9.79e-12	2.00e-11	1.67e-50
 2.78170e+15	5.08e-16	3.62e-11	3.57e-07	3.49e-04	9.99e-01	1.77e-04	0.00e+00	4.68e-17	1.41e-16	2.39e-16	1.19e-11	2.43e-11	3.35e-50
 2.86213e+15	6.26e-16	4.25e-11	4.01e-07	3.71e-04	9.99e-01	1.66e-04	0.00e+00	5.77e-17	1.74e-16	2.95e-16	1.40e-11	2.86e-11	6.02e-50
 2.94811e+15	7.77e-16	5.03e-11	4.52e-07	3.96e-04	9.99e-01	1.56e-04	0.00e+00	7.16e-17	2.16e-16	3.66e-16	1.65e-11	3.38e-11	1.10e-49
 3.05665e+15	1.01e-15	6.18e-11	5.24e-07	4.29e-04	9.99e-01	1.44e-04	0.00e+00	9.32e-17	2.81e-16	4.76e-16	2.03e-11	4.15e-11	2.31e-49
 3.16762e+15	1.31e-15	7.55e-11	6.06e-07	4.64e-04	9.99e-01	1.33e-04	0.00e+00	1.21e-16	3.64e-16	6.16e-16	2.48e-11	5.08e-11	4.77e-49
 3.26371e+15	1.62e-15	8.94e-11	6.84e-07	4.96e-04	9.99e-01	1.25e-04	0.00e+00	1.49e-16	4.51e-16	7.63e-16	2.93e-11	6.01e-11	8.76e-49
 3.36737e+15	2.02e-15	1.06e-10	7.77e-07	5.32e-04	9.99e-01	1.16e-04	0.00e+00	1.86e-16	5.62e-16	9.51e-16	3.48e-11	7.15e-11	1.64e-48
 3.49449e+15	2.63e-15	1.31e-10	9.04e-07	5.78e-04	9.99e-01	1.07e-04	0.00e+00	2.42e-16	7.32e-16	1.24e-15	4.29e-11	8.79e-11	3.47e-48
 3.62323e+15	3.38e-15	1.60e-10	1.05e-06	6.27e-04	9.99e-01	9.89e-05	0.00e+00	3.12e-16	9.43e-16	1.59e-15	5.24e-11	1.07e-10	7.20e-48
 3.73796e+15	4.20e-15	1.90e-10	1.19e-06	6.73e-04	9.99e-01	9.23e-05	0.00e+00	3.88e-16	1.17e-15	1.98e-15	6.22e-11	1.28e-10	1.34e-47
 3.86341e+15	5.27e-15	2.27e-10	1.36e-06	7.25e-04	9.99e-01	8.57e-05	0.00e+00	4.87e-16	1.47e-15	2.49e-15	7.45e-11	1.53e-10	2.61e-47
 4.01301e+15	6.84e-15	2.80e-10	1.59e-06	7.90e-04	9.99e-01	7.87e-05	0.00e+00	6.32e-16	1.91e-15	3.23e-15	9.17e-11	1.88e-10	5.59e-47
 4.16078e+15	8.74e-15	3.41e-10	1.84e-06	8.58e-04	9.99e-01	7.26e-05	0.00e+00	8.09e-16	2.44e-15	4.13e-15	1.12e-10	2.29e-10	1.16e-46
 4.29440e+15	1.08e-14	4.04e-10	2.09e-06	9.22e-04	9.99e-01	6.76e-05	0.00e+00	1.00e-15	3.02e-15	5.11e-15	1.33e-10	2.72e-10	2.17e-46
 4.44287e+15	1.36e-14	4.86e-10	2.40e-06	9.97e-04	9.99e-01	6.26e-05	0.00e+00	1.26e-15	3.80e-15	6.42e-15	1.59e-10	3.27e-10	4.30e-46
 4.61733e+15	1.76e-14	5.98e-10	2.80e-06	1.09e-03	9.99e-01	5.74e-05	0.00e+00	1.63e-15	4.91e-15	8.30e-15	1.96e-10	4.02e-10	9.32e-46
 4.78923e+15	2.24e-14	7.27e-10	3.24e-06	1.18e-03	9.99e-01	5.29e-05	0.00e+00	2.07e-15	6.25e-15	1.06e-14	2.38e-10	4.88e-10	1.94e-45
 4.94908e+15	2.77e-14	8.66e-10	3.70e-06	1.28e-03	9.99e-01	4.91e-05	0.00e+00	2.57e-15	7.77e-15	1.31e-14	2.84e-10	5.82e-10	3.77e-45
 5.12816e+15	3.50e-14	1.05e-09	4.27e-06	1.39e-03	9.99e-01	4.53e-05	0.00e+00	3.25e-15	9.81e-15	1.66e-14	3.43e-10	7.03e-10	7.72e-45
 5.33331e+15	4.52e-14	1.29e-09	5.00e-06	1.52e-03	9.98e-01	4.15e-05	0.00e+00	4.19e-15	1.27e-14	2.14e-14	4.23e-10	8.66e-10	1.71e-44
 5.53547e+15	5.75e-14	1.57e-09	5.80e-06	1.65e-03	9.98e-01	3.82e-05	0.00e+00	5.34e-15	1.61e-14	2.73e-14	5.16e-10	1.06e-09	3.64e-44
 5.74572e+15	7.32e-14	1.91e-09	6.73e-06	1.80e-03	9.98e-01	3.51e-05	0.00e+00	6.80e-15	2.05e-14	3.47e-14	6.29e-10	1.29e-09	7.78e-44
 5.93700e+15	9.03e-14	2.28e-09	7.67e-06	1.94e-03	9.98e-01	3.26e-05	0.00e+00	8.40e-15	2.53e-14	4.29e-14	7.48e-10	1.53e-09	1.52e-43
 6.07962e+15	1.05e-13	2.58e-09	8.43e-06	2.05e-03	9.98e-01	3.10e-05	0.00e+00	9.81e-15	2.96e-14	5.00e-14	8.49e-10	1.74e-09	2.47e-43
 6.22683e+15	1.23e-13	2.93e-09	9.27e-06	2.16e-03	9.98e-01	2.94e-05	0.00e+00	1.14e-14	3.45e-14	5.83e-14	9.63e-10	1.97e-09	4.03e-43
 6.41821e+15	1.49e-13	3.44e-09	1.05e-05	2.32e-03	9.98e-01	2.75e-05	0.00e+00	1.39e-14	4.19e-14	7.08e-14	1.13e-09	2.31e-09	7.51e-43
 6.62629e+15	1.74e-13	4.08e-09	1.19e-05	2.50e-03	9.97e-01	2.56e-05	0.00e+00	1.62e-14	4.88e-14	8.26e-14	1.34e-09	2.74e-09	1.44e-42
 6.81467e+15	2.07e-13	4.73e-09	1.33e-05	2.66e-03	9.97e-01	2.40e-05	0.00e+00	1.93e-14	5.82e-14	9.83e-14	1.55e-09	3.17e-09	2.60e-42
 7.01814e+15	2.48e-13	5.52e-09	1.49e-05	2.85e-03	9.97e-01	2.25e-05	0.00e+00	2.32e-14	6.99e-14	1.18e-13	1.82e-09	3.71e-09	4.85e-42
 7.27582e+15	3.11e-13	6.69e-09	1.72e-05	3.09e-03	9.97e-01	2.08e-05	0.00e+00	2.91e-14	8.77e-14	1.48e-13	2.20e-09	4.49e-09	1.05e-41
 7.53553e+15	3.87e-13	8.07e-09	1.98e-05	3.35e-03	9.97e-01	1.93e-05	0.00e+00	3.61e-14	1.09e-13	1.84e-13	2.66e-09	5.41e-09	2.22e-41
 7.75386e+15	4.61e-13	9.38e-09	2.21e-05	3.58e-03	9.96e-01	1.82e-05	0.00e+00	4.31e-14	1.30e-13	2.20e-13	3.09e-09	6.29e-09	4.08e-41
 7.98686e+15	5.54e-13	1.10e-08	2.49e-05	3.82e-03	9.96e-01	1.70e-05	0.00e+00	5.19e-14	1.56e-13	2.64e-13	3.62e-09	7.37e-09	7.72e-41
 8.28094e+15	6.94e-13	1.33e-08	2.88e-05	4.16e-03	9.96e-01	1.58e-05	0.00e+00	6.49e-14	1.96e-13	3.31e-13	4.40e-09	8.95e-09	1.69e-40
 8.58909e+15	8.68e-13	1.62e-08	3.32e-05	4.52e-03	9.95e-01	1.46e-05	0.00e+00	8.13e-14	2.45e-13	4.14e-13	5.35e-09	1.09e-08	3.71e-40
 8.86693e+15	1.05e-12	1.92e-08	3.77e-05	4.85e-03	9.95e-01	1.37e-05	0.00e+00	9.88e-14	2.98e-13	5.03e-13	6.35e-09	1.29e-08	7.35e-40
 9.17069e+15	1.30e-12	2.31e-08	4.30e-05	5.24e-03	9.95e-01	1.27e-05	0.00e+00	1.22e-13	3.67e-13	6.20e-13	7.61e-09	1.55e-08	1.52e-39
 9.52924e+15	1.64e-12	2.84e-08	5.01e-05	5.72e-03	9.94e-01	1.18e-05	0.00e+00	1.54e-13	4.65e-13	7.86e-13	9.38e-09	1.91e-08	3.51e-39
 9.88056e+15	2.05e-12	3.46e-08	5.79e-05	6.20e-03	9.94e-01	1.10e-05	0.00e+00	1.92e-13	5.80e-13	9.80e-13	1.14e-08	2.32e-08	7.69e-39
 1.02017e+16	2.49e-12	4.12e-08	6.57e-05	6.67e-03	9.93e-01	1.03e-05	0.00e+00	2.34e-13	7.05e-13	1.19e-12	1.36e-08	2.76e-08	1.53e-38
 1.05620e+16	3.09e-12	4.97e-08	7.53e-05	7.21e-03	9.93e-01	9.62e-06	0.00e+00	2.90e-13	8.76e-13	1.48e-12	1.64e-08	3.33e-08	3.24e-38
 1.09810e+16	3.91e-12	6.16e-08	8.80e-05	7.88e-03	9.92e-01	8.93e-06	0.00e+00	3.68e-13	1.11e-12	1.87e-12	2.04e-08	4.13e-08	7.54e-38
 1.13926e+16	4.89e-12	7.53e-08	1.02e-04	8.56e-03	9.91e-01	8.32e-06	0.00e+00	4.61e-13	1.39e-12	2.34e-12	2.49e-08	5.04e-08	1.67e-37
 1.17838e+16	6.01e-12	9.08e-08	1.16e-04	9.23e-03	9.91e-01	7.83e-06	0.00e+00	5.66e-13	1.71e-12	2.88e-12	3.00e-08	6.08e-08	3.47e-37
 1.22183e+16	7.49e-12	1.11e-07	1.34e-04	1.00e-02	9.90e-01	7.33e-06	0.00e+00	7.06e-13	2.13e-12	3.59e-12	3.67e-08	7.42e-08	7.61e-37
 1.26285e+16	9.13e-12	1.33e-07	1.53e-04	1.08e-02	9.89e-01	6.92e-06	0.00e+00	8.61e-13	2.60e-12	4.38e-12	4.41e-08	8.91e-08	1.55e-36
 1.29343e+16	1.04e-11	1.52e-07	1.69e-04	1.14e-02	9.88e-01	6.66e-06	0.00e+00	9.86e-13	2.97e-12	5.02e-12	5.03e-08	1.02e-07	2.59e-36
 1.32451e+16	1.21e-11	1.74e-07	1.85e-04	1.20e-02	9.88e-01	6.40e-06	0.00e+00	1.14e-12	3.44e-12	5.81e-12	5.74e-08	1.16e-07	4.32e-36
 1.36493e+16	1.46e-11	2.05e-07	2.09e-04	1.29e-02	9.87e-01	6.08e-06	0.00e+00	1.38e-12	4.15e-12	7.00e-12	6.79e-08	1.37e-07	8.25e-36
 1.40887e+16	1.76e-11	2.45e-07	2.37e-04	1.38e-02	9.86e-01	5.77e-06	0.00e+00	1.67e-12	5.02e-12	8.47e-12	8.11e-08	1.64e-07	1.62e-35
 1.44851e+16	2.08e-11	2.86e-07	2.65e-04	1.47e-02	9.85e-01	5.53e-06	0.00e+00	1.97e-12	5.94e-12	1.00e-11	9.48e-08	1.91e-07	2.91e-35
 1.49113e+16	2.48e-11	3.37e-07	2.97e-04	1.57e-02	9.84e-01	5.29e-06	0.00e+00	2.35e-12	7.08e-12	1.20e-11	1.12e-07	2.25e-07	5.42e-35
 1.54553e+16	3.08e-11	4.13e-07	3.44e-04	1.70e-02	9.83e-01	5.03e-06	0.00e+00	2.92e-12	8.80e-12	1.49e-11	1.37e-07	2.76e-07	1.17e-34
 1.60037e+16	3.80e-11	5.01e-07	3.95e-04	1.84e-02	9.81e-01	4.78e-06	0.00e+00	3.60e-12	1.08e-11	1.83e-11	1.66e-07	3.35e-07	2.42e-34
 1.64592e+16	4.46e-11	5.87e-07	4.42e-04	1.96e-02	9.80e-01	4.62e-06	0.00e+00	4.23e-12	1.27e-11	2.15e-11	1.95e-07	3.93e-07	4.35e-34
 1.69427e+16	5.33e-11	6.93e-07	4.97e-04	2.09e-02	9.79e-01	4.45e-06	0.00e+00	5.06e-12	1.52e-11	2.57e-11	2.30e-07	4.63e-07	8.01e-34
 1.75603e+16	6.65e-11	8.48e-07	5.74e-04	2.26e-02	9.77e-01	4.24e-06	0.00e+00	6.31e-12	1.90e-11	3.21e-11	2.81e-07	5.67e-07	1.70e-33
 1.82063e+16	8.25e-11	1.04e-06	6.63e-04	2.46e-02	9.75e-01	4.06e-06	0.00e+00	7.83e-12	2.36e-11	3.98e-11	3.45e-07	6.95e-07	3.56e-33
 1.87721e+16	9.83e-11	1.24e-06	7.51e-04	2.63e-02	9.73e-01	3.94e-06	0.00e+00	9.34e-12	2.82e-11	4.75e-11	4.11e-07	8.27e-07	6.67e-33
 1.93794e+16	1.20e-10	1.48e-06	8.54e-04	2.83e-02	9.71e-01	3.80e-06	0.00e+00	1.14e-11	3.44e-11	5.81e-11	4.93e-07	9.91e-07	1.28e-32
 2.01172e+16	1.51e-10	1.84e-06	9.94e-04	3.08e-02	9.68e-01	3.67e-06	0.00e+00	1.44e-11	4.34e-11	7.31e-11	6.11e-07	1.23e-06	2.78e-32
 2.08466e+16	1.88e-10	2.25e-06	1.15e-03	3.34e-02	9.65e-01	3.53e-06	0.00e+00	1.79e-11	5.38e-11	9.07e-11	7.48e-07	1.50e-06	5.71e-32
 2.14922e+16	2.27e-10	2.68e-06	1.30e-03	3.58e-02	9.63e-01	3.45e-06	0.00e+00	2.16e-11	6.51e-11	1.10e-10	8.92e-07	1.79e-06	1.06e-31
 2.22065e+16	2.80e-10	3.25e-06	1.49e-03	3.85e-02	9.60e-01	3.35e-06	0.00e+00	2.66e-11	8.03e-11	1.35e-10	1.08e-06	2.17e-06	2.07e-31
 2.29890e+16	3.45e-10	3.96e-06	1.71e-03	4.17e-02	9.57e-01	3.24e-06	0.00e+00	3.29e-11	9.93e-11	1.67e-10	1.32e-06	2.64e-06	4.16e-31
 2.37025e+16	4.19e-10	4.72e-06	1.94e-03	4.47e-02	9.53e-01	3.17e-06	0.00e+00	4.00e-11	1.21e-10	2.03e-10	1.57e-06	3.15e-06	7.60e-31
 2.43140e+16	4.90e-10	5.47e-06	2.15e-03	4.73e-02	9.50e-01	3.12e-06	0.00e+00	4.68e-11	1.41e-10	2.38e-10	1.82e-06	3.65e-06	1.26e-30
 2.49505e+16	5.80e-10	6.36e-06	2.39e-03	5.02e-02	9.47e-01	3.06e-06	0.00e+00	5.54e-11	1.67e-10	2.81e-10	2.12e-06	4.25e-06	2.11e-30
 2.56644e+16	6.92e-10	7.49e-06	2.68e-03	5.36e-02	9.44e-01	3.00e-06	0.00e+00	6.61e-11	1.99e-10	3.36e-10	2.49e-06	5.00e-06	3.69e-30
 2.63441e+16	8.20e-10	8.72e-06	2.99e-03	5.69e-02	9.40e-01	2.95e-06	0.00e+00	7.84e-11	2.36e-10	3.98e-10	2.90e-06	5.82e-06	6.13e-30
 2.70928e+16	9.85e-10	1.03e-05	3.36e-03	6.08e-02	9.36e-01	2.89e-06	0.00e+00	9.43e-11	2.84e-10	4.78e-10	3.42e-06	6.86e-06	1.07e-29
 2.79085e+16	1.19e-09	1.22e-05	3.80e-03	6.51e-02	9.31e-01	2.84e-06	0.00e+00	1.14e-10	3.44e-10	5.79e-10	4.07e-06	8.15e-06	1.90e-29
 2.86584e+16	1.42e-09	1.43e-05	4.24e-03	6.92e-02	9.27e-01	2.80e-06	0.00e+00	1.36e-10	4.09e-10	6.89e-10	4.75e-06	9.52e-06	3.15e-29
 2.94805e+16	1.72e-09	1.69e-05	4.78e-03	7.39e-02	9.21e-01	2.76e-06	0.00e+00	1.65e-10	4.98e-10	8.39e-10	5.62e-06	1.13e-05	5.50e-29
 3.03890e+16	2.09e-09	2.02e-05	5.42e-03	7.93e-02	9.15e-01	2.70e-06	0.00e+00	2.01e-10	6.05e-10	1.02e-09	6.72e-06	1.35e-05	9.76e-29
