#depth	O	O+	O+2	O+3	O+4	O+5	O+6	O+7	O+8	O[1]	O[2]	O[3]
 1.49634e+10	0.00e+00	0.00e+00	1.22e-32	3.92e-23	9.33e-15	1.02e-07	1.00e+00	6.07e-15	0.00e+00	0.00e+00	0.00e+00	0.00e+00
 4.54887e+10	0.00e+00	4.31e-43	1.68e-32	4.96e-23	1.09e-14	1.10e-07	1.00e+00	0.00e+00	0.00e+00	0.00e+00	0.00e+00	0.00e+00
 7.72350e+10	0.00e+00	0.00e+00	2.30e-32	6.29e-23	1.28e-14	1.19e-07	1.00e+00	0.00e+00	0.00e+00	0.00e+00	0.00e+00	0.00e+00
 1.10251e+11	0.00e+00	9.45e-43	3.15e-32	7.97e-23	1.50e-14	1.29e-07	1.00e+00	0.00e+00	0.00e+00	0.00e+00	0.00e+00	0.00e+00
 1.44588e+11	0.00e+00	0.00e+00	4.31e-32	1.01e-22	1.76e-14	1.40e-07	1.00e+00	0.00e+00	0.00e+00	0.00e+00	0.00e+00	0.00e+00
 1.80298e+11	0.00e+00	2.07e-42	5.90e-32	1.28e-22	2.06e-14	1.51e-07	1.00e+00	0.00e+00	0.00e+00	0.00e+00	0.00e+00	0.00e+00
 2.17437e+11	0.00e+00	0.00e+00	8.09e-32	1.62e-22	2.41e-14	1.64e-07	1.00e+00	0.00e+00	0.00e+00	0.00e+00	0.00e+00	0.00e+00
 2.56061e+11	0.00e+00	4.56e-42	1.11e-31	2.05e-22	2.83e-14	1.77e-07	1.00e+00	0.00e+00	0.00e+00	0.00e+00	0.00e+00	0.00e+00
 2.96231e+11	0.00e+00	0.00e+00	1.52e-31	2.60e-22	3.31e-14	1.92e-07	1.00e+00	0.00e+00	0.00e+00	0.00e+00	0.00e+00	0.00e+00
 3.38007e+11	0.00e+00	1.00e-41	2.08e-31	3.30e-22	3.88e-14	2.08e-07	1.00e+00	0.00e+00	0.00e+00	0.00e+00	0.00e+00	0.00e+00
 3.77763e+11	0.00e+00	0.00e+00	2.78e-31	4.10e-22	4.49e-14	2.24e-07	1.00e+00	0.00e+00	0.00e+00	0.00e+00	0.00e+00	0.00e+00
 4.14040e+11	0.00e+00	1.97e-41	3.59e-31	4.97e-22	5.11e-14	2.39e-07	1.00e+00	0.00e+00	0.00e+00	0.00e+00	0.00e+00	0.00e+00
 4.55023e+11	0.00e+00	0.00e+00	4.74e-31	6.13e-22	5.88e-14	2.56e-07	1.00e+00	0.00e+00	0.00e+00	0.00e+00	0.00e+00	0.00e+00
 5.02714e+11	0.00e+00	4.13e-41	6.49e-31	7.76e-22	6.88e-14	2.77e-07	1.00e+00	0.00e+00	0.00e+00	0.00e+00	0.00e+00	0.00e+00
 5.49767e+11	0.00e+00	0.00e+00	8.73e-31	9.70e-22	8.00e-14	2.99e-07	1.00e+00	0.00e+00	0.00e+00	0.00e+00	0.00e+00	0.00e+00
 5.94525e+11	0.00e+00	8.41e-41	1.15e-30	1.19e-21	9.18e-14	3.21e-07	1.00e+00	0.00e+00	0.00e+00	0.00e+00	0.00e+00	0.00e+00
 6.44056e+11	0.00e+00	0.00e+00	1.54e-30	1.49e-21	1.06e-13	3.45e-07	1.00e+00	0.00e+00	0.00e+00	0.00e+00	0.00e+00	0.00e+00
 6.99745e+11	0.00e+00	1.80e-40	2.11e-30	1.89e-21	1.25e-13	3.74e-07	1.00e+00	0.00e+00	0.00e+00	0.00e+00	0.00e+00	0.00e+00
 7.55684e+11	0.00e+00	0.00e+00	2.86e-30	2.37e-21	1.46e-13	4.05e-07	1.00e+00	0.00e+00	0.00e+00	0.00e+00	0.00e+00	0.00e+00
 8.13860e+11	0.00e+00	3.85e-40	3.89e-30	2.99e-21	1.70e-13	4.38e-07	1.00e+00	0.00e+00	0.00e+00	0.00e+00	0.00e+00	0.00e+00
 8.76341e+11	0.00e+00	0.00e+00	5.34e-30	3.80e-21	2.00e-13	4.75e-07	1.00e+00	0.00e+00	0.00e+00	0.00e+00	0.00e+00	0.00e+00
 9.41322e+11	0.00e+00	8.48e-40	7.33e-30	4.83e-21	2.35e-13	5.15e-07	1.00e+00	0.00e+00	0.00e+00	0.00e+00	0.00e+00	0.00e+00
 1.00890e+12	0.00e+00	0.00e+00	1.01e-29	6.13e-21	2.76e-13	5.59e-07	1.00e+00	0.00e+00	0.00e+00	0.00e+00	0.00e+00	0.00e+00
 1.07918e+12	0.00e+00	1.87e-39	1.38e-29	7.79e-21	3.25e-13	6.06e-07	1.00e+00	0.00e+00	0.00e+00	0.00e+00	0.00e+00	0.00e+00
 1.15228e+12	0.00e+00	0.00e+00	1.90e-29	9.91e-21	3.82e-13	6.58e-07	1.00e+00	0.00e+00	0.00e+00	0.00e+00	0.00e+00	0.00e+00
 1.22830e+12	0.00e+00	4.11e-39	2.61e-29	1.26e-20	4.50e-13	7.14e-07	1.00e+00	0.00e+00	0.00e+00	0.00e+00	0.00e+00	0.00e+00
 1.30735e+12	0.00e+00	0.00e+00	3.59e-29	1.60e-20	5.29e-13	7.75e-07	1.00e+00	0.00e+00	0.00e+00	0.00e+00	0.00e+00	0.00e+00
 1.38958e+12	0.00e+00	9.07e-39	4.93e-29	2.04e-20	6.23e-13	8.42e-07	1.00e+00	0.00e+00	0.00e+00	0.00e+00	0.00e+00	0.00e+00
 1.47509e+12	0.00e+00	0.00e+00	6.78e-29	2.59e-20	7.33e-13	9.15e-07	1.00e+00	0.00e+00	0.00e+00	0.00e+00	0.00e+00	0.00e+00
 1.56402e+12	0.00e+00	2.00e-38	9.32e-29	3.30e-20	8.64e-13	9.94e-07	1.00e+00	0.00e+00	0.00e+00	0.00e+00	0.00e+00	0.00e+00
 1.65650e+12	0.00e+00	0.00e+00	1.28e-28	4.21e-20	1.02e-12	1.08e-06	1.00e+00	0.00e+00	0.00e+00	0.00e+00	0.00e+00	0.00e+00
 1.75269e+12	0.00e+00	4.41e-38	1.76e-28	5.36e-20	1.20e-12	1.17e-06	1.00e+00	0.00e+00	0.00e+00	0.00e+00	0.00e+00	0.00e+00
 1.85272e+12	0.00e+00	0.00e+00	2.42e-28	6.82e-20	1.41e-12	1.28e-06	1.00e+00	0.00e+00	0.00e+00	0.00e+00	0.00e+00	0.00e+00
 1.95676e+12	0.00e+00	9.71e-38	3.33e-28	8.70e-20	1.67e-12	1.39e-06	1.00e+00	0.00e+00	0.00e+00	0.00e+00	0.00e+00	0.00e+00
 2.06496e+12	0.00e+00	0.00e+00	4.58e-28	1.11e-19	1.97e-12	1.51e-06	1.00e+00	0.00e+00	0.00e+00	0.00e+00	0.00e+00	0.00e+00
 2.17748e+12	0.00e+00	2.14e-37	6.31e-28	1.41e-19	2.32e-12	1.65e-06	1.00e+00	0.00e+00	0.00e+00	0.00e+00	0.00e+00	0.00e+00
 2.29451e+12	0.00e+00	0.00e+00	8.68e-28	1.80e-19	2.75e-12	1.79e-06	1.00e+00	0.00e+00	0.00e+00	0.00e+00	0.00e+00	0.00e+00
 2.41622e+12	0.00e+00	4.71e-37	1.19e-27	2.30e-19	3.24e-12	1.95e-06	1.00e+00	0.00e+00	0.00e+00	0.00e+00	0.00e+00	0.00e+00
 2.54279e+12	0.00e+00	0.00e+00	1.64e-27	2.93e-19	3.83e-12	2.13e-06	1.00e+00	0.00e+00	0.00e+00	0.00e+00	0.00e+00	0.00e+00
 2.67443e+12	0.00e+00	1.03e-36	2.26e-27	3.74e-19	4.53e-12	2.32e-06	1.00e+00	0.00e+00	0.00e+00	0.00e+00	0.00e+00	0.00e+00
 2.81133e+12	0.00e+00	0.00e+00	3.11e-27	4.78e-19	5.37e-12	2.53e-06	1.00e+00	0.00e+00	0.00e+00	0.00e+00	0.00e+00	0.00e+00
 2.95371e+12	0.00e+00	2.27e-36	4.27e-27	6.10e-19	6.35e-12	2.76e-06	1.00e+00	0.00e+00	0.00e+00	0.00e+00	0.00e+00	0.00e+00
 3.10179e+12	2.21e-46	3.36e-36	5.88e-27	7.79e-19	7.52e-12	3.01e-06	1.00e+00	0.00e+00	0.00e+00	0.00e+00	0.00e+00	0.00e+00
 3.25579e+12	0.00e+00	0.00e+00	8.08e-27	9.95e-19	8.90e-12	3.28e-06	1.00e+00	0.00e+00	0.00e+00	0.00e+00	0.00e+00	0.00e+00
 3.41595e+12	0.00e+00	7.34e-36	1.11e-26	1.27e-18	1.06e-11	3.59e-06	1.00e+00	0.00e+00	0.00e+00	0.00e+00	0.00e+00	0.00e+00
 3.58251e+12	8.95e-46	1.08e-35	1.53e-26	1.62e-18	1.25e-11	3.92e-06	1.00e+00	0.00e+00	0.00e+00	0.00e+00	0.00e+00	0.00e+00
 3.75574e+12	0.00e+00	0.00e+00	2.09e-26	2.07e-18	1.48e-11	4.28e-06	1.00e+00	0.00e+00	0.00e+00	0.00e+00	0.00e+00	0.00e+00
 3.93589e+12	0.00e+00	2.36e-35	2.88e-26	2.65e-18	1.76e-11	4.68e-06	1.00e+00	0.00e+00	0.00e+00	0.00e+00	0.00e+00	0.00e+00
 4.12326e+12	3.58e-45	3.47e-35	3.94e-26	3.39e-18	2.09e-11	5.12e-06	1.00e+00	0.00e+00	0.00e+00	0.00e+00	0.00e+00	0.00e+00
 4.31811e+12	0.00e+00	5.10e-35	5.41e-26	4.33e-18	2.48e-11	5.60e-06	1.00e+00	0.00e+00	0.00e+00	0.00e+00	0.00e+00	0.00e+00
 4.52076e+12	8.94e-45	7.48e-35	7.41e-26	5.53e-18	2.95e-11	6.14e-06	1.00e+00	0.00e+00	0.00e+00	0.00e+00	0.00e+00	0.00e+00
 4.70885e+12	0.00e+00	1.05e-34	9.81e-26	6.88e-18	3.44e-11	6.66e-06	1.00e+00	0.00e+00	0.00e+00	0.00e+00	0.00e+00	0.00e+00
 4.87315e+12	1.89e-44	1.40e-34	1.24e-25	8.28e-18	3.93e-11	7.14e-06	1.00e+00	0.00e+00	0.00e+00	0.00e+00	0.00e+00	0.00e+00
 5.05610e+12	0.00e+00	1.91e-34	1.60e-25	1.01e-17	4.52e-11	7.70e-06	1.00e+00	0.00e+00	0.00e+00	0.00e+00	0.00e+00	0.00e+00
 5.27765e+12	4.18e-44	2.74e-34	2.16e-25	1.28e-17	5.34e-11	8.41e-06	1.00e+00	0.00e+00	0.00e+00	0.00e+00	0.00e+00	0.00e+00
 5.50242e+12	0.00e+00	3.88e-34	2.88e-25	1.61e-17	6.29e-11	9.18e-06	1.00e+00	0.00e+00	0.00e+00	0.00e+00	0.00e+00	0.00e+00
 5.70911e+12	9.09e-44	5.28e-34	3.72e-25	1.97e-17	7.27e-11	9.92e-06	1.00e+00	0.00e+00	0.00e+00	0.00e+00	0.00e+00	0.00e+00
 5.93926e+12	0.00e+00	7.33e-34	4.90e-25	2.44e-17	8.49e-11	1.08e-05	1.00e+00	0.00e+00	0.00e+00	0.00e+00	0.00e+00	0.00e+00
 6.20570e+12	2.06e-43	1.05e-33	6.64e-25	3.11e-17	1.01e-10	1.19e-05	1.00e+00	0.00e+00	0.00e+00	0.00e+00	0.00e+00	0.00e+00
 6.46702e+12	0.00e+00	1.48e-33	8.83e-25	3.91e-17	1.19e-10	1.30e-05	1.00e+00	0.00e+00	0.00e+00	0.00e+00	0.00e+00	0.00e+00
 6.71635e+12	4.43e-43	2.02e-33	1.15e-24	4.82e-17	1.39e-10	1.41e-05	1.00e+00	0.00e+00	0.00e+00	0.00e+00	0.00e+00	0.00e+00
 6.99249e+12	0.00e+00	2.81e-33	1.51e-24	6.03e-17	1.63e-10	1.54e-05	1.00e+00	0.00e+00	0.00e+00	0.00e+00	0.00e+00	0.00e+00
 7.30212e+12	9.82e-43	3.99e-33	2.04e-24	7.67e-17	1.95e-10	1.70e-05	1.00e+00	0.00e+00	0.00e+00	0.00e+00	0.00e+00	0.00e+00
 7.61600e+12	0.00e+00	5.59e-33	2.71e-24	9.68e-17	2.31e-10	1.87e-05	1.00e+00	0.00e+00	0.00e+00	0.00e+00	0.00e+00	0.00e+00
 7.94243e+12	2.15e-42	7.80e-33	3.61e-24	1.22e-16	2.74e-10	2.06e-05	1.00e+00	0.00e+00	0.00e+00	0.00e+00	0.00e+00	0.00e+00
 8.29005e+12	0.00e+00	1.09e-32	4.82e-24	1.55e-16	3.26e-10	2.27e-05	1.00e+00	0.00e+00	0.00e+00	0.00e+00	0.00e+00	0.00e+00
 8.65158e+12	4.68e-42	1.53e-32	6.43e-24	1.96e-16	3.87e-10	2.51e-05	1.00e+00	0.00e+00	0.00e+00	0.00e+00	0.00e+00	0.00e+00
 9.02757e+12	0.00e+00	2.12e-32	8.55e-24	2.49e-16	4.60e-10	2.76e-05	1.00e+00	0.00e+00	0.00e+00	0.00e+00	0.00e+00	0.00e+00
 9.41860e+12	9.99e-42	2.94e-32	1.13e-23	3.14e-16	5.46e-10	3.05e-05	1.00e+00	0.00e+00	0.00e+00	0.00e+00	0.00e+00	0.00e+00
 9.82527e+12	0.00e+00	4.07e-32	1.50e-23	3.97e-16	6.48e-10	3.36e-05	1.00e+00	0.00e+00	0.00e+00	0.00e+00	0.00e+00	0.00e+00
 1.02482e+13	2.10e-41	5.62e-32	1.99e-23	5.02e-16	7.67e-10	3.71e-05	1.00e+00	0.00e+00	0.00e+00	0.00e+00	0.00e+00	0.00e+00
 1.06881e+13	0.00e+00	7.75e-32	2.63e-23	6.33e-16	9.08e-10	4.09e-05	1.00e+00	0.00e+00	0.00e+00	0.00e+00	0.00e+00	0.00e+00
 1.11455e+13	4.37e-41	1.07e-31	3.48e-23	7.99e-16	1.07e-09	4.50e-05	1.00e+00	0.00e+00	0.00e+00	0.00e+00	0.00e+00	0.00e+00
 1.16213e+13	0.00e+00	1.47e-31	4.61e-23	1.01e-15	1.27e-09	4.96e-05	1.00e+00	0.00e+00	0.00e+00	0.00e+00	0.00e+00	0.00e+00
 1.21160e+13	9.12e-41	2.03e-31	6.10e-23	1.27e-15	1.49e-09	5.45e-05	1.00e+00	0.00e+00	0.00e+00	0.00e+00	0.00e+00	0.00e+00
 1.26306e+13	0.00e+00	2.80e-31	8.07e-23	1.60e-15	1.76e-09	5.99e-05	1.00e+00	0.00e+00	0.00e+00	0.00e+00	0.00e+00	0.00e+00
 1.31658e+13	1.91e-40	3.88e-31	1.07e-22	2.02e-15	2.07e-09	6.58e-05	1.00e+00	0.00e+00	0.00e+00	0.00e+00	0.00e+00	0.00e+00
 1.37223e+13	0.00e+00	5.39e-31	1.42e-22	2.54e-15	2.44e-09	7.22e-05	1.00e+00	0.00e+00	0.00e+00	0.00e+00	0.00e+00	0.00e+00
 1.43011e+13	4.06e-40	7.49e-31	1.89e-22	3.20e-15	2.86e-09	7.91e-05	1.00e+00	0.00e+00	0.00e+00	0.00e+00	0.00e+00	0.00e+00
 1.48899e+13	0.00e+00	1.04e-30	2.49e-22	4.02e-15	3.35e-09	8.65e-05	1.00e+00	0.00e+00	0.00e+00	0.00e+00	0.00e+00	0.00e+00
 1.54573e+13	8.38e-40	1.41e-30	3.24e-22	4.96e-15	3.88e-09	9.39e-05	1.00e+00	0.00e+00	0.00e+00	0.00e+00	0.00e+00	0.00e+00
 1.60606e+13	0.00e+00	1.93e-30	4.24e-22	6.16e-15	4.50e-09	1.02e-04	1.00e+00	0.00e+00	0.00e+00	0.00e+00	0.00e+00	0.00e+00
 1.67330e+13	1.79e-39	2.72e-30	5.66e-22	7.77e-15	5.28e-09	1.12e-04	1.00e+00	0.00e+00	0.00e+00	0.00e+00	0.00e+00	0.00e+00
 1.74086e+13	0.00e+00	3.79e-30	7.51e-22	9.73e-15	6.16e-09	1.21e-04	1.00e+00	0.00e+00	0.00e+00	0.00e+00	0.00e+00	0.00e+00
 1.81112e+13	3.88e-39	5.31e-30	9.97e-22	1.22e-14	7.18e-09	1.32e-04	1.00e+00	0.00e+00	0.00e+00	0.00e+00	0.00e+00	0.00e+00
 1.88656e+13	0.00e+00	7.54e-30	1.34e-21	1.54e-14	8.41e-09	1.44e-04	1.00e+00	0.00e+00	0.00e+00	0.00e+00	0.00e+00	0.00e+00
 1.96501e+13	8.78e-39	1.07e-29	1.80e-21	1.94e-14	9.85e-09	1.57e-04	1.00e+00	0.00e+00	0.00e+00	0.00e+00	0.00e+00	0.00e+00
 2.04661e+13	0.00e+00	1.53e-29	2.42e-21	2.45e-14	1.15e-08	1.71e-04	1.00e+00	0.00e+00	0.00e+00	0.00e+00	0.00e+00	0.00e+00
 2.13146e+13	2.03e-38	2.20e-29	3.27e-21	3.09e-14	1.35e-08	1.86e-04	1.00e+00	0.00e+00	0.00e+00	0.00e+00	0.00e+00	0.00e+00
 2.21971e+13	0.00e+00	3.15e-29	4.41e-21	3.91e-14	1.58e-08	2.03e-04	1.00e+00	0.00e+00	0.00e+00	0.00e+00	0.00e+00	0.00e+00
 2.31149e+13	4.73e-38	4.54e-29	5.95e-21	4.94e-14	1.85e-08	2.21e-04	1.00e+00	0.00e+00	0.00e+00	0.00e+00	0.00e+00	0.00e+00
 2.40695e+13	0.00e+00	6.54e-29	8.05e-21	6.24e-14	2.16e-08	2.40e-04	1.00e+00	0.00e+00	0.00e+00	0.00e+00	0.00e+00	0.00e+00
 2.49767e+13	1.08e-37	9.16e-29	1.06e-20	7.72e-14	2.50e-08	2.59e-04	1.00e+00	0.00e+00	0.00e+00	0.00e+00	0.00e+00	0.00e+00
 2.58027e+13	0.00e+00	1.23e-28	1.36e-20	9.33e-14	2.84e-08	2.77e-04	1.00e+00	0.00e+00	0.00e+00	0.00e+00	0.00e+00	0.00e+00
 2.67352e+13	2.26e-37	1.71e-28	1.77e-20	1.15e-13	3.26e-08	2.97e-04	1.00e+00	0.00e+00	0.00e+00	0.00e+00	0.00e+00	0.00e+00
 2.78224e+13	0.00e+00	2.48e-28	2.40e-20	1.44e-13	3.80e-08	3.23e-04	1.00e+00	0.00e+00	0.00e+00	0.00e+00	0.00e+00	0.00e+00
 2.88962e+13	5.31e-37	3.53e-28	3.20e-20	1.80e-13	4.41e-08	3.48e-04	1.00e+00	0.00e+00	0.00e+00	0.00e+00	0.00e+00	0.00e+00
 2.99147e+13	0.00e+00	4.88e-28	4.17e-20	2.20e-13	5.04e-08	3.74e-04	1.00e+00	0.00e+00	0.00e+00	0.00e+00	0.00e+00	0.00e+00
 3.10430e+13	1.18e-36	6.91e-28	5.53e-20	2.73e-13	5.83e-08	4.03e-04	1.00e+00	0.00e+00	0.00e+00	0.00e+00	0.00e+00	0.00e+00
 3.23146e+13	0.00e+00	1.01e-27	7.53e-20	3.46e-13	6.82e-08	4.36e-04	1.00e+00	0.00e+00	0.00e+00	0.00e+00	0.00e+00	0.00e+00
 3.35859e+13	2.86e-36	1.46e-27	1.01e-19	4.33e-13	7.93e-08	4.72e-04	1.00e+00	0.00e+00	0.00e+00	0.00e+00	0.00e+00	0.00e+00
 3.49080e+13	0.00e+00	2.11e-27	1.36e-19	5.43e-13	9.22e-08	5.09e-04	9.99e-01	0.00e+00	0.00e+00	0.00e+00	0.00e+00	0.00e+00
 3.63342e+13	6.98e-36	3.09e-27	1.86e-19	6.86e-13	1.08e-07	5.52e-04	9.99e-01	0.00e+00	0.00e+00	0.00e+00	0.00e+00	0.00e+00
 3.78175e+13	0.00e+00	4.54e-27	2.54e-19	8.68e-13	1.26e-07	5.97e-04	9.99e-01	0.00e+00	0.00e+00	0.00e+00	0.00e+00	0.00e+00
 3.93601e+13	1.75e-35	6.68e-27	3.46e-19	1.10e-12	1.47e-07	6.47e-04	9.99e-01	0.00e+00	0.00e+00	0.00e+00	0.00e+00	0.00e+00
 4.09645e+13	0.00e+00	9.83e-27	4.72e-19	1.39e-12	1.72e-07	7.00e-04	9.99e-01	0.00e+00	0.00e+00	0.00e+00	0.00e+00	0.00e+00
 4.26330e+13	4.42e-35	1.45e-26	6.45e-19	1.75e-12	2.02e-07	7.58e-04	9.99e-01	0.00e+00	0.00e+00	0.00e+00	0.00e+00	0.00e+00
 4.43682e+13	7.03e-35	2.14e-26	8.81e-19	2.22e-12	2.36e-07	8.20e-04	9.99e-01	0.00e+00	0.00e+00	0.00e+00	0.00e+00	0.00e+00
 4.61729e+13	1.12e-34	3.15e-26	1.20e-18	2.81e-12	2.76e-07	8.87e-04	9.99e-01	0.00e+00	0.00e+00	0.00e+00	0.00e+00	0.00e+00
 4.80497e+13	1.79e-34	4.66e-26	1.65e-18	3.55e-12	3.22e-07	9.59e-04	9.99e-01	0.00e+00	0.00e+00	0.00e+00	0.00e+00	0.00e+00
 4.99282e+13	2.81e-34	6.79e-26	2.22e-18	4.45e-12	3.75e-07	1.03e-03	9.99e-01	0.00e+00	0.00e+00	0.00e+00	0.00e+00	0.00e+00
 5.18819e+13	4.43e-34	9.90e-26	3.01e-18	5.58e-12	4.36e-07	1.11e-03	9.99e-01	0.00e+00	0.00e+00	0.00e+00	0.00e+00	0.00e+00
 5.39871e+13	7.09e-34	1.47e-25	4.12e-18	7.06e-12	5.10e-07	1.21e-03	9.99e-01	0.00e+00	0.00e+00	0.00e+00	0.00e+00	0.00e+00
 5.61765e+13	1.14e-33	2.17e-25	5.63e-18	8.92e-12	5.96e-07	1.30e-03	9.99e-01	0.00e+00	0.00e+00	0.00e+00	0.00e+00	0.00e+00
 5.84535e+13	1.82e-33	3.22e-25	7.71e-18	1.13e-11	6.97e-07	1.41e-03	9.99e-01	0.00e+00	0.00e+00	0.00e+00	0.00e+00	0.00e+00
 6.08215e+13	2.93e-33	4.77e-25	1.06e-17	1.43e-11	8.15e-07	1.52e-03	9.98e-01	0.00e+00	0.00e+00	0.00e+00	0.00e+00	0.00e+00
 6.32843e+13	4.70e-33	7.07e-25	1.44e-17	1.81e-11	9.53e-07	1.64e-03	9.98e-01	0.00e+00	0.00e+00	0.00e+00	0.00e+00	0.00e+00
 6.58456e+13	7.55e-33	1.05e-24	1.98e-17	2.28e-11	1.11e-06	1.78e-03	9.98e-01	0.00e+00	0.00e+00	0.00e+00	0.00e+00	0.00e+00
 6.85094e+13	1.22e-32	1.56e-24	2.73e-17	2.89e-11	1.30e-06	1.92e-03	9.98e-01	0.00e+00	0.00e+00	0.00e+00	0.00e+00	0.00e+00
 7.12797e+13	1.95e-32	2.31e-24	3.71e-17	3.65e-11	1.52e-06	2.07e-03	9.98e-01	0.00e+00	0.00e+00	0.00e+00	0.00e+00	0.00e+00
 7.41608e+13	3.13e-32	3.42e-24	5.08e-17	4.62e-11	1.78e-06	2.24e-03	9.98e-01	0.00e+00	0.00e+00	0.00e+00	0.00e+00	0.00e+00
 7.71572e+13	5.03e-32	5.07e-24	6.96e-17	5.84e-11	2.08e-06	2.42e-03	9.98e-01	0.00e+00	0.00e+00	0.00e+00	0.00e+00	0.00e+00
 8.01471e+13	7.93e-32	7.41e-24	9.41e-17	7.32e-11	2.42e-06	2.61e-03	9.97e-01	0.00e+00	0.00e+00	0.00e+00	0.00e+00	0.00e+00
 8.32566e+13	1.25e-31	1.08e-23	1.27e-16	9.18e-11	2.81e-06	2.81e-03	9.97e-01	0.00e+00	0.00e+00	0.00e+00	0.00e+00	0.00e+00
 8.66167e+13	2.00e-31	1.60e-23	1.74e-16	1.16e-10	3.29e-06	3.04e-03	9.97e-01	0.00e+00	0.00e+00	0.00e+00	0.00e+00	0.00e+00
 9.01113e+13	3.21e-31	2.37e-23	2.39e-16	1.47e-10	3.84e-06	3.28e-03	9.97e-01	0.00e+00	0.00e+00	0.00e+00	0.00e+00	0.00e+00
 9.37457e+13	5.14e-31	3.51e-23	3.26e-16	1.86e-10	4.49e-06	3.55e-03	9.96e-01	0.00e+00	0.00e+00	0.00e+00	0.00e+00	0.00e+00
 9.75255e+13	8.23e-31	5.19e-23	4.46e-16	2.35e-10	5.25e-06	3.84e-03	9.96e-01	0.00e+00	0.00e+00	0.00e+00	0.00e+00	0.00e+00
 1.01078e+14	1.26e-30	7.40e-23	5.92e-16	2.90e-10	6.05e-06	4.12e-03	9.96e-01	0.00e+00	0.00e+00	0.00e+00	0.00e+00	0.00e+00
 1.04247e+14	1.81e-30	1.00e-22	7.56e-16	3.49e-10	6.84e-06	4.38e-03	9.96e-01	0.00e+00	0.00e+00	0.00e+00	0.00e+00	0.00e+00
 1.07796e+14	2.69e-30	1.40e-22	9.85e-16	4.25e-10	7.80e-06	4.68e-03	9.95e-01	0.00e+00	0.00e+00	0.00e+00	0.00e+00	0.00e+00
 1.12012e+14	4.23e-30	2.04e-22	1.33e-15	5.34e-10	9.08e-06	5.05e-03	9.95e-01	0.00e+00	0.00e+00	0.00e+00	0.00e+00	0.00e+00
 1.16217e+14	6.52e-30	2.92e-22	1.78e-15	6.64e-10	1.05e-05	5.43e-03	9.95e-01	0.00e+00	0.00e+00	0.00e+00	0.00e+00	0.00e+00
 1.20110e+14	9.59e-30	4.04e-22	2.31e-15	8.08e-10	1.20e-05	5.80e-03	9.94e-01	0.00e+00	0.00e+00	0.00e+00	0.00e+00	0.00e+00
 1.24465e+14	1.45e-29	5.72e-22	3.06e-15	9.98e-10	1.38e-05	6.23e-03	9.94e-01	0.00e+00	0.00e+00	0.00e+00	0.00e+00	0.00e+00
 1.29474e+14	2.30e-29	8.39e-22	4.17e-15	1.26e-09	1.61e-05	6.74e-03	9.93e-01	0.00e+00	0.00e+00	0.00e+00	0.00e+00	0.00e+00
 1.34370e+14	3.54e-29	1.21e-21	5.58e-15	1.57e-09	1.87e-05	7.26e-03	9.93e-01	0.00e+00	0.00e+00	0.00e+00	0.00e+00	0.00e+00
 1.39048e+14	5.25e-29	1.68e-21	7.29e-15	1.92e-09	2.14e-05	7.78e-03	9.92e-01	0.00e+00	0.00e+00	0.00e+00	0.00e+00	0.00e+00
 1.44224e+14	7.98e-29	2.39e-21	9.71e-15	2.39e-09	2.47e-05	8.38e-03	9.92e-01	0.00e+00	0.00e+00	0.00e+00	0.00e+00	0.00e+00
 1.50023e+14	1.25e-28	3.49e-21	1.32e-14	3.02e-09	2.88e-05	9.08e-03	9.91e-01	0.00e+00	0.00e+00	0.00e+00	0.00e+00	0.00e+00
 1.55873e+14	1.93e-28	5.04e-21	1.78e-14	3.79e-09	3.35e-05	9.81e-03	9.90e-01	0.00e+00	0.00e+00	0.00e+00	0.00e+00	0.00e+00
 1.61958e+14	2.99e-28	7.27e-21	2.40e-14	4.75e-09	3.90e-05	1.06e-02	9.89e-01	0.00e+00	0.00e+00	0.00e+00	0.00e+00	0.00e+00
 1.68466e+14	4.64e-28	1.06e-20	3.25e-14	6.00e-09	4.56e-05	1.15e-02	9.88e-01	0.00e+00	0.00e+00	0.00e+00	0.00e+00	0.00e+00
 1.75235e+14	7.23e-28	1.54e-20	4.41e-14	7.57e-09	5.33e-05	1.25e-02	9.87e-01	0.00e+00	0.00e+00	0.00e+00	0.00e+00	0.00e+00
 1.82274e+14	1.12e-27	2.23e-20	5.98e-14	9.56e-09	6.22e-05	1.35e-02	9.86e-01	0.00e+00	0.00e+00	0.00e+00	0.00e+00	0.00e+00
 1.89595e+14	1.73e-27	3.23e-20	8.10e-14	1.21e-08	7.26e-05	1.46e-02	9.85e-01	0.00e+00	0.00e+00	0.00e+00	0.00e+00	0.00e+00
 1.97209e+14	2.67e-27	4.66e-20	1.10e-13	1.52e-08	8.48e-05	1.59e-02	9.84e-01	0.00e+00	0.00e+00	0.00e+00	0.00e+00	0.00e+00
 2.05127e+14	4.10e-27	6.74e-20	1.48e-13	1.92e-08	9.90e-05	1.73e-02	9.83e-01	0.00e+00	0.00e+00	0.00e+00	0.00e+00	0.00e+00
 2.12996e+14	6.18e-27	9.56e-20	1.98e-13	2.40e-08	1.15e-04	1.87e-02	9.81e-01	0.00e+00	0.00e+00	0.00e+00	0.00e+00	0.00e+00
 2.21181e+14	9.28e-27	1.36e-19	2.64e-13	2.99e-08	1.33e-04	2.02e-02	9.80e-01	0.00e+00	0.00e+00	0.00e+00	0.00e+00	0.00e+00
 2.30058e+14	1.41e-26	1.95e-19	3.57e-13	3.78e-08	1.55e-04	2.19e-02	9.78e-01	0.00e+00	0.00e+00	0.00e+00	0.00e+00	0.00e+00
 2.39042e+14	2.12e-26	2.76e-19	4.77e-13	4.73e-08	1.81e-04	2.38e-02	9.76e-01	0.00e+00	0.00e+00	0.00e+00	0.00e+00	0.00e+00
 2.48385e+14	3.17e-26	3.92e-19	6.38e-13	5.93e-08	2.10e-04	2.58e-02	9.74e-01	0.00e+00	0.00e+00	0.00e+00	0.00e+00	0.00e+00
 2.58350e+14	4.77e-26	5.59e-19	8.60e-13	7.48e-08	2.45e-04	2.80e-02	9.72e-01	0.00e+00	0.00e+00	0.00e+00	0.00e+00	0.00e+00
 2.67725e+14	6.93e-26	7.74e-19	1.13e-12	9.22e-08	2.81e-04	3.02e-02	9.70e-01	0.00e+00	0.00e+00	0.00e+00	0.00e+00	0.00e+00
 2.76156e+14	9.52e-26	1.02e-18	1.42e-12	1.11e-07	3.17e-04	3.23e-02	9.67e-01	0.00e+00	0.00e+00	0.00e+00	0.00e+00	0.00e+00
 2.85669e+14	1.34e-25	1.38e-18	1.83e-12	1.35e-07	3.62e-04	3.47e-02	9.65e-01	0.00e+00	0.00e+00	0.00e+00	0.00e+00	0.00e+00
 2.96882e+14	1.98e-25	1.95e-18	2.45e-12	1.69e-07	4.20e-04	3.77e-02	9.62e-01	0.00e+00	0.00e+00	0.00e+00	0.00e+00	0.00e+00
 3.08141e+14	2.88e-25	2.72e-18	3.25e-12	2.10e-07	4.85e-04	4.08e-02	9.59e-01	0.00e+00	0.00e+00	0.00e+00	0.00e+00	0.00e+00
 3.18879e+14	4.06e-25	3.68e-18	4.20e-12	2.57e-07	5.54e-04	4.40e-02	9.55e-01	0.00e+00	0.00e+00	0.00e+00	0.00e+00	0.00e+00
 3.30694e+14	5.84e-25	5.09e-18	5.52e-12	3.18e-07	6.37e-04	4.75e-02	9.52e-01	0.00e+00	0.00e+00	0.00e+00	0.00e+00	0.00e+00
 3.43951e+14	8.61e-25	7.21e-18	7.41e-12	4.01e-07	7.41e-04	5.17e-02	9.48e-01	0.00e+00	0.00e+00	0.00e+00	0.00e+00	0.00e+00
 3.56275e+14	1.22e-24	9.87e-18	9.66e-12	4.93e-07	8.48e-04	5.58e-02	9.43e-01	0.00e+00	0.00e+00	0.00e+00	0.00e+00	0.00e+00
 3.67044e+14	1.64e-24	1.29e-17	1.21e-11	5.86e-07	9.50e-04	5.94e-02	9.40e-01	0.00e+00	0.00e+00	0.00e+00	0.00e+00	0.00e+00
 3.79015e+14	2.26e-24	1.72e-17	1.54e-11	7.07e-07	1.07e-03	6.36e-02	9.35e-01	0.00e+00	0.00e+00	0.00e+00	0.00e+00	0.00e+00
 3.93512e+14	3.29e-24	2.41e-17	2.05e-11	8.81e-07	1.24e-03	6.89e-02	9.30e-01	0.00e+00	0.00e+00	0.00e+00	0.00e+00	0.00e+00
 4.08093e+14	4.74e-24	3.34e-17	2.70e-11	1.09e-06	1.42e-03	7.44e-02	9.24e-01	0.00e+00	0.00e+00	0.00e+00	0.00e+00	0.00e+00
 4.21272e+14	6.52e-24	4.45e-17	3.43e-11	1.31e-06	1.60e-03	7.95e-02	9.19e-01	0.00e+00	0.00e+00	0.00e+00	0.00e+00	0.00e+00
 4.35826e+14	9.19e-24	6.07e-17	4.44e-11	1.60e-06	1.82e-03	8.53e-02	9.13e-01	0.00e+00	0.00e+00	0.00e+00	0.00e+00	0.00e+00
 4.52948e+14	1.36e-23	8.62e-17	5.96e-11	2.00e-06	2.11e-03	9.24e-02	9.05e-01	0.00e+00	0.00e+00	0.00e+00	0.00e+00	0.00e+00
 4.69771e+14	1.97e-23	1.21e-16	7.87e-11	2.47e-06	2.42e-03	9.95e-02	8.98e-01	0.00e+00	0.00e+00	0.00e+00	0.00e+00	0.00e+00
 4.85290e+14	2.74e-23	1.62e-16	1.01e-10	2.99e-06	2.73e-03	1.06e-01	8.91e-01	0.00e+00	0.00e+00	0.00e+00	0.00e+00	0.00e+00
 5.02752e+14	3.95e-23	2.25e-16	1.32e-10	3.67e-06	3.11e-03	1.14e-01	8.83e-01	0.00e+00	0.00e+00	0.00e+00	0.00e+00	0.00e+00
 5.22890e+14	5.93e-23	3.24e-16	1.79e-10	4.60e-06	3.60e-03	1.23e-01	8.73e-01	0.00e+00	0.00e+00	0.00e+00	0.00e+00	0.00e+00
 5.42575e+14	8.71e-23	4.57e-16	2.37e-10	5.69e-06	4.12e-03	1.33e-01	8.63e-01	0.00e+00	0.00e+00	0.00e+00	0.00e+00	0.00e+00
 5.61382e+14	1.24e-22	6.28e-16	3.08e-10	6.93e-06	4.67e-03	1.42e-01	8.54e-01	0.00e+00	0.00e+00	0.00e+00	0.00e+00	0.00e+00
 5.82202e+14	1.82e-22	8.83e-16	4.07e-10	8.53e-06	5.34e-03	1.52e-01	8.43e-01	0.00e+00	0.00e+00	0.00e+00	0.00e+00	0.00e+00
 6.05520e+14	2.75e-22	1.28e-15	5.50e-10	1.07e-05	6.15e-03	1.63e-01	8.31e-01	0.00e+00	0.00e+00	0.00e+00	0.00e+00	0.00e+00
 6.29096e+14	4.10e-22	1.83e-15	7.37e-10	1.33e-05	7.06e-03	1.75e-01	8.18e-01	0.00e+00	0.00e+00	0.00e+00	0.00e+00	0.00e+00
 6.53616e+14	6.15e-22	2.61e-15	9.87e-10	1.65e-05	8.10e-03	1.88e-01	8.04e-01	0.00e+00	0.00e+00	0.00e+00	0.00e+00	0.00e+00
 6.79791e+14	9.32e-22	3.78e-15	1.33e-09	2.06e-05	9.31e-03	2.01e-01	7.90e-01	0.00e+00	0.00e+00	0.00e+00	0.00e+00	0.00e+00
 7.07012e+14	1.41e-21	5.47e-15	1.79e-09	2.56e-05	1.07e-02	2.15e-01	7.74e-01	0.00e+00	0.00e+00	0.00e+00	0.00e+00	0.00e+00
 7.35323e+14	2.15e-21	7.91e-15	2.42e-09	3.19e-05	1.22e-02	2.30e-01	7.58e-01	0.00e+00	0.00e+00	0.00e+00	0.00e+00	0.00e+00
 7.64766e+14	3.27e-21	1.14e-14	3.25e-09	3.97e-05	1.40e-02	2.45e-01	7.41e-01	0.00e+00	0.00e+00	0.00e+00	0.00e+00	0.00e+00
 7.95386e+14	4.97e-21	1.66e-14	4.37e-09	4.93e-05	1.60e-02	2.61e-01	7.23e-01	0.00e+00	0.00e+00	0.00e+00	0.00e+00	0.00e+00
 8.27231e+14	7.59e-21	2.39e-14	5.87e-09	6.10e-05	1.83e-02	2.77e-01	7.04e-01	0.00e+00	0.00e+00	0.00e+00	0.00e+00	0.00e+00
 8.58008e+14	1.12e-20	3.37e-14	7.72e-09	7.45e-05	2.07e-02	2.93e-01	6.86e-01	0.00e+00	0.00e+00	0.00e+00	0.00e+00	0.00e+00
 8.86814e+14	1.61e-20	4.60e-14	9.87e-09	8.89e-05	2.31e-02	3.07e-01	6.70e-01	0.00e+00	0.00e+00	0.00e+00	0.00e+00	0.00e+00
 9.14871e+14	2.24e-20	6.15e-14	1.24e-08	1.05e-04	2.55e-02	3.21e-01	6.53e-01	0.00e+00	0.00e+00	0.00e+00	0.00e+00	0.00e+00
 9.46593e+14	3.23e-20	8.46e-14	1.60e-08	1.26e-04	2.85e-02	3.37e-01	6.35e-01	0.00e+00	0.00e+00	0.00e+00	0.00e+00	0.00e+00
 9.81788e+14	4.79e-20	1.19e-13	2.09e-08	1.53e-04	3.20e-02	3.53e-01	6.15e-01	0.00e+00	0.00e+00	0.00e+00	0.00e+00	0.00e+00
 1.01478e+15	6.83e-20	1.61e-13	2.67e-08	1.82e-04	3.55e-02	3.68e-01	5.96e-01	0.00e+00	0.00e+00	0.00e+00	0.00e+00	0.00e+00
 1.05095e+15	9.95e-20	2.23e-13	3.44e-08	2.18e-04	3.96e-02	3.84e-01	5.76e-01	0.00e+00	0.00e+00	0.00e+00	0.00e+00	0.00e+00
 1.09182e+15	1.50e-19	3.17e-13	4.53e-08	2.65e-04	4.45e-02	4.02e-01	5.53e-01	0.00e+00	0.00e+00	0.00e+00	0.00e+00	0.00e+00
 1.12954e+15	2.15e-19	4.32e-13	5.78e-08	3.15e-04	4.92e-02	4.17e-01	5.33e-01	0.00e+00	0.00e+00	0.00e+00	0.00e+00	0.00e+00
 1.16371e+15	2.96e-19	5.67e-13	7.14e-08	3.66e-04	5.38e-02	4.30e-01	5.16e-01	0.00e+00	0.00e+00	0.00e+00	0.00e+00	0.00e+00
 1.20249e+15	4.20e-19	7.63e-13	9.00e-08	4.31e-04	5.91e-02	4.44e-01	4.96e-01	0.00e+00	0.00e+00	0.00e+00	0.00e+00	0.00e+00
 1.24891e+15	6.29e-19	1.07e-12	1.18e-07	5.19e-04	6.59e-02	4.61e-01	4.73e-01	0.00e+00	0.00e+00	0.00e+00	0.00e+00	0.00e+00
 1.29501e+15	9.24e-19	1.49e-12	1.51e-07	6.20e-04	7.29e-02	4.75e-01	4.51e-01	0.00e+00	0.00e+00	0.00e+00	0.00e+00	0.00e+00
 1.33685e+15	1.29e-18	1.97e-12	1.88e-07	7.22e-04	7.95e-02	4.88e-01	4.32e-01	0.00e+00	0.00e+00	0.00e+00	0.00e+00	0.00e+00
 1.38339e+15	1.86e-18	2.67e-12	2.38e-07	8.50e-04	8.71e-02	5.00e-01	4.12e-01	0.00e+00	0.00e+00	0.00e+00	0.00e+00	0.00e+00
 1.43790e+15	2.79e-18	3.76e-12	3.10e-07	1.02e-03	9.64e-02	5.14e-01	3.89e-01	0.00e+00	0.00e+00	0.00e+00	0.00e+00	0.00e+00
 1.49152e+15	4.09e-18	5.18e-12	3.96e-07	1.21e-03	1.06e-01	5.26e-01	3.67e-01	0.00e+00	0.00e+00	0.00e+00	0.00e+00	0.00e+00
 1.54160e+15	5.78e-18	6.89e-12	4.93e-07	1.40e-03	1.15e-01	5.35e-01	3.48e-01	0.00e+00	0.00e+00	0.00e+00	0.00e+00	0.00e+00
 1.59761e+15	8.38e-18	9.38e-12	6.24e-07	1.65e-03	1.25e-01	5.45e-01	3.28e-01	0.00e+00	0.00e+00	0.00e+00	0.00e+00	0.00e+00
 1.66155e+15	1.26e-17	1.31e-11	8.08e-07	1.97e-03	1.38e-01	5.54e-01	3.06e-01	0.00e+00	0.00e+00	0.00e+00	0.00e+00	0.00e+00
 1.72469e+15	1.85e-17	1.80e-11	1.03e-06	2.32e-03	1.50e-01	5.61e-01	2.86e-01	0.00e+00	0.00e+00	0.00e+00	0.00e+00	0.00e+00
 1.79035e+15	2.76e-17	2.47e-11	1.30e-06	2.72e-03	1.63e-01	5.67e-01	2.67e-01	0.00e+00	0.00e+00	1.56e-17	8.44e-18	3.22e-18
 1.86200e+15	4.08e-17	3.43e-11	1.67e-06	3.21e-03	1.78e-01	5.72e-01	2.47e-01	0.00e+00	0.00e+00	2.30e-17	1.28e-17	4.62e-18
 1.93486e+15	6.03e-17	4.71e-11	2.13e-06	3.77e-03	1.93e-01	5.75e-01	2.29e-01	0.00e+00	0.00e+00	3.41e-17	1.88e-17	6.80e-18
 2.01063e+15	8.90e-17	6.46e-11	2.70e-06	4.42e-03	2.09e-01	5.76e-01	2.11e-01	0.00e+00	0.00e+00	5.04e-17	2.76e-17	9.98e-18
 2.09108e+15	1.32e-16	8.89e-11	3.43e-06	5.18e-03	2.26e-01	5.76e-01	1.93e-01	0.00e+00	0.00e+00	7.51e-17	4.09e-17	1.47e-17
 2.17476e+15	1.96e-16	1.22e-10	4.35e-06	6.05e-03	2.43e-01	5.74e-01	1.77e-01	0.00e+00	0.00e+00	1.11e-16	6.03e-17	2.17e-17
 2.26178e+15	2.89e-16	1.67e-10	5.50e-06	7.05e-03	2.62e-01	5.70e-01	1.62e-01	0.00e+00	0.00e+00	1.65e-16	8.89e-17	3.19e-17
 2.35228e+15	4.27e-16	2.28e-10	6.93e-06	8.19e-03	2.80e-01	5.65e-01	1.47e-01	0.00e+00	0.00e+00	2.44e-16	1.31e-16	4.69e-17
 2.44640e+15	6.28e-16	3.10e-10	8.71e-06	9.49e-03	3.00e-01	5.58e-01	1.33e-01	0.00e+00	0.00e+00	3.59e-16	1.92e-16	6.86e-17
 2.54429e+15	9.22e-16	4.21e-10	1.09e-05	1.10e-02	3.20e-01	5.49e-01	1.20e-01	0.00e+00	0.00e+00	5.28e-16	2.82e-16	1.00e-16
 2.63273e+15	1.29e-15	5.48e-10	1.33e-05	1.24e-02	3.37e-01	5.40e-01	1.10e-01	0.00e+00	0.00e+00	7.37e-16	3.93e-16	1.39e-16
 2.70669e+15	1.68e-15	6.76e-10	1.55e-05	1.37e-02	3.52e-01	5.33e-01	1.02e-01	0.00e+00	0.00e+00	9.63e-16	5.12e-16	1.81e-16
 2.78813e+15	2.23e-15	8.47e-10	1.83e-05	1.52e-02	3.67e-01	5.24e-01	9.39e-02	0.00e+00	0.00e+00	1.28e-15	6.82e-16	2.41e-16
 2.89086e+15	3.17e-15	1.12e-09	2.24e-05	1.73e-02	3.86e-01	5.12e-01	8.47e-02	0.00e+00	0.00e+00	1.82e-15	9.67e-16	3.40e-16
 2.99864e+15	4.50e-15	1.47e-09	2.74e-05	1.95e-02	4.06e-01	4.98e-01	7.61e-02	0.00e+00	0.00e+00	2.59e-15	1.37e-15	4.81e-16
 3.09436e+15	6.06e-15	1.85e-09	3.25e-05	2.17e-02	4.23e-01	4.86e-01	6.93e-02	0.00e+00	0.00e+00	3.49e-15	1.85e-15	6.46e-16
 3.19702e+15	8.26e-15	2.36e-09	3.87e-05	2.42e-02	4.40e-01	4.73e-01	6.27e-02	0.00e+00	0.00e+00	4.76e-15	2.52e-15	8.77e-16
 3.32016e+15	1.18e-14	3.10e-09	4.73e-05	2.73e-02	4.60e-01	4.57e-01	5.56e-02	0.00e+00	0.00e+00	6.78e-15	3.59e-15	1.25e-15
 3.44158e+15	1.65e-14	4.03e-09	5.72e-05	3.06e-02	4.78e-01	4.41e-01	4.95e-02	0.00e+00	0.00e+00	9.50e-15	5.02e-15	1.74e-15
 3.54923e+15	2.20e-14	5.03e-09	6.72e-05	3.37e-02	4.94e-01	4.27e-01	4.48e-02	0.00e+00	0.00e+00	1.27e-14	6.70e-15	2.31e-15
 3.66731e+15	2.98e-14	6.35e-09	7.95e-05	3.72e-02	5.11e-01	4.12e-01	4.01e-02	0.00e+00	0.00e+00	1.72e-14	9.08e-15	3.12e-15
 3.80875e+15	4.23e-14	8.30e-09	9.65e-05	4.17e-02	5.29e-01	3.94e-01	3.51e-02	0.00e+00	0.00e+00	2.44e-14	1.29e-14	4.42e-15
 3.94915e+15	5.90e-14	1.07e-08	1.16e-04	4.65e-02	5.46e-01	3.77e-01	3.09e-02	0.00e+00	0.00e+00	3.41e-14	1.80e-14	6.14e-15
 4.07611e+15	7.88e-14	1.33e-08	1.36e-04	5.10e-02	5.60e-01	3.61e-01	2.76e-02	0.00e+00	0.00e+00	4.55e-14	2.40e-14	8.18e-15
 4.21701e+15	1.08e-13	1.69e-08	1.61e-04	5.62e-02	5.75e-01	3.44e-01	2.43e-02	0.00e+00	0.00e+00	6.22e-14	3.28e-14	1.11e-14
 4.38259e+15	1.53e-13	2.21e-08	1.95e-04	6.27e-02	5.91e-01	3.25e-01	2.10e-02	0.00e+00	0.00e+00	8.85e-14	4.66e-14	1.58e-14
 4.54537e+15	2.14e-13	2.83e-08	2.33e-04	6.93e-02	6.05e-01	3.08e-01	1.82e-02	0.00e+00	0.00e+00	1.23e-13	6.50e-14	2.20e-14
 4.69643e+15	2.87e-13	3.54e-08	2.73e-04	7.57e-02	6.16e-01	2.92e-01	1.60e-02	0.00e+00	0.00e+00	1.66e-13	8.74e-14	2.95e-14
 4.86608e+15	3.97e-13	4.51e-08	3.25e-04	8.32e-02	6.28e-01	2.75e-01	1.38e-02	0.00e+00	0.00e+00	2.30e-13	1.21e-13	4.07e-14
 5.05419e+15	5.60e-13	5.84e-08	3.89e-04	9.19e-02	6.39e-01	2.57e-01	1.18e-02	0.00e+00	0.00e+00	3.24e-13	1.70e-13	5.72e-14
 5.23583e+15	7.68e-13	7.38e-08	4.60e-04	1.00e-01	6.48e-01	2.41e-01	1.02e-02	0.00e+00	0.00e+00	4.44e-13	2.34e-13	7.83e-14
 5.41220e+15	1.04e-12	9.22e-08	5.38e-04	1.09e-01	6.55e-01	2.26e-01	8.79e-03	0.00e+00	0.00e+00	5.99e-13	3.15e-13	1.05e-13
 5.60961e+15	1.43e-12	1.17e-07	6.36e-04	1.19e-01	6.62e-01	2.10e-01	7.49e-03	0.00e+00	0.00e+00	8.29e-13	4.35e-13	1.45e-13
 5.82428e+15	2.01e-12	1.50e-07	7.58e-04	1.31e-01	6.67e-01	1.95e-01	6.30e-03	0.00e+00	0.00e+00	1.16e-12	6.10e-13	2.03e-13
 6.02447e+15	2.71e-12	1.88e-07	8.86e-04	1.42e-01	6.71e-01	1.81e-01	5.38e-03	0.00e+00	0.00e+00	1.57e-12	8.25e-13	2.75e-13
 6.24241e+15	3.74e-12	2.37e-07	1.05e-03	1.54e-01	6.73e-01	1.67e-01	4.53e-03	0.00e+00	0.00e+00	2.17e-12	1.14e-12	3.78e-13
 6.48506e+15	5.25e-12	3.05e-07	1.25e-03	1.68e-01	6.74e-01	1.53e-01	3.76e-03	0.00e+00	0.00e+00	3.04e-12	1.60e-12	5.30e-13
 6.69327e+15	6.94e-12	3.74e-07	1.44e-03	1.81e-01	6.73e-01	1.41e-01	3.21e-03	0.00e+00	0.00e+00	4.02e-12	2.11e-12	7.00e-13
 6.86274e+15	8.67e-12	4.40e-07	1.61e-03	1.91e-01	6.71e-01	1.33e-01	2.82e-03	0.00e+00	0.00e+00	5.03e-12	2.64e-12	8.74e-13
 7.05020e+15	1.10e-11	5.24e-07	1.83e-03	2.03e-01	6.69e-01	1.24e-01	2.45e-03	0.00e+00	0.00e+00	6.40e-12	3.36e-12	1.11e-12
 7.29390e+15	1.50e-11	6.55e-07	2.13e-03	2.19e-01	6.64e-01	1.13e-01	2.04e-03	0.00e+00	0.00e+00	8.71e-12	4.57e-12	1.51e-12
 7.55047e+15	2.04e-11	8.19e-07	2.50e-03	2.35e-01	6.58e-01	1.03e-01	1.69e-03	0.00e+00	0.00e+00	1.18e-11	6.20e-12	2.05e-12
 7.77443e+15	2.64e-11	9.88e-07	2.85e-03	2.50e-01	6.51e-01	9.43e-02	1.43e-03	0.00e+00	0.00e+00	1.53e-11	8.03e-12	2.65e-12
 8.01624e+15	3.47e-11	1.21e-06	3.28e-03	2.66e-01	6.43e-01	8.60e-02	1.20e-03	0.00e+00	0.00e+00	2.01e-11	1.06e-11	3.49e-12
 8.28462e+15	4.66e-11	1.49e-06	3.82e-03	2.85e-01	6.33e-01	7.76e-02	9.89e-04	0.00e+00	0.00e+00	2.70e-11	1.42e-11	4.68e-12
 8.53304e+15	6.05e-11	1.81e-06	4.37e-03	3.02e-01	6.22e-01	7.06e-02	8.27e-04	0.00e+00	0.00e+00	3.51e-11	1.84e-11	6.07e-12
 8.80146e+15	8.00e-11	2.21e-06	5.04e-03	3.21e-01	6.10e-01	6.36e-02	6.82e-04	0.00e+00	0.00e+00	4.65e-11	2.44e-11	8.03e-12
 9.09525e+15	1.07e-10	2.74e-06	5.87e-03	3.42e-01	5.95e-01	5.67e-02	5.53e-04	0.00e+00	0.00e+00	6.22e-11	3.27e-11	1.08e-11
 9.36227e+15	1.39e-10	3.30e-06	6.72e-03	3.61e-01	5.80e-01	5.11e-02	4.58e-04	0.00e+00	0.00e+00	8.05e-11	4.22e-11	1.39e-11
 9.60602e+15	1.74e-10	3.91e-06	7.59e-03	3.79e-01	5.67e-01	4.64e-02	3.85e-04	0.00e+00	0.00e+00	1.01e-10	5.32e-11	1.75e-11
 9.87926e+15	2.26e-10	4.72e-06	8.68e-03	3.99e-01	5.50e-01	4.15e-02	3.17e-04	0.00e+00	0.00e+00	1.32e-10	6.91e-11	2.27e-11
 1.01797e+16	2.98e-10	5.77e-06	1.00e-02	4.21e-01	5.32e-01	3.67e-02	2.56e-04	0.00e+00	0.00e+00	1.73e-10	9.09e-11	2.99e-11
 1.04536e+16	3.78e-10	6.88e-06	1.14e-02	4.41e-01	5.15e-01	3.28e-02	2.11e-04	0.00e+00	0.00e+00	2.20e-10	1.15e-10	3.79e-11
 1.07084e+16	4.73e-10	8.11e-06	1.29e-02	4.60e-01	4.98e-01	2.95e-02	1.76e-04	0.00e+00	0.00e+00	2.75e-10	1.44e-10	4.74e-11
 1.10004e+16	6.14e-10	9.82e-06	1.48e-02	4.81e-01	4.78e-01	2.60e-02	1.42e-04	0.00e+00	0.00e+00	3.57e-10	1.88e-10	6.16e-11
 1.13168e+16	8.07e-10	1.20e-05	1.71e-02	5.04e-01	4.56e-01	2.27e-02	1.13e-04	0.00e+00	0.00e+00	4.69e-10	2.46e-10	8.10e-11
 1.15981e+16	1.02e-09	1.43e-05	1.95e-02	5.24e-01	4.36e-01	2.01e-02	9.23e-05	0.00e+00	0.00e+00	5.92e-10	3.11e-10	1.02e-10
 1.18561e+16	1.27e-09	1.68e-05	2.20e-02	5.42e-01	4.18e-01	1.79e-02	7.63e-05	0.00e+00	0.00e+00	7.36e-10	3.87e-10	1.27e-10
 1.21507e+16	1.64e-09	2.03e-05	2.53e-02	5.63e-01	3.96e-01	1.56e-02	6.11e-05	0.00e+00	0.00e+00	9.51e-10	5.00e-10	1.64e-10
 1.24676e+16	2.14e-09	2.49e-05	2.94e-02	5.84e-01	3.73e-01	1.34e-02	4.81e-05	0.00e+00	0.00e+00	1.24e-09	6.54e-10	2.15e-10
 1.27444e+16	2.69e-09	2.96e-05	3.35e-02	6.02e-01	3.53e-01	1.17e-02	3.90e-05	0.00e+00	0.00e+00	1.56e-09	8.21e-10	2.70e-10
 1.29935e+16	3.34e-09	3.49e-05	3.79e-02	6.18e-01	3.34e-01	1.03e-02	3.21e-05	0.00e+00	0.00e+00	1.94e-09	1.02e-09	3.35e-10
 1.32756e+16	4.32e-09	4.24e-05	4.37e-02	6.35e-01	3.12e-01	8.89e-03	2.55e-05	0.00e+00	0.00e+00	2.51e-09	1.32e-09	4.35e-10
 1.35751e+16	5.68e-09	5.22e-05	5.11e-02	6.52e-01	2.89e-01	7.56e-03	1.99e-05	0.00e+00	0.00e+00	3.30e-09	1.74e-09	5.72e-10
 1.38295e+16	7.16e-09	6.25e-05	5.86e-02	6.65e-01	2.70e-01	6.55e-03	1.61e-05	0.00e+00	0.00e+00	4.16e-09	2.19e-09	7.21e-10
 1.40521e+16	8.88e-09	7.39e-05	6.64e-02	6.75e-01	2.52e-01	5.73e-03	1.32e-05	0.00e+00	0.00e+00	5.17e-09	2.72e-09	8.95e-10
 1.42597e+16	1.09e-08	8.67e-05	7.50e-02	6.84e-01	2.36e-01	5.04e-03	1.09e-05	0.00e+00	0.00e+00	6.35e-09	3.34e-09	1.10e-09
 1.44561e+16	1.33e-08	1.01e-04	8.46e-02	6.91e-01	2.20e-01	4.42e-03	9.09e-06	0.00e+00	0.00e+00	7.74e-09	4.07e-09	1.34e-09
 1.46794e+16	1.73e-08	1.24e-04	9.80e-02	6.96e-01	2.02e-01	3.77e-03	7.23e-06	0.00e+00	0.00e+00	1.00e-08	5.28e-09	1.74e-09
 1.49170e+16	2.24e-08	1.52e-04	1.15e-01	6.99e-01	1.82e-01	3.15e-03	5.65e-06	0.00e+00	0.00e+00	1.30e-08	6.85e-09	2.26e-09
 1.51173e+16	2.87e-08	1.85e-04	1.33e-01	6.98e-01	1.65e-01	2.68e-03	4.50e-06	0.00e+00	0.00e+00	1.67e-08	8.78e-09	2.90e-09
 1.52845e+16	3.56e-08	2.20e-04	1.52e-01	6.95e-01	1.51e-01	2.30e-03	3.67e-06	0.00e+00	0.00e+00	2.07e-08	1.09e-08	3.60e-09
 1.54406e+16	4.39e-08	2.61e-04	1.73e-01	6.88e-01	1.37e-01	1.97e-03	2.99e-06	0.00e+00	0.00e+00	2.56e-08	1.35e-08	4.44e-09
 1.55951e+16	5.31e-08	3.05e-04	1.99e-01	6.77e-01	1.23e-01	1.66e-03	2.39e-06	0.00e+00	0.00e+00	3.09e-08	1.63e-08	5.37e-09
 1.57435e+16	6.70e-08	3.67e-04	2.29e-01	6.61e-01	1.09e-01	1.39e-03	1.89e-06	0.00e+00	0.00e+00	3.90e-08	2.05e-08	6.78e-09
 1.58783e+16	8.40e-08	4.40e-04	2.62e-01	6.41e-01	9.53e-02	1.15e-03	1.49e-06	0.00e+00	0.00e+00	4.89e-08	2.58e-08	8.52e-09
 1.59987e+16	1.04e-07	5.23e-04	2.99e-01	6.17e-01	8.32e-02	9.48e-04	1.17e-06	0.00e+00	0.00e+00	6.07e-08	3.20e-08	1.06e-08
 1.61087e+16	1.29e-07	6.18e-04	3.38e-01	5.89e-01	7.19e-02	7.74e-04	9.09e-07	0.00e+00	0.00e+00	7.48e-08	3.95e-08	1.31e-08
 1.62012e+16	1.55e-07	7.17e-04	3.77e-01	5.59e-01	6.23e-02	6.39e-04	0.00e+00	0.00e+00	0.00e+00	9.01e-08	4.75e-08	1.58e-08
 1.62733e+16	1.85e-07	8.19e-04	4.12e-01	5.32e-01	5.49e-02	5.40e-04	0.00e+00	0.00e+00	0.00e+00	1.07e-07	5.66e-08	1.88e-08
 1.63360e+16	2.07e-07	8.99e-04	4.45e-01	5.05e-01	4.83e-02	4.57e-04	0.00e+00	0.00e+00	0.00e+00	1.20e-07	6.35e-08	2.11e-08
 1.64055e+16	2.42e-07	1.01e-03	4.86e-01	4.72e-01	4.11e-02	3.70e-04	0.00e+00	0.00e+00	0.00e+00	1.41e-07	7.42e-08	2.46e-08
 1.64817e+16	2.93e-07	1.17e-03	5.34e-01	4.31e-01	3.37e-02	2.87e-04	0.00e+00	0.00e+00	0.00e+00	1.70e-07	8.99e-08	2.99e-08
 1.65477e+16	3.39e-07	1.31e-03	5.79e-01	3.92e-01	2.76e-02	2.23e-04	0.00e+00	0.00e+00	0.00e+00	1.97e-07	1.04e-07	3.47e-08
 1.66042e+16	3.85e-07	1.44e-03	6.19e-01	3.57e-01	2.27e-02	1.75e-04	0.00e+00	0.00e+00	0.00e+00	2.24e-07	1.18e-07	3.95e-08
 1.66676e+16	4.44e-07	1.60e-03	6.65e-01	3.15e-01	1.77e-02	1.29e-04	0.00e+00	0.00e+00	0.00e+00	2.58e-07	1.37e-07	4.56e-08
 1.67375e+16	5.17e-07	1.78e-03	7.15e-01	2.70e-01	1.31e-02	8.85e-05	0.00e+00	0.00e+00	0.00e+00	3.00e-07	1.59e-07	5.31e-08
 1.68016e+16	5.89e-07	1.95e-03	7.59e-01	2.29e-01	9.56e-03	6.02e-05	0.00e+00	0.00e+00	0.00e+00	3.43e-07	1.81e-07	6.07e-08
 1.68706e+16	6.76e-07	2.14e-03	8.03e-01	1.88e-01	6.55e-03	3.78e-05	0.00e+00	0.00e+00	0.00e+00	3.93e-07	2.08e-07	6.98e-08
 1.69474e+16	7.74e-07	2.34e-03	8.45e-01	1.48e-01	4.19e-03	2.18e-05	0.00e+00	0.00e+00	0.00e+00	4.50e-07	2.38e-07	8.00e-08
 1.70225e+16	8.71e-07	2.51e-03	8.78e-01	1.16e-01	2.64e-03	1.23e-05	0.00e+00	0.00e+00	0.00e+00	5.06e-07	2.68e-07	9.03e-08
 1.71088e+16	9.82e-07	2.69e-03	9.08e-01	8.76e-02	1.52e-03	6.18e-06	0.00e+00	0.00e+00	0.00e+00	5.71e-07	3.03e-07	1.02e-07
 1.72208e+16	1.12e-06	2.89e-03	9.35e-01	6.14e-02	7.47e-04	2.53e-06	0.00e+00	0.00e+00	0.00e+00	6.50e-07	3.45e-07	1.16e-07
 1.73666e+16	1.28e-06	3.10e-03	9.56e-01	4.04e-02	3.13e-04	8.23e-07	0.00e+00	0.00e+00	0.00e+00	7.44e-07	3.95e-07	1.34e-07
 1.75560e+16	1.48e-06	3.31e-03	9.71e-01	2.59e-02	1.14e-04	0.00e+00	0.00e+00	0.00e+00	0.00e+00	8.59e-07	4.56e-07	1.54e-07
 1.78022e+16	1.73e-06	3.53e-03	9.79e-01	1.70e-02	3.83e-05	0.00e+00	0.00e+00	0.00e+00	0.00e+00	1.01e-06	5.34e-07	1.81e-07
 1.81223e+16	2.09e-06	3.81e-03	9.84e-01	1.19e-02	1.25e-05	0.00e+00	0.00e+00	0.00e+00	0.00e+00	1.22e-06	6.47e-07	2.19e-07
 1.85385e+16	2.67e-06	4.18e-03	9.87e-01	9.17e-03	4.07e-06	0.00e+00	0.00e+00	0.00e+00	0.00e+00	1.55e-06	8.25e-07	2.79e-07
 1.89875e+16	3.51e-06	4.63e-03	9.88e-01	7.73e-03	1.56e-06	0.00e+00	0.00e+00	0.00e+00	0.00e+00	2.04e-06	1.08e-06	3.66e-07
 1.93828e+16	4.52e-06	5.10e-03	9.88e-01	6.90e-03	7.63e-07	0.00e+00	0.00e+00	0.00e+00	0.00e+00	2.63e-06	1.40e-06	4.72e-07
 1.97366e+16	5.76e-06	5.59e-03	9.88e-01	6.33e-03	0.00e+00	0.00e+00	0.00e+00	0.00e+00	0.00e+00	3.35e-06	1.78e-06	6.00e-07
 2.01326e+16	7.64e-06	6.24e-03	9.88e-01	5.70e-03	0.00e+00	0.00e+00	0.00e+00	0.00e+00	0.00e+00	4.44e-06	2.36e-06	7.96e-07
 2.05464e+16	1.05e-05	7.09e-03	9.88e-01	5.13e-03	0.00e+00	0.00e+00	0.00e+00	0.00e+00	0.00e+00	6.12e-06	3.25e-06	1.10e-06
 2.08789e+16	1.39e-05	7.95e-03	9.87e-01	4.66e-03	0.00e+00	0.00e+00	0.00e+00	0.00e+00	0.00e+00	8.09e-06	4.30e-06	1.45e-06
 2.11470e+16	1.76e-05	8.79e-03	9.87e-01	4.31e-03	0.00e+00	0.00e+00	0.00e+00	0.00e+00	0.00e+00	1.03e-05	5.45e-06	1.83e-06
 2.14358e+16	2.31e-05	9.86e-03	9.86e-01	3.92e-03	0.00e+00	0.00e+00	0.00e+00	0.00e+00	0.00e+00	1.34e-05	7.12e-06	2.40e-06
 2.17496e+16	3.15e-05	1.13e-02	9.85e-01	3.52e-03	0.00e+00	0.00e+00	0.00e+00	0.00e+00	0.00e+00	1.83e-05	9.70e-06	3.26e-06
 2.20193e+16	4.20e-05	1.29e-02	9.84e-01	3.15e-03	0.00e+00	0.00e+00	0.00e+00	0.00e+00	0.00e+00	2.44e-05	1.29e-05	4.35e-06
 2.21945e+16	5.11e-05	1.41e-02	9.83e-01	2.94e-03	0.00e+00	0.00e+00	0.00e+00	0.00e+00	0.00e+00	2.97e-05	1.58e-05	5.30e-06
 2.22918e+16	5.72e-05	1.49e-02	9.82e-01	2.80e-03	0.00e+00	0.00e+00	0.00e+00	0.00e+00	0.00e+00	3.33e-05	1.76e-05	5.93e-06
 2.23862e+16	6.41e-05	1.58e-02	9.82e-01	2.68e-03	0.00e+00	0.00e+00	0.00e+00	0.00e+00	0.00e+00	3.73e-05	1.98e-05	6.64e-06
 2.25091e+16	7.45e-05	1.69e-02	9.80e-01	2.52e-03	0.00e+00	0.00e+00	0.00e+00	0.00e+00	0.00e+00	4.33e-05	2.30e-05	7.72e-06
 2.26477e+16	8.88e-05	1.84e-02	9.79e-01	2.33e-03	0.00e+00	0.00e+00	0.00e+00	0.00e+00	0.00e+00	5.16e-05	2.74e-05	9.20e-06
 2.27749e+16	1.05e-04	2.00e-02	9.78e-01	2.17e-03	0.00e+00	0.00e+00	0.00e+00	0.00e+00	0.00e+00	6.11e-05	3.24e-05	1.09e-05
 2.28844e+16	1.22e-04	2.16e-02	9.76e-01	2.04e-03	0.00e+00	0.00e+00	0.00e+00	0.00e+00	0.00e+00	7.09e-05	3.76e-05	1.26e-05
 2.30029e+16	1.44e-04	2.35e-02	9.74e-01	1.89e-03	0.00e+00	0.00e+00	0.00e+00	0.00e+00	0.00e+00	8.40e-05	4.45e-05	1.49e-05
 2.31181e+16	1.71e-04	2.56e-02	9.72e-01	1.76e-03	0.00e+00	0.00e+00	0.00e+00	0.00e+00	0.00e+00	9.94e-05	5.27e-05	1.77e-05
 2.32014e+16	1.94e-04	2.73e-02	9.71e-01	1.66e-03	0.00e+00	0.00e+00	0.00e+00	0.00e+00	0.00e+00	1.13e-04	5.97e-05	2.01e-05
 2.32713e+16	2.17e-04	2.89e-02	9.69e-01	1.58e-03	0.00e+00	0.00e+00	0.00e+00	0.00e+00	0.00e+00	1.26e-04	6.67e-05	2.24e-05
 2.33515e+16	2.47e-04	3.10e-02	9.67e-01	1.49e-03	0.00e+00	0.00e+00	0.00e+00	0.00e+00	0.00e+00	1.43e-04	7.60e-05	2.55e-05
 2.34411e+16	2.86e-04	3.35e-02	9.65e-01	1.38e-03	0.00e+00	0.00e+00	0.00e+00	0.00e+00	0.00e+00	1.66e-04	8.81e-05	2.96e-05
 2.35221e+16	3.29e-04	3.60e-02	9.62e-01	1.29e-03	0.00e+00	0.00e+00	0.00e+00	0.00e+00	0.00e+00	1.91e-04	1.01e-04	3.40e-05
 2.35922e+16	3.72e-04	3.84e-02	9.60e-01	1.22e-03	0.00e+00	0.00e+00	0.00e+00	0.00e+00	0.00e+00	2.16e-04	1.14e-04	3.84e-05
