#depth	He	He+	He+2
 1.49634e+10	6.68e-23	1.14e-11	1.00e+00
 4.54887e+10	7.43e-23	1.23e-11	1.00e+00
 7.72350e+10	8.24e-23	1.33e-11	1.00e+00
 1.10251e+11	9.14e-23	1.44e-11	1.00e+00
 1.44588e+11	1.02e-22	1.56e-11	1.00e+00
 1.80298e+11	1.13e-22	1.69e-11	1.00e+00
 2.17437e+11	1.25e-22	1.83e-11	1.00e+00
 2.56061e+11	1.39e-22	1.98e-11	1.00e+00
 2.96231e+11	1.55e-22	2.14e-11	1.00e+00
 3.38007e+11	1.73e-22	2.32e-11	1.00e+00
 3.77763e+11	1.91e-22	2.50e-11	1.00e+00
 4.14040e+11	2.09e-22	2.67e-11	1.00e+00
 4.55023e+11	2.31e-22	2.86e-11	1.00e+00
 5.02714e+11	2.58e-22	3.10e-11	1.00e+00
 5.49767e+11	2.87e-22	3.34e-11	1.00e+00
 5.94525e+11	3.17e-22	3.58e-11	1.00e+00
 6.44056e+11	3.52e-22	3.86e-11	1.00e+00
 6.99745e+11	3.96e-22	4.19e-11	1.00e+00
 7.55684e+11	4.44e-22	4.53e-11	1.00e+00
 8.13860e+11	4.98e-22	4.90e-11	1.00e+00
 8.76341e+11	5.62e-22	5.31e-11	1.00e+00
 9.41322e+11	6.35e-22	5.76e-11	1.00e+00
 1.00890e+12	7.18e-22	6.25e-11	1.00e+00
 1.07918e+12	8.13e-22	6.79e-11	1.00e+00
 1.15228e+12	9.21e-22	7.37e-11	1.00e+00
 1.22830e+12	1.05e-21	8.00e-11	1.00e+00
 1.30735e+12	1.19e-21	8.69e-11	1.00e+00
 1.38958e+12	1.35e-21	9.44e-11	1.00e+00
 1.47509e+12	1.54e-21	1.03e-10	1.00e+00
 1.56402e+12	1.75e-21	1.12e-10	1.00e+00
 1.65650e+12	2.00e-21	1.21e-10	1.00e+00
 1.75269e+12	2.29e-21	1.32e-10	1.00e+00
 1.85272e+12	2.61e-21	1.44e-10	1.00e+00
 1.95676e+12	2.99e-21	1.56e-10	1.00e+00
 2.06496e+12	3.42e-21	1.70e-10	1.00e+00
 2.17748e+12	3.92e-21	1.85e-10	1.00e+00
 2.29451e+12	4.49e-21	2.02e-10	1.00e+00
 2.41622e+12	5.15e-21	2.20e-10	1.00e+00
 2.54279e+12	5.91e-21	2.40e-10	1.00e+00
 2.67443e+12	6.79e-21	2.62e-10	1.00e+00
 2.81133e+12	7.79e-21	2.86e-10	1.00e+00
 2.95371e+12	8.95e-21	3.12e-10	1.00e+00
 3.10179e+12	1.03e-20	3.41e-10	1.00e+00
 3.25579e+12	1.18e-20	3.72e-10	1.00e+00
 3.41595e+12	1.36e-20	4.07e-10	1.00e+00
 3.58251e+12	1.56e-20	4.45e-10	1.00e+00
 3.75574e+12	1.80e-20	4.87e-10	1.00e+00
 3.93589e+12	2.07e-20	5.33e-10	1.00e+00
 4.12326e+12	2.39e-20	5.84e-10	1.00e+00
 4.31811e+12	2.75e-20	6.40e-10	1.00e+00
 4.52076e+12	3.17e-20	7.02e-10	1.00e+00
 4.70885e+12	3.61e-20	7.62e-10	1.00e+00
 4.87315e+12	4.01e-20	8.18e-10	1.00e+00
 5.05610e+12	4.49e-20	8.82e-10	1.00e+00
 5.27765e+12	5.13e-20	9.65e-10	1.00e+00
 5.50242e+12	5.84e-20	1.05e-09	1.00e+00
 5.70911e+12	6.55e-20	1.14e-09	1.00e+00
 5.93926e+12	7.41e-20	1.24e-09	1.00e+00
 6.20570e+12	8.51e-20	1.37e-09	1.00e+00
 6.46702e+12	9.70e-20	1.50e-09	1.00e+00
 6.71635e+12	1.09e-19	1.63e-09	1.00e+00
 6.99249e+12	1.25e-19	1.79e-09	1.00e+00
 7.30212e+12	1.44e-19	1.97e-09	1.00e+00
 7.61600e+12	1.65e-19	2.17e-09	1.00e+00
 7.94243e+12	1.91e-19	2.39e-09	1.00e+00
 8.29005e+12	2.21e-19	2.64e-09	1.00e+00
 8.65158e+12	2.58e-19	2.92e-09	1.00e+00
 9.02757e+12	3.01e-19	3.22e-09	1.00e+00
 9.41860e+12	3.54e-19	3.56e-09	1.00e+00
 9.82527e+12	4.16e-19	3.93e-09	1.00e+00
 1.02482e+13	4.92e-19	4.34e-09	1.00e+00
 1.06881e+13	5.82e-19	4.78e-09	1.00e+00
 1.11455e+13	6.91e-19	5.27e-09	1.00e+00
 1.16213e+13	8.22e-19	5.81e-09	1.00e+00
 1.21160e+13	9.79e-19	6.39e-09	1.00e+00
 1.26306e+13	1.17e-18	7.03e-09	1.00e+00
 1.31658e+13	1.39e-18	7.72e-09	1.00e+00
 1.37223e+13	1.66e-18	8.48e-09	1.00e+00
 1.43011e+13	1.98e-18	9.30e-09	1.00e+00
 1.48899e+13	2.35e-18	1.02e-08	1.00e+00
 1.54573e+13	2.75e-18	1.11e-08	1.00e+00
 1.60606e+13	3.24e-18	1.20e-08	1.00e+00
 1.67330e+13	3.85e-18	1.31e-08	1.00e+00
 1.74086e+13	4.55e-18	1.43e-08	1.00e+00
 1.81112e+13	5.38e-18	1.56e-08	1.00e+00
 1.88656e+13	6.38e-18	1.70e-08	1.00e+00
 1.96501e+13	7.57e-18	1.86e-08	1.00e+00
 2.04661e+13	8.96e-18	2.02e-08	1.00e+00
 2.13146e+13	1.06e-17	2.20e-08	1.00e+00
 2.21971e+13	1.26e-17	2.40e-08	1.00e+00
 2.31149e+13	1.48e-17	2.61e-08	1.00e+00
 2.40695e+13	1.75e-17	2.84e-08	1.00e+00
 2.49767e+13	2.04e-17	3.07e-08	1.00e+00
 2.58027e+13	2.33e-17	3.28e-08	1.00e+00
 2.67352e+13	2.69e-17	3.53e-08	1.00e+00
 2.78224e+13	3.16e-17	3.82e-08	1.00e+00
 2.88962e+13	3.68e-17	4.13e-08	1.00e+00
 2.99147e+13	4.23e-17	4.43e-08	1.00e+00
 3.10430e+13	4.92e-17	4.78e-08	1.00e+00
 3.23146e+13	5.78e-17	5.18e-08	1.00e+00
 3.35859e+13	6.74e-17	5.60e-08	1.00e+00
 3.49080e+13	7.87e-17	6.05e-08	1.00e+00
 3.63342e+13	9.23e-17	6.56e-08	1.00e+00
 3.78175e+13	1.08e-16	7.10e-08	1.00e+00
 3.93601e+13	1.27e-16	7.69e-08	1.00e+00
 4.09645e+13	1.49e-16	8.33e-08	1.00e+00
 4.26330e+13	1.74e-16	9.01e-08	1.00e+00
 4.43682e+13	2.04e-16	9.76e-08	1.00e+00
 4.61729e+13	2.39e-16	1.06e-07	1.00e+00
 4.80497e+13	2.79e-16	1.14e-07	1.00e+00
 4.99282e+13	3.25e-16	1.23e-07	1.00e+00
 5.18819e+13	3.78e-16	1.33e-07	1.00e+00
 5.39871e+13	4.42e-16	1.44e-07	1.00e+00
 5.61765e+13	5.16e-16	1.55e-07	1.00e+00
 5.84535e+13	6.04e-16	1.68e-07	1.00e+00
 6.08215e+13	7.05e-16	1.82e-07	1.00e+00
 6.32843e+13	8.24e-16	1.96e-07	1.00e+00
 6.58456e+13	9.63e-16	2.12e-07	1.00e+00
 6.85094e+13	1.13e-15	2.30e-07	1.00e+00
 7.12797e+13	1.31e-15	2.48e-07	1.00e+00
 7.41608e+13	1.54e-15	2.68e-07	1.00e+00
 7.71572e+13	1.80e-15	2.90e-07	1.00e+00
 8.01471e+13	2.09e-15	3.13e-07	1.00e+00
 8.32566e+13	2.42e-15	3.37e-07	1.00e+00
 8.66167e+13	2.83e-15	3.65e-07	1.00e+00
 9.01113e+13	3.31e-15	3.94e-07	1.00e+00
 9.37457e+13	3.87e-15	4.26e-07	1.00e+00
 9.75255e+13	4.52e-15	4.61e-07	1.00e+00
 1.01078e+14	5.21e-15	4.95e-07	1.00e+00
 1.04247e+14	5.89e-15	5.27e-07	1.00e+00
 1.07796e+14	6.73e-15	5.63e-07	1.00e+00
 1.12012e+14	7.84e-15	6.08e-07	1.00e+00
 1.16217e+14	9.09e-15	6.54e-07	1.00e+00
 1.20110e+14	1.04e-14	6.99e-07	1.00e+00
 1.24465e+14	1.20e-14	7.51e-07	1.00e+00
 1.29474e+14	1.40e-14	8.14e-07	1.00e+00
 1.34370e+14	1.63e-14	8.77e-07	1.00e+00
 1.39048e+14	1.87e-14	9.40e-07	1.00e+00
 1.44224e+14	2.17e-14	1.01e-06	1.00e+00
 1.50023e+14	2.54e-14	1.10e-06	1.00e+00
 1.55873e+14	2.97e-14	1.19e-06	1.00e+00
 1.61958e+14	3.48e-14	1.28e-06	1.00e+00
 1.68466e+14	4.09e-14	1.39e-06	1.00e+00
 1.75235e+14	4.80e-14	1.51e-06	1.00e+00
 1.82274e+14	5.65e-14	1.64e-06	1.00e+00
 1.89595e+14	6.66e-14	1.78e-06	1.00e+00
 1.97209e+14	7.84e-14	1.94e-06	1.00e+00
 2.05127e+14	9.24e-14	2.10e-06	1.00e+00
 2.12996e+14	1.08e-13	2.28e-06	1.00e+00
 2.21181e+14	1.27e-13	2.47e-06	1.00e+00
 2.30058e+14	1.50e-13	2.68e-06	1.00e+00
 2.39042e+14	1.76e-13	2.92e-06	1.00e+00
 2.48385e+14	2.08e-13	3.17e-06	1.00e+00
 2.58350e+14	2.46e-13	3.45e-06	1.00e+00
 2.67725e+14	2.86e-13	3.73e-06	1.00e+00
 2.76156e+14	3.27e-13	3.99e-06	1.00e+00
 2.85669e+14	3.79e-13	4.30e-06	1.00e+00
 2.96882e+14	4.48e-13	4.68e-06	1.00e+00
 3.08141e+14	5.28e-13	5.08e-06	1.00e+00
 3.18879e+14	6.14e-13	5.49e-06	1.00e+00
 3.30694e+14	7.20e-13	5.95e-06	1.00e+00
 3.43951e+14	8.58e-13	6.50e-06	1.00e+00
 3.56275e+14	1.00e-12	7.04e-06	1.00e+00
 3.67044e+14	1.14e-12	7.52e-06	1.00e+00
 3.79015e+14	1.32e-12	8.08e-06	1.00e+00
 3.93512e+14	1.56e-12	8.80e-06	1.00e+00
 4.08093e+14	1.83e-12	9.55e-06	1.00e+00
 4.21272e+14	2.10e-12	1.03e-05	1.00e+00
 4.35826e+14	2.44e-12	1.11e-05	1.00e+00
 4.52948e+14	2.89e-12	1.21e-05	1.00e+00
 4.69771e+14	3.40e-12	1.31e-05	1.00e+00
 4.85290e+14	3.92e-12	1.41e-05	1.00e+00
 5.02752e+14	4.57e-12	1.52e-05	1.00e+00
 5.22890e+14	5.42e-12	1.66e-05	1.00e+00
 5.42575e+14	6.36e-12	1.81e-05	1.00e+00
 5.61382e+14	7.38e-12	1.95e-05	1.00e+00
 5.82202e+14	8.63e-12	2.11e-05	1.00e+00
 6.05520e+14	1.02e-11	2.30e-05	1.00e+00
 6.29096e+14	1.20e-11	2.51e-05	1.00e+00
 6.53616e+14	1.42e-11	2.73e-05	1.00e+00
 6.79791e+14	1.68e-11	2.98e-05	1.00e+00
 7.07012e+14	1.98e-11	3.24e-05	1.00e+00
 7.35323e+14	2.34e-11	3.54e-05	1.00e+00
 7.64766e+14	2.76e-11	3.86e-05	1.00e+00
 7.95386e+14	3.25e-11	4.20e-05	1.00e+00
 8.27231e+14	3.83e-11	4.58e-05	1.00e+00
 8.58008e+14	4.46e-11	4.96e-05	1.00e+00
 8.86814e+14	5.11e-11	5.33e-05	1.00e+00
 9.14871e+14	5.83e-11	5.71e-05	1.00e+00
 9.46593e+14	6.71e-11	6.15e-05	1.00e+00
 9.81788e+14	7.81e-11	6.66e-05	1.00e+00
 1.01478e+15	8.94e-11	7.15e-05	1.00e+00
 1.05095e+15	1.03e-10	7.72e-05	1.00e+00
 1.09182e+15	1.21e-10	8.39e-05	1.00e+00
 1.12954e+15	1.39e-10	9.02e-05	1.00e+00
 1.16371e+15	1.56e-10	9.62e-05	1.00e+00
 1.20249e+15	1.78e-10	1.03e-04	1.00e+00
 1.24891e+15	2.08e-10	1.12e-04	1.00e+00
 1.29501e+15	2.40e-10	1.21e-04	1.00e+00
 1.33685e+15	2.73e-10	1.29e-04	1.00e+00
 1.38339e+15	3.13e-10	1.39e-04	1.00e+00
 1.43790e+15	3.65e-10	1.51e-04	1.00e+00
 1.49152e+15	4.22e-10	1.63e-04	1.00e+00
 1.54160e+15	4.80e-10	1.75e-04	1.00e+00
 1.59761e+15	5.53e-10	1.89e-04	1.00e+00
 1.66155e+15	6.47e-10	2.05e-04	1.00e+00
 1.72469e+15	7.48e-10	2.22e-04	1.00e+00
 1.79035e+15	8.66e-10	2.40e-04	1.00e+00
 1.86200e+15	1.01e-09	2.61e-04	1.00e+00
 1.93486e+15	1.17e-09	2.82e-04	1.00e+00
 2.01063e+15	1.36e-09	3.06e-04	1.00e+00
 2.09108e+15	1.59e-09	3.32e-04	1.00e+00
 2.17476e+15	1.85e-09	3.60e-04	1.00e+00
 2.26178e+15	2.16e-09	3.90e-04	1.00e+00
 2.35228e+15	2.52e-09	4.23e-04	1.00e+00
 2.44640e+15	2.93e-09	4.59e-04	1.00e+00
 2.54429e+15	3.42e-09	4.97e-04	1.00e+00
 2.63273e+15	3.90e-09	5.34e-04	9.99e-01
 2.70669e+15	4.34e-09	5.64e-04	9.99e-01
 2.78813e+15	4.88e-09	6.00e-04	9.99e-01
 2.89086e+15	5.63e-09	6.46e-04	9.99e-01
 2.99864e+15	6.48e-09	6.96e-04	9.99e-01
 3.09436e+15	7.33e-09	7.42e-04	9.99e-01
 3.19702e+15	8.33e-09	7.93e-04	9.99e-01
 3.32016e+15	9.65e-09	8.57e-04	9.99e-01
 3.44158e+15	1.11e-08	9.21e-04	9.99e-01
 3.54923e+15	1.25e-08	9.81e-04	9.99e-01
 3.66731e+15	1.42e-08	1.05e-03	9.99e-01
 3.80875e+15	1.65e-08	1.13e-03	9.99e-01
 3.94915e+15	1.90e-08	1.22e-03	9.99e-01
 4.07611e+15	2.15e-08	1.30e-03	9.99e-01
 4.21701e+15	2.46e-08	1.39e-03	9.99e-01
 4.38259e+15	2.87e-08	1.50e-03	9.98e-01
 4.54537e+15	3.31e-08	1.62e-03	9.98e-01
 4.69643e+15	3.77e-08	1.73e-03	9.98e-01
 4.86608e+15	4.34e-08	1.86e-03	9.98e-01
 5.05419e+15	5.05e-08	2.01e-03	9.98e-01
 5.23583e+15	5.80e-08	2.15e-03	9.98e-01
 5.41220e+15	6.63e-08	2.30e-03	9.98e-01
 5.60961e+15	7.65e-08	2.48e-03	9.98e-01
 5.82428e+15	8.90e-08	2.68e-03	9.97e-01
 6.02447e+15	1.02e-07	2.86e-03	9.97e-01
 6.24241e+15	1.18e-07	3.08e-03	9.97e-01
 6.48506e+15	1.37e-07	3.34e-03	9.97e-01
 6.69327e+15	1.55e-07	3.55e-03	9.96e-01
 6.86274e+15	1.72e-07	3.74e-03	9.96e-01
 7.05020e+15	1.92e-07	3.96e-03	9.96e-01
 7.29390e+15	2.21e-07	4.26e-03	9.96e-01
 7.55047e+15	2.54e-07	4.58e-03	9.95e-01
 7.77443e+15	2.87e-07	4.87e-03	9.95e-01
 8.01624e+15	3.26e-07	5.21e-03	9.95e-01
 8.28462e+15	3.74e-07	5.61e-03	9.94e-01
 8.53304e+15	4.23e-07	5.99e-03	9.94e-01
 8.80146e+15	4.84e-07	6.43e-03	9.94e-01
 9.09525e+15	5.57e-07	6.94e-03	9.93e-01
 9.36227e+15	6.30e-07	7.43e-03	9.93e-01
 9.60602e+15	7.06e-07	7.91e-03	9.92e-01
 9.87926e+15	8.03e-07	8.50e-03	9.91e-01
 1.01797e+16	9.20e-07	9.19e-03	9.91e-01
 1.04536e+16	1.04e-06	9.86e-03	9.90e-01
 1.07084e+16	1.17e-06	1.06e-02	9.89e-01
 1.10004e+16	1.33e-06	1.14e-02	9.89e-01
 1.13168e+16	1.54e-06	1.25e-02	9.88e-01
 1.15981e+16	1.75e-06	1.35e-02	9.86e-01
 1.18561e+16	1.97e-06	1.46e-02	9.85e-01
 1.21507e+16	2.27e-06	1.60e-02	9.84e-01
 1.24676e+16	2.65e-06	1.77e-02	9.82e-01
 1.27444e+16	3.03e-06	1.94e-02	9.81e-01
 1.29935e+16	3.44e-06	2.11e-02	9.79e-01
 1.32756e+16	4.02e-06	2.35e-02	9.76e-01
 1.35751e+16	4.76e-06	2.65e-02	9.73e-01
 1.38295e+16	5.52e-06	2.96e-02	9.70e-01
 1.40521e+16	6.35e-06	3.28e-02	9.67e-01
 1.42597e+16	7.29e-06	3.63e-02	9.64e-01
 1.44561e+16	8.35e-06	4.03e-02	9.60e-01
 1.46794e+16	9.94e-06	4.60e-02	9.54e-01
 1.49170e+16	1.20e-05	5.34e-02	9.47e-01
 1.51173e+16	1.44e-05	6.15e-02	9.39e-01
 1.52845e+16	1.69e-05	7.00e-02	9.30e-01
 1.54406e+16	1.99e-05	8.00e-02	9.20e-01
 1.55951e+16	2.35e-05	9.25e-02	9.08e-01
 1.57435e+16	2.84e-05	1.08e-01	8.92e-01
 1.58783e+16	3.42e-05	1.26e-01	8.74e-01
 1.59987e+16	4.11e-05	1.47e-01	8.53e-01
 1.61087e+16	4.92e-05	1.71e-01	8.29e-01
 1.62012e+16	5.80e-05	1.97e-01	8.03e-01
 1.62733e+16	6.65e-05	2.21e-01	7.79e-01
 1.63360e+16	7.52e-05	2.46e-01	7.54e-01
 1.64055e+16	8.71e-05	2.78e-01	7.22e-01
 1.64817e+16	1.03e-04	3.20e-01	6.80e-01
 1.65477e+16	1.19e-04	3.63e-01	6.37e-01
 1.66042e+16	1.35e-04	4.05e-01	5.95e-01
 1.66676e+16	1.56e-04	4.58e-01	5.42e-01
 1.67375e+16	1.82e-04	5.21e-01	4.79e-01
 1.68016e+16	2.07e-04	5.83e-01	4.17e-01
 1.68706e+16	2.37e-04	6.51e-01	3.49e-01
 1.69474e+16	2.70e-04	7.21e-01	2.79e-01
 1.70225e+16	3.01e-04	7.82e-01	2.18e-01
 1.71088e+16	3.32e-04	8.39e-01	1.60e-01
 1.72208e+16	3.66e-04	8.93e-01	1.06e-01
 1.73666e+16	3.99e-04	9.37e-01	6.29e-02
 1.75560e+16	4.29e-04	9.66e-01	3.32e-02
 1.78022e+16	4.59e-04	9.84e-01	1.59e-02
 1.81223e+16	4.91e-04	9.93e-01	6.89e-03
 1.85385e+16	5.31e-04	9.97e-01	2.75e-03
 1.89875e+16	5.76e-04	9.98e-01	1.19e-03
 1.93828e+16	6.19e-04	9.99e-01	6.32e-04
 1.97366e+16	6.62e-04	9.99e-01	3.77e-04
 2.01326e+16	7.18e-04	9.99e-01	2.20e-04
 2.05464e+16	7.85e-04	9.99e-01	1.33e-04
 2.08789e+16	8.46e-04	9.99e-01	9.20e-05
 2.11470e+16	9.03e-04	9.99e-01	6.91e-05
 2.14358e+16	9.75e-04	9.99e-01	5.07e-05
 2.17496e+16	1.07e-03	9.99e-01	3.72e-05
 2.20193e+16	1.16e-03	9.99e-01	2.89e-05
 2.21945e+16	1.22e-03	9.99e-01	2.49e-05
 2.22918e+16	1.27e-03	9.99e-01	2.29e-05
 2.23862e+16	1.31e-03	9.99e-01	2.10e-05
 2.25091e+16	1.37e-03	9.99e-01	1.87e-05
 2.26477e+16	1.44e-03	9.99e-01	1.65e-05
 2.27749e+16	1.52e-03	9.98e-01	1.48e-05
 2.28844e+16	1.59e-03	9.98e-01	1.35e-05
 2.30029e+16	1.67e-03	9.98e-01	1.22e-05
 2.31181e+16	1.76e-03	9.98e-01	1.11e-05
 2.32014e+16	1.84e-03	9.98e-01	1.04e-05
 2.32713e+16	1.90e-03	9.98e-01	9.83e-06
 2.33515e+16	1.98e-03	9.98e-01	9.17e-06
 2.34411e+16	2.08e-03	9.98e-01	8.54e-06
 2.35221e+16	2.17e-03	9.98e-01	8.01e-06
 2.35922e+16	2.26e-03	9.98e-01	7.57e-06
 2.36688e+16	2.37e-03	9.98e-01	7.11e-06
 2.37507e+16	2.50e-03	9.97e-01	6.67e-06
 2.38208e+16	2.61e-03	9.97e-01	6.32e-06
 2.38815e+16	2.72e-03	9.97e-01	6.03e-06
 2.39488e+16	2.85e-03	9.97e-01	5.71e-06
 2.40210e+16	3.01e-03	9.97e-01	5.40e-06
 2.40834e+16	3.16e-03	9.97e-01	5.15e-06
 2.41382e+16	3.30e-03	9.97e-01	4.94e-06
 2.41995e+16	3.47e-03	9.97e-01	4.70e-06
 2.42654e+16	3.67e-03	9.96e-01	4.47e-06
 2.43218e+16	3.86e-03	9.96e-01	4.29e-06
 2.43704e+16	4.05e-03	9.96e-01	4.13e-06
 2.44245e+16	4.27e-03	9.96e-01	3.96e-06
 2.44833e+16	4.53e-03	9.95e-01	3.79e-06
 2.45351e+16	4.79e-03	9.95e-01	3.64e-06
 2.45807e+16	5.04e-03	9.95e-01	3.52e-06
 2.46313e+16	5.35e-03	9.95e-01	3.39e-06
 2.46863e+16	5.72e-03	9.94e-01	3.25e-06
 2.47347e+16	6.09e-03	9.94e-01	3.13e-06
 2.47777e+16	6.46e-03	9.94e-01	3.03e-06
 2.48259e+16	6.92e-03	9.93e-01	2.92e-06
 2.48790e+16	7.50e-03	9.92e-01	2.81e-06
 2.49273e+16	8.11e-03	9.92e-01	2.71e-06
 2.49716e+16	8.75e-03	9.91e-01	2.62e-06
 2.50219e+16	9.59e-03	9.90e-01	2.52e-06
 2.50746e+16	1.06e-02	9.89e-01	2.42e-06
 2.51178e+16	1.17e-02	9.88e-01	2.35e-06
 2.51537e+16	1.26e-02	9.87e-01	2.29e-06
 2.51873e+16	1.37e-02	9.86e-01	2.23e-06
 2.52195e+16	1.49e-02	9.85e-01	2.17e-06
 2.52503e+16	1.62e-02	9.84e-01	2.12e-06
 2.52796e+16	1.77e-02	9.82e-01	2.08e-06
 2.53073e+16	1.92e-02	9.81e-01	2.04e-06
 2.53320e+16	2.08e-02	9.79e-01	2.00e-06
 2.53579e+16	2.28e-02	9.77e-01	1.96e-06
 2.53862e+16	2.53e-02	9.75e-01	1.93e-06
 2.54092e+16	2.77e-02	9.72e-01	1.89e-06
 2.54274e+16	2.98e-02	9.70e-01	1.88e-06
 2.54444e+16	3.22e-02	9.68e-01	1.85e-06
 2.54632e+16	3.51e-02	9.65e-01	1.83e-06
 2.54876e+16	3.94e-02	9.61e-01	1.81e-06
 2.55123e+16	4.47e-02	9.55e-01	1.79e-06
 2.55312e+16	4.98e-02	9.50e-01	1.78e-06
 2.55466e+16	5.43e-02	9.46e-01	1.77e-06
 2.55635e+16	6.03e-02	9.40e-01	1.76e-06
 2.55821e+16	6.77e-02	9.32e-01	1.76e-06
 2.55990e+16	7.58e-02	9.24e-01	1.77e-06
 2.56135e+16	8.38e-02	9.16e-01	1.78e-06
 2.56271e+16	9.27e-02	9.07e-01	1.78e-06
 2.56405e+16	1.02e-01	8.98e-01	1.80e-06
 2.56535e+16	1.13e-01	8.87e-01	1.82e-06
 2.56658e+16	1.25e-01	8.75e-01	1.83e-06
 2.56773e+16	1.37e-01	8.63e-01	1.86e-06
 2.56874e+16	1.48e-01	8.52e-01	1.89e-06
 2.56962e+16	1.60e-01	8.40e-01	1.91e-06
 2.57047e+16	1.72e-01	8.28e-01	1.93e-06
 2.57116e+16	1.82e-01	8.18e-01	1.95e-06
 2.57162e+16	1.89e-01	8.11e-01	1.97e-06
 2.57203e+16	1.97e-01	8.03e-01	1.98e-06
 2.57251e+16	2.05e-01	7.95e-01	1.99e-06
 2.57302e+16	2.15e-01	7.85e-01	2.01e-06
 2.57352e+16	2.24e-01	7.76e-01	2.03e-06
 2.57399e+16	2.33e-01	7.67e-01	2.05e-06
 2.57445e+16	2.43e-01	7.57e-01	2.06e-06
 2.57491e+16	2.53e-01	7.47e-01	2.08e-06
 2.57537e+16	2.64e-01	7.36e-01	2.09e-06
 2.57582e+16	2.75e-01	7.25e-01	2.11e-06
 2.57627e+16	2.86e-01	7.14e-01	2.13e-06
 2.57672e+16	2.98e-01	7.02e-01	2.15e-06
 2.57715e+16	3.09e-01	6.91e-01	2.16e-06
 2.57758e+16	3.21e-01	6.79e-01	2.18e-06
 2.57801e+16	3.34e-01	6.66e-01	2.19e-06
 2.57843e+16	3.46e-01	6.54e-01	2.21e-06
 2.57885e+16	3.59e-01	6.41e-01	2.22e-06
 2.57926e+16	3.72e-01	6.28e-01	2.24e-06
 2.57967e+16	3.85e-01	6.15e-01	2.25e-06
 2.58007e+16	3.99e-01	6.01e-01	2.26e-06
 2.58047e+16	4.13e-01	5.87e-01	2.28e-06
 2.58086e+16	4.26e-01	5.74e-01	2.29e-06
 2.58125e+16	4.40e-01	5.60e-01	2.30e-06
 2.58164e+16	4.54e-01	5.46e-01	2.31e-06
 2.58202e+16	4.69e-01	5.31e-01	2.31e-06
 2.58239e+16	4.82e-01	5.18e-01	2.32e-06
 2.58276e+16	4.97e-01	5.03e-01	2.33e-06
 2.58313e+16	5.11e-01	4.89e-01	2.33e-06
 2.58350e+16	5.25e-01	4.75e-01	2.33e-06
 2.58385e+16	5.39e-01	4.61e-01	2.33e-06
 2.58419e+16	5.53e-01	4.47e-01	2.33e-06
 2.58453e+16	5.66e-01	4.34e-01	2.33e-06
 2.58486e+16	5.79e-01	4.21e-01	2.33e-06
 2.58519e+16	5.92e-01	4.08e-01	2.33e-06
 2.58550e+16	6.04e-01	3.96e-01	2.33e-06
 2.58581e+16	6.17e-01	3.83e-01	2.32e-06
 2.58612e+16	6.29e-01	3.71e-01	2.31e-06
 2.58642e+16	6.41e-01	3.59e-01	2.30e-06
 2.58672e+16	6.53e-01	3.47e-01	2.29e-06
 2.58701e+16	6.64e-01	3.36e-01	2.28e-06
 2.58730e+16	6.75e-01	3.25e-01	2.27e-06
 2.58758e+16	6.86e-01	3.14e-01	2.26e-06
 2.58786e+16	6.96e-01	3.04e-01	2.24e-06
 2.58813e+16	7.07e-01	2.93e-01	2.23e-06
 2.58839e+16	7.16e-01	2.84e-01	2.21e-06
 2.58866e+16	7.26e-01	2.74e-01	2.20e-06
 2.58892e+16	7.35e-01	2.65e-01	2.18e-06
 2.58917e+16	7.44e-01	2.56e-01	2.17e-06
 2.58943e+16	7.53e-01	2.47e-01	2.15e-06
 2.58967e+16	7.61e-01	2.39e-01	2.13e-06
 2.58992e+16	7.70e-01	2.30e-01	2.11e-06
 2.59016e+16	7.78e-01	2.22e-01	2.09e-06
 2.59040e+16	7.85e-01	2.15e-01	2.08e-06
 2.59064e+16	7.92e-01	2.08e-01	2.06e-06
 2.59087e+16	8.00e-01	2.00e-01	2.03e-06
 2.59107e+16	8.06e-01	1.94e-01	2.01e-06
 2.59122e+16	8.10e-01	1.90e-01	2.00e-06
 2.59137e+16	8.15e-01	1.85e-01	1.98e-06
 2.59153e+16	8.20e-01	1.80e-01	1.96e-06
 2.59169e+16	8.24e-01	1.76e-01	1.94e-06
 2.59184e+16	8.28e-01	1.72e-01	1.93e-06
 2.59199e+16	8.32e-01	1.68e-01	1.91e-06
 2.59213e+16	8.36e-01	1.64e-01	1.89e-06
 2.59228e+16	8.40e-01	1.60e-01	1.87e-06
 2.59242e+16	8.44e-01	1.56e-01	1.86e-06
 2.59257e+16	8.48e-01	1.52e-01	1.84e-06
 2.59271e+16	8.52e-01	1.48e-01	1.82e-06
 2.59285e+16	8.55e-01	1.45e-01	1.81e-06
 2.59300e+16	8.59e-01	1.41e-01	1.79e-06
 2.59315e+16	8.62e-01	1.38e-01	1.77e-06
 2.59330e+16	8.66e-01	1.34e-01	1.75e-06
 2.59347e+16	8.70e-01	1.30e-01	1.73e-06
 2.59365e+16	8.74e-01	1.26e-01	1.71e-06
 2.59383e+16	8.78e-01	1.22e-01	1.69e-06
 2.59403e+16	8.82e-01	1.18e-01	1.66e-06
 2.59423e+16	8.86e-01	1.14e-01	1.63e-06
 2.59442e+16	8.90e-01	1.10e-01	1.61e-06
 2.59461e+16	8.94e-01	1.06e-01	1.58e-06
 2.59480e+16	8.98e-01	1.02e-01	1.55e-06
 2.59498e+16	9.01e-01	9.86e-02	1.52e-06
 2.59515e+16	9.05e-01	9.54e-02	1.50e-06
 2.59531e+16	9.08e-01	9.23e-02	1.47e-06
 2.59547e+16	9.11e-01	8.94e-02	1.44e-06
 2.59562e+16	9.13e-01	8.68e-02	1.41e-06
 2.59576e+16	9.16e-01	8.43e-02	1.39e-06
 2.59588e+16	9.18e-01	8.22e-02	1.37e-06
 2.59600e+16	9.20e-01	8.03e-02	1.35e-06
 2.59610e+16	9.21e-01	7.86e-02	1.33e-06
 2.59619e+16	9.23e-01	7.70e-02	1.31e-06
 2.59628e+16	9.24e-01	7.56e-02	1.29e-06
 2.59635e+16	9.26e-01	7.43e-02	1.27e-06
 2.59643e+16	9.27e-01	7.32e-02	1.26e-06
 2.59650e+16	9.28e-01	7.19e-02	1.24e-06
 2.59659e+16	9.29e-01	7.06e-02	1.23e-06
 2.59666e+16	9.31e-01	6.93e-02	1.21e-06
 2.59673e+16	9.32e-01	6.83e-02	1.20e-06
 2.59679e+16	9.33e-01	6.73e-02	1.18e-06
 2.59686e+16	9.34e-01	6.61e-02	1.17e-06
 2.59694e+16	9.35e-01	6.50e-02	1.15e-06
 2.59700e+16	9.36e-01	6.40e-02	1.14e-06
 2.59707e+16	9.37e-01	6.31e-02	1.12e-06
 2.59713e+16	9.38e-01	6.20e-02	1.11e-06
 2.59721e+16	9.39e-01	6.09e-02	1.09e-06
 2.59727e+16	9.40e-01	5.99e-02	1.08e-06
 2.59733e+16	9.41e-01	5.91e-02	1.06e-06
 2.59739e+16	9.42e-01	5.83e-02	1.05e-06
 2.59744e+16	9.42e-01	5.75e-02	1.04e-06
 2.59748e+16	9.43e-01	5.69e-02	1.03e-06
 2.59753e+16	9.44e-01	5.61e-02	1.01e-06
 2.59759e+16	9.45e-01	5.53e-02	1.00e-06
 2.59764e+16	9.45e-01	5.46e-02	9.90e-07
 2.59769e+16	9.46e-01	5.38e-02	9.76e-07
 2.59775e+16	9.47e-01	5.30e-02	9.62e-07
 2.59780e+16	9.48e-01	5.22e-02	9.49e-07
 2.59785e+16	9.48e-01	5.16e-02	9.39e-07
 2.59789e+16	9.49e-01	5.09e-02	9.26e-07
 2.59793e+16	9.50e-01	5.04e-02	9.18e-07
 2.59797e+16	9.50e-01	4.97e-02	9.06e-07
 2.59802e+16	9.51e-01	4.91e-02	8.95e-07
 2.59806e+16	9.52e-01	4.85e-02	8.83e-07
 2.59810e+16	9.52e-01	4.80e-02	8.74e-07
 2.59814e+16	9.53e-01	4.74e-02	8.64e-07
 2.59820e+16	9.53e-01	4.66e-02	8.50e-07
 2.59826e+16	9.54e-01	4.58e-02	8.36e-07
 2.59831e+16	9.55e-01	4.51e-02	8.24e-07
 2.59836e+16	9.56e-01	4.45e-02	8.13e-07
 2.59841e+16	9.56e-01	4.39e-02	8.04e-07
 2.59845e+16	9.57e-01	4.34e-02	7.94e-07
 2.59849e+16	9.57e-01	4.28e-02	7.82e-07
 2.59854e+16	9.58e-01	4.22e-02	7.72e-07
 2.59859e+16	9.58e-01	4.16e-02	7.62e-07
 2.59863e+16	9.59e-01	4.12e-02	7.54e-07
 2.59867e+16	9.59e-01	4.06e-02	7.43e-07
 2.59872e+16	9.60e-01	4.01e-02	7.34e-07
 2.59876e+16	9.60e-01	3.96e-02	7.26e-07
 2.59880e+16	9.61e-01	3.91e-02	7.18e-07
 2.59884e+16	9.61e-01	3.86e-02	7.09e-07
 2.59890e+16	9.62e-01	3.80e-02	6.99e-07
 2.59896e+16	9.63e-01	3.74e-02	6.88e-07
 2.59902e+16	9.63e-01	3.68e-02	6.77e-07
 2.59907e+16	9.64e-01	3.63e-02	6.69e-07
 2.59911e+16	9.64e-01	3.58e-02	6.61e-07
 2.59915e+16	9.65e-01	3.54e-02	6.53e-07
 2.59920e+16	9.65e-01	3.49e-02	6.45e-07
 2.59926e+16	9.66e-01	3.43e-02	6.35e-07
 2.59932e+16	9.66e-01	3.37e-02	6.25e-07
 2.59938e+16	9.67e-01	3.31e-02	6.15e-07
 2.59943e+16	9.67e-01	3.26e-02	6.07e-07
 2.59948e+16	9.68e-01	3.22e-02	5.99e-07
 2.59953e+16	9.68e-01	3.17e-02	5.91e-07
 2.59959e+16	9.69e-01	3.12e-02	5.82e-07
 2.59964e+16	9.69e-01	3.07e-02	5.75e-07
 2.59969e+16	9.70e-01	3.03e-02	5.67e-07
 2.59974e+16	9.70e-01	2.99e-02	5.60e-07
 2.59981e+16	9.71e-01	2.93e-02	5.50e-07
 2.59988e+16	9.71e-01	2.87e-02	5.41e-07
 2.59995e+16	9.72e-01	2.82e-02	5.33e-07
 2.60001e+16	9.72e-01	2.77e-02	5.25e-07
 2.60006e+16	9.73e-01	2.73e-02	5.18e-07
 2.60011e+16	9.73e-01	2.69e-02	5.11e-07
 2.60016e+16	9.73e-01	2.65e-02	5.04e-07
 2.60024e+16	9.74e-01	2.60e-02	4.95e-07
 2.60031e+16	9.75e-01	2.55e-02	4.87e-07
 2.60038e+16	9.75e-01	2.50e-02	4.79e-07
 2.60044e+16	9.75e-01	2.46e-02	4.72e-07
 2.60050e+16	9.76e-01	2.42e-02	4.65e-07
 2.60055e+16	9.76e-01	2.38e-02	4.60e-07
 2.60061e+16	9.77e-01	2.35e-02	4.54e-07
 2.60069e+16	9.77e-01	2.30e-02	4.46e-07
 2.60077e+16	9.78e-01	2.25e-02	4.38e-07
 2.60084e+16	9.78e-01	2.21e-02	4.31e-07
 2.60091e+16	9.78e-01	2.17e-02	4.25e-07
 2.60097e+16	9.79e-01	2.13e-02	4.19e-07
 2.60103e+16	9.79e-01	2.09e-02	4.13e-07
 2.60111e+16	9.79e-01	2.06e-02	4.07e-07
 2.60117e+16	9.80e-01	2.02e-02	4.00e-07
 2.60124e+16	9.80e-01	1.98e-02	3.94e-07
 2.60132e+16	9.81e-01	1.94e-02	3.88e-07
 2.60139e+16	9.81e-01	1.91e-02	3.83e-07
 2.60147e+16	9.81e-01	1.87e-02	3.76e-07
 2.60155e+16	9.82e-01	1.83e-02	3.70e-07
 2.60163e+16	9.82e-01	1.80e-02	3.65e-07
 2.60170e+16	9.82e-01	1.77e-02	3.60e-07
 2.60177e+16	9.83e-01	1.73e-02	3.54e-07
 2.60185e+16	9.83e-01	1.69e-02	3.48e-07
 2.60193e+16	9.83e-01	1.66e-02	3.43e-07
 2.60201e+16	9.84e-01	1.63e-02	3.37e-07
 2.60210e+16	9.84e-01	1.59e-02	3.31e-07
 2.60218e+16	9.84e-01	1.56e-02	3.26e-07
 2.60226e+16	9.85e-01	1.53e-02	3.21e-07
 2.60236e+16	9.85e-01	1.49e-02	3.15e-07
 2.60244e+16	9.85e-01	1.46e-02	3.10e-07
 2.60252e+16	9.86e-01	1.43e-02	3.06e-07
 2.60261e+16	9.86e-01	1.40e-02	3.00e-07
 2.60270e+16	9.86e-01	1.37e-02	2.95e-07
 2.60278e+16	9.87e-01	1.34e-02	2.91e-07
 2.60288e+16	9.87e-01	1.31e-02	2.85e-07
 2.60298e+16	9.87e-01	1.28e-02	2.80e-07
 2.60307e+16	9.87e-01	1.25e-02	2.76e-07
 2.60317e+16	9.88e-01	1.22e-02	2.70e-07
 2.60327e+16	9.88e-01	1.19e-02	2.65e-07
 2.60337e+16	9.88e-01	1.17e-02	2.61e-07
 2.60348e+16	9.89e-01	1.13e-02	2.55e-07
 2.60359e+16	9.89e-01	1.11e-02	2.50e-07
 2.60370e+16	9.89e-01	1.08e-02	2.46e-07
 2.60381e+16	9.90e-01	1.05e-02	2.41e-07
 2.60394e+16	9.90e-01	1.02e-02	2.36e-07
 2.60405e+16	9.90e-01	9.93e-03	2.31e-07
 2.60418e+16	9.90e-01	9.63e-03	2.26e-07
 2.60434e+16	9.91e-01	9.27e-03	2.19e-07
 2.60452e+16	9.91e-01	8.89e-03	2.13e-07
 2.60470e+16	9.91e-01	8.53e-03	2.06e-07
 2.60488e+16	9.92e-01	8.20e-03	2.00e-07
 2.60506e+16	9.92e-01	7.87e-03	1.94e-07
 2.60525e+16	9.92e-01	7.54e-03	1.88e-07
 2.60545e+16	9.93e-01	7.21e-03	1.81e-07
 2.60565e+16	9.93e-01	6.90e-03	1.75e-07
 2.60585e+16	9.93e-01	6.59e-03	1.69e-07
 2.60606e+16	9.94e-01	6.30e-03	1.63e-07
 2.60628e+16	9.94e-01	6.00e-03	1.57e-07
 2.60651e+16	9.94e-01	5.72e-03	1.51e-07
 2.60674e+16	9.95e-01	5.44e-03	1.45e-07
 2.60697e+16	9.95e-01	5.18e-03	1.40e-07
 2.60722e+16	9.95e-01	4.92e-03	1.34e-07
 2.60747e+16	9.95e-01	4.67e-03	1.28e-07
 2.60772e+16	9.96e-01	4.43e-03	1.23e-07
 2.60799e+16	9.96e-01	4.19e-03	1.17e-07
 2.60826e+16	9.96e-01	3.97e-03	1.12e-07
 2.60855e+16	9.96e-01	3.75e-03	1.07e-07
 2.60884e+16	9.96e-01	3.54e-03	1.02e-07
 2.60914e+16	9.97e-01	3.34e-03	9.67e-08
 2.60945e+16	9.97e-01	3.15e-03	9.18e-08
 2.60977e+16	9.97e-01	2.96e-03	8.67e-08
 2.61011e+16	9.97e-01	2.78e-03	8.20e-08
 2.61046e+16	9.97e-01	2.60e-03	7.70e-08
 2.61083e+16	9.98e-01	2.42e-03	7.22e-08
 2.61121e+16	9.98e-01	2.25e-03	6.74e-08
 2.61162e+16	9.98e-01	2.07e-03	6.25e-08
 2.61204e+16	9.98e-01	1.90e-03	5.74e-08
 2.61250e+16	9.98e-01	1.72e-03	5.22e-08
 2.61298e+16	9.98e-01	1.55e-03	4.71e-08
 2.61350e+16	9.99e-01	1.38e-03	4.20e-08
 2.61407e+16	9.99e-01	1.22e-03	3.71e-08
 2.61469e+16	9.99e-01	1.06e-03	3.25e-08
 2.61539e+16	9.99e-01	9.23e-04	2.81e-08
 2.61618e+16	9.99e-01	7.94e-04	2.42e-08
 2.61709e+16	9.99e-01	6.79e-04	2.07e-08
 2.61807e+16	9.99e-01	5.88e-04	1.78e-08
 2.61907e+16	9.99e-01	5.20e-04	1.57e-08
 2.62006e+16	1.00e+00	4.69e-04	1.42e-08
 2.62106e+16	1.00e+00	4.32e-04	1.30e-08
 2.62205e+16	1.00e+00	4.04e-04	1.22e-08
 2.62305e+16	1.00e+00	3.84e-04	1.15e-08
 2.62404e+16	1.00e+00	3.68e-04	1.10e-08
 2.62504e+16	1.00e+00	3.57e-04	1.06e-08
 2.62604e+16	1.00e+00	3.48e-04	1.03e-08
 2.62703e+16	1.00e+00	3.41e-04	1.01e-08
 2.62818e+16	1.00e+00	3.34e-04	9.87e-09
 2.62966e+16	1.00e+00	3.28e-04	9.63e-09
 2.63160e+16	1.00e+00	3.22e-04	9.38e-09
 2.63411e+16	1.00e+00	3.15e-04	9.09e-09
 2.63738e+16	1.00e+00	3.08e-04	8.76e-09
 2.64163e+16	1.00e+00	3.00e-04	8.35e-09
 2.64716e+16	1.00e+00	2.90e-04	7.83e-09
 2.65421e+16	1.00e+00	2.77e-04	7.20e-09
 2.66249e+16	1.00e+00	2.62e-04	6.52e-09
 2.67142e+16	1.00e+00	2.48e-04	5.85e-09
 2.68104e+16	1.00e+00	2.32e-04	5.19e-09
 2.69159e+16	1.00e+00	2.17e-04	4.53e-09
 2.70341e+16	1.00e+00	2.00e-04	3.89e-09
 2.71650e+16	1.00e+00	1.83e-04	3.28e-09
 2.73093e+16	1.00e+00	1.66e-04	2.71e-09
 2.74708e+16	1.00e+00	1.48e-04	2.19e-09
 2.76503e+16	1.00e+00	1.31e-04	1.73e-09
 2.78480e+16	1.00e+00	1.15e-04	1.33e-09
 2.80676e+16	1.00e+00	9.90e-05	9.96e-10
 2.83171e+16	1.00e+00	8.38e-05	7.19e-10
 2.85964e+16	1.00e+00	6.98e-05	5.02e-10
 2.89066e+16	1.00e+00	5.70e-05	3.38e-10
 2.92611e+16	1.00e+00	4.54e-05	2.16e-10
 2.96726e+16	1.00e+00	3.51e-05	1.30e-10
 3.01491e+16	1.00e+00	2.62e-05	7.32e-11
 3.06832e+16	1.00e+00	1.91e-05	3.93e-11
 3.12401e+16	1.00e+00	1.39e-05	2.10e-11
 3.17970e+16	1.00e+00	1.02e-05	1.14e-11
 3.23859e+16	1.00e+00	7.40e-06	6.07e-12
 3.30193e+16	1.00e+00	5.31e-06	3.15e-12
 3.36783e+16	1.00e+00	3.80e-06	1.62e-12
 3.43639e+16	1.00e+00	2.71e-06	8.31e-13
 3.50667e+16	1.00e+00	1.94e-06	4.29e-13
 3.57729e+16	1.00e+00	1.40e-06	2.24e-13
 3.64791e+16	1.00e+00	1.02e-06	1.20e-13
 3.72292e+16	1.00e+00	7.30e-07	6.21e-14
 3.80351e+16	1.00e+00	5.17e-07	3.14e-14
 3.88652e+16	1.00e+00	3.67e-07	1.59e-14
 3.97077e+16	1.00e+00	2.62e-07	8.16e-15
 4.05701e+16	1.00e+00	1.86e-07	4.16e-15
 4.14658e+16	1.00e+00	1.32e-07	2.11e-15
 4.23749e+16	1.00e+00	9.41e-08	1.08e-15
 4.33213e+16	1.00e+00	6.64e-08	5.45e-16
 4.43200e+16	1.00e+00	4.64e-08	2.70e-16
 4.53488e+16	1.00e+00	3.25e-08	1.34e-16
 4.64034e+16	1.00e+00	2.27e-08	6.59e-17
 4.74898e+16	1.00e+00	1.57e-08	3.22e-17
 4.86145e+16	1.00e+00	1.09e-08	1.57e-17
 4.97730e+16	1.00e+00	7.49e-09	7.58e-18
 5.09546e+16	1.00e+00	5.16e-09	3.67e-18
 5.21479e+16	1.00e+00	3.56e-09	1.79e-18
 5.33471e+16	1.00e+00	2.48e-09	8.85e-19
 5.45957e+16	1.00e+00	1.71e-09	4.30e-19
 5.59133e+16	1.00e+00	1.16e-09	2.04e-19
 5.72705e+16	1.00e+00	7.87e-10	9.57e-20
 5.86686e+16	1.00e+00	5.34e-10	4.49e-20
 6.00946e+16	1.00e+00	3.64e-10	2.12e-20
 6.15572e+16	1.00e+00	2.47e-10	9.95e-21
 6.30720e+16	1.00e+00	1.65e-10	0.00e+00
 6.45315e+16	1.00e+00	1.15e-10	0.00e+00
 6.60060e+16	1.00e+00	7.93e-11	0.00e+00
 6.75731e+16	1.00e+00	5.43e-11	0.00e+00
 6.91400e+16	1.00e+00	3.74e-11	0.00e+00
 7.07069e+16	1.00e+00	2.60e-11	0.00e+00
 7.22737e+16	1.00e+00	1.82e-11	0.00e+00
 7.38403e+16	1.00e+00	1.28e-11	0.00e+00
 7.54069e+16	1.00e+00	9.11e-12	0.00e+00
 7.69732e+16	1.00e+00	6.53e-12	0.00e+00
 7.85394e+16	1.00e+00	4.71e-12	0.00e+00
 8.01057e+16	1.00e+00	3.41e-12	0.00e+00
 8.16720e+16	1.00e+00	2.49e-12	0.00e+00
 8.32382e+16	1.00e+00	1.83e-12	0.00e+00
 8.48044e+16	1.00e+00	1.35e-12	0.00e+00
 8.63706e+16	1.00e+00	1.00e-12	0.00e+00
 8.79367e+16	1.00e+00	7.48e-13	0.00e+00
 8.95028e+16	1.00e+00	5.61e-13	0.00e+00
 9.13038e+16	1.00e+00	4.02e-13	0.00e+00
 9.36451e+16	1.00e+00	2.64e-13	0.00e+00
 9.66888e+16	1.00e+00	1.56e-13	0.00e+00
 1.00377e+17	1.00e+00	8.49e-14	0.00e+00
 1.04393e+17	1.00e+00	4.54e-14	0.00e+00
 1.08568e+17	1.00e+00	2.45e-14	0.00e+00
 1.12911e+17	1.00e+00	1.34e-14	0.00e+00
 1.17427e+17	1.00e+00	7.52e-15	0.00e+00
 1.21747e+17	1.00e+00	4.61e-15	0.00e+00
 1.25739e+17	1.00e+00	3.12e-15	0.00e+00
 1.29815e+17	1.00e+00	2.24e-15	0.00e+00
 1.34121e+17	1.00e+00	1.70e-15	0.00e+00
 1.38586e+17	1.00e+00	1.36e-15	0.00e+00
 1.43143e+17	1.00e+00	1.16e-15	0.00e+00
 1.47801e+17	1.00e+00	1.04e-15	0.00e+00
 1.52559e+17	1.00e+00	9.66e-16	0.00e+00
 1.57401e+17	1.00e+00	9.17e-16	0.00e+00
 1.62324e+17	1.00e+00	8.81e-16	0.00e+00
 1.67311e+17	1.00e+00	8.57e-16	0.00e+00
 1.72327e+17	1.00e+00	8.37e-16	0.00e+00
 1.77349e+17	1.00e+00	8.24e-16	0.00e+00
 1.82373e+17	1.00e+00	8.13e-16	0.00e+00
 1.87361e+17	1.00e+00	8.05e-16	0.00e+00
 1.92285e+17	1.00e+00	8.00e-16	0.00e+00
 1.97124e+17	1.00e+00	7.97e-16	0.00e+00
 2.01849e+17	1.00e+00	7.96e-16	0.00e+00
 2.06443e+17	1.00e+00	7.98e-16	0.00e+00
 2.10885e+17	1.00e+00	8.00e-16	0.00e+00
 2.15152e+17	1.00e+00	8.05e-16	0.00e+00
 2.19244e+17	1.00e+00	8.11e-16	0.00e+00
 2.23155e+17	1.00e+00	8.17e-16	0.00e+00
 2.26873e+17	1.00e+00	8.24e-16	0.00e+00
 2.30396e+17	1.00e+00	8.33e-16	0.00e+00
 2.33734e+17	1.00e+00	8.41e-16	0.00e+00
 2.36890e+17	1.00e+00	8.49e-16	0.00e+00
 2.39868e+17	1.00e+00	8.57e-16	0.00e+00
 2.42678e+17	1.00e+00	8.65e-16	0.00e+00
 2.45329e+17	1.00e+00	8.72e-16	0.00e+00
 2.47831e+17	1.00e+00	8.79e-16	0.00e+00
 2.50192e+17	1.00e+00	8.86e-16	0.00e+00
 2.52418e+17	1.00e+00	8.92e-16	0.00e+00
 2.54518e+17	1.00e+00	8.98e-16	0.00e+00
 2.56499e+17	1.00e+00	9.03e-16	0.00e+00
 2.58370e+17	1.00e+00	9.08e-16	0.00e+00
 2.60136e+17	1.00e+00	9.13e-16	0.00e+00
 2.61806e+17	1.00e+00	9.17e-16	0.00e+00
 2.63384e+17	1.00e+00	9.21e-16	0.00e+00
 2.64876e+17	1.00e+00	9.25e-16	0.00e+00
 2.66288e+17	1.00e+00	9.28e-16	0.00e+00
 2.67624e+17	1.00e+00	9.32e-16	0.00e+00
 2.68889e+17	1.00e+00	9.34e-16	0.00e+00
 2.70087e+17	1.00e+00	9.37e-16	0.00e+00
 2.71224e+17	1.00e+00	9.39e-16	0.00e+00
 2.72301e+17	1.00e+00	9.42e-16	0.00e+00
 2.73323e+17	1.00e+00	9.44e-16	0.00e+00
 2.74293e+17	1.00e+00	9.46e-16	0.00e+00
 2.75215e+17	1.00e+00	9.48e-16	0.00e+00
 2.76091e+17	1.00e+00	9.49e-16	0.00e+00
 2.76924e+17	1.00e+00	9.51e-16	0.00e+00
 2.77716e+17	1.00e+00	9.52e-16	0.00e+00
 2.78470e+17	1.00e+00	9.53e-16	0.00e+00
 2.79188e+17	1.00e+00	9.55e-16	0.00e+00
 2.79872e+17	1.00e+00	9.56e-16	0.00e+00
 2.80525e+17	1.00e+00	9.57e-16	0.00e+00
 2.81149e+17	1.00e+00	9.58e-16	0.00e+00
 2.81744e+17	1.00e+00	9.58e-16	0.00e+00
 2.82314e+17	1.00e+00	9.59e-16	0.00e+00
 2.82859e+17	1.00e+00	9.60e-16	0.00e+00
 2.83381e+17	1.00e+00	9.61e-16	0.00e+00
 2.83882e+17	1.00e+00	9.61e-16	0.00e+00
 2.84363e+17	1.00e+00	9.62e-16	0.00e+00
 2.84825e+17	1.00e+00	9.62e-16	0.00e+00
 2.85271e+17	1.00e+00	9.63e-16	0.00e+00
 2.85701e+17	1.00e+00	9.63e-16	0.00e+00
 2.86117e+17	1.00e+00	9.63e-16	0.00e+00
 2.86519e+17	1.00e+00	9.64e-16	0.00e+00
 2.86910e+17	1.00e+00	9.64e-16	0.00e+00
 2.87290e+17	1.00e+00	9.64e-16	0.00e+00
 2.87661e+17	1.00e+00	9.64e-16	0.00e+00
 2.88024e+17	1.00e+00	9.64e-16	0.00e+00
 2.88381e+17	1.00e+00	9.64e-16	0.00e+00
 2.88733e+17	1.00e+00	9.64e-16	0.00e+00
 2.89081e+17	1.00e+00	9.64e-16	0.00e+00
 2.89427e+17	1.00e+00	9.64e-16	0.00e+00
 2.89773e+17	1.00e+00	9.64e-16	0.00e+00
 2.90122e+17	1.00e+00	9.64e-16	0.00e+00
 2.90474e+17	1.00e+00	9.63e-16	0.00e+00
 2.90834e+17	1.00e+00	9.63e-16	0.00e+00
 2.91205e+17	1.00e+00	9.62e-16	0.00e+00
 2.91590e+17	1.00e+00	9.62e-16	0.00e+00
 2.91995e+17	1.00e+00	9.61e-16	0.00e+00
 2.92426e+17	1.00e+00	9.60e-16	0.00e+00
 2.92891e+17	1.00e+00	9.58e-16	0.00e+00
 2.93402e+17	1.00e+00	9.56e-16	0.00e+00
 2.93973e+17	1.00e+00	9.54e-16	0.00e+00
 2.94627e+17	1.00e+00	9.50e-16	0.00e+00
 2.95392e+17	1.00e+00	9.45e-16	0.00e+00
 2.96315e+17	1.00e+00	9.38e-16	0.00e+00
 2.97462e+17	1.00e+00	9.28e-16	0.00e+00
 2.98934e+17	1.00e+00	9.11e-16	0.00e+00
 3.00847e+17	1.00e+00	8.86e-16	0.00e+00
 3.03335e+17	1.00e+00	8.47e-16	0.00e+00
 3.06569e+17	1.00e+00	7.93e-16	0.00e+00
 3.10773e+17	1.00e+00	7.20e-16	0.00e+00
 3.16238e+17	1.00e+00	6.30e-16	0.00e+00
 3.23342e+17	1.00e+00	5.23e-16	0.00e+00
 3.32578e+17	1.00e+00	4.06e-16	0.00e+00
 3.44555e+17	1.00e+00	2.88e-16	0.00e+00
 3.58337e+17	1.00e+00	1.81e-16	0.00e+00
 3.72671e+17	1.00e+00	1.53e-16	0.00e+00
 3.87577e+17	1.00e+00	1.31e-16	0.00e+00
 4.02715e+17	1.00e+00	1.11e-16	0.00e+00
 4.17268e+17	1.00e+00	1.02e-16	0.00e+00
 4.30604e+17	1.00e+00	1.05e-16	0.00e+00
 4.42746e+17	1.00e+00	1.13e-16	0.00e+00
 4.54105e+17	1.00e+00	1.16e-16	0.00e+00
 4.64846e+17	1.00e+00	1.12e-16	0.00e+00
 4.74785e+17	1.00e+00	1.08e-16	0.00e+00
 4.83737e+17	1.00e+00	1.07e-16	0.00e+00
 4.91700e+17	1.00e+00	1.06e-16	0.00e+00
 4.98842e+17	1.00e+00	1.04e-16	0.00e+00
 5.05318e+17	1.00e+00	9.97e-17	0.00e+00
 5.10655e+17	1.00e+00	9.43e-17	0.00e+00
 5.14290e+17	1.00e+00	9.54e-17	0.00e+00
 5.16489e+17	1.00e+00	9.91e-17	0.00e+00
 5.17805e+17	1.00e+00	1.02e-16	0.00e+00
 5.18595e+17	1.00e+00	1.03e-16	0.00e+00
 5.19075e+17	1.00e+00	1.04e-16	0.00e+00
 5.19440e+17	1.00e+00	1.05e-16	0.00e+00
 5.19829e+17	1.00e+00	1.05e-16	0.00e+00
 5.20244e+17	1.00e+00	1.06e-16	0.00e+00
 5.20631e+17	1.00e+00	1.06e-16	0.00e+00
 5.20963e+17	1.00e+00	1.06e-16	0.00e+00
 5.21281e+17	1.00e+00	1.06e-16	0.00e+00
 5.21603e+17	1.00e+00	1.06e-16	0.00e+00
 5.21889e+17	1.00e+00	1.06e-16	0.00e+00
 5.22134e+17	1.00e+00	1.05e-16	0.00e+00
 5.22373e+17	1.00e+00	1.05e-16	0.00e+00
 5.22627e+17	1.00e+00	1.05e-16	0.00e+00
 5.22872e+17	1.00e+00	1.05e-16	0.00e+00
 5.23089e+17	1.00e+00	1.04e-16	0.00e+00
 5.23284e+17	1.00e+00	1.04e-16	0.00e+00
 5.23472e+17	1.00e+00	1.04e-16	0.00e+00
 5.23670e+17	1.00e+00	1.04e-16	0.00e+00
 5.23859e+17	1.00e+00	1.03e-16	0.00e+00
 5.24026e+17	1.00e+00	1.03e-16	0.00e+00
 5.24187e+17	1.00e+00	1.03e-16	0.00e+00
 5.24349e+17	1.00e+00	1.03e-16	0.00e+00
 5.24509e+17	1.00e+00	1.02e-16	0.00e+00
 5.24662e+17	1.00e+00	1.02e-16	0.00e+00
 5.24809e+17	1.00e+00	1.02e-16	0.00e+00
 5.24953e+17	1.00e+00	1.02e-16	0.00e+00
 5.25094e+17	1.00e+00	1.02e-16	0.00e+00
 5.25231e+17	1.00e+00	1.02e-16	0.00e+00
 5.25367e+17	1.00e+00	1.02e-16	0.00e+00
 5.25503e+17	1.00e+00	1.02e-16	0.00e+00
 5.25638e+17	1.00e+00	1.01e-16	0.00e+00
 5.25770e+17	1.00e+00	1.02e-16	0.00e+00
 5.25902e+17	1.00e+00	1.02e-16	0.00e+00
 5.26034e+17	1.00e+00	1.01e-16	0.00e+00
 5.26167e+17	1.00e+00	1.00e-16	0.00e+00
 5.26300e+17	1.00e+00	1.00e-16	0.00e+00
 5.26429e+17	1.00e+00	9.96e-17	0.00e+00
 5.26560e+17	1.00e+00	1.01e-16	0.00e+00
 5.26697e+17	1.00e+00	9.83e-17	0.00e+00
 5.26838e+17	1.00e+00	9.74e-17	0.00e+00
 5.26979e+17	1.00e+00	9.67e-17	0.00e+00
 5.27121e+17	1.00e+00	9.63e-17	0.00e+00
 5.27262e+17	1.00e+00	9.57e-17	0.00e+00
 5.27405e+17	1.00e+00	9.53e-17	0.00e+00
 5.27548e+17	1.00e+00	9.45e-17	0.00e+00
 5.27706e+17	1.00e+00	9.43e-17	0.00e+00
 5.27879e+17	1.00e+00	9.26e-17	0.00e+00
 5.28044e+17	1.00e+00	9.20e-17	0.00e+00
 5.28194e+17	1.00e+00	9.16e-17	0.00e+00
 5.28350e+17	1.00e+00	9.18e-17	0.00e+00
 5.28529e+17	1.00e+00	9.02e-17	0.00e+00
 5.28712e+17	1.00e+00	8.94e-17	0.00e+00
 5.28885e+17	1.00e+00	8.88e-17	0.00e+00
 5.29061e+17	1.00e+00	8.81e-17	0.00e+00
 5.29251e+17	1.00e+00	8.73e-17	0.00e+00
 5.29448e+17	1.00e+00	8.65e-17	0.00e+00
 5.29640e+17	1.00e+00	8.45e-17	0.00e+00
 5.29833e+17	1.00e+00	8.37e-17	0.00e+00
 5.30040e+17	1.00e+00	8.29e-17	0.00e+00
 5.30256e+17	1.00e+00	8.20e-17	0.00e+00
 5.30469e+17	1.00e+00	8.11e-17	0.00e+00
 5.30686e+17	1.00e+00	8.02e-17	0.00e+00
 5.30916e+17	1.00e+00	7.93e-17	0.00e+00
 5.31153e+17	1.00e+00	7.83e-17	0.00e+00
 5.31389e+17	1.00e+00	7.73e-17	0.00e+00
 5.31629e+17	1.00e+00	7.62e-17	0.00e+00
 5.31879e+17	1.00e+00	7.52e-17	0.00e+00
 5.32141e+17	1.00e+00	7.41e-17	0.00e+00
 5.32411e+17	1.00e+00	7.29e-17	0.00e+00
 5.32682e+17	1.00e+00	7.18e-17	0.00e+00
 5.32956e+17	1.00e+00	7.06e-17	0.00e+00
 5.33246e+17	1.00e+00	6.94e-17	0.00e+00
 5.33545e+17	1.00e+00	6.81e-17	0.00e+00
 5.33837e+17	1.00e+00	6.68e-17	0.00e+00
 5.34132e+17	1.00e+00	6.56e-17	0.00e+00
 5.34453e+17	1.00e+00	6.42e-17	0.00e+00
 5.34794e+17	1.00e+00	6.28e-17	0.00e+00
 5.35128e+17	1.00e+00	6.13e-17	0.00e+00
 5.35451e+17	1.00e+00	5.99e-17	0.00e+00
 5.35783e+17	1.00e+00	5.85e-17	0.00e+00
 5.36139e+17	1.00e+00	5.71e-17	0.00e+00
 5.36506e+17	1.00e+00	5.56e-17	0.00e+00
 5.36875e+17	1.00e+00	5.41e-17	0.00e+00
 5.37250e+17	1.00e+00	5.25e-17	0.00e+00
 5.37632e+17	1.00e+00	5.10e-17	0.00e+00
 5.38022e+17	1.00e+00	4.94e-17	0.00e+00
 5.38426e+17	1.00e+00	4.78e-17	0.00e+00
 5.38839e+17	1.00e+00	4.62e-17	0.00e+00
 5.39257e+17	1.00e+00	4.46e-17	0.00e+00
 5.39678e+17	1.00e+00	4.30e-17	0.00e+00
 5.40107e+17	1.00e+00	4.15e-17	0.00e+00
 5.40554e+17	1.00e+00	3.98e-17	0.00e+00
 5.41010e+17	1.00e+00	3.82e-17	0.00e+00
 5.41483e+17	1.00e+00	3.66e-17	0.00e+00
 5.41969e+17	1.00e+00	3.49e-17	0.00e+00
 5.42443e+17	1.00e+00	3.33e-17	0.00e+00
 5.42915e+17	1.00e+00	3.19e-17	0.00e+00
 5.43432e+17	1.00e+00	3.03e-17	0.00e+00
 5.43980e+17	1.00e+00	2.86e-17	0.00e+00
 5.44518e+17	1.00e+00	2.71e-17	0.00e+00
 5.45064e+17	1.00e+00	2.55e-17	0.00e+00
 5.45604e+17	1.00e+00	2.40e-17	0.00e+00
 5.46168e+17	1.00e+00	2.26e-17	0.00e+00
 5.46788e+17	1.00e+00	2.11e-17	0.00e+00
 5.47410e+17	1.00e+00	1.96e-17	0.00e+00
 5.48037e+17	1.00e+00	1.82e-17	0.00e+00
 5.48671e+17	1.00e+00	1.69e-17	0.00e+00
 5.49257e+17	1.00e+00	1.57e-17	0.00e+00
 5.49772e+17	1.00e+00	1.46e-17	0.00e+00
 5.50235e+17	1.00e+00	1.38e-17	0.00e+00
 5.50675e+17	1.00e+00	1.30e-17	0.00e+00
 5.51104e+17	1.00e+00	1.23e-17	0.00e+00
 5.51518e+17	1.00e+00	1.16e-17	0.00e+00
 5.51910e+17	1.00e+00	1.09e-17	0.00e+00
 5.52280e+17	1.00e+00	1.04e-17	0.00e+00
 5.52634e+17	1.00e+00	9.87e-18	0.00e+00
 5.52976e+17	1.00e+00	9.40e-18	0.00e+00
 5.53305e+17	1.00e+00	8.97e-18	0.00e+00
 5.53621e+17	1.00e+00	8.56e-18	0.00e+00
 5.53925e+17	1.00e+00	8.17e-18	0.00e+00
 5.54216e+17	1.00e+00	7.82e-18	0.00e+00
 5.54498e+17	1.00e+00	7.49e-18	0.00e+00
 5.54770e+17	1.00e+00	7.16e-18	0.00e+00
 5.55030e+17	1.00e+00	6.87e-18	0.00e+00
 5.55281e+17	1.00e+00	6.60e-18	0.00e+00
 5.55524e+17	1.00e+00	6.34e-18	0.00e+00
 5.55761e+17	1.00e+00	6.09e-18	0.00e+00
 5.55990e+17	1.00e+00	5.86e-18	0.00e+00
 5.56213e+17	1.00e+00	5.63e-18	0.00e+00
 5.56426e+17	1.00e+00	5.42e-18	0.00e+00
 5.56631e+17	1.00e+00	5.23e-18	0.00e+00
 5.56833e+17	1.00e+00	5.05e-18	0.00e+00
 5.57032e+17	1.00e+00	4.87e-18	0.00e+00
 5.57226e+17	1.00e+00	4.71e-18	0.00e+00
 5.57414e+17	1.00e+00	4.55e-18	0.00e+00
 5.57597e+17	1.00e+00	4.40e-18	0.00e+00
 5.57777e+17	1.00e+00	4.25e-18	0.00e+00
 5.57953e+17	1.00e+00	4.11e-18	0.00e+00
 5.58155e+17	1.00e+00	3.92e-18	0.00e+00
 5.58417e+17	1.00e+00	3.76e-18	0.00e+00
 5.58757e+17	1.00e+00	3.55e-18	0.00e+00
 5.59200e+17	1.00e+00	3.30e-18	0.00e+00
 5.59775e+17	1.00e+00	2.99e-18	0.00e+00
 5.60520e+17	1.00e+00	2.63e-18	0.00e+00
 5.61352e+17	1.00e+00	2.23e-18	0.00e+00
 5.62093e+17	1.00e+00	1.89e-18	0.00e+00
 5.62691e+17	1.00e+00	1.65e-18	0.00e+00
 5.63218e+17	1.00e+00	1.48e-18	0.00e+00
 5.63757e+17	1.00e+00	1.33e-18	0.00e+00
 5.64331e+17	1.00e+00	1.19e-18	0.00e+00
 5.64918e+17	1.00e+00	1.05e-18	0.00e+00
 5.65494e+17	1.00e+00	9.33e-19	0.00e+00
 5.66057e+17	1.00e+00	8.30e-19	0.00e+00
