#depth	O	O+	O+2	O+3	O+4	O+5	O+6	O+7	O+8	O[1]	O[2]	O[3]
 1.49634e+10	0.00e+00	0.00e+00	1.21e-30	2.77e-21	3.04e-13	7.49e-07	1.00e+00	0.00e+00	0.00e+00	0.00e+00	0.00e+00	0.00e+00
 4.54887e+10	0.00e+00	4.26e-41	1.65e-30	3.51e-21	3.56e-13	8.11e-07	1.00e+00	1.80e-20	0.00e+00	0.00e+00	0.00e+00	0.00e+00
 7.72350e+10	0.00e+00	0.00e+00	2.27e-30	4.45e-21	4.17e-13	8.77e-07	1.00e+00	0.00e+00	0.00e+00	0.00e+00	0.00e+00	0.00e+00
 1.10251e+11	0.00e+00	9.34e-41	3.10e-30	5.63e-21	4.89e-13	9.50e-07	1.00e+00	0.00e+00	0.00e+00	0.00e+00	0.00e+00	0.00e+00
 1.44588e+11	0.00e+00	0.00e+00	4.25e-30	7.13e-21	5.72e-13	1.03e-06	1.00e+00	0.00e+00	0.00e+00	0.00e+00	0.00e+00	0.00e+00
 1.80298e+11	0.00e+00	2.05e-40	5.81e-30	9.03e-21	6.70e-13	1.11e-06	1.00e+00	0.00e+00	0.00e+00	0.00e+00	0.00e+00	0.00e+00
 2.17437e+11	0.00e+00	0.00e+00	7.96e-30	1.14e-20	7.85e-13	1.20e-06	1.00e+00	0.00e+00	0.00e+00	0.00e+00	0.00e+00	0.00e+00
 2.56061e+11	0.00e+00	4.48e-40	1.09e-29	1.45e-20	9.19e-13	1.30e-06	1.00e+00	0.00e+00	0.00e+00	0.00e+00	0.00e+00	0.00e+00
 2.96231e+11	0.00e+00	0.00e+00	1.49e-29	1.83e-20	1.08e-12	1.41e-06	1.00e+00	0.00e+00	0.00e+00	0.00e+00	0.00e+00	0.00e+00
 3.35346e+11	0.00e+00	9.59e-40	2.00e-29	2.29e-20	1.25e-12	1.52e-06	1.00e+00	0.00e+00	0.00e+00	0.00e+00	0.00e+00	0.00e+00
 3.72457e+11	0.00e+00	0.00e+00	2.62e-29	2.80e-20	1.43e-12	1.63e-06	1.00e+00	0.00e+00	0.00e+00	0.00e+00	0.00e+00	0.00e+00
 4.13714e+11	0.00e+00	1.93e-39	3.51e-29	3.49e-20	1.66e-12	1.75e-06	1.00e+00	0.00e+00	0.00e+00	0.00e+00	0.00e+00	0.00e+00
 4.60189e+11	0.00e+00	0.00e+00	4.80e-29	4.42e-20	1.94e-12	1.90e-06	1.00e+00	0.00e+00	0.00e+00	0.00e+00	0.00e+00	0.00e+00
 5.06813e+11	0.00e+00	4.16e-39	6.51e-29	5.55e-20	2.26e-12	2.05e-06	1.00e+00	0.00e+00	0.00e+00	0.00e+00	0.00e+00	0.00e+00
 5.55303e+11	0.00e+00	0.00e+00	8.82e-29	6.99e-20	2.64e-12	2.22e-06	1.00e+00	0.00e+00	0.00e+00	0.00e+00	0.00e+00	0.00e+00
 6.07442e+11	0.00e+00	9.00e-39	1.21e-28	8.86e-20	3.10e-12	2.40e-06	1.00e+00	0.00e+00	0.00e+00	0.00e+00	0.00e+00	0.00e+00
 6.61666e+11	0.00e+00	0.00e+00	1.65e-28	1.12e-19	3.63e-12	2.60e-06	1.00e+00	0.00e+00	0.00e+00	0.00e+00	0.00e+00	0.00e+00
 7.18060e+11	0.00e+00	1.97e-38	2.27e-28	1.42e-19	4.26e-12	2.82e-06	1.00e+00	0.00e+00	0.00e+00	0.00e+00	0.00e+00	0.00e+00
 7.76709e+11	0.00e+00	0.00e+00	3.11e-28	1.81e-19	5.01e-12	3.06e-06	1.00e+00	0.00e+00	0.00e+00	0.00e+00	0.00e+00	0.00e+00
 8.37704e+11	0.00e+00	4.31e-38	4.26e-28	2.29e-19	5.88e-12	3.32e-06	1.00e+00	0.00e+00	0.00e+00	0.00e+00	0.00e+00	0.00e+00
 9.01139e+11	0.00e+00	0.00e+00	5.83e-28	2.91e-19	6.91e-12	3.60e-06	1.00e+00	0.00e+00	0.00e+00	0.00e+00	0.00e+00	0.00e+00
 9.67111e+11	0.00e+00	9.44e-38	7.99e-28	3.69e-19	8.12e-12	3.91e-06	1.00e+00	0.00e+00	0.00e+00	0.00e+00	0.00e+00	0.00e+00
 1.03572e+12	0.00e+00	0.00e+00	1.10e-27	4.69e-19	9.55e-12	4.24e-06	1.00e+00	0.00e+00	0.00e+00	0.00e+00	0.00e+00	0.00e+00
 1.10708e+12	0.00e+00	2.06e-37	1.50e-27	5.96e-19	1.12e-11	4.61e-06	1.00e+00	0.00e+00	0.00e+00	0.00e+00	0.00e+00	0.00e+00
 1.18129e+12	0.00e+00	0.00e+00	2.06e-27	7.57e-19	1.32e-11	5.01e-06	1.00e+00	0.00e+00	0.00e+00	0.00e+00	0.00e+00	0.00e+00
 1.25847e+12	0.00e+00	4.50e-37	2.82e-27	9.63e-19	1.56e-11	5.45e-06	1.00e+00	0.00e+00	0.00e+00	0.00e+00	0.00e+00	0.00e+00
 1.33873e+12	0.00e+00	0.00e+00	3.87e-27	1.22e-18	1.84e-11	5.92e-06	1.00e+00	0.00e+00	0.00e+00	0.00e+00	0.00e+00	0.00e+00
 1.42221e+12	0.00e+00	9.81e-37	5.30e-27	1.56e-18	2.16e-11	6.45e-06	1.00e+00	0.00e+00	0.00e+00	0.00e+00	0.00e+00	0.00e+00
 1.50902e+12	0.00e+00	0.00e+00	7.26e-27	1.98e-18	2.56e-11	7.02e-06	1.00e+00	0.00e+00	0.00e+00	0.00e+00	0.00e+00	0.00e+00
 1.59931e+12	0.00e+00	2.13e-36	9.95e-27	2.52e-18	3.02e-11	7.66e-06	1.00e+00	0.00e+00	0.00e+00	0.00e+00	0.00e+00	0.00e+00
 1.69321e+12	6.61e-47	3.14e-36	1.36e-26	3.22e-18	3.57e-11	8.35e-06	1.00e+00	0.00e+00	0.00e+00	0.00e+00	0.00e+00	0.00e+00
 1.79086e+12	0.00e+00	0.00e+00	1.87e-26	4.10e-18	4.22e-11	9.11e-06	1.00e+00	0.00e+00	0.00e+00	0.00e+00	0.00e+00	0.00e+00
 1.89243e+12	0.00e+00	6.78e-36	2.55e-26	5.22e-18	5.00e-11	9.95e-06	1.00e+00	0.00e+00	0.00e+00	0.00e+00	0.00e+00	0.00e+00
 1.99805e+12	2.61e-46	9.93e-36	3.49e-26	6.66e-18	5.93e-11	1.09e-05	1.00e+00	0.00e+00	0.00e+00	0.00e+00	0.00e+00	0.00e+00
 2.10790e+12	0.00e+00	0.00e+00	4.77e-26	8.49e-18	7.03e-11	1.19e-05	1.00e+00	0.00e+00	0.00e+00	0.00e+00	0.00e+00	0.00e+00
 2.22214e+12	0.00e+00	2.12e-35	6.52e-26	1.08e-17	8.35e-11	1.30e-05	1.00e+00	0.00e+00	0.00e+00	0.00e+00	0.00e+00	0.00e+00
 2.34095e+12	1.00e-45	3.09e-35	8.89e-26	1.38e-17	9.92e-11	1.43e-05	1.00e+00	0.00e+00	0.00e+00	0.00e+00	0.00e+00	0.00e+00
 2.46452e+12	0.00e+00	4.49e-35	1.21e-25	1.76e-17	1.18e-10	1.57e-05	1.00e+00	0.00e+00	0.00e+00	0.00e+00	0.00e+00	0.00e+00
 2.59303e+12	2.42e-45	6.49e-35	1.65e-25	2.25e-17	1.40e-10	1.72e-05	1.00e+00	0.00e+00	0.00e+00	0.00e+00	0.00e+00	0.00e+00
 2.72667e+12	0.00e+00	9.37e-35	2.24e-25	2.86e-17	1.67e-10	1.89e-05	1.00e+00	0.00e+00	0.00e+00	0.00e+00	0.00e+00	0.00e+00
 2.86567e+12	5.73e-45	1.35e-34	3.03e-25	3.65e-17	1.99e-10	2.08e-05	1.00e+00	0.00e+00	0.00e+00	0.00e+00	0.00e+00	0.00e+00
 3.01022e+12	0.00e+00	1.93e-34	4.10e-25	4.64e-17	2.37e-10	2.29e-05	1.00e+00	0.00e+00	0.00e+00	0.00e+00	0.00e+00	0.00e+00
 3.16056e+12	1.33e-44	2.76e-34	5.53e-25	5.91e-17	2.82e-10	2.52e-05	1.00e+00	0.00e+00	0.00e+00	0.00e+00	0.00e+00	0.00e+00
 3.31691e+12	0.00e+00	3.92e-34	7.45e-25	7.51e-17	3.35e-10	2.77e-05	1.00e+00	0.00e+00	0.00e+00	0.00e+00	0.00e+00	0.00e+00
 3.47951e+12	3.03e-44	5.57e-34	1.00e-24	9.54e-17	3.99e-10	3.05e-05	1.00e+00	0.00e+00	0.00e+00	0.00e+00	0.00e+00	0.00e+00
 3.64862e+12	0.00e+00	7.87e-34	1.34e-24	1.21e-16	4.74e-10	3.36e-05	1.00e+00	0.00e+00	0.00e+00	0.00e+00	0.00e+00	0.00e+00
 3.82449e+12	6.77e-44	1.11e-33	1.80e-24	1.54e-16	5.63e-10	3.70e-05	1.00e+00	0.00e+00	0.00e+00	0.00e+00	0.00e+00	0.00e+00
 4.00739e+12	0.00e+00	1.56e-33	2.41e-24	1.95e-16	6.69e-10	4.07e-05	1.00e+00	0.00e+00	0.00e+00	0.00e+00	0.00e+00	0.00e+00
 4.19762e+12	1.49e-43	2.19e-33	3.21e-24	2.46e-16	7.93e-10	4.48e-05	1.00e+00	0.00e+00	0.00e+00	0.00e+00	0.00e+00	0.00e+00
 4.39545e+12	0.00e+00	3.06e-33	4.29e-24	3.12e-16	9.40e-10	4.93e-05	1.00e+00	0.00e+00	0.00e+00	0.00e+00	0.00e+00	0.00e+00
 4.60119e+12	3.25e-43	4.28e-33	5.71e-24	3.94e-16	1.11e-09	5.42e-05	1.00e+00	0.00e+00	0.00e+00	0.00e+00	0.00e+00	0.00e+00
 4.81517e+12	0.00e+00	5.98e-33	7.61e-24	4.98e-16	1.32e-09	5.96e-05	1.00e+00	0.00e+00	0.00e+00	0.00e+00	0.00e+00	0.00e+00
 5.03770e+12	7.06e-43	8.36e-33	1.01e-23	6.29e-16	1.56e-09	6.55e-05	1.00e+00	0.00e+00	0.00e+00	0.00e+00	0.00e+00	0.00e+00
 5.26914e+12	0.00e+00	1.17e-32	1.35e-23	7.94e-16	1.84e-09	7.20e-05	1.00e+00	0.00e+00	0.00e+00	0.00e+00	0.00e+00	0.00e+00
 5.50983e+12	1.53e-42	1.63e-32	1.79e-23	1.00e-15	2.17e-09	7.90e-05	1.00e+00	0.00e+00	0.00e+00	0.00e+00	0.00e+00	0.00e+00
 5.76015e+12	0.00e+00	2.28e-32	2.39e-23	1.26e-15	2.56e-09	8.67e-05	1.00e+00	0.00e+00	0.00e+00	0.00e+00	0.00e+00	0.00e+00
 6.02048e+12	3.31e-42	3.18e-32	3.18e-23	1.60e-15	3.01e-09	9.51e-05	1.00e+00	0.00e+00	0.00e+00	0.00e+00	0.00e+00	0.00e+00
 6.29123e+12	0.00e+00	4.46e-32	4.24e-23	2.01e-15	3.55e-09	1.04e-04	1.00e+00	0.00e+00	0.00e+00	0.00e+00	0.00e+00	0.00e+00
 6.55977e+12	7.10e-42	6.15e-32	5.58e-23	2.51e-15	4.14e-09	1.14e-04	1.00e+00	0.00e+00	0.00e+00	0.00e+00	0.00e+00	0.00e+00
 6.83905e+12	0.00e+00	8.51e-32	7.35e-23	3.14e-15	4.84e-09	1.24e-04	1.00e+00	0.00e+00	0.00e+00	0.00e+00	0.00e+00	0.00e+00
 7.14254e+12	1.53e-41	1.20e-31	9.81e-23	3.96e-15	5.68e-09	1.36e-04	1.00e+00	0.00e+00	0.00e+00	0.00e+00	0.00e+00	0.00e+00
 7.45067e+12	0.00e+00	1.67e-31	1.30e-22	4.97e-15	6.65e-09	1.48e-04	1.00e+00	0.00e+00	0.00e+00	0.00e+00	0.00e+00	0.00e+00
 7.77112e+12	3.34e-41	2.34e-31	1.73e-22	6.23e-15	7.78e-09	1.61e-04	1.00e+00	0.00e+00	0.00e+00	0.00e+00	0.00e+00	0.00e+00
 8.11189e+12	0.00e+00	3.31e-31	2.32e-22	7.86e-15	9.13e-09	1.76e-04	1.00e+00	0.00e+00	0.00e+00	0.00e+00	0.00e+00	0.00e+00
 8.46630e+12	7.48e-41	4.69e-31	3.11e-22	9.92e-15	1.07e-08	1.92e-04	1.00e+00	0.00e+00	0.00e+00	0.00e+00	0.00e+00	0.00e+00
 8.83487e+12	0.00e+00	6.65e-31	4.17e-22	1.25e-14	1.26e-08	2.10e-04	1.00e+00	0.00e+00	0.00e+00	0.00e+00	0.00e+00	0.00e+00
 9.21820e+12	1.69e-40	9.45e-31	5.59e-22	1.58e-14	1.47e-08	2.29e-04	1.00e+00	0.00e+00	0.00e+00	0.00e+00	0.00e+00	0.00e+00
 9.61685e+12	0.00e+00	1.35e-30	7.53e-22	2.00e-14	1.73e-08	2.50e-04	1.00e+00	0.00e+00	0.00e+00	0.00e+00	0.00e+00	0.00e+00
 1.00315e+13	3.89e-40	1.93e-30	1.01e-21	2.52e-14	2.02e-08	2.72e-04	1.00e+00	0.00e+00	0.00e+00	0.00e+00	0.00e+00	0.00e+00
 1.04626e+13	0.00e+00	2.76e-30	1.37e-21	3.18e-14	2.37e-08	2.96e-04	1.00e+00	0.00e+00	0.00e+00	0.00e+00	0.00e+00	0.00e+00
 1.09111e+13	9.05e-40	3.96e-30	1.84e-21	4.02e-14	2.77e-08	3.22e-04	1.00e+00	0.00e+00	0.00e+00	0.00e+00	0.00e+00	0.00e+00
 1.13774e+13	0.00e+00	5.70e-30	2.49e-21	5.07e-14	3.25e-08	3.51e-04	1.00e+00	0.00e+00	0.00e+00	0.00e+00	0.00e+00	0.00e+00
 1.18625e+13	2.13e-39	8.20e-30	3.36e-21	6.41e-14	3.80e-08	3.81e-04	1.00e+00	0.00e+00	0.00e+00	0.00e+00	0.00e+00	0.00e+00
 1.23669e+13	0.00e+00	1.18e-29	4.54e-21	8.09e-14	4.45e-08	4.14e-04	1.00e+00	0.00e+00	0.00e+00	0.00e+00	0.00e+00	0.00e+00
 1.28915e+13	5.05e-39	1.71e-29	6.15e-21	1.02e-13	5.21e-08	4.50e-04	1.00e+00	0.00e+00	0.00e+00	0.00e+00	0.00e+00	0.00e+00
 1.34371e+13	0.00e+00	2.48e-29	8.33e-21	1.29e-13	6.10e-08	4.89e-04	1.00e+00	0.00e+00	0.00e+00	0.00e+00	0.00e+00	0.00e+00
 1.40045e+13	1.21e-38	3.59e-29	1.13e-20	1.63e-13	7.14e-08	5.31e-04	9.99e-01	0.00e+00	0.00e+00	0.00e+00	0.00e+00	0.00e+00
 1.45946e+13	0.00e+00	5.21e-29	1.53e-20	2.06e-13	8.35e-08	5.77e-04	9.99e-01	0.00e+00	0.00e+00	0.00e+00	0.00e+00	0.00e+00
 1.52083e+13	2.93e-38	7.58e-29	2.08e-20	2.61e-13	9.77e-08	6.26e-04	9.99e-01	0.00e+00	0.00e+00	0.00e+00	0.00e+00	0.00e+00
 1.58466e+13	0.00e+00	1.10e-28	2.82e-20	3.29e-13	1.14e-07	6.79e-04	9.99e-01	0.00e+00	0.00e+00	0.00e+00	0.00e+00	0.00e+00
 1.65103e+13	7.13e-38	1.61e-28	3.84e-20	4.16e-13	1.34e-07	7.37e-04	9.99e-01	0.00e+00	0.00e+00	0.00e+00	0.00e+00	0.00e+00
 1.72007e+13	0.00e+00	2.35e-28	5.22e-20	5.26e-13	1.56e-07	7.99e-04	9.99e-01	0.00e+00	0.00e+00	0.00e+00	0.00e+00	0.00e+00
 1.79186e+13	1.75e-37	3.43e-28	7.10e-20	6.65e-13	1.83e-07	8.66e-04	9.99e-01	0.00e+00	0.00e+00	0.00e+00	0.00e+00	0.00e+00
 1.86653e+13	0.00e+00	5.01e-28	9.66e-20	8.41e-13	2.14e-07	9.39e-04	9.99e-01	0.00e+00	0.00e+00	0.00e+00	0.00e+00	0.00e+00
 1.94419e+13	4.32e-37	7.33e-28	1.31e-19	1.06e-12	2.50e-07	1.02e-03	9.99e-01	0.00e+00	0.00e+00	0.00e+00	0.00e+00	0.00e+00
 2.02495e+13	0.00e+00	1.07e-27	1.79e-19	1.34e-12	2.93e-07	1.10e-03	9.99e-01	0.00e+00	0.00e+00	0.00e+00	0.00e+00	0.00e+00
 2.10894e+13	1.07e-36	1.57e-27	2.44e-19	1.70e-12	3.43e-07	1.20e-03	9.99e-01	0.00e+00	0.00e+00	0.00e+00	0.00e+00	0.00e+00
 2.19629e+13	0.00e+00	2.30e-27	3.32e-19	2.15e-12	4.01e-07	1.30e-03	9.99e-01	0.00e+00	0.00e+00	0.00e+00	0.00e+00	0.00e+00
 2.28713e+13	2.66e-36	3.38e-27	4.52e-19	2.72e-12	4.69e-07	1.40e-03	9.99e-01	0.00e+00	0.00e+00	0.00e+00	0.00e+00	0.00e+00
 2.38161e+13	0.00e+00	4.96e-27	6.17e-19	3.43e-12	5.48e-07	1.52e-03	9.98e-01	0.00e+00	0.00e+00	0.00e+00	0.00e+00	0.00e+00
 2.47987e+13	6.64e-36	7.27e-27	8.41e-19	4.34e-12	6.41e-07	1.65e-03	9.98e-01	0.00e+00	0.00e+00	0.00e+00	0.00e+00	0.00e+00
 2.58205e+13	0.00e+00	1.07e-26	1.15e-18	5.49e-12	7.50e-07	1.78e-03	9.98e-01	0.00e+00	0.00e+00	0.00e+00	0.00e+00	0.00e+00
 2.68833e+13	1.66e-35	1.57e-26	1.56e-18	6.94e-12	8.77e-07	1.93e-03	9.98e-01	0.00e+00	0.00e+00	0.00e+00	0.00e+00	0.00e+00
 2.79885e+13	0.00e+00	2.30e-26	2.13e-18	8.78e-12	1.03e-06	2.09e-03	9.98e-01	0.00e+00	0.00e+00	0.00e+00	0.00e+00	0.00e+00
 2.91380e+13	4.14e-35	3.38e-26	2.90e-18	1.11e-11	1.20e-06	2.26e-03	9.98e-01	0.00e+00	0.00e+00	0.00e+00	0.00e+00	0.00e+00
 3.03334e+13	6.54e-35	4.96e-26	3.96e-18	1.40e-11	1.40e-06	2.45e-03	9.98e-01	0.00e+00	0.00e+00	0.00e+00	0.00e+00	0.00e+00
 3.15767e+13	1.03e-34	7.27e-26	5.39e-18	1.77e-11	1.64e-06	2.66e-03	9.97e-01	0.00e+00	0.00e+00	0.00e+00	0.00e+00	0.00e+00
 3.28697e+13	1.63e-34	1.07e-25	7.35e-18	2.24e-11	1.92e-06	2.88e-03	9.97e-01	0.00e+00	0.00e+00	0.00e+00	0.00e+00	0.00e+00
 3.42144e+13	2.57e-34	1.57e-25	1.00e-17	2.83e-11	2.24e-06	3.12e-03	9.97e-01	0.00e+00	0.00e+00	0.00e+00	0.00e+00	0.00e+00
 3.55073e+13	3.93e-34	2.23e-25	1.33e-17	3.52e-11	2.59e-06	3.35e-03	9.97e-01	0.00e+00	0.00e+00	0.00e+00	0.00e+00	0.00e+00
 3.67072e+13	5.73e-34	3.07e-25	1.73e-17	4.28e-11	2.95e-06	3.58e-03	9.96e-01	0.00e+00	0.00e+00	0.00e+00	0.00e+00	0.00e+00
 3.80607e+13	8.68e-34	4.35e-25	2.29e-17	5.29e-11	3.40e-06	3.85e-03	9.96e-01	0.00e+00	0.00e+00	0.00e+00	0.00e+00	0.00e+00
 3.96131e+13	1.36e-33	6.35e-25	3.11e-17	6.68e-11	3.98e-06	4.17e-03	9.96e-01	0.00e+00	0.00e+00	0.00e+00	0.00e+00	0.00e+00
 4.11405e+13	2.10e-33	9.12e-25	4.16e-17	8.34e-11	4.61e-06	4.50e-03	9.95e-01	0.00e+00	0.00e+00	0.00e+00	0.00e+00	0.00e+00
 4.27291e+13	3.21e-33	1.31e-24	5.58e-17	1.04e-10	5.35e-06	4.86e-03	9.95e-01	0.00e+00	0.00e+00	0.00e+00	0.00e+00	0.00e+00
 4.44682e+13	5.06e-33	1.92e-24	7.60e-17	1.32e-10	6.25e-06	5.26e-03	9.95e-01	0.00e+00	0.00e+00	0.00e+00	0.00e+00	0.00e+00
 4.62188e+13	7.82e-33	2.77e-24	1.02e-16	1.65e-10	7.28e-06	5.69e-03	9.94e-01	0.00e+00	0.00e+00	0.00e+00	0.00e+00	0.00e+00
 4.80393e+13	1.21e-32	4.00e-24	1.38e-16	2.07e-10	8.47e-06	6.15e-03	9.94e-01	0.00e+00	0.00e+00	0.00e+00	0.00e+00	0.00e+00
 4.99908e+13	1.90e-32	5.84e-24	1.88e-16	2.62e-10	9.90e-06	6.66e-03	9.93e-01	0.00e+00	0.00e+00	0.00e+00	0.00e+00	0.00e+00
 5.20204e+13	2.96e-32	8.51e-24	2.55e-16	3.31e-10	1.16e-05	7.22e-03	9.93e-01	0.00e+00	0.00e+00	0.00e+00	0.00e+00	0.00e+00
 5.41311e+13	4.63e-32	1.24e-23	3.46e-16	4.18e-10	1.35e-05	7.83e-03	9.92e-01	0.00e+00	0.00e+00	0.00e+00	0.00e+00	0.00e+00
 5.63263e+13	7.22e-32	1.81e-23	4.71e-16	5.28e-10	1.58e-05	8.49e-03	9.91e-01	0.00e+00	0.00e+00	0.00e+00	0.00e+00	0.00e+00
 5.86093e+13	1.12e-31	2.63e-23	6.39e-16	6.67e-10	1.85e-05	9.20e-03	9.91e-01	0.00e+00	0.00e+00	0.00e+00	0.00e+00	0.00e+00
 6.09836e+13	1.75e-31	3.82e-23	8.67e-16	8.42e-10	2.16e-05	9.98e-03	9.90e-01	0.00e+00	0.00e+00	0.00e+00	0.00e+00	0.00e+00
 6.34529e+13	2.72e-31	5.56e-23	1.18e-15	1.06e-09	2.52e-05	1.08e-02	9.89e-01	0.00e+00	0.00e+00	0.00e+00	0.00e+00	0.00e+00
 6.60209e+13	4.21e-31	8.06e-23	1.60e-15	1.34e-09	2.94e-05	1.17e-02	9.88e-01	0.00e+00	0.00e+00	0.00e+00	0.00e+00	0.00e+00
 6.86917e+13	6.51e-31	1.17e-22	2.16e-15	1.69e-09	3.44e-05	1.27e-02	9.87e-01	0.00e+00	0.00e+00	0.00e+00	0.00e+00	0.00e+00
 7.14693e+13	1.01e-30	1.69e-22	2.93e-15	2.14e-09	4.02e-05	1.38e-02	9.86e-01	0.00e+00	0.00e+00	0.00e+00	0.00e+00	0.00e+00
 7.43579e+13	1.55e-30	2.45e-22	3.97e-15	2.70e-09	4.69e-05	1.50e-02	9.85e-01	0.00e+00	0.00e+00	0.00e+00	0.00e+00	0.00e+00
 7.73622e+13	2.39e-30	3.54e-22	5.38e-15	3.41e-09	5.48e-05	1.63e-02	9.84e-01	0.00e+00	0.00e+00	0.00e+00	0.00e+00	0.00e+00
 8.04866e+13	3.66e-30	5.11e-22	7.28e-15	4.30e-09	6.40e-05	1.77e-02	9.82e-01	0.00e+00	0.00e+00	0.00e+00	0.00e+00	0.00e+00
 8.37360e+13	5.61e-30	7.38e-22	9.84e-15	5.43e-09	7.47e-05	1.92e-02	9.81e-01	0.00e+00	0.00e+00	0.00e+00	0.00e+00	0.00e+00
 8.71154e+13	8.60e-30	1.06e-21	1.33e-14	6.85e-09	8.72e-05	2.08e-02	9.79e-01	0.00e+00	0.00e+00	0.00e+00	0.00e+00	0.00e+00
 9.06299e+13	1.31e-29	1.53e-21	1.80e-14	8.64e-09	1.02e-04	2.26e-02	9.77e-01	0.00e+00	0.00e+00	0.00e+00	0.00e+00	0.00e+00
 9.42850e+13	2.00e-29	2.20e-21	2.43e-14	1.09e-08	1.19e-04	2.45e-02	9.75e-01	0.00e+00	0.00e+00	0.00e+00	0.00e+00	0.00e+00
 9.80864e+13	3.04e-29	3.16e-21	3.28e-14	1.37e-08	1.38e-04	2.67e-02	9.73e-01	0.00e+00	0.00e+00	0.00e+00	0.00e+00	0.00e+00
 1.02040e+14	4.63e-29	4.55e-21	4.44e-14	1.73e-08	1.61e-04	2.89e-02	9.71e-01	0.00e+00	0.00e+00	0.00e+00	0.00e+00	0.00e+00
 1.06151e+14	6.97e-29	6.51e-21	5.98e-14	2.18e-08	1.88e-04	3.14e-02	9.68e-01	0.00e+00	0.00e+00	0.00e+00	0.00e+00	0.00e+00
 1.10427e+14	1.06e-28	9.37e-21	8.08e-14	2.75e-08	2.19e-04	3.41e-02	9.66e-01	0.00e+00	0.00e+00	0.00e+00	0.00e+00	0.00e+00
 1.14874e+14	1.60e-28	1.34e-20	1.09e-13	3.47e-08	2.55e-04	3.71e-02	9.63e-01	0.00e+00	0.00e+00	0.00e+00	0.00e+00	0.00e+00
 1.19327e+14	2.37e-28	1.89e-20	1.45e-13	4.33e-08	2.95e-04	4.01e-02	9.60e-01	0.00e+00	0.00e+00	0.00e+00	0.00e+00	0.00e+00
 1.23959e+14	3.52e-28	2.67e-20	1.94e-13	5.41e-08	3.42e-04	4.35e-02	9.56e-01	0.00e+00	0.00e+00	0.00e+00	0.00e+00	0.00e+00
 1.28947e+14	5.28e-28	3.82e-20	2.61e-13	6.82e-08	3.98e-04	4.72e-02	9.52e-01	0.00e+00	0.00e+00	0.00e+00	0.00e+00	0.00e+00
 1.34135e+14	7.90e-28	5.46e-20	3.52e-13	8.59e-08	4.63e-04	5.13e-02	9.48e-01	0.00e+00	0.00e+00	0.00e+00	0.00e+00	0.00e+00
 1.39530e+14	1.18e-27	7.80e-20	4.75e-13	1.08e-07	5.38e-04	5.57e-02	9.44e-01	0.00e+00	0.00e+00	0.00e+00	0.00e+00	0.00e+00
 1.45141e+14	1.76e-27	1.11e-19	6.40e-13	1.36e-07	6.25e-04	6.05e-02	9.39e-01	0.00e+00	0.00e+00	0.00e+00	0.00e+00	0.00e+00
 1.50977e+14	2.63e-27	1.59e-19	8.63e-13	1.71e-07	7.26e-04	6.57e-02	9.34e-01	0.00e+00	0.00e+00	0.00e+00	0.00e+00	0.00e+00
 1.57046e+14	3.92e-27	2.27e-19	1.16e-12	2.15e-07	8.43e-04	7.13e-02	9.28e-01	0.00e+00	0.00e+00	0.00e+00	0.00e+00	0.00e+00
 1.63358e+14	5.83e-27	3.25e-19	1.57e-12	2.71e-07	9.79e-04	7.74e-02	9.22e-01	0.00e+00	0.00e+00	0.00e+00	0.00e+00	0.00e+00
 1.69326e+14	8.36e-27	4.50e-19	2.06e-12	3.34e-07	1.12e-03	8.34e-02	9.16e-01	0.00e+00	0.00e+00	0.00e+00	0.00e+00	0.00e+00
 1.74703e+14	1.15e-26	5.97e-19	2.62e-12	4.01e-07	1.26e-03	8.89e-02	9.10e-01	0.00e+00	0.00e+00	0.00e+00	0.00e+00	0.00e+00
 1.80745e+14	1.61e-26	8.15e-19	3.39e-12	4.88e-07	1.43e-03	9.54e-02	9.03e-01	0.00e+00	0.00e+00	0.00e+00	0.00e+00	0.00e+00
 1.87858e+14	2.38e-26	1.16e-18	4.55e-12	6.11e-07	1.65e-03	1.03e-01	8.95e-01	0.00e+00	0.00e+00	0.00e+00	0.00e+00	0.00e+00
 1.94895e+14	3.44e-26	1.62e-18	6.02e-12	7.56e-07	1.89e-03	1.11e-01	8.87e-01	0.00e+00	0.00e+00	0.00e+00	0.00e+00	0.00e+00
 2.01448e+14	4.81e-26	2.20e-18	7.76e-12	9.15e-07	2.14e-03	1.19e-01	8.79e-01	0.00e+00	0.00e+00	0.00e+00	0.00e+00	0.00e+00
 2.08770e+14	6.91e-26	3.06e-18	1.02e-11	1.12e-06	2.44e-03	1.28e-01	8.70e-01	0.00e+00	0.00e+00	0.00e+00	0.00e+00	0.00e+00
 2.17151e+14	1.03e-25	4.41e-18	1.38e-11	1.41e-06	2.82e-03	1.38e-01	8.59e-01	0.00e+00	0.00e+00	0.00e+00	0.00e+00	0.00e+00
 2.25383e+14	1.51e-25	6.23e-18	1.83e-11	1.75e-06	3.23e-03	1.48e-01	8.48e-01	0.00e+00	0.00e+00	0.00e+00	0.00e+00	0.00e+00
 2.33943e+14	2.22e-25	8.83e-18	2.44e-11	2.16e-06	3.69e-03	1.59e-01	8.37e-01	0.00e+00	0.00e+00	0.00e+00	0.00e+00	0.00e+00
 2.43331e+14	3.33e-25	1.28e-17	3.30e-11	2.71e-06	4.25e-03	1.72e-01	8.24e-01	0.00e+00	0.00e+00	0.00e+00	0.00e+00	0.00e+00
 2.52778e+14	4.96e-25	1.83e-17	4.42e-11	3.36e-06	4.88e-03	1.84e-01	8.11e-01	0.00e+00	0.00e+00	0.00e+00	0.00e+00	0.00e+00
 2.62603e+14	7.41e-25	2.62e-17	5.92e-11	4.17e-06	5.58e-03	1.97e-01	7.97e-01	0.00e+00	0.00e+00	0.00e+00	0.00e+00	0.00e+00
 2.73137e+14	1.12e-24	3.80e-17	8.00e-11	5.21e-06	6.41e-03	2.12e-01	7.82e-01	0.00e+00	0.00e+00	0.00e+00	0.00e+00	0.00e+00
 2.84092e+14	1.71e-24	5.52e-17	1.08e-10	6.49e-06	7.36e-03	2.26e-01	7.66e-01	0.00e+00	0.00e+00	0.00e+00	0.00e+00	0.00e+00
 2.95486e+14	2.60e-24	8.02e-17	1.46e-10	8.08e-06	8.43e-03	2.42e-01	7.50e-01	0.00e+00	0.00e+00	0.00e+00	0.00e+00	0.00e+00
 3.07335e+14	3.96e-24	1.16e-16	1.96e-10	1.00e-05	9.65e-03	2.58e-01	7.32e-01	0.00e+00	0.00e+00	0.00e+00	0.00e+00	0.00e+00
 3.19658e+14	6.04e-24	1.69e-16	2.64e-10	1.25e-05	1.10e-02	2.75e-01	7.14e-01	0.00e+00	0.00e+00	0.00e+00	0.00e+00	0.00e+00
 3.32474e+14	9.22e-24	2.45e-16	3.56e-10	1.55e-05	1.26e-02	2.92e-01	6.96e-01	0.00e+00	0.00e+00	0.00e+00	0.00e+00	0.00e+00
 3.45803e+14	1.41e-23	3.55e-16	4.77e-10	1.92e-05	1.44e-02	3.09e-01	6.76e-01	0.00e+00	0.00e+00	0.00e+00	0.00e+00	0.00e+00
 3.59665e+14	2.16e-23	5.14e-16	6.40e-10	2.37e-05	1.63e-02	3.27e-01	6.56e-01	0.00e+00	0.00e+00	0.00e+00	0.00e+00	0.00e+00
 3.74082e+14	3.31e-23	7.43e-16	8.56e-10	2.92e-05	1.86e-02	3.46e-01	6.36e-01	0.00e+00	0.00e+00	0.00e+00	0.00e+00	0.00e+00
 3.88378e+14	4.97e-23	1.06e-15	1.13e-09	3.56e-05	2.09e-02	3.63e-01	6.16e-01	0.00e+00	0.00e+00	0.00e+00	0.00e+00	0.00e+00
 4.03247e+14	7.46e-23	1.50e-15	1.49e-09	4.34e-05	2.36e-02	3.81e-01	5.95e-01	0.00e+00	0.00e+00	0.00e+00	0.00e+00	0.00e+00
 4.19406e+14	1.14e-22	2.16e-15	1.98e-09	5.32e-05	2.66e-02	4.00e-01	5.73e-01	0.00e+00	0.00e+00	0.00e+00	0.00e+00	0.00e+00
 4.35788e+14	1.73e-22	3.08e-15	2.62e-09	6.48e-05	2.99e-02	4.18e-01	5.52e-01	0.00e+00	0.00e+00	0.00e+00	0.00e+00	0.00e+00
 4.52824e+14	2.62e-22	4.38e-15	3.45e-09	7.88e-05	3.36e-02	4.36e-01	5.30e-01	0.00e+00	0.00e+00	0.00e+00	0.00e+00	0.00e+00
 4.70967e+14	4.00e-22	6.28e-15	4.56e-09	9.61e-05	3.78e-02	4.55e-01	5.07e-01	0.00e+00	0.00e+00	0.00e+00	0.00e+00	0.00e+00
 4.89835e+14	6.10e-22	8.98e-15	6.03e-09	1.17e-04	4.23e-02	4.73e-01	4.85e-01	0.00e+00	0.00e+00	0.00e+00	0.00e+00	0.00e+00
 5.08098e+14	9.03e-22	1.25e-14	7.79e-09	1.40e-04	4.70e-02	4.89e-01	4.64e-01	0.00e+00	0.00e+00	0.00e+00	0.00e+00	0.00e+00
 5.25307e+14	1.29e-21	1.69e-14	9.83e-09	1.65e-04	5.16e-02	5.04e-01	4.44e-01	0.00e+00	0.00e+00	0.00e+00	0.00e+00	0.00e+00
 5.44565e+14	1.89e-21	2.33e-14	1.26e-08	1.96e-04	5.70e-02	5.19e-01	4.24e-01	0.00e+00	0.00e+00	0.00e+00	0.00e+00	0.00e+00
 5.66377e+14	2.87e-21	3.31e-14	1.65e-08	2.37e-04	6.34e-02	5.35e-01	4.01e-01	0.00e+00	0.00e+00	0.00e+00	0.00e+00	0.00e+00
 5.88210e+14	4.29e-21	4.62e-14	2.14e-08	2.83e-04	7.01e-02	5.49e-01	3.80e-01	0.00e+00	0.00e+00	0.00e+00	0.00e+00	0.00e+00
 6.10916e+14	6.40e-21	6.44e-14	2.76e-08	3.38e-04	7.73e-02	5.63e-01	3.59e-01	0.00e+00	0.00e+00	0.00e+00	0.00e+00	0.00e+00
 6.35382e+14	9.67e-21	9.08e-14	3.59e-08	4.05e-04	8.54e-02	5.76e-01	3.38e-01	0.00e+00	0.00e+00	0.00e+00	0.00e+00	0.00e+00
 6.60828e+14	1.46e-20	1.28e-13	4.65e-08	4.84e-04	9.41e-02	5.88e-01	3.17e-01	0.00e+00	0.00e+00	0.00e+00	0.00e+00	0.00e+00
 6.84985e+14	2.12e-20	1.74e-13	5.89e-08	5.68e-04	1.03e-01	5.98e-01	2.99e-01	0.00e+00	0.00e+00	0.00e+00	0.00e+00	0.00e+00
 7.06916e+14	2.94e-20	2.28e-13	7.24e-08	6.53e-04	1.11e-01	6.05e-01	2.83e-01	0.00e+00	0.00e+00	0.00e+00	0.00e+00	0.00e+00
 7.31629e+14	4.20e-20	3.05e-13	9.04e-08	7.59e-04	1.20e-01	6.13e-01	2.67e-01	0.00e+00	0.00e+00	0.00e+00	0.00e+00	0.00e+00
 7.60524e+14	6.26e-20	4.24e-13	1.16e-07	8.98e-04	1.31e-01	6.20e-01	2.48e-01	0.00e+00	0.00e+00	0.00e+00	0.00e+00	0.00e+00
 7.89057e+14	9.13e-20	5.78e-13	1.46e-07	1.05e-03	1.42e-01	6.25e-01	2.32e-01	0.00e+00	0.00e+00	0.00e+00	0.00e+00	0.00e+00
 8.16022e+14	1.29e-19	7.64e-13	1.81e-07	1.21e-03	1.53e-01	6.29e-01	2.17e-01	0.00e+00	0.00e+00	0.00e+00	0.00e+00	0.00e+00
 8.45982e+14	1.85e-19	1.03e-12	2.26e-07	1.41e-03	1.65e-01	6.32e-01	2.02e-01	0.00e+00	0.00e+00	0.00e+00	0.00e+00	0.00e+00
 8.79851e+14	2.76e-19	1.42e-12	2.89e-07	1.65e-03	1.78e-01	6.34e-01	1.86e-01	0.00e+00	0.00e+00	0.00e+00	0.00e+00	0.00e+00
 9.13600e+14	4.03e-19	1.93e-12	3.63e-07	1.92e-03	1.92e-01	6.34e-01	1.72e-01	0.00e+00	0.00e+00	0.00e+00	0.00e+00	0.00e+00
 9.48700e+14	5.87e-19	2.62e-12	4.56e-07	2.23e-03	2.07e-01	6.32e-01	1.59e-01	0.00e+00	0.00e+00	0.00e+00	0.00e+00	0.00e+00
 9.86677e+14	8.67e-19	3.59e-12	5.77e-07	2.61e-03	2.22e-01	6.30e-01	1.45e-01	0.00e+00	0.00e+00	0.00e+00	0.00e+00	0.00e+00
 1.02617e+15	1.28e-18	4.91e-12	7.28e-07	3.03e-03	2.39e-01	6.25e-01	1.33e-01	0.00e+00	0.00e+00	0.00e+00	0.00e+00	0.00e+00
 1.06725e+15	1.88e-18	6.69e-12	9.16e-07	3.52e-03	2.56e-01	6.19e-01	1.21e-01	0.00e+00	0.00e+00	0.00e+00	0.00e+00	0.00e+00
 1.10997e+15	2.76e-18	9.10e-12	1.15e-06	4.08e-03	2.74e-01	6.12e-01	1.10e-01	0.00e+00	0.00e+00	0.00e+00	0.00e+00	0.00e+00
 1.15440e+15	4.04e-18	1.23e-11	1.44e-06	4.71e-03	2.92e-01	6.03e-01	1.00e-01	0.00e+00	0.00e+00	0.00e+00	0.00e+00	0.00e+00
 1.20061e+15	5.90e-18	1.67e-11	1.80e-06	5.43e-03	3.10e-01	5.93e-01	9.07e-02	0.00e+00	0.00e+00	0.00e+00	0.00e+00	0.00e+00
 1.24866e+15	8.60e-18	2.25e-11	2.24e-06	6.24e-03	3.30e-01	5.82e-01	8.19e-02	0.00e+00	0.00e+00	0.00e+00	0.00e+00	0.00e+00
 1.29864e+15	1.25e-17	3.03e-11	2.79e-06	7.16e-03	3.49e-01	5.70e-01	7.38e-02	0.00e+00	0.00e+00	0.00e+00	0.00e+00	0.00e+00
 1.35061e+15	1.81e-17	4.07e-11	3.46e-06	8.20e-03	3.69e-01	5.56e-01	6.64e-02	0.00e+00	0.00e+00	0.00e+00	0.00e+00	0.00e+00
 1.40467e+15	2.66e-17	5.45e-11	4.28e-06	9.36e-03	3.89e-01	5.42e-01	5.95e-02	0.00e+00	0.00e+00	1.50e-17	8.19e-18	3.30e-18
 1.46088e+15	3.81e-17	7.29e-11	5.28e-06	1.07e-02	4.09e-01	5.27e-01	5.32e-02	0.00e+00	0.00e+00	2.13e-17	1.22e-17	4.37e-18
 1.51935e+15	5.49e-17	9.72e-11	6.50e-06	1.21e-02	4.30e-01	5.11e-01	4.75e-02	0.00e+00	0.00e+00	3.08e-17	1.76e-17	6.30e-18
 1.58015e+15	7.91e-17	1.29e-10	7.99e-06	1.38e-02	4.50e-01	4.94e-01	4.23e-02	0.00e+00	0.00e+00	4.44e-17	2.52e-17	9.05e-18
 1.64064e+15	1.12e-16	1.69e-10	9.71e-06	1.55e-02	4.69e-01	4.77e-01	3.77e-02	0.00e+00	0.00e+00	6.28e-17	3.55e-17	1.28e-17
 1.70354e+15	1.58e-16	2.22e-10	1.18e-05	1.74e-02	4.89e-01	4.60e-01	3.36e-02	0.00e+00	0.00e+00	8.89e-17	4.99e-17	1.80e-17
 1.76723e+15	2.21e-16	2.88e-10	1.42e-05	1.95e-02	5.07e-01	4.43e-01	2.99e-02	0.00e+00	0.00e+00	1.25e-16	6.95e-17	2.51e-17
 1.82619e+15	2.97e-16	3.63e-10	1.68e-05	2.15e-02	5.24e-01	4.28e-01	2.69e-02	0.00e+00	0.00e+00	1.68e-16	9.34e-17	3.37e-17
 1.89199e+15	4.09e-16	4.65e-10	2.00e-05	2.38e-02	5.41e-01	4.11e-01	2.40e-02	0.00e+00	0.00e+00	2.32e-16	1.28e-16	4.64e-17
 1.96770e+15	5.83e-16	6.11e-10	2.43e-05	2.67e-02	5.60e-01	3.92e-01	2.10e-02	0.00e+00	0.00e+00	3.31e-16	1.82e-16	6.58e-17
 2.04216e+15	8.12e-16	7.90e-10	2.91e-05	2.97e-02	5.77e-01	3.75e-01	1.86e-02	0.00e+00	0.00e+00	4.61e-16	2.53e-16	9.15e-17
 2.11959e+15	1.13e-15	1.02e-09	3.49e-05	3.30e-02	5.94e-01	3.57e-01	1.63e-02	0.00e+00	0.00e+00	6.44e-16	3.51e-16	1.27e-16
 2.20440e+15	1.60e-15	1.33e-09	4.21e-05	3.67e-02	6.11e-01	3.38e-01	1.42e-02	0.00e+00	0.00e+00	9.13e-16	4.96e-16	1.79e-16
 2.28392e+15	2.19e-15	1.69e-09	4.99e-05	4.04e-02	6.25e-01	3.22e-01	1.25e-02	0.00e+00	0.00e+00	1.25e-15	6.77e-16	2.44e-16
 2.35454e+15	2.86e-15	2.07e-09	5.75e-05	4.38e-02	6.37e-01	3.08e-01	1.12e-02	0.00e+00	0.00e+00	1.63e-15	8.82e-16	3.18e-16
 2.43354e+15	3.82e-15	2.59e-09	6.72e-05	4.78e-02	6.49e-01	2.93e-01	9.93e-03	0.00e+00	0.00e+00	2.18e-15	1.18e-15	4.24e-16
 2.52777e+15	5.32e-15	3.33e-09	8.01e-05	5.27e-02	6.63e-01	2.76e-01	8.61e-03	0.00e+00	0.00e+00	3.05e-15	1.64e-15	5.88e-16
 2.62180e+15	7.30e-15	4.23e-09	9.47e-05	5.79e-02	6.74e-01	2.60e-01	7.49e-03	0.00e+00	0.00e+00	4.18e-15	2.24e-15	8.05e-16
 2.70842e+15	9.67e-15	5.24e-09	1.10e-04	6.28e-02	6.84e-01	2.46e-01	6.61e-03	0.00e+00	0.00e+00	5.54e-15	2.97e-15	1.06e-15
 2.80539e+15	1.31e-14	6.59e-09	1.29e-04	6.84e-02	6.94e-01	2.32e-01	5.75e-03	0.00e+00	0.00e+00	7.51e-15	4.01e-15	1.43e-15
 2.91743e+15	1.83e-14	8.49e-09	1.54e-04	7.52e-02	7.03e-01	2.16e-01	4.92e-03	0.00e+00	0.00e+00	1.05e-14	5.61e-15	2.00e-15
 3.02645e+15	2.51e-14	1.07e-08	1.81e-04	8.21e-02	7.11e-01	2.02e-01	4.24e-03	0.00e+00	0.00e+00	1.44e-14	7.67e-15	2.73e-15
 3.12938e+15	3.32e-14	1.33e-08	2.09e-04	8.87e-02	7.17e-01	1.90e-01	3.69e-03	0.00e+00	0.00e+00	1.91e-14	1.02e-14	3.60e-15
 3.24415e+15	4.51e-14	1.67e-08	2.45e-04	9.64e-02	7.23e-01	1.77e-01	3.18e-03	0.00e+00	0.00e+00	2.59e-14	1.38e-14	4.87e-15
 3.36939e+15	6.21e-14	2.12e-08	2.89e-04	1.05e-01	7.28e-01	1.64e-01	2.70e-03	0.00e+00	0.00e+00	3.57e-14	1.90e-14	6.68e-15
 3.49221e+15	8.40e-14	2.65e-08	3.37e-04	1.14e-01	7.31e-01	1.53e-01	2.32e-03	0.00e+00	0.00e+00	4.83e-14	2.57e-14	9.01e-15
 3.61296e+15	1.12e-13	3.28e-08	3.90e-04	1.23e-01	7.33e-01	1.42e-01	1.99e-03	0.00e+00	0.00e+00	6.44e-14	3.42e-14	1.20e-14
 3.74596e+15	1.52e-13	4.12e-08	4.56e-04	1.33e-01	7.34e-01	1.31e-01	1.70e-03	0.00e+00	0.00e+00	8.75e-14	4.64e-14	1.62e-14
 3.88994e+15	2.08e-13	5.20e-08	5.34e-04	1.43e-01	7.34e-01	1.21e-01	1.43e-03	0.00e+00	0.00e+00	1.20e-13	6.35e-14	2.21e-14
 4.03051e+15	2.80e-13	6.48e-08	6.20e-04	1.54e-01	7.32e-01	1.11e-01	1.21e-03	0.00e+00	0.00e+00	1.61e-13	8.55e-14	2.96e-14
 4.16908e+15	3.72e-13	7.98e-08	7.15e-04	1.66e-01	7.30e-01	1.03e-01	1.04e-03	0.00e+00	0.00e+00	2.15e-13	1.14e-13	3.93e-14
 4.32236e+15	5.04e-13	9.97e-08	8.31e-04	1.78e-01	7.26e-01	9.42e-02	8.72e-04	0.00e+00	0.00e+00	2.91e-13	1.54e-13	5.30e-14
 4.48817e+15	6.89e-13	1.25e-07	9.70e-04	1.92e-01	7.21e-01	8.59e-02	7.26e-04	0.00e+00	0.00e+00	3.98e-13	2.10e-13	7.22e-14
 4.64392e+15	9.16e-13	1.54e-07	1.12e-03	2.05e-01	7.14e-01	7.87e-02	6.14e-04	0.00e+00	0.00e+00	5.29e-13	2.80e-13	9.58e-14
 4.81302e+15	1.23e-12	1.92e-07	1.29e-03	2.20e-01	7.07e-01	7.17e-02	5.13e-04	0.00e+00	0.00e+00	7.13e-13	3.77e-13	1.29e-13
 4.99846e+15	1.69e-12	2.41e-07	1.51e-03	2.36e-01	6.98e-01	6.47e-02	4.22e-04	0.00e+00	0.00e+00	9.77e-13	5.16e-13	1.76e-13
 5.17206e+15	2.24e-12	2.96e-07	1.73e-03	2.51e-01	6.88e-01	5.89e-02	3.53e-04	0.00e+00	0.00e+00	1.30e-12	6.85e-13	2.33e-13
 5.32962e+15	2.88e-12	3.54e-07	1.96e-03	2.65e-01	6.78e-01	5.41e-02	3.01e-04	0.00e+00	0.00e+00	1.67e-12	8.78e-13	2.98e-13
 5.50211e+15	3.76e-12	4.29e-07	2.22e-03	2.81e-01	6.67e-01	4.93e-02	2.54e-04	0.00e+00	0.00e+00	2.17e-12	1.15e-12	3.88e-13
 5.71162e+15	5.13e-12	5.37e-07	2.59e-03	3.00e-01	6.53e-01	4.40e-02	2.06e-04	0.00e+00	0.00e+00	2.97e-12	1.57e-12	5.29e-13
 5.91968e+15	6.90e-12	6.64e-07	2.99e-03	3.19e-01	6.39e-01	3.94e-02	1.69e-04	0.00e+00	0.00e+00	4.00e-12	2.11e-12	7.10e-13
 6.10460e+15	8.91e-12	7.98e-07	3.38e-03	3.36e-01	6.25e-01	3.57e-02	1.41e-04	0.00e+00	0.00e+00	5.16e-12	2.72e-12	9.15e-13
 6.30899e+15	1.17e-11	9.72e-07	3.86e-03	3.54e-01	6.10e-01	3.21e-02	1.16e-04	0.00e+00	0.00e+00	6.80e-12	3.58e-12	1.20e-12
 6.53821e+15	1.58e-11	1.20e-06	4.45e-03	3.75e-01	5.92e-01	2.84e-02	9.39e-05	0.00e+00	0.00e+00	9.16e-12	4.82e-12	1.62e-12
 6.75530e+15	2.07e-11	1.46e-06	5.08e-03	3.95e-01	5.74e-01	2.53e-02	7.68e-05	0.00e+00	0.00e+00	1.20e-11	6.33e-12	2.12e-12
 6.96152e+15	2.67e-11	1.74e-06	5.73e-03	4.14e-01	5.57e-01	2.27e-02	6.36e-05	0.00e+00	0.00e+00	1.55e-11	8.14e-12	2.72e-12
 7.19802e+15	3.54e-11	2.13e-06	6.57e-03	4.36e-01	5.38e-01	2.01e-02	5.12e-05	0.00e+00	0.00e+00	2.05e-11	1.08e-11	3.61e-12
 7.45898e+15	4.78e-11	2.64e-06	7.59e-03	4.59e-01	5.16e-01	1.75e-02	4.05e-05	0.00e+00	0.00e+00	2.77e-11	1.46e-11	4.86e-12
 7.69918e+15	6.23e-11	3.19e-06	8.64e-03	4.80e-01	4.96e-01	1.54e-02	3.27e-05	0.00e+00	0.00e+00	3.61e-11	1.90e-11	6.33e-12
 7.95888e+15	8.28e-11	3.90e-06	9.92e-03	5.03e-01	4.74e-01	1.34e-02	2.59e-05	0.00e+00	0.00e+00	4.81e-11	2.53e-11	8.42e-12
 8.24284e+15	1.12e-10	4.83e-06	1.15e-02	5.27e-01	4.50e-01	1.15e-02	2.01e-05	0.00e+00	0.00e+00	6.47e-11	3.41e-11	1.13e-11
 8.50037e+15	1.45e-10	5.82e-06	1.31e-02	5.49e-01	4.28e-01	1.00e-02	1.60e-05	0.00e+00	0.00e+00	8.42e-11	4.43e-11	1.47e-11
 8.74109e+15	1.85e-10	6.91e-06	1.47e-02	5.68e-01	4.08e-01	8.81e-03	1.30e-05	0.00e+00	0.00e+00	1.07e-10	5.65e-11	1.88e-11
 9.01792e+15	2.44e-10	8.43e-06	1.69e-02	5.91e-01	3.85e-01	7.56e-03	1.01e-05	0.00e+00	0.00e+00	1.42e-10	7.46e-11	2.48e-11
 9.32046e+15	3.28e-10	1.04e-05	1.96e-02	6.14e-01	3.60e-01	6.40e-03	7.75e-06	0.00e+00	0.00e+00	1.90e-10	1.00e-10	3.32e-11
 9.59330e+15	4.22e-10	1.25e-05	2.23e-02	6.34e-01	3.39e-01	5.50e-03	6.11e-06	0.00e+00	0.00e+00	2.45e-10	1.29e-10	4.28e-11
 9.84514e+15	5.35e-10	1.48e-05	2.52e-02	6.51e-01	3.19e-01	4.76e-03	4.88e-06	0.00e+00	0.00e+00	3.11e-10	1.64e-10	5.43e-11
 1.01328e+16	7.07e-10	1.82e-05	2.90e-02	6.71e-01	2.96e-01	4.02e-03	3.75e-06	0.00e+00	0.00e+00	4.11e-10	2.16e-10	7.17e-11
 1.04427e+16	9.42e-10	2.24e-05	3.37e-02	6.90e-01	2.73e-01	3.35e-03	2.84e-06	0.00e+00	0.00e+00	5.47e-10	2.88e-10	9.55e-11
 1.07150e+16	1.21e-09	2.69e-05	3.86e-02	7.06e-01	2.53e-01	2.85e-03	2.22e-06	0.00e+00	0.00e+00	7.01e-10	3.69e-10	1.22e-10
 1.09613e+16	1.52e-09	3.19e-05	4.37e-02	7.19e-01	2.35e-01	2.45e-03	1.76e-06	0.00e+00	0.00e+00	8.84e-10	4.66e-10	1.54e-10
 1.12404e+16	2.01e-09	3.92e-05	5.06e-02	7.32e-01	2.15e-01	2.04e-03	1.34e-06	0.00e+00	0.00e+00	1.17e-09	6.14e-10	2.04e-10
 1.15375e+16	2.68e-09	4.87e-05	5.94e-02	7.44e-01	1.95e-01	1.68e-03	1.01e-06	0.00e+00	0.00e+00	1.55e-09	8.19e-10	2.72e-10
 1.17901e+16	3.42e-09	5.87e-05	6.84e-02	7.52e-01	1.78e-01	1.41e-03	7.85e-07	0.00e+00	0.00e+00	1.99e-09	1.05e-09	3.47e-10
 1.20083e+16	4.28e-09	6.98e-05	7.77e-02	7.58e-01	1.63e-01	1.20e-03	0.00e+00	0.00e+00	0.00e+00	2.49e-09	1.31e-09	4.34e-10
 1.22047e+16	5.26e-09	8.19e-05	8.77e-02	7.61e-01	1.50e-01	1.04e-03	0.00e+00	0.00e+00	0.00e+00	3.06e-09	1.61e-09	5.34e-10
 1.23848e+16	6.39e-09	9.54e-05	9.85e-02	7.62e-01	1.39e-01	9.01e-04	0.00e+00	0.00e+00	0.00e+00	3.71e-09	1.96e-09	6.49e-10
 1.25888e+16	8.18e-09	1.16e-04	1.13e-01	7.60e-01	1.25e-01	7.56e-04	0.00e+00	0.00e+00	0.00e+00	4.76e-09	2.51e-09	8.32e-10
 1.28117e+16	1.06e-08	1.43e-04	1.33e-01	7.55e-01	1.11e-01	6.19e-04	0.00e+00	0.00e+00	0.00e+00	6.18e-09	3.26e-09	1.08e-09
 1.30055e+16	1.37e-08	1.74e-04	1.55e-01	7.46e-01	9.84e-02	5.11e-04	0.00e+00	0.00e+00	0.00e+00	7.94e-09	4.19e-09	1.39e-09
 1.31655e+16	1.70e-08	2.08e-04	1.78e-01	7.33e-01	8.79e-02	4.29e-04	0.00e+00	0.00e+00	0.00e+00	9.90e-09	5.22e-09	1.74e-09
 1.33100e+16	2.10e-08	2.47e-04	2.04e-01	7.18e-01	7.82e-02	3.60e-04	0.00e+00	0.00e+00	0.00e+00	1.22e-08	6.44e-09	2.14e-09
 1.34505e+16	2.54e-08	2.90e-04	2.34e-01	6.97e-01	6.87e-02	2.98e-04	0.00e+00	0.00e+00	0.00e+00	1.48e-08	7.80e-09	2.59e-09
 1.35850e+16	3.18e-08	3.49e-04	2.70e-01	6.70e-01	5.93e-02	2.42e-04	0.00e+00	0.00e+00	0.00e+00	1.85e-08	9.77e-09	3.25e-09
 1.37076e+16	4.08e-08	4.27e-04	3.10e-01	6.39e-01	5.07e-02	1.95e-04	0.00e+00	0.00e+00	0.00e+00	2.37e-08	1.25e-08	4.18e-09
 1.38165e+16	4.90e-08	4.99e-04	3.54e-01	6.02e-01	4.29e-02	1.56e-04	0.00e+00	0.00e+00	0.00e+00	2.85e-08	1.50e-08	5.02e-09
 1.39150e+16	6.00e-08	5.90e-04	4.02e-01	5.62e-01	3.57e-02	1.23e-04	0.00e+00	0.00e+00	0.00e+00	3.49e-08	1.84e-08	6.15e-09
 1.39994e+16	7.19e-08	6.85e-04	4.50e-01	5.19e-01	2.97e-02	9.66e-05	0.00e+00	0.00e+00	0.00e+00	4.18e-08	2.21e-08	7.39e-09
 1.40678e+16	8.39e-08	7.77e-04	4.95e-01	4.80e-01	2.49e-02	7.73e-05	0.00e+00	0.00e+00	0.00e+00	4.88e-08	2.58e-08	8.62e-09
 1.41291e+16	9.78e-08	8.78e-04	5.38e-01	4.40e-01	2.07e-02	6.15e-05	0.00e+00	0.00e+00	0.00e+00	5.69e-08	3.01e-08	1.01e-08
 1.41893e+16	1.12e-07	9.79e-04	5.85e-01	3.97e-01	1.68e-02	4.77e-05	0.00e+00	0.00e+00	0.00e+00	6.50e-08	3.44e-08	1.15e-08
 1.42585e+16	1.31e-07	1.11e-03	6.42e-01	3.45e-01	1.27e-02	3.38e-05	0.00e+00	0.00e+00	0.00e+00	7.63e-08	4.04e-08	1.35e-08
 1.43313e+16	1.54e-07	1.26e-03	7.02e-01	2.88e-01	9.01e-03	2.24e-05	0.00e+00	0.00e+00	0.00e+00	8.94e-08	4.73e-08	1.59e-08
 1.43935e+16	1.75e-07	1.39e-03	7.53e-01	2.39e-01	6.40e-03	1.48e-05	0.00e+00	0.00e+00	0.00e+00	1.02e-07	5.39e-08	1.81e-08
 1.44479e+16	1.95e-07	1.51e-03	7.95e-01	1.99e-01	4.57e-03	9.92e-06	0.00e+00	0.00e+00	0.00e+00	1.13e-07	6.00e-08	2.02e-08
 1.45079e+16	2.17e-07	1.63e-03	8.36e-01	1.59e-01	3.04e-03	6.07e-06	0.00e+00	0.00e+00	0.00e+00	1.26e-07	6.70e-08	2.26e-08
 1.45858e+16	2.46e-07	1.77e-03	8.80e-01	1.17e-01	1.72e-03	3.06e-06	0.00e+00	0.00e+00	0.00e+00	1.43e-07	7.59e-08	2.57e-08
 1.46813e+16	2.78e-07	1.92e-03	9.18e-01	7.91e-02	8.32e-04	1.27e-06	0.00e+00	0.00e+00	0.00e+00	1.62e-07	8.59e-08	2.91e-08
 1.47883e+16	3.10e-07	2.05e-03	9.45e-01	5.24e-02	3.73e-04	4.74e-07	0.00e+00	0.00e+00	0.00e+00	1.80e-07	9.57e-08	3.25e-08
 1.49129e+16	3.42e-07	2.16e-03	9.63e-01	3.46e-02	1.56e-04	0.00e+00	0.00e+00	0.00e+00	0.00e+00	1.99e-07	1.06e-07	3.59e-08
 1.50719e+16	3.77e-07	2.27e-03	9.75e-01	2.30e-02	5.96e-05	0.00e+00	0.00e+00	0.00e+00	0.00e+00	2.19e-07	1.17e-07	3.96e-08
 1.52785e+16	4.20e-07	2.38e-03	9.82e-01	1.60e-02	2.12e-05	0.00e+00	0.00e+00	0.00e+00	0.00e+00	2.44e-07	1.30e-07	4.41e-08
 1.55471e+16	4.77e-07	2.51e-03	9.85e-01	1.23e-02	7.35e-06	0.00e+00	0.00e+00	0.00e+00	0.00e+00	2.77e-07	1.47e-07	5.01e-08
 1.58963e+16	5.57e-07	2.67e-03	9.87e-01	1.02e-02	2.47e-06	0.00e+00	0.00e+00	0.00e+00	0.00e+00	3.24e-07	1.72e-07	5.86e-08
 1.63503e+16	6.82e-07	2.88e-03	9.88e-01	8.84e-03	7.85e-07	0.00e+00	0.00e+00	0.00e+00	0.00e+00	3.96e-07	2.11e-07	7.17e-08
 1.68453e+16	8.50e-07	3.13e-03	9.89e-01	7.95e-03	0.00e+00	0.00e+00	0.00e+00	0.00e+00	0.00e+00	4.94e-07	2.63e-07	8.94e-08
 1.72907e+16	1.04e-06	3.38e-03	9.89e-01	7.32e-03	0.00e+00	0.00e+00	0.00e+00	0.00e+00	0.00e+00	6.07e-07	3.22e-07	1.10e-07
 1.77014e+16	1.27e-06	3.64e-03	9.90e-01	6.82e-03	0.00e+00	0.00e+00	0.00e+00	0.00e+00	0.00e+00	7.37e-07	3.92e-07	1.33e-07
 1.81700e+16	1.60e-06	3.96e-03	9.90e-01	6.30e-03	0.00e+00	0.00e+00	0.00e+00	0.00e+00	0.00e+00	9.30e-07	4.95e-07	1.68e-07
 1.86798e+16	2.08e-06	4.36e-03	9.90e-01	5.78e-03	0.00e+00	0.00e+00	0.00e+00	0.00e+00	0.00e+00	1.21e-06	6.44e-07	2.18e-07
 1.91316e+16	2.66e-06	4.76e-03	9.90e-01	5.36e-03	0.00e+00	0.00e+00	0.00e+00	0.00e+00	0.00e+00	1.55e-06	8.23e-07	2.79e-07
 1.95358e+16	3.36e-06	5.18e-03	9.90e-01	4.99e-03	0.00e+00	0.00e+00	0.00e+00	0.00e+00	0.00e+00	1.95e-06	1.04e-06	3.52e-07
 1.99895e+16	4.43e-06	5.73e-03	9.90e-01	4.59e-03	0.00e+00	0.00e+00	0.00e+00	0.00e+00	0.00e+00	2.57e-06	1.37e-06	4.63e-07
 2.04750e+16	6.08e-06	6.45e-03	9.89e-01	4.17e-03	0.00e+00	0.00e+00	0.00e+00	0.00e+00	0.00e+00	3.53e-06	1.88e-06	6.35e-07
 2.08814e+16	8.11e-06	7.20e-03	9.89e-01	3.82e-03	0.00e+00	0.00e+00	0.00e+00	0.00e+00	0.00e+00	4.71e-06	2.51e-06	8.47e-07
 2.12131e+16	1.04e-05	7.92e-03	9.89e-01	3.55e-03	0.00e+00	0.00e+00	0.00e+00	0.00e+00	0.00e+00	6.04e-06	3.21e-06	1.09e-06
 2.15680e+16	1.38e-05	8.87e-03	9.88e-01	3.24e-03	0.00e+00	0.00e+00	0.00e+00	0.00e+00	0.00e+00	8.04e-06	4.28e-06	1.44e-06
 2.19463e+16	1.92e-05	1.01e-02	9.87e-01	2.92e-03	0.00e+00	0.00e+00	0.00e+00	0.00e+00	0.00e+00	1.11e-05	5.92e-06	2.00e-06
 2.22611e+16	2.58e-05	1.15e-02	9.86e-01	2.64e-03	0.00e+00	0.00e+00	0.00e+00	0.00e+00	0.00e+00	1.50e-05	7.96e-06	2.69e-06
 2.25172e+16	3.34e-05	1.28e-02	9.85e-01	2.42e-03	0.00e+00	0.00e+00	0.00e+00	0.00e+00	0.00e+00	1.94e-05	1.03e-05	3.47e-06
 2.27911e+16	4.48e-05	1.46e-02	9.83e-01	2.17e-03	0.00e+00	0.00e+00	0.00e+00	0.00e+00	0.00e+00	2.61e-05	1.38e-05	4.66e-06
 2.30163e+16	5.79e-05	1.64e-02	9.82e-01	1.97e-03	0.00e+00	0.00e+00	0.00e+00	0.00e+00	0.00e+00	3.37e-05	1.79e-05	6.01e-06
 2.31249e+16	6.59e-05	1.75e-02	9.81e-01	1.88e-03	0.00e+00	0.00e+00	0.00e+00	0.00e+00	0.00e+00	3.83e-05	2.03e-05	6.85e-06
 2.32129e+16	7.37e-05	1.84e-02	9.80e-01	1.80e-03	0.00e+00	0.00e+00	0.00e+00	0.00e+00	0.00e+00	4.28e-05	2.27e-05	7.65e-06
 2.33272e+16	8.54e-05	1.97e-02	9.79e-01	1.69e-03	0.00e+00	0.00e+00	0.00e+00	0.00e+00	0.00e+00	4.97e-05	2.63e-05	8.87e-06
 2.34758e+16	1.04e-04	2.17e-02	9.77e-01	1.56e-03	0.00e+00	0.00e+00	0.00e+00	0.00e+00	0.00e+00	6.06e-05	3.21e-05	1.08e-05
 2.36212e+16	1.28e-04	2.39e-02	9.75e-01	1.43e-03	0.00e+00	0.00e+00	0.00e+00	0.00e+00	0.00e+00	7.42e-05	3.93e-05	1.32e-05
 2.37270e+16	1.49e-04	2.58e-02	9.73e-01	1.35e-03	0.00e+00	0.00e+00	0.00e+00	0.00e+00	0.00e+00	8.64e-05	4.58e-05	1.54e-05
 2.38082e+16	1.68e-04	2.74e-02	9.71e-01	1.28e-03	0.00e+00	0.00e+00	0.00e+00	0.00e+00	0.00e+00	9.76e-05	5.17e-05	1.74e-05
 2.38926e+16	1.92e-04	2.93e-02	9.69e-01	1.21e-03	0.00e+00	0.00e+00	0.00e+00	0.00e+00	0.00e+00	1.12e-04	5.91e-05	1.99e-05
 2.39858e+16	2.23e-04	3.16e-02	9.67e-01	1.13e-03	0.00e+00	0.00e+00	0.00e+00	0.00e+00	0.00e+00	1.30e-04	6.87e-05	2.31e-05
 2.40696e+16	2.56e-04	3.39e-02	9.65e-01	1.06e-03	0.00e+00	0.00e+00	0.00e+00	0.00e+00	0.00e+00	1.49e-04	7.90e-05	2.66e-05
 2.41429e+16	2.91e-04	3.62e-02	9.62e-01	9.98e-04	0.00e+00	0.00e+00	0.00e+00	0.00e+00	0.00e+00	1.69e-04	8.96e-05	3.01e-05
 2.42234e+16	3.36e-04	3.90e-02	9.60e-01	9.33e-04	0.00e+00	0.00e+00	0.00e+00	0.00e+00	0.00e+00	1.96e-04	1.04e-04	3.48e-05
 2.43087e+16	3.93e-04	4.24e-02	9.56e-01	8.66e-04	0.00e+00	0.00e+00	0.00e+00	0.00e+00	0.00e+00	2.29e-04	1.21e-04	4.07e-05
 2.43806e+16	4.52e-04	4.55e-02	9.53e-01	8.11e-04	0.00e+00	0.00e+00	0.00e+00	0.00e+00	0.00e+00	2.63e-04	1.39e-04	4.68e-05
 2.44427e+16	5.10e-04	4.86e-02	9.50e-01	7.64e-04	0.00e+00	0.00e+00	0.00e+00	0.00e+00	0.00e+00	2.97e-04	1.57e-04	5.28e-05
 2.45115e+16	5.89e-04	5.24e-02	9.46e-01	7.11e-04	0.00e+00	0.00e+00	0.00e+00	0.00e+00	0.00e+00	3.42e-04	1.81e-04	6.09e-05
 2.45857e+16	6.88e-04	5.69e-02	9.42e-01	6.56e-04	0.00e+00	0.00e+00	0.00e+00	0.00e+00	0.00e+00	4.00e-04	2.12e-04	7.12e-05
 2.46500e+16	7.92e-04	6.14e-02	9.37e-01	6.10e-04	0.00e+00	0.00e+00	0.00e+00	0.00e+00	0.00e+00	4.60e-04	2.44e-04	8.20e-05
 2.47061e+16	8.99e-04	6.57e-02	9.33e-01	5.71e-04	0.00e+00	0.00e+00	0.00e+00	0.00e+00	0.00e+00	5.23e-04	2.77e-04	9.30e-05
 2.47683e+16	1.04e-03	7.12e-02	9.27e-01	5.28e-04	0.00e+00	0.00e+00	0.00e+00	0.00e+00	0.00e+00	6.05e-04	3.21e-04	1.08e-04
 2.48349e+16	1.22e-03	7.77e-02	9.21e-01	4.84e-04	0.00e+00	0.00e+00	0.00e+00	0.00e+00	0.00e+00	7.12e-04	3.77e-04	1.27e-04
 2.48918e+16	1.41e-03	8.40e-02	9.14e-01	4.46e-04	0.00e+00	0.00e+00	0.00e+00	0.00e+00	0.00e+00	8.21e-04	4.34e-04	1.46e-04
 2.49415e+16	1.60e-03	9.01e-02	9.08e-01	4.16e-04	0.00e+00	0.00e+00	0.00e+00	0.00e+00	0.00e+00	9.33e-04	4.94e-04	1.66e-04
