#depth	He	He+	He+2
 1.49634e+10	6.16e-23	1.84e-11	1.00e+00
 4.54887e+10	6.85e-23	2.00e-11	1.00e+00
 7.72350e+10	7.59e-23	2.16e-11	1.00e+00
 1.10251e+11	8.42e-23	2.34e-11	1.00e+00
 1.44588e+11	9.34e-23	2.53e-11	1.00e+00
 1.80298e+11	1.04e-22	2.74e-11	1.00e+00
 2.17437e+11	1.15e-22	2.96e-11	1.00e+00
 2.56061e+11	1.28e-22	3.21e-11	1.00e+00
 2.96231e+11	1.42e-22	3.47e-11	1.00e+00
 3.35346e+11	1.57e-22	3.74e-11	1.00e+00
 3.72457e+11	1.72e-22	4.01e-11	1.00e+00
 4.13714e+11	1.90e-22	4.32e-11	1.00e+00
 4.60189e+11	2.12e-22	4.67e-11	1.00e+00
 5.06813e+11	2.36e-22	5.05e-11	1.00e+00
 5.55303e+11	2.63e-22	5.46e-11	1.00e+00
 6.07442e+11	2.94e-22	5.91e-11	1.00e+00
 6.61666e+11	3.30e-22	6.41e-11	1.00e+00
 7.18060e+11	3.69e-22	6.95e-11	1.00e+00
 7.76709e+11	4.14e-22	7.54e-11	1.00e+00
 8.37704e+11	4.65e-22	8.18e-11	1.00e+00
 9.01139e+11	5.23e-22	8.88e-11	1.00e+00
 9.67111e+11	5.89e-22	9.64e-11	1.00e+00
 1.03572e+12	6.63e-22	1.05e-10	1.00e+00
 1.10708e+12	7.47e-22	1.14e-10	1.00e+00
 1.18129e+12	8.42e-22	1.24e-10	1.00e+00
 1.25847e+12	9.51e-22	1.34e-10	1.00e+00
 1.33873e+12	1.08e-21	1.46e-10	1.00e+00
 1.42221e+12	1.23e-21	1.59e-10	1.00e+00
 1.50902e+12	1.40e-21	1.74e-10	1.00e+00
 1.59931e+12	1.59e-21	1.89e-10	1.00e+00
 1.69321e+12	1.82e-21	2.06e-10	1.00e+00
 1.79086e+12	2.07e-21	2.25e-10	1.00e+00
 1.89243e+12	2.36e-21	2.46e-10	1.00e+00
 1.99805e+12	2.68e-21	2.69e-10	1.00e+00
 2.10790e+12	3.05e-21	2.95e-10	1.00e+00
 2.22214e+12	3.47e-21	3.23e-10	1.00e+00
 2.34095e+12	3.95e-21	3.54e-10	1.00e+00
 2.46452e+12	4.50e-21	3.89e-10	1.00e+00
 2.59303e+12	5.12e-21	4.27e-10	1.00e+00
 2.72667e+12	5.83e-21	4.70e-10	1.00e+00
 2.86567e+12	6.64e-21	5.17e-10	1.00e+00
 3.01022e+12	7.57e-21	5.69e-10	1.00e+00
 3.16056e+12	8.66e-21	6.26e-10	1.00e+00
 3.31691e+12	9.92e-21	6.90e-10	1.00e+00
 3.47951e+12	1.14e-20	7.60e-10	1.00e+00
 3.64862e+12	1.31e-20	8.38e-10	1.00e+00
 3.82449e+12	1.52e-20	9.23e-10	1.00e+00
 4.00739e+12	1.76e-20	1.02e-09	1.00e+00
 4.19762e+12	2.05e-20	1.12e-09	1.00e+00
 4.39545e+12	2.39e-20	1.23e-09	1.00e+00
 4.60119e+12	2.81e-20	1.36e-09	1.00e+00
 4.81517e+12	3.30e-20	1.50e-09	1.00e+00
 5.03770e+12	3.88e-20	1.65e-09	1.00e+00
 5.26914e+12	4.59e-20	1.81e-09	1.00e+00
 5.50983e+12	5.42e-20	1.99e-09	1.00e+00
 5.76015e+12	6.42e-20	2.19e-09	1.00e+00
 6.02048e+12	7.62e-20	2.40e-09	1.00e+00
 6.29123e+12	9.04e-20	2.63e-09	1.00e+00
 6.55977e+12	1.07e-19	2.88e-09	1.00e+00
 6.83905e+12	1.26e-19	3.14e-09	1.00e+00
 7.14254e+12	1.49e-19	3.44e-09	1.00e+00
 7.45067e+12	1.77e-19	3.76e-09	1.00e+00
 7.77112e+12	2.09e-19	4.10e-09	1.00e+00
 8.11189e+12	2.48e-19	4.49e-09	1.00e+00
 8.46630e+12	2.95e-19	4.91e-09	1.00e+00
 8.83487e+12	3.50e-19	5.36e-09	1.00e+00
 9.21820e+12	4.16e-19	5.86e-09	1.00e+00
 9.61685e+12	4.93e-19	6.40e-09	1.00e+00
 1.00315e+13	5.84e-19	6.98e-09	1.00e+00
 1.04626e+13	6.92e-19	7.61e-09	1.00e+00
 1.09111e+13	8.19e-19	8.30e-09	1.00e+00
 1.13774e+13	9.68e-19	9.04e-09	1.00e+00
 1.18625e+13	1.14e-18	9.84e-09	1.00e+00
 1.23669e+13	1.35e-18	1.07e-08	1.00e+00
 1.28915e+13	1.60e-18	1.17e-08	1.00e+00
 1.34371e+13	1.89e-18	1.27e-08	1.00e+00
 1.40045e+13	2.22e-18	1.38e-08	1.00e+00
 1.45946e+13	2.62e-18	1.50e-08	1.00e+00
 1.52083e+13	3.09e-18	1.63e-08	1.00e+00
 1.58466e+13	3.64e-18	1.77e-08	1.00e+00
 1.65103e+13	4.28e-18	1.92e-08	1.00e+00
 1.72007e+13	5.04e-18	2.09e-08	1.00e+00
 1.79186e+13	5.93e-18	2.27e-08	1.00e+00
 1.86653e+13	6.97e-18	2.46e-08	1.00e+00
 1.94419e+13	8.19e-18	2.67e-08	1.00e+00
 2.02495e+13	9.63e-18	2.90e-08	1.00e+00
 2.10894e+13	1.13e-17	3.14e-08	1.00e+00
 2.19629e+13	1.33e-17	3.41e-08	1.00e+00
 2.28713e+13	1.56e-17	3.69e-08	1.00e+00
 2.38161e+13	1.83e-17	4.01e-08	1.00e+00
 2.47987e+13	2.15e-17	4.34e-08	1.00e+00
 2.58205e+13	2.52e-17	4.71e-08	1.00e+00
 2.68833e+13	2.96e-17	5.10e-08	1.00e+00
 2.79885e+13	3.47e-17	5.53e-08	1.00e+00
 2.91380e+13	4.08e-17	5.99e-08	1.00e+00
 3.03334e+13	4.78e-17	6.50e-08	1.00e+00
 3.15767e+13	5.61e-17	7.04e-08	1.00e+00
 3.28697e+13	6.59e-17	7.63e-08	1.00e+00
 3.42144e+13	7.73e-17	8.27e-08	1.00e+00
 3.55073e+13	8.97e-17	8.91e-08	1.00e+00
 3.67072e+13	1.02e-16	9.53e-08	1.00e+00
 3.80607e+13	1.18e-16	1.02e-07	1.00e+00
 3.96131e+13	1.39e-16	1.11e-07	1.00e+00
 4.11405e+13	1.62e-16	1.20e-07	1.00e+00
 4.27291e+13	1.89e-16	1.29e-07	1.00e+00
 4.44682e+13	2.22e-16	1.40e-07	1.00e+00
 4.62188e+13	2.59e-16	1.52e-07	1.00e+00
 4.80393e+13	3.03e-16	1.64e-07	1.00e+00
 4.99908e+13	3.56e-16	1.78e-07	1.00e+00
 5.20204e+13	4.19e-16	1.93e-07	1.00e+00
 5.41311e+13	4.92e-16	2.10e-07	1.00e+00
 5.63263e+13	5.79e-16	2.27e-07	1.00e+00
 5.86093e+13	6.82e-16	2.47e-07	1.00e+00
 6.09836e+13	8.03e-16	2.68e-07	1.00e+00
 6.34529e+13	9.45e-16	2.91e-07	1.00e+00
 6.60209e+13	1.11e-15	3.16e-07	1.00e+00
 6.86917e+13	1.31e-15	3.43e-07	1.00e+00
 7.14693e+13	1.55e-15	3.72e-07	1.00e+00
 7.43579e+13	1.83e-15	4.05e-07	1.00e+00
 7.73622e+13	2.16e-15	4.40e-07	1.00e+00
 8.04866e+13	2.54e-15	4.78e-07	1.00e+00
 8.37360e+13	3.01e-15	5.20e-07	1.00e+00
 8.71154e+13	3.55e-15	5.65e-07	1.00e+00
 9.06299e+13	4.20e-15	6.14e-07	1.00e+00
 9.42850e+13	4.96e-15	6.68e-07	1.00e+00
 9.80864e+13	5.88e-15	7.27e-07	1.00e+00
 1.02040e+14	6.95e-15	7.91e-07	1.00e+00
 1.06151e+14	8.25e-15	8.62e-07	1.00e+00
 1.10427e+14	9.76e-15	9.38e-07	1.00e+00
 1.14874e+14	1.16e-14	1.02e-06	1.00e+00
 1.19327e+14	1.37e-14	1.11e-06	1.00e+00
 1.23959e+14	1.61e-14	1.21e-06	1.00e+00
 1.28947e+14	1.91e-14	1.31e-06	1.00e+00
 1.34135e+14	2.27e-14	1.43e-06	1.00e+00
 1.39530e+14	2.71e-14	1.56e-06	1.00e+00
 1.45141e+14	3.22e-14	1.71e-06	1.00e+00
 1.50977e+14	3.83e-14	1.86e-06	1.00e+00
 1.57046e+14	4.57e-14	2.03e-06	1.00e+00
 1.63358e+14	5.44e-14	2.22e-06	1.00e+00
 1.69326e+14	6.39e-14	2.41e-06	1.00e+00
 1.74703e+14	7.35e-14	2.58e-06	1.00e+00
 1.80745e+14	8.56e-14	2.79e-06	1.00e+00
 1.87858e+14	1.02e-13	3.04e-06	1.00e+00
 1.94895e+14	1.20e-13	3.30e-06	1.00e+00
 2.01448e+14	1.39e-13	3.56e-06	1.00e+00
 2.08770e+14	1.64e-13	3.86e-06	1.00e+00
 2.17151e+14	1.96e-13	4.22e-06	1.00e+00
 2.25383e+14	2.31e-13	4.59e-06	1.00e+00
 2.33943e+14	2.74e-13	4.99e-06	1.00e+00
 2.43331e+14	3.26e-13	5.45e-06	1.00e+00
 2.52778e+14	3.87e-13	5.94e-06	1.00e+00
 2.62603e+14	4.59e-13	6.46e-06	1.00e+00
 2.73137e+14	5.46e-13	7.06e-06	1.00e+00
 2.84092e+14	6.50e-13	7.70e-06	1.00e+00
 2.95486e+14	7.73e-13	8.40e-06	1.00e+00
 3.07335e+14	9.19e-13	9.16e-06	1.00e+00
 3.19658e+14	1.09e-12	9.99e-06	1.00e+00
 3.32474e+14	1.30e-12	1.09e-05	1.00e+00
 3.45803e+14	1.54e-12	1.19e-05	1.00e+00
 3.59665e+14	1.82e-12	1.29e-05	1.00e+00
 3.74082e+14	2.16e-12	1.41e-05	1.00e+00
 3.88378e+14	2.53e-12	1.52e-05	1.00e+00
 4.03247e+14	2.97e-12	1.65e-05	1.00e+00
 4.19406e+14	3.52e-12	1.80e-05	1.00e+00
 4.35788e+14	4.14e-12	1.96e-05	1.00e+00
 4.52824e+14	4.87e-12	2.12e-05	1.00e+00
 4.70967e+14	5.75e-12	2.31e-05	1.00e+00
 4.89835e+14	6.79e-12	2.51e-05	1.00e+00
 5.08098e+14	7.92e-12	2.71e-05	1.00e+00
 5.25307e+14	9.11e-12	2.91e-05	1.00e+00
 5.44565e+14	1.06e-11	3.14e-05	1.00e+00
 5.66377e+14	1.25e-11	3.42e-05	1.00e+00
 5.88210e+14	1.46e-11	3.70e-05	1.00e+00
 6.10916e+14	1.71e-11	4.01e-05	1.00e+00
 6.35382e+14	2.01e-11	4.36e-05	1.00e+00
 6.60828e+14	2.37e-11	4.74e-05	1.00e+00
 6.84985e+14	2.74e-11	5.11e-05	1.00e+00
 7.06916e+14	3.13e-11	5.46e-05	1.00e+00
 7.31629e+14	3.60e-11	5.87e-05	1.00e+00
 7.60524e+14	4.23e-11	6.37e-05	1.00e+00
 7.89057e+14	4.91e-11	6.88e-05	1.00e+00
 8.16022e+14	5.62e-11	7.38e-05	1.00e+00
 8.45982e+14	6.51e-11	7.96e-05	1.00e+00
 8.79851e+14	7.64e-11	8.64e-05	1.00e+00
 9.13600e+14	8.88e-11	9.34e-05	1.00e+00
 9.48700e+14	1.03e-10	1.01e-04	1.00e+00
 9.86677e+14	1.21e-10	1.10e-04	1.00e+00
 1.02617e+15	1.41e-10	1.19e-04	1.00e+00
 1.06725e+15	1.65e-10	1.29e-04	1.00e+00
 1.10997e+15	1.93e-10	1.40e-04	1.00e+00
 1.15440e+15	2.26e-10	1.51e-04	1.00e+00
 1.20061e+15	2.63e-10	1.64e-04	1.00e+00
 1.24866e+15	3.07e-10	1.78e-04	1.00e+00
 1.29864e+15	3.58e-10	1.93e-04	1.00e+00
 1.35061e+15	4.17e-10	2.09e-04	1.00e+00
 1.40467e+15	4.86e-10	2.26e-04	1.00e+00
 1.46088e+15	5.66e-10	2.45e-04	1.00e+00
 1.51935e+15	6.59e-10	2.65e-04	1.00e+00
 1.58015e+15	7.67e-10	2.87e-04	1.00e+00
 1.64064e+15	8.86e-10	3.10e-04	1.00e+00
 1.70354e+15	1.02e-09	3.35e-04	1.00e+00
 1.76723e+15	1.18e-09	3.61e-04	1.00e+00
 1.82619e+15	1.34e-09	3.86e-04	1.00e+00
 1.89199e+15	1.54e-09	4.14e-04	1.00e+00
 1.96770e+15	1.79e-09	4.48e-04	1.00e+00
 2.04216e+15	2.06e-09	4.83e-04	1.00e+00
 2.11959e+15	2.38e-09	5.21e-04	9.99e-01
 2.20440e+15	2.76e-09	5.64e-04	9.99e-01
 2.28392e+15	3.17e-09	6.06e-04	9.99e-01
 2.35454e+15	3.56e-09	6.44e-04	9.99e-01
 2.43354e+15	4.05e-09	6.88e-04	9.99e-01
 2.52777e+15	4.69e-09	7.43e-04	9.99e-01
 2.62180e+15	5.39e-09	8.00e-04	9.99e-01
 2.70842e+15	6.11e-09	8.54e-04	9.99e-01
 2.80539e+15	7.01e-09	9.17e-04	9.99e-01
 2.91743e+15	8.15e-09	9.92e-04	9.99e-01
 3.02645e+15	9.39e-09	1.07e-03	9.99e-01
 3.12938e+15	1.07e-08	1.14e-03	9.99e-01
 3.24415e+15	1.23e-08	1.23e-03	9.99e-01
 3.36939e+15	1.42e-08	1.32e-03	9.99e-01
 3.49221e+15	1.64e-08	1.42e-03	9.99e-01
 3.61296e+15	1.87e-08	1.52e-03	9.98e-01
 3.74596e+15	2.15e-08	1.64e-03	9.98e-01
 3.88994e+15	2.49e-08	1.77e-03	9.98e-01
 4.03051e+15	2.86e-08	1.90e-03	9.98e-01
 4.16908e+15	3.27e-08	2.03e-03	9.98e-01
 4.32236e+15	3.77e-08	2.18e-03	9.98e-01
 4.48817e+15	4.37e-08	2.35e-03	9.98e-01
 4.64392e+15	5.00e-08	2.52e-03	9.97e-01
 4.81302e+15	5.76e-08	2.71e-03	9.97e-01
 4.99846e+15	6.69e-08	2.92e-03	9.97e-01
 5.17206e+15	7.65e-08	3.13e-03	9.97e-01
 5.32962e+15	8.62e-08	3.33e-03	9.97e-01
 5.50211e+15	9.80e-08	3.55e-03	9.96e-01
 5.71162e+15	1.14e-07	3.84e-03	9.96e-01
 5.91968e+15	1.32e-07	4.13e-03	9.96e-01
 6.10460e+15	1.49e-07	4.40e-03	9.96e-01
 6.30899e+15	1.70e-07	4.72e-03	9.95e-01
 6.53821e+15	1.97e-07	5.09e-03	9.95e-01
 6.75530e+15	2.26e-07	5.45e-03	9.95e-01
 6.96152e+15	2.55e-07	5.82e-03	9.94e-01
 7.19802e+15	2.95e-07	6.28e-03	9.94e-01
 7.45898e+15	3.42e-07	6.80e-03	9.93e-01
 7.69918e+15	3.92e-07	7.31e-03	9.93e-01
 7.95888e+15	4.54e-07	7.92e-03	9.92e-01
 8.24284e+15	5.30e-07	8.63e-03	9.91e-01
 8.50037e+15	6.09e-07	9.31e-03	9.91e-01
 8.74109e+15	6.93e-07	1.00e-02	9.90e-01
 9.01792e+15	8.05e-07	1.09e-02	9.89e-01
 9.32046e+15	9.46e-07	1.20e-02	9.88e-01
 9.59330e+15	1.09e-06	1.31e-02	9.87e-01
 9.84514e+15	1.25e-06	1.42e-02	9.86e-01
 1.01328e+16	1.47e-06	1.57e-02	9.84e-01
 1.04427e+16	1.74e-06	1.75e-02	9.82e-01
 1.07150e+16	2.03e-06	1.94e-02	9.81e-01
 1.09613e+16	2.34e-06	2.13e-02	9.79e-01
 1.12404e+16	2.78e-06	2.40e-02	9.76e-01
 1.15375e+16	3.36e-06	2.74e-02	9.73e-01
 1.17901e+16	3.97e-06	3.08e-02	9.69e-01
 1.20083e+16	4.64e-06	3.46e-02	9.65e-01
 1.22047e+16	5.37e-06	3.86e-02	9.61e-01
 1.23848e+16	6.19e-06	4.30e-02	9.57e-01
 1.25888e+16	7.40e-06	4.92e-02	9.51e-01
 1.28117e+16	9.06e-06	5.78e-02	9.42e-01
 1.30055e+16	1.10e-05	6.76e-02	9.32e-01
 1.31655e+16	1.32e-05	7.82e-02	9.22e-01
 1.33100e+16	1.57e-05	9.05e-02	9.10e-01
 1.34505e+16	1.89e-05	1.06e-01	8.94e-01
 1.35850e+16	2.31e-05	1.25e-01	8.75e-01
 1.37076e+16	2.84e-05	1.49e-01	8.51e-01
 1.38165e+16	3.45e-05	1.76e-01	8.24e-01
 1.39150e+16	4.20e-05	2.09e-01	7.91e-01
 1.39994e+16	5.05e-05	2.45e-01	7.55e-01
 1.40678e+16	5.91e-05	2.82e-01	7.18e-01
 1.41291e+16	6.85e-05	3.21e-01	6.79e-01
 1.41893e+16	7.93e-05	3.66e-01	6.34e-01
 1.42585e+16	9.48e-05	4.28e-01	5.72e-01
 1.43313e+16	1.14e-04	5.03e-01	4.97e-01
 1.43935e+16	1.32e-04	5.74e-01	4.25e-01
 1.44479e+16	1.50e-04	6.39e-01	3.61e-01
 1.45079e+16	1.69e-04	7.09e-01	2.91e-01
 1.45858e+16	1.93e-04	7.88e-01	2.12e-01
 1.46813e+16	2.18e-04	8.63e-01	1.37e-01
 1.47883e+16	2.38e-04	9.17e-01	8.24e-02
 1.49129e+16	2.55e-04	9.54e-01	4.61e-02
 1.50719e+16	2.70e-04	9.77e-01	2.32e-02
 1.52785e+16	2.84e-04	9.89e-01	1.05e-02
 1.55471e+16	2.99e-04	9.95e-01	4.34e-03
 1.58963e+16	3.17e-04	9.98e-01	1.63e-03
 1.63503e+16	3.41e-04	9.99e-01	5.57e-04
 1.68453e+16	3.69e-04	9.99e-01	2.07e-04
 1.72907e+16	3.95e-04	1.00e+00	9.62e-05
 1.77014e+16	4.22e-04	1.00e+00	5.09e-05
 1.81700e+16	4.55e-04	1.00e+00	2.60e-05
 1.86798e+16	4.95e-04	9.99e-01	1.35e-05
 1.91316e+16	5.34e-04	9.99e-01	7.92e-06
 1.95358e+16	5.73e-04	9.99e-01	5.05e-06
 1.99895e+16	6.23e-04	9.99e-01	3.10e-06
 2.04750e+16	6.83e-04	9.99e-01	1.93e-06
 2.08814e+16	7.41e-04	9.99e-01	1.33e-06
 2.12131e+16	7.94e-04	9.99e-01	9.90e-07
 2.15680e+16	8.62e-04	9.99e-01	7.24e-07
 2.19463e+16	9.48e-04	9.99e-01	5.33e-07
 2.22611e+16	1.03e-03	9.99e-01	4.18e-07
 2.25172e+16	1.11e-03	9.99e-01	3.44e-07
 2.27911e+16	1.21e-03	9.99e-01	2.79e-07
 2.30163e+16	1.30e-03	9.99e-01	2.40e-07
 2.31249e+16	1.35e-03	9.99e-01	2.24e-07
 2.32129e+16	1.40e-03	9.99e-01	2.10e-07
 2.33272e+16	1.46e-03	9.99e-01	1.93e-07
 2.34758e+16	1.55e-03	9.98e-01	1.74e-07
 2.36212e+16	1.65e-03	9.98e-01	1.58e-07
 2.37270e+16	1.72e-03	9.98e-01	1.47e-07
 2.38082e+16	1.79e-03	9.98e-01	1.40e-07
 2.38926e+16	1.86e-03	9.98e-01	1.32e-07
 2.39858e+16	1.95e-03	9.98e-01	1.24e-07
 2.40696e+16	2.04e-03	9.98e-01	1.17e-07
 2.41429e+16	2.12e-03	9.98e-01	1.12e-07
 2.42234e+16	2.22e-03	9.98e-01	1.06e-07
 2.43087e+16	2.34e-03	9.98e-01	1.00e-07
 2.43806e+16	2.44e-03	9.98e-01	9.57e-08
 2.44427e+16	2.55e-03	9.97e-01	9.20e-08
 2.45115e+16	2.67e-03	9.97e-01	8.78e-08
 2.45857e+16	2.81e-03	9.97e-01	8.37e-08
 2.46500e+16	2.94e-03	9.97e-01	8.03e-08
 2.47061e+16	3.07e-03	9.97e-01	7.75e-08
 2.47683e+16	3.23e-03	9.97e-01	7.43e-08
 2.48349e+16	3.41e-03	9.97e-01	7.11e-08
 2.48918e+16	3.59e-03	9.96e-01	6.86e-08
 2.49415e+16	3.75e-03	9.96e-01	6.64e-08
 2.49970e+16	3.96e-03	9.96e-01	6.40e-08
 2.50567e+16	4.20e-03	9.96e-01	6.14e-08
 2.51085e+16	4.43e-03	9.96e-01	5.94e-08
 2.51542e+16	4.66e-03	9.95e-01	5.76e-08
 2.52052e+16	4.94e-03	9.95e-01	5.56e-08
 2.52601e+16	5.27e-03	9.95e-01	5.35e-08
 2.53080e+16	5.60e-03	9.94e-01	5.18e-08
 2.53509e+16	5.93e-03	9.94e-01	5.03e-08
 2.53996e+16	6.35e-03	9.94e-01	4.86e-08
 2.54522e+16	6.86e-03	9.93e-01	4.68e-08
 2.54990e+16	7.39e-03	9.93e-01	4.52e-08
 2.55417e+16	7.94e-03	9.92e-01	4.38e-08
 2.55903e+16	8.67e-03	9.91e-01	4.22e-08
 2.56419e+16	9.57e-03	9.90e-01	4.05e-08
 2.56852e+16	1.05e-02	9.90e-01	3.92e-08
 2.57219e+16	1.13e-02	9.89e-01	3.81e-08
 2.57622e+16	1.25e-02	9.88e-01	3.69e-08
 2.58057e+16	1.39e-02	9.86e-01	3.56e-08
 2.58406e+16	1.53e-02	9.85e-01	3.45e-08
 2.58660e+16	1.65e-02	9.84e-01	3.38e-08
 2.58921e+16	1.79e-02	9.82e-01	3.31e-08
 2.59192e+16	1.95e-02	9.80e-01	3.22e-08
 2.59426e+16	2.12e-02	9.79e-01	3.15e-08
 2.59645e+16	2.30e-02	9.77e-01	3.09e-08
 2.59895e+16	2.53e-02	9.75e-01	3.03e-08
 2.60140e+16	2.80e-02	9.72e-01	2.96e-08
 2.60329e+16	3.05e-02	9.69e-01	2.91e-08
 2.60525e+16	3.34e-02	9.67e-01	2.86e-08
 2.60742e+16	3.72e-02	9.63e-01	2.81e-08
 2.60932e+16	4.11e-02	9.59e-01	2.76e-08
 2.61091e+16	4.48e-02	9.55e-01	2.73e-08
 2.61265e+16	4.95e-02	9.50e-01	2.70e-08
 2.61455e+16	5.55e-02	9.45e-01	2.67e-08
 2.61623e+16	6.18e-02	9.38e-01	2.64e-08
 2.61769e+16	6.81e-02	9.32e-01	2.63e-08
 2.61929e+16	7.63e-02	9.24e-01	2.62e-08
 2.62100e+16	8.63e-02	9.14e-01	2.62e-08
 2.62244e+16	9.63e-02	9.04e-01	2.62e-08
 2.62367e+16	1.06e-01	8.94e-01	2.64e-08
 2.62485e+16	1.17e-01	8.83e-01	2.65e-08
 2.62602e+16	1.29e-01	8.71e-01	2.67e-08
 2.62711e+16	1.41e-01	8.59e-01	2.70e-08
 2.62804e+16	1.53e-01	8.47e-01	2.73e-08
 2.62886e+16	1.64e-01	8.36e-01	2.75e-08
 2.62951e+16	1.73e-01	8.27e-01	2.78e-08
 2.62995e+16	1.80e-01	8.20e-01	2.79e-08
 2.63036e+16	1.87e-01	8.13e-01	2.81e-08
 2.63083e+16	1.95e-01	8.05e-01	2.82e-08
 2.63133e+16	2.04e-01	7.96e-01	2.84e-08
 2.63181e+16	2.14e-01	7.86e-01	2.87e-08
 2.63227e+16	2.22e-01	7.78e-01	2.89e-08
 2.63272e+16	2.32e-01	7.68e-01	2.91e-08
 2.63317e+16	2.42e-01	7.58e-01	2.94e-08
 2.63362e+16	2.52e-01	7.48e-01	2.96e-08
 2.63406e+16	2.62e-01	7.38e-01	2.98e-08
 2.63450e+16	2.73e-01	7.27e-01	3.01e-08
 2.63494e+16	2.84e-01	7.16e-01	3.03e-08
 2.63537e+16	2.96e-01	7.04e-01	3.05e-08
 2.63578e+16	3.07e-01	6.93e-01	3.08e-08
 2.63620e+16	3.19e-01	6.81e-01	3.09e-08
 2.63662e+16	3.31e-01	6.69e-01	3.12e-08
 2.63703e+16	3.44e-01	6.56e-01	3.14e-08
 2.63743e+16	3.56e-01	6.44e-01	3.17e-08
 2.63784e+16	3.69e-01	6.31e-01	3.18e-08
 2.63824e+16	3.83e-01	6.17e-01	3.20e-08
 2.63863e+16	3.96e-01	6.04e-01	3.22e-08
 2.63901e+16	4.09e-01	5.91e-01	3.24e-08
 2.63940e+16	4.23e-01	5.77e-01	3.25e-08
 2.63978e+16	4.37e-01	5.63e-01	3.27e-08
 2.64015e+16	4.51e-01	5.49e-01	3.28e-08
 2.64052e+16	4.65e-01	5.35e-01	3.29e-08
 2.64089e+16	4.79e-01	5.21e-01	3.30e-08
 2.64126e+16	4.93e-01	5.07e-01	3.31e-08
 2.64161e+16	5.07e-01	4.93e-01	3.32e-08
 2.64197e+16	5.21e-01	4.79e-01	3.32e-08
 2.64231e+16	5.36e-01	4.64e-01	3.32e-08
 2.64265e+16	5.49e-01	4.51e-01	3.32e-08
 2.64299e+16	5.63e-01	4.37e-01	3.32e-08
 2.64331e+16	5.76e-01	4.24e-01	3.33e-08
 2.64363e+16	5.89e-01	4.11e-01	3.32e-08
 2.64394e+16	6.01e-01	3.99e-01	3.32e-08
 2.64424e+16	6.14e-01	3.86e-01	3.31e-08
 2.64455e+16	6.26e-01	3.74e-01	3.30e-08
 2.64484e+16	6.38e-01	3.62e-01	3.29e-08
 2.64514e+16	6.50e-01	3.50e-01	3.27e-08
 2.64542e+16	6.61e-01	3.39e-01	3.26e-08
 2.64571e+16	6.72e-01	3.28e-01	3.24e-08
 2.64598e+16	6.83e-01	3.17e-01	3.23e-08
 2.64626e+16	6.94e-01	3.06e-01	3.21e-08
 2.64652e+16	7.04e-01	2.96e-01	3.19e-08
 2.64679e+16	7.14e-01	2.86e-01	3.17e-08
 2.64705e+16	7.23e-01	2.77e-01	3.15e-08
 2.64730e+16	7.33e-01	2.67e-01	3.12e-08
 2.64755e+16	7.42e-01	2.58e-01	3.10e-08
 2.64780e+16	7.51e-01	2.49e-01	3.07e-08
 2.64805e+16	7.59e-01	2.41e-01	3.05e-08
 2.64829e+16	7.68e-01	2.32e-01	3.02e-08
 2.64853e+16	7.76e-01	2.24e-01	2.99e-08
 2.64877e+16	7.83e-01	2.17e-01	2.97e-08
 2.64900e+16	7.91e-01	2.09e-01	2.94e-08
 2.64923e+16	7.98e-01	2.02e-01	2.90e-08
 2.64946e+16	8.05e-01	1.95e-01	2.87e-08
 2.64966e+16	8.11e-01	1.89e-01	2.84e-08
 2.64982e+16	8.16e-01	1.84e-01	2.82e-08
 2.64997e+16	8.20e-01	1.80e-01	2.79e-08
 2.65012e+16	8.25e-01	1.75e-01	2.77e-08
 2.65029e+16	8.30e-01	1.70e-01	2.74e-08
 2.65045e+16	8.34e-01	1.66e-01	2.71e-08
 2.65060e+16	8.38e-01	1.62e-01	2.68e-08
 2.65075e+16	8.43e-01	1.57e-01	2.66e-08
 2.65091e+16	8.47e-01	1.53e-01	2.63e-08
 2.65107e+16	8.51e-01	1.49e-01	2.60e-08
 2.65124e+16	8.55e-01	1.45e-01	2.58e-08
 2.65141e+16	8.59e-01	1.41e-01	2.55e-08
 2.65160e+16	8.64e-01	1.36e-01	2.51e-08
 2.65179e+16	8.69e-01	1.31e-01	2.48e-08
 2.65199e+16	8.73e-01	1.27e-01	2.44e-08
 2.65220e+16	8.78e-01	1.22e-01	2.40e-08
 2.65240e+16	8.82e-01	1.18e-01	2.36e-08
 2.65259e+16	8.86e-01	1.13e-01	2.32e-08
 2.65279e+16	8.91e-01	1.09e-01	2.28e-08
 2.65298e+16	8.95e-01	1.05e-01	2.23e-08
 2.65316e+16	8.98e-01	1.02e-01	2.19e-08
 2.65334e+16	9.02e-01	9.83e-02	2.15e-08
 2.65351e+16	9.05e-01	9.50e-02	2.11e-08
 2.65367e+16	9.08e-01	9.19e-02	2.07e-08
 2.65383e+16	9.11e-01	8.90e-02	2.03e-08
 2.65398e+16	9.14e-01	8.63e-02	1.99e-08
 2.65412e+16	9.16e-01	8.38e-02	1.95e-08
 2.65424e+16	9.18e-01	8.18e-02	1.92e-08
 2.65435e+16	9.20e-01	7.98e-02	1.89e-08
 2.65445e+16	9.22e-01	7.81e-02	1.86e-08
 2.65455e+16	9.23e-01	7.65e-02	1.83e-08
 2.65463e+16	9.25e-01	7.51e-02	1.81e-08
 2.65471e+16	9.26e-01	7.38e-02	1.79e-08
 2.65478e+16	9.27e-01	7.26e-02	1.76e-08
 2.65485e+16	9.29e-01	7.13e-02	1.74e-08
 2.65494e+16	9.30e-01	7.00e-02	1.72e-08
 2.65501e+16	9.31e-01	6.88e-02	1.69e-08
 2.65508e+16	9.32e-01	6.77e-02	1.67e-08
 2.65515e+16	9.34e-01	6.65e-02	1.65e-08
 2.65524e+16	9.35e-01	6.52e-02	1.62e-08
 2.65531e+16	9.36e-01	6.41e-02	1.60e-08
 2.65538e+16	9.37e-01	6.31e-02	1.58e-08
 2.65544e+16	9.38e-01	6.22e-02	1.56e-08
 2.65549e+16	9.39e-01	6.13e-02	1.54e-08
 2.65554e+16	9.39e-01	6.05e-02	1.52e-08
 2.65560e+16	9.40e-01	5.96e-02	1.50e-08
 2.65567e+16	9.41e-01	5.85e-02	1.48e-08
 2.65575e+16	9.43e-01	5.74e-02	1.45e-08
 2.65582e+16	9.44e-01	5.63e-02	1.43e-08
 2.65588e+16	9.45e-01	5.54e-02	1.41e-08
 2.65594e+16	9.45e-01	5.45e-02	1.39e-08
 2.65599e+16	9.46e-01	5.38e-02	1.37e-08
 2.65604e+16	9.47e-01	5.31e-02	1.35e-08
 2.65610e+16	9.48e-01	5.23e-02	1.33e-08
 2.65615e+16	9.49e-01	5.14e-02	1.31e-08
 2.65621e+16	9.49e-01	5.07e-02	1.29e-08
 2.65625e+16	9.50e-01	5.00e-02	1.28e-08
 2.65630e+16	9.51e-01	4.94e-02	1.26e-08
 2.65634e+16	9.51e-01	4.89e-02	1.25e-08
 2.65638e+16	9.52e-01	4.83e-02	1.23e-08
 2.65643e+16	9.52e-01	4.76e-02	1.22e-08
 2.65647e+16	9.53e-01	4.71e-02	1.20e-08
 2.65651e+16	9.54e-01	4.64e-02	1.19e-08
 2.65656e+16	9.54e-01	4.57e-02	1.17e-08
 2.65661e+16	9.55e-01	4.51e-02	1.15e-08
 2.65665e+16	9.55e-01	4.46e-02	1.14e-08
 2.65669e+16	9.56e-01	4.41e-02	1.13e-08
 2.65673e+16	9.56e-01	4.35e-02	1.11e-08
 2.65678e+16	9.57e-01	4.30e-02	1.10e-08
 2.65682e+16	9.58e-01	4.24e-02	1.09e-08
 2.65685e+16	9.58e-01	4.20e-02	1.07e-08
 2.65689e+16	9.59e-01	4.15e-02	1.06e-08
 2.65695e+16	9.59e-01	4.08e-02	1.05e-08
 2.65700e+16	9.60e-01	4.01e-02	1.03e-08
 2.65705e+16	9.60e-01	3.96e-02	1.01e-08
 2.65710e+16	9.61e-01	3.90e-02	1.00e-08
 2.65714e+16	9.61e-01	3.86e-02	9.89e-09
 2.65718e+16	9.62e-01	3.81e-02	9.79e-09
 2.65723e+16	9.62e-01	3.76e-02	9.66e-09
 2.65728e+16	9.63e-01	3.70e-02	9.53e-09
 2.65734e+16	9.64e-01	3.64e-02	9.36e-09
 2.65740e+16	9.64e-01	3.58e-02	9.22e-09
 2.65745e+16	9.65e-01	3.53e-02	9.11e-09
 2.65749e+16	9.65e-01	3.49e-02	9.00e-09
 2.65754e+16	9.66e-01	3.44e-02	8.88e-09
 2.65759e+16	9.66e-01	3.38e-02	8.74e-09
 2.65764e+16	9.67e-01	3.34e-02	8.63e-09
 2.65769e+16	9.67e-01	3.29e-02	8.51e-09
 2.65773e+16	9.67e-01	3.25e-02	8.42e-09
 2.65777e+16	9.68e-01	3.21e-02	8.33e-09
 2.65783e+16	9.68e-01	3.16e-02	8.19e-09
 2.65789e+16	9.69e-01	3.10e-02	8.06e-09
 2.65795e+16	9.69e-01	3.06e-02	7.96e-09
 2.65800e+16	9.70e-01	3.01e-02	7.85e-09
 2.65805e+16	9.70e-01	2.97e-02	7.74e-09
 2.65810e+16	9.71e-01	2.93e-02	7.65e-09
 2.65816e+16	9.71e-01	2.87e-02	7.51e-09
 2.65823e+16	9.72e-01	2.81e-02	7.38e-09
 2.65830e+16	9.72e-01	2.77e-02	7.27e-09
 2.65836e+16	9.73e-01	2.72e-02	7.17e-09
 2.65841e+16	9.73e-01	2.68e-02	7.07e-09
 2.65847e+16	9.74e-01	2.64e-02	6.96e-09
 2.65854e+16	9.74e-01	2.59e-02	6.86e-09
 2.65859e+16	9.74e-01	2.55e-02	6.76e-09
 2.65865e+16	9.75e-01	2.51e-02	6.66e-09
 2.65871e+16	9.75e-01	2.47e-02	6.58e-09
 2.65878e+16	9.76e-01	2.42e-02	6.46e-09
 2.65886e+16	9.76e-01	2.37e-02	6.34e-09
 2.65894e+16	9.77e-01	2.32e-02	6.24e-09
 2.65900e+16	9.77e-01	2.28e-02	6.14e-09
 2.65907e+16	9.78e-01	2.25e-02	6.06e-09
 2.65913e+16	9.78e-01	2.20e-02	5.96e-09
 2.65921e+16	9.78e-01	2.16e-02	5.87e-09
 2.65927e+16	9.79e-01	2.13e-02	5.78e-09
 2.65933e+16	9.79e-01	2.09e-02	5.70e-09
 2.65940e+16	9.79e-01	2.06e-02	5.62e-09
 2.65947e+16	9.80e-01	2.02e-02	5.54e-09
 2.65953e+16	9.80e-01	1.98e-02	5.45e-09
 2.65961e+16	9.81e-01	1.95e-02	5.37e-09
 2.65968e+16	9.81e-01	1.91e-02	5.29e-09
 2.65975e+16	9.81e-01	1.88e-02	5.21e-09
 2.65983e+16	9.82e-01	1.84e-02	5.13e-09
 2.65991e+16	9.82e-01	1.80e-02	5.04e-09
 2.65999e+16	9.82e-01	1.77e-02	4.97e-09
 2.66005e+16	9.83e-01	1.74e-02	4.90e-09
 2.66013e+16	9.83e-01	1.71e-02	4.82e-09
 2.66021e+16	9.83e-01	1.67e-02	4.75e-09
 2.66028e+16	9.84e-01	1.64e-02	4.68e-09
 2.66036e+16	9.84e-01	1.61e-02	4.60e-09
 2.66045e+16	9.84e-01	1.58e-02	4.52e-09
 2.66053e+16	9.85e-01	1.55e-02	4.46e-09
 2.66062e+16	9.85e-01	1.51e-02	4.38e-09
 2.66071e+16	9.85e-01	1.48e-02	4.30e-09
 2.66080e+16	9.85e-01	1.45e-02	4.23e-09
 2.66089e+16	9.86e-01	1.42e-02	4.15e-09
 2.66099e+16	9.86e-01	1.38e-02	4.08e-09
 2.66108e+16	9.86e-01	1.35e-02	4.01e-09
 2.66117e+16	9.87e-01	1.33e-02	3.95e-09
 2.66126e+16	9.87e-01	1.30e-02	3.88e-09
 2.66136e+16	9.87e-01	1.27e-02	3.81e-09
 2.66145e+16	9.88e-01	1.24e-02	3.76e-09
 2.66154e+16	9.88e-01	1.21e-02	3.68e-09
 2.66165e+16	9.88e-01	1.19e-02	3.62e-09
 2.66175e+16	9.88e-01	1.16e-02	3.56e-09
 2.66185e+16	9.89e-01	1.13e-02	3.49e-09
 2.66197e+16	9.89e-01	1.10e-02	3.42e-09
 2.66207e+16	9.89e-01	1.08e-02	3.36e-09
 2.66219e+16	9.90e-01	1.05e-02	3.29e-09
 2.66231e+16	9.90e-01	1.02e-02	3.22e-09
 2.66242e+16	9.90e-01	9.98e-03	3.16e-09
 2.66254e+16	9.90e-01	9.69e-03	3.09e-09
 2.66270e+16	9.91e-01	9.35e-03	3.01e-09
 2.66289e+16	9.91e-01	8.98e-03	2.92e-09
 2.66308e+16	9.91e-01	8.64e-03	2.83e-09
 2.66326e+16	9.92e-01	8.32e-03	2.75e-09
 2.66344e+16	9.92e-01	8.00e-03	2.67e-09
 2.66363e+16	9.92e-01	7.68e-03	2.58e-09
 2.66383e+16	9.93e-01	7.37e-03	2.50e-09
 2.66404e+16	9.93e-01	7.06e-03	2.42e-09
 2.66425e+16	9.93e-01	6.77e-03	2.34e-09
 2.66446e+16	9.94e-01	6.48e-03	2.26e-09
 2.66469e+16	9.94e-01	6.20e-03	2.18e-09
 2.66492e+16	9.94e-01	5.92e-03	2.10e-09
 2.66515e+16	9.94e-01	5.65e-03	2.02e-09
 2.66540e+16	9.95e-01	5.39e-03	1.94e-09
 2.66565e+16	9.95e-01	5.13e-03	1.86e-09
 2.66591e+16	9.95e-01	4.88e-03	1.78e-09
 2.66617e+16	9.95e-01	4.63e-03	1.71e-09
 2.66645e+16	9.96e-01	4.39e-03	1.63e-09
 2.66673e+16	9.96e-01	4.14e-03	1.55e-09
 2.66703e+16	9.96e-01	3.89e-03	1.46e-09
 2.66733e+16	9.96e-01	3.64e-03	1.37e-09
 2.66765e+16	9.97e-01	3.37e-03	1.28e-09
 2.66798e+16	9.97e-01	3.10e-03	1.18e-09
 2.66832e+16	9.97e-01	2.83e-03	1.08e-09
 2.66868e+16	9.97e-01	2.55e-03	9.86e-10
 2.66906e+16	9.98e-01	2.29e-03	8.86e-10
 2.66946e+16	9.98e-01	2.03e-03	7.88e-10
 2.66989e+16	9.98e-01	1.78e-03	6.92e-10
 2.67034e+16	9.98e-01	1.55e-03	6.04e-10
 2.67082e+16	9.99e-01	1.33e-03	5.21e-10
 2.67134e+16	9.99e-01	1.13e-03	4.43e-10
 2.67191e+16	9.99e-01	9.45e-04	3.70e-10
 2.67253e+16	9.99e-01	7.75e-04	3.03e-10
 2.67323e+16	9.99e-01	6.21e-04	2.43e-10
 2.67402e+16	1.00e+00	4.83e-04	1.89e-10
 2.67494e+16	1.00e+00	3.61e-04	1.41e-10
 2.67593e+16	1.00e+00	2.65e-04	1.03e-10
 2.67692e+16	1.00e+00	1.95e-04	7.59e-11
 2.67792e+16	1.00e+00	1.43e-04	5.58e-11
 2.67891e+16	1.00e+00	1.06e-04	4.12e-11
 2.67991e+16	1.00e+00	7.86e-05	3.05e-11
 2.68090e+16	1.00e+00	5.87e-05	2.27e-11
 2.68190e+16	1.00e+00	4.41e-05	1.70e-11
 2.68289e+16	1.00e+00	3.35e-05	1.29e-11
 2.68389e+16	1.00e+00	2.57e-05	9.86e-12
 2.68488e+16	1.00e+00	1.99e-05	7.65e-12
 2.68588e+16	1.00e+00	1.58e-05	6.03e-12
 2.68687e+16	1.00e+00	1.27e-05	4.85e-12
 2.68787e+16	1.00e+00	1.05e-05	3.98e-12
 2.68886e+16	1.00e+00	8.82e-06	3.35e-12
 2.68986e+16	1.00e+00	7.61e-06	2.88e-12
 2.69085e+16	1.00e+00	6.72e-06	2.54e-12
 2.69185e+16	1.00e+00	6.04e-06	2.27e-12
 2.69284e+16	1.00e+00	5.57e-06	2.09e-12
 2.69384e+16	1.00e+00	5.21e-06	1.95e-12
 2.69483e+16	1.00e+00	4.94e-06	1.84e-12
 2.69583e+16	1.00e+00	4.73e-06	1.75e-12
 2.69683e+16	1.00e+00	4.58e-06	1.70e-12
 2.69782e+16	1.00e+00	4.46e-06	1.65e-12
 2.69882e+16	1.00e+00	4.37e-06	1.61e-12
 2.69996e+16	1.00e+00	4.27e-06	1.56e-12
 2.70145e+16	1.00e+00	4.20e-06	1.53e-12
 2.70338e+16	1.00e+00	4.12e-06	1.48e-12
 2.70590e+16	1.00e+00	4.04e-06	1.44e-12
 2.70916e+16	1.00e+00	3.95e-06	1.38e-12
 2.71341e+16	1.00e+00	3.84e-06	1.32e-12
 2.71894e+16	1.00e+00	3.71e-06	1.24e-12
 2.72612e+16	1.00e+00	3.55e-06	1.14e-12
 2.73518e+16	1.00e+00	3.35e-06	1.02e-12
 2.74553e+16	1.00e+00	3.14e-06	9.07e-13
 2.75655e+16	1.00e+00	2.93e-06	7.95e-13
 2.76837e+16	1.00e+00	2.72e-06	6.88e-13
 2.78145e+16	1.00e+00	2.49e-06	5.83e-13
 2.79629e+16	1.00e+00	2.26e-06	4.82e-13
 2.81331e+16	1.00e+00	2.02e-06	3.87e-13
 2.83237e+16	1.00e+00	1.78e-06	3.03e-13
 2.85332e+16	1.00e+00	1.55e-06	2.31e-13
 2.87642e+16	1.00e+00	1.33e-06	1.72e-13
 2.90221e+16	1.00e+00	1.12e-06	1.23e-13
 2.93163e+16	1.00e+00	9.23e-07	8.45e-14
 2.96506e+16	1.00e+00	7.44e-07	5.54e-14
 3.00267e+16	1.00e+00	5.86e-07	3.46e-14
 3.04559e+16	1.00e+00	4.48e-07	2.04e-14
 3.09401e+16	1.00e+00	3.33e-07	1.14e-14
 3.14699e+16	1.00e+00	2.43e-07	6.12e-15
 3.20241e+16	1.00e+00	1.76e-07	3.26e-15
 3.25810e+16	1.00e+00	1.29e-07	1.76e-15
 3.31379e+16	1.00e+00	9.50e-08	9.61e-16
 3.36948e+16	1.00e+00	7.05e-08	5.34e-16
 3.42930e+16	1.00e+00	5.13e-08	2.84e-16
 3.49423e+16	1.00e+00	3.68e-08	1.48e-16
 3.56111e+16	1.00e+00	2.63e-08	7.57e-17
 3.63001e+16	1.00e+00	1.89e-08	3.94e-17
 3.70028e+16	1.00e+00	1.35e-08	2.04e-17
 3.77090e+16	1.00e+00	9.79e-09	1.07e-17
 3.84152e+16	1.00e+00	7.13e-09	5.71e-18
 3.91576e+16	1.00e+00	5.14e-09	2.98e-18
 3.99438e+16	1.00e+00	3.67e-09	1.53e-18
 4.07497e+16	1.00e+00	2.62e-09	7.83e-19
 4.15799e+16	1.00e+00	1.86e-09	3.99e-19
 4.24224e+16	1.00e+00	1.33e-09	2.06e-19
 4.32649e+16	1.00e+00	9.61e-10	1.07e-19
 4.41362e+16	1.00e+00	6.88e-10	5.53e-20
 4.50408e+16	1.00e+00	4.91e-10	2.83e-20
 4.59498e+16	1.00e+00	3.53e-10	1.47e-20
 4.68915e+16	1.00e+00	2.52e-10	7.57e-21
 4.78804e+16	1.00e+00	1.78e-10	0.00e+00
 4.88940e+16	1.00e+00	1.26e-10	0.00e+00
 4.99330e+16	1.00e+00	8.90e-11	0.00e+00
 5.09927e+16	1.00e+00	6.28e-11	0.00e+00
 5.20792e+16	1.00e+00	4.42e-11	0.00e+00
 5.31982e+16	1.00e+00	3.11e-11	0.00e+00
 5.43396e+16	1.00e+00	2.18e-11	0.00e+00
 5.55096e+16	1.00e+00	1.52e-11	0.00e+00
 5.66970e+16	1.00e+00	1.07e-11	0.00e+00
 5.78903e+16	1.00e+00	7.49e-12	0.00e+00
 5.91262e+16	1.00e+00	5.22e-12	0.00e+00
 6.04114e+16	1.00e+00	3.59e-12	0.00e+00
 6.17224e+16	1.00e+00	2.50e-12	0.00e+00
 6.30662e+16	1.00e+00	1.70e-12	0.00e+00
 6.44437e+16	1.00e+00	1.17e-12	0.00e+00
 6.58486e+16	1.00e+00	8.03e-13	0.00e+00
 6.72746e+16	1.00e+00	5.49e-13	0.00e+00
 6.89225e+16	1.00e+00	3.53e-13	0.00e+00
 7.10648e+16	1.00e+00	1.99e-13	0.00e+00
 7.32566e+16	1.00e+00	1.14e-13	0.00e+00
 7.48263e+16	1.00e+00	7.97e-14	0.00e+00
 7.61801e+16	1.00e+00	5.66e-14	0.00e+00
 7.79402e+16	1.00e+00	3.68e-14	0.00e+00
 8.02283e+16	1.00e+00	2.15e-14	0.00e+00
 8.31520e+16	1.00e+00	1.08e-14	0.00e+00
 8.58980e+16	1.00e+00	6.01e-15	0.00e+00
 8.81077e+16	1.00e+00	3.77e-15	0.00e+00
 9.06240e+16	1.00e+00	2.21e-15	0.00e+00
 9.38871e+16	1.00e+00	1.14e-15	0.00e+00
 9.76427e+16	1.00e+00	5.45e-16	0.00e+00
 1.01325e+17	1.00e+00	2.77e-16	0.00e+00
 1.05154e+17	1.00e+00	1.40e-16	0.00e+00
 1.09361e+17	1.00e+00	6.94e-17	0.00e+00
 1.13735e+17	1.00e+00	3.47e-17	0.00e+00
 1.18285e+17	1.00e+00	1.84e-17	0.00e+00
 1.23016e+17	1.00e+00	1.04e-17	0.00e+00
 1.27937e+17	1.00e+00	6.55e-18	0.00e+00
 1.33054e+17	1.00e+00	4.64e-18	0.00e+00
 1.38376e+17	1.00e+00	3.68e-18	0.00e+00
 1.43911e+17	1.00e+00	3.17e-18	0.00e+00
 1.49243e+17	1.00e+00	2.90e-18	0.00e+00
 1.54224e+17	1.00e+00	2.89e-18	0.00e+00
 1.59315e+17	1.00e+00	2.87e-18	0.00e+00
 1.64678e+17	1.00e+00	2.79e-18	0.00e+00
 1.70212e+17	1.00e+00	2.70e-18	0.00e+00
 1.75849e+17	1.00e+00	2.64e-18	0.00e+00
 1.81598e+17	1.00e+00	2.58e-18	0.00e+00
 1.87460e+17	1.00e+00	2.53e-18	0.00e+00
 1.93403e+17	1.00e+00	2.48e-18	0.00e+00
 1.99409e+17	1.00e+00	2.44e-18	0.00e+00
 2.05444e+17	1.00e+00	2.40e-18	0.00e+00
 2.11477e+17	1.00e+00	2.37e-18	0.00e+00
 2.17499e+17	1.00e+00	2.35e-18	0.00e+00
 2.23467e+17	1.00e+00	2.33e-18	0.00e+00
 2.29336e+17	1.00e+00	2.32e-18	0.00e+00
 2.35081e+17	1.00e+00	2.32e-18	0.00e+00
 2.40681e+17	1.00e+00	2.33e-18	0.00e+00
 2.46104e+17	1.00e+00	2.34e-18	0.00e+00
 2.51323e+17	1.00e+00	2.36e-18	0.00e+00
 2.56324e+17	1.00e+00	2.39e-18	0.00e+00
 2.61095e+17	1.00e+00	2.41e-18	0.00e+00
 2.65630e+17	1.00e+00	2.45e-18	0.00e+00
 2.69920e+17	1.00e+00	2.48e-18	0.00e+00
 2.73961e+17	1.00e+00	2.52e-18	0.00e+00
 2.77780e+17	1.00e+00	2.56e-18	0.00e+00
 2.81387e+17	1.00e+00	2.59e-18	0.00e+00
 2.84788e+17	1.00e+00	2.63e-18	0.00e+00
 2.87992e+17	1.00e+00	2.66e-18	0.00e+00
 2.91005e+17	1.00e+00	2.69e-18	0.00e+00
 2.93840e+17	1.00e+00	2.72e-18	0.00e+00
 2.96510e+17	1.00e+00	2.74e-18	0.00e+00
 2.99026e+17	1.00e+00	2.77e-18	0.00e+00
 3.01397e+17	1.00e+00	2.79e-18	0.00e+00
 3.03632e+17	1.00e+00	2.81e-18	0.00e+00
 3.05739e+17	1.00e+00	2.84e-18	0.00e+00
 3.07727e+17	1.00e+00	2.85e-18	0.00e+00
 3.09603e+17	1.00e+00	2.87e-18	0.00e+00
 3.11376e+17	1.00e+00	2.89e-18	0.00e+00
 3.13051e+17	1.00e+00	2.90e-18	0.00e+00
 3.14635e+17	1.00e+00	2.92e-18	0.00e+00
 3.16133e+17	1.00e+00	2.93e-18	0.00e+00
 3.17551e+17	1.00e+00	2.94e-18	0.00e+00
 3.18893e+17	1.00e+00	2.95e-18	0.00e+00
 3.20166e+17	1.00e+00	2.96e-18	0.00e+00
 3.21372e+17	1.00e+00	2.97e-18	0.00e+00
 3.22516e+17	1.00e+00	2.98e-18	0.00e+00
 3.23599e+17	1.00e+00	2.99e-18	0.00e+00
 3.24628e+17	1.00e+00	2.99e-18	0.00e+00
 3.25606e+17	1.00e+00	3.00e-18	0.00e+00
 3.26536e+17	1.00e+00	3.01e-18	0.00e+00
 3.27422e+17	1.00e+00	3.01e-18	0.00e+00
 3.28264e+17	1.00e+00	3.02e-18	0.00e+00
 3.29065e+17	1.00e+00	3.02e-18	0.00e+00
 3.29829e+17	1.00e+00	3.03e-18	0.00e+00
 3.30557e+17	1.00e+00	3.03e-18	0.00e+00
 3.31253e+17	1.00e+00	3.04e-18	0.00e+00
 3.31917e+17	1.00e+00	3.04e-18	0.00e+00
 3.32553e+17	1.00e+00	3.04e-18	0.00e+00
 3.33160e+17	1.00e+00	3.04e-18	0.00e+00
 3.33742e+17	1.00e+00	3.05e-18	0.00e+00
 3.34300e+17	1.00e+00	3.05e-18	0.00e+00
 3.34837e+17	1.00e+00	3.05e-18	0.00e+00
 3.35352e+17	1.00e+00	3.05e-18	0.00e+00
 3.35849e+17	1.00e+00	3.06e-18	0.00e+00
 3.36328e+17	1.00e+00	3.06e-18	0.00e+00
 3.36790e+17	1.00e+00	3.06e-18	0.00e+00
 3.37238e+17	1.00e+00	3.06e-18	0.00e+00
 3.37672e+17	1.00e+00	3.06e-18	0.00e+00
 3.38095e+17	1.00e+00	3.06e-18	0.00e+00
 3.38507e+17	1.00e+00	3.06e-18	0.00e+00
 3.38910e+17	1.00e+00	3.06e-18	0.00e+00
 3.39305e+17	1.00e+00	3.07e-18	0.00e+00
 3.39694e+17	1.00e+00	3.07e-18	0.00e+00
 3.40079e+17	1.00e+00	3.07e-18	0.00e+00
 3.40461e+17	1.00e+00	3.07e-18	0.00e+00
 3.40843e+17	1.00e+00	3.06e-18	0.00e+00
 3.41226e+17	1.00e+00	3.06e-18	0.00e+00
 3.41613e+17	1.00e+00	3.06e-18	0.00e+00
 3.42007e+17	1.00e+00	3.06e-18	0.00e+00
 3.42411e+17	1.00e+00	3.06e-18	0.00e+00
 3.42830e+17	1.00e+00	3.06e-18	0.00e+00
 3.43267e+17	1.00e+00	3.05e-18	0.00e+00
 3.43731e+17	1.00e+00	3.05e-18	0.00e+00
 3.44228e+17	1.00e+00	3.05e-18	0.00e+00
 3.44769e+17	1.00e+00	3.04e-18	0.00e+00
 3.45368e+17	1.00e+00	3.03e-18	0.00e+00
 3.46046e+17	1.00e+00	3.02e-18	0.00e+00
 3.46830e+17	1.00e+00	3.01e-18	0.00e+00
 3.47759e+17	1.00e+00	2.98e-18	0.00e+00
 3.48892e+17	1.00e+00	2.95e-18	0.00e+00
 3.50319e+17	1.00e+00	2.91e-18	0.00e+00
 3.52158e+17	1.00e+00	2.83e-18	0.00e+00
 3.54549e+17	1.00e+00	2.72e-18	0.00e+00
 3.57657e+17	1.00e+00	2.56e-18	0.00e+00
 3.61697e+17	1.00e+00	2.34e-18	0.00e+00
 3.66950e+17	1.00e+00	2.06e-18	0.00e+00
 3.73779e+17	1.00e+00	1.73e-18	0.00e+00
 3.82656e+17	1.00e+00	1.36e-18	0.00e+00
 3.94196e+17	1.00e+00	9.78e-19	0.00e+00
 4.08733e+17	1.00e+00	6.26e-19	0.00e+00
 4.25083e+17	1.00e+00	3.86e-19	0.00e+00
 4.42086e+17	1.00e+00	3.19e-19	0.00e+00
 4.59247e+17	1.00e+00	2.65e-19	0.00e+00
 4.75735e+17	1.00e+00	2.50e-19	0.00e+00
 4.91292e+17	1.00e+00	2.55e-19	0.00e+00
 5.06044e+17	1.00e+00	2.55e-19	0.00e+00
 5.19938e+17	1.00e+00	2.48e-19	0.00e+00
 5.32793e+17	1.00e+00	2.44e-19	0.00e+00
 5.44358e+17	1.00e+00	2.42e-19	0.00e+00
 5.54472e+17	1.00e+00	2.46e-19	0.00e+00
 5.63200e+17	1.00e+00	2.48e-19	0.00e+00
 5.69807e+17	1.00e+00	2.45e-19	0.00e+00
 5.73687e+17	1.00e+00	2.73e-19	0.00e+00
 5.75706e+17	1.00e+00	3.00e-19	0.00e+00
 5.76855e+17	1.00e+00	3.14e-19	0.00e+00
 5.77544e+17	1.00e+00	3.22e-19	0.00e+00
 5.78006e+17	1.00e+00	3.27e-19	0.00e+00
 5.78395e+17	1.00e+00	3.30e-19	0.00e+00
 5.78808e+17	1.00e+00	3.33e-19	0.00e+00
 5.79241e+17	1.00e+00	3.35e-19	0.00e+00
 5.79660e+17	1.00e+00	3.36e-19	0.00e+00
 5.80047e+17	1.00e+00	3.37e-19	0.00e+00
 5.80379e+17	1.00e+00	3.38e-19	0.00e+00
 5.80688e+17	1.00e+00	3.38e-19	0.00e+00
 5.80982e+17	1.00e+00	3.38e-19	0.00e+00
 5.81268e+17	1.00e+00	3.38e-19	0.00e+00
 5.81529e+17	1.00e+00	3.38e-19	0.00e+00
 5.81759e+17	1.00e+00	3.37e-19	0.00e+00
 5.81987e+17	1.00e+00	3.37e-19	0.00e+00
 5.82226e+17	1.00e+00	3.37e-19	0.00e+00
 5.82455e+17	1.00e+00	3.36e-19	0.00e+00
 5.82656e+17	1.00e+00	3.35e-19	0.00e+00
 5.82840e+17	1.00e+00	3.39e-19	0.00e+00
 5.83022e+17	1.00e+00	3.42e-19	0.00e+00
 5.83212e+17	1.00e+00	3.40e-19	0.00e+00
 5.83394e+17	1.00e+00	3.33e-19	0.00e+00
 5.83554e+17	1.00e+00	3.65e-19	0.00e+00
 5.83711e+17	1.00e+00	3.83e-19	0.00e+00
 5.83878e+17	1.00e+00	3.82e-19	0.00e+00
 5.84040e+17	1.00e+00	3.39e-19	0.00e+00
 5.84185e+17	1.00e+00	4.54e-19	0.00e+00
 5.84328e+17	1.00e+00	4.90e-19	0.00e+00
 5.84475e+17	1.00e+00	4.78e-19	0.00e+00
 5.84622e+17	1.00e+00	4.18e-19	0.00e+00
 5.84765e+17	1.00e+00	4.72e-19	0.00e+00
 5.84904e+17	1.00e+00	5.12e-19	0.00e+00
 5.85043e+17	1.00e+00	5.59e-19	0.00e+00
 5.85182e+17	1.00e+00	5.14e-19	0.00e+00
 5.85318e+17	1.00e+00	5.88e-19	0.00e+00
 5.85456e+17	1.00e+00	5.72e-19	0.00e+00
 5.85596e+17	1.00e+00	5.45e-19	0.00e+00
 5.85738e+17	1.00e+00	4.72e-19	0.00e+00
 5.85879e+17	1.00e+00	4.97e-19	0.00e+00
 5.86016e+17	1.00e+00	4.86e-19	0.00e+00
 5.86161e+17	1.00e+00	6.49e-19	0.00e+00
 5.86316e+17	1.00e+00	3.52e-19	0.00e+00
 5.86465e+17	1.00e+00	3.77e-19	0.00e+00
 5.86606e+17	1.00e+00	4.16e-19	0.00e+00
 5.86756e+17	1.00e+00	5.65e-19	0.00e+00
 5.86918e+17	1.00e+00	3.27e-19	0.00e+00
 5.87087e+17	1.00e+00	3.36e-19	0.00e+00
 5.87258e+17	1.00e+00	3.07e-19	0.00e+00
 5.87420e+17	1.00e+00	3.19e-19	0.00e+00
 5.87583e+17	1.00e+00	3.36e-19	0.00e+00
 5.87759e+17	1.00e+00	3.07e-19	0.00e+00
 5.87932e+17	1.00e+00	2.96e-19	0.00e+00
 5.88107e+17	1.00e+00	3.14e-19	0.00e+00
 5.88299e+17	1.00e+00	2.87e-19	0.00e+00
 5.88492e+17	1.00e+00	2.82e-19	0.00e+00
 5.88677e+17	1.00e+00	2.82e-19	0.00e+00
 5.88872e+17	1.00e+00	2.81e-19	0.00e+00
 5.89083e+17	1.00e+00	2.74e-19	0.00e+00
 5.89300e+17	1.00e+00	2.71e-19	0.00e+00
 5.89508e+17	1.00e+00	2.68e-19	0.00e+00
 5.89718e+17	1.00e+00	2.66e-19	0.00e+00
 5.89943e+17	1.00e+00	2.63e-19	0.00e+00
 5.90178e+17	1.00e+00	2.59e-19	0.00e+00
 5.90411e+17	1.00e+00	2.56e-19	0.00e+00
 5.90648e+17	1.00e+00	2.53e-19	0.00e+00
 5.90896e+17	1.00e+00	2.50e-19	0.00e+00
 5.91151e+17	1.00e+00	2.46e-19	0.00e+00
 5.91411e+17	1.00e+00	2.43e-19	0.00e+00
 5.91676e+17	1.00e+00	2.39e-19	0.00e+00
 5.91947e+17	1.00e+00	2.35e-19	0.00e+00
 5.92225e+17	1.00e+00	2.31e-19	0.00e+00
 5.92504e+17	1.00e+00	2.28e-19	0.00e+00
 5.92803e+17	1.00e+00	2.24e-19	0.00e+00
 5.93115e+17	1.00e+00	2.19e-19	0.00e+00
 5.93427e+17	1.00e+00	2.15e-19	0.00e+00
 5.93738e+17	1.00e+00	2.10e-19	0.00e+00
 5.94052e+17	1.00e+00	2.06e-19	0.00e+00
 5.94378e+17	1.00e+00	2.02e-19	0.00e+00
 5.94716e+17	1.00e+00	1.97e-19	0.00e+00
 5.95062e+17	1.00e+00	1.92e-19	0.00e+00
 5.95407e+17	1.00e+00	1.88e-19	0.00e+00
 5.95754e+17	1.00e+00	1.83e-19	0.00e+00
 5.96112e+17	1.00e+00	1.78e-19	0.00e+00
 5.96487e+17	1.00e+00	1.64e-19	0.00e+00
 5.96873e+17	1.00e+00	1.59e-19	0.00e+00
 5.97260e+17	1.00e+00	1.54e-19	0.00e+00
 5.97650e+17	1.00e+00	1.49e-19	0.00e+00
 5.98050e+17	1.00e+00	1.44e-19	0.00e+00
 5.98464e+17	1.00e+00	1.40e-19	0.00e+00
 5.98890e+17	1.00e+00	1.35e-19	0.00e+00
 5.99317e+17	1.00e+00	1.30e-19	0.00e+00
 5.99747e+17	1.00e+00	1.25e-19	0.00e+00
 6.00188e+17	1.00e+00	1.20e-19	0.00e+00
 6.00653e+17	1.00e+00	1.15e-19	0.00e+00
 6.01126e+17	1.00e+00	1.10e-19	0.00e+00
 6.01593e+17	1.00e+00	1.06e-19	0.00e+00
 6.02076e+17	1.00e+00	1.01e-19	0.00e+00
 6.02562e+17	1.00e+00	9.60e-20	0.00e+00
 6.03072e+17	1.00e+00	9.14e-20	0.00e+00
 6.03607e+17	1.00e+00	8.64e-20	0.00e+00
 6.04133e+17	1.00e+00	8.17e-20	0.00e+00
 6.04661e+17	1.00e+00	7.75e-20	0.00e+00
 6.05227e+17	1.00e+00	7.30e-20	0.00e+00
 6.05826e+17	1.00e+00	6.82e-20	0.00e+00
 6.06412e+17	1.00e+00	6.38e-20	0.00e+00
 6.07002e+17	1.00e+00	5.98e-20	0.00e+00
 6.07630e+17	1.00e+00	5.57e-20	0.00e+00
 6.08271e+17	1.00e+00	5.16e-20	0.00e+00
 6.08866e+17	1.00e+00	4.78e-20	0.00e+00
 6.09392e+17	1.00e+00	4.47e-20	0.00e+00
 6.09867e+17	1.00e+00	4.22e-20	0.00e+00
 6.10318e+17	1.00e+00	3.99e-20	0.00e+00
 6.10756e+17	1.00e+00	3.78e-20	0.00e+00
 6.11177e+17	1.00e+00	3.58e-20	0.00e+00
 6.11577e+17	1.00e+00	3.39e-20	0.00e+00
 6.11957e+17	1.00e+00	3.23e-20	0.00e+00
 6.12320e+17	1.00e+00	3.08e-20	0.00e+00
 6.12670e+17	1.00e+00	2.93e-20	0.00e+00
 6.13007e+17	1.00e+00	2.80e-20	0.00e+00
 6.13331e+17	1.00e+00	2.68e-20	0.00e+00
 6.13640e+17	1.00e+00	2.56e-20	0.00e+00
 6.13937e+17	1.00e+00	2.45e-20	0.00e+00
 6.14223e+17	1.00e+00	2.35e-20	0.00e+00
 6.14499e+17	1.00e+00	2.25e-20	0.00e+00
 6.14763e+17	1.00e+00	2.17e-20	0.00e+00
 6.15017e+17	1.00e+00	2.08e-20	0.00e+00
 6.15263e+17	1.00e+00	2.01e-20	0.00e+00
 6.15501e+17	1.00e+00	1.93e-20	0.00e+00
 6.15730e+17	1.00e+00	1.86e-20	0.00e+00
 6.15952e+17	1.00e+00	1.80e-20	0.00e+00
 6.16167e+17	1.00e+00	1.73e-20	0.00e+00
 6.16376e+17	1.00e+00	1.68e-20	0.00e+00
 6.16578e+17	1.00e+00	1.62e-20	0.00e+00
 6.16774e+17	1.00e+00	1.57e-20	0.00e+00
 6.16966e+17	1.00e+00	1.52e-20	0.00e+00
 6.17153e+17	1.00e+00	1.47e-20	0.00e+00
 6.17336e+17	1.00e+00	1.43e-20	0.00e+00
 6.17515e+17	1.00e+00	1.38e-20	0.00e+00
 6.17690e+17	1.00e+00	1.34e-20	0.00e+00
 6.17862e+17	1.00e+00	1.30e-20	0.00e+00
 6.18058e+17	1.00e+00	1.26e-20	0.00e+00
 6.18312e+17	1.00e+00	1.21e-20	0.00e+00
 6.18643e+17	1.00e+00	1.13e-20	0.00e+00
 6.19073e+17	1.00e+00	1.03e-20	0.00e+00
 6.19632e+17	1.00e+00	9.27e-21	0.00e+00
 6.20338e+17	1.00e+00	8.08e-21	0.00e+00
 6.21097e+17	1.00e+00	6.87e-21	0.00e+00
 6.21773e+17	1.00e+00	5.95e-21	0.00e+00
 6.22352e+17	1.00e+00	5.32e-21	0.00e+00
 6.22893e+17	1.00e+00	4.84e-21	0.00e+00
 6.23446e+17	1.00e+00	4.36e-21	0.00e+00
 6.24020e+17	1.00e+00	3.88e-21	0.00e+00
 6.24596e+17	1.00e+00	3.46e-21	0.00e+00
 6.25164e+17	1.00e+00	3.10e-21	0.00e+00
 6.25731e+17	1.00e+00	2.79e-21	0.00e+00
 6.26307e+17	1.00e+00	2.50e-21	0.00e+00
