#depth	N	N+	N+2	N+3	N+4	N+5	N+6	N+7
 1.49634e+10	0.00e+00	0.00e+00	3.28e-28	9.88e-19	5.40e-10	9.31e-01	6.93e-02	2.01e-06
 4.54887e+10	0.00e+00	2.71e-38	4.18e-28	1.17e-18	5.88e-10	9.36e-01	6.41e-02	1.72e-06
 7.72350e+10	0.00e+00	0.00e+00	5.33e-28	1.37e-18	6.40e-10	9.41e-01	5.93e-02	1.47e-06
 1.10251e+11	0.00e+00	5.15e-38	6.80e-28	1.62e-18	6.96e-10	9.45e-01	5.49e-02	1.26e-06
 1.44588e+11	0.00e+00	0.00e+00	8.66e-28	1.90e-18	7.57e-10	9.49e-01	5.07e-02	1.07e-06
 1.80298e+11	0.00e+00	9.79e-38	1.10e-27	2.24e-18	8.23e-10	9.53e-01	4.68e-02	9.15e-07
 2.17437e+11	0.00e+00	0.00e+00	1.41e-27	2.64e-18	8.95e-10	9.57e-01	4.33e-02	0.00e+00
 2.56061e+11	0.00e+00	1.86e-37	1.79e-27	3.11e-18	9.73e-10	9.60e-01	3.99e-02	0.00e+00
 2.93827e+11	0.00e+00	0.00e+00	2.25e-27	3.62e-18	1.05e-09	9.63e-01	3.70e-02	0.00e+00
 3.28709e+11	0.00e+00	3.30e-37	2.76e-27	4.15e-18	1.13e-09	9.65e-01	3.46e-02	0.00e+00
 3.67365e+11	0.00e+00	0.00e+00	3.43e-27	4.81e-18	1.22e-09	9.68e-01	3.22e-02	0.00e+00
 4.11962e+11	0.00e+00	6.09e-37	4.37e-27	5.66e-18	1.32e-09	9.70e-01	2.96e-02	0.00e+00
 4.55780e+11	0.00e+00	0.00e+00	5.50e-27	6.60e-18	1.43e-09	9.73e-01	2.74e-02	0.00e+00
 5.01351e+11	0.00e+00	1.12e-36	6.93e-27	7.70e-18	1.54e-09	9.75e-01	2.54e-02	0.00e+00
 5.51332e+11	0.00e+00	0.00e+00	8.83e-27	9.07e-18	1.68e-09	9.77e-01	2.34e-02	0.00e+00
 6.01988e+11	0.00e+00	2.12e-36	1.12e-26	1.06e-17	1.82e-09	9.78e-01	2.16e-02	0.00e+00
 6.54671e+11	6.25e-47	2.91e-36	1.42e-26	1.25e-17	1.97e-09	9.80e-01	1.99e-02	0.00e+00
 7.10784e+11	0.00e+00	0.00e+00	1.81e-26	1.47e-17	2.14e-09	9.82e-01	1.83e-02	0.00e+00
 7.69143e+11	0.00e+00	5.56e-36	2.31e-26	1.73e-17	2.33e-09	9.83e-01	1.69e-02	0.00e+00
 8.29835e+11	2.10e-46	7.69e-36	2.95e-26	2.04e-17	2.53e-09	9.84e-01	1.55e-02	0.00e+00
 8.92955e+11	0.00e+00	0.00e+00	3.77e-26	2.41e-17	2.75e-09	9.86e-01	1.43e-02	0.00e+00
 9.58600e+11	0.00e+00	1.47e-35	4.82e-26	2.84e-17	2.99e-09	9.87e-01	1.31e-02	0.00e+00
 1.02687e+12	7.13e-46	2.04e-35	6.17e-26	3.35e-17	3.25e-09	9.88e-01	1.21e-02	0.00e+00
 1.09787e+12	0.00e+00	0.00e+00	7.89e-26	3.95e-17	3.53e-09	9.89e-01	1.11e-02	0.00e+00
 1.16467e+12	0.00e+00	3.81e-35	9.86e-26	4.59e-17	3.81e-09	9.90e-01	1.03e-02	0.00e+00
 1.22444e+12	2.14e-45	4.92e-35	1.20e-25	5.23e-17	4.07e-09	9.90e-01	9.62e-03	0.00e+00
 1.29155e+12	0.00e+00	0.00e+00	1.48e-25	6.03e-17	4.37e-09	9.91e-01	8.95e-03	0.00e+00
 1.37103e+12	0.00e+00	8.99e-35	1.89e-25	7.10e-17	4.75e-09	9.92e-01	8.23e-03	0.00e+00
 1.45054e+12	6.67e-45	1.23e-34	2.38e-25	8.30e-17	5.14e-09	9.92e-01	7.60e-03	0.00e+00
 1.52522e+12	0.00e+00	0.00e+00	2.94e-25	9.58e-17	5.52e-09	9.93e-01	7.07e-03	0.00e+00
 1.60815e+12	0.00e+00	2.20e-34	3.70e-25	1.12e-16	5.97e-09	9.93e-01	6.54e-03	0.00e+00
 1.70240e+12	2.09e-44	3.06e-34	4.75e-25	1.32e-16	6.50e-09	9.94e-01	6.00e-03	0.00e+00
 1.79632e+12	0.00e+00	4.21e-34	6.05e-25	1.56e-16	7.06e-09	9.94e-01	5.52e-03	0.00e+00
 1.89400e+12	4.64e-44	5.80e-34	7.71e-25	1.83e-16	7.67e-09	9.95e-01	5.08e-03	0.00e+00
 1.99968e+12	0.00e+00	8.11e-34	9.93e-25	2.18e-16	8.36e-09	9.95e-01	4.66e-03	0.00e+00
 2.10960e+12	1.07e-43	1.13e-33	1.28e-24	2.58e-16	9.12e-09	9.96e-01	4.27e-03	0.00e+00
 2.21322e+12	0.00e+00	1.54e-33	1.61e-24	3.02e-16	9.87e-09	9.96e-01	3.95e-03	0.00e+00
 2.30635e+12	2.18e-43	2.00e-33	1.97e-24	3.46e-16	1.06e-08	9.96e-01	3.69e-03	0.00e+00
 2.41113e+12	0.00e+00	2.68e-33	2.46e-24	4.02e-16	1.14e-08	9.97e-01	3.42e-03	0.00e+00
 2.53472e+12	4.73e-43	3.73e-33	3.15e-24	4.76e-16	1.24e-08	9.97e-01	3.13e-03	0.00e+00
 2.65792e+12	0.00e+00	5.12e-33	4.01e-24	5.60e-16	1.35e-08	9.97e-01	2.89e-03	0.00e+00
 2.77399e+12	1.01e-42	6.83e-33	4.99e-24	6.51e-16	1.46e-08	9.97e-01	2.68e-03	0.00e+00
 2.90282e+12	0.00e+00	9.33e-33	6.33e-24	7.65e-16	1.58e-08	9.98e-01	2.47e-03	0.00e+00
 3.04886e+12	2.26e-42	1.31e-32	8.20e-24	9.12e-16	1.73e-08	9.98e-01	2.26e-03	0.00e+00
 3.19338e+12	0.00e+00	1.82e-32	1.05e-23	1.08e-15	1.89e-08	9.98e-01	2.07e-03	0.00e+00
 3.33321e+12	4.95e-42	2.46e-32	1.32e-23	1.27e-15	2.05e-08	9.98e-01	1.91e-03	0.00e+00
 3.48598e+12	0.00e+00	3.39e-32	1.69e-23	1.50e-15	2.23e-08	9.98e-01	1.75e-03	0.00e+00
 3.65535e+12	1.13e-41	4.78e-32	2.20e-23	1.79e-15	2.45e-08	9.98e-01	1.60e-03	0.00e+00
 3.82663e+12	0.00e+00	6.67e-32	2.84e-23	2.14e-15	2.68e-08	9.99e-01	1.46e-03	0.00e+00
 3.99334e+12	2.52e-41	9.13e-32	3.61e-23	2.52e-15	2.91e-08	9.99e-01	1.35e-03	0.00e+00
 4.17159e+12	0.00e+00	1.26e-31	4.63e-23	2.99e-15	3.18e-08	9.99e-01	1.23e-03	0.00e+00
 4.36838e+12	5.74e-41	1.78e-31	6.02e-23	3.59e-15	3.49e-08	9.99e-01	1.12e-03	0.00e+00
 4.56867e+12	0.00e+00	2.48e-31	7.79e-23	4.30e-15	3.83e-08	9.99e-01	1.03e-03	0.00e+00
 4.77697e+12	1.32e-40	3.47e-31	1.01e-22	5.15e-15	4.21e-08	9.99e-01	9.36e-04	0.00e+00
 4.99797e+12	0.00e+00	4.89e-31	1.31e-22	6.19e-15	4.63e-08	9.99e-01	8.52e-04	0.00e+00
 5.22782e+12	3.05e-40	6.87e-31	1.71e-22	7.44e-15	5.10e-08	9.99e-01	7.75e-04	0.00e+00
 5.43559e+12	0.00e+00	9.24e-31	2.15e-22	8.75e-15	5.54e-08	9.99e-01	7.13e-04	0.00e+00
 5.60854e+12	5.90e-40	1.17e-30	2.59e-22	9.96e-15	5.93e-08	9.99e-01	6.67e-04	0.00e+00
 5.79794e+12	0.00e+00	1.51e-30	3.16e-22	1.14e-14	6.38e-08	9.99e-01	6.21e-04	0.00e+00
 6.03806e+12	1.18e-39	2.06e-30	4.02e-22	1.36e-14	6.98e-08	9.99e-01	5.69e-04	0.00e+00
 6.28857e+12	0.00e+00	2.81e-30	5.12e-22	1.61e-14	7.64e-08	9.99e-01	5.20e-04	0.00e+00
 6.51024e+12	2.38e-39	3.66e-30	6.29e-22	1.87e-14	8.25e-08	1.00e+00	4.82e-04	0.00e+00
 6.71721e+12	0.00e+00	4.64e-30	7.59e-22	2.13e-14	8.85e-08	1.00e+00	4.50e-04	0.00e+00
 6.95355e+12	4.39e-39	6.03e-30	9.32e-22	2.47e-14	9.57e-08	1.00e+00	4.17e-04	0.00e+00
 7.24385e+12	0.00e+00	8.23e-30	1.19e-21	2.94e-14	1.05e-07	1.00e+00	3.81e-04	0.00e+00
 7.53298e+12	9.19e-39	1.11e-29	1.50e-21	3.47e-14	1.15e-07	1.00e+00	3.49e-04	0.00e+00
 7.78436e+12	0.00e+00	1.42e-29	1.83e-21	3.99e-14	1.24e-07	1.00e+00	3.25e-04	0.00e+00
 8.05798e+12	1.70e-38	1.84e-29	2.24e-21	4.63e-14	1.34e-07	1.00e+00	3.00e-04	0.00e+00
 8.39185e+12	0.00e+00	2.49e-29	2.85e-21	5.50e-14	1.47e-07	1.00e+00	2.74e-04	0.00e+00
 8.73276e+12	3.53e-38	3.35e-29	3.61e-21	6.52e-14	1.61e-07	1.00e+00	2.51e-04	0.00e+00
 9.04612e+12	0.00e+00	4.36e-29	4.44e-21	7.58e-14	1.74e-07	1.00e+00	2.32e-04	0.00e+00
 9.39496e+12	6.82e-38	5.77e-29	5.54e-21	8.90e-14	1.90e-07	1.00e+00	2.13e-04	0.00e+00
 9.79893e+12	0.00e+00	7.88e-29	7.09e-21	1.06e-13	2.09e-07	1.00e+00	1.94e-04	0.00e+00
 1.01969e+13	1.42e-37	1.06e-28	8.95e-21	1.26e-13	2.28e-07	1.00e+00	1.78e-04	0.00e+00
 1.05780e+13	0.00e+00	1.38e-28	1.11e-20	1.47e-13	2.48e-07	1.00e+00	1.64e-04	0.00e+00
 1.09984e+13	2.78e-37	1.84e-28	1.39e-20	1.73e-13	2.71e-07	1.00e+00	1.50e-04	0.00e+00
 1.14683e+13	0.00e+00	2.50e-28	1.77e-20	2.06e-13	2.98e-07	1.00e+00	1.37e-04	0.00e+00
 1.18956e+13	5.56e-37	3.27e-28	2.19e-20	2.40e-13	3.23e-07	1.00e+00	1.26e-04	0.00e+00
 1.22554e+13	0.00e+00	4.06e-28	2.60e-20	2.72e-13	3.45e-07	1.00e+00	1.18e-04	0.00e+00
 1.26512e+13	9.58e-37	5.12e-28	3.12e-20	3.11e-13	3.71e-07	1.00e+00	1.10e-04	0.00e+00
 1.30979e+13	0.00e+00	6.59e-28	3.81e-20	3.59e-13	4.01e-07	1.00e+00	1.02e-04	0.00e+00
 1.35257e+13	1.73e-36	8.33e-28	4.59e-20	4.10e-13	4.30e-07	1.00e+00	9.51e-05	0.00e+00
 1.39965e+13	0.00e+00	1.07e-27	5.59e-20	4.72e-13	4.64e-07	1.00e+00	8.83e-05	0.00e+00
 1.45195e+13	3.23e-36	1.40e-27	6.90e-20	5.49e-13	5.04e-07	1.00e+00	8.15e-05	0.00e+00
 1.50097e+13	0.00e+00	1.78e-27	8.34e-20	6.30e-13	5.42e-07	1.00e+00	7.58e-05	0.00e+00
 1.55462e+13	5.90e-36	2.29e-27	1.02e-19	7.28e-13	5.86e-07	1.00e+00	7.02e-05	0.00e+00
 1.61496e+13	0.00e+00	3.02e-27	1.27e-19	8.51e-13	6.37e-07	1.00e+00	6.46e-05	0.00e+00
 1.67260e+13	1.13e-35	3.90e-27	1.55e-19	9.83e-13	6.88e-07	1.00e+00	5.99e-05	0.00e+00
 1.73573e+13	0.00e+00	5.11e-27	1.92e-19	1.14e-12	7.46e-07	1.00e+00	5.53e-05	0.00e+00
 1.80257e+13	2.19e-35	6.73e-27	2.38e-19	1.33e-12	8.10e-07	1.00e+00	5.10e-05	0.00e+00
 1.86107e+13	0.00e+00	8.49e-27	2.86e-19	1.52e-12	8.69e-07	1.00e+00	4.76e-05	0.00e+00
 1.92356e+13	3.89e-35	1.08e-26	3.45e-19	1.74e-12	9.33e-07	1.00e+00	4.43e-05	0.00e+00
 1.99955e+13	0.00e+00	1.43e-26	4.31e-19	2.04e-12	1.01e-06	1.00e+00	4.08e-05	0.00e+00
 2.07523e+13	7.64e-35	1.88e-26	5.33e-19	2.37e-12	1.10e-06	1.00e+00	3.77e-05	0.00e+00
 2.14206e+13	0.00e+00	2.37e-26	6.40e-19	2.69e-12	1.18e-06	1.00e+00	3.52e-05	0.00e+00
 2.21523e+13	1.37e-34	3.03e-26	7.75e-19	3.09e-12	1.27e-06	1.00e+00	3.28e-05	0.00e+00
 2.30322e+13	0.00e+00	4.03e-26	9.69e-19	3.61e-12	1.38e-06	1.00e+00	3.01e-05	0.00e+00
 2.39123e+13	2.71e-34	5.31e-26	1.20e-18	4.21e-12	1.49e-06	1.00e+00	2.78e-05	0.00e+00
 2.47133e+13	3.65e-34	6.77e-26	1.45e-18	4.81e-12	1.60e-06	1.00e+00	2.60e-05	0.00e+00
 2.56041e+13	5.03e-34	8.80e-26	1.78e-18	5.54e-12	1.73e-06	1.00e+00	2.41e-05	0.00e+00
 2.66447e+13	7.20e-34	1.18e-25	2.24e-18	6.51e-12	1.88e-06	1.00e+00	2.21e-05	0.00e+00
 2.76715e+13	1.01e-33	1.56e-25	2.78e-18	7.59e-12	2.04e-06	1.00e+00	2.04e-05	0.00e+00
 2.86429e+13	1.39e-33	2.01e-25	3.39e-18	8.72e-12	2.20e-06	1.00e+00	1.90e-05	0.00e+00
 2.97221e+13	1.94e-33	2.65e-25	4.20e-18	1.01e-11	2.37e-06	1.00e+00	1.76e-05	0.00e+00
 3.09410e+13	2.80e-33	3.57e-25	5.29e-18	1.19e-11	2.59e-06	1.00e+00	1.62e-05	0.00e+00
 3.21669e+13	4.00e-33	4.77e-25	6.62e-18	1.39e-11	2.81e-06	1.00e+00	1.49e-05	0.00e+00
 3.34419e+13	5.71e-33	6.38e-25	8.29e-18	1.63e-11	3.04e-06	1.00e+00	1.37e-05	0.00e+00
 3.48095e+13	8.25e-33	8.61e-25	1.05e-17	1.91e-11	3.31e-06	1.00e+00	1.26e-05	0.00e+00
 3.62319e+13	1.20e-32	1.16e-24	1.32e-17	2.24e-11	3.60e-06	1.00e+00	1.16e-05	0.00e+00
 3.75881e+13	1.68e-32	1.53e-24	1.63e-17	2.60e-11	3.89e-06	1.00e+00	1.08e-05	0.00e+00
 3.88272e+13	2.27e-32	1.96e-24	1.97e-17	2.96e-11	4.16e-06	1.00e+00	1.01e-05	0.00e+00
 3.99961e+13	2.99e-32	2.45e-24	2.34e-17	3.33e-11	4.43e-06	1.00e+00	9.47e-06	0.00e+00
 4.12863e+13	4.04e-32	3.12e-24	2.82e-17	3.78e-11	4.73e-06	1.00e+00	8.87e-06	0.00e+00
 4.27329e+13	5.55e-32	4.05e-24	3.44e-17	4.34e-11	5.08e-06	1.00e+00	8.26e-06	0.00e+00
 4.41018e+13	7.49e-32	5.15e-24	4.14e-17	4.92e-11	5.42e-06	1.00e+00	7.74e-06	0.00e+00
 4.56001e+13	1.03e-31	6.65e-24	5.03e-17	5.62e-11	5.80e-06	1.00e+00	7.23e-06	0.00e+00
 4.72804e+13	1.44e-31	8.76e-24	6.21e-17	6.50e-11	6.25e-06	1.00e+00	6.71e-06	0.00e+00
 4.88390e+13	1.97e-31	1.12e-23	7.51e-17	7.39e-11	6.68e-06	1.00e+00	6.28e-06	0.00e+00
 5.02856e+13	2.59e-31	1.41e-23	8.91e-17	8.31e-11	7.09e-06	1.00e+00	5.92e-06	0.00e+00
 5.19449e+13	3.54e-31	1.81e-23	1.08e-16	9.45e-11	7.58e-06	1.00e+00	5.54e-06	0.00e+00
 5.39553e+13	5.07e-31	2.42e-23	1.35e-16	1.10e-10	8.19e-06	1.00e+00	5.13e-06	0.00e+00
 5.59371e+13	7.17e-31	3.20e-23	1.66e-16	1.27e-10	8.81e-06	1.00e+00	4.77e-06	0.00e+00
 5.76736e+13	9.63e-31	4.05e-23	1.99e-16	1.43e-10	9.37e-06	1.00e+00	4.48e-06	0.00e+00
 5.95768e+13	1.32e-30	5.21e-23	2.41e-16	1.63e-10	1.00e-05	1.00e+00	4.20e-06	0.00e+00
 6.18806e+13	1.90e-30	6.99e-23	3.01e-16	1.90e-10	1.08e-05	1.00e+00	3.89e-06	0.00e+00
 6.41913e+13	2.71e-30	9.30e-23	3.74e-16	2.20e-10	1.16e-05	1.00e+00	3.61e-06	0.00e+00
 6.62809e+13	3.70e-30	1.20e-22	4.52e-16	2.49e-10	1.24e-05	1.00e+00	3.39e-06	0.00e+00
 6.85966e+13	5.16e-30	1.56e-22	5.53e-16	2.86e-10	1.33e-05	1.00e+00	3.16e-06	0.00e+00
 7.13185e+13	7.53e-30	2.12e-22	6.96e-16	3.34e-10	1.44e-05	1.00e+00	2.92e-06	0.00e+00
 7.40068e+13	1.08e-29	2.83e-22	8.67e-16	3.87e-10	1.55e-05	1.00e+00	2.71e-06	0.00e+00
 7.65226e+13	1.50e-29	3.68e-22	1.06e-15	4.41e-10	1.66e-05	1.00e+00	2.54e-06	0.00e+00
 7.93333e+13	2.13e-29	4.88e-22	1.31e-15	5.09e-10	1.78e-05	1.00e+00	2.36e-06	0.00e+00
 8.25366e+13	3.14e-29	6.66e-22	1.65e-15	5.96e-10	1.93e-05	1.00e+00	2.18e-06	0.00e+00
 8.57189e+13	4.55e-29	8.97e-22	2.07e-15	6.93e-10	2.08e-05	1.00e+00	2.02e-06	0.00e+00
 8.90285e+13	6.60e-29	1.21e-21	2.59e-15	8.06e-10	2.24e-05	1.00e+00	1.87e-06	0.00e+00
 9.26196e+13	9.73e-29	1.65e-21	3.27e-15	9.43e-10	2.43e-05	1.00e+00	1.73e-06	0.00e+00
 9.63543e+13	1.43e-28	2.25e-21	4.14e-15	1.10e-09	2.63e-05	1.00e+00	1.60e-06	0.00e+00
 9.99722e+13	2.06e-28	3.01e-21	5.15e-15	1.28e-09	2.83e-05	1.00e+00	1.48e-06	0.00e+00
 1.03376e+14	2.86e-28	3.91e-21	6.28e-15	1.46e-09	3.03e-05	1.00e+00	1.39e-06	0.00e+00
 1.07183e+14	4.07e-28	5.20e-21	7.78e-15	1.69e-09	3.26e-05	1.00e+00	1.29e-06	0.00e+00
 1.11019e+14	5.74e-28	6.85e-21	9.59e-15	1.94e-09	3.50e-05	1.00e+00	1.20e-06	0.00e+00
 1.14205e+14	7.57e-28	8.56e-21	1.13e-14	2.17e-09	3.70e-05	1.00e+00	1.14e-06	0.00e+00
 1.17580e+14	1.01e-27	1.08e-20	1.35e-14	2.44e-09	3.93e-05	1.00e+00	1.07e-06	0.00e+00
 1.21892e+14	1.43e-27	1.43e-20	1.67e-14	2.82e-09	4.22e-05	1.00e+00	9.96e-07	0.00e+00
 1.26415e+14	2.04e-27	1.90e-20	2.07e-14	3.26e-09	4.55e-05	1.00e+00	0.00e+00	0.00e+00
 1.30413e+14	2.76e-27	2.42e-20	2.49e-14	3.69e-09	4.84e-05	1.00e+00	0.00e+00	0.00e+00
 1.34737e+14	3.79e-27	3.12e-20	3.02e-14	4.21e-09	5.18e-05	1.00e+00	0.00e+00	0.00e+00
 1.39940e+14	5.47e-27	4.20e-20	3.78e-14	4.90e-09	5.59e-05	1.00e+00	0.00e+00	0.00e+00
 1.45217e+14	7.82e-27	5.60e-20	4.71e-14	5.68e-09	6.03e-05	1.00e+00	0.00e+00	0.00e+00
 1.50159e+14	1.08e-26	7.28e-20	5.74e-14	6.49e-09	6.46e-05	1.00e+00	0.00e+00	0.00e+00
 1.55649e+14	1.53e-26	9.63e-20	7.10e-14	7.50e-09	6.95e-05	1.00e+00	0.00e+00	0.00e+00
 1.61470e+14	2.18e-26	1.28e-19	8.83e-14	8.69e-09	7.50e-05	1.00e+00	0.00e+00	0.00e+00
 1.66646e+14	2.96e-26	1.64e-19	1.06e-13	9.86e-09	8.00e-05	1.00e+00	0.00e+00	0.00e+00
 1.72213e+14	4.06e-26	2.12e-19	1.29e-13	1.13e-08	8.56e-05	1.00e+00	0.00e+00	0.00e+00
 1.78882e+14	5.85e-26	2.84e-19	1.62e-13	1.31e-08	9.26e-05	1.00e+00	0.00e+00	0.00e+00
 1.85444e+14	8.28e-26	3.76e-19	2.00e-13	1.51e-08	9.97e-05	1.00e+00	0.00e+00	0.00e+00
 1.91290e+14	1.12e-25	4.78e-19	2.41e-13	1.72e-08	1.06e-04	1.00e+00	0.00e+00	0.00e+00
 1.97745e+14	1.53e-25	6.19e-19	2.93e-13	1.96e-08	1.14e-04	1.00e+00	0.00e+00	0.00e+00
 2.05437e+14	2.21e-25	8.31e-19	3.67e-13	2.29e-08	1.23e-04	1.00e+00	0.00e+00	0.00e+00
 2.13067e+14	3.14e-25	1.10e-18	4.56e-13	2.65e-08	1.33e-04	1.00e+00	0.00e+00	0.00e+00
 2.20042e+14	4.28e-25	1.42e-18	5.52e-13	3.01e-08	1.42e-04	1.00e+00	0.00e+00	0.00e+00
 2.27836e+14	5.97e-25	1.86e-18	6.78e-13	3.47e-08	1.52e-04	1.00e+00	0.00e+00	0.00e+00
 2.36901e+14	8.68e-25	2.51e-18	8.54e-13	4.05e-08	1.65e-04	1.00e+00	0.00e+00	0.00e+00
 2.45802e+14	1.24e-24	3.34e-18	1.06e-12	4.70e-08	1.78e-04	1.00e+00	0.00e+00	0.00e+00
 2.54223e+14	1.71e-24	4.34e-18	1.30e-12	5.38e-08	1.91e-04	1.00e+00	0.00e+00	0.00e+00
 2.63586e+14	2.42e-24	5.75e-18	1.61e-12	6.22e-08	2.06e-04	1.00e+00	0.00e+00	0.00e+00
 2.74160e+14	3.53e-24	7.80e-18	2.03e-12	7.29e-08	2.23e-04	1.00e+00	0.00e+00	0.00e+00
 2.84193e+14	5.00e-24	1.03e-17	2.51e-12	8.42e-08	2.40e-04	1.00e+00	0.00e+00	0.00e+00
 2.93326e+14	6.78e-24	1.32e-17	3.03e-12	9.56e-08	2.57e-04	1.00e+00	0.00e+00	0.00e+00
 3.03650e+14	9.46e-24	1.73e-17	3.71e-12	1.10e-07	2.75e-04	1.00e+00	0.00e+00	0.00e+00
 3.15691e+14	1.38e-23	2.34e-17	4.68e-12	1.28e-07	2.98e-04	1.00e+00	0.00e+00	0.00e+00
 3.27252e+14	1.95e-23	3.10e-17	5.79e-12	1.48e-07	3.21e-04	1.00e+00	0.00e+00	0.00e+00
 3.37718e+14	2.64e-23	3.96e-17	6.98e-12	1.68e-07	3.42e-04	1.00e+00	0.00e+00	0.00e+00
 3.47571e+14	3.49e-23	4.95e-17	8.27e-12	1.89e-07	3.63e-04	1.00e+00	0.00e+00	0.00e+00
 3.58480e+14	4.71e-23	6.30e-17	9.94e-12	2.14e-07	3.87e-04	1.00e+00	0.00e+00	0.00e+00
 3.70676e+14	6.51e-23	8.18e-17	1.21e-11	2.44e-07	4.14e-04	1.00e+00	0.00e+00	0.00e+00
 3.82204e+14	8.77e-23	1.04e-16	1.45e-11	2.76e-07	4.41e-04	1.00e+00	0.00e+00	0.00e+00
 3.94846e+14	1.20e-22	1.34e-16	1.76e-11	3.15e-07	4.71e-04	1.00e+00	0.00e+00	0.00e+00
 4.08999e+14	1.69e-22	1.77e-16	2.17e-11	3.62e-07	5.06e-04	9.99e-01	0.00e+00	0.00e+00
 4.22350e+14	2.32e-22	2.27e-16	2.63e-11	4.12e-07	5.40e-04	9.99e-01	0.00e+00	0.00e+00
 4.36942e+14	3.22e-22	2.96e-16	3.22e-11	4.72e-07	5.79e-04	9.99e-01	0.00e+00	0.00e+00
 4.53077e+14	4.58e-22	3.94e-16	3.99e-11	5.45e-07	6.24e-04	9.99e-01	0.00e+00	0.00e+00
 4.67983e+14	6.28e-22	5.07e-16	4.83e-11	6.21e-07	6.66e-04	9.99e-01	0.00e+00	0.00e+00
 4.84125e+14	8.73e-22	6.62e-16	5.91e-11	7.11e-07	7.14e-04	9.99e-01	0.00e+00	0.00e+00
 5.02165e+14	1.24e-21	8.79e-16	7.34e-11	8.23e-07	7.69e-04	9.99e-01	0.00e+00	0.00e+00
 5.19107e+14	1.72e-21	1.14e-15	8.94e-11	9.40e-07	8.23e-04	9.99e-01	0.00e+00	0.00e+00
 5.37568e+14	2.41e-21	1.50e-15	1.10e-10	1.08e-06	8.84e-04	9.99e-01	0.00e+00	0.00e+00
 5.58103e+14	3.46e-21	2.01e-15	1.37e-10	1.26e-06	9.54e-04	9.99e-01	0.00e+00	0.00e+00
 5.77295e+14	4.80e-21	2.61e-15	1.68e-10	1.44e-06	1.02e-03	9.99e-01	0.00e+00	0.00e+00
 5.98129e+14	6.74e-21	3.44e-15	2.07e-10	1.66e-06	1.10e-03	9.99e-01	0.00e+00	0.00e+00
 6.21428e+14	9.74e-21	4.63e-15	2.59e-10	1.93e-06	1.19e-03	9.99e-01	0.00e+00	0.00e+00
 6.43550e+14	1.36e-20	6.07e-15	3.19e-10	2.22e-06	1.28e-03	9.99e-01	0.00e+00	0.00e+00
 6.67212e+14	1.92e-20	8.02e-15	3.95e-10	2.57e-06	1.38e-03	9.99e-01	0.00e+00	0.00e+00
 6.93930e+14	2.79e-20	1.09e-14	4.98e-10	3.01e-06	1.50e-03	9.99e-01	0.00e+00	0.00e+00
 7.20269e+14	3.97e-20	1.44e-14	6.20e-10	3.50e-06	1.62e-03	9.98e-01	0.00e+00	0.00e+00
 7.47661e+14	5.63e-20	1.92e-14	7.72e-10	4.06e-06	1.75e-03	9.98e-01	0.00e+00	0.00e+00
 7.76713e+14	8.05e-20	2.57e-14	9.66e-10	4.73e-06	1.89e-03	9.98e-01	0.00e+00	0.00e+00
 8.01004e+14	1.07e-19	3.25e-14	1.16e-09	5.36e-06	2.02e-03	9.98e-01	0.00e+00	0.00e+00
 8.19738e+14	1.33e-19	3.86e-14	1.32e-09	5.88e-06	2.12e-03	9.98e-01	0.00e+00	0.00e+00
 8.40021e+14	1.66e-19	4.64e-14	1.53e-09	6.49e-06	2.24e-03	9.98e-01	0.00e+00	0.00e+00
 8.66388e+14	2.20e-19	5.85e-14	1.83e-09	7.35e-06	2.39e-03	9.98e-01	0.00e+00	0.00e+00
 8.95033e+14	2.97e-19	7.46e-14	2.21e-09	8.38e-06	2.56e-03	9.97e-01	0.00e+00	0.00e+00
 9.20934e+14	3.84e-19	9.23e-14	2.62e-09	9.40e-06	2.72e-03	9.97e-01	0.00e+00	0.00e+00
 9.48901e+14	5.02e-19	1.15e-13	3.11e-09	1.06e-05	2.91e-03	9.97e-01	0.00e+00	0.00e+00
 9.84017e+14	6.96e-19	1.51e-13	3.85e-09	1.23e-05	3.15e-03	9.97e-01	0.00e+00	0.00e+00
 1.01934e+15	9.51e-19	1.95e-13	4.72e-09	1.42e-05	3.40e-03	9.97e-01	0.00e+00	0.00e+00
 1.04939e+15	1.23e-18	2.42e-13	5.59e-09	1.59e-05	3.62e-03	9.96e-01	0.00e+00	0.00e+00
 1.08166e+15	1.60e-18	3.00e-13	6.66e-09	1.80e-05	3.87e-03	9.96e-01	0.00e+00	0.00e+00
 1.12191e+15	2.20e-18	3.92e-13	8.24e-09	2.09e-05	4.20e-03	9.96e-01	0.00e+00	0.00e+00
 1.16342e+15	3.02e-18	5.10e-13	1.02e-08	2.42e-05	4.55e-03	9.95e-01	0.00e+00	0.00e+00
 1.20033e+15	3.95e-18	6.39e-13	1.22e-08	2.74e-05	4.88e-03	9.95e-01	0.00e+00	0.00e+00
 1.24040e+15	5.20e-18	8.06e-13	1.47e-08	3.13e-05	5.26e-03	9.95e-01	0.00e+00	0.00e+00
 1.28832e+15	7.20e-18	1.06e-12	1.83e-08	3.65e-05	5.72e-03	9.94e-01	0.00e+00	0.00e+00
 1.33558e+15	9.77e-18	1.37e-12	2.26e-08	4.22e-05	6.21e-03	9.94e-01	0.00e+00	0.00e+00
 1.37798e+15	1.27e-17	1.71e-12	2.71e-08	4.79e-05	6.66e-03	9.93e-01	0.00e+00	0.00e+00
 1.42491e+15	1.68e-17	2.17e-12	3.28e-08	5.48e-05	7.18e-03	9.93e-01	0.00e+00	0.00e+00
 1.48047e+15	2.32e-17	2.84e-12	4.10e-08	6.39e-05	7.84e-03	9.92e-01	0.00e+00	0.00e+00
 1.53546e+15	3.14e-17	3.68e-12	5.07e-08	7.41e-05	8.51e-03	9.91e-01	0.00e+00	0.00e+00
 1.58613e+15	4.12e-17	4.63e-12	6.12e-08	8.44e-05	9.16e-03	9.91e-01	0.00e+00	0.00e+00
 1.64300e+15	5.52e-17	5.94e-12	7.51e-08	9.73e-05	9.93e-03	9.90e-01	0.00e+00	0.00e+00
 1.70865e+15	7.65e-17	7.84e-12	9.43e-08	1.14e-04	1.09e-02	9.89e-01	0.00e+00	0.00e+00
 1.77286e+15	1.04e-16	1.02e-11	1.17e-07	1.32e-04	1.18e-02	9.88e-01	0.00e+00	0.00e+00
 1.83417e+15	1.61e-16	1.30e-11	1.43e-07	1.52e-04	1.28e-02	9.87e-01	0.00e+00	0.00e+00
 1.90210e+15	2.19e-16	1.68e-11	1.77e-07	1.75e-04	1.39e-02	9.86e-01	0.00e+00	0.00e+00
 1.96610e+15	2.90e-16	2.12e-11	2.15e-07	2.00e-04	1.49e-02	9.85e-01	0.00e+00	0.00e+00
 2.01421e+15	3.56e-16	2.52e-11	2.47e-07	2.21e-04	1.58e-02	9.84e-01	0.00e+00	0.00e+00
 2.06350e+15	4.37e-16	3.00e-11	2.85e-07	2.43e-04	1.67e-02	9.83e-01	0.00e+00	0.00e+00
 2.12757e+15	5.66e-16	3.73e-11	3.42e-07	2.75e-04	1.79e-02	9.82e-01	0.00e+00	0.00e+00
 2.19678e+15	7.42e-16	4.70e-11	4.13e-07	3.13e-04	1.92e-02	9.80e-01	0.00e+00	0.00e+00
 2.25883e+15	9.39e-16	5.73e-11	4.87e-07	3.49e-04	2.05e-02	9.79e-01	0.00e+00	0.00e+00
 2.32566e+15	1.20e-15	7.08e-11	5.79e-07	3.93e-04	2.18e-02	9.78e-01	0.00e+00	0.00e+00
 2.41072e+15	1.64e-15	9.20e-11	7.18e-07	4.54e-04	2.37e-02	9.76e-01	0.00e+00	0.00e+00
 2.49657e+15	2.21e-15	1.19e-10	8.85e-07	5.22e-04	2.56e-02	9.74e-01	0.00e+00	0.00e+00
 2.56855e+15	2.82e-15	1.46e-10	1.05e-06	5.85e-04	2.73e-02	9.72e-01	0.00e+00	0.00e+00
 2.64539e+15	3.64e-15	1.81e-10	1.25e-06	6.59e-04	2.92e-02	9.70e-01	0.00e+00	0.00e+00
 2.74261e+15	4.98e-15	2.36e-10	1.55e-06	7.62e-04	3.17e-02	9.68e-01	0.00e+00	0.00e+00
 2.84485e+15	6.84e-15	3.09e-10	1.94e-06	8.82e-04	3.44e-02	9.65e-01	0.00e+00	0.00e+00
 2.93694e+15	8.99e-15	3.90e-10	2.34e-06	1.00e-03	3.69e-02	9.62e-01	0.00e+00	0.00e+00
 3.03733e+15	1.21e-14	5.01e-10	2.87e-06	1.15e-03	3.97e-02	9.59e-01	0.00e+00	0.00e+00
 3.15597e+15	1.69e-14	6.67e-10	3.63e-06	1.34e-03	4.32e-02	9.55e-01	0.00e+00	0.00e+00
 3.27208e+15	2.32e-14	8.73e-10	4.51e-06	1.55e-03	4.68e-02	9.52e-01	0.00e+00	0.00e+00
 3.37778e+15	3.07e-14	1.11e-09	5.47e-06	1.76e-03	5.02e-02	9.48e-01	0.00e+00	0.00e+00
 3.49620e+15	4.17e-14	1.43e-09	6.74e-06	2.02e-03	5.41e-02	9.44e-01	0.00e+00	0.00e+00
 3.63441e+15	5.89e-14	1.92e-09	8.55e-06	2.36e-03	5.89e-02	9.39e-01	0.00e+00	0.00e+00
 3.77009e+15	8.12e-14	2.53e-09	1.07e-05	2.73e-03	6.38e-02	9.33e-01	0.00e+00	0.00e+00
 3.89795e+15	1.10e-13	3.26e-09	1.31e-05	3.12e-03	6.85e-02	9.28e-01	0.00e+00	0.00e+00
 4.04066e+15	1.51e-13	4.28e-09	1.63e-05	3.61e-03	7.41e-02	9.22e-01	0.00e+00	0.00e+00
 4.17643e+15	2.02e-13	5.49e-09	1.99e-05	4.12e-03	7.95e-02	9.16e-01	0.00e+00	0.00e+00
 4.27743e+15	2.50e-13	6.57e-09	2.31e-05	4.53e-03	8.37e-02	9.12e-01	0.00e+00	0.00e+00
 4.37974e+15	3.09e-13	7.87e-09	2.67e-05	4.98e-03	8.80e-02	9.07e-01	0.00e+00	0.00e+00
 4.51274e+15	4.05e-13	9.88e-09	3.20e-05	5.61e-03	9.37e-02	9.01e-01	0.00e+00	0.00e+00
 4.65710e+15	5.36e-13	1.25e-08	3.88e-05	6.36e-03	1.00e-01	8.94e-01	0.00e+00	0.00e+00
 4.78691e+15	6.86e-13	1.54e-08	4.58e-05	7.10e-03	1.06e-01	8.87e-01	0.00e+00	0.00e+00
 4.92632e+15	8.89e-13	1.92e-08	5.46e-05	7.96e-03	1.12e-01	8.80e-01	0.00e+00	0.00e+00
 5.10523e+15	1.23e-12	2.54e-08	6.81e-05	9.19e-03	1.21e-01	8.70e-01	0.00e+00	0.00e+00
 5.28549e+15	1.69e-12	3.30e-08	8.41e-05	1.05e-02	1.30e-01	8.59e-01	0.00e+00	0.00e+00
 5.43348e+15	2.16e-12	4.08e-08	9.94e-05	1.18e-02	1.37e-01	8.51e-01	0.00e+00	0.00e+00
 5.58954e+15	2.81e-12	5.08e-08	1.18e-04	1.32e-02	1.46e-01	8.41e-01	0.00e+00	0.00e+00
 5.79132e+15	3.89e-12	6.68e-08	1.47e-04	1.51e-02	1.56e-01	8.29e-01	0.00e+00	0.00e+00
 6.00271e+15	5.38e-12	8.78e-08	1.82e-04	1.74e-02	1.68e-01	8.15e-01	0.00e+00	0.00e+00
 6.18590e+15	7.08e-12	1.11e-07	2.19e-04	1.96e-02	1.78e-01	8.02e-01	0.00e+00	0.00e+00
 6.38222e+15	9.46e-12	1.41e-07	2.65e-04	2.22e-02	1.89e-01	7.89e-01	0.00e+00	0.00e+00
 6.62306e+15	1.33e-11	1.88e-07	3.32e-04	2.57e-02	2.02e-01	7.72e-01	0.00e+00	0.00e+00
 6.86106e+15	1.83e-11	2.46e-07	4.11e-04	2.94e-02	2.16e-01	7.54e-01	0.00e+00	0.00e+00
 7.06591e+15	2.39e-11	3.08e-07	4.91e-04	3.30e-02	2.28e-01	7.39e-01	0.00e+00	0.00e+00
 7.28842e+15	3.19e-11	3.92e-07	5.93e-04	3.71e-02	2.41e-01	7.22e-01	0.00e+00	0.00e+00
 7.56248e+15	4.47e-11	5.20e-07	7.40e-04	4.28e-02	2.56e-01	7.00e-01	0.00e+00	0.00e+00
 7.82987e+15	6.09e-11	6.75e-07	9.11e-04	4.87e-02	2.72e-01	6.79e-01	0.00e+00	0.00e+00
 8.03441e+15	7.65e-11	8.19e-07	1.06e-03	5.37e-02	2.83e-01	6.62e-01	0.00e+00	0.00e+00
 8.23094e+15	9.58e-11	9.87e-07	1.23e-03	5.89e-02	2.95e-01	6.45e-01	0.00e+00	0.00e+00
 8.48644e+15	1.27e-10	1.25e-06	1.48e-03	6.60e-02	3.09e-01	6.24e-01	0.00e+00	0.00e+00
 8.74471e+15	1.66e-10	1.56e-06	1.76e-03	7.37e-02	3.23e-01	6.02e-01	0.00e+00	0.00e+00
 8.95949e+15	2.06e-10	1.87e-06	2.03e-03	8.04e-02	3.34e-01	5.84e-01	0.00e+00	0.00e+00
 9.19161e+15	2.61e-10	2.28e-06	2.37e-03	8.84e-02	3.46e-01	5.63e-01	0.00e+00	0.00e+00
 9.45293e+15	3.36e-10	2.82e-06	2.81e-03	9.78e-02	3.59e-01	5.40e-01	0.00e+00	0.00e+00
 9.70588e+15	4.26e-10	3.43e-06	3.28e-03	1.07e-01	3.71e-01	5.19e-01	0.00e+00	0.00e+00
 9.98840e+15	5.56e-10	4.28e-06	3.90e-03	1.19e-01	3.83e-01	4.94e-01	0.00e+00	0.00e+00
 1.02923e+16	7.25e-10	5.34e-06	4.65e-03	1.32e-01	3.96e-01	4.67e-01	0.00e+00	0.00e+00
 1.05587e+16	9.09e-10	6.45e-06	5.39e-03	1.44e-01	4.05e-01	4.45e-01	0.00e+00	0.00e+00
 1.08395e+16	1.16e-09	7.91e-06	6.32e-03	1.58e-01	4.15e-01	4.20e-01	0.00e+00	0.00e+00
 1.11466e+16	1.50e-09	9.76e-06	7.47e-03	1.74e-01	4.24e-01	3.95e-01	0.00e+00	0.00e+00
 1.14255e+16	1.87e-09	1.17e-05	8.64e-03	1.88e-01	4.31e-01	3.72e-01	0.00e+00	0.00e+00
 1.17257e+16	2.39e-09	1.44e-05	1.01e-02	2.05e-01	4.37e-01	3.47e-01	0.00e+00	0.00e+00
 1.20505e+16	3.08e-09	1.77e-05	1.19e-02	2.24e-01	4.43e-01	3.21e-01	0.00e+00	0.00e+00
 1.23393e+16	3.83e-09	2.11e-05	1.37e-02	2.42e-01	4.45e-01	2.99e-01	0.00e+00	0.00e+00
 1.25928e+16	4.62e-09	2.47e-05	1.55e-02	2.58e-01	4.47e-01	2.80e-01	0.00e+00	0.00e+00
 1.28683e+16	5.73e-09	2.94e-05	1.78e-02	2.76e-01	4.47e-01	2.59e-01	0.00e+00	0.00e+00
 1.31678e+16	7.17e-09	3.54e-05	2.05e-02	2.96e-01	4.45e-01	2.38e-01	0.00e+00	0.00e+00
 1.34340e+16	8.65e-09	4.13e-05	2.32e-02	3.14e-01	4.42e-01	2.20e-01	0.00e+00	0.00e+00
 1.36749e+16	1.03e-08	4.77e-05	2.60e-02	3.31e-01	4.39e-01	2.04e-01	0.00e+00	0.00e+00
 1.39475e+16	1.28e-08	5.67e-05	2.96e-02	3.51e-01	4.33e-01	1.86e-01	0.00e+00	0.00e+00
 1.42374e+16	1.59e-08	6.76e-05	3.39e-02	3.72e-01	4.25e-01	1.68e-01	0.00e+00	0.00e+00
 1.44864e+16	1.90e-08	7.80e-05	3.79e-02	3.90e-01	4.18e-01	1.54e-01	0.00e+00	0.00e+00
 1.47125e+16	2.26e-08	8.96e-05	4.22e-02	4.07e-01	4.09e-01	1.41e-01	0.00e+00	0.00e+00
 1.49724e+16	2.82e-08	1.07e-04	4.78e-02	4.27e-01	3.98e-01	1.27e-01	0.00e+00	0.00e+00
 1.52439e+16	3.43e-08	1.25e-04	5.41e-02	4.47e-01	3.85e-01	1.13e-01	0.00e+00	0.00e+00
 1.54747e+16	4.12e-08	1.44e-04	6.04e-02	4.65e-01	3.73e-01	1.02e-01	0.00e+00	0.00e+00
 1.56828e+16	4.88e-08	1.65e-04	6.67e-02	4.80e-01	3.61e-01	9.21e-02	0.00e+00	0.00e+00
 1.59172e+16	5.99e-08	1.94e-04	7.49e-02	4.98e-01	3.46e-01	8.14e-02	0.00e+00	0.00e+00
 1.61630e+16	7.45e-08	2.30e-04	8.45e-02	5.15e-01	3.29e-01	7.10e-02	0.00e+00	0.00e+00
 1.63652e+16	8.87e-08	2.63e-04	9.33e-02	5.29e-01	3.14e-01	6.31e-02	0.00e+00	0.00e+00
 1.65396e+16	1.03e-07	2.96e-04	1.02e-01	5.41e-01	3.01e-01	5.67e-02	0.00e+00	0.00e+00
 1.67359e+16	1.20e-07	3.35e-04	1.12e-01	5.53e-01	2.84e-01	4.97e-02	0.00e+00	0.00e+00
 1.69474e+16	1.46e-07	3.90e-04	1.25e-01	5.66e-01	2.66e-01	4.27e-02	0.00e+00	0.00e+00
 1.71267e+16	1.85e-07	4.63e-04	1.38e-01	5.76e-01	2.49e-01	3.67e-02	0.00e+00	0.00e+00
 1.72694e+16	2.13e-07	5.17e-04	1.49e-01	5.83e-01	2.35e-01	3.25e-02	0.00e+00	0.00e+00
 1.74161e+16	2.40e-07	5.69e-04	1.61e-01	5.90e-01	2.21e-01	2.85e-02	0.00e+00	0.00e+00
 1.76069e+16	3.09e-07	6.86e-04	1.79e-01	5.97e-01	2.00e-01	2.32e-02	0.00e+00	0.00e+00
 1.77774e+16	3.58e-07	7.70e-04	1.95e-01	6.02e-01	1.83e-01	1.94e-02	0.00e+00	0.00e+00
 1.78882e+16	4.34e-07	8.83e-04	2.09e-01	6.04e-01	1.70e-01	1.67e-02	0.00e+00	0.00e+00
 1.79762e+16	4.83e-07	9.56e-04	2.19e-01	6.05e-01	1.60e-01	1.48e-02	0.00e+00	0.00e+00
 1.80538e+16	5.30e-07	1.03e-03	2.29e-01	6.06e-01	1.51e-01	1.33e-02	0.00e+00	0.00e+00
 1.81407e+16	5.79e-07	1.10e-03	2.40e-01	6.06e-01	1.41e-01	1.16e-02	0.00e+00	0.00e+00
 1.82385e+16	6.82e-07	1.23e-03	2.54e-01	6.06e-01	1.29e-01	9.83e-03	0.00e+00	0.00e+00
 1.83177e+16	7.39e-07	1.31e-03	2.65e-01	6.05e-01	1.20e-01	8.61e-03	0.00e+00	0.00e+00
 1.83878e+16	8.49e-07	1.45e-03	2.76e-01	6.03e-01	1.11e-01	7.42e-03	0.00e+00	0.00e+00
 1.84575e+16	9.07e-07	1.52e-03	2.86e-01	6.02e-01	1.04e-01	6.51e-03	0.00e+00	0.00e+00
 1.85266e+16	1.01e-06	1.65e-03	2.97e-01	6.00e-01	9.55e-02	5.58e-03	0.00e+00	0.00e+00
 1.86000e+16	1.13e-06	1.78e-03	3.09e-01	5.97e-01	8.71e-02	4.70e-03	0.00e+00	0.00e+00
 1.86631e+16	1.25e-06	1.92e-03	3.20e-01	5.94e-01	8.00e-02	4.00e-03	0.00e+00	0.00e+00
 1.87188e+16	1.40e-06	2.07e-03	3.30e-01	5.91e-01	7.37e-02	3.42e-03	0.00e+00	0.00e+00
 1.87705e+16	1.49e-06	2.17e-03	3.38e-01	5.89e-01	6.83e-02	2.98e-03	0.00e+00	0.00e+00
 1.88274e+16	1.67e-06	2.35e-03	3.49e-01	5.85e-01	6.20e-02	2.48e-03	0.00e+00	0.00e+00
 1.88886e+16	1.85e-06	2.53e-03	3.59e-01	5.80e-01	5.59e-02	2.05e-03	0.00e+00	0.00e+00
 1.89460e+16	2.03e-06	2.70e-03	3.69e-01	5.76e-01	5.04e-02	1.69e-03	0.00e+00	0.00e+00
 1.90111e+16	2.27e-06	2.92e-03	3.81e-01	5.71e-01	4.44e-02	1.34e-03	0.00e+00	0.00e+00
 1.90812e+16	2.54e-06	3.17e-03	3.93e-01	5.65e-01	3.86e-02	1.03e-03	0.00e+00	0.00e+00
 1.91447e+16	2.82e-06	3.41e-03	4.03e-01	5.59e-01	3.37e-02	8.04e-04	0.00e+00	0.00e+00
 1.92141e+16	3.18e-06	3.71e-03	4.15e-01	5.52e-01	2.88e-02	6.00e-04	0.00e+00	0.00e+00
 1.92909e+16	3.60e-06	4.05e-03	4.28e-01	5.44e-01	2.41e-02	4.32e-04	0.00e+00	0.00e+00
 1.93642e+16	4.05e-06	4.39e-03	4.39e-01	5.36e-01	2.03e-02	3.13e-04	0.00e+00	0.00e+00
 1.94465e+16	4.62e-06	4.80e-03	4.52e-01	5.27e-01	1.66e-02	2.14e-04	0.00e+00	0.00e+00
 1.95534e+16	5.45e-06	5.38e-03	4.68e-01	5.14e-01	1.27e-02	1.30e-04	0.00e+00	0.00e+00
 1.96679e+16	6.46e-06	6.05e-03	4.84e-01	5.01e-01	9.56e-03	7.66e-05	0.00e+00	0.00e+00
 1.97746e+16	7.56e-06	6.73e-03	4.98e-01	4.88e-01	7.35e-03	4.66e-05	0.00e+00	0.00e+00
 1.98955e+16	8.99e-06	7.56e-03	5.14e-01	4.73e-01	5.46e-03	2.65e-05	0.00e+00	0.00e+00
 2.00527e+16	1.12e-05	8.79e-03	5.34e-01	4.54e-01	3.74e-03	1.29e-05	0.00e+00	0.00e+00
 2.01887e+16	1.36e-05	1.00e-02	5.51e-01	4.37e-01	2.78e-03	7.29e-06	0.00e+00	0.00e+00
 2.02670e+16	1.52e-05	1.08e-02	5.60e-01	4.27e-01	2.35e-03	5.26e-06	0.00e+00	0.00e+00
 2.03383e+16	1.69e-05	1.16e-02	5.69e-01	4.17e-01	2.00e-03	3.85e-06	0.00e+00	0.00e+00
 2.04311e+16	1.93e-05	1.26e-02	5.81e-01	4.05e-01	1.62e-03	2.59e-06	0.00e+00	0.00e+00
 2.05517e+16	2.30e-05	1.42e-02	5.97e-01	3.88e-01	1.24e-03	1.55e-06	0.00e+00	0.00e+00
 2.06748e+16	2.77e-05	1.61e-02	6.12e-01	3.71e-01	9.63e-04	9.49e-07	0.00e+00	0.00e+00
 2.07726e+16	3.23e-05	1.79e-02	6.25e-01	3.56e-01	7.86e-04	0.00e+00	0.00e+00	0.00e+00
 2.08572e+16	3.69e-05	1.96e-02	6.36e-01	3.44e-01	6.58e-04	0.00e+00	0.00e+00	0.00e+00
 2.09392e+16	4.21e-05	2.14e-02	6.47e-01	3.31e-01	5.54e-04	0.00e+00	0.00e+00	0.00e+00
 2.10173e+16	4.80e-05	2.33e-02	6.57e-01	3.19e-01	4.70e-04	0.00e+00	0.00e+00	0.00e+00
 2.10933e+16	5.45e-05	2.54e-02	6.67e-01	3.07e-01	4.00e-04	0.00e+00	0.00e+00	0.00e+00
 2.11687e+16	6.22e-05	2.78e-02	6.76e-01	2.95e-01	3.41e-04	0.00e+00	0.00e+00	0.00e+00
 2.12431e+16	7.08e-05	3.03e-02	6.86e-01	2.83e-01	2.90e-04	0.00e+00	0.00e+00	0.00e+00
 2.13156e+16	8.09e-05	3.32e-02	6.95e-01	2.71e-01	2.48e-04	0.00e+00	0.00e+00	0.00e+00
 2.13855e+16	9.21e-05	3.62e-02	7.04e-01	2.60e-01	2.13e-04	0.00e+00	0.00e+00	0.00e+00
 2.14542e+16	1.05e-04	3.96e-02	7.12e-01	2.48e-01	1.82e-04	0.00e+00	0.00e+00	0.00e+00
 2.15216e+16	1.20e-04	4.33e-02	7.20e-01	2.37e-01	1.57e-04	0.00e+00	0.00e+00	0.00e+00
 2.15873e+16	1.37e-04	4.73e-02	7.27e-01	2.25e-01	1.34e-04	0.00e+00	0.00e+00	0.00e+00
 2.16512e+16	1.56e-04	5.17e-02	7.34e-01	2.14e-01	1.16e-04	0.00e+00	0.00e+00	0.00e+00
 2.17135e+16	1.78e-04	5.64e-02	7.40e-01	2.04e-01	9.95e-05	0.00e+00	0.00e+00	0.00e+00
 2.17744e+16	2.03e-04	6.17e-02	7.45e-01	1.93e-01	8.56e-05	0.00e+00	0.00e+00	0.00e+00
 2.18337e+16	2.31e-04	6.74e-02	7.50e-01	1.83e-01	7.38e-05	0.00e+00	0.00e+00	0.00e+00
 2.18920e+16	2.64e-04	7.36e-02	7.54e-01	1.72e-01	6.34e-05	0.00e+00	0.00e+00	0.00e+00
 2.19493e+16	3.02e-04	8.05e-02	7.57e-01	1.62e-01	5.45e-05	0.00e+00	0.00e+00	0.00e+00
 2.20047e+16	3.45e-04	8.81e-02	7.59e-01	1.52e-01	4.68e-05	0.00e+00	0.00e+00	0.00e+00
 2.20583e+16	3.94e-04	9.61e-02	7.60e-01	1.43e-01	4.02e-05	0.00e+00	0.00e+00	0.00e+00
 2.21193e+16	4.59e-04	1.06e-01	7.61e-01	1.33e-01	3.36e-05	0.00e+00	0.00e+00	0.00e+00
 2.21831e+16	5.43e-04	1.19e-01	7.59e-01	1.22e-01	2.77e-05	0.00e+00	0.00e+00	0.00e+00
 2.22351e+16	6.24e-04	1.30e-01	7.56e-01	1.13e-01	2.35e-05	0.00e+00	0.00e+00	0.00e+00
 2.22789e+16	7.05e-04	1.41e-01	7.53e-01	1.05e-01	2.03e-05	0.00e+00	0.00e+00	0.00e+00
 2.23276e+16	8.08e-04	1.55e-01	7.48e-01	9.70e-02	1.72e-05	0.00e+00	0.00e+00	0.00e+00
 2.23827e+16	9.47e-04	1.71e-01	7.40e-01	8.79e-02	1.41e-05	0.00e+00	0.00e+00	0.00e+00
 2.24336e+16	1.11e-03	1.89e-01	7.30e-01	7.98e-02	1.17e-05	0.00e+00	0.00e+00	0.00e+00
 2.24785e+16	1.27e-03	2.07e-01	7.19e-01	7.26e-02	9.78e-06	0.00e+00	0.00e+00	0.00e+00
 2.25278e+16	1.48e-03	2.28e-01	7.05e-01	6.50e-02	7.96e-06	0.00e+00	0.00e+00	0.00e+00
 2.25819e+16	1.77e-03	2.55e-01	6.86e-01	5.70e-02	6.28e-06	0.00e+00	0.00e+00	0.00e+00
 2.26303e+16	2.09e-03	2.82e-01	6.66e-01	5.00e-02	4.99e-06	0.00e+00	0.00e+00	0.00e+00
 2.26735e+16	2.41e-03	3.09e-01	6.45e-01	4.40e-02	4.02e-06	0.00e+00	0.00e+00	0.00e+00
 2.27216e+16	2.85e-03	3.42e-01	6.18e-01	3.77e-02	3.09e-06	0.00e+00	0.00e+00	0.00e+00
 2.27759e+16	3.47e-03	3.84e-01	5.82e-01	3.10e-02	2.25e-06	0.00e+00	0.00e+00	0.00e+00
 2.28254e+16	4.20e-03	4.27e-01	5.43e-01	2.53e-02	1.64e-06	0.00e+00	0.00e+00	0.00e+00
 2.28672e+16	4.92e-03	4.67e-01	5.07e-01	2.09e-02	1.22e-06	0.00e+00	0.00e+00	0.00e+00
 2.29058e+16	5.73e-03	5.07e-01	4.70e-01	1.72e-02	9.06e-07	0.00e+00	0.00e+00	0.00e+00
 2.29435e+16	6.68e-03	5.48e-01	4.32e-01	1.39e-02	0.00e+00	0.00e+00	0.00e+00	0.00e+00
 2.29791e+16	7.72e-03	5.88e-01	3.93e-01	1.11e-02	0.00e+00	0.00e+00	0.00e+00	0.00e+00
 2.30123e+16	8.82e-03	6.27e-01	3.55e-01	8.84e-03	0.00e+00	0.00e+00	0.00e+00	0.00e+00
 2.30438e+16	1.01e-02	6.65e-01	3.18e-01	6.94e-03	0.00e+00	0.00e+00	0.00e+00	0.00e+00
 2.30741e+16	1.14e-02	7.01e-01	2.82e-01	5.37e-03	0.00e+00	0.00e+00	0.00e+00	0.00e+00
 2.31029e+16	1.30e-02	7.35e-01	2.48e-01	4.10e-03	0.00e+00	0.00e+00	0.00e+00	0.00e+00
 2.31301e+16	1.46e-02	7.66e-01	2.16e-01	3.11e-03	0.00e+00	0.00e+00	0.00e+00	0.00e+00
 2.31560e+16	1.64e-02	7.94e-01	1.87e-01	2.33e-03	0.00e+00	0.00e+00	0.00e+00	0.00e+00
 2.31809e+16	1.83e-02	8.20e-01	1.60e-01	1.72e-03	0.00e+00	0.00e+00	0.00e+00	0.00e+00
 2.32049e+16	2.04e-02	8.42e-01	1.36e-01	1.26e-03	0.00e+00	0.00e+00	0.00e+00	0.00e+00
 2.32281e+16	2.28e-02	8.62e-01	1.14e-01	9.03e-04	0.00e+00	0.00e+00	0.00e+00	0.00e+00
 2.32503e+16	2.53e-02	8.79e-01	9.53e-02	6.44e-04	0.00e+00	0.00e+00	0.00e+00	0.00e+00
 2.32714e+16	2.81e-02	8.92e-01	7.91e-02	4.56e-04	0.00e+00	0.00e+00	0.00e+00	0.00e+00
 2.32920e+16	3.10e-02	9.04e-01	6.49e-02	3.16e-04	0.00e+00	0.00e+00	0.00e+00	0.00e+00
 2.33120e+16	3.44e-02	9.13e-01	5.28e-02	2.17e-04	0.00e+00	0.00e+00	0.00e+00	0.00e+00
 2.33310e+16	3.80e-02	9.19e-01	4.28e-02	1.48e-04	0.00e+00	0.00e+00	0.00e+00	0.00e+00
 2.33488e+16	4.18e-02	9.23e-01	3.47e-02	1.01e-04	0.00e+00	0.00e+00	0.00e+00	0.00e+00
 2.33657e+16	4.58e-02	9.26e-01	2.80e-02	6.87e-05	0.00e+00	0.00e+00	0.00e+00	0.00e+00
 2.33818e+16	5.01e-02	9.27e-01	2.27e-02	4.68e-05	0.00e+00	0.00e+00	0.00e+00	0.00e+00
 2.33972e+16	5.47e-02	9.27e-01	1.83e-02	3.18e-05	0.00e+00	0.00e+00	0.00e+00	0.00e+00
 2.34120e+16	5.95e-02	9.26e-01	1.47e-02	2.16e-05	0.00e+00	0.00e+00	0.00e+00	0.00e+00
 2.34262e+16	6.46e-02	9.23e-01	1.19e-02	1.46e-05	0.00e+00	0.00e+00	0.00e+00	0.00e+00
 2.34398e+16	7.00e-02	9.20e-01	9.56e-03	9.92e-06	0.00e+00	0.00e+00	0.00e+00	0.00e+00
 2.34528e+16	7.55e-02	9.17e-01	7.71e-03	6.73e-06	0.00e+00	0.00e+00	0.00e+00	0.00e+00
 2.34648e+16	8.12e-02	9.13e-01	6.26e-03	4.64e-06	0.00e+00	0.00e+00	0.00e+00	0.00e+00
 2.34756e+16	8.66e-02	9.08e-01	5.18e-03	3.30e-06	0.00e+00	0.00e+00	0.00e+00	0.00e+00
 2.34849e+16	9.16e-02	9.04e-01	4.37e-03	2.43e-06	0.00e+00	0.00e+00	0.00e+00	0.00e+00
 2.34935e+16	9.64e-02	9.00e-01	3.72e-03	1.82e-06	0.00e+00	0.00e+00	0.00e+00	0.00e+00
 2.35005e+16	1.00e-01	8.97e-01	3.26e-03	1.44e-06	0.00e+00	0.00e+00	0.00e+00	0.00e+00
 2.35052e+16	1.03e-01	8.94e-01	2.98e-03	1.23e-06	0.00e+00	0.00e+00	0.00e+00	0.00e+00
 2.35094e+16	1.06e-01	8.92e-01	2.75e-03	1.06e-06	0.00e+00	0.00e+00	0.00e+00	0.00e+00
 2.35143e+16	1.09e-01	8.89e-01	2.49e-03	8.89e-07	0.00e+00	0.00e+00	0.00e+00	0.00e+00
 2.35197e+16	1.13e-01	8.85e-01	2.24e-03	0.00e+00	0.00e+00	0.00e+00	0.00e+00	0.00e+00
 2.35249e+16	1.16e-01	8.82e-01	2.01e-03	0.00e+00	0.00e+00	0.00e+00	0.00e+00	0.00e+00
 2.35297e+16	1.20e-01	8.79e-01	1.83e-03	0.00e+00	0.00e+00	0.00e+00	0.00e+00	0.00e+00
 2.35344e+16	1.23e-01	8.75e-01	1.66e-03	0.00e+00	0.00e+00	0.00e+00	0.00e+00	0.00e+00
 2.35391e+16	1.27e-01	8.72e-01	1.50e-03	0.00e+00	0.00e+00	0.00e+00	0.00e+00	0.00e+00
 2.35439e+16	1.30e-01	8.68e-01	1.35e-03	0.00e+00	0.00e+00	0.00e+00	0.00e+00	0.00e+00
 2.35486e+16	1.34e-01	8.65e-01	1.22e-03	0.00e+00	0.00e+00	0.00e+00	0.00e+00	0.00e+00
 2.35532e+16	1.38e-01	8.61e-01	1.11e-03	0.00e+00	0.00e+00	0.00e+00	0.00e+00	0.00e+00
 2.35577e+16	1.42e-01	8.57e-01	1.00e-03	0.00e+00	0.00e+00	0.00e+00	0.00e+00	0.00e+00
 2.35623e+16	1.46e-01	8.53e-01	9.04e-04	0.00e+00	0.00e+00	0.00e+00	0.00e+00	0.00e+00
 2.35668e+16	1.50e-01	8.49e-01	8.18e-04	0.00e+00	0.00e+00	0.00e+00	0.00e+00	0.00e+00
 2.35712e+16	1.55e-01	8.45e-01	7.38e-04	0.00e+00	0.00e+00	0.00e+00	0.00e+00	0.00e+00
 2.35757e+16	1.59e-01	8.40e-01	6.66e-04	0.00e+00	0.00e+00	0.00e+00	0.00e+00	0.00e+00
 2.35800e+16	1.64e-01	8.36e-01	6.02e-04	0.00e+00	0.00e+00	0.00e+00	0.00e+00	0.00e+00
 2.35842e+16	1.68e-01	8.31e-01	5.45e-04	0.00e+00	0.00e+00	0.00e+00	0.00e+00	0.00e+00
 2.35885e+16	1.73e-01	8.26e-01	4.91e-04	0.00e+00	0.00e+00	0.00e+00	0.00e+00	0.00e+00
 2.35927e+16	1.78e-01	8.21e-01	4.43e-04	0.00e+00	0.00e+00	0.00e+00	0.00e+00	0.00e+00
 2.35969e+16	1.84e-01	8.16e-01	4.00e-04	0.00e+00	0.00e+00	0.00e+00	0.00e+00	0.00e+00
 2.36011e+16	1.89e-01	8.10e-01	3.60e-04	0.00e+00	0.00e+00	0.00e+00	0.00e+00	0.00e+00
 2.36052e+16	1.95e-01	8.05e-01	3.25e-04	0.00e+00	0.00e+00	0.00e+00	0.00e+00	0.00e+00
 2.36092e+16	2.01e-01	7.98e-01	2.93e-04	0.00e+00	0.00e+00	0.00e+00	0.00e+00	0.00e+00
 2.36132e+16	2.07e-01	7.92e-01	2.64e-04	0.00e+00	0.00e+00	0.00e+00	0.00e+00	0.00e+00
 2.36172e+16	2.14e-01	7.86e-01	2.38e-04	0.00e+00	0.00e+00	0.00e+00	0.00e+00	0.00e+00
 2.36212e+16	2.21e-01	7.78e-01	2.14e-04	0.00e+00	0.00e+00	0.00e+00	0.00e+00	0.00e+00
 2.36251e+16	2.29e-01	7.71e-01	1.93e-04	0.00e+00	0.00e+00	0.00e+00	0.00e+00	0.00e+00
 2.36289e+16	2.37e-01	7.63e-01	1.73e-04	0.00e+00	0.00e+00	0.00e+00	0.00e+00	0.00e+00
 2.36327e+16	2.45e-01	7.55e-01	1.56e-04	0.00e+00	0.00e+00	0.00e+00	0.00e+00	0.00e+00
 2.36364e+16	2.53e-01	7.46e-01	1.41e-04	0.00e+00	0.00e+00	0.00e+00	0.00e+00	0.00e+00
 2.36401e+16	2.63e-01	7.37e-01	1.27e-04	0.00e+00	0.00e+00	0.00e+00	0.00e+00	0.00e+00
 2.36437e+16	2.72e-01	7.28e-01	1.14e-04	0.00e+00	0.00e+00	0.00e+00	0.00e+00	0.00e+00
 2.36472e+16	2.83e-01	7.17e-01	1.03e-04	0.00e+00	0.00e+00	0.00e+00	0.00e+00	0.00e+00
 2.36507e+16	2.93e-01	7.07e-01	9.26e-05	0.00e+00	0.00e+00	0.00e+00	0.00e+00	0.00e+00
 2.36540e+16	3.05e-01	6.95e-01	8.34e-05	0.00e+00	0.00e+00	0.00e+00	0.00e+00	0.00e+00
 2.36574e+16	3.17e-01	6.83e-01	7.51e-05	0.00e+00	0.00e+00	0.00e+00	0.00e+00	0.00e+00
 2.36607e+16	3.29e-01	6.71e-01	6.76e-05	0.00e+00	0.00e+00	0.00e+00	0.00e+00	0.00e+00
 2.36641e+16	3.42e-01	6.58e-01	6.07e-05	0.00e+00	0.00e+00	0.00e+00	0.00e+00	0.00e+00
 2.36673e+16	3.56e-01	6.44e-01	5.45e-05	0.00e+00	0.00e+00	0.00e+00	0.00e+00	0.00e+00
 2.36706e+16	3.71e-01	6.29e-01	4.90e-05	0.00e+00	0.00e+00	0.00e+00	0.00e+00	0.00e+00
 2.36737e+16	3.86e-01	6.14e-01	4.39e-05	0.00e+00	0.00e+00	0.00e+00	0.00e+00	0.00e+00
 2.36769e+16	4.03e-01	5.97e-01	3.93e-05	0.00e+00	0.00e+00	0.00e+00	0.00e+00	0.00e+00
 2.36800e+16	4.23e-01	5.77e-01	3.49e-05	0.00e+00	0.00e+00	0.00e+00	0.00e+00	0.00e+00
 2.36831e+16	4.42e-01	5.58e-01	3.12e-05	0.00e+00	0.00e+00	0.00e+00	0.00e+00	0.00e+00
 2.36862e+16	4.61e-01	5.39e-01	2.78e-05	0.00e+00	0.00e+00	0.00e+00	0.00e+00	0.00e+00
 2.36892e+16	4.82e-01	5.18e-01	2.47e-05	0.00e+00	0.00e+00	0.00e+00	0.00e+00	0.00e+00
 2.36923e+16	5.03e-01	4.97e-01	2.18e-05	0.00e+00	0.00e+00	0.00e+00	0.00e+00	0.00e+00
 2.36954e+16	5.25e-01	4.75e-01	1.93e-05	0.00e+00	0.00e+00	0.00e+00	0.00e+00	0.00e+00
 2.36984e+16	5.48e-01	4.52e-01	1.70e-05	0.00e+00	0.00e+00	0.00e+00	0.00e+00	0.00e+00
 2.37014e+16	5.72e-01	4.28e-01	1.49e-05	0.00e+00	0.00e+00	0.00e+00	0.00e+00	0.00e+00
 2.37044e+16	5.96e-01	4.04e-01	1.31e-05	0.00e+00	0.00e+00	0.00e+00	0.00e+00	0.00e+00
 2.37075e+16	6.20e-01	3.80e-01	1.14e-05	0.00e+00	0.00e+00	0.00e+00	0.00e+00	0.00e+00
 2.37106e+16	6.45e-01	3.55e-01	9.87e-06	0.00e+00	0.00e+00	0.00e+00	0.00e+00	0.00e+00
 2.37132e+16	6.66e-01	3.34e-01	8.74e-06	0.00e+00	0.00e+00	0.00e+00	0.00e+00	0.00e+00
 2.37151e+16	6.80e-01	3.20e-01	8.02e-06	0.00e+00	0.00e+00	0.00e+00	0.00e+00	0.00e+00
 2.37169e+16	6.96e-01	3.04e-01	7.30e-06	0.00e+00	0.00e+00	0.00e+00	0.00e+00	0.00e+00
 2.37188e+16	7.10e-01	2.90e-01	6.66e-06	0.00e+00	0.00e+00	0.00e+00	0.00e+00	0.00e+00
 2.37208e+16	7.26e-01	2.74e-01	6.03e-06	0.00e+00	0.00e+00	0.00e+00	0.00e+00	0.00e+00
 2.37226e+16	7.39e-01	2.61e-01	5.51e-06	0.00e+00	0.00e+00	0.00e+00	0.00e+00	0.00e+00
 2.37245e+16	7.54e-01	2.46e-01	5.00e-06	0.00e+00	0.00e+00	0.00e+00	0.00e+00	0.00e+00
