#depth	He	He+	He+2
 1.49634e+10	1.27e-22	5.93e-12	1.00e+00
 4.54887e+10	1.44e-22	6.42e-12	1.00e+00
 7.72350e+10	1.62e-22	6.95e-12	1.00e+00
 1.10251e+11	1.83e-22	7.51e-12	1.00e+00
 1.42091e+11	2.05e-22	8.08e-12	1.00e+00
 1.71890e+11	2.28e-22	8.64e-12	1.00e+00
 2.05379e+11	2.55e-22	9.28e-12	1.00e+00
 2.43521e+11	2.90e-22	1.00e-11	1.00e+00
 2.78596e+11	3.25e-22	1.08e-11	1.00e+00
 3.08679e+11	3.57e-22	1.14e-11	1.00e+00
 3.41921e+11	3.95e-22	1.21e-11	1.00e+00
 3.82889e+11	4.47e-22	1.31e-11	1.00e+00
 4.24611e+11	5.07e-22	1.41e-11	1.00e+00
 4.61884e+11	5.64e-22	1.50e-11	1.00e+00
 5.02656e+11	6.30e-22	1.60e-11	1.00e+00
 5.51179e+11	7.20e-22	1.73e-11	1.00e+00
 5.99133e+11	8.19e-22	1.86e-11	1.00e+00
 6.42793e+11	9.15e-22	1.98e-11	1.00e+00
 6.91516e+11	1.03e-21	2.13e-11	1.00e+00
 7.48399e+11	1.19e-21	2.30e-11	1.00e+00
 8.04451e+11	1.36e-21	2.48e-11	1.00e+00
 8.57355e+11	1.53e-21	2.65e-11	1.00e+00
 9.16187e+11	1.74e-21	2.85e-11	1.00e+00
 9.82761e+11	2.01e-21	3.09e-11	1.00e+00
 1.04588e+12	2.30e-21	3.32e-11	1.00e+00
 1.10325e+12	2.59e-21	3.54e-11	1.00e+00
 1.16808e+12	2.93e-21	3.80e-11	1.00e+00
 1.24379e+12	3.40e-21	4.12e-11	1.00e+00
 1.31901e+12	3.92e-21	4.44e-11	1.00e+00
 1.38266e+12	4.40e-21	4.73e-11	1.00e+00
 1.43680e+12	4.83e-21	4.98e-11	1.00e+00
 1.49806e+12	5.35e-21	5.27e-11	1.00e+00
 1.57770e+12	6.12e-21	5.66e-11	1.00e+00
 1.66203e+12	7.05e-21	6.09e-11	1.00e+00
 1.73567e+12	7.92e-21	6.49e-11	1.00e+00
 1.81462e+12	8.91e-21	6.92e-11	1.00e+00
 1.91139e+12	1.03e-20	7.48e-11	1.00e+00
 2.00997e+12	1.19e-20	8.08e-11	1.00e+00
 2.09973e+12	1.35e-20	8.64e-11	1.00e+00
 2.19941e+12	1.55e-20	9.30e-11	1.00e+00
 2.31582e+12	1.81e-20	1.01e-10	1.00e+00
 2.43221e+12	2.10e-20	1.09e-10	1.00e+00
 2.53430e+12	2.39e-20	1.17e-10	1.00e+00
 2.62482e+12	2.66e-20	1.24e-10	1.00e+00
 2.72771e+12	3.00e-20	1.33e-10	1.00e+00
 2.85655e+12	3.48e-20	1.44e-10	1.00e+00
 2.98684e+12	4.04e-20	1.56e-10	1.00e+00
 3.09814e+12	4.56e-20	1.67e-10	1.00e+00
 3.21704e+12	5.14e-20	1.79e-10	1.00e+00
 3.36489e+12	5.99e-20	1.95e-10	1.00e+00
 3.51410e+12	6.98e-20	2.12e-10	1.00e+00
 3.64303e+12	7.89e-20	2.27e-10	1.00e+00
 3.78186e+12	8.96e-20	2.45e-10	1.00e+00
 3.93688e+12	1.03e-19	2.66e-10	1.00e+00
 4.08208e+12	1.18e-19	2.87e-10	1.00e+00
 4.23998e+12	1.34e-19	3.11e-10	1.00e+00
 4.41400e+12	1.55e-19	3.40e-10	1.00e+00
 4.57434e+12	1.77e-19	3.68e-10	1.00e+00
 4.74811e+12	2.02e-19	3.99e-10	1.00e+00
 4.94233e+12	2.36e-19	4.37e-10	1.00e+00
 5.12571e+12	2.71e-19	4.75e-10	1.00e+00
 5.31718e+12	3.10e-19	5.17e-10	1.00e+00
 5.54185e+12	3.62e-19	5.70e-10	1.00e+00
 5.74723e+12	4.17e-19	6.20e-10	1.00e+00
 5.90247e+12	4.59e-19	6.60e-10	1.00e+00
 6.06445e+12	5.05e-19	7.03e-10	1.00e+00
 6.27501e+12	5.72e-19	7.62e-10	1.00e+00
 6.50603e+12	6.53e-19	8.29e-10	1.00e+00
 6.71100e+12	7.30e-19	8.91e-10	1.00e+00
 6.89588e+12	8.03e-19	9.49e-10	1.00e+00
 7.10727e+12	8.91e-19	1.02e-09	1.00e+00
 7.38207e+12	1.02e-18	1.11e-09	1.00e+00
 7.66273e+12	1.16e-18	1.21e-09	1.00e+00
 7.89197e+12	1.29e-18	1.30e-09	1.00e+00
 8.13094e+12	1.42e-18	1.39e-09	1.00e+00
 8.44161e+12	1.62e-18	1.51e-09	1.00e+00
 8.76620e+12	1.84e-18	1.65e-09	1.00e+00
 9.04220e+12	2.05e-18	1.77e-09	1.00e+00
 9.33433e+12	2.28e-18	1.90e-09	1.00e+00
 9.70440e+12	2.60e-18	2.07e-09	1.00e+00
 1.00851e+13	2.97e-18	2.26e-09	1.00e+00
 1.04150e+13	3.31e-18	2.43e-09	1.00e+00
 1.07694e+13	3.70e-18	2.61e-09	1.00e+00
 1.12041e+13	4.24e-18	2.86e-09	1.00e+00
 1.16462e+13	4.84e-18	3.11e-09	1.00e+00
 1.20457e+13	5.43e-18	3.35e-09	1.00e+00
 1.24066e+13	6.01e-18	3.58e-09	1.00e+00
 1.27958e+13	6.66e-18	3.83e-09	1.00e+00
 1.32043e+13	7.42e-18	4.11e-09	1.00e+00
 1.35539e+13	8.11e-18	4.35e-09	1.00e+00
 1.39243e+13	8.88e-18	4.62e-09	1.00e+00
 1.44059e+13	9.96e-18	4.98e-09	1.00e+00
 1.49023e+13	1.12e-17	5.38e-09	1.00e+00
 1.53130e+13	1.23e-17	5.71e-09	1.00e+00
 1.57422e+13	1.35e-17	6.07e-09	1.00e+00
 1.63001e+13	1.51e-17	6.57e-09	1.00e+00
 1.68887e+13	1.71e-17	7.11e-09	1.00e+00
 1.73988e+13	1.89e-17	7.59e-09	1.00e+00
 1.79438e+13	2.10e-17	8.14e-09	1.00e+00
 1.86319e+13	2.38e-17	8.86e-09	1.00e+00
 1.93440e+13	2.70e-17	9.65e-09	1.00e+00
 1.99749e+13	3.01e-17	1.04e-08	1.00e+00
 2.06623e+13	3.36e-17	1.12e-08	1.00e+00
 2.14868e+13	3.84e-17	1.22e-08	1.00e+00
 2.22848e+13	4.34e-17	1.33e-08	1.00e+00
 2.29735e+13	4.80e-17	1.43e-08	1.00e+00
 2.37248e+13	5.35e-17	1.54e-08	1.00e+00
 2.44950e+13	5.96e-17	1.65e-08	1.00e+00
 2.51247e+13	6.49e-17	1.75e-08	1.00e+00
 2.57783e+13	7.08e-17	1.86e-08	1.00e+00
 2.66279e+13	7.91e-17	2.00e-08	1.00e+00
 2.75153e+13	8.86e-17	2.16e-08	1.00e+00
 2.82673e+13	9.72e-17	2.30e-08	1.00e+00
 2.90605e+13	1.07e-16	2.44e-08	1.00e+00
 3.00916e+13	1.21e-16	2.65e-08	1.00e+00
 3.11653e+13	1.37e-16	2.87e-08	1.00e+00
 3.20745e+13	1.52e-16	3.06e-08	1.00e+00
 3.30364e+13	1.70e-16	3.27e-08	1.00e+00
 3.42667e+13	1.94e-16	3.55e-08	1.00e+00
 3.55596e+13	2.23e-16	3.86e-08	1.00e+00
 3.67080e+13	2.51e-16	4.14e-08	1.00e+00
 3.79548e+13	2.85e-16	4.45e-08	1.00e+00
 3.94477e+13	3.30e-16	4.85e-08	1.00e+00
 4.09807e+13	3.82e-16	5.27e-08	1.00e+00
 4.22752e+13	4.31e-16	5.63e-08	1.00e+00
 4.33478e+13	4.74e-16	5.94e-08	1.00e+00
 4.45503e+13	5.27e-16	6.30e-08	1.00e+00
 4.61136e+13	6.03e-16	6.78e-08	1.00e+00
 4.77881e+13	6.93e-16	7.31e-08	1.00e+00
 4.92130e+13	7.78e-16	7.77e-08	1.00e+00
 5.06716e+13	8.72e-16	8.25e-08	1.00e+00
 5.25408e+13	1.00e-15	8.90e-08	1.00e+00
 5.44734e+13	1.16e-15	9.59e-08	1.00e+00
 5.61317e+13	1.30e-15	1.02e-07	1.00e+00
 5.79042e+13	1.47e-15	1.09e-07	1.00e+00
 6.00991e+13	1.70e-15	1.17e-07	1.00e+00
 6.23610e+13	1.97e-15	1.26e-07	1.00e+00
 6.44021e+13	2.23e-15	1.35e-07	1.00e+00
 6.66383e+13	2.55e-15	1.45e-07	1.00e+00
 6.92753e+13	2.97e-15	1.56e-07	1.00e+00
 7.18721e+13	3.44e-15	1.69e-07	1.00e+00
 7.41332e+13	3.88e-15	1.79e-07	1.00e+00
 7.65189e+13	4.39e-15	1.91e-07	1.00e+00
 7.94397e+13	5.09e-15	2.06e-07	1.00e+00
 8.23587e+13	5.87e-15	2.22e-07	1.00e+00
 8.47876e+13	6.57e-15	2.36e-07	1.00e+00
 8.68567e+13	7.23e-15	2.47e-07	1.00e+00
 8.91269e+13	7.99e-15	2.61e-07	1.00e+00
 9.20783e+13	9.08e-15	2.79e-07	1.00e+00
 9.51281e+13	1.03e-14	2.98e-07	1.00e+00
 9.76682e+13	1.14e-14	3.14e-07	1.00e+00
 1.00332e+14	1.27e-14	3.32e-07	1.00e+00
 1.03796e+14	1.45e-14	3.56e-07	1.00e+00
 1.07390e+14	1.66e-14	3.82e-07	1.00e+00
 1.10417e+14	1.85e-14	4.04e-07	1.00e+00
 1.13614e+14	2.07e-14	4.28e-07	1.00e+00
 1.17744e+14	2.38e-14	4.61e-07	1.00e+00
 1.22045e+14	2.74e-14	4.97e-07	1.00e+00
 1.25731e+14	3.08e-14	5.28e-07	1.00e+00
 1.29661e+14	3.48e-14	5.62e-07	1.00e+00
 1.34535e+14	4.01e-14	6.07e-07	1.00e+00
 1.39512e+14	4.63e-14	6.54e-07	1.00e+00
 1.43924e+14	5.22e-14	6.97e-07	1.00e+00
 1.48723e+14	5.94e-14	7.46e-07	1.00e+00
 1.54480e+14	6.88e-14	8.08e-07	1.00e+00
 1.60194e+14	7.93e-14	8.70e-07	1.00e+00
 1.65359e+14	8.96e-14	9.29e-07	1.00e+00
 1.71093e+14	1.02e-13	9.97e-07	1.00e+00
 1.77836e+14	1.19e-13	1.08e-06	1.00e+00
 1.84509e+14	1.37e-13	1.16e-06	1.00e+00
 1.90169e+14	1.53e-13	1.24e-06	1.00e+00
 1.94766e+14	1.68e-13	1.30e-06	1.00e+00
 1.99615e+14	1.85e-13	1.37e-06	1.00e+00
 2.05918e+14	2.08e-13	1.46e-06	1.00e+00
 2.12502e+14	2.34e-13	1.55e-06	1.00e+00
 2.18082e+14	2.58e-13	1.64e-06	1.00e+00
 2.23968e+14	2.86e-13	1.73e-06	1.00e+00
 2.31620e+14	3.24e-13	1.85e-06	1.00e+00
 2.39526e+14	3.68e-13	1.98e-06	1.00e+00
 2.46123e+14	4.07e-13	2.10e-06	1.00e+00
 2.53059e+14	4.51e-13	2.22e-06	1.00e+00
 2.62076e+14	5.14e-13	2.38e-06	1.00e+00
 2.71535e+14	5.85e-13	2.56e-06	1.00e+00
 2.79668e+14	6.52e-13	2.71e-06	1.00e+00
 2.88339e+14	7.29e-13	2.89e-06	1.00e+00
 2.99120e+14	8.34e-13	3.11e-06	1.00e+00
 3.10232e+14	9.52e-13	3.34e-06	1.00e+00
 3.20187e+14	1.07e-12	3.56e-06	1.00e+00
 3.31052e+14	1.20e-12	3.81e-06	1.00e+00
 3.43951e+14	1.38e-12	4.12e-06	1.00e+00
 3.56712e+14	1.57e-12	4.43e-06	1.00e+00
 3.68417e+14	1.76e-12	4.73e-06	1.00e+00
 3.81536e+14	2.00e-12	5.07e-06	1.00e+00
 3.94929e+14	2.26e-12	5.44e-06	1.00e+00
 4.05262e+14	2.47e-12	5.73e-06	1.00e+00
 4.15277e+14	2.69e-12	6.01e-06	1.00e+00
 4.28296e+14	3.01e-12	6.40e-06	1.00e+00
 4.41965e+14	3.36e-12	6.82e-06	1.00e+00
 4.53639e+14	3.68e-12	7.19e-06	1.00e+00
 4.65974e+14	4.05e-12	7.60e-06	1.00e+00
 4.82009e+14	4.56e-12	8.14e-06	1.00e+00
 4.98539e+14	5.13e-12	8.72e-06	1.00e+00
 5.12266e+14	5.65e-12	9.21e-06	1.00e+00
 5.26664e+14	6.23e-12	9.75e-06	1.00e+00
 5.45383e+14	7.06e-12	1.05e-05	1.00e+00
 5.65064e+14	8.00e-12	1.13e-05	1.00e+00
 5.82058e+14	8.89e-12	1.20e-05	1.00e+00
 6.00214e+14	9.92e-12	1.28e-05	1.00e+00
 6.22700e+14	1.13e-11	1.38e-05	1.00e+00
 6.45489e+14	1.29e-11	1.49e-05	1.00e+00
 6.65418e+14	1.44e-11	1.58e-05	1.00e+00
 6.86955e+14	1.62e-11	1.69e-05	1.00e+00
 7.13126e+14	1.86e-11	1.83e-05	1.00e+00
 7.39139e+14	2.12e-11	1.98e-05	1.00e+00
 7.62054e+14	2.37e-11	2.11e-05	1.00e+00
 7.87126e+14	2.67e-11	2.26e-05	1.00e+00
 8.17339e+14	3.08e-11	2.45e-05	1.00e+00
 8.47416e+14	3.53e-11	2.64e-05	1.00e+00
 8.72956e+14	3.95e-11	2.82e-05	1.00e+00
 8.94171e+14	4.32e-11	2.96e-05	1.00e+00
 9.16510e+14	4.75e-11	3.12e-05	1.00e+00
 9.45550e+14	5.36e-11	3.34e-05	1.00e+00
 9.75426e+14	6.04e-11	3.58e-05	1.00e+00
 1.00003e+15	6.65e-11	3.77e-05	1.00e+00
 1.02564e+15	7.34e-11	3.98e-05	1.00e+00
 1.05894e+15	8.32e-11	4.27e-05	1.00e+00
 1.09360e+15	9.44e-11	4.57e-05	1.00e+00
 1.12281e+15	1.05e-10	4.84e-05	1.00e+00
 1.15356e+15	1.16e-10	5.13e-05	1.00e+00
 1.19354e+15	1.33e-10	5.53e-05	1.00e+00
 1.23500e+15	1.53e-10	5.95e-05	1.00e+00
 1.27005e+15	1.71e-10	6.32e-05	1.00e+00
 1.30724e+15	1.92e-10	6.73e-05	1.00e+00
 1.35485e+15	2.22e-10	7.28e-05	1.00e+00
 1.40465e+15	2.57e-10	7.88e-05	1.00e+00
 1.44846e+15	2.92e-10	8.42e-05	1.00e+00
 1.49581e+15	3.33e-10	9.03e-05	1.00e+00
 1.55304e+15	3.89e-10	9.81e-05	1.00e+00
 1.61020e+15	4.52e-10	1.06e-04	1.00e+00
 1.66192e+15	5.15e-10	1.14e-04	1.00e+00
 1.70601e+15	5.75e-10	1.20e-04	1.00e+00
 1.74317e+15	6.29e-10	1.26e-04	1.00e+00
 1.78476e+15	6.94e-10	1.33e-04	1.00e+00
 1.83884e+15	7.88e-10	1.42e-04	1.00e+00
 1.89503e+15	8.95e-10	1.52e-04	1.00e+00
 1.94200e+15	9.93e-10	1.60e-04	1.00e+00
 1.99109e+15	1.10e-09	1.69e-04	1.00e+00
 2.05491e+15	1.27e-09	1.82e-04	1.00e+00
 2.12078e+15	1.45e-09	1.95e-04	1.00e+00
 2.17535e+15	1.62e-09	2.06e-04	1.00e+00
 2.23232e+15	1.81e-09	2.19e-04	1.00e+00
 2.30640e+15	2.09e-09	2.35e-04	1.00e+00
 2.38393e+15	2.42e-09	2.54e-04	1.00e+00
 2.44986e+15	2.73e-09	2.70e-04	1.00e+00
 2.51948e+15	3.09e-09	2.88e-04	1.00e+00
 2.60998e+15	3.62e-09	3.12e-04	1.00e+00
 2.70491e+15	4.25e-09	3.38e-04	1.00e+00
 2.78638e+15	4.85e-09	3.61e-04	1.00e+00
 2.87310e+15	5.57e-09	3.88e-04	1.00e+00
 2.98058e+15	6.58e-09	4.22e-04	1.00e+00
 3.09033e+15	7.74e-09	4.58e-04	1.00e+00
 3.18726e+15	8.91e-09	4.92e-04	1.00e+00
 3.26853e+15	9.98e-09	5.21e-04	9.99e-01
 3.33904e+15	1.10e-08	5.47e-04	9.99e-01
 3.41928e+15	1.23e-08	5.78e-04	9.99e-01
 3.52360e+15	1.40e-08	6.19e-04	9.99e-01
 3.63017e+15	1.61e-08	6.62e-04	9.99e-01
 3.71660e+15	1.79e-08	6.99e-04	9.99e-01
 3.80585e+15	1.99e-08	7.38e-04	9.99e-01
 3.92189e+15	2.28e-08	7.90e-04	9.99e-01
 4.04240e+15	2.61e-08	8.47e-04	9.99e-01
 4.14342e+15	2.92e-08	8.96e-04	9.99e-01
 4.24947e+15	3.27e-08	9.49e-04	9.99e-01
 4.38733e+15	3.78e-08	1.02e-03	9.99e-01
 4.53005e+15	4.35e-08	1.10e-03	9.99e-01
 4.64992e+15	4.88e-08	1.16e-03	9.99e-01
 4.77658e+15	5.50e-08	1.24e-03	9.99e-01
 4.94123e+15	6.39e-08	1.33e-03	9.99e-01
 5.11440e+15	7.42e-08	1.44e-03	9.99e-01
 5.26328e+15	8.39e-08	1.53e-03	9.98e-01
 5.42145e+15	9.54e-08	1.64e-03	9.98e-01
 5.62108e+15	1.12e-07	1.78e-03	9.98e-01
 5.80029e+15	1.28e-07	1.90e-03	9.98e-01
 5.91826e+15	1.39e-07	1.99e-03	9.98e-01
 6.03096e+15	1.51e-07	2.07e-03	9.98e-01
 6.17748e+15	1.68e-07	2.19e-03	9.98e-01
 6.36794e+15	1.92e-07	2.34e-03	9.98e-01
 6.55936e+15	2.17e-07	2.49e-03	9.98e-01
 6.70924e+15	2.38e-07	2.62e-03	9.97e-01
 6.86134e+15	2.63e-07	2.75e-03	9.97e-01
 7.05908e+15	2.97e-07	2.93e-03	9.97e-01
 7.26666e+15	3.35e-07	3.12e-03	9.97e-01
 7.44334e+15	3.69e-07	3.28e-03	9.97e-01
 7.62932e+15	4.10e-07	3.46e-03	9.97e-01
 7.87110e+15	4.69e-07	3.71e-03	9.96e-01
 8.11761e+15	5.31e-07	3.97e-03	9.96e-01
 8.31998e+15	5.86e-07	4.18e-03	9.96e-01
 8.53277e+15	6.52e-07	4.42e-03	9.96e-01
 8.80940e+15	7.45e-07	4.75e-03	9.95e-01
 9.09068e+15	8.43e-07	5.08e-03	9.95e-01
 9.32413e+15	9.32e-07	5.36e-03	9.95e-01
 9.57375e+15	1.04e-06	5.70e-03	9.94e-01
 9.82295e+15	1.15e-06	6.02e-03	9.94e-01
 1.00276e+16	1.25e-06	6.30e-03	9.94e-01
 1.02498e+16	1.37e-06	6.63e-03	9.93e-01
 1.04919e+16	1.50e-06	6.99e-03	9.93e-01
 1.07203e+16	1.63e-06	7.34e-03	9.93e-01
 1.09775e+16	1.81e-06	7.78e-03	9.92e-01
 1.12460e+16	1.99e-06	8.23e-03	9.92e-01
 1.14897e+16	2.17e-06	8.67e-03	9.91e-01
 1.17671e+16	2.41e-06	9.22e-03	9.91e-01
 1.20559e+16	2.66e-06	9.79e-03	9.90e-01
 1.23125e+16	2.90e-06	1.03e-02	9.90e-01
 1.25991e+16	3.22e-06	1.10e-02	9.89e-01
 1.29061e+16	3.58e-06	1.18e-02	9.88e-01
 1.31837e+16	3.92e-06	1.25e-02	9.88e-01
 1.34888e+16	4.38e-06	1.34e-02	9.87e-01
 1.38140e+16	4.91e-06	1.44e-02	9.86e-01
 1.40966e+16	5.40e-06	1.54e-02	9.85e-01
 1.43952e+16	6.04e-06	1.66e-02	9.83e-01
 1.47194e+16	6.82e-06	1.79e-02	9.82e-01
 1.50073e+16	7.56e-06	1.93e-02	9.81e-01
 1.52544e+16	8.30e-06	2.06e-02	9.79e-01
 1.55180e+16	9.24e-06	2.22e-02	9.78e-01
 1.58015e+16	1.04e-05	2.41e-02	9.76e-01
 1.60460e+16	1.15e-05	2.59e-02	9.74e-01
 1.62566e+16	1.27e-05	2.77e-02	9.72e-01
 1.64880e+16	1.41e-05	2.99e-02	9.70e-01
 1.67380e+16	1.60e-05	3.27e-02	9.67e-01
 1.69506e+16	1.78e-05	3.52e-02	9.65e-01
 1.71348e+16	1.95e-05	3.78e-02	9.62e-01
 1.73436e+16	2.17e-05	4.12e-02	9.59e-01
 1.75756e+16	2.48e-05	4.54e-02	9.55e-01
 1.77815e+16	2.81e-05	4.98e-02	9.50e-01
 1.79525e+16	3.20e-05	5.41e-02	9.46e-01
 1.80994e+16	3.52e-05	5.82e-02	9.42e-01
 1.82551e+16	3.89e-05	6.31e-02	9.37e-01
 1.84576e+16	4.51e-05	7.06e-02	9.29e-01
 1.86590e+16	5.29e-05	7.94e-02	9.21e-01
 1.88082e+16	6.10e-05	8.73e-02	9.13e-01
 1.89154e+16	6.71e-05	9.36e-02	9.06e-01
 1.90189e+16	7.35e-05	1.01e-01	8.99e-01
 1.91534e+16	8.54e-05	1.11e-01	8.89e-01
 1.92827e+16	9.61e-05	1.22e-01	8.78e-01
 1.94053e+16	1.09e-04	1.34e-01	8.66e-01
 1.95258e+16	1.24e-04	1.47e-01	8.53e-01
 1.96100e+16	1.38e-04	1.58e-01	8.42e-01
 1.96651e+16	1.48e-04	1.65e-01	8.34e-01
 1.97162e+16	1.57e-04	1.73e-01	8.27e-01
 1.97827e+16	1.70e-04	1.84e-01	8.16e-01
 1.98692e+16	1.90e-04	1.99e-01	8.01e-01
 1.99542e+16	2.10e-04	2.14e-01	7.85e-01
 2.00234e+16	2.33e-04	2.29e-01	7.71e-01
 2.00794e+16	2.51e-04	2.41e-01	7.59e-01
 2.01322e+16	2.70e-04	2.53e-01	7.46e-01
 2.02008e+16	2.97e-04	2.71e-01	7.29e-01
 2.02725e+16	3.28e-04	2.90e-01	7.10e-01
 2.03326e+16	3.55e-04	3.07e-01	6.93e-01
 2.03949e+16	3.88e-04	3.26e-01	6.74e-01
 2.04631e+16	4.28e-04	3.47e-01	6.52e-01
 2.05242e+16	4.67e-04	3.68e-01	6.32e-01
 2.05787e+16	5.05e-04	3.87e-01	6.13e-01
 2.06392e+16	5.52e-04	4.09e-01	5.90e-01
 2.07072e+16	6.07e-04	4.35e-01	5.65e-01
 2.07714e+16	6.64e-04	4.59e-01	5.40e-01
 2.08306e+16	7.24e-04	4.83e-01	5.17e-01
 2.08859e+16	7.78e-04	5.05e-01	4.94e-01
 2.09468e+16	8.49e-04	5.30e-01	4.69e-01
 2.10021e+16	9.08e-04	5.51e-01	4.48e-01
 2.10428e+16	9.60e-04	5.67e-01	4.32e-01
 2.10816e+16	1.01e-03	5.83e-01	4.16e-01
 2.11250e+16	1.06e-03	6.00e-01	3.98e-01
 2.11815e+16	1.15e-03	6.23e-01	3.76e-01
 2.12367e+16	1.22e-03	6.43e-01	3.56e-01
 2.12810e+16	1.29e-03	6.59e-01	3.40e-01
 2.13296e+16	1.36e-03	6.77e-01	3.21e-01
 2.13927e+16	1.47e-03	7.00e-01	2.99e-01
 2.14566e+16	1.57e-03	7.20e-01	2.78e-01
 2.15076e+16	1.66e-03	7.36e-01	2.63e-01
 2.15530e+16	1.74e-03	7.50e-01	2.49e-01
 2.16050e+16	1.84e-03	7.65e-01	2.33e-01
 2.16619e+16	1.95e-03	7.80e-01	2.18e-01
 2.17138e+16	2.06e-03	7.93e-01	2.05e-01
 2.17701e+16	2.18e-03	8.07e-01	1.91e-01
 2.18314e+16	2.32e-03	8.20e-01	1.77e-01
 2.18855e+16	2.44e-03	8.31e-01	1.66e-01
 2.19333e+16	2.56e-03	8.41e-01	1.57e-01
 2.19863e+16	2.70e-03	8.51e-01	1.47e-01
 2.20455e+16	2.87e-03	8.61e-01	1.36e-01
 2.21006e+16	3.03e-03	8.69e-01	1.28e-01
 2.21485e+16	3.19e-03	8.76e-01	1.21e-01
 2.21991e+16	3.36e-03	8.83e-01	1.13e-01
 2.22549e+16	3.56e-03	8.90e-01	1.06e-01
 2.23055e+16	3.76e-03	8.96e-01	1.00e-01
 2.23506e+16	3.96e-03	9.01e-01	9.49e-02
 2.24006e+16	4.18e-03	9.06e-01	8.94e-02
 2.24552e+16	4.46e-03	9.12e-01	8.39e-02
 2.25035e+16	4.73e-03	9.16e-01	7.95e-02
 2.25458e+16	4.99e-03	9.19e-01	7.57e-02
 2.25927e+16	5.29e-03	9.23e-01	7.18e-02
 2.26449e+16	5.67e-03	9.27e-01	6.77e-02
 2.26925e+16	6.07e-03	9.30e-01	6.42e-02
 2.27352e+16	6.45e-03	9.32e-01	6.13e-02
 2.27828e+16	6.92e-03	9.35e-01	5.80e-02
 2.28363e+16	7.53e-03	9.38e-01	5.47e-02
 2.28857e+16	8.20e-03	9.40e-01	5.19e-02
 2.29298e+16	8.86e-03	9.42e-01	4.95e-02
 2.29719e+16	9.59e-03	9.43e-01	4.73e-02
 2.30202e+16	1.05e-02	9.45e-01	4.48e-02
 2.30721e+16	1.18e-02	9.46e-01	4.25e-02
 2.31138e+16	1.31e-02	9.46e-01	4.07e-02
 2.31443e+16	1.41e-02	9.46e-01	3.95e-02
 2.31754e+16	1.53e-02	9.47e-01	3.82e-02
 2.32158e+16	1.70e-02	9.46e-01	3.66e-02
 2.32561e+16	1.93e-02	9.46e-01	3.52e-02
 2.32853e+16	2.14e-02	9.44e-01	3.42e-02
 2.33069e+16	2.30e-02	9.43e-01	3.35e-02
 2.33298e+16	2.50e-02	9.42e-01	3.27e-02
 2.33595e+16	2.79e-02	9.40e-01	3.18e-02
 2.33905e+16	3.19e-02	9.37e-01	3.09e-02
 2.34149e+16	3.59e-02	9.34e-01	3.03e-02
 2.34334e+16	3.92e-02	9.31e-01	2.99e-02
 2.34527e+16	4.32e-02	9.27e-01	2.95e-02
 2.34777e+16	4.91e-02	9.22e-01	2.89e-02
 2.35028e+16	5.68e-02	9.15e-01	2.86e-02
 2.35212e+16	6.41e-02	9.08e-01	2.84e-02
 2.35348e+16	6.99e-02	9.02e-01	2.83e-02
 2.35492e+16	7.67e-02	8.95e-01	2.82e-02
 2.35679e+16	8.68e-02	8.85e-01	2.81e-02
 2.35869e+16	9.97e-02	8.72e-01	2.82e-02
 2.36017e+16	1.12e-01	8.60e-01	2.83e-02
 2.36134e+16	1.22e-01	8.49e-01	2.85e-02
 2.36243e+16	1.33e-01	8.38e-01	2.87e-02
 2.36352e+16	1.45e-01	8.26e-01	2.88e-02
 2.36461e+16	1.59e-01	8.12e-01	2.90e-02
 2.36565e+16	1.72e-01	7.98e-01	2.93e-02
 2.36644e+16	1.84e-01	7.87e-01	2.95e-02
 2.36693e+16	1.92e-01	7.79e-01	2.96e-02
 2.36737e+16	1.99e-01	7.72e-01	2.97e-02
 2.36791e+16	2.08e-01	7.63e-01	2.97e-02
 2.36853e+16	2.19e-01	7.51e-01	2.98e-02
 2.36915e+16	2.30e-01	7.40e-01	2.99e-02
 2.36970e+16	2.41e-01	7.29e-01	3.01e-02
 2.37024e+16	2.52e-01	7.18e-01	3.01e-02
 2.37081e+16	2.63e-01	7.06e-01	3.02e-02
 2.37139e+16	2.76e-01	6.93e-01	3.02e-02
 2.37197e+16	2.89e-01	6.80e-01	3.03e-02
 2.37255e+16	3.03e-01	6.67e-01	3.03e-02
 2.37314e+16	3.17e-01	6.52e-01	3.03e-02
 2.37374e+16	3.33e-01	6.37e-01	3.02e-02
 2.37436e+16	3.49e-01	6.21e-01	3.01e-02
 2.37497e+16	3.65e-01	6.05e-01	3.00e-02
 2.37561e+16	3.82e-01	5.88e-01	2.98e-02
 2.37627e+16	4.01e-01	5.70e-01	2.95e-02
 2.37695e+16	4.19e-01	5.51e-01	2.93e-02
 2.37765e+16	4.39e-01	5.32e-01	2.89e-02
 2.37840e+16	4.60e-01	5.11e-01	2.85e-02
 2.37917e+16	4.82e-01	4.90e-01	2.80e-02
 2.37997e+16	5.04e-01	4.69e-01	2.74e-02
 2.38082e+16	5.26e-01	4.47e-01	2.67e-02
 2.38172e+16	5.48e-01	4.26e-01	2.60e-02
 2.38268e+16	5.71e-01	4.04e-01	2.52e-02
 2.38373e+16	5.93e-01	3.83e-01	2.43e-02
 2.38489e+16	6.14e-01	3.62e-01	2.33e-02
 2.38621e+16	6.35e-01	3.43e-01	2.24e-02
 2.38762e+16	6.53e-01	3.26e-01	2.15e-02
 2.38900e+16	6.67e-01	3.13e-01	2.07e-02
 2.39035e+16	6.78e-01	3.02e-01	2.00e-02
 2.39170e+16	6.86e-01	2.94e-01	1.94e-02
 2.39323e+16	6.94e-01	2.87e-01	1.88e-02
 2.39523e+16	7.03e-01	2.79e-01	1.82e-02
 2.39783e+16	7.10e-01	2.72e-01	1.75e-02
 2.40121e+16	7.18e-01	2.65e-01	1.67e-02
 2.40560e+16	7.26e-01	2.58e-01	1.58e-02
 2.41130e+16	7.35e-01	2.50e-01	1.47e-02
 2.41872e+16	7.46e-01	2.41e-01	1.34e-02
 2.42734e+16	7.58e-01	2.30e-01	1.22e-02
 2.43599e+16	7.68e-01	2.21e-01	1.11e-02
 2.44432e+16	7.78e-01	2.12e-01	1.01e-02
 2.45266e+16	7.88e-01	2.03e-01	9.21e-03
 2.46121e+16	7.97e-01	1.95e-01	8.38e-03
 2.47001e+16	8.06e-01	1.87e-01	7.62e-03
 2.47893e+16	8.14e-01	1.79e-01	6.94e-03
 2.48783e+16	8.22e-01	1.71e-01	6.33e-03
 2.49662e+16	8.30e-01	1.65e-01	5.79e-03
 2.50544e+16	8.37e-01	1.58e-01	5.30e-03
 2.51443e+16	8.44e-01	1.52e-01	4.85e-03
 2.52352e+16	8.50e-01	1.45e-01	4.42e-03
 2.53276e+16	8.57e-01	1.39e-01	4.04e-03
 2.54207e+16	8.63e-01	1.34e-01	3.70e-03
 2.55134e+16	8.68e-01	1.28e-01	3.38e-03
 2.56064e+16	8.74e-01	1.23e-01	3.10e-03
 2.57000e+16	8.79e-01	1.18e-01	2.84e-03
 2.57943e+16	8.84e-01	1.14e-01	2.61e-03
 2.58713e+16	8.87e-01	1.10e-01	2.44e-03
 2.59245e+16	8.90e-01	1.08e-01	2.33e-03
 2.59731e+16	8.92e-01	1.06e-01	2.23e-03
 2.60255e+16	8.95e-01	1.03e-01	2.13e-03
 2.60799e+16	8.97e-01	1.01e-01	2.03e-03
 2.61312e+16	8.99e-01	9.90e-02	1.94e-03
 2.61806e+16	9.01e-01	9.70e-02	1.86e-03
 2.62305e+16	9.03e-01	9.50e-02	1.78e-03
 2.62789e+16	9.05e-01	9.32e-02	1.71e-03
 2.63258e+16	9.07e-01	9.14e-02	1.64e-03
 2.63718e+16	9.09e-01	8.97e-02	1.58e-03
 2.64171e+16	9.10e-01	8.81e-02	1.52e-03
 2.64617e+16	9.12e-01	8.65e-02	1.46e-03
 2.65059e+16	9.14e-01	8.50e-02	1.41e-03
 2.65493e+16	9.15e-01	8.35e-02	1.35e-03
 2.65920e+16	9.17e-01	8.21e-02	1.31e-03
 2.66339e+16	9.18e-01	8.08e-02	1.26e-03
 2.66753e+16	9.19e-01	7.95e-02	1.22e-03
 2.67160e+16	9.21e-01	7.82e-02	1.18e-03
 2.67562e+16	9.22e-01	7.70e-02	1.14e-03
 2.67959e+16	9.23e-01	7.58e-02	1.10e-03
 2.68351e+16	9.24e-01	7.46e-02	1.07e-03
 2.68739e+16	9.25e-01	7.35e-02	1.03e-03
 2.69124e+16	9.27e-01	7.24e-02	1.00e-03
 2.69506e+16	9.28e-01	7.13e-02	9.69e-04
 2.69885e+16	9.29e-01	7.03e-02	9.40e-04
 2.70262e+16	9.30e-01	6.93e-02	9.11e-04
 2.70638e+16	9.31e-01	6.83e-02	8.83e-04
 2.71013e+16	9.32e-01	6.73e-02	8.57e-04
 2.71389e+16	9.33e-01	6.63e-02	8.31e-04
 2.71765e+16	9.34e-01	6.54e-02	8.06e-04
 2.72144e+16	9.35e-01	6.44e-02	7.81e-04
 2.72529e+16	9.36e-01	6.35e-02	7.57e-04
 2.72926e+16	9.37e-01	6.25e-02	7.33e-04
 2.73334e+16	9.38e-01	6.16e-02	7.09e-04
 2.73753e+16	9.39e-01	6.06e-02	6.86e-04
 2.74184e+16	9.40e-01	5.96e-02	6.62e-04
 2.74634e+16	9.41e-01	5.86e-02	6.38e-04
 2.75109e+16	9.42e-01	5.75e-02	6.14e-04
 2.75618e+16	9.43e-01	5.64e-02	5.89e-04
 2.76162e+16	9.44e-01	5.52e-02	5.64e-04
 2.76770e+16	9.46e-01	5.40e-02	5.36e-04
 2.77489e+16	9.47e-01	5.25e-02	5.06e-04
 2.78258e+16	9.49e-01	5.10e-02	4.75e-04
 2.78984e+16	9.50e-01	4.96e-02	4.49e-04
 2.79645e+16	9.51e-01	4.84e-02	4.26e-04
 2.80246e+16	9.52e-01	4.73e-02	4.07e-04
 2.80793e+16	9.53e-01	4.64e-02	3.90e-04
 2.81291e+16	9.54e-01	4.55e-02	3.75e-04
 2.81744e+16	9.55e-01	4.48e-02	3.62e-04
 2.82156e+16	9.56e-01	4.41e-02	3.50e-04
 2.82607e+16	9.56e-01	4.33e-02	3.37e-04
 2.83095e+16	9.57e-01	4.25e-02	3.24e-04
 2.83539e+16	9.58e-01	4.18e-02	3.13e-04
 2.83942e+16	9.59e-01	4.12e-02	3.03e-04
 2.84385e+16	9.59e-01	4.04e-02	2.92e-04
 2.84863e+16	9.60e-01	3.97e-02	2.81e-04
 2.85297e+16	9.61e-01	3.90e-02	2.71e-04
 2.85693e+16	9.61e-01	3.84e-02	2.63e-04
 2.86053e+16	9.62e-01	3.79e-02	2.55e-04
 2.86447e+16	9.62e-01	3.73e-02	2.46e-04
 2.86873e+16	9.63e-01	3.67e-02	2.38e-04
 2.87261e+16	9.64e-01	3.61e-02	2.30e-04
 2.87613e+16	9.64e-01	3.56e-02	2.23e-04
 2.87934e+16	9.65e-01	3.51e-02	2.17e-04
 2.88286e+16	9.65e-01	3.46e-02	2.11e-04
 2.88665e+16	9.66e-01	3.41e-02	2.04e-04
 2.89011e+16	9.66e-01	3.36e-02	1.98e-04
 2.89325e+16	9.67e-01	3.32e-02	1.93e-04
 2.89670e+16	9.67e-01	3.27e-02	1.87e-04
 2.90042e+16	9.68e-01	3.21e-02	1.81e-04
 2.90380e+16	9.68e-01	3.17e-02	1.76e-04
 2.90688e+16	9.69e-01	3.13e-02	1.71e-04
 2.91026e+16	9.69e-01	3.08e-02	1.66e-04
 2.91390e+16	9.69e-01	3.04e-02	1.61e-04
 2.91721e+16	9.70e-01	2.99e-02	1.56e-04
 2.92023e+16	9.70e-01	2.96e-02	1.52e-04
 2.92354e+16	9.71e-01	2.91e-02	1.48e-04
 2.92711e+16	9.71e-01	2.87e-02	1.43e-04
 2.93035e+16	9.72e-01	2.83e-02	1.39e-04
 2.93331e+16	9.72e-01	2.79e-02	1.36e-04
 2.93655e+16	9.72e-01	2.75e-02	1.32e-04
 2.94004e+16	9.73e-01	2.71e-02	1.28e-04
 2.94323e+16	9.73e-01	2.68e-02	1.24e-04
 2.94612e+16	9.73e-01	2.64e-02	1.21e-04
 2.94929e+16	9.74e-01	2.61e-02	1.18e-04
 2.95272e+16	9.74e-01	2.57e-02	1.14e-04
 2.95584e+16	9.75e-01	2.53e-02	1.11e-04
 2.95925e+16	9.75e-01	2.50e-02	1.08e-04
 2.96294e+16	9.75e-01	2.46e-02	1.05e-04
 2.96630e+16	9.76e-01	2.42e-02	1.02e-04
 2.96935e+16	9.76e-01	2.39e-02	9.92e-05
 2.97270e+16	9.76e-01	2.36e-02	9.62e-05
 2.97631e+16	9.77e-01	2.32e-02	9.34e-05
 2.97959e+16	9.77e-01	2.29e-02	9.10e-05
 2.98320e+16	9.77e-01	2.26e-02	8.81e-05
 2.98709e+16	9.78e-01	2.22e-02	8.54e-05
 2.99062e+16	9.78e-01	2.19e-02	8.31e-05
 2.99384e+16	9.78e-01	2.16e-02	8.10e-05
 2.99737e+16	9.79e-01	2.13e-02	7.86e-05
 3.00118e+16	9.79e-01	2.10e-02	7.62e-05
 3.00465e+16	9.79e-01	2.07e-02	7.42e-05
 3.00845e+16	9.80e-01	2.04e-02	7.18e-05
 3.01255e+16	9.80e-01	2.01e-02	6.96e-05
 3.01628e+16	9.80e-01	1.98e-02	6.76e-05
 3.02037e+16	9.81e-01	1.94e-02	6.53e-05
 3.02479e+16	9.81e-01	1.91e-02	6.31e-05
 3.02880e+16	9.81e-01	1.88e-02	6.13e-05
 3.03246e+16	9.81e-01	1.86e-02	5.96e-05
 3.03647e+16	9.82e-01	1.83e-02	5.77e-05
 3.04079e+16	9.82e-01	1.80e-02	5.58e-05
 3.04473e+16	9.82e-01	1.77e-02	5.42e-05
 3.04904e+16	9.83e-01	1.74e-02	5.24e-05
 3.05370e+16	9.83e-01	1.71e-02	5.06e-05
 3.05793e+16	9.83e-01	1.68e-02	4.91e-05
 3.06258e+16	9.83e-01	1.65e-02	4.73e-05
 3.06759e+16	9.84e-01	1.62e-02	4.56e-05
 3.07215e+16	9.84e-01	1.59e-02	4.42e-05
 3.07630e+16	9.84e-01	1.57e-02	4.29e-05
 3.08085e+16	9.85e-01	1.54e-02	4.14e-05
 3.08576e+16	9.85e-01	1.52e-02	4.00e-05
 3.09023e+16	9.85e-01	1.49e-02	3.88e-05
 3.09513e+16	9.85e-01	1.47e-02	3.74e-05
 3.10041e+16	9.86e-01	1.44e-02	3.61e-05
 3.10522e+16	9.86e-01	1.42e-02	3.49e-05
 3.11049e+16	9.86e-01	1.39e-02	3.36e-05
 3.11618e+16	9.86e-01	1.36e-02	3.23e-05
 3.12136e+16	9.87e-01	1.34e-02	3.12e-05
 3.12704e+16	9.87e-01	1.31e-02	2.99e-05
 3.13316e+16	9.87e-01	1.28e-02	2.87e-05
 3.13874e+16	9.87e-01	1.26e-02	2.77e-05
 3.14381e+16	9.88e-01	1.24e-02	2.68e-05
 3.14937e+16	9.88e-01	1.22e-02	2.58e-05
 3.15537e+16	9.88e-01	1.19e-02	2.48e-05
 3.16083e+16	9.88e-01	1.17e-02	2.40e-05
 3.16682e+16	9.89e-01	1.15e-02	2.30e-05
 3.17328e+16	9.89e-01	1.12e-02	2.21e-05
 3.17916e+16	9.89e-01	1.10e-02	2.13e-05
 3.18560e+16	9.89e-01	1.08e-02	2.04e-05
 3.19256e+16	9.89e-01	1.06e-02	1.95e-05
 3.19889e+16	9.90e-01	1.04e-02	1.88e-05
 3.20582e+16	9.90e-01	1.01e-02	1.80e-05
 3.21331e+16	9.90e-01	9.89e-03	1.72e-05
 3.22012e+16	9.90e-01	9.69e-03	1.65e-05
 3.22759e+16	9.91e-01	9.46e-03	1.57e-05
 3.23565e+16	9.91e-01	9.24e-03	1.50e-05
 3.24299e+16	9.91e-01	9.04e-03	1.44e-05
 3.25102e+16	9.91e-01	8.82e-03	1.37e-05
 3.25970e+16	9.91e-01	8.59e-03	1.30e-05
 3.26760e+16	9.92e-01	8.41e-03	1.25e-05
 3.27625e+16	9.92e-01	8.18e-03	1.18e-05
 3.28559e+16	9.92e-01	7.97e-03	1.12e-05
 3.29409e+16	9.92e-01	7.79e-03	1.07e-05
 3.30341e+16	9.92e-01	7.57e-03	1.02e-05
 3.31347e+16	9.93e-01	7.36e-03	9.61e-06
 3.32262e+16	9.93e-01	7.19e-03	9.16e-06
 3.33265e+16	9.93e-01	6.98e-03	8.65e-06
 3.34347e+16	9.93e-01	6.78e-03	8.17e-06
 3.35332e+16	9.93e-01	6.61e-03	7.76e-06
 3.36412e+16	9.94e-01	6.41e-03	7.31e-06
 3.37577e+16	9.94e-01	6.22e-03	6.89e-06
 3.38638e+16	9.94e-01	6.05e-03	6.53e-06
 3.39800e+16	9.94e-01	5.86e-03	6.13e-06
 3.41055e+16	9.94e-01	5.68e-03	5.76e-06
 3.42197e+16	9.94e-01	5.52e-03	5.45e-06
 3.43448e+16	9.95e-01	5.34e-03	5.10e-06
 3.44798e+16	9.95e-01	5.16e-03	4.78e-06
 3.46278e+16	9.95e-01	4.97e-03	4.42e-06
 3.47970e+16	9.95e-01	4.76e-03	4.07e-06
 3.49738e+16	9.95e-01	4.56e-03	3.74e-06
 3.51601e+16	9.96e-01	4.36e-03	3.42e-06
 3.53536e+16	9.96e-01	4.16e-03	3.12e-06
 3.55546e+16	9.96e-01	3.97e-03	2.85e-06
 3.57612e+16	9.96e-01	3.78e-03	2.59e-06
 3.59714e+16	9.96e-01	3.61e-03	2.35e-06
 3.61847e+16	9.97e-01	3.44e-03	2.14e-06
 3.64013e+16	9.97e-01	3.27e-03	1.94e-06
 3.66218e+16	9.97e-01	3.12e-03	1.76e-06
 3.68462e+16	9.97e-01	2.96e-03	1.60e-06
 3.70744e+16	9.97e-01	2.82e-03	1.45e-06
 3.73064e+16	9.97e-01	2.68e-03	1.31e-06
 3.75423e+16	9.97e-01	2.55e-03	1.19e-06
 3.77822e+16	9.98e-01	2.42e-03	1.07e-06
 3.80217e+16	9.98e-01	2.30e-03	9.72e-07
 3.82646e+16	9.98e-01	2.19e-03	8.79e-07
 3.85169e+16	9.98e-01	2.08e-03	7.92e-07
 3.87746e+16	9.98e-01	1.97e-03	7.13e-07
 3.90354e+16	9.98e-01	1.87e-03	6.42e-07
 3.93002e+16	9.98e-01	1.77e-03	5.77e-07
 3.95698e+16	9.98e-01	1.68e-03	5.18e-07
 3.98443e+16	9.98e-01	1.59e-03	4.64e-07
 4.01236e+16	9.98e-01	1.50e-03	4.16e-07
 4.04079e+16	9.99e-01	1.42e-03	3.72e-07
 4.06974e+16	9.99e-01	1.34e-03	3.32e-07
 4.09925e+16	9.99e-01	1.26e-03	2.97e-07
 4.12931e+16	9.99e-01	1.19e-03	2.64e-07
 4.15996e+16	9.99e-01	1.12e-03	2.35e-07
 4.19124e+16	9.99e-01	1.06e-03	2.08e-07
 4.22318e+16	9.99e-01	9.95e-04	1.85e-07
 4.25577e+16	9.99e-01	9.35e-04	1.63e-07
 4.28905e+16	9.99e-01	8.78e-04	1.44e-07
 4.32306e+16	9.99e-01	8.23e-04	1.27e-07
 4.35786e+16	9.99e-01	7.71e-04	1.11e-07
 4.39350e+16	9.99e-01	7.20e-04	9.74e-08
 4.42998e+16	9.99e-01	6.73e-04	8.52e-08
 4.46739e+16	9.99e-01	6.28e-04	7.42e-08
 4.50526e+16	9.99e-01	5.86e-04	6.47e-08
 4.54405e+16	9.99e-01	5.46e-04	5.61e-08
 4.58469e+16	9.99e-01	5.06e-04	4.84e-08
 4.62654e+16	1.00e+00	4.69e-04	4.16e-08
 4.66951e+16	1.00e+00	4.34e-04	3.56e-08
 4.71419e+16	1.00e+00	4.00e-04	3.03e-08
 4.76063e+16	1.00e+00	3.67e-04	2.56e-08
 4.80881e+16	1.00e+00	3.37e-04	2.15e-08
 4.85892e+16	1.00e+00	3.08e-04	1.80e-08
 4.91122e+16	1.00e+00	2.80e-04	1.49e-08
 4.96602e+16	1.00e+00	2.54e-04	1.23e-08
 5.02379e+16	1.00e+00	2.29e-04	1.00e-08
 5.08481e+16	1.00e+00	2.06e-04	8.06e-09
 5.14934e+16	1.00e+00	1.83e-04	6.42e-09
 5.21851e+16	1.00e+00	1.62e-04	5.03e-09
 5.29299e+16	1.00e+00	1.42e-04	3.88e-09
 5.37312e+16	1.00e+00	1.24e-04	2.94e-09
 5.46033e+16	1.00e+00	1.06e-04	2.17e-09
 5.55667e+16	1.00e+00	9.01e-05	1.56e-09
 5.66309e+16	1.00e+00	7.51e-05	1.08e-09
 5.78596e+16	1.00e+00	6.08e-05	7.10e-10
 5.92842e+16	1.00e+00	4.79e-05	4.43e-10
 6.07998e+16	1.00e+00	3.75e-05	2.71e-10
 6.23053e+16	1.00e+00	2.95e-05	1.68e-10
 6.37889e+16	1.00e+00	2.33e-05	1.05e-10
 6.52813e+16	1.00e+00	1.85e-05	6.65e-11
 6.68010e+16	1.00e+00	1.47e-05	4.20e-11
 6.83538e+16	1.00e+00	1.17e-05	2.65e-11
 6.99364e+16	1.00e+00	9.26e-06	1.67e-11
 7.15485e+16	1.00e+00	7.35e-06	1.06e-11
 7.31920e+16	1.00e+00	5.84e-06	6.67e-12
 7.48610e+16	1.00e+00	4.64e-06	4.23e-12
 7.65652e+16	1.00e+00	3.69e-06	2.68e-12
 7.83165e+16	1.00e+00	2.93e-06	1.69e-12
 8.01021e+16	1.00e+00	2.33e-06	1.07e-12
 8.19266e+16	1.00e+00	1.85e-06	6.77e-13
 8.38064e+16	1.00e+00	1.47e-06	4.26e-13
 8.57407e+16	1.00e+00	1.16e-06	2.68e-13
 8.77297e+16	1.00e+00	9.19e-07	1.67e-13
 8.97756e+16	1.00e+00	7.26e-07	1.04e-13
 9.18872e+16	1.00e+00	5.71e-07	6.47e-14
 9.40635e+16	1.00e+00	4.49e-07	4.00e-14
 9.62518e+16	1.00e+00	3.54e-07	2.49e-14
 9.83906e+16	1.00e+00	2.82e-07	1.59e-14
 1.00465e+17	1.00e+00	2.28e-07	1.03e-14
 1.02489e+17	1.00e+00	1.85e-07	6.83e-15
 1.04471e+17	1.00e+00	1.52e-07	4.59e-15
 1.06403e+17	1.00e+00	1.25e-07	3.13e-15
 1.08277e+17	1.00e+00	1.04e-07	2.18e-15
 1.10084e+17	1.00e+00	8.78e-08	1.54e-15
 1.11820e+17	1.00e+00	7.45e-08	1.11e-15
 1.13486e+17	1.00e+00	6.38e-08	8.14e-16
 1.15085e+17	1.00e+00	5.50e-08	6.05e-16
 1.16618e+17	1.00e+00	4.78e-08	4.58e-16
 1.18084e+17	1.00e+00	4.19e-08	3.51e-16
 1.19483e+17	1.00e+00	3.69e-08	2.74e-16
 1.20816e+17	1.00e+00	3.28e-08	2.16e-16
 1.22086e+17	1.00e+00	2.94e-08	1.73e-16
 1.23296e+17	1.00e+00	2.64e-08	1.40e-16
 1.24447e+17	1.00e+00	2.39e-08	1.15e-16
 1.25542e+17	1.00e+00	2.18e-08	9.51e-17
 1.26584e+17	1.00e+00	1.99e-08	7.96e-17
 1.27574e+17	1.00e+00	1.83e-08	6.73e-17
 1.28516e+17	1.00e+00	1.69e-08	5.74e-17
 1.29409e+17	1.00e+00	1.57e-08	4.94e-17
 1.30258e+17	1.00e+00	1.46e-08	4.29e-17
 1.31066e+17	1.00e+00	1.36e-08	3.75e-17
 1.31834e+17	1.00e+00	1.28e-08	3.30e-17
 1.32565e+17	1.00e+00	1.21e-08	2.93e-17
 1.33260e+17	1.00e+00	1.14e-08	2.61e-17
 1.33920e+17	1.00e+00	1.08e-08	2.34e-17
 1.34549e+17	1.00e+00	1.02e-08	2.11e-17
 1.35148e+17	1.00e+00	9.75e-09	1.92e-17
 1.35718e+17	1.00e+00	9.31e-09	1.75e-17
 1.36262e+17	1.00e+00	8.91e-09	1.60e-17
 1.36780e+17	1.00e+00	8.55e-09	1.47e-17
 1.37274e+17	1.00e+00	8.21e-09	1.36e-17
 1.37746e+17	1.00e+00	7.91e-09	1.26e-17
 1.38197e+17	1.00e+00	7.63e-09	1.17e-17
 1.38628e+17	1.00e+00	7.37e-09	1.10e-17
 1.39041e+17	1.00e+00	7.13e-09	1.03e-17
 1.39436e+17	1.00e+00	6.91e-09	9.63e-18
 1.39815e+17	1.00e+00	6.70e-09	9.07e-18
 1.40179e+17	1.00e+00	6.51e-09	8.56e-18
 1.40529e+17	1.00e+00	6.33e-09	8.10e-18
 1.40866e+17	1.00e+00	6.17e-09	7.68e-18
 1.41190e+17	1.00e+00	6.01e-09	7.29e-18
 1.41504e+17	1.00e+00	5.86e-09	6.94e-18
 1.41808e+17	1.00e+00	5.72e-09	6.62e-18
 1.42103e+17	1.00e+00	5.59e-09	6.32e-18
 1.42389e+17	1.00e+00	5.47e-09	6.04e-18
 1.42669e+17	1.00e+00	5.35e-09	5.78e-18
 1.42942e+17	1.00e+00	5.23e-09	5.54e-18
 1.43211e+17	1.00e+00	5.13e-09	5.31e-18
 1.43476e+17	1.00e+00	5.02e-09	5.09e-18
 1.43738e+17	1.00e+00	4.92e-09	4.89e-18
 1.43998e+17	1.00e+00	4.82e-09	4.69e-18
 1.44259e+17	1.00e+00	4.72e-09	4.51e-18
 1.44522e+17	1.00e+00	4.62e-09	4.32e-18
 1.44789e+17	1.00e+00	4.53e-09	4.15e-18
 1.45061e+17	1.00e+00	4.43e-09	3.97e-18
 1.45342e+17	1.00e+00	4.34e-09	3.80e-18
 1.45636e+17	1.00e+00	4.24e-09	3.63e-18
 1.45946e+17	1.00e+00	4.14e-09	3.46e-18
 1.46278e+17	1.00e+00	4.03e-09	3.28e-18
 1.46640e+17	1.00e+00	3.92e-09	3.10e-18
 1.47042e+17	1.00e+00	3.79e-09	2.91e-18
 1.47498e+17	1.00e+00	3.66e-09	2.71e-18
 1.48030e+17	1.00e+00	3.51e-09	2.49e-18
 1.48668e+17	1.00e+00	3.34e-09	2.25e-18
 1.49461e+17	1.00e+00	3.13e-09	1.99e-18
 1.50479e+17	1.00e+00	2.89e-09	1.69e-18
 1.51803e+17	1.00e+00	2.61e-09	1.38e-18
 1.53524e+17	1.00e+00	2.28e-09	1.05e-18
 1.55761e+17	1.00e+00	1.92e-09	7.45e-19
 1.58669e+17	1.00e+00	1.53e-09	4.78e-19
 1.62449e+17	1.00e+00	1.15e-09	2.71e-19
 1.67363e+17	1.00e+00	8.03e-10	1.31e-19
 1.73243e+17	1.00e+00	5.27e-10	5.67e-20
 1.79538e+17	1.00e+00	3.40e-10	2.37e-20
 1.86048e+17	1.00e+00	2.19e-10	9.80e-21
 1.92682e+17	1.00e+00	1.41e-10	0.00e+00
 1.99317e+17	1.00e+00	9.16e-11	0.00e+00
 2.05951e+17	1.00e+00	6.02e-11	0.00e+00
 2.12585e+17	1.00e+00	4.00e-11	0.00e+00
 2.19220e+17	1.00e+00	2.70e-11	0.00e+00
 2.25854e+17	1.00e+00	1.85e-11	0.00e+00
 2.32489e+17	1.00e+00	1.29e-11	0.00e+00
 2.39123e+17	1.00e+00	9.27e-12	0.00e+00
 2.45758e+17	1.00e+00	6.83e-12	0.00e+00
 2.52392e+17	1.00e+00	5.19e-12	0.00e+00
 2.59026e+17	1.00e+00	4.08e-12	0.00e+00
 2.65661e+17	1.00e+00	3.32e-12	0.00e+00
 2.72295e+17	1.00e+00	2.80e-12	0.00e+00
 2.78929e+17	1.00e+00	2.43e-12	0.00e+00
 2.85564e+17	1.00e+00	2.16e-12	0.00e+00
 2.92198e+17	1.00e+00	1.97e-12	0.00e+00
 2.98832e+17	1.00e+00	1.82e-12	0.00e+00
 3.05467e+17	1.00e+00	1.70e-12	0.00e+00
 3.12101e+17	1.00e+00	1.60e-12	0.00e+00
 3.18736e+17	1.00e+00	1.52e-12	0.00e+00
 3.25370e+17	1.00e+00	1.44e-12	0.00e+00
 3.32005e+17	1.00e+00	1.37e-12	0.00e+00
 3.38639e+17	1.00e+00	1.31e-12	0.00e+00
 3.46268e+17	1.00e+00	1.25e-12	0.00e+00
 3.56187e+17	1.00e+00	9.96e-13	0.00e+00
 3.69029e+17	1.00e+00	6.90e-13	0.00e+00
 3.83790e+17	1.00e+00	4.17e-13	0.00e+00
 3.98804e+17	1.00e+00	3.32e-13	0.00e+00
 4.12963e+17	1.00e+00	2.88e-13	0.00e+00
 4.25116e+17	1.00e+00	2.96e-13	0.00e+00
 4.34003e+17	1.00e+00	3.29e-13	0.00e+00
 4.39028e+17	1.00e+00	4.22e-13	0.00e+00
 4.41415e+17	1.00e+00	4.99e-13	0.00e+00
 4.42642e+17	1.00e+00	5.39e-13	0.00e+00
 4.43378e+17	1.00e+00	5.60e-13	0.00e+00
 4.43863e+17	1.00e+00	5.73e-13	0.00e+00
 4.44302e+17	1.00e+00	5.81e-13	0.00e+00
 4.44810e+17	1.00e+00	5.88e-13	0.00e+00
 4.45398e+17	1.00e+00	5.95e-13	0.00e+00
 4.45967e+17	1.00e+00	6.01e-13	0.00e+00
 4.46392e+17	1.00e+00	6.05e-13	0.00e+00
 4.46742e+17	1.00e+00	6.07e-13	0.00e+00
 4.47124e+17	1.00e+00	6.09e-13	0.00e+00
 4.47521e+17	1.00e+00	6.10e-13	0.00e+00
 4.47906e+17	1.00e+00	6.11e-13	0.00e+00
 4.48236e+17	1.00e+00	6.11e-13	0.00e+00
 4.48501e+17	1.00e+00	6.12e-13	0.00e+00
 4.48749e+17	1.00e+00	6.12e-13	0.00e+00
 4.49029e+17	1.00e+00	6.12e-13	0.00e+00
 4.49335e+17	1.00e+00	6.11e-13	0.00e+00
 4.49612e+17	1.00e+00	6.10e-13	0.00e+00
 4.49825e+17	1.00e+00	6.09e-13	0.00e+00
 4.50012e+17	1.00e+00	6.09e-13	0.00e+00
 4.50216e+17	1.00e+00	6.08e-13	0.00e+00
 4.50458e+17	1.00e+00	6.07e-13	0.00e+00
 4.50709e+17	1.00e+00	6.05e-13	0.00e+00
 4.50917e+17	1.00e+00	6.03e-13	0.00e+00
 4.51079e+17	1.00e+00	6.03e-13	0.00e+00
 4.51233e+17	1.00e+00	6.02e-13	0.00e+00
 4.51417e+17	1.00e+00	6.01e-13	0.00e+00
 4.51629e+17	1.00e+00	5.98e-13	0.00e+00
 4.51832e+17	1.00e+00	5.96e-13	0.00e+00
 4.52000e+17	1.00e+00	5.95e-13	0.00e+00
 4.52149e+17	1.00e+00	5.94e-13	0.00e+00
 4.52305e+17	1.00e+00	5.93e-13	0.00e+00
 4.52485e+17	1.00e+00	5.91e-13	0.00e+00
 4.52681e+17	1.00e+00	5.88e-13	0.00e+00
 4.52862e+17	1.00e+00	5.86e-13	0.00e+00
 4.53016e+17	1.00e+00	5.84e-13	0.00e+00
 4.53162e+17	1.00e+00	5.83e-13	0.00e+00
 4.53320e+17	1.00e+00	5.81e-13	0.00e+00
 4.53507e+17	1.00e+00	5.79e-13	0.00e+00
 4.53705e+17	1.00e+00	5.76e-13	0.00e+00
 4.53883e+17	1.00e+00	5.73e-13	0.00e+00
 4.54038e+17	1.00e+00	5.71e-13	0.00e+00
 4.54202e+17	1.00e+00	5.70e-13	0.00e+00
 4.54407e+17	1.00e+00	5.66e-13	0.00e+00
 4.54631e+17	1.00e+00	5.63e-13	0.00e+00
 4.54832e+17	1.00e+00	5.60e-13	0.00e+00
 4.55010e+17	1.00e+00	5.57e-13	0.00e+00
 4.55201e+17	1.00e+00	5.54e-13	0.00e+00
 4.55410e+17	1.00e+00	5.51e-13	0.00e+00
 4.55625e+17	1.00e+00	5.47e-13	0.00e+00
 4.55842e+17	1.00e+00	5.44e-13	0.00e+00
 4.56059e+17	1.00e+00	5.40e-13	0.00e+00
 4.56288e+17	1.00e+00	5.36e-13	0.00e+00
 4.56516e+17	1.00e+00	5.32e-13	0.00e+00
 4.56747e+17	1.00e+00	5.29e-13	0.00e+00
 4.57014e+17	1.00e+00	5.24e-13	0.00e+00
 4.57289e+17	1.00e+00	5.19e-13	0.00e+00
 4.57541e+17	1.00e+00	5.14e-13	0.00e+00
 4.57790e+17	1.00e+00	5.10e-13	0.00e+00
 4.58061e+17	1.00e+00	5.05e-13	0.00e+00
 4.58360e+17	1.00e+00	5.00e-13	0.00e+00
 4.58684e+17	1.00e+00	4.94e-13	0.00e+00
 4.59006e+17	1.00e+00	4.88e-13	0.00e+00
 4.59312e+17	1.00e+00	4.82e-13	0.00e+00
 4.59611e+17	1.00e+00	4.77e-13	0.00e+00
 4.59923e+17	1.00e+00	4.71e-13	0.00e+00
 4.60264e+17	1.00e+00	4.65e-13	0.00e+00
 4.60625e+17	1.00e+00	4.58e-13	0.00e+00
 4.60997e+17	1.00e+00	4.51e-13	0.00e+00
 4.61372e+17	1.00e+00	4.43e-13	0.00e+00
 4.61749e+17	1.00e+00	4.36e-13	0.00e+00
 4.62142e+17	1.00e+00	4.29e-13	0.00e+00
 4.62551e+17	1.00e+00	4.21e-13	0.00e+00
 4.62972e+17	1.00e+00	4.13e-13	0.00e+00
 4.63404e+17	1.00e+00	4.05e-13	0.00e+00
 4.63843e+17	1.00e+00	3.96e-13	0.00e+00
 4.64278e+17	1.00e+00	3.88e-13	0.00e+00
 4.64744e+17	1.00e+00	3.80e-13	0.00e+00
 4.65243e+17	1.00e+00	3.71e-13	0.00e+00
 4.65753e+17	1.00e+00	3.61e-13	0.00e+00
 4.66269e+17	1.00e+00	3.52e-13	0.00e+00
 4.66779e+17	1.00e+00	3.42e-13	0.00e+00
 4.67291e+17	1.00e+00	3.33e-13	0.00e+00
 4.67824e+17	1.00e+00	3.24e-13	0.00e+00
 4.68384e+17	1.00e+00	3.14e-13	0.00e+00
 4.68959e+17	1.00e+00	3.04e-13	0.00e+00
 4.69546e+17	1.00e+00	2.94e-13	0.00e+00
 4.70140e+17	1.00e+00	2.83e-13	0.00e+00
 4.70738e+17	1.00e+00	2.73e-13	0.00e+00
 4.71354e+17	1.00e+00	2.63e-13	0.00e+00
 4.71993e+17	1.00e+00	2.53e-13	0.00e+00
 4.72644e+17	1.00e+00	2.43e-13	0.00e+00
 4.73302e+17	1.00e+00	2.32e-13	0.00e+00
 4.73973e+17	1.00e+00	2.22e-13	0.00e+00
 4.74668e+17	1.00e+00	2.12e-13	0.00e+00
 4.75384e+17	1.00e+00	2.02e-13	0.00e+00
 4.76100e+17	1.00e+00	1.92e-13	0.00e+00
 4.76828e+17	1.00e+00	1.82e-13	0.00e+00
 4.77579e+17	1.00e+00	1.72e-13	0.00e+00
 4.78344e+17	1.00e+00	1.62e-13	0.00e+00
 4.79142e+17	1.00e+00	1.52e-13	0.00e+00
 4.79941e+17	1.00e+00	1.43e-13	0.00e+00
 4.80751e+17	1.00e+00	1.33e-13	0.00e+00
 4.81605e+17	1.00e+00	1.24e-13	0.00e+00
 4.82495e+17	1.00e+00	1.15e-13	0.00e+00
 4.83406e+17	1.00e+00	1.06e-13	0.00e+00
 4.84255e+17	1.00e+00	9.73e-14	0.00e+00
 4.84965e+17	1.00e+00	9.04e-14	0.00e+00
 4.85549e+17	1.00e+00	8.51e-14	0.00e+00
 4.86079e+17	1.00e+00	8.07e-14	0.00e+00
 4.86617e+17	1.00e+00	7.67e-14	0.00e+00
 4.87167e+17	1.00e+00	7.25e-14	0.00e+00
 4.87695e+17	1.00e+00	6.86e-14	0.00e+00
 4.88170e+17	1.00e+00	6.51e-14	0.00e+00
 4.88596e+17	1.00e+00	6.21e-14	0.00e+00
 4.89003e+17	1.00e+00	5.95e-14	0.00e+00
 4.89411e+17	1.00e+00	5.69e-14	0.00e+00
 4.89817e+17	1.00e+00	5.44e-14	0.00e+00
 4.90208e+17	1.00e+00	5.20e-14	0.00e+00
 4.90572e+17	1.00e+00	4.99e-14	0.00e+00
 4.90914e+17	1.00e+00	4.79e-14	0.00e+00
 4.91247e+17	1.00e+00	4.61e-14	0.00e+00
 4.91577e+17	1.00e+00	4.43e-14	0.00e+00
 4.91901e+17	1.00e+00	4.26e-14	0.00e+00
 4.92213e+17	1.00e+00	4.10e-14	0.00e+00
 4.92509e+17	1.00e+00	3.95e-14	0.00e+00
 4.92794e+17	1.00e+00	3.81e-14	0.00e+00
 4.93071e+17	1.00e+00	3.68e-14	0.00e+00
 4.93343e+17	1.00e+00	3.55e-14	0.00e+00
 4.93609e+17	1.00e+00	3.43e-14	0.00e+00
 4.93865e+17	1.00e+00	3.31e-14	0.00e+00
 4.94112e+17	1.00e+00	3.19e-14	0.00e+00
 4.94350e+17	1.00e+00	3.09e-14	0.00e+00
 4.94581e+17	1.00e+00	2.99e-14	0.00e+00
 4.94809e+17	1.00e+00	2.89e-14	0.00e+00
 4.95069e+17	1.00e+00	2.80e-14	0.00e+00
 4.95407e+17	1.00e+00	2.69e-14	0.00e+00
 4.95847e+17	1.00e+00	2.54e-14	0.00e+00
 4.96419e+17	1.00e+00	2.35e-14	0.00e+00
 4.97148e+17	1.00e+00	2.12e-14	0.00e+00
 4.97991e+17	1.00e+00	1.85e-14	0.00e+00
 4.98863e+17	1.00e+00	1.59e-14	0.00e+00
 4.99750e+17	1.00e+00	1.37e-14	0.00e+00
 5.00602e+17	1.00e+00	1.16e-14	0.00e+00
 5.01316e+17	1.00e+00	1.00e-14	0.00e+00
