#depth	O	O+	O+2	O+3	O+4	O+5	O+6	O+7	O+8	O[1]	O[2]	O[3]
 1.49634e+10	0.00e+00	0.00e+00	0.00e+00	2.92e-27	3.28e-18	9.47e-10	8.21e-01	1.79e-01	6.07e-05	0.00e+00	0.00e+00	0.00e+00
 4.54887e+10	0.00e+00	0.00e+00	8.34e-37	3.75e-27	3.89e-18	1.04e-09	8.33e-01	1.67e-01	5.24e-05	0.00e+00	0.00e+00	0.00e+00
 7.72350e+10	0.00e+00	0.00e+00	0.00e+00	4.81e-27	4.61e-18	1.14e-09	8.44e-01	1.56e-01	4.52e-05	0.00e+00	0.00e+00	0.00e+00
 1.10251e+11	0.00e+00	0.00e+00	1.61e-36	6.16e-27	5.46e-18	1.25e-09	8.54e-01	1.46e-01	3.90e-05	0.00e+00	0.00e+00	0.00e+00
 1.42091e+11	0.00e+00	9.70e-47	2.17e-36	7.76e-27	6.39e-18	1.36e-09	8.64e-01	1.36e-01	3.40e-05	0.00e+00	0.00e+00	0.00e+00
 1.71890e+11	0.00e+00	0.00e+00	2.85e-36	9.54e-27	7.36e-18	1.46e-09	8.71e-01	1.29e-01	3.00e-05	0.00e+00	0.00e+00	0.00e+00
 2.05379e+11	0.00e+00	1.97e-46	3.84e-36	1.19e-26	8.57e-18	1.59e-09	8.79e-01	1.21e-01	2.62e-05	0.00e+00	0.00e+00	0.00e+00
 2.43521e+11	0.00e+00	0.00e+00	5.31e-36	1.53e-26	1.01e-17	1.73e-09	8.88e-01	1.12e-01	2.25e-05	0.00e+00	0.00e+00	0.00e+00
 2.78596e+11	0.00e+00	4.20e-46	7.07e-36	1.90e-26	1.17e-17	1.87e-09	8.95e-01	1.05e-01	1.97e-05	0.00e+00	0.00e+00	0.00e+00
 3.08679e+11	0.00e+00	0.00e+00	0.00e+00	2.27e-26	1.33e-17	2.00e-09	9.00e-01	9.98e-02	1.76e-05	0.00e+00	0.00e+00	0.00e+00
 3.41921e+11	0.00e+00	0.00e+00	1.16e-35	2.75e-26	1.51e-17	2.14e-09	9.06e-01	9.42e-02	1.56e-05	0.00e+00	0.00e+00	0.00e+00
 3.82889e+11	0.00e+00	1.13e-45	1.57e-35	3.47e-26	1.77e-17	2.32e-09	9.12e-01	8.79e-02	1.36e-05	0.00e+00	0.00e+00	0.00e+00
 4.24611e+11	0.00e+00	0.00e+00	0.00e+00	4.34e-26	2.06e-17	2.51e-09	9.18e-01	8.21e-02	1.18e-05	0.00e+00	0.00e+00	0.00e+00
 4.61884e+11	0.00e+00	0.00e+00	2.73e-35	5.27e-26	2.34e-17	2.68e-09	9.23e-01	7.74e-02	1.04e-05	0.00e+00	0.00e+00	0.00e+00
 5.02656e+11	0.00e+00	3.17e-45	3.58e-35	6.47e-26	2.69e-17	2.88e-09	9.27e-01	7.27e-02	9.15e-06	0.00e+00	0.00e+00	0.00e+00
 5.51179e+11	0.00e+00	0.00e+00	4.90e-35	8.18e-26	3.15e-17	3.13e-09	9.32e-01	6.76e-02	7.88e-06	0.00e+00	0.00e+00	0.00e+00
 5.99133e+11	0.00e+00	6.76e-45	6.59e-35	1.02e-25	3.67e-17	3.38e-09	9.37e-01	6.31e-02	6.84e-06	0.00e+00	0.00e+00	0.00e+00
 6.42793e+11	0.00e+00	0.00e+00	8.55e-35	1.25e-25	4.19e-17	3.62e-09	9.41e-01	5.93e-02	6.03e-06	0.00e+00	0.00e+00	0.00e+00
 6.91516e+11	0.00e+00	1.33e-44	1.13e-34	1.54e-25	4.83e-17	3.90e-09	9.44e-01	5.55e-02	5.27e-06	0.00e+00	0.00e+00	0.00e+00
 7.48399e+11	0.00e+00	0.00e+00	1.56e-34	1.96e-25	5.68e-17	4.24e-09	9.48e-01	5.15e-02	4.52e-06	0.00e+00	0.00e+00	0.00e+00
 8.04451e+11	0.00e+00	2.87e-44	2.10e-34	2.45e-25	6.61e-17	4.58e-09	9.52e-01	4.79e-02	3.90e-06	0.00e+00	0.00e+00	0.00e+00
 8.57355e+11	0.00e+00	0.00e+00	2.76e-34	3.02e-25	7.59e-17	4.92e-09	9.55e-01	4.49e-02	3.42e-06	0.00e+00	0.00e+00	0.00e+00
 9.16187e+11	0.00e+00	5.83e-44	3.71e-34	3.77e-25	8.81e-17	5.31e-09	9.58e-01	4.19e-02	2.96e-06	0.00e+00	0.00e+00	0.00e+00
 9.82761e+11	0.00e+00	0.00e+00	5.11e-34	4.80e-25	1.04e-16	5.76e-09	9.61e-01	3.87e-02	2.53e-06	0.00e+00	0.00e+00	0.00e+00
 1.04588e+12	0.00e+00	1.25e-43	6.85e-34	5.98e-25	1.20e-16	6.22e-09	9.64e-01	3.61e-02	2.19e-06	0.00e+00	0.00e+00	0.00e+00
 1.10325e+12	0.00e+00	0.00e+00	8.87e-34	7.26e-25	1.37e-16	6.64e-09	9.66e-01	3.39e-02	1.93e-06	0.00e+00	0.00e+00	0.00e+00
 1.16808e+12	0.00e+00	2.46e-43	1.18e-33	8.98e-25	1.58e-16	7.14e-09	9.68e-01	3.17e-02	1.68e-06	0.00e+00	0.00e+00	0.00e+00
 1.24379e+12	0.00e+00	0.00e+00	1.62e-33	1.14e-24	1.85e-16	7.75e-09	9.71e-01	2.93e-02	1.44e-06	0.00e+00	0.00e+00	0.00e+00
 1.31901e+12	0.00e+00	5.34e-43	2.19e-33	1.43e-24	2.16e-16	8.37e-09	9.73e-01	2.72e-02	1.24e-06	0.00e+00	0.00e+00	0.00e+00
 1.38266e+12	0.00e+00	0.00e+00	2.81e-33	1.73e-24	2.45e-16	8.92e-09	9.74e-01	2.56e-02	1.10e-06	0.00e+00	0.00e+00	0.00e+00
 1.43680e+12	0.00e+00	9.43e-43	3.45e-33	2.02e-24	2.72e-16	9.41e-09	9.76e-01	2.44e-02	9.92e-07	0.00e+00	0.00e+00	0.00e+00
 1.49806e+12	0.00e+00	0.00e+00	4.34e-33	2.40e-24	3.05e-16	9.97e-09	9.77e-01	2.31e-02	0.00e+00	0.00e+00	0.00e+00	0.00e+00
 1.57770e+12	0.00e+00	1.79e-42	5.79e-33	2.98e-24	3.53e-16	1.07e-08	9.79e-01	2.15e-02	0.00e+00	0.00e+00	0.00e+00	0.00e+00
 1.66203e+12	0.00e+00	0.00e+00	7.77e-33	3.72e-24	4.09e-16	1.16e-08	9.80e-01	2.00e-02	0.00e+00	0.00e+00	0.00e+00	0.00e+00
 1.73567e+12	0.00e+00	3.54e-42	9.96e-33	4.49e-24	4.64e-16	1.23e-08	9.81e-01	1.88e-02	0.00e+00	0.00e+00	0.00e+00	0.00e+00
 1.81462e+12	0.00e+00	0.00e+00	1.29e-32	5.46e-24	5.29e-16	1.32e-08	9.82e-01	1.76e-02	0.00e+00	0.00e+00	0.00e+00	0.00e+00
 1.91139e+12	0.00e+00	7.20e-42	1.76e-32	6.89e-24	6.19e-16	1.42e-08	9.84e-01	1.63e-02	0.00e+00	0.00e+00	0.00e+00	0.00e+00
 2.00997e+12	0.00e+00	0.00e+00	2.39e-32	8.66e-24	7.21e-16	1.54e-08	9.85e-01	1.52e-02	0.00e+00	0.00e+00	0.00e+00	0.00e+00
 2.09973e+12	0.00e+00	1.47e-41	3.12e-32	1.06e-23	8.26e-16	1.65e-08	9.86e-01	1.42e-02	0.00e+00	0.00e+00	0.00e+00	0.00e+00
 2.19941e+12	0.00e+00	0.00e+00	4.17e-32	1.32e-23	9.56e-16	1.77e-08	9.87e-01	1.32e-02	0.00e+00	0.00e+00	0.00e+00	0.00e+00
 2.31582e+12	0.00e+00	3.18e-41	5.79e-32	1.69e-23	1.13e-15	1.93e-08	9.88e-01	1.22e-02	0.00e+00	0.00e+00	0.00e+00	0.00e+00
 2.43221e+12	0.00e+00	0.00e+00	7.95e-32	2.15e-23	1.33e-15	2.09e-08	9.89e-01	1.13e-02	0.00e+00	0.00e+00	0.00e+00	0.00e+00
 2.53430e+12	0.00e+00	6.62e-41	1.04e-31	2.63e-23	1.52e-15	2.24e-08	9.89e-01	1.05e-02	0.00e+00	0.00e+00	0.00e+00	0.00e+00
 2.62482e+12	0.00e+00	0.00e+00	1.32e-31	3.14e-23	1.71e-15	2.38e-08	9.90e-01	9.93e-03	0.00e+00	0.00e+00	0.00e+00	0.00e+00
 2.72771e+12	0.00e+00	1.23e-40	1.71e-31	3.83e-23	1.95e-15	2.54e-08	9.91e-01	9.30e-03	0.00e+00	0.00e+00	0.00e+00	0.00e+00
 2.85655e+12	0.00e+00	0.00e+00	2.35e-31	4.86e-23	2.29e-15	2.76e-08	9.91e-01	8.59e-03	0.00e+00	0.00e+00	0.00e+00	0.00e+00
 2.98684e+12	0.00e+00	2.69e-40	3.20e-31	6.16e-23	2.69e-15	2.99e-08	9.92e-01	7.95e-03	0.00e+00	0.00e+00	0.00e+00	0.00e+00
 3.09814e+12	0.00e+00	0.00e+00	4.16e-31	7.50e-23	3.07e-15	3.19e-08	9.93e-01	7.45e-03	0.00e+00	0.00e+00	0.00e+00	0.00e+00
 3.21704e+12	0.00e+00	5.21e-40	5.46e-31	9.22e-23	3.53e-15	3.42e-08	9.93e-01	6.96e-03	0.00e+00	0.00e+00	0.00e+00	0.00e+00
 3.36489e+12	0.00e+00	0.00e+00	7.58e-31	1.18e-22	4.17e-15	3.73e-08	9.94e-01	6.40e-03	0.00e+00	0.00e+00	0.00e+00	0.00e+00
 3.51410e+12	0.00e+00	1.18e-39	1.05e-30	1.51e-22	4.93e-15	4.05e-08	9.94e-01	5.90e-03	0.00e+00	0.00e+00	0.00e+00	0.00e+00
 3.64303e+12	0.00e+00	0.00e+00	1.38e-30	1.86e-22	5.67e-15	4.35e-08	9.94e-01	5.50e-03	0.00e+00	0.00e+00	0.00e+00	0.00e+00
 3.78186e+12	0.00e+00	2.36e-39	1.84e-30	2.32e-22	6.58e-15	4.69e-08	9.95e-01	5.12e-03	0.00e+00	0.00e+00	0.00e+00	0.00e+00
 3.93688e+12	0.00e+00	0.00e+00	2.52e-30	2.95e-22	7.74e-15	5.09e-08	9.95e-01	4.72e-03	0.00e+00	0.00e+00	0.00e+00	0.00e+00
 4.08208e+12	0.00e+00	4.98e-39	3.35e-30	3.67e-22	8.98e-15	5.49e-08	9.96e-01	4.39e-03	0.00e+00	0.00e+00	0.00e+00	0.00e+00
 4.23998e+12	0.00e+00	0.00e+00	4.55e-30	4.63e-22	1.05e-14	5.95e-08	9.96e-01	4.06e-03	0.00e+00	0.00e+00	0.00e+00	0.00e+00
 4.41400e+12	0.00e+00	1.09e-38	6.30e-30	5.95e-22	1.25e-14	6.49e-08	9.96e-01	3.73e-03	0.00e+00	0.00e+00	0.00e+00	0.00e+00
 4.57434e+12	0.00e+00	0.00e+00	8.45e-30	7.45e-22	1.46e-14	7.02e-08	9.97e-01	3.45e-03	0.00e+00	0.00e+00	0.00e+00	0.00e+00
 4.74811e+12	0.00e+00	2.29e-38	1.15e-29	9.44e-22	1.71e-14	7.63e-08	9.97e-01	3.18e-03	0.00e+00	0.00e+00	0.00e+00	0.00e+00
 4.94233e+12	0.00e+00	0.00e+00	1.60e-29	1.22e-21	2.04e-14	8.35e-08	9.97e-01	2.92e-03	0.00e+00	0.00e+00	0.00e+00	0.00e+00
 5.12571e+12	0.00e+00	5.05e-38	2.18e-29	1.54e-21	2.40e-14	9.08e-08	9.97e-01	2.69e-03	0.00e+00	0.00e+00	0.00e+00	0.00e+00
 5.31718e+12	0.00e+00	0.00e+00	2.96e-29	1.96e-21	2.83e-14	9.88e-08	9.98e-01	2.48e-03	0.00e+00	0.00e+00	0.00e+00	0.00e+00
 5.54185e+12	0.00e+00	1.13e-37	4.19e-29	2.56e-21	3.41e-14	1.09e-07	9.98e-01	2.26e-03	0.00e+00	0.00e+00	0.00e+00	0.00e+00
 5.74723e+12	0.00e+00	0.00e+00	5.68e-29	3.24e-21	4.02e-14	1.18e-07	9.98e-01	2.08e-03	0.00e+00	0.00e+00	0.00e+00	0.00e+00
 5.90247e+12	0.00e+00	2.17e-37	7.10e-29	3.85e-21	4.53e-14	1.26e-07	9.98e-01	1.96e-03	0.00e+00	0.00e+00	0.00e+00	0.00e+00
 6.06445e+12	0.00e+00	0.00e+00	8.89e-29	4.58e-21	5.12e-14	1.34e-07	9.98e-01	1.84e-03	0.00e+00	0.00e+00	0.00e+00	0.00e+00
 6.27501e+12	0.00e+00	4.06e-37	1.18e-28	5.71e-21	5.97e-14	1.45e-07	9.98e-01	1.70e-03	0.00e+00	0.00e+00	0.00e+00	0.00e+00
 6.50603e+12	0.00e+00	0.00e+00	1.59e-28	7.20e-21	7.03e-14	1.58e-07	9.98e-01	1.57e-03	0.00e+00	0.00e+00	0.00e+00	0.00e+00
 6.71100e+12	0.00e+00	8.02e-37	2.06e-28	8.78e-21	8.07e-14	1.70e-07	9.99e-01	1.46e-03	0.00e+00	0.00e+00	0.00e+00	0.00e+00
 6.89588e+12	0.00e+00	0.00e+00	2.57e-28	1.04e-20	9.12e-14	1.81e-07	9.99e-01	1.37e-03	0.00e+00	0.00e+00	0.00e+00	0.00e+00
 7.10727e+12	0.00e+00	1.43e-36	3.29e-28	1.26e-20	1.04e-13	1.94e-07	9.99e-01	1.28e-03	0.00e+00	0.00e+00	0.00e+00	0.00e+00
 7.38207e+12	1.80e-45	2.08e-36	4.48e-28	1.61e-20	1.23e-13	2.12e-07	9.99e-01	1.18e-03	0.00e+00	0.00e+00	0.00e+00	0.00e+00
 7.66273e+12	0.00e+00	0.00e+00	6.07e-28	2.03e-20	1.46e-13	2.31e-07	9.99e-01	1.08e-03	0.00e+00	0.00e+00	0.00e+00	0.00e+00
 7.89197e+12	0.00e+00	4.04e-36	7.69e-28	2.44e-20	1.66e-13	2.47e-07	9.99e-01	1.01e-03	0.00e+00	0.00e+00	0.00e+00	0.00e+00
 8.13094e+12	5.66e-45	5.42e-36	9.78e-28	2.94e-20	1.89e-13	2.64e-07	9.99e-01	9.49e-04	0.00e+00	0.00e+00	0.00e+00	0.00e+00
 8.44161e+12	0.00e+00	0.00e+00	1.32e-27	3.72e-20	2.22e-13	2.88e-07	9.99e-01	8.73e-04	0.00e+00	0.00e+00	0.00e+00	0.00e+00
 8.76620e+12	0.00e+00	1.13e-35	1.78e-27	4.69e-20	2.62e-13	3.13e-07	9.99e-01	8.02e-04	0.00e+00	0.00e+00	0.00e+00	0.00e+00
 9.04220e+12	1.96e-44	1.53e-35	2.28e-27	5.68e-20	3.00e-13	3.36e-07	9.99e-01	7.49e-04	0.00e+00	0.00e+00	0.00e+00	0.00e+00
 9.33433e+12	0.00e+00	0.00e+00	2.93e-27	6.91e-20	3.44e-13	3.61e-07	9.99e-01	6.98e-04	0.00e+00	0.00e+00	0.00e+00	0.00e+00
 9.70440e+12	0.00e+00	3.03e-35	3.99e-27	8.77e-20	4.07e-13	3.94e-07	9.99e-01	6.41e-04	0.00e+00	0.00e+00	0.00e+00	0.00e+00
 1.00851e+13	6.94e-44	4.39e-35	5.40e-27	1.11e-19	4.80e-13	4.29e-07	9.99e-01	5.89e-04	0.00e+00	0.00e+00	0.00e+00	0.00e+00
 1.04150e+13	0.00e+00	5.99e-35	6.96e-27	1.35e-19	5.51e-13	4.61e-07	9.99e-01	5.49e-04	0.00e+00	0.00e+00	0.00e+00	0.00e+00
 1.07694e+13	1.48e-43	8.26e-35	9.05e-27	1.65e-19	6.35e-13	4.97e-07	9.99e-01	5.10e-04	0.00e+00	0.00e+00	0.00e+00	0.00e+00
 1.12041e+13	0.00e+00	1.21e-34	1.23e-26	2.10e-19	7.52e-13	5.43e-07	1.00e+00	4.68e-04	0.00e+00	0.00e+00	0.00e+00	0.00e+00
 1.16462e+13	3.62e-43	1.75e-34	1.67e-26	2.66e-19	8.87e-13	5.92e-07	1.00e+00	4.30e-04	0.00e+00	0.00e+00	0.00e+00	0.00e+00
 1.20457e+13	0.00e+00	2.41e-34	2.17e-26	3.26e-19	1.02e-12	6.38e-07	1.00e+00	3.99e-04	0.00e+00	0.00e+00	0.00e+00	0.00e+00
 1.24066e+13	7.44e-43	3.20e-34	2.73e-26	3.89e-19	1.16e-12	6.80e-07	1.00e+00	3.75e-04	0.00e+00	0.00e+00	0.00e+00	0.00e+00
 1.27958e+13	0.00e+00	4.29e-34	3.48e-26	4.69e-19	1.32e-12	7.28e-07	1.00e+00	3.50e-04	0.00e+00	0.00e+00	0.00e+00	0.00e+00
 1.32043e+13	1.51e-42	5.79e-34	4.44e-26	5.68e-19	1.51e-12	7.81e-07	1.00e+00	3.27e-04	0.00e+00	0.00e+00	0.00e+00	0.00e+00
 1.35539e+13	0.00e+00	7.42e-34	5.44e-26	6.65e-19	1.69e-12	8.28e-07	1.00e+00	3.09e-04	0.00e+00	0.00e+00	0.00e+00	0.00e+00
 1.39243e+13	2.76e-42	9.59e-34	6.71e-26	7.82e-19	1.89e-12	8.78e-07	1.00e+00	2.91e-04	0.00e+00	0.00e+00	0.00e+00	0.00e+00
 1.44059e+13	0.00e+00	1.32e-33	8.74e-26	9.60e-19	2.18e-12	9.47e-07	1.00e+00	2.70e-04	0.00e+00	0.00e+00	0.00e+00	0.00e+00
 1.49023e+13	5.95e-42	1.82e-33	1.14e-25	1.18e-18	2.52e-12	1.02e-06	1.00e+00	2.51e-04	0.00e+00	0.00e+00	0.00e+00	0.00e+00
 1.53130e+13	0.00e+00	2.36e-33	1.41e-25	1.39e-18	2.83e-12	1.09e-06	1.00e+00	2.36e-04	0.00e+00	0.00e+00	0.00e+00	0.00e+00
 1.57422e+13	1.10e-41	3.07e-33	1.74e-25	1.64e-18	3.18e-12	1.15e-06	1.00e+00	2.22e-04	0.00e+00	0.00e+00	0.00e+00	0.00e+00
 1.63001e+13	0.00e+00	4.26e-33	2.28e-25	2.02e-18	3.69e-12	1.25e-06	1.00e+00	2.06e-04	0.00e+00	0.00e+00	0.00e+00	0.00e+00
 1.68887e+13	2.43e-41	5.95e-33	3.00e-25	2.51e-18	4.29e-12	1.35e-06	1.00e+00	1.90e-04	0.00e+00	0.00e+00	0.00e+00	0.00e+00
 1.73988e+13	0.00e+00	7.88e-33	3.78e-25	3.00e-18	4.86e-12	1.44e-06	1.00e+00	1.78e-04	0.00e+00	0.00e+00	0.00e+00	0.00e+00
 1.79438e+13	4.80e-41	1.05e-32	4.79e-25	3.61e-18	5.55e-12	1.55e-06	1.00e+00	1.67e-04	0.00e+00	0.00e+00	0.00e+00	0.00e+00
 1.86319e+13	0.00e+00	1.50e-32	6.40e-25	4.53e-18	6.52e-12	1.68e-06	1.00e+00	1.53e-04	0.00e+00	0.00e+00	0.00e+00	0.00e+00
 1.93440e+13	1.11e-40	2.12e-32	8.55e-25	5.68e-18	7.65e-12	1.83e-06	1.00e+00	1.41e-04	0.00e+00	0.00e+00	0.00e+00	0.00e+00
 1.99749e+13	0.00e+00	2.86e-32	1.09e-24	6.89e-18	8.77e-12	1.97e-06	1.00e+00	1.31e-04	0.00e+00	0.00e+00	0.00e+00	0.00e+00
 2.06623e+13	2.29e-40	3.92e-32	1.42e-24	8.44e-18	1.01e-11	2.13e-06	1.00e+00	1.22e-04	0.00e+00	0.00e+00	0.00e+00	0.00e+00
 2.14868e+13	0.00e+00	5.64e-32	1.91e-24	1.07e-17	1.20e-11	2.33e-06	1.00e+00	1.11e-04	0.00e+00	0.00e+00	0.00e+00	0.00e+00
 2.22848e+13	5.25e-40	7.89e-32	2.53e-24	1.33e-17	1.40e-11	2.53e-06	1.00e+00	1.03e-04	0.00e+00	0.00e+00	0.00e+00	0.00e+00
 2.29735e+13	0.00e+00	1.04e-31	3.19e-24	1.60e-17	1.60e-11	2.71e-06	1.00e+00	9.58e-05	0.00e+00	0.00e+00	0.00e+00	0.00e+00
 2.37248e+13	1.04e-39	1.40e-31	4.07e-24	1.94e-17	1.83e-11	2.92e-06	1.00e+00	8.91e-05	0.00e+00	0.00e+00	0.00e+00	0.00e+00
 2.44950e+13	0.00e+00	1.88e-31	5.19e-24	2.35e-17	2.10e-11	3.14e-06	1.00e+00	8.28e-05	0.00e+00	0.00e+00	0.00e+00	0.00e+00
 2.51247e+13	1.93e-39	2.37e-31	6.29e-24	2.73e-17	2.34e-11	3.33e-06	1.00e+00	7.82e-05	0.00e+00	0.00e+00	0.00e+00	0.00e+00
 2.57783e+13	0.00e+00	2.99e-31	7.64e-24	3.18e-17	2.61e-11	3.53e-06	1.00e+00	7.38e-05	0.00e+00	0.00e+00	0.00e+00	0.00e+00
 2.66279e+13	3.60e-39	4.01e-31	9.76e-24	3.86e-17	3.00e-11	3.81e-06	1.00e+00	6.86e-05	0.00e+00	0.00e+00	0.00e+00	0.00e+00
 2.75153e+13	0.00e+00	5.40e-31	1.25e-23	4.70e-17	3.45e-11	4.11e-06	1.00e+00	6.37e-05	0.00e+00	0.00e+00	0.00e+00	0.00e+00
 2.82673e+13	6.81e-39	6.88e-31	1.53e-23	5.52e-17	3.86e-11	4.37e-06	1.00e+00	5.99e-05	0.00e+00	0.00e+00	0.00e+00	0.00e+00
 2.90605e+13	0.00e+00	8.84e-31	1.88e-23	6.51e-17	4.34e-11	4.66e-06	1.00e+00	5.63e-05	0.00e+00	0.00e+00	0.00e+00	0.00e+00
 3.00916e+13	1.32e-38	1.21e-30	2.45e-23	8.01e-17	5.03e-11	5.04e-06	1.00e+00	5.20e-05	0.00e+00	0.00e+00	0.00e+00	0.00e+00
 3.11653e+13	0.00e+00	1.66e-30	3.18e-23	9.86e-17	5.84e-11	5.46e-06	1.00e+00	4.81e-05	0.00e+00	0.00e+00	0.00e+00	0.00e+00
 3.20745e+13	2.60e-38	2.15e-30	3.95e-23	1.17e-16	6.59e-11	5.83e-06	1.00e+00	4.51e-05	0.00e+00	0.00e+00	0.00e+00	0.00e+00
 3.30364e+13	0.00e+00	2.80e-30	4.93e-23	1.39e-16	7.46e-11	6.23e-06	1.00e+00	4.22e-05	0.00e+00	0.00e+00	0.00e+00	0.00e+00
 3.42667e+13	5.26e-38	3.90e-30	6.48e-23	1.73e-16	8.69e-11	6.77e-06	1.00e+00	3.89e-05	0.00e+00	0.00e+00	0.00e+00	0.00e+00
 3.55596e+13	0.00e+00	5.44e-30	8.55e-23	2.15e-16	1.01e-10	7.36e-06	1.00e+00	3.58e-05	0.00e+00	0.00e+00	0.00e+00	0.00e+00
 3.67080e+13	1.09e-37	7.25e-30	1.08e-22	2.60e-16	1.16e-10	7.90e-06	1.00e+00	3.34e-05	0.00e+00	0.00e+00	0.00e+00	0.00e+00
 3.79548e+13	0.00e+00	9.84e-30	1.40e-22	3.16e-16	1.33e-10	8.50e-06	1.00e+00	3.11e-05	0.00e+00	0.00e+00	0.00e+00	0.00e+00
 3.94477e+13	2.38e-37	1.40e-29	1.87e-22	3.97e-16	1.56e-10	9.25e-06	1.00e+00	2.86e-05	0.00e+00	0.00e+00	0.00e+00	0.00e+00
 4.09807e+13	0.00e+00	1.98e-29	2.49e-22	4.97e-16	1.82e-10	1.01e-05	1.00e+00	2.63e-05	0.00e+00	0.00e+00	0.00e+00	0.00e+00
 4.22752e+13	5.04e-37	2.64e-29	3.15e-22	5.98e-16	2.07e-10	1.08e-05	1.00e+00	2.46e-05	0.00e+00	0.00e+00	0.00e+00	0.00e+00
 4.33478e+13	0.00e+00	3.33e-29	3.81e-22	6.93e-16	2.29e-10	1.13e-05	1.00e+00	2.33e-05	0.00e+00	0.00e+00	0.00e+00	0.00e+00
 4.45503e+13	8.99e-37	4.29e-29	4.70e-22	8.14e-16	2.56e-10	1.20e-05	1.00e+00	2.20e-05	0.00e+00	0.00e+00	0.00e+00	0.00e+00
 4.61136e+13	0.00e+00	5.92e-29	6.11e-22	9.98e-16	2.94e-10	1.29e-05	1.00e+00	2.05e-05	0.00e+00	0.00e+00	0.00e+00	0.00e+00
 4.77881e+13	1.95e-36	8.26e-29	8.02e-22	1.23e-15	3.40e-10	1.40e-05	1.00e+00	1.90e-05	0.00e+00	0.00e+00	0.00e+00	0.00e+00
 4.92130e+13	0.00e+00	1.09e-28	1.01e-21	1.46e-15	3.82e-10	1.48e-05	1.00e+00	1.79e-05	0.00e+00	0.00e+00	0.00e+00	0.00e+00
 5.06716e+13	3.78e-36	1.44e-28	1.26e-21	1.74e-15	4.30e-10	1.58e-05	1.00e+00	1.68e-05	0.00e+00	0.00e+00	0.00e+00	0.00e+00
 5.25408e+13	0.00e+00	2.03e-28	1.67e-21	2.16e-15	4.97e-10	1.70e-05	1.00e+00	1.56e-05	0.00e+00	0.00e+00	0.00e+00	0.00e+00
 5.44734e+13	8.54e-36	2.85e-28	2.20e-21	2.67e-15	5.75e-10	1.83e-05	1.00e+00	1.45e-05	0.00e+00	0.00e+00	0.00e+00	0.00e+00
 5.61317e+13	0.00e+00	3.80e-28	2.78e-21	3.19e-15	6.48e-10	1.95e-05	1.00e+00	1.36e-05	0.00e+00	0.00e+00	0.00e+00	0.00e+00
 5.79042e+13	1.72e-35	5.13e-28	3.54e-21	3.83e-15	7.34e-10	2.08e-05	1.00e+00	1.28e-05	0.00e+00	0.00e+00	0.00e+00	0.00e+00
 6.00991e+13	0.00e+00	7.33e-28	4.72e-21	4.77e-15	8.52e-10	2.24e-05	1.00e+00	1.19e-05	0.00e+00	0.00e+00	0.00e+00	0.00e+00
 6.23610e+13	4.02e-35	1.05e-27	6.29e-21	5.94e-15	9.88e-10	2.42e-05	1.00e+00	1.10e-05	0.00e+00	0.00e+00	0.00e+00	0.00e+00
 6.44021e+13	5.85e-35	1.43e-27	8.10e-21	7.19e-15	1.12e-09	2.58e-05	1.00e+00	1.03e-05	0.00e+00	0.00e+00	0.00e+00	0.00e+00
 6.66383e+13	8.67e-35	1.99e-27	1.06e-20	8.80e-15	1.29e-09	2.77e-05	1.00e+00	9.61e-06	0.00e+00	0.00e+00	0.00e+00	0.00e+00
 6.92753e+13	1.36e-34	2.89e-27	1.43e-20	1.11e-14	1.50e-09	2.99e-05	1.00e+00	8.88e-06	0.00e+00	0.00e+00	0.00e+00	0.00e+00
 7.18721e+13	2.08e-34	4.14e-27	1.91e-20	1.38e-14	1.74e-09	3.22e-05	1.00e+00	8.25e-06	0.00e+00	0.00e+00	0.00e+00	0.00e+00
 7.41332e+13	2.99e-34	5.59e-27	2.43e-20	1.66e-14	1.97e-09	3.43e-05	1.00e+00	7.75e-06	0.00e+00	0.00e+00	0.00e+00	0.00e+00
 7.65189e+13	4.32e-34	7.62e-27	3.12e-20	2.00e-14	2.23e-09	3.66e-05	1.00e+00	7.27e-06	0.00e+00	0.00e+00	0.00e+00	0.00e+00
 7.94397e+13	6.66e-34	1.09e-26	4.18e-20	2.50e-14	2.59e-09	3.95e-05	1.00e+00	6.73e-06	0.00e+00	0.00e+00	0.00e+00	0.00e+00
 8.23587e+13	1.01e-33	1.55e-26	5.55e-20	3.09e-14	3.00e-09	4.25e-05	1.00e+00	6.26e-06	0.00e+00	0.00e+00	0.00e+00	0.00e+00
 8.47876e+13	1.42e-33	2.06e-26	6.98e-20	3.68e-14	3.37e-09	4.51e-05	1.00e+00	5.90e-06	0.00e+00	0.00e+00	0.00e+00	0.00e+00
 8.68567e+13	1.88e-33	2.61e-26	8.43e-20	4.24e-14	3.71e-09	4.73e-05	1.00e+00	5.62e-06	0.00e+00	0.00e+00	0.00e+00	0.00e+00
 8.91269e+13	2.54e-33	3.35e-26	1.03e-19	4.94e-14	4.11e-09	4.99e-05	1.00e+00	5.33e-06	0.00e+00	0.00e+00	0.00e+00	0.00e+00
 9.20783e+13	3.70e-33	4.59e-26	1.33e-19	6.00e-14	4.68e-09	5.33e-05	1.00e+00	4.99e-06	0.00e+00	0.00e+00	0.00e+00	0.00e+00
 9.51281e+13	5.39e-33	6.30e-26	1.72e-19	7.28e-14	5.33e-09	5.70e-05	1.00e+00	4.67e-06	0.00e+00	0.00e+00	0.00e+00	0.00e+00
 9.76682e+13	7.33e-33	8.14e-26	2.11e-19	8.51e-14	5.92e-09	6.01e-05	1.00e+00	4.43e-06	0.00e+00	0.00e+00	0.00e+00	0.00e+00
 1.00332e+14	1.00e-32	1.06e-25	2.61e-19	9.99e-14	6.60e-09	6.35e-05	1.00e+00	4.19e-06	0.00e+00	0.00e+00	0.00e+00	0.00e+00
 1.03796e+14	1.48e-32	1.47e-25	3.40e-19	1.22e-13	7.56e-09	6.81e-05	1.00e+00	3.91e-06	0.00e+00	0.00e+00	0.00e+00	0.00e+00
 1.07390e+14	2.19e-32	2.04e-25	4.44e-19	1.50e-13	8.67e-09	7.30e-05	1.00e+00	3.65e-06	0.00e+00	0.00e+00	0.00e+00	0.00e+00
 1.10417e+14	3.02e-32	2.67e-25	5.52e-19	1.77e-13	9.69e-09	7.73e-05	1.00e+00	3.45e-06	0.00e+00	0.00e+00	0.00e+00	0.00e+00
 1.13614e+14	4.20e-32	3.52e-25	6.89e-19	2.09e-13	1.09e-08	8.19e-05	1.00e+00	3.25e-06	0.00e+00	0.00e+00	0.00e+00	0.00e+00
 1.17744e+14	6.34e-32	4.96e-25	9.11e-19	2.59e-13	1.25e-08	8.82e-05	1.00e+00	3.02e-06	0.00e+00	0.00e+00	0.00e+00	0.00e+00
 1.22045e+14	9.56e-32	7.01e-25	1.21e-18	3.20e-13	1.45e-08	9.50e-05	1.00e+00	2.80e-06	0.00e+00	0.00e+00	0.00e+00	0.00e+00
 1.25731e+14	1.35e-31	9.35e-25	1.52e-18	3.82e-13	1.63e-08	1.01e-04	1.00e+00	2.64e-06	0.00e+00	0.00e+00	0.00e+00	0.00e+00
 1.29661e+14	1.92e-31	1.26e-24	1.93e-18	4.59e-13	1.85e-08	1.08e-04	1.00e+00	2.48e-06	0.00e+00	0.00e+00	0.00e+00	0.00e+00
 1.34535e+14	2.93e-31	1.79e-24	2.58e-18	5.72e-13	2.14e-08	1.16e-04	1.00e+00	2.29e-06	0.00e+00	0.00e+00	0.00e+00	0.00e+00
 1.39512e+14	4.45e-31	2.54e-24	3.42e-18	7.09e-13	2.48e-08	1.25e-04	1.00e+00	2.13e-06	0.00e+00	0.00e+00	0.00e+00	0.00e+00
 1.43924e+14	6.37e-31	3.44e-24	4.37e-18	8.54e-13	2.81e-08	1.33e-04	1.00e+00	2.00e-06	0.00e+00	0.00e+00	0.00e+00	0.00e+00
 1.48723e+14	9.28e-31	4.71e-24	5.64e-18	1.04e-12	3.20e-08	1.43e-04	1.00e+00	1.87e-06	0.00e+00	0.00e+00	0.00e+00	0.00e+00
 1.54480e+14	1.43e-30	6.79e-24	7.59e-18	1.30e-12	3.73e-08	1.54e-04	1.00e+00	1.73e-06	0.00e+00	0.00e+00	0.00e+00	0.00e+00
 1.60194e+14	2.18e-30	9.64e-24	1.01e-17	1.61e-12	4.32e-08	1.66e-04	1.00e+00	1.60e-06	0.00e+00	0.00e+00	0.00e+00	0.00e+00
 1.65359e+14	3.14e-30	1.31e-23	1.29e-17	1.95e-12	4.91e-08	1.78e-04	1.00e+00	1.50e-06	0.00e+00	0.00e+00	0.00e+00	0.00e+00
 1.71093e+14	4.64e-30	1.82e-23	1.69e-17	2.39e-12	5.63e-08	1.91e-04	1.00e+00	1.40e-06	0.00e+00	0.00e+00	0.00e+00	0.00e+00
 1.77836e+14	7.35e-30	2.68e-23	2.31e-17	3.01e-12	6.57e-08	2.06e-04	1.00e+00	1.29e-06	0.00e+00	0.00e+00	0.00e+00	0.00e+00
 1.84509e+14	1.11e-29	3.79e-23	3.05e-17	3.74e-12	7.62e-08	2.22e-04	1.00e+00	1.20e-06	0.00e+00	0.00e+00	0.00e+00	0.00e+00
 1.90169e+14	1.58e-29	5.08e-23	3.87e-17	4.48e-12	8.60e-08	2.37e-04	1.00e+00	1.13e-06	0.00e+00	0.00e+00	0.00e+00	0.00e+00
 1.94766e+14	2.08e-29	6.41e-23	4.67e-17	5.17e-12	9.46e-08	2.49e-04	1.00e+00	1.07e-06	0.00e+00	0.00e+00	0.00e+00	0.00e+00
 1.99615e+14	2.77e-29	8.13e-23	5.66e-17	5.98e-12	1.04e-07	2.61e-04	1.00e+00	1.02e-06	0.00e+00	0.00e+00	0.00e+00	0.00e+00
 2.05918e+14	3.97e-29	1.10e-22	7.22e-17	7.20e-12	1.18e-07	2.79e-04	1.00e+00	9.57e-07	0.00e+00	0.00e+00	0.00e+00	0.00e+00
 2.12502e+14	5.73e-29	1.49e-22	9.25e-17	8.68e-12	1.34e-07	2.97e-04	1.00e+00	0.00e+00	0.00e+00	0.00e+00	0.00e+00	0.00e+00
 2.18082e+14	7.77e-29	1.93e-22	1.13e-16	1.01e-11	1.49e-07	3.13e-04	1.00e+00	0.00e+00	0.00e+00	0.00e+00	0.00e+00	0.00e+00
 2.23968e+14	1.06e-28	2.50e-22	1.40e-16	1.19e-11	1.65e-07	3.31e-04	1.00e+00	0.00e+00	0.00e+00	0.00e+00	0.00e+00	0.00e+00
 2.31620e+14	1.57e-28	3.47e-22	1.82e-16	1.45e-11	1.89e-07	3.54e-04	1.00e+00	0.00e+00	0.00e+00	0.00e+00	0.00e+00	0.00e+00
 2.39526e+14	2.32e-28	4.82e-22	2.37e-16	1.77e-11	2.16e-07	3.79e-04	1.00e+00	0.00e+00	0.00e+00	0.00e+00	0.00e+00	0.00e+00
 2.46123e+14	3.20e-28	6.29e-22	2.94e-16	2.08e-11	2.41e-07	4.00e-04	1.00e+00	0.00e+00	0.00e+00	0.00e+00	0.00e+00	0.00e+00
 2.53059e+14	4.43e-28	8.27e-22	3.66e-16	2.46e-11	2.70e-07	4.23e-04	1.00e+00	0.00e+00	0.00e+00	0.00e+00	0.00e+00	0.00e+00
 2.62076e+14	6.70e-28	1.17e-21	4.83e-16	3.03e-11	3.10e-07	4.54e-04	1.00e+00	0.00e+00	0.00e+00	0.00e+00	0.00e+00	0.00e+00
 2.71535e+14	1.02e-27	1.66e-21	6.40e-16	3.74e-11	3.57e-07	4.88e-04	1.00e+00	0.00e+00	0.00e+00	0.00e+00	0.00e+00	0.00e+00
 2.79668e+14	1.44e-27	2.22e-21	8.09e-16	4.46e-11	4.02e-07	5.17e-04	9.99e-01	0.00e+00	0.00e+00	0.00e+00	0.00e+00	0.00e+00
 2.88339e+14	2.07e-27	3.00e-21	1.03e-15	5.35e-11	4.54e-07	5.50e-04	9.99e-01	0.00e+00	0.00e+00	0.00e+00	0.00e+00	0.00e+00
 2.99120e+14	3.20e-27	4.31e-21	1.38e-15	6.66e-11	5.25e-07	5.92e-04	9.99e-01	0.00e+00	0.00e+00	0.00e+00	0.00e+00	0.00e+00
 3.10232e+14	4.94e-27	6.19e-21	1.84e-15	8.29e-11	6.07e-07	6.37e-04	9.99e-01	0.00e+00	0.00e+00	0.00e+00	0.00e+00	0.00e+00
 3.20187e+14	7.19e-27	8.46e-21	2.37e-15	1.00e-10	6.89e-07	6.79e-04	9.99e-01	0.00e+00	0.00e+00	0.00e+00	0.00e+00	0.00e+00
 3.31052e+14	1.07e-26	1.18e-20	3.08e-15	1.22e-10	7.87e-07	7.25e-04	9.99e-01	0.00e+00	0.00e+00	0.00e+00	0.00e+00	0.00e+00
 3.43951e+14	1.68e-26	1.72e-20	4.18e-15	1.53e-10	9.16e-07	7.83e-04	9.99e-01	0.00e+00	0.00e+00	0.00e+00	0.00e+00	0.00e+00
 3.56712e+14	2.59e-26	2.47e-20	5.58e-15	1.91e-10	1.06e-06	8.42e-04	9.99e-01	0.00e+00	0.00e+00	0.00e+00	0.00e+00	0.00e+00
 3.68417e+14	3.81e-26	3.40e-20	7.21e-15	2.31e-10	1.20e-06	8.98e-04	9.99e-01	0.00e+00	0.00e+00	0.00e+00	0.00e+00	0.00e+00
 3.81536e+14	5.76e-26	4.81e-20	9.52e-15	2.85e-10	1.38e-06	9.64e-04	9.99e-01	0.00e+00	0.00e+00	0.00e+00	0.00e+00	0.00e+00
 3.94929e+14	8.68e-26	6.77e-20	1.25e-14	3.50e-10	1.59e-06	1.03e-03	9.99e-01	0.00e+00	0.00e+00	0.00e+00	0.00e+00	0.00e+00
 4.05262e+14	1.18e-25	8.74e-20	1.54e-14	4.08e-10	1.76e-06	1.09e-03	9.99e-01	0.00e+00	0.00e+00	0.00e+00	0.00e+00	0.00e+00
 4.15277e+14	1.57e-25	1.11e-19	1.86e-14	4.72e-10	1.94e-06	1.14e-03	9.99e-01	0.00e+00	0.00e+00	0.00e+00	0.00e+00	0.00e+00
 4.28296e+14	2.26e-25	1.51e-19	2.38e-14	5.67e-10	2.19e-06	1.22e-03	9.99e-01	0.00e+00	0.00e+00	0.00e+00	0.00e+00	0.00e+00
 4.41965e+14	3.28e-25	2.05e-19	3.05e-14	6.84e-10	2.49e-06	1.29e-03	9.99e-01	0.00e+00	0.00e+00	0.00e+00	0.00e+00	0.00e+00
 4.53639e+14	4.46e-25	2.66e-19	3.75e-14	7.99e-10	2.76e-06	1.36e-03	9.99e-01	0.00e+00	0.00e+00	0.00e+00	0.00e+00	0.00e+00
 4.65974e+14	6.11e-25	3.45e-19	4.64e-14	9.38e-10	3.07e-06	1.44e-03	9.99e-01	0.00e+00	0.00e+00	0.00e+00	0.00e+00	0.00e+00
 4.82009e+14	9.08e-25	4.81e-19	6.06e-14	1.15e-09	3.52e-06	1.54e-03	9.98e-01	0.00e+00	0.00e+00	0.00e+00	0.00e+00	0.00e+00
 4.98539e+14	1.35e-24	6.70e-19	7.91e-14	1.40e-09	4.02e-06	1.65e-03	9.98e-01	0.00e+00	0.00e+00	0.00e+00	0.00e+00	0.00e+00
 5.12266e+14	1.85e-24	8.74e-19	9.79e-14	1.65e-09	4.49e-06	1.75e-03	9.98e-01	0.00e+00	0.00e+00	0.00e+00	0.00e+00	0.00e+00
 5.26664e+14	2.55e-24	1.14e-18	1.22e-13	1.95e-09	5.01e-06	1.85e-03	9.98e-01	0.00e+00	0.00e+00	0.00e+00	0.00e+00	0.00e+00
 5.45383e+14	3.83e-24	1.61e-18	1.60e-13	2.40e-09	5.77e-06	1.98e-03	9.98e-01	0.00e+00	0.00e+00	0.00e+00	0.00e+00	0.00e+00
 5.65064e+14	5.77e-24	2.27e-18	2.12e-13	2.96e-09	6.65e-06	2.13e-03	9.98e-01	0.00e+00	0.00e+00	0.00e+00	0.00e+00	0.00e+00
 5.82058e+14	8.12e-24	3.02e-18	2.67e-13	3.53e-09	7.49e-06	2.27e-03	9.98e-01	0.00e+00	0.00e+00	0.00e+00	0.00e+00	0.00e+00
 6.00214e+14	1.16e-23	4.06e-18	3.39e-13	4.24e-09	8.47e-06	2.42e-03	9.98e-01	0.00e+00	0.00e+00	0.00e+00	0.00e+00	0.00e+00
 6.22700e+14	1.76e-23	5.78e-18	4.52e-13	5.28e-09	9.82e-06	2.61e-03	9.97e-01	0.00e+00	0.00e+00	0.00e+00	0.00e+00	0.00e+00
 6.45489e+14	2.64e-23	8.15e-18	5.98e-13	6.55e-09	1.14e-05	2.81e-03	9.97e-01	0.00e+00	0.00e+00	0.00e+00	0.00e+00	0.00e+00
 6.65418e+14	3.75e-23	1.09e-17	7.59e-13	7.85e-09	1.28e-05	2.99e-03	9.97e-01	0.00e+00	0.00e+00	0.00e+00	0.00e+00	0.00e+00
 6.86955e+14	5.36e-23	1.48e-17	9.70e-13	9.48e-09	1.46e-05	3.20e-03	9.97e-01	0.00e+00	0.00e+00	0.00e+00	0.00e+00	0.00e+00
 7.13126e+14	8.15e-23	2.10e-17	1.30e-12	1.18e-08	1.70e-05	3.47e-03	9.97e-01	0.00e+00	0.00e+00	0.00e+00	0.00e+00	0.00e+00
 7.39139e+14	1.22e-22	2.96e-17	1.71e-12	1.47e-08	1.96e-05	3.74e-03	9.96e-01	0.00e+00	0.00e+00	0.00e+00	0.00e+00	0.00e+00
 7.62054e+14	1.72e-22	3.95e-17	2.17e-12	1.76e-08	2.21e-05	3.98e-03	9.96e-01	0.00e+00	0.00e+00	0.00e+00	0.00e+00	0.00e+00
 7.87126e+14	2.45e-22	5.34e-17	2.78e-12	2.13e-08	2.52e-05	4.27e-03	9.96e-01	0.00e+00	0.00e+00	0.00e+00	0.00e+00	0.00e+00
 8.17339e+14	3.73e-22	7.62e-17	3.72e-12	2.67e-08	2.94e-05	4.63e-03	9.95e-01	0.00e+00	0.00e+00	0.00e+00	0.00e+00	0.00e+00
 8.47416e+14	5.54e-22	1.07e-16	4.91e-12	3.31e-08	3.40e-05	5.00e-03	9.95e-01	0.00e+00	0.00e+00	0.00e+00	0.00e+00	0.00e+00
 8.72956e+14	7.70e-22	1.41e-16	6.16e-12	3.95e-08	3.84e-05	5.33e-03	9.95e-01	0.00e+00	0.00e+00	0.00e+00	0.00e+00	0.00e+00
 8.94171e+14	1.00e-21	1.76e-16	7.41e-12	4.56e-08	4.23e-05	5.61e-03	9.94e-01	0.00e+00	0.00e+00	0.00e+00	0.00e+00	0.00e+00
 9.16510e+14	1.31e-21	2.22e-16	8.95e-12	5.28e-08	4.67e-05	5.91e-03	9.94e-01	0.00e+00	0.00e+00	0.00e+00	0.00e+00	0.00e+00
 9.45550e+14	1.84e-21	2.96e-16	1.14e-11	6.35e-08	5.30e-05	6.32e-03	9.94e-01	0.00e+00	0.00e+00	0.00e+00	0.00e+00	0.00e+00
 9.75426e+14	2.58e-21	3.94e-16	1.44e-11	7.64e-08	6.01e-05	6.77e-03	9.93e-01	0.00e+00	0.00e+00	0.00e+00	0.00e+00	0.00e+00
 1.00003e+15	3.38e-21	4.96e-16	1.74e-11	8.86e-08	6.65e-05	7.14e-03	9.93e-01	0.00e+00	0.00e+00	0.00e+00	0.00e+00	0.00e+00
 1.02564e+15	4.46e-21	6.27e-16	2.11e-11	1.03e-07	7.36e-05	7.53e-03	9.92e-01	0.00e+00	0.00e+00	0.00e+00	0.00e+00	0.00e+00
 1.05894e+15	6.28e-21	8.40e-16	2.70e-11	1.25e-07	8.38e-05	8.08e-03	9.92e-01	0.00e+00	0.00e+00	0.00e+00	0.00e+00	0.00e+00
 1.09360e+15	8.89e-21	1.13e-15	3.45e-11	1.51e-07	9.54e-05	8.66e-03	9.91e-01	0.00e+00	0.00e+00	0.00e+00	0.00e+00	0.00e+00
 1.12281e+15	1.18e-20	1.44e-15	4.21e-11	1.76e-07	1.06e-04	9.16e-03	9.91e-01	0.00e+00	0.00e+00	0.00e+00	0.00e+00	0.00e+00
 1.15356e+15	1.57e-20	1.84e-15	5.16e-11	2.07e-07	1.18e-04	9.71e-03	9.90e-01	0.00e+00	0.00e+00	0.00e+00	0.00e+00	0.00e+00
 1.19354e+15	2.27e-20	2.52e-15	6.70e-11	2.53e-07	1.36e-04	1.05e-02	9.89e-01	0.00e+00	0.00e+00	0.00e+00	0.00e+00	0.00e+00
 1.23500e+15	3.27e-20	3.44e-15	8.69e-11	3.10e-07	1.56e-04	1.13e-02	9.89e-01	0.00e+00	0.00e+00	0.00e+00	0.00e+00	0.00e+00
 1.27005e+15	4.41e-20	4.44e-15	1.07e-10	3.66e-07	1.74e-04	1.20e-02	9.88e-01	0.00e+00	0.00e+00	0.00e+00	0.00e+00	0.00e+00
 1.30724e+15	5.99e-20	5.77e-15	1.34e-10	4.34e-07	1.95e-04	1.27e-02	9.87e-01	0.00e+00	0.00e+00	0.00e+00	0.00e+00	0.00e+00
 1.35485e+15	8.77e-20	8.01e-15	1.75e-10	5.38e-07	2.26e-04	1.38e-02	9.86e-01	0.00e+00	0.00e+00	0.00e+00	0.00e+00	0.00e+00
 1.40465e+15	1.29e-19	1.11e-14	2.31e-10	6.66e-07	2.61e-04	1.49e-02	9.85e-01	0.00e+00	0.00e+00	0.00e+00	0.00e+00	0.00e+00
 1.44846e+15	1.78e-19	1.47e-14	2.91e-10	7.98e-07	2.95e-04	1.59e-02	9.84e-01	0.00e+00	0.00e+00	0.00e+00	0.00e+00	0.00e+00
 1.49581e+15	2.49e-19	1.96e-14	3.71e-10	9.65e-07	3.36e-04	1.71e-02	9.83e-01	0.00e+00	0.00e+00	0.00e+00	0.00e+00	0.00e+00
 1.55304e+15	3.71e-19	2.76e-14	4.93e-10	1.21e-06	3.91e-04	1.86e-02	9.81e-01	0.00e+00	0.00e+00	0.00e+00	0.00e+00	0.00e+00
 1.61020e+15	5.38e-19	3.81e-14	6.46e-10	1.49e-06	4.51e-04	2.01e-02	9.79e-01	0.00e+00	0.00e+00	0.00e+00	0.00e+00	0.00e+00
 1.66192e+15	7.52e-19	5.08e-14	8.22e-10	1.80e-06	5.13e-04	2.15e-02	9.78e-01	0.00e+00	0.00e+00	0.00e+00	0.00e+00	0.00e+00
 1.70601e+15	9.86e-19	6.43e-14	1.00e-09	2.11e-06	5.69e-04	2.28e-02	9.77e-01	0.00e+00	0.00e+00	0.00e+00	0.00e+00	0.00e+00
 1.74317e+15	1.23e-18	7.80e-14	1.18e-09	2.39e-06	6.20e-04	2.39e-02	9.75e-01	0.00e+00	0.00e+00	0.00e+00	0.00e+00	0.00e+00
 1.78476e+15	1.57e-18	9.63e-14	1.41e-09	2.75e-06	6.81e-04	2.51e-02	9.74e-01	0.00e+00	0.00e+00	0.00e+00	0.00e+00	0.00e+00
 1.83884e+15	2.14e-18	1.26e-13	1.76e-09	3.29e-06	7.68e-04	2.69e-02	9.72e-01	0.00e+00	0.00e+00	0.00e+00	0.00e+00	0.00e+00
 1.89503e+15	2.92e-18	1.65e-13	2.21e-09	3.93e-06	8.66e-04	2.87e-02	9.70e-01	0.00e+00	0.00e+00	0.00e+00	0.00e+00	0.00e+00
 1.94200e+15	3.75e-18	2.04e-13	2.65e-09	4.54e-06	9.54e-04	3.03e-02	9.69e-01	0.00e+00	0.00e+00	0.00e+00	0.00e+00	0.00e+00
 1.99109e+15	4.83e-18	2.55e-13	3.20e-09	5.26e-06	1.05e-03	3.20e-02	9.67e-01	0.00e+00	0.00e+00	0.00e+00	0.00e+00	0.00e+00
 2.05491e+15	6.66e-18	3.38e-13	4.06e-09	6.35e-06	1.20e-03	3.43e-02	9.64e-01	0.00e+00	0.00e+00	0.00e+00	0.00e+00	0.00e+00
 2.12078e+15	9.16e-18	4.46e-13	5.14e-09	7.65e-06	1.36e-03	3.68e-02	9.62e-01	0.00e+00	0.00e+00	0.00e+00	0.00e+00	0.00e+00
 2.17535e+15	1.18e-17	5.58e-13	6.22e-09	8.88e-06	1.50e-03	3.89e-02	9.60e-01	0.00e+00	0.00e+00	0.00e+00	0.00e+00	0.00e+00
 2.23232e+15	1.53e-17	7.00e-13	7.55e-09	1.04e-05	1.66e-03	4.12e-02	9.57e-01	0.00e+00	0.00e+00	0.00e+00	0.00e+00	0.00e+00
 2.30640e+15	2.12e-17	9.32e-13	9.64e-09	1.26e-05	1.89e-03	4.43e-02	9.54e-01	0.00e+00	0.00e+00	0.00e+00	0.00e+00	0.00e+00
 2.38393e+15	3.01e-17	1.25e-12	1.23e-08	1.53e-05	2.16e-03	4.77e-02	9.50e-01	0.00e+00	0.00e+00	1.74e-17	8.93e-18	2.91e-18
 2.44986e+15	3.93e-17	1.58e-12	1.51e-08	1.80e-05	2.40e-03	5.07e-02	9.47e-01	0.00e+00	0.00e+00	2.27e-17	1.17e-17	3.81e-18
 2.51948e+15	5.18e-17	2.02e-12	1.87e-08	2.12e-05	2.68e-03	5.40e-02	9.43e-01	0.00e+00	0.00e+00	2.99e-17	1.54e-17	5.01e-18
 2.60998e+15	7.36e-17	2.75e-12	2.43e-08	2.62e-05	3.08e-03	5.84e-02	9.39e-01	0.00e+00	0.00e+00	4.26e-17	2.19e-17	7.11e-18
 2.70491e+15	1.05e-16	3.75e-12	3.18e-08	3.23e-05	3.55e-03	6.32e-02	9.33e-01	0.00e+00	0.00e+00	6.05e-17	3.11e-17	1.01e-17
 2.78638e+15	1.40e-16	4.86e-12	3.97e-08	3.85e-05	3.98e-03	6.76e-02	9.28e-01	0.00e+00	0.00e+00	8.10e-17	4.17e-17	1.35e-17
 2.87310e+15	1.89e-16	6.36e-12	5.00e-08	4.62e-05	4.49e-03	7.23e-02	9.23e-01	0.00e+00	0.00e+00	1.10e-16	5.64e-17	1.82e-17
 2.98058e+15	2.72e-16	8.77e-12	6.60e-08	5.74e-05	5.18e-03	7.85e-02	9.16e-01	0.00e+00	0.00e+00	1.57e-16	8.10e-17	2.61e-17
 3.09033e+15	3.88e-16	1.20e-11	8.67e-08	7.11e-05	5.96e-03	8.50e-02	9.09e-01	0.00e+00	0.00e+00	2.24e-16	1.16e-16	3.73e-17
 3.18726e+15	5.26e-16	1.58e-11	1.10e-07	8.53e-05	6.72e-03	9.10e-02	9.02e-01	0.00e+00	0.00e+00	3.04e-16	1.57e-16	5.05e-17
 3.26853e+15	6.74e-16	1.97e-11	1.33e-07	9.90e-05	7.40e-03	9.62e-02	8.96e-01	0.00e+00	0.00e+00	3.90e-16	2.01e-16	6.48e-17
 3.33904e+15	8.32e-16	2.38e-11	1.56e-07	1.12e-04	8.03e-03	1.01e-01	8.91e-01	0.00e+00	0.00e+00	4.82e-16	2.48e-16	8.00e-17
 3.41928e+15	1.05e-15	2.93e-11	1.87e-07	1.29e-04	8.80e-03	1.06e-01	8.85e-01	0.00e+00	0.00e+00	6.10e-16	3.14e-16	1.01e-16
 3.52360e+15	1.43e-15	3.85e-11	2.35e-07	1.54e-04	9.88e-03	1.13e-01	8.77e-01	0.00e+00	0.00e+00	8.29e-16	4.28e-16	1.38e-16
 3.63017e+15	1.93e-15	5.02e-11	2.96e-07	1.84e-04	1.11e-02	1.21e-01	8.68e-01	0.00e+00	0.00e+00	1.12e-15	5.77e-16	1.86e-16
 3.71660e+15	2.44e-15	6.19e-11	3.54e-07	2.11e-04	1.21e-02	1.27e-01	8.61e-01	0.00e+00	0.00e+00	1.42e-15	7.31e-16	2.35e-16
 3.80585e+15	3.12e-15	7.68e-11	4.25e-07	2.43e-04	1.32e-02	1.33e-01	8.53e-01	0.00e+00	0.00e+00	1.81e-15	9.33e-16	3.00e-16
 3.92189e+15	4.27e-15	1.01e-10	5.36e-07	2.90e-04	1.49e-02	1.42e-01	8.43e-01	0.00e+00	0.00e+00	2.47e-15	1.28e-15	4.10e-16
 4.04240e+15	5.83e-15	1.33e-10	6.78e-07	3.46e-04	1.66e-02	1.51e-01	8.32e-01	0.00e+00	0.00e+00	3.38e-15	1.75e-15	5.61e-16
 4.14342e+15	7.51e-15	1.66e-10	8.20e-07	4.00e-04	1.82e-02	1.59e-01	8.22e-01	0.00e+00	0.00e+00	4.35e-15	2.25e-15	7.23e-16
 4.24947e+15	9.81e-15	2.10e-10	9.98e-07	4.63e-04	2.00e-02	1.67e-01	8.12e-01	0.00e+00	0.00e+00	5.69e-15	2.94e-15	9.45e-16
 4.38733e+15	1.38e-14	2.83e-10	1.28e-06	5.59e-04	2.26e-02	1.78e-01	7.99e-01	0.00e+00	0.00e+00	8.01e-15	4.15e-15	1.33e-15
 4.53005e+15	1.94e-14	3.80e-10	1.65e-06	6.73e-04	2.54e-02	1.90e-01	7.84e-01	0.00e+00	0.00e+00	1.12e-14	5.82e-15	1.87e-15
 4.64992e+15	2.56e-14	4.84e-10	2.02e-06	7.82e-04	2.79e-02	1.99e-01	7.72e-01	0.00e+00	0.00e+00	1.48e-14	7.68e-15	2.47e-15
 4.77658e+15	3.43e-14	6.23e-10	2.49e-06	9.14e-04	3.08e-02	2.10e-01	7.59e-01	0.00e+00	0.00e+00	1.99e-14	1.03e-14	3.30e-15
 4.94123e+15	4.96e-14	8.57e-10	3.25e-06	1.11e-03	3.48e-02	2.23e-01	7.41e-01	0.00e+00	0.00e+00	2.88e-14	1.49e-14	4.79e-15
 5.11440e+15	7.20e-14	1.18e-09	4.25e-06	1.35e-03	3.94e-02	2.37e-01	7.22e-01	0.00e+00	0.00e+00	4.17e-14	2.16e-14	6.95e-15
 5.26328e+15	9.81e-14	1.54e-09	5.32e-06	1.59e-03	4.36e-02	2.49e-01	7.06e-01	0.00e+00	0.00e+00	5.69e-14	2.95e-14	9.48e-15
 5.42145e+15	1.36e-13	2.04e-09	6.71e-06	1.88e-03	4.83e-02	2.62e-01	6.88e-01	0.00e+00	0.00e+00	7.90e-14	4.10e-14	1.32e-14
 5.62108e+15	2.05e-13	2.88e-09	8.91e-06	2.31e-03	5.48e-02	2.78e-01	6.65e-01	0.00e+00	0.00e+00	1.19e-13	6.17e-14	1.98e-14
 5.80029e+15	2.89e-13	3.87e-09	1.14e-05	2.75e-03	6.09e-02	2.91e-01	6.45e-01	0.00e+00	0.00e+00	1.68e-13	8.71e-14	2.80e-14
 5.91826e+15	3.61e-13	4.67e-09	1.33e-05	3.07e-03	6.52e-02	3.00e-01	6.31e-01	0.00e+00	0.00e+00	2.10e-13	1.09e-13	3.50e-14
 6.03096e+15	4.49e-13	5.60e-09	1.54e-05	3.41e-03	6.95e-02	3.09e-01	6.18e-01	0.00e+00	0.00e+00	2.60e-13	1.35e-13	4.35e-14
 6.17748e+15	5.92e-13	7.05e-09	1.85e-05	3.89e-03	7.52e-02	3.19e-01	6.01e-01	0.00e+00	0.00e+00	3.44e-13	1.78e-13	5.74e-14
 6.36794e+15	8.43e-13	9.46e-09	2.35e-05	4.60e-03	8.32e-02	3.33e-01	5.79e-01	0.00e+00	0.00e+00	4.89e-13	2.54e-13	8.18e-14
 6.55936e+15	1.17e-12	1.25e-08	2.95e-05	5.40e-03	9.15e-02	3.46e-01	5.57e-01	0.00e+00	0.00e+00	6.82e-13	3.54e-13	1.14e-13
 6.70924e+15	1.51e-12	1.55e-08	3.51e-05	6.09e-03	9.82e-02	3.55e-01	5.40e-01	0.00e+00	0.00e+00	8.78e-13	4.56e-13	1.47e-13
 6.86134e+15	1.96e-12	1.92e-08	4.17e-05	6.87e-03	1.05e-01	3.65e-01	5.23e-01	0.00e+00	0.00e+00	1.14e-12	5.93e-13	1.91e-13
 7.05908e+15	2.73e-12	2.52e-08	5.19e-05	7.99e-03	1.15e-01	3.76e-01	5.01e-01	0.00e+00	0.00e+00	1.59e-12	8.25e-13	2.65e-13
 7.26666e+15	3.79e-12	3.31e-08	6.47e-05	9.30e-03	1.26e-01	3.87e-01	4.78e-01	0.00e+00	0.00e+00	2.20e-12	1.14e-12	3.68e-13
 7.44334e+15	4.96e-12	4.14e-08	7.76e-05	1.05e-02	1.35e-01	3.96e-01	4.59e-01	0.00e+00	0.00e+00	2.88e-12	1.50e-12	4.82e-13
 7.62932e+15	6.60e-12	5.23e-08	9.36e-05	1.19e-02	1.45e-01	4.04e-01	4.39e-01	0.00e+00	0.00e+00	3.83e-12	1.99e-12	6.41e-13
 7.87110e+15	9.50e-12	7.05e-08	1.19e-04	1.40e-02	1.58e-01	4.14e-01	4.13e-01	0.00e+00	0.00e+00	5.52e-12	2.87e-12	9.24e-13
 8.11761e+15	1.33e-11	9.35e-08	1.49e-04	1.63e-02	1.72e-01	4.22e-01	3.89e-01	0.00e+00	0.00e+00	7.73e-12	4.02e-12	1.29e-12
 8.31998e+15	1.75e-11	1.17e-07	1.79e-04	1.85e-02	1.84e-01	4.28e-01	3.69e-01	0.00e+00	0.00e+00	1.02e-11	5.29e-12	1.70e-12
 8.53277e+15	2.34e-11	1.49e-07	2.16e-04	2.09e-02	1.97e-01	4.33e-01	3.49e-01	0.00e+00	0.00e+00	1.36e-11	7.09e-12	2.28e-12
 8.80940e+15	3.37e-11	2.01e-07	2.74e-04	2.44e-02	2.14e-01	4.38e-01	3.23e-01	0.00e+00	0.00e+00	1.96e-11	1.02e-11	3.28e-12
 9.09068e+15	4.73e-11	2.66e-07	3.44e-04	2.83e-02	2.31e-01	4.42e-01	2.99e-01	0.00e+00	0.00e+00	2.75e-11	1.43e-11	4.60e-12
 9.32413e+15	6.24e-11	3.34e-07	4.14e-04	3.19e-02	2.45e-01	4.43e-01	2.80e-01	0.00e+00	0.00e+00	3.62e-11	1.89e-11	6.07e-12
 9.57375e+15	8.44e-11	4.28e-07	5.02e-04	3.61e-02	2.60e-01	4.43e-01	2.60e-01	0.00e+00	0.00e+00	4.90e-11	2.55e-11	8.22e-12
 9.82295e+15	1.10e-10	5.34e-07	6.02e-04	4.05e-02	2.75e-01	4.42e-01	2.42e-01	0.00e+00	0.00e+00	6.39e-11	3.33e-11	1.07e-11
 1.00276e+16	1.37e-10	6.42e-07	6.98e-04	4.44e-02	2.88e-01	4.40e-01	2.27e-01	0.00e+00	0.00e+00	7.97e-11	4.16e-11	1.34e-11
 1.02498e+16	1.76e-10	7.86e-07	8.19e-04	4.91e-02	3.01e-01	4.37e-01	2.12e-01	0.00e+00	0.00e+00	1.02e-10	5.33e-11	1.71e-11
 1.04919e+16	2.26e-10	9.68e-07	9.69e-04	5.44e-02	3.16e-01	4.33e-01	1.96e-01	0.00e+00	0.00e+00	1.32e-10	6.86e-11	2.21e-11
 1.07203e+16	2.84e-10	1.17e-06	1.13e-03	5.97e-02	3.29e-01	4.28e-01	1.83e-01	0.00e+00	0.00e+00	1.65e-10	8.61e-11	2.77e-11
 1.09775e+16	3.71e-10	1.45e-06	1.34e-03	6.62e-02	3.44e-01	4.21e-01	1.68e-01	0.00e+00	0.00e+00	2.16e-10	1.13e-10	3.62e-11
 1.12460e+16	4.77e-10	1.79e-06	1.59e-03	7.33e-02	3.58e-01	4.14e-01	1.53e-01	0.00e+00	0.00e+00	2.78e-10	1.45e-10	4.66e-11
 1.14897e+16	6.01e-10	2.17e-06	1.85e-03	8.02e-02	3.71e-01	4.06e-01	1.41e-01	0.00e+00	0.00e+00	3.50e-10	1.82e-10	5.87e-11
 1.17671e+16	7.88e-10	2.71e-06	2.20e-03	8.87e-02	3.85e-01	3.96e-01	1.28e-01	0.00e+00	0.00e+00	4.58e-10	2.39e-10	7.69e-11
 1.20559e+16	1.02e-09	3.35e-06	2.61e-03	9.79e-02	3.99e-01	3.85e-01	1.16e-01	0.00e+00	0.00e+00	5.93e-10	3.09e-10	9.95e-11
 1.23125e+16	1.28e-09	4.04e-06	3.04e-03	1.07e-01	4.11e-01	3.74e-01	1.05e-01	0.00e+00	0.00e+00	7.43e-10	3.88e-10	1.25e-10
 1.25991e+16	1.65e-09	5.00e-06	3.59e-03	1.17e-01	4.23e-01	3.62e-01	9.47e-02	0.00e+00	0.00e+00	9.62e-10	5.02e-10	1.62e-10
 1.29061e+16	2.16e-09	6.22e-06	4.28e-03	1.29e-01	4.35e-01	3.48e-01	8.43e-02	0.00e+00	0.00e+00	1.26e-09	6.55e-10	2.11e-10
 1.31837e+16	2.72e-09	7.53e-06	4.99e-03	1.40e-01	4.45e-01	3.35e-01	7.59e-02	0.00e+00	0.00e+00	1.58e-09	8.25e-10	2.65e-10
 1.34888e+16	3.53e-09	9.35e-06	5.92e-03	1.53e-01	4.54e-01	3.20e-01	6.72e-02	0.00e+00	0.00e+00	2.05e-09	1.07e-09	3.45e-10
 1.38140e+16	4.65e-09	1.17e-05	7.08e-03	1.67e-01	4.63e-01	3.03e-01	5.89e-02	0.00e+00	0.00e+00	2.71e-09	1.41e-09	4.55e-10
 1.40966e+16	5.82e-09	1.41e-05	8.23e-03	1.81e-01	4.69e-01	2.89e-01	5.25e-02	0.00e+00	0.00e+00	3.38e-09	1.77e-09	5.69e-10
 1.43952e+16	7.48e-09	1.74e-05	9.70e-03	1.96e-01	4.75e-01	2.74e-01	4.62e-02	0.00e+00	0.00e+00	4.35e-09	2.27e-09	7.33e-10
 1.47194e+16	9.91e-09	2.18e-05	1.16e-02	2.13e-01	4.79e-01	2.57e-01	4.00e-02	0.00e+00	0.00e+00	5.77e-09	3.01e-09	9.71e-10
 1.50073e+16	1.25e-08	2.64e-05	1.35e-02	2.28e-01	4.81e-01	2.42e-01	3.52e-02	0.00e+00	0.00e+00	7.25e-09	3.79e-09	1.22e-09
 1.52544e+16	1.53e-08	3.12e-05	1.54e-02	2.42e-01	4.81e-01	2.30e-01	3.14e-02	0.00e+00	0.00e+00	8.88e-09	4.64e-09	1.50e-09
 1.55180e+16	1.91e-08	3.76e-05	1.78e-02	2.58e-01	4.81e-01	2.16e-01	2.77e-02	0.00e+00	0.00e+00	1.11e-08	5.81e-09	1.88e-09
 1.58015e+16	2.47e-08	4.63e-05	2.09e-02	2.75e-01	4.79e-01	2.01e-01	2.40e-02	0.00e+00	0.00e+00	1.44e-08	7.52e-09	2.43e-09
 1.60460e+16	3.04e-08	5.49e-05	2.39e-02	2.91e-01	4.75e-01	1.89e-01	2.12e-02	0.00e+00	0.00e+00	1.77e-08	9.27e-09	2.99e-09
 1.62566e+16	3.68e-08	6.41e-05	2.69e-02	3.05e-01	4.71e-01	1.78e-01	1.90e-02	0.00e+00	0.00e+00	2.14e-08	1.12e-08	3.62e-09
 1.64880e+16	4.54e-08	7.61e-05	3.08e-02	3.20e-01	4.66e-01	1.66e-01	1.68e-02	0.00e+00	0.00e+00	2.64e-08	1.38e-08	4.46e-09
 1.67380e+16	5.90e-08	9.35e-05	3.59e-02	3.38e-01	4.58e-01	1.54e-01	1.44e-02	0.00e+00	0.00e+00	3.44e-08	1.80e-08	5.81e-09
 1.69506e+16	7.20e-08	1.10e-04	4.07e-02	3.53e-01	4.51e-01	1.43e-01	1.28e-02	0.00e+00	0.00e+00	4.19e-08	2.19e-08	7.09e-09
