#depth	N	N+	N+2	N+3	N+4	N+5	N+6	N+7
 1.49634e+10	0.00e+00	0.00e+00	3.22e-32	1.18e-22	1.33e-13	6.63e-04	4.04e-01	5.95e-01
 4.54887e+10	0.00e+00	3.35e-42	4.65e-32	1.58e-22	1.64e-13	7.56e-04	4.23e-01	5.76e-01
 7.72350e+10	0.00e+00	0.00e+00	6.71e-32	2.11e-22	2.02e-13	8.62e-04	4.43e-01	5.56e-01
 1.10251e+11	0.00e+00	8.16e-42	9.66e-32	2.80e-22	2.48e-13	9.80e-04	4.62e-01	5.37e-01
 1.42091e+11	0.00e+00	0.00e+00	1.35e-31	3.65e-22	3.01e-13	1.10e-03	4.80e-01	5.19e-01
 1.71890e+11	0.00e+00	1.78e-41	1.84e-31	4.64e-22	3.57e-13	1.23e-03	4.97e-01	5.02e-01
 2.05379e+11	0.00e+00	0.00e+00	2.55e-31	6.00e-22	4.30e-13	1.38e-03	5.14e-01	4.84e-01
 2.43521e+11	0.00e+00	4.13e-41	3.66e-31	7.95e-22	5.27e-13	1.56e-03	5.34e-01	4.64e-01
 2.78596e+11	0.00e+00	0.00e+00	5.03e-31	1.02e-21	6.30e-13	1.74e-03	5.51e-01	4.47e-01
 3.08679e+11	0.00e+00	8.39e-41	6.54e-31	1.25e-21	7.30e-13	1.90e-03	5.65e-01	4.33e-01
 3.41921e+11	0.00e+00	0.00e+00	8.67e-31	1.56e-21	8.54e-13	2.09e-03	5.80e-01	4.18e-01
 3.82889e+11	0.00e+00	1.78e-40	1.21e-30	2.02e-21	1.03e-12	2.33e-03	5.98e-01	4.00e-01
 4.24611e+11	0.00e+00	0.00e+00	1.68e-30	2.61e-21	1.23e-12	2.60e-03	6.15e-01	3.82e-01
 4.61884e+11	0.00e+00	3.75e-40	2.23e-30	3.24e-21	1.44e-12	2.85e-03	6.30e-01	3.67e-01
 5.02656e+11	0.00e+00	0.00e+00	3.00e-30	4.08e-21	1.70e-12	3.14e-03	6.45e-01	3.52e-01
 5.51179e+11	0.00e+00	8.18e-40	4.21e-30	5.32e-21	2.05e-12	3.51e-03	6.62e-01	3.34e-01
 5.99133e+11	0.00e+00	0.00e+00	5.82e-30	6.83e-21	2.44e-12	3.90e-03	6.78e-01	3.18e-01
 6.42793e+11	0.00e+00	1.72e-39	7.73e-30	8.50e-21	2.85e-12	4.27e-03	6.91e-01	3.04e-01
 6.91516e+11	0.00e+00	0.00e+00	1.05e-29	1.08e-20	3.37e-12	4.70e-03	7.05e-01	2.90e-01
 7.48399e+11	0.00e+00	3.81e-39	1.48e-29	1.40e-20	4.05e-12	5.23e-03	7.21e-01	2.74e-01
 8.04451e+11	0.00e+00	0.00e+00	2.04e-29	1.80e-20	4.83e-12	5.78e-03	7.35e-01	2.59e-01
 8.57355e+11	0.00e+00	8.14e-39	2.74e-29	2.25e-20	5.66e-12	6.33e-03	7.47e-01	2.46e-01
 9.16187e+11	0.00e+00	0.00e+00	3.75e-29	2.87e-20	6.70e-12	6.97e-03	7.60e-01	2.33e-01
 9.82761e+11	0.00e+00	1.83e-38	5.28e-29	3.73e-20	8.04e-12	7.73e-03	7.73e-01	2.19e-01
 1.04588e+12	0.00e+00	0.00e+00	7.21e-29	4.74e-20	9.50e-12	8.49e-03	7.85e-01	2.07e-01
 1.10325e+12	0.00e+00	3.76e-38	9.48e-29	5.84e-20	1.10e-11	9.21e-03	7.94e-01	1.96e-01
 1.16808e+12	0.00e+00	0.00e+00	1.28e-28	7.34e-20	1.29e-11	1.01e-02	8.05e-01	1.85e-01
 1.24379e+12	0.00e+00	8.23e-38	1.79e-28	9.49e-20	1.54e-11	1.11e-02	8.15e-01	1.74e-01
 1.31901e+12	0.00e+00	0.00e+00	2.46e-28	1.21e-19	1.82e-11	1.22e-02	8.25e-01	1.63e-01
 1.38266e+12	0.00e+00	1.69e-37	3.19e-28	1.48e-19	2.09e-11	1.31e-02	8.32e-01	1.55e-01
 1.43680e+12	0.00e+00	0.00e+00	3.96e-28	1.74e-19	2.34e-11	1.40e-02	8.38e-01	1.48e-01
 1.49806e+12	0.00e+00	2.96e-37	5.03e-28	2.09e-19	2.65e-11	1.49e-02	8.44e-01	1.41e-01
 1.57770e+12	0.00e+00	0.00e+00	6.79e-28	2.63e-19	3.09e-11	1.63e-02	8.52e-01	1.32e-01
 1.66203e+12	0.00e+00	6.29e-37	9.23e-28	3.32e-19	3.63e-11	1.77e-02	8.59e-01	1.24e-01
 1.73567e+12	0.00e+00	0.00e+00	1.20e-27	4.04e-19	4.15e-11	1.90e-02	8.64e-01	1.17e-01
 1.81462e+12	0.00e+00	1.21e-36	1.57e-27	4.96e-19	4.77e-11	2.05e-02	8.69e-01	1.10e-01
 1.91139e+12	1.82e-46	1.80e-36	2.16e-27	6.32e-19	5.63e-11	2.24e-02	8.75e-01	1.03e-01
 2.00997e+12	0.00e+00	0.00e+00	2.95e-27	8.02e-19	6.61e-11	2.44e-02	8.80e-01	9.59e-02
 2.09973e+12	0.00e+00	3.75e-36	3.89e-27	9.89e-19	7.62e-11	2.63e-02	8.84e-01	9.01e-02
 2.19941e+12	6.82e-46	5.43e-36	5.24e-27	1.24e-18	8.88e-11	2.84e-02	8.87e-01	8.42e-02
 2.31582e+12	0.00e+00	0.00e+00	7.34e-27	1.60e-18	1.05e-10	3.11e-02	8.91e-01	7.79e-02
 2.43221e+12	0.00e+00	1.24e-35	1.02e-26	2.04e-18	1.24e-10	3.39e-02	8.94e-01	7.22e-02
 2.53430e+12	2.76e-45	1.75e-35	1.34e-26	2.52e-18	1.43e-10	3.64e-02	8.96e-01	6.76e-02
 2.62482e+12	0.00e+00	0.00e+00	1.70e-26	3.02e-18	1.62e-10	3.88e-02	8.97e-01	6.39e-02
 2.72771e+12	0.00e+00	3.28e-35	2.23e-26	3.70e-18	1.85e-10	4.15e-02	8.99e-01	5.99e-02
 2.85655e+12	9.50e-45	4.90e-35	3.07e-26	4.72e-18	2.18e-10	4.51e-02	8.99e-01	5.54e-02
 2.98684e+12	0.00e+00	0.00e+00	4.23e-26	6.00e-18	2.56e-10	4.90e-02	9.00e-01	5.12e-02
 3.09814e+12	0.00e+00	1.01e-34	5.52e-26	7.33e-18	2.93e-10	5.24e-02	9.00e-01	4.80e-02
 3.21704e+12	3.44e-44	1.43e-34	7.28e-26	9.03e-18	3.37e-10	5.62e-02	8.99e-01	4.48e-02
 3.36489e+12	0.00e+00	2.18e-34	1.02e-25	1.16e-17	3.98e-10	6.11e-02	8.98e-01	4.12e-02
 3.51410e+12	9.30e-44	3.29e-34	1.42e-25	1.49e-17	4.70e-10	6.63e-02	8.96e-01	3.78e-02
 3.64303e+12	0.00e+00	4.65e-34	1.87e-25	1.84e-17	5.41e-10	7.10e-02	8.94e-01	3.52e-02
 3.78186e+12	2.19e-43	6.71e-34	2.51e-25	2.30e-17	6.26e-10	7.63e-02	8.91e-01	3.26e-02
 3.93688e+12	0.00e+00	1.00e-33	3.46e-25	2.93e-17	7.35e-10	8.25e-02	8.87e-01	3.00e-02
 4.08208e+12	5.48e-43	1.44e-33	4.64e-25	3.65e-17	8.51e-10	8.86e-02	8.84e-01	2.78e-02
 4.23998e+12	0.00e+00	2.12e-33	6.34e-25	4.62e-17	9.93e-10	9.55e-02	8.79e-01	2.55e-02
 4.41400e+12	1.44e-42	3.21e-33	8.86e-25	5.95e-17	1.17e-09	1.03e-01	8.73e-01	2.33e-02
 4.57434e+12	0.00e+00	4.66e-33	1.20e-24	7.46e-17	1.36e-09	1.11e-01	8.68e-01	2.15e-02
 4.74811e+12	3.60e-42	6.90e-33	1.64e-24	9.47e-17	1.59e-09	1.20e-01	8.61e-01	1.97e-02
 4.94233e+12	0.00e+00	1.05e-32	2.31e-24	1.23e-16	1.89e-09	1.30e-01	8.53e-01	1.78e-02
 5.12571e+12	9.55e-42	1.55e-32	3.15e-24	1.55e-16	2.21e-09	1.39e-01	8.44e-01	1.63e-02
 5.31718e+12	0.00e+00	2.30e-32	4.32e-24	1.97e-16	2.59e-09	1.50e-01	8.35e-01	1.49e-02
 5.54185e+12	2.59e-41	3.57e-32	6.17e-24	2.59e-16	3.09e-09	1.62e-01	8.24e-01	1.34e-02
 5.74723e+12	0.00e+00	5.25e-32	8.43e-24	3.28e-16	3.60e-09	1.74e-01	8.14e-01	1.22e-02
 5.90247e+12	5.78e-41	6.96e-32	1.06e-23	3.89e-16	4.04e-09	1.83e-01	8.05e-01	1.13e-02
 6.06445e+12	0.00e+00	9.25e-32	1.33e-23	4.64e-16	4.53e-09	1.93e-01	7.97e-01	1.05e-02
 6.27501e+12	1.25e-40	1.32e-31	1.78e-23	5.77e-16	5.22e-09	2.06e-01	7.85e-01	9.61e-03
 6.50603e+12	0.00e+00	1.93e-31	2.41e-23	7.27e-16	6.07e-09	2.20e-01	7.72e-01	8.71e-03
 6.71100e+12	2.89e-40	2.65e-31	3.12e-23	8.85e-16	6.90e-09	2.32e-01	7.60e-01	7.99e-03
 6.89588e+12	0.00e+00	3.51e-31	3.91e-23	1.05e-15	7.71e-09	2.44e-01	7.49e-01	7.41e-03
 7.10727e+12	5.83e-40	4.77e-31	5.02e-23	1.27e-15	8.71e-09	2.57e-01	7.37e-01	6.81e-03
 7.38207e+12	0.00e+00	7.00e-31	6.84e-23	1.60e-15	1.01e-08	2.74e-01	7.20e-01	6.12e-03
 7.66273e+12	1.45e-39	1.02e-30	9.25e-23	2.01e-15	1.18e-08	2.91e-01	7.04e-01	5.50e-03
 7.89197e+12	0.00e+00	1.36e-30	1.17e-22	2.41e-15	1.32e-08	3.05e-01	6.90e-01	5.05e-03
 8.13094e+12	2.92e-39	1.83e-30	1.48e-22	2.88e-15	1.48e-08	3.19e-01	6.76e-01	4.63e-03
 8.44161e+12	0.00e+00	2.63e-30	1.99e-22	3.59e-15	1.71e-08	3.38e-01	6.58e-01	4.14e-03
 8.76620e+12	7.03e-39	3.80e-30	2.68e-22	4.48e-15	1.96e-08	3.57e-01	6.39e-01	3.70e-03
 9.04220e+12	0.00e+00	5.11e-30	3.40e-22	5.37e-15	2.20e-08	3.74e-01	6.23e-01	3.37e-03
 9.33433e+12	1.45e-38	6.92e-30	4.33e-22	6.44e-15	2.47e-08	3.90e-01	6.07e-01	3.06e-03
 9.70440e+12	0.00e+00	9.99e-30	5.82e-22	8.04e-15	2.84e-08	4.11e-01	5.86e-01	2.71e-03
 1.00851e+13	3.47e-38	1.43e-29	7.78e-22	9.98e-15	3.25e-08	4.32e-01	5.66e-01	2.41e-03
 1.04150e+13	0.00e+00	1.93e-29	9.89e-22	1.19e-14	3.64e-08	4.50e-01	5.48e-01	2.17e-03
 1.07694e+13	7.22e-38	2.63e-29	1.27e-21	1.43e-14	4.08e-08	4.68e-01	5.30e-01	1.95e-03
 1.12041e+13	0.00e+00	3.78e-29	1.69e-21	1.78e-14	4.67e-08	4.90e-01	5.09e-01	1.72e-03
 1.16462e+13	1.71e-37	5.38e-29	2.24e-21	2.19e-14	5.31e-08	5.11e-01	4.88e-01	1.52e-03
 1.20457e+13	0.00e+00	7.29e-29	2.86e-21	2.63e-14	5.93e-08	5.29e-01	4.69e-01	1.36e-03
 1.24066e+13	3.40e-37	9.49e-29	3.53e-21	3.07e-14	6.51e-08	5.45e-01	4.53e-01	1.23e-03
 1.27958e+13	0.00e+00	1.25e-28	4.40e-21	3.61e-14	7.19e-08	5.62e-01	4.37e-01	1.11e-03
 1.32043e+13	6.65e-37	1.66e-28	5.50e-21	4.25e-14	7.94e-08	5.79e-01	4.20e-01	9.94e-04
 1.35539e+13	0.00e+00	2.09e-28	6.61e-21	4.87e-14	8.62e-08	5.93e-01	4.06e-01	9.08e-04
 1.39243e+13	1.17e-36	2.65e-28	7.98e-21	5.59e-14	9.37e-08	6.07e-01	3.92e-01	8.27e-04
 1.44059e+13	0.00e+00	3.56e-28	1.01e-20	6.66e-14	1.04e-07	6.25e-01	3.74e-01	7.33e-04
 1.49023e+13	2.41e-36	4.80e-28	1.28e-20	7.93e-14	1.15e-07	6.42e-01	3.57e-01	6.49e-04
 1.53130e+13	0.00e+00	6.08e-28	1.55e-20	9.09e-14	1.25e-07	6.56e-01	3.43e-01	5.88e-04
 1.57422e+13	4.27e-36	7.71e-28	1.87e-20	1.04e-13	1.36e-07	6.70e-01	3.30e-01	5.32e-04
 1.63001e+13	0.00e+00	1.04e-27	2.37e-20	1.24e-13	1.51e-07	6.86e-01	3.13e-01	4.68e-04
 1.68887e+13	8.87e-36	1.41e-27	3.02e-20	1.48e-13	1.67e-07	7.03e-01	2.96e-01	4.09e-04
 1.73988e+13	0.00e+00	1.82e-27	3.68e-20	1.72e-13	1.82e-07	7.17e-01	2.83e-01	3.67e-04
 1.79438e+13	1.65e-35	2.36e-27	4.54e-20	2.00e-13	1.99e-07	7.30e-01	2.69e-01	3.26e-04
 1.86319e+13	0.00e+00	3.24e-27	5.84e-20	2.40e-13	2.21e-07	7.47e-01	2.53e-01	2.82e-04
 1.93440e+13	3.56e-35	4.45e-27	7.50e-20	2.88e-13	2.46e-07	7.62e-01	2.38e-01	2.43e-04
 1.99749e+13	0.00e+00	5.81e-27	9.27e-20	3.37e-13	2.69e-07	7.75e-01	2.25e-01	2.14e-04
 2.06623e+13	6.91e-35	7.70e-27	1.16e-19	3.96e-13	2.95e-07	7.88e-01	2.12e-01	1.87e-04
 2.14868e+13	0.00e+00	1.06e-26	1.50e-19	4.78e-13	3.29e-07	8.02e-01	1.98e-01	1.60e-04
 2.22848e+13	1.46e-34	1.43e-26	1.90e-19	5.69e-13	3.63e-07	8.15e-01	1.85e-01	1.38e-04
 2.29735e+13	1.98e-34	1.84e-26	2.32e-19	6.57e-13	3.94e-07	8.25e-01	1.75e-01	1.22e-04
 2.37248e+13	2.71e-34	2.39e-26	2.85e-19	7.64e-13	4.30e-07	8.35e-01	1.65e-01	1.07e-04
 2.44950e+13	3.70e-34	3.09e-26	3.50e-19	8.89e-13	4.68e-07	8.45e-01	1.55e-01	9.33e-05
 2.51247e+13	4.74e-34	3.79e-26	4.12e-19	1.00e-12	5.01e-07	8.53e-01	1.47e-01	8.39e-05
 2.57783e+13	6.07e-34	4.66e-26	4.85e-19	1.13e-12	5.36e-07	8.60e-01	1.40e-01	7.54e-05
 2.66279e+13	8.30e-34	6.03e-26	5.95e-19	1.31e-12	5.83e-07	8.68e-01	1.32e-01	6.58e-05
 2.75153e+13	1.14e-33	7.83e-26	7.33e-19	1.52e-12	6.35e-07	8.77e-01	1.23e-01	5.72e-05
 2.82673e+13	1.47e-33	9.68e-26	8.68e-19	1.72e-12	6.81e-07	8.83e-01	1.17e-01	5.10e-05
 2.90605e+13	1.91e-33	1.20e-25	1.03e-18	1.96e-12	7.30e-07	8.89e-01	1.11e-01	4.54e-05
 3.00916e+13	2.66e-33	1.58e-25	1.28e-18	2.29e-12	7.98e-07	8.97e-01	1.03e-01	3.91e-05
 3.11653e+13	3.70e-33	2.08e-25	1.59e-18	2.69e-12	8.72e-07	9.04e-01	9.59e-02	3.36e-05
 3.20745e+13	4.84e-33	2.60e-25	1.90e-18	3.05e-12	9.36e-07	9.09e-01	9.05e-02	2.97e-05
 3.30364e+13	6.40e-33	3.27e-25	2.28e-18	3.48e-12	1.01e-06	9.15e-01	8.52e-02	2.62e-05
 3.42667e+13	9.02e-33	4.34e-25	2.85e-18	4.09e-12	1.10e-06	9.21e-01	7.91e-02	2.25e-05
 3.55596e+13	1.27e-32	5.78e-25	3.57e-18	4.82e-12	1.20e-06	9.27e-01	7.33e-02	1.92e-05
 3.67080e+13	1.72e-32	7.38e-25	4.33e-18	5.53e-12	1.30e-06	9.31e-01	6.87e-02	1.68e-05
 3.79548e+13	2.35e-32	9.56e-25	5.30e-18	6.39e-12	1.40e-06	9.36e-01	6.42e-02	1.46e-05
 3.94477e+13	3.38e-32	1.29e-24	6.70e-18	7.54e-12	1.54e-06	9.41e-01	5.93e-02	1.24e-05
 4.09807e+13	4.83e-32	1.72e-24	8.42e-18	8.88e-12	1.68e-06	9.45e-01	5.49e-02	1.05e-05
 4.22752e+13	6.48e-32	2.19e-24	1.02e-17	1.01e-11	1.80e-06	9.48e-01	5.15e-02	9.27e-06
 4.33478e+13	8.22e-32	2.66e-24	1.18e-17	1.13e-11	1.91e-06	9.51e-01	4.90e-02	8.36e-06
 4.45503e+13	1.07e-31	3.29e-24	1.39e-17	1.26e-11	2.03e-06	9.54e-01	4.63e-02	7.46e-06
 4.61136e+13	1.48e-31	4.30e-24	1.71e-17	1.46e-11	2.19e-06	9.57e-01	4.32e-02	6.47e-06
 4.77881e+13	2.08e-31	5.66e-24	2.12e-17	1.69e-11	2.37e-06	9.60e-01	4.02e-02	5.59e-06
 4.92130e+13	2.75e-31	7.11e-24	2.52e-17	1.91e-11	2.52e-06	9.62e-01	3.79e-02	4.96e-06
 5.06716e+13	3.65e-31	8.93e-24	3.00e-17	2.16e-11	2.69e-06	9.64e-01	3.58e-02	4.40e-06
 5.25408e+13	5.17e-31	1.18e-23	3.73e-17	2.50e-11	2.91e-06	9.67e-01	3.33e-02	3.80e-06
 5.44734e+13	7.31e-31	1.57e-23	4.62e-17	2.91e-11	3.14e-06	9.69e-01	3.10e-02	3.28e-06
 5.61317e+13	9.77e-31	1.98e-23	5.53e-17	3.28e-11	3.35e-06	9.71e-01	2.92e-02	2.91e-06
 5.79042e+13	1.32e-30	2.53e-23	6.65e-17	3.73e-11	3.57e-06	9.73e-01	2.74e-02	2.57e-06
 6.00991e+13	1.89e-30	3.38e-23	8.30e-17	4.34e-11	3.86e-06	9.75e-01	2.55e-02	2.21e-06
 6.23610e+13	2.71e-30	4.52e-23	1.03e-16	5.04e-11	4.17e-06	9.76e-01	2.37e-02	1.90e-06
 6.44021e+13	3.71e-30	5.82e-23	1.25e-16	5.74e-11	4.46e-06	9.78e-01	2.22e-02	1.67e-06
 6.66383e+13	5.18e-30	7.61e-23	1.54e-16	6.59e-11	4.79e-06	9.79e-01	2.08e-02	1.46e-06
 6.92753e+13	7.56e-30	1.03e-22	1.94e-16	7.71e-11	5.19e-06	9.81e-01	1.92e-02	1.25e-06
 7.18721e+13	1.08e-29	1.38e-22	2.41e-16	8.95e-11	5.60e-06	9.82e-01	1.79e-02	1.08e-06
 7.41332e+13	1.47e-29	1.76e-22	2.90e-16	1.01e-10	5.97e-06	9.83e-01	1.68e-02	9.52e-07
 7.65189e+13	2.00e-29	2.26e-22	3.50e-16	1.15e-10	6.37e-06	9.84e-01	1.58e-02	0.00e+00
 7.94397e+13	2.88e-29	3.02e-22	4.38e-16	1.34e-10	6.89e-06	9.85e-01	1.46e-02	0.00e+00
 8.23587e+13	4.10e-29	4.02e-22	5.43e-16	1.55e-10	7.42e-06	9.86e-01	1.36e-02	0.00e+00
 8.47876e+13	5.45e-29	5.05e-22	6.45e-16	1.74e-10	7.87e-06	9.87e-01	1.29e-02	0.00e+00
 8.68567e+13	6.89e-29	6.10e-22	7.45e-16	1.92e-10	8.27e-06	9.88e-01	1.22e-02	0.00e+00
 8.91269e+13	8.86e-29	7.47e-22	8.69e-16	2.13e-10	8.72e-06	9.88e-01	1.16e-02	0.00e+00
 9.20783e+13	1.22e-28	9.65e-22	1.05e-15	2.43e-10	9.33e-06	9.89e-01	1.09e-02	0.00e+00
 9.51281e+13	1.67e-28	1.25e-21	1.28e-15	2.77e-10	9.98e-06	9.90e-01	1.02e-02	0.00e+00
 9.76682e+13	2.16e-28	1.53e-21	1.50e-15	3.08e-10	1.05e-05	9.90e-01	9.68e-03	0.00e+00
 1.00332e+14	2.81e-28	1.89e-21	1.76e-15	3.44e-10	1.11e-05	9.91e-01	9.16e-03	0.00e+00
 1.03796e+14	3.91e-28	2.47e-21	2.15e-15	3.95e-10	1.20e-05	9.91e-01	8.55e-03	0.00e+00
 1.07390e+14	5.44e-28	3.22e-21	2.64e-15	4.53e-10	1.28e-05	9.92e-01	7.98e-03	0.00e+00
 1.10417e+14	7.13e-28	4.01e-21	3.11e-15	5.07e-10	1.36e-05	9.92e-01	7.55e-03	0.00e+00
 1.13614e+14	9.41e-28	5.01e-21	3.68e-15	5.69e-10	1.44e-05	9.93e-01	7.12e-03	0.00e+00
 1.17744e+14	1.33e-27	6.62e-21	4.56e-15	6.57e-10	1.55e-05	9.93e-01	6.62e-03	0.00e+00
 1.22045e+14	1.88e-27	8.76e-21	5.64e-15	7.60e-10	1.67e-05	9.94e-01	6.15e-03	0.00e+00
 1.25731e+14	2.52e-27	1.11e-20	6.73e-15	8.57e-10	1.78e-05	9.94e-01	5.79e-03	0.00e+00
 1.29661e+14	3.39e-27	1.41e-20	8.08e-15	9.71e-10	1.90e-05	9.95e-01	5.44e-03	0.00e+00
 1.34535e+14	4.84e-27	1.88e-20	1.01e-14	1.13e-09	2.05e-05	9.95e-01	5.04e-03	0.00e+00
 1.39512e+14	6.87e-27	2.49e-20	1.25e-14	1.31e-09	2.21e-05	9.95e-01	4.68e-03	0.00e+00
 1.43924e+14	9.30e-27	3.18e-20	1.50e-14	1.48e-09	2.35e-05	9.96e-01	4.39e-03	0.00e+00
 1.48723e+14	1.28e-26	4.10e-20	1.83e-14	1.69e-09	2.52e-05	9.96e-01	4.10e-03	0.00e+00
 1.54480e+14	1.84e-26	5.52e-20	2.29e-14	1.97e-09	2.73e-05	9.96e-01	3.80e-03	0.00e+00
 1.60194e+14	2.62e-26	7.33e-20	2.84e-14	2.29e-09	2.94e-05	9.96e-01	3.52e-03	0.00e+00
 1.65359e+14	3.56e-26	9.39e-20	3.43e-14	2.60e-09	3.14e-05	9.97e-01	3.30e-03	0.00e+00
 1.71093e+14	4.95e-26	1.23e-19	4.20e-14	2.98e-09	3.37e-05	9.97e-01	3.08e-03	0.00e+00
 1.77836e+14	7.21e-26	1.66e-19	5.28e-14	3.49e-09	3.65e-05	9.97e-01	2.84e-03	0.00e+00
 1.84509e+14	1.03e-25	2.21e-19	6.58e-14	4.05e-09	3.94e-05	9.97e-01	2.64e-03	0.00e+00
 1.90169e+14	1.39e-25	2.81e-19	7.88e-14	4.57e-09	4.19e-05	9.97e-01	2.48e-03	0.00e+00
 1.94766e+14	1.75e-25	3.39e-19	9.08e-14	5.04e-09	4.40e-05	9.98e-01	2.36e-03	0.00e+00
 1.99615e+14	2.22e-25	4.11e-19	1.05e-13	5.56e-09	4.63e-05	9.98e-01	2.25e-03	0.00e+00
 2.05918e+14	3.01e-25	5.24e-19	1.27e-13	6.31e-09	4.94e-05	9.98e-01	2.11e-03	0.00e+00
 2.12502e+14	4.10e-25	6.71e-19	1.53e-13	7.16e-09	5.27e-05	9.98e-01	1.96e-03	0.00e+00
 2.18082e+14	5.29e-25	8.24e-19	1.78e-13	7.94e-09	5.55e-05	9.98e-01	1.86e-03	0.00e+00
 2.23968e+14	6.85e-25	1.02e-18	2.09e-13	8.84e-09	5.86e-05	9.98e-01	1.77e-03	0.00e+00
 2.31620e+14	9.53e-25	1.32e-18	2.55e-13	1.01e-08	6.28e-05	9.98e-01	1.65e-03	0.00e+00
 2.39526e+14	1.32e-24	1.72e-18	3.12e-13	1.16e-08	6.72e-05	9.98e-01	1.54e-03	0.00e+00
 2.46123e+14	1.73e-24	2.14e-18	3.66e-13	1.29e-08	7.10e-05	9.98e-01	1.46e-03	0.00e+00
 2.53059e+14	2.28e-24	2.67e-18	4.33e-13	1.44e-08	7.52e-05	9.99e-01	1.38e-03	0.00e+00
 2.62076e+14	3.22e-24	3.52e-18	5.33e-13	1.66e-08	8.07e-05	9.99e-01	1.28e-03	0.00e+00
 2.71535e+14	4.57e-24	4.66e-18	6.59e-13	1.92e-08	8.67e-05	9.99e-01	1.20e-03	0.00e+00
 2.79668e+14	6.13e-24	5.90e-18	7.87e-13	2.16e-08	9.20e-05	9.99e-01	1.13e-03	0.00e+00
 2.88339e+14	8.29e-24	7.51e-18	9.44e-13	2.44e-08	9.78e-05	9.99e-01	1.06e-03	0.00e+00
 2.99120e+14	1.19e-23	1.01e-17	1.18e-12	2.82e-08	1.05e-04	9.99e-01	9.84e-04	0.00e+00
 3.10232e+14	1.71e-23	1.34e-17	1.46e-12	3.27e-08	1.13e-04	9.99e-01	9.14e-04	0.00e+00
 3.20187e+14	2.35e-23	1.73e-17	1.77e-12	3.71e-08	1.21e-04	9.99e-01	8.58e-04	0.00e+00
 3.31052e+14	3.27e-23	2.25e-17	2.16e-12	4.23e-08	1.29e-04	9.99e-01	8.02e-04	0.00e+00
 3.43951e+14	4.77e-23	3.06e-17	2.71e-12	4.93e-08	1.40e-04	9.99e-01	7.43e-04	0.00e+00
 3.56712e+14	6.86e-23	4.08e-17	3.37e-12	5.71e-08	1.50e-04	9.99e-01	6.91e-04	0.00e+00
 3.68417e+14	9.45e-23	5.28e-17	4.09e-12	6.50e-08	1.60e-04	9.99e-01	6.47e-04	0.00e+00
 3.81536e+14	1.34e-22	6.97e-17	5.04e-12	7.47e-08	1.72e-04	9.99e-01	6.03e-04	0.00e+00
 3.94929e+14	1.88e-22	9.17e-17	6.20e-12	8.58e-08	1.84e-04	9.99e-01	5.63e-04	0.00e+00
 4.05262e+14	2.43e-22	1.13e-16	7.23e-12	9.52e-08	1.94e-04	9.99e-01	5.34e-04	0.00e+00
 4.15277e+14	3.09e-22	1.37e-16	8.37e-12	1.05e-07	2.04e-04	9.99e-01	5.08e-04	0.00e+00
 4.28296e+14	4.20e-22	1.75e-16	1.01e-11	1.19e-07	2.17e-04	9.99e-01	4.77e-04	0.00e+00
 4.41965e+14	5.73e-22	2.24e-16	1.21e-11	1.35e-07	2.31e-04	9.99e-01	4.48e-04	0.00e+00
 4.53639e+14	7.41e-22	2.75e-16	1.42e-11	1.50e-07	2.44e-04	9.99e-01	4.25e-04	0.00e+00
 4.65974e+14	9.64e-22	3.40e-16	1.67e-11	1.67e-07	2.58e-04	9.99e-01	4.02e-04	0.00e+00
 4.82009e+14	1.34e-21	4.45e-16	2.04e-11	1.91e-07	2.76e-04	9.99e-01	3.76e-04	0.00e+00
 4.98539e+14	1.87e-21	5.80e-16	2.49e-11	2.19e-07	2.96e-04	9.99e-01	3.51e-04	0.00e+00
 5.12266e+14	2.44e-21	7.19e-16	2.93e-11	2.44e-07	3.12e-04	9.99e-01	3.32e-04	0.00e+00
 5.26664e+14	3.20e-21	8.94e-16	3.46e-11	2.73e-07	3.31e-04	9.99e-01	3.13e-04	0.00e+00
 5.45383e+14	4.50e-21	1.18e-15	4.26e-11	3.14e-07	3.56e-04	9.99e-01	2.91e-04	0.00e+00
 5.65064e+14	6.35e-21	1.55e-15	5.26e-11	3.63e-07	3.83e-04	9.99e-01	2.71e-04	0.00e+00
 5.82058e+14	8.47e-21	1.96e-15	6.27e-11	4.09e-07	4.07e-04	9.99e-01	2.55e-04	0.00e+00
 6.00214e+14	1.14e-20	2.49e-15	7.53e-11	4.63e-07	4.33e-04	9.99e-01	2.39e-04	0.00e+00
 6.22700e+14	1.63e-20	3.32e-15	9.37e-11	5.37e-07	4.68e-04	9.99e-01	2.21e-04	0.00e+00
 6.45489e+14	2.29e-20	4.38e-15	1.16e-10	6.22e-07	5.05e-04	9.99e-01	2.05e-04	0.00e+00
 6.65418e+14	3.08e-20	5.56e-15	1.39e-10	7.04e-07	5.38e-04	9.99e-01	1.93e-04	0.00e+00
 6.86955e+14	4.17e-20	7.10e-15	1.68e-10	8.01e-07	5.75e-04	9.99e-01	1.80e-04	0.00e+00
 7.13126e+14	5.95e-20	9.48e-15	2.10e-10	9.33e-07	6.23e-04	9.99e-01	1.67e-04	0.00e+00
 7.39139e+14	8.36e-20	1.25e-14	2.59e-10	1.08e-06	6.72e-04	9.99e-01	1.54e-04	0.00e+00
 7.62054e+14	1.12e-19	1.58e-14	3.10e-10	1.22e-06	7.17e-04	9.99e-01	1.45e-04	0.00e+00
 7.87126e+14	1.51e-19	2.03e-14	3.76e-10	1.40e-06	7.68e-04	9.99e-01	1.35e-04	0.00e+00
 8.17339e+14	2.16e-19	2.70e-14	4.70e-10	1.63e-06	8.33e-04	9.99e-01	1.25e-04	0.00e+00
 8.47416e+14	3.03e-19	3.56e-14	5.81e-10	1.89e-06	9.00e-04	9.99e-01	1.15e-04	0.00e+00
 8.72956e+14	4.00e-19	4.47e-14	6.93e-10	2.13e-06	9.59e-04	9.99e-01	1.08e-04	0.00e+00
 8.94171e+14	5.00e-19	5.36e-14	7.98e-10	2.35e-06	1.01e-03	9.99e-01	1.03e-04	0.00e+00
 9.16510e+14	6.30e-19	6.47e-14	9.23e-10	2.60e-06	1.07e-03	9.99e-01	9.75e-05	0.00e+00
 9.45550e+14	8.41e-19	8.19e-14	1.11e-09	2.96e-06	1.14e-03	9.99e-01	9.11e-05	0.00e+00
 9.75426e+14	1.12e-18	1.04e-13	1.33e-09	3.36e-06	1.22e-03	9.99e-01	8.52e-05	0.00e+00
 1.00003e+15	1.41e-18	1.25e-13	1.54e-09	3.72e-06	1.29e-03	9.99e-01	8.07e-05	0.00e+00
 1.02564e+15	1.78e-18	1.52e-13	1.79e-09	4.13e-06	1.36e-03	9.99e-01	7.64e-05	0.00e+00
 1.05894e+15	2.39e-18	1.93e-13	2.16e-09	4.71e-06	1.46e-03	9.98e-01	7.13e-05	0.00e+00
 1.09360e+15	3.21e-18	2.46e-13	2.61e-09	5.37e-06	1.56e-03	9.98e-01	6.65e-05	0.00e+00
 1.12281e+15	4.10e-18	2.99e-13	3.04e-09	5.98e-06	1.66e-03	9.98e-01	6.28e-05	0.00e+00
 1.15356e+15	5.24e-18	3.66e-13	3.56e-09	6.68e-06	1.76e-03	9.98e-01	5.92e-05	0.00e+00
 1.19354e+15	7.16e-18	4.74e-13	4.36e-09	7.68e-06	1.89e-03	9.98e-01	5.49e-05	0.00e+00
 1.23500e+15	9.77e-18	6.12e-13	5.32e-09	8.84e-06	2.04e-03	9.98e-01	5.10e-05	0.00e+00
 1.27005e+15	1.26e-17	7.54e-13	6.27e-09	9.91e-06	2.17e-03	9.98e-01	4.79e-05	0.00e+00
 1.30724e+15	1.64e-17	9.35e-13	7.42e-09	1.12e-05	2.31e-03	9.98e-01	4.50e-05	0.00e+00
 1.35485e+15	2.27e-17	1.22e-12	9.15e-09	1.29e-05	2.50e-03	9.97e-01	4.16e-05	0.00e+00
 1.40465e+15	3.14e-17	1.60e-12	1.13e-08	1.50e-05	2.71e-03	9.97e-01	3.84e-05	0.00e+00
 1.44846e+15	4.14e-17	2.01e-12	1.35e-08	1.70e-05	2.90e-03	9.97e-01	3.59e-05	0.00e+00
 1.49581e+15	5.53e-17	2.55e-12	1.63e-08	1.94e-05	3.11e-03	9.97e-01	3.34e-05	0.00e+00
 1.55304e+15	7.75e-17	3.37e-12	2.03e-08	2.26e-05	3.38e-03	9.97e-01	3.07e-05	0.00e+00
 1.61020e+15	1.07e-16	4.39e-12	2.51e-08	2.62e-05	3.66e-03	9.96e-01	2.84e-05	0.00e+00
 1.66192e+15	1.71e-16	5.56e-12	3.02e-08	2.99e-05	3.93e-03	9.96e-01	2.64e-05	0.00e+00
 1.70601e+15	2.16e-16	6.74e-12	3.52e-08	3.32e-05	4.17e-03	9.96e-01	2.49e-05	0.00e+00
 1.74317e+15	2.61e-16	7.89e-12	3.99e-08	3.63e-05	4.37e-03	9.96e-01	2.38e-05	0.00e+00
 1.78476e+15	3.16e-16	9.38e-12	4.58e-08	4.00e-05	4.61e-03	9.95e-01	2.25e-05	0.00e+00
 1.83884e+15	4.12e-16	1.17e-11	5.45e-08	4.52e-05	4.93e-03	9.95e-01	2.11e-05	0.00e+00
 1.89503e+15	5.36e-16	1.45e-11	6.50e-08	5.12e-05	5.28e-03	9.95e-01	1.97e-05	0.00e+00
 1.94200e+15	6.63e-16	1.74e-11	7.49e-08	5.66e-05	5.57e-03	9.94e-01	1.86e-05	0.00e+00
 1.99109e+15	8.23e-16	2.08e-11	8.66e-08	6.27e-05	5.90e-03	9.94e-01	1.76e-05	0.00e+00
 2.05491e+15	1.08e-15	2.62e-11	1.04e-07	7.15e-05	6.34e-03	9.94e-01	1.64e-05	0.00e+00
 2.12078e+15	1.42e-15	3.29e-11	1.25e-07	8.14e-05	6.82e-03	9.93e-01	1.52e-05	0.00e+00
 2.17535e+15	1.76e-15	3.95e-11	1.45e-07	9.03e-05	7.22e-03	9.93e-01	1.43e-05	0.00e+00
 2.23232e+15	2.20e-15	4.76e-11	1.69e-07	1.01e-04	7.67e-03	9.92e-01	1.35e-05	0.00e+00
 2.30640e+15	2.89e-15	6.01e-11	2.04e-07	1.15e-04	8.28e-03	9.92e-01	1.25e-05	0.00e+00
 2.38393e+15	3.81e-15	7.61e-11	2.48e-07	1.32e-04	8.94e-03	9.91e-01	1.16e-05	0.00e+00
 2.44986e+15	4.77e-15	9.23e-11	2.90e-07	1.48e-04	9.53e-03	9.90e-01	1.09e-05	0.00e+00
 2.51948e+15	6.03e-15	1.13e-10	3.42e-07	1.66e-04	1.02e-02	9.90e-01	1.02e-05	0.00e+00
 2.60998e+15	8.10e-15	1.45e-10	4.20e-07	1.92e-04	1.11e-02	9.89e-01	9.50e-06	0.00e+00
 2.70491e+15	1.08e-14	1.86e-10	5.18e-07	2.22e-04	1.20e-02	9.88e-01	8.81e-06	0.00e+00
 2.78638e+15	1.38e-14	2.29e-10	6.16e-07	2.51e-04	1.29e-02	9.87e-01	8.28e-06	0.00e+00
 2.87310e+15	1.77e-14	2.85e-10	7.37e-07	2.85e-04	1.39e-02	9.86e-01	7.77e-06	0.00e+00
 2.98058e+15	2.37e-14	3.68e-10	9.14e-07	3.32e-04	1.52e-02	9.84e-01	7.20e-06	0.00e+00
 3.09033e+15	3.16e-14	4.74e-10	1.13e-06	3.86e-04	1.66e-02	9.83e-01	6.69e-06	0.00e+00
 3.18726e+15	4.03e-14	5.88e-10	1.36e-06	4.38e-04	1.78e-02	9.82e-01	6.28e-06	0.00e+00
 3.26853e+15	4.90e-14	7.01e-10	1.57e-06	4.87e-04	1.90e-02	9.81e-01	5.98e-06	0.00e+00
 3.33904e+15	5.79e-14	8.14e-10	1.78e-06	5.31e-04	2.00e-02	9.80e-01	5.73e-06	0.00e+00
 3.41928e+15	6.98e-14	9.60e-10	2.05e-06	5.86e-04	2.11e-02	9.78e-01	5.47e-06	0.00e+00
 3.52360e+15	8.89e-14	1.19e-09	2.46e-06	6.64e-04	2.27e-02	9.77e-01	5.17e-06	0.00e+00
 3.63017e+15	1.12e-13	1.46e-09	2.94e-06	7.52e-04	2.44e-02	9.75e-01	4.90e-06	0.00e+00
 3.71660e+15	1.34e-13	1.72e-09	3.38e-06	8.28e-04	2.59e-02	9.73e-01	4.69e-06	0.00e+00
 3.80585e+15	1.62e-13	2.04e-09	3.90e-06	9.13e-04	2.74e-02	9.72e-01	4.50e-06	0.00e+00
 3.92189e+15	2.06e-13	2.52e-09	4.67e-06	1.04e-03	2.95e-02	9.69e-01	4.28e-06	0.00e+00
 4.04240e+15	2.60e-13	3.12e-09	5.61e-06	1.17e-03	3.17e-02	9.67e-01	4.08e-06	0.00e+00
 4.14342e+15	3.14e-13	3.71e-09	6.50e-06	1.30e-03	3.37e-02	9.65e-01	3.92e-06	0.00e+00
 4.24947e+15	3.84e-13	4.44e-09	7.58e-06	1.44e-03	3.58e-02	9.63e-01	3.77e-06	0.00e+00
 4.38733e+15	4.97e-13	5.59e-09	9.22e-06	1.65e-03	3.87e-02	9.60e-01	3.61e-06	0.00e+00
 4.53005e+15	6.38e-13	7.01e-09	1.12e-05	1.88e-03	4.18e-02	9.56e-01	3.45e-06	0.00e+00
 4.64992e+15	7.82e-13	8.44e-09	1.31e-05	2.10e-03	4.45e-02	9.53e-01	3.33e-06	0.00e+00
 4.77658e+15	9.71e-13	1.02e-08	1.55e-05	2.34e-03	4.75e-02	9.50e-01	3.23e-06	0.00e+00
 4.94123e+15	1.28e-12	1.31e-08	1.91e-05	2.70e-03	5.15e-02	9.46e-01	3.10e-06	0.00e+00
 5.11440e+15	1.67e-12	1.67e-08	2.36e-05	3.11e-03	5.59e-02	9.41e-01	2.99e-06	0.00e+00
 5.26328e+15	2.10e-12	2.05e-08	2.82e-05	3.50e-03	5.98e-02	9.37e-01	2.90e-06	0.00e+00
 5.42145e+15	2.67e-12	2.55e-08	3.39e-05	3.96e-03	6.41e-02	9.32e-01	2.82e-06	0.00e+00
 5.62108e+15	3.61e-12	3.33e-08	4.25e-05	4.60e-03	6.99e-02	9.25e-01	2.75e-06	0.00e+00
 5.80029e+15	4.63e-12	4.18e-08	5.16e-05	5.24e-03	7.51e-02	9.20e-01	2.67e-06	0.00e+00
 5.91826e+15	5.44e-12	4.84e-08	5.84e-05	5.69e-03	7.87e-02	9.16e-01	2.64e-06	0.00e+00
 6.03096e+15	6.39e-12	5.57e-08	6.58e-05	6.15e-03	8.23e-02	9.12e-01	2.61e-06	0.00e+00
 6.17748e+15	7.86e-12	6.68e-08	7.65e-05	6.80e-03	8.70e-02	9.06e-01	2.56e-06	0.00e+00
 6.36794e+15	1.02e-11	8.42e-08	9.29e-05	7.72e-03	9.34e-02	8.99e-01	2.52e-06	0.00e+00
 6.55936e+15	1.31e-11	1.05e-07	1.12e-04	8.72e-03	9.99e-02	8.91e-01	2.48e-06	0.00e+00
 6.70924e+15	1.57e-11	1.24e-07	1.29e-04	9.56e-03	1.05e-01	8.85e-01	2.45e-06	0.00e+00
 6.86134e+15	1.92e-11	1.47e-07	1.48e-04	1.05e-02	1.11e-01	8.79e-01	2.43e-06	0.00e+00
 7.05908e+15	2.46e-11	1.83e-07	1.78e-04	1.18e-02	1.18e-01	8.70e-01	2.39e-06	0.00e+00
 7.26666e+15	3.15e-11	2.27e-07	2.13e-04	1.33e-02	1.26e-01	8.61e-01	2.37e-06	0.00e+00
 7.44334e+15	3.86e-11	2.72e-07	2.48e-04	1.47e-02	1.33e-01	8.53e-01	2.35e-06	0.00e+00
 7.62932e+15	4.81e-11	3.30e-07	2.90e-04	1.63e-02	1.40e-01	8.44e-01	2.33e-06	0.00e+00
 7.87110e+15	6.37e-11	4.21e-07	3.55e-04	1.85e-02	1.50e-01	8.31e-01	2.31e-06	0.00e+00
 8.11761e+15	8.25e-11	5.29e-07	4.30e-04	2.10e-02	1.60e-01	8.19e-01	2.27e-06	0.00e+00
 8.31998e+15	1.02e-10	6.38e-07	5.02e-04	2.32e-02	1.68e-01	8.08e-01	2.27e-06	0.00e+00
 8.53277e+15	1.29e-10	7.78e-07	5.91e-04	2.58e-02	1.78e-01	7.96e-01	2.25e-06	0.00e+00
 8.80940e+15	1.72e-10	9.99e-07	7.26e-04	2.94e-02	1.90e-01	7.80e-01	2.20e-06	0.00e+00
 9.09068e+15	2.25e-10	1.26e-06	8.83e-04	3.34e-02	2.02e-01	7.64e-01	2.17e-06	0.00e+00
 9.32413e+15	2.81e-10	1.54e-06	1.04e-03	3.70e-02	2.12e-01	7.50e-01	2.17e-06	0.00e+00
 9.57375e+15	3.59e-10	1.90e-06	1.23e-03	4.13e-02	2.24e-01	7.34e-01	2.14e-06	0.00e+00
 9.82295e+15	4.47e-10	2.29e-06	1.44e-03	4.57e-02	2.35e-01	7.18e-01	2.11e-06	0.00e+00
 1.00276e+16	5.36e-10	2.69e-06	1.65e-03	4.96e-02	2.44e-01	7.05e-01	2.09e-06	0.00e+00
 1.02498e+16	6.57e-10	3.21e-06	1.90e-03	5.43e-02	2.54e-01	6.90e-01	2.06e-06	0.00e+00
 1.04919e+16	8.09e-10	3.84e-06	2.21e-03	5.97e-02	2.65e-01	6.73e-01	2.04e-06	0.00e+00
 1.07203e+16	9.80e-10	4.53e-06	2.53e-03	6.50e-02	2.75e-01	6.58e-01	2.01e-06	0.00e+00
 1.09775e+16	1.23e-09	5.50e-06	2.96e-03	7.16e-02	2.87e-01	6.39e-01	1.96e-06	0.00e+00
 1.12460e+16	1.52e-09	6.61e-06	3.46e-03	7.87e-02	2.98e-01	6.20e-01	1.93e-06	0.00e+00
 1.14897e+16	1.84e-09	7.83e-06	3.98e-03	8.57e-02	3.08e-01	6.02e-01	1.89e-06	0.00e+00
 1.17671e+16	2.32e-09	9.54e-06	4.67e-03	9.44e-02	3.20e-01	5.81e-01	1.85e-06	0.00e+00
 1.20559e+16	2.89e-09	1.15e-05	5.46e-03	1.04e-01	3.32e-01	5.59e-01	1.82e-06	0.00e+00
 1.23125e+16	3.51e-09	1.37e-05	6.28e-03	1.13e-01	3.41e-01	5.40e-01	1.78e-06	0.00e+00
 1.25991e+16	4.41e-09	1.65e-05	7.34e-03	1.23e-01	3.52e-01	5.17e-01	1.72e-06	0.00e+00
 1.29061e+16	5.53e-09	2.01e-05	8.63e-03	1.36e-01	3.63e-01	4.93e-01	1.68e-06	0.00e+00
 1.31837e+16	6.77e-09	2.40e-05	9.95e-03	1.47e-01	3.72e-01	4.71e-01	1.63e-06	0.00e+00
 1.34888e+16	8.54e-09	2.92e-05	1.17e-02	1.61e-01	3.81e-01	4.47e-01	1.57e-06	0.00e+00
 1.38140e+16	1.08e-08	3.58e-05	1.38e-02	1.76e-01	3.89e-01	4.20e-01	1.52e-06	0.00e+00
 1.40966e+16	1.32e-08	4.24e-05	1.59e-02	1.90e-01	3.95e-01	3.98e-01	1.47e-06	0.00e+00
 1.43952e+16	1.65e-08	5.12e-05	1.85e-02	2.06e-01	4.01e-01	3.74e-01	1.40e-06	0.00e+00
 1.47194e+16	2.11e-08	6.28e-05	2.18e-02	2.25e-01	4.06e-01	3.48e-01	1.35e-06	0.00e+00
 1.50073e+16	2.58e-08	7.47e-05	2.51e-02	2.41e-01	4.08e-01	3.25e-01	1.30e-06	0.00e+00
 1.52544e+16	3.09e-08	8.68e-05	2.83e-02	2.56e-01	4.09e-01	3.06e-01	1.25e-06	0.00e+00
 1.55180e+16	3.78e-08	1.03e-04	3.23e-02	2.73e-01	4.09e-01	2.85e-01	1.20e-06	0.00e+00
 1.58015e+16	4.71e-08	1.23e-04	3.73e-02	2.92e-01	4.08e-01	2.63e-01	1.15e-06	0.00e+00
 1.60460e+16	5.66e-08	1.44e-04	4.22e-02	3.08e-01	4.05e-01	2.44e-01	1.11e-06	0.00e+00
 1.62566e+16	6.67e-08	1.64e-04	4.69e-02	3.23e-01	4.02e-01	2.28e-01	1.07e-06	0.00e+00
 1.64880e+16	8.02e-08	1.91e-04	5.28e-02	3.39e-01	3.97e-01	2.11e-01	1.02e-06	0.00e+00
 1.67380e+16	1.00e-07	2.29e-04	6.03e-02	3.58e-01	3.90e-01	1.92e-01	9.79e-07	0.00e+00
 1.69506e+16	1.19e-07	2.63e-04	6.73e-02	3.73e-01	3.83e-01	1.77e-01	0.00e+00	0.00e+00
 1.71348e+16	1.39e-07	2.98e-04	7.40e-02	3.87e-01	3.75e-01	1.64e-01	0.00e+00	0.00e+00
 1.73436e+16	1.60e-07	3.38e-04	8.23e-02	4.02e-01	3.66e-01	1.50e-01	0.00e+00	0.00e+00
 1.75756e+16	1.95e-07	3.97e-04	9.30e-02	4.18e-01	3.54e-01	1.34e-01	0.00e+00	0.00e+00
 1.77815e+16	2.37e-07	4.62e-04	1.04e-01	4.33e-01	3.42e-01	1.21e-01	0.00e+00	0.00e+00
 1.79525e+16	2.98e-07	5.50e-04	1.16e-01	4.46e-01	3.30e-01	1.08e-01	0.00e+00	0.00e+00
 1.80994e+16	3.41e-07	6.13e-04	1.25e-01	4.56e-01	3.19e-01	9.89e-02	0.00e+00	0.00e+00
 1.82551e+16	3.84e-07	6.77e-04	1.36e-01	4.66e-01	3.07e-01	9.00e-02	0.00e+00	0.00e+00
 1.84576e+16	4.68e-07	7.91e-04	1.52e-01	4.78e-01	2.90e-01	7.83e-02	0.00e+00	0.00e+00
 1.86590e+16	5.78e-07	9.34e-04	1.70e-01	4.89e-01	2.72e-01	6.72e-02	0.00e+00	0.00e+00
 1.88082e+16	7.22e-07	1.10e-03	1.87e-01	4.97e-01	2.57e-01	5.84e-02	0.00e+00	0.00e+00
 1.89154e+16	8.23e-07	1.22e-03	2.00e-01	5.01e-01	2.45e-01	5.28e-02	0.00e+00	0.00e+00
 1.90189e+16	9.10e-07	1.32e-03	2.11e-01	5.05e-01	2.34e-01	4.79e-02	0.00e+00	0.00e+00
 1.91534e+16	1.14e-06	1.56e-03	2.31e-01	5.09e-01	2.18e-01	4.07e-02	0.00e+00	0.00e+00
 1.92827e+16	1.30e-06	1.73e-03	2.48e-01	5.11e-01	2.04e-01	3.56e-02	0.00e+00	0.00e+00
 1.94053e+16	1.48e-06	1.91e-03	2.65e-01	5.13e-01	1.90e-01	3.08e-02	0.00e+00	0.00e+00
 1.95258e+16	1.73e-06	2.16e-03	2.84e-01	5.12e-01	1.75e-01	2.63e-02	0.00e+00	0.00e+00
 1.96100e+16	2.04e-06	2.43e-03	3.00e-01	5.11e-01	1.64e-01	2.29e-02	0.00e+00	0.00e+00
 1.96651e+16	2.24e-06	2.60e-03	3.10e-01	5.09e-01	1.57e-01	2.10e-02	0.00e+00	0.00e+00
 1.97162e+16	2.40e-06	2.73e-03	3.19e-01	5.08e-01	1.51e-01	1.94e-02	0.00e+00	0.00e+00
 1.97827e+16	2.65e-06	2.95e-03	3.32e-01	5.06e-01	1.42e-01	1.73e-02	0.00e+00	0.00e+00
 1.98692e+16	3.03e-06	3.25e-03	3.48e-01	5.02e-01	1.32e-01	1.48e-02	0.00e+00	0.00e+00
 1.99542e+16	3.35e-06	3.51e-03	3.64e-01	4.98e-01	1.22e-01	1.28e-02	0.00e+00	0.00e+00
 2.00234e+16	3.91e-06	3.92e-03	3.80e-01	4.92e-01	1.13e-01	1.10e-02	0.00e+00	0.00e+00
 2.00794e+16	4.27e-06	4.18e-03	3.92e-01	4.88e-01	1.06e-01	9.77e-03	0.00e+00	0.00e+00
 2.01322e+16	4.65e-06	4.44e-03	4.03e-01	4.84e-01	9.99e-02	8.72e-03	0.00e+00	0.00e+00
 2.02008e+16	5.23e-06	4.84e-03	4.18e-01	4.78e-01	9.18e-02	7.42e-03	0.00e+00	0.00e+00
 2.02725e+16	5.92e-06	5.29e-03	4.34e-01	4.71e-01	8.39e-02	6.26e-03	0.00e+00	0.00e+00
 2.03326e+16	6.43e-06	5.62e-03	4.46e-01	4.65e-01	7.78e-02	5.45e-03	0.00e+00	0.00e+00
 2.03949e+16	7.18e-06	6.09e-03	4.60e-01	4.58e-01	7.12e-02	4.61e-03	0.00e+00	0.00e+00
 2.04631e+16	8.12e-06	6.65e-03	4.76e-01	4.50e-01	6.44e-02	3.82e-03	0.00e+00	0.00e+00
 2.05242e+16	9.14e-06	7.23e-03	4.90e-01	4.41e-01	5.85e-02	3.20e-03	0.00e+00	0.00e+00
 2.05787e+16	1.02e-05	7.80e-03	5.03e-01	4.33e-01	5.36e-02	2.71e-03	0.00e+00	0.00e+00
 2.06392e+16	1.14e-05	8.47e-03	5.17e-01	4.24e-01	4.83e-02	2.23e-03	0.00e+00	0.00e+00
 2.07072e+16	1.30e-05	9.29e-03	5.32e-01	4.14e-01	4.29e-02	1.79e-03	0.00e+00	0.00e+00
 2.07714e+16	1.48e-05	1.02e-02	5.47e-01	4.03e-01	3.81e-02	1.44e-03	0.00e+00	0.00e+00
 2.08306e+16	1.72e-05	1.13e-02	5.62e-01	3.92e-01	3.38e-02	1.14e-03	0.00e+00	0.00e+00
 2.08859e+16	1.88e-05	1.20e-02	5.74e-01	3.83e-01	3.05e-02	9.48e-04	0.00e+00	0.00e+00
 2.09468e+16	2.18e-05	1.33e-02	5.89e-01	3.71e-01	2.67e-02	7.40e-04	0.00e+00	0.00e+00
 2.10021e+16	2.40e-05	1.43e-02	5.99e-01	3.62e-01	2.40e-02	6.09e-04	0.00e+00	0.00e+00
 2.10428e+16	2.66e-05	1.53e-02	6.09e-01	3.53e-01	2.19e-02	5.12e-04	0.00e+00	0.00e+00
 2.10816e+16	2.89e-05	1.62e-02	6.18e-01	3.46e-01	2.01e-02	4.39e-04	0.00e+00	0.00e+00
 2.11250e+16	3.12e-05	1.71e-02	6.26e-01	3.38e-01	1.83e-02	3.70e-04	0.00e+00	0.00e+00
 2.11815e+16	3.58e-05	1.88e-02	6.39e-01	3.26e-01	1.60e-02	2.88e-04	0.00e+00	0.00e+00
 2.12367e+16	4.01e-05	2.04e-02	6.49e-01	3.16e-01	1.41e-02	2.30e-04	0.00e+00	0.00e+00
 2.12810e+16	4.42e-05	2.18e-02	6.58e-01	3.07e-01	1.27e-02	1.90e-04	0.00e+00	0.00e+00
 2.13296e+16	4.92e-05	2.35e-02	6.67e-01	2.98e-01	1.13e-02	1.53e-04	0.00e+00	0.00e+00
 2.13927e+16	5.64e-05	2.58e-02	6.79e-01	2.85e-01	9.71e-03	1.16e-04	0.00e+00	0.00e+00
 2.14566e+16	6.46e-05	2.83e-02	6.90e-01	2.73e-01	8.33e-03	8.76e-05	0.00e+00	0.00e+00
 2.15076e+16	7.23e-05	3.06e-02	6.99e-01	2.63e-01	7.35e-03	6.98e-05	0.00e+00	0.00e+00
 2.15530e+16	7.94e-05	3.26e-02	7.05e-01	2.55e-01	6.59e-03	5.73e-05	0.00e+00	0.00e+00
 2.16050e+16	8.98e-05	3.54e-02	7.14e-01	2.45e-01	5.74e-03	4.46e-05	0.00e+00	0.00e+00
 2.16619e+16	1.02e-04	3.87e-02	7.22e-01	2.34e-01	4.95e-03	3.43e-05	0.00e+00	0.00e+00
 2.17138e+16	1.15e-04	4.19e-02	7.30e-01	2.24e-01	4.33e-03	2.70e-05	0.00e+00	0.00e+00
 2.17701e+16	1.30e-04	4.57e-02	7.37e-01	2.13e-01	3.72e-03	2.06e-05	0.00e+00	0.00e+00
 2.18314e+16	1.50e-04	5.03e-02	7.44e-01	2.02e-01	3.16e-03	1.55e-05	0.00e+00	0.00e+00
 2.18855e+16	1.71e-04	5.48e-02	7.50e-01	1.92e-01	2.73e-03	1.20e-05	0.00e+00	0.00e+00
 2.19333e+16	1.91e-04	5.91e-02	7.55e-01	1.83e-01	2.40e-03	9.51e-06	0.00e+00	0.00e+00
 2.19863e+16	2.17e-04	6.44e-02	7.60e-01	1.74e-01	2.06e-03	7.32e-06	0.00e+00	0.00e+00
 2.20455e+16	2.49e-04	7.06e-02	7.64e-01	1.64e-01	1.75e-03	5.51e-06	0.00e+00	0.00e+00
 2.21006e+16	2.87e-04	7.77e-02	7.67e-01	1.53e-01	1.48e-03	4.16e-06	0.00e+00	0.00e+00
 2.21485e+16	3.23e-04	8.41e-02	7.69e-01	1.45e-01	1.29e-03	3.28e-06	0.00e+00	0.00e+00
 2.21991e+16	3.68e-04	9.17e-02	7.70e-01	1.36e-01	1.10e-03	2.51e-06	0.00e+00	0.00e+00
 2.22549e+16	4.26e-04	1.01e-01	7.71e-01	1.27e-01	9.25e-04	1.88e-06	0.00e+00	0.00e+00
 2.23055e+16	4.89e-04	1.11e-01	7.70e-01	1.18e-01	7.87e-04	1.44e-06	0.00e+00	0.00e+00
 2.23506e+16	5.53e-04	1.20e-01	7.68e-01	1.11e-01	6.80e-04	1.13e-06	0.00e+00	0.00e+00
 2.24006e+16	6.34e-04	1.31e-01	7.65e-01	1.03e-01	5.72e-04	8.53e-07	0.00e+00	0.00e+00
 2.24552e+16	7.42e-04	1.45e-01	7.59e-01	9.39e-02	4.72e-04	0.00e+00	0.00e+00	0.00e+00
 2.25035e+16	8.56e-04	1.60e-01	7.53e-01	8.63e-02	3.95e-04	0.00e+00	0.00e+00	0.00e+00
 2.25458e+16	9.72e-04	1.73e-01	7.46e-01	7.99e-02	3.37e-04	0.00e+00	0.00e+00	0.00e+00
 2.25927e+16	1.12e-03	1.89e-01	7.36e-01	7.28e-02	2.80e-04	0.00e+00	0.00e+00	0.00e+00
 2.26449e+16	1.32e-03	2.10e-01	7.23e-01	6.51e-02	2.26e-04	0.00e+00	0.00e+00	0.00e+00
 2.26925e+16	1.54e-03	2.32e-01	7.08e-01	5.84e-02	1.84e-04	0.00e+00	0.00e+00	0.00e+00
 2.27352e+16	1.77e-03	2.53e-01	6.92e-01	5.24e-02	1.51e-04	0.00e+00	0.00e+00	0.00e+00
 2.27828e+16	2.07e-03	2.79e-01	6.73e-01	4.62e-02	1.20e-04	0.00e+00	0.00e+00	0.00e+00
 2.28363e+16	2.50e-03	3.12e-01	6.46e-01	3.95e-02	9.16e-05	0.00e+00	0.00e+00	0.00e+00
 2.28857e+16	2.99e-03	3.47e-01	6.16e-01	3.35e-02	6.94e-05	0.00e+00	0.00e+00	0.00e+00
 2.29298e+16	3.51e-03	3.82e-01	5.86e-01	2.85e-02	5.31e-05	0.00e+00	0.00e+00	0.00e+00
 2.29719e+16	4.12e-03	4.19e-01	5.53e-01	2.41e-02	4.05e-05	0.00e+00	0.00e+00	0.00e+00
 2.30202e+16	4.93e-03	4.62e-01	5.14e-01	1.95e-02	2.92e-05	0.00e+00	0.00e+00	0.00e+00
 2.30721e+16	6.06e-03	5.15e-01	4.63e-01	1.50e-02	1.94e-05	0.00e+00	0.00e+00	0.00e+00
 2.31138e+16	7.24e-03	5.63e-01	4.18e-01	1.17e-02	1.35e-05	0.00e+00	0.00e+00	0.00e+00
 2.31443e+16	8.20e-03	5.99e-01	3.83e-01	9.55e-03	1.01e-05	0.00e+00	0.00e+00	0.00e+00
 2.31754e+16	9.32e-03	6.35e-01	3.48e-01	7.71e-03	7.40e-06	0.00e+00	0.00e+00	0.00e+00
 2.32158e+16	1.10e-02	6.81e-01	3.02e-01	5.65e-03	4.77e-06	0.00e+00	0.00e+00	0.00e+00
 2.32561e+16	1.31e-02	7.30e-01	2.53e-01	3.93e-03	2.89e-06	0.00e+00	0.00e+00	0.00e+00
 2.32853e+16	1.50e-02	7.65e-01	2.17e-01	2.89e-03	1.91e-06	0.00e+00	0.00e+00	0.00e+00
 2.33069e+16	1.65e-02	7.89e-01	1.92e-01	2.28e-03	1.39e-06	0.00e+00	0.00e+00	0.00e+00
 2.33298e+16	1.83e-02	8.12e-01	1.68e-01	1.75e-03	9.74e-07	0.00e+00	0.00e+00	0.00e+00
 2.33595e+16	2.09e-02	8.39e-01	1.39e-01	1.21e-03	0.00e+00	0.00e+00	0.00e+00	0.00e+00
 2.33905e+16	2.42e-02	8.65e-01	1.10e-01	7.81e-04	0.00e+00	0.00e+00	0.00e+00	0.00e+00
 2.34149e+16	2.72e-02	8.84e-01	8.86e-02	5.27e-04	0.00e+00	0.00e+00	0.00e+00	0.00e+00
 2.34334e+16	3.00e-02	8.95e-01	7.47e-02	3.86e-04	0.00e+00	0.00e+00	0.00e+00	0.00e+00
 2.34527e+16	3.29e-02	9.05e-01	6.22e-02	2.76e-04	0.00e+00	0.00e+00	0.00e+00	0.00e+00
 2.34777e+16	3.73e-02	9.14e-01	4.84e-02	1.75e-04	0.00e+00	0.00e+00	0.00e+00	0.00e+00
 2.35028e+16	4.27e-02	9.21e-01	3.61e-02	1.04e-04	0.00e+00	0.00e+00	0.00e+00	0.00e+00
 2.35212e+16	4.73e-02	9.24e-01	2.85e-02	6.83e-05	0.00e+00	0.00e+00	0.00e+00	0.00e+00
 2.35348e+16	5.11e-02	9.25e-01	2.38e-02	4.98e-05	0.00e+00	0.00e+00	0.00e+00	0.00e+00
 2.35492e+16	5.53e-02	9.25e-01	1.97e-02	3.55e-05	0.00e+00	0.00e+00	0.00e+00	0.00e+00
 2.35679e+16	6.12e-02	9.24e-01	1.53e-02	2.25e-05	0.00e+00	0.00e+00	0.00e+00	0.00e+00
 2.35869e+16	6.81e-02	9.20e-01	1.14e-02	1.37e-05	0.00e+00	0.00e+00	0.00e+00	0.00e+00
 2.36017e+16	7.42e-02	9.17e-01	9.02e-03	9.06e-06	0.00e+00	0.00e+00	0.00e+00	0.00e+00
 2.36134e+16	7.92e-02	9.13e-01	7.46e-03	6.53e-06	0.00e+00	0.00e+00	0.00e+00	0.00e+00
 2.36243e+16	8.42e-02	9.10e-01	6.23e-03	4.79e-06	0.00e+00	0.00e+00	0.00e+00	0.00e+00
 2.36352e+16	8.93e-02	9.05e-01	5.19e-03	3.50e-06	0.00e+00	0.00e+00	0.00e+00	0.00e+00
 2.36461e+16	9.49e-02	9.01e-01	4.30e-03	2.54e-06	0.00e+00	0.00e+00	0.00e+00	0.00e+00
 2.36565e+16	1.00e-01	8.96e-01	3.60e-03	1.88e-06	0.00e+00	0.00e+00	0.00e+00	0.00e+00
 2.36644e+16	1.05e-01	8.92e-01	3.12e-03	1.49e-06	0.00e+00	0.00e+00	0.00e+00	0.00e+00
 2.36693e+16	1.07e-01	8.90e-01	2.86e-03	1.30e-06	0.00e+00	0.00e+00	0.00e+00	0.00e+00
 2.36737e+16	1.09e-01	8.88e-01	2.65e-03	1.14e-06	0.00e+00	0.00e+00	0.00e+00	0.00e+00
 2.36791e+16	1.12e-01	8.85e-01	2.41e-03	9.75e-07	0.00e+00	0.00e+00	0.00e+00	0.00e+00
 2.36853e+16	1.16e-01	8.82e-01	2.15e-03	0.00e+00	0.00e+00	0.00e+00	0.00e+00	0.00e+00
 2.36915e+16	1.19e-01	8.79e-01	1.93e-03	0.00e+00	0.00e+00	0.00e+00	0.00e+00	0.00e+00
 2.36970e+16	1.23e-01	8.76e-01	1.75e-03	0.00e+00	0.00e+00	0.00e+00	0.00e+00	0.00e+00
 2.37024e+16	1.26e-01	8.73e-01	1.59e-03	0.00e+00	0.00e+00	0.00e+00	0.00e+00	0.00e+00
 2.37081e+16	1.29e-01	8.70e-01	1.44e-03	0.00e+00	0.00e+00	0.00e+00	0.00e+00	0.00e+00
 2.37139e+16	1.32e-01	8.66e-01	1.29e-03	0.00e+00	0.00e+00	0.00e+00	0.00e+00	0.00e+00
 2.37197e+16	1.35e-01	8.63e-01	1.17e-03	0.00e+00	0.00e+00	0.00e+00	0.00e+00	0.00e+00
 2.37255e+16	1.39e-01	8.60e-01	1.05e-03	0.00e+00	0.00e+00	0.00e+00	0.00e+00	0.00e+00
 2.37314e+16	1.43e-01	8.56e-01	9.53e-04	0.00e+00	0.00e+00	0.00e+00	0.00e+00	0.00e+00
 2.37374e+16	1.46e-01	8.53e-01	8.58e-04	0.00e+00	0.00e+00	0.00e+00	0.00e+00	0.00e+00
 2.37436e+16	1.49e-01	8.50e-01	7.74e-04	0.00e+00	0.00e+00	0.00e+00	0.00e+00	0.00e+00
 2.37497e+16	1.53e-01	8.46e-01	6.98e-04	0.00e+00	0.00e+00	0.00e+00	0.00e+00	0.00e+00
 2.37561e+16	1.57e-01	8.43e-01	6.30e-04	0.00e+00	0.00e+00	0.00e+00	0.00e+00	0.00e+00
 2.37627e+16	1.60e-01	8.39e-01	5.66e-04	0.00e+00	0.00e+00	0.00e+00	0.00e+00	0.00e+00
 2.37695e+16	1.64e-01	8.35e-01	5.11e-04	0.00e+00	0.00e+00	0.00e+00	0.00e+00	0.00e+00
 2.37765e+16	1.68e-01	8.31e-01	4.59e-04	0.00e+00	0.00e+00	0.00e+00	0.00e+00	0.00e+00
 2.37840e+16	1.72e-01	8.28e-01	4.13e-04	0.00e+00	0.00e+00	0.00e+00	0.00e+00	0.00e+00
 2.37917e+16	1.76e-01	8.24e-01	3.72e-04	0.00e+00	0.00e+00	0.00e+00	0.00e+00	0.00e+00
 2.37997e+16	1.80e-01	8.20e-01	3.35e-04	0.00e+00	0.00e+00	0.00e+00	0.00e+00	0.00e+00
 2.38082e+16	1.84e-01	8.16e-01	3.03e-04	0.00e+00	0.00e+00	0.00e+00	0.00e+00	0.00e+00
 2.38172e+16	1.88e-01	8.12e-01	2.75e-04	0.00e+00	0.00e+00	0.00e+00	0.00e+00	0.00e+00
 2.38268e+16	1.92e-01	8.08e-01	2.50e-04	0.00e+00	0.00e+00	0.00e+00	0.00e+00	0.00e+00
 2.38373e+16	1.96e-01	8.04e-01	2.28e-04	0.00e+00	0.00e+00	0.00e+00	0.00e+00	0.00e+00
 2.38489e+16	2.00e-01	8.00e-01	2.08e-04	0.00e+00	0.00e+00	0.00e+00	0.00e+00	0.00e+00
 2.38621e+16	2.04e-01	7.96e-01	1.91e-04	0.00e+00	0.00e+00	0.00e+00	0.00e+00	0.00e+00
 2.38762e+16	2.08e-01	7.92e-01	1.78e-04	0.00e+00	0.00e+00	0.00e+00	0.00e+00	0.00e+00
 2.38900e+16	2.11e-01	7.89e-01	1.68e-04	0.00e+00	0.00e+00	0.00e+00	0.00e+00	0.00e+00
 2.39035e+16	2.14e-01	7.86e-01	1.60e-04	0.00e+00	0.00e+00	0.00e+00	0.00e+00	0.00e+00
 2.39170e+16	2.16e-01	7.84e-01	1.54e-04	0.00e+00	0.00e+00	0.00e+00	0.00e+00	0.00e+00
 2.39323e+16	2.19e-01	7.81e-01	1.48e-04	0.00e+00	0.00e+00	0.00e+00	0.00e+00	0.00e+00
