#depth	N	N+	N+2	N+3	N+4	N+5	N+6	N+7
 1.49634e+10	3.67e-47	1.90e-36	1.03e-26	1.01e-17	1.77e-09	9.78e-01	2.22e-02	0.00e+00
 4.54887e+10	0.00e+00	2.62e-36	1.31e-26	1.18e-17	1.92e-09	9.80e-01	2.04e-02	1.76e-07
 7.72350e+10	8.24e-47	3.63e-36	1.68e-26	1.40e-17	2.09e-09	9.81e-01	1.88e-02	0.00e+00
 1.10251e+11	0.00e+00	5.02e-36	2.14e-26	1.64e-17	2.27e-09	9.83e-01	1.73e-02	0.00e+00
 1.44588e+11	1.85e-46	6.94e-36	2.73e-26	1.94e-17	2.46e-09	9.84e-01	1.59e-02	0.00e+00
 1.80298e+11	0.00e+00	9.61e-36	3.49e-26	2.28e-17	2.68e-09	9.85e-01	1.46e-02	0.00e+00
 2.17437e+11	4.17e-46	1.33e-35	4.46e-26	2.69e-17	2.91e-09	9.87e-01	1.35e-02	0.00e+00
 2.56061e+11	0.00e+00	1.84e-35	5.71e-26	3.18e-17	3.16e-09	9.88e-01	1.24e-02	0.00e+00
 2.96231e+11	9.42e-46	2.55e-35	7.30e-26	3.75e-17	3.44e-09	9.89e-01	1.14e-02	0.00e+00
 3.33957e+11	0.00e+00	0.00e+00	9.12e-26	4.35e-17	3.71e-09	9.89e-01	1.06e-02	0.00e+00
 3.67616e+11	0.00e+00	4.43e-35	1.11e-25	4.96e-17	3.96e-09	9.90e-01	9.88e-03	0.00e+00
 4.05362e+11	2.66e-45	5.86e-35	1.36e-25	5.71e-17	4.25e-09	9.91e-01	9.20e-03	0.00e+00
 4.50194e+11	0.00e+00	0.00e+00	1.74e-25	6.72e-17	4.62e-09	9.92e-01	8.47e-03	0.00e+00
 4.95100e+11	0.00e+00	1.10e-34	2.19e-25	7.86e-17	5.00e-09	9.92e-01	7.82e-03	0.00e+00
 5.37130e+11	8.26e-45	1.45e-34	2.71e-25	9.06e-17	5.37e-09	9.93e-01	7.27e-03	0.00e+00
 5.83870e+11	0.00e+00	1.97e-34	3.40e-25	1.06e-16	5.80e-09	9.93e-01	6.73e-03	0.00e+00
 6.37152e+11	1.82e-44	2.74e-34	4.37e-25	1.25e-16	6.32e-09	9.94e-01	6.17e-03	0.00e+00
 6.90050e+11	0.00e+00	3.76e-34	5.56e-25	1.47e-16	6.86e-09	9.94e-01	5.69e-03	0.00e+00
 7.45064e+11	4.03e-44	5.18e-34	7.07e-25	1.73e-16	7.44e-09	9.95e-01	5.24e-03	0.00e+00
 8.04793e+11	0.00e+00	7.23e-34	9.10e-25	2.05e-16	8.12e-09	9.95e-01	4.80e-03	0.00e+00
 8.65637e+11	9.20e-44	1.00e-33	1.17e-24	2.43e-16	8.83e-09	9.96e-01	4.41e-03	0.00e+00
 9.22315e+11	0.00e+00	1.35e-33	1.46e-24	2.82e-16	9.54e-09	9.96e-01	4.09e-03	0.00e+00
 9.74511e+11	1.85e-43	1.75e-33	1.78e-24	3.23e-16	1.02e-08	9.96e-01	3.82e-03	0.00e+00
 1.03411e+12	0.00e+00	2.35e-33	2.22e-24	3.76e-16	1.10e-08	9.96e-01	3.54e-03	0.00e+00
 1.10411e+12	4.02e-43	3.27e-33	2.86e-24	4.45e-16	1.20e-08	9.97e-01	3.24e-03	0.00e+00
 1.17331e+12	0.00e+00	4.49e-33	3.63e-24	5.24e-16	1.31e-08	9.97e-01	2.99e-03	0.00e+00
 1.23796e+12	8.52e-43	5.99e-33	4.52e-24	6.08e-16	1.41e-08	9.97e-01	2.77e-03	0.00e+00
 1.31009e+12	0.00e+00	8.15e-33	5.71e-24	7.13e-16	1.53e-08	9.97e-01	2.56e-03	0.00e+00
 1.39242e+12	1.91e-42	1.14e-32	7.40e-24	8.51e-16	1.67e-08	9.98e-01	2.34e-03	0.00e+00
 1.47356e+12	0.00e+00	1.58e-32	9.46e-24	1.01e-15	1.82e-08	9.98e-01	2.15e-03	0.00e+00
 1.55794e+12	4.27e-42	2.18e-32	1.21e-23	1.19e-15	1.98e-08	9.98e-01	1.97e-03	0.00e+00
 1.65018e+12	0.00e+00	3.08e-32	1.57e-23	1.42e-15	2.17e-08	9.98e-01	1.80e-03	0.00e+00
 1.74268e+12	9.86e-42	4.29e-32	2.02e-23	1.69e-15	2.37e-08	9.98e-01	1.65e-03	0.00e+00
 1.83889e+12	0.00e+00	5.97e-32	2.61e-23	2.02e-15	2.60e-08	9.98e-01	1.51e-03	0.00e+00
 1.94237e+12	2.27e-41	8.41e-32	3.39e-23	2.42e-15	2.85e-08	9.99e-01	1.38e-03	0.00e+00
 2.04519e+12	0.00e+00	1.17e-31	4.36e-23	2.87e-15	3.11e-08	9.99e-01	1.26e-03	0.00e+00
 2.15213e+12	5.13e-41	1.62e-31	5.61e-23	3.42e-15	3.41e-08	9.99e-01	1.15e-03	0.00e+00
 2.26814e+12	0.00e+00	2.28e-31	7.31e-23	4.11e-15	3.75e-08	9.99e-01	1.05e-03	0.00e+00
 2.38879e+12	1.20e-40	3.22e-31	9.52e-23	4.94e-15	4.12e-08	9.99e-01	9.56e-04	0.00e+00
 2.51427e+12	0.00e+00	4.53e-31	1.24e-22	5.94e-15	4.53e-08	9.99e-01	8.70e-04	0.00e+00
 2.64477e+12	2.78e-40	6.37e-31	1.61e-22	7.14e-15	4.99e-08	9.99e-01	7.91e-04	0.00e+00
 2.78049e+12	0.00e+00	8.95e-31	2.10e-22	8.59e-15	5.49e-08	9.99e-01	7.20e-04	0.00e+00
 2.90359e+12	6.09e-40	1.20e-30	2.65e-22	1.01e-14	5.98e-08	9.99e-01	6.62e-04	0.00e+00
 3.00674e+12	0.00e+00	1.53e-30	3.19e-22	1.15e-14	6.40e-08	9.99e-01	6.19e-04	0.00e+00
 3.11999e+12	1.12e-39	1.98e-30	3.89e-22	1.33e-14	6.89e-08	9.99e-01	5.76e-04	0.00e+00
 3.26264e+12	0.00e+00	2.69e-30	4.96e-22	1.57e-14	7.54e-08	9.99e-01	5.27e-04	0.00e+00
 3.41106e+12	2.39e-39	3.67e-30	6.31e-22	1.87e-14	8.26e-08	1.00e+00	4.82e-04	0.00e+00
 3.53843e+12	0.00e+00	4.74e-30	7.71e-22	2.16e-14	8.91e-08	1.00e+00	4.48e-04	0.00e+00
 3.67089e+12	4.47e-39	6.13e-30	9.43e-22	2.49e-14	9.61e-08	1.00e+00	4.15e-04	0.00e+00
 3.83564e+12	0.00e+00	8.33e-30	1.20e-21	2.96e-14	1.05e-07	1.00e+00	3.80e-04	0.00e+00
 4.00243e+12	9.34e-39	1.12e-29	1.52e-21	3.50e-14	1.15e-07	1.00e+00	3.48e-04	0.00e+00
 4.14803e+12	0.00e+00	1.44e-29	1.85e-21	4.03e-14	1.24e-07	1.00e+00	3.23e-04	0.00e+00
 4.30599e+12	1.74e-38	1.87e-29	2.27e-21	4.67e-14	1.34e-07	1.00e+00	2.99e-04	0.00e+00
 4.49815e+12	0.00e+00	2.54e-29	2.89e-21	5.56e-14	1.47e-07	1.00e+00	2.73e-04	0.00e+00
 4.69363e+12	3.61e-38	3.41e-29	3.66e-21	6.59e-14	1.61e-07	1.00e+00	2.50e-04	0.00e+00
 4.87328e+12	0.00e+00	4.43e-29	4.50e-21	7.65e-14	1.75e-07	1.00e+00	2.31e-04	0.00e+00
 5.07346e+12	6.96e-38	5.87e-29	5.62e-21	8.98e-14	1.91e-07	1.00e+00	2.12e-04	0.00e+00
 5.30531e+12	0.00e+00	8.01e-29	7.19e-21	1.07e-13	2.10e-07	1.00e+00	1.93e-04	0.00e+00
 5.53376e+12	1.45e-37	1.07e-28	9.07e-21	1.27e-13	2.30e-07	1.00e+00	1.77e-04	0.00e+00
 5.75271e+12	0.00e+00	1.41e-28	1.12e-20	1.48e-13	2.49e-07	1.00e+00	1.63e-04	0.00e+00
 5.99410e+12	2.83e-37	1.87e-28	1.41e-20	1.75e-13	2.72e-07	1.00e+00	1.49e-04	0.00e+00
 6.26379e+12	0.00e+00	2.54e-28	1.80e-20	2.08e-13	2.99e-07	1.00e+00	1.36e-04	0.00e+00
 6.50907e+12	5.67e-37	3.32e-28	2.22e-20	2.43e-13	3.25e-07	1.00e+00	1.25e-04	0.00e+00
 6.71566e+12	0.00e+00	4.13e-28	2.64e-20	2.75e-13	3.47e-07	1.00e+00	1.18e-04	0.00e+00
 6.94291e+12	9.77e-37	5.21e-28	3.17e-20	3.14e-13	3.73e-07	1.00e+00	1.10e-04	0.00e+00
 7.19949e+12	0.00e+00	6.71e-28	3.87e-20	3.62e-13	4.03e-07	1.00e+00	1.02e-04	0.00e+00
 7.44525e+12	1.76e-36	8.47e-28	4.65e-20	4.14e-13	4.33e-07	1.00e+00	9.46e-05	0.00e+00
 7.71578e+12	0.00e+00	1.09e-27	5.66e-20	4.77e-13	4.67e-07	1.00e+00	8.78e-05	0.00e+00
 8.01630e+12	3.30e-36	1.42e-27	6.99e-20	5.55e-13	5.07e-07	1.00e+00	8.10e-05	0.00e+00
 8.29794e+12	0.00e+00	1.81e-27	8.46e-20	6.36e-13	5.45e-07	1.00e+00	7.54e-05	0.00e+00
 8.60621e+12	6.03e-36	2.33e-27	1.03e-19	7.35e-13	5.89e-07	1.00e+00	6.98e-05	0.00e+00
 8.95296e+12	0.00e+00	3.08e-27	1.29e-19	8.60e-13	6.41e-07	1.00e+00	6.43e-05	0.00e+00
 9.28428e+12	1.15e-35	3.97e-27	1.57e-19	9.93e-13	6.92e-07	1.00e+00	5.96e-05	0.00e+00
 9.59102e+12	0.00e+00	4.99e-27	1.88e-19	1.13e-12	7.41e-07	1.00e+00	5.56e-05	0.00e+00
 9.93124e+12	2.05e-35	6.39e-27	2.29e-19	1.30e-12	7.98e-07	1.00e+00	5.17e-05	0.00e+00
 1.03126e+13	0.00e+00	8.34e-27	2.82e-19	1.50e-12	8.64e-07	1.00e+00	4.78e-05	0.00e+00
 1.06728e+13	3.81e-35	1.06e-26	3.41e-19	1.72e-12	9.29e-07	1.00e+00	4.45e-05	0.00e+00
 1.10667e+13	0.00e+00	1.37e-26	4.17e-19	1.99e-12	1.00e-06	1.00e+00	4.13e-05	0.00e+00
 1.15025e+13	7.29e-35	1.81e-26	5.17e-19	2.32e-12	1.09e-06	1.00e+00	3.81e-05	0.00e+00
 1.19069e+13	0.00e+00	2.31e-26	6.27e-19	2.66e-12	1.17e-06	1.00e+00	3.54e-05	0.00e+00
 1.23468e+13	1.35e-34	3.00e-26	7.68e-19	3.07e-12	1.26e-06	1.00e+00	3.29e-05	0.00e+00
 1.28387e+13	0.00e+00	3.96e-26	9.56e-19	3.58e-12	1.37e-06	1.00e+00	3.03e-05	0.00e+00
 1.33028e+13	2.59e-34	5.11e-26	1.17e-18	4.12e-12	1.48e-06	1.00e+00	2.82e-05	0.00e+00
 1.38091e+13	3.60e-34	6.69e-26	1.44e-18	4.77e-12	1.60e-06	1.00e+00	2.61e-05	0.00e+00
 1.43736e+13	5.12e-34	8.92e-26	1.80e-18	5.59e-12	1.74e-06	1.00e+00	2.40e-05	0.00e+00
 1.49078e+13	7.07e-34	1.16e-25	2.21e-18	6.46e-12	1.87e-06	1.00e+00	2.22e-05	0.00e+00
 1.54812e+13	9.88e-34	1.53e-25	2.73e-18	7.49e-12	2.03e-06	1.00e+00	2.06e-05	0.00e+00
 1.61304e+13	1.42e-33	2.06e-25	3.45e-18	8.81e-12	2.21e-06	1.00e+00	1.89e-05	0.00e+00
 1.67705e+13	2.02e-33	2.73e-25	4.30e-18	1.03e-11	2.39e-06	1.00e+00	1.74e-05	0.00e+00
 1.74362e+13	2.86e-33	3.63e-25	5.36e-18	1.20e-11	2.59e-06	1.00e+00	1.61e-05	0.00e+00
 1.81636e+13	4.12e-33	4.90e-25	6.75e-18	1.41e-11	2.82e-06	1.00e+00	1.48e-05	0.00e+00
 1.89048e+13	5.92e-33	6.57e-25	8.48e-18	1.65e-11	3.07e-06	1.00e+00	1.36e-05	0.00e+00
 1.96757e+13	8.51e-33	8.82e-25	1.06e-17	1.93e-11	3.33e-06	1.00e+00	1.26e-05	0.00e+00
 2.04524e+13	1.21e-32	1.17e-24	1.33e-17	2.25e-11	3.61e-06	1.00e+00	1.16e-05	0.00e+00
 2.11744e+13	1.66e-32	1.52e-24	1.62e-17	2.58e-11	3.88e-06	1.00e+00	1.08e-05	0.00e+00
 2.19655e+13	2.32e-32	2.00e-24	2.00e-17	2.98e-11	4.18e-06	1.00e+00	1.00e-05	0.00e+00
 2.27764e+13	3.24e-32	2.61e-24	2.46e-17	3.44e-11	4.50e-06	1.00e+00	9.31e-06	0.00e+00
 2.34509e+13	4.24e-32	3.25e-24	2.90e-17	3.86e-11	4.78e-06	1.00e+00	8.78e-06	0.00e+00
 2.41615e+13	5.59e-32	4.07e-24	3.45e-17	4.34e-11	5.08e-06	1.00e+00	8.26e-06	0.00e+00
 2.50694e+13	7.88e-32	5.37e-24	4.27e-17	5.02e-11	5.47e-06	1.00e+00	7.66e-06	0.00e+00
 2.60198e+13	1.11e-31	7.10e-24	5.28e-17	5.82e-11	5.91e-06	1.00e+00	7.11e-06	0.00e+00
 2.68582e+13	1.50e-31	9.03e-24	6.35e-17	6.59e-11	6.30e-06	1.00e+00	6.67e-06	0.00e+00
 2.77647e+13	2.05e-31	1.16e-23	7.69e-17	7.51e-11	6.73e-06	1.00e+00	6.24e-06	0.00e+00
 2.87794e+13	2.87e-31	1.52e-23	9.47e-17	8.65e-11	7.24e-06	1.00e+00	5.80e-06	0.00e+00
 2.97340e+13	3.90e-31	1.96e-23	1.14e-16	9.84e-11	7.73e-06	1.00e+00	5.43e-06	0.00e+00
 3.07744e+13	5.41e-31	2.54e-23	1.40e-16	1.13e-10	8.29e-06	1.00e+00	5.07e-06	0.00e+00
 3.19299e+13	7.67e-31	3.37e-23	1.73e-16	1.30e-10	8.93e-06	1.00e+00	4.71e-06	0.00e+00
 3.30053e+13	1.05e-30	4.35e-23	2.10e-16	1.48e-10	9.54e-06	1.00e+00	4.41e-06	0.00e+00
 3.41737e+13	1.47e-30	5.69e-23	2.57e-16	1.70e-10	1.02e-05	1.00e+00	4.11e-06	0.00e+00
 3.54801e+13	2.10e-30	7.59e-23	3.20e-16	1.97e-10	1.10e-05	1.00e+00	3.81e-06	0.00e+00
 3.67106e+13	2.92e-30	9.87e-23	3.91e-16	2.26e-10	1.18e-05	1.00e+00	3.56e-06	0.00e+00
 3.80548e+13	4.13e-30	1.30e-22	4.82e-16	2.60e-10	1.27e-05	1.00e+00	3.32e-06	0.00e+00
 3.95558e+13	5.99e-30	1.76e-22	6.05e-16	3.03e-10	1.37e-05	1.00e+00	3.07e-06	0.00e+00
 4.09699e+13	8.41e-30	2.31e-22	7.43e-16	3.48e-10	1.47e-05	1.00e+00	2.86e-06	0.00e+00
 4.24904e+13	1.20e-29	3.07e-22	9.21e-16	4.02e-10	1.58e-05	1.00e+00	2.66e-06	0.00e+00
 4.42200e+13	1.76e-29	4.19e-22	1.16e-15	4.71e-10	1.71e-05	1.00e+00	2.46e-06	0.00e+00
 4.59130e+13	2.54e-29	5.62e-22	1.45e-15	5.46e-10	1.84e-05	1.00e+00	2.28e-06	0.00e+00
 4.76737e+13	3.67e-29	7.54e-22	1.81e-15	6.33e-10	1.99e-05	1.00e+00	2.12e-06	0.00e+00
 4.96106e+13	5.40e-29	1.03e-21	2.29e-15	7.41e-10	2.15e-05	1.00e+00	1.96e-06	0.00e+00
 5.15656e+13	7.88e-29	1.39e-21	2.88e-15	8.63e-10	2.32e-05	1.00e+00	1.81e-06	0.00e+00
 5.35988e+13	1.15e-28	1.88e-21	3.61e-15	1.01e-09	2.51e-05	1.00e+00	1.68e-06	0.00e+00
 5.56451e+13	1.65e-28	2.52e-21	4.51e-15	1.17e-09	2.70e-05	1.00e+00	1.56e-06	0.00e+00
 5.75729e+13	2.31e-28	3.30e-21	5.51e-15	1.34e-09	2.89e-05	1.00e+00	1.45e-06	0.00e+00
 5.97054e+13	3.29e-28	4.38e-21	6.83e-15	1.54e-09	3.11e-05	1.00e+00	1.35e-06	0.00e+00
 6.18416e+13	4.63e-28	5.76e-21	8.40e-15	1.77e-09	3.34e-05	1.00e+00	1.26e-06	0.00e+00
 6.35975e+13	6.09e-28	7.18e-21	9.91e-15	1.98e-09	3.53e-05	1.00e+00	1.19e-06	0.00e+00
 6.54494e+13	8.05e-28	8.98e-21	1.17e-14	2.22e-09	3.74e-05	1.00e+00	1.12e-06	0.00e+00
 6.78410e+13	1.14e-27	1.19e-20	1.45e-14	2.56e-09	4.02e-05	1.00e+00	1.05e-06	0.00e+00
 7.03631e+13	1.62e-27	1.58e-20	1.80e-14	2.96e-09	4.33e-05	1.00e+00	9.72e-07	0.00e+00
 7.25737e+13	2.19e-27	2.01e-20	2.16e-14	3.35e-09	4.61e-05	1.00e+00	0.00e+00	0.00e+00
 7.49501e+13	3.00e-27	2.59e-20	2.61e-14	3.81e-09	4.92e-05	1.00e+00	0.00e+00	0.00e+00
 7.78341e+13	4.32e-27	3.47e-20	3.27e-14	4.43e-09	5.31e-05	1.00e+00	0.00e+00	0.00e+00
 8.07685e+13	6.17e-27	4.63e-20	4.06e-14	5.13e-09	5.72e-05	1.00e+00	0.00e+00	0.00e+00
 8.34864e+13	8.51e-27	5.99e-20	4.94e-14	5.85e-09	6.12e-05	1.00e+00	0.00e+00	0.00e+00
 8.65218e+13	1.20e-26	7.90e-20	6.10e-14	6.75e-09	6.58e-05	1.00e+00	0.00e+00	0.00e+00
 8.97804e+13	1.71e-26	1.05e-19	7.59e-14	7.83e-09	7.10e-05	1.00e+00	0.00e+00	0.00e+00
 9.26775e+13	2.33e-26	1.35e-19	9.15e-14	8.88e-09	7.58e-05	1.00e+00	0.00e+00	0.00e+00
 9.57820e+13	3.19e-26	1.74e-19	1.11e-13	1.01e-08	8.11e-05	1.00e+00	0.00e+00	0.00e+00
 9.95023e+13	4.60e-26	2.34e-19	1.39e-13	1.18e-08	8.77e-05	1.00e+00	0.00e+00	0.00e+00
 1.03157e+14	6.50e-26	3.09e-19	1.72e-13	1.36e-08	9.44e-05	1.00e+00	0.00e+00	0.00e+00
 1.06399e+14	8.75e-26	3.93e-19	2.07e-13	1.54e-08	1.01e-04	1.00e+00	0.00e+00	0.00e+00
 1.09971e+14	1.20e-25	5.07e-19	2.51e-13	1.76e-08	1.08e-04	1.00e+00	0.00e+00	0.00e+00
 1.14245e+14	1.73e-25	6.80e-19	3.14e-13	2.05e-08	1.16e-04	1.00e+00	0.00e+00	0.00e+00
 1.18495e+14	2.45e-25	9.02e-19	3.90e-13	2.38e-08	1.26e-04	1.00e+00	0.00e+00	0.00e+00
 1.22361e+14	3.33e-25	1.16e-18	4.72e-13	2.70e-08	1.34e-04	1.00e+00	0.00e+00	0.00e+00
 1.26666e+14	4.64e-25	1.51e-18	5.78e-13	3.11e-08	1.44e-04	1.00e+00	0.00e+00	0.00e+00
 1.31697e+14	6.72e-25	2.04e-18	7.28e-13	3.63e-08	1.56e-04	1.00e+00	0.00e+00	0.00e+00
 1.36645e+14	9.58e-25	2.72e-18	9.05e-13	4.21e-08	1.68e-04	1.00e+00	0.00e+00	0.00e+00
 1.41294e+14	1.32e-24	3.52e-18	1.10e-12	4.81e-08	1.80e-04	1.00e+00	0.00e+00	0.00e+00
 1.46478e+14	1.86e-24	4.65e-18	1.36e-12	5.56e-08	1.94e-04	1.00e+00	0.00e+00	0.00e+00
 1.52367e+14	2.72e-24	6.31e-18	1.72e-12	6.52e-08	2.11e-04	1.00e+00	0.00e+00	0.00e+00
 1.58234e+14	3.91e-24	8.46e-18	2.15e-12	7.58e-08	2.28e-04	1.00e+00	0.00e+00	0.00e+00
 1.63700e+14	5.42e-24	1.10e-17	2.63e-12	8.69e-08	2.44e-04	1.00e+00	0.00e+00	0.00e+00
 1.69643e+14	7.63e-24	1.45e-17	3.25e-12	1.00e-07	2.63e-04	1.00e+00	0.00e+00	0.00e+00
 1.76313e+14	1.11e-23	1.96e-17	4.08e-12	1.17e-07	2.84e-04	1.00e+00	0.00e+00	0.00e+00
 1.82530e+14	1.55e-23	2.57e-17	5.01e-12	1.34e-07	3.05e-04	1.00e+00	0.00e+00	0.00e+00
 1.88275e+14	2.08e-23	3.26e-17	6.02e-12	1.52e-07	3.25e-04	1.00e+00	0.00e+00	0.00e+00
 1.93803e+14	2.76e-23	4.09e-17	7.14e-12	1.71e-07	3.45e-04	1.00e+00	0.00e+00	0.00e+00
 1.99944e+14	3.72e-23	5.21e-17	8.59e-12	1.93e-07	3.68e-04	1.00e+00	0.00e+00	0.00e+00
 2.06736e+14	5.15e-23	6.77e-17	1.05e-11	2.21e-07	3.94e-04	1.00e+00	0.00e+00	0.00e+00
 2.13055e+14	6.89e-23	8.56e-17	1.25e-11	2.49e-07	4.19e-04	1.00e+00	0.00e+00	0.00e+00
 2.19949e+14	9.39e-23	1.10e-16	1.51e-11	2.83e-07	4.47e-04	1.00e+00	0.00e+00	0.00e+00
 2.27705e+14	1.31e-22	1.44e-16	1.86e-11	3.25e-07	4.79e-04	1.00e+00	0.00e+00	0.00e+00
 2.35113e+14	1.79e-22	1.85e-16	2.24e-11	3.70e-07	5.12e-04	9.99e-01	0.00e+00	0.00e+00
 2.43275e+14	2.49e-22	2.41e-16	2.75e-11	4.24e-07	5.48e-04	9.99e-01	0.00e+00	0.00e+00
 2.52274e+14	3.56e-22	3.21e-16	3.41e-11	4.90e-07	5.90e-04	9.99e-01	0.00e+00	0.00e+00
 2.60550e+14	4.86e-22	4.13e-16	4.13e-11	5.58e-07	6.31e-04	9.99e-01	0.00e+00	0.00e+00
 2.69500e+14	6.76e-22	5.38e-16	5.05e-11	6.38e-07	6.75e-04	9.99e-01	0.00e+00	0.00e+00
 2.79512e+14	9.63e-22	7.15e-16	6.26e-11	7.39e-07	7.27e-04	9.99e-01	0.00e+00	0.00e+00
 2.88929e+14	1.33e-21	9.27e-16	7.62e-11	8.43e-07	7.78e-04	9.99e-01	0.00e+00	0.00e+00
 2.99195e+14	1.86e-21	1.22e-15	9.37e-11	9.70e-07	8.36e-04	9.99e-01	0.00e+00	0.00e+00
 3.10595e+14	2.67e-21	1.63e-15	1.17e-10	1.13e-06	9.02e-04	9.99e-01	0.00e+00	0.00e+00
 3.21220e+14	3.70e-21	2.12e-15	1.43e-10	1.29e-06	9.66e-04	9.99e-01	0.00e+00	0.00e+00
 3.32784e+14	5.20e-21	2.79e-15	1.76e-10	1.48e-06	1.04e-03	9.99e-01	0.00e+00	0.00e+00
 3.45731e+14	7.50e-21	3.75e-15	2.21e-10	1.73e-06	1.12e-03	9.99e-01	0.00e+00	0.00e+00
 3.57964e+14	1.05e-20	4.90e-15	2.71e-10	1.99e-06	1.21e-03	9.99e-01	0.00e+00	0.00e+00
 3.71077e+14	1.48e-20	6.48e-15	3.35e-10	2.30e-06	1.30e-03	9.99e-01	0.00e+00	0.00e+00
 3.85950e+14	2.15e-20	8.77e-15	4.23e-10	2.69e-06	1.41e-03	9.99e-01	0.00e+00	0.00e+00
 4.00521e+14	3.05e-20	1.17e-14	5.26e-10	3.12e-06	1.52e-03	9.98e-01	0.00e+00	0.00e+00
 4.15676e+14	4.33e-20	1.55e-14	6.54e-10	3.62e-06	1.65e-03	9.98e-01	0.00e+00	0.00e+00
 4.32333e+14	6.25e-20	2.09e-14	8.24e-10	4.24e-06	1.79e-03	9.98e-01	0.00e+00	0.00e+00
 4.48716e+14	8.86e-20	2.78e-14	1.03e-09	4.93e-06	1.93e-03	9.98e-01	0.00e+00	0.00e+00
 4.62239e+14	1.17e-19	3.47e-14	1.22e-09	5.55e-06	2.06e-03	9.98e-01	0.00e+00	0.00e+00
 4.73114e+14	1.44e-19	4.14e-14	1.40e-09	6.10e-06	2.16e-03	9.98e-01	0.00e+00	0.00e+00
 4.85172e+14	1.82e-19	5.00e-14	1.62e-09	6.75e-06	2.28e-03	9.98e-01	0.00e+00	0.00e+00
 5.00846e+14	2.43e-19	6.34e-14	1.95e-09	7.67e-06	2.44e-03	9.98e-01	0.00e+00	0.00e+00
 5.17670e+14	3.28e-19	8.12e-14	2.36e-09	8.77e-06	2.62e-03	9.97e-01	0.00e+00	0.00e+00
 5.32613e+14	4.24e-19	1.00e-13	2.79e-09	9.83e-06	2.79e-03	9.97e-01	0.00e+00	0.00e+00
 5.48662e+14	5.55e-19	1.25e-13	3.32e-09	1.11e-05	2.97e-03	9.97e-01	0.00e+00	0.00e+00
 5.68903e+14	7.65e-19	1.63e-13	4.09e-09	1.28e-05	3.22e-03	9.97e-01	0.00e+00	0.00e+00
 5.89436e+14	1.05e-18	2.11e-13	5.03e-09	1.48e-05	3.48e-03	9.97e-01	0.00e+00	0.00e+00
 6.07018e+14	1.36e-18	2.62e-13	5.96e-09	1.67e-05	3.71e-03	9.96e-01	0.00e+00	0.00e+00
 6.25921e+14	1.77e-18	3.27e-13	7.12e-09	1.89e-05	3.97e-03	9.96e-01	0.00e+00	0.00e+00
 6.49353e+14	2.44e-18	4.27e-13	8.81e-09	2.19e-05	4.31e-03	9.96e-01	0.00e+00	0.00e+00
 6.73363e+14	3.34e-18	5.55e-13	1.09e-08	2.53e-05	4.67e-03	9.95e-01	0.00e+00	0.00e+00
 6.94744e+14	4.36e-18	6.95e-13	1.30e-08	2.87e-05	5.01e-03	9.95e-01	0.00e+00	0.00e+00
 7.18016e+14	5.76e-18	8.78e-13	1.58e-08	3.28e-05	5.39e-03	9.95e-01	0.00e+00	0.00e+00
 7.45809e+14	7.97e-18	1.15e-12	1.96e-08	3.83e-05	5.87e-03	9.94e-01	0.00e+00	0.00e+00
 7.73217e+14	1.08e-17	1.49e-12	2.42e-08	4.43e-05	6.37e-03	9.94e-01	0.00e+00	0.00e+00
 7.97874e+14	1.40e-17	1.86e-12	2.90e-08	5.02e-05	6.84e-03	9.93e-01	0.00e+00	0.00e+00
 8.25214e+14	1.87e-17	2.36e-12	3.52e-08	5.75e-05	7.38e-03	9.93e-01	0.00e+00	0.00e+00
 8.57495e+14	2.57e-17	3.10e-12	4.40e-08	6.72e-05	8.05e-03	9.92e-01	0.00e+00	0.00e+00
 8.89392e+14	3.49e-17	4.02e-12	5.44e-08	7.78e-05	8.75e-03	9.91e-01	0.00e+00	0.00e+00
 9.18883e+14	4.58e-17	5.06e-12	6.57e-08	8.87e-05	9.42e-03	9.90e-01	0.00e+00	0.00e+00
 9.51986e+14	6.15e-17	6.50e-12	8.08e-08	1.02e-04	1.02e-02	9.90e-01	0.00e+00	0.00e+00
 9.90095e+14	8.53e-17	8.58e-12	1.02e-07	1.20e-04	1.12e-02	9.89e-01	0.00e+00	0.00e+00
 1.02742e+15	1.16e-16	1.12e-11	1.26e-07	1.39e-04	1.21e-02	9.88e-01	0.00e+00	0.00e+00
 1.06625e+15	1.88e-16	1.45e-11	1.57e-07	1.61e-04	1.32e-02	9.87e-01	0.00e+00	0.00e+00
 1.10172e+15	2.49e-16	1.83e-11	1.90e-07	1.84e-04	1.42e-02	9.86e-01	0.00e+00	0.00e+00
 1.12801e+15	3.01e-16	2.17e-11	2.18e-07	2.02e-04	1.50e-02	9.85e-01	0.00e+00	0.00e+00
 1.15501e+15	3.68e-16	2.57e-11	2.50e-07	2.22e-04	1.58e-02	9.84e-01	0.00e+00	0.00e+00
 1.19010e+15	4.74e-16	3.18e-11	2.99e-07	2.51e-04	1.70e-02	9.83e-01	0.00e+00	0.00e+00
 1.22826e+15	6.21e-16	3.99e-11	3.60e-07	2.85e-04	1.82e-02	9.82e-01	0.00e+00	0.00e+00
 1.26280e+15	7.87e-16	4.87e-11	4.24e-07	3.18e-04	1.94e-02	9.80e-01	0.00e+00	0.00e+00
 1.30009e+15	1.01e-15	6.01e-11	5.04e-07	3.57e-04	2.07e-02	9.79e-01	0.00e+00	0.00e+00
 1.34761e+15	1.38e-15	7.80e-11	6.24e-07	4.13e-04	2.25e-02	9.77e-01	0.00e+00	0.00e+00
 1.39544e+15	1.86e-15	1.01e-10	7.69e-07	4.75e-04	2.43e-02	9.75e-01	0.00e+00	0.00e+00
 1.43513e+15	2.37e-15	1.23e-10	9.08e-07	5.31e-04	2.59e-02	9.74e-01	0.00e+00	0.00e+00
 1.47721e+15	3.04e-15	1.52e-10	1.08e-06	5.96e-04	2.76e-02	9.72e-01	0.00e+00	0.00e+00
 1.53102e+15	4.16e-15	1.98e-10	1.34e-06	6.89e-04	2.99e-02	9.69e-01	0.00e+00	0.00e+00
 1.58773e+15	5.71e-15	2.59e-10	1.67e-06	7.97e-04	3.24e-02	9.67e-01	0.00e+00	0.00e+00
 1.63850e+15	7.50e-15	3.26e-10	2.01e-06	9.04e-04	3.48e-02	9.64e-01	0.00e+00	0.00e+00
 1.69391e+15	1.01e-14	4.18e-10	2.46e-06	1.03e-03	3.74e-02	9.62e-01	0.00e+00	0.00e+00
 1.75975e+15	1.41e-14	5.56e-10	3.10e-06	1.20e-03	4.07e-02	9.58e-01	0.00e+00	0.00e+00
 1.82456e+15	1.94e-14	7.28e-10	3.86e-06	1.39e-03	4.41e-02	9.54e-01	0.00e+00	0.00e+00
 1.88340e+15	2.57e-14	9.22e-10	4.67e-06	1.58e-03	4.73e-02	9.51e-01	0.00e+00	0.00e+00
 1.94909e+15	3.49e-14	1.19e-09	5.75e-06	1.81e-03	5.10e-02	9.47e-01	0.00e+00	0.00e+00
 2.02595e+15	4.93e-14	1.60e-09	7.27e-06	2.12e-03	5.55e-02	9.42e-01	0.00e+00	0.00e+00
 2.10177e+15	6.86e-14	2.11e-09	9.09e-06	2.45e-03	6.01e-02	9.37e-01	0.00e+00	0.00e+00
 2.17293e+15	9.26e-14	2.72e-09	1.11e-05	2.81e-03	6.46e-02	9.33e-01	0.00e+00	0.00e+00
 2.25217e+15	1.28e-13	3.57e-09	1.39e-05	3.24e-03	6.97e-02	9.27e-01	0.00e+00	0.00e+00
 2.34229e+15	1.83e-13	4.82e-09	1.76e-05	3.79e-03	7.58e-02	9.20e-01	0.00e+00	0.00e+00
 2.41796e+15	2.43e-13	6.14e-09	2.14e-05	4.30e-03	8.11e-02	9.15e-01	0.00e+00	0.00e+00
 2.47229e+15	2.97e-13	7.27e-09	2.45e-05	4.70e-03	8.51e-02	9.10e-01	0.00e+00	0.00e+00
 2.52891e+15	3.65e-13	8.65e-09	2.81e-05	5.15e-03	8.93e-02	9.06e-01	0.00e+00	0.00e+00
 2.60251e+15	4.74e-13	1.08e-08	3.35e-05	5.77e-03	9.48e-02	8.99e-01	0.00e+00	0.00e+00
 2.68453e+15	6.28e-13	1.37e-08	4.05e-05	6.53e-03	1.01e-01	8.92e-01	0.00e+00	0.00e+00
 2.76125e+15	8.12e-13	1.70e-08	4.80e-05	7.30e-03	1.07e-01	8.85e-01	0.00e+00	0.00e+00
 2.84473e+15	1.07e-12	2.14e-08	5.76e-05	8.23e-03	1.14e-01	8.78e-01	0.00e+00	0.00e+00
 2.93793e+15	1.43e-12	2.73e-08	7.02e-05	9.35e-03	1.22e-01	8.69e-01	0.00e+00	0.00e+00
 3.02569e+15	1.87e-12	3.42e-08	8.39e-05	1.05e-02	1.29e-01	8.60e-01	0.00e+00	0.00e+00
 3.12171e+15	2.49e-12	4.35e-08	1.01e-04	1.19e-02	1.38e-01	8.50e-01	0.00e+00	0.00e+00
 3.22959e+15	3.38e-12	5.64e-08	1.25e-04	1.36e-02	1.47e-01	8.39e-01	0.00e+00	0.00e+00
 3.33217e+15	4.49e-12	7.16e-08	1.50e-04	1.53e-02	1.57e-01	8.28e-01	0.00e+00	0.00e+00
 3.44479e+15	6.10e-12	9.26e-08	1.84e-04	1.75e-02	1.67e-01	8.15e-01	0.00e+00	0.00e+00
 3.56915e+15	8.44e-12	1.22e-07	2.28e-04	2.00e-02	1.79e-01	8.01e-01	0.00e+00	0.00e+00
 3.68414e+15	1.13e-11	1.55e-07	2.76e-04	2.26e-02	1.90e-01	7.87e-01	0.00e+00	0.00e+00
 3.80899e+15	1.54e-11	2.01e-07	3.37e-04	2.58e-02	2.02e-01	7.72e-01	0.00e+00	0.00e+00
 3.94761e+15	2.13e-11	2.64e-07	4.18e-04	2.95e-02	2.16e-01	7.55e-01	0.00e+00	0.00e+00
 4.07665e+15	2.85e-11	3.38e-07	5.06e-04	3.34e-02	2.28e-01	7.38e-01	0.00e+00	0.00e+00
 4.21693e+15	3.90e-11	4.38e-07	6.19e-04	3.79e-02	2.42e-01	7.19e-01	0.00e+00	0.00e+00
 4.36690e+15	5.34e-11	5.72e-07	7.62e-04	4.32e-02	2.57e-01	6.99e-01	0.00e+00	0.00e+00
 4.49891e+15	6.99e-11	7.16e-07	9.07e-04	4.82e-02	2.70e-01	6.81e-01	0.00e+00	0.00e+00
 4.61281e+15	8.73e-11	8.63e-07	1.05e-03	5.28e-02	2.81e-01	6.65e-01	0.00e+00	0.00e+00
 4.73378e+15	1.11e-10	1.05e-06	1.22e-03	5.81e-02	2.92e-01	6.48e-01	0.00e+00	0.00e+00
 4.86854e+15	1.42e-10	1.30e-06	1.44e-03	6.42e-02	3.05e-01	6.29e-01	0.00e+00	0.00e+00
 4.99643e+15	1.80e-10	1.57e-06	1.67e-03	7.05e-02	3.17e-01	6.11e-01	0.00e+00	0.00e+00
 5.13788e+15	2.32e-10	1.95e-06	1.97e-03	7.79e-02	3.29e-01	5.91e-01	0.00e+00	0.00e+00
 5.29115e+15	3.01e-10	2.42e-06	2.33e-03	8.62e-02	3.43e-01	5.69e-01	0.00e+00	0.00e+00
 5.43177e+15	3.79e-10	2.93e-06	2.70e-03	9.43e-02	3.54e-01	5.49e-01	0.00e+00	0.00e+00
 5.58654e+15	4.90e-10	3.62e-06	3.17e-03	1.04e-01	3.67e-01	5.26e-01	0.00e+00	0.00e+00
 5.75686e+15	6.37e-10	4.51e-06	3.75e-03	1.15e-01	3.79e-01	5.02e-01	0.00e+00	0.00e+00
 5.91763e+15	8.11e-10	5.50e-06	4.38e-03	1.26e-01	3.90e-01	4.80e-01	0.00e+00	0.00e+00
 6.09690e+15	1.06e-09	6.87e-06	5.18e-03	1.39e-01	4.02e-01	4.54e-01	0.00e+00	0.00e+00
 6.28890e+15	1.39e-09	8.57e-06	6.14e-03	1.53e-01	4.13e-01	4.28e-01	0.00e+00	0.00e+00
 6.45835e+15	1.74e-09	1.03e-05	7.10e-03	1.66e-01	4.21e-01	4.06e-01	0.00e+00	0.00e+00
 6.63953e+15	2.24e-09	1.27e-05	8.29e-03	1.81e-01	4.29e-01	3.81e-01	0.00e+00	0.00e+00
 6.83989e+15	2.89e-09	1.57e-05	9.73e-03	1.98e-01	4.37e-01	3.56e-01	0.00e+00	0.00e+00
 7.02588e+15	3.63e-09	1.89e-05	1.12e-02	2.14e-01	4.42e-01	3.33e-01	0.00e+00	0.00e+00
 7.22838e+15	4.69e-09	2.33e-05	1.31e-02	2.32e-01	4.46e-01	3.08e-01	0.00e+00	0.00e+00
 7.44686e+15	6.06e-09	2.86e-05	1.54e-02	2.52e-01	4.49e-01	2.84e-01	0.00e+00	0.00e+00
 7.63227e+15	7.44e-09	3.39e-05	1.75e-02	2.69e-01	4.49e-01	2.64e-01	0.00e+00	0.00e+00
 7.79247e+15	8.90e-09	3.92e-05	1.96e-02	2.85e-01	4.49e-01	2.47e-01	0.00e+00	0.00e+00
 7.97374e+15	1.10e-08	4.64e-05	2.22e-02	3.02e-01	4.47e-01	2.28e-01	0.00e+00	0.00e+00
 8.17727e+15	1.37e-08	5.54e-05	2.54e-02	3.22e-01	4.44e-01	2.08e-01	0.00e+00	0.00e+00
 8.36525e+15	1.67e-08	6.50e-05	2.87e-02	3.41e-01	4.39e-01	1.91e-01	0.00e+00	0.00e+00
 8.53538e+15	1.99e-08	7.50e-05	3.19e-02	3.58e-01	4.34e-01	1.76e-01	0.00e+00	0.00e+00
 8.72674e+15	2.46e-08	8.88e-05	3.61e-02	3.77e-01	4.27e-01	1.60e-01	0.00e+00	0.00e+00
 8.93317e+15	3.05e-08	1.05e-04	4.10e-02	3.97e-01	4.18e-01	1.44e-01	0.00e+00	0.00e+00
 9.11581e+15	3.68e-08	1.22e-04	4.58e-02	4.15e-01	4.08e-01	1.31e-01	0.00e+00	0.00e+00
 9.28398e+15	4.38e-08	1.40e-04	5.07e-02	4.31e-01	3.99e-01	1.19e-01	0.00e+00	0.00e+00
 9.47670e+15	5.38e-08	1.65e-04	5.71e-02	4.50e-01	3.86e-01	1.07e-01	0.00e+00	0.00e+00
 9.68306e+15	6.68e-08	1.96e-04	6.46e-02	4.69e-01	3.72e-01	9.42e-02	0.00e+00	0.00e+00
 9.86151e+15	8.01e-08	2.26e-04	7.17e-02	4.85e-01	3.59e-01	8.44e-02	0.00e+00	0.00e+00
 1.00217e+16	9.50e-08	2.58e-04	7.89e-02	4.99e-01	3.46e-01	7.59e-02	0.00e+00	0.00e+00
 1.02039e+16	1.16e-07	3.01e-04	8.80e-02	5.14e-01	3.31e-01	6.69e-02	0.00e+00	0.00e+00
 1.03989e+16	1.44e-07	3.57e-04	9.91e-02	5.29e-01	3.13e-01	5.79e-02	0.00e+00	0.00e+00
 1.05649e+16	1.73e-07	4.10e-04	1.09e-01	5.41e-01	2.98e-01	5.11e-02	0.00e+00	0.00e+00
 1.07102e+16	2.04e-07	4.65e-04	1.19e-01	5.51e-01	2.84e-01	4.54e-02	0.00e+00	0.00e+00
 1.08743e+16	2.46e-07	5.38e-04	1.32e-01	5.61e-01	2.67e-01	3.94e-02	0.00e+00	0.00e+00
 1.10498e+16	3.07e-07	6.37e-04	1.47e-01	5.70e-01	2.49e-01	3.34e-02	0.00e+00	0.00e+00
 1.11938e+16	3.64e-07	7.25e-04	1.61e-01	5.76e-01	2.33e-01	2.91e-02	0.00e+00	0.00e+00
 1.13109e+16	4.21e-07	8.11e-04	1.73e-01	5.80e-01	2.20e-01	2.57e-02	0.00e+00	0.00e+00
 1.14393e+16	4.79e-07	8.99e-04	1.87e-01	5.84e-01	2.06e-01	2.24e-02	0.00e+00	0.00e+00
 1.16062e+16	6.26e-07	1.09e-03	2.09e-01	5.86e-01	1.86e-01	1.81e-02	0.00e+00	0.00e+00
 1.17544e+16	7.30e-07	1.24e-03	2.28e-01	5.86e-01	1.69e-01	1.51e-02	0.00e+00	0.00e+00
 1.18428e+16	8.73e-07	1.40e-03	2.43e-01	5.84e-01	1.58e-01	1.32e-02	0.00e+00	0.00e+00
 1.19007e+16	9.48e-07	1.49e-03	2.52e-01	5.83e-01	1.51e-01	1.21e-02	0.00e+00	0.00e+00
 1.19547e+16	1.03e-06	1.59e-03	2.62e-01	5.81e-01	1.44e-01	1.11e-02	0.00e+00	0.00e+00
 1.20248e+16	1.12e-06	1.70e-03	2.73e-01	5.79e-01	1.36e-01	9.91e-03	0.00e+00	0.00e+00
 1.21160e+16	1.29e-06	1.88e-03	2.90e-01	5.75e-01	1.25e-01	8.43e-03	0.00e+00	0.00e+00
 1.22059e+16	1.49e-06	2.10e-03	3.07e-01	5.70e-01	1.14e-01	7.12e-03	0.00e+00	0.00e+00
 1.22719e+16	1.72e-06	2.32e-03	3.21e-01	5.64e-01	1.06e-01	6.17e-03	0.00e+00	0.00e+00
 1.23214e+16	1.84e-06	2.44e-03	3.31e-01	5.61e-01	1.00e-01	5.58e-03	0.00e+00	0.00e+00
 1.23716e+16	2.07e-06	2.65e-03	3.43e-01	5.56e-01	9.37e-02	4.92e-03	0.00e+00	0.00e+00
 1.24277e+16	2.23e-06	2.80e-03	3.55e-01	5.51e-01	8.74e-02	4.34e-03	0.00e+00	0.00e+00
 1.24915e+16	2.51e-06	3.06e-03	3.69e-01	5.44e-01	7.98e-02	3.68e-03	0.00e+00	0.00e+00
 1.25593e+16	2.85e-06	3.35e-03	3.85e-01	5.36e-01	7.22e-02	3.07e-03	0.00e+00	0.00e+00
 1.26172e+16	3.30e-06	3.71e-03	4.00e-01	5.28e-01	6.56e-02	2.56e-03	0.00e+00	0.00e+00
 1.26640e+16	3.59e-06	3.94e-03	4.11e-01	5.22e-01	6.07e-02	2.23e-03	0.00e+00	0.00e+00
 1.27114e+16	3.97e-06	4.24e-03	4.23e-01	5.15e-01	5.56e-02	1.90e-03	0.00e+00	0.00e+00
 1.27731e+16	4.56e-06	4.66e-03	4.39e-01	5.06e-01	4.93e-02	1.53e-03	0.00e+00	0.00e+00
 1.28365e+16	5.18e-06	5.11e-03	4.54e-01	4.96e-01	4.35e-02	1.22e-03	0.00e+00	0.00e+00
 1.28894e+16	5.78e-06	5.52e-03	4.67e-01	4.87e-01	3.89e-02	9.93e-04	0.00e+00	0.00e+00
 1.29455e+16	6.55e-06	6.03e-03	4.82e-01	4.77e-01	3.41e-02	7.84e-04	0.00e+00	0.00e+00
 1.30072e+16	7.49e-06	6.62e-03	4.97e-01	4.66e-01	2.94e-02	6.01e-04	0.00e+00	0.00e+00
 1.30641e+16	8.47e-06	7.21e-03	5.11e-01	4.56e-01	2.55e-02	4.65e-04	0.00e+00	0.00e+00
 1.31265e+16	9.72e-06	7.94e-03	5.25e-01	4.45e-01	2.16e-02	3.44e-04	0.00e+00	0.00e+00
 1.31954e+16	1.13e-05	8.81e-03	5.41e-01	4.32e-01	1.80e-02	2.45e-04	0.00e+00	0.00e+00
 1.32605e+16	1.30e-05	9.70e-03	5.56e-01	4.20e-01	1.49e-02	1.76e-04	0.00e+00	0.00e+00
 1.33329e+16	1.52e-05	1.08e-02	5.71e-01	4.06e-01	1.21e-02	1.20e-04	0.00e+00	0.00e+00
 1.33991e+16	1.74e-05	1.19e-02	5.84e-01	3.94e-01	1.00e-02	8.51e-05	0.00e+00	0.00e+00
 1.34439e+16	1.91e-05	1.26e-02	5.93e-01	3.85e-01	8.79e-03	6.71e-05	0.00e+00	0.00e+00
 1.34887e+16	2.10e-05	1.35e-02	6.02e-01	3.77e-01	7.65e-03	5.22e-05	0.00e+00	0.00e+00
 1.35470e+16	2.38e-05	1.47e-02	6.13e-01	3.66e-01	6.39e-03	3.76e-05	0.00e+00	0.00e+00
 1.36113e+16	2.72e-05	1.61e-02	6.25e-01	3.54e-01	5.27e-03	2.65e-05	0.00e+00	0.00e+00
 1.36713e+16	3.08e-05	1.75e-02	6.36e-01	3.42e-01	4.41e-03	1.90e-05	0.00e+00	0.00e+00
 1.37372e+16	3.52e-05	1.91e-02	6.47e-01	3.30e-01	3.60e-03	1.31e-05	0.00e+00	0.00e+00
 1.38097e+16	4.09e-05	2.12e-02	6.59e-01	3.17e-01	2.90e-03	8.84e-06	0.00e+00	0.00e+00
 1.38732e+16	4.67e-05	2.31e-02	6.70e-01	3.05e-01	2.40e-03	6.28e-06	0.00e+00	0.00e+00
 1.39276e+16	5.23e-05	2.49e-02	6.78e-01	2.95e-01	2.04e-03	4.67e-06	0.00e+00	0.00e+00
 1.39878e+16	5.94e-05	2.72e-02	6.88e-01	2.83e-01	1.70e-03	3.33e-06	0.00e+00	0.00e+00
 1.40550e+16	6.84e-05	2.98e-02	6.98e-01	2.71e-01	1.39e-03	2.31e-06	0.00e+00	0.00e+00
 1.41168e+16	7.83e-05	3.26e-02	7.07e-01	2.59e-01	1.16e-03	1.66e-06	0.00e+00	0.00e+00
 1.41724e+16	8.84e-05	3.54e-02	7.15e-01	2.49e-01	9.82e-04	1.23e-06	0.00e+00	0.00e+00
 1.42347e+16	1.01e-04	3.88e-02	7.23e-01	2.37e-01	8.11e-04	8.67e-07	0.00e+00	0.00e+00
 1.43018e+16	1.18e-04	4.29e-02	7.32e-01	2.24e-01	6.63e-04	0.00e+00	0.00e+00	0.00e+00
 1.43596e+16	1.35e-04	4.69e-02	7.39e-01	2.14e-01	5.57e-04	0.00e+00	0.00e+00	0.00e+00
 1.44104e+16	1.52e-04	5.07e-02	7.45e-01	2.04e-01	4.76e-04	0.00e+00	0.00e+00	0.00e+00
 1.44675e+16	1.74e-04	5.55e-02	7.51e-01	1.93e-01	3.98e-04	0.00e+00	0.00e+00	0.00e+00
 1.45298e+16	2.03e-04	6.14e-02	7.57e-01	1.81e-01	3.26e-04	0.00e+00	0.00e+00	0.00e+00
 1.45846e+16	2.33e-04	6.73e-02	7.61e-01	1.71e-01	2.74e-04	0.00e+00	0.00e+00	0.00e+00
 1.46325e+16	2.63e-04	7.30e-02	7.64e-01	1.62e-01	2.34e-04	0.00e+00	0.00e+00	0.00e+00
 1.46856e+16	3.03e-04	7.99e-02	7.67e-01	1.52e-01	1.96e-04	0.00e+00	0.00e+00	0.00e+00
 1.47435e+16	3.54e-04	8.86e-02	7.69e-01	1.42e-01	1.61e-04	0.00e+00	0.00e+00	0.00e+00
 1.47944e+16	4.08e-04	9.71e-02	7.70e-01	1.32e-01	1.35e-04	0.00e+00	0.00e+00	0.00e+00
 1.48388e+16	4.62e-04	1.05e-01	7.70e-01	1.24e-01	1.15e-04	0.00e+00	0.00e+00	0.00e+00
 1.48880e+16	5.32e-04	1.16e-01	7.68e-01	1.15e-01	9.56e-05	0.00e+00	0.00e+00	0.00e+00
 1.49420e+16	6.24e-04	1.28e-01	7.65e-01	1.06e-01	7.79e-05	0.00e+00	0.00e+00	0.00e+00
 1.49896e+16	7.23e-04	1.41e-01	7.61e-01	9.76e-02	6.48e-05	0.00e+00	0.00e+00	0.00e+00
 1.50313e+16	8.22e-04	1.53e-01	7.56e-01	9.05e-02	5.47e-05	0.00e+00	0.00e+00	0.00e+00
 1.50776e+16	9.50e-04	1.68e-01	7.48e-01	8.27e-02	4.49e-05	0.00e+00	0.00e+00	0.00e+00
 1.51286e+16	1.12e-03	1.87e-01	7.38e-01	7.44e-02	3.59e-05	0.00e+00	0.00e+00	0.00e+00
 1.51742e+16	1.31e-03	2.06e-01	7.26e-01	6.71e-02	2.91e-05	0.00e+00	0.00e+00	0.00e+00
 1.52143e+16	1.51e-03	2.25e-01	7.13e-01	6.09e-02	2.41e-05	0.00e+00	0.00e+00	0.00e+00
 1.52586e+16	1.76e-03	2.47e-01	6.97e-01	5.42e-02	1.92e-05	0.00e+00	0.00e+00	0.00e+00
 1.53081e+16	2.11e-03	2.76e-01	6.75e-01	4.71e-02	1.48e-05	0.00e+00	0.00e+00	0.00e+00
 1.53536e+16	2.51e-03	3.06e-01	6.51e-01	4.09e-02	1.14e-05	0.00e+00	0.00e+00	0.00e+00
 1.53951e+16	2.95e-03	3.36e-01	6.25e-01	3.54e-02	8.88e-06	0.00e+00	0.00e+00	0.00e+00
 1.54419e+16	3.54e-03	3.74e-01	5.93e-01	2.97e-02	6.56e-06	0.00e+00	0.00e+00	0.00e+00
 1.54929e+16	4.33e-03	4.20e-01	5.52e-01	2.39e-02	4.59e-06	0.00e+00	0.00e+00	0.00e+00
 1.55366e+16	5.21e-03	4.64e-01	5.11e-01	1.94e-02	3.27e-06	0.00e+00	0.00e+00	0.00e+00
 1.55727e+16	6.10e-03	5.03e-01	4.75e-01	1.60e-02	2.42e-06	0.00e+00	0.00e+00	0.00e+00
 1.56116e+16	7.20e-03	5.47e-01	4.33e-01	1.27e-02	1.70e-06	0.00e+00	0.00e+00	0.00e+00
 1.56519e+16	8.57e-03	5.96e-01	3.86e-01	9.70e-03	1.13e-06	0.00e+00	0.00e+00	0.00e+00
 1.56838e+16	9.92e-03	6.36e-01	3.47e-01	7.62e-03	7.97e-07	0.00e+00	0.00e+00	0.00e+00
 1.57092e+16	1.11e-02	6.68e-01	3.15e-01	6.20e-03	0.00e+00	0.00e+00	0.00e+00	0.00e+00
 1.57366e+16	1.26e-02	7.02e-01	2.81e-01	4.85e-03	0.00e+00	0.00e+00	0.00e+00	0.00e+00
 1.57672e+16	1.46e-02	7.39e-01	2.43e-01	3.59e-03	0.00e+00	0.00e+00	0.00e+00	0.00e+00
 1.57943e+16	1.66e-02	7.71e-01	2.09e-01	2.67e-03	0.00e+00	0.00e+00	0.00e+00	0.00e+00
 1.58169e+16	1.85e-02	7.97e-01	1.83e-01	2.05e-03	0.00e+00	0.00e+00	0.00e+00	0.00e+00
 1.58410e+16	2.08e-02	8.21e-01	1.56e-01	1.51e-03	0.00e+00	0.00e+00	0.00e+00	0.00e+00
 1.58673e+16	2.38e-02	8.46e-01	1.29e-01	1.05e-03	0.00e+00	0.00e+00	0.00e+00	0.00e+00
 1.58900e+16	2.67e-02	8.65e-01	1.07e-01	7.44e-04	0.00e+00	0.00e+00	0.00e+00	0.00e+00
 1.59089e+16	2.95e-02	8.79e-01	9.09e-02	5.47e-04	0.00e+00	0.00e+00	0.00e+00	0.00e+00
 1.59288e+16	3.28e-02	8.91e-01	7.56e-02	3.88e-04	0.00e+00	0.00e+00	0.00e+00	0.00e+00
 1.59511e+16	3.71e-02	9.02e-01	6.04e-02	2.58e-04	0.00e+00	0.00e+00	0.00e+00	0.00e+00
 1.59710e+16	4.15e-02	9.10e-01	4.83e-02	1.73e-04	0.00e+00	0.00e+00	0.00e+00	0.00e+00
 1.59877e+16	4.58e-02	9.14e-01	3.97e-02	1.21e-04	0.00e+00	0.00e+00	0.00e+00	0.00e+00
 1.60055e+16	5.08e-02	9.17e-01	3.18e-02	8.08e-05	0.00e+00	0.00e+00	0.00e+00	0.00e+00
 1.60246e+16	5.68e-02	9.18e-01	2.47e-02	5.15e-05	0.00e+00	0.00e+00	0.00e+00	0.00e+00
 1.60411e+16	6.33e-02	9.17e-01	1.95e-02	3.39e-05	0.00e+00	0.00e+00	0.00e+00	0.00e+00
 1.60550e+16	6.91e-02	9.15e-01	1.58e-02	2.34e-05	0.00e+00	0.00e+00	0.00e+00	0.00e+00
 1.60690e+16	7.56e-02	9.12e-01	1.28e-02	1.59e-05	0.00e+00	0.00e+00	0.00e+00	0.00e+00
 1.60837e+16	8.28e-02	9.07e-01	1.01e-02	1.04e-05	0.00e+00	0.00e+00	0.00e+00	0.00e+00
 1.60969e+16	9.04e-02	9.02e-01	8.02e-03	6.98e-06	0.00e+00	0.00e+00	0.00e+00	0.00e+00
 1.61082e+16	9.75e-02	8.96e-01	6.58e-03	4.91e-06	0.00e+00	0.00e+00	0.00e+00	0.00e+00
 1.61184e+16	1.04e-01	8.90e-01	5.47e-03	3.54e-06	0.00e+00	0.00e+00	0.00e+00	0.00e+00
 1.61281e+16	1.11e-01	8.84e-01	4.56e-03	2.56e-06	0.00e+00	0.00e+00	0.00e+00	0.00e+00
 1.61375e+16	1.18e-01	8.78e-01	3.81e-03	1.86e-06	0.00e+00	0.00e+00	0.00e+00	0.00e+00
 1.61447e+16	1.24e-01	8.73e-01	3.31e-03	1.46e-06	0.00e+00	0.00e+00	0.00e+00	0.00e+00
 1.61493e+16	1.27e-01	8.70e-01	3.03e-03	1.25e-06	0.00e+00	0.00e+00	0.00e+00	0.00e+00
 1.61533e+16	1.30e-01	8.67e-01	2.80e-03	1.08e-06	0.00e+00	0.00e+00	0.00e+00	0.00e+00
 1.61580e+16	1.35e-01	8.63e-01	2.54e-03	9.09e-07	0.00e+00	0.00e+00	0.00e+00	0.00e+00
 1.61634e+16	1.40e-01	8.58e-01	2.28e-03	0.00e+00	0.00e+00	0.00e+00	0.00e+00	0.00e+00
 1.61686e+16	1.44e-01	8.54e-01	2.04e-03	0.00e+00	0.00e+00	0.00e+00	0.00e+00	0.00e+00
 1.61734e+16	1.48e-01	8.50e-01	1.85e-03	0.00e+00	0.00e+00	0.00e+00	0.00e+00	0.00e+00
 1.61779e+16	1.53e-01	8.45e-01	1.68e-03	0.00e+00	0.00e+00	0.00e+00	0.00e+00	0.00e+00
 1.61827e+16	1.58e-01	8.41e-01	1.51e-03	0.00e+00	0.00e+00	0.00e+00	0.00e+00	0.00e+00
 1.61875e+16	1.63e-01	8.36e-01	1.37e-03	0.00e+00	0.00e+00	0.00e+00	0.00e+00	0.00e+00
 1.61921e+16	1.67e-01	8.31e-01	1.23e-03	0.00e+00	0.00e+00	0.00e+00	0.00e+00	0.00e+00
 1.61967e+16	1.72e-01	8.26e-01	1.11e-03	0.00e+00	0.00e+00	0.00e+00	0.00e+00	0.00e+00
 1.62013e+16	1.78e-01	8.21e-01	1.00e-03	0.00e+00	0.00e+00	0.00e+00	0.00e+00	0.00e+00
 1.62059e+16	1.83e-01	8.16e-01	9.06e-04	0.00e+00	0.00e+00	0.00e+00	0.00e+00	0.00e+00
 1.62103e+16	1.88e-01	8.11e-01	8.18e-04	0.00e+00	0.00e+00	0.00e+00	0.00e+00	0.00e+00
 1.62147e+16	1.93e-01	8.06e-01	7.39e-04	0.00e+00	0.00e+00	0.00e+00	0.00e+00	0.00e+00
 1.62192e+16	1.99e-01	8.01e-01	6.65e-04	0.00e+00	0.00e+00	0.00e+00	0.00e+00	0.00e+00
 1.62236e+16	2.05e-01	7.95e-01	6.00e-04	0.00e+00	0.00e+00	0.00e+00	0.00e+00	0.00e+00
 1.62279e+16	2.10e-01	7.89e-01	5.41e-04	0.00e+00	0.00e+00	0.00e+00	0.00e+00	0.00e+00
 1.62322e+16	2.16e-01	7.83e-01	4.87e-04	0.00e+00	0.00e+00	0.00e+00	0.00e+00	0.00e+00
 1.62365e+16	2.23e-01	7.77e-01	4.39e-04	0.00e+00	0.00e+00	0.00e+00	0.00e+00	0.00e+00
 1.62408e+16	2.29e-01	7.71e-01	3.95e-04	0.00e+00	0.00e+00	0.00e+00	0.00e+00	0.00e+00
 1.62450e+16	2.36e-01	7.64e-01	3.56e-04	0.00e+00	0.00e+00	0.00e+00	0.00e+00	0.00e+00
 1.62492e+16	2.42e-01	7.57e-01	3.20e-04	0.00e+00	0.00e+00	0.00e+00	0.00e+00	0.00e+00
 1.62533e+16	2.49e-01	7.50e-01	2.88e-04	0.00e+00	0.00e+00	0.00e+00	0.00e+00	0.00e+00
 1.62575e+16	2.56e-01	7.43e-01	2.59e-04	0.00e+00	0.00e+00	0.00e+00	0.00e+00	0.00e+00
 1.62617e+16	2.64e-01	7.36e-01	2.32e-04	0.00e+00	0.00e+00	0.00e+00	0.00e+00	0.00e+00
 1.62657e+16	2.73e-01	7.27e-01	2.09e-04	0.00e+00	0.00e+00	0.00e+00	0.00e+00	0.00e+00
 1.62698e+16	2.81e-01	7.19e-01	1.87e-04	0.00e+00	0.00e+00	0.00e+00	0.00e+00	0.00e+00
 1.62738e+16	2.89e-01	7.10e-01	1.68e-04	0.00e+00	0.00e+00	0.00e+00	0.00e+00	0.00e+00
 1.62778e+16	2.98e-01	7.02e-01	1.51e-04	0.00e+00	0.00e+00	0.00e+00	0.00e+00	0.00e+00
 1.62817e+16	3.08e-01	6.92e-01	1.36e-04	0.00e+00	0.00e+00	0.00e+00	0.00e+00	0.00e+00
 1.62856e+16	3.18e-01	6.82e-01	1.22e-04	0.00e+00	0.00e+00	0.00e+00	0.00e+00	0.00e+00
 1.62894e+16	3.28e-01	6.72e-01	1.10e-04	0.00e+00	0.00e+00	0.00e+00	0.00e+00	0.00e+00
 1.62932e+16	3.39e-01	6.61e-01	9.84e-05	0.00e+00	0.00e+00	0.00e+00	0.00e+00	0.00e+00
 1.62969e+16	3.50e-01	6.50e-01	8.84e-05	0.00e+00	0.00e+00	0.00e+00	0.00e+00	0.00e+00
 1.63006e+16	3.62e-01	6.38e-01	7.94e-05	0.00e+00	0.00e+00	0.00e+00	0.00e+00	0.00e+00
 1.63044e+16	3.75e-01	6.25e-01	7.12e-05	0.00e+00	0.00e+00	0.00e+00	0.00e+00	0.00e+00
 1.63080e+16	3.86e-01	6.14e-01	6.41e-05	0.00e+00	0.00e+00	0.00e+00	0.00e+00	0.00e+00
 1.63117e+16	4.03e-01	5.97e-01	5.72e-05	0.00e+00	0.00e+00	0.00e+00	0.00e+00	0.00e+00
 1.63153e+16	4.16e-01	5.84e-01	5.14e-05	0.00e+00	0.00e+00	0.00e+00	0.00e+00	0.00e+00
 1.63189e+16	4.32e-01	5.68e-01	4.60e-05	0.00e+00	0.00e+00	0.00e+00	0.00e+00	0.00e+00
 1.63226e+16	4.47e-01	5.52e-01	4.10e-05	0.00e+00	0.00e+00	0.00e+00	0.00e+00	0.00e+00
 1.63262e+16	4.64e-01	5.36e-01	3.66e-05	0.00e+00	0.00e+00	0.00e+00	0.00e+00	0.00e+00
 1.63299e+16	4.85e-01	5.15e-01	3.24e-05	0.00e+00	0.00e+00	0.00e+00	0.00e+00	0.00e+00
 1.63336e+16	5.04e-01	4.96e-01	2.88e-05	0.00e+00	0.00e+00	0.00e+00	0.00e+00	0.00e+00
 1.63372e+16	5.23e-01	4.77e-01	2.56e-05	0.00e+00	0.00e+00	0.00e+00	0.00e+00	0.00e+00
 1.63410e+16	5.44e-01	4.56e-01	2.26e-05	0.00e+00	0.00e+00	0.00e+00	0.00e+00	0.00e+00
 1.63448e+16	5.66e-01	4.34e-01	1.99e-05	0.00e+00	0.00e+00	0.00e+00	0.00e+00	0.00e+00
 1.63487e+16	5.88e-01	4.12e-01	1.75e-05	0.00e+00	0.00e+00	0.00e+00	0.00e+00	0.00e+00
 1.63526e+16	6.11e-01	3.89e-01	1.53e-05	0.00e+00	0.00e+00	0.00e+00	0.00e+00	0.00e+00
 1.63566e+16	6.35e-01	3.65e-01	1.33e-05	0.00e+00	0.00e+00	0.00e+00	0.00e+00	0.00e+00
 1.63608e+16	6.59e-01	3.41e-01	1.16e-05	0.00e+00	0.00e+00	0.00e+00	0.00e+00	0.00e+00
 1.63645e+16	6.80e-01	3.20e-01	1.02e-05	0.00e+00	0.00e+00	0.00e+00	0.00e+00	0.00e+00
 1.63673e+16	6.94e-01	3.06e-01	9.33e-06	0.00e+00	0.00e+00	0.00e+00	0.00e+00	0.00e+00
 1.63701e+16	7.10e-01	2.90e-01	8.46e-06	0.00e+00	0.00e+00	0.00e+00	0.00e+00	0.00e+00
 1.63730e+16	7.25e-01	2.75e-01	7.70e-06	0.00e+00	0.00e+00	0.00e+00	0.00e+00	0.00e+00
 1.63759e+16	7.41e-01	2.59e-01	6.94e-06	0.00e+00	0.00e+00	0.00e+00	0.00e+00	0.00e+00
 1.63789e+16	7.55e-01	2.45e-01	6.32e-06	0.00e+00	0.00e+00	0.00e+00	0.00e+00	0.00e+00
 1.63818e+16	7.68e-01	2.32e-01	5.75e-06	0.00e+00	0.00e+00	0.00e+00	0.00e+00	0.00e+00
 1.63847e+16	7.81e-01	2.19e-01	5.22e-06	0.00e+00	0.00e+00	0.00e+00	0.00e+00	0.00e+00
 1.63876e+16	7.94e-01	2.06e-01	4.75e-06	0.00e+00	0.00e+00	0.00e+00	0.00e+00	0.00e+00
 1.63905e+16	8.06e-01	1.94e-01	4.34e-06	0.00e+00	0.00e+00	0.00e+00	0.00e+00	0.00e+00
 1.63934e+16	8.17e-01	1.83e-01	3.97e-06	0.00e+00	0.00e+00	0.00e+00	0.00e+00	0.00e+00
 1.63963e+16	8.28e-01	1.72e-01	3.62e-06	0.00e+00	0.00e+00	0.00e+00	0.00e+00	0.00e+00
 1.63994e+16	8.38e-01	1.62e-01	3.31e-06	0.00e+00	0.00e+00	0.00e+00	0.00e+00	0.00e+00
 1.64024e+16	8.47e-01	1.53e-01	3.03e-06	0.00e+00	0.00e+00	0.00e+00	0.00e+00	0.00e+00
 1.64056e+16	8.56e-01	1.44e-01	2.78e-06	0.00e+00	0.00e+00	0.00e+00	0.00e+00	0.00e+00
 1.64088e+16	8.65e-01	1.35e-01	2.55e-06	0.00e+00	0.00e+00	0.00e+00	0.00e+00	0.00e+00
 1.64121e+16	8.73e-01	1.27e-01	2.33e-06	0.00e+00	0.00e+00	0.00e+00	0.00e+00	0.00e+00
 1.64155e+16	8.80e-01	1.20e-01	2.15e-06	0.00e+00	0.00e+00	0.00e+00	0.00e+00	0.00e+00
 1.64191e+16	8.88e-01	1.12e-01	1.96e-06	0.00e+00	0.00e+00	0.00e+00	0.00e+00	0.00e+00
 1.64228e+16	8.94e-01	1.06e-01	1.81e-06	0.00e+00	0.00e+00	0.00e+00	0.00e+00	0.00e+00
 1.64267e+16	9.00e-01	9.95e-02	1.67e-06	0.00e+00	0.00e+00	0.00e+00	0.00e+00	0.00e+00
 1.64308e+16	9.06e-01	9.37e-02	1.53e-06	0.00e+00	0.00e+00	0.00e+00	0.00e+00	0.00e+00
 1.64352e+16	9.12e-01	8.83e-02	1.42e-06	0.00e+00	0.00e+00	0.00e+00	0.00e+00	0.00e+00
 1.64398e+16	9.17e-01	8.32e-02	1.31e-06	0.00e+00	0.00e+00	0.00e+00	0.00e+00	0.00e+00
 1.64447e+16	9.22e-01	7.84e-02	1.21e-06	0.00e+00	0.00e+00	0.00e+00	0.00e+00	0.00e+00
 1.64500e+16	9.26e-01	7.39e-02	1.12e-06	0.00e+00	0.00e+00	0.00e+00	0.00e+00	0.00e+00
 1.64559e+16	9.30e-01	6.95e-02	1.03e-06	0.00e+00	0.00e+00	0.00e+00	0.00e+00	0.00e+00
