#depth	He	He+	He+2
 1.49634e+10	5.37e-22	2.39e-11	1.00e+00
 4.54887e+10	6.18e-22	2.59e-11	1.00e+00
 7.72350e+10	7.06e-22	2.81e-11	1.00e+00
 1.10251e+11	8.07e-22	3.05e-11	1.00e+00
 1.44588e+11	9.24e-22	3.31e-11	1.00e+00
 1.80298e+11	1.06e-21	3.60e-11	1.00e+00
 2.17437e+11	1.22e-21	3.91e-11	1.00e+00
 2.56061e+11	1.40e-21	4.24e-11	1.00e+00
 2.96231e+11	1.61e-21	4.61e-11	1.00e+00
 3.33957e+11	1.83e-21	4.97e-11	1.00e+00
 3.67616e+11	2.04e-21	5.30e-11	1.00e+00
 4.05362e+11	2.30e-21	5.69e-11	1.00e+00
 4.50194e+11	2.65e-21	6.18e-11	1.00e+00
 4.95100e+11	3.04e-21	6.69e-11	1.00e+00
 5.37130e+11	3.44e-21	7.18e-11	1.00e+00
 5.83870e+11	3.92e-21	7.76e-11	1.00e+00
 6.37152e+11	4.55e-21	8.46e-11	1.00e+00
 6.90050e+11	5.25e-21	9.18e-11	1.00e+00
 7.45064e+11	6.04e-21	9.97e-11	1.00e+00
 8.04793e+11	7.02e-21	1.09e-10	1.00e+00
 8.65637e+11	8.13e-21	1.18e-10	1.00e+00
 9.22315e+11	9.30e-21	1.28e-10	1.00e+00
 9.74511e+11	1.04e-20	1.37e-10	1.00e+00
 1.03411e+12	1.19e-20	1.48e-10	1.00e+00
 1.10411e+12	1.38e-20	1.61e-10	1.00e+00
 1.17331e+12	1.59e-20	1.75e-10	1.00e+00
 1.23796e+12	1.81e-20	1.89e-10	1.00e+00
 1.31009e+12	2.07e-20	2.05e-10	1.00e+00
 1.39242e+12	2.41e-20	2.24e-10	1.00e+00
 1.47356e+12	2.78e-20	2.45e-10	1.00e+00
 1.55794e+12	3.21e-20	2.67e-10	1.00e+00
 1.65018e+12	3.73e-20	2.93e-10	1.00e+00
 1.74268e+12	4.31e-20	3.20e-10	1.00e+00
 1.83889e+12	4.97e-20	3.50e-10	1.00e+00
 1.94237e+12	5.76e-20	3.84e-10	1.00e+00
 2.04519e+12	6.64e-20	4.20e-10	1.00e+00
 2.15213e+12	7.63e-20	4.60e-10	1.00e+00
 2.26814e+12	8.82e-20	5.06e-10	1.00e+00
 2.38879e+12	1.02e-19	5.57e-10	1.00e+00
 2.51427e+12	1.18e-19	6.13e-10	1.00e+00
 2.64477e+12	1.35e-19	6.75e-10	1.00e+00
 2.78049e+12	1.56e-19	7.44e-10	1.00e+00
 2.90359e+12	1.76e-19	8.10e-10	1.00e+00
 3.00674e+12	1.94e-19	8.68e-10	1.00e+00
 3.11999e+12	2.15e-19	9.34e-10	1.00e+00
 3.26264e+12	2.43e-19	1.02e-09	1.00e+00
 3.41106e+12	2.76e-19	1.12e-09	1.00e+00
 3.53843e+12	3.06e-19	1.21e-09	1.00e+00
 3.67089e+12	3.39e-19	1.30e-09	1.00e+00
 3.83564e+12	3.84e-19	1.43e-09	1.00e+00
 4.00243e+12	4.35e-19	1.56e-09	1.00e+00
 4.14803e+12	4.81e-19	1.69e-09	1.00e+00
 4.30599e+12	5.35e-19	1.82e-09	1.00e+00
 4.49815e+12	6.08e-19	2.00e-09	1.00e+00
 4.69363e+12	6.88e-19	2.19e-09	1.00e+00
 4.87328e+12	7.68e-19	2.38e-09	1.00e+00
 5.07346e+12	8.64e-19	2.59e-09	1.00e+00
 5.30531e+12	9.89e-19	2.85e-09	1.00e+00
 5.53376e+12	1.12e-18	3.12e-09	1.00e+00
 5.75271e+12	1.27e-18	3.39e-09	1.00e+00
 5.99410e+12	1.44e-18	3.70e-09	1.00e+00
 6.26379e+12	1.66e-18	4.06e-09	1.00e+00
 6.50907e+12	1.88e-18	4.41e-09	1.00e+00
 6.71566e+12	2.08e-18	4.72e-09	1.00e+00
 6.94291e+12	2.33e-18	5.06e-09	1.00e+00
 7.19949e+12	2.63e-18	5.47e-09	1.00e+00
 7.44525e+12	2.95e-18	5.87e-09	1.00e+00
 7.71578e+12	3.34e-18	6.34e-09	1.00e+00
 8.01630e+12	3.82e-18	6.87e-09	1.00e+00
 8.29794e+12	4.32e-18	7.40e-09	1.00e+00
 8.60621e+12	4.92e-18	7.99e-09	1.00e+00
 8.95296e+12	5.68e-18	8.69e-09	1.00e+00
 9.28428e+12	6.49e-18	9.38e-09	1.00e+00
 9.59102e+12	7.32e-18	1.00e-08	1.00e+00
 9.93124e+12	8.34e-18	1.08e-08	1.00e+00
 1.03126e+13	9.61e-18	1.17e-08	1.00e+00
 1.06728e+13	1.09e-17	1.26e-08	1.00e+00
 1.10667e+13	1.26e-17	1.36e-08	1.00e+00
 1.15025e+13	1.46e-17	1.47e-08	1.00e+00
 1.19069e+13	1.66e-17	1.58e-08	1.00e+00
 1.23468e+13	1.92e-17	1.71e-08	1.00e+00
 1.28387e+13	2.23e-17	1.85e-08	1.00e+00
 1.33028e+13	2.56e-17	2.00e-08	1.00e+00
 1.38091e+13	2.97e-17	2.16e-08	1.00e+00
 1.43736e+13	3.48e-17	2.35e-08	1.00e+00
 1.49078e+13	4.02e-17	2.53e-08	1.00e+00
 1.54812e+13	4.67e-17	2.74e-08	1.00e+00
 1.61304e+13	5.49e-17	2.98e-08	1.00e+00
 1.67705e+13	6.41e-17	3.23e-08	1.00e+00
 1.74362e+13	7.49e-17	3.51e-08	1.00e+00
 1.81636e+13	8.82e-17	3.81e-08	1.00e+00
 1.89048e+13	1.04e-16	4.14e-08	1.00e+00
 1.96757e+13	1.21e-16	4.50e-08	1.00e+00
 2.04524e+13	1.42e-16	4.87e-08	1.00e+00
 2.11744e+13	1.63e-16	5.23e-08	1.00e+00
 2.19655e+13	1.89e-16	5.64e-08	1.00e+00
 2.27764e+13	2.18e-16	6.07e-08	1.00e+00
 2.34509e+13	2.46e-16	6.45e-08	1.00e+00
 2.41615e+13	2.77e-16	6.85e-08	1.00e+00
 2.50694e+13	3.21e-16	7.38e-08	1.00e+00
 2.60198e+13	3.72e-16	7.96e-08	1.00e+00
 2.68582e+13	4.22e-16	8.49e-08	1.00e+00
 2.77647e+13	4.82e-16	9.08e-08	1.00e+00
 2.87794e+13	5.56e-16	9.76e-08	1.00e+00
 2.97340e+13	6.33e-16	1.04e-07	1.00e+00
 3.07744e+13	7.26e-16	1.12e-07	1.00e+00
 3.19299e+13	8.41e-16	1.20e-07	1.00e+00
 3.30053e+13	9.59e-16	1.29e-07	1.00e+00
 3.41737e+13	1.10e-15	1.38e-07	1.00e+00
 3.54801e+13	1.28e-15	1.49e-07	1.00e+00
 3.67106e+13	1.46e-15	1.59e-07	1.00e+00
 3.80548e+13	1.69e-15	1.71e-07	1.00e+00
 3.95558e+13	1.97e-15	1.85e-07	1.00e+00
 4.09699e+13	2.26e-15	1.98e-07	1.00e+00
 4.24904e+13	2.61e-15	2.13e-07	1.00e+00
 4.42200e+13	3.05e-15	2.30e-07	1.00e+00
 4.59130e+13	3.54e-15	2.48e-07	1.00e+00
 4.76737e+13	4.10e-15	2.67e-07	1.00e+00
 4.96106e+13	4.80e-15	2.90e-07	1.00e+00
 5.15656e+13	5.59e-15	3.13e-07	1.00e+00
 5.35988e+13	6.51e-15	3.38e-07	1.00e+00
 5.56451e+13	7.55e-15	3.64e-07	1.00e+00
 5.75729e+13	8.64e-15	3.89e-07	1.00e+00
 5.97054e+13	9.97e-15	4.19e-07	1.00e+00
 6.18416e+13	1.15e-14	4.49e-07	1.00e+00
 6.35975e+13	1.28e-14	4.75e-07	1.00e+00
 6.54494e+13	1.43e-14	5.03e-07	1.00e+00
 6.78410e+13	1.65e-14	5.41e-07	1.00e+00
 7.03631e+13	1.91e-14	5.82e-07	1.00e+00
 7.25737e+13	2.16e-14	6.19e-07	1.00e+00
 7.49501e+13	2.45e-14	6.61e-07	1.00e+00
 7.78341e+13	2.85e-14	7.13e-07	1.00e+00
 8.07685e+13	3.30e-14	7.69e-07	1.00e+00
 8.34864e+13	3.77e-14	8.22e-07	1.00e+00
 8.65218e+13	4.35e-14	8.84e-07	1.00e+00
 8.97804e+13	5.04e-14	9.54e-07	1.00e+00
 9.26775e+13	5.72e-14	1.02e-06	1.00e+00
 9.57820e+13	6.52e-14	1.09e-06	1.00e+00
 9.95023e+13	7.60e-14	1.18e-06	1.00e+00
 1.03157e+14	8.78e-14	1.27e-06	1.00e+00
 1.06399e+14	9.93e-14	1.35e-06	1.00e+00
 1.09971e+14	1.13e-13	1.45e-06	1.00e+00
 1.14245e+14	1.32e-13	1.57e-06	1.00e+00
 1.18495e+14	1.53e-13	1.69e-06	1.00e+00
 1.22361e+14	1.73e-13	1.80e-06	1.00e+00
 1.26666e+14	1.99e-13	1.94e-06	1.00e+00
 1.31697e+14	2.33e-13	2.10e-06	1.00e+00
 1.36645e+14	2.69e-13	2.27e-06	1.00e+00
 1.41294e+14	3.07e-13	2.43e-06	1.00e+00
 1.46478e+14	3.54e-13	2.61e-06	1.00e+00
 1.52367e+14	4.14e-13	2.84e-06	1.00e+00
 1.58234e+14	4.80e-13	3.06e-06	1.00e+00
 1.63700e+14	5.48e-13	3.28e-06	1.00e+00
 1.69643e+14	6.29e-13	3.53e-06	1.00e+00
 1.76313e+14	7.31e-13	3.83e-06	1.00e+00
 1.82530e+14	8.36e-13	4.11e-06	1.00e+00
 1.88275e+14	9.42e-13	4.37e-06	1.00e+00
 1.93803e+14	1.05e-12	4.64e-06	1.00e+00
 1.99944e+14	1.19e-12	4.95e-06	1.00e+00
 2.06736e+14	1.35e-12	5.30e-06	1.00e+00
 2.13055e+14	1.51e-12	5.63e-06	1.00e+00
 2.19949e+14	1.71e-12	6.01e-06	1.00e+00
 2.27705e+14	1.94e-12	6.45e-06	1.00e+00
 2.35113e+14	2.19e-12	6.88e-06	1.00e+00
 2.43275e+14	2.49e-12	7.38e-06	1.00e+00
 2.52274e+14	2.86e-12	7.94e-06	1.00e+00
 2.60550e+14	3.22e-12	8.48e-06	1.00e+00
 2.69500e+14	3.66e-12	9.08e-06	1.00e+00
 2.79512e+14	4.19e-12	9.78e-06	1.00e+00
 2.88929e+14	4.74e-12	1.05e-05	1.00e+00
 2.99195e+14	5.40e-12	1.12e-05	1.00e+00
 3.10595e+14	6.20e-12	1.21e-05	1.00e+00
 3.21220e+14	7.02e-12	1.30e-05	1.00e+00
 3.32784e+14	8.00e-12	1.40e-05	1.00e+00
 3.45731e+14	9.22e-12	1.51e-05	1.00e+00
 3.57964e+14	1.05e-11	1.62e-05	1.00e+00
 3.71077e+14	1.20e-11	1.75e-05	1.00e+00
 3.85950e+14	1.39e-11	1.90e-05	1.00e+00
 4.00521e+14	1.60e-11	2.05e-05	1.00e+00
 4.15676e+14	1.83e-11	2.21e-05	1.00e+00
 4.32333e+14	2.13e-11	2.40e-05	1.00e+00
 4.48716e+14	2.45e-11	2.60e-05	1.00e+00
 4.62239e+14	2.74e-11	2.77e-05	1.00e+00
 4.73114e+14	3.00e-11	2.91e-05	1.00e+00
 4.85172e+14	3.30e-11	3.07e-05	1.00e+00
 5.00846e+14	3.73e-11	3.28e-05	1.00e+00
 5.17670e+14	4.24e-11	3.52e-05	1.00e+00
 5.32613e+14	4.75e-11	3.75e-05	1.00e+00
 5.48662e+14	5.33e-11	3.99e-05	1.00e+00
 5.68903e+14	6.15e-11	4.32e-05	1.00e+00
 5.89436e+14	7.09e-11	4.67e-05	1.00e+00
 6.07018e+14	7.97e-11	4.98e-05	1.00e+00
 6.25921e+14	9.03e-11	5.33e-05	1.00e+00
 6.49353e+14	1.05e-10	5.79e-05	1.00e+00
 6.73363e+14	1.22e-10	6.27e-05	1.00e+00
 6.94744e+14	1.38e-10	6.72e-05	1.00e+00
 7.18016e+14	1.59e-10	7.24e-05	1.00e+00
 7.45809e+14	1.86e-10	7.88e-05	1.00e+00
 7.73217e+14	2.16e-10	8.55e-05	1.00e+00
 7.97874e+14	2.47e-10	9.18e-05	1.00e+00
 8.25214e+14	2.85e-10	9.90e-05	1.00e+00
 8.57495e+14	3.35e-10	1.08e-04	1.00e+00
 8.89392e+14	3.92e-10	1.17e-04	1.00e+00
 9.18883e+14	4.50e-10	1.26e-04	1.00e+00
 9.51986e+14	5.24e-10	1.37e-04	1.00e+00
 9.90095e+14	6.21e-10	1.49e-04	1.00e+00
 1.02742e+15	7.28e-10	1.62e-04	1.00e+00
 1.06625e+15	8.55e-10	1.77e-04	1.00e+00
 1.10172e+15	9.85e-10	1.90e-04	1.00e+00
 1.12801e+15	1.09e-09	2.01e-04	1.00e+00
 1.15501e+15	1.21e-09	2.12e-04	1.00e+00
 1.19010e+15	1.37e-09	2.26e-04	1.00e+00
 1.22826e+15	1.58e-09	2.43e-04	1.00e+00
 1.26280e+15	1.78e-09	2.59e-04	1.00e+00
 1.30009e+15	2.02e-09	2.76e-04	1.00e+00
 1.34761e+15	2.36e-09	2.99e-04	1.00e+00
 1.39544e+15	2.74e-09	3.24e-04	1.00e+00
 1.43513e+15	3.10e-09	3.45e-04	1.00e+00
 1.47721e+15	3.51e-09	3.68e-04	1.00e+00
 1.53102e+15	4.10e-09	3.98e-04	1.00e+00
 1.58773e+15	4.80e-09	4.32e-04	1.00e+00
 1.63850e+15	5.50e-09	4.63e-04	1.00e+00
 1.69391e+15	6.35e-09	4.98e-04	1.00e+00
 1.75975e+15	7.49e-09	5.42e-04	9.99e-01
 1.82456e+15	8.76e-09	5.87e-04	9.99e-01
 1.88340e+15	1.00e-08	6.29e-04	9.99e-01
 1.94909e+15	1.16e-08	6.78e-04	9.99e-01
 2.02595e+15	1.37e-08	7.38e-04	9.99e-01
 2.10177e+15	1.61e-08	8.00e-04	9.99e-01
 2.17293e+15	1.85e-08	8.60e-04	9.99e-01
 2.25217e+15	2.16e-08	9.29e-04	9.99e-01
 2.34229e+15	2.55e-08	1.01e-03	9.99e-01
 2.41796e+15	2.92e-08	1.08e-03	9.99e-01
 2.47229e+15	3.21e-08	1.14e-03	9.99e-01
 2.52891e+15	3.53e-08	1.19e-03	9.99e-01
 2.60251e+15	3.99e-08	1.27e-03	9.99e-01
 2.68453e+15	4.55e-08	1.36e-03	9.99e-01
 2.76125e+15	5.11e-08	1.44e-03	9.99e-01
 2.84473e+15	5.79e-08	1.53e-03	9.98e-01
 2.93793e+15	6.63e-08	1.64e-03	9.98e-01
 3.02569e+15	7.49e-08	1.75e-03	9.98e-01
 3.12171e+15	8.52e-08	1.87e-03	9.98e-01
 3.22959e+15	9.81e-08	2.00e-03	9.98e-01
 3.33217e+15	1.11e-07	2.14e-03	9.98e-01
 3.44479e+15	1.28e-07	2.30e-03	9.98e-01
 3.56915e+15	1.48e-07	2.47e-03	9.98e-01
 3.68414e+15	1.69e-07	2.64e-03	9.97e-01
 3.80899e+15	1.94e-07	2.83e-03	9.97e-01
 3.94761e+15	2.25e-07	3.05e-03	9.97e-01
 4.07665e+15	2.57e-07	3.26e-03	9.97e-01
 4.21693e+15	2.96e-07	3.51e-03	9.96e-01
 4.36690e+15	3.42e-07	3.77e-03	9.96e-01
 4.49891e+15	3.85e-07	4.01e-03	9.96e-01
 4.61281e+15	4.27e-07	4.22e-03	9.96e-01
 4.73378e+15	4.75e-07	4.46e-03	9.96e-01
 4.86854e+15	5.33e-07	4.73e-03	9.95e-01
 4.99643e+15	5.92e-07	4.99e-03	9.95e-01
 5.13788e+15	6.66e-07	5.30e-03	9.95e-01
 5.29115e+15	7.51e-07	5.64e-03	9.94e-01
 5.43177e+15	8.35e-07	5.95e-03	9.94e-01
 5.58654e+15	9.40e-07	6.33e-03	9.94e-01
 5.75686e+15	1.06e-06	6.75e-03	9.93e-01
 5.91763e+15	1.19e-06	7.16e-03	9.93e-01
 6.09690e+15	1.35e-06	7.66e-03	9.92e-01
 6.28890e+15	1.53e-06	8.19e-03	9.92e-01
 6.45835e+15	1.71e-06	8.68e-03	9.91e-01
 6.63953e+15	1.92e-06	9.27e-03	9.91e-01
 6.83989e+15	2.18e-06	9.92e-03	9.90e-01
 7.02588e+15	2.44e-06	1.06e-02	9.89e-01
 7.22838e+15	2.77e-06	1.13e-02	9.89e-01
 7.44686e+15	3.14e-06	1.22e-02	9.88e-01
 7.63227e+15	3.49e-06	1.30e-02	9.87e-01
 7.79247e+15	3.83e-06	1.37e-02	9.86e-01
 7.97374e+15	4.26e-06	1.46e-02	9.85e-01
 8.17727e+15	4.79e-06	1.56e-02	9.84e-01
 8.36525e+15	5.32e-06	1.67e-02	9.83e-01
 8.53538e+15	5.87e-06	1.77e-02	9.82e-01
 8.72674e+15	6.59e-06	1.90e-02	9.81e-01
 8.93317e+15	7.44e-06	2.06e-02	9.79e-01
 9.11581e+15	8.27e-06	2.20e-02	9.78e-01
 9.28398e+15	9.16e-06	2.36e-02	9.76e-01
 9.47670e+15	1.04e-05	2.55e-02	9.74e-01
 9.68306e+15	1.18e-05	2.79e-02	9.72e-01
 9.86151e+15	1.32e-05	3.02e-02	9.70e-01
 1.00217e+16	1.48e-05	3.25e-02	9.67e-01
 1.02039e+16	1.68e-05	3.56e-02	9.64e-01
 1.03989e+16	1.95e-05	3.94e-02	9.61e-01
 1.05649e+16	2.20e-05	4.31e-02	9.57e-01
 1.07102e+16	2.48e-05	4.69e-02	9.53e-01
 1.08743e+16	2.85e-05	5.19e-02	9.48e-01
 1.10498e+16	3.35e-05	5.83e-02	9.42e-01
 1.11938e+16	3.82e-05	6.44e-02	9.36e-01
 1.13109e+16	4.29e-05	7.03e-02	9.30e-01
 1.14393e+16	4.88e-05	7.79e-02	9.22e-01
 1.16062e+16	5.97e-05	8.98e-02	9.10e-01
 1.17544e+16	7.03e-05	1.03e-01	8.97e-01
 1.18428e+16	7.99e-05	1.12e-01	8.88e-01
 1.19007e+16	8.63e-05	1.19e-01	8.81e-01
 1.19547e+16	9.32e-05	1.26e-01	8.74e-01
 1.20248e+16	1.02e-04	1.36e-01	8.64e-01
 1.21160e+16	1.18e-04	1.52e-01	8.48e-01
 1.22059e+16	1.35e-04	1.69e-01	8.31e-01
 1.22719e+16	1.52e-04	1.83e-01	8.17e-01
 1.23214e+16	1.65e-04	1.95e-01	8.04e-01
 1.23716e+16	1.81e-04	2.09e-01	7.91e-01
 1.24277e+16	1.99e-04	2.26e-01	7.74e-01
 1.24915e+16	2.24e-04	2.47e-01	7.52e-01
 1.25593e+16	2.55e-04	2.73e-01	7.27e-01
 1.26172e+16	2.87e-04	2.96e-01	7.03e-01
 1.26640e+16	3.13e-04	3.17e-01	6.83e-01
 1.27114e+16	3.46e-04	3.41e-01	6.59e-01
 1.27731e+16	3.92e-04	3.74e-01	6.26e-01
 1.28365e+16	4.43e-04	4.09e-01	5.90e-01
 1.28894e+16	4.92e-04	4.41e-01	5.58e-01
 1.29455e+16	5.50e-04	4.78e-01	5.22e-01
 1.30072e+16	6.18e-04	5.18e-01	4.81e-01
 1.30641e+16	6.84e-04	5.56e-01	4.43e-01
 1.31265e+16	7.63e-04	5.99e-01	4.01e-01
 1.31954e+16	8.53e-04	6.43e-01	3.56e-01
 1.32605e+16	9.42e-04	6.84e-01	3.15e-01
 1.33329e+16	1.04e-03	7.26e-01	2.72e-01
 1.33991e+16	1.13e-03	7.60e-01	2.39e-01
 1.34439e+16	1.19e-03	7.81e-01	2.18e-01
 1.34887e+16	1.26e-03	8.01e-01	1.98e-01
 1.35470e+16	1.34e-03	8.25e-01	1.74e-01
 1.36113e+16	1.43e-03	8.47e-01	1.51e-01
 1.36713e+16	1.51e-03	8.66e-01	1.33e-01
 1.37372e+16	1.60e-03	8.84e-01	1.15e-01
 1.38097e+16	1.70e-03	9.00e-01	9.85e-02
 1.38732e+16	1.79e-03	9.12e-01	8.64e-02
 1.39276e+16	1.87e-03	9.21e-01	7.73e-02
 1.39878e+16	1.96e-03	9.30e-01	6.80e-02
 1.40550e+16	2.06e-03	9.38e-01	5.96e-02
 1.41168e+16	2.16e-03	9.45e-01	5.28e-02
 1.41724e+16	2.25e-03	9.50e-01	4.75e-02
 1.42347e+16	2.36e-03	9.56e-01	4.21e-02
 1.43018e+16	2.49e-03	9.60e-01	3.72e-02
 1.43596e+16	2.60e-03	9.64e-01	3.36e-02
 1.44104e+16	2.71e-03	9.67e-01	3.08e-02
 1.44675e+16	2.83e-03	9.69e-01	2.78e-02
 1.45298e+16	2.99e-03	9.72e-01	2.50e-02
 1.45846e+16	3.13e-03	9.74e-01	2.28e-02
 1.46325e+16	3.26e-03	9.76e-01	2.11e-02
 1.46856e+16	3.42e-03	9.77e-01	1.93e-02
 1.47435e+16	3.62e-03	9.79e-01	1.76e-02
 1.47944e+16	3.80e-03	9.80e-01	1.63e-02
 1.48388e+16	3.97e-03	9.81e-01	1.52e-02
 1.48880e+16	4.18e-03	9.82e-01	1.41e-02
 1.49420e+16	4.43e-03	9.83e-01	1.30e-02
 1.49896e+16	4.68e-03	9.83e-01	1.21e-02
 1.50313e+16	4.91e-03	9.84e-01	1.14e-02
 1.50776e+16	5.19e-03	9.84e-01	1.06e-02
 1.51286e+16	5.54e-03	9.85e-01	9.88e-03
 1.51742e+16	5.89e-03	9.85e-01	9.27e-03
 1.52143e+16	6.23e-03	9.85e-01	8.76e-03
 1.52586e+16	6.64e-03	9.85e-01	8.23e-03
 1.53081e+16	7.16e-03	9.85e-01	7.68e-03
 1.53536e+16	7.72e-03	9.85e-01	7.22e-03
 1.53951e+16	8.29e-03	9.85e-01	6.83e-03
 1.54419e+16	9.01e-03	9.85e-01	6.40e-03
 1.54929e+16	9.93e-03	9.84e-01	5.99e-03
 1.55366e+16	1.09e-02	9.83e-01	5.66e-03
 1.55727e+16	1.18e-02	9.83e-01	5.40e-03
 1.56116e+16	1.30e-02	9.82e-01	5.12e-03
 1.56519e+16	1.43e-02	9.81e-01	4.87e-03
 1.56838e+16	1.57e-02	9.80e-01	4.68e-03
 1.57092e+16	1.69e-02	9.79e-01	4.53e-03
 1.57366e+16	1.83e-02	9.77e-01	4.37e-03
 1.57672e+16	2.03e-02	9.76e-01	4.20e-03
 1.57943e+16	2.23e-02	9.74e-01	4.06e-03
 1.58169e+16	2.42e-02	9.72e-01	3.96e-03
 1.58410e+16	2.66e-02	9.70e-01	3.84e-03
 1.58673e+16	2.96e-02	9.67e-01	3.73e-03
 1.58900e+16	3.28e-02	9.64e-01	3.64e-03
 1.59089e+16	3.59e-02	9.61e-01	3.57e-03
 1.59288e+16	3.96e-02	9.57e-01	3.49e-03
 1.59511e+16	4.44e-02	9.52e-01	3.42e-03
 1.59710e+16	4.97e-02	9.47e-01	3.36e-03
 1.59877e+16	5.48e-02	9.42e-01	3.32e-03
 1.60055e+16	6.13e-02	9.35e-01	3.27e-03
 1.60246e+16	6.91e-02	9.28e-01	3.24e-03
 1.60411e+16	7.74e-02	9.19e-01	3.22e-03
 1.60550e+16	8.54e-02	9.11e-01	3.22e-03
 1.60690e+16	9.47e-02	9.02e-01	3.21e-03
 1.60837e+16	1.06e-01	8.91e-01	3.21e-03
 1.60969e+16	1.17e-01	8.79e-01	3.22e-03
 1.61082e+16	1.28e-01	8.68e-01	3.24e-03
 1.61184e+16	1.40e-01	8.57e-01	3.26e-03
 1.61281e+16	1.52e-01	8.45e-01	3.27e-03
 1.61375e+16	1.64e-01	8.33e-01	3.30e-03
 1.61447e+16	1.74e-01	8.22e-01	3.32e-03
 1.61493e+16	1.81e-01	8.15e-01	3.34e-03
 1.61533e+16	1.88e-01	8.09e-01	3.35e-03
 1.61580e+16	1.96e-01	8.01e-01	3.36e-03
 1.61634e+16	2.05e-01	7.91e-01	3.38e-03
 1.61686e+16	2.15e-01	7.81e-01	3.39e-03
 1.61734e+16	2.24e-01	7.72e-01	3.42e-03
 1.61779e+16	2.33e-01	7.63e-01	3.43e-03
 1.61827e+16	2.44e-01	7.53e-01	3.45e-03
 1.61875e+16	2.54e-01	7.43e-01	3.47e-03
 1.61921e+16	2.65e-01	7.32e-01	3.48e-03
 1.61967e+16	2.76e-01	7.21e-01	3.50e-03
 1.62013e+16	2.87e-01	7.09e-01	3.52e-03
 1.62059e+16	2.99e-01	6.98e-01	3.53e-03
 1.62103e+16	3.11e-01	6.86e-01	3.55e-03
 1.62147e+16	3.23e-01	6.74e-01	3.56e-03
 1.62192e+16	3.36e-01	6.60e-01	3.57e-03
 1.62236e+16	3.49e-01	6.48e-01	3.59e-03
 1.62279e+16	3.62e-01	6.34e-01	3.59e-03
 1.62322e+16	3.76e-01	6.21e-01	3.61e-03
 1.62365e+16	3.89e-01	6.07e-01	3.62e-03
 1.62408e+16	4.04e-01	5.93e-01	3.62e-03
 1.62450e+16	4.18e-01	5.78e-01	3.62e-03
 1.62492e+16	4.33e-01	5.64e-01	3.62e-03
 1.62533e+16	4.47e-01	5.49e-01	3.62e-03
 1.62575e+16	4.62e-01	5.34e-01	3.62e-03
 1.62617e+16	4.78e-01	5.19e-01	3.61e-03
 1.62657e+16	4.93e-01	5.04e-01	3.60e-03
 1.62698e+16	5.08e-01	4.88e-01	3.59e-03
 1.62738e+16	5.23e-01	4.73e-01	3.58e-03
 1.62778e+16	5.39e-01	4.58e-01	3.56e-03
 1.62817e+16	5.54e-01	4.43e-01	3.54e-03
 1.62856e+16	5.68e-01	4.28e-01	3.51e-03
 1.62894e+16	5.83e-01	4.13e-01	3.48e-03
 1.62932e+16	5.98e-01	3.99e-01	3.45e-03
 1.62969e+16	6.12e-01	3.85e-01	3.42e-03
 1.63006e+16	6.26e-01	3.70e-01	3.38e-03
 1.63044e+16	6.40e-01	3.57e-01	3.35e-03
 1.63080e+16	6.54e-01	3.43e-01	3.29e-03
 1.63117e+16	6.67e-01	3.30e-01	3.25e-03
 1.63153e+16	6.80e-01	3.17e-01	3.20e-03
 1.63189e+16	6.93e-01	3.04e-01	3.15e-03
 1.63226e+16	7.06e-01	2.91e-01	3.09e-03
 1.63262e+16	7.18e-01	2.79e-01	3.03e-03
 1.63299e+16	7.30e-01	2.67e-01	2.97e-03
 1.63336e+16	7.42e-01	2.55e-01	2.90e-03
 1.63372e+16	7.53e-01	2.44e-01	2.83e-03
 1.63410e+16	7.65e-01	2.33e-01	2.76e-03
 1.63448e+16	7.76e-01	2.22e-01	2.69e-03
 1.63487e+16	7.86e-01	2.11e-01	2.62e-03
 1.63526e+16	7.96e-01	2.01e-01	2.54e-03
 1.63566e+16	8.06e-01	1.91e-01	2.46e-03
 1.63608e+16	8.16e-01	1.82e-01	2.38e-03
 1.63645e+16	8.24e-01	1.74e-01	2.31e-03
 1.63673e+16	8.30e-01	1.68e-01	2.25e-03
 1.63701e+16	8.36e-01	1.62e-01	2.19e-03
 1.63730e+16	8.41e-01	1.57e-01	2.14e-03
 1.63759e+16	8.47e-01	1.51e-01	2.08e-03
 1.63789e+16	8.52e-01	1.46e-01	2.03e-03
 1.63818e+16	8.57e-01	1.41e-01	1.98e-03
 1.63847e+16	8.61e-01	1.37e-01	1.93e-03
 1.63876e+16	8.65e-01	1.33e-01	1.88e-03
 1.63905e+16	8.69e-01	1.29e-01	1.83e-03
 1.63934e+16	8.73e-01	1.25e-01	1.79e-03
 1.63963e+16	8.77e-01	1.21e-01	1.74e-03
 1.63994e+16	8.80e-01	1.18e-01	1.70e-03
 1.64024e+16	8.84e-01	1.15e-01	1.66e-03
 1.64056e+16	8.87e-01	1.12e-01	1.62e-03
 1.64088e+16	8.90e-01	1.09e-01	1.58e-03
 1.64121e+16	8.93e-01	1.06e-01	1.55e-03
 1.64155e+16	8.95e-01	1.03e-01	1.51e-03
 1.64191e+16	8.98e-01	1.01e-01	1.47e-03
 1.64228e+16	9.00e-01	9.81e-02	1.44e-03
 1.64267e+16	9.03e-01	9.58e-02	1.40e-03
 1.64308e+16	9.05e-01	9.35e-02	1.37e-03
 1.64352e+16	9.07e-01	9.13e-02	1.34e-03
 1.64398e+16	9.09e-01	8.93e-02	1.31e-03
 1.64447e+16	9.11e-01	8.73e-02	1.28e-03
 1.64500e+16	9.13e-01	8.54e-02	1.24e-03
 1.64559e+16	9.15e-01	8.36e-02	1.21e-03
 1.64624e+16	9.17e-01	8.19e-02	1.18e-03
 1.64696e+16	9.19e-01	8.02e-02	1.16e-03
 1.64777e+16	9.20e-01	7.86e-02	1.13e-03
 1.64869e+16	9.22e-01	7.71e-02	1.10e-03
 1.64976e+16	9.23e-01	7.56e-02	1.06e-03
 1.65103e+16	9.25e-01	7.41e-02	1.03e-03
 1.65252e+16	9.26e-01	7.26e-02	9.97e-04
 1.65429e+16	9.28e-01	7.11e-02	9.59e-04
 1.65634e+16	9.30e-01	6.95e-02	9.19e-04
 1.65875e+16	9.31e-01	6.79e-02	8.76e-04
 1.66168e+16	9.33e-01	6.60e-02	8.27e-04
 1.66498e+16	9.35e-01	6.40e-02	7.77e-04
 1.66829e+16	9.37e-01	6.22e-02	7.30e-04
 1.67138e+16	9.39e-01	6.05e-02	6.90e-04
 1.67423e+16	9.40e-01	5.91e-02	6.55e-04
 1.67681e+16	9.42e-01	5.78e-02	6.24e-04
 1.67917e+16	9.43e-01	5.66e-02	5.98e-04
 1.68131e+16	9.44e-01	5.55e-02	5.75e-04
 1.68326e+16	9.45e-01	5.46e-02	5.55e-04
 1.68540e+16	9.46e-01	5.35e-02	5.32e-04
 1.68770e+16	9.47e-01	5.25e-02	5.10e-04
 1.68980e+16	9.48e-01	5.15e-02	4.90e-04
 1.69171e+16	9.49e-01	5.07e-02	4.73e-04
 1.69345e+16	9.50e-01	4.99e-02	4.58e-04
 1.69536e+16	9.51e-01	4.90e-02	4.41e-04
 1.69741e+16	9.51e-01	4.81e-02	4.24e-04
 1.69928e+16	9.52e-01	4.73e-02	4.10e-04
 1.70099e+16	9.53e-01	4.66e-02	3.96e-04
 1.70254e+16	9.54e-01	4.59e-02	3.84e-04
 1.70423e+16	9.54e-01	4.52e-02	3.72e-04
 1.70607e+16	9.55e-01	4.44e-02	3.59e-04
 1.70774e+16	9.56e-01	4.37e-02	3.47e-04
 1.70925e+16	9.57e-01	4.31e-02	3.37e-04
 1.71063e+16	9.57e-01	4.25e-02	3.27e-04
 1.71215e+16	9.58e-01	4.19e-02	3.17e-04
 1.71378e+16	9.58e-01	4.12e-02	3.07e-04
 1.71527e+16	9.59e-01	4.06e-02	2.98e-04
 1.71662e+16	9.60e-01	4.01e-02	2.90e-04
 1.71785e+16	9.60e-01	3.96e-02	2.83e-04
 1.71920e+16	9.61e-01	3.91e-02	2.74e-04
 1.72066e+16	9.61e-01	3.85e-02	2.67e-04
 1.72199e+16	9.62e-01	3.80e-02	2.60e-04
 1.72319e+16	9.62e-01	3.75e-02	2.53e-04
 1.72451e+16	9.63e-01	3.70e-02	2.46e-04
 1.72594e+16	9.63e-01	3.65e-02	2.39e-04
 1.72724e+16	9.64e-01	3.60e-02	2.32e-04
 1.72842e+16	9.64e-01	3.56e-02	2.27e-04
 1.72972e+16	9.65e-01	3.51e-02	2.20e-04
 1.73112e+16	9.65e-01	3.46e-02	2.14e-04
 1.73239e+16	9.66e-01	3.42e-02	2.08e-04
 1.73355e+16	9.66e-01	3.38e-02	2.03e-04
 1.73481e+16	9.67e-01	3.33e-02	1.98e-04
 1.73618e+16	9.67e-01	3.29e-02	1.92e-04
 1.73743e+16	9.67e-01	3.24e-02	1.87e-04
 1.73856e+16	9.68e-01	3.21e-02	1.83e-04
 1.73981e+16	9.68e-01	3.16e-02	1.78e-04
 1.74115e+16	9.69e-01	3.12e-02	1.73e-04
 1.74237e+16	9.69e-01	3.08e-02	1.69e-04
 1.74371e+16	9.69e-01	3.04e-02	1.64e-04
 1.74515e+16	9.70e-01	2.99e-02	1.59e-04
 1.74647e+16	9.70e-01	2.96e-02	1.55e-04
 1.74766e+16	9.71e-01	2.92e-02	1.51e-04
 1.74897e+16	9.71e-01	2.88e-02	1.47e-04
 1.75039e+16	9.71e-01	2.84e-02	1.43e-04
 1.75168e+16	9.72e-01	2.80e-02	1.40e-04
 1.75309e+16	9.72e-01	2.76e-02	1.35e-04
 1.75461e+16	9.73e-01	2.72e-02	1.32e-04
 1.75600e+16	9.73e-01	2.69e-02	1.28e-04
 1.75752e+16	9.73e-01	2.65e-02	1.24e-04
 1.75916e+16	9.74e-01	2.61e-02	1.20e-04
 1.76065e+16	9.74e-01	2.57e-02	1.17e-04
 1.76201e+16	9.75e-01	2.54e-02	1.14e-04
 1.76350e+16	9.75e-01	2.50e-02	1.11e-04
 1.76510e+16	9.75e-01	2.46e-02	1.07e-04
 1.76656e+16	9.76e-01	2.43e-02	1.05e-04
 1.76817e+16	9.76e-01	2.39e-02	1.01e-04
 1.76990e+16	9.76e-01	2.35e-02	9.81e-05
 1.77147e+16	9.77e-01	2.32e-02	9.53e-05
 1.77290e+16	9.77e-01	2.29e-02	9.28e-05
 1.77447e+16	9.77e-01	2.25e-02	9.00e-05
 1.77617e+16	9.78e-01	2.22e-02	8.74e-05
 1.77771e+16	9.78e-01	2.19e-02	8.50e-05
 1.77940e+16	9.78e-01	2.15e-02	8.23e-05
 1.78122e+16	9.79e-01	2.12e-02	7.97e-05
 1.78288e+16	9.79e-01	2.09e-02	7.74e-05
 1.78470e+16	9.79e-01	2.05e-02	7.48e-05
 1.78666e+16	9.80e-01	2.02e-02	7.23e-05
 1.78845e+16	9.80e-01	1.99e-02	7.01e-05
 1.79008e+16	9.80e-01	1.96e-02	6.82e-05
 1.79186e+16	9.81e-01	1.93e-02	6.60e-05
 1.79378e+16	9.81e-01	1.90e-02	6.39e-05
 1.79553e+16	9.81e-01	1.87e-02	6.21e-05
 1.79745e+16	9.82e-01	1.84e-02	6.00e-05
 1.79952e+16	9.82e-01	1.80e-02	5.80e-05
 1.80140e+16	9.82e-01	1.78e-02	5.62e-05
 1.80347e+16	9.82e-01	1.74e-02	5.42e-05
 1.80570e+16	9.83e-01	1.71e-02	5.23e-05
 1.80773e+16	9.83e-01	1.68e-02	5.06e-05
 1.80957e+16	9.83e-01	1.66e-02	4.91e-05
 1.81160e+16	9.84e-01	1.63e-02	4.75e-05
 1.81378e+16	9.84e-01	1.60e-02	4.59e-05
 1.81577e+16	9.84e-01	1.58e-02	4.45e-05
 1.81795e+16	9.84e-01	1.55e-02	4.29e-05
 1.82030e+16	9.85e-01	1.52e-02	4.14e-05
 1.82244e+16	9.85e-01	1.50e-02	4.00e-05
 1.82478e+16	9.85e-01	1.47e-02	3.85e-05
 1.82731e+16	9.86e-01	1.44e-02	3.71e-05
 1.82961e+16	9.86e-01	1.41e-02	3.58e-05
 1.83214e+16	9.86e-01	1.39e-02	3.44e-05
 1.83486e+16	9.86e-01	1.36e-02	3.31e-05
 1.83734e+16	9.87e-01	1.33e-02	3.19e-05
 1.84006e+16	9.87e-01	1.31e-02	3.06e-05
 1.84299e+16	9.87e-01	1.28e-02	2.93e-05
 1.84566e+16	9.87e-01	1.25e-02	2.82e-05
 1.84809e+16	9.88e-01	1.23e-02	2.73e-05
 1.85075e+16	9.88e-01	1.21e-02	2.62e-05
 1.85363e+16	9.88e-01	1.18e-02	2.52e-05
 1.85624e+16	9.88e-01	1.16e-02	2.43e-05
 1.85911e+16	9.89e-01	1.14e-02	2.33e-05
 1.86220e+16	9.89e-01	1.11e-02	2.24e-05
 1.86501e+16	9.89e-01	1.09e-02	2.15e-05
 1.86810e+16	9.89e-01	1.07e-02	2.06e-05
 1.87143e+16	9.90e-01	1.05e-02	1.97e-05
 1.87446e+16	9.90e-01	1.02e-02	1.89e-05
 1.87778e+16	9.90e-01	1.00e-02	1.81e-05
 1.88136e+16	9.90e-01	9.78e-03	1.73e-05
 1.88463e+16	9.90e-01	9.58e-03	1.66e-05
 1.88820e+16	9.91e-01	9.35e-03	1.58e-05
 1.89206e+16	9.91e-01	9.12e-03	1.50e-05
 1.89557e+16	9.91e-01	8.92e-03	1.44e-05
 1.89942e+16	9.91e-01	8.69e-03	1.37e-05
 1.90358e+16	9.92e-01	8.47e-03	1.30e-05
 1.90736e+16	9.92e-01	8.28e-03	1.24e-05
 1.91150e+16	9.92e-01	8.06e-03	1.18e-05
 1.91597e+16	9.92e-01	7.84e-03	1.12e-05
 1.92004e+16	9.92e-01	7.66e-03	1.07e-05
 1.92450e+16	9.93e-01	7.45e-03	1.01e-05
 1.92932e+16	9.93e-01	7.24e-03	9.53e-06
 1.93370e+16	9.93e-01	7.05e-03	9.06e-06
 1.93850e+16	9.93e-01	6.85e-03	8.55e-06
 1.94368e+16	9.93e-01	6.65e-03	8.06e-06
 1.94936e+16	9.94e-01	6.43e-03	7.54e-06
 1.95633e+16	9.94e-01	6.17e-03	6.96e-06
 1.96386e+16	9.94e-01	5.91e-03	6.40e-06
 1.97142e+16	9.94e-01	5.67e-03	5.89e-06
 1.97918e+16	9.95e-01	5.43e-03	5.41e-06
 1.98728e+16	9.95e-01	5.20e-03	4.96e-06
 1.99569e+16	9.95e-01	4.97e-03	4.54e-06
 2.00439e+16	9.95e-01	4.75e-03	4.14e-06
 2.01340e+16	9.95e-01	4.53e-03	3.78e-06
 2.02268e+16	9.96e-01	4.32e-03	3.44e-06
 2.03215e+16	9.96e-01	4.11e-03	3.12e-06
 2.04177e+16	9.96e-01	3.92e-03	2.84e-06
 2.05156e+16	9.96e-01	3.73e-03	2.58e-06
 2.06153e+16	9.96e-01	3.55e-03	2.34e-06
 2.07168e+16	9.97e-01	3.38e-03	2.12e-06
 2.08202e+16	9.97e-01	3.22e-03	1.92e-06
 2.09255e+16	9.97e-01	3.06e-03	1.74e-06
 2.10311e+16	9.97e-01	2.92e-03	1.58e-06
 2.11382e+16	9.97e-01	2.77e-03	1.43e-06
 2.12492e+16	9.97e-01	2.64e-03	1.29e-06
 2.13629e+16	9.97e-01	2.50e-03	1.17e-06
 2.14783e+16	9.98e-01	2.37e-03	1.05e-06
 2.15956e+16	9.98e-01	2.25e-03	9.49e-07
 2.17152e+16	9.98e-01	2.14e-03	8.54e-07
 2.18371e+16	9.98e-01	2.03e-03	7.68e-07
 2.19612e+16	9.98e-01	1.92e-03	6.90e-07
 2.20878e+16	9.98e-01	1.82e-03	6.19e-07
 2.22169e+16	9.98e-01	1.72e-03	5.55e-07
 2.23486e+16	9.98e-01	1.63e-03	4.96e-07
 2.24830e+16	9.98e-01	1.54e-03	4.44e-07
 2.26202e+16	9.99e-01	1.45e-03	3.96e-07
 2.27603e+16	9.99e-01	1.37e-03	3.53e-07
 2.29033e+16	9.99e-01	1.29e-03	3.14e-07
 2.30495e+16	9.99e-01	1.21e-03	2.79e-07
 2.31989e+16	9.99e-01	1.14e-03	2.47e-07
 2.33518e+16	9.99e-01	1.07e-03	2.18e-07
 2.35083e+16	9.99e-01	1.01e-03	1.93e-07
 2.36687e+16	9.99e-01	9.47e-04	1.70e-07
 2.38330e+16	9.99e-01	8.87e-04	1.49e-07
 2.40017e+16	9.99e-01	8.30e-04	1.31e-07
 2.41748e+16	9.99e-01	7.76e-04	1.14e-07
 2.43528e+16	9.99e-01	7.24e-04	9.96e-08
 2.45358e+16	9.99e-01	6.75e-04	8.66e-08
 2.47243e+16	9.99e-01	6.28e-04	7.51e-08
 2.49147e+16	9.99e-01	5.85e-04	6.51e-08
 2.51103e+16	9.99e-01	5.43e-04	5.62e-08
 2.53178e+16	9.99e-01	5.02e-04	4.80e-08
 2.55348e+16	1.00e+00	4.63e-04	4.09e-08
 2.57589e+16	1.00e+00	4.26e-04	3.46e-08
 2.59912e+16	1.00e+00	3.91e-04	2.91e-08
 2.62336e+16	1.00e+00	3.57e-04	2.44e-08
 2.64876e+16	1.00e+00	3.25e-04	2.02e-08
 2.67543e+16	1.00e+00	2.95e-04	1.67e-08
 2.70357e+16	1.00e+00	2.66e-04	1.36e-08
 2.73335e+16	1.00e+00	2.39e-04	1.10e-08
 2.76491e+16	1.00e+00	2.14e-04	8.73e-09
 2.79880e+16	1.00e+00	1.89e-04	6.85e-09
 2.83533e+16	1.00e+00	1.66e-04	5.28e-09
 2.87471e+16	1.00e+00	1.44e-04	4.00e-09
 2.91763e+16	1.00e+00	1.24e-04	2.95e-09
 2.96510e+16	1.00e+00	1.05e-04	2.11e-09
 3.01979e+16	1.00e+00	8.69e-05	1.45e-09
 3.08047e+16	1.00e+00	7.07e-05	9.59e-10
 3.14725e+16	1.00e+00	5.63e-05	6.09e-10
 3.22065e+16	1.00e+00	4.41e-05	3.74e-10
 3.29524e+16	1.00e+00	3.46e-05	2.30e-10
 3.36885e+16	1.00e+00	2.73e-05	1.44e-10
 3.44261e+16	1.00e+00	2.16e-05	9.03e-11
 3.51755e+16	1.00e+00	1.71e-05	5.67e-11
 3.59396e+16	1.00e+00	1.35e-05	3.55e-11
 3.67173e+16	1.00e+00	1.07e-05	2.23e-11
 3.75094e+16	1.00e+00	8.44e-06	1.39e-11
 3.83183e+16	1.00e+00	6.66e-06	8.71e-12
 3.91414e+16	1.00e+00	5.27e-06	5.46e-12
 3.99819e+16	1.00e+00	4.16e-06	3.42e-12
 4.08485e+16	1.00e+00	3.28e-06	2.13e-12
 4.17406e+16	1.00e+00	2.58e-06	1.32e-12
 4.26532e+16	1.00e+00	2.02e-06	8.13e-13
 4.35869e+16	1.00e+00	1.59e-06	5.02e-13
 4.45478e+16	1.00e+00	1.24e-06	3.08e-13
 4.55425e+16	1.00e+00	9.68e-07	1.87e-13
 4.65732e+16	1.00e+00	7.52e-07	1.13e-13
 4.76448e+16	1.00e+00	5.81e-07	6.76e-14
 4.87642e+16	1.00e+00	4.46e-07	3.99e-14
 4.99399e+16	1.00e+00	3.40e-07	2.32e-14
 5.11842e+16	1.00e+00	2.56e-07	1.32e-14
 5.25127e+16	1.00e+00	1.91e-07	7.34e-15
 5.39484e+16	1.00e+00	1.40e-07	3.94e-15
 5.54799e+16	1.00e+00	1.01e-07	2.07e-15
 5.70459e+16	1.00e+00	7.36e-08	1.09e-15
 5.86118e+16	1.00e+00	5.39e-08	5.87e-16
 6.01778e+16	1.00e+00	3.97e-08	3.20e-16
 6.17437e+16	1.00e+00	2.95e-08	1.77e-16
 6.33096e+16	1.00e+00	2.21e-08	9.92e-17
 6.50679e+16	1.00e+00	1.60e-08	5.18e-17
 6.70918e+16	1.00e+00	1.12e-08	2.54e-17
 6.91810e+16	1.00e+00	7.83e-09	1.25e-17
 7.12517e+16	1.00e+00	5.56e-09	6.29e-18
 7.33264e+16	1.00e+00	3.98e-09	3.23e-18
 7.54236e+16	1.00e+00	2.86e-09	1.67e-18
 7.75340e+16	1.00e+00	2.07e-09	8.80e-19
 7.96402e+16	1.00e+00	1.52e-09	4.71e-19
 8.17302e+16	1.00e+00	1.12e-09	2.57e-19
 8.38017e+16	1.00e+00	8.35e-10	1.43e-19
 8.58465e+16	1.00e+00	6.30e-10	8.13e-20
 8.78527e+16	1.00e+00	4.80e-10	4.72e-20
 8.98125e+16	1.00e+00	3.70e-10	2.81e-20
 9.17187e+16	1.00e+00	2.89e-10	1.71e-20
 9.35641e+16	1.00e+00	2.28e-10	1.07e-20
 9.53468e+16	1.00e+00	1.82e-10	6.85e-21
 9.70635e+16	1.00e+00	1.47e-10	0.00e+00
 9.87100e+16	1.00e+00	1.21e-10	0.00e+00
 1.00285e+17	1.00e+00	1.00e-10	0.00e+00
 1.01789e+17	1.00e+00	8.37e-11	0.00e+00
 1.03223e+17	1.00e+00	7.08e-11	0.00e+00
 1.04589e+17	1.00e+00	6.05e-11	0.00e+00
 1.05888e+17	1.00e+00	5.22e-11	0.00e+00
 1.07123e+17	1.00e+00	4.54e-11	0.00e+00
 1.08295e+17	1.00e+00	3.99e-11	0.00e+00
 1.09408e+17	1.00e+00	3.53e-11	0.00e+00
 1.10464e+17	1.00e+00	3.15e-11	0.00e+00
 1.11467e+17	1.00e+00	2.82e-11	0.00e+00
 1.12417e+17	1.00e+00	2.55e-11	0.00e+00
 1.13319e+17	1.00e+00	2.32e-11	0.00e+00
 1.14174e+17	1.00e+00	2.12e-11	0.00e+00
 1.14986e+17	1.00e+00	1.95e-11	0.00e+00
 1.15756e+17	1.00e+00	1.80e-11	0.00e+00
 1.16487e+17	1.00e+00	1.67e-11	0.00e+00
 1.17180e+17	1.00e+00	1.55e-11	0.00e+00
 1.17839e+17	1.00e+00	1.45e-11	0.00e+00
 1.18464e+17	1.00e+00	1.36e-11	0.00e+00
 1.19058e+17	1.00e+00	1.29e-11	0.00e+00
 1.19622e+17	1.00e+00	1.22e-11	0.00e+00
 1.20159e+17	1.00e+00	1.16e-11	0.00e+00
 1.20669e+17	1.00e+00	1.10e-11	0.00e+00
 1.21155e+17	1.00e+00	1.05e-11	0.00e+00
 1.21617e+17	1.00e+00	1.00e-11	0.00e+00
 1.22058e+17	1.00e+00	9.59e-12	0.00e+00
 1.22477e+17	1.00e+00	9.21e-12	0.00e+00
 1.22877e+17	1.00e+00	8.87e-12	0.00e+00
 1.23259e+17	1.00e+00	8.55e-12	0.00e+00
 1.23624e+17	1.00e+00	8.26e-12	0.00e+00
 1.23973e+17	1.00e+00	8.01e-12	0.00e+00
 1.24306e+17	1.00e+00	7.75e-12	0.00e+00
 1.24625e+17	1.00e+00	7.52e-12	0.00e+00
 1.24931e+17	1.00e+00	7.31e-12	0.00e+00
 1.25225e+17	1.00e+00	7.12e-12	0.00e+00
 1.25508e+17	1.00e+00	6.94e-12	0.00e+00
 1.25779e+17	1.00e+00	6.76e-12	0.00e+00
 1.26041e+17	1.00e+00	6.61e-12	0.00e+00
 1.26294e+17	1.00e+00	6.45e-12	0.00e+00
 1.26539e+17	1.00e+00	6.31e-12	0.00e+00
 1.26777e+17	1.00e+00	6.18e-12	0.00e+00
 1.27008e+17	1.00e+00	6.05e-12	0.00e+00
 1.27233e+17	1.00e+00	5.93e-12	0.00e+00
 1.27453e+17	1.00e+00	5.81e-12	0.00e+00
 1.27669e+17	1.00e+00	5.70e-12	0.00e+00
 1.27882e+17	1.00e+00	5.60e-12	0.00e+00
 1.28093e+17	1.00e+00	5.49e-12	0.00e+00
 1.28303e+17	1.00e+00	5.39e-12	0.00e+00
 1.28513e+17	1.00e+00	5.29e-12	0.00e+00
 1.28724e+17	1.00e+00	5.19e-12	0.00e+00
 1.28938e+17	1.00e+00	5.10e-12	0.00e+00
 1.29157e+17	1.00e+00	5.00e-12	0.00e+00
 1.29383e+17	1.00e+00	4.90e-12	0.00e+00
 1.29619e+17	1.00e+00	4.80e-12	0.00e+00
 1.29868e+17	1.00e+00	4.70e-12	0.00e+00
 1.30135e+17	1.00e+00	4.59e-12	0.00e+00
 1.30426e+17	1.00e+00	4.48e-12	0.00e+00
 1.30750e+17	1.00e+00	4.35e-12	0.00e+00
 1.31118e+17	1.00e+00	4.22e-12	0.00e+00
 1.31548e+17	1.00e+00	4.06e-12	0.00e+00
 1.32066e+17	1.00e+00	3.88e-12	0.00e+00
 1.32714e+17	1.00e+00	3.67e-12	0.00e+00
 1.33549e+17	1.00e+00	3.42e-12	0.00e+00
 1.34635e+17	1.00e+00	3.12e-12	0.00e+00
 1.36046e+17	1.00e+00	2.77e-12	0.00e+00
 1.37881e+17	1.00e+00	2.39e-12	0.00e+00
 1.40266e+17	1.00e+00	1.99e-12	0.00e+00
 1.43367e+17	1.00e+00	1.58e-12	0.00e+00
 1.47278e+17	1.00e+00	1.20e-12	0.00e+00
 1.51659e+17	1.00e+00	9.01e-13	0.00e+00
 1.56123e+17	1.00e+00	7.03e-13	0.00e+00
 1.60674e+17	1.00e+00	5.68e-13	0.00e+00
 1.65983e+17	1.00e+00	4.62e-13	0.00e+00
 1.72363e+17	1.00e+00	3.55e-13	0.00e+00
 1.79257e+17	1.00e+00	2.79e-13	0.00e+00
 1.86428e+17	1.00e+00	2.32e-13	0.00e+00
 1.93885e+17	1.00e+00	1.98e-13	0.00e+00
 2.01640e+17	1.00e+00	1.72e-13	0.00e+00
 2.09706e+17	1.00e+00	1.50e-13	0.00e+00
 2.18094e+17	1.00e+00	1.30e-13	0.00e+00
 2.26818e+17	1.00e+00	1.13e-13	0.00e+00
 2.35571e+17	1.00e+00	9.66e-14	0.00e+00
 2.43718e+17	1.00e+00	8.72e-14	0.00e+00
 2.50933e+17	1.00e+00	8.42e-14	0.00e+00
 2.57418e+17	1.00e+00	8.24e-14	0.00e+00
 2.63547e+17	1.00e+00	7.83e-14	0.00e+00
 2.69476e+17	1.00e+00	7.18e-14	0.00e+00
 2.75006e+17	1.00e+00	6.48e-14	0.00e+00
 2.79358e+17	1.00e+00	5.97e-14	0.00e+00
 2.82011e+17	1.00e+00	5.97e-14	0.00e+00
 2.83446e+17	1.00e+00	6.09e-14	0.00e+00
 2.84268e+17	1.00e+00	6.16e-14	0.00e+00
 2.84761e+17	1.00e+00	6.21e-14	0.00e+00
 2.85088e+17	1.00e+00	6.23e-14	0.00e+00
 2.85383e+17	1.00e+00	6.24e-14	0.00e+00
 2.85718e+17	1.00e+00	6.25e-14	0.00e+00
 2.86085e+17	1.00e+00	6.25e-14	0.00e+00
 2.86423e+17	1.00e+00	6.25e-14	0.00e+00
 2.86682e+17	1.00e+00	6.25e-14	0.00e+00
 2.86904e+17	1.00e+00	6.24e-14	0.00e+00
 2.87151e+17	1.00e+00	6.23e-14	0.00e+00
 2.87422e+17	1.00e+00	6.22e-14	0.00e+00
 2.87674e+17	1.00e+00	6.20e-14	0.00e+00
 2.87881e+17	1.00e+00	6.19e-14	0.00e+00
 2.88053e+17	1.00e+00	6.18e-14	0.00e+00
 2.88236e+17	1.00e+00	6.16e-14	0.00e+00
 2.88435e+17	1.00e+00	6.14e-14	0.00e+00
 2.88613e+17	1.00e+00	6.13e-14	0.00e+00
 2.88770e+17	1.00e+00	6.11e-14	0.00e+00
 2.88920e+17	1.00e+00	6.10e-14	0.00e+00
 2.89068e+17	1.00e+00	6.08e-14	0.00e+00
 2.89214e+17	1.00e+00	6.06e-14	0.00e+00
 2.89354e+17	1.00e+00	6.05e-14	0.00e+00
 2.89489e+17	1.00e+00	6.03e-14	0.00e+00
 2.89623e+17	1.00e+00	6.01e-14	0.00e+00
 2.89755e+17	1.00e+00	6.00e-14	0.00e+00
 2.89874e+17	1.00e+00	5.98e-14	0.00e+00
 2.89993e+17	1.00e+00	5.97e-14	0.00e+00
 2.90121e+17	1.00e+00	5.94e-14	0.00e+00
 2.90241e+17	1.00e+00	5.92e-14	0.00e+00
 2.90353e+17	1.00e+00	5.91e-14	0.00e+00
 2.90466e+17	1.00e+00	5.89e-14	0.00e+00
 2.90580e+17	1.00e+00	5.87e-14	0.00e+00
 2.90694e+17	1.00e+00	5.85e-14	0.00e+00
 2.90803e+17	1.00e+00	5.83e-14	0.00e+00
 2.90911e+17	1.00e+00	5.82e-14	0.00e+00
 2.91025e+17	1.00e+00	5.79e-14	0.00e+00
 2.91141e+17	1.00e+00	5.77e-14	0.00e+00
 2.91255e+17	1.00e+00	5.75e-14	0.00e+00
 2.91366e+17	1.00e+00	5.73e-14	0.00e+00
 2.91482e+17	1.00e+00	5.71e-14	0.00e+00
 2.91600e+17	1.00e+00	5.68e-14	0.00e+00
 2.91721e+17	1.00e+00	5.66e-14	0.00e+00
 2.91842e+17	1.00e+00	5.63e-14	0.00e+00
 2.91964e+17	1.00e+00	5.61e-14	0.00e+00
 2.92086e+17	1.00e+00	5.58e-14	0.00e+00
 2.92209e+17	1.00e+00	5.56e-14	0.00e+00
 2.92345e+17	1.00e+00	5.53e-14	0.00e+00
 2.92493e+17	1.00e+00	5.49e-14	0.00e+00
 2.92635e+17	1.00e+00	5.46e-14	0.00e+00
 2.92763e+17	1.00e+00	5.43e-14	0.00e+00
 2.92895e+17	1.00e+00	5.40e-14	0.00e+00
 2.93041e+17	1.00e+00	5.37e-14	0.00e+00
 2.93202e+17	1.00e+00	5.33e-14	0.00e+00
 2.93366e+17	1.00e+00	5.29e-14	0.00e+00
 2.93518e+17	1.00e+00	5.25e-14	0.00e+00
 2.93670e+17	1.00e+00	5.21e-14	0.00e+00
 2.93838e+17	1.00e+00	5.17e-14	0.00e+00
 2.94017e+17	1.00e+00	5.13e-14	0.00e+00
 2.94199e+17	1.00e+00	5.08e-14	0.00e+00
 2.94374e+17	1.00e+00	5.04e-14	0.00e+00
 2.94548e+17	1.00e+00	4.99e-14	0.00e+00
 2.94732e+17	1.00e+00	4.95e-14	0.00e+00
 2.94931e+17	1.00e+00	4.90e-14	0.00e+00
 2.95145e+17	1.00e+00	4.84e-14	0.00e+00
 2.95360e+17	1.00e+00	4.78e-14	0.00e+00
 2.95570e+17	1.00e+00	4.73e-14	0.00e+00
 2.95781e+17	1.00e+00	4.67e-14	0.00e+00
 2.96000e+17	1.00e+00	4.62e-14	0.00e+00
 2.96233e+17	1.00e+00	4.55e-14	0.00e+00
 2.96472e+17	1.00e+00	4.49e-14	0.00e+00
 2.96718e+17	1.00e+00	4.42e-14	0.00e+00
 2.96970e+17	1.00e+00	4.36e-14	0.00e+00
 2.97229e+17	1.00e+00	4.29e-14	0.00e+00
 2.97499e+17	1.00e+00	4.22e-14	0.00e+00
 2.97775e+17	1.00e+00	4.14e-14	0.00e+00
 2.98051e+17	1.00e+00	4.07e-14	0.00e+00
 2.98342e+17	1.00e+00	3.99e-14	0.00e+00
 2.98652e+17	1.00e+00	3.91e-14	0.00e+00
 2.98966e+17	1.00e+00	3.83e-14	0.00e+00
 2.99273e+17	1.00e+00	3.74e-14	0.00e+00
 2.99577e+17	1.00e+00	3.67e-14	0.00e+00
 2.99908e+17	1.00e+00	3.58e-14	0.00e+00
 3.00261e+17	1.00e+00	3.49e-14	0.00e+00
 3.00616e+17	1.00e+00	3.40e-14	0.00e+00
 3.00967e+17	1.00e+00	3.31e-14	0.00e+00
 3.01321e+17	1.00e+00	3.22e-14	0.00e+00
 3.01685e+17	1.00e+00	3.13e-14	0.00e+00
 3.02071e+17	1.00e+00	3.03e-14	0.00e+00
 3.02476e+17	1.00e+00	2.94e-14	0.00e+00
 3.02886e+17	1.00e+00	2.84e-14	0.00e+00
 3.03288e+17	1.00e+00	2.74e-14	0.00e+00
 3.03693e+17	1.00e+00	2.65e-14	0.00e+00
 3.04123e+17	1.00e+00	2.55e-14	0.00e+00
 3.04577e+17	1.00e+00	2.45e-14	0.00e+00
 3.05034e+17	1.00e+00	2.35e-14	0.00e+00
 3.05498e+17	1.00e+00	2.25e-14	0.00e+00
 3.05973e+17	1.00e+00	2.15e-14	0.00e+00
 3.06461e+17	1.00e+00	2.05e-14	0.00e+00
 3.06967e+17	1.00e+00	1.95e-14	0.00e+00
 3.07468e+17	1.00e+00	1.85e-14	0.00e+00
 3.07979e+17	1.00e+00	1.76e-14	0.00e+00
 3.08522e+17	1.00e+00	1.66e-14	0.00e+00
 3.09095e+17	1.00e+00	1.57e-14	0.00e+00
 3.09691e+17	1.00e+00	1.47e-14	0.00e+00
 3.10296e+17	1.00e+00	1.37e-14	0.00e+00
 3.10898e+17	1.00e+00	1.28e-14	0.00e+00
 3.11522e+17	1.00e+00	1.20e-14	0.00e+00
 3.12171e+17	1.00e+00	1.11e-14	0.00e+00
 3.12805e+17	1.00e+00	1.02e-14	0.00e+00
 3.13361e+17	1.00e+00	9.53e-15	0.00e+00
 3.13837e+17	1.00e+00	8.94e-15	0.00e+00
 3.14272e+17	1.00e+00	8.46e-15	0.00e+00
 3.14703e+17	1.00e+00	8.01e-15	0.00e+00
 3.15134e+17	1.00e+00	7.57e-15	0.00e+00
 3.15549e+17	1.00e+00	7.16e-15	0.00e+00
 3.15935e+17	1.00e+00	6.79e-15	0.00e+00
 3.16296e+17	1.00e+00	6.45e-15	0.00e+00
 3.16642e+17	1.00e+00	6.15e-15	0.00e+00
 3.16978e+17	1.00e+00	5.86e-15	0.00e+00
 3.17306e+17	1.00e+00	5.59e-15	0.00e+00
 3.17620e+17	1.00e+00	5.33e-15	0.00e+00
 3.17919e+17	1.00e+00	5.09e-15	0.00e+00
 3.18205e+17	1.00e+00	4.87e-15	0.00e+00
 3.18480e+17	1.00e+00	4.67e-15	0.00e+00
 3.18746e+17	1.00e+00	4.46e-15	0.00e+00
 3.19004e+17	1.00e+00	4.29e-15	0.00e+00
 3.19252e+17	1.00e+00	4.11e-15	0.00e+00
 3.19488e+17	1.00e+00	3.96e-15	0.00e+00
 3.19715e+17	1.00e+00	3.80e-15	0.00e+00
 3.19938e+17	1.00e+00	3.66e-15	0.00e+00
 3.20154e+17	1.00e+00	3.52e-15	0.00e+00
 3.20363e+17	1.00e+00	3.39e-15	0.00e+00
 3.20566e+17	1.00e+00	3.27e-15	0.00e+00
 3.20763e+17	1.00e+00	3.16e-15	0.00e+00
 3.20956e+17	1.00e+00	3.05e-15	0.00e+00
 3.21145e+17	1.00e+00	2.95e-15	0.00e+00
 3.21329e+17	1.00e+00	2.85e-15	0.00e+00
 3.21509e+17	1.00e+00	2.75e-15	0.00e+00
 3.21684e+17	1.00e+00	2.67e-15	0.00e+00
 3.21884e+17	1.00e+00	2.58e-15	0.00e+00
 3.22143e+17	1.00e+00	2.47e-15	0.00e+00
 3.22481e+17	1.00e+00	2.33e-15	0.00e+00
 3.22920e+17	1.00e+00	2.17e-15	0.00e+00
 3.23490e+17	1.00e+00	1.97e-15	0.00e+00
 3.24232e+17	1.00e+00	1.73e-15	0.00e+00
 3.25071e+17	1.00e+00	1.47e-15	0.00e+00
 3.25825e+17	1.00e+00	1.24e-15	0.00e+00
 3.26421e+17	1.00e+00	1.09e-15	0.00e+00
 3.26926e+17	1.00e+00	9.77e-16	0.00e+00
 3.27439e+17	1.00e+00	8.84e-16	0.00e+00
 3.28011e+17	1.00e+00	7.91e-16	0.00e+00
 3.28620e+17	1.00e+00	6.99e-16	0.00e+00
 3.29214e+17	1.00e+00	6.17e-16	0.00e+00
 3.29772e+17	1.00e+00	5.48e-16	0.00e+00
 3.30320e+17	1.00e+00	4.90e-16	0.00e+00
 3.30892e+17	1.00e+00	4.37e-16	0.00e+00
 3.31502e+17	1.00e+00	3.87e-16	0.00e+00
 3.32141e+17	1.00e+00	3.40e-16	0.00e+00
 3.32799e+17	1.00e+00	2.97e-16	0.00e+00
 3.33480e+17	1.00e+00	2.59e-16	0.00e+00
 3.34211e+17	1.00e+00	2.24e-16	0.00e+00
 3.35027e+17	1.00e+00	1.92e-16	0.00e+00
 3.35967e+17	1.00e+00	1.60e-16	0.00e+00
 3.37083e+17	1.00e+00	1.30e-16	0.00e+00
 3.38487e+17	1.00e+00	1.01e-16	0.00e+00
 3.40308e+17	1.00e+00	7.33e-17	0.00e+00
 3.42676e+17	1.00e+00	4.83e-17	0.00e+00
 3.45754e+17	1.00e+00	2.83e-17	0.00e+00
 3.49755e+17	1.00e+00	1.43e-17	0.00e+00
 3.54957e+17	1.00e+00	6.04e-18	0.00e+00
 3.61719e+17	1.00e+00	2.19e-18	0.00e+00
 3.70510e+17	1.00e+00	6.82e-19	0.00e+00
 3.81939e+17	1.00e+00	2.09e-19	0.00e+00
 3.96166e+17	1.00e+00	6.24e-20	0.00e+00
 4.12013e+17	1.00e+00	1.86e-20	0.00e+00
 4.27125e+17	1.00e+00	6.44e-21	0.00e+00
 4.39902e+17	1.00e+00	2.82e-21	0.00e+00
 4.50685e+17	1.00e+00	1.47e-21	0.00e+00
 4.60742e+17	1.00e+00	8.12e-22	0.00e+00
 4.72282e+17	1.00e+00	4.16e-22	0.00e+00
 4.84476e+17	1.00e+00	2.11e-22	0.00e+00
 4.94088e+17	1.00e+00	1.26e-22	0.00e+00
 5.01097e+17	1.00e+00	8.75e-23	0.00e+00
 5.08152e+17	1.00e+00	6.06e-23	0.00e+00
 5.16602e+17	1.00e+00	3.99e-23	0.00e+00
