#depth	N	N+	N+2	N+3	N+4	N+5	N+6	N+7
 1.49634e+10	0.00e+00	0.00e+00	2.77e-28	9.50e-19	5.53e-10	9.71e-01	2.89e-02	0.00e+00
 4.54887e+10	0.00e+00	1.94e-38	3.53e-28	1.12e-18	6.00e-10	9.73e-01	2.67e-02	2.28e-07
 7.72350e+10	0.00e+00	0.00e+00	4.48e-28	1.31e-18	6.51e-10	9.75e-01	2.46e-02	0.00e+00
 1.10251e+11	0.00e+00	3.66e-38	5.69e-28	1.54e-18	7.06e-10	9.77e-01	2.27e-02	0.00e+00
 1.42726e+11	0.00e+00	0.00e+00	7.14e-28	1.79e-18	7.62e-10	9.79e-01	2.11e-02	0.00e+00
 1.76501e+11	0.00e+00	6.69e-38	8.96e-28	2.08e-18	8.23e-10	9.80e-01	1.95e-02	0.00e+00
 2.13487e+11	0.00e+00	0.00e+00	1.14e-27	2.45e-18	8.93e-10	9.82e-01	1.80e-02	0.00e+00
 2.51017e+11	0.00e+00	1.26e-37	1.44e-27	2.86e-18	9.66e-10	9.83e-01	1.66e-02	0.00e+00
 2.90047e+11	0.00e+00	0.00e+00	1.82e-27	3.35e-18	1.05e-09	9.85e-01	1.53e-02	0.00e+00
 3.31576e+11	0.00e+00	2.36e-37	2.31e-27	3.93e-18	1.13e-09	9.86e-01	1.41e-02	0.00e+00
 3.74766e+11	0.00e+00	0.00e+00	2.94e-27	4.62e-18	1.23e-09	9.87e-01	1.30e-02	0.00e+00
 4.19683e+11	0.00e+00	4.47e-37	3.74e-27	5.42e-18	1.33e-09	9.88e-01	1.20e-02	0.00e+00
 4.66397e+11	0.00e+00	0.00e+00	4.75e-27	6.37e-18	1.45e-09	9.89e-01	1.10e-02	0.00e+00
 5.14980e+11	0.00e+00	8.47e-37	6.05e-27	7.49e-18	1.57e-09	9.90e-01	1.02e-02	0.00e+00
 5.65506e+11	0.00e+00	0.00e+00	7.70e-27	8.80e-18	1.70e-09	9.91e-01	9.35e-03	0.00e+00
 6.18053e+11	0.00e+00	1.61e-36	9.79e-27	1.03e-17	1.85e-09	9.91e-01	8.61e-03	0.00e+00
 6.72702e+11	4.07e-47	2.22e-36	1.25e-26	1.22e-17	2.00e-09	9.92e-01	7.92e-03	0.00e+00
 7.29537e+11	0.00e+00	0.00e+00	1.59e-26	1.43e-17	2.17e-09	9.93e-01	7.29e-03	0.00e+00
 7.83358e+11	0.00e+00	4.10e-36	1.98e-26	1.66e-17	2.34e-09	9.93e-01	6.75e-03	0.00e+00
 8.32076e+11	1.21e-46	5.30e-36	2.40e-26	1.89e-17	2.50e-09	9.94e-01	6.32e-03	0.00e+00
 8.86984e+11	0.00e+00	0.00e+00	2.97e-26	2.18e-17	2.68e-09	9.94e-01	5.87e-03	0.00e+00
 9.51342e+11	0.00e+00	9.66e-36	3.77e-26	2.55e-17	2.91e-09	9.95e-01	5.41e-03	0.00e+00
 1.01529e+12	3.74e-46	1.31e-35	4.75e-26	2.98e-17	3.14e-09	9.95e-01	4.99e-03	0.00e+00
 1.07597e+12	0.00e+00	0.00e+00	5.86e-26	3.43e-17	3.38e-09	9.95e-01	4.64e-03	0.00e+00
 1.14311e+12	0.00e+00	2.34e-35	7.34e-26	3.99e-17	3.64e-09	9.96e-01	4.30e-03	0.00e+00
 1.21876e+12	1.16e-45	3.24e-35	9.38e-26	4.71e-17	3.96e-09	9.96e-01	3.95e-03	0.00e+00
 1.29484e+12	0.00e+00	0.00e+00	1.19e-25	5.52e-17	4.29e-09	9.96e-01	3.64e-03	0.00e+00
 1.37395e+12	0.00e+00	6.09e-35	1.51e-25	6.48e-17	4.65e-09	9.97e-01	3.35e-03	0.00e+00
 1.45884e+12	3.84e-45	8.45e-35	1.93e-25	7.65e-17	5.05e-09	9.97e-01	3.08e-03	0.00e+00
 1.54712e+12	0.00e+00	0.00e+00	2.48e-25	9.04e-17	5.50e-09	9.97e-01	2.83e-03	0.00e+00
 1.63156e+12	0.00e+00	1.59e-34	3.11e-25	1.05e-16	5.94e-09	9.97e-01	2.61e-03	0.00e+00
 1.70938e+12	1.18e-44	2.08e-34	3.82e-25	1.21e-16	6.37e-09	9.98e-01	2.44e-03	0.00e+00
 1.79766e+12	0.00e+00	2.80e-34	4.78e-25	1.41e-16	6.87e-09	9.98e-01	2.25e-03	0.00e+00
 1.89947e+12	2.59e-44	3.90e-34	6.14e-25	1.67e-16	7.48e-09	9.98e-01	2.07e-03	0.00e+00
 1.99934e+12	0.00e+00	5.34e-34	7.78e-25	1.96e-16	8.11e-09	9.98e-01	1.91e-03	0.00e+00
 2.09495e+12	5.50e-44	7.14e-34	9.69e-25	2.27e-16	8.74e-09	9.98e-01	1.77e-03	0.00e+00
 2.20041e+12	0.00e+00	9.74e-34	1.23e-24	2.66e-16	9.48e-09	9.98e-01	1.63e-03	0.00e+00
 2.31835e+12	1.23e-43	1.36e-33	1.58e-24	3.16e-16	1.03e-08	9.99e-01	1.49e-03	0.00e+00
 2.43714e+12	0.00e+00	1.88e-33	2.02e-24	3.73e-16	1.12e-08	9.99e-01	1.37e-03	0.00e+00
 2.56069e+12	2.77e-43	2.61e-33	2.59e-24	4.41e-16	1.22e-08	9.99e-01	1.26e-03	0.00e+00
 2.69305e+12	0.00e+00	3.65e-33	3.33e-24	5.24e-16	1.34e-08	9.99e-01	1.15e-03	0.00e+00
 2.83069e+12	6.42e-43	5.13e-33	4.32e-24	6.25e-16	1.46e-08	9.99e-01	1.06e-03	0.00e+00
 2.97385e+12	0.00e+00	7.19e-33	5.59e-24	7.45e-16	1.60e-08	9.99e-01	9.66e-04	0.00e+00
 3.12273e+12	1.49e-42	1.01e-32	7.24e-24	8.89e-16	1.75e-08	9.99e-01	8.83e-04	0.00e+00
 3.27206e+12	0.00e+00	1.40e-32	9.28e-24	1.05e-15	1.91e-08	9.99e-01	8.10e-04	0.00e+00
 3.42736e+12	3.38e-42	1.95e-32	1.20e-23	1.25e-15	2.08e-08	9.99e-01	7.41e-04	0.00e+00
 3.59438e+12	0.00e+00	2.75e-32	1.55e-23	1.50e-15	2.28e-08	9.99e-01	6.77e-04	0.00e+00
 3.76808e+12	7.90e-42	3.86e-32	2.02e-23	1.79e-15	2.50e-08	9.99e-01	6.18e-04	0.00e+00
 3.94873e+12	0.00e+00	5.44e-32	2.62e-23	2.15e-15	2.75e-08	9.99e-01	5.63e-04	0.00e+00
 4.13661e+12	1.85e-41	7.66e-32	3.41e-23	2.58e-15	3.02e-08	9.99e-01	5.14e-04	0.00e+00
 4.33200e+12	0.00e+00	1.08e-31	4.43e-23	3.09e-15	3.31e-08	1.00e+00	4.68e-04	0.00e+00
 4.50952e+12	4.08e-41	1.46e-31	5.59e-23	3.63e-15	3.60e-08	1.00e+00	4.31e-04	0.00e+00
 4.65869e+12	0.00e+00	1.86e-31	6.74e-23	4.14e-15	3.85e-08	1.00e+00	4.03e-04	0.00e+00
 4.82258e+12	7.61e-41	2.41e-31	8.24e-23	4.76e-15	4.14e-08	1.00e+00	3.75e-04	0.00e+00
 5.02848e+12	0.00e+00	3.30e-31	1.05e-22	5.64e-15	4.52e-08	1.00e+00	3.44e-04	0.00e+00
 5.24215e+12	1.66e-40	4.53e-31	1.34e-22	6.69e-15	4.94e-08	1.00e+00	3.15e-04	0.00e+00
 5.43266e+12	0.00e+00	5.93e-31	1.66e-22	7.75e-15	5.34e-08	1.00e+00	2.92e-04	0.00e+00
 5.63991e+12	3.28e-40	7.88e-31	2.06e-22	9.06e-15	5.79e-08	1.00e+00	2.70e-04	0.00e+00
 5.87026e+12	0.00e+00	1.07e-30	2.62e-22	1.07e-14	6.32e-08	1.00e+00	2.47e-04	0.00e+00
 6.08563e+12	6.66e-40	1.40e-30	3.24e-22	1.24e-14	6.84e-08	1.00e+00	2.29e-04	0.00e+00
 6.32061e+12	0.00e+00	1.87e-30	4.05e-22	1.46e-14	7.44e-08	1.00e+00	2.11e-04	0.00e+00
 6.58337e+12	1.38e-39	2.55e-30	5.16e-22	1.73e-14	8.15e-08	1.00e+00	1.93e-04	0.00e+00
 6.83165e+12	0.00e+00	3.38e-30	6.43e-22	2.03e-14	8.85e-08	1.00e+00	1.78e-04	0.00e+00
 7.10385e+12	2.80e-39	4.54e-30	8.11e-22	2.39e-14	9.65e-08	1.00e+00	1.63e-04	0.00e+00
 7.40839e+12	0.00e+00	6.23e-30	1.04e-21	2.86e-14	1.06e-07	1.00e+00	1.49e-04	0.00e+00
 7.69707e+12	5.84e-39	8.31e-30	1.31e-21	3.36e-14	1.16e-07	1.00e+00	1.37e-04	0.00e+00
 8.00672e+12	0.00e+00	1.12e-29	1.65e-21	3.97e-14	1.26e-07	1.00e+00	1.25e-04	0.00e+00
 8.35692e+12	1.24e-38	1.54e-29	2.12e-21	4.76e-14	1.39e-07	1.00e+00	1.14e-04	0.00e+00
 8.70373e+12	0.00e+00	2.08e-29	2.70e-21	5.66e-14	1.53e-07	1.00e+00	1.04e-04	0.00e+00
 9.06442e+12	2.58e-38	2.82e-29	3.42e-21	6.71e-14	1.67e-07	1.00e+00	9.50e-05	0.00e+00
 9.45692e+12	0.00e+00	3.86e-29	4.39e-21	8.03e-14	1.84e-07	1.00e+00	8.65e-05	0.00e+00
 9.85497e+12	5.46e-38	5.24e-29	5.58e-21	9.56e-14	2.02e-07	1.00e+00	7.89e-05	0.00e+00
 1.02161e+13	0.00e+00	6.83e-29	6.88e-21	1.11e-13	2.19e-07	1.00e+00	7.29e-05	0.00e+00
 1.05366e+13	9.91e-38	8.57e-29	8.24e-21	1.27e-13	2.35e-07	1.00e+00	6.81e-05	0.00e+00
 1.08982e+13	0.00e+00	1.10e-28	1.00e-20	1.46e-13	2.53e-07	1.00e+00	6.32e-05	0.00e+00
 1.13007e+13	1.85e-37	1.43e-28	1.24e-20	1.70e-13	2.75e-07	1.00e+00	5.83e-05	0.00e+00
 1.16789e+13	0.00e+00	1.82e-28	1.50e-20	1.95e-13	2.96e-07	1.00e+00	5.42e-05	0.00e+00
 1.20926e+13	3.36e-37	2.35e-28	1.83e-20	2.25e-13	3.20e-07	1.00e+00	5.02e-05	0.00e+00
 1.25559e+13	0.00e+00	3.09e-28	2.27e-20	2.64e-13	3.48e-07	1.00e+00	4.62e-05	0.00e+00
 1.29950e+13	6.35e-37	3.97e-28	2.77e-20	3.04e-13	3.76e-07	1.00e+00	4.28e-05	0.00e+00
 1.34773e+13	0.00e+00	5.18e-28	3.42e-20	3.54e-13	4.08e-07	1.00e+00	3.95e-05	0.00e+00
 1.40170e+13	1.24e-36	6.89e-28	4.29e-20	4.16e-13	4.45e-07	1.00e+00	3.63e-05	0.00e+00
 1.45287e+13	0.00e+00	8.93e-28	5.27e-20	4.83e-13	4.82e-07	1.00e+00	3.35e-05	0.00e+00
 1.49985e+13	2.24e-36	1.13e-27	6.32e-20	5.51e-13	5.17e-07	1.00e+00	3.13e-05	0.00e+00
 1.55163e+13	0.00e+00	1.44e-27	7.68e-20	6.34e-13	5.58e-07	1.00e+00	2.90e-05	0.00e+00
 1.60979e+13	4.18e-36	1.88e-27	9.48e-20	7.38e-13	6.05e-07	1.00e+00	2.68e-05	0.00e+00
 1.66488e+13	0.00e+00	2.40e-27	1.15e-19	8.47e-13	6.52e-07	1.00e+00	2.49e-05	0.00e+00
 1.72514e+13	7.69e-36	3.11e-27	1.41e-19	9.80e-13	7.05e-07	1.00e+00	2.30e-05	0.00e+00
 1.79176e+13	0.00e+00	4.09e-27	1.75e-19	1.15e-12	7.67e-07	1.00e+00	2.12e-05	0.00e+00
 1.85353e+13	1.45e-35	5.22e-27	2.13e-19	1.32e-12	8.26e-07	1.00e+00	1.97e-05	0.00e+00
 1.92071e+13	0.00e+00	6.77e-27	2.61e-19	1.52e-12	8.93e-07	1.00e+00	1.82e-05	0.00e+00
 1.99590e+13	2.78e-35	8.94e-27	3.24e-19	1.78e-12	9.71e-07	1.00e+00	1.68e-05	0.00e+00
 2.06699e+13	0.00e+00	1.15e-26	3.96e-19	2.05e-12	1.05e-06	1.00e+00	1.56e-05	0.00e+00
 2.14437e+13	5.25e-35	1.51e-26	4.89e-19	2.39e-12	1.14e-06	1.00e+00	1.44e-05	0.00e+00
 2.23055e+13	0.00e+00	2.01e-26	6.13e-19	2.80e-12	1.24e-06	1.00e+00	1.32e-05	0.00e+00
 2.31247e+13	1.02e-34	2.61e-26	7.53e-19	3.24e-12	1.34e-06	1.00e+00	1.22e-05	0.00e+00
 2.40025e+13	0.00e+00	3.43e-26	9.32e-19	3.77e-12	1.45e-06	1.00e+00	1.13e-05	0.00e+00
 2.49926e+13	2.05e-34	4.61e-26	1.18e-18	4.44e-12	1.58e-06	1.00e+00	1.04e-05	0.00e+00
 2.59727e+13	2.90e-34	6.12e-26	1.47e-18	5.19e-12	1.72e-06	1.00e+00	9.55e-06	0.00e+00
 2.69920e+13	4.10e-34	8.12e-26	1.83e-18	6.06e-12	1.87e-06	1.00e+00	8.80e-06	0.00e+00
 2.81016e+13	5.89e-34	1.09e-25	2.30e-18	7.13e-12	2.03e-06	1.00e+00	8.08e-06	0.00e+00
 2.92556e+13	8.48e-34	1.47e-25	2.90e-18	8.38e-12	2.21e-06	1.00e+00	7.42e-06	0.00e+00
 3.04557e+13	1.22e-33	1.98e-25	3.66e-18	9.86e-12	2.41e-06	1.00e+00	6.82e-06	0.00e+00
 3.17039e+13	1.76e-33	2.67e-25	4.61e-18	1.16e-11	2.62e-06	1.00e+00	6.27e-06	0.00e+00
 3.29399e+13	2.50e-33	3.56e-25	5.75e-18	1.35e-11	2.85e-06	1.00e+00	5.79e-06	0.00e+00
 3.40972e+13	3.43e-33	4.60e-25	7.02e-18	1.55e-11	3.06e-06	1.00e+00	5.38e-06	0.00e+00
 3.53628e+13	4.80e-33	6.05e-25	8.67e-18	1.80e-11	3.30e-06	1.00e+00	4.99e-06	0.00e+00
 3.66656e+13	6.71e-33	7.93e-25	1.07e-17	2.08e-11	3.56e-06	1.00e+00	4.63e-06	0.00e+00
 3.77733e+13	8.84e-33	9.92e-25	1.27e-17	2.34e-11	3.79e-06	1.00e+00	4.35e-06	0.00e+00
 3.89531e+13	1.18e-32	1.25e-24	1.52e-17	2.64e-11	4.04e-06	1.00e+00	4.09e-06	0.00e+00
 4.04273e+13	1.66e-32	1.66e-24	1.89e-17	3.07e-11	4.36e-06	1.00e+00	3.78e-06	0.00e+00
 4.19530e+13	2.35e-32	2.20e-24	2.34e-17	3.56e-11	4.71e-06	1.00e+00	3.51e-06	0.00e+00
 4.33275e+13	3.19e-32	2.81e-24	2.82e-17	4.04e-11	5.04e-06	1.00e+00	3.28e-06	0.00e+00
 4.48363e+13	4.41e-32	3.65e-24	3.45e-17	4.64e-11	5.40e-06	1.00e+00	3.06e-06	0.00e+00
 4.64910e+13	6.20e-32	4.81e-24	4.26e-17	5.36e-11	5.82e-06	1.00e+00	2.84e-06	0.00e+00
 4.80023e+13	8.40e-32	6.15e-24	5.14e-17	6.09e-11	6.22e-06	1.00e+00	2.66e-06	0.00e+00
 4.96340e+13	1.16e-31	7.95e-24	6.25e-17	6.95e-11	6.65e-06	1.00e+00	2.49e-06	0.00e+00
 5.14696e+13	1.63e-31	1.05e-23	7.73e-17	8.04e-11	7.17e-06	1.00e+00	2.31e-06	0.00e+00
 5.32109e+13	2.24e-31	1.36e-23	9.39e-17	9.17e-11	7.67e-06	1.00e+00	2.16e-06	0.00e+00
 5.51153e+13	3.15e-31	1.78e-23	1.15e-16	1.05e-10	8.24e-06	1.00e+00	2.01e-06	0.00e+00
 5.72307e+13	4.51e-31	2.38e-23	1.44e-16	1.23e-10	8.89e-06	1.00e+00	1.86e-06	0.00e+00
 5.92045e+13	6.26e-31	3.10e-23	1.76e-16	1.40e-10	9.52e-06	1.00e+00	1.74e-06	0.00e+00
 6.13550e+13	8.84e-31	4.09e-23	2.17e-16	1.62e-10	1.02e-05	1.00e+00	1.62e-06	0.00e+00
 6.37692e+13	1.28e-30	5.52e-23	2.72e-16	1.88e-10	1.11e-05	1.00e+00	1.50e-06	0.00e+00
 6.60627e+13	1.81e-30	7.28e-23	3.36e-16	2.17e-10	1.19e-05	1.00e+00	1.39e-06	0.00e+00
 6.85155e+13	2.58e-30	9.68e-23	4.16e-16	2.51e-10	1.28e-05	1.00e+00	1.30e-06	0.00e+00
 7.12861e+13	3.79e-30	1.32e-22	5.26e-16	2.93e-10	1.39e-05	1.00e+00	1.20e-06	0.00e+00
 7.40187e+13	5.46e-30	1.77e-22	6.57e-16	3.41e-10	1.49e-05	1.00e+00	1.11e-06	0.00e+00
 7.68606e+13	7.89e-30	2.38e-22	8.21e-16	3.96e-10	1.61e-05	1.00e+00	1.03e-06	0.00e+00
 7.99650e+13	1.16e-29	3.24e-22	1.04e-15	4.63e-10	1.74e-05	1.00e+00	9.50e-07	0.00e+00
 8.31935e+13	1.71e-29	4.42e-22	1.31e-15	5.42e-10	1.89e-05	1.00e+00	0.00e+00	0.00e+00
 8.65512e+13	2.51e-29	6.03e-22	1.66e-15	6.35e-10	2.05e-05	1.00e+00	0.00e+00	0.00e+00
 8.98231e+13	3.61e-29	8.06e-22	2.06e-15	7.36e-10	2.20e-05	1.00e+00	0.00e+00	0.00e+00
 9.29309e+13	5.04e-29	1.05e-21	2.52e-15	8.43e-10	2.36e-05	1.00e+00	0.00e+00	0.00e+00
 9.63832e+13	7.19e-29	1.40e-21	3.13e-15	9.75e-10	2.54e-05	1.00e+00	0.00e+00	0.00e+00
 1.00174e+14	1.05e-28	1.90e-21	3.94e-15	1.14e-09	2.75e-05	1.00e+00	0.00e+00	0.00e+00
 1.03524e+14	1.44e-28	2.45e-21	4.79e-15	1.30e-09	2.93e-05	1.00e+00	0.00e+00	0.00e+00
 1.06375e+14	1.88e-28	3.04e-21	5.62e-15	1.44e-09	3.10e-05	1.00e+00	0.00e+00	0.00e+00
 1.09566e+14	2.51e-28	3.82e-21	6.70e-15	1.63e-09	3.29e-05	1.00e+00	0.00e+00	0.00e+00
 1.13612e+14	3.56e-28	5.08e-21	8.30e-15	1.88e-09	3.54e-05	1.00e+00	0.00e+00	0.00e+00
 1.17870e+14	5.09e-28	6.76e-21	1.03e-14	2.18e-09	3.82e-05	1.00e+00	0.00e+00	0.00e+00
 1.21713e+14	6.95e-28	8.69e-21	1.25e-14	2.47e-09	4.08e-05	1.00e+00	0.00e+00	0.00e+00
 1.25914e+14	9.65e-28	1.13e-20	1.52e-14	2.83e-09	4.37e-05	1.00e+00	0.00e+00	0.00e+00
 1.30870e+14	1.40e-27	1.53e-20	1.92e-14	3.31e-09	4.73e-05	1.00e+00	0.00e+00	0.00e+00
 1.35829e+14	2.01e-27	2.04e-20	2.39e-14	3.84e-09	5.10e-05	1.00e+00	0.00e+00	0.00e+00
 1.40558e+14	2.79e-27	2.67e-20	2.92e-14	4.40e-09	5.47e-05	1.00e+00	0.00e+00	0.00e+00
 1.45782e+14	3.97e-27	3.54e-20	3.63e-14	5.10e-09	5.90e-05	1.00e+00	0.00e+00	0.00e+00
 1.51201e+14	5.63e-27	4.70e-20	4.50e-14	5.90e-09	6.36e-05	1.00e+00	0.00e+00	0.00e+00
 1.56010e+14	7.62e-27	5.99e-20	5.42e-14	6.69e-09	6.78e-05	1.00e+00	0.00e+00	0.00e+00
 1.61218e+14	1.04e-26	7.73e-20	6.58e-14	7.63e-09	7.25e-05	1.00e+00	0.00e+00	0.00e+00
 1.67459e+14	1.50e-26	1.04e-19	8.24e-14	8.89e-09	7.84e-05	1.00e+00	0.00e+00	0.00e+00
 1.73621e+14	2.13e-26	1.37e-19	1.02e-13	1.03e-08	8.45e-05	1.00e+00	0.00e+00	0.00e+00
 1.79131e+14	2.87e-26	1.75e-19	1.23e-13	1.17e-08	9.01e-05	1.00e+00	0.00e+00	0.00e+00
 1.85216e+14	3.96e-26	2.27e-19	1.50e-13	1.33e-08	9.65e-05	1.00e+00	0.00e+00	0.00e+00
 1.92444e+14	5.71e-26	3.05e-19	1.88e-13	1.55e-08	1.04e-04	1.00e+00	0.00e+00	0.00e+00
 1.99610e+14	8.11e-26	4.05e-19	2.33e-13	1.80e-08	1.13e-04	1.00e+00	0.00e+00	0.00e+00
 2.06197e+14	1.11e-25	5.22e-19	2.82e-13	2.05e-08	1.20e-04	1.00e+00	0.00e+00	0.00e+00
 2.13579e+14	1.55e-25	6.85e-19	3.48e-13	2.36e-08	1.30e-04	1.00e+00	0.00e+00	0.00e+00
 2.22121e+14	2.26e-25	9.28e-19	4.38e-13	2.77e-08	1.40e-04	1.00e+00	0.00e+00	0.00e+00
 2.30487e+14	3.23e-25	1.24e-18	5.46e-13	3.21e-08	1.52e-04	1.00e+00	0.00e+00	0.00e+00
 2.38453e+14	4.48e-25	1.61e-18	6.67e-13	3.68e-08	1.62e-04	1.00e+00	0.00e+00	0.00e+00
 2.47287e+14	6.36e-25	2.14e-18	8.28e-13	4.25e-08	1.75e-04	1.00e+00	0.00e+00	0.00e+00
 2.57208e+14	9.30e-25	2.90e-18	1.05e-12	4.98e-08	1.90e-04	1.00e+00	0.00e+00	0.00e+00
 2.67217e+14	1.34e-24	3.91e-18	1.31e-12	5.80e-08	2.05e-04	1.00e+00	0.00e+00	0.00e+00
 2.76734e+14	1.89e-24	5.14e-18	1.61e-12	6.68e-08	2.20e-04	1.00e+00	0.00e+00	0.00e+00
 2.86942e+14	2.68e-24	6.82e-18	2.00e-12	7.72e-08	2.37e-04	1.00e+00	0.00e+00	0.00e+00
 2.97875e+14	3.85e-24	9.13e-18	2.50e-12	8.97e-08	2.56e-04	1.00e+00	0.00e+00	0.00e+00
 3.08002e+14	5.33e-24	1.19e-17	3.04e-12	1.03e-07	2.74e-04	1.00e+00	0.00e+00	0.00e+00
 3.19109e+14	7.51e-24	1.56e-17	3.76e-12	1.18e-07	2.95e-04	1.00e+00	0.00e+00	0.00e+00
 3.30551e+14	1.06e-23	2.06e-17	4.63e-12	1.36e-07	3.17e-04	1.00e+00	0.00e+00	0.00e+00
 3.40076e+14	1.40e-23	2.57e-17	5.48e-12	1.52e-07	3.36e-04	1.00e+00	0.00e+00	0.00e+00
 3.50095e+14	1.85e-23	3.23e-17	6.51e-12	1.71e-07	3.56e-04	1.00e+00	0.00e+00	0.00e+00
 3.62888e+14	2.63e-23	4.28e-17	8.06e-12	1.98e-07	3.83e-04	1.00e+00	0.00e+00	0.00e+00
 3.76245e+14	3.74e-23	5.69e-17	9.99e-12	2.28e-07	4.12e-04	1.00e+00	0.00e+00	0.00e+00
 3.87926e+14	5.04e-23	7.23e-17	1.20e-11	2.58e-07	4.38e-04	1.00e+00	0.00e+00	0.00e+00
 4.00473e+14	6.87e-23	9.28e-17	1.45e-11	2.93e-07	4.68e-04	1.00e+00	0.00e+00	0.00e+00
 4.15732e+14	9.89e-23	1.24e-16	1.81e-11	3.40e-07	5.04e-04	9.99e-01	0.00e+00	0.00e+00
 4.30894e+14	1.40e-22	1.65e-16	2.24e-11	3.93e-07	5.42e-04	9.99e-01	0.00e+00	0.00e+00
 4.44210e+14	1.89e-22	2.09e-16	2.68e-11	4.43e-07	5.77e-04	9.99e-01	0.00e+00	0.00e+00
 4.58745e+14	2.59e-22	2.70e-16	3.25e-11	5.04e-07	6.16e-04	9.99e-01	0.00e+00	0.00e+00
 4.76315e+14	3.72e-22	3.62e-16	4.06e-11	5.86e-07	6.65e-04	9.99e-01	0.00e+00	0.00e+00
 4.93851e+14	5.31e-22	4.81e-16	5.03e-11	6.77e-07	7.15e-04	9.99e-01	0.00e+00	0.00e+00
 5.09559e+14	7.18e-22	6.13e-16	6.05e-11	7.67e-07	7.63e-04	9.99e-01	0.00e+00	0.00e+00
 5.26869e+14	9.96e-22	7.97e-16	7.38e-11	8.77e-07	8.16e-04	9.99e-01	0.00e+00	0.00e+00
 5.47401e+14	1.44e-21	1.07e-15	9.26e-11	1.02e-06	8.83e-04	9.99e-01	0.00e+00	0.00e+00
 5.67723e+14	2.05e-21	1.43e-15	1.15e-10	1.18e-06	9.51e-04	9.99e-01	0.00e+00	0.00e+00
 5.86389e+14	2.80e-21	1.84e-15	1.39e-10	1.35e-06	1.02e-03	9.99e-01	0.00e+00	0.00e+00
 6.07299e+14	3.90e-21	2.40e-15	1.71e-10	1.55e-06	1.09e-03	9.99e-01	0.00e+00	0.00e+00
 6.31515e+14	5.70e-21	3.26e-15	2.16e-10	1.81e-06	1.18e-03	9.99e-01	0.00e+00	0.00e+00
 6.55285e+14	8.09e-21	4.33e-15	2.68e-10	2.10e-06	1.28e-03	9.99e-01	0.00e+00	0.00e+00
 6.77968e+14	1.12e-20	5.64e-15	3.28e-10	2.41e-06	1.37e-03	9.99e-01	0.00e+00	0.00e+00
 7.03080e+14	1.58e-20	7.45e-15	4.06e-10	2.79e-06	1.48e-03	9.99e-01	0.00e+00	0.00e+00
 7.31233e+14	2.28e-20	1.01e-14	5.12e-10	3.26e-06	1.61e-03	9.98e-01	0.00e+00	0.00e+00
 7.59123e+14	3.24e-20	1.34e-14	6.37e-10	3.80e-06	1.74e-03	9.98e-01	0.00e+00	0.00e+00
 7.88128e+14	4.59e-20	1.78e-14	7.94e-10	4.41e-06	1.88e-03	9.98e-01	0.00e+00	0.00e+00
 8.14808e+14	6.24e-20	2.28e-14	9.65e-10	5.05e-06	2.02e-03	9.98e-01	0.00e+00	0.00e+00
 8.35449e+14	7.88e-20	2.76e-14	1.12e-09	5.58e-06	2.13e-03	9.98e-01	0.00e+00	0.00e+00
 8.57136e+14	9.90e-20	3.33e-14	1.30e-09	6.19e-06	2.25e-03	9.98e-01	0.00e+00	0.00e+00
 8.85330e+14	1.33e-19	4.25e-14	1.57e-09	7.05e-06	2.41e-03	9.98e-01	0.00e+00	0.00e+00
 9.15755e+14	1.80e-19	5.46e-14	1.91e-09	8.08e-06	2.60e-03	9.97e-01	0.00e+00	0.00e+00
 9.43033e+14	2.35e-19	6.79e-14	2.26e-09	9.09e-06	2.77e-03	9.97e-01	0.00e+00	0.00e+00
 9.72449e+14	3.08e-19	8.50e-14	2.71e-09	1.03e-05	2.96e-03	9.97e-01	0.00e+00	0.00e+00
 1.00887e+15	4.27e-19	1.11e-13	3.35e-09	1.19e-05	3.20e-03	9.97e-01	0.00e+00	0.00e+00
 1.04559e+15	5.85e-19	1.45e-13	4.12e-09	1.38e-05	3.47e-03	9.97e-01	0.00e+00	0.00e+00
 1.07773e+15	7.64e-19	1.80e-13	4.92e-09	1.56e-05	3.70e-03	9.96e-01	0.00e+00	0.00e+00
 1.11274e+15	1.00e-18	2.26e-13	5.91e-09	1.77e-05	3.98e-03	9.96e-01	0.00e+00	0.00e+00
 1.15519e+15	1.39e-18	2.97e-13	7.34e-09	2.06e-05	4.33e-03	9.96e-01	0.00e+00	0.00e+00
 1.19752e+15	1.89e-18	3.85e-13	9.05e-09	2.39e-05	4.69e-03	9.95e-01	0.00e+00	0.00e+00
 1.23513e+15	2.47e-18	4.81e-13	1.08e-08	2.70e-05	5.02e-03	9.95e-01	0.00e+00	0.00e+00
 1.27639e+15	3.25e-18	6.07e-13	1.31e-08	3.08e-05	5.41e-03	9.95e-01	0.00e+00	0.00e+00
 1.32572e+15	4.49e-18	7.97e-13	1.63e-08	3.59e-05	5.89e-03	9.94e-01	0.00e+00	0.00e+00
 1.37461e+15	6.09e-18	1.03e-12	2.01e-08	4.16e-05	6.39e-03	9.94e-01	0.00e+00	0.00e+00
 1.41889e+15	7.95e-18	1.29e-12	2.41e-08	4.72e-05	6.86e-03	9.93e-01	0.00e+00	0.00e+00
 1.46811e+15	1.06e-17	1.64e-12	2.94e-08	5.42e-05	7.41e-03	9.93e-01	0.00e+00	0.00e+00
 1.52586e+15	1.46e-17	2.16e-12	3.68e-08	6.33e-05	8.09e-03	9.92e-01	0.00e+00	0.00e+00
 1.58270e+15	1.98e-17	2.80e-12	4.55e-08	7.34e-05	8.79e-03	9.91e-01	0.00e+00	0.00e+00
 1.63563e+15	2.61e-17	3.54e-12	5.52e-08	8.37e-05	9.47e-03	9.90e-01	0.00e+00	0.00e+00
 1.69490e+15	3.51e-17	4.55e-12	6.79e-08	9.66e-05	1.03e-02	9.90e-01	0.00e+00	0.00e+00
 1.76273e+15	4.88e-17	6.02e-12	8.54e-08	1.13e-04	1.12e-02	9.89e-01	0.00e+00	0.00e+00
 1.82969e+15	6.66e-17	7.85e-12	1.06e-07	1.31e-04	1.22e-02	9.88e-01	0.00e+00	0.00e+00
 1.89933e+15	9.11e-17	1.02e-11	1.32e-07	1.53e-04	1.33e-02	9.87e-01	0.00e+00	0.00e+00
 1.96259e+15	1.20e-16	1.29e-11	1.60e-07	1.74e-04	1.43e-02	9.86e-01	0.00e+00	0.00e+00
 2.00987e+15	1.69e-16	1.53e-11	1.84e-07	1.91e-04	1.51e-02	9.85e-01	0.00e+00	0.00e+00
 2.05880e+15	2.08e-16	1.82e-11	2.12e-07	2.11e-04	1.59e-02	9.84e-01	0.00e+00	0.00e+00
 2.12240e+15	2.69e-16	2.27e-11	2.54e-07	2.38e-04	1.71e-02	9.83e-01	0.00e+00	0.00e+00
 2.19148e+15	3.54e-16	2.86e-11	3.08e-07	2.71e-04	1.84e-02	9.81e-01	0.00e+00	0.00e+00
 2.25399e+15	4.51e-16	3.50e-11	3.63e-07	3.03e-04	1.95e-02	9.80e-01	0.00e+00	0.00e+00
 2.32154e+15	5.80e-16	4.33e-11	4.33e-07	3.41e-04	2.09e-02	9.79e-01	0.00e+00	0.00e+00
 2.40693e+15	7.94e-16	5.64e-11	5.37e-07	3.94e-04	2.27e-02	9.77e-01	0.00e+00	0.00e+00
 2.49292e+15	1.08e-15	7.29e-11	6.62e-07	4.53e-04	2.45e-02	9.75e-01	0.00e+00	0.00e+00
 2.56542e+15	1.38e-15	8.97e-11	7.85e-07	5.08e-04	2.61e-02	9.73e-01	0.00e+00	0.00e+00
 2.64298e+15	1.78e-15	1.12e-10	9.39e-07	5.72e-04	2.79e-02	9.72e-01	0.00e+00	0.00e+00
 2.74056e+15	2.45e-15	1.46e-10	1.17e-06	6.63e-04	3.03e-02	9.69e-01	0.00e+00	0.00e+00
 2.84242e+15	3.37e-15	1.91e-10	1.46e-06	7.67e-04	3.28e-02	9.66e-01	0.00e+00	0.00e+00
 2.93404e+15	4.44e-15	2.41e-10	1.76e-06	8.70e-04	3.52e-02	9.64e-01	0.00e+00	0.00e+00
 3.03409e+15	5.97e-15	3.10e-10	2.15e-06	9.95e-04	3.79e-02	9.61e-01	0.00e+00	0.00e+00
 3.15248e+15	8.40e-15	4.13e-10	2.72e-06	1.16e-03	4.12e-02	9.58e-01	0.00e+00	0.00e+00
 3.26852e+15	1.15e-14	5.40e-10	3.38e-06	1.34e-03	4.46e-02	9.54e-01	0.00e+00	0.00e+00
 3.37454e+15	1.53e-14	6.87e-10	4.10e-06	1.52e-03	4.78e-02	9.51e-01	0.00e+00	0.00e+00
 3.49371e+15	2.09e-14	8.91e-10	5.06e-06	1.75e-03	5.16e-02	9.47e-01	0.00e+00	0.00e+00
 3.63230e+15	2.96e-14	1.19e-09	6.41e-06	2.05e-03	5.61e-02	9.42e-01	0.00e+00	0.00e+00
 3.76833e+15	4.11e-14	1.58e-09	8.01e-06	2.37e-03	6.07e-02	9.37e-01	0.00e+00	0.00e+00
 3.89673e+15	5.59e-14	2.04e-09	9.83e-06	2.71e-03	6.52e-02	9.32e-01	0.00e+00	0.00e+00
 4.03956e+15	7.69e-14	2.67e-09	1.22e-05	3.13e-03	7.05e-02	9.26e-01	0.00e+00	0.00e+00
 4.20118e+15	1.10e-13	3.60e-09	1.55e-05	3.66e-03	7.66e-02	9.20e-01	0.00e+00	0.00e+00
 4.33722e+15	1.46e-13	4.59e-09	1.89e-05	4.16e-03	8.20e-02	9.14e-01	0.00e+00	0.00e+00
 4.43535e+15	1.78e-13	5.43e-09	2.16e-05	4.55e-03	8.59e-02	9.09e-01	0.00e+00	0.00e+00
 4.53765e+15	2.19e-13	6.47e-09	2.49e-05	4.99e-03	9.01e-02	9.05e-01	0.00e+00	0.00e+00
 4.67064e+15	2.85e-13	8.06e-09	2.96e-05	5.59e-03	9.57e-02	8.99e-01	0.00e+00	0.00e+00
 4.81875e+15	3.78e-13	1.02e-08	3.59e-05	6.34e-03	1.02e-01	8.91e-01	0.00e+00	0.00e+00
 4.95683e+15	4.87e-13	1.27e-08	4.25e-05	7.08e-03	1.08e-01	8.85e-01	0.00e+00	0.00e+00
 5.10666e+15	6.41e-13	1.59e-08	5.10e-05	7.98e-03	1.15e-01	8.77e-01	0.00e+00	0.00e+00
 5.27430e+15	8.58e-13	2.04e-08	6.22e-05	9.07e-03	1.23e-01	8.68e-01	0.00e+00	0.00e+00
 5.43277e+15	1.12e-12	2.56e-08	7.43e-05	1.02e-02	1.30e-01	8.59e-01	0.00e+00	0.00e+00
 5.60645e+15	1.50e-12	3.26e-08	9.00e-05	1.15e-02	1.39e-01	8.49e-01	0.00e+00	0.00e+00
 5.80060e+15	2.05e-12	4.23e-08	1.11e-04	1.32e-02	1.49e-01	8.38e-01	0.00e+00	0.00e+00
 5.98439e+15	2.73e-12	5.38e-08	1.34e-04	1.49e-02	1.58e-01	8.27e-01	0.00e+00	0.00e+00
 6.18632e+15	3.71e-12	6.96e-08	1.64e-04	1.70e-02	1.69e-01	8.14e-01	0.00e+00	0.00e+00
 6.40799e+15	5.12e-12	9.12e-08	2.03e-04	1.95e-02	1.80e-01	8.00e-01	0.00e+00	0.00e+00
 6.61242e+15	6.83e-12	1.16e-07	2.45e-04	2.21e-02	1.91e-01	7.86e-01	0.00e+00	0.00e+00
 6.83527e+15	9.29e-12	1.50e-07	3.00e-04	2.51e-02	2.04e-01	7.71e-01	0.00e+00	0.00e+00
 7.08153e+15	1.28e-11	1.97e-07	3.71e-04	2.88e-02	2.17e-01	7.53e-01	0.00e+00	0.00e+00
 7.31028e+15	1.71e-11	2.51e-07	4.49e-04	3.25e-02	2.30e-01	7.37e-01	0.00e+00	0.00e+00
 7.55972e+15	2.34e-11	3.25e-07	5.50e-04	3.70e-02	2.44e-01	7.18e-01	0.00e+00	0.00e+00
 7.83592e+15	3.25e-11	4.28e-07	6.83e-04	4.25e-02	2.60e-01	6.97e-01	0.00e+00	0.00e+00
 8.08271e+15	4.30e-11	5.41e-07	8.20e-04	4.77e-02	2.73e-01	6.78e-01	0.00e+00	0.00e+00
 8.30506e+15	5.50e-11	6.64e-07	9.65e-04	5.29e-02	2.86e-01	6.60e-01	0.00e+00	0.00e+00
 8.51983e+15	6.93e-11	8.06e-07	1.12e-03	5.81e-02	2.97e-01	6.43e-01	0.00e+00	0.00e+00
 8.75901e+15	8.95e-11	9.96e-07	1.33e-03	6.44e-02	3.10e-01	6.24e-01	0.00e+00	0.00e+00
 9.01535e+15	1.16e-10	1.24e-06	1.57e-03	7.17e-02	3.24e-01	6.03e-01	0.00e+00	0.00e+00
 9.24592e+15	1.45e-10	1.50e-06	1.83e-03	7.86e-02	3.36e-01	5.84e-01	0.00e+00	0.00e+00
 9.49760e+15	1.87e-10	1.84e-06	2.14e-03	8.67e-02	3.48e-01	5.63e-01	0.00e+00	0.00e+00
 9.77488e+15	2.41e-10	2.28e-06	2.54e-03	9.61e-02	3.61e-01	5.40e-01	0.00e+00	0.00e+00
 1.00357e+16	3.06e-10	2.78e-06	2.97e-03	1.06e-01	3.73e-01	5.18e-01	0.00e+00	0.00e+00
 1.03250e+16	3.99e-10	3.45e-06	3.52e-03	1.17e-01	3.86e-01	4.94e-01	0.00e+00	0.00e+00
 1.06389e+16	5.21e-10	4.31e-06	4.19e-03	1.30e-01	3.98e-01	4.68e-01	0.00e+00	0.00e+00
 1.09290e+16	6.63e-10	5.27e-06	4.91e-03	1.42e-01	4.09e-01	4.44e-01	0.00e+00	0.00e+00
 1.12013e+16	8.27e-10	6.33e-06	5.68e-03	1.55e-01	4.18e-01	4.22e-01	0.00e+00	0.00e+00
 1.15062e+16	1.07e-09	7.79e-06	6.68e-03	1.70e-01	4.27e-01	3.97e-01	0.00e+00	0.00e+00
 1.18355e+16	1.38e-09	9.63e-06	7.89e-03	1.87e-01	4.35e-01	3.71e-01	0.00e+00	0.00e+00
 1.21282e+16	1.71e-09	1.15e-05	9.11e-03	2.02e-01	4.41e-01	3.48e-01	0.00e+00	0.00e+00
 1.24406e+16	2.19e-09	1.41e-05	1.06e-02	2.20e-01	4.46e-01	3.24e-01	0.00e+00	0.00e+00
 1.27807e+16	2.81e-09	1.73e-05	1.25e-02	2.39e-01	4.49e-01	2.99e-01	0.00e+00	0.00e+00
 1.30853e+16	3.49e-09	2.07e-05	1.44e-02	2.58e-01	4.51e-01	2.77e-01	0.00e+00	0.00e+00
 1.33525e+16	4.22e-09	2.42e-05	1.63e-02	2.74e-01	4.51e-01	2.58e-01	0.00e+00	0.00e+00
 1.36426e+16	5.23e-09	2.88e-05	1.86e-02	2.93e-01	4.50e-01	2.38e-01	0.00e+00	0.00e+00
 1.39571e+16	6.56e-09	3.46e-05	2.15e-02	3.14e-01	4.47e-01	2.18e-01	0.00e+00	0.00e+00
 1.42327e+16	7.89e-09	4.03e-05	2.43e-02	3.33e-01	4.42e-01	2.01e-01	0.00e+00	0.00e+00
 1.44805e+16	9.42e-09	4.65e-05	2.71e-02	3.50e-01	4.37e-01	1.86e-01	0.00e+00	0.00e+00
 1.47628e+16	1.16e-08	5.51e-05	3.08e-02	3.70e-01	4.30e-01	1.69e-01	0.00e+00	0.00e+00
 1.50639e+16	1.45e-08	6.57e-05	3.53e-02	3.92e-01	4.21e-01	1.52e-01	0.00e+00	0.00e+00
 1.53231e+16	1.74e-08	7.62e-05	3.95e-02	4.10e-01	4.12e-01	1.38e-01	0.00e+00	0.00e+00
 1.55560e+16	2.07e-08	8.74e-05	4.39e-02	4.27e-01	4.02e-01	1.26e-01	0.00e+00	0.00e+00
 1.58210e+16	2.53e-08	1.02e-04	4.95e-02	4.47e-01	3.90e-01	1.13e-01	0.00e+00	0.00e+00
 1.61031e+16	3.16e-08	1.22e-04	5.63e-02	4.68e-01	3.76e-01	9.99e-02	0.00e+00	0.00e+00
 1.63416e+16	3.78e-08	1.41e-04	6.27e-02	4.85e-01	3.63e-01	8.96e-02	0.00e+00	0.00e+00
 1.65490e+16	4.46e-08	1.60e-04	6.90e-02	5.00e-01	3.50e-01	8.09e-02	0.00e+00	0.00e+00
 1.67821e+16	5.38e-08	1.86e-04	7.70e-02	5.17e-01	3.35e-01	7.16e-02	0.00e+00	0.00e+00
 1.70305e+16	6.70e-08	2.20e-04	8.68e-02	5.34e-01	3.17e-01	6.21e-02	0.00e+00	0.00e+00
 1.72384e+16	7.97e-08	2.52e-04	9.58e-02	5.48e-01	3.02e-01	5.49e-02	0.00e+00	0.00e+00
 1.74145e+16	9.32e-08	2.84e-04	1.04e-01	5.59e-01	2.87e-01	4.90e-02	0.00e+00	0.00e+00
 1.76100e+16	1.07e-07	3.19e-04	1.15e-01	5.71e-01	2.71e-01	4.29e-02	0.00e+00	0.00e+00
 1.78221e+16	1.30e-07	3.71e-04	1.27e-01	5.83e-01	2.52e-01	3.67e-02	0.00e+00	0.00e+00
 1.80027e+16	1.64e-07	4.38e-04	1.40e-01	5.92e-01	2.35e-01	3.13e-02	0.00e+00	0.00e+00
 1.81442e+16	1.89e-07	4.88e-04	1.51e-01	5.99e-01	2.22e-01	2.77e-02	0.00e+00	0.00e+00
 1.82881e+16	2.11e-07	5.35e-04	1.62e-01	6.06e-01	2.07e-01	2.41e-02	0.00e+00	0.00e+00
 1.84753e+16	2.70e-07	6.42e-04	1.80e-01	6.12e-01	1.87e-01	1.96e-02	0.00e+00	0.00e+00
 1.86437e+16	3.25e-07	7.38e-04	1.97e-01	6.17e-01	1.70e-01	1.61e-02	0.00e+00	0.00e+00
 1.87509e+16	3.74e-07	8.16e-04	2.09e-01	6.19e-01	1.58e-01	1.39e-02	0.00e+00	0.00e+00
 1.88278e+16	4.10e-07	8.73e-04	2.17e-01	6.20e-01	1.49e-01	1.25e-02	0.00e+00	0.00e+00
 1.89022e+16	4.38e-07	9.21e-04	2.26e-01	6.21e-01	1.41e-01	1.12e-02	0.00e+00	0.00e+00
 1.89989e+16	5.12e-07	1.03e-03	2.39e-01	6.22e-01	1.29e-01	9.50e-03	0.00e+00	0.00e+00
 1.90889e+16	5.58e-07	1.10e-03	2.50e-01	6.22e-01	1.19e-01	8.19e-03	0.00e+00	0.00e+00
 1.91575e+16	6.35e-07	1.20e-03	2.60e-01	6.21e-01	1.11e-01	7.13e-03	0.00e+00	0.00e+00
 1.92173e+16	6.71e-07	1.26e-03	2.68e-01	6.20e-01	1.04e-01	6.37e-03	0.00e+00	0.00e+00
 1.92786e+16	7.35e-07	1.34e-03	2.77e-01	6.19e-01	9.69e-02	5.56e-03	0.00e+00	0.00e+00
 1.93584e+16	8.51e-07	1.49e-03	2.89e-01	6.17e-01	8.75e-02	4.57e-03	0.00e+00	0.00e+00
 1.94329e+16	9.40e-07	1.60e-03	3.00e-01	6.15e-01	7.94e-02	3.82e-03	0.00e+00	0.00e+00
 1.94881e+16	1.03e-06	1.70e-03	3.09e-01	6.13e-01	7.33e-02	3.30e-03	0.00e+00	0.00e+00
 1.95474e+16	1.13e-06	1.82e-03	3.18e-01	6.10e-01	6.68e-02	2.77e-03	0.00e+00	0.00e+00
 1.96139e+16	1.25e-06	1.96e-03	3.29e-01	6.07e-01	5.99e-02	2.26e-03	0.00e+00	0.00e+00
 1.96767e+16	1.38e-06	2.10e-03	3.39e-01	6.04e-01	5.37e-02	1.85e-03	0.00e+00	0.00e+00
 1.97358e+16	1.51e-06	2.24e-03	3.48e-01	6.00e-01	4.81e-02	1.51e-03	0.00e+00	0.00e+00
 1.98029e+16	1.68e-06	2.41e-03	3.59e-01	5.96e-01	4.21e-02	1.18e-03	0.00e+00	0.00e+00
 1.98752e+16	1.87e-06	2.60e-03	3.69e-01	5.91e-01	3.63e-02	8.98e-04	0.00e+00	0.00e+00
 1.99411e+16	2.07e-06	2.80e-03	3.79e-01	5.86e-01	3.15e-02	6.89e-04	0.00e+00	0.00e+00
 2.00133e+16	2.32e-06	3.03e-03	3.90e-01	5.80e-01	2.66e-02	5.05e-04	0.00e+00	0.00e+00
 2.00943e+16	2.61e-06	3.29e-03	4.02e-01	5.73e-01	2.20e-02	3.56e-04	0.00e+00	0.00e+00
 2.01739e+16	2.95e-06	3.57e-03	4.13e-01	5.65e-01	1.81e-02	2.48e-04	0.00e+00	0.00e+00
 2.02645e+16	3.36e-06	3.91e-03	4.25e-01	5.56e-01	1.45e-02	1.63e-04	0.00e+00	0.00e+00
 2.03822e+16	3.96e-06	4.37e-03	4.40e-01	5.45e-01	1.08e-02	9.34e-05	0.00e+00	0.00e+00
 2.05106e+16	4.69e-06	4.91e-03	4.55e-01	5.32e-01	7.86e-03	5.18e-05	0.00e+00	0.00e+00
 2.06528e+16	5.64e-06	5.55e-03	4.72e-01	5.17e-01	5.55e-03	2.68e-05	0.00e+00	0.00e+00
 2.08377e+16	7.11e-06	6.49e-03	4.92e-01	4.98e-01	3.60e-03	1.17e-05	0.00e+00	0.00e+00
 2.10419e+16	9.16e-06	7.68e-03	5.14e-01	4.76e-01	2.30e-03	4.92e-06	0.00e+00	0.00e+00
 2.11897e+16	1.11e-05	8.72e-03	5.31e-01	4.59e-01	1.71e-03	2.77e-06	0.00e+00	0.00e+00
 2.12713e+16	1.23e-05	9.36e-03	5.40e-01	4.49e-01	1.46e-03	2.02e-06	0.00e+00	0.00e+00
 2.13487e+16	1.36e-05	1.00e-02	5.49e-01	4.40e-01	1.24e-03	1.47e-06	0.00e+00	0.00e+00
 2.14492e+16	1.55e-05	1.09e-02	5.60e-01	4.28e-01	1.01e-03	9.87e-07	0.00e+00	0.00e+00
 2.15799e+16	1.85e-05	1.23e-02	5.76e-01	4.11e-01	7.77e-04	0.00e+00	0.00e+00	0.00e+00
 2.17153e+16	2.24e-05	1.40e-02	5.92e-01	3.94e-01	5.99e-04	0.00e+00	0.00e+00	0.00e+00
 2.18243e+16	2.61e-05	1.55e-02	6.05e-01	3.79e-01	4.88e-04	0.00e+00	0.00e+00	0.00e+00
 2.19178e+16	3.00e-05	1.70e-02	6.17e-01	3.66e-01	4.07e-04	0.00e+00	0.00e+00	0.00e+00
 2.20237e+16	3.52e-05	1.89e-02	6.30e-01	3.51e-01	3.31e-04	0.00e+00	0.00e+00	0.00e+00
 2.21308e+16	4.17e-05	2.12e-02	6.44e-01	3.35e-01	2.70e-04	0.00e+00	0.00e+00	0.00e+00
 2.22135e+16	4.75e-05	2.32e-02	6.54e-01	3.22e-01	2.31e-04	0.00e+00	0.00e+00	0.00e+00
 2.22825e+16	5.33e-05	2.51e-02	6.63e-01	3.12e-01	2.01e-04	0.00e+00	0.00e+00	0.00e+00
 2.23593e+16	6.06e-05	2.74e-02	6.73e-01	3.00e-01	1.72e-04	0.00e+00	0.00e+00	0.00e+00
 2.24591e+16	7.20e-05	3.07e-02	6.85e-01	2.84e-01	1.40e-04	0.00e+00	0.00e+00	0.00e+00
 2.25567e+16	8.58e-05	3.46e-02	6.97e-01	2.68e-01	1.15e-04	0.00e+00	0.00e+00	0.00e+00
 2.26268e+16	9.79e-05	3.78e-02	7.06e-01	2.56e-01	1.00e-04	0.00e+00	0.00e+00	0.00e+00
 2.26845e+16	1.09e-04	4.07e-02	7.12e-01	2.47e-01	8.85e-05	0.00e+00	0.00e+00	0.00e+00
 2.27506e+16	1.24e-04	4.44e-02	7.20e-01	2.35e-01	7.65e-05	0.00e+00	0.00e+00	0.00e+00
 2.28364e+16	1.47e-04	4.97e-02	7.29e-01	2.21e-01	6.31e-05	0.00e+00	0.00e+00	0.00e+00
 2.29212e+16	1.75e-04	5.60e-02	7.37e-01	2.06e-01	5.21e-05	0.00e+00	0.00e+00	0.00e+00
 2.29832e+16	2.00e-04	6.13e-02	7.43e-01	1.96e-01	4.52e-05	0.00e+00	0.00e+00	0.00e+00
 2.30334e+16	2.23e-04	6.60e-02	7.47e-01	1.87e-01	4.00e-05	0.00e+00	0.00e+00	0.00e+00
 2.30898e+16	2.53e-04	7.18e-02	7.51e-01	1.77e-01	3.48e-05	0.00e+00	0.00e+00	0.00e+00
 2.31631e+16	2.99e-04	8.02e-02	7.55e-01	1.64e-01	2.88e-05	0.00e+00	0.00e+00	0.00e+00
 2.32361e+16	3.56e-04	9.02e-02	7.58e-01	1.51e-01	2.38e-05	0.00e+00	0.00e+00	0.00e+00
 2.32906e+16	4.06e-04	9.87e-02	7.59e-01	1.42e-01	2.05e-05	0.00e+00	0.00e+00	0.00e+00
 2.33355e+16	4.55e-04	1.06e-01	7.59e-01	1.34e-01	1.80e-05	0.00e+00	0.00e+00	0.00e+00
 2.33859e+16	5.18e-04	1.16e-01	7.58e-01	1.25e-01	1.55e-05	0.00e+00	0.00e+00	0.00e+00
 2.34515e+16	6.15e-04	1.30e-01	7.55e-01	1.14e-01	1.27e-05	0.00e+00	0.00e+00	0.00e+00
 2.35167e+16	7.36e-04	1.46e-01	7.50e-01	1.03e-01	1.03e-05	0.00e+00	0.00e+00	0.00e+00
 2.35653e+16	8.44e-04	1.60e-01	7.44e-01	9.51e-02	8.76e-06	0.00e+00	0.00e+00	0.00e+00
 2.36056e+16	9.50e-04	1.73e-01	7.38e-01	8.84e-02	7.60e-06	0.00e+00	0.00e+00	0.00e+00
 2.36513e+16	1.08e-03	1.88e-01	7.29e-01	8.10e-02	6.41e-06	0.00e+00	0.00e+00	0.00e+00
 2.37108e+16	1.30e-03	2.11e-01	7.16e-01	7.17e-02	5.09e-06	0.00e+00	0.00e+00	0.00e+00
 2.37706e+16	1.57e-03	2.39e-01	6.97e-01	6.25e-02	3.98e-06	0.00e+00	0.00e+00	0.00e+00
 2.38165e+16	1.83e-03	2.62e-01	6.80e-01	5.57e-02	3.25e-06	0.00e+00	0.00e+00	0.00e+00
 2.38618e+16	2.12e-03	2.88e-01	6.61e-01	4.92e-02	2.62e-06	0.00e+00	0.00e+00	0.00e+00
 2.39207e+16	2.58e-03	3.25e-01	6.31e-01	4.13e-02	1.95e-06	0.00e+00	0.00e+00	0.00e+00
 2.39807e+16	3.20e-03	3.69e-01	5.94e-01	3.36e-02	1.39e-06	0.00e+00	0.00e+00	0.00e+00
 2.40276e+16	3.83e-03	4.09e-01	5.59e-01	2.80e-02	1.05e-06	0.00e+00	0.00e+00	0.00e+00
 2.40664e+16	4.42e-03	4.44e-01	5.28e-01	2.37e-02	8.06e-07	0.00e+00	0.00e+00	0.00e+00
 2.41093e+16	5.19e-03	4.85e-01	4.90e-01	1.93e-02	0.00e+00	0.00e+00	0.00e+00	0.00e+00
 2.41555e+16	6.22e-03	5.34e-01	4.45e-01	1.51e-02	0.00e+00	0.00e+00	0.00e+00	0.00e+00
 2.41945e+16	7.28e-03	5.78e-01	4.03e-01	1.19e-02	0.00e+00	0.00e+00	0.00e+00	0.00e+00
 2.42259e+16	8.27e-03	6.15e-01	3.67e-01	9.66e-03	0.00e+00	0.00e+00	0.00e+00	0.00e+00
 2.42593e+16	9.46e-03	6.54e-01	3.29e-01	7.55e-03	0.00e+00	0.00e+00	0.00e+00	0.00e+00
 2.42959e+16	1.10e-02	6.97e-01	2.86e-01	5.60e-03	0.00e+00	0.00e+00	0.00e+00	0.00e+00
 2.43276e+16	1.26e-02	7.35e-01	2.48e-01	4.16e-03	0.00e+00	0.00e+00	0.00e+00	0.00e+00
 2.43535e+16	1.41e-02	7.64e-01	2.18e-01	3.22e-03	0.00e+00	0.00e+00	0.00e+00	0.00e+00
 2.43768e+16	1.56e-02	7.90e-01	1.92e-01	2.49e-03	0.00e+00	0.00e+00	0.00e+00	0.00e+00
 2.44031e+16	1.76e-02	8.17e-01	1.64e-01	1.82e-03	0.00e+00	0.00e+00	0.00e+00	0.00e+00
 2.44318e+16	2.00e-02	8.43e-01	1.35e-01	1.26e-03	0.00e+00	0.00e+00	0.00e+00	0.00e+00
 2.44566e+16	2.23e-02	8.65e-01	1.12e-01	8.81e-04	0.00e+00	0.00e+00	0.00e+00	0.00e+00
 2.44772e+16	2.47e-02	8.80e-01	9.45e-02	6.41e-04	0.00e+00	0.00e+00	0.00e+00	0.00e+00
 2.44991e+16	2.74e-02	8.94e-01	7.81e-02	4.49e-04	0.00e+00	0.00e+00	0.00e+00	0.00e+00
 2.45234e+16	3.09e-02	9.07e-01	6.19e-02	2.92e-04	0.00e+00	0.00e+00	0.00e+00	0.00e+00
 2.45451e+16	3.45e-02	9.16e-01	4.92e-02	1.93e-04	0.00e+00	0.00e+00	0.00e+00	0.00e+00
 2.45631e+16	3.78e-02	9.22e-01	4.02e-02	1.33e-04	0.00e+00	0.00e+00	0.00e+00	0.00e+00
 2.45794e+16	4.12e-02	9.26e-01	3.31e-02	9.34e-05	0.00e+00	0.00e+00	0.00e+00	0.00e+00
 2.45979e+16	4.55e-02	9.28e-01	2.62e-02	6.12e-05	0.00e+00	0.00e+00	0.00e+00	0.00e+00
 2.46174e+16	5.06e-02	9.29e-01	2.02e-02	3.82e-05	0.00e+00	0.00e+00	0.00e+00	0.00e+00
 2.46334e+16	5.54e-02	9.29e-01	1.61e-02	2.53e-05	0.00e+00	0.00e+00	0.00e+00	0.00e+00
 2.46465e+16	5.95e-02	9.27e-01	1.32e-02	1.78e-05	0.00e+00	0.00e+00	0.00e+00	0.00e+00
 2.46596e+16	6.42e-02	9.25e-01	1.08e-02	1.23e-05	0.00e+00	0.00e+00	0.00e+00	0.00e+00
 2.46736e+16	6.94e-02	9.22e-01	8.59e-03	8.20e-06	0.00e+00	0.00e+00	0.00e+00	0.00e+00
 2.46871e+16	7.51e-02	9.18e-01	6.85e-03	5.47e-06	0.00e+00	0.00e+00	0.00e+00	0.00e+00
 2.46984e+16	8.05e-02	9.14e-01	5.62e-03	3.83e-06	0.00e+00	0.00e+00	0.00e+00	0.00e+00
 2.47082e+16	8.51e-02	9.10e-01	4.72e-03	2.80e-06	0.00e+00	0.00e+00	0.00e+00	0.00e+00
 2.47172e+16	9.00e-02	9.06e-01	4.00e-03	2.08e-06	0.00e+00	0.00e+00	0.00e+00	0.00e+00
 2.47240e+16	9.32e-02	9.03e-01	3.52e-03	1.66e-06	0.00e+00	0.00e+00	0.00e+00	0.00e+00
 2.47286e+16	9.58e-02	9.01e-01	3.23e-03	1.42e-06	0.00e+00	0.00e+00	0.00e+00	0.00e+00
 2.47329e+16	9.84e-02	8.99e-01	2.97e-03	1.22e-06	0.00e+00	0.00e+00	0.00e+00	0.00e+00
 2.47379e+16	1.01e-01	8.96e-01	2.69e-03	1.02e-06	0.00e+00	0.00e+00	0.00e+00	0.00e+00
 2.47433e+16	1.05e-01	8.93e-01	2.42e-03	8.42e-07	0.00e+00	0.00e+00	0.00e+00	0.00e+00
 2.47485e+16	1.08e-01	8.90e-01	2.19e-03	0.00e+00	0.00e+00	0.00e+00	0.00e+00	0.00e+00
 2.47533e+16	1.11e-01	8.87e-01	1.98e-03	0.00e+00	0.00e+00	0.00e+00	0.00e+00	0.00e+00
 2.47581e+16	1.14e-01	8.84e-01	1.79e-03	0.00e+00	0.00e+00	0.00e+00	0.00e+00	0.00e+00
 2.47629e+16	1.18e-01	8.80e-01	1.62e-03	0.00e+00	0.00e+00	0.00e+00	0.00e+00	0.00e+00
 2.47677e+16	1.21e-01	8.77e-01	1.47e-03	0.00e+00	0.00e+00	0.00e+00	0.00e+00	0.00e+00
 2.47724e+16	1.25e-01	8.74e-01	1.33e-03	0.00e+00	0.00e+00	0.00e+00	0.00e+00	0.00e+00
 2.47770e+16	1.28e-01	8.70e-01	1.20e-03	0.00e+00	0.00e+00	0.00e+00	0.00e+00	0.00e+00
 2.47816e+16	1.32e-01	8.67e-01	1.09e-03	0.00e+00	0.00e+00	0.00e+00	0.00e+00	0.00e+00
 2.47862e+16	1.36e-01	8.63e-01	9.82e-04	0.00e+00	0.00e+00	0.00e+00	0.00e+00	0.00e+00
 2.47907e+16	1.40e-01	8.59e-01	8.89e-04	0.00e+00	0.00e+00	0.00e+00	0.00e+00	0.00e+00
 2.47952e+16	1.44e-01	8.55e-01	8.02e-04	0.00e+00	0.00e+00	0.00e+00	0.00e+00	0.00e+00
 2.47996e+16	1.48e-01	8.51e-01	7.24e-04	0.00e+00	0.00e+00	0.00e+00	0.00e+00	0.00e+00
 2.48040e+16	1.53e-01	8.47e-01	6.55e-04	0.00e+00	0.00e+00	0.00e+00	0.00e+00	0.00e+00
 2.48082e+16	1.57e-01	8.43e-01	5.93e-04	0.00e+00	0.00e+00	0.00e+00	0.00e+00	0.00e+00
 2.48125e+16	1.61e-01	8.38e-01	5.35e-04	0.00e+00	0.00e+00	0.00e+00	0.00e+00	0.00e+00
 2.48167e+16	1.66e-01	8.33e-01	4.83e-04	0.00e+00	0.00e+00	0.00e+00	0.00e+00	0.00e+00
 2.48209e+16	1.71e-01	8.29e-01	4.36e-04	0.00e+00	0.00e+00	0.00e+00	0.00e+00	0.00e+00
 2.48250e+16	1.76e-01	8.23e-01	3.94e-04	0.00e+00	0.00e+00	0.00e+00	0.00e+00	0.00e+00
 2.48291e+16	1.82e-01	8.18e-01	3.55e-04	0.00e+00	0.00e+00	0.00e+00	0.00e+00	0.00e+00
 2.48332e+16	1.87e-01	8.12e-01	3.20e-04	0.00e+00	0.00e+00	0.00e+00	0.00e+00	0.00e+00
 2.48372e+16	1.94e-01	8.06e-01	2.89e-04	0.00e+00	0.00e+00	0.00e+00	0.00e+00	0.00e+00
 2.48411e+16	2.00e-01	8.00e-01	2.61e-04	0.00e+00	0.00e+00	0.00e+00	0.00e+00	0.00e+00
 2.48451e+16	2.06e-01	7.94e-01	2.35e-04	0.00e+00	0.00e+00	0.00e+00	0.00e+00	0.00e+00
 2.48490e+16	2.14e-01	7.86e-01	2.11e-04	0.00e+00	0.00e+00	0.00e+00	0.00e+00	0.00e+00
 2.48528e+16	2.21e-01	7.79e-01	1.91e-04	0.00e+00	0.00e+00	0.00e+00	0.00e+00	0.00e+00
 2.48565e+16	2.28e-01	7.71e-01	1.72e-04	0.00e+00	0.00e+00	0.00e+00	0.00e+00	0.00e+00
 2.48602e+16	2.37e-01	7.63e-01	1.55e-04	0.00e+00	0.00e+00	0.00e+00	0.00e+00	0.00e+00
 2.48639e+16	2.45e-01	7.55e-01	1.39e-04	0.00e+00	0.00e+00	0.00e+00	0.00e+00	0.00e+00
 2.48674e+16	2.54e-01	7.46e-01	1.25e-04	0.00e+00	0.00e+00	0.00e+00	0.00e+00	0.00e+00
 2.48709e+16	2.63e-01	7.36e-01	1.13e-04	0.00e+00	0.00e+00	0.00e+00	0.00e+00	0.00e+00
 2.48744e+16	2.74e-01	7.26e-01	1.02e-04	0.00e+00	0.00e+00	0.00e+00	0.00e+00	0.00e+00
 2.48777e+16	2.84e-01	7.16e-01	9.20e-05	0.00e+00	0.00e+00	0.00e+00	0.00e+00	0.00e+00
 2.48810e+16	2.96e-01	7.04e-01	8.28e-05	0.00e+00	0.00e+00	0.00e+00	0.00e+00	0.00e+00
 2.48843e+16	3.08e-01	6.92e-01	7.46e-05	0.00e+00	0.00e+00	0.00e+00	0.00e+00	0.00e+00
 2.48875e+16	3.20e-01	6.80e-01	6.73e-05	0.00e+00	0.00e+00	0.00e+00	0.00e+00	0.00e+00
 2.48907e+16	3.33e-01	6.66e-01	6.05e-05	0.00e+00	0.00e+00	0.00e+00	0.00e+00	0.00e+00
 2.48938e+16	3.47e-01	6.52e-01	5.43e-05	0.00e+00	0.00e+00	0.00e+00	0.00e+00	0.00e+00
 2.48969e+16	3.62e-01	6.38e-01	4.88e-05	0.00e+00	0.00e+00	0.00e+00	0.00e+00	0.00e+00
 2.48999e+16	3.78e-01	6.22e-01	4.38e-05	0.00e+00	0.00e+00	0.00e+00	0.00e+00	0.00e+00
 2.49029e+16	3.94e-01	6.06e-01	3.92e-05	0.00e+00	0.00e+00	0.00e+00	0.00e+00	0.00e+00
 2.49059e+16	4.14e-01	5.86e-01	3.49e-05	0.00e+00	0.00e+00	0.00e+00	0.00e+00	0.00e+00
 2.49088e+16	4.32e-01	5.68e-01	3.12e-05	0.00e+00	0.00e+00	0.00e+00	0.00e+00	0.00e+00
 2.49117e+16	4.51e-01	5.49e-01	2.78e-05	0.00e+00	0.00e+00	0.00e+00	0.00e+00	0.00e+00
 2.49145e+16	4.72e-01	5.28e-01	2.48e-05	0.00e+00	0.00e+00	0.00e+00	0.00e+00	0.00e+00
 2.49174e+16	4.93e-01	5.07e-01	2.19e-05	0.00e+00	0.00e+00	0.00e+00	0.00e+00	0.00e+00
 2.49202e+16	5.14e-01	4.86e-01	1.94e-05	0.00e+00	0.00e+00	0.00e+00	0.00e+00	0.00e+00
 2.49230e+16	5.38e-01	4.62e-01	1.71e-05	0.00e+00	0.00e+00	0.00e+00	0.00e+00	0.00e+00
 2.49258e+16	5.60e-01	4.40e-01	1.51e-05	0.00e+00	0.00e+00	0.00e+00	0.00e+00	0.00e+00
 2.49285e+16	5.83e-01	4.17e-01	1.33e-05	0.00e+00	0.00e+00	0.00e+00	0.00e+00	0.00e+00
 2.49313e+16	6.07e-01	3.93e-01	1.16e-05	0.00e+00	0.00e+00	0.00e+00	0.00e+00	0.00e+00
 2.49341e+16	6.31e-01	3.69e-01	1.01e-05	0.00e+00	0.00e+00	0.00e+00	0.00e+00	0.00e+00
 2.49364e+16	6.52e-01	3.48e-01	8.96e-06	0.00e+00	0.00e+00	0.00e+00	0.00e+00	0.00e+00
 2.49382e+16	6.67e-01	3.33e-01	8.17e-06	0.00e+00	0.00e+00	0.00e+00	0.00e+00	0.00e+00
 2.49398e+16	6.81e-01	3.19e-01	7.49e-06	0.00e+00	0.00e+00	0.00e+00	0.00e+00	0.00e+00
 2.49415e+16	6.96e-01	3.04e-01	6.83e-06	0.00e+00	0.00e+00	0.00e+00	0.00e+00	0.00e+00
 2.49433e+16	7.12e-01	2.88e-01	6.16e-06	0.00e+00	0.00e+00	0.00e+00	0.00e+00	0.00e+00
 2.49451e+16	7.26e-01	2.74e-01	5.60e-06	0.00e+00	0.00e+00	0.00e+00	0.00e+00	0.00e+00
 2.49467e+16	7.38e-01	2.62e-01	5.14e-06	0.00e+00	0.00e+00	0.00e+00	0.00e+00	0.00e+00
 2.49483e+16	7.53e-01	2.47e-01	4.66e-06	0.00e+00	0.00e+00	0.00e+00	0.00e+00	0.00e+00
 2.49498e+16	7.64e-01	2.36e-01	4.28e-06	0.00e+00	0.00e+00	0.00e+00	0.00e+00	0.00e+00
 2.49514e+16	7.77e-01	2.23e-01	3.89e-06	0.00e+00	0.00e+00	0.00e+00	0.00e+00	0.00e+00
