#depth	O	O+	O+2	O+3	O+4	O+5	O+6	O+7	O+8	O[1]	O[2]	O[3]
 1.49634e+10	0.00e+00	8.38e-46	3.18e-35	1.43e-25	8.96e-17	7.02e-09	1.00e+00	0.00e+00	0.00e+00	0.00e+00	0.00e+00	0.00e+00
 4.54887e+10	0.00e+00	0.00e+00	4.37e-35	1.81e-25	1.05e-16	7.60e-09	1.00e+00	3.04e-07	0.00e+00	0.00e+00	0.00e+00	0.00e+00
 7.72350e+10	0.00e+00	1.85e-45	5.99e-35	2.29e-25	1.23e-16	8.22e-09	1.00e+00	0.00e+00	0.00e+00	0.00e+00	0.00e+00	0.00e+00
 1.10251e+11	0.00e+00	0.00e+00	8.21e-35	2.91e-25	1.44e-16	8.90e-09	1.00e+00	0.00e+00	0.00e+00	0.00e+00	0.00e+00	0.00e+00
 1.42726e+11	0.00e+00	3.98e-45	1.11e-34	3.64e-25	1.67e-16	9.59e-09	1.00e+00	0.00e+00	0.00e+00	0.00e+00	0.00e+00	0.00e+00
 1.76501e+11	0.00e+00	0.00e+00	1.49e-34	4.56e-25	1.95e-16	1.03e-08	1.00e+00	0.00e+00	0.00e+00	0.00e+00	0.00e+00	0.00e+00
 2.13487e+11	0.00e+00	8.59e-45	2.05e-34	5.79e-25	2.28e-16	1.12e-08	1.00e+00	0.00e+00	0.00e+00	0.00e+00	0.00e+00	0.00e+00
 2.51017e+11	0.00e+00	0.00e+00	2.79e-34	7.30e-25	2.66e-16	1.21e-08	1.00e+00	0.00e+00	0.00e+00	0.00e+00	0.00e+00	0.00e+00
 2.90047e+11	0.00e+00	1.86e-44	3.81e-34	9.21e-25	3.11e-16	1.31e-08	1.00e+00	0.00e+00	0.00e+00	0.00e+00	0.00e+00	0.00e+00
 3.31576e+11	0.00e+00	0.00e+00	5.23e-34	1.17e-24	3.65e-16	1.42e-08	1.00e+00	0.00e+00	0.00e+00	0.00e+00	0.00e+00	0.00e+00
 3.74766e+11	0.00e+00	4.11e-44	7.18e-34	1.48e-24	4.28e-16	1.54e-08	1.00e+00	0.00e+00	0.00e+00	0.00e+00	0.00e+00	0.00e+00
 4.19683e+11	0.00e+00	0.00e+00	9.86e-34	1.88e-24	5.02e-16	1.66e-08	1.00e+00	0.00e+00	0.00e+00	0.00e+00	0.00e+00	0.00e+00
 4.66397e+11	0.00e+00	9.09e-44	1.36e-33	2.39e-24	5.89e-16	1.80e-08	1.00e+00	0.00e+00	0.00e+00	0.00e+00	0.00e+00	0.00e+00
 5.14980e+11	0.00e+00	0.00e+00	1.86e-33	3.04e-24	6.92e-16	1.95e-08	1.00e+00	0.00e+00	0.00e+00	0.00e+00	0.00e+00	0.00e+00
 5.65506e+11	0.00e+00	2.01e-43	2.56e-33	3.86e-24	8.12e-16	2.12e-08	1.00e+00	0.00e+00	0.00e+00	0.00e+00	0.00e+00	0.00e+00
 6.18053e+11	0.00e+00	0.00e+00	3.52e-33	4.91e-24	9.53e-16	2.29e-08	1.00e+00	0.00e+00	0.00e+00	0.00e+00	0.00e+00	0.00e+00
 6.72702e+11	0.00e+00	4.46e-43	4.85e-33	6.24e-24	1.12e-15	2.49e-08	1.00e+00	0.00e+00	0.00e+00	0.00e+00	0.00e+00	0.00e+00
 7.29537e+11	0.00e+00	0.00e+00	6.67e-33	7.94e-24	1.32e-15	2.70e-08	1.00e+00	0.00e+00	0.00e+00	0.00e+00	0.00e+00	0.00e+00
 7.83358e+11	0.00e+00	9.56e-43	8.94e-33	9.89e-24	1.52e-15	2.90e-08	1.00e+00	0.00e+00	0.00e+00	0.00e+00	0.00e+00	0.00e+00
 8.32076e+11	0.00e+00	0.00e+00	1.15e-32	1.20e-23	1.73e-15	3.10e-08	1.00e+00	0.00e+00	0.00e+00	0.00e+00	0.00e+00	0.00e+00
 8.86984e+11	0.00e+00	1.86e-42	1.53e-32	1.48e-23	2.00e-15	3.33e-08	1.00e+00	0.00e+00	0.00e+00	0.00e+00	0.00e+00	0.00e+00
 9.51342e+11	0.00e+00	0.00e+00	2.09e-32	1.88e-23	2.34e-15	3.60e-08	1.00e+00	0.00e+00	0.00e+00	0.00e+00	0.00e+00	0.00e+00
 1.01529e+12	0.00e+00	4.03e-42	2.83e-32	2.36e-23	2.73e-15	3.89e-08	1.00e+00	0.00e+00	0.00e+00	0.00e+00	0.00e+00	0.00e+00
 1.07597e+12	0.00e+00	0.00e+00	3.74e-32	2.91e-23	3.14e-15	4.18e-08	1.00e+00	0.00e+00	0.00e+00	0.00e+00	0.00e+00	0.00e+00
 1.14311e+12	0.00e+00	8.26e-42	5.03e-32	3.64e-23	3.65e-15	4.51e-08	1.00e+00	0.00e+00	0.00e+00	0.00e+00	0.00e+00	0.00e+00
 1.21876e+12	0.00e+00	0.00e+00	6.95e-32	4.64e-23	4.30e-15	4.89e-08	1.00e+00	0.00e+00	0.00e+00	0.00e+00	0.00e+00	0.00e+00
 1.29484e+12	0.00e+00	1.82e-41	9.50e-32	5.88e-23	5.04e-15	5.30e-08	1.00e+00	0.00e+00	0.00e+00	0.00e+00	0.00e+00	0.00e+00
 1.37395e+12	0.00e+00	0.00e+00	1.30e-31	7.45e-23	5.92e-15	5.74e-08	1.00e+00	0.00e+00	0.00e+00	0.00e+00	0.00e+00	0.00e+00
 1.45884e+12	0.00e+00	4.04e-41	1.80e-31	9.52e-23	6.98e-15	6.24e-08	1.00e+00	0.00e+00	0.00e+00	0.00e+00	0.00e+00	0.00e+00
 1.54712e+12	0.00e+00	0.00e+00	2.49e-31	1.22e-22	8.24e-15	6.79e-08	1.00e+00	0.00e+00	0.00e+00	0.00e+00	0.00e+00	0.00e+00
 1.63156e+12	0.00e+00	8.79e-41	3.36e-31	1.53e-22	9.60e-15	7.33e-08	1.00e+00	0.00e+00	0.00e+00	0.00e+00	0.00e+00	0.00e+00
 1.70938e+12	0.00e+00	0.00e+00	4.39e-31	1.87e-22	1.10e-14	7.86e-08	1.00e+00	0.00e+00	0.00e+00	0.00e+00	0.00e+00	0.00e+00
 1.79766e+12	0.00e+00	1.77e-40	5.90e-31	2.34e-22	1.28e-14	8.48e-08	1.00e+00	0.00e+00	0.00e+00	0.00e+00	0.00e+00	0.00e+00
 1.89947e+12	0.00e+00	0.00e+00	8.18e-31	2.99e-22	1.51e-14	9.23e-08	1.00e+00	0.00e+00	0.00e+00	0.00e+00	0.00e+00	0.00e+00
 1.99934e+12	0.00e+00	3.91e-40	1.12e-30	3.79e-22	1.78e-14	1.00e-07	1.00e+00	0.00e+00	0.00e+00	0.00e+00	0.00e+00	0.00e+00
 2.09495e+12	0.00e+00	0.00e+00	1.48e-30	4.70e-22	2.06e-14	1.08e-07	1.00e+00	0.00e+00	0.00e+00	0.00e+00	0.00e+00	0.00e+00
 2.20041e+12	0.00e+00	8.16e-40	2.02e-30	5.94e-22	2.41e-14	1.17e-07	1.00e+00	0.00e+00	0.00e+00	0.00e+00	0.00e+00	0.00e+00
 2.31835e+12	0.00e+00	0.00e+00	2.80e-30	7.63e-22	2.86e-14	1.27e-07	1.00e+00	0.00e+00	0.00e+00	0.00e+00	0.00e+00	0.00e+00
 2.43714e+12	0.00e+00	1.83e-39	3.86e-30	9.73e-22	3.37e-14	1.39e-07	1.00e+00	0.00e+00	0.00e+00	0.00e+00	0.00e+00	0.00e+00
 2.56069e+12	0.00e+00	0.00e+00	5.33e-30	1.24e-21	3.98e-14	1.51e-07	1.00e+00	0.00e+00	0.00e+00	0.00e+00	0.00e+00	0.00e+00
 2.69305e+12	0.00e+00	4.10e-39	7.41e-30	1.60e-21	4.73e-14	1.64e-07	1.00e+00	0.00e+00	0.00e+00	0.00e+00	0.00e+00	0.00e+00
 2.83069e+12	0.00e+00	0.00e+00	1.04e-29	2.06e-21	5.63e-14	1.80e-07	1.00e+00	0.00e+00	0.00e+00	0.00e+00	0.00e+00	0.00e+00
 2.97385e+12	0.00e+00	9.36e-39	1.44e-29	2.66e-21	6.70e-14	1.97e-07	1.00e+00	0.00e+00	0.00e+00	0.00e+00	0.00e+00	0.00e+00
 3.12273e+12	0.00e+00	0.00e+00	2.02e-29	3.43e-21	7.99e-14	2.15e-07	1.00e+00	0.00e+00	0.00e+00	0.00e+00	0.00e+00	0.00e+00
 3.27206e+12	0.00e+00	2.10e-38	2.78e-29	4.39e-21	9.45e-14	2.34e-07	1.00e+00	0.00e+00	0.00e+00	0.00e+00	0.00e+00	0.00e+00
 3.42736e+12	0.00e+00	0.00e+00	3.84e-29	5.63e-21	1.12e-13	2.56e-07	1.00e+00	0.00e+00	0.00e+00	0.00e+00	0.00e+00	0.00e+00
 3.59438e+12	0.00e+00	4.73e-38	5.37e-29	7.27e-21	1.34e-13	2.81e-07	1.00e+00	0.00e+00	0.00e+00	0.00e+00	0.00e+00	0.00e+00
 3.76808e+12	0.00e+00	0.00e+00	7.50e-29	9.40e-21	1.60e-13	3.08e-07	1.00e+00	0.00e+00	0.00e+00	0.00e+00	0.00e+00	0.00e+00
 3.94873e+12	0.00e+00	1.08e-37	1.05e-28	1.22e-20	1.92e-13	3.37e-07	1.00e+00	0.00e+00	0.00e+00	0.00e+00	0.00e+00	0.00e+00
 4.13661e+12	0.00e+00	0.00e+00	1.46e-28	1.57e-20	2.29e-13	3.70e-07	1.00e+00	0.00e+00	0.00e+00	0.00e+00	0.00e+00	0.00e+00
 4.33200e+12	0.00e+00	2.45e-37	2.04e-28	2.04e-20	2.75e-13	4.07e-07	1.00e+00	0.00e+00	0.00e+00	0.00e+00	0.00e+00	0.00e+00
 4.50952e+12	0.00e+00	0.00e+00	2.74e-28	2.56e-20	3.22e-13	4.42e-07	1.00e+00	0.00e+00	0.00e+00	0.00e+00	0.00e+00	0.00e+00
 4.65869e+12	0.00e+00	4.69e-37	3.47e-28	3.07e-20	3.67e-13	4.73e-07	1.00e+00	0.00e+00	0.00e+00	0.00e+00	0.00e+00	0.00e+00
 4.82258e+12	0.00e+00	0.00e+00	4.47e-28	3.74e-20	4.21e-13	5.08e-07	1.00e+00	0.00e+00	0.00e+00	0.00e+00	0.00e+00	0.00e+00
 5.02848e+12	0.00e+00	9.29e-37	6.07e-28	4.75e-20	4.98e-13	5.55e-07	1.00e+00	0.00e+00	0.00e+00	0.00e+00	0.00e+00	0.00e+00
 5.24215e+12	0.00e+00	0.00e+00	8.25e-28	6.03e-20	5.90e-13	6.06e-07	1.00e+00	0.00e+00	0.00e+00	0.00e+00	0.00e+00	0.00e+00
 5.43266e+12	0.00e+00	1.86e-36	1.07e-27	7.40e-20	6.82e-13	6.55e-07	1.00e+00	0.00e+00	0.00e+00	0.00e+00	0.00e+00	0.00e+00
 5.63991e+12	7.57e-46	2.60e-36	1.42e-27	9.19e-20	7.96e-13	7.10e-07	1.00e+00	0.00e+00	0.00e+00	0.00e+00	0.00e+00	0.00e+00
 5.87026e+12	0.00e+00	0.00e+00	1.90e-27	1.16e-19	9.38e-13	7.74e-07	1.00e+00	0.00e+00	0.00e+00	0.00e+00	0.00e+00	0.00e+00
 6.08563e+12	0.00e+00	5.15e-36	2.48e-27	1.43e-19	1.09e-12	8.38e-07	1.00e+00	0.00e+00	0.00e+00	0.00e+00	0.00e+00	0.00e+00
 6.32061e+12	2.56e-45	7.23e-36	3.28e-27	1.78e-19	1.27e-12	9.11e-07	1.00e+00	0.00e+00	0.00e+00	0.00e+00	0.00e+00	0.00e+00
 6.58337e+12	0.00e+00	0.00e+00	4.44e-27	2.25e-19	1.51e-12	9.97e-07	1.00e+00	0.00e+00	0.00e+00	0.00e+00	0.00e+00	0.00e+00
 6.83165e+12	0.00e+00	1.45e-35	5.83e-27	2.79e-19	1.76e-12	1.08e-06	1.00e+00	0.00e+00	0.00e+00	0.00e+00	0.00e+00	0.00e+00
 7.10385e+12	8.81e-45	2.05e-35	7.77e-27	3.51e-19	2.07e-12	1.18e-06	1.00e+00	0.00e+00	0.00e+00	0.00e+00	0.00e+00	0.00e+00
 7.40839e+12	0.00e+00	0.00e+00	1.06e-26	4.47e-19	2.47e-12	1.30e-06	1.00e+00	0.00e+00	0.00e+00	0.00e+00	0.00e+00	0.00e+00
 7.69707e+12	0.00e+00	4.16e-35	1.40e-26	5.59e-19	2.90e-12	1.41e-06	1.00e+00	0.00e+00	0.00e+00	0.00e+00	0.00e+00	0.00e+00
 8.00672e+12	3.08e-44	5.88e-35	1.87e-26	7.02e-19	3.42e-12	1.54e-06	1.00e+00	0.00e+00	0.00e+00	0.00e+00	0.00e+00	0.00e+00
 8.35692e+12	0.00e+00	8.57e-35	2.55e-26	9.00e-19	4.09e-12	1.70e-06	1.00e+00	0.00e+00	0.00e+00	0.00e+00	0.00e+00	0.00e+00
 8.70373e+12	7.33e-44	1.22e-34	3.44e-26	1.14e-18	4.85e-12	1.86e-06	1.00e+00	0.00e+00	0.00e+00	0.00e+00	0.00e+00	0.00e+00
 9.06442e+12	0.00e+00	1.74e-34	4.62e-26	1.44e-18	5.74e-12	2.04e-06	1.00e+00	0.00e+00	0.00e+00	0.00e+00	0.00e+00	0.00e+00
 9.45692e+12	1.72e-43	2.52e-34	6.28e-26	1.84e-18	6.85e-12	2.25e-06	1.00e+00	0.00e+00	0.00e+00	0.00e+00	0.00e+00	0.00e+00
 9.85497e+12	0.00e+00	3.60e-34	8.47e-26	2.33e-18	8.12e-12	2.47e-06	1.00e+00	0.00e+00	0.00e+00	0.00e+00	0.00e+00	0.00e+00
 1.02161e+13	3.80e-43	4.92e-34	1.10e-25	2.87e-18	9.43e-12	2.67e-06	1.00e+00	0.00e+00	0.00e+00	0.00e+00	0.00e+00	0.00e+00
 1.05366e+13	0.00e+00	6.43e-34	1.37e-25	3.43e-18	1.07e-11	2.87e-06	1.00e+00	0.00e+00	0.00e+00	0.00e+00	0.00e+00	0.00e+00
 1.08982e+13	7.35e-43	8.61e-34	1.75e-25	4.16e-18	1.23e-11	3.09e-06	1.00e+00	0.00e+00	0.00e+00	0.00e+00	0.00e+00	0.00e+00
 1.13007e+13	0.00e+00	1.18e-33	2.28e-25	5.12e-18	1.43e-11	3.35e-06	1.00e+00	0.00e+00	0.00e+00	0.00e+00	0.00e+00	0.00e+00
 1.16789e+13	1.48e-42	1.56e-33	2.89e-25	6.19e-18	1.64e-11	3.61e-06	1.00e+00	0.00e+00	0.00e+00	0.00e+00	0.00e+00	0.00e+00
 1.20926e+13	0.00e+00	2.11e-33	3.71e-25	7.56e-18	1.89e-11	3.90e-06	1.00e+00	0.00e+00	0.00e+00	0.00e+00	0.00e+00	0.00e+00
 1.25559e+13	3.09e-42	2.92e-33	4.86e-25	9.38e-18	2.20e-11	4.24e-06	1.00e+00	0.00e+00	0.00e+00	0.00e+00	0.00e+00	0.00e+00
 1.29950e+13	0.00e+00	3.92e-33	6.23e-25	1.14e-17	2.54e-11	4.58e-06	1.00e+00	0.00e+00	0.00e+00	0.00e+00	0.00e+00	0.00e+00
 1.34773e+13	6.33e-42	5.36e-33	8.10e-25	1.41e-17	2.95e-11	4.97e-06	1.00e+00	0.00e+00	0.00e+00	0.00e+00	0.00e+00	0.00e+00
 1.40170e+13	0.00e+00	7.51e-33	1.07e-24	1.76e-17	3.46e-11	5.42e-06	1.00e+00	0.00e+00	0.00e+00	0.00e+00	0.00e+00	0.00e+00
 1.45287e+13	1.35e-41	1.02e-32	1.39e-24	2.17e-17	4.00e-11	5.87e-06	1.00e+00	0.00e+00	0.00e+00	0.00e+00	0.00e+00	0.00e+00
 1.49985e+13	0.00e+00	1.35e-32	1.75e-24	2.60e-17	4.55e-11	6.30e-06	1.00e+00	0.00e+00	0.00e+00	0.00e+00	0.00e+00	0.00e+00
 1.55163e+13	2.63e-41	1.80e-32	2.23e-24	3.16e-17	5.23e-11	6.79e-06	1.00e+00	0.00e+00	0.00e+00	0.00e+00	0.00e+00	0.00e+00
 1.60979e+13	0.00e+00	2.47e-32	2.91e-24	3.90e-17	6.07e-11	7.37e-06	1.00e+00	0.00e+00	0.00e+00	0.00e+00	0.00e+00	0.00e+00
 1.66488e+13	5.37e-41	3.31e-32	3.71e-24	4.73e-17	6.95e-11	7.93e-06	1.00e+00	0.00e+00	0.00e+00	0.00e+00	0.00e+00	0.00e+00
 1.72514e+13	0.00e+00	4.50e-32	4.80e-24	5.80e-17	8.03e-11	8.58e-06	1.00e+00	0.00e+00	0.00e+00	0.00e+00	0.00e+00	0.00e+00
 1.79176e+13	1.13e-40	6.24e-32	6.31e-24	7.21e-17	9.36e-11	9.32e-06	1.00e+00	0.00e+00	0.00e+00	0.00e+00	0.00e+00	0.00e+00
 1.85353e+13	0.00e+00	8.37e-32	8.07e-24	8.76e-17	1.07e-10	1.00e-05	1.00e+00	0.00e+00	0.00e+00	0.00e+00	0.00e+00	0.00e+00
 1.92071e+13	2.30e-40	1.14e-31	1.04e-23	1.08e-16	1.24e-10	1.09e-05	1.00e+00	0.00e+00	0.00e+00	0.00e+00	0.00e+00	0.00e+00
 1.99590e+13	0.00e+00	1.59e-31	1.38e-23	1.34e-16	1.44e-10	1.18e-05	1.00e+00	0.00e+00	0.00e+00	0.00e+00	0.00e+00	0.00e+00
 2.06699e+13	4.85e-40	2.16e-31	1.78e-23	1.64e-16	1.66e-10	1.27e-05	1.00e+00	0.00e+00	0.00e+00	0.00e+00	0.00e+00	0.00e+00
 2.14437e+13	0.00e+00	2.98e-31	2.33e-23	2.03e-16	1.93e-10	1.38e-05	1.00e+00	0.00e+00	0.00e+00	0.00e+00	0.00e+00	0.00e+00
 2.23055e+13	1.06e-39	4.20e-31	3.10e-23	2.54e-16	2.26e-10	1.50e-05	1.00e+00	0.00e+00	0.00e+00	0.00e+00	0.00e+00	0.00e+00
 2.31247e+13	0.00e+00	5.77e-31	4.04e-23	3.13e-16	2.61e-10	1.63e-05	1.00e+00	0.00e+00	0.00e+00	0.00e+00	0.00e+00	0.00e+00
 2.40025e+13	2.27e-39	8.02e-31	5.31e-23	3.88e-16	3.02e-10	1.76e-05	1.00e+00	0.00e+00	0.00e+00	0.00e+00	0.00e+00	0.00e+00
 2.49926e+13	0.00e+00	1.15e-30	7.15e-23	4.91e-16	3.55e-10	1.92e-05	1.00e+00	0.00e+00	0.00e+00	0.00e+00	0.00e+00	0.00e+00
 2.59727e+13	5.15e-39	1.61e-30	9.49e-23	6.13e-16	4.14e-10	2.09e-05	1.00e+00	0.00e+00	0.00e+00	0.00e+00	0.00e+00	0.00e+00
 2.69920e+13	0.00e+00	2.28e-30	1.26e-22	7.66e-16	4.83e-10	2.26e-05	1.00e+00	0.00e+00	0.00e+00	0.00e+00	0.00e+00	0.00e+00
 2.81016e+13	1.18e-38	3.26e-30	1.70e-22	9.68e-16	5.67e-10	2.47e-05	1.00e+00	0.00e+00	0.00e+00	0.00e+00	0.00e+00	0.00e+00
 2.92556e+13	0.00e+00	4.69e-30	2.29e-22	1.22e-15	6.66e-10	2.69e-05	1.00e+00	0.00e+00	0.00e+00	0.00e+00	0.00e+00	0.00e+00
 3.04557e+13	2.78e-38	6.74e-30	3.10e-22	1.54e-15	7.81e-10	2.93e-05	1.00e+00	0.00e+00	0.00e+00	0.00e+00	0.00e+00	0.00e+00
 3.17039e+13	0.00e+00	9.70e-30	4.18e-22	1.95e-15	9.16e-10	3.18e-05	1.00e+00	0.00e+00	0.00e+00	0.00e+00	0.00e+00	0.00e+00
 3.29399e+13	6.44e-38	1.37e-29	5.57e-22	2.44e-15	1.07e-09	3.45e-05	1.00e+00	0.00e+00	0.00e+00	0.00e+00	0.00e+00	0.00e+00
 3.40972e+13	0.00e+00	1.88e-29	7.22e-22	2.98e-15	1.22e-09	3.71e-05	1.00e+00	0.00e+00	0.00e+00	0.00e+00	0.00e+00	0.00e+00
 3.53628e+13	1.39e-37	2.63e-29	9.50e-22	3.69e-15	1.41e-09	4.01e-05	1.00e+00	0.00e+00	0.00e+00	0.00e+00	0.00e+00	0.00e+00
 3.66656e+13	0.00e+00	3.67e-29	1.25e-21	4.55e-15	1.63e-09	4.32e-05	1.00e+00	0.00e+00	0.00e+00	0.00e+00	0.00e+00	0.00e+00
 3.77733e+13	2.84e-37	4.83e-29	1.56e-21	5.42e-15	1.84e-09	4.60e-05	1.00e+00	0.00e+00	0.00e+00	0.00e+00	0.00e+00	0.00e+00
 3.89531e+13	0.00e+00	6.43e-29	1.98e-21	6.49e-15	2.07e-09	4.90e-05	1.00e+00	0.00e+00	0.00e+00	0.00e+00	0.00e+00	0.00e+00
 4.04273e+13	6.01e-37	9.08e-29	2.62e-21	8.07e-15	2.40e-09	5.29e-05	1.00e+00	0.00e+00	0.00e+00	0.00e+00	0.00e+00	0.00e+00
 4.19530e+13	0.00e+00	1.28e-28	3.48e-21	1.00e-14	2.78e-09	5.71e-05	1.00e+00	0.00e+00	0.00e+00	0.00e+00	0.00e+00	0.00e+00
 4.33275e+13	1.30e-36	1.74e-28	4.45e-21	1.21e-14	3.16e-09	6.10e-05	1.00e+00	0.00e+00	0.00e+00	0.00e+00	0.00e+00	0.00e+00
 4.48363e+13	0.00e+00	2.40e-28	5.79e-21	1.48e-14	3.62e-09	6.55e-05	1.00e+00	0.00e+00	0.00e+00	0.00e+00	0.00e+00	0.00e+00
 4.64910e+13	2.85e-36	3.37e-28	7.64e-21	1.83e-14	4.18e-09	7.06e-05	1.00e+00	0.00e+00	0.00e+00	0.00e+00	0.00e+00	0.00e+00
 4.80023e+13	0.00e+00	4.57e-28	9.77e-21	2.21e-14	4.74e-09	7.53e-05	1.00e+00	0.00e+00	0.00e+00	0.00e+00	0.00e+00	0.00e+00
 4.96340e+13	5.98e-36	6.29e-28	1.27e-20	2.69e-14	5.42e-09	8.06e-05	1.00e+00	0.00e+00	0.00e+00	0.00e+00	0.00e+00	0.00e+00
 5.14696e+13	0.00e+00	8.87e-28	1.67e-20	3.33e-14	6.25e-09	8.68e-05	1.00e+00	0.00e+00	0.00e+00	0.00e+00	0.00e+00	0.00e+00
 5.32109e+13	1.32e-35	1.22e-27	2.17e-20	4.06e-14	7.13e-09	9.29e-05	1.00e+00	0.00e+00	0.00e+00	0.00e+00	0.00e+00	0.00e+00
 5.51153e+13	0.00e+00	1.71e-27	2.85e-20	4.99e-14	8.20e-09	9.97e-05	1.00e+00	0.00e+00	0.00e+00	0.00e+00	0.00e+00	0.00e+00
 5.72307e+13	3.02e-35	2.45e-27	3.81e-20	6.23e-14	9.52e-09	1.08e-04	1.00e+00	0.00e+00	0.00e+00	0.00e+00	0.00e+00	0.00e+00
 5.92045e+13	4.46e-35	3.40e-27	4.96e-20	7.61e-14	1.09e-08	1.15e-04	1.00e+00	0.00e+00	0.00e+00	0.00e+00	0.00e+00	0.00e+00
 6.13550e+13	6.74e-35	4.80e-27	6.56e-20	9.40e-14	1.25e-08	1.24e-04	1.00e+00	0.00e+00	0.00e+00	0.00e+00	0.00e+00	0.00e+00
 6.37692e+13	1.05e-34	6.96e-27	8.85e-20	1.18e-13	1.46e-08	1.34e-04	1.00e+00	0.00e+00	0.00e+00	0.00e+00	0.00e+00	0.00e+00
 6.60627e+13	1.58e-34	9.81e-27	1.17e-19	1.46e-13	1.68e-08	1.44e-04	1.00e+00	0.00e+00	0.00e+00	0.00e+00	0.00e+00	0.00e+00
 6.85155e+13	2.42e-34	1.40e-26	1.55e-19	1.81e-13	1.94e-08	1.55e-04	1.00e+00	0.00e+00	0.00e+00	0.00e+00	0.00e+00	0.00e+00
 7.12861e+13	3.83e-34	2.05e-26	2.12e-19	2.28e-13	2.27e-08	1.68e-04	1.00e+00	0.00e+00	0.00e+00	0.00e+00	0.00e+00	0.00e+00
 7.40187e+13	5.93e-34	2.96e-26	2.84e-19	2.85e-13	2.64e-08	1.81e-04	1.00e+00	0.00e+00	0.00e+00	0.00e+00	0.00e+00	0.00e+00
 7.68606e+13	9.21e-34	4.28e-26	3.82e-19	3.57e-13	3.06e-08	1.95e-04	1.00e+00	0.00e+00	0.00e+00	0.00e+00	0.00e+00	0.00e+00
 7.99650e+13	1.46e-33	6.30e-26	5.22e-19	4.51e-13	3.58e-08	2.11e-04	1.00e+00	0.00e+00	0.00e+00	0.00e+00	0.00e+00	0.00e+00
 8.31935e+13	2.32e-33	9.27e-26	7.12e-19	5.70e-13	4.19e-08	2.28e-04	1.00e+00	0.00e+00	0.00e+00	0.00e+00	0.00e+00	0.00e+00
 8.65512e+13	3.68e-33	1.36e-25	9.71e-19	7.21e-13	4.90e-08	2.47e-04	1.00e+00	0.00e+00	0.00e+00	0.00e+00	0.00e+00	0.00e+00
 8.98231e+13	5.67e-33	1.96e-25	1.30e-18	8.99e-13	5.68e-08	2.66e-04	1.00e+00	0.00e+00	0.00e+00	0.00e+00	0.00e+00	0.00e+00
 9.29309e+13	8.44e-33	2.73e-25	1.70e-18	1.10e-12	6.50e-08	2.85e-04	1.00e+00	0.00e+00	0.00e+00	0.00e+00	0.00e+00	0.00e+00
 9.63832e+13	1.29e-32	3.90e-25	2.26e-18	1.37e-12	7.51e-08	3.07e-04	1.00e+00	0.00e+00	0.00e+00	0.00e+00	0.00e+00	0.00e+00
 1.00174e+14	2.02e-32	5.67e-25	3.06e-18	1.72e-12	8.75e-08	3.32e-04	1.00e+00	0.00e+00	0.00e+00	0.00e+00	0.00e+00	0.00e+00
 1.03524e+14	2.97e-32	7.82e-25	3.96e-18	2.09e-12	9.97e-08	3.54e-04	1.00e+00	0.00e+00	0.00e+00	0.00e+00	0.00e+00	0.00e+00
 1.06375e+14	4.07e-32	1.02e-24	4.91e-18	2.45e-12	1.11e-07	3.74e-04	1.00e+00	0.00e+00	0.00e+00	0.00e+00	0.00e+00	0.00e+00
 1.09566e+14	5.73e-32	1.36e-24	6.18e-18	2.92e-12	1.25e-07	3.97e-04	1.00e+00	0.00e+00	0.00e+00	0.00e+00	0.00e+00	0.00e+00
 1.13612e+14	8.72e-32	1.93e-24	8.21e-18	3.63e-12	1.44e-07	4.28e-04	1.00e+00	0.00e+00	0.00e+00	0.00e+00	0.00e+00	0.00e+00
 1.17870e+14	1.33e-31	2.76e-24	1.10e-17	4.51e-12	1.67e-07	4.61e-04	1.00e+00	0.00e+00	0.00e+00	0.00e+00	0.00e+00	0.00e+00
 1.21713e+14	1.94e-31	3.76e-24	1.41e-17	5.46e-12	1.90e-07	4.92e-04	1.00e+00	0.00e+00	0.00e+00	0.00e+00	0.00e+00	0.00e+00
 1.25914e+14	2.86e-31	5.22e-24	1.84e-17	6.68e-12	2.17e-07	5.27e-04	9.99e-01	0.00e+00	0.00e+00	0.00e+00	0.00e+00	0.00e+00
 1.30870e+14	4.50e-31	7.66e-24	2.51e-17	8.39e-12	2.53e-07	5.70e-04	9.99e-01	0.00e+00	0.00e+00	0.00e+00	0.00e+00	0.00e+00
 1.35829e+14	6.84e-31	1.09e-23	3.32e-17	1.05e-11	2.94e-07	6.15e-04	9.99e-01	0.00e+00	0.00e+00	0.00e+00	0.00e+00	0.00e+00
 1.40558e+14	1.01e-30	1.51e-23	4.34e-17	1.28e-11	3.36e-07	6.59e-04	9.99e-01	0.00e+00	0.00e+00	0.00e+00	0.00e+00	0.00e+00
 1.45782e+14	1.54e-30	2.15e-23	5.77e-17	1.59e-11	3.89e-07	7.10e-04	9.99e-01	0.00e+00	0.00e+00	0.00e+00	0.00e+00	0.00e+00
 1.51201e+14	2.33e-30	3.05e-23	7.67e-17	1.98e-11	4.50e-07	7.65e-04	9.99e-01	0.00e+00	0.00e+00	0.00e+00	0.00e+00	0.00e+00
 1.56010e+14	3.34e-30	4.12e-23	9.80e-17	2.38e-11	5.10e-07	8.16e-04	9.99e-01	0.00e+00	0.00e+00	0.00e+00	0.00e+00	0.00e+00
 1.61218e+14	4.86e-30	5.65e-23	1.27e-16	2.90e-11	5.81e-07	8.72e-04	9.99e-01	0.00e+00	0.00e+00	0.00e+00	0.00e+00	0.00e+00
 1.67459e+14	7.50e-30	8.14e-23	1.70e-16	3.63e-11	6.76e-07	9.43e-04	9.99e-01	0.00e+00	0.00e+00	0.00e+00	0.00e+00	0.00e+00
 1.73621e+14	1.13e-29	1.15e-22	2.26e-16	4.50e-11	7.80e-07	1.02e-03	9.99e-01	0.00e+00	0.00e+00	0.00e+00	0.00e+00	0.00e+00
 1.79131e+14	1.62e-29	1.56e-22	2.88e-16	5.42e-11	8.83e-07	1.08e-03	9.99e-01	0.00e+00	0.00e+00	0.00e+00	0.00e+00	0.00e+00
 1.85216e+14	2.37e-29	2.14e-22	3.73e-16	6.60e-11	1.01e-06	1.16e-03	9.99e-01	0.00e+00	0.00e+00	0.00e+00	0.00e+00	0.00e+00
 1.92444e+14	3.66e-29	3.09e-22	5.03e-16	8.29e-11	1.18e-06	1.26e-03	9.99e-01	0.00e+00	0.00e+00	0.00e+00	0.00e+00	0.00e+00
 1.99610e+14	5.56e-29	4.40e-22	6.70e-16	1.03e-10	1.36e-06	1.35e-03	9.99e-01	0.00e+00	0.00e+00	0.00e+00	0.00e+00	0.00e+00
 2.06197e+14	8.06e-29	6.01e-22	8.63e-16	1.25e-10	1.55e-06	1.45e-03	9.99e-01	0.00e+00	0.00e+00	0.00e+00	0.00e+00	0.00e+00
 2.13579e+14	1.20e-28	8.42e-22	1.14e-15	1.54e-10	1.78e-06	1.55e-03	9.98e-01	0.00e+00	0.00e+00	0.00e+00	0.00e+00	0.00e+00
 2.22121e+14	1.88e-28	1.23e-21	1.54e-15	1.95e-10	2.08e-06	1.69e-03	9.98e-01	0.00e+00	0.00e+00	0.00e+00	0.00e+00	0.00e+00
 2.30487e+14	2.88e-28	1.76e-21	2.06e-15	2.42e-10	2.41e-06	1.82e-03	9.98e-01	0.00e+00	0.00e+00	0.00e+00	0.00e+00	0.00e+00
 2.38453e+14	4.25e-28	2.44e-21	2.69e-15	2.97e-10	2.76e-06	1.95e-03	9.98e-01	0.00e+00	0.00e+00	0.00e+00	0.00e+00	0.00e+00
 2.47287e+14	6.45e-28	3.46e-21	3.57e-15	3.68e-10	3.19e-06	2.10e-03	9.98e-01	0.00e+00	0.00e+00	0.00e+00	0.00e+00	0.00e+00
 2.57208e+14	1.01e-27	5.06e-21	4.86e-15	4.65e-10	3.73e-06	2.27e-03	9.98e-01	0.00e+00	0.00e+00	0.00e+00	0.00e+00	0.00e+00
 2.67217e+14	1.57e-27	7.32e-21	6.56e-15	5.84e-10	4.34e-06	2.46e-03	9.98e-01	0.00e+00	0.00e+00	0.00e+00	0.00e+00	0.00e+00
 2.76734e+14	2.35e-27	1.03e-20	8.63e-15	7.19e-10	4.99e-06	2.64e-03	9.97e-01	0.00e+00	0.00e+00	0.00e+00	0.00e+00	0.00e+00
 2.86942e+14	3.58e-27	1.46e-20	1.15e-14	8.92e-10	5.77e-06	2.84e-03	9.97e-01	0.00e+00	0.00e+00	0.00e+00	0.00e+00	0.00e+00
 2.97875e+14	5.51e-27	2.10e-20	1.54e-14	1.11e-09	6.69e-06	3.07e-03	9.97e-01	0.00e+00	0.00e+00	0.00e+00	0.00e+00	0.00e+00
 3.08002e+14	8.12e-27	2.91e-20	2.00e-14	1.36e-09	7.65e-06	3.28e-03	9.97e-01	0.00e+00	0.00e+00	0.00e+00	0.00e+00	0.00e+00
 3.19109e+14	1.23e-26	4.10e-20	2.64e-14	1.68e-09	8.80e-06	3.52e-03	9.96e-01	0.00e+00	0.00e+00	0.00e+00	0.00e+00	0.00e+00
 3.30551e+14	1.84e-26	5.78e-20	3.49e-14	2.07e-09	1.01e-05	3.79e-03	9.96e-01	0.00e+00	0.00e+00	0.00e+00	0.00e+00	0.00e+00
 3.40076e+14	2.57e-26	7.63e-20	4.36e-14	2.45e-09	1.13e-05	4.01e-03	9.96e-01	0.00e+00	0.00e+00	0.00e+00	0.00e+00	0.00e+00
 3.50095e+14	3.60e-26	1.01e-19	5.49e-14	2.92e-09	1.27e-05	4.25e-03	9.96e-01	0.00e+00	0.00e+00	0.00e+00	0.00e+00	0.00e+00
 3.62888e+14	5.46e-26	1.44e-19	7.28e-14	3.61e-09	1.47e-05	4.57e-03	9.95e-01	0.00e+00	0.00e+00	0.00e+00	0.00e+00	0.00e+00
 3.76245e+14	8.32e-26	2.05e-19	9.67e-14	4.48e-09	1.70e-05	4.92e-03	9.95e-01	0.00e+00	0.00e+00	0.00e+00	0.00e+00	0.00e+00
 3.87926e+14	1.19e-25	2.76e-19	1.23e-13	5.37e-09	1.91e-05	5.23e-03	9.95e-01	0.00e+00	0.00e+00	0.00e+00	0.00e+00	0.00e+00
 4.00473e+14	1.72e-25	3.77e-19	1.58e-13	6.49e-09	2.17e-05	5.58e-03	9.94e-01	0.00e+00	0.00e+00	0.00e+00	0.00e+00	0.00e+00
 4.15732e+14	2.67e-25	5.43e-19	2.12e-13	8.11e-09	2.52e-05	6.01e-03	9.94e-01	0.00e+00	0.00e+00	0.00e+00	0.00e+00	0.00e+00
 4.30894e+14	4.05e-25	7.71e-19	2.82e-13	1.00e-08	2.91e-05	6.46e-03	9.94e-01	0.00e+00	0.00e+00	0.00e+00	0.00e+00	0.00e+00
 4.44210e+14	5.77e-25	1.04e-18	3.58e-13	1.20e-08	3.28e-05	6.87e-03	9.93e-01	0.00e+00	0.00e+00	0.00e+00	0.00e+00	0.00e+00
 4.58745e+14	8.40e-25	1.42e-18	4.61e-13	1.46e-08	3.73e-05	7.33e-03	9.93e-01	0.00e+00	0.00e+00	0.00e+00	0.00e+00	0.00e+00
 4.76315e+14	1.30e-24	2.05e-18	6.20e-13	1.82e-08	4.33e-05	7.92e-03	9.92e-01	0.00e+00	0.00e+00	0.00e+00	0.00e+00	0.00e+00
 4.93851e+14	1.98e-24	2.92e-18	8.24e-13	2.26e-08	4.99e-05	8.51e-03	9.91e-01	0.00e+00	0.00e+00	0.00e+00	0.00e+00	0.00e+00
 5.09559e+14	2.84e-24	3.95e-18	1.05e-12	2.72e-08	5.65e-05	9.07e-03	9.91e-01	0.00e+00	0.00e+00	0.00e+00	0.00e+00	0.00e+00
 5.26869e+14	4.20e-24	5.48e-18	1.37e-12	3.32e-08	6.46e-05	9.70e-03	9.90e-01	0.00e+00	0.00e+00	0.00e+00	0.00e+00	0.00e+00
 5.47401e+14	6.52e-24	7.93e-18	1.85e-12	4.17e-08	7.51e-05	1.05e-02	9.89e-01	0.00e+00	0.00e+00	0.00e+00	0.00e+00	0.00e+00
 5.67723e+14	9.91e-24	1.13e-17	2.46e-12	5.18e-08	8.68e-05	1.13e-02	9.89e-01	0.00e+00	0.00e+00	0.00e+00	0.00e+00	0.00e+00
 5.86389e+14	1.44e-23	1.54e-17	3.17e-12	6.27e-08	9.87e-05	1.21e-02	9.88e-01	0.00e+00	0.00e+00	0.00e+00	0.00e+00	0.00e+00
 6.07299e+14	2.14e-23	2.16e-17	4.16e-12	7.72e-08	1.13e-04	1.30e-02	9.87e-01	0.00e+00	0.00e+00	0.00e+00	0.00e+00	0.00e+00
 6.31515e+14	3.36e-23	3.15e-17	5.65e-12	9.74e-08	1.32e-04	1.40e-02	9.86e-01	0.00e+00	0.00e+00	0.00e+00	0.00e+00	0.00e+00
 6.55285e+14	5.08e-23	4.48e-17	7.52e-12	1.21e-07	1.53e-04	1.51e-02	9.85e-01	0.00e+00	0.00e+00	0.00e+00	0.00e+00	0.00e+00
 6.77968e+14	7.50e-23	6.21e-17	9.80e-12	1.48e-07	1.75e-04	1.62e-02	9.84e-01	0.00e+00	0.00e+00	0.00e+00	0.00e+00	0.00e+00
 7.03080e+14	1.12e-22	8.76e-17	1.30e-11	1.84e-07	2.02e-04	1.75e-02	9.82e-01	0.00e+00	0.00e+00	0.00e+00	0.00e+00	0.00e+00
 7.31233e+14	1.74e-22	1.27e-16	1.76e-11	2.32e-07	2.37e-04	1.90e-02	9.81e-01	0.00e+00	0.00e+00	0.00e+00	0.00e+00	0.00e+00
 7.59123e+14	2.63e-22	1.80e-16	2.35e-11	2.90e-07	2.74e-04	2.05e-02	9.79e-01	0.00e+00	0.00e+00	0.00e+00	0.00e+00	0.00e+00
 7.88128e+14	3.97e-22	2.56e-16	3.13e-11	3.61e-07	3.18e-04	2.21e-02	9.78e-01	0.00e+00	0.00e+00	0.00e+00	0.00e+00	0.00e+00
 8.14808e+14	5.72e-22	3.50e-16	4.04e-11	4.40e-07	3.62e-04	2.37e-02	9.76e-01	0.00e+00	0.00e+00	0.00e+00	0.00e+00	0.00e+00
 8.35449e+14	7.53e-22	4.42e-16	4.89e-11	5.10e-07	4.00e-04	2.50e-02	9.75e-01	0.00e+00	0.00e+00	0.00e+00	0.00e+00	0.00e+00
 8.57136e+14	9.85e-22	5.57e-16	5.94e-11	5.93e-07	4.42e-04	2.64e-02	9.73e-01	0.00e+00	0.00e+00	0.00e+00	0.00e+00	0.00e+00
 8.85330e+14	1.39e-21	7.51e-16	7.60e-11	7.18e-07	5.02e-04	2.82e-02	9.71e-01	0.00e+00	0.00e+00	0.00e+00	0.00e+00	0.00e+00
 9.15755e+14	2.00e-21	1.02e-15	9.83e-11	8.76e-07	5.74e-04	3.03e-02	9.69e-01	0.00e+00	0.00e+00	0.00e+00	0.00e+00	0.00e+00
 9.43033e+14	2.72e-21	1.34e-15	1.23e-10	1.04e-06	6.44e-04	3.22e-02	9.67e-01	0.00e+00	0.00e+00	0.00e+00	0.00e+00	0.00e+00
 9.72449e+14	3.75e-21	1.76e-15	1.55e-10	1.25e-06	7.26e-04	3.44e-02	9.65e-01	0.00e+00	0.00e+00	0.00e+00	0.00e+00	0.00e+00
 1.00887e+15	5.51e-21	2.46e-15	2.05e-10	1.55e-06	8.39e-04	3.72e-02	9.62e-01	0.00e+00	0.00e+00	0.00e+00	0.00e+00	0.00e+00
 1.04559e+15	7.98e-21	3.40e-15	2.68e-10	1.91e-06	9.64e-04	4.01e-02	9.59e-01	0.00e+00	0.00e+00	0.00e+00	0.00e+00	0.00e+00
 1.07773e+15	1.09e-20	4.46e-15	3.37e-10	2.28e-06	1.09e-03	4.28e-02	9.56e-01	0.00e+00	0.00e+00	0.00e+00	0.00e+00	0.00e+00
 1.11274e+15	1.50e-20	5.91e-15	4.27e-10	2.75e-06	1.23e-03	4.59e-02	9.53e-01	0.00e+00	0.00e+00	0.00e+00	0.00e+00	0.00e+00
 1.15519e+15	2.20e-20	8.27e-15	5.67e-10	3.43e-06	1.42e-03	4.97e-02	9.49e-01	0.00e+00	0.00e+00	0.00e+00	0.00e+00	0.00e+00
 1.19752e+15	3.17e-20	1.14e-14	7.43e-10	4.24e-06	1.63e-03	5.36e-02	9.45e-01	0.00e+00	0.00e+00	0.00e+00	0.00e+00	0.00e+00
 1.23513e+15	4.34e-20	1.50e-14	9.37e-10	5.08e-06	1.84e-03	5.73e-02	9.41e-01	0.00e+00	0.00e+00	0.00e+00	0.00e+00	0.00e+00
 1.27639e+15	6.00e-20	2.00e-14	1.20e-09	6.15e-06	2.09e-03	6.15e-02	9.36e-01	0.00e+00	0.00e+00	0.00e+00	0.00e+00	0.00e+00
 1.32572e+15	8.79e-20	2.81e-14	1.59e-09	7.68e-06	2.42e-03	6.66e-02	9.31e-01	0.00e+00	0.00e+00	0.00e+00	0.00e+00	0.00e+00
 1.37461e+15	1.26e-19	3.87e-14	2.09e-09	9.49e-06	2.78e-03	7.19e-02	9.25e-01	0.00e+00	0.00e+00	0.00e+00	0.00e+00	0.00e+00
 1.41889e+15	1.73e-19	5.13e-14	2.65e-09	1.14e-05	3.13e-03	7.69e-02	9.20e-01	0.00e+00	0.00e+00	0.00e+00	0.00e+00	0.00e+00
 1.46811e+15	2.42e-19	6.94e-14	3.42e-09	1.39e-05	3.57e-03	8.25e-02	9.14e-01	0.00e+00	0.00e+00	0.00e+00	0.00e+00	0.00e+00
 1.52586e+15	3.56e-19	9.77e-14	4.57e-09	1.74e-05	4.13e-03	8.95e-02	9.06e-01	0.00e+00	0.00e+00	0.00e+00	0.00e+00	0.00e+00
 1.58270e+15	5.12e-19	1.35e-13	6.02e-09	2.16e-05	4.74e-03	9.65e-02	8.99e-01	0.00e+00	0.00e+00	0.00e+00	0.00e+00	0.00e+00
 1.63563e+15	7.10e-19	1.81e-13	7.70e-09	2.61e-05	5.36e-03	1.03e-01	8.91e-01	0.00e+00	0.00e+00	0.00e+00	0.00e+00	0.00e+00
 1.69490e+15	1.01e-18	2.50e-13	1.01e-08	3.21e-05	6.13e-03	1.11e-01	8.83e-01	0.00e+00	0.00e+00	0.00e+00	0.00e+00	0.00e+00
 1.76273e+15	1.50e-18	3.55e-13	1.35e-08	4.02e-05	7.09e-03	1.20e-01	8.73e-01	0.00e+00	0.00e+00	0.00e+00	0.00e+00	0.00e+00
 1.82969e+15	2.18e-18	4.97e-13	1.79e-08	4.99e-05	8.14e-03	1.29e-01	8.62e-01	0.00e+00	0.00e+00	0.00e+00	0.00e+00	0.00e+00
 1.89933e+15	3.18e-18	6.96e-13	2.38e-08	6.18e-05	9.34e-03	1.39e-01	8.51e-01	0.00e+00	0.00e+00	0.00e+00	0.00e+00	0.00e+00
 1.96259e+15	4.43e-18	9.37e-13	3.05e-08	7.46e-05	1.05e-02	1.48e-01	8.41e-01	0.00e+00	0.00e+00	0.00e+00	0.00e+00	0.00e+00
 2.00987e+15	5.64e-18	1.16e-12	3.65e-08	8.54e-05	1.15e-02	1.55e-01	8.33e-01	0.00e+00	0.00e+00	0.00e+00	0.00e+00	0.00e+00
 2.05880e+15	7.20e-18	1.45e-12	4.37e-08	9.79e-05	1.25e-02	1.63e-01	8.25e-01	0.00e+00	0.00e+00	0.00e+00	0.00e+00	0.00e+00
 2.12240e+15	9.82e-18	1.91e-12	5.50e-08	1.16e-04	1.40e-02	1.72e-01	8.14e-01	0.00e+00	0.00e+00	0.00e+00	0.00e+00	0.00e+00
 2.19148e+15	1.37e-17	2.56e-12	7.01e-08	1.40e-04	1.57e-02	1.83e-01	8.02e-01	0.00e+00	0.00e+00	0.00e+00	0.00e+00	0.00e+00
 2.25399e+15	1.83e-17	3.31e-12	8.67e-08	1.64e-04	1.73e-02	1.92e-01	7.90e-01	0.00e+00	0.00e+00	0.00e+00	0.00e+00	0.00e+00
 2.32154e+15	2.51e-17	4.34e-12	1.08e-07	1.93e-04	1.92e-02	2.02e-01	7.78e-01	0.00e+00	0.00e+00	1.44e-17	7.58e-18	2.61e-18
 2.40693e+15	3.67e-17	6.06e-12	1.42e-07	2.37e-04	2.18e-02	2.16e-01	7.62e-01	0.00e+00	0.00e+00	2.10e-17	1.11e-17	3.79e-18
 2.49292e+15	5.29e-17	8.37e-12	1.85e-07	2.88e-04	2.46e-02	2.29e-01	7.46e-01	0.00e+00	0.00e+00	3.04e-17	1.60e-17	5.45e-18
 2.56542e+15	7.12e-17	1.09e-11	2.30e-07	3.37e-04	2.72e-02	2.40e-01	7.32e-01	0.00e+00	0.00e+00	4.09e-17	2.15e-17	7.32e-18
 2.64298e+15	9.74e-17	1.43e-11	2.87e-07	3.97e-04	3.01e-02	2.52e-01	7.18e-01	0.00e+00	0.00e+00	5.60e-17	2.94e-17	9.97e-18
 2.74056e+15	1.43e-16	2.00e-11	3.77e-07	4.85e-04	3.40e-02	2.67e-01	6.99e-01	0.00e+00	0.00e+00	8.22e-17	4.31e-17	1.46e-17
 2.84242e+15	2.11e-16	2.81e-11	4.95e-07	5.91e-04	3.84e-02	2.82e-01	6.79e-01	0.00e+00	0.00e+00	1.21e-16	6.35e-17	2.14e-17
 2.93404e+15	2.94e-16	3.75e-11	6.26e-07	7.01e-04	4.26e-02	2.96e-01	6.61e-01	0.00e+00	0.00e+00	1.70e-16	8.87e-17	2.99e-17
 3.03409e+15	4.21e-16	5.11e-11	8.02e-07	8.39e-04	4.75e-02	3.10e-01	6.42e-01	0.00e+00	0.00e+00	2.43e-16	1.27e-16	4.26e-17
 3.15248e+15	6.35e-16	7.29e-11	1.07e-06	1.03e-03	5.37e-02	3.27e-01	6.18e-01	0.00e+00	0.00e+00	3.66e-16	1.92e-16	6.42e-17
 3.26852e+15	9.32e-16	1.01e-10	1.39e-06	1.24e-03	6.01e-02	3.43e-01	5.96e-01	0.00e+00	0.00e+00	5.38e-16	2.81e-16	9.40e-17
 3.37454e+15	1.32e-15	1.36e-10	1.75e-06	1.47e-03	6.63e-02	3.56e-01	5.76e-01	0.00e+00	0.00e+00	7.60e-16	3.97e-16	1.32e-16
 3.49371e+15	1.91e-15	1.86e-10	2.25e-06	1.76e-03	7.37e-02	3.71e-01	5.53e-01	0.00e+00	0.00e+00	1.10e-15	5.76e-16	1.92e-16
 3.63230e+15	2.90e-15	2.65e-10	2.98e-06	2.14e-03	8.28e-02	3.88e-01	5.28e-01	0.00e+00	0.00e+00	1.68e-15	8.76e-16	2.91e-16
 3.76833e+15	4.31e-15	3.70e-10	3.88e-06	2.58e-03	9.22e-02	4.02e-01	5.03e-01	0.00e+00	0.00e+00	2.49e-15	1.30e-15	4.32e-16
 3.89673e+15	6.21e-15	5.01e-10	4.93e-06	3.05e-03	1.02e-01	4.15e-01	4.80e-01	0.00e+00	0.00e+00	3.59e-15	1.88e-15	6.22e-16
 4.03956e+15	9.12e-15	6.91e-10	6.35e-06	3.63e-03	1.12e-01	4.29e-01	4.55e-01	0.00e+00	0.00e+00	5.28e-15	2.76e-15	9.12e-16
 4.20118e+15	1.39e-14	9.79e-10	8.36e-06	4.39e-03	1.25e-01	4.42e-01	4.28e-01	0.00e+00	0.00e+00	8.05e-15	4.21e-15	1.39e-15
 4.33722e+15	1.96e-14	1.30e-09	1.04e-05	5.12e-03	1.36e-01	4.53e-01	4.06e-01	0.00e+00	0.00e+00	1.13e-14	5.91e-15	1.95e-15
 4.43535e+15	2.48e-14	1.58e-09	1.22e-05	5.69e-03	1.44e-01	4.59e-01	3.91e-01	0.00e+00	0.00e+00	1.44e-14	7.50e-15	2.48e-15
 4.53765e+15	3.17e-14	1.93e-09	1.42e-05	6.33e-03	1.53e-01	4.65e-01	3.76e-01	0.00e+00	0.00e+00	1.83e-14	9.59e-15	3.16e-15
 4.67064e+15	4.32e-14	2.48e-09	1.73e-05	7.23e-03	1.64e-01	4.73e-01	3.56e-01	0.00e+00	0.00e+00	2.50e-14	1.31e-14	4.30e-15
 4.81875e+15	6.02e-14	3.25e-09	2.14e-05	8.35e-03	1.77e-01	4.79e-01	3.35e-01	0.00e+00	0.00e+00	3.49e-14	1.82e-14	6.00e-15
 4.95683e+15	8.10e-14	4.13e-09	2.58e-05	9.48e-03	1.90e-01	4.84e-01	3.17e-01	0.00e+00	0.00e+00	4.69e-14	2.45e-14	8.06e-15
 5.10666e+15	1.11e-13	5.33e-09	3.15e-05	1.08e-02	2.03e-01	4.89e-01	2.97e-01	0.00e+00	0.00e+00	6.44e-14	3.37e-14	1.11e-14
 5.27430e+15	1.57e-13	7.02e-09	3.90e-05	1.25e-02	2.18e-01	4.92e-01	2.77e-01	0.00e+00	0.00e+00	9.08e-14	4.75e-14	1.56e-14
 5.43277e+15	2.14e-13	9.01e-09	4.73e-05	1.42e-02	2.33e-01	4.94e-01	2.59e-01	0.00e+00	0.00e+00	1.24e-13	6.49e-14	2.13e-14
 5.60645e+15	3.00e-13	1.18e-08	5.81e-05	1.62e-02	2.49e-01	4.95e-01	2.40e-01	0.00e+00	0.00e+00	1.74e-13	9.08e-14	2.98e-14
 5.80060e+15	4.30e-13	1.56e-08	7.23e-05	1.87e-02	2.67e-01	4.94e-01	2.20e-01	0.00e+00	0.00e+00	2.49e-13	1.30e-13	4.27e-14
 5.98439e+15	5.96e-13	2.03e-08	8.81e-05	2.12e-02	2.83e-01	4.92e-01	2.03e-01	0.00e+00	0.00e+00	3.46e-13	1.81e-13	5.92e-14
 6.18632e+15	8.48e-13	2.67e-08	1.09e-04	2.43e-02	3.02e-01	4.88e-01	1.86e-01	0.00e+00	0.00e+00	4.92e-13	2.57e-13	8.41e-14
 6.40799e+15	1.22e-12	3.56e-08	1.36e-04	2.79e-02	3.21e-01	4.83e-01	1.68e-01	0.00e+00	0.00e+00	7.10e-13	3.71e-13	1.21e-13
 6.61242e+15	1.69e-12	4.60e-08	1.65e-04	3.16e-02	3.39e-01	4.76e-01	1.53e-01	0.00e+00	0.00e+00	9.83e-13	5.14e-13	1.68e-13
 6.83527e+15	2.40e-12	6.03e-08	2.02e-04	3.59e-02	3.58e-01	4.68e-01	1.38e-01	0.00e+00	0.00e+00	1.39e-12	7.28e-13	2.38e-13
 7.08153e+15	3.45e-12	8.00e-08	2.51e-04	4.10e-02	3.78e-01	4.57e-01	1.23e-01	0.00e+00	0.00e+00	2.00e-12	1.05e-12	3.42e-13
 7.31028e+15	4.77e-12	1.03e-07	3.04e-04	4.61e-02	3.96e-01	4.46e-01	1.11e-01	0.00e+00	0.00e+00	2.77e-12	1.45e-12	4.72e-13
 7.55972e+15	6.77e-12	1.35e-07	3.72e-04	5.20e-02	4.15e-01	4.34e-01	9.86e-02	0.00e+00	0.00e+00	3.93e-12	2.05e-12	6.69e-13
 7.83592e+15	9.76e-12	1.79e-07	4.61e-04	5.92e-02	4.35e-01	4.19e-01	8.65e-02	0.00e+00	0.00e+00	5.66e-12	2.96e-12	9.64e-13
 8.08271e+15	1.33e-11	2.27e-07	5.53e-04	6.59e-02	4.52e-01	4.05e-01	7.71e-02	0.00e+00	0.00e+00	7.70e-12	4.02e-12	1.31e-12
 8.30506e+15	1.74e-11	2.81e-07	6.48e-04	7.23e-02	4.66e-01	3.92e-01	6.93e-02	0.00e+00	0.00e+00	1.01e-11	5.28e-12	1.72e-12
 8.51983e+15	2.25e-11	3.42e-07	7.52e-04	7.88e-02	4.79e-01	3.79e-01	6.26e-02	0.00e+00	0.00e+00	1.30e-11	6.82e-12	2.22e-12
 8.75901e+15	2.97e-11	4.24e-07	8.84e-04	8.64e-02	4.92e-01	3.65e-01	5.58e-02	0.00e+00	0.00e+00	1.73e-11	9.03e-12	2.94e-12
 9.01535e+15	3.96e-11	5.30e-07	1.05e-03	9.51e-02	5.05e-01	3.49e-01	4.93e-02	0.00e+00	0.00e+00	2.30e-11	1.20e-11	3.91e-12
 9.24592e+15	5.06e-11	6.40e-07	1.21e-03	1.03e-01	5.16e-01	3.36e-01	4.42e-02	0.00e+00	0.00e+00	2.94e-11	1.54e-11	4.99e-12
 9.49760e+15	6.63e-11	7.88e-07	1.41e-03	1.12e-01	5.27e-01	3.20e-01	3.91e-02	0.00e+00	0.00e+00	3.85e-11	2.01e-11	6.54e-12
 9.77488e+15	8.78e-11	9.80e-07	1.67e-03	1.23e-01	5.37e-01	3.04e-01	3.41e-02	0.00e+00	0.00e+00	5.10e-11	2.67e-11	8.66e-12
 1.00357e+16	1.14e-10	1.20e-06	1.94e-03	1.33e-01	5.46e-01	2.89e-01	3.00e-02	0.00e+00	0.00e+00	6.61e-11	3.46e-11	1.12e-11
 1.03250e+16	1.51e-10	1.49e-06	2.29e-03	1.45e-01	5.54e-01	2.72e-01	2.60e-02	0.00e+00	0.00e+00	8.79e-11	4.60e-11	1.49e-11
 1.06389e+16	2.02e-10	1.86e-06	2.72e-03	1.59e-01	5.61e-01	2.55e-01	2.23e-02	0.00e+00	0.00e+00	1.17e-10	6.14e-11	1.99e-11
 1.09290e+16	2.62e-10	2.28e-06	3.17e-03	1.72e-01	5.66e-01	2.39e-01	1.93e-02	0.00e+00	0.00e+00	1.52e-10	7.96e-11	2.59e-11
 1.12013e+16	3.33e-10	2.75e-06	3.66e-03	1.85e-01	5.69e-01	2.25e-01	1.69e-02	0.00e+00	0.00e+00	1.93e-10	1.01e-10	3.29e-11
 1.15062e+16	4.39e-10	3.40e-06	4.29e-03	2.00e-01	5.72e-01	2.10e-01	1.44e-02	0.00e+00	0.00e+00	2.55e-10	1.33e-10	4.33e-11
 1.18355e+16	5.79e-10	4.22e-06	5.06e-03	2.17e-01	5.72e-01	1.94e-01	1.22e-02	0.00e+00	0.00e+00	3.37e-10	1.76e-10	5.73e-11
 1.21282e+16	7.34e-10	5.08e-06	5.84e-03	2.32e-01	5.71e-01	1.81e-01	1.05e-02	0.00e+00	0.00e+00	4.26e-10	2.23e-10	7.25e-11
 1.24406e+16	9.56e-10	6.23e-06	6.81e-03	2.49e-01	5.69e-01	1.67e-01	8.95e-03	0.00e+00	0.00e+00	5.56e-10	2.91e-10	9.46e-11
 1.27807e+16	1.26e-09	7.72e-06	8.04e-03	2.68e-01	5.64e-01	1.53e-01	7.49e-03	0.00e+00	0.00e+00	7.33e-10	3.84e-10	1.25e-10
 1.30853e+16	1.60e-09	9.30e-06	9.28e-03	2.85e-01	5.59e-01	1.41e-01	6.39e-03	0.00e+00	0.00e+00	9.28e-10	4.86e-10	1.58e-10
 1.33525e+16	1.97e-09	1.09e-05	1.05e-02	3.01e-01	5.53e-01	1.31e-01	5.54e-03	0.00e+00	0.00e+00	1.14e-09	5.99e-10	1.95e-10
 1.36426e+16	2.49e-09	1.31e-05	1.21e-02	3.18e-01	5.45e-01	1.20e-01	4.73e-03	0.00e+00	0.00e+00	1.45e-09	7.59e-10	2.47e-10
 1.39571e+16	3.21e-09	1.60e-05	1.41e-02	3.38e-01	5.35e-01	1.09e-01	3.97e-03	0.00e+00	0.00e+00	1.86e-09	9.77e-10	3.18e-10
 1.42327e+16	3.93e-09	1.88e-05	1.60e-02	3.55e-01	5.25e-01	1.01e-01	3.42e-03	0.00e+00	0.00e+00	2.29e-09	1.20e-09	3.90e-10
 1.44805e+16	4.80e-09	2.20e-05	1.80e-02	3.71e-01	5.15e-01	9.30e-02	2.97e-03	0.00e+00	0.00e+00	2.79e-09	1.46e-09	4.76e-10
 1.47628e+16	6.11e-09	2.65e-05	2.07e-02	3.89e-01	5.03e-01	8.46e-02	2.51e-03	0.00e+00	0.00e+00	3.55e-09	1.86e-09	6.06e-10
 1.50639e+16	7.86e-09	3.22e-05	2.40e-02	4.09e-01	4.88e-01	7.64e-02	2.10e-03	0.00e+00	0.00e+00	4.57e-09	2.40e-09	7.81e-10
 1.53231e+16	9.70e-09	3.80e-05	2.73e-02	4.26e-01	4.75e-01	6.97e-02	1.80e-03	0.00e+00	0.00e+00	5.65e-09	2.96e-09	9.64e-10
 1.55560e+16	1.19e-08	4.44e-05	3.08e-02	4.42e-01	4.62e-01	6.40e-02	1.55e-03	0.00e+00	0.00e+00	6.90e-09	3.62e-09	1.18e-09
 1.58210e+16	1.50e-08	5.33e-05	3.54e-02	4.60e-01	4.45e-01	5.77e-02	1.31e-03	0.00e+00	0.00e+00	8.72e-09	4.57e-09	1.49e-09
 1.61031e+16	1.96e-08	6.54e-05	4.12e-02	4.79e-01	4.27e-01	5.14e-02	1.08e-03	0.00e+00	0.00e+00	1.14e-08	5.98e-09	1.95e-09
 1.63416e+16	2.43e-08	7.74e-05	4.69e-02	4.95e-01	4.11e-01	4.65e-02	9.19e-04	0.00e+00	0.00e+00	1.41e-08	7.42e-09	2.42e-09
 1.65490e+16	2.97e-08	9.06e-05	5.28e-02	5.09e-01	3.95e-01	4.23e-02	7.92e-04	0.00e+00	0.00e+00	1.73e-08	9.07e-09	2.96e-09
 1.67821e+16	3.75e-08	1.09e-04	6.07e-02	5.24e-01	3.77e-01	3.78e-02	6.64e-04	0.00e+00	0.00e+00	2.18e-08	1.14e-08	3.73e-09
 1.70305e+16	4.95e-08	1.34e-04	7.08e-02	5.39e-01	3.56e-01	3.33e-02	5.44e-04	0.00e+00	0.00e+00	2.88e-08	1.51e-08	4.94e-09
 1.72384e+16	6.19e-08	1.60e-04	8.08e-02	5.51e-01	3.38e-01	2.98e-02	4.60e-04	0.00e+00	0.00e+00	3.60e-08	1.89e-08	6.17e-09
 1.74145e+16	7.58e-08	1.87e-04	9.08e-02	5.60e-01	3.22e-01	2.69e-02	3.95e-04	0.00e+00	0.00e+00	4.41e-08	2.32e-08	7.56e-09
 1.76100e+16	9.15e-08	2.19e-04	1.04e-01	5.69e-01	3.02e-01	2.38e-02	3.30e-04	0.00e+00	0.00e+00	5.32e-08	2.80e-08	9.13e-09
 1.78221e+16	1.19e-07	2.68e-04	1.21e-01	5.77e-01	2.80e-01	2.06e-02	2.68e-04	0.00e+00	0.00e+00	6.92e-08	3.63e-08	1.19e-08
 1.80027e+16	1.63e-07	3.36e-04	1.40e-01	5.81e-01	2.60e-01	1.79e-02	2.19e-04	0.00e+00	0.00e+00	9.48e-08	4.98e-08	1.63e-08
 1.81442e+16	1.99e-07	3.93e-04	1.57e-01	5.83e-01	2.44e-01	1.60e-02	1.86e-04	0.00e+00	0.00e+00	1.16e-07	6.08e-08	1.99e-08
 1.82881e+16	2.35e-07	4.51e-04	1.77e-01	5.83e-01	2.26e-01	1.41e-02	1.56e-04	0.00e+00	0.00e+00	1.37e-07	7.19e-08	2.35e-08
 1.84753e+16	3.35e-07	5.85e-04	2.09e-01	5.77e-01	2.01e-01	1.16e-02	1.19e-04	0.00e+00	0.00e+00	1.95e-07	1.02e-07	3.35e-08
 1.86437e+16	4.43e-07	7.23e-04	2.44e-01	5.67e-01	1.78e-01	9.55e-03	9.18e-05	0.00e+00	0.00e+00	2.58e-07	1.35e-07	4.43e-08
 1.87509e+16	5.46e-07	8.43e-04	2.71e-01	5.56e-01	1.63e-01	8.30e-03	7.61e-05	0.00e+00	0.00e+00	3.18e-07	1.67e-07	5.47e-08
 1.88278e+16	6.29e-07	9.37e-04	2.93e-01	5.47e-01	1.52e-01	7.44e-03	6.60e-05	0.00e+00	0.00e+00	3.66e-07	1.93e-07	6.30e-08
 1.89022e+16	7.03e-07	1.02e-03	3.15e-01	5.37e-01	1.40e-01	6.64e-03	5.69e-05	0.00e+00	0.00e+00	4.09e-07	2.15e-07	7.05e-08
 1.89989e+16	8.89e-07	1.21e-03	3.49e-01	5.19e-01	1.25e-01	5.59e-03	4.55e-05	0.00e+00	0.00e+00	5.17e-07	2.72e-07	8.92e-08
 1.90889e+16	1.03e-06	1.35e-03	3.82e-01	5.00e-01	1.12e-01	4.76e-03	3.71e-05	0.00e+00	0.00e+00	5.97e-07	3.14e-07	1.03e-07
 1.91575e+16	1.25e-06	1.54e-03	4.11e-01	4.82e-01	1.01e-01	4.10e-03	3.06e-05	0.00e+00	0.00e+00	7.26e-07	3.82e-07	1.25e-07
 1.92173e+16	1.37e-06	1.66e-03	4.36e-01	4.66e-01	9.21e-02	3.61e-03	2.61e-05	0.00e+00	0.00e+00	7.98e-07	4.20e-07	1.38e-07
 1.92786e+16	1.58e-06	1.84e-03	4.65e-01	4.47e-01	8.26e-02	3.10e-03	2.15e-05	0.00e+00	0.00e+00	9.19e-07	4.84e-07	1.59e-07
 1.93584e+16	1.98e-06	2.14e-03	5.06e-01	4.19e-01	7.06e-02	2.48e-03	1.62e-05	0.00e+00	0.00e+00	1.15e-06	6.07e-07	1.99e-07
 1.94329e+16	2.32e-06	2.39e-03	5.44e-01	3.91e-01	6.05e-02	2.01e-03	1.25e-05	0.00e+00	0.00e+00	1.35e-06	7.10e-07	2.33e-07
 1.94881e+16	2.65e-06	2.61e-03	5.73e-01	3.69e-01	5.31e-02	1.68e-03	1.00e-05	0.00e+00	0.00e+00	1.54e-06	8.12e-07	2.67e-07
 1.95474e+16	3.06e-06	2.88e-03	6.06e-01	3.44e-01	4.55e-02	1.36e-03	7.74e-06	0.00e+00	0.00e+00	1.78e-06	9.39e-07	3.09e-07
 1.96139e+16	3.58e-06	3.19e-03	6.43e-01	3.15e-01	3.79e-02	1.06e-03	5.71e-06	0.00e+00	0.00e+00	2.08e-06	1.10e-06	3.62e-07
 1.96767e+16	4.14e-06	3.50e-03	6.77e-01	2.88e-01	3.13e-02	8.26e-04	4.19e-06	0.00e+00	0.00e+00	2.41e-06	1.27e-06	4.19e-07
 1.97358e+16	4.73e-06	3.81e-03	7.08e-01	2.62e-01	2.59e-02	6.39e-04	3.07e-06	0.00e+00	0.00e+00	2.75e-06	1.45e-06	4.79e-07
 1.98029e+16	5.53e-06	4.20e-03	7.42e-01	2.32e-01	2.04e-02	4.66e-04	2.09e-06	0.00e+00	0.00e+00	3.21e-06	1.70e-06	5.61e-07
 1.98752e+16	6.45e-06	4.61e-03	7.76e-01	2.03e-01	1.57e-02	3.28e-04	1.36e-06	0.00e+00	0.00e+00	3.75e-06	1.98e-06	6.55e-07
 1.99411e+16	7.42e-06	5.01e-03	8.05e-01	1.78e-01	1.21e-02	2.32e-04	8.97e-07	0.00e+00	0.00e+00	4.32e-06	2.28e-06	7.55e-07
 2.00133e+16	8.64e-06	5.46e-03	8.33e-01	1.52e-01	8.91e-03	1.55e-04	0.00e+00	0.00e+00	0.00e+00	5.02e-06	2.66e-06	8.80e-07
 2.00943e+16	1.01e-05	5.95e-03	8.60e-01	1.27e-01	6.31e-03	9.75e-05	0.00e+00	0.00e+00	0.00e+00	5.86e-06	3.10e-06	1.03e-06
 2.01739e+16	1.17e-05	6.45e-03	8.83e-01	1.06e-01	4.43e-03	6.08e-05	0.00e+00	0.00e+00	0.00e+00	6.80e-06	3.60e-06	1.20e-06
 2.02645e+16	1.37e-05	7.02e-03	9.04e-01	8.59e-02	2.93e-03	3.48e-05	0.00e+00	0.00e+00	0.00e+00	7.98e-06	4.23e-06	1.41e-06
