#depth	N	N+	N+2	N+3	N+4	N+5	N+6	N+7
 1.49634e+10	0.00e+00	0.00e+00	3.81e-31	1.40e-21	1.44e-12	6.25e-03	8.10e-01	1.83e-01
 4.54887e+10	0.00e+00	3.63e-41	5.33e-31	1.81e-21	1.72e-12	6.90e-03	8.21e-01	1.72e-01
 7.72350e+10	0.00e+00	0.00e+00	7.44e-31	2.34e-21	2.06e-12	7.61e-03	8.32e-01	1.61e-01
 1.10251e+11	0.00e+00	8.28e-41	1.04e-30	3.02e-21	2.45e-12	8.39e-03	8.41e-01	1.50e-01
 1.43604e+11	0.00e+00	0.00e+00	1.43e-30	3.87e-21	2.91e-12	9.21e-03	8.50e-01	1.41e-01
 1.75586e+11	0.00e+00	1.79e-40	1.93e-30	4.85e-21	3.40e-12	1.00e-02	8.58e-01	1.32e-01
 2.09833e+11	0.00e+00	0.00e+00	2.63e-30	6.14e-21	4.00e-12	1.10e-02	8.65e-01	1.24e-01
 2.47017e+11	0.00e+00	3.89e-40	3.63e-30	7.84e-21	4.73e-12	1.20e-02	8.72e-01	1.16e-01
 2.82824e+11	0.00e+00	0.00e+00	4.88e-30	9.84e-21	5.53e-12	1.31e-02	8.78e-01	1.09e-01
 3.21201e+11	0.00e+00	8.24e-40	6.64e-30	1.24e-20	6.49e-12	1.43e-02	8.84e-01	1.02e-01
 3.63976e+11	0.00e+00	0.00e+00	9.23e-30	1.60e-20	7.70e-12	1.57e-02	8.90e-01	9.46e-02
 4.06682e+11	0.00e+00	1.83e-39	1.27e-29	2.03e-20	9.08e-12	1.71e-02	8.95e-01	8.82e-02
 4.44549e+11	0.00e+00	0.00e+00	1.66e-29	2.49e-20	1.04e-11	1.84e-02	8.99e-01	8.30e-02
 4.78231e+11	0.00e+00	3.42e-39	2.10e-29	2.98e-20	1.18e-11	1.97e-02	9.02e-01	7.87e-02
 5.16678e+11	0.00e+00	0.00e+00	2.71e-29	3.62e-20	1.35e-11	2.11e-02	9.05e-01	7.42e-02
 5.64141e+11	0.00e+00	6.92e-39	3.69e-29	4.57e-20	1.58e-11	2.30e-02	9.08e-01	6.91e-02
 6.13145e+11	0.00e+00	0.00e+00	5.02e-29	5.77e-20	1.85e-11	2.50e-02	9.11e-01	6.44e-02
 6.58116e+11	0.00e+00	1.42e-38	6.58e-29	7.09e-20	2.13e-11	2.69e-02	9.13e-01	6.04e-02
 7.08020e+11	0.00e+00	0.00e+00	8.79e-29	8.83e-20	2.47e-11	2.91e-02	9.14e-01	5.64e-02
 7.65915e+11	0.00e+00	3.05e-38	1.22e-28	1.13e-19	2.92e-11	3.18e-02	9.16e-01	5.22e-02
 8.23374e+11	0.00e+00	0.00e+00	1.66e-28	1.43e-19	3.42e-11	3.46e-02	9.17e-01	4.85e-02
 8.83131e+11	0.00e+00	6.60e-38	2.27e-28	1.81e-19	4.01e-11	3.75e-02	9.18e-01	4.49e-02
 9.48383e+11	0.00e+00	0.00e+00	3.14e-28	2.31e-19	4.74e-11	4.09e-02	9.18e-01	4.15e-02
 1.01624e+12	0.00e+00	1.49e-37	4.36e-28	2.96e-19	5.59e-11	4.46e-02	9.17e-01	3.83e-02
 1.07847e+12	0.00e+00	0.00e+00	5.82e-28	3.68e-19	6.48e-11	4.81e-02	9.16e-01	3.56e-02
 1.13154e+12	0.00e+00	2.87e-37	7.39e-28	4.41e-19	7.31e-11	5.11e-02	9.15e-01	3.36e-02
 1.19008e+12	0.00e+00	0.00e+00	9.54e-28	5.34e-19	8.32e-11	5.46e-02	9.14e-01	3.15e-02
 1.26259e+12	0.00e+00	5.80e-37	1.30e-27	6.74e-19	9.72e-11	5.91e-02	9.12e-01	2.91e-02
 1.33655e+12	0.00e+00	0.00e+00	1.76e-27	8.46e-19	1.13e-10	6.38e-02	9.09e-01	2.69e-02
 1.40101e+12	0.00e+00	1.16e-36	2.27e-27	1.03e-18	1.29e-10	6.81e-02	9.07e-01	2.52e-02
 1.46987e+12	0.00e+00	0.00e+00	2.96e-27	1.25e-18	1.47e-10	7.28e-02	9.04e-01	2.35e-02
 1.55392e+12	0.00e+00	2.40e-36	4.04e-27	1.58e-18	1.72e-10	7.87e-02	9.00e-01	2.16e-02
 1.63827e+12	2.65e-46	3.51e-36	5.49e-27	1.99e-18	2.00e-10	8.48e-02	8.95e-01	2.00e-02
 1.71327e+12	0.00e+00	0.00e+00	7.14e-27	2.43e-18	2.28e-10	9.05e-02	8.91e-01	1.86e-02
 1.79559e+12	0.00e+00	6.92e-36	9.45e-27	2.99e-18	2.62e-10	9.69e-02	8.86e-01	1.72e-02
 1.89393e+12	9.73e-46	1.04e-35	1.31e-26	3.82e-18	3.08e-10	1.05e-01	8.79e-01	1.58e-02
 1.99162e+12	0.00e+00	0.00e+00	1.79e-26	4.82e-18	3.59e-10	1.13e-01	8.73e-01	1.45e-02
 2.08036e+12	0.00e+00	2.17e-35	2.35e-26	5.93e-18	4.11e-10	1.20e-01	8.66e-01	1.34e-02
 2.17894e+12	3.69e-45	3.14e-35	3.17e-26	7.41e-18	4.76e-10	1.29e-01	8.59e-01	1.23e-02
 2.28917e+12	0.00e+00	0.00e+00	4.38e-26	9.43e-18	5.58e-10	1.39e-01	8.50e-01	1.12e-02
 2.39348e+12	0.00e+00	6.82e-35	5.89e-26	1.18e-17	6.45e-10	1.49e-01	8.41e-01	1.03e-02
 2.50711e+12	1.51e-44	1.01e-34	8.06e-26	1.49e-17	7.51e-10	1.60e-01	8.31e-01	9.38e-03
 2.63343e+12	0.00e+00	0.00e+00	1.13e-25	1.92e-17	8.86e-10	1.73e-01	8.19e-01	8.48e-03
 2.75347e+12	0.00e+00	2.27e-34	1.54e-25	2.42e-17	1.03e-09	1.85e-01	8.07e-01	7.72e-03
 2.88221e+12	6.52e-44	3.41e-34	2.13e-25	3.07e-17	1.20e-09	1.98e-01	7.95e-01	6.99e-03
 3.02742e+12	0.00e+00	5.29e-34	3.02e-25	3.99e-17	1.42e-09	2.14e-01	7.80e-01	6.26e-03
 3.17064e+12	1.83e-43	8.03e-34	4.22e-25	5.12e-17	1.67e-09	2.30e-01	7.65e-01	5.62e-03
 3.29231e+12	0.00e+00	1.13e-33	5.55e-25	6.28e-17	1.91e-09	2.43e-01	7.52e-01	5.14e-03
 3.39546e+12	3.91e-43	1.50e-33	6.95e-25	7.43e-17	2.12e-09	2.55e-01	7.41e-01	4.77e-03
 3.51199e+12	0.00e+00	2.05e-33	8.90e-25	8.93e-17	2.39e-09	2.68e-01	7.28e-01	4.39e-03
 3.66347e+12	9.11e-43	3.03e-33	1.22e-24	1.13e-16	2.77e-09	2.85e-01	7.11e-01	3.95e-03
 3.82491e+12	0.00e+00	4.51e-33	1.67e-24	1.43e-16	3.22e-09	3.03e-01	6.93e-01	3.53e-03
 3.95890e+12	2.18e-42	6.21e-33	2.16e-24	1.72e-16	3.63e-09	3.18e-01	6.78e-01	3.22e-03
 4.07428e+12	0.00e+00	8.11e-33	2.67e-24	2.02e-16	4.01e-09	3.32e-01	6.65e-01	2.98e-03
 4.20588e+12	4.29e-42	1.09e-32	3.37e-24	2.40e-16	4.48e-09	3.46e-01	6.51e-01	2.74e-03
 4.37695e+12	0.00e+00	1.58e-32	4.53e-24	2.99e-16	5.14e-09	3.65e-01	6.32e-01	2.45e-03
 4.55480e+12	1.05e-41	2.28e-32	6.07e-24	3.71e-16	5.89e-09	3.85e-01	6.13e-01	2.19e-03
 4.70437e+12	0.00e+00	3.07e-32	7.70e-24	4.42e-16	6.57e-09	4.01e-01	5.97e-01	1.99e-03
 4.86173e+12	2.18e-41	4.16e-32	9.80e-24	5.28e-16	7.34e-09	4.18e-01	5.80e-01	1.81e-03
 5.06465e+12	0.00e+00	6.06e-32	1.32e-23	6.58e-16	8.41e-09	4.39e-01	5.59e-01	1.60e-03
 5.27351e+12	5.37e-41	8.77e-32	1.77e-23	8.17e-16	9.61e-09	4.60e-01	5.38e-01	1.42e-03
 5.44913e+12	0.00e+00	1.18e-31	2.24e-23	9.73e-16	1.07e-08	4.78e-01	5.21e-01	1.28e-03
 5.63479e+12	1.12e-40	1.60e-31	2.85e-23	1.16e-15	1.19e-08	4.96e-01	5.03e-01	1.15e-03
 5.86949e+12	0.00e+00	2.31e-31	3.82e-23	1.44e-15	1.36e-08	5.17e-01	4.82e-01	1.01e-03
 6.11194e+12	2.72e-40	3.33e-31	5.10e-23	1.78e-15	1.54e-08	5.39e-01	4.60e-01	8.90e-04
 6.32485e+12	0.00e+00	4.52e-31	6.50e-23	2.12e-15	1.72e-08	5.57e-01	4.42e-01	7.96e-04
 6.55534e+12	5.81e-40	6.22e-31	8.36e-23	2.55e-15	1.92e-08	5.76e-01	4.24e-01	7.07e-04
 6.81272e+12	0.00e+00	8.75e-31	1.09e-22	3.10e-15	2.16e-08	5.96e-01	4.04e-01	6.21e-04
 7.06530e+12	1.30e-39	1.21e-30	1.41e-22	3.73e-15	2.41e-08	6.14e-01	3.85e-01	5.48e-04
 7.31228e+12	0.00e+00	1.63e-30	1.79e-22	4.43e-15	2.67e-08	6.32e-01	3.68e-01	4.87e-04
 7.59177e+12	2.80e-39	2.26e-30	2.32e-22	5.35e-15	2.98e-08	6.50e-01	3.49e-01	4.27e-04
 7.88433e+12	0.00e+00	3.15e-30	3.00e-22	6.45e-15	3.33e-08	6.69e-01	3.31e-01	3.73e-04
 8.13358e+12	5.81e-39	4.12e-30	3.71e-22	7.52e-15	3.64e-08	6.83e-01	3.16e-01	3.34e-04
 8.35318e+12	0.00e+00	5.19e-30	4.45e-22	8.58e-15	3.92e-08	6.96e-01	3.04e-01	3.03e-04
 8.59453e+12	1.04e-38	6.63e-30	5.39e-22	9.86e-15	4.25e-08	7.09e-01	2.91e-01	2.73e-04
 8.90828e+12	0.00e+00	9.01e-30	6.87e-22	1.17e-14	4.70e-08	7.24e-01	2.75e-01	2.39e-04
 9.23093e+12	2.19e-38	1.22e-29	8.72e-22	1.39e-14	5.20e-08	7.40e-01	2.60e-01	2.09e-04
 9.49859e+12	0.00e+00	1.56e-29	1.05e-21	1.60e-14	5.61e-08	7.51e-01	2.49e-01	1.88e-04
 9.78000e+12	3.98e-38	2.00e-29	1.28e-21	1.84e-14	6.09e-08	7.63e-01	2.37e-01	1.68e-04
 1.01458e+13	0.00e+00	2.72e-29	1.64e-21	2.19e-14	6.73e-08	7.77e-01	2.23e-01	1.46e-04
 1.05309e+13	8.53e-38	3.73e-29	2.09e-21	2.62e-14	7.44e-08	7.91e-01	2.09e-01	1.26e-04
 1.08637e+13	0.00e+00	4.83e-29	2.57e-21	3.03e-14	8.07e-08	8.02e-01	1.98e-01	1.12e-04
 1.12192e+13	1.63e-37	6.33e-29	3.17e-21	3.53e-14	8.80e-08	8.13e-01	1.87e-01	9.85e-05
 1.16635e+13	0.00e+00	8.75e-29	4.09e-21	4.23e-14	9.75e-08	8.26e-01	1.74e-01	8.44e-05
 1.21226e+13	3.58e-37	1.21e-28	5.27e-21	5.07e-14	1.08e-07	8.38e-01	1.62e-01	7.22e-05
 1.25357e+13	0.00e+00	1.59e-28	6.55e-21	5.93e-14	1.18e-07	8.48e-01	1.52e-01	6.30e-05
 1.29895e+13	7.16e-37	2.13e-28	8.22e-21	6.98e-14	1.29e-07	8.57e-01	1.43e-01	5.45e-05
 1.35259e+13	0.00e+00	2.97e-28	1.07e-20	8.44e-14	1.43e-07	8.68e-01	1.32e-01	4.60e-05
 1.40649e+13	1.59e-36	4.09e-28	1.38e-20	1.01e-13	1.58e-07	8.78e-01	1.22e-01	3.91e-05
 1.45493e+13	0.00e+00	5.39e-28	1.71e-20	1.18e-13	1.73e-07	8.86e-01	1.14e-01	3.39e-05
 1.50672e+13	3.13e-36	7.16e-28	2.14e-20	1.39e-13	1.89e-07	8.94e-01	1.06e-01	2.92e-05
 1.56511e+13	0.00e+00	9.73e-28	2.72e-20	1.65e-13	2.08e-07	9.01e-01	9.85e-02	2.48e-05
 1.62079e+13	6.39e-36	1.29e-27	3.40e-20	1.94e-13	2.27e-07	9.08e-01	9.17e-02	2.14e-05
 1.66779e+13	0.00e+00	1.62e-27	4.07e-20	2.21e-13	2.44e-07	9.14e-01	8.64e-02	1.89e-05
 1.70810e+13	1.06e-35	1.96e-27	4.73e-20	2.46e-13	2.58e-07	9.18e-01	8.23e-02	1.70e-05
 1.75380e+13	0.00e+00	2.42e-27	5.58e-20	2.78e-13	2.76e-07	9.22e-01	7.78e-02	1.52e-05
 1.81321e+13	1.89e-35	3.15e-27	6.88e-20	3.23e-13	3.00e-07	9.27e-01	7.25e-02	1.31e-05
 1.87535e+13	0.00e+00	4.10e-27	8.49e-20	3.76e-13	3.26e-07	9.33e-01	6.75e-02	1.13e-05
 1.92809e+13	3.38e-35	5.10e-27	1.01e-19	4.26e-13	3.50e-07	9.36e-01	6.36e-02	1.00e-05
 1.98370e+13	0.00e+00	6.37e-27	1.20e-19	4.84e-13	3.75e-07	9.40e-01	5.99e-02	8.83e-06
 2.05600e+13	6.20e-35	8.42e-27	1.50e-19	5.69e-13	4.09e-07	9.45e-01	5.54e-02	7.54e-06
 2.13109e+13	0.00e+00	1.11e-26	1.87e-19	6.68e-13	4.47e-07	9.49e-01	5.13e-02	6.42e-06
 2.19427e+13	1.14e-34	1.39e-26	2.24e-19	7.60e-13	4.80e-07	9.52e-01	4.81e-02	5.64e-06
 2.26087e+13	0.00e+00	1.75e-26	2.68e-19	8.67e-13	5.16e-07	9.55e-01	4.51e-02	4.95e-06
 2.34597e+13	2.12e-34	2.33e-26	3.36e-19	1.02e-12	5.63e-07	9.58e-01	4.16e-02	4.20e-06
 2.43531e+13	2.99e-34	3.09e-26	4.21e-19	1.20e-12	6.16e-07	9.62e-01	3.84e-02	3.56e-06
 2.51443e+13	4.02e-34	3.94e-26	5.11e-19	1.38e-12	6.65e-07	9.64e-01	3.58e-02	3.09e-06
 2.60011e+13	5.48e-34	5.09e-26	6.25e-19	1.60e-12	7.19e-07	9.67e-01	3.33e-02	2.67e-06
 2.70300e+13	7.83e-34	6.83e-26	7.88e-19	1.89e-12	7.87e-07	9.69e-01	3.06e-02	2.25e-06
 2.80849e+13	1.11e-33	9.13e-26	9.90e-19	2.23e-12	8.60e-07	9.72e-01	2.82e-02	1.90e-06
 2.89845e+13	1.49e-33	1.16e-25	1.19e-18	2.55e-12	9.25e-07	9.74e-01	2.64e-02	1.66e-06
 2.97505e+13	1.89e-33	1.41e-25	1.39e-18	2.84e-12	9.81e-07	9.75e-01	2.49e-02	1.49e-06
 3.06168e+13	2.47e-33	1.76e-25	1.65e-18	3.21e-12	1.05e-06	9.77e-01	2.35e-02	1.31e-06
 3.17429e+13	3.45e-33	2.31e-25	2.05e-18	3.73e-12	1.13e-06	9.78e-01	2.17e-02	1.13e-06
 3.29396e+13	4.86e-33	3.06e-25	2.55e-18	4.36e-12	1.23e-06	9.80e-01	2.01e-02	9.60e-07
 3.39762e+13	6.48e-33	3.87e-25	3.06e-18	4.96e-12	1.32e-06	9.81e-01	1.88e-02	0.00e+00
 3.49081e+13	8.34e-33	4.75e-25	3.59e-18	5.55e-12	1.40e-06	9.82e-01	1.78e-02	0.00e+00
 3.59556e+13	1.10e-32	5.95e-25	4.28e-18	6.27e-12	1.49e-06	9.83e-01	1.67e-02	0.00e+00
 3.72936e+13	1.55e-32	7.86e-25	5.31e-18	7.29e-12	1.62e-06	9.84e-01	1.55e-02	0.00e+00
 3.86709e+13	2.18e-32	1.04e-24	6.57e-18	8.46e-12	1.75e-06	9.86e-01	1.44e-02	0.00e+00
 3.98561e+13	2.89e-32	1.31e-24	7.85e-18	9.57e-12	1.87e-06	9.86e-01	1.35e-02	0.00e+00
 4.11300e+13	3.90e-32	1.66e-24	9.45e-18	1.09e-11	1.99e-06	9.87e-01	1.27e-02	0.00e+00
 4.27019e+13	5.56e-32	2.22e-24	1.18e-17	1.27e-11	2.16e-06	9.88e-01	1.17e-02	0.00e+00
 4.43181e+13	7.90e-32	2.95e-24	1.47e-17	1.48e-11	2.34e-06	9.89e-01	1.09e-02	0.00e+00
 4.57828e+13	1.08e-31	3.79e-24	1.78e-17	1.68e-11	2.50e-06	9.90e-01	1.02e-02	0.00e+00
 4.73937e+13	1.50e-31	4.95e-24	2.18e-17	1.94e-11	2.69e-06	9.91e-01	9.47e-03	0.00e+00
 4.92853e+13	2.18e-31	6.70e-24	2.75e-17	2.27e-11	2.92e-06	9.91e-01	8.74e-03	0.00e+00
 5.11476e+13	3.11e-31	8.92e-24	3.42e-17	2.64e-11	3.15e-06	9.92e-01	8.10e-03	0.00e+00
 5.27926e+13	4.21e-31	1.14e-23	4.12e-17	3.00e-11	3.37e-06	9.92e-01	7.60e-03	0.00e+00
 5.45491e+13	5.76e-31	1.47e-23	5.00e-17	3.42e-11	3.60e-06	9.93e-01	7.11e-03	0.00e+00
 5.66677e+13	8.30e-31	1.97e-23	6.27e-17	3.99e-11	3.90e-06	9.93e-01	6.58e-03	0.00e+00
 5.87719e+13	1.18e-30	2.62e-23	7.77e-17	4.62e-11	4.21e-06	9.94e-01	6.11e-03	0.00e+00
 6.05471e+13	1.57e-30	3.30e-23	9.27e-17	5.21e-11	4.47e-06	9.94e-01	5.75e-03	0.00e+00
 6.20633e+13	1.99e-30	4.00e-23	1.07e-16	5.75e-11	4.71e-06	9.95e-01	5.47e-03	0.00e+00
 6.37178e+13	2.57e-30	4.90e-23	1.25e-16	6.40e-11	4.97e-06	9.95e-01	5.18e-03	0.00e+00
 6.58686e+13	3.53e-30	6.34e-23	1.53e-16	7.32e-11	5.33e-06	9.95e-01	4.84e-03	0.00e+00
 6.80864e+13	4.85e-30	8.20e-23	1.86e-16	8.36e-11	5.70e-06	9.95e-01	4.53e-03	0.00e+00
 6.99338e+13	6.28e-30	1.01e-22	2.17e-16	9.31e-11	6.03e-06	9.96e-01	4.29e-03	0.00e+00
 7.18777e+13	8.18e-30	1.25e-22	2.56e-16	1.04e-10	6.38e-06	9.96e-01	4.05e-03	0.00e+00
 7.44049e+13	1.14e-29	1.63e-22	3.14e-16	1.20e-10	6.85e-06	9.96e-01	3.77e-03	0.00e+00
 7.70304e+13	1.59e-29	2.14e-22	3.85e-16	1.38e-10	7.36e-06	9.96e-01	3.50e-03	0.00e+00
 7.92507e+13	2.09e-29	2.67e-22	4.55e-16	1.54e-10	7.81e-06	9.97e-01	3.30e-03	0.00e+00
 8.16039e+13	2.77e-29	3.34e-22	5.42e-16	1.74e-10	8.29e-06	9.97e-01	3.11e-03	0.00e+00
 8.46076e+13	3.91e-29	4.42e-22	6.71e-16	2.01e-10	8.94e-06	9.97e-01	2.89e-03	0.00e+00
 8.77215e+13	5.54e-29	5.86e-22	8.30e-16	2.33e-10	9.64e-06	9.97e-01	2.68e-03	0.00e+00
 9.04331e+13	7.43e-29	7.42e-22	9.95e-16	2.63e-10	1.03e-05	9.97e-01	2.52e-03	0.00e+00
 9.33571e+13	1.01e-28	9.50e-22	1.20e-15	2.99e-10	1.10e-05	9.98e-01	2.36e-03	0.00e+00
 9.69249e+13	1.45e-28	1.27e-21	1.50e-15	3.48e-10	1.19e-05	9.98e-01	2.18e-03	0.00e+00
 1.00490e+14	2.05e-28	1.68e-21	1.86e-15	4.03e-10	1.28e-05	9.98e-01	2.03e-03	0.00e+00
 1.03635e+14	2.76e-28	2.14e-21	2.23e-15	4.56e-10	1.36e-05	9.98e-01	1.90e-03	0.00e+00
 1.07076e+14	3.77e-28	2.75e-21	2.70e-15	5.21e-10	1.46e-05	9.98e-01	1.78e-03	0.00e+00
 1.11215e+14	5.42e-28	3.69e-21	3.38e-15	6.07e-10	1.58e-05	9.98e-01	1.64e-03	0.00e+00
 1.15342e+14	7.70e-28	4.90e-21	4.20e-15	7.03e-10	1.70e-05	9.98e-01	1.53e-03	0.00e+00
 1.19073e+14	1.05e-27	6.28e-21	5.07e-15	7.99e-10	1.82e-05	9.99e-01	1.43e-03	0.00e+00
 1.23213e+14	1.45e-27	8.19e-21	6.20e-15	9.18e-10	1.95e-05	9.99e-01	1.33e-03	0.00e+00
 1.28079e+14	2.11e-27	1.11e-20	7.80e-15	1.07e-09	2.11e-05	9.99e-01	1.23e-03	0.00e+00
 1.32882e+14	3.01e-27	1.47e-20	9.70e-15	1.24e-09	2.28e-05	9.99e-01	1.14e-03	0.00e+00
 1.37373e+14	4.16e-27	1.91e-20	1.18e-14	1.42e-09	2.44e-05	9.99e-01	1.07e-03	0.00e+00
 1.42395e+14	5.88e-27	2.53e-20	1.46e-14	1.64e-09	2.63e-05	9.99e-01	9.90e-04	0.00e+00
 1.47594e+14	8.32e-27	3.34e-20	1.81e-14	1.90e-09	2.83e-05	9.99e-01	9.20e-04	0.00e+00
 1.51701e+14	1.09e-26	4.14e-20	2.13e-14	2.12e-09	2.99e-05	9.99e-01	8.70e-04	0.00e+00
 1.55102e+14	1.35e-26	4.93e-20	2.43e-14	2.32e-09	3.13e-05	9.99e-01	8.31e-04	0.00e+00
 1.58978e+14	1.72e-26	5.98e-20	2.81e-14	2.56e-09	3.29e-05	9.99e-01	7.90e-04	0.00e+00
 1.64017e+14	2.32e-26	7.63e-20	3.38e-14	2.90e-09	3.51e-05	9.99e-01	7.42e-04	0.00e+00
 1.69383e+14	3.19e-26	9.84e-20	4.10e-14	3.30e-09	3.75e-05	9.99e-01	6.95e-04	0.00e+00
 1.74093e+14	4.17e-26	1.22e-19	4.82e-14	3.69e-09	3.96e-05	9.99e-01	6.57e-04	0.00e+00
 1.79135e+14	5.52e-26	1.53e-19	5.72e-14	4.13e-09	4.20e-05	9.99e-01	6.20e-04	0.00e+00
 1.85639e+14	7.83e-26	2.03e-19	7.07e-14	4.77e-09	4.52e-05	9.99e-01	5.77e-04	0.00e+00
 1.92288e+14	1.11e-25	2.68e-19	8.72e-14	5.49e-09	4.85e-05	9.99e-01	5.38e-04	0.00e+00
 1.97830e+14	1.47e-25	3.35e-19	1.03e-13	6.15e-09	5.13e-05	9.99e-01	5.08e-04	0.00e+00
 2.03692e+14	1.96e-25	4.22e-19	1.23e-13	6.91e-09	5.44e-05	9.99e-01	4.79e-04	0.00e+00
 2.11160e+14	2.79e-25	5.61e-19	1.52e-13	7.99e-09	5.85e-05	9.99e-01	4.45e-04	0.00e+00
 2.19010e+14	4.00e-25	7.50e-19	1.90e-13	9.24e-09	6.30e-05	1.00e+00	4.14e-04	0.00e+00
 2.25991e+14	5.47e-25	9.63e-19	2.29e-13	1.05e-08	6.71e-05	1.00e+00	3.88e-04	0.00e+00
 2.33546e+14	7.59e-25	1.25e-18	2.78e-13	1.19e-08	7.16e-05	1.00e+00	3.64e-04	0.00e+00
 2.42588e+14	1.11e-24	1.69e-18	3.50e-13	1.39e-08	7.73e-05	1.00e+00	3.37e-04	0.00e+00
 2.51539e+14	1.59e-24	2.26e-18	4.34e-13	1.61e-08	8.31e-05	1.00e+00	3.14e-04	0.00e+00
 2.59620e+14	2.18e-24	2.91e-18	5.25e-13	1.82e-08	8.85e-05	1.00e+00	2.94e-04	0.00e+00
 2.68596e+14	3.06e-24	3.82e-18	6.43e-13	2.09e-08	9.47e-05	1.00e+00	2.75e-04	0.00e+00
 2.79158e+14	4.50e-24	5.20e-18	8.10e-13	2.43e-08	1.02e-04	1.00e+00	2.55e-04	0.00e+00
 2.89623e+14	6.49e-24	6.98e-18	1.01e-12	2.82e-08	1.10e-04	1.00e+00	2.37e-04	0.00e+00
 2.99436e+14	9.05e-24	9.10e-18	1.23e-12	3.22e-08	1.18e-04	1.00e+00	2.21e-04	0.00e+00
 3.10373e+14	1.29e-23	1.21e-17	1.53e-12	3.71e-08	1.26e-04	1.00e+00	2.06e-04	0.00e+00
 3.21549e+14	1.84e-23	1.61e-17	1.89e-12	4.28e-08	1.36e-04	1.00e+00	1.92e-04	0.00e+00
 3.30329e+14	2.41e-23	1.99e-17	2.22e-12	4.76e-08	1.43e-04	1.00e+00	1.82e-04	0.00e+00
 3.38847e+14	3.10e-23	2.44e-17	2.58e-12	5.27e-08	1.51e-04	1.00e+00	1.73e-04	0.00e+00
 3.49921e+14	4.26e-23	3.15e-17	3.13e-12	6.00e-08	1.61e-04	1.00e+00	1.62e-04	0.00e+00
 3.61492e+14	5.88e-23	4.08e-17	3.80e-12	6.83e-08	1.72e-04	1.00e+00	1.52e-04	0.00e+00
 3.71306e+14	7.67e-23	5.04e-17	4.46e-12	7.60e-08	1.81e-04	1.00e+00	1.44e-04	0.00e+00
 3.81661e+14	1.01e-22	6.27e-17	5.26e-12	8.49e-08	1.92e-04	1.00e+00	1.36e-04	0.00e+00
 3.95122e+14	1.42e-22	8.25e-17	6.47e-12	9.76e-08	2.06e-04	1.00e+00	1.27e-04	0.00e+00
 4.09068e+14	1.99e-22	1.09e-16	7.96e-12	1.12e-07	2.21e-04	1.00e+00	1.18e-04	0.00e+00
 4.20786e+14	2.63e-22	1.36e-16	9.42e-12	1.26e-07	2.34e-04	1.00e+00	1.11e-04	0.00e+00
 4.33163e+14	3.49e-22	1.70e-16	1.12e-11	1.41e-07	2.48e-04	1.00e+00	1.05e-04	0.00e+00
 4.48976e+14	4.96e-22	2.26e-16	1.39e-11	1.63e-07	2.67e-04	1.00e+00	9.75e-05	0.00e+00
 4.65530e+14	7.06e-22	3.00e-16	1.72e-11	1.89e-07	2.87e-04	1.00e+00	9.05e-05	0.00e+00
 4.79976e+14	9.50e-22	3.82e-16	2.06e-11	2.13e-07	3.06e-04	1.00e+00	8.50e-05	0.00e+00
 4.95410e+14	1.29e-21	4.88e-16	2.49e-11	2.43e-07	3.27e-04	1.00e+00	7.96e-05	0.00e+00
 5.14232e+14	1.85e-21	6.54e-16	3.11e-11	2.82e-07	3.53e-04	1.00e+00	7.37e-05	0.00e+00
 5.32998e+14	2.62e-21	8.64e-16	3.85e-11	3.26e-07	3.80e-04	1.00e+00	6.84e-05	0.00e+00
 5.49470e+14	3.51e-21	1.10e-15	4.61e-11	3.69e-07	4.05e-04	1.00e+00	6.42e-05	0.00e+00
 5.67418e+14	4.77e-21	1.40e-15	5.58e-11	4.20e-07	4.33e-04	1.00e+00	6.01e-05	0.00e+00
 5.89128e+14	6.83e-21	1.88e-15	6.97e-11	4.90e-07	4.69e-04	9.99e-01	5.55e-05	0.00e+00
 6.10735e+14	9.64e-21	2.48e-15	8.62e-11	5.67e-07	5.06e-04	9.99e-01	5.15e-05	0.00e+00
 6.29983e+14	1.30e-20	3.16e-15	1.04e-10	6.43e-07	5.40e-04	9.99e-01	4.82e-05	0.00e+00
 6.51157e+14	1.77e-20	4.07e-15	1.26e-10	7.35e-07	5.79e-04	9.99e-01	4.50e-05	0.00e+00
 6.76403e+14	2.54e-20	5.44e-15	1.58e-10	8.59e-07	6.28e-04	9.99e-01	4.15e-05	0.00e+00
 7.01381e+14	3.57e-20	7.19e-15	1.95e-10	9.95e-07	6.78e-04	9.99e-01	3.84e-05	0.00e+00
 7.24101e+14	4.83e-20	9.19e-15	2.36e-10	1.13e-06	7.25e-04	9.99e-01	3.59e-05	0.00e+00
 7.45570e+14	6.35e-20	1.15e-14	2.80e-10	1.28e-06	7.72e-04	9.99e-01	3.37e-05	0.00e+00
 7.65188e+14	8.11e-20	1.40e-14	3.27e-10	1.42e-06	8.16e-04	9.99e-01	3.19e-05	0.00e+00
 7.86272e+14	1.04e-19	1.72e-14	3.83e-10	1.58e-06	8.65e-04	9.99e-01	3.01e-05	0.00e+00
 8.09783e+14	1.38e-19	2.15e-14	4.56e-10	1.79e-06	9.21e-04	9.99e-01	2.83e-05	0.00e+00
 8.31729e+14	1.77e-19	2.64e-14	5.34e-10	1.99e-06	9.75e-04	9.99e-01	2.67e-05	0.00e+00
 8.55540e+14	2.30e-19	3.27e-14	6.30e-10	2.24e-06	1.04e-03	9.99e-01	2.52e-05	0.00e+00
 8.82058e+14	3.05e-19	4.13e-14	7.54e-10	2.53e-06	1.11e-03	9.99e-01	2.36e-05	0.00e+00
 9.06823e+14	3.96e-19	5.10e-14	8.88e-10	2.83e-06	1.17e-03	9.99e-01	2.22e-05	0.00e+00
 9.33741e+14	5.19e-19	6.36e-14	1.05e-09	3.19e-06	1.25e-03	9.99e-01	2.09e-05	0.00e+00
 9.63849e+14	6.97e-19	8.09e-14	1.27e-09	3.63e-06	1.34e-03	9.99e-01	1.95e-05	0.00e+00
 9.92213e+14	9.14e-19	1.01e-13	1.51e-09	4.09e-06	1.42e-03	9.99e-01	1.83e-05	0.00e+00
 1.02320e+15	1.21e-18	1.27e-13	1.80e-09	4.63e-06	1.52e-03	9.98e-01	1.71e-05	0.00e+00
 1.05791e+15	1.65e-18	1.64e-13	2.20e-09	5.31e-06	1.63e-03	9.98e-01	1.59e-05	0.00e+00
 1.09082e+15	2.20e-18	2.07e-13	2.63e-09	6.01e-06	1.74e-03	9.98e-01	1.49e-05	0.00e+00
 1.12693e+15	2.96e-18	2.64e-13	3.18e-09	6.86e-06	1.87e-03	9.98e-01	1.39e-05	0.00e+00
 1.16759e+15	4.11e-18	3.45e-13	3.92e-09	7.93e-06	2.02e-03	9.98e-01	1.29e-05	0.00e+00
 1.20631e+15	5.55e-18	4.41e-13	4.74e-09	9.05e-06	2.17e-03	9.98e-01	1.20e-05	0.00e+00
 1.24878e+15	7.62e-18	5.72e-13	5.81e-09	1.04e-05	2.34e-03	9.98e-01	1.11e-05	0.00e+00
 1.29613e+15	1.07e-17	7.57e-13	7.22e-09	1.21e-05	2.53e-03	9.97e-01	1.03e-05	0.00e+00
 1.34026e+15	1.46e-17	9.74e-13	8.79e-09	1.39e-05	2.72e-03	9.97e-01	9.56e-06	0.00e+00
 1.38805e+15	2.01e-17	1.27e-12	1.08e-08	1.60e-05	2.94e-03	9.97e-01	8.86e-06	0.00e+00
 1.44187e+15	2.83e-17	1.68e-12	1.35e-08	1.87e-05	3.19e-03	9.97e-01	8.15e-06	0.00e+00
 1.49287e+15	3.88e-17	2.18e-12	1.65e-08	2.16e-05	3.44e-03	9.97e-01	7.55e-06	0.00e+00
 1.53403e+15	4.97e-17	2.67e-12	1.94e-08	2.41e-05	3.65e-03	9.96e-01	7.11e-06	0.00e+00
 1.56660e+15	6.00e-17	3.12e-12	2.19e-08	2.63e-05	3.83e-03	9.96e-01	6.79e-06	0.00e+00
 1.60251e+15	7.36e-17	3.69e-12	2.50e-08	2.88e-05	4.02e-03	9.96e-01	6.46e-06	0.00e+00
 1.64918e+15	9.50e-17	4.57e-12	2.96e-08	3.24e-05	4.29e-03	9.96e-01	6.06e-06	0.00e+00
 1.69923e+15	1.24e-16	5.70e-12	3.53e-08	3.66e-05	4.58e-03	9.95e-01	5.67e-06	0.00e+00
 1.74343e+15	2.79e-16	6.87e-12	4.09e-08	4.06e-05	4.85e-03	9.95e-01	5.35e-06	0.00e+00
 1.79064e+15	2.42e-16	8.36e-12	4.78e-08	4.53e-05	5.15e-03	9.95e-01	5.04e-06	0.00e+00
 1.85202e+15	3.26e-16	1.07e-11	5.83e-08	5.21e-05	5.55e-03	9.94e-01	4.67e-06	0.00e+00
 1.91422e+15	4.35e-16	1.36e-11	7.06e-08	5.97e-05	5.98e-03	9.94e-01	4.34e-06	0.00e+00
 1.96434e+15	5.45e-16	1.64e-11	8.21e-08	6.63e-05	6.34e-03	9.94e-01	4.09e-06	0.00e+00
 2.01635e+15	6.84e-16	1.98e-11	9.56e-08	7.38e-05	6.73e-03	9.93e-01	3.85e-06	0.00e+00
 2.08397e+15	9.08e-16	2.51e-11	1.16e-07	8.45e-05	7.26e-03	9.93e-01	3.57e-06	0.00e+00
 2.15570e+15	1.21e-15	3.20e-11	1.41e-07	9.71e-05	7.85e-03	9.92e-01	3.30e-06	0.00e+00
 2.21826e+15	1.54e-15	3.92e-11	1.66e-07	1.09e-04	8.38e-03	9.92e-01	3.09e-06	0.00e+00
 2.28507e+15	1.98e-15	4.84e-11	1.98e-07	1.23e-04	8.98e-03	9.91e-01	2.95e-06	0.00e+00
 2.36930e+15	2.68e-15	6.27e-11	2.44e-07	1.43e-04	9.77e-03	9.90e-01	2.80e-06	0.00e+00
 2.45635e+15	3.61e-15	8.09e-11	3.01e-07	1.66e-04	1.06e-02	9.89e-01	2.64e-06	0.00e+00
 2.53283e+15	4.65e-15	1.00e-10	3.60e-07	1.88e-04	1.14e-02	9.88e-01	2.52e-06	0.00e+00
 2.61541e+15	6.09e-15	1.26e-10	4.34e-07	2.15e-04	1.23e-02	9.87e-01	2.40e-06	0.00e+00
 2.71534e+15	8.20e-15	1.64e-10	5.40e-07	2.51e-04	1.35e-02	9.86e-01	2.27e-06	0.00e+00
 2.81513e+15	1.10e-14	2.11e-10	6.67e-07	2.91e-04	1.47e-02	9.85e-01	2.16e-06	0.00e+00
 2.90437e+15	1.40e-14	2.62e-10	8.01e-07	3.31e-04	1.58e-02	9.84e-01	2.08e-06	0.00e+00
 2.98060e+15	1.72e-14	3.14e-10	9.32e-07	3.68e-04	1.68e-02	9.83e-01	2.01e-06	0.00e+00
 3.04646e+15	2.05e-14	3.66e-10	1.06e-06	4.02e-04	1.77e-02	9.82e-01	1.96e-06	0.00e+00
 3.12082e+15	2.48e-14	4.33e-10	1.22e-06	4.44e-04	1.87e-02	9.81e-01	1.90e-06	0.00e+00
 3.21750e+15	3.17e-14	5.37e-10	1.46e-06	5.04e-04	2.02e-02	9.79e-01	1.84e-06	0.00e+00
 3.31648e+15	4.02e-14	6.64e-10	1.75e-06	5.70e-04	2.17e-02	9.78e-01	1.79e-06	0.00e+00
 3.39726e+15	4.84e-14	7.84e-10	2.02e-06	6.29e-04	2.30e-02	9.76e-01	1.75e-06	0.00e+00
 3.48105e+15	5.88e-14	9.32e-10	2.33e-06	6.96e-04	2.43e-02	9.75e-01	1.72e-06	0.00e+00
 3.58998e+15	7.53e-14	1.16e-09	2.81e-06	7.90e-04	2.62e-02	9.73e-01	1.68e-06	0.00e+00
 3.70299e+15	9.60e-14	1.44e-09	3.38e-06	8.97e-04	2.82e-02	9.71e-01	1.65e-06	0.00e+00
 3.79771e+15	1.17e-13	1.72e-09	3.93e-06	9.95e-04	3.00e-02	9.69e-01	1.62e-06	0.00e+00
 3.89727e+15	1.44e-13	2.07e-09	4.59e-06	1.11e-03	3.19e-02	9.67e-01	1.60e-06	0.00e+00
 4.02670e+15	1.87e-13	2.62e-09	5.60e-06	1.27e-03	3.45e-02	9.64e-01	1.58e-06	0.00e+00
 4.16090e+15	2.42e-13	3.30e-09	6.83e-06	1.45e-03	3.73e-02	9.61e-01	1.57e-06	0.00e+00
 4.27398e+15	2.99e-13	4.00e-09	8.04e-06	1.62e-03	3.97e-02	9.59e-01	1.56e-06	0.00e+00
 4.39370e+15	3.74e-13	4.88e-09	9.52e-06	1.81e-03	4.24e-02	9.56e-01	1.55e-06	0.00e+00
 4.54932e+15	4.96e-13	6.28e-09	1.18e-05	2.09e-03	4.61e-02	9.52e-01	1.55e-06	0.00e+00
 4.71305e+15	6.56e-13	8.09e-09	1.46e-05	2.42e-03	5.01e-02	9.47e-01	1.55e-06	0.00e+00
 4.85435e+15	8.30e-13	1.00e-08	1.75e-05	2.73e-03	5.37e-02	9.44e-01	1.55e-06	0.00e+00
 5.00508e+15	1.07e-12	1.25e-08	2.12e-05	3.10e-03	5.77e-02	9.39e-01	1.55e-06	0.00e+00
 5.19210e+15	1.44e-12	1.64e-08	2.66e-05	3.61e-03	6.29e-02	9.33e-01	1.56e-06	0.00e+00
 5.38235e+15	1.92e-12	2.12e-08	3.32e-05	4.18e-03	6.83e-02	9.27e-01	1.57e-06	0.00e+00
 5.52700e+15	2.37e-12	2.57e-08	3.90e-05	4.66e-03	7.26e-02	9.23e-01	1.57e-06	0.00e+00
 5.63474e+15	2.79e-12	2.96e-08	4.40e-05	5.04e-03	7.59e-02	9.19e-01	1.58e-06	0.00e+00
 5.75319e+15	3.33e-12	3.46e-08	5.01e-05	5.50e-03	7.96e-02	9.15e-01	1.59e-06	0.00e+00
 5.90719e+15	4.17e-12	4.22e-08	5.91e-05	6.13e-03	8.46e-02	9.09e-01	1.59e-06	0.00e+00
 6.07547e+15	5.30e-12	5.22e-08	7.05e-05	6.89e-03	9.02e-02	9.03e-01	1.61e-06	0.00e+00
 6.22664e+15	6.51e-12	6.26e-08	8.21e-05	7.61e-03	9.53e-02	8.97e-01	1.61e-06	1.63e-12
 6.38745e+15	8.13e-12	7.61e-08	9.64e-05	8.46e-03	1.01e-01	8.90e-01	1.62e-06	0.00e+00
 6.59651e+15	1.08e-11	9.74e-08	1.18e-04	9.67e-03	1.09e-01	8.82e-01	1.64e-06	0.00e+00
 6.80573e+15	1.40e-11	1.23e-07	1.44e-04	1.10e-02	1.16e-01	8.72e-01	1.66e-06	1.85e-12
 6.96953e+15	1.72e-11	1.47e-07	1.67e-04	1.21e-02	1.23e-01	8.65e-01	1.67e-06	0.00e+00
 7.13683e+15	2.12e-11	1.76e-07	1.94e-04	1.34e-02	1.29e-01	8.57e-01	1.68e-06	0.00e+00
 7.35433e+15	2.77e-11	2.22e-07	2.34e-04	1.51e-02	1.38e-01	8.47e-01	1.68e-06	0.00e+00
 7.58418e+15	3.62e-11	2.81e-07	2.84e-04	1.71e-02	1.47e-01	8.35e-01	1.70e-06	0.00e+00
 7.78302e+15	4.52e-11	3.42e-07	3.34e-04	1.90e-02	1.56e-01	8.25e-01	1.70e-06	0.00e+00
 7.99444e+15	5.77e-11	4.21e-07	3.96e-04	2.13e-02	1.65e-01	8.14e-01	1.70e-06	0.00e+00
 8.26929e+15	7.85e-11	5.50e-07	4.92e-04	2.44e-02	1.77e-01	7.98e-01	1.71e-06	0.00e+00
 8.54584e+15	1.04e-10	7.03e-07	6.03e-04	2.79e-02	1.89e-01	7.83e-01	1.70e-06	0.00e+00
 8.77046e+15	1.30e-10	8.57e-07	7.10e-04	3.10e-02	1.99e-01	7.69e-01	1.72e-06	0.00e+00
 9.00831e+15	1.67e-10	1.06e-06	8.43e-04	3.45e-02	2.10e-01	7.55e-01	1.71e-06	0.00e+00
 9.31751e+15	2.28e-10	1.38e-06	1.05e-03	3.96e-02	2.24e-01	7.35e-01	1.69e-06	0.00e+00
 9.59572e+15	2.90e-10	1.71e-06	1.25e-03	4.44e-02	2.36e-01	7.18e-01	1.68e-06	0.00e+00
 9.78321e+15	3.44e-10	1.98e-06	1.41e-03	4.80e-02	2.45e-01	7.06e-01	1.68e-06	0.00e+00
 9.97649e+15	4.13e-10	2.32e-06	1.60e-03	5.20e-02	2.54e-01	6.92e-01	1.67e-06	0.00e+00
 1.02278e+16	5.21e-10	2.83e-06	1.89e-03	5.75e-02	2.66e-01	6.75e-01	1.66e-06	0.00e+00
 1.04865e+16	6.47e-10	3.42e-06	2.21e-03	6.34e-02	2.77e-01	6.57e-01	1.63e-06	0.00e+00
 1.07171e+16	7.88e-10	4.05e-06	2.53e-03	6.91e-02	2.88e-01	6.41e-01	1.62e-06	0.00e+00
 1.09791e+16	9.90e-10	4.92e-06	2.96e-03	7.61e-02	2.99e-01	6.21e-01	1.58e-06	0.00e+00
 1.12563e+16	1.24e-09	5.97e-06	3.48e-03	8.39e-02	3.12e-01	6.01e-01	1.56e-06	0.00e+00
 1.15109e+16	1.52e-09	7.11e-06	4.01e-03	9.16e-02	3.22e-01	5.82e-01	1.53e-06	0.00e+00
 1.17993e+16	1.93e-09	8.72e-06	4.73e-03	1.01e-01	3.34e-01	5.60e-01	1.51e-06	0.00e+00
 1.21024e+16	2.42e-09	1.06e-05	5.56e-03	1.11e-01	3.46e-01	5.37e-01	1.46e-06	0.00e+00
 1.23723e+16	2.96e-09	1.26e-05	6.42e-03	1.21e-01	3.56e-01	5.16e-01	1.42e-06	0.00e+00
 1.26711e+16	3.75e-09	1.54e-05	7.54e-03	1.33e-01	3.67e-01	4.93e-01	1.38e-06	0.00e+00
 1.29939e+16	4.77e-09	1.89e-05	8.92e-03	1.47e-01	3.77e-01	4.67e-01	1.35e-06	0.00e+00
 1.32796e+16	5.85e-09	2.25e-05	1.03e-02	1.59e-01	3.86e-01	4.45e-01	1.30e-06	0.00e+00
 1.35826e+16	7.36e-09	2.74e-05	1.20e-02	1.74e-01	3.94e-01	4.21e-01	1.25e-06	0.00e+00
 1.39106e+16	9.35e-09	3.36e-05	1.42e-02	1.90e-01	4.02e-01	3.94e-01	1.21e-06	0.00e+00
 1.42022e+16	1.15e-08	4.00e-05	1.64e-02	2.05e-01	4.07e-01	3.72e-01	1.16e-06	0.00e+00
 1.44657e+16	1.39e-08	4.69e-05	1.86e-02	2.19e-01	4.11e-01	3.51e-01	1.12e-06	0.00e+00
 1.47618e+16	1.73e-08	5.64e-05	2.16e-02	2.37e-01	4.14e-01	3.28e-01	1.07e-06	0.00e+00
 1.50685e+16	2.17e-08	6.81e-05	2.51e-02	2.55e-01	4.16e-01	3.04e-01	1.03e-06	0.00e+00
 1.53200e+16	2.59e-08	7.91e-05	2.83e-02	2.71e-01	4.16e-01	2.85e-01	9.90e-07	0.00e+00
 1.55780e+16	3.15e-08	9.30e-05	3.22e-02	2.87e-01	4.15e-01	2.65e-01	0.00e+00	0.00e+00
 1.58605e+16	3.94e-08	1.12e-04	3.71e-02	3.07e-01	4.13e-01	2.43e-01	0.00e+00	0.00e+00
 1.61036e+16	4.70e-08	1.29e-04	4.17e-02	3.23e-01	4.09e-01	2.26e-01	0.00e+00	0.00e+00
 1.63117e+16	5.54e-08	1.48e-04	4.63e-02	3.38e-01	4.05e-01	2.11e-01	0.00e+00	0.00e+00
 1.65457e+16	6.67e-08	1.72e-04	5.21e-02	3.55e-01	3.99e-01	1.94e-01	0.00e+00	0.00e+00
 1.67995e+16	8.28e-08	2.05e-04	5.94e-02	3.73e-01	3.91e-01	1.76e-01	0.00e+00	0.00e+00
 1.70187e+16	9.89e-08	2.37e-04	6.63e-02	3.89e-01	3.83e-01	1.61e-01	0.00e+00	0.00e+00
 1.72091e+16	1.15e-07	2.68e-04	7.30e-02	4.03e-01	3.74e-01	1.49e-01	0.00e+00	0.00e+00
 1.74224e+16	1.40e-07	3.13e-04	8.19e-02	4.19e-01	3.64e-01	1.35e-01	0.00e+00	0.00e+00
 1.76490e+16	1.75e-07	3.73e-04	9.27e-02	4.36e-01	3.51e-01	1.20e-01	0.00e+00	0.00e+00
 1.78370e+16	2.06e-07	4.25e-04	1.02e-01	4.50e-01	3.39e-01	1.09e-01	0.00e+00	0.00e+00
 1.80008e+16	2.38e-07	4.78e-04	1.12e-01	4.61e-01	3.28e-01	9.90e-02	0.00e+00	0.00e+00
 1.81888e+16	2.77e-07	5.42e-04	1.23e-01	4.74e-01	3.14e-01	8.85e-02	0.00e+00	0.00e+00
 1.83929e+16	3.37e-07	6.33e-04	1.38e-01	4.87e-01	2.97e-01	7.74e-02	0.00e+00	0.00e+00
 1.85678e+16	4.25e-07	7.53e-04	1.53e-01	4.97e-01	2.82e-01	6.74e-02	0.00e+00	0.00e+00
 1.87059e+16	4.96e-07	8.48e-04	1.66e-01	5.05e-01	2.68e-01	6.03e-02	0.00e+00	0.00e+00
 1.88463e+16	5.63e-07	9.39e-04	1.79e-01	5.12e-01	2.55e-01	5.36e-02	0.00e+00	0.00e+00
 1.90288e+16	6.85e-07	1.09e-03	1.98e-01	5.20e-01	2.36e-01	4.54e-02	0.00e+00	0.00e+00
 1.92066e+16	8.44e-07	1.28e-03	2.19e-01	5.25e-01	2.16e-01	3.78e-02	0.00e+00	0.00e+00
 1.93328e+16	1.05e-06	1.50e-03	2.38e-01	5.28e-01	2.01e-01	3.22e-02	0.00e+00	0.00e+00
 1.94217e+16	1.18e-06	1.65e-03	2.51e-01	5.29e-01	1.90e-01	2.88e-02	0.00e+00	0.00e+00
 1.94925e+16	1.30e-06	1.77e-03	2.61e-01	5.29e-01	1.82e-01	2.62e-02	0.00e+00	0.00e+00
 1.95692e+16	1.42e-06	1.89e-03	2.72e-01	5.30e-01	1.72e-01	2.37e-02	0.00e+00	0.00e+00
 1.96689e+16	1.61e-06	2.08e-03	2.88e-01	5.29e-01	1.60e-01	2.05e-02	0.00e+00	0.00e+00
 1.97681e+16	1.86e-06	2.31e-03	3.05e-01	5.27e-01	1.48e-01	1.75e-02	0.00e+00	0.00e+00
 1.98413e+16	2.15e-06	2.56e-03	3.19e-01	5.24e-01	1.39e-01	1.53e-02	0.00e+00	0.00e+00
 1.98941e+16	2.33e-06	2.72e-03	3.29e-01	5.22e-01	1.32e-01	1.39e-02	0.00e+00	0.00e+00
 1.99459e+16	2.54e-06	2.89e-03	3.39e-01	5.20e-01	1.25e-01	1.26e-02	0.00e+00	0.00e+00
 2.00133e+16	2.82e-06	3.13e-03	3.53e-01	5.16e-01	1.17e-01	1.10e-02	0.00e+00	0.00e+00
 2.00868e+16	3.21e-06	3.44e-03	3.68e-01	5.12e-01	1.08e-01	9.41e-03	0.00e+00	0.00e+00
 2.01502e+16	3.44e-06	3.62e-03	3.79e-01	5.08e-01	1.01e-01	8.34e-03	0.00e+00	0.00e+00
 2.02144e+16	3.99e-06	4.02e-03	3.94e-01	5.02e-01	9.27e-02	7.04e-03	0.00e+00	0.00e+00
 2.02771e+16	4.27e-06	4.23e-03	4.06e-01	4.98e-01	8.63e-02	6.18e-03	0.00e+00	0.00e+00
 2.03379e+16	4.74e-06	4.56e-03	4.19e-01	4.92e-01	7.94e-02	5.29e-03	0.00e+00	0.00e+00
 2.04054e+16	5.33e-06	4.96e-03	4.33e-01	4.85e-01	7.23e-02	4.43e-03	0.00e+00	0.00e+00
 2.04672e+16	5.98e-06	5.39e-03	4.47e-01	4.78e-01	6.59e-02	3.72e-03	0.00e+00	0.00e+00
 2.05227e+16	6.80e-06	5.89e-03	4.61e-01	4.70e-01	6.01e-02	3.12e-03	0.00e+00	0.00e+00
 2.05735e+16	7.47e-06	6.30e-03	4.72e-01	4.64e-01	5.54e-02	2.67e-03	0.00e+00	0.00e+00
 2.06286e+16	8.11e-06	6.69e-03	4.83e-01	4.57e-01	5.06e-02	2.27e-03	0.00e+00	0.00e+00
 2.07003e+16	9.60e-06	7.52e-03	5.01e-01	4.45e-01	4.42e-02	1.75e-03	0.00e+00	0.00e+00
 2.07699e+16	1.10e-05	8.26e-03	5.16e-01	4.35e-01	3.90e-02	1.38e-03	0.00e+00	0.00e+00
 2.08254e+16	1.21e-05	8.87e-03	5.28e-01	4.27e-01	3.51e-02	1.14e-03	0.00e+00	0.00e+00
 2.08860e+16	1.38e-05	9.71e-03	5.42e-01	4.16e-01	3.10e-02	9.03e-04	0.00e+00	0.00e+00
 2.09648e+16	1.61e-05	1.08e-02	5.59e-01	4.03e-01	2.63e-02	6.64e-04	0.00e+00	0.00e+00
 2.10463e+16	1.90e-05	1.21e-02	5.76e-01	3.89e-01	2.22e-02	4.83e-04	0.00e+00	0.00e+00
 2.11034e+16	2.12e-05	1.31e-02	5.88e-01	3.79e-01	1.96e-02	3.86e-04	0.00e+00	0.00e+00
 2.11410e+16	2.29e-05	1.38e-02	5.95e-01	3.72e-01	1.81e-02	3.31e-04	0.00e+00	0.00e+00
 2.11808e+16	2.48e-05	1.46e-02	6.04e-01	3.65e-01	1.65e-02	2.79e-04	0.00e+00	0.00e+00
 2.12326e+16	2.76e-05	1.58e-02	6.14e-01	3.55e-01	1.46e-02	2.23e-04	0.00e+00	0.00e+00
 2.12898e+16	3.10e-05	1.71e-02	6.25e-01	3.45e-01	1.28e-02	1.74e-04	0.00e+00	0.00e+00
 2.13432e+16	3.45e-05	1.84e-02	6.35e-01	3.35e-01	1.13e-02	1.39e-04	0.00e+00	0.00e+00
 2.14018e+16	3.89e-05	2.00e-02	6.46e-01	3.24e-01	9.80e-03	1.07e-04	0.00e+00	0.00e+00
 2.14658e+16	4.44e-05	2.19e-02	6.57e-01	3.12e-01	8.41e-03	8.03e-05	0.00e+00	0.00e+00
 2.15232e+16	5.00e-05	2.37e-02	6.67e-01	3.02e-01	7.32e-03	6.22e-05	0.00e+00	0.00e+00
 2.15751e+16	5.56e-05	2.55e-02	6.76e-01	2.92e-01	6.45e-03	4.93e-05	0.00e+00	0.00e+00
 2.16336e+16	6.27e-05	2.77e-02	6.85e-01	2.81e-01	5.57e-03	3.76e-05	0.00e+00	0.00e+00
 2.16986e+16	7.19e-05	3.04e-02	6.95e-01	2.69e-01	4.74e-03	2.80e-05	0.00e+00	0.00e+00
 2.17580e+16	8.10e-05	3.30e-02	7.04e-01	2.59e-01	4.10e-03	2.15e-05	0.00e+00	0.00e+00
 2.18210e+16	9.30e-05	3.63e-02	7.13e-01	2.47e-01	3.47e-03	1.59e-05	0.00e+00	0.00e+00
 2.18870e+16	1.07e-04	3.98e-02	7.22e-01	2.35e-01	2.95e-03	1.18e-05	0.00e+00	0.00e+00
 2.19443e+16	1.22e-04	4.35e-02	7.29e-01	2.24e-01	2.53e-03	9.03e-06	0.00e+00	0.00e+00
 2.19960e+16	1.36e-04	4.70e-02	7.36e-01	2.15e-01	2.21e-03	7.10e-06	0.00e+00	0.00e+00
 2.20532e+16	1.54e-04	5.10e-02	7.42e-01	2.05e-01	1.90e-03	5.43e-06	0.00e+00	0.00e+00
 2.21274e+16	1.81e-04	5.69e-02	7.49e-01	1.92e-01	1.56e-03	3.81e-06	0.00e+00	0.00e+00
 2.22004e+16	2.16e-04	6.40e-02	7.56e-01	1.79e-01	1.27e-03	2.68e-06	0.00e+00	0.00e+00
 2.22525e+16	2.45e-04	6.97e-02	7.60e-01	1.69e-01	1.10e-03	2.09e-06	0.00e+00	0.00e+00
 2.22946e+16	2.71e-04	7.46e-02	7.62e-01	1.62e-01	9.76e-04	1.70e-06	0.00e+00	0.00e+00
 2.23430e+16	3.04e-04	8.06e-02	7.65e-01	1.53e-01	8.47e-04	1.33e-06	0.00e+00	0.00e+00
 2.24059e+16	3.54e-04	8.91e-02	7.67e-01	1.43e-01	7.04e-04	9.70e-07	0.00e+00	0.00e+00
 2.24715e+16	4.19e-04	9.97e-02	7.68e-01	1.32e-01	5.76e-04	0.00e+00	0.00e+00	0.00e+00
 2.25237e+16	4.83e-04	1.10e-01	7.67e-01	1.23e-01	4.88e-04	0.00e+00	0.00e+00	0.00e+00
 2.25659e+16	5.41e-04	1.18e-01	7.66e-01	1.16e-01	4.26e-04	0.00e+00	0.00e+00	0.00e+00
 2.26116e+16	6.11e-04	1.28e-01	7.63e-01	1.08e-01	3.65e-04	0.00e+00	0.00e+00	0.00e+00
 2.26711e+16	7.19e-04	1.42e-01	7.58e-01	9.84e-02	2.97e-04	0.00e+00	0.00e+00	0.00e+00
 2.27318e+16	8.59e-04	1.60e-01	7.51e-01	8.86e-02	2.39e-04	0.00e+00	0.00e+00	0.00e+00
 2.27790e+16	9.91e-04	1.75e-01	7.42e-01	8.11e-02	2.00e-04	0.00e+00	0.00e+00	0.00e+00
 2.28182e+16	1.12e-03	1.89e-01	7.34e-01	7.52e-02	1.72e-04	0.00e+00	0.00e+00	0.00e+00
 2.28622e+16	1.28e-03	2.06e-01	7.24e-01	6.86e-02	1.43e-04	0.00e+00	0.00e+00	0.00e+00
 2.29194e+16	1.52e-03	2.30e-01	7.08e-01	6.04e-02	1.12e-04	0.00e+00	0.00e+00	0.00e+00
 2.29778e+16	1.85e-03	2.60e-01	6.86e-01	5.21e-02	8.60e-05	0.00e+00	0.00e+00	0.00e+00
 2.30235e+16	2.18e-03	2.87e-01	6.65e-01	4.59e-02	6.88e-05	0.00e+00	0.00e+00	0.00e+00
 2.30624e+16	2.49e-03	3.12e-01	6.45e-01	4.08e-02	5.61e-05	0.00e+00	0.00e+00	0.00e+00
 2.31069e+16	2.90e-03	3.42e-01	6.20e-01	3.54e-02	4.40e-05	0.00e+00	0.00e+00	0.00e+00
 2.31649e+16	3.56e-03	3.85e-01	5.83e-01	2.89e-02	3.14e-05	0.00e+00	0.00e+00	0.00e+00
 2.32237e+16	4.46e-03	4.37e-01	5.36e-01	2.26e-02	2.13e-05	0.00e+00	0.00e+00	0.00e+00
 2.32678e+16	5.35e-03	4.82e-01	4.94e-01	1.83e-02	1.53e-05	0.00e+00	0.00e+00	0.00e+00
 2.33020e+16	6.12e-03	5.18e-01	4.60e-01	1.52e-02	1.16e-05	0.00e+00	0.00e+00	0.00e+00
 2.33389e+16	7.09e-03	5.58e-01	4.23e-01	1.24e-02	8.53e-06	0.00e+00	0.00e+00	0.00e+00
 2.33804e+16	8.38e-03	6.05e-01	3.77e-01	9.43e-03	5.75e-06	0.00e+00	0.00e+00	0.00e+00
 2.34172e+16	9.81e-03	6.50e-01	3.33e-01	7.18e-03	3.90e-06	0.00e+00	0.00e+00	0.00e+00
 2.34463e+16	1.11e-02	6.85e-01	2.98e-01	5.67e-03	2.80e-06	0.00e+00	0.00e+00	0.00e+00
 2.34765e+16	1.26e-02	7.20e-01	2.63e-01	4.36e-03	1.94e-06	0.00e+00	0.00e+00	0.00e+00
 2.35102e+16	1.46e-02	7.58e-01	2.24e-01	3.14e-03	1.24e-06	0.00e+00	0.00e+00	0.00e+00
 2.35401e+16	1.68e-02	7.92e-01	1.89e-01	2.25e-03	7.91e-07	0.00e+00	0.00e+00	0.00e+00
 2.35642e+16	1.87e-02	8.17e-01	1.62e-01	1.68e-03	0.00e+00	0.00e+00	0.00e+00	0.00e+00
 2.35859e+16	2.07e-02	8.38e-01	1.40e-01	1.27e-03	0.00e+00	0.00e+00	0.00e+00	0.00e+00
 2.36108e+16	2.32e-02	8.58e-01	1.18e-01	9.05e-04	0.00e+00	0.00e+00	0.00e+00	0.00e+00
 2.36383e+16	2.64e-02	8.79e-01	9.40e-02	5.97e-04	0.00e+00	0.00e+00	0.00e+00	0.00e+00
 2.36623e+16	2.99e-02	8.94e-01	7.54e-02	3.99e-04	0.00e+00	0.00e+00	0.00e+00	0.00e+00
 2.36817e+16	3.30e-02	9.05e-01	6.22e-02	2.81e-04	0.00e+00	0.00e+00	0.00e+00	0.00e+00
 2.37019e+16	3.65e-02	9.13e-01	5.07e-02	1.93e-04	0.00e+00	0.00e+00	0.00e+00	0.00e+00
 2.37242e+16	4.10e-02	9.19e-01	3.95e-02	1.23e-04	0.00e+00	0.00e+00	0.00e+00	0.00e+00
 2.37437e+16	4.57e-02	9.23e-01	3.10e-02	7.99e-05	0.00e+00	0.00e+00	0.00e+00	0.00e+00
 2.37595e+16	4.98e-02	9.25e-01	2.52e-02	5.55e-05	0.00e+00	0.00e+00	0.00e+00	0.00e+00
 2.37759e+16	5.46e-02	9.25e-01	2.03e-02	3.75e-05	0.00e+00	0.00e+00	0.00e+00	0.00e+00
 2.37940e+16	6.05e-02	9.24e-01	1.57e-02	2.38e-05	0.00e+00	0.00e+00	0.00e+00	0.00e+00
 2.38098e+16	6.61e-02	9.22e-01	1.24e-02	1.56e-05	0.00e+00	0.00e+00	0.00e+00	0.00e+00
 2.38232e+16	7.15e-02	9.18e-01	1.00e-02	1.08e-05	0.00e+00	0.00e+00	0.00e+00	0.00e+00
 2.38356e+16	7.70e-02	9.15e-01	8.20e-03	7.55e-06	0.00e+00	0.00e+00	0.00e+00	0.00e+00
 2.38482e+16	8.27e-02	9.11e-01	6.65e-03	5.21e-06	0.00e+00	0.00e+00	0.00e+00	0.00e+00
 2.38603e+16	8.86e-02	9.06e-01	5.41e-03	3.63e-06	0.00e+00	0.00e+00	0.00e+00	0.00e+00
 2.38707e+16	9.40e-02	9.02e-01	4.50e-03	2.63e-06	0.00e+00	0.00e+00	0.00e+00	0.00e+00
 2.38798e+16	9.90e-02	8.97e-01	3.82e-03	1.98e-06	0.00e+00	0.00e+00	0.00e+00	0.00e+00
 2.38868e+16	1.03e-01	8.94e-01	3.37e-03	1.59e-06	0.00e+00	0.00e+00	0.00e+00	0.00e+00
 2.38915e+16	1.05e-01	8.92e-01	3.09e-03	1.37e-06	0.00e+00	0.00e+00	0.00e+00	0.00e+00
 2.38960e+16	1.08e-01	8.89e-01	2.84e-03	1.19e-06	0.00e+00	0.00e+00	0.00e+00	0.00e+00
 2.39013e+16	1.11e-01	8.86e-01	2.58e-03	1.00e-06	0.00e+00	0.00e+00	0.00e+00	0.00e+00
 2.39070e+16	1.15e-01	8.83e-01	2.31e-03	8.32e-07	0.00e+00	0.00e+00	0.00e+00	0.00e+00
 2.39126e+16	1.18e-01	8.80e-01	2.08e-03	0.00e+00	0.00e+00	0.00e+00	0.00e+00	0.00e+00
 2.39179e+16	1.21e-01	8.77e-01	1.88e-03	0.00e+00	0.00e+00	0.00e+00	0.00e+00	0.00e+00
 2.39231e+16	1.25e-01	8.74e-01	1.71e-03	0.00e+00	0.00e+00	0.00e+00	0.00e+00	0.00e+00
 2.39283e+16	1.28e-01	8.70e-01	1.54e-03	0.00e+00	0.00e+00	0.00e+00	0.00e+00	0.00e+00
 2.39337e+16	1.32e-01	8.67e-01	1.39e-03	0.00e+00	0.00e+00	0.00e+00	0.00e+00	0.00e+00
 2.39389e+16	1.35e-01	8.64e-01	1.26e-03	0.00e+00	0.00e+00	0.00e+00	0.00e+00	0.00e+00
 2.39442e+16	1.39e-01	8.60e-01	1.14e-03	0.00e+00	0.00e+00	0.00e+00	0.00e+00	0.00e+00
 2.39494e+16	1.43e-01	8.56e-01	1.03e-03	0.00e+00	0.00e+00	0.00e+00	0.00e+00	0.00e+00
 2.39548e+16	1.46e-01	8.53e-01	9.25e-04	0.00e+00	0.00e+00	0.00e+00	0.00e+00	0.00e+00
 2.39601e+16	1.50e-01	8.49e-01	8.35e-04	0.00e+00	0.00e+00	0.00e+00	0.00e+00	0.00e+00
 2.39654e+16	1.54e-01	8.45e-01	7.54e-04	0.00e+00	0.00e+00	0.00e+00	0.00e+00	0.00e+00
 2.39707e+16	1.58e-01	8.42e-01	6.80e-04	0.00e+00	0.00e+00	0.00e+00	0.00e+00	0.00e+00
 2.39762e+16	1.62e-01	8.38e-01	6.12e-04	0.00e+00	0.00e+00	0.00e+00	0.00e+00	0.00e+00
 2.39817e+16	1.66e-01	8.34e-01	5.52e-04	0.00e+00	0.00e+00	0.00e+00	0.00e+00	0.00e+00
 2.39872e+16	1.70e-01	8.29e-01	4.96e-04	0.00e+00	0.00e+00	0.00e+00	0.00e+00	0.00e+00
 2.39929e+16	1.74e-01	8.25e-01	4.46e-04	0.00e+00	0.00e+00	0.00e+00	0.00e+00	0.00e+00
 2.39987e+16	1.79e-01	8.21e-01	4.02e-04	0.00e+00	0.00e+00	0.00e+00	0.00e+00	0.00e+00
 2.40045e+16	1.83e-01	8.16e-01	3.62e-04	0.00e+00	0.00e+00	0.00e+00	0.00e+00	0.00e+00
 2.40105e+16	1.88e-01	8.12e-01	3.25e-04	0.00e+00	0.00e+00	0.00e+00	0.00e+00	0.00e+00
 2.40167e+16	1.93e-01	8.07e-01	2.92e-04	0.00e+00	0.00e+00	0.00e+00	0.00e+00	0.00e+00
 2.40230e+16	1.98e-01	8.02e-01	2.63e-04	0.00e+00	0.00e+00	0.00e+00	0.00e+00	0.00e+00
 2.40293e+16	2.03e-01	7.97e-01	2.37e-04	0.00e+00	0.00e+00	0.00e+00	0.00e+00	0.00e+00
 2.40359e+16	2.08e-01	7.92e-01	2.14e-04	0.00e+00	0.00e+00	0.00e+00	0.00e+00	0.00e+00
 2.40427e+16	2.13e-01	7.87e-01	1.94e-04	0.00e+00	0.00e+00	0.00e+00	0.00e+00	0.00e+00
 2.40498e+16	2.18e-01	7.82e-01	1.75e-04	0.00e+00	0.00e+00	0.00e+00	0.00e+00	0.00e+00
 2.40571e+16	2.24e-01	7.76e-01	1.59e-04	0.00e+00	0.00e+00	0.00e+00	0.00e+00	0.00e+00
 2.40650e+16	2.30e-01	7.70e-01	1.45e-04	0.00e+00	0.00e+00	0.00e+00	0.00e+00	0.00e+00
 2.40734e+16	2.36e-01	7.64e-01	1.32e-04	0.00e+00	0.00e+00	0.00e+00	0.00e+00	0.00e+00
 2.40825e+16	2.43e-01	7.57e-01	1.20e-04	0.00e+00	0.00e+00	0.00e+00	0.00e+00	0.00e+00
 2.40926e+16	2.49e-01	7.51e-01	1.10e-04	0.00e+00	0.00e+00	0.00e+00	0.00e+00	0.00e+00
 2.41041e+16	2.55e-01	7.45e-01	1.01e-04	0.00e+00	0.00e+00	0.00e+00	0.00e+00	0.00e+00
 2.41167e+16	2.62e-01	7.38e-01	9.39e-05	0.00e+00	0.00e+00	0.00e+00	0.00e+00	0.00e+00
 2.41294e+16	2.68e-01	7.32e-01	8.81e-05	0.00e+00	0.00e+00	0.00e+00	0.00e+00	0.00e+00
 2.41420e+16	2.71e-01	7.29e-01	8.38e-05	0.00e+00	0.00e+00	0.00e+00	0.00e+00	0.00e+00
 2.41545e+16	2.77e-01	7.23e-01	8.01e-05	0.00e+00	0.00e+00	0.00e+00	0.00e+00	0.00e+00
