#depth	C	C+	C+2	C+3	C+4	C+5	C+6	C[1]	C[2]	C[3]	C+[1]	C+[2]	CO
 1.49634e+10	0.00e+00	0.00e+00	1.05e-28	3.68e-19	8.19e-09	1.78e-03	9.98e-01	0.00e+00	0.00e+00	0.00e+00	0.00e+00	0.00e+00	0.00e+00
 4.54887e+10	0.00e+00	1.39e-38	1.43e-28	4.67e-19	9.60e-09	1.93e-03	9.98e-01	0.00e+00	0.00e+00	0.00e+00	0.00e+00	0.00e+00	0.00e+00
 7.72350e+10	0.00e+00	0.00e+00	1.97e-28	5.92e-19	1.13e-08	2.09e-03	9.98e-01	0.00e+00	0.00e+00	0.00e+00	0.00e+00	0.00e+00	1.59e-232
 1.10251e+11	0.00e+00	3.07e-38	2.71e-28	7.52e-19	1.32e-08	2.26e-03	9.98e-01	0.00e+00	0.00e+00	0.00e+00	0.00e+00	0.00e+00	0.00e+00
 1.43604e+11	0.00e+00	0.00e+00	3.68e-28	9.48e-19	1.54e-08	2.44e-03	9.98e-01	0.00e+00	0.00e+00	0.00e+00	0.00e+00	0.00e+00	9.71e-232
 1.75586e+11	0.00e+00	6.45e-38	4.90e-28	1.18e-18	1.78e-08	2.61e-03	9.97e-01	0.00e+00	0.00e+00	0.00e+00	0.00e+00	0.00e+00	0.00e+00
 2.09833e+11	0.00e+00	0.00e+00	6.59e-28	1.47e-18	2.07e-08	2.81e-03	9.97e-01	0.00e+00	0.00e+00	0.00e+00	0.00e+00	0.00e+00	9.96e-287
 2.47017e+11	0.00e+00	1.37e-37	8.97e-28	1.85e-18	2.42e-08	3.04e-03	9.97e-01	0.00e+00	0.00e+00	0.00e+00	0.00e+00	0.00e+00	0.00e+00
 2.82824e+11	0.00e+00	0.00e+00	1.20e-27	2.30e-18	2.80e-08	3.26e-03	9.97e-01	0.00e+00	0.00e+00	0.00e+00	0.00e+00	0.00e+00	2.82e-230
 3.21201e+11	0.00e+00	2.84e-37	1.61e-27	2.88e-18	3.25e-08	3.51e-03	9.96e-01	0.00e+00	0.00e+00	0.00e+00	0.00e+00	0.00e+00	2.55e-235
 3.63976e+11	0.00e+00	0.00e+00	2.22e-27	3.66e-18	3.82e-08	3.79e-03	9.96e-01	0.00e+00	0.00e+00	0.00e+00	0.00e+00	0.00e+00	0.00e+00
 4.06682e+11	0.00e+00	6.21e-37	3.01e-27	4.61e-18	4.46e-08	4.09e-03	9.96e-01	0.00e+00	0.00e+00	0.00e+00	0.00e+00	0.00e+00	1.07e-162
 4.44549e+11	0.00e+00	0.00e+00	3.92e-27	5.62e-18	5.10e-08	4.37e-03	9.96e-01	0.00e+00	0.00e+00	0.00e+00	0.00e+00	0.00e+00	6.96e-233
 4.78231e+11	0.00e+00	1.15e-36	4.93e-27	6.67e-18	5.73e-08	4.62e-03	9.95e-01	0.00e+00	0.00e+00	0.00e+00	0.00e+00	0.00e+00	8.37e-162
 5.16678e+11	0.00e+00	0.00e+00	6.34e-27	8.07e-18	6.51e-08	4.91e-03	9.95e-01	0.00e+00	0.00e+00	0.00e+00	0.00e+00	0.00e+00	1.29e-232
 5.64141e+11	0.00e+00	2.29e-36	8.58e-27	1.01e-17	7.59e-08	5.29e-03	9.95e-01	0.00e+00	0.00e+00	0.00e+00	0.00e+00	0.00e+00	8.54e-161
 6.13145e+11	1.41e-46	3.33e-36	1.16e-26	1.27e-17	8.84e-08	5.69e-03	9.94e-01	0.00e+00	0.00e+00	0.00e+00	0.00e+00	0.00e+00	0.00e+00
 6.58116e+11	0.00e+00	0.00e+00	1.52e-26	1.56e-17	1.01e-07	6.08e-03	9.94e-01	0.00e+00	0.00e+00	0.00e+00	0.00e+00	0.00e+00	0.00e+00
 7.08020e+11	0.00e+00	6.66e-36	2.02e-26	1.93e-17	1.17e-07	6.52e-03	9.93e-01	0.00e+00	0.00e+00	0.00e+00	0.00e+00	0.00e+00	5.74e-231
 7.65915e+11	5.24e-46	9.96e-36	2.79e-26	2.47e-17	1.38e-07	7.05e-03	9.93e-01	0.00e+00	0.00e+00	0.00e+00	0.00e+00	0.00e+00	8.58e-139
 8.23374e+11	0.00e+00	0.00e+00	3.80e-26	3.11e-17	1.62e-07	7.60e-03	9.92e-01	0.00e+00	0.00e+00	0.00e+00	0.00e+00	0.00e+00	0.00e+00
 8.83131e+11	0.00e+00	2.15e-35	5.19e-26	3.93e-17	1.89e-07	8.20e-03	9.92e-01	0.00e+00	0.00e+00	0.00e+00	0.00e+00	0.00e+00	1.54e-157
 9.48383e+11	2.15e-45	3.24e-35	7.19e-26	5.03e-17	2.23e-07	8.88e-03	9.91e-01	0.00e+00	0.00e+00	0.00e+00	0.00e+00	0.00e+00	0.00e+00
 1.01624e+12	0.00e+00	0.00e+00	9.99e-26	6.45e-17	2.64e-07	9.61e-03	9.90e-01	0.00e+00	0.00e+00	0.00e+00	0.00e+00	0.00e+00	0.00e+00
 1.07847e+12	0.00e+00	7.01e-35	1.34e-25	8.03e-17	3.06e-07	1.03e-02	9.90e-01	0.00e+00	0.00e+00	0.00e+00	0.00e+00	0.00e+00	6.47e-228
 1.13154e+12	7.76e-45	9.46e-35	1.70e-25	9.64e-17	3.46e-07	1.09e-02	9.89e-01	0.00e+00	0.00e+00	0.00e+00	0.00e+00	0.00e+00	6.58e-136
 1.19008e+12	0.00e+00	1.31e-34	2.21e-25	1.17e-16	3.95e-07	1.16e-02	9.88e-01	0.00e+00	0.00e+00	0.00e+00	0.00e+00	0.00e+00	0.00e+00
 1.26259e+12	1.82e-44	1.93e-34	3.02e-25	1.48e-16	4.64e-07	1.25e-02	9.87e-01	0.00e+00	0.00e+00	0.00e+00	0.00e+00	0.00e+00	5.34e-135
 1.33655e+12	0.00e+00	2.83e-34	4.11e-25	1.87e-16	5.43e-07	1.35e-02	9.86e-01	0.00e+00	0.00e+00	0.00e+00	0.00e+00	0.00e+00	0.00e+00
 1.40101e+12	4.25e-44	3.92e-34	5.33e-25	2.28e-16	6.20e-07	1.44e-02	9.86e-01	0.00e+00	0.00e+00	0.00e+00	0.00e+00	0.00e+00	4.26e-134
 1.46987e+12	0.00e+00	5.50e-34	7.00e-25	2.80e-16	7.13e-07	1.53e-02	9.85e-01	0.00e+00	0.00e+00	0.00e+00	0.00e+00	0.00e+00	0.00e+00
 1.55392e+12	1.03e-43	8.22e-34	9.67e-25	3.57e-16	8.40e-07	1.66e-02	9.83e-01	0.00e+00	0.00e+00	0.00e+00	0.00e+00	0.00e+00	3.71e-133
 1.63827e+12	0.00e+00	1.22e-33	1.32e-24	4.53e-16	9.86e-07	1.79e-02	9.82e-01	0.00e+00	0.00e+00	0.00e+00	0.00e+00	0.00e+00	0.00e+00
 1.71327e+12	2.47e-43	1.71e-33	1.74e-24	5.56e-16	1.13e-06	1.90e-02	9.81e-01	0.00e+00	0.00e+00	0.00e+00	0.00e+00	0.00e+00	3.11e-132
 1.79559e+12	0.00e+00	2.45e-33	2.33e-24	6.92e-16	1.31e-06	2.04e-02	9.80e-01	0.00e+00	0.00e+00	0.00e+00	0.00e+00	0.00e+00	0.00e+00
 1.89393e+12	6.31e-43	3.74e-33	3.26e-24	8.93e-16	1.56e-06	2.21e-02	9.78e-01	0.00e+00	0.00e+00	0.00e+00	0.00e+00	0.00e+00	3.03e-131
 1.99162e+12	0.00e+00	5.61e-33	4.53e-24	1.14e-15	1.84e-06	2.39e-02	9.76e-01	0.00e+00	0.00e+00	0.00e+00	0.00e+00	0.00e+00	0.00e+00
 2.08036e+12	1.58e-42	8.05e-33	6.05e-24	1.42e-15	2.14e-06	2.56e-02	9.74e-01	0.00e+00	0.00e+00	0.00e+00	0.00e+00	0.00e+00	2.79e-130
 2.17894e+12	0.00e+00	1.19e-32	8.28e-24	1.80e-15	2.51e-06	2.75e-02	9.72e-01	0.00e+00	0.00e+00	0.00e+00	0.00e+00	0.00e+00	0.00e+00
 2.28917e+12	4.20e-42	1.82e-32	1.16e-23	2.33e-15	2.98e-06	2.98e-02	9.70e-01	0.00e+00	0.00e+00	0.00e+00	0.00e+00	0.00e+00	2.91e-129
 2.39348e+12	0.00e+00	2.69e-32	1.59e-23	2.95e-15	3.50e-06	3.21e-02	9.68e-01	0.00e+00	0.00e+00	0.00e+00	0.00e+00	0.00e+00	0.00e+00
 2.50711e+12	1.10e-41	4.08e-32	2.23e-23	3.79e-15	4.14e-06	3.47e-02	9.65e-01	0.00e+00	0.00e+00	0.00e+00	0.00e+00	0.00e+00	2.95e-128
 2.63343e+12	0.00e+00	6.39e-32	3.20e-23	4.97e-15	4.97e-06	3.77e-02	9.62e-01	0.00e+00	0.00e+00	0.00e+00	0.00e+00	0.00e+00	0.00e+00
 2.75347e+12	3.11e-41	9.68e-32	4.46e-23	6.38e-15	5.88e-06	4.07e-02	9.59e-01	0.00e+00	0.00e+00	0.00e+00	0.00e+00	0.00e+00	3.49e-127
 2.88221e+12	0.00e+00	1.49e-31	6.32e-23	8.28e-15	7.01e-06	4.41e-02	9.56e-01	0.00e+00	0.00e+00	0.00e+00	0.00e+00	0.00e+00	0.00e+00
 3.02742e+12	9.19e-41	2.40e-31	9.24e-23	1.10e-14	8.49e-06	4.81e-02	9.52e-01	0.00e+00	0.00e+00	0.00e+00	0.00e+00	0.00e+00	4.60e-126
 3.17064e+12	0.00e+00	3.77e-31	1.33e-22	1.45e-14	1.02e-05	5.23e-02	9.48e-01	0.00e+00	0.00e+00	0.00e+00	0.00e+00	0.00e+00	0.00e+00
 3.29231e+12	2.46e-40	5.47e-31	1.79e-22	1.81e-14	1.19e-05	5.60e-02	9.44e-01	0.00e+00	0.00e+00	0.00e+00	0.00e+00	0.00e+00	4.78e-125
 3.39546e+12	0.00e+00	7.43e-31	2.30e-22	2.18e-14	1.34e-05	5.93e-02	9.41e-01	0.00e+00	0.00e+00	0.00e+00	0.00e+00	0.00e+00	0.00e+00
 3.51199e+12	5.34e-40	1.04e-30	3.02e-22	2.68e-14	1.54e-05	6.31e-02	9.37e-01	0.00e+00	0.00e+00	0.00e+00	0.00e+00	0.00e+00	2.98e-124
 3.66347e+12	0.00e+00	1.60e-30	4.26e-22	3.47e-14	1.83e-05	6.82e-02	9.32e-01	0.00e+00	0.00e+00	0.00e+00	0.00e+00	0.00e+00	0.00e+00
 3.82491e+12	1.51e-39	2.49e-30	6.07e-22	4.52e-14	2.18e-05	7.39e-02	9.26e-01	0.00e+00	0.00e+00	0.00e+00	0.00e+00	0.00e+00	3.48e-123
 3.95890e+12	0.00e+00	3.54e-30	8.07e-22	5.60e-14	2.51e-05	7.88e-02	9.21e-01	0.00e+00	0.00e+00	0.00e+00	0.00e+00	0.00e+00	0.00e+00
 4.07428e+12	3.28e-39	4.76e-30	1.02e-21	6.69e-14	2.83e-05	8.31e-02	9.17e-01	0.00e+00	0.00e+00	0.00e+00	0.00e+00	0.00e+00	2.18e-122
 4.20588e+12	0.00e+00	6.61e-30	1.33e-21	8.15e-14	3.23e-05	8.82e-02	9.12e-01	0.00e+00	0.00e+00	0.00e+00	0.00e+00	0.00e+00	0.00e+00
 4.37695e+12	7.96e-39	9.99e-30	1.86e-21	1.05e-13	3.81e-05	9.50e-02	9.05e-01	0.00e+00	0.00e+00	0.00e+00	0.00e+00	0.00e+00	1.78e-121
 4.55480e+12	0.00e+00	1.51e-29	2.60e-21	1.34e-13	4.49e-05	1.02e-01	8.98e-01	0.00e+00	0.00e+00	0.00e+00	0.00e+00	0.00e+00	0.00e+00
 4.70437e+12	1.95e-38	2.11e-29	3.40e-21	1.64e-13	5.14e-05	1.09e-01	8.91e-01	0.00e+00	0.00e+00	0.00e+00	0.00e+00	0.00e+00	1.48e-120
 4.86173e+12	0.00e+00	2.97e-29	4.48e-21	2.02e-13	5.88e-05	1.15e-01	8.85e-01	0.00e+00	0.00e+00	0.00e+00	0.00e+00	0.00e+00	0.00e+00
 5.06465e+12	4.88e-38	4.55e-29	6.31e-21	2.61e-13	6.97e-05	1.24e-01	8.76e-01	0.00e+00	0.00e+00	0.00e+00	0.00e+00	0.00e+00	1.31e-119
 5.27351e+12	0.00e+00	6.93e-29	8.85e-21	3.36e-13	8.24e-05	1.34e-01	8.66e-01	0.00e+00	0.00e+00	0.00e+00	0.00e+00	0.00e+00	0.00e+00
 5.44913e+12	1.21e-37	9.74e-29	1.16e-20	4.13e-13	9.42e-05	1.42e-01	8.58e-01	0.00e+00	0.00e+00	0.00e+00	0.00e+00	0.00e+00	1.14e-118
 5.63479e+12	0.00e+00	1.38e-28	1.54e-20	5.08e-13	1.08e-04	1.51e-01	8.49e-01	0.00e+00	0.00e+00	0.00e+00	0.00e+00	0.00e+00	0.00e+00
 5.86949e+12	3.05e-37	2.10e-28	2.16e-20	6.56e-13	1.28e-04	1.62e-01	8.38e-01	0.00e+00	0.00e+00	0.00e+00	0.00e+00	0.00e+00	1.02e-117
 6.11194e+12	0.00e+00	3.20e-28	3.03e-20	8.44e-13	1.50e-04	1.74e-01	8.26e-01	0.00e+00	0.00e+00	0.00e+00	0.00e+00	0.00e+00	0.00e+00
 6.32485e+12	7.69e-37	4.55e-28	4.03e-20	1.04e-12	1.73e-04	1.84e-01	8.15e-01	0.00e+00	0.00e+00	0.00e+00	0.00e+00	0.00e+00	9.34e-117
 6.55534e+12	0.00e+00	6.58e-28	5.42e-20	1.30e-12	1.99e-04	1.96e-01	8.04e-01	0.00e+00	0.00e+00	0.00e+00	0.00e+00	0.00e+00	0.00e+00
 6.81272e+12	1.92e-36	9.78e-28	7.46e-20	1.65e-12	2.32e-04	2.09e-01	7.91e-01	0.00e+00	0.00e+00	0.00e+00	0.00e+00	0.00e+00	8.41e-116
 7.06530e+12	0.00e+00	1.42e-27	1.01e-19	2.06e-12	2.68e-04	2.22e-01	7.77e-01	0.00e+00	0.00e+00	0.00e+00	0.00e+00	0.00e+00	3.45e-100
 7.31228e+12	4.57e-36	2.02e-27	1.34e-19	2.54e-12	3.07e-04	2.35e-01	7.65e-01	0.00e+00	0.00e+00	0.00e+00	0.00e+00	0.00e+00	0.00e+00
 7.59177e+12	0.00e+00	2.96e-27	1.82e-19	3.19e-12	3.55e-04	2.50e-01	7.50e-01	0.00e+00	0.00e+00	0.00e+00	0.00e+00	0.00e+00	1.58e-131
 7.88433e+12	1.15e-35	4.35e-27	2.47e-19	4.02e-12	4.11e-04	2.65e-01	7.34e-01	0.00e+00	0.00e+00	0.00e+00	0.00e+00	0.00e+00	9.50e-98
 8.13358e+12	0.00e+00	5.96e-27	3.19e-19	4.84e-12	4.64e-04	2.78e-01	7.21e-01	0.00e+00	0.00e+00	0.00e+00	0.00e+00	0.00e+00	0.00e+00
 8.35318e+12	2.31e-35	7.80e-27	3.96e-19	5.68e-12	5.13e-04	2.90e-01	7.09e-01	0.00e+00	0.00e+00	0.00e+00	0.00e+00	0.00e+00	3.46e-113
 8.59453e+12	0.00e+00	1.04e-26	4.98e-19	6.74e-12	5.72e-04	3.03e-01	6.97e-01	0.00e+00	0.00e+00	0.00e+00	0.00e+00	0.00e+00	4.99e-98
 8.90828e+12	5.03e-35	1.49e-26	6.66e-19	8.34e-12	6.54e-04	3.19e-01	6.80e-01	0.00e+00	0.00e+00	0.00e+00	0.00e+00	0.00e+00	0.00e+00
 9.23093e+12	7.74e-35	2.13e-26	8.87e-19	1.03e-11	7.47e-04	3.36e-01	6.63e-01	0.00e+00	0.00e+00	0.00e+00	0.00e+00	0.00e+00	6.59e-112
 9.49859e+12	1.09e-34	2.83e-26	1.11e-18	1.22e-11	8.29e-04	3.50e-01	6.49e-01	0.00e+00	0.00e+00	0.00e+00	0.00e+00	0.00e+00	1.06e-95
 9.78000e+12	1.55e-34	3.80e-26	1.41e-18	1.45e-11	9.24e-04	3.64e-01	6.35e-01	0.00e+00	0.00e+00	0.00e+00	0.00e+00	0.00e+00	3.61e-111
 1.01458e+13	2.40e-34	5.48e-26	1.89e-18	1.80e-11	1.06e-03	3.83e-01	6.16e-01	0.00e+00	0.00e+00	0.00e+00	0.00e+00	0.00e+00	5.61e-95
 1.05309e+13	3.75e-34	7.94e-26	2.54e-18	2.23e-11	1.21e-03	4.02e-01	5.97e-01	0.00e+00	0.00e+00	0.00e+00	0.00e+00	0.00e+00	3.18e-110
 1.08637e+13	5.41e-34	1.08e-25	3.24e-18	2.67e-11	1.35e-03	4.18e-01	5.80e-01	0.00e+00	0.00e+00	0.00e+00	0.00e+00	0.00e+00	3.12e-94
 1.12192e+13	7.94e-34	1.48e-25	4.19e-18	3.22e-11	1.51e-03	4.36e-01	5.63e-01	0.00e+00	0.00e+00	0.00e+00	0.00e+00	0.00e+00	2.04e-109
 1.16635e+13	1.26e-33	2.17e-25	5.68e-18	4.02e-11	1.73e-03	4.57e-01	5.42e-01	0.00e+00	0.00e+00	0.00e+00	0.00e+00	0.00e+00	1.85e-93
 1.21226e+13	1.99e-33	3.17e-25	7.70e-18	5.01e-11	1.98e-03	4.78e-01	5.20e-01	0.00e+00	0.00e+00	0.00e+00	0.00e+00	0.00e+00	1.97e-108
 1.25357e+13	2.94e-33	4.40e-25	1.00e-17	6.06e-11	2.22e-03	4.96e-01	5.02e-01	0.00e+00	0.00e+00	0.00e+00	0.00e+00	0.00e+00	1.12e-92
 1.29895e+13	4.44e-33	6.19e-25	1.31e-17	7.38e-11	2.50e-03	5.15e-01	4.82e-01	0.00e+00	0.00e+00	0.00e+00	0.00e+00	0.00e+00	1.48e-107
 1.35259e+13	7.16e-33	9.21e-25	1.80e-17	9.30e-11	2.86e-03	5.37e-01	4.60e-01	0.00e+00	0.00e+00	0.00e+00	0.00e+00	0.00e+00	7.35e-92
 1.40649e+13	1.13e-32	1.34e-24	2.44e-17	1.16e-10	3.26e-03	5.59e-01	4.38e-01	0.00e+00	0.00e+00	0.00e+00	0.00e+00	0.00e+00	1.51e-106
 1.45493e+13	1.67e-32	1.86e-24	3.16e-17	1.40e-10	3.64e-03	5.77e-01	4.19e-01	0.00e+00	0.00e+00	0.00e+00	0.00e+00	0.00e+00	4.44e-91
 1.50672e+13	2.50e-32	2.60e-24	4.13e-17	1.69e-10	4.07e-03	5.96e-01	4.00e-01	0.00e+00	0.00e+00	0.00e+00	0.00e+00	0.00e+00	1.12e-105
 1.56511e+13	3.87e-32	3.74e-24	5.52e-17	2.09e-10	4.59e-03	6.16e-01	3.80e-01	0.00e+00	0.00e+00	0.00e+00	0.00e+00	0.00e+00	2.65e-90
 1.62079e+13	5.78e-32	5.21e-24	7.20e-17	2.52e-10	5.13e-03	6.34e-01	3.61e-01	0.00e+00	0.00e+00	0.00e+00	0.00e+00	0.00e+00	9.27e-105
 1.66779e+13	8.00e-32	6.83e-24	8.94e-17	2.95e-10	5.60e-03	6.48e-01	3.46e-01	0.00e+00	0.00e+00	0.00e+00	0.00e+00	0.00e+00	1.24e-89
 1.70810e+13	1.05e-31	8.53e-24	1.07e-16	3.35e-10	6.02e-03	6.60e-01	3.34e-01	0.00e+00	0.00e+00	0.00e+00	0.00e+00	0.00e+00	4.20e-104
 1.75380e+13	1.41e-31	1.09e-23	1.30e-16	3.86e-10	6.53e-03	6.73e-01	3.21e-01	0.00e+00	0.00e+00	0.00e+00	0.00e+00	0.00e+00	4.16e-89
 1.81321e+13	2.06e-31	1.49e-23	1.67e-16	4.61e-10	7.22e-03	6.88e-01	3.04e-01	0.00e+00	0.00e+00	0.00e+00	0.00e+00	0.00e+00	2.33e-103
 1.87535e+13	3.00e-31	2.05e-23	2.15e-16	5.52e-10	7.99e-03	7.04e-01	2.88e-01	0.00e+00	0.00e+00	0.00e+00	0.00e+00	0.00e+00	2.07e-88
 1.92809e+13	4.09e-31	2.65e-23	2.64e-16	6.39e-10	8.67e-03	7.16e-01	2.75e-01	0.00e+00	0.00e+00	0.00e+00	0.00e+00	0.00e+00	1.35e-102
 1.98370e+13	5.60e-31	3.43e-23	3.25e-16	7.41e-10	9.41e-03	7.28e-01	2.62e-01	0.00e+00	0.00e+00	0.00e+00	0.00e+00	0.00e+00	7.88e-88
 2.05600e+13	8.32e-31	4.76e-23	4.22e-16	8.93e-10	1.04e-02	7.43e-01	2.47e-01	0.00e+00	0.00e+00	0.00e+00	0.00e+00	0.00e+00	8.37e-102
 2.13109e+13	1.23e-30	6.61e-23	5.48e-16	1.08e-09	1.16e-02	7.57e-01	2.32e-01	0.00e+00	0.00e+00	0.00e+00	0.00e+00	0.00e+00	4.26e-87
 2.19427e+13	1.70e-30	8.60e-23	6.77e-16	1.25e-09	1.25e-02	7.68e-01	2.20e-01	0.00e+00	0.00e+00	0.00e+00	0.00e+00	0.00e+00	5.26e-101
 2.26087e+13	2.34e-30	1.12e-22	8.37e-16	1.45e-09	1.36e-02	7.78e-01	2.08e-01	0.00e+00	0.00e+00	0.00e+00	0.00e+00	0.00e+00	1.70e-86
 2.34597e+13	3.49e-30	1.56e-22	1.09e-15	1.75e-09	1.50e-02	7.90e-01	1.95e-01	0.00e+00	0.00e+00	0.00e+00	0.00e+00	0.00e+00	3.43e-100
 2.43531e+13	5.20e-30	2.18e-22	1.42e-15	2.11e-09	1.66e-02	8.02e-01	1.82e-01	0.00e+00	0.00e+00	0.00e+00	0.00e+00	0.00e+00	9.52e-86
 2.51443e+13	7.31e-30	2.88e-22	1.77e-15	2.47e-09	1.81e-02	8.11e-01	1.71e-01	0.00e+00	0.00e+00	0.00e+00	0.00e+00	0.00e+00	2.37e-99
 2.60011e+13	1.04e-29	3.85e-22	2.23e-15	2.90e-09	1.97e-02	8.20e-01	1.60e-01	0.00e+00	0.00e+00	0.00e+00	0.00e+00	0.00e+00	4.31e-85
 2.70300e+13	1.56e-29	5.40e-22	2.91e-15	3.50e-09	2.18e-02	8.29e-01	1.49e-01	0.00e+00	0.00e+00	0.00e+00	0.00e+00	0.00e+00	1.76e-98
 2.80849e+13	2.33e-29	7.50e-22	3.78e-15	4.20e-09	2.40e-02	8.38e-01	1.38e-01	0.00e+00	0.00e+00	0.00e+00	0.00e+00	0.00e+00	2.53e-84
 2.89845e+13	3.23e-29	9.81e-22	4.68e-15	4.87e-09	2.59e-02	8.44e-01	1.30e-01	0.00e+00	0.00e+00	0.00e+00	0.00e+00	0.00e+00	1.21e-97
 2.97505e+13	4.22e-29	1.22e-21	5.56e-15	5.50e-09	2.76e-02	8.49e-01	1.23e-01	0.00e+00	0.00e+00	0.00e+00	0.00e+00	0.00e+00	9.46e-84
 3.06168e+13	5.66e-29	1.56e-21	6.72e-15	6.26e-09	2.96e-02	8.54e-01	1.17e-01	0.00e+00	0.00e+00	0.00e+00	0.00e+00	0.00e+00	5.45e-97
 3.17429e+13	8.18e-29	2.11e-21	8.52e-15	7.39e-09	3.22e-02	8.59e-01	1.09e-01	0.00e+00	0.00e+00	0.00e+00	0.00e+00	0.00e+00	4.17e-83
 3.29396e+13	1.19e-28	2.87e-21	1.09e-14	8.74e-09	3.51e-02	8.64e-01	1.01e-01	0.00e+00	0.00e+00	0.00e+00	0.00e+00	0.00e+00	4.06e-96
 3.39762e+13	1.63e-28	3.71e-21	1.33e-14	1.00e-08	3.77e-02	8.68e-01	9.47e-02	0.00e+00	0.00e+00	0.00e+00	0.00e+00	0.00e+00	1.98e-82
 3.49081e+13	2.14e-28	4.63e-21	1.58e-14	1.13e-08	4.01e-02	8.70e-01	8.97e-02	0.00e+00	0.00e+00	0.00e+00	0.00e+00	0.00e+00	1.99e-95
 3.59556e+13	2.88e-28	5.90e-21	1.90e-14	1.29e-08	4.28e-02	8.73e-01	8.45e-02	0.00e+00	0.00e+00	0.00e+00	0.00e+00	0.00e+00	7.25e-82
 3.72936e+13	4.16e-28	7.96e-21	2.40e-14	1.51e-08	4.64e-02	8.75e-01	7.84e-02	0.00e+00	0.00e+00	0.00e+00	0.00e+00	0.00e+00	1.22e-94
 3.86709e+13	5.98e-28	1.07e-20	3.02e-14	1.76e-08	5.02e-02	8.77e-01	7.28e-02	0.00e+00	0.00e+00	0.00e+00	0.00e+00	0.00e+00	3.85e-81
 3.98561e+13	8.07e-28	1.36e-20	3.64e-14	2.01e-08	5.35e-02	8.78e-01	6.84e-02	0.00e+00	0.00e+00	0.00e+00	0.00e+00	0.00e+00	7.50e-94
 4.11300e+13	1.10e-27	1.76e-20	4.42e-14	2.29e-08	5.72e-02	8.79e-01	6.41e-02	0.00e+00	0.00e+00	0.00e+00	0.00e+00	0.00e+00	1.59e-80
 4.27019e+13	1.60e-27	2.38e-20	5.58e-14	2.68e-08	6.19e-02	8.79e-01	5.93e-02	0.00e+00	0.00e+00	0.00e+00	0.00e+00	0.00e+00	4.96e-93
 4.43181e+13	2.31e-27	3.20e-20	7.01e-14	3.13e-08	6.69e-02	8.78e-01	5.49e-02	0.00e+00	0.00e+00	0.00e+00	0.00e+00	0.00e+00	8.88e-80
 4.57828e+13	3.19e-27	4.15e-20	8.55e-14	3.58e-08	7.14e-02	8.77e-01	5.13e-02	0.00e+00	0.00e+00	0.00e+00	0.00e+00	0.00e+00	3.34e-92
 4.73937e+13	4.48e-27	5.46e-20	1.05e-13	4.12e-08	7.66e-02	8.76e-01	4.77e-02	0.00e+00	0.00e+00	0.00e+00	0.00e+00	0.00e+00	4.19e-79
 4.92853e+13	6.58e-27	7.44e-20	1.34e-13	4.83e-08	8.28e-02	8.73e-01	4.38e-02	0.00e+00	0.00e+00	0.00e+00	0.00e+00	0.00e+00	2.51e-91
 5.11476e+13	9.46e-27	9.98e-20	1.67e-13	5.61e-08	8.91e-02	8.70e-01	4.05e-02	0.00e+00	0.00e+00	0.00e+00	0.00e+00	0.00e+00	2.43e-78
 5.27926e+13	1.29e-26	1.28e-19	2.02e-13	6.37e-08	9.48e-02	8.67e-01	3.78e-02	0.00e+00	0.00e+00	0.00e+00	0.00e+00	0.00e+00	1.65e-90
 5.45491e+13	1.77e-26	1.66e-19	2.45e-13	7.25e-08	1.01e-01	8.64e-01	3.52e-02	0.00e+00	0.00e+00	0.00e+00	0.00e+00	0.00e+00	1.08e-77
 5.66677e+13	2.57e-26	2.23e-19	3.08e-13	8.45e-08	1.09e-01	8.59e-01	3.24e-02	0.00e+00	0.00e+00	0.00e+00	0.00e+00	0.00e+00	1.14e-89
 5.87719e+13	3.67e-26	2.97e-19	3.82e-13	9.75e-08	1.16e-01	8.54e-01	2.99e-02	0.00e+00	0.00e+00	0.00e+00	0.00e+00	0.00e+00	6.04e-77
 6.05471e+13	4.90e-26	3.74e-19	4.55e-13	1.10e-07	1.23e-01	8.49e-01	2.80e-02	0.00e+00	0.00e+00	0.00e+00	0.00e+00	0.00e+00	7.01e-89
 6.20633e+13	6.23e-26	4.54e-19	5.27e-13	1.21e-07	1.29e-01	8.45e-01	2.64e-02	0.00e+00	0.00e+00	0.00e+00	0.00e+00	0.00e+00	2.12e-76
 6.37178e+13	8.03e-26	5.57e-19	6.14e-13	1.34e-07	1.35e-01	8.40e-01	2.49e-02	0.00e+00	0.00e+00	0.00e+00	0.00e+00	0.00e+00	3.90e-76
 6.58686e+13	1.11e-25	7.21e-19	7.47e-13	1.52e-07	1.44e-01	8.33e-01	2.31e-02	0.00e+00	0.00e+00	0.00e+00	0.00e+00	0.00e+00	8.37e-76
 6.80864e+13	1.52e-25	9.31e-19	9.06e-13	1.73e-07	1.52e-01	8.26e-01	2.14e-02	0.00e+00	0.00e+00	0.00e+00	0.00e+00	0.00e+00	1.80e-75
 6.99338e+13	1.97e-25	1.14e-18	1.06e-12	1.91e-07	1.60e-01	8.20e-01	2.01e-02	0.00e+00	0.00e+00	0.00e+00	0.00e+00	0.00e+00	3.33e-75
 7.18777e+13	2.57e-25	1.41e-18	1.24e-12	2.12e-07	1.68e-01	8.14e-01	1.89e-02	0.00e+00	0.00e+00	0.00e+00	0.00e+00	0.00e+00	6.27e-75
 7.44049e+13	3.57e-25	1.84e-18	1.52e-12	2.43e-07	1.78e-01	8.05e-01	1.74e-02	0.00e+00	0.00e+00	0.00e+00	0.00e+00	0.00e+00	1.38e-74
 7.70304e+13	4.98e-25	2.40e-18	1.85e-12	2.76e-07	1.89e-01	7.95e-01	1.60e-02	0.00e+00	0.00e+00	0.00e+00	0.00e+00	0.00e+00	3.07e-74
 7.92507e+13	6.53e-25	2.99e-18	2.18e-12	3.07e-07	1.98e-01	7.87e-01	1.49e-02	0.00e+00	0.00e+00	0.00e+00	0.00e+00	0.00e+00	5.89e-74
 8.16039e+13	8.63e-25	3.73e-18	2.57e-12	3.43e-07	2.08e-01	7.78e-01	1.39e-02	0.00e+00	0.00e+00	0.00e+00	0.00e+00	0.00e+00	1.15e-73
 8.46076e+13	1.22e-24	4.91e-18	3.17e-12	3.93e-07	2.21e-01	7.66e-01	1.27e-02	0.00e+00	0.00e+00	0.00e+00	0.00e+00	0.00e+00	2.63e-73
 8.77215e+13	1.71e-24	6.46e-18	3.89e-12	4.49e-07	2.34e-01	7.54e-01	1.16e-02	0.00e+00	0.00e+00	0.00e+00	0.00e+00	0.00e+00	6.01e-73
 9.04331e+13	2.28e-24	8.12e-18	4.61e-12	5.01e-07	2.46e-01	7.43e-01	1.07e-02	0.00e+00	0.00e+00	0.00e+00	0.00e+00	0.00e+00	1.21e-72
 9.33571e+13	3.08e-24	1.03e-17	5.51e-12	5.63e-07	2.58e-01	7.32e-01	9.90e-03	0.00e+00	0.00e+00	0.00e+00	0.00e+00	0.00e+00	2.50e-72
 9.69249e+13	4.39e-24	1.37e-17	6.81e-12	6.45e-07	2.74e-01	7.17e-01	8.98e-03	0.00e+00	0.00e+00	0.00e+00	0.00e+00	0.00e+00	5.86e-72
 1.00490e+14	6.15e-24	1.79e-17	8.32e-12	7.33e-07	2.89e-01	7.03e-01	8.17e-03	0.00e+00	0.00e+00	0.00e+00	0.00e+00	0.00e+00	1.33e-71
 1.03635e+14	8.20e-24	2.25e-17	9.86e-12	8.18e-07	3.02e-01	6.90e-01	7.53e-03	0.00e+00	0.00e+00	0.00e+00	0.00e+00	0.00e+00	2.69e-71
 1.07076e+14	1.11e-23	2.86e-17	1.18e-11	9.17e-07	3.17e-01	6.76e-01	6.90e-03	0.00e+00	0.00e+00	0.00e+00	0.00e+00	0.00e+00	5.64e-71
 1.11215e+14	1.58e-23	3.78e-17	1.45e-11	1.05e-06	3.34e-01	6.59e-01	6.22e-03	0.00e+00	0.00e+00	0.00e+00	0.00e+00	0.00e+00	1.33e-70
 1.15342e+14	2.21e-23	4.94e-17	1.77e-11	1.19e-06	3.52e-01	6.43e-01	5.62e-03	0.00e+00	0.00e+00	0.00e+00	1.57e-17	3.36e-17	3.03e-70
 1.19073e+14	2.96e-23	6.22e-17	2.10e-11	1.32e-06	3.67e-01	6.28e-01	5.15e-03	0.00e+00	0.00e+00	0.00e+00	2.06e-17	4.16e-17	6.24e-70
 1.23213e+14	4.04e-23	7.97e-17	2.52e-11	1.48e-06	3.83e-01	6.12e-01	4.67e-03	0.00e+00	0.00e+00	0.00e+00	2.64e-17	5.33e-17	1.35e-69
 1.28079e+14	5.76e-23	1.05e-16	3.10e-11	1.69e-06	4.03e-01	5.93e-01	4.18e-03	0.00e+00	0.00e+00	0.00e+00	3.50e-17	7.04e-17	3.23e-69
 1.32882e+14	8.04e-23	1.37e-16	3.75e-11	1.90e-06	4.21e-01	5.75e-01	3.76e-03	0.00e+00	0.00e+00	0.00e+00	4.55e-17	9.17e-17	7.42e-69
 1.37373e+14	1.09e-22	1.74e-16	4.46e-11	2.12e-06	4.38e-01	5.59e-01	3.41e-03	0.00e+00	0.00e+00	0.00e+00	5.76e-17	1.16e-16	1.57e-68
 1.42395e+14	1.50e-22	2.24e-16	5.38e-11	2.38e-06	4.56e-01	5.41e-01	3.07e-03	0.00e+00	0.00e+00	0.00e+00	7.43e-17	1.50e-16	3.52e-68
 1.47594e+14	2.07e-22	2.89e-16	6.46e-11	2.66e-06	4.75e-01	5.23e-01	2.76e-03	0.00e+00	0.00e+00	0.00e+00	9.57e-17	1.93e-16	7.88e-68
 1.51701e+14	2.65e-22	3.50e-16	7.43e-11	2.90e-06	4.89e-01	5.09e-01	2.54e-03	0.00e+00	0.00e+00	0.00e+00	1.16e-16	2.34e-16	1.46e-67
 1.55102e+14	3.23e-22	4.09e-16	8.32e-11	3.10e-06	5.00e-01	4.98e-01	2.37e-03	0.00e+00	0.00e+00	0.00e+00	1.35e-16	2.73e-16	2.41e-67
 1.58978e+14	4.02e-22	4.85e-16	9.42e-11	3.35e-06	5.13e-01	4.85e-01	2.20e-03	0.00e+00	0.00e+00	0.00e+00	1.61e-16	3.25e-16	4.20e-67
 1.64017e+14	5.30e-22	6.03e-16	1.10e-10	3.68e-06	5.29e-01	4.69e-01	2.00e-03	0.00e+00	0.00e+00	0.00e+00	2.00e-16	4.03e-16	8.46e-67
 1.69383e+14	7.06e-22	7.54e-16	1.29e-10	4.05e-06	5.45e-01	4.53e-01	1.81e-03	0.00e+00	0.00e+00	0.00e+00	2.50e-16	5.04e-16	1.75e-66
 1.74093e+14	8.99e-22	9.10e-16	1.48e-10	4.39e-06	5.59e-01	4.40e-01	1.66e-03	0.00e+00	0.00e+00	0.00e+00	3.02e-16	6.09e-16	3.29e-66
 1.79135e+14	1.16e-21	1.11e-15	1.70e-10	4.77e-06	5.73e-01	4.25e-01	1.51e-03	0.00e+00	0.00e+00	0.00e+00	3.67e-16	7.40e-16	6.19e-66
 1.85639e+14	1.58e-21	1.41e-15	2.03e-10	5.28e-06	5.91e-01	4.08e-01	1.35e-03	0.00e+00	0.00e+00	0.00e+00	4.67e-16	9.44e-16	1.38e-65
 1.92288e+14	2.15e-21	1.79e-15	2.40e-10	5.84e-06	6.08e-01	3.91e-01	1.20e-03	0.00e+00	0.00e+00	0.00e+00	5.93e-16	1.20e-15	3.05e-65
 1.97830e+14	2.75e-21	2.17e-15	2.75e-10	6.32e-06	6.21e-01	3.77e-01	1.10e-03	0.00e+00	0.00e+00	0.00e+00	7.18e-16	1.45e-15	5.77e-65
 2.03692e+14	3.55e-21	2.64e-15	3.16e-10	6.85e-06	6.35e-01	3.64e-01	9.98e-04	0.00e+00	0.00e+00	0.00e+00	8.74e-16	1.77e-15	1.11e-64
 2.11160e+14	4.84e-21	3.36e-15	3.74e-10	7.56e-06	6.52e-01	3.47e-01	8.86e-04	0.00e+00	0.00e+00	0.00e+00	1.11e-15	2.25e-15	2.50e-64
 2.19010e+14	6.63e-21	4.28e-15	4.44e-10	8.34e-06	6.68e-01	3.31e-01	7.85e-04	0.00e+00	0.00e+00	0.00e+00	1.42e-15	2.86e-15	5.68e-64
 2.25991e+14	8.70e-21	5.27e-15	5.14e-10	9.06e-06	6.82e-01	3.17e-01	7.06e-04	0.00e+00	0.00e+00	0.00e+00	1.74e-15	3.53e-15	1.15e-63
 2.33546e+14	1.15e-20	6.56e-15	5.99e-10	9.88e-06	6.96e-01	3.03e-01	6.32e-04	0.00e+00	0.00e+00	0.00e+00	2.17e-15	4.39e-15	2.42e-63
 2.42588e+14	1.60e-20	8.43e-15	7.13e-10	1.09e-05	7.12e-01	2.87e-01	5.55e-04	0.00e+00	0.00e+00	0.00e+00	2.79e-15	5.64e-15	5.69e-63
 2.51539e+14	2.18e-20	1.07e-14	8.42e-10	1.20e-05	7.27e-01	2.73e-01	4.90e-04	0.00e+00	0.00e+00	0.00e+00	3.53e-15	7.16e-15	1.29e-62
 2.59620e+14	2.86e-20	1.31e-14	9.72e-10	1.30e-05	7.39e-01	2.60e-01	4.39e-04	0.00e+00	0.00e+00	0.00e+00	4.34e-15	8.80e-15	2.62e-62
 2.68596e+14	3.81e-20	1.64e-14	1.13e-09	1.41e-05	7.52e-01	2.48e-01	3.90e-04	0.00e+00	0.00e+00	0.00e+00	5.42e-15	1.10e-14	5.62e-62
 2.79158e+14	5.28e-20	2.10e-14	1.35e-09	1.55e-05	7.66e-01	2.33e-01	3.41e-04	0.00e+00	0.00e+00	0.00e+00	6.95e-15	1.41e-14	1.34e-61
 2.89623e+14	7.20e-20	2.67e-14	1.59e-09	1.70e-05	7.79e-01	2.21e-01	2.99e-04	0.00e+00	0.00e+00	0.00e+00	8.81e-15	1.79e-14	3.05e-61
 2.99436e+14	9.53e-20	3.31e-14	1.84e-09	1.84e-05	7.90e-01	2.09e-01	2.65e-04	0.00e+00	0.00e+00	0.00e+00	1.09e-14	2.21e-14	6.43e-61
 3.10373e+14	1.29e-19	4.16e-14	2.15e-09	2.01e-05	8.02e-01	1.98e-01	2.33e-04	0.00e+00	0.00e+00	0.00e+00	1.37e-14	2.79e-14	1.44e-60
 3.21549e+14	1.73e-19	5.21e-14	2.52e-09	2.19e-05	8.13e-01	1.87e-01	2.05e-04	0.00e+00	0.00e+00	0.00e+00	1.72e-14	3.49e-14	3.16e-60
 3.30329e+14	2.17e-19	6.19e-14	2.83e-09	2.33e-05	8.21e-01	1.79e-01	1.86e-04	0.00e+00	0.00e+00	0.00e+00	2.04e-14	4.15e-14	5.77e-60
 3.38847e+14	2.68e-19	7.27e-14	3.16e-09	2.47e-05	8.29e-01	1.71e-01	1.69e-04	0.00e+00	0.00e+00	0.00e+00	2.40e-14	4.87e-14	1.02e-59
 3.49921e+14	3.50e-19	8.91e-14	3.64e-09	2.67e-05	8.38e-01	1.62e-01	1.50e-04	0.00e+00	0.00e+00	0.00e+00	2.94e-14	5.97e-14	2.08e-59
 3.61492e+14	4.58e-19	1.09e-13	4.19e-09	2.88e-05	8.46e-01	1.54e-01	1.33e-04	0.00e+00	0.00e+00	0.00e+00	3.60e-14	7.34e-14	4.28e-59
 3.71306e+14	5.71e-19	1.29e-13	4.70e-09	3.06e-05	8.53e-01	1.47e-01	1.21e-04	0.00e+00	0.00e+00	0.00e+00	4.26e-14	8.68e-14	7.75e-59
 3.81661e+14	7.16e-19	1.54e-13	5.29e-09	3.26e-05	8.60e-01	1.40e-01	1.09e-04	0.00e+00	0.00e+00	0.00e+00	5.07e-14	1.03e-13	1.42e-58
 3.95122e+14	9.51e-19	1.91e-13	6.14e-09	3.54e-05	8.68e-01	1.32e-01	9.54e-05	0.00e+00	0.00e+00	0.00e+00	6.29e-14	1.28e-13	3.06e-58
 4.09068e+14	1.26e-18	2.37e-13	7.13e-09	3.83e-05	8.76e-01	1.24e-01	8.36e-05	0.00e+00	0.00e+00	0.00e+00	7.81e-14	1.59e-13	6.58e-58
 4.20786e+14	1.59e-18	2.83e-13	8.04e-09	4.08e-05	8.82e-01	1.18e-01	7.51e-05	0.00e+00	0.00e+00	0.00e+00	9.31e-14	1.90e-13	1.23e-57
 4.33163e+14	2.01e-18	3.39e-13	9.10e-09	4.36e-05	8.88e-01	1.12e-01	6.71e-05	0.00e+00	0.00e+00	0.00e+00	1.11e-13	2.27e-13	2.32e-57
 4.48976e+14	2.70e-18	4.23e-13	1.06e-08	4.73e-05	8.95e-01	1.05e-01	5.84e-05	0.00e+00	0.00e+00	0.00e+00	1.39e-13	2.84e-13	5.08e-57
 4.65530e+14	3.61e-18	5.30e-13	1.24e-08	5.14e-05	9.02e-01	9.78e-02	5.07e-05	0.00e+00	0.00e+00	0.00e+00	1.74e-13	3.56e-13	1.12e-56
 4.79976e+14	4.63e-18	6.39e-13	1.41e-08	5.50e-05	9.08e-01	9.24e-02	4.50e-05	0.00e+00	0.00e+00	0.00e+00	2.10e-13	4.30e-13	2.19e-56
 4.95410e+14	5.97e-18	7.77e-13	1.61e-08	5.91e-05	9.13e-01	8.70e-02	3.97e-05	0.00e+00	0.00e+00	0.00e+00	2.55e-13	5.22e-13	4.35e-56
 5.14232e+14	8.05e-18	9.77e-13	1.89e-08	6.43e-05	9.19e-01	8.11e-02	3.43e-05	0.00e+00	0.00e+00	0.00e+00	3.20e-13	6.57e-13	9.80e-56
 5.32998e+14	1.07e-17	1.22e-12	2.20e-08	6.97e-05	9.24e-01	7.57e-02	2.97e-05	0.00e+00	0.00e+00	0.00e+00	3.99e-13	8.18e-13	2.13e-55
 5.49470e+14	1.37e-17	1.47e-12	2.50e-08	7.45e-05	9.29e-01	7.14e-02	2.63e-05	0.00e+00	0.00e+00	0.00e+00	4.80e-13	9.86e-13	4.13e-55
 5.67418e+14	1.77e-17	1.78e-12	2.86e-08	8.01e-05	9.33e-01	6.70e-02	2.31e-05	0.00e+00	0.00e+00	0.00e+00	5.84e-13	1.20e-12	8.25e-55
 5.89128e+14	2.38e-17	2.24e-12	3.35e-08	8.71e-05	9.38e-01	6.23e-02	1.98e-05	0.00e+00	0.00e+00	0.00e+00	7.34e-13	1.51e-12	1.86e-54
 6.10735e+14	3.17e-17	2.79e-12	3.90e-08	9.44e-05	9.42e-01	5.80e-02	1.71e-05	0.00e+00	0.00e+00	0.00e+00	9.13e-13	1.88e-12	4.03e-54
 6.29983e+14	4.05e-17	3.37e-12	4.45e-08	1.01e-04	9.45e-01	5.46e-02	1.51e-05	0.00e+00	0.00e+00	0.00e+00	1.10e-12	2.27e-12	7.88e-54
 6.51157e+14	5.24e-17	4.12e-12	5.11e-08	1.09e-04	9.49e-01	5.11e-02	1.32e-05	4.26e-18	1.28e-17	2.14e-17	1.34e-12	2.77e-12	1.60e-53
 6.76403e+14	7.07e-17	5.18e-12	6.00e-08	1.19e-04	9.53e-01	4.73e-02	1.12e-05	5.74e-18	1.73e-17	2.88e-17	1.69e-12	3.49e-12	3.61e-53
 7.01381e+14	9.39e-17	6.45e-12	6.98e-08	1.28e-04	9.56e-01	4.39e-02	9.68e-06	7.63e-18	2.29e-17	3.83e-17	2.10e-12	4.34e-12	7.86e-53
 7.24101e+14	1.20e-16	7.81e-12	7.98e-08	1.38e-04	9.59e-01	4.12e-02	8.49e-06	9.79e-18	2.94e-17	4.92e-17	2.55e-12	5.26e-12	1.56e-52
 7.45570e+14	1.51e-16	9.31e-12	9.02e-08	1.47e-04	9.61e-01	3.88e-02	7.51e-06	1.23e-17	3.69e-17	6.17e-17	3.03e-12	6.27e-12	2.91e-52
 7.65188e+14	1.85e-16	1.09e-11	1.01e-07	1.56e-04	9.63e-01	3.68e-02	6.74e-06	1.50e-17	4.52e-17	7.55e-17	3.54e-12	7.33e-12	5.07e-52
 7.86272e+14	2.28e-16	1.28e-11	1.13e-07	1.65e-04	9.65e-01	3.48e-02	6.01e-06	1.86e-17	5.58e-17	9.33e-17	4.17e-12	8.63e-12	9.05e-52
 8.09783e+14	2.86e-16	1.53e-11	1.27e-07	1.77e-04	9.67e-01	3.27e-02	5.31e-06	2.33e-17	7.01e-17	1.17e-16	4.97e-12	1.03e-11	1.70e-51
 8.31729e+14	3.52e-16	1.79e-11	1.42e-07	1.87e-04	9.69e-01	3.10e-02	4.75e-06	2.87e-17	8.62e-17	1.44e-16	5.83e-12	1.21e-11	3.01e-51
 8.55540e+14	4.38e-16	2.12e-11	1.60e-07	1.99e-04	9.71e-01	2.92e-02	4.22e-06	3.57e-17	1.07e-16	1.79e-16	6.89e-12	1.43e-11	5.50e-51
 8.82058e+14	5.54e-16	2.54e-11	1.82e-07	2.13e-04	9.72e-01	2.74e-02	3.71e-06	4.51e-17	1.36e-16	2.27e-16	8.27e-12	1.72e-11	1.05e-50
 9.06823e+14	6.85e-16	3.00e-11	2.04e-07	2.27e-04	9.74e-01	2.59e-02	3.30e-06	5.58e-17	1.68e-16	2.80e-16	9.75e-12	2.03e-11	1.91e-50
 9.33741e+14	8.57e-16	3.57e-11	2.31e-07	2.42e-04	9.75e-01	2.43e-02	2.91e-06	6.99e-17	2.10e-16	3.51e-16	1.16e-11	2.41e-11	3.56e-50
 9.63849e+14	1.09e-15	4.31e-11	2.64e-07	2.59e-04	9.77e-01	2.28e-02	2.55e-06	8.91e-17	2.68e-16	4.47e-16	1.40e-11	2.91e-11	7.01e-50
 9.92213e+14	1.36e-15	5.12e-11	2.97e-07	2.76e-04	9.78e-01	2.14e-02	2.25e-06	1.11e-16	3.34e-16	5.59e-16	1.66e-11	3.46e-11	1.31e-49
 1.02320e+15	1.72e-15	6.14e-11	3.38e-07	2.96e-04	9.80e-01	2.01e-02	1.98e-06	1.41e-16	4.22e-16	7.06e-16	1.99e-11	4.15e-11	2.52e-49
 1.05791e+15	2.22e-15	7.49e-11	3.88e-07	3.18e-04	9.81e-01	1.87e-02	1.71e-06	1.81e-16	5.44e-16	9.10e-16	2.43e-11	5.06e-11	5.13e-49
 1.09082e+15	2.80e-15	8.98e-11	4.41e-07	3.40e-04	9.82e-01	1.75e-02	1.50e-06	2.29e-16	6.87e-16	1.15e-15	2.91e-11	6.07e-11	9.91e-49
 1.12693e+15	3.58e-15	1.09e-10	5.04e-07	3.66e-04	9.83e-01	1.64e-02	1.31e-06	2.93e-16	8.80e-16	1.47e-15	3.53e-11	7.35e-11	1.98e-48
 1.16759e+15	4.68e-15	1.34e-10	5.84e-07	3.95e-04	9.84e-01	1.52e-02	1.12e-06	3.83e-16	1.15e-15	1.92e-15	4.35e-11	9.07e-11	4.23e-48
 1.20631e+15	5.97e-15	1.62e-10	6.68e-07	4.24e-04	9.85e-01	1.42e-02	9.78e-07	4.89e-16	1.47e-15	2.45e-15	5.26e-11	1.10e-10	8.48e-48
 1.24878e+15	7.74e-15	1.99e-10	7.71e-07	4.58e-04	9.86e-01	1.31e-02	0.00e+00	6.34e-16	1.90e-15	3.18e-15	6.45e-11	1.35e-10	1.77e-47
 1.29613e+15	1.02e-14	2.48e-10	9.00e-07	4.97e-04	9.87e-01	1.21e-02	0.00e+00	8.37e-16	2.51e-15	4.20e-15	8.02e-11	1.67e-10	3.91e-47
 1.34026e+15	1.31e-14	3.02e-10	1.03e-06	5.35e-04	9.88e-01	1.13e-02	0.00e+00	1.07e-15	3.23e-15	5.40e-15	9.76e-11	2.04e-10	8.00e-47
 1.38805e+15	1.70e-14	3.70e-10	1.19e-06	5.78e-04	9.89e-01	1.05e-02	0.00e+00	1.40e-15	4.19e-15	7.00e-15	1.20e-10	2.50e-10	1.68e-46
 1.44187e+15	2.25e-14	4.62e-10	1.40e-06	6.28e-04	9.90e-01	9.64e-03	0.00e+00	1.85e-15	5.55e-15	9.27e-15	1.50e-10	3.13e-10	3.76e-46
 1.49287e+15	2.91e-14	5.66e-10	1.61e-06	6.78e-04	9.90e-01	8.94e-03	0.00e+00	2.39e-15	7.17e-15	1.20e-14	1.83e-10	3.83e-10	7.86e-46
 1.53403e+15	3.54e-14	6.64e-10	1.81e-06	7.21e-04	9.91e-01	8.42e-03	0.00e+00	2.91e-15	8.74e-15	1.46e-14	2.15e-10	4.49e-10	1.40e-45
 1.56660e+15	4.12e-14	7.50e-10	1.97e-06	7.55e-04	9.91e-01	8.04e-03	0.00e+00	3.39e-15	1.02e-14	1.70e-14	2.43e-10	5.07e-10	2.17e-45
 1.60251e+15	4.87e-14	8.55e-10	2.17e-06	7.94e-04	9.92e-01	7.66e-03	0.00e+00	4.00e-15	1.20e-14	2.01e-14	2.77e-10	5.78e-10	3.50e-45
 1.64918e+15	5.99e-14	1.01e-09	2.44e-06	8.47e-04	9.92e-01	7.18e-03	0.00e+00	4.93e-15	1.48e-14	2.47e-14	3.27e-10	6.83e-10	6.40e-45
 1.69923e+15	7.42e-14	1.20e-09	2.76e-06	9.06e-04	9.92e-01	6.72e-03	0.00e+00	6.11e-15	1.83e-14	3.07e-14	3.88e-10	8.11e-10	1.20e-44
 1.74343e+15	8.90e-14	1.39e-09	3.07e-06	9.59e-04	9.93e-01	6.35e-03	0.00e+00	7.33e-15	2.20e-14	3.68e-14	4.50e-10	9.39e-10	2.03e-44
 1.79064e+15	1.01e-13	1.62e-09	3.43e-06	1.02e-03	9.93e-01	5.98e-03	0.00e+00	8.35e-15	2.51e-14	4.19e-14	5.24e-10	1.10e-09	3.47e-44
 1.85202e+15	1.28e-13	1.97e-09	3.95e-06	1.10e-03	9.93e-01	5.55e-03	0.00e+00	1.05e-14	3.17e-14	5.29e-14	6.36e-10	1.33e-09	6.98e-44
 1.91422e+15	1.60e-13	2.37e-09	4.53e-06	1.19e-03	9.94e-01	5.15e-03	0.00e+00	1.32e-14	3.95e-14	6.61e-14	7.68e-10	1.60e-09	1.37e-43
 1.96434e+15	1.90e-13	2.75e-09	5.04e-06	1.26e-03	9.94e-01	4.86e-03	0.00e+00	1.57e-14	4.70e-14	7.86e-14	8.90e-10	1.86e-09	2.34e-43
 2.01635e+15	2.26e-13	3.18e-09	5.61e-06	1.33e-03	9.94e-01	4.57e-03	0.00e+00	1.87e-14	5.60e-14	9.36e-14	1.03e-09	2.15e-09	3.98e-43
 2.08397e+15	2.81e-13	3.84e-09	6.44e-06	1.44e-03	9.94e-01	4.24e-03	0.00e+00	2.32e-14	6.97e-14	1.17e-13	1.24e-09	2.59e-09	7.79e-43
 2.15570e+15	3.49e-13	4.64e-09	7.41e-06	1.56e-03	9.95e-01	3.92e-03	0.00e+00	2.89e-14	8.67e-14	1.45e-13	1.50e-09	3.13e-09	1.54e-42
 2.21826e+15	4.18e-13	5.44e-09	8.34e-06	1.66e-03	9.95e-01	3.67e-03	0.00e+00	3.46e-14	1.04e-13	1.74e-13	1.76e-09	3.68e-09	2.74e-42
 2.28507e+15	5.05e-13	6.42e-09	9.43e-06	1.78e-03	9.95e-01	3.43e-03	0.00e+00	4.19e-14	1.26e-13	2.10e-13	2.08e-09	4.33e-09	4.98e-42
 2.36930e+15	6.34e-13	7.85e-09	1.10e-05	1.94e-03	9.95e-01	3.15e-03	0.00e+00	5.27e-14	1.58e-13	2.64e-13	2.55e-09	5.30e-09	1.06e-41
 2.45635e+15	7.89e-13	9.57e-09	1.27e-05	2.11e-03	9.95e-01	2.89e-03	0.00e+00	6.56e-14	1.97e-13	3.29e-13	3.11e-09	6.47e-09	2.15e-41
 2.53283e+15	9.47e-13	1.13e-08	1.44e-05	2.27e-03	9.95e-01	2.69e-03	0.00e+00	7.88e-14	2.37e-13	3.95e-13	3.68e-09	7.65e-09	3.95e-41
 2.61541e+15	1.15e-12	1.35e-08	1.65e-05	2.44e-03	9.95e-01	2.50e-03	0.00e+00	9.61e-14	2.89e-13	4.82e-13	4.39e-09	9.13e-09	7.55e-41
 2.71534e+15	1.43e-12	1.65e-08	1.93e-05	2.67e-03	9.95e-01	2.28e-03	0.00e+00	1.19e-13	3.59e-13	5.99e-13	5.38e-09	1.12e-08	1.57e-40
 2.81513e+15	1.75e-12	2.01e-08	2.24e-05	2.91e-03	9.95e-01	2.09e-03	0.00e+00	1.46e-13	4.39e-13	7.34e-13	6.54e-09	1.36e-08	3.20e-40
 2.90437e+15	2.08e-12	2.38e-08	2.54e-05	3.13e-03	9.95e-01	1.94e-03	0.00e+00	1.74e-13	5.23e-13	8.73e-13	7.74e-09	1.60e-08	5.92e-40
 2.98060e+15	2.39e-12	2.73e-08	2.83e-05	3.33e-03	9.95e-01	1.82e-03	0.00e+00	2.00e-13	6.01e-13	1.00e-12	8.89e-09	1.84e-08	9.83e-40
 3.04646e+15	2.69e-12	3.07e-08	3.09e-05	3.51e-03	9.95e-01	1.73e-03	0.00e+00	2.26e-13	6.78e-13	1.13e-12	9.99e-09	2.07e-08	1.51e-39
 3.12082e+15	3.07e-12	3.49e-08	3.41e-05	3.72e-03	9.95e-01	1.63e-03	0.00e+00	2.58e-13	7.74e-13	1.29e-12	1.14e-08	2.35e-08	2.42e-39
 3.21750e+15	3.63e-12	4.11e-08	3.87e-05	4.00e-03	9.94e-01	1.51e-03	0.00e+00	3.05e-13	9.15e-13	1.53e-12	1.34e-08	2.77e-08	4.48e-39
 3.31648e+15	4.23e-12	4.82e-08	4.38e-05	4.30e-03	9.94e-01	1.40e-03	0.00e+00	3.56e-13	1.07e-12	1.79e-12	1.57e-08	3.25e-08	8.12e-39
 3.39726e+15	4.79e-12	5.46e-08	4.84e-05	4.56e-03	9.94e-01	1.32e-03	0.00e+00	4.04e-13	1.21e-12	2.02e-12	1.78e-08	3.68e-08	1.30e-38
 3.48105e+15	5.45e-12	6.21e-08	5.34e-05	4.83e-03	9.94e-01	1.25e-03	0.00e+00	4.59e-13	1.38e-12	2.30e-12	2.03e-08	4.19e-08	2.09e-38
 3.58998e+15	6.39e-12	7.32e-08	6.06e-05	5.20e-03	9.94e-01	1.15e-03	0.00e+00	5.40e-13	1.62e-12	2.71e-12	2.39e-08	4.93e-08	3.87e-38
 3.70299e+15	7.44e-12	8.61e-08	6.88e-05	5.61e-03	9.93e-01	1.07e-03	0.00e+00	6.29e-13	1.89e-12	3.15e-12	2.81e-08	5.80e-08	7.11e-38
 3.79771e+15	8.43e-12	9.81e-08	7.62e-05	5.96e-03	9.93e-01	1.00e-03	0.00e+00	7.14e-13	2.14e-12	3.58e-12	3.21e-08	6.60e-08	1.16e-37
 3.89727e+15	9.63e-12	1.12e-07	8.47e-05	6.34e-03	9.93e-01	9.42e-04	0.00e+00	8.16e-13	2.45e-12	4.09e-12	3.68e-08	7.56e-08	1.95e-37
 4.02670e+15	1.14e-11	1.34e-07	9.68e-05	6.86e-03	9.92e-01	8.68e-04	0.00e+00	9.64e-13	2.89e-12	4.83e-12	4.37e-08	8.99e-08	3.75e-37
 4.16090e+15	1.33e-11	1.58e-07	1.11e-04	7.42e-03	9.92e-01	8.00e-04	0.00e+00	1.13e-12	3.39e-12	5.65e-12	5.19e-08	1.07e-07	7.17e-37
 4.27398e+15	1.50e-11	1.82e-07	1.23e-04	7.91e-03	9.91e-01	7.49e-04	0.00e+00	1.28e-12	3.84e-12	6.42e-12	5.96e-08	1.22e-07	1.24e-36
 4.39370e+15	1.73e-11	2.10e-07	1.38e-04	8.46e-03	9.91e-01	6.98e-04	0.00e+00	1.48e-12	4.43e-12	7.40e-12	6.90e-08	1.42e-07	2.19e-36
 4.54932e+15	2.07e-11	2.53e-07	1.59e-04	9.20e-03	9.90e-01	6.40e-04	0.00e+00	1.76e-12	5.29e-12	8.84e-12	8.29e-08	1.70e-07	4.51e-36
 4.71305e+15	2.43e-11	3.04e-07	1.83e-04	1.00e-02	9.89e-01	5.85e-04	0.00e+00	2.08e-12	6.25e-12	1.04e-11	9.96e-08	2.04e-07	9.21e-36
 4.85435e+15	2.79e-11	3.54e-07	2.06e-04	1.07e-02	9.89e-01	5.44e-04	0.00e+00	2.39e-12	7.18e-12	1.20e-11	1.16e-07	2.38e-07	1.67e-35
 5.00508e+15	3.26e-11	4.15e-07	2.34e-04	1.16e-02	9.88e-01	5.03e-04	0.00e+00	2.79e-12	8.39e-12	1.40e-11	1.36e-07	2.79e-07	3.13e-35
 5.19210e+15	3.91e-11	5.04e-07	2.71e-04	1.26e-02	9.87e-01	4.58e-04	0.00e+00	3.36e-12	1.01e-11	1.68e-11	1.65e-07	3.38e-07	6.62e-35
 5.38235e+15	4.61e-11	6.07e-07	3.14e-04	1.38e-02	9.85e-01	4.18e-04	0.00e+00	3.97e-12	1.19e-11	1.99e-11	1.99e-07	4.07e-07	1.35e-34
 5.52700e+15	5.25e-11	6.94e-07	3.49e-04	1.47e-02	9.85e-01	3.91e-04	0.00e+00	4.52e-12	1.36e-11	2.27e-11	2.28e-07	4.66e-07	2.27e-34
 5.63474e+15	5.66e-11	7.69e-07	3.77e-04	1.54e-02	9.84e-01	3.73e-04	0.00e+00	4.88e-12	1.47e-11	2.45e-11	2.53e-07	5.16e-07	3.35e-34
 5.75319e+15	6.31e-11	8.60e-07	4.11e-04	1.62e-02	9.83e-01	3.53e-04	0.00e+00	5.45e-12	1.63e-11	2.73e-11	2.83e-07	5.77e-07	5.15e-34
 5.90719e+15	7.29e-11	9.91e-07	4.58e-04	1.72e-02	9.82e-01	3.30e-04	0.00e+00	6.30e-12	1.89e-11	3.16e-11	3.26e-07	6.65e-07	8.87e-34
 6.07547e+15	8.29e-11	1.15e-06	5.13e-04	1.84e-02	9.81e-01	3.07e-04	0.00e+00	7.17e-12	2.15e-11	3.59e-11	3.79e-07	7.73e-07	1.56e-33
 6.22664e+15	9.46e-11	1.31e-06	5.67e-04	1.95e-02	9.80e-01	2.88e-04	0.00e+00	8.19e-12	2.46e-11	4.11e-11	4.32e-07	8.80e-07	2.54e-33
 6.38745e+15	1.08e-10	1.51e-06	6.29e-04	2.08e-02	9.78e-01	2.70e-04	0.00e+00	9.37e-12	2.81e-11	4.70e-11	4.97e-07	1.01e-06	4.29e-33
 6.59651e+15	1.29e-10	1.80e-06	7.19e-04	2.25e-02	9.77e-01	2.48e-04	0.00e+00	1.12e-11	3.36e-11	5.61e-11	5.93e-07	1.20e-06	8.30e-33
 6.80573e+15	1.51e-10	2.12e-06	8.16e-04	2.42e-02	9.75e-01	2.29e-04	0.00e+00	1.31e-11	3.94e-11	6.58e-11	7.00e-07	1.42e-06	1.50e-32
 6.96953e+15	1.71e-10	2.41e-06	8.99e-04	2.56e-02	9.73e-01	2.15e-04	0.00e+00	1.49e-11	4.47e-11	7.46e-11	7.94e-07	1.61e-06	2.36e-32
 7.13683e+15	1.95e-10	2.74e-06	9.92e-04	2.72e-02	9.72e-01	2.02e-04	0.00e+00	1.70e-11	5.11e-11	8.53e-11	9.06e-07	1.84e-06	3.82e-32
 7.35433e+15	2.33e-10	3.24e-06	1.12e-03	2.92e-02	9.69e-01	1.87e-04	0.00e+00	2.03e-11	6.09e-11	1.02e-10	1.07e-06	2.17e-06	6.99e-32
 7.58418e+15	2.74e-10	3.83e-06	1.28e-03	3.15e-02	9.67e-01	1.73e-04	0.00e+00	2.39e-11	7.18e-11	1.20e-10	1.26e-06	2.57e-06	1.26e-31
 7.78302e+15	3.15e-10	4.41e-06	1.42e-03	3.35e-02	9.65e-01	1.61e-04	0.00e+00	2.75e-11	8.26e-11	1.38e-10	1.46e-06	2.95e-06	2.05e-31
 7.99444e+15	3.69e-10	5.12e-06	1.59e-03	3.57e-02	9.63e-01	1.50e-04	0.00e+00	3.23e-11	9.70e-11	1.62e-10	1.69e-06	3.43e-06	3.48e-31
 8.26929e+15	4.53e-10	6.20e-06	1.83e-03	3.89e-02	9.59e-01	1.37e-04	0.00e+00	3.97e-11	1.19e-10	1.99e-10	2.05e-06	4.15e-06	6.82e-31
 8.54584e+15	5.43e-10	7.40e-06	2.10e-03	4.21e-02	9.56e-01	1.26e-04	0.00e+00	4.77e-11	1.43e-10	2.39e-10	2.45e-06	4.96e-06	1.24e-30
 8.77046e+15	6.33e-10	8.55e-06	2.34e-03	4.48e-02	9.53e-01	1.18e-04	0.00e+00	5.57e-11	1.67e-10	2.79e-10	2.83e-06	5.72e-06	1.99e-30
 9.00831e+15	7.52e-10	9.98e-06	2.63e-03	4.79e-02	9.49e-01	1.09e-04	0.00e+00	6.62e-11	1.99e-10	3.31e-10	3.30e-06	6.68e-06	3.34e-30
 9.31751e+15	9.22e-10	1.21e-05	3.05e-03	5.21e-02	9.45e-01	9.97e-05	0.00e+00	8.13e-11	2.44e-10	4.07e-10	4.01e-06	8.11e-06	6.40e-30
 9.59572e+15	1.09e-09	1.42e-05	3.45e-03	5.60e-02	9.40e-01	9.24e-05	0.00e+00	9.64e-11	2.89e-10	4.82e-10	4.69e-06	9.48e-06	1.04e-29
 9.78321e+15	1.23e-09	1.58e-05	3.74e-03	5.87e-02	9.37e-01	8.77e-05	0.00e+00	1.09e-10	3.26e-10	5.43e-10	5.23e-06	1.06e-05	1.46e-29
 9.97649e+15	1.39e-09	1.77e-05	4.09e-03	6.17e-02	9.34e-01	8.31e-05	0.00e+00	1.23e-10	3.70e-10	6.17e-10	5.87e-06	1.19e-05	2.13e-29
 1.02278e+16	1.65e-09	2.06e-05	4.58e-03	6.58e-02	9.30e-01	7.75e-05	0.00e+00	1.46e-10	4.37e-10	7.30e-10	6.81e-06	1.38e-05	3.42e-29
 1.04865e+16	1.91e-09	2.37e-05	5.11e-03	7.01e-02	9.25e-01	7.24e-05	0.00e+00	1.70e-10	5.09e-10	8.49e-10	7.84e-06	1.58e-05	5.26e-29
 1.07171e+16	2.20e-09	2.69e-05	5.63e-03	7.41e-02	9.20e-01	6.82e-05	0.00e+00	1.96e-10	5.87e-10	9.79e-10	8.91e-06	1.80e-05	7.73e-29
 1.09791e+16	2.59e-09	3.11e-05	6.30e-03	7.89e-02	9.15e-01	6.37e-05	0.00e+00	2.30e-10	6.90e-10	1.15e-09	1.03e-05	2.08e-05	1.22e-28
 1.12563e+16	3.06e-09	3.60e-05	7.07e-03	8.42e-02	9.09e-01	5.94e-05	0.00e+00	2.72e-10	8.15e-10	1.36e-09	1.19e-05	2.41e-05	1.88e-28
 1.15109e+16	3.57e-09	4.12e-05	7.85e-03	8.92e-02	9.03e-01	5.58e-05	0.00e+00	3.18e-10	9.53e-10	1.59e-09	1.37e-05	2.75e-05	2.80e-28
 1.17993e+16	4.27e-09	4.82e-05	8.86e-03	9.54e-02	8.96e-01	5.19e-05	0.00e+00	3.80e-10	1.14e-09	1.90e-09	1.60e-05	3.22e-05	4.49e-28
 1.21024e+16	5.03e-09	5.61e-05	9.99e-03	1.02e-01	8.88e-01	4.83e-05	0.00e+00	4.48e-10	1.34e-09	2.24e-09	1.86e-05	3.75e-05	6.90e-28
