#depth	He	He+	He+2
 1.49634e+10	6.86e-23	1.00e-11	1.00e+00
 4.54887e+10	7.64e-23	1.09e-11	1.00e+00
 7.72350e+10	8.48e-23	1.18e-11	1.00e+00
 1.10251e+11	9.41e-23	1.27e-11	1.00e+00
 1.44588e+11	1.05e-22	1.38e-11	1.00e+00
 1.80298e+11	1.16e-22	1.49e-11	1.00e+00
 2.17437e+11	1.29e-22	1.62e-11	1.00e+00
 2.56061e+11	1.44e-22	1.75e-11	1.00e+00
 2.96231e+11	1.61e-22	1.90e-11	1.00e+00
 3.38007e+11	1.79e-22	2.05e-11	1.00e+00
 3.79198e+11	1.99e-22	2.22e-11	1.00e+00
 4.22037e+11	2.21e-22	2.39e-11	1.00e+00
 4.68845e+11	2.48e-22	2.59e-11	1.00e+00
 5.15921e+11	2.77e-22	2.80e-11	1.00e+00
 5.64880e+11	3.09e-22	3.03e-11	1.00e+00
 6.17402e+11	3.47e-22	3.28e-11	1.00e+00
 6.72024e+11	3.90e-22	3.56e-11	1.00e+00
 7.28832e+11	4.40e-22	3.86e-11	1.00e+00
 7.87912e+11	4.96e-22	4.19e-11	1.00e+00
 8.49356e+11	5.60e-22	4.54e-11	1.00e+00
 9.13257e+11	6.33e-22	4.93e-11	1.00e+00
 9.79714e+11	7.16e-22	5.35e-11	1.00e+00
 1.04883e+12	8.12e-22	5.81e-11	1.00e+00
 1.12071e+12	9.21e-22	6.31e-11	1.00e+00
 1.19546e+12	1.05e-21	6.85e-11	1.00e+00
 1.26577e+12	1.18e-21	7.38e-11	1.00e+00
 1.32863e+12	1.30e-21	7.88e-11	1.00e+00
 1.39916e+12	1.45e-21	8.46e-11	1.00e+00
 1.48277e+12	1.65e-21	9.18e-11	1.00e+00
 1.56625e+12	1.87e-21	9.93e-11	1.00e+00
 1.64425e+12	2.10e-21	1.07e-10	1.00e+00
 1.73113e+12	2.36e-21	1.15e-10	1.00e+00
 1.83030e+12	2.71e-21	1.25e-10	1.00e+00
 1.92836e+12	3.08e-21	1.36e-10	1.00e+00
 2.03033e+12	3.50e-21	1.48e-10	1.00e+00
 2.14147e+12	4.02e-21	1.61e-10	1.00e+00
 2.25472e+12	4.60e-21	1.75e-10	1.00e+00
 2.37249e+12	5.26e-21	1.91e-10	1.00e+00
 2.49732e+12	6.05e-21	2.08e-10	1.00e+00
 2.62714e+12	6.94e-21	2.27e-10	1.00e+00
 2.76215e+12	7.98e-21	2.48e-10	1.00e+00
 2.90257e+12	9.17e-21	2.71e-10	1.00e+00
 3.04860e+12	1.05e-20	2.96e-10	1.00e+00
 3.20047e+12	1.21e-20	3.23e-10	1.00e+00
 3.35841e+12	1.39e-20	3.54e-10	1.00e+00
 3.52268e+12	1.60e-20	3.87e-10	1.00e+00
 3.69351e+12	1.84e-20	4.23e-10	1.00e+00
 3.87118e+12	2.12e-20	4.64e-10	1.00e+00
 4.05595e+12	2.44e-20	5.08e-10	1.00e+00
 4.24811e+12	2.80e-20	5.56e-10	1.00e+00
 4.44797e+12	3.23e-20	6.10e-10	1.00e+00
 4.65581e+12	3.72e-20	6.68e-10	1.00e+00
 4.87197e+12	4.30e-20	7.33e-10	1.00e+00
 5.09678e+12	4.95e-20	8.04e-10	1.00e+00
 5.32427e+12	5.68e-20	8.80e-10	1.00e+00
 5.56087e+12	6.51e-20	9.64e-10	1.00e+00
 5.81323e+12	7.50e-20	1.06e-09	1.00e+00
 6.07569e+12	8.62e-20	1.16e-09	1.00e+00
 6.34864e+12	9.92e-20	1.28e-09	1.00e+00
 6.63252e+12	1.14e-19	1.40e-09	1.00e+00
 6.92774e+12	1.31e-19	1.54e-09	1.00e+00
 7.23478e+12	1.51e-19	1.70e-09	1.00e+00
 7.55410e+12	1.74e-19	1.87e-09	1.00e+00
 7.84713e+12	1.97e-19	2.03e-09	1.00e+00
 8.09777e+12	2.19e-19	2.18e-09	1.00e+00
 8.37469e+12	2.45e-19	2.35e-09	1.00e+00
 8.71680e+12	2.80e-19	2.58e-09	1.00e+00
 9.06762e+12	3.21e-19	2.82e-09	1.00e+00
 9.38354e+12	3.62e-19	3.05e-09	1.00e+00
 9.73013e+12	4.12e-19	3.31e-09	1.00e+00
 1.01395e+13	4.79e-19	3.64e-09	1.00e+00
 1.05445e+13	5.54e-19	3.98e-09	1.00e+00
 1.09202e+13	6.32e-19	4.31e-09	1.00e+00
 1.13415e+13	7.30e-19	4.70e-09	1.00e+00
 1.18251e+13	8.59e-19	5.18e-09	1.00e+00
 1.23037e+13	1.01e-18	5.67e-09	1.00e+00
 1.28013e+13	1.18e-18	6.21e-09	1.00e+00
 1.33433e+13	1.40e-18	6.83e-09	1.00e+00
 1.39070e+13	1.65e-18	7.51e-09	1.00e+00
 1.44932e+13	1.96e-18	8.24e-09	1.00e+00
 1.50889e+13	2.32e-18	9.03e-09	1.00e+00
 1.57085e+13	2.75e-18	9.88e-09	1.00e+00
 1.63667e+13	3.27e-18	1.08e-08	1.00e+00
 1.70513e+13	3.88e-18	1.19e-08	1.00e+00
 1.77633e+13	4.61e-18	1.30e-08	1.00e+00
 1.85038e+13	5.48e-18	1.42e-08	1.00e+00
 1.92738e+13	6.51e-18	1.55e-08	1.00e+00
 2.00747e+13	7.73e-18	1.70e-08	1.00e+00
 2.09076e+13	9.17e-18	1.85e-08	1.00e+00
 2.17739e+13	1.09e-17	2.02e-08	1.00e+00
 2.26569e+13	1.28e-17	2.20e-08	1.00e+00
 2.35061e+13	1.50e-17	2.38e-08	1.00e+00
 2.44072e+13	1.75e-17	2.58e-08	1.00e+00
 2.54134e+13	2.07e-17	2.81e-08	1.00e+00
 2.64231e+13	2.43e-17	3.04e-08	1.00e+00
 2.74731e+13	2.86e-17	3.30e-08	1.00e+00
 2.86019e+13	3.38e-17	3.59e-08	1.00e+00
 2.97759e+13	3.99e-17	3.91e-08	1.00e+00
 3.09969e+13	4.70e-17	4.25e-08	1.00e+00
 3.22667e+13	5.54e-17	4.61e-08	1.00e+00
 3.35873e+13	6.53e-17	5.01e-08	1.00e+00
 3.49607e+13	7.69e-17	5.44e-08	1.00e+00
 3.63891e+13	9.06e-17	5.91e-08	1.00e+00
 3.77427e+13	1.05e-16	6.37e-08	1.00e+00
 3.89686e+13	1.20e-16	6.80e-08	1.00e+00
 4.03500e+13	1.38e-16	7.30e-08	1.00e+00
 4.19683e+13	1.62e-16	7.90e-08	1.00e+00
 4.35706e+13	1.88e-16	8.53e-08	1.00e+00
 4.50818e+13	2.16e-16	9.14e-08	1.00e+00
 4.67598e+13	2.50e-16	9.84e-08	1.00e+00
 4.86601e+13	2.93e-16	1.07e-07	1.00e+00
 5.05500e+13	3.42e-16	1.15e-07	1.00e+00
 5.25154e+13	3.98e-16	1.24e-07	1.00e+00
 5.46459e+13	4.67e-16	1.35e-07	1.00e+00
 5.68617e+13	5.47e-16	1.46e-07	1.00e+00
 5.91661e+13	6.41e-16	1.58e-07	1.00e+00
 6.15627e+13	7.50e-16	1.71e-07	1.00e+00
 6.40551e+13	8.79e-16	1.85e-07	1.00e+00
 6.66472e+13	1.03e-15	2.00e-07	1.00e+00
 6.93431e+13	1.20e-15	2.16e-07	1.00e+00
 7.21467e+13	1.41e-15	2.34e-07	1.00e+00
 7.49361e+13	1.64e-15	2.52e-07	1.00e+00
 7.78370e+13	1.90e-15	2.72e-07	1.00e+00
 8.09804e+13	2.22e-15	2.94e-07	1.00e+00
 8.41766e+13	2.59e-15	3.17e-07	1.00e+00
 8.75007e+13	3.01e-15	3.43e-07	1.00e+00
 9.10307e+13	3.52e-15	3.71e-07	1.00e+00
 9.47018e+13	4.12e-15	4.01e-07	1.00e+00
 9.85198e+13	4.81e-15	4.33e-07	1.00e+00
 1.02491e+14	5.62e-15	4.69e-07	1.00e+00
 1.06348e+14	6.50e-15	5.04e-07	1.00e+00
 1.10002e+14	7.43e-15	5.39e-07	1.00e+00
 1.14075e+14	8.57e-15	5.79e-07	1.00e+00
 1.18668e+14	1.00e-14	6.26e-07	1.00e+00
 1.23297e+14	1.17e-14	6.76e-07	1.00e+00
 1.28112e+14	1.36e-14	7.29e-07	1.00e+00
 1.33266e+14	1.58e-14	7.89e-07	1.00e+00
 1.38091e+14	1.82e-14	8.47e-07	1.00e+00
 1.42363e+14	2.06e-14	9.00e-07	1.00e+00
 1.47135e+14	2.35e-14	9.61e-07	1.00e+00
 1.52845e+14	2.73e-14	1.04e-06	1.00e+00
 1.58563e+14	3.16e-14	1.12e-06	1.00e+00
 1.63826e+14	3.60e-14	1.19e-06	1.00e+00
 1.69706e+14	4.14e-14	1.28e-06	1.00e+00
 1.76506e+14	4.85e-14	1.39e-06	1.00e+00
 1.83137e+14	5.63e-14	1.49e-06	1.00e+00
 1.89414e+14	6.44e-14	1.60e-06	1.00e+00
 1.96401e+14	7.46e-14	1.72e-06	1.00e+00
 2.04287e+14	8.75e-14	1.87e-06	1.00e+00
 2.12187e+14	1.02e-13	2.02e-06	1.00e+00
 2.20403e+14	1.19e-13	2.18e-06	1.00e+00
 2.29249e+14	1.40e-13	2.37e-06	1.00e+00
 2.38449e+14	1.64e-13	2.57e-06	1.00e+00
 2.48017e+14	1.94e-13	2.79e-06	1.00e+00
 2.57968e+14	2.28e-13	3.03e-06	1.00e+00
 2.68316e+14	2.68e-13	3.29e-06	1.00e+00
 2.79079e+14	3.16e-13	3.58e-06	1.00e+00
 2.89683e+14	3.69e-13	3.88e-06	1.00e+00
 3.00711e+14	4.32e-13	4.20e-06	1.00e+00
 3.12769e+14	5.09e-13	4.57e-06	1.00e+00
 3.24869e+14	5.98e-13	4.96e-06	1.00e+00
 3.35822e+14	6.89e-13	5.33e-06	1.00e+00
 3.45786e+14	7.81e-13	5.68e-06	1.00e+00
 3.57207e+14	8.98e-13	6.10e-06	1.00e+00
 3.70950e+14	1.06e-12	6.63e-06	1.00e+00
 3.84837e+14	1.24e-12	7.20e-06	1.00e+00
 3.97709e+14	1.43e-12	7.74e-06	1.00e+00
 4.12076e+14	1.67e-12	8.38e-06	1.00e+00
 4.28589e+14	1.98e-12	9.14e-06	1.00e+00
 4.43901e+14	2.30e-12	9.89e-06	1.00e+00
 4.57225e+14	2.62e-12	1.06e-05	1.00e+00
 4.72014e+14	3.01e-12	1.13e-05	1.00e+00
 4.89995e+14	3.54e-12	1.23e-05	1.00e+00
 5.08119e+14	4.14e-12	1.34e-05	1.00e+00
 5.24428e+14	4.75e-12	1.43e-05	1.00e+00
 5.42385e+14	5.49e-12	1.55e-05	1.00e+00
 5.63601e+14	6.48e-12	1.69e-05	1.00e+00
 5.84461e+14	7.58e-12	1.83e-05	1.00e+00
 6.03572e+14	8.71e-12	1.96e-05	1.00e+00
 6.25001e+14	1.01e-11	2.12e-05	1.00e+00
 6.49870e+14	1.20e-11	2.32e-05	1.00e+00
 6.74248e+14	1.40e-11	2.52e-05	1.00e+00
 6.97345e+14	1.62e-11	2.71e-05	1.00e+00
 7.23013e+14	1.89e-11	2.94e-05	1.00e+00
 7.51963e+14	2.23e-11	3.21e-05	1.00e+00
 7.80980e+14	2.61e-11	3.49e-05	1.00e+00
 8.11157e+14	3.07e-11	3.79e-05	1.00e+00
 8.43633e+14	3.62e-11	4.14e-05	1.00e+00
 8.77408e+14	4.27e-11	4.51e-05	1.00e+00
 9.12535e+14	5.03e-11	4.92e-05	1.00e+00
 9.49066e+14	5.92e-11	5.37e-05	1.00e+00
 9.87058e+14	6.97e-11	5.86e-05	1.00e+00
 1.02314e+15	8.10e-11	6.34e-05	1.00e+00
 1.05373e+15	9.14e-11	6.77e-05	1.00e+00
 1.08566e+15	1.03e-10	7.22e-05	1.00e+00
 1.12579e+15	1.20e-10	7.82e-05	1.00e+00
 1.16701e+15	1.39e-10	8.47e-05	1.00e+00
 1.20325e+15	1.58e-10	9.05e-05	1.00e+00
 1.24261e+15	1.80e-10	9.71e-05	1.00e+00
 1.29017e+15	2.09e-10	1.05e-04	1.00e+00
 1.33728e+15	2.42e-10	1.14e-04	1.00e+00
 1.37897e+15	2.74e-10	1.22e-04	1.00e+00
 1.42472e+15	3.13e-10	1.31e-04	1.00e+00
 1.47961e+15	3.64e-10	1.42e-04	1.00e+00
 1.53416e+15	4.21e-10	1.53e-04	1.00e+00
 1.58349e+15	4.78e-10	1.64e-04	1.00e+00
 1.63823e+15	5.48e-10	1.76e-04	1.00e+00
 1.70257e+15	6.39e-10	1.92e-04	1.00e+00
 1.76595e+15	7.39e-10	2.07e-04	1.00e+00
 1.82486e+15	8.42e-10	2.22e-04	1.00e+00
 1.89088e+15	9.70e-10	2.39e-04	1.00e+00
 1.96655e+15	1.14e-09	2.60e-04	1.00e+00
 2.04096e+15	1.31e-09	2.81e-04	1.00e+00
 2.11836e+15	1.52e-09	3.04e-04	1.00e+00
 2.20312e+15	1.78e-09	3.30e-04	1.00e+00
 2.28894e+15	2.07e-09	3.58e-04	1.00e+00
 2.37819e+15	2.41e-09	3.88e-04	1.00e+00
 2.47335e+15	2.81e-09	4.21e-04	1.00e+00
 2.57231e+15	3.28e-09	4.57e-04	1.00e+00
 2.67523e+15	3.83e-09	4.95e-04	1.00e+00
 2.78227e+15	4.47e-09	5.37e-04	9.99e-01
 2.89359e+15	5.22e-09	5.83e-04	9.99e-01
 2.99307e+15	5.96e-09	6.25e-04	9.99e-01
 3.07481e+15	6.63e-09	6.60e-04	9.99e-01
 3.16457e+15	7.43e-09	7.00e-04	9.99e-01
 3.27963e+15	8.56e-09	7.54e-04	9.99e-01
 3.40130e+15	9.88e-09	8.13e-04	9.99e-01
 3.50829e+15	1.12e-08	8.66e-04	9.99e-01
 3.62247e+15	1.27e-08	9.24e-04	9.99e-01
 3.76076e+15	1.47e-08	9.98e-04	9.99e-01
 3.89783e+15	1.69e-08	1.07e-03	9.99e-01
 4.01951e+15	1.91e-08	1.14e-03	9.99e-01
 4.15374e+15	2.17e-08	1.22e-03	9.99e-01
 4.31422e+15	2.53e-08	1.32e-03	9.99e-01
 4.47267e+15	2.91e-08	1.42e-03	9.99e-01
 4.61466e+15	3.30e-08	1.51e-03	9.98e-01
 4.77141e+15	3.77e-08	1.62e-03	9.98e-01
 4.95723e+15	4.40e-08	1.75e-03	9.98e-01
 5.14153e+15	5.07e-08	1.88e-03	9.98e-01
 5.31219e+15	5.78e-08	2.01e-03	9.98e-01
 5.50369e+15	6.66e-08	2.16e-03	9.98e-01
 5.71547e+15	7.76e-08	2.34e-03	9.98e-01
 5.91895e+15	8.91e-08	2.51e-03	9.97e-01
 6.11424e+15	1.02e-07	2.68e-03	9.97e-01
 6.33411e+15	1.17e-07	2.88e-03	9.97e-01
 6.57569e+15	1.36e-07	3.11e-03	9.97e-01
 6.79760e+15	1.56e-07	3.33e-03	9.97e-01
 6.98919e+15	1.74e-07	3.53e-03	9.96e-01
 7.18942e+15	1.96e-07	3.74e-03	9.96e-01
 7.44867e+15	2.27e-07	4.04e-03	9.96e-01
 7.70942e+15	2.60e-07	4.34e-03	9.96e-01
 7.92195e+15	2.91e-07	4.59e-03	9.95e-01
 8.14699e+15	3.27e-07	4.88e-03	9.95e-01
 8.43954e+15	3.80e-07	5.28e-03	9.95e-01
 8.74360e+15	4.39e-07	5.71e-03	9.94e-01
 8.99292e+15	4.93e-07	6.07e-03	9.94e-01
 9.24731e+15	5.57e-07	6.48e-03	9.94e-01
 9.57803e+15	6.51e-07	7.06e-03	9.93e-01
 9.91023e+15	7.52e-07	7.64e-03	9.92e-01
 1.01734e+16	8.42e-07	8.14e-03	9.92e-01
 1.04445e+16	9.51e-07	8.73e-03	9.91e-01
 1.07454e+16	1.09e-06	9.42e-03	9.91e-01
 1.10227e+16	1.22e-06	1.01e-02	9.90e-01
 1.12807e+16	1.36e-06	1.08e-02	9.89e-01
 1.15755e+16	1.56e-06	1.17e-02	9.88e-01
 1.18933e+16	1.79e-06	1.27e-02	9.87e-01
 1.21744e+16	2.01e-06	1.37e-02	9.86e-01
 1.24331e+16	2.26e-06	1.48e-02	9.85e-01
 1.27287e+16	2.60e-06	1.62e-02	9.84e-01
 1.30457e+16	3.01e-06	1.78e-02	9.82e-01
 1.33213e+16	3.43e-06	1.95e-02	9.81e-01
 1.35686e+16	3.87e-06	2.12e-02	9.79e-01
 1.38009e+16	4.36e-06	2.31e-02	9.77e-01
 1.40174e+16	4.90e-06	2.50e-02	9.75e-01
 1.42609e+16	5.65e-06	2.77e-02	9.72e-01
 1.45320e+16	6.61e-06	3.11e-02	9.69e-01
 1.47801e+16	7.73e-06	3.49e-02	9.65e-01
 1.49982e+16	8.95e-06	3.90e-02	9.61e-01
 1.52037e+16	1.03e-05	4.36e-02	9.56e-01
 1.54057e+16	1.21e-05	4.92e-02	9.51e-01
 1.56018e+16	1.42e-05	5.58e-02	9.44e-01
 1.57880e+16	1.67e-05	6.36e-02	9.36e-01
 1.59621e+16	1.97e-05	7.29e-02	9.27e-01
 1.61259e+16	2.34e-05	8.38e-02	9.16e-01
 1.62787e+16	2.79e-05	9.67e-02	9.03e-01
 1.64195e+16	3.33e-05	1.12e-01	8.88e-01
 1.65491e+16	3.97e-05	1.30e-01	8.70e-01
 1.66691e+16	4.79e-05	1.50e-01	8.50e-01
 1.67802e+16	5.69e-05	1.75e-01	8.25e-01
 1.68780e+16	6.75e-05	2.02e-01	7.98e-01
 1.69559e+16	7.80e-05	2.28e-01	7.72e-01
 1.70173e+16	8.77e-05	2.52e-01	7.48e-01
 1.70814e+16	1.00e-04	2.82e-01	7.18e-01
 1.71647e+16	1.19e-04	3.26e-01	6.74e-01
 1.72444e+16	1.41e-04	3.76e-01	6.24e-01
 1.73026e+16	1.60e-04	4.19e-01	5.81e-01
 1.73615e+16	1.82e-04	4.67e-01	5.33e-01
 1.74381e+16	2.13e-04	5.33e-01	4.67e-01
 1.75156e+16	2.48e-04	6.02e-01	3.97e-01
 1.75786e+16	2.77e-04	6.59e-01	3.41e-01
 1.76447e+16	3.09e-04	7.16e-01	2.84e-01
 1.77306e+16	3.47e-04	7.81e-01	2.19e-01
 1.78423e+16	3.91e-04	8.47e-01	1.52e-01
 1.79657e+16	4.30e-04	8.98e-01	1.01e-01
 1.81044e+16	4.65e-04	9.35e-01	6.41e-02
 1.82847e+16	5.00e-04	9.63e-01	3.68e-02
 1.85190e+16	5.35e-04	9.80e-01	1.92e-02
 1.88237e+16	5.74e-04	9.90e-01	9.10e-03
 1.92198e+16	6.22e-04	9.95e-01	3.96e-03
 1.96430e+16	6.77e-04	9.97e-01	1.86e-03
 2.00022e+16	7.28e-04	9.98e-01	1.07e-03
 2.03059e+16	7.77e-04	9.99e-01	6.95e-04
 2.06370e+16	8.39e-04	9.99e-01	4.45e-04
 2.09907e+16	9.15e-04	9.99e-01	2.89e-04
 2.12851e+16	9.89e-04	9.99e-01	2.08e-04
 2.15248e+16	1.06e-03	9.99e-01	1.61e-04
 2.17821e+16	1.15e-03	9.99e-01	1.22e-04
 2.20009e+16	1.23e-03	9.99e-01	9.92e-05
 2.21159e+16	1.28e-03	9.99e-01	8.94e-05
 2.22117e+16	1.32e-03	9.99e-01	8.11e-05
 2.23362e+16	1.39e-03	9.99e-01	7.17e-05
 2.24748e+16	1.46e-03	9.98e-01	6.29e-05
 2.26004e+16	1.54e-03	9.98e-01	5.62e-05
 2.27090e+16	1.61e-03	9.98e-01	5.09e-05
 2.28267e+16	1.70e-03	9.98e-01	4.56e-05
 2.29416e+16	1.79e-03	9.98e-01	4.13e-05
 2.30246e+16	1.86e-03	9.98e-01	3.86e-05
 2.30935e+16	1.93e-03	9.98e-01	3.63e-05
 2.31721e+16	2.01e-03	9.98e-01	3.38e-05
 2.32601e+16	2.11e-03	9.98e-01	3.14e-05
 2.33410e+16	2.21e-03	9.98e-01	2.93e-05
 2.34118e+16	2.30e-03	9.98e-01	2.76e-05
 2.34889e+16	2.41e-03	9.98e-01	2.59e-05
 2.35709e+16	2.54e-03	9.97e-01	2.42e-05
 2.36401e+16	2.66e-03	9.97e-01	2.29e-05
 2.36996e+16	2.77e-03	9.97e-01	2.18e-05
 2.37658e+16	2.90e-03	9.97e-01	2.06e-05
 2.38380e+16	3.06e-03	9.97e-01	1.94e-05
 2.39013e+16	3.21e-03	9.97e-01	1.85e-05
 2.39557e+16	3.36e-03	9.97e-01	1.77e-05
 2.40152e+16	3.53e-03	9.96e-01	1.68e-05
 2.40796e+16	3.73e-03	9.96e-01	1.60e-05
 2.41359e+16	3.92e-03	9.96e-01	1.53e-05
 2.41853e+16	4.11e-03	9.96e-01	1.47e-05
 2.42406e+16	4.34e-03	9.96e-01	1.41e-05
 2.43000e+16	4.61e-03	9.95e-01	1.34e-05
 2.43515e+16	4.88e-03	9.95e-01	1.29e-05
 2.43965e+16	5.13e-03	9.95e-01	1.25e-05
 2.44466e+16	5.44e-03	9.95e-01	1.20e-05
 2.45016e+16	5.82e-03	9.94e-01	1.15e-05
 2.45507e+16	6.21e-03	9.94e-01	1.10e-05
 2.45940e+16	6.58e-03	9.93e-01	1.07e-05
 2.46423e+16	7.06e-03	9.93e-01	1.03e-05
 2.46956e+16	7.65e-03	9.92e-01	9.84e-06
 2.47442e+16	8.28e-03	9.92e-01	9.48e-06
 2.47888e+16	8.93e-03	9.91e-01	9.16e-06
 2.48393e+16	9.79e-03	9.90e-01	8.79e-06
 2.48923e+16	1.09e-02	9.89e-01	8.44e-06
 2.49354e+16	1.19e-02	9.88e-01	8.17e-06
 2.49695e+16	1.29e-02	9.87e-01	7.97e-06
 2.50047e+16	1.40e-02	9.86e-01	7.74e-06
 2.50429e+16	1.55e-02	9.84e-01	7.52e-06
 2.50757e+16	1.70e-02	9.83e-01	7.33e-06
 2.51028e+16	1.84e-02	9.82e-01	7.19e-06
 2.51262e+16	1.98e-02	9.80e-01	7.06e-06
 2.51512e+16	2.15e-02	9.78e-01	6.93e-06
 2.51837e+16	2.41e-02	9.76e-01	6.76e-06
 2.52157e+16	2.72e-02	9.73e-01	6.61e-06
 2.52389e+16	3.01e-02	9.70e-01	6.51e-06
 2.52569e+16	3.24e-02	9.68e-01	6.45e-06
 2.52731e+16	3.49e-02	9.65e-01	6.39e-06
 2.52906e+16	3.80e-02	9.62e-01	6.32e-06
 2.53135e+16	4.25e-02	9.58e-01	6.24e-06
 2.53374e+16	4.82e-02	9.52e-01	6.19e-06
 2.53568e+16	5.40e-02	9.46e-01	6.14e-06
 2.53725e+16	5.92e-02	9.41e-01	6.14e-06
 2.53893e+16	6.59e-02	9.34e-01	6.12e-06
 2.54076e+16	7.40e-02	9.26e-01	6.13e-06
 2.54237e+16	8.27e-02	9.17e-01	6.15e-06
 2.54376e+16	9.13e-02	9.09e-01	6.19e-06
 2.54512e+16	1.01e-01	8.99e-01	6.23e-06
 2.54650e+16	1.12e-01	8.88e-01	6.29e-06
 2.54778e+16	1.24e-01	8.76e-01	6.36e-06
 2.54890e+16	1.36e-01	8.64e-01	6.44e-06
 2.54990e+16	1.47e-01	8.53e-01	6.52e-06
 2.55081e+16	1.59e-01	8.41e-01	6.59e-06
 2.55169e+16	1.71e-01	8.29e-01	6.68e-06
 2.55238e+16	1.81e-01	8.19e-01	6.75e-06
 2.55283e+16	1.88e-01	8.12e-01	6.80e-06
 2.55325e+16	1.95e-01	8.05e-01	6.83e-06
 2.55373e+16	2.04e-01	7.96e-01	6.88e-06
 2.55425e+16	2.13e-01	7.87e-01	6.93e-06
 2.55475e+16	2.23e-01	7.77e-01	7.00e-06
 2.55522e+16	2.32e-01	7.68e-01	7.06e-06
 2.55569e+16	2.42e-01	7.58e-01	7.11e-06
 2.55615e+16	2.52e-01	7.48e-01	7.18e-06
 2.55662e+16	2.63e-01	7.37e-01	7.22e-06
 2.55707e+16	2.73e-01	7.27e-01	7.30e-06
 2.55752e+16	2.84e-01	7.16e-01	7.35e-06
 2.55797e+16	2.96e-01	7.04e-01	7.40e-06
 2.55841e+16	3.08e-01	6.92e-01	7.46e-06
 2.55884e+16	3.19e-01	6.81e-01	7.52e-06
 2.55927e+16	3.32e-01	6.68e-01	7.56e-06
 2.55970e+16	3.44e-01	6.56e-01	7.63e-06
 2.56012e+16	3.57e-01	6.43e-01	7.68e-06
 2.56054e+16	3.70e-01	6.30e-01	7.72e-06
 2.56095e+16	3.83e-01	6.17e-01	7.77e-06
 2.56135e+16	3.97e-01	6.03e-01	7.81e-06
 2.56175e+16	4.10e-01	5.90e-01	7.85e-06
 2.56215e+16	4.24e-01	5.76e-01	7.89e-06
 2.56255e+16	4.38e-01	5.62e-01	7.92e-06
 2.56294e+16	4.52e-01	5.48e-01	7.96e-06
 2.56332e+16	4.66e-01	5.34e-01	7.97e-06
 2.56370e+16	4.80e-01	5.20e-01	8.01e-06
 2.56407e+16	4.94e-01	5.06e-01	8.02e-06
 2.56443e+16	5.08e-01	4.92e-01	8.03e-06
 2.56480e+16	5.22e-01	4.77e-01	8.04e-06
 2.56515e+16	5.36e-01	4.64e-01	8.04e-06
 2.56550e+16	5.50e-01	4.50e-01	8.04e-06
 2.56584e+16	5.64e-01	4.36e-01	8.05e-06
 2.56618e+16	5.77e-01	4.23e-01	8.04e-06
 2.56650e+16	5.89e-01	4.11e-01	8.03e-06
 2.56682e+16	6.02e-01	3.98e-01	8.02e-06
 2.56714e+16	6.15e-01	3.85e-01	8.00e-06
 2.56745e+16	6.27e-01	3.73e-01	7.97e-06
 2.56775e+16	6.39e-01	3.61e-01	7.93e-06
 2.56805e+16	6.51e-01	3.49e-01	7.90e-06
 2.56834e+16	6.62e-01	3.38e-01	7.86e-06
 2.56863e+16	6.73e-01	3.27e-01	7.82e-06
 2.56892e+16	6.84e-01	3.16e-01	7.78e-06
 2.56919e+16	6.95e-01	3.05e-01	7.73e-06
 2.56947e+16	7.05e-01	2.95e-01	7.68e-06
 2.56974e+16	7.15e-01	2.85e-01	7.63e-06
 2.57000e+16	7.24e-01	2.76e-01	7.58e-06
 2.57026e+16	7.34e-01	2.66e-01	7.52e-06
 2.57052e+16	7.43e-01	2.57e-01	7.46e-06
 2.57077e+16	7.51e-01	2.49e-01	7.40e-06
 2.57102e+16	7.60e-01	2.40e-01	7.34e-06
 2.57127e+16	7.68e-01	2.32e-01	7.27e-06
 2.57152e+16	7.76e-01	2.24e-01	7.21e-06
 2.57176e+16	7.84e-01	2.16e-01	7.15e-06
 2.57199e+16	7.91e-01	2.09e-01	7.07e-06
 2.57223e+16	7.99e-01	2.01e-01	7.00e-06
 2.57243e+16	8.05e-01	1.95e-01	6.93e-06
 2.57259e+16	8.09e-01	1.91e-01	6.87e-06
 2.57274e+16	8.14e-01	1.86e-01	6.81e-06
 2.57289e+16	8.18e-01	1.82e-01	6.76e-06
 2.57305e+16	8.23e-01	1.77e-01	6.69e-06
 2.57321e+16	8.27e-01	1.73e-01	6.64e-06
 2.57335e+16	8.31e-01	1.69e-01	6.58e-06
 2.57350e+16	8.35e-01	1.65e-01	6.53e-06
 2.57364e+16	8.39e-01	1.61e-01	6.47e-06
 2.57378e+16	8.43e-01	1.57e-01	6.41e-06
 2.57392e+16	8.47e-01	1.53e-01	6.35e-06
 2.57406e+16	8.50e-01	1.50e-01	6.30e-06
 2.57420e+16	8.54e-01	1.46e-01	6.24e-06
 2.57434e+16	8.57e-01	1.43e-01	6.18e-06
 2.57448e+16	8.61e-01	1.39e-01	6.12e-06
 2.57462e+16	8.64e-01	1.36e-01	6.06e-06
 2.57477e+16	8.67e-01	1.33e-01	6.01e-06
 2.57493e+16	8.71e-01	1.29e-01	5.93e-06
 2.57510e+16	8.75e-01	1.25e-01	5.86e-06
 2.57527e+16	8.79e-01	1.21e-01	5.78e-06
 2.57546e+16	8.83e-01	1.17e-01	5.70e-06
 2.57566e+16	8.87e-01	1.13e-01	5.61e-06
 2.57586e+16	8.91e-01	1.09e-01	5.52e-06
 2.57605e+16	8.95e-01	1.05e-01	5.42e-06
 2.57623e+16	8.98e-01	1.02e-01	5.33e-06
 2.57641e+16	9.02e-01	9.83e-02	5.23e-06
 2.57658e+16	9.05e-01	9.50e-02	5.13e-06
 2.57675e+16	9.08e-01	9.20e-02	5.04e-06
 2.57691e+16	9.11e-01	8.91e-02	4.95e-06
 2.57706e+16	9.14e-01	8.65e-02	4.86e-06
 2.57719e+16	9.16e-01	8.41e-02	4.77e-06
 2.57732e+16	9.18e-01	8.20e-02	4.70e-06
 2.57743e+16	9.20e-01	8.01e-02	4.63e-06
 2.57753e+16	9.22e-01	7.84e-02	4.56e-06
 2.57762e+16	9.23e-01	7.68e-02	4.49e-06
 2.57771e+16	9.25e-01	7.55e-02	4.44e-06
 2.57779e+16	9.26e-01	7.41e-02	4.37e-06
 2.57786e+16	9.27e-01	7.30e-02	4.32e-06
 2.57793e+16	9.28e-01	7.17e-02	4.27e-06
 2.57802e+16	9.30e-01	7.05e-02	4.22e-06
 2.57809e+16	9.31e-01	6.92e-02	4.16e-06
 2.57816e+16	9.32e-01	6.81e-02	4.11e-06
 2.57822e+16	9.33e-01	6.72e-02	4.06e-06
 2.57829e+16	9.34e-01	6.61e-02	4.01e-06
 2.57837e+16	9.35e-01	6.50e-02	3.96e-06
 2.57843e+16	9.36e-01	6.40e-02	3.91e-06
 2.57850e+16	9.37e-01	6.31e-02	3.87e-06
 2.57856e+16	9.38e-01	6.20e-02	3.81e-06
 2.57863e+16	9.39e-01	6.09e-02	3.75e-06
 2.57870e+16	9.40e-01	5.99e-02	3.70e-06
 2.57876e+16	9.41e-01	5.91e-02	3.66e-06
 2.57882e+16	9.42e-01	5.83e-02	3.62e-06
 2.57887e+16	9.42e-01	5.75e-02	3.57e-06
 2.57892e+16	9.43e-01	5.67e-02	3.52e-06
 2.57898e+16	9.44e-01	5.58e-02	3.47e-06
 2.57903e+16	9.45e-01	5.50e-02	3.43e-06
 2.57908e+16	9.46e-01	5.44e-02	3.39e-06
 2.57913e+16	9.46e-01	5.37e-02	3.36e-06
 2.57917e+16	9.47e-01	5.30e-02	3.31e-06
 2.57923e+16	9.48e-01	5.23e-02	3.27e-06
 2.57927e+16	9.48e-01	5.16e-02	3.23e-06
 2.57932e+16	9.49e-01	5.10e-02	3.19e-06
 2.57936e+16	9.50e-01	5.04e-02	3.16e-06
 2.57940e+16	9.50e-01	4.98e-02	3.12e-06
 2.57945e+16	9.51e-01	4.92e-02	3.08e-06
 2.57949e+16	9.51e-01	4.86e-02	3.04e-06
 2.57953e+16	9.52e-01	4.80e-02	3.01e-06
 2.57957e+16	9.53e-01	4.74e-02	2.98e-06
 2.57963e+16	9.53e-01	4.67e-02	2.93e-06
 2.57969e+16	9.54e-01	4.59e-02	2.88e-06
 2.57974e+16	9.55e-01	4.52e-02	2.84e-06
 2.57979e+16	9.55e-01	4.46e-02	2.80e-06
 2.57983e+16	9.56e-01	4.40e-02	2.77e-06
 2.57987e+16	9.56e-01	4.35e-02	2.74e-06
 2.57992e+16	9.57e-01	4.29e-02	2.70e-06
 2.57997e+16	9.58e-01	4.23e-02	2.66e-06
 2.58001e+16	9.58e-01	4.18e-02	2.63e-06
 2.58005e+16	9.59e-01	4.13e-02	2.60e-06
 2.58010e+16	9.59e-01	4.07e-02	2.56e-06
 2.58014e+16	9.60e-01	4.02e-02	2.53e-06
 2.58019e+16	9.60e-01	3.97e-02	2.50e-06
 2.58023e+16	9.61e-01	3.91e-02	2.47e-06
 2.58028e+16	9.61e-01	3.86e-02	2.44e-06
 2.58033e+16	9.62e-01	3.81e-02	2.41e-06
 2.58037e+16	9.62e-01	3.76e-02	2.38e-06
 2.58042e+16	9.63e-01	3.71e-02	2.35e-06
 2.58048e+16	9.64e-01	3.65e-02	2.31e-06
 2.58054e+16	9.64e-01	3.58e-02	2.28e-06
 2.58060e+16	9.65e-01	3.52e-02	2.24e-06
 2.58066e+16	9.65e-01	3.47e-02	2.21e-06
 2.58071e+16	9.66e-01	3.42e-02	2.18e-06
 2.58075e+16	9.66e-01	3.38e-02	2.15e-06
 2.58080e+16	9.67e-01	3.33e-02	2.12e-06
 2.58085e+16	9.67e-01	3.28e-02	2.10e-06
 2.58090e+16	9.68e-01	3.24e-02	2.07e-06
 2.58095e+16	9.68e-01	3.19e-02	2.04e-06
 2.58101e+16	9.69e-01	3.14e-02	2.01e-06
 2.58106e+16	9.69e-01	3.09e-02	1.99e-06
 2.58111e+16	9.69e-01	3.05e-02	1.96e-06
 2.58116e+16	9.70e-01	3.01e-02	1.94e-06
 2.58122e+16	9.71e-01	2.95e-02	1.90e-06
 2.58130e+16	9.71e-01	2.89e-02	1.87e-06
 2.58136e+16	9.72e-01	2.84e-02	1.84e-06
 2.58142e+16	9.72e-01	2.79e-02	1.81e-06
 2.58148e+16	9.72e-01	2.75e-02	1.79e-06
 2.58154e+16	9.73e-01	2.70e-02	1.76e-06
 2.58160e+16	9.73e-01	2.66e-02	1.74e-06
 2.58166e+16	9.74e-01	2.61e-02	1.71e-06
 2.58171e+16	9.74e-01	2.58e-02	1.69e-06
 2.58177e+16	9.75e-01	2.53e-02	1.67e-06
 2.58185e+16	9.75e-01	2.48e-02	1.63e-06
 2.58193e+16	9.76e-01	2.43e-02	1.60e-06
 2.58200e+16	9.76e-01	2.38e-02	1.58e-06
 2.58207e+16	9.77e-01	2.34e-02	1.55e-06
 2.58213e+16	9.77e-01	2.30e-02	1.53e-06
 2.58219e+16	9.77e-01	2.26e-02	1.51e-06
 2.58225e+16	9.78e-01	2.23e-02	1.49e-06
 2.58232e+16	9.78e-01	2.19e-02	1.47e-06
 2.58238e+16	9.78e-01	2.15e-02	1.45e-06
 2.58244e+16	9.79e-01	2.11e-02	1.43e-06
 2.58252e+16	9.79e-01	2.07e-02	1.41e-06
 2.58258e+16	9.80e-01	2.04e-02	1.38e-06
 2.58265e+16	9.80e-01	2.00e-02	1.36e-06
 2.58273e+16	9.80e-01	1.96e-02	1.34e-06
 2.58280e+16	9.81e-01	1.93e-02	1.32e-06
 2.58288e+16	9.81e-01	1.89e-02	1.30e-06
 2.58296e+16	9.82e-01	1.85e-02	1.28e-06
 2.58303e+16	9.82e-01	1.81e-02	1.26e-06
 2.58310e+16	9.82e-01	1.78e-02	1.24e-06
 2.58318e+16	9.83e-01	1.75e-02	1.22e-06
 2.58326e+16	9.83e-01	1.71e-02	1.20e-06
 2.58333e+16	9.83e-01	1.68e-02	1.19e-06
 2.58341e+16	9.84e-01	1.64e-02	1.16e-06
 2.58350e+16	9.84e-01	1.61e-02	1.14e-06
 2.58358e+16	9.84e-01	1.58e-02	1.13e-06
 2.58367e+16	9.85e-01	1.54e-02	1.11e-06
 2.58376e+16	9.85e-01	1.51e-02	1.09e-06
 2.58385e+16	9.85e-01	1.48e-02	1.07e-06
 2.58394e+16	9.86e-01	1.44e-02	1.05e-06
 2.58404e+16	9.86e-01	1.41e-02	1.03e-06
 2.58414e+16	9.86e-01	1.38e-02	1.01e-06
 2.58422e+16	9.87e-01	1.35e-02	9.97e-07
 2.58431e+16	9.87e-01	1.32e-02	9.78e-07
 2.58441e+16	9.87e-01	1.29e-02	9.60e-07
 2.58450e+16	9.87e-01	1.26e-02	9.45e-07
 2.58460e+16	9.88e-01	1.23e-02	9.26e-07
 2.58471e+16	9.88e-01	1.20e-02	9.09e-07
 2.58480e+16	9.88e-01	1.17e-02	8.93e-07
 2.58491e+16	9.89e-01	1.14e-02	8.75e-07
 2.58503e+16	9.89e-01	1.11e-02	8.57e-07
 2.58513e+16	9.89e-01	1.08e-02	8.42e-07
 2.58525e+16	9.89e-01	1.05e-02	8.23e-07
 2.58537e+16	9.90e-01	1.02e-02	8.06e-07
 2.58548e+16	9.90e-01	9.98e-03	7.90e-07
 2.58561e+16	9.90e-01	9.68e-03	7.72e-07
 2.58577e+16	9.91e-01	9.32e-03	7.49e-07
 2.58595e+16	9.91e-01	8.93e-03	7.26e-07
 2.58614e+16	9.91e-01	8.57e-03	7.04e-07
 2.58632e+16	9.92e-01	8.24e-03	6.83e-07
 2.58650e+16	9.92e-01	7.90e-03	6.61e-07
 2.58669e+16	9.92e-01	7.57e-03	6.39e-07
 2.58689e+16	9.93e-01	7.24e-03	6.17e-07
 2.58710e+16	9.93e-01	6.92e-03	5.96e-07
 2.58731e+16	9.93e-01	6.61e-03	5.74e-07
 2.58752e+16	9.94e-01	6.31e-03	5.53e-07
 2.58775e+16	9.94e-01	6.02e-03	5.32e-07
 2.58798e+16	9.94e-01	5.73e-03	5.12e-07
 2.58822e+16	9.95e-01	5.45e-03	4.91e-07
 2.58846e+16	9.95e-01	5.18e-03	4.71e-07
 2.58871e+16	9.95e-01	4.92e-03	4.51e-07
 2.58898e+16	9.95e-01	4.67e-03	4.32e-07
 2.58925e+16	9.96e-01	4.42e-03	4.13e-07
 2.58952e+16	9.96e-01	4.19e-03	3.94e-07
 2.58981e+16	9.96e-01	3.96e-03	3.76e-07
 2.59011e+16	9.96e-01	3.75e-03	3.58e-07
 2.59042e+16	9.96e-01	3.54e-03	3.40e-07
 2.59075e+16	9.97e-01	3.34e-03	3.24e-07
 2.59109e+16	9.97e-01	3.15e-03	3.06e-07
 2.59144e+16	9.97e-01	2.97e-03	2.90e-07
 2.59182e+16	9.97e-01	2.79e-03	2.74e-07
 2.59221e+16	9.97e-01	2.63e-03	2.60e-07
 2.59262e+16	9.98e-01	2.47e-03	2.45e-07
 2.59307e+16	9.98e-01	2.32e-03	2.31e-07
 2.59354e+16	9.98e-01	2.17e-03	2.17e-07
 2.59405e+16	9.98e-01	2.03e-03	2.03e-07
 2.59461e+16	9.98e-01	1.90e-03	1.90e-07
 2.59522e+16	9.98e-01	1.77e-03	1.78e-07
 2.59590e+16	9.98e-01	1.65e-03	1.66e-07
 2.59667e+16	9.98e-01	1.53e-03	1.54e-07
 2.59756e+16	9.99e-01	1.42e-03	1.42e-07
 2.59855e+16	9.99e-01	1.33e-03	1.33e-07
 2.59954e+16	9.99e-01	1.25e-03	1.25e-07
 2.60054e+16	9.99e-01	1.19e-03	1.19e-07
 2.60153e+16	9.99e-01	1.15e-03	1.14e-07
 2.60253e+16	9.99e-01	1.12e-03	1.10e-07
 2.60352e+16	9.99e-01	1.09e-03	1.07e-07
 2.60452e+16	9.99e-01	1.07e-03	1.05e-07
 2.60567e+16	9.99e-01	1.05e-03	1.02e-07
 2.60715e+16	9.99e-01	1.03e-03	9.95e-08
 2.60909e+16	9.99e-01	1.00e-03	9.66e-08
 2.61160e+16	9.99e-01	9.80e-04	9.32e-08
 2.61488e+16	9.99e-01	9.54e-04	8.94e-08
 2.61913e+16	9.99e-01	9.24e-04	8.46e-08
 2.62465e+16	9.99e-01	8.87e-04	7.88e-08
 2.63175e+16	9.99e-01	8.44e-04	7.20e-08
 2.64007e+16	9.99e-01	7.99e-04	6.49e-08
 2.64890e+16	9.99e-01	7.55e-04	5.83e-08
 2.65815e+16	9.99e-01	7.12e-04	5.21e-08
 2.66808e+16	9.99e-01	6.69e-04	4.61e-08
 2.67881e+16	9.99e-01	6.26e-04	4.03e-08
 2.69031e+16	9.99e-01	5.82e-04	3.50e-08
 2.70266e+16	9.99e-01	5.39e-04	3.00e-08
 2.71591e+16	1.00e+00	4.96e-04	2.54e-08
 2.73012e+16	1.00e+00	4.54e-04	2.13e-08
 2.74538e+16	1.00e+00	4.12e-04	1.76e-08
 2.76177e+16	1.00e+00	3.72e-04	1.43e-08
 2.77938e+16	1.00e+00	3.33e-04	1.15e-08
 2.79838e+16	1.00e+00	2.95e-04	9.04e-09
 2.81890e+16	1.00e+00	2.59e-04	7.00e-09
 2.84133e+16	1.00e+00	2.25e-04	5.30e-09
 2.86582e+16	1.00e+00	1.93e-04	3.92e-09
 2.89257e+16	1.00e+00	1.63e-04	2.83e-09
 2.92225e+16	1.00e+00	1.36e-04	1.97e-09
 2.95549e+16	1.00e+00	1.11e-04	1.33e-09
 2.99310e+16	1.00e+00	8.88e-05	8.52e-10
 3.03635e+16	1.00e+00	6.89e-05	5.17e-10
 3.08651e+16	1.00e+00	5.16e-05	2.93e-10
 3.14127e+16	1.00e+00	3.82e-05	1.61e-10
 3.20015e+16	1.00e+00	2.78e-05	8.61e-11
 3.26382e+16	1.00e+00	1.99e-05	4.47e-11
 3.33038e+16	1.00e+00	1.42e-05	2.30e-11
 3.39927e+16	1.00e+00	1.02e-05	1.18e-11
 3.46955e+16	1.00e+00	7.28e-06	6.13e-12
 3.54016e+16	1.00e+00	5.27e-06	3.23e-12
 3.61439e+16	1.00e+00	3.77e-06	1.66e-12
 3.69380e+16	1.00e+00	2.67e-06	8.39e-13
 3.77518e+16	1.00e+00	1.90e-06	4.30e-13
 3.85820e+16	1.00e+00	1.35e-06	2.19e-13
 3.94444e+16	1.00e+00	9.55e-07	1.11e-13
 4.03401e+16	1.00e+00	6.74e-07	5.59e-14
 4.12492e+16	1.00e+00	4.78e-07	2.84e-14
 4.21956e+16	1.00e+00	3.35e-07	1.42e-14
 4.31944e+16	1.00e+00	2.34e-07	7.02e-15
 4.42232e+16	1.00e+00	1.63e-07	3.45e-15
 4.52777e+16	1.00e+00	1.13e-07	1.70e-15
 4.63642e+16	1.00e+00	7.81e-08	8.26e-16
 4.74888e+16	1.00e+00	5.40e-08	4.02e-16
 4.86532e+16	1.00e+00	3.69e-08	1.92e-16
 4.98406e+16	1.00e+00	2.53e-08	9.28e-17
 5.10339e+16	1.00e+00	1.76e-08	4.55e-17
 5.22331e+16	1.00e+00	1.22e-08	2.26e-17
 5.34818e+16	1.00e+00	8.36e-09	1.09e-17
 5.47351e+16	1.00e+00	5.87e-09	5.45e-18
 5.60419e+16	1.00e+00	4.04e-09	2.64e-18
 5.74608e+16	1.00e+00	2.74e-09	1.23e-18
 5.89154e+16	1.00e+00	1.85e-09	5.76e-19
 6.04138e+16	1.00e+00	1.26e-09	2.69e-19
 6.19496e+16	1.00e+00	8.49e-10	1.25e-19
 6.35081e+16	1.00e+00	5.76e-10	5.84e-20
 6.50747e+16	1.00e+00	3.94e-10	2.77e-20
 6.66416e+16	1.00e+00	2.71e-10	1.33e-20
 6.82081e+16	1.00e+00	1.89e-10	6.54e-21
 6.97744e+16	1.00e+00	1.33e-10	0.00e+00
 7.13411e+16	1.00e+00	9.40e-11	0.00e+00
 7.29077e+16	1.00e+00	6.70e-11	0.00e+00
 7.44742e+16	1.00e+00	4.80e-11	0.00e+00
 7.60407e+16	1.00e+00	3.47e-11	0.00e+00
 7.76071e+16	1.00e+00	2.52e-11	0.00e+00
 7.91735e+16	1.00e+00	1.85e-11	0.00e+00
 8.07398e+16	1.00e+00	1.36e-11	0.00e+00
 8.23061e+16	1.00e+00	1.01e-11	0.00e+00
 8.38724e+16	1.00e+00	7.51e-12	0.00e+00
 8.54386e+16	1.00e+00	5.63e-12	0.00e+00
 8.70049e+16	1.00e+00	4.24e-12	0.00e+00
 8.85711e+16	1.00e+00	3.21e-12	0.00e+00
 9.03722e+16	1.00e+00	2.33e-12	0.00e+00
 9.24389e+16	1.00e+00	1.64e-12	0.00e+00
 9.45362e+16	1.00e+00	1.16e-12	0.00e+00
 9.66335e+16	1.00e+00	8.23e-13	0.00e+00
 9.88591e+16	1.00e+00	5.77e-13	0.00e+00
 1.01566e+17	1.00e+00	3.77e-13	0.00e+00
 1.05085e+17	1.00e+00	2.22e-13	0.00e+00
 1.09216e+17	1.00e+00	1.23e-13	0.00e+00
 1.13233e+17	1.00e+00	7.25e-14	0.00e+00
 1.16937e+17	1.00e+00	4.57e-14	0.00e+00
 1.20706e+17	1.00e+00	2.95e-14	0.00e+00
 1.24684e+17	1.00e+00	1.94e-14	0.00e+00
 1.28816e+17	1.00e+00	1.33e-14	0.00e+00
 1.33041e+17	1.00e+00	9.57e-15	0.00e+00
 1.37362e+17	1.00e+00	7.36e-15	0.00e+00
 1.41781e+17	1.00e+00	6.00e-15	0.00e+00
 1.46288e+17	1.00e+00	5.17e-15	0.00e+00
 1.50876e+17	1.00e+00	4.64e-15	0.00e+00
 1.55531e+17	1.00e+00	4.31e-15	0.00e+00
 1.60229e+17	1.00e+00	4.09e-15	0.00e+00
 1.64958e+17	1.00e+00	3.94e-15	0.00e+00
 1.69688e+17	1.00e+00	3.84e-15	0.00e+00
 1.74394e+17	1.00e+00	3.77e-15	0.00e+00
 1.79067e+17	1.00e+00	3.72e-15	0.00e+00
 1.83675e+17	1.00e+00	3.69e-15	0.00e+00
 1.88196e+17	1.00e+00	3.67e-15	0.00e+00
 1.92604e+17	1.00e+00	3.66e-15	0.00e+00
 1.96877e+17	1.00e+00	3.67e-15	0.00e+00
 2.01006e+17	1.00e+00	3.68e-15	0.00e+00
 2.04977e+17	1.00e+00	3.70e-15	0.00e+00
 2.08778e+17	1.00e+00	3.72e-15	0.00e+00
 2.12404e+17	1.00e+00	3.75e-15	0.00e+00
 2.15852e+17	1.00e+00	3.78e-15	0.00e+00
 2.19124e+17	1.00e+00	3.81e-15	0.00e+00
 2.22223e+17	1.00e+00	3.84e-15	0.00e+00
 2.25151e+17	1.00e+00	3.88e-15	0.00e+00
 2.27917e+17	1.00e+00	3.91e-15	0.00e+00
 2.30529e+17	1.00e+00	3.94e-15	0.00e+00
 2.32997e+17	1.00e+00	3.97e-15	0.00e+00
 2.35326e+17	1.00e+00	4.00e-15	0.00e+00
 2.37524e+17	1.00e+00	4.02e-15	0.00e+00
 2.39598e+17	1.00e+00	4.05e-15	0.00e+00
 2.41555e+17	1.00e+00	4.07e-15	0.00e+00
 2.43404e+17	1.00e+00	4.09e-15	0.00e+00
 2.45150e+17	1.00e+00	4.11e-15	0.00e+00
 2.46800e+17	1.00e+00	4.13e-15	0.00e+00
 2.48360e+17	1.00e+00	4.15e-15	0.00e+00
 2.49835e+17	1.00e+00	4.17e-15	0.00e+00
 2.51231e+17	1.00e+00	4.18e-15	0.00e+00
 2.52551e+17	1.00e+00	4.19e-15	0.00e+00
 2.53802e+17	1.00e+00	4.21e-15	0.00e+00
 2.54987e+17	1.00e+00	4.22e-15	0.00e+00
 2.56109e+17	1.00e+00	4.23e-15	0.00e+00
 2.57174e+17	1.00e+00	4.24e-15	0.00e+00
 2.58184e+17	1.00e+00	4.25e-15	0.00e+00
 2.59143e+17	1.00e+00	4.26e-15	0.00e+00
 2.60053e+17	1.00e+00	4.27e-15	0.00e+00
 2.60918e+17	1.00e+00	4.27e-15	0.00e+00
 2.61740e+17	1.00e+00	4.28e-15	0.00e+00
 2.62522e+17	1.00e+00	4.29e-15	0.00e+00
 2.63266e+17	1.00e+00	4.29e-15	0.00e+00
 2.63975e+17	1.00e+00	4.30e-15	0.00e+00
 2.64651e+17	1.00e+00	4.30e-15	0.00e+00
 2.65295e+17	1.00e+00	4.31e-15	0.00e+00
 2.65909e+17	1.00e+00	4.31e-15	0.00e+00
 2.66496e+17	1.00e+00	4.31e-15	0.00e+00
 2.67057e+17	1.00e+00	4.32e-15	0.00e+00
 2.67594e+17	1.00e+00	4.32e-15	0.00e+00
 2.68108e+17	1.00e+00	4.32e-15	0.00e+00
 2.68600e+17	1.00e+00	4.33e-15	0.00e+00
 2.69074e+17	1.00e+00	4.33e-15	0.00e+00
 2.69528e+17	1.00e+00	4.33e-15	0.00e+00
 2.69966e+17	1.00e+00	4.33e-15	0.00e+00
 2.70388e+17	1.00e+00	4.33e-15	0.00e+00
 2.70796e+17	1.00e+00	4.33e-15	0.00e+00
 2.71190e+17	1.00e+00	4.34e-15	0.00e+00
 2.71573e+17	1.00e+00	4.34e-15	0.00e+00
 2.71945e+17	1.00e+00	4.34e-15	0.00e+00
 2.72307e+17	1.00e+00	4.34e-15	0.00e+00
 2.72661e+17	1.00e+00	4.34e-15	0.00e+00
 2.73009e+17	1.00e+00	4.34e-15	0.00e+00
 2.73351e+17	1.00e+00	4.34e-15	0.00e+00
 2.73689e+17	1.00e+00	4.34e-15	0.00e+00
 2.74025e+17	1.00e+00	4.34e-15	0.00e+00
 2.74360e+17	1.00e+00	4.34e-15	0.00e+00
 2.74696e+17	1.00e+00	4.34e-15	0.00e+00
 2.75036e+17	1.00e+00	4.34e-15	0.00e+00
 2.75382e+17	1.00e+00	4.33e-15	0.00e+00
 2.75736e+17	1.00e+00	4.33e-15	0.00e+00
 2.76104e+17	1.00e+00	4.33e-15	0.00e+00
 2.76488e+17	1.00e+00	4.33e-15	0.00e+00
 2.76896e+17	1.00e+00	4.32e-15	0.00e+00
 2.77334e+17	1.00e+00	4.32e-15	0.00e+00
 2.77812e+17	1.00e+00	4.31e-15	0.00e+00
 2.78344e+17	1.00e+00	4.30e-15	0.00e+00
 2.78947e+17	1.00e+00	4.28e-15	0.00e+00
 2.79649e+17	1.00e+00	4.27e-15	0.00e+00
 2.80487e+17	1.00e+00	4.24e-15	0.00e+00
 2.81521e+17	1.00e+00	4.20e-15	0.00e+00
 2.82839e+17	1.00e+00	4.14e-15	0.00e+00
 2.84550e+17	1.00e+00	4.04e-15	0.00e+00
 2.86775e+17	1.00e+00	3.89e-15	0.00e+00
 2.89666e+17	1.00e+00	3.68e-15	0.00e+00
 2.93425e+17	1.00e+00	3.39e-15	0.00e+00
 2.98312e+17	1.00e+00	3.02e-15	0.00e+00
 3.04665e+17	1.00e+00	2.57e-15	0.00e+00
 3.12923e+17	1.00e+00	2.06e-15	0.00e+00
 3.23659e+17	1.00e+00	1.52e-15	0.00e+00
 3.36322e+17	1.00e+00	1.01e-15	0.00e+00
 3.49775e+17	1.00e+00	8.02e-16	0.00e+00
 3.63766e+17	1.00e+00	6.92e-16	0.00e+00
 3.78317e+17	1.00e+00	5.95e-16	0.00e+00
 3.93095e+17	1.00e+00	5.05e-16	0.00e+00
 4.07231e+17	1.00e+00	4.63e-16	0.00e+00
 4.20091e+17	1.00e+00	4.83e-16	0.00e+00
 4.31761e+17	1.00e+00	5.16e-16	0.00e+00
 4.42672e+17	1.00e+00	5.28e-16	0.00e+00
 4.53033e+17	1.00e+00	5.08e-16	0.00e+00
 4.62656e+17	1.00e+00	4.84e-16	0.00e+00
 4.71308e+17	1.00e+00	4.74e-16	0.00e+00
 4.78968e+17	1.00e+00	4.70e-16	0.00e+00
 4.85801e+17	1.00e+00	4.61e-16	0.00e+00
 4.91914e+17	1.00e+00	4.42e-16	0.00e+00
 4.96796e+17	1.00e+00	4.21e-16	0.00e+00
 4.99991e+17	1.00e+00	4.30e-16	0.00e+00
 5.01884e+17	1.00e+00	4.44e-16	0.00e+00
 5.03011e+17	1.00e+00	4.54e-16	0.00e+00
 5.03687e+17	1.00e+00	4.60e-16	0.00e+00
 5.04110e+17	1.00e+00	4.64e-16	0.00e+00
 5.04458e+17	1.00e+00	4.66e-16	0.00e+00
 5.04834e+17	1.00e+00	4.67e-16	0.00e+00
 5.05228e+17	1.00e+00	4.68e-16	0.00e+00
 5.05590e+17	1.00e+00	4.69e-16	0.00e+00
 5.05900e+17	1.00e+00	4.69e-16	0.00e+00
 5.06149e+17	1.00e+00	4.69e-16	0.00e+00
 5.06390e+17	1.00e+00	4.69e-16	0.00e+00
 5.06694e+17	1.00e+00	4.68e-16	0.00e+00
 5.06996e+17	1.00e+00	4.67e-16	0.00e+00
 5.07224e+17	1.00e+00	4.67e-16	0.00e+00
 5.07424e+17	1.00e+00	4.66e-16	0.00e+00
 5.07640e+17	1.00e+00	4.65e-16	0.00e+00
 5.07855e+17	1.00e+00	4.64e-16	0.00e+00
 5.08053e+17	1.00e+00	4.63e-16	0.00e+00
 5.08237e+17	1.00e+00	4.61e-16	0.00e+00
 5.08411e+17	1.00e+00	4.60e-16	0.00e+00
 5.08579e+17	1.00e+00	4.59e-16	0.00e+00
 5.08746e+17	1.00e+00	4.58e-16	0.00e+00
 5.08911e+17	1.00e+00	4.57e-16	0.00e+00
 5.09071e+17	1.00e+00	4.56e-16	0.00e+00
 5.09223e+17	1.00e+00	4.54e-16	0.00e+00
 5.09364e+17	1.00e+00	4.54e-16	0.00e+00
 5.09508e+17	1.00e+00	4.54e-16	0.00e+00
 5.09653e+17	1.00e+00	4.50e-16	0.00e+00
 5.09789e+17	1.00e+00	4.51e-16	0.00e+00
 5.09924e+17	1.00e+00	4.49e-16	0.00e+00
 5.10061e+17	1.00e+00	4.48e-16	0.00e+00
 5.10192e+17	1.00e+00	4.46e-16	0.00e+00
 5.10320e+17	1.00e+00	4.48e-16	0.00e+00
 5.10453e+17	1.00e+00	4.45e-16	0.00e+00
 5.10590e+17	1.00e+00	4.42e-16	0.00e+00
 5.10723e+17	1.00e+00	4.39e-16	0.00e+00
 5.10851e+17	1.00e+00	4.41e-16	0.00e+00
 5.10979e+17	1.00e+00	4.38e-16	0.00e+00
 5.11118e+17	1.00e+00	4.37e-16	0.00e+00
 5.11260e+17	1.00e+00	4.31e-16	0.00e+00
 5.11394e+17	1.00e+00	4.31e-16	0.00e+00
 5.11529e+17	1.00e+00	4.29e-16	0.00e+00
 5.11668e+17	1.00e+00	4.27e-16	0.00e+00
 5.11811e+17	1.00e+00	4.24e-16	0.00e+00
 5.11955e+17	1.00e+00	4.22e-16	0.00e+00
 5.12102e+17	1.00e+00	4.19e-16	0.00e+00
 5.12262e+17	1.00e+00	4.17e-16	0.00e+00
 5.12429e+17	1.00e+00	4.14e-16	0.00e+00
 5.12587e+17	1.00e+00	4.11e-16	0.00e+00
 5.12729e+17	1.00e+00	4.09e-16	0.00e+00
 5.12883e+17	1.00e+00	4.08e-16	0.00e+00
 5.13065e+17	1.00e+00	4.03e-16	0.00e+00
 5.13247e+17	1.00e+00	4.00e-16	0.00e+00
 5.13410e+17	1.00e+00	3.97e-16	0.00e+00
 5.13579e+17	1.00e+00	3.95e-16	0.00e+00
 5.13772e+17	1.00e+00	3.91e-16	0.00e+00
 5.13978e+17	1.00e+00	3.87e-16	0.00e+00
 5.14171e+17	1.00e+00	3.84e-16	0.00e+00
 5.14357e+17	1.00e+00	3.81e-16	0.00e+00
 5.14562e+17	1.00e+00	3.77e-16	0.00e+00
 5.14781e+17	1.00e+00	3.73e-16	0.00e+00
 5.14997e+17	1.00e+00	3.69e-16	0.00e+00
 5.15213e+17	1.00e+00	3.65e-16	0.00e+00
 5.15439e+17	1.00e+00	3.61e-16	0.00e+00
 5.15674e+17	1.00e+00	3.56e-16	0.00e+00
 5.15909e+17	1.00e+00	3.52e-16	0.00e+00
 5.16149e+17	1.00e+00	3.47e-16	0.00e+00
 5.16399e+17	1.00e+00	3.42e-16	0.00e+00
 5.16659e+17	1.00e+00	3.37e-16	0.00e+00
 5.16929e+17	1.00e+00	3.32e-16	0.00e+00
 5.17199e+17	1.00e+00	3.27e-16	0.00e+00
 5.17473e+17	1.00e+00	3.22e-16	0.00e+00
 5.17763e+17	1.00e+00	3.16e-16	0.00e+00
 5.18061e+17	1.00e+00	3.10e-16	0.00e+00
 5.18353e+17	1.00e+00	3.04e-16	0.00e+00
 5.18648e+17	1.00e+00	2.99e-16	0.00e+00
 5.18967e+17	1.00e+00	2.93e-16	0.00e+00
 5.19305e+17	1.00e+00	2.87e-16	0.00e+00
 5.19642e+17	1.00e+00	2.80e-16	0.00e+00
 5.19970e+17	1.00e+00	2.73e-16	0.00e+00
 5.20296e+17	1.00e+00	2.67e-16	0.00e+00
 5.20644e+17	1.00e+00	2.61e-16	0.00e+00
 5.21020e+17	1.00e+00	2.54e-16	0.00e+00
 5.21402e+17	1.00e+00	2.47e-16	0.00e+00
 5.21776e+17	1.00e+00	2.40e-16	0.00e+00
 5.22150e+17	1.00e+00	2.33e-16	0.00e+00
 5.22540e+17	1.00e+00	2.26e-16	0.00e+00
 5.22948e+17	1.00e+00	2.19e-16	0.00e+00
 5.23364e+17	1.00e+00	2.11e-16	0.00e+00
 5.23784e+17	1.00e+00	2.04e-16	0.00e+00
 5.24204e+17	1.00e+00	1.97e-16	0.00e+00
 5.24641e+17	1.00e+00	1.90e-16	0.00e+00
 5.25095e+17	1.00e+00	1.82e-16	0.00e+00
 5.25557e+17	1.00e+00	1.75e-16	0.00e+00
 5.26026e+17	1.00e+00	1.67e-16	0.00e+00
 5.26492e+17	1.00e+00	1.60e-16	0.00e+00
 5.26969e+17	1.00e+00	1.53e-16	0.00e+00
 5.27466e+17	1.00e+00	1.46e-16	0.00e+00
 5.27970e+17	1.00e+00	1.39e-16	0.00e+00
 5.28505e+17	1.00e+00	1.32e-16	0.00e+00
 5.29053e+17	1.00e+00	1.24e-16	0.00e+00
 5.29601e+17	1.00e+00	1.17e-16	0.00e+00
 5.30160e+17	1.00e+00	1.10e-16	0.00e+00
 5.30733e+17	1.00e+00	1.04e-16	0.00e+00
 5.31337e+17	1.00e+00	9.70e-17	0.00e+00
 5.31953e+17	1.00e+00	9.04e-17	0.00e+00
 5.32595e+17	1.00e+00	8.40e-17	0.00e+00
 5.33233e+17	1.00e+00	7.77e-17	0.00e+00
 5.33819e+17	1.00e+00	7.21e-17	0.00e+00
 5.34335e+17	1.00e+00	6.74e-17	0.00e+00
 5.34799e+17	1.00e+00	6.35e-17	0.00e+00
 5.35240e+17	1.00e+00	6.00e-17	0.00e+00
 5.35670e+17	1.00e+00	5.68e-17	0.00e+00
 5.36085e+17	1.00e+00	5.37e-17	0.00e+00
 5.36477e+17	1.00e+00	5.09e-17	0.00e+00
 5.36847e+17	1.00e+00	4.84e-17	0.00e+00
 5.37201e+17	1.00e+00	4.61e-17	0.00e+00
 5.37542e+17	1.00e+00	4.39e-17	0.00e+00
 5.37871e+17	1.00e+00	4.19e-17	0.00e+00
 5.38188e+17	1.00e+00	4.00e-17	0.00e+00
 5.38492e+17	1.00e+00	3.83e-17	0.00e+00
 5.38784e+17	1.00e+00	3.66e-17	0.00e+00
 5.39066e+17	1.00e+00	3.51e-17	0.00e+00
 5.39338e+17	1.00e+00	3.36e-17	0.00e+00
 5.39601e+17	1.00e+00	3.22e-17	0.00e+00
 5.39853e+17	1.00e+00	3.09e-17	0.00e+00
 5.40096e+17	1.00e+00	2.97e-17	0.00e+00
 5.40332e+17	1.00e+00	2.86e-17	0.00e+00
 5.40563e+17	1.00e+00	2.71e-17	0.00e+00
 5.40786e+17	1.00e+00	2.61e-17	0.00e+00
 5.41001e+17	1.00e+00	2.52e-17	0.00e+00
 5.41211e+17	1.00e+00	2.42e-17	0.00e+00
 5.41416e+17	1.00e+00	2.34e-17	0.00e+00
 5.41614e+17	1.00e+00	2.26e-17	0.00e+00
 5.41806e+17	1.00e+00	2.18e-17	0.00e+00
 5.41995e+17	1.00e+00	2.10e-17	0.00e+00
 5.42179e+17	1.00e+00	2.03e-17	0.00e+00
 5.42360e+17	1.00e+00	1.97e-17	0.00e+00
 5.42538e+17	1.00e+00	1.90e-17	0.00e+00
 5.42740e+17	1.00e+00	1.84e-17	0.00e+00
 5.43003e+17	1.00e+00	1.77e-17	0.00e+00
 5.43345e+17	1.00e+00	1.67e-17	0.00e+00
 5.43789e+17	1.00e+00	1.55e-17	0.00e+00
 5.44366e+17	1.00e+00	1.40e-17	0.00e+00
 5.45117e+17	1.00e+00	1.24e-17	0.00e+00
 5.45970e+17	1.00e+00	1.04e-17	0.00e+00
 5.46739e+17	1.00e+00	8.81e-18	0.00e+00
 5.47346e+17	1.00e+00	7.67e-18	0.00e+00
 5.47866e+17	1.00e+00	6.88e-18	0.00e+00
 5.48395e+17	1.00e+00	6.21e-18	0.00e+00
 5.48968e+17	1.00e+00	5.49e-18	0.00e+00
 5.49562e+17	1.00e+00	4.86e-18	0.00e+00
 5.50142e+17	1.00e+00	4.30e-18	0.00e+00
 5.50704e+17	1.00e+00	3.78e-18	0.00e+00
 5.51267e+17	1.00e+00	3.37e-18	0.00e+00
 5.51849e+17	1.00e+00	2.99e-18	0.00e+00
