#depth	O	O+	O+2	O+3	O+4	O+5	O+6	O+7	O+8	O[1]	O[2]	O[3]
 1.49634e+10	0.00e+00	0.00e+00	3.39e-33	1.18e-23	3.48e-15	5.77e-08	1.00e+00	0.00e+00	0.00e+00	0.00e+00	0.00e+00	0.00e+00
 4.54887e+10	0.00e+00	1.20e-43	4.64e-33	1.50e-23	4.07e-15	6.25e-08	1.00e+00	2.20e-13	0.00e+00	0.00e+00	0.00e+00	0.00e+00
 7.72350e+10	0.00e+00	0.00e+00	6.36e-33	1.89e-23	4.77e-15	6.77e-08	1.00e+00	0.00e+00	0.00e+00	0.00e+00	0.00e+00	0.00e+00
 1.10251e+11	0.00e+00	2.64e-43	8.71e-33	2.40e-23	5.59e-15	7.33e-08	1.00e+00	0.00e+00	0.00e+00	0.00e+00	0.00e+00	0.00e+00
 1.44588e+11	0.00e+00	0.00e+00	1.19e-32	3.04e-23	6.55e-15	7.93e-08	1.00e+00	0.00e+00	0.00e+00	0.00e+00	0.00e+00	0.00e+00
 1.80298e+11	0.00e+00	5.80e-43	1.64e-32	3.85e-23	7.67e-15	8.59e-08	1.00e+00	0.00e+00	0.00e+00	0.00e+00	0.00e+00	0.00e+00
 2.17437e+11	0.00e+00	0.00e+00	2.24e-32	4.88e-23	8.99e-15	9.30e-08	1.00e+00	0.00e+00	0.00e+00	0.00e+00	0.00e+00	0.00e+00
 2.56061e+11	0.00e+00	1.28e-42	3.07e-32	6.19e-23	1.05e-14	1.01e-07	1.00e+00	0.00e+00	0.00e+00	0.00e+00	0.00e+00	0.00e+00
 2.96231e+11	0.00e+00	0.00e+00	4.22e-32	7.85e-23	1.24e-14	1.09e-07	1.00e+00	0.00e+00	0.00e+00	0.00e+00	0.00e+00	0.00e+00
 3.38007e+11	0.00e+00	2.81e-42	5.78e-32	9.96e-23	1.45e-14	1.18e-07	1.00e+00	0.00e+00	0.00e+00	0.00e+00	0.00e+00	0.00e+00
 3.79198e+11	0.00e+00	0.00e+00	7.80e-32	1.25e-22	1.68e-14	1.27e-07	1.00e+00	0.00e+00	0.00e+00	0.00e+00	0.00e+00	0.00e+00
 4.22037e+11	0.00e+00	5.93e-42	1.05e-31	1.56e-22	1.96e-14	1.37e-07	1.00e+00	0.00e+00	0.00e+00	0.00e+00	0.00e+00	0.00e+00
 4.68845e+11	0.00e+00	0.00e+00	1.45e-31	1.98e-22	2.30e-14	1.49e-07	1.00e+00	0.00e+00	0.00e+00	0.00e+00	0.00e+00	0.00e+00
 5.15921e+11	0.00e+00	1.29e-41	1.96e-31	2.50e-22	2.68e-14	1.61e-07	1.00e+00	0.00e+00	0.00e+00	0.00e+00	0.00e+00	0.00e+00
 5.64880e+11	0.00e+00	0.00e+00	2.67e-31	3.15e-22	3.13e-14	1.74e-07	1.00e+00	0.00e+00	0.00e+00	0.00e+00	0.00e+00	0.00e+00
 6.17402e+11	0.00e+00	2.81e-41	3.66e-31	4.00e-22	3.68e-14	1.89e-07	1.00e+00	0.00e+00	0.00e+00	0.00e+00	0.00e+00	0.00e+00
 6.72024e+11	0.00e+00	0.00e+00	5.03e-31	5.07e-22	4.32e-14	2.04e-07	1.00e+00	0.00e+00	0.00e+00	0.00e+00	0.00e+00	0.00e+00
 7.28832e+11	0.00e+00	6.19e-41	6.91e-31	6.44e-22	5.07e-14	2.22e-07	1.00e+00	0.00e+00	0.00e+00	0.00e+00	0.00e+00	0.00e+00
 7.87912e+11	0.00e+00	0.00e+00	9.48e-31	8.19e-22	5.96e-14	2.40e-07	1.00e+00	0.00e+00	0.00e+00	0.00e+00	0.00e+00	0.00e+00
 8.49356e+11	0.00e+00	1.36e-40	1.30e-30	1.04e-21	7.00e-14	2.61e-07	1.00e+00	0.00e+00	0.00e+00	0.00e+00	0.00e+00	0.00e+00
 9.13257e+11	0.00e+00	0.00e+00	1.79e-30	1.32e-21	8.23e-14	2.83e-07	1.00e+00	0.00e+00	0.00e+00	0.00e+00	0.00e+00	0.00e+00
 9.79714e+11	0.00e+00	3.01e-40	2.46e-30	1.68e-21	9.67e-14	3.07e-07	1.00e+00	0.00e+00	0.00e+00	0.00e+00	0.00e+00	0.00e+00
 1.04883e+12	0.00e+00	0.00e+00	3.38e-30	2.14e-21	1.14e-13	3.33e-07	1.00e+00	0.00e+00	0.00e+00	0.00e+00	0.00e+00	0.00e+00
 1.12071e+12	0.00e+00	6.65e-40	4.65e-30	2.72e-21	1.34e-13	3.62e-07	1.00e+00	0.00e+00	0.00e+00	0.00e+00	0.00e+00	0.00e+00
 1.19546e+12	0.00e+00	0.00e+00	6.40e-30	3.46e-21	1.58e-13	3.93e-07	1.00e+00	0.00e+00	0.00e+00	0.00e+00	0.00e+00	0.00e+00
 1.26577e+12	0.00e+00	1.42e-39	8.54e-30	4.31e-21	1.83e-13	4.23e-07	1.00e+00	0.00e+00	0.00e+00	0.00e+00	0.00e+00	0.00e+00
 1.32863e+12	0.00e+00	0.00e+00	1.10e-29	5.21e-21	2.08e-13	4.51e-07	1.00e+00	0.00e+00	0.00e+00	0.00e+00	0.00e+00	0.00e+00
 1.39916e+12	0.00e+00	2.71e-39	1.44e-29	6.40e-21	2.39e-13	4.85e-07	1.00e+00	0.00e+00	0.00e+00	0.00e+00	0.00e+00	0.00e+00
 1.48277e+12	0.00e+00	0.00e+00	1.97e-29	8.10e-21	2.80e-13	5.26e-07	1.00e+00	0.00e+00	0.00e+00	0.00e+00	0.00e+00	0.00e+00
 1.56625e+12	0.00e+00	5.79e-39	2.65e-29	1.02e-20	3.27e-13	5.68e-07	1.00e+00	0.00e+00	0.00e+00	0.00e+00	0.00e+00	0.00e+00
 1.64425e+12	0.00e+00	0.00e+00	3.48e-29	1.25e-20	3.76e-13	6.10e-07	1.00e+00	0.00e+00	0.00e+00	0.00e+00	0.00e+00	0.00e+00
 1.73113e+12	0.00e+00	1.16e-38	4.65e-29	1.56e-20	4.37e-13	6.59e-07	1.00e+00	0.00e+00	0.00e+00	0.00e+00	0.00e+00	0.00e+00
 1.83030e+12	0.00e+00	0.00e+00	6.41e-29	1.99e-20	5.15e-13	7.16e-07	1.00e+00	0.00e+00	0.00e+00	0.00e+00	0.00e+00	0.00e+00
 1.92836e+12	0.00e+00	2.52e-38	8.70e-29	2.51e-20	6.04e-13	7.77e-07	1.00e+00	0.00e+00	0.00e+00	0.00e+00	0.00e+00	0.00e+00
 2.03033e+12	0.00e+00	0.00e+00	1.18e-28	3.16e-20	7.08e-13	8.42e-07	1.00e+00	0.00e+00	0.00e+00	0.00e+00	0.00e+00	0.00e+00
 2.14147e+12	0.00e+00	5.48e-38	1.63e-28	4.04e-20	8.37e-13	9.17e-07	1.00e+00	0.00e+00	0.00e+00	0.00e+00	0.00e+00	0.00e+00
 2.25472e+12	0.00e+00	0.00e+00	2.23e-28	5.13e-20	9.86e-13	9.98e-07	1.00e+00	0.00e+00	0.00e+00	0.00e+00	0.00e+00	0.00e+00
 2.37249e+12	0.00e+00	1.19e-37	3.05e-28	6.53e-20	1.16e-12	1.09e-06	1.00e+00	0.00e+00	0.00e+00	0.00e+00	0.00e+00	0.00e+00
 2.49732e+12	0.00e+00	0.00e+00	4.21e-28	8.34e-20	1.38e-12	1.18e-06	1.00e+00	0.00e+00	0.00e+00	0.00e+00	0.00e+00	0.00e+00
 2.62714e+12	0.00e+00	2.64e-37	5.80e-28	1.07e-19	1.63e-12	1.29e-06	1.00e+00	0.00e+00	0.00e+00	0.00e+00	0.00e+00	0.00e+00
 2.76215e+12	0.00e+00	0.00e+00	8.00e-28	1.36e-19	1.93e-12	1.41e-06	1.00e+00	0.00e+00	0.00e+00	0.00e+00	0.00e+00	0.00e+00
 2.90257e+12	0.00e+00	5.82e-37	1.10e-27	1.74e-19	2.28e-12	1.54e-06	1.00e+00	0.00e+00	0.00e+00	0.00e+00	0.00e+00	0.00e+00
 3.04860e+12	0.00e+00	0.00e+00	1.52e-27	2.23e-19	2.71e-12	1.68e-06	1.00e+00	0.00e+00	0.00e+00	0.00e+00	0.00e+00	0.00e+00
 3.20047e+12	0.00e+00	1.28e-36	2.09e-27	2.85e-19	3.21e-12	1.83e-06	1.00e+00	0.00e+00	0.00e+00	0.00e+00	0.00e+00	0.00e+00
 3.35841e+12	1.53e-46	1.90e-36	2.88e-27	3.65e-19	3.81e-12	2.00e-06	1.00e+00	0.00e+00	0.00e+00	0.00e+00	0.00e+00	0.00e+00
 3.52268e+12	0.00e+00	0.00e+00	3.97e-27	4.67e-19	4.52e-12	2.19e-06	1.00e+00	0.00e+00	0.00e+00	0.00e+00	0.00e+00	0.00e+00
 3.69351e+12	0.00e+00	4.16e-36	5.46e-27	5.97e-19	5.36e-12	2.39e-06	1.00e+00	0.00e+00	0.00e+00	0.00e+00	0.00e+00	0.00e+00
 3.87118e+12	6.24e-46	6.15e-36	7.51e-27	7.64e-19	6.37e-12	2.61e-06	1.00e+00	0.00e+00	0.00e+00	0.00e+00	0.00e+00	0.00e+00
 4.05595e+12	0.00e+00	0.00e+00	1.03e-26	9.77e-19	7.57e-12	2.86e-06	1.00e+00	0.00e+00	0.00e+00	0.00e+00	0.00e+00	0.00e+00
 4.24811e+12	0.00e+00	1.34e-35	1.42e-26	1.25e-18	9.00e-12	3.13e-06	1.00e+00	0.00e+00	0.00e+00	0.00e+00	0.00e+00	0.00e+00
 4.44797e+12	2.51e-45	1.97e-35	1.95e-26	1.60e-18	1.07e-11	3.42e-06	1.00e+00	0.00e+00	0.00e+00	0.00e+00	0.00e+00	0.00e+00
 4.65581e+12	0.00e+00	0.00e+00	2.67e-26	2.04e-18	1.27e-11	3.75e-06	1.00e+00	0.00e+00	0.00e+00	0.00e+00	0.00e+00	0.00e+00
 4.87197e+12	0.00e+00	4.26e-35	3.66e-26	2.61e-18	1.51e-11	4.11e-06	1.00e+00	0.00e+00	0.00e+00	0.00e+00	0.00e+00	0.00e+00
 5.09678e+12	9.90e-45	6.25e-35	5.02e-26	3.34e-18	1.80e-11	4.50e-06	1.00e+00	0.00e+00	0.00e+00	0.00e+00	0.00e+00	0.00e+00
 5.32427e+12	0.00e+00	9.05e-35	6.81e-26	4.24e-18	2.13e-11	4.92e-06	1.00e+00	0.00e+00	0.00e+00	0.00e+00	0.00e+00	0.00e+00
 5.56087e+12	2.39e-44	1.31e-34	9.24e-26	5.38e-18	2.52e-11	5.38e-06	1.00e+00	0.00e+00	0.00e+00	0.00e+00	0.00e+00	0.00e+00
 5.81323e+12	0.00e+00	1.91e-34	1.26e-25	6.87e-18	2.99e-11	5.90e-06	1.00e+00	0.00e+00	0.00e+00	0.00e+00	0.00e+00	0.00e+00
 6.07569e+12	5.83e-44	2.78e-34	1.72e-25	8.77e-18	3.56e-11	6.48e-06	1.00e+00	0.00e+00	0.00e+00	0.00e+00	0.00e+00	0.00e+00
 6.34864e+12	0.00e+00	4.04e-34	2.34e-25	1.12e-17	4.24e-11	7.11e-06	1.00e+00	0.00e+00	0.00e+00	0.00e+00	0.00e+00	0.00e+00
 6.63252e+12	1.41e-43	5.85e-34	3.19e-25	1.43e-17	5.04e-11	7.80e-06	1.00e+00	0.00e+00	0.00e+00	0.00e+00	0.00e+00	0.00e+00
 6.92774e+12	0.00e+00	8.45e-34	4.33e-25	1.82e-17	6.00e-11	8.57e-06	1.00e+00	0.00e+00	0.00e+00	0.00e+00	0.00e+00	0.00e+00
 7.23478e+12	3.34e-43	1.22e-33	5.87e-25	2.32e-17	7.14e-11	9.41e-06	1.00e+00	0.00e+00	0.00e+00	0.00e+00	0.00e+00	0.00e+00
 7.55410e+12	0.00e+00	1.75e-33	7.95e-25	2.95e-17	8.49e-11	1.03e-05	1.00e+00	0.00e+00	0.00e+00	0.00e+00	0.00e+00	0.00e+00
 7.84713e+12	7.45e-43	2.40e-33	1.04e-24	3.65e-17	9.90e-11	1.12e-05	1.00e+00	0.00e+00	0.00e+00	0.00e+00	0.00e+00	0.00e+00
 8.09777e+12	0.00e+00	3.12e-33	1.29e-24	4.35e-17	1.12e-10	1.21e-05	1.00e+00	0.00e+00	0.00e+00	0.00e+00	0.00e+00	0.00e+00
 8.37469e+12	1.41e-42	4.13e-33	1.64e-24	5.26e-17	1.29e-10	1.30e-05	1.00e+00	0.00e+00	0.00e+00	0.00e+00	0.00e+00	0.00e+00
 8.71680e+12	0.00e+00	5.74e-33	2.16e-24	6.58e-17	1.51e-10	1.42e-05	1.00e+00	0.00e+00	0.00e+00	0.00e+00	0.00e+00	0.00e+00
 9.06762e+12	3.03e-42	7.94e-33	2.84e-24	8.21e-17	1.78e-10	1.55e-05	1.00e+00	0.00e+00	0.00e+00	0.00e+00	0.00e+00	0.00e+00
 9.38354e+12	0.00e+00	1.05e-32	3.60e-24	9.95e-17	2.04e-10	1.68e-05	1.00e+00	0.00e+00	0.00e+00	0.00e+00	0.00e+00	0.00e+00
 9.73013e+12	5.93e-42	1.41e-32	4.63e-24	1.22e-16	2.36e-10	1.82e-05	1.00e+00	0.00e+00	0.00e+00	0.00e+00	0.00e+00	0.00e+00
 1.01395e+13	0.00e+00	1.97e-32	6.15e-24	1.54e-16	2.79e-10	2.00e-05	1.00e+00	0.00e+00	0.00e+00	0.00e+00	0.00e+00	0.00e+00
 1.05445e+13	1.26e-41	2.70e-32	8.05e-24	1.91e-16	3.28e-10	2.19e-05	1.00e+00	0.00e+00	0.00e+00	0.00e+00	0.00e+00	0.00e+00
 1.09202e+13	0.00e+00	3.57e-32	1.02e-23	2.33e-16	3.77e-10	2.37e-05	1.00e+00	0.00e+00	0.00e+00	0.00e+00	0.00e+00	0.00e+00
 1.13415e+13	2.48e-41	4.84e-32	1.33e-23	2.88e-16	4.40e-10	2.58e-05	1.00e+00	0.00e+00	0.00e+00	0.00e+00	0.00e+00	0.00e+00
 1.18251e+13	0.00e+00	6.74e-32	1.77e-23	3.64e-16	5.21e-10	2.84e-05	1.00e+00	0.00e+00	0.00e+00	0.00e+00	0.00e+00	0.00e+00
 1.23037e+13	5.24e-41	9.24e-32	2.32e-23	4.54e-16	6.11e-10	3.11e-05	1.00e+00	0.00e+00	0.00e+00	0.00e+00	0.00e+00	0.00e+00
 1.28013e+13	0.00e+00	1.27e-31	3.04e-23	5.67e-16	7.16e-10	3.40e-05	1.00e+00	0.00e+00	0.00e+00	0.00e+00	0.00e+00	0.00e+00
 1.33433e+13	1.11e-40	1.76e-31	4.04e-23	7.16e-16	8.45e-10	3.74e-05	1.00e+00	0.00e+00	0.00e+00	0.00e+00	0.00e+00	0.00e+00
 1.39070e+13	0.00e+00	2.46e-31	5.37e-23	9.03e-16	9.97e-10	4.10e-05	1.00e+00	0.00e+00	0.00e+00	0.00e+00	0.00e+00	0.00e+00
 1.44932e+13	2.37e-40	3.42e-31	7.13e-23	1.14e-15	1.18e-09	4.50e-05	1.00e+00	0.00e+00	0.00e+00	0.00e+00	0.00e+00	0.00e+00
 1.50889e+13	0.00e+00	4.73e-31	9.43e-23	1.43e-15	1.38e-09	4.93e-05	1.00e+00	0.00e+00	0.00e+00	0.00e+00	0.00e+00	0.00e+00
 1.57085e+13	5.02e-40	6.56e-31	1.25e-22	1.79e-15	1.62e-09	5.40e-05	1.00e+00	0.00e+00	0.00e+00	0.00e+00	0.00e+00	0.00e+00
 1.63667e+13	0.00e+00	9.16e-31	1.66e-22	2.26e-15	1.90e-09	5.91e-05	1.00e+00	0.00e+00	0.00e+00	0.00e+00	0.00e+00	0.00e+00
 1.70513e+13	1.09e-39	1.28e-30	2.21e-22	2.85e-15	2.24e-09	6.47e-05	1.00e+00	0.00e+00	0.00e+00	0.00e+00	0.00e+00	0.00e+00
 1.77633e+13	0.00e+00	1.80e-30	2.95e-22	3.60e-15	2.63e-09	7.08e-05	1.00e+00	0.00e+00	0.00e+00	0.00e+00	0.00e+00	0.00e+00
 1.85038e+13	2.39e-39	2.54e-30	3.95e-22	4.54e-15	3.08e-09	7.74e-05	1.00e+00	0.00e+00	0.00e+00	0.00e+00	0.00e+00	0.00e+00
 1.92738e+13	0.00e+00	3.58e-30	5.28e-22	5.73e-15	3.62e-09	8.46e-05	1.00e+00	0.00e+00	0.00e+00	0.00e+00	0.00e+00	0.00e+00
 2.00747e+13	5.32e-39	5.06e-30	7.07e-22	7.22e-15	4.24e-09	9.24e-05	1.00e+00	0.00e+00	0.00e+00	0.00e+00	0.00e+00	0.00e+00
 2.09076e+13	0.00e+00	7.17e-30	9.48e-22	9.12e-15	4.98e-09	1.01e-04	1.00e+00	0.00e+00	0.00e+00	0.00e+00	0.00e+00	0.00e+00
 2.17739e+13	1.20e-38	1.02e-29	1.27e-21	1.15e-14	5.83e-09	1.10e-04	1.00e+00	0.00e+00	0.00e+00	0.00e+00	0.00e+00	0.00e+00
 2.26569e+13	0.00e+00	1.44e-29	1.70e-21	1.45e-14	6.81e-09	1.20e-04	1.00e+00	0.00e+00	0.00e+00	0.00e+00	0.00e+00	0.00e+00
 2.35061e+13	2.63e-38	1.99e-29	2.23e-21	1.79e-14	7.87e-09	1.29e-04	1.00e+00	0.00e+00	0.00e+00	0.00e+00	0.00e+00	0.00e+00
 2.44072e+13	0.00e+00	2.78e-29	2.94e-21	2.22e-14	9.11e-09	1.40e-04	1.00e+00	0.00e+00	0.00e+00	0.00e+00	0.00e+00	0.00e+00
 2.54134e+13	5.88e-38	3.97e-29	3.96e-21	2.80e-14	1.07e-08	1.53e-04	1.00e+00	0.00e+00	0.00e+00	0.00e+00	0.00e+00	0.00e+00
 2.64231e+13	0.00e+00	5.63e-29	5.28e-21	3.51e-14	1.24e-08	1.66e-04	1.00e+00	0.00e+00	0.00e+00	0.00e+00	0.00e+00	0.00e+00
 2.74731e+13	1.34e-37	8.00e-29	7.07e-21	4.40e-14	1.45e-08	1.80e-04	1.00e+00	0.00e+00	0.00e+00	0.00e+00	0.00e+00	0.00e+00
 2.86019e+13	0.00e+00	1.15e-28	9.54e-21	5.56e-14	1.69e-08	1.95e-04	1.00e+00	0.00e+00	0.00e+00	0.00e+00	0.00e+00	0.00e+00
 2.97759e+13	3.15e-37	1.66e-28	1.29e-20	7.02e-14	1.98e-08	2.12e-04	1.00e+00	0.00e+00	0.00e+00	0.00e+00	0.00e+00	0.00e+00
 3.09969e+13	0.00e+00	2.40e-28	1.75e-20	8.87e-14	2.32e-08	2.31e-04	1.00e+00	0.00e+00	0.00e+00	0.00e+00	0.00e+00	0.00e+00
 3.22667e+13	7.51e-37	3.47e-28	2.37e-20	1.12e-13	2.72e-08	2.51e-04	1.00e+00	0.00e+00	0.00e+00	0.00e+00	0.00e+00	0.00e+00
 3.35873e+13	0.00e+00	5.03e-28	3.21e-20	1.42e-13	3.18e-08	2.72e-04	1.00e+00	0.00e+00	0.00e+00	0.00e+00	0.00e+00	0.00e+00
 3.49607e+13	1.80e-36	7.30e-28	4.35e-20	1.79e-13	3.72e-08	2.96e-04	1.00e+00	0.00e+00	0.00e+00	0.00e+00	0.00e+00	0.00e+00
 3.63891e+13	0.00e+00	1.06e-27	5.90e-20	2.26e-13	4.35e-08	3.21e-04	1.00e+00	0.00e+00	0.00e+00	0.00e+00	0.00e+00	0.00e+00
 3.77427e+13	4.21e-36	1.49e-27	7.80e-20	2.80e-13	5.02e-08	3.46e-04	1.00e+00	0.00e+00	0.00e+00	0.00e+00	0.00e+00	0.00e+00
 3.89686e+13	0.00e+00	2.02e-27	9.97e-20	3.38e-13	5.69e-08	3.69e-04	1.00e+00	0.00e+00	0.00e+00	0.00e+00	0.00e+00	0.00e+00
 4.03500e+13	8.86e-36	2.80e-27	1.30e-19	4.14e-13	6.52e-08	3.96e-04	1.00e+00	0.00e+00	0.00e+00	0.00e+00	0.00e+00	0.00e+00
 4.19683e+13	0.00e+00	4.06e-27	1.76e-19	5.21e-13	7.61e-08	4.29e-04	1.00e+00	0.00e+00	0.00e+00	0.00e+00	0.00e+00	0.00e+00
 4.35706e+13	2.10e-35	5.81e-27	2.35e-19	6.50e-13	8.82e-08	4.63e-04	1.00e+00	0.00e+00	0.00e+00	0.00e+00	0.00e+00	0.00e+00
 4.50818e+13	0.00e+00	8.03e-27	3.06e-19	7.94e-13	1.01e-07	4.96e-04	1.00e+00	0.00e+00	0.00e+00	0.00e+00	0.00e+00	0.00e+00
 4.67598e+13	4.68e-35	1.14e-26	4.06e-19	9.84e-13	1.16e-07	5.33e-04	9.99e-01	0.00e+00	0.00e+00	0.00e+00	0.00e+00	0.00e+00
 4.86601e+13	7.37e-35	1.67e-26	5.53e-19	1.24e-12	1.36e-07	5.78e-04	9.99e-01	0.00e+00	0.00e+00	0.00e+00	0.00e+00	0.00e+00
 5.05500e+13	1.14e-34	2.41e-26	7.44e-19	1.56e-12	1.58e-07	6.24e-04	9.99e-01	0.00e+00	0.00e+00	0.00e+00	0.00e+00	0.00e+00
 5.25154e+13	1.77e-34	3.48e-26	1.00e-18	1.95e-12	1.84e-07	6.73e-04	9.99e-01	0.00e+00	0.00e+00	0.00e+00	0.00e+00	0.00e+00
 5.46459e+13	2.80e-34	5.11e-26	1.37e-18	2.46e-12	2.15e-07	7.29e-04	9.99e-01	0.00e+00	0.00e+00	0.00e+00	0.00e+00	0.00e+00
 5.68617e+13	4.44e-34	7.52e-26	1.86e-18	3.12e-12	2.51e-07	7.89e-04	9.99e-01	0.00e+00	0.00e+00	0.00e+00	0.00e+00	0.00e+00
 5.91661e+13	7.05e-34	1.11e-25	2.54e-18	3.94e-12	2.94e-07	8.54e-04	9.99e-01	0.00e+00	0.00e+00	0.00e+00	0.00e+00	0.00e+00
 6.15627e+13	1.12e-33	1.63e-25	3.47e-18	4.98e-12	3.43e-07	9.24e-04	9.99e-01	0.00e+00	0.00e+00	0.00e+00	0.00e+00	0.00e+00
 6.40551e+13	1.78e-33	2.40e-25	4.74e-18	6.30e-12	4.02e-07	1.00e-03	9.99e-01	0.00e+00	0.00e+00	0.00e+00	0.00e+00	0.00e+00
 6.66472e+13	2.84e-33	3.55e-25	6.48e-18	7.97e-12	4.70e-07	1.08e-03	9.99e-01	0.00e+00	0.00e+00	0.00e+00	0.00e+00	0.00e+00
 6.93431e+13	4.53e-33	5.24e-25	8.85e-18	1.01e-11	5.49e-07	1.17e-03	9.99e-01	0.00e+00	0.00e+00	0.00e+00	0.00e+00	0.00e+00
 7.21467e+13	7.24e-33	7.74e-25	1.21e-17	1.27e-11	6.42e-07	1.27e-03	9.99e-01	0.00e+00	0.00e+00	0.00e+00	0.00e+00	0.00e+00
 7.49361e+13	1.13e-32	1.13e-24	1.63e-17	1.60e-11	7.46e-07	1.36e-03	9.99e-01	0.00e+00	0.00e+00	0.00e+00	0.00e+00	0.00e+00
 7.78370e+13	1.78e-32	1.64e-24	2.21e-17	2.00e-11	8.66e-07	1.47e-03	9.99e-01	0.00e+00	0.00e+00	0.00e+00	0.00e+00	0.00e+00
 8.09804e+13	2.87e-32	2.44e-24	3.04e-17	2.53e-11	1.01e-06	1.59e-03	9.98e-01	0.00e+00	0.00e+00	0.00e+00	0.00e+00	0.00e+00
 8.41766e+13	4.53e-32	3.56e-24	4.10e-17	3.18e-11	1.18e-06	1.71e-03	9.98e-01	0.00e+00	0.00e+00	0.00e+00	0.00e+00	0.00e+00
 8.75007e+13	7.19e-32	5.24e-24	5.58e-17	4.00e-11	1.38e-06	1.85e-03	9.98e-01	0.00e+00	0.00e+00	0.00e+00	0.00e+00	0.00e+00
 9.10307e+13	1.15e-31	7.76e-24	7.64e-17	5.06e-11	1.61e-06	2.00e-03	9.98e-01	0.00e+00	0.00e+00	0.00e+00	0.00e+00	0.00e+00
 9.47018e+13	1.85e-31	1.15e-23	1.05e-16	6.40e-11	1.88e-06	2.16e-03	9.98e-01	0.00e+00	0.00e+00	0.00e+00	0.00e+00	0.00e+00
 9.85198e+13	2.97e-31	1.71e-23	1.43e-16	8.09e-11	2.20e-06	2.33e-03	9.98e-01	0.00e+00	0.00e+00	0.00e+00	0.00e+00	0.00e+00
 1.02491e+14	4.77e-31	2.53e-23	1.96e-16	1.02e-10	2.57e-06	2.52e-03	9.97e-01	0.00e+00	0.00e+00	0.00e+00	0.00e+00	0.00e+00
 1.06348e+14	7.43e-31	3.65e-23	2.63e-16	1.28e-10	2.98e-06	2.71e-03	9.97e-01	0.00e+00	0.00e+00	0.00e+00	0.00e+00	0.00e+00
 1.10002e+14	1.11e-30	5.12e-23	3.44e-16	1.56e-10	3.40e-06	2.90e-03	9.97e-01	0.00e+00	0.00e+00	0.00e+00	0.00e+00	0.00e+00
 1.14075e+14	1.72e-30	7.35e-23	4.60e-16	1.94e-10	3.93e-06	3.11e-03	9.97e-01	0.00e+00	0.00e+00	0.00e+00	0.00e+00	0.00e+00
 1.18668e+14	2.76e-30	1.09e-22	6.29e-16	2.45e-10	4.59e-06	3.36e-03	9.97e-01	0.00e+00	0.00e+00	0.00e+00	0.00e+00	0.00e+00
 1.23297e+14	4.36e-30	1.59e-22	8.53e-16	3.07e-10	5.35e-06	3.63e-03	9.96e-01	0.00e+00	0.00e+00	0.00e+00	0.00e+00	0.00e+00
 1.28112e+14	6.89e-30	2.33e-22	1.16e-15	3.86e-10	6.22e-06	3.91e-03	9.96e-01	0.00e+00	0.00e+00	0.00e+00	0.00e+00	0.00e+00
 1.33266e+14	1.10e-29	3.45e-22	1.58e-15	4.88e-10	7.27e-06	4.23e-03	9.96e-01	0.00e+00	0.00e+00	0.00e+00	0.00e+00	0.00e+00
 1.38091e+14	1.68e-29	4.91e-22	2.10e-15	6.03e-10	8.37e-06	4.54e-03	9.95e-01	0.00e+00	0.00e+00	0.00e+00	0.00e+00	0.00e+00
 1.42363e+14	2.41e-29	6.63e-22	2.67e-15	7.22e-10	9.44e-06	4.82e-03	9.95e-01	0.00e+00	0.00e+00	0.00e+00	0.00e+00	0.00e+00
 1.47135e+14	3.57e-29	9.19e-22	3.47e-15	8.79e-10	1.08e-05	5.14e-03	9.95e-01	0.00e+00	0.00e+00	0.00e+00	0.00e+00	0.00e+00
 1.52845e+14	5.58e-29	1.34e-21	4.68e-15	1.10e-09	1.25e-05	5.55e-03	9.94e-01	0.00e+00	0.00e+00	0.00e+00	0.00e+00	0.00e+00
 1.58563e+14	8.61e-29	1.92e-21	6.26e-15	1.37e-09	1.45e-05	5.97e-03	9.94e-01	0.00e+00	0.00e+00	0.00e+00	0.00e+00	0.00e+00
 1.63826e+14	1.26e-28	2.64e-21	8.09e-15	1.66e-09	1.65e-05	6.37e-03	9.94e-01	0.00e+00	0.00e+00	0.00e+00	0.00e+00	0.00e+00
 1.69706e+14	1.91e-28	3.73e-21	1.07e-14	2.05e-09	1.89e-05	6.84e-03	9.93e-01	0.00e+00	0.00e+00	0.00e+00	0.00e+00	0.00e+00
 1.76506e+14	3.01e-28	5.47e-21	1.46e-14	2.59e-09	2.21e-05	7.40e-03	9.93e-01	0.00e+00	0.00e+00	0.00e+00	0.00e+00	0.00e+00
 1.83137e+14	4.61e-28	7.82e-21	1.94e-14	3.22e-09	2.56e-05	7.97e-03	9.92e-01	0.00e+00	0.00e+00	0.00e+00	0.00e+00	0.00e+00
 1.89414e+14	6.81e-28	1.09e-20	2.53e-14	3.94e-09	2.93e-05	8.53e-03	9.91e-01	0.00e+00	0.00e+00	0.00e+00	0.00e+00	0.00e+00
 1.96401e+14	1.03e-27	1.54e-20	3.36e-14	4.88e-09	3.38e-05	9.18e-03	9.91e-01	0.00e+00	0.00e+00	0.00e+00	0.00e+00	0.00e+00
 2.04287e+14	1.61e-27	2.25e-20	4.57e-14	6.16e-09	3.95e-05	9.94e-03	9.90e-01	0.00e+00	0.00e+00	0.00e+00	0.00e+00	0.00e+00
 2.12187e+14	2.48e-27	3.23e-20	6.14e-14	7.72e-09	4.58e-05	1.07e-02	9.89e-01	0.00e+00	0.00e+00	0.00e+00	0.00e+00	0.00e+00
 2.20403e+14	3.82e-27	4.65e-20	8.25e-14	9.67e-09	5.33e-05	1.16e-02	9.88e-01	0.00e+00	0.00e+00	0.00e+00	0.00e+00	0.00e+00
 2.29249e+14	5.92e-27	6.74e-20	1.12e-13	1.22e-08	6.22e-05	1.26e-02	9.87e-01	0.00e+00	0.00e+00	0.00e+00	0.00e+00	0.00e+00
 2.38449e+14	9.20e-27	9.80e-20	1.52e-13	1.54e-08	7.27e-05	1.36e-02	9.86e-01	0.00e+00	0.00e+00	0.00e+00	0.00e+00	0.00e+00
 2.48017e+14	1.42e-26	1.42e-19	2.05e-13	1.94e-08	8.49e-05	1.48e-02	9.85e-01	0.00e+00	0.00e+00	0.00e+00	0.00e+00	0.00e+00
 2.57968e+14	2.19e-26	2.05e-19	2.78e-13	2.45e-08	9.91e-05	1.60e-02	9.84e-01	0.00e+00	0.00e+00	0.00e+00	0.00e+00	0.00e+00
 2.68316e+14	3.36e-26	2.96e-19	3.76e-13	3.09e-08	1.16e-04	1.74e-02	9.82e-01	0.00e+00	0.00e+00	0.00e+00	0.00e+00	0.00e+00
 2.79079e+14	5.14e-26	4.26e-19	5.08e-13	3.90e-08	1.35e-04	1.89e-02	9.81e-01	0.00e+00	0.00e+00	0.00e+00	0.00e+00	0.00e+00
 2.89683e+14	7.68e-26	6.01e-19	6.76e-13	4.86e-08	1.56e-04	2.04e-02	9.79e-01	0.00e+00	0.00e+00	0.00e+00	0.00e+00	0.00e+00
 3.00711e+14	1.14e-25	8.46e-19	8.98e-13	6.06e-08	1.81e-04	2.21e-02	9.78e-01	0.00e+00	0.00e+00	0.00e+00	0.00e+00	0.00e+00
 3.12769e+14	1.73e-25	1.21e-18	1.21e-12	7.64e-08	2.11e-04	2.40e-02	9.76e-01	0.00e+00	0.00e+00	0.00e+00	0.00e+00	0.00e+00
 3.24869e+14	2.58e-25	1.71e-18	1.61e-12	9.55e-08	2.45e-04	2.60e-02	9.74e-01	0.00e+00	0.00e+00	0.00e+00	0.00e+00	0.00e+00
 3.35822e+14	3.64e-25	2.31e-18	2.07e-12	1.16e-07	2.79e-04	2.79e-02	9.72e-01	0.00e+00	0.00e+00	0.00e+00	0.00e+00	0.00e+00
 3.45786e+14	4.92e-25	3.00e-18	2.59e-12	1.38e-07	3.13e-04	2.97e-02	9.70e-01	0.00e+00	0.00e+00	0.00e+00	0.00e+00	0.00e+00
 3.57207e+14	6.87e-25	4.02e-18	3.30e-12	1.67e-07	3.55e-04	3.19e-02	9.68e-01	0.00e+00	0.00e+00	0.00e+00	0.00e+00	0.00e+00
 3.70950e+14	1.01e-24	5.64e-18	4.39e-12	2.08e-07	4.11e-04	3.46e-02	9.65e-01	0.00e+00	0.00e+00	0.00e+00	0.00e+00	0.00e+00
 3.84837e+14	1.47e-24	7.84e-18	5.79e-12	2.59e-07	4.74e-04	3.74e-02	9.62e-01	0.00e+00	0.00e+00	0.00e+00	0.00e+00	0.00e+00
 3.97709e+14	2.04e-24	1.05e-17	7.41e-12	3.14e-07	5.39e-04	4.02e-02	9.59e-01	0.00e+00	0.00e+00	0.00e+00	0.00e+00	0.00e+00
 4.12076e+14	2.93e-24	1.44e-17	9.68e-12	3.86e-07	6.18e-04	4.33e-02	9.56e-01	0.00e+00	0.00e+00	0.00e+00	0.00e+00	0.00e+00
 4.28589e+14	4.35e-24	2.05e-17	1.30e-11	4.86e-07	7.19e-04	4.71e-02	9.52e-01	0.00e+00	0.00e+00	0.00e+00	0.00e+00	0.00e+00
 4.43901e+14	6.19e-24	2.81e-17	1.70e-11	5.97e-07	8.24e-04	5.08e-02	9.48e-01	0.00e+00	0.00e+00	0.00e+00	0.00e+00	0.00e+00
 4.57225e+14	8.34e-24	3.66e-17	2.12e-11	7.10e-07	9.22e-04	5.41e-02	9.45e-01	0.00e+00	0.00e+00	0.00e+00	0.00e+00	0.00e+00
 4.72014e+14	1.14e-23	4.85e-17	2.69e-11	8.55e-07	1.04e-03	5.79e-02	9.41e-01	0.00e+00	0.00e+00	0.00e+00	0.00e+00	0.00e+00
 4.89995e+14	1.67e-23	6.81e-17	3.57e-11	1.07e-06	1.20e-03	6.27e-02	9.36e-01	0.00e+00	0.00e+00	0.00e+00	0.00e+00	0.00e+00
 5.08119e+14	2.41e-23	9.46e-17	4.70e-11	1.32e-06	1.38e-03	6.77e-02	9.31e-01	0.00e+00	0.00e+00	0.00e+00	0.00e+00	0.00e+00
 5.24428e+14	3.32e-23	1.26e-16	5.98e-11	1.58e-06	1.56e-03	7.23e-02	9.26e-01	0.00e+00	0.00e+00	0.00e+00	0.00e+00	0.00e+00
 5.42385e+14	4.67e-23	1.71e-16	7.72e-11	1.93e-06	1.77e-03	7.75e-02	9.21e-01	0.00e+00	0.00e+00	0.00e+00	0.00e+00	0.00e+00
 5.63601e+14	6.90e-23	2.42e-16	1.03e-10	2.41e-06	2.05e-03	8.40e-02	9.14e-01	0.00e+00	0.00e+00	0.00e+00	0.00e+00	0.00e+00
 5.84461e+14	9.99e-23	3.37e-16	1.36e-10	2.98e-06	2.35e-03	9.05e-02	9.07e-01	0.00e+00	0.00e+00	0.00e+00	0.00e+00	0.00e+00
 6.03572e+14	1.39e-22	4.52e-16	1.74e-10	3.59e-06	2.65e-03	9.66e-02	9.01e-01	0.00e+00	0.00e+00	0.00e+00	0.00e+00	0.00e+00
 6.25001e+14	1.98e-22	6.23e-16	2.27e-10	4.40e-06	3.02e-03	1.04e-01	8.93e-01	0.00e+00	0.00e+00	0.00e+00	0.00e+00	0.00e+00
 6.49870e+14	2.96e-22	8.92e-16	3.06e-10	5.52e-06	3.49e-03	1.12e-01	8.84e-01	0.00e+00	0.00e+00	0.00e+00	0.00e+00	0.00e+00
 6.74248e+14	4.33e-22	1.25e-15	4.05e-10	6.82e-06	4.00e-03	1.21e-01	8.75e-01	0.00e+00	0.00e+00	0.00e+00	0.00e+00	0.00e+00
 6.97345e+14	6.12e-22	1.71e-15	5.24e-10	8.29e-06	4.53e-03	1.29e-01	8.67e-01	0.00e+00	0.00e+00	0.00e+00	0.00e+00	0.00e+00
 7.23013e+14	8.92e-22	2.39e-15	6.91e-10	1.02e-05	5.17e-03	1.38e-01	8.57e-01	0.00e+00	0.00e+00	0.00e+00	0.00e+00	0.00e+00
 7.51963e+14	1.34e-21	3.44e-15	9.33e-10	1.28e-05	5.97e-03	1.49e-01	8.45e-01	0.00e+00	0.00e+00	0.00e+00	0.00e+00	0.00e+00
 7.80980e+14	1.99e-21	4.90e-15	1.25e-09	1.59e-05	6.85e-03	1.60e-01	8.33e-01	0.00e+00	0.00e+00	0.00e+00	0.00e+00	0.00e+00
 8.11157e+14	2.96e-21	6.98e-15	1.66e-09	1.97e-05	7.86e-03	1.71e-01	8.21e-01	0.00e+00	0.00e+00	0.00e+00	0.00e+00	0.00e+00
 8.43633e+14	4.47e-21	1.01e-14	2.24e-09	2.46e-05	9.04e-03	1.84e-01	8.07e-01	0.00e+00	0.00e+00	0.00e+00	0.00e+00	0.00e+00
 8.77408e+14	6.76e-21	1.45e-14	3.02e-09	3.07e-05	1.04e-02	1.97e-01	7.92e-01	0.00e+00	0.00e+00	0.00e+00	0.00e+00	0.00e+00
 9.12535e+14	1.02e-20	2.10e-14	4.08e-09	3.83e-05	1.19e-02	2.11e-01	7.77e-01	0.00e+00	0.00e+00	0.00e+00	0.00e+00	0.00e+00
 9.49066e+14	1.55e-20	3.04e-14	5.49e-09	4.76e-05	1.37e-02	2.26e-01	7.60e-01	0.00e+00	0.00e+00	0.00e+00	0.00e+00	0.00e+00
 9.87058e+14	2.36e-20	4.39e-14	7.39e-09	5.92e-05	1.57e-02	2.41e-01	7.43e-01	0.00e+00	0.00e+00	0.00e+00	0.00e+00	0.00e+00
 1.02314e+15	3.45e-20	6.15e-14	9.68e-09	7.22e-05	1.77e-02	2.55e-01	7.27e-01	0.00e+00	0.00e+00	0.00e+00	0.00e+00	0.00e+00
 1.05373e+15	4.73e-20	8.10e-14	1.21e-08	8.48e-05	1.96e-02	2.67e-01	7.13e-01	0.00e+00	0.00e+00	0.00e+00	0.00e+00	0.00e+00
 1.08566e+15	6.51e-20	1.07e-13	1.51e-08	9.98e-05	2.16e-02	2.80e-01	6.98e-01	0.00e+00	0.00e+00	0.00e+00	0.00e+00	0.00e+00
 1.12579e+15	9.59e-20	1.50e-13	1.98e-08	1.21e-04	2.44e-02	2.96e-01	6.80e-01	0.00e+00	0.00e+00	0.00e+00	0.00e+00	0.00e+00
 1.16701e+15	1.41e-19	2.10e-13	2.59e-08	1.47e-04	2.75e-02	3.11e-01	6.61e-01	0.00e+00	0.00e+00	0.00e+00	0.00e+00	0.00e+00
 1.20325e+15	1.96e-19	2.80e-13	3.24e-08	1.74e-04	3.03e-02	3.25e-01	6.45e-01	0.00e+00	0.00e+00	0.00e+00	0.00e+00	0.00e+00
 1.24261e+15	2.76e-19	3.77e-13	4.11e-08	2.06e-04	3.36e-02	3.39e-01	6.27e-01	0.00e+00	0.00e+00	0.00e+00	0.00e+00	0.00e+00
 1.29017e+15	4.13e-19	5.34e-13	5.42e-08	2.51e-04	3.79e-02	3.56e-01	6.06e-01	0.00e+00	0.00e+00	0.00e+00	0.00e+00	0.00e+00
 1.33728e+15	6.06e-19	7.43e-13	7.03e-08	3.02e-04	4.23e-02	3.72e-01	5.85e-01	0.00e+00	0.00e+00	0.00e+00	0.00e+00	0.00e+00
 1.37897e+15	8.41e-19	9.85e-13	8.77e-08	3.54e-04	4.65e-02	3.86e-01	5.67e-01	0.00e+00	0.00e+00	0.00e+00	0.00e+00	0.00e+00
 1.42472e+15	1.19e-18	1.33e-12	1.11e-07	4.18e-04	5.13e-02	4.00e-01	5.48e-01	0.00e+00	0.00e+00	0.00e+00	0.00e+00	0.00e+00
 1.47961e+15	1.78e-18	1.87e-12	1.45e-07	5.06e-04	5.74e-02	4.17e-01	5.25e-01	0.00e+00	0.00e+00	0.00e+00	0.00e+00	0.00e+00
 1.53416e+15	2.62e-18	2.60e-12	1.88e-07	6.07e-04	6.38e-02	4.33e-01	5.03e-01	0.00e+00	0.00e+00	0.00e+00	0.00e+00	0.00e+00
 1.58349e+15	3.67e-18	3.46e-12	2.35e-07	7.09e-04	6.98e-02	4.46e-01	4.84e-01	0.00e+00	0.00e+00	0.00e+00	0.00e+00	0.00e+00
 1.63823e+15	5.26e-18	4.69e-12	2.97e-07	8.37e-04	7.68e-02	4.60e-01	4.63e-01	0.00e+00	0.00e+00	0.00e+00	0.00e+00	0.00e+00
 1.70257e+15	7.91e-18	6.62e-12	3.88e-07	1.01e-03	8.54e-02	4.75e-01	4.39e-01	0.00e+00	0.00e+00	0.00e+00	0.00e+00	0.00e+00
 1.76595e+15	1.16e-17	9.15e-12	4.99e-07	1.20e-03	9.42e-02	4.88e-01	4.17e-01	0.00e+00	0.00e+00	0.00e+00	0.00e+00	0.00e+00
 1.82486e+15	1.64e-17	1.22e-11	6.23e-07	1.40e-03	1.03e-01	4.99e-01	3.97e-01	0.00e+00	0.00e+00	0.00e+00	0.00e+00	0.00e+00
 1.89088e+15	2.42e-17	1.67e-11	7.92e-07	1.65e-03	1.12e-01	5.11e-01	3.75e-01	0.00e+00	0.00e+00	1.38e-17	7.40e-18	2.78e-18
 1.96655e+15	3.62e-17	2.35e-11	1.03e-06	1.98e-03	1.24e-01	5.22e-01	3.52e-01	0.00e+00	0.00e+00	2.05e-17	1.13e-17	4.06e-18
 2.04096e+15	5.34e-17	3.23e-11	1.32e-06	2.34e-03	1.36e-01	5.31e-01	3.30e-01	0.00e+00	0.00e+00	3.03e-17	1.65e-17	5.94e-18
 2.11836e+15	7.86e-17	4.44e-11	1.68e-06	2.76e-03	1.48e-01	5.40e-01	3.09e-01	0.00e+00	0.00e+00	4.47e-17	2.42e-17	8.70e-18
 2.20312e+15	1.18e-16	6.19e-11	2.16e-06	3.28e-03	1.62e-01	5.47e-01	2.88e-01	0.00e+00	0.00e+00	6.71e-17	3.62e-17	1.30e-17
 2.28894e+15	1.75e-16	8.54e-11	2.76e-06	3.87e-03	1.77e-01	5.52e-01	2.67e-01	0.00e+00	0.00e+00	9.96e-17	5.35e-17	1.91e-17
 2.37819e+15	2.58e-16	1.18e-10	3.52e-06	4.55e-03	1.92e-01	5.56e-01	2.47e-01	0.00e+00	0.00e+00	1.48e-16	7.90e-17	2.81e-17
 2.47335e+15	3.85e-16	1.62e-10	4.49e-06	5.35e-03	2.09e-01	5.58e-01	2.28e-01	0.00e+00	0.00e+00	2.21e-16	1.18e-16	4.18e-17
 2.57231e+15	5.73e-16	2.24e-10	5.73e-06	6.28e-03	2.26e-01	5.59e-01	2.09e-01	0.00e+00	0.00e+00	3.29e-16	1.75e-16	6.19e-17
 2.67523e+15	8.51e-16	3.08e-10	7.28e-06	7.36e-03	2.44e-01	5.57e-01	1.91e-01	0.00e+00	0.00e+00	4.89e-16	2.60e-16	9.15e-17
 2.78227e+15	1.26e-15	4.23e-10	9.22e-06	8.59e-03	2.62e-01	5.54e-01	1.75e-01	0.00e+00	0.00e+00	7.25e-16	3.84e-16	1.35e-16
 2.89359e+15	1.87e-15	5.78e-10	1.17e-05	9.99e-03	2.82e-01	5.50e-01	1.59e-01	0.00e+00	0.00e+00	1.07e-15	5.68e-16	1.99e-16
 2.99307e+15	2.60e-15	7.53e-10	1.42e-05	1.13e-02	2.99e-01	5.44e-01	1.46e-01	0.00e+00	0.00e+00	1.50e-15	7.93e-16	2.76e-16
 3.07481e+15	3.40e-15	9.31e-10	1.66e-05	1.26e-02	3.12e-01	5.39e-01	1.36e-01	0.00e+00	0.00e+00	1.96e-15	1.04e-15	3.60e-16
 3.16457e+15	4.51e-15	1.16e-09	1.96e-05	1.40e-02	3.27e-01	5.33e-01	1.26e-01	0.00e+00	0.00e+00	2.60e-15	1.37e-15	4.76e-16
 3.27963e+15	6.41e-15	1.53e-09	2.41e-05	1.59e-02	3.46e-01	5.24e-01	1.14e-01	0.00e+00	0.00e+00	3.69e-15	1.95e-15	6.73e-16
 3.40130e+15	9.15e-15	2.03e-09	2.97e-05	1.81e-02	3.66e-01	5.13e-01	1.03e-01	0.00e+00	0.00e+00	5.27e-15	2.78e-15	9.59e-16
 3.50829e+15	1.24e-14	2.57e-09	3.53e-05	2.02e-02	3.82e-01	5.03e-01	9.45e-02	0.00e+00	0.00e+00	7.12e-15	3.76e-15	1.29e-15
 3.62247e+15	1.68e-14	3.27e-09	4.21e-05	2.26e-02	4.00e-01	4.92e-01	8.59e-02	0.00e+00	0.00e+00	9.71e-15	5.12e-15	1.75e-15
 3.76076e+15	2.42e-14	4.33e-09	5.18e-05	2.56e-02	4.20e-01	4.78e-01	7.67e-02	0.00e+00	0.00e+00	1.39e-14	7.35e-15	2.51e-15
 3.89783e+15	3.39e-14	5.63e-09	6.29e-05	2.88e-02	4.39e-01	4.64e-01	6.86e-02	0.00e+00	0.00e+00	1.96e-14	1.03e-14	3.51e-15
 4.01951e+15	4.54e-14	7.06e-09	7.42e-05	3.19e-02	4.55e-01	4.51e-01	6.21e-02	0.00e+00	0.00e+00	2.62e-14	1.38e-14	4.69e-15
 4.15374e+15	6.21e-14	8.97e-09	8.85e-05	3.54e-02	4.72e-01	4.36e-01	5.57e-02	0.00e+00	0.00e+00	3.59e-14	1.89e-14	6.39e-15
 4.31422e+15	8.87e-14	1.18e-08	1.08e-04	4.00e-02	4.92e-01	4.19e-01	4.90e-02	0.00e+00	0.00e+00	5.13e-14	2.70e-14	9.11e-15
 4.47267e+15	1.25e-13	1.53e-08	1.31e-04	4.47e-02	5.10e-01	4.02e-01	4.32e-02	0.00e+00	0.00e+00	7.20e-14	3.78e-14	1.28e-14
 4.61466e+15	1.67e-13	1.91e-08	1.54e-04	4.92e-02	5.25e-01	3.87e-01	3.87e-02	0.00e+00	0.00e+00	9.66e-14	5.08e-14	1.71e-14
 4.77141e+15	2.29e-13	2.43e-08	1.83e-04	5.44e-02	5.40e-01	3.71e-01	3.42e-02	0.00e+00	0.00e+00	1.32e-13	6.95e-14	2.33e-14
 4.95723e+15	3.28e-13	3.19e-08	2.23e-04	6.09e-02	5.57e-01	3.52e-01	2.96e-02	0.00e+00	0.00e+00	1.90e-13	9.96e-14	3.34e-14
 5.14153e+15	4.60e-13	4.12e-08	2.67e-04	6.76e-02	5.73e-01	3.34e-01	2.57e-02	0.00e+00	0.00e+00	2.66e-13	1.40e-13	4.67e-14
 5.31219e+15	6.22e-13	5.16e-08	3.15e-04	7.41e-02	5.85e-01	3.18e-01	2.26e-02	0.00e+00	0.00e+00	3.60e-13	1.89e-13	6.31e-14
 5.50369e+15	8.66e-13	6.62e-08	3.76e-04	8.18e-02	5.98e-01	3.00e-01	1.96e-02	0.00e+00	0.00e+00	5.02e-13	2.63e-13	8.77e-14
 5.71547e+15	1.23e-12	8.61e-08	4.53e-04	9.08e-02	6.11e-01	2.81e-01	1.67e-02	0.00e+00	0.00e+00	7.12e-13	3.74e-13	1.24e-13
 5.91895e+15	1.69e-12	1.09e-07	5.37e-04	9.95e-02	6.21e-01	2.64e-01	1.44e-02	0.00e+00	0.00e+00	9.81e-13	5.14e-13	1.71e-13
 6.11424e+15	2.28e-12	1.36e-07	6.30e-04	1.08e-01	6.30e-01	2.49e-01	1.25e-02	0.00e+00	0.00e+00	1.32e-12	6.94e-13	2.30e-13
 6.33411e+15	3.16e-12	1.74e-07	7.48e-04	1.19e-01	6.38e-01	2.32e-01	1.07e-02	0.00e+00	0.00e+00	1.83e-12	9.62e-13	3.19e-13
 6.57569e+15	4.46e-12	2.24e-07	8.97e-04	1.31e-01	6.45e-01	2.15e-01	8.96e-03	0.00e+00	0.00e+00	2.59e-12	1.36e-12	4.49e-13
 6.79760e+15	6.04e-12	2.80e-07	1.05e-03	1.42e-01	6.49e-01	2.00e-01	7.66e-03	0.00e+00	0.00e+00	3.50e-12	1.84e-12	6.06e-13
 6.98919e+15	7.76e-12	3.37e-07	1.20e-03	1.52e-01	6.52e-01	1.88e-01	6.70e-03	0.00e+00	0.00e+00	4.50e-12	2.36e-12	7.79e-13
 7.18942e+15	1.01e-11	4.08e-07	1.37e-03	1.63e-01	6.54e-01	1.76e-01	5.82e-03	0.00e+00	0.00e+00	5.83e-12	3.06e-12	1.01e-12
 7.44867e+15	1.40e-11	5.18e-07	1.63e-03	1.77e-01	6.55e-01	1.62e-01	4.85e-03	0.00e+00	0.00e+00	8.10e-12	4.25e-12	1.40e-12
 7.70942e+15	1.90e-11	6.51e-07	1.92e-03	1.92e-01	6.54e-01	1.48e-01	4.06e-03	0.00e+00	0.00e+00	1.10e-11	5.78e-12	1.90e-12
 7.92195e+15	2.42e-11	7.78e-07	2.18e-03	2.04e-01	6.52e-01	1.38e-01	3.51e-03	0.00e+00	0.00e+00	1.41e-11	7.37e-12	2.43e-12
 8.14699e+15	3.14e-11	9.40e-07	2.49e-03	2.18e-01	6.49e-01	1.28e-01	3.01e-03	0.00e+00	0.00e+00	1.82e-11	9.55e-12	3.14e-12
 8.43954e+15	4.34e-11	1.19e-06	2.95e-03	2.36e-01	6.43e-01	1.16e-01	2.47e-03	0.00e+00	0.00e+00	2.52e-11	1.32e-11	4.35e-12
 8.74360e+15	5.97e-11	1.51e-06	3.49e-03	2.55e-01	6.35e-01	1.04e-01	2.01e-03	0.00e+00	0.00e+00	3.47e-11	1.82e-11	5.97e-12
 8.99292e+15	7.65e-11	1.81e-06	3.99e-03	2.70e-01	6.28e-01	9.58e-02	1.71e-03	0.00e+00	0.00e+00	4.44e-11	2.33e-11	7.65e-12
 9.24731e+15	9.92e-11	2.19e-06	4.57e-03	2.87e-01	6.19e-01	8.75e-02	1.44e-03	0.00e+00	0.00e+00	5.76e-11	3.02e-11	9.92e-12
 9.57803e+15	1.38e-10	2.78e-06	5.43e-03	3.09e-01	6.07e-01	7.78e-02	1.15e-03	0.00e+00	0.00e+00	8.00e-11	4.20e-11	1.38e-11
 9.91023e+15	1.87e-10	3.48e-06	6.40e-03	3.31e-01	5.92e-01	6.91e-02	9.23e-04	0.00e+00	0.00e+00	1.09e-10	5.70e-11	1.87e-11
 1.01734e+16	2.36e-10	4.14e-06	7.27e-03	3.49e-01	5.80e-01	6.28e-02	7.77e-04	0.00e+00	0.00e+00	1.37e-10	7.19e-11	2.36e-11
 1.04445e+16	3.03e-10	4.98e-06	8.30e-03	3.68e-01	5.66e-01	5.68e-02	6.47e-04	0.00e+00	0.00e+00	1.76e-10	9.25e-11	3.03e-11
 1.07454e+16	3.96e-10	6.06e-06	9.59e-03	3.89e-01	5.50e-01	5.07e-02	5.29e-04	0.00e+00	0.00e+00	2.30e-10	1.21e-10	3.96e-11
 1.10227e+16	5.00e-10	7.22e-06	1.09e-02	4.08e-01	5.35e-01	4.57e-02	4.40e-04	0.00e+00	0.00e+00	2.91e-10	1.53e-10	5.00e-11
 1.12807e+16	6.21e-10	8.48e-06	1.23e-02	4.26e-01	5.20e-01	4.13e-02	3.70e-04	0.00e+00	0.00e+00	3.61e-10	1.90e-10	6.21e-11
 1.15755e+16	8.06e-10	1.03e-05	1.41e-02	4.47e-01	5.01e-01	3.67e-02	3.02e-04	0.00e+00	0.00e+00	4.69e-10	2.46e-10	8.07e-11
 1.18933e+16	1.05e-09	1.25e-05	1.64e-02	4.70e-01	4.81e-01	3.24e-02	2.43e-04	0.00e+00	0.00e+00	6.09e-10	3.20e-10	1.05e-10
 1.21744e+16	1.32e-09	1.49e-05	1.86e-02	4.89e-01	4.63e-01	2.89e-02	2.01e-04	0.00e+00	0.00e+00	7.65e-10	4.02e-10	1.32e-10
 1.24331e+16	1.63e-09	1.75e-05	2.10e-02	5.07e-01	4.46e-01	2.59e-02	1.68e-04	0.00e+00	0.00e+00	9.47e-10	4.98e-10	1.63e-10
 1.27287e+16	2.09e-09	2.11e-05	2.41e-02	5.28e-01	4.25e-01	2.27e-02	1.36e-04	0.00e+00	0.00e+00	1.22e-09	6.40e-10	2.10e-10
 1.30457e+16	2.73e-09	2.58e-05	2.81e-02	5.50e-01	4.03e-01	1.98e-02	1.08e-04	0.00e+00	0.00e+00	1.59e-09	8.35e-10	2.74e-10
 1.33213e+16	3.43e-09	3.06e-05	3.20e-02	5.68e-01	3.83e-01	1.74e-02	8.87e-05	0.00e+00	0.00e+00	1.99e-09	1.05e-09	3.44e-10
 1.35686e+16	4.21e-09	3.59e-05	3.61e-02	5.84e-01	3.65e-01	1.55e-02	7.38e-05	0.00e+00	0.00e+00	2.45e-09	1.29e-09	4.22e-10
 1.38009e+16	5.14e-09	4.18e-05	4.06e-02	5.98e-01	3.47e-01	1.39e-02	6.19e-05	0.00e+00	0.00e+00	2.99e-09	1.57e-09	5.16e-10
 1.40174e+16	6.23e-09	4.84e-05	4.53e-02	6.12e-01	3.31e-01	1.24e-02	5.23e-05	0.00e+00	0.00e+00	3.62e-09	1.90e-09	6.25e-10
 1.42609e+16	7.90e-09	5.80e-05	5.17e-02	6.26e-01	3.11e-01	1.09e-02	4.28e-05	0.00e+00	0.00e+00	4.60e-09	2.42e-09	7.94e-10
 1.45320e+16	1.01e-08	7.03e-05	5.99e-02	6.41e-01	2.90e-01	9.39e-03	3.43e-05	0.00e+00	0.00e+00	5.88e-09	3.09e-09	1.01e-09
 1.47801e+16	1.29e-08	8.49e-05	6.91e-02	6.53e-01	2.70e-01	8.13e-03	2.77e-05	0.00e+00	0.00e+00	7.52e-09	3.95e-09	1.30e-09
 1.49982e+16	1.61e-08	1.01e-04	7.88e-02	6.62e-01	2.52e-01	7.12e-03	2.28e-05	0.00e+00	0.00e+00	9.39e-09	4.94e-09	1.62e-09
 1.52037e+16	2.00e-08	1.19e-04	8.96e-02	6.69e-01	2.35e-01	6.22e-03	1.88e-05	0.00e+00	0.00e+00	1.16e-08	6.11e-09	2.01e-09
 1.54057e+16	2.50e-08	1.43e-04	1.03e-01	6.75e-01	2.17e-01	5.41e-03	1.54e-05	0.00e+00	0.00e+00	1.46e-08	7.66e-09	2.52e-09
 1.56018e+16	3.18e-08	1.72e-04	1.18e-01	6.78e-01	2.00e-01	4.66e-03	1.25e-05	0.00e+00	0.00e+00	1.85e-08	9.73e-09	3.20e-09
 1.57880e+16	3.97e-08	2.05e-04	1.35e-01	6.78e-01	1.83e-01	4.01e-03	1.02e-05	0.00e+00	0.00e+00	2.31e-08	1.22e-08	4.00e-09
 1.59621e+16	4.82e-08	2.40e-04	1.55e-01	6.75e-01	1.67e-01	3.44e-03	8.25e-06	0.00e+00	0.00e+00	2.80e-08	1.47e-08	4.86e-09
 1.61259e+16	6.07e-08	2.89e-04	1.78e-01	6.68e-01	1.51e-01	2.92e-03	6.65e-06	0.00e+00	0.00e+00	3.53e-08	1.86e-08	6.13e-09
 1.62787e+16	7.64e-08	3.46e-04	2.04e-01	6.58e-01	1.35e-01	2.47e-03	5.34e-06	0.00e+00	0.00e+00	4.44e-08	2.34e-08	7.71e-09
 1.64195e+16	9.57e-08	4.14e-04	2.33e-01	6.44e-01	1.20e-01	2.08e-03	4.26e-06	0.00e+00	0.00e+00	5.57e-08	2.93e-08	9.67e-09
 1.65491e+16	1.19e-07	4.93e-04	2.66e-01	6.25e-01	1.06e-01	1.74e-03	3.39e-06	0.00e+00	0.00e+00	6.95e-08	3.66e-08	1.21e-08
 1.66691e+16	1.55e-07	6.00e-04	3.03e-01	6.02e-01	9.32e-02	1.44e-03	2.66e-06	0.00e+00	0.00e+00	9.01e-08	4.75e-08	1.57e-08
 1.67802e+16	1.84e-07	6.92e-04	3.42e-01	5.75e-01	8.05e-02	1.17e-03	2.07e-06	0.00e+00	0.00e+00	1.07e-07	5.64e-08	1.86e-08
 1.68780e+16	2.25e-07	8.09e-04	3.83e-01	5.46e-01	6.94e-02	9.58e-04	1.61e-06	0.00e+00	0.00e+00	1.31e-07	6.89e-08	2.28e-08
 1.69559e+16	2.72e-07	9.34e-04	4.20e-01	5.17e-01	6.06e-02	7.99e-04	1.29e-06	0.00e+00	0.00e+00	1.58e-07	8.36e-08	2.77e-08
 1.70173e+16	3.04e-07	1.02e-03	4.53e-01	4.92e-01	5.35e-02	6.80e-04	1.07e-06	0.00e+00	0.00e+00	1.77e-07	9.33e-08	3.09e-08
 1.70814e+16	3.52e-07	1.14e-03	4.90e-01	4.63e-01	4.62e-02	5.61e-04	8.46e-07	0.00e+00	0.00e+00	2.05e-07	1.08e-07	3.58e-08
 1.71647e+16	4.35e-07	1.33e-03	5.41e-01	4.20e-01	3.73e-02	4.24e-04	0.00e+00	0.00e+00	0.00e+00	2.53e-07	1.34e-07	4.44e-08
 1.72444e+16	5.18e-07	1.51e-03	5.93e-01	3.76e-01	2.95e-02	3.15e-04	0.00e+00	0.00e+00	0.00e+00	3.01e-07	1.59e-07	5.29e-08
 1.73026e+16	5.91e-07	1.67e-03	6.33e-01	3.41e-01	2.41e-02	2.45e-04	0.00e+00	0.00e+00	0.00e+00	3.44e-07	1.82e-07	6.04e-08
 1.73615e+16	6.78e-07	1.84e-03	6.74e-01	3.04e-01	1.92e-02	1.84e-04	0.00e+00	0.00e+00	0.00e+00	3.94e-07	2.08e-07	6.94e-08
 1.74381e+16	7.99e-07	2.06e-03	7.26e-01	2.58e-01	1.39e-02	1.22e-04	0.00e+00	0.00e+00	0.00e+00	4.65e-07	2.46e-07	8.20e-08
 1.75156e+16	9.35e-07	2.28e-03	7.75e-01	2.13e-01	9.61e-03	7.77e-05	0.00e+00	0.00e+00	0.00e+00	5.43e-07	2.88e-07	9.60e-08
 1.75786e+16	1.05e-06	2.47e-03	8.11e-01	1.80e-01	6.93e-03	5.17e-05	0.00e+00	0.00e+00	0.00e+00	6.12e-07	3.24e-07	1.08e-07
 1.76447e+16	1.19e-06	2.66e-03	8.44e-01	1.48e-01	4.77e-03	3.25e-05	0.00e+00	0.00e+00	0.00e+00	6.91e-07	3.66e-07	1.23e-07
 1.77306e+16	1.37e-06	2.89e-03	8.80e-01	1.14e-01	2.88e-03	1.73e-05	0.00e+00	0.00e+00	0.00e+00	7.94e-07	4.21e-07	1.41e-07
 1.78423e+16	1.59e-06	3.15e-03	9.14e-01	8.12e-02	1.48e-03	7.42e-06	0.00e+00	0.00e+00	0.00e+00	9.27e-07	4.92e-07	1.65e-07
 1.79657e+16	1.83e-06	3.39e-03	9.39e-01	5.69e-02	7.20e-04	2.96e-06	0.00e+00	0.00e+00	0.00e+00	1.07e-06	5.65e-07	1.90e-07
 1.81044e+16	2.09e-06	3.61e-03	9.57e-01	3.94e-02	3.32e-04	1.08e-06	0.00e+00	0.00e+00	0.00e+00	1.22e-06	6.46e-07	2.18e-07
 1.82847e+16	2.43e-06	3.86e-03	9.70e-01	2.63e-02	1.35e-04	3.20e-07	0.00e+00	0.00e+00	0.00e+00	1.41e-06	7.49e-07	2.53e-07
 1.85190e+16	2.87e-06	4.14e-03	9.78e-01	1.75e-02	4.94e-05	0.00e+00	0.00e+00	0.00e+00	0.00e+00	1.67e-06	8.87e-07	3.00e-07
 1.88237e+16	3.53e-06	4.50e-03	9.83e-01	1.22e-02	1.72e-05	0.00e+00	0.00e+00	0.00e+00	0.00e+00	2.05e-06	1.09e-06	3.68e-07
 1.92198e+16	4.59e-06	4.98e-03	9.86e-01	9.03e-03	5.84e-06	0.00e+00	0.00e+00	0.00e+00	0.00e+00	2.67e-06	1.42e-06	4.79e-07
 1.96430e+16	6.17e-06	5.59e-03	9.87e-01	7.37e-03	2.34e-06	0.00e+00	0.00e+00	0.00e+00	0.00e+00	3.59e-06	1.91e-06	6.43e-07
 2.00022e+16	8.07e-06	6.22e-03	9.87e-01	6.46e-03	1.21e-06	0.00e+00	0.00e+00	0.00e+00	0.00e+00	4.69e-06	2.49e-06	8.40e-07
 2.03059e+16	1.03e-05	6.85e-03	9.87e-01	5.84e-03	7.26e-07	0.00e+00	0.00e+00	0.00e+00	0.00e+00	5.97e-06	3.17e-06	1.07e-06
 2.06370e+16	1.35e-05	7.66e-03	9.87e-01	5.25e-03	0.00e+00	0.00e+00	0.00e+00	0.00e+00	0.00e+00	7.83e-06	4.16e-06	1.40e-06
 2.09907e+16	1.85e-05	8.76e-03	9.87e-01	4.65e-03	0.00e+00	0.00e+00	0.00e+00	0.00e+00	0.00e+00	1.07e-05	5.70e-06	1.92e-06
 2.12851e+16	2.45e-05	9.90e-03	9.86e-01	4.20e-03	0.00e+00	0.00e+00	0.00e+00	0.00e+00	0.00e+00	1.42e-05	7.55e-06	2.54e-06
 2.15248e+16	3.12e-05	1.10e-02	9.85e-01	3.84e-03	0.00e+00	0.00e+00	0.00e+00	0.00e+00	0.00e+00	1.81e-05	9.61e-06	3.23e-06
 2.17821e+16	4.09e-05	1.25e-02	9.84e-01	3.45e-03	0.00e+00	0.00e+00	0.00e+00	0.00e+00	0.00e+00	2.38e-05	1.26e-05	4.24e-06
 2.20009e+16	5.23e-05	1.40e-02	9.83e-01	3.14e-03	0.00e+00	0.00e+00	0.00e+00	0.00e+00	0.00e+00	3.04e-05	1.61e-05	5.42e-06
 2.21159e+16	5.99e-05	1.50e-02	9.82e-01	2.98e-03	0.00e+00	0.00e+00	0.00e+00	0.00e+00	0.00e+00	3.48e-05	1.85e-05	6.20e-06
 2.22117e+16	6.73e-05	1.58e-02	9.81e-01	2.84e-03	0.00e+00	0.00e+00	0.00e+00	0.00e+00	0.00e+00	3.91e-05	2.07e-05	6.97e-06
 2.23362e+16	7.85e-05	1.70e-02	9.80e-01	2.65e-03	0.00e+00	0.00e+00	0.00e+00	0.00e+00	0.00e+00	4.57e-05	2.42e-05	8.13e-06
 2.24748e+16	9.37e-05	1.86e-02	9.79e-01	2.46e-03	0.00e+00	0.00e+00	0.00e+00	0.00e+00	0.00e+00	5.45e-05	2.89e-05	9.69e-06
 2.26004e+16	1.11e-04	2.02e-02	9.77e-01	2.30e-03	0.00e+00	0.00e+00	0.00e+00	0.00e+00	0.00e+00	6.44e-05	3.41e-05	1.15e-05
 2.27090e+16	1.29e-04	2.18e-02	9.76e-01	2.14e-03	0.00e+00	0.00e+00	0.00e+00	0.00e+00	0.00e+00	7.49e-05	3.97e-05	1.33e-05
 2.28267e+16	1.52e-04	2.37e-02	9.74e-01	1.99e-03	0.00e+00	0.00e+00	0.00e+00	0.00e+00	0.00e+00	8.85e-05	4.69e-05	1.57e-05
 2.29416e+16	1.80e-04	2.59e-02	9.72e-01	1.84e-03	0.00e+00	0.00e+00	0.00e+00	0.00e+00	0.00e+00	1.05e-04	5.56e-05	1.86e-05
 2.30246e+16	2.05e-04	2.77e-02	9.70e-01	1.74e-03	0.00e+00	0.00e+00	0.00e+00	0.00e+00	0.00e+00	1.19e-04	6.31e-05	2.12e-05
 2.30935e+16	2.29e-04	2.93e-02	9.69e-01	1.66e-03	0.00e+00	0.00e+00	0.00e+00	0.00e+00	0.00e+00	1.33e-04	7.04e-05	2.36e-05
 2.31721e+16	2.60e-04	3.13e-02	9.67e-01	1.56e-03	0.00e+00	0.00e+00	0.00e+00	0.00e+00	0.00e+00	1.51e-04	8.00e-05	2.69e-05
 2.32601e+16	3.00e-04	3.38e-02	9.64e-01	1.45e-03	0.00e+00	0.00e+00	0.00e+00	0.00e+00	0.00e+00	1.75e-04	9.25e-05	3.10e-05
