#depth	N	N+	N+2	N+3	N+4	N+5	N+6	N+7
 1.49634e+10	7.57e-47	3.39e-36	1.59e-26	1.35e-17	2.05e-09	9.81e-01	1.92e-02	0.00e+00
 4.54887e+10	0.00e+00	4.69e-36	2.03e-26	1.59e-17	2.23e-09	9.82e-01	1.76e-02	1.31e-07
 7.72350e+10	1.70e-46	6.48e-36	2.60e-26	1.87e-17	2.42e-09	9.84e-01	1.62e-02	0.00e+00
 1.10251e+11	0.00e+00	8.97e-36	3.32e-26	2.21e-17	2.63e-09	9.85e-01	1.49e-02	0.00e+00
 1.44588e+11	3.83e-46	1.24e-35	4.24e-26	2.60e-17	2.86e-09	9.86e-01	1.37e-02	0.00e+00
 1.80298e+11	0.00e+00	1.72e-35	5.42e-26	3.07e-17	3.11e-09	9.87e-01	1.26e-02	0.00e+00
 2.17437e+11	8.65e-46	2.39e-35	6.93e-26	3.62e-17	3.38e-09	9.88e-01	1.16e-02	0.00e+00
 2.56061e+11	0.00e+00	3.31e-35	8.87e-26	4.27e-17	3.67e-09	9.89e-01	1.07e-02	0.00e+00
 2.92492e+11	1.89e-45	4.45e-35	1.11e-25	4.97e-17	3.96e-09	9.90e-01	9.87e-03	0.00e+00
 3.25247e+11	0.00e+00	0.00e+00	1.35e-25	5.66e-17	4.24e-09	9.91e-01	9.23e-03	0.00e+00
 3.62082e+11	0.00e+00	7.66e-35	1.67e-25	6.54e-17	4.56e-09	9.91e-01	8.58e-03	0.00e+00
 4.05523e+11	5.56e-45	1.06e-34	2.13e-25	7.71e-17	4.95e-09	9.92e-01	7.89e-03	0.00e+00
 4.48887e+11	0.00e+00	0.00e+00	2.69e-25	9.02e-17	5.36e-09	9.93e-01	7.29e-03	0.00e+00
 4.89840e+11	0.00e+00	1.92e-34	3.34e-25	1.04e-16	5.76e-09	9.93e-01	6.77e-03	0.00e+00
 5.35217e+11	1.71e-44	2.60e-34	4.20e-25	1.22e-16	6.23e-09	9.94e-01	6.26e-03	0.00e+00
 5.86552e+11	0.00e+00	3.62e-34	5.40e-25	1.44e-16	6.79e-09	9.94e-01	5.74e-03	0.00e+00
 6.38003e+11	3.86e-44	5.00e-34	6.88e-25	1.70e-16	7.38e-09	9.95e-01	5.28e-03	0.00e+00
 6.91512e+11	0.00e+00	6.90e-34	8.78e-25	2.00e-16	8.02e-09	9.95e-01	4.86e-03	0.00e+00
 7.49099e+11	8.75e-44	9.64e-34	1.13e-24	2.38e-16	8.74e-09	9.96e-01	4.46e-03	0.00e+00
 8.03169e+11	0.00e+00	1.30e-33	1.42e-24	2.78e-16	9.46e-09	9.96e-01	4.12e-03	0.00e+00
 8.51521e+11	1.77e-43	1.70e-33	1.74e-24	3.18e-16	1.01e-08	9.96e-01	3.85e-03	0.00e+00
 9.05894e+11	0.00e+00	2.26e-33	2.16e-24	3.68e-16	1.09e-08	9.96e-01	3.57e-03	0.00e+00
 9.70322e+11	3.82e-43	3.14e-33	2.77e-24	4.36e-16	1.19e-08	9.97e-01	3.28e-03	0.00e+00
 1.03472e+12	0.00e+00	4.32e-33	3.52e-24	5.13e-16	1.29e-08	9.97e-01	3.02e-03	0.00e+00
 1.09494e+12	8.12e-43	5.76e-33	4.39e-24	5.96e-16	1.39e-08	9.97e-01	2.80e-03	0.00e+00
 1.16191e+12	0.00e+00	7.82e-33	5.53e-24	6.98e-16	1.51e-08	9.97e-01	2.58e-03	0.00e+00
 1.23831e+12	1.82e-42	1.10e-32	7.18e-24	8.34e-16	1.65e-08	9.98e-01	2.36e-03	0.00e+00
 1.31333e+12	0.00e+00	1.52e-32	9.18e-24	9.86e-16	1.80e-08	9.98e-01	2.17e-03	0.00e+00
 1.39134e+12	4.06e-42	2.10e-32	1.17e-23	1.17e-15	1.96e-08	9.98e-01	1.99e-03	0.00e+00
 1.47692e+12	0.00e+00	2.96e-32	1.52e-23	1.39e-15	2.15e-08	9.98e-01	1.82e-03	0.00e+00
 1.56299e+12	9.37e-42	4.12e-32	1.96e-23	1.66e-15	2.35e-08	9.98e-01	1.67e-03	0.00e+00
 1.65250e+12	0.00e+00	5.74e-32	2.53e-23	1.97e-15	2.57e-08	9.98e-01	1.52e-03	0.00e+00
 1.74853e+12	2.17e-41	8.08e-32	3.29e-23	2.37e-15	2.82e-08	9.99e-01	1.39e-03	0.00e+00
 1.84382e+12	0.00e+00	1.12e-31	4.23e-23	2.81e-15	3.08e-08	9.99e-01	1.27e-03	0.00e+00
 1.94291e+12	4.88e-41	1.56e-31	5.44e-23	3.35e-15	3.37e-08	9.99e-01	1.17e-03	0.00e+00
 2.05056e+12	0.00e+00	2.19e-31	7.08e-23	4.02e-15	3.70e-08	9.99e-01	1.06e-03	0.00e+00
 2.16251e+12	1.14e-40	3.09e-31	9.22e-23	4.83e-15	4.07e-08	9.99e-01	9.66e-04	0.00e+00
 2.27893e+12	0.00e+00	4.35e-31	1.20e-22	5.81e-15	4.48e-08	9.99e-01	8.80e-04	0.00e+00
 2.40002e+12	2.65e-40	6.12e-31	1.56e-22	6.99e-15	4.93e-08	9.99e-01	8.00e-04	0.00e+00
 2.52595e+12	0.00e+00	8.60e-31	2.04e-22	8.40e-15	5.43e-08	9.99e-01	7.28e-04	0.00e+00
 2.64010e+12	5.80e-40	1.16e-30	2.56e-22	9.88e-15	5.91e-08	9.99e-01	6.70e-04	0.00e+00
 2.73566e+12	0.00e+00	1.47e-30	3.09e-22	1.13e-14	6.33e-08	9.99e-01	6.26e-04	0.00e+00
 2.84053e+12	1.06e-39	1.90e-30	3.77e-22	1.30e-14	6.81e-08	9.99e-01	5.82e-04	0.00e+00
 2.97276e+12	0.00e+00	2.59e-30	4.80e-22	1.54e-14	7.45e-08	9.99e-01	5.33e-04	0.00e+00
 3.11040e+12	2.27e-39	3.52e-30	6.12e-22	1.83e-14	8.16e-08	1.00e+00	4.88e-04	0.00e+00
 3.22838e+12	0.00e+00	4.55e-30	7.47e-22	2.11e-14	8.80e-08	1.00e+00	4.53e-04	0.00e+00
 3.35099e+12	4.25e-39	5.88e-30	9.13e-22	2.43e-14	9.49e-08	1.00e+00	4.20e-04	0.00e+00
 3.50366e+12	0.00e+00	7.99e-30	1.16e-21	2.89e-14	1.04e-07	1.00e+00	3.84e-04	0.00e+00
 3.65828e+12	8.88e-39	1.08e-29	1.47e-21	3.42e-14	1.14e-07	1.00e+00	3.52e-04	0.00e+00
 3.79305e+12	0.00e+00	1.38e-29	1.79e-21	3.94e-14	1.23e-07	1.00e+00	3.27e-04	0.00e+00
 3.93911e+12	1.65e-38	1.79e-29	2.20e-21	4.56e-14	1.33e-07	1.00e+00	3.03e-04	0.00e+00
 4.11706e+12	0.00e+00	2.43e-29	2.80e-21	5.43e-14	1.46e-07	1.00e+00	2.76e-04	0.00e+00
 4.29822e+12	3.43e-38	3.27e-29	3.54e-21	6.43e-14	1.59e-07	1.00e+00	2.53e-04	0.00e+00
 4.46437e+12	0.00e+00	4.25e-29	4.35e-21	7.47e-14	1.73e-07	1.00e+00	2.34e-04	0.00e+00
 4.64928e+12	6.60e-38	5.62e-29	5.43e-21	8.76e-14	1.88e-07	1.00e+00	2.15e-04	0.00e+00
 4.86384e+12	0.00e+00	7.67e-29	6.95e-21	1.05e-13	2.07e-07	1.00e+00	1.96e-04	0.00e+00
 5.07562e+12	1.37e-37	1.03e-28	8.77e-21	1.24e-13	2.27e-07	1.00e+00	1.79e-04	0.00e+00
 5.27836e+12	0.00e+00	1.35e-28	1.09e-20	1.45e-13	2.46e-07	1.00e+00	1.65e-04	0.00e+00
 5.50190e+12	2.69e-37	1.79e-28	1.36e-20	1.70e-13	2.69e-07	1.00e+00	1.51e-04	0.00e+00
 5.75190e+12	0.00e+00	2.44e-28	1.74e-20	2.03e-13	2.95e-07	1.00e+00	1.38e-04	0.00e+00
 5.97912e+12	5.38e-37	3.18e-28	2.14e-20	2.37e-13	3.21e-07	1.00e+00	1.27e-04	0.00e+00
 6.17025e+12	0.00e+00	3.95e-28	2.55e-20	2.68e-13	3.43e-07	1.00e+00	1.19e-04	0.00e+00
 6.38037e+12	9.26e-37	4.98e-28	3.06e-20	3.06e-13	3.68e-07	1.00e+00	1.11e-04	0.00e+00
 6.61755e+12	0.00e+00	6.41e-28	3.73e-20	3.53e-13	3.98e-07	1.00e+00	1.03e-04	0.00e+00
 6.84461e+12	1.67e-36	8.10e-28	4.49e-20	4.03e-13	4.27e-07	1.00e+00	9.59e-05	0.00e+00
 7.09450e+12	0.00e+00	1.04e-27	5.46e-20	4.65e-13	4.60e-07	1.00e+00	8.90e-05	0.00e+00
 7.37207e+12	3.11e-36	1.35e-27	6.74e-20	5.40e-13	4.99e-07	1.00e+00	8.22e-05	0.00e+00
 7.63218e+12	0.00e+00	1.72e-27	8.15e-20	6.20e-13	5.37e-07	1.00e+00	7.64e-05	0.00e+00
 7.91687e+12	5.69e-36	2.22e-27	9.96e-20	7.16e-13	5.80e-07	1.00e+00	7.08e-05	0.00e+00
 8.23702e+12	0.00e+00	2.93e-27	1.24e-19	8.37e-13	6.31e-07	1.00e+00	6.52e-05	0.00e+00
 8.54283e+12	1.08e-35	3.78e-27	1.51e-19	9.66e-13	6.82e-07	1.00e+00	6.05e-05	0.00e+00
 8.87814e+12	0.00e+00	4.95e-27	1.87e-19	1.12e-12	7.39e-07	1.00e+00	5.58e-05	0.00e+00
 9.23354e+12	2.10e-35	6.52e-27	2.32e-19	1.31e-12	8.03e-07	1.00e+00	5.14e-05	0.00e+00
 9.54451e+12	0.00e+00	8.23e-27	2.79e-19	1.49e-12	8.61e-07	1.00e+00	4.80e-05	0.00e+00
 9.87645e+12	3.74e-35	1.05e-26	3.37e-19	1.71e-12	9.24e-07	1.00e+00	4.47e-05	0.00e+00
 1.02803e+13	0.00e+00	1.39e-26	4.21e-19	2.00e-12	1.01e-06	1.00e+00	4.12e-05	0.00e+00
 1.06826e+13	7.35e-35	1.82e-26	5.20e-19	2.33e-12	1.09e-06	1.00e+00	3.80e-05	0.00e+00
 1.10374e+13	0.00e+00	2.30e-26	6.24e-19	2.65e-12	1.17e-06	1.00e+00	3.55e-05	0.00e+00
 1.14258e+13	1.32e-34	2.94e-26	7.56e-19	3.03e-12	1.25e-06	1.00e+00	3.31e-05	0.00e+00
 1.18932e+13	0.00e+00	3.91e-26	9.45e-19	3.55e-12	1.36e-06	1.00e+00	3.04e-05	0.00e+00
 1.23609e+13	2.61e-34	5.14e-26	1.17e-18	4.13e-12	1.48e-06	1.00e+00	2.81e-05	0.00e+00
 1.27862e+13	3.51e-34	6.55e-26	1.42e-18	4.72e-12	1.59e-06	1.00e+00	2.62e-05	0.00e+00
 1.32588e+13	4.84e-34	8.51e-26	1.73e-18	5.44e-12	1.71e-06	1.00e+00	2.43e-05	0.00e+00
 1.38115e+13	6.92e-34	1.14e-25	2.18e-18	6.39e-12	1.86e-06	1.00e+00	2.24e-05	0.00e+00
 1.43569e+13	9.73e-34	1.51e-25	2.71e-18	7.45e-12	2.02e-06	1.00e+00	2.06e-05	0.00e+00
 1.48723e+13	1.33e-33	1.95e-25	3.30e-18	8.56e-12	2.17e-06	1.00e+00	1.92e-05	0.00e+00
 1.54452e+13	1.86e-33	2.56e-25	4.09e-18	9.93e-12	2.35e-06	1.00e+00	1.78e-05	0.00e+00
 1.60929e+13	2.69e-33	3.45e-25	5.15e-18	1.17e-11	2.56e-06	1.00e+00	1.63e-05	0.00e+00
 1.67436e+13	3.83e-33	4.61e-25	6.45e-18	1.36e-11	2.78e-06	1.00e+00	1.50e-05	0.00e+00
 1.74203e+13	5.48e-33	6.17e-25	8.07e-18	1.59e-11	3.01e-06	1.00e+00	1.39e-05	0.00e+00
 1.81471e+13	7.92e-33	8.32e-25	1.02e-17	1.87e-11	3.28e-06	1.00e+00	1.28e-05	0.00e+00
 1.89029e+13	1.15e-32	1.12e-24	1.28e-17	2.20e-11	3.56e-06	1.00e+00	1.17e-05	0.00e+00
 1.96469e+13	1.63e-32	1.50e-24	1.60e-17	2.56e-11	3.86e-06	1.00e+00	1.09e-05	0.00e+00
 2.03389e+13	2.23e-32	1.93e-24	1.95e-17	2.93e-11	4.14e-06	1.00e+00	1.01e-05	0.00e+00
 2.09635e+13	2.95e-32	2.42e-24	2.32e-17	3.30e-11	4.41e-06	1.00e+00	9.51e-06	0.00e+00
 2.16331e+13	3.94e-32	3.06e-24	2.77e-17	3.74e-11	4.70e-06	1.00e+00	8.92e-06	0.00e+00
 2.24668e+13	5.58e-32	4.06e-24	3.44e-17	4.34e-11	5.07e-06	1.00e+00	8.26e-06	0.00e+00
 2.33027e+13	7.82e-32	5.34e-24	4.25e-17	5.01e-11	5.47e-06	1.00e+00	7.67e-06	0.00e+00
 2.40214e+13	1.04e-31	6.71e-24	5.06e-17	5.65e-11	5.81e-06	1.00e+00	7.22e-06	0.00e+00
 2.47989e+13	1.40e-31	8.54e-24	6.08e-17	6.40e-11	6.20e-06	1.00e+00	6.77e-06	0.00e+00
 2.57580e+13	1.99e-31	1.14e-23	7.57e-17	7.43e-11	6.70e-06	1.00e+00	6.27e-06	0.00e+00
 2.67168e+13	2.81e-31	1.50e-23	9.35e-17	8.58e-11	7.21e-06	1.00e+00	5.82e-06	0.00e+00
 2.75450e+13	3.75e-31	1.89e-23	1.12e-16	9.67e-11	7.66e-06	1.00e+00	5.48e-06	0.00e+00
 2.84399e+13	5.07e-31	2.42e-23	1.34e-16	1.10e-10	8.17e-06	1.00e+00	5.14e-06	0.00e+00
 2.95395e+13	7.26e-31	3.22e-23	1.67e-16	1.27e-10	8.82e-06	1.00e+00	4.76e-06	0.00e+00
 3.06491e+13	1.03e-30	4.28e-23	2.07e-16	1.47e-10	9.50e-06	1.00e+00	4.42e-06	0.00e+00
 3.16325e+13	1.39e-30	5.45e-23	2.49e-16	1.67e-10	1.01e-05	1.00e+00	4.16e-06	0.00e+00
 3.27082e+13	1.92e-30	7.05e-23	3.03e-16	1.90e-10	1.08e-05	1.00e+00	3.89e-06	0.00e+00
 3.39975e+13	2.78e-30	9.50e-23	3.79e-16	2.21e-10	1.17e-05	1.00e+00	3.60e-06	0.00e+00
 3.52818e+13	3.97e-30	1.26e-22	4.71e-16	2.56e-10	1.26e-05	1.00e+00	3.34e-06	0.00e+00
 3.64522e+13	5.44e-30	1.63e-22	5.70e-16	2.91e-10	1.34e-05	1.00e+00	3.13e-06	0.00e+00
 3.77571e+13	7.64e-30	2.14e-22	7.01e-16	3.35e-10	1.44e-05	1.00e+00	2.92e-06	0.00e+00
 3.92795e+13	1.12e-29	2.91e-22	8.83e-16	3.91e-10	1.56e-05	1.00e+00	2.70e-06	0.00e+00
 4.07797e+13	1.61e-29	3.89e-22	1.10e-15	4.53e-10	1.68e-05	1.00e+00	2.51e-06	0.00e+00
 4.22001e+13	2.24e-29	5.08e-22	1.35e-15	5.19e-10	1.80e-05	1.00e+00	2.34e-06	0.00e+00
 4.37784e+13	3.21e-29	6.77e-22	1.67e-15	5.99e-10	1.93e-05	1.00e+00	2.18e-06	0.00e+00
 4.55595e+13	4.72e-29	9.23e-22	2.11e-15	7.02e-10	2.09e-05	1.00e+00	2.01e-06	0.00e+00
 4.73495e+13	6.88e-29	1.25e-21	2.65e-15	8.17e-10	2.26e-05	1.00e+00	1.86e-06	0.00e+00
 4.92111e+13	1.00e-28	1.69e-21	3.32e-15	9.51e-10	2.44e-05	1.00e+00	1.72e-06	0.00e+00
 5.12095e+13	1.48e-28	2.30e-21	4.20e-15	1.11e-09	2.64e-05	1.00e+00	1.59e-06	0.00e+00
 5.31454e+13	2.12e-28	3.08e-21	5.23e-15	1.29e-09	2.84e-05	1.00e+00	1.48e-06	0.00e+00
 5.49676e+13	2.94e-28	4.01e-21	6.38e-15	1.47e-09	3.04e-05	1.00e+00	1.38e-06	0.00e+00
 5.70051e+13	4.19e-28	5.32e-21	7.91e-15	1.70e-09	3.27e-05	1.00e+00	1.29e-06	0.00e+00
 5.90581e+13	5.91e-28	7.01e-21	9.74e-15	1.96e-09	3.51e-05	1.00e+00	1.20e-06	0.00e+00
 6.07645e+13	7.81e-28	8.77e-21	1.15e-14	2.19e-09	3.72e-05	1.00e+00	1.13e-06	0.00e+00
 6.25720e+13	1.04e-27	1.10e-20	1.37e-14	2.46e-09	3.94e-05	1.00e+00	1.07e-06	0.00e+00
 6.48805e+13	1.47e-27	1.46e-20	1.70e-14	2.84e-09	4.24e-05	1.00e+00	9.92e-07	0.00e+00
 6.73011e+13	2.10e-27	1.94e-20	2.11e-14	3.29e-09	4.57e-05	1.00e+00	0.00e+00	0.00e+00
 6.94443e+13	2.85e-27	2.48e-20	2.53e-14	3.73e-09	4.87e-05	1.00e+00	0.00e+00	0.00e+00
 7.17663e+13	3.92e-27	3.21e-20	3.08e-14	4.25e-09	5.20e-05	1.00e+00	0.00e+00	0.00e+00
 7.45552e+13	5.66e-27	4.31e-20	3.85e-14	4.95e-09	5.62e-05	1.00e+00	0.00e+00	0.00e+00
 7.73796e+13	8.10e-27	5.76e-20	4.80e-14	5.74e-09	6.06e-05	1.00e+00	0.00e+00	0.00e+00
 8.00285e+13	1.12e-26	7.48e-20	5.85e-14	6.56e-09	6.49e-05	1.00e+00	0.00e+00	0.00e+00
 8.25848e+13	1.52e-26	9.55e-20	7.04e-14	7.44e-09	6.92e-05	1.00e+00	0.00e+00	0.00e+00
 8.54720e+13	2.11e-26	1.25e-19	8.62e-14	8.53e-09	7.42e-05	1.00e+00	0.00e+00	0.00e+00
 8.86571e+13	3.00e-26	1.65e-19	1.07e-13	9.88e-09	8.00e-05	1.00e+00	0.00e+00	0.00e+00
 9.15949e+13	4.10e-26	2.13e-19	1.30e-13	1.13e-08	8.55e-05	1.00e+00	0.00e+00	0.00e+00
 9.47797e+13	5.69e-26	2.78e-19	1.59e-13	1.29e-08	9.17e-05	1.00e+00	0.00e+00	0.00e+00
 9.83369e+13	8.10e-26	3.69e-19	1.97e-13	1.50e-08	9.89e-05	1.00e+00	0.00e+00	0.00e+00
 1.01681e+14	1.12e-25	4.78e-19	2.40e-13	1.71e-08	1.06e-04	1.00e+00	0.00e+00	0.00e+00
 1.05331e+14	1.56e-25	6.28e-19	2.96e-13	1.97e-08	1.14e-04	1.00e+00	0.00e+00	0.00e+00
 1.09384e+14	2.24e-25	8.40e-19	3.69e-13	2.29e-08	1.23e-04	1.00e+00	0.00e+00	0.00e+00
 1.13169e+14	3.11e-25	1.09e-18	4.51e-13	2.63e-08	1.32e-04	1.00e+00	0.00e+00	0.00e+00
 1.17277e+14	4.37e-25	1.44e-18	5.57e-13	3.03e-08	1.42e-04	1.00e+00	0.00e+00	0.00e+00
 1.21871e+14	6.30e-25	1.94e-18	6.99e-13	3.53e-08	1.54e-04	1.00e+00	0.00e+00	0.00e+00
 1.26241e+14	8.84e-25	2.54e-18	8.60e-13	4.07e-08	1.65e-04	1.00e+00	0.00e+00	0.00e+00
 1.30913e+14	1.25e-24	3.37e-18	1.07e-12	4.71e-08	1.78e-04	1.00e+00	0.00e+00	0.00e+00
 1.36180e+14	1.82e-24	4.57e-18	1.35e-12	5.51e-08	1.93e-04	1.00e+00	0.00e+00	0.00e+00
 1.41374e+14	2.61e-24	6.11e-18	1.68e-12	6.41e-08	2.09e-04	1.00e+00	0.00e+00	0.00e+00
 1.46775e+14	3.74e-24	8.17e-18	2.09e-12	7.44e-08	2.26e-04	1.00e+00	0.00e+00	0.00e+00
 1.52315e+14	5.34e-24	1.09e-17	2.61e-12	8.63e-08	2.43e-04	1.00e+00	0.00e+00	0.00e+00
 1.57449e+14	7.35e-24	1.41e-17	3.17e-12	9.86e-08	2.61e-04	1.00e+00	0.00e+00	0.00e+00
 1.63150e+14	1.03e-23	1.86e-17	3.91e-12	1.14e-07	2.80e-04	1.00e+00	0.00e+00	0.00e+00
 1.69412e+14	1.49e-23	2.49e-17	4.89e-12	1.32e-07	3.03e-04	1.00e+00	0.00e+00	0.00e+00
 1.75205e+14	2.06e-23	3.23e-17	5.97e-12	1.51e-07	3.24e-04	1.00e+00	0.00e+00	0.00e+00
 1.80289e+14	2.71e-23	4.04e-17	7.07e-12	1.70e-07	3.44e-04	1.00e+00	0.00e+00	0.00e+00
 1.85673e+14	3.60e-23	5.08e-17	8.41e-12	1.91e-07	3.65e-04	1.00e+00	0.00e+00	0.00e+00
 1.92505e+14	5.11e-23	6.72e-17	1.04e-11	2.20e-07	3.93e-04	1.00e+00	0.00e+00	0.00e+00
 1.99427e+14	7.20e-23	8.86e-17	1.28e-11	2.54e-07	4.22e-04	1.00e+00	0.00e+00	0.00e+00
 2.05272e+14	9.52e-23	1.11e-16	1.52e-11	2.85e-07	4.48e-04	1.00e+00	0.00e+00	0.00e+00
 2.11512e+14	1.27e-22	1.40e-16	1.82e-11	3.21e-07	4.76e-04	1.00e+00	0.00e+00	0.00e+00
 2.19355e+14	1.81e-22	1.86e-16	2.26e-11	3.72e-07	5.13e-04	9.99e-01	0.00e+00	0.00e+00
 2.27460e+14	2.58e-22	2.48e-16	2.80e-11	4.30e-07	5.52e-04	9.99e-01	0.00e+00	0.00e+00
 2.34601e+14	3.49e-22	3.16e-16	3.37e-11	4.86e-07	5.88e-04	9.99e-01	0.00e+00	0.00e+00
 2.42308e+14	4.77e-22	4.06e-16	4.08e-11	5.53e-07	6.28e-04	9.99e-01	0.00e+00	0.00e+00
 2.51612e+14	6.87e-22	5.45e-16	5.10e-11	6.43e-07	6.78e-04	9.99e-01	0.00e+00	0.00e+00
 2.60836e+14	9.76e-22	7.23e-16	6.31e-11	7.43e-07	7.29e-04	9.99e-01	0.00e+00	0.00e+00
 2.69026e+14	1.32e-21	9.21e-16	7.58e-11	8.40e-07	7.77e-04	9.99e-01	0.00e+00	0.00e+00
 2.78026e+14	1.81e-21	1.19e-15	9.22e-11	9.59e-07	8.31e-04	9.99e-01	0.00e+00	0.00e+00
 2.88790e+14	2.62e-21	1.60e-15	1.15e-10	1.12e-06	8.98e-04	9.99e-01	0.00e+00	0.00e+00
 2.99483e+14	3.72e-21	2.12e-15	1.43e-10	1.29e-06	9.67e-04	9.99e-01	0.00e+00	0.00e+00
 3.09197e+14	5.06e-21	2.72e-15	1.73e-10	1.47e-06	1.03e-03	9.99e-01	0.00e+00	0.00e+00
 3.20004e+14	7.02e-21	3.55e-15	2.12e-10	1.68e-06	1.11e-03	9.99e-01	0.00e+00	0.00e+00
 3.32650e+14	1.02e-20	4.79e-15	2.66e-10	1.97e-06	1.20e-03	9.99e-01	0.00e+00	0.00e+00
 3.45102e+14	1.45e-20	6.38e-15	3.31e-10	2.28e-06	1.29e-03	9.99e-01	0.00e+00	0.00e+00
 3.56780e+14	1.99e-20	8.24e-15	4.03e-10	2.60e-06	1.39e-03	9.99e-01	0.00e+00	0.00e+00
 3.69809e+14	2.79e-20	1.09e-14	4.98e-10	3.01e-06	1.49e-03	9.99e-01	0.00e+00	0.00e+00
 3.84631e+14	4.05e-20	1.47e-14	6.27e-10	3.52e-06	1.62e-03	9.98e-01	0.00e+00	0.00e+00
 3.99399e+14	5.76e-20	1.96e-14	7.82e-10	4.10e-06	1.76e-03	9.98e-01	0.00e+00	0.00e+00
 4.13614e+14	8.00e-20	2.55e-14	9.61e-10	4.71e-06	1.89e-03	9.98e-01	0.00e+00	0.00e+00
 4.25959e+14	1.05e-19	3.19e-14	1.14e-09	5.31e-06	2.01e-03	9.98e-01	0.00e+00	0.00e+00
 4.36298e+14	1.31e-19	3.82e-14	1.31e-09	5.84e-06	2.12e-03	9.98e-01	0.00e+00	0.00e+00
 4.47796e+14	1.66e-19	4.65e-14	1.53e-09	6.49e-06	2.24e-03	9.98e-01	0.00e+00	0.00e+00
 4.62742e+14	2.25e-19	5.95e-14	1.85e-09	7.41e-06	2.40e-03	9.98e-01	0.00e+00	0.00e+00
 4.78489e+14	3.05e-19	7.63e-14	2.25e-09	8.48e-06	2.58e-03	9.97e-01	0.00e+00	0.00e+00
 4.92061e+14	3.93e-19	9.40e-14	2.65e-09	9.49e-06	2.74e-03	9.97e-01	0.00e+00	0.00e+00
 5.06488e+14	5.09e-19	1.16e-13	3.14e-09	1.07e-05	2.91e-03	9.97e-01	0.00e+00	0.00e+00
 5.24950e+14	7.01e-19	1.52e-13	3.86e-09	1.23e-05	3.15e-03	9.97e-01	0.00e+00	0.00e+00
 5.43965e+14	9.60e-19	1.97e-13	4.75e-09	1.42e-05	3.41e-03	9.97e-01	0.00e+00	0.00e+00
 5.60236e+14	1.25e-18	2.44e-13	5.64e-09	1.60e-05	3.63e-03	9.96e-01	0.00e+00	0.00e+00
 5.77632e+14	1.62e-18	3.04e-13	6.73e-09	1.81e-05	3.89e-03	9.96e-01	0.00e+00	0.00e+00
 5.99229e+14	2.24e-18	3.98e-13	8.32e-09	2.10e-05	4.21e-03	9.96e-01	0.00e+00	0.00e+00
 6.21387e+14	3.06e-18	5.17e-13	1.03e-08	2.43e-05	4.57e-03	9.95e-01	0.00e+00	0.00e+00
 6.41108e+14	4.01e-18	6.47e-13	1.23e-08	2.76e-05	4.90e-03	9.95e-01	0.00e+00	0.00e+00
 6.62559e+14	5.28e-18	8.16e-13	1.49e-08	3.15e-05	5.28e-03	9.95e-01	0.00e+00	0.00e+00
 6.88193e+14	7.33e-18	1.07e-12	1.85e-08	3.68e-05	5.74e-03	9.94e-01	0.00e+00	0.00e+00
 7.13468e+14	9.94e-18	1.39e-12	2.28e-08	4.25e-05	6.23e-03	9.94e-01	0.00e+00	0.00e+00
 7.36170e+14	1.29e-17	1.73e-12	2.73e-08	4.82e-05	6.69e-03	9.93e-01	0.00e+00	0.00e+00
 7.61323e+14	1.71e-17	2.20e-12	3.32e-08	5.52e-05	7.21e-03	9.93e-01	0.00e+00	0.00e+00
 7.91065e+14	2.36e-17	2.89e-12	4.15e-08	6.44e-05	7.87e-03	9.92e-01	0.00e+00	0.00e+00
 8.20472e+14	3.20e-17	3.74e-12	5.13e-08	7.46e-05	8.55e-03	9.91e-01	0.00e+00	0.00e+00
 8.47604e+14	4.20e-17	4.70e-12	6.19e-08	8.51e-05	9.20e-03	9.91e-01	0.00e+00	0.00e+00
 8.78081e+14	5.64e-17	6.04e-12	7.60e-08	9.81e-05	9.97e-03	9.90e-01	0.00e+00	0.00e+00
 9.13229e+14	7.82e-17	7.97e-12	9.55e-08	1.15e-04	1.09e-02	9.89e-01	0.00e+00	0.00e+00
 9.47590e+14	1.06e-16	1.04e-11	1.19e-07	1.33e-04	1.19e-02	9.88e-01	0.00e+00	0.00e+00
 9.83326e+14	1.72e-16	1.35e-11	1.47e-07	1.55e-04	1.29e-02	9.87e-01	0.00e+00	0.00e+00
 1.02269e+15	2.41e-16	1.78e-11	1.85e-07	1.81e-04	1.41e-02	9.86e-01	0.00e+00	0.00e+00
 1.05594e+15	3.12e-16	2.24e-11	2.24e-07	2.06e-04	1.52e-02	9.85e-01	0.00e+00	0.00e+00
 1.08018e+15	3.79e-16	2.63e-11	2.55e-07	2.25e-04	1.60e-02	9.84e-01	0.00e+00	0.00e+00
 1.10561e+15	4.62e-16	3.11e-11	2.93e-07	2.47e-04	1.68e-02	9.83e-01	0.00e+00	0.00e+00
 1.13866e+15	5.94e-16	3.84e-11	3.49e-07	2.78e-04	1.80e-02	9.82e-01	0.00e+00	0.00e+00
 1.17514e+15	7.79e-16	4.82e-11	4.20e-07	3.16e-04	1.93e-02	9.80e-01	0.00e+00	0.00e+00
 1.20894e+15	9.92e-16	5.91e-11	4.97e-07	3.54e-04	2.06e-02	9.79e-01	0.00e+00	0.00e+00
 1.24573e+15	1.28e-15	7.35e-11	5.94e-07	3.99e-04	2.20e-02	9.78e-01	0.00e+00	0.00e+00
 1.28707e+15	1.70e-15	9.32e-11	7.22e-07	4.55e-04	2.37e-02	9.76e-01	0.00e+00	0.00e+00
 1.32639e+15	2.20e-15	1.16e-10	8.63e-07	5.13e-04	2.54e-02	9.74e-01	0.00e+00	0.00e+00
 1.36960e+15	2.91e-15	1.46e-10	1.05e-06	5.84e-04	2.73e-02	9.72e-01	0.00e+00	0.00e+00
 1.41794e+15	3.94e-15	1.89e-10	1.29e-06	6.72e-04	2.95e-02	9.70e-01	0.00e+00	0.00e+00
 1.46373e+15	5.19e-15	2.39e-10	1.56e-06	7.62e-04	3.16e-02	9.68e-01	0.00e+00	0.00e+00
 1.51405e+15	6.98e-15	3.06e-10	1.91e-06	8.73e-04	3.41e-02	9.65e-01	0.00e+00	0.00e+00
 1.57062e+15	9.67e-15	4.03e-10	2.38e-06	1.01e-03	3.70e-02	9.62e-01	0.00e+00	0.00e+00
 1.62418e+15	1.30e-14	5.16e-10	2.92e-06	1.16e-03	3.98e-02	9.59e-01	0.00e+00	0.00e+00
 1.68260e+15	1.77e-14	6.72e-10	3.61e-06	1.33e-03	4.31e-02	9.56e-01	0.00e+00	0.00e+00
 1.74756e+15	2.49e-14	8.94e-10	4.55e-06	1.55e-03	4.68e-02	9.52e-01	0.00e+00	0.00e+00
 1.80817e+15	3.36e-14	1.15e-09	5.59e-06	1.78e-03	5.04e-02	9.48e-01	0.00e+00	0.00e+00
 1.87359e+15	4.63e-14	1.51e-09	6.93e-06	2.05e-03	5.45e-02	9.43e-01	0.00e+00	0.00e+00
 1.94688e+15	6.53e-14	2.02e-09	8.76e-06	2.39e-03	5.93e-02	9.38e-01	0.00e+00	0.00e+00
 2.01726e+15	9.00e-14	2.64e-09	1.09e-05	2.76e-03	6.40e-02	9.33e-01	0.00e+00	0.00e+00
 2.09213e+15	1.25e-13	3.49e-09	1.36e-05	3.19e-03	6.92e-02	9.28e-01	0.00e+00	0.00e+00
 2.17585e+15	1.79e-13	4.70e-09	1.72e-05	3.74e-03	7.53e-02	9.21e-01	0.00e+00	0.00e+00
 2.24613e+15	2.38e-13	6.00e-09	2.10e-05	4.25e-03	8.06e-02	9.15e-01	0.00e+00	0.00e+00
 2.29647e+15	2.90e-13	7.10e-09	2.40e-05	4.64e-03	8.45e-02	9.11e-01	0.00e+00	0.00e+00
 2.34878e+15	3.57e-13	8.44e-09	2.75e-05	5.08e-03	8.86e-02	9.06e-01	0.00e+00	0.00e+00
 2.41677e+15	4.63e-13	1.05e-08	3.27e-05	5.68e-03	9.40e-02	9.00e-01	0.00e+00	0.00e+00
 2.49271e+15	6.13e-13	1.33e-08	3.95e-05	6.43e-03	1.00e-01	8.93e-01	0.00e+00	0.00e+00
 2.56395e+15	7.93e-13	1.65e-08	4.69e-05	7.19e-03	1.06e-01	8.86e-01	0.00e+00	0.00e+00
 2.64153e+15	1.04e-12	2.08e-08	5.63e-05	8.10e-03	1.13e-01	8.79e-01	0.00e+00	0.00e+00
 2.72819e+15	1.40e-12	2.67e-08	6.86e-05	9.21e-03	1.21e-01	8.70e-01	0.00e+00	0.00e+00
 2.80958e+15	1.83e-12	3.34e-08	8.19e-05	1.03e-02	1.28e-01	8.61e-01	0.00e+00	0.00e+00
 2.89832e+15	2.43e-12	4.24e-08	9.90e-05	1.17e-02	1.36e-01	8.52e-01	0.00e+00	0.00e+00
 2.99797e+15	3.30e-12	5.49e-08	1.21e-04	1.33e-02	1.46e-01	8.41e-01	0.00e+00	0.00e+00
 3.09284e+15	4.38e-12	6.97e-08	1.47e-04	1.51e-02	1.55e-01	8.30e-01	0.00e+00	0.00e+00
 3.19719e+15	5.94e-12	8.99e-08	1.79e-04	1.72e-02	1.66e-01	8.17e-01	0.00e+00	0.00e+00
 3.31263e+15	8.21e-12	1.18e-07	2.22e-04	1.97e-02	1.77e-01	8.03e-01	0.00e+00	0.00e+00
 3.41957e+15	1.10e-11	1.51e-07	2.69e-04	2.23e-02	1.88e-01	7.89e-01	0.00e+00	0.00e+00
 3.53569e+15	1.50e-11	1.95e-07	3.29e-04	2.53e-02	2.00e-01	7.74e-01	0.00e+00	0.00e+00
 3.66461e+15	2.08e-11	2.57e-07	4.07e-04	2.90e-02	2.14e-01	7.57e-01	0.00e+00	0.00e+00
 3.78455e+15	2.78e-11	3.29e-07	4.93e-04	3.28e-02	2.26e-01	7.40e-01	0.00e+00	0.00e+00
 3.91486e+15	3.81e-11	4.27e-07	6.04e-04	3.73e-02	2.40e-01	7.22e-01	0.00e+00	0.00e+00
 4.05933e+15	5.29e-11	5.62e-07	7.48e-04	4.27e-02	2.55e-01	7.01e-01	0.00e+00	0.00e+00
 4.18949e+15	7.02e-11	7.13e-07	9.00e-04	4.79e-02	2.69e-01	6.82e-01	0.00e+00	0.00e+00
 4.29651e+15	8.80e-11	8.62e-07	1.04e-03	5.26e-02	2.80e-01	6.66e-01	0.00e+00	0.00e+00
 4.40613e+15	1.11e-10	1.05e-06	1.21e-03	5.77e-02	2.91e-01	6.50e-01	0.00e+00	0.00e+00
 4.54863e+15	1.48e-10	1.33e-06	1.46e-03	6.47e-02	3.06e-01	6.28e-01	0.00e+00	0.00e+00
 4.69191e+15	1.95e-10	1.67e-06	1.74e-03	7.21e-02	3.20e-01	6.06e-01	0.00e+00	0.00e+00
 4.80869e+15	2.42e-10	2.01e-06	2.00e-03	7.87e-02	3.31e-01	5.89e-01	0.00e+00	0.00e+00
 4.93297e+15	3.06e-10	2.43e-06	2.32e-03	8.60e-02	3.42e-01	5.70e-01	0.00e+00	0.00e+00
 5.09454e+15	4.10e-10	3.10e-06	2.79e-03	9.61e-02	3.57e-01	5.44e-01	0.00e+00	0.00e+00
 5.25923e+15	5.40e-10	3.90e-06	3.34e-03	1.07e-01	3.70e-01	5.20e-01	0.00e+00	0.00e+00
 5.39784e+15	6.78e-10	4.71e-06	3.85e-03	1.16e-01	3.81e-01	4.99e-01	0.00e+00	0.00e+00
 5.54790e+15	8.68e-10	5.77e-06	4.50e-03	1.28e-01	3.92e-01	4.76e-01	0.00e+00	0.00e+00
 5.74298e+15	1.19e-09	7.46e-06	5.47e-03	1.43e-01	4.05e-01	4.47e-01	0.00e+00	0.00e+00
 5.93746e+15	1.57e-09	9.42e-06	6.54e-03	1.58e-01	4.16e-01	4.19e-01	0.00e+00	0.00e+00
 6.09047e+15	1.95e-09	1.13e-05	7.50e-03	1.71e-01	4.24e-01	3.97e-01	0.00e+00	0.00e+00
 6.24868e+15	2.45e-09	1.36e-05	8.64e-03	1.85e-01	4.31e-01	3.75e-01	0.00e+00	0.00e+00
 6.45435e+15	3.27e-09	1.72e-05	1.03e-02	2.03e-01	4.39e-01	3.47e-01	0.00e+00	0.00e+00
 6.66501e+15	4.28e-09	2.14e-05	1.22e-02	2.23e-01	4.44e-01	3.20e-01	0.00e+00	0.00e+00
 6.83803e+15	5.31e-09	2.56e-05	1.40e-02	2.39e-01	4.48e-01	2.99e-01	0.00e+00	0.00e+00
 7.01878e+15	6.72e-09	3.09e-05	1.61e-02	2.57e-01	4.49e-01	2.77e-01	0.00e+00	0.00e+00
 7.21222e+15	8.43e-09	3.72e-05	1.85e-02	2.76e-01	4.50e-01	2.55e-01	0.00e+00	0.00e+00
 7.38308e+15	1.03e-08	4.37e-05	2.10e-02	2.94e-01	4.49e-01	2.37e-01	0.00e+00	0.00e+00
 7.53768e+15	1.23e-08	5.05e-05	2.34e-02	3.09e-01	4.47e-01	2.21e-01	0.00e+00	0.00e+00
 7.71025e+15	1.51e-08	5.95e-05	2.64e-02	3.27e-01	4.43e-01	2.03e-01	0.00e+00	0.00e+00
 7.90085e+15	1.88e-08	7.08e-05	3.01e-02	3.47e-01	4.38e-01	1.85e-01	0.00e+00	0.00e+00
 8.07580e+15	2.27e-08	8.25e-05	3.37e-02	3.65e-01	4.32e-01	1.69e-01	0.00e+00	0.00e+00
 8.23883e+15	2.71e-08	9.50e-05	3.74e-02	3.82e-01	4.25e-01	1.56e-01	0.00e+00	0.00e+00
 8.42542e+15	3.37e-08	1.13e-04	4.24e-02	4.01e-01	4.16e-01	1.40e-01	0.00e+00	0.00e+00
 8.62373e+15	4.13e-08	1.33e-04	4.79e-02	4.21e-01	4.05e-01	1.26e-01	0.00e+00	0.00e+00
 8.79777e+15	4.99e-08	1.54e-04	5.35e-02	4.39e-01	3.94e-01	1.14e-01	0.00e+00	0.00e+00
 8.95859e+15	5.94e-08	1.77e-04	5.91e-02	4.54e-01	3.83e-01	1.03e-01	0.00e+00	0.00e+00
 9.14173e+15	7.28e-08	2.08e-04	6.63e-02	4.72e-01	3.70e-01	9.17e-02	0.00e+00	0.00e+00
 9.33804e+15	9.05e-08	2.46e-04	7.48e-02	4.90e-01	3.54e-01	8.04e-02	0.00e+00	0.00e+00
 9.50745e+15	1.09e-07	2.83e-04	8.28e-02	5.05e-01	3.40e-01	7.17e-02	0.00e+00	0.00e+00
 9.65920e+15	1.29e-07	3.23e-04	9.09e-02	5.18e-01	3.27e-01	6.42e-02	0.00e+00	0.00e+00
 9.83202e+15	1.57e-07	3.77e-04	1.01e-01	5.31e-01	3.11e-01	5.62e-02	0.00e+00	0.00e+00
 1.00167e+16	1.95e-07	4.47e-04	1.14e-01	5.45e-01	2.93e-01	4.83e-02	0.00e+00	0.00e+00
 1.01731e+16	2.33e-07	5.12e-04	1.25e-01	5.55e-01	2.77e-01	4.24e-02	0.00e+00	0.00e+00
 1.03095e+16	2.75e-07	5.81e-04	1.36e-01	5.63e-01	2.63e-01	3.75e-02	0.00e+00	0.00e+00
 1.04633e+16	3.20e-07	6.57e-04	1.50e-01	5.71e-01	2.46e-01	3.25e-02	0.00e+00	0.00e+00
 1.06319e+16	4.16e-07	7.96e-04	1.67e-01	5.78e-01	2.27e-01	2.71e-02	0.00e+00	0.00e+00
 1.07633e+16	4.89e-07	9.00e-04	1.82e-01	5.81e-01	2.13e-01	2.36e-02	0.00e+00	0.00e+00
 1.08604e+16	5.56e-07	9.93e-04	1.93e-01	5.83e-01	2.01e-01	2.11e-02	0.00e+00	0.00e+00
 1.09694e+16	6.25e-07	1.09e-03	2.07e-01	5.85e-01	1.88e-01	1.85e-02	0.00e+00	0.00e+00
 1.11111e+16	7.60e-07	1.26e-03	2.27e-01	5.85e-01	1.71e-01	1.53e-02	0.00e+00	0.00e+00
 1.12355e+16	9.10e-07	1.45e-03	2.46e-01	5.83e-01	1.57e-01	1.29e-02	0.00e+00	0.00e+00
 1.13068e+16	1.06e-06	1.61e-03	2.59e-01	5.80e-01	1.48e-01	1.14e-02	0.00e+00	0.00e+00
 1.13553e+16	1.14e-06	1.70e-03	2.68e-01	5.78e-01	1.42e-01	1.05e-02	0.00e+00	0.00e+00
 1.14050e+16	1.24e-06	1.81e-03	2.77e-01	5.76e-01	1.35e-01	9.66e-03	0.00e+00	0.00e+00
 1.14695e+16	1.34e-06	1.92e-03	2.89e-01	5.73e-01	1.28e-01	8.66e-03	0.00e+00	0.00e+00
 1.15534e+16	1.54e-06	2.13e-03	3.05e-01	5.68e-01	1.17e-01	7.40e-03	0.00e+00	0.00e+00
 1.16379e+16	1.77e-06	2.36e-03	3.23e-01	5.62e-01	1.07e-01	6.25e-03	0.00e+00	0.00e+00
 1.17024e+16	2.05e-06	2.62e-03	3.37e-01	5.56e-01	9.90e-02	5.39e-03	0.00e+00	0.00e+00
 1.17515e+16	2.25e-06	2.80e-03	3.49e-01	5.51e-01	9.30e-02	4.80e-03	0.00e+00	0.00e+00
 1.18012e+16	2.41e-06	2.95e-03	3.59e-01	5.46e-01	8.73e-02	4.29e-03	0.00e+00	0.00e+00
 1.18657e+16	2.72e-06	3.22e-03	3.75e-01	5.39e-01	7.97e-02	3.63e-03	0.00e+00	0.00e+00
 1.19344e+16	3.20e-06	3.61e-03	3.92e-01	5.30e-01	7.16e-02	2.98e-03	0.00e+00	0.00e+00
 1.19887e+16	3.57e-06	3.91e-03	4.06e-01	5.22e-01	6.57e-02	2.54e-03	0.00e+00	0.00e+00
 1.20395e+16	3.86e-06	4.14e-03	4.18e-01	5.15e-01	6.03e-02	2.19e-03	0.00e+00	0.00e+00
 1.21056e+16	4.57e-06	4.66e-03	4.36e-01	5.04e-01	5.31e-02	1.73e-03	0.00e+00	0.00e+00
 1.21687e+16	5.19e-06	5.10e-03	4.52e-01	4.94e-01	4.71e-02	1.40e-03	0.00e+00	0.00e+00
 1.22164e+16	5.75e-06	5.48e-03	4.64e-01	4.86e-01	4.27e-02	1.17e-03	0.00e+00	0.00e+00
 1.22671e+16	6.48e-06	5.96e-03	4.78e-01	4.77e-01	3.81e-02	9.50e-04	0.00e+00	0.00e+00
 1.23242e+16	7.35e-06	6.52e-03	4.93e-01	4.67e-01	3.34e-02	7.50e-04	0.00e+00	0.00e+00
 1.23796e+16	8.30e-06	7.09e-03	5.07e-01	4.56e-01	2.92e-02	5.90e-04	0.00e+00	0.00e+00
 1.24413e+16	9.58e-06	7.84e-03	5.23e-01	4.44e-01	2.49e-02	4.41e-04	0.00e+00	0.00e+00
 1.25071e+16	1.11e-05	8.69e-03	5.39e-01	4.31e-01	2.09e-02	3.22e-04	0.00e+00	0.00e+00
 1.25662e+16	1.27e-05	9.51e-03	5.53e-01	4.20e-01	1.77e-02	2.40e-04	0.00e+00	0.00e+00
 1.26309e+16	1.47e-05	1.05e-02	5.68e-01	4.07e-01	1.47e-02	1.71e-04	0.00e+00	0.00e+00
 1.26910e+16	1.67e-05	1.15e-02	5.81e-01	3.95e-01	1.24e-02	1.25e-04	0.00e+00	0.00e+00
 1.27326e+16	1.83e-05	1.23e-02	5.90e-01	3.87e-01	1.10e-02	1.00e-04	0.00e+00	0.00e+00
 1.27743e+16	2.01e-05	1.31e-02	5.98e-01	3.79e-01	9.62e-03	7.94e-05	0.00e+00	0.00e+00
 1.28286e+16	2.27e-05	1.42e-02	6.10e-01	3.68e-01	8.11e-03	5.83e-05	0.00e+00	0.00e+00
 1.28875e+16	2.58e-05	1.55e-02	6.21e-01	3.56e-01	6.77e-03	4.21e-05	0.00e+00	0.00e+00
 1.29412e+16	2.89e-05	1.68e-02	6.32e-01	3.46e-01	5.74e-03	3.12e-05	0.00e+00	0.00e+00
 1.29999e+16	3.29e-05	1.83e-02	6.43e-01	3.34e-01	4.76e-03	2.22e-05	0.00e+00	0.00e+00
 1.30651e+16	3.79e-05	2.01e-02	6.54e-01	3.22e-01	3.89e-03	1.54e-05	0.00e+00	0.00e+00
 1.31241e+16	4.30e-05	2.19e-02	6.65e-01	3.10e-01	3.25e-03	1.10e-05	0.00e+00	0.00e+00
 1.31766e+16	4.82e-05	2.36e-02	6.73e-01	3.00e-01	2.76e-03	8.21e-06	0.00e+00	0.00e+00
 1.32356e+16	5.47e-05	2.57e-02	6.83e-01	2.89e-01	2.29e-03	5.85e-06	0.00e+00	0.00e+00
 1.33015e+16	6.32e-05	2.83e-02	6.94e-01	2.76e-01	1.86e-03	4.03e-06	0.00e+00	0.00e+00
 1.33609e+16	7.20e-05	3.09e-02	7.03e-01	2.65e-01	1.56e-03	2.90e-06	0.00e+00	0.00e+00
 1.34133e+16	8.09e-05	3.34e-02	7.11e-01	2.55e-01	1.32e-03	2.16e-06	0.00e+00	0.00e+00
 1.34724e+16	9.26e-05	3.65e-02	7.19e-01	2.43e-01	1.09e-03	1.53e-06	0.00e+00	0.00e+00
 1.35369e+16	1.07e-04	4.03e-02	7.28e-01	2.31e-01	8.95e-04	1.07e-06	0.00e+00	0.00e+00
 1.35940e+16	1.23e-04	4.41e-02	7.35e-01	2.20e-01	7.49e-04	7.75e-07	0.00e+00	0.00e+00
 1.36441e+16	1.38e-04	4.77e-02	7.42e-01	2.10e-01	6.39e-04	0.00e+00	0.00e+00	0.00e+00
 1.36999e+16	1.58e-04	5.21e-02	7.48e-01	1.99e-01	5.32e-04	0.00e+00	0.00e+00	0.00e+00
 1.37611e+16	1.84e-04	5.75e-02	7.54e-01	1.88e-01	4.37e-04	0.00e+00	0.00e+00	0.00e+00
 1.38157e+16	2.11e-04	6.30e-02	7.59e-01	1.77e-01	3.66e-04	0.00e+00	0.00e+00	0.00e+00
 1.38633e+16	2.39e-04	6.84e-02	7.63e-01	1.68e-01	3.12e-04	0.00e+00	0.00e+00	0.00e+00
 1.39152e+16	2.73e-04	7.47e-02	7.66e-01	1.58e-01	2.61e-04	0.00e+00	0.00e+00	0.00e+00
 1.39727e+16	3.19e-04	8.26e-02	7.69e-01	1.48e-01	2.14e-04	0.00e+00	0.00e+00	0.00e+00
 1.40241e+16	3.67e-04	9.07e-02	7.71e-01	1.38e-01	1.78e-04	0.00e+00	0.00e+00	0.00e+00
 1.40682e+16	4.16e-04	9.85e-02	7.71e-01	1.30e-01	1.52e-04	0.00e+00	0.00e+00	0.00e+00
 1.41160e+16	4.78e-04	1.08e-01	7.71e-01	1.21e-01	1.27e-04	0.00e+00	0.00e+00	0.00e+00
 1.41694e+16	5.59e-04	1.19e-01	7.69e-01	1.12e-01	1.04e-04	0.00e+00	0.00e+00	0.00e+00
 1.42178e+16	6.47e-04	1.31e-01	7.65e-01	1.03e-01	8.59e-05	0.00e+00	0.00e+00	0.00e+00
 1.42594e+16	7.37e-04	1.42e-01	7.61e-01	9.57e-02	7.26e-05	0.00e+00	0.00e+00	0.00e+00
 1.43047e+16	8.50e-04	1.56e-01	7.55e-01	8.79e-02	5.99e-05	0.00e+00	0.00e+00	0.00e+00
 1.43549e+16	1.00e-03	1.73e-01	7.46e-01	7.95e-02	4.81e-05	0.00e+00	0.00e+00	0.00e+00
 1.44004e+16	1.17e-03	1.91e-01	7.36e-01	7.21e-02	3.92e-05	0.00e+00	0.00e+00	0.00e+00
 1.44406e+16	1.34e-03	2.08e-01	7.25e-01	6.57e-02	3.24e-05	0.00e+00	0.00e+00	0.00e+00
 1.44853e+16	1.57e-03	2.29e-01	7.10e-01	5.88e-02	2.59e-05	0.00e+00	0.00e+00	0.00e+00
 1.45347e+16	1.88e-03	2.56e-01	6.91e-01	5.15e-02	2.01e-05	0.00e+00	0.00e+00	0.00e+00
 1.45796e+16	2.22e-03	2.83e-01	6.69e-01	4.51e-02	1.57e-05	0.00e+00	0.00e+00	0.00e+00
 1.46200e+16	2.58e-03	3.11e-01	6.47e-01	3.96e-02	1.24e-05	0.00e+00	0.00e+00	0.00e+00
 1.46651e+16	3.07e-03	3.44e-01	6.19e-01	3.37e-02	9.35e-06	0.00e+00	0.00e+00	0.00e+00
 1.47155e+16	3.76e-03	3.86e-01	5.82e-01	2.77e-02	6.68e-06	0.00e+00	0.00e+00	0.00e+00
 1.47606e+16	4.54e-03	4.29e-01	5.44e-01	2.27e-02	4.80e-06	0.00e+00	0.00e+00	0.00e+00
 1.47986e+16	5.35e-03	4.68e-01	5.08e-01	1.88e-02	3.55e-06	0.00e+00	0.00e+00	0.00e+00
 1.48392e+16	6.35e-03	5.12e-01	4.67e-01	1.51e-02	2.51e-06	0.00e+00	0.00e+00	0.00e+00
 1.48838e+16	7.69e-03	5.64e-01	4.17e-01	1.15e-02	1.65e-06	0.00e+00	0.00e+00	0.00e+00
 1.49202e+16	9.10e-03	6.09e-01	3.73e-01	8.84e-03	1.12e-06	0.00e+00	0.00e+00	0.00e+00
 1.49467e+16	1.03e-02	6.43e-01	3.40e-01	7.20e-03	8.31e-07	0.00e+00	0.00e+00	0.00e+00
 1.49734e+16	1.16e-02	6.76e-01	3.06e-01	5.76e-03	0.00e+00	0.00e+00	0.00e+00	0.00e+00
 1.50080e+16	1.36e-02	7.18e-01	2.64e-01	4.20e-03	0.00e+00	0.00e+00	0.00e+00	0.00e+00
 1.50423e+16	1.60e-02	7.60e-01	2.21e-01	2.94e-03	0.00e+00	0.00e+00	0.00e+00	0.00e+00
 1.50670e+16	1.81e-02	7.89e-01	1.90e-01	2.20e-03	0.00e+00	0.00e+00	0.00e+00	0.00e+00
 1.50859e+16	1.99e-02	8.10e-01	1.69e-01	1.74e-03	0.00e+00	0.00e+00	0.00e+00	0.00e+00
 1.51063e+16	2.20e-02	8.30e-01	1.47e-01	1.32e-03	0.00e+00	0.00e+00	0.00e+00	0.00e+00
 1.51328e+16	2.52e-02	8.53e-01	1.21e-01	9.12e-04	0.00e+00	0.00e+00	0.00e+00	0.00e+00
 1.51596e+16	2.90e-02	8.74e-01	9.60e-02	5.98e-04	0.00e+00	0.00e+00	0.00e+00	0.00e+00
 1.51800e+16	3.24e-02	8.88e-01	7.90e-02	4.19e-04	0.00e+00	0.00e+00	0.00e+00	0.00e+00
 1.51958e+16	3.54e-02	8.97e-01	6.75e-02	3.14e-04	0.00e+00	0.00e+00	0.00e+00	0.00e+00
 1.52129e+16	3.90e-02	9.04e-01	5.64e-02	2.26e-04	0.00e+00	0.00e+00	0.00e+00	0.00e+00
 1.52352e+16	4.42e-02	9.12e-01	4.41e-02	1.44e-04	0.00e+00	0.00e+00	0.00e+00	0.00e+00
 1.52577e+16	5.06e-02	9.16e-01	3.34e-02	8.77e-05	0.00e+00	0.00e+00	0.00e+00	0.00e+00
 1.52748e+16	5.62e-02	9.17e-01	2.65e-02	5.81e-05	0.00e+00	0.00e+00	0.00e+00	0.00e+00
 1.52881e+16	6.12e-02	9.17e-01	2.20e-02	4.17e-05	0.00e+00	0.00e+00	0.00e+00	0.00e+00
 1.53025e+16	6.69e-02	9.15e-01	1.79e-02	2.88e-05	0.00e+00	0.00e+00	0.00e+00	0.00e+00
 1.53207e+16	7.51e-02	9.11e-01	1.36e-02	1.76e-05	0.00e+00	0.00e+00	0.00e+00	0.00e+00
 1.53383e+16	8.44e-02	9.05e-01	1.02e-02	1.06e-05	0.00e+00	0.00e+00	0.00e+00	0.00e+00
 1.53514e+16	9.21e-02	9.00e-01	8.12e-03	7.11e-06	0.00e+00	0.00e+00	0.00e+00	0.00e+00
 1.53620e+16	9.86e-02	8.95e-01	6.75e-03	5.13e-06	0.00e+00	0.00e+00	0.00e+00	0.00e+00
 1.53718e+16	1.05e-01	8.89e-01	5.65e-03	3.74e-06	0.00e+00	0.00e+00	0.00e+00	0.00e+00
 1.53815e+16	1.12e-01	8.83e-01	4.72e-03	2.71e-06	0.00e+00	0.00e+00	0.00e+00	0.00e+00
 1.53911e+16	1.20e-01	8.76e-01	3.93e-03	1.96e-06	0.00e+00	0.00e+00	0.00e+00	0.00e+00
 1.53999e+16	1.27e-01	8.70e-01	3.31e-03	1.45e-06	0.00e+00	0.00e+00	0.00e+00	0.00e+00
 1.54066e+16	1.32e-01	8.65e-01	2.90e-03	1.15e-06	0.00e+00	0.00e+00	0.00e+00	0.00e+00
 1.54110e+16	1.36e-01	8.61e-01	2.66e-03	9.85e-07	0.00e+00	0.00e+00	0.00e+00	0.00e+00
 1.54150e+16	1.40e-01	8.58e-01	2.45e-03	0.00e+00	0.00e+00	0.00e+00	0.00e+00	0.00e+00
 1.54198e+16	1.44e-01	8.53e-01	2.21e-03	0.00e+00	0.00e+00	0.00e+00	0.00e+00	0.00e+00
 1.54250e+16	1.49e-01	8.49e-01	1.99e-03	0.00e+00	0.00e+00	0.00e+00	0.00e+00	0.00e+00
 1.54301e+16	1.54e-01	8.44e-01	1.78e-03	0.00e+00	0.00e+00	0.00e+00	0.00e+00	0.00e+00
 1.54348e+16	1.59e-01	8.40e-01	1.62e-03	0.00e+00	0.00e+00	0.00e+00	0.00e+00	0.00e+00
 1.54394e+16	1.64e-01	8.35e-01	1.46e-03	0.00e+00	0.00e+00	0.00e+00	0.00e+00	0.00e+00
 1.54441e+16	1.69e-01	8.30e-01	1.32e-03	0.00e+00	0.00e+00	0.00e+00	0.00e+00	0.00e+00
 1.54487e+16	1.74e-01	8.25e-01	1.19e-03	0.00e+00	0.00e+00	0.00e+00	0.00e+00	0.00e+00
 1.54533e+16	1.79e-01	8.20e-01	1.08e-03	0.00e+00	0.00e+00	0.00e+00	0.00e+00	0.00e+00
 1.54579e+16	1.84e-01	8.15e-01	9.69e-04	0.00e+00	0.00e+00	0.00e+00	0.00e+00	0.00e+00
 1.54624e+16	1.89e-01	8.10e-01	8.75e-04	0.00e+00	0.00e+00	0.00e+00	0.00e+00	0.00e+00
 1.54669e+16	1.95e-01	8.04e-01	7.88e-04	0.00e+00	0.00e+00	0.00e+00	0.00e+00	0.00e+00
 1.54713e+16	2.00e-01	7.99e-01	7.12e-04	0.00e+00	0.00e+00	0.00e+00	0.00e+00	0.00e+00
 1.54757e+16	2.07e-01	7.93e-01	6.41e-04	0.00e+00	0.00e+00	0.00e+00	0.00e+00	0.00e+00
 1.54802e+16	2.12e-01	7.87e-01	5.77e-04	0.00e+00	0.00e+00	0.00e+00	0.00e+00	0.00e+00
 1.54845e+16	2.18e-01	7.81e-01	5.20e-04	0.00e+00	0.00e+00	0.00e+00	0.00e+00	0.00e+00
 1.54887e+16	2.24e-01	7.75e-01	4.69e-04	0.00e+00	0.00e+00	0.00e+00	0.00e+00	0.00e+00
 1.54930e+16	2.30e-01	7.69e-01	4.22e-04	0.00e+00	0.00e+00	0.00e+00	0.00e+00	0.00e+00
 1.54973e+16	2.37e-01	7.62e-01	3.80e-04	0.00e+00	0.00e+00	0.00e+00	0.00e+00	0.00e+00
 1.55015e+16	2.44e-01	7.56e-01	3.42e-04	0.00e+00	0.00e+00	0.00e+00	0.00e+00	0.00e+00
 1.55057e+16	2.51e-01	7.49e-01	3.07e-04	0.00e+00	0.00e+00	0.00e+00	0.00e+00	0.00e+00
 1.55099e+16	2.59e-01	7.41e-01	2.76e-04	0.00e+00	0.00e+00	0.00e+00	0.00e+00	0.00e+00
 1.55142e+16	2.66e-01	7.34e-01	2.48e-04	0.00e+00	0.00e+00	0.00e+00	0.00e+00	0.00e+00
 1.55183e+16	2.74e-01	7.26e-01	2.23e-04	0.00e+00	0.00e+00	0.00e+00	0.00e+00	0.00e+00
 1.55224e+16	2.82e-01	7.18e-01	2.00e-04	0.00e+00	0.00e+00	0.00e+00	0.00e+00	0.00e+00
 1.55265e+16	2.91e-01	7.09e-01	1.79e-04	0.00e+00	0.00e+00	0.00e+00	0.00e+00	0.00e+00
 1.55306e+16	3.00e-01	7.00e-01	1.61e-04	0.00e+00	0.00e+00	0.00e+00	0.00e+00	0.00e+00
 1.55346e+16	3.09e-01	6.91e-01	1.44e-04	0.00e+00	0.00e+00	0.00e+00	0.00e+00	0.00e+00
 1.55385e+16	3.19e-01	6.81e-01	1.30e-04	0.00e+00	0.00e+00	0.00e+00	0.00e+00	0.00e+00
 1.55424e+16	3.29e-01	6.71e-01	1.17e-04	0.00e+00	0.00e+00	0.00e+00	0.00e+00	0.00e+00
 1.55462e+16	3.40e-01	6.60e-01	1.05e-04	0.00e+00	0.00e+00	0.00e+00	0.00e+00	0.00e+00
 1.55500e+16	3.50e-01	6.50e-01	9.40e-05	0.00e+00	0.00e+00	0.00e+00	0.00e+00	0.00e+00
 1.55538e+16	3.62e-01	6.38e-01	8.44e-05	0.00e+00	0.00e+00	0.00e+00	0.00e+00	0.00e+00
 1.55576e+16	3.75e-01	6.25e-01	7.57e-05	0.00e+00	0.00e+00	0.00e+00	0.00e+00	0.00e+00
 1.55613e+16	3.88e-01	6.12e-01	6.80e-05	0.00e+00	0.00e+00	0.00e+00	0.00e+00	0.00e+00
 1.55650e+16	4.00e-01	6.00e-01	6.11e-05	0.00e+00	0.00e+00	0.00e+00	0.00e+00	0.00e+00
 1.55687e+16	4.16e-01	5.84e-01	5.46e-05	0.00e+00	0.00e+00	0.00e+00	0.00e+00	0.00e+00
 1.55724e+16	4.29e-01	5.71e-01	4.89e-05	0.00e+00	0.00e+00	0.00e+00	0.00e+00	0.00e+00
 1.55762e+16	4.45e-01	5.55e-01	4.37e-05	0.00e+00	0.00e+00	0.00e+00	0.00e+00	0.00e+00
 1.55799e+16	4.61e-01	5.39e-01	3.90e-05	0.00e+00	0.00e+00	0.00e+00	0.00e+00	0.00e+00
 1.55837e+16	4.78e-01	5.22e-01	3.48e-05	0.00e+00	0.00e+00	0.00e+00	0.00e+00	0.00e+00
 1.55875e+16	4.99e-01	5.01e-01	3.07e-05	0.00e+00	0.00e+00	0.00e+00	0.00e+00	0.00e+00
 1.55913e+16	5.18e-01	4.82e-01	2.73e-05	0.00e+00	0.00e+00	0.00e+00	0.00e+00	0.00e+00
 1.55951e+16	5.38e-01	4.62e-01	2.42e-05	0.00e+00	0.00e+00	0.00e+00	0.00e+00	0.00e+00
 1.55990e+16	5.59e-01	4.41e-01	2.13e-05	0.00e+00	0.00e+00	0.00e+00	0.00e+00	0.00e+00
 1.56030e+16	5.81e-01	4.19e-01	1.87e-05	0.00e+00	0.00e+00	0.00e+00	0.00e+00	0.00e+00
 1.56071e+16	6.04e-01	3.96e-01	1.64e-05	0.00e+00	0.00e+00	0.00e+00	0.00e+00	0.00e+00
 1.56113e+16	6.27e-01	3.73e-01	1.44e-05	0.00e+00	0.00e+00	0.00e+00	0.00e+00	0.00e+00
 1.56156e+16	6.51e-01	3.49e-01	1.25e-05	0.00e+00	0.00e+00	0.00e+00	0.00e+00	0.00e+00
 1.56194e+16	6.71e-01	3.29e-01	1.11e-05	0.00e+00	0.00e+00	0.00e+00	0.00e+00	0.00e+00
 1.56225e+16	6.87e-01	3.13e-01	1.00e-05	0.00e+00	0.00e+00	0.00e+00	0.00e+00	0.00e+00
 1.56254e+16	7.02e-01	2.98e-01	9.15e-06	0.00e+00	0.00e+00	0.00e+00	0.00e+00	0.00e+00
 1.56285e+16	7.17e-01	2.83e-01	8.33e-06	0.00e+00	0.00e+00	0.00e+00	0.00e+00	0.00e+00
 1.56318e+16	7.34e-01	2.66e-01	7.48e-06	0.00e+00	0.00e+00	0.00e+00	0.00e+00	0.00e+00
 1.56350e+16	7.48e-01	2.52e-01	6.80e-06	0.00e+00	0.00e+00	0.00e+00	0.00e+00	0.00e+00
 1.56382e+16	7.62e-01	2.38e-01	6.19e-06	0.00e+00	0.00e+00	0.00e+00	0.00e+00	0.00e+00
 1.56414e+16	7.75e-01	2.25e-01	5.62e-06	0.00e+00	0.00e+00	0.00e+00	0.00e+00	0.00e+00
 1.56446e+16	7.88e-01	2.12e-01	5.11e-06	0.00e+00	0.00e+00	0.00e+00	0.00e+00	0.00e+00
 1.56478e+16	8.00e-01	2.00e-01	4.66e-06	0.00e+00	0.00e+00	0.00e+00	0.00e+00	0.00e+00
 1.56510e+16	8.12e-01	1.88e-01	4.26e-06	0.00e+00	0.00e+00	0.00e+00	0.00e+00	0.00e+00
 1.56543e+16	8.22e-01	1.78e-01	3.90e-06	0.00e+00	0.00e+00	0.00e+00	0.00e+00	0.00e+00
 1.56576e+16	8.33e-01	1.67e-01	3.56e-06	0.00e+00	0.00e+00	0.00e+00	0.00e+00	0.00e+00
 1.56611e+16	8.43e-01	1.57e-01	3.26e-06	0.00e+00	0.00e+00	0.00e+00	0.00e+00	0.00e+00
 1.56647e+16	8.52e-01	1.48e-01	2.98e-06	0.00e+00	0.00e+00	0.00e+00	0.00e+00	0.00e+00
 1.56684e+16	8.61e-01	1.39e-01	2.73e-06	0.00e+00	0.00e+00	0.00e+00	0.00e+00	0.00e+00
 1.56722e+16	8.70e-01	1.30e-01	2.50e-06	0.00e+00	0.00e+00	0.00e+00	0.00e+00	0.00e+00
 1.56763e+16	8.77e-01	1.23e-01	2.30e-06	0.00e+00	0.00e+00	0.00e+00	0.00e+00	0.00e+00
 1.56805e+16	8.85e-01	1.15e-01	2.11e-06	0.00e+00	0.00e+00	0.00e+00	0.00e+00	0.00e+00
 1.56848e+16	8.91e-01	1.09e-01	1.94e-06	0.00e+00	0.00e+00	0.00e+00	0.00e+00	0.00e+00
 1.56895e+16	8.98e-01	1.02e-01	1.79e-06	0.00e+00	0.00e+00	0.00e+00	0.00e+00	0.00e+00
 1.56945e+16	9.04e-01	9.63e-02	1.65e-06	0.00e+00	0.00e+00	0.00e+00	0.00e+00	0.00e+00
 1.56998e+16	9.09e-01	9.07e-02	1.52e-06	0.00e+00	0.00e+00	0.00e+00	0.00e+00	0.00e+00
 1.57055e+16	9.15e-01	8.55e-02	1.40e-06	0.00e+00	0.00e+00	0.00e+00	0.00e+00	0.00e+00
 1.57117e+16	9.20e-01	8.05e-02	1.29e-06	0.00e+00	0.00e+00	0.00e+00	0.00e+00	0.00e+00
 1.57185e+16	9.24e-01	7.58e-02	1.19e-06	0.00e+00	0.00e+00	0.00e+00	0.00e+00	0.00e+00
 1.57260e+16	9.29e-01	7.13e-02	1.10e-06	0.00e+00	0.00e+00	0.00e+00	0.00e+00	0.00e+00
 1.57342e+16	9.33e-01	6.70e-02	1.02e-06	0.00e+00	0.00e+00	0.00e+00	0.00e+00	0.00e+00
 1.57435e+16	9.37e-01	6.29e-02	9.35e-07	0.00e+00	0.00e+00	0.00e+00	0.00e+00	0.00e+00
 1.57538e+16	9.41e-01	5.90e-02	8.60e-07	0.00e+00	0.00e+00	0.00e+00	0.00e+00	0.00e+00
 1.57654e+16	9.45e-01	5.53e-02	7.88e-07	0.00e+00	0.00e+00	0.00e+00	0.00e+00	0.00e+00
