#depth	He	He+	He+2
 1.49634e+10	6.80e-22	2.76e-11	1.00e+00
 4.54887e+10	7.84e-22	3.00e-11	1.00e+00
 7.72350e+10	8.98e-22	3.26e-11	1.00e+00
 1.10251e+11	1.03e-21	3.53e-11	1.00e+00
 1.44588e+11	1.18e-21	3.84e-11	1.00e+00
 1.80298e+11	1.36e-21	4.17e-11	1.00e+00
 2.17437e+11	1.56e-21	4.53e-11	1.00e+00
 2.56061e+11	1.80e-21	4.92e-11	1.00e+00
 2.92492e+11	2.05e-21	5.31e-11	1.00e+00
 3.25247e+11	2.29e-21	5.67e-11	1.00e+00
 3.62082e+11	2.59e-21	6.10e-11	1.00e+00
 4.05523e+11	2.99e-21	6.62e-11	1.00e+00
 4.48887e+11	3.43e-21	7.17e-11	1.00e+00
 4.89840e+11	3.89e-21	7.71e-11	1.00e+00
 5.35217e+11	4.44e-21	8.34e-11	1.00e+00
 5.86552e+11	5.16e-21	9.09e-11	1.00e+00
 6.38003e+11	5.96e-21	9.88e-11	1.00e+00
 6.91512e+11	6.87e-21	1.07e-10	1.00e+00
 7.49099e+11	7.99e-21	1.17e-10	1.00e+00
 8.03169e+11	9.17e-21	1.27e-10	1.00e+00
 8.51521e+11	1.03e-20	1.36e-10	1.00e+00
 9.05894e+11	1.17e-20	1.46e-10	1.00e+00
 9.70322e+11	1.35e-20	1.59e-10	1.00e+00
 1.03472e+12	1.56e-20	1.73e-10	1.00e+00
 1.09494e+12	1.78e-20	1.87e-10	1.00e+00
 1.16191e+12	2.03e-20	2.03e-10	1.00e+00
 1.23831e+12	2.37e-20	2.22e-10	1.00e+00
 1.31333e+12	2.73e-20	2.42e-10	1.00e+00
 1.39134e+12	3.15e-20	2.64e-10	1.00e+00
 1.47692e+12	3.66e-20	2.89e-10	1.00e+00
 1.56299e+12	4.23e-20	3.16e-10	1.00e+00
 1.65250e+12	4.88e-20	3.46e-10	1.00e+00
 1.74853e+12	5.67e-20	3.80e-10	1.00e+00
 1.84382e+12	6.53e-20	4.16e-10	1.00e+00
 1.94291e+12	7.50e-20	4.55e-10	1.00e+00
 2.05056e+12	8.67e-20	5.00e-10	1.00e+00
 2.16251e+12	1.00e-19	5.51e-10	1.00e+00
 2.27893e+12	1.16e-19	6.06e-10	1.00e+00
 2.40002e+12	1.33e-19	6.67e-10	1.00e+00
 2.52595e+12	1.53e-19	7.35e-10	1.00e+00
 2.64010e+12	1.73e-19	8.01e-10	1.00e+00
 2.73566e+12	1.91e-19	8.58e-10	1.00e+00
 2.84053e+12	2.11e-19	9.23e-10	1.00e+00
 2.97276e+12	2.39e-19	1.01e-09	1.00e+00
 3.11040e+12	2.72e-19	1.11e-09	1.00e+00
 3.22838e+12	3.01e-19	1.19e-09	1.00e+00
 3.35099e+12	3.33e-19	1.29e-09	1.00e+00
 3.50366e+12	3.77e-19	1.41e-09	1.00e+00
 3.65828e+12	4.27e-19	1.54e-09	1.00e+00
 3.79305e+12	4.73e-19	1.66e-09	1.00e+00
 3.93911e+12	5.26e-19	1.80e-09	1.00e+00
 4.11706e+12	5.97e-19	1.98e-09	1.00e+00
 4.29822e+12	6.76e-19	2.16e-09	1.00e+00
 4.46437e+12	7.54e-19	2.34e-09	1.00e+00
 4.64928e+12	8.49e-19	2.55e-09	1.00e+00
 4.86384e+12	9.70e-19	2.81e-09	1.00e+00
 5.07562e+12	1.10e-18	3.08e-09	1.00e+00
 5.27836e+12	1.24e-18	3.34e-09	1.00e+00
 5.50190e+12	1.41e-18	3.65e-09	1.00e+00
 5.75190e+12	1.63e-18	4.01e-09	1.00e+00
 5.97912e+12	1.84e-18	4.35e-09	1.00e+00
 6.17025e+12	2.04e-18	4.65e-09	1.00e+00
 6.38037e+12	2.28e-18	4.99e-09	1.00e+00
 6.61755e+12	2.57e-18	5.40e-09	1.00e+00
 6.84461e+12	2.89e-18	5.79e-09	1.00e+00
 7.09450e+12	3.26e-18	6.25e-09	1.00e+00
 7.37207e+12	3.73e-18	6.78e-09	1.00e+00
 7.63218e+12	4.22e-18	7.29e-09	1.00e+00
 7.91687e+12	4.80e-18	7.87e-09	1.00e+00
 8.23702e+12	5.54e-18	8.56e-09	1.00e+00
 8.54283e+12	6.33e-18	9.24e-09	1.00e+00
 8.87814e+12	7.29e-18	1.00e-08	1.00e+00
 9.23354e+12	8.43e-18	1.09e-08	1.00e+00
 9.54451e+12	9.54e-18	1.17e-08	1.00e+00
 9.87645e+12	1.09e-17	1.25e-08	1.00e+00
 1.02803e+13	1.26e-17	1.36e-08	1.00e+00
 1.06826e+13	1.46e-17	1.48e-08	1.00e+00
 1.10374e+13	1.66e-17	1.58e-08	1.00e+00
 1.14258e+13	1.89e-17	1.70e-08	1.00e+00
 1.18932e+13	2.21e-17	1.85e-08	1.00e+00
 1.23609e+13	2.57e-17	2.00e-08	1.00e+00
 1.27862e+13	2.94e-17	2.15e-08	1.00e+00
 1.32588e+13	3.39e-17	2.31e-08	1.00e+00
 1.38115e+13	3.98e-17	2.52e-08	1.00e+00
 1.43569e+13	4.64e-17	2.73e-08	1.00e+00
 1.48723e+13	5.33e-17	2.94e-08	1.00e+00
 1.54452e+13	6.19e-17	3.18e-08	1.00e+00
 1.60929e+13	7.30e-17	3.46e-08	1.00e+00
 1.67436e+13	8.54e-17	3.75e-08	1.00e+00
 1.74203e+13	1.00e-16	4.07e-08	1.00e+00
 1.81471e+13	1.18e-16	4.43e-08	1.00e+00
 1.89029e+13	1.39e-16	4.81e-08	1.00e+00
 1.96469e+13	1.62e-16	5.21e-08	1.00e+00
 2.03389e+13	1.86e-16	5.59e-08	1.00e+00
 2.09635e+13	2.10e-16	5.95e-08	1.00e+00
 2.16331e+13	2.38e-16	6.34e-08	1.00e+00
 2.24668e+13	2.76e-16	6.85e-08	1.00e+00
 2.33027e+13	3.20e-16	7.38e-08	1.00e+00
 2.40214e+13	3.61e-16	7.84e-08	1.00e+00
 2.47989e+13	4.10e-16	8.36e-08	1.00e+00
 2.57580e+13	4.77e-16	9.03e-08	1.00e+00
 2.67168e+13	5.52e-16	9.72e-08	1.00e+00
 2.75450e+13	6.22e-16	1.03e-07	1.00e+00
 2.84399e+13	7.07e-16	1.10e-07	1.00e+00
 2.95395e+13	8.22e-16	1.19e-07	1.00e+00
 3.06491e+13	9.51e-16	1.28e-07	1.00e+00
 3.16325e+13	1.08e-15	1.36e-07	1.00e+00
 3.27082e+13	1.23e-15	1.46e-07	1.00e+00
 3.39975e+13	1.43e-15	1.57e-07	1.00e+00
 3.52818e+13	1.66e-15	1.70e-07	1.00e+00
 3.64522e+13	1.89e-15	1.81e-07	1.00e+00
 3.77571e+13	2.17e-15	1.94e-07	1.00e+00
 3.92795e+13	2.54e-15	2.10e-07	1.00e+00
 4.07797e+13	2.94e-15	2.26e-07	1.00e+00
 4.22001e+13	3.36e-15	2.42e-07	1.00e+00
 4.37784e+13	3.89e-15	2.60e-07	1.00e+00
 4.55595e+13	4.55e-15	2.82e-07	1.00e+00
 4.73495e+13	5.29e-15	3.04e-07	1.00e+00
 4.92111e+13	6.16e-15	3.28e-07	1.00e+00
 5.12095e+13	7.21e-15	3.55e-07	1.00e+00
 5.31454e+13	8.35e-15	3.83e-07	1.00e+00
 5.49676e+13	9.53e-15	4.09e-07	1.00e+00
 5.70051e+13	1.10e-14	4.40e-07	1.00e+00
 5.90581e+13	1.27e-14	4.72e-07	1.00e+00
 6.07645e+13	1.42e-14	5.00e-07	1.00e+00
 6.25720e+13	1.59e-14	5.30e-07	1.00e+00
 6.48805e+13	1.84e-14	5.70e-07	1.00e+00
 6.73011e+13	2.12e-14	6.14e-07	1.00e+00
 6.94443e+13	2.40e-14	6.54e-07	1.00e+00
 7.17663e+13	2.74e-14	6.99e-07	1.00e+00
 7.45552e+13	3.19e-14	7.55e-07	1.00e+00
 7.73796e+13	3.70e-14	8.14e-07	1.00e+00
 8.00285e+13	4.22e-14	8.72e-07	1.00e+00
 8.25848e+13	4.79e-14	9.29e-07	1.00e+00
 8.54720e+13	5.49e-14	9.97e-07	1.00e+00
 8.86571e+13	6.36e-14	1.07e-06	1.00e+00
 9.15949e+13	7.24e-14	1.15e-06	1.00e+00
 9.47797e+13	8.30e-14	1.23e-06	1.00e+00
 9.83369e+13	9.62e-14	1.33e-06	1.00e+00
 1.01681e+14	1.10e-13	1.42e-06	1.00e+00
 1.05331e+14	1.27e-13	1.53e-06	1.00e+00
 1.09384e+14	1.47e-13	1.66e-06	1.00e+00
 1.13169e+14	1.68e-13	1.78e-06	1.00e+00
 1.17277e+14	1.94e-13	1.91e-06	1.00e+00
 1.21871e+14	2.26e-13	2.07e-06	1.00e+00
 1.26241e+14	2.60e-13	2.23e-06	1.00e+00
 1.30913e+14	3.00e-13	2.40e-06	1.00e+00
 1.36180e+14	3.51e-13	2.60e-06	1.00e+00
 1.41374e+14	4.07e-13	2.81e-06	1.00e+00
 1.46775e+14	4.71e-13	3.04e-06	1.00e+00
 1.52315e+14	5.45e-13	3.28e-06	1.00e+00
 1.57449e+14	6.20e-13	3.51e-06	1.00e+00
 1.63150e+14	7.11e-13	3.77e-06	1.00e+00
 1.69412e+14	8.23e-13	4.07e-06	1.00e+00
 1.75205e+14	9.37e-13	4.36e-06	1.00e+00
 1.80289e+14	1.05e-12	4.62e-06	1.00e+00
 1.85673e+14	1.17e-12	4.91e-06	1.00e+00
 1.92505e+14	1.34e-12	5.29e-06	1.00e+00
 1.99427e+14	1.54e-12	5.68e-06	1.00e+00
 2.05272e+14	1.72e-12	6.02e-06	1.00e+00
 2.11512e+14	1.92e-12	6.40e-06	1.00e+00
 2.19355e+14	2.20e-12	6.90e-06	1.00e+00
 2.27460e+14	2.53e-12	7.42e-06	1.00e+00
 2.34601e+14	2.83e-12	7.90e-06	1.00e+00
 2.42308e+14	3.20e-12	8.44e-06	1.00e+00
 2.51612e+14	3.68e-12	9.12e-06	1.00e+00
 2.60836e+14	4.21e-12	9.81e-06	1.00e+00
 2.69026e+14	4.72e-12	1.04e-05	1.00e+00
 2.78026e+14	5.34e-12	1.12e-05	1.00e+00
 2.88790e+14	6.14e-12	1.21e-05	1.00e+00
 2.99483e+14	7.03e-12	1.30e-05	1.00e+00
 3.09197e+14	7.91e-12	1.39e-05	1.00e+00
 3.20004e+14	8.99e-12	1.49e-05	1.00e+00
 3.32650e+14	1.04e-11	1.61e-05	1.00e+00
 3.45102e+14	1.19e-11	1.74e-05	1.00e+00
 3.56780e+14	1.35e-11	1.86e-05	1.00e+00
 3.69809e+14	1.54e-11	2.01e-05	1.00e+00
 3.84631e+14	1.78e-11	2.18e-05	1.00e+00
 3.99399e+14	2.06e-11	2.36e-05	1.00e+00
 4.13614e+14	2.35e-11	2.54e-05	1.00e+00
 4.25959e+14	2.63e-11	2.70e-05	1.00e+00
 4.36298e+14	2.88e-11	2.84e-05	1.00e+00
 4.47796e+14	3.18e-11	3.00e-05	1.00e+00
 4.62742e+14	3.61e-11	3.22e-05	1.00e+00
 4.78489e+14	4.11e-11	3.46e-05	1.00e+00
 4.92061e+14	4.58e-11	3.68e-05	1.00e+00
 5.06488e+14	5.13e-11	3.91e-05	1.00e+00
 5.24950e+14	5.91e-11	4.23e-05	1.00e+00
 5.43965e+14	6.81e-11	4.57e-05	1.00e+00
 5.60236e+14	7.66e-11	4.88e-05	1.00e+00
 5.77632e+14	8.68e-11	5.22e-05	1.00e+00
 5.99229e+14	1.01e-10	5.66e-05	1.00e+00
 6.21387e+14	1.17e-10	6.13e-05	1.00e+00
 6.41108e+14	1.33e-10	6.58e-05	1.00e+00
 6.62559e+14	1.53e-10	7.08e-05	1.00e+00
 6.88193e+14	1.78e-10	7.71e-05	1.00e+00
 7.13468e+14	2.07e-10	8.36e-05	1.00e+00
 7.36170e+14	2.37e-10	8.97e-05	1.00e+00
 7.61323e+14	2.73e-10	9.67e-05	1.00e+00
 7.91065e+14	3.21e-10	1.05e-04	1.00e+00
 8.20472e+14	3.75e-10	1.15e-04	1.00e+00
 8.47604e+14	4.31e-10	1.23e-04	1.00e+00
 8.78081e+14	5.01e-10	1.34e-04	1.00e+00
 9.13229e+14	5.93e-10	1.46e-04	1.00e+00
 9.47590e+14	6.96e-10	1.59e-04	1.00e+00
 9.83326e+14	8.16e-10	1.73e-04	1.00e+00
 1.02269e+15	9.68e-10	1.89e-04	1.00e+00
 1.05594e+15	1.11e-09	2.03e-04	1.00e+00
 1.08018e+15	1.22e-09	2.13e-04	1.00e+00
 1.10561e+15	1.35e-09	2.25e-04	1.00e+00
 1.13866e+15	1.54e-09	2.40e-04	1.00e+00
 1.17514e+15	1.76e-09	2.58e-04	1.00e+00
 1.20894e+15	2.00e-09	2.75e-04	1.00e+00
 1.24573e+15	2.27e-09	2.94e-04	1.00e+00
 1.28707e+15	2.62e-09	3.16e-04	1.00e+00
 1.32639e+15	2.99e-09	3.38e-04	1.00e+00
 1.36960e+15	3.43e-09	3.63e-04	1.00e+00
 1.41794e+15	3.99e-09	3.93e-04	1.00e+00
 1.46373e+15	4.58e-09	4.21e-04	1.00e+00
 1.51405e+15	5.30e-09	4.54e-04	1.00e+00
 1.57062e+15	6.21e-09	4.93e-04	1.00e+00
 1.62418e+15	7.18e-09	5.30e-04	9.99e-01
 1.68260e+15	8.37e-09	5.73e-04	9.99e-01
 1.74756e+15	9.85e-09	6.23e-04	9.99e-01
 1.80817e+15	1.14e-08	6.71e-04	9.99e-01
 1.87359e+15	1.33e-08	7.26e-04	9.99e-01
 1.94688e+15	1.57e-08	7.89e-04	9.99e-01
 2.01726e+15	1.82e-08	8.52e-04	9.99e-01
 2.09213e+15	2.13e-08	9.23e-04	9.99e-01
 2.17585e+15	2.52e-08	1.00e-03	9.99e-01
 2.24613e+15	2.88e-08	1.08e-03	9.99e-01
 2.29647e+15	3.17e-08	1.13e-03	9.99e-01
 2.34878e+15	3.48e-08	1.18e-03	9.99e-01
 2.41677e+15	3.93e-08	1.26e-03	9.99e-01
 2.49271e+15	4.48e-08	1.34e-03	9.99e-01
 2.56395e+15	5.04e-08	1.43e-03	9.99e-01
 2.64153e+15	5.71e-08	1.52e-03	9.98e-01
 2.72819e+15	6.54e-08	1.63e-03	9.98e-01
 2.80958e+15	7.38e-08	1.73e-03	9.98e-01
 2.89832e+15	8.41e-08	1.85e-03	9.98e-01
 2.99797e+15	9.67e-08	1.99e-03	9.98e-01
 3.09284e+15	1.10e-07	2.12e-03	9.98e-01
 3.19719e+15	1.26e-07	2.28e-03	9.98e-01
 3.31263e+15	1.46e-07	2.45e-03	9.98e-01
 3.41957e+15	1.66e-07	2.62e-03	9.97e-01
 3.53569e+15	1.91e-07	2.81e-03	9.97e-01
 3.66461e+15	2.22e-07	3.03e-03	9.97e-01
 3.78455e+15	2.53e-07	3.24e-03	9.97e-01
 3.91486e+15	2.92e-07	3.48e-03	9.97e-01
 4.05933e+15	3.39e-07	3.75e-03	9.96e-01
 4.18949e+15	3.85e-07	4.00e-03	9.96e-01
 4.29651e+15	4.27e-07	4.22e-03	9.96e-01
 4.40613e+15	4.74e-07	4.45e-03	9.96e-01
 4.54863e+15	5.41e-07	4.76e-03	9.95e-01
 4.69191e+15	6.13e-07	5.07e-03	9.95e-01
 4.80869e+15	6.78e-07	5.34e-03	9.95e-01
 4.93297e+15	7.53e-07	5.64e-03	9.94e-01
 5.09454e+15	8.63e-07	6.04e-03	9.94e-01
 5.25923e+15	9.81e-07	6.46e-03	9.94e-01
 5.39784e+15	1.09e-06	6.82e-03	9.93e-01
 5.54790e+15	1.22e-06	7.25e-03	9.93e-01
 5.74298e+15	1.42e-06	7.83e-03	9.92e-01
 5.93746e+15	1.62e-06	8.41e-03	9.92e-01
 6.09047e+15	1.80e-06	8.89e-03	9.91e-01
 6.24868e+15	2.00e-06	9.43e-03	9.91e-01
 6.45435e+15	2.31e-06	1.02e-02	9.90e-01
 6.66501e+15	2.63e-06	1.10e-02	9.89e-01
 6.83803e+15	2.93e-06	1.16e-02	9.88e-01
 7.01878e+15	3.30e-06	1.24e-02	9.88e-01
 7.21222e+15	3.70e-06	1.33e-02	9.87e-01
 7.38308e+15	4.10e-06	1.41e-02	9.86e-01
 7.53768e+15	4.50e-06	1.49e-02	9.85e-01
 7.71025e+15	5.02e-06	1.59e-02	9.84e-01
 7.90085e+15	5.64e-06	1.71e-02	9.83e-01
 8.07580e+15	6.25e-06	1.82e-02	9.82e-01
 8.23883e+15	6.89e-06	1.93e-02	9.81e-01
 8.42542e+15	7.79e-06	2.09e-02	9.79e-01
 8.62373e+15	8.76e-06	2.25e-02	9.77e-01
 8.79777e+15	9.78e-06	2.42e-02	9.76e-01
 8.95859e+15	1.08e-05	2.59e-02	9.74e-01
 9.14173e+15	1.23e-05	2.82e-02	9.72e-01
 9.33804e+15	1.40e-05	3.08e-02	9.69e-01
 9.50745e+15	1.58e-05	3.34e-02	9.67e-01
 9.65920e+15	1.76e-05	3.61e-02	9.64e-01
 9.83202e+15	2.01e-05	3.96e-02	9.60e-01
 1.00167e+16	2.34e-05	4.40e-02	9.56e-01
 1.01731e+16	2.65e-05	4.82e-02	9.52e-01
 1.03095e+16	2.99e-05	5.25e-02	9.47e-01
 1.04633e+16	3.41e-05	5.83e-02	9.42e-01
 1.06319e+16	4.08e-05	6.58e-02	9.34e-01
 1.07633e+16	4.65e-05	7.27e-02	9.27e-01
 1.08604e+16	5.17e-05	7.87e-02	9.21e-01
 1.09694e+16	5.81e-05	8.65e-02	9.13e-01
 1.11111e+16	6.90e-05	9.84e-02	9.01e-01
 1.12355e+16	8.09e-05	1.11e-01	8.89e-01
 1.13068e+16	9.02e-05	1.20e-01	8.80e-01
 1.13553e+16	9.66e-05	1.26e-01	8.74e-01
 1.14050e+16	1.04e-04	1.33e-01	8.67e-01
 1.14695e+16	1.14e-04	1.44e-01	8.56e-01
 1.15534e+16	1.30e-04	1.59e-01	8.41e-01
 1.16379e+16	1.49e-04	1.76e-01	8.23e-01
 1.17024e+16	1.68e-04	1.92e-01	8.08e-01
 1.17515e+16	1.83e-04	2.05e-01	7.95e-01
 1.18012e+16	1.99e-04	2.19e-01	7.80e-01
 1.18657e+16	2.25e-04	2.40e-01	7.59e-01
 1.19344e+16	2.59e-04	2.65e-01	7.34e-01
 1.19887e+16	2.87e-04	2.87e-01	7.13e-01
 1.20395e+16	3.17e-04	3.10e-01	6.89e-01
 1.21056e+16	3.65e-04	3.43e-01	6.57e-01
 1.21687e+16	4.13e-04	3.76e-01	6.23e-01
 1.22164e+16	4.54e-04	4.03e-01	5.96e-01
 1.22671e+16	5.04e-04	4.35e-01	5.65e-01
 1.23242e+16	5.64e-04	4.71e-01	5.28e-01
 1.23796e+16	6.28e-04	5.08e-01	4.91e-01
 1.24413e+16	7.07e-04	5.51e-01	4.49e-01
 1.25071e+16	7.94e-04	5.95e-01	4.04e-01
 1.25662e+16	8.74e-04	6.34e-01	3.65e-01
 1.26309e+16	9.69e-04	6.76e-01	3.23e-01
 1.26910e+16	1.05e-03	7.10e-01	2.89e-01
 1.27326e+16	1.12e-03	7.33e-01	2.66e-01
 1.27743e+16	1.18e-03	7.56e-01	2.43e-01
 1.28286e+16	1.27e-03	7.83e-01	2.16e-01
 1.28875e+16	1.35e-03	8.08e-01	1.90e-01
 1.29412e+16	1.43e-03	8.29e-01	1.70e-01
 1.29999e+16	1.52e-03	8.50e-01	1.48e-01
 1.30651e+16	1.62e-03	8.70e-01	1.29e-01
 1.31241e+16	1.71e-03	8.85e-01	1.14e-01
 1.31766e+16	1.79e-03	8.97e-01	1.01e-01
 1.32356e+16	1.88e-03	9.09e-01	8.90e-02
 1.33015e+16	1.99e-03	9.20e-01	7.76e-02
 1.33609e+16	2.09e-03	9.29e-01	6.88e-02
 1.34133e+16	2.17e-03	9.36e-01	6.20e-02
 1.34724e+16	2.28e-03	9.43e-01	5.49e-02
 1.35369e+16	2.40e-03	9.49e-01	4.84e-02
 1.35940e+16	2.51e-03	9.54e-01	4.35e-02
 1.36441e+16	2.61e-03	9.58e-01	3.96e-02
 1.36999e+16	2.74e-03	9.62e-01	3.56e-02
 1.37611e+16	2.88e-03	9.65e-01	3.19e-02
 1.38157e+16	3.02e-03	9.68e-01	2.90e-02
 1.38633e+16	3.15e-03	9.70e-01	2.67e-02
 1.39152e+16	3.30e-03	9.72e-01	2.44e-02
 1.39727e+16	3.48e-03	9.74e-01	2.21e-02
 1.40241e+16	3.66e-03	9.76e-01	2.04e-02
 1.40682e+16	3.83e-03	9.77e-01	1.90e-02
 1.41160e+16	4.02e-03	9.78e-01	1.75e-02
 1.41694e+16	4.25e-03	9.80e-01	1.61e-02
 1.42178e+16	4.48e-03	9.81e-01	1.49e-02
 1.42594e+16	4.71e-03	9.81e-01	1.40e-02
 1.43047e+16	4.97e-03	9.82e-01	1.30e-02
 1.43549e+16	5.29e-03	9.83e-01	1.21e-02
 1.44004e+16	5.61e-03	9.83e-01	1.13e-02
 1.44406e+16	5.92e-03	9.83e-01	1.07e-02
 1.44853e+16	6.31e-03	9.84e-01	9.97e-03
 1.45347e+16	6.80e-03	9.84e-01	9.28e-03
 1.45796e+16	7.30e-03	9.84e-01	8.71e-03
 1.46200e+16	7.79e-03	9.84e-01	8.24e-03
 1.46651e+16	8.42e-03	9.84e-01	7.71e-03
 1.47155e+16	9.25e-03	9.84e-01	7.19e-03
 1.47606e+16	1.01e-02	9.83e-01	6.76e-03
 1.47986e+16	1.10e-02	9.83e-01	6.42e-03
 1.48392e+16	1.20e-02	9.82e-01	6.07e-03
 1.48838e+16	1.34e-02	9.81e-01	5.72e-03
 1.49202e+16	1.48e-02	9.80e-01	5.45e-03
 1.49467e+16	1.59e-02	9.79e-01	5.28e-03
 1.49734e+16	1.72e-02	9.78e-01	5.08e-03
 1.50080e+16	1.91e-02	9.76e-01	4.85e-03
 1.50423e+16	2.15e-02	9.74e-01	4.65e-03
 1.50670e+16	2.37e-02	9.72e-01	4.51e-03
 1.50859e+16	2.54e-02	9.70e-01	4.41e-03
 1.51063e+16	2.76e-02	9.68e-01	4.29e-03
 1.51328e+16	3.08e-02	9.65e-01	4.15e-03
 1.51596e+16	3.49e-02	9.61e-01	4.03e-03
 1.51800e+16	3.87e-02	9.57e-01	3.94e-03
 1.51958e+16	4.19e-02	9.54e-01	3.89e-03
 1.52129e+16	4.60e-02	9.50e-01	3.82e-03
 1.52352e+16	5.20e-02	9.44e-01	3.74e-03
 1.52577e+16	5.97e-02	9.37e-01	3.68e-03
 1.52748e+16	6.69e-02	9.29e-01	3.64e-03
 1.52881e+16	7.30e-02	9.23e-01	3.62e-03
 1.53025e+16	8.06e-02	9.16e-01	3.60e-03
 1.53207e+16	9.18e-02	9.05e-01	3.58e-03
 1.53383e+16	1.05e-01	8.91e-01	3.58e-03
 1.53514e+16	1.17e-01	8.80e-01	3.59e-03
 1.53620e+16	1.27e-01	8.70e-01	3.61e-03
 1.53718e+16	1.38e-01	8.59e-01	3.63e-03
 1.53815e+16	1.49e-01	8.47e-01	3.65e-03
 1.53911e+16	1.62e-01	8.35e-01	3.67e-03
 1.53999e+16	1.74e-01	8.22e-01	3.70e-03
 1.54066e+16	1.85e-01	8.12e-01	3.72e-03
 1.54110e+16	1.92e-01	8.04e-01	3.74e-03
 1.54150e+16	1.99e-01	7.97e-01	3.75e-03
 1.54198e+16	2.08e-01	7.89e-01	3.76e-03
 1.54250e+16	2.17e-01	7.79e-01	3.78e-03
 1.54301e+16	2.27e-01	7.69e-01	3.80e-03
 1.54348e+16	2.37e-01	7.59e-01	3.83e-03
 1.54394e+16	2.47e-01	7.49e-01	3.84e-03
 1.54441e+16	2.57e-01	7.39e-01	3.85e-03
 1.54487e+16	2.68e-01	7.28e-01	3.87e-03
 1.54533e+16	2.79e-01	7.17e-01	3.89e-03
 1.54579e+16	2.91e-01	7.05e-01	3.91e-03
 1.54624e+16	3.02e-01	6.94e-01	3.93e-03
 1.54669e+16	3.15e-01	6.81e-01	3.94e-03
 1.54713e+16	3.27e-01	6.69e-01	3.96e-03
 1.54757e+16	3.40e-01	6.56e-01	3.97e-03
 1.54802e+16	3.53e-01	6.43e-01	3.98e-03
 1.54845e+16	3.67e-01	6.29e-01	3.99e-03
 1.54887e+16	3.80e-01	6.16e-01	4.00e-03
 1.54930e+16	3.94e-01	6.02e-01	4.00e-03
 1.54973e+16	4.08e-01	5.88e-01	4.01e-03
 1.55015e+16	4.23e-01	5.73e-01	4.00e-03
 1.55057e+16	4.38e-01	5.58e-01	4.01e-03
 1.55099e+16	4.53e-01	5.43e-01	4.00e-03
 1.55142e+16	4.68e-01	5.28e-01	3.99e-03
 1.55183e+16	4.83e-01	5.13e-01	3.99e-03
 1.55224e+16	4.98e-01	4.98e-01	3.97e-03
 1.55265e+16	5.14e-01	4.82e-01	3.96e-03
 1.55306e+16	5.29e-01	4.67e-01	3.94e-03
 1.55346e+16	5.45e-01	4.51e-01	3.91e-03
 1.55385e+16	5.60e-01	4.36e-01	3.88e-03
 1.55424e+16	5.75e-01	4.22e-01	3.85e-03
 1.55462e+16	5.89e-01	4.07e-01	3.82e-03
 1.55500e+16	6.04e-01	3.92e-01	3.78e-03
 1.55538e+16	6.18e-01	3.78e-01	3.74e-03
 1.55576e+16	6.32e-01	3.64e-01	3.70e-03
 1.55613e+16	6.46e-01	3.50e-01	3.65e-03
 1.55650e+16	6.60e-01	3.36e-01	3.59e-03
 1.55687e+16	6.73e-01	3.23e-01	3.54e-03
 1.55724e+16	6.87e-01	3.10e-01	3.48e-03
 1.55762e+16	7.00e-01	2.97e-01	3.41e-03
 1.55799e+16	7.12e-01	2.84e-01	3.34e-03
 1.55837e+16	7.25e-01	2.72e-01	3.27e-03
 1.55875e+16	7.37e-01	2.60e-01	3.20e-03
 1.55913e+16	7.49e-01	2.48e-01	3.12e-03
 1.55951e+16	7.60e-01	2.37e-01	3.05e-03
 1.55990e+16	7.71e-01	2.26e-01	2.96e-03
 1.56030e+16	7.82e-01	2.15e-01	2.88e-03
 1.56071e+16	7.93e-01	2.04e-01	2.79e-03
 1.56113e+16	8.03e-01	1.94e-01	2.70e-03
 1.56156e+16	8.13e-01	1.84e-01	2.61e-03
 1.56194e+16	8.21e-01	1.76e-01	2.53e-03
 1.56225e+16	8.28e-01	1.70e-01	2.46e-03
 1.56254e+16	8.34e-01	1.64e-01	2.40e-03
 1.56285e+16	8.39e-01	1.58e-01	2.33e-03
 1.56318e+16	8.45e-01	1.52e-01	2.27e-03
 1.56350e+16	8.51e-01	1.47e-01	2.21e-03
 1.56382e+16	8.56e-01	1.42e-01	2.15e-03
 1.56414e+16	8.60e-01	1.38e-01	2.09e-03
 1.56446e+16	8.65e-01	1.33e-01	2.04e-03
 1.56478e+16	8.69e-01	1.29e-01	1.98e-03
 1.56510e+16	8.73e-01	1.25e-01	1.93e-03
 1.56543e+16	8.77e-01	1.22e-01	1.88e-03
 1.56576e+16	8.80e-01	1.18e-01	1.84e-03
 1.56611e+16	8.83e-01	1.15e-01	1.79e-03
 1.56647e+16	8.87e-01	1.12e-01	1.74e-03
 1.56684e+16	8.90e-01	1.09e-01	1.70e-03
 1.56722e+16	8.93e-01	1.06e-01	1.66e-03
 1.56763e+16	8.95e-01	1.03e-01	1.62e-03
 1.56805e+16	8.98e-01	1.00e-01	1.58e-03
 1.56848e+16	9.00e-01	9.81e-02	1.54e-03
 1.56895e+16	9.03e-01	9.57e-02	1.50e-03
 1.56945e+16	9.05e-01	9.35e-02	1.46e-03
 1.56998e+16	9.07e-01	9.14e-02	1.43e-03
 1.57055e+16	9.09e-01	8.95e-02	1.39e-03
 1.57117e+16	9.11e-01	8.76e-02	1.36e-03
 1.57185e+16	9.13e-01	8.58e-02	1.33e-03
 1.57260e+16	9.15e-01	8.41e-02	1.29e-03
 1.57342e+16	9.16e-01	8.25e-02	1.26e-03
 1.57435e+16	9.18e-01	8.10e-02	1.23e-03
 1.57538e+16	9.19e-01	7.96e-02	1.20e-03
 1.57654e+16	9.21e-01	7.82e-02	1.16e-03
 1.57783e+16	9.22e-01	7.68e-02	1.13e-03
 1.57929e+16	9.23e-01	7.55e-02	1.09e-03
 1.58093e+16	9.25e-01	7.41e-02	1.06e-03
 1.58277e+16	9.26e-01	7.28e-02	1.02e-03
 1.58481e+16	9.28e-01	7.13e-02	9.77e-04
 1.58701e+16	9.29e-01	6.98e-02	9.36e-04
 1.58944e+16	9.31e-01	6.83e-02	8.92e-04
 1.59223e+16	9.33e-01	6.65e-02	8.45e-04
 1.59543e+16	9.35e-01	6.46e-02	7.95e-04
 1.59879e+16	9.37e-01	6.27e-02	7.46e-04
 1.60199e+16	9.38e-01	6.10e-02	7.02e-04
 1.60498e+16	9.40e-01	5.94e-02	6.64e-04
 1.60775e+16	9.41e-01	5.79e-02	6.31e-04
 1.61027e+16	9.43e-01	5.67e-02	6.02e-04
 1.61257e+16	9.44e-01	5.55e-02	5.77e-04
 1.61465e+16	9.45e-01	5.45e-02	5.55e-04
 1.61655e+16	9.46e-01	5.36e-02	5.36e-04
 1.61828e+16	9.47e-01	5.27e-02	5.17e-04
 1.61986e+16	9.47e-01	5.20e-02	5.03e-04
 1.62158e+16	9.48e-01	5.12e-02	4.86e-04
 1.62382e+16	9.49e-01	5.01e-02	4.65e-04
 1.62624e+16	9.51e-01	4.91e-02	4.44e-04
 1.62844e+16	9.51e-01	4.81e-02	4.27e-04
 1.63045e+16	9.52e-01	4.72e-02	4.10e-04
 1.63227e+16	9.53e-01	4.64e-02	3.96e-04
 1.63393e+16	9.54e-01	4.57e-02	3.83e-04
 1.63544e+16	9.55e-01	4.51e-02	3.72e-04
 1.63709e+16	9.55e-01	4.44e-02	3.60e-04
 1.63888e+16	9.56e-01	4.36e-02	3.48e-04
 1.64050e+16	9.57e-01	4.29e-02	3.36e-04
 1.64198e+16	9.57e-01	4.23e-02	3.26e-04
 1.64333e+16	9.58e-01	4.18e-02	3.17e-04
 1.64480e+16	9.59e-01	4.11e-02	3.07e-04
 1.64640e+16	9.59e-01	4.05e-02	2.98e-04
 1.64785e+16	9.60e-01	3.99e-02	2.89e-04
 1.64916e+16	9.60e-01	3.94e-02	2.81e-04
 1.65036e+16	9.61e-01	3.89e-02	2.74e-04
 1.65168e+16	9.61e-01	3.84e-02	2.66e-04
 1.65310e+16	9.62e-01	3.79e-02	2.59e-04
 1.65439e+16	9.62e-01	3.74e-02	2.52e-04
 1.65557e+16	9.63e-01	3.69e-02	2.46e-04
 1.65685e+16	9.63e-01	3.64e-02	2.39e-04
 1.65824e+16	9.64e-01	3.59e-02	2.32e-04
 1.65951e+16	9.64e-01	3.54e-02	2.26e-04
 1.66066e+16	9.65e-01	3.50e-02	2.20e-04
 1.66192e+16	9.65e-01	3.45e-02	2.14e-04
 1.66329e+16	9.66e-01	3.41e-02	2.08e-04
 1.66453e+16	9.66e-01	3.36e-02	2.03e-04
 1.66565e+16	9.67e-01	3.32e-02	1.98e-04
 1.66689e+16	9.67e-01	3.28e-02	1.93e-04
 1.66822e+16	9.67e-01	3.24e-02	1.87e-04
 1.66944e+16	9.68e-01	3.20e-02	1.83e-04
 1.67054e+16	9.68e-01	3.16e-02	1.78e-04
 1.67176e+16	9.69e-01	3.12e-02	1.74e-04
 1.67306e+16	9.69e-01	3.08e-02	1.69e-04
 1.67425e+16	9.69e-01	3.04e-02	1.65e-04
 1.67556e+16	9.70e-01	3.00e-02	1.60e-04
 1.67696e+16	9.70e-01	2.95e-02	1.56e-04
 1.67824e+16	9.71e-01	2.92e-02	1.52e-04
 1.67941e+16	9.71e-01	2.88e-02	1.48e-04
 1.68069e+16	9.71e-01	2.84e-02	1.44e-04
 1.68207e+16	9.72e-01	2.80e-02	1.40e-04
 1.68332e+16	9.72e-01	2.77e-02	1.37e-04
 1.68470e+16	9.73e-01	2.73e-02	1.33e-04
 1.68618e+16	9.73e-01	2.69e-02	1.29e-04
 1.68753e+16	9.73e-01	2.66e-02	1.26e-04
 1.68901e+16	9.74e-01	2.62e-02	1.22e-04
 1.69061e+16	9.74e-01	2.58e-02	1.18e-04
 1.69206e+16	9.74e-01	2.54e-02	1.15e-04
 1.69339e+16	9.75e-01	2.51e-02	1.12e-04
 1.69484e+16	9.75e-01	2.47e-02	1.09e-04
 1.69640e+16	9.76e-01	2.44e-02	1.06e-04
 1.69783e+16	9.76e-01	2.40e-02	1.03e-04
 1.69939e+16	9.76e-01	2.37e-02	9.97e-05
 1.70107e+16	9.77e-01	2.33e-02	9.67e-05
 1.70261e+16	9.77e-01	2.30e-02	9.39e-05
 1.70400e+16	9.77e-01	2.27e-02	9.15e-05
 1.70553e+16	9.78e-01	2.23e-02	8.88e-05
 1.70718e+16	9.78e-01	2.20e-02	8.63e-05
 1.70868e+16	9.78e-01	2.17e-02	8.39e-05
 1.71033e+16	9.79e-01	2.14e-02	8.13e-05
 1.71211e+16	9.79e-01	2.10e-02	7.88e-05
 1.71372e+16	9.79e-01	2.07e-02	7.65e-05
 1.71550e+16	9.80e-01	2.04e-02	7.40e-05
 1.71741e+16	9.80e-01	2.00e-02	7.16e-05
 1.71915e+16	9.80e-01	1.97e-02	6.95e-05
 1.72073e+16	9.80e-01	1.95e-02	6.76e-05
 1.72247e+16	9.81e-01	1.91e-02	6.54e-05
 1.72434e+16	9.81e-01	1.88e-02	6.34e-05
 1.72605e+16	9.81e-01	1.86e-02	6.16e-05
 1.72792e+16	9.82e-01	1.83e-02	5.96e-05
 1.72994e+16	9.82e-01	1.79e-02	5.76e-05
 1.73177e+16	9.82e-01	1.77e-02	5.58e-05
 1.73379e+16	9.83e-01	1.74e-02	5.39e-05
 1.73596e+16	9.83e-01	1.70e-02	5.20e-05
 1.73793e+16	9.83e-01	1.68e-02	5.04e-05
 1.73973e+16	9.83e-01	1.65e-02	4.89e-05
 1.74170e+16	9.84e-01	1.62e-02	4.73e-05
 1.74383e+16	9.84e-01	1.60e-02	4.57e-05
 1.74577e+16	9.84e-01	1.57e-02	4.43e-05
 1.74789e+16	9.85e-01	1.54e-02	4.28e-05
 1.75018e+16	9.85e-01	1.52e-02	4.13e-05
 1.75227e+16	9.85e-01	1.49e-02	4.00e-05
 1.75455e+16	9.85e-01	1.46e-02	3.85e-05
 1.75702e+16	9.86e-01	1.44e-02	3.71e-05
 1.75926e+16	9.86e-01	1.41e-02	3.58e-05
 1.76172e+16	9.86e-01	1.38e-02	3.44e-05
 1.76437e+16	9.86e-01	1.36e-02	3.31e-05
 1.76679e+16	9.87e-01	1.33e-02	3.19e-05
 1.76944e+16	9.87e-01	1.30e-02	3.07e-05
 1.77229e+16	9.87e-01	1.28e-02	2.94e-05
 1.77490e+16	9.87e-01	1.25e-02	2.83e-05
 1.77726e+16	9.88e-01	1.23e-02	2.74e-05
 1.77986e+16	9.88e-01	1.21e-02	2.63e-05
 1.78266e+16	9.88e-01	1.18e-02	2.53e-05
 1.78520e+16	9.88e-01	1.16e-02	2.44e-05
 1.78800e+16	9.89e-01	1.14e-02	2.34e-05
 1.79101e+16	9.89e-01	1.12e-02	2.25e-05
 1.79375e+16	9.89e-01	1.09e-02	2.17e-05
 1.79676e+16	9.89e-01	1.07e-02	2.07e-05
 1.80000e+16	9.90e-01	1.05e-02	1.99e-05
 1.80295e+16	9.90e-01	1.03e-02	1.91e-05
 1.80619e+16	9.90e-01	1.00e-02	1.82e-05
 1.80968e+16	9.90e-01	9.80e-03	1.74e-05
 1.81286e+16	9.90e-01	9.60e-03	1.67e-05
 1.81635e+16	9.91e-01	9.37e-03	1.59e-05
 1.82011e+16	9.91e-01	9.14e-03	1.52e-05
 1.82353e+16	9.91e-01	8.94e-03	1.45e-05
 1.82728e+16	9.91e-01	8.72e-03	1.38e-05
 1.83133e+16	9.91e-01	8.50e-03	1.32e-05
 1.83501e+16	9.92e-01	8.31e-03	1.26e-05
 1.83905e+16	9.92e-01	8.09e-03	1.19e-05
 1.84340e+16	9.92e-01	7.88e-03	1.13e-05
 1.84737e+16	9.92e-01	7.69e-03	1.08e-05
 1.85172e+16	9.93e-01	7.48e-03	1.02e-05
 1.85641e+16	9.93e-01	7.27e-03	9.67e-06
 1.86068e+16	9.93e-01	7.09e-03	9.20e-06
 1.86535e+16	9.93e-01	6.89e-03	8.69e-06
 1.87040e+16	9.93e-01	6.69e-03	8.20e-06
 1.87594e+16	9.94e-01	6.47e-03	7.67e-06
 1.88275e+16	9.94e-01	6.21e-03	7.08e-06
 1.89012e+16	9.94e-01	5.95e-03	6.51e-06
 1.89753e+16	9.94e-01	5.71e-03	6.00e-06
 1.90511e+16	9.95e-01	5.47e-03	5.52e-06
 1.91303e+16	9.95e-01	5.24e-03	5.06e-06
 1.92126e+16	9.95e-01	5.01e-03	4.63e-06
 1.92977e+16	9.95e-01	4.78e-03	4.23e-06
 1.93858e+16	9.95e-01	4.57e-03	3.86e-06
 1.94767e+16	9.96e-01	4.35e-03	3.51e-06
 1.95698e+16	9.96e-01	4.15e-03	3.19e-06
 1.96643e+16	9.96e-01	3.95e-03	2.90e-06
 1.97605e+16	9.96e-01	3.77e-03	2.63e-06
 1.98584e+16	9.96e-01	3.59e-03	2.39e-06
 1.99581e+16	9.97e-01	3.41e-03	2.17e-06
 2.00597e+16	9.97e-01	3.25e-03	1.97e-06
 2.01630e+16	9.97e-01	3.09e-03	1.78e-06
 2.02668e+16	9.97e-01	2.94e-03	1.62e-06
 2.03719e+16	9.97e-01	2.80e-03	1.47e-06
 2.04809e+16	9.97e-01	2.66e-03	1.32e-06
 2.05926e+16	9.97e-01	2.53e-03	1.20e-06
 2.07059e+16	9.98e-01	2.40e-03	1.08e-06
 2.08210e+16	9.98e-01	2.27e-03	9.72e-07
 2.09385e+16	9.98e-01	2.16e-03	8.75e-07
 2.10581e+16	9.98e-01	2.05e-03	7.87e-07
 2.11799e+16	9.98e-01	1.94e-03	7.07e-07
 2.13041e+16	9.98e-01	1.83e-03	6.35e-07
 2.14308e+16	9.98e-01	1.74e-03	5.69e-07
 2.15600e+16	9.98e-01	1.64e-03	5.09e-07
 2.16919e+16	9.98e-01	1.55e-03	4.55e-07
 2.18265e+16	9.99e-01	1.47e-03	4.06e-07
 2.19639e+16	9.99e-01	1.38e-03	3.62e-07
 2.21042e+16	9.99e-01	1.30e-03	3.22e-07
 2.22476e+16	9.99e-01	1.23e-03	2.86e-07
 2.23941e+16	9.99e-01	1.16e-03	2.54e-07
 2.25440e+16	9.99e-01	1.09e-03	2.25e-07
 2.26975e+16	9.99e-01	1.02e-03	1.98e-07
 2.28546e+16	9.99e-01	9.58e-04	1.75e-07
 2.30157e+16	9.99e-01	8.98e-04	1.54e-07
 2.31809e+16	9.99e-01	8.41e-04	1.35e-07
 2.33506e+16	9.99e-01	7.86e-04	1.18e-07
 2.35249e+16	9.99e-01	7.34e-04	1.03e-07
 2.37042e+16	9.99e-01	6.84e-04	8.94e-08
 2.38887e+16	9.99e-01	6.37e-04	7.77e-08
 2.40749e+16	9.99e-01	5.93e-04	6.74e-08
 2.42661e+16	9.99e-01	5.51e-04	5.82e-08
 2.44691e+16	9.99e-01	5.10e-04	4.98e-08
 2.46813e+16	1.00e+00	4.70e-04	4.24e-08
 2.49003e+16	1.00e+00	4.33e-04	3.59e-08
 2.51271e+16	1.00e+00	3.97e-04	3.03e-08
 2.53637e+16	1.00e+00	3.63e-04	2.54e-08
 2.56115e+16	1.00e+00	3.31e-04	2.11e-08
 2.58715e+16	1.00e+00	3.01e-04	1.74e-08
 2.61456e+16	1.00e+00	2.72e-04	1.42e-08
 2.64354e+16	1.00e+00	2.44e-04	1.15e-08
 2.67423e+16	1.00e+00	2.18e-04	9.19e-09
 2.70712e+16	1.00e+00	1.94e-04	7.23e-09
 2.74255e+16	1.00e+00	1.70e-04	5.60e-09
 2.78066e+16	1.00e+00	1.49e-04	4.26e-09
 2.82213e+16	1.00e+00	1.28e-04	3.17e-09
 2.86788e+16	1.00e+00	1.09e-04	2.29e-09
 2.91905e+16	1.00e+00	9.08e-05	1.59e-09
 2.97868e+16	1.00e+00	7.36e-05	1.05e-09
 3.04793e+16	1.00e+00	5.80e-05	6.51e-10
 3.12191e+16	1.00e+00	4.52e-05	3.96e-10
 3.19523e+16	1.00e+00	3.55e-05	2.45e-10
 3.26702e+16	1.00e+00	2.81e-05	1.54e-10
 3.33919e+16	1.00e+00	2.23e-05	9.67e-11
 3.41286e+16	1.00e+00	1.76e-05	6.07e-11
 3.48807e+16	1.00e+00	1.39e-05	3.80e-11
 3.56444e+16	1.00e+00	1.10e-05	2.39e-11
 3.64211e+16	1.00e+00	8.73e-06	1.50e-11
 3.72139e+16	1.00e+00	6.90e-06	9.41e-12
 3.80205e+16	1.00e+00	5.47e-06	5.92e-12
 3.88469e+16	1.00e+00	4.33e-06	3.71e-12
 3.96979e+16	1.00e+00	3.41e-06	2.31e-12
 4.05670e+16	1.00e+00	2.69e-06	1.44e-12
 4.14529e+16	1.00e+00	2.12e-06	8.95e-13
 4.23631e+16	1.00e+00	1.67e-06	5.55e-13
 4.33022e+16	1.00e+00	1.31e-06	3.42e-13
 4.42704e+16	1.00e+00	1.02e-06	2.09e-13
 4.52705e+16	1.00e+00	7.96e-07	1.27e-13
 4.63088e+16	1.00e+00	6.18e-07	7.67e-14
 4.73910e+16	1.00e+00	4.77e-07	4.58e-14
 4.85255e+16	1.00e+00	3.65e-07	2.69e-14
 4.97227e+16	1.00e+00	2.77e-07	1.55e-14
 5.09966e+16	1.00e+00	2.08e-07	8.74e-15
 5.23697e+16	1.00e+00	1.54e-07	4.77e-15
 5.38669e+16	1.00e+00	1.11e-07	2.51e-15
 5.54328e+16	1.00e+00	8.03e-08	1.31e-15
 5.69988e+16	1.00e+00	5.85e-08	6.95e-16
 5.85647e+16	1.00e+00	4.29e-08	3.74e-16
 6.01306e+16	1.00e+00	3.18e-08	2.05e-16
 6.16965e+16	1.00e+00	2.36e-08	1.14e-16
 6.32624e+16	1.00e+00	1.77e-08	6.41e-17
 6.49945e+16	1.00e+00	1.29e-08	3.40e-17
 6.69715e+16	1.00e+00	9.13e-09	1.70e-17
 6.90098e+16	1.00e+00	6.46e-09	8.53e-18
 7.10089e+16	1.00e+00	4.65e-09	4.42e-18
 7.29878e+16	1.00e+00	3.39e-09	2.35e-18
 7.49729e+16	1.00e+00	2.48e-09	1.26e-18
 7.69597e+16	1.00e+00	1.83e-09	6.89e-19
 7.89318e+16	1.00e+00	1.37e-09	3.83e-19
 8.08764e+16	1.00e+00	1.03e-09	2.18e-19
 8.27851e+16	1.00e+00	7.85e-10	1.27e-19
 8.46513e+16	1.00e+00	6.06e-10	7.55e-20
 8.64699e+16	1.00e+00	4.72e-10	4.60e-20
 8.82347e+16	1.00e+00	3.73e-10	2.87e-20
 8.99402e+16	1.00e+00	2.98e-10	1.83e-20
 9.15824e+16	1.00e+00	2.41e-10	1.20e-20
 9.31587e+16	1.00e+00	1.97e-10	8.04e-21
 9.46691e+16	1.00e+00	1.63e-10	0.00e+00
 9.61133e+16	1.00e+00	1.36e-10	0.00e+00
 9.74913e+16	1.00e+00	1.15e-10	0.00e+00
 9.88039e+16	1.00e+00	9.84e-11	0.00e+00
 1.00053e+17	1.00e+00	8.48e-11	0.00e+00
 1.01240e+17	1.00e+00	7.37e-11	0.00e+00
 1.02369e+17	1.00e+00	6.46e-11	0.00e+00
 1.03440e+17	1.00e+00	5.71e-11	0.00e+00
 1.04457e+17	1.00e+00	5.08e-11	0.00e+00
 1.05423e+17	1.00e+00	4.56e-11	0.00e+00
 1.06339e+17	1.00e+00	4.11e-11	0.00e+00
 1.07208e+17	1.00e+00	3.73e-11	0.00e+00
 1.08032e+17	1.00e+00	3.40e-11	0.00e+00
 1.08815e+17	1.00e+00	3.12e-11	0.00e+00
 1.09557e+17	1.00e+00	2.88e-11	0.00e+00
 1.10262e+17	1.00e+00	2.67e-11	0.00e+00
 1.10932e+17	1.00e+00	2.49e-11	0.00e+00
 1.11567e+17	1.00e+00	2.32e-11	0.00e+00
 1.12170e+17	1.00e+00	2.17e-11	0.00e+00
 1.12743e+17	1.00e+00	2.05e-11	0.00e+00
 1.13288e+17	1.00e+00	1.93e-11	0.00e+00
 1.13806e+17	1.00e+00	1.83e-11	0.00e+00
 1.14299e+17	1.00e+00	1.74e-11	0.00e+00
 1.14767e+17	1.00e+00	1.66e-11	0.00e+00
 1.15214e+17	1.00e+00	1.58e-11	0.00e+00
 1.15639e+17	1.00e+00	1.51e-11	0.00e+00
 1.16044e+17	1.00e+00	1.45e-11	0.00e+00
 1.16430e+17	1.00e+00	1.40e-11	0.00e+00
 1.16799e+17	1.00e+00	1.34e-11	0.00e+00
 1.17151e+17	1.00e+00	1.30e-11	0.00e+00
 1.17487e+17	1.00e+00	1.25e-11	0.00e+00
 1.17809e+17	1.00e+00	1.21e-11	0.00e+00
 1.18118e+17	1.00e+00	1.18e-11	0.00e+00
 1.18413e+17	1.00e+00	1.14e-11	0.00e+00
 1.18697e+17	1.00e+00	1.11e-11	0.00e+00
 1.18970e+17	1.00e+00	1.08e-11	0.00e+00
 1.19232e+17	1.00e+00	1.05e-11	0.00e+00
 1.19485e+17	1.00e+00	1.03e-11	0.00e+00
 1.19730e+17	1.00e+00	1.00e-11	0.00e+00
 1.19966e+17	1.00e+00	9.81e-12	0.00e+00
 1.20196e+17	1.00e+00	9.59e-12	0.00e+00
 1.20419e+17	1.00e+00	9.38e-12	0.00e+00
 1.20637e+17	1.00e+00	9.18e-12	0.00e+00
 1.20850e+17	1.00e+00	9.00e-12	0.00e+00
 1.21059e+17	1.00e+00	8.82e-12	0.00e+00
 1.21265e+17	1.00e+00	8.64e-12	0.00e+00
 1.21469e+17	1.00e+00	8.48e-12	0.00e+00
 1.21672e+17	1.00e+00	8.31e-12	0.00e+00
 1.21875e+17	1.00e+00	8.15e-12	0.00e+00
 1.22079e+17	1.00e+00	7.99e-12	0.00e+00
 1.22287e+17	1.00e+00	7.83e-12	0.00e+00
 1.22500e+17	1.00e+00	7.67e-12	0.00e+00
 1.22719e+17	1.00e+00	7.52e-12	0.00e+00
 1.22948e+17	1.00e+00	7.35e-12	0.00e+00
 1.23191e+17	1.00e+00	7.19e-12	0.00e+00
 1.23451e+17	1.00e+00	7.01e-12	0.00e+00
 1.23736e+17	1.00e+00	6.82e-12	0.00e+00
 1.24053e+17	1.00e+00	6.62e-12	0.00e+00
 1.24414e+17	1.00e+00	6.40e-12	0.00e+00
 1.24838e+17	1.00e+00	6.14e-12	0.00e+00
 1.25350e+17	1.00e+00	5.85e-12	0.00e+00
 1.25995e+17	1.00e+00	5.51e-12	0.00e+00
 1.26827e+17	1.00e+00	5.09e-12	0.00e+00
 1.27908e+17	1.00e+00	4.60e-12	0.00e+00
 1.29315e+17	1.00e+00	4.05e-12	0.00e+00
 1.31143e+17	1.00e+00	3.44e-12	0.00e+00
 1.33519e+17	1.00e+00	2.80e-12	0.00e+00
 1.36609e+17	1.00e+00	2.16e-12	0.00e+00
 1.40395e+17	1.00e+00	1.60e-12	0.00e+00
 1.44573e+17	1.00e+00	1.18e-12	0.00e+00
 1.48892e+17	1.00e+00	8.90e-13	0.00e+00
 1.53314e+17	1.00e+00	6.90e-13	0.00e+00
 1.57843e+17	1.00e+00	5.50e-13	0.00e+00
 1.63101e+17	1.00e+00	4.41e-13	0.00e+00
 1.69395e+17	1.00e+00	3.35e-13	0.00e+00
 1.76170e+17	1.00e+00	2.60e-13	0.00e+00
 1.83217e+17	1.00e+00	2.14e-13	0.00e+00
 1.90546e+17	1.00e+00	1.81e-13	0.00e+00
 1.98168e+17	1.00e+00	1.55e-13	0.00e+00
 2.06095e+17	1.00e+00	1.33e-13	0.00e+00
 2.14338e+17	1.00e+00	1.15e-13	0.00e+00
 2.22684e+17	1.00e+00	9.80e-14	0.00e+00
 2.30545e+17	1.00e+00	8.68e-14	0.00e+00
 2.37540e+17	1.00e+00	8.25e-14	0.00e+00
 2.43816e+17	1.00e+00	7.99e-14	0.00e+00
 2.49709e+17	1.00e+00	7.58e-14	0.00e+00
 2.55391e+17	1.00e+00	6.96e-14	0.00e+00
 2.60641e+17	1.00e+00	6.29e-14	0.00e+00
 2.64769e+17	1.00e+00	5.83e-14	0.00e+00
 2.67329e+17	1.00e+00	5.78e-14	0.00e+00
 2.68716e+17	1.00e+00	5.86e-14	0.00e+00
 2.69505e+17	1.00e+00	5.92e-14	0.00e+00
 2.69979e+17	1.00e+00	5.95e-14	0.00e+00
 2.70294e+17	1.00e+00	5.97e-14	0.00e+00
 2.70585e+17	1.00e+00	5.97e-14	0.00e+00
 2.70913e+17	1.00e+00	5.98e-14	0.00e+00
 2.71266e+17	1.00e+00	5.98e-14	0.00e+00
 2.71570e+17	1.00e+00	5.97e-14	0.00e+00
 2.71816e+17	1.00e+00	5.97e-14	0.00e+00
 2.72062e+17	1.00e+00	5.96e-14	0.00e+00
 2.72316e+17	1.00e+00	5.95e-14	0.00e+00
 2.72562e+17	1.00e+00	5.93e-14	0.00e+00
 2.72782e+17	1.00e+00	5.92e-14	0.00e+00
 2.72977e+17	1.00e+00	5.90e-14	0.00e+00
 2.73164e+17	1.00e+00	5.89e-14	0.00e+00
 2.73351e+17	1.00e+00	5.88e-14	0.00e+00
 2.73535e+17	1.00e+00	5.86e-14	0.00e+00
 2.73710e+17	1.00e+00	5.84e-14	0.00e+00
 2.73865e+17	1.00e+00	5.83e-14	0.00e+00
 2.74007e+17	1.00e+00	5.81e-14	0.00e+00
 2.74154e+17	1.00e+00	5.80e-14	0.00e+00
 2.74303e+17	1.00e+00	5.78e-14	0.00e+00
 2.74442e+17	1.00e+00	5.76e-14	0.00e+00
 2.74571e+17	1.00e+00	5.75e-14	0.00e+00
 2.74696e+17	1.00e+00	5.73e-14	0.00e+00
 2.74817e+17	1.00e+00	5.71e-14	0.00e+00
 2.74937e+17	1.00e+00	5.70e-14	0.00e+00
 2.75057e+17	1.00e+00	5.68e-14	0.00e+00
 2.75177e+17	1.00e+00	5.66e-14	0.00e+00
 2.75290e+17	1.00e+00	5.65e-14	0.00e+00
 2.75398e+17	1.00e+00	5.63e-14	0.00e+00
 2.75509e+17	1.00e+00	5.62e-14	0.00e+00
 2.75624e+17	1.00e+00	5.60e-14	0.00e+00
 2.75736e+17	1.00e+00	5.58e-14	0.00e+00
 2.75842e+17	1.00e+00	5.56e-14	0.00e+00
 2.75951e+17	1.00e+00	5.54e-14	0.00e+00
 2.76064e+17	1.00e+00	5.52e-14	0.00e+00
 2.76173e+17	1.00e+00	5.50e-14	0.00e+00
 2.76279e+17	1.00e+00	5.48e-14	0.00e+00
 2.76391e+17	1.00e+00	5.46e-14	0.00e+00
 2.76507e+17	1.00e+00	5.44e-14	0.00e+00
 2.76622e+17	1.00e+00	5.41e-14	0.00e+00
 2.76733e+17	1.00e+00	5.39e-14	0.00e+00
 2.76849e+17	1.00e+00	5.37e-14	0.00e+00
 2.76972e+17	1.00e+00	5.34e-14	0.00e+00
 2.77097e+17	1.00e+00	5.32e-14	0.00e+00
 2.77222e+17	1.00e+00	5.29e-14	0.00e+00
 2.77349e+17	1.00e+00	5.26e-14	0.00e+00
 2.77481e+17	1.00e+00	5.23e-14	0.00e+00
 2.77611e+17	1.00e+00	5.21e-14	0.00e+00
 2.77747e+17	1.00e+00	5.18e-14	0.00e+00
 2.77898e+17	1.00e+00	5.14e-14	0.00e+00
 2.78046e+17	1.00e+00	5.11e-14	0.00e+00
 2.78183e+17	1.00e+00	5.08e-14	0.00e+00
 2.78323e+17	1.00e+00	5.04e-14	0.00e+00
 2.78478e+17	1.00e+00	5.01e-14	0.00e+00
 2.78644e+17	1.00e+00	4.97e-14	0.00e+00
 2.78814e+17	1.00e+00	4.93e-14	0.00e+00
 2.78976e+17	1.00e+00	4.89e-14	0.00e+00
 2.79130e+17	1.00e+00	4.85e-14	0.00e+00
 2.79299e+17	1.00e+00	4.81e-14	0.00e+00
 2.79491e+17	1.00e+00	4.77e-14	0.00e+00
 2.79693e+17	1.00e+00	4.71e-14	0.00e+00
 2.79890e+17	1.00e+00	4.66e-14	0.00e+00
 2.80079e+17	1.00e+00	4.61e-14	0.00e+00
 2.80268e+17	1.00e+00	4.57e-14	0.00e+00
 2.80468e+17	1.00e+00	4.52e-14	0.00e+00
 2.80686e+17	1.00e+00	4.46e-14	0.00e+00
 2.80915e+17	1.00e+00	4.40e-14	0.00e+00
 2.81146e+17	1.00e+00	4.34e-14	0.00e+00
 2.81363e+17	1.00e+00	4.29e-14	0.00e+00
 2.81595e+17	1.00e+00	4.23e-14	0.00e+00
 2.81864e+17	1.00e+00	4.16e-14	0.00e+00
 2.82125e+17	1.00e+00	4.09e-14	0.00e+00
 2.82374e+17	1.00e+00	4.03e-14	0.00e+00
 2.82637e+17	1.00e+00	3.96e-14	0.00e+00
 2.82925e+17	1.00e+00	3.89e-14	0.00e+00
 2.83217e+17	1.00e+00	3.81e-14	0.00e+00
 2.83506e+17	1.00e+00	3.74e-14	0.00e+00
 2.83799e+17	1.00e+00	3.66e-14	0.00e+00
 2.84099e+17	1.00e+00	3.59e-14	0.00e+00
 2.84412e+17	1.00e+00	3.51e-14	0.00e+00
 2.84742e+17	1.00e+00	3.42e-14	0.00e+00
 2.85081e+17	1.00e+00	3.34e-14	0.00e+00
 2.85416e+17	1.00e+00	3.25e-14	0.00e+00
 2.85752e+17	1.00e+00	3.17e-14	0.00e+00
 2.86107e+17	1.00e+00	3.09e-14	0.00e+00
 2.86484e+17	1.00e+00	3.00e-14	0.00e+00
 2.86867e+17	1.00e+00	2.90e-14	0.00e+00
 2.87246e+17	1.00e+00	2.81e-14	0.00e+00
 2.87624e+17	1.00e+00	2.72e-14	0.00e+00
 2.88021e+17	1.00e+00	2.63e-14	0.00e+00
 2.88438e+17	1.00e+00	2.54e-14	0.00e+00
 2.88868e+17	1.00e+00	2.45e-14	0.00e+00
 2.89305e+17	1.00e+00	2.35e-14	0.00e+00
 2.89746e+17	1.00e+00	2.26e-14	0.00e+00
 2.90192e+17	1.00e+00	2.17e-14	0.00e+00
 2.90662e+17	1.00e+00	2.07e-14	0.00e+00
 2.91151e+17	1.00e+00	1.98e-14	0.00e+00
 2.91648e+17	1.00e+00	1.88e-14	0.00e+00
 2.92152e+17	1.00e+00	1.78e-14	0.00e+00
 2.92649e+17	1.00e+00	1.69e-14	0.00e+00
 2.93165e+17	1.00e+00	1.61e-14	0.00e+00
 2.93717e+17	1.00e+00	1.52e-14	0.00e+00
 2.94305e+17	1.00e+00	1.42e-14	0.00e+00
 2.94909e+17	1.00e+00	1.33e-14	0.00e+00
 2.95510e+17	1.00e+00	1.24e-14	0.00e+00
 2.96116e+17	1.00e+00	1.16e-14	0.00e+00
 2.96753e+17	1.00e+00	1.08e-14	0.00e+00
 2.97392e+17	1.00e+00	9.96e-15	0.00e+00
 2.97969e+17	1.00e+00	9.23e-15	0.00e+00
 2.98461e+17	1.00e+00	8.64e-15	0.00e+00
 2.98900e+17	1.00e+00	8.16e-15	0.00e+00
 2.99326e+17	1.00e+00	7.73e-15	0.00e+00
 2.99755e+17	1.00e+00	7.31e-15	0.00e+00
 3.00174e+17	1.00e+00	6.91e-15	0.00e+00
 3.00568e+17	1.00e+00	6.54e-15	0.00e+00
 3.00935e+17	1.00e+00	6.20e-15	0.00e+00
 3.01281e+17	1.00e+00	5.91e-15	0.00e+00
 3.01617e+17	1.00e+00	5.63e-15	0.00e+00
 3.01946e+17	1.00e+00	5.37e-15	0.00e+00
 3.02262e+17	1.00e+00	5.12e-15	0.00e+00
 3.02563e+17	1.00e+00	4.88e-15	0.00e+00
 3.02850e+17	1.00e+00	4.67e-15	0.00e+00
 3.03125e+17	1.00e+00	4.47e-15	0.00e+00
 3.03391e+17	1.00e+00	4.27e-15	0.00e+00
 3.03649e+17	1.00e+00	4.11e-15	0.00e+00
 3.03897e+17	1.00e+00	3.93e-15	0.00e+00
 3.04133e+17	1.00e+00	3.77e-15	0.00e+00
 3.04360e+17	1.00e+00	3.63e-15	0.00e+00
 3.04581e+17	1.00e+00	3.50e-15	0.00e+00
 3.04796e+17	1.00e+00	3.37e-15	0.00e+00
 3.05007e+17	1.00e+00	3.25e-15	0.00e+00
 3.05211e+17	1.00e+00	3.13e-15	0.00e+00
 3.05408e+17	1.00e+00	3.02e-15	0.00e+00
 3.05599e+17	1.00e+00	2.91e-15	0.00e+00
 3.05784e+17	1.00e+00	2.81e-15	0.00e+00
 3.05966e+17	1.00e+00	2.72e-15	0.00e+00
 3.06145e+17	1.00e+00	2.63e-15	0.00e+00
 3.06321e+17	1.00e+00	2.55e-15	0.00e+00
 3.06521e+17	1.00e+00	2.46e-15	0.00e+00
 3.06781e+17	1.00e+00	2.36e-15	0.00e+00
 3.07120e+17	1.00e+00	2.23e-15	0.00e+00
 3.07559e+17	1.00e+00	2.07e-15	0.00e+00
 3.08131e+17	1.00e+00	1.88e-15	0.00e+00
 3.08874e+17	1.00e+00	1.65e-15	0.00e+00
 3.09706e+17	1.00e+00	1.40e-15	0.00e+00
 3.10446e+17	1.00e+00	1.19e-15	0.00e+00
 3.11033e+17	1.00e+00	1.04e-15	0.00e+00
 3.11536e+17	1.00e+00	9.35e-16	0.00e+00
 3.12049e+17	1.00e+00	8.47e-16	0.00e+00
 3.12623e+17	1.00e+00	7.58e-16	0.00e+00
 3.13233e+17	1.00e+00	6.69e-16	0.00e+00
 3.13827e+17	1.00e+00	5.90e-16	0.00e+00
 3.14386e+17	1.00e+00	5.24e-16	0.00e+00
 3.14935e+17	1.00e+00	4.69e-16	0.00e+00
 3.15508e+17	1.00e+00	4.18e-16	0.00e+00
 3.16120e+17	1.00e+00	3.70e-16	0.00e+00
 3.16762e+17	1.00e+00	3.25e-16	0.00e+00
 3.17423e+17	1.00e+00	2.84e-16	0.00e+00
 3.18109e+17	1.00e+00	2.48e-16	0.00e+00
 3.18847e+17	1.00e+00	2.14e-16	0.00e+00
 3.19674e+17	1.00e+00	1.83e-16	0.00e+00
 3.20630e+17	1.00e+00	1.53e-16	0.00e+00
 3.21773e+17	1.00e+00	1.24e-16	0.00e+00
 3.23217e+17	1.00e+00	9.56e-17	0.00e+00
 3.25094e+17	1.00e+00	6.87e-17	0.00e+00
 3.27534e+17	1.00e+00	4.49e-17	0.00e+00
 3.30705e+17	1.00e+00	2.61e-17	0.00e+00
 3.34829e+17	1.00e+00	1.32e-17	0.00e+00
 3.40189e+17	1.00e+00	5.58e-18	0.00e+00
 3.47158e+17	1.00e+00	2.10e-18	0.00e+00
 3.56216e+17	1.00e+00	7.05e-19	0.00e+00
 3.67993e+17	1.00e+00	2.40e-19	0.00e+00
 3.82142e+17	1.00e+00	8.05e-20	0.00e+00
 3.97109e+17	1.00e+00	2.85e-20	0.00e+00
 4.10974e+17	1.00e+00	1.16e-20	0.00e+00
 4.22647e+17	1.00e+00	5.64e-21	0.00e+00
 4.32709e+17	1.00e+00	3.09e-21	0.00e+00
 4.43702e+17	1.00e+00	1.61e-21	0.00e+00
 4.55646e+17	1.00e+00	8.07e-22	0.00e+00
 4.65536e+17	1.00e+00	4.62e-22	0.00e+00
 4.72921e+17	1.00e+00	3.07e-22	0.00e+00
 4.80339e+17	1.00e+00	2.01e-22	0.00e+00
 4.89329e+17	1.00e+00	1.22e-22	0.00e+00
 4.98088e+17	1.00e+00	7.59e-23	0.00e+00
 5.05201e+17	1.00e+00	5.21e-23	0.00e+00
 5.11196e+17	1.00e+00	3.81e-23	0.00e+00
 5.17735e+17	1.00e+00	2.72e-23	0.00e+00
