#depth	C	C+	C+2	C+3	C+4	C+5	C+6	C[1]	C[2]	C[3]	C+[1]	C+[2]	CO
 1.49634e+10	0.00e+00	2.63e-31	8.52e-22	6.28e-13	2.43e-03	8.00e-01	1.98e-01	0.00e+00	0.00e+00	0.00e+00	0.00e+00	0.00e+00	0.00e+00
 4.54887e+10	1.58e-41	3.72e-31	1.11e-21	7.56e-13	2.69e-03	8.12e-01	1.85e-01	0.00e+00	0.00e+00	0.00e+00	0.00e+00	0.00e+00	8.95e-134
 7.72350e+10	0.00e+00	5.26e-31	1.45e-21	9.08e-13	2.98e-03	8.24e-01	1.73e-01	0.00e+00	0.00e+00	0.00e+00	0.00e+00	0.00e+00	4.53e-228
 1.10251e+11	3.71e-41	7.43e-31	1.89e-21	1.09e-12	3.30e-03	8.35e-01	1.62e-01	0.00e+00	0.00e+00	0.00e+00	0.00e+00	0.00e+00	8.87e-133
 1.44588e+11	0.00e+00	1.05e-30	2.47e-21	1.31e-12	3.66e-03	8.46e-01	1.51e-01	0.00e+00	0.00e+00	0.00e+00	0.00e+00	0.00e+00	0.00e+00
 1.80298e+11	8.76e-41	1.49e-30	3.22e-21	1.58e-12	4.05e-03	8.55e-01	1.41e-01	0.00e+00	0.00e+00	0.00e+00	0.00e+00	0.00e+00	8.85e-132
 2.17437e+11	0.00e+00	2.11e-30	4.19e-21	1.89e-12	4.48e-03	8.65e-01	1.31e-01	0.00e+00	0.00e+00	0.00e+00	0.00e+00	0.00e+00	0.00e+00
 2.56061e+11	2.07e-40	2.99e-30	5.47e-21	2.27e-12	4.95e-03	8.73e-01	1.22e-01	0.00e+00	0.00e+00	0.00e+00	0.00e+00	0.00e+00	8.88e-131
 2.92492e+11	0.00e+00	4.10e-30	6.97e-21	2.69e-12	5.42e-03	8.81e-01	1.14e-01	0.00e+00	0.00e+00	0.00e+00	0.00e+00	0.00e+00	0.00e+00
 3.25247e+11	4.30e-40	5.39e-30	8.60e-21	3.10e-12	5.87e-03	8.87e-01	1.08e-01	0.00e+00	0.00e+00	0.00e+00	0.00e+00	0.00e+00	6.32e-130
 3.62082e+11	0.00e+00	7.29e-30	1.08e-20	3.64e-12	6.40e-03	8.93e-01	1.01e-01	0.00e+00	0.00e+00	0.00e+00	0.00e+00	0.00e+00	0.00e+00
 4.05523e+11	9.54e-40	1.03e-29	1.41e-20	4.35e-12	7.06e-03	8.99e-01	9.36e-02	0.00e+00	0.00e+00	0.00e+00	0.00e+00	0.00e+00	5.35e-129
 4.48887e+11	0.00e+00	1.43e-29	1.81e-20	5.18e-12	7.75e-03	9.05e-01	8.71e-02	0.00e+00	0.00e+00	0.00e+00	0.00e+00	0.00e+00	0.00e+00
 4.89840e+11	2.08e-39	1.93e-29	2.28e-20	6.06e-12	8.44e-03	9.10e-01	8.15e-02	0.00e+00	0.00e+00	0.00e+00	0.00e+00	0.00e+00	4.32e-128
 5.35217e+11	0.00e+00	2.67e-29	2.92e-20	7.18e-12	9.25e-03	9.15e-01	7.58e-02	0.00e+00	0.00e+00	0.00e+00	0.00e+00	0.00e+00	0.00e+00
 5.86552e+11	4.81e-39	3.80e-29	3.82e-20	8.63e-12	1.02e-02	9.20e-01	7.01e-02	0.00e+00	0.00e+00	0.00e+00	0.00e+00	0.00e+00	4.06e-127
 6.38003e+11	0.00e+00	5.35e-29	4.96e-20	1.03e-11	1.13e-02	9.24e-01	6.49e-02	0.00e+00	0.00e+00	0.00e+00	0.00e+00	0.00e+00	0.00e+00
 6.91512e+11	1.12e-38	7.53e-29	6.44e-20	1.23e-11	1.24e-02	9.28e-01	6.00e-02	0.00e+00	0.00e+00	0.00e+00	0.00e+00	0.00e+00	3.91e-126
 7.49099e+11	0.00e+00	1.08e-28	8.46e-20	1.49e-11	1.37e-02	9.31e-01	5.53e-02	0.00e+00	0.00e+00	0.00e+00	0.00e+00	0.00e+00	0.00e+00
 8.03169e+11	2.59e-38	1.48e-28	1.08e-19	1.76e-11	1.50e-02	9.34e-01	5.14e-02	0.00e+00	0.00e+00	0.00e+00	0.00e+00	0.00e+00	3.67e-125
 8.51521e+11	0.00e+00	1.96e-28	1.34e-19	2.03e-11	1.62e-02	9.36e-01	4.81e-02	0.00e+00	0.00e+00	0.00e+00	0.00e+00	0.00e+00	0.00e+00
 9.05894e+11	5.36e-38	2.67e-28	1.69e-19	2.39e-11	1.76e-02	9.38e-01	4.48e-02	0.00e+00	0.00e+00	0.00e+00	0.00e+00	0.00e+00	2.53e-124
 9.70322e+11	0.00e+00	3.78e-28	2.21e-19	2.86e-11	1.94e-02	9.39e-01	4.13e-02	0.00e+00	0.00e+00	0.00e+00	0.00e+00	0.00e+00	0.00e+00
 1.03472e+12	1.25e-37	5.30e-28	2.86e-19	3.42e-11	2.13e-02	9.41e-01	3.81e-02	0.00e+00	0.00e+00	0.00e+00	0.00e+00	0.00e+00	2.44e-123
 1.09494e+12	0.00e+00	7.20e-28	3.61e-19	4.01e-11	2.31e-02	9.41e-01	3.54e-02	0.00e+00	0.00e+00	0.00e+00	0.00e+00	0.00e+00	0.00e+00
 1.16191e+12	2.74e-37	9.97e-28	4.63e-19	4.74e-11	2.53e-02	9.42e-01	3.27e-02	0.00e+00	0.00e+00	0.00e+00	0.00e+00	0.00e+00	1.96e-122
 1.23831e+12	0.00e+00	1.44e-27	6.12e-19	5.74e-11	2.79e-02	9.42e-01	2.99e-02	0.00e+00	0.00e+00	0.00e+00	0.00e+00	0.00e+00	0.00e+00
 1.31333e+12	6.60e-37	2.03e-27	7.96e-19	6.86e-11	3.07e-02	9.42e-01	2.75e-02	0.00e+00	0.00e+00	0.00e+00	0.00e+00	0.00e+00	2.01e-121
 1.39134e+12	0.00e+00	2.86e-27	1.04e-18	8.20e-11	3.36e-02	9.41e-01	2.53e-02	0.00e+00	0.00e+00	0.00e+00	0.00e+00	0.00e+00	0.00e+00
 1.47692e+12	1.59e-36	4.12e-27	1.37e-18	9.91e-11	3.71e-02	9.40e-01	2.31e-02	0.00e+00	0.00e+00	0.00e+00	0.00e+00	0.00e+00	2.07e-120
 1.56299e+12	0.00e+00	5.87e-27	1.79e-18	1.19e-10	4.08e-02	9.38e-01	2.11e-02	0.00e+00	0.00e+00	0.00e+00	0.00e+00	0.00e+00	0.00e+00
 1.65250e+12	3.81e-36	8.37e-27	2.35e-18	1.43e-10	4.48e-02	9.36e-01	1.93e-02	0.00e+00	0.00e+00	0.00e+00	0.00e+00	0.00e+00	2.11e-119
 1.74853e+12	0.00e+00	1.21e-26	3.12e-18	1.73e-10	4.94e-02	9.33e-01	1.76e-02	0.00e+00	0.00e+00	0.00e+00	0.00e+00	0.00e+00	0.00e+00
 1.84382e+12	9.26e-36	1.72e-26	4.08e-18	2.08e-10	5.42e-02	9.30e-01	1.60e-02	0.00e+00	0.00e+00	0.00e+00	0.00e+00	0.00e+00	2.21e-118
 1.94291e+12	0.00e+00	2.44e-26	5.33e-18	2.49e-10	5.94e-02	9.26e-01	1.46e-02	0.00e+00	0.00e+00	0.00e+00	0.00e+00	0.00e+00	0.00e+00
 2.05056e+12	2.25e-35	3.52e-26	7.07e-18	3.01e-10	6.54e-02	9.21e-01	1.33e-02	0.00e+00	0.00e+00	0.00e+00	0.00e+00	0.00e+00	2.31e-117
 2.16251e+12	0.00e+00	5.08e-26	9.37e-18	3.64e-10	7.19e-02	9.16e-01	1.20e-02	0.00e+00	0.00e+00	0.00e+00	0.00e+00	0.00e+00	0.00e+00
 2.27893e+12	5.59e-35	7.34e-26	1.24e-17	4.41e-10	7.91e-02	9.10e-01	1.09e-02	0.00e+00	0.00e+00	0.00e+00	0.00e+00	0.00e+00	2.55e-116
 2.40002e+12	8.79e-35	1.06e-25	1.65e-17	5.33e-10	8.68e-02	9.03e-01	9.84e-03	0.00e+00	0.00e+00	0.00e+00	0.00e+00	0.00e+00	0.00e+00
 2.52595e+12	1.38e-34	1.53e-25	2.18e-17	6.44e-10	9.53e-02	8.96e-01	8.88e-03	0.00e+00	0.00e+00	0.00e+00	0.00e+00	0.00e+00	2.79e-115
 2.64010e+12	2.05e-34	2.10e-25	2.79e-17	7.60e-10	1.03e-01	8.89e-01	8.11e-03	0.00e+00	0.00e+00	0.00e+00	0.00e+00	0.00e+00	1.23e-97
 2.73566e+12	2.82e-34	2.72e-25	3.40e-17	8.69e-10	1.10e-01	8.82e-01	7.53e-03	0.00e+00	0.00e+00	0.00e+00	0.00e+00	0.00e+00	0.00e+00
 2.84053e+12	3.96e-34	3.58e-25	4.20e-17	1.00e-09	1.18e-01	8.75e-01	6.95e-03	0.00e+00	0.00e+00	0.00e+00	0.00e+00	0.00e+00	4.51e-114
 2.97276e+12	5.98e-34	5.00e-25	5.44e-17	1.19e-09	1.28e-01	8.66e-01	6.30e-03	0.00e+00	0.00e+00	0.00e+00	0.00e+00	0.00e+00	1.34e-96
 3.11040e+12	9.03e-34	6.99e-25	7.04e-17	1.42e-09	1.39e-01	8.55e-01	5.70e-03	0.00e+00	0.00e+00	0.00e+00	0.00e+00	0.00e+00	8.89e-283
 3.22838e+12	1.27e-33	9.21e-25	8.70e-17	1.63e-09	1.49e-01	8.46e-01	5.24e-03	0.00e+00	0.00e+00	0.00e+00	0.00e+00	0.00e+00	9.87e-113
 3.35099e+12	1.78e-33	1.21e-24	1.08e-16	1.88e-09	1.59e-01	8.36e-01	4.81e-03	0.00e+00	0.00e+00	0.00e+00	0.00e+00	0.00e+00	1.53e-95
 3.50366e+12	2.68e-33	1.69e-24	1.39e-16	2.23e-09	1.72e-01	8.24e-01	4.33e-03	0.00e+00	0.00e+00	0.00e+00	0.00e+00	0.00e+00	0.00e+00
 3.65828e+12	3.97e-33	2.33e-24	1.78e-16	2.63e-09	1.86e-01	8.10e-01	3.91e-03	0.00e+00	0.00e+00	0.00e+00	0.00e+00	0.00e+00	2.07e-111
 3.79305e+12	5.53e-33	3.04e-24	2.19e-16	3.02e-09	1.98e-01	7.99e-01	3.58e-03	0.00e+00	0.00e+00	0.00e+00	0.00e+00	0.00e+00	1.91e-94
 3.93911e+12	7.79e-33	4.02e-24	2.71e-16	3.49e-09	2.11e-01	7.86e-01	3.26e-03	0.00e+00	0.00e+00	0.00e+00	0.00e+00	0.00e+00	1.26e-110
 4.11706e+12	1.16e-32	5.56e-24	3.49e-16	4.12e-09	2.27e-01	7.70e-01	2.92e-03	0.00e+00	0.00e+00	0.00e+00	0.00e+00	0.00e+00	1.01e-93
 4.29822e+12	1.72e-32	7.64e-24	4.46e-16	4.85e-09	2.44e-01	7.54e-01	2.62e-03	0.00e+00	0.00e+00	0.00e+00	0.00e+00	0.00e+00	1.07e-109
 4.46437e+12	2.42e-32	1.01e-23	5.52e-16	5.59e-09	2.59e-01	7.39e-01	2.37e-03	0.00e+00	0.00e+00	0.00e+00	0.00e+00	0.00e+00	5.22e-93
 4.64928e+12	3.48e-32	1.35e-23	6.93e-16	6.49e-09	2.76e-01	7.22e-01	2.13e-03	0.00e+00	0.00e+00	0.00e+00	0.00e+00	0.00e+00	7.29e-109
 4.86384e+12	5.21e-32	1.88e-23	8.92e-16	7.66e-09	2.96e-01	7.02e-01	1.89e-03	0.00e+00	0.00e+00	0.00e+00	0.00e+00	0.00e+00	2.95e-92
 5.07562e+12	7.61e-32	2.55e-23	1.13e-15	8.93e-09	3.16e-01	6.83e-01	1.68e-03	0.00e+00	0.00e+00	0.00e+00	0.00e+00	0.00e+00	6.22e-108
 5.27836e+12	1.08e-31	3.37e-23	1.40e-15	1.03e-08	3.34e-01	6.64e-01	1.51e-03	0.00e+00	0.00e+00	0.00e+00	0.00e+00	0.00e+00	1.53e-91
 5.50190e+12	1.55e-31	4.52e-23	1.75e-15	1.19e-08	3.54e-01	6.45e-01	1.34e-03	0.00e+00	0.00e+00	0.00e+00	0.00e+00	0.00e+00	4.45e-107
 5.75190e+12	2.28e-31	6.18e-23	2.23e-15	1.39e-08	3.76e-01	6.23e-01	1.18e-03	0.00e+00	0.00e+00	0.00e+00	0.00e+00	0.00e+00	8.59e-91
 5.97912e+12	3.19e-31	8.11e-23	2.74e-15	1.59e-08	3.96e-01	6.03e-01	1.06e-03	0.00e+00	0.00e+00	0.00e+00	0.00e+00	0.00e+00	3.38e-106
 6.17025e+12	4.18e-31	1.01e-22	3.24e-15	1.77e-08	4.12e-01	5.87e-01	9.63e-04	0.00e+00	0.00e+00	0.00e+00	0.00e+00	0.00e+00	3.50e-90
 6.38037e+12	5.57e-31	1.27e-22	3.86e-15	1.98e-08	4.30e-01	5.70e-01	8.72e-04	0.00e+00	0.00e+00	0.00e+00	0.00e+00	0.00e+00	1.64e-105
 6.61755e+12	7.61e-31	1.63e-22	4.68e-15	2.23e-08	4.49e-01	5.50e-01	7.81e-04	0.00e+00	0.00e+00	0.00e+00	0.00e+00	0.00e+00	1.41e-89
 6.84461e+12	1.01e-30	2.05e-22	5.57e-15	2.49e-08	4.67e-01	5.33e-01	7.05e-04	0.00e+00	0.00e+00	0.00e+00	0.00e+00	0.00e+00	9.07e-105
 7.09450e+12	1.37e-30	2.62e-22	6.69e-15	2.80e-08	4.86e-01	5.14e-01	6.31e-04	0.00e+00	0.00e+00	0.00e+00	0.00e+00	0.00e+00	5.66e-89
 7.37207e+12	1.89e-30	3.39e-22	8.14e-15	3.17e-08	5.06e-01	4.93e-01	5.60e-04	0.00e+00	0.00e+00	0.00e+00	0.00e+00	0.00e+00	5.51e-104
 7.63218e+12	2.53e-30	4.27e-22	9.69e-15	3.53e-08	5.24e-01	4.75e-01	5.01e-04	0.00e+00	0.00e+00	0.00e+00	0.00e+00	0.00e+00	2.42e-88
 7.91687e+12	3.43e-30	5.45e-22	1.16e-14	3.95e-08	5.44e-01	4.56e-01	4.46e-04	0.00e+00	0.00e+00	0.00e+00	0.00e+00	0.00e+00	3.12e-103
 8.23702e+12	4.77e-30	7.07e-22	1.42e-14	4.46e-08	5.64e-01	4.35e-01	3.92e-04	0.00e+00	0.00e+00	0.00e+00	0.00e+00	0.00e+00	1.11e-87
 8.54283e+12	6.43e-30	8.98e-22	1.69e-14	4.98e-08	5.83e-01	4.16e-01	3.48e-04	0.00e+00	0.00e+00	0.00e+00	0.00e+00	0.00e+00	1.98e-102
 8.87814e+12	8.82e-30	1.15e-21	2.04e-14	5.58e-08	6.03e-01	3.97e-01	3.06e-04	0.00e+00	0.00e+00	0.00e+00	0.00e+00	0.00e+00	4.91e-87
 9.23354e+12	1.21e-29	1.49e-21	2.46e-14	6.26e-08	6.22e-01	3.77e-01	2.68e-04	0.00e+00	0.00e+00	0.00e+00	0.00e+00	0.00e+00	1.31e-101
 9.54451e+12	1.59e-29	1.84e-21	2.89e-14	6.89e-08	6.39e-01	3.61e-01	2.40e-04	0.00e+00	0.00e+00	0.00e+00	0.00e+00	0.00e+00	2.07e-86
 9.87645e+12	2.10e-29	2.29e-21	3.39e-14	7.59e-08	6.55e-01	3.45e-01	2.13e-04	0.00e+00	0.00e+00	0.00e+00	0.00e+00	0.00e+00	6.71e-101
 1.02803e+13	2.90e-29	2.96e-21	4.10e-14	8.49e-08	6.74e-01	3.26e-01	1.86e-04	0.00e+00	0.00e+00	0.00e+00	0.00e+00	0.00e+00	9.08e-86
 1.06826e+13	3.94e-29	3.77e-21	4.90e-14	9.45e-08	6.91e-01	3.09e-01	1.62e-04	0.00e+00	0.00e+00	0.00e+00	0.00e+00	0.00e+00	4.52e-100
 1.10374e+13	5.12e-29	4.63e-21	5.70e-14	1.03e-07	7.06e-01	2.94e-01	1.45e-04	0.00e+00	0.00e+00	0.00e+00	0.00e+00	0.00e+00	3.74e-85
 1.14258e+13	6.74e-29	5.75e-21	6.67e-14	1.13e-07	7.20e-01	2.80e-01	1.28e-04	0.00e+00	0.00e+00	0.00e+00	0.00e+00	0.00e+00	2.33e-99
 1.18932e+13	9.27e-29	7.38e-21	8.01e-14	1.26e-07	7.37e-01	2.63e-01	1.11e-04	0.00e+00	0.00e+00	0.00e+00	0.00e+00	0.00e+00	1.66e-84
 1.23609e+13	1.26e-28	9.38e-21	9.54e-14	1.40e-07	7.52e-01	2.48e-01	9.64e-05	0.00e+00	0.00e+00	0.00e+00	0.00e+00	0.00e+00	1.58e-98
 1.27862e+13	1.64e-28	1.16e-20	1.11e-13	1.52e-07	7.65e-01	2.35e-01	8.52e-05	0.00e+00	0.00e+00	0.00e+00	0.00e+00	0.00e+00	7.04e-84
 1.32588e+13	2.19e-28	1.44e-20	1.30e-13	1.67e-07	7.78e-01	2.22e-01	7.47e-05	0.00e+00	0.00e+00	0.00e+00	0.00e+00	0.00e+00	8.76e-98
 1.38115e+13	3.01e-28	1.86e-20	1.56e-13	1.85e-07	7.93e-01	2.07e-01	6.42e-05	0.00e+00	0.00e+00	0.00e+00	0.00e+00	0.00e+00	3.30e-83
 1.43569e+13	4.08e-28	2.35e-20	1.85e-13	2.04e-07	8.06e-01	1.94e-01	5.56e-05	0.00e+00	0.00e+00	0.00e+00	0.00e+00	0.00e+00	6.11e-97
 1.48723e+13	5.38e-28	2.91e-20	2.16e-13	2.23e-07	8.17e-01	1.83e-01	4.87e-05	0.00e+00	0.00e+00	0.00e+00	0.00e+00	0.00e+00	1.46e-82
 1.54452e+13	7.22e-28	3.66e-20	2.55e-13	2.44e-07	8.28e-01	1.72e-01	4.23e-05	0.00e+00	0.00e+00	0.00e+00	0.00e+00	0.00e+00	3.66e-96
 1.60929e+13	9.95e-28	4.70e-20	3.04e-13	2.70e-07	8.40e-01	1.60e-01	3.62e-05	0.00e+00	0.00e+00	0.00e+00	0.00e+00	0.00e+00	7.17e-82
 1.67436e+13	1.35e-27	5.96e-20	3.61e-13	2.96e-07	8.51e-01	1.49e-01	3.12e-05	0.00e+00	0.00e+00	0.00e+00	0.00e+00	0.00e+00	2.66e-95
 1.74203e+13	1.84e-27	7.57e-20	4.27e-13	3.25e-07	8.61e-01	1.39e-01	2.68e-05	0.00e+00	0.00e+00	0.00e+00	0.00e+00	0.00e+00	3.58e-81
 1.81471e+13	2.53e-27	9.67e-20	5.08e-13	3.58e-07	8.70e-01	1.30e-01	2.29e-05	0.00e+00	0.00e+00	0.00e+00	0.00e+00	0.00e+00	1.93e-94
 1.89029e+13	3.48e-27	1.23e-19	6.04e-13	3.94e-07	8.80e-01	1.20e-01	1.96e-05	0.00e+00	0.00e+00	0.00e+00	0.00e+00	0.00e+00	1.88e-80
 1.96469e+13	4.69e-27	1.55e-19	7.10e-13	4.30e-07	8.88e-01	1.12e-01	1.69e-05	0.00e+00	0.00e+00	0.00e+00	0.00e+00	0.00e+00	1.37e-93
 2.03389e+13	6.13e-27	1.91e-19	8.21e-13	4.65e-07	8.95e-01	1.05e-01	1.48e-05	0.00e+00	0.00e+00	0.00e+00	0.00e+00	0.00e+00	8.41e-80
 2.09635e+13	7.75e-27	2.29e-19	9.32e-13	4.98e-07	9.00e-01	9.97e-02	1.32e-05	0.00e+00	0.00e+00	0.00e+00	0.00e+00	0.00e+00	6.84e-93
 2.16331e+13	9.90e-27	2.76e-19	1.06e-12	5.34e-07	9.06e-01	9.41e-02	1.17e-05	0.00e+00	0.00e+00	0.00e+00	0.00e+00	0.00e+00	2.99e-79
 2.24668e+13	1.33e-26	3.46e-19	1.24e-12	5.81e-07	9.12e-01	8.78e-02	1.01e-05	0.00e+00	0.00e+00	0.00e+00	0.00e+00	0.00e+00	3.83e-92
 2.33027e+13	1.76e-26	4.29e-19	1.44e-12	6.30e-07	9.18e-01	8.20e-02	8.73e-06	0.00e+00	0.00e+00	0.00e+00	0.00e+00	0.00e+00	1.39e-78
 2.40214e+13	2.23e-26	5.14e-19	1.64e-12	6.73e-07	9.22e-01	7.75e-02	7.76e-06	0.00e+00	0.00e+00	0.00e+00	0.00e+00	0.00e+00	2.03e-91
 2.47989e+13	2.86e-26	6.21e-19	1.86e-12	7.21e-07	9.27e-01	7.30e-02	6.86e-06	0.00e+00	0.00e+00	0.00e+00	0.00e+00	0.00e+00	5.06e-78
 2.57580e+13	3.84e-26	7.78e-19	2.18e-12	7.83e-07	9.32e-01	6.80e-02	5.92e-06	0.00e+00	0.00e+00	0.00e+00	0.00e+00	0.00e+00	1.16e-90
 2.67168e+13	5.10e-26	9.66e-19	2.53e-12	8.47e-07	9.37e-01	6.35e-02	5.13e-06	0.00e+00	0.00e+00	0.00e+00	0.00e+00	0.00e+00	2.39e-77
 2.75450e+13	6.48e-26	1.16e-18	2.86e-12	9.04e-07	9.40e-01	5.99e-02	4.56e-06	0.00e+00	0.00e+00	0.00e+00	0.00e+00	0.00e+00	6.26e-90
 2.84399e+13	8.31e-26	1.40e-18	3.26e-12	9.68e-07	9.44e-01	5.64e-02	4.03e-06	0.00e+00	0.00e+00	0.00e+00	0.00e+00	0.00e+00	8.89e-77
 2.95395e+13	1.12e-25	1.75e-18	3.80e-12	1.05e-06	9.48e-01	5.25e-02	3.47e-06	0.00e+00	0.00e+00	0.00e+00	0.00e+00	0.00e+00	1.97e-76
 3.06491e+13	1.49e-25	2.18e-18	4.42e-12	1.13e-06	9.51e-01	4.89e-02	3.01e-06	0.00e+00	0.00e+00	0.00e+00	0.00e+00	0.00e+00	4.29e-76
 3.16325e+13	1.91e-25	2.63e-18	5.01e-12	1.21e-06	9.54e-01	4.61e-02	2.66e-06	0.00e+00	0.00e+00	0.00e+00	0.00e+00	0.00e+00	8.38e-76
 3.27082e+13	2.48e-25	3.20e-18	5.74e-12	1.30e-06	9.57e-01	4.32e-02	2.33e-06	0.00e+00	0.00e+00	0.00e+00	0.00e+00	0.00e+00	1.70e-75
 3.39975e+13	3.35e-25	4.03e-18	6.71e-12	1.41e-06	9.60e-01	4.01e-02	2.01e-06	0.00e+00	0.00e+00	0.00e+00	0.00e+00	0.00e+00	3.86e-75
 3.52818e+13	4.48e-25	5.02e-18	7.79e-12	1.52e-06	9.63e-01	3.74e-02	1.74e-06	0.00e+00	0.00e+00	0.00e+00	0.00e+00	0.00e+00	8.49e-75
 3.64522e+13	5.79e-25	6.09e-18	8.87e-12	1.63e-06	9.65e-01	3.51e-02	1.53e-06	0.00e+00	0.00e+00	0.00e+00	0.00e+00	0.00e+00	1.71e-74
 3.77571e+13	7.63e-25	7.50e-18	1.02e-11	1.75e-06	9.67e-01	3.28e-02	1.33e-06	0.00e+00	0.00e+00	0.00e+00	0.00e+00	0.00e+00	3.62e-74
 3.92795e+13	1.04e-24	9.47e-18	1.20e-11	1.89e-06	9.70e-01	3.04e-02	1.14e-06	0.00e+00	0.00e+00	0.00e+00	0.00e+00	0.00e+00	8.40e-74
 4.07797e+13	1.40e-24	1.18e-17	1.39e-11	2.05e-06	9.72e-01	2.83e-02	9.85e-07	0.00e+00	0.00e+00	0.00e+00	0.00e+00	0.00e+00	1.88e-73
 4.22001e+13	1.83e-24	1.45e-17	1.59e-11	2.19e-06	9.74e-01	2.65e-02	0.00e+00	0.00e+00	0.00e+00	0.00e+00	0.00e+00	0.00e+00	3.91e-73
 4.37784e+13	2.44e-24	1.80e-17	1.85e-11	2.36e-06	9.75e-01	2.47e-02	0.00e+00	0.00e+00	0.00e+00	0.00e+00	0.00e+00	0.00e+00	8.61e-73
 4.55595e+13	3.34e-24	2.28e-17	2.17e-11	2.56e-06	9.77e-01	2.28e-02	0.00e+00	0.00e+00	0.00e+00	0.00e+00	0.00e+00	0.00e+00	2.02e-72
 4.73495e+13	4.52e-24	2.87e-17	2.53e-11	2.77e-06	9.79e-01	2.12e-02	0.00e+00	0.00e+00	0.00e+00	0.00e+00	0.00e+00	0.00e+00	4.63e-72
 4.92111e+13	6.12e-24	3.60e-17	2.95e-11	3.00e-06	9.80e-01	1.96e-02	0.00e+00	0.00e+00	0.00e+00	0.00e+00	0.00e+00	0.00e+00	1.06e-71
 5.12095e+13	8.37e-24	4.56e-17	3.45e-11	3.25e-06	9.82e-01	1.82e-02	0.00e+00	0.00e+00	0.00e+00	0.00e+00	1.46e-17	3.10e-17	2.50e-71
 5.31454e+13	1.12e-23	5.69e-17	4.00e-11	3.50e-06	9.83e-01	1.69e-02	0.00e+00	0.00e+00	0.00e+00	0.00e+00	1.89e-17	3.80e-17	5.54e-71
 5.49676e+13	1.46e-23	6.95e-17	4.58e-11	3.75e-06	9.84e-01	1.58e-02	0.00e+00	0.00e+00	0.00e+00	0.00e+00	2.31e-17	4.64e-17	1.15e-70
 5.70051e+13	1.95e-23	8.62e-17	5.30e-11	4.04e-06	9.85e-01	1.47e-02	0.00e+00	0.00e+00	0.00e+00	0.00e+00	2.86e-17	5.76e-17	2.50e-70
 5.90581e+13	2.57e-23	1.06e-16	6.10e-11	4.34e-06	9.86e-01	1.37e-02	0.00e+00	0.00e+00	0.00e+00	0.00e+00	3.53e-17	7.10e-17	5.34e-70
 6.07645e+13	3.22e-23	1.26e-16	6.84e-11	4.60e-06	9.87e-01	1.30e-02	0.00e+00	0.00e+00	0.00e+00	0.00e+00	4.18e-17	8.41e-17	9.86e-70
 6.25720e+13	4.05e-23	1.50e-16	7.69e-11	4.88e-06	9.88e-01	1.22e-02	0.00e+00	0.00e+00	0.00e+00	0.00e+00	4.97e-17	1.00e-16	1.85e-69
 6.48805e+13	5.38e-23	1.85e-16	8.89e-11	5.25e-06	9.89e-01	1.14e-02	0.00e+00	0.00e+00	0.00e+00	0.00e+00	6.16e-17	1.24e-16	4.01e-69
 6.73011e+13	7.17e-23	2.30e-16	1.03e-10	5.66e-06	9.89e-01	1.06e-02	0.00e+00	0.00e+00	0.00e+00	0.00e+00	7.65e-17	1.54e-16	8.87e-69
 6.94443e+13	9.17e-23	2.78e-16	1.17e-10	6.03e-06	9.90e-01	9.95e-03	0.00e+00	0.00e+00	0.00e+00	0.00e+00	9.21e-17	1.85e-16	1.72e-68
 7.17663e+13	1.19e-22	3.37e-16	1.33e-10	6.45e-06	9.91e-01	9.32e-03	0.00e+00	0.00e+00	0.00e+00	0.00e+00	1.12e-16	2.25e-16	3.47e-68
 7.45552e+13	1.60e-22	4.23e-16	1.55e-10	6.98e-06	9.91e-01	8.63e-03	0.00e+00	0.00e+00	0.00e+00	0.00e+00	1.40e-16	2.82e-16	7.83e-68
 7.73796e+13	2.14e-22	5.27e-16	1.80e-10	7.53e-06	9.92e-01	8.01e-03	0.00e+00	0.00e+00	0.00e+00	0.00e+00	1.75e-16	3.52e-16	1.73e-67
 8.00285e+13	2.78e-22	6.43e-16	2.06e-10	8.07e-06	9.93e-01	7.48e-03	0.00e+00	0.00e+00	0.00e+00	0.00e+00	2.13e-16	4.29e-16	3.54e-67
 8.25848e+13	3.56e-22	7.74e-16	2.34e-10	8.60e-06	9.93e-01	7.02e-03	0.00e+00	0.00e+00	0.00e+00	0.00e+00	2.57e-16	5.17e-16	6.92e-67
 8.54720e+13	4.66e-22	9.49e-16	2.69e-10	9.24e-06	9.93e-01	6.55e-03	0.00e+00	0.00e+00	0.00e+00	0.00e+00	3.15e-16	6.34e-16	1.43e-66
 8.86571e+13	6.20e-22	1.18e-15	3.12e-10	9.96e-06	9.94e-01	6.08e-03	0.00e+00	0.00e+00	0.00e+00	0.00e+00	3.91e-16	7.87e-16	3.12e-66
 9.15949e+13	8.00e-22	1.43e-15	3.56e-10	1.07e-05	9.94e-01	5.69e-03	0.00e+00	0.00e+00	0.00e+00	0.00e+00	4.74e-16	9.55e-16	6.24e-66
 9.47797e+13	1.04e-21	1.75e-15	4.08e-10	1.14e-05	9.95e-01	5.31e-03	0.00e+00	0.00e+00	0.00e+00	0.00e+00	5.80e-16	1.17e-15	1.29e-65
 9.83369e+13	1.39e-21	2.17e-15	4.74e-10	1.23e-05	9.95e-01	4.92e-03	0.00e+00	0.00e+00	0.00e+00	0.00e+00	7.21e-16	1.45e-15	2.81e-65
 1.01681e+14	1.81e-21	2.65e-15	5.42e-10	1.32e-05	9.95e-01	4.60e-03	0.00e+00	0.00e+00	0.00e+00	0.00e+00	8.79e-16	1.77e-15	5.70e-65
 1.05331e+14	2.38e-21	3.26e-15	6.25e-10	1.42e-05	9.96e-01	4.28e-03	0.00e+00	0.00e+00	0.00e+00	0.00e+00	1.08e-15	2.18e-15	1.20e-64
 1.09384e+14	3.19e-21	4.08e-15	7.28e-10	1.54e-05	9.96e-01	3.96e-03	0.00e+00	0.00e+00	0.00e+00	0.00e+00	1.35e-15	2.73e-15	2.67e-64
 1.13169e+14	4.16e-21	4.99e-15	8.36e-10	1.65e-05	9.96e-01	3.70e-03	0.00e+00	0.00e+00	0.00e+00	0.00e+00	1.65e-15	3.34e-15	5.49e-64
 1.17277e+14	5.49e-21	6.16e-15	9.65e-10	1.78e-05	9.97e-01	3.43e-03	0.00e+00	0.00e+00	0.00e+00	0.00e+00	2.04e-15	4.12e-15	1.17e-63
 1.21871e+14	7.40e-21	7.73e-15	1.13e-09	1.93e-05	9.97e-01	3.17e-03	0.00e+00	0.00e+00	0.00e+00	0.00e+00	2.56e-15	5.17e-15	2.63e-63
 1.26241e+14	9.73e-21	9.52e-15	1.30e-09	2.07e-05	9.97e-01	2.95e-03	0.00e+00	0.00e+00	0.00e+00	0.00e+00	3.15e-15	6.36e-15	5.55e-63
 1.30913e+14	1.29e-20	1.18e-14	1.50e-09	2.23e-05	9.97e-01	2.74e-03	0.00e+00	0.00e+00	0.00e+00	0.00e+00	3.91e-15	7.89e-15	1.20e-62
 1.36180e+14	1.76e-20	1.49e-14	1.76e-09	2.42e-05	9.97e-01	2.53e-03	0.00e+00	0.00e+00	0.00e+00	0.00e+00	4.93e-15	9.96e-15	2.76e-62
 1.41374e+14	2.35e-20	1.86e-14	2.05e-09	2.62e-05	9.98e-01	2.34e-03	0.00e+00	0.00e+00	0.00e+00	0.00e+00	6.15e-15	1.24e-14	6.11e-62
 1.46775e+14	3.15e-20	2.32e-14	2.39e-09	2.83e-05	9.98e-01	2.17e-03	0.00e+00	0.00e+00	0.00e+00	0.00e+00	7.68e-15	1.55e-14	1.35e-61
 1.52315e+14	4.20e-20	2.88e-14	2.77e-09	3.05e-05	9.98e-01	2.01e-03	0.00e+00	0.00e+00	0.00e+00	0.00e+00	9.55e-15	1.93e-14	2.97e-61
 1.57449e+14	5.44e-20	3.51e-14	3.17e-09	3.27e-05	9.98e-01	1.88e-03	0.00e+00	0.00e+00	0.00e+00	0.00e+00	1.16e-14	2.35e-14	6.02e-61
 1.63150e+14	7.18e-20	4.33e-14	3.65e-09	3.51e-05	9.98e-01	1.75e-03	0.00e+00	0.00e+00	0.00e+00	0.00e+00	1.43e-14	2.90e-14	1.28e-60
 1.69412e+14	9.63e-20	5.41e-14	4.25e-09	3.80e-05	9.98e-01	1.62e-03	0.00e+00	0.00e+00	0.00e+00	0.00e+00	1.79e-14	3.62e-14	2.86e-60
 1.75205e+14	1.25e-19	6.60e-14	4.87e-09	4.07e-05	9.98e-01	1.51e-03	0.00e+00	0.00e+00	0.00e+00	0.00e+00	2.18e-14	4.42e-14	5.87e-60
 1.80289e+14	1.57e-19	7.82e-14	5.46e-09	4.31e-05	9.99e-01	1.42e-03	0.00e+00	0.00e+00	0.00e+00	0.00e+00	2.59e-14	5.23e-14	1.08e-59
 1.85673e+14	1.97e-19	9.30e-14	6.14e-09	4.58e-05	9.99e-01	1.34e-03	0.00e+00	0.00e+00	0.00e+00	0.00e+00	3.08e-14	6.22e-14	2.03e-59
 1.92505e+14	2.62e-19	1.15e-13	7.10e-09	4.93e-05	9.99e-01	1.25e-03	0.00e+00	0.00e+00	0.00e+00	0.00e+00	3.81e-14	7.71e-14	4.39e-59
 1.99427e+14	3.45e-19	1.42e-13	8.19e-09	5.30e-05	9.99e-01	1.16e-03	0.00e+00	0.00e+00	0.00e+00	0.00e+00	4.69e-14	9.50e-14	9.38e-59
 2.05272e+14	4.32e-19	1.68e-13	9.19e-09	5.62e-05	9.99e-01	1.09e-03	0.00e+00	0.00e+00	0.00e+00	0.00e+00	5.57e-14	1.13e-13	1.74e-58
 2.11512e+14	5.47e-19	2.01e-13	1.04e-08	5.98e-05	9.99e-01	1.03e-03	0.00e+00	0.00e+00	0.00e+00	0.00e+00	6.65e-14	1.35e-13	3.32e-58
 2.19355e+14	7.27e-19	2.50e-13	1.20e-08	6.44e-05	9.99e-01	9.55e-04	0.00e+00	0.00e+00	0.00e+00	0.00e+00	8.24e-14	1.67e-13	7.24e-58
 2.27460e+14	9.67e-19	3.09e-13	1.39e-08	6.93e-05	9.99e-01	8.87e-04	0.00e+00	0.00e+00	0.00e+00	0.00e+00	1.02e-13	2.07e-13	1.58e-57
 2.34601e+14	1.23e-18	3.72e-13	1.57e-08	7.38e-05	9.99e-01	8.33e-04	0.00e+00	0.00e+00	0.00e+00	0.00e+00	1.23e-13	2.49e-13	3.08e-57
 2.42308e+14	1.59e-18	4.50e-13	1.79e-08	7.89e-05	9.99e-01	7.80e-04	0.00e+00	0.00e+00	0.00e+00	0.00e+00	1.49e-13	3.01e-13	6.18e-57
 2.51612e+14	2.13e-18	5.63e-13	2.08e-08	8.52e-05	9.99e-01	7.22e-04	0.00e+00	0.00e+00	0.00e+00	0.00e+00	1.86e-13	3.77e-13	1.39e-56
 2.60836e+14	2.83e-18	6.97e-13	2.40e-08	9.16e-05	9.99e-01	6.72e-04	0.00e+00	0.00e+00	0.00e+00	0.00e+00	2.30e-13	4.67e-13	3.02e-56
 2.69026e+14	3.61e-18	8.37e-13	2.72e-08	9.76e-05	9.99e-01	6.30e-04	0.00e+00	0.00e+00	0.00e+00	0.00e+00	2.76e-13	5.61e-13	5.88e-56
 2.78026e+14	4.67e-18	1.02e-12	3.11e-08	1.04e-04	9.99e-01	5.89e-04	0.00e+00	0.00e+00	0.00e+00	0.00e+00	3.35e-13	6.81e-13	1.19e-55
 2.88790e+14	6.28e-18	1.27e-12	3.62e-08	1.13e-04	9.99e-01	5.45e-04	0.00e+00	0.00e+00	0.00e+00	0.00e+00	4.19e-13	8.53e-13	2.70e-55
 2.99483e+14	8.34e-18	1.58e-12	4.19e-08	1.22e-04	9.99e-01	5.06e-04	0.00e+00	0.00e+00	0.00e+00	0.00e+00	5.20e-13	1.06e-12	5.91e-55
 3.09197e+14	1.07e-17	1.91e-12	4.76e-08	1.30e-04	9.99e-01	4.74e-04	0.00e+00	0.00e+00	0.00e+00	0.00e+00	6.28e-13	1.28e-12	1.17e-54
 3.20004e+14	1.40e-17	2.33e-12	5.47e-08	1.39e-04	9.99e-01	4.42e-04	0.00e+00	0.00e+00	0.00e+00	0.00e+00	7.68e-13	1.56e-12	2.44e-54
 3.32650e+14	1.89e-17	2.93e-12	6.39e-08	1.51e-04	9.99e-01	4.08e-04	0.00e+00	0.00e+00	0.00e+00	0.00e+00	9.65e-13	1.97e-12	5.59e-54
 3.45102e+14	2.51e-17	3.64e-12	7.41e-08	1.63e-04	9.99e-01	3.78e-04	0.00e+00	0.00e+00	0.00e+00	0.00e+00	1.20e-12	2.44e-12	1.23e-53
 3.56780e+14	3.25e-17	4.43e-12	8.47e-08	1.74e-04	9.99e-01	3.53e-04	0.00e+00	0.00e+00	0.00e+00	0.00e+00	1.46e-12	2.97e-12	2.50e-53
 3.69809e+14	4.28e-17	5.47e-12	9.79e-08	1.88e-04	9.99e-01	3.27e-04	0.00e+00	0.00e+00	0.00e+00	0.00e+00	1.80e-12	3.67e-12	5.36e-53
 3.84631e+14	5.79e-17	6.89e-12	1.15e-07	2.04e-04	9.99e-01	3.01e-04	0.00e+00	4.77e-18	1.43e-17	2.39e-17	2.26e-12	4.62e-12	1.24e-52
 3.99399e+14	7.72e-17	8.58e-12	1.34e-07	2.21e-04	1.00e+00	2.78e-04	0.00e+00	6.35e-18	1.91e-17	3.19e-17	2.82e-12	5.76e-12	2.74e-52
 4.13614e+14	1.01e-16	1.05e-11	1.54e-07	2.38e-04	1.00e+00	2.59e-04	0.00e+00	8.31e-18	2.49e-17	4.17e-17	3.45e-12	7.07e-12	5.74e-52
 4.25959e+14	1.26e-16	1.25e-11	1.73e-07	2.53e-04	1.00e+00	2.43e-04	0.00e+00	1.04e-17	3.12e-17	5.21e-17	4.10e-12	8.39e-12	1.07e-51
 4.36298e+14	1.51e-16	1.44e-11	1.91e-07	2.66e-04	1.00e+00	2.31e-04	0.00e+00	1.24e-17	3.74e-17	6.25e-17	4.71e-12	9.64e-12	1.76e-51
 4.47796e+14	1.84e-16	1.67e-11	2.12e-07	2.81e-04	9.99e-01	2.19e-04	0.00e+00	1.51e-17	4.55e-17	7.60e-17	5.47e-12	1.12e-11	3.03e-51
 4.62742e+14	2.35e-16	2.02e-11	2.43e-07	3.02e-04	9.99e-01	2.04e-04	0.00e+00	1.94e-17	5.82e-17	9.73e-17	6.61e-12	1.36e-11	6.02e-51
 4.78489e+14	3.02e-16	2.45e-11	2.78e-07	3.25e-04	9.99e-01	1.90e-04	0.00e+00	2.49e-17	7.48e-17	1.25e-16	8.02e-12	1.65e-11	1.21e-50
 4.92061e+14	3.71e-16	2.87e-11	3.12e-07	3.45e-04	9.99e-01	1.79e-04	0.00e+00	3.07e-17	9.21e-17	1.54e-16	9.41e-12	1.93e-11	2.15e-50
 5.06488e+14	4.60e-16	3.39e-11	3.51e-07	3.67e-04	9.99e-01	1.68e-04	0.00e+00	3.80e-17	1.14e-16	1.91e-16	1.11e-11	2.28e-11	3.91e-50
 5.24950e+14	5.98e-16	4.16e-11	4.06e-07	3.97e-04	9.99e-01	1.55e-04	0.00e+00	4.95e-17	1.49e-16	2.48e-16	1.36e-11	2.80e-11	8.19e-50
 5.43965e+14	7.76e-16	5.10e-11	4.69e-07	4.30e-04	9.99e-01	1.44e-04	0.00e+00	6.42e-17	1.93e-16	3.22e-16	1.67e-11	3.43e-11	1.70e-49
 5.60236e+14	9.62e-16	6.03e-11	5.29e-07	4.58e-04	9.99e-01	1.35e-04	0.00e+00	7.96e-17	2.39e-16	4.00e-16	1.97e-11	4.06e-11	3.12e-49
 5.77632e+14	1.20e-15	7.17e-11	6.00e-07	4.91e-04	9.99e-01	1.26e-04	0.00e+00	9.92e-17	2.98e-16	4.98e-16	2.35e-11	4.82e-11	5.79e-49
 5.99229e+14	1.56e-15	8.83e-11	6.98e-07	5.33e-04	9.99e-01	1.16e-04	0.00e+00	1.29e-16	3.89e-16	6.49e-16	2.89e-11	5.94e-11	1.23e-48
 6.21387e+14	2.02e-15	1.08e-10	8.10e-07	5.78e-04	9.99e-01	1.07e-04	0.00e+00	1.68e-16	5.04e-16	8.42e-16	3.54e-11	7.29e-11	2.57e-48
 6.41108e+14	2.52e-15	1.29e-10	9.20e-07	6.20e-04	9.99e-01	1.00e-04	0.00e+00	2.10e-16	6.29e-16	1.05e-15	4.22e-11	8.68e-11	4.86e-48
 6.62559e+14	3.17e-15	1.55e-10	1.05e-06	6.68e-04	9.99e-01	9.28e-05	0.00e+00	2.63e-16	7.91e-16	1.32e-15	5.06e-11	1.04e-10	9.38e-48
 6.88193e+14	4.14e-15	1.91e-10	1.23e-06	7.28e-04	9.99e-01	8.54e-05	0.00e+00	3.45e-16	1.04e-15	1.73e-15	6.25e-11	1.29e-10	2.04e-47
 7.13468e+14	5.31e-15	2.33e-10	1.42e-06	7.90e-04	9.99e-01	7.88e-05	0.00e+00	4.43e-16	1.33e-15	2.22e-15	7.63e-11	1.57e-10	4.22e-47
 7.36170e+14	6.58e-15	2.77e-10	1.62e-06	8.49e-04	9.99e-01	7.34e-05	0.00e+00	5.49e-16	1.65e-15	2.76e-15	9.06e-11	1.87e-10	7.93e-47
 7.61323e+14	8.29e-15	3.33e-10	1.86e-06	9.16e-04	9.99e-01	6.81e-05	0.00e+00	6.93e-16	2.08e-15	3.48e-15	1.09e-10	2.24e-10	1.57e-46
 7.91065e+14	1.08e-14	4.11e-10	2.17e-06	1.00e-03	9.99e-01	6.25e-05	0.00e+00	9.00e-16	2.70e-15	4.51e-15	1.34e-10	2.77e-10	3.40e-46
 8.20472e+14	1.38e-14	5.02e-10	2.52e-06	1.09e-03	9.99e-01	5.76e-05	0.00e+00	1.15e-15	3.46e-15	5.78e-15	1.64e-10	3.38e-10	7.13e-46
 8.47604e+14	1.71e-14	5.99e-10	2.87e-06	1.17e-03	9.99e-01	5.35e-05	0.00e+00	1.43e-15	4.31e-15	7.19e-15	1.96e-10	4.03e-10	1.38e-45
 8.78081e+14	2.17e-14	7.25e-10	3.31e-06	1.27e-03	9.99e-01	4.94e-05	0.00e+00	1.82e-15	5.46e-15	9.12e-15	2.37e-10	4.88e-10	2.82e-45
 9.13229e+14	2.81e-14	8.96e-10	3.88e-06	1.39e-03	9.99e-01	4.52e-05	0.00e+00	2.36e-15	7.09e-15	1.18e-14	2.93e-10	6.03e-10	6.27e-45
 9.47590e+14	3.59e-14	1.09e-09	4.51e-06	1.51e-03	9.98e-01	4.16e-05	0.00e+00	3.02e-15	9.06e-15	1.51e-14	3.58e-10	7.36e-10	1.33e-44
 9.83326e+14	4.58e-14	1.33e-09	5.23e-06	1.65e-03	9.98e-01	3.83e-05	0.00e+00	3.86e-15	1.16e-14	1.93e-14	4.37e-10	8.98e-10	2.84e-44
 1.02269e+15	5.92e-14	1.65e-09	6.13e-06	1.80e-03	9.98e-01	3.51e-05	0.00e+00	5.00e-15	1.50e-14	2.51e-14	5.39e-10	1.11e-09	6.35e-44
 1.05594e+15	7.01e-14	1.96e-09	6.97e-06	1.94e-03	9.98e-01	3.27e-05	0.00e+00	5.93e-15	1.78e-14	2.97e-14	6.41e-10	1.32e-09	1.21e-43
 1.08018e+15	8.10e-14	2.21e-09	7.64e-06	2.04e-03	9.98e-01	3.11e-05	0.00e+00	6.85e-15	2.06e-14	3.44e-14	7.24e-10	1.49e-09	1.93e-43
 1.10561e+15	9.40e-14	2.50e-09	8.38e-06	2.15e-03	9.98e-01	2.95e-05	0.00e+00	7.96e-15	2.39e-14	3.99e-14	8.20e-10	1.68e-09	3.11e-43
 1.13866e+15	1.13e-13	2.93e-09	9.44e-06	2.31e-03	9.98e-01	2.76e-05	0.00e+00	9.61e-15	2.88e-14	4.82e-14	9.61e-10	1.97e-09	5.71e-43
 1.17514e+15	1.39e-13	3.48e-09	1.07e-05	2.48e-03	9.97e-01	2.58e-05	0.00e+00	1.18e-14	3.53e-14	5.89e-14	1.14e-09	2.34e-09	1.12e-42
 1.20894e+15	1.65e-13	4.04e-09	1.20e-05	2.64e-03	9.97e-01	2.42e-05	0.00e+00	1.40e-14	4.22e-14	7.04e-14	1.33e-09	2.72e-09	2.00e-42
 1.24573e+15	2.00e-13	4.75e-09	1.35e-05	2.83e-03	9.97e-01	2.27e-05	0.00e+00	1.70e-14	5.10e-14	8.53e-14	1.56e-09	3.19e-09	3.77e-42
 1.28707e+15	2.45e-13	5.67e-09	1.54e-05	3.05e-03	9.97e-01	2.11e-05	0.00e+00	2.09e-14	6.27e-14	1.05e-13	1.86e-09	3.81e-09	7.58e-42
 1.32639e+15	2.96e-13	6.65e-09	1.74e-05	3.27e-03	9.97e-01	1.98e-05	0.00e+00	2.52e-14	7.57e-14	1.26e-13	2.18e-09	4.47e-09	1.44e-41
 1.36960e+15	3.62e-13	7.91e-09	1.97e-05	3.51e-03	9.96e-01	1.85e-05	0.00e+00	3.09e-14	9.26e-14	1.55e-13	2.60e-09	5.31e-09	2.86e-41
 1.41794e+15	4.49e-13	9.55e-09	2.27e-05	3.80e-03	9.96e-01	1.71e-05	0.00e+00	3.83e-14	1.15e-13	1.92e-13	3.14e-09	6.42e-09	6.04e-41
 1.46373e+15	5.45e-13	1.13e-08	2.57e-05	4.09e-03	9.96e-01	1.60e-05	0.00e+00	4.67e-14	1.40e-13	2.34e-13	3.72e-09	7.61e-09	1.19e-40
 1.51405e+15	6.73e-13	1.36e-08	2.94e-05	4.41e-03	9.96e-01	1.49e-05	0.00e+00	5.77e-14	1.73e-13	2.89e-13	4.47e-09	9.13e-09	2.47e-40
 1.57062e+15	8.43e-13	1.66e-08	3.41e-05	4.80e-03	9.95e-01	1.38e-05	0.00e+00	7.24e-14	2.17e-13	3.63e-13	5.46e-09	1.12e-08	5.46e-40
 1.62418e+15	1.04e-12	1.99e-08	3.90e-05	5.18e-03	9.95e-01	1.29e-05	0.00e+00	8.89e-14	2.67e-13	4.46e-13	6.55e-09	1.34e-08	1.12e-39
 1.68260e+15	1.29e-12	2.42e-08	4.49e-05	5.61e-03	9.94e-01	1.20e-05	0.00e+00	1.11e-13	3.32e-13	5.55e-13	7.95e-09	1.62e-08	2.39e-39
 1.74756e+15	1.62e-12	2.98e-08	5.22e-05	6.11e-03	9.94e-01	1.11e-05	0.00e+00	1.40e-13	4.19e-13	6.99e-13	9.80e-09	2.00e-08	5.42e-39
 1.80817e+15	1.99e-12	3.59e-08	5.98e-05	6.60e-03	9.93e-01	1.04e-05	0.00e+00	1.72e-13	5.16e-13	8.62e-13	1.18e-08	2.41e-08	1.13e-38
 1.87359e+15	2.48e-12	4.36e-08	6.89e-05	7.15e-03	9.93e-01	9.67e-06	0.00e+00	2.14e-13	6.43e-13	1.07e-12	1.44e-08	2.93e-08	2.43e-38
 1.94688e+15	3.13e-12	5.39e-08	8.03e-05	7.80e-03	9.92e-01	8.97e-06	0.00e+00	2.70e-13	8.11e-13	1.35e-12	1.77e-08	3.61e-08	5.56e-38
 2.01726e+15	3.88e-12	6.56e-08	9.25e-05	8.44e-03	9.91e-01	8.40e-06	0.00e+00	3.35e-13	1.01e-12	1.68e-12	2.16e-08	4.40e-08	1.20e-37
 2.09213e+15	4.83e-12	8.03e-08	1.07e-04	9.17e-03	9.91e-01	7.85e-06	0.00e+00	4.19e-13	1.26e-12	2.10e-12	2.65e-08	5.39e-08	2.62e-37
 2.17585e+15	6.12e-12	9.99e-08	1.25e-04	1.00e-02	9.90e-01	7.31e-06	0.00e+00	5.31e-13	1.59e-12	2.66e-12	3.29e-08	6.70e-08	6.09e-37
 2.24613e+15	7.30e-12	1.19e-07	1.42e-04	1.08e-02	9.89e-01	6.93e-06	0.00e+00	6.34e-13	1.90e-12	3.18e-12	3.94e-08	8.00e-08	1.20e-36
 2.29647e+15	8.31e-12	1.35e-07	1.55e-04	1.13e-02	9.89e-01	6.67e-06	0.00e+00	7.22e-13	2.17e-12	3.62e-12	4.45e-08	9.04e-08	1.91e-36
 2.34878e+15	9.52e-12	1.53e-07	1.70e-04	1.19e-02	9.88e-01	6.42e-06	0.00e+00	8.28e-13	2.48e-12	4.15e-12	5.05e-08	1.03e-07	3.08e-36
 2.41677e+15	1.14e-11	1.80e-07	1.91e-04	1.27e-02	9.87e-01	6.12e-06	0.00e+00	9.89e-13	2.97e-12	4.95e-12	5.93e-08	1.20e-07	5.65e-36
 2.49271e+15	1.36e-11	2.14e-07	2.16e-04	1.36e-02	9.86e-01	5.81e-06	0.00e+00	1.19e-12	3.57e-12	5.95e-12	7.05e-08	1.43e-07	1.09e-35
 2.56395e+15	1.61e-11	2.50e-07	2.42e-04	1.45e-02	9.85e-01	5.56e-06	0.00e+00	1.41e-12	4.22e-12	7.04e-12	8.27e-08	1.68e-07	1.97e-35
 2.64153e+15	1.92e-11	2.96e-07	2.73e-04	1.55e-02	9.84e-01	5.32e-06	0.00e+00	1.68e-12	5.04e-12	8.42e-12	9.78e-08	1.98e-07	3.70e-35
 2.72819e+15	2.31e-11	3.55e-07	3.11e-04	1.66e-02	9.83e-01	5.08e-06	0.00e+00	2.02e-12	6.06e-12	1.01e-11	1.17e-07	2.38e-07	7.25e-35
 2.80958e+15	2.77e-11	4.19e-07	3.49e-04	1.78e-02	9.82e-01	4.87e-06	0.00e+00	2.42e-12	7.27e-12	1.21e-11	1.39e-07	2.81e-07	1.33e-34
 2.89832e+15	3.32e-11	5.00e-07	3.96e-04	1.90e-02	9.81e-01	4.66e-06	0.00e+00	2.91e-12	8.73e-12	1.46e-11	1.65e-07	3.35e-07	2.55e-34
 2.99797e+15	4.06e-11	6.05e-07	4.54e-04	2.05e-02	9.79e-01	4.45e-06	0.00e+00	3.56e-12	1.07e-11	1.78e-11	2.00e-07	4.05e-07	5.09e-34
 3.09284e+15	4.88e-11	7.21e-07	5.15e-04	2.20e-02	9.77e-01	4.28e-06	0.00e+00	4.28e-12	1.29e-11	2.14e-11	2.38e-07	4.83e-07	9.61e-34
 3.19719e+15	5.99e-11	8.72e-07	5.89e-04	2.37e-02	9.76e-01	4.11e-06	0.00e+00	5.26e-12	1.58e-11	2.63e-11	2.88e-07	5.83e-07	1.90e-33
 3.31263e+15	7.42e-11	1.07e-06	6.80e-04	2.57e-02	9.74e-01	3.94e-06	0.00e+00	6.52e-12	1.96e-11	3.27e-11	3.53e-07	7.14e-07	3.92e-33
 3.41957e+15	9.01e-11	1.28e-06	7.74e-04	2.76e-02	9.72e-01	3.81e-06	0.00e+00	7.93e-12	2.38e-11	3.97e-11	4.23e-07	8.56e-07	7.43e-33
 3.53569e+15	1.11e-10	1.55e-06	8.87e-04	2.98e-02	9.69e-01	3.68e-06	0.00e+00	9.75e-12	2.93e-11	4.88e-11	5.14e-07	1.04e-06	1.48e-32
 3.66461e+15	1.38e-10	1.91e-06	1.03e-03	3.23e-02	9.67e-01	3.55e-06	0.00e+00	1.22e-11	3.65e-11	6.08e-11	6.31e-07	1.27e-06	3.03e-32
 3.78455e+15	1.68e-10	2.29e-06	1.17e-03	3.48e-02	9.64e-01	3.44e-06	0.00e+00	1.48e-11	4.45e-11	7.42e-11	7.59e-07	1.53e-06	5.74e-32
 3.91486e+15	2.08e-10	2.79e-06	1.35e-03	3.76e-02	9.61e-01	3.34e-06	0.00e+00	1.84e-11	5.51e-11	9.19e-11	9.25e-07	1.87e-06	1.14e-31
 4.05933e+15	2.60e-10	3.44e-06	1.56e-03	4.08e-02	9.58e-01	3.23e-06	0.00e+00	2.30e-11	6.90e-11	1.15e-10	1.14e-06	2.30e-06	2.32e-31
 4.18949e+15	3.16e-10	4.13e-06	1.78e-03	4.38e-02	9.54e-01	3.16e-06	0.00e+00	2.80e-11	8.39e-11	1.40e-10	1.37e-06	2.76e-06	4.27e-31
 4.29651e+15	3.69e-10	4.77e-06	1.97e-03	4.65e-02	9.52e-01	3.11e-06	0.00e+00	3.27e-11	9.82e-11	1.64e-10	1.58e-06	3.19e-06	6.92e-31
 4.40613e+15	4.35e-10	5.53e-06	2.19e-03	4.92e-02	9.49e-01	3.06e-06	0.00e+00	3.86e-11	1.16e-10	1.93e-10	1.83e-06	3.70e-06	1.14e-30
 4.54863e+15	5.34e-10	6.67e-06	2.50e-03	5.30e-02	9.44e-01	2.97e-06	0.00e+00	4.74e-11	1.42e-10	2.37e-10	2.21e-06	4.46e-06	2.13e-30
 4.69191e+15	6.49e-10	7.97e-06	2.84e-03	5.69e-02	9.40e-01	2.90e-06	0.00e+00	5.77e-11	1.73e-10	2.89e-10	2.64e-06	5.32e-06	3.81e-30
 4.80869e+15	7.66e-10	9.19e-06	3.15e-03	6.03e-02	9.37e-01	2.87e-06	0.00e+00	6.81e-11	2.04e-10	3.41e-10	3.05e-06	6.14e-06	6.04e-30
 4.93297e+15	9.06e-10	1.07e-05	3.51e-03	6.40e-02	9.33e-01	2.82e-06	0.00e+00	8.06e-11	2.42e-10	4.04e-10	3.55e-06	7.15e-06	9.88e-30
 5.09454e+15	1.13e-09	1.30e-05	4.02e-03	6.90e-02	9.27e-01	2.77e-06	0.00e+00	1.01e-10	3.03e-10	5.05e-10	4.30e-06	8.66e-06	1.85e-29
 5.25923e+15	1.39e-09	1.56e-05	4.59e-03	7.44e-02	9.21e-01	2.72e-06	0.00e+00	1.24e-10	3.72e-10	6.21e-10	5.17e-06	1.04e-05	3.29e-29
 5.39784e+15	1.64e-09	1.81e-05	5.13e-03	7.90e-02	9.16e-01	2.67e-06	0.00e+00	1.47e-10	4.41e-10	7.35e-10	6.02e-06	1.21e-05	5.27e-29
 5.54790e+15	1.99e-09	2.14e-05	5.77e-03	8.44e-02	9.10e-01	2.63e-06	0.00e+00	1.78e-10	5.33e-10	8.89e-10	7.11e-06	1.43e-05	8.89e-29
 5.74298e+15	2.56e-09	2.64e-05	6.72e-03	9.17e-02	9.02e-01	2.58e-06	0.00e+00	2.29e-10	6.87e-10	1.15e-09	8.77e-06	1.76e-05	1.72e-28
 5.93746e+15	3.19e-09	3.21e-05	7.74e-03	9.92e-02	8.93e-01	2.53e-06	0.00e+00	2.86e-10	8.59e-10	1.43e-09	1.07e-05	2.14e-05	3.00e-28
 6.09047e+15	3.81e-09	3.73e-05	8.64e-03	1.05e-01	8.86e-01	2.50e-06	0.00e+00	3.42e-10	1.03e-09	1.71e-09	1.24e-05	2.49e-05	4.69e-28
 6.24868e+15	4.59e-09	4.37e-05	9.70e-03	1.12e-01	8.78e-01	2.47e-06	0.00e+00	4.12e-10	1.24e-09	2.06e-09	1.45e-05	2.92e-05	7.60e-28
 6.45435e+15	5.77e-09	5.35e-05	1.12e-02	1.22e-01	8.67e-01	2.41e-06	0.00e+00	5.19e-10	1.56e-09	2.60e-09	1.78e-05	3.57e-05	1.40e-27
 6.66501e+15	7.33e-09	6.49e-05	1.30e-02	1.31e-01	8.56e-01	2.38e-06	0.00e+00	6.60e-10	1.98e-09	3.30e-09	2.16e-05	4.33e-05	2.43e-27
 6.83803e+15	8.83e-09	7.58e-05	1.46e-02	1.40e-01	8.45e-01	2.34e-06	0.00e+00	7.97e-10	2.39e-09	3.98e-09	2.52e-05	5.06e-05	3.78e-27
 7.01878e+15	1.08e-08	8.98e-05	1.65e-02	1.49e-01	8.34e-01	2.31e-06	0.00e+00	9.79e-10	2.94e-09	4.90e-09	2.98e-05	5.99e-05	6.20e-27
 7.21222e+15	1.31e-08	1.06e-04	1.87e-02	1.60e-01	8.22e-01	2.27e-06	0.00e+00	1.19e-09	3.55e-09	5.93e-09	3.53e-05	7.09e-05	9.94e-27
 7.38308e+15	1.57e-08	1.23e-04	2.09e-02	1.69e-01	8.10e-01	2.23e-06	0.00e+00	1.42e-09	4.26e-09	7.10e-09	4.10e-05	8.22e-05	1.50e-26
 7.53768e+15	1.85e-08	1.41e-04	2.31e-02	1.78e-01	7.98e-01	2.21e-06	0.00e+00	1.68e-09	5.02e-09	8.38e-09	4.68e-05	9.39e-05	2.17e-26
 7.71025e+15	2.23e-08	1.64e-04	2.59e-02	1.89e-01	7.85e-01	2.18e-06	0.00e+00	2.03e-09	6.08e-09	1.01e-08	5.46e-05	1.10e-04	3.35e-26
 7.90085e+15	2.75e-08	1.93e-04	2.93e-02	2.01e-01	7.69e-01	2.15e-06	0.00e+00	2.50e-09	7.49e-09	1.25e-08	6.43e-05	1.29e-04	5.25e-26
 8.07580e+15	3.31e-08	2.24e-04	3.28e-02	2.13e-01	7.54e-01	2.12e-06	0.00e+00	3.01e-09	9.03e-09	1.50e-08	7.45e-05	1.49e-04	7.76e-26
 8.23883e+15	3.88e-08	2.57e-04	3.64e-02	2.24e-01	7.40e-01	2.10e-06	0.00e+00	3.54e-09	1.06e-08	1.77e-08	8.54e-05	1.71e-04	1.12e-25
 8.42542e+15	4.82e-08	3.03e-04	4.12e-02	2.37e-01	7.21e-01	2.07e-06	0.00e+00	4.39e-09	1.32e-08	2.20e-08	1.01e-04	2.02e-04	1.79e-25
 8.62373e+15	5.86e-08	3.56e-04	4.67e-02	2.52e-01	7.01e-01	2.03e-06	0.00e+00	5.35e-09	1.60e-08	2.67e-08	1.19e-04	2.38e-04	2.73e-25
 8.79777e+15	7.14e-08	4.13e-04	5.22e-02	2.65e-01	6.82e-01	2.01e-06	0.00e+00	6.52e-09	1.96e-08	3.26e-08	1.38e-04	2.75e-04	4.05e-25
 8.95859e+15	8.51e-08	4.74e-04	5.80e-02	2.78e-01	6.63e-01	1.99e-06	0.00e+00	7.78e-09	2.33e-08	3.89e-08	1.58e-04	3.16e-04	5.85e-25
 9.14173e+15	1.03e-07	5.56e-04	6.55e-02	2.93e-01	6.41e-01	1.96e-06	0.00e+00	9.47e-09	2.84e-08	4.73e-08	1.85e-04	3.71e-04	9.05e-25
 9.33804e+15	1.30e-07	6.59e-04	7.45e-02	3.10e-01	6.15e-01	1.95e-06	0.00e+00	1.19e-08	3.57e-08	5.95e-08	2.20e-04	4.40e-04	1.44e-24
 9.50745e+15	1.57e-07	7.62e-04	8.33e-02	3.24e-01	5.92e-01	1.92e-06	0.00e+00	1.44e-08	4.31e-08	7.19e-08	2.54e-04	5.08e-04	2.10e-24
 9.65920e+15	1.87e-07	8.71e-04	9.22e-02	3.38e-01	5.69e-01	1.90e-06	0.00e+00	1.71e-08	5.14e-08	8.56e-08	2.90e-04	5.81e-04	3.02e-24
 9.83202e+15	2.27e-07	1.02e-03	1.04e-01	3.53e-01	5.42e-01	1.87e-06	0.00e+00	2.09e-08	6.25e-08	1.04e-07	3.39e-04	6.79e-04	4.64e-24
 1.00167e+16	2.86e-07	1.21e-03	1.18e-01	3.70e-01	5.11e-01	1.86e-06	0.00e+00	2.63e-08	7.88e-08	1.31e-07	4.02e-04	8.05e-04	7.51e-24
 1.01731e+16	3.44e-07	1.39e-03	1.31e-01	3.84e-01	4.84e-01	1.85e-06	0.00e+00	3.16e-08	9.48e-08	1.58e-07	4.63e-04	9.26e-04	1.10e-23
 1.03095e+16	4.08e-07	1.58e-03	1.44e-01	3.95e-01	4.58e-01	1.83e-06	0.00e+00	3.76e-08	1.13e-07	1.88e-07	5.26e-04	1.05e-03	1.56e-23
 1.04633e+16	4.93e-07	1.79e-03	1.61e-01	4.09e-01	4.29e-01	1.79e-06	0.00e+00	4.54e-08	1.36e-07	2.27e-07	5.98e-04	1.20e-03	2.22e-23
 1.06319e+16	6.20e-07	2.16e-03	1.82e-01	4.23e-01	3.93e-01	1.79e-06	0.00e+00	5.72e-08	1.71e-07	2.86e-07	7.19e-04	1.44e-03	3.91e-23
 1.07633e+16	7.29e-07	2.44e-03	1.99e-01	4.32e-01	3.66e-01	1.78e-06	0.00e+00	6.73e-08	2.02e-07	3.36e-07	8.12e-04	1.62e-03	5.53e-23
 1.08604e+16	8.29e-07	2.68e-03	2.14e-01	4.39e-01	3.45e-01	1.77e-06	0.00e+00	7.66e-08	2.30e-07	3.83e-07	8.94e-04	1.79e-03	7.32e-23
 1.09694e+16	9.60e-07	2.95e-03	2.31e-01	4.46e-01	3.21e-01	1.74e-06	0.00e+00	8.88e-08	2.66e-07	4.44e-07	9.82e-04	1.96e-03	9.58e-23
 1.11111e+16	1.17e-06	3.39e-03	2.55e-01	4.53e-01	2.88e-01	1.68e-06	0.00e+00	1.09e-07	3.26e-07	5.43e-07	1.13e-03	2.26e-03	1.48e-22
 1.12355e+16	1.40e-06	3.84e-03	2.79e-01	4.58e-01	2.59e-01	1.66e-06	0.00e+00	1.29e-07	3.88e-07	6.46e-07	1.28e-03	2.56e-03	2.20e-22
 1.13068e+16	1.57e-06	4.22e-03	2.95e-01	4.60e-01	2.41e-01	1.68e-06	0.00e+00	1.45e-07	4.35e-07	7.24e-07	1.41e-03	2.81e-03	3.06e-22
 1.13553e+16	1.67e-06	4.43e-03	3.05e-01	4.61e-01	2.30e-01	1.67e-06	8.33e-12	1.55e-07	4.65e-07	7.74e-07	1.48e-03	2.96e-03	3.60e-22
 1.14050e+16	1.81e-06	4.68e-03	3.16e-01	4.62e-01	2.17e-01	1.65e-06	0.00e+00	1.68e-07	5.03e-07	8.38e-07	1.56e-03	3.12e-03	4.33e-22
 1.14695e+16	1.99e-06	4.95e-03	3.30e-01	4.63e-01	2.03e-01	1.61e-06	0.00e+00	1.85e-07	5.54e-07	9.23e-07	1.65e-03	3.30e-03	5.16e-22
 1.15534e+16	2.27e-06	5.41e-03	3.50e-01	4.62e-01	1.83e-01	1.55e-06	0.00e+00	2.11e-07	6.33e-07	1.05e-06	1.80e-03	3.60e-03	6.96e-22
 1.16379e+16	2.60e-06	5.90e-03	3.70e-01	4.61e-01	1.63e-01	1.50e-06	0.00e+00	2.42e-07	7.24e-07	1.21e-06	1.97e-03	3.94e-03	9.51e-22
 1.17024e+16	2.92e-06	6.41e-03	3.87e-01	4.58e-01	1.48e-01	1.49e-06	0.00e+00	2.72e-07	8.14e-07	1.36e-06	2.14e-03	4.27e-03	1.30e-21
 1.17515e+16	3.18e-06	6.76e-03	4.00e-01	4.56e-01	1.37e-01	1.46e-06	0.00e+00	2.96e-07	8.87e-07	1.48e-06	2.25e-03	4.50e-03	1.59e-21
 1.18012e+16	3.43e-06	7.06e-03	4.12e-01	4.54e-01	1.26e-01	1.42e-06	0.00e+00	3.19e-07	9.57e-07	1.59e-06	2.35e-03	4.70e-03	1.84e-21
 1.18657e+16	3.84e-06	7.56e-03	4.29e-01	4.50e-01	1.13e-01	1.34e-06	0.00e+00	3.58e-07	1.07e-06	1.79e-06	2.52e-03	5.04e-03	2.39e-21
 1.19344e+16	4.40e-06	8.22e-03	4.49e-01	4.45e-01	9.82e-02	1.27e-06	0.00e+00	4.10e-07	1.23e-06	2.05e-06	2.74e-03	5.48e-03	3.38e-21
