#depth	N	N+	N+2	N+3	N+4	N+5	N+6	N+7
 1.49634e+10	0.00e+00	5.06e-31	1.35e-22	6.30e-15	4.67e-08	9.99e-01	8.44e-04	0.00e+00
 4.54887e+10	3.19e-40	7.12e-31	1.76e-22	7.58e-15	5.15e-08	9.99e-01	7.67e-04	2.64e-10
 7.72350e+10	0.00e+00	1.00e-30	2.29e-22	9.13e-15	5.67e-08	9.99e-01	6.98e-04	0.00e+00
 1.10251e+11	7.36e-40	1.40e-30	2.98e-22	1.10e-14	6.25e-08	9.99e-01	6.34e-04	0.00e+00
 1.40395e+11	0.00e+00	1.89e-30	3.76e-22	1.29e-14	6.81e-08	9.99e-01	5.83e-04	0.00e+00
 1.65977e+11	1.43e-39	2.41e-30	4.54e-22	1.48e-14	7.30e-08	9.99e-01	5.44e-04	0.00e+00
 1.94200e+11	0.00e+00	3.12e-30	5.56e-22	1.71e-14	7.88e-08	9.99e-01	5.05e-04	0.00e+00
 2.29318e+11	2.87e-39	4.26e-30	7.10e-22	2.03e-14	8.63e-08	1.00e+00	4.62e-04	0.00e+00
 2.64317e+11	0.00e+00	5.74e-30	8.96e-22	2.40e-14	9.42e-08	1.00e+00	4.23e-04	0.00e+00
 2.93996e+11	5.55e-39	7.31e-30	1.08e-21	2.75e-14	1.01e-07	1.00e+00	3.94e-04	0.00e+00
 3.25844e+11	0.00e+00	9.40e-30	1.32e-21	3.17e-14	1.09e-07	1.00e+00	3.66e-04	0.00e+00
 3.65685e+11	1.09e-38	1.27e-29	1.68e-21	3.76e-14	1.20e-07	1.00e+00	3.35e-04	0.00e+00
 4.06802e+11	0.00e+00	1.72e-29	2.12e-21	4.45e-14	1.31e-07	1.00e+00	3.07e-04	0.00e+00
 4.43492e+11	2.14e-38	2.22e-29	2.60e-21	5.15e-14	1.42e-07	1.00e+00	2.84e-04	0.00e+00
 4.83541e+11	0.00e+00	2.90e-29	3.22e-21	6.00e-14	1.54e-07	1.00e+00	2.62e-04	0.00e+00
 5.31265e+11	4.30e-38	3.95e-29	4.10e-21	7.16e-14	1.69e-07	1.00e+00	2.39e-04	0.00e+00
 5.79200e+11	0.00e+00	5.31e-29	5.19e-21	8.48e-14	1.85e-07	1.00e+00	2.19e-04	0.00e+00
 6.24136e+11	8.49e-38	6.92e-29	6.40e-21	9.87e-14	2.01e-07	1.00e+00	2.02e-04	0.00e+00
 6.74112e+11	0.00e+00	9.20e-29	8.02e-21	1.16e-13	2.19e-07	1.00e+00	1.85e-04	0.00e+00
 7.31003e+11	1.74e-37	1.25e-28	1.03e-20	1.39e-13	2.41e-07	1.00e+00	1.69e-04	0.00e+00
 7.87299e+11	0.00e+00	1.68e-28	1.29e-20	1.64e-13	2.64e-07	1.00e+00	1.54e-04	0.00e+00
 8.45847e+11	3.54e-37	2.25e-28	1.63e-20	1.94e-13	2.88e-07	1.00e+00	1.41e-04	0.00e+00
 9.09607e+11	0.00e+00	3.06e-28	2.08e-20	2.31e-13	3.17e-07	1.00e+00	1.29e-04	0.00e+00
 9.67757e+11	7.07e-37	3.99e-28	2.57e-20	2.70e-13	3.44e-07	1.00e+00	1.19e-04	0.00e+00
 1.01483e+12	0.00e+00	4.92e-28	3.03e-20	3.04e-13	3.67e-07	1.00e+00	1.11e-04	0.00e+00
 1.06412e+12	1.18e-36	6.09e-28	3.58e-20	3.43e-13	3.91e-07	1.00e+00	1.05e-04	0.00e+00
 1.12819e+12	0.00e+00	7.95e-28	4.43e-20	3.99e-13	4.25e-07	1.00e+00	9.64e-05	0.00e+00
 1.19580e+12	2.26e-36	1.04e-27	5.48e-20	4.66e-13	4.62e-07	1.00e+00	8.88e-05	0.00e+00
 1.25456e+12	0.00e+00	1.31e-27	6.57e-20	5.30e-13	4.94e-07	1.00e+00	8.30e-05	0.00e+00
 1.31749e+12	3.98e-36	1.66e-27	7.91e-20	6.07e-13	5.31e-07	1.00e+00	7.73e-05	0.00e+00
 1.39508e+12	0.00e+00	2.20e-27	9.88e-20	7.11e-13	5.79e-07	1.00e+00	7.10e-05	0.00e+00
 1.47425e+12	7.83e-36	2.90e-27	1.23e-19	8.32e-13	6.29e-07	1.00e+00	6.54e-05	0.00e+00
 1.54555e+12	0.00e+00	3.69e-27	1.48e-19	9.51e-13	6.76e-07	1.00e+00	6.09e-05	0.00e+00
 1.62410e+12	1.43e-35	4.76e-27	1.81e-19	1.10e-12	7.31e-07	1.00e+00	5.64e-05	0.00e+00
 1.70981e+12	0.00e+00	6.23e-27	2.24e-19	1.28e-12	7.92e-07	1.00e+00	5.21e-05	0.00e+00
 1.78772e+12	2.65e-35	7.89e-27	2.70e-19	1.46e-12	8.51e-07	1.00e+00	4.86e-05	0.00e+00
 1.87187e+12	0.00e+00	1.01e-26	3.28e-19	1.68e-12	9.16e-07	1.00e+00	4.52e-05	0.00e+00
 1.96642e+12	4.99e-35	1.32e-26	4.05e-19	1.95e-12	9.91e-07	1.00e+00	4.18e-05	0.00e+00
 2.05621e+12	0.00e+00	1.69e-26	4.92e-19	2.23e-12	1.07e-06	1.00e+00	3.88e-05	0.00e+00
 2.15467e+12	9.25e-35	2.20e-26	6.03e-19	2.58e-12	1.15e-06	1.00e+00	3.60e-05	0.00e+00
 2.26342e+12	0.00e+00	2.91e-26	7.50e-19	3.01e-12	1.25e-06	1.00e+00	3.32e-05	0.00e+00
 2.36427e+12	1.76e-34	3.73e-26	9.12e-19	3.46e-12	1.35e-06	1.00e+00	3.08e-05	0.00e+00
 2.47407e+12	2.43e-34	4.86e-26	1.12e-18	4.00e-12	1.45e-06	1.00e+00	2.86e-05	0.00e+00
 2.59722e+12	3.44e-34	6.45e-26	1.40e-18	4.68e-12	1.58e-06	1.00e+00	2.63e-05	0.00e+00
 2.71402e+12	4.74e-34	8.37e-26	1.71e-18	5.39e-12	1.70e-06	1.00e+00	2.44e-05	0.00e+00
 2.84010e+12	6.60e-34	1.10e-25	2.12e-18	6.26e-12	1.84e-06	1.00e+00	2.26e-05	0.00e+00
 2.98035e+12	9.42e-34	1.47e-25	2.66e-18	7.34e-12	2.00e-06	1.00e+00	2.08e-05	0.00e+00
 3.11561e+12	1.32e-33	1.93e-25	3.28e-18	8.50e-12	2.17e-06	1.00e+00	1.93e-05	0.00e+00
 3.25955e+12	1.85e-33	2.55e-25	4.07e-18	9.89e-12	2.34e-06	1.00e+00	1.78e-05	0.00e+00
 3.41986e+12	2.67e-33	3.43e-25	5.13e-18	1.16e-11	2.55e-06	1.00e+00	1.64e-05	0.00e+00
 3.58080e+12	3.81e-33	4.59e-25	6.42e-18	1.36e-11	2.77e-06	1.00e+00	1.51e-05	0.00e+00
 3.74817e+12	5.44e-33	6.13e-25	8.03e-18	1.59e-11	3.01e-06	1.00e+00	1.39e-05	0.00e+00
 3.92803e+12	7.86e-33	8.28e-25	1.01e-17	1.86e-11	3.27e-06	1.00e+00	1.28e-05	0.00e+00
 4.11507e+12	1.14e-32	1.12e-24	1.28e-17	2.19e-11	3.56e-06	1.00e+00	1.18e-05	0.00e+00
 4.29912e+12	1.62e-32	1.49e-24	1.59e-17	2.55e-11	3.85e-06	1.00e+00	1.09e-05	0.00e+00
 4.47027e+12	2.22e-32	1.92e-24	1.94e-17	2.92e-11	4.13e-06	1.00e+00	1.01e-05	0.00e+00
 4.62471e+12	2.93e-32	2.41e-24	2.30e-17	3.29e-11	4.40e-06	1.00e+00	9.53e-06	0.00e+00
 4.79030e+12	3.91e-32	3.04e-24	2.76e-17	3.72e-11	4.69e-06	1.00e+00	8.95e-06	0.00e+00
 4.99653e+12	5.54e-32	4.04e-24	3.43e-17	4.32e-11	5.06e-06	1.00e+00	8.28e-06	0.00e+00
 5.20335e+12	7.76e-32	5.31e-24	4.23e-17	4.99e-11	5.45e-06	1.00e+00	7.69e-06	0.00e+00
 5.38108e+12	1.03e-31	6.67e-24	5.03e-17	5.62e-11	5.80e-06	1.00e+00	7.24e-06	0.00e+00
 5.57326e+12	1.39e-31	8.48e-24	6.05e-17	6.37e-11	6.19e-06	1.00e+00	6.79e-06	0.00e+00
 5.81049e+12	1.98e-31	1.13e-23	7.53e-17	7.39e-11	6.68e-06	1.00e+00	6.29e-06	0.00e+00
 6.04774e+12	2.78e-31	1.49e-23	9.30e-17	8.54e-11	7.19e-06	1.00e+00	5.84e-06	0.00e+00
 6.25258e+12	3.72e-31	1.88e-23	1.11e-16	9.63e-11	7.65e-06	1.00e+00	5.50e-06	0.00e+00
 6.47378e+12	5.03e-31	2.40e-23	1.34e-16	1.09e-10	8.15e-06	1.00e+00	5.15e-06	0.00e+00
 6.74575e+12	7.20e-31	3.20e-23	1.66e-16	1.27e-10	8.80e-06	1.00e+00	4.78e-06	0.00e+00
 7.02029e+12	1.02e-30	4.25e-23	2.06e-16	1.47e-10	9.48e-06	1.00e+00	4.44e-06	0.00e+00
 7.26347e+12	1.38e-30	5.42e-23	2.48e-16	1.66e-10	1.01e-05	1.00e+00	4.17e-06	0.00e+00
 7.52931e+12	1.90e-30	7.01e-23	3.01e-16	1.89e-10	1.08e-05	1.00e+00	3.90e-06	0.00e+00
 7.84811e+12	2.76e-30	9.43e-23	3.77e-16	2.20e-10	1.17e-05	1.00e+00	3.61e-06	0.00e+00
 8.16593e+12	3.94e-30	1.26e-22	4.68e-16	2.55e-10	1.26e-05	1.00e+00	3.35e-06	0.00e+00
 8.45543e+12	5.40e-30	1.62e-22	5.67e-16	2.90e-10	1.34e-05	1.00e+00	3.14e-06	0.00e+00
 8.77798e+12	7.58e-30	2.13e-22	6.97e-16	3.33e-10	1.44e-05	1.00e+00	2.93e-06	0.00e+00
 9.15446e+12	1.11e-29	2.89e-22	8.78e-16	3.89e-10	1.55e-05	1.00e+00	2.71e-06	0.00e+00
 9.52557e+12	1.60e-29	3.87e-22	1.09e-15	4.51e-10	1.67e-05	1.00e+00	2.51e-06	0.00e+00
 9.87680e+12	2.23e-29	5.05e-22	1.34e-15	5.16e-10	1.79e-05	1.00e+00	2.35e-06	0.00e+00
 1.02671e+13	3.18e-29	6.73e-22	1.66e-15	5.96e-10	1.93e-05	1.00e+00	2.18e-06	0.00e+00
 1.07077e+13	4.69e-29	9.18e-22	2.10e-15	6.98e-10	2.09e-05	1.00e+00	2.02e-06	0.00e+00
 1.11504e+13	6.83e-29	1.24e-21	2.63e-15	8.13e-10	2.25e-05	1.00e+00	1.87e-06	0.00e+00
 1.16107e+13	9.95e-29	1.68e-21	3.31e-15	9.46e-10	2.43e-05	1.00e+00	1.73e-06	0.00e+00
 1.21051e+13	1.47e-28	2.29e-21	4.18e-15	1.11e-09	2.63e-05	1.00e+00	1.60e-06	0.00e+00
 1.25838e+13	2.10e-28	3.06e-21	5.20e-15	1.28e-09	2.84e-05	1.00e+00	1.49e-06	0.00e+00
 1.30339e+13	2.92e-28	3.98e-21	6.34e-15	1.47e-09	3.03e-05	1.00e+00	1.39e-06	0.00e+00
 1.35376e+13	4.17e-28	5.29e-21	7.86e-15	1.69e-09	3.26e-05	1.00e+00	1.29e-06	0.00e+00
 1.40452e+13	5.87e-28	6.97e-21	9.69e-15	1.95e-09	3.50e-05	1.00e+00	1.20e-06	0.00e+00
 1.44668e+13	7.75e-28	8.72e-21	1.15e-14	2.18e-09	3.71e-05	1.00e+00	1.14e-06	0.00e+00
 1.49132e+13	1.03e-27	1.10e-20	1.36e-14	2.45e-09	3.93e-05	1.00e+00	1.07e-06	0.00e+00
 1.54837e+13	1.46e-27	1.45e-20	1.69e-14	2.83e-09	4.23e-05	1.00e+00	9.97e-07	0.00e+00
 1.60822e+13	2.09e-27	1.93e-20	2.09e-14	3.27e-09	4.55e-05	1.00e+00	0.00e+00	0.00e+00
 1.66118e+13	2.83e-27	2.47e-20	2.52e-14	3.70e-09	4.85e-05	1.00e+00	0.00e+00	0.00e+00
 1.71855e+13	3.89e-27	3.19e-20	3.06e-14	4.22e-09	5.18e-05	1.00e+00	0.00e+00	0.00e+00
 1.78749e+13	5.62e-27	4.29e-20	3.83e-14	4.91e-09	5.60e-05	1.00e+00	0.00e+00	0.00e+00
 1.85730e+13	8.05e-27	5.72e-20	4.76e-14	5.70e-09	6.04e-05	1.00e+00	0.00e+00	0.00e+00
 1.92272e+13	1.11e-26	7.44e-20	5.81e-14	6.52e-09	6.46e-05	1.00e+00	0.00e+00	0.00e+00
 1.98583e+13	1.51e-26	9.49e-20	6.99e-14	7.39e-09	6.89e-05	1.00e+00	0.00e+00	0.00e+00
 2.05711e+13	2.10e-26	1.24e-19	8.56e-14	8.47e-09	7.39e-05	1.00e+00	0.00e+00	0.00e+00
 2.13577e+13	2.98e-26	1.64e-19	1.06e-13	9.81e-09	7.97e-05	1.00e+00	0.00e+00	0.00e+00
 2.20837e+13	4.07e-26	2.12e-19	1.29e-13	1.12e-08	8.51e-05	1.00e+00	0.00e+00	0.00e+00
 2.28711e+13	5.65e-26	2.76e-19	1.57e-13	1.28e-08	9.13e-05	1.00e+00	0.00e+00	0.00e+00
 2.37500e+13	8.03e-26	3.66e-19	1.96e-13	1.48e-08	9.85e-05	1.00e+00	0.00e+00	0.00e+00
 2.45756e+13	1.11e-25	4.74e-19	2.38e-13	1.70e-08	1.06e-04	1.00e+00	0.00e+00	0.00e+00
 2.54767e+13	1.55e-25	6.23e-19	2.93e-13	1.95e-08	1.13e-04	1.00e+00	0.00e+00	0.00e+00
 2.64781e+13	2.22e-25	8.33e-19	3.66e-13	2.27e-08	1.23e-04	1.00e+00	0.00e+00	0.00e+00
 2.74142e+13	3.08e-25	1.08e-18	4.48e-13	2.61e-08	1.32e-04	1.00e+00	0.00e+00	0.00e+00
 2.84305e+13	4.33e-25	1.43e-18	5.52e-13	3.01e-08	1.42e-04	1.00e+00	0.00e+00	0.00e+00
 2.95654e+13	6.25e-25	1.92e-18	6.93e-13	3.51e-08	1.53e-04	1.00e+00	0.00e+00	0.00e+00
 3.06448e+13	8.76e-25	2.52e-18	8.53e-13	4.04e-08	1.65e-04	1.00e+00	0.00e+00	0.00e+00
 3.17995e+13	1.24e-24	3.34e-18	1.06e-12	4.67e-08	1.78e-04	1.00e+00	0.00e+00	0.00e+00
 3.31014e+13	1.81e-24	4.53e-18	1.33e-12	5.47e-08	1.93e-04	1.00e+00	0.00e+00	0.00e+00
 3.43850e+13	2.59e-24	6.06e-18	1.66e-12	6.36e-08	2.08e-04	1.00e+00	0.00e+00	0.00e+00
 3.57199e+13	3.71e-24	8.10e-18	2.08e-12	7.39e-08	2.25e-04	1.00e+00	0.00e+00	0.00e+00
 3.70888e+13	5.29e-24	1.08e-17	2.58e-12	8.57e-08	2.43e-04	1.00e+00	0.00e+00	0.00e+00
 3.83571e+13	7.28e-24	1.40e-17	3.14e-12	9.79e-08	2.60e-04	1.00e+00	0.00e+00	0.00e+00
 3.97661e+13	1.02e-23	1.84e-17	3.88e-12	1.13e-07	2.79e-04	1.00e+00	0.00e+00	0.00e+00
 4.13137e+13	1.47e-23	2.47e-17	4.85e-12	1.31e-07	3.02e-04	1.00e+00	0.00e+00	0.00e+00
 4.27454e+13	2.04e-23	3.20e-17	5.91e-12	1.50e-07	3.23e-04	1.00e+00	0.00e+00	0.00e+00
 4.40021e+13	2.69e-23	4.00e-17	7.00e-12	1.68e-07	3.43e-04	1.00e+00	0.00e+00	0.00e+00
 4.53322e+13	3.57e-23	5.04e-17	8.34e-12	1.89e-07	3.64e-04	1.00e+00	0.00e+00	0.00e+00
 4.70205e+13	5.06e-23	6.67e-17	1.03e-11	2.19e-07	3.92e-04	1.00e+00	0.00e+00	0.00e+00
 4.87318e+13	7.14e-23	8.80e-17	1.27e-11	2.52e-07	4.21e-04	1.00e+00	0.00e+00	0.00e+00
 5.01776e+13	9.45e-23	1.10e-16	1.51e-11	2.83e-07	4.46e-04	1.00e+00	0.00e+00	0.00e+00
 5.17214e+13	1.26e-22	1.39e-16	1.81e-11	3.19e-07	4.75e-04	1.00e+00	0.00e+00	0.00e+00
 5.36609e+13	1.80e-22	1.85e-16	2.24e-11	3.69e-07	5.11e-04	9.99e-01	0.00e+00	0.00e+00
 5.56645e+13	2.56e-22	2.46e-16	2.78e-11	4.27e-07	5.50e-04	9.99e-01	0.00e+00	0.00e+00
 5.74306e+13	3.46e-22	3.14e-16	3.34e-11	4.83e-07	5.86e-04	9.99e-01	0.00e+00	0.00e+00
 5.93377e+13	4.74e-22	4.04e-16	4.05e-11	5.50e-07	6.26e-04	9.99e-01	0.00e+00	0.00e+00
 6.16389e+13	6.84e-22	5.43e-16	5.07e-11	6.40e-07	6.76e-04	9.99e-01	0.00e+00	0.00e+00
 6.39203e+13	9.71e-22	7.20e-16	6.27e-11	7.39e-07	7.27e-04	9.99e-01	0.00e+00	0.00e+00
 6.59478e+13	1.31e-21	9.17e-16	7.54e-11	8.36e-07	7.75e-04	9.99e-01	0.00e+00	0.00e+00
 6.81772e+13	1.81e-21	1.19e-15	9.17e-11	9.54e-07	8.29e-04	9.99e-01	0.00e+00	0.00e+00
 7.08410e+13	2.61e-21	1.60e-15	1.15e-10	1.11e-06	8.96e-04	9.99e-01	0.00e+00	0.00e+00
 7.34873e+13	3.71e-21	2.12e-15	1.43e-10	1.29e-06	9.65e-04	9.99e-01	0.00e+00	0.00e+00
 7.58968e+13	5.06e-21	2.72e-15	1.72e-10	1.46e-06	1.03e-03	9.99e-01	0.00e+00	0.00e+00
 7.85804e+13	7.05e-21	3.56e-15	2.11e-10	1.68e-06	1.11e-03	9.99e-01	0.00e+00	0.00e+00
 8.17141e+13	1.02e-20	4.81e-15	2.66e-10	1.96e-06	1.20e-03	9.99e-01	0.00e+00	0.00e+00
 8.47967e+13	1.46e-20	6.39e-15	3.31e-10	2.27e-06	1.29e-03	9.99e-01	0.00e+00	0.00e+00
 8.76953e+13	2.00e-20	8.27e-15	4.03e-10	2.60e-06	1.39e-03	9.99e-01	0.00e+00	0.00e+00
 9.09257e+13	2.81e-20	1.09e-14	4.98e-10	3.00e-06	1.49e-03	9.99e-01	0.00e+00	0.00e+00
 9.45927e+13	4.07e-20	1.47e-14	6.28e-10	3.52e-06	1.62e-03	9.98e-01	0.00e+00	0.00e+00
 9.82541e+13	5.81e-20	1.97e-14	7.84e-10	4.10e-06	1.75e-03	9.98e-01	0.00e+00	0.00e+00
 1.01789e+14	8.07e-20	2.57e-14	9.64e-10	4.72e-06	1.89e-03	9.98e-01	0.00e+00	0.00e+00
 1.04856e+14	1.06e-19	3.22e-14	1.15e-09	5.31e-06	2.01e-03	9.98e-01	0.00e+00	0.00e+00
 1.07418e+14	1.33e-19	3.86e-14	1.32e-09	5.85e-06	2.12e-03	9.98e-01	0.00e+00	0.00e+00
 1.10264e+14	1.68e-19	4.69e-14	1.54e-09	6.50e-06	2.24e-03	9.98e-01	0.00e+00	0.00e+00
 1.13965e+14	2.28e-19	6.00e-14	1.86e-09	7.42e-06	2.40e-03	9.98e-01	0.00e+00	0.00e+00
 1.17867e+14	3.09e-19	7.70e-14	2.26e-09	8.50e-06	2.58e-03	9.97e-01	0.00e+00	0.00e+00
 1.21235e+14	3.98e-19	9.49e-14	2.67e-09	9.51e-06	2.74e-03	9.97e-01	0.00e+00	0.00e+00
 1.24818e+14	5.16e-19	1.18e-13	3.16e-09	1.07e-05	2.92e-03	9.97e-01	0.00e+00	0.00e+00
 1.29395e+14	7.11e-19	1.53e-13	3.89e-09	1.24e-05	3.15e-03	9.97e-01	0.00e+00	0.00e+00
 1.34102e+14	9.74e-19	1.99e-13	4.78e-09	1.43e-05	3.41e-03	9.97e-01	0.00e+00	0.00e+00
 1.38133e+14	1.26e-18	2.47e-13	5.67e-09	1.61e-05	3.64e-03	9.96e-01	0.00e+00	0.00e+00
 1.42447e+14	1.65e-18	3.08e-13	6.77e-09	1.82e-05	3.89e-03	9.96e-01	0.00e+00	0.00e+00
 1.47797e+14	2.27e-18	4.02e-13	8.38e-09	2.11e-05	4.22e-03	9.96e-01	0.00e+00	0.00e+00
 1.53286e+14	3.11e-18	5.22e-13	1.03e-08	2.44e-05	4.58e-03	9.95e-01	0.00e+00	0.00e+00
 1.58176e+14	4.06e-18	6.54e-13	1.24e-08	2.77e-05	4.91e-03	9.95e-01	0.00e+00	0.00e+00
 1.63497e+14	5.36e-18	8.26e-13	1.50e-08	3.17e-05	5.29e-03	9.95e-01	0.00e+00	0.00e+00
 1.69850e+14	7.43e-18	1.09e-12	1.87e-08	3.69e-05	5.76e-03	9.94e-01	0.00e+00	0.00e+00
 1.76115e+14	1.01e-17	1.40e-12	2.30e-08	4.27e-05	6.25e-03	9.94e-01	0.00e+00	0.00e+00
 1.81751e+14	1.31e-17	1.75e-12	2.76e-08	4.85e-05	6.71e-03	9.93e-01	0.00e+00	0.00e+00
 1.88001e+14	1.74e-17	2.23e-12	3.35e-08	5.56e-05	7.24e-03	9.93e-01	0.00e+00	0.00e+00
 1.95379e+14	2.40e-17	2.92e-12	4.19e-08	6.48e-05	7.89e-03	9.92e-01	0.00e+00	0.00e+00
 2.02668e+14	3.25e-17	3.78e-12	5.17e-08	7.51e-05	8.58e-03	9.91e-01	0.00e+00	0.00e+00
 2.09409e+14	4.27e-17	4.76e-12	6.25e-08	8.56e-05	9.23e-03	9.91e-01	0.00e+00	0.00e+00
 2.16975e+14	5.74e-17	6.12e-12	7.68e-08	9.87e-05	1.00e-02	9.90e-01	0.00e+00	0.00e+00
 2.25684e+14	7.95e-17	8.08e-12	9.65e-08	1.16e-04	1.09e-02	9.89e-01	0.00e+00	0.00e+00
 2.34212e+14	1.08e-16	1.05e-11	1.20e-07	1.34e-04	1.19e-02	9.88e-01	0.00e+00	0.00e+00
 2.43082e+14	1.76e-16	1.37e-11	1.49e-07	1.56e-04	1.29e-02	9.87e-01	0.00e+00	0.00e+00
 2.52835e+14	2.47e-16	1.81e-11	1.87e-07	1.82e-04	1.42e-02	9.86e-01	0.00e+00	0.00e+00
 2.61088e+14	3.24e-16	2.27e-11	2.26e-07	2.07e-04	1.52e-02	9.85e-01	0.00e+00	0.00e+00
 2.67123e+14	3.95e-16	2.68e-11	2.58e-07	2.27e-04	1.60e-02	9.84e-01	0.00e+00	0.00e+00
 2.73458e+14	4.83e-16	3.17e-11	2.97e-07	2.49e-04	1.69e-02	9.83e-01	0.00e+00	0.00e+00
 2.81695e+14	6.23e-16	3.91e-11	3.53e-07	2.81e-04	1.81e-02	9.82e-01	0.00e+00	0.00e+00
 2.90779e+14	8.20e-16	4.92e-11	4.26e-07	3.19e-04	1.94e-02	9.80e-01	0.00e+00	0.00e+00
 2.99185e+14	1.05e-15	6.04e-11	5.04e-07	3.57e-04	2.07e-02	9.79e-01	0.00e+00	0.00e+00
 3.08331e+14	1.36e-15	7.51e-11	6.03e-07	4.03e-04	2.21e-02	9.77e-01	0.00e+00	0.00e+00
 3.18609e+14	1.82e-15	9.54e-11	7.33e-07	4.60e-04	2.38e-02	9.76e-01	0.00e+00	0.00e+00
 3.28395e+14	2.36e-15	1.19e-10	8.78e-07	5.19e-04	2.55e-02	9.74e-01	0.00e+00	0.00e+00
 3.39152e+14	3.13e-15	1.50e-10	1.06e-06	5.90e-04	2.74e-02	9.72e-01	0.00e+00	0.00e+00
 3.51181e+14	4.27e-15	1.94e-10	1.31e-06	6.78e-04	2.96e-02	9.70e-01	0.00e+00	0.00e+00
 3.62606e+14	5.67e-15	2.46e-10	1.59e-06	7.71e-04	3.18e-02	9.67e-01	0.00e+00	0.00e+00
 3.75201e+14	7.68e-15	3.17e-10	1.95e-06	8.84e-04	3.43e-02	9.65e-01	0.00e+00	0.00e+00
 3.89326e+14	1.07e-14	4.17e-10	2.44e-06	1.03e-03	3.72e-02	9.62e-01	0.00e+00	0.00e+00
 4.02670e+14	1.42e-14	5.36e-10	2.98e-06	1.17e-03	4.01e-02	9.59e-01	0.00e+00	0.00e+00
 4.17203e+14	1.96e-14	6.99e-10	3.70e-06	1.35e-03	4.33e-02	9.55e-01	0.00e+00	0.00e+00
 4.33348e+14	2.76e-14	9.29e-10	4.65e-06	1.57e-03	4.71e-02	9.51e-01	0.00e+00	0.00e+00
 4.48487e+14	3.77e-14	1.21e-09	5.73e-06	1.81e-03	5.07e-02	9.47e-01	0.00e+00	0.00e+00
 4.64803e+14	5.21e-14	1.58e-09	7.11e-06	2.08e-03	5.48e-02	9.43e-01	0.00e+00	0.00e+00
 4.83047e+14	7.41e-14	2.12e-09	8.99e-06	2.43e-03	5.96e-02	9.38e-01	0.00e+00	0.00e+00
 5.00582e+14	1.03e-13	2.78e-09	1.12e-05	2.80e-03	6.43e-02	9.33e-01	0.00e+00	0.00e+00
 5.19198e+14	1.44e-13	3.67e-09	1.39e-05	3.24e-03	6.95e-02	9.27e-01	0.00e+00	0.00e+00
 5.39996e+14	2.07e-13	4.96e-09	1.77e-05	3.79e-03	7.56e-02	9.21e-01	0.00e+00	0.00e+00
 5.57483e+14	2.78e-13	6.35e-09	2.15e-05	4.31e-03	8.09e-02	9.15e-01	0.00e+00	0.00e+00
 5.70050e+14	3.41e-13	7.54e-09	2.46e-05	4.71e-03	8.48e-02	9.10e-01	0.00e+00	0.00e+00
 5.83120e+14	4.22e-13	8.98e-09	2.83e-05	5.16e-03	8.90e-02	9.06e-01	0.00e+00	0.00e+00
 6.00110e+14	5.51e-13	1.12e-08	3.37e-05	5.78e-03	9.45e-02	9.00e-01	0.00e+00	0.00e+00
 6.19075e+14	7.36e-13	1.43e-08	4.07e-05	6.54e-03	1.01e-01	8.93e-01	0.00e+00	0.00e+00
 6.36857e+14	9.60e-13	1.78e-08	4.84e-05	7.31e-03	1.07e-01	8.86e-01	0.00e+00	0.00e+00
 6.56223e+14	1.27e-12	2.25e-08	5.81e-05	8.24e-03	1.14e-01	8.78e-01	0.00e+00	0.00e+00
 6.77881e+14	1.72e-12	2.89e-08	7.08e-05	9.36e-03	1.21e-01	8.69e-01	0.00e+00	0.00e+00
 6.98300e+14	2.28e-12	3.64e-08	8.48e-05	1.05e-02	1.29e-01	8.60e-01	0.00e+00	0.00e+00
 7.20629e+14	3.06e-12	4.66e-08	1.03e-04	1.19e-02	1.37e-01	8.51e-01	0.00e+00	0.00e+00
 7.45664e+14	4.21e-12	6.08e-08	1.26e-04	1.36e-02	1.47e-01	8.39e-01	0.00e+00	0.00e+00
 7.69428e+14	5.66e-12	7.77e-08	1.53e-04	1.54e-02	1.56e-01	8.28e-01	0.00e+00	0.00e+00
 7.95530e+14	7.75e-12	1.01e-07	1.87e-04	1.75e-02	1.67e-01	8.16e-01	0.00e+00	0.00e+00
 8.24642e+14	1.09e-11	1.33e-07	2.32e-04	2.01e-02	1.78e-01	8.01e-01	0.00e+00	0.00e+00
 8.51716e+14	1.47e-11	1.72e-07	2.82e-04	2.28e-02	1.90e-01	7.87e-01	0.00e+00	0.00e+00
 8.80964e+14	2.02e-11	2.23e-07	3.45e-04	2.59e-02	2.02e-01	7.72e-01	0.00e+00	0.00e+00
 9.13750e+14	2.83e-11	2.97e-07	4.29e-04	2.98e-02	2.16e-01	7.54e-01	0.00e+00	0.00e+00
 9.44510e+14	3.86e-11	3.83e-07	5.22e-04	3.37e-02	2.29e-01	7.37e-01	0.00e+00	0.00e+00
 9.77869e+14	5.33e-11	5.01e-07	6.41e-04	3.83e-02	2.43e-01	7.18e-01	0.00e+00	0.00e+00
 1.01324e+15	7.38e-11	6.58e-07	7.90e-04	4.37e-02	2.58e-01	6.98e-01	0.00e+00	0.00e+00
 1.04401e+15	9.71e-11	8.27e-07	9.40e-04	4.87e-02	2.70e-01	6.80e-01	0.00e+00	0.00e+00
 1.07038e+15	1.22e-10	1.00e-06	1.09e-03	5.33e-02	2.81e-01	6.64e-01	0.00e+00	0.00e+00
 1.09821e+15	1.54e-10	1.22e-06	1.26e-03	5.83e-02	2.93e-01	6.48e-01	0.00e+00	0.00e+00
 1.13439e+15	2.07e-10	1.56e-06	1.52e-03	6.54e-02	3.07e-01	6.26e-01	0.00e+00	0.00e+00
 1.17086e+15	2.75e-10	1.97e-06	1.82e-03	7.29e-02	3.21e-01	6.04e-01	0.00e+00	0.00e+00
 1.20027e+15	3.43e-10	2.37e-06	2.09e-03	7.94e-02	3.32e-01	5.86e-01	0.00e+00	0.00e+00
 1.23107e+15	4.32e-10	2.86e-06	2.41e-03	8.64e-02	3.43e-01	5.68e-01	0.00e+00	0.00e+00
 1.27112e+15	5.78e-10	3.64e-06	2.88e-03	9.62e-02	3.57e-01	5.43e-01	0.00e+00	0.00e+00
 1.31268e+15	7.68e-10	4.61e-06	3.44e-03	1.07e-01	3.71e-01	5.19e-01	0.00e+00	0.00e+00
 1.34803e+15	9.71e-10	5.60e-06	3.97e-03	1.16e-01	3.82e-01	4.98e-01	0.00e+00	0.00e+00
 1.38578e+15	1.24e-09	6.86e-06	4.61e-03	1.26e-01	3.93e-01	4.76e-01	0.00e+00	0.00e+00
 1.43486e+15	1.70e-09	8.85e-06	5.56e-03	1.41e-01	4.06e-01	4.48e-01	0.00e+00	0.00e+00
 1.48510e+15	2.28e-09	1.13e-05	6.65e-03	1.56e-01	4.18e-01	4.20e-01	0.00e+00	0.00e+00
 1.52605e+15	2.88e-09	1.37e-05	7.63e-03	1.68e-01	4.26e-01	3.98e-01	0.00e+00	0.00e+00
 1.56845e+15	3.66e-09	1.66e-05	8.79e-03	1.81e-01	4.34e-01	3.76e-01	0.00e+00	0.00e+00
 1.62357e+15	4.94e-09	2.12e-05	1.05e-02	1.99e-01	4.42e-01	3.48e-01	0.00e+00	0.00e+00
 1.68055e+15	6.59e-09	2.69e-05	1.24e-02	2.18e-01	4.48e-01	3.21e-01	0.00e+00	0.00e+00
 1.72843e+15	8.32e-09	3.25e-05	1.42e-02	2.34e-01	4.52e-01	3.00e-01	0.00e+00	0.00e+00
 1.77917e+15	1.06e-08	3.96e-05	1.63e-02	2.51e-01	4.55e-01	2.78e-01	0.00e+00	0.00e+00
 1.83407e+15	1.37e-08	4.85e-05	1.88e-02	2.69e-01	4.56e-01	2.56e-01	0.00e+00	0.00e+00
 1.88340e+15	1.69e-08	5.76e-05	2.12e-02	2.85e-01	4.56e-01	2.38e-01	0.00e+00	0.00e+00
 1.92711e+15	2.04e-08	6.69e-05	2.35e-02	3.00e-01	4.55e-01	2.22e-01	0.00e+00	0.00e+00
 1.97451e+15	2.50e-08	7.85e-05	2.63e-02	3.15e-01	4.53e-01	2.06e-01	0.00e+00	0.00e+00
 2.02688e+15	3.08e-08	9.28e-05	2.95e-02	3.32e-01	4.49e-01	1.89e-01	0.00e+00	0.00e+00
 2.07775e+15	3.76e-08	1.09e-04	3.29e-02	3.48e-01	4.44e-01	1.74e-01	0.00e+00	0.00e+00
 2.12720e+15	4.53e-08	1.26e-04	3.63e-02	3.64e-01	4.39e-01	1.61e-01	0.00e+00	0.00e+00
 2.18275e+15	5.60e-08	1.49e-04	4.06e-02	3.81e-01	4.32e-01	1.46e-01	0.00e+00	0.00e+00
 2.24495e+15	6.98e-08	1.77e-04	4.56e-02	3.99e-01	4.23e-01	1.32e-01	0.00e+00	0.00e+00
 2.30400e+15	8.54e-08	2.07e-04	5.07e-02	4.16e-01	4.14e-01	1.19e-01	0.00e+00	0.00e+00
 2.35821e+15	1.02e-07	2.38e-04	5.57e-02	4.30e-01	4.05e-01	1.09e-01	0.00e+00	0.00e+00
 2.41793e+15	1.25e-07	2.78e-04	6.17e-02	4.46e-01	3.94e-01	9.79e-02	0.00e+00	0.00e+00
 2.48277e+15	1.54e-07	3.25e-04	6.84e-02	4.62e-01	3.82e-01	8.73e-02	0.00e+00	0.00e+00
 2.54401e+15	1.85e-07	3.76e-04	7.52e-02	4.76e-01	3.70e-01	7.84e-02	0.00e+00	0.00e+00
 2.60379e+15	2.21e-07	4.30e-04	8.22e-02	4.89e-01	3.57e-01	7.05e-02	0.00e+00	0.00e+00
 2.67192e+15	2.73e-07	5.05e-04	9.10e-02	5.04e-01	3.43e-01	6.21e-02	0.00e+00	0.00e+00
 2.74683e+15	3.38e-07	5.93e-04	1.01e-01	5.17e-01	3.27e-01	5.41e-02	0.00e+00	0.00e+00
 2.81645e+15	4.08e-07	6.85e-04	1.11e-01	5.29e-01	3.12e-01	4.77e-02	0.00e+00	0.00e+00
 2.88182e+15	4.87e-07	7.83e-04	1.21e-01	5.39e-01	2.98e-01	4.21e-02	0.00e+00	0.00e+00
 2.94598e+15	5.79e-07	8.91e-04	1.31e-01	5.47e-01	2.84e-01	3.72e-02	0.00e+00	0.00e+00
 3.01961e+15	7.13e-07	1.04e-03	1.44e-01	5.55e-01	2.67e-01	3.21e-02	0.00e+00	0.00e+00
 3.09583e+15	8.59e-07	1.20e-03	1.57e-01	5.62e-01	2.51e-01	2.77e-02	0.00e+00	0.00e+00
 3.16202e+15	1.02e-06	1.36e-03	1.70e-01	5.67e-01	2.37e-01	2.42e-02	0.00e+00	0.00e+00
 3.23469e+15	1.24e-06	1.57e-03	1.85e-01	5.71e-01	2.22e-01	2.07e-02	0.00e+00	0.00e+00
 3.30291e+15	1.45e-06	1.77e-03	2.00e-01	5.72e-01	2.08e-01	1.80e-02	0.00e+00	0.00e+00
 3.35211e+15	1.63e-06	1.94e-03	2.11e-01	5.73e-01	1.98e-01	1.62e-02	0.00e+00	0.00e+00
 3.40283e+15	1.87e-06	2.14e-03	2.23e-01	5.72e-01	1.88e-01	1.45e-02	0.00e+00	0.00e+00
 3.45994e+15	2.16e-06	2.38e-03	2.38e-01	5.71e-01	1.76e-01	1.27e-02	0.00e+00	0.00e+00
 3.51410e+15	2.47e-06	2.63e-03	2.52e-01	5.68e-01	1.66e-01	1.12e-02	0.00e+00	0.00e+00
 3.56407e+15	2.81e-06	2.89e-03	2.66e-01	5.65e-01	1.56e-01	9.93e-03	0.00e+00	0.00e+00
 3.61985e+15	3.25e-06	3.22e-03	2.82e-01	5.60e-01	1.46e-01	8.63e-03	0.00e+00	0.00e+00
 3.67926e+15	3.79e-06	3.61e-03	3.00e-01	5.54e-01	1.35e-01	7.41e-03	0.00e+00	0.00e+00
 3.73020e+15	4.29e-06	3.96e-03	3.16e-01	5.47e-01	1.26e-01	6.51e-03	0.00e+00	0.00e+00
 3.78325e+15	4.86e-06	4.35e-03	3.34e-01	5.39e-01	1.17e-01	5.64e-03	0.00e+00	0.00e+00
 3.84286e+15	5.87e-06	4.98e-03	3.56e-01	5.28e-01	1.06e-01	4.71e-03	0.00e+00	0.00e+00
 3.89312e+15	6.67e-06	5.48e-03	3.73e-01	5.19e-01	9.84e-02	4.07e-03	0.00e+00	0.00e+00
 3.94058e+15	7.63e-06	6.05e-03	3.92e-01	5.08e-01	9.07e-02	3.51e-03	0.00e+00	0.00e+00
 3.99354e+15	8.63e-06	6.63e-03	4.12e-01	4.96e-01	8.28e-02	2.98e-03	0.00e+00	0.00e+00
 4.04578e+15	1.00e-05	7.41e-03	4.33e-01	4.82e-01	7.49e-02	2.49e-03	0.00e+00	0.00e+00
 4.09441e+15	1.19e-05	8.36e-03	4.55e-01	4.67e-01	6.77e-02	2.08e-03	0.00e+00	0.00e+00
 4.13504e+15	1.34e-05	9.12e-03	4.73e-01	4.54e-01	6.21e-02	1.79e-03	0.00e+00	0.00e+00
 4.17670e+15	1.50e-05	9.89e-03	4.91e-01	4.41e-01	5.66e-02	1.52e-03	0.00e+00	0.00e+00
 4.23086e+15	1.84e-05	1.14e-02	5.17e-01	4.21e-01	4.94e-02	1.20e-03	0.00e+00	0.00e+00
 4.28154e+15	2.09e-05	1.26e-02	5.39e-01	4.03e-01	4.37e-02	9.76e-04	0.00e+00	0.00e+00
 4.32085e+15	2.48e-05	1.42e-02	5.60e-01	3.86e-01	3.89e-02	7.96e-04	0.00e+00	0.00e+00
 4.35634e+15	2.78e-05	1.54e-02	5.76e-01	3.73e-01	3.52e-02	6.73e-04	0.00e+00	0.00e+00
 4.39372e+15	3.11e-05	1.67e-02	5.93e-01	3.58e-01	3.15e-02	5.60e-04	0.00e+00	0.00e+00
 4.43208e+15	3.57e-05	1.84e-02	6.11e-01	3.42e-01	2.79e-02	4.56e-04	0.00e+00	0.00e+00
 4.46095e+15	4.06e-05	2.01e-02	6.26e-01	3.29e-01	2.52e-02	3.84e-04	0.00e+00	0.00e+00
 4.48141e+15	4.37e-05	2.12e-02	6.35e-01	3.20e-01	2.35e-02	3.41e-04	0.00e+00	0.00e+00
 4.50169e+15	4.67e-05	2.22e-02	6.44e-01	3.12e-01	2.19e-02	3.03e-04	0.00e+00	0.00e+00
 4.52805e+15	5.18e-05	2.38e-02	6.56e-01	3.00e-01	1.98e-02	2.57e-04	0.00e+00	0.00e+00
 4.55741e+15	5.82e-05	2.58e-02	6.69e-01	2.87e-01	1.77e-02	2.13e-04	0.00e+00	0.00e+00
 4.58427e+15	6.61e-05	2.82e-02	6.81e-01	2.75e-01	1.58e-02	1.76e-04	0.00e+00	0.00e+00
 4.60663e+15	7.22e-05	3.00e-02	6.90e-01	2.65e-01	1.44e-02	1.51e-04	0.00e+00	0.00e+00
 4.62956e+15	7.85e-05	3.17e-02	6.99e-01	2.56e-01	1.31e-02	1.29e-04	0.00e+00	0.00e+00
 4.65936e+15	9.09e-05	3.51e-02	7.12e-01	2.42e-01	1.13e-02	1.02e-04	0.00e+00	0.00e+00
 4.68812e+15	1.01e-04	3.76e-02	7.21e-01	2.31e-01	1.00e-02	8.33e-05	0.00e+00	0.00e+00
 4.71551e+15	1.16e-04	4.14e-02	7.31e-01	2.18e-01	8.67e-03	6.57e-05	0.00e+00	0.00e+00
 4.74262e+15	1.30e-04	4.48e-02	7.40e-01	2.07e-01	7.60e-03	5.30e-05	0.00e+00	0.00e+00
 4.76498e+15	1.43e-04	4.79e-02	7.47e-01	1.99e-01	6.78e-03	4.39e-05	0.00e+00	0.00e+00
 4.78965e+15	1.61e-04	5.17e-02	7.54e-01	1.89e-01	5.93e-03	3.53e-05	0.00e+00	0.00e+00
 4.81691e+15	1.82e-04	5.62e-02	7.60e-01	1.78e-01	5.11e-03	2.77e-05	0.00e+00	0.00e+00
 4.84181e+15	2.04e-04	6.06e-02	7.66e-01	1.69e-01	4.46e-03	2.22e-05	0.00e+00	0.00e+00
 4.86489e+15	2.27e-04	6.50e-02	7.70e-01	1.61e-01	3.91e-03	1.79e-05	0.00e+00	0.00e+00
 4.89136e+15	2.57e-04	7.06e-02	7.75e-01	1.51e-01	3.34e-03	1.38e-05	0.00e+00	0.00e+00
 4.91981e+15	2.93e-04	7.71e-02	7.78e-01	1.42e-01	2.82e-03	1.05e-05	0.00e+00	0.00e+00
 4.94472e+15	3.29e-04	8.31e-02	7.81e-01	1.34e-01	2.42e-03	8.24e-06	0.00e+00	0.00e+00
 4.97098e+15	3.73e-04	9.03e-02	7.82e-01	1.25e-01	2.05e-03	6.28e-06	0.00e+00	0.00e+00
 4.99950e+15	4.26e-04	9.85e-02	7.83e-01	1.16e-01	1.71e-03	4.69e-06	0.00e+00	0.00e+00
 5.02522e+15	4.80e-04	1.06e-01	7.83e-01	1.09e-01	1.45e-03	3.60e-06	0.00e+00	0.00e+00
 5.04913e+15	5.39e-04	1.15e-01	7.81e-01	1.02e-01	1.23e-03	2.78e-06	0.00e+00	0.00e+00
 5.07647e+15	6.16e-04	1.25e-01	7.79e-01	9.48e-02	1.02e-03	2.06e-06	0.00e+00	0.00e+00
 5.10637e+15	7.11e-04	1.37e-01	7.75e-01	8.71e-02	8.30e-04	1.48e-06	0.00e+00	0.00e+00
 5.13330e+15	8.10e-04	1.49e-01	7.70e-01	8.04e-02	6.87e-04	1.10e-06	0.00e+00	0.00e+00
 5.15800e+15	9.13e-04	1.60e-01	7.64e-01	7.46e-02	5.75e-04	8.28e-07	0.00e+00	0.00e+00
 5.18610e+15	1.05e-03	1.75e-01	7.56e-01	6.82e-02	4.65e-04	0.00e+00	0.00e+00	0.00e+00
 5.21721e+15	1.22e-03	1.92e-01	7.45e-01	6.15e-02	3.68e-04	0.00e+00	0.00e+00	0.00e+00
 5.24587e+15	1.41e-03	2.10e-01	7.33e-01	5.57e-02	2.94e-04	0.00e+00	0.00e+00	0.00e+00
 5.27242e+15	1.62e-03	2.27e-01	7.20e-01	5.05e-02	2.38e-04	0.00e+00	0.00e+00	0.00e+00
 5.30259e+15	1.88e-03	2.49e-01	7.04e-01	4.50e-02	1.85e-04	0.00e+00	0.00e+00	0.00e+00
 5.33616e+15	2.24e-03	2.76e-01	6.82e-01	3.92e-02	1.39e-04	0.00e+00	0.00e+00	0.00e+00
 5.36741e+15	2.64e-03	3.04e-01	6.60e-01	3.42e-02	1.05e-04	0.00e+00	0.00e+00	0.00e+00
 5.39684e+15	3.08e-03	3.31e-01	6.36e-01	2.98e-02	8.03e-05	0.00e+00	0.00e+00	0.00e+00
 5.43067e+15	3.68e-03	3.66e-01	6.05e-01	2.51e-02	5.75e-05	0.00e+00	0.00e+00	0.00e+00
 5.46727e+15	4.49e-03	4.08e-01	5.67e-01	2.05e-02	3.95e-05	0.00e+00	0.00e+00	0.00e+00
 5.49904e+15	5.37e-03	4.48e-01	5.30e-01	1.69e-02	2.79e-05	0.00e+00	0.00e+00	0.00e+00
 5.52666e+15	6.26e-03	4.84e-01	4.95e-01	1.41e-02	2.04e-05	0.00e+00	0.00e+00	0.00e+00
 5.55732e+15	7.44e-03	5.26e-01	4.55e-01	1.13e-02	1.39e-05	0.00e+00	0.00e+00	0.00e+00
 5.59121e+15	9.01e-03	5.76e-01	4.06e-01	8.62e-03	8.89e-06	0.00e+00	0.00e+00	0.00e+00
 5.62142e+15	1.08e-02	6.22e-01	3.61e-01	6.59e-03	5.77e-06	0.00e+00	0.00e+00	0.00e+00
 5.64535e+15	1.24e-02	6.58e-01	3.24e-01	5.21e-03	4.00e-06	0.00e+00	0.00e+00	0.00e+00
 5.66504e+15	1.39e-02	6.88e-01	2.94e-01	4.24e-03	2.91e-06	0.00e+00	0.00e+00	0.00e+00
 5.68666e+15	1.58e-02	7.19e-01	2.62e-01	3.33e-03	2.01e-06	0.00e+00	0.00e+00	0.00e+00
 5.71056e+15	1.82e-02	7.53e-01	2.27e-01	2.49e-03	1.30e-06	0.00e+00	0.00e+00	0.00e+00
 5.73164e+15	2.08e-02	7.81e-01	1.96e-01	1.87e-03	8.59e-07	0.00e+00	0.00e+00	0.00e+00
 5.74909e+15	2.32e-02	8.03e-01	1.72e-01	1.45e-03	0.00e+00	0.00e+00	0.00e+00	0.00e+00
 5.76759e+15	2.60e-02	8.24e-01	1.48e-01	1.10e-03	0.00e+00	0.00e+00	0.00e+00	0.00e+00
 5.78766e+15	2.95e-02	8.45e-01	1.25e-01	7.94e-04	0.00e+00	0.00e+00	0.00e+00	0.00e+00
 5.80529e+15	3.32e-02	8.61e-01	1.05e-01	5.79e-04	0.00e+00	0.00e+00	0.00e+00	0.00e+00
 5.82020e+15	3.67e-02	8.72e-01	9.06e-02	4.40e-04	0.00e+00	0.00e+00	0.00e+00	0.00e+00
 5.83606e+15	4.08e-02	8.82e-01	7.64e-02	3.23e-04	0.00e+00	0.00e+00	0.00e+00	0.00e+00
 5.85298e+15	4.58e-02	8.91e-01	6.29e-02	2.28e-04	0.00e+00	0.00e+00	0.00e+00	0.00e+00
 5.86774e+15	5.09e-02	8.97e-01	5.23e-02	1.64e-04	0.00e+00	0.00e+00	0.00e+00	0.00e+00
 5.88101e+15	5.61e-02	9.00e-01	4.41e-02	1.21e-04	0.00e+00	0.00e+00	0.00e+00	0.00e+00
 5.89378e+15	6.17e-02	9.01e-01	3.70e-02	8.94e-05	0.00e+00	0.00e+00	0.00e+00	0.00e+00
 5.90827e+15	6.88e-02	9.01e-01	3.02e-02	6.23e-05	0.00e+00	0.00e+00	0.00e+00	0.00e+00
 5.92434e+15	7.78e-02	8.98e-01	2.37e-02	4.09e-05	0.00e+00	0.00e+00	0.00e+00	0.00e+00
 5.93882e+15	8.74e-02	8.94e-01	1.88e-02	2.74e-05	0.00e+00	0.00e+00	0.00e+00	0.00e+00
 5.95144e+15	9.67e-02	8.88e-01	1.52e-02	1.90e-05	0.00e+00	0.00e+00	0.00e+00	0.00e+00
 5.96435e+15	1.07e-01	8.80e-01	1.22e-02	1.29e-05	0.00e+00	0.00e+00	0.00e+00	0.00e+00
 5.97688e+15	1.19e-01	8.71e-01	9.71e-03	8.77e-06	0.00e+00	0.00e+00	0.00e+00	0.00e+00
 5.98738e+15	1.30e-01	8.62e-01	7.97e-03	6.26e-06	0.00e+00	0.00e+00	0.00e+00	0.00e+00
 5.99742e+15	1.41e-01	8.52e-01	6.57e-03	4.50e-06	0.00e+00	0.00e+00	0.00e+00	0.00e+00
 6.00786e+15	1.54e-01	8.41e-01	5.34e-03	3.16e-06	0.00e+00	0.00e+00	0.00e+00	0.00e+00
 6.01790e+15	1.67e-01	8.28e-01	4.35e-03	2.23e-06	0.00e+00	0.00e+00	0.00e+00	0.00e+00
 6.02699e+15	1.80e-01	8.17e-01	3.61e-03	1.62e-06	0.00e+00	0.00e+00	0.00e+00	0.00e+00
 6.03505e+15	1.91e-01	8.05e-01	3.04e-03	1.22e-06	0.00e+00	0.00e+00	0.00e+00	0.00e+00
 6.04108e+15	2.01e-01	7.97e-01	2.67e-03	9.80e-07	0.00e+00	0.00e+00	0.00e+00	0.00e+00
 6.04523e+15	2.07e-01	7.90e-01	2.44e-03	0.00e+00	0.00e+00	0.00e+00	0.00e+00	0.00e+00
 6.04927e+15	2.14e-01	7.84e-01	2.23e-03	0.00e+00	0.00e+00	0.00e+00	0.00e+00	0.00e+00
 6.05402e+15	2.22e-01	7.76e-01	2.01e-03	0.00e+00	0.00e+00	0.00e+00	0.00e+00	0.00e+00
 6.05912e+15	2.30e-01	7.68e-01	1.79e-03	0.00e+00	0.00e+00	0.00e+00	0.00e+00	0.00e+00
 6.06400e+15	2.39e-01	7.60e-01	1.61e-03	0.00e+00	0.00e+00	0.00e+00	0.00e+00	0.00e+00
 6.06866e+15	2.47e-01	7.52e-01	1.45e-03	0.00e+00	0.00e+00	0.00e+00	0.00e+00	0.00e+00
 6.07333e+15	2.55e-01	7.43e-01	1.30e-03	0.00e+00	0.00e+00	0.00e+00	0.00e+00	0.00e+00
 6.07803e+15	2.64e-01	7.35e-01	1.17e-03	0.00e+00	0.00e+00	0.00e+00	0.00e+00	0.00e+00
 6.08273e+15	2.73e-01	7.26e-01	1.05e-03	0.00e+00	0.00e+00	0.00e+00	0.00e+00	0.00e+00
 6.08741e+15	2.81e-01	7.18e-01	9.42e-04	0.00e+00	0.00e+00	0.00e+00	0.00e+00	0.00e+00
 6.09210e+15	2.90e-01	7.09e-01	8.43e-04	0.00e+00	0.00e+00	0.00e+00	0.00e+00	0.00e+00
 6.09683e+15	2.99e-01	7.00e-01	7.55e-04	0.00e+00	0.00e+00	0.00e+00	0.00e+00	0.00e+00
 6.10147e+15	3.08e-01	6.91e-01	6.77e-04	0.00e+00	0.00e+00	0.00e+00	0.00e+00	0.00e+00
 6.10608e+15	3.17e-01	6.82e-01	6.08e-04	0.00e+00	0.00e+00	0.00e+00	0.00e+00	0.00e+00
 6.11080e+15	3.26e-01	6.73e-01	5.44e-04	0.00e+00	0.00e+00	0.00e+00	0.00e+00	0.00e+00
 6.11553e+15	3.36e-01	6.64e-01	4.87e-04	0.00e+00	0.00e+00	0.00e+00	0.00e+00	0.00e+00
 6.12026e+15	3.45e-01	6.55e-01	4.35e-04	0.00e+00	0.00e+00	0.00e+00	0.00e+00	0.00e+00
 6.12501e+15	3.54e-01	6.45e-01	3.89e-04	0.00e+00	0.00e+00	0.00e+00	0.00e+00	0.00e+00
 6.12981e+15	3.64e-01	6.35e-01	3.48e-04	0.00e+00	0.00e+00	0.00e+00	0.00e+00	0.00e+00
 6.13471e+15	3.74e-01	6.26e-01	3.10e-04	0.00e+00	0.00e+00	0.00e+00	0.00e+00	0.00e+00
 6.13958e+15	3.84e-01	6.16e-01	2.77e-04	0.00e+00	0.00e+00	0.00e+00	0.00e+00	0.00e+00
 6.14448e+15	3.94e-01	6.06e-01	2.47e-04	0.00e+00	0.00e+00	0.00e+00	0.00e+00	0.00e+00
 6.14951e+15	4.04e-01	5.96e-01	2.20e-04	0.00e+00	0.00e+00	0.00e+00	0.00e+00	0.00e+00
 6.15466e+15	4.14e-01	5.86e-01	1.96e-04	0.00e+00	0.00e+00	0.00e+00	0.00e+00	0.00e+00
 6.15988e+15	4.24e-01	5.75e-01	1.74e-04	0.00e+00	0.00e+00	0.00e+00	0.00e+00	0.00e+00
 6.16510e+15	4.35e-01	5.65e-01	1.56e-04	0.00e+00	0.00e+00	0.00e+00	0.00e+00	0.00e+00
 6.17031e+15	4.45e-01	5.54e-01	1.39e-04	0.00e+00	0.00e+00	0.00e+00	0.00e+00	0.00e+00
 6.17559e+15	4.56e-01	5.44e-01	1.24e-04	0.00e+00	0.00e+00	0.00e+00	0.00e+00	0.00e+00
 6.18099e+15	4.67e-01	5.33e-01	1.11e-04	0.00e+00	0.00e+00	0.00e+00	0.00e+00	0.00e+00
 6.18651e+15	4.78e-01	5.22e-01	9.94e-05	0.00e+00	0.00e+00	0.00e+00	0.00e+00	0.00e+00
 6.19216e+15	4.89e-01	5.11e-01	8.90e-05	0.00e+00	0.00e+00	0.00e+00	0.00e+00	0.00e+00
 6.19796e+15	5.00e-01	5.00e-01	7.97e-05	0.00e+00	0.00e+00	0.00e+00	0.00e+00	0.00e+00
 6.20399e+15	5.11e-01	4.89e-01	7.15e-05	0.00e+00	0.00e+00	0.00e+00	0.00e+00	0.00e+00
 6.21028e+15	5.23e-01	4.77e-01	6.40e-05	0.00e+00	0.00e+00	0.00e+00	0.00e+00	0.00e+00
 6.21688e+15	5.35e-01	4.64e-01	5.74e-05	0.00e+00	0.00e+00	0.00e+00	0.00e+00	0.00e+00
 6.22384e+15	5.48e-01	4.52e-01	5.15e-05	0.00e+00	0.00e+00	0.00e+00	0.00e+00	0.00e+00
 6.23128e+15	5.61e-01	4.39e-01	4.61e-05	0.00e+00	0.00e+00	0.00e+00	0.00e+00	0.00e+00
 6.23927e+15	5.75e-01	4.25e-01	4.14e-05	0.00e+00	0.00e+00	0.00e+00	0.00e+00	0.00e+00
 6.24793e+15	5.88e-01	4.12e-01	3.71e-05	0.00e+00	0.00e+00	0.00e+00	0.00e+00	0.00e+00
 6.25752e+15	6.03e-01	3.97e-01	3.33e-05	0.00e+00	0.00e+00	0.00e+00	0.00e+00	0.00e+00
 6.26827e+15	6.16e-01	3.83e-01	2.98e-05	0.00e+00	0.00e+00	0.00e+00	0.00e+00	0.00e+00
 6.27999e+15	6.31e-01	3.69e-01	2.68e-05	0.00e+00	0.00e+00	0.00e+00	0.00e+00	0.00e+00
 6.29202e+15	6.46e-01	3.54e-01	2.42e-05	0.00e+00	0.00e+00	0.00e+00	0.00e+00	0.00e+00
 6.30394e+15	6.58e-01	3.42e-01	2.22e-05	0.00e+00	0.00e+00	0.00e+00	0.00e+00	0.00e+00
 6.31760e+15	6.71e-01	3.29e-01	2.02e-05	0.00e+00	0.00e+00	0.00e+00	0.00e+00	0.00e+00
 6.33536e+15	6.86e-01	3.14e-01	1.81e-05	0.00e+00	0.00e+00	0.00e+00	0.00e+00	0.00e+00
 6.35499e+15	7.03e-01	2.97e-01	1.61e-05	0.00e+00	0.00e+00	0.00e+00	0.00e+00	0.00e+00
 6.37355e+15	7.18e-01	2.82e-01	1.45e-05	0.00e+00	0.00e+00	0.00e+00	0.00e+00	0.00e+00
 6.39160e+15	7.31e-01	2.69e-01	1.31e-05	0.00e+00	0.00e+00	0.00e+00	0.00e+00	0.00e+00
 6.41013e+15	7.45e-01	2.55e-01	1.19e-05	0.00e+00	0.00e+00	0.00e+00	0.00e+00	0.00e+00
 6.42916e+15	7.58e-01	2.42e-01	1.07e-05	0.00e+00	0.00e+00	0.00e+00	0.00e+00	0.00e+00
 6.44814e+15	7.71e-01	2.29e-01	9.68e-06	0.00e+00	0.00e+00	0.00e+00	0.00e+00	0.00e+00
 6.46672e+15	7.84e-01	2.16e-01	8.74e-06	0.00e+00	0.00e+00	0.00e+00	0.00e+00	0.00e+00
 6.48489e+15	7.95e-01	2.05e-01	7.91e-06	0.00e+00	0.00e+00	0.00e+00	0.00e+00	0.00e+00
 6.50272e+15	8.07e-01	1.93e-01	7.16e-06	0.00e+00	0.00e+00	0.00e+00	0.00e+00	0.00e+00
 6.52026e+15	8.18e-01	1.82e-01	6.48e-06	0.00e+00	0.00e+00	0.00e+00	0.00e+00	0.00e+00
 6.53748e+15	8.28e-01	1.72e-01	5.88e-06	0.00e+00	0.00e+00	0.00e+00	0.00e+00	0.00e+00
 6.55437e+15	8.38e-01	1.62e-01	5.33e-06	0.00e+00	0.00e+00	0.00e+00	0.00e+00	0.00e+00
 6.57093e+15	8.47e-01	1.53e-01	4.84e-06	0.00e+00	0.00e+00	0.00e+00	0.00e+00	0.00e+00
 6.58717e+15	8.56e-01	1.44e-01	4.39e-06	0.00e+00	0.00e+00	0.00e+00	0.00e+00	0.00e+00
 6.60310e+15	8.64e-01	1.36e-01	3.99e-06	0.00e+00	0.00e+00	0.00e+00	0.00e+00	0.00e+00
 6.61874e+15	8.73e-01	1.27e-01	3.62e-06	0.00e+00	0.00e+00	0.00e+00	0.00e+00	0.00e+00
 6.63446e+15	8.80e-01	1.20e-01	3.30e-06	0.00e+00	0.00e+00	0.00e+00	0.00e+00	0.00e+00
 6.64973e+15	8.87e-01	1.13e-01	2.99e-06	0.00e+00	0.00e+00	0.00e+00	0.00e+00	0.00e+00
 6.66446e+15	8.94e-01	1.06e-01	2.73e-06	0.00e+00	0.00e+00	0.00e+00	0.00e+00	0.00e+00
 6.67923e+15	9.00e-01	9.98e-02	2.49e-06	0.00e+00	0.00e+00	0.00e+00	0.00e+00	0.00e+00
 6.69366e+15	9.06e-01	9.39e-02	2.27e-06	0.00e+00	0.00e+00	0.00e+00	0.00e+00	0.00e+00
 6.70766e+15	9.12e-01	8.85e-02	2.08e-06	0.00e+00	0.00e+00	0.00e+00	0.00e+00	0.00e+00
 6.72140e+15	9.17e-01	8.33e-02	1.90e-06	0.00e+00	0.00e+00	0.00e+00	0.00e+00	0.00e+00
 6.73497e+15	9.22e-01	7.85e-02	1.74e-06	0.00e+00	0.00e+00	0.00e+00	0.00e+00	0.00e+00
 6.74834e+15	9.26e-01	7.39e-02	1.59e-06	0.00e+00	0.00e+00	0.00e+00	0.00e+00	0.00e+00
 6.76149e+15	9.30e-01	6.96e-02	1.46e-06	0.00e+00	0.00e+00	0.00e+00	0.00e+00	0.00e+00
 6.77441e+15	9.34e-01	6.57e-02	1.34e-06	0.00e+00	0.00e+00	0.00e+00	0.00e+00	0.00e+00
 6.78711e+15	9.38e-01	6.20e-02	1.24e-06	0.00e+00	0.00e+00	0.00e+00	0.00e+00	0.00e+00
 6.79974e+15	9.42e-01	5.85e-02	1.14e-06	0.00e+00	0.00e+00	0.00e+00	0.00e+00	0.00e+00
 6.81229e+15	9.45e-01	5.52e-02	1.05e-06	0.00e+00	0.00e+00	0.00e+00	0.00e+00	0.00e+00
 6.82468e+15	9.48e-01	5.21e-02	9.64e-07	0.00e+00	0.00e+00	0.00e+00	0.00e+00	0.00e+00
 6.83691e+15	9.51e-01	4.92e-02	8.89e-07	0.00e+00	0.00e+00	0.00e+00	0.00e+00	0.00e+00
 6.84898e+15	9.53e-01	4.65e-02	8.21e-07	0.00e+00	0.00e+00	0.00e+00	0.00e+00	0.00e+00
 6.86094e+15	9.56e-01	4.40e-02	7.59e-07	0.00e+00	0.00e+00	0.00e+00	0.00e+00	0.00e+00
 6.87279e+15	9.58e-01	4.16e-02	7.02e-07	0.00e+00	0.00e+00	0.00e+00	0.00e+00	0.00e+00
 6.88452e+15	9.61e-01	3.94e-02	6.49e-07	0.00e+00	0.00e+00	0.00e+00	0.00e+00	0.00e+00
 6.89617e+15	9.63e-01	3.73e-02	6.02e-07	0.00e+00	0.00e+00	0.00e+00	0.00e+00	0.00e+00
 6.90773e+15	9.65e-01	3.53e-02	5.58e-07	0.00e+00	0.00e+00	0.00e+00	0.00e+00	0.00e+00
 6.91922e+15	9.66e-01	3.35e-02	5.17e-07	0.00e+00	0.00e+00	0.00e+00	0.00e+00	0.00e+00
 6.93067e+15	9.68e-01	3.18e-02	4.80e-07	0.00e+00	0.00e+00	0.00e+00	0.00e+00	0.00e+00
 6.94208e+15	9.70e-01	3.01e-02	4.46e-07	0.00e+00	0.00e+00	0.00e+00	0.00e+00	0.00e+00
 6.95347e+15	9.71e-01	2.86e-02	4.15e-07	0.00e+00	0.00e+00	0.00e+00	0.00e+00	0.00e+00
 6.96486e+15	9.73e-01	2.72e-02	3.86e-07	0.00e+00	0.00e+00	0.00e+00	0.00e+00	0.00e+00
 6.97632e+15	9.74e-01	2.58e-02	3.58e-07	0.00e+00	0.00e+00	0.00e+00	0.00e+00	0.00e+00
 6.98802e+15	9.76e-01	2.45e-02	3.33e-07	0.00e+00	0.00e+00	0.00e+00	0.00e+00	0.00e+00
 6.99999e+15	9.77e-01	2.32e-02	3.09e-07	0.00e+00	0.00e+00	0.00e+00	0.00e+00	0.00e+00
 7.01214e+15	9.78e-01	2.20e-02	2.86e-07	0.00e+00	0.00e+00	0.00e+00	0.00e+00	0.00e+00
 7.02445e+15	9.79e-01	2.08e-02	2.66e-07	0.00e+00	0.00e+00	0.00e+00	0.00e+00	0.00e+00
 7.03703e+15	9.80e-01	1.97e-02	2.46e-07	0.00e+00	0.00e+00	0.00e+00	0.00e+00	0.00e+00
 7.05001e+15	9.81e-01	1.87e-02	2.27e-07	0.00e+00	0.00e+00	0.00e+00	0.00e+00	0.00e+00
 7.06349e+15	9.82e-01	1.76e-02	2.10e-07	0.00e+00	0.00e+00	0.00e+00	0.00e+00	0.00e+00
 7.07762e+15	9.83e-01	1.66e-02	1.93e-07	0.00e+00	0.00e+00	0.00e+00	0.00e+00	0.00e+00
 7.09264e+15	9.84e-01	1.56e-02	1.77e-07	0.00e+00	0.00e+00	0.00e+00	0.00e+00	0.00e+00
 7.10889e+15	9.85e-01	1.46e-02	1.61e-07	0.00e+00	0.00e+00	0.00e+00	0.00e+00	0.00e+00
 7.12688e+15	9.86e-01	1.36e-02	1.45e-07	0.00e+00	0.00e+00	0.00e+00	0.00e+00	0.00e+00
 7.14747e+15	9.87e-01	1.26e-02	1.30e-07	0.00e+00	0.00e+00	0.00e+00	0.00e+00	0.00e+00
 7.17037e+15	9.88e-01	1.16e-02	1.15e-07	0.00e+00	0.00e+00	0.00e+00	0.00e+00	0.00e+00
 7.19294e+15	9.89e-01	1.07e-02	1.02e-07	0.00e+00	0.00e+00	0.00e+00	0.00e+00	0.00e+00
 7.21348e+15	9.90e-01	1.00e-02	9.26e-08	0.00e+00	0.00e+00	0.00e+00	0.00e+00	0.00e+00
 7.23217e+15	9.91e-01	9.44e-03	8.47e-08	0.00e+00	0.00e+00	0.00e+00	0.00e+00	0.00e+00
 7.24918e+15	9.91e-01	8.96e-03	7.83e-08	0.00e+00	0.00e+00	0.00e+00	0.00e+00	0.00e+00
 7.26466e+15	9.91e-01	8.56e-03	7.30e-08	0.00e+00	0.00e+00	0.00e+00	0.00e+00	0.00e+00
 7.27874e+15	9.92e-01	8.23e-03	6.86e-08	0.00e+00	0.00e+00	0.00e+00	0.00e+00	0.00e+00
 7.29156e+15	9.92e-01	7.93e-03	6.48e-08	0.00e+00	0.00e+00	0.00e+00	0.00e+00	0.00e+00
 7.30323e+15	9.92e-01	7.69e-03	6.18e-08	0.00e+00	0.00e+00	0.00e+00	0.00e+00	0.00e+00
 7.31601e+15	9.93e-01	7.44e-03	5.85e-08	0.00e+00	0.00e+00	0.00e+00	0.00e+00	0.00e+00
 7.33262e+15	9.93e-01	7.10e-03	5.44e-08	0.00e+00	0.00e+00	0.00e+00	0.00e+00	0.00e+00
 7.35056e+15	9.93e-01	6.79e-03	5.07e-08	0.00e+00	0.00e+00	0.00e+00	0.00e+00	0.00e+00
 7.36688e+15	9.93e-01	6.54e-03	4.76e-08	0.00e+00	0.00e+00	0.00e+00	0.00e+00	0.00e+00
 7.38174e+15	9.94e-01	6.33e-03	4.51e-08	0.00e+00	0.00e+00	0.00e+00	0.00e+00	0.00e+00
 7.39526e+15	9.94e-01	6.15e-03	4.29e-08	0.00e+00	0.00e+00	0.00e+00	0.00e+00	0.00e+00
 7.40756e+15	9.94e-01	6.00e-03	4.11e-08	0.00e+00	0.00e+00	0.00e+00	0.00e+00	0.00e+00
 7.41875e+15	9.94e-01	5.87e-03	3.96e-08	0.00e+00	0.00e+00	0.00e+00	0.00e+00	0.00e+00
 7.42894e+15	9.94e-01	5.76e-03	3.83e-08	0.00e+00	0.00e+00	0.00e+00	0.00e+00	0.00e+00
