#depth	O	O+	O+2	O+3	O+4	O+5	O+6	O+7	O+8	O[1]	O[2]	O[3]
 1.49634e+10	0.00e+00	0.00e+00	7.20e-28	4.93e-20	4.77e-13	5.28e-07	1.00e+00	0.00e+00	0.00e+00	0.00e+00	0.00e+00	0.00e+00
 4.54887e+10	0.00e+00	1.95e-36	1.00e-27	6.39e-20	5.73e-13	5.82e-07	1.00e+00	1.37e-08	0.00e+00	0.00e+00	0.00e+00	0.00e+00
 7.72350e+10	9.83e-46	2.92e-36	1.40e-27	8.27e-20	6.88e-13	6.41e-07	1.00e+00	0.00e+00	0.00e+00	0.00e+00	0.00e+00	0.00e+00
 1.10251e+11	0.00e+00	4.36e-36	1.94e-27	1.07e-19	8.26e-13	7.06e-07	1.00e+00	0.00e+00	0.00e+00	0.00e+00	0.00e+00	0.00e+00
 1.40395e+11	2.41e-45	6.18e-36	2.59e-27	1.34e-19	9.71e-13	7.68e-07	1.00e+00	0.00e+00	0.00e+00	0.00e+00	0.00e+00	0.00e+00
 1.65977e+11	0.00e+00	8.23e-36	3.28e-27	1.61e-19	1.11e-12	8.24e-07	1.00e+00	0.00e+00	0.00e+00	0.00e+00	0.00e+00	0.00e+00
 1.94200e+11	4.87e-45	1.12e-35	4.22e-27	1.97e-19	1.28e-12	8.89e-07	1.00e+00	0.00e+00	0.00e+00	0.00e+00	0.00e+00	0.00e+00
 2.29318e+11	0.00e+00	1.61e-35	5.71e-27	2.50e-19	1.52e-12	9.74e-07	1.00e+00	0.00e+00	0.00e+00	0.00e+00	0.00e+00	0.00e+00
 2.64317e+11	1.14e-44	2.28e-35	7.61e-27	3.14e-19	1.79e-12	1.06e-06	1.00e+00	0.00e+00	0.00e+00	0.00e+00	0.00e+00	0.00e+00
 2.93996e+11	0.00e+00	0.00e+00	9.64e-27	3.78e-19	2.04e-12	1.14e-06	1.00e+00	0.00e+00	0.00e+00	0.00e+00	0.00e+00	0.00e+00
 3.25844e+11	0.00e+00	4.07e-35	1.23e-26	4.59e-19	2.35e-12	1.23e-06	1.00e+00	0.00e+00	0.00e+00	0.00e+00	0.00e+00	0.00e+00
 3.65685e+11	3.44e-44	5.80e-35	1.65e-26	5.79e-19	2.78e-12	1.35e-06	1.00e+00	0.00e+00	0.00e+00	0.00e+00	0.00e+00	0.00e+00
 4.06802e+11	0.00e+00	8.22e-35	2.21e-26	7.30e-19	3.29e-12	1.47e-06	1.00e+00	0.00e+00	0.00e+00	0.00e+00	0.00e+00	0.00e+00
 4.43492e+11	7.43e-44	1.11e-34	2.84e-26	8.90e-19	3.79e-12	1.59e-06	1.00e+00	0.00e+00	0.00e+00	0.00e+00	0.00e+00	0.00e+00
 4.83541e+11	0.00e+00	1.52e-34	3.69e-26	1.10e-18	4.41e-12	1.73e-06	1.00e+00	0.00e+00	0.00e+00	0.00e+00	0.00e+00	0.00e+00
 5.31265e+11	1.65e-43	2.18e-34	4.98e-26	1.39e-18	5.24e-12	1.90e-06	1.00e+00	0.00e+00	0.00e+00	0.00e+00	0.00e+00	0.00e+00
 5.79200e+11	0.00e+00	3.08e-34	6.65e-26	1.75e-18	6.20e-12	2.08e-06	1.00e+00	0.00e+00	0.00e+00	0.00e+00	0.00e+00	0.00e+00
 6.24136e+11	3.58e-43	4.20e-34	8.63e-26	2.16e-18	7.20e-12	2.26e-06	1.00e+00	0.00e+00	0.00e+00	0.00e+00	0.00e+00	0.00e+00
 6.74112e+11	0.00e+00	5.86e-34	1.14e-25	2.70e-18	8.45e-12	2.46e-06	1.00e+00	0.00e+00	0.00e+00	0.00e+00	0.00e+00	0.00e+00
 7.31003e+11	8.14e-43	8.42e-34	1.55e-25	3.44e-18	1.01e-11	2.71e-06	1.00e+00	0.00e+00	0.00e+00	0.00e+00	0.00e+00	0.00e+00
 7.87299e+11	0.00e+00	1.19e-33	2.06e-25	4.33e-18	1.19e-11	2.96e-06	1.00e+00	0.00e+00	0.00e+00	0.00e+00	0.00e+00	0.00e+00
 8.45847e+11	1.83e-42	1.68e-33	2.75e-25	5.44e-18	1.40e-11	3.24e-06	1.00e+00	0.00e+00	0.00e+00	0.00e+00	0.00e+00	0.00e+00
 9.09607e+11	0.00e+00	2.40e-33	3.71e-25	6.92e-18	1.66e-11	3.56e-06	1.00e+00	0.00e+00	0.00e+00	0.00e+00	0.00e+00	0.00e+00
 9.67757e+11	4.05e-42	3.29e-33	4.83e-25	8.53e-18	1.93e-11	3.86e-06	1.00e+00	0.00e+00	0.00e+00	0.00e+00	0.00e+00	0.00e+00
 1.01483e+12	0.00e+00	4.21e-33	5.94e-25	1.01e-17	2.17e-11	4.12e-06	1.00e+00	0.00e+00	0.00e+00	0.00e+00	0.00e+00	0.00e+00
 1.06412e+12	7.31e-42	5.43e-33	7.34e-25	1.19e-17	2.45e-11	4.39e-06	1.00e+00	0.00e+00	0.00e+00	0.00e+00	0.00e+00	0.00e+00
 1.12819e+12	0.00e+00	7.43e-33	9.56e-25	1.47e-17	2.85e-11	4.77e-06	1.00e+00	0.00e+00	0.00e+00	0.00e+00	0.00e+00	0.00e+00
 1.19580e+12	1.54e-41	1.02e-32	1.25e-24	1.82e-17	3.31e-11	5.18e-06	1.00e+00	0.00e+00	0.00e+00	0.00e+00	0.00e+00	0.00e+00
 1.25456e+12	0.00e+00	1.35e-32	1.57e-24	2.18e-17	3.76e-11	5.55e-06	1.00e+00	0.00e+00	0.00e+00	0.00e+00	0.00e+00	0.00e+00
 1.31749e+12	2.95e-41	1.78e-32	1.98e-24	2.62e-17	4.29e-11	5.96e-06	1.00e+00	0.00e+00	0.00e+00	0.00e+00	0.00e+00	0.00e+00
 1.39508e+12	0.00e+00	2.48e-32	2.62e-24	3.27e-17	5.02e-11	6.49e-06	1.00e+00	0.00e+00	0.00e+00	0.00e+00	0.00e+00	0.00e+00
 1.47425e+12	6.43e-41	3.45e-32	3.45e-24	4.07e-17	5.86e-11	7.06e-06	1.00e+00	0.00e+00	0.00e+00	0.00e+00	0.00e+00	0.00e+00
 1.54555e+12	0.00e+00	4.61e-32	4.39e-24	4.92e-17	6.69e-11	7.58e-06	1.00e+00	0.00e+00	0.00e+00	0.00e+00	0.00e+00	0.00e+00
 1.62410e+12	1.29e-40	6.25e-32	5.66e-24	6.02e-17	7.71e-11	8.19e-06	1.00e+00	0.00e+00	0.00e+00	0.00e+00	0.00e+00	0.00e+00
 1.70981e+12	0.00e+00	8.62e-32	7.40e-24	7.44e-17	8.95e-11	8.88e-06	1.00e+00	0.00e+00	0.00e+00	0.00e+00	0.00e+00	0.00e+00
 1.78772e+12	2.63e-40	1.14e-31	9.37e-24	8.97e-17	1.02e-10	9.54e-06	1.00e+00	0.00e+00	0.00e+00	0.00e+00	0.00e+00	0.00e+00
 1.87187e+12	0.00e+00	1.54e-31	1.20e-23	1.09e-16	1.17e-10	1.03e-05	1.00e+00	0.00e+00	0.00e+00	0.00e+00	0.00e+00	0.00e+00
 1.96642e+12	5.48e-40	2.13e-31	1.57e-23	1.35e-16	1.35e-10	1.11e-05	1.00e+00	0.00e+00	0.00e+00	0.00e+00	0.00e+00	0.00e+00
 2.05621e+12	0.00e+00	2.86e-31	2.01e-23	1.64e-16	1.55e-10	1.20e-05	1.00e+00	0.00e+00	0.00e+00	0.00e+00	0.00e+00	0.00e+00
 2.15467e+12	1.12e-39	3.92e-31	2.61e-23	2.01e-16	1.79e-10	1.29e-05	1.00e+00	0.00e+00	0.00e+00	0.00e+00	0.00e+00	0.00e+00
 2.26342e+12	0.00e+00	5.49e-31	3.45e-23	2.51e-16	2.08e-10	1.40e-05	1.00e+00	0.00e+00	0.00e+00	0.00e+00	0.00e+00	0.00e+00
 2.36427e+12	2.37e-39	7.42e-31	4.43e-23	3.05e-16	2.39e-10	1.51e-05	1.00e+00	0.00e+00	0.00e+00	0.00e+00	0.00e+00	0.00e+00
 2.47407e+12	0.00e+00	1.02e-30	5.77e-23	3.75e-16	2.76e-10	1.63e-05	1.00e+00	0.00e+00	0.00e+00	0.00e+00	0.00e+00	0.00e+00
 2.59722e+12	5.17e-39	1.44e-30	7.67e-23	4.69e-16	3.22e-10	1.77e-05	1.00e+00	0.00e+00	0.00e+00	0.00e+00	0.00e+00	0.00e+00
 2.71402e+12	0.00e+00	1.97e-30	9.97e-23	5.76e-16	3.70e-10	1.91e-05	1.00e+00	0.00e+00	0.00e+00	0.00e+00	0.00e+00	0.00e+00
 2.84010e+12	1.11e-38	2.75e-30	1.31e-22	7.12e-16	4.29e-10	2.06e-05	1.00e+00	0.00e+00	0.00e+00	0.00e+00	0.00e+00	0.00e+00
 2.98035e+12	0.00e+00	3.91e-30	1.75e-22	8.95e-16	5.02e-10	2.24e-05	1.00e+00	0.00e+00	0.00e+00	0.00e+00	0.00e+00	0.00e+00
 3.11561e+12	2.48e-38	5.44e-30	2.30e-22	1.11e-15	5.80e-10	2.42e-05	1.00e+00	0.00e+00	0.00e+00	0.00e+00	0.00e+00	0.00e+00
 3.25955e+12	0.00e+00	7.64e-30	3.05e-22	1.38e-15	6.74e-10	2.62e-05	1.00e+00	0.00e+00	0.00e+00	0.00e+00	0.00e+00	0.00e+00
 3.41986e+12	5.68e-38	1.10e-29	4.11e-22	1.74e-15	7.91e-10	2.86e-05	1.00e+00	0.00e+00	0.00e+00	0.00e+00	0.00e+00	0.00e+00
 3.58080e+12	0.00e+00	1.56e-29	5.50e-22	2.18e-15	9.22e-10	3.10e-05	1.00e+00	0.00e+00	0.00e+00	0.00e+00	0.00e+00	0.00e+00
 3.74817e+12	1.31e-37	2.23e-29	7.37e-22	2.73e-15	1.08e-09	3.36e-05	1.00e+00	0.00e+00	0.00e+00	0.00e+00	0.00e+00	0.00e+00
 3.92803e+12	0.00e+00	3.22e-29	9.96e-22	3.46e-15	1.26e-09	3.66e-05	1.00e+00	0.00e+00	0.00e+00	0.00e+00	0.00e+00	0.00e+00
 4.11507e+12	3.13e-37	4.65e-29	1.35e-21	4.37e-15	1.48e-09	3.98e-05	1.00e+00	0.00e+00	0.00e+00	0.00e+00	0.00e+00	0.00e+00
 4.29912e+12	0.00e+00	6.61e-29	1.80e-21	5.45e-15	1.72e-09	4.31e-05	1.00e+00	0.00e+00	0.00e+00	0.00e+00	0.00e+00	0.00e+00
 4.47027e+12	6.87e-37	9.04e-29	2.32e-21	6.65e-15	1.97e-09	4.62e-05	1.00e+00	0.00e+00	0.00e+00	0.00e+00	0.00e+00	0.00e+00
 4.62471e+12	0.00e+00	1.19e-28	2.91e-21	7.91e-15	2.22e-09	4.92e-05	1.00e+00	0.00e+00	0.00e+00	0.00e+00	0.00e+00	0.00e+00
 4.79030e+12	1.34e-36	1.59e-28	3.69e-21	9.49e-15	2.50e-09	5.24e-05	1.00e+00	0.00e+00	0.00e+00	0.00e+00	0.00e+00	0.00e+00
 4.99653e+12	0.00e+00	2.25e-28	4.90e-21	1.18e-14	2.90e-09	5.66e-05	1.00e+00	0.00e+00	0.00e+00	0.00e+00	0.00e+00	0.00e+00
 5.20335e+12	3.02e-36	3.16e-28	6.45e-21	1.46e-14	3.35e-09	6.10e-05	1.00e+00	0.00e+00	0.00e+00	0.00e+00	0.00e+00	0.00e+00
 5.38108e+12	0.00e+00	4.19e-28	8.12e-21	1.74e-14	3.77e-09	6.48e-05	1.00e+00	0.00e+00	0.00e+00	0.00e+00	0.00e+00	0.00e+00
 5.57326e+12	6.02e-36	5.63e-28	1.03e-20	2.09e-14	4.27e-09	6.91e-05	1.00e+00	0.00e+00	0.00e+00	0.00e+00	0.00e+00	0.00e+00
 5.81049e+12	0.00e+00	8.03e-28	1.38e-20	2.60e-14	4.95e-09	7.47e-05	1.00e+00	0.00e+00	0.00e+00	0.00e+00	0.00e+00	0.00e+00
 6.04774e+12	1.38e-35	1.13e-27	1.82e-20	3.22e-14	5.71e-09	8.04e-05	1.00e+00	0.00e+00	0.00e+00	0.00e+00	0.00e+00	0.00e+00
 6.25258e+12	0.00e+00	1.51e-27	2.30e-20	3.85e-14	6.44e-09	8.55e-05	1.00e+00	0.00e+00	0.00e+00	0.00e+00	0.00e+00	0.00e+00
 6.47378e+12	2.78e-35	2.04e-27	2.94e-20	4.63e-14	7.29e-09	9.11e-05	1.00e+00	0.00e+00	0.00e+00	0.00e+00	0.00e+00	0.00e+00
 6.74575e+12	4.26e-35	2.92e-27	3.92e-20	5.78e-14	8.46e-09	9.84e-05	1.00e+00	0.00e+00	0.00e+00	0.00e+00	0.00e+00	0.00e+00
 7.02029e+12	6.47e-35	4.14e-27	5.21e-20	7.17e-14	9.78e-09	1.06e-04	1.00e+00	0.00e+00	0.00e+00	0.00e+00	0.00e+00	0.00e+00
 7.26347e+12	9.29e-35	5.61e-27	6.65e-20	8.62e-14	1.11e-08	1.13e-04	1.00e+00	0.00e+00	0.00e+00	0.00e+00	0.00e+00	0.00e+00
 7.52931e+12	1.36e-34	7.72e-27	8.60e-20	1.05e-13	1.26e-08	1.21e-04	1.00e+00	0.00e+00	0.00e+00	0.00e+00	0.00e+00	0.00e+00
 7.84811e+12	2.11e-34	1.12e-26	1.16e-19	1.31e-13	1.47e-08	1.30e-04	1.00e+00	0.00e+00	0.00e+00	0.00e+00	0.00e+00	0.00e+00
 8.16593e+12	3.23e-34	1.59e-26	1.55e-19	1.63e-13	1.70e-08	1.40e-04	1.00e+00	0.00e+00	0.00e+00	0.00e+00	0.00e+00	0.00e+00
 8.45543e+12	4.72e-34	2.19e-26	1.99e-19	1.98e-13	1.93e-08	1.50e-04	1.00e+00	0.00e+00	0.00e+00	0.00e+00	0.00e+00	0.00e+00
 8.77798e+12	7.08e-34	3.07e-26	2.62e-19	2.43e-13	2.22e-08	1.60e-04	1.00e+00	0.00e+00	0.00e+00	0.00e+00	0.00e+00	0.00e+00
 9.15446e+12	1.12e-33	4.50e-26	3.56e-19	3.07e-13	2.59e-08	1.74e-04	1.00e+00	0.00e+00	0.00e+00	0.00e+00	0.00e+00	0.00e+00
 9.52557e+12	1.72e-33	6.47e-26	4.77e-19	3.82e-13	3.00e-08	1.87e-04	1.00e+00	0.00e+00	0.00e+00	0.00e+00	0.00e+00	0.00e+00
 9.87680e+12	2.57e-33	9.02e-26	6.23e-19	4.68e-13	3.43e-08	2.00e-04	1.00e+00	0.00e+00	0.00e+00	0.00e+00	0.00e+00	0.00e+00
 1.02671e+13	3.94e-33	1.29e-25	8.29e-19	5.80e-13	3.96e-08	2.15e-04	1.00e+00	0.00e+00	0.00e+00	0.00e+00	0.00e+00	0.00e+00
 1.07077e+13	6.26e-33	1.90e-25	1.13e-18	7.34e-13	4.64e-08	2.33e-04	1.00e+00	0.00e+00	0.00e+00	0.00e+00	0.00e+00	0.00e+00
 1.11504e+13	9.82e-33	2.76e-25	1.53e-18	9.21e-13	5.40e-08	2.52e-04	1.00e+00	0.00e+00	0.00e+00	0.00e+00	0.00e+00	0.00e+00
 1.16107e+13	1.54e-32	4.03e-25	2.07e-18	1.16e-12	6.29e-08	2.72e-04	1.00e+00	0.00e+00	0.00e+00	0.00e+00	0.00e+00	0.00e+00
 1.21051e+13	2.45e-32	5.93e-25	2.83e-18	1.46e-12	7.35e-08	2.94e-04	1.00e+00	0.00e+00	0.00e+00	0.00e+00	0.00e+00	0.00e+00
 1.25838e+13	3.77e-32	8.52e-25	3.78e-18	1.82e-12	8.51e-08	3.17e-04	1.00e+00	0.00e+00	0.00e+00	0.00e+00	0.00e+00	0.00e+00
 1.30339e+13	5.59e-32	1.18e-24	4.92e-18	2.22e-12	9.73e-08	3.39e-04	1.00e+00	0.00e+00	0.00e+00	0.00e+00	0.00e+00	0.00e+00
 1.35376e+13	8.54e-32	1.69e-24	6.55e-18	2.76e-12	1.12e-07	3.64e-04	1.00e+00	0.00e+00	0.00e+00	0.00e+00	0.00e+00	0.00e+00
 1.40452e+13	1.29e-31	2.38e-24	8.63e-18	3.40e-12	1.29e-07	3.91e-04	1.00e+00	0.00e+00	0.00e+00	0.00e+00	0.00e+00	0.00e+00
 1.44668e+13	1.80e-31	3.14e-24	1.08e-17	4.02e-12	1.45e-07	4.14e-04	1.00e+00	0.00e+00	0.00e+00	0.00e+00	0.00e+00	0.00e+00
 1.49132e+13	2.52e-31	4.17e-24	1.36e-17	4.78e-12	1.62e-07	4.39e-04	1.00e+00	0.00e+00	0.00e+00	0.00e+00	0.00e+00	0.00e+00
 1.54837e+13	3.84e-31	5.92e-24	1.80e-17	5.92e-12	1.87e-07	4.72e-04	1.00e+00	0.00e+00	0.00e+00	0.00e+00	0.00e+00	0.00e+00
 1.60822e+13	5.92e-31	8.54e-24	2.42e-17	7.35e-12	2.17e-07	5.08e-04	9.99e-01	0.00e+00	0.00e+00	0.00e+00	0.00e+00	0.00e+00
 1.66118e+13	8.44e-31	1.15e-23	3.07e-17	8.85e-12	2.45e-07	5.41e-04	9.99e-01	0.00e+00	0.00e+00	0.00e+00	0.00e+00	0.00e+00
 1.71855e+13	1.23e-30	1.58e-23	3.96e-17	1.08e-11	2.79e-07	5.78e-04	9.99e-01	0.00e+00	0.00e+00	0.00e+00	0.00e+00	0.00e+00
 1.78749e+13	1.91e-30	2.28e-23	5.34e-17	1.35e-11	3.25e-07	6.25e-04	9.99e-01	0.00e+00	0.00e+00	0.00e+00	0.00e+00	0.00e+00
 1.85730e+13	2.93e-30	3.26e-23	7.13e-17	1.68e-11	3.77e-07	6.74e-04	9.99e-01	0.00e+00	0.00e+00	0.00e+00	0.00e+00	0.00e+00
 1.92272e+13	4.32e-30	4.51e-23	9.28e-17	2.05e-11	4.30e-07	7.21e-04	9.99e-01	0.00e+00	0.00e+00	0.00e+00	0.00e+00	0.00e+00
 1.98583e+13	6.19e-30	6.10e-23	1.18e-16	2.47e-11	4.87e-07	7.69e-04	9.99e-01	0.00e+00	0.00e+00	0.00e+00	0.00e+00	0.00e+00
 2.05711e+13	9.17e-30	8.49e-23	1.55e-16	3.02e-11	5.59e-07	8.24e-04	9.99e-01	0.00e+00	0.00e+00	0.00e+00	0.00e+00	0.00e+00
 2.13577e+13	1.39e-29	1.21e-22	2.06e-16	3.76e-11	6.46e-07	8.88e-04	9.99e-01	0.00e+00	0.00e+00	0.00e+00	0.00e+00	0.00e+00
 2.20837e+13	2.02e-29	1.65e-22	2.65e-16	4.56e-11	7.35e-07	9.49e-04	9.99e-01	0.00e+00	0.00e+00	0.00e+00	0.00e+00	0.00e+00
 2.28711e+13	2.99e-29	2.29e-22	3.46e-16	5.58e-11	8.42e-07	1.02e-03	9.99e-01	0.00e+00	0.00e+00	0.00e+00	0.00e+00	0.00e+00
 2.37500e+13	4.54e-29	3.26e-22	4.61e-16	6.94e-11	9.75e-07	1.10e-03	9.99e-01	0.00e+00	0.00e+00	0.00e+00	0.00e+00	0.00e+00
 2.45756e+13	6.65e-29	4.49e-22	5.97e-16	8.46e-11	1.11e-06	1.18e-03	9.99e-01	0.00e+00	0.00e+00	0.00e+00	0.00e+00	0.00e+00
 2.54767e+13	9.92e-29	6.29e-22	7.86e-16	1.04e-10	1.28e-06	1.26e-03	9.99e-01	0.00e+00	0.00e+00	0.00e+00	0.00e+00	0.00e+00
 2.64781e+13	1.52e-28	9.02e-22	1.05e-15	1.30e-10	1.49e-06	1.37e-03	9.99e-01	0.00e+00	0.00e+00	0.00e+00	0.00e+00	0.00e+00
 2.74142e+13	2.24e-28	1.25e-21	1.37e-15	1.60e-10	1.71e-06	1.46e-03	9.99e-01	0.00e+00	0.00e+00	0.00e+00	0.00e+00	0.00e+00
 2.84305e+13	3.36e-28	1.76e-21	1.81e-15	1.97e-10	1.97e-06	1.58e-03	9.98e-01	0.00e+00	0.00e+00	0.00e+00	0.00e+00	0.00e+00
 2.95654e+13	5.20e-28	2.54e-21	2.44e-15	2.48e-10	2.29e-06	1.71e-03	9.98e-01	0.00e+00	0.00e+00	0.00e+00	0.00e+00	0.00e+00
 3.06448e+13	7.77e-28	3.56e-21	3.21e-15	3.05e-10	2.63e-06	1.83e-03	9.98e-01	0.00e+00	0.00e+00	0.00e+00	0.00e+00	0.00e+00
 3.17995e+13	1.17e-27	5.04e-21	4.26e-15	3.79e-10	3.04e-06	1.98e-03	9.98e-01	0.00e+00	0.00e+00	0.00e+00	0.00e+00	0.00e+00
 3.31014e+13	1.84e-27	7.35e-21	5.80e-15	4.78e-10	3.56e-06	2.14e-03	9.98e-01	0.00e+00	0.00e+00	0.00e+00	0.00e+00	0.00e+00
 3.43850e+13	2.82e-27	1.05e-20	7.76e-15	5.97e-10	4.13e-06	2.31e-03	9.98e-01	0.00e+00	0.00e+00	0.00e+00	0.00e+00	0.00e+00
 3.57199e+13	4.33e-27	1.51e-20	1.04e-14	7.46e-10	4.80e-06	2.50e-03	9.97e-01	0.00e+00	0.00e+00	0.00e+00	0.00e+00	0.00e+00
 3.70888e+13	6.60e-27	2.16e-20	1.39e-14	9.30e-10	5.56e-06	2.69e-03	9.97e-01	0.00e+00	0.00e+00	0.00e+00	0.00e+00	0.00e+00
 3.83571e+13	9.66e-27	2.97e-20	1.80e-14	1.13e-09	6.34e-06	2.88e-03	9.97e-01	0.00e+00	0.00e+00	0.00e+00	0.00e+00	0.00e+00
 3.97661e+13	1.45e-26	4.18e-20	2.37e-14	1.40e-09	7.31e-06	3.10e-03	9.97e-01	0.00e+00	0.00e+00	0.00e+00	0.00e+00	0.00e+00
 4.13137e+13	2.23e-26	6.01e-20	3.19e-14	1.75e-09	8.49e-06	3.35e-03	9.97e-01	0.00e+00	0.00e+00	0.00e+00	0.00e+00	0.00e+00
 4.27454e+13	3.30e-26	8.33e-20	4.15e-14	2.14e-09	9.70e-06	3.58e-03	9.96e-01	0.00e+00	0.00e+00	0.00e+00	0.00e+00	0.00e+00
 4.40021e+13	4.58e-26	1.10e-19	5.19e-14	2.53e-09	1.09e-05	3.80e-03	9.96e-01	0.00e+00	0.00e+00	0.00e+00	0.00e+00	0.00e+00
 4.53322e+13	6.42e-26	1.46e-19	6.54e-14	3.02e-09	1.22e-05	4.03e-03	9.96e-01	0.00e+00	0.00e+00	0.00e+00	0.00e+00	0.00e+00
 4.70205e+13	9.73e-26	2.07e-19	8.67e-14	3.74e-09	1.41e-05	4.34e-03	9.96e-01	0.00e+00	0.00e+00	0.00e+00	0.00e+00	0.00e+00
 4.87318e+13	1.47e-25	2.92e-19	1.14e-13	4.61e-09	1.62e-05	4.66e-03	9.95e-01	0.00e+00	0.00e+00	0.00e+00	0.00e+00	0.00e+00
 5.01776e+13	2.05e-25	3.87e-19	1.44e-13	5.48e-09	1.82e-05	4.94e-03	9.95e-01	0.00e+00	0.00e+00	0.00e+00	0.00e+00	0.00e+00
 5.17214e+13	2.90e-25	5.18e-19	1.82e-13	6.55e-09	2.05e-05	5.25e-03	9.95e-01	0.00e+00	0.00e+00	0.00e+00	0.00e+00	0.00e+00
 5.36609e+13	4.42e-25	7.37e-19	2.42e-13	8.13e-09	2.37e-05	5.66e-03	9.94e-01	0.00e+00	0.00e+00	0.00e+00	0.00e+00	0.00e+00
 5.56645e+13	6.74e-25	1.05e-18	3.22e-13	1.01e-08	2.74e-05	6.08e-03	9.94e-01	0.00e+00	0.00e+00	0.00e+00	0.00e+00	0.00e+00
 5.74306e+13	9.66e-25	1.42e-18	4.11e-13	1.21e-08	3.09e-05	6.48e-03	9.93e-01	0.00e+00	0.00e+00	0.00e+00	0.00e+00	0.00e+00
 5.93377e+13	1.41e-24	1.94e-18	5.29e-13	1.47e-08	3.52e-05	6.91e-03	9.93e-01	0.00e+00	0.00e+00	0.00e+00	0.00e+00	0.00e+00
 6.16389e+13	2.17e-24	2.81e-18	7.12e-13	1.84e-08	4.09e-05	7.46e-03	9.92e-01	0.00e+00	0.00e+00	0.00e+00	0.00e+00	0.00e+00
 6.39203e+13	3.30e-24	3.98e-18	9.45e-13	2.28e-08	4.72e-05	8.02e-03	9.92e-01	0.00e+00	0.00e+00	0.00e+00	0.00e+00	0.00e+00
 6.59478e+13	4.73e-24	5.39e-18	1.21e-12	2.74e-08	5.33e-05	8.54e-03	9.91e-01	0.00e+00	0.00e+00	0.00e+00	0.00e+00	0.00e+00
 6.81772e+13	6.92e-24	7.41e-18	1.56e-12	3.33e-08	6.08e-05	9.13e-03	9.91e-01	0.00e+00	0.00e+00	0.00e+00	0.00e+00	0.00e+00
 7.08410e+13	1.07e-23	1.07e-17	2.10e-12	4.18e-08	7.07e-05	9.86e-03	9.90e-01	0.00e+00	0.00e+00	0.00e+00	0.00e+00	0.00e+00
 7.34873e+13	1.63e-23	1.53e-17	2.80e-12	5.18e-08	8.16e-05	1.06e-02	9.89e-01	0.00e+00	0.00e+00	0.00e+00	0.00e+00	0.00e+00
 7.58968e+13	2.36e-23	2.08e-17	3.60e-12	6.27e-08	9.27e-05	1.13e-02	9.89e-01	0.00e+00	0.00e+00	0.00e+00	0.00e+00	0.00e+00
 7.85804e+13	3.50e-23	2.90e-17	4.71e-12	7.69e-08	1.06e-04	1.21e-02	9.88e-01	0.00e+00	0.00e+00	0.00e+00	0.00e+00	0.00e+00
 8.17141e+13	5.45e-23	4.21e-17	6.37e-12	9.69e-08	1.24e-04	1.31e-02	9.87e-01	0.00e+00	0.00e+00	0.00e+00	0.00e+00	0.00e+00
 8.47967e+13	8.29e-23	5.99e-17	8.49e-12	1.21e-07	1.43e-04	1.42e-02	9.86e-01	0.00e+00	0.00e+00	0.00e+00	0.00e+00	0.00e+00
 8.76953e+13	1.21e-22	8.25e-17	1.10e-11	1.47e-07	1.64e-04	1.52e-02	9.85e-01	0.00e+00	0.00e+00	0.00e+00	0.00e+00	0.00e+00
 9.09257e+13	1.81e-22	1.16e-16	1.45e-11	1.82e-07	1.89e-04	1.63e-02	9.83e-01	0.00e+00	0.00e+00	0.00e+00	0.00e+00	0.00e+00
 9.45927e+13	2.81e-22	1.68e-16	1.97e-11	2.29e-07	2.20e-04	1.77e-02	9.82e-01	0.00e+00	0.00e+00	0.00e+00	0.00e+00	0.00e+00
 9.82541e+13	4.28e-22	2.41e-16	2.64e-11	2.87e-07	2.56e-04	1.91e-02	9.81e-01	0.00e+00	0.00e+00	0.00e+00	0.00e+00	0.00e+00
 1.01789e+14	6.32e-22	3.35e-16	3.46e-11	3.53e-07	2.94e-04	2.06e-02	9.79e-01	0.00e+00	0.00e+00	0.00e+00	0.00e+00	0.00e+00
 1.04856e+14	8.76e-22	4.42e-16	4.34e-11	4.20e-07	3.30e-04	2.19e-02	9.78e-01	0.00e+00	0.00e+00	0.00e+00	0.00e+00	0.00e+00
 1.07418e+14	1.14e-21	5.52e-16	5.22e-11	4.84e-07	3.63e-04	2.30e-02	9.77e-01	0.00e+00	0.00e+00	0.00e+00	0.00e+00	0.00e+00
 1.10264e+14	1.51e-21	7.03e-16	6.37e-11	5.65e-07	4.02e-04	2.43e-02	9.75e-01	0.00e+00	0.00e+00	0.00e+00	0.00e+00	0.00e+00
 1.13965e+14	2.15e-21	9.52e-16	8.18e-11	6.86e-07	4.58e-04	2.60e-02	9.74e-01	0.00e+00	0.00e+00	0.00e+00	0.00e+00	0.00e+00
 1.17867e+14	3.08e-21	1.30e-15	1.06e-10	8.35e-07	5.23e-04	2.79e-02	9.72e-01	0.00e+00	0.00e+00	0.00e+00	0.00e+00	0.00e+00
 1.21235e+14	4.15e-21	1.67e-15	1.31e-10	9.85e-07	5.83e-04	2.96e-02	9.70e-01	0.00e+00	0.00e+00	0.00e+00	0.00e+00	0.00e+00
 1.24818e+14	5.63e-21	2.18e-15	1.63e-10	1.17e-06	6.54e-04	3.14e-02	9.68e-01	0.00e+00	0.00e+00	0.00e+00	0.00e+00	0.00e+00
 1.29395e+14	8.21e-21	3.02e-15	2.13e-10	1.44e-06	7.52e-04	3.39e-02	9.65e-01	0.00e+00	0.00e+00	0.00e+00	0.00e+00	0.00e+00
 1.34102e+14	1.19e-20	4.16e-15	2.79e-10	1.78e-06	8.65e-04	3.65e-02	9.63e-01	0.00e+00	0.00e+00	0.00e+00	0.00e+00	0.00e+00
 1.38133e+14	1.61e-20	5.43e-15	3.48e-10	2.11e-06	9.70e-04	3.89e-02	9.60e-01	0.00e+00	0.00e+00	0.00e+00	0.00e+00	0.00e+00
 1.42447e+14	2.20e-20	7.12e-15	4.38e-10	2.53e-06	1.09e-03	4.15e-02	9.57e-01	0.00e+00	0.00e+00	0.00e+00	0.00e+00	0.00e+00
 1.47797e+14	3.21e-20	9.89e-15	5.77e-10	3.14e-06	1.26e-03	4.49e-02	9.54e-01	0.00e+00	0.00e+00	0.00e+00	0.00e+00	0.00e+00
 1.53286e+14	4.64e-20	1.37e-14	7.58e-10	3.88e-06	1.45e-03	4.85e-02	9.50e-01	0.00e+00	0.00e+00	0.00e+00	0.00e+00	0.00e+00
 1.58176e+14	6.36e-20	1.80e-14	9.57e-10	4.66e-06	1.64e-03	5.18e-02	9.47e-01	0.00e+00	0.00e+00	0.00e+00	0.00e+00	0.00e+00
 1.63497e+14	8.81e-20	2.41e-14	1.22e-09	5.65e-06	1.86e-03	5.56e-02	9.42e-01	0.00e+00	0.00e+00	0.00e+00	0.00e+00	0.00e+00
 1.69850e+14	1.29e-19	3.37e-14	1.63e-09	7.06e-06	2.15e-03	6.03e-02	9.38e-01	0.00e+00	0.00e+00	0.00e+00	0.00e+00	0.00e+00
 1.76115e+14	1.85e-19	4.63e-14	2.13e-09	8.71e-06	2.47e-03	6.51e-02	9.32e-01	0.00e+00	0.00e+00	0.00e+00	0.00e+00	0.00e+00
 1.81751e+14	2.52e-19	6.10e-14	2.69e-09	1.05e-05	2.79e-03	6.96e-02	9.28e-01	0.00e+00	0.00e+00	0.00e+00	0.00e+00	0.00e+00
 1.88001e+14	3.52e-19	8.22e-14	3.46e-09	1.27e-05	3.17e-03	7.47e-02	9.22e-01	0.00e+00	0.00e+00	0.00e+00	0.00e+00	0.00e+00
 1.95379e+14	5.15e-19	1.15e-13	4.61e-09	1.59e-05	3.67e-03	8.09e-02	9.15e-01	0.00e+00	0.00e+00	0.00e+00	0.00e+00	0.00e+00
 2.02668e+14	7.39e-19	1.59e-13	6.05e-09	1.97e-05	4.21e-03	8.73e-02	9.08e-01	0.00e+00	0.00e+00	0.00e+00	0.00e+00	0.00e+00
 2.09409e+14	1.02e-18	2.12e-13	7.72e-09	2.37e-05	4.76e-03	9.34e-02	9.02e-01	0.00e+00	0.00e+00	0.00e+00	0.00e+00	0.00e+00
 2.16975e+14	1.45e-18	2.90e-13	1.01e-08	2.91e-05	5.43e-03	1.00e-01	8.94e-01	0.00e+00	0.00e+00	0.00e+00	0.00e+00	0.00e+00
 2.25684e+14	2.14e-18	4.12e-13	1.35e-08	3.65e-05	6.29e-03	1.09e-01	8.85e-01	0.00e+00	0.00e+00	0.00e+00	0.00e+00	0.00e+00
 2.34212e+14	3.09e-18	5.73e-13	1.78e-08	4.52e-05	7.21e-03	1.17e-01	8.76e-01	0.00e+00	0.00e+00	0.00e+00	0.00e+00	0.00e+00
 2.43082e+14	4.48e-18	7.98e-13	2.35e-08	5.59e-05	8.27e-03	1.26e-01	8.66e-01	0.00e+00	0.00e+00	0.00e+00	0.00e+00	0.00e+00
 2.52835e+14	6.64e-18	1.13e-12	3.16e-08	7.00e-05	9.54e-03	1.36e-01	8.54e-01	0.00e+00	0.00e+00	0.00e+00	0.00e+00	0.00e+00
 2.61088e+14	9.18e-18	1.51e-12	4.02e-08	8.40e-05	1.07e-02	1.45e-01	8.44e-01	0.00e+00	0.00e+00	0.00e+00	0.00e+00	0.00e+00
 2.67123e+14	1.16e-17	1.86e-12	4.77e-08	9.57e-05	1.16e-02	1.51e-01	8.37e-01	0.00e+00	0.00e+00	0.00e+00	0.00e+00	0.00e+00
 2.73458e+14	1.47e-17	2.30e-12	5.68e-08	1.09e-04	1.27e-02	1.58e-01	8.29e-01	0.00e+00	0.00e+00	0.00e+00	0.00e+00	0.00e+00
 2.81695e+14	1.98e-17	3.01e-12	7.10e-08	1.29e-04	1.41e-02	1.67e-01	8.18e-01	0.00e+00	0.00e+00	0.00e+00	0.00e+00	0.00e+00
 2.90779e+14	2.79e-17	4.01e-12	9.01e-08	1.55e-04	1.58e-02	1.77e-01	8.07e-01	0.00e+00	0.00e+00	1.61e-17	8.40e-18	2.82e-18
 2.99185e+14	3.74e-17	5.20e-12	1.12e-07	1.81e-04	1.74e-02	1.87e-01	7.96e-01	0.00e+00	0.00e+00	2.15e-17	1.13e-17	3.78e-18
 3.08331e+14	5.10e-17	6.84e-12	1.40e-07	2.15e-04	1.94e-02	1.97e-01	7.83e-01	0.00e+00	0.00e+00	2.93e-17	1.54e-17	5.14e-18
 3.18609e+14	7.17e-17	9.24e-12	1.79e-07	2.58e-04	2.17e-02	2.09e-01	7.69e-01	0.00e+00	0.00e+00	4.13e-17	2.17e-17	7.19e-18
 3.28395e+14	9.83e-17	1.22e-11	2.24e-07	3.05e-04	2.41e-02	2.20e-01	7.56e-01	0.00e+00	0.00e+00	5.66e-17	2.97e-17	9.82e-18
 3.39152e+14	1.38e-16	1.64e-11	2.85e-07	3.64e-04	2.70e-02	2.32e-01	7.41e-01	0.00e+00	0.00e+00	7.93e-17	4.15e-17	1.37e-17
 3.51181e+14	1.99e-16	2.26e-11	3.70e-07	4.41e-04	3.03e-02	2.45e-01	7.24e-01	0.00e+00	0.00e+00	1.15e-16	6.00e-17	1.97e-17
 3.62606e+14	2.79e-16	3.03e-11	4.70e-07	5.25e-04	3.38e-02	2.58e-01	7.07e-01	0.00e+00	0.00e+00	1.61e-16	8.41e-17	2.76e-17
 3.75201e+14	4.01e-16	4.15e-11	6.05e-07	6.32e-04	3.78e-02	2.72e-01	6.89e-01	0.00e+00	0.00e+00	2.32e-16	1.21e-16	3.95e-17
 3.89326e+14	5.96e-16	5.83e-11	7.95e-07	7.71e-04	4.27e-02	2.87e-01	6.69e-01	0.00e+00	0.00e+00	3.44e-16	1.80e-16	5.85e-17
 4.02670e+14	8.54e-16	7.95e-11	1.02e-06	9.22e-04	4.76e-02	3.02e-01	6.50e-01	0.00e+00	0.00e+00	4.94e-16	2.58e-16	8.39e-17
 4.17203e+14	1.25e-15	1.10e-10	1.32e-06	1.11e-03	5.33e-02	3.17e-01	6.29e-01	0.00e+00	0.00e+00	7.24e-16	3.77e-16	1.23e-16
 4.33348e+14	1.89e-15	1.56e-10	1.74e-06	1.36e-03	6.00e-02	3.33e-01	6.06e-01	0.00e+00	0.00e+00	1.09e-15	5.69e-16	1.84e-16
 4.48487e+14	2.74e-15	2.14e-10	2.24e-06	1.62e-03	6.67e-02	3.47e-01	5.85e-01	0.00e+00	0.00e+00	1.59e-15	8.27e-16	2.68e-16
 4.64803e+14	4.04e-15	2.96e-10	2.89e-06	1.95e-03	7.43e-02	3.62e-01	5.62e-01	0.00e+00	0.00e+00	2.34e-15	1.22e-15	3.94e-16
 4.83047e+14	6.17e-15	4.20e-10	3.82e-06	2.37e-03	8.33e-02	3.78e-01	5.37e-01	0.00e+00	0.00e+00	3.58e-15	1.86e-15	5.99e-16
 5.00582e+14	9.11e-15	5.80e-10	4.91e-06	2.83e-03	9.24e-02	3.92e-01	5.13e-01	0.00e+00	0.00e+00	5.29e-15	2.75e-15	8.84e-16
 5.19198e+14	1.36e-14	8.07e-10	6.36e-06	3.39e-03	1.02e-01	4.06e-01	4.89e-01	0.00e+00	0.00e+00	7.90e-15	4.10e-15	1.32e-15
 5.39996e+14	2.10e-14	1.15e-09	8.37e-06	4.10e-03	1.14e-01	4.20e-01	4.62e-01	0.00e+00	0.00e+00	1.22e-14	6.32e-15	2.03e-15
 5.57483e+14	2.98e-14	1.53e-09	1.04e-05	4.78e-03	1.24e-01	4.30e-01	4.40e-01	0.00e+00	0.00e+00	1.73e-14	8.99e-15	2.88e-15
 5.70050e+14	3.81e-14	1.86e-09	1.22e-05	5.31e-03	1.32e-01	4.38e-01	4.25e-01	0.00e+00	0.00e+00	2.21e-14	1.15e-14	3.68e-15
 5.83120e+14	4.89e-14	2.28e-09	1.42e-05	5.91e-03	1.40e-01	4.44e-01	4.10e-01	0.00e+00	0.00e+00	2.84e-14	1.48e-14	4.73e-15
 6.00110e+14	6.71e-14	2.94e-09	1.73e-05	6.75e-03	1.51e-01	4.52e-01	3.90e-01	0.00e+00	0.00e+00	3.90e-14	2.02e-14	6.48e-15
 6.19075e+14	9.45e-14	3.86e-09	2.13e-05	7.79e-03	1.63e-01	4.60e-01	3.69e-01	0.00e+00	0.00e+00	5.49e-14	2.85e-14	9.12e-15
 6.36857e+14	1.29e-13	4.94e-09	2.58e-05	8.85e-03	1.74e-01	4.66e-01	3.51e-01	0.00e+00	0.00e+00	7.51e-14	3.90e-14	1.25e-14
 6.56223e+14	1.80e-13	6.42e-09	3.14e-05	1.01e-02	1.87e-01	4.72e-01	3.31e-01	0.00e+00	0.00e+00	1.04e-13	5.43e-14	1.73e-14
 6.77881e+14	2.57e-13	8.49e-09	3.89e-05	1.17e-02	2.01e-01	4.77e-01	3.10e-01	0.00e+00	0.00e+00	1.49e-13	7.75e-14	2.48e-14
 6.98300e+14	3.56e-13	1.10e-08	4.72e-05	1.33e-02	2.15e-01	4.80e-01	2.92e-01	0.00e+00	0.00e+00	2.07e-13	1.07e-13	3.43e-14
 7.20629e+14	5.02e-13	1.43e-08	5.78e-05	1.51e-02	2.30e-01	4.82e-01	2.72e-01	0.00e+00	0.00e+00	2.92e-13	1.52e-13	4.84e-14
 7.45664e+14	7.30e-13	1.91e-08	7.18e-05	1.75e-02	2.47e-01	4.84e-01	2.52e-01	0.00e+00	0.00e+00	4.24e-13	2.20e-13	7.03e-14
 7.69428e+14	1.03e-12	2.49e-08	8.75e-05	1.99e-02	2.63e-01	4.83e-01	2.34e-01	0.00e+00	0.00e+00	5.97e-13	3.10e-13	9.90e-14
 7.95530e+14	1.48e-12	3.29e-08	1.08e-04	2.27e-02	2.80e-01	4.82e-01	2.16e-01	0.00e+00	0.00e+00	8.59e-13	4.47e-13	1.42e-13
 8.24642e+14	2.18e-12	4.43e-08	1.34e-04	2.61e-02	2.99e-01	4.78e-01	1.97e-01	0.00e+00	0.00e+00	1.27e-12	6.59e-13	2.10e-13
 8.51716e+14	3.09e-12	5.77e-08	1.64e-04	2.96e-02	3.16e-01	4.74e-01	1.80e-01	0.00e+00	0.00e+00	1.80e-12	9.33e-13	2.97e-13
 8.80964e+14	4.44e-12	7.60e-08	2.01e-04	3.36e-02	3.35e-01	4.67e-01	1.64e-01	0.00e+00	0.00e+00	2.58e-12	1.34e-12	4.28e-13
 9.13750e+14	6.56e-12	1.02e-07	2.49e-04	3.85e-02	3.54e-01	4.59e-01	1.48e-01	0.00e+00	0.00e+00	3.82e-12	1.98e-12	6.32e-13
 9.44510e+14	9.31e-12	1.33e-07	3.03e-04	4.33e-02	3.72e-01	4.50e-01	1.34e-01	0.00e+00	0.00e+00	5.42e-12	2.82e-12	8.98e-13
 9.77869e+14	1.35e-11	1.75e-07	3.70e-04	4.90e-02	3.91e-01	4.40e-01	1.20e-01	0.00e+00	0.00e+00	7.83e-12	4.07e-12	1.30e-12
 1.01324e+15	1.95e-11	2.31e-07	4.53e-04	5.53e-02	4.09e-01	4.28e-01	1.07e-01	0.00e+00	0.00e+00	1.14e-11	5.91e-12	1.88e-12
 1.04401e+15	2.66e-11	2.91e-07	5.37e-04	6.11e-02	4.25e-01	4.17e-01	9.71e-02	0.00e+00	0.00e+00	1.55e-11	8.05e-12	2.57e-12
 1.07038e+15	3.44e-11	3.53e-07	6.18e-04	6.64e-02	4.37e-01	4.07e-01	8.92e-02	0.00e+00	0.00e+00	2.00e-11	1.04e-11	3.32e-12
 1.09821e+15	4.48e-11	4.30e-07	7.12e-04	7.21e-02	4.49e-01	3.96e-01	8.15e-02	0.00e+00	0.00e+00	2.61e-11	1.36e-11	4.33e-12
 1.13439e+15	6.27e-11	5.51e-07	8.51e-04	7.99e-02	4.65e-01	3.82e-01	7.25e-02	0.00e+00	0.00e+00	3.65e-11	1.90e-11	6.06e-12
 1.17086e+15	8.61e-11	6.98e-07	1.01e-03	8.80e-02	4.79e-01	3.68e-01	6.45e-02	0.00e+00	0.00e+00	5.01e-11	2.61e-11	8.32e-12
 1.20027e+15	1.10e-10	8.40e-07	1.15e-03	9.49e-02	4.89e-01	3.56e-01	5.87e-02	0.00e+00	0.00e+00	6.43e-11	3.35e-11	1.07e-11
 1.23107e+15	1.43e-10	1.02e-06	1.32e-03	1.02e-01	4.99e-01	3.44e-01	5.32e-02	0.00e+00	0.00e+00	8.33e-11	4.34e-11	1.38e-11
 1.27112e+15	1.99e-10	1.29e-06	1.57e-03	1.12e-01	5.11e-01	3.28e-01	4.68e-02	0.00e+00	0.00e+00	1.16e-10	6.03e-11	1.92e-11
 1.31268e+15	2.74e-10	1.64e-06	1.85e-03	1.23e-01	5.22e-01	3.12e-01	4.10e-02	0.00e+00	0.00e+00	1.59e-10	8.31e-11	2.65e-11
 1.34803e+15	3.56e-10	1.99e-06	2.12e-03	1.32e-01	5.30e-01	2.99e-01	3.67e-02	0.00e+00	0.00e+00	2.07e-10	1.08e-10	3.45e-11
 1.38578e+15	4.71e-10	2.44e-06	2.45e-03	1.42e-01	5.37e-01	2.85e-01	3.26e-02	0.00e+00	0.00e+00	2.74e-10	1.43e-10	4.56e-11
 1.43486e+15	6.67e-10	3.15e-06	2.92e-03	1.56e-01	5.45e-01	2.68e-01	2.79e-02	0.00e+00	0.00e+00	3.88e-10	2.02e-10	6.47e-11
 1.48510e+15	9.31e-10	4.03e-06	3.47e-03	1.70e-01	5.52e-01	2.51e-01	2.39e-02	0.00e+00	0.00e+00	5.42e-10	2.83e-10	9.04e-11
 1.52605e+15	1.21e-09	4.89e-06	3.96e-03	1.82e-01	5.56e-01	2.37e-01	2.11e-02	0.00e+00	0.00e+00	7.03e-10	3.67e-10	1.17e-10
 1.56845e+15	1.58e-09	5.96e-06	4.54e-03	1.94e-01	5.59e-01	2.24e-01	1.85e-02	0.00e+00	0.00e+00	9.20e-10	4.80e-10	1.54e-10
 1.62357e+15	2.22e-09	7.63e-06	5.38e-03	2.11e-01	5.61e-01	2.07e-01	1.56e-02	0.00e+00	0.00e+00	1.29e-09	6.73e-10	2.16e-10
 1.68055e+15	3.06e-09	9.70e-06	6.34e-03	2.28e-01	5.61e-01	1.92e-01	1.31e-02	0.00e+00	0.00e+00	1.78e-09	9.31e-10	2.99e-10
 1.72843e+15	3.98e-09	1.18e-05	7.24e-03	2.42e-01	5.60e-01	1.79e-01	1.14e-02	0.00e+00	0.00e+00	2.31e-09	1.21e-09	3.88e-10
 1.77917e+15	5.25e-09	1.44e-05	8.31e-03	2.58e-01	5.58e-01	1.67e-01	9.77e-03	0.00e+00	0.00e+00	3.05e-09	1.60e-09	5.12e-10
 1.83407e+15	6.94e-09	1.78e-05	9.58e-03	2.74e-01	5.54e-01	1.54e-01	8.31e-03	0.00e+00	0.00e+00	4.04e-09	2.11e-09	6.79e-10
 1.88340e+15	8.83e-09	2.13e-05	1.08e-02	2.89e-01	5.49e-01	1.43e-01	7.20e-03	0.00e+00	0.00e+00	5.14e-09	2.69e-09	8.64e-10
 1.92711e+15	1.09e-08	2.48e-05	1.20e-02	3.03e-01	5.45e-01	1.34e-01	6.34e-03	0.00e+00	0.00e+00	6.33e-09	3.31e-09	1.06e-09
 1.97451e+15	1.37e-08	2.94e-05	1.35e-02	3.17e-01	5.39e-01	1.25e-01	5.51e-03	0.00e+00	0.00e+00	7.95e-09	4.16e-09	1.34e-09
 2.02688e+15	1.73e-08	3.50e-05	1.52e-02	3.33e-01	5.32e-01	1.16e-01	4.74e-03	0.00e+00	0.00e+00	1.01e-08	5.26e-09	1.70e-09
 2.07775e+15	2.16e-08	4.13e-05	1.70e-02	3.47e-01	5.24e-01	1.07e-01	4.10e-03	0.00e+00	0.00e+00	1.26e-08	6.57e-09	2.12e-09
 2.12720e+15	2.66e-08	4.83e-05	1.88e-02	3.62e-01	5.16e-01	9.97e-02	3.56e-03	0.00e+00	0.00e+00	1.55e-08	8.10e-09	2.61e-09
 2.18275e+15	3.37e-08	5.76e-05	2.12e-02	3.78e-01	5.06e-01	9.16e-02	3.04e-03	0.00e+00	0.00e+00	1.96e-08	1.03e-08	3.32e-09
 2.24495e+15	4.32e-08	6.93e-05	2.40e-02	3.95e-01	4.95e-01	8.33e-02	2.55e-03	0.00e+00	0.00e+00	2.51e-08	1.32e-08	4.25e-09
 2.30400e+15	5.40e-08	8.20e-05	2.69e-02	4.11e-01	4.83e-01	7.62e-02	2.17e-03	0.00e+00	0.00e+00	3.14e-08	1.65e-08	5.33e-09
 2.35821e+15	6.61e-08	9.54e-05	2.98e-02	4.26e-01	4.72e-01	7.01e-02	1.86e-03	0.00e+00	0.00e+00	3.84e-08	2.01e-08	6.52e-09
 2.41793e+15	8.30e-08	1.13e-04	3.33e-02	4.41e-01	4.60e-01	6.38e-02	1.58e-03	0.00e+00	0.00e+00	4.83e-08	2.53e-08	8.20e-09
 2.48277e+15	1.04e-07	1.34e-04	3.75e-02	4.58e-01	4.46e-01	5.77e-02	1.32e-03	0.00e+00	0.00e+00	6.08e-08	3.19e-08	1.03e-08
 2.54401e+15	1.29e-07	1.57e-04	4.17e-02	4.72e-01	4.32e-01	5.24e-02	1.12e-03	0.00e+00	0.00e+00	7.49e-08	3.93e-08	1.27e-08
 2.60379e+15	1.57e-07	1.83e-04	4.61e-02	4.86e-01	4.19e-01	4.77e-02	9.48e-04	0.00e+00	0.00e+00	9.13e-08	4.79e-08	1.55e-08
 2.67192e+15	1.99e-07	2.18e-04	5.18e-02	5.01e-01	4.03e-01	4.27e-02	7.82e-04	0.00e+00	0.00e+00	1.16e-07	6.09e-08	1.98e-08
 2.74683e+15	2.53e-07	2.61e-04	5.85e-02	5.17e-01	3.86e-01	3.79e-02	6.39e-04	0.00e+00	0.00e+00	1.47e-07	7.72e-08	2.51e-08
 2.81645e+15	3.12e-07	3.07e-04	6.53e-02	5.30e-01	3.70e-01	3.39e-02	5.30e-04	0.00e+00	0.00e+00	1.82e-07	9.54e-08	3.11e-08
 2.88182e+15	3.82e-07	3.58e-04	7.23e-02	5.41e-01	3.55e-01	3.04e-02	4.43e-04	0.00e+00	0.00e+00	2.22e-07	1.17e-07	3.80e-08
 2.94598e+15	4.65e-07	4.15e-04	7.98e-02	5.52e-01	3.40e-01	2.73e-02	3.71e-04	0.00e+00	0.00e+00	2.70e-07	1.42e-07	4.63e-08
 3.01961e+15	5.91e-07	4.96e-04	8.95e-02	5.63e-01	3.23e-01	2.41e-02	3.01e-04	0.00e+00	0.00e+00	3.44e-07	1.81e-07	5.89e-08
 3.09583e+15	7.30e-07	5.83e-04	1.00e-01	5.72e-01	3.06e-01	2.12e-02	2.45e-04	0.00e+00	0.00e+00	4.25e-07	2.23e-07	7.29e-08
 3.16202e+15	8.86e-07	6.75e-04	1.10e-01	5.80e-01	2.91e-01	1.88e-02	2.04e-04	0.00e+00	0.00e+00	5.16e-07	2.71e-07	8.86e-08
 3.23469e+15	1.11e-06	8.01e-04	1.23e-01	5.86e-01	2.74e-01	1.65e-02	1.65e-04	0.00e+00	0.00e+00	6.48e-07	3.41e-07	1.11e-07
 3.30291e+15	1.34e-06	9.21e-04	1.35e-01	5.90e-01	2.59e-01	1.46e-02	1.36e-04	0.00e+00	0.00e+00	7.78e-07	4.09e-07	1.34e-07
 3.35211e+15	1.54e-06	1.02e-03	1.45e-01	5.92e-01	2.48e-01	1.34e-02	1.18e-04	0.00e+00	0.00e+00	8.96e-07	4.71e-07	1.54e-07
 3.40283e+15	1.80e-06	1.15e-03	1.56e-01	5.94e-01	2.36e-01	1.21e-02	1.02e-04	0.00e+00	0.00e+00	1.05e-06	5.53e-07	1.81e-07
 3.45994e+15	2.14e-06	1.31e-03	1.70e-01	5.94e-01	2.24e-01	1.08e-02	8.55e-05	0.00e+00	0.00e+00	1.25e-06	6.56e-07	2.15e-07
 3.51410e+15	2.53e-06	1.48e-03	1.84e-01	5.93e-01	2.12e-01	9.69e-03	7.23e-05	0.00e+00	0.00e+00	1.47e-06	7.74e-07	2.54e-07
 3.56407e+15	2.94e-06	1.66e-03	1.97e-01	5.91e-01	2.01e-01	8.74e-03	6.19e-05	0.00e+00	0.00e+00	1.71e-06	9.01e-07	2.95e-07
 3.61985e+15	3.51e-06	1.90e-03	2.14e-01	5.87e-01	1.89e-01	7.74e-03	5.16e-05	0.00e+00	0.00e+00	2.04e-06	1.08e-06	3.53e-07
 3.67926e+15	4.24e-06	2.18e-03	2.33e-01	5.82e-01	1.76e-01	6.79e-03	4.24e-05	0.00e+00	0.00e+00	2.46e-06	1.30e-06	4.26e-07
 3.73020e+15	4.92e-06	2.44e-03	2.50e-01	5.75e-01	1.65e-01	6.06e-03	3.59e-05	0.00e+00	0.00e+00	2.86e-06	1.51e-06	4.95e-07
 3.78325e+15	5.76e-06	2.74e-03	2.70e-01	5.67e-01	1.54e-01	5.33e-03	2.98e-05	0.00e+00	0.00e+00	3.35e-06	1.76e-06	5.80e-07
 3.84286e+15	7.25e-06	3.24e-03	2.96e-01	5.55e-01	1.42e-01	4.57e-03	2.37e-05	0.00e+00	0.00e+00	4.22e-06	2.22e-06	7.31e-07
 3.89312e+15	8.51e-06	3.64e-03	3.17e-01	5.44e-01	1.31e-01	4.02e-03	1.97e-05	0.00e+00	0.00e+00	4.95e-06	2.61e-06	8.58e-07
 3.94058e+15	1.01e-05	4.11e-03	3.40e-01	5.31e-01	1.22e-01	3.51e-03	1.63e-05	0.00e+00	0.00e+00	5.85e-06	3.08e-06	1.01e-06
 3.99354e+15	1.18e-05	4.62e-03	3.66e-01	5.15e-01	1.11e-01	3.03e-03	1.33e-05	0.00e+00	0.00e+00	6.84e-06	3.61e-06	1.19e-06
 4.04578e+15	1.42e-05	5.30e-03	3.94e-01	4.97e-01	1.01e-01	2.58e-03	1.06e-05	0.00e+00	0.00e+00	8.27e-06	4.36e-06	1.44e-06
 4.09441e+15	1.76e-05	6.15e-03	4.24e-01	4.77e-01	9.12e-02	2.18e-03	8.36e-06	0.00e+00	0.00e+00	1.02e-05	5.40e-06	1.78e-06
 4.13504e+15	2.04e-05	6.84e-03	4.48e-01	4.59e-01	8.36e-02	1.90e-03	6.90e-06	0.00e+00	0.00e+00	1.19e-05	6.28e-06	2.07e-06
 4.17670e+15	2.35e-05	7.57e-03	4.75e-01	4.40e-01	7.58e-02	1.63e-03	5.63e-06	0.00e+00	0.00e+00	1.37e-05	7.22e-06	2.38e-06
 4.23086e+15	3.04e-05	9.03e-03	5.13e-01	4.11e-01	6.58e-02	1.30e-03	4.12e-06	0.00e+00	0.00e+00	1.77e-05	9.34e-06	3.08e-06
 4.28154e+15	3.58e-05	1.01e-02	5.46e-01	3.85e-01	5.75e-02	1.07e-03	3.16e-06	0.00e+00	0.00e+00	2.08e-05	1.10e-05	3.64e-06
 4.32085e+15	4.43e-05	1.17e-02	5.76e-01	3.60e-01	5.08e-02	8.79e-04	2.43e-06	0.00e+00	0.00e+00	2.58e-05	1.36e-05	4.50e-06
 4.35634e+15	5.12e-05	1.29e-02	6.02e-01	3.39e-01	4.54e-02	7.43e-04	1.94e-06	0.00e+00	0.00e+00	2.98e-05	1.57e-05	5.20e-06
 4.39372e+15	5.89e-05	1.42e-02	6.29e-01	3.16e-01	3.99e-02	6.16e-04	1.52e-06	0.00e+00	0.00e+00	3.42e-05	1.81e-05	5.99e-06
 4.43208e+15	6.99e-05	1.59e-02	6.57e-01	2.92e-01	3.47e-02	5.01e-04	1.16e-06	0.00e+00	0.00e+00	4.06e-05	2.15e-05	7.11e-06
 4.46095e+15	8.18e-05	1.76e-02	6.78e-01	2.73e-01	3.09e-02	4.21e-04	9.20e-07	0.00e+00	0.00e+00	4.76e-05	2.51e-05	8.33e-06
 4.48141e+15	8.98e-05	1.87e-02	6.93e-01	2.60e-01	2.84e-02	3.73e-04	0.00e+00	0.00e+00	0.00e+00	5.22e-05	2.76e-05	9.14e-06
 4.50169e+15	9.74e-05	1.97e-02	7.07e-01	2.47e-01	2.60e-02	3.29e-04	0.00e+00	0.00e+00	0.00e+00	5.67e-05	2.99e-05	9.92e-06
 4.52805e+15	1.10e-04	2.14e-02	7.25e-01	2.30e-01	2.31e-02	2.77e-04	0.00e+00	0.00e+00	0.00e+00	6.42e-05	3.39e-05	1.12e-05
 4.55741e+15	1.27e-04	2.34e-02	7.45e-01	2.11e-01	2.01e-02	2.27e-04	0.00e+00	0.00e+00	0.00e+00	7.39e-05	3.90e-05	1.30e-05
 4.58427e+15	1.48e-04	2.57e-02	7.63e-01	1.94e-01	1.75e-02	1.86e-04	0.00e+00	0.00e+00	0.00e+00	8.61e-05	4.55e-05	1.51e-05
 4.60663e+15	1.65e-04	2.75e-02	7.76e-01	1.81e-01	1.57e-02	1.58e-04	0.00e+00	0.00e+00	0.00e+00	9.59e-05	5.07e-05	1.68e-05
 4.62956e+15	1.82e-04	2.92e-02	7.89e-01	1.68e-01	1.38e-02	1.33e-04	0.00e+00	0.00e+00	0.00e+00	1.06e-04	5.59e-05	1.86e-05
 4.65936e+15	2.17e-04	3.25e-02	8.06e-01	1.50e-01	1.16e-02	1.03e-04	0.00e+00	0.00e+00	0.00e+00	1.26e-04	6.66e-05	2.21e-05
 4.68812e+15	2.44e-04	3.50e-02	8.19e-01	1.36e-01	9.91e-03	8.28e-05	0.00e+00	0.00e+00	0.00e+00	1.42e-04	7.51e-05	2.50e-05
 4.71551e+15	2.88e-04	3.86e-02	8.32e-01	1.21e-01	8.31e-03	6.43e-05	0.00e+00	0.00e+00	0.00e+00	1.68e-04	8.85e-05	2.95e-05
 4.74262e+15	3.30e-04	4.18e-02	8.42e-01	1.09e-01	7.03e-03	5.08e-05	0.00e+00	0.00e+00	0.00e+00	1.92e-04	1.01e-04	3.37e-05
 4.76498e+15	3.70e-04	4.47e-02	8.50e-01	9.92e-02	6.08e-03	4.14e-05	0.00e+00	0.00e+00	0.00e+00	2.15e-04	1.14e-04	3.79e-05
 4.78965e+15	4.22e-04	4.83e-02	8.57e-01	8.90e-02	5.12e-03	3.25e-05	0.00e+00	0.00e+00	0.00e+00	2.45e-04	1.30e-04	4.32e-05
 4.81691e+15	4.87e-04	5.25e-02	8.64e-01	7.88e-02	4.25e-03	2.50e-05	0.00e+00	0.00e+00	0.00e+00	2.83e-04	1.50e-04	4.99e-05
 4.84181e+15	5.53e-04	5.65e-02	8.69e-01	7.05e-02	3.57e-03	1.95e-05	0.00e+00	0.00e+00	0.00e+00	3.22e-04	1.70e-04	5.67e-05
 4.86489e+15	6.24e-04	6.05e-02	8.73e-01	6.33e-02	3.02e-03	1.54e-05	0.00e+00	0.00e+00	0.00e+00	3.63e-04	1.92e-04	6.40e-05
 4.89136e+15	7.19e-04	6.55e-02	8.76e-01	5.56e-02	2.47e-03	1.16e-05	0.00e+00	0.00e+00	0.00e+00	4.18e-04	2.21e-04	7.38e-05
 4.91981e+15	8.34e-04	7.13e-02	8.77e-01	4.85e-02	2.00e-03	8.62e-06	0.00e+00	0.00e+00	0.00e+00	4.85e-04	2.57e-04	8.57e-05
 4.94472e+15	9.49e-04	7.66e-02	8.78e-01	4.30e-02	1.66e-03	6.61e-06	0.00e+00	0.00e+00	0.00e+00	5.52e-04	2.92e-04	9.76e-05
 4.97098e+15	1.09e-03	8.28e-02	8.77e-01	3.75e-02	1.35e-03	4.92e-06	0.00e+00	0.00e+00	0.00e+00	6.35e-04	3.36e-04	1.12e-04
 4.99950e+15	1.27e-03	9.00e-02	8.75e-01	3.25e-02	1.08e-03	3.58e-06	0.00e+00	0.00e+00	0.00e+00	7.38e-04	3.90e-04	1.30e-04
 5.02522e+15	1.45e-03	9.68e-02	8.72e-01	2.85e-02	8.83e-04	2.70e-06	0.00e+00	0.00e+00	0.00e+00	8.43e-04	4.46e-04	1.49e-04
 5.04913e+15	1.65e-03	1.04e-01	8.69e-01	2.52e-02	7.28e-04	2.05e-06	0.00e+00	0.00e+00	0.00e+00	9.58e-04	5.06e-04	1.69e-04
 5.07647e+15	1.90e-03	1.12e-01	8.63e-01	2.18e-02	5.80e-04	1.48e-06	0.00e+00	0.00e+00	0.00e+00	1.11e-03	5.85e-04	1.96e-04
 5.10637e+15	2.23e-03	1.22e-01	8.56e-01	1.86e-02	4.55e-04	1.05e-06	0.00e+00	0.00e+00	0.00e+00	1.30e-03	6.85e-04	2.30e-04
 5.13330e+15	2.57e-03	1.32e-01	8.49e-01	1.61e-02	3.65e-04	7.65e-07	0.00e+00	0.00e+00	0.00e+00	1.50e-03	7.91e-04	2.65e-04
 5.15800e+15	2.93e-03	1.42e-01	8.41e-01	1.41e-02	2.98e-04	0.00e+00	0.00e+00	0.00e+00	0.00e+00	1.70e-03	9.01e-04	3.02e-04
 5.18610e+15	3.41e-03	1.54e-01	8.31e-01	1.21e-02	2.34e-04	0.00e+00	0.00e+00	0.00e+00	0.00e+00	1.98e-03	1.05e-03	3.52e-04
 5.21721e+15	4.03e-03	1.68e-01	8.18e-01	1.02e-02	1.80e-04	0.00e+00	0.00e+00	0.00e+00	0.00e+00	2.34e-03	1.24e-03	4.16e-04
 5.24587e+15	4.71e-03	1.82e-01	8.04e-01	8.65e-03	1.41e-04	0.00e+00	0.00e+00	0.00e+00	0.00e+00	2.74e-03	1.45e-03	4.86e-04
 5.27242e+15	5.44e-03	1.97e-01	7.90e-01	7.44e-03	1.12e-04	0.00e+00	0.00e+00	0.00e+00	0.00e+00	3.17e-03	1.68e-03	5.62e-04
 5.30259e+15	6.42e-03	2.15e-01	7.72e-01	6.23e-03	8.60e-05	0.00e+00	0.00e+00	0.00e+00	0.00e+00	3.74e-03	1.98e-03	6.63e-04
 5.33616e+15	7.75e-03	2.37e-01	7.50e-01	5.10e-03	6.38e-05	0.00e+00	0.00e+00	0.00e+00	0.00e+00	4.51e-03	2.38e-03	8.01e-04
 5.36741e+15	9.26e-03	2.59e-01	7.27e-01	4.22e-03	4.82e-05	0.00e+00	0.00e+00	0.00e+00	0.00e+00	5.39e-03	2.85e-03	9.57e-04
 5.39684e+15	1.09e-02	2.82e-01	7.04e-01	3.52e-03	3.68e-05	0.00e+00	0.00e+00	0.00e+00	0.00e+00	6.36e-03	3.36e-03	1.13e-03
 5.43067e+15	1.33e-02	3.11e-01	6.73e-01	2.81e-03	2.65e-05	0.00e+00	0.00e+00	0.00e+00	0.00e+00	7.75e-03	4.10e-03	1.38e-03
 5.46727e+15	1.66e-02	3.46e-01	6.36e-01	2.19e-03	1.85e-05	0.00e+00	0.00e+00	0.00e+00	0.00e+00	9.65e-03	5.10e-03	1.71e-03
 5.49904e+15	2.01e-02	3.79e-01	5.99e-01	1.75e-03	1.34e-05	0.00e+00	0.00e+00	0.00e+00	0.00e+00	1.17e-02	6.19e-03	2.08e-03
 5.52666e+15	2.38e-02	4.09e-01	5.66e-01	1.42e-03	1.00e-05	0.00e+00	0.00e+00	0.00e+00	0.00e+00	1.39e-02	7.32e-03	2.46e-03
 5.55732e+15	2.88e-02	4.45e-01	5.25e-01	1.11e-03	7.09e-06	0.00e+00	0.00e+00	0.00e+00	0.00e+00	1.68e-02	8.85e-03	2.98e-03
 5.59121e+15	3.58e-02	4.87e-01	4.76e-01	8.28e-04	4.76e-06	0.00e+00	0.00e+00	0.00e+00	0.00e+00	2.09e-02	1.10e-02	3.71e-03
 5.62142e+15	4.36e-02	5.27e-01	4.29e-01	6.25e-04	3.26e-06	0.00e+00	0.00e+00	0.00e+00	0.00e+00	2.54e-02	1.34e-02	4.52e-03
 5.64535e+15	5.11e-02	5.59e-01	3.90e-01	4.92e-04	2.37e-06	0.00e+00	0.00e+00	0.00e+00	0.00e+00	2.98e-02	1.57e-02	5.29e-03
 5.66504e+15	5.81e-02	5.84e-01	3.58e-01	4.00e-04	1.80e-06	0.00e+00	0.00e+00	0.00e+00	0.00e+00	3.39e-02	1.78e-02	6.03e-03
 5.68666e+15	6.70e-02	6.11e-01	3.22e-01	3.14e-04	1.31e-06	0.00e+00	0.00e+00	0.00e+00	0.00e+00	3.91e-02	2.06e-02	6.95e-03
 5.71056e+15	7.85e-02	6.39e-01	2.82e-01	2.35e-04	8.99e-07	0.00e+00	0.00e+00	0.00e+00	0.00e+00	4.58e-02	2.41e-02	8.15e-03
 5.73164e+15	9.07e-02	6.62e-01	2.47e-01	1.79e-04	0.00e+00	0.00e+00	0.00e+00	0.00e+00	0.00e+00	5.30e-02	2.78e-02	9.42e-03
 5.74909e+15	1.02e-01	6.79e-01	2.18e-01	1.40e-04	0.00e+00	0.00e+00	0.00e+00	0.00e+00	0.00e+00	5.97e-02	3.14e-02	1.06e-02
 5.76759e+15	1.16e-01	6.94e-01	1.90e-01	1.07e-04	0.00e+00	0.00e+00	0.00e+00	0.00e+00	0.00e+00	6.77e-02	3.55e-02	1.20e-02
 5.78766e+15	1.32e-01	7.07e-01	1.61e-01	7.83e-05	0.00e+00	0.00e+00	0.00e+00	0.00e+00	0.00e+00	7.73e-02	4.05e-02	1.38e-02
