#depth	He	He+	He+2
 1.49634e+10	4.88e-24	8.17e-13	1.00e+00
 4.54887e+10	5.51e-24	8.83e-13	1.00e+00
 7.72350e+10	6.14e-24	9.54e-13	1.00e+00
 1.10251e+11	6.83e-24	1.03e-12	1.00e+00
 1.44588e+11	7.60e-24	1.12e-12	1.00e+00
 1.80298e+11	8.45e-24	1.21e-12	1.00e+00
 2.17437e+11	9.38e-24	1.30e-12	1.00e+00
 2.55156e+11	1.04e-23	1.41e-12	1.00e+00
 2.94384e+11	1.15e-23	1.52e-12	1.00e+00
 3.36086e+11	1.27e-23	1.64e-12	1.00e+00
 3.79456e+11	1.41e-23	1.78e-12	1.00e+00
 4.24561e+11	1.56e-23	1.92e-12	1.00e+00
 4.71471e+11	1.73e-23	2.08e-12	1.00e+00
 5.15190e+11	1.90e-23	2.23e-12	1.00e+00
 5.53626e+11	2.06e-23	2.37e-12	1.00e+00
 5.96477e+11	2.23e-23	2.53e-12	1.00e+00
 6.48075e+11	2.46e-23	2.73e-12	1.00e+00
 7.00004e+11	2.71e-23	2.93e-12	1.00e+00
 7.47598e+11	2.95e-23	3.13e-12	1.00e+00
 8.00593e+11	3.23e-23	3.36e-12	1.00e+00
 8.62121e+11	3.58e-23	3.63e-12	1.00e+00
 9.22349e+11	3.95e-23	3.91e-12	1.00e+00
 9.79203e+11	4.31e-23	4.18e-12	1.00e+00
 1.04252e+12	4.74e-23	4.49e-12	1.00e+00
 1.11414e+12	5.27e-23	4.86e-12	1.00e+00
 1.18588e+12	5.84e-23	5.25e-12	1.00e+00
 1.26048e+12	6.47e-23	5.66e-12	1.00e+00
 1.34082e+12	7.21e-23	6.13e-12	1.00e+00
 1.42438e+12	8.04e-23	6.64e-12	1.00e+00
 1.51128e+12	8.97e-23	7.18e-12	1.00e+00
 1.60166e+12	1.00e-22	7.78e-12	1.00e+00
 1.69566e+12	1.12e-22	8.42e-12	1.00e+00
 1.79341e+12	1.25e-22	9.12e-12	1.00e+00
 1.89507e+12	1.41e-22	9.87e-12	1.00e+00
 2.00080e+12	1.58e-22	1.07e-11	1.00e+00
 2.11076e+12	1.77e-22	1.16e-11	1.00e+00
 2.22512e+12	2.00e-22	1.25e-11	1.00e+00
 2.34405e+12	2.25e-22	1.36e-11	1.00e+00
 2.46050e+12	2.53e-22	1.47e-11	1.00e+00
 2.56838e+12	2.80e-22	1.57e-11	1.00e+00
 2.68780e+12	3.12e-22	1.69e-11	1.00e+00
 2.82524e+12	3.54e-22	1.83e-11	1.00e+00
 2.96050e+12	4.00e-22	1.97e-11	1.00e+00
 3.10116e+12	4.51e-22	2.13e-11	1.00e+00
 3.25513e+12	5.13e-22	2.31e-11	1.00e+00
 3.41155e+12	5.83e-22	2.50e-11	1.00e+00
 3.57422e+12	6.63e-22	2.71e-11	1.00e+00
 3.74712e+12	7.58e-22	2.94e-11	1.00e+00
 3.92693e+12	8.67e-22	3.19e-11	1.00e+00
 4.11393e+12	9.93e-22	3.46e-11	1.00e+00
 4.30842e+12	1.14e-21	3.76e-11	1.00e+00
 4.51068e+12	1.31e-21	4.08e-11	1.00e+00
 4.72104e+12	1.51e-21	4.43e-11	1.00e+00
 4.93980e+12	1.73e-21	4.82e-11	1.00e+00
 5.14587e+12	1.98e-21	5.20e-11	1.00e+00
 5.33069e+12	2.21e-21	5.55e-11	1.00e+00
 5.53836e+12	2.49e-21	5.96e-11	1.00e+00
 5.78381e+12	2.87e-21	6.48e-11	1.00e+00
 6.02908e+12	3.30e-21	7.01e-11	1.00e+00
 6.26005e+12	3.74e-21	7.54e-11	1.00e+00
 6.51627e+12	4.26e-21	8.15e-11	1.00e+00
 6.80685e+12	4.95e-21	8.88e-11	1.00e+00
 7.09718e+12	5.72e-21	9.64e-11	1.00e+00
 7.39913e+12	6.59e-21	1.05e-10	1.00e+00
 7.72502e+12	7.66e-21	1.14e-10	1.00e+00
 8.03052e+12	8.79e-21	1.24e-10	1.00e+00
 8.30296e+12	9.86e-21	1.32e-10	1.00e+00
 8.60906e+12	1.12e-20	1.43e-10	1.00e+00
 8.97267e+12	1.30e-20	1.55e-10	1.00e+00
 9.33788e+12	1.50e-20	1.69e-10	1.00e+00
 9.67809e+12	1.70e-20	1.82e-10	1.00e+00
 1.00555e+13	1.94e-20	1.97e-10	1.00e+00
 1.04877e+13	2.27e-20	2.16e-10	1.00e+00
 1.09128e+13	2.62e-20	2.36e-10	1.00e+00
 1.13205e+13	2.98e-20	2.55e-10	1.00e+00
 1.17689e+13	3.42e-20	2.78e-10	1.00e+00
 1.22696e+13	3.98e-20	3.05e-10	1.00e+00
 1.27727e+13	4.60e-20	3.33e-10	1.00e+00
 1.32960e+13	5.31e-20	3.65e-10	1.00e+00
 1.38393e+13	6.13e-20	3.99e-10	1.00e+00
 1.43736e+13	7.01e-20	4.35e-10	1.00e+00
 1.49476e+13	8.04e-20	4.76e-10	1.00e+00
 1.55755e+13	9.30e-20	5.24e-10	1.00e+00
 1.62284e+13	1.07e-19	5.77e-10	1.00e+00
 1.69075e+13	1.24e-19	6.35e-10	1.00e+00
 1.76137e+13	1.42e-19	6.99e-10	1.00e+00
 1.82525e+13	1.61e-19	7.61e-10	1.00e+00
 1.87850e+13	1.77e-19	8.15e-10	1.00e+00
 1.93684e+13	1.96e-19	8.76e-10	1.00e+00
 2.01071e+13	2.23e-19	9.59e-10	1.00e+00
 2.08773e+13	2.53e-19	1.05e-09	1.00e+00
 2.15598e+13	2.81e-19	1.13e-09	1.00e+00
 2.21982e+13	3.09e-19	1.22e-09	1.00e+00
 2.29276e+13	3.44e-19	1.32e-09	1.00e+00
 2.38217e+13	3.90e-19	1.44e-09	1.00e+00
 2.47113e+13	4.41e-19	1.58e-09	1.00e+00
 2.54867e+13	4.89e-19	1.70e-09	1.00e+00
 2.63323e+13	5.43e-19	1.84e-09	1.00e+00
 2.73613e+13	6.17e-19	2.02e-09	1.00e+00
 2.84109e+13	6.98e-19	2.21e-09	1.00e+00
 2.93788e+13	7.80e-19	2.40e-09	1.00e+00
 3.04584e+13	8.79e-19	2.61e-09	1.00e+00
 3.17050e+13	1.01e-18	2.87e-09	1.00e+00
 3.29295e+13	1.14e-18	3.15e-09	1.00e+00
 3.41047e+13	1.29e-18	3.42e-09	1.00e+00
 3.54005e+13	1.47e-18	3.73e-09	1.00e+00
 3.68465e+13	1.69e-18	4.10e-09	1.00e+00
 3.81628e+13	1.91e-18	4.45e-09	1.00e+00
 3.92736e+13	2.12e-18	4.76e-09	1.00e+00
 4.04963e+13	2.37e-18	5.11e-09	1.00e+00
 4.18767e+13	2.68e-18	5.52e-09	1.00e+00
 4.31985e+13	3.01e-18	5.93e-09	1.00e+00
 4.46533e+13	3.40e-18	6.40e-09	1.00e+00
 4.62698e+13	3.89e-18	6.94e-09	1.00e+00
 4.77854e+13	4.40e-18	7.47e-09	1.00e+00
 4.94442e+13	5.02e-18	8.07e-09	1.00e+00
 5.13103e+13	5.80e-18	8.78e-09	1.00e+00
 5.30932e+13	6.63e-18	9.49e-09	1.00e+00
 5.47414e+13	7.48e-18	1.02e-08	1.00e+00
 5.65671e+13	8.51e-18	1.09e-08	1.00e+00
 5.86142e+13	9.81e-18	1.18e-08	1.00e+00
 6.05484e+13	1.12e-17	1.27e-08	1.00e+00
 6.26621e+13	1.28e-17	1.37e-08	1.00e+00
 6.50026e+13	1.49e-17	1.49e-08	1.00e+00
 6.71771e+13	1.70e-17	1.60e-08	1.00e+00
 6.95429e+13	1.96e-17	1.73e-08	1.00e+00
 7.21887e+13	2.28e-17	1.88e-08	1.00e+00
 7.46848e+13	2.62e-17	2.02e-08	1.00e+00
 7.74049e+13	3.04e-17	2.18e-08	1.00e+00
 8.04388e+13	3.56e-17	2.38e-08	1.00e+00
 8.33151e+13	4.12e-17	2.56e-08	1.00e+00
 8.63986e+13	4.78e-17	2.77e-08	1.00e+00
 8.98845e+13	5.63e-17	3.02e-08	1.00e+00
 9.33279e+13	6.57e-17	3.27e-08	1.00e+00
 9.69090e+13	7.68e-17	3.55e-08	1.00e+00
 1.00815e+14	9.05e-17	3.86e-08	1.00e+00
 1.04878e+14	1.06e-16	4.20e-08	1.00e+00
 1.09103e+14	1.25e-16	4.57e-08	1.00e+00
 1.13244e+14	1.46e-16	4.94e-08	1.00e+00
 1.17088e+14	1.68e-16	5.30e-08	1.00e+00
 1.21338e+14	1.94e-16	5.72e-08	1.00e+00
 1.25707e+14	2.25e-16	6.16e-08	1.00e+00
 1.29355e+14	2.53e-16	6.54e-08	1.00e+00
 1.33201e+14	2.85e-16	6.95e-08	1.00e+00
 1.38097e+14	3.31e-16	7.49e-08	1.00e+00
 1.43212e+14	3.84e-16	8.09e-08	1.00e+00
 1.47735e+14	4.36e-16	8.62e-08	1.00e+00
 1.52636e+14	4.98e-16	9.22e-08	1.00e+00
 1.58118e+14	5.75e-16	9.92e-08	1.00e+00
 1.63262e+14	6.55e-16	1.06e-07	1.00e+00
 1.68857e+14	7.51e-16	1.14e-07	1.00e+00
 1.75084e+14	8.70e-16	1.22e-07	1.00e+00
 1.80895e+14	9.92e-16	1.31e-07	1.00e+00
 1.87212e+14	1.14e-15	1.40e-07	1.00e+00
 1.94278e+14	1.32e-15	1.51e-07	1.00e+00
 2.00927e+14	1.51e-15	1.62e-07	1.00e+00
 2.08178e+14	1.75e-15	1.74e-07	1.00e+00
 2.16285e+14	2.04e-15	1.88e-07	1.00e+00
 2.23940e+14	2.34e-15	2.01e-07	1.00e+00
 2.32151e+14	2.70e-15	2.16e-07	1.00e+00
 2.41467e+14	3.16e-15	2.34e-07	1.00e+00
 2.50605e+14	3.66e-15	2.52e-07	1.00e+00
 2.60108e+14	4.25e-15	2.72e-07	1.00e+00
 2.70543e+14	4.97e-15	2.94e-07	1.00e+00
 2.81104e+14	5.79e-15	3.18e-07	1.00e+00
 2.92088e+14	6.75e-15	3.43e-07	1.00e+00
 3.03122e+14	7.82e-15	3.70e-07	1.00e+00
 3.13538e+14	8.95e-15	3.96e-07	1.00e+00
 3.25050e+14	1.03e-14	4.25e-07	1.00e+00
 3.36582e+14	1.19e-14	4.56e-07	1.00e+00
 3.46093e+14	1.33e-14	4.83e-07	1.00e+00
 3.56138e+14	1.49e-14	5.11e-07	1.00e+00
 3.69068e+14	1.72e-14	5.50e-07	1.00e+00
 3.82672e+14	1.98e-14	5.92e-07	1.00e+00
 3.94622e+14	2.24e-14	6.30e-07	1.00e+00
 4.07496e+14	2.55e-14	6.72e-07	1.00e+00
 4.23083e+14	2.96e-14	7.26e-07	1.00e+00
 4.38927e+14	3.43e-14	7.82e-07	1.00e+00
 4.53648e+14	3.92e-14	8.37e-07	1.00e+00
 4.70069e+14	4.53e-14	9.02e-07	1.00e+00
 4.87636e+14	5.25e-14	9.73e-07	1.00e+00
 5.03248e+14	5.96e-14	1.04e-06	1.00e+00
 5.19985e+14	6.80e-14	1.11e-06	1.00e+00
 5.40049e+14	7.92e-14	1.20e-06	1.00e+00
 5.59776e+14	9.15e-14	1.30e-06	1.00e+00
 5.77294e+14	1.04e-13	1.38e-06	1.00e+00
 5.96606e+14	1.18e-13	1.48e-06	1.00e+00
 6.19687e+14	1.38e-13	1.60e-06	1.00e+00
 6.42599e+14	1.59e-13	1.73e-06	1.00e+00
 6.63439e+14	1.81e-13	1.84e-06	1.00e+00
 6.86656e+14	2.08e-13	1.98e-06	1.00e+00
 7.13789e+14	2.42e-13	2.15e-06	1.00e+00
 7.40488e+14	2.80e-13	2.32e-06	1.00e+00
 7.65582e+14	3.20e-13	2.48e-06	1.00e+00
 7.93562e+14	3.69e-13	2.67e-06	1.00e+00
 8.25335e+14	4.31e-13	2.90e-06	1.00e+00
 8.56996e+14	4.99e-13	3.13e-06	1.00e+00
 8.86544e+14	5.70e-13	3.36e-06	1.00e+00
 9.18655e+14	6.55e-13	3.61e-06	1.00e+00
 9.54648e+14	7.61e-13	3.91e-06	1.00e+00
 9.88150e+14	8.69e-13	4.19e-06	1.00e+00
 1.01906e+15	9.80e-13	4.47e-06	1.00e+00
 1.04886e+15	1.09e-12	4.74e-06	1.00e+00
 1.08204e+15	1.23e-12	5.05e-06	1.00e+00
 1.11874e+15	1.40e-12	5.41e-06	1.00e+00
 1.15287e+15	1.57e-12	5.75e-06	1.00e+00
 1.19010e+15	1.77e-12	6.13e-06	1.00e+00
 1.23204e+15	2.03e-12	6.59e-06	1.00e+00
 1.27201e+15	2.28e-12	7.03e-06	1.00e+00
 1.31591e+15	2.60e-12	7.53e-06	1.00e+00
 1.36429e+15	2.97e-12	8.10e-06	1.00e+00
 1.40873e+15	3.35e-12	8.65e-06	1.00e+00
 1.45675e+15	3.80e-12	9.26e-06	1.00e+00
 1.51054e+15	4.35e-12	9.97e-06	1.00e+00
 1.56120e+15	4.91e-12	1.07e-05	1.00e+00
 1.61643e+15	5.60e-12	1.15e-05	1.00e+00
 1.67778e+15	6.41e-12	1.23e-05	1.00e+00
 1.73499e+15	7.27e-12	1.32e-05	1.00e+00
 1.79727e+15	8.28e-12	1.42e-05	1.00e+00
 1.86701e+15	9.54e-12	1.54e-05	1.00e+00
 1.93296e+15	1.09e-11	1.65e-05	1.00e+00
 2.00366e+15	1.24e-11	1.78e-05	1.00e+00
 2.08384e+15	1.44e-11	1.93e-05	1.00e+00
 2.16248e+15	1.65e-11	2.09e-05	1.00e+00
 2.24427e+15	1.90e-11	2.25e-05	1.00e+00
 2.33407e+15	2.20e-11	2.45e-05	1.00e+00
 2.42239e+15	2.54e-11	2.65e-05	1.00e+00
 2.49540e+15	2.84e-11	2.82e-05	1.00e+00
 2.55425e+15	3.10e-11	2.96e-05	1.00e+00
 2.61957e+15	3.43e-11	3.13e-05	1.00e+00
 2.70449e+15	3.88e-11	3.35e-05	1.00e+00
 2.79555e+15	4.41e-11	3.60e-05	1.00e+00
 2.87631e+15	4.93e-11	3.83e-05	1.00e+00
 2.96303e+15	5.55e-11	4.09e-05	1.00e+00
 3.07230e+15	6.41e-11	4.42e-05	1.00e+00
 3.18323e+15	7.38e-11	4.78e-05	1.00e+00
 3.27844e+15	8.31e-11	5.10e-05	1.00e+00
 3.38086e+15	9.43e-11	5.46e-05	1.00e+00
 3.50754e+15	1.09e-10	5.92e-05	1.00e+00
 3.63665e+15	1.27e-10	6.42e-05	1.00e+00
 3.75112e+15	1.44e-10	6.88e-05	1.00e+00
 3.87566e+15	1.65e-10	7.40e-05	1.00e+00
 4.02498e+15	1.93e-10	8.06e-05	1.00e+00
 4.17275e+15	2.25e-10	8.74e-05	1.00e+00
 4.30541e+15	2.56e-10	9.37e-05	1.00e+00
 4.45223e+15	2.95e-10	1.01e-04	1.00e+00
 4.62594e+15	3.47e-10	1.10e-04	1.00e+00
 4.79773e+15	4.06e-10	1.20e-04	1.00e+00
 4.95632e+15	4.66e-10	1.29e-04	1.00e+00
 5.13455e+15	5.42e-10	1.40e-04	1.00e+00
 5.33996e+15	6.41e-10	1.53e-04	1.00e+00
 5.54084e+15	7.52e-10	1.66e-04	1.00e+00
 5.74975e+15	8.82e-10	1.80e-04	1.00e+00
 5.94087e+15	1.01e-09	1.94e-04	1.00e+00
 6.08257e+15	1.12e-09	2.05e-04	1.00e+00
 6.22824e+15	1.24e-09	2.16e-04	1.00e+00
 6.41761e+15	1.42e-09	2.31e-04	1.00e+00
 6.62252e+15	1.62e-09	2.48e-04	1.00e+00
 6.80728e+15	1.83e-09	2.64e-04	1.00e+00
 7.00712e+15	2.07e-09	2.81e-04	1.00e+00
 7.26250e+15	2.41e-09	3.05e-04	1.00e+00
 7.51948e+15	2.80e-09	3.29e-04	1.00e+00
 7.73249e+15	3.16e-09	3.50e-04	1.00e+00
 7.95890e+15	3.58e-09	3.74e-04	1.00e+00
 8.24862e+15	4.17e-09	4.05e-04	1.00e+00
 8.55369e+15	4.87e-09	4.38e-04	1.00e+00
 8.82564e+15	5.57e-09	4.70e-04	1.00e+00
 9.12151e+15	6.42e-09	5.05e-04	9.99e-01
 9.47453e+15	7.54e-09	5.49e-04	9.99e-01
 9.82113e+15	8.77e-09	5.94e-04	9.99e-01
 1.01325e+16	1.00e-08	6.36e-04	9.99e-01
 1.04789e+16	1.15e-08	6.84e-04	9.99e-01
 1.08881e+16	1.35e-08	7.44e-04	9.99e-01
 1.12913e+16	1.58e-08	8.05e-04	9.99e-01
 1.16630e+16	1.81e-08	8.63e-04	9.99e-01
 1.20818e+16	2.10e-08	9.32e-04	9.99e-01
 1.24863e+16	2.41e-08	9.99e-04	9.99e-01
 1.27834e+16	2.66e-08	1.05e-03	9.99e-01
 1.30809e+16	2.93e-08	1.10e-03	9.99e-01
 1.34676e+16	3.31e-08	1.18e-03	9.99e-01
 1.38861e+16	3.76e-08	1.26e-03	9.99e-01
 1.42590e+16	4.19e-08	1.33e-03	9.99e-01
 1.46572e+16	4.71e-08	1.41e-03	9.99e-01
 1.51748e+16	5.45e-08	1.52e-03	9.98e-01
 1.56964e+16	6.25e-08	1.63e-03	9.98e-01
 1.61160e+16	6.96e-08	1.73e-03	9.98e-01
 1.65540e+16	7.79e-08	1.83e-03	9.98e-01
 1.71235e+16	8.98e-08	1.97e-03	9.98e-01
 1.77203e+16	1.03e-07	2.12e-03	9.98e-01
 1.82275e+16	1.15e-07	2.25e-03	9.98e-01
 1.87618e+16	1.30e-07	2.40e-03	9.98e-01
 1.94451e+16	1.52e-07	2.61e-03	9.97e-01
 2.01282e+16	1.74e-07	2.81e-03	9.97e-01
 2.06762e+16	1.94e-07	2.98e-03	9.97e-01
 2.12428e+16	2.18e-07	3.18e-03	9.97e-01
 2.19793e+16	2.53e-07	3.45e-03	9.97e-01
 2.27170e+16	2.89e-07	3.72e-03	9.96e-01
 2.33023e+16	3.20e-07	3.95e-03	9.96e-01
 2.38157e+16	3.51e-07	4.17e-03	9.96e-01
 2.43895e+16	3.91e-07	4.44e-03	9.96e-01
 2.50070e+16	4.36e-07	4.74e-03	9.95e-01
 2.55709e+16	4.80e-07	5.03e-03	9.95e-01
 2.61935e+16	5.39e-07	5.39e-03	9.95e-01
 2.68579e+16	6.05e-07	5.79e-03	9.94e-01
 2.74518e+16	6.70e-07	6.18e-03	9.94e-01
 2.80990e+16	7.56e-07	6.67e-03	9.93e-01
 2.87939e+16	8.57e-07	7.24e-03	9.93e-01
 2.94170e+16	9.58e-07	7.80e-03	9.92e-01
 2.99707e+16	1.06e-06	8.36e-03	9.92e-01
 3.04871e+16	1.17e-06	8.95e-03	9.91e-01
 3.10775e+16	1.33e-06	9.73e-03	9.90e-01
 3.16999e+16	1.51e-06	1.06e-02	9.89e-01
 3.22301e+16	1.69e-06	1.15e-02	9.88e-01
 3.27046e+16	1.88e-06	1.24e-02	9.88e-01
 3.31557e+16	2.08e-06	1.34e-02	9.87e-01
 3.35874e+16	2.32e-06	1.45e-02	9.85e-01
 3.40107e+16	2.59e-06	1.57e-02	9.84e-01
 3.44243e+16	2.90e-06	1.71e-02	9.83e-01
 3.48235e+16	3.25e-06	1.87e-02	9.81e-01
 3.52062e+16	3.66e-06	2.04e-02	9.80e-01
 3.55737e+16	4.08e-06	2.23e-02	9.78e-01
 3.59304e+16	4.67e-06	2.45e-02	9.76e-01
 3.62668e+16	5.21e-06	2.69e-02	9.73e-01
 3.65858e+16	5.99e-06	2.96e-02	9.70e-01
 3.68907e+16	6.77e-06	3.27e-02	9.67e-01
 3.71790e+16	7.62e-06	3.62e-02	9.64e-01
 3.74616e+16	8.72e-06	4.02e-02	9.60e-01
 3.77319e+16	1.02e-05	4.49e-02	9.55e-01
 3.79737e+16	1.16e-05	5.00e-02	9.50e-01
 3.81956e+16	1.31e-05	5.55e-02	9.44e-01
 3.84490e+16	1.53e-05	6.32e-02	9.37e-01
 3.87054e+16	1.83e-05	7.30e-02	9.27e-01
 3.89013e+16	2.15e-05	8.24e-02	9.18e-01
 3.90523e+16	2.41e-05	9.11e-02	9.09e-01
 3.92097e+16	2.76e-05	1.02e-01	8.98e-01
 3.93852e+16	3.29e-05	1.16e-01	8.84e-01
 3.95381e+16	3.78e-05	1.32e-01	8.68e-01
 3.96661e+16	4.36e-05	1.47e-01	8.53e-01
 3.97843e+16	4.97e-05	1.64e-01	8.36e-01
 3.99147e+16	5.82e-05	1.87e-01	8.13e-01
 4.00486e+16	6.85e-05	2.14e-01	7.86e-01
 4.01556e+16	7.89e-05	2.40e-01	7.60e-01
 4.02456e+16	8.87e-05	2.66e-01	7.34e-01
 4.03311e+16	1.00e-04	2.93e-01	7.07e-01
 4.04042e+16	1.11e-04	3.19e-01	6.81e-01
 4.04755e+16	1.23e-04	3.47e-01	6.53e-01
 4.05540e+16	1.38e-04	3.80e-01	6.20e-01
 4.06221e+16	1.52e-04	4.11e-01	5.89e-01
 4.06911e+16	1.68e-04	4.46e-01	5.54e-01
 4.07678e+16	1.87e-04	4.85e-01	5.15e-01
 4.08399e+16	2.06e-04	5.24e-01	4.76e-01
 4.09187e+16	2.29e-04	5.68e-01	4.32e-01
 4.10047e+16	2.54e-04	6.15e-01	3.85e-01
 4.10845e+16	2.78e-04	6.58e-01	3.42e-01
 4.11730e+16	3.05e-04	7.04e-01	2.96e-01
 4.12879e+16	3.40e-04	7.58e-01	2.42e-01
 4.14097e+16	3.73e-04	8.07e-01	1.93e-01
 4.15230e+16	4.02e-04	8.44e-01	1.55e-01
 4.16529e+16	4.32e-04	8.79e-01	1.20e-01
 4.18217e+16	4.65e-04	9.13e-01	8.65e-02
 4.20412e+16	5.02e-04	9.42e-01	5.72e-02
 4.23264e+16	5.41e-04	9.65e-01	3.47e-02
 4.26973e+16	5.85e-04	9.80e-01	1.94e-02
 4.31125e+16	6.34e-04	9.88e-01	1.10e-02
 4.35070e+16	6.82e-04	9.92e-01	6.86e-03
 4.38804e+16	7.33e-04	9.95e-01	4.59e-03
 4.42466e+16	7.91e-04	9.96e-01	3.21e-03
 4.46021e+16	8.54e-04	9.97e-01	2.32e-03
 4.49359e+16	9.23e-04	9.97e-01	1.76e-03
 4.52456e+16	9.96e-04	9.98e-01	1.37e-03
 4.55361e+16	1.08e-03	9.98e-01	1.10e-03
 4.57583e+16	1.15e-03	9.98e-01	9.48e-04
 4.58976e+16	1.20e-03	9.98e-01	8.62e-04
 4.60313e+16	1.25e-03	9.98e-01	7.83e-04
 4.62051e+16	1.32e-03	9.98e-01	6.92e-04
 4.63914e+16	1.40e-03	9.98e-01	6.11e-04
 4.65480e+16	1.49e-03	9.98e-01	5.53e-04
 4.66768e+16	1.56e-03	9.98e-01	5.10e-04
 4.68157e+16	1.64e-03	9.98e-01	4.65e-04
 4.69714e+16	1.75e-03	9.98e-01	4.21e-04
 4.70976e+16	1.85e-03	9.98e-01	3.92e-04
 4.71827e+16	1.92e-03	9.98e-01	3.73e-04
 4.72658e+16	2.00e-03	9.98e-01	3.53e-04
 4.73738e+16	2.10e-03	9.98e-01	3.30e-04
 4.74856e+16	2.22e-03	9.97e-01	3.09e-04
 4.75743e+16	2.33e-03	9.97e-01	2.94e-04
 4.76469e+16	2.42e-03	9.97e-01	2.82e-04
 4.77266e+16	2.53e-03	9.97e-01	2.69e-04
 4.78302e+16	2.69e-03	9.97e-01	2.52e-04
 4.79310e+16	2.86e-03	9.97e-01	2.39e-04
 4.80024e+16	2.99e-03	9.97e-01	2.30e-04
 4.80592e+16	3.11e-03	9.97e-01	2.22e-04
 4.81230e+16	3.24e-03	9.97e-01	2.14e-04
 4.82061e+16	3.44e-03	9.96e-01	2.04e-04
 4.82891e+16	3.66e-03	9.96e-01	1.95e-04
 4.83516e+16	3.84e-03	9.96e-01	1.88e-04
 4.84026e+16	4.01e-03	9.96e-01	1.83e-04
 4.84594e+16	4.20e-03	9.96e-01	1.77e-04
 4.85332e+16	4.48e-03	9.95e-01	1.70e-04
 4.86063e+16	4.80e-03	9.95e-01	1.63e-04
 4.86600e+16	5.06e-03	9.95e-01	1.58e-04
 4.87041e+16	5.29e-03	9.95e-01	1.55e-04
 4.87541e+16	5.57e-03	9.94e-01	1.50e-04
 4.88190e+16	5.98e-03	9.94e-01	1.45e-04
 4.88842e+16	6.47e-03	9.93e-01	1.40e-04
 4.89338e+16	6.89e-03	9.93e-01	1.36e-04
 4.89759e+16	7.28e-03	9.93e-01	1.33e-04
 4.90241e+16	7.77e-03	9.92e-01	1.29e-04
 4.90868e+16	8.50e-03	9.91e-01	1.25e-04
 4.91510e+16	9.42e-03	9.90e-01	1.21e-04
 4.92015e+16	1.03e-02	9.90e-01	1.17e-04
 4.92425e+16	1.11e-02	9.89e-01	1.15e-04
 4.92874e+16	1.21e-02	9.88e-01	1.12e-04
 4.93371e+16	1.34e-02	9.86e-01	1.09e-04
 4.93805e+16	1.49e-02	9.85e-01	1.06e-04
 4.94155e+16	1.62e-02	9.84e-01	1.04e-04
 4.94520e+16	1.78e-02	9.82e-01	1.02e-04
 4.94917e+16	1.99e-02	9.80e-01	1.00e-04
 4.95257e+16	2.22e-02	9.78e-01	9.85e-05
 4.95532e+16	2.42e-02	9.76e-01	9.74e-05
 4.95760e+16	2.63e-02	9.74e-01	9.64e-05
 4.95995e+16	2.86e-02	9.71e-01	9.53e-05
 4.96301e+16	3.22e-02	9.68e-01	9.41e-05
 4.96619e+16	3.68e-02	9.63e-01	9.31e-05
 4.96867e+16	4.14e-02	9.58e-01	9.24e-05
 4.97054e+16	4.54e-02	9.55e-01	9.23e-05
 4.97247e+16	5.01e-02	9.50e-01	9.20e-05
 4.97464e+16	5.62e-02	9.44e-01	9.20e-05
 4.97661e+16	6.30e-02	9.37e-01	9.22e-05
 4.97828e+16	6.97e-02	9.30e-01	9.27e-05
 4.97980e+16	7.67e-02	9.23e-01	9.32e-05
 4.98151e+16	8.57e-02	9.14e-01	9.39e-05
 4.98331e+16	9.68e-02	9.03e-01	9.51e-05
 4.98478e+16	1.08e-01	8.92e-01	9.64e-05
 4.98601e+16	1.18e-01	8.82e-01	9.77e-05
 4.98718e+16	1.29e-01	8.71e-01	9.89e-05
 4.98832e+16	1.40e-01	8.59e-01	1.01e-04
 4.98938e+16	1.53e-01	8.47e-01	1.02e-04
 4.99033e+16	1.65e-01	8.35e-01	1.04e-04
 4.99107e+16	1.75e-01	8.25e-01	1.05e-04
 4.99156e+16	1.82e-01	8.18e-01	1.06e-04
 4.99199e+16	1.88e-01	8.11e-01	1.07e-04
 4.99250e+16	1.97e-01	8.03e-01	1.08e-04
 4.99305e+16	2.06e-01	7.94e-01	1.09e-04
 4.99359e+16	2.15e-01	7.85e-01	1.10e-04
 4.99409e+16	2.24e-01	7.75e-01	1.11e-04
 4.99458e+16	2.34e-01	7.66e-01	1.12e-04
 4.99507e+16	2.44e-01	7.56e-01	1.13e-04
 4.99556e+16	2.54e-01	7.46e-01	1.15e-04
 4.99604e+16	2.65e-01	7.35e-01	1.16e-04
 4.99652e+16	2.76e-01	7.24e-01	1.17e-04
 4.99699e+16	2.87e-01	7.13e-01	1.18e-04
 4.99745e+16	2.98e-01	7.02e-01	1.19e-04
 4.99791e+16	3.10e-01	6.90e-01	1.20e-04
 4.99836e+16	3.22e-01	6.78e-01	1.21e-04
 4.99881e+16	3.34e-01	6.65e-01	1.22e-04
 4.99925e+16	3.47e-01	6.53e-01	1.23e-04
 4.99969e+16	3.60e-01	6.40e-01	1.24e-04
 5.00013e+16	3.73e-01	6.27e-01	1.25e-04
 5.00055e+16	3.86e-01	6.14e-01	1.26e-04
 5.00097e+16	3.99e-01	6.01e-01	1.27e-04
 5.00139e+16	4.13e-01	5.87e-01	1.28e-04
 5.00180e+16	4.27e-01	5.73e-01	1.29e-04
 5.00220e+16	4.41e-01	5.59e-01	1.29e-04
 5.00261e+16	4.55e-01	5.45e-01	1.30e-04
 5.00301e+16	4.69e-01	5.31e-01	1.31e-04
 5.00340e+16	4.83e-01	5.17e-01	1.31e-04
 5.00378e+16	4.97e-01	5.03e-01	1.32e-04
 5.00415e+16	5.11e-01	4.89e-01	1.32e-04
 5.00452e+16	5.24e-01	4.76e-01	1.33e-04
 5.00488e+16	5.38e-01	4.62e-01	1.33e-04
 5.00524e+16	5.52e-01	4.48e-01	1.33e-04
 5.00560e+16	5.65e-01	4.35e-01	1.33e-04
 5.00594e+16	5.78e-01	4.22e-01	1.33e-04
 5.00627e+16	5.91e-01	4.09e-01	1.33e-04
 5.00660e+16	6.04e-01	3.96e-01	1.33e-04
 5.00693e+16	6.16e-01	3.84e-01	1.33e-04
 5.00725e+16	6.28e-01	3.72e-01	1.33e-04
 5.00756e+16	6.40e-01	3.60e-01	1.32e-04
 5.00787e+16	6.52e-01	3.48e-01	1.32e-04
 5.00818e+16	6.63e-01	3.37e-01	1.31e-04
 5.00848e+16	6.74e-01	3.26e-01	1.31e-04
 5.00877e+16	6.85e-01	3.15e-01	1.30e-04
 5.00906e+16	6.95e-01	3.04e-01	1.29e-04
 5.00934e+16	7.06e-01	2.94e-01	1.29e-04
 5.00962e+16	7.15e-01	2.85e-01	1.28e-04
 5.00989e+16	7.25e-01	2.75e-01	1.27e-04
 5.01017e+16	7.34e-01	2.66e-01	1.26e-04
 5.01044e+16	7.43e-01	2.57e-01	1.25e-04
 5.01070e+16	7.52e-01	2.48e-01	1.24e-04
 5.01096e+16	7.61e-01	2.39e-01	1.23e-04
 5.01122e+16	7.69e-01	2.31e-01	1.22e-04
 5.01148e+16	7.77e-01	2.23e-01	1.21e-04
 5.01173e+16	7.85e-01	2.15e-01	1.20e-04
 5.01198e+16	7.92e-01	2.08e-01	1.19e-04
 5.01222e+16	8.00e-01	2.00e-01	1.17e-04
 5.01247e+16	8.07e-01	1.93e-01	1.16e-04
 5.01271e+16	8.13e-01	1.86e-01	1.15e-04
 5.01291e+16	8.19e-01	1.81e-01	1.14e-04
 5.01305e+16	8.23e-01	1.77e-01	1.13e-04
 5.01319e+16	8.27e-01	1.73e-01	1.12e-04
 5.01333e+16	8.31e-01	1.69e-01	1.11e-04
 5.01348e+16	8.35e-01	1.65e-01	1.10e-04
 5.01363e+16	8.38e-01	1.62e-01	1.09e-04
 5.01377e+16	8.42e-01	1.58e-01	1.08e-04
 5.01391e+16	8.46e-01	1.54e-01	1.07e-04
 5.01406e+16	8.49e-01	1.51e-01	1.06e-04
 5.01420e+16	8.53e-01	1.47e-01	1.05e-04
 5.01434e+16	8.56e-01	1.44e-01	1.04e-04
 5.01448e+16	8.59e-01	1.41e-01	1.03e-04
 5.01462e+16	8.63e-01	1.37e-01	1.01e-04
 5.01478e+16	8.66e-01	1.34e-01	1.00e-04
 5.01494e+16	8.70e-01	1.30e-01	9.92e-05
 5.01511e+16	8.73e-01	1.26e-01	9.78e-05
 5.01529e+16	8.77e-01	1.23e-01	9.64e-05
 5.01549e+16	8.82e-01	1.18e-01	9.48e-05
 5.01571e+16	8.86e-01	1.14e-01	9.31e-05
 5.01592e+16	8.90e-01	1.10e-01	9.13e-05
 5.01611e+16	8.94e-01	1.06e-01	8.96e-05
 5.01630e+16	8.97e-01	1.02e-01	8.78e-05
 5.01648e+16	9.01e-01	9.90e-02	8.61e-05
 5.01666e+16	9.04e-01	9.58e-02	8.43e-05
 5.01683e+16	9.07e-01	9.27e-02	8.26e-05
 5.01699e+16	9.10e-01	8.99e-02	8.10e-05
 5.01714e+16	9.12e-01	8.74e-02	7.95e-05
 5.01727e+16	9.15e-01	8.52e-02	7.80e-05
 5.01739e+16	9.17e-01	8.31e-02	7.67e-05
 5.01751e+16	9.19e-01	8.13e-02	7.54e-05
 5.01761e+16	9.20e-01	7.97e-02	7.43e-05
 5.01770e+16	9.22e-01	7.82e-02	7.32e-05
 5.01778e+16	9.23e-01	7.68e-02	7.22e-05
 5.01787e+16	9.25e-01	7.54e-02	7.11e-05
 5.01797e+16	9.26e-01	7.39e-02	7.00e-05
 5.01806e+16	9.27e-01	7.25e-02	6.90e-05
 5.01814e+16	9.29e-01	7.12e-02	6.80e-05
 5.01822e+16	9.30e-01	7.01e-02	6.70e-05
 5.01828e+16	9.31e-01	6.91e-02	6.63e-05
 5.01836e+16	9.32e-01	6.80e-02	6.54e-05
 5.01845e+16	9.33e-01	6.65e-02	6.42e-05
 5.01856e+16	9.35e-01	6.50e-02	6.30e-05
 5.01865e+16	9.36e-01	6.36e-02	6.18e-05
 5.01874e+16	9.38e-01	6.24e-02	6.08e-05
 5.01882e+16	9.39e-01	6.13e-02	5.98e-05
 5.01889e+16	9.40e-01	6.03e-02	5.89e-05
 5.01895e+16	9.41e-01	5.94e-02	5.80e-05
 5.01901e+16	9.41e-01	5.86e-02	5.73e-05
 5.01908e+16	9.42e-01	5.77e-02	5.64e-05
 5.01915e+16	9.43e-01	5.67e-02	5.55e-05
 5.01921e+16	9.44e-01	5.58e-02	5.47e-05
 5.01927e+16	9.45e-01	5.51e-02	5.39e-05
 5.01932e+16	9.46e-01	5.44e-02	5.32e-05
 5.01938e+16	9.46e-01	5.36e-02	5.25e-05
 5.01944e+16	9.47e-01	5.27e-02	5.17e-05
 5.01950e+16	9.48e-01	5.20e-02	5.09e-05
 5.01955e+16	9.49e-01	5.13e-02	5.02e-05
 5.01960e+16	9.49e-01	5.07e-02	4.96e-05
 5.01966e+16	9.50e-01	4.99e-02	4.88e-05
 5.01972e+16	9.51e-01	4.91e-02	4.80e-05
 5.01977e+16	9.52e-01	4.84e-02	4.73e-05
 5.01983e+16	9.52e-01	4.77e-02	4.67e-05
 5.01988e+16	9.53e-01	4.71e-02	4.60e-05
 5.01993e+16	9.53e-01	4.65e-02	4.54e-05
 5.01998e+16	9.54e-01	4.59e-02	4.48e-05
 5.02003e+16	9.55e-01	4.53e-02	4.42e-05
 5.02008e+16	9.55e-01	4.47e-02	4.36e-05
 5.02013e+16	9.56e-01	4.41e-02	4.30e-05
 5.02018e+16	9.56e-01	4.35e-02	4.24e-05
 5.02023e+16	9.57e-01	4.30e-02	4.18e-05
 5.02028e+16	9.58e-01	4.24e-02	4.12e-05
 5.02033e+16	9.58e-01	4.18e-02	4.07e-05
 5.02038e+16	9.59e-01	4.13e-02	4.01e-05
 5.02043e+16	9.59e-01	4.07e-02	3.96e-05
 5.02048e+16	9.60e-01	4.02e-02	3.90e-05
 5.02054e+16	9.60e-01	3.96e-02	3.84e-05
 5.02060e+16	9.61e-01	3.90e-02	3.78e-05
 5.02066e+16	9.62e-01	3.84e-02	3.73e-05
 5.02071e+16	9.62e-01	3.79e-02	3.68e-05
 5.02077e+16	9.63e-01	3.73e-02	3.62e-05
 5.02083e+16	9.63e-01	3.68e-02	3.57e-05
 5.02089e+16	9.64e-01	3.62e-02	3.51e-05
 5.02094e+16	9.64e-01	3.58e-02	3.47e-05
 5.02100e+16	9.65e-01	3.52e-02	3.42e-05
 5.02106e+16	9.65e-01	3.47e-02	3.37e-05
 5.02111e+16	9.66e-01	3.42e-02	3.31e-05
 5.02117e+16	9.66e-01	3.37e-02	3.27e-05
 5.02122e+16	9.67e-01	3.33e-02	3.22e-05
 5.02130e+16	9.67e-01	3.26e-02	3.16e-05
 5.02138e+16	9.68e-01	3.20e-02	3.10e-05
 5.02145e+16	9.69e-01	3.14e-02	3.05e-05
 5.02152e+16	9.69e-01	3.09e-02	3.00e-05
 5.02158e+16	9.70e-01	3.04e-02	2.95e-05
 5.02165e+16	9.70e-01	3.00e-02	2.90e-05
 5.02172e+16	9.71e-01	2.94e-02	2.85e-05
 5.02179e+16	9.71e-01	2.90e-02	2.81e-05
 5.02186e+16	9.72e-01	2.85e-02	2.76e-05
 5.02194e+16	9.72e-01	2.80e-02	2.71e-05
 5.02201e+16	9.72e-01	2.75e-02	2.67e-05
 5.02207e+16	9.73e-01	2.71e-02	2.63e-05
 5.02214e+16	9.73e-01	2.66e-02	2.58e-05
 5.02222e+16	9.74e-01	2.62e-02	2.54e-05
 5.02229e+16	9.74e-01	2.57e-02	2.50e-05
 5.02236e+16	9.75e-01	2.53e-02	2.46e-05
 5.02245e+16	9.75e-01	2.48e-02	2.41e-05
 5.02252e+16	9.76e-01	2.44e-02	2.37e-05
 5.02260e+16	9.76e-01	2.40e-02	2.33e-05
 5.02269e+16	9.76e-01	2.35e-02	2.29e-05
 5.02277e+16	9.77e-01	2.31e-02	2.25e-05
 5.02286e+16	9.77e-01	2.26e-02	2.20e-05
 5.02295e+16	9.78e-01	2.22e-02	2.16e-05
 5.02304e+16	9.78e-01	2.18e-02	2.12e-05
 5.02312e+16	9.79e-01	2.14e-02	2.09e-05
 5.02321e+16	9.79e-01	2.10e-02	2.05e-05
 5.02330e+16	9.79e-01	2.06e-02	2.01e-05
 5.02338e+16	9.80e-01	2.03e-02	1.98e-05
 5.02348e+16	9.80e-01	1.99e-02	1.94e-05
 5.02358e+16	9.80e-01	1.95e-02	1.90e-05
 5.02367e+16	9.81e-01	1.91e-02	1.87e-05
 5.02377e+16	9.81e-01	1.87e-02	1.83e-05
 5.02388e+16	9.82e-01	1.84e-02	1.80e-05
 5.02397e+16	9.82e-01	1.80e-02	1.77e-05
 5.02408e+16	9.82e-01	1.76e-02	1.73e-05
 5.02420e+16	9.83e-01	1.73e-02	1.70e-05
 5.02430e+16	9.83e-01	1.70e-02	1.67e-05
 5.02442e+16	9.83e-01	1.66e-02	1.63e-05
 5.02454e+16	9.84e-01	1.62e-02	1.60e-05
 5.02466e+16	9.84e-01	1.59e-02	1.57e-05
 5.02478e+16	9.84e-01	1.55e-02	1.53e-05
 5.02492e+16	9.85e-01	1.52e-02	1.50e-05
 5.02504e+16	9.85e-01	1.49e-02	1.47e-05
 5.02517e+16	9.85e-01	1.46e-02	1.44e-05
 5.02535e+16	9.86e-01	1.41e-02	1.40e-05
 5.02554e+16	9.86e-01	1.38e-02	1.36e-05
 5.02571e+16	9.87e-01	1.34e-02	1.33e-05
 5.02586e+16	9.87e-01	1.31e-02	1.30e-05
 5.02604e+16	9.87e-01	1.28e-02	1.27e-05
 5.02622e+16	9.88e-01	1.25e-02	1.24e-05
 5.02639e+16	9.88e-01	1.22e-02	1.21e-05
 5.02657e+16	9.88e-01	1.19e-02	1.18e-05
 5.02681e+16	9.88e-01	1.15e-02	1.15e-05
 5.02707e+16	9.89e-01	1.12e-02	1.11e-05
 5.02731e+16	9.89e-01	1.09e-02	1.09e-05
 5.02756e+16	9.89e-01	1.06e-02	1.05e-05
 5.02784e+16	9.90e-01	1.03e-02	1.03e-05
 5.02809e+16	9.90e-01	1.00e-02	1.00e-05
 5.02837e+16	9.90e-01	9.75e-03	9.75e-06
 5.02873e+16	9.91e-01	9.44e-03	9.44e-06
 5.02912e+16	9.91e-01	9.17e-03	9.18e-06
 5.02948e+16	9.91e-01	8.93e-03	8.94e-06
 5.02986e+16	9.91e-01	8.69e-03	8.69e-06
 5.03037e+16	9.92e-01	8.42e-03	8.42e-06
 5.03091e+16	9.92e-01	8.19e-03	8.20e-06
 5.03151e+16	9.92e-01	7.96e-03	7.95e-06
 5.03229e+16	9.92e-01	7.71e-03	7.70e-06
 5.03322e+16	9.93e-01	7.49e-03	7.46e-06
 5.03423e+16	9.93e-01	7.30e-03	7.26e-06
 5.03523e+16	9.93e-01	7.15e-03	7.08e-06
 5.03638e+16	9.93e-01	7.02e-03	6.93e-06
 5.03787e+16	9.93e-01	6.90e-03	6.77e-06
 5.03982e+16	9.93e-01	6.77e-03	6.60e-06
 5.04234e+16	9.93e-01	6.65e-03	6.42e-06
 5.04563e+16	9.93e-01	6.52e-03	6.21e-06
 5.04990e+16	9.94e-01	6.38e-03	5.98e-06
 5.05546e+16	9.94e-01	6.21e-03	5.69e-06
 5.06268e+16	9.94e-01	6.01e-03	5.34e-06
 5.07206e+16	9.94e-01	5.76e-03	4.93e-06
 5.08305e+16	9.94e-01	5.50e-03	4.51e-06
 5.09434e+16	9.95e-01	5.26e-03	4.13e-06
 5.10558e+16	9.95e-01	5.03e-03	3.78e-06
 5.11711e+16	9.95e-01	4.81e-03	3.45e-06
 5.12906e+16	9.95e-01	4.59e-03	3.15e-06
 5.14134e+16	9.96e-01	4.38e-03	2.87e-06
 5.15387e+16	9.96e-01	4.18e-03	2.61e-06
 5.16665e+16	9.96e-01	3.98e-03	2.38e-06
 5.17971e+16	9.96e-01	3.79e-03	2.16e-06
 5.19308e+16	9.96e-01	3.61e-03	1.96e-06
 5.20675e+16	9.97e-01	3.44e-03	1.78e-06
 5.22071e+16	9.97e-01	3.28e-03	1.61e-06
 5.23475e+16	9.97e-01	3.12e-03	1.46e-06
 5.24905e+16	9.97e-01	2.97e-03	1.32e-06
 5.26391e+16	9.97e-01	2.82e-03	1.19e-06
 5.27917e+16	9.97e-01	2.68e-03	1.08e-06
 5.29470e+16	9.97e-01	2.55e-03	9.69e-07
 5.31051e+16	9.98e-01	2.42e-03	8.73e-07
 5.32668e+16	9.98e-01	2.29e-03	7.85e-07
 5.34323e+16	9.98e-01	2.17e-03	7.05e-07
 5.36016e+16	9.98e-01	2.06e-03	6.32e-07
 5.37744e+16	9.98e-01	1.95e-03	5.66e-07
 5.39509e+16	9.98e-01	1.85e-03	5.07e-07
 5.41317e+16	9.98e-01	1.75e-03	4.52e-07
 5.43168e+16	9.98e-01	1.65e-03	4.03e-07
 5.45062e+16	9.98e-01	1.56e-03	3.59e-07
 5.47001e+16	9.99e-01	1.48e-03	3.20e-07
 5.48989e+16	9.99e-01	1.39e-03	2.84e-07
 5.51028e+16	9.99e-01	1.31e-03	2.51e-07
 5.53121e+16	9.99e-01	1.24e-03	2.22e-07
 5.55269e+16	9.99e-01	1.17e-03	1.96e-07
 5.57478e+16	9.99e-01	1.10e-03	1.73e-07
 5.59752e+16	9.99e-01	1.03e-03	1.52e-07
 5.62094e+16	9.99e-01	9.68e-04	1.33e-07
 5.64505e+16	9.99e-01	9.07e-04	1.16e-07
 5.66993e+16	9.99e-01	8.50e-04	1.01e-07
 5.69565e+16	9.99e-01	7.95e-04	8.76e-08
 5.72175e+16	9.99e-01	7.43e-04	7.60e-08
 5.74872e+16	9.99e-01	6.94e-04	6.56e-08
 5.77730e+16	9.99e-01	6.45e-04	5.62e-08
 5.80714e+16	9.99e-01	5.98e-04	4.79e-08
 5.83819e+16	9.99e-01	5.54e-04	4.06e-08
 5.87057e+16	9.99e-01	5.12e-04	3.42e-08
 5.90439e+16	1.00e+00	4.71e-04	2.86e-08
 5.93987e+16	1.00e+00	4.31e-04	2.38e-08
 5.97749e+16	1.00e+00	3.94e-04	1.95e-08
 6.01706e+16	1.00e+00	3.57e-04	1.59e-08
 6.05899e+16	1.00e+00	3.22e-04	1.28e-08
 6.10396e+16	1.00e+00	2.88e-04	1.01e-08
 6.15196e+16	1.00e+00	2.55e-04	7.85e-09
 6.20371e+16	1.00e+00	2.24e-04	5.98e-09
 6.26004e+16	1.00e+00	1.93e-04	4.42e-09
 6.32463e+16	1.00e+00	1.64e-04	3.15e-09
 6.39468e+16	1.00e+00	1.37e-04	2.19e-09
 6.46815e+16	1.00e+00	1.13e-04	1.49e-09
 6.55278e+16	1.00e+00	9.02e-05	9.55e-10
 6.65446e+16	1.00e+00	6.90e-05	5.62e-10
 6.77007e+16	1.00e+00	5.14e-05	3.13e-10
 6.90169e+16	1.00e+00	3.67e-05	1.61e-10
 7.04864e+16	1.00e+00	2.56e-05	7.88e-11
 7.20149e+16	1.00e+00	1.77e-05	3.82e-11
 7.35736e+16	1.00e+00	1.23e-05	1.86e-11
 7.51398e+16	1.00e+00	8.60e-06	9.16e-12
 7.67059e+16	1.00e+00	6.06e-06	4.60e-12
 7.82720e+16	1.00e+00	4.30e-06	2.34e-12
 7.98382e+16	1.00e+00	3.08e-06	1.21e-12
 8.14043e+16	1.00e+00	2.22e-06	6.37e-13
 8.29704e+16	1.00e+00	1.61e-06	3.39e-13
 8.45365e+16	1.00e+00	1.18e-06	1.83e-13
 8.61026e+16	1.00e+00	8.65e-07	1.00e-13
 8.76687e+16	1.00e+00	6.40e-07	5.55e-14
 8.92348e+16	1.00e+00	4.77e-07	3.12e-14
 9.08009e+16	1.00e+00	3.57e-07	1.77e-14
 9.26019e+16	1.00e+00	2.55e-07	9.17e-15
 9.46685e+16	1.00e+00	1.77e-07	4.49e-15
 9.67657e+16	1.00e+00	1.23e-07	2.22e-15
 9.88629e+16	1.00e+00	8.71e-08	1.12e-15
 1.01147e+17	1.00e+00	5.97e-08	5.36e-16
 1.03618e+17	1.00e+00	4.04e-08	2.50e-16
 1.06089e+17	1.00e+00	2.76e-08	1.19e-16
 1.08665e+17	1.00e+00	1.88e-08	5.59e-17
 1.11387e+17	1.00e+00	1.27e-08	2.59e-17
 1.14188e+17	1.00e+00	8.58e-09	1.20e-17
 1.17030e+17	1.00e+00	5.81e-09	5.61e-18
 1.19872e+17	1.00e+00	4.01e-09	2.70e-18
 1.22714e+17	1.00e+00	2.78e-09	1.32e-18
 1.25556e+17	1.00e+00	1.95e-09	6.56e-19
 1.28398e+17	1.00e+00	1.38e-09	3.32e-19
 1.31240e+17	1.00e+00	9.88e-10	1.71e-19
 1.34082e+17	1.00e+00	7.10e-10	8.95e-20
 1.36924e+17	1.00e+00	5.17e-10	4.77e-20
 1.39766e+17	1.00e+00	3.78e-10	2.57e-20
 1.42610e+17	1.00e+00	2.79e-10	1.41e-20
 1.45453e+17	1.00e+00	2.07e-10	7.81e-21
 1.48295e+17	1.00e+00	1.55e-10	0.00e+00
 1.51138e+17	1.00e+00	1.17e-10	0.00e+00
 1.53980e+17	1.00e+00	8.84e-11	0.00e+00
 1.56823e+17	1.00e+00	6.74e-11	0.00e+00
 1.60092e+17	1.00e+00	4.94e-11	0.00e+00
 1.63904e+17	1.00e+00	3.50e-11	0.00e+00
 1.67987e+17	1.00e+00	2.45e-11	0.00e+00
 1.72286e+17	1.00e+00	1.72e-11	0.00e+00
 1.76688e+17	1.00e+00	1.21e-11	0.00e+00
 1.81153e+17	1.00e+00	8.74e-12	0.00e+00
 1.85727e+17	1.00e+00	6.40e-12	0.00e+00
 1.90388e+17	1.00e+00	4.79e-12	0.00e+00
 1.95049e+17	1.00e+00	3.71e-12	0.00e+00
 1.99709e+17	1.00e+00	2.98e-12	0.00e+00
 2.04602e+17	1.00e+00	2.45e-12	0.00e+00
 2.09777e+17	1.00e+00	2.04e-12	0.00e+00
 2.15026e+17	1.00e+00	1.76e-12	0.00e+00
 2.20404e+17	1.00e+00	1.57e-12	0.00e+00
 2.25910e+17	1.00e+00	1.43e-12	0.00e+00
 2.31442e+17	1.00e+00	1.34e-12	0.00e+00
 2.37702e+17	1.00e+00	1.27e-12	0.00e+00
 2.45045e+17	1.00e+00	1.10e-12	0.00e+00
 2.52678e+17	1.00e+00	9.75e-13	0.00e+00
 2.60173e+17	1.00e+00	9.48e-13	0.00e+00
 2.67632e+17	1.00e+00	9.47e-13	0.00e+00
 2.75207e+17	1.00e+00	9.35e-13	0.00e+00
 2.82894e+17	1.00e+00	9.16e-13	0.00e+00
 2.90606e+17	1.00e+00	9.03e-13	0.00e+00
 2.98278e+17	1.00e+00	8.99e-13	0.00e+00
 3.05896e+17	1.00e+00	9.01e-13	0.00e+00
 3.13420e+17	1.00e+00	9.03e-13	0.00e+00
 3.20805e+17	1.00e+00	9.13e-13	0.00e+00
 3.28033e+17	1.00e+00	9.24e-13	0.00e+00
 3.35006e+17	1.00e+00	9.39e-13	0.00e+00
 3.41656e+17	1.00e+00	9.67e-13	0.00e+00
 3.48035e+17	1.00e+00	9.98e-13	0.00e+00
 3.54170e+17	1.00e+00	1.02e-12	0.00e+00
 3.60039e+17	1.00e+00	1.05e-12	0.00e+00
 3.65628e+17	1.00e+00	1.08e-12	0.00e+00
 3.70922e+17	1.00e+00	1.11e-12	0.00e+00
 3.75909e+17	1.00e+00	1.14e-12	0.00e+00
 3.80598e+17	1.00e+00	1.17e-12	0.00e+00
 3.85020e+17	1.00e+00	1.20e-12	0.00e+00
 3.89200e+17	1.00e+00	1.23e-12	0.00e+00
 3.93151e+17	1.00e+00	1.26e-12	0.00e+00
 3.96873e+17	1.00e+00	1.29e-12	0.00e+00
 4.00375e+17	1.00e+00	1.31e-12	0.00e+00
 4.03671e+17	1.00e+00	1.34e-12	0.00e+00
 4.06777e+17	1.00e+00	1.36e-12	0.00e+00
 4.09708e+17	1.00e+00	1.39e-12	0.00e+00
 4.12475e+17	1.00e+00	1.41e-12	0.00e+00
 4.15088e+17	1.00e+00	1.43e-12	0.00e+00
 4.17554e+17	1.00e+00	1.45e-12	0.00e+00
 4.19881e+17	1.00e+00	1.47e-12	0.00e+00
 4.22079e+17	1.00e+00	1.49e-12	0.00e+00
 4.24158e+17	1.00e+00	1.50e-12	0.00e+00
 4.26126e+17	1.00e+00	1.52e-12	0.00e+00
 4.27990e+17	1.00e+00	1.53e-12	0.00e+00
 4.29756e+17	1.00e+00	1.55e-12	0.00e+00
 4.31427e+17	1.00e+00	1.56e-12	0.00e+00
 4.33011e+17	1.00e+00	1.57e-12	0.00e+00
 4.34514e+17	1.00e+00	1.58e-12	0.00e+00
 4.35940e+17	1.00e+00	1.59e-12	0.00e+00
 4.37296e+17	1.00e+00	1.60e-12	0.00e+00
 4.38583e+17	1.00e+00	1.61e-12	0.00e+00
 4.39807e+17	1.00e+00	1.62e-12	0.00e+00
 4.40971e+17	1.00e+00	1.63e-12	0.00e+00
 4.42078e+17	1.00e+00	1.64e-12	0.00e+00
 4.43133e+17	1.00e+00	1.64e-12	0.00e+00
 4.44139e+17	1.00e+00	1.65e-12	0.00e+00
 4.45098e+17	1.00e+00	1.66e-12	0.00e+00
 4.46013e+17	1.00e+00	1.66e-12	0.00e+00
 4.46888e+17	1.00e+00	1.67e-12	0.00e+00
 4.47723e+17	1.00e+00	1.68e-12	0.00e+00
 4.48524e+17	1.00e+00	1.68e-12	0.00e+00
 4.49290e+17	1.00e+00	1.69e-12	0.00e+00
 4.50025e+17	1.00e+00	1.69e-12	0.00e+00
 4.50731e+17	1.00e+00	1.70e-12	0.00e+00
 4.51410e+17	1.00e+00	1.70e-12	0.00e+00
 4.52063e+17	1.00e+00	1.70e-12	0.00e+00
 4.52694e+17	1.00e+00	1.71e-12	0.00e+00
 4.53303e+17	1.00e+00	1.71e-12	0.00e+00
 4.53892e+17	1.00e+00	1.71e-12	0.00e+00
 4.54464e+17	1.00e+00	1.72e-12	0.00e+00
 4.55020e+17	1.00e+00	1.72e-12	0.00e+00
 4.55562e+17	1.00e+00	1.72e-12	0.00e+00
 4.56092e+17	1.00e+00	1.73e-12	0.00e+00
 4.56611e+17	1.00e+00	1.73e-12	0.00e+00
 4.57123e+17	1.00e+00	1.73e-12	0.00e+00
 4.57628e+17	1.00e+00	1.73e-12	0.00e+00
 4.58129e+17	1.00e+00	1.73e-12	0.00e+00
 4.58629e+17	1.00e+00	1.74e-12	0.00e+00
 4.59130e+17	1.00e+00	1.74e-12	0.00e+00
 4.59635e+17	1.00e+00	1.74e-12	0.00e+00
 4.60149e+17	1.00e+00	1.74e-12	0.00e+00
 4.60674e+17	1.00e+00	1.74e-12	0.00e+00
 4.61216e+17	1.00e+00	1.74e-12	0.00e+00
 4.61782e+17	1.00e+00	1.74e-12	0.00e+00
 4.62378e+17	1.00e+00	1.74e-12	0.00e+00
 4.63013e+17	1.00e+00	1.74e-12	0.00e+00
 4.63702e+17	1.00e+00	1.73e-12	0.00e+00
 4.64459e+17	1.00e+00	1.73e-12	0.00e+00
 4.65306e+17	1.00e+00	1.73e-12	0.00e+00
 4.66276e+17	1.00e+00	1.72e-12	0.00e+00
 4.67409e+17	1.00e+00	1.71e-12	0.00e+00
 4.68770e+17	1.00e+00	1.69e-12	0.00e+00
 4.70450e+17	1.00e+00	1.66e-12	0.00e+00
 4.72587e+17	1.00e+00	1.62e-12	0.00e+00
 4.75357e+17	1.00e+00	1.55e-12	0.00e+00
 4.78959e+17	1.00e+00	1.45e-12	0.00e+00
 4.83640e+17	1.00e+00	1.31e-12	0.00e+00
 4.89726e+17	1.00e+00	1.15e-12	0.00e+00
 4.97638e+17	1.00e+00	9.47e-13	0.00e+00
 5.07924e+17	1.00e+00	7.31e-13	0.00e+00
 5.21295e+17	1.00e+00	5.13e-13	0.00e+00
 5.38677e+17	1.00e+00	3.17e-13	0.00e+00
 5.59472e+17	1.00e+00	1.64e-13	0.00e+00
 5.81851e+17	1.00e+00	1.14e-13	0.00e+00
 6.05125e+17	1.00e+00	9.68e-14	0.00e+00
 6.29330e+17	1.00e+00	8.21e-14	0.00e+00
 6.54503e+17	1.00e+00	6.91e-14	0.00e+00
 6.80684e+17	1.00e+00	5.75e-14	0.00e+00
 7.07911e+17	1.00e+00	4.73e-14	0.00e+00
 7.36227e+17	1.00e+00	3.84e-14	0.00e+00
 7.65677e+17	1.00e+00	3.08e-14	0.00e+00
 7.94937e+17	1.00e+00	2.42e-14	0.00e+00
 8.21697e+17	1.00e+00	2.84e-14	0.00e+00
 8.45234e+17	1.00e+00	4.41e-14	0.00e+00
 8.66568e+17	1.00e+00	6.31e-14	0.00e+00
 8.86971e+17	1.00e+00	7.17e-14	0.00e+00
 9.06761e+17	1.00e+00	6.99e-14	0.00e+00
 9.25164e+17	1.00e+00	7.08e-14	0.00e+00
 9.41313e+17	1.00e+00	8.33e-14	0.00e+00
 9.55116e+17	1.00e+00	1.04e-13	0.00e+00
 9.67201e+17	1.00e+00	1.23e-13	0.00e+00
 9.78294e+17	1.00e+00	1.30e-13	0.00e+00
 9.88167e+17	1.00e+00	1.27e-13	0.00e+00
 9.95509e+17	1.00e+00	1.35e-13	0.00e+00
 9.99808e+17	1.00e+00	1.64e-13	0.00e+00
 1.00210e+18	1.00e+00	1.87e-13	0.00e+00
 1.00342e+18	1.00e+00	2.01e-13	0.00e+00
 1.00421e+18	1.00e+00	2.09e-13	0.00e+00
 1.00474e+18	1.00e+00	2.13e-13	0.00e+00
 1.00524e+18	1.00e+00	2.16e-13	0.00e+00
 1.00582e+18	1.00e+00	2.19e-13	0.00e+00
 1.00646e+18	1.00e+00	2.22e-13	0.00e+00
 1.00704e+18	1.00e+00	2.24e-13	0.00e+00
 1.00750e+18	1.00e+00	2.25e-13	0.00e+00
 1.00789e+18	1.00e+00	2.26e-13	0.00e+00
 1.00829e+18	1.00e+00	2.26e-13	0.00e+00
 1.00874e+18	1.00e+00	2.27e-13	0.00e+00
 1.00917e+18	1.00e+00	2.27e-13	0.00e+00
 1.00952e+18	1.00e+00	2.27e-13	0.00e+00
 1.00983e+18	1.00e+00	2.27e-13	0.00e+00
 1.01015e+18	1.00e+00	2.27e-13	0.00e+00
 1.01049e+18	1.00e+00	2.27e-13	0.00e+00
 1.01078e+18	1.00e+00	2.26e-13	0.00e+00
 1.01104e+18	1.00e+00	2.26e-13	0.00e+00
 1.01129e+18	1.00e+00	2.26e-13	0.00e+00
 1.01156e+18	1.00e+00	2.25e-13	0.00e+00
 1.01184e+18	1.00e+00	2.25e-13	0.00e+00
 1.01211e+18	1.00e+00	2.24e-13	0.00e+00
 1.01234e+18	1.00e+00	2.23e-13	0.00e+00
 1.01256e+18	1.00e+00	2.23e-13	0.00e+00
 1.01277e+18	1.00e+00	2.22e-13	0.00e+00
 1.01300e+18	1.00e+00	2.22e-13	0.00e+00
 1.01325e+18	1.00e+00	2.21e-13	0.00e+00
 1.01349e+18	1.00e+00	2.20e-13	0.00e+00
 1.01369e+18	1.00e+00	2.19e-13	0.00e+00
 1.01389e+18	1.00e+00	2.19e-13	0.00e+00
 1.01411e+18	1.00e+00	2.18e-13	0.00e+00
 1.01433e+18	1.00e+00	2.17e-13	0.00e+00
 1.01454e+18	1.00e+00	2.16e-13	0.00e+00
 1.01475e+18	1.00e+00	2.15e-13	0.00e+00
 1.01496e+18	1.00e+00	2.14e-13	0.00e+00
 1.01518e+18	1.00e+00	2.13e-13	0.00e+00
 1.01540e+18	1.00e+00	2.12e-13	0.00e+00
 1.01562e+18	1.00e+00	2.11e-13	0.00e+00
 1.01585e+18	1.00e+00	2.10e-13	0.00e+00
 1.01607e+18	1.00e+00	2.09e-13	0.00e+00
 1.01628e+18	1.00e+00	2.08e-13	0.00e+00
 1.01652e+18	1.00e+00	2.07e-13	0.00e+00
 1.01679e+18	1.00e+00	2.06e-13	0.00e+00
 1.01707e+18	1.00e+00	2.04e-13	0.00e+00
 1.01730e+18	1.00e+00	2.03e-13	0.00e+00
 1.01752e+18	1.00e+00	2.01e-13	0.00e+00
 1.01778e+18	1.00e+00	2.00e-13	0.00e+00
 1.01807e+18	1.00e+00	1.98e-13	0.00e+00
 1.01834e+18	1.00e+00	1.97e-13	0.00e+00
 1.01861e+18	1.00e+00	1.95e-13	0.00e+00
 1.01891e+18	1.00e+00	1.93e-13	0.00e+00
 1.01921e+18	1.00e+00	1.92e-13	0.00e+00
 1.01950e+18	1.00e+00	1.90e-13	0.00e+00
 1.01980e+18	1.00e+00	1.88e-13	0.00e+00
 1.02012e+18	1.00e+00	1.86e-13	0.00e+00
 1.02047e+18	1.00e+00	1.84e-13	0.00e+00
 1.02080e+18	1.00e+00	1.82e-13	0.00e+00
 1.02113e+18	1.00e+00	1.79e-13	0.00e+00
 1.02148e+18	1.00e+00	1.77e-13	0.00e+00
 1.02185e+18	1.00e+00	1.75e-13	0.00e+00
 1.02222e+18	1.00e+00	1.72e-13	0.00e+00
 1.02260e+18	1.00e+00	1.70e-13	0.00e+00
 1.02300e+18	1.00e+00	1.67e-13	0.00e+00
 1.02341e+18	1.00e+00	1.65e-13	0.00e+00
 1.02381e+18	1.00e+00	1.62e-13	0.00e+00
 1.02423e+18	1.00e+00	1.59e-13	0.00e+00
 1.02467e+18	1.00e+00	1.56e-13	0.00e+00
 1.02513e+18	1.00e+00	1.53e-13	0.00e+00
 1.02559e+18	1.00e+00	1.50e-13	0.00e+00
 1.02606e+18	1.00e+00	1.47e-13	0.00e+00
 1.02655e+18	1.00e+00	1.44e-13	0.00e+00
 1.02705e+18	1.00e+00	1.41e-13	0.00e+00
 1.02756e+18	1.00e+00	1.37e-13	0.00e+00
 1.02807e+18	1.00e+00	1.34e-13	0.00e+00
 1.02860e+18	1.00e+00	1.31e-13	0.00e+00
 1.02916e+18	1.00e+00	1.27e-13	0.00e+00
 1.02972e+18	1.00e+00	1.24e-13	0.00e+00
 1.03028e+18	1.00e+00	1.20e-13	0.00e+00
 1.03084e+18	1.00e+00	1.17e-13	0.00e+00
 1.03142e+18	1.00e+00	1.13e-13	0.00e+00
 1.03205e+18	1.00e+00	1.10e-13	0.00e+00
 1.03268e+18	1.00e+00	1.06e-13	0.00e+00
 1.03330e+18	1.00e+00	1.02e-13	0.00e+00
 1.03392e+18	1.00e+00	9.86e-14	0.00e+00
 1.03457e+18	1.00e+00	9.50e-14	0.00e+00
 1.03525e+18	1.00e+00	9.12e-14	0.00e+00
 1.03594e+18	1.00e+00	8.74e-14	0.00e+00
 1.03662e+18	1.00e+00	8.38e-14	0.00e+00
 1.03731e+18	1.00e+00	8.03e-14	0.00e+00
 1.03803e+18	1.00e+00	7.67e-14	0.00e+00
 1.03877e+18	1.00e+00	7.30e-14	0.00e+00
 1.03953e+18	1.00e+00	6.93e-14	0.00e+00
 1.04028e+18	1.00e+00	6.57e-14	0.00e+00
 1.04102e+18	1.00e+00	6.24e-14	0.00e+00
 1.04178e+18	1.00e+00	5.91e-14	0.00e+00
 1.04260e+18	1.00e+00	5.56e-14	0.00e+00
 1.04345e+18	1.00e+00	5.20e-14	0.00e+00
 1.04428e+18	1.00e+00	4.86e-14	0.00e+00
 1.04509e+18	1.00e+00	4.56e-14	0.00e+00
 1.04595e+18	1.00e+00	4.25e-14	0.00e+00
