#depth	N	N+	N+2	N+3	N+4	N+5	N+6	N+7
 1.49634e+10	0.00e+00	0.00e+00	2.42e-31	6.87e-21	3.53e-11	5.74e-01	4.26e-01	1.17e-04
 4.54887e+10	0.00e+00	2.18e-42	3.17e-31	8.30e-21	3.95e-11	5.93e-01	4.07e-01	1.03e-04
 7.72350e+10	0.00e+00	0.00e+00	4.14e-31	1.00e-20	4.41e-11	6.12e-01	3.88e-01	9.09e-05
 1.10251e+11	0.00e+00	4.35e-42	5.40e-31	1.21e-20	4.91e-11	6.31e-01	3.69e-01	7.99e-05
 1.44588e+11	0.00e+00	0.00e+00	7.03e-31	1.46e-20	5.47e-11	6.49e-01	3.51e-01	7.02e-05
 1.80298e+11	0.00e+00	8.62e-42	9.15e-31	1.75e-20	6.08e-11	6.67e-01	3.33e-01	6.16e-05
 2.17437e+11	0.00e+00	0.00e+00	1.19e-30	2.10e-20	6.75e-11	6.85e-01	3.15e-01	5.39e-05
 2.55156e+11	0.00e+00	1.69e-41	1.53e-30	2.51e-20	7.47e-11	7.01e-01	2.99e-01	4.73e-05
 2.94384e+11	0.00e+00	0.00e+00	1.97e-30	2.99e-20	8.25e-11	7.17e-01	2.82e-01	4.14e-05
 3.36086e+11	0.00e+00	3.28e-41	2.56e-30	3.58e-20	9.12e-11	7.33e-01	2.67e-01	3.61e-05
 3.79456e+11	0.00e+00	0.00e+00	3.30e-30	4.28e-20	1.01e-10	7.49e-01	2.51e-01	3.15e-05
 4.24561e+11	0.00e+00	6.41e-41	4.26e-30	5.11e-20	1.11e-10	7.64e-01	2.36e-01	2.74e-05
 4.71471e+11	0.00e+00	0.00e+00	5.50e-30	6.09e-20	1.22e-10	7.78e-01	2.22e-01	2.38e-05
 5.15190e+11	0.00e+00	1.21e-40	6.90e-30	7.12e-20	1.33e-10	7.90e-01	2.10e-01	2.10e-05
 5.53626e+11	0.00e+00	0.00e+00	8.37e-30	8.14e-20	1.44e-10	8.00e-01	2.00e-01	1.88e-05
 5.96477e+11	0.00e+00	2.04e-40	1.03e-29	9.39e-20	1.55e-10	8.10e-01	1.90e-01	1.67e-05
 6.48075e+11	0.00e+00	0.00e+00	1.31e-29	1.11e-19	1.70e-10	8.22e-01	1.78e-01	1.45e-05
 7.00004e+11	0.00e+00	3.80e-40	1.66e-29	1.30e-19	1.85e-10	8.33e-01	1.67e-01	1.27e-05
 7.47598e+11	0.00e+00	0.00e+00	2.03e-29	1.50e-19	2.00e-10	8.42e-01	1.58e-01	1.12e-05
 8.00593e+11	0.00e+00	6.66e-40	2.54e-29	1.74e-19	2.17e-10	8.51e-01	1.49e-01	9.85e-06
 8.62121e+11	0.00e+00	0.00e+00	3.24e-29	2.06e-19	2.37e-10	8.61e-01	1.39e-01	8.50e-06
 9.22349e+11	0.00e+00	1.25e-39	4.09e-29	2.41e-19	2.58e-10	8.70e-01	1.30e-01	7.40e-06
 9.79203e+11	0.00e+00	0.00e+00	5.05e-29	2.78e-19	2.78e-10	8.78e-01	1.22e-01	6.51e-06
 1.04252e+12	0.00e+00	2.23e-39	6.33e-29	3.24e-19	3.02e-10	8.85e-01	1.15e-01	5.67e-06
 1.11414e+12	0.00e+00	0.00e+00	8.09e-29	3.83e-19	3.29e-10	8.94e-01	1.06e-01	4.87e-06
 1.18588e+12	0.00e+00	4.21e-39	1.03e-28	4.50e-19	3.58e-10	9.01e-01	9.92e-02	4.20e-06
 1.26048e+12	0.00e+00	0.00e+00	1.30e-28	5.28e-19	3.90e-10	9.08e-01	9.24e-02	3.63e-06
 1.34082e+12	0.00e+00	7.94e-39	1.66e-28	6.23e-19	4.25e-10	9.14e-01	8.57e-02	3.11e-06
 1.42438e+12	0.00e+00	0.00e+00	2.12e-28	7.35e-19	4.63e-10	9.21e-01	7.95e-02	2.66e-06
 1.51128e+12	0.00e+00	1.51e-38	2.70e-28	8.67e-19	5.04e-10	9.26e-01	7.36e-02	2.28e-06
 1.60166e+12	0.00e+00	0.00e+00	3.44e-28	1.02e-18	5.49e-10	9.32e-01	6.82e-02	1.95e-06
 1.69566e+12	0.00e+00	2.88e-38	4.39e-28	1.20e-18	5.98e-10	9.37e-01	6.31e-02	1.67e-06
 1.79341e+12	0.00e+00	0.00e+00	5.60e-28	1.42e-18	6.51e-10	9.42e-01	5.84e-02	1.43e-06
 1.89507e+12	0.00e+00	5.49e-38	7.14e-28	1.67e-18	7.08e-10	9.46e-01	5.40e-02	1.22e-06
 2.00080e+12	0.00e+00	0.00e+00	9.10e-28	1.97e-18	7.70e-10	9.50e-01	4.99e-02	1.04e-06
 2.11076e+12	0.00e+00	1.04e-37	1.16e-27	2.32e-18	8.37e-10	9.54e-01	4.61e-02	8.85e-07
 2.22512e+12	0.00e+00	0.00e+00	1.48e-27	2.73e-18	9.10e-10	9.57e-01	4.25e-02	0.00e+00
 2.34405e+12	0.00e+00	1.99e-37	1.88e-27	3.21e-18	9.89e-10	9.61e-01	3.93e-02	0.00e+00
 2.46050e+12	0.00e+00	0.00e+00	2.37e-27	3.74e-18	1.07e-09	9.64e-01	3.64e-02	0.00e+00
 2.56838e+12	0.00e+00	3.53e-37	2.90e-27	4.29e-18	1.15e-09	9.66e-01	3.40e-02	0.00e+00
 2.68780e+12	0.00e+00	0.00e+00	3.61e-27	4.97e-18	1.24e-09	9.68e-01	3.16e-02	0.00e+00
 2.82524e+12	0.00e+00	6.51e-37	4.60e-27	5.86e-18	1.34e-09	9.71e-01	2.91e-02	0.00e+00
 2.96050e+12	0.00e+00	0.00e+00	5.79e-27	6.83e-18	1.45e-09	9.73e-01	2.69e-02	0.00e+00
 3.10116e+12	0.00e+00	1.20e-36	7.29e-27	7.98e-18	1.57e-09	9.75e-01	2.49e-02	0.00e+00
 3.25513e+12	3.10e-47	1.66e-36	9.30e-27	9.39e-18	1.71e-09	9.77e-01	2.30e-02	0.00e+00
 3.41155e+12	0.00e+00	0.00e+00	1.18e-26	1.10e-17	1.85e-09	9.79e-01	2.12e-02	0.00e+00
 3.57422e+12	0.00e+00	3.12e-36	1.50e-26	1.29e-17	2.01e-09	9.80e-01	1.95e-02	0.00e+00
 3.74712e+12	1.02e-46	4.31e-36	1.91e-26	1.52e-17	2.18e-09	9.82e-01	1.80e-02	0.00e+00
 3.92693e+12	0.00e+00	0.00e+00	2.44e-26	1.79e-17	2.37e-09	9.83e-01	1.65e-02	0.00e+00
 4.11393e+12	0.00e+00	8.25e-36	3.12e-26	2.12e-17	2.58e-09	9.85e-01	1.52e-02	0.00e+00
 4.30842e+12	3.45e-46	1.14e-35	3.98e-26	2.49e-17	2.80e-09	9.86e-01	1.40e-02	0.00e+00
 4.51068e+12	0.00e+00	0.00e+00	5.09e-26	2.94e-17	3.04e-09	9.87e-01	1.29e-02	0.00e+00
 4.72104e+12	0.00e+00	2.19e-35	6.51e-26	3.47e-17	3.31e-09	9.88e-01	1.18e-02	0.00e+00
 4.93980e+12	1.17e-45	3.04e-35	8.32e-26	4.09e-17	3.60e-09	9.89e-01	1.09e-02	0.00e+00
 5.14587e+12	0.00e+00	0.00e+00	1.04e-25	4.76e-17	3.88e-09	9.90e-01	1.01e-02	0.00e+00
 5.33069e+12	0.00e+00	5.29e-35	1.26e-25	5.42e-17	4.14e-09	9.91e-01	9.43e-03	0.00e+00
 5.53836e+12	3.33e-45	7.02e-35	1.56e-25	6.26e-17	4.46e-09	9.91e-01	8.77e-03	0.00e+00
 5.78381e+12	0.00e+00	0.00e+00	1.99e-25	7.37e-17	4.84e-09	9.92e-01	8.07e-03	0.00e+00
 6.02908e+12	0.00e+00	1.32e-34	2.52e-25	8.63e-17	5.24e-09	9.93e-01	7.45e-03	0.00e+00
 6.26005e+12	1.04e-44	1.75e-34	3.12e-25	9.96e-17	5.63e-09	9.93e-01	6.93e-03	0.00e+00
 6.51627e+12	0.00e+00	2.37e-34	3.92e-25	1.16e-16	6.09e-09	9.94e-01	6.41e-03	0.00e+00
 6.80685e+12	2.30e-44	3.30e-34	5.04e-25	1.38e-16	6.63e-09	9.94e-01	5.88e-03	0.00e+00
 7.09718e+12	0.00e+00	4.56e-34	6.42e-25	1.62e-16	7.20e-09	9.95e-01	5.41e-03	0.00e+00
 7.39913e+12	5.12e-44	6.28e-34	8.18e-25	1.91e-16	7.83e-09	9.95e-01	4.98e-03	0.00e+00
 7.72502e+12	0.00e+00	8.77e-34	1.05e-24	2.27e-16	8.54e-09	9.95e-01	4.56e-03	0.00e+00
 8.03052e+12	1.13e-43	1.19e-33	1.32e-24	2.64e-16	9.23e-09	9.96e-01	4.22e-03	0.00e+00
 8.30296e+12	0.00e+00	1.54e-33	1.61e-24	3.02e-16	9.88e-09	9.96e-01	3.94e-03	0.00e+00
 8.60906e+12	2.24e-43	2.05e-33	2.01e-24	3.50e-16	1.06e-08	9.96e-01	3.66e-03	0.00e+00
 8.97267e+12	0.00e+00	2.84e-33	2.57e-24	4.14e-16	1.16e-08	9.97e-01	3.36e-03	0.00e+00
 9.33788e+12	5.02e-43	3.91e-33	3.27e-24	4.88e-16	1.26e-08	9.97e-01	3.09e-03	0.00e+00
 9.67809e+12	0.00e+00	5.21e-33	4.07e-24	5.66e-16	1.36e-08	9.97e-01	2.87e-03	0.00e+00
 1.00555e+13	1.05e-42	7.07e-33	5.13e-24	6.63e-16	1.47e-08	9.97e-01	2.65e-03	0.00e+00
 1.04877e+13	0.00e+00	9.93e-33	6.64e-24	7.90e-16	1.61e-08	9.98e-01	2.42e-03	0.00e+00
 1.09128e+13	2.40e-42	1.37e-32	8.50e-24	9.36e-16	1.75e-08	9.98e-01	2.23e-03	0.00e+00
 1.13205e+13	0.00e+00	1.85e-32	1.07e-23	1.09e-15	1.90e-08	9.98e-01	2.06e-03	0.00e+00
 1.17689e+13	5.14e-42	2.54e-32	1.36e-23	1.29e-15	2.06e-08	9.98e-01	1.89e-03	0.00e+00
 1.22696e+13	0.00e+00	3.58e-32	1.77e-23	1.54e-15	2.26e-08	9.98e-01	1.73e-03	0.00e+00
 1.27727e+13	1.19e-41	4.98e-32	2.27e-23	1.83e-15	2.47e-08	9.98e-01	1.58e-03	0.00e+00
 1.32960e+13	0.00e+00	6.95e-32	2.93e-23	2.19e-15	2.71e-08	9.99e-01	1.45e-03	0.00e+00
 1.38393e+13	2.71e-41	9.69e-32	3.78e-23	2.61e-15	2.96e-08	9.99e-01	1.32e-03	0.00e+00
 1.43736e+13	0.00e+00	1.33e-31	4.81e-23	3.08e-15	3.23e-08	9.99e-01	1.22e-03	0.00e+00
 1.49476e+13	5.99e-41	1.84e-31	6.18e-23	3.66e-15	3.53e-08	9.99e-01	1.11e-03	0.00e+00
 1.55755e+13	0.00e+00	2.59e-31	8.05e-23	4.40e-15	3.88e-08	9.99e-01	1.01e-03	0.00e+00
 1.62284e+13	1.40e-40	3.64e-31	1.05e-22	5.29e-15	4.27e-08	9.99e-01	9.23e-04	0.00e+00
 1.69075e+13	0.00e+00	5.13e-31	1.36e-22	6.36e-15	4.70e-08	9.99e-01	8.40e-04	0.00e+00
 1.76137e+13	3.24e-40	7.21e-31	1.78e-22	7.65e-15	5.17e-08	9.99e-01	7.64e-04	0.00e+00
 1.82525e+13	0.00e+00	9.69e-31	2.24e-22	8.99e-15	5.62e-08	9.99e-01	7.03e-04	0.00e+00
 1.87850e+13	6.26e-40	1.23e-30	2.69e-22	1.02e-14	6.02e-08	9.99e-01	6.58e-04	0.00e+00
 1.93684e+13	0.00e+00	1.58e-30	3.28e-22	1.18e-14	6.47e-08	9.99e-01	6.12e-04	0.00e+00
 2.01071e+13	1.25e-39	2.16e-30	4.17e-22	1.39e-14	7.08e-08	9.99e-01	5.61e-04	0.00e+00
 2.08773e+13	0.00e+00	2.94e-30	5.32e-22	1.66e-14	7.75e-08	9.99e-01	5.13e-04	0.00e+00
 2.15598e+13	2.52e-39	3.83e-30	6.54e-22	1.92e-14	8.37e-08	1.00e+00	4.75e-04	0.00e+00
 2.21982e+13	0.00e+00	4.87e-30	7.88e-22	2.19e-14	8.98e-08	1.00e+00	4.44e-04	0.00e+00
 2.29276e+13	4.66e-39	6.34e-30	9.69e-22	2.54e-14	9.71e-08	1.00e+00	4.11e-04	0.00e+00
 2.38217e+13	0.00e+00	8.64e-30	1.24e-21	3.02e-14	1.07e-07	1.00e+00	3.75e-04	0.00e+00
 2.47113e+13	9.75e-39	1.16e-29	1.56e-21	3.57e-14	1.16e-07	1.00e+00	3.44e-04	0.00e+00
 2.54867e+13	0.00e+00	1.49e-29	1.90e-21	4.11e-14	1.25e-07	1.00e+00	3.20e-04	0.00e+00
 2.63323e+13	1.81e-38	1.93e-29	2.33e-21	4.77e-14	1.36e-07	1.00e+00	2.96e-04	0.00e+00
 2.73613e+13	0.00e+00	2.62e-29	2.97e-21	5.67e-14	1.49e-07	1.00e+00	2.70e-04	0.00e+00
 2.84109e+13	3.76e-38	3.53e-29	3.75e-21	6.72e-14	1.63e-07	1.00e+00	2.47e-04	0.00e+00
 2.93788e+13	0.00e+00	4.59e-29	4.62e-21	7.81e-14	1.77e-07	1.00e+00	2.28e-04	0.00e+00
 3.04584e+13	7.27e-38	6.08e-29	5.78e-21	9.18e-14	1.93e-07	1.00e+00	2.10e-04	0.00e+00
 3.17050e+13	0.00e+00	8.31e-29	7.40e-21	1.10e-13	2.12e-07	1.00e+00	1.91e-04	0.00e+00
 3.29295e+13	1.51e-37	1.11e-28	9.33e-21	1.30e-13	2.32e-07	1.00e+00	1.75e-04	0.00e+00
 3.41047e+13	0.00e+00	1.46e-28	1.16e-20	1.52e-13	2.52e-07	1.00e+00	1.61e-04	0.00e+00
 3.54005e+13	2.96e-37	1.94e-28	1.45e-20	1.79e-13	2.75e-07	1.00e+00	1.48e-04	0.00e+00
 3.68465e+13	0.00e+00	2.64e-28	1.85e-20	2.13e-13	3.03e-07	1.00e+00	1.35e-04	0.00e+00
 3.81628e+13	5.93e-37	3.45e-28	2.28e-20	2.48e-13	3.29e-07	1.00e+00	1.24e-04	0.00e+00
 3.92736e+13	0.00e+00	4.29e-28	2.71e-20	2.81e-13	3.51e-07	1.00e+00	1.16e-04	0.00e+00
 4.04963e+13	1.02e-36	5.41e-28	3.26e-20	3.21e-13	3.77e-07	1.00e+00	1.08e-04	0.00e+00
 4.18767e+13	0.00e+00	6.96e-28	3.99e-20	3.71e-13	4.08e-07	1.00e+00	1.00e-04	0.00e+00
 4.31985e+13	1.85e-36	8.80e-28	4.80e-20	4.24e-13	4.38e-07	1.00e+00	9.34e-05	0.00e+00
 4.46533e+13	0.00e+00	1.13e-27	5.84e-20	4.88e-13	4.73e-07	1.00e+00	8.67e-05	0.00e+00
 4.62698e+13	3.46e-36	1.48e-27	7.22e-20	5.69e-13	5.13e-07	1.00e+00	8.00e-05	0.00e+00
 4.77854e+13	0.00e+00	1.88e-27	8.74e-20	6.52e-13	5.53e-07	1.00e+00	7.44e-05	0.00e+00
 4.94442e+13	6.33e-36	2.43e-27	1.07e-19	7.54e-13	5.97e-07	1.00e+00	6.89e-05	0.00e+00
 5.13103e+13	0.00e+00	3.20e-27	1.33e-19	8.82e-13	6.50e-07	1.00e+00	6.34e-05	0.00e+00
 5.30932e+13	1.21e-35	4.14e-27	1.63e-19	1.02e-12	7.02e-07	1.00e+00	5.87e-05	0.00e+00
 5.47414e+13	0.00e+00	5.20e-27	1.95e-19	1.16e-12	7.52e-07	1.00e+00	5.48e-05	0.00e+00
 5.65671e+13	2.15e-35	6.65e-27	2.36e-19	1.33e-12	8.09e-07	1.00e+00	5.10e-05	0.00e+00
 5.86142e+13	0.00e+00	8.67e-27	2.91e-19	1.55e-12	8.77e-07	1.00e+00	4.71e-05	0.00e+00
 6.05484e+13	3.99e-35	1.10e-26	3.52e-19	1.77e-12	9.43e-07	1.00e+00	4.39e-05	0.00e+00
 6.26621e+13	0.00e+00	1.43e-26	4.31e-19	2.04e-12	1.02e-06	1.00e+00	4.07e-05	0.00e+00
 6.50026e+13	7.63e-35	1.88e-26	5.35e-19	2.38e-12	1.10e-06	1.00e+00	3.75e-05	0.00e+00
 6.71771e+13	0.00e+00	2.40e-26	6.48e-19	2.73e-12	1.19e-06	1.00e+00	3.49e-05	0.00e+00
 6.95429e+13	1.41e-34	3.12e-26	7.94e-19	3.15e-12	1.28e-06	1.00e+00	3.24e-05	0.00e+00
 7.21887e+13	1.99e-34	4.12e-26	9.88e-19	3.68e-12	1.39e-06	1.00e+00	2.98e-05	0.00e+00
 7.46848e+13	2.71e-34	5.31e-26	1.21e-18	4.23e-12	1.50e-06	1.00e+00	2.77e-05	0.00e+00
 7.74049e+13	3.77e-34	6.95e-26	1.49e-18	4.90e-12	1.62e-06	1.00e+00	2.57e-05	0.00e+00
 8.04388e+13	5.35e-34	9.27e-26	1.86e-18	5.75e-12	1.76e-06	1.00e+00	2.36e-05	0.00e+00
 8.33151e+13	7.40e-34	1.21e-25	2.29e-18	6.64e-12	1.90e-06	1.00e+00	2.19e-05	0.00e+00
 8.63986e+13	1.03e-33	1.59e-25	2.83e-18	7.71e-12	2.06e-06	1.00e+00	2.02e-05	0.00e+00
 8.98845e+13	1.49e-33	2.14e-25	3.57e-18	9.07e-12	2.24e-06	1.00e+00	1.86e-05	0.00e+00
 9.33279e+13	2.11e-33	2.84e-25	4.44e-18	1.06e-11	2.43e-06	1.00e+00	1.72e-05	0.00e+00
 9.69090e+13	2.99e-33	3.78e-25	5.54e-18	1.23e-11	2.64e-06	1.00e+00	1.58e-05	0.00e+00
 1.00815e+14	4.32e-33	5.09e-25	6.99e-18	1.45e-11	2.87e-06	1.00e+00	1.46e-05	0.00e+00
 1.04878e+14	6.24e-33	6.87e-25	8.81e-18	1.70e-11	3.12e-06	1.00e+00	1.34e-05	0.00e+00
 1.09103e+14	9.02e-33	9.27e-25	1.11e-17	2.00e-11	3.40e-06	1.00e+00	1.23e-05	0.00e+00
 1.13244e+14	1.28e-32	1.23e-24	1.38e-17	2.33e-11	3.68e-06	1.00e+00	1.14e-05	0.00e+00
 1.17088e+14	1.75e-32	1.59e-24	1.68e-17	2.66e-11	3.95e-06	1.00e+00	1.06e-05	0.00e+00
 1.21338e+14	2.45e-32	2.09e-24	2.07e-17	3.08e-11	4.25e-06	1.00e+00	9.84e-06	0.00e+00
 1.25707e+14	3.41e-32	2.73e-24	2.55e-17	3.55e-11	4.58e-06	1.00e+00	9.14e-06	0.00e+00
 1.29355e+14	4.47e-32	3.40e-24	3.02e-17	3.99e-11	4.87e-06	1.00e+00	8.61e-06	0.00e+00
 1.33201e+14	5.91e-32	4.26e-24	3.59e-17	4.49e-11	5.18e-06	1.00e+00	8.10e-06	0.00e+00
 1.38097e+14	8.33e-32	5.63e-24	4.45e-17	5.19e-11	5.58e-06	1.00e+00	7.51e-06	0.00e+00
 1.43212e+14	1.18e-31	7.44e-24	5.51e-17	6.02e-11	6.02e-06	1.00e+00	6.96e-06	0.00e+00
 1.47735e+14	1.59e-31	9.47e-24	6.62e-17	6.82e-11	6.42e-06	1.00e+00	6.53e-06	0.00e+00
 1.52636e+14	2.17e-31	1.22e-23	8.03e-17	7.78e-11	6.87e-06	1.00e+00	6.11e-06	0.00e+00
 1.58118e+14	3.04e-31	1.60e-23	9.89e-17	8.97e-11	7.39e-06	1.00e+00	5.68e-06	0.00e+00
 1.63262e+14	4.14e-31	2.06e-23	1.20e-16	1.02e-10	7.89e-06	1.00e+00	5.32e-06	0.00e+00
 1.68857e+14	5.73e-31	2.67e-23	1.46e-16	1.17e-10	8.46e-06	1.00e+00	4.96e-06	0.00e+00
 1.75084e+14	8.12e-31	3.54e-23	1.81e-16	1.35e-10	9.12e-06	1.00e+00	4.61e-06	0.00e+00
 1.80895e+14	1.11e-30	4.57e-23	2.19e-16	1.54e-10	9.74e-06	1.00e+00	4.31e-06	0.00e+00
 1.87212e+14	1.56e-30	5.98e-23	2.69e-16	1.77e-10	1.04e-05	1.00e+00	4.02e-06	0.00e+00
 1.94278e+14	2.23e-30	7.99e-23	3.35e-16	2.05e-10	1.13e-05	1.00e+00	3.73e-06	0.00e+00
 2.00927e+14	3.10e-30	1.04e-22	4.09e-16	2.35e-10	1.21e-05	1.00e+00	3.48e-06	0.00e+00
 2.08178e+14	4.39e-30	1.38e-22	5.05e-16	2.70e-10	1.30e-05	1.00e+00	3.24e-06	0.00e+00
 2.16285e+14	6.37e-30	1.86e-22	6.34e-16	3.15e-10	1.40e-05	1.00e+00	3.00e-06	0.00e+00
 2.23940e+14	8.97e-30	2.44e-22	7.80e-16	3.62e-10	1.50e-05	1.00e+00	2.79e-06	0.00e+00
 2.32151e+14	1.28e-29	3.25e-22	9.66e-16	4.18e-10	1.62e-05	1.00e+00	2.60e-06	0.00e+00
 2.41467e+14	1.88e-29	4.42e-22	1.22e-15	4.90e-10	1.75e-05	1.00e+00	2.40e-06	0.00e+00
 2.50605e+14	2.71e-29	5.93e-22	1.52e-15	5.68e-10	1.89e-05	1.00e+00	2.23e-06	0.00e+00
 2.60108e+14	3.92e-29	7.97e-22	1.90e-15	6.59e-10	2.03e-05	1.00e+00	2.07e-06	0.00e+00
 2.70543e+14	5.77e-29	1.09e-21	2.40e-15	7.71e-10	2.20e-05	1.00e+00	1.91e-06	0.00e+00
 2.81104e+14	8.41e-29	1.47e-21	3.02e-15	8.99e-10	2.38e-05	1.00e+00	1.77e-06	0.00e+00
 2.92088e+14	1.23e-28	1.99e-21	3.79e-15	1.05e-09	2.57e-05	1.00e+00	1.64e-06	0.00e+00
 3.03122e+14	1.76e-28	2.67e-21	4.73e-15	1.22e-09	2.77e-05	1.00e+00	1.52e-06	0.00e+00
 3.13538e+14	2.46e-28	3.48e-21	5.79e-15	1.39e-09	2.96e-05	1.00e+00	1.42e-06	0.00e+00
 3.25050e+14	3.51e-28	4.63e-21	7.17e-15	1.61e-09	3.19e-05	1.00e+00	1.32e-06	0.00e+00
 3.36582e+14	4.93e-28	6.09e-21	8.83e-15	1.85e-09	3.42e-05	1.00e+00	1.23e-06	0.00e+00
 3.46093e+14	6.49e-28	7.58e-21	1.04e-14	2.07e-09	3.62e-05	1.00e+00	1.16e-06	0.00e+00
 3.56138e+14	8.58e-28	9.50e-21	1.24e-14	2.32e-09	3.84e-05	1.00e+00	1.09e-06	0.00e+00
 3.69068e+14	1.21e-27	1.26e-20	1.53e-14	2.68e-09	4.12e-05	1.00e+00	1.02e-06	0.00e+00
 3.82672e+14	1.73e-27	1.67e-20	1.89e-14	3.09e-09	4.44e-05	1.00e+00	9.45e-07	0.00e+00
 3.94622e+14	2.34e-27	2.13e-20	2.28e-14	3.50e-09	4.73e-05	1.00e+00	0.00e+00	0.00e+00
 4.07496e+14	3.20e-27	2.74e-20	2.75e-14	3.98e-09	5.05e-05	1.00e+00	0.00e+00	0.00e+00
 4.23083e+14	4.60e-27	3.67e-20	3.44e-14	4.63e-09	5.45e-05	1.00e+00	0.00e+00	0.00e+00
 4.38927e+14	6.58e-27	4.89e-20	4.28e-14	5.37e-09	5.88e-05	1.00e+00	0.00e+00	0.00e+00
 4.53648e+14	9.08e-27	6.35e-20	5.22e-14	6.13e-09	6.29e-05	1.00e+00	0.00e+00	0.00e+00
 4.70069e+14	1.28e-26	8.38e-20	6.45e-14	7.07e-09	6.76e-05	1.00e+00	0.00e+00	0.00e+00
 4.87636e+14	1.83e-26	1.12e-19	8.02e-14	8.19e-09	7.29e-05	1.00e+00	0.00e+00	0.00e+00
 5.03248e+14	2.49e-26	1.43e-19	9.68e-14	9.30e-09	7.78e-05	1.00e+00	0.00e+00	0.00e+00
 5.19985e+14	3.42e-26	1.85e-19	1.18e-13	1.06e-08	8.32e-05	1.00e+00	0.00e+00	0.00e+00
 5.40049e+14	4.94e-26	2.48e-19	1.47e-13	1.24e-08	8.99e-05	1.00e+00	0.00e+00	0.00e+00
 5.59776e+14	6.98e-26	3.29e-19	1.82e-13	1.43e-08	9.68e-05	1.00e+00	0.00e+00	0.00e+00
 5.77294e+14	9.42e-26	4.19e-19	2.19e-13	1.62e-08	1.03e-04	1.00e+00	0.00e+00	0.00e+00
 5.96606e+14	1.29e-25	5.41e-19	2.66e-13	1.84e-08	1.10e-04	1.00e+00	0.00e+00	0.00e+00
 6.19687e+14	1.87e-25	7.28e-19	3.34e-13	2.15e-08	1.19e-04	1.00e+00	0.00e+00	0.00e+00
 6.42599e+14	2.65e-25	9.66e-19	4.14e-13	2.49e-08	1.29e-04	1.00e+00	0.00e+00	0.00e+00
 6.63439e+14	3.61e-25	1.24e-18	5.01e-13	2.83e-08	1.37e-04	1.00e+00	0.00e+00	0.00e+00
 6.86656e+14	5.03e-25	1.62e-18	6.14e-13	3.25e-08	1.48e-04	1.00e+00	0.00e+00	0.00e+00
 7.13789e+14	7.30e-25	2.19e-18	7.73e-13	3.80e-08	1.60e-04	1.00e+00	0.00e+00	0.00e+00
 7.40488e+14	1.04e-24	2.91e-18	9.61e-13	4.40e-08	1.72e-04	1.00e+00	0.00e+00	0.00e+00
 7.65582e+14	1.44e-24	3.78e-18	1.17e-12	5.03e-08	1.85e-04	1.00e+00	0.00e+00	0.00e+00
 7.93562e+14	2.03e-24	4.99e-18	1.45e-12	5.81e-08	1.99e-04	1.00e+00	0.00e+00	0.00e+00
 8.25335e+14	2.95e-24	6.77e-18	1.83e-12	6.81e-08	2.16e-04	1.00e+00	0.00e+00	0.00e+00
 8.56996e+14	4.26e-24	9.09e-18	2.28e-12	7.91e-08	2.33e-04	1.00e+00	0.00e+00	0.00e+00
 8.86544e+14	5.90e-24	1.18e-17	2.79e-12	9.07e-08	2.50e-04	1.00e+00	0.00e+00	0.00e+00
 9.18655e+14	8.32e-24	1.56e-17	3.45e-12	1.05e-07	2.69e-04	1.00e+00	0.00e+00	0.00e+00
 9.54648e+14	1.21e-23	2.10e-17	4.33e-12	1.22e-07	2.91e-04	1.00e+00	0.00e+00	0.00e+00
 9.88150e+14	1.69e-23	2.75e-17	5.31e-12	1.40e-07	3.12e-04	1.00e+00	0.00e+00	0.00e+00
 1.01906e+15	2.26e-23	3.50e-17	6.38e-12	1.59e-07	3.33e-04	1.00e+00	0.00e+00	0.00e+00
 1.04886e+15	3.00e-23	4.38e-17	7.57e-12	1.78e-07	3.53e-04	1.00e+00	0.00e+00	0.00e+00
 1.08204e+15	4.04e-23	5.58e-17	9.10e-12	2.02e-07	3.76e-04	1.00e+00	0.00e+00	0.00e+00
 1.11874e+15	5.59e-23	7.24e-17	1.11e-11	2.31e-07	4.03e-04	1.00e+00	0.00e+00	0.00e+00
 1.15287e+15	7.47e-23	9.16e-17	1.32e-11	2.60e-07	4.28e-04	1.00e+00	0.00e+00	0.00e+00
 1.19010e+15	1.02e-22	1.17e-16	1.60e-11	2.95e-07	4.57e-04	1.00e+00	0.00e+00	0.00e+00
 1.23204e+15	1.42e-22	1.54e-16	1.96e-11	3.39e-07	4.90e-04	1.00e+00	0.00e+00	0.00e+00
 1.27201e+15	1.95e-22	1.98e-16	2.38e-11	3.85e-07	5.23e-04	9.99e-01	0.00e+00	0.00e+00
 1.31591e+15	2.71e-22	2.58e-16	2.90e-11	4.42e-07	5.61e-04	9.99e-01	0.00e+00	0.00e+00
 1.36429e+15	3.85e-22	3.43e-16	3.60e-11	5.10e-07	6.03e-04	9.99e-01	0.00e+00	0.00e+00
 1.40873e+15	5.25e-22	4.40e-16	4.35e-11	5.80e-07	6.44e-04	9.99e-01	0.00e+00	0.00e+00
 1.45675e+15	7.30e-22	5.73e-16	5.31e-11	6.63e-07	6.89e-04	9.99e-01	0.00e+00	0.00e+00
 1.51054e+15	1.04e-21	7.61e-16	6.59e-11	7.66e-07	7.42e-04	9.99e-01	0.00e+00	0.00e+00
 1.56120e+15	1.43e-21	9.86e-16	8.01e-11	8.74e-07	7.94e-04	9.99e-01	0.00e+00	0.00e+00
 1.61643e+15	2.00e-21	1.29e-15	9.84e-11	1.01e-06	8.52e-04	9.99e-01	0.00e+00	0.00e+00
 1.67778e+15	2.88e-21	1.73e-15	1.23e-10	1.17e-06	9.19e-04	9.99e-01	0.00e+00	0.00e+00
 1.73499e+15	3.98e-21	2.25e-15	1.50e-10	1.33e-06	9.85e-04	9.99e-01	0.00e+00	0.00e+00
 1.79727e+15	5.59e-21	2.96e-15	1.85e-10	1.54e-06	1.06e-03	9.99e-01	0.00e+00	0.00e+00
 1.86701e+15	8.07e-21	3.98e-15	2.31e-10	1.79e-06	1.14e-03	9.99e-01	0.00e+00	0.00e+00
 1.93296e+15	1.13e-20	5.21e-15	2.84e-10	2.06e-06	1.23e-03	9.99e-01	0.00e+00	0.00e+00
 2.00366e+15	1.59e-20	6.88e-15	3.51e-10	2.38e-06	1.32e-03	9.99e-01	0.00e+00	0.00e+00
 2.08384e+15	2.31e-20	9.32e-15	4.43e-10	2.78e-06	1.44e-03	9.99e-01	0.00e+00	0.00e+00
 2.16248e+15	3.28e-20	1.24e-14	5.51e-10	3.23e-06	1.55e-03	9.98e-01	0.00e+00	0.00e+00
 2.24427e+15	4.66e-20	1.65e-14	6.86e-10	3.75e-06	1.68e-03	9.98e-01	0.00e+00	0.00e+00
 2.33407e+15	6.72e-20	2.22e-14	8.64e-10	4.39e-06	1.82e-03	9.98e-01	0.00e+00	0.00e+00
 2.42239e+15	9.53e-20	2.95e-14	1.08e-09	5.10e-06	1.97e-03	9.98e-01	0.00e+00	0.00e+00
 2.49540e+15	1.25e-19	3.69e-14	1.28e-09	5.75e-06	2.10e-03	9.98e-01	0.00e+00	0.00e+00
 2.55425e+15	1.56e-19	4.41e-14	1.47e-09	6.31e-06	2.20e-03	9.98e-01	0.00e+00	0.00e+00
 2.61957e+15	1.96e-19	5.31e-14	1.70e-09	6.99e-06	2.33e-03	9.98e-01	0.00e+00	0.00e+00
 2.70449e+15	2.62e-19	6.75e-14	2.05e-09	7.96e-06	2.49e-03	9.97e-01	0.00e+00	0.00e+00
 2.79555e+15	3.54e-19	8.65e-14	2.49e-09	9.09e-06	2.68e-03	9.97e-01	0.00e+00	0.00e+00
 2.87631e+15	4.58e-19	1.07e-13	2.94e-09	1.02e-05	2.85e-03	9.97e-01	0.00e+00	0.00e+00
 2.96303e+15	5.96e-19	1.33e-13	3.49e-09	1.15e-05	3.04e-03	9.97e-01	0.00e+00	0.00e+00
 3.07230e+15	8.24e-19	1.74e-13	4.31e-09	1.33e-05	3.29e-03	9.97e-01	0.00e+00	0.00e+00
 3.18323e+15	1.13e-18	2.25e-13	5.30e-09	1.54e-05	3.55e-03	9.96e-01	0.00e+00	0.00e+00
 3.27844e+15	1.46e-18	2.79e-13	6.29e-09	1.73e-05	3.79e-03	9.96e-01	0.00e+00	0.00e+00
 3.38086e+15	1.90e-18	3.48e-13	7.51e-09	1.96e-05	4.06e-03	9.96e-01	0.00e+00	0.00e+00
 3.50754e+15	2.62e-18	4.55e-13	9.30e-09	2.28e-05	4.41e-03	9.96e-01	0.00e+00	0.00e+00
 3.63665e+15	3.58e-18	5.91e-13	1.15e-08	2.63e-05	4.78e-03	9.95e-01	0.00e+00	0.00e+00
 3.75112e+15	4.66e-18	7.37e-13	1.37e-08	2.99e-05	5.12e-03	9.95e-01	0.00e+00	0.00e+00
 3.87566e+15	6.15e-18	9.30e-13	1.66e-08	3.41e-05	5.51e-03	9.94e-01	0.00e+00	0.00e+00
 4.02498e+15	8.48e-18	1.22e-12	2.06e-08	3.97e-05	6.00e-03	9.94e-01	0.00e+00	0.00e+00
 4.17275e+15	1.15e-17	1.57e-12	2.54e-08	4.59e-05	6.51e-03	9.93e-01	0.00e+00	0.00e+00
 4.30541e+15	1.49e-17	1.96e-12	3.05e-08	5.21e-05	6.99e-03	9.93e-01	0.00e+00	0.00e+00
 4.45223e+15	1.97e-17	2.49e-12	3.70e-08	5.97e-05	7.55e-03	9.92e-01	0.00e+00	0.00e+00
 4.62594e+15	2.72e-17	3.26e-12	4.62e-08	6.96e-05	8.23e-03	9.92e-01	0.00e+00	0.00e+00
 4.79773e+15	3.68e-17	4.22e-12	5.71e-08	8.07e-05	8.95e-03	9.91e-01	0.00e+00	0.00e+00
 4.95632e+15	4.81e-17	5.31e-12	6.89e-08	9.19e-05	9.63e-03	9.90e-01	0.00e+00	0.00e+00
 5.13455e+15	6.45e-17	6.81e-12	8.46e-08	1.06e-04	1.04e-02	9.89e-01	0.00e+00	0.00e+00
 5.33996e+15	8.92e-17	8.98e-12	1.06e-07	1.24e-04	1.14e-02	9.88e-01	0.00e+00	0.00e+00
 5.54084e+15	1.21e-16	1.17e-11	1.32e-07	1.44e-04	1.24e-02	9.87e-01	0.00e+00	0.00e+00
 5.74975e+15	1.87e-16	1.51e-11	1.64e-07	1.67e-04	1.35e-02	9.86e-01	0.00e+00	0.00e+00
 5.94087e+15	2.46e-16	1.91e-11	1.99e-07	1.90e-04	1.46e-02	9.85e-01	0.00e+00	0.00e+00
 6.08257e+15	2.99e-16	2.25e-11	2.28e-07	2.09e-04	1.54e-02	9.84e-01	0.00e+00	0.00e+00
 6.22824e+15	3.64e-16	2.66e-11	2.62e-07	2.30e-04	1.62e-02	9.84e-01	0.00e+00	0.00e+00
 6.41761e+15	4.67e-16	3.30e-11	3.13e-07	2.60e-04	1.74e-02	9.82e-01	0.00e+00	0.00e+00
 6.62252e+15	6.06e-16	4.13e-11	3.77e-07	2.94e-04	1.86e-02	9.81e-01	0.00e+00	0.00e+00
 6.80728e+15	7.60e-16	5.01e-11	4.43e-07	3.29e-04	1.98e-02	9.80e-01	0.00e+00	0.00e+00
 7.00712e+15	9.68e-16	6.16e-11	5.26e-07	3.69e-04	2.12e-02	9.78e-01	0.00e+00	0.00e+00
 7.26250e+15	1.31e-15	7.99e-11	6.52e-07	4.27e-04	2.30e-02	9.77e-01	0.00e+00	0.00e+00
 7.51948e+15	1.75e-15	1.03e-10	8.02e-07	4.91e-04	2.49e-02	9.75e-01	0.00e+00	0.00e+00
 7.73249e+15	2.20e-15	1.25e-10	9.46e-07	5.48e-04	2.65e-02	9.73e-01	0.00e+00	0.00e+00
 7.95890e+15	2.81e-15	1.54e-10	1.12e-06	6.15e-04	2.83e-02	9.71e-01	0.00e+00	0.00e+00
 8.24862e+15	3.81e-15	2.00e-10	1.40e-06	7.12e-04	3.06e-02	9.69e-01	0.00e+00	0.00e+00
 8.55369e+15	5.17e-15	2.61e-10	1.74e-06	8.24e-04	3.33e-02	9.66e-01	0.00e+00	0.00e+00
 8.82564e+15	6.70e-15	3.27e-10	2.10e-06	9.33e-04	3.57e-02	9.63e-01	0.00e+00	0.00e+00
 9.12151e+15	8.88e-15	4.16e-10	2.56e-06	1.07e-03	3.84e-02	9.61e-01	0.00e+00	0.00e+00
 9.47453e+15	1.23e-14	5.51e-10	3.23e-06	1.24e-03	4.18e-02	9.57e-01	0.00e+00	0.00e+00
 9.82113e+15	1.67e-14	7.17e-10	4.01e-06	1.44e-03	4.53e-02	9.53e-01	0.00e+00	0.00e+00
 1.01325e+16	2.17e-14	8.99e-10	4.85e-06	1.63e-03	4.85e-02	9.50e-01	0.00e+00	0.00e+00
 1.04789e+16	2.90e-14	1.15e-09	5.95e-06	1.87e-03	5.23e-02	9.46e-01	0.00e+00	0.00e+00
 1.08881e+16	4.05e-14	1.54e-09	7.53e-06	2.18e-03	5.69e-02	9.41e-01	0.00e+00	0.00e+00
 1.12913e+16	5.54e-14	2.01e-09	9.41e-06	2.53e-03	6.17e-02	9.36e-01	0.00e+00	0.00e+00
 1.16630e+16	7.33e-14	2.56e-09	1.15e-05	2.88e-03	6.62e-02	9.31e-01	0.00e+00	0.00e+00
 1.20818e+16	1.00e-13	3.34e-09	1.43e-05	3.32e-03	7.16e-02	9.25e-01	0.00e+00	0.00e+00
 1.24863e+16	1.33e-13	4.27e-09	1.74e-05	3.79e-03	7.69e-02	9.19e-01	0.00e+00	0.00e+00
 1.27834e+16	1.64e-13	5.10e-09	2.02e-05	4.18e-03	8.10e-02	9.15e-01	0.00e+00	0.00e+00
 1.30809e+16	2.02e-13	6.09e-09	2.33e-05	4.59e-03	8.52e-02	9.10e-01	0.00e+00	0.00e+00
 1.34676e+16	2.62e-13	7.60e-09	2.79e-05	5.16e-03	9.07e-02	9.04e-01	0.00e+00	0.00e+00
 1.38861e+16	3.45e-13	9.61e-09	3.37e-05	5.86e-03	9.70e-02	8.97e-01	0.00e+00	0.00e+00
 1.42590e+16	4.35e-13	1.17e-08	3.97e-05	6.52e-03	1.03e-01	8.91e-01	0.00e+00	0.00e+00
 1.46572e+16	5.61e-13	1.45e-08	4.72e-05	7.30e-03	1.09e-01	8.84e-01	0.00e+00	0.00e+00
 1.51748e+16	7.73e-13	1.91e-08	5.88e-05	8.44e-03	1.17e-01	8.74e-01	0.00e+00	0.00e+00
 1.56964e+16	1.04e-12	2.47e-08	7.26e-05	9.69e-03	1.26e-01	8.64e-01	0.00e+00	0.00e+00
 1.61160e+16	1.32e-12	3.02e-08	8.55e-05	1.08e-02	1.33e-01	8.56e-01	0.00e+00	0.00e+00
 1.65540e+16	1.70e-12	3.73e-08	1.01e-04	1.21e-02	1.41e-01	8.47e-01	0.00e+00	0.00e+00
 1.71235e+16	2.32e-12	4.86e-08	1.26e-04	1.39e-02	1.52e-01	8.34e-01	0.00e+00	0.00e+00
 1.77203e+16	3.18e-12	6.35e-08	1.56e-04	1.60e-02	1.63e-01	8.21e-01	0.00e+00	0.00e+00
 1.82275e+16	4.10e-12	7.89e-08	1.87e-04	1.80e-02	1.73e-01	8.09e-01	0.00e+00	0.00e+00
 1.87618e+16	5.40e-12	9.95e-08	2.25e-04	2.03e-02	1.83e-01	7.96e-01	0.00e+00	0.00e+00
 1.94451e+16	7.61e-12	1.33e-07	2.85e-04	2.37e-02	1.98e-01	7.78e-01	0.00e+00	0.00e+00
 2.01282e+16	1.04e-11	1.74e-07	3.56e-04	2.74e-02	2.12e-01	7.60e-01	0.00e+00	0.00e+00
 2.06762e+16	1.33e-11	2.15e-07	4.23e-04	3.06e-02	2.23e-01	7.46e-01	0.00e+00	0.00e+00
 2.12428e+16	1.73e-11	2.68e-07	5.07e-04	3.44e-02	2.36e-01	7.29e-01	0.00e+00	0.00e+00
 2.19793e+16	2.42e-11	3.56e-07	6.38e-04	3.99e-02	2.52e-01	7.07e-01	0.00e+00	0.00e+00
 2.27170e+16	3.29e-11	4.62e-07	7.94e-04	4.59e-02	2.68e-01	6.85e-01	0.00e+00	0.00e+00
 2.33023e+16	4.17e-11	5.67e-07	9.40e-04	5.12e-02	2.81e-01	6.67e-01	0.00e+00	0.00e+00
 2.38157e+16	5.14e-11	6.78e-07	1.09e-03	5.63e-02	2.93e-01	6.50e-01	0.00e+00	0.00e+00
 2.43895e+16	6.57e-11	8.33e-07	1.29e-03	6.26e-02	3.06e-01	6.30e-01	0.00e+00	0.00e+00
 2.50070e+16	8.37e-11	1.03e-06	1.54e-03	6.98e-02	3.19e-01	6.09e-01	0.00e+00	0.00e+00
 2.55709e+16	1.04e-10	1.24e-06	1.80e-03	7.71e-02	3.32e-01	5.89e-01	0.00e+00	0.00e+00
 2.61935e+16	1.34e-10	1.53e-06	2.14e-03	8.59e-02	3.45e-01	5.67e-01	0.00e+00	0.00e+00
 2.68579e+16	1.73e-10	1.91e-06	2.57e-03	9.62e-02	3.59e-01	5.42e-01	0.00e+00	0.00e+00
 2.74518e+16	2.17e-10	2.31e-06	3.01e-03	1.06e-01	3.71e-01	5.20e-01	0.00e+00	0.00e+00
 2.80990e+16	2.81e-10	2.87e-06	3.61e-03	1.18e-01	3.84e-01	4.94e-01	0.00e+00	0.00e+00
 2.87939e+16	3.67e-10	3.60e-06	4.35e-03	1.32e-01	3.97e-01	4.67e-01	0.00e+00	0.00e+00
 2.94170e+16	4.62e-10	4.38e-06	5.14e-03	1.46e-01	4.07e-01	4.42e-01	0.00e+00	0.00e+00
 2.99707e+16	5.69e-10	5.24e-06	5.97e-03	1.59e-01	4.16e-01	4.19e-01	0.00e+00	0.00e+00
 3.04871e+16	6.96e-10	6.21e-06	6.87e-03	1.73e-01	4.23e-01	3.98e-01	0.00e+00	0.00e+00
 3.10775e+16	8.93e-10	7.64e-06	8.12e-03	1.90e-01	4.30e-01	3.72e-01	0.00e+00	0.00e+00
 3.16999e+16	1.13e-09	9.32e-06	9.61e-03	2.08e-01	4.36e-01	3.46e-01	0.00e+00	0.00e+00
 3.22301e+16	1.39e-09	1.11e-05	1.11e-02	2.25e-01	4.40e-01	3.24e-01	0.00e+00	0.00e+00
 3.27046e+16	1.70e-09	1.32e-05	1.27e-02	2.42e-01	4.42e-01	3.03e-01	0.00e+00	0.00e+00
 3.31557e+16	2.04e-09	1.53e-05	1.45e-02	2.59e-01	4.42e-01	2.84e-01	0.00e+00	0.00e+00
 3.35874e+16	2.45e-09	1.78e-05	1.64e-02	2.76e-01	4.42e-01	2.65e-01	0.00e+00	0.00e+00
 3.40107e+16	2.95e-09	2.08e-05	1.86e-02	2.94e-01	4.40e-01	2.47e-01	0.00e+00	0.00e+00
 3.44243e+16	3.55e-09	2.42e-05	2.10e-02	3.12e-01	4.37e-01	2.29e-01	0.00e+00	0.00e+00
 3.48235e+16	4.26e-09	2.81e-05	2.37e-02	3.31e-01	4.33e-01	2.12e-01	0.00e+00	0.00e+00
 3.52062e+16	5.10e-09	3.26e-05	2.67e-02	3.50e-01	4.28e-01	1.96e-01	0.00e+00	0.00e+00
 3.55737e+16	5.93e-09	3.70e-05	2.99e-02	3.69e-01	4.21e-01	1.81e-01	0.00e+00	0.00e+00
 3.59304e+16	7.38e-09	4.38e-05	3.36e-02	3.88e-01	4.13e-01	1.65e-01	0.00e+00	0.00e+00
 3.62668e+16	8.39e-09	4.91e-05	3.74e-02	4.07e-01	4.04e-01	1.52e-01	0.00e+00	0.00e+00
 3.65858e+16	1.04e-08	5.79e-05	4.18e-02	4.26e-01	3.94e-01	1.38e-01	0.00e+00	0.00e+00
 3.68907e+16	1.21e-08	6.55e-05	4.63e-02	4.45e-01	3.83e-01	1.26e-01	0.00e+00	0.00e+00
 3.71790e+16	1.38e-08	7.33e-05	5.10e-02	4.63e-01	3.72e-01	1.14e-01	0.00e+00	0.00e+00
 3.74616e+16	1.63e-08	8.35e-05	5.63e-02	4.82e-01	3.59e-01	1.03e-01	0.00e+00	0.00e+00
 3.77319e+16	2.02e-08	9.77e-05	6.24e-02	5.01e-01	3.45e-01	9.21e-02	0.00e+00	0.00e+00
 3.79737e+16	2.31e-08	1.09e-04	6.81e-02	5.17e-01	3.32e-01	8.31e-02	0.00e+00	0.00e+00
 3.81956e+16	2.59e-08	1.20e-04	7.38e-02	5.33e-01	3.18e-01	7.49e-02	0.00e+00	0.00e+00
 3.84490e+16	3.05e-08	1.37e-04	8.13e-02	5.52e-01	3.01e-01	6.55e-02	0.00e+00	0.00e+00
 3.87054e+16	3.63e-08	1.56e-04	8.97e-02	5.71e-01	2.82e-01	5.65e-02	0.00e+00	0.00e+00
 3.89013e+16	4.43e-08	1.80e-04	9.74e-02	5.86e-01	2.67e-01	4.94e-02	0.00e+00	0.00e+00
 3.90523e+16	4.77e-08	1.92e-04	1.03e-01	5.98e-01	2.54e-01	4.45e-02	0.00e+00	0.00e+00
 3.92097e+16	5.39e-08	2.11e-04	1.10e-01	6.11e-01	2.40e-01	3.93e-02	0.00e+00	0.00e+00
 3.93852e+16	6.49e-08	2.41e-04	1.19e-01	6.25e-01	2.23e-01	3.35e-02	0.00e+00	0.00e+00
 3.95381e+16	7.03e-08	2.58e-04	1.26e-01	6.37e-01	2.08e-01	2.91e-02	0.00e+00	0.00e+00
 3.96661e+16	8.19e-08	2.87e-04	1.33e-01	6.47e-01	1.94e-01	2.53e-02	0.00e+00	0.00e+00
 3.97843e+16	9.01e-08	3.08e-04	1.40e-01	6.56e-01	1.82e-01	2.20e-02	0.00e+00	0.00e+00
 3.99147e+16	1.03e-07	3.39e-04	1.48e-01	6.67e-01	1.67e-01	1.85e-02	0.00e+00	0.00e+00
 4.00486e+16	1.16e-07	3.71e-04	1.56e-01	6.77e-01	1.51e-01	1.53e-02	0.00e+00	0.00e+00
 4.01556e+16	1.28e-07	3.99e-04	1.63e-01	6.85e-01	1.39e-01	1.29e-02	0.00e+00	0.00e+00
 4.02456e+16	1.36e-07	4.19e-04	1.69e-01	6.92e-01	1.28e-01	1.11e-02	0.00e+00	0.00e+00
 4.03311e+16	1.52e-07	4.52e-04	1.75e-01	6.98e-01	1.17e-01	9.34e-03	0.00e+00	0.00e+00
 4.04042e+16	1.60e-07	4.71e-04	1.80e-01	7.03e-01	1.09e-01	8.09e-03	0.00e+00	0.00e+00
 4.04755e+16	1.73e-07	4.98e-04	1.86e-01	7.07e-01	9.99e-02	6.88e-03	0.00e+00	0.00e+00
 4.05540e+16	1.91e-07	5.33e-04	1.92e-01	7.12e-01	9.06e-02	5.69e-03	0.00e+00	0.00e+00
 4.06221e+16	2.04e-07	5.59e-04	1.97e-01	7.15e-01	8.28e-02	4.80e-03	0.00e+00	0.00e+00
 4.06911e+16	2.20e-07	5.90e-04	2.02e-01	7.19e-01	7.49e-02	3.96e-03	0.00e+00	0.00e+00
 4.07678e+16	2.38e-07	6.24e-04	2.08e-01	7.22e-01	6.67e-02	3.18e-03	0.00e+00	0.00e+00
 4.08399e+16	2.56e-07	6.58e-04	2.13e-01	7.24e-01	5.93e-02	2.55e-03	0.00e+00	0.00e+00
 4.09187e+16	2.78e-07	6.97e-04	2.19e-01	7.27e-01	5.17e-02	1.97e-03	0.00e+00	0.00e+00
 4.10047e+16	3.02e-07	7.40e-04	2.25e-01	7.28e-01	4.43e-02	1.47e-03	0.00e+00	0.00e+00
 4.10845e+16	3.26e-07	7.82e-04	2.31e-01	7.29e-01	3.81e-02	1.10e-03	0.00e+00	0.00e+00
 4.11730e+16	3.56e-07	8.31e-04	2.37e-01	7.30e-01	3.19e-02	7.88e-04	0.00e+00	0.00e+00
 4.12879e+16	3.96e-07	8.95e-04	2.44e-01	7.29e-01	2.52e-02	5.03e-04	0.00e+00	0.00e+00
 4.14097e+16	4.39e-07	9.62e-04	2.51e-01	7.28e-01	1.96e-02	3.13e-04	0.00e+00	0.00e+00
 4.15230e+16	4.81e-07	1.03e-03	2.58e-01	7.26e-01	1.55e-02	1.99e-04	0.00e+00	0.00e+00
 4.16529e+16	5.32e-07	1.10e-03	2.64e-01	7.22e-01	1.18e-02	1.19e-04	0.00e+00	0.00e+00
 4.18217e+16	6.01e-07	1.19e-03	2.73e-01	7.18e-01	8.43e-03	6.14e-05	0.00e+00	0.00e+00
 4.20412e+16	6.94e-07	1.31e-03	2.82e-01	7.11e-01	5.56e-03	2.72e-05	0.00e+00	0.00e+00
 4.23264e+16	8.27e-07	1.47e-03	2.94e-01	7.01e-01	3.38e-03	1.01e-05	0.00e+00	0.00e+00
 4.26973e+16	1.03e-06	1.70e-03	3.09e-01	6.88e-01	1.90e-03	3.18e-06	0.00e+00	0.00e+00
 4.31125e+16	1.32e-06	2.00e-03	3.26e-01	6.71e-01	1.07e-03	1.01e-06	0.00e+00	0.00e+00
 4.35070e+16	1.69e-06	2.36e-03	3.43e-01	6.54e-01	6.63e-04	3.76e-07	0.00e+00	0.00e+00
 4.38804e+16	2.17e-06	2.78e-03	3.61e-01	6.36e-01	4.34e-04	0.00e+00	0.00e+00	0.00e+00
 4.42466e+16	2.80e-06	3.29e-03	3.81e-01	6.16e-01	2.93e-04	0.00e+00	0.00e+00	0.00e+00
 4.46021e+16	3.65e-06	3.94e-03	4.01e-01	5.94e-01	2.04e-04	0.00e+00	0.00e+00	0.00e+00
 4.49359e+16	4.75e-06	4.70e-03	4.23e-01	5.72e-01	1.47e-04	0.00e+00	0.00e+00	0.00e+00
 4.52456e+16	6.16e-06	5.61e-03	4.45e-01	5.50e-01	1.08e-04	0.00e+00	0.00e+00	0.00e+00
 4.55361e+16	7.98e-06	6.71e-03	4.67e-01	5.26e-01	8.16e-05	0.00e+00	0.00e+00	0.00e+00
 4.57583e+16	9.88e-06	7.77e-03	4.85e-01	5.07e-01	6.62e-05	0.00e+00	0.00e+00	0.00e+00
 4.58976e+16	1.13e-05	8.54e-03	4.97e-01	4.94e-01	5.80e-05	0.00e+00	0.00e+00	0.00e+00
 4.60313e+16	1.30e-05	9.38e-03	5.09e-01	4.81e-01	5.06e-05	0.00e+00	0.00e+00	0.00e+00
 4.62051e+16	1.55e-05	1.06e-02	5.25e-01	4.64e-01	4.23e-05	0.00e+00	0.00e+00	0.00e+00
 4.63914e+16	1.90e-05	1.22e-02	5.44e-01	4.44e-01	3.49e-05	0.00e+00	0.00e+00	0.00e+00
 4.65480e+16	2.27e-05	1.39e-02	5.60e-01	4.27e-01	2.97e-05	0.00e+00	0.00e+00	0.00e+00
 4.66768e+16	2.64e-05	1.54e-02	5.73e-01	4.11e-01	2.59e-05	0.00e+00	0.00e+00	0.00e+00
 4.68157e+16	3.13e-05	1.74e-02	5.88e-01	3.94e-01	2.21e-05	0.00e+00	0.00e+00	0.00e+00
 4.69714e+16	3.81e-05	1.99e-02	6.05e-01	3.75e-01	1.85e-05	0.00e+00	0.00e+00	0.00e+00
 4.70976e+16	4.51e-05	2.25e-02	6.20e-01	3.58e-01	1.60e-05	0.00e+00	0.00e+00	0.00e+00
 4.71827e+16	5.07e-05	2.44e-02	6.29e-01	3.46e-01	1.45e-05	0.00e+00	0.00e+00	0.00e+00
 4.72658e+16	5.70e-05	2.65e-02	6.39e-01	3.35e-01	1.31e-05	0.00e+00	0.00e+00	0.00e+00
 4.73738e+16	6.64e-05	2.95e-02	6.51e-01	3.19e-01	1.14e-05	0.00e+00	0.00e+00	0.00e+00
 4.74856e+16	7.86e-05	3.32e-02	6.64e-01	3.03e-01	9.81e-06	0.00e+00	0.00e+00	0.00e+00
 4.75743e+16	9.01e-05	3.66e-02	6.74e-01	2.89e-01	8.70e-06	0.00e+00	0.00e+00	0.00e+00
 4.76469e+16	1.01e-04	3.97e-02	6.82e-01	2.78e-01	7.85e-06	0.00e+00	0.00e+00	0.00e+00
 4.77266e+16	1.15e-04	4.35e-02	6.91e-01	2.66e-01	6.98e-06	0.00e+00	0.00e+00	0.00e+00
 4.78302e+16	1.37e-04	4.91e-02	7.02e-01	2.49e-01	5.96e-06	0.00e+00	0.00e+00	0.00e+00
 4.79310e+16	1.64e-04	5.57e-02	7.11e-01	2.33e-01	5.08e-06	0.00e+00	0.00e+00	0.00e+00
 4.80024e+16	1.86e-04	6.10e-02	7.18e-01	2.21e-01	4.52e-06	0.00e+00	0.00e+00	0.00e+00
 4.80592e+16	2.07e-04	6.58e-02	7.23e-01	2.11e-01	4.10e-06	0.00e+00	0.00e+00	0.00e+00
 4.81230e+16	2.34e-04	7.16e-02	7.28e-01	2.01e-01	3.65e-06	0.00e+00	0.00e+00	0.00e+00
 4.82061e+16	2.75e-04	8.01e-02	7.33e-01	1.86e-01	3.13e-06	0.00e+00	0.00e+00	0.00e+00
 4.82891e+16	3.27e-04	9.02e-02	7.37e-01	1.72e-01	2.66e-06	0.00e+00	0.00e+00	0.00e+00
 4.83516e+16	3.73e-04	9.90e-02	7.39e-01	1.62e-01	2.34e-06	0.00e+00	0.00e+00	0.00e+00
 4.84026e+16	4.17e-04	1.07e-01	7.40e-01	1.53e-01	2.09e-06	0.00e+00	0.00e+00	0.00e+00
 4.84594e+16	4.72e-04	1.16e-01	7.40e-01	1.43e-01	1.84e-06	0.00e+00	0.00e+00	0.00e+00
 4.85332e+16	5.57e-04	1.31e-01	7.38e-01	1.30e-01	1.55e-06	0.00e+00	0.00e+00	0.00e+00
 4.86063e+16	6.65e-04	1.47e-01	7.34e-01	1.18e-01	1.29e-06	0.00e+00	0.00e+00	0.00e+00
 4.86600e+16	7.60e-04	1.61e-01	7.29e-01	1.09e-01	1.11e-06	0.00e+00	0.00e+00	0.00e+00
 4.87041e+16	8.51e-04	1.74e-01	7.24e-01	1.01e-01	9.84e-07	0.00e+00	0.00e+00	0.00e+00
 4.87541e+16	9.65e-04	1.90e-01	7.16e-01	9.31e-02	0.00e+00	0.00e+00	0.00e+00	0.00e+00
 4.88190e+16	1.14e-03	2.12e-01	7.04e-01	8.26e-02	0.00e+00	0.00e+00	0.00e+00	0.00e+00
 4.88842e+16	1.37e-03	2.40e-01	6.87e-01	7.22e-02	0.00e+00	0.00e+00	0.00e+00	0.00e+00
 4.89338e+16	1.59e-03	2.63e-01	6.71e-01	6.45e-02	0.00e+00	0.00e+00	0.00e+00	0.00e+00
 4.89759e+16	1.79e-03	2.85e-01	6.55e-01	5.82e-02	0.00e+00	0.00e+00	0.00e+00	0.00e+00
 4.90241e+16	2.06e-03	3.12e-01	6.35e-01	5.11e-02	0.00e+00	0.00e+00	0.00e+00	0.00e+00
 4.90868e+16	2.49e-03	3.51e-01	6.04e-01	4.25e-02	0.00e+00	0.00e+00	0.00e+00	0.00e+00
 4.91510e+16	3.06e-03	3.99e-01	5.64e-01	3.42e-02	0.00e+00	0.00e+00	0.00e+00	0.00e+00
 4.92015e+16	3.63e-03	4.41e-01	5.27e-01	2.81e-02	0.00e+00	0.00e+00	0.00e+00	0.00e+00
 4.92425e+16	4.16e-03	4.78e-01	4.95e-01	2.35e-02	0.00e+00	0.00e+00	0.00e+00	0.00e+00
 4.92874e+16	4.83e-03	5.20e-01	4.56e-01	1.90e-02	0.00e+00	0.00e+00	0.00e+00	0.00e+00
 4.93371e+16	5.72e-03	5.71e-01	4.09e-01	1.45e-02	0.00e+00	0.00e+00	0.00e+00	0.00e+00
 4.93805e+16	6.68e-03	6.18e-01	3.64e-01	1.10e-02	0.00e+00	0.00e+00	0.00e+00	0.00e+00
 4.94155e+16	7.57e-03	6.57e-01	3.27e-01	8.68e-03	0.00e+00	0.00e+00	0.00e+00	0.00e+00
 4.94520e+16	8.61e-03	6.97e-01	2.88e-01	6.56e-03	0.00e+00	0.00e+00	0.00e+00	0.00e+00
 4.94917e+16	9.97e-03	7.41e-01	2.45e-01	4.67e-03	0.00e+00	0.00e+00	0.00e+00	0.00e+00
 4.95257e+16	1.13e-02	7.78e-01	2.08e-01	3.34e-03	0.00e+00	0.00e+00	0.00e+00	0.00e+00
 4.95532e+16	1.26e-02	8.06e-01	1.79e-01	2.50e-03	0.00e+00	0.00e+00	0.00e+00	0.00e+00
 4.95760e+16	1.37e-02	8.28e-01	1.57e-01	1.91e-03	0.00e+00	0.00e+00	0.00e+00	0.00e+00
 4.95995e+16	1.50e-02	8.49e-01	1.35e-01	1.43e-03	0.00e+00	0.00e+00	0.00e+00	0.00e+00
 4.96301e+16	1.68e-02	8.73e-01	1.09e-01	9.53e-04	0.00e+00	0.00e+00	0.00e+00	0.00e+00
 4.96619e+16	1.90e-02	8.95e-01	8.51e-02	5.94e-04	0.00e+00	0.00e+00	0.00e+00	0.00e+00
 4.96867e+16	2.11e-02	9.10e-01	6.81e-02	3.92e-04	0.00e+00	0.00e+00	0.00e+00	0.00e+00
 4.97054e+16	2.28e-02	9.20e-01	5.70e-02	2.82e-04	0.00e+00	0.00e+00	0.00e+00	0.00e+00
 4.97247e+16	2.47e-02	9.28e-01	4.70e-02	1.97e-04	0.00e+00	0.00e+00	0.00e+00	0.00e+00
 4.97464e+16	2.71e-02	9.35e-01	3.73e-02	1.28e-04	0.00e+00	0.00e+00	0.00e+00	0.00e+00
 4.97661e+16	2.96e-02	9.41e-01	2.97e-02	8.44e-05	0.00e+00	0.00e+00	0.00e+00	0.00e+00
 4.97828e+16	3.19e-02	9.44e-01	2.42e-02	5.80e-05	0.00e+00	0.00e+00	0.00e+00	0.00e+00
 4.97980e+16	3.41e-02	9.46e-01	1.99e-02	4.06e-05	0.00e+00	0.00e+00	0.00e+00	0.00e+00
 4.98151e+16	3.70e-02	9.47e-01	1.58e-02	2.65e-05	0.00e+00	0.00e+00	0.00e+00	0.00e+00
 4.98331e+16	4.02e-02	9.48e-01	1.22e-02	1.66e-05	0.00e+00	0.00e+00	0.00e+00	0.00e+00
 4.98478e+16	4.32e-02	9.47e-01	9.79e-03	1.11e-05	0.00e+00	0.00e+00	0.00e+00	0.00e+00
 4.98601e+16	4.58e-02	9.46e-01	8.08e-03	7.83e-06	0.00e+00	0.00e+00	0.00e+00	0.00e+00
 4.98718e+16	4.85e-02	9.45e-01	6.69e-03	5.55e-06	0.00e+00	0.00e+00	0.00e+00	0.00e+00
 4.98832e+16	5.13e-02	9.43e-01	5.54e-03	3.92e-06	0.00e+00	0.00e+00	0.00e+00	0.00e+00
 4.98938e+16	5.42e-02	9.41e-01	4.61e-03	2.81e-06	0.00e+00	0.00e+00	0.00e+00	0.00e+00
 4.99033e+16	5.68e-02	9.39e-01	3.90e-03	2.07e-06	0.00e+00	0.00e+00	0.00e+00	0.00e+00
 4.99107e+16	5.89e-02	9.38e-01	3.43e-03	1.63e-06	0.00e+00	0.00e+00	0.00e+00	0.00e+00
 4.99156e+16	6.05e-02	9.36e-01	3.14e-03	1.39e-06	0.00e+00	0.00e+00	0.00e+00	0.00e+00
 4.99199e+16	6.18e-02	9.35e-01	2.90e-03	1.20e-06	0.00e+00	0.00e+00	0.00e+00	0.00e+00
 4.99250e+16	6.36e-02	9.34e-01	2.63e-03	1.00e-06	0.00e+00	0.00e+00	0.00e+00	0.00e+00
 4.99305e+16	6.55e-02	9.32e-01	2.37e-03	8.29e-07	0.00e+00	0.00e+00	0.00e+00	0.00e+00
 4.99359e+16	6.74e-02	9.30e-01	2.14e-03	0.00e+00	0.00e+00	0.00e+00	0.00e+00	0.00e+00
 4.99409e+16	6.93e-02	9.29e-01	1.94e-03	0.00e+00	0.00e+00	0.00e+00	0.00e+00	0.00e+00
 4.99458e+16	7.12e-02	9.27e-01	1.76e-03	0.00e+00	0.00e+00	0.00e+00	0.00e+00	0.00e+00
 4.99507e+16	7.31e-02	9.25e-01	1.60e-03	0.00e+00	0.00e+00	0.00e+00	0.00e+00	0.00e+00
 4.99556e+16	7.52e-02	9.23e-01	1.45e-03	0.00e+00	0.00e+00	0.00e+00	0.00e+00	0.00e+00
 4.99604e+16	7.75e-02	9.21e-01	1.31e-03	0.00e+00	0.00e+00	0.00e+00	0.00e+00	0.00e+00
 4.99652e+16	7.96e-02	9.19e-01	1.18e-03	0.00e+00	0.00e+00	0.00e+00	0.00e+00	0.00e+00
 4.99699e+16	8.18e-02	9.17e-01	1.07e-03	0.00e+00	0.00e+00	0.00e+00	0.00e+00	0.00e+00
 4.99745e+16	8.41e-02	9.15e-01	9.74e-04	0.00e+00	0.00e+00	0.00e+00	0.00e+00	0.00e+00
 4.99791e+16	8.64e-02	9.13e-01	8.81e-04	0.00e+00	0.00e+00	0.00e+00	0.00e+00	0.00e+00
 4.99836e+16	8.91e-02	9.10e-01	7.98e-04	0.00e+00	0.00e+00	0.00e+00	0.00e+00	0.00e+00
 4.99881e+16	9.16e-02	9.08e-01	7.22e-04	0.00e+00	0.00e+00	0.00e+00	0.00e+00	0.00e+00
 4.99925e+16	9.44e-02	9.05e-01	6.55e-04	0.00e+00	0.00e+00	0.00e+00	0.00e+00	0.00e+00
 4.99969e+16	9.75e-02	9.02e-01	5.92e-04	0.00e+00	0.00e+00	0.00e+00	0.00e+00	0.00e+00
 5.00013e+16	1.00e-01	8.99e-01	5.35e-04	0.00e+00	0.00e+00	0.00e+00	0.00e+00	0.00e+00
 5.00055e+16	1.03e-01	8.96e-01	4.85e-04	0.00e+00	0.00e+00	0.00e+00	0.00e+00	0.00e+00
 5.00097e+16	1.07e-01	8.93e-01	4.40e-04	0.00e+00	0.00e+00	0.00e+00	0.00e+00	0.00e+00
 5.00139e+16	1.10e-01	8.90e-01	3.97e-04	0.00e+00	0.00e+00	0.00e+00	0.00e+00	0.00e+00
 5.00180e+16	1.14e-01	8.86e-01	3.59e-04	0.00e+00	0.00e+00	0.00e+00	0.00e+00	0.00e+00
 5.00220e+16	1.18e-01	8.82e-01	3.25e-04	0.00e+00	0.00e+00	0.00e+00	0.00e+00	0.00e+00
 5.00261e+16	1.22e-01	8.78e-01	2.94e-04	0.00e+00	0.00e+00	0.00e+00	0.00e+00	0.00e+00
 5.00301e+16	1.26e-01	8.74e-01	2.66e-04	0.00e+00	0.00e+00	0.00e+00	0.00e+00	0.00e+00
 5.00340e+16	1.31e-01	8.69e-01	2.40e-04	0.00e+00	0.00e+00	0.00e+00	0.00e+00	0.00e+00
 5.00378e+16	1.36e-01	8.64e-01	2.18e-04	0.00e+00	0.00e+00	0.00e+00	0.00e+00	0.00e+00
 5.00415e+16	1.41e-01	8.59e-01	1.97e-04	0.00e+00	0.00e+00	0.00e+00	0.00e+00	0.00e+00
 5.00452e+16	1.47e-01	8.53e-01	1.78e-04	0.00e+00	0.00e+00	0.00e+00	0.00e+00	0.00e+00
