#depth	C	C+	C+2	C+3	C+4	C+5	C+6	C[1]	C[2]	C[3]	C+[1]	C+[2]	CO
 1.49634e+10	0.00e+00	0.00e+00	1.68e-29	5.98e-20	1.38e-09	6.57e-04	9.99e-01	0.00e+00	0.00e+00	0.00e+00	0.00e+00	0.00e+00	0.00e+00
 4.54887e+10	0.00e+00	2.33e-39	2.31e-29	7.58e-20	1.62e-09	7.11e-04	9.99e-01	0.00e+00	0.00e+00	0.00e+00	0.00e+00	0.00e+00	0.00e+00
 7.72350e+10	0.00e+00	0.00e+00	3.17e-29	9.63e-20	1.90e-09	7.70e-04	9.99e-01	0.00e+00	0.00e+00	0.00e+00	0.00e+00	0.00e+00	0.00e+00
 1.10251e+11	0.00e+00	5.14e-39	4.35e-29	1.22e-19	2.23e-09	8.33e-04	9.99e-01	0.00e+00	0.00e+00	0.00e+00	0.00e+00	0.00e+00	0.00e+00
 1.40709e+11	0.00e+00	0.00e+00	5.77e-29	1.51e-19	2.57e-09	8.93e-04	9.99e-01	0.00e+00	0.00e+00	0.00e+00	0.00e+00	0.00e+00	3.43e-222
 1.66997e+11	0.00e+00	9.81e-39	7.30e-29	1.80e-19	2.90e-09	9.47e-04	9.99e-01	0.00e+00	0.00e+00	0.00e+00	0.00e+00	0.00e+00	0.00e+00
 1.96116e+11	0.00e+00	0.00e+00	9.41e-29	2.18e-19	3.29e-09	1.01e-03	9.99e-01	0.00e+00	0.00e+00	0.00e+00	0.00e+00	0.00e+00	4.61e-220
 2.31789e+11	0.00e+00	1.96e-38	1.27e-28	2.74e-19	3.83e-09	1.09e-03	9.99e-01	0.00e+00	0.00e+00	0.00e+00	0.00e+00	0.00e+00	0.00e+00
 2.68008e+11	0.00e+00	0.00e+00	1.71e-28	3.42e-19	4.45e-09	1.17e-03	9.99e-01	0.00e+00	0.00e+00	0.00e+00	0.00e+00	0.00e+00	2.31e-219
 3.00566e+11	0.00e+00	3.90e-38	2.21e-28	4.15e-19	5.06e-09	1.24e-03	9.99e-01	0.00e+00	0.00e+00	0.00e+00	0.00e+00	0.00e+00	2.29e-224
 3.36342e+11	0.00e+00	0.00e+00	2.90e-28	5.09e-19	5.81e-09	1.33e-03	9.99e-01	0.00e+00	0.00e+00	0.00e+00	0.00e+00	0.00e+00	5.61e-294
 3.78658e+11	0.00e+00	8.08e-38	3.96e-28	6.44e-19	6.80e-09	1.44e-03	9.99e-01	0.00e+00	0.00e+00	0.00e+00	0.00e+00	0.00e+00	1.15e-163
 4.20389e+11	0.00e+00	0.00e+00	5.33e-28	8.05e-19	7.91e-09	1.55e-03	9.98e-01	0.00e+00	0.00e+00	0.00e+00	0.00e+00	0.00e+00	1.61e-222
 4.58736e+11	0.00e+00	1.62e-37	6.93e-28	9.82e-19	9.04e-09	1.65e-03	9.98e-01	0.00e+00	0.00e+00	0.00e+00	0.00e+00	0.00e+00	3.71e-281
 5.01773e+11	0.00e+00	0.00e+00	9.23e-28	1.22e-18	1.04e-08	1.77e-03	9.98e-01	0.00e+00	0.00e+00	0.00e+00	0.00e+00	0.00e+00	3.95e-223
 5.51583e+11	0.00e+00	3.46e-37	1.27e-27	1.55e-18	1.23e-08	1.92e-03	9.98e-01	0.00e+00	0.00e+00	0.00e+00	0.00e+00	0.00e+00	0.00e+00
 6.00492e+11	0.00e+00	0.00e+00	1.72e-27	1.95e-18	1.43e-08	2.06e-03	9.98e-01	0.00e+00	0.00e+00	0.00e+00	0.00e+00	0.00e+00	3.13e-306
 6.47248e+11	0.00e+00	7.15e-37	2.28e-27	2.41e-18	1.65e-08	2.21e-03	9.98e-01	0.00e+00	0.00e+00	0.00e+00	0.00e+00	0.00e+00	6.73e-220
 6.98956e+11	0.00e+00	0.00e+00	3.07e-27	3.01e-18	1.92e-08	2.38e-03	9.98e-01	0.00e+00	0.00e+00	0.00e+00	0.00e+00	0.00e+00	0.00e+00
 7.54719e+11	0.00e+00	1.53e-36	4.19e-27	3.81e-18	2.25e-08	2.57e-03	9.97e-01	0.00e+00	0.00e+00	0.00e+00	0.00e+00	0.00e+00	0.00e+00
 8.07023e+11	1.29e-46	2.17e-36	5.56e-27	4.72e-18	2.60e-08	2.75e-03	9.97e-01	0.00e+00	0.00e+00	0.00e+00	0.00e+00	0.00e+00	3.71e-139
 8.63542e+11	0.00e+00	0.00e+00	7.47e-27	5.89e-18	3.02e-08	2.95e-03	9.97e-01	0.00e+00	0.00e+00	0.00e+00	0.00e+00	0.00e+00	0.00e+00
 9.26692e+11	0.00e+00	4.67e-36	1.03e-26	7.50e-18	3.56e-08	3.19e-03	9.97e-01	0.00e+00	0.00e+00	0.00e+00	0.00e+00	0.00e+00	9.49e-158
 9.87740e+11	5.00e-46	6.76e-36	1.38e-26	9.38e-18	4.14e-08	3.43e-03	9.97e-01	0.00e+00	0.00e+00	0.00e+00	0.00e+00	0.00e+00	4.67e-230
 1.05255e+12	0.00e+00	0.00e+00	1.88e-26	1.18e-17	4.84e-08	3.70e-03	9.96e-01	0.00e+00	0.00e+00	0.00e+00	0.00e+00	0.00e+00	0.00e+00
 1.11573e+12	0.00e+00	1.42e-35	2.50e-26	1.47e-17	5.61e-08	3.96e-03	9.96e-01	0.00e+00	0.00e+00	0.00e+00	0.00e+00	0.00e+00	1.94e-204
 1.16767e+12	1.70e-45	1.88e-35	3.15e-26	1.75e-17	6.31e-08	4.19e-03	9.96e-01	0.00e+00	0.00e+00	0.00e+00	0.00e+00	0.00e+00	2.19e-136
 1.22302e+12	0.00e+00	0.00e+00	4.00e-26	2.09e-17	7.13e-08	4.44e-03	9.96e-01	0.00e+00	0.00e+00	0.00e+00	0.00e+00	0.00e+00	0.00e+00
 1.29435e+12	0.00e+00	3.68e-35	5.40e-26	2.62e-17	8.31e-08	4.77e-03	9.95e-01	0.00e+00	0.00e+00	0.00e+00	0.00e+00	0.00e+00	9.03e-155
 1.36976e+12	5.98e-45	5.38e-35	7.33e-26	3.31e-17	9.72e-08	5.14e-03	9.95e-01	0.00e+00	0.00e+00	0.00e+00	0.00e+00	0.00e+00	1.96e-201
 1.43644e+12	0.00e+00	7.46e-35	9.53e-26	4.03e-17	1.11e-07	5.47e-03	9.95e-01	0.00e+00	0.00e+00	0.00e+00	0.00e+00	0.00e+00	9.33e-154
 1.50847e+12	1.33e-44	1.05e-34	1.25e-25	4.96e-17	1.28e-07	5.85e-03	9.94e-01	0.00e+00	0.00e+00	0.00e+00	0.00e+00	0.00e+00	1.04e-200
 1.59512e+12	0.00e+00	1.57e-34	1.73e-25	6.33e-17	1.51e-07	6.32e-03	9.94e-01	0.00e+00	0.00e+00	0.00e+00	0.00e+00	0.00e+00	1.08e-152
 1.68278e+12	3.43e-44	2.32e-34	2.37e-25	8.02e-17	1.77e-07	6.82e-03	9.93e-01	0.00e+00	0.00e+00	0.00e+00	0.00e+00	0.00e+00	0.00e+00
 1.76450e+12	0.00e+00	3.30e-34	3.15e-25	9.94e-17	2.05e-07	7.30e-03	9.93e-01	0.00e+00	0.00e+00	0.00e+00	0.00e+00	0.00e+00	1.24e-151
 1.85558e+12	8.27e-44	4.84e-34	4.29e-25	1.25e-16	2.40e-07	7.86e-03	9.92e-01	0.00e+00	0.00e+00	0.00e+00	0.00e+00	0.00e+00	2.06e-199
 1.95973e+12	0.00e+00	7.40e-34	6.03e-25	1.62e-16	2.86e-07	8.52e-03	9.91e-01	0.00e+00	0.00e+00	0.00e+00	0.00e+00	0.00e+00	1.74e-150
 2.05404e+12	2.15e-43	1.07e-33	8.13e-25	2.04e-16	3.34e-07	9.15e-03	9.91e-01	0.00e+00	0.00e+00	0.00e+00	0.00e+00	0.00e+00	0.00e+00
 2.13268e+12	0.00e+00	1.45e-33	1.04e-24	2.45e-16	3.78e-07	9.70e-03	9.90e-01	0.00e+00	0.00e+00	0.00e+00	0.00e+00	0.00e+00	1.56e-149
 2.21876e+12	4.54e-43	2.01e-33	1.35e-24	2.98e-16	4.32e-07	1.03e-02	9.90e-01	0.00e+00	0.00e+00	0.00e+00	0.00e+00	0.00e+00	1.11e-196
 2.32772e+12	0.00e+00	2.99e-33	1.85e-24	3.79e-16	5.09e-07	1.11e-02	9.89e-01	0.00e+00	0.00e+00	0.00e+00	0.00e+00	0.00e+00	1.63e-148
 2.44010e+12	1.18e-42	4.47e-33	2.56e-24	4.84e-16	6.00e-07	1.20e-02	9.88e-01	0.00e+00	0.00e+00	0.00e+00	0.00e+00	0.00e+00	2.51e-221
 2.53747e+12	0.00e+00	6.28e-33	3.37e-24	5.94e-16	6.90e-07	1.28e-02	9.87e-01	0.00e+00	0.00e+00	0.00e+00	0.00e+00	0.00e+00	1.77e-147
 2.64168e+12	2.71e-42	8.95e-33	4.48e-24	7.37e-16	7.98e-07	1.37e-02	9.86e-01	0.00e+00	0.00e+00	0.00e+00	0.00e+00	0.00e+00	0.00e+00
 2.76956e+12	0.00e+00	1.37e-32	6.29e-24	9.52e-16	9.50e-07	1.49e-02	9.85e-01	0.00e+00	0.00e+00	0.00e+00	0.00e+00	0.00e+00	2.16e-146
 2.89690e+12	7.38e-42	2.07e-32	8.77e-24	1.22e-15	1.12e-06	1.61e-02	9.84e-01	0.00e+00	0.00e+00	0.00e+00	0.00e+00	0.00e+00	0.00e+00
 3.00756e+12	0.00e+00	2.94e-32	1.16e-23	1.51e-15	1.30e-06	1.72e-02	9.83e-01	0.00e+00	0.00e+00	0.00e+00	0.00e+00	0.00e+00	2.46e-145
 3.12785e+12	1.75e-41	4.26e-32	1.57e-23	1.89e-15	1.51e-06	1.84e-02	9.82e-01	0.00e+00	0.00e+00	0.00e+00	0.00e+00	0.00e+00	2.38e-232
 3.27472e+12	0.00e+00	6.65e-32	2.24e-23	2.48e-15	1.81e-06	2.01e-02	9.80e-01	0.00e+00	0.00e+00	0.00e+00	0.00e+00	0.00e+00	3.26e-144
 3.41892e+12	4.99e-41	1.02e-31	3.16e-23	3.21e-15	2.16e-06	2.17e-02	9.78e-01	0.00e+00	0.00e+00	0.00e+00	0.00e+00	0.00e+00	0.00e+00
 3.54187e+12	0.00e+00	1.46e-31	4.21e-23	3.97e-15	2.49e-06	2.32e-02	9.77e-01	0.00e+00	0.00e+00	0.00e+00	0.00e+00	0.00e+00	3.82e-143
 3.67442e+12	1.20e-40	2.12e-31	5.70e-23	4.98e-15	2.90e-06	2.49e-02	9.75e-01	0.00e+00	0.00e+00	0.00e+00	0.00e+00	0.00e+00	0.00e+00
 3.83930e+12	0.00e+00	3.36e-31	8.23e-23	6.57e-15	3.49e-06	2.72e-02	9.73e-01	0.00e+00	0.00e+00	0.00e+00	0.00e+00	0.00e+00	5.16e-142
 4.00653e+12	3.57e-40	5.28e-31	1.18e-22	8.63e-15	4.19e-06	2.96e-02	9.70e-01	0.00e+00	0.00e+00	0.00e+00	0.00e+00	0.00e+00	0.00e+00
 4.15254e+12	0.00e+00	7.75e-31	1.61e-22	1.09e-14	4.90e-06	3.18e-02	9.68e-01	0.00e+00	0.00e+00	0.00e+00	0.00e+00	0.00e+00	6.89e-141
 4.31059e+12	9.18e-40	1.16e-30	2.24e-22	1.39e-14	5.76e-06	3.43e-02	9.66e-01	0.00e+00	0.00e+00	0.00e+00	0.00e+00	0.00e+00	0.00e+00
 4.50289e+12	0.00e+00	1.88e-30	3.29e-22	1.86e-14	6.99e-06	3.75e-02	9.62e-01	0.00e+00	0.00e+00	0.00e+00	0.00e+00	0.00e+00	1.06e-139
 4.69708e+12	2.86e-39	3.01e-30	4.81e-22	2.46e-14	8.45e-06	4.10e-02	9.59e-01	0.00e+00	0.00e+00	0.00e+00	0.00e+00	0.00e+00	0.00e+00
 4.87335e+12	0.00e+00	4.53e-30	6.69e-22	3.16e-14	9.97e-06	4.42e-02	9.56e-01	0.00e+00	0.00e+00	0.00e+00	0.00e+00	0.00e+00	1.57e-138
 5.02966e+12	7.13e-39	6.46e-30	8.90e-22	3.91e-14	1.15e-05	4.72e-02	9.53e-01	0.00e+00	0.00e+00	0.00e+00	0.00e+00	0.00e+00	0.00e+00
 5.19362e+12	0.00e+00	9.25e-30	1.19e-21	4.86e-14	1.33e-05	5.05e-02	9.49e-01	0.00e+00	0.00e+00	0.00e+00	0.00e+00	0.00e+00	1.39e-137
 5.40676e+12	1.88e-38	1.45e-29	1.71e-21	6.39e-14	1.59e-05	5.49e-02	9.45e-01	0.00e+00	0.00e+00	0.00e+00	0.00e+00	0.00e+00	0.00e+00
 5.62407e+12	0.00e+00	2.27e-29	2.45e-21	8.36e-14	1.90e-05	5.97e-02	9.40e-01	0.00e+00	0.00e+00	0.00e+00	0.00e+00	0.00e+00	2.14e-136
 5.80244e+12	4.85e-38	3.21e-29	3.25e-21	1.03e-13	2.19e-05	6.37e-02	9.36e-01	0.00e+00	0.00e+00	0.00e+00	0.00e+00	0.00e+00	0.00e+00
 5.96550e+12	0.00e+00	4.38e-29	4.18e-21	1.25e-13	2.48e-05	6.74e-02	9.33e-01	0.00e+00	0.00e+00	0.00e+00	0.00e+00	0.00e+00	1.61e-135
 6.15300e+12	1.06e-37	6.19e-29	5.52e-21	1.54e-13	2.85e-05	7.19e-02	9.28e-01	0.00e+00	0.00e+00	0.00e+00	0.00e+00	0.00e+00	0.00e+00
 6.39675e+12	0.00e+00	9.52e-29	7.83e-21	2.00e-13	3.39e-05	7.78e-02	9.22e-01	0.00e+00	0.00e+00	0.00e+00	0.00e+00	0.00e+00	1.73e-134
 6.64435e+12	2.93e-37	1.45e-28	1.10e-20	2.58e-13	4.01e-05	8.41e-02	9.16e-01	0.00e+00	0.00e+00	0.00e+00	0.00e+00	0.00e+00	0.00e+00
 6.84465e+12	0.00e+00	2.01e-28	1.43e-20	3.14e-13	4.58e-05	8.92e-02	9.11e-01	0.00e+00	0.00e+00	0.00e+00	0.00e+00	0.00e+00	1.71e-133
 7.05271e+12	6.39e-37	2.79e-28	1.87e-20	3.84e-13	5.22e-05	9.48e-02	9.05e-01	0.00e+00	0.00e+00	0.00e+00	0.00e+00	0.00e+00	0.00e+00
 7.32318e+12	0.00e+00	4.21e-28	2.61e-20	4.92e-13	6.15e-05	1.02e-01	8.98e-01	0.00e+00	0.00e+00	0.00e+00	0.00e+00	0.00e+00	1.66e-132
 7.60651e+12	1.71e-36	6.36e-28	3.64e-20	6.33e-13	7.25e-05	1.10e-01	8.90e-01	0.00e+00	0.00e+00	0.00e+00	0.00e+00	0.00e+00	8.76e-99
 7.84839e+12	0.00e+00	8.92e-28	4.79e-20	7.77e-13	8.29e-05	1.17e-01	8.83e-01	0.00e+00	0.00e+00	0.00e+00	0.00e+00	0.00e+00	0.00e+00
 8.10466e+12	3.85e-36	1.26e-27	6.32e-20	9.57e-13	9.51e-05	1.24e-01	8.76e-01	0.00e+00	0.00e+00	0.00e+00	0.00e+00	0.00e+00	4.44e-114
 8.42946e+12	0.00e+00	1.92e-27	8.89e-20	1.24e-12	1.12e-04	1.34e-01	8.66e-01	0.00e+00	0.00e+00	0.00e+00	0.00e+00	0.00e+00	7.75e-99
 8.76285e+12	1.04e-35	2.90e-27	1.24e-19	1.59e-12	1.32e-04	1.44e-01	8.56e-01	0.00e+00	0.00e+00	0.00e+00	0.00e+00	0.00e+00	0.00e+00
 9.05103e+12	0.00e+00	4.08e-27	1.64e-19	1.95e-12	1.51e-04	1.53e-01	8.47e-01	0.00e+00	0.00e+00	0.00e+00	0.00e+00	0.00e+00	1.86e-129
 9.36098e+12	2.39e-35	5.82e-27	2.18e-19	2.42e-12	1.74e-04	1.63e-01	8.37e-01	0.00e+00	0.00e+00	0.00e+00	0.00e+00	0.00e+00	1.99e-96
 9.74185e+12	0.00e+00	8.84e-27	3.06e-19	3.11e-12	2.05e-04	1.75e-01	8.25e-01	0.00e+00	0.00e+00	0.00e+00	0.00e+00	0.00e+00	0.00e+00
 1.01311e+13	6.43e-35	1.33e-26	4.26e-19	3.99e-12	2.40e-04	1.88e-01	8.12e-01	0.00e+00	0.00e+00	0.00e+00	0.00e+00	0.00e+00	3.74e-111
 1.04843e+13	9.84e-35	1.90e-26	5.68e-19	4.94e-12	2.76e-04	1.99e-01	8.00e-01	0.00e+00	0.00e+00	0.00e+00	0.00e+00	0.00e+00	3.71e-95
 1.08024e+13	1.43e-34	2.59e-26	7.29e-19	5.95e-12	3.11e-04	2.10e-01	7.90e-01	0.00e+00	0.00e+00	0.00e+00	0.00e+00	0.00e+00	2.56e-110
 1.11439e+13	2.09e-34	3.57e-26	9.45e-19	7.22e-12	3.52e-04	2.21e-01	7.78e-01	0.00e+00	0.00e+00	0.00e+00	0.00e+00	0.00e+00	1.77e-94
 1.15292e+13	3.16e-34	5.05e-26	1.25e-18	8.88e-12	4.02e-04	2.34e-01	7.65e-01	0.00e+00	0.00e+00	0.00e+00	0.00e+00	0.00e+00	1.77e-109
 1.18737e+13	4.56e-34	6.86e-26	1.60e-18	1.07e-11	4.52e-04	2.46e-01	7.54e-01	0.00e+00	0.00e+00	0.00e+00	0.00e+00	0.00e+00	8.98e-94
 1.21670e+13	6.14e-34	8.80e-26	1.96e-18	1.24e-11	4.97e-04	2.56e-01	7.43e-01	0.00e+00	0.00e+00	0.00e+00	0.00e+00	0.00e+00	8.89e-109
 1.24914e+13	8.47e-34	1.15e-25	2.43e-18	1.46e-11	5.51e-04	2.67e-01	7.32e-01	0.00e+00	0.00e+00	0.00e+00	0.00e+00	0.00e+00	3.27e-93
 1.29130e+13	1.27e-33	1.61e-25	3.18e-18	1.78e-11	6.26e-04	2.81e-01	7.18e-01	0.00e+00	0.00e+00	0.00e+00	0.00e+00	0.00e+00	5.20e-108
 1.33566e+13	1.90e-33	2.26e-25	4.19e-18	2.18e-11	7.11e-04	2.96e-01	7.03e-01	0.00e+00	0.00e+00	0.00e+00	0.00e+00	0.00e+00	1.78e-92
 1.37395e+13	2.68e-33	3.01e-25	5.26e-18	2.58e-11	7.91e-04	3.09e-01	6.90e-01	0.00e+00	0.00e+00	0.00e+00	0.00e+00	0.00e+00	3.26e-107
 1.41481e+13	3.82e-33	4.05e-25	6.70e-18	3.09e-11	8.84e-04	3.23e-01	6.76e-01	0.00e+00	0.00e+00	0.00e+00	0.00e+00	0.00e+00	7.65e-92
 1.46793e+13	5.96e-33	5.87e-25	9.03e-18	3.84e-11	1.01e-03	3.41e-01	6.58e-01	0.00e+00	0.00e+00	0.00e+00	0.00e+00	0.00e+00	2.32e-106
 1.52283e+13	9.27e-33	8.49e-25	1.21e-17	4.79e-11	1.16e-03	3.60e-01	6.39e-01	0.00e+00	0.00e+00	0.00e+00	0.00e+00	0.00e+00	4.88e-91
 1.56890e+13	1.32e-32	1.14e-24	1.54e-17	5.69e-11	1.29e-03	3.75e-01	6.24e-01	0.00e+00	0.00e+00	0.00e+00	0.00e+00	0.00e+00	1.65e-105
 1.61760e+13	1.90e-32	1.55e-24	1.97e-17	6.83e-11	1.45e-03	3.91e-01	6.08e-01	0.00e+00	0.00e+00	0.00e+00	0.00e+00	0.00e+00	2.21e-90
 1.67953e+13	2.97e-32	2.25e-24	2.66e-17	8.51e-11	1.66e-03	4.11e-01	5.88e-01	0.00e+00	0.00e+00	0.00e+00	0.00e+00	0.00e+00	1.23e-104
 1.74463e+13	4.67e-32	3.27e-24	3.60e-17	1.06e-10	1.90e-03	4.31e-01	5.67e-01	0.00e+00	0.00e+00	0.00e+00	0.00e+00	0.00e+00	1.46e-89
 1.80304e+13	6.89e-32	4.53e-24	4.67e-17	1.29e-10	2.13e-03	4.49e-01	5.49e-01	0.00e+00	0.00e+00	0.00e+00	0.00e+00	0.00e+00	9.94e-104
 1.86680e+13	1.04e-31	6.36e-24	6.14e-17	1.57e-10	2.40e-03	4.68e-01	5.29e-01	0.00e+00	0.00e+00	0.00e+00	0.00e+00	0.00e+00	7.80e-89
 1.94238e+13	1.65e-31	9.38e-24	8.39e-17	1.97e-10	2.76e-03	4.90e-01	5.07e-01	0.00e+00	0.00e+00	0.00e+00	0.00e+00	0.00e+00	8.78e-103
 2.01458e+13	2.53e-31	1.34e-23	1.12e-16	2.43e-10	3.12e-03	5.11e-01	4.86e-01	0.00e+00	0.00e+00	0.00e+00	0.00e+00	0.00e+00	5.09e-88
 2.07694e+13	3.60e-31	1.80e-23	1.42e-16	2.89e-10	3.46e-03	5.27e-01	4.69e-01	0.00e+00	0.00e+00	0.00e+00	0.00e+00	0.00e+00	6.19e-102
 2.14529e+13	5.22e-31	2.45e-23	1.82e-16	3.47e-10	3.85e-03	5.45e-01	4.51e-01	0.00e+00	0.00e+00	0.00e+00	0.00e+00	0.00e+00	2.36e-87
 2.21535e+13	7.57e-31	3.34e-23	2.33e-16	4.16e-10	4.28e-03	5.63e-01	4.33e-01	0.00e+00	0.00e+00	0.00e+00	0.00e+00	0.00e+00	4.02e-101
 2.27261e+13	1.01e-30	4.25e-23	2.83e-16	4.78e-10	4.65e-03	5.77e-01	4.19e-01	0.00e+00	0.00e+00	0.00e+00	0.00e+00	0.00e+00	9.55e-87
 2.33201e+13	1.36e-30	5.44e-23	3.45e-16	5.52e-10	5.06e-03	5.91e-01	4.04e-01	0.00e+00	0.00e+00	0.00e+00	0.00e+00	0.00e+00	1.77e-100
 2.40924e+13	1.97e-30	7.41e-23	4.43e-16	6.60e-10	5.61e-03	6.08e-01	3.87e-01	0.00e+00	0.00e+00	0.00e+00	0.00e+00	0.00e+00	3.89e-86
 2.48988e+13	2.85e-30	1.01e-22	5.69e-16	7.92e-10	6.22e-03	6.25e-01	3.69e-01	0.00e+00	0.00e+00	0.00e+00	0.00e+00	0.00e+00	1.16e-99
 2.55816e+13	3.87e-30	1.30e-22	6.97e-16	9.16e-10	6.77e-03	6.39e-01	3.54e-01	0.00e+00	0.00e+00	0.00e+00	0.00e+00	0.00e+00	1.63e-85
 2.63012e+13	5.26e-30	1.68e-22	8.56e-16	1.06e-09	7.37e-03	6.52e-01	3.40e-01	0.00e+00	0.00e+00	0.00e+00	0.00e+00	0.00e+00	5.54e-99
 2.72367e+13	7.75e-30	2.32e-22	1.11e-15	1.28e-09	8.19e-03	6.69e-01	3.22e-01	0.00e+00	0.00e+00	0.00e+00	0.00e+00	0.00e+00	7.20e-85
 2.82105e+13	1.14e-29	3.21e-22	1.44e-15	1.54e-09	9.09e-03	6.86e-01	3.05e-01	0.00e+00	0.00e+00	0.00e+00	0.00e+00	0.00e+00	4.05e-98
 2.90340e+13	1.57e-29	4.17e-22	1.77e-15	1.79e-09	9.89e-03	6.99e-01	2.91e-01	0.00e+00	0.00e+00	0.00e+00	0.00e+00	0.00e+00	3.24e-84
 2.99043e+13	2.16e-29	5.44e-22	2.19e-15	2.09e-09	1.08e-02	7.11e-01	2.78e-01	0.00e+00	0.00e+00	0.00e+00	0.00e+00	0.00e+00	2.10e-97
 3.10192e+13	3.20e-29	7.55e-22	2.85e-15	2.51e-09	1.19e-02	7.27e-01	2.61e-01	0.00e+00	0.00e+00	0.00e+00	0.00e+00	0.00e+00	1.52e-83
 3.21907e+13	4.77e-29	1.05e-21	3.71e-15	3.04e-09	1.32e-02	7.41e-01	2.46e-01	0.00e+00	0.00e+00	0.00e+00	0.00e+00	0.00e+00	1.66e-96
 3.32278e+13	6.68e-29	1.39e-21	4.63e-15	3.55e-09	1.44e-02	7.53e-01	2.33e-01	0.00e+00	0.00e+00	0.00e+00	0.00e+00	0.00e+00	7.53e-83
 3.43513e+13	9.49e-29	1.86e-21	5.83e-15	4.18e-09	1.58e-02	7.65e-01	2.20e-01	0.00e+00	0.00e+00	0.00e+00	0.00e+00	0.00e+00	1.02e-95
 3.57010e+13	1.42e-28	2.59e-21	7.60e-15	5.04e-09	1.75e-02	7.77e-01	2.05e-01	0.00e+00	0.00e+00	0.00e+00	0.00e+00	0.00e+00	3.98e-82
 3.70888e+13	2.12e-28	3.60e-21	9.86e-15	6.05e-09	1.93e-02	7.89e-01	1.92e-01	0.00e+00	0.00e+00	0.00e+00	0.00e+00	0.00e+00	8.56e-95
 3.82619e+13	2.93e-28	4.70e-21	1.22e-14	7.01e-09	2.08e-02	7.98e-01	1.81e-01	0.00e+00	0.00e+00	0.00e+00	0.00e+00	0.00e+00	1.98e-81
 3.92387e+13	3.81e-28	5.82e-21	1.44e-14	7.88e-09	2.22e-02	8.05e-01	1.73e-01	0.00e+00	0.00e+00	0.00e+00	0.00e+00	0.00e+00	4.08e-94
 4.03354e+13	5.05e-28	7.34e-21	1.72e-14	8.94e-09	2.37e-02	8.11e-01	1.65e-01	0.00e+00	0.00e+00	0.00e+00	0.00e+00	0.00e+00	6.75e-81
 4.17609e+13	7.22e-28	9.84e-21	2.17e-14	1.05e-08	2.58e-02	8.20e-01	1.55e-01	0.00e+00	0.00e+00	0.00e+00	0.00e+00	0.00e+00	2.29e-93
 4.32855e+13	1.04e-27	1.33e-20	2.74e-14	1.23e-08	2.81e-02	8.27e-01	1.45e-01	0.00e+00	0.00e+00	0.00e+00	0.00e+00	0.00e+00	3.47e-80
 4.45739e+13	1.40e-27	1.69e-20	3.31e-14	1.41e-08	3.01e-02	8.33e-01	1.37e-01	0.00e+00	0.00e+00	0.00e+00	0.00e+00	0.00e+00	1.39e-92
 4.58839e+13	1.88e-27	2.15e-20	3.98e-14	1.60e-08	3.22e-02	8.38e-01	1.30e-01	0.00e+00	0.00e+00	0.00e+00	0.00e+00	0.00e+00	1.35e-79
 4.75718e+13	2.72e-27	2.90e-20	5.01e-14	1.87e-08	3.50e-02	8.44e-01	1.21e-01	0.00e+00	0.00e+00	0.00e+00	0.00e+00	0.00e+00	8.41e-92
 4.93221e+13	3.91e-27	3.90e-20	6.30e-14	2.19e-08	3.80e-02	8.49e-01	1.13e-01	0.00e+00	0.00e+00	0.00e+00	0.00e+00	0.00e+00	7.26e-79
 5.08169e+13	5.28e-27	4.97e-20	7.60e-14	2.49e-08	4.05e-02	8.53e-01	1.07e-01	0.00e+00	0.00e+00	0.00e+00	0.00e+00	0.00e+00	5.21e-91
 5.24084e+13	7.20e-27	6.39e-20	9.20e-14	2.83e-08	4.34e-02	8.56e-01	1.01e-01	0.00e+00	0.00e+00	0.00e+00	0.00e+00	0.00e+00	3.00e-78
 5.43891e+13	1.04e-26	8.63e-20	1.16e-13	3.32e-08	4.70e-02	8.59e-01	9.37e-02	0.00e+00	0.00e+00	0.00e+00	0.00e+00	0.00e+00	3.41e-90
 5.64406e+13	1.51e-26	1.16e-19	1.46e-13	3.87e-08	5.09e-02	8.62e-01	8.71e-02	0.00e+00	0.00e+00	0.00e+00	0.00e+00	0.00e+00	1.70e-77
 5.82906e+13	2.08e-26	1.51e-19	1.77e-13	4.43e-08	5.44e-02	8.64e-01	8.18e-02	0.00e+00	0.00e+00	0.00e+00	0.00e+00	0.00e+00	2.31e-89
 6.03136e+13	2.92e-26	1.98e-19	2.18e-13	5.09e-08	5.84e-02	8.65e-01	7.64e-02	0.00e+00	0.00e+00	0.00e+00	0.00e+00	0.00e+00	8.05e-77
 6.27011e+13	4.30e-26	2.71e-19	2.77e-13	5.98e-08	6.33e-02	8.66e-01	7.07e-02	0.00e+00	0.00e+00	0.00e+00	0.00e+00	0.00e+00	1.99e-76
 6.50509e+13	6.19e-26	3.63e-19	3.46e-13	6.94e-08	6.83e-02	8.66e-01	6.56e-02	0.00e+00	0.00e+00	0.00e+00	0.00e+00	0.00e+00	4.72e-76
 6.71341e+13	8.46e-26	4.66e-19	4.18e-13	7.89e-08	7.27e-02	8.66e-01	6.15e-02	0.00e+00	0.00e+00	0.00e+00	0.00e+00	0.00e+00	9.88e-76
 6.93827e+13	1.17e-25	6.05e-19	5.09e-13	9.01e-08	7.77e-02	8.65e-01	5.75e-02	0.00e+00	0.00e+00	0.00e+00	0.00e+00	0.00e+00	2.14e-75
 7.19004e+13	1.66e-25	8.03e-19	6.32e-13	1.04e-07	8.34e-02	8.63e-01	5.34e-02	0.00e+00	0.00e+00	0.00e+00	0.00e+00	0.00e+00	4.92e-75
 7.42790e+13	2.29e-25	1.04e-18	7.67e-13	1.18e-07	8.89e-02	8.61e-01	4.99e-02	0.00e+00	0.00e+00	0.00e+00	0.00e+00	0.00e+00	1.06e-74
 7.68820e+13	3.21e-25	1.36e-18	9.41e-13	1.36e-07	9.50e-02	8.59e-01	4.63e-02	0.00e+00	0.00e+00	0.00e+00	0.00e+00	0.00e+00	2.36e-74
 7.96139e+13	4.53e-25	1.79e-18	1.16e-12	1.56e-07	1.02e-01	8.55e-01	4.30e-02	0.00e+00	0.00e+00	0.00e+00	0.00e+00	0.00e+00	5.33e-74
 8.18197e+13	5.91e-25	2.22e-18	1.36e-12	1.74e-07	1.07e-01	8.52e-01	4.05e-02	0.00e+00	0.00e+00	0.00e+00	0.00e+00	0.00e+00	1.01e-73
 8.37080e+13	7.39e-25	2.66e-18	1.56e-12	1.90e-07	1.12e-01	8.50e-01	3.86e-02	0.00e+00	0.00e+00	0.00e+00	0.00e+00	0.00e+00	1.72e-73
 8.58778e+13	9.49e-25	3.25e-18	1.81e-12	2.10e-07	1.17e-01	8.46e-01	3.65e-02	0.00e+00	0.00e+00	0.00e+00	0.00e+00	0.00e+00	3.12e-73
 8.86985e+13	1.30e-24	4.18e-18	2.20e-12	2.39e-07	1.25e-01	8.41e-01	3.40e-02	0.00e+00	0.00e+00	0.00e+00	0.00e+00	0.00e+00	6.62e-73
 9.16602e+13	1.79e-24	5.40e-18	2.66e-12	2.71e-07	1.32e-01	8.36e-01	3.15e-02	0.00e+00	0.00e+00	0.00e+00	0.00e+00	0.00e+00	1.42e-72
 9.41958e+13	2.33e-24	6.68e-18	3.13e-12	3.01e-07	1.39e-01	8.31e-01	2.97e-02	0.00e+00	0.00e+00	0.00e+00	0.00e+00	0.00e+00	2.68e-72
 9.68827e+13	3.07e-24	8.31e-18	3.68e-12	3.36e-07	1.46e-01	8.26e-01	2.78e-02	0.00e+00	0.00e+00	0.00e+00	0.00e+00	0.00e+00	5.15e-72
 1.00376e+14	4.32e-24	1.09e-17	4.53e-12	3.85e-07	1.56e-01	8.18e-01	2.56e-02	0.00e+00	0.00e+00	0.00e+00	0.00e+00	0.00e+00	1.17e-71
 1.03980e+14	6.08e-24	1.44e-17	5.57e-12	4.41e-07	1.66e-01	8.10e-01	2.36e-02	0.00e+00	0.00e+00	0.00e+00	0.00e+00	0.00e+00	2.65e-71
 1.06986e+14	8.00e-24	1.79e-17	6.56e-12	4.91e-07	1.75e-01	8.03e-01	2.21e-02	0.00e+00	0.00e+00	0.00e+00	0.00e+00	0.00e+00	5.13e-71
 1.10151e+14	1.06e-23	2.24e-17	7.77e-12	5.49e-07	1.84e-01	7.96e-01	2.06e-02	0.00e+00	0.00e+00	0.00e+00	0.00e+00	0.00e+00	1.01e-70
 1.14194e+14	1.50e-23	2.96e-17	9.57e-12	6.29e-07	1.95e-01	7.86e-01	1.89e-02	0.00e+00	0.00e+00	0.00e+00	0.00e+00	0.00e+00	2.31e-70
 1.18424e+14	2.12e-23	3.91e-17	1.18e-11	7.21e-07	2.08e-01	7.75e-01	1.73e-02	0.00e+00	0.00e+00	0.00e+00	0.00e+00	0.00e+00	5.34e-70
 1.22143e+14	2.85e-23	4.94e-17	1.41e-11	8.09e-07	2.19e-01	7.65e-01	1.60e-02	0.00e+00	0.00e+00	0.00e+00	1.57e-17	3.37e-17	1.09e-69
 1.26151e+14	3.87e-23	6.32e-17	1.69e-11	9.11e-07	2.31e-01	7.55e-01	1.48e-02	0.00e+00	0.00e+00	0.00e+00	2.09e-17	4.22e-17	2.28e-69
 1.30999e+14	5.53e-23	8.40e-17	2.09e-11	1.05e-06	2.45e-01	7.42e-01	1.34e-02	0.00e+00	0.00e+00	0.00e+00	2.79e-17	5.62e-17	5.41e-69
 1.35819e+14	7.78e-23	1.10e-16	2.56e-11	1.19e-06	2.59e-01	7.29e-01	1.23e-02	0.00e+00	0.00e+00	0.00e+00	3.66e-17	7.37e-17	1.24e-68
 1.40105e+14	1.04e-22	1.39e-16	3.05e-11	1.33e-06	2.72e-01	7.17e-01	1.13e-02	0.00e+00	0.00e+00	0.00e+00	4.61e-17	9.30e-17	2.53e-68
 1.44821e+14	1.42e-22	1.78e-16	3.67e-11	1.50e-06	2.86e-01	7.04e-01	1.04e-02	0.00e+00	0.00e+00	0.00e+00	5.91e-17	1.19e-16	5.38e-68
 1.50451e+14	2.03e-22	2.37e-16	4.53e-11	1.72e-06	3.02e-01	6.88e-01	9.38e-03	0.00e+00	0.00e+00	0.00e+00	7.85e-17	1.58e-16	1.29e-67
 1.56056e+14	2.86e-22	3.10e-16	5.53e-11	1.96e-06	3.19e-01	6.73e-01	8.51e-03	0.00e+00	0.00e+00	0.00e+00	1.03e-16	2.07e-16	2.96e-67
 1.61188e+14	3.86e-22	3.94e-16	6.59e-11	2.19e-06	3.34e-01	6.59e-01	7.80e-03	0.00e+00	0.00e+00	0.00e+00	1.30e-16	2.63e-16	6.19e-67
 1.66922e+14	5.33e-22	5.09e-16	7.97e-11	2.47e-06	3.50e-01	6.43e-01	7.08e-03	0.00e+00	0.00e+00	0.00e+00	1.68e-16	3.40e-16	1.37e-66
 1.73580e+14	7.65e-22	6.77e-16	9.84e-11	2.82e-06	3.69e-01	6.25e-01	6.35e-03	0.00e+00	0.00e+00	0.00e+00	2.24e-16	4.53e-16	3.35e-66
 1.79540e+14	1.04e-21	8.66e-16	1.18e-10	3.15e-06	3.85e-01	6.09e-01	5.78e-03	0.00e+00	0.00e+00	0.00e+00	2.87e-16	5.79e-16	7.34e-66
 1.83998e+14	1.31e-21	1.03e-15	1.34e-10	3.42e-06	3.97e-01	5.98e-01	5.39e-03	0.00e+00	0.00e+00	0.00e+00	3.42e-16	6.91e-16	1.27e-65
 1.88406e+14	1.62e-21	1.23e-15	1.52e-10	3.69e-06	4.09e-01	5.86e-01	5.04e-03	0.00e+00	0.00e+00	0.00e+00	4.06e-16	8.20e-16	2.17e-65
 1.94136e+14	2.13e-21	1.52e-15	1.78e-10	4.07e-06	4.24e-01	5.72e-01	4.62e-03	0.00e+00	0.00e+00	0.00e+00	5.03e-16	1.02e-15	4.29e-65
 2.00262e+14	2.83e-21	1.90e-15	2.09e-10	4.50e-06	4.39e-01	5.56e-01	4.22e-03	0.00e+00	0.00e+00	0.00e+00	6.28e-16	1.27e-15	8.70e-65
 2.05659e+14	3.60e-21	2.29e-15	2.40e-10	4.89e-06	4.53e-01	5.43e-01	3.90e-03	0.00e+00	0.00e+00	0.00e+00	7.59e-16	1.53e-15	1.59e-64
 2.11430e+14	4.62e-21	2.79e-15	2.77e-10	5.34e-06	4.67e-01	5.29e-01	3.60e-03	0.00e+00	0.00e+00	0.00e+00	9.23e-16	1.87e-15	2.99e-64
 2.18933e+14	6.32e-21	3.56e-15	3.30e-10	5.95e-06	4.85e-01	5.12e-01	3.24e-03	0.00e+00	0.00e+00	0.00e+00	1.18e-15	2.39e-15	6.59e-64
 2.26581e+14	8.59e-21	4.53e-15	3.93e-10	6.61e-06	5.02e-01	4.95e-01	2.92e-03	0.00e+00	0.00e+00	0.00e+00	1.50e-15	3.03e-15	1.44e-63
 2.32827e+14	1.10e-20	5.48e-15	4.50e-10	7.18e-06	5.16e-01	4.81e-01	2.69e-03	0.00e+00	0.00e+00	0.00e+00	1.81e-15	3.67e-15	2.67e-63
 2.39358e+14	1.40e-20	6.64e-15	5.17e-10	7.79e-06	5.30e-01	4.67e-01	2.47e-03	0.00e+00	0.00e+00	0.00e+00	2.20e-15	4.45e-15	5.00e-63
 2.47849e+14	1.91e-20	8.46e-15	6.15e-10	8.64e-06	5.48e-01	4.50e-01	2.22e-03	0.00e+00	0.00e+00	0.00e+00	2.80e-15	5.67e-15	1.10e-62
 2.56839e+14	2.62e-20	1.08e-14	7.33e-10	9.59e-06	5.66e-01	4.32e-01	1.98e-03	0.00e+00	0.00e+00	0.00e+00	3.58e-15	7.25e-15	2.48e-62
 2.64694e+14	3.42e-20	1.33e-14	8.49e-10	1.05e-05	5.81e-01	4.18e-01	1.80e-03	0.00e+00	0.00e+00	0.00e+00	4.40e-15	8.91e-15	4.92e-62
 2.73119e+14	4.51e-20	1.65e-14	9.88e-10	1.14e-05	5.96e-01	4.03e-01	1.63e-03	0.00e+00	0.00e+00	0.00e+00	5.44e-15	1.10e-14	1.00e-61
 2.83453e+14	6.24e-20	2.12e-14	1.18e-09	1.27e-05	6.14e-01	3.85e-01	1.45e-03	0.00e+00	0.00e+00	0.00e+00	7.00e-15	1.42e-14	2.32e-61
 2.93946e+14	8.57e-20	2.71e-14	1.41e-09	1.40e-05	6.31e-01	3.68e-01	1.28e-03	0.00e+00	0.00e+00	0.00e+00	8.95e-15	1.82e-14	5.30e-61
 3.03355e+14	1.13e-19	3.35e-14	1.63e-09	1.53e-05	6.46e-01	3.53e-01	1.16e-03	0.00e+00	0.00e+00	0.00e+00	1.11e-14	2.25e-14	1.08e-60
 3.13678e+14	1.51e-19	4.19e-14	1.91e-09	1.67e-05	6.61e-01	3.38e-01	1.04e-03	0.00e+00	0.00e+00	0.00e+00	1.38e-14	2.81e-14	2.31e-60
 3.25918e+14	2.10e-19	5.41e-14	2.28e-09	1.85e-05	6.78e-01	3.21e-01	9.12e-04	0.00e+00	0.00e+00	0.00e+00	1.78e-14	3.63e-14	5.48e-60
 3.38044e+14	2.87e-19	6.89e-14	2.71e-09	2.04e-05	6.94e-01	3.05e-01	8.06e-04	0.00e+00	0.00e+00	0.00e+00	2.27e-14	4.62e-14	1.25e-59
 3.49226e+14	3.79e-19	8.54e-14	3.14e-09	2.22e-05	7.08e-01	2.92e-01	7.21e-04	0.00e+00	0.00e+00	0.00e+00	2.81e-14	5.73e-14	2.60e-59
 3.61788e+14	5.12e-19	1.08e-13	3.70e-09	2.43e-05	7.22e-01	2.77e-01	6.38e-04	0.00e+00	0.00e+00	0.00e+00	3.55e-14	7.23e-14	5.77e-59
 3.74630e+14	6.89e-19	1.35e-13	4.33e-09	2.66e-05	7.36e-01	2.63e-01	5.65e-04	0.00e+00	0.00e+00	0.00e+00	4.45e-14	9.08e-14	1.26e-58
 3.84533e+14	8.59e-19	1.60e-13	4.88e-09	2.84e-05	7.46e-01	2.53e-01	5.16e-04	0.00e+00	0.00e+00	0.00e+00	5.27e-14	1.08e-13	2.27e-58
 3.94100e+14	1.06e-18	1.88e-13	5.45e-09	3.03e-05	7.55e-01	2.44e-01	4.73e-04	0.00e+00	0.00e+00	0.00e+00	6.18e-14	1.26e-13	3.94e-58
 4.06537e+14	1.37e-18	2.30e-13	6.27e-09	3.27e-05	7.67e-01	2.33e-01	4.23e-04	0.00e+00	0.00e+00	0.00e+00	7.56e-14	1.54e-13	7.89e-58
 4.19600e+14	1.79e-18	2.82e-13	7.22e-09	3.54e-05	7.78e-01	2.22e-01	3.78e-04	0.00e+00	0.00e+00	0.00e+00	9.27e-14	1.89e-13	1.60e-57
 4.30762e+14	2.23e-18	3.34e-13	8.12e-09	3.77e-05	7.87e-01	2.13e-01	3.44e-04	0.00e+00	0.00e+00	0.00e+00	1.10e-13	2.24e-13	2.88e-57
 4.42560e+14	2.79e-18	3.97e-13	9.16e-09	4.03e-05	7.96e-01	2.04e-01	3.12e-04	0.00e+00	0.00e+00	0.00e+00	1.30e-13	2.67e-13	5.25e-57
 4.57897e+14	3.70e-18	4.94e-13	1.07e-08	4.38e-05	8.07e-01	1.92e-01	2.75e-04	0.00e+00	0.00e+00	0.00e+00	1.62e-13	3.32e-13	1.12e-56
 4.73702e+14	4.90e-18	6.13e-13	1.24e-08	4.76e-05	8.18e-01	1.82e-01	2.43e-04	0.00e+00	0.00e+00	0.00e+00	2.01e-13	4.12e-13	2.38e-56
 4.86842e+14	6.14e-18	7.29e-13	1.40e-08	5.08e-05	8.26e-01	1.74e-01	2.19e-04	0.00e+00	0.00e+00	0.00e+00	2.39e-13	4.90e-13	4.36e-56
 5.00650e+14	7.73e-18	8.70e-13	1.58e-08	5.43e-05	8.34e-01	1.66e-01	1.97e-04	0.00e+00	0.00e+00	0.00e+00	2.85e-13	5.85e-13	8.08e-56
 5.18602e+14	1.03e-17	1.09e-12	1.84e-08	5.91e-05	8.44e-01	1.56e-01	1.73e-04	0.00e+00	0.00e+00	0.00e+00	3.56e-13	7.31e-13	1.76e-55
 5.37502e+14	1.38e-17	1.36e-12	2.15e-08	6.44e-05	8.53e-01	1.46e-01	1.51e-04	0.00e+00	0.00e+00	0.00e+00	4.45e-13	9.16e-13	3.87e-55
 5.53842e+14	1.76e-17	1.64e-12	2.45e-08	6.91e-05	8.61e-01	1.39e-01	1.34e-04	0.00e+00	0.00e+00	0.00e+00	5.37e-13	1.11e-12	7.48e-55
 5.71287e+14	2.27e-17	1.99e-12	2.81e-08	7.43e-05	8.68e-01	1.31e-01	1.19e-04	0.00e+00	0.00e+00	0.00e+00	6.52e-13	1.34e-12	1.47e-54
 5.92786e+14	3.05e-17	2.51e-12	3.30e-08	8.11e-05	8.77e-01	1.23e-01	1.03e-04	0.00e+00	0.00e+00	0.00e+00	8.20e-13	1.69e-12	3.30e-54
 6.14451e+14	4.07e-17	3.14e-12	3.85e-08	8.81e-05	8.85e-01	1.15e-01	8.97e-05	0.00e+00	0.00e+00	0.00e+00	1.02e-12	2.12e-12	7.25e-54
 6.33407e+14	5.19e-17	3.79e-12	4.39e-08	9.46e-05	8.91e-01	1.09e-01	7.95e-05	4.21e-18	1.26e-17	2.12e-17	1.24e-12	2.56e-12	1.41e-53
 6.53944e+14	6.70e-17	4.62e-12	5.04e-08	1.02e-04	8.97e-01	1.02e-01	7.00e-05	5.43e-18	1.63e-17	2.73e-17	1.51e-12	3.11e-12	2.81e-53
 6.78878e+14	9.02e-17	5.82e-12	5.92e-08	1.11e-04	9.04e-01	9.54e-02	6.03e-05	7.32e-18	2.20e-17	3.68e-17	1.90e-12	3.92e-12	6.34e-53
 7.03679e+14	1.20e-16	7.26e-12	6.91e-08	1.21e-04	9.11e-01	8.90e-02	5.22e-05	9.72e-18	2.92e-17	4.88e-17	2.36e-12	4.90e-12	1.38e-52
 7.25569e+14	1.53e-16	8.76e-12	7.87e-08	1.30e-04	9.16e-01	8.40e-02	4.61e-05	1.24e-17	3.72e-17	6.22e-17	2.85e-12	5.91e-12	2.68e-52
 7.49522e+14	1.97e-16	1.07e-11	9.05e-08	1.40e-04	9.21e-01	7.88e-02	4.04e-05	1.60e-17	4.80e-17	8.02e-17	3.47e-12	7.21e-12	5.38e-52
 7.78337e+14	2.64e-16	1.34e-11	1.06e-07	1.52e-04	9.27e-01	7.31e-02	3.46e-05	2.15e-17	6.45e-17	1.08e-16	4.37e-12	9.08e-12	1.21e-51
 8.06997e+14	3.50e-16	1.68e-11	1.24e-07	1.65e-04	9.32e-01	6.81e-02	2.98e-05	2.84e-17	8.54e-17	1.43e-16	5.44e-12	1.13e-11	2.64e-51
 8.31439e+14	4.41e-16	2.01e-11	1.41e-07	1.77e-04	9.36e-01	6.41e-02	2.64e-05	3.58e-17	1.08e-16	1.80e-16	6.52e-12	1.36e-11	5.01e-51
 8.53469e+14	5.39e-16	2.35e-11	1.58e-07	1.88e-04	9.39e-01	6.08e-02	2.36e-05	4.39e-17	1.32e-16	2.20e-16	7.64e-12	1.59e-11	8.77e-51
 8.75262e+14	6.55e-16	2.74e-11	1.75e-07	1.99e-04	9.42e-01	5.78e-02	2.13e-05	5.33e-17	1.60e-16	2.68e-16	8.89e-12	1.85e-11	1.51e-50
 9.00147e+14	8.13e-16	3.25e-11	1.98e-07	2.12e-04	9.45e-01	5.46e-02	1.89e-05	6.61e-17	1.99e-16	3.32e-16	1.05e-11	2.19e-11	2.74e-50
 9.27295e+14	1.02e-15	3.88e-11	2.24e-07	2.27e-04	9.48e-01	5.14e-02	1.67e-05	8.30e-17	2.49e-16	4.17e-16	1.26e-11	2.63e-11	5.18e-50
 9.51819e+14	1.25e-15	4.55e-11	2.50e-07	2.41e-04	9.51e-01	4.87e-02	1.50e-05	1.01e-16	3.04e-16	5.09e-16	1.47e-11	3.07e-11	9.06e-50
 9.78137e+14	1.53e-15	5.35e-11	2.81e-07	2.56e-04	9.54e-01	4.60e-02	1.33e-05	1.25e-16	3.75e-16	6.27e-16	1.73e-11	3.62e-11	1.62e-49
 1.00785e+15	1.92e-15	6.41e-11	3.19e-07	2.74e-04	9.56e-01	4.33e-02	1.18e-05	1.57e-16	4.70e-16	7.87e-16	2.07e-11	4.33e-11	3.06e-49
 1.03608e+15	2.37e-15	7.56e-11	3.58e-07	2.92e-04	9.59e-01	4.09e-02	1.05e-05	1.93e-16	5.80e-16	9.70e-16	2.45e-11	5.11e-11	5.54e-49
 1.06691e+15	2.96e-15	9.00e-11	4.06e-07	3.12e-04	9.61e-01	3.84e-02	9.24e-06	2.41e-16	7.24e-16	1.21e-15	2.91e-11	6.09e-11	1.03e-48
 1.10114e+15	3.75e-15	1.09e-10	4.63e-07	3.35e-04	9.64e-01	3.60e-02	8.07e-06	3.06e-16	9.18e-16	1.54e-15	3.52e-11	7.35e-11	2.02e-48
 1.13302e+15	4.64e-15	1.29e-10	5.22e-07	3.57e-04	9.66e-01	3.39e-02	7.15e-06	3.79e-16	1.14e-15	1.90e-15	4.17e-11	8.71e-11	3.71e-48
 1.16768e+15	5.81e-15	1.54e-10	5.93e-07	3.82e-04	9.68e-01	3.18e-02	6.28e-06	4.74e-16	1.42e-15	2.38e-15	4.98e-11	1.04e-10	7.03e-48
 1.20669e+15	7.41e-15	1.87e-10	6.81e-07	4.12e-04	9.70e-01	2.97e-02	5.45e-06	6.06e-16	1.82e-15	3.04e-15	6.05e-11	1.27e-10	1.41e-47
 1.24395e+15	9.29e-15	2.24e-10	7.73e-07	4.41e-04	9.72e-01	2.78e-02	4.79e-06	7.59e-16	2.28e-15	3.81e-15	7.25e-11	1.52e-10	2.70e-47
 1.28498e+15	1.18e-14	2.72e-10	8.86e-07	4.74e-04	9.74e-01	2.60e-02	4.16e-06	9.67e-16	2.90e-15	4.85e-15	8.78e-11	1.84e-10	5.38e-47
 1.33097e+15	1.53e-14	3.34e-10	1.03e-06	5.13e-04	9.75e-01	2.41e-02	3.57e-06	1.25e-15	3.76e-15	6.29e-15	1.08e-10	2.26e-10	1.13e-46
 1.37475e+15	1.94e-14	4.05e-10	1.18e-06	5.52e-04	9.77e-01	2.25e-02	3.11e-06	1.59e-15	4.77e-15	7.98e-15	1.31e-10	2.74e-10	2.25e-46
 1.42297e+15	2.50e-14	4.95e-10	1.36e-06	5.97e-04	9.79e-01	2.08e-02	2.67e-06	2.05e-15	6.15e-15	1.03e-14	1.60e-10	3.35e-10	4.66e-46
 1.47692e+15	3.27e-14	6.16e-10	1.59e-06	6.49e-04	9.80e-01	1.92e-02	2.27e-06	2.68e-15	8.06e-15	1.35e-14	1.99e-10	4.17e-10	1.02e-45
 1.52730e+15	4.17e-14	7.50e-10	1.83e-06	6.99e-04	9.81e-01	1.79e-02	1.96e-06	3.42e-15	1.03e-14	1.72e-14	2.42e-10	5.08e-10	2.08e-45
 1.58180e+15	5.38e-14	9.20e-10	2.11e-06	7.57e-04	9.83e-01	1.66e-02	1.68e-06	4.41e-15	1.33e-14	2.22e-14	2.97e-10	6.23e-10	4.33e-45
 1.64326e+15	7.06e-14	1.15e-09	2.48e-06	8.25e-04	9.84e-01	1.52e-02	1.42e-06	5.80e-15	1.74e-14	2.91e-14	3.71e-10	7.77e-10	9.59e-45
 1.69300e+15	8.71e-14	1.37e-09	2.81e-06	8.83e-04	9.85e-01	1.43e-02	1.25e-06	7.16e-15	2.15e-14	3.59e-14	4.42e-10	9.25e-10	1.79e-44
 1.72762e+15	1.00e-13	1.54e-09	3.06e-06	9.24e-04	9.85e-01	1.36e-02	1.14e-06	8.25e-15	2.48e-14	4.14e-14	4.97e-10	1.04e-09	2.73e-44
 1.76335e+15	1.09e-13	1.73e-09	3.33e-06	9.68e-04	9.86e-01	1.30e-02	1.04e-06	8.99e-15	2.70e-14	4.51e-14	5.59e-10	1.17e-09	4.09e-44
 1.80981e+15	1.31e-13	2.01e-09	3.71e-06	1.03e-03	9.87e-01	1.23e-02	9.27e-07	1.08e-14	3.23e-14	5.40e-14	6.49e-10	1.36e-09	6.99e-44
 1.87020e+15	1.64e-13	2.43e-09	4.25e-06	1.11e-03	9.87e-01	1.14e-02	0.00e+00	1.35e-14	4.05e-14	6.78e-14	7.85e-10	1.64e-09	1.39e-43
 1.93064e+15	2.02e-13	2.91e-09	4.86e-06	1.19e-03	9.88e-01	1.06e-02	0.00e+00	1.67e-14	5.01e-14	8.37e-14	9.42e-10	1.97e-09	2.67e-43
 1.97809e+15	2.37e-13	3.35e-09	5.37e-06	1.26e-03	9.89e-01	1.01e-02	0.00e+00	1.96e-14	5.87e-14	9.82e-14	1.08e-09	2.26e-09	4.38e-43
 2.02669e+15	2.79e-13	3.84e-09	5.95e-06	1.33e-03	9.89e-01	9.54e-03	0.00e+00	2.30e-14	6.92e-14	1.16e-13	1.24e-09	2.60e-09	7.21e-43
 2.08987e+15	3.42e-13	4.58e-09	6.76e-06	1.43e-03	9.90e-01	8.89e-03	0.00e+00	2.83e-14	8.49e-14	1.42e-13	1.48e-09	3.09e-09	1.35e-42
 2.15711e+15	4.19e-13	5.47e-09	7.71e-06	1.54e-03	9.90e-01	8.27e-03	0.00e+00	3.46e-14	1.04e-13	1.74e-13	1.77e-09	3.70e-09	2.57e-42
 2.21570e+15	4.97e-13	6.37e-09	8.62e-06	1.63e-03	9.91e-01	7.78e-03	0.00e+00	4.11e-14	1.23e-13	2.06e-13	2.06e-09	4.31e-09	4.41e-42
 2.27797e+15	5.93e-13	7.44e-09	9.68e-06	1.74e-03	9.91e-01	7.29e-03	0.00e+00	4.91e-14	1.47e-13	2.46e-13	2.41e-09	5.03e-09	7.71e-42
 2.35892e+15	7.41e-13	9.05e-09	1.12e-05	1.89e-03	9.91e-01	6.72e-03	0.00e+00	6.14e-14	1.84e-13	3.08e-13	2.93e-09	6.11e-09	1.58e-41
 2.44241e+15	9.14e-13	1.10e-08	1.29e-05	2.05e-03	9.92e-01	6.20e-03	0.00e+00	7.58e-14	2.28e-13	3.81e-13	3.56e-09	7.42e-09	3.16e-41
 2.51190e+15	1.08e-12	1.28e-08	1.45e-05	2.19e-03	9.92e-01	5.80e-03	0.00e+00	8.96e-14	2.69e-13	4.50e-13	4.16e-09	8.66e-09	5.50e-41
 2.58489e+15	1.29e-12	1.50e-08	1.64e-05	2.35e-03	9.92e-01	5.42e-03	0.00e+00	1.07e-13	3.21e-13	5.37e-13	4.87e-09	1.01e-08	9.77e-41
 2.67868e+15	1.60e-12	1.83e-08	1.90e-05	2.55e-03	9.92e-01	4.98e-03	0.00e+00	1.33e-13	3.99e-13	6.67e-13	5.93e-09	1.23e-08	2.00e-40
 2.77828e+15	1.97e-12	2.23e-08	2.21e-05	2.78e-03	9.93e-01	4.56e-03	0.00e+00	1.64e-13	4.93e-13	8.23e-13	7.25e-09	1.51e-08	4.11e-40
 2.86613e+15	2.36e-12	2.65e-08	2.52e-05	3.00e-03	9.93e-01	4.24e-03	0.00e+00	1.97e-13	5.90e-13	9.86e-13	8.60e-09	1.79e-08	7.65e-40
 2.95993e+15	2.82e-12	3.14e-08	2.88e-05	3.24e-03	9.93e-01	3.92e-03	0.00e+00	2.36e-13	7.08e-13	1.18e-12	1.02e-08	2.12e-08	1.43e-39
 3.07322e+15	3.48e-12	3.85e-08	3.36e-05	3.55e-03	9.93e-01	3.57e-03	0.00e+00	2.91e-13	8.74e-13	1.46e-12	1.25e-08	2.60e-08	3.00e-39
 3.17069e+15	4.08e-12	4.55e-08	3.82e-05	3.82e-03	9.93e-01	3.31e-03	0.00e+00	3.42e-13	1.03e-12	1.71e-12	1.48e-08	3.07e-08	5.51e-39
 3.23601e+15	4.55e-12	5.07e-08	4.16e-05	4.01e-03	9.93e-01	3.15e-03	0.00e+00	3.81e-13	1.14e-12	1.91e-12	1.65e-08	3.42e-08	8.18e-39
 3.30067e+15	5.06e-12	5.63e-08	4.51e-05	4.21e-03	9.93e-01	3.00e-03	0.00e+00	4.25e-13	1.28e-12	2.13e-12	1.83e-08	3.80e-08	1.21e-38
 3.38473e+15	5.79e-12	6.44e-08	5.00e-05	4.47e-03	9.93e-01	2.82e-03	0.00e+00	4.87e-13	1.46e-12	2.44e-12	2.10e-08	4.34e-08	1.98e-38
 3.47906e+15	6.68e-12	7.44e-08	5.60e-05	4.78e-03	9.93e-01	2.64e-03	0.00e+00	5.62e-13	1.69e-12	2.82e-12	2.43e-08	5.02e-08	3.40e-38
 3.56787e+15	7.59e-12	8.50e-08	6.22e-05	5.08e-03	9.92e-01	2.48e-03	0.00e+00	6.39e-13	1.92e-12	3.20e-12	2.77e-08	5.73e-08	5.57e-38
 3.66445e+15	8.74e-12	9.78e-08	6.94e-05	5.42e-03	9.92e-01	2.32e-03	0.00e+00	7.37e-13	2.21e-12	3.70e-12	3.19e-08	6.59e-08	9.46e-38
 3.77156e+15	1.01e-11	1.14e-07	7.81e-05	5.81e-03	9.92e-01	2.16e-03	0.00e+00	8.53e-13	2.56e-12	4.28e-12	3.72e-08	7.67e-08	1.67e-37
 3.87009e+15	1.15e-11	1.30e-07	8.68e-05	6.19e-03	9.92e-01	2.02e-03	0.00e+00	9.69e-13	2.91e-12	4.86e-12	4.25e-08	8.77e-08	2.76e-37
 3.97588e+15	1.32e-11	1.50e-07	9.69e-05	6.60e-03	9.91e-01	1.89e-03	0.00e+00	1.12e-12	3.35e-12	5.60e-12	4.90e-08	1.01e-07	4.69e-37
 4.09457e+15	1.53e-11	1.75e-07	1.09e-04	7.09e-03	9.91e-01	1.75e-03	0.00e+00	1.29e-12	3.88e-12	6.48e-12	5.72e-08	1.18e-07	8.36e-37
 4.20600e+15	1.74e-11	2.01e-07	1.22e-04	7.57e-03	9.91e-01	1.64e-03	0.00e+00	1.47e-12	4.42e-12	7.38e-12	6.58e-08	1.35e-07	1.41e-36
 4.32682e+15	2.01e-11	2.33e-07	1.37e-04	8.11e-03	9.90e-01	1.53e-03	0.00e+00	1.71e-12	5.12e-12	8.55e-12	7.63e-08	1.57e-07	2.48e-36
 4.46195e+15	2.33e-11	2.73e-07	1.55e-04	8.74e-03	9.90e-01	1.41e-03	0.00e+00	1.98e-12	5.95e-12	9.94e-12	8.96e-08	1.84e-07	4.60e-36
 4.58896e+15	2.66e-11	3.16e-07	1.74e-04	9.35e-03	9.89e-01	1.32e-03	0.00e+00	2.27e-12	6.81e-12	1.14e-11	1.04e-07	2.13e-07	8.12e-36
 4.72736e+15	3.10e-11	3.69e-07	1.96e-04	1.01e-02	9.89e-01	1.22e-03	0.00e+00	2.64e-12	7.94e-12	1.33e-11	1.21e-07	2.48e-07	1.50e-35
 4.88340e+15	3.62e-11	4.37e-07	2.24e-04	1.09e-02	9.88e-01	1.12e-03	0.00e+00	3.10e-12	9.30e-12	1.55e-11	1.43e-07	2.94e-07	2.88e-35
 5.03220e+15	4.17e-11	5.10e-07	2.53e-04	1.17e-02	9.87e-01	1.04e-03	0.00e+00	3.57e-12	1.07e-11	1.79e-11	1.67e-07	3.43e-07	5.26e-35
 5.19545e+15	4.91e-11	6.02e-07	2.88e-04	1.26e-02	9.86e-01	9.58e-04	0.00e+00	4.20e-12	1.26e-11	2.11e-11	1.98e-07	4.05e-07	1.01e-34
 5.37603e+15	5.77e-11	7.18e-07	3.31e-04	1.37e-02	9.85e-01	8.77e-04	0.00e+00	4.95e-12	1.49e-11	2.48e-11	2.36e-07	4.82e-07	1.99e-34
 5.54431e+15	6.66e-11	8.43e-07	3.76e-04	1.48e-02	9.84e-01	8.11e-04	0.00e+00	5.73e-12	1.72e-11	2.87e-11	2.77e-07	5.66e-07	3.67e-34
 5.68502e+15	7.58e-11	9.59e-07	4.15e-04	1.57e-02	9.83e-01	7.60e-04	0.00e+00	6.52e-12	1.96e-11	3.27e-11	3.15e-07	6.44e-07	6.04e-34
 5.80396e+15	8.25e-11	1.07e-06	4.52e-04	1.65e-02	9.82e-01	7.21e-04	0.00e+00	7.11e-12	2.13e-11	3.56e-11	3.52e-07	7.18e-07	9.15e-34
 5.93785e+15	9.40e-11	1.21e-06	4.96e-04	1.75e-02	9.81e-01	6.79e-04	0.00e+00	8.11e-12	2.43e-11	4.06e-11	3.98e-07	8.11e-07	1.46e-33
 6.11190e+15	1.08e-10	1.41e-06	5.59e-04	1.87e-02	9.80e-01	6.29e-04	0.00e+00	9.33e-12	2.80e-11	4.68e-11	4.65e-07	9.47e-07	2.65e-33
 6.29128e+15	1.24e-10	1.64e-06	6.29e-04	2.01e-02	9.79e-01	5.84e-04	0.00e+00	1.07e-11	3.21e-11	5.36e-11	5.41e-07	1.10e-06	4.67e-33
 6.43804e+15	1.40e-10	1.86e-06	6.90e-04	2.12e-02	9.78e-01	5.50e-04	0.00e+00	1.21e-11	3.64e-11	6.08e-11	6.11e-07	1.24e-06	7.32e-33
 6.58930e+15	1.57e-10	2.10e-06	7.60e-04	2.25e-02	9.76e-01	5.17e-04	0.00e+00	1.36e-11	4.09e-11	6.83e-11	6.93e-07	1.41e-06	1.16e-32
 6.78594e+15	1.85e-10	2.47e-06	8.59e-04	2.42e-02	9.74e-01	4.78e-04	0.00e+00	1.61e-11	4.82e-11	8.04e-11	8.14e-07	1.66e-06	2.11e-32
 6.98950e+15	2.15e-10	2.89e-06	9.69e-04	2.60e-02	9.73e-01	4.43e-04	0.00e+00	1.87e-11	5.62e-11	9.37e-11	9.52e-07	1.94e-06	3.73e-32
 7.15812e+15	2.44e-10	3.28e-06	1.07e-03	2.75e-02	9.71e-01	4.16e-04	0.00e+00	2.12e-11	6.37e-11	1.06e-10	1.08e-06	2.20e-06	5.89e-32
 7.33342e+15	2.80e-10	3.74e-06	1.18e-03	2.92e-02	9.69e-01	3.90e-04	0.00e+00	2.44e-11	7.32e-11	1.22e-10	1.23e-06	2.51e-06	9.57e-32
 7.56130e+15	3.33e-10	4.43e-06	1.34e-03	3.15e-02	9.67e-01	3.59e-04	0.00e+00	2.91e-11	8.72e-11	1.46e-10	1.46e-06	2.97e-06	1.76e-31
 7.79629e+15	3.93e-10	5.21e-06	1.52e-03	3.39e-02	9.64e-01	3.31e-04	0.00e+00	3.44e-11	1.03e-10	1.72e-10	1.72e-06	3.49e-06	3.13e-31
 7.99185e+15	4.47e-10	5.96e-06	1.69e-03	3.60e-02	9.62e-01	3.10e-04	0.00e+00	3.91e-11	1.17e-10	1.96e-10	1.97e-06	3.99e-06	4.97e-31
 8.19743e+15	5.19e-10	6.88e-06	1.88e-03	3.83e-02	9.60e-01	2.89e-04	0.00e+00	4.54e-11	1.36e-10	2.28e-10	2.27e-06	4.61e-06	8.21e-31
 8.46467e+15	6.26e-10	8.23e-06	2.15e-03	4.15e-02	9.56e-01	2.65e-04	0.00e+00	5.49e-11	1.65e-10	2.75e-10	2.72e-06	5.51e-06	1.54e-30
 8.73761e+15	7.50e-10	9.77e-06	2.46e-03	4.48e-02	9.52e-01	2.43e-04	0.00e+00	6.59e-11	1.98e-10	3.30e-10	3.23e-06	6.54e-06	2.73e-30
 8.96376e+15	8.71e-10	1.12e-05	2.74e-03	4.77e-02	9.49e-01	2.27e-04	0.00e+00	7.65e-11	2.30e-10	3.83e-10	3.72e-06	7.53e-06	4.34e-30
 9.20355e+15	1.03e-09	1.31e-05	3.07e-03	5.10e-02	9.46e-01	2.11e-04	0.00e+00	9.09e-11	2.73e-10	4.55e-10	4.33e-06	8.76e-06	7.22e-30
 9.51528e+15	1.26e-09	1.59e-05	3.56e-03	5.55e-02	9.41e-01	1.92e-04	0.00e+00	1.11e-10	3.33e-10	5.56e-10	5.25e-06	1.06e-05	1.37e-29
 9.79424e+15	1.49e-09	1.85e-05	4.01e-03	5.95e-02	9.36e-01	1.78e-04	0.00e+00	1.31e-10	3.94e-10	6.57e-10	6.11e-06	1.24e-05	2.18e-29
 9.97937e+15	1.66e-09	2.05e-05	4.35e-03	6.24e-02	9.33e-01	1.69e-04	0.00e+00	1.47e-10	4.40e-10	7.35e-10	6.78e-06	1.37e-05	3.03e-29
 1.01688e+16	1.88e-09	2.29e-05	4.74e-03	6.54e-02	9.30e-01	1.60e-04	0.00e+00	1.66e-10	4.98e-10	8.31e-10	7.58e-06	1.53e-05	4.34e-29
 1.04150e+16	2.21e-09	2.64e-05	5.29e-03	6.96e-02	9.25e-01	1.49e-04	0.00e+00	1.95e-10	5.86e-10	9.77e-10	8.75e-06	1.77e-05	6.84e-29
 1.06695e+16	2.54e-09	3.02e-05	5.88e-03	7.41e-02	9.20e-01	1.39e-04	0.00e+00	2.25e-10	6.76e-10	1.13e-09	1.00e-05	2.02e-05	1.03e-28
 1.08986e+16	2.92e-09	3.42e-05	6.48e-03	7.82e-02	9.15e-01	1.31e-04	0.00e+00	2.59e-10	7.77e-10	1.30e-09	1.13e-05	2.29e-05	1.51e-28
