#depth	He	He+	He+2
 1.49634e+10	1.23e-22	5.93e-12	1.00e+00
 4.54887e+10	1.40e-22	6.41e-12	1.00e+00
 7.72350e+10	1.57e-22	6.94e-12	1.00e+00
 1.10251e+11	1.78e-22	7.50e-12	1.00e+00
 1.40709e+11	1.98e-22	8.05e-12	1.00e+00
 1.66997e+11	2.17e-22	8.53e-12	1.00e+00
 1.96116e+11	2.39e-22	9.09e-12	1.00e+00
 2.31789e+11	2.70e-22	9.79e-12	1.00e+00
 2.68008e+11	3.04e-22	1.05e-11	1.00e+00
 3.00566e+11	3.37e-22	1.12e-11	1.00e+00
 3.36342e+11	3.75e-22	1.20e-11	1.00e+00
 3.78658e+11	4.27e-22	1.30e-11	1.00e+00
 4.20389e+11	4.83e-22	1.39e-11	1.00e+00
 4.58736e+11	5.39e-22	1.49e-11	1.00e+00
 5.01773e+11	6.06e-22	1.60e-11	1.00e+00
 5.51583e+11	6.94e-22	1.73e-11	1.00e+00
 6.00492e+11	7.91e-22	1.86e-11	1.00e+00
 6.47248e+11	8.90e-22	1.99e-11	1.00e+00
 6.98956e+11	1.01e-21	2.15e-11	1.00e+00
 7.54719e+11	1.16e-21	2.32e-11	1.00e+00
 8.07023e+11	1.31e-21	2.48e-11	1.00e+00
 8.63542e+11	1.49e-21	2.67e-11	1.00e+00
 9.26692e+11	1.71e-21	2.89e-11	1.00e+00
 9.87740e+11	1.96e-21	3.11e-11	1.00e+00
 1.05255e+12	2.23e-21	3.35e-11	1.00e+00
 1.11573e+12	2.55e-21	3.59e-11	1.00e+00
 1.16767e+12	2.82e-21	3.80e-11	1.00e+00
 1.22302e+12	3.13e-21	4.03e-11	1.00e+00
 1.29435e+12	3.58e-21	4.33e-11	1.00e+00
 1.36976e+12	4.12e-21	4.67e-11	1.00e+00
 1.43644e+12	4.63e-21	4.98e-11	1.00e+00
 1.50847e+12	5.22e-21	5.32e-11	1.00e+00
 1.59512e+12	6.05e-21	5.76e-11	1.00e+00
 1.68278e+12	6.99e-21	6.21e-11	1.00e+00
 1.76450e+12	7.94e-21	6.66e-11	1.00e+00
 1.85558e+12	9.09e-21	7.18e-11	1.00e+00
 1.95973e+12	1.06e-20	7.80e-11	1.00e+00
 2.05404e+12	1.22e-20	8.39e-11	1.00e+00
 2.13268e+12	1.36e-20	8.90e-11	1.00e+00
 2.21876e+12	1.52e-20	9.48e-11	1.00e+00
 2.32772e+12	1.76e-20	1.03e-10	1.00e+00
 2.44010e+12	2.04e-20	1.11e-10	1.00e+00
 2.53747e+12	2.30e-20	1.19e-10	1.00e+00
 2.64168e+12	2.60e-20	1.27e-10	1.00e+00
 2.76956e+12	3.03e-20	1.38e-10	1.00e+00
 2.89690e+12	3.52e-20	1.50e-10	1.00e+00
 3.00756e+12	3.98e-20	1.60e-10	1.00e+00
 3.12785e+12	4.51e-20	1.73e-10	1.00e+00
 3.27472e+12	5.26e-20	1.88e-10	1.00e+00
 3.41892e+12	6.12e-20	2.05e-10	1.00e+00
 3.54187e+12	6.90e-20	2.20e-10	1.00e+00
 3.67442e+12	7.80e-20	2.37e-10	1.00e+00
 3.83930e+12	9.09e-20	2.59e-10	1.00e+00
 4.00653e+12	1.06e-19	2.84e-10	1.00e+00
 4.15254e+12	1.20e-19	3.06e-10	1.00e+00
 4.31059e+12	1.37e-19	3.32e-10	1.00e+00
 4.50289e+12	1.61e-19	3.66e-10	1.00e+00
 4.69708e+12	1.89e-19	4.02e-10	1.00e+00
 4.87335e+12	2.17e-19	4.36e-10	1.00e+00
 5.02966e+12	2.44e-19	4.69e-10	1.00e+00
 5.19362e+12	2.73e-19	5.04e-10	1.00e+00
 5.40676e+12	3.16e-19	5.52e-10	1.00e+00
 5.62407e+12	3.67e-19	6.04e-10	1.00e+00
 5.80244e+12	4.10e-19	6.49e-10	1.00e+00
 5.96550e+12	4.52e-19	6.91e-10	1.00e+00
 6.15300e+12	5.04e-19	7.42e-10	1.00e+00
 6.39675e+12	5.78e-19	8.11e-10	1.00e+00
 6.64435e+12	6.63e-19	8.84e-10	1.00e+00
 6.84465e+12	7.35e-19	9.45e-10	1.00e+00
 7.05271e+12	8.13e-19	1.01e-09	1.00e+00
 7.32318e+12	9.26e-19	1.10e-09	1.00e+00
 7.60651e+12	1.06e-18	1.20e-09	1.00e+00
 7.84839e+12	1.18e-18	1.29e-09	1.00e+00
 8.10466e+12	1.31e-18	1.38e-09	1.00e+00
 8.42946e+12	1.50e-18	1.51e-09	1.00e+00
 8.76285e+12	1.72e-18	1.65e-09	1.00e+00
 9.05103e+12	1.92e-18	1.77e-09	1.00e+00
 9.36098e+12	2.15e-18	1.91e-09	1.00e+00
 9.74185e+12	2.46e-18	2.08e-09	1.00e+00
 1.01311e+13	2.82e-18	2.27e-09	1.00e+00
 1.04843e+13	3.16e-18	2.45e-09	1.00e+00
 1.08024e+13	3.50e-18	2.62e-09	1.00e+00
 1.11439e+13	3.88e-18	2.81e-09	1.00e+00
 1.15292e+13	4.37e-18	3.03e-09	1.00e+00
 1.18737e+13	4.82e-18	3.23e-09	1.00e+00
 1.21670e+13	5.24e-18	3.41e-09	1.00e+00
 1.24914e+13	5.72e-18	3.62e-09	1.00e+00
 1.29130e+13	6.40e-18	3.89e-09	1.00e+00
 1.33566e+13	7.19e-18	4.19e-09	1.00e+00
 1.37395e+13	7.92e-18	4.46e-09	1.00e+00
 1.41481e+13	8.72e-18	4.77e-09	1.00e+00
 1.46793e+13	9.87e-18	5.18e-09	1.00e+00
 1.52283e+13	1.12e-17	5.62e-09	1.00e+00
 1.56890e+13	1.24e-17	6.01e-09	1.00e+00
 1.61760e+13	1.37e-17	6.44e-09	1.00e+00
 1.67953e+13	1.55e-17	7.01e-09	1.00e+00
 1.74463e+13	1.77e-17	7.64e-09	1.00e+00
 1.80304e+13	1.97e-17	8.23e-09	1.00e+00
 1.86680e+13	2.21e-17	8.90e-09	1.00e+00
 1.94238e+13	2.52e-17	9.75e-09	1.00e+00
 2.01458e+13	2.85e-17	1.06e-08	1.00e+00
 2.07694e+13	3.15e-17	1.14e-08	1.00e+00
 2.14529e+13	3.51e-17	1.22e-08	1.00e+00
 2.21535e+13	3.91e-17	1.32e-08	1.00e+00
 2.27261e+13	4.26e-17	1.40e-08	1.00e+00
 2.33201e+13	4.64e-17	1.48e-08	1.00e+00
 2.40924e+13	5.17e-17	1.60e-08	1.00e+00
 2.48988e+13	5.79e-17	1.72e-08	1.00e+00
 2.55816e+13	6.35e-17	1.84e-08	1.00e+00
 2.63012e+13	6.98e-17	1.96e-08	1.00e+00
 2.72367e+13	7.89e-17	2.12e-08	1.00e+00
 2.82105e+13	8.92e-17	2.30e-08	1.00e+00
 2.90340e+13	9.89e-17	2.45e-08	1.00e+00
 2.99043e+13	1.10e-16	2.62e-08	1.00e+00
 3.10192e+13	1.26e-16	2.85e-08	1.00e+00
 3.21907e+13	1.44e-16	3.10e-08	1.00e+00
 3.32278e+13	1.62e-16	3.32e-08	1.00e+00
 3.43513e+13	1.83e-16	3.58e-08	1.00e+00
 3.57010e+13	2.12e-16	3.89e-08	1.00e+00
 3.70888e+13	2.45e-16	4.23e-08	1.00e+00
 3.82619e+13	2.76e-16	4.53e-08	1.00e+00
 3.92387e+13	3.04e-16	4.78e-08	1.00e+00
 4.03354e+13	3.39e-16	5.07e-08	1.00e+00
 4.17609e+13	3.87e-16	5.47e-08	1.00e+00
 4.32855e+13	4.45e-16	5.90e-08	1.00e+00
 4.45739e+13	4.99e-16	6.27e-08	1.00e+00
 4.58839e+13	5.59e-16	6.67e-08	1.00e+00
 4.75718e+13	6.44e-16	7.19e-08	1.00e+00
 4.93221e+13	7.42e-16	7.75e-08	1.00e+00
 5.08169e+13	8.34e-16	8.24e-08	1.00e+00
 5.24084e+13	9.42e-16	8.78e-08	1.00e+00
 5.43891e+13	1.09e-15	9.48e-08	1.00e+00
 5.64406e+13	1.26e-15	1.02e-07	1.00e+00
 5.82906e+13	1.43e-15	1.09e-07	1.00e+00
 6.03136e+13	1.64e-15	1.17e-07	1.00e+00
 6.27011e+13	1.91e-15	1.27e-07	1.00e+00
 6.50509e+13	2.20e-15	1.36e-07	1.00e+00
 6.71341e+13	2.49e-15	1.45e-07	1.00e+00
 6.93827e+13	2.84e-15	1.56e-07	1.00e+00
 7.19004e+13	3.27e-15	1.67e-07	1.00e+00
 7.42790e+13	3.71e-15	1.79e-07	1.00e+00
 7.68820e+13	4.25e-15	1.92e-07	1.00e+00
 7.96139e+13	4.87e-15	2.06e-07	1.00e+00
 8.18197e+13	5.43e-15	2.18e-07	1.00e+00
 8.37080e+13	5.94e-15	2.28e-07	1.00e+00
 8.58778e+13	6.56e-15	2.40e-07	1.00e+00
 8.86985e+13	7.45e-15	2.57e-07	1.00e+00
 9.16602e+13	8.48e-15	2.74e-07	1.00e+00
 9.41958e+13	9.44e-15	2.90e-07	1.00e+00
 9.68827e+13	1.05e-14	3.07e-07	1.00e+00
 1.00376e+14	1.21e-14	3.30e-07	1.00e+00
 1.03980e+14	1.39e-14	3.55e-07	1.00e+00
 1.06986e+14	1.56e-14	3.77e-07	1.00e+00
 1.10151e+14	1.75e-14	4.00e-07	1.00e+00
 1.14194e+14	2.02e-14	4.31e-07	1.00e+00
 1.18424e+14	2.33e-14	4.65e-07	1.00e+00
 1.22143e+14	2.63e-14	4.95e-07	1.00e+00
 1.26151e+14	2.98e-14	5.29e-07	1.00e+00
 1.30999e+14	3.46e-14	5.72e-07	1.00e+00
 1.35819e+14	3.99e-14	6.16e-07	1.00e+00
 1.40105e+14	4.50e-14	6.57e-07	1.00e+00
 1.44821e+14	5.12e-14	7.04e-07	1.00e+00
 1.50451e+14	5.95e-14	7.62e-07	1.00e+00
 1.56056e+14	6.86e-14	8.21e-07	1.00e+00
 1.61188e+14	7.78e-14	8.78e-07	1.00e+00
 1.66922e+14	8.91e-14	9.43e-07	1.00e+00
 1.73580e+14	1.04e-13	1.02e-06	1.00e+00
 1.79540e+14	1.18e-13	1.10e-06	1.00e+00
 1.83998e+14	1.30e-13	1.15e-06	1.00e+00
 1.88406e+14	1.42e-13	1.21e-06	1.00e+00
 1.94136e+14	1.59e-13	1.29e-06	1.00e+00
 2.00262e+14	1.80e-13	1.37e-06	1.00e+00
 2.05659e+14	1.99e-13	1.45e-06	1.00e+00
 2.11430e+14	2.21e-13	1.53e-06	1.00e+00
 2.18933e+14	2.52e-13	1.64e-06	1.00e+00
 2.26581e+14	2.87e-13	1.76e-06	1.00e+00
 2.32827e+14	3.17e-13	1.86e-06	1.00e+00
 2.39358e+14	3.52e-13	1.97e-06	1.00e+00
 2.47849e+14	4.01e-13	2.11e-06	1.00e+00
 2.56839e+14	4.58e-13	2.27e-06	1.00e+00
 2.64694e+14	5.12e-13	2.41e-06	1.00e+00
 2.73119e+14	5.75e-13	2.57e-06	1.00e+00
 2.83453e+14	6.59e-13	2.76e-06	1.00e+00
 2.93946e+14	7.52e-13	2.97e-06	1.00e+00
 3.03355e+14	8.44e-13	3.17e-06	1.00e+00
 3.13678e+14	9.53e-13	3.39e-06	1.00e+00
 3.25918e+14	1.09e-12	3.66e-06	1.00e+00
 3.38044e+14	1.25e-12	3.94e-06	1.00e+00
 3.49226e+14	1.40e-12	4.20e-06	1.00e+00
 3.61788e+14	1.59e-12	4.51e-06	1.00e+00
 3.74630e+14	1.80e-12	4.84e-06	1.00e+00
 3.84533e+14	1.98e-12	5.10e-06	1.00e+00
 3.94100e+14	2.16e-12	5.36e-06	1.00e+00
 4.06537e+14	2.41e-12	5.71e-06	1.00e+00
 4.19600e+14	2.70e-12	6.09e-06	1.00e+00
 4.30762e+14	2.96e-12	6.42e-06	1.00e+00
 4.42560e+14	3.26e-12	6.78e-06	1.00e+00
 4.57897e+14	3.68e-12	7.27e-06	1.00e+00
 4.73702e+14	4.14e-12	7.78e-06	1.00e+00
 4.86842e+14	4.57e-12	8.23e-06	1.00e+00
 5.00650e+14	5.04e-12	8.72e-06	1.00e+00
 5.18602e+14	5.72e-12	9.37e-06	1.00e+00
 5.37502e+14	6.49e-12	1.01e-05	1.00e+00
 5.53842e+14	7.22e-12	1.07e-05	1.00e+00
 5.71287e+14	8.07e-12	1.14e-05	1.00e+00
 5.92786e+14	9.22e-12	1.24e-05	1.00e+00
 6.14451e+14	1.05e-11	1.33e-05	1.00e+00
 6.33407e+14	1.17e-11	1.42e-05	1.00e+00
 6.53944e+14	1.31e-11	1.52e-05	1.00e+00
 6.78878e+14	1.51e-11	1.64e-05	1.00e+00
 7.03679e+14	1.72e-11	1.77e-05	1.00e+00
 7.25569e+14	1.92e-11	1.89e-05	1.00e+00
 7.49522e+14	2.17e-11	2.02e-05	1.00e+00
 7.78337e+14	2.50e-11	2.19e-05	1.00e+00
 8.06997e+14	2.86e-11	2.37e-05	1.00e+00
 8.31439e+14	3.20e-11	2.52e-05	1.00e+00
 8.53469e+14	3.53e-11	2.67e-05	1.00e+00
 8.75262e+14	3.88e-11	2.81e-05	1.00e+00
 9.00147e+14	4.32e-11	2.99e-05	1.00e+00
 9.27295e+14	4.84e-11	3.19e-05	1.00e+00
 9.51819e+14	5.35e-11	3.37e-05	1.00e+00
 9.78137e+14	5.95e-11	3.57e-05	1.00e+00
 1.00785e+15	6.68e-11	3.81e-05	1.00e+00
 1.03608e+15	7.43e-11	4.04e-05	1.00e+00
 1.06691e+15	8.34e-11	4.31e-05	1.00e+00
 1.10114e+15	9.44e-11	4.61e-05	1.00e+00
 1.13302e+15	1.05e-10	4.90e-05	1.00e+00
 1.16768e+15	1.19e-10	5.23e-05	1.00e+00
 1.20669e+15	1.35e-10	5.62e-05	1.00e+00
 1.24395e+15	1.53e-10	6.00e-05	1.00e+00
 1.28498e+15	1.74e-10	6.44e-05	1.00e+00
 1.33097e+15	2.01e-10	6.95e-05	1.00e+00
 1.37475e+15	2.29e-10	7.45e-05	1.00e+00
 1.42297e+15	2.63e-10	8.03e-05	1.00e+00
 1.47692e+15	3.06e-10	8.71e-05	1.00e+00
 1.52730e+15	3.51e-10	9.37e-05	1.00e+00
 1.58180e+15	4.06e-10	1.01e-04	1.00e+00
 1.64326e+15	4.76e-10	1.10e-04	1.00e+00
 1.69300e+15	5.39e-10	1.17e-04	1.00e+00
 1.72762e+15	5.86e-10	1.23e-04	1.00e+00
 1.76335e+15	6.38e-10	1.28e-04	1.00e+00
 1.80981e+15	7.12e-10	1.36e-04	1.00e+00
 1.87020e+15	8.18e-10	1.46e-04	1.00e+00
 1.93064e+15	9.37e-10	1.57e-04	1.00e+00
 1.97809e+15	1.04e-09	1.65e-04	1.00e+00
 2.02669e+15	1.15e-09	1.75e-04	1.00e+00
 2.08987e+15	1.32e-09	1.87e-04	1.00e+00
 2.15711e+15	1.51e-09	2.01e-04	1.00e+00
 2.21570e+15	1.70e-09	2.13e-04	1.00e+00
 2.27797e+15	1.92e-09	2.27e-04	1.00e+00
 2.35892e+15	2.23e-09	2.45e-04	1.00e+00
 2.44241e+15	2.60e-09	2.66e-04	1.00e+00
 2.51190e+15	2.95e-09	2.83e-04	1.00e+00
 2.58489e+15	3.35e-09	3.02e-04	1.00e+00
 2.67868e+15	3.93e-09	3.27e-04	1.00e+00
 2.77828e+15	4.63e-09	3.56e-04	1.00e+00
 2.86613e+15	5.31e-09	3.82e-04	1.00e+00
 2.95993e+15	6.16e-09	4.11e-04	1.00e+00
 3.07322e+15	7.30e-09	4.48e-04	1.00e+00
 3.17069e+15	8.41e-09	4.81e-04	1.00e+00
 3.23601e+15	9.21e-09	5.04e-04	9.99e-01
 3.30067e+15	1.01e-08	5.28e-04	9.99e-01
 3.38473e+15	1.13e-08	5.59e-04	9.99e-01
 3.47906e+15	1.28e-08	5.95e-04	9.99e-01
 3.56787e+15	1.44e-08	6.31e-04	9.99e-01
 3.66445e+15	1.62e-08	6.71e-04	9.99e-01
 3.77156e+15	1.85e-08	7.16e-04	9.99e-01
 3.87009e+15	2.07e-08	7.60e-04	9.99e-01
 3.97588e+15	2.34e-08	8.08e-04	9.99e-01
 4.09457e+15	2.67e-08	8.64e-04	9.99e-01
 4.20600e+15	3.02e-08	9.18e-04	9.99e-01
 4.32682e+15	3.42e-08	9.79e-04	9.99e-01
 4.46195e+15	3.93e-08	1.05e-03	9.99e-01
 4.58896e+15	4.44e-08	1.12e-03	9.99e-01
 4.72736e+15	5.07e-08	1.20e-03	9.99e-01
 4.88340e+15	5.85e-08	1.29e-03	9.99e-01
 5.03220e+15	6.66e-08	1.37e-03	9.99e-01
 5.19545e+15	7.66e-08	1.48e-03	9.99e-01
 5.37603e+15	8.88e-08	1.59e-03	9.98e-01
 5.54431e+15	1.01e-07	1.70e-03	9.98e-01
 5.68502e+15	1.13e-07	1.80e-03	9.98e-01
 5.80396e+15	1.23e-07	1.89e-03	9.98e-01
 5.93785e+15	1.36e-07	1.98e-03	9.98e-01
 6.11190e+15	1.55e-07	2.11e-03	9.98e-01
 6.29128e+15	1.75e-07	2.25e-03	9.98e-01
 6.43804e+15	1.93e-07	2.37e-03	9.98e-01
 6.58930e+15	2.13e-07	2.49e-03	9.98e-01
 6.78594e+15	2.42e-07	2.66e-03	9.97e-01
 6.98950e+15	2.74e-07	2.83e-03	9.97e-01
 7.15812e+15	3.02e-07	2.98e-03	9.97e-01
 7.33342e+15	3.35e-07	3.14e-03	9.97e-01
 7.56130e+15	3.82e-07	3.36e-03	9.97e-01
 7.79629e+15	4.33e-07	3.59e-03	9.96e-01
 7.99185e+15	4.78e-07	3.79e-03	9.96e-01
 8.19743e+15	5.32e-07	4.01e-03	9.96e-01
 8.46467e+15	6.10e-07	4.30e-03	9.96e-01
 8.73761e+15	6.92e-07	4.60e-03	9.95e-01
 8.96376e+15	7.66e-07	4.86e-03	9.95e-01
 9.20355e+15	8.55e-07	5.16e-03	9.95e-01
 9.51528e+15	9.83e-07	5.56e-03	9.94e-01
 9.79424e+15	1.09e-06	5.91e-03	9.94e-01
 9.97937e+15	1.18e-06	6.16e-03	9.94e-01
 1.01688e+16	1.27e-06	6.43e-03	9.94e-01
 1.04150e+16	1.41e-06	6.80e-03	9.93e-01
 1.06695e+16	1.55e-06	7.19e-03	9.93e-01
 1.08986e+16	1.69e-06	7.55e-03	9.92e-01
 1.11603e+16	1.87e-06	8.00e-03	9.92e-01
 1.14350e+16	2.06e-06	8.47e-03	9.92e-01
 1.16859e+16	2.24e-06	8.93e-03	9.91e-01
 1.19711e+16	2.51e-06	9.52e-03	9.90e-01
 1.22681e+16	2.76e-06	1.01e-02	9.90e-01
 1.25321e+16	3.02e-06	1.07e-02	9.89e-01
 1.28272e+16	3.37e-06	1.14e-02	9.89e-01
 1.31418e+16	3.74e-06	1.22e-02	9.88e-01
 1.34209e+16	4.11e-06	1.30e-02	9.87e-01
 1.37230e+16	4.60e-06	1.39e-02	9.86e-01
 1.40475e+16	5.15e-06	1.50e-02	9.85e-01
 1.43335e+16	5.68e-06	1.61e-02	9.84e-01
 1.45954e+16	6.25e-06	1.71e-02	9.83e-01
 1.48936e+16	7.02e-06	1.85e-02	9.81e-01
 1.51990e+16	7.89e-06	2.00e-02	9.80e-01
 1.54434e+16	8.64e-06	2.14e-02	9.79e-01
 1.56907e+16	9.62e-06	2.30e-02	9.77e-01
 1.59632e+16	1.07e-05	2.49e-02	9.75e-01
 1.62127e+16	1.20e-05	2.69e-02	9.73e-01
 1.64282e+16	1.32e-05	2.89e-02	9.71e-01
 1.66551e+16	1.47e-05	3.12e-02	9.69e-01
 1.69031e+16	1.68e-05	3.41e-02	9.66e-01
 1.71162e+16	1.87e-05	3.70e-02	9.63e-01
 1.72998e+16	2.06e-05	3.97e-02	9.60e-01
 1.75073e+16	2.30e-05	4.34e-02	9.57e-01
 1.77339e+16	2.63e-05	4.80e-02	9.52e-01
 1.79313e+16	3.02e-05	5.26e-02	9.47e-01
 1.80911e+16	3.36e-05	5.70e-02	9.43e-01
 1.82562e+16	3.75e-05	6.21e-02	9.38e-01
 1.84709e+16	4.52e-05	7.01e-02	9.30e-01
 1.86646e+16	5.19e-05	7.85e-02	9.21e-01
 1.87970e+16	5.83e-05	8.53e-02	9.15e-01
 1.89166e+16	6.49e-05	9.23e-02	9.08e-01
 1.90535e+16	7.30e-05	1.01e-01	8.99e-01
 1.92081e+16	8.46e-05	1.13e-01	8.87e-01
 1.93471e+16	9.77e-05	1.26e-01	8.74e-01
 1.94598e+16	1.12e-04	1.38e-01	8.62e-01
 1.95379e+16	1.22e-04	1.47e-01	8.53e-01
 1.95923e+16	1.30e-04	1.53e-01	8.46e-01
 1.96541e+16	1.40e-04	1.62e-01	8.38e-01
 1.97345e+16	1.55e-04	1.74e-01	8.26e-01
 1.98189e+16	1.70e-04	1.87e-01	8.13e-01
 1.98957e+16	1.89e-04	2.01e-01	7.99e-01
 1.99608e+16	2.05e-04	2.13e-01	7.87e-01
 2.00235e+16	2.25e-04	2.26e-01	7.73e-01
 2.00885e+16	2.45e-04	2.41e-01	7.59e-01
 2.01466e+16	2.65e-04	2.55e-01	7.45e-01
 2.02120e+16	2.89e-04	2.72e-01	7.28e-01
 2.02969e+16	3.29e-04	2.95e-01	7.05e-01
 2.03730e+16	3.63e-04	3.17e-01	6.82e-01
 2.04266e+16	3.96e-04	3.34e-01	6.65e-01
 2.04737e+16	4.23e-04	3.49e-01	6.50e-01
 2.05228e+16	4.52e-04	3.66e-01	6.33e-01
 2.05867e+16	4.99e-04	3.90e-01	6.10e-01
 2.06519e+16	5.47e-04	4.14e-01	5.86e-01
 2.07081e+16	5.91e-04	4.35e-01	5.64e-01
 2.07704e+16	6.50e-04	4.60e-01	5.39e-01
 2.08348e+16	7.09e-04	4.86e-01	5.13e-01
 2.09020e+16	7.79e-04	5.14e-01	4.85e-01
 2.09756e+16	8.59e-04	5.44e-01	4.55e-01
 2.10319e+16	9.23e-04	5.66e-01	4.33e-01
 2.10692e+16	9.66e-04	5.81e-01	4.18e-01
 2.11078e+16	1.02e-03	5.97e-01	4.02e-01
 2.11579e+16	1.08e-03	6.17e-01	3.81e-01
 2.12126e+16	1.16e-03	6.39e-01	3.60e-01
 2.12626e+16	1.23e-03	6.57e-01	3.41e-01
 2.13167e+16	1.31e-03	6.78e-01	3.21e-01
 2.13756e+16	1.40e-03	6.99e-01	3.00e-01
 2.14293e+16	1.48e-03	7.16e-01	2.82e-01
 2.14785e+16	1.56e-03	7.33e-01	2.66e-01
 2.15338e+16	1.66e-03	7.50e-01	2.48e-01
 2.15921e+16	1.76e-03	7.67e-01	2.32e-01
 2.16435e+16	1.86e-03	7.81e-01	2.18e-01
 2.16993e+16	1.96e-03	7.96e-01	2.02e-01
 2.17610e+16	2.09e-03	8.10e-01	1.88e-01
 2.18165e+16	2.20e-03	8.23e-01	1.75e-01
 2.18749e+16	2.33e-03	8.35e-01	1.63e-01
 2.19361e+16	2.48e-03	8.47e-01	1.51e-01
 2.19881e+16	2.60e-03	8.56e-01	1.41e-01
 2.20357e+16	2.73e-03	8.64e-01	1.33e-01
 2.20902e+16	2.87e-03	8.73e-01	1.24e-01
 2.21493e+16	3.05e-03	8.81e-01	1.16e-01
 2.22015e+16	3.22e-03	8.88e-01	1.09e-01
 2.22488e+16	3.37e-03	8.94e-01	1.03e-01
 2.23030e+16	3.57e-03	9.01e-01	9.58e-02
 2.23619e+16	3.80e-03	9.07e-01	8.93e-02
 2.24135e+16	4.02e-03	9.12e-01	8.42e-02
 2.24575e+16	4.23e-03	9.16e-01	7.99e-02
 2.25046e+16	4.46e-03	9.20e-01	7.55e-02
 2.25576e+16	4.75e-03	9.24e-01	7.10e-02
 2.26068e+16	5.04e-03	9.28e-01	6.72e-02
 2.26504e+16	5.34e-03	9.31e-01	6.39e-02
 2.26982e+16	5.67e-03	9.34e-01	6.05e-02
 2.27510e+16	6.10e-03	9.37e-01	5.70e-02
 2.27984e+16	6.54e-03	9.39e-01	5.41e-02
 2.28407e+16	6.97e-03	9.41e-01	5.17e-02
 2.28881e+16	7.50e-03	9.44e-01	4.89e-02
 2.29498e+16	8.27e-03	9.46e-01	4.57e-02
 2.30115e+16	9.27e-03	9.48e-01	4.28e-02
 2.30565e+16	1.02e-02	9.49e-01	4.08e-02
 2.30909e+16	1.09e-02	9.50e-01	3.94e-02
 2.31282e+16	1.18e-02	9.50e-01	3.78e-02
 2.31768e+16	1.32e-02	9.51e-01	3.59e-02
 2.32242e+16	1.49e-02	9.51e-01	3.42e-02
 2.32573e+16	1.64e-02	9.51e-01	3.31e-02
 2.32815e+16	1.76e-02	9.50e-01	3.23e-02
 2.33072e+16	1.90e-02	9.50e-01	3.15e-02
 2.33407e+16	2.11e-02	9.49e-01	3.04e-02
 2.33757e+16	2.38e-02	9.47e-01	2.94e-02
 2.34032e+16	2.66e-02	9.45e-01	2.86e-02
 2.34239e+16	2.90e-02	9.43e-01	2.81e-02
 2.34453e+16	3.17e-02	9.41e-01	2.76e-02
 2.34732e+16	3.57e-02	9.37e-01	2.69e-02
 2.35019e+16	4.11e-02	9.33e-01	2.63e-02
 2.35239e+16	4.65e-02	9.28e-01	2.59e-02
 2.35403e+16	5.09e-02	9.23e-01	2.57e-02
 2.35573e+16	5.61e-02	9.18e-01	2.54e-02
 2.35795e+16	6.38e-02	9.11e-01	2.51e-02
 2.36016e+16	7.37e-02	9.01e-01	2.50e-02
 2.36177e+16	8.27e-02	8.92e-01	2.50e-02
 2.36300e+16	9.01e-02	8.85e-01	2.51e-02
 2.36426e+16	9.87e-02	8.76e-01	2.51e-02
 2.36578e+16	1.10e-01	8.65e-01	2.52e-02
 2.36732e+16	1.24e-01	8.51e-01	2.53e-02
 2.36861e+16	1.38e-01	8.37e-01	2.55e-02
 2.36964e+16	1.49e-01	8.25e-01	2.57e-02
 2.37057e+16	1.61e-01	8.13e-01	2.59e-02
 2.37148e+16	1.74e-01	8.00e-01	2.61e-02
 2.37224e+16	1.85e-01	7.89e-01	2.62e-02
 2.37275e+16	1.93e-01	7.81e-01	2.63e-02
 2.37320e+16	2.00e-01	7.73e-01	2.64e-02
 2.37373e+16	2.09e-01	7.64e-01	2.65e-02
 2.37433e+16	2.20e-01	7.53e-01	2.66e-02
 2.37493e+16	2.31e-01	7.42e-01	2.67e-02
 2.37548e+16	2.42e-01	7.31e-01	2.68e-02
 2.37601e+16	2.53e-01	7.20e-01	2.69e-02
 2.37657e+16	2.64e-01	7.09e-01	2.70e-02
 2.37713e+16	2.77e-01	6.96e-01	2.70e-02
 2.37770e+16	2.90e-01	6.83e-01	2.71e-02
 2.37826e+16	3.04e-01	6.69e-01	2.71e-02
 2.37883e+16	3.18e-01	6.55e-01	2.71e-02
 2.37942e+16	3.33e-01	6.40e-01	2.70e-02
 2.38001e+16	3.48e-01	6.25e-01	2.70e-02
 2.38060e+16	3.64e-01	6.09e-01	2.69e-02
 2.38121e+16	3.81e-01	5.92e-01	2.68e-02
 2.38184e+16	3.99e-01	5.74e-01	2.66e-02
 2.38248e+16	4.17e-01	5.56e-01	2.64e-02
 2.38314e+16	4.37e-01	5.37e-01	2.61e-02
 2.38384e+16	4.57e-01	5.17e-01	2.58e-02
 2.38455e+16	4.78e-01	4.97e-01	2.54e-02
 2.38529e+16	4.99e-01	4.76e-01	2.49e-02
 2.38607e+16	5.21e-01	4.55e-01	2.44e-02
 2.38688e+16	5.43e-01	4.34e-01	2.38e-02
 2.38774e+16	5.65e-01	4.12e-01	2.31e-02
 2.38865e+16	5.86e-01	3.92e-01	2.24e-02
 2.38963e+16	6.08e-01	3.71e-01	2.16e-02
 2.39073e+16	6.29e-01	3.50e-01	2.08e-02
 2.39197e+16	6.49e-01	3.31e-01	1.99e-02
 2.39330e+16	6.67e-01	3.14e-01	1.91e-02
 2.39466e+16	6.82e-01	3.00e-01	1.83e-02
 2.39600e+16	6.93e-01	2.89e-01	1.77e-02
 2.39732e+16	7.03e-01	2.80e-01	1.71e-02
 2.39863e+16	7.09e-01	2.74e-01	1.67e-02
 2.40012e+16	7.16e-01	2.67e-01	1.62e-02
 2.40207e+16	7.23e-01	2.61e-01	1.57e-02
 2.40461e+16	7.29e-01	2.55e-01	1.51e-02
 2.40790e+16	7.36e-01	2.49e-01	1.44e-02
 2.41218e+16	7.44e-01	2.43e-01	1.37e-02
 2.41774e+16	7.52e-01	2.35e-01	1.27e-02
 2.42498e+16	7.62e-01	2.26e-01	1.17e-02
 2.43342e+16	7.73e-01	2.16e-01	1.06e-02
 2.44191e+16	7.83e-01	2.07e-01	9.61e-03
 2.45009e+16	7.93e-01	1.99e-01	8.75e-03
 2.45832e+16	8.01e-01	1.91e-01	7.98e-03
 2.46679e+16	8.10e-01	1.83e-01	7.27e-03
 2.47537e+16	8.18e-01	1.75e-01	6.62e-03
 2.48400e+16	8.26e-01	1.68e-01	6.05e-03
 2.49248e+16	8.33e-01	1.61e-01	5.53e-03
 2.50097e+16	8.40e-01	1.55e-01	5.07e-03
 2.50969e+16	8.47e-01	1.48e-01	4.63e-03
 2.51857e+16	8.53e-01	1.42e-01	4.23e-03
 2.52752e+16	8.60e-01	1.37e-01	3.87e-03
 2.53643e+16	8.65e-01	1.31e-01	3.54e-03
 2.54535e+16	8.71e-01	1.26e-01	3.24e-03
 2.55436e+16	8.76e-01	1.21e-01	2.97e-03
 2.56343e+16	8.81e-01	1.16e-01	2.73e-03
 2.57087e+16	8.85e-01	1.13e-01	2.56e-03
 2.57612e+16	8.87e-01	1.10e-01	2.43e-03
 2.58089e+16	8.90e-01	1.08e-01	2.33e-03
 2.58594e+16	8.92e-01	1.05e-01	2.22e-03
 2.59119e+16	8.95e-01	1.03e-01	2.11e-03
 2.59619e+16	8.97e-01	1.01e-01	2.02e-03
 2.60104e+16	8.99e-01	9.89e-02	1.94e-03
 2.60593e+16	9.01e-01	9.68e-02	1.85e-03
 2.61068e+16	9.03e-01	9.49e-02	1.77e-03
 2.61525e+16	9.05e-01	9.31e-02	1.70e-03
 2.61971e+16	9.07e-01	9.14e-02	1.64e-03
 2.62412e+16	9.09e-01	8.97e-02	1.57e-03
 2.62846e+16	9.10e-01	8.81e-02	1.51e-03
 2.63275e+16	9.12e-01	8.65e-02	1.46e-03
 2.63698e+16	9.14e-01	8.50e-02	1.40e-03
 2.64114e+16	9.15e-01	8.35e-02	1.35e-03
 2.64522e+16	9.17e-01	8.21e-02	1.31e-03
 2.64924e+16	9.18e-01	8.08e-02	1.26e-03
 2.65320e+16	9.19e-01	7.95e-02	1.22e-03
 2.65710e+16	9.21e-01	7.82e-02	1.18e-03
 2.66096e+16	9.22e-01	7.70e-02	1.14e-03
 2.66477e+16	9.23e-01	7.58e-02	1.10e-03
 2.66854e+16	9.24e-01	7.47e-02	1.07e-03
 2.67228e+16	9.25e-01	7.36e-02	1.03e-03
 2.67598e+16	9.27e-01	7.25e-02	1.00e-03
 2.67966e+16	9.28e-01	7.14e-02	9.70e-04
 2.68332e+16	9.29e-01	7.04e-02	9.41e-04
 2.68697e+16	9.30e-01	6.94e-02	9.12e-04
 2.69061e+16	9.31e-01	6.83e-02	8.84e-04
 2.69426e+16	9.32e-01	6.74e-02	8.57e-04
 2.69791e+16	9.33e-01	6.64e-02	8.31e-04
 2.70158e+16	9.34e-01	6.54e-02	8.06e-04
 2.70530e+16	9.35e-01	6.45e-02	7.81e-04
 2.70913e+16	9.36e-01	6.35e-02	7.56e-04
 2.71308e+16	9.37e-01	6.25e-02	7.31e-04
 2.71714e+16	9.38e-01	6.15e-02	7.07e-04
 2.72133e+16	9.39e-01	6.05e-02	6.82e-04
 2.72569e+16	9.40e-01	5.95e-02	6.58e-04
 2.73030e+16	9.41e-01	5.84e-02	6.33e-04
 2.73523e+16	9.42e-01	5.72e-02	6.07e-04
 2.74050e+16	9.43e-01	5.61e-02	5.81e-04
 2.74641e+16	9.45e-01	5.47e-02	5.52e-04
 2.75337e+16	9.46e-01	5.32e-02	5.20e-04
 2.76080e+16	9.48e-01	5.17e-02	4.89e-04
 2.76781e+16	9.49e-01	5.03e-02	4.62e-04
 2.77419e+16	9.50e-01	4.91e-02	4.39e-04
 2.77999e+16	9.52e-01	4.80e-02	4.18e-04
 2.78528e+16	9.53e-01	4.71e-02	4.01e-04
 2.79008e+16	9.53e-01	4.62e-02	3.85e-04
 2.79446e+16	9.54e-01	4.54e-02	3.72e-04
 2.79844e+16	9.55e-01	4.47e-02	3.60e-04
 2.80280e+16	9.56e-01	4.39e-02	3.47e-04
 2.80751e+16	9.57e-01	4.31e-02	3.33e-04
 2.81179e+16	9.57e-01	4.24e-02	3.22e-04
 2.81569e+16	9.58e-01	4.18e-02	3.12e-04
 2.81997e+16	9.59e-01	4.10e-02	3.00e-04
 2.82458e+16	9.59e-01	4.02e-02	2.88e-04
 2.82878e+16	9.60e-01	3.96e-02	2.79e-04
 2.83260e+16	9.61e-01	3.90e-02	2.70e-04
 2.83607e+16	9.61e-01	3.84e-02	2.62e-04
 2.83988e+16	9.62e-01	3.78e-02	2.53e-04
 2.84400e+16	9.63e-01	3.72e-02	2.44e-04
 2.84774e+16	9.63e-01	3.66e-02	2.36e-04
 2.85114e+16	9.64e-01	3.61e-02	2.29e-04
 2.85424e+16	9.64e-01	3.56e-02	2.23e-04
 2.85764e+16	9.65e-01	3.51e-02	2.16e-04
 2.86130e+16	9.65e-01	3.45e-02	2.09e-04
 2.86464e+16	9.66e-01	3.41e-02	2.03e-04
 2.86768e+16	9.66e-01	3.36e-02	1.98e-04
 2.87100e+16	9.67e-01	3.31e-02	1.92e-04
 2.87460e+16	9.67e-01	3.26e-02	1.86e-04
 2.87786e+16	9.68e-01	3.21e-02	1.81e-04
 2.88084e+16	9.68e-01	3.17e-02	1.76e-04
 2.88410e+16	9.69e-01	3.13e-02	1.70e-04
 2.88761e+16	9.69e-01	3.08e-02	1.65e-04
 2.89082e+16	9.69e-01	3.03e-02	1.60e-04
 2.89373e+16	9.70e-01	3.00e-02	1.56e-04
 2.89692e+16	9.70e-01	2.95e-02	1.51e-04
 2.90037e+16	9.71e-01	2.91e-02	1.47e-04
 2.90351e+16	9.71e-01	2.87e-02	1.43e-04
 2.90636e+16	9.72e-01	2.83e-02	1.39e-04
 2.90949e+16	9.72e-01	2.79e-02	1.35e-04
 2.91286e+16	9.72e-01	2.75e-02	1.31e-04
 2.91594e+16	9.73e-01	2.71e-02	1.28e-04
 2.91873e+16	9.73e-01	2.68e-02	1.24e-04
 2.92180e+16	9.73e-01	2.64e-02	1.21e-04
 2.92511e+16	9.74e-01	2.60e-02	1.17e-04
 2.92812e+16	9.74e-01	2.57e-02	1.14e-04
 2.93141e+16	9.75e-01	2.53e-02	1.11e-04
 2.93498e+16	9.75e-01	2.49e-02	1.07e-04
 2.93822e+16	9.75e-01	2.46e-02	1.04e-04
 2.94116e+16	9.76e-01	2.43e-02	1.02e-04
 2.94440e+16	9.76e-01	2.39e-02	9.86e-05
 2.94788e+16	9.76e-01	2.35e-02	9.58e-05
 2.95106e+16	9.77e-01	2.32e-02	9.33e-05
 2.95454e+16	9.77e-01	2.29e-02	9.04e-05
 2.95829e+16	9.77e-01	2.25e-02	8.76e-05
 2.96171e+16	9.78e-01	2.22e-02	8.52e-05
 2.96546e+16	9.78e-01	2.18e-02	8.24e-05
 2.96950e+16	9.78e-01	2.15e-02	7.97e-05
 2.97318e+16	9.79e-01	2.12e-02	7.73e-05
 2.97653e+16	9.79e-01	2.09e-02	7.53e-05
 2.98019e+16	9.79e-01	2.05e-02	7.29e-05
 2.98415e+16	9.80e-01	2.02e-02	7.06e-05
 2.98776e+16	9.80e-01	1.99e-02	6.86e-05
 2.99171e+16	9.80e-01	1.96e-02	6.63e-05
 2.99597e+16	9.81e-01	1.92e-02	6.41e-05
 2.99985e+16	9.81e-01	1.90e-02	6.21e-05
 3.00338e+16	9.81e-01	1.87e-02	6.05e-05
 3.00725e+16	9.82e-01	1.84e-02	5.85e-05
 3.01143e+16	9.82e-01	1.81e-02	5.66e-05
 3.01523e+16	9.82e-01	1.78e-02	5.51e-05
 3.01939e+16	9.82e-01	1.75e-02	5.32e-05
 3.02389e+16	9.83e-01	1.72e-02	5.14e-05
 3.02798e+16	9.83e-01	1.70e-02	4.98e-05
 3.03247e+16	9.83e-01	1.67e-02	4.80e-05
 3.03731e+16	9.84e-01	1.63e-02	4.63e-05
 3.04171e+16	9.84e-01	1.61e-02	4.48e-05
 3.04572e+16	9.84e-01	1.58e-02	4.36e-05
 3.05011e+16	9.84e-01	1.56e-02	4.21e-05
 3.05486e+16	9.85e-01	1.53e-02	4.06e-05
 3.05917e+16	9.85e-01	1.51e-02	3.94e-05
 3.06390e+16	9.85e-01	1.48e-02	3.80e-05
 3.06901e+16	9.85e-01	1.45e-02	3.66e-05
 3.07365e+16	9.86e-01	1.43e-02	3.54e-05
 3.07874e+16	9.86e-01	1.40e-02	3.41e-05
 3.08424e+16	9.86e-01	1.37e-02	3.28e-05
 3.08924e+16	9.86e-01	1.35e-02	3.17e-05
 3.09472e+16	9.87e-01	1.32e-02	3.04e-05
 3.10063e+16	9.87e-01	1.29e-02	2.92e-05
 3.10602e+16	9.87e-01	1.27e-02	2.81e-05
 3.11092e+16	9.87e-01	1.25e-02	2.72e-05
 3.11629e+16	9.88e-01	1.23e-02	2.62e-05
 3.12208e+16	9.88e-01	1.20e-02	2.52e-05
 3.12736e+16	9.88e-01	1.18e-02	2.43e-05
 3.13314e+16	9.88e-01	1.16e-02	2.34e-05
 3.13938e+16	9.89e-01	1.13e-02	2.24e-05
 3.14505e+16	9.89e-01	1.11e-02	2.16e-05
 3.15128e+16	9.89e-01	1.09e-02	2.07e-05
 3.15799e+16	9.89e-01	1.06e-02	1.98e-05
 3.16410e+16	9.90e-01	1.04e-02	1.91e-05
 3.17080e+16	9.90e-01	1.02e-02	1.83e-05
 3.17803e+16	9.90e-01	9.97e-03	1.75e-05
 3.18461e+16	9.90e-01	9.77e-03	1.68e-05
 3.19182e+16	9.90e-01	9.54e-03	1.60e-05
 3.19961e+16	9.91e-01	9.31e-03	1.53e-05
 3.20669e+16	9.91e-01	9.12e-03	1.46e-05
 3.21446e+16	9.91e-01	8.89e-03	1.39e-05
 3.22284e+16	9.91e-01	8.67e-03	1.32e-05
 3.23046e+16	9.92e-01	8.48e-03	1.27e-05
 3.23882e+16	9.92e-01	8.26e-03	1.20e-05
 3.24784e+16	9.92e-01	8.04e-03	1.14e-05
 3.25605e+16	9.92e-01	7.85e-03	1.09e-05
 3.26504e+16	9.92e-01	7.64e-03	1.03e-05
 3.27476e+16	9.93e-01	7.43e-03	9.77e-06
 3.28359e+16	9.93e-01	7.25e-03	9.31e-06
 3.29328e+16	9.93e-01	7.04e-03	8.79e-06
 3.30373e+16	9.93e-01	6.84e-03	8.31e-06
 3.31325e+16	9.93e-01	6.67e-03	7.90e-06
 3.32367e+16	9.94e-01	6.47e-03	7.44e-06
 3.33493e+16	9.94e-01	6.28e-03	7.01e-06
 3.34517e+16	9.94e-01	6.11e-03	6.64e-06
 3.35639e+16	9.94e-01	5.92e-03	6.24e-06
 3.36851e+16	9.94e-01	5.73e-03	5.86e-06
 3.37954e+16	9.94e-01	5.57e-03	5.55e-06
 3.39162e+16	9.95e-01	5.39e-03	5.19e-06
 3.40466e+16	9.95e-01	5.21e-03	4.86e-06
 3.41896e+16	9.95e-01	5.02e-03	4.51e-06
 3.43533e+16	9.95e-01	4.81e-03	4.15e-06
 3.45247e+16	9.95e-01	4.61e-03	3.81e-06
 3.47051e+16	9.96e-01	4.40e-03	3.49e-06
 3.48926e+16	9.96e-01	4.21e-03	3.18e-06
 3.50872e+16	9.96e-01	4.01e-03	2.90e-06
 3.52875e+16	9.96e-01	3.82e-03	2.64e-06
 3.54911e+16	9.96e-01	3.64e-03	2.40e-06
 3.56977e+16	9.97e-01	3.47e-03	2.18e-06
 3.59076e+16	9.97e-01	3.30e-03	1.98e-06
 3.61213e+16	9.97e-01	3.15e-03	1.80e-06
 3.63388e+16	9.97e-01	2.99e-03	1.63e-06
 3.65600e+16	9.97e-01	2.85e-03	1.48e-06
 3.67849e+16	9.97e-01	2.71e-03	1.34e-06
 3.70136e+16	9.97e-01	2.57e-03	1.21e-06
 3.72461e+16	9.98e-01	2.45e-03	1.09e-06
 3.74784e+16	9.98e-01	2.33e-03	9.91e-07
 3.77139e+16	9.98e-01	2.21e-03	8.96e-07
 3.79585e+16	9.98e-01	2.10e-03	8.07e-07
 3.82084e+16	9.98e-01	1.99e-03	7.27e-07
 3.84614e+16	9.98e-01	1.89e-03	6.54e-07
 3.87181e+16	9.98e-01	1.79e-03	5.88e-07
 3.89796e+16	9.98e-01	1.69e-03	5.28e-07
 3.92459e+16	9.98e-01	1.60e-03	4.73e-07
 3.95169e+16	9.98e-01	1.52e-03	4.24e-07
 3.97928e+16	9.99e-01	1.43e-03	3.79e-07
 4.00737e+16	9.99e-01	1.35e-03	3.39e-07
 4.03599e+16	9.99e-01	1.28e-03	3.02e-07
 4.06516e+16	9.99e-01	1.20e-03	2.69e-07
 4.09491e+16	9.99e-01	1.14e-03	2.39e-07
 4.12525e+16	9.99e-01	1.07e-03	2.12e-07
 4.15622e+16	9.99e-01	1.01e-03	1.88e-07
 4.18784e+16	9.99e-01	9.45e-04	1.66e-07
 4.22014e+16	9.99e-01	8.87e-04	1.47e-07
 4.25314e+16	9.99e-01	8.32e-04	1.29e-07
 4.28690e+16	9.99e-01	7.79e-04	1.14e-07
 4.32146e+16	9.99e-01	7.28e-04	9.94e-08
 4.35685e+16	9.99e-01	6.81e-04	8.70e-08
 4.39314e+16	9.99e-01	6.35e-04	7.58e-08
 4.42986e+16	9.99e-01	5.93e-04	6.61e-08
 4.46747e+16	9.99e-01	5.52e-04	5.73e-08
 4.50689e+16	9.99e-01	5.12e-04	4.94e-08
 4.54747e+16	1.00e+00	4.74e-04	4.25e-08
 4.58912e+16	1.00e+00	4.39e-04	3.63e-08
 4.63243e+16	1.00e+00	4.04e-04	3.09e-08
 4.67744e+16	1.00e+00	3.72e-04	2.62e-08
 4.72413e+16	1.00e+00	3.41e-04	2.20e-08
 4.77267e+16	1.00e+00	3.12e-04	1.84e-08
 4.82334e+16	1.00e+00	2.84e-04	1.53e-08
 4.87641e+16	1.00e+00	2.57e-04	1.26e-08
 4.93233e+16	1.00e+00	2.32e-04	1.02e-08
 4.99140e+16	1.00e+00	2.08e-04	8.26e-09
 5.05383e+16	1.00e+00	1.86e-04	6.58e-09
 5.12073e+16	1.00e+00	1.65e-04	5.16e-09
 5.19273e+16	1.00e+00	1.44e-04	3.98e-09
 5.27016e+16	1.00e+00	1.26e-04	3.02e-09
 5.35438e+16	1.00e+00	1.08e-04	2.23e-09
 5.44736e+16	1.00e+00	9.14e-05	1.60e-09
 5.55416e+16	1.00e+00	7.56e-05	1.10e-09
 5.67194e+16	1.00e+00	6.17e-05	7.30e-10
 5.80176e+16	1.00e+00	4.92e-05	4.66e-10
 5.94556e+16	1.00e+00	3.86e-05	2.86e-10
 6.09207e+16	1.00e+00	3.03e-05	1.77e-10
 6.23632e+16	1.00e+00	2.39e-05	1.11e-10
 6.38063e+16	1.00e+00	1.90e-05	6.98e-11
 6.52736e+16	1.00e+00	1.51e-05	4.41e-11
 6.67728e+16	1.00e+00	1.20e-05	2.78e-11
 6.83036e+16	1.00e+00	9.48e-06	1.75e-11
 6.98575e+16	1.00e+00	7.53e-06	1.11e-11
 7.14399e+16	1.00e+00	5.98e-06	6.99e-12
 7.30551e+16	1.00e+00	4.75e-06	4.42e-12
 7.47040e+16	1.00e+00	3.78e-06	2.81e-12
 7.64035e+16	1.00e+00	2.99e-06	1.76e-12
 7.81336e+16	1.00e+00	2.38e-06	1.11e-12
 7.98880e+16	1.00e+00	1.89e-06	7.06e-13
 8.17025e+16	1.00e+00	1.50e-06	4.44e-13
 8.35793e+16	1.00e+00	1.19e-06	2.78e-13
 8.55063e+16	1.00e+00	9.37e-07	1.74e-13
 8.74848e+16	1.00e+00	7.40e-07	1.08e-13
 8.95284e+16	1.00e+00	5.82e-07	6.71e-14
 9.16480e+16	1.00e+00	4.56e-07	4.13e-14
 9.38534e+16	1.00e+00	3.56e-07	2.52e-14
 9.61160e+16	1.00e+00	2.78e-07	1.53e-14
 9.83618e+16	1.00e+00	2.18e-07	9.49e-15
 1.00551e+17	1.00e+00	1.73e-07	6.00e-15
 1.02687e+17	1.00e+00	1.39e-07	3.86e-15
 1.04781e+17	1.00e+00	1.13e-07	2.53e-15
 1.06830e+17	1.00e+00	9.18e-08	1.68e-15
 1.08823e+17	1.00e+00	7.55e-08	1.14e-15
 1.10752e+17	1.00e+00	6.27e-08	7.87e-16
 1.12612e+17	1.00e+00	5.26e-08	5.53e-16
 1.14400e+17	1.00e+00	4.44e-08	3.96e-16
 1.16117e+17	1.00e+00	3.79e-08	2.88e-16
 1.17764e+17	1.00e+00	3.26e-08	2.13e-16
 1.19341e+17	1.00e+00	2.83e-08	1.60e-16
 1.20849e+17	1.00e+00	2.47e-08	1.22e-16
 1.22286e+17	1.00e+00	2.17e-08	9.50e-17
 1.23656e+17	1.00e+00	1.93e-08	7.47e-17
 1.24960e+17	1.00e+00	1.72e-08	5.95e-17
 1.26202e+17	1.00e+00	1.55e-08	4.80e-17
 1.27383e+17	1.00e+00	1.40e-08	3.92e-17
 1.28506e+17	1.00e+00	1.27e-08	3.24e-17
 1.29574e+17	1.00e+00	1.16e-08	2.71e-17
 1.30589e+17	1.00e+00	1.06e-08	2.28e-17
 1.31552e+17	1.00e+00	9.82e-09	1.94e-17
 1.32467e+17	1.00e+00	9.10e-09	1.67e-17
 1.33336e+17	1.00e+00	8.47e-09	1.44e-17
 1.34163e+17	1.00e+00	7.91e-09	1.26e-17
 1.34949e+17	1.00e+00	7.41e-09	1.11e-17
 1.35696e+17	1.00e+00	6.98e-09	9.81e-18
 1.36406e+17	1.00e+00	6.58e-09	8.74e-18
 1.37081e+17	1.00e+00	6.23e-09	7.83e-18
 1.37723e+17	1.00e+00	5.92e-09	7.06e-18
 1.38335e+17	1.00e+00	5.63e-09	6.40e-18
 1.38917e+17	1.00e+00	5.37e-09	5.83e-18
 1.39472e+17	1.00e+00	5.14e-09	5.33e-18
 1.40001e+17	1.00e+00	4.93e-09	4.90e-18
 1.40505e+17	1.00e+00	4.73e-09	4.52e-18
 1.40986e+17	1.00e+00	4.55e-09	4.19e-18
 1.41446e+17	1.00e+00	4.39e-09	3.89e-18
 1.41885e+17	1.00e+00	4.24e-09	3.63e-18
 1.42305e+17	1.00e+00	4.10e-09	3.40e-18
 1.42707e+17	1.00e+00	3.97e-09	3.19e-18
 1.43092e+17	1.00e+00	3.86e-09	3.00e-18
 1.43462e+17	1.00e+00	3.74e-09	2.83e-18
 1.43817e+17	1.00e+00	3.64e-09	2.68e-18
 1.44158e+17	1.00e+00	3.55e-09	2.54e-18
 1.44488e+17	1.00e+00	3.46e-09	2.41e-18
 1.44805e+17	1.00e+00	3.37e-09	2.30e-18
 1.45113e+17	1.00e+00	3.29e-09	2.19e-18
 1.45410e+17	1.00e+00	3.21e-09	2.09e-18
 1.45699e+17	1.00e+00	3.14e-09	2.00e-18
 1.45981e+17	1.00e+00	3.07e-09	1.91e-18
 1.46256e+17	1.00e+00	3.01e-09	1.83e-18
 1.46526e+17	1.00e+00	2.95e-09	1.76e-18
 1.46791e+17	1.00e+00	2.89e-09	1.69e-18
 1.47053e+17	1.00e+00	2.83e-09	1.62e-18
 1.47312e+17	1.00e+00	2.77e-09	1.56e-18
 1.47571e+17	1.00e+00	2.72e-09	1.49e-18
 1.47831e+17	1.00e+00	2.66e-09	1.43e-18
 1.48094e+17	1.00e+00	2.61e-09	1.38e-18
 1.48362e+17	1.00e+00	2.56e-09	1.32e-18
 1.48636e+17	1.00e+00	2.50e-09	1.27e-18
 1.48921e+17	1.00e+00	2.45e-09	1.21e-18
 1.49220e+17	1.00e+00	2.39e-09	1.16e-18
 1.49538e+17	1.00e+00	2.33e-09	1.10e-18
 1.49881e+17	1.00e+00	2.27e-09	1.04e-18
 1.50258e+17	1.00e+00	2.20e-09	9.85e-19
 1.50681e+17	1.00e+00	2.13e-09	9.22e-19
 1.51166e+17	1.00e+00	2.05e-09	8.55e-19
 1.51739e+17	1.00e+00	1.96e-09	7.82e-19
 1.52438e+17	1.00e+00	1.86e-09	7.01e-19
 1.53324e+17	1.00e+00	1.73e-09	6.10e-19
 1.54470e+17	1.00e+00	1.59e-09	5.10e-19
 1.55961e+17	1.00e+00	1.41e-09	4.05e-19
 1.57899e+17	1.00e+00	1.22e-09	3.00e-19
 1.60418e+17	1.00e+00	1.00e-09	2.05e-19
 1.63693e+17	1.00e+00	7.84e-10	1.25e-19
 1.67951e+17	1.00e+00	5.72e-10	6.66e-20
 1.73430e+17	1.00e+00	3.84e-10	3.01e-20
 1.79665e+17	1.00e+00	2.49e-10	1.27e-20
 1.86082e+17	1.00e+00	1.61e-10	5.30e-21
 1.92653e+17	1.00e+00	1.04e-10	0.00e+00
 1.99287e+17	1.00e+00	6.76e-11	0.00e+00
 2.05922e+17	1.00e+00	4.45e-11	0.00e+00
 2.12556e+17	1.00e+00	2.97e-11	0.00e+00
 2.19191e+17	1.00e+00	2.02e-11	0.00e+00
 2.25825e+17	1.00e+00	1.40e-11	0.00e+00
 2.32460e+17	1.00e+00	9.88e-12	0.00e+00
 2.39094e+17	1.00e+00	7.19e-12	0.00e+00
 2.45728e+17	1.00e+00	5.41e-12	0.00e+00
 2.52363e+17	1.00e+00	4.21e-12	0.00e+00
 2.58997e+17	1.00e+00	3.39e-12	0.00e+00
 2.65632e+17	1.00e+00	2.83e-12	0.00e+00
 2.72266e+17	1.00e+00	2.44e-12	0.00e+00
 2.78900e+17	1.00e+00	2.16e-12	0.00e+00
 2.85535e+17	1.00e+00	1.96e-12	0.00e+00
 2.92169e+17	1.00e+00	1.80e-12	0.00e+00
 2.98803e+17	1.00e+00	1.68e-12	0.00e+00
 3.05438e+17	1.00e+00	1.59e-12	0.00e+00
 3.12072e+17	1.00e+00	1.50e-12	0.00e+00
 3.18707e+17	1.00e+00	1.43e-12	0.00e+00
 3.25341e+17	1.00e+00	1.37e-12	0.00e+00
 3.31975e+17	1.00e+00	1.31e-12	0.00e+00
 3.39605e+17	1.00e+00	1.25e-12	0.00e+00
 3.49523e+17	1.00e+00	9.95e-13	0.00e+00
 3.62232e+17	1.00e+00	6.90e-13	0.00e+00
 3.76721e+17	1.00e+00	4.32e-13	0.00e+00
 3.90263e+17	1.00e+00	3.48e-13	0.00e+00
 4.02410e+17	1.00e+00	4.02e-13	0.00e+00
 4.13327e+17	1.00e+00	3.77e-13	0.00e+00
 4.22090e+17	1.00e+00	4.15e-13	0.00e+00
 4.29132e+17	1.00e+00	4.61e-13	0.00e+00
 4.34737e+17	1.00e+00	4.80e-13	0.00e+00
 4.38671e+17	1.00e+00	5.04e-13	0.00e+00
 4.41121e+17	1.00e+00	5.34e-13	0.00e+00
 4.42592e+17	1.00e+00	5.55e-13	0.00e+00
 4.43474e+17	1.00e+00	5.69e-13	0.00e+00
 4.44023e+17	1.00e+00	5.77e-13	0.00e+00
 4.44434e+17	1.00e+00	5.82e-13	0.00e+00
 4.44850e+17	1.00e+00	5.86e-13	0.00e+00
 4.45364e+17	1.00e+00	5.89e-13	0.00e+00
 4.45974e+17	1.00e+00	5.91e-13	0.00e+00
 4.46538e+17	1.00e+00	5.92e-13	0.00e+00
 4.46942e+17	1.00e+00	5.92e-13	0.00e+00
 4.47237e+17	1.00e+00	5.93e-13	0.00e+00
 4.47515e+17	1.00e+00	5.93e-13	0.00e+00
 4.47842e+17	1.00e+00	5.93e-13	0.00e+00
 4.48224e+17	1.00e+00	5.92e-13	0.00e+00
 4.48566e+17	1.00e+00	5.91e-13	0.00e+00
 4.48825e+17	1.00e+00	5.90e-13	0.00e+00
 4.49043e+17	1.00e+00	5.90e-13	0.00e+00
 4.49276e+17	1.00e+00	5.89e-13	0.00e+00
 4.49552e+17	1.00e+00	5.88e-13	0.00e+00
 4.49837e+17	1.00e+00	5.86e-13	0.00e+00
 4.50080e+17	1.00e+00	5.84e-13	0.00e+00
 4.50271e+17	1.00e+00	5.83e-13	0.00e+00
 4.50433e+17	1.00e+00	5.82e-13	0.00e+00
 4.50609e+17	1.00e+00	5.81e-13	0.00e+00
 4.50830e+17	1.00e+00	5.79e-13	0.00e+00
 4.51065e+17	1.00e+00	5.77e-13	0.00e+00
 4.51264e+17	1.00e+00	5.75e-13	0.00e+00
 4.51421e+17	1.00e+00	5.74e-13	0.00e+00
 4.51568e+17	1.00e+00	5.73e-13	0.00e+00
 4.51739e+17	1.00e+00	5.72e-13	0.00e+00
 4.51935e+17	1.00e+00	5.69e-13	0.00e+00
 4.52127e+17	1.00e+00	5.67e-13	0.00e+00
 4.52295e+17	1.00e+00	5.65e-13	0.00e+00
 4.52443e+17	1.00e+00	5.64e-13	0.00e+00
 4.52582e+17	1.00e+00	5.62e-13	0.00e+00
 4.52739e+17	1.00e+00	5.61e-13	0.00e+00
 4.52924e+17	1.00e+00	5.58e-13	0.00e+00
 4.53109e+17	1.00e+00	5.56e-13	0.00e+00
 4.53272e+17	1.00e+00	5.53e-13	0.00e+00
 4.53426e+17	1.00e+00	5.52e-13	0.00e+00
 4.53592e+17	1.00e+00	5.50e-13	0.00e+00
 4.53772e+17	1.00e+00	5.47e-13	0.00e+00
 4.53963e+17	1.00e+00	5.44e-13	0.00e+00
 4.54147e+17	1.00e+00	5.42e-13	0.00e+00
 4.54321e+17	1.00e+00	5.39e-13	0.00e+00
 4.54498e+17	1.00e+00	5.37e-13	0.00e+00
 4.54688e+17	1.00e+00	5.34e-13	0.00e+00
 4.54893e+17	1.00e+00	5.31e-13	0.00e+00
 4.55099e+17	1.00e+00	5.27e-13	0.00e+00
 4.55299e+17	1.00e+00	5.24e-13	0.00e+00
 4.55502e+17	1.00e+00	5.21e-13	0.00e+00
 4.55719e+17	1.00e+00	5.18e-13	0.00e+00
 4.55947e+17	1.00e+00	5.14e-13	0.00e+00
 4.56170e+17	1.00e+00	5.10e-13	0.00e+00
 4.56397e+17	1.00e+00	5.06e-13	0.00e+00
 4.56631e+17	1.00e+00	5.02e-13	0.00e+00
 4.56865e+17	1.00e+00	4.98e-13	0.00e+00
 4.57116e+17	1.00e+00	4.94e-13	0.00e+00
 4.57384e+17	1.00e+00	4.89e-13	0.00e+00
 4.57650e+17	1.00e+00	4.85e-13	0.00e+00
 4.57923e+17	1.00e+00	4.80e-13	0.00e+00
 4.58211e+17	1.00e+00	4.75e-13	0.00e+00
 4.58509e+17	1.00e+00	4.70e-13	0.00e+00
 4.58811e+17	1.00e+00	4.64e-13	0.00e+00
 4.59114e+17	1.00e+00	4.58e-13	0.00e+00
 4.59422e+17	1.00e+00	4.53e-13	0.00e+00
 4.59735e+17	1.00e+00	4.47e-13	0.00e+00
 4.60064e+17	1.00e+00	4.41e-13	0.00e+00
 4.60417e+17	1.00e+00	4.35e-13	0.00e+00
 4.60787e+17	1.00e+00	4.28e-13	0.00e+00
 4.61168e+17	1.00e+00	4.21e-13	0.00e+00
 4.61545e+17	1.00e+00	4.14e-13	0.00e+00
 4.61922e+17	1.00e+00	4.07e-13	0.00e+00
 4.62311e+17	1.00e+00	4.00e-13	0.00e+00
 4.62721e+17	1.00e+00	3.93e-13	0.00e+00
 4.63153e+17	1.00e+00	3.84e-13	0.00e+00
 4.63578e+17	1.00e+00	3.77e-13	0.00e+00
 4.64023e+17	1.00e+00	3.69e-13	0.00e+00
 4.64511e+17	1.00e+00	3.60e-13	0.00e+00
 4.65011e+17	1.00e+00	3.51e-13	0.00e+00
 4.65492e+17	1.00e+00	3.42e-13	0.00e+00
 4.65955e+17	1.00e+00	3.34e-13	0.00e+00
 4.66444e+17	1.00e+00	3.26e-13	0.00e+00
 4.66980e+17	1.00e+00	3.17e-13	0.00e+00
 4.67543e+17	1.00e+00	3.07e-13	0.00e+00
 4.68091e+17	1.00e+00	2.97e-13	0.00e+00
 4.68629e+17	1.00e+00	2.88e-13	0.00e+00
 4.69190e+17	1.00e+00	2.79e-13	0.00e+00
 4.69774e+17	1.00e+00	2.70e-13	0.00e+00
 4.70381e+17	1.00e+00	2.60e-13	0.00e+00
 4.71005e+17	1.00e+00	2.50e-13	0.00e+00
 4.71629e+17	1.00e+00	2.40e-13	0.00e+00
 4.72257e+17	1.00e+00	2.31e-13	0.00e+00
 4.72897e+17	1.00e+00	2.21e-13	0.00e+00
 4.73563e+17	1.00e+00	2.12e-13	0.00e+00
 4.74251e+17	1.00e+00	2.02e-13	0.00e+00
 4.74961e+17	1.00e+00	1.92e-13	0.00e+00
 4.75674e+17	1.00e+00	1.82e-13	0.00e+00
 4.76378e+17	1.00e+00	1.73e-13	0.00e+00
 4.77095e+17	1.00e+00	1.64e-13	0.00e+00
 4.77850e+17	1.00e+00	1.55e-13	0.00e+00
 4.78640e+17	1.00e+00	1.45e-13	0.00e+00
 4.79452e+17	1.00e+00	1.36e-13	0.00e+00
 4.80265e+17	1.00e+00	1.27e-13	0.00e+00
 4.81089e+17	1.00e+00	1.18e-13	0.00e+00
 4.81940e+17	1.00e+00	1.10e-13	0.00e+00
 4.82821e+17	1.00e+00	1.02e-13	0.00e+00
 4.83685e+17	1.00e+00	9.36e-14	0.00e+00
 4.84430e+17	1.00e+00	8.64e-14	0.00e+00
 4.85035e+17	1.00e+00	8.10e-14	0.00e+00
 4.85558e+17	1.00e+00	7.68e-14	0.00e+00
 4.86074e+17	1.00e+00	7.31e-14	0.00e+00
 4.86613e+17	1.00e+00	6.94e-14	0.00e+00
 4.87147e+17	1.00e+00	6.56e-14	0.00e+00
 4.87638e+17	1.00e+00	6.21e-14	0.00e+00
 4.88074e+17	1.00e+00	5.91e-14	0.00e+00
 4.88475e+17	1.00e+00	5.66e-14	0.00e+00
 4.88871e+17	1.00e+00	5.42e-14	0.00e+00
 4.89272e+17	1.00e+00	5.19e-14	0.00e+00
 4.89665e+17	1.00e+00	4.96e-14	0.00e+00
 4.90035e+17	1.00e+00	4.75e-14	0.00e+00
 4.90380e+17	1.00e+00	4.56e-14	0.00e+00
 4.90709e+17	1.00e+00	4.38e-14	0.00e+00
 4.91034e+17	1.00e+00	4.22e-14	0.00e+00
 4.91355e+17	1.00e+00	4.06e-14	0.00e+00
 4.91668e+17	1.00e+00	3.90e-14	0.00e+00
 4.91967e+17	1.00e+00	3.76e-14	0.00e+00
 4.92251e+17	1.00e+00	3.62e-14	0.00e+00
 4.92526e+17	1.00e+00	3.50e-14	0.00e+00
 4.92795e+17	1.00e+00	3.37e-14	0.00e+00
 4.93060e+17	1.00e+00	3.26e-14	0.00e+00
 4.93317e+17	1.00e+00	3.14e-14	0.00e+00
 4.93564e+17	1.00e+00	3.03e-14	0.00e+00
 4.93801e+17	1.00e+00	2.93e-14	0.00e+00
 4.94031e+17	1.00e+00	2.84e-14	0.00e+00
 4.94257e+17	1.00e+00	2.75e-14	0.00e+00
 4.94516e+17	1.00e+00	2.66e-14	0.00e+00
 4.94853e+17	1.00e+00	2.55e-14	0.00e+00
 4.95291e+17	1.00e+00	2.41e-14	0.00e+00
 4.95860e+17	1.00e+00	2.23e-14	0.00e+00
 4.96568e+17	1.00e+00	2.01e-14	0.00e+00
 4.97381e+17	1.00e+00	1.77e-14	0.00e+00
 4.98255e+17	1.00e+00	1.53e-14	0.00e+00
 4.99177e+17	1.00e+00	1.30e-14	0.00e+00
 5.00064e+17	1.00e+00	1.10e-14	0.00e+00
