#depth	N	N+	N+2	N+3	N+4	N+5	N+6	N+7
 1.49634e+10	0.00e+00	0.00e+00	6.42e-32	2.36e-22	2.59e-13	1.25e-03	5.19e-01	4.79e-01
 4.54887e+10	0.00e+00	6.53e-42	9.19e-32	3.12e-22	3.17e-13	1.42e-03	5.39e-01	4.60e-01
 7.72350e+10	0.00e+00	0.00e+00	1.31e-31	4.13e-22	3.87e-13	1.60e-03	5.58e-01	4.40e-01
 1.10251e+11	0.00e+00	1.56e-41	1.87e-31	5.45e-22	4.72e-13	1.80e-03	5.77e-01	4.21e-01
 1.40709e+11	0.00e+00	0.00e+00	2.57e-31	6.96e-22	5.63e-13	2.00e-03	5.94e-01	4.04e-01
 1.66997e+11	0.00e+00	3.16e-41	3.34e-31	8.53e-22	6.51e-13	2.18e-03	6.08e-01	3.90e-01
 1.96116e+11	0.00e+00	0.00e+00	4.42e-31	1.06e-21	7.61e-13	2.39e-03	6.23e-01	3.75e-01
 2.31789e+11	0.00e+00	6.69e-41	6.17e-31	1.37e-21	9.14e-13	2.67e-03	6.40e-01	3.58e-01
 2.68008e+11	0.00e+00	0.00e+00	8.53e-31	1.77e-21	1.09e-12	2.97e-03	6.56e-01	3.41e-01
 3.00566e+11	0.00e+00	1.40e-40	1.13e-30	2.20e-21	1.27e-12	3.25e-03	6.70e-01	3.27e-01
 3.36342e+11	0.00e+00	0.00e+00	1.52e-30	2.76e-21	1.50e-12	3.57e-03	6.84e-01	3.12e-01
 3.78658e+11	0.00e+00	3.07e-40	2.13e-30	3.59e-21	1.80e-12	3.98e-03	7.00e-01	2.96e-01
 4.20389e+11	0.00e+00	0.00e+00	2.94e-30	4.60e-21	2.15e-12	4.40e-03	7.15e-01	2.81e-01
 4.58736e+11	0.00e+00	6.44e-40	3.91e-30	5.72e-21	2.50e-12	4.81e-03	7.28e-01	2.68e-01
 5.01773e+11	0.00e+00	0.00e+00	5.31e-30	7.25e-21	2.95e-12	5.29e-03	7.41e-01	2.54e-01
 5.51583e+11	0.00e+00	1.43e-39	7.47e-30	9.43e-21	3.55e-12	5.88e-03	7.55e-01	2.39e-01
 6.00492e+11	0.00e+00	0.00e+00	1.03e-29	1.21e-20	4.22e-12	6.49e-03	7.68e-01	2.26e-01
 6.47248e+11	0.00e+00	3.06e-39	1.39e-29	1.52e-20	4.95e-12	7.10e-03	7.79e-01	2.14e-01
 6.98956e+11	0.00e+00	0.00e+00	1.90e-29	1.93e-20	5.86e-12	7.81e-03	7.91e-01	2.02e-01
 7.54719e+11	0.00e+00	6.76e-39	2.64e-29	2.48e-20	6.97e-12	8.61e-03	8.02e-01	1.90e-01
 8.07023e+11	0.00e+00	0.00e+00	3.54e-29	3.11e-20	8.16e-12	9.40e-03	8.12e-01	1.79e-01
 8.63542e+11	0.00e+00	1.42e-38	4.81e-29	3.94e-20	9.59e-12	1.03e-02	8.21e-01	1.69e-01
 9.26692e+11	0.00e+00	0.00e+00	6.70e-29	5.07e-20	1.14e-11	1.13e-02	8.31e-01	1.58e-01
 9.87740e+11	0.00e+00	3.13e-38	9.10e-29	6.40e-20	1.34e-11	1.24e-02	8.39e-01	1.48e-01
 1.05255e+12	0.00e+00	0.00e+00	1.25e-28	8.13e-20	1.58e-11	1.35e-02	8.48e-01	1.39e-01
 1.11573e+12	0.00e+00	6.64e-38	1.67e-28	1.02e-19	1.85e-11	1.47e-02	8.55e-01	1.31e-01
 1.16767e+12	0.00e+00	0.00e+00	2.11e-28	1.22e-19	2.09e-11	1.57e-02	8.60e-01	1.24e-01
 1.22302e+12	0.00e+00	1.20e-37	2.70e-28	1.46e-19	2.37e-11	1.69e-02	8.65e-01	1.18e-01
 1.29435e+12	0.00e+00	0.00e+00	3.65e-28	1.84e-19	2.77e-11	1.84e-02	8.71e-01	1.10e-01
 1.36976e+12	0.00e+00	2.56e-37	4.98e-28	2.33e-19	3.26e-11	2.00e-02	8.77e-01	1.03e-01
 1.43644e+12	0.00e+00	0.00e+00	6.48e-28	2.85e-19	3.73e-11	2.15e-02	8.81e-01	9.74e-02
 1.50847e+12	0.00e+00	5.01e-37	8.54e-28	3.51e-19	4.30e-11	2.32e-02	8.85e-01	9.15e-02
 1.59512e+12	0.00e+00	0.00e+00	1.18e-27	4.49e-19	5.08e-11	2.53e-02	8.90e-01	8.51e-02
 1.68278e+12	0.00e+00	1.10e-36	1.61e-27	5.69e-19	5.97e-11	2.76e-02	8.93e-01	7.92e-02
 1.76450e+12	0.00e+00	0.00e+00	2.14e-27	7.04e-19	6.89e-11	2.97e-02	8.96e-01	7.42e-02
 1.85558e+12	0.00e+00	2.29e-36	2.90e-27	8.87e-19	8.05e-11	3.22e-02	8.99e-01	6.91e-02
 1.95973e+12	3.59e-46	3.48e-36	4.06e-27	1.14e-18	9.56e-11	3.52e-02	9.01e-01	6.38e-02
 2.05404e+12	0.00e+00	0.00e+00	5.45e-27	1.43e-18	1.11e-10	3.80e-02	9.03e-01	5.95e-02
 2.13268e+12	0.00e+00	6.75e-36	6.91e-27	1.71e-18	1.25e-10	4.05e-02	9.03e-01	5.61e-02
 2.21876e+12	1.16e-45	9.29e-36	8.93e-27	2.07e-18	1.43e-10	4.32e-02	9.04e-01	5.28e-02
 2.32772e+12	0.00e+00	0.00e+00	1.22e-26	2.63e-18	1.67e-10	4.69e-02	9.04e-01	4.89e-02
 2.44010e+12	0.00e+00	2.03e-35	1.67e-26	3.33e-18	1.96e-10	5.08e-02	9.04e-01	4.52e-02
 2.53747e+12	4.41e-45	2.82e-35	2.18e-26	4.07e-18	2.24e-10	5.43e-02	9.03e-01	4.23e-02
 2.64168e+12	0.00e+00	0.00e+00	2.87e-26	5.01e-18	2.57e-10	5.82e-02	9.02e-01	3.95e-02
 2.76956e+12	0.00e+00	6.01e-35	4.00e-26	6.42e-18	3.03e-10	6.32e-02	9.00e-01	3.63e-02
 2.89690e+12	1.76e-44	8.95e-35	5.50e-26	8.16e-18	3.56e-10	6.85e-02	8.98e-01	3.35e-02
 3.00756e+12	0.00e+00	0.00e+00	7.22e-26	1.00e-17	4.08e-10	7.32e-02	8.96e-01	3.12e-02
 3.12785e+12	0.00e+00	1.80e-34	9.62e-26	1.24e-17	4.70e-10	7.85e-02	8.93e-01	2.89e-02
 3.27472e+12	6.78e-44	2.75e-34	1.35e-25	1.61e-17	5.58e-10	8.53e-02	8.88e-01	2.64e-02
 3.41892e+12	0.00e+00	4.14e-34	1.88e-25	2.06e-17	6.56e-10	9.23e-02	8.83e-01	2.42e-02
 3.54187e+12	1.66e-43	5.81e-34	2.47e-25	2.53e-17	7.51e-10	9.85e-02	8.79e-01	2.25e-02
 3.67442e+12	0.00e+00	8.31e-34	3.29e-25	3.13e-17	8.66e-10	1.05e-01	8.74e-01	2.08e-02
 3.83930e+12	4.30e-43	1.28e-33	4.66e-25	4.07e-17	1.03e-09	1.15e-01	8.67e-01	1.89e-02
 4.00653e+12	0.00e+00	1.96e-33	6.56e-25	5.27e-17	1.22e-09	1.24e-01	8.59e-01	1.72e-02
 4.15254e+12	1.11e-42	2.82e-33	8.77e-25	6.56e-17	1.41e-09	1.33e-01	8.51e-01	1.58e-02
 4.31059e+12	0.00e+00	4.12e-33	1.19e-24	8.26e-17	1.64e-09	1.42e-01	8.43e-01	1.45e-02
 4.50289e+12	3.00e-42	6.44e-33	1.71e-24	1.08e-16	1.96e-09	1.55e-01	8.32e-01	1.30e-02
 4.69708e+12	0.00e+00	9.95e-33	2.42e-24	1.41e-16	2.32e-09	1.67e-01	8.21e-01	1.17e-02
 4.87335e+12	8.00e-42	1.46e-32	3.29e-24	1.78e-16	2.70e-09	1.79e-01	8.10e-01	1.07e-02
 5.02966e+12	0.00e+00	2.02e-32	4.27e-24	2.17e-16	3.07e-09	1.90e-01	8.00e-01	9.85e-03
 5.19362e+12	1.76e-41	2.81e-32	5.57e-24	2.65e-16	3.50e-09	2.01e-01	7.90e-01	9.06e-03
 5.40676e+12	0.00e+00	4.24e-32	7.78e-24	3.41e-16	4.13e-09	2.16e-01	7.76e-01	8.15e-03
 5.62407e+12	4.71e-41	6.35e-32	1.08e-23	4.35e-16	4.84e-09	2.32e-01	7.61e-01	7.33e-03
 5.80244e+12	0.00e+00	8.72e-32	1.39e-23	5.28e-16	5.48e-09	2.45e-01	7.49e-01	6.73e-03
 5.96550e+12	9.67e-41	1.15e-31	1.74e-23	6.26e-16	6.12e-09	2.56e-01	7.37e-01	6.23e-03
 6.15300e+12	0.00e+00	1.58e-31	2.24e-23	7.56e-16	6.92e-09	2.70e-01	7.24e-01	5.72e-03
 6.39675e+12	2.24e-40	2.32e-31	3.06e-23	9.57e-16	8.05e-09	2.88e-01	7.07e-01	5.12e-03
 6.64435e+12	0.00e+00	3.39e-31	4.15e-23	1.20e-15	9.32e-09	3.05e-01	6.90e-01	4.60e-03
 6.84465e+12	5.02e-40	4.54e-31	5.25e-23	1.44e-15	1.04e-08	3.20e-01	6.76e-01	4.22e-03
 7.05271e+12	0.00e+00	6.08e-31	6.64e-23	1.71e-15	1.17e-08	3.35e-01	6.62e-01	3.86e-03
 7.32318e+12	1.11e-39	8.77e-31	8.90e-23	2.14e-15	1.35e-08	3.54e-01	6.43e-01	3.46e-03
 7.60651e+12	0.00e+00	1.26e-30	1.19e-22	2.66e-15	1.55e-08	3.73e-01	6.24e-01	3.09e-03
 7.84839e+12	2.47e-39	1.70e-30	1.52e-22	3.19e-15	1.73e-08	3.90e-01	6.08e-01	2.81e-03
 8.10466e+12	0.00e+00	2.31e-30	1.94e-22	3.82e-15	1.94e-08	4.07e-01	5.91e-01	2.54e-03
 8.42946e+12	5.56e-39	3.35e-30	2.61e-22	4.77e-15	2.23e-08	4.28e-01	5.70e-01	2.25e-03
 8.76285e+12	0.00e+00	4.81e-30	3.49e-22	5.92e-15	2.55e-08	4.49e-01	5.49e-01	1.99e-03
 9.05103e+12	1.24e-38	6.49e-30	4.43e-22	7.08e-15	2.85e-08	4.67e-01	5.32e-01	1.80e-03
 9.36098e+12	0.00e+00	8.85e-30	5.68e-22	8.50e-15	3.20e-08	4.85e-01	5.13e-01	1.61e-03
 9.74185e+12	2.79e-38	1.27e-29	7.59e-22	1.05e-14	3.65e-08	5.07e-01	4.92e-01	1.42e-03
 1.01311e+13	0.00e+00	1.82e-29	1.01e-21	1.30e-14	4.15e-08	5.29e-01	4.70e-01	1.25e-03
 1.04843e+13	6.24e-38	2.48e-29	1.29e-21	1.56e-14	4.64e-08	5.47e-01	4.52e-01	1.11e-03
 1.08024e+13	0.00e+00	3.24e-29	1.60e-21	1.83e-14	5.11e-08	5.63e-01	4.36e-01	1.00e-03
 1.11439e+13	1.21e-37	4.27e-29	1.99e-21	2.15e-14	5.63e-08	5.80e-01	4.19e-01	9.03e-04
 1.15292e+13	0.00e+00	5.77e-29	2.53e-21	2.56e-14	6.25e-08	5.98e-01	4.01e-01	8.04e-04
 1.18737e+13	2.38e-37	7.50e-29	3.11e-21	2.98e-14	6.86e-08	6.14e-01	3.86e-01	7.24e-04
 1.21670e+13	0.00e+00	9.29e-29	3.69e-21	3.38e-14	7.39e-08	6.26e-01	3.73e-01	6.64e-04
 1.24914e+13	4.08e-37	1.17e-28	4.43e-21	3.86e-14	8.00e-08	6.40e-01	3.60e-01	6.05e-04
 1.29130e+13	0.00e+00	1.56e-28	5.57e-21	4.56e-14	8.83e-08	6.56e-01	3.43e-01	5.37e-04
 1.33566e+13	8.26e-37	2.09e-28	7.01e-21	5.40e-14	9.76e-08	6.73e-01	3.27e-01	4.75e-04
 1.37395e+13	0.00e+00	2.67e-28	8.51e-21	6.22e-14	1.06e-07	6.86e-01	3.13e-01	4.29e-04
 1.41481e+13	1.51e-36	3.44e-28	1.04e-20	7.20e-14	1.16e-07	7.00e-01	3.00e-01	3.84e-04
 1.46793e+13	0.00e+00	4.71e-28	1.34e-20	8.64e-14	1.28e-07	7.17e-01	2.83e-01	3.34e-04
 1.52283e+13	3.23e-36	6.44e-28	1.71e-20	1.03e-13	1.43e-07	7.33e-01	2.67e-01	2.91e-04
 1.56890e+13	0.00e+00	8.28e-28	2.09e-20	1.19e-13	1.55e-07	7.46e-01	2.54e-01	2.60e-04
 1.61760e+13	5.99e-36	1.07e-27	2.56e-20	1.39e-13	1.69e-07	7.58e-01	2.41e-01	2.30e-04
 1.67953e+13	0.00e+00	1.47e-27	3.29e-20	1.66e-13	1.88e-07	7.73e-01	2.26e-01	1.99e-04
 1.74463e+13	1.29e-35	2.02e-27	4.23e-20	2.00e-13	2.09e-07	7.88e-01	2.12e-01	1.71e-04
 1.80304e+13	0.00e+00	2.66e-27	5.25e-20	2.34e-13	2.28e-07	8.00e-01	2.00e-01	1.50e-04
 1.86680e+13	2.55e-35	3.54e-27	6.59e-20	2.76e-13	2.51e-07	8.12e-01	1.88e-01	1.30e-04
 1.94238e+13	0.00e+00	4.91e-27	8.54e-20	3.33e-13	2.79e-07	8.26e-01	1.74e-01	1.11e-04
 2.01458e+13	5.42e-35	6.61e-27	1.08e-19	3.96e-13	3.08e-07	8.37e-01	1.63e-01	9.52e-05
 2.07694e+13	0.00e+00	8.47e-27	1.32e-19	4.57e-13	3.34e-07	8.46e-01	1.54e-01	8.39e-05
 2.14529e+13	1.00e-34	1.10e-26	1.62e-19	5.32e-13	3.63e-07	8.56e-01	1.44e-01	7.33e-05
 2.21535e+13	0.00e+00	1.43e-26	1.99e-19	6.18e-13	3.95e-07	8.64e-01	1.35e-01	6.40e-05
 2.27261e+13	1.76e-34	1.75e-26	2.34e-19	6.95e-13	4.22e-07	8.71e-01	1.29e-01	5.75e-05
 2.33201e+13	2.25e-34	2.15e-26	2.76e-19	7.83e-13	4.52e-07	8.78e-01	1.22e-01	5.15e-05
 2.40924e+13	3.08e-34	2.79e-26	3.39e-19	9.10e-13	4.91e-07	8.85e-01	1.15e-01	4.48e-05
 2.48988e+13	4.22e-34	3.62e-26	4.17e-19	1.06e-12	5.35e-07	8.93e-01	1.07e-01	3.89e-05
 2.55816e+13	5.45e-34	4.47e-26	4.94e-19	1.20e-12	5.73e-07	8.98e-01	1.01e-01	3.46e-05
 2.63012e+13	7.10e-34	5.56e-26	5.87e-19	1.36e-12	6.15e-07	9.04e-01	9.59e-02	3.07e-05
 2.72367e+13	9.87e-34	7.31e-26	7.29e-19	1.59e-12	6.71e-07	9.11e-01	8.93e-02	2.64e-05
 2.82105e+13	1.37e-33	9.60e-26	9.06e-19	1.87e-12	7.33e-07	9.17e-01	8.30e-02	2.27e-05
 2.90340e+13	1.80e-33	1.20e-25	1.08e-18	2.12e-12	7.87e-07	9.22e-01	7.82e-02	2.00e-05
 2.99043e+13	2.37e-33	1.51e-25	1.30e-18	2.42e-12	8.45e-07	9.26e-01	7.35e-02	1.77e-05
 3.10192e+13	3.33e-33	2.00e-25	1.62e-18	2.84e-12	9.24e-07	9.32e-01	6.81e-02	1.51e-05
 3.21907e+13	4.71e-33	2.66e-25	2.03e-18	3.34e-12	1.01e-06	9.37e-01	6.31e-02	1.29e-05
 3.32278e+13	6.33e-33	3.39e-25	2.46e-18	3.84e-12	1.09e-06	9.41e-01	5.90e-02	1.12e-05
 3.43513e+13	8.63e-33	4.38e-25	3.00e-18	4.43e-12	1.18e-06	9.45e-01	5.51e-02	9.75e-06
 3.57010e+13	1.24e-32	5.88e-25	3.79e-18	5.23e-12	1.29e-06	9.49e-01	5.09e-02	8.27e-06
 3.70888e+13	1.77e-32	7.87e-25	4.76e-18	6.15e-12	1.41e-06	9.53e-01	4.70e-02	7.03e-06
 3.82619e+13	2.36e-32	1.00e-24	5.74e-18	7.02e-12	1.51e-06	9.56e-01	4.41e-02	6.17e-06
 3.92387e+13	3.00e-32	1.21e-24	6.67e-18	7.81e-12	1.60e-06	9.58e-01	4.19e-02	5.55e-06
 4.03354e+13	3.89e-32	1.50e-24	7.87e-18	8.77e-12	1.70e-06	9.60e-01	3.96e-02	4.95e-06
 4.17609e+13	5.39e-32	1.96e-24	9.68e-18	1.01e-11	1.84e-06	9.63e-01	3.69e-02	4.28e-06
 4.32855e+13	7.56e-32	2.58e-24	1.20e-17	1.18e-11	1.99e-06	9.66e-01	3.43e-02	3.69e-06
 4.45739e+13	1.00e-31	3.24e-24	1.43e-17	1.33e-11	2.12e-06	9.68e-01	3.23e-02	3.27e-06
 4.58839e+13	1.32e-31	4.05e-24	1.70e-17	1.50e-11	2.26e-06	9.70e-01	3.04e-02	2.90e-06
 4.75718e+13	1.86e-31	5.36e-24	2.10e-17	1.74e-11	2.44e-06	9.72e-01	2.83e-02	2.50e-06
 4.93221e+13	2.63e-31	7.09e-24	2.61e-17	2.02e-11	2.64e-06	9.74e-01	2.63e-02	2.16e-06
 5.08169e+13	3.50e-31	8.94e-24	3.11e-17	2.28e-11	2.81e-06	9.75e-01	2.48e-02	1.91e-06
 5.24084e+13	4.71e-31	1.14e-23	3.74e-17	2.58e-11	3.00e-06	9.77e-01	2.33e-02	1.69e-06
 5.43891e+13	6.74e-31	1.52e-23	4.66e-17	3.01e-11	3.25e-06	9.78e-01	2.16e-02	1.45e-06
 5.64406e+13	9.62e-31	2.02e-23	5.81e-17	3.50e-11	3.51e-06	9.80e-01	2.01e-02	1.25e-06
 5.82906e+13	1.32e-30	2.60e-23	7.03e-17	3.98e-11	3.75e-06	9.81e-01	1.88e-02	1.10e-06
 6.03136e+13	1.83e-30	3.40e-23	8.62e-17	4.57e-11	4.03e-06	9.82e-01	1.76e-02	9.57e-07
 6.27011e+13	2.67e-30	4.60e-23	1.08e-16	5.35e-11	4.37e-06	9.84e-01	1.63e-02	0.00e+00
 6.50509e+13	3.82e-30	6.14e-23	1.35e-16	6.21e-11	4.71e-06	9.85e-01	1.51e-02	0.00e+00
 6.71341e+13	5.19e-30	7.86e-23	1.63e-16	7.05e-11	5.03e-06	9.86e-01	1.42e-02	0.00e+00
 6.93827e+13	7.16e-30	1.02e-22	1.98e-16	8.05e-11	5.38e-06	9.87e-01	1.33e-02	0.00e+00
 7.19004e+13	1.01e-29	1.35e-22	2.45e-16	9.30e-11	5.79e-06	9.88e-01	1.24e-02	0.00e+00
 7.42790e+13	1.39e-29	1.74e-22	2.97e-16	1.06e-10	6.19e-06	9.88e-01	1.16e-02	0.00e+00
 7.68820e+13	1.94e-29	2.28e-22	3.65e-16	1.22e-10	6.65e-06	9.89e-01	1.08e-02	0.00e+00
 7.96139e+13	2.73e-29	2.99e-22	4.49e-16	1.40e-10	7.14e-06	9.90e-01	1.01e-02	0.00e+00
 8.18197e+13	3.56e-29	3.70e-22	5.28e-16	1.57e-10	7.56e-06	9.90e-01	9.55e-03	0.00e+00
 8.37080e+13	4.45e-29	4.43e-22	6.05e-16	1.72e-10	7.92e-06	9.91e-01	9.12e-03	0.00e+00
 8.58778e+13	5.70e-29	5.41e-22	7.04e-16	1.90e-10	8.35e-06	9.91e-01	8.66e-03	0.00e+00
 8.86985e+13	7.79e-29	6.97e-22	8.53e-16	2.17e-10	8.92e-06	9.92e-01	8.11e-03	0.00e+00
 9.16602e+13	1.07e-28	9.00e-22	1.04e-15	2.48e-10	9.55e-06	9.92e-01	7.59e-03	0.00e+00
 9.41958e+13	1.40e-28	1.12e-21	1.22e-15	2.76e-10	1.01e-05	9.93e-01	7.18e-03	0.00e+00
 9.68827e+13	1.84e-28	1.39e-21	1.44e-15	3.10e-10	1.07e-05	9.93e-01	6.78e-03	0.00e+00
 1.00376e+14	2.59e-28	1.83e-21	1.78e-15	3.57e-10	1.15e-05	9.94e-01	6.31e-03	0.00e+00
 1.03980e+14	3.64e-28	2.41e-21	2.19e-15	4.12e-10	1.24e-05	9.94e-01	5.87e-03	0.00e+00
 1.06986e+14	4.81e-28	3.02e-21	2.60e-15	4.62e-10	1.31e-05	9.94e-01	5.54e-03	0.00e+00
 1.10151e+14	6.37e-28	3.79e-21	3.09e-15	5.20e-10	1.40e-05	9.95e-01	5.22e-03	0.00e+00
 1.14194e+14	9.02e-28	5.02e-21	3.83e-15	6.02e-10	1.51e-05	9.95e-01	4.85e-03	0.00e+00
 1.18424e+14	1.28e-27	6.66e-21	4.75e-15	6.98e-10	1.62e-05	9.95e-01	4.50e-03	0.00e+00
 1.22143e+14	1.73e-27	8.48e-21	5.71e-15	7.90e-10	1.73e-05	9.96e-01	4.23e-03	0.00e+00
 1.26151e+14	2.36e-27	1.09e-20	6.91e-15	9.01e-10	1.85e-05	9.96e-01	3.96e-03	0.00e+00
 1.30999e+14	3.40e-27	1.46e-20	8.64e-15	1.05e-09	2.00e-05	9.96e-01	3.66e-03	0.00e+00
 1.35819e+14	4.82e-27	1.94e-20	1.07e-14	1.21e-09	2.16e-05	9.97e-01	3.40e-03	0.00e+00
 1.40105e+14	6.52e-27	2.47e-20	1.29e-14	1.38e-09	2.30e-05	9.97e-01	3.19e-03	0.00e+00
 1.44821e+14	8.96e-27	3.20e-20	1.57e-14	1.58e-09	2.47e-05	9.97e-01	2.98e-03	0.00e+00
 1.50451e+14	1.30e-26	4.30e-20	1.97e-14	1.84e-09	2.67e-05	9.97e-01	2.75e-03	0.00e+00
 1.56056e+14	1.85e-26	5.72e-20	2.44e-14	2.13e-09	2.88e-05	9.97e-01	2.56e-03	0.00e+00
 1.61188e+14	2.53e-26	7.37e-20	2.96e-14	2.43e-09	3.08e-05	9.98e-01	2.39e-03	0.00e+00
 1.66922e+14	3.54e-26	9.69e-20	3.64e-14	2.80e-09	3.31e-05	9.98e-01	2.21e-03	0.00e+00
 1.73580e+14	5.18e-26	1.32e-19	4.60e-14	3.27e-09	3.58e-05	9.98e-01	2.04e-03	0.00e+00
 1.79540e+14	7.21e-26	1.72e-19	5.62e-14	3.75e-09	3.84e-05	9.98e-01	1.91e-03	0.00e+00
 1.83998e+14	9.15e-26	2.08e-19	6.50e-14	4.14e-09	4.04e-05	9.98e-01	1.81e-03	0.00e+00
 1.88406e+14	1.15e-25	2.50e-19	7.49e-14	4.56e-09	4.24e-05	9.98e-01	1.73e-03	0.00e+00
 1.94136e+14	1.54e-25	3.17e-19	8.95e-14	5.14e-09	4.51e-05	9.98e-01	1.63e-03	0.00e+00
 2.00262e+14	2.09e-25	4.04e-19	1.08e-13	5.82e-09	4.81e-05	9.98e-01	1.53e-03	0.00e+00
 2.05659e+14	2.72e-25	4.99e-19	1.26e-13	6.48e-09	5.07e-05	9.99e-01	1.45e-03	0.00e+00
 2.11430e+14	3.56e-25	6.20e-19	1.49e-13	7.24e-09	5.37e-05	9.99e-01	1.37e-03	0.00e+00
 2.18933e+14	5.01e-25	8.16e-19	1.83e-13	8.33e-09	5.77e-05	9.99e-01	1.27e-03	0.00e+00
 2.26581e+14	7.02e-25	1.07e-18	2.25e-13	9.57e-09	6.18e-05	9.99e-01	1.19e-03	0.00e+00
 2.32827e+14	9.18e-25	1.33e-18	2.64e-13	1.07e-08	6.53e-05	9.99e-01	1.12e-03	0.00e+00
 2.39358e+14	1.21e-24	1.65e-18	3.12e-13	1.19e-08	6.91e-05	9.99e-01	1.06e-03	0.00e+00
 2.47849e+14	1.70e-24	2.18e-18	3.84e-13	1.37e-08	7.41e-05	9.99e-01	9.91e-04	0.00e+00
 2.56839e+14	2.42e-24	2.89e-18	4.76e-13	1.58e-08	7.96e-05	9.99e-01	9.22e-04	0.00e+00
 2.64694e+14	3.27e-24	3.68e-18	5.69e-13	1.78e-08	8.46e-05	9.99e-01	8.68e-04	0.00e+00
 2.73119e+14	4.46e-24	4.72e-18	6.87e-13	2.02e-08	9.01e-05	9.99e-01	8.15e-04	0.00e+00
 2.83453e+14	6.45e-24	6.34e-18	8.58e-13	2.34e-08	9.71e-05	9.99e-01	7.56e-04	0.00e+00
 2.93946e+14	9.26e-24	8.46e-18	1.07e-12	2.71e-08	1.04e-04	9.99e-01	7.03e-04	0.00e+00
 3.03355e+14	1.27e-23	1.09e-17	1.29e-12	3.08e-08	1.11e-04	9.99e-01	6.60e-04	0.00e+00
 3.13678e+14	1.77e-23	1.42e-17	1.57e-12	3.52e-08	1.19e-04	9.99e-01	6.17e-04	0.00e+00
 3.25918e+14	2.58e-23	1.93e-17	1.98e-12	4.10e-08	1.29e-04	9.99e-01	5.71e-04	0.00e+00
 3.38044e+14	3.72e-23	2.58e-17	2.46e-12	4.74e-08	1.38e-04	9.99e-01	5.31e-04	0.00e+00
 3.49226e+14	5.14e-23	3.34e-17	2.99e-12	5.40e-08	1.48e-04	9.99e-01	4.97e-04	0.00e+00
 3.61788e+14	7.30e-23	4.42e-17	3.69e-12	6.22e-08	1.58e-04	9.99e-01	4.63e-04	0.00e+00
 3.74630e+14	1.03e-22	5.84e-17	4.55e-12	7.15e-08	1.70e-04	9.99e-01	4.32e-04	0.00e+00
 3.84533e+14	1.34e-22	7.19e-17	5.32e-12	7.94e-08	1.79e-04	9.99e-01	4.10e-04	0.00e+00
 3.94100e+14	1.70e-22	8.74e-17	6.16e-12	8.76e-08	1.88e-04	9.99e-01	3.90e-04	0.00e+00
 4.06537e+14	2.32e-22	1.12e-16	7.42e-12	9.92e-08	2.00e-04	9.99e-01	3.66e-04	0.00e+00
 4.19600e+14	3.17e-22	1.44e-16	8.96e-12	1.13e-07	2.14e-04	9.99e-01	3.44e-04	0.00e+00
 4.30762e+14	4.11e-22	1.77e-16	1.05e-11	1.25e-07	2.25e-04	9.99e-01	3.26e-04	0.00e+00
 4.42560e+14	5.36e-22	2.19e-16	1.23e-11	1.39e-07	2.38e-04	9.99e-01	3.08e-04	0.00e+00
 4.57897e+14	7.49e-22	2.87e-16	1.51e-11	1.60e-07	2.55e-04	9.99e-01	2.88e-04	0.00e+00
 4.73702e+14	1.05e-21	3.75e-16	1.85e-11	1.83e-07	2.73e-04	9.99e-01	2.68e-04	0.00e+00
 4.86842e+14	1.37e-21	4.65e-16	2.18e-11	2.05e-07	2.89e-04	9.99e-01	2.54e-04	0.00e+00
 5.00650e+14	1.80e-21	5.79e-16	2.57e-11	2.29e-07	3.06e-04	9.99e-01	2.40e-04	0.00e+00
 5.18602e+14	2.54e-21	7.64e-16	3.17e-11	2.64e-07	3.29e-04	9.99e-01	2.23e-04	0.00e+00
 5.37502e+14	3.59e-21	1.01e-15	3.92e-11	3.05e-07	3.54e-04	9.99e-01	2.07e-04	0.00e+00
 5.53842e+14	4.81e-21	1.28e-15	4.69e-11	3.44e-07	3.77e-04	9.99e-01	1.95e-04	0.00e+00
 5.71287e+14	6.49e-21	1.63e-15	5.64e-11	3.90e-07	4.02e-04	9.99e-01	1.83e-04	0.00e+00
 5.92786e+14	9.26e-21	2.17e-15	7.03e-11	4.54e-07	4.34e-04	9.99e-01	1.69e-04	0.00e+00
 6.14451e+14	1.31e-20	2.88e-15	8.70e-11	5.25e-07	4.68e-04	9.99e-01	1.57e-04	0.00e+00
 6.33407e+14	1.76e-20	3.64e-15	1.04e-10	5.94e-07	4.99e-04	9.99e-01	1.47e-04	0.00e+00
 6.53944e+14	2.38e-20	4.66e-15	1.26e-10	6.76e-07	5.33e-04	9.99e-01	1.38e-04	0.00e+00
 6.78878e+14	3.40e-20	6.23e-15	1.57e-10	7.87e-07	5.77e-04	9.99e-01	1.27e-04	0.00e+00
 7.03679e+14	4.78e-20	8.21e-15	1.94e-10	9.11e-07	6.23e-04	9.99e-01	1.18e-04	0.00e+00
 7.25569e+14	6.41e-20	1.04e-14	2.33e-10	1.03e-06	6.64e-04	9.99e-01	1.11e-04	0.00e+00
 7.49522e+14	8.69e-20	1.33e-14	2.82e-10	1.18e-06	7.12e-04	9.99e-01	1.03e-04	0.00e+00
 7.78337e+14	1.24e-19	1.78e-14	3.53e-10	1.37e-06	7.72e-04	9.99e-01	9.52e-05	0.00e+00
 8.06997e+14	1.74e-19	2.35e-14	4.37e-10	1.59e-06	8.34e-04	9.99e-01	8.81e-05	0.00e+00
 8.31439e+14	2.30e-19	2.95e-14	5.21e-10	1.80e-06	8.89e-04	9.99e-01	8.27e-05	0.00e+00
 8.53469e+14	2.94e-19	3.60e-14	6.08e-10	2.00e-06	9.40e-04	9.99e-01	7.82e-05	0.00e+00
 8.75262e+14	3.72e-19	4.36e-14	7.05e-10	2.22e-06	9.92e-04	9.99e-01	7.41e-05	0.00e+00
 9.00147e+14	4.83e-19	5.39e-14	8.31e-10	2.49e-06	1.05e-03	9.99e-01	6.97e-05	0.00e+00
 9.27295e+14	6.36e-19	6.76e-14	9.90e-10	2.81e-06	1.12e-03	9.99e-01	6.54e-05	0.00e+00
 9.51819e+14	8.12e-19	8.24e-14	1.16e-09	3.13e-06	1.19e-03	9.99e-01	6.18e-05	0.00e+00
 9.78137e+14	1.04e-18	1.01e-13	1.36e-09	3.50e-06	1.26e-03	9.99e-01	5.83e-05	0.00e+00
 1.00785e+15	1.37e-18	1.27e-13	1.62e-09	3.96e-06	1.35e-03	9.99e-01	5.46e-05	0.00e+00
 1.03608e+15	1.78e-18	1.56e-13	1.90e-09	4.43e-06	1.43e-03	9.99e-01	5.15e-05	0.00e+00
 1.06691e+15	2.32e-18	1.95e-13	2.26e-09	4.99e-06	1.52e-03	9.98e-01	4.83e-05	0.00e+00
 1.10114e+15	3.11e-18	2.47e-13	2.72e-09	5.68e-06	1.63e-03	9.98e-01	4.51e-05	0.00e+00
 1.13302e+15	4.04e-18	3.07e-13	3.21e-09	6.38e-06	1.74e-03	9.98e-01	4.24e-05	0.00e+00
 1.16768e+15	5.32e-18	3.84e-13	3.83e-09	7.22e-06	1.85e-03	9.98e-01	3.97e-05	0.00e+00
 1.20669e+15	7.18e-18	4.91e-13	4.65e-09	8.26e-06	1.99e-03	9.98e-01	3.69e-05	0.00e+00
 1.24395e+15	9.49e-18	6.18e-13	5.56e-09	9.35e-06	2.13e-03	9.98e-01	3.46e-05	0.00e+00
 1.28498e+15	1.27e-17	7.87e-13	6.72e-09	1.07e-05	2.28e-03	9.98e-01	3.22e-05	0.00e+00
 1.33097e+15	1.75e-17	1.02e-12	8.25e-09	1.23e-05	2.47e-03	9.97e-01	2.98e-05	0.00e+00
 1.37475e+15	2.36e-17	1.31e-12	9.98e-09	1.41e-05	2.65e-03	9.97e-01	2.78e-05	0.00e+00
 1.42297e+15	3.21e-17	1.69e-12	1.22e-08	1.62e-05	2.86e-03	9.97e-01	2.57e-05	0.00e+00
 1.47692e+15	4.49e-17	2.22e-12	1.52e-08	1.89e-05	3.10e-03	9.97e-01	2.37e-05	0.00e+00
 1.52730e+15	6.09e-17	2.86e-12	1.85e-08	2.17e-05	3.34e-03	9.97e-01	2.20e-05	0.00e+00
 1.58180e+15	8.33e-17	3.70e-12	2.27e-08	2.50e-05	3.61e-03	9.96e-01	2.04e-05	0.00e+00
 1.64326e+15	1.17e-16	4.90e-12	2.83e-08	2.92e-05	3.93e-03	9.96e-01	1.87e-05	0.00e+00
 1.69300e+15	1.86e-16	6.12e-12	3.37e-08	3.31e-05	4.20e-03	9.96e-01	1.75e-05	0.00e+00
 1.72762e+15	2.24e-16	7.10e-12	3.80e-08	3.59e-05	4.39e-03	9.96e-01	1.67e-05	0.00e+00
 1.76335e+15	2.63e-16	8.25e-12	4.28e-08	3.91e-05	4.60e-03	9.95e-01	1.60e-05	0.00e+00
 1.80981e+15	3.31e-16	9.97e-12	4.97e-08	4.34e-05	4.87e-03	9.95e-01	1.51e-05	0.00e+00
 1.87020e+15	4.43e-16	1.27e-11	6.03e-08	4.97e-05	5.25e-03	9.95e-01	1.40e-05	0.00e+00
 1.93064e+15	5.85e-16	1.60e-11	7.26e-08	5.67e-05	5.64e-03	9.94e-01	1.30e-05	0.00e+00
 1.97809e+15	7.22e-16	1.91e-11	8.36e-08	6.26e-05	5.96e-03	9.94e-01	1.23e-05	0.00e+00
 2.02669e+15	8.91e-16	2.28e-11	9.63e-08	6.92e-05	6.29e-03	9.94e-01	1.17e-05	0.00e+00
 2.08987e+15	1.16e-15	2.84e-11	1.15e-07	7.85e-05	6.75e-03	9.93e-01	1.09e-05	0.00e+00
 2.15711e+15	1.52e-15	3.57e-11	1.39e-07	8.95e-05	7.26e-03	9.93e-01	1.01e-05	0.00e+00
 2.21570e+15	1.91e-15	4.33e-11	1.62e-07	9.99e-05	7.72e-03	9.92e-01	9.49e-06	0.00e+00
 2.27797e+15	2.42e-15	5.28e-11	1.90e-07	1.12e-04	8.24e-03	9.92e-01	8.90e-06	0.00e+00
 2.35892e+15	3.25e-15	6.77e-11	2.33e-07	1.29e-04	8.93e-03	9.91e-01	8.20e-06	0.00e+00
 2.44241e+15	4.33e-15	8.67e-11	2.86e-07	1.49e-04	9.69e-03	9.90e-01	7.60e-06	0.00e+00
 2.51190e+15	5.44e-15	1.06e-10	3.36e-07	1.68e-04	1.04e-02	9.89e-01	7.17e-06	0.00e+00
 2.58489e+15	6.91e-15	1.29e-10	3.97e-07	1.89e-04	1.11e-02	9.89e-01	6.77e-06	0.00e+00
 2.67868e+15	9.28e-15	1.67e-10	4.90e-07	2.19e-04	1.20e-02	9.88e-01	6.31e-06	0.00e+00
 2.77828e+15	1.25e-14	2.15e-10	6.06e-07	2.54e-04	1.31e-02	9.87e-01	5.87e-06	0.00e+00
 2.86613e+15	1.61e-14	2.69e-10	7.28e-07	2.89e-04	1.41e-02	9.86e-01	5.53e-06	0.00e+00
 2.95993e+15	2.07e-14	3.36e-10	8.78e-07	3.30e-04	1.53e-02	9.84e-01	5.19e-06	0.00e+00
 3.07322e+15	2.80e-14	4.37e-10	1.10e-06	3.86e-04	1.67e-02	9.83e-01	4.83e-06	0.00e+00
 3.17069e+15	3.57e-14	5.43e-10	1.32e-06	4.39e-04	1.80e-02	9.82e-01	4.56e-06	0.00e+00
 3.23601e+15	4.19e-14	6.26e-10	1.48e-06	4.77e-04	1.89e-02	9.81e-01	4.39e-06	0.00e+00
 3.30067e+15	4.90e-14	7.19e-10	1.67e-06	5.17e-04	1.98e-02	9.80e-01	4.24e-06	0.00e+00
 3.38473e+15	5.98e-14	8.58e-10	1.94e-06	5.75e-04	2.11e-02	9.78e-01	4.06e-06	0.00e+00
 3.47906e+15	7.42e-14	1.04e-09	2.28e-06	6.44e-04	2.26e-02	9.77e-01	3.87e-06	0.00e+00
 3.56787e+15	9.03e-14	1.24e-09	2.65e-06	7.14e-04	2.40e-02	9.75e-01	3.71e-06	0.00e+00
 3.66445e+15	1.12e-13	1.50e-09	3.11e-06	7.98e-04	2.56e-02	9.74e-01	3.56e-06	0.00e+00
 3.77156e+15	1.40e-13	1.83e-09	3.70e-06	8.99e-04	2.74e-02	9.72e-01	3.41e-06	0.00e+00
 3.87009e+15	1.71e-13	2.20e-09	4.32e-06	1.00e-03	2.92e-02	9.70e-01	3.28e-06	0.00e+00
 3.97588e+15	2.12e-13	2.66e-09	5.08e-06	1.12e-03	3.11e-02	9.68e-01	3.16e-06	0.00e+00
 4.09457e+15	2.67e-13	3.28e-09	6.07e-06	1.26e-03	3.34e-02	9.65e-01	3.04e-06	0.00e+00
 4.20600e+15	3.29e-13	3.96e-09	7.14e-06	1.41e-03	3.57e-02	9.63e-01	2.93e-06	0.00e+00
 4.32682e+15	4.12e-13	4.85e-09	8.48e-06	1.59e-03	3.82e-02	9.60e-01	2.84e-06	0.00e+00
 4.46195e+15	5.25e-13	6.04e-09	1.02e-05	1.80e-03	4.11e-02	9.57e-01	2.74e-06	0.00e+00
 4.58896e+15	6.55e-13	7.38e-09	1.21e-05	2.02e-03	4.40e-02	9.54e-01	2.66e-06	0.00e+00
 4.72736e+15	8.32e-13	9.14e-09	1.46e-05	2.29e-03	4.72e-02	9.50e-01	2.59e-06	0.00e+00
 4.88340e+15	1.08e-12	1.15e-08	1.78e-05	2.62e-03	5.10e-02	9.46e-01	2.52e-06	0.00e+00
 5.03220e+15	1.37e-12	1.43e-08	2.14e-05	2.96e-03	5.48e-02	9.42e-01	2.46e-06	0.00e+00
 5.19545e+15	1.77e-12	1.81e-08	2.61e-05	3.38e-03	5.91e-02	9.37e-01	2.40e-06	0.00e+00
 5.37603e+15	2.33e-12	2.31e-08	3.22e-05	3.89e-03	6.40e-02	9.32e-01	2.35e-06	0.00e+00
 5.54431e+15	2.98e-12	2.89e-08	3.90e-05	4.42e-03	6.88e-02	9.27e-01	2.31e-06	0.00e+00
 5.68502e+15	3.65e-12	3.46e-08	4.55e-05	4.90e-03	7.29e-02	9.22e-01	2.27e-06	0.00e+00
 5.80396e+15	4.33e-12	4.04e-08	5.18e-05	5.34e-03	7.66e-02	9.18e-01	2.26e-06	0.00e+00
 5.93785e+15	5.27e-12	4.80e-08	5.98e-05	5.87e-03	8.07e-02	9.13e-01	2.23e-06	0.00e+00
 6.11190e+15	6.74e-12	5.97e-08	7.18e-05	6.62e-03	8.64e-02	9.07e-01	2.21e-06	0.00e+00
 6.29128e+15	8.57e-12	7.39e-08	8.60e-05	7.46e-03	9.23e-02	9.00e-01	2.19e-06	0.00e+00
 6.43804e+15	1.04e-11	8.76e-08	9.92e-05	8.20e-03	9.72e-02	8.95e-01	2.17e-06	0.00e+00
 6.58930e+15	1.27e-11	1.05e-07	1.15e-04	9.03e-03	1.02e-01	8.88e-01	2.16e-06	0.00e+00
 6.78594e+15	1.64e-11	1.31e-07	1.39e-04	1.02e-02	1.10e-01	8.80e-01	2.15e-06	0.00e+00
 6.98950e+15	2.11e-11	1.63e-07	1.67e-04	1.15e-02	1.17e-01	8.71e-01	2.14e-06	0.00e+00
 7.15812e+15	2.58e-11	1.95e-07	1.93e-04	1.27e-02	1.23e-01	8.64e-01	2.13e-06	0.00e+00
 7.33342e+15	3.20e-11	2.36e-07	2.26e-04	1.41e-02	1.30e-01	8.55e-01	2.12e-06	0.00e+00
 7.56130e+15	4.19e-11	2.98e-07	2.74e-04	1.60e-02	1.39e-01	8.44e-01	2.09e-06	0.00e+00
 7.79629e+15	5.44e-11	3.75e-07	3.32e-04	1.81e-02	1.49e-01	8.33e-01	2.08e-06	0.00e+00
 7.99185e+15	6.75e-11	4.53e-07	3.88e-04	2.00e-02	1.57e-01	8.23e-01	2.09e-06	0.00e+00
 8.19743e+15	8.49e-11	5.53e-07	4.57e-04	2.22e-02	1.66e-01	8.12e-01	2.08e-06	0.00e+00
 8.46467e+15	1.13e-10	7.10e-07	5.62e-04	2.54e-02	1.77e-01	7.97e-01	2.05e-06	0.00e+00
 8.73761e+15	1.49e-10	9.01e-07	6.85e-04	2.88e-02	1.89e-01	7.82e-01	2.03e-06	0.00e+00
 8.96376e+15	1.86e-10	1.10e-06	8.05e-04	3.20e-02	1.99e-01	7.68e-01	2.04e-06	0.00e+00
 9.20355e+15	2.38e-10	1.35e-06	9.55e-04	3.57e-02	2.10e-01	7.54e-01	2.02e-06	0.00e+00
 9.51528e+15	3.23e-10	1.76e-06	1.18e-03	4.09e-02	2.24e-01	7.34e-01	1.98e-06	0.00e+00
 9.79424e+15	4.09e-10	2.17e-06	1.41e-03	4.58e-02	2.36e-01	7.17e-01	1.97e-06	0.00e+00
 9.97937e+15	4.81e-10	2.50e-06	1.59e-03	4.93e-02	2.44e-01	7.05e-01	1.96e-06	0.00e+00
 1.01688e+16	5.73e-10	2.91e-06	1.80e-03	5.33e-02	2.53e-01	6.92e-01	1.95e-06	0.00e+00
 1.04150e+16	7.18e-10	3.53e-06	2.10e-03	5.88e-02	2.64e-01	6.75e-01	1.93e-06	0.00e+00
 1.06695e+16	8.85e-10	4.23e-06	2.45e-03	6.47e-02	2.76e-01	6.57e-01	1.89e-06	0.00e+00
 1.08986e+16	1.07e-09	5.00e-06	2.81e-03	7.03e-02	2.86e-01	6.41e-01	1.87e-06	0.00e+00
 1.11603e+16	1.34e-09	6.06e-06	3.28e-03	7.74e-02	2.97e-01	6.22e-01	1.83e-06	0.00e+00
 1.14350e+16	1.67e-09	7.31e-06	3.84e-03	8.52e-02	3.09e-01	6.02e-01	1.80e-06	0.00e+00
 1.16859e+16	2.03e-09	8.67e-06	4.42e-03	9.28e-02	3.19e-01	5.84e-01	1.76e-06	0.00e+00
 1.19711e+16	2.58e-09	1.06e-05	5.21e-03	1.02e-01	3.32e-01	5.61e-01	1.72e-06	0.00e+00
 1.22681e+16	3.21e-09	1.28e-05	6.10e-03	1.12e-01	3.43e-01	5.39e-01	1.69e-06	0.00e+00
 1.25321e+16	3.91e-09	1.52e-05	7.01e-03	1.22e-01	3.52e-01	5.19e-01	1.64e-06	0.00e+00
 1.28272e+16	4.95e-09	1.86e-05	8.24e-03	1.34e-01	3.63e-01	4.95e-01	1.60e-06	0.00e+00
 1.31418e+16	6.19e-09	2.25e-05	9.67e-03	1.47e-01	3.73e-01	4.71e-01	1.54e-06	0.00e+00
 1.34209e+16	7.56e-09	2.68e-05	1.11e-02	1.59e-01	3.81e-01	4.49e-01	1.49e-06	0.00e+00
 1.37230e+16	9.54e-09	3.26e-05	1.31e-02	1.74e-01	3.89e-01	4.24e-01	1.44e-06	0.00e+00
 1.40475e+16	1.21e-08	3.99e-05	1.54e-02	1.90e-01	3.97e-01	3.98e-01	1.40e-06	0.00e+00
 1.43335e+16	1.48e-08	4.73e-05	1.77e-02	2.05e-01	4.02e-01	3.76e-01	1.34e-06	0.00e+00
 1.45954e+16	1.79e-08	5.56e-05	2.02e-02	2.19e-01	4.06e-01	3.55e-01	1.30e-06	0.00e+00
 1.48936e+16	2.24e-08	6.71e-05	2.34e-02	2.37e-01	4.09e-01	3.31e-01	1.24e-06	0.00e+00
 1.51990e+16	2.81e-08	8.12e-05	2.73e-02	2.55e-01	4.11e-01	3.06e-01	1.19e-06	0.00e+00
 1.54434e+16	3.34e-08	9.40e-05	3.07e-02	2.70e-01	4.11e-01	2.88e-01	1.15e-06	0.00e+00
 1.56907e+16	4.08e-08	1.11e-04	3.49e-02	2.87e-01	4.10e-01	2.68e-01	1.11e-06	0.00e+00
 1.59632e+16	4.96e-08	1.30e-04	3.99e-02	3.05e-01	4.07e-01	2.48e-01	1.05e-06	0.00e+00
 1.62127e+16	6.10e-08	1.54e-04	4.53e-02	3.22e-01	4.04e-01	2.28e-01	1.02e-06	0.00e+00
 1.64282e+16	7.20e-08	1.77e-04	5.05e-02	3.37e-01	4.00e-01	2.13e-01	9.82e-07	0.00e+00
 1.66551e+16	8.62e-08	2.05e-04	5.67e-02	3.54e-01	3.93e-01	1.96e-01	0.00e+00	0.00e+00
 1.69031e+16	1.08e-07	2.46e-04	6.47e-02	3.72e-01	3.85e-01	1.77e-01	0.00e+00	0.00e+00
 1.71162e+16	1.28e-07	2.82e-04	7.21e-02	3.87e-01	3.77e-01	1.63e-01	0.00e+00	0.00e+00
 1.72998e+16	1.48e-07	3.19e-04	7.93e-02	4.01e-01	3.69e-01	1.51e-01	0.00e+00	0.00e+00
 1.75073e+16	1.74e-07	3.63e-04	8.83e-02	4.16e-01	3.58e-01	1.37e-01	0.00e+00	0.00e+00
 1.77339e+16	2.11e-07	4.26e-04	9.96e-02	4.32e-01	3.45e-01	1.22e-01	0.00e+00	0.00e+00
 1.79313e+16	2.66e-07	5.08e-04	1.12e-01	4.47e-01	3.32e-01	1.09e-01	0.00e+00	0.00e+00
 1.80911e+16	3.12e-07	5.76e-04	1.22e-01	4.58e-01	3.21e-01	9.87e-02	0.00e+00	0.00e+00
 1.82562e+16	3.58e-07	6.45e-04	1.33e-01	4.69e-01	3.08e-01	8.91e-02	0.00e+00	0.00e+00
 1.84709e+16	4.83e-07	8.08e-04	1.53e-01	4.83e-01	2.89e-01	7.50e-02	0.00e+00	0.00e+00
 1.86646e+16	5.71e-07	9.25e-04	1.69e-01	4.93e-01	2.72e-01	6.55e-02	0.00e+00	0.00e+00
 1.87970e+16	6.67e-07	1.04e-03	1.83e-01	4.99e-01	2.59e-01	5.84e-02	0.00e+00	0.00e+00
 1.89166e+16	7.69e-07	1.16e-03	1.96e-01	5.04e-01	2.46e-01	5.23e-02	0.00e+00	0.00e+00
 1.90535e+16	8.75e-07	1.29e-03	2.11e-01	5.10e-01	2.32e-01	4.60e-02	0.00e+00	0.00e+00
 1.92081e+16	1.04e-06	1.48e-03	2.31e-01	5.14e-01	2.15e-01	3.92e-02	0.00e+00	0.00e+00
 1.93471e+16	1.25e-06	1.70e-03	2.50e-01	5.16e-01	1.99e-01	3.33e-02	0.00e+00	0.00e+00
 1.94598e+16	1.53e-06	1.97e-03	2.69e-01	5.16e-01	1.84e-01	2.84e-02	0.00e+00	0.00e+00
 1.95379e+16	1.71e-06	2.13e-03	2.81e-01	5.16e-01	1.75e-01	2.55e-02	0.00e+00	0.00e+00
 1.95923e+16	1.85e-06	2.26e-03	2.91e-01	5.16e-01	1.68e-01	2.36e-02	0.00e+00	0.00e+00
 1.96541e+16	2.02e-06	2.42e-03	3.02e-01	5.14e-01	1.60e-01	2.14e-02	0.00e+00	0.00e+00
 1.97345e+16	2.28e-06	2.64e-03	3.16e-01	5.13e-01	1.50e-01	1.88e-02	0.00e+00	0.00e+00
 1.98189e+16	2.50e-06	2.84e-03	3.30e-01	5.10e-01	1.40e-01	1.65e-02	0.00e+00	0.00e+00
 1.98957e+16	2.90e-06	3.16e-03	3.46e-01	5.06e-01	1.30e-01	1.43e-02	0.00e+00	0.00e+00
 1.99608e+16	3.14e-06	3.35e-03	3.58e-01	5.03e-01	1.23e-01	1.27e-02	0.00e+00	0.00e+00
 2.00235e+16	3.57e-06	3.67e-03	3.72e-01	4.99e-01	1.14e-01	1.11e-02	0.00e+00	0.00e+00
 2.00885e+16	3.96e-06	3.97e-03	3.85e-01	4.94e-01	1.07e-01	9.70e-03	0.00e+00	0.00e+00
 2.01466e+16	4.37e-06	4.26e-03	3.98e-01	4.90e-01	9.97e-02	8.53e-03	0.00e+00	0.00e+00
 2.02120e+16	4.76e-06	4.54e-03	4.11e-01	4.85e-01	9.24e-02	7.41e-03	0.00e+00	0.00e+00
 2.02969e+16	5.68e-06	5.15e-03	4.31e-01	4.76e-01	8.23e-02	5.94e-03	0.00e+00	0.00e+00
 2.03730e+16	6.30e-06	5.55e-03	4.46e-01	4.68e-01	7.48e-02	4.98e-03	0.00e+00	0.00e+00
 2.04266e+16	7.22e-06	6.12e-03	4.61e-01	4.60e-01	6.86e-02	4.20e-03	0.00e+00	0.00e+00
 2.04737e+16	7.86e-06	6.50e-03	4.71e-01	4.55e-01	6.40e-02	3.69e-03	0.00e+00	0.00e+00
 2.05228e+16	8.40e-06	6.82e-03	4.81e-01	4.49e-01	5.96e-02	3.24e-03	0.00e+00	0.00e+00
 2.05867e+16	9.68e-06	7.54e-03	4.97e-01	4.39e-01	5.34e-02	2.63e-03	0.00e+00	0.00e+00
 2.06519e+16	1.10e-05	8.23e-03	5.12e-01	4.30e-01	4.78e-02	2.14e-03	0.00e+00	0.00e+00
 2.07081e+16	1.20e-05	8.78e-03	5.24e-01	4.22e-01	4.36e-02	1.80e-03	0.00e+00	0.00e+00
 2.07704e+16	1.40e-05	9.77e-03	5.40e-01	4.10e-01	3.84e-02	1.42e-03	0.00e+00	0.00e+00
 2.08348e+16	1.58e-05	1.06e-02	5.54e-01	4.00e-01	3.41e-02	1.14e-03	0.00e+00	0.00e+00
 2.09020e+16	1.81e-05	1.17e-02	5.69e-01	3.88e-01	2.98e-02	8.87e-04	0.00e+00	0.00e+00
 2.09756e+16	2.11e-05	1.30e-02	5.86e-01	3.75e-01	2.56e-02	6.71e-04	0.00e+00	0.00e+00
 2.10319e+16	2.37e-05	1.41e-02	5.98e-01	3.65e-01	2.28e-02	5.42e-04	0.00e+00	0.00e+00
 2.10692e+16	2.56e-05	1.49e-02	6.06e-01	3.58e-01	2.10e-02	4.67e-04	0.00e+00	0.00e+00
 2.11078e+16	2.78e-05	1.58e-02	6.14e-01	3.51e-01	1.93e-02	3.98e-04	0.00e+00	0.00e+00
 2.11579e+16	3.09e-05	1.70e-02	6.24e-01	3.41e-01	1.72e-02	3.22e-04	0.00e+00	0.00e+00
 2.12126e+16	3.47e-05	1.84e-02	6.35e-01	3.31e-01	1.52e-02	2.56e-04	0.00e+00	0.00e+00
 2.12626e+16	3.85e-05	1.98e-02	6.45e-01	3.21e-01	1.36e-02	2.08e-04	0.00e+00	0.00e+00
 2.13167e+16	4.32e-05	2.15e-02	6.56e-01	3.11e-01	1.19e-02	1.64e-04	0.00e+00	0.00e+00
 2.13756e+16	4.89e-05	2.34e-02	6.67e-01	2.99e-01	1.04e-02	1.27e-04	0.00e+00	0.00e+00
 2.14293e+16	5.50e-05	2.53e-02	6.76e-01	2.89e-01	9.10e-03	1.00e-04	0.00e+00	0.00e+00
 2.14785e+16	6.05e-05	2.71e-02	6.84e-01	2.80e-01	8.11e-03	8.13e-05	0.00e+00	0.00e+00
 2.15338e+16	6.89e-05	2.96e-02	6.94e-01	2.69e-01	7.02e-03	6.25e-05	0.00e+00	0.00e+00
 2.15921e+16	7.83e-05	3.23e-02	7.04e-01	2.58e-01	6.07e-03	4.80e-05	0.00e+00	0.00e+00
 2.16435e+16	8.76e-05	3.48e-02	7.11e-01	2.48e-01	5.34e-03	3.81e-05	0.00e+00	0.00e+00
 2.16993e+16	9.90e-05	3.79e-02	7.20e-01	2.38e-01	4.61e-03	2.93e-05	0.00e+00	0.00e+00
 2.17610e+16	1.14e-04	4.16e-02	7.28e-01	2.26e-01	3.93e-03	2.20e-05	0.00e+00	0.00e+00
 2.18165e+16	1.28e-04	4.51e-02	7.35e-01	2.16e-01	3.42e-03	1.71e-05	0.00e+00	0.00e+00
 2.18749e+16	1.47e-04	4.95e-02	7.42e-01	2.05e-01	2.91e-03	1.28e-05	0.00e+00	0.00e+00
 2.19361e+16	1.69e-04	5.45e-02	7.49e-01	1.94e-01	2.46e-03	9.60e-06	0.00e+00	0.00e+00
 2.19881e+16	1.92e-04	5.92e-02	7.54e-01	1.84e-01	2.14e-03	7.49e-06	0.00e+00	0.00e+00
 2.20357e+16	2.14e-04	6.38e-02	7.58e-01	1.76e-01	1.88e-03	5.96e-06	0.00e+00	0.00e+00
 2.20902e+16	2.44e-04	6.96e-02	7.62e-01	1.66e-01	1.60e-03	4.54e-06	0.00e+00	0.00e+00
 2.21493e+16	2.83e-04	7.69e-02	7.66e-01	1.56e-01	1.35e-03	3.38e-06	0.00e+00	0.00e+00
 2.22015e+16	3.22e-04	8.37e-02	7.68e-01	1.47e-01	1.16e-03	2.61e-06	0.00e+00	0.00e+00
 2.22488e+16	3.64e-04	9.09e-02	7.69e-01	1.38e-01	1.00e-03	2.04e-06	0.00e+00	0.00e+00
 2.23030e+16	4.18e-04	9.96e-02	7.70e-01	1.29e-01	8.45e-04	1.54e-06	0.00e+00	0.00e+00
 2.23619e+16	4.88e-04	1.10e-01	7.69e-01	1.19e-01	7.03e-04	1.13e-06	0.00e+00	0.00e+00
 2.24135e+16	5.63e-04	1.21e-01	7.67e-01	1.11e-01	5.91e-04	8.52e-07	0.00e+00	0.00e+00
 2.24575e+16	6.37e-04	1.31e-01	7.64e-01	1.03e-01	5.10e-04	0.00e+00	0.00e+00	0.00e+00
 2.25046e+16	7.27e-04	1.43e-01	7.60e-01	9.58e-02	4.31e-04	0.00e+00	0.00e+00	0.00e+00
 2.25576e+16	8.47e-04	1.58e-01	7.53e-01	8.75e-02	3.55e-04	0.00e+00	0.00e+00	0.00e+00
 2.26068e+16	9.83e-04	1.74e-01	7.45e-01	7.98e-02	2.95e-04	0.00e+00	0.00e+00	0.00e+00
 2.26504e+16	1.12e-03	1.90e-01	7.35e-01	7.33e-02	2.49e-04	0.00e+00	0.00e+00	0.00e+00
 2.26982e+16	1.30e-03	2.08e-01	7.24e-01	6.62e-02	2.04e-04	0.00e+00	0.00e+00	0.00e+00
 2.27510e+16	1.54e-03	2.32e-01	7.07e-01	5.87e-02	1.62e-04	0.00e+00	0.00e+00	0.00e+00
 2.27984e+16	1.81e-03	2.56e-01	6.90e-01	5.21e-02	1.31e-04	0.00e+00	0.00e+00	0.00e+00
 2.28407e+16	2.09e-03	2.80e-01	6.71e-01	4.64e-02	1.06e-04	0.00e+00	0.00e+00	0.00e+00
 2.28881e+16	2.45e-03	3.09e-01	6.48e-01	4.04e-02	8.35e-05	0.00e+00	0.00e+00	0.00e+00
 2.29498e+16	3.03e-03	3.50e-01	6.14e-01	3.32e-02	5.97e-05	0.00e+00	0.00e+00	0.00e+00
 2.30115e+16	3.82e-03	4.01e-01	5.69e-01	2.63e-02	4.08e-05	0.00e+00	0.00e+00	0.00e+00
 2.30565e+16	4.58e-03	4.43e-01	5.31e-01	2.16e-02	3.00e-05	0.00e+00	0.00e+00	0.00e+00
 2.30909e+16	5.24e-03	4.78e-01	4.99e-01	1.83e-02	2.32e-05	0.00e+00	0.00e+00	0.00e+00
 2.31282e+16	6.05e-03	5.15e-01	4.64e-01	1.52e-02	1.74e-05	0.00e+00	0.00e+00	0.00e+00
 2.31768e+16	7.29e-03	5.66e-01	4.15e-01	1.15e-02	1.15e-05	0.00e+00	0.00e+00	0.00e+00
 2.32242e+16	8.92e-03	6.23e-01	3.60e-01	8.34e-03	7.26e-06	0.00e+00	0.00e+00	0.00e+00
 2.32573e+16	1.03e-02	6.65e-01	3.19e-01	6.41e-03	5.01e-06	0.00e+00	0.00e+00	0.00e+00
 2.32815e+16	1.15e-02	6.94e-01	2.89e-01	5.23e-03	3.77e-06	0.00e+00	0.00e+00	0.00e+00
 2.33072e+16	1.28e-02	7.24e-01	2.59e-01	4.16e-03	2.75e-06	0.00e+00	0.00e+00	0.00e+00
 2.33407e+16	1.47e-02	7.60e-01	2.22e-01	3.03e-03	1.78e-06	0.00e+00	0.00e+00	0.00e+00
 2.33757e+16	1.72e-02	7.98e-01	1.82e-01	2.06e-03	1.06e-06	0.00e+00	0.00e+00	0.00e+00
 2.34032e+16	1.97e-02	8.27e-01	1.52e-01	1.45e-03	6.66e-07	0.00e+00	0.00e+00	0.00e+00
 2.34239e+16	2.17e-02	8.46e-01	1.31e-01	1.10e-03	0.00e+00	0.00e+00	0.00e+00	0.00e+00
 2.34453e+16	2.39e-02	8.64e-01	1.12e-01	8.11e-04	0.00e+00	0.00e+00	0.00e+00	0.00e+00
 2.34732e+16	2.72e-02	8.83e-01	8.94e-02	5.35e-04	0.00e+00	0.00e+00	0.00e+00	0.00e+00
 2.35019e+16	3.15e-02	9.00e-01	6.84e-02	3.28e-04	0.00e+00	0.00e+00	0.00e+00	0.00e+00
 2.35239e+16	3.52e-02	9.10e-01	5.41e-02	2.16e-04	0.00e+00	0.00e+00	0.00e+00	0.00e+00
 2.35403e+16	3.85e-02	9.16e-01	4.51e-02	1.56e-04	0.00e+00	0.00e+00	0.00e+00	0.00e+00
 2.35573e+16	4.21e-02	9.20e-01	3.73e-02	1.10e-04	0.00e+00	0.00e+00	0.00e+00	0.00e+00
 2.35795e+16	4.73e-02	9.24e-01	2.87e-02	6.88e-05	0.00e+00	0.00e+00	0.00e+00	0.00e+00
 2.36016e+16	5.35e-02	9.25e-01	2.14e-02	4.09e-05	0.00e+00	0.00e+00	0.00e+00	0.00e+00
 2.36177e+16	5.87e-02	9.24e-01	1.69e-02	2.71e-05	0.00e+00	0.00e+00	0.00e+00	0.00e+00
 2.36300e+16	6.30e-02	9.23e-01	1.41e-02	1.98e-05	0.00e+00	0.00e+00	0.00e+00	0.00e+00
 2.36426e+16	6.76e-02	9.21e-01	1.17e-02	1.42e-05	0.00e+00	0.00e+00	0.00e+00	0.00e+00
 2.36578e+16	7.36e-02	9.17e-01	9.27e-03	9.42e-06	0.00e+00	0.00e+00	0.00e+00	0.00e+00
 2.36732e+16	8.03e-02	9.12e-01	7.21e-03	6.09e-06	0.00e+00	0.00e+00	0.00e+00	0.00e+00
 2.36861e+16	8.65e-02	9.08e-01	5.79e-03	4.18e-06	0.00e+00	0.00e+00	0.00e+00	0.00e+00
 2.36964e+16	9.14e-02	9.04e-01	4.85e-03	3.08e-06	0.00e+00	0.00e+00	0.00e+00	0.00e+00
 2.37057e+16	9.62e-02	9.00e-01	4.13e-03	2.34e-06	0.00e+00	0.00e+00	0.00e+00	0.00e+00
 2.37148e+16	1.01e-01	8.95e-01	3.51e-03	1.78e-06	0.00e+00	0.00e+00	0.00e+00	0.00e+00
 2.37224e+16	1.05e-01	8.92e-01	3.07e-03	1.42e-06	0.00e+00	0.00e+00	0.00e+00	0.00e+00
 2.37275e+16	1.08e-01	8.89e-01	2.80e-03	1.22e-06	0.00e+00	0.00e+00	0.00e+00	0.00e+00
 2.37320e+16	1.10e-01	8.87e-01	2.59e-03	1.07e-06	0.00e+00	0.00e+00	0.00e+00	0.00e+00
 2.37373e+16	1.14e-01	8.84e-01	2.35e-03	9.09e-07	0.00e+00	0.00e+00	0.00e+00	0.00e+00
 2.37433e+16	1.17e-01	8.81e-01	2.10e-03	0.00e+00	0.00e+00	0.00e+00	0.00e+00	0.00e+00
 2.37493e+16	1.21e-01	8.78e-01	1.89e-03	0.00e+00	0.00e+00	0.00e+00	0.00e+00	0.00e+00
 2.37548e+16	1.24e-01	8.75e-01	1.71e-03	0.00e+00	0.00e+00	0.00e+00	0.00e+00	0.00e+00
 2.37601e+16	1.27e-01	8.72e-01	1.55e-03	0.00e+00	0.00e+00	0.00e+00	0.00e+00	0.00e+00
 2.37657e+16	1.30e-01	8.68e-01	1.40e-03	0.00e+00	0.00e+00	0.00e+00	0.00e+00	0.00e+00
 2.37713e+16	1.34e-01	8.65e-01	1.26e-03	0.00e+00	0.00e+00	0.00e+00	0.00e+00	0.00e+00
 2.37770e+16	1.37e-01	8.62e-01	1.14e-03	0.00e+00	0.00e+00	0.00e+00	0.00e+00	0.00e+00
 2.37826e+16	1.41e-01	8.58e-01	1.03e-03	0.00e+00	0.00e+00	0.00e+00	0.00e+00	0.00e+00
 2.37883e+16	1.44e-01	8.55e-01	9.31e-04	0.00e+00	0.00e+00	0.00e+00	0.00e+00	0.00e+00
 2.37942e+16	1.48e-01	8.52e-01	8.38e-04	0.00e+00	0.00e+00	0.00e+00	0.00e+00	0.00e+00
 2.38001e+16	1.51e-01	8.48e-01	7.57e-04	0.00e+00	0.00e+00	0.00e+00	0.00e+00	0.00e+00
 2.38060e+16	1.55e-01	8.44e-01	6.82e-04	0.00e+00	0.00e+00	0.00e+00	0.00e+00	0.00e+00
 2.38121e+16	1.59e-01	8.41e-01	6.15e-04	0.00e+00	0.00e+00	0.00e+00	0.00e+00	0.00e+00
 2.38184e+16	1.62e-01	8.37e-01	5.53e-04	0.00e+00	0.00e+00	0.00e+00	0.00e+00	0.00e+00
 2.38248e+16	1.66e-01	8.33e-01	4.99e-04	0.00e+00	0.00e+00	0.00e+00	0.00e+00	0.00e+00
 2.38314e+16	1.71e-01	8.29e-01	4.48e-04	0.00e+00	0.00e+00	0.00e+00	0.00e+00	0.00e+00
 2.38384e+16	1.74e-01	8.25e-01	4.03e-04	0.00e+00	0.00e+00	0.00e+00	0.00e+00	0.00e+00
 2.38455e+16	1.78e-01	8.21e-01	3.63e-04	0.00e+00	0.00e+00	0.00e+00	0.00e+00	0.00e+00
 2.38529e+16	1.83e-01	8.17e-01	3.27e-04	0.00e+00	0.00e+00	0.00e+00	0.00e+00	0.00e+00
 2.38607e+16	1.87e-01	8.13e-01	2.95e-04	0.00e+00	0.00e+00	0.00e+00	0.00e+00	0.00e+00
 2.38688e+16	1.91e-01	8.09e-01	2.66e-04	0.00e+00	0.00e+00	0.00e+00	0.00e+00	0.00e+00
 2.38774e+16	1.95e-01	8.04e-01	2.42e-04	0.00e+00	0.00e+00	0.00e+00	0.00e+00	0.00e+00
 2.38865e+16	2.00e-01	8.00e-01	2.20e-04	0.00e+00	0.00e+00	0.00e+00	0.00e+00	0.00e+00
 2.38963e+16	2.04e-01	7.96e-01	2.00e-04	0.00e+00	0.00e+00	0.00e+00	0.00e+00	0.00e+00
 2.39073e+16	2.09e-01	7.91e-01	1.83e-04	0.00e+00	0.00e+00	0.00e+00	0.00e+00	0.00e+00
 2.39197e+16	2.13e-01	7.87e-01	1.68e-04	0.00e+00	0.00e+00	0.00e+00	0.00e+00	0.00e+00
 2.39330e+16	2.18e-01	7.82e-01	1.56e-04	0.00e+00	0.00e+00	0.00e+00	0.00e+00	0.00e+00
 2.39466e+16	2.21e-01	7.78e-01	1.46e-04	0.00e+00	0.00e+00	0.00e+00	0.00e+00	0.00e+00
 2.39600e+16	2.25e-01	7.75e-01	1.39e-04	0.00e+00	0.00e+00	0.00e+00	0.00e+00	0.00e+00
 2.39732e+16	2.27e-01	7.72e-01	1.33e-04	0.00e+00	0.00e+00	0.00e+00	0.00e+00	0.00e+00
 2.39863e+16	2.30e-01	7.70e-01	1.29e-04	0.00e+00	0.00e+00	0.00e+00	0.00e+00	0.00e+00
 2.40012e+16	2.33e-01	7.67e-01	1.24e-04	0.00e+00	0.00e+00	0.00e+00	0.00e+00	0.00e+00
