#depth	C	C+	C+2	C+3	C+4	C+5	C+6	C[1]	C[2]	C[3]	C+[1]	C+[2]	CO
 1.49634e+10	0.00e+00	1.00e-31	1.68e-21	6.45e-12	6.91e-02	9.28e-01	3.17e-03	0.00e+00	0.00e+00	0.00e+00	0.00e+00	0.00e+00	1.32e-163
 4.54887e+10	6.12e-43	1.36e-31	2.11e-21	7.48e-12	7.40e-02	9.23e-01	2.91e-03	0.00e+00	0.00e+00	0.00e+00	0.00e+00	0.00e+00	1.01e-206
 7.72350e+10	0.00e+00	1.86e-31	2.67e-21	8.73e-12	7.98e-02	9.17e-01	2.68e-03	0.00e+00	0.00e+00	0.00e+00	0.00e+00	0.00e+00	1.63e-162
 1.10251e+11	1.34e-42	2.54e-31	3.37e-21	1.02e-11	8.61e-02	9.11e-01	2.46e-03	0.00e+00	0.00e+00	0.00e+00	0.00e+00	0.00e+00	6.58e-206
 1.44588e+11	0.00e+00	3.47e-31	4.26e-21	1.19e-11	9.27e-02	9.05e-01	2.25e-03	0.00e+00	0.00e+00	0.00e+00	0.00e+00	0.00e+00	2.00e-161
 1.80298e+11	2.94e-42	4.75e-31	5.38e-21	1.39e-11	9.99e-02	8.98e-01	2.06e-03	0.00e+00	0.00e+00	0.00e+00	0.00e+00	0.00e+00	4.29e-205
 2.17437e+11	0.00e+00	6.49e-31	6.79e-21	1.62e-11	1.08e-01	8.91e-01	1.89e-03	0.00e+00	0.00e+00	0.00e+00	0.00e+00	0.00e+00	2.48e-160
 2.56061e+11	6.43e-42	8.87e-31	8.58e-21	1.88e-11	1.16e-01	8.83e-01	1.73e-03	0.00e+00	0.00e+00	0.00e+00	0.00e+00	0.00e+00	2.80e-204
 2.96231e+11	0.00e+00	1.21e-30	1.08e-20	2.19e-11	1.25e-01	8.74e-01	1.58e-03	0.00e+00	0.00e+00	0.00e+00	0.00e+00	0.00e+00	3.07e-159
 3.38007e+11	1.41e-41	1.66e-30	1.37e-20	2.56e-11	1.34e-01	8.65e-01	1.44e-03	0.00e+00	0.00e+00	0.00e+00	0.00e+00	0.00e+00	1.83e-203
 3.81454e+11	0.00e+00	2.26e-30	1.72e-20	2.98e-11	1.44e-01	8.55e-01	1.32e-03	0.00e+00	0.00e+00	0.00e+00	0.00e+00	0.00e+00	3.82e-158
 4.26639e+11	3.09e-41	3.09e-30	2.17e-20	3.46e-11	1.55e-01	8.44e-01	1.20e-03	0.00e+00	0.00e+00	0.00e+00	0.00e+00	0.00e+00	1.19e-202
 4.73631e+11	0.00e+00	4.22e-30	2.74e-20	4.03e-11	1.66e-01	8.33e-01	1.09e-03	0.00e+00	0.00e+00	0.00e+00	0.00e+00	0.00e+00	4.76e-157
 5.18115e+11	6.52e-41	5.61e-30	3.38e-20	4.62e-11	1.77e-01	8.22e-01	1.00e-03	0.00e+00	0.00e+00	0.00e+00	0.00e+00	0.00e+00	7.72e-202
 5.58337e+11	0.00e+00	7.19e-30	4.07e-20	5.21e-11	1.87e-01	8.12e-01	9.29e-04	0.00e+00	0.00e+00	0.00e+00	0.00e+00	0.00e+00	4.12e-156
 6.03635e+11	1.26e-40	9.43e-30	4.98e-20	5.94e-11	1.99e-01	8.01e-01	8.54e-04	0.00e+00	0.00e+00	0.00e+00	0.00e+00	0.00e+00	3.90e-201
 6.56786e+11	0.00e+00	1.28e-29	6.24e-20	6.87e-11	2.12e-01	7.87e-01	7.75e-04	0.00e+00	0.00e+00	0.00e+00	0.00e+00	0.00e+00	4.30e-155
 7.09536e+11	2.66e-40	1.71e-29	7.74e-20	7.90e-11	2.26e-01	7.73e-01	7.06e-04	0.00e+00	0.00e+00	0.00e+00	0.00e+00	0.00e+00	2.17e-200
 7.59360e+11	0.00e+00	2.23e-29	9.43e-20	8.97e-11	2.39e-01	7.60e-01	6.47e-04	0.00e+00	0.00e+00	0.00e+00	0.00e+00	0.00e+00	4.18e-154
 8.14625e+11	5.34e-40	2.97e-29	1.16e-19	1.03e-10	2.54e-01	7.45e-01	5.88e-04	0.00e+00	0.00e+00	0.00e+00	0.00e+00	0.00e+00	4.48e-211
 8.77137e+11	0.00e+00	4.05e-29	1.46e-19	1.19e-10	2.71e-01	7.29e-01	5.30e-04	0.00e+00	0.00e+00	0.00e+00	0.00e+00	0.00e+00	4.78e-153
 9.39548e+11	1.15e-39	5.44e-29	1.82e-19	1.37e-10	2.88e-01	7.12e-01	4.78e-04	0.00e+00	0.00e+00	0.00e+00	0.00e+00	0.00e+00	7.00e-199
 9.99821e+11	0.00e+00	7.17e-29	2.23e-19	1.55e-10	3.04e-01	6.95e-01	4.34e-04	0.00e+00	0.00e+00	0.00e+00	0.00e+00	0.00e+00	5.03e-152
 1.06511e+12	2.34e-39	9.57e-29	2.76e-19	1.78e-10	3.22e-01	6.77e-01	3.91e-04	0.00e+00	0.00e+00	0.00e+00	0.00e+00	0.00e+00	3.32e-198
 1.13764e+12	0.00e+00	1.30e-28	3.46e-19	2.05e-10	3.42e-01	6.58e-01	3.50e-04	0.00e+00	0.00e+00	0.00e+00	0.00e+00	0.00e+00	5.91e-151
 1.21026e+12	5.03e-39	1.75e-28	4.29e-19	2.35e-10	3.61e-01	6.38e-01	3.13e-04	0.00e+00	0.00e+00	0.00e+00	0.00e+00	0.00e+00	9.56e-198
 1.28578e+12	0.00e+00	2.35e-28	5.33e-19	2.69e-10	3.82e-01	6.18e-01	2.80e-04	0.00e+00	0.00e+00	0.00e+00	0.00e+00	0.00e+00	6.87e-150
 1.36714e+12	1.08e-38	3.18e-28	6.66e-19	3.09e-10	4.03e-01	5.97e-01	2.48e-04	0.00e+00	0.00e+00	0.00e+00	0.00e+00	0.00e+00	9.56e-197
 1.45175e+12	0.00e+00	4.31e-28	8.32e-19	3.55e-10	4.25e-01	5.75e-01	2.20e-04	0.00e+00	0.00e+00	0.00e+00	0.00e+00	0.00e+00	8.80e-149
 1.53975e+12	2.34e-38	5.84e-28	1.04e-18	4.06e-10	4.48e-01	5.52e-01	1.94e-04	0.00e+00	0.00e+00	0.00e+00	0.00e+00	0.00e+00	4.14e-196
 1.63127e+12	0.00e+00	7.90e-28	1.29e-18	4.65e-10	4.70e-01	5.29e-01	1.71e-04	0.00e+00	0.00e+00	0.00e+00	0.00e+00	0.00e+00	1.13e-147
 1.72644e+12	5.05e-38	1.07e-27	1.61e-18	5.31e-10	4.93e-01	5.07e-01	1.50e-04	0.00e+00	0.00e+00	0.00e+00	0.00e+00	0.00e+00	1.30e-194
 1.82543e+12	0.00e+00	1.44e-27	2.00e-18	6.06e-10	5.16e-01	4.83e-01	1.32e-04	0.00e+00	0.00e+00	0.00e+00	0.00e+00	0.00e+00	1.45e-146
 1.92837e+12	1.09e-37	1.94e-27	2.48e-18	6.90e-10	5.40e-01	4.60e-01	1.15e-04	0.00e+00	0.00e+00	0.00e+00	0.00e+00	0.00e+00	1.56e-193
 2.03543e+12	0.00e+00	2.61e-27	3.07e-18	7.84e-10	5.63e-01	4.37e-01	1.00e-04	0.00e+00	0.00e+00	0.00e+00	0.00e+00	0.00e+00	1.86e-145
 2.14678e+12	2.33e-37	3.51e-27	3.80e-18	8.90e-10	5.85e-01	4.14e-01	8.73e-05	0.00e+00	0.00e+00	0.00e+00	0.00e+00	0.00e+00	0.00e+00
 2.26258e+12	0.00e+00	4.72e-27	4.70e-18	1.01e-09	6.08e-01	3.92e-01	7.57e-05	0.00e+00	0.00e+00	0.00e+00	0.00e+00	0.00e+00	2.40e-144
 2.37497e+12	4.86e-37	6.21e-27	5.72e-18	1.13e-09	6.29e-01	3.71e-01	6.61e-05	0.00e+00	0.00e+00	0.00e+00	0.00e+00	0.00e+00	0.00e+00
 2.48088e+12	0.00e+00	7.96e-27	6.83e-18	1.26e-09	6.47e-01	3.53e-01	5.83e-05	0.00e+00	0.00e+00	0.00e+00	0.00e+00	0.00e+00	2.34e-143
 2.59906e+12	9.47e-37	1.04e-26	8.27e-18	1.40e-09	6.67e-01	3.33e-01	5.08e-05	0.00e+00	0.00e+00	0.00e+00	0.00e+00	0.00e+00	3.83e-190
 2.73295e+12	0.00e+00	1.39e-26	1.02e-17	1.58e-09	6.88e-01	3.12e-01	4.36e-05	0.00e+00	0.00e+00	0.00e+00	0.00e+00	0.00e+00	2.70e-142
 2.86510e+12	1.97e-36	1.83e-26	1.24e-17	1.77e-09	7.07e-01	2.93e-01	3.76e-05	0.00e+00	0.00e+00	0.00e+00	0.00e+00	0.00e+00	9.71e-202
 3.00253e+12	0.00e+00	2.41e-26	1.50e-17	1.97e-09	7.25e-01	2.75e-01	3.24e-05	0.00e+00	0.00e+00	0.00e+00	0.00e+00	0.00e+00	3.05e-141
 3.15256e+12	4.08e-36	3.21e-26	1.84e-17	2.21e-09	7.44e-01	2.56e-01	2.76e-05	0.00e+00	0.00e+00	0.00e+00	0.00e+00	0.00e+00	0.00e+00
 3.30397e+12	0.00e+00	4.24e-26	2.25e-17	2.47e-09	7.61e-01	2.39e-01	2.36e-05	0.00e+00	0.00e+00	0.00e+00	0.00e+00	0.00e+00	3.75e-140
 3.46144e+12	8.40e-36	5.59e-26	2.73e-17	2.76e-09	7.78e-01	2.22e-01	2.01e-05	0.00e+00	0.00e+00	0.00e+00	0.00e+00	0.00e+00	9.89e-200
 3.62982e+12	0.00e+00	7.42e-26	3.34e-17	3.08e-09	7.94e-01	2.06e-01	1.71e-05	0.00e+00	0.00e+00	0.00e+00	0.00e+00	0.00e+00	4.60e-139
 3.80494e+12	1.75e-35	9.84e-26	4.08e-17	3.44e-09	8.09e-01	1.91e-01	1.44e-05	0.00e+00	0.00e+00	0.00e+00	0.00e+00	0.00e+00	0.00e+00
 3.98707e+12	0.00e+00	1.30e-25	4.98e-17	3.84e-09	8.24e-01	1.76e-01	1.22e-05	0.00e+00	0.00e+00	0.00e+00	0.00e+00	0.00e+00	5.82e-138
 4.17648e+12	3.65e-35	1.73e-25	6.07e-17	4.28e-09	8.37e-01	1.63e-01	1.02e-05	0.00e+00	0.00e+00	0.00e+00	0.00e+00	0.00e+00	0.00e+00
 4.35137e+12	0.00e+00	2.21e-25	7.24e-17	4.71e-09	8.49e-01	1.51e-01	8.78e-06	0.00e+00	0.00e+00	0.00e+00	0.00e+00	0.00e+00	6.37e-137
 4.50276e+12	6.64e-35	2.73e-25	8.38e-17	5.10e-09	8.58e-01	1.42e-01	7.71e-06	0.00e+00	0.00e+00	0.00e+00	0.00e+00	0.00e+00	4.30e-99
 4.67082e+12	8.88e-35	3.41e-25	9.81e-17	5.56e-09	8.67e-01	1.33e-01	6.69e-06	0.00e+00	0.00e+00	0.00e+00	0.00e+00	0.00e+00	0.00e+00
 4.87609e+12	1.25e-34	4.43e-25	1.18e-16	6.15e-09	8.77e-01	1.23e-01	5.66e-06	0.00e+00	0.00e+00	0.00e+00	0.00e+00	0.00e+00	4.93e-117
 5.08554e+12	1.75e-34	5.73e-25	1.42e-16	6.78e-09	8.87e-01	1.13e-01	4.79e-06	0.00e+00	0.00e+00	0.00e+00	0.00e+00	0.00e+00	4.88e-98
 5.27684e+12	2.36e-34	7.19e-25	1.66e-16	7.39e-09	8.95e-01	1.05e-01	4.13e-06	0.00e+00	0.00e+00	0.00e+00	0.00e+00	0.00e+00	0.00e+00
 5.48874e+12	3.23e-34	9.16e-25	1.98e-16	8.10e-09	9.02e-01	9.76e-02	3.52e-06	0.00e+00	0.00e+00	0.00e+00	0.00e+00	0.00e+00	8.72e-116
 5.73564e+12	4.61e-34	1.20e-24	2.39e-16	8.98e-09	9.11e-01	8.94e-02	2.93e-06	0.00e+00	0.00e+00	0.00e+00	0.00e+00	0.00e+00	5.44e-97
 5.97863e+12	6.43e-34	1.55e-24	2.87e-16	9.89e-09	9.18e-01	8.22e-02	2.47e-06	0.00e+00	0.00e+00	0.00e+00	0.00e+00	0.00e+00	0.00e+00
 6.20865e+12	8.72e-34	1.96e-24	3.39e-16	1.08e-08	9.24e-01	7.61e-02	2.11e-06	0.00e+00	0.00e+00	0.00e+00	0.00e+00	0.00e+00	1.77e-114
 6.46422e+12	1.21e-33	2.51e-24	4.04e-16	1.19e-08	9.30e-01	7.00e-02	1.78e-06	0.00e+00	0.00e+00	0.00e+00	0.00e+00	0.00e+00	5.97e-96
 6.75271e+12	1.72e-33	3.29e-24	4.90e-16	1.32e-08	9.36e-01	6.39e-02	1.47e-06	0.00e+00	0.00e+00	0.00e+00	0.00e+00	0.00e+00	1.39e-113
 7.04317e+12	2.41e-33	4.26e-24	5.90e-16	1.45e-08	9.42e-01	5.84e-02	1.23e-06	0.00e+00	0.00e+00	0.00e+00	0.00e+00	0.00e+00	3.30e-95
 7.34525e+12	3.37e-33	5.53e-24	7.11e-16	1.60e-08	9.47e-01	5.33e-02	1.02e-06	0.00e+00	0.00e+00	0.00e+00	0.00e+00	0.00e+00	1.10e-112
 7.66899e+12	4.77e-33	7.21e-24	8.60e-16	1.78e-08	9.51e-01	4.86e-02	8.46e-07	0.00e+00	0.00e+00	0.00e+00	0.00e+00	0.00e+00	1.78e-94
 8.00567e+12	6.72e-33	9.39e-24	1.04e-15	1.97e-08	9.56e-01	4.42e-02	0.00e+00	0.00e+00	0.00e+00	0.00e+00	0.00e+00	0.00e+00	9.03e-112
 8.35583e+12	9.45e-33	1.22e-23	1.26e-15	2.18e-08	9.60e-01	4.02e-02	0.00e+00	0.00e+00	0.00e+00	0.00e+00	0.00e+00	0.00e+00	9.62e-94
 8.71999e+12	1.33e-32	1.59e-23	1.52e-15	2.41e-08	9.63e-01	3.66e-02	0.00e+00	0.00e+00	0.00e+00	0.00e+00	0.00e+00	0.00e+00	7.28e-111
 9.09871e+12	1.86e-32	2.06e-23	1.84e-15	2.67e-08	9.67e-01	3.32e-02	0.00e+00	0.00e+00	0.00e+00	0.00e+00	0.00e+00	0.00e+00	5.03e-93
 9.49259e+12	2.59e-32	2.66e-23	2.22e-15	2.95e-08	9.70e-01	3.02e-02	0.00e+00	0.00e+00	0.00e+00	0.00e+00	0.00e+00	0.00e+00	5.73e-110
 9.89029e+12	3.57e-32	3.42e-23	2.66e-15	3.26e-08	9.73e-01	2.75e-02	0.00e+00	0.00e+00	0.00e+00	0.00e+00	0.00e+00	0.00e+00	2.49e-92
 1.03039e+13	4.91e-32	4.38e-23	3.19e-15	3.59e-08	9.75e-01	2.50e-02	0.00e+00	0.00e+00	0.00e+00	0.00e+00	0.00e+00	0.00e+00	4.15e-109
 1.07195e+13	6.66e-32	5.55e-23	3.80e-15	3.95e-08	9.77e-01	2.29e-02	0.00e+00	0.00e+00	0.00e+00	0.00e+00	0.00e+00	0.00e+00	1.14e-91
 1.11104e+13	8.77e-32	6.88e-23	4.46e-15	4.30e-08	9.79e-01	2.10e-02	0.00e+00	0.00e+00	0.00e+00	0.00e+00	0.00e+00	0.00e+00	2.53e-108
 1.15434e+13	1.17e-31	8.63e-23	5.27e-15	4.71e-08	9.81e-01	1.93e-02	0.00e+00	0.00e+00	0.00e+00	0.00e+00	0.00e+00	0.00e+00	4.57e-91
 1.20197e+13	1.59e-31	1.10e-22	6.30e-15	5.19e-08	9.82e-01	1.76e-02	0.00e+00	0.00e+00	0.00e+00	0.00e+00	0.00e+00	0.00e+00	1.65e-107
 1.24738e+13	2.11e-31	1.36e-22	7.41e-15	5.67e-08	9.84e-01	1.61e-02	0.00e+00	0.00e+00	0.00e+00	0.00e+00	0.00e+00	0.00e+00	1.91e-90
 1.28989e+13	2.71e-31	1.66e-22	8.58e-15	6.14e-08	9.85e-01	1.49e-02	0.00e+00	0.00e+00	0.00e+00	0.00e+00	0.00e+00	0.00e+00	8.76e-107
 1.33733e+13	3.54e-31	2.05e-22	1.00e-14	6.69e-08	9.86e-01	1.37e-02	0.00e+00	0.00e+00	0.00e+00	0.00e+00	0.00e+00	0.00e+00	6.85e-90
 1.39088e+13	4.73e-31	2.57e-22	1.19e-14	7.35e-08	9.87e-01	1.25e-02	0.00e+00	0.00e+00	0.00e+00	0.00e+00	0.00e+00	0.00e+00	5.17e-106
 1.44221e+13	6.17e-31	3.17e-22	1.39e-14	8.00e-08	9.88e-01	1.15e-02	0.00e+00	0.00e+00	0.00e+00	0.00e+00	0.00e+00	0.00e+00	2.69e-89
 1.49763e+13	8.13e-31	3.94e-22	1.63e-14	8.74e-08	9.89e-01	1.06e-02	0.00e+00	0.00e+00	0.00e+00	0.00e+00	0.00e+00	0.00e+00	2.93e-105
 1.55916e+13	1.09e-30	4.95e-22	1.94e-14	9.61e-08	9.90e-01	9.62e-03	0.00e+00	0.00e+00	0.00e+00	0.00e+00	0.00e+00	0.00e+00	1.10e-88
 1.61866e+13	1.43e-30	6.13e-22	2.28e-14	1.05e-07	9.91e-01	8.83e-03	0.00e+00	0.00e+00	0.00e+00	0.00e+00	0.00e+00	0.00e+00	1.80e-104
 1.67111e+13	1.79e-30	7.34e-22	2.61e-14	1.13e-07	9.92e-01	8.21e-03	0.00e+00	0.00e+00	0.00e+00	0.00e+00	0.00e+00	0.00e+00	3.86e-88
 1.71810e+13	2.19e-30	8.59e-22	2.93e-14	1.20e-07	9.92e-01	7.71e-03	0.00e+00	0.00e+00	0.00e+00	0.00e+00	0.00e+00	0.00e+00	7.29e-104
 1.77181e+13	2.73e-30	1.02e-21	3.33e-14	1.29e-07	9.93e-01	7.19e-03	0.00e+00	0.00e+00	0.00e+00	0.00e+00	0.00e+00	0.00e+00	1.12e-87
 1.83971e+13	3.57e-30	1.26e-21	3.90e-14	1.41e-07	9.93e-01	6.61e-03	0.00e+00	0.00e+00	0.00e+00	0.00e+00	0.00e+00	0.00e+00	3.62e-103
 1.90906e+13	4.65e-30	1.55e-21	4.55e-14	1.53e-07	9.94e-01	6.08e-03	0.00e+00	0.00e+00	0.00e+00	0.00e+00	0.00e+00	0.00e+00	4.34e-87
 1.96861e+13	5.79e-30	1.84e-21	5.17e-14	1.64e-07	9.94e-01	5.68e-03	0.00e+00	0.00e+00	0.00e+00	0.00e+00	0.00e+00	0.00e+00	1.78e-102
 2.03241e+13	7.28e-30	2.21e-21	5.90e-14	1.77e-07	9.95e-01	5.29e-03	0.00e+00	0.00e+00	0.00e+00	0.00e+00	0.00e+00	0.00e+00	1.38e-86
 2.11133e+13	9.55e-30	2.73e-21	6.90e-14	1.92e-07	9.95e-01	4.86e-03	0.00e+00	0.00e+00	0.00e+00	0.00e+00	0.00e+00	0.00e+00	9.30e-102
 2.19216e+13	1.25e-29	3.37e-21	8.05e-14	2.09e-07	9.96e-01	4.48e-03	0.00e+00	0.00e+00	0.00e+00	0.00e+00	0.00e+00	0.00e+00	5.65e-86
 2.26498e+13	1.58e-29	4.04e-21	9.20e-14	2.25e-07	9.96e-01	4.17e-03	0.00e+00	0.00e+00	0.00e+00	0.00e+00	0.00e+00	0.00e+00	4.93e-101
 2.34513e+13	2.03e-29	4.91e-21	1.06e-13	2.42e-07	9.96e-01	3.86e-03	0.00e+00	0.00e+00	0.00e+00	0.00e+00	0.00e+00	0.00e+00	2.02e-85
 2.43975e+13	2.70e-29	6.14e-21	1.24e-13	2.64e-07	9.96e-01	3.55e-03	0.00e+00	0.00e+00	0.00e+00	0.00e+00	0.00e+00	0.00e+00	2.92e-100
 2.53477e+13	3.56e-29	7.60e-21	1.45e-13	2.87e-07	9.97e-01	3.27e-03	0.00e+00	0.00e+00	0.00e+00	0.00e+00	0.00e+00	0.00e+00	8.95e-85
 2.62557e+13	4.60e-29	9.28e-21	1.67e-13	3.10e-07	9.97e-01	3.03e-03	0.00e+00	0.00e+00	0.00e+00	0.00e+00	0.00e+00	0.00e+00	1.72e-99
 2.72556e+13	6.05e-29	1.15e-20	1.94e-13	3.35e-07	9.97e-01	2.80e-03	0.00e+00	0.00e+00	0.00e+00	0.00e+00	0.00e+00	0.00e+00	3.70e-84
 2.83758e+13	8.13e-29	1.44e-20	2.29e-13	3.65e-07	9.97e-01	2.57e-03	0.00e+00	0.00e+00	0.00e+00	0.00e+00	0.00e+00	0.00e+00	1.14e-98
 2.95407e+13	1.09e-28	1.81e-20	2.68e-13	3.97e-07	9.98e-01	2.37e-03	0.00e+00	0.00e+00	0.00e+00	0.00e+00	0.00e+00	0.00e+00	1.83e-83
 3.07523e+13	1.47e-28	2.27e-20	3.15e-13	4.33e-07	9.98e-01	2.17e-03	0.00e+00	0.00e+00	0.00e+00	0.00e+00	0.00e+00	0.00e+00	8.15e-98
 3.20123e+13	1.99e-28	2.86e-20	3.70e-13	4.70e-07	9.98e-01	2.00e-03	0.00e+00	0.00e+00	0.00e+00	0.00e+00	0.00e+00	0.00e+00	9.15e-83
 3.32789e+13	2.65e-28	3.57e-20	4.32e-13	5.10e-07	9.98e-01	1.85e-03	0.00e+00	0.00e+00	0.00e+00	0.00e+00	0.00e+00	0.00e+00	5.72e-97
 3.45963e+13	3.55e-28	4.46e-20	5.04e-13	5.52e-07	9.98e-01	1.70e-03	0.00e+00	0.00e+00	0.00e+00	0.00e+00	0.00e+00	0.00e+00	4.45e-82
 3.60100e+13	4.81e-28	5.62e-20	5.91e-13	5.99e-07	9.98e-01	1.57e-03	0.00e+00	0.00e+00	0.00e+00	0.00e+00	0.00e+00	0.00e+00	4.06e-96
 3.74804e+13	6.52e-28	7.08e-20	6.92e-13	6.50e-07	9.99e-01	1.45e-03	0.00e+00	0.00e+00	0.00e+00	0.00e+00	0.00e+00	0.00e+00	2.33e-81
 3.90095e+13	8.84e-28	8.92e-20	8.11e-13	7.05e-07	9.99e-01	1.33e-03	0.00e+00	0.00e+00	0.00e+00	0.00e+00	0.00e+00	0.00e+00	3.00e-95
 4.05998e+13	1.20e-27	1.12e-19	9.50e-13	7.65e-07	9.99e-01	1.23e-03	0.00e+00	0.00e+00	0.00e+00	0.00e+00	0.00e+00	0.00e+00	1.22e-80
 4.20938e+13	1.58e-27	1.39e-19	1.10e-12	8.24e-07	9.99e-01	1.14e-03	0.00e+00	0.00e+00	0.00e+00	0.00e+00	0.00e+00	0.00e+00	2.02e-94
 4.34354e+13	2.01e-27	1.66e-19	1.24e-12	8.78e-07	9.99e-01	1.07e-03	0.00e+00	0.00e+00	0.00e+00	0.00e+00	0.00e+00	0.00e+00	5.01e-80
 4.49496e+13	2.61e-27	2.03e-19	1.42e-12	9.40e-07	9.99e-01	1.00e-03	0.00e+00	0.00e+00	0.00e+00	0.00e+00	0.00e+00	0.00e+00	1.06e-93
 4.67365e+13	3.51e-27	2.54e-19	1.66e-12	1.02e-06	9.99e-01	9.25e-04	0.00e+00	0.00e+00	0.00e+00	0.00e+00	0.00e+00	0.00e+00	2.32e-79
 4.85437e+13	4.72e-27	3.18e-19	1.93e-12	1.10e-06	9.99e-01	8.58e-04	0.00e+00	0.00e+00	0.00e+00	0.00e+00	0.00e+00	0.00e+00	7.37e-93
 5.04233e+13	6.31e-27	3.96e-19	2.24e-12	1.19e-06	9.99e-01	7.94e-04	0.00e+00	0.00e+00	0.00e+00	0.00e+00	0.00e+00	0.00e+00	1.15e-78
 5.24701e+13	8.58e-27	4.99e-19	2.62e-12	1.28e-06	9.99e-01	7.33e-04	0.00e+00	0.00e+00	0.00e+00	0.00e+00	0.00e+00	0.00e+00	5.24e-92
 5.45522e+13	1.16e-26	6.27e-19	3.06e-12	1.39e-06	9.99e-01	6.78e-04	0.00e+00	0.00e+00	0.00e+00	0.00e+00	0.00e+00	0.00e+00	6.12e-78
 5.67177e+13	1.56e-26	7.87e-19	3.57e-12	1.50e-06	9.99e-01	6.26e-04	0.00e+00	0.00e+00	0.00e+00	0.00e+00	0.00e+00	0.00e+00	1.39e-77
 5.90163e+13	2.12e-26	9.91e-19	4.18e-12	1.63e-06	9.99e-01	5.78e-04	0.00e+00	0.00e+00	0.00e+00	0.00e+00	0.00e+00	0.00e+00	3.21e-77
 6.14069e+13	2.89e-26	1.25e-18	4.89e-12	1.76e-06	9.99e-01	5.34e-04	0.00e+00	0.00e+00	0.00e+00	0.00e+00	0.00e+00	0.00e+00	7.51e-77
 6.38931e+13	3.91e-26	1.58e-18	5.73e-12	1.91e-06	1.00e+00	4.92e-04	0.00e+00	0.00e+00	0.00e+00	0.00e+00	0.00e+00	0.00e+00	1.72e-76
 6.64787e+13	5.33e-26	1.99e-18	6.70e-12	2.07e-06	1.00e+00	4.55e-04	0.00e+00	0.00e+00	0.00e+00	0.00e+00	0.00e+00	0.00e+00	4.03e-76
 6.89050e+13	7.00e-26	2.45e-18	7.73e-12	2.23e-06	1.00e+00	4.22e-04	0.00e+00	0.00e+00	0.00e+00	0.00e+00	0.00e+00	0.00e+00	8.49e-76
 7.10598e+13	8.89e-26	2.93e-18	8.73e-12	2.37e-06	1.00e+00	3.97e-04	0.00e+00	0.00e+00	0.00e+00	0.00e+00	0.00e+00	0.00e+00	1.64e-75
 7.34671e+13	1.15e-25	3.57e-18	9.96e-12	2.53e-06	1.00e+00	3.71e-04	0.00e+00	0.00e+00	0.00e+00	0.00e+00	0.00e+00	0.00e+00	3.34e-75
 7.63392e+13	1.54e-25	4.45e-18	1.16e-11	2.74e-06	1.00e+00	3.43e-04	0.00e+00	0.00e+00	0.00e+00	0.00e+00	0.00e+00	0.00e+00	7.44e-75
 7.92124e+13	2.06e-25	5.54e-18	1.34e-11	2.95e-06	1.00e+00	3.19e-04	0.00e+00	0.00e+00	0.00e+00	0.00e+00	0.00e+00	0.00e+00	1.64e-74
 8.18686e+13	2.65e-25	6.70e-18	1.53e-11	3.15e-06	1.00e+00	2.98e-04	0.00e+00	0.00e+00	0.00e+00	0.00e+00	0.00e+00	0.00e+00	3.28e-74
 8.48415e+13	3.50e-25	8.28e-18	1.76e-11	3.38e-06	1.00e+00	2.78e-04	0.00e+00	0.00e+00	0.00e+00	0.00e+00	0.00e+00	0.00e+00	7.07e-74
 8.82651e+13	4.74e-25	1.04e-17	2.06e-11	3.67e-06	1.00e+00	2.56e-04	0.00e+00	0.00e+00	0.00e+00	0.00e+00	0.00e+00	0.00e+00	1.62e-73
 9.16006e+13	6.32e-25	1.30e-17	2.39e-11	3.95e-06	1.00e+00	2.38e-04	0.00e+00	0.00e+00	0.00e+00	0.00e+00	0.00e+00	0.00e+00	3.59e-73
 9.47726e+13	8.20e-25	1.58e-17	2.74e-11	4.23e-06	1.00e+00	2.22e-04	0.00e+00	0.00e+00	0.00e+00	0.00e+00	0.00e+00	0.00e+00	7.31e-73
 9.82965e+13	1.09e-24	1.95e-17	3.16e-11	4.55e-06	1.00e+00	2.06e-04	0.00e+00	0.00e+00	0.00e+00	0.00e+00	0.00e+00	0.00e+00	1.60e-72
 1.02258e+14	1.48e-24	2.47e-17	3.70e-11	4.93e-06	1.00e+00	1.90e-04	0.00e+00	0.00e+00	0.00e+00	0.00e+00	0.00e+00	0.00e+00	3.72e-72
 1.06240e+14	1.99e-24	3.08e-17	4.31e-11	5.32e-06	1.00e+00	1.76e-04	0.00e+00	0.00e+00	0.00e+00	0.00e+00	0.00e+00	0.00e+00	8.39e-72
 1.10380e+14	2.68e-24	3.86e-17	5.02e-11	5.75e-06	1.00e+00	1.63e-04	0.00e+00	0.00e+00	0.00e+00	0.00e+00	0.00e+00	0.00e+00	1.90e-71
 1.14826e+14	3.64e-24	4.87e-17	5.87e-11	6.22e-06	1.00e+00	1.51e-04	0.00e+00	0.00e+00	0.00e+00	0.00e+00	1.58e-17	3.29e-17	4.41e-71
 1.19449e+14	4.94e-24	6.14e-17	6.88e-11	6.74e-06	1.00e+00	1.39e-04	0.00e+00	0.00e+00	0.00e+00	0.00e+00	2.04e-17	4.10e-17	1.02e-70
 1.24256e+14	6.74e-24	7.76e-17	8.04e-11	7.29e-06	1.00e+00	1.28e-04	0.00e+00	0.00e+00	0.00e+00	0.00e+00	2.58e-17	5.18e-17	2.40e-70
 1.29143e+14	9.07e-24	9.71e-17	9.39e-11	7.88e-06	1.00e+00	1.19e-04	0.00e+00	0.00e+00	0.00e+00	0.00e+00	3.23e-17	6.49e-17	5.43e-70
 1.33829e+14	1.20e-23	1.20e-16	1.08e-10	8.46e-06	1.00e+00	1.11e-04	0.00e+00	0.00e+00	0.00e+00	0.00e+00	3.99e-17	8.03e-17	1.18e-69
 1.38817e+14	1.59e-23	1.49e-16	1.25e-10	9.12e-06	1.00e+00	1.03e-04	0.00e+00	0.00e+00	0.00e+00	0.00e+00	4.93e-17	9.93e-17	2.54e-69
 1.44399e+14	2.18e-23	1.88e-16	1.47e-10	9.86e-06	1.00e+00	9.50e-05	0.00e+00	0.00e+00	0.00e+00	0.00e+00	6.25e-17	1.26e-16	6.06e-69
 1.49939e+14	2.91e-23	2.34e-16	1.70e-10	1.06e-05	1.00e+00	8.80e-05	0.00e+00	0.00e+00	0.00e+00	0.00e+00	7.78e-17	1.56e-16	1.34e-68
 1.55700e+14	3.93e-23	2.94e-16	1.98e-10	1.15e-05	1.00e+00	8.17e-05	0.00e+00	0.00e+00	0.00e+00	0.00e+00	9.75e-17	1.96e-16	3.06e-68
 1.61958e+14	5.33e-23	3.70e-16	2.32e-10	1.24e-05	1.00e+00	7.55e-05	0.00e+00	0.00e+00	0.00e+00	0.00e+00	1.23e-16	2.47e-16	7.04e-68
 1.68237e+14	7.20e-23	4.64e-16	2.70e-10	1.34e-05	1.00e+00	7.00e-05	0.00e+00	0.00e+00	0.00e+00	0.00e+00	1.54e-16	3.10e-16	1.62e-67
 1.73991e+14	9.35e-23	5.65e-16	3.09e-10	1.44e-05	1.00e+00	6.54e-05	0.00e+00	0.00e+00	0.00e+00	0.00e+00	1.87e-16	3.77e-16	3.30e-67
 1.80123e+14	1.23e-22	6.94e-16	3.55e-10	1.54e-05	1.00e+00	6.10e-05	0.00e+00	0.00e+00	0.00e+00	0.00e+00	2.31e-16	4.64e-16	7.03e-67
 1.87034e+14	1.64e-22	8.64e-16	4.13e-10	1.66e-05	1.00e+00	5.66e-05	0.00e+00	0.00e+00	0.00e+00	0.00e+00	2.87e-16	5.77e-16	1.55e-66
 1.93653e+14	2.16e-22	1.06e-15	4.74e-10	1.78e-05	1.00e+00	5.28e-05	0.00e+00	0.00e+00	0.00e+00	0.00e+00	3.53e-16	7.10e-16	3.32e-66
 2.00780e+14	2.85e-22	1.31e-15	5.48e-10	1.91e-05	1.00e+00	4.91e-05	0.00e+00	0.00e+00	0.00e+00	0.00e+00	4.35e-16	8.75e-16	7.08e-66
 2.08842e+14	3.86e-22	1.65e-15	6.41e-10	2.07e-05	1.00e+00	4.53e-05	0.00e+00	0.00e+00	0.00e+00	0.00e+00	5.47e-16	1.10e-15	1.63e-65
 2.16320e+14	5.09e-22	2.03e-15	7.37e-10	2.22e-05	1.00e+00	4.23e-05	0.00e+00	0.00e+00	0.00e+00	0.00e+00	6.75e-16	1.36e-15	3.50e-65
 2.22850e+14	6.37e-22	2.41e-15	8.31e-10	2.36e-05	1.00e+00	3.98e-05	0.00e+00	0.00e+00	0.00e+00	0.00e+00	7.99e-16	1.61e-15	6.45e-65
 2.30122e+14	8.14e-22	2.90e-15	9.44e-10	2.52e-05	1.00e+00	3.73e-05	0.00e+00	0.00e+00	0.00e+00	0.00e+00	9.63e-16	1.94e-15	1.27e-64
 2.38931e+14	1.08e-21	3.61e-15	1.10e-09	2.72e-05	1.00e+00	3.46e-05	0.00e+00	0.00e+00	0.00e+00	0.00e+00	1.20e-15	2.41e-15	2.79e-64
 2.47792e+14	1.44e-21	4.48e-15	1.27e-09	2.92e-05	1.00e+00	3.21e-05	0.00e+00	0.00e+00	0.00e+00	0.00e+00	1.49e-15	2.99e-15	6.15e-64
 2.55826e+14	1.82e-21	5.35e-15	1.44e-09	3.12e-05	1.00e+00	3.01e-05	0.00e+00	0.00e+00	0.00e+00	0.00e+00	1.78e-15	3.58e-15	1.16e-63
 2.64731e+14	2.38e-21	6.56e-15	1.65e-09	3.34e-05	1.00e+00	2.81e-05	0.00e+00	0.00e+00	0.00e+00	0.00e+00	2.18e-15	4.38e-15	2.44e-63
 2.75175e+14	3.15e-21	8.13e-15	1.93e-09	3.62e-05	1.00e+00	2.59e-05	0.00e+00	0.00e+00	0.00e+00	0.00e+00	2.70e-15	5.43e-15	5.27e-63
 2.85384e+14	4.17e-21	1.01e-14	2.23e-09	3.90e-05	1.00e+00	2.41e-05	0.00e+00	0.00e+00	0.00e+00	0.00e+00	3.34e-15	6.73e-15	1.14e-62
 2.94826e+14	5.26e-21	1.20e-14	2.54e-09	4.17e-05	1.00e+00	2.25e-05	0.00e+00	0.00e+00	0.00e+00	0.00e+00	3.99e-15	8.05e-15	2.16e-62
 3.05473e+14	6.91e-21	1.48e-14	2.93e-09	4.48e-05	1.00e+00	2.09e-05	0.00e+00	0.00e+00	0.00e+00	0.00e+00	4.92e-15	9.91e-15	4.58e-62
 3.17722e+14	9.11e-21	1.84e-14	3.43e-09	4.86e-05	1.00e+00	1.93e-05	0.00e+00	0.00e+00	0.00e+00	0.00e+00	6.09e-15	1.23e-14	9.78e-62
 3.29692e+14	1.19e-20	2.26e-14	3.98e-09	5.25e-05	1.00e+00	1.78e-05	0.00e+00	0.00e+00	0.00e+00	0.00e+00	7.49e-15	1.51e-14	2.05e-61
 3.42141e+14	1.56e-20	2.78e-14	4.62e-09	5.67e-05	1.00e+00	1.65e-05	0.00e+00	0.00e+00	0.00e+00	0.00e+00	9.21e-15	1.86e-14	4.27e-61
 3.55857e+14	2.06e-20	3.45e-14	5.41e-09	6.16e-05	1.00e+00	1.52e-05	0.00e+00	0.00e+00	0.00e+00	0.00e+00	1.14e-14	2.31e-14	9.23e-61
 3.69628e+14	2.73e-20	4.30e-14	6.30e-09	6.67e-05	1.00e+00	1.40e-05	0.00e+00	0.00e+00	0.00e+00	0.00e+00	1.43e-14	2.87e-14	2.02e-60
 3.83950e+14	3.52e-20	5.25e-14	7.34e-09	7.23e-05	1.00e+00	1.29e-05	0.00e+00	0.00e+00	0.00e+00	0.00e+00	1.74e-14	3.51e-14	4.07e-60
 3.99338e+14	4.63e-20	6.50e-14	8.59e-09	7.85e-05	1.00e+00	1.19e-05	0.00e+00	0.00e+00	0.00e+00	0.00e+00	2.15e-14	4.34e-14	8.65e-60
 4.15342e+14	6.07e-20	8.04e-14	1.01e-08	8.54e-05	1.00e+00	1.10e-05	0.00e+00	0.00e+00	0.00e+00	0.00e+00	2.67e-14	5.38e-14	1.83e-59
 4.31985e+14	8.07e-20	1.01e-13	1.18e-08	9.28e-05	1.00e+00	1.01e-05	0.00e+00	0.00e+00	0.00e+00	0.00e+00	3.33e-14	6.73e-14	4.06e-59
 4.48110e+14	1.02e-19	1.21e-13	1.37e-08	1.00e-04	1.00e+00	9.32e-06	0.00e+00	0.00e+00	0.00e+00	0.00e+00	4.01e-14	8.10e-14	7.71e-59
 4.63069e+14	1.28e-19	1.45e-13	1.56e-08	1.08e-04	1.00e+00	8.71e-06	0.00e+00	0.00e+00	0.00e+00	0.00e+00	4.79e-14	9.68e-14	1.44e-58
 4.76955e+14	1.57e-19	1.70e-13	1.76e-08	1.15e-04	1.00e+00	8.19e-06	0.00e+00	0.00e+00	0.00e+00	0.00e+00	5.65e-14	1.14e-13	2.57e-58
 4.92057e+14	1.93e-19	2.01e-13	1.99e-08	1.23e-04	1.00e+00	7.67e-06	0.00e+00	0.00e+00	0.00e+00	0.00e+00	6.66e-14	1.34e-13	4.58e-58
 5.08948e+14	2.37e-19	2.38e-13	2.28e-08	1.32e-04	1.00e+00	7.15e-06	0.00e+00	0.00e+00	0.00e+00	0.00e+00	7.89e-14	1.59e-13	8.22e-58
 5.24895e+14	2.94e-19	2.83e-13	2.58e-08	1.41e-04	1.00e+00	6.71e-06	0.00e+00	0.00e+00	0.00e+00	0.00e+00	9.36e-14	1.89e-13	1.51e-57
 5.42359e+14	3.57e-19	3.31e-13	2.95e-08	1.52e-04	1.00e+00	6.26e-06	0.00e+00	0.00e+00	0.00e+00	0.00e+00	1.10e-13	2.21e-13	2.60e-57
 5.61808e+14	4.53e-19	4.00e-13	3.39e-08	1.64e-04	1.00e+00	5.82e-06	0.00e+00	0.00e+00	0.00e+00	0.00e+00	1.32e-13	2.67e-13	5.06e-57
 5.80233e+14	5.60e-19	4.76e-13	3.87e-08	1.76e-04	1.00e+00	5.45e-06	0.00e+00	0.00e+00	0.00e+00	0.00e+00	1.57e-13	3.18e-13	9.30e-57
 6.00579e+14	6.88e-19	5.63e-13	4.44e-08	1.90e-04	1.00e+00	5.08e-06	0.00e+00	0.00e+00	0.00e+00	0.00e+00	1.86e-13	3.77e-13	1.67e-56
 6.22679e+14	8.63e-19	6.77e-13	5.14e-08	2.06e-04	1.00e+00	4.71e-06	0.00e+00	0.00e+00	0.00e+00	0.00e+00	2.24e-13	4.53e-13	3.20e-56
 6.42561e+14	1.06e-18	8.00e-13	5.83e-08	2.21e-04	1.00e+00	4.42e-06	0.00e+00	0.00e+00	0.00e+00	0.00e+00	2.65e-13	5.35e-13	5.76e-56
 6.63911e+14	1.31e-18	9.52e-13	6.65e-08	2.37e-04	1.00e+00	4.14e-06	0.00e+00	0.00e+00	0.00e+00	0.00e+00	3.15e-13	6.37e-13	1.06e-55
 6.87955e+14	1.61e-18	1.13e-12	7.67e-08	2.57e-04	1.00e+00	3.85e-06	0.00e+00	0.00e+00	0.00e+00	0.00e+00	3.73e-13	7.55e-13	1.92e-55
 7.10718e+14	1.98e-18	1.34e-12	8.74e-08	2.76e-04	1.00e+00	3.61e-06	0.00e+00	0.00e+00	0.00e+00	0.00e+00	4.42e-13	8.94e-13	3.50e-55
 7.35526e+14	2.48e-18	1.61e-12	1.00e-07	2.97e-04	1.00e+00	3.38e-06	0.00e+00	0.00e+00	0.00e+00	0.00e+00	5.32e-13	1.08e-12	6.78e-55
 7.63014e+14	3.05e-18	1.91e-12	1.16e-07	3.23e-04	1.00e+00	3.14e-06	0.00e+00	0.00e+00	0.00e+00	0.00e+00	6.33e-13	1.28e-12	1.26e-54
 7.88446e+14	3.75e-18	2.26e-12	1.32e-07	3.47e-04	1.00e+00	2.96e-06	0.00e+00	0.00e+00	0.00e+00	0.00e+00	7.49e-13	1.52e-12	2.30e-54
 8.15964e+14	4.68e-18	2.72e-12	1.52e-07	3.74e-04	1.00e+00	2.77e-06	0.00e+00	0.00e+00	0.00e+00	0.00e+00	8.99e-13	1.82e-12	4.43e-54
 8.46837e+14	5.79e-18	3.25e-12	1.76e-07	4.07e-04	1.00e+00	2.58e-06	0.00e+00	0.00e+00	0.00e+00	0.00e+00	1.07e-12	2.17e-12	8.39e-54
 8.75947e+14	7.21e-18	3.88e-12	2.02e-07	4.38e-04	1.00e+00	2.43e-06	0.00e+00	0.00e+00	0.00e+00	0.00e+00	1.28e-12	2.60e-12	1.60e-53
 9.07547e+14	8.96e-18	4.65e-12	2.32e-07	4.74e-04	1.00e+00	2.28e-06	0.00e+00	0.00e+00	0.00e+00	0.00e+00	1.54e-12	3.12e-12	3.10e-53
 9.42828e+14	1.12e-17	5.61e-12	2.70e-07	5.16e-04	9.99e-01	2.14e-06	0.00e+00	0.00e+00	0.00e+00	0.00e+00	1.85e-12	3.75e-12	6.12e-53
 9.76139e+14	1.40e-17	6.74e-12	3.10e-07	5.56e-04	9.99e-01	2.01e-06	0.00e+00	0.00e+00	0.00e+00	0.00e+00	2.23e-12	4.51e-12	1.20e-52
 1.01183e+15	1.74e-17	8.07e-12	3.58e-07	6.03e-04	9.99e-01	1.90e-06	0.00e+00	0.00e+00	0.00e+00	0.00e+00	2.67e-12	5.40e-12	2.34e-52
 1.05152e+15	2.20e-17	9.84e-12	4.17e-07	6.57e-04	9.99e-01	1.78e-06	0.00e+00	0.00e+00	0.00e+00	0.00e+00	3.25e-12	6.59e-12	4.86e-52
 1.09030e+15	2.75e-17	1.18e-11	4.82e-07	7.13e-04	9.99e-01	1.69e-06	0.00e+00	0.00e+00	0.00e+00	0.00e+00	3.90e-12	7.90e-12	9.60e-52
 1.13147e+15	3.47e-17	1.43e-11	5.59e-07	7.73e-04	9.99e-01	1.60e-06	0.00e+00	0.00e+00	0.00e+00	0.00e+00	4.74e-12	9.60e-12	1.99e-51
 1.17675e+15	4.43e-17	1.75e-11	6.55e-07	8.45e-04	9.99e-01	1.51e-06	0.00e+00	0.00e+00	0.00e+00	0.00e+00	5.80e-12	1.17e-11	4.24e-51
 1.22253e+15	5.62e-17	2.14e-11	7.62e-07	9.19e-04	9.99e-01	1.43e-06	0.00e+00	4.84e-18	1.45e-17	2.43e-17	7.08e-12	1.43e-11	9.01e-51
 1.27014e+15	7.19e-17	2.62e-11	8.88e-07	1.00e-03	9.99e-01	1.37e-06	0.00e+00	6.20e-18	1.86e-17	3.11e-17	8.65e-12	1.75e-11	1.94e-50
 1.32097e+15	9.15e-17	3.21e-11	1.04e-06	1.09e-03	9.99e-01	1.30e-06	0.00e+00	7.90e-18	2.37e-17	3.96e-17	1.06e-11	2.15e-11	4.22e-50
 1.37384e+15	1.18e-16	3.94e-11	1.21e-06	1.19e-03	9.99e-01	1.25e-06	0.00e+00	1.02e-17	3.06e-17	5.11e-17	1.30e-11	2.64e-11	9.44e-50
 1.41984e+15	1.46e-16	4.71e-11	1.38e-06	1.28e-03	9.99e-01	1.21e-06	0.00e+00	1.27e-17	3.80e-17	6.35e-17	1.56e-11	3.15e-11	1.87e-49
 1.45587e+15	1.72e-16	5.38e-11	1.53e-06	1.36e-03	9.99e-01	1.18e-06	0.00e+00	1.49e-17	4.48e-17	7.48e-17	1.78e-11	3.60e-11	3.15e-49
 1.49492e+15	2.04e-16	6.20e-11	1.70e-06	1.44e-03	9.99e-01	1.15e-06	0.00e+00	1.77e-17	5.32e-17	8.88e-17	2.05e-11	4.15e-11	5.46e-49
 1.54569e+15	2.54e-16	7.41e-11	1.94e-06	1.55e-03	9.98e-01	1.12e-06	0.00e+00	2.20e-17	6.61e-17	1.10e-16	2.45e-11	4.96e-11	1.10e-48
 1.60061e+15	3.15e-16	8.89e-11	2.23e-06	1.67e-03	9.98e-01	1.08e-06	0.00e+00	2.74e-17	8.22e-17	1.37e-16	2.94e-11	5.95e-11	2.23e-48
 1.65049e+15	3.90e-16	1.05e-10	2.52e-06	1.79e-03	9.98e-01	1.06e-06	0.00e+00	3.40e-17	1.02e-16	1.70e-16	3.49e-11	7.06e-11	4.40e-48
 1.70490e+15	4.85e-16	1.26e-10	2.87e-06	1.92e-03	9.98e-01	1.04e-06	0.00e+00	4.23e-17	1.27e-16	2.12e-16	4.17e-11	8.44e-11	8.87e-48
 1.77038e+15	6.22e-16	1.55e-10	3.33e-06	2.09e-03	9.98e-01	1.02e-06	0.00e+00	5.42e-17	1.63e-16	2.71e-16	5.11e-11	1.03e-10	2.00e-47
 1.83468e+15	7.92e-16	1.88e-10	3.84e-06	2.26e-03	9.98e-01	1.00e-06	0.00e+00	6.91e-17	2.07e-16	3.46e-16	6.22e-11	1.26e-10	4.31e-47
 1.89130e+15	9.73e-16	2.23e-10	4.33e-06	2.41e-03	9.98e-01	9.91e-07	0.00e+00	8.50e-17	2.55e-16	4.26e-16	7.36e-11	1.49e-10	8.38e-47
 1.95349e+15	1.21e-15	2.66e-10	4.93e-06	2.59e-03	9.97e-01	0.00e+00	0.00e+00	1.06e-16	3.18e-16	5.31e-16	8.80e-11	1.78e-10	1.70e-46
 2.02843e+15	1.53e-15	3.24e-10	5.72e-06	2.81e-03	9.97e-01	0.00e+00	0.00e+00	1.34e-16	4.02e-16	6.71e-16	1.07e-10	2.17e-10	3.66e-46
 2.10344e+15	2.00e-15	4.01e-10	6.62e-06	3.04e-03	9.97e-01	0.00e+00	0.00e+00	1.76e-16	5.27e-16	8.79e-16	1.33e-10	2.68e-10	8.54e-46
 2.17115e+15	2.49e-15	4.79e-10	7.51e-06	3.26e-03	9.97e-01	0.00e+00	0.00e+00	2.19e-16	6.57e-16	1.10e-15	1.59e-10	3.21e-10	1.72e-45
 2.24589e+15	3.15e-15	5.80e-10	8.59e-06	3.51e-03	9.96e-01	0.00e+00	0.00e+00	2.77e-16	8.30e-16	1.39e-15	1.92e-10	3.88e-10	3.61e-45
 2.33391e+15	4.03e-15	7.11e-10	1.00e-05	3.81e-03	9.96e-01	0.00e+00	0.00e+00	3.54e-16	1.06e-15	1.77e-15	2.35e-10	4.76e-10	7.98e-45
 2.42101e+15	5.31e-15	8.85e-10	1.16e-05	4.13e-03	9.96e-01	0.00e+00	0.00e+00	4.67e-16	1.40e-15	2.34e-15	2.93e-10	5.92e-10	1.89e-44
 2.50197e+15	6.72e-15	1.07e-09	1.32e-05	4.43e-03	9.96e-01	0.00e+00	0.00e+00	5.92e-16	1.78e-15	2.96e-15	3.54e-10	7.15e-10	3.90e-44
 2.59245e+15	8.61e-15	1.31e-09	1.52e-05	4.78e-03	9.95e-01	0.00e+00	0.00e+00	7.59e-16	2.28e-15	3.80e-15	4.33e-10	8.75e-10	8.56e-44
 2.69618e+15	1.11e-14	1.62e-09	1.78e-05	5.20e-03	9.95e-01	0.00e+00	0.00e+00	9.81e-16	2.94e-15	4.91e-15	5.35e-10	1.08e-09	1.91e-43
 2.79874e+15	1.49e-14	2.03e-09	2.07e-05	5.64e-03	9.94e-01	0.00e+00	0.00e+00	1.32e-15	3.95e-15	6.58e-15	6.73e-10	1.36e-09	4.63e-43
 2.90540e+15	1.94e-14	2.52e-09	2.40e-05	6.10e-03	9.94e-01	0.00e+00	0.00e+00	1.71e-15	5.15e-15	8.58e-15	8.34e-10	1.68e-09	1.04e-42
 3.02164e+15	2.51e-14	3.11e-09	2.81e-05	6.63e-03	9.93e-01	0.00e+00	0.00e+00	2.22e-15	6.67e-15	1.11e-14	1.03e-09	2.08e-09	2.31e-42
 3.14254e+15	3.33e-14	3.91e-09	3.29e-05	7.21e-03	9.93e-01	0.00e+00	0.00e+00	2.95e-15	8.86e-15	1.48e-14	1.30e-09	2.62e-09	5.44e-42
 3.26827e+15	4.54e-14	4.99e-09	3.85e-05	7.84e-03	9.92e-01	0.00e+00	0.00e+00	4.03e-15	1.21e-14	2.02e-14	1.65e-09	3.33e-09	1.35e-41
 3.39903e+15	6.06e-14	6.28e-09	4.50e-05	8.52e-03	9.91e-01	0.00e+00	0.00e+00	5.38e-15	1.61e-14	2.69e-14	2.08e-09	4.20e-09	3.18e-41
 3.51262e+15	7.68e-14	7.61e-09	5.13e-05	9.14e-03	9.91e-01	0.00e+00	0.00e+00	6.82e-15	2.05e-14	3.41e-14	2.52e-09	5.09e-09	6.41e-41
 3.60053e+15	9.18e-14	8.79e-09	5.67e-05	9.63e-03	9.90e-01	0.00e+00	0.00e+00	8.16e-15	2.45e-14	4.08e-14	2.91e-09	5.87e-09	1.08e-40
 3.69479e+15	1.11e-13	1.02e-08	6.29e-05	1.02e-02	9.90e-01	0.00e+00	0.00e+00	9.86e-15	2.96e-14	4.93e-14	3.39e-09	6.84e-09	1.88e-40
 3.81732e+15	1.37e-13	1.22e-08	7.17e-05	1.09e-02	9.89e-01	0.00e+00	0.00e+00	1.22e-14	3.67e-14	6.12e-14	4.05e-09	8.16e-09	3.53e-40
 3.95081e+15	1.81e-13	1.52e-08	8.23e-05	1.17e-02	9.88e-01	0.00e+00	0.00e+00	1.61e-14	4.84e-14	8.08e-14	5.03e-09	1.01e-08	7.53e-40
 4.07162e+15	2.25e-13	1.81e-08	9.29e-05	1.25e-02	9.87e-01	0.00e+00	0.00e+00	2.00e-14	6.00e-14	1.00e-13	6.00e-09	1.21e-08	1.40e-39
 4.20174e+15	2.78e-13	2.15e-08	1.05e-04	1.33e-02	9.87e-01	0.00e+00	0.00e+00	2.48e-14	7.43e-14	1.24e-13	7.14e-09	1.44e-08	2.56e-39
 4.36081e+15	3.73e-13	2.72e-08	1.23e-04	1.44e-02	9.85e-01	0.00e+00	0.00e+00	3.33e-14	9.98e-14	1.66e-13	9.02e-09	1.82e-08	5.92e-39
 4.51842e+15	4.82e-13	3.35e-08	1.41e-04	1.55e-02	9.84e-01	0.00e+00	0.00e+00	4.30e-14	1.29e-13	2.15e-13	1.11e-08	2.24e-08	1.22e-38
 4.65559e+15	5.91e-13	3.96e-08	1.59e-04	1.65e-02	9.83e-01	0.00e+00	0.00e+00	5.27e-14	1.58e-13	2.64e-13	1.31e-08	2.64e-08	2.17e-38
 4.80525e+15	7.45e-13	4.78e-08	1.81e-04	1.77e-02	9.82e-01	0.00e+00	0.00e+00	6.65e-14	1.99e-13	3.33e-13	1.59e-08	3.19e-08	4.17e-38
 4.98765e+15	1.00e-12	6.06e-08	2.11e-04	1.91e-02	9.81e-01	0.00e+00	0.00e+00	8.97e-14	2.69e-13	4.49e-13	2.01e-08	4.05e-08	9.57e-38
 5.16922e+15	1.30e-12	7.48e-08	2.44e-04	2.06e-02	9.79e-01	0.00e+00	0.00e+00	1.16e-13	3.48e-13	5.80e-13	2.48e-08	5.00e-08	1.95e-37
 5.32973e+15	1.60e-12	8.88e-08	2.76e-04	2.20e-02	9.78e-01	0.00e+00	0.00e+00	1.43e-13	4.29e-13	7.15e-13	2.95e-08	5.93e-08	3.47e-37
 5.50626e+15	2.03e-12	1.08e-07	3.15e-04	2.35e-02	9.76e-01	0.00e+00	0.00e+00	1.82e-13	5.45e-13	9.08e-13	3.58e-08	7.21e-08	6.70e-37
 5.71817e+15	2.74e-12	1.38e-07	3.68e-04	2.55e-02	9.74e-01	0.00e+00	0.00e+00	2.46e-13	7.37e-13	1.23e-12	4.57e-08	9.19e-08	1.47e-36
 5.92756e+15	3.56e-12	1.71e-07	4.27e-04	2.75e-02	9.72e-01	0.00e+00	0.00e+00	3.19e-13	9.57e-13	1.60e-12	5.66e-08	1.14e-07	2.93e-36
 6.11650e+15	4.41e-12	2.04e-07	4.85e-04	2.94e-02	9.70e-01	0.00e+00	0.00e+00	3.96e-13	1.19e-12	1.98e-12	6.76e-08	1.36e-07	5.24e-36
 6.32738e+15	5.67e-12	2.50e-07	5.58e-04	3.16e-02	9.68e-01	0.00e+00	0.00e+00	5.09e-13	1.53e-12	2.54e-12	8.30e-08	1.67e-07	1.03e-35
 6.56547e+15	7.62e-12	3.18e-07	6.51e-04	3.42e-02	9.65e-01	0.00e+00	0.00e+00	6.85e-13	2.05e-12	3.42e-12	1.06e-07	2.12e-07	2.29e-35
 6.79478e+15	9.84e-12	3.93e-07	7.51e-04	3.68e-02	9.62e-01	0.00e+00	0.00e+00	8.85e-13	2.65e-12	4.42e-12	1.31e-07	2.62e-07	4.48e-35
 7.01306e+15	1.24e-11	4.75e-07	8.57e-04	3.94e-02	9.60e-01	0.00e+00	0.00e+00	1.11e-12	3.34e-12	5.58e-12	1.58e-07	3.17e-07	8.21e-35
 7.26118e+15	1.58e-11	5.80e-07	9.92e-04	4.24e-02	9.57e-01	0.00e+00	0.00e+00	1.42e-12	4.27e-12	7.12e-12	1.93e-07	3.87e-07	1.54e-34
 7.53178e+15	2.13e-11	7.42e-07	1.16e-03	4.60e-02	9.53e-01	0.00e+00	0.00e+00	1.92e-12	5.75e-12	9.58e-12	2.46e-07	4.95e-07	3.39e-34
 7.77357e+15	2.70e-11	9.02e-07	1.33e-03	4.93e-02	9.49e-01	0.00e+00	0.00e+00	2.43e-12	7.30e-12	1.22e-11	3.00e-07	6.02e-07	6.25e-34
 8.02988e+15	3.45e-11	1.10e-06	1.52e-03	5.29e-02	9.46e-01	0.00e+00	0.00e+00	3.11e-12	9.31e-12	1.55e-11	3.67e-07	7.36e-07	1.16e-33
 8.33826e+15	4.51e-11	1.37e-06	1.79e-03	5.74e-02	9.41e-01	0.00e+00	0.00e+00	4.07e-12	1.22e-11	2.03e-11	4.57e-07	9.17e-07	2.25e-33
 8.64363e+15	6.08e-11	1.76e-06	2.10e-03	6.24e-02	9.36e-01	0.00e+00	0.00e+00	5.49e-12	1.65e-11	2.75e-11	5.86e-07	1.18e-06	4.94e-33
 8.87963e+15	7.45e-11	2.09e-06	2.36e-03	6.62e-02	9.31e-01	0.00e+00	0.00e+00	6.73e-12	2.02e-11	3.36e-11	6.95e-07	1.40e-06	8.15e-33
 9.09613e+15	9.02e-11	2.45e-06	2.63e-03	7.00e-02	9.27e-01	0.00e+00	0.00e+00	8.16e-12	2.45e-11	4.08e-11	8.13e-07	1.63e-06	1.32e-32
 9.37758e+15	1.15e-10	2.97e-06	3.01e-03	7.50e-02	9.22e-01	0.00e+00	0.00e+00	1.04e-11	3.11e-11	5.19e-11	9.89e-07	1.99e-06	2.35e-32
 9.68002e+15	1.48e-10	3.68e-06	3.48e-03	8.08e-02	9.16e-01	0.00e+00	0.00e+00	1.34e-11	4.02e-11	6.70e-11	1.22e-06	2.45e-06	4.47e-32
 9.94529e+15	1.83e-10	4.38e-06	3.94e-03	8.60e-02	9.10e-01	0.00e+00	0.00e+00	1.66e-11	4.97e-11	8.28e-11	1.46e-06	2.92e-06	7.33e-32
 1.02257e+16	2.27e-10	5.20e-06	4.48e-03	9.19e-02	9.04e-01	0.00e+00	0.00e+00	2.05e-11	6.16e-11	1.03e-10	1.73e-06	3.47e-06	1.21e-31
 1.05366e+16	2.97e-10	6.50e-06	5.17e-03	9.89e-02	8.96e-01	0.00e+00	0.00e+00	2.69e-11	8.07e-11	1.35e-10	2.16e-06	4.34e-06	2.34e-31
 1.08198e+16	3.68e-10	7.77e-06	5.87e-03	1.05e-01	8.89e-01	0.00e+00	0.00e+00	3.34e-11	1.00e-10	1.67e-10	2.58e-06	5.18e-06	3.86e-31
 1.11207e+16	4.60e-10	9.29e-06	6.72e-03	1.13e-01	8.80e-01	0.00e+00	0.00e+00	4.18e-11	1.25e-10	2.09e-10	3.09e-06	6.20e-06	6.37e-31
 1.14536e+16	6.09e-10	1.17e-05	7.80e-03	1.22e-01	8.70e-01	0.00e+00	0.00e+00	5.53e-11	1.66e-10	2.77e-10	3.89e-06	7.80e-06	1.26e-30
 1.17570e+16	7.66e-10	1.41e-05	8.91e-03	1.30e-01	8.61e-01	0.00e+00	0.00e+00	6.97e-11	2.09e-10	3.48e-10	4.71e-06	9.44e-06	2.14e-30
 1.20292e+16	9.44e-10	1.68e-05	1.00e-02	1.38e-01	8.52e-01	0.00e+00	0.00e+00	8.60e-11	2.58e-10	4.30e-10	5.58e-06	1.12e-05	3.44e-30
 1.23322e+16	1.20e-09	2.03e-05	1.15e-02	1.48e-01	8.41e-01	0.00e+00	0.00e+00	1.09e-10	3.27e-10	5.46e-10	6.76e-06	1.36e-05	5.93e-30
 1.26623e+16	1.54e-09	2.48e-05	1.33e-02	1.59e-01	8.28e-01	0.00e+00	0.00e+00	1.40e-10	4.20e-10	7.00e-10	8.25e-06	1.65e-05	1.01e-29
 1.29587e+16	1.94e-09	2.99e-05	1.51e-02	1.69e-01	8.16e-01	0.00e+00	0.00e+00	1.77e-10	5.31e-10	8.86e-10	9.97e-06	2.00e-05	1.72e-29
 1.32285e+16	2.38e-09	3.53e-05	1.70e-02	1.79e-01	8.04e-01	0.00e+00	0.00e+00	2.17e-10	6.51e-10	1.09e-09	1.17e-05	2.35e-05	2.64e-29
 1.35326e+16	3.06e-09	4.32e-05	1.96e-02	1.92e-01	7.88e-01	0.00e+00	0.00e+00	2.79e-10	8.38e-10	1.40e-09	1.44e-05	2.88e-05	4.70e-29
 1.38592e+16	3.92e-09	5.27e-05	2.26e-02	2.06e-01	7.71e-01	0.00e+00	0.00e+00	3.59e-10	1.08e-09	1.79e-09	1.75e-05	3.51e-05	7.91e-29
 1.41464e+16	4.99e-09	6.38e-05	2.58e-02	2.20e-01	7.55e-01	0.00e+00	0.00e+00	4.57e-10	1.37e-09	2.28e-09	2.13e-05	4.26e-05	1.37e-28
 1.44049e+16	6.15e-09	7.55e-05	2.91e-02	2.32e-01	7.38e-01	0.00e+00	0.00e+00	5.63e-10	1.69e-09	2.81e-09	2.52e-05	5.04e-05	2.15e-28
 1.46945e+16	7.83e-09	9.12e-05	3.34e-02	2.48e-01	7.19e-01	0.00e+00	0.00e+00	7.18e-10	2.15e-09	3.59e-09	3.04e-05	6.08e-05	3.55e-28
 1.50054e+16	1.03e-08	1.13e-04	3.88e-02	2.66e-01	6.95e-01	0.00e+00	0.00e+00	9.44e-10	2.83e-09	4.72e-09	3.78e-05	7.57e-05	6.58e-28
 1.52720e+16	1.30e-08	1.36e-04	4.42e-02	2.82e-01	6.73e-01	0.00e+00	0.00e+00	1.20e-09	3.59e-09	5.98e-09	4.54e-05	9.09e-05	1.09e-27
 1.55033e+16	1.61e-08	1.61e-04	4.96e-02	2.98e-01	6.53e-01	0.00e+00	0.00e+00	1.48e-09	4.43e-09	7.38e-09	5.36e-05	1.07e-04	1.70e-27
 1.57095e+16	1.93e-08	1.86e-04	5.51e-02	3.12e-01	6.33e-01	0.00e+00	0.00e+00	1.77e-09	5.32e-09	8.87e-09	6.20e-05	1.24e-04	2.55e-27
 1.58928e+16	2.30e-08	2.13e-04	6.06e-02	3.25e-01	6.14e-01	0.00e+00	0.00e+00	2.12e-09	6.34e-09	1.06e-08	7.11e-05	1.42e-04	3.72e-27
 1.60977e+16	2.74e-08	2.42e-04	6.75e-02	3.41e-01	5.91e-01	0.00e+00	0.00e+00	2.52e-09	7.57e-09	1.26e-08	8.09e-05	1.62e-04	5.17e-27
 1.63641e+16	3.65e-08	3.06e-04	7.83e-02	3.64e-01	5.58e-01	0.00e+00	0.00e+00	3.37e-09	1.01e-08	1.68e-08	1.02e-04	2.04e-04	1.03e-26
 1.66256e+16	4.78e-08	3.75e-04	9.04e-02	3.87e-01	5.23e-01	0.00e+00	0.00e+00	4.41e-09	1.32e-08	2.20e-08	1.25e-04	2.50e-04	1.86e-26
 1.68173e+16	5.90e-08	4.40e-04	1.01e-01	4.05e-01	4.94e-01	0.00e+00	0.00e+00	5.45e-09	1.63e-08	2.72e-08	1.47e-04	2.93e-04	2.97e-26
 1.69757e+16	7.08e-08	5.05e-04	1.11e-01	4.20e-01	4.68e-01	0.00e+00	0.00e+00	6.54e-09	1.96e-08	3.27e-08	1.68e-04	3.37e-04	4.51e-26
 1.71543e+16	8.73e-08	5.92e-04	1.23e-01	4.39e-01	4.37e-01	0.00e+00	0.00e+00	8.08e-09	2.42e-08	4.04e-08	1.97e-04	3.95e-04	7.36e-26
 1.73458e+16	1.11e-07	7.08e-04	1.38e-01	4.59e-01	4.02e-01	0.00e+00	0.00e+00	1.03e-08	3.09e-08	5.14e-08	2.36e-04	4.72e-04	1.31e-25
 1.75068e+16	1.34e-07	8.13e-04	1.52e-01	4.77e-01	3.70e-01	0.00e+00	0.00e+00	1.24e-08	3.72e-08	6.20e-08	2.71e-04	5.42e-04	1.99e-25
 1.76407e+16	1.56e-07	9.04e-04	1.65e-01	4.92e-01	3.42e-01	0.00e+00	0.00e+00	1.45e-08	4.33e-08	7.22e-08	3.01e-04	6.02e-04	2.77e-25
 1.77865e+16	1.97e-07	1.07e-03	1.82e-01	5.09e-01	3.08e-01	0.00e+00	0.00e+00	1.83e-08	5.50e-08	9.16e-08	3.58e-04	7.16e-04	5.17e-25
 1.79338e+16	2.37e-07	1.23e-03	1.99e-01	5.25e-01	2.75e-01	0.00e+00	0.00e+00	2.21e-08	6.62e-08	1.10e-07	4.10e-04	8.19e-04	8.06e-25
 1.80496e+16	2.83e-07	1.39e-03	2.14e-01	5.38e-01	2.46e-01	0.00e+00	0.00e+00	2.63e-08	7.89e-08	1.32e-07	4.63e-04	9.25e-04	1.26e-24
 1.81446e+16	3.26e-07	1.52e-03	2.27e-01	5.49e-01	2.23e-01	0.00e+00	0.00e+00	3.04e-08	9.12e-08	1.52e-07	5.09e-04	1.02e-03	1.78e-24
 1.82459e+16	3.85e-07	1.69e-03	2.42e-01	5.60e-01	1.97e-01	0.00e+00	0.00e+00	3.60e-08	1.08e-07	1.80e-07	5.64e-04	1.13e-03	2.65e-24
 1.83379e+16	4.41e-07	1.85e-03	2.55e-01	5.69e-01	1.74e-01	0.00e+00	0.00e+00	4.13e-08	1.24e-07	2.06e-07	6.16e-04	1.23e-03	3.70e-24
 1.83965e+16	4.83e-07	1.95e-03	2.64e-01	5.75e-01	1.60e-01	0.00e+00	0.00e+00	4.52e-08	1.36e-07	2.26e-07	6.52e-04	1.30e-03	4.62e-24
 1.84513e+16	5.28e-07	2.07e-03	2.72e-01	5.80e-01	1.46e-01	0.00e+00	0.00e+00	4.95e-08	1.48e-07	2.47e-07	6.89e-04	1.38e-03	5.79e-24
 1.85224e+16	5.94e-07	2.22e-03	2.83e-01	5.86e-01	1.28e-01	0.00e+00	0.00e+00	5.58e-08	1.67e-07	2.79e-07	7.40e-04	1.48e-03	7.73e-24
 1.85939e+16	6.63e-07	2.36e-03	2.94e-01	5.92e-01	1.12e-01	0.00e+00	0.00e+00	6.23e-08	1.87e-07	3.11e-07	7.89e-04	1.57e-03	1.01e-23
 1.86499e+16	7.22e-07	2.49e-03	3.03e-01	5.95e-01	9.93e-02	0.00e+00	0.00e+00	6.80e-08	2.04e-07	3.40e-07	8.32e-04	1.66e-03	1.25e-23
