#depth	O	O+	O+2	O+3	O+4	O+5	O+6	O+7	O+8	O[1]	O[2]	O[3]
 1.49634e+10	0.00e+00	8.39e-45	4.20e-34	1.66e-24	6.87e-16	2.27e-08	1.00e+00	0.00e+00	0.00e+00	0.00e+00	0.00e+00	0.00e+00
 4.54887e+10	0.00e+00	0.00e+00	5.75e-34	2.10e-24	8.05e-16	2.46e-08	1.00e+00	1.27e-10	0.00e+00	0.00e+00	0.00e+00	0.00e+00
 7.72350e+10	0.00e+00	1.84e-44	7.89e-34	2.66e-24	9.44e-16	2.66e-08	1.00e+00	0.00e+00	0.00e+00	0.00e+00	0.00e+00	0.00e+00
 1.10251e+11	0.00e+00	0.00e+00	1.08e-33	3.37e-24	1.11e-15	2.88e-08	1.00e+00	0.00e+00	0.00e+00	0.00e+00	0.00e+00	0.00e+00
 1.44588e+11	0.00e+00	4.05e-44	1.48e-33	4.28e-24	1.29e-15	3.12e-08	1.00e+00	0.00e+00	0.00e+00	0.00e+00	0.00e+00	0.00e+00
 1.80298e+11	0.00e+00	0.00e+00	2.03e-33	5.42e-24	1.52e-15	3.38e-08	1.00e+00	0.00e+00	0.00e+00	0.00e+00	0.00e+00	0.00e+00
 2.17437e+11	0.00e+00	8.93e-44	2.79e-33	6.87e-24	1.78e-15	3.66e-08	1.00e+00	0.00e+00	0.00e+00	0.00e+00	0.00e+00	0.00e+00
 2.56061e+11	0.00e+00	0.00e+00	3.82e-33	8.72e-24	2.09e-15	3.96e-08	1.00e+00	0.00e+00	0.00e+00	0.00e+00	0.00e+00	0.00e+00
 2.96231e+11	0.00e+00	1.97e-43	5.25e-33	1.11e-23	2.45e-15	4.29e-08	1.00e+00	0.00e+00	0.00e+00	0.00e+00	0.00e+00	0.00e+00
 3.38007e+11	0.00e+00	0.00e+00	7.20e-33	1.40e-23	2.87e-15	4.65e-08	1.00e+00	0.00e+00	0.00e+00	0.00e+00	0.00e+00	0.00e+00
 3.81454e+11	0.00e+00	4.34e-43	9.88e-33	1.78e-23	3.36e-15	5.04e-08	1.00e+00	0.00e+00	0.00e+00	0.00e+00	0.00e+00	0.00e+00
 4.26639e+11	0.00e+00	0.00e+00	1.36e-32	2.26e-23	3.95e-15	5.46e-08	1.00e+00	0.00e+00	0.00e+00	0.00e+00	0.00e+00	0.00e+00
 4.73631e+11	0.00e+00	9.58e-43	1.86e-32	2.87e-23	4.63e-15	5.92e-08	1.00e+00	0.00e+00	0.00e+00	0.00e+00	0.00e+00	0.00e+00
 5.18115e+11	0.00e+00	0.00e+00	2.49e-32	3.57e-23	5.36e-15	6.37e-08	1.00e+00	0.00e+00	0.00e+00	0.00e+00	0.00e+00	0.00e+00
 5.58337e+11	0.00e+00	1.89e-42	3.21e-32	4.32e-23	6.09e-15	6.79e-08	1.00e+00	0.00e+00	0.00e+00	0.00e+00	0.00e+00	0.00e+00
 6.03635e+11	0.00e+00	0.00e+00	4.23e-32	5.32e-23	7.01e-15	7.29e-08	1.00e+00	0.00e+00	0.00e+00	0.00e+00	0.00e+00	0.00e+00
 6.56786e+11	0.00e+00	3.94e-42	5.79e-32	6.74e-23	8.21e-15	7.89e-08	1.00e+00	0.00e+00	0.00e+00	0.00e+00	0.00e+00	0.00e+00
 7.09536e+11	0.00e+00	0.00e+00	7.81e-32	8.44e-23	9.56e-15	8.52e-08	1.00e+00	0.00e+00	0.00e+00	0.00e+00	0.00e+00	0.00e+00
 7.59360e+11	0.00e+00	8.04e-42	1.03e-31	1.04e-22	1.10e-14	9.13e-08	1.00e+00	0.00e+00	0.00e+00	0.00e+00	0.00e+00	0.00e+00
 8.14625e+11	0.00e+00	0.00e+00	1.38e-31	1.29e-22	1.27e-14	9.84e-08	1.00e+00	0.00e+00	0.00e+00	0.00e+00	0.00e+00	0.00e+00
 8.77137e+11	0.00e+00	1.73e-41	1.89e-31	1.65e-22	1.50e-14	1.07e-07	1.00e+00	0.00e+00	0.00e+00	0.00e+00	0.00e+00	0.00e+00
 9.39548e+11	0.00e+00	0.00e+00	2.58e-31	2.08e-22	1.75e-14	1.16e-07	1.00e+00	0.00e+00	0.00e+00	0.00e+00	0.00e+00	0.00e+00
 9.99821e+11	0.00e+00	3.62e-41	3.43e-31	2.58e-22	2.03e-14	1.24e-07	1.00e+00	0.00e+00	0.00e+00	0.00e+00	0.00e+00	0.00e+00
 1.06511e+12	0.00e+00	0.00e+00	4.63e-31	3.24e-22	2.36e-14	1.34e-07	1.00e+00	0.00e+00	0.00e+00	0.00e+00	0.00e+00	0.00e+00
 1.13764e+12	0.00e+00	7.86e-41	6.39e-31	4.13e-22	2.79e-14	1.46e-07	1.00e+00	0.00e+00	0.00e+00	0.00e+00	0.00e+00	0.00e+00
 1.21026e+12	0.00e+00	0.00e+00	8.71e-31	5.22e-22	3.26e-14	1.58e-07	1.00e+00	0.00e+00	0.00e+00	0.00e+00	0.00e+00	0.00e+00
 1.28578e+12	0.00e+00	1.70e-40	1.19e-30	6.61e-22	3.83e-14	1.72e-07	1.00e+00	0.00e+00	0.00e+00	0.00e+00	0.00e+00	0.00e+00
 1.36714e+12	0.00e+00	0.00e+00	1.64e-30	8.44e-22	4.52e-14	1.87e-07	1.00e+00	0.00e+00	0.00e+00	0.00e+00	0.00e+00	0.00e+00
 1.45175e+12	0.00e+00	3.80e-40	2.27e-30	1.08e-21	5.33e-14	2.03e-07	1.00e+00	0.00e+00	0.00e+00	0.00e+00	0.00e+00	0.00e+00
 1.53975e+12	0.00e+00	0.00e+00	3.13e-30	1.38e-21	6.30e-14	2.21e-07	1.00e+00	0.00e+00	0.00e+00	0.00e+00	0.00e+00	0.00e+00
 1.63127e+12	0.00e+00	8.49e-40	4.33e-30	1.76e-21	7.44e-14	2.40e-07	1.00e+00	0.00e+00	0.00e+00	0.00e+00	0.00e+00	0.00e+00
 1.72644e+12	0.00e+00	0.00e+00	5.98e-30	2.25e-21	8.80e-14	2.62e-07	1.00e+00	0.00e+00	0.00e+00	0.00e+00	0.00e+00	0.00e+00
 1.82543e+12	0.00e+00	1.90e-39	8.27e-30	2.88e-21	1.04e-13	2.85e-07	1.00e+00	0.00e+00	0.00e+00	0.00e+00	0.00e+00	0.00e+00
 1.92837e+12	0.00e+00	0.00e+00	1.14e-29	3.69e-21	1.23e-13	3.11e-07	1.00e+00	0.00e+00	0.00e+00	0.00e+00	0.00e+00	0.00e+00
 2.03543e+12	0.00e+00	4.25e-39	1.58e-29	4.72e-21	1.46e-13	3.38e-07	1.00e+00	0.00e+00	0.00e+00	0.00e+00	0.00e+00	0.00e+00
 2.14678e+12	0.00e+00	0.00e+00	2.19e-29	6.05e-21	1.73e-13	3.69e-07	1.00e+00	0.00e+00	0.00e+00	0.00e+00	0.00e+00	0.00e+00
 2.26258e+12	0.00e+00	9.52e-39	3.03e-29	7.76e-21	2.05e-13	4.03e-07	1.00e+00	0.00e+00	0.00e+00	0.00e+00	0.00e+00	0.00e+00
 2.37497e+12	0.00e+00	0.00e+00	4.11e-29	9.78e-21	2.40e-13	4.37e-07	1.00e+00	0.00e+00	0.00e+00	0.00e+00	0.00e+00	0.00e+00
 2.48088e+12	0.00e+00	1.95e-38	5.42e-29	1.21e-20	2.78e-13	4.70e-07	1.00e+00	0.00e+00	0.00e+00	0.00e+00	0.00e+00	0.00e+00
 2.59906e+12	0.00e+00	0.00e+00	7.30e-29	1.52e-20	3.25e-13	5.10e-07	1.00e+00	0.00e+00	0.00e+00	0.00e+00	0.00e+00	0.00e+00
 2.73295e+12	0.00e+00	4.23e-38	1.01e-28	1.95e-20	3.86e-13	5.57e-07	1.00e+00	0.00e+00	0.00e+00	0.00e+00	0.00e+00	0.00e+00
 2.86510e+12	0.00e+00	0.00e+00	1.38e-28	2.47e-20	4.55e-13	6.06e-07	1.00e+00	0.00e+00	0.00e+00	0.00e+00	0.00e+00	0.00e+00
 3.00253e+12	0.00e+00	9.07e-38	1.88e-28	3.13e-20	5.36e-13	6.59e-07	1.00e+00	0.00e+00	0.00e+00	0.00e+00	0.00e+00	0.00e+00
 3.15256e+12	0.00e+00	0.00e+00	2.60e-28	4.02e-20	6.37e-13	7.21e-07	1.00e+00	0.00e+00	0.00e+00	0.00e+00	0.00e+00	0.00e+00
 3.30397e+12	0.00e+00	2.00e-37	3.56e-28	5.12e-20	7.54e-13	7.87e-07	1.00e+00	0.00e+00	0.00e+00	0.00e+00	0.00e+00	0.00e+00
 3.46144e+12	0.00e+00	0.00e+00	4.88e-28	6.53e-20	8.92e-13	8.59e-07	1.00e+00	0.00e+00	0.00e+00	0.00e+00	0.00e+00	0.00e+00
 3.62982e+12	0.00e+00	4.39e-37	6.74e-28	8.38e-20	1.06e-12	9.40e-07	1.00e+00	0.00e+00	0.00e+00	0.00e+00	0.00e+00	0.00e+00
 3.80494e+12	0.00e+00	0.00e+00	9.32e-28	1.08e-19	1.27e-12	1.03e-06	1.00e+00	0.00e+00	0.00e+00	0.00e+00	0.00e+00	0.00e+00
 3.98707e+12	0.00e+00	9.72e-37	1.29e-27	1.38e-19	1.51e-12	1.13e-06	1.00e+00	0.00e+00	0.00e+00	0.00e+00	0.00e+00	0.00e+00
 4.17648e+12	0.00e+00	0.00e+00	1.78e-27	1.77e-19	1.80e-12	1.24e-06	1.00e+00	0.00e+00	0.00e+00	0.00e+00	0.00e+00	0.00e+00
 4.35137e+12	0.00e+00	2.05e-36	2.37e-27	2.22e-19	2.10e-12	1.34e-06	1.00e+00	0.00e+00	0.00e+00	0.00e+00	0.00e+00	0.00e+00
 4.50276e+12	3.90e-46	2.75e-36	3.01e-27	2.67e-19	2.39e-12	1.44e-06	1.00e+00	0.00e+00	0.00e+00	0.00e+00	0.00e+00	0.00e+00
 4.67082e+12	0.00e+00	0.00e+00	3.89e-27	3.26e-19	2.76e-12	1.55e-06	1.00e+00	0.00e+00	0.00e+00	0.00e+00	0.00e+00	0.00e+00
 4.87609e+12	0.00e+00	5.45e-36	5.26e-27	4.13e-19	3.26e-12	1.69e-06	1.00e+00	0.00e+00	0.00e+00	0.00e+00	0.00e+00	0.00e+00
 5.08554e+12	1.36e-45	7.82e-36	7.08e-27	5.21e-19	3.84e-12	1.84e-06	1.00e+00	0.00e+00	0.00e+00	0.00e+00	0.00e+00	0.00e+00
 5.27684e+12	0.00e+00	0.00e+00	9.20e-27	6.39e-19	4.44e-12	1.99e-06	1.00e+00	0.00e+00	0.00e+00	0.00e+00	0.00e+00	0.00e+00
 5.48874e+12	0.00e+00	1.51e-35	1.22e-26	7.96e-19	5.19e-12	2.16e-06	1.00e+00	0.00e+00	0.00e+00	0.00e+00	0.00e+00	0.00e+00
 5.73564e+12	4.66e-45	2.21e-35	1.66e-26	1.02e-18	6.18e-12	2.37e-06	1.00e+00	0.00e+00	0.00e+00	0.00e+00	0.00e+00	0.00e+00
 5.97863e+12	0.00e+00	0.00e+00	2.23e-26	1.28e-18	7.30e-12	2.59e-06	1.00e+00	0.00e+00	0.00e+00	0.00e+00	0.00e+00	0.00e+00
 6.20865e+12	0.00e+00	4.36e-35	2.92e-26	1.58e-18	8.50e-12	2.81e-06	1.00e+00	0.00e+00	0.00e+00	0.00e+00	0.00e+00	0.00e+00
 6.46422e+12	1.58e-44	6.16e-35	3.88e-26	1.99e-18	9.99e-12	3.07e-06	1.00e+00	0.00e+00	0.00e+00	0.00e+00	0.00e+00	0.00e+00
 6.75271e+12	0.00e+00	8.94e-35	5.29e-26	2.54e-18	1.19e-11	3.38e-06	1.00e+00	0.00e+00	0.00e+00	0.00e+00	0.00e+00	0.00e+00
 7.04317e+12	3.74e-44	1.28e-34	7.13e-26	3.22e-18	1.42e-11	3.71e-06	1.00e+00	0.00e+00	0.00e+00	0.00e+00	0.00e+00	0.00e+00
 7.34525e+12	0.00e+00	1.83e-34	9.59e-26	4.08e-18	1.68e-11	4.07e-06	1.00e+00	0.00e+00	0.00e+00	0.00e+00	0.00e+00	0.00e+00
 7.66899e+12	8.75e-44	2.63e-34	1.30e-25	5.21e-18	2.00e-11	4.48e-06	1.00e+00	0.00e+00	0.00e+00	0.00e+00	0.00e+00	0.00e+00
 8.00567e+12	0.00e+00	3.76e-34	1.76e-25	6.64e-18	2.39e-11	4.93e-06	1.00e+00	0.00e+00	0.00e+00	0.00e+00	0.00e+00	0.00e+00
 8.35583e+12	2.03e-43	5.38e-34	2.37e-25	8.45e-18	2.85e-11	5.44e-06	1.00e+00	0.00e+00	0.00e+00	0.00e+00	0.00e+00	0.00e+00
 8.71999e+12	0.00e+00	7.65e-34	3.20e-25	1.08e-17	3.40e-11	5.99e-06	1.00e+00	0.00e+00	0.00e+00	0.00e+00	0.00e+00	0.00e+00
 9.09871e+12	4.62e-43	1.08e-33	4.29e-25	1.37e-17	4.04e-11	6.60e-06	1.00e+00	0.00e+00	0.00e+00	0.00e+00	0.00e+00	0.00e+00
 9.49259e+12	0.00e+00	1.53e-33	5.76e-25	1.74e-17	4.81e-11	7.28e-06	1.00e+00	0.00e+00	0.00e+00	0.00e+00	0.00e+00	0.00e+00
 9.89029e+12	1.02e-42	2.14e-33	7.64e-25	2.19e-17	5.70e-11	8.00e-06	1.00e+00	0.00e+00	0.00e+00	0.00e+00	0.00e+00	0.00e+00
 1.03039e+13	0.00e+00	2.97e-33	1.01e-24	2.75e-17	6.74e-11	8.80e-06	1.00e+00	0.00e+00	0.00e+00	0.00e+00	0.00e+00	0.00e+00
 1.07195e+13	2.15e-42	4.07e-33	1.33e-24	3.44e-17	7.93e-11	9.65e-06	1.00e+00	0.00e+00	0.00e+00	0.00e+00	0.00e+00	0.00e+00
 1.11104e+13	0.00e+00	5.41e-33	1.69e-24	4.20e-17	9.18e-11	1.05e-05	1.00e+00	0.00e+00	0.00e+00	0.00e+00	0.00e+00	0.00e+00
 1.15434e+13	4.24e-42	7.32e-33	2.19e-24	5.21e-17	1.07e-10	1.15e-05	1.00e+00	0.00e+00	0.00e+00	0.00e+00	0.00e+00	0.00e+00
 1.20197e+13	0.00e+00	1.00e-32	2.89e-24	6.54e-17	1.27e-10	1.26e-05	1.00e+00	0.00e+00	0.00e+00	0.00e+00	0.00e+00	0.00e+00
 1.24738e+13	8.51e-42	1.34e-32	3.71e-24	8.05e-17	1.47e-10	1.37e-05	1.00e+00	0.00e+00	0.00e+00	0.00e+00	0.00e+00	0.00e+00
 1.28989e+13	0.00e+00	1.74e-32	4.65e-24	9.71e-17	1.68e-10	1.49e-05	1.00e+00	0.00e+00	0.00e+00	0.00e+00	0.00e+00	0.00e+00
 1.33733e+13	1.59e-41	2.31e-32	5.94e-24	1.19e-16	1.95e-10	1.62e-05	1.00e+00	0.00e+00	0.00e+00	0.00e+00	0.00e+00	0.00e+00
 1.39088e+13	0.00e+00	3.13e-32	7.73e-24	1.48e-16	2.28e-10	1.77e-05	1.00e+00	0.00e+00	0.00e+00	0.00e+00	0.00e+00	0.00e+00
 1.44221e+13	3.09e-41	4.14e-32	9.88e-24	1.82e-16	2.64e-10	1.93e-05	1.00e+00	0.00e+00	0.00e+00	0.00e+00	0.00e+00	0.00e+00
 1.49763e+13	0.00e+00	5.56e-32	1.28e-23	2.24e-16	3.07e-10	2.10e-05	1.00e+00	0.00e+00	0.00e+00	0.00e+00	0.00e+00	0.00e+00
 1.55916e+13	6.18e-41	7.60e-32	1.68e-23	2.81e-16	3.60e-10	2.31e-05	1.00e+00	0.00e+00	0.00e+00	0.00e+00	0.00e+00	0.00e+00
 1.61866e+13	0.00e+00	1.02e-31	2.16e-23	3.47e-16	4.18e-10	2.51e-05	1.00e+00	0.00e+00	0.00e+00	0.00e+00	0.00e+00	0.00e+00
 1.67111e+13	1.15e-40	1.31e-31	2.69e-23	4.16e-16	4.75e-10	2.71e-05	1.00e+00	0.00e+00	0.00e+00	0.00e+00	0.00e+00	0.00e+00
 1.71810e+13	0.00e+00	1.63e-31	3.25e-23	4.86e-16	5.30e-10	2.88e-05	1.00e+00	0.00e+00	0.00e+00	0.00e+00	0.00e+00	0.00e+00
 1.77181e+13	1.95e-40	2.08e-31	4.02e-23	5.79e-16	5.98e-10	3.09e-05	1.00e+00	0.00e+00	0.00e+00	0.00e+00	0.00e+00	0.00e+00
 1.83971e+13	0.00e+00	2.81e-31	5.21e-23	7.16e-16	6.94e-10	3.36e-05	1.00e+00	0.00e+00	0.00e+00	0.00e+00	0.00e+00	0.00e+00
 1.90906e+13	3.84e-40	3.78e-31	6.74e-23	8.83e-16	8.02e-10	3.66e-05	1.00e+00	0.00e+00	0.00e+00	0.00e+00	0.00e+00	0.00e+00
 1.96861e+13	0.00e+00	4.86e-31	8.35e-23	1.05e-15	9.05e-10	3.92e-05	1.00e+00	0.00e+00	0.00e+00	0.00e+00	0.00e+00	0.00e+00
 2.03241e+13	6.91e-40	6.32e-31	1.05e-22	1.26e-15	1.03e-09	4.21e-05	1.00e+00	0.00e+00	0.00e+00	0.00e+00	0.00e+00	0.00e+00
 2.11133e+13	0.00e+00	8.65e-31	1.37e-22	1.57e-15	1.19e-09	4.58e-05	1.00e+00	0.00e+00	0.00e+00	0.00e+00	0.00e+00	0.00e+00
 2.19216e+13	1.42e-39	1.18e-30	1.79e-22	1.94e-15	1.38e-09	4.97e-05	1.00e+00	0.00e+00	0.00e+00	0.00e+00	0.00e+00	0.00e+00
 2.26498e+13	0.00e+00	1.56e-30	2.26e-22	2.34e-15	1.57e-09	5.34e-05	1.00e+00	0.00e+00	0.00e+00	0.00e+00	0.00e+00	0.00e+00
 2.34513e+13	2.73e-39	2.10e-30	2.90e-22	2.86e-15	1.79e-09	5.76e-05	1.00e+00	0.00e+00	0.00e+00	0.00e+00	0.00e+00	0.00e+00
 2.43975e+13	0.00e+00	2.94e-30	3.87e-22	3.59e-15	2.09e-09	6.28e-05	1.00e+00	0.00e+00	0.00e+00	0.00e+00	0.00e+00	0.00e+00
 2.53477e+13	5.92e-39	4.10e-30	5.11e-22	4.48e-15	2.43e-09	6.82e-05	1.00e+00	0.00e+00	0.00e+00	0.00e+00	0.00e+00	0.00e+00
 2.62557e+13	0.00e+00	5.59e-30	6.63e-22	5.49e-15	2.79e-09	7.35e-05	1.00e+00	0.00e+00	0.00e+00	0.00e+00	0.00e+00	0.00e+00
 2.72556e+13	1.25e-38	7.79e-30	8.74e-22	6.81e-15	3.23e-09	7.95e-05	1.00e+00	0.00e+00	0.00e+00	0.00e+00	0.00e+00	0.00e+00
 2.83758e+13	0.00e+00	1.12e-29	1.18e-21	8.61e-15	3.78e-09	8.66e-05	1.00e+00	0.00e+00	0.00e+00	0.00e+00	0.00e+00	0.00e+00
 2.95407e+13	2.90e-38	1.61e-29	1.59e-21	1.09e-14	4.42e-09	9.42e-05	1.00e+00	0.00e+00	0.00e+00	0.00e+00	0.00e+00	0.00e+00
 3.07523e+13	0.00e+00	2.31e-29	2.15e-21	1.37e-14	5.17e-09	1.02e-04	1.00e+00	0.00e+00	0.00e+00	0.00e+00	0.00e+00	0.00e+00
 3.20123e+13	6.83e-38	3.34e-29	2.91e-21	1.74e-14	6.05e-09	1.11e-04	1.00e+00	0.00e+00	0.00e+00	0.00e+00	0.00e+00	0.00e+00
 3.32789e+13	0.00e+00	4.78e-29	3.91e-21	2.18e-14	7.04e-09	1.21e-04	1.00e+00	0.00e+00	0.00e+00	0.00e+00	0.00e+00	0.00e+00
 3.45963e+13	1.59e-37	6.85e-29	5.26e-21	2.73e-14	8.19e-09	1.31e-04	1.00e+00	0.00e+00	0.00e+00	0.00e+00	0.00e+00	0.00e+00
 3.60100e+13	0.00e+00	9.97e-29	7.14e-21	3.45e-14	9.58e-09	1.42e-04	1.00e+00	0.00e+00	0.00e+00	0.00e+00	0.00e+00	0.00e+00
 3.74804e+13	3.88e-37	1.46e-28	9.71e-21	4.37e-14	1.12e-08	1.54e-04	1.00e+00	0.00e+00	0.00e+00	0.00e+00	0.00e+00	0.00e+00
 3.90095e+13	0.00e+00	2.12e-28	1.32e-20	5.52e-14	1.31e-08	1.67e-04	1.00e+00	0.00e+00	0.00e+00	0.00e+00	0.00e+00	0.00e+00
 4.05998e+13	9.47e-37	3.10e-28	1.80e-20	6.98e-14	1.53e-08	1.81e-04	1.00e+00	0.00e+00	0.00e+00	0.00e+00	0.00e+00	0.00e+00
 4.20938e+13	0.00e+00	4.36e-28	2.37e-20	8.63e-14	1.77e-08	1.95e-04	1.00e+00	0.00e+00	0.00e+00	0.00e+00	0.00e+00	0.00e+00
 4.34354e+13	2.03e-36	5.89e-28	3.03e-20	1.04e-13	2.00e-08	2.07e-04	1.00e+00	0.00e+00	0.00e+00	0.00e+00	0.00e+00	0.00e+00
 4.49496e+13	0.00e+00	8.19e-28	3.95e-20	1.27e-13	2.29e-08	2.22e-04	1.00e+00	0.00e+00	0.00e+00	0.00e+00	0.00e+00	0.00e+00
 4.67365e+13	4.64e-36	1.18e-27	5.34e-20	1.60e-13	2.66e-08	2.41e-04	1.00e+00	0.00e+00	0.00e+00	0.00e+00	0.00e+00	0.00e+00
 4.85437e+13	0.00e+00	1.71e-27	7.18e-20	2.00e-13	3.09e-08	2.59e-04	1.00e+00	0.00e+00	0.00e+00	0.00e+00	0.00e+00	0.00e+00
 5.04233e+13	1.10e-35	2.45e-27	9.63e-20	2.50e-13	3.59e-08	2.80e-04	1.00e+00	0.00e+00	0.00e+00	0.00e+00	0.00e+00	0.00e+00
 5.24701e+13	0.00e+00	3.60e-27	1.31e-19	3.16e-13	4.20e-08	3.04e-04	1.00e+00	0.00e+00	0.00e+00	0.00e+00	0.00e+00	0.00e+00
 5.45522e+13	2.73e-35	5.25e-27	1.78e-19	3.97e-13	4.89e-08	3.28e-04	1.00e+00	0.00e+00	0.00e+00	0.00e+00	0.00e+00	0.00e+00
 5.67177e+13	4.26e-35	7.64e-27	2.41e-19	5.00e-13	5.70e-08	3.55e-04	1.00e+00	0.00e+00	0.00e+00	0.00e+00	0.00e+00	0.00e+00
 5.90163e+13	6.69e-35	1.12e-26	3.28e-19	6.32e-13	6.67e-08	3.85e-04	1.00e+00	0.00e+00	0.00e+00	0.00e+00	0.00e+00	0.00e+00
 6.14069e+13	1.06e-34	1.64e-26	4.48e-19	7.99e-13	7.80e-08	4.16e-04	1.00e+00	0.00e+00	0.00e+00	0.00e+00	0.00e+00	0.00e+00
 6.38931e+13	1.66e-34	2.40e-26	6.10e-19	1.01e-12	9.12e-08	4.51e-04	1.00e+00	0.00e+00	0.00e+00	0.00e+00	0.00e+00	0.00e+00
 6.64787e+13	2.64e-34	3.54e-26	8.33e-19	1.28e-12	1.07e-07	4.89e-04	1.00e+00	0.00e+00	0.00e+00	0.00e+00	0.00e+00	0.00e+00
 6.89050e+13	3.94e-34	4.97e-26	1.10e-18	1.58e-12	1.23e-07	5.26e-04	9.99e-01	0.00e+00	0.00e+00	0.00e+00	0.00e+00	0.00e+00
 7.10598e+13	5.63e-34	6.70e-26	1.40e-18	1.90e-12	1.39e-07	5.59e-04	9.99e-01	0.00e+00	0.00e+00	0.00e+00	0.00e+00	0.00e+00
 7.34671e+13	8.29e-34	9.27e-26	1.82e-18	2.31e-12	1.58e-07	5.98e-04	9.99e-01	0.00e+00	0.00e+00	0.00e+00	0.00e+00	0.00e+00
 7.63392e+13	1.28e-33	1.34e-25	2.45e-18	2.90e-12	1.84e-07	6.46e-04	9.99e-01	0.00e+00	0.00e+00	0.00e+00	0.00e+00	0.00e+00
 7.92124e+13	1.97e-33	1.92e-25	3.28e-18	3.61e-12	2.13e-07	6.96e-04	9.99e-01	0.00e+00	0.00e+00	0.00e+00	0.00e+00	0.00e+00
 8.18686e+13	2.85e-33	2.63e-25	4.24e-18	4.38e-12	2.43e-07	7.44e-04	9.99e-01	0.00e+00	0.00e+00	0.00e+00	0.00e+00	0.00e+00
 8.48415e+13	4.34e-33	3.73e-25	5.61e-18	5.42e-12	2.79e-07	7.99e-04	9.99e-01	0.00e+00	0.00e+00	0.00e+00	0.00e+00	0.00e+00
 8.82651e+13	6.78e-33	5.44e-25	7.64e-18	6.85e-12	3.27e-07	8.66e-04	9.99e-01	0.00e+00	0.00e+00	0.00e+00	0.00e+00	0.00e+00
 9.16006e+13	1.05e-32	7.82e-25	1.02e-17	8.54e-12	3.78e-07	9.32e-04	9.99e-01	0.00e+00	0.00e+00	0.00e+00	0.00e+00	0.00e+00
 9.47726e+13	1.54e-32	1.08e-24	1.33e-17	1.04e-11	4.33e-07	9.99e-04	9.99e-01	0.00e+00	0.00e+00	0.00e+00	0.00e+00	0.00e+00
 9.82965e+13	2.35e-32	1.54e-24	1.78e-17	1.30e-11	5.00e-07	1.07e-03	9.99e-01	0.00e+00	0.00e+00	0.00e+00	0.00e+00	0.00e+00
 1.02258e+14	3.72e-32	2.27e-24	2.42e-17	1.64e-11	5.84e-07	1.16e-03	9.99e-01	0.00e+00	0.00e+00	0.00e+00	0.00e+00	0.00e+00
 1.06240e+14	5.78e-32	3.29e-24	3.28e-17	2.06e-11	6.80e-07	1.26e-03	9.99e-01	0.00e+00	0.00e+00	0.00e+00	0.00e+00	0.00e+00
 1.10380e+14	9.01e-32	4.78e-24	4.43e-17	2.58e-11	7.91e-07	1.36e-03	9.99e-01	0.00e+00	0.00e+00	0.00e+00	0.00e+00	0.00e+00
 1.14826e+14	1.42e-31	7.01e-24	6.05e-17	3.27e-11	9.25e-07	1.47e-03	9.99e-01	0.00e+00	0.00e+00	0.00e+00	0.00e+00	0.00e+00
 1.19449e+14	2.24e-31	1.03e-23	8.26e-17	4.13e-11	1.08e-06	1.59e-03	9.98e-01	0.00e+00	0.00e+00	0.00e+00	0.00e+00	0.00e+00
 1.24256e+14	3.58e-31	1.52e-23	1.13e-16	5.22e-11	1.26e-06	1.72e-03	9.98e-01	0.00e+00	0.00e+00	0.00e+00	0.00e+00	0.00e+00
 1.29143e+14	5.55e-31	2.20e-23	1.53e-16	6.57e-11	1.47e-06	1.86e-03	9.98e-01	0.00e+00	0.00e+00	0.00e+00	0.00e+00	0.00e+00
 1.33829e+14	8.50e-31	3.13e-23	2.03e-16	8.12e-11	1.70e-06	1.99e-03	9.98e-01	0.00e+00	0.00e+00	0.00e+00	0.00e+00	0.00e+00
 1.38817e+14	1.28e-30	4.44e-23	2.71e-16	1.01e-10	1.96e-06	2.15e-03	9.98e-01	0.00e+00	0.00e+00	0.00e+00	0.00e+00	0.00e+00
 1.44399e+14	2.07e-30	6.60e-23	3.71e-16	1.28e-10	2.29e-06	2.32e-03	9.98e-01	0.00e+00	0.00e+00	0.00e+00	0.00e+00	0.00e+00
 1.49939e+14	3.16e-30	9.46e-23	4.99e-16	1.60e-10	2.66e-06	2.50e-03	9.97e-01	0.00e+00	0.00e+00	0.00e+00	0.00e+00	0.00e+00
 1.55700e+14	4.99e-30	1.38e-22	6.74e-16	2.00e-10	3.09e-06	2.69e-03	9.97e-01	0.00e+00	0.00e+00	0.00e+00	0.00e+00	0.00e+00
 1.61958e+14	7.81e-30	2.01e-22	9.21e-16	2.53e-10	3.61e-06	2.91e-03	9.97e-01	0.00e+00	0.00e+00	0.00e+00	0.00e+00	0.00e+00
 1.68237e+14	1.23e-29	2.94e-22	1.25e-15	3.17e-10	4.20e-06	3.14e-03	9.97e-01	0.00e+00	0.00e+00	0.00e+00	0.00e+00	0.00e+00
 1.73991e+14	1.81e-29	4.07e-22	1.63e-15	3.87e-10	4.80e-06	3.36e-03	9.97e-01	0.00e+00	0.00e+00	0.00e+00	0.00e+00	0.00e+00
 1.80123e+14	2.74e-29	5.74e-22	2.14e-15	4.76e-10	5.51e-06	3.60e-03	9.96e-01	0.00e+00	0.00e+00	0.00e+00	0.00e+00	0.00e+00
 1.87034e+14	4.18e-29	8.22e-22	2.89e-15	5.96e-10	6.39e-06	3.88e-03	9.96e-01	0.00e+00	0.00e+00	0.00e+00	0.00e+00	0.00e+00
 1.93653e+14	6.35e-29	1.16e-21	3.81e-15	7.33e-10	7.34e-06	4.15e-03	9.96e-01	0.00e+00	0.00e+00	0.00e+00	0.00e+00	0.00e+00
 2.00780e+14	9.56e-29	1.64e-21	5.07e-15	9.09e-10	8.47e-06	4.46e-03	9.96e-01	0.00e+00	0.00e+00	0.00e+00	0.00e+00	0.00e+00
 2.08842e+14	1.50e-28	2.40e-21	6.93e-15	1.15e-09	9.90e-06	4.83e-03	9.95e-01	0.00e+00	0.00e+00	0.00e+00	0.00e+00	0.00e+00
 2.16320e+14	2.28e-28	3.41e-21	9.16e-15	1.42e-09	1.14e-05	5.18e-03	9.95e-01	0.00e+00	0.00e+00	0.00e+00	0.00e+00	0.00e+00
 2.22850e+14	3.17e-28	4.50e-21	1.16e-14	1.69e-09	1.28e-05	5.50e-03	9.94e-01	0.00e+00	0.00e+00	0.00e+00	0.00e+00	0.00e+00
 2.30122e+14	4.57e-28	6.13e-21	1.49e-14	2.05e-09	1.45e-05	5.86e-03	9.94e-01	0.00e+00	0.00e+00	0.00e+00	0.00e+00	0.00e+00
 2.38931e+14	7.00e-28	8.79e-21	2.01e-14	2.56e-09	1.69e-05	6.32e-03	9.94e-01	0.00e+00	0.00e+00	0.00e+00	0.00e+00	0.00e+00
 2.47792e+14	1.08e-27	1.26e-20	2.68e-14	3.18e-09	1.95e-05	6.79e-03	9.93e-01	0.00e+00	0.00e+00	0.00e+00	0.00e+00	0.00e+00
 2.55826e+14	1.51e-27	1.69e-20	3.44e-14	3.84e-09	2.21e-05	7.25e-03	9.93e-01	0.00e+00	0.00e+00	0.00e+00	0.00e+00	0.00e+00
 2.64731e+14	2.27e-27	2.36e-20	4.52e-14	4.71e-09	2.53e-05	7.75e-03	9.92e-01	0.00e+00	0.00e+00	0.00e+00	0.00e+00	0.00e+00
 2.75175e+14	3.42e-27	3.37e-20	6.12e-14	5.93e-09	2.95e-05	8.39e-03	9.92e-01	0.00e+00	0.00e+00	0.00e+00	0.00e+00	0.00e+00
 2.85384e+14	5.22e-27	4.80e-20	8.15e-14	7.36e-09	3.41e-05	9.03e-03	9.91e-01	0.00e+00	0.00e+00	0.00e+00	0.00e+00	0.00e+00
 2.94826e+14	7.31e-27	6.43e-20	1.05e-13	8.93e-09	3.88e-05	9.65e-03	9.90e-01	0.00e+00	0.00e+00	0.00e+00	0.00e+00	0.00e+00
 3.05473e+14	1.10e-26	9.08e-20	1.39e-13	1.10e-08	4.46e-05	1.04e-02	9.90e-01	0.00e+00	0.00e+00	0.00e+00	0.00e+00	0.00e+00
 3.17722e+14	1.64e-26	1.29e-19	1.89e-13	1.39e-08	5.21e-05	1.12e-02	9.89e-01	0.00e+00	0.00e+00	0.00e+00	0.00e+00	0.00e+00
 3.29692e+14	2.44e-26	1.81e-19	2.52e-13	1.73e-08	6.03e-05	1.21e-02	9.88e-01	0.00e+00	0.00e+00	0.00e+00	0.00e+00	0.00e+00
 3.42141e+14	3.62e-26	2.54e-19	3.36e-13	2.16e-08	6.98e-05	1.31e-02	9.87e-01	0.00e+00	0.00e+00	0.00e+00	0.00e+00	0.00e+00
 3.55857e+14	5.46e-26	3.63e-19	4.55e-13	2.73e-08	8.15e-05	1.42e-02	9.86e-01	0.00e+00	0.00e+00	0.00e+00	0.00e+00	0.00e+00
 3.69628e+14	8.34e-26	5.21e-19	6.12e-13	3.42e-08	9.46e-05	1.53e-02	9.85e-01	0.00e+00	0.00e+00	0.00e+00	0.00e+00	0.00e+00
 3.83950e+14	1.20e-25	7.23e-19	8.21e-13	4.28e-08	1.10e-04	1.66e-02	9.83e-01	0.00e+00	0.00e+00	0.00e+00	0.00e+00	0.00e+00
 3.99338e+14	1.80e-25	1.03e-18	1.11e-12	5.40e-08	1.28e-04	1.80e-02	9.82e-01	0.00e+00	0.00e+00	0.00e+00	0.00e+00	0.00e+00
 4.15342e+14	2.68e-25	1.46e-18	1.51e-12	6.82e-08	1.50e-04	1.96e-02	9.80e-01	0.00e+00	0.00e+00	0.00e+00	0.00e+00	0.00e+00
 4.31985e+14	4.11e-25	2.11e-18	2.04e-12	8.61e-08	1.75e-04	2.12e-02	9.79e-01	0.00e+00	0.00e+00	0.00e+00	0.00e+00	0.00e+00
 4.48110e+14	5.74e-25	2.86e-18	2.71e-12	1.07e-07	2.01e-04	2.30e-02	9.77e-01	0.00e+00	0.00e+00	0.00e+00	0.00e+00	0.00e+00
 4.63069e+14	8.00e-25	3.83e-18	3.49e-12	1.30e-07	2.29e-04	2.46e-02	9.75e-01	0.00e+00	0.00e+00	0.00e+00	0.00e+00	0.00e+00
 4.76955e+14	1.09e-24	5.02e-18	4.38e-12	1.55e-07	2.57e-04	2.62e-02	9.74e-01	0.00e+00	0.00e+00	0.00e+00	0.00e+00	0.00e+00
 4.92057e+14	1.48e-24	6.60e-18	5.57e-12	1.86e-07	2.90e-04	2.79e-02	9.72e-01	0.00e+00	0.00e+00	0.00e+00	0.00e+00	0.00e+00
 5.08948e+14	2.01e-24	8.74e-18	7.22e-12	2.27e-07	3.31e-04	3.00e-02	9.70e-01	0.00e+00	0.00e+00	0.00e+00	0.00e+00	0.00e+00
 5.24895e+14	2.78e-24	1.16e-17	9.16e-12	2.72e-07	3.73e-04	3.20e-02	9.68e-01	0.00e+00	0.00e+00	0.00e+00	0.00e+00	0.00e+00
 5.42359e+14	3.69e-24	1.52e-17	1.18e-11	3.31e-07	4.24e-04	3.44e-02	9.65e-01	0.00e+00	0.00e+00	0.00e+00	0.00e+00	0.00e+00
 5.61808e+14	5.25e-24	2.08e-17	1.54e-11	4.07e-07	4.86e-04	3.70e-02	9.63e-01	0.00e+00	0.00e+00	0.00e+00	0.00e+00	0.00e+00
 5.80233e+14	7.28e-24	2.78e-17	1.98e-11	4.93e-07	5.51e-04	3.96e-02	9.60e-01	0.00e+00	0.00e+00	0.00e+00	0.00e+00	0.00e+00
 6.00579e+14	9.88e-24	3.70e-17	2.58e-11	6.04e-07	6.30e-04	4.26e-02	9.57e-01	0.00e+00	0.00e+00	0.00e+00	0.00e+00	0.00e+00
 6.22679e+14	1.39e-23	5.06e-17	3.42e-11	7.49e-07	7.24e-04	4.60e-02	9.53e-01	0.00e+00	0.00e+00	0.00e+00	0.00e+00	0.00e+00
 6.42561e+14	1.90e-23	6.70e-17	4.36e-11	9.01e-07	8.18e-04	4.92e-02	9.50e-01	0.00e+00	0.00e+00	0.00e+00	0.00e+00	0.00e+00
 6.63911e+14	2.64e-23	9.01e-17	5.62e-11	1.09e-06	9.28e-04	5.26e-02	9.46e-01	0.00e+00	0.00e+00	0.00e+00	0.00e+00	0.00e+00
 6.87955e+14	3.59e-23	1.21e-16	7.39e-11	1.35e-06	1.06e-03	5.68e-02	9.42e-01	0.00e+00	0.00e+00	0.00e+00	0.00e+00	0.00e+00
 7.10718e+14	4.94e-23	1.61e-16	9.52e-11	1.63e-06	1.21e-03	6.07e-02	9.38e-01	0.00e+00	0.00e+00	0.00e+00	0.00e+00	0.00e+00
 7.35526e+14	7.05e-23	2.21e-16	1.24e-10	2.00e-06	1.38e-03	6.51e-02	9.33e-01	0.00e+00	0.00e+00	0.00e+00	0.00e+00	0.00e+00
 7.63014e+14	9.72e-23	3.01e-16	1.65e-10	2.48e-06	1.58e-03	7.04e-02	9.28e-01	0.00e+00	0.00e+00	0.00e+00	0.00e+00	0.00e+00
 7.88446e+14	1.34e-22	4.03e-16	2.13e-10	3.01e-06	1.79e-03	7.53e-02	9.23e-01	0.00e+00	0.00e+00	0.00e+00	0.00e+00	0.00e+00
 8.15964e+14	1.90e-22	5.52e-16	2.78e-10	3.68e-06	2.04e-03	8.07e-02	9.17e-01	0.00e+00	0.00e+00	0.00e+00	0.00e+00	0.00e+00
 8.46837e+14	2.65e-22	7.58e-16	3.72e-10	4.58e-06	2.35e-03	8.72e-02	9.10e-01	0.00e+00	0.00e+00	0.00e+00	0.00e+00	0.00e+00
 8.75947e+14	3.74e-22	1.03e-15	4.83e-10	5.59e-06	2.67e-03	9.32e-02	9.04e-01	0.00e+00	0.00e+00	0.00e+00	0.00e+00	0.00e+00
 9.07547e+14	5.31e-22	1.42e-15	6.37e-10	6.87e-06	3.06e-03	1.00e-01	8.97e-01	0.00e+00	0.00e+00	0.00e+00	0.00e+00	0.00e+00
 9.42828e+14	7.57e-22	1.98e-15	8.58e-10	8.59e-06	3.53e-03	1.08e-01	8.88e-01	0.00e+00	0.00e+00	0.00e+00	0.00e+00	0.00e+00
 9.76139e+14	1.08e-21	2.73e-15	1.12e-09	1.05e-05	4.02e-03	1.16e-01	8.80e-01	0.00e+00	0.00e+00	0.00e+00	0.00e+00	0.00e+00
 1.01183e+15	1.53e-21	3.77e-15	1.49e-09	1.30e-05	4.60e-03	1.24e-01	8.71e-01	0.00e+00	0.00e+00	0.00e+00	0.00e+00	0.00e+00
 1.05152e+15	2.25e-21	5.34e-15	2.01e-09	1.62e-05	5.30e-03	1.33e-01	8.61e-01	0.00e+00	0.00e+00	0.00e+00	0.00e+00	0.00e+00
 1.09030e+15	3.19e-21	7.39e-15	2.66e-09	2.00e-05	6.06e-03	1.43e-01	8.51e-01	0.00e+00	0.00e+00	0.00e+00	0.00e+00	0.00e+00
 1.13147e+15	4.66e-21	1.04e-14	3.55e-09	2.47e-05	6.94e-03	1.53e-01	8.40e-01	0.00e+00	0.00e+00	0.00e+00	0.00e+00	0.00e+00
 1.17675e+15	6.87e-21	1.48e-14	4.82e-09	3.10e-05	8.01e-03	1.65e-01	8.27e-01	0.00e+00	0.00e+00	0.00e+00	0.00e+00	0.00e+00
 1.22253e+15	1.01e-20	2.11e-14	6.47e-09	3.86e-05	9.20e-03	1.77e-01	8.14e-01	0.00e+00	0.00e+00	0.00e+00	0.00e+00	0.00e+00
 1.27014e+15	1.50e-20	3.00e-14	8.71e-09	4.80e-05	1.06e-02	1.89e-01	8.00e-01	0.00e+00	0.00e+00	0.00e+00	0.00e+00	0.00e+00
 1.32097e+15	2.23e-20	4.28e-14	1.18e-08	5.99e-05	1.21e-02	2.03e-01	7.85e-01	0.00e+00	0.00e+00	0.00e+00	0.00e+00	0.00e+00
 1.37384e+15	3.34e-20	6.18e-14	1.60e-08	7.48e-05	1.40e-02	2.17e-01	7.69e-01	0.00e+00	0.00e+00	0.00e+00	0.00e+00	0.00e+00
 1.41984e+15	4.70e-20	8.38e-14	2.06e-08	9.00e-05	1.57e-02	2.29e-01	7.55e-01	0.00e+00	0.00e+00	0.00e+00	0.00e+00	0.00e+00
 1.45587e+15	6.11e-20	1.06e-13	2.49e-08	1.03e-04	1.71e-02	2.39e-01	7.44e-01	0.00e+00	0.00e+00	0.00e+00	0.00e+00	0.00e+00
 1.49492e+15	8.04e-20	1.35e-13	3.05e-08	1.20e-04	1.87e-02	2.49e-01	7.32e-01	0.00e+00	0.00e+00	0.00e+00	0.00e+00	0.00e+00
 1.54569e+15	1.14e-19	1.84e-13	3.93e-08	1.44e-04	2.10e-02	2.63e-01	7.16e-01	0.00e+00	0.00e+00	0.00e+00	0.00e+00	0.00e+00
 1.60061e+15	1.62e-19	2.51e-13	5.11e-08	1.75e-04	2.36e-02	2.77e-01	7.00e-01	0.00e+00	0.00e+00	0.00e+00	0.00e+00	0.00e+00
 1.65049e+15	2.26e-19	3.37e-13	6.46e-08	2.07e-04	2.62e-02	2.90e-01	6.84e-01	0.00e+00	0.00e+00	0.00e+00	0.00e+00	0.00e+00
 1.70490e+15	3.19e-19	4.55e-13	8.24e-08	2.46e-04	2.92e-02	3.04e-01	6.67e-01	0.00e+00	0.00e+00	0.00e+00	0.00e+00	0.00e+00
 1.77038e+15	4.74e-19	6.46e-13	1.09e-07	3.02e-04	3.30e-02	3.20e-01	6.46e-01	0.00e+00	0.00e+00	0.00e+00	0.00e+00	0.00e+00
 1.83468e+15	6.91e-19	8.96e-13	1.43e-07	3.65e-04	3.71e-02	3.36e-01	6.27e-01	0.00e+00	0.00e+00	0.00e+00	0.00e+00	0.00e+00
 1.89130e+15	9.55e-19	1.19e-12	1.79e-07	4.29e-04	4.09e-02	3.49e-01	6.09e-01	0.00e+00	0.00e+00	0.00e+00	0.00e+00	0.00e+00
 1.95349e+15	1.34e-18	1.59e-12	2.27e-07	5.08e-04	4.52e-02	3.64e-01	5.90e-01	0.00e+00	0.00e+00	0.00e+00	0.00e+00	0.00e+00
 2.02843e+15	1.95e-18	2.21e-12	2.98e-07	6.18e-04	5.08e-02	3.80e-01	5.68e-01	0.00e+00	0.00e+00	0.00e+00	0.00e+00	0.00e+00
 2.10344e+15	2.94e-18	3.13e-12	3.88e-07	7.45e-04	5.68e-02	3.96e-01	5.46e-01	0.00e+00	0.00e+00	0.00e+00	0.00e+00	0.00e+00
 2.17115e+15	4.11e-18	4.17e-12	4.88e-07	8.75e-04	6.24e-02	4.10e-01	5.27e-01	0.00e+00	0.00e+00	0.00e+00	0.00e+00	0.00e+00
 2.24589e+15	5.88e-18	5.65e-12	6.21e-07	1.04e-03	6.89e-02	4.24e-01	5.06e-01	0.00e+00	0.00e+00	0.00e+00	0.00e+00	0.00e+00
 2.33391e+15	8.59e-18	7.85e-12	8.15e-07	1.26e-03	7.70e-02	4.40e-01	4.82e-01	0.00e+00	0.00e+00	0.00e+00	0.00e+00	0.00e+00
 2.42101e+15	1.30e-17	1.11e-11	1.06e-06	1.51e-03	8.54e-02	4.54e-01	4.59e-01	0.00e+00	0.00e+00	0.00e+00	0.00e+00	0.00e+00
 2.50197e+15	1.85e-17	1.49e-11	1.33e-06	1.77e-03	9.35e-02	4.66e-01	4.38e-01	0.00e+00	0.00e+00	0.00e+00	0.00e+00	0.00e+00
 2.59245e+15	2.70e-17	2.03e-11	1.69e-06	2.09e-03	1.03e-01	4.79e-01	4.16e-01	0.00e+00	0.00e+00	1.54e-17	8.25e-18	3.07e-18
 2.69618e+15	3.95e-17	2.81e-11	2.21e-06	2.52e-03	1.14e-01	4.91e-01	3.92e-01	0.00e+00	0.00e+00	2.25e-17	1.22e-17	4.43e-18
 2.79874e+15	6.06e-17	3.98e-11	2.86e-06	3.00e-03	1.26e-01	5.03e-01	3.69e-01	0.00e+00	0.00e+00	3.45e-17	1.86e-17	6.74e-18
 2.90540e+15	8.92e-17	5.49e-11	3.67e-06	3.56e-03	1.38e-01	5.12e-01	3.46e-01	0.00e+00	0.00e+00	5.09e-17	2.74e-17	9.88e-18
 3.02164e+15	1.30e-16	7.55e-11	4.75e-06	4.24e-03	1.52e-01	5.21e-01	3.23e-01	0.00e+00	0.00e+00	7.42e-17	3.98e-17	1.43e-17
 3.14254e+15	1.95e-16	1.06e-10	6.14e-06	5.05e-03	1.66e-01	5.28e-01	3.00e-01	0.00e+00	0.00e+00	1.12e-16	5.98e-17	2.14e-17
 3.26827e+15	3.04e-16	1.50e-10	7.93e-06	6.00e-03	1.82e-01	5.34e-01	2.78e-01	0.00e+00	0.00e+00	1.74e-16	9.28e-17	3.31e-17
 3.39903e+15	4.57e-16	2.09e-10	1.02e-05	7.09e-03	1.98e-01	5.38e-01	2.57e-01	0.00e+00	0.00e+00	2.62e-16	1.40e-16	4.95e-17
 3.51262e+15	6.39e-16	2.75e-10	1.25e-05	8.14e-03	2.13e-01	5.40e-01	2.39e-01	0.00e+00	0.00e+00	3.67e-16	1.95e-16	6.90e-17
 3.60053e+15	8.22e-16	3.37e-10	1.46e-05	9.02e-03	2.24e-01	5.40e-01	2.27e-01	0.00e+00	0.00e+00	4.72e-16	2.51e-16	8.84e-17
 3.69479e+15	1.07e-15	4.17e-10	1.72e-05	1.00e-02	2.36e-01	5.40e-01	2.14e-01	0.00e+00	0.00e+00	6.15e-16	3.26e-16	1.15e-16
 3.81732e+15	1.44e-15	5.33e-10	2.10e-05	1.14e-02	2.51e-01	5.39e-01	1.99e-01	0.00e+00	0.00e+00	8.25e-16	4.38e-16	1.53e-16
 3.95081e+15	2.11e-15	7.21e-10	2.59e-05	1.31e-02	2.68e-01	5.36e-01	1.83e-01	0.00e+00	0.00e+00	1.21e-15	6.44e-16	2.24e-16
 4.07162e+15	2.84e-15	9.14e-10	3.10e-05	1.47e-02	2.83e-01	5.32e-01	1.70e-01	0.00e+00	0.00e+00	1.63e-15	8.66e-16	3.01e-16
 4.20174e+15	3.78e-15	1.16e-09	3.74e-05	1.66e-02	3.00e-01	5.27e-01	1.56e-01	0.00e+00	0.00e+00	2.18e-15	1.15e-15	4.00e-16
 4.36081e+15	5.68e-15	1.59e-09	4.66e-05	1.92e-02	3.19e-01	5.20e-01	1.42e-01	0.00e+00	0.00e+00	3.27e-15	1.73e-15	5.97e-16
 4.51842e+15	8.04e-15	2.09e-09	5.73e-05	2.19e-02	3.38e-01	5.11e-01	1.29e-01	0.00e+00	0.00e+00	4.63e-15	2.45e-15	8.43e-16
 4.65559e+15	1.05e-14	2.60e-09	6.80e-05	2.44e-02	3.54e-01	5.03e-01	1.18e-01	0.00e+00	0.00e+00	6.06e-15	3.20e-15	1.10e-15
 4.80525e+15	1.44e-14	3.32e-09	8.15e-05	2.73e-02	3.71e-01	4.93e-01	1.08e-01	0.00e+00	0.00e+00	8.28e-15	4.37e-15	1.50e-15
 4.98765e+15	2.15e-14	4.51e-09	1.01e-04	3.11e-02	3.92e-01	4.81e-01	9.63e-02	0.00e+00	0.00e+00	1.24e-14	6.55e-15	2.23e-15
 5.16922e+15	3.02e-14	5.90e-09	1.23e-04	3.52e-02	4.11e-01	4.68e-01	8.62e-02	0.00e+00	0.00e+00	1.75e-14	9.21e-15	3.14e-15
 5.32973e+15	3.96e-14	7.32e-09	1.45e-04	3.90e-02	4.27e-01	4.55e-01	7.82e-02	0.00e+00	0.00e+00	2.29e-14	1.21e-14	4.10e-15
 5.50626e+15	5.43e-14	9.35e-09	1.74e-04	4.35e-02	4.45e-01	4.41e-01	7.02e-02	0.00e+00	0.00e+00	3.14e-14	1.65e-14	5.60e-15
 5.71817e+15	8.14e-14	1.27e-08	2.14e-04	4.93e-02	4.64e-01	4.25e-01	6.17e-02	0.00e+00	0.00e+00	4.71e-14	2.48e-14	8.38e-15
 5.92756e+15	1.14e-13	1.65e-08	2.59e-04	5.52e-02	4.82e-01	4.08e-01	5.44e-02	0.00e+00	0.00e+00	6.61e-14	3.48e-14	1.17e-14
 6.11650e+15	1.50e-13	2.04e-08	3.05e-04	6.09e-02	4.98e-01	3.92e-01	4.86e-02	0.00e+00	0.00e+00	8.68e-14	4.57e-14	1.54e-14
 6.32738e+15	2.07e-13	2.61e-08	3.65e-04	6.76e-02	5.14e-01	3.75e-01	4.28e-02	0.00e+00	0.00e+00	1.20e-13	6.32e-14	2.12e-14
 6.56547e+15	3.08e-13	3.51e-08	4.44e-04	7.56e-02	5.30e-01	3.57e-01	3.71e-02	0.00e+00	0.00e+00	1.78e-13	9.39e-14	3.15e-14
 6.79478e+15	4.30e-13	4.50e-08	5.29e-04	8.37e-02	5.45e-01	3.39e-01	3.24e-02	0.00e+00	0.00e+00	2.49e-13	1.31e-13	4.38e-14
 7.01306e+15	5.76e-13	5.62e-08	6.22e-04	9.17e-02	5.57e-01	3.22e-01	2.85e-02	0.00e+00	0.00e+00	3.33e-13	1.75e-13	5.85e-14
 7.26118e+15	7.73e-13	7.08e-08	7.42e-04	1.01e-01	5.70e-01	3.04e-01	2.47e-02	0.00e+00	0.00e+00	4.48e-13	2.36e-13	7.85e-14
 7.53178e+15	1.15e-12	9.47e-08	8.96e-04	1.12e-01	5.81e-01	2.85e-01	2.10e-02	0.00e+00	0.00e+00	6.69e-13	3.52e-13	1.17e-13
 7.77357e+15	1.56e-12	1.18e-07	1.05e-03	1.22e-01	5.90e-01	2.68e-01	1.83e-02	0.00e+00	0.00e+00	9.02e-13	4.74e-13	1.57e-13
 8.02988e+15	2.11e-12	1.48e-07	1.23e-03	1.33e-01	5.98e-01	2.51e-01	1.57e-02	0.00e+00	0.00e+00	1.22e-12	6.41e-13	2.13e-13
 8.33826e+15	2.89e-12	1.90e-07	1.48e-03	1.47e-01	6.06e-01	2.32e-01	1.32e-02	0.00e+00	0.00e+00	1.68e-12	8.81e-13	2.92e-13
 8.64363e+15	4.32e-12	2.53e-07	1.78e-03	1.62e-01	6.11e-01	2.14e-01	1.10e-02	0.00e+00	0.00e+00	2.51e-12	1.32e-12	4.36e-13
 8.87963e+15	5.58e-12	3.05e-07	2.03e-03	1.73e-01	6.14e-01	2.01e-01	9.67e-03	0.00e+00	0.00e+00	3.24e-12	1.70e-12	5.62e-13
 9.09613e+15	7.06e-12	3.63e-07	2.29e-03	1.84e-01	6.15e-01	1.90e-01	8.53e-03	0.00e+00	0.00e+00	4.10e-12	2.15e-12	7.11e-13
 9.37758e+15	9.42e-12	4.49e-07	2.66e-03	1.98e-01	6.16e-01	1.76e-01	7.26e-03	0.00e+00	0.00e+00	5.47e-12	2.87e-12	9.48e-13
 9.68002e+15	1.30e-11	5.68e-07	3.11e-03	2.14e-01	6.15e-01	1.62e-01	6.11e-03	0.00e+00	0.00e+00	7.55e-12	3.96e-12	1.31e-12
 9.94529e+15	1.67e-11	6.84e-07	3.55e-03	2.28e-01	6.13e-01	1.50e-01	5.26e-03	0.00e+00	0.00e+00	9.71e-12	5.10e-12	1.68e-12
 1.02257e+16	2.13e-11	8.22e-07	4.08e-03	2.43e-01	6.10e-01	1.38e-01	4.49e-03	0.00e+00	0.00e+00	1.24e-11	6.50e-12	2.14e-12
 1.05366e+16	3.02e-11	1.05e-06	4.75e-03	2.61e-01	6.04e-01	1.26e-01	3.75e-03	0.00e+00	0.00e+00	1.75e-11	9.20e-12	3.03e-12
 1.08198e+16	3.90e-11	1.27e-06	5.42e-03	2.77e-01	5.98e-01	1.16e-01	3.20e-03	0.00e+00	0.00e+00	2.26e-11	1.19e-11	3.91e-12
 1.11207e+16	4.99e-11	1.53e-06	6.24e-03	2.95e-01	5.90e-01	1.06e-01	2.69e-03	0.00e+00	0.00e+00	2.90e-11	1.52e-11	5.00e-12
 1.14536e+16	7.15e-11	1.97e-06	7.29e-03	3.15e-01	5.80e-01	9.58e-02	2.21e-03	0.00e+00	0.00e+00	4.15e-11	2.18e-11	7.16e-12
 1.17570e+16	9.43e-11	2.40e-06	8.35e-03	3.33e-01	5.70e-01	8.72e-02	1.86e-03	0.00e+00	0.00e+00	5.48e-11	2.88e-11	9.44e-12
 1.20292e+16	1.21e-10	2.88e-06	9.43e-03	3.50e-01	5.59e-01	7.99e-02	1.59e-03	0.00e+00	0.00e+00	7.01e-11	3.68e-11	1.21e-11
 1.23322e+16	1.60e-10	3.53e-06	1.08e-02	3.69e-01	5.46e-01	7.23e-02	1.33e-03	0.00e+00	0.00e+00	9.30e-11	4.88e-11	1.60e-11
 1.26623e+16	2.11e-10	4.33e-06	1.25e-02	3.90e-01	5.32e-01	6.48e-02	1.09e-03	0.00e+00	0.00e+00	1.23e-10	6.44e-11	2.11e-11
 1.29587e+16	2.80e-10	5.30e-06	1.42e-02	4.09e-01	5.17e-01	5.86e-02	9.16e-04	0.00e+00	0.00e+00	1.63e-10	8.55e-11	2.80e-11
 1.32285e+16	3.52e-10	6.28e-06	1.60e-02	4.26e-01	5.04e-01	5.34e-02	7.80e-04	0.00e+00	0.00e+00	2.05e-10	1.08e-10	3.53e-11
 1.35326e+16	4.77e-10	7.79e-06	1.84e-02	4.46e-01	4.87e-01	4.77e-02	6.44e-04	0.00e+00	0.00e+00	2.77e-10	1.46e-10	4.77e-11
 1.38592e+16	6.31e-10	9.58e-06	2.13e-02	4.68e-01	4.68e-01	4.23e-02	5.27e-04	0.00e+00	0.00e+00	3.67e-10	1.93e-10	6.31e-11
 1.41464e+16	8.45e-10	1.18e-05	2.43e-02	4.87e-01	4.51e-01	3.79e-02	4.38e-04	0.00e+00	0.00e+00	4.91e-10	2.58e-10	8.46e-11
 1.44049e+16	1.08e-09	1.41e-05	2.74e-02	5.04e-01	4.34e-01	3.42e-02	3.70e-04	0.00e+00	0.00e+00	6.28e-10	3.30e-10	1.08e-10
 1.46945e+16	1.41e-09	1.72e-05	3.15e-02	5.23e-01	4.15e-01	3.04e-02	3.05e-04	0.00e+00	0.00e+00	8.22e-10	4.32e-10	1.42e-10
 1.50054e+16	1.98e-09	2.19e-05	3.67e-02	5.43e-01	3.94e-01	2.66e-02	2.46e-04	0.00e+00	0.00e+00	1.15e-09	6.05e-10	1.98e-10
 1.52720e+16	2.61e-09	2.68e-05	4.20e-02	5.59e-01	3.75e-01	2.36e-02	2.04e-04	0.00e+00	0.00e+00	1.52e-09	7.97e-10	2.61e-10
 1.55033e+16	3.35e-09	3.22e-05	4.73e-02	5.74e-01	3.58e-01	2.12e-02	1.73e-04	0.00e+00	0.00e+00	1.95e-09	1.02e-09	3.35e-10
 1.57095e+16	4.19e-09	3.80e-05	5.29e-02	5.86e-01	3.42e-01	1.92e-02	1.48e-04	0.00e+00	0.00e+00	2.44e-09	1.28e-09	4.20e-10
 1.58928e+16	5.18e-09	4.44e-05	5.86e-02	5.97e-01	3.27e-01	1.74e-02	1.28e-04	0.00e+00	0.00e+00	3.01e-09	1.58e-09	5.19e-10
 1.60977e+16	6.17e-09	5.12e-05	6.59e-02	6.08e-01	3.10e-01	1.56e-02	1.09e-04	0.00e+00	0.00e+00	3.59e-09	1.89e-09	6.19e-10
 1.63641e+16	9.15e-09	6.77e-05	7.77e-02	6.21e-01	2.87e-01	1.34e-02	8.63e-05	0.00e+00	0.00e+00	5.32e-09	2.80e-09	9.18e-10
 1.66256e+16	1.28e-08	8.70e-05	9.17e-02	6.32e-01	2.65e-01	1.14e-02	6.84e-05	0.00e+00	0.00e+00	7.47e-09	3.93e-09	1.29e-09
 1.68173e+16	1.69e-08	1.06e-04	1.05e-01	6.38e-01	2.47e-01	1.00e-02	5.69e-05	0.00e+00	0.00e+00	9.81e-09	5.16e-09	1.69e-09
 1.69757e+16	2.15e-08	1.27e-04	1.17e-01	6.42e-01	2.31e-01	8.93e-03	4.83e-05	0.00e+00	0.00e+00	1.25e-08	6.58e-09	2.16e-09
 1.71543e+16	2.86e-08	1.57e-04	1.35e-01	6.44e-01	2.13e-01	7.73e-03	3.95e-05	0.00e+00	0.00e+00	1.66e-08	8.75e-09	2.87e-09
 1.73458e+16	4.03e-08	2.02e-04	1.57e-01	6.43e-01	1.93e-01	6.55e-03	3.13e-05	0.00e+00	0.00e+00	2.34e-08	1.23e-08	4.05e-09
 1.75068e+16	5.21e-08	2.46e-04	1.80e-01	6.39e-01	1.76e-01	5.62e-03	2.55e-05	0.00e+00	0.00e+00	3.03e-08	1.60e-08	5.24e-09
 1.76407e+16	6.34e-08	2.87e-04	2.03e-01	6.32e-01	1.60e-01	4.87e-03	2.11e-05	0.00e+00	0.00e+00	3.69e-08	1.94e-08	6.38e-09
 1.77865e+16	9.31e-08	3.76e-04	2.35e-01	6.19e-01	1.42e-01	4.05e-03	1.65e-05	0.00e+00	0.00e+00	5.41e-08	2.85e-08	9.38e-09
 1.79338e+16	1.24e-07	4.69e-04	2.71e-01	6.00e-01	1.24e-01	3.32e-03	1.28e-05	0.00e+00	0.00e+00	7.20e-08	3.79e-08	1.25e-08
 1.80496e+16	1.64e-07	5.76e-04	3.07e-01	5.80e-01	1.10e-01	2.76e-03	1.01e-05	0.00e+00	0.00e+00	9.54e-08	5.03e-08	1.66e-08
 1.81446e+16	2.05e-07	6.79e-04	3.41e-01	5.59e-01	9.71e-02	2.33e-03	8.14e-06	0.00e+00	0.00e+00	1.19e-07	6.28e-08	2.07e-08
 1.82459e+16	2.64e-07	8.19e-04	3.83e-01	5.31e-01	8.34e-02	1.89e-03	6.25e-06	0.00e+00	0.00e+00	1.54e-07	8.10e-08	2.67e-08
 1.83379e+16	3.30e-07	9.66e-04	4.24e-01	5.02e-01	7.16e-02	1.53e-03	4.85e-06	0.00e+00	0.00e+00	1.92e-07	1.01e-07	3.34e-08
 1.83965e+16	3.83e-07	1.08e-03	4.54e-01	4.80e-01	6.40e-02	1.32e-03	4.04e-06	0.00e+00	0.00e+00	2.23e-07	1.17e-07	3.88e-08
 1.84513e+16	4.44e-07	1.20e-03	4.84e-01	4.57e-01	5.68e-02	1.13e-03	3.33e-06	0.00e+00	0.00e+00	2.58e-07	1.36e-07	4.51e-08
 1.85224e+16	5.39e-07	1.38e-03	5.25e-01	4.25e-01	4.79e-02	9.00e-04	2.54e-06	0.00e+00	0.00e+00	3.13e-07	1.65e-07	5.47e-08
 1.85939e+16	6.46e-07	1.57e-03	5.68e-01	3.90e-01	3.98e-02	7.07e-04	1.90e-06	0.00e+00	0.00e+00	3.76e-07	1.98e-07	6.57e-08
 1.86499e+16	7.50e-07	1.75e-03	6.03e-01	3.61e-01	3.37e-02	5.70e-04	1.47e-06	0.00e+00	0.00e+00	4.36e-07	2.30e-07	7.64e-08
 1.87071e+16	8.77e-07	1.95e-03	6.40e-01	3.29e-01	2.78e-02	4.45e-04	1.09e-06	0.00e+00	0.00e+00	5.10e-07	2.69e-07	8.94e-08
 1.87697e+16	1.03e-06	2.18e-03	6.80e-01	2.95e-01	2.22e-02	3.35e-04	7.81e-07	0.00e+00	0.00e+00	5.98e-07	3.16e-07	1.05e-07
 1.88275e+16	1.18e-06	2.39e-03	7.16e-01	2.64e-01	1.77e-02	2.51e-04	0.00e+00	0.00e+00	0.00e+00	6.89e-07	3.64e-07	1.21e-07
 1.88907e+16	1.38e-06	2.65e-03	7.54e-01	2.30e-01	1.35e-02	1.77e-04	0.00e+00	0.00e+00	0.00e+00	8.04e-07	4.25e-07	1.42e-07
 1.89593e+16	1.61e-06	2.93e-03	7.91e-01	1.96e-01	9.86e-03	1.19e-04	0.00e+00	0.00e+00	0.00e+00	9.37e-07	4.96e-07	1.65e-07
 1.90224e+16	1.84e-06	3.18e-03	8.22e-01	1.68e-01	7.24e-03	8.08e-05	0.00e+00	0.00e+00	0.00e+00	1.07e-06	5.66e-07	1.89e-07
 1.90922e+16	2.11e-06	3.45e-03	8.52e-01	1.39e-01	5.04e-03	5.09e-05	0.00e+00	0.00e+00	0.00e+00	1.23e-06	6.51e-07	2.18e-07
 1.91828e+16	2.48e-06	3.79e-03	8.84e-01	1.09e-01	3.10e-03	2.73e-05	0.00e+00	0.00e+00	0.00e+00	1.44e-06	7.66e-07	2.57e-07
 1.92816e+16	2.89e-06	4.12e-03	9.11e-01	8.32e-02	1.83e-03	1.39e-05	0.00e+00	0.00e+00	0.00e+00	1.68e-06	8.90e-07	2.99e-07
 1.93908e+16	3.35e-06	4.45e-03	9.32e-01	6.21e-02	1.01e-03	6.44e-06	0.00e+00	0.00e+00	0.00e+00	1.95e-06	1.03e-06	3.47e-07
 1.95327e+16	3.95e-06	4.81e-03	9.51e-01	4.35e-02	4.89e-04	2.45e-06	0.00e+00	0.00e+00	0.00e+00	2.29e-06	1.22e-06	4.10e-07
 1.97173e+16	4.74e-06	5.23e-03	9.66e-01	2.89e-02	2.04e-04	7.51e-07	0.00e+00	0.00e+00	0.00e+00	2.75e-06	1.46e-06	4.94e-07
 1.99572e+16	5.84e-06	5.71e-03	9.76e-01	1.86e-02	7.56e-05	0.00e+00	0.00e+00	0.00e+00	0.00e+00	3.40e-06	1.80e-06	6.09e-07
 2.02690e+16	7.53e-06	6.32e-03	9.82e-01	1.20e-02	2.58e-05	0.00e+00	0.00e+00	0.00e+00	0.00e+00	4.38e-06	2.33e-06	7.85e-07
 2.06141e+16	9.96e-06	7.06e-03	9.84e-01	8.53e-03	9.93e-06	0.00e+00	0.00e+00	0.00e+00	0.00e+00	5.79e-06	3.08e-06	1.04e-06
 2.09308e+16	1.30e-05	7.86e-03	9.85e-01	6.79e-03	4.82e-06	0.00e+00	0.00e+00	0.00e+00	0.00e+00	7.57e-06	4.02e-06	1.36e-06
 2.12160e+16	1.67e-05	8.71e-03	9.86e-01	5.73e-03	2.71e-06	0.00e+00	0.00e+00	0.00e+00	0.00e+00	9.73e-06	5.17e-06	1.74e-06
 2.14898e+16	2.16e-05	9.69e-03	9.85e-01	4.96e-03	1.63e-06	0.00e+00	0.00e+00	0.00e+00	0.00e+00	1.26e-05	6.67e-06	2.25e-06
 2.17609e+16	2.81e-05	1.08e-02	9.85e-01	4.36e-03	1.03e-06	0.00e+00	0.00e+00	0.00e+00	0.00e+00	1.63e-05	8.67e-06	2.92e-06
 2.20242e+16	3.69e-05	1.22e-02	9.84e-01	3.84e-03	6.67e-07	0.00e+00	0.00e+00	0.00e+00	0.00e+00	2.15e-05	1.14e-05	3.83e-06
 2.22709e+16	4.84e-05	1.38e-02	9.83e-01	3.42e-03	0.00e+00	0.00e+00	0.00e+00	0.00e+00	0.00e+00	2.81e-05	1.49e-05	5.02e-06
 2.24490e+16	5.92e-05	1.52e-02	9.82e-01	3.16e-03	0.00e+00	0.00e+00	0.00e+00	0.00e+00	0.00e+00	3.44e-05	1.83e-05	6.14e-06
 2.25518e+16	6.71e-05	1.61e-02	9.81e-01	2.96e-03	0.00e+00	0.00e+00	0.00e+00	0.00e+00	0.00e+00	3.90e-05	2.07e-05	6.96e-06
 2.26500e+16	7.56e-05	1.71e-02	9.80e-01	2.83e-03	0.00e+00	0.00e+00	0.00e+00	0.00e+00	0.00e+00	4.40e-05	2.33e-05	7.84e-06
