#depth	C	C+	C+2	C+3	C+4	C+5	C+6	C[1]	C[2]	C[3]	C+[1]	C+[2]	CO
 1.49634e+10	0.00e+00	0.00e+00	4.02e-26	5.98e-16	2.96e-05	1.73e-01	8.27e-01	0.00e+00	0.00e+00	0.00e+00	0.00e+00	0.00e+00	0.00e+00
 4.54887e+10	0.00e+00	1.22e-36	5.38e-26	7.40e-16	3.38e-05	1.85e-01	8.15e-01	0.00e+00	0.00e+00	0.00e+00	0.00e+00	0.00e+00	0.00e+00
 7.72350e+10	3.53e-48	1.77e-36	7.26e-26	9.22e-16	3.90e-05	1.97e-01	8.03e-01	0.00e+00	0.00e+00	0.00e+00	0.00e+00	0.00e+00	0.00e+00
 1.10251e+11	0.00e+00	2.59e-36	9.79e-26	1.15e-15	4.49e-05	2.10e-01	7.90e-01	0.00e+00	0.00e+00	0.00e+00	0.00e+00	0.00e+00	0.00e+00
 1.41527e+11	8.43e-48	3.64e-36	1.28e-25	1.40e-15	5.09e-05	2.22e-01	7.78e-01	0.00e+00	0.00e+00	0.00e+00	0.00e+00	0.00e+00	0.00e+00
 1.69858e+11	0.00e+00	4.92e-36	1.63e-25	1.67e-15	5.69e-05	2.33e-01	7.67e-01	0.00e+00	0.00e+00	0.00e+00	0.00e+00	0.00e+00	0.00e+00
 2.01797e+11	1.81e-47	6.83e-36	2.11e-25	2.02e-15	6.44e-05	2.45e-01	7.55e-01	0.00e+00	0.00e+00	0.00e+00	0.00e+00	0.00e+00	0.00e+00
 2.39210e+11	0.00e+00	9.86e-36	2.82e-25	2.49e-15	7.35e-05	2.60e-01	7.40e-01	0.00e+00	0.00e+00	0.00e+00	0.00e+00	0.00e+00	0.00e+00
 2.76238e+11	4.30e-47	1.40e-35	3.70e-25	3.05e-15	8.34e-05	2.75e-01	7.25e-01	0.00e+00	0.00e+00	0.00e+00	0.00e+00	0.00e+00	4.03e-148
 3.11209e+11	0.00e+00	0.00e+00	4.76e-25	3.66e-15	9.37e-05	2.88e-01	7.12e-01	0.00e+00	0.00e+00	0.00e+00	0.00e+00	0.00e+00	4.08e-191
 3.50048e+11	0.00e+00	2.71e-35	6.24e-25	4.46e-15	1.06e-04	3.03e-01	6.97e-01	0.00e+00	0.00e+00	0.00e+00	0.00e+00	0.00e+00	3.14e-234
 3.93977e+11	1.50e-46	3.91e-35	8.33e-25	5.50e-15	1.21e-04	3.20e-01	6.80e-01	0.00e+00	0.00e+00	0.00e+00	0.00e+00	0.00e+00	9.79e-147
 4.37846e+11	0.00e+00	0.00e+00	1.10e-24	6.73e-15	1.37e-04	3.37e-01	6.63e-01	0.00e+00	0.00e+00	0.00e+00	0.00e+00	0.00e+00	4.06e-190
 4.83471e+11	0.00e+00	7.94e-35	1.45e-24	8.25e-15	1.56e-04	3.54e-01	6.46e-01	0.00e+00	0.00e+00	0.00e+00	0.00e+00	0.00e+00	1.25e-233
 5.32736e+11	5.53e-46	1.15e-34	1.94e-24	1.01e-14	1.77e-04	3.73e-01	6.27e-01	0.00e+00	0.00e+00	0.00e+00	0.00e+00	0.00e+00	2.82e-145
 5.83973e+11	0.00e+00	1.65e-34	2.58e-24	1.25e-14	2.01e-04	3.91e-01	6.09e-01	0.00e+00	0.00e+00	0.00e+00	0.00e+00	0.00e+00	4.59e-189
 6.37258e+11	1.35e-45	2.38e-34	3.43e-24	1.53e-14	2.28e-04	4.10e-01	5.89e-01	0.00e+00	0.00e+00	0.00e+00	0.00e+00	0.00e+00	5.53e-233
 6.92675e+11	0.00e+00	3.42e-34	4.56e-24	1.88e-14	2.59e-04	4.30e-01	5.70e-01	0.00e+00	0.00e+00	0.00e+00	0.00e+00	0.00e+00	2.52e-165
 7.50309e+11	3.26e-45	4.92e-34	6.06e-24	2.31e-14	2.93e-04	4.49e-01	5.51e-01	0.00e+00	0.00e+00	0.00e+00	0.00e+00	0.00e+00	1.58e-209
 8.10248e+11	0.00e+00	7.06e-34	8.04e-24	2.83e-14	3.32e-04	4.69e-01	5.31e-01	0.00e+00	0.00e+00	0.00e+00	0.00e+00	0.00e+00	3.44e-164
 8.72585e+11	7.88e-45	1.01e-33	1.06e-23	3.46e-14	3.75e-04	4.89e-01	5.11e-01	0.00e+00	0.00e+00	0.00e+00	0.00e+00	0.00e+00	1.13e-208
 9.37415e+11	0.00e+00	1.45e-33	1.41e-23	4.23e-14	4.23e-04	5.09e-01	4.91e-01	0.00e+00	0.00e+00	0.00e+00	0.00e+00	0.00e+00	4.70e-163
 1.00484e+12	1.90e-44	2.08e-33	1.86e-23	5.16e-14	4.77e-04	5.28e-01	4.71e-01	0.00e+00	0.00e+00	0.00e+00	0.00e+00	0.00e+00	8.18e-208
 1.07496e+12	0.00e+00	2.98e-33	2.47e-23	6.30e-14	5.37e-04	5.48e-01	4.51e-01	0.00e+00	0.00e+00	0.00e+00	0.00e+00	0.00e+00	6.43e-162
 1.14788e+12	4.56e-44	4.26e-33	3.26e-23	7.68e-14	6.05e-04	5.68e-01	4.31e-01	0.00e+00	0.00e+00	0.00e+00	0.00e+00	0.00e+00	5.77e-207
 1.21851e+12	0.00e+00	5.94e-33	4.21e-23	9.21e-14	6.74e-04	5.86e-01	4.13e-01	0.00e+00	0.00e+00	0.00e+00	0.00e+00	0.00e+00	8.04e-161
 1.28318e+12	9.84e-44	7.97e-33	5.29e-23	1.08e-13	7.42e-04	6.02e-01	3.97e-01	0.00e+00	0.00e+00	0.00e+00	0.00e+00	0.00e+00	3.91e-206
 1.35498e+12	0.00e+00	1.10e-32	6.78e-23	1.29e-13	8.23e-04	6.19e-01	3.80e-01	0.00e+00	0.00e+00	0.00e+00	0.00e+00	0.00e+00	7.54e-160
 1.43844e+12	2.24e-43	1.56e-32	8.90e-23	1.57e-13	9.21e-04	6.37e-01	3.62e-01	0.00e+00	0.00e+00	0.00e+00	0.00e+00	0.00e+00	1.97e-205
 1.52106e+12	0.00e+00	2.18e-32	1.15e-22	1.88e-13	1.02e-03	6.55e-01	3.44e-01	0.00e+00	0.00e+00	0.00e+00	0.00e+00	0.00e+00	9.52e-159
 1.60054e+12	4.95e-43	2.98e-32	1.47e-22	2.23e-13	1.13e-03	6.70e-01	3.28e-01	0.00e+00	0.00e+00	0.00e+00	0.00e+00	0.00e+00	1.34e-204
 1.68805e+12	0.00e+00	4.15e-32	1.90e-22	2.67e-13	1.26e-03	6.87e-01	3.12e-01	0.00e+00	0.00e+00	0.00e+00	0.00e+00	0.00e+00	1.02e-157
 1.78549e+12	1.15e-42	5.92e-32	2.50e-22	3.23e-13	1.41e-03	7.04e-01	2.95e-01	0.00e+00	0.00e+00	0.00e+00	0.00e+00	0.00e+00	6.08e-204
 1.88459e+12	0.00e+00	8.37e-32	3.26e-22	3.90e-13	1.57e-03	7.20e-01	2.79e-01	0.00e+00	0.00e+00	0.00e+00	0.00e+00	0.00e+00	1.37e-156
 1.98766e+12	2.70e-42	1.18e-31	4.26e-22	4.71e-13	1.75e-03	7.35e-01	2.63e-01	0.00e+00	0.00e+00	0.00e+00	0.00e+00	0.00e+00	3.95e-203
 2.09709e+12	0.00e+00	1.69e-31	5.60e-22	5.70e-13	1.95e-03	7.51e-01	2.47e-01	0.00e+00	0.00e+00	0.00e+00	0.00e+00	0.00e+00	1.84e-155
 2.21090e+12	6.46e-42	2.41e-31	7.36e-22	6.90e-13	2.17e-03	7.65e-01	2.32e-01	0.00e+00	0.00e+00	0.00e+00	0.00e+00	0.00e+00	1.41e-202
 2.32927e+12	0.00e+00	3.43e-31	9.68e-22	8.34e-13	2.42e-03	7.79e-01	2.18e-01	0.00e+00	0.00e+00	0.00e+00	0.00e+00	0.00e+00	2.56e-154
 2.45236e+12	1.55e-41	4.89e-31	1.27e-21	1.01e-12	2.70e-03	7.93e-01	2.04e-01	0.00e+00	0.00e+00	0.00e+00	0.00e+00	0.00e+00	4.48e-201
 2.58038e+12	0.00e+00	6.98e-31	1.67e-21	1.22e-12	3.00e-03	8.06e-01	1.91e-01	0.00e+00	0.00e+00	0.00e+00	0.00e+00	0.00e+00	3.59e-153
 2.71353e+12	3.72e-41	9.96e-31	2.20e-21	1.48e-12	3.34e-03	8.18e-01	1.79e-01	0.00e+00	0.00e+00	0.00e+00	0.00e+00	0.00e+00	0.00e+00
 2.83851e+12	0.00e+00	1.37e-30	2.81e-21	1.75e-12	3.68e-03	8.28e-01	1.68e-01	0.00e+00	0.00e+00	0.00e+00	0.00e+00	0.00e+00	4.46e-152
 2.94994e+12	7.80e-41	1.81e-30	3.48e-21	2.03e-12	4.00e-03	8.37e-01	1.59e-01	0.00e+00	0.00e+00	0.00e+00	0.00e+00	0.00e+00	4.03e-199
 3.07490e+12	0.00e+00	2.46e-30	4.40e-21	2.39e-12	4.38e-03	8.46e-01	1.50e-01	0.00e+00	0.00e+00	0.00e+00	0.00e+00	0.00e+00	3.87e-151
 3.22340e+12	1.74e-40	3.47e-30	5.73e-21	2.87e-12	4.85e-03	8.55e-01	1.40e-01	0.00e+00	0.00e+00	0.00e+00	0.00e+00	0.00e+00	1.07e-210
 3.37284e+12	0.00e+00	4.87e-30	7.43e-21	3.43e-12	5.35e-03	8.64e-01	1.30e-01	0.00e+00	0.00e+00	0.00e+00	0.00e+00	0.00e+00	4.95e-150
 3.51262e+12	3.84e-40	6.59e-30	9.37e-21	4.02e-12	5.85e-03	8.72e-01	1.22e-01	0.00e+00	0.00e+00	0.00e+00	0.00e+00	0.00e+00	5.36e-197
 3.66741e+12	0.00e+00	9.16e-30	1.21e-20	4.79e-12	6.45e-03	8.79e-01	1.14e-01	0.00e+00	0.00e+00	0.00e+00	0.00e+00	0.00e+00	5.19e-149
 3.84404e+12	9.00e-40	1.31e-29	1.59e-20	5.78e-12	7.15e-03	8.87e-01	1.06e-01	0.00e+00	0.00e+00	0.00e+00	0.00e+00	0.00e+00	4.69e-196
 4.01967e+12	0.00e+00	1.85e-29	2.07e-20	6.93e-12	7.90e-03	8.94e-01	9.84e-02	0.00e+00	0.00e+00	0.00e+00	0.00e+00	0.00e+00	7.15e-148
 4.20232e+12	2.12e-39	2.62e-29	2.70e-20	8.32e-12	8.74e-03	9.00e-01	9.13e-02	0.00e+00	0.00e+00	0.00e+00	0.00e+00	0.00e+00	2.87e-195
 4.40034e+12	0.00e+00	3.76e-29	3.56e-20	1.01e-11	9.69e-03	9.06e-01	8.44e-02	0.00e+00	0.00e+00	0.00e+00	0.00e+00	0.00e+00	9.98e-147
 4.60198e+12	5.14e-39	5.36e-29	4.67e-20	1.21e-11	1.07e-02	9.11e-01	7.80e-02	0.00e+00	0.00e+00	0.00e+00	0.00e+00	0.00e+00	1.14e-193
 4.78990e+12	0.00e+00	7.38e-29	5.97e-20	1.43e-11	1.17e-02	9.16e-01	7.26e-02	0.00e+00	0.00e+00	0.00e+00	0.00e+00	0.00e+00	1.23e-145
 4.96340e+12	1.09e-38	9.83e-29	7.43e-20	1.66e-11	1.27e-02	9.19e-01	6.81e-02	0.00e+00	0.00e+00	0.00e+00	0.00e+00	0.00e+00	0.00e+00
 5.16183e+12	0.00e+00	1.35e-28	9.50e-20	1.97e-11	1.39e-02	9.23e-01	6.33e-02	0.00e+00	0.00e+00	0.00e+00	0.00e+00	0.00e+00	1.16e-144
 5.39442e+12	2.53e-38	1.94e-28	1.25e-19	2.37e-11	1.54e-02	9.26e-01	5.83e-02	0.00e+00	0.00e+00	0.00e+00	0.00e+00	0.00e+00	0.00e+00
 5.62479e+12	0.00e+00	2.74e-28	1.63e-19	2.84e-11	1.70e-02	9.29e-01	5.38e-02	0.00e+00	0.00e+00	0.00e+00	0.00e+00	0.00e+00	1.59e-143
 5.84071e+12	5.72e-38	3.74e-28	2.07e-19	3.34e-11	1.85e-02	9.31e-01	5.00e-02	0.00e+00	0.00e+00	0.00e+00	0.00e+00	0.00e+00	3.34e-203
 6.08059e+12	0.00e+00	5.23e-28	2.68e-19	3.98e-11	2.03e-02	9.33e-01	4.62e-02	0.00e+00	0.00e+00	0.00e+00	0.00e+00	0.00e+00	1.76e-142
 6.35374e+12	1.37e-37	7.58e-28	3.55e-19	4.82e-11	2.25e-02	9.35e-01	4.23e-02	0.00e+00	0.00e+00	0.00e+00	0.00e+00	0.00e+00	3.44e-202
 6.62309e+12	0.00e+00	1.08e-27	4.65e-19	5.78e-11	2.48e-02	9.36e-01	3.89e-02	0.00e+00	0.00e+00	0.00e+00	0.00e+00	0.00e+00	2.55e-141
 6.90321e+12	3.30e-37	1.53e-27	6.09e-19	6.94e-11	2.73e-02	9.37e-01	3.57e-02	0.00e+00	0.00e+00	0.00e+00	0.00e+00	0.00e+00	5.10e-215
 7.20927e+12	0.00e+00	2.22e-27	8.10e-19	8.42e-11	3.02e-02	9.37e-01	3.26e-02	0.00e+00	0.00e+00	0.00e+00	0.00e+00	0.00e+00	3.71e-140
 7.51741e+12	8.20e-37	3.19e-27	1.07e-18	1.01e-10	3.33e-02	9.37e-01	2.98e-02	0.00e+00	0.00e+00	0.00e+00	0.00e+00	0.00e+00	3.64e-226
 7.83787e+12	0.00e+00	4.58e-27	1.41e-18	1.22e-10	3.67e-02	9.36e-01	2.72e-02	0.00e+00	0.00e+00	0.00e+00	0.00e+00	0.00e+00	5.36e-139
 8.18131e+12	2.05e-36	6.66e-27	1.88e-18	1.49e-10	4.05e-02	9.35e-01	2.48e-02	0.00e+00	0.00e+00	0.00e+00	0.00e+00	0.00e+00	1.77e-225
 8.52299e+12	0.00e+00	9.54e-27	2.47e-18	1.79e-10	4.46e-02	9.33e-01	2.26e-02	0.00e+00	0.00e+00	0.00e+00	0.00e+00	0.00e+00	7.99e-138
 8.87834e+12	5.00e-36	1.37e-26	3.26e-18	2.15e-10	4.90e-02	9.30e-01	2.06e-02	0.00e+00	0.00e+00	0.00e+00	0.00e+00	0.00e+00	0.00e+00
 9.26340e+12	0.00e+00	1.99e-26	4.35e-18	2.62e-10	5.41e-02	9.27e-01	1.87e-02	0.00e+00	0.00e+00	0.00e+00	0.00e+00	0.00e+00	1.19e-136
 9.66387e+12	1.27e-35	2.90e-26	5.81e-18	3.18e-10	5.97e-02	9.23e-01	1.69e-02	0.00e+00	0.00e+00	0.00e+00	0.00e+00	0.00e+00	0.00e+00
 1.00803e+13	0.00e+00	4.22e-26	7.76e-18	3.86e-10	6.58e-02	9.19e-01	1.53e-02	0.00e+00	0.00e+00	0.00e+00	0.00e+00	0.00e+00	1.88e-135
 1.05135e+13	3.23e-35	6.15e-26	1.04e-17	4.69e-10	7.25e-02	9.14e-01	1.38e-02	0.00e+00	0.00e+00	0.00e+00	0.00e+00	0.00e+00	9.47e-236
 1.09047e+13	0.00e+00	8.53e-26	1.34e-17	5.55e-10	7.89e-02	9.08e-01	1.26e-02	0.00e+00	0.00e+00	0.00e+00	0.00e+00	0.00e+00	2.48e-134
 1.12298e+13	6.72e-35	1.11e-25	1.64e-17	6.36e-10	8.44e-02	9.04e-01	1.17e-02	0.00e+00	0.00e+00	0.00e+00	0.00e+00	0.00e+00	3.17e-98
 1.15855e+13	9.50e-35	1.47e-25	2.03e-17	7.35e-10	9.06e-02	8.99e-01	1.08e-02	0.00e+00	0.00e+00	0.00e+00	0.00e+00	0.00e+00	0.00e+00
 1.20372e+13	1.45e-34	2.07e-25	2.64e-17	8.78e-10	9.88e-02	8.91e-01	9.82e-03	0.00e+00	0.00e+00	0.00e+00	0.00e+00	0.00e+00	3.28e-115
 1.25091e+13	2.22e-34	2.91e-25	3.45e-17	1.05e-09	1.08e-01	8.83e-01	8.89e-03	0.00e+00	0.00e+00	0.00e+00	0.00e+00	0.00e+00	4.38e-97
 1.29261e+13	3.19e-34	3.90e-25	4.33e-17	1.22e-09	1.16e-01	8.76e-01	8.15e-03	0.00e+00	0.00e+00	0.00e+00	0.00e+00	0.00e+00	0.00e+00
 1.33127e+13	4.42e-34	5.07e-25	5.31e-17	1.40e-09	1.24e-01	8.69e-01	7.54e-03	0.00e+00	0.00e+00	0.00e+00	0.00e+00	0.00e+00	6.07e-114
 1.37512e+13	6.30e-34	6.76e-25	6.64e-17	1.62e-09	1.33e-01	8.60e-01	6.91e-03	0.00e+00	0.00e+00	0.00e+00	0.00e+00	0.00e+00	4.28e-96
 1.42940e+13	9.63e-34	9.52e-25	8.66e-17	1.94e-09	1.45e-01	8.49e-01	6.21e-03	0.00e+00	0.00e+00	0.00e+00	0.00e+00	0.00e+00	0.00e+00
 1.48358e+13	1.44e-33	1.32e-24	1.12e-16	2.30e-09	1.57e-01	8.38e-01	5.61e-03	0.00e+00	0.00e+00	0.00e+00	0.00e+00	0.00e+00	1.37e-112
 1.53011e+13	2.01e-33	1.73e-24	1.38e-16	2.65e-09	1.67e-01	8.28e-01	5.14e-03	0.00e+00	0.00e+00	0.00e+00	0.00e+00	0.00e+00	5.38e-95
 1.58040e+13	2.85e-33	2.29e-24	1.72e-16	3.06e-09	1.79e-01	8.17e-01	4.69e-03	0.00e+00	0.00e+00	0.00e+00	0.00e+00	0.00e+00	8.26e-112
 1.64249e+13	4.29e-33	3.19e-24	2.22e-16	3.64e-09	1.93e-01	8.02e-01	4.20e-03	0.00e+00	0.00e+00	0.00e+00	0.00e+00	0.00e+00	2.81e-94
 1.70626e+13	6.41e-33	4.42e-24	2.87e-16	4.31e-09	2.09e-01	7.87e-01	3.76e-03	0.00e+00	0.00e+00	0.00e+00	0.00e+00	0.00e+00	7.17e-111
 1.76408e+13	9.09e-33	5.87e-24	3.58e-16	4.99e-09	2.23e-01	7.74e-01	3.41e-03	0.00e+00	0.00e+00	0.00e+00	0.00e+00	0.00e+00	1.45e-93
 1.82787e+13	1.31e-32	7.90e-24	4.51e-16	5.82e-09	2.38e-01	7.58e-01	3.07e-03	0.00e+00	0.00e+00	0.00e+00	0.00e+00	0.00e+00	4.89e-110
 1.90269e+13	1.98e-32	1.10e-23	5.86e-16	6.92e-09	2.57e-01	7.40e-01	2.72e-03	0.00e+00	0.00e+00	0.00e+00	0.00e+00	0.00e+00	8.00e-93
 1.97735e+13	2.93e-32	1.51e-23	7.50e-16	8.14e-09	2.76e-01	7.22e-01	2.42e-03	0.00e+00	0.00e+00	0.00e+00	0.00e+00	0.00e+00	4.27e-109
 2.04852e+13	4.17e-32	2.02e-23	9.39e-16	9.44e-09	2.93e-01	7.05e-01	2.17e-03	0.00e+00	0.00e+00	0.00e+00	0.00e+00	0.00e+00	4.13e-92
 2.12697e+13	6.05e-32	2.73e-23	1.19e-15	1.10e-08	3.13e-01	6.85e-01	1.93e-03	0.00e+00	0.00e+00	0.00e+00	0.00e+00	0.00e+00	3.10e-108
 2.21505e+13	9.01e-32	3.77e-23	1.53e-15	1.30e-08	3.34e-01	6.64e-01	1.70e-03	0.00e+00	0.00e+00	0.00e+00	0.00e+00	0.00e+00	2.29e-91
 2.29438e+13	1.27e-31	4.97e-23	1.90e-15	1.50e-08	3.54e-01	6.45e-01	1.52e-03	0.00e+00	0.00e+00	0.00e+00	0.00e+00	0.00e+00	2.38e-107
 2.35998e+13	1.66e-31	6.18e-23	2.25e-15	1.67e-08	3.69e-01	6.29e-01	1.38e-03	0.00e+00	0.00e+00	0.00e+00	0.00e+00	0.00e+00	8.98e-91
 2.43169e+13	2.21e-31	7.78e-23	2.69e-15	1.88e-08	3.86e-01	6.12e-01	1.26e-03	0.00e+00	0.00e+00	0.00e+00	0.00e+00	0.00e+00	1.12e-106
 2.52315e+13	3.13e-31	1.03e-22	3.35e-15	2.16e-08	4.08e-01	5.91e-01	1.11e-03	0.00e+00	0.00e+00	0.00e+00	0.00e+00	0.00e+00	3.73e-90
 2.61545e+13	4.37e-31	1.35e-22	4.14e-15	2.48e-08	4.29e-01	5.70e-01	9.85e-04	0.00e+00	0.00e+00	0.00e+00	0.00e+00	0.00e+00	7.65e-106
 2.69196e+13	5.70e-31	1.68e-22	4.89e-15	2.75e-08	4.46e-01	5.53e-01	8.93e-04	0.00e+00	0.00e+00	0.00e+00	0.00e+00	0.00e+00	1.46e-89
 2.77282e+13	7.47e-31	2.09e-22	5.79e-15	3.07e-08	4.63e-01	5.36e-01	8.08e-04	0.00e+00	0.00e+00	0.00e+00	0.00e+00	0.00e+00	3.53e-105
 2.87639e+13	1.04e-30	2.73e-22	7.13e-15	3.50e-08	4.85e-01	5.15e-01	7.11e-04	0.00e+00	0.00e+00	0.00e+00	0.00e+00	0.00e+00	5.80e-89
 2.98487e+13	1.45e-30	3.56e-22	8.77e-15	4.00e-08	5.07e-01	4.93e-01	6.25e-04	0.00e+00	0.00e+00	0.00e+00	0.00e+00	0.00e+00	2.38e-104
 3.08005e+13	1.92e-30	4.46e-22	1.04e-14	4.46e-08	5.25e-01	4.74e-01	5.59e-04	0.00e+00	0.00e+00	0.00e+00	0.00e+00	0.00e+00	2.37e-88
 3.18255e+13	2.56e-30	5.62e-22	1.25e-14	4.99e-08	5.44e-01	4.55e-01	4.97e-04	0.00e+00	0.00e+00	0.00e+00	0.00e+00	0.00e+00	1.24e-103
 3.29612e+13	3.47e-30	7.19e-22	1.51e-14	5.62e-08	5.65e-01	4.35e-01	4.38e-04	0.00e+00	0.00e+00	0.00e+00	0.00e+00	0.00e+00	9.47e-88
 3.40135e+13	4.55e-30	8.95e-22	1.78e-14	6.24e-08	5.83e-01	4.17e-01	3.91e-04	0.00e+00	0.00e+00	0.00e+00	0.00e+00	0.00e+00	6.76e-103
 3.51542e+13	6.03e-30	1.12e-21	2.12e-14	6.94e-08	6.01e-01	3.98e-01	3.46e-04	0.00e+00	0.00e+00	0.00e+00	0.00e+00	0.00e+00	3.49e-87
 3.64226e+13	8.15e-30	1.43e-21	2.55e-14	7.79e-08	6.21e-01	3.79e-01	3.03e-04	0.00e+00	0.00e+00	0.00e+00	0.00e+00	0.00e+00	3.84e-102
 3.76054e+13	1.07e-29	1.77e-21	3.01e-14	8.62e-08	6.38e-01	3.62e-01	2.69e-04	0.00e+00	0.00e+00	0.00e+00	0.00e+00	0.00e+00	1.35e-86
 3.88913e+13	1.41e-29	2.22e-21	3.57e-14	9.57e-08	6.56e-01	3.44e-01	2.37e-04	0.00e+00	0.00e+00	0.00e+00	0.00e+00	0.00e+00	2.01e-101
 4.03221e+13	1.90e-29	2.82e-21	4.29e-14	1.07e-07	6.74e-01	3.25e-01	2.06e-04	0.00e+00	0.00e+00	0.00e+00	0.00e+00	0.00e+00	5.43e-86
 4.16596e+13	2.49e-29	3.49e-21	5.05e-14	1.18e-07	6.91e-01	3.09e-01	1.82e-04	0.00e+00	0.00e+00	0.00e+00	0.00e+00	0.00e+00	1.13e-100
 4.31165e+13	3.29e-29	4.37e-21	5.98e-14	1.31e-07	7.07e-01	2.93e-01	1.60e-04	0.00e+00	0.00e+00	0.00e+00	0.00e+00	0.00e+00	2.06e-85
 4.47419e+13	4.44e-29	5.54e-21	7.17e-14	1.46e-07	7.24e-01	2.76e-01	1.38e-04	0.00e+00	0.00e+00	0.00e+00	0.00e+00	0.00e+00	6.71e-100
 4.62705e+13	5.82e-29	6.87e-21	8.43e-14	1.60e-07	7.39e-01	2.61e-01	1.21e-04	0.00e+00	0.00e+00	0.00e+00	0.00e+00	0.00e+00	8.35e-85
 4.79420e+13	7.73e-29	8.61e-21	9.99e-14	1.77e-07	7.54e-01	2.46e-01	1.05e-04	0.00e+00	0.00e+00	0.00e+00	0.00e+00	0.00e+00	3.76e-99
 4.98133e+13	1.05e-28	1.10e-20	1.20e-13	1.97e-07	7.70e-01	2.30e-01	9.05e-05	0.00e+00	0.00e+00	0.00e+00	0.00e+00	0.00e+00	3.59e-84
 5.15852e+13	1.38e-28	1.37e-20	1.41e-13	2.17e-07	7.84e-01	2.16e-01	7.88e-05	0.00e+00	0.00e+00	0.00e+00	0.00e+00	0.00e+00	2.32e-98
 5.34940e+13	1.84e-28	1.71e-20	1.67e-13	2.40e-07	7.97e-01	2.03e-01	6.82e-05	0.00e+00	0.00e+00	0.00e+00	0.00e+00	0.00e+00	1.48e-83
 5.56637e+13	2.51e-28	2.19e-20	2.00e-13	2.67e-07	8.11e-01	1.89e-01	5.81e-05	0.00e+00	0.00e+00	0.00e+00	0.00e+00	0.00e+00	1.54e-97
 5.77964e+13	3.36e-28	2.76e-20	2.38e-13	2.94e-07	8.23e-01	1.76e-01	5.00e-05	0.00e+00	0.00e+00	0.00e+00	0.00e+00	0.00e+00	6.86e-83
 6.00145e+13	4.50e-28	3.47e-20	2.82e-13	3.25e-07	8.35e-01	1.65e-01	4.29e-05	0.00e+00	0.00e+00	0.00e+00	0.00e+00	0.00e+00	9.97e-97
 6.24450e+13	6.13e-28	4.43e-20	3.36e-13	3.58e-07	8.47e-01	1.53e-01	3.66e-05	0.00e+00	0.00e+00	0.00e+00	0.00e+00	0.00e+00	3.23e-82
 6.49727e+13	8.31e-28	5.62e-20	4.02e-13	3.97e-07	8.58e-01	1.42e-01	3.11e-05	0.00e+00	0.00e+00	0.00e+00	0.00e+00	0.00e+00	7.18e-96
 6.76015e+13	1.13e-27	7.15e-20	4.78e-13	4.37e-07	8.68e-01	1.32e-01	2.66e-05	0.00e+00	0.00e+00	0.00e+00	0.00e+00	0.00e+00	1.58e-81
 7.01051e+13	1.50e-27	8.91e-20	5.60e-13	4.78e-07	8.77e-01	1.23e-01	2.29e-05	0.00e+00	0.00e+00	0.00e+00	0.00e+00	0.00e+00	4.82e-95
 7.23750e+13	1.91e-27	1.08e-19	6.43e-13	5.16e-07	8.84e-01	1.16e-01	2.01e-05	0.00e+00	0.00e+00	0.00e+00	0.00e+00	0.00e+00	6.24e-81
 7.44939e+13	2.39e-27	1.28e-19	7.28e-13	5.53e-07	8.90e-01	1.10e-01	1.79e-05	0.00e+00	0.00e+00	0.00e+00	0.00e+00	0.00e+00	2.19e-94
 7.68224e+13	3.03e-27	1.54e-19	8.31e-13	5.95e-07	8.97e-01	1.03e-01	1.58e-05	0.00e+00	0.00e+00	0.00e+00	0.00e+00	0.00e+00	2.10e-80
 7.94449e+13	3.93e-27	1.89e-19	9.59e-13	6.44e-07	9.03e-01	9.70e-02	1.38e-05	0.00e+00	0.00e+00	0.00e+00	0.00e+00	0.00e+00	1.10e-93
 8.19542e+13	4.99e-27	2.27e-19	1.10e-12	6.92e-07	9.09e-01	9.14e-02	1.22e-05	0.00e+00	0.00e+00	0.00e+00	0.00e+00	0.00e+00	7.88e-80
 8.47207e+13	6.44e-27	2.77e-19	1.26e-12	7.47e-07	9.14e-01	8.57e-02	1.06e-05	0.00e+00	0.00e+00	0.00e+00	0.00e+00	0.00e+00	5.53e-93
 8.77375e+13	8.43e-27	3.41e-19	1.46e-12	8.10e-07	9.20e-01	8.01e-02	9.24e-06	0.00e+00	0.00e+00	0.00e+00	0.00e+00	0.00e+00	3.19e-79
 9.04765e+13	1.07e-26	4.09e-19	1.66e-12	8.68e-07	9.25e-01	7.54e-02	8.16e-06	0.00e+00	0.00e+00	0.00e+00	0.00e+00	0.00e+00	2.88e-92
 9.34340e+13	1.37e-26	4.95e-19	1.90e-12	9.33e-07	9.29e-01	7.09e-02	7.17e-06	0.00e+00	0.00e+00	0.00e+00	0.00e+00	0.00e+00	1.17e-78
 9.67665e+13	1.80e-26	6.11e-19	2.20e-12	1.01e-06	9.34e-01	6.62e-02	6.23e-06	0.00e+00	0.00e+00	0.00e+00	0.00e+00	0.00e+00	1.58e-91
 9.99444e+13	2.31e-26	7.40e-19	2.52e-12	1.08e-06	9.38e-01	6.22e-02	5.47e-06	0.00e+00	0.00e+00	0.00e+00	0.00e+00	0.00e+00	4.81e-78
 1.03434e+14	3.02e-26	9.08e-19	2.90e-12	1.17e-06	9.42e-01	5.82e-02	4.76e-06	0.00e+00	0.00e+00	0.00e+00	0.00e+00	0.00e+00	8.56e-91
 1.07280e+14	4.01e-26	1.13e-18	3.38e-12	1.26e-06	9.46e-01	5.42e-02	4.11e-06	0.00e+00	0.00e+00	0.00e+00	0.00e+00	0.00e+00	2.13e-77
 1.10839e+14	5.18e-26	1.37e-18	3.86e-12	1.36e-06	9.49e-01	5.08e-02	3.61e-06	0.00e+00	0.00e+00	0.00e+00	0.00e+00	0.00e+00	4.96e-90
 1.14715e+14	6.77e-26	1.68e-18	4.44e-12	1.46e-06	9.52e-01	4.75e-02	3.15e-06	0.00e+00	0.00e+00	0.00e+00	0.00e+00	0.00e+00	8.81e-77
 1.19074e+14	9.07e-26	2.10e-18	5.18e-12	1.58e-06	9.56e-01	4.42e-02	2.71e-06	0.00e+00	0.00e+00	0.00e+00	0.00e+00	0.00e+00	1.96e-76
 1.23228e+14	1.19e-25	2.58e-18	5.95e-12	1.70e-06	9.59e-01	4.14e-02	2.37e-06	0.00e+00	0.00e+00	0.00e+00	0.00e+00	0.00e+00	4.06e-76
 1.27734e+14	1.57e-25	3.19e-18	6.89e-12	1.83e-06	9.61e-01	3.86e-02	2.05e-06	0.00e+00	0.00e+00	0.00e+00	0.00e+00	0.00e+00	8.77e-76
 1.32731e+14	2.13e-25	4.02e-18	8.05e-12	1.99e-06	9.64e-01	3.58e-02	1.76e-06	0.00e+00	0.00e+00	0.00e+00	0.00e+00	0.00e+00	2.00e-75
 1.37522e+14	2.82e-25	4.96e-18	9.29e-12	2.14e-06	9.67e-01	3.34e-02	1.53e-06	0.00e+00	0.00e+00	0.00e+00	0.00e+00	0.00e+00	4.30e-75
 1.42646e+14	3.77e-25	6.18e-18	1.08e-11	2.31e-06	9.69e-01	3.11e-02	1.33e-06	0.00e+00	0.00e+00	0.00e+00	0.00e+00	0.00e+00	9.54e-75
 1.48382e+14	5.15e-25	7.83e-18	1.26e-11	2.50e-06	9.71e-01	2.88e-02	1.14e-06	0.00e+00	0.00e+00	0.00e+00	0.00e+00	0.00e+00	2.25e-74
 1.54130e+14	6.96e-25	9.82e-18	1.47e-11	2.70e-06	9.73e-01	2.68e-02	9.79e-07	0.00e+00	0.00e+00	0.00e+00	0.00e+00	0.00e+00	5.14e-74
 1.60109e+14	9.41e-25	1.23e-17	1.71e-11	2.92e-06	9.75e-01	2.49e-02	0.00e+00	0.00e+00	0.00e+00	0.00e+00	0.00e+00	0.00e+00	1.18e-73
 1.66543e+14	1.29e-24	1.56e-17	2.01e-11	3.16e-06	9.77e-01	2.30e-02	0.00e+00	0.00e+00	0.00e+00	0.00e+00	0.00e+00	0.00e+00	2.78e-73
 1.73235e+14	1.76e-24	1.97e-17	2.35e-11	3.42e-06	9.79e-01	2.13e-02	0.00e+00	0.00e+00	0.00e+00	0.00e+00	0.00e+00	0.00e+00	6.56e-73
 1.80194e+14	2.40e-24	2.50e-17	2.75e-11	3.71e-06	9.80e-01	1.98e-02	0.00e+00	0.00e+00	0.00e+00	0.00e+00	0.00e+00	0.00e+00	1.55e-72
 1.86947e+14	3.22e-24	3.11e-17	3.19e-11	3.99e-06	9.82e-01	1.84e-02	0.00e+00	0.00e+00	0.00e+00	0.00e+00	0.00e+00	0.00e+00	3.46e-72
 1.93324e+14	4.20e-24	3.80e-17	3.64e-11	4.27e-06	9.83e-01	1.72e-02	0.00e+00	0.00e+00	0.00e+00	0.00e+00	0.00e+00	0.00e+00	7.21e-72
 1.99351e+14	5.36e-24	4.57e-17	4.12e-11	4.54e-06	9.84e-01	1.62e-02	0.00e+00	0.00e+00	0.00e+00	0.00e+00	1.47e-17	3.09e-17	1.41e-71
 2.05917e+14	6.94e-24	5.54e-17	4.69e-11	4.84e-06	9.85e-01	1.52e-02	0.00e+00	0.00e+00	0.00e+00	0.00e+00	1.84e-17	3.70e-17	2.87e-71
 2.13231e+14	9.12e-24	6.81e-17	5.39e-11	5.19e-06	9.86e-01	1.42e-02	0.00e+00	0.00e+00	0.00e+00	0.00e+00	2.26e-17	4.55e-17	6.09e-71
 2.20105e+14	1.17e-23	8.22e-17	6.12e-11	5.53e-06	9.87e-01	1.34e-02	0.00e+00	0.00e+00	0.00e+00	0.00e+00	2.73e-17	5.49e-17	1.22e-70
 2.27627e+14	1.53e-23	1.01e-16	6.99e-11	5.92e-06	9.87e-01	1.25e-02	0.00e+00	0.00e+00	0.00e+00	0.00e+00	3.34e-17	6.73e-17	2.56e-70
 2.36097e+14	2.05e-23	1.25e-16	8.09e-11	6.36e-06	9.88e-01	1.17e-02	0.00e+00	0.00e+00	0.00e+00	0.00e+00	4.15e-17	8.35e-17	5.65e-70
 2.44219e+14	2.66e-23	1.52e-16	9.26e-11	6.82e-06	9.89e-01	1.09e-02	0.00e+00	0.00e+00	0.00e+00	0.00e+00	5.06e-17	1.02e-16	1.16e-69
 2.53098e+14	3.54e-23	1.89e-16	1.07e-10	7.32e-06	9.90e-01	1.02e-02	0.00e+00	0.00e+00	0.00e+00	0.00e+00	6.27e-17	1.26e-16	2.56e-69
 2.63252e+14	4.79e-23	2.38e-16	1.25e-10	7.93e-06	9.91e-01	9.38e-03	0.00e+00	0.00e+00	0.00e+00	0.00e+00	7.89e-17	1.59e-16	5.84e-69
 2.73119e+14	6.42e-23	2.96e-16	1.45e-10	8.53e-06	9.91e-01	8.73e-03	0.00e+00	0.00e+00	0.00e+00	0.00e+00	9.82e-17	1.98e-16	1.31e-68
 2.83381e+14	8.59e-23	3.69e-16	1.68e-10	9.19e-06	9.92e-01	8.12e-03	0.00e+00	0.00e+00	0.00e+00	0.00e+00	1.22e-16	2.46e-16	2.92e-68
 2.93804e+14	1.13e-22	4.55e-16	1.94e-10	9.89e-06	9.92e-01	7.55e-03	0.00e+00	0.00e+00	0.00e+00	0.00e+00	1.51e-16	3.04e-16	6.26e-68
 3.03007e+14	1.45e-22	5.47e-16	2.20e-10	1.05e-05	9.93e-01	7.10e-03	0.00e+00	0.00e+00	0.00e+00	0.00e+00	1.82e-16	3.66e-16	1.23e-67
 3.13014e+14	1.86e-22	6.62e-16	2.51e-10	1.12e-05	9.93e-01	6.65e-03	0.00e+00	0.00e+00	0.00e+00	0.00e+00	2.20e-16	4.42e-16	2.44e-67
 3.25059e+14	2.50e-22	8.27e-16	2.92e-10	1.21e-05	9.94e-01	6.17e-03	0.00e+00	0.00e+00	0.00e+00	0.00e+00	2.74e-16	5.53e-16	5.46e-67
 3.36997e+14	3.30e-22	1.02e-15	3.37e-10	1.31e-05	9.94e-01	5.74e-03	0.00e+00	0.00e+00	0.00e+00	0.00e+00	3.39e-16	6.83e-16	1.18e-66
 3.47657e+14	4.22e-22	1.23e-15	3.82e-10	1.39e-05	9.95e-01	5.39e-03	0.00e+00	0.00e+00	0.00e+00	0.00e+00	4.09e-16	8.23e-16	2.33e-66
 3.59412e+14	5.43e-22	1.49e-15	4.37e-10	1.49e-05	9.95e-01	5.04e-03	0.00e+00	0.00e+00	0.00e+00	0.00e+00	4.95e-16	9.97e-16	4.62e-66
 3.73392e+14	7.33e-22	1.87e-15	5.09e-10	1.61e-05	9.95e-01	4.67e-03	0.00e+00	0.00e+00	0.00e+00	0.00e+00	6.22e-16	1.25e-15	1.06e-65
 3.87251e+14	9.65e-22	2.31e-15	5.91e-10	1.73e-05	9.96e-01	4.34e-03	0.00e+00	0.00e+00	0.00e+00	0.00e+00	7.67e-16	1.55e-15	2.25e-65
 3.99878e+14	1.24e-21	2.80e-15	6.72e-10	1.85e-05	9.96e-01	4.07e-03	0.00e+00	0.00e+00	0.00e+00	0.00e+00	9.29e-16	1.87e-15	4.53e-65
 4.13918e+14	1.61e-21	3.41e-15	7.73e-10	1.98e-05	9.96e-01	3.79e-03	0.00e+00	0.00e+00	0.00e+00	0.00e+00	1.13e-15	2.28e-15	9.22e-65
 4.30305e+14	2.17e-21	4.28e-15	9.04e-10	2.15e-05	9.96e-01	3.50e-03	0.00e+00	0.00e+00	0.00e+00	0.00e+00	1.42e-15	2.86e-15	2.08e-64
 4.46430e+14	2.87e-21	5.30e-15	1.05e-09	2.32e-05	9.97e-01	3.25e-03	0.00e+00	0.00e+00	0.00e+00	0.00e+00	1.76e-15	3.54e-15	4.49e-64
 4.61607e+14	3.70e-21	6.43e-15	1.20e-09	2.48e-05	9.97e-01	3.04e-03	0.00e+00	0.00e+00	0.00e+00	0.00e+00	2.13e-15	4.30e-15	9.07e-64
 4.78508e+14	4.89e-21	7.96e-15	1.38e-09	2.66e-05	9.97e-01	2.83e-03	0.00e+00	0.00e+00	0.00e+00	0.00e+00	2.64e-15	5.32e-15	1.97e-63
 4.97678e+14	6.52e-21	9.92e-15	1.62e-09	2.89e-05	9.97e-01	2.61e-03	0.00e+00	0.00e+00	0.00e+00	0.00e+00	3.29e-15	6.63e-15	4.33e-63
 5.16787e+14	8.75e-21	1.24e-14	1.88e-09	3.12e-05	9.98e-01	2.42e-03	0.00e+00	0.00e+00	0.00e+00	0.00e+00	4.11e-15	8.30e-15	9.81e-63
 5.34671e+14	1.12e-20	1.50e-14	2.16e-09	3.34e-05	9.98e-01	2.25e-03	0.00e+00	0.00e+00	0.00e+00	0.00e+00	4.96e-15	1.00e-14	1.91e-62
 5.54099e+14	1.46e-20	1.84e-14	2.49e-09	3.59e-05	9.98e-01	2.10e-03	0.00e+00	0.00e+00	0.00e+00	0.00e+00	6.10e-15	1.23e-14	4.05e-62
 5.75842e+14	1.96e-20	2.31e-14	2.91e-09	3.88e-05	9.98e-01	1.94e-03	0.00e+00	0.00e+00	0.00e+00	0.00e+00	7.65e-15	1.54e-14	9.19e-62
 5.96157e+14	2.52e-20	2.79e-14	3.34e-09	4.17e-05	9.98e-01	1.81e-03	0.00e+00	0.00e+00	0.00e+00	0.00e+00	9.25e-15	1.87e-14	1.82e-61
 6.14847e+14	3.20e-20	3.35e-14	3.78e-09	4.44e-05	9.98e-01	1.70e-03	0.00e+00	0.00e+00	0.00e+00	0.00e+00	1.11e-14	2.24e-14	3.53e-61
 6.32747e+14	3.91e-20	3.92e-14	4.24e-09	4.71e-05	9.98e-01	1.60e-03	0.00e+00	0.00e+00	0.00e+00	0.00e+00	1.30e-14	2.62e-14	6.16e-61
 6.52669e+14	4.97e-20	4.71e-14	4.80e-09	5.01e-05	9.98e-01	1.50e-03	0.00e+00	0.00e+00	0.00e+00	0.00e+00	1.56e-14	3.15e-14	1.20e-60
 6.74765e+14	6.31e-20	5.65e-14	5.49e-09	5.36e-05	9.99e-01	1.40e-03	0.00e+00	0.00e+00	0.00e+00	0.00e+00	1.87e-14	3.78e-14	2.30e-60
 6.95309e+14	7.91e-20	6.74e-14	6.19e-09	5.70e-05	9.99e-01	1.32e-03	0.00e+00	0.00e+00	0.00e+00	0.00e+00	2.23e-14	4.51e-14	4.35e-60
 7.17636e+14	9.90e-20	8.01e-14	7.03e-09	6.08e-05	9.99e-01	1.24e-03	0.00e+00	0.00e+00	0.00e+00	0.00e+00	2.65e-14	5.36e-14	8.07e-60
 7.42694e+14	1.28e-19	9.78e-14	8.06e-09	6.51e-05	9.99e-01	1.15e-03	0.00e+00	0.00e+00	0.00e+00	0.00e+00	3.23e-14	6.55e-14	1.67e-59
 7.66684e+14	1.60e-19	1.16e-13	9.16e-09	6.96e-05	9.99e-01	1.08e-03	0.00e+00	0.00e+00	0.00e+00	0.00e+00	3.84e-14	7.77e-14	3.08e-59
 7.93254e+14	2.06e-19	1.41e-13	1.05e-08	7.45e-05	9.99e-01	1.01e-03	0.00e+00	0.00e+00	0.00e+00	0.00e+00	4.65e-14	9.42e-14	6.17e-59
 8.22512e+14	2.69e-19	1.74e-13	1.21e-08	8.02e-05	9.99e-01	9.36e-04	0.00e+00	0.00e+00	0.00e+00	0.00e+00	5.73e-14	1.16e-13	1.31e-58
 8.49423e+14	3.36e-19	2.06e-13	1.38e-08	8.57e-05	9.99e-01	8.75e-04	0.00e+00	0.00e+00	0.00e+00	0.00e+00	6.81e-14	1.38e-13	2.42e-58
 8.78565e+14	4.33e-19	2.51e-13	1.58e-08	9.17e-05	9.99e-01	8.17e-04	0.00e+00	0.00e+00	0.00e+00	0.00e+00	8.29e-14	1.68e-13	4.95e-58
 9.11144e+14	5.55e-19	3.04e-13	1.83e-08	9.89e-05	9.99e-01	7.57e-04	0.00e+00	0.00e+00	0.00e+00	0.00e+00	1.01e-13	2.04e-13	9.83e-58
 9.41654e+14	7.09e-19	3.67e-13	2.09e-08	1.06e-04	9.99e-01	7.08e-04	0.00e+00	0.00e+00	0.00e+00	0.00e+00	1.21e-13	2.46e-13	1.94e-57
 9.74778e+14	9.12e-19	4.47e-13	2.40e-08	1.13e-04	9.99e-01	6.60e-04	0.00e+00	0.00e+00	0.00e+00	0.00e+00	1.48e-13	3.00e-13	3.96e-57
 1.01174e+15	1.18e-18	5.45e-13	2.78e-08	1.22e-04	9.99e-01	6.10e-04	0.00e+00	0.00e+00	0.00e+00	0.00e+00	1.80e-13	3.66e-13	8.02e-57
 1.04629e+15	1.51e-18	6.63e-13	3.18e-08	1.31e-04	9.99e-01	5.70e-04	0.00e+00	0.00e+00	0.00e+00	0.00e+00	2.19e-13	4.44e-13	1.62e-56
 1.08383e+15	1.93e-18	8.00e-13	3.67e-08	1.41e-04	9.99e-01	5.29e-04	0.00e+00	0.00e+00	0.00e+00	0.00e+00	2.64e-13	5.36e-13	3.19e-56
 1.12573e+15	2.53e-18	9.92e-13	4.27e-08	1.52e-04	9.99e-01	4.89e-04	0.00e+00	0.00e+00	0.00e+00	0.00e+00	3.27e-13	6.65e-13	6.90e-56
 1.16539e+15	3.20e-18	1.19e-12	4.91e-08	1.64e-04	9.99e-01	4.55e-04	0.00e+00	0.00e+00	0.00e+00	0.00e+00	3.93e-13	7.99e-13	1.33e-55
 1.20807e+15	4.12e-18	1.45e-12	5.67e-08	1.76e-04	9.99e-01	4.22e-04	0.00e+00	0.00e+00	0.00e+00	0.00e+00	4.79e-13	9.75e-13	2.71e-55
 1.25545e+15	5.38e-18	1.79e-12	6.62e-08	1.91e-04	9.99e-01	3.89e-04	0.00e+00	0.00e+00	0.00e+00	0.00e+00	5.90e-13	1.20e-12	5.74e-55
 1.30132e+15	6.89e-18	2.19e-12	7.64e-08	2.06e-04	9.99e-01	3.61e-04	0.00e+00	0.00e+00	0.00e+00	0.00e+00	7.19e-13	1.47e-12	1.17e-54
 1.35000e+15	8.80e-18	2.65e-12	8.87e-08	2.22e-04	9.99e-01	3.33e-04	0.00e+00	0.00e+00	0.00e+00	0.00e+00	8.71e-13	1.78e-12	2.31e-54
 1.40403e+15	1.15e-17	3.27e-12	1.04e-07	2.42e-04	9.99e-01	3.07e-04	0.00e+00	0.00e+00	0.00e+00	0.00e+00	1.08e-12	2.20e-12	4.90e-54
 1.45707e+15	1.48e-17	4.02e-12	1.21e-07	2.61e-04	9.99e-01	2.83e-04	0.00e+00	0.00e+00	0.00e+00	0.00e+00	1.32e-12	2.70e-12	1.03e-53
 1.50071e+15	1.81e-17	4.70e-12	1.36e-07	2.78e-04	9.99e-01	2.66e-04	0.00e+00	0.00e+00	0.00e+00	0.00e+00	1.55e-12	3.16e-12	1.80e-53
 1.53563e+15	2.10e-17	5.29e-12	1.49e-07	2.92e-04	9.99e-01	2.53e-04	0.00e+00	0.00e+00	0.00e+00	0.00e+00	1.74e-12	3.55e-12	2.73e-53
 1.57418e+15	2.49e-17	6.07e-12	1.65e-07	3.08e-04	9.99e-01	2.40e-04	0.00e+00	0.00e+00	0.00e+00	0.00e+00	1.99e-12	4.07e-12	4.46e-53
 1.62430e+15	3.05e-17	7.15e-12	1.87e-07	3.30e-04	9.99e-01	2.24e-04	0.00e+00	0.00e+00	0.00e+00	0.00e+00	2.35e-12	4.80e-12	7.99e-53
 1.67801e+15	3.79e-17	8.50e-12	2.14e-07	3.54e-04	9.99e-01	2.08e-04	0.00e+00	0.00e+00	0.00e+00	0.00e+00	2.79e-12	5.71e-12	1.48e-52
 1.72564e+15	4.55e-17	9.88e-12	2.39e-07	3.76e-04	9.99e-01	1.96e-04	0.00e+00	3.80e-18	1.14e-17	1.90e-17	3.24e-12	6.64e-12	2.54e-52
 1.77686e+15	5.50e-17	1.15e-11	2.70e-07	4.01e-04	9.99e-01	1.84e-04	0.00e+00	4.59e-18	1.38e-17	2.30e-17	3.77e-12	7.72e-12	4.36e-52
 1.84193e+15	6.94e-17	1.39e-11	3.12e-07	4.34e-04	9.99e-01	1.70e-04	0.00e+00	5.80e-18	1.74e-17	2.91e-17	4.56e-12	9.33e-12	8.59e-52
 1.90797e+15	8.71e-17	1.68e-11	3.60e-07	4.68e-04	9.99e-01	1.57e-04	0.00e+00	7.29e-18	2.19e-17	3.66e-17	5.50e-12	1.13e-11	1.69e-51
 1.96408e+15	1.05e-16	1.95e-11	4.05e-07	5.00e-04	9.99e-01	1.47e-04	0.00e+00	8.80e-18	2.64e-17	4.41e-17	6.39e-12	1.31e-11	2.90e-51
 2.02435e+15	1.28e-16	2.29e-11	4.58e-07	5.34e-04	9.99e-01	1.38e-04	0.00e+00	1.08e-17	3.23e-17	5.40e-17	7.51e-12	1.54e-11	5.22e-51
 2.09960e+15	1.61e-16	2.76e-11	5.32e-07	5.79e-04	9.99e-01	1.27e-04	0.00e+00	1.35e-17	4.06e-17	6.79e-17	9.06e-12	1.86e-11	1.03e-50
 2.17664e+15	2.02e-16	3.33e-11	6.15e-07	6.28e-04	9.99e-01	1.17e-04	0.00e+00	1.70e-17	5.10e-17	8.53e-17	1.09e-11	2.24e-11	2.03e-50
 2.24425e+15	2.47e-16	3.92e-11	6.97e-07	6.72e-04	9.99e-01	1.09e-04	0.00e+00	2.07e-17	6.23e-17	1.04e-16	1.28e-11	2.63e-11	3.66e-50
 2.31729e+15	2.99e-16	4.61e-11	7.93e-07	7.22e-04	9.99e-01	1.02e-04	0.00e+00	2.52e-17	7.55e-17	1.26e-16	1.51e-11	3.10e-11	6.66e-50
 2.40576e+15	3.83e-16	5.63e-11	9.24e-07	7.86e-04	9.99e-01	9.33e-05	0.00e+00	3.22e-17	9.68e-17	1.62e-16	1.85e-11	3.78e-11	1.39e-49
 2.49362e+15	4.78e-16	6.77e-11	1.07e-06	8.52e-04	9.99e-01	8.60e-05	0.00e+00	4.03e-17	1.21e-16	2.02e-16	2.22e-11	4.55e-11	2.75e-49
 2.57145e+15	5.80e-16	7.95e-11	1.21e-06	9.13e-04	9.99e-01	8.02e-05	0.00e+00	4.90e-17	1.47e-16	2.46e-16	2.61e-11	5.34e-11	5.00e-49
 2.65689e+15	7.11e-16	9.40e-11	1.38e-06	9.83e-04	9.99e-01	7.44e-05	0.00e+00	6.01e-17	1.80e-16	3.01e-16	3.09e-11	6.32e-11	9.37e-49
 2.75930e+15	9.02e-16	1.15e-10	1.61e-06	1.07e-03	9.99e-01	6.83e-05	0.00e+00	7.63e-17	2.29e-16	3.83e-16	3.76e-11	7.70e-11	1.97e-48
 2.86142e+15	1.12e-15	1.38e-10	1.86e-06	1.16e-03	9.99e-01	6.29e-05	0.00e+00	9.52e-17	2.86e-16	4.77e-16	4.53e-11	9.27e-11	3.96e-48
 2.95436e+15	1.38e-15	1.63e-10	2.12e-06	1.25e-03	9.99e-01	5.85e-05	0.00e+00	1.17e-16	3.50e-16	5.85e-16	5.36e-11	1.10e-10	7.51e-48
 3.05771e+15	1.71e-15	1.95e-10	2.43e-06	1.35e-03	9.99e-01	5.41e-05	0.00e+00	1.45e-16	4.36e-16	7.28e-16	6.42e-11	1.31e-10	1.49e-47
 3.17847e+15	2.17e-15	2.39e-10	2.84e-06	1.47e-03	9.98e-01	4.95e-05	0.00e+00	1.84e-16	5.53e-16	9.24e-16	7.85e-11	1.61e-10	3.22e-47
 3.29762e+15	2.73e-15	2.90e-10	3.30e-06	1.60e-03	9.98e-01	4.56e-05	0.00e+00	2.32e-16	6.98e-16	1.17e-15	9.52e-11	1.95e-10	6.83e-47
 3.41038e+15	3.36e-15	3.45e-10	3.77e-06	1.73e-03	9.98e-01	4.22e-05	0.00e+00	2.87e-16	8.60e-16	1.44e-15	1.13e-10	2.32e-10	1.36e-46
 3.53566e+15	4.22e-15	4.18e-10	4.36e-06	1.88e-03	9.98e-01	3.88e-05	0.00e+00	3.60e-16	1.08e-15	1.81e-15	1.37e-10	2.80e-10	2.87e-46
 3.65402e+15	5.10e-15	4.92e-10	4.97e-06	2.02e-03	9.98e-01	3.61e-05	0.00e+00	4.36e-16	1.31e-15	2.18e-15	1.62e-10	3.31e-10	5.44e-46
 3.74241e+15	5.94e-15	5.60e-10	5.47e-06	2.13e-03	9.98e-01	3.42e-05	0.00e+00	5.08e-16	1.53e-15	2.55e-15	1.84e-10	3.76e-10	9.07e-46
 3.83296e+15	7.02e-15	6.40e-10	6.02e-06	2.25e-03	9.98e-01	3.24e-05	0.00e+00	6.01e-16	1.80e-15	3.01e-15	2.10e-10	4.30e-10	1.55e-45
 3.95068e+15	8.48e-15	7.51e-10	6.79e-06	2.41e-03	9.98e-01	3.02e-05	0.00e+00	7.27e-16	2.18e-15	3.65e-15	2.47e-10	5.04e-10	2.93e-45
 4.07768e+15	1.01e-14	8.79e-10	7.70e-06	2.58e-03	9.97e-01	2.82e-05	0.00e+00	8.69e-16	2.61e-15	4.35e-15	2.89e-10	5.90e-10	5.43e-45
 4.19182e+15	1.21e-14	1.02e-09	8.60e-06	2.75e-03	9.97e-01	2.65e-05	0.00e+00	1.04e-15	3.11e-15	5.20e-15	3.36e-10	6.85e-10	9.83e-45
 4.31526e+15	1.45e-14	1.19e-09	9.66e-06	2.94e-03	9.97e-01	2.48e-05	0.00e+00	1.25e-15	3.74e-15	6.24e-15	3.92e-10	7.99e-10	1.82e-44
 4.47274e+15	1.85e-14	1.46e-09	1.11e-05	3.19e-03	9.97e-01	2.29e-05	0.00e+00	1.60e-15	4.79e-15	8.00e-15	4.80e-10	9.79e-10	4.10e-44
 4.63137e+15	2.26e-14	1.74e-09	1.28e-05	3.44e-03	9.97e-01	2.12e-05	0.00e+00	1.95e-15	5.85e-15	9.77e-15	5.73e-10	1.17e-09	8.13e-44
 4.76415e+15	2.71e-14	2.03e-09	1.43e-05	3.67e-03	9.96e-01	1.99e-05	0.00e+00	2.34e-15	7.02e-15	1.17e-14	6.69e-10	1.36e-09	1.51e-43
 4.90647e+15	3.26e-14	2.38e-09	1.61e-05	3.92e-03	9.96e-01	1.86e-05	0.00e+00	2.82e-15	8.46e-15	1.41e-14	7.85e-10	1.60e-09	2.83e-43
 5.08666e+15	4.22e-14	2.94e-09	1.86e-05	4.25e-03	9.96e-01	1.72e-05	0.00e+00	3.65e-15	1.09e-14	1.83e-14	9.69e-10	1.97e-09	6.51e-43
 5.27550e+15	5.16e-14	3.53e-09	2.15e-05	4.60e-03	9.95e-01	1.59e-05	0.00e+00	4.47e-15	1.34e-14	2.24e-14	1.16e-09	2.37e-09	1.34e-42
 5.44414e+15	6.30e-14	4.20e-09	2.44e-05	4.94e-03	9.95e-01	1.49e-05	0.00e+00	5.47e-15	1.64e-14	2.74e-14	1.39e-09	2.82e-09	2.66e-42
 5.62711e+15	7.78e-14	5.04e-09	2.79e-05	5.32e-03	9.95e-01	1.38e-05	0.00e+00	6.75e-15	2.03e-14	3.38e-14	1.66e-09	3.38e-09	5.39e-42
 5.84515e+15	1.02e-13	6.32e-09	3.25e-05	5.79e-03	9.94e-01	1.28e-05	0.00e+00	8.85e-15	2.66e-14	4.43e-14	2.08e-09	4.23e-09	1.31e-41
 6.06024e+15	1.27e-13	7.70e-09	3.75e-05	6.27e-03	9.94e-01	1.18e-05	0.00e+00	1.10e-14	3.31e-14	5.53e-14	2.54e-09	5.16e-09	2.68e-41
 6.25494e+15	1.53e-13	9.08e-09	4.25e-05	6.73e-03	9.93e-01	1.11e-05	0.00e+00	1.34e-14	4.01e-14	6.69e-14	3.00e-09	6.08e-09	5.02e-41
 6.47168e+15	1.90e-13	1.10e-08	4.88e-05	7.25e-03	9.93e-01	1.03e-05	0.00e+00	1.66e-14	4.98e-14	8.31e-14	3.62e-09	7.35e-09	1.04e-40
 6.72609e+15	2.50e-13	1.39e-08	5.69e-05	7.91e-03	9.92e-01	9.54e-06	0.00e+00	2.18e-14	6.55e-14	1.09e-13	4.58e-09	9.28e-09	2.56e-40
 6.97672e+15	3.18e-13	1.71e-08	6.60e-05	8.57e-03	9.91e-01	8.88e-06	0.00e+00	2.78e-14	8.34e-14	1.39e-13	5.64e-09	1.14e-08	5.60e-40
 7.21127e+15	3.93e-13	2.06e-08	7.54e-05	9.22e-03	9.91e-01	8.32e-06	0.00e+00	3.45e-14	1.03e-13	1.73e-13	6.81e-09	1.38e-08	1.12e-39
 7.47365e+15	4.96e-13	2.53e-08	8.71e-05	9.98e-03	9.90e-01	7.76e-06	0.00e+00	4.35e-14	1.31e-13	2.18e-13	8.35e-09	1.69e-08	2.39e-39
 7.77263e+15	6.25e-13	3.10e-08	1.02e-04	1.09e-02	9.89e-01	7.21e-06	0.00e+00	5.49e-14	1.65e-13	2.75e-13	1.02e-08	2.07e-08	5.02e-39
 8.02294e+15	7.67e-13	3.73e-08	1.16e-04	1.17e-02	9.88e-01	6.80e-06	0.00e+00	6.74e-14	2.02e-13	3.37e-13	1.23e-08	2.50e-08	9.92e-39
 8.20130e+15	9.06e-13	4.31e-08	1.27e-04	1.22e-02	9.88e-01	6.54e-06	0.00e+00	7.96e-14	2.39e-13	3.99e-13	1.42e-08	2.88e-08	1.65e-38
 8.38637e+15	1.05e-12	4.90e-08	1.39e-04	1.29e-02	9.87e-01	6.29e-06	0.00e+00	9.25e-14	2.78e-13	4.63e-13	1.62e-08	3.28e-08	2.65e-38
 8.62696e+15	1.25e-12	5.69e-08	1.56e-04	1.37e-02	9.86e-01	5.98e-06	0.00e+00	1.10e-13	3.30e-13	5.50e-13	1.88e-08	3.81e-08	4.44e-38
 8.89552e+15	1.56e-12	6.91e-08	1.76e-04	1.46e-02	9.85e-01	5.68e-06	0.00e+00	1.37e-13	4.11e-13	6.86e-13	2.29e-08	4.62e-08	8.99e-38
 9.14642e+15	1.84e-12	8.01e-08	1.98e-04	1.56e-02	9.84e-01	5.42e-06	0.00e+00	1.63e-13	4.88e-13	8.14e-13	2.65e-08	5.36e-08	1.50e-37
 9.41855e+15	2.26e-12	9.61e-08	2.23e-04	1.66e-02	9.83e-01	5.16e-06	0.00e+00	1.99e-13	5.97e-13	9.97e-13	3.18e-08	6.43e-08	2.90e-37
 9.72223e+15	2.79e-12	1.16e-07	2.54e-04	1.78e-02	9.82e-01	4.92e-06	0.00e+00	2.47e-13	7.40e-13	1.24e-12	3.84e-08	7.76e-08	5.46e-37
 1.00086e+16	3.36e-12	1.36e-07	2.86e-04	1.90e-02	9.81e-01	4.70e-06	0.00e+00	2.97e-13	8.92e-13	1.49e-12	4.51e-08	9.10e-08	9.49e-37
 1.03227e+16	4.14e-12	1.63e-07	3.25e-04	2.03e-02	9.79e-01	4.49e-06	0.00e+00	3.66e-13	1.10e-12	1.83e-12	5.40e-08	1.09e-07	1.77e-36
 1.06727e+16	5.29e-12	2.03e-07	3.74e-04	2.19e-02	9.78e-01	4.30e-06	0.00e+00	4.69e-13	1.41e-12	2.34e-12	6.72e-08	1.36e-07	3.78e-36
 1.10013e+16	6.48e-12	2.43e-07	4.25e-04	2.34e-02	9.76e-01	4.12e-06	0.00e+00	5.75e-13	1.72e-12	2.88e-12	8.05e-08	1.62e-07	6.86e-36
 1.13601e+16	8.08e-12	2.94e-07	4.86e-04	2.52e-02	9.74e-01	3.95e-06	0.00e+00	7.17e-13	2.15e-12	3.59e-12	9.74e-08	1.96e-07	1.30e-35
 1.17521e+16	1.01e-11	3.55e-07	5.61e-04	2.71e-02	9.72e-01	3.79e-06	0.00e+00	8.98e-13	2.69e-12	4.49e-12	1.18e-07	2.38e-07	2.41e-35
 1.21135e+16	1.27e-11	4.36e-07	6.38e-04	2.91e-02	9.70e-01	3.66e-06	0.00e+00	1.13e-12	3.38e-12	5.64e-12	1.44e-07	2.91e-07	4.74e-35
 1.25094e+16	1.58e-11	5.29e-07	7.33e-04	3.13e-02	9.68e-01	3.53e-06	0.00e+00	1.41e-12	4.23e-12	7.05e-12	1.75e-07	3.53e-07	8.76e-35
 1.29425e+16	2.00e-11	6.42e-07	8.49e-04	3.38e-02	9.65e-01	3.40e-06	0.00e+00	1.78e-12	5.33e-12	8.90e-12	2.13e-07	4.29e-07	1.61e-34
 1.33408e+16	2.47e-11	7.76e-07	9.68e-04	3.62e-02	9.63e-01	3.29e-06	0.00e+00	2.20e-12	6.61e-12	1.10e-11	2.57e-07	5.18e-07	2.92e-34
 1.37754e+16	3.19e-11	9.69e-07	1.12e-03	3.91e-02	9.60e-01	3.21e-06	0.00e+00	2.84e-12	8.52e-12	1.42e-11	3.21e-07	6.48e-07	6.02e-34
 1.42510e+16	4.04e-11	1.19e-06	1.30e-03	4.23e-02	9.56e-01	3.11e-06	0.00e+00	3.61e-12	1.08e-11	1.80e-11	3.96e-07	7.97e-07	1.12e-33
 1.46757e+16	4.99e-11	1.42e-06	1.48e-03	4.53e-02	9.53e-01	3.03e-06	0.00e+00	4.46e-12	1.34e-11	2.23e-11	4.71e-07	9.48e-07	1.90e-33
 1.50636e+16	6.04e-11	1.68e-06	1.67e-03	4.82e-02	9.50e-01	2.97e-06	0.00e+00	5.40e-12	1.62e-11	2.70e-11	5.57e-07	1.12e-06	3.13e-33
 1.55077e+16	7.69e-11	2.07e-06	1.91e-03	5.18e-02	9.46e-01	2.92e-06	0.00e+00	6.87e-12	2.06e-11	3.44e-11	6.88e-07	1.39e-06	6.05e-33
 1.59972e+16	9.67e-11	2.53e-06	2.21e-03	5.59e-02	9.42e-01	2.85e-06	0.00e+00	8.65e-12	2.60e-11	4.33e-11	8.39e-07	1.69e-06	1.07e-32
 1.64533e+16	1.20e-10	3.01e-06	2.53e-03	5.99e-02	9.38e-01	2.79e-06	0.00e+00	1.07e-11	3.22e-11	5.37e-11	9.98e-07	2.01e-06	1.76e-32
 1.68645e+16	1.45e-10	3.55e-06	2.85e-03	6.38e-02	9.33e-01	2.75e-06	0.00e+00	1.30e-11	3.90e-11	6.50e-11	1.18e-06	2.37e-06	2.83e-32
 1.72444e+16	1.74e-10	4.15e-06	3.18e-03	6.76e-02	9.29e-01	2.72e-06	0.00e+00	1.56e-11	4.67e-11	7.79e-11	1.38e-06	2.77e-06	4.42e-32
 1.76732e+16	2.13e-10	4.92e-06	3.60e-03	7.21e-02	9.24e-01	2.68e-06	0.00e+00	1.91e-11	5.74e-11	9.57e-11	1.63e-06	3.29e-06	7.25e-32
 1.81398e+16	2.65e-10	5.91e-06	4.11e-03	7.73e-02	9.19e-01	2.64e-06	0.00e+00	2.38e-11	7.15e-11	1.19e-10	1.96e-06	3.95e-06	1.21e-31
 1.85663e+16	3.23e-10	7.00e-06	4.64e-03	8.23e-02	9.13e-01	2.62e-06	0.00e+00	2.91e-11	8.72e-11	1.45e-10	2.33e-06	4.68e-06	1.94e-31
 1.90314e+16	4.11e-10	8.63e-06	5.32e-03	8.85e-02	9.06e-01	2.61e-06	0.00e+00	3.70e-11	1.11e-10	1.85e-10	2.87e-06	5.76e-06	3.61e-31
 1.95075e+16	5.07e-10	1.03e-05	6.09e-03	9.48e-02	8.99e-01	2.58e-06	0.00e+00	4.57e-11	1.37e-10	2.29e-10	3.42e-06	6.88e-06	5.73e-31
 1.99140e+16	6.11e-10	1.19e-05	6.83e-03	1.01e-01	8.92e-01	2.57e-06	0.00e+00	5.50e-11	1.65e-10	2.75e-10	3.97e-06	7.97e-06	8.46e-31
 2.03585e+16	7.52e-10	1.42e-05	7.78e-03	1.08e-01	8.85e-01	2.55e-06	0.00e+00	6.78e-11	2.03e-10	3.39e-10	4.73e-06	9.49e-06	1.36e-30
 2.08402e+16	9.67e-10	1.77e-05	8.98e-03	1.16e-01	8.75e-01	2.56e-06	0.00e+00	8.73e-11	2.62e-10	4.37e-10	5.88e-06	1.18e-05	2.56e-30
 2.12642e+16	1.18e-09	2.09e-05	1.02e-02	1.24e-01	8.66e-01	2.55e-06	0.00e+00	1.06e-10	3.19e-10	5.31e-10	6.95e-06	1.40e-05	3.97e-30
 2.16495e+16	1.43e-09	2.45e-05	1.14e-02	1.31e-01	8.57e-01	2.55e-06	0.00e+00	1.29e-10	3.86e-10	6.44e-10	8.15e-06	1.64e-05	6.08e-30
 2.20908e+16	1.79e-09	2.93e-05	1.31e-02	1.41e-01	8.46e-01	2.55e-06	0.00e+00	1.62e-10	4.86e-10	8.10e-10	9.76e-06	1.96e-05	9.78e-30
 2.25515e+16	2.25e-09	3.56e-05	1.51e-02	1.51e-01	8.33e-01	2.55e-06	0.00e+00	2.03e-10	6.10e-10	1.02e-09	1.18e-05	2.37e-05	1.63e-29
 2.29328e+16	2.75e-09	4.19e-05	1.70e-02	1.61e-01	8.22e-01	2.56e-06	0.00e+00	2.49e-10	7.48e-10	1.25e-09	1.39e-05	2.80e-05	2.51e-29
 2.32695e+16	3.27e-09	4.79e-05	1.90e-02	1.70e-01	8.11e-01	2.57e-06	0.00e+00	2.97e-10	8.89e-10	1.48e-09	1.59e-05	3.20e-05	3.53e-29
