#depth	He	He+	He+2
 1.49634e+10	8.73e-24	1.08e-12	1.00e+00
 4.54887e+10	9.71e-24	1.17e-12	1.00e+00
 7.72350e+10	1.07e-23	1.26e-12	1.00e+00
 1.10251e+11	1.19e-23	1.36e-12	1.00e+00
 1.41527e+11	1.30e-23	1.47e-12	1.00e+00
 1.69858e+11	1.41e-23	1.56e-12	1.00e+00
 2.01797e+11	1.53e-23	1.67e-12	1.00e+00
 2.39210e+11	1.69e-23	1.81e-12	1.00e+00
 2.76238e+11	1.86e-23	1.94e-12	1.00e+00
 3.11209e+11	2.03e-23	2.08e-12	1.00e+00
 3.50048e+11	2.23e-23	2.24e-12	1.00e+00
 3.93977e+11	2.47e-23	2.42e-12	1.00e+00
 4.37846e+11	2.72e-23	2.61e-12	1.00e+00
 4.83471e+11	3.00e-23	2.82e-12	1.00e+00
 5.32736e+11	3.33e-23	3.05e-12	1.00e+00
 5.83973e+11	3.70e-23	3.30e-12	1.00e+00
 6.37258e+11	4.12e-23	3.58e-12	1.00e+00
 6.92675e+11	4.58e-23	3.87e-12	1.00e+00
 7.50309e+11	5.10e-23	4.19e-12	1.00e+00
 8.10248e+11	5.69e-23	4.54e-12	1.00e+00
 8.72585e+11	6.35e-23	4.92e-12	1.00e+00
 9.37415e+11	7.09e-23	5.33e-12	1.00e+00
 1.00484e+12	7.94e-23	5.77e-12	1.00e+00
 1.07496e+12	8.89e-23	6.25e-12	1.00e+00
 1.14788e+12	9.98e-23	6.78e-12	1.00e+00
 1.21851e+12	1.11e-22	7.31e-12	1.00e+00
 1.28318e+12	1.23e-22	7.81e-12	1.00e+00
 1.35498e+12	1.36e-22	8.39e-12	1.00e+00
 1.43844e+12	1.53e-22	9.09e-12	1.00e+00
 1.52106e+12	1.72e-22	9.81e-12	1.00e+00
 1.60054e+12	1.92e-22	1.05e-11	1.00e+00
 1.68805e+12	2.15e-22	1.14e-11	1.00e+00
 1.78549e+12	2.44e-22	1.23e-11	1.00e+00
 1.88459e+12	2.77e-22	1.34e-11	1.00e+00
 1.98766e+12	3.14e-22	1.45e-11	1.00e+00
 2.09709e+12	3.58e-22	1.57e-11	1.00e+00
 2.21090e+12	4.08e-22	1.71e-11	1.00e+00
 2.32927e+12	4.66e-22	1.86e-11	1.00e+00
 2.45236e+12	5.34e-22	2.02e-11	1.00e+00
 2.58038e+12	6.11e-22	2.20e-11	1.00e+00
 2.71353e+12	7.01e-22	2.39e-11	1.00e+00
 2.83851e+12	7.96e-22	2.58e-11	1.00e+00
 2.94994e+12	8.87e-22	2.75e-11	1.00e+00
 3.07490e+12	9.97e-22	2.96e-11	1.00e+00
 3.22340e+12	1.15e-21	3.21e-11	1.00e+00
 3.37284e+12	1.31e-21	3.48e-11	1.00e+00
 3.51262e+12	1.48e-21	3.75e-11	1.00e+00
 3.66741e+12	1.69e-21	4.06e-11	1.00e+00
 3.84404e+12	1.95e-21	4.42e-11	1.00e+00
 4.01967e+12	2.25e-21	4.81e-11	1.00e+00
 4.20232e+12	2.58e-21	5.23e-11	1.00e+00
 4.40034e+12	3.00e-21	5.72e-11	1.00e+00
 4.60198e+12	3.47e-21	6.23e-11	1.00e+00
 4.78990e+12	3.95e-21	6.74e-11	1.00e+00
 4.96340e+12	4.44e-21	7.23e-11	1.00e+00
 5.16183e+12	5.05e-21	7.83e-11	1.00e+00
 5.39442e+12	5.86e-21	8.56e-11	1.00e+00
 5.62479e+12	6.76e-21	9.33e-11	1.00e+00
 5.84071e+12	7.67e-21	1.01e-10	1.00e+00
 6.08059e+12	8.78e-21	1.10e-10	1.00e+00
 6.35374e+12	1.02e-20	1.20e-10	1.00e+00
 6.62309e+12	1.18e-20	1.32e-10	1.00e+00
 6.90321e+12	1.36e-20	1.44e-10	1.00e+00
 7.20927e+12	1.58e-20	1.58e-10	1.00e+00
 7.51741e+12	1.82e-20	1.74e-10	1.00e+00
 7.83787e+12	2.10e-20	1.91e-10	1.00e+00
 8.18131e+12	2.43e-20	2.10e-10	1.00e+00
 8.52299e+12	2.80e-20	2.31e-10	1.00e+00
 8.87834e+12	3.21e-20	2.54e-10	1.00e+00
 9.26340e+12	3.71e-20	2.80e-10	1.00e+00
 9.66387e+12	4.27e-20	3.10e-10	1.00e+00
 1.00803e+13	4.92e-20	3.42e-10	1.00e+00
 1.05135e+13	5.65e-20	3.79e-10	1.00e+00
 1.09047e+13	6.38e-20	4.14e-10	1.00e+00
 1.12298e+13	7.01e-20	4.44e-10	1.00e+00
 1.15855e+13	7.74e-20	4.79e-10	1.00e+00
 1.20372e+13	8.74e-20	5.27e-10	1.00e+00
 1.25091e+13	9.88e-20	5.80e-10	1.00e+00
 1.29261e+13	1.10e-19	6.29e-10	1.00e+00
 1.33127e+13	1.20e-19	6.77e-10	1.00e+00
 1.37512e+13	1.33e-19	7.34e-10	1.00e+00
 1.42940e+13	1.49e-19	8.09e-10	1.00e+00
 1.48358e+13	1.67e-19	8.89e-10	1.00e+00
 1.53011e+13	1.84e-19	9.60e-10	1.00e+00
 1.58040e+13	2.02e-19	1.04e-09	1.00e+00
 1.64249e+13	2.27e-19	1.15e-09	1.00e+00
 1.70626e+13	2.55e-19	1.26e-09	1.00e+00
 1.76408e+13	2.82e-19	1.37e-09	1.00e+00
 1.82787e+13	3.14e-19	1.50e-09	1.00e+00
 1.90269e+13	3.56e-19	1.66e-09	1.00e+00
 1.97735e+13	4.02e-19	1.83e-09	1.00e+00
 2.04852e+13	4.50e-19	2.00e-09	1.00e+00
 2.12697e+13	5.09e-19	2.19e-09	1.00e+00
 2.21505e+13	5.83e-19	2.42e-09	1.00e+00
 2.29438e+13	6.58e-19	2.64e-09	1.00e+00
 2.35998e+13	7.26e-19	2.83e-09	1.00e+00
 2.43169e+13	8.07e-19	3.05e-09	1.00e+00
 2.52315e+13	9.23e-19	3.33e-09	1.00e+00
 2.61545e+13	1.05e-18	3.64e-09	1.00e+00
 2.69196e+13	1.18e-18	3.90e-09	1.00e+00
 2.77282e+13	1.32e-18	4.19e-09	1.00e+00
 2.87639e+13	1.52e-18	4.58e-09	1.00e+00
 2.98487e+13	1.76e-18	5.00e-09	1.00e+00
 3.08005e+13	1.99e-18	5.39e-09	1.00e+00
 3.18255e+13	2.28e-18	5.83e-09	1.00e+00
 3.29612e+13	2.63e-18	6.34e-09	1.00e+00
 3.40135e+13	3.00e-18	6.83e-09	1.00e+00
 3.51542e+13	3.45e-18	7.38e-09	1.00e+00
 3.64226e+13	4.01e-18	8.03e-09	1.00e+00
 3.76054e+13	4.59e-18	8.66e-09	1.00e+00
 3.88913e+13	5.31e-18	9.37e-09	1.00e+00
 4.03221e+13	6.21e-18	1.02e-08	1.00e+00
 4.16596e+13	7.16e-18	1.10e-08	1.00e+00
 4.31165e+13	8.31e-18	1.19e-08	1.00e+00
 4.47419e+13	9.78e-18	1.30e-08	1.00e+00
 4.62705e+13	1.13e-17	1.40e-08	1.00e+00
 4.79420e+13	1.32e-17	1.52e-08	1.00e+00
 4.98133e+13	1.57e-17	1.66e-08	1.00e+00
 5.15852e+13	1.83e-17	1.80e-08	1.00e+00
 5.34940e+13	2.14e-17	1.95e-08	1.00e+00
 5.56637e+13	2.55e-17	2.13e-08	1.00e+00
 5.77964e+13	3.01e-17	2.32e-08	1.00e+00
 6.00145e+13	3.55e-17	2.53e-08	1.00e+00
 6.24450e+13	4.21e-17	2.76e-08	1.00e+00
 6.49727e+13	5.02e-17	3.02e-08	1.00e+00
 6.76015e+13	5.95e-17	3.29e-08	1.00e+00
 7.01051e+13	6.96e-17	3.56e-08	1.00e+00
 7.23750e+13	7.99e-17	3.82e-08	1.00e+00
 7.44939e+13	9.05e-17	4.06e-08	1.00e+00
 7.68224e+13	1.03e-16	4.34e-08	1.00e+00
 7.94449e+13	1.19e-16	4.66e-08	1.00e+00
 8.19542e+13	1.36e-16	4.99e-08	1.00e+00
 8.47207e+13	1.56e-16	5.35e-08	1.00e+00
 8.77375e+13	1.81e-16	5.77e-08	1.00e+00
 9.04765e+13	2.06e-16	6.16e-08	1.00e+00
 9.34340e+13	2.36e-16	6.59e-08	1.00e+00
 9.67665e+13	2.73e-16	7.08e-08	1.00e+00
 9.99444e+13	3.12e-16	7.58e-08	1.00e+00
 1.03434e+14	3.59e-16	8.14e-08	1.00e+00
 1.07280e+14	4.18e-16	8.78e-08	1.00e+00
 1.10839e+14	4.77e-16	9.39e-08	1.00e+00
 1.14715e+14	5.49e-16	1.01e-07	1.00e+00
 1.19074e+14	6.38e-16	1.09e-07	1.00e+00
 1.23228e+14	7.33e-16	1.17e-07	1.00e+00
 1.27734e+14	8.47e-16	1.25e-07	1.00e+00
 1.32731e+14	9.87e-16	1.35e-07	1.00e+00
 1.37522e+14	1.14e-15	1.45e-07	1.00e+00
 1.42646e+14	1.31e-15	1.56e-07	1.00e+00
 1.48382e+14	1.53e-15	1.69e-07	1.00e+00
 1.54130e+14	1.78e-15	1.82e-07	1.00e+00
 1.60109e+14	2.07e-15	1.97e-07	1.00e+00
 1.66543e+14	2.41e-15	2.13e-07	1.00e+00
 1.73235e+14	2.81e-15	2.30e-07	1.00e+00
 1.80194e+14	3.28e-15	2.49e-07	1.00e+00
 1.86947e+14	3.79e-15	2.67e-07	1.00e+00
 1.93324e+14	4.31e-15	2.85e-07	1.00e+00
 1.99351e+14	4.85e-15	3.03e-07	1.00e+00
 2.05917e+14	5.50e-15	3.23e-07	1.00e+00
 2.13231e+14	6.31e-15	3.46e-07	1.00e+00
 2.20105e+14	7.13e-15	3.69e-07	1.00e+00
 2.27627e+14	8.12e-15	3.94e-07	1.00e+00
 2.36097e+14	9.36e-15	4.23e-07	1.00e+00
 2.44219e+14	1.07e-14	4.53e-07	1.00e+00
 2.53098e+14	1.23e-14	4.86e-07	1.00e+00
 2.63252e+14	1.43e-14	5.26e-07	1.00e+00
 2.73119e+14	1.65e-14	5.65e-07	1.00e+00
 2.83381e+14	1.90e-14	6.08e-07	1.00e+00
 2.93804e+14	2.19e-14	6.55e-07	1.00e+00
 3.03007e+14	2.47e-14	6.96e-07	1.00e+00
 3.13014e+14	2.80e-14	7.44e-07	1.00e+00
 3.25059e+14	3.25e-14	8.03e-07	1.00e+00
 3.36997e+14	3.74e-14	8.64e-07	1.00e+00
 3.47657e+14	4.21e-14	9.19e-07	1.00e+00
 3.59412e+14	4.80e-14	9.85e-07	1.00e+00
 3.73392e+14	5.55e-14	1.06e-06	1.00e+00
 3.87251e+14	6.41e-14	1.15e-06	1.00e+00
 3.99878e+14	7.25e-14	1.22e-06	1.00e+00
 4.13918e+14	8.28e-14	1.31e-06	1.00e+00
 4.30305e+14	9.61e-14	1.42e-06	1.00e+00
 4.46430e+14	1.11e-13	1.53e-06	1.00e+00
 4.61607e+14	1.26e-13	1.64e-06	1.00e+00
 4.78508e+14	1.44e-13	1.76e-06	1.00e+00
 4.97678e+14	1.67e-13	1.91e-06	1.00e+00
 5.16787e+14	1.93e-13	2.06e-06	1.00e+00
 5.34671e+14	2.19e-13	2.21e-06	1.00e+00
 5.54099e+14	2.51e-13	2.38e-06	1.00e+00
 5.75842e+14	2.90e-13	2.57e-06	1.00e+00
 5.96157e+14	3.29e-13	2.76e-06	1.00e+00
 6.14847e+14	3.69e-13	2.94e-06	1.00e+00
 6.32747e+14	4.10e-13	3.11e-06	1.00e+00
 6.52669e+14	4.60e-13	3.31e-06	1.00e+00
 6.74765e+14	5.20e-13	3.55e-06	1.00e+00
 6.95309e+14	5.79e-13	3.77e-06	1.00e+00
 7.17636e+14	6.51e-13	4.02e-06	1.00e+00
 7.42694e+14	7.36e-13	4.31e-06	1.00e+00
 7.66684e+14	8.27e-13	4.61e-06	1.00e+00
 7.93254e+14	9.33e-13	4.93e-06	1.00e+00
 8.22512e+14	1.06e-12	5.31e-06	1.00e+00
 8.49423e+14	1.19e-12	5.67e-06	1.00e+00
 8.78565e+14	1.34e-12	6.07e-06	1.00e+00
 9.11144e+14	1.53e-12	6.55e-06	1.00e+00
 9.41654e+14	1.71e-12	7.00e-06	1.00e+00
 9.74778e+14	1.93e-12	7.51e-06	1.00e+00
 1.01174e+15	2.20e-12	8.11e-06	1.00e+00
 1.04629e+15	2.47e-12	8.68e-06	1.00e+00
 1.08383e+15	2.80e-12	9.35e-06	1.00e+00
 1.12573e+15	3.19e-12	1.01e-05	1.00e+00
 1.16539e+15	3.61e-12	1.09e-05	1.00e+00
 1.20807e+15	4.09e-12	1.17e-05	1.00e+00
 1.25545e+15	4.68e-12	1.27e-05	1.00e+00
 1.30132e+15	5.29e-12	1.37e-05	1.00e+00
 1.35000e+15	6.02e-12	1.48e-05	1.00e+00
 1.40403e+15	6.90e-12	1.61e-05	1.00e+00
 1.45707e+15	7.86e-12	1.74e-05	1.00e+00
 1.50071e+15	8.74e-12	1.85e-05	1.00e+00
 1.53563e+15	9.47e-12	1.95e-05	1.00e+00
 1.57418e+15	1.03e-11	2.05e-05	1.00e+00
 1.62430e+15	1.16e-11	2.20e-05	1.00e+00
 1.67801e+15	1.30e-11	2.36e-05	1.00e+00
 1.72564e+15	1.43e-11	2.50e-05	1.00e+00
 1.77686e+15	1.60e-11	2.67e-05	1.00e+00
 1.84193e+15	1.83e-11	2.90e-05	1.00e+00
 1.90797e+15	2.06e-11	3.12e-05	1.00e+00
 1.96408e+15	2.31e-11	3.34e-05	1.00e+00
 2.02435e+15	2.58e-11	3.57e-05	1.00e+00
 2.09960e+15	2.95e-11	3.87e-05	1.00e+00
 2.17664e+15	3.38e-11	4.20e-05	1.00e+00
 2.24425e+15	3.79e-11	4.50e-05	1.00e+00
 2.31729e+15	4.25e-11	4.83e-05	1.00e+00
 2.40576e+15	4.93e-11	5.27e-05	1.00e+00
 2.49362e+15	5.65e-11	5.72e-05	1.00e+00
 2.57145e+15	6.34e-11	6.12e-05	1.00e+00
 2.65689e+15	7.21e-11	6.60e-05	1.00e+00
 2.75930e+15	8.32e-11	7.19e-05	1.00e+00
 2.86142e+15	9.59e-11	7.82e-05	1.00e+00
 2.95436e+15	1.08e-10	8.40e-05	1.00e+00
 3.05771e+15	1.24e-10	9.09e-05	1.00e+00
 3.17847e+15	1.44e-10	9.92e-05	1.00e+00
 3.29762e+15	1.66e-10	1.08e-04	1.00e+00
 3.41038e+15	1.89e-10	1.17e-04	1.00e+00
 3.53566e+15	2.19e-10	1.27e-04	1.00e+00
 3.65402e+15	2.46e-10	1.36e-04	1.00e+00
 3.74241e+15	2.71e-10	1.44e-04	1.00e+00
 3.83296e+15	3.00e-10	1.52e-04	1.00e+00
 3.95068e+15	3.39e-10	1.63e-04	1.00e+00
 4.07768e+15	3.79e-10	1.75e-04	1.00e+00
 4.19182e+15	4.24e-10	1.86e-04	1.00e+00
 4.31526e+15	4.77e-10	1.99e-04	1.00e+00
 4.47274e+15	5.57e-10	2.16e-04	1.00e+00
 4.63137e+15	6.30e-10	2.33e-04	1.00e+00
 4.76415e+15	7.08e-10	2.49e-04	1.00e+00
 4.90647e+15	7.97e-10	2.66e-04	1.00e+00
 5.08666e+15	9.33e-10	2.88e-04	1.00e+00
 5.27550e+15	1.06e-09	3.13e-04	1.00e+00
 5.44414e+15	1.21e-09	3.36e-04	1.00e+00
 5.62711e+15	1.39e-09	3.62e-04	1.00e+00
 5.84515e+15	1.64e-09	3.95e-04	1.00e+00
 6.06024e+15	1.89e-09	4.28e-04	1.00e+00
 6.25494e+15	2.13e-09	4.59e-04	1.00e+00
 6.47168e+15	2.45e-09	4.95e-04	1.00e+00
 6.72609e+15	2.93e-09	5.41e-04	9.99e-01
 6.97672e+15	3.40e-09	5.87e-04	9.99e-01
 7.21127e+15	3.89e-09	6.32e-04	9.99e-01
 7.47365e+15	4.51e-09	6.84e-04	9.99e-01
 7.77263e+15	5.21e-09	7.46e-04	9.99e-01
 8.02294e+15	5.96e-09	8.01e-04	9.99e-01
 8.20130e+15	6.64e-09	8.42e-04	9.99e-01
 8.38637e+15	7.29e-09	8.85e-04	9.99e-01
 8.62696e+15	8.08e-09	9.43e-04	9.99e-01
 8.89552e+15	9.32e-09	1.01e-03	9.99e-01
 9.14642e+15	1.03e-08	1.07e-03	9.99e-01
 9.41855e+15	1.18e-08	1.15e-03	9.99e-01
 9.72223e+15	1.35e-08	1.23e-03	9.99e-01
 1.00086e+16	1.51e-08	1.32e-03	9.99e-01
 1.03227e+16	1.72e-08	1.41e-03	9.99e-01
 1.06727e+16	2.01e-08	1.53e-03	9.98e-01
 1.10013e+16	2.29e-08	1.63e-03	9.98e-01
 1.13601e+16	2.61e-08	1.76e-03	9.98e-01
 1.17521e+16	2.98e-08	1.90e-03	9.98e-01
 1.21135e+16	3.46e-08	2.04e-03	9.98e-01
 1.25094e+16	3.95e-08	2.20e-03	9.98e-01
 1.29425e+16	4.52e-08	2.39e-03	9.98e-01
 1.33408e+16	5.17e-08	2.56e-03	9.97e-01
 1.37754e+16	6.08e-08	2.78e-03	9.97e-01
 1.42510e+16	7.00e-08	3.01e-03	9.97e-01
 1.46757e+16	7.90e-08	3.24e-03	9.97e-01
 1.50636e+16	8.90e-08	3.46e-03	9.97e-01
 1.55077e+16	1.04e-07	3.73e-03	9.96e-01
 1.59972e+16	1.19e-07	4.04e-03	9.96e-01
 1.64533e+16	1.34e-07	4.36e-03	9.96e-01
 1.68645e+16	1.51e-07	4.66e-03	9.95e-01
 1.72444e+16	1.68e-07	4.96e-03	9.95e-01
 1.76732e+16	1.90e-07	5.32e-03	9.95e-01
 1.81398e+16	2.16e-07	5.74e-03	9.94e-01
 1.85663e+16	2.44e-07	6.15e-03	9.94e-01
 1.90314e+16	2.84e-07	6.66e-03	9.93e-01
 1.95075e+16	3.21e-07	7.20e-03	9.93e-01
 1.99140e+16	3.57e-07	7.71e-03	9.92e-01
 2.03585e+16	4.05e-07	8.35e-03	9.92e-01
 2.08402e+16	4.76e-07	9.10e-03	9.91e-01
 2.12642e+16	5.37e-07	9.82e-03	9.90e-01
 2.16495e+16	6.04e-07	1.06e-02	9.89e-01
 2.20908e+16	6.91e-07	1.15e-02	9.88e-01
 2.25515e+16	8.00e-07	1.26e-02	9.87e-01
 2.29328e+16	9.06e-07	1.37e-02	9.86e-01
 2.32695e+16	1.01e-06	1.47e-02	9.85e-01
 2.36526e+16	1.18e-06	1.61e-02	9.84e-01
 2.40578e+16	1.34e-06	1.77e-02	9.82e-01
 2.44096e+16	1.56e-06	1.94e-02	9.81e-01
 2.47211e+16	1.78e-06	2.11e-02	9.79e-01
 2.50626e+16	2.02e-06	2.32e-02	9.77e-01
 2.54319e+16	2.38e-06	2.60e-02	9.74e-01
 2.57479e+16	2.78e-06	2.88e-02	9.71e-01
 2.60111e+16	3.19e-06	3.16e-02	9.68e-01
 2.62465e+16	3.63e-06	3.45e-02	9.66e-01
 2.65039e+16	4.28e-06	3.83e-02	9.62e-01
 2.67799e+16	4.99e-06	4.30e-02	9.57e-01
 2.70231e+16	5.95e-06	4.81e-02	9.52e-01
 2.72324e+16	6.96e-06	5.34e-02	9.47e-01
 2.74218e+16	7.96e-06	5.90e-02	9.41e-01
 2.76353e+16	9.49e-06	6.68e-02	9.33e-01
 2.78564e+16	1.15e-05	7.66e-02	9.23e-01
 2.80334e+16	1.34e-05	8.63e-02	9.14e-01
 2.81809e+16	1.58e-05	9.61e-02	9.04e-01
 2.83201e+16	1.84e-05	1.07e-01	8.93e-01
 2.84554e+16	2.10e-05	1.20e-01	8.80e-01
 2.86098e+16	2.53e-05	1.37e-01	8.63e-01
 2.87659e+16	3.15e-05	1.59e-01	8.40e-01
 2.88821e+16	3.66e-05	1.80e-01	8.20e-01
 2.89753e+16	4.25e-05	1.99e-01	8.01e-01
 2.90655e+16	4.87e-05	2.20e-01	7.80e-01
 2.91502e+16	5.50e-05	2.42e-01	7.57e-01
 2.92303e+16	6.27e-05	2.67e-01	7.33e-01
 2.93013e+16	7.09e-05	2.91e-01	7.09e-01
 2.93561e+16	7.75e-05	3.11e-01	6.89e-01
 2.94103e+16	8.53e-05	3.33e-01	6.67e-01
 2.94808e+16	9.63e-05	3.64e-01	6.36e-01
 2.95538e+16	1.09e-04	3.98e-01	6.02e-01
 2.96143e+16	1.21e-04	4.29e-01	5.71e-01
 2.96773e+16	1.35e-04	4.63e-01	5.36e-01
 2.97461e+16	1.51e-04	5.02e-01	4.98e-01
 2.98095e+16	1.67e-04	5.39e-01	4.61e-01
 2.98790e+16	1.86e-04	5.80e-01	4.20e-01
 2.99558e+16	2.07e-04	6.25e-01	3.75e-01
 3.00284e+16	2.28e-04	6.66e-01	3.34e-01
 3.01091e+16	2.52e-04	7.10e-01	2.90e-01
 3.02140e+16	2.83e-04	7.61e-01	2.39e-01
 3.03241e+16	3.13e-04	8.07e-01	1.93e-01
 3.04245e+16	3.39e-04	8.42e-01	1.58e-01
 3.05384e+16	3.66e-04	8.75e-01	1.25e-01
 3.06865e+16	3.97e-04	9.07e-01	9.26e-02
 3.08790e+16	4.32e-04	9.36e-01	6.35e-02
 3.11293e+16	4.69e-04	9.59e-01	4.01e-02
 3.14546e+16	5.12e-04	9.76e-01	2.34e-02
 3.18025e+16	5.55e-04	9.85e-01	1.41e-02
 3.21075e+16	5.95e-04	9.90e-01	9.53e-03
 3.23836e+16	6.34e-04	9.93e-01	6.86e-03
 3.26950e+16	6.84e-04	9.94e-01	4.82e-03
 3.30240e+16	7.45e-04	9.96e-01	3.46e-03
 3.32411e+16	7.93e-04	9.96e-01	2.87e-03
 3.33440e+16	8.18e-04	9.97e-01	2.63e-03
 3.34337e+16	8.41e-04	9.97e-01	2.41e-03
 3.35504e+16	8.73e-04	9.97e-01	2.17e-03
 3.37020e+16	9.19e-04	9.97e-01	1.89e-03
 3.38638e+16	9.71e-04	9.97e-01	1.65e-03
 3.39988e+16	1.02e-03	9.97e-01	1.48e-03
 3.41111e+16	1.07e-03	9.98e-01	1.35e-03
 3.42336e+16	1.12e-03	9.98e-01	1.22e-03
 3.43566e+16	1.18e-03	9.98e-01	1.11e-03
 3.44487e+16	1.23e-03	9.98e-01	1.04e-03
 3.45241e+16	1.28e-03	9.98e-01	9.83e-04
 3.46090e+16	1.33e-03	9.98e-01	9.20e-04
 3.47194e+16	1.41e-03	9.98e-01	8.44e-04
 3.48273e+16	1.49e-03	9.98e-01	7.82e-04
 3.49050e+16	1.55e-03	9.98e-01	7.42e-04
 3.49681e+16	1.61e-03	9.98e-01	7.09e-04
 3.50395e+16	1.68e-03	9.98e-01	6.72e-04
 3.51322e+16	1.78e-03	9.98e-01	6.28e-04
 3.52239e+16	1.89e-03	9.98e-01	5.90e-04
 3.52913e+16	1.98e-03	9.97e-01	5.65e-04
 3.53467e+16	2.06e-03	9.97e-01	5.43e-04
 3.54090e+16	2.15e-03	9.97e-01	5.19e-04
 3.54901e+16	2.29e-03	9.97e-01	4.90e-04
 3.55698e+16	2.44e-03	9.97e-01	4.65e-04
 3.56282e+16	2.56e-03	9.97e-01	4.49e-04
 3.56763e+16	2.67e-03	9.97e-01	4.35e-04
 3.57308e+16	2.80e-03	9.97e-01	4.19e-04
 3.58017e+16	2.99e-03	9.97e-01	3.99e-04
 3.58718e+16	3.21e-03	9.96e-01	3.81e-04
 3.59242e+16	3.39e-03	9.96e-01	3.69e-04
 3.59681e+16	3.56e-03	9.96e-01	3.59e-04
 3.60181e+16	3.77e-03	9.96e-01	3.47e-04
 3.60831e+16	4.07e-03	9.96e-01	3.32e-04
 3.61480e+16	4.42e-03	9.95e-01	3.19e-04
 3.61974e+16	4.74e-03	9.95e-01	3.09e-04
 3.62464e+16	5.07e-03	9.95e-01	3.00e-04
 3.63100e+16	5.58e-03	9.94e-01	2.88e-04
 3.63749e+16	6.21e-03	9.94e-01	2.77e-04
 3.64251e+16	6.80e-03	9.93e-01	2.69e-04
 3.64654e+16	7.34e-03	9.92e-01	2.63e-04
 3.65096e+16	8.03e-03	9.92e-01	2.55e-04
 3.65572e+16	8.91e-03	9.91e-01	2.48e-04
 3.65974e+16	9.80e-03	9.90e-01	2.43e-04
 3.66301e+16	1.06e-02	9.89e-01	2.39e-04
 3.66650e+16	1.17e-02	9.88e-01	2.35e-04
 3.67034e+16	1.30e-02	9.87e-01	2.30e-04
 3.67369e+16	1.44e-02	9.85e-01	2.26e-04
 3.67643e+16	1.58e-02	9.84e-01	2.24e-04
 3.67932e+16	1.75e-02	9.82e-01	2.21e-04
 3.68248e+16	1.97e-02	9.80e-01	2.19e-04
 3.68525e+16	2.20e-02	9.78e-01	2.17e-04
 3.68757e+16	2.43e-02	9.75e-01	2.17e-04
 3.69005e+16	2.73e-02	9.72e-01	2.16e-04
 3.69271e+16	3.10e-02	9.69e-01	2.16e-04
 3.69494e+16	3.50e-02	9.65e-01	2.16e-04
 3.69675e+16	3.86e-02	9.61e-01	2.18e-04
 3.69866e+16	4.32e-02	9.57e-01	2.19e-04
 3.70070e+16	4.88e-02	9.51e-01	2.22e-04
 3.70248e+16	5.48e-02	9.45e-01	2.25e-04
 3.70400e+16	6.06e-02	9.39e-01	2.29e-04
 3.70549e+16	6.74e-02	9.32e-01	2.32e-04
 3.70701e+16	7.50e-02	9.25e-01	2.38e-04
 3.70842e+16	8.34e-02	9.16e-01	2.42e-04
 3.70972e+16	9.23e-02	9.07e-01	2.47e-04
 3.71094e+16	1.01e-01	8.98e-01	2.54e-04
 3.71205e+16	1.11e-01	8.89e-01	2.58e-04
 3.71306e+16	1.21e-01	8.79e-01	2.65e-04
 3.71385e+16	1.29e-01	8.71e-01	2.69e-04
 3.71437e+16	1.35e-01	8.65e-01	2.72e-04
 3.71484e+16	1.40e-01	8.59e-01	2.75e-04
 3.71539e+16	1.47e-01	8.52e-01	2.78e-04
 3.71598e+16	1.55e-01	8.45e-01	2.83e-04
 3.71656e+16	1.63e-01	8.37e-01	2.86e-04
 3.71709e+16	1.71e-01	8.29e-01	2.91e-04
 3.71762e+16	1.79e-01	8.21e-01	2.94e-04
 3.71816e+16	1.88e-01	8.12e-01	2.98e-04
 3.71868e+16	1.97e-01	8.02e-01	3.02e-04
 3.71919e+16	2.06e-01	7.93e-01	3.06e-04
 3.71971e+16	2.17e-01	7.83e-01	3.09e-04
 3.72021e+16	2.27e-01	7.73e-01	3.14e-04
 3.72071e+16	2.38e-01	7.62e-01	3.18e-04
 3.72121e+16	2.48e-01	7.51e-01	3.22e-04
 3.72170e+16	2.60e-01	7.40e-01	3.26e-04
 3.72219e+16	2.72e-01	7.28e-01	3.30e-04
 3.72266e+16	2.84e-01	7.16e-01	3.33e-04
 3.72312e+16	2.96e-01	7.03e-01	3.38e-04
 3.72359e+16	3.10e-01	6.90e-01	3.40e-04
 3.72405e+16	3.23e-01	6.77e-01	3.45e-04
 3.72450e+16	3.36e-01	6.63e-01	3.47e-04
 3.72495e+16	3.50e-01	6.50e-01	3.51e-04
 3.72539e+16	3.64e-01	6.36e-01	3.54e-04
 3.72583e+16	3.79e-01	6.21e-01	3.57e-04
 3.72625e+16	3.93e-01	6.06e-01	3.59e-04
 3.72667e+16	4.08e-01	5.92e-01	3.62e-04
 3.72709e+16	4.23e-01	5.77e-01	3.64e-04
 3.72750e+16	4.38e-01	5.62e-01	3.66e-04
 3.72791e+16	4.53e-01	5.47e-01	3.68e-04
 3.72831e+16	4.68e-01	5.32e-01	3.69e-04
 3.72870e+16	4.83e-01	5.17e-01	3.71e-04
 3.72909e+16	4.98e-01	5.02e-01	3.72e-04
 3.72946e+16	5.13e-01	4.87e-01	3.72e-04
 3.72983e+16	5.27e-01	4.72e-01	3.73e-04
 3.73019e+16	5.42e-01	4.58e-01	3.73e-04
 3.73054e+16	5.56e-01	4.44e-01	3.72e-04
 3.73088e+16	5.70e-01	4.30e-01	3.72e-04
 3.73122e+16	5.83e-01	4.16e-01	3.71e-04
 3.73155e+16	5.97e-01	4.03e-01	3.70e-04
 3.73187e+16	6.10e-01	3.90e-01	3.69e-04
 3.73219e+16	6.23e-01	3.77e-01	3.67e-04
 3.73250e+16	6.35e-01	3.65e-01	3.66e-04
 3.73281e+16	6.47e-01	3.53e-01	3.64e-04
 3.73311e+16	6.59e-01	3.41e-01	3.62e-04
 3.73340e+16	6.70e-01	3.30e-01	3.60e-04
 3.73369e+16	6.81e-01	3.18e-01	3.57e-04
 3.73398e+16	6.92e-01	3.08e-01	3.55e-04
 3.73426e+16	7.03e-01	2.97e-01	3.52e-04
 3.73454e+16	7.13e-01	2.87e-01	3.49e-04
 3.73481e+16	7.23e-01	2.77e-01	3.46e-04
 3.73508e+16	7.33e-01	2.67e-01	3.43e-04
 3.73535e+16	7.42e-01	2.58e-01	3.39e-04
 3.73561e+16	7.51e-01	2.49e-01	3.36e-04
 3.73587e+16	7.60e-01	2.40e-01	3.32e-04
 3.73609e+16	7.67e-01	2.33e-01	3.28e-04
 3.73626e+16	7.72e-01	2.27e-01	3.26e-04
 3.73641e+16	7.78e-01	2.22e-01	3.22e-04
 3.73657e+16	7.83e-01	2.17e-01	3.20e-04
 3.73674e+16	7.88e-01	2.11e-01	3.16e-04
 3.73691e+16	7.93e-01	2.06e-01	3.14e-04
 3.73706e+16	7.98e-01	2.02e-01	3.10e-04
 3.73721e+16	8.03e-01	1.97e-01	3.08e-04
 3.73736e+16	8.07e-01	1.93e-01	3.05e-04
 3.73751e+16	8.11e-01	1.88e-01	3.02e-04
 3.73765e+16	8.16e-01	1.84e-01	2.99e-04
 3.73779e+16	8.20e-01	1.80e-01	2.96e-04
 3.73793e+16	8.23e-01	1.76e-01	2.93e-04
 3.73807e+16	8.27e-01	1.72e-01	2.90e-04
 3.73820e+16	8.31e-01	1.69e-01	2.87e-04
 3.73834e+16	8.35e-01	1.65e-01	2.84e-04
 3.73848e+16	8.38e-01	1.61e-01	2.81e-04
 3.73862e+16	8.42e-01	1.58e-01	2.78e-04
 3.73877e+16	8.46e-01	1.54e-01	2.74e-04
 3.73891e+16	8.50e-01	1.50e-01	2.71e-04
 3.73907e+16	8.53e-01	1.46e-01	2.68e-04
 3.73924e+16	8.57e-01	1.42e-01	2.64e-04
 3.73942e+16	8.62e-01	1.38e-01	2.59e-04
 3.73963e+16	8.67e-01	1.33e-01	2.54e-04
 3.73985e+16	8.72e-01	1.28e-01	2.49e-04
 3.74007e+16	8.76e-01	1.23e-01	2.44e-04
 3.74027e+16	8.81e-01	1.19e-01	2.39e-04
 3.74047e+16	8.85e-01	1.15e-01	2.33e-04
 3.74066e+16	8.89e-01	1.11e-01	2.28e-04
 3.74084e+16	8.92e-01	1.08e-01	2.23e-04
 3.74102e+16	8.96e-01	1.04e-01	2.18e-04
 3.74118e+16	8.99e-01	1.01e-01	2.13e-04
 3.74132e+16	9.01e-01	9.85e-02	2.09e-04
 3.74145e+16	9.04e-01	9.60e-02	2.05e-04
 3.74157e+16	9.06e-01	9.39e-02	2.01e-04
 3.74168e+16	9.08e-01	9.19e-02	1.98e-04
 3.74178e+16	9.10e-01	9.01e-02	1.94e-04
 3.74187e+16	9.11e-01	8.85e-02	1.91e-04
 3.74197e+16	9.13e-01	8.67e-02	1.88e-04
 3.74208e+16	9.15e-01	8.49e-02	1.85e-04
 3.74217e+16	9.16e-01	8.33e-02	1.82e-04
 3.74226e+16	9.18e-01	8.18e-02	1.79e-04
 3.74234e+16	9.19e-01	8.05e-02	1.76e-04
 3.74243e+16	9.21e-01	7.90e-02	1.74e-04
 3.74253e+16	9.22e-01	7.75e-02	1.71e-04
 3.74261e+16	9.24e-01	7.61e-02	1.68e-04
 3.74269e+16	9.25e-01	7.49e-02	1.65e-04
 3.74276e+16	9.26e-01	7.37e-02	1.63e-04
 3.74284e+16	9.27e-01	7.25e-02	1.60e-04
 3.74293e+16	9.29e-01	7.12e-02	1.57e-04
 3.74300e+16	9.30e-01	7.00e-02	1.55e-04
 3.74308e+16	9.31e-01	6.90e-02	1.52e-04
 3.74314e+16	9.32e-01	6.80e-02	1.50e-04
 3.74321e+16	9.33e-01	6.69e-02	1.48e-04
 3.74329e+16	9.34e-01	6.58e-02	1.46e-04
 3.74335e+16	9.35e-01	6.48e-02	1.43e-04
 3.74342e+16	9.36e-01	6.39e-02	1.41e-04
 3.74347e+16	9.37e-01	6.31e-02	1.39e-04
 3.74354e+16	9.38e-01	6.22e-02	1.37e-04
 3.74360e+16	9.39e-01	6.12e-02	1.35e-04
 3.74367e+16	9.40e-01	6.04e-02	1.33e-04
 3.74372e+16	9.40e-01	5.96e-02	1.31e-04
 3.74378e+16	9.41e-01	5.88e-02	1.29e-04
 3.74385e+16	9.42e-01	5.79e-02	1.27e-04
 3.74391e+16	9.43e-01	5.70e-02	1.25e-04
 3.74396e+16	9.44e-01	5.63e-02	1.23e-04
 3.74402e+16	9.44e-01	5.55e-02	1.21e-04
 3.74409e+16	9.45e-01	5.47e-02	1.20e-04
 3.74415e+16	9.46e-01	5.39e-02	1.18e-04
 3.74420e+16	9.47e-01	5.32e-02	1.16e-04
 3.74426e+16	9.47e-01	5.25e-02	1.14e-04
 3.74432e+16	9.48e-01	5.17e-02	1.12e-04
 3.74438e+16	9.49e-01	5.10e-02	1.11e-04
 3.74443e+16	9.49e-01	5.04e-02	1.09e-04
 3.74449e+16	9.50e-01	4.97e-02	1.08e-04
 3.74457e+16	9.51e-01	4.88e-02	1.05e-04
 3.74465e+16	9.52e-01	4.79e-02	1.03e-04
 3.74472e+16	9.53e-01	4.71e-02	1.01e-04
 3.74479e+16	9.54e-01	4.64e-02	9.97e-05
 3.74485e+16	9.54e-01	4.57e-02	9.81e-05
 3.74491e+16	9.55e-01	4.50e-02	9.65e-05
 3.74499e+16	9.56e-01	4.43e-02	9.48e-05
 3.74505e+16	9.56e-01	4.36e-02	9.32e-05
 3.74512e+16	9.57e-01	4.29e-02	9.17e-05
 3.74520e+16	9.58e-01	4.22e-02	9.00e-05
 3.74527e+16	9.58e-01	4.16e-02	8.85e-05
 3.74534e+16	9.59e-01	4.10e-02	8.71e-05
 3.74541e+16	9.60e-01	4.03e-02	8.57e-05
 3.74548e+16	9.60e-01	3.97e-02	8.43e-05
 3.74555e+16	9.61e-01	3.91e-02	8.28e-05
 3.74563e+16	9.61e-01	3.84e-02	8.14e-05
 3.74571e+16	9.62e-01	3.78e-02	8.00e-05
 3.74578e+16	9.63e-01	3.72e-02	7.86e-05
 3.74587e+16	9.63e-01	3.65e-02	7.71e-05
 3.74595e+16	9.64e-01	3.59e-02	7.57e-05
 3.74603e+16	9.65e-01	3.53e-02	7.44e-05
 3.74611e+16	9.65e-01	3.48e-02	7.33e-05
 3.74619e+16	9.66e-01	3.42e-02	7.19e-05
 3.74627e+16	9.66e-01	3.36e-02	7.06e-05
 3.74635e+16	9.67e-01	3.31e-02	6.95e-05
 3.74644e+16	9.67e-01	3.25e-02	6.82e-05
 3.74653e+16	9.68e-01	3.20e-02	6.69e-05
 3.74662e+16	9.68e-01	3.15e-02	6.58e-05
 3.74671e+16	9.69e-01	3.09e-02	6.45e-05
 3.74681e+16	9.70e-01	3.03e-02	6.33e-05
 3.74690e+16	9.70e-01	2.99e-02	6.22e-05
 3.74700e+16	9.71e-01	2.93e-02	6.09e-05
 3.74711e+16	9.71e-01	2.87e-02	5.98e-05
 3.74720e+16	9.72e-01	2.83e-02	5.87e-05
 3.74731e+16	9.72e-01	2.77e-02	5.75e-05
 3.74743e+16	9.73e-01	2.72e-02	5.64e-05
 3.74753e+16	9.73e-01	2.67e-02	5.54e-05
 3.74765e+16	9.74e-01	2.62e-02	5.42e-05
 3.74777e+16	9.74e-01	2.57e-02	5.31e-05
 3.74789e+16	9.75e-01	2.52e-02	5.21e-05
 3.74801e+16	9.75e-01	2.47e-02	5.10e-05
 3.74815e+16	9.76e-01	2.42e-02	5.00e-05
 3.74827e+16	9.76e-01	2.38e-02	4.90e-05
 3.74840e+16	9.77e-01	2.33e-02	4.80e-05
 3.74855e+16	9.77e-01	2.29e-02	4.70e-05
 3.74868e+16	9.77e-01	2.25e-02	4.61e-05
 3.74882e+16	9.78e-01	2.20e-02	4.51e-05
 3.74901e+16	9.78e-01	2.15e-02	4.39e-05
 3.74921e+16	9.79e-01	2.10e-02	4.29e-05
 3.74940e+16	9.79e-01	2.05e-02	4.19e-05
 3.74956e+16	9.80e-01	2.01e-02	4.11e-05
 3.74975e+16	9.80e-01	1.97e-02	4.01e-05
 3.74999e+16	9.81e-01	1.92e-02	3.90e-05
 3.75024e+16	9.81e-01	1.87e-02	3.80e-05
 3.75048e+16	9.82e-01	1.83e-02	3.72e-05
 3.75069e+16	9.82e-01	1.79e-02	3.64e-05
 3.75092e+16	9.82e-01	1.75e-02	3.55e-05
 3.75123e+16	9.83e-01	1.71e-02	3.46e-05
 3.75156e+16	9.83e-01	1.67e-02	3.37e-05
 3.75185e+16	9.84e-01	1.63e-02	3.30e-05
 3.75218e+16	9.84e-01	1.60e-02	3.22e-05
 3.75261e+16	9.84e-01	1.56e-02	3.13e-05
 3.75307e+16	9.85e-01	1.52e-02	3.05e-05
 3.75348e+16	9.85e-01	1.49e-02	2.98e-05
 3.75394e+16	9.85e-01	1.46e-02	2.91e-05
 3.75454e+16	9.86e-01	1.42e-02	2.83e-05
 3.75518e+16	9.86e-01	1.40e-02	2.77e-05
 3.75588e+16	9.86e-01	1.37e-02	2.70e-05
 3.75679e+16	9.87e-01	1.34e-02	2.63e-05
 3.75794e+16	9.87e-01	1.31e-02	2.56e-05
 3.75944e+16	9.87e-01	1.28e-02	2.48e-05
 3.76140e+16	9.87e-01	1.25e-02	2.40e-05
 3.76394e+16	9.88e-01	1.22e-02	2.32e-05
 3.76724e+16	9.88e-01	1.19e-02	2.22e-05
 3.77080e+16	9.88e-01	1.16e-02	2.13e-05
 3.77470e+16	9.89e-01	1.14e-02	2.03e-05
 3.77892e+16	9.89e-01	1.11e-02	1.94e-05
 3.78354e+16	9.89e-01	1.08e-02	1.84e-05
 3.78853e+16	9.90e-01	1.05e-02	1.75e-05
 3.79306e+16	9.90e-01	1.02e-02	1.67e-05
 3.79804e+16	9.90e-01	9.93e-03	1.58e-05
 3.80341e+16	9.90e-01	9.64e-03	1.49e-05
 3.80829e+16	9.91e-01	9.39e-03	1.42e-05
 3.81364e+16	9.91e-01	9.12e-03	1.34e-05
 3.81942e+16	9.91e-01	8.85e-03	1.27e-05
 3.82468e+16	9.91e-01	8.61e-03	1.20e-05
 3.83045e+16	9.92e-01	8.35e-03	1.13e-05
 3.83794e+16	9.92e-01	8.03e-03	1.05e-05
 3.84670e+16	9.92e-01	7.68e-03	9.63e-06
 3.85580e+16	9.93e-01	7.34e-03	8.83e-06
 3.86514e+16	9.93e-01	7.02e-03	8.09e-06
 3.87486e+16	9.93e-01	6.70e-03	7.39e-06
 3.88497e+16	9.94e-01	6.40e-03	6.74e-06
 3.89544e+16	9.94e-01	6.10e-03	6.14e-06
 3.90616e+16	9.94e-01	5.81e-03	5.58e-06
 3.91708e+16	9.94e-01	5.54e-03	5.08e-06
 3.92819e+16	9.95e-01	5.28e-03	4.62e-06
 3.93954e+16	9.95e-01	5.03e-03	4.19e-06
 3.95113e+16	9.95e-01	4.79e-03	3.81e-06
 3.96296e+16	9.95e-01	4.56e-03	3.45e-06
 3.97501e+16	9.96e-01	4.34e-03	3.13e-06
 3.98730e+16	9.96e-01	4.13e-03	2.84e-06
 3.99983e+16	9.96e-01	3.92e-03	2.57e-06
 4.01260e+16	9.96e-01	3.73e-03	2.33e-06
 4.02544e+16	9.96e-01	3.55e-03	2.11e-06
 4.03848e+16	9.97e-01	3.38e-03	1.91e-06
 4.05200e+16	9.97e-01	3.21e-03	1.72e-06
 4.06587e+16	9.97e-01	3.05e-03	1.55e-06
 4.07996e+16	9.97e-01	2.89e-03	1.40e-06
 4.09431e+16	9.97e-01	2.74e-03	1.26e-06
 4.10897e+16	9.97e-01	2.60e-03	1.13e-06
 4.12391e+16	9.98e-01	2.46e-03	1.02e-06
 4.13915e+16	9.98e-01	2.34e-03	9.11e-07
 4.15470e+16	9.98e-01	2.21e-03	8.17e-07
 4.17059e+16	9.98e-01	2.09e-03	7.31e-07
 4.18682e+16	9.98e-01	1.98e-03	6.54e-07
 4.20341e+16	9.98e-01	1.87e-03	5.84e-07
 4.22036e+16	9.98e-01	1.77e-03	5.20e-07
 4.23768e+16	9.98e-01	1.67e-03	4.63e-07
 4.25540e+16	9.98e-01	1.57e-03	4.12e-07
 4.27354e+16	9.99e-01	1.48e-03	3.65e-07
 4.29210e+16	9.99e-01	1.40e-03	3.23e-07
 4.31112e+16	9.99e-01	1.32e-03	2.86e-07
 4.33061e+16	9.99e-01	1.24e-03	2.52e-07
 4.35061e+16	9.99e-01	1.16e-03	2.22e-07
 4.37115e+16	9.99e-01	1.09e-03	1.95e-07
 4.39225e+16	9.99e-01	1.02e-03	1.71e-07
 4.41395e+16	9.99e-01	9.57e-04	1.49e-07
 4.43629e+16	9.99e-01	8.96e-04	1.30e-07
 4.45931e+16	9.99e-01	8.37e-04	1.13e-07
 4.48271e+16	9.99e-01	7.82e-04	9.83e-08
 4.50666e+16	9.99e-01	7.29e-04	8.51e-08
 4.53185e+16	9.99e-01	6.78e-04	7.32e-08
 4.55827e+16	9.99e-01	6.29e-04	6.26e-08
 4.58565e+16	9.99e-01	5.82e-04	5.33e-08
 4.61401e+16	9.99e-01	5.38e-04	4.51e-08
 4.64356e+16	1.00e+00	4.96e-04	3.80e-08
 4.67456e+16	1.00e+00	4.56e-04	3.18e-08
 4.70707e+16	1.00e+00	4.17e-04	2.64e-08
 4.74116e+16	1.00e+00	3.81e-04	2.18e-08
 4.77727e+16	1.00e+00	3.46e-04	1.78e-08
 4.81538e+16	1.00e+00	3.13e-04	1.43e-08
 4.85589e+16	1.00e+00	2.81e-04	1.14e-08
 4.89951e+16	1.00e+00	2.51e-04	8.99e-09
 4.94630e+16	1.00e+00	2.22e-04	6.95e-09
 4.99688e+16	1.00e+00	1.95e-04	5.27e-09
 5.05217e+16	1.00e+00	1.69e-04	3.90e-09
 5.11252e+16	1.00e+00	1.44e-04	2.79e-09
 5.18303e+16	1.00e+00	1.20e-04	1.90e-09
 5.26163e+16	1.00e+00	9.80e-05	1.25e-09
 5.34744e+16	1.00e+00	7.80e-05	7.84e-10
 5.44856e+16	1.00e+00	5.94e-05	4.53e-10
 5.56057e+16	1.00e+00	4.42e-05	2.50e-10
 5.67512e+16	1.00e+00	3.27e-05	1.38e-10
 5.79120e+16	1.00e+00	2.41e-05	7.57e-11
 5.91178e+16	1.00e+00	1.76e-05	4.09e-11
 6.03921e+16	1.00e+00	1.27e-05	2.16e-11
 6.17397e+16	1.00e+00	9.05e-06	1.11e-11
 6.31685e+16	1.00e+00	6.35e-06	5.59e-12
 6.46885e+16	1.00e+00	4.39e-06	2.73e-12
 6.62545e+16	1.00e+00	3.03e-06	1.34e-12
 6.78206e+16	1.00e+00	2.12e-06	6.66e-13
 6.93867e+16	1.00e+00	1.49e-06	3.37e-13
 7.09528e+16	1.00e+00	1.06e-06	1.73e-13
 7.25190e+16	1.00e+00	7.57e-07	9.05e-14
 7.40851e+16	1.00e+00	5.46e-07	4.81e-14
 7.56512e+16	1.00e+00	3.98e-07	2.59e-14
 7.72173e+16	1.00e+00	2.92e-07	1.42e-14
 7.87834e+16	1.00e+00	2.16e-07	7.87e-15
 8.03495e+16	1.00e+00	1.61e-07	4.44e-15
 8.21505e+16	1.00e+00	1.15e-07	2.29e-15
 8.42170e+16	1.00e+00	7.94e-08	1.11e-15
 8.63143e+16	1.00e+00	5.54e-08	5.51e-16
 8.85629e+16	1.00e+00	3.79e-08	2.61e-16
 9.09983e+16	1.00e+00	2.56e-08	1.21e-16
 9.34688e+16	1.00e+00	1.74e-08	5.64e-17
 9.59395e+16	1.00e+00	1.20e-08	2.71e-17
 9.85289e+16	1.00e+00	8.20e-09	1.27e-17
 1.01277e+17	1.00e+00	5.55e-09	5.88e-18
 1.04092e+17	1.00e+00	3.77e-09	2.73e-18
 1.06934e+17	1.00e+00	2.58e-09	1.29e-18
 1.09776e+17	1.00e+00	1.79e-09	6.23e-19
 1.12619e+17	1.00e+00	1.25e-09	3.07e-19
 1.15462e+17	1.00e+00	8.84e-10	1.54e-19
 1.18305e+17	1.00e+00	6.30e-10	7.84e-20
 1.21147e+17	1.00e+00	4.53e-10	4.07e-20
 1.23990e+17	1.00e+00	3.28e-10	2.14e-20
 1.26832e+17	1.00e+00	2.40e-10	1.14e-20
 1.29674e+17	1.00e+00	1.76e-10	6.21e-21
 1.32517e+17	1.00e+00	1.31e-10	0.00e+00
 1.35359e+17	1.00e+00	9.75e-11	0.00e+00
 1.38346e+17	1.00e+00	7.20e-11	0.00e+00
 1.41476e+17	1.00e+00	5.30e-11	0.00e+00
 1.44606e+17	1.00e+00	3.94e-11	0.00e+00
 1.48136e+17	1.00e+00	2.82e-11	0.00e+00
 1.52064e+17	1.00e+00	1.99e-11	0.00e+00
 1.56069e+17	1.00e+00	1.42e-11	0.00e+00
 1.60248e+17	1.00e+00	1.01e-11	0.00e+00
 1.64587e+17	1.00e+00	7.28e-12	0.00e+00
 1.69031e+17	1.00e+00	5.35e-12	0.00e+00
 1.73560e+17	1.00e+00	4.02e-12	0.00e+00
 1.78176e+17	1.00e+00	3.11e-12	0.00e+00
 1.82836e+17	1.00e+00	2.49e-12	0.00e+00
 1.87497e+17	1.00e+00	2.07e-12	0.00e+00
 1.92341e+17	1.00e+00	1.77e-12	0.00e+00
 1.97442e+17	1.00e+00	1.53e-12	0.00e+00
 2.02652e+17	1.00e+00	1.37e-12	0.00e+00
 2.07876e+17	1.00e+00	1.26e-12	0.00e+00
 2.13021e+17	1.00e+00	1.19e-12	0.00e+00
 2.18059e+17	1.00e+00	1.15e-12	0.00e+00
 2.22981e+17	1.00e+00	1.13e-12	0.00e+00
 2.27775e+17	1.00e+00	1.12e-12	0.00e+00
 2.32430e+17	1.00e+00	1.11e-12	0.00e+00
 2.36921e+17	1.00e+00	1.11e-12	0.00e+00
 2.41230e+17	1.00e+00	1.12e-12	0.00e+00
 2.45348e+17	1.00e+00	1.13e-12	0.00e+00
 2.49274e+17	1.00e+00	1.14e-12	0.00e+00
 2.53009e+17	1.00e+00	1.16e-12	0.00e+00
 2.56553e+17	1.00e+00	1.17e-12	0.00e+00
 2.59910e+17	1.00e+00	1.19e-12	0.00e+00
 2.63088e+17	1.00e+00	1.20e-12	0.00e+00
 2.66093e+17	1.00e+00	1.22e-12	0.00e+00
 2.68933e+17	1.00e+00	1.23e-12	0.00e+00
 2.71615e+17	1.00e+00	1.25e-12	0.00e+00
 2.74148e+17	1.00e+00	1.26e-12	0.00e+00
 2.76539e+17	1.00e+00	1.28e-12	0.00e+00
 2.78797e+17	1.00e+00	1.29e-12	0.00e+00
 2.80931e+17	1.00e+00	1.30e-12	0.00e+00
 2.82947e+17	1.00e+00	1.32e-12	0.00e+00
 2.84853e+17	1.00e+00	1.33e-12	0.00e+00
 2.86654e+17	1.00e+00	1.34e-12	0.00e+00
 2.88359e+17	1.00e+00	1.35e-12	0.00e+00
 2.89971e+17	1.00e+00	1.36e-12	0.00e+00
 2.91497e+17	1.00e+00	1.37e-12	0.00e+00
 2.92941e+17	1.00e+00	1.37e-12	0.00e+00
 2.94311e+17	1.00e+00	1.38e-12	0.00e+00
 2.95609e+17	1.00e+00	1.39e-12	0.00e+00
 2.96840e+17	1.00e+00	1.40e-12	0.00e+00
 2.98007e+17	1.00e+00	1.40e-12	0.00e+00
 2.99115e+17	1.00e+00	1.41e-12	0.00e+00
 3.00167e+17	1.00e+00	1.42e-12	0.00e+00
 3.01167e+17	1.00e+00	1.42e-12	0.00e+00
 3.02117e+17	1.00e+00	1.43e-12	0.00e+00
 3.03021e+17	1.00e+00	1.43e-12	0.00e+00
 3.03882e+17	1.00e+00	1.44e-12	0.00e+00
 3.04701e+17	1.00e+00	1.44e-12	0.00e+00
 3.05481e+17	1.00e+00	1.44e-12	0.00e+00
 3.06225e+17	1.00e+00	1.45e-12	0.00e+00
 3.06935e+17	1.00e+00	1.45e-12	0.00e+00
 3.07614e+17	1.00e+00	1.45e-12	0.00e+00
 3.08262e+17	1.00e+00	1.46e-12	0.00e+00
 3.08882e+17	1.00e+00	1.46e-12	0.00e+00
 3.09476e+17	1.00e+00	1.46e-12	0.00e+00
 3.10045e+17	1.00e+00	1.47e-12	0.00e+00
 3.10591e+17	1.00e+00	1.47e-12	0.00e+00
 3.11116e+17	1.00e+00	1.47e-12	0.00e+00
 3.11622e+17	1.00e+00	1.47e-12	0.00e+00
 3.12109e+17	1.00e+00	1.47e-12	0.00e+00
 3.12579e+17	1.00e+00	1.48e-12	0.00e+00
 3.13034e+17	1.00e+00	1.48e-12	0.00e+00
 3.13475e+17	1.00e+00	1.48e-12	0.00e+00
 3.13903e+17	1.00e+00	1.48e-12	0.00e+00
 3.14321e+17	1.00e+00	1.48e-12	0.00e+00
 3.14729e+17	1.00e+00	1.48e-12	0.00e+00
 3.15128e+17	1.00e+00	1.49e-12	0.00e+00
 3.15522e+17	1.00e+00	1.49e-12	0.00e+00
 3.15910e+17	1.00e+00	1.49e-12	0.00e+00
 3.16295e+17	1.00e+00	1.49e-12	0.00e+00
 3.16679e+17	1.00e+00	1.49e-12	0.00e+00
 3.17063e+17	1.00e+00	1.49e-12	0.00e+00
 3.17451e+17	1.00e+00	1.49e-12	0.00e+00
 3.17845e+17	1.00e+00	1.49e-12	0.00e+00
 3.18249e+17	1.00e+00	1.49e-12	0.00e+00
 3.18665e+17	1.00e+00	1.49e-12	0.00e+00
 3.19100e+17	1.00e+00	1.49e-12	0.00e+00
 3.19560e+17	1.00e+00	1.49e-12	0.00e+00
 3.20051e+17	1.00e+00	1.49e-12	0.00e+00
 3.20585e+17	1.00e+00	1.49e-12	0.00e+00
 3.21175e+17	1.00e+00	1.49e-12	0.00e+00
 3.21841e+17	1.00e+00	1.48e-12	0.00e+00
 3.22609e+17	1.00e+00	1.48e-12	0.00e+00
 3.23518e+17	1.00e+00	1.47e-12	0.00e+00
 3.24626e+17	1.00e+00	1.46e-12	0.00e+00
 3.26022e+17	1.00e+00	1.44e-12	0.00e+00
 3.27824e+17	1.00e+00	1.41e-12	0.00e+00
 3.30167e+17	1.00e+00	1.36e-12	0.00e+00
 3.33212e+17	1.00e+00	1.28e-12	0.00e+00
 3.37170e+17	1.00e+00	1.18e-12	0.00e+00
 3.42317e+17	1.00e+00	1.06e-12	0.00e+00
 3.49007e+17	1.00e+00	9.01e-13	0.00e+00
 3.57704e+17	1.00e+00	7.24e-13	0.00e+00
 3.69011e+17	1.00e+00	5.38e-13	0.00e+00
 3.82910e+17	1.00e+00	3.59e-13	0.00e+00
 3.98226e+17	1.00e+00	2.55e-13	0.00e+00
 4.14155e+17	1.00e+00	2.24e-13	0.00e+00
 4.30721e+17	1.00e+00	1.98e-13	0.00e+00
 4.47950e+17	1.00e+00	1.74e-13	0.00e+00
 4.65868e+17	1.00e+00	1.51e-13	0.00e+00
 4.84503e+17	1.00e+00	1.31e-13	0.00e+00
 5.03883e+17	1.00e+00	1.11e-13	0.00e+00
 5.24039e+17	1.00e+00	9.37e-14	0.00e+00
 5.45000e+17	1.00e+00	7.78e-14	0.00e+00
 5.65523e+17	1.00e+00	6.35e-14	0.00e+00
 5.83785e+17	1.00e+00	7.31e-14	0.00e+00
 5.99560e+17	1.00e+00	9.76e-14	0.00e+00
 6.13964e+17	1.00e+00	1.19e-13	0.00e+00
 6.28058e+17	1.00e+00	1.18e-13	0.00e+00
 6.41803e+17	1.00e+00	1.07e-13	0.00e+00
 6.54378e+17	1.00e+00	1.03e-13	0.00e+00
 6.65146e+17	1.00e+00	1.11e-13	0.00e+00
 6.74259e+17	1.00e+00	1.24e-13	0.00e+00
 6.82321e+17	1.00e+00	1.29e-13	0.00e+00
 6.89020e+17	1.00e+00	1.27e-13	0.00e+00
 6.93520e+17	1.00e+00	1.35e-13	0.00e+00
 6.96068e+17	1.00e+00	1.48e-13	0.00e+00
 6.97505e+17	1.00e+00	1.57e-13	0.00e+00
 6.98368e+17	1.00e+00	1.62e-13	0.00e+00
 6.98908e+17	1.00e+00	1.65e-13	0.00e+00
 6.99332e+17	1.00e+00	1.66e-13	0.00e+00
 6.99790e+17	1.00e+00	1.68e-13	0.00e+00
 7.00323e+17	1.00e+00	1.69e-13	0.00e+00
 7.00845e+17	1.00e+00	1.70e-13	0.00e+00
 7.01259e+17	1.00e+00	1.71e-13	0.00e+00
 7.01601e+17	1.00e+00	1.71e-13	0.00e+00
 7.01934e+17	1.00e+00	1.71e-13	0.00e+00
 7.02304e+17	1.00e+00	1.72e-13	0.00e+00
 7.02696e+17	1.00e+00	1.72e-13	0.00e+00
 7.03030e+17	1.00e+00	1.71e-13	0.00e+00
 7.03282e+17	1.00e+00	1.71e-13	0.00e+00
 7.03509e+17	1.00e+00	1.71e-13	0.00e+00
 7.03765e+17	1.00e+00	1.71e-13	0.00e+00
 7.04048e+17	1.00e+00	1.71e-13	0.00e+00
 7.04324e+17	1.00e+00	1.70e-13	0.00e+00
 7.04554e+17	1.00e+00	1.70e-13	0.00e+00
 7.04751e+17	1.00e+00	1.70e-13	0.00e+00
 7.04951e+17	1.00e+00	1.69e-13	0.00e+00
 7.05165e+17	1.00e+00	1.69e-13	0.00e+00
 7.05379e+17	1.00e+00	1.68e-13	0.00e+00
 7.05578e+17	1.00e+00	1.68e-13	0.00e+00
 7.05761e+17	1.00e+00	1.68e-13	0.00e+00
 7.05939e+17	1.00e+00	1.67e-13	0.00e+00
 7.06126e+17	1.00e+00	1.67e-13	0.00e+00
 7.06319e+17	1.00e+00	1.66e-13	0.00e+00
 7.06498e+17	1.00e+00	1.66e-13	0.00e+00
 7.06673e+17	1.00e+00	1.65e-13	0.00e+00
 7.06846e+17	1.00e+00	1.64e-13	0.00e+00
 7.07013e+17	1.00e+00	1.64e-13	0.00e+00
 7.07176e+17	1.00e+00	1.63e-13	0.00e+00
 7.07350e+17	1.00e+00	1.63e-13	0.00e+00
 7.07534e+17	1.00e+00	1.62e-13	0.00e+00
 7.07714e+17	1.00e+00	1.61e-13	0.00e+00
 7.07885e+17	1.00e+00	1.61e-13	0.00e+00
 7.08053e+17	1.00e+00	1.60e-13	0.00e+00
 7.08233e+17	1.00e+00	1.59e-13	0.00e+00
 7.08429e+17	1.00e+00	1.58e-13	0.00e+00
 7.08614e+17	1.00e+00	1.58e-13	0.00e+00
 7.08784e+17	1.00e+00	1.57e-13	0.00e+00
 7.08967e+17	1.00e+00	1.56e-13	0.00e+00
 7.09178e+17	1.00e+00	1.55e-13	0.00e+00
 7.09394e+17	1.00e+00	1.54e-13	0.00e+00
 7.09603e+17	1.00e+00	1.53e-13	0.00e+00
 7.09801e+17	1.00e+00	1.52e-13	0.00e+00
 7.10004e+17	1.00e+00	1.51e-13	0.00e+00
 7.10215e+17	1.00e+00	1.50e-13	0.00e+00
 7.10430e+17	1.00e+00	1.49e-13	0.00e+00
 7.10661e+17	1.00e+00	1.48e-13	0.00e+00
 7.10902e+17	1.00e+00	1.47e-13	0.00e+00
 7.11136e+17	1.00e+00	1.45e-13	0.00e+00
 7.11367e+17	1.00e+00	1.44e-13	0.00e+00
 7.11617e+17	1.00e+00	1.43e-13	0.00e+00
 7.11893e+17	1.00e+00	1.42e-13	0.00e+00
 7.12167e+17	1.00e+00	1.40e-13	0.00e+00
 7.12426e+17	1.00e+00	1.39e-13	0.00e+00
 7.12692e+17	1.00e+00	1.37e-13	0.00e+00
 7.12978e+17	1.00e+00	1.36e-13	0.00e+00
 7.13284e+17	1.00e+00	1.34e-13	0.00e+00
 7.13604e+17	1.00e+00	1.32e-13	0.00e+00
 7.13921e+17	1.00e+00	1.30e-13	0.00e+00
 7.14232e+17	1.00e+00	1.28e-13	0.00e+00
 7.14550e+17	1.00e+00	1.27e-13	0.00e+00
 7.14883e+17	1.00e+00	1.25e-13	0.00e+00
 7.15234e+17	1.00e+00	1.23e-13	0.00e+00
 7.15586e+17	1.00e+00	1.21e-13	0.00e+00
 7.15959e+17	1.00e+00	1.19e-13	0.00e+00
 7.16358e+17	1.00e+00	1.16e-13	0.00e+00
 7.16745e+17	1.00e+00	1.14e-13	0.00e+00
 7.17117e+17	1.00e+00	1.12e-13	0.00e+00
 7.17513e+17	1.00e+00	1.10e-13	0.00e+00
 7.17950e+17	1.00e+00	1.07e-13	0.00e+00
 7.18404e+17	1.00e+00	1.05e-13	0.00e+00
 7.18844e+17	1.00e+00	1.02e-13	0.00e+00
 7.19269e+17	1.00e+00	9.96e-14	0.00e+00
 7.19708e+17	1.00e+00	9.72e-14	0.00e+00
 7.20182e+17	1.00e+00	9.47e-14	0.00e+00
 7.20687e+17	1.00e+00	9.19e-14	0.00e+00
 7.21188e+17	1.00e+00	8.90e-14	0.00e+00
 7.21673e+17	1.00e+00	8.65e-14	0.00e+00
 7.22167e+17	1.00e+00	8.39e-14	0.00e+00
 7.22692e+17	1.00e+00	8.12e-14	0.00e+00
 7.23239e+17	1.00e+00	7.83e-14	0.00e+00
 7.23788e+17	1.00e+00	7.55e-14	0.00e+00
 7.24338e+17	1.00e+00	7.27e-14	0.00e+00
 7.24902e+17	1.00e+00	7.00e-14	0.00e+00
 7.25482e+17	1.00e+00	6.72e-14	0.00e+00
 7.26077e+17	1.00e+00	6.44e-14	0.00e+00
 7.26680e+17	1.00e+00	6.16e-14	0.00e+00
 7.27298e+17	1.00e+00	5.88e-14	0.00e+00
 7.27924e+17	1.00e+00	5.60e-14	0.00e+00
 7.28544e+17	1.00e+00	5.33e-14	0.00e+00
 7.29166e+17	1.00e+00	5.07e-14	0.00e+00
 7.29827e+17	1.00e+00	4.81e-14	0.00e+00
 7.30516e+17	1.00e+00	4.54e-14	0.00e+00
 7.31210e+17	1.00e+00	4.27e-14	0.00e+00
 7.31904e+17	1.00e+00	4.01e-14	0.00e+00
 7.32596e+17	1.00e+00	3.77e-14	0.00e+00
 7.33312e+17	1.00e+00	3.53e-14	0.00e+00
 7.34071e+17	1.00e+00	3.29e-14	0.00e+00
 7.34868e+17	1.00e+00	3.05e-14	0.00e+00
 7.35671e+17	1.00e+00	2.81e-14	0.00e+00
 7.36431e+17	1.00e+00	2.59e-14	0.00e+00
 7.37089e+17	1.00e+00	2.41e-14	0.00e+00
 7.37650e+17	1.00e+00	2.26e-14	0.00e+00
 7.38160e+17	1.00e+00	2.14e-14	0.00e+00
 7.38658e+17	1.00e+00	2.02e-14	0.00e+00
 7.39147e+17	1.00e+00	1.91e-14	0.00e+00
 7.39614e+17	1.00e+00	1.81e-14	0.00e+00
 7.40050e+17	1.00e+00	1.72e-14	0.00e+00
 7.40456e+17	1.00e+00	1.64e-14	0.00e+00
 7.40843e+17	1.00e+00	1.57e-14	0.00e+00
 7.41219e+17	1.00e+00	1.50e-14	0.00e+00
 7.41584e+17	1.00e+00	1.43e-14	0.00e+00
 7.41933e+17	1.00e+00	1.37e-14	0.00e+00
 7.42267e+17	1.00e+00	1.32e-14	0.00e+00
 7.42587e+17	1.00e+00	1.27e-14	0.00e+00
 7.42897e+17	1.00e+00	1.22e-14	0.00e+00
 7.43198e+17	1.00e+00	1.17e-14	0.00e+00
 7.43490e+17	1.00e+00	1.13e-14	0.00e+00
 7.43772e+17	1.00e+00	1.08e-14	0.00e+00
 7.44044e+17	1.00e+00	1.05e-14	0.00e+00
 7.44307e+17	1.00e+00	1.01e-14	0.00e+00
 7.44564e+17	1.00e+00	9.73e-15	0.00e+00
 7.44814e+17	1.00e+00	9.38e-15	0.00e+00
