#depth	N	N+	N+2	N+3	N+4	N+5	N+6	N+7
 3.74085e+09	0.00e+00	7.24e-33	5.31e-24	7.26e-16	1.72e-08	9.97e-01	2.57e-03	0.00e+00
 2.24451e+10	1.53e-42	8.97e-33	6.25e-24	8.12e-16	1.82e-08	9.98e-01	2.43e-03	2.28e-09
 5.31200e+10	0.00e+00	1.26e-32	8.07e-24	9.66e-16	1.99e-08	9.98e-01	2.22e-03	0.00e+00
 8.51716e+10	3.55e-42	1.76e-32	1.04e-23	1.15e-15	2.18e-08	9.98e-01	2.02e-03	0.00e+00
 1.17523e+11	0.00e+00	2.44e-32	1.34e-23	1.36e-15	2.37e-08	9.98e-01	1.85e-03	0.00e+00
 1.51168e+11	8.06e-42	3.39e-32	1.72e-23	1.62e-15	2.59e-08	9.98e-01	1.69e-03	0.00e+00
 1.87142e+11	0.00e+00	4.76e-32	2.23e-23	1.93e-15	2.84e-08	9.98e-01	1.54e-03	0.00e+00
 2.22665e+11	1.83e-41	6.57e-32	2.84e-23	2.28e-15	3.09e-08	9.99e-01	1.41e-03	0.00e+00
 2.59610e+11	0.00e+00	9.05e-32	3.64e-23	2.70e-15	3.37e-08	9.99e-01	1.29e-03	0.00e+00
 2.99921e+11	4.17e-41	1.27e-31	4.71e-23	3.23e-15	3.69e-08	9.99e-01	1.17e-03	0.00e+00
 3.40958e+11	0.00e+00	1.77e-31	6.07e-23	3.84e-15	4.04e-08	9.99e-01	1.07e-03	0.00e+00
 3.83637e+11	9.47e-41	2.46e-31	7.82e-23	4.57e-15	4.42e-08	9.99e-01	9.75e-04	0.00e+00
 4.28910e+11	0.00e+00	3.45e-31	1.01e-22	5.47e-15	4.84e-08	9.99e-01	8.87e-04	0.00e+00
 4.75993e+11	2.18e-40	4.83e-31	1.31e-22	6.54e-15	5.31e-08	9.99e-01	8.06e-04	0.00e+00
 5.18669e+11	0.00e+00	6.48e-31	1.65e-22	7.65e-15	5.76e-08	9.99e-01	7.41e-04	0.00e+00
 5.54308e+11	4.20e-40	8.21e-31	1.98e-22	8.68e-15	6.15e-08	9.99e-01	6.92e-04	0.00e+00
 5.93328e+11	0.00e+00	1.06e-30	2.40e-22	9.93e-15	6.60e-08	9.99e-01	6.45e-04	0.00e+00
 6.42654e+11	8.35e-40	1.44e-30	3.04e-22	1.17e-14	7.19e-08	9.99e-01	5.90e-04	0.00e+00
 6.94183e+11	0.00e+00	1.96e-30	3.87e-22	1.39e-14	7.84e-08	9.99e-01	5.39e-04	0.00e+00
 7.38695e+11	1.68e-39	2.54e-30	4.73e-22	1.59e-14	8.44e-08	9.99e-01	5.00e-04	0.00e+00
 7.85279e+11	0.00e+00	3.29e-30	5.78e-22	1.83e-14	9.08e-08	1.00e+00	4.64e-04	0.00e+00
 8.42805e+11	3.37e-39	4.49e-30	7.36e-22	2.17e-14	9.91e-08	1.00e+00	4.24e-04	0.00e+00
 9.01037e+11	0.00e+00	6.08e-30	9.32e-22	2.56e-14	1.08e-07	1.00e+00	3.87e-04	0.00e+00
 9.52418e+11	6.66e-39	7.85e-30	1.14e-21	2.95e-14	1.16e-07	1.00e+00	3.59e-04	0.00e+00
 1.00841e+12	0.00e+00	1.03e-29	1.40e-21	3.41e-14	1.26e-07	1.00e+00	3.32e-04	0.00e+00
 1.07583e+12	1.35e-38	1.41e-29	1.79e-21	4.06e-14	1.38e-07	1.00e+00	3.02e-04	0.00e+00
 1.14390e+12	0.00e+00	1.91e-29	2.27e-21	4.80e-14	1.50e-07	1.00e+00	2.76e-04	0.00e+00
 1.20686e+12	2.71e-38	2.50e-29	2.81e-21	5.57e-14	1.63e-07	1.00e+00	2.55e-04	0.00e+00
 1.27721e+12	0.00e+00	3.34e-29	3.52e-21	6.54e-14	1.77e-07	1.00e+00	2.34e-04	0.00e+00
 1.35822e+12	5.68e-38	4.60e-29	4.53e-21	7.81e-14	1.94e-07	1.00e+00	2.13e-04	0.00e+00
 1.43730e+12	0.00e+00	6.22e-29	5.74e-21	9.24e-14	2.12e-07	1.00e+00	1.94e-04	0.00e+00
 1.51267e+12	1.14e-37	8.18e-29	7.12e-21	1.08e-13	2.30e-07	1.00e+00	1.79e-04	0.00e+00
 1.59624e+12	0.00e+00	1.10e-28	8.96e-21	1.27e-13	2.51e-07	1.00e+00	1.64e-04	0.00e+00
 1.69001e+12	2.38e-37	1.51e-28	1.15e-20	1.51e-13	2.75e-07	1.00e+00	1.49e-04	0.00e+00
 1.78433e+12	0.00e+00	2.04e-28	1.46e-20	1.79e-13	3.01e-07	1.00e+00	1.36e-04	0.00e+00
 1.86947e+12	4.75e-37	2.66e-28	1.80e-20	2.08e-13	3.26e-07	1.00e+00	1.26e-04	0.00e+00
 1.94249e+12	0.00e+00	3.32e-28	2.14e-20	2.35e-13	3.47e-07	1.00e+00	1.18e-04	0.00e+00
 2.02156e+12	8.18e-37	4.17e-28	2.56e-20	2.67e-13	3.72e-07	1.00e+00	1.10e-04	0.00e+00
 2.12255e+12	0.00e+00	5.55e-28	3.20e-20	3.13e-13	4.04e-07	1.00e+00	1.01e-04	0.00e+00
 2.22745e+12	1.63e-36	7.38e-28	4.00e-20	3.67e-13	4.40e-07	1.00e+00	9.31e-05	0.00e+00
 2.31838e+12	0.00e+00	9.36e-28	4.83e-20	4.19e-13	4.72e-07	1.00e+00	8.67e-05	0.00e+00
 2.41572e+12	2.93e-36	1.20e-27	5.85e-20	4.81e-13	5.08e-07	1.00e+00	8.07e-05	0.00e+00
 2.53512e+12	0.00e+00	1.60e-27	7.36e-20	5.66e-13	5.54e-07	1.00e+00	7.40e-05	0.00e+00
 2.65726e+12	5.90e-36	2.13e-27	9.23e-20	6.65e-13	6.03e-07	1.00e+00	6.80e-05	0.00e+00
 2.76843e+12	8.02e-36	2.75e-27	1.12e-19	7.65e-13	6.49e-07	1.00e+00	6.31e-05	0.00e+00
 2.87383e+12	1.06e-35	3.46e-27	1.35e-19	8.69e-13	6.95e-07	1.00e+00	5.90e-05	0.00e+00
 2.99342e+12	1.45e-35	4.46e-27	1.64e-19	1.00e-12	7.48e-07	1.00e+00	5.48e-05	0.00e+00
 3.12719e+12	2.02e-35	5.87e-27	2.04e-19	1.17e-12	8.12e-07	1.00e+00	5.06e-05	0.00e+00
 3.25338e+12	2.73e-35	7.54e-27	2.48e-19	1.34e-12	8.73e-07	1.00e+00	4.70e-05	0.00e+00
 3.39141e+12	3.78e-35	9.82e-27	3.05e-19	1.55e-12	9.43e-07	1.00e+00	4.36e-05	0.00e+00
 3.54412e+12	5.33e-35	1.30e-26	3.81e-19	1.81e-12	1.02e-06	1.00e+00	4.01e-05	0.00e+00
 3.68621e+12	7.27e-35	1.68e-26	4.64e-19	2.08e-12	1.10e-06	1.00e+00	3.73e-05	0.00e+00
 3.84122e+12	1.01e-34	2.20e-26	5.71e-19	2.41e-12	1.19e-06	1.00e+00	3.46e-05	0.00e+00
 4.01428e+12	1.43e-34	2.93e-26	7.16e-19	2.82e-12	1.29e-06	1.00e+00	3.18e-05	0.00e+00
 4.17752e+12	1.98e-34	3.81e-26	8.78e-19	3.26e-12	1.40e-06	1.00e+00	2.96e-05	0.00e+00
 4.35538e+12	2.77e-34	5.02e-26	1.09e-18	3.78e-12	1.51e-06	1.00e+00	2.74e-05	0.00e+00
 4.55402e+12	3.99e-34	6.77e-26	1.37e-18	4.45e-12	1.64e-06	1.00e+00	2.52e-05	0.00e+00
 4.74266e+12	5.58e-34	8.88e-26	1.69e-18	5.15e-12	1.77e-06	1.00e+00	2.33e-05	0.00e+00
 4.94433e+12	7.88e-34	1.18e-25	2.10e-18	5.99e-12	1.92e-06	1.00e+00	2.16e-05	0.00e+00
 5.17203e+12	1.15e-33	1.60e-25	2.67e-18	7.07e-12	2.09e-06	1.00e+00	1.98e-05	0.00e+00
 5.39782e+12	1.64e-33	2.14e-25	3.34e-18	8.25e-12	2.27e-06	1.00e+00	1.83e-05	0.00e+00
 5.63264e+12	2.36e-33	2.87e-25	4.18e-18	9.65e-12	2.46e-06	1.00e+00	1.69e-05	0.00e+00
 5.88788e+12	3.43e-33	3.89e-25	5.30e-18	1.14e-11	2.67e-06	1.00e+00	1.55e-05	0.00e+00
 6.15332e+12	5.00e-33	5.29e-25	6.70e-18	1.34e-11	2.91e-06	1.00e+00	1.43e-05	0.00e+00
 6.42938e+12	7.30e-33	7.19e-25	8.49e-18	1.57e-11	3.16e-06	1.00e+00	1.31e-05	0.00e+00
 6.69940e+12	1.04e-32	9.59e-25	1.06e-17	1.83e-11	3.43e-06	1.00e+00	1.21e-05	0.00e+00
 6.95734e+12	1.45e-32	1.25e-24	1.30e-17	2.11e-11	3.68e-06	1.00e+00	1.13e-05	0.00e+00
 7.24268e+12	2.05e-32	1.66e-24	1.62e-17	2.45e-11	3.98e-06	1.00e+00	1.04e-05	0.00e+00
 7.55093e+12	2.94e-32	2.23e-24	2.03e-17	2.87e-11	4.32e-06	1.00e+00	9.63e-06	0.00e+00
 7.82030e+12	4.00e-32	2.86e-24	2.45e-17	3.27e-11	4.62e-06	1.00e+00	9.00e-06	0.00e+00
 8.05003e+12	5.15e-32	3.51e-24	2.87e-17	3.65e-11	4.89e-06	1.00e+00	8.51e-06	0.00e+00
 8.30749e+12	6.80e-32	4.40e-24	3.41e-17	4.10e-11	5.20e-06	1.00e+00	8.01e-06	0.00e+00
 8.63703e+12	9.54e-32	5.79e-24	4.23e-17	4.76e-11	5.61e-06	1.00e+00	7.42e-06	0.00e+00
 8.98892e+12	1.36e-31	7.71e-24	5.27e-17	5.54e-11	6.07e-06	1.00e+00	6.86e-06	0.00e+00
 9.30471e+12	1.83e-31	9.85e-24	6.37e-17	6.32e-11	6.51e-06	1.00e+00	6.40e-06	0.00e+00
 9.59428e+12	2.40e-31	1.23e-23	7.55e-17	7.11e-11	6.92e-06	1.00e+00	6.02e-06	0.00e+00
 9.92005e+12	3.23e-31	1.56e-23	9.08e-17	8.08e-11	7.39e-06	1.00e+00	5.64e-06	0.00e+00
 1.03212e+13	4.57e-31	2.07e-23	1.13e-16	9.41e-11	8.01e-06	1.00e+00	5.21e-06	0.00e+00
 1.07225e+13	6.40e-31	2.73e-23	1.40e-16	1.09e-10	8.65e-06	1.00e+00	4.83e-06	0.00e+00
 1.10674e+13	8.47e-31	3.43e-23	1.67e-16	1.23e-10	9.21e-06	1.00e+00	4.53e-06	0.00e+00
 1.14370e+13	1.13e-30	4.35e-23	2.00e-16	1.40e-10	9.84e-06	1.00e+00	4.24e-06	0.00e+00
 1.18937e+13	1.61e-30	5.77e-23	2.50e-16	1.63e-10	1.06e-05	1.00e+00	3.92e-06	0.00e+00
 1.23563e+13	2.26e-30	7.61e-23	3.09e-16	1.89e-10	1.15e-05	1.00e+00	3.63e-06	0.00e+00
 1.27645e+13	3.02e-30	9.65e-23	3.71e-16	2.14e-10	1.23e-05	1.00e+00	3.40e-06	0.00e+00
 1.32096e+13	4.12e-30	1.24e-22	4.50e-16	2.44e-10	1.31e-05	1.00e+00	3.18e-06	0.00e+00
 1.37454e+13	5.89e-30	1.66e-22	5.63e-16	2.85e-10	1.43e-05	1.00e+00	2.93e-06	0.00e+00
 1.42821e+13	8.33e-30	2.20e-22	6.99e-16	3.31e-10	1.54e-05	1.00e+00	2.72e-06	0.00e+00
 1.47730e+13	1.13e-29	2.82e-22	8.47e-16	3.77e-10	1.65e-05	1.00e+00	2.54e-06	0.00e+00
 1.53214e+13	1.58e-29	3.69e-22	1.04e-15	4.35e-10	1.77e-05	1.00e+00	2.36e-06	0.00e+00
 1.59589e+13	2.29e-29	4.99e-22	1.31e-15	5.10e-10	1.92e-05	1.00e+00	2.17e-06	0.00e+00
 1.65888e+13	3.28e-29	6.67e-22	1.64e-15	5.92e-10	2.08e-05	1.00e+00	2.01e-06	0.00e+00
 1.72439e+13	4.68e-29	8.89e-22	2.04e-15	6.88e-10	2.24e-05	1.00e+00	1.86e-06	0.00e+00
 1.79636e+13	6.84e-29	1.21e-21	2.58e-15	8.08e-10	2.44e-05	1.00e+00	1.72e-06	0.00e+00
 1.86936e+13	9.90e-29	1.63e-21	3.24e-15	9.43e-10	2.64e-05	1.00e+00	1.59e-06	0.00e+00
 1.93912e+13	1.39e-28	2.15e-21	4.00e-15	1.09e-09	2.84e-05	1.00e+00	1.48e-06	0.00e+00
 2.01351e+13	1.98e-28	2.85e-21	4.96e-15	1.26e-09	3.06e-05	1.00e+00	1.37e-06	0.00e+00
 2.09534e+13	2.87e-28	3.85e-21	6.24e-15	1.47e-09	3.31e-05	1.00e+00	1.26e-06	0.00e+00
 2.16626e+13	3.93e-28	4.95e-21	7.56e-15	1.68e-09	3.54e-05	1.00e+00	1.18e-06	0.00e+00
 2.22370e+13	5.03e-28	6.04e-21	8.79e-15	1.86e-09	3.73e-05	1.00e+00	1.12e-06	0.00e+00
 2.28673e+13	6.54e-28	7.47e-21	1.03e-14	2.07e-09	3.94e-05	1.00e+00	1.06e-06	0.00e+00
 2.36866e+13	9.09e-28	9.74e-21	1.27e-14	2.38e-09	4.23e-05	1.00e+00	9.89e-07	0.00e+00
 2.45747e+13	1.28e-27	1.29e-20	1.56e-14	2.75e-09	4.55e-05	1.00e+00	0.00e+00	0.00e+00
 2.53756e+13	1.74e-27	1.65e-20	1.88e-14	3.12e-09	4.85e-05	1.00e+00	0.00e+00	0.00e+00
 2.62403e+13	2.38e-27	2.12e-20	2.28e-14	3.55e-09	5.19e-05	1.00e+00	0.00e+00	0.00e+00
 2.72785e+13	3.43e-27	2.85e-20	2.86e-14	4.14e-09	5.61e-05	1.00e+00	0.00e+00	0.00e+00
 2.83187e+13	4.86e-27	3.78e-20	3.55e-14	4.80e-09	6.06e-05	1.00e+00	0.00e+00	0.00e+00
 2.92746e+13	6.65e-27	4.86e-20	4.31e-14	5.47e-09	6.48e-05	1.00e+00	0.00e+00	0.00e+00
 3.03449e+13	9.31e-27	6.38e-20	5.31e-14	6.30e-09	6.97e-05	1.00e+00	0.00e+00	0.00e+00
 3.14996e+13	1.32e-26	8.48e-20	6.59e-14	7.31e-09	7.52e-05	1.00e+00	0.00e+00	0.00e+00
 3.25251e+13	1.79e-26	1.08e-19	7.95e-14	8.30e-09	8.02e-05	1.00e+00	0.00e+00	0.00e+00
 3.36191e+13	2.43e-26	1.39e-19	9.62e-14	9.45e-09	8.58e-05	1.00e+00	0.00e+00	0.00e+00
 3.49371e+13	3.49e-26	1.86e-19	1.20e-13	1.10e-08	9.28e-05	1.00e+00	0.00e+00	0.00e+00
 3.62342e+13	4.89e-26	2.45e-19	1.49e-13	1.27e-08	1.00e-04	1.00e+00	0.00e+00	0.00e+00
 3.73760e+13	6.55e-26	3.10e-19	1.78e-13	1.44e-08	1.07e-04	1.00e+00	0.00e+00	0.00e+00
 3.86281e+13	8.93e-26	3.98e-19	2.16e-13	1.64e-08	1.14e-04	1.00e+00	0.00e+00	0.00e+00
 4.01375e+13	1.28e-25	5.32e-19	2.70e-13	1.91e-08	1.23e-04	1.00e+00	0.00e+00	0.00e+00
 4.16539e+13	1.81e-25	7.06e-19	3.35e-13	2.22e-08	1.33e-04	1.00e+00	0.00e+00	0.00e+00
 4.30273e+13	2.45e-25	9.03e-19	4.05e-13	2.52e-08	1.42e-04	1.00e+00	0.00e+00	0.00e+00
 4.45425e+13	3.40e-25	1.18e-18	4.95e-13	2.89e-08	1.53e-04	1.00e+00	0.00e+00	0.00e+00
 4.63218e+13	4.88e-25	1.58e-18	6.22e-13	3.38e-08	1.66e-04	1.00e+00	0.00e+00	0.00e+00
 4.80752e+13	6.95e-25	2.10e-18	7.73e-13	3.92e-08	1.79e-04	1.00e+00	0.00e+00	0.00e+00
 4.97143e+13	9.56e-25	2.72e-18	9.41e-13	4.48e-08	1.91e-04	1.00e+00	0.00e+00	0.00e+00
 5.15485e+13	1.35e-24	3.59e-18	1.16e-12	5.17e-08	2.06e-04	1.00e+00	0.00e+00	0.00e+00
 5.36404e+13	1.96e-24	4.86e-18	1.47e-12	6.05e-08	2.23e-04	1.00e+00	0.00e+00	0.00e+00
 5.57148e+13	2.81e-24	6.51e-18	1.83e-12	7.04e-08	2.41e-04	1.00e+00	0.00e+00	0.00e+00
 5.76454e+13	3.89e-24	8.46e-18	2.24e-12	8.05e-08	2.58e-04	1.00e+00	0.00e+00	0.00e+00
 5.97544e+13	5.47e-24	1.11e-17	2.76e-12	9.29e-08	2.78e-04	1.00e+00	0.00e+00	0.00e+00
 6.21745e+13	7.99e-24	1.51e-17	3.49e-12	1.09e-07	3.01e-04	1.00e+00	0.00e+00	0.00e+00
 6.44373e+13	1.13e-23	2.00e-17	4.30e-12	1.25e-07	3.24e-04	1.00e+00	0.00e+00	0.00e+00
 6.64485e+13	1.51e-23	2.53e-17	5.15e-12	1.42e-07	3.44e-04	1.00e+00	0.00e+00	0.00e+00
 6.83703e+13	1.99e-23	3.15e-17	6.09e-12	1.58e-07	3.65e-04	1.00e+00	0.00e+00	0.00e+00
 7.05314e+13	2.68e-23	4.01e-17	7.31e-12	1.79e-07	3.88e-04	1.00e+00	0.00e+00	0.00e+00
 7.29411e+13	3.71e-23	5.21e-17	8.91e-12	2.05e-07	4.16e-04	1.00e+00	0.00e+00	0.00e+00
 7.52033e+13	4.97e-23	6.60e-17	1.07e-11	2.31e-07	4.42e-04	1.00e+00	0.00e+00	0.00e+00
 7.76733e+13	6.80e-23	8.48e-17	1.29e-11	2.62e-07	4.71e-04	1.00e+00	0.00e+00	0.00e+00
 8.04509e+13	9.54e-23	1.11e-16	1.59e-11	3.02e-07	5.06e-04	9.99e-01	0.00e+00	0.00e+00
 8.30755e+13	1.30e-22	1.43e-16	1.91e-11	3.43e-07	5.39e-04	9.99e-01	0.00e+00	0.00e+00
 8.59346e+13	1.80e-22	1.86e-16	2.34e-11	3.92e-07	5.77e-04	9.99e-01	0.00e+00	0.00e+00
 8.90942e+13	2.57e-22	2.47e-16	2.89e-11	4.52e-07	6.21e-04	9.99e-01	0.00e+00	0.00e+00
 9.20082e+13	3.50e-22	3.17e-16	3.50e-11	5.14e-07	6.63e-04	9.99e-01	0.00e+00	0.00e+00
 9.51602e+13	4.87e-22	4.13e-16	4.27e-11	5.87e-07	7.08e-04	9.99e-01	0.00e+00	0.00e+00
 9.86937e+13	6.93e-22	5.49e-16	5.29e-11	6.79e-07	7.62e-04	9.99e-01	0.00e+00	0.00e+00
 1.02017e+14	9.57e-22	7.12e-16	6.44e-11	7.74e-07	8.15e-04	9.99e-01	0.00e+00	0.00e+00
 1.05632e+14	1.33e-21	9.31e-16	7.90e-11	8.89e-07	8.75e-04	9.99e-01	0.00e+00	0.00e+00
 1.09654e+14	1.93e-21	1.25e-15	9.86e-11	1.03e-06	9.42e-04	9.99e-01	0.00e+00	0.00e+00
 1.13410e+14	2.67e-21	1.63e-15	1.20e-10	1.18e-06	1.01e-03	9.99e-01	0.00e+00	0.00e+00
 1.17498e+14	3.76e-21	2.14e-15	1.48e-10	1.36e-06	1.08e-03	9.99e-01	0.00e+00	0.00e+00
 1.22080e+14	5.45e-21	2.89e-15	1.86e-10	1.58e-06	1.17e-03	9.99e-01	0.00e+00	0.00e+00
 1.26411e+14	7.62e-21	3.79e-15	2.29e-10	1.82e-06	1.26e-03	9.99e-01	0.00e+00	0.00e+00
 1.31054e+14	1.08e-20	5.01e-15	2.83e-10	2.10e-06	1.35e-03	9.99e-01	0.00e+00	0.00e+00
 1.36327e+14	1.58e-20	6.82e-15	3.58e-10	2.46e-06	1.47e-03	9.99e-01	0.00e+00	0.00e+00
 1.41490e+14	2.24e-20	9.07e-15	4.46e-10	2.86e-06	1.59e-03	9.98e-01	0.00e+00	0.00e+00
 1.46860e+14	3.21e-20	1.21e-14	5.55e-10	3.32e-06	1.71e-03	9.98e-01	0.00e+00	0.00e+00
 1.52764e+14	4.65e-20	1.64e-14	7.01e-10	3.89e-06	1.86e-03	9.98e-01	0.00e+00	0.00e+00
 1.58732e+14	6.65e-20	2.19e-14	8.79e-10	4.54e-06	2.02e-03	9.98e-01	0.00e+00	0.00e+00
 1.63745e+14	8.93e-20	2.79e-14	1.06e-09	5.15e-06	2.15e-03	9.98e-01	0.00e+00	0.00e+00
 1.67634e+14	1.11e-19	3.33e-14	1.21e-09	5.66e-06	2.26e-03	9.98e-01	0.00e+00	0.00e+00
 1.71851e+14	1.40e-19	4.02e-14	1.40e-09	6.25e-06	2.38e-03	9.98e-01	0.00e+00	0.00e+00
 1.77334e+14	1.87e-19	5.10e-14	1.69e-09	7.10e-06	2.55e-03	9.97e-01	0.00e+00	0.00e+00
 1.83287e+14	2.54e-19	6.55e-14	2.05e-09	8.12e-06	2.74e-03	9.97e-01	0.00e+00	0.00e+00
 1.88666e+14	3.29e-19	8.12e-14	2.43e-09	9.14e-06	2.91e-03	9.97e-01	0.00e+00	0.00e+00
 1.94474e+14	4.36e-19	1.02e-13	2.90e-09	1.03e-05	3.11e-03	9.97e-01	0.00e+00	0.00e+00
 2.01727e+14	6.06e-19	1.34e-13	3.60e-09	1.20e-05	3.37e-03	9.97e-01	0.00e+00	0.00e+00
 2.09026e+14	8.34e-19	1.75e-13	4.44e-09	1.39e-05	3.64e-03	9.96e-01	0.00e+00	0.00e+00
 2.15305e+14	1.09e-18	2.17e-13	5.28e-09	1.56e-05	3.88e-03	9.96e-01	0.00e+00	0.00e+00
 2.22088e+14	1.43e-18	2.73e-13	6.34e-09	1.78e-05	4.16e-03	9.96e-01	0.00e+00	0.00e+00
 2.30456e+14	1.98e-18	3.58e-13	7.87e-09	2.07e-05	4.52e-03	9.95e-01	0.00e+00	0.00e+00
 2.38913e+14	2.71e-18	4.66e-13	9.73e-09	2.39e-05	4.90e-03	9.95e-01	0.00e+00	0.00e+00
 2.46350e+14	3.54e-18	5.83e-13	1.16e-08	2.71e-05	5.24e-03	9.95e-01	0.00e+00	0.00e+00
 2.54432e+14	4.64e-18	7.33e-13	1.40e-08	3.10e-05	5.64e-03	9.94e-01	0.00e+00	0.00e+00
 2.64195e+14	6.44e-18	9.65e-13	1.75e-08	3.61e-05	6.14e-03	9.94e-01	0.00e+00	0.00e+00
 2.73918e+14	8.76e-18	1.25e-12	2.17e-08	4.19e-05	6.66e-03	9.93e-01	0.00e+00	0.00e+00
 2.82627e+14	1.14e-17	1.56e-12	2.60e-08	4.75e-05	7.15e-03	9.93e-01	0.00e+00	0.00e+00
 2.92244e+14	1.52e-17	1.99e-12	3.16e-08	5.45e-05	7.71e-03	9.92e-01	0.00e+00	0.00e+00
 3.03649e+14	2.09e-17	2.61e-12	3.96e-08	6.37e-05	8.41e-03	9.92e-01	0.00e+00	0.00e+00
 3.14941e+14	2.84e-17	3.39e-12	4.91e-08	7.40e-05	9.14e-03	9.91e-01	0.00e+00	0.00e+00
 3.25342e+14	3.72e-17	4.27e-12	5.94e-08	8.44e-05	9.85e-03	9.90e-01	0.00e+00	0.00e+00
 3.37020e+14	4.99e-17	5.49e-12	7.31e-08	9.75e-05	1.07e-02	9.89e-01	0.00e+00	0.00e+00
 3.50508e+14	6.91e-17	7.25e-12	9.22e-08	1.14e-04	1.17e-02	9.88e-01	0.00e+00	0.00e+00
 3.63714e+14	9.38e-17	9.43e-12	1.15e-07	1.33e-04	1.27e-02	9.87e-01	0.00e+00	0.00e+00
 3.77449e+14	1.27e-16	1.22e-11	1.43e-07	1.55e-04	1.38e-02	9.86e-01	0.00e+00	0.00e+00
 3.90090e+14	1.67e-16	1.55e-11	1.74e-07	1.77e-04	1.49e-02	9.85e-01	0.00e+00	0.00e+00
 3.99583e+14	1.97e-16	1.83e-11	2.00e-07	1.95e-04	1.57e-02	9.84e-01	0.00e+00	0.00e+00
 4.09400e+14	2.40e-16	2.18e-11	2.31e-07	2.15e-04	1.66e-02	9.83e-01	0.00e+00	0.00e+00
 4.22161e+14	3.10e-16	2.72e-11	2.78e-07	2.44e-04	1.79e-02	9.82e-01	0.00e+00	0.00e+00
 4.35853e+14	4.02e-16	3.41e-11	3.37e-07	2.78e-04	1.92e-02	9.80e-01	0.00e+00	0.00e+00
 4.48094e+14	5.01e-16	4.13e-11	3.96e-07	3.11e-04	2.05e-02	9.79e-01	0.00e+00	0.00e+00
 4.61348e+14	6.36e-16	5.09e-11	4.72e-07	3.50e-04	2.19e-02	9.78e-01	0.00e+00	0.00e+00
 4.78231e+14	8.59e-16	6.61e-11	5.89e-07	4.07e-04	2.38e-02	9.76e-01	0.00e+00	0.00e+00
 4.95213e+14	1.14e-15	8.46e-11	7.27e-07	4.69e-04	2.58e-02	9.74e-01	0.00e+00	0.00e+00
 5.09427e+14	1.42e-15	1.03e-10	8.60e-07	5.25e-04	2.75e-02	9.72e-01	0.00e+00	0.00e+00
 5.24663e+14	1.81e-15	1.27e-10	1.03e-06	5.92e-04	2.94e-02	9.70e-01	0.00e+00	0.00e+00
 5.43955e+14	2.45e-15	1.66e-10	1.29e-06	6.89e-04	3.19e-02	9.67e-01	0.00e+00	0.00e+00
 5.64037e+14	3.28e-15	2.14e-10	1.60e-06	7.99e-04	3.47e-02	9.65e-01	0.00e+00	0.00e+00
 5.81787e+14	4.17e-15	2.65e-10	1.93e-06	9.05e-04	3.72e-02	9.62e-01	0.00e+00	0.00e+00
 6.00990e+14	5.45e-15	3.36e-10	2.36e-06	1.03e-03	4.00e-02	9.59e-01	0.00e+00	0.00e+00
 6.22689e+14	7.39e-15	4.37e-10	2.94e-06	1.20e-03	4.34e-02	9.55e-01	0.00e+00	0.00e+00
 6.43299e+14	9.70e-15	5.55e-10	3.59e-06	1.37e-03	4.67e-02	9.52e-01	0.00e+00	0.00e+00
 6.65756e+14	1.30e-14	7.16e-10	4.45e-06	1.58e-03	5.05e-02	9.48e-01	0.00e+00	0.00e+00
 6.90592e+14	1.78e-14	9.39e-10	5.58e-06	1.84e-03	5.49e-02	9.43e-01	0.00e+00	0.00e+00
 7.13665e+14	2.34e-14	1.19e-09	6.82e-06	2.10e-03	5.90e-02	9.39e-01	0.00e+00	0.00e+00
 7.38804e+14	3.16e-14	1.55e-09	8.48e-06	2.43e-03	6.38e-02	9.34e-01	0.00e+00	0.00e+00
 7.66804e+14	4.38e-14	2.06e-09	1.07e-05	2.85e-03	6.95e-02	9.28e-01	0.00e+00	0.00e+00
 7.92962e+14	5.81e-14	2.63e-09	1.32e-05	3.26e-03	7.49e-02	9.22e-01	0.00e+00	0.00e+00
 8.14618e+14	7.32e-14	3.22e-09	1.57e-05	3.66e-03	7.96e-02	9.17e-01	0.00e+00	0.00e+00
 8.32695e+14	8.84e-14	3.80e-09	1.80e-05	4.01e-03	8.36e-02	9.12e-01	0.00e+00	0.00e+00
 8.52913e+14	1.09e-13	4.57e-09	2.10e-05	4.44e-03	8.83e-02	9.07e-01	0.00e+00	0.00e+00
 8.79195e+14	1.44e-13	5.79e-09	2.56e-05	5.06e-03	9.45e-02	9.00e-01	0.00e+00	0.00e+00
 9.06619e+14	1.88e-13	7.30e-09	3.11e-05	5.77e-03	1.01e-01	8.93e-01	0.00e+00	0.00e+00
 9.29900e+14	2.34e-13	8.81e-09	3.65e-05	6.41e-03	1.07e-01	8.87e-01	0.00e+00	0.00e+00
 9.54539e+14	2.96e-13	1.08e-08	4.33e-05	7.17e-03	1.14e-01	8.79e-01	0.00e+00	0.00e+00
 9.86569e+14	3.99e-13	1.40e-08	5.37e-05	8.28e-03	1.22e-01	8.69e-01	0.00e+00	0.00e+00
 1.01909e+15	5.29e-13	1.79e-08	6.64e-05	9.53e-03	1.32e-01	8.59e-01	0.00e+00	0.00e+00
 1.04540e+15	6.63e-13	2.19e-08	7.87e-05	1.07e-02	1.39e-01	8.50e-01	0.00e+00	0.00e+00
 1.07277e+15	8.43e-13	2.70e-08	9.37e-05	1.20e-02	1.48e-01	8.40e-01	0.00e+00	0.00e+00
 1.10834e+15	1.15e-12	3.53e-08	1.17e-04	1.39e-02	1.59e-01	8.27e-01	0.00e+00	0.00e+00
 1.14469e+15	1.52e-12	4.51e-08	1.45e-04	1.60e-02	1.71e-01	8.13e-01	0.00e+00	0.00e+00
 1.17473e+15	1.93e-12	5.57e-08	1.74e-04	1.80e-02	1.81e-01	8.01e-01	0.00e+00	0.00e+00
 1.20645e+15	2.51e-12	6.97e-08	2.10e-04	2.04e-02	1.92e-01	7.87e-01	0.00e+00	0.00e+00
 1.24183e+15	3.27e-12	8.79e-08	2.56e-04	2.32e-02	2.05e-01	7.72e-01	0.00e+00	0.00e+00
 1.27513e+15	4.19e-12	1.09e-07	3.09e-04	2.63e-02	2.17e-01	7.56e-01	0.00e+00	0.00e+00
 1.30661e+15	5.33e-12	1.35e-07	3.70e-04	2.96e-02	2.30e-01	7.40e-01	0.00e+00	0.00e+00
 1.33756e+15	6.71e-12	1.65e-07	4.40e-04	3.32e-02	2.42e-01	7.25e-01	0.00e+00	0.00e+00
 1.37283e+15	8.76e-12	2.07e-07	5.36e-04	3.77e-02	2.56e-01	7.06e-01	0.00e+00	0.00e+00
 1.41059e+15	1.15e-11	2.64e-07	6.62e-04	4.32e-02	2.72e-01	6.84e-01	0.00e+00	0.00e+00
 1.44357e+15	1.46e-11	3.24e-07	7.91e-04	4.85e-02	2.86e-01	6.65e-01	0.00e+00	0.00e+00
 1.47844e+15	1.89e-11	4.07e-07	9.61e-04	5.50e-02	3.01e-01	6.43e-01	0.00e+00	0.00e+00
 1.51642e+15	2.50e-11	5.20e-07	1.19e-03	6.29e-02	3.18e-01	6.18e-01	0.00e+00	0.00e+00
 1.54882e+15	3.13e-11	6.34e-07	1.42e-03	7.04e-02	3.32e-01	5.97e-01	0.00e+00	0.00e+00
 1.57686e+15	3.86e-11	7.60e-07	1.66e-03	7.76e-02	3.44e-01	5.77e-01	0.00e+00	0.00e+00
 1.60888e+15	4.93e-11	9.37e-07	1.99e-03	8.70e-02	3.58e-01	5.53e-01	0.00e+00	0.00e+00
 1.64347e+15	6.47e-11	1.18e-06	2.42e-03	9.83e-02	3.73e-01	5.27e-01	0.00e+00	0.00e+00
 1.67399e+15	8.05e-11	1.43e-06	2.87e-03	1.09e-01	3.85e-01	5.03e-01	0.00e+00	0.00e+00
 1.70626e+15	1.07e-10	1.82e-06	3.50e-03	1.23e-01	3.99e-01	4.75e-01	0.00e+00	0.00e+00
 1.73982e+15	1.40e-10	2.29e-06	4.26e-03	1.38e-01	4.11e-01	4.46e-01	0.00e+00	0.00e+00
 1.76879e+15	1.76e-10	2.78e-06	5.07e-03	1.53e-01	4.21e-01	4.21e-01	0.00e+00	0.00e+00
 1.79362e+15	2.18e-10	3.33e-06	5.91e-03	1.68e-01	4.29e-01	3.98e-01	0.00e+00	0.00e+00
 1.81520e+15	2.65e-10	3.93e-06	6.78e-03	1.81e-01	4.34e-01	3.77e-01	0.00e+00	0.00e+00
 1.83915e+15	3.34e-10	4.76e-06	7.95e-03	1.98e-01	4.40e-01	3.53e-01	0.00e+00	0.00e+00
 1.86464e+15	4.35e-10	5.89e-06	9.43e-03	2.18e-01	4.45e-01	3.28e-01	0.00e+00	0.00e+00
 1.88615e+15	5.37e-10	7.02e-06	1.09e-02	2.36e-01	4.47e-01	3.06e-01	0.00e+00	0.00e+00
 1.90469e+15	6.42e-10	8.15e-06	1.24e-02	2.54e-01	4.47e-01	2.86e-01	0.00e+00	0.00e+00
 1.92180e+15	7.75e-10	9.49e-06	1.40e-02	2.71e-01	4.47e-01	2.68e-01	0.00e+00	0.00e+00
 1.93757e+15	9.28e-10	1.10e-05	1.58e-02	2.88e-01	4.45e-01	2.51e-01	0.00e+00	0.00e+00
 1.95261e+15	1.07e-09	1.24e-05	1.76e-02	3.06e-01	4.42e-01	2.34e-01	0.00e+00	0.00e+00
 1.96731e+15	1.36e-09	1.48e-05	1.98e-02	3.24e-01	4.38e-01	2.17e-01	0.00e+00	0.00e+00
 1.98129e+15	1.53e-09	1.65e-05	2.21e-02	3.43e-01	4.33e-01	2.02e-01	0.00e+00	0.00e+00
 1.99445e+15	1.94e-09	1.96e-05	2.47e-02	3.62e-01	4.27e-01	1.86e-01	0.00e+00	0.00e+00
 2.00686e+15	2.25e-09	2.22e-05	2.73e-02	3.81e-01	4.19e-01	1.72e-01	0.00e+00	0.00e+00
 2.01846e+15	2.56e-09	2.47e-05	3.01e-02	4.00e-01	4.11e-01	1.59e-01	0.00e+00	0.00e+00
 2.02971e+15	3.23e-09	2.92e-05	3.33e-02	4.20e-01	4.02e-01	1.45e-01	0.00e+00	0.00e+00
 2.04022e+15	3.71e-09	3.27e-05	3.65e-02	4.39e-01	3.91e-01	1.33e-01	0.00e+00	0.00e+00
 2.04990e+15	4.19e-09	3.61e-05	3.98e-02	4.58e-01	3.80e-01	1.22e-01	0.00e+00	0.00e+00
 2.05926e+15	4.88e-09	4.07e-05	4.34e-02	4.77e-01	3.68e-01	1.11e-01	0.00e+00	0.00e+00
 2.06823e+15	6.12e-09	4.76e-05	4.74e-02	4.97e-01	3.55e-01	9.98e-02	0.00e+00	0.00e+00
 2.07628e+15	6.93e-09	5.26e-05	5.12e-02	5.15e-01	3.43e-01	9.06e-02	0.00e+00	0.00e+00
 2.08359e+15	7.68e-09	5.72e-05	5.49e-02	5.33e-01	3.30e-01	8.22e-02	0.00e+00	0.00e+00
 2.09190e+15	8.95e-09	6.43e-05	5.96e-02	5.54e-01	3.14e-01	7.25e-02	0.00e+00	0.00e+00
 2.10030e+15	1.12e-08	7.53e-05	6.51e-02	5.77e-01	2.95e-01	6.28e-02	0.00e+00	0.00e+00
 2.10657e+15	1.30e-08	8.36e-05	6.94e-02	5.94e-01	2.81e-01	5.58e-02	0.00e+00	0.00e+00
 2.11139e+15	1.43e-08	8.98e-05	7.29e-02	6.08e-01	2.69e-01	5.06e-02	0.00e+00	0.00e+00
 2.11661e+15	1.55e-08	9.61e-05	7.70e-02	6.24e-01	2.54e-01	4.50e-02	0.00e+00	0.00e+00
 2.12242e+15	1.76e-08	1.06e-04	8.17e-02	6.41e-01	2.38e-01	3.89e-02	0.00e+00	0.00e+00
 2.12758e+15	2.00e-08	1.16e-04	8.63e-02	6.58e-01	2.22e-01	3.37e-02	0.00e+00	0.00e+00
 2.13177e+15	2.34e-08	1.28e-04	9.04e-02	6.71e-01	2.09e-01	2.95e-02	0.00e+00	0.00e+00
 2.13540e+15	2.54e-08	1.37e-04	9.39e-02	6.83e-01	1.96e-01	2.62e-02	0.00e+00	0.00e+00
 2.13938e+15	2.73e-08	1.44e-04	9.79e-02	6.97e-01	1.83e-01	2.26e-02	0.00e+00	0.00e+00
 2.14370e+15	3.04e-08	1.56e-04	1.02e-01	7.11e-01	1.67e-01	1.90e-02	0.00e+00	0.00e+00
 2.14739e+15	3.38e-08	1.68e-04	1.06e-01	7.24e-01	1.54e-01	1.61e-02	0.00e+00	0.00e+00
 2.15040e+15	3.79e-08	1.82e-04	1.10e-01	7.34e-01	1.42e-01	1.38e-02	0.00e+00	0.00e+00
 2.15317e+15	3.97e-08	1.89e-04	1.13e-01	7.43e-01	1.32e-01	1.20e-02	0.00e+00	0.00e+00
 2.15632e+15	4.47e-08	2.04e-04	1.17e-01	7.53e-01	1.20e-01	9.89e-03	0.00e+00	0.00e+00
 2.15962e+15	4.87e-08	2.17e-04	1.21e-01	7.64e-01	1.07e-01	8.05e-03	0.00e+00	0.00e+00
 2.16244e+15	5.23e-08	2.29e-04	1.24e-01	7.72e-01	9.71e-02	6.65e-03	0.00e+00	0.00e+00
 2.16472e+15	5.55e-08	2.39e-04	1.26e-01	7.79e-01	8.90e-02	5.63e-03	0.00e+00	0.00e+00
 2.16668e+15	5.85e-08	2.48e-04	1.29e-01	7.84e-01	8.21e-02	4.83e-03	0.00e+00	0.00e+00
 2.16888e+15	6.21e-08	2.59e-04	1.32e-01	7.90e-01	7.45e-02	4.02e-03	0.00e+00	0.00e+00
 2.17133e+15	6.61e-08	2.70e-04	1.34e-01	7.96e-01	6.66e-02	3.25e-03	0.00e+00	0.00e+00
 2.17361e+15	7.00e-08	2.82e-04	1.37e-01	8.00e-01	5.97e-02	2.64e-03	0.00e+00	0.00e+00
 2.17610e+15	7.46e-08	2.95e-04	1.40e-01	8.05e-01	5.24e-02	2.07e-03	0.00e+00	0.00e+00
 2.17881e+15	7.96e-08	3.09e-04	1.43e-01	8.10e-01	4.54e-02	1.58e-03	0.00e+00	0.00e+00
 2.18133e+15	8.40e-08	3.21e-04	1.45e-01	8.14e-01	3.95e-02	1.21e-03	0.00e+00	0.00e+00
 2.18414e+15	8.96e-08	3.36e-04	1.48e-01	8.17e-01	3.36e-02	8.90e-04	0.00e+00	0.00e+00
 2.18730e+15	9.57e-08	3.52e-04	1.51e-01	8.20e-01	2.79e-02	6.25e-04	0.00e+00	0.00e+00
 2.19045e+15	1.02e-07	3.68e-04	1.54e-01	8.22e-01	2.30e-02	4.36e-04	0.00e+00	0.00e+00
 2.19406e+15	1.09e-07	3.86e-04	1.58e-01	8.23e-01	1.85e-02	2.85e-04	0.00e+00	0.00e+00
 2.19875e+15	1.18e-07	4.08e-04	1.61e-01	8.24e-01	1.39e-02	1.65e-04	0.00e+00	0.00e+00
 2.20485e+15	1.30e-07	4.36e-04	1.66e-01	8.24e-01	9.67e-03	8.19e-05	0.00e+00	0.00e+00
 2.21277e+15	1.45e-07	4.68e-04	1.71e-01	8.23e-01	6.19e-03	3.43e-05	0.00e+00	0.00e+00
 2.22308e+15	1.65e-07	5.08e-04	1.76e-01	8.19e-01	3.65e-03	1.21e-05	0.00e+00	0.00e+00
 2.23648e+15	1.91e-07	5.60e-04	1.83e-01	8.14e-01	1.99e-03	3.58e-06	0.00e+00	0.00e+00
 2.25389e+15	2.31e-07	6.31e-04	1.92e-01	8.07e-01	1.01e-03	9.20e-07	0.00e+00	0.00e+00
 2.27653e+15	2.95e-07	7.38e-04	2.04e-01	7.95e-01	4.85e-04	0.00e+00	0.00e+00	0.00e+00
 2.30050e+15	3.90e-07	8.81e-04	2.17e-01	7.82e-01	2.53e-04	0.00e+00	0.00e+00	0.00e+00
 2.32064e+15	5.01e-07	1.04e-03	2.31e-01	7.68e-01	1.57e-04	0.00e+00	0.00e+00	0.00e+00
 2.33798e+15	6.31e-07	1.21e-03	2.44e-01	7.55e-01	1.07e-04	0.00e+00	0.00e+00	0.00e+00
 2.35722e+15	8.30e-07	1.45e-03	2.60e-01	7.39e-01	7.05e-05	0.00e+00	0.00e+00	0.00e+00
 2.37762e+15	1.13e-06	1.79e-03	2.79e-01	7.19e-01	4.70e-05	0.00e+00	0.00e+00	0.00e+00
 2.39439e+15	1.49e-06	2.16e-03	2.98e-01	7.00e-01	3.42e-05	0.00e+00	0.00e+00	0.00e+00
 2.40802e+15	1.90e-06	2.55e-03	3.15e-01	6.82e-01	2.64e-05	0.00e+00	0.00e+00	0.00e+00
 2.42071e+15	2.42e-06	3.01e-03	3.33e-01	6.64e-01	2.08e-05	0.00e+00	0.00e+00	0.00e+00
 2.43527e+15	3.24e-06	3.70e-03	3.56e-01	6.40e-01	1.56e-05	0.00e+00	0.00e+00	0.00e+00
 2.45012e+15	4.46e-06	4.65e-03	3.82e-01	6.13e-01	1.17e-05	0.00e+00	0.00e+00	0.00e+00
 2.46157e+15	5.82e-06	5.61e-03	4.04e-01	5.90e-01	9.42e-06	0.00e+00	0.00e+00	0.00e+00
 2.46917e+15	7.02e-06	6.41e-03	4.21e-01	5.73e-01	8.13e-06	0.00e+00	0.00e+00	0.00e+00
 2.47428e+15	7.99e-06	7.04e-03	4.32e-01	5.61e-01	7.33e-06	0.00e+00	0.00e+00	0.00e+00
 2.47965e+15	9.23e-06	7.81e-03	4.45e-01	5.47e-01	6.52e-06	0.00e+00	0.00e+00	0.00e+00
 2.48663e+15	1.12e-05	8.97e-03	4.63e-01	5.28e-01	5.59e-06	0.00e+00	0.00e+00	0.00e+00
 2.49388e+15	1.38e-05	1.04e-02	4.82e-01	5.07e-01	4.76e-06	0.00e+00	0.00e+00	0.00e+00
 2.49972e+15	1.64e-05	1.18e-02	4.99e-01	4.89e-01	4.17e-06	0.00e+00	0.00e+00	0.00e+00
 2.50463e+15	1.92e-05	1.32e-02	5.13e-01	4.73e-01	3.71e-06	0.00e+00	0.00e+00	0.00e+00
 2.51006e+15	2.30e-05	1.51e-02	5.30e-01	4.55e-01	3.23e-06	0.00e+00	0.00e+00	0.00e+00
 2.51595e+15	2.82e-05	1.75e-02	5.49e-01	4.33e-01	2.77e-06	0.00e+00	0.00e+00	0.00e+00
 2.52104e+15	3.37e-05	1.99e-02	5.66e-01	4.14e-01	2.42e-06	0.00e+00	0.00e+00	0.00e+00
 2.52490e+15	3.90e-05	2.20e-02	5.79e-01	3.99e-01	2.18e-06	0.00e+00	0.00e+00	0.00e+00
 2.52791e+15	4.37e-05	2.39e-02	5.89e-01	3.87e-01	2.00e-06	0.00e+00	0.00e+00	0.00e+00
 2.53118e+15	4.99e-05	2.63e-02	6.01e-01	3.73e-01	1.80e-06	0.00e+00	0.00e+00	0.00e+00
 2.53483e+15	5.79e-05	2.93e-02	6.14e-01	3.57e-01	1.61e-06	0.00e+00	0.00e+00	0.00e+00
 2.53816e+15	6.65e-05	3.24e-02	6.26e-01	3.42e-01	1.45e-06	0.00e+00	0.00e+00	0.00e+00
 2.54113e+15	7.58e-05	3.55e-02	6.36e-01	3.28e-01	1.31e-06	0.00e+00	0.00e+00	0.00e+00
 2.54396e+15	8.59e-05	3.89e-02	6.46e-01	3.15e-01	1.18e-06	0.00e+00	0.00e+00	0.00e+00
 2.54719e+15	1.00e-04	4.34e-02	6.57e-01	2.99e-01	1.05e-06	0.00e+00	0.00e+00	0.00e+00
 2.55053e+15	1.17e-04	4.86e-02	6.69e-01	2.83e-01	9.25e-07	0.00e+00	0.00e+00	0.00e+00
 2.55325e+15	1.34e-04	5.34e-02	6.77e-01	2.69e-01	0.00e+00	0.00e+00	0.00e+00	0.00e+00
 2.55557e+15	1.51e-04	5.81e-02	6.84e-01	2.57e-01	0.00e+00	0.00e+00	0.00e+00	0.00e+00
 2.55817e+15	1.74e-04	6.41e-02	6.92e-01	2.43e-01	0.00e+00	0.00e+00	0.00e+00	0.00e+00
 2.56097e+15	2.02e-04	7.14e-02	7.00e-01	2.29e-01	0.00e+00	0.00e+00	0.00e+00	0.00e+00
 2.56340e+15	2.32e-04	7.85e-02	7.06e-01	2.16e-01	0.00e+00	0.00e+00	0.00e+00	0.00e+00
 2.56552e+15	2.62e-04	8.56e-02	7.10e-01	2.04e-01	0.00e+00	0.00e+00	0.00e+00	0.00e+00
 2.56789e+15	3.02e-04	9.45e-02	7.14e-01	1.91e-01	0.00e+00	0.00e+00	0.00e+00	0.00e+00
 2.57041e+15	3.52e-04	1.05e-01	7.17e-01	1.77e-01	0.00e+00	0.00e+00	0.00e+00	0.00e+00
 2.57257e+15	4.04e-04	1.16e-01	7.19e-01	1.65e-01	0.00e+00	0.00e+00	0.00e+00	0.00e+00
 2.57445e+15	4.56e-04	1.26e-01	7.19e-01	1.55e-01	0.00e+00	0.00e+00	0.00e+00	0.00e+00
 2.57652e+15	5.26e-04	1.39e-01	7.17e-01	1.43e-01	0.00e+00	0.00e+00	0.00e+00	0.00e+00
 2.57875e+15	6.13e-04	1.54e-01	7.14e-01	1.31e-01	0.00e+00	0.00e+00	0.00e+00	0.00e+00
 2.58069e+15	7.02e-04	1.69e-01	7.10e-01	1.21e-01	0.00e+00	0.00e+00	0.00e+00	0.00e+00
 2.58240e+15	7.97e-04	1.84e-01	7.04e-01	1.11e-01	0.00e+00	0.00e+00	0.00e+00	0.00e+00
 2.58433e+15	9.23e-04	2.03e-01	6.95e-01	1.01e-01	0.00e+00	0.00e+00	0.00e+00	0.00e+00
 2.58640e+15	1.08e-03	2.26e-01	6.83e-01	8.98e-02	0.00e+00	0.00e+00	0.00e+00	0.00e+00
 2.58819e+15	1.25e-03	2.48e-01	6.70e-01	8.06e-02	0.00e+00	0.00e+00	0.00e+00	0.00e+00
 2.58983e+15	1.42e-03	2.71e-01	6.55e-01	7.23e-02	0.00e+00	0.00e+00	0.00e+00	0.00e+00
 2.59170e+15	1.67e-03	3.01e-01	6.35e-01	6.30e-02	0.00e+00	0.00e+00	0.00e+00	0.00e+00
 2.59372e+15	1.99e-03	3.36e-01	6.09e-01	5.35e-02	0.00e+00	0.00e+00	0.00e+00	0.00e+00
 2.59554e+15	2.33e-03	3.71e-01	5.81e-01	4.55e-02	0.00e+00	0.00e+00	0.00e+00	0.00e+00
 2.59747e+15	2.79e-03	4.14e-01	5.46e-01	3.72e-02	0.00e+00	0.00e+00	0.00e+00	0.00e+00
 2.59951e+15	3.35e-03	4.64e-01	5.04e-01	2.94e-02	0.00e+00	0.00e+00	0.00e+00	0.00e+00
 2.60119e+15	3.93e-03	5.08e-01	4.65e-01	2.37e-02	0.00e+00	0.00e+00	0.00e+00	0.00e+00
 2.60258e+15	4.49e-03	5.47e-01	4.29e-01	1.93e-02	0.00e+00	0.00e+00	0.00e+00	0.00e+00
 2.60409e+15	5.20e-03	5.93e-01	3.87e-01	1.50e-02	0.00e+00	0.00e+00	0.00e+00	0.00e+00
 2.60569e+15	6.06e-03	6.42e-01	3.41e-01	1.12e-02	0.00e+00	0.00e+00	0.00e+00	0.00e+00
 2.60703e+15	6.90e-03	6.84e-01	3.01e-01	8.45e-03	0.00e+00	0.00e+00	0.00e+00	0.00e+00
 2.60814e+15	7.69e-03	7.19e-01	2.67e-01	6.55e-03	0.00e+00	0.00e+00	0.00e+00	0.00e+00
 2.60934e+15	8.69e-03	7.57e-01	2.30e-01	4.78e-03	0.00e+00	0.00e+00	0.00e+00	0.00e+00
 2.61062e+15	9.85e-03	7.94e-01	1.93e-01	3.33e-03	0.00e+00	0.00e+00	0.00e+00	0.00e+00
 2.61170e+15	1.10e-02	8.24e-01	1.62e-01	2.36e-03	0.00e+00	0.00e+00	0.00e+00	0.00e+00
 2.61261e+15	1.20e-02	8.47e-01	1.39e-01	1.74e-03	0.00e+00	0.00e+00	0.00e+00	0.00e+00
 2.61359e+15	1.32e-02	8.71e-01	1.15e-01	1.19e-03	0.00e+00	0.00e+00	0.00e+00	0.00e+00
 2.61463e+15	1.47e-02	8.92e-01	9.20e-02	7.82e-04	0.00e+00	0.00e+00	0.00e+00	0.00e+00
 2.61549e+15	1.60e-02	9.08e-01	7.54e-02	5.35e-04	0.00e+00	0.00e+00	0.00e+00	0.00e+00
 2.61622e+15	1.73e-02	9.20e-01	6.27e-02	3.78e-04	0.00e+00	0.00e+00	0.00e+00	0.00e+00
 2.61692e+15	1.86e-02	9.29e-01	5.20e-02	2.65e-04	0.00e+00	0.00e+00	0.00e+00	0.00e+00
 2.61760e+15	2.01e-02	9.37e-01	4.27e-02	1.83e-04	0.00e+00	0.00e+00	0.00e+00	0.00e+00
 2.61827e+15	2.16e-02	9.43e-01	3.48e-02	1.25e-04	0.00e+00	0.00e+00	0.00e+00	0.00e+00
 2.61888e+15	2.30e-02	9.48e-01	2.86e-02	8.64e-05	0.00e+00	0.00e+00	0.00e+00	0.00e+00
 2.61947e+15	2.46e-02	9.52e-01	2.34e-02	5.95e-05	0.00e+00	0.00e+00	0.00e+00	0.00e+00
 2.62002e+15	2.62e-02	9.55e-01	1.92e-02	4.12e-05	0.00e+00	0.00e+00	0.00e+00	0.00e+00
 2.62055e+15	2.79e-02	9.56e-01	1.57e-02	2.84e-05	0.00e+00	0.00e+00	0.00e+00	0.00e+00
 2.62106e+15	2.96e-02	9.58e-01	1.29e-02	1.96e-05	0.00e+00	0.00e+00	0.00e+00	0.00e+00
 2.62155e+15	3.14e-02	9.58e-01	1.05e-02	1.35e-05	0.00e+00	0.00e+00	0.00e+00	0.00e+00
 2.62201e+15	3.31e-02	9.58e-01	8.66e-03	9.34e-06	0.00e+00	0.00e+00	0.00e+00	0.00e+00
 2.62245e+15	3.50e-02	9.58e-01	7.12e-03	6.48e-06	0.00e+00	0.00e+00	0.00e+00	0.00e+00
 2.62287e+15	3.69e-02	9.57e-01	5.85e-03	4.49e-06	0.00e+00	0.00e+00	0.00e+00	0.00e+00
 2.62327e+15	3.88e-02	9.56e-01	4.85e-03	3.17e-06	0.00e+00	0.00e+00	0.00e+00	0.00e+00
 2.62364e+15	4.06e-02	9.55e-01	4.06e-03	2.26e-06	0.00e+00	0.00e+00	0.00e+00	0.00e+00
 2.62397e+15	4.24e-02	9.54e-01	3.43e-03	1.65e-06	0.00e+00	0.00e+00	0.00e+00	0.00e+00
 2.62422e+15	4.33e-02	9.54e-01	3.04e-03	1.32e-06	0.00e+00	0.00e+00	0.00e+00	0.00e+00
 2.62439e+15	4.44e-02	9.53e-01	2.79e-03	1.12e-06	0.00e+00	0.00e+00	0.00e+00	0.00e+00
 2.62455e+15	4.54e-02	9.52e-01	2.55e-03	9.48e-07	0.00e+00	0.00e+00	0.00e+00	0.00e+00
 2.62474e+15	4.66e-02	9.51e-01	2.30e-03	0.00e+00	0.00e+00	0.00e+00	0.00e+00	0.00e+00
 2.62493e+15	4.79e-02	9.50e-01	2.07e-03	0.00e+00	0.00e+00	0.00e+00	0.00e+00	0.00e+00
 2.62512e+15	4.90e-02	9.49e-01	1.87e-03	0.00e+00	0.00e+00	0.00e+00	0.00e+00	0.00e+00
 2.62530e+15	5.02e-02	9.48e-01	1.69e-03	0.00e+00	0.00e+00	0.00e+00	0.00e+00	0.00e+00
 2.62548e+15	5.14e-02	9.47e-01	1.53e-03	0.00e+00	0.00e+00	0.00e+00	0.00e+00	0.00e+00
 2.62565e+15	5.26e-02	9.46e-01	1.38e-03	0.00e+00	0.00e+00	0.00e+00	0.00e+00	0.00e+00
 2.62583e+15	5.39e-02	9.45e-01	1.25e-03	0.00e+00	0.00e+00	0.00e+00	0.00e+00	0.00e+00
 2.62600e+15	5.53e-02	9.44e-01	1.12e-03	0.00e+00	0.00e+00	0.00e+00	0.00e+00	0.00e+00
 2.62617e+15	5.66e-02	9.42e-01	1.01e-03	0.00e+00	0.00e+00	0.00e+00	0.00e+00	0.00e+00
 2.62634e+15	5.79e-02	9.41e-01	9.15e-04	0.00e+00	0.00e+00	0.00e+00	0.00e+00	0.00e+00
 2.62650e+15	5.92e-02	9.40e-01	8.27e-04	0.00e+00	0.00e+00	0.00e+00	0.00e+00	0.00e+00
 2.62666e+15	6.06e-02	9.39e-01	7.45e-04	0.00e+00	0.00e+00	0.00e+00	0.00e+00	0.00e+00
 2.62683e+15	6.20e-02	9.37e-01	6.72e-04	0.00e+00	0.00e+00	0.00e+00	0.00e+00	0.00e+00
 2.62699e+15	6.36e-02	9.36e-01	6.06e-04	0.00e+00	0.00e+00	0.00e+00	0.00e+00	0.00e+00
 2.62715e+15	6.51e-02	9.34e-01	5.45e-04	0.00e+00	0.00e+00	0.00e+00	0.00e+00	0.00e+00
 2.62730e+15	6.67e-02	9.33e-01	4.92e-04	0.00e+00	0.00e+00	0.00e+00	0.00e+00	0.00e+00
 2.62745e+15	6.82e-02	9.31e-01	4.45e-04	0.00e+00	0.00e+00	0.00e+00	0.00e+00	0.00e+00
 2.62761e+15	6.98e-02	9.30e-01	4.00e-04	0.00e+00	0.00e+00	0.00e+00	0.00e+00	0.00e+00
 2.62776e+15	7.16e-02	9.28e-01	3.60e-04	0.00e+00	0.00e+00	0.00e+00	0.00e+00	0.00e+00
 2.62791e+15	7.35e-02	9.26e-01	3.25e-04	0.00e+00	0.00e+00	0.00e+00	0.00e+00	0.00e+00
 2.62805e+15	7.53e-02	9.24e-01	2.93e-04	0.00e+00	0.00e+00	0.00e+00	0.00e+00	0.00e+00
 2.62820e+15	7.71e-02	9.23e-01	2.64e-04	0.00e+00	0.00e+00	0.00e+00	0.00e+00	0.00e+00
 2.62834e+15	7.90e-02	9.21e-01	2.39e-04	0.00e+00	0.00e+00	0.00e+00	0.00e+00	0.00e+00
 2.62848e+15	8.10e-02	9.19e-01	2.15e-04	0.00e+00	0.00e+00	0.00e+00	0.00e+00	0.00e+00
 2.62862e+15	8.33e-02	9.17e-01	1.94e-04	0.00e+00	0.00e+00	0.00e+00	0.00e+00	0.00e+00
 2.62876e+15	8.55e-02	9.14e-01	1.75e-04	0.00e+00	0.00e+00	0.00e+00	0.00e+00	0.00e+00
 2.62889e+15	8.76e-02	9.12e-01	1.58e-04	0.00e+00	0.00e+00	0.00e+00	0.00e+00	0.00e+00
 2.62902e+15	9.02e-02	9.10e-01	1.43e-04	0.00e+00	0.00e+00	0.00e+00	0.00e+00	0.00e+00
 2.62914e+15	9.26e-02	9.07e-01	1.30e-04	0.00e+00	0.00e+00	0.00e+00	0.00e+00	0.00e+00
 2.62926e+15	9.49e-02	9.05e-01	1.18e-04	0.00e+00	0.00e+00	0.00e+00	0.00e+00	0.00e+00
 2.62939e+15	9.77e-02	9.02e-01	1.07e-04	0.00e+00	0.00e+00	0.00e+00	0.00e+00	0.00e+00
 2.62951e+15	1.00e-01	8.99e-01	9.70e-05	0.00e+00	0.00e+00	0.00e+00	0.00e+00	0.00e+00
 2.62963e+15	1.03e-01	8.96e-01	8.77e-05	0.00e+00	0.00e+00	0.00e+00	0.00e+00	0.00e+00
 2.62976e+15	1.07e-01	8.93e-01	7.94e-05	0.00e+00	0.00e+00	0.00e+00	0.00e+00	0.00e+00
 2.62987e+15	1.10e-01	8.90e-01	7.22e-05	0.00e+00	0.00e+00	0.00e+00	0.00e+00	0.00e+00
 2.62998e+15	1.13e-01	8.87e-01	6.60e-05	0.00e+00	0.00e+00	0.00e+00	0.00e+00	0.00e+00
 2.63008e+15	1.16e-01	8.84e-01	6.03e-05	0.00e+00	0.00e+00	0.00e+00	0.00e+00	0.00e+00
 2.63019e+15	1.20e-01	8.80e-01	5.49e-05	0.00e+00	0.00e+00	0.00e+00	0.00e+00	0.00e+00
 2.63030e+15	1.23e-01	8.77e-01	5.01e-05	0.00e+00	0.00e+00	0.00e+00	0.00e+00	0.00e+00
 2.63041e+15	1.28e-01	8.72e-01	4.54e-05	0.00e+00	0.00e+00	0.00e+00	0.00e+00	0.00e+00
 2.63051e+15	1.32e-01	8.68e-01	4.14e-05	0.00e+00	0.00e+00	0.00e+00	0.00e+00	0.00e+00
 2.63061e+15	1.36e-01	8.64e-01	3.78e-05	0.00e+00	0.00e+00	0.00e+00	0.00e+00	0.00e+00
 2.63071e+15	1.40e-01	8.60e-01	3.46e-05	0.00e+00	0.00e+00	0.00e+00	0.00e+00	0.00e+00
 2.63082e+15	1.45e-01	8.55e-01	3.13e-05	0.00e+00	0.00e+00	0.00e+00	0.00e+00	0.00e+00
 2.63092e+15	1.51e-01	8.49e-01	2.85e-05	0.00e+00	0.00e+00	0.00e+00	0.00e+00	0.00e+00
 2.63102e+15	1.56e-01	8.44e-01	2.59e-05	0.00e+00	0.00e+00	0.00e+00	0.00e+00	0.00e+00
 2.63112e+15	1.62e-01	8.38e-01	2.36e-05	0.00e+00	0.00e+00	0.00e+00	0.00e+00	0.00e+00
 2.63121e+15	1.67e-01	8.33e-01	2.17e-05	0.00e+00	0.00e+00	0.00e+00	0.00e+00	0.00e+00
 2.63130e+15	1.73e-01	8.27e-01	1.99e-05	0.00e+00	0.00e+00	0.00e+00	0.00e+00	0.00e+00
 2.63139e+15	1.79e-01	8.21e-01	1.81e-05	0.00e+00	0.00e+00	0.00e+00	0.00e+00	0.00e+00
 2.63149e+15	1.87e-01	8.13e-01	1.63e-05	0.00e+00	0.00e+00	0.00e+00	0.00e+00	0.00e+00
 2.63159e+15	1.94e-01	8.06e-01	1.49e-05	0.00e+00	0.00e+00	0.00e+00	0.00e+00	0.00e+00
 2.63167e+15	2.01e-01	7.99e-01	1.37e-05	0.00e+00	0.00e+00	0.00e+00	0.00e+00	0.00e+00
 2.63176e+15	2.08e-01	7.91e-01	1.25e-05	0.00e+00	0.00e+00	0.00e+00	0.00e+00	0.00e+00
 2.63185e+15	2.16e-01	7.84e-01	1.13e-05	0.00e+00	0.00e+00	0.00e+00	0.00e+00	0.00e+00
 2.63194e+15	2.24e-01	7.76e-01	1.03e-05	0.00e+00	0.00e+00	0.00e+00	0.00e+00	0.00e+00
 2.63203e+15	2.33e-01	7.67e-01	9.41e-06	0.00e+00	0.00e+00	0.00e+00	0.00e+00	0.00e+00
 2.63211e+15	2.42e-01	7.58e-01	8.57e-06	0.00e+00	0.00e+00	0.00e+00	0.00e+00	0.00e+00
 2.63220e+15	2.51e-01	7.49e-01	7.79e-06	0.00e+00	0.00e+00	0.00e+00	0.00e+00	0.00e+00
 2.63229e+15	2.60e-01	7.40e-01	7.08e-06	0.00e+00	0.00e+00	0.00e+00	0.00e+00	0.00e+00
 2.63237e+15	2.70e-01	7.30e-01	6.44e-06	0.00e+00	0.00e+00	0.00e+00	0.00e+00	0.00e+00
 2.63246e+15	2.79e-01	7.21e-01	5.85e-06	0.00e+00	0.00e+00	0.00e+00	0.00e+00	0.00e+00
 2.63255e+15	2.89e-01	7.11e-01	5.31e-06	0.00e+00	0.00e+00	0.00e+00	0.00e+00	0.00e+00
 2.63263e+15	2.99e-01	7.01e-01	4.83e-06	0.00e+00	0.00e+00	0.00e+00	0.00e+00	0.00e+00
 2.63272e+15	3.10e-01	6.90e-01	4.38e-06	0.00e+00	0.00e+00	0.00e+00	0.00e+00	0.00e+00
 2.63280e+15	3.20e-01	6.80e-01	3.98e-06	0.00e+00	0.00e+00	0.00e+00	0.00e+00	0.00e+00
 2.63289e+15	3.30e-01	6.70e-01	3.61e-06	0.00e+00	0.00e+00	0.00e+00	0.00e+00	0.00e+00
 2.63297e+15	3.40e-01	6.60e-01	3.27e-06	0.00e+00	0.00e+00	0.00e+00	0.00e+00	0.00e+00
 2.63305e+15	3.50e-01	6.50e-01	2.97e-06	0.00e+00	0.00e+00	0.00e+00	0.00e+00	0.00e+00
 2.63314e+15	3.60e-01	6.40e-01	2.69e-06	0.00e+00	0.00e+00	0.00e+00	0.00e+00	0.00e+00
 2.63322e+15	3.70e-01	6.30e-01	2.44e-06	0.00e+00	0.00e+00	0.00e+00	0.00e+00	0.00e+00
 2.63331e+15	3.80e-01	6.20e-01	2.22e-06	0.00e+00	0.00e+00	0.00e+00	0.00e+00	0.00e+00
 2.63339e+15	3.89e-01	6.11e-01	2.01e-06	0.00e+00	0.00e+00	0.00e+00	0.00e+00	0.00e+00
 2.63348e+15	3.98e-01	6.02e-01	1.82e-06	0.00e+00	0.00e+00	0.00e+00	0.00e+00	0.00e+00
 2.63356e+15	4.07e-01	5.93e-01	1.66e-06	0.00e+00	0.00e+00	0.00e+00	0.00e+00	0.00e+00
 2.63365e+15	4.15e-01	5.85e-01	1.50e-06	0.00e+00	0.00e+00	0.00e+00	0.00e+00	0.00e+00
 2.63373e+15	4.23e-01	5.77e-01	1.37e-06	0.00e+00	0.00e+00	0.00e+00	0.00e+00	0.00e+00
 2.63382e+15	4.30e-01	5.70e-01	1.24e-06	0.00e+00	0.00e+00	0.00e+00	0.00e+00	0.00e+00
 2.63391e+15	4.37e-01	5.63e-01	1.13e-06	0.00e+00	0.00e+00	0.00e+00	0.00e+00	0.00e+00
 2.63400e+15	4.43e-01	5.57e-01	1.03e-06	0.00e+00	0.00e+00	0.00e+00	0.00e+00	0.00e+00
 2.63409e+15	4.49e-01	5.51e-01	9.34e-07	0.00e+00	0.00e+00	0.00e+00	0.00e+00	0.00e+00
 2.63418e+15	4.54e-01	5.46e-01	8.50e-07	0.00e+00	0.00e+00	0.00e+00	0.00e+00	0.00e+00
 2.63427e+15	4.59e-01	5.41e-01	7.74e-07	0.00e+00	0.00e+00	0.00e+00	0.00e+00	0.00e+00
 2.63436e+15	4.63e-01	5.37e-01	7.05e-07	0.00e+00	0.00e+00	0.00e+00	0.00e+00	0.00e+00
 2.63446e+15	4.68e-01	5.32e-01	6.42e-07	0.00e+00	0.00e+00	0.00e+00	0.00e+00	0.00e+00
 2.63456e+15	4.71e-01	5.29e-01	5.84e-07	0.00e+00	0.00e+00	0.00e+00	0.00e+00	0.00e+00
 2.63466e+15	4.75e-01	5.25e-01	5.31e-07	0.00e+00	0.00e+00	0.00e+00	0.00e+00	0.00e+00
 2.63476e+15	4.78e-01	5.22e-01	4.83e-07	0.00e+00	0.00e+00	0.00e+00	0.00e+00	0.00e+00
 2.63486e+15	4.81e-01	5.19e-01	4.39e-07	0.00e+00	0.00e+00	0.00e+00	0.00e+00	0.00e+00
 2.63497e+15	4.84e-01	5.16e-01	4.00e-07	0.00e+00	0.00e+00	0.00e+00	0.00e+00	0.00e+00
 2.63507e+15	4.87e-01	5.13e-01	3.66e-07	0.00e+00	0.00e+00	0.00e+00	0.00e+00	0.00e+00
 2.63518e+15	4.90e-01	5.10e-01	3.35e-07	0.00e+00	0.00e+00	0.00e+00	0.00e+00	0.00e+00
