#depth	C	C+	C+2	C+3	C+4	C+5	C+6	C[1]	C[2]	C[3]	C+[1]	C+[2]	CO
 1.49634e+10	0.00e+00	0.00e+00	1.05e-26	2.22e-16	1.55e-05	1.29e-01	8.71e-01	0.00e+00	0.00e+00	0.00e+00	0.00e+00	0.00e+00	0.00e+00
 4.54887e+10	0.00e+00	2.25e-37	1.41e-26	2.75e-16	1.78e-05	1.38e-01	8.62e-01	0.00e+00	0.00e+00	0.00e+00	0.00e+00	0.00e+00	0.00e+00
 7.72350e+10	0.00e+00	0.00e+00	1.91e-26	3.45e-16	2.06e-05	1.47e-01	8.53e-01	0.00e+00	0.00e+00	0.00e+00	0.00e+00	0.00e+00	0.00e+00
 1.10251e+11	0.00e+00	4.83e-37	2.59e-26	4.31e-16	2.39e-05	1.58e-01	8.42e-01	0.00e+00	0.00e+00	0.00e+00	0.00e+00	0.00e+00	0.00e+00
 1.44588e+11	0.00e+00	0.00e+00	3.50e-26	5.39e-16	2.76e-05	1.68e-01	8.32e-01	0.00e+00	0.00e+00	0.00e+00	0.00e+00	0.00e+00	0.00e+00
 1.76629e+11	0.00e+00	9.91e-37	4.58e-26	6.56e-16	3.13e-05	1.78e-01	8.22e-01	0.00e+00	0.00e+00	0.00e+00	0.00e+00	0.00e+00	0.00e+00
 2.04847e+11	0.00e+00	0.00e+00	5.77e-26	7.79e-16	3.49e-05	1.87e-01	8.13e-01	0.00e+00	0.00e+00	0.00e+00	0.00e+00	0.00e+00	0.00e+00
 2.36316e+11	0.00e+00	1.82e-36	7.41e-26	9.37e-16	3.94e-05	1.98e-01	8.02e-01	0.00e+00	0.00e+00	0.00e+00	0.00e+00	0.00e+00	0.00e+00
 2.74149e+11	5.64e-48	2.61e-36	9.86e-26	1.16e-15	4.51e-05	2.10e-01	7.90e-01	0.00e+00	0.00e+00	0.00e+00	0.00e+00	0.00e+00	0.00e+00
 3.12124e+11	0.00e+00	0.00e+00	1.30e-25	1.41e-15	5.12e-05	2.22e-01	7.78e-01	0.00e+00	0.00e+00	0.00e+00	0.00e+00	0.00e+00	0.00e+00
 3.46907e+11	0.00e+00	5.04e-36	1.66e-25	1.69e-15	5.74e-05	2.34e-01	7.66e-01	0.00e+00	0.00e+00	0.00e+00	0.00e+00	0.00e+00	0.00e+00
 3.85670e+11	1.87e-47	7.04e-36	2.16e-25	2.06e-15	6.51e-05	2.46e-01	7.53e-01	0.00e+00	0.00e+00	0.00e+00	0.00e+00	0.00e+00	0.00e+00
 4.30694e+11	0.00e+00	0.00e+00	2.89e-25	2.54e-15	7.44e-05	2.61e-01	7.39e-01	0.00e+00	0.00e+00	0.00e+00	0.00e+00	0.00e+00	2.85e-189
 4.74743e+11	0.00e+00	1.44e-35	3.80e-25	3.10e-15	8.44e-05	2.76e-01	7.24e-01	0.00e+00	0.00e+00	0.00e+00	0.00e+00	0.00e+00	5.79e-218
 5.16293e+11	6.56e-47	1.98e-35	4.88e-25	3.73e-15	9.47e-05	2.89e-01	7.10e-01	0.00e+00	0.00e+00	0.00e+00	0.00e+00	0.00e+00	0.00e+00
 5.62610e+11	0.00e+00	0.00e+00	6.39e-25	4.54e-15	1.07e-04	3.05e-01	6.95e-01	0.00e+00	0.00e+00	0.00e+00	0.00e+00	0.00e+00	8.03e-210
 6.15041e+11	0.00e+00	4.03e-35	8.53e-25	5.60e-15	1.22e-04	3.22e-01	6.78e-01	0.00e+00	0.00e+00	0.00e+00	0.00e+00	0.00e+00	0.00e+00
 6.67179e+11	2.38e-46	5.73e-35	1.12e-24	6.84e-15	1.39e-04	3.38e-01	6.62e-01	0.00e+00	0.00e+00	0.00e+00	0.00e+00	0.00e+00	0.00e+00
 7.21402e+11	0.00e+00	8.16e-35	1.48e-24	8.37e-15	1.57e-04	3.56e-01	6.44e-01	0.00e+00	0.00e+00	0.00e+00	0.00e+00	0.00e+00	1.47e-167
 7.80185e+11	5.71e-46	1.18e-34	1.98e-24	1.03e-14	1.79e-04	3.74e-01	6.26e-01	0.00e+00	0.00e+00	0.00e+00	0.00e+00	0.00e+00	3.22e-211
 8.41319e+11	0.00e+00	1.70e-34	2.63e-24	1.27e-14	2.03e-04	3.93e-01	6.07e-01	0.00e+00	0.00e+00	0.00e+00	0.00e+00	0.00e+00	5.20e-255
 9.04899e+11	1.39e-45	2.44e-34	3.50e-24	1.56e-14	2.31e-04	4.12e-01	5.88e-01	0.00e+00	0.00e+00	0.00e+00	0.00e+00	0.00e+00	3.04e-144
 9.71021e+11	0.00e+00	3.51e-34	4.66e-24	1.91e-14	2.61e-04	4.31e-01	5.69e-01	0.00e+00	0.00e+00	0.00e+00	0.00e+00	0.00e+00	2.56e-188
 1.03979e+12	3.37e-45	5.05e-34	6.18e-24	2.34e-14	2.96e-04	4.51e-01	5.49e-01	0.00e+00	0.00e+00	0.00e+00	0.00e+00	0.00e+00	3.02e-143
 1.11131e+12	0.00e+00	7.25e-34	8.20e-24	2.87e-14	3.35e-04	4.70e-01	5.29e-01	0.00e+00	0.00e+00	0.00e+00	0.00e+00	0.00e+00	1.34e-187
 1.18569e+12	8.13e-45	1.04e-33	1.09e-23	3.51e-14	3.78e-04	4.90e-01	5.10e-01	0.00e+00	0.00e+00	0.00e+00	0.00e+00	0.00e+00	3.00e-142
 1.26304e+12	0.00e+00	1.49e-33	1.44e-23	4.29e-14	4.27e-04	5.10e-01	4.90e-01	0.00e+00	0.00e+00	0.00e+00	0.00e+00	0.00e+00	7.01e-187
 1.34349e+12	1.96e-44	2.14e-33	1.90e-23	5.24e-14	4.81e-04	5.30e-01	4.70e-01	0.00e+00	0.00e+00	0.00e+00	0.00e+00	0.00e+00	2.98e-141
 1.42716e+12	0.00e+00	3.06e-33	2.52e-23	6.39e-14	5.42e-04	5.50e-01	4.50e-01	0.00e+00	0.00e+00	0.00e+00	0.00e+00	0.00e+00	3.64e-186
 1.51417e+12	4.71e-44	4.37e-33	3.32e-23	7.79e-14	6.10e-04	5.69e-01	4.30e-01	0.00e+00	0.00e+00	0.00e+00	0.00e+00	0.00e+00	2.97e-140
 1.59847e+12	0.00e+00	6.10e-33	4.30e-23	9.35e-14	6.79e-04	5.87e-01	4.12e-01	0.00e+00	0.00e+00	0.00e+00	0.00e+00	0.00e+00	1.90e-185
 1.67575e+12	1.02e-43	8.19e-33	5.40e-23	1.10e-13	7.48e-04	6.03e-01	3.96e-01	0.00e+00	0.00e+00	0.00e+00	0.00e+00	0.00e+00	2.24e-139
 1.76160e+12	0.00e+00	1.13e-32	6.92e-23	1.31e-13	8.31e-04	6.20e-01	3.79e-01	0.00e+00	0.00e+00	0.00e+00	0.00e+00	0.00e+00	8.03e-185
 1.86130e+12	2.31e-43	1.60e-32	9.09e-23	1.59e-13	9.29e-04	6.39e-01	3.60e-01	0.00e+00	0.00e+00	0.00e+00	0.00e+00	0.00e+00	1.95e-138
 1.95992e+12	0.00e+00	2.24e-32	1.18e-22	1.91e-13	1.03e-03	6.56e-01	3.43e-01	0.00e+00	0.00e+00	0.00e+00	0.00e+00	0.00e+00	3.66e-184
 2.06249e+12	5.28e-43	3.14e-32	1.53e-22	2.29e-13	1.15e-03	6.73e-01	3.26e-01	0.00e+00	0.00e+00	0.00e+00	0.00e+00	0.00e+00	1.72e-137
 2.17492e+12	0.00e+00	4.48e-32	2.01e-22	2.78e-13	1.29e-03	6.90e-01	3.08e-01	0.00e+00	0.00e+00	0.00e+00	0.00e+00	0.00e+00	1.65e-183
 2.28858e+12	1.25e-42	6.32e-32	2.63e-22	3.35e-13	1.43e-03	7.07e-01	2.92e-01	0.00e+00	0.00e+00	0.00e+00	0.00e+00	0.00e+00	1.67e-136
 2.40678e+12	0.00e+00	8.93e-32	3.43e-22	4.04e-13	1.60e-03	7.23e-01	2.76e-01	0.00e+00	0.00e+00	0.00e+00	0.00e+00	0.00e+00	7.85e-183
 2.53298e+12	2.95e-42	1.27e-31	4.51e-22	4.90e-13	1.78e-03	7.38e-01	2.60e-01	0.00e+00	0.00e+00	0.00e+00	0.00e+00	0.00e+00	1.63e-135
 2.66423e+12	0.00e+00	1.81e-31	5.92e-22	5.93e-13	1.99e-03	7.54e-01	2.44e-01	0.00e+00	0.00e+00	0.00e+00	0.00e+00	0.00e+00	3.53e-182
 2.80072e+12	7.06e-42	2.59e-31	7.79e-22	7.17e-13	2.22e-03	7.68e-01	2.30e-01	0.00e+00	0.00e+00	0.00e+00	0.00e+00	0.00e+00	1.65e-134
 2.94268e+12	0.00e+00	3.69e-31	1.02e-21	8.67e-13	2.47e-03	7.82e-01	2.15e-01	0.00e+00	0.00e+00	0.00e+00	0.00e+00	0.00e+00	1.48e-181
 3.09031e+12	1.69e-41	5.26e-31	1.34e-21	1.05e-12	2.76e-03	7.96e-01	2.02e-01	0.00e+00	0.00e+00	0.00e+00	0.00e+00	0.00e+00	1.68e-133
 3.24385e+12	0.00e+00	7.50e-31	1.77e-21	1.27e-12	3.07e-03	8.08e-01	1.89e-01	0.00e+00	0.00e+00	0.00e+00	0.00e+00	0.00e+00	5.02e-181
 3.40353e+12	4.07e-41	1.07e-30	2.32e-21	1.53e-12	3.42e-03	8.20e-01	1.76e-01	0.00e+00	0.00e+00	0.00e+00	0.00e+00	0.00e+00	1.72e-132
 3.55359e+12	0.00e+00	1.48e-30	2.97e-21	1.82e-12	3.76e-03	8.31e-01	1.66e-01	0.00e+00	0.00e+00	0.00e+00	0.00e+00	0.00e+00	6.42e-181
 3.68766e+12	8.54e-41	1.95e-30	3.68e-21	2.11e-12	4.09e-03	8.39e-01	1.57e-01	0.00e+00	0.00e+00	0.00e+00	0.00e+00	0.00e+00	1.23e-131
 3.83812e+12	0.00e+00	2.65e-30	4.66e-21	2.48e-12	4.48e-03	8.48e-01	1.48e-01	0.00e+00	0.00e+00	0.00e+00	0.00e+00	0.00e+00	0.00e+00
 4.01658e+12	1.91e-40	3.75e-30	6.08e-21	2.98e-12	4.96e-03	8.57e-01	1.38e-01	0.00e+00	0.00e+00	0.00e+00	0.00e+00	0.00e+00	1.04e-130
 4.19602e+12	0.00e+00	5.25e-30	7.87e-21	3.57e-12	5.48e-03	8.66e-01	1.28e-01	0.00e+00	0.00e+00	0.00e+00	0.00e+00	0.00e+00	0.00e+00
 4.36425e+12	4.23e-40	7.12e-30	9.94e-21	4.19e-12	5.99e-03	8.73e-01	1.21e-01	0.00e+00	0.00e+00	0.00e+00	0.00e+00	0.00e+00	8.56e-130
 4.55035e+12	0.00e+00	9.89e-30	1.28e-20	4.99e-12	6.60e-03	8.81e-01	1.13e-01	0.00e+00	0.00e+00	0.00e+00	0.00e+00	0.00e+00	0.00e+00
 4.76229e+12	9.90e-40	1.42e-29	1.69e-20	6.03e-12	7.32e-03	8.88e-01	1.04e-01	0.00e+00	0.00e+00	0.00e+00	0.00e+00	0.00e+00	8.19e-129
 4.97356e+12	0.00e+00	2.00e-29	2.20e-20	7.23e-12	8.09e-03	8.95e-01	9.68e-02	0.00e+00	0.00e+00	0.00e+00	0.00e+00	0.00e+00	0.00e+00
 5.19328e+12	2.33e-39	2.83e-29	2.87e-20	8.68e-12	8.94e-03	9.01e-01	8.98e-02	0.00e+00	0.00e+00	0.00e+00	0.00e+00	0.00e+00	7.95e-128
 5.43094e+12	0.00e+00	4.07e-29	3.79e-20	1.05e-11	9.92e-03	9.07e-01	8.29e-02	0.00e+00	0.00e+00	0.00e+00	0.00e+00	0.00e+00	0.00e+00
 5.67810e+12	5.73e-39	5.85e-29	5.00e-20	1.27e-11	1.10e-02	9.13e-01	7.65e-02	0.00e+00	0.00e+00	0.00e+00	0.00e+00	0.00e+00	8.59e-127
 5.91107e+12	0.00e+00	8.14e-29	6.43e-20	1.51e-11	1.21e-02	9.17e-01	7.10e-02	0.00e+00	0.00e+00	0.00e+00	0.00e+00	0.00e+00	0.00e+00
 6.12061e+12	1.23e-38	1.09e-28	8.02e-20	1.75e-11	1.31e-02	9.20e-01	6.66e-02	0.00e+00	0.00e+00	0.00e+00	0.00e+00	0.00e+00	6.52e-126
 6.35653e+12	0.00e+00	1.49e-28	1.02e-19	2.07e-11	1.43e-02	9.24e-01	6.19e-02	0.00e+00	0.00e+00	0.00e+00	0.00e+00	0.00e+00	0.00e+00
 6.63464e+12	2.85e-38	2.13e-28	1.34e-19	2.49e-11	1.58e-02	9.27e-01	5.70e-02	0.00e+00	0.00e+00	0.00e+00	0.00e+00	0.00e+00	5.95e-125
 6.91273e+12	0.00e+00	3.01e-28	1.75e-19	2.98e-11	1.74e-02	9.30e-01	5.26e-02	0.00e+00	0.00e+00	0.00e+00	0.00e+00	0.00e+00	0.00e+00
 7.17446e+12	6.47e-38	4.13e-28	2.23e-19	3.52e-11	1.90e-02	9.32e-01	4.89e-02	0.00e+00	0.00e+00	0.00e+00	0.00e+00	0.00e+00	5.20e-124
 7.46388e+12	0.00e+00	5.79e-28	2.89e-19	4.19e-11	2.09e-02	9.34e-01	4.51e-02	0.00e+00	0.00e+00	0.00e+00	0.00e+00	0.00e+00	0.00e+00
 7.79236e+12	1.56e-37	8.37e-28	3.83e-19	5.08e-11	2.31e-02	9.36e-01	4.13e-02	0.00e+00	0.00e+00	0.00e+00	0.00e+00	0.00e+00	5.27e-123
 8.11700e+12	0.00e+00	1.19e-27	5.02e-19	6.09e-11	2.55e-02	9.37e-01	3.80e-02	0.00e+00	0.00e+00	0.00e+00	0.00e+00	0.00e+00	0.00e+00
 8.45462e+12	3.74e-37	1.70e-27	6.58e-19	7.32e-11	2.80e-02	9.37e-01	3.48e-02	0.00e+00	0.00e+00	0.00e+00	0.00e+00	0.00e+00	5.31e-122
 8.82273e+12	0.00e+00	2.46e-27	8.76e-19	8.88e-11	3.10e-02	9.37e-01	3.18e-02	0.00e+00	0.00e+00	0.00e+00	0.00e+00	0.00e+00	0.00e+00
 9.19410e+12	9.32e-37	3.54e-27	1.16e-18	1.07e-10	3.42e-02	9.37e-01	2.91e-02	0.00e+00	0.00e+00	0.00e+00	0.00e+00	0.00e+00	5.86e-121
 9.58032e+12	0.00e+00	5.09e-27	1.53e-18	1.29e-10	3.77e-02	9.36e-01	2.65e-02	0.00e+00	0.00e+00	0.00e+00	0.00e+00	0.00e+00	0.00e+00
 9.97859e+12	2.29e-36	7.30e-27	2.01e-18	1.56e-10	4.15e-02	9.34e-01	2.42e-02	0.00e+00	0.00e+00	0.00e+00	0.00e+00	0.00e+00	6.23e-120
 1.03692e+13	0.00e+00	1.03e-26	2.62e-18	1.86e-10	4.55e-02	9.32e-01	2.22e-02	0.00e+00	0.00e+00	0.00e+00	0.00e+00	0.00e+00	0.00e+00
 1.07903e+13	5.45e-36	1.47e-26	3.44e-18	2.23e-10	4.99e-02	9.30e-01	2.02e-02	0.00e+00	0.00e+00	0.00e+00	0.00e+00	0.00e+00	6.05e-119
 1.12518e+13	0.00e+00	2.14e-26	4.59e-18	2.71e-10	5.51e-02	9.27e-01	1.83e-02	0.00e+00	0.00e+00	0.00e+00	0.00e+00	0.00e+00	0.00e+00
 1.17318e+13	1.39e-35	3.11e-26	6.14e-18	3.29e-10	6.08e-02	9.23e-01	1.66e-02	0.00e+00	0.00e+00	0.00e+00	0.00e+00	0.00e+00	6.99e-118
 1.22310e+13	0.00e+00	4.53e-26	8.19e-18	4.00e-10	6.70e-02	9.18e-01	1.50e-02	0.00e+00	0.00e+00	0.00e+00	0.00e+00	0.00e+00	0.00e+00
 1.27502e+13	3.52e-35	6.59e-26	1.09e-17	4.86e-10	7.39e-02	9.13e-01	1.35e-02	0.00e+00	0.00e+00	0.00e+00	0.00e+00	0.00e+00	8.05e-117
 1.32194e+13	0.00e+00	9.15e-26	1.41e-17	5.76e-10	8.04e-02	9.07e-01	1.24e-02	0.00e+00	0.00e+00	0.00e+00	0.00e+00	0.00e+00	7.55e-100
 1.36100e+13	7.33e-35	1.19e-25	1.73e-17	6.60e-10	8.59e-02	9.03e-01	1.15e-02	0.00e+00	0.00e+00	0.00e+00	0.00e+00	0.00e+00	0.00e+00
 1.40376e+13	1.04e-34	1.57e-25	2.14e-17	7.63e-10	9.23e-02	8.97e-01	1.06e-02	0.00e+00	0.00e+00	0.00e+00	0.00e+00	0.00e+00	1.36e-115
 1.45798e+13	1.59e-34	2.22e-25	2.79e-17	9.11e-10	1.01e-01	8.90e-01	9.62e-03	0.00e+00	0.00e+00	0.00e+00	0.00e+00	0.00e+00	2.09e-97
 1.51459e+13	2.43e-34	3.13e-25	3.65e-17	1.09e-09	1.10e-01	8.82e-01	8.70e-03	0.00e+00	0.00e+00	0.00e+00	0.00e+00	0.00e+00	0.00e+00
 1.56258e+13	3.44e-34	4.14e-25	4.54e-17	1.26e-09	1.18e-01	8.74e-01	8.01e-03	0.00e+00	0.00e+00	0.00e+00	0.00e+00	0.00e+00	3.14e-114
 1.61190e+13	4.85e-34	5.47e-25	5.63e-17	1.46e-09	1.26e-01	8.66e-01	7.37e-03	0.00e+00	0.00e+00	0.00e+00	0.00e+00	0.00e+00	2.41e-96
 1.67407e+13	7.37e-34	7.67e-25	7.32e-17	1.74e-09	1.37e-01	8.56e-01	6.64e-03	0.00e+00	0.00e+00	0.00e+00	0.00e+00	0.00e+00	0.00e+00
 1.73726e+13	1.11e-33	1.07e-24	9.47e-17	2.06e-09	1.49e-01	8.45e-01	6.00e-03	0.00e+00	0.00e+00	0.00e+00	0.00e+00	0.00e+00	6.83e-113
 1.79139e+13	1.55e-33	1.40e-24	1.17e-16	2.37e-09	1.59e-01	8.36e-01	5.50e-03	0.00e+00	0.00e+00	0.00e+00	0.00e+00	0.00e+00	3.04e-95
 1.84941e+13	2.19e-33	1.85e-24	1.45e-16	2.74e-09	1.70e-01	8.25e-01	5.03e-03	0.00e+00	0.00e+00	0.00e+00	0.00e+00	0.00e+00	4.13e-112
 1.92135e+13	3.30e-33	2.58e-24	1.89e-16	3.26e-09	1.84e-01	8.11e-01	4.51e-03	0.00e+00	0.00e+00	0.00e+00	0.00e+00	0.00e+00	1.59e-94
 1.99515e+13	4.95e-33	3.58e-24	2.43e-16	3.87e-09	1.99e-01	7.97e-01	4.04e-03	0.00e+00	0.00e+00	0.00e+00	0.00e+00	0.00e+00	3.59e-111
 2.06148e+13	6.99e-33	4.74e-24	3.03e-16	4.47e-09	2.12e-01	7.84e-01	3.67e-03	0.00e+00	0.00e+00	0.00e+00	0.00e+00	0.00e+00	8.17e-94
 2.13429e+13	1.01e-32	6.37e-24	3.81e-16	5.21e-09	2.27e-01	7.70e-01	3.31e-03	0.00e+00	0.00e+00	0.00e+00	0.00e+00	0.00e+00	2.40e-110
 2.22045e+13	1.52e-32	8.90e-24	4.95e-16	6.19e-09	2.45e-01	7.52e-01	2.94e-03	0.00e+00	0.00e+00	0.00e+00	0.00e+00	0.00e+00	4.47e-93
 2.30681e+13	2.25e-32	1.22e-23	6.35e-16	7.30e-09	2.63e-01	7.34e-01	2.62e-03	0.00e+00	0.00e+00	0.00e+00	0.00e+00	0.00e+00	2.09e-109
 2.38857e+13	3.20e-32	1.63e-23	7.94e-16	8.46e-09	2.80e-01	7.18e-01	2.35e-03	0.00e+00	0.00e+00	0.00e+00	0.00e+00	0.00e+00	2.31e-92
 2.47905e+13	4.65e-32	2.20e-23	1.01e-15	9.88e-09	2.99e-01	6.99e-01	2.10e-03	0.00e+00	0.00e+00	0.00e+00	0.00e+00	0.00e+00	1.51e-108
 2.58121e+13	6.95e-32	3.05e-23	1.30e-15	1.17e-08	3.20e-01	6.78e-01	1.85e-03	0.00e+00	0.00e+00	0.00e+00	0.00e+00	0.00e+00	1.29e-91
 2.68305e+13	1.02e-31	4.15e-23	1.65e-15	1.37e-08	3.41e-01	6.57e-01	1.63e-03	0.00e+00	0.00e+00	0.00e+00	0.00e+00	0.00e+00	1.30e-107
 2.77294e+13	1.40e-31	5.38e-23	2.02e-15	1.56e-08	3.60e-01	6.39e-01	1.47e-03	0.00e+00	0.00e+00	0.00e+00	0.00e+00	0.00e+00	6.12e-91
 2.85202e+13	1.83e-31	6.70e-23	2.40e-15	1.74e-08	3.75e-01	6.23e-01	1.34e-03	0.00e+00	0.00e+00	0.00e+00	0.00e+00	0.00e+00	6.68e-107
 2.94162e+13	2.46e-31	8.50e-23	2.88e-15	1.96e-08	3.93e-01	6.06e-01	1.21e-03	0.00e+00	0.00e+00	0.00e+00	0.00e+00	0.00e+00	2.18e-90
 3.04152e+13	3.38e-31	1.10e-22	3.52e-15	2.23e-08	4.13e-01	5.86e-01	1.08e-03	0.00e+00	0.00e+00	0.00e+00	0.00e+00	0.00e+00	3.70e-106
 3.13538e+13	4.48e-31	1.38e-22	4.21e-15	2.50e-08	4.30e-01	5.69e-01	9.75e-04	0.00e+00	0.00e+00	0.00e+00	0.00e+00	0.00e+00	8.45e-90
 3.23798e+13	6.04e-31	1.76e-22	5.07e-15	2.82e-08	4.49e-01	5.50e-01	8.74e-04	0.00e+00	0.00e+00	0.00e+00	0.00e+00	0.00e+00	1.92e-105
 3.35262e+13	8.31e-31	2.27e-22	6.19e-15	3.20e-08	4.70e-01	5.29e-01	7.75e-04	0.00e+00	0.00e+00	0.00e+00	0.00e+00	0.00e+00	3.45e-89
 3.46079e+13	1.11e-30	2.87e-22	7.41e-15	3.59e-08	4.89e-01	5.10e-01	6.94e-04	0.00e+00	0.00e+00	0.00e+00	0.00e+00	0.00e+00	1.09e-104
 3.57930e+13	1.50e-30	3.66e-22	8.95e-15	4.05e-08	5.09e-01	4.90e-01	6.16e-04	0.00e+00	0.00e+00	0.00e+00	0.00e+00	0.00e+00	1.34e-88
 3.71194e+13	2.07e-30	4.75e-22	1.10e-14	4.60e-08	5.30e-01	4.69e-01	5.41e-04	0.00e+00	0.00e+00	0.00e+00	0.00e+00	0.00e+00	6.71e-104
 3.83756e+13	2.78e-30	6.01e-22	1.31e-14	5.16e-08	5.50e-01	4.50e-01	4.80e-04	0.00e+00	0.00e+00	0.00e+00	0.00e+00	0.00e+00	5.62e-88
 3.95377e+13	3.60e-30	7.41e-22	1.54e-14	5.70e-08	5.67e-01	4.32e-01	4.31e-04	0.00e+00	0.00e+00	0.00e+00	0.00e+00	0.00e+00	3.39e-103
 4.08313e+13	4.76e-30	9.27e-22	1.83e-14	6.35e-08	5.86e-01	4.14e-01	3.83e-04	0.00e+00	0.00e+00	0.00e+00	0.00e+00	0.00e+00	1.99e-87
 4.22822e+13	6.42e-30	1.18e-21	2.21e-14	7.12e-08	6.05e-01	3.94e-01	3.36e-04	0.00e+00	0.00e+00	0.00e+00	0.00e+00	0.00e+00	1.88e-102
 4.36516e+13	8.41e-30	1.47e-21	2.61e-14	7.89e-08	6.23e-01	3.77e-01	2.99e-04	0.00e+00	0.00e+00	0.00e+00	0.00e+00	0.00e+00	7.65e-87
 4.51461e+13	1.12e-29	1.84e-21	3.10e-14	8.78e-08	6.41e-01	3.59e-01	2.63e-04	0.00e+00	0.00e+00	0.00e+00	0.00e+00	0.00e+00	9.91e-102
 4.67993e+13	1.51e-29	2.34e-21	3.73e-14	9.82e-08	6.60e-01	3.40e-01	2.29e-04	0.00e+00	0.00e+00	0.00e+00	0.00e+00	0.00e+00	3.10e-86
 4.83309e+13	1.97e-29	2.90e-21	4.39e-14	1.08e-07	6.77e-01	3.23e-01	2.03e-04	0.00e+00	0.00e+00	0.00e+00	0.00e+00	0.00e+00	5.53e-101
 4.99938e+13	2.60e-29	3.62e-21	5.19e-14	1.20e-07	6.93e-01	3.06e-01	1.78e-04	0.00e+00	0.00e+00	0.00e+00	0.00e+00	0.00e+00	1.16e-85
 5.18543e+13	3.50e-29	4.59e-21	6.22e-14	1.34e-07	7.11e-01	2.89e-01	1.55e-04	0.00e+00	0.00e+00	0.00e+00	0.00e+00	0.00e+00	3.23e-100
 5.36095e+13	4.59e-29	5.69e-21	7.32e-14	1.48e-07	7.26e-01	2.74e-01	1.36e-04	0.00e+00	0.00e+00	0.00e+00	0.00e+00	0.00e+00	4.65e-85
 5.55293e+13	6.10e-29	7.14e-21	8.67e-14	1.63e-07	7.42e-01	2.58e-01	1.18e-04	0.00e+00	0.00e+00	0.00e+00	0.00e+00	0.00e+00	1.80e-99
 5.76725e+13	8.25e-29	9.08e-21	1.04e-13	1.82e-07	7.58e-01	2.42e-01	1.02e-04	0.00e+00	0.00e+00	0.00e+00	0.00e+00	0.00e+00	1.98e-84
 5.96916e+13	1.08e-28	1.13e-20	1.22e-13	2.00e-07	7.72e-01	2.28e-01	8.88e-05	0.00e+00	0.00e+00	0.00e+00	0.00e+00	0.00e+00	1.09e-98
 6.18806e+13	1.44e-28	1.41e-20	1.45e-13	2.21e-07	7.86e-01	2.14e-01	7.70e-05	0.00e+00	0.00e+00	0.00e+00	0.00e+00	0.00e+00	8.05e-84
 6.43362e+13	1.96e-28	1.80e-20	1.74e-13	2.45e-07	8.00e-01	2.00e-01	6.58e-05	0.00e+00	0.00e+00	0.00e+00	0.00e+00	0.00e+00	7.05e-98
 6.67067e+13	2.60e-28	2.25e-20	2.05e-13	2.70e-07	8.13e-01	1.87e-01	5.69e-05	0.00e+00	0.00e+00	0.00e+00	0.00e+00	0.00e+00	3.57e-83
 6.92216e+13	3.47e-28	2.83e-20	2.42e-13	2.98e-07	8.25e-01	1.75e-01	4.91e-05	0.00e+00	0.00e+00	0.00e+00	0.00e+00	0.00e+00	4.37e-97
 7.20204e+13	4.73e-28	3.61e-20	2.90e-13	3.30e-07	8.37e-01	1.63e-01	4.18e-05	0.00e+00	0.00e+00	0.00e+00	0.00e+00	0.00e+00	1.64e-82
 7.48457e+13	6.37e-28	4.56e-20	3.45e-13	3.64e-07	8.49e-01	1.51e-01	3.58e-05	0.00e+00	0.00e+00	0.00e+00	0.00e+00	0.00e+00	3.05e-96
 7.77840e+13	8.60e-28	5.77e-20	4.08e-13	4.00e-07	8.59e-01	1.41e-01	3.07e-05	0.00e+00	0.00e+00	0.00e+00	0.00e+00	0.00e+00	7.77e-82
 8.09253e+13	1.16e-27	7.32e-20	4.87e-13	4.42e-07	8.69e-01	1.31e-01	2.60e-05	0.00e+00	0.00e+00	0.00e+00	0.00e+00	0.00e+00	2.14e-95
 8.38937e+13	1.54e-27	9.10e-20	5.70e-13	4.83e-07	8.78e-01	1.22e-01	2.25e-05	0.00e+00	0.00e+00	0.00e+00	0.00e+00	0.00e+00	3.52e-81
 8.65791e+13	1.96e-27	1.10e-19	6.53e-13	5.21e-07	8.85e-01	1.15e-01	1.98e-05	0.00e+00	0.00e+00	0.00e+00	0.00e+00	0.00e+00	1.16e-94
 8.91245e+13	2.45e-27	1.31e-19	7.40e-13	5.59e-07	8.91e-01	1.09e-01	1.76e-05	0.00e+00	0.00e+00	0.00e+00	0.00e+00	0.00e+00	1.20e-80
 9.19465e+13	3.12e-27	1.58e-19	8.46e-13	6.01e-07	8.97e-01	1.03e-01	1.55e-05	0.00e+00	0.00e+00	0.00e+00	0.00e+00	0.00e+00	5.25e-94
 9.51069e+13	4.05e-27	1.93e-19	9.78e-13	6.51e-07	9.04e-01	9.61e-02	1.35e-05	0.00e+00	0.00e+00	0.00e+00	0.00e+00	0.00e+00	4.54e-80
 9.81005e+13	5.14e-27	2.33e-19	1.12e-12	7.00e-07	9.09e-01	9.05e-02	1.19e-05	0.00e+00	0.00e+00	0.00e+00	0.00e+00	0.00e+00	2.67e-93
 1.01386e+14	6.64e-27	2.83e-19	1.28e-12	7.55e-07	9.15e-01	8.49e-02	1.04e-05	0.00e+00	0.00e+00	0.00e+00	0.00e+00	0.00e+00	1.68e-79
 1.04991e+14	8.70e-27	3.49e-19	1.49e-12	8.17e-07	9.21e-01	7.94e-02	9.07e-06	0.00e+00	0.00e+00	0.00e+00	0.00e+00	0.00e+00	1.48e-92
 1.08293e+14	1.10e-26	4.20e-19	1.70e-12	8.77e-07	9.25e-01	7.47e-02	8.00e-06	0.00e+00	0.00e+00	0.00e+00	0.00e+00	0.00e+00	6.57e-79
 1.11867e+14	1.42e-26	5.09e-19	1.94e-12	9.44e-07	9.30e-01	7.01e-02	7.02e-06	0.00e+00	0.00e+00	0.00e+00	0.00e+00	0.00e+00	7.32e-92
 1.15864e+14	1.86e-26	6.28e-19	2.25e-12	1.02e-06	9.34e-01	6.55e-02	6.09e-06	0.00e+00	0.00e+00	0.00e+00	0.00e+00	0.00e+00	2.69e-78
 1.19639e+14	2.39e-26	7.60e-19	2.57e-12	1.10e-06	9.38e-01	6.15e-02	5.35e-06	0.00e+00	0.00e+00	0.00e+00	0.00e+00	0.00e+00	4.01e-91
 1.23777e+14	3.12e-26	9.31e-19	2.96e-12	1.18e-06	9.42e-01	5.76e-02	4.67e-06	0.00e+00	0.00e+00	0.00e+00	0.00e+00	0.00e+00	1.08e-77
 1.28370e+14	4.14e-26	1.16e-18	3.44e-12	1.28e-06	9.46e-01	5.36e-02	4.03e-06	0.00e+00	0.00e+00	0.00e+00	0.00e+00	0.00e+00	2.41e-90
 1.32664e+14	5.35e-26	1.41e-18	3.94e-12	1.37e-06	9.50e-01	5.03e-02	3.53e-06	0.00e+00	0.00e+00	0.00e+00	0.00e+00	0.00e+00	4.64e-77
 1.37354e+14	7.02e-26	1.73e-18	4.54e-12	1.48e-06	9.53e-01	4.70e-02	3.08e-06	0.00e+00	0.00e+00	0.00e+00	0.00e+00	0.00e+00	1.35e-89
 1.42596e+14	9.42e-26	2.16e-18	5.29e-12	1.60e-06	9.56e-01	4.37e-02	2.65e-06	0.00e+00	0.00e+00	0.00e+00	0.00e+00	0.00e+00	2.17e-76
 1.47557e+14	1.23e-25	2.66e-18	6.08e-12	1.72e-06	9.59e-01	4.09e-02	2.31e-06	0.00e+00	0.00e+00	0.00e+00	0.00e+00	0.00e+00	4.50e-76
 1.52941e+14	1.64e-25	3.29e-18	7.04e-12	1.85e-06	9.62e-01	3.81e-02	2.01e-06	0.00e+00	0.00e+00	0.00e+00	0.00e+00	0.00e+00	9.74e-76
 1.58943e+14	2.22e-25	4.14e-18	8.22e-12	2.01e-06	9.65e-01	3.54e-02	1.72e-06	0.00e+00	0.00e+00	0.00e+00	0.00e+00	0.00e+00	2.24e-75
 1.64722e+14	2.94e-25	5.13e-18	9.50e-12	2.16e-06	9.67e-01	3.30e-02	1.50e-06	0.00e+00	0.00e+00	0.00e+00	0.00e+00	0.00e+00	4.83e-75
 1.70878e+14	3.93e-25	6.38e-18	1.10e-11	2.33e-06	9.69e-01	3.07e-02	1.29e-06	0.00e+00	0.00e+00	0.00e+00	0.00e+00	0.00e+00	1.07e-74
 1.77743e+14	5.37e-25	8.08e-18	1.29e-11	2.53e-06	9.72e-01	2.85e-02	1.11e-06	0.00e+00	0.00e+00	0.00e+00	0.00e+00	0.00e+00	2.52e-74
 1.84630e+14	7.26e-25	1.01e-17	1.51e-11	2.73e-06	9.74e-01	2.64e-02	9.54e-07	0.00e+00	0.00e+00	0.00e+00	0.00e+00	0.00e+00	5.77e-74
 1.91792e+14	9.82e-25	1.27e-17	1.75e-11	2.95e-06	9.75e-01	2.46e-02	0.00e+00	0.00e+00	0.00e+00	0.00e+00	0.00e+00	0.00e+00	1.32e-73
 1.99493e+14	1.34e-24	1.61e-17	2.05e-11	3.20e-06	9.77e-01	2.28e-02	0.00e+00	0.00e+00	0.00e+00	0.00e+00	0.00e+00	0.00e+00	3.13e-73
 2.07503e+14	1.84e-24	2.04e-17	2.40e-11	3.46e-06	9.79e-01	2.11e-02	0.00e+00	0.00e+00	0.00e+00	0.00e+00	0.00e+00	0.00e+00	7.39e-73
 2.15833e+14	2.51e-24	2.58e-17	2.81e-11	3.75e-06	9.80e-01	1.95e-02	0.00e+00	0.00e+00	0.00e+00	0.00e+00	0.00e+00	0.00e+00	1.75e-72
 2.23926e+14	3.36e-24	3.22e-17	3.26e-11	4.04e-06	9.82e-01	1.82e-02	0.00e+00	0.00e+00	0.00e+00	0.00e+00	0.00e+00	0.00e+00	3.91e-72
 2.31582e+14	4.39e-24	3.93e-17	3.73e-11	4.32e-06	9.83e-01	1.70e-02	0.00e+00	0.00e+00	0.00e+00	0.00e+00	0.00e+00	0.00e+00	8.15e-72
 2.38812e+14	5.60e-24	4.72e-17	4.21e-11	4.59e-06	9.84e-01	1.60e-02	0.00e+00	0.00e+00	0.00e+00	0.00e+00	1.52e-17	3.20e-17	1.60e-71
 2.46682e+14	7.25e-24	5.73e-17	4.80e-11	4.90e-06	9.85e-01	1.50e-02	0.00e+00	0.00e+00	0.00e+00	0.00e+00	1.90e-17	3.83e-17	3.24e-71
 2.55451e+14	9.53e-24	7.04e-17	5.52e-11	5.26e-06	9.86e-01	1.40e-02	0.00e+00	0.00e+00	0.00e+00	0.00e+00	2.34e-17	4.70e-17	6.86e-71
 2.63697e+14	1.23e-23	8.50e-17	6.26e-11	5.60e-06	9.87e-01	1.32e-02	0.00e+00	0.00e+00	0.00e+00	0.00e+00	2.82e-17	5.68e-17	1.38e-70
 2.72726e+14	1.60e-23	1.04e-16	7.16e-11	5.99e-06	9.88e-01	1.23e-02	0.00e+00	0.00e+00	0.00e+00	0.00e+00	3.46e-17	6.96e-17	2.89e-70
 2.82898e+14	2.14e-23	1.29e-16	8.29e-11	6.45e-06	9.89e-01	1.15e-02	0.00e+00	0.00e+00	0.00e+00	0.00e+00	4.29e-17	8.64e-17	6.40e-70
 2.92659e+14	2.79e-23	1.58e-16	9.50e-11	6.91e-06	9.89e-01	1.07e-02	0.00e+00	0.00e+00	0.00e+00	0.00e+00	5.24e-17	1.05e-16	1.32e-69
 3.03314e+14	3.71e-23	1.96e-16	1.10e-10	7.42e-06	9.90e-01	1.00e-02	0.00e+00	0.00e+00	0.00e+00	0.00e+00	6.50e-17	1.31e-16	2.91e-69
 3.15476e+14	5.02e-23	2.46e-16	1.28e-10	8.04e-06	9.91e-01	9.25e-03	0.00e+00	0.00e+00	0.00e+00	0.00e+00	8.17e-17	1.64e-16	6.65e-69
 3.27340e+14	6.75e-23	3.08e-16	1.49e-10	8.65e-06	9.91e-01	8.60e-03	0.00e+00	0.00e+00	0.00e+00	0.00e+00	1.02e-16	2.06e-16	1.51e-68
 3.39678e+14	8.98e-23	3.81e-16	1.72e-10	9.33e-06	9.92e-01	7.99e-03	0.00e+00	0.00e+00	0.00e+00	0.00e+00	1.27e-16	2.55e-16	3.28e-68
 3.52158e+14	1.19e-22	4.73e-16	1.99e-10	1.00e-05	9.93e-01	7.44e-03	0.00e+00	0.00e+00	0.00e+00	0.00e+00	1.57e-16	3.16e-16	7.24e-68
 3.63181e+14	1.51e-22	5.67e-16	2.26e-10	1.07e-05	9.93e-01	6.99e-03	0.00e+00	0.00e+00	0.00e+00	0.00e+00	1.88e-16	3.79e-16	1.38e-67
 3.75183e+14	1.96e-22	6.89e-16	2.57e-10	1.14e-05	9.93e-01	6.55e-03	0.00e+00	0.00e+00	0.00e+00	0.00e+00	2.29e-16	4.61e-16	2.83e-67
 3.89621e+14	2.62e-22	8.59e-16	3.00e-10	1.23e-05	9.94e-01	6.07e-03	0.00e+00	0.00e+00	0.00e+00	0.00e+00	2.85e-16	5.74e-16	6.25e-67
 4.03941e+14	3.48e-22	1.07e-15	3.46e-10	1.32e-05	9.94e-01	5.65e-03	0.00e+00	0.00e+00	0.00e+00	0.00e+00	3.53e-16	7.12e-16	1.37e-66
 4.16757e+14	4.42e-22	1.28e-15	3.93e-10	1.41e-05	9.95e-01	5.30e-03	0.00e+00	0.00e+00	0.00e+00	0.00e+00	4.23e-16	8.53e-16	2.63e-66
 4.30902e+14	5.73e-22	1.55e-15	4.50e-10	1.51e-05	9.95e-01	4.96e-03	0.00e+00	0.00e+00	0.00e+00	0.00e+00	5.15e-16	1.04e-15	5.35e-66
 4.47689e+14	7.70e-22	1.94e-15	5.25e-10	1.63e-05	9.95e-01	4.59e-03	0.00e+00	0.00e+00	0.00e+00	0.00e+00	6.45e-16	1.30e-15	1.21e-65
 4.64245e+14	1.02e-21	2.42e-15	6.07e-10	1.76e-05	9.96e-01	4.27e-03	0.00e+00	0.00e+00	0.00e+00	0.00e+00	8.01e-16	1.61e-15	2.66e-65
 4.79390e+14	1.30e-21	2.90e-15	6.92e-10	1.88e-05	9.96e-01	4.00e-03	0.00e+00	0.00e+00	0.00e+00	0.00e+00	9.63e-16	1.94e-15	5.14e-65
 4.96370e+14	1.70e-21	3.56e-15	7.96e-10	2.02e-05	9.96e-01	3.73e-03	0.00e+00	0.00e+00	0.00e+00	0.00e+00	1.18e-15	2.38e-15	1.07e-64
 5.16101e+14	2.29e-21	4.46e-15	9.31e-10	2.18e-05	9.97e-01	3.44e-03	0.00e+00	0.00e+00	0.00e+00	0.00e+00	1.48e-15	2.98e-15	2.42e-64
 5.35417e+14	3.04e-21	5.53e-15	1.08e-09	2.35e-05	9.97e-01	3.20e-03	0.00e+00	0.00e+00	0.00e+00	0.00e+00	1.83e-15	3.70e-15	5.28e-64
 5.53641e+14	3.93e-21	6.74e-15	1.23e-09	2.52e-05	9.97e-01	2.99e-03	0.00e+00	0.00e+00	0.00e+00	0.00e+00	2.24e-15	4.51e-15	1.08e-63
 5.73952e+14	5.13e-21	8.26e-15	1.43e-09	2.71e-05	9.97e-01	2.78e-03	0.00e+00	0.00e+00	0.00e+00	0.00e+00	2.74e-15	5.52e-15	2.24e-63
 5.96940e+14	6.96e-21	1.04e-14	1.67e-09	2.93e-05	9.97e-01	2.57e-03	0.00e+00	0.00e+00	0.00e+00	0.00e+00	3.46e-15	6.98e-15	5.23e-63
 6.19952e+14	9.15e-21	1.29e-14	1.95e-09	3.17e-05	9.98e-01	2.37e-03	0.00e+00	0.00e+00	0.00e+00	0.00e+00	4.26e-15	8.61e-15	1.11e-62
 6.41433e+14	1.19e-20	1.57e-14	2.23e-09	3.39e-05	9.98e-01	2.21e-03	0.00e+00	0.00e+00	0.00e+00	0.00e+00	5.20e-15	1.05e-14	2.27e-62
 6.64669e+14	1.56e-20	1.93e-14	2.57e-09	3.65e-05	9.98e-01	2.06e-03	0.00e+00	0.00e+00	0.00e+00	0.00e+00	6.41e-15	1.29e-14	4.84e-62
 6.91286e+14	2.07e-20	2.40e-14	3.01e-09	3.95e-05	9.98e-01	1.90e-03	0.00e+00	0.00e+00	0.00e+00	0.00e+00	7.96e-15	1.61e-14	1.05e-61
 7.16326e+14	2.72e-20	2.97e-14	3.47e-09	4.25e-05	9.98e-01	1.77e-03	0.00e+00	0.00e+00	0.00e+00	0.00e+00	9.83e-15	1.98e-14	2.27e-61
 7.38867e+14	3.39e-20	3.51e-14	3.93e-09	4.53e-05	9.98e-01	1.66e-03	0.00e+00	0.00e+00	0.00e+00	0.00e+00	1.16e-14	2.35e-14	4.12e-61
 7.60224e+14	4.20e-20	4.13e-14	4.41e-09	4.80e-05	9.98e-01	1.57e-03	0.00e+00	0.00e+00	0.00e+00	0.00e+00	1.37e-14	2.77e-14	7.47e-61
 7.83887e+14	5.29e-20	4.95e-14	4.98e-09	5.10e-05	9.98e-01	1.47e-03	0.00e+00	0.00e+00	0.00e+00	0.00e+00	1.64e-14	3.31e-14	1.43e-60
 8.10337e+14	6.69e-20	5.93e-14	5.69e-09	5.46e-05	9.99e-01	1.37e-03	0.00e+00	0.00e+00	0.00e+00	0.00e+00	1.96e-14	3.97e-14	2.73e-60
 8.35229e+14	8.44e-20	7.09e-14	6.42e-09	5.81e-05	9.99e-01	1.29e-03	0.00e+00	0.00e+00	0.00e+00	0.00e+00	2.34e-14	4.74e-14	5.21e-60
 8.62411e+14	1.06e-19	8.42e-14	7.30e-09	6.20e-05	9.99e-01	1.21e-03	0.00e+00	0.00e+00	0.00e+00	0.00e+00	2.79e-14	5.64e-14	9.67e-60
 8.92794e+14	1.38e-19	1.03e-13	8.38e-09	6.65e-05	9.99e-01	1.13e-03	0.00e+00	0.00e+00	0.00e+00	0.00e+00	3.41e-14	6.91e-14	2.02e-59
 9.21662e+14	1.71e-19	1.22e-13	9.53e-09	7.10e-05	9.99e-01	1.05e-03	0.00e+00	0.00e+00	0.00e+00	0.00e+00	4.04e-14	8.19e-14	3.70e-59
 9.53515e+14	2.21e-19	1.49e-13	1.09e-08	7.60e-05	9.99e-01	9.84e-04	0.00e+00	0.00e+00	0.00e+00	0.00e+00	4.91e-14	9.94e-14	7.48e-59
 9.88649e+14	2.88e-19	1.83e-13	1.26e-08	8.18e-05	9.99e-01	9.14e-04	0.00e+00	0.00e+00	0.00e+00	0.00e+00	6.05e-14	1.23e-13	1.59e-58
 1.02106e+15	3.60e-19	2.17e-13	1.43e-08	8.74e-05	9.99e-01	8.55e-04	0.00e+00	0.00e+00	0.00e+00	0.00e+00	7.18e-14	1.46e-13	2.94e-58
 1.05620e+15	4.65e-19	2.65e-13	1.64e-08	9.36e-05	9.99e-01	7.98e-04	0.00e+00	0.00e+00	0.00e+00	0.00e+00	8.75e-14	1.77e-13	6.02e-58
 1.09545e+15	5.96e-19	3.22e-13	1.90e-08	1.01e-04	9.99e-01	7.39e-04	0.00e+00	0.00e+00	0.00e+00	0.00e+00	1.06e-13	2.15e-13	1.20e-57
 1.13217e+15	7.61e-19	3.88e-13	2.17e-08	1.08e-04	9.99e-01	6.91e-04	0.00e+00	0.00e+00	0.00e+00	0.00e+00	1.28e-13	2.60e-13	2.37e-57
 1.17201e+15	9.79e-19	4.73e-13	2.49e-08	1.16e-04	9.99e-01	6.44e-04	0.00e+00	0.00e+00	0.00e+00	0.00e+00	1.56e-13	3.17e-13	4.82e-57
 1.21650e+15	1.26e-18	5.77e-13	2.90e-08	1.25e-04	9.99e-01	5.95e-04	0.00e+00	0.00e+00	0.00e+00	0.00e+00	1.90e-13	3.86e-13	9.80e-57
 1.25817e+15	1.62e-18	7.00e-13	3.31e-08	1.34e-04	9.99e-01	5.56e-04	0.00e+00	0.00e+00	0.00e+00	0.00e+00	2.31e-13	4.69e-13	1.98e-56
 1.30344e+15	2.05e-18	8.43e-13	3.82e-08	1.44e-04	9.99e-01	5.15e-04	0.00e+00	0.00e+00	0.00e+00	0.00e+00	2.78e-13	5.65e-13	3.83e-56
 1.35392e+15	2.71e-18	1.05e-12	4.45e-08	1.56e-04	9.99e-01	4.77e-04	0.00e+00	0.00e+00	0.00e+00	0.00e+00	3.44e-13	7.01e-13	8.32e-56
 1.40157e+15	3.42e-18	1.26e-12	5.11e-08	1.67e-04	9.99e-01	4.43e-04	0.00e+00	0.00e+00	0.00e+00	0.00e+00	4.14e-13	8.43e-13	1.61e-55
 1.45282e+15	4.43e-18	1.54e-12	5.90e-08	1.80e-04	9.99e-01	4.11e-04	0.00e+00	0.00e+00	0.00e+00	0.00e+00	5.08e-13	1.03e-12	3.36e-55
 1.51096e+15	5.77e-18	1.90e-12	6.92e-08	1.96e-04	9.99e-01	3.78e-04	0.00e+00	0.00e+00	0.00e+00	0.00e+00	6.24e-13	1.27e-12	6.99e-55
 1.56784e+15	7.48e-18	2.33e-12	8.02e-08	2.11e-04	9.99e-01	3.50e-04	0.00e+00	0.00e+00	0.00e+00	0.00e+00	7.68e-13	1.57e-12	1.47e-54
 1.62700e+15	9.57e-18	2.83e-12	9.32e-08	2.28e-04	9.99e-01	3.23e-04	0.00e+00	0.00e+00	0.00e+00	0.00e+00	9.31e-13	1.90e-12	2.93e-54
 1.69211e+15	1.26e-17	3.52e-12	1.09e-07	2.48e-04	9.99e-01	2.97e-04	0.00e+00	0.00e+00	0.00e+00	0.00e+00	1.16e-12	2.36e-12	6.40e-54
 1.75633e+15	1.60e-17	4.27e-12	1.27e-07	2.69e-04	9.99e-01	2.74e-04	0.00e+00	0.00e+00	0.00e+00	0.00e+00	1.41e-12	2.87e-12	1.27e-53
 1.80918e+15	1.96e-17	5.01e-12	1.43e-07	2.86e-04	9.99e-01	2.57e-04	0.00e+00	0.00e+00	0.00e+00	0.00e+00	1.65e-12	3.37e-12	2.25e-53
 1.85123e+15	2.28e-17	5.67e-12	1.57e-07	3.00e-04	9.99e-01	2.45e-04	0.00e+00	0.00e+00	0.00e+00	0.00e+00	1.86e-12	3.80e-12	3.48e-53
 1.89781e+15	2.70e-17	6.49e-12	1.74e-07	3.17e-04	9.99e-01	2.32e-04	0.00e+00	0.00e+00	0.00e+00	0.00e+00	2.13e-12	4.36e-12	5.67e-53
 1.95835e+15	3.32e-17	7.65e-12	1.97e-07	3.39e-04	9.99e-01	2.16e-04	0.00e+00	0.00e+00	0.00e+00	0.00e+00	2.51e-12	5.14e-12	1.02e-52
 2.02339e+15	4.12e-17	9.11e-12	2.25e-07	3.64e-04	9.99e-01	2.01e-04	0.00e+00	0.00e+00	0.00e+00	0.00e+00	2.99e-12	6.12e-12	1.90e-52
 2.08130e+15	4.95e-17	1.06e-11	2.52e-07	3.87e-04	9.99e-01	1.89e-04	0.00e+00	4.14e-18	1.24e-17	2.08e-17	3.48e-12	7.11e-12	3.26e-52
 2.14363e+15	6.00e-17	1.23e-11	2.85e-07	4.13e-04	9.99e-01	1.77e-04	0.00e+00	5.01e-18	1.50e-17	2.51e-17	4.05e-12	8.29e-12	5.62e-52
 2.22245e+15	7.60e-17	1.49e-11	3.30e-07	4.47e-04	9.99e-01	1.63e-04	0.00e+00	6.36e-18	1.91e-17	3.19e-17	4.91e-12	1.00e-11	1.12e-51
 2.30237e+15	9.54e-17	1.80e-11	3.81e-07	4.83e-04	9.99e-01	1.51e-04	0.00e+00	7.99e-18	2.40e-17	4.01e-17	5.91e-12	1.21e-11	2.18e-51
 2.37034e+15	1.15e-16	2.10e-11	4.29e-07	5.15e-04	9.99e-01	1.42e-04	0.00e+00	9.62e-18	2.89e-17	4.83e-17	6.88e-12	1.41e-11	3.76e-51
 2.44307e+15	1.39e-16	2.46e-11	4.84e-07	5.50e-04	9.99e-01	1.32e-04	0.00e+00	1.17e-17	3.50e-17	5.84e-17	8.06e-12	1.65e-11	6.69e-51
 2.53388e+15	1.76e-16	2.97e-11	5.62e-07	5.98e-04	9.99e-01	1.22e-04	0.00e+00	1.48e-17	4.43e-17	7.40e-17	9.74e-12	2.00e-11	1.33e-50
 2.62694e+15	2.21e-16	3.59e-11	6.51e-07	6.48e-04	9.99e-01	1.12e-04	0.00e+00	1.86e-17	5.59e-17	9.33e-17	1.18e-11	2.41e-11	2.66e-50
 2.70868e+15	2.69e-16	4.21e-11	7.38e-07	6.94e-04	9.99e-01	1.05e-04	0.00e+00	2.26e-17	6.79e-17	1.13e-16	1.38e-11	2.83e-11	4.76e-50
 2.79694e+15	3.26e-16	4.96e-11	8.39e-07	7.45e-04	9.99e-01	9.76e-05	0.00e+00	2.74e-17	8.24e-17	1.38e-16	1.63e-11	3.33e-11	8.66e-50
 2.90378e+15	4.17e-16	6.05e-11	9.78e-07	8.11e-04	9.99e-01	8.95e-05	0.00e+00	3.52e-17	1.06e-16	1.76e-16	1.98e-11	4.07e-11	1.81e-49
 3.00989e+15	5.20e-16	7.28e-11	1.13e-06	8.80e-04	9.99e-01	8.25e-05	0.00e+00	4.39e-17	1.32e-16	2.20e-16	2.39e-11	4.89e-11	3.58e-49
 3.10402e+15	6.31e-16	8.55e-11	1.28e-06	9.42e-04	9.99e-01	7.70e-05	0.00e+00	5.33e-17	1.60e-16	2.67e-16	2.81e-11	5.75e-11	6.52e-49
 3.20745e+15	7.72e-16	1.01e-10	1.46e-06	1.02e-03	9.99e-01	7.13e-05	0.00e+00	6.53e-17	1.96e-16	3.27e-16	3.32e-11	6.80e-11	1.22e-48
 3.33125e+15	9.75e-16	1.23e-10	1.70e-06	1.11e-03	9.99e-01	6.54e-05	0.00e+00	8.26e-17	2.48e-16	4.14e-16	4.04e-11	8.27e-11	2.56e-48
 3.45464e+15	1.22e-15	1.49e-10	1.97e-06	1.20e-03	9.99e-01	6.02e-05	0.00e+00	1.04e-16	3.11e-16	5.20e-16	4.88e-11	9.99e-11	5.23e-48
 3.56738e+15	1.48e-15	1.75e-10	2.24e-06	1.29e-03	9.99e-01	5.60e-05	0.00e+00	1.26e-16	3.77e-16	6.30e-16	5.74e-11	1.18e-10	9.64e-48
 3.69316e+15	1.86e-15	2.11e-10	2.58e-06	1.40e-03	9.99e-01	5.17e-05	0.00e+00	1.58e-16	4.75e-16	7.93e-16	6.92e-11	1.42e-10	1.97e-47
 3.83956e+15	2.36e-15	2.58e-10	3.02e-06	1.52e-03	9.98e-01	4.73e-05	0.00e+00	2.01e-16	6.04e-16	1.01e-15	8.48e-11	1.73e-10	4.31e-47
 3.98364e+15	2.98e-15	3.13e-10	3.50e-06	1.66e-03	9.98e-01	4.35e-05	0.00e+00	2.54e-16	7.63e-16	1.27e-15	1.03e-10	2.10e-10	9.19e-47
 4.12048e+15	3.67e-15	3.74e-10	4.01e-06	1.79e-03	9.98e-01	4.02e-05	0.00e+00	3.13e-16	9.41e-16	1.57e-15	1.23e-10	2.51e-10	1.83e-46
 4.24007e+15	4.38e-15	4.34e-10	4.49e-06	1.91e-03	9.98e-01	3.77e-05	0.00e+00	3.74e-16	1.12e-15	1.88e-15	1.43e-10	2.92e-10	3.29e-46
 4.33938e+15	5.08e-15	4.91e-10	4.93e-06	2.01e-03	9.98e-01	3.58e-05	0.00e+00	4.35e-16	1.30e-15	2.18e-15	1.61e-10	3.30e-10	5.35e-46
 4.44925e+15	5.94e-15	5.61e-10	5.45e-06	2.13e-03	9.98e-01	3.38e-05	0.00e+00	5.09e-16	1.53e-15	2.55e-15	1.84e-10	3.76e-10	9.02e-46
 4.59209e+15	7.18e-15	6.60e-10	6.18e-06	2.29e-03	9.98e-01	3.14e-05	0.00e+00	6.15e-16	1.85e-15	3.08e-15	2.17e-10	4.43e-10	1.73e-45
 4.74161e+15	8.68e-15	7.78e-10	7.02e-06	2.45e-03	9.98e-01	2.93e-05	0.00e+00	7.44e-16	2.23e-15	3.73e-15	2.56e-10	5.22e-10	3.28e-45
 4.86994e+15	1.03e-14	8.98e-10	7.82e-06	2.61e-03	9.97e-01	2.75e-05	0.00e+00	8.81e-16	2.65e-15	4.42e-15	2.95e-10	6.02e-10	5.80e-45
 5.00688e+15	1.22e-14	1.04e-09	8.73e-06	2.78e-03	9.97e-01	2.58e-05	0.00e+00	1.05e-15	3.14e-15	5.25e-15	3.42e-10	6.98e-10	1.04e-44
 5.18492e+15	1.55e-14	1.27e-09	1.00e-05	3.01e-03	9.97e-01	2.39e-05	0.00e+00	1.33e-15	4.00e-15	6.68e-15	4.17e-10	8.49e-10	2.29e-44
 5.36777e+15	1.92e-14	1.52e-09	1.15e-05	3.25e-03	9.97e-01	2.21e-05	0.00e+00	1.65e-15	4.96e-15	8.28e-15	5.02e-10	1.02e-09	4.74e-44
 5.52048e+15	2.26e-14	1.76e-09	1.29e-05	3.46e-03	9.97e-01	2.08e-05	0.00e+00	1.95e-15	5.84e-15	9.75e-15	5.79e-10	1.18e-09	8.32e-44
 5.68256e+15	2.70e-14	2.06e-09	1.45e-05	3.69e-03	9.96e-01	1.95e-05	0.00e+00	2.33e-15	7.00e-15	1.17e-14	6.77e-10	1.38e-09	1.54e-43
 5.88967e+15	3.47e-14	2.53e-09	1.67e-05	4.00e-03	9.96e-01	1.80e-05	0.00e+00	3.00e-15	9.00e-15	1.50e-14	8.34e-10	1.70e-09	3.51e-43
 6.10660e+15	4.34e-14	3.08e-09	1.93e-05	4.34e-03	9.96e-01	1.66e-05	0.00e+00	3.76e-15	1.13e-14	1.88e-14	1.01e-09	2.06e-09	7.68e-43
 6.29854e+15	5.27e-14	3.65e-09	2.18e-05	4.64e-03	9.95e-01	1.55e-05	0.00e+00	4.57e-15	1.37e-14	2.29e-14	1.20e-09	2.45e-09	1.49e-42
 6.50674e+15	6.34e-14	4.30e-09	2.49e-05	4.99e-03	9.95e-01	1.44e-05	0.00e+00	5.50e-15	1.65e-14	2.76e-14	1.42e-09	2.88e-09	2.82e-42
 6.75692e+15	8.24e-14	5.38e-09	2.89e-05	5.43e-03	9.95e-01	1.33e-05	0.00e+00	7.16e-15	2.15e-14	3.58e-14	1.78e-09	3.61e-09	6.52e-42
 7.00547e+15	1.01e-13	6.46e-09	3.34e-05	5.88e-03	9.94e-01	1.23e-05	0.00e+00	8.78e-15	2.63e-14	4.40e-14	2.13e-09	4.33e-09	1.31e-41
 7.22920e+15	1.23e-13	7.71e-09	3.79e-05	6.31e-03	9.94e-01	1.15e-05	0.00e+00	1.07e-14	3.22e-14	5.37e-14	2.54e-09	5.16e-09	2.56e-41
 7.47686e+15	1.53e-13	9.29e-09	4.34e-05	6.80e-03	9.93e-01	1.07e-05	0.00e+00	1.33e-14	3.99e-14	6.66e-14	3.07e-09	6.22e-09	5.27e-41
 7.76919e+15	2.00e-13	1.17e-08	5.06e-05	7.42e-03	9.93e-01	9.91e-06	0.00e+00	1.75e-14	5.25e-14	8.76e-14	3.87e-09	7.85e-09	1.27e-40
 8.05793e+15	2.53e-13	1.44e-08	5.86e-05	8.04e-03	9.92e-01	9.21e-06	0.00e+00	2.21e-14	6.63e-14	1.11e-13	4.76e-09	9.65e-09	2.77e-40
 8.32583e+15	3.11e-13	1.73e-08	6.69e-05	8.64e-03	9.91e-01	8.62e-06	0.00e+00	2.73e-14	8.18e-14	1.36e-13	5.73e-09	1.16e-08	5.55e-40
 8.62651e+15	3.90e-13	2.11e-08	7.72e-05	9.35e-03	9.91e-01	8.04e-06	0.00e+00	3.41e-14	1.02e-13	1.71e-13	6.99e-09	1.42e-08	1.16e-39
 8.97160e+15	5.07e-13	2.66e-08	9.05e-05	1.02e-02	9.90e-01	7.45e-06	0.00e+00	4.45e-14	1.33e-13	2.23e-13	8.79e-09	1.78e-08	2.73e-39
 9.30928e+15	6.38e-13	3.27e-08	1.05e-04	1.11e-02	9.89e-01	6.95e-06	0.00e+00	5.60e-14	1.68e-13	2.80e-13	1.08e-08	2.19e-08	5.79e-39
 9.58216e+15	7.73e-13	3.88e-08	1.18e-04	1.18e-02	9.88e-01	6.59e-06	0.00e+00	6.79e-14	2.04e-13	3.40e-13	1.28e-08	2.60e-08	1.06e-38
 9.79485e+15	8.93e-13	4.41e-08	1.29e-04	1.24e-02	9.87e-01	6.33e-06	0.00e+00	7.85e-14	2.36e-13	3.93e-13	1.46e-08	2.95e-08	1.66e-38
 1.00284e+16	1.04e-12	5.05e-08	1.42e-04	1.30e-02	9.87e-01	6.07e-06	0.00e+00	9.18e-14	2.75e-13	4.59e-13	1.67e-08	3.38e-08	2.70e-38
 1.03321e+16	1.25e-12	5.92e-08	1.61e-04	1.39e-02	9.86e-01	5.76e-06	0.00e+00	1.10e-13	3.31e-13	5.52e-13	1.96e-08	3.96e-08	4.72e-38
 1.06611e+16	1.56e-12	7.22e-08	1.83e-04	1.49e-02	9.85e-01	5.46e-06	0.00e+00	1.37e-13	4.13e-13	6.88e-13	2.39e-08	4.83e-08	9.72e-38
 1.09551e+16	1.87e-12	8.47e-08	2.04e-04	1.59e-02	9.84e-01	5.22e-06	0.00e+00	1.65e-13	4.95e-13	8.25e-13	2.80e-08	5.66e-08	1.70e-37
 1.12693e+16	2.25e-12	9.97e-08	2.30e-04	1.69e-02	9.83e-01	4.99e-06	0.00e+00	1.99e-13	5.96e-13	9.95e-13	3.30e-08	6.67e-08	2.95e-37
 1.16758e+16	2.89e-12	1.24e-07	2.66e-04	1.83e-02	9.81e-01	4.72e-06	0.00e+00	2.55e-13	7.66e-13	1.28e-12	4.10e-08	8.27e-08	6.30e-37
 1.20879e+16	3.57e-12	1.49e-07	3.07e-04	1.97e-02	9.80e-01	4.48e-06	0.00e+00	3.16e-13	9.48e-13	1.58e-12	4.93e-08	9.96e-08	1.17e-36
 1.24261e+16	4.30e-12	1.76e-07	3.45e-04	2.10e-02	9.79e-01	4.30e-06	0.00e+00	3.80e-13	1.14e-12	1.90e-12	5.83e-08	1.18e-07	2.04e-36
 1.27826e+16	5.29e-12	2.12e-07	3.88e-04	2.24e-02	9.77e-01	4.14e-06	0.00e+00	4.69e-13	1.41e-12	2.35e-12	7.01e-08	1.41e-07	3.83e-36
 1.32437e+16	6.81e-12	2.63e-07	4.52e-04	2.43e-02	9.75e-01	3.95e-06	0.00e+00	6.04e-13	1.81e-12	3.02e-12	8.73e-08	1.76e-07	8.11e-36
 1.37153e+16	8.62e-12	3.25e-07	5.24e-04	2.62e-02	9.73e-01	3.78e-06	0.00e+00	7.65e-13	2.30e-12	3.83e-12	1.08e-07	2.18e-07	1.59e-35
 1.41130e+16	1.05e-11	3.87e-07	5.92e-04	2.80e-02	9.71e-01	3.65e-06	0.00e+00	9.34e-13	2.80e-12	4.67e-12	1.28e-07	2.59e-07	2.79e-35
 1.45405e+16	1.30e-11	4.66e-07	6.74e-04	3.00e-02	9.69e-01	3.53e-06	0.00e+00	1.16e-12	3.47e-12	5.80e-12	1.55e-07	3.12e-07	5.05e-35
 1.50231e+16	1.63e-11	5.60e-07	7.77e-04	3.23e-02	9.67e-01	3.40e-06	0.00e+00	1.45e-12	4.34e-12	7.24e-12	1.86e-07	3.74e-07	8.92e-35
 1.54868e+16	2.04e-11	6.91e-07	8.89e-04	3.47e-02	9.64e-01	3.30e-06	0.00e+00	1.82e-12	5.45e-12	9.10e-12	2.29e-07	4.62e-07	1.76e-34
 1.59286e+16	2.51e-11	8.25e-07	1.01e-03	3.70e-02	9.62e-01	3.21e-06	0.00e+00	2.24e-12	6.71e-12	1.12e-11	2.74e-07	5.51e-07	3.06e-34
 1.64323e+16	3.13e-11	9.87e-07	1.16e-03	3.98e-02	9.59e-01	3.11e-06	0.00e+00	2.79e-12	8.37e-12	1.40e-11	3.27e-07	6.60e-07	5.19e-34
 1.69921e+16	4.04e-11	1.25e-06	1.35e-03	4.33e-02	9.55e-01	3.03e-06	0.00e+00	3.60e-12	1.08e-11	1.80e-11	4.14e-07	8.34e-07	1.09e-33
 1.74902e+16	5.00e-11	1.50e-06	1.54e-03	4.63e-02	9.52e-01	2.96e-06	0.00e+00	4.46e-12	1.34e-11	2.23e-11	4.97e-07	1.00e-06	1.83e-33
 1.79333e+16	6.03e-11	1.75e-06	1.74e-03	4.93e-02	9.49e-01	2.90e-06	0.00e+00	5.39e-12	1.62e-11	2.70e-11	5.79e-07	1.17e-06	2.87e-33
 1.84394e+16	7.47e-11	2.10e-06	1.98e-03	5.28e-02	9.45e-01	2.84e-06	0.00e+00	6.68e-12	2.00e-11	3.34e-11	6.96e-07	1.40e-06	4.94e-33
 1.90075e+16	9.64e-11	2.64e-06	2.30e-03	5.72e-02	9.40e-01	2.79e-06	0.00e+00	8.63e-12	2.59e-11	4.32e-11	8.75e-07	1.76e-06	9.95e-33
 1.95366e+16	1.19e-10	3.16e-06	2.63e-03	6.14e-02	9.36e-01	2.74e-06	0.00e+00	1.07e-11	3.21e-11	5.35e-11	1.05e-06	2.11e-06	1.63e-32
 1.99962e+16	1.44e-10	3.67e-06	2.96e-03	6.52e-02	9.32e-01	2.71e-06	0.00e+00	1.29e-11	3.87e-11	6.45e-11	1.22e-06	2.45e-06	2.47e-32
 2.04853e+16	1.76e-10	4.36e-06	3.35e-03	6.96e-02	9.27e-01	2.67e-06	0.00e+00	1.58e-11	4.73e-11	7.88e-11	1.45e-06	2.91e-06	4.00e-32
 2.10146e+16	2.22e-10	5.36e-06	3.84e-03	7.49e-02	9.21e-01	2.64e-06	0.00e+00	1.99e-11	5.98e-11	9.96e-11	1.78e-06	3.58e-06	7.43e-32
 2.14687e+16	2.65e-10	6.26e-06	4.31e-03	7.95e-02	9.16e-01	2.62e-06	0.00e+00	2.38e-11	7.14e-11	1.19e-10	2.08e-06	4.18e-06	1.13e-31
 2.19315e+16	3.23e-10	7.35e-06	4.85e-03	8.45e-02	9.11e-01	2.60e-06	0.00e+00	2.91e-11	8.72e-11	1.45e-10	2.44e-06	4.91e-06	1.75e-31
 2.25332e+16	4.21e-10	9.19e-06	5.68e-03	9.18e-02	9.02e-01	2.58e-06	0.00e+00	3.79e-11	1.14e-10	1.90e-10	3.05e-06	6.14e-06	3.33e-31
 2.31272e+16	5.32e-10	1.10e-05	6.60e-03	9.92e-02	8.94e-01	2.55e-06	0.00e+00	4.79e-11	1.44e-10	2.39e-10	3.65e-06	7.34e-06	5.16e-31
 2.35860e+16	6.50e-10	1.33e-05	7.44e-03	1.06e-01	8.87e-01	2.55e-06	0.00e+00	5.86e-11	1.76e-10	2.93e-10	4.41e-06	8.85e-06	8.86e-31
 2.39938e+16	7.71e-10	1.53e-05	8.30e-03	1.12e-01	8.80e-01	2.55e-06	0.00e+00	6.95e-11	2.09e-10	3.48e-10	5.10e-06	1.02e-05	1.30e-30
 2.44605e+16	9.52e-10	1.81e-05	9.42e-03	1.19e-01	8.71e-01	2.54e-06	0.00e+00	8.59e-11	2.58e-10	4.30e-10	6.03e-06	1.21e-05	2.03e-30
 2.49783e+16	1.21e-09	2.22e-05	1.09e-02	1.29e-01	8.60e-01	2.55e-06	0.00e+00	1.09e-10	3.28e-10	5.46e-10	7.38e-06	1.48e-05	3.56e-30
