#depth	He	He+	He+2
 1.49634e+10	5.58e-24	7.63e-13	1.00e+00
 4.54887e+10	6.22e-24	8.24e-13	1.00e+00
 7.72350e+10	6.88e-24	8.91e-13	1.00e+00
 1.10251e+11	7.61e-24	9.64e-13	1.00e+00
 1.44588e+11	8.41e-24	1.04e-12	1.00e+00
 1.76629e+11	9.21e-24	1.12e-12	1.00e+00
 2.04847e+11	9.94e-24	1.19e-12	1.00e+00
 2.36316e+11	1.08e-23	1.27e-12	1.00e+00
 2.74149e+11	1.19e-23	1.37e-12	1.00e+00
 3.12124e+11	1.30e-23	1.47e-12	1.00e+00
 3.46907e+11	1.42e-23	1.57e-12	1.00e+00
 3.85670e+11	1.55e-23	1.68e-12	1.00e+00
 4.30694e+11	1.71e-23	1.82e-12	1.00e+00
 4.74743e+11	1.88e-23	1.96e-12	1.00e+00
 5.16293e+11	2.05e-23	2.09e-12	1.00e+00
 5.62610e+11	2.24e-23	2.25e-12	1.00e+00
 6.15041e+11	2.49e-23	2.44e-12	1.00e+00
 6.67179e+11	2.74e-23	2.63e-12	1.00e+00
 7.21402e+11	3.03e-23	2.84e-12	1.00e+00
 7.80185e+11	3.36e-23	3.07e-12	1.00e+00
 8.41319e+11	3.73e-23	3.32e-12	1.00e+00
 9.04899e+11	4.15e-23	3.60e-12	1.00e+00
 9.71021e+11	4.61e-23	3.89e-12	1.00e+00
 1.03979e+12	5.14e-23	4.22e-12	1.00e+00
 1.11131e+12	5.73e-23	4.57e-12	1.00e+00
 1.18569e+12	6.40e-23	4.95e-12	1.00e+00
 1.26304e+12	7.15e-23	5.36e-12	1.00e+00
 1.34349e+12	8.00e-23	5.81e-12	1.00e+00
 1.42716e+12	8.97e-23	6.29e-12	1.00e+00
 1.51417e+12	1.01e-22	6.82e-12	1.00e+00
 1.59847e+12	1.12e-22	7.35e-12	1.00e+00
 1.67575e+12	1.24e-22	7.85e-12	1.00e+00
 1.76160e+12	1.37e-22	8.44e-12	1.00e+00
 1.86130e+12	1.55e-22	9.15e-12	1.00e+00
 1.95992e+12	1.74e-22	9.87e-12	1.00e+00
 2.06249e+12	1.95e-22	1.07e-11	1.00e+00
 2.17492e+12	2.21e-22	1.16e-11	1.00e+00
 2.28858e+12	2.50e-22	1.25e-11	1.00e+00
 2.40678e+12	2.83e-22	1.36e-11	1.00e+00
 2.53298e+12	3.22e-22	1.47e-11	1.00e+00
 2.66423e+12	3.67e-22	1.60e-11	1.00e+00
 2.80072e+12	4.19e-22	1.74e-11	1.00e+00
 2.94268e+12	4.79e-22	1.89e-11	1.00e+00
 3.09031e+12	5.48e-22	2.05e-11	1.00e+00
 3.24385e+12	6.28e-22	2.23e-11	1.00e+00
 3.40353e+12	7.21e-22	2.43e-11	1.00e+00
 3.55359e+12	8.19e-22	2.62e-11	1.00e+00
 3.68766e+12	9.13e-22	2.80e-11	1.00e+00
 3.83812e+12	1.03e-21	3.01e-11	1.00e+00
 4.01658e+12	1.18e-21	3.27e-11	1.00e+00
 4.19602e+12	1.35e-21	3.55e-11	1.00e+00
 4.36425e+12	1.53e-21	3.82e-11	1.00e+00
 4.55035e+12	1.74e-21	4.13e-11	1.00e+00
 4.76229e+12	2.01e-21	4.51e-11	1.00e+00
 4.97356e+12	2.32e-21	4.90e-11	1.00e+00
 5.19328e+12	2.67e-21	5.33e-11	1.00e+00
 5.43094e+12	3.10e-21	5.83e-11	1.00e+00
 5.67810e+12	3.59e-21	6.37e-11	1.00e+00
 5.91107e+12	4.12e-21	6.91e-11	1.00e+00
 6.12061e+12	4.63e-21	7.41e-11	1.00e+00
 6.35653e+12	5.25e-21	8.02e-11	1.00e+00
 6.63464e+12	6.09e-21	8.76e-11	1.00e+00
 6.91273e+12	7.03e-21	9.55e-11	1.00e+00
 7.17446e+12	7.99e-21	1.03e-10	1.00e+00
 7.46388e+12	9.15e-21	1.13e-10	1.00e+00
 7.79236e+12	1.06e-20	1.24e-10	1.00e+00
 8.11700e+12	1.23e-20	1.35e-10	1.00e+00
 8.45462e+12	1.41e-20	1.48e-10	1.00e+00
 8.82273e+12	1.64e-20	1.63e-10	1.00e+00
 9.19410e+12	1.90e-20	1.78e-10	1.00e+00
 9.58032e+12	2.19e-20	1.96e-10	1.00e+00
 9.97859e+12	2.52e-20	2.15e-10	1.00e+00
 1.03692e+13	2.88e-20	2.35e-10	1.00e+00
 1.07903e+13	3.30e-20	2.58e-10	1.00e+00
 1.12518e+13	3.81e-20	2.85e-10	1.00e+00
 1.17318e+13	4.39e-20	3.15e-10	1.00e+00
 1.22310e+13	5.05e-20	3.49e-10	1.00e+00
 1.27502e+13	5.80e-20	3.86e-10	1.00e+00
 1.32194e+13	6.54e-20	4.22e-10	1.00e+00
 1.36100e+13	7.19e-20	4.53e-10	1.00e+00
 1.40376e+13	7.94e-20	4.89e-10	1.00e+00
 1.45798e+13	8.96e-20	5.37e-10	1.00e+00
 1.51459e+13	1.01e-19	5.91e-10	1.00e+00
 1.56258e+13	1.12e-19	6.39e-10	1.00e+00
 1.61190e+13	1.23e-19	6.91e-10	1.00e+00
 1.67407e+13	1.39e-19	7.61e-10	1.00e+00
 1.73726e+13	1.56e-19	8.36e-10	1.00e+00
 1.79139e+13	1.71e-19	9.03e-10	1.00e+00
 1.84941e+13	1.88e-19	9.79e-10	1.00e+00
 1.92135e+13	2.11e-19	1.08e-09	1.00e+00
 1.99515e+13	2.37e-19	1.19e-09	1.00e+00
 2.06148e+13	2.61e-19	1.29e-09	1.00e+00
 2.13429e+13	2.91e-19	1.41e-09	1.00e+00
 2.22045e+13	3.28e-19	1.56e-09	1.00e+00
 2.30681e+13	3.70e-19	1.71e-09	1.00e+00
 2.38857e+13	4.14e-19	1.87e-09	1.00e+00
 2.47905e+13	4.67e-19	2.05e-09	1.00e+00
 2.58121e+13	5.34e-19	2.27e-09	1.00e+00
 2.68305e+13	6.08e-19	2.50e-09	1.00e+00
 2.77294e+13	6.82e-19	2.71e-09	1.00e+00
 2.85202e+13	7.53e-19	2.90e-09	1.00e+00
 2.94162e+13	8.42e-19	3.13e-09	1.00e+00
 3.04152e+13	9.52e-19	3.40e-09	1.00e+00
 3.13538e+13	1.07e-18	3.66e-09	1.00e+00
 3.23798e+13	1.20e-18	3.96e-09	1.00e+00
 3.35262e+13	1.38e-18	4.31e-09	1.00e+00
 3.46079e+13	1.56e-18	4.65e-09	1.00e+00
 3.57930e+13	1.78e-18	5.05e-09	1.00e+00
 3.71194e+13	2.07e-18	5.51e-09	1.00e+00
 3.83756e+13	2.37e-18	5.97e-09	1.00e+00
 3.95377e+13	2.68e-18	6.41e-09	1.00e+00
 4.08313e+13	3.07e-18	6.92e-09	1.00e+00
 4.22822e+13	3.56e-18	7.52e-09	1.00e+00
 4.36516e+13	4.08e-18	8.11e-09	1.00e+00
 4.51461e+13	4.71e-18	8.77e-09	1.00e+00
 4.67993e+13	5.50e-18	9.55e-09	1.00e+00
 4.83309e+13	6.33e-18	1.03e-08	1.00e+00
 4.99938e+13	7.34e-18	1.11e-08	1.00e+00
 5.18543e+13	8.61e-18	1.21e-08	1.00e+00
 5.36095e+13	9.97e-18	1.31e-08	1.00e+00
 5.55293e+13	1.16e-17	1.42e-08	1.00e+00
 5.76725e+13	1.38e-17	1.55e-08	1.00e+00
 5.96916e+13	1.60e-17	1.68e-08	1.00e+00
 6.18806e+13	1.87e-17	1.82e-08	1.00e+00
 6.43362e+13	2.23e-17	1.99e-08	1.00e+00
 6.67067e+13	2.61e-17	2.16e-08	1.00e+00
 6.92216e+13	3.07e-17	2.35e-08	1.00e+00
 7.20204e+13	3.65e-17	2.56e-08	1.00e+00
 7.48457e+13	4.32e-17	2.79e-08	1.00e+00
 7.77840e+13	5.10e-17	3.04e-08	1.00e+00
 8.09253e+13	6.08e-17	3.32e-08	1.00e+00
 8.38937e+13	7.10e-17	3.59e-08	1.00e+00
 8.65791e+13	8.13e-17	3.85e-08	1.00e+00
 8.91245e+13	9.21e-17	4.10e-08	1.00e+00
 9.19465e+13	1.05e-16	4.38e-08	1.00e+00
 9.51069e+13	1.21e-16	4.71e-08	1.00e+00
 9.81005e+13	1.39e-16	5.04e-08	1.00e+00
 1.01386e+14	1.59e-16	5.40e-08	1.00e+00
 1.04991e+14	1.84e-16	5.82e-08	1.00e+00
 1.08293e+14	2.10e-16	6.21e-08	1.00e+00
 1.11867e+14	2.41e-16	6.65e-08	1.00e+00
 1.15864e+14	2.79e-16	7.16e-08	1.00e+00
 1.19639e+14	3.19e-16	7.66e-08	1.00e+00
 1.23777e+14	3.67e-16	8.22e-08	1.00e+00
 1.28370e+14	4.26e-16	8.86e-08	1.00e+00
 1.32664e+14	4.87e-16	9.49e-08	1.00e+00
 1.37354e+14	5.61e-16	1.02e-07	1.00e+00
 1.42596e+14	6.53e-16	1.10e-07	1.00e+00
 1.47557e+14	7.50e-16	1.18e-07	1.00e+00
 1.52941e+14	8.65e-16	1.27e-07	1.00e+00
 1.58943e+14	1.01e-15	1.37e-07	1.00e+00
 1.64722e+14	1.16e-15	1.47e-07	1.00e+00
 1.70878e+14	1.34e-15	1.58e-07	1.00e+00
 1.77743e+14	1.57e-15	1.71e-07	1.00e+00
 1.84630e+14	1.82e-15	1.85e-07	1.00e+00
 1.91792e+14	2.12e-15	1.99e-07	1.00e+00
 1.99493e+14	2.47e-15	2.15e-07	1.00e+00
 2.07503e+14	2.88e-15	2.33e-07	1.00e+00
 2.15833e+14	3.36e-15	2.51e-07	1.00e+00
 2.23926e+14	3.87e-15	2.70e-07	1.00e+00
 2.31582e+14	4.41e-15	2.89e-07	1.00e+00
 2.38812e+14	4.97e-15	3.07e-07	1.00e+00
 2.46682e+14	5.64e-15	3.27e-07	1.00e+00
 2.55451e+14	6.47e-15	3.51e-07	1.00e+00
 2.63697e+14	7.31e-15	3.73e-07	1.00e+00
 2.72726e+14	8.33e-15	3.99e-07	1.00e+00
 2.82898e+14	9.60e-15	4.29e-07	1.00e+00
 2.92659e+14	1.10e-14	4.59e-07	1.00e+00
 3.03314e+14	1.26e-14	4.92e-07	1.00e+00
 3.15476e+14	1.47e-14	5.33e-07	1.00e+00
 3.27340e+14	1.69e-14	5.73e-07	1.00e+00
 3.39678e+14	1.96e-14	6.17e-07	1.00e+00
 3.52158e+14	2.25e-14	6.63e-07	1.00e+00
 3.63181e+14	2.54e-14	7.07e-07	1.00e+00
 3.75183e+14	2.88e-14	7.53e-07	1.00e+00
 3.89621e+14	3.34e-14	8.14e-07	1.00e+00
 4.03941e+14	3.84e-14	8.75e-07	1.00e+00
 4.16757e+14	4.34e-14	9.33e-07	1.00e+00
 4.30902e+14	4.93e-14	9.99e-07	1.00e+00
 4.47689e+14	5.73e-14	1.08e-06	1.00e+00
 4.64245e+14	6.58e-14	1.16e-06	1.00e+00
 4.79390e+14	7.46e-14	1.24e-06	1.00e+00
 4.96370e+14	8.54e-14	1.33e-06	1.00e+00
 5.16101e+14	9.91e-14	1.44e-06	1.00e+00
 5.35417e+14	1.14e-13	1.55e-06	1.00e+00
 5.53641e+14	1.29e-13	1.66e-06	1.00e+00
 5.73952e+14	1.48e-13	1.79e-06	1.00e+00
 5.96940e+14	1.72e-13	1.94e-06	1.00e+00
 6.19952e+14	1.99e-13	2.10e-06	1.00e+00
 6.41433e+14	2.26e-13	2.25e-06	1.00e+00
 6.64669e+14	2.58e-13	2.41e-06	1.00e+00
 6.91286e+14	2.99e-13	2.62e-06	1.00e+00
 7.16326e+14	3.41e-13	2.81e-06	1.00e+00
 7.38867e+14	3.83e-13	3.00e-06	1.00e+00
 7.60224e+14	4.25e-13	3.17e-06	1.00e+00
 7.83887e+14	4.76e-13	3.38e-06	1.00e+00
 8.10337e+14	5.37e-13	3.62e-06	1.00e+00
 8.35229e+14	6.00e-13	3.84e-06	1.00e+00
 8.62411e+14	6.73e-13	4.10e-06	1.00e+00
 8.92794e+14	7.64e-13	4.40e-06	1.00e+00
 9.21662e+14	8.56e-13	4.70e-06	1.00e+00
 9.53515e+14	9.67e-13	5.03e-06	1.00e+00
 9.88649e+14	1.10e-12	5.42e-06	1.00e+00
 1.02106e+15	1.23e-12	5.79e-06	1.00e+00
 1.05620e+15	1.39e-12	6.20e-06	1.00e+00
 1.09545e+15	1.58e-12	6.69e-06	1.00e+00
 1.13217e+15	1.78e-12	7.15e-06	1.00e+00
 1.17201e+15	2.00e-12	7.67e-06	1.00e+00
 1.21650e+15	2.28e-12	8.28e-06	1.00e+00
 1.25817e+15	2.57e-12	8.87e-06	1.00e+00
 1.30344e+15	2.90e-12	9.55e-06	1.00e+00
 1.35392e+15	3.32e-12	1.03e-05	1.00e+00
 1.40157e+15	3.74e-12	1.11e-05	1.00e+00
 1.45282e+15	4.23e-12	1.20e-05	1.00e+00
 1.51096e+15	4.85e-12	1.30e-05	1.00e+00
 1.56784e+15	5.52e-12	1.40e-05	1.00e+00
 1.62700e+15	6.29e-12	1.52e-05	1.00e+00
 1.69211e+15	7.21e-12	1.65e-05	1.00e+00
 1.75633e+15	8.24e-12	1.79e-05	1.00e+00
 1.80918e+15	9.14e-12	1.90e-05	1.00e+00
 1.85123e+15	9.91e-12	2.00e-05	1.00e+00
 1.89781e+15	1.08e-11	2.11e-05	1.00e+00
 1.95835e+15	1.21e-11	2.26e-05	1.00e+00
 2.02339e+15	1.36e-11	2.43e-05	1.00e+00
 2.08130e+15	1.50e-11	2.58e-05	1.00e+00
 2.14363e+15	1.68e-11	2.75e-05	1.00e+00
 2.22245e+15	1.92e-11	2.98e-05	1.00e+00
 2.30237e+15	2.18e-11	3.23e-05	1.00e+00
 2.37034e+15	2.43e-11	3.44e-05	1.00e+00
 2.44307e+15	2.70e-11	3.68e-05	1.00e+00
 2.53388e+15	3.11e-11	4.00e-05	1.00e+00
 2.62694e+15	3.57e-11	4.34e-05	1.00e+00
 2.70868e+15	3.99e-11	4.65e-05	1.00e+00
 2.79694e+15	4.48e-11	4.99e-05	1.00e+00
 2.90378e+15	5.20e-11	5.44e-05	1.00e+00
 3.00989e+15	5.96e-11	5.90e-05	1.00e+00
 3.10402e+15	6.69e-11	6.33e-05	1.00e+00
 3.20745e+15	7.61e-11	6.82e-05	1.00e+00
 3.33125e+15	8.79e-11	7.44e-05	1.00e+00
 3.45464e+15	1.01e-10	8.08e-05	1.00e+00
 3.56738e+15	1.13e-10	8.68e-05	1.00e+00
 3.69316e+15	1.31e-10	9.40e-05	1.00e+00
 3.83956e+15	1.52e-10	1.03e-04	1.00e+00
 3.98364e+15	1.76e-10	1.12e-04	1.00e+00
 4.12048e+15	2.01e-10	1.21e-04	1.00e+00
 4.24007e+15	2.24e-10	1.29e-04	1.00e+00
 4.33938e+15	2.46e-10	1.36e-04	1.00e+00
 4.44925e+15	2.72e-10	1.44e-04	1.00e+00
 4.59209e+15	3.08e-10	1.55e-04	1.00e+00
 4.74161e+15	3.46e-10	1.66e-04	1.00e+00
 4.86994e+15	3.85e-10	1.76e-04	1.00e+00
 5.00688e+15	4.31e-10	1.88e-04	1.00e+00
 5.18492e+15	5.01e-10	2.04e-04	1.00e+00
 5.36777e+15	5.71e-10	2.20e-04	1.00e+00
 5.52048e+15	6.35e-10	2.34e-04	1.00e+00
 5.68256e+15	7.13e-10	2.50e-04	1.00e+00
 5.88967e+15	8.33e-10	2.72e-04	1.00e+00
 6.10660e+15	9.64e-10	2.95e-04	1.00e+00
 6.29854e+15	1.09e-09	3.16e-04	1.00e+00
 6.50674e+15	1.23e-09	3.40e-04	1.00e+00
 6.75692e+15	1.45e-09	3.70e-04	1.00e+00
 7.00547e+15	1.66e-09	4.01e-04	1.00e+00
 7.22920e+15	1.89e-09	4.31e-04	1.00e+00
 7.47686e+15	2.17e-09	4.65e-04	1.00e+00
 7.76919e+15	2.58e-09	5.07e-04	9.99e-01
 8.05793e+15	3.00e-09	5.50e-04	9.99e-01
 8.32583e+15	3.43e-09	5.92e-04	9.99e-01
 8.62651e+15	3.96e-09	6.41e-04	9.99e-01
 8.97160e+15	4.69e-09	7.01e-04	9.99e-01
 9.30928e+15	5.43e-09	7.61e-04	9.99e-01
 9.58216e+15	6.15e-09	8.12e-04	9.99e-01
 9.79485e+15	6.74e-09	8.53e-04	9.99e-01
 1.00284e+16	7.44e-09	9.00e-04	9.99e-01
 1.03321e+16	8.31e-09	9.62e-04	9.99e-01
 1.06611e+16	9.64e-09	1.03e-03	9.99e-01
 1.09551e+16	1.08e-08	1.10e-03	9.99e-01
 1.12693e+16	1.21e-08	1.17e-03	9.99e-01
 1.16758e+16	1.42e-08	1.27e-03	9.99e-01
 1.20879e+16	1.61e-08	1.37e-03	9.99e-01
 1.24261e+16	1.81e-08	1.46e-03	9.99e-01
 1.27826e+16	2.07e-08	1.56e-03	9.98e-01
 1.32437e+16	2.43e-08	1.70e-03	9.98e-01
 1.37153e+16	2.81e-08	1.84e-03	9.98e-01
 1.41130e+16	3.18e-08	1.97e-03	9.98e-01
 1.45405e+16	3.63e-08	2.12e-03	9.98e-01
 1.50231e+16	4.11e-08	2.29e-03	9.98e-01
 1.54868e+16	4.79e-08	2.46e-03	9.98e-01
 1.59286e+16	5.42e-08	2.64e-03	9.97e-01
 1.64323e+16	6.12e-08	2.85e-03	9.97e-01
 1.69921e+16	7.26e-08	3.10e-03	9.97e-01
 1.74902e+16	8.21e-08	3.34e-03	9.97e-01
 1.79333e+16	9.13e-08	3.56e-03	9.96e-01
 1.84394e+16	1.04e-07	3.84e-03	9.96e-01
 1.90075e+16	1.23e-07	4.17e-03	9.96e-01
 1.95366e+16	1.39e-07	4.50e-03	9.96e-01
 1.99962e+16	1.54e-07	4.80e-03	9.95e-01
 2.04853e+16	1.74e-07	5.16e-03	9.95e-01
 2.10146e+16	2.02e-07	5.59e-03	9.94e-01
 2.14687e+16	2.25e-07	5.96e-03	9.94e-01
 2.19315e+16	2.52e-07	6.39e-03	9.94e-01
 2.25332e+16	2.97e-07	7.02e-03	9.93e-01
 2.31272e+16	3.36e-07	7.66e-03	9.92e-01
 2.35860e+16	3.86e-07	8.25e-03	9.92e-01
 2.39938e+16	4.28e-07	8.81e-03	9.91e-01
 2.44605e+16	4.84e-07	9.54e-03	9.90e-01
 2.49783e+16	5.64e-07	1.04e-02	9.90e-01
 2.54509e+16	6.30e-07	1.13e-02	9.89e-01
 2.58831e+16	7.25e-07	1.23e-02	9.88e-01
 2.62927e+16	8.25e-07	1.33e-02	9.87e-01
 2.66783e+16	9.17e-07	1.44e-02	9.86e-01
 2.71147e+16	1.06e-06	1.58e-02	9.84e-01
 2.75691e+16	1.23e-06	1.75e-02	9.82e-01
 2.79415e+16	1.41e-06	1.92e-02	9.81e-01
 2.82615e+16	1.60e-06	2.08e-02	9.79e-01
 2.86186e+16	1.85e-06	2.30e-02	9.77e-01
 2.90005e+16	2.17e-06	2.56e-02	9.74e-01
 2.93262e+16	2.57e-06	2.84e-02	9.72e-01
 2.95993e+16	2.93e-06	3.11e-02	9.69e-01
 2.98483e+16	3.34e-06	3.40e-02	9.66e-01
 3.01281e+16	3.83e-06	3.78e-02	9.62e-01
 3.04329e+16	4.56e-06	4.28e-02	9.57e-01
 3.06955e+16	5.40e-06	4.81e-02	9.52e-01
 3.09104e+16	6.37e-06	5.34e-02	9.47e-01
 3.11028e+16	7.33e-06	5.90e-02	9.41e-01
 3.13174e+16	8.53e-06	6.65e-02	9.33e-01
 3.15472e+16	1.03e-05	7.64e-02	9.24e-01
 3.17385e+16	1.23e-05	8.67e-02	9.13e-01
 3.18910e+16	1.45e-05	9.67e-02	9.03e-01
 3.20265e+16	1.67e-05	1.07e-01	8.93e-01
 3.21781e+16	1.95e-05	1.21e-01	8.79e-01
 3.23417e+16	2.39e-05	1.40e-01	8.60e-01
 3.24765e+16	2.80e-05	1.59e-01	8.41e-01
 3.25844e+16	3.28e-05	1.77e-01	8.23e-01
 3.26852e+16	3.74e-05	1.96e-01	8.04e-01
 3.27994e+16	4.42e-05	2.23e-01	7.77e-01
 3.29193e+16	5.38e-05	2.55e-01	7.45e-01
 3.30065e+16	6.14e-05	2.83e-01	7.17e-01
 3.30641e+16	6.75e-05	3.03e-01	6.97e-01
 3.31231e+16	7.44e-05	3.26e-01	6.74e-01
 3.31997e+16	8.47e-05	3.58e-01	6.42e-01
 3.32768e+16	9.61e-05	3.93e-01	6.07e-01
 3.33379e+16	1.06e-04	4.24e-01	5.76e-01
 3.34010e+16	1.18e-04	4.57e-01	5.43e-01
 3.34711e+16	1.32e-04	4.96e-01	5.04e-01
 3.35372e+16	1.46e-04	5.33e-01	4.67e-01
 3.36002e+16	1.61e-04	5.70e-01	4.30e-01
 3.36725e+16	1.79e-04	6.12e-01	3.88e-01
 3.37537e+16	1.99e-04	6.58e-01	3.42e-01
 3.38322e+16	2.19e-04	7.00e-01	3.00e-01
 3.39202e+16	2.42e-04	7.44e-01	2.55e-01
 3.40346e+16	2.70e-04	7.95e-01	2.05e-01
 3.41569e+16	2.97e-04	8.39e-01	1.61e-01
 3.42897e+16	3.24e-04	8.77e-01	1.23e-01
 3.44622e+16	3.54e-04	9.13e-01	8.69e-02
 3.46865e+16	3.86e-04	9.43e-01	5.64e-02
 3.49782e+16	4.20e-04	9.66e-01	3.35e-02
 3.53060e+16	4.52e-04	9.80e-01	2.00e-02
 3.56309e+16	4.83e-04	9.87e-01	1.26e-02
 3.60034e+16	5.20e-04	9.92e-01	7.83e-03
 3.64082e+16	5.63e-04	9.94e-01	4.98e-03
 3.67563e+16	6.06e-04	9.96e-01	3.52e-03
 3.70443e+16	6.47e-04	9.97e-01	2.69e-03
 3.73527e+16	6.98e-04	9.97e-01	2.03e-03
 3.76155e+16	7.49e-04	9.98e-01	1.65e-03
 3.77526e+16	7.79e-04	9.98e-01	1.49e-03
 3.78643e+16	8.05e-04	9.98e-01	1.36e-03
 3.80095e+16	8.41e-04	9.98e-01	1.21e-03
 3.81984e+16	8.94e-04	9.98e-01	1.04e-03
 3.83834e+16	9.52e-04	9.98e-01	9.11e-04
 3.85170e+16	1.00e-03	9.98e-01	8.31e-04
 3.86254e+16	1.04e-03	9.98e-01	7.69e-04
 3.87475e+16	1.10e-03	9.98e-01	7.03e-04
 3.88730e+16	1.15e-03	9.98e-01	6.46e-04
 3.89714e+16	1.20e-03	9.98e-01	6.05e-04
 3.90526e+16	1.25e-03	9.98e-01	5.73e-04
 3.91431e+16	1.30e-03	9.98e-01	5.38e-04
 3.92445e+16	1.37e-03	9.98e-01	5.03e-04
 3.93366e+16	1.43e-03	9.98e-01	4.74e-04
 3.94159e+16	1.50e-03	9.98e-01	4.50e-04
 3.95018e+16	1.57e-03	9.98e-01	4.25e-04
 3.95944e+16	1.65e-03	9.98e-01	4.01e-04
 3.96735e+16	1.73e-03	9.98e-01	3.82e-04
 3.97407e+16	1.81e-03	9.98e-01	3.66e-04
 3.98147e+16	1.89e-03	9.98e-01	3.49e-04
 3.98957e+16	2.00e-03	9.98e-01	3.32e-04
 3.99670e+16	2.10e-03	9.98e-01	3.18e-04
 4.00281e+16	2.20e-03	9.97e-01	3.06e-04
 4.00949e+16	2.31e-03	9.97e-01	2.93e-04
 4.01677e+16	2.45e-03	9.97e-01	2.81e-04
 4.02309e+16	2.58e-03	9.97e-01	2.70e-04
 4.02854e+16	2.70e-03	9.97e-01	2.62e-04
 4.03457e+16	2.85e-03	9.97e-01	2.52e-04
 4.04115e+16	3.03e-03	9.97e-01	2.43e-04
 4.04691e+16	3.21e-03	9.97e-01	2.35e-04
 4.05191e+16	3.39e-03	9.96e-01	2.28e-04
 4.05743e+16	3.59e-03	9.96e-01	2.20e-04
 4.06349e+16	3.85e-03	9.96e-01	2.12e-04
 4.06891e+16	4.10e-03	9.96e-01	2.06e-04
 4.07370e+16	4.36e-03	9.95e-01	2.00e-04
 4.07902e+16	4.67e-03	9.95e-01	1.94e-04
 4.08492e+16	5.07e-03	9.95e-01	1.88e-04
 4.09033e+16	5.51e-03	9.94e-01	1.82e-04
 4.09528e+16	5.95e-03	9.94e-01	1.77e-04
 4.10088e+16	6.54e-03	9.93e-01	1.72e-04
 4.10677e+16	7.28e-03	9.93e-01	1.66e-04
 4.11145e+16	8.01e-03	9.92e-01	1.62e-04
 4.11507e+16	8.65e-03	9.91e-01	1.59e-04
 4.11888e+16	9.43e-03	9.90e-01	1.56e-04
 4.12317e+16	1.05e-02	9.89e-01	1.53e-04
 4.12701e+16	1.16e-02	9.88e-01	1.50e-04
 4.13017e+16	1.26e-02	9.87e-01	1.48e-04
 4.13351e+16	1.40e-02	9.86e-01	1.46e-04
 4.13713e+16	1.57e-02	9.84e-01	1.44e-04
 4.14025e+16	1.75e-02	9.82e-01	1.42e-04
 4.14280e+16	1.92e-02	9.81e-01	1.42e-04
 4.14551e+16	2.14e-02	9.78e-01	1.40e-04
 4.14847e+16	2.42e-02	9.76e-01	1.40e-04
 4.15107e+16	2.73e-02	9.73e-01	1.40e-04
 4.15324e+16	3.03e-02	9.70e-01	1.40e-04
 4.15522e+16	3.36e-02	9.66e-01	1.40e-04
 4.15747e+16	3.79e-02	9.62e-01	1.41e-04
 4.15981e+16	4.32e-02	9.57e-01	1.43e-04
 4.16170e+16	4.86e-02	9.51e-01	1.44e-04
 4.16321e+16	5.34e-02	9.46e-01	1.47e-04
 4.16479e+16	5.94e-02	9.40e-01	1.48e-04
 4.16649e+16	6.66e-02	9.33e-01	1.52e-04
 4.16806e+16	7.45e-02	9.25e-01	1.55e-04
 4.16947e+16	8.29e-02	9.17e-01	1.58e-04
 4.17079e+16	9.14e-02	9.08e-01	1.62e-04
 4.17198e+16	1.01e-01	8.99e-01	1.65e-04
 4.17308e+16	1.10e-01	8.90e-01	1.70e-04
 4.17412e+16	1.20e-01	8.80e-01	1.73e-04
 4.17490e+16	1.27e-01	8.73e-01	1.76e-04
 4.17541e+16	1.33e-01	8.67e-01	1.78e-04
 4.17589e+16	1.39e-01	8.61e-01	1.80e-04
 4.17645e+16	1.46e-01	8.54e-01	1.82e-04
 4.17705e+16	1.53e-01	8.47e-01	1.85e-04
 4.17762e+16	1.61e-01	8.39e-01	1.88e-04
 4.17816e+16	1.69e-01	8.31e-01	1.91e-04
 4.17870e+16	1.77e-01	8.23e-01	1.93e-04
 4.17923e+16	1.86e-01	8.14e-01	1.96e-04
 4.17976e+16	1.95e-01	8.05e-01	1.98e-04
 4.18028e+16	2.04e-01	7.96e-01	2.02e-04
 4.18080e+16	2.14e-01	7.86e-01	2.04e-04
 4.18132e+16	2.25e-01	7.75e-01	2.07e-04
 4.18182e+16	2.35e-01	7.65e-01	2.09e-04
 4.18230e+16	2.46e-01	7.54e-01	2.12e-04
 4.18280e+16	2.57e-01	7.43e-01	2.15e-04
 4.18329e+16	2.69e-01	7.31e-01	2.18e-04
 4.18377e+16	2.81e-01	7.19e-01	2.20e-04
 4.18424e+16	2.94e-01	7.06e-01	2.23e-04
 4.18471e+16	3.06e-01	6.94e-01	2.25e-04
 4.18516e+16	3.19e-01	6.81e-01	2.28e-04
 4.18562e+16	3.33e-01	6.67e-01	2.30e-04
 4.18607e+16	3.46e-01	6.53e-01	2.32e-04
 4.18651e+16	3.61e-01	6.39e-01	2.34e-04
 4.18695e+16	3.75e-01	6.25e-01	2.36e-04
 4.18738e+16	3.89e-01	6.11e-01	2.38e-04
 4.18780e+16	4.04e-01	5.96e-01	2.40e-04
 4.18823e+16	4.19e-01	5.81e-01	2.42e-04
 4.18864e+16	4.33e-01	5.66e-01	2.43e-04
 4.18904e+16	4.48e-01	5.51e-01	2.44e-04
 4.18944e+16	4.64e-01	5.36e-01	2.45e-04
 4.18984e+16	4.78e-01	5.21e-01	2.47e-04
 4.19022e+16	4.93e-01	5.07e-01	2.48e-04
 4.19059e+16	5.08e-01	4.92e-01	2.48e-04
 4.19096e+16	5.22e-01	4.78e-01	2.49e-04
 4.19132e+16	5.36e-01	4.63e-01	2.49e-04
 4.19168e+16	5.51e-01	4.49e-01	2.49e-04
 4.19202e+16	5.65e-01	4.35e-01	2.49e-04
 4.19236e+16	5.78e-01	4.22e-01	2.48e-04
 4.19269e+16	5.92e-01	4.08e-01	2.48e-04
 4.19302e+16	6.05e-01	3.95e-01	2.47e-04
 4.19334e+16	6.17e-01	3.82e-01	2.46e-04
 4.19365e+16	6.30e-01	3.70e-01	2.45e-04
 4.19395e+16	6.42e-01	3.58e-01	2.45e-04
 4.19425e+16	6.54e-01	3.46e-01	2.43e-04
 4.19455e+16	6.65e-01	3.35e-01	2.42e-04
 4.19484e+16	6.76e-01	3.24e-01	2.41e-04
 4.19512e+16	6.87e-01	3.13e-01	2.39e-04
 4.19541e+16	6.98e-01	3.02e-01	2.37e-04
 4.19568e+16	7.08e-01	2.92e-01	2.36e-04
 4.19596e+16	7.18e-01	2.82e-01	2.34e-04
 4.19623e+16	7.28e-01	2.72e-01	2.32e-04
 4.19649e+16	7.37e-01	2.63e-01	2.30e-04
 4.19675e+16	7.46e-01	2.54e-01	2.27e-04
 4.19701e+16	7.55e-01	2.45e-01	2.25e-04
 4.19727e+16	7.64e-01	2.36e-01	2.23e-04
 4.19748e+16	7.70e-01	2.29e-01	2.21e-04
 4.19764e+16	7.76e-01	2.24e-01	2.19e-04
 4.19779e+16	7.81e-01	2.19e-01	2.17e-04
 4.19795e+16	7.86e-01	2.14e-01	2.15e-04
 4.19811e+16	7.91e-01	2.09e-01	2.13e-04
 4.19827e+16	7.96e-01	2.04e-01	2.11e-04
 4.19842e+16	8.00e-01	2.00e-01	2.09e-04
 4.19856e+16	8.05e-01	1.95e-01	2.07e-04
 4.19871e+16	8.09e-01	1.91e-01	2.05e-04
 4.19885e+16	8.13e-01	1.87e-01	2.03e-04
 4.19900e+16	8.17e-01	1.82e-01	2.02e-04
 4.19913e+16	8.21e-01	1.79e-01	2.00e-04
 4.19927e+16	8.25e-01	1.75e-01	1.98e-04
 4.19941e+16	8.29e-01	1.71e-01	1.96e-04
 4.19955e+16	8.33e-01	1.67e-01	1.94e-04
 4.19970e+16	8.37e-01	1.63e-01	1.92e-04
 4.19984e+16	8.41e-01	1.59e-01	1.90e-04
 4.19999e+16	8.44e-01	1.55e-01	1.87e-04
 4.20014e+16	8.48e-01	1.52e-01	1.85e-04
 4.20031e+16	8.52e-01	1.47e-01	1.83e-04
 4.20049e+16	8.57e-01	1.43e-01	1.80e-04
 4.20071e+16	8.62e-01	1.38e-01	1.77e-04
 4.20093e+16	8.67e-01	1.33e-01	1.73e-04
 4.20115e+16	8.72e-01	1.28e-01	1.70e-04
 4.20135e+16	8.76e-01	1.23e-01	1.67e-04
 4.20154e+16	8.81e-01	1.19e-01	1.63e-04
 4.20173e+16	8.85e-01	1.15e-01	1.60e-04
 4.20191e+16	8.88e-01	1.11e-01	1.56e-04
 4.20208e+16	8.92e-01	1.08e-01	1.53e-04
 4.20224e+16	8.95e-01	1.05e-01	1.50e-04
 4.20238e+16	8.98e-01	1.02e-01	1.47e-04
 4.20251e+16	9.00e-01	9.95e-02	1.44e-04
 4.20263e+16	9.03e-01	9.73e-02	1.42e-04
 4.20274e+16	9.05e-01	9.52e-02	1.39e-04
 4.20283e+16	9.07e-01	9.33e-02	1.37e-04
 4.20292e+16	9.08e-01	9.17e-02	1.35e-04
 4.20302e+16	9.10e-01	8.99e-02	1.33e-04
 4.20312e+16	9.12e-01	8.80e-02	1.31e-04
 4.20322e+16	9.14e-01	8.63e-02	1.29e-04
 4.20331e+16	9.15e-01	8.48e-02	1.27e-04
 4.20339e+16	9.17e-01	8.33e-02	1.25e-04
 4.20347e+16	9.18e-01	8.18e-02	1.23e-04
 4.20357e+16	9.20e-01	8.02e-02	1.21e-04
 4.20365e+16	9.21e-01	7.88e-02	1.19e-04
 4.20373e+16	9.22e-01	7.75e-02	1.17e-04
 4.20380e+16	9.24e-01	7.62e-02	1.15e-04
 4.20386e+16	9.25e-01	7.52e-02	1.14e-04
 4.20394e+16	9.26e-01	7.40e-02	1.12e-04
 4.20401e+16	9.27e-01	7.27e-02	1.11e-04
 4.20408e+16	9.28e-01	7.16e-02	1.09e-04
 4.20414e+16	9.29e-01	7.05e-02	1.07e-04
 4.20420e+16	9.30e-01	6.96e-02	1.06e-04
 4.20426e+16	9.31e-01	6.86e-02	1.04e-04
 4.20433e+16	9.32e-01	6.76e-02	1.03e-04
 4.20439e+16	9.33e-01	6.66e-02	1.01e-04
 4.20445e+16	9.34e-01	6.56e-02	9.98e-05
 4.20451e+16	9.35e-01	6.47e-02	9.85e-05
 4.20458e+16	9.36e-01	6.37e-02	9.69e-05
 4.20464e+16	9.37e-01	6.28e-02	9.55e-05
 4.20469e+16	9.38e-01	6.19e-02	9.40e-05
 4.20474e+16	9.39e-01	6.11e-02	9.28e-05
 4.20480e+16	9.40e-01	6.03e-02	9.16e-05
 4.20486e+16	9.40e-01	5.94e-02	9.02e-05
 4.20491e+16	9.41e-01	5.86e-02	8.88e-05
 4.20496e+16	9.42e-01	5.79e-02	8.77e-05
 4.20501e+16	9.43e-01	5.71e-02	8.65e-05
 4.20507e+16	9.44e-01	5.63e-02	8.52e-05
 4.20512e+16	9.44e-01	5.55e-02	8.38e-05
 4.20517e+16	9.45e-01	5.49e-02	8.28e-05
 4.20522e+16	9.46e-01	5.41e-02	8.17e-05
 4.20528e+16	9.47e-01	5.34e-02	8.04e-05
 4.20533e+16	9.47e-01	5.26e-02	7.92e-05
 4.20538e+16	9.48e-01	5.20e-02	7.82e-05
 4.20543e+16	9.49e-01	5.13e-02	7.72e-05
 4.20550e+16	9.49e-01	5.04e-02	7.57e-05
 4.20557e+16	9.50e-01	4.95e-02	7.43e-05
 4.20564e+16	9.51e-01	4.87e-02	7.29e-05
 4.20570e+16	9.52e-01	4.80e-02	7.17e-05
 4.20575e+16	9.53e-01	4.73e-02	7.07e-05
 4.20580e+16	9.53e-01	4.67e-02	6.97e-05
 4.20585e+16	9.54e-01	4.61e-02	6.88e-05
 4.20593e+16	9.55e-01	4.52e-02	6.75e-05
 4.20600e+16	9.56e-01	4.44e-02	6.62e-05
 4.20607e+16	9.56e-01	4.37e-02	6.50e-05
 4.20613e+16	9.57e-01	4.30e-02	6.40e-05
 4.20619e+16	9.58e-01	4.24e-02	6.30e-05
 4.20625e+16	9.58e-01	4.17e-02	6.20e-05
 4.20632e+16	9.59e-01	4.11e-02	6.10e-05
 4.20638e+16	9.60e-01	4.04e-02	6.00e-05
 4.20645e+16	9.60e-01	3.98e-02	5.90e-05
 4.20653e+16	9.61e-01	3.91e-02	5.79e-05
 4.20659e+16	9.61e-01	3.85e-02	5.70e-05
 4.20665e+16	9.62e-01	3.79e-02	5.61e-05
 4.20672e+16	9.63e-01	3.73e-02	5.52e-05
 4.20679e+16	9.63e-01	3.67e-02	5.43e-05
 4.20686e+16	9.64e-01	3.61e-02	5.33e-05
 4.20693e+16	9.64e-01	3.55e-02	5.25e-05
 4.20701e+16	9.65e-01	3.49e-02	5.15e-05
 4.20708e+16	9.66e-01	3.43e-02	5.06e-05
 4.20715e+16	9.66e-01	3.37e-02	4.97e-05
 4.20724e+16	9.67e-01	3.31e-02	4.88e-05
 4.20731e+16	9.67e-01	3.25e-02	4.80e-05
 4.20738e+16	9.68e-01	3.20e-02	4.72e-05
 4.20746e+16	9.68e-01	3.15e-02	4.64e-05
 4.20754e+16	9.69e-01	3.10e-02	4.56e-05
 4.20761e+16	9.70e-01	3.04e-02	4.48e-05
 4.20769e+16	9.70e-01	2.99e-02	4.40e-05
 4.20778e+16	9.71e-01	2.94e-02	4.32e-05
 4.20786e+16	9.71e-01	2.89e-02	4.25e-05
 4.20795e+16	9.72e-01	2.83e-02	4.17e-05
 4.20804e+16	9.72e-01	2.78e-02	4.09e-05
 4.20813e+16	9.73e-01	2.73e-02	4.02e-05
 4.20822e+16	9.73e-01	2.68e-02	3.94e-05
 4.20832e+16	9.74e-01	2.62e-02	3.86e-05
 4.20842e+16	9.74e-01	2.58e-02	3.79e-05
 4.20852e+16	9.75e-01	2.52e-02	3.71e-05
 4.20863e+16	9.75e-01	2.47e-02	3.64e-05
 4.20873e+16	9.76e-01	2.43e-02	3.57e-05
 4.20883e+16	9.76e-01	2.38e-02	3.49e-05
 4.20895e+16	9.77e-01	2.33e-02	3.42e-05
 4.20906e+16	9.77e-01	2.28e-02	3.35e-05
 4.20918e+16	9.78e-01	2.23e-02	3.28e-05
 4.20930e+16	9.78e-01	2.18e-02	3.21e-05
 4.20942e+16	9.79e-01	2.14e-02	3.15e-05
 4.20955e+16	9.79e-01	2.09e-02	3.08e-05
 4.20968e+16	9.79e-01	2.05e-02	3.01e-05
 4.20981e+16	9.80e-01	2.01e-02	2.95e-05
 4.20994e+16	9.80e-01	1.96e-02	2.88e-05
 4.21009e+16	9.81e-01	1.92e-02	2.82e-05
 4.21022e+16	9.81e-01	1.88e-02	2.77e-05
 4.21037e+16	9.82e-01	1.84e-02	2.70e-05
 4.21053e+16	9.82e-01	1.80e-02	2.64e-05
 4.21067e+16	9.82e-01	1.76e-02	2.59e-05
 4.21083e+16	9.83e-01	1.72e-02	2.53e-05
 4.21103e+16	9.83e-01	1.67e-02	2.46e-05
 4.21126e+16	9.84e-01	1.63e-02	2.40e-05
 4.21146e+16	9.84e-01	1.59e-02	2.34e-05
 4.21164e+16	9.84e-01	1.56e-02	2.29e-05
 4.21184e+16	9.85e-01	1.52e-02	2.23e-05
 4.21210e+16	9.85e-01	1.48e-02	2.17e-05
 4.21238e+16	9.86e-01	1.43e-02	2.11e-05
 4.21264e+16	9.86e-01	1.40e-02	2.06e-05
 4.21292e+16	9.86e-01	1.36e-02	2.00e-05
 4.21322e+16	9.87e-01	1.33e-02	1.95e-05
 4.21350e+16	9.87e-01	1.30e-02	1.91e-05
 4.21380e+16	9.87e-01	1.27e-02	1.86e-05
 4.21420e+16	9.88e-01	1.23e-02	1.81e-05
 4.21462e+16	9.88e-01	1.20e-02	1.76e-05
 4.21501e+16	9.88e-01	1.18e-02	1.72e-05
 4.21543e+16	9.89e-01	1.15e-02	1.68e-05
 4.21598e+16	9.89e-01	1.12e-02	1.63e-05
 4.21670e+16	9.89e-01	1.09e-02	1.58e-05
 4.21747e+16	9.89e-01	1.06e-02	1.54e-05
 4.21832e+16	9.90e-01	1.04e-02	1.50e-05
 4.21930e+16	9.90e-01	1.01e-02	1.46e-05
 4.22045e+16	9.90e-01	9.92e-03	1.43e-05
 4.22195e+16	9.90e-01	9.71e-03	1.39e-05
 4.22390e+16	9.90e-01	9.51e-03	1.35e-05
 4.22643e+16	9.91e-01	9.31e-03	1.30e-05
 4.22972e+16	9.91e-01	9.11e-03	1.26e-05
 4.23400e+16	9.91e-01	8.87e-03	1.20e-05
 4.23957e+16	9.91e-01	8.59e-03	1.13e-05
 4.24680e+16	9.92e-01	8.26e-03	1.05e-05
 4.25552e+16	9.92e-01	7.89e-03	9.66e-06
 4.26492e+16	9.92e-01	7.53e-03	8.84e-06
 4.27462e+16	9.93e-01	7.18e-03	8.08e-06
 4.28465e+16	9.93e-01	6.85e-03	7.38e-06
 4.29497e+16	9.93e-01	6.53e-03	6.73e-06
 4.30553e+16	9.94e-01	6.22e-03	6.13e-06
 4.31632e+16	9.94e-01	5.93e-03	5.58e-06
 4.32736e+16	9.94e-01	5.65e-03	5.08e-06
 4.33863e+16	9.95e-01	5.38e-03	4.62e-06
 4.35016e+16	9.95e-01	5.12e-03	4.20e-06
 4.36194e+16	9.95e-01	4.88e-03	3.82e-06
 4.37398e+16	9.95e-01	4.64e-03	3.46e-06
 4.38626e+16	9.96e-01	4.42e-03	3.14e-06
 4.39879e+16	9.96e-01	4.21e-03	2.85e-06
 4.41158e+16	9.96e-01	4.00e-03	2.58e-06
 4.42464e+16	9.96e-01	3.81e-03	2.34e-06
 4.43777e+16	9.96e-01	3.62e-03	2.12e-06
 4.45111e+16	9.97e-01	3.45e-03	1.91e-06
 4.46496e+16	9.97e-01	3.27e-03	1.73e-06
 4.47917e+16	9.97e-01	3.11e-03	1.56e-06
 4.49362e+16	9.97e-01	2.95e-03	1.40e-06
 4.50834e+16	9.97e-01	2.80e-03	1.26e-06
 4.52338e+16	9.97e-01	2.65e-03	1.14e-06
 4.53872e+16	9.97e-01	2.52e-03	1.02e-06
 4.55438e+16	9.98e-01	2.38e-03	9.16e-07
 4.57036e+16	9.98e-01	2.26e-03	8.21e-07
 4.58669e+16	9.98e-01	2.14e-03	7.35e-07
 4.60338e+16	9.98e-01	2.02e-03	6.57e-07
 4.62046e+16	9.98e-01	1.91e-03	5.86e-07
 4.63792e+16	9.98e-01	1.81e-03	5.23e-07
 4.65576e+16	9.98e-01	1.71e-03	4.65e-07
 4.67403e+16	9.98e-01	1.61e-03	4.14e-07
 4.69272e+16	9.98e-01	1.52e-03	3.66e-07
 4.71187e+16	9.99e-01	1.43e-03	3.25e-07
 4.73148e+16	9.99e-01	1.35e-03	2.87e-07
 4.75162e+16	9.99e-01	1.27e-03	2.53e-07
 4.77230e+16	9.99e-01	1.19e-03	2.23e-07
 4.79355e+16	9.99e-01	1.12e-03	1.96e-07
 4.81539e+16	9.99e-01	1.05e-03	1.72e-07
 4.83785e+16	9.99e-01	9.85e-04	1.50e-07
 4.86100e+16	9.99e-01	9.22e-04	1.31e-07
 4.88489e+16	9.99e-01	8.62e-04	1.14e-07
 4.90919e+16	9.99e-01	8.06e-04	9.88e-08
 4.93410e+16	9.99e-01	7.52e-04	8.55e-08
 4.96030e+16	9.99e-01	7.00e-04	7.35e-08
 4.98780e+16	9.99e-01	6.50e-04	6.28e-08
 5.01631e+16	9.99e-01	6.02e-04	5.34e-08
 5.04590e+16	9.99e-01	5.57e-04	4.53e-08
 5.07683e+16	9.99e-01	5.14e-04	3.81e-08
 5.10924e+16	1.00e+00	4.73e-04	3.18e-08
 5.14318e+16	1.00e+00	4.33e-04	2.64e-08
 5.17906e+16	1.00e+00	3.96e-04	2.17e-08
 5.21682e+16	1.00e+00	3.60e-04	1.77e-08
 5.25682e+16	1.00e+00	3.25e-04	1.43e-08
 5.29969e+16	1.00e+00	2.92e-04	1.13e-08
 5.34550e+16	1.00e+00	2.61e-04	8.88e-09
 5.39477e+16	1.00e+00	2.31e-04	6.83e-09
 5.44826e+16	1.00e+00	2.02e-04	5.14e-09
 5.50693e+16	1.00e+00	1.74e-04	3.77e-09
 5.57090e+16	1.00e+00	1.48e-04	2.68e-09
 5.64277e+16	1.00e+00	1.23e-04	1.82e-09
 5.72623e+16	1.00e+00	9.86e-05	1.16e-09
 5.82334e+16	1.00e+00	7.63e-05	6.93e-10
 5.93563e+16	1.00e+00	5.67e-05	3.83e-10
 6.05556e+16	1.00e+00	4.16e-05	2.07e-10
 6.18067e+16	1.00e+00	3.01e-05	1.09e-10
 6.31635e+16	1.00e+00	2.13e-05	5.54e-11
 6.46246e+16	1.00e+00	1.48e-05	2.70e-11
 6.61634e+16	1.00e+00	1.02e-05	1.30e-11
 6.77294e+16	1.00e+00	7.01e-06	6.25e-12
 6.92955e+16	1.00e+00	4.87e-06	3.07e-12
 7.08616e+16	1.00e+00	3.40e-06	1.53e-12
 7.24277e+16	1.00e+00	2.40e-06	7.75e-13
 7.39938e+16	1.00e+00	1.71e-06	3.99e-13
 7.55599e+16	1.00e+00	1.22e-06	2.08e-13
 7.71261e+16	1.00e+00	8.79e-07	1.10e-13
 7.86922e+16	1.00e+00	6.37e-07	5.91e-14
 8.02583e+16	1.00e+00	4.64e-07	3.21e-14
 8.18245e+16	1.00e+00	3.42e-07	1.77e-14
 8.33906e+16	1.00e+00	2.53e-07	9.92e-15
 8.51916e+16	1.00e+00	1.79e-07	5.07e-15
 8.72582e+16	1.00e+00	1.23e-07	2.44e-15
 8.93555e+16	1.00e+00	8.54e-08	1.19e-15
 9.14527e+16	1.00e+00	5.97e-08	5.96e-16
 9.37248e+16	1.00e+00	4.08e-08	2.83e-16
 9.61837e+16	1.00e+00	2.75e-08	1.31e-16
 9.86544e+16	1.00e+00	1.88e-08	6.22e-17
 1.01231e+17	1.00e+00	1.28e-08	2.90e-17
 1.03939e+17	1.00e+00	8.62e-09	1.34e-17
 1.06714e+17	1.00e+00	5.84e-09	6.22e-18
 1.09542e+17	1.00e+00	3.98e-09	2.92e-18
 1.12384e+17	1.00e+00	2.74e-09	1.40e-18
 1.15226e+17	1.00e+00	1.90e-09	6.80e-19
 1.18068e+17	1.00e+00	1.34e-09	3.38e-19
 1.20911e+17	1.00e+00	9.47e-10	1.71e-19
 1.23754e+17	1.00e+00	6.77e-10	8.81e-20
 1.26597e+17	1.00e+00	4.88e-10	4.61e-20
 1.29440e+17	1.00e+00	3.55e-10	2.45e-20
 1.32283e+17	1.00e+00	2.60e-10	1.32e-20
 1.35125e+17	1.00e+00	1.92e-10	7.21e-21
 1.37968e+17	1.00e+00	1.43e-10	0.00e+00
 1.40811e+17	1.00e+00	1.07e-10	0.00e+00
 1.43653e+17	1.00e+00	8.05e-11	0.00e+00
 1.46640e+17	1.00e+00	6.01e-11	0.00e+00
 1.49770e+17	1.00e+00	4.47e-11	0.00e+00
 1.53300e+17	1.00e+00	3.21e-11	0.00e+00
 1.57229e+17	1.00e+00	2.27e-11	0.00e+00
 1.61312e+17	1.00e+00	1.60e-11	0.00e+00
 1.65589e+17	1.00e+00	1.13e-11	0.00e+00
 1.69970e+17	1.00e+00	8.14e-12	0.00e+00
 1.74436e+17	1.00e+00	5.95e-12	0.00e+00
 1.79009e+17	1.00e+00	4.45e-12	0.00e+00
 1.83669e+17	1.00e+00	3.41e-12	0.00e+00
 1.88330e+17	1.00e+00	2.71e-12	0.00e+00
 1.92990e+17	1.00e+00	2.24e-12	0.00e+00
 1.97858e+17	1.00e+00	1.90e-12	0.00e+00
 2.03009e+17	1.00e+00	1.63e-12	0.00e+00
 2.08258e+17	1.00e+00	1.44e-12	0.00e+00
 2.13609e+17	1.00e+00	1.32e-12	0.00e+00
 2.19305e+17	1.00e+00	1.22e-12	0.00e+00
 2.25366e+17	1.00e+00	1.12e-12	0.00e+00
 2.31455e+17	1.00e+00	1.05e-12	0.00e+00
 2.37405e+17	1.00e+00	1.02e-12	0.00e+00
 2.43241e+17	1.00e+00	1.02e-12	0.00e+00
 2.48999e+17	1.00e+00	1.01e-12	0.00e+00
 2.54661e+17	1.00e+00	1.01e-12	0.00e+00
 2.60183e+17	1.00e+00	1.02e-12	0.00e+00
 2.65526e+17	1.00e+00	1.02e-12	0.00e+00
 2.70668e+17	1.00e+00	1.04e-12	0.00e+00
 2.75608e+17	1.00e+00	1.05e-12	0.00e+00
 2.80340e+17	1.00e+00	1.07e-12	0.00e+00
 2.84852e+17	1.00e+00	1.09e-12	0.00e+00
 2.89137e+17	1.00e+00	1.11e-12	0.00e+00
 2.93200e+17	1.00e+00	1.13e-12	0.00e+00
 2.97048e+17	1.00e+00	1.15e-12	0.00e+00
 3.00686e+17	1.00e+00	1.17e-12	0.00e+00
 3.04124e+17	1.00e+00	1.19e-12	0.00e+00
 3.07369e+17	1.00e+00	1.21e-12	0.00e+00
 3.10432e+17	1.00e+00	1.23e-12	0.00e+00
 3.13322e+17	1.00e+00	1.25e-12	0.00e+00
 3.16048e+17	1.00e+00	1.27e-12	0.00e+00
 3.18621e+17	1.00e+00	1.28e-12	0.00e+00
 3.21049e+17	1.00e+00	1.30e-12	0.00e+00
 3.23342e+17	1.00e+00	1.31e-12	0.00e+00
 3.25508e+17	1.00e+00	1.33e-12	0.00e+00
 3.27555e+17	1.00e+00	1.34e-12	0.00e+00
 3.29490e+17	1.00e+00	1.36e-12	0.00e+00
 3.31320e+17	1.00e+00	1.37e-12	0.00e+00
 3.33050e+17	1.00e+00	1.38e-12	0.00e+00
 3.34688e+17	1.00e+00	1.39e-12	0.00e+00
 3.36240e+17	1.00e+00	1.40e-12	0.00e+00
 3.37710e+17	1.00e+00	1.41e-12	0.00e+00
 3.39104e+17	1.00e+00	1.42e-12	0.00e+00
 3.40425e+17	1.00e+00	1.42e-12	0.00e+00
 3.41679e+17	1.00e+00	1.43e-12	0.00e+00
 3.42869e+17	1.00e+00	1.44e-12	0.00e+00
 3.44000e+17	1.00e+00	1.45e-12	0.00e+00
 3.45074e+17	1.00e+00	1.45e-12	0.00e+00
 3.46096e+17	1.00e+00	1.46e-12	0.00e+00
 3.47067e+17	1.00e+00	1.46e-12	0.00e+00
 3.47992e+17	1.00e+00	1.47e-12	0.00e+00
 3.48873e+17	1.00e+00	1.47e-12	0.00e+00
 3.49714e+17	1.00e+00	1.48e-12	0.00e+00
 3.50515e+17	1.00e+00	1.48e-12	0.00e+00
 3.51279e+17	1.00e+00	1.49e-12	0.00e+00
 3.52010e+17	1.00e+00	1.49e-12	0.00e+00
 3.52709e+17	1.00e+00	1.50e-12	0.00e+00
 3.53377e+17	1.00e+00	1.50e-12	0.00e+00
 3.54018e+17	1.00e+00	1.50e-12	0.00e+00
 3.54633e+17	1.00e+00	1.51e-12	0.00e+00
 3.55223e+17	1.00e+00	1.51e-12	0.00e+00
 3.55791e+17	1.00e+00	1.51e-12	0.00e+00
 3.56337e+17	1.00e+00	1.51e-12	0.00e+00
 3.56865e+17	1.00e+00	1.52e-12	0.00e+00
 3.57375e+17	1.00e+00	1.52e-12	0.00e+00
 3.57868e+17	1.00e+00	1.52e-12	0.00e+00
 3.58347e+17	1.00e+00	1.52e-12	0.00e+00
 3.58813e+17	1.00e+00	1.53e-12	0.00e+00
 3.59268e+17	1.00e+00	1.53e-12	0.00e+00
 3.59713e+17	1.00e+00	1.53e-12	0.00e+00
 3.60150e+17	1.00e+00	1.53e-12	0.00e+00
 3.60580e+17	1.00e+00	1.53e-12	0.00e+00
 3.61005e+17	1.00e+00	1.53e-12	0.00e+00
 3.61428e+17	1.00e+00	1.53e-12	0.00e+00
 3.61851e+17	1.00e+00	1.53e-12	0.00e+00
 3.62275e+17	1.00e+00	1.54e-12	0.00e+00
 3.62704e+17	1.00e+00	1.54e-12	0.00e+00
 3.63142e+17	1.00e+00	1.54e-12	0.00e+00
 3.63591e+17	1.00e+00	1.54e-12	0.00e+00
 3.64057e+17	1.00e+00	1.54e-12	0.00e+00
 3.64545e+17	1.00e+00	1.54e-12	0.00e+00
 3.65062e+17	1.00e+00	1.54e-12	0.00e+00
 3.65619e+17	1.00e+00	1.53e-12	0.00e+00
 3.66226e+17	1.00e+00	1.53e-12	0.00e+00
 3.66902e+17	1.00e+00	1.53e-12	0.00e+00
 3.67668e+17	1.00e+00	1.52e-12	0.00e+00
 3.68558e+17	1.00e+00	1.52e-12	0.00e+00
 3.69617e+17	1.00e+00	1.51e-12	0.00e+00
 3.70915e+17	1.00e+00	1.49e-12	0.00e+00
 3.72560e+17	1.00e+00	1.46e-12	0.00e+00
 3.74689e+17	1.00e+00	1.42e-12	0.00e+00
 3.77456e+17	1.00e+00	1.36e-12	0.00e+00
 3.81053e+17	1.00e+00	1.27e-12	0.00e+00
 3.85729e+17	1.00e+00	1.15e-12	0.00e+00
 3.91808e+17	1.00e+00	9.99e-13	0.00e+00
 3.99710e+17	1.00e+00	8.24e-13	0.00e+00
 4.09984e+17	1.00e+00	6.33e-13	0.00e+00
 4.23339e+17	1.00e+00	4.42e-13	0.00e+00
 4.39506e+17	1.00e+00	2.71e-13	0.00e+00
 4.57086e+17	1.00e+00	1.94e-13	0.00e+00
 4.75370e+17	1.00e+00	1.69e-13	0.00e+00
 4.94385e+17	1.00e+00	1.47e-13	0.00e+00
 5.14160e+17	1.00e+00	1.28e-13	0.00e+00
 5.34726e+17	1.00e+00	1.10e-13	0.00e+00
 5.56116e+17	1.00e+00	9.30e-14	0.00e+00
 5.78360e+17	1.00e+00	7.80e-14	0.00e+00
 6.01495e+17	1.00e+00	6.45e-14	0.00e+00
 6.24824e+17	1.00e+00	5.25e-14	0.00e+00
 6.46798e+17	1.00e+00	5.20e-14	0.00e+00
 6.66481e+17	1.00e+00	6.53e-14	0.00e+00
 6.84201e+17	1.00e+00	8.35e-14	0.00e+00
 7.00778e+17	1.00e+00	9.43e-14	0.00e+00
 7.16664e+17	1.00e+00	9.52e-14	0.00e+00
 7.31613e+17	1.00e+00	9.34e-14	0.00e+00
 7.45039e+17	1.00e+00	9.78e-14	0.00e+00
 7.56701e+17	1.00e+00	1.09e-13	0.00e+00
 7.66885e+17	1.00e+00	1.19e-13	0.00e+00
 7.76045e+17	1.00e+00	1.24e-13	0.00e+00
 7.83756e+17	1.00e+00	1.21e-13	0.00e+00
 7.89036e+17	1.00e+00	1.32e-13	0.00e+00
 7.92016e+17	1.00e+00	1.49e-13	0.00e+00
 7.93668e+17	1.00e+00	1.61e-13	0.00e+00
 7.94659e+17	1.00e+00	1.68e-13	0.00e+00
 7.95253e+17	1.00e+00	1.71e-13	0.00e+00
 7.95675e+17	1.00e+00	1.74e-13	0.00e+00
 7.96126e+17	1.00e+00	1.76e-13	0.00e+00
 7.96684e+17	1.00e+00	1.77e-13	0.00e+00
 7.97251e+17	1.00e+00	1.79e-13	0.00e+00
 7.97731e+17	1.00e+00	1.80e-13	0.00e+00
 7.98125e+17	1.00e+00	1.80e-13	0.00e+00
 7.98478e+17	1.00e+00	1.81e-13	0.00e+00
 7.98837e+17	1.00e+00	1.81e-13	0.00e+00
 7.99206e+17	1.00e+00	1.81e-13	0.00e+00
 7.99570e+17	1.00e+00	1.81e-13	0.00e+00
 7.99894e+17	1.00e+00	1.81e-13	0.00e+00
 8.00180e+17	1.00e+00	1.81e-13	0.00e+00
 8.00438e+17	1.00e+00	1.81e-13	0.00e+00
 8.00676e+17	1.00e+00	1.81e-13	0.00e+00
 8.00931e+17	1.00e+00	1.80e-13	0.00e+00
 8.01202e+17	1.00e+00	1.80e-13	0.00e+00
 8.01457e+17	1.00e+00	1.80e-13	0.00e+00
 8.01691e+17	1.00e+00	1.79e-13	0.00e+00
 8.01907e+17	1.00e+00	1.79e-13	0.00e+00
 8.02114e+17	1.00e+00	1.78e-13	0.00e+00
 8.02316e+17	1.00e+00	1.78e-13	0.00e+00
 8.02521e+17	1.00e+00	1.78e-13	0.00e+00
 8.02730e+17	1.00e+00	1.77e-13	0.00e+00
 8.02929e+17	1.00e+00	1.76e-13	0.00e+00
 8.03117e+17	1.00e+00	1.76e-13	0.00e+00
 8.03307e+17	1.00e+00	1.75e-13	0.00e+00
 8.03501e+17	1.00e+00	1.75e-13	0.00e+00
 8.03695e+17	1.00e+00	1.74e-13	0.00e+00
 8.03884e+17	1.00e+00	1.74e-13	0.00e+00
 8.04057e+17	1.00e+00	1.73e-13	0.00e+00
 8.04233e+17	1.00e+00	1.72e-13	0.00e+00
 8.04430e+17	1.00e+00	1.72e-13	0.00e+00
 8.04628e+17	1.00e+00	1.71e-13	0.00e+00
 8.04814e+17	1.00e+00	1.70e-13	0.00e+00
 8.04992e+17	1.00e+00	1.70e-13	0.00e+00
 8.05176e+17	1.00e+00	1.69e-13	0.00e+00
 8.05369e+17	1.00e+00	1.68e-13	0.00e+00
 8.05571e+17	1.00e+00	1.67e-13	0.00e+00
 8.05776e+17	1.00e+00	1.66e-13	0.00e+00
 8.05981e+17	1.00e+00	1.65e-13	0.00e+00
 8.06183e+17	1.00e+00	1.64e-13	0.00e+00
 8.06390e+17	1.00e+00	1.63e-13	0.00e+00
 8.06609e+17	1.00e+00	1.62e-13	0.00e+00
 8.06828e+17	1.00e+00	1.61e-13	0.00e+00
 8.07048e+17	1.00e+00	1.60e-13	0.00e+00
 8.07287e+17	1.00e+00	1.59e-13	0.00e+00
 8.07535e+17	1.00e+00	1.58e-13	0.00e+00
 8.07773e+17	1.00e+00	1.57e-13	0.00e+00
 8.08007e+17	1.00e+00	1.55e-13	0.00e+00
 8.08255e+17	1.00e+00	1.54e-13	0.00e+00
 8.08530e+17	1.00e+00	1.53e-13	0.00e+00
 8.08802e+17	1.00e+00	1.51e-13	0.00e+00
 8.09069e+17	1.00e+00	1.50e-13	0.00e+00
 8.09355e+17	1.00e+00	1.48e-13	0.00e+00
 8.09655e+17	1.00e+00	1.46e-13	0.00e+00
 8.09950e+17	1.00e+00	1.45e-13	0.00e+00
 8.10245e+17	1.00e+00	1.43e-13	0.00e+00
 8.10550e+17	1.00e+00	1.41e-13	0.00e+00
 8.10874e+17	1.00e+00	1.40e-13	0.00e+00
 8.11221e+17	1.00e+00	1.38e-13	0.00e+00
 8.11572e+17	1.00e+00	1.35e-13	0.00e+00
 8.11919e+17	1.00e+00	1.33e-13	0.00e+00
 8.12269e+17	1.00e+00	1.31e-13	0.00e+00
 8.12630e+17	1.00e+00	1.29e-13	0.00e+00
 8.13009e+17	1.00e+00	1.27e-13	0.00e+00
 8.13396e+17	1.00e+00	1.25e-13	0.00e+00
 8.13795e+17	1.00e+00	1.23e-13	0.00e+00
 8.14206e+17	1.00e+00	1.20e-13	0.00e+00
 8.14640e+17	1.00e+00	1.18e-13	0.00e+00
 8.15089e+17	1.00e+00	1.15e-13	0.00e+00
 8.15521e+17	1.00e+00	1.13e-13	0.00e+00
 8.15951e+17	1.00e+00	1.10e-13	0.00e+00
 8.16417e+17	1.00e+00	1.08e-13	0.00e+00
 8.16913e+17	1.00e+00	1.05e-13	0.00e+00
 8.17416e+17	1.00e+00	1.02e-13	0.00e+00
 8.17902e+17	1.00e+00	9.90e-14	0.00e+00
 8.18381e+17	1.00e+00	9.65e-14	0.00e+00
 8.18899e+17	1.00e+00	9.38e-14	0.00e+00
 8.19453e+17	1.00e+00	9.07e-14	0.00e+00
 8.20011e+17	1.00e+00	8.78e-14	0.00e+00
 8.20559e+17	1.00e+00	8.48e-14	0.00e+00
 8.21104e+17	1.00e+00	8.19e-14	0.00e+00
 8.21660e+17	1.00e+00	7.92e-14	0.00e+00
 8.22252e+17	1.00e+00	7.63e-14	0.00e+00
 8.22875e+17	1.00e+00	7.32e-14	0.00e+00
 8.23502e+17	1.00e+00	7.01e-14	0.00e+00
 8.24118e+17	1.00e+00	6.71e-14	0.00e+00
 8.24735e+17	1.00e+00	6.43e-14	0.00e+00
 8.25373e+17	1.00e+00	6.14e-14	0.00e+00
 8.26041e+17	1.00e+00	5.85e-14	0.00e+00
 8.26724e+17	1.00e+00	5.55e-14	0.00e+00
 8.27406e+17	1.00e+00	5.26e-14	0.00e+00
 8.28093e+17	1.00e+00	4.98e-14	0.00e+00
 8.28800e+17	1.00e+00	4.71e-14	0.00e+00
 8.29531e+17	1.00e+00	4.43e-14	0.00e+00
 8.30277e+17	1.00e+00	4.16e-14	0.00e+00
 8.31029e+17	1.00e+00	3.90e-14	0.00e+00
 8.31798e+17	1.00e+00	3.63e-14	0.00e+00
 8.32581e+17	1.00e+00	3.38e-14	0.00e+00
 8.33376e+17	1.00e+00	3.14e-14	0.00e+00
 8.34194e+17	1.00e+00	2.90e-14	0.00e+00
 8.34983e+17	1.00e+00	2.67e-14	0.00e+00
 8.35671e+17	1.00e+00	2.48e-14	0.00e+00
 8.36250e+17	1.00e+00	2.32e-14	0.00e+00
 8.36768e+17	1.00e+00	2.19e-14	0.00e+00
 8.37272e+17	1.00e+00	2.08e-14	0.00e+00
 8.37774e+17	1.00e+00	1.97e-14	0.00e+00
 8.38254e+17	1.00e+00	1.87e-14	0.00e+00
 8.38698e+17	1.00e+00	1.78e-14	0.00e+00
 8.39109e+17	1.00e+00	1.69e-14	0.00e+00
 8.39502e+17	1.00e+00	1.62e-14	0.00e+00
 8.39884e+17	1.00e+00	1.55e-14	0.00e+00
 8.40256e+17	1.00e+00	1.48e-14	0.00e+00
 8.40613e+17	1.00e+00	1.42e-14	0.00e+00
