#depth	O	O+	O+2	O+3	O+4	O+5	O+6	O+7	O+8	O[1]	O[2]	O[3]
 1.49634e+10	0.00e+00	2.72e-45	1.07e-34	4.55e-25	2.35e-16	1.23e-08	1.00e+00	0.00e+00	0.00e+00	0.00e+00	0.00e+00	0.00e+00
 4.54887e+10	0.00e+00	0.00e+00	1.47e-34	5.77e-25	2.76e-16	1.33e-08	1.00e+00	6.47e-09	0.00e+00	0.00e+00	0.00e+00	0.00e+00
 7.72350e+10	0.00e+00	5.99e-45	2.02e-34	7.31e-25	3.23e-16	1.44e-08	1.00e+00	0.00e+00	0.00e+00	0.00e+00	0.00e+00	0.00e+00
 1.10251e+11	0.00e+00	0.00e+00	2.76e-34	9.27e-25	3.78e-16	1.55e-08	1.00e+00	0.00e+00	0.00e+00	0.00e+00	0.00e+00	0.00e+00
 1.44588e+11	0.00e+00	1.32e-44	3.79e-34	1.17e-24	4.43e-16	1.68e-08	1.00e+00	0.00e+00	0.00e+00	0.00e+00	0.00e+00	0.00e+00
 1.80298e+11	0.00e+00	0.00e+00	5.20e-34	1.49e-24	5.19e-16	1.82e-08	1.00e+00	0.00e+00	0.00e+00	0.00e+00	0.00e+00	0.00e+00
 2.17437e+11	0.00e+00	2.90e-44	7.12e-34	1.89e-24	6.09e-16	1.97e-08	1.00e+00	0.00e+00	0.00e+00	0.00e+00	0.00e+00	0.00e+00
 2.56061e+11	0.00e+00	0.00e+00	9.77e-34	2.39e-24	7.13e-16	2.14e-08	1.00e+00	0.00e+00	0.00e+00	0.00e+00	0.00e+00	0.00e+00
 2.96231e+11	0.00e+00	6.39e-44	1.34e-33	3.04e-24	8.36e-16	2.31e-08	1.00e+00	0.00e+00	0.00e+00	0.00e+00	0.00e+00	0.00e+00
 3.38007e+11	0.00e+00	0.00e+00	1.84e-33	3.85e-24	9.81e-16	2.51e-08	1.00e+00	0.00e+00	0.00e+00	0.00e+00	0.00e+00	0.00e+00
 3.79407e+11	0.00e+00	1.38e-43	2.49e-33	4.83e-24	1.14e-15	2.70e-08	1.00e+00	0.00e+00	0.00e+00	0.00e+00	0.00e+00	0.00e+00
 4.22464e+11	0.00e+00	0.00e+00	3.37e-33	6.07e-24	1.33e-15	2.92e-08	1.00e+00	0.00e+00	0.00e+00	0.00e+00	0.00e+00	0.00e+00
 4.69290e+11	0.00e+00	3.00e-43	4.63e-33	7.71e-24	1.56e-15	3.16e-08	1.00e+00	0.00e+00	0.00e+00	0.00e+00	0.00e+00	0.00e+00
 5.16712e+11	0.00e+00	0.00e+00	6.31e-33	9.73e-24	1.82e-15	3.42e-08	1.00e+00	0.00e+00	0.00e+00	0.00e+00	0.00e+00	0.00e+00
 5.66031e+11	0.00e+00	6.50e-43	8.60e-33	1.23e-23	2.13e-15	3.70e-08	1.00e+00	0.00e+00	0.00e+00	0.00e+00	0.00e+00	0.00e+00
 6.18599e+11	0.00e+00	0.00e+00	1.18e-32	1.56e-23	2.50e-15	4.01e-08	1.00e+00	0.00e+00	0.00e+00	0.00e+00	0.00e+00	0.00e+00
 6.73269e+11	0.00e+00	1.44e-42	1.63e-32	1.98e-23	2.94e-15	4.34e-08	1.00e+00	0.00e+00	0.00e+00	0.00e+00	0.00e+00	0.00e+00
 7.30127e+11	0.00e+00	0.00e+00	2.24e-32	2.52e-23	3.45e-15	4.71e-08	1.00e+00	0.00e+00	0.00e+00	0.00e+00	0.00e+00	0.00e+00
 7.89259e+11	0.00e+00	3.19e-42	3.08e-32	3.21e-23	4.06e-15	5.11e-08	1.00e+00	0.00e+00	0.00e+00	0.00e+00	0.00e+00	0.00e+00
 8.50756e+11	0.00e+00	0.00e+00	4.24e-32	4.08e-23	4.77e-15	5.54e-08	1.00e+00	0.00e+00	0.00e+00	0.00e+00	0.00e+00	0.00e+00
 9.14713e+11	0.00e+00	7.09e-42	5.84e-32	5.20e-23	5.61e-15	6.01e-08	1.00e+00	0.00e+00	0.00e+00	0.00e+00	0.00e+00	0.00e+00
 9.81228e+11	0.00e+00	0.00e+00	8.05e-32	6.62e-23	6.60e-15	6.53e-08	1.00e+00	0.00e+00	0.00e+00	0.00e+00	0.00e+00	0.00e+00
 1.05040e+12	0.00e+00	1.58e-41	1.11e-31	8.44e-23	7.77e-15	7.08e-08	1.00e+00	0.00e+00	0.00e+00	0.00e+00	0.00e+00	0.00e+00
 1.12235e+12	0.00e+00	0.00e+00	1.53e-31	1.08e-22	9.15e-15	7.69e-08	1.00e+00	0.00e+00	0.00e+00	0.00e+00	0.00e+00	0.00e+00
 1.19717e+12	0.00e+00	3.52e-41	2.11e-31	1.37e-22	1.08e-14	8.36e-08	1.00e+00	0.00e+00	0.00e+00	0.00e+00	0.00e+00	0.00e+00
 1.27498e+12	0.00e+00	0.00e+00	2.92e-31	1.75e-22	1.27e-14	9.08e-08	1.00e+00	0.00e+00	0.00e+00	0.00e+00	0.00e+00	0.00e+00
 1.35591e+12	0.00e+00	7.87e-41	4.03e-31	2.24e-22	1.50e-14	9.87e-08	1.00e+00	0.00e+00	0.00e+00	0.00e+00	0.00e+00	0.00e+00
 1.44007e+12	0.00e+00	0.00e+00	5.58e-31	2.86e-22	1.77e-14	1.07e-07	1.00e+00	0.00e+00	0.00e+00	0.00e+00	0.00e+00	0.00e+00
 1.52760e+12	0.00e+00	1.76e-40	7.72e-31	3.66e-22	2.09e-14	1.17e-07	1.00e+00	0.00e+00	0.00e+00	0.00e+00	0.00e+00	0.00e+00
 1.61863e+12	0.00e+00	0.00e+00	1.07e-30	4.68e-22	2.47e-14	1.27e-07	1.00e+00	0.00e+00	0.00e+00	0.00e+00	0.00e+00	0.00e+00
 1.71330e+12	0.00e+00	3.96e-40	1.48e-30	6.00e-22	2.92e-14	1.38e-07	1.00e+00	0.00e+00	0.00e+00	0.00e+00	0.00e+00	0.00e+00
 1.81176e+12	0.00e+00	0.00e+00	2.05e-30	7.69e-22	3.46e-14	1.51e-07	1.00e+00	0.00e+00	0.00e+00	0.00e+00	0.00e+00	0.00e+00
 1.90283e+12	0.00e+00	8.54e-40	2.75e-30	9.59e-22	4.02e-14	1.63e-07	1.00e+00	0.00e+00	0.00e+00	0.00e+00	0.00e+00	0.00e+00
 1.98188e+12	0.00e+00	0.00e+00	3.51e-30	1.16e-21	4.57e-14	1.74e-07	1.00e+00	0.00e+00	0.00e+00	0.00e+00	0.00e+00	0.00e+00
 2.06971e+12	0.00e+00	1.61e-39	4.58e-30	1.42e-21	5.25e-14	1.86e-07	1.00e+00	0.00e+00	0.00e+00	0.00e+00	0.00e+00	0.00e+00
 2.17671e+12	0.00e+00	0.00e+00	6.25e-30	1.79e-21	6.16e-14	2.02e-07	1.00e+00	0.00e+00	0.00e+00	0.00e+00	0.00e+00	0.00e+00
 2.28559e+12	0.00e+00	3.47e-39	8.51e-30	2.27e-21	7.25e-14	2.20e-07	1.00e+00	0.00e+00	0.00e+00	0.00e+00	0.00e+00	0.00e+00
 2.38463e+12	0.00e+00	0.00e+00	1.12e-29	2.79e-21	8.35e-14	2.36e-07	1.00e+00	0.00e+00	0.00e+00	0.00e+00	0.00e+00	0.00e+00
 2.49390e+12	0.00e+00	6.91e-39	1.49e-29	3.48e-21	9.71e-14	2.55e-07	1.00e+00	0.00e+00	0.00e+00	0.00e+00	0.00e+00	0.00e+00
 2.62174e+12	0.00e+00	0.00e+00	2.06e-29	4.46e-21	1.15e-13	2.79e-07	1.00e+00	0.00e+00	0.00e+00	0.00e+00	0.00e+00	0.00e+00
 2.74748e+12	0.00e+00	1.51e-38	2.81e-29	5.65e-21	1.36e-13	3.03e-07	1.00e+00	0.00e+00	0.00e+00	0.00e+00	0.00e+00	0.00e+00
 2.86478e+12	0.00e+00	0.00e+00	3.71e-29	6.99e-21	1.57e-13	3.27e-07	1.00e+00	0.00e+00	0.00e+00	0.00e+00	0.00e+00	0.00e+00
 2.99584e+12	0.00e+00	3.09e-38	5.00e-29	8.81e-21	1.84e-13	3.55e-07	1.00e+00	0.00e+00	0.00e+00	0.00e+00	0.00e+00	0.00e+00
 3.14560e+12	0.00e+00	0.00e+00	6.96e-29	1.14e-20	2.20e-13	3.88e-07	1.00e+00	0.00e+00	0.00e+00	0.00e+00	0.00e+00	0.00e+00
 3.29268e+12	0.00e+00	6.81e-38	9.52e-29	1.44e-20	2.60e-13	4.23e-07	1.00e+00	0.00e+00	0.00e+00	0.00e+00	0.00e+00	0.00e+00
 3.43399e+12	0.00e+00	0.00e+00	1.27e-28	1.80e-20	3.04e-13	4.59e-07	1.00e+00	0.00e+00	0.00e+00	0.00e+00	0.00e+00	0.00e+00
 3.58962e+12	0.00e+00	1.42e-37	1.73e-28	2.29e-20	3.58e-13	5.00e-07	1.00e+00	0.00e+00	0.00e+00	0.00e+00	0.00e+00	0.00e+00
 3.76313e+12	0.00e+00	0.00e+00	2.40e-28	2.95e-20	4.28e-13	5.48e-07	1.00e+00	0.00e+00	0.00e+00	0.00e+00	0.00e+00	0.00e+00
 3.93780e+12	0.00e+00	3.13e-37	3.30e-28	3.77e-20	5.08e-13	5.99e-07	1.00e+00	0.00e+00	0.00e+00	0.00e+00	0.00e+00	0.00e+00
 4.11945e+12	0.00e+00	0.00e+00	4.53e-28	4.82e-20	6.04e-13	6.56e-07	1.00e+00	0.00e+00	0.00e+00	0.00e+00	0.00e+00	0.00e+00
 4.31415e+12	0.00e+00	6.89e-37	6.28e-28	6.21e-20	7.21e-13	7.20e-07	1.00e+00	0.00e+00	0.00e+00	0.00e+00	0.00e+00	0.00e+00
 4.51665e+12	0.00e+00	0.00e+00	8.70e-28	8.00e-20	8.62e-13	7.90e-07	1.00e+00	0.00e+00	0.00e+00	0.00e+00	0.00e+00	0.00e+00
 4.72724e+12	0.00e+00	1.53e-36	1.20e-27	1.03e-19	1.03e-12	8.68e-07	1.00e+00	0.00e+00	0.00e+00	0.00e+00	0.00e+00	0.00e+00
 4.94626e+12	4.59e-46	2.26e-36	1.66e-27	1.33e-19	1.23e-12	9.53e-07	1.00e+00	0.00e+00	0.00e+00	0.00e+00	0.00e+00	0.00e+00
 5.17403e+12	0.00e+00	0.00e+00	2.30e-27	1.71e-19	1.47e-12	1.05e-06	1.00e+00	0.00e+00	0.00e+00	0.00e+00	0.00e+00	0.00e+00
 5.39088e+12	0.00e+00	4.80e-36	3.09e-27	2.15e-19	1.73e-12	1.14e-06	1.00e+00	0.00e+00	0.00e+00	0.00e+00	0.00e+00	0.00e+00
 5.58853e+12	1.63e-45	6.57e-36	4.00e-27	2.63e-19	2.00e-12	1.23e-06	1.00e+00	0.00e+00	0.00e+00	0.00e+00	0.00e+00	0.00e+00
 5.81145e+12	0.00e+00	0.00e+00	5.30e-27	3.28e-19	2.34e-12	1.34e-06	1.00e+00	0.00e+00	0.00e+00	0.00e+00	0.00e+00	0.00e+00
 6.05863e+12	0.00e+00	1.33e-35	7.15e-27	4.15e-19	2.76e-12	1.46e-06	1.00e+00	0.00e+00	0.00e+00	0.00e+00	0.00e+00	0.00e+00
 6.29034e+12	5.58e-45	1.85e-35	9.37e-27	5.13e-19	3.22e-12	1.58e-06	1.00e+00	0.00e+00	0.00e+00	0.00e+00	0.00e+00	0.00e+00
 6.54385e+12	0.00e+00	0.00e+00	1.25e-26	6.41e-19	3.77e-12	1.72e-06	1.00e+00	0.00e+00	0.00e+00	0.00e+00	0.00e+00	0.00e+00
 6.82826e+12	0.00e+00	3.78e-35	1.69e-26	8.16e-19	4.48e-12	1.89e-06	1.00e+00	0.00e+00	0.00e+00	0.00e+00	0.00e+00	0.00e+00
 7.09995e+12	1.95e-44	5.30e-35	2.24e-26	1.02e-18	5.25e-12	2.06e-06	1.00e+00	0.00e+00	0.00e+00	0.00e+00	0.00e+00	0.00e+00
 7.38977e+12	0.00e+00	7.51e-35	2.99e-26	1.28e-18	6.18e-12	2.24e-06	1.00e+00	0.00e+00	0.00e+00	0.00e+00	0.00e+00	0.00e+00
 7.71529e+12	4.59e-44	1.09e-34	4.08e-26	1.63e-18	7.36e-12	2.46e-06	1.00e+00	0.00e+00	0.00e+00	0.00e+00	0.00e+00	0.00e+00
 8.03671e+12	0.00e+00	1.55e-34	5.47e-26	2.06e-18	8.70e-12	2.70e-06	1.00e+00	0.00e+00	0.00e+00	0.00e+00	0.00e+00	0.00e+00
 8.32387e+12	9.98e-44	2.10e-34	7.04e-26	2.52e-18	1.00e-11	2.91e-06	1.00e+00	0.00e+00	0.00e+00	0.00e+00	0.00e+00	0.00e+00
 8.62676e+12	0.00e+00	2.86e-34	9.10e-26	3.09e-18	1.16e-11	3.15e-06	1.00e+00	0.00e+00	0.00e+00	0.00e+00	0.00e+00	0.00e+00
 8.96747e+12	2.13e-43	3.99e-34	1.20e-25	3.85e-18	1.36e-11	3.43e-06	1.00e+00	0.00e+00	0.00e+00	0.00e+00	0.00e+00	0.00e+00
 9.29140e+12	0.00e+00	5.40e-34	1.55e-25	4.71e-18	1.57e-11	3.72e-06	1.00e+00	0.00e+00	0.00e+00	0.00e+00	0.00e+00	0.00e+00
 9.64654e+12	4.45e-43	7.45e-34	2.03e-25	5.83e-18	1.84e-11	4.04e-06	1.00e+00	0.00e+00	0.00e+00	0.00e+00	0.00e+00	0.00e+00
 1.00394e+13	0.00e+00	1.05e-33	2.69e-25	7.32e-18	2.16e-11	4.42e-06	1.00e+00	0.00e+00	0.00e+00	0.00e+00	0.00e+00	0.00e+00
 1.04044e+13	9.49e-43	1.42e-33	3.48e-25	8.97e-18	2.50e-11	4.78e-06	1.00e+00	0.00e+00	0.00e+00	0.00e+00	0.00e+00	0.00e+00
 1.08021e+13	0.00e+00	1.95e-33	4.54e-25	1.11e-17	2.92e-11	5.20e-06	1.00e+00	0.00e+00	0.00e+00	0.00e+00	0.00e+00	0.00e+00
 1.12478e+13	2.06e-42	2.75e-33	6.05e-25	1.40e-17	3.44e-11	5.70e-06	1.00e+00	0.00e+00	0.00e+00	0.00e+00	0.00e+00	0.00e+00
 1.16705e+13	0.00e+00	3.75e-33	7.87e-25	1.73e-17	4.00e-11	6.19e-06	1.00e+00	0.00e+00	0.00e+00	0.00e+00	0.00e+00	0.00e+00
 1.21248e+13	4.34e-42	5.18e-33	1.03e-24	2.14e-17	4.67e-11	6.74e-06	1.00e+00	0.00e+00	0.00e+00	0.00e+00	0.00e+00	0.00e+00
 1.26291e+13	0.00e+00	7.30e-33	1.38e-24	2.70e-17	5.52e-11	7.38e-06	1.00e+00	0.00e+00	0.00e+00	0.00e+00	0.00e+00	0.00e+00
 1.31185e+13	9.44e-42	1.01e-32	1.80e-24	3.36e-17	6.44e-11	8.04e-06	1.00e+00	0.00e+00	0.00e+00	0.00e+00	0.00e+00	0.00e+00
 1.36380e+13	0.00e+00	1.39e-32	2.38e-24	4.19e-17	7.54e-11	8.76e-06	1.00e+00	0.00e+00	0.00e+00	0.00e+00	0.00e+00	0.00e+00
 1.42135e+13	2.08e-41	1.98e-32	3.19e-24	5.30e-17	8.91e-11	9.61e-06	1.00e+00	0.00e+00	0.00e+00	0.00e+00	0.00e+00	0.00e+00
 1.47933e+13	0.00e+00	2.77e-32	4.23e-24	6.65e-17	1.05e-10	1.05e-05	1.00e+00	0.00e+00	0.00e+00	0.00e+00	0.00e+00	0.00e+00
 1.53964e+13	4.58e-41	3.88e-32	5.63e-24	8.36e-17	1.23e-10	1.15e-05	1.00e+00	0.00e+00	0.00e+00	0.00e+00	0.00e+00	0.00e+00
 1.60421e+13	0.00e+00	5.49e-32	7.54e-24	1.06e-16	1.45e-10	1.26e-05	1.00e+00	0.00e+00	0.00e+00	0.00e+00	0.00e+00	0.00e+00
 1.67137e+13	1.03e-40	7.77e-32	1.01e-23	1.33e-16	1.71e-10	1.38e-05	1.00e+00	0.00e+00	0.00e+00	0.00e+00	0.00e+00	0.00e+00
 1.74122e+13	0.00e+00	1.10e-31	1.35e-23	1.69e-16	2.02e-10	1.51e-05	1.00e+00	0.00e+00	0.00e+00	0.00e+00	0.00e+00	0.00e+00
 1.81386e+13	2.33e-40	1.56e-31	1.82e-23	2.13e-16	2.38e-10	1.65e-05	1.00e+00	0.00e+00	0.00e+00	0.00e+00	0.00e+00	0.00e+00
 1.88665e+13	0.00e+00	2.19e-31	2.41e-23	2.67e-16	2.78e-10	1.80e-05	1.00e+00	0.00e+00	0.00e+00	0.00e+00	0.00e+00	0.00e+00
 1.95541e+13	4.97e-40	2.98e-31	3.12e-23	3.27e-16	3.21e-10	1.94e-05	1.00e+00	0.00e+00	0.00e+00	0.00e+00	0.00e+00	0.00e+00
 2.02967e+13	0.00e+00	4.12e-31	4.09e-23	4.05e-16	3.72e-10	2.10e-05	1.00e+00	0.00e+00	0.00e+00	0.00e+00	0.00e+00	0.00e+00
 2.11385e+13	1.10e-39	5.86e-31	5.49e-23	5.12e-16	4.37e-10	2.30e-05	1.00e+00	0.00e+00	0.00e+00	0.00e+00	0.00e+00	0.00e+00
 2.19045e+13	0.00e+00	7.99e-31	7.11e-23	6.28e-16	5.04e-10	2.48e-05	1.00e+00	0.00e+00	0.00e+00	0.00e+00	0.00e+00	0.00e+00
 2.25534e+13	2.14e-39	1.03e-30	8.81e-23	7.43e-16	5.65e-10	2.64e-05	1.00e+00	0.00e+00	0.00e+00	0.00e+00	0.00e+00	0.00e+00
 2.32713e+13	0.00e+00	1.36e-30	1.11e-22	8.90e-16	6.40e-10	2.82e-05	1.00e+00	0.00e+00	0.00e+00	0.00e+00	0.00e+00	0.00e+00
 2.41656e+13	4.37e-39	1.90e-30	1.46e-22	1.11e-15	7.43e-10	3.06e-05	1.00e+00	0.00e+00	0.00e+00	0.00e+00	0.00e+00	0.00e+00
 2.51036e+13	0.00e+00	2.67e-30	1.94e-22	1.38e-15	8.64e-10	3.32e-05	1.00e+00	0.00e+00	0.00e+00	0.00e+00	0.00e+00	0.00e+00
 2.59719e+13	9.31e-39	3.62e-30	2.49e-22	1.68e-15	9.89e-10	3.56e-05	1.00e+00	0.00e+00	0.00e+00	0.00e+00	0.00e+00	0.00e+00
 2.69335e+13	0.00e+00	5.02e-30	3.26e-22	2.07e-15	1.14e-09	3.85e-05	1.00e+00	0.00e+00	0.00e+00	0.00e+00	0.00e+00	0.00e+00
 2.79518e+13	2.03e-38	7.01e-30	4.30e-22	2.57e-15	1.32e-09	4.16e-05	1.00e+00	0.00e+00	0.00e+00	0.00e+00	0.00e+00	0.00e+00
 2.88366e+13	0.00e+00	9.30e-30	5.43e-22	3.08e-15	1.49e-09	4.44e-05	1.00e+00	0.00e+00	0.00e+00	0.00e+00	0.00e+00	0.00e+00
 2.97777e+13	4.01e-38	1.25e-29	6.91e-22	3.71e-15	1.70e-09	4.75e-05	1.00e+00	0.00e+00	0.00e+00	0.00e+00	0.00e+00	0.00e+00
 3.09309e+13	0.00e+00	1.77e-29	9.19e-22	4.63e-15	1.97e-09	5.14e-05	1.00e+00	0.00e+00	0.00e+00	0.00e+00	0.00e+00	0.00e+00
 3.20875e+13	8.98e-38	2.47e-29	1.21e-21	5.73e-15	2.28e-09	5.55e-05	1.00e+00	0.00e+00	0.00e+00	0.00e+00	0.00e+00	0.00e+00
 3.31078e+13	0.00e+00	3.30e-29	1.54e-21	6.88e-15	2.58e-09	5.92e-05	1.00e+00	0.00e+00	0.00e+00	0.00e+00	0.00e+00	0.00e+00
 3.42229e+13	1.82e-37	4.49e-29	1.97e-21	8.35e-15	2.94e-09	6.34e-05	1.00e+00	0.00e+00	0.00e+00	0.00e+00	0.00e+00	0.00e+00
 3.55652e+13	0.00e+00	6.42e-29	2.64e-21	1.05e-14	3.42e-09	6.86e-05	1.00e+00	0.00e+00	0.00e+00	0.00e+00	0.00e+00	0.00e+00
 3.69118e+13	4.19e-37	9.07e-29	3.51e-21	1.30e-14	3.96e-09	7.41e-05	1.00e+00	0.00e+00	0.00e+00	0.00e+00	0.00e+00	0.00e+00
 3.81435e+13	0.00e+00	1.24e-28	4.51e-21	1.57e-14	4.51e-09	7.92e-05	1.00e+00	0.00e+00	0.00e+00	0.00e+00	0.00e+00	0.00e+00
 3.95167e+13	8.97e-37	1.72e-28	5.91e-21	1.94e-14	5.18e-09	8.51e-05	1.00e+00	0.00e+00	0.00e+00	0.00e+00	0.00e+00	0.00e+00
 4.11136e+13	0.00e+00	2.50e-28	8.01e-21	2.44e-14	6.06e-09	9.23e-05	1.00e+00	0.00e+00	0.00e+00	0.00e+00	0.00e+00	0.00e+00
 4.26879e+13	2.13e-36	3.57e-28	1.07e-20	3.05e-14	7.03e-09	9.97e-05	1.00e+00	0.00e+00	0.00e+00	0.00e+00	0.00e+00	0.00e+00
 4.41926e+13	0.00e+00	4.96e-28	1.40e-20	3.73e-14	8.06e-09	1.07e-04	1.00e+00	0.00e+00	0.00e+00	0.00e+00	0.00e+00	0.00e+00
 4.58576e+13	4.79e-36	7.05e-28	1.86e-20	4.64e-14	9.33e-09	1.15e-04	1.00e+00	0.00e+00	0.00e+00	0.00e+00	0.00e+00	0.00e+00
 4.77218e+13	0.00e+00	1.03e-27	2.53e-20	5.86e-14	1.09e-08	1.25e-04	1.00e+00	0.00e+00	0.00e+00	0.00e+00	0.00e+00	0.00e+00
 4.96159e+13	1.17e-35	1.49e-27	3.41e-20	7.37e-14	1.27e-08	1.35e-04	1.00e+00	0.00e+00	0.00e+00	0.00e+00	0.00e+00	0.00e+00
 5.15857e+13	0.00e+00	2.17e-27	4.62e-20	9.28e-14	1.49e-08	1.46e-04	1.00e+00	0.00e+00	0.00e+00	0.00e+00	0.00e+00	0.00e+00
 5.36790e+13	2.87e-35	3.17e-27	6.29e-20	1.17e-13	1.74e-08	1.59e-04	1.00e+00	0.00e+00	0.00e+00	0.00e+00	0.00e+00	0.00e+00
 5.57496e+13	4.43e-35	4.57e-27	8.43e-20	1.47e-13	2.02e-08	1.71e-04	1.00e+00	0.00e+00	0.00e+00	0.00e+00	0.00e+00	0.00e+00
 5.79031e+13	6.84e-35	6.58e-27	1.13e-19	1.83e-13	2.34e-08	1.85e-04	1.00e+00	0.00e+00	0.00e+00	0.00e+00	0.00e+00	0.00e+00
 6.02491e+13	1.08e-34	9.63e-27	1.54e-19	2.32e-13	2.74e-08	2.00e-04	1.00e+00	0.00e+00	0.00e+00	0.00e+00	0.00e+00	0.00e+00
 6.26179e+13	1.68e-34	1.40e-26	2.08e-19	2.91e-13	3.20e-08	2.17e-04	1.00e+00	0.00e+00	0.00e+00	0.00e+00	0.00e+00	0.00e+00
 6.50814e+13	2.61e-34	2.02e-26	2.81e-19	3.66e-13	3.72e-08	2.34e-04	1.00e+00	0.00e+00	0.00e+00	0.00e+00	0.00e+00	0.00e+00
 6.74237e+13	3.91e-34	2.84e-26	3.70e-19	4.51e-13	4.28e-08	2.52e-04	1.00e+00	0.00e+00	0.00e+00	0.00e+00	0.00e+00	0.00e+00
 6.94389e+13	5.49e-34	3.77e-26	4.65e-19	5.36e-13	4.81e-08	2.67e-04	1.00e+00	0.00e+00	0.00e+00	0.00e+00	0.00e+00	0.00e+00
 7.16556e+13	7.87e-34	5.10e-26	5.94e-19	6.46e-13	5.45e-08	2.85e-04	1.00e+00	0.00e+00	0.00e+00	0.00e+00	0.00e+00	0.00e+00
 7.43816e+13	1.20e-33	7.30e-26	7.94e-19	8.05e-13	6.32e-08	3.07e-04	1.00e+00	0.00e+00	0.00e+00	0.00e+00	0.00e+00	0.00e+00
 7.72035e+13	1.84e-33	1.04e-25	1.06e-18	1.00e-12	7.33e-08	3.31e-04	1.00e+00	0.00e+00	0.00e+00	0.00e+00	0.00e+00	0.00e+00
 7.98223e+13	2.70e-33	1.44e-25	1.38e-18	1.22e-12	8.36e-08	3.54e-04	1.00e+00	0.00e+00	0.00e+00	0.00e+00	0.00e+00	0.00e+00
 8.27293e+13	4.06e-33	2.03e-25	1.82e-18	1.51e-12	9.63e-08	3.81e-04	1.00e+00	0.00e+00	0.00e+00	0.00e+00	0.00e+00	0.00e+00
 8.60684e+13	6.37e-33	2.96e-25	2.47e-18	1.91e-12	1.13e-07	4.13e-04	1.00e+00	0.00e+00	0.00e+00	0.00e+00	0.00e+00	0.00e+00
 8.93736e+13	9.79e-33	4.25e-25	3.31e-18	2.39e-12	1.31e-07	4.46e-04	1.00e+00	0.00e+00	0.00e+00	0.00e+00	0.00e+00	0.00e+00
 9.28110e+13	1.50e-32	6.10e-25	4.44e-18	2.98e-12	1.52e-07	4.82e-04	1.00e+00	0.00e+00	0.00e+00	0.00e+00	0.00e+00	0.00e+00
 9.65533e+13	2.36e-32	8.90e-25	6.03e-18	3.77e-12	1.78e-07	5.23e-04	9.99e-01	0.00e+00	0.00e+00	0.00e+00	0.00e+00	0.00e+00
 1.00445e+14	3.69e-32	1.30e-24	8.20e-18	4.77e-12	2.08e-07	5.67e-04	9.99e-01	0.00e+00	0.00e+00	0.00e+00	0.00e+00	0.00e+00
 1.04060e+14	5.52e-32	1.82e-24	1.08e-17	5.88e-12	2.39e-07	6.09e-04	9.99e-01	0.00e+00	0.00e+00	0.00e+00	0.00e+00	0.00e+00
 1.07215e+14	7.75e-32	2.42e-24	1.36e-17	7.02e-12	2.70e-07	6.48e-04	9.99e-01	0.00e+00	0.00e+00	0.00e+00	0.00e+00	0.00e+00
 1.10724e+14	1.12e-31	3.30e-24	1.75e-17	8.49e-12	3.06e-07	6.92e-04	9.99e-01	0.00e+00	0.00e+00	0.00e+00	0.00e+00	0.00e+00
 1.14976e+14	1.72e-31	4.76e-24	2.36e-17	1.06e-11	3.56e-07	7.48e-04	9.99e-01	0.00e+00	0.00e+00	0.00e+00	0.00e+00	0.00e+00
 1.19266e+14	2.59e-31	6.71e-24	3.12e-17	1.32e-11	4.12e-07	8.06e-04	9.99e-01	0.00e+00	0.00e+00	0.00e+00	0.00e+00	0.00e+00
 1.23162e+14	3.74e-31	9.14e-24	4.00e-17	1.60e-11	4.68e-07	8.61e-04	9.99e-01	0.00e+00	0.00e+00	0.00e+00	0.00e+00	0.00e+00
 1.27476e+14	5.54e-31	1.27e-23	5.23e-17	1.96e-11	5.36e-07	9.24e-04	9.99e-01	0.00e+00	0.00e+00	0.00e+00	0.00e+00	0.00e+00
 1.32528e+14	8.60e-31	1.84e-23	7.08e-17	2.47e-11	6.26e-07	1.00e-03	9.99e-01	0.00e+00	0.00e+00	0.00e+00	0.00e+00	0.00e+00
 1.37485e+14	1.31e-30	2.62e-23	9.43e-17	3.07e-11	7.24e-07	1.08e-03	9.99e-01	0.00e+00	0.00e+00	0.00e+00	0.00e+00	0.00e+00
 1.42100e+14	1.91e-30	3.61e-23	1.22e-16	3.73e-11	8.26e-07	1.15e-03	9.99e-01	0.00e+00	0.00e+00	0.00e+00	0.00e+00	0.00e+00
 1.47273e+14	2.88e-30	5.09e-23	1.61e-16	4.61e-11	9.52e-07	1.24e-03	9.99e-01	0.00e+00	0.00e+00	0.00e+00	0.00e+00	0.00e+00
 1.53194e+14	4.52e-30	7.44e-23	2.20e-16	5.83e-11	1.11e-06	1.35e-03	9.99e-01	0.00e+00	0.00e+00	0.00e+00	0.00e+00	0.00e+00
 1.59033e+14	6.95e-30	1.07e-22	2.94e-16	7.28e-11	1.29e-06	1.45e-03	9.99e-01	0.00e+00	0.00e+00	0.00e+00	0.00e+00	0.00e+00
 1.65105e+14	1.07e-29	1.54e-22	3.95e-16	9.10e-11	1.50e-06	1.57e-03	9.98e-01	0.00e+00	0.00e+00	0.00e+00	0.00e+00	0.00e+00
 1.71739e+14	1.69e-29	2.25e-22	5.38e-16	1.15e-10	1.75e-06	1.70e-03	9.98e-01	0.00e+00	0.00e+00	0.00e+00	0.00e+00	0.00e+00
 1.78469e+14	2.63e-29	3.27e-22	7.28e-16	1.45e-10	2.04e-06	1.83e-03	9.98e-01	0.00e+00	0.00e+00	0.00e+00	0.00e+00	0.00e+00
 1.85468e+14	4.12e-29	4.76e-22	9.85e-16	1.82e-10	2.38e-06	1.98e-03	9.98e-01	0.00e+00	0.00e+00	0.00e+00	0.00e+00	0.00e+00
 1.92631e+14	6.40e-29	6.89e-22	1.33e-15	2.28e-10	2.77e-06	2.14e-03	9.98e-01	0.00e+00	0.00e+00	0.00e+00	0.00e+00	0.00e+00
 1.99627e+14	9.71e-29	9.77e-22	1.76e-15	2.81e-10	3.19e-06	2.30e-03	9.98e-01	0.00e+00	0.00e+00	0.00e+00	0.00e+00	0.00e+00
 2.06544e+14	1.45e-28	1.36e-21	2.30e-15	3.45e-10	3.65e-06	2.46e-03	9.98e-01	0.00e+00	0.00e+00	0.00e+00	0.00e+00	0.00e+00
 2.14190e+14	2.21e-28	1.95e-21	3.07e-15	4.28e-10	4.21e-06	2.65e-03	9.97e-01	0.00e+00	0.00e+00	0.00e+00	0.00e+00	0.00e+00
 2.22574e+14	3.48e-28	2.84e-21	4.15e-15	5.38e-10	4.91e-06	2.86e-03	9.97e-01	0.00e+00	0.00e+00	0.00e+00	0.00e+00	0.00e+00
 2.30676e+14	5.29e-28	4.04e-21	5.51e-15	6.66e-10	5.66e-06	3.07e-03	9.97e-01	0.00e+00	0.00e+00	0.00e+00	0.00e+00	0.00e+00
 2.37972e+14	7.64e-28	5.49e-21	7.05e-15	8.01e-10	6.40e-06	3.27e-03	9.97e-01	0.00e+00	0.00e+00	0.00e+00	0.00e+00	0.00e+00
 2.45706e+14	1.11e-27	7.52e-21	9.09e-15	9.69e-10	7.27e-06	3.49e-03	9.97e-01	0.00e+00	0.00e+00	0.00e+00	0.00e+00	0.00e+00
 2.55094e+14	1.73e-27	1.09e-20	1.22e-14	1.21e-09	8.44e-06	3.76e-03	9.96e-01	0.00e+00	0.00e+00	0.00e+00	0.00e+00	0.00e+00
 2.64416e+14	2.65e-27	1.55e-20	1.63e-14	1.50e-09	9.73e-06	4.04e-03	9.96e-01	0.00e+00	0.00e+00	0.00e+00	0.00e+00	0.00e+00
 2.72693e+14	3.81e-27	2.10e-20	2.07e-14	1.80e-09	1.10e-05	4.29e-03	9.96e-01	0.00e+00	0.00e+00	0.00e+00	0.00e+00	0.00e+00
 2.81829e+14	5.62e-27	2.91e-20	2.69e-14	2.19e-09	1.25e-05	4.58e-03	9.95e-01	0.00e+00	0.00e+00	0.00e+00	0.00e+00	0.00e+00
 2.92075e+14	8.55e-27	4.13e-20	3.57e-14	2.72e-09	1.44e-05	4.92e-03	9.95e-01	0.00e+00	0.00e+00	0.00e+00	0.00e+00	0.00e+00
 3.01741e+14	1.26e-26	5.71e-20	4.63e-14	3.30e-09	1.64e-05	5.25e-03	9.95e-01	0.00e+00	0.00e+00	0.00e+00	0.00e+00	0.00e+00
 3.12285e+14	1.89e-26	8.00e-20	6.07e-14	4.04e-09	1.88e-05	5.62e-03	9.94e-01	0.00e+00	0.00e+00	0.00e+00	0.00e+00	0.00e+00
 3.23938e+14	2.90e-26	1.15e-19	8.11e-14	5.03e-09	2.18e-05	6.05e-03	9.94e-01	0.00e+00	0.00e+00	0.00e+00	0.00e+00	0.00e+00
 3.34709e+14	4.26e-26	1.58e-19	1.05e-13	6.11e-09	2.48e-05	6.46e-03	9.94e-01	0.00e+00	0.00e+00	0.00e+00	0.00e+00	0.00e+00
 3.46384e+14	6.38e-26	2.22e-19	1.38e-13	7.49e-09	2.84e-05	6.92e-03	9.93e-01	0.00e+00	0.00e+00	0.00e+00	0.00e+00	0.00e+00
 3.59429e+14	9.77e-26	3.17e-19	1.84e-13	9.34e-09	3.29e-05	7.46e-03	9.93e-01	0.00e+00	0.00e+00	0.00e+00	0.00e+00	0.00e+00
 3.71698e+14	1.46e-25	4.42e-19	2.40e-13	1.14e-08	3.76e-05	7.97e-03	9.92e-01	0.00e+00	0.00e+00	0.00e+00	0.00e+00	0.00e+00
 3.85085e+14	2.19e-25	6.23e-19	3.17e-13	1.41e-08	4.33e-05	8.56e-03	9.91e-01	0.00e+00	0.00e+00	0.00e+00	0.00e+00	0.00e+00
 3.99980e+14	3.39e-25	9.01e-19	4.27e-13	1.76e-08	5.03e-05	9.25e-03	9.91e-01	0.00e+00	0.00e+00	0.00e+00	0.00e+00	0.00e+00
 4.13939e+14	5.05e-25	1.26e-18	5.60e-13	2.16e-08	5.76e-05	9.91e-03	9.90e-01	0.00e+00	0.00e+00	0.00e+00	0.00e+00	0.00e+00
 4.28994e+14	7.62e-25	1.78e-18	7.40e-13	2.67e-08	6.64e-05	1.06e-02	9.89e-01	0.00e+00	0.00e+00	0.00e+00	0.00e+00	0.00e+00
 4.45803e+14	1.18e-24	2.58e-18	9.99e-13	3.36e-08	7.73e-05	1.15e-02	9.88e-01	0.00e+00	0.00e+00	0.00e+00	0.00e+00	0.00e+00
 4.61970e+14	1.78e-24	3.63e-18	1.32e-12	4.15e-08	8.90e-05	1.24e-02	9.88e-01	0.00e+00	0.00e+00	0.00e+00	0.00e+00	0.00e+00
 4.79164e+14	2.70e-24	5.16e-18	1.75e-12	5.15e-08	1.03e-04	1.33e-02	9.87e-01	0.00e+00	0.00e+00	0.00e+00	0.00e+00	0.00e+00
 4.98360e+14	4.19e-24	7.49e-18	2.38e-12	6.50e-08	1.20e-04	1.45e-02	9.85e-01	0.00e+00	0.00e+00	0.00e+00	0.00e+00	0.00e+00
 5.17496e+14	6.44e-24	1.08e-17	3.19e-12	8.13e-08	1.39e-04	1.56e-02	9.84e-01	0.00e+00	0.00e+00	0.00e+00	0.00e+00	0.00e+00
 5.37397e+14	9.74e-24	1.53e-17	4.26e-12	1.02e-07	1.62e-04	1.69e-02	9.83e-01	0.00e+00	0.00e+00	0.00e+00	0.00e+00	0.00e+00
 5.58922e+14	1.52e-23	2.23e-17	5.79e-12	1.28e-07	1.89e-04	1.83e-02	9.82e-01	0.00e+00	0.00e+00	0.00e+00	0.00e+00	0.00e+00
 5.80672e+14	2.31e-23	3.19e-17	7.76e-12	1.61e-07	2.20e-04	1.98e-02	9.80e-01	0.00e+00	0.00e+00	0.00e+00	0.00e+00	0.00e+00
 6.03291e+14	3.51e-23	4.55e-17	1.04e-11	2.01e-07	2.56e-04	2.14e-02	9.78e-01	0.00e+00	0.00e+00	0.00e+00	0.00e+00	0.00e+00
 6.25601e+14	5.20e-23	6.38e-17	1.37e-11	2.49e-07	2.95e-04	2.31e-02	9.77e-01	0.00e+00	0.00e+00	0.00e+00	0.00e+00	0.00e+00
 6.44282e+14	7.15e-23	8.38e-17	1.72e-11	2.97e-07	3.31e-04	2.46e-02	9.75e-01	0.00e+00	0.00e+00	0.00e+00	0.00e+00	0.00e+00
 6.63174e+14	9.77e-23	1.09e-16	2.14e-11	3.52e-07	3.71e-04	2.61e-02	9.74e-01	0.00e+00	0.00e+00	0.00e+00	0.00e+00	0.00e+00
 6.87344e+14	1.43e-22	1.52e-16	2.81e-11	4.34e-07	4.26e-04	2.82e-02	9.71e-01	0.00e+00	0.00e+00	0.00e+00	0.00e+00	0.00e+00
 7.12174e+14	2.08e-22	2.10e-16	3.68e-11	5.35e-07	4.90e-04	3.04e-02	9.69e-01	0.00e+00	0.00e+00	0.00e+00	0.00e+00	0.00e+00
 7.33327e+14	2.83e-22	2.74e-16	4.59e-11	6.36e-07	5.50e-04	3.23e-02	9.67e-01	0.00e+00	0.00e+00	0.00e+00	0.00e+00	0.00e+00
 7.55901e+14	3.88e-22	3.60e-16	5.77e-11	7.60e-07	6.19e-04	3.44e-02	9.65e-01	0.00e+00	0.00e+00	0.00e+00	0.00e+00	0.00e+00
 7.84049e+14	5.68e-22	5.02e-16	7.62e-11	9.42e-07	7.14e-04	3.72e-02	9.62e-01	0.00e+00	0.00e+00	0.00e+00	0.00e+00	0.00e+00
 8.12908e+14	8.25e-22	6.95e-16	1.00e-10	1.17e-06	8.22e-04	4.02e-02	9.59e-01	0.00e+00	0.00e+00	0.00e+00	0.00e+00	0.00e+00
 8.38367e+14	1.14e-21	9.19e-16	1.26e-10	1.40e-06	9.27e-04	4.29e-02	9.56e-01	0.00e+00	0.00e+00	0.00e+00	0.00e+00	0.00e+00
 8.65940e+14	1.57e-21	1.22e-15	1.61e-10	1.69e-06	1.05e-03	4.60e-02	9.53e-01	0.00e+00	0.00e+00	0.00e+00	0.00e+00	0.00e+00
 8.99170e+14	2.30e-21	1.71e-15	2.14e-10	2.11e-06	1.22e-03	4.99e-02	9.49e-01	0.00e+00	0.00e+00	0.00e+00	0.00e+00	0.00e+00
 9.32045e+14	3.32e-21	2.36e-15	2.80e-10	2.60e-06	1.40e-03	5.38e-02	9.45e-01	0.00e+00	0.00e+00	0.00e+00	0.00e+00	0.00e+00
 9.61220e+14	4.56e-21	3.12e-15	3.53e-10	3.11e-06	1.57e-03	5.74e-02	9.41e-01	0.00e+00	0.00e+00	0.00e+00	0.00e+00	0.00e+00
 9.93295e+14	6.32e-21	4.17e-15	4.52e-10	3.77e-06	1.79e-03	6.16e-02	9.37e-01	0.00e+00	0.00e+00	0.00e+00	0.00e+00	0.00e+00
 1.03167e+15	9.26e-21	5.86e-15	6.02e-10	4.71e-06	2.06e-03	6.67e-02	9.31e-01	0.00e+00	0.00e+00	0.00e+00	0.00e+00	0.00e+00
 1.06972e+15	1.33e-20	8.09e-15	7.90e-10	5.82e-06	2.37e-03	7.20e-02	9.26e-01	0.00e+00	0.00e+00	0.00e+00	0.00e+00	0.00e+00
 1.10416e+15	1.83e-20	1.07e-14	1.00e-09	7.00e-06	2.67e-03	7.69e-02	9.20e-01	0.00e+00	0.00e+00	0.00e+00	0.00e+00	0.00e+00
 1.14242e+15	2.57e-20	1.46e-14	1.30e-09	8.54e-06	3.04e-03	8.25e-02	9.14e-01	0.00e+00	0.00e+00	0.00e+00	0.00e+00	0.00e+00
 1.18734e+15	3.79e-20	2.06e-14	1.73e-09	1.07e-05	3.52e-03	8.94e-02	9.07e-01	0.00e+00	0.00e+00	0.00e+00	0.00e+00	0.00e+00
 1.23155e+15	5.47e-20	2.86e-14	2.28e-09	1.32e-05	4.04e-03	9.64e-02	9.00e-01	0.00e+00	0.00e+00	0.00e+00	0.00e+00	0.00e+00
 1.27264e+15	7.61e-20	3.84e-14	2.93e-09	1.60e-05	4.57e-03	1.03e-01	8.92e-01	0.00e+00	0.00e+00	0.00e+00	0.00e+00	0.00e+00
 1.31869e+15	1.09e-19	5.29e-14	3.83e-09	1.96e-05	5.22e-03	1.11e-01	8.84e-01	0.00e+00	0.00e+00	0.00e+00	0.00e+00	0.00e+00
 1.37146e+15	1.62e-19	7.54e-14	5.15e-09	2.46e-05	6.04e-03	1.20e-01	8.74e-01	0.00e+00	0.00e+00	0.00e+00	0.00e+00	0.00e+00
 1.42346e+15	2.36e-19	1.06e-13	6.83e-09	3.05e-05	6.93e-03	1.29e-01	8.64e-01	0.00e+00	0.00e+00	0.00e+00	0.00e+00	0.00e+00
 1.47754e+15	3.45e-19	1.48e-13	9.06e-09	3.78e-05	7.94e-03	1.39e-01	8.53e-01	0.00e+00	0.00e+00	0.00e+00	0.00e+00	0.00e+00
 1.53667e+15	5.14e-19	2.12e-13	1.22e-08	4.73e-05	9.16e-03	1.50e-01	8.41e-01	0.00e+00	0.00e+00	0.00e+00	0.00e+00	0.00e+00
 1.59680e+15	7.62e-19	3.02e-13	1.63e-08	5.89e-05	1.05e-02	1.61e-01	8.29e-01	0.00e+00	0.00e+00	0.00e+00	0.00e+00	0.00e+00
 1.65933e+15	1.13e-18	4.29e-13	2.18e-08	7.32e-05	1.21e-02	1.73e-01	8.15e-01	0.00e+00	0.00e+00	0.00e+00	0.00e+00	0.00e+00
 1.71486e+15	1.58e-18	5.81e-13	2.80e-08	8.82e-05	1.36e-02	1.83e-01	8.03e-01	0.00e+00	0.00e+00	0.00e+00	0.00e+00	0.00e+00
 1.75745e+15	2.04e-18	7.28e-13	3.36e-08	1.01e-04	1.48e-02	1.92e-01	7.93e-01	0.00e+00	0.00e+00	0.00e+00	0.00e+00	0.00e+00
 1.80254e+15	2.66e-18	9.20e-13	4.07e-08	1.17e-04	1.62e-02	2.00e-01	7.83e-01	0.00e+00	0.00e+00	0.00e+00	0.00e+00	0.00e+00
 1.86115e+15	3.71e-18	1.24e-12	5.19e-08	1.40e-04	1.82e-02	2.12e-01	7.70e-01	0.00e+00	0.00e+00	0.00e+00	0.00e+00	0.00e+00
 1.92476e+15	5.27e-18	1.69e-12	6.69e-08	1.69e-04	2.04e-02	2.24e-01	7.55e-01	0.00e+00	0.00e+00	0.00e+00	0.00e+00	0.00e+00
 1.98243e+15	7.19e-18	2.22e-12	8.35e-08	1.98e-04	2.26e-02	2.36e-01	7.41e-01	0.00e+00	0.00e+00	0.00e+00	0.00e+00	0.00e+00
 2.04496e+15	9.94e-18	2.95e-12	1.05e-07	2.36e-04	2.51e-02	2.48e-01	7.27e-01	0.00e+00	0.00e+00	0.00e+00	0.00e+00	0.00e+00
 2.12192e+15	1.47e-17	4.16e-12	1.39e-07	2.89e-04	2.85e-02	2.63e-01	7.08e-01	0.00e+00	0.00e+00	0.00e+00	0.00e+00	0.00e+00
 2.19919e+15	2.14e-17	5.79e-12	1.81e-07	3.51e-04	3.21e-02	2.78e-01	6.90e-01	0.00e+00	0.00e+00	0.00e+00	0.00e+00	0.00e+00
 2.26733e+15	3.00e-17	7.67e-12	2.27e-07	4.13e-04	3.55e-02	2.91e-01	6.73e-01	0.00e+00	0.00e+00	1.72e-17	9.07e-18	3.19e-18
 2.34204e+15	4.23e-17	1.04e-11	2.89e-07	4.92e-04	3.94e-02	3.05e-01	6.55e-01	0.00e+00	0.00e+00	2.42e-17	1.29e-17	4.48e-18
 2.43197e+15	6.31e-17	1.47e-11	3.82e-07	6.01e-04	4.45e-02	3.21e-01	6.34e-01	0.00e+00	0.00e+00	3.61e-17	1.92e-17	6.65e-18
 2.52176e+15	9.29e-17	2.05e-11	4.98e-07	7.28e-04	4.99e-02	3.37e-01	6.13e-01	0.00e+00	0.00e+00	5.33e-17	2.82e-17	9.74e-18
 2.60288e+15	1.30e-16	2.73e-11	6.27e-07	8.58e-04	5.51e-02	3.51e-01	5.93e-01	0.00e+00	0.00e+00	7.47e-17	3.94e-17	1.36e-17
 2.69265e+15	1.87e-16	3.72e-11	8.01e-07	1.02e-03	6.11e-02	3.65e-01	5.73e-01	0.00e+00	0.00e+00	1.07e-16	5.65e-17	1.94e-17
 2.79828e+15	2.82e-16	5.29e-11	1.06e-06	1.25e-03	6.87e-02	3.82e-01	5.48e-01	0.00e+00	0.00e+00	1.62e-16	8.54e-17	2.92e-17
 2.90199e+15	4.15e-16	7.35e-11	1.37e-06	1.50e-03	7.65e-02	3.97e-01	5.25e-01	0.00e+00	0.00e+00	2.39e-16	1.26e-16	4.29e-17
 2.99829e+15	5.90e-16	9.88e-11	1.73e-06	1.76e-03	8.41e-02	4.10e-01	5.04e-01	0.00e+00	0.00e+00	3.40e-16	1.78e-16	6.07e-17
 3.10669e+15	8.60e-16	1.36e-10	2.22e-06	2.10e-03	9.30e-02	4.25e-01	4.80e-01	0.00e+00	0.00e+00	4.96e-16	2.60e-16	8.83e-17
 3.23099e+15	1.31e-15	1.93e-10	2.93e-06	2.55e-03	1.04e-01	4.39e-01	4.54e-01	0.00e+00	0.00e+00	7.54e-16	3.95e-16	1.34e-16
 3.35320e+15	1.94e-15	2.68e-10	3.78e-06	3.05e-03	1.15e-01	4.52e-01	4.30e-01	0.00e+00	0.00e+00	1.12e-15	5.88e-16	1.98e-16
 3.48029e+15	2.89e-15	3.73e-10	4.89e-06	3.63e-03	1.27e-01	4.64e-01	4.05e-01	0.00e+00	0.00e+00	1.67e-15	8.74e-16	2.94e-16
 3.61953e+15	4.38e-15	5.25e-10	6.38e-06	4.37e-03	1.40e-01	4.76e-01	3.79e-01	0.00e+00	0.00e+00	2.53e-15	1.33e-15	4.45e-16
 3.76070e+15	6.57e-15	7.33e-10	8.26e-06	5.21e-03	1.54e-01	4.86e-01	3.55e-01	0.00e+00	0.00e+00	3.80e-15	1.99e-15	6.66e-16
 3.87940e+15	9.12e-15	9.58e-10	1.02e-05	6.00e-03	1.66e-01	4.93e-01	3.35e-01	0.00e+00	0.00e+00	5.27e-15	2.76e-15	9.24e-16
 3.97063e+15	1.16e-14	1.17e-09	1.19e-05	6.65e-03	1.76e-01	4.97e-01	3.20e-01	0.00e+00	0.00e+00	6.73e-15	3.52e-15	1.18e-15
 4.06891e+15	1.51e-14	1.44e-09	1.39e-05	7.42e-03	1.86e-01	5.02e-01	3.05e-01	0.00e+00	0.00e+00	8.71e-15	4.56e-15	1.52e-15
 4.19667e+15	2.08e-14	1.87e-09	1.70e-05	8.49e-03	1.99e-01	5.06e-01	2.86e-01	0.00e+00	0.00e+00	1.20e-14	6.30e-15	2.10e-15
 4.33626e+15	2.93e-14	2.46e-09	2.11e-05	9.77e-03	2.14e-01	5.09e-01	2.67e-01	0.00e+00	0.00e+00	1.69e-14	8.87e-15	2.95e-15
 4.46329e+15	3.95e-14	3.13e-09	2.53e-05	1.10e-02	2.28e-01	5.11e-01	2.50e-01	0.00e+00	0.00e+00	2.29e-14	1.20e-14	3.97e-15
 4.60048e+15	5.41e-14	4.02e-09	3.07e-05	1.25e-02	2.43e-01	5.11e-01	2.33e-01	0.00e+00	0.00e+00	3.13e-14	1.64e-14	5.44e-15
 4.77160e+15	7.91e-14	5.44e-09	3.87e-05	1.46e-02	2.61e-01	5.10e-01	2.14e-01	0.00e+00	0.00e+00	4.58e-14	2.40e-14	7.94e-15
 4.94237e+15	1.13e-13	7.22e-09	4.82e-05	1.68e-02	2.79e-01	5.08e-01	1.96e-01	0.00e+00	0.00e+00	6.53e-14	3.42e-14	1.13e-14
 5.08829e+15	1.52e-13	9.15e-09	5.77e-05	1.89e-02	2.95e-01	5.05e-01	1.81e-01	0.00e+00	0.00e+00	8.83e-14	4.62e-14	1.53e-14
 5.24635e+15	2.09e-13	1.17e-08	6.95e-05	2.13e-02	3.12e-01	5.00e-01	1.67e-01	0.00e+00	0.00e+00	1.21e-13	6.33e-14	2.09e-14
 5.44241e+15	3.06e-13	1.58e-08	8.69e-05	2.45e-02	3.32e-01	4.93e-01	1.51e-01	0.00e+00	0.00e+00	1.77e-13	9.26e-14	3.05e-14
 5.64001e+15	4.38e-13	2.09e-08	1.08e-04	2.80e-02	3.52e-01	4.85e-01	1.36e-01	0.00e+00	0.00e+00	2.54e-13	1.33e-13	4.38e-14
 5.81397e+15	5.97e-13	2.66e-08	1.29e-04	3.14e-02	3.69e-01	4.76e-01	1.24e-01	0.00e+00	0.00e+00	3.46e-13	1.81e-13	5.96e-14
 6.00509e+15	8.30e-13	3.42e-08	1.56e-04	3.53e-02	3.87e-01	4.66e-01	1.12e-01	0.00e+00	0.00e+00	4.81e-13	2.52e-13	8.27e-14
 6.23538e+15	1.22e-12	4.60e-08	1.94e-04	4.04e-02	4.08e-01	4.53e-01	9.88e-02	0.00e+00	0.00e+00	7.06e-13	3.69e-13	1.21e-13
 6.46176e+15	1.74e-12	6.05e-08	2.39e-04	4.57e-02	4.27e-01	4.39e-01	8.76e-02	0.00e+00	0.00e+00	1.01e-12	5.27e-13	1.73e-13
 6.66432e+15	2.37e-12	7.68e-08	2.85e-04	5.09e-02	4.44e-01	4.26e-01	7.86e-02	0.00e+00	0.00e+00	1.37e-12	7.18e-13	2.35e-13
 6.89077e+15	3.31e-12	9.92e-08	3.45e-04	5.70e-02	4.62e-01	4.11e-01	6.96e-02	0.00e+00	0.00e+00	1.92e-12	1.00e-12	3.29e-13
 7.15916e+15	4.85e-12	1.33e-07	4.28e-04	6.47e-02	4.82e-01	3.93e-01	6.03e-02	0.00e+00	0.00e+00	2.82e-12	1.47e-12	4.82e-13
 7.42210e+15	6.90e-12	1.74e-07	5.24e-04	7.27e-02	4.99e-01	3.75e-01	5.24e-02	0.00e+00	0.00e+00	4.00e-12	2.09e-12	6.85e-13
 7.64984e+15	9.27e-12	2.18e-07	6.20e-04	8.01e-02	5.13e-01	3.60e-01	4.64e-02	0.00e+00	0.00e+00	5.38e-12	2.82e-12	9.20e-13
 7.89179e+15	1.26e-11	2.76e-07	7.37e-04	8.84e-02	5.27e-01	3.43e-01	4.07e-02	0.00e+00	0.00e+00	7.34e-12	3.84e-12	1.25e-12
 8.13854e+15	1.70e-11	3.45e-07	8.72e-04	9.71e-02	5.39e-01	3.27e-01	3.57e-02	0.00e+00	0.00e+00	9.84e-12	5.15e-12	1.68e-12
 8.34394e+15	2.16e-11	4.15e-07	1.00e-03	1.05e-01	5.49e-01	3.13e-01	3.20e-02	0.00e+00	0.00e+00	1.25e-11	6.55e-12	2.14e-12
 8.56333e+15	2.78e-11	5.03e-07	1.15e-03	1.13e-01	5.58e-01	2.99e-01	2.84e-02	0.00e+00	0.00e+00	1.62e-11	8.46e-12	2.76e-12
 8.84854e+15	3.85e-11	6.43e-07	1.38e-03	1.25e-01	5.69e-01	2.81e-01	2.43e-02	0.00e+00	0.00e+00	2.24e-11	1.17e-11	3.82e-12
 9.13610e+15	5.20e-11	8.09e-07	1.64e-03	1.37e-01	5.77e-01	2.64e-01	2.09e-02	0.00e+00	0.00e+00	3.02e-11	1.58e-11	5.15e-12
 9.37228e+15	6.61e-11	9.71e-07	1.88e-03	1.47e-01	5.83e-01	2.50e-01	1.84e-02	0.00e+00	0.00e+00	3.84e-11	2.01e-11	6.55e-12
 9.62484e+15	8.60e-11	1.18e-06	2.18e-03	1.59e-01	5.88e-01	2.35e-01	1.60e-02	0.00e+00	0.00e+00	4.99e-11	2.61e-11	8.51e-12
 9.95317e+15	1.20e-10	1.52e-06	2.62e-03	1.74e-01	5.93e-01	2.17e-01	1.34e-02	0.00e+00	0.00e+00	6.95e-11	3.64e-11	1.19e-11
 1.02881e+16	1.63e-10	1.93e-06	3.14e-03	1.90e-01	5.95e-01	2.00e-01	1.12e-02	0.00e+00	0.00e+00	9.48e-11	4.96e-11	1.62e-11
 1.05549e+16	2.07e-10	2.31e-06	3.60e-03	2.04e-01	5.96e-01	1.87e-01	9.70e-03	0.00e+00	0.00e+00	1.20e-10	6.29e-11	2.05e-11
 1.08249e+16	2.66e-10	2.80e-06	4.15e-03	2.18e-01	5.95e-01	1.74e-01	8.36e-03	0.00e+00	0.00e+00	1.54e-10	8.09e-11	2.63e-11
 1.11758e+16	3.66e-10	3.56e-06	4.97e-03	2.37e-01	5.93e-01	1.58e-01	6.88e-03	0.00e+00	0.00e+00	2.13e-10	1.12e-10	3.63e-11
 1.15279e+16	4.86e-10	4.44e-06	5.88e-03	2.56e-01	5.88e-01	1.44e-01	5.69e-03	0.00e+00	0.00e+00	2.83e-10	1.48e-10	4.82e-11
 1.18074e+16	6.12e-10	5.30e-06	6.74e-03	2.72e-01	5.83e-01	1.33e-01	4.88e-03	0.00e+00	0.00e+00	3.56e-10	1.86e-10	6.07e-11
 1.20969e+16	7.86e-10	6.41e-06	7.75e-03	2.90e-01	5.76e-01	1.22e-01	4.14e-03	0.00e+00	0.00e+00	4.57e-10	2.40e-10	7.80e-11
 1.24098e+16	1.01e-09	7.75e-06	8.98e-03	3.08e-01	5.68e-01	1.12e-01	3.48e-03	0.00e+00	0.00e+00	5.84e-10	3.06e-10	9.98e-11
 1.26887e+16	1.26e-09	9.20e-06	1.02e-02	3.25e-01	5.59e-01	1.03e-01	2.98e-03	0.00e+00	0.00e+00	7.31e-10	3.83e-10	1.25e-10
 1.29459e+16	1.54e-09	1.08e-05	1.15e-02	3.41e-01	5.50e-01	9.48e-02	2.57e-03	0.00e+00	0.00e+00	8.93e-10	4.68e-10	1.53e-10
 1.32391e+16	1.97e-09	1.30e-05	1.33e-02	3.60e-01	5.38e-01	8.62e-02	2.16e-03	0.00e+00	0.00e+00	1.15e-09	6.02e-10	1.96e-10
 1.35528e+16	2.50e-09	1.56e-05	1.53e-02	3.80e-01	5.25e-01	7.79e-02	1.80e-03	0.00e+00	0.00e+00	1.46e-09	7.64e-10	2.49e-10
 1.38286e+16	3.11e-09	1.85e-05	1.74e-02	3.98e-01	5.12e-01	7.10e-02	1.53e-03	0.00e+00	0.00e+00	1.81e-09	9.47e-10	3.09e-10
 1.40820e+16	3.83e-09	2.17e-05	1.97e-02	4.15e-01	4.99e-01	6.50e-02	1.31e-03	0.00e+00	0.00e+00	2.23e-09	1.17e-09	3.81e-10
 1.43708e+16	4.86e-09	2.61e-05	2.26e-02	4.34e-01	4.83e-01	5.85e-02	1.10e-03	0.00e+00	0.00e+00	2.83e-09	1.48e-09	4.84e-10
 1.46791e+16	6.30e-09	3.18e-05	2.63e-02	4.55e-01	4.66e-01	5.22e-02	9.03e-04	0.00e+00	0.00e+00	3.66e-09	1.92e-09	6.27e-10
 1.49439e+16	7.81e-09	3.76e-05	2.99e-02	4.73e-01	4.49e-01	4.72e-02	7.63e-04	0.00e+00	0.00e+00	4.54e-09	2.38e-09	7.78e-10
 1.51801e+16	9.56e-09	4.40e-05	3.37e-02	4.89e-01	4.34e-01	4.29e-02	6.53e-04	0.00e+00	0.00e+00	5.56e-09	2.92e-09	9.53e-10
 1.54111e+16	1.16e-08	5.13e-05	3.80e-02	5.04e-01	4.19e-01	3.90e-02	5.59e-04	0.00e+00	0.00e+00	6.75e-09	3.54e-09	1.16e-09
 1.56745e+16	1.51e-08	6.26e-05	4.38e-02	5.22e-01	3.99e-01	3.46e-02	4.61e-04	0.00e+00	0.00e+00	8.78e-09	4.61e-09	1.51e-09
 1.59509e+16	1.94e-08	7.60e-05	5.09e-02	5.39e-01	3.79e-01	3.05e-02	3.79e-04	0.00e+00	0.00e+00	1.13e-08	5.92e-09	1.94e-09
 1.61833e+16	2.39e-08	8.97e-05	5.80e-02	5.54e-01	3.61e-01	2.73e-02	3.19e-04	0.00e+00	0.00e+00	1.39e-08	7.29e-09	2.38e-09
 1.63896e+16	2.95e-08	1.06e-04	6.56e-02	5.66e-01	3.44e-01	2.46e-02	2.71e-04	0.00e+00	0.00e+00	1.72e-08	9.01e-09	2.94e-09
 1.66228e+16	3.87e-08	1.30e-04	7.60e-02	5.79e-01	3.23e-01	2.15e-02	2.22e-04	0.00e+00	0.00e+00	2.25e-08	1.18e-08	3.87e-09
 1.68637e+16	4.94e-08	1.57e-04	8.85e-02	5.91e-01	3.02e-01	1.87e-02	1.81e-04	0.00e+00	0.00e+00	2.87e-08	1.51e-08	4.94e-09
 1.70610e+16	6.21e-08	1.88e-04	1.01e-01	5.99e-01	2.83e-01	1.65e-02	1.51e-04	0.00e+00	0.00e+00	3.62e-08	1.90e-08	6.22e-09
 1.72309e+16	7.78e-08	2.23e-04	1.14e-01	6.05e-01	2.66e-01	1.47e-02	1.27e-04	0.00e+00	0.00e+00	4.52e-08	2.38e-08	7.78e-09
 1.74189e+16	9.44e-08	2.62e-04	1.32e-01	6.10e-01	2.45e-01	1.28e-02	1.04e-04	0.00e+00	0.00e+00	5.49e-08	2.89e-08	9.45e-09
 1.76198e+16	1.24e-07	3.23e-04	1.54e-01	6.11e-01	2.23e-01	1.09e-02	8.31e-05	0.00e+00	0.00e+00	7.19e-08	3.78e-08	1.24e-08
 1.77863e+16	1.68e-07	4.04e-04	1.78e-01	6.08e-01	2.04e-01	9.30e-03	6.70e-05	0.00e+00	0.00e+00	9.80e-08	5.15e-08	1.69e-08
 1.79162e+16	2.04e-07	4.70e-04	1.99e-01	6.04e-01	1.88e-01	8.17e-03	5.62e-05	0.00e+00	0.00e+00	1.18e-07	6.23e-08	2.04e-08
 1.80498e+16	2.45e-07	5.45e-04	2.25e-01	5.96e-01	1.71e-01	7.02e-03	4.60e-05	0.00e+00	0.00e+00	1.42e-07	7.49e-08	2.46e-08
 1.81982e+16	3.14e-07	6.61e-04	2.60e-01	5.83e-01	1.51e-01	5.82e-03	3.60e-05	0.00e+00	0.00e+00	1.83e-07	9.63e-08	3.16e-08
 1.83291e+16	4.02e-07	7.96e-04	2.96e-01	5.65e-01	1.33e-01	4.82e-03	2.81e-05	0.00e+00	0.00e+00	2.34e-07	1.23e-07	4.04e-08
 1.84222e+16	5.04e-07	9.35e-04	3.27e-01	5.48e-01	1.20e-01	4.14e-03	2.31e-05	0.00e+00	0.00e+00	2.93e-07	1.54e-07	5.07e-08
 1.84818e+16	5.70e-07	1.02e-03	3.48e-01	5.35e-01	1.12e-01	3.72e-03	2.02e-05	0.00e+00	0.00e+00	3.32e-07	1.75e-07	5.74e-08
 1.85387e+16	6.41e-07	1.12e-03	3.70e-01	5.22e-01	1.03e-01	3.33e-03	1.75e-05	0.00e+00	0.00e+00	3.73e-07	1.96e-07	6.46e-08
 1.86125e+16	7.53e-07	1.26e-03	4.01e-01	5.02e-01	9.25e-02	2.85e-03	1.44e-05	0.00e+00	0.00e+00	4.38e-07	2.31e-07	7.59e-08
 1.86930e+16	9.01e-07	1.43e-03	4.38e-01	4.78e-01	8.11e-02	2.37e-03	1.14e-05	0.00e+00	0.00e+00	5.24e-07	2.76e-07	9.09e-08
 1.87632e+16	1.05e-06	1.60e-03	4.72e-01	4.53e-01	7.12e-02	1.99e-03	9.18e-06	0.00e+00	0.00e+00	6.11e-07	3.22e-07	1.06e-07
 1.88246e+16	1.20e-06	1.76e-03	5.04e-01	4.30e-01	6.27e-02	1.67e-03	7.43e-06	0.00e+00	0.00e+00	7.00e-07	3.69e-07	1.22e-07
 1.88932e+16	1.42e-06	1.98e-03	5.42e-01	4.01e-01	5.35e-02	1.35e-03	5.71e-06	0.00e+00	0.00e+00	8.25e-07	4.35e-07	1.43e-07
 1.89657e+16	1.68e-06	2.22e-03	5.83e-01	3.69e-01	4.45e-02	1.06e-03	4.24e-06	0.00e+00	0.00e+00	9.74e-07	5.14e-07	1.70e-07
 1.90280e+16	1.93e-06	2.44e-03	6.19e-01	3.40e-01	3.74e-02	8.39e-04	3.21e-06	0.00e+00	0.00e+00	1.13e-06	5.94e-07	1.96e-07
 1.90843e+16	2.21e-06	2.67e-03	6.52e-01	3.13e-01	3.14e-02	6.68e-04	2.44e-06	0.00e+00	0.00e+00	1.28e-06	6.78e-07	2.24e-07
 1.91486e+16	2.56e-06	2.94e-03	6.90e-01	2.81e-01	2.53e-02	5.02e-04	1.73e-06	0.00e+00	0.00e+00	1.49e-06	7.87e-07	2.60e-07
 1.92189e+16	2.99e-06	3.24e-03	7.29e-01	2.48e-01	1.96e-02	3.61e-04	1.16e-06	0.00e+00	0.00e+00	1.74e-06	9.19e-07	3.04e-07
 1.92828e+16	3.44e-06	3.53e-03	7.63e-01	2.18e-01	1.53e-02	2.60e-04	7.88e-07	0.00e+00	0.00e+00	2.00e-06	1.06e-06	3.50e-07
 1.93519e+16	3.97e-06	3.86e-03	7.97e-01	1.88e-01	1.14e-02	1.77e-04	0.00e+00	0.00e+00	0.00e+00	2.31e-06	1.22e-06	4.06e-07
 1.94286e+16	4.62e-06	4.21e-03	8.30e-01	1.58e-01	8.09e-03	1.14e-04	0.00e+00	0.00e+00	0.00e+00	2.68e-06	1.42e-06	4.72e-07
 1.95017e+16	5.29e-06	4.55e-03	8.57e-01	1.33e-01	5.76e-03	7.32e-05	0.00e+00	0.00e+00	0.00e+00	3.08e-06	1.63e-06	5.42e-07
 1.95837e+16	6.12e-06	4.92e-03	8.83e-01	1.08e-01	3.86e-03	4.33e-05	0.00e+00	0.00e+00	0.00e+00	3.56e-06	1.88e-06	6.28e-07
 1.96903e+16	7.26e-06	5.39e-03	9.09e-01	8.28e-02	2.29e-03	2.16e-05	0.00e+00	0.00e+00	0.00e+00	4.22e-06	2.24e-06	7.46e-07
 1.98070e+16	8.57e-06	5.86e-03	9.30e-01	6.24e-02	1.30e-03	1.03e-05	0.00e+00	0.00e+00	0.00e+00	4.98e-06	2.64e-06	8.83e-07
 1.99367e+16	1.02e-05	6.37e-03	9.47e-01	4.59e-02	7.03e-04	4.45e-06	0.00e+00	0.00e+00	0.00e+00	5.91e-06	3.13e-06	1.05e-06
 2.01053e+16	1.24e-05	7.00e-03	9.61e-01	3.18e-02	3.31e-04	1.57e-06	0.00e+00	0.00e+00	0.00e+00	7.22e-06	3.83e-06	1.28e-06
 2.03245e+16	1.58e-05	7.81e-03	9.71e-01	2.09e-02	1.36e-04	4.46e-07	0.00e+00	0.00e+00	0.00e+00	9.17e-06	4.86e-06	1.63e-06
 2.05696e+16	2.05e-05	8.78e-03	9.77e-01	1.41e-02	5.70e-05	0.00e+00	0.00e+00	0.00e+00	0.00e+00	1.19e-05	6.31e-06	2.12e-06
 2.08032e+16	2.62e-05	9.83e-03	9.80e-01	1.03e-02	2.77e-05	0.00e+00	0.00e+00	0.00e+00	0.00e+00	1.53e-05	8.09e-06	2.72e-06
 2.10257e+16	3.34e-05	1.10e-02	9.81e-01	7.96e-03	1.50e-05	0.00e+00	0.00e+00	0.00e+00	0.00e+00	1.94e-05	1.03e-05	3.46e-06
 2.12790e+16	4.43e-05	1.25e-02	9.81e-01	6.14e-03	7.87e-06	0.00e+00	0.00e+00	0.00e+00	0.00e+00	2.57e-05	1.37e-05	4.58e-06
 2.14903e+16	5.73e-05	1.42e-02	9.81e-01	5.11e-03	4.99e-06	0.00e+00	0.00e+00	0.00e+00	0.00e+00	3.33e-05	1.76e-05	5.92e-06
