#depth	N	N+	N+2	N+3	N+4	N+5	N+6	N+7
 1.49634e+10	0.00e+00	0.00e+00	5.22e-28	1.70e-18	7.98e-10	9.98e-01	1.72e-03	0.00e+00
 4.54887e+10	0.00e+00	3.44e-38	6.62e-28	2.00e-18	8.64e-10	9.98e-01	1.58e-03	4.27e-10
 7.72350e+10	0.00e+00	0.00e+00	8.39e-28	2.34e-18	9.36e-10	9.99e-01	1.46e-03	0.00e+00
 1.10251e+11	0.00e+00	6.47e-38	1.06e-27	2.74e-18	1.01e-09	9.99e-01	1.35e-03	0.00e+00
 1.44588e+11	0.00e+00	0.00e+00	1.35e-27	3.21e-18	1.10e-09	9.99e-01	1.24e-03	0.00e+00
 1.80298e+11	0.00e+00	1.22e-37	1.71e-27	3.77e-18	1.19e-09	9.99e-01	1.14e-03	0.00e+00
 2.17437e+11	0.00e+00	0.00e+00	2.17e-27	4.41e-18	1.29e-09	9.99e-01	1.05e-03	0.00e+00
 2.56061e+11	0.00e+00	2.29e-37	2.75e-27	5.18e-18	1.39e-09	9.99e-01	9.71e-04	0.00e+00
 2.96231e+11	0.00e+00	0.00e+00	3.49e-27	6.07e-18	1.51e-09	9.99e-01	8.94e-04	0.00e+00
 3.38007e+11	0.00e+00	4.33e-37	4.43e-27	7.12e-18	1.63e-09	9.99e-01	8.24e-04	0.00e+00
 3.79407e+11	0.00e+00	0.00e+00	5.56e-27	8.29e-18	1.76e-09	9.99e-01	7.62e-04	0.00e+00
 4.22464e+11	0.00e+00	7.94e-37	6.99e-27	9.65e-18	1.90e-09	9.99e-01	7.04e-04	0.00e+00
 4.69290e+11	0.00e+00	0.00e+00	8.88e-27	1.13e-17	2.06e-09	9.99e-01	6.48e-04	0.00e+00
 5.16712e+11	0.00e+00	1.49e-36	1.12e-26	1.32e-17	2.23e-09	9.99e-01	5.98e-04	0.00e+00
 5.66031e+11	2.87e-47	2.03e-36	1.42e-26	1.55e-17	2.41e-09	9.99e-01	5.52e-04	0.00e+00
 6.18599e+11	0.00e+00	0.00e+00	1.80e-26	1.82e-17	2.61e-09	9.99e-01	5.08e-04	0.00e+00
 6.73269e+11	0.00e+00	3.85e-36	2.29e-26	2.14e-17	2.83e-09	1.00e+00	4.67e-04	0.00e+00
 7.30127e+11	9.50e-47	5.30e-36	2.92e-26	2.51e-17	3.07e-09	1.00e+00	4.30e-04	0.00e+00
 7.89259e+11	0.00e+00	0.00e+00	3.71e-26	2.95e-17	3.33e-09	1.00e+00	3.95e-04	0.00e+00
 8.50756e+11	0.00e+00	1.01e-35	4.73e-26	3.47e-17	3.62e-09	1.00e+00	3.64e-04	0.00e+00
 9.14713e+11	3.17e-46	1.39e-35	6.02e-26	4.08e-17	3.92e-09	1.00e+00	3.34e-04	0.00e+00
 9.81228e+11	0.00e+00	0.00e+00	7.68e-26	4.81e-17	4.26e-09	1.00e+00	3.08e-04	0.00e+00
 1.05040e+12	0.00e+00	2.65e-35	9.80e-26	5.66e-17	4.62e-09	1.00e+00	2.83e-04	0.00e+00
 1.12235e+12	1.06e-45	3.67e-35	1.25e-25	6.67e-17	5.02e-09	1.00e+00	2.60e-04	0.00e+00
 1.19717e+12	0.00e+00	0.00e+00	1.60e-25	7.86e-17	5.45e-09	1.00e+00	2.39e-04	0.00e+00
 1.27498e+12	0.00e+00	7.03e-35	2.04e-25	9.28e-17	5.93e-09	1.00e+00	2.19e-04	0.00e+00
 1.35591e+12	3.60e-45	9.75e-35	2.61e-25	1.10e-16	6.44e-09	1.00e+00	2.01e-04	0.00e+00
 1.44007e+12	0.00e+00	0.00e+00	3.35e-25	1.29e-16	7.01e-09	1.00e+00	1.85e-04	0.00e+00
 1.52760e+12	0.00e+00	1.88e-34	4.29e-25	1.53e-16	7.63e-09	1.00e+00	1.70e-04	0.00e+00
 1.61863e+12	1.23e-44	2.61e-34	5.50e-25	1.81e-16	8.30e-09	1.00e+00	1.56e-04	0.00e+00
 1.71330e+12	0.00e+00	3.63e-34	7.06e-25	2.14e-16	9.04e-09	1.00e+00	1.43e-04	0.00e+00
 1.81176e+12	2.80e-44	5.05e-34	9.07e-25	2.54e-16	9.85e-09	1.00e+00	1.31e-04	0.00e+00
 1.90283e+12	0.00e+00	6.79e-34	1.13e-24	2.95e-16	1.06e-08	1.00e+00	1.21e-04	0.00e+00
 1.98188e+12	5.52e-44	8.70e-34	1.37e-24	3.35e-16	1.13e-08	1.00e+00	1.14e-04	0.00e+00
 2.06971e+12	0.00e+00	1.14e-33	1.68e-24	3.85e-16	1.22e-08	1.00e+00	1.06e-04	0.00e+00
 2.17671e+12	1.14e-43	1.56e-33	2.13e-24	4.53e-16	1.32e-08	1.00e+00	9.74e-05	0.00e+00
 2.28559e+12	0.00e+00	2.14e-33	2.71e-24	5.33e-16	1.44e-08	1.00e+00	8.96e-05	0.00e+00
 2.38463e+12	2.38e-43	2.81e-33	3.34e-24	6.15e-16	1.54e-08	1.00e+00	8.33e-05	0.00e+00
 2.49390e+12	0.00e+00	3.77e-33	4.17e-24	7.16e-16	1.67e-08	1.00e+00	7.71e-05	0.00e+00
 2.62174e+12	5.17e-43	5.25e-33	5.37e-24	8.51e-16	1.82e-08	1.00e+00	7.06e-05	0.00e+00
 2.74748e+12	0.00e+00	7.20e-33	6.83e-24	1.00e-15	1.98e-08	1.00e+00	6.49e-05	0.00e+00
 2.86478e+12	1.09e-42	9.56e-33	8.48e-24	1.16e-15	2.14e-08	1.00e+00	6.02e-05	0.00e+00
 2.99584e+12	0.00e+00	1.30e-32	1.07e-23	1.37e-15	2.32e-08	1.00e+00	5.55e-05	0.00e+00
 3.14560e+12	2.41e-42	1.82e-32	1.39e-23	1.63e-15	2.54e-08	1.00e+00	5.06e-05	0.00e+00
 3.29268e+12	0.00e+00	2.50e-32	1.77e-23	1.93e-15	2.77e-08	1.00e+00	4.65e-05	0.00e+00
 3.43399e+12	5.16e-42	3.36e-32	2.22e-23	2.26e-15	3.00e-08	1.00e+00	4.29e-05	0.00e+00
 3.58962e+12	0.00e+00	4.60e-32	2.83e-23	2.67e-15	3.27e-08	1.00e+00	3.94e-05	0.00e+00
 3.76313e+12	1.15e-41	6.44e-32	3.66e-23	3.19e-15	3.59e-08	1.00e+00	3.59e-05	0.00e+00
 3.93780e+12	0.00e+00	8.92e-32	4.71e-23	3.80e-15	3.93e-08	1.00e+00	3.29e-05	0.00e+00
 4.11945e+12	2.58e-41	1.23e-31	6.05e-23	4.52e-15	4.30e-08	1.00e+00	3.01e-05	0.00e+00
 4.31415e+12	0.00e+00	1.72e-31	7.83e-23	5.41e-15	4.72e-08	1.00e+00	2.74e-05	0.00e+00
 4.51665e+12	5.88e-41	2.41e-31	1.01e-22	6.48e-15	5.18e-08	1.00e+00	2.50e-05	0.00e+00
 4.72724e+12	0.00e+00	3.36e-31	1.31e-22	7.75e-15	5.69e-08	1.00e+00	2.28e-05	0.00e+00
 4.94626e+12	1.33e-40	4.68e-31	1.69e-22	9.28e-15	6.25e-08	1.00e+00	2.08e-05	0.00e+00
 5.17403e+12	0.00e+00	6.51e-31	2.19e-22	1.11e-14	6.87e-08	1.00e+00	1.89e-05	0.00e+00
 5.39088e+12	2.90e-40	8.80e-31	2.77e-22	1.31e-14	7.48e-08	1.00e+00	1.74e-05	0.00e+00
 5.58853e+12	0.00e+00	1.15e-30	3.40e-22	1.51e-14	8.07e-08	1.00e+00	1.61e-05	0.00e+00
 5.81145e+12	5.70e-40	1.53e-30	4.26e-22	1.78e-14	8.78e-08	1.00e+00	1.48e-05	0.00e+00
 6.05863e+12	0.00e+00	2.08e-30	5.41e-22	2.10e-14	9.59e-08	1.00e+00	1.36e-05	0.00e+00
 6.29034e+12	1.17e-39	2.74e-30	6.71e-22	2.45e-14	1.04e-07	1.00e+00	1.26e-05	0.00e+00
 6.54385e+12	0.00e+00	3.67e-30	8.43e-22	2.88e-14	1.13e-07	1.00e+00	1.15e-05	0.00e+00
 6.82826e+12	2.44e-39	5.02e-30	1.08e-21	3.43e-14	1.24e-07	1.00e+00	1.05e-05	0.00e+00
 7.09995e+12	0.00e+00	6.69e-30	1.35e-21	4.03e-14	1.35e-07	1.00e+00	9.70e-06	0.00e+00
 7.38977e+12	4.95e-39	8.97e-30	1.70e-21	4.75e-14	1.47e-07	1.00e+00	8.90e-06	0.00e+00
 7.71529e+12	0.00e+00	1.23e-29	2.18e-21	5.67e-14	1.62e-07	1.00e+00	8.11e-06	0.00e+00
 8.03671e+12	1.05e-38	1.66e-29	2.76e-21	6.72e-14	1.77e-07	1.00e+00	7.42e-06	0.00e+00
 8.32387e+12	0.00e+00	2.15e-29	3.38e-21	7.77e-14	1.92e-07	1.00e+00	6.87e-06	0.00e+00
 8.62676e+12	1.97e-38	2.79e-29	4.15e-21	9.01e-14	2.07e-07	1.00e+00	6.36e-06	0.00e+00
 8.96747e+12	0.00e+00	3.70e-29	5.19e-21	1.06e-13	2.26e-07	1.00e+00	5.84e-06	0.00e+00
 9.29140e+12	3.79e-38	4.80e-29	6.37e-21	1.23e-13	2.45e-07	1.00e+00	5.40e-06	0.00e+00
 9.64654e+12	0.00e+00	6.30e-29	7.91e-21	1.43e-13	2.66e-07	1.00e+00	4.98e-06	0.00e+00
 1.00394e+13	7.48e-38	8.42e-29	9.95e-21	1.69e-13	2.91e-07	1.00e+00	4.56e-06	0.00e+00
 1.04044e+13	0.00e+00	1.09e-28	1.22e-20	1.97e-13	3.15e-07	1.00e+00	4.21e-06	0.00e+00
 1.08021e+13	1.42e-37	1.43e-28	1.51e-20	2.30e-13	3.43e-07	1.00e+00	3.88e-06	0.00e+00
 1.12478e+13	0.00e+00	1.91e-28	1.91e-20	2.72e-13	3.75e-07	1.00e+00	3.55e-06	0.00e+00
 1.16705e+13	2.78e-37	2.49e-28	2.36e-20	3.17e-13	4.08e-07	1.00e+00	3.27e-06	0.00e+00
 1.21248e+13	0.00e+00	3.28e-28	2.93e-20	3.71e-13	4.44e-07	1.00e+00	3.00e-06	0.00e+00
 1.26291e+13	5.51e-37	4.39e-28	3.70e-20	4.40e-13	4.87e-07	1.00e+00	2.74e-06	0.00e+00
 1.31185e+13	0.00e+00	5.76e-28	4.59e-20	5.15e-13	5.30e-07	1.00e+00	2.52e-06	0.00e+00
 1.36380e+13	1.07e-36	7.61e-28	5.73e-20	6.04e-13	5.79e-07	1.00e+00	2.32e-06	0.00e+00
 1.42135e+13	0.00e+00	1.02e-27	7.25e-20	7.16e-13	6.35e-07	1.00e+00	2.11e-06	0.00e+00
 1.47933e+13	2.15e-36	1.36e-27	9.09e-20	8.45e-13	6.94e-07	1.00e+00	1.94e-06	0.00e+00
 1.53964e+13	0.00e+00	1.81e-27	1.14e-19	9.95e-13	7.58e-07	1.00e+00	1.77e-06	0.00e+00
 1.60421e+13	4.33e-36	2.42e-27	1.44e-19	1.18e-12	8.31e-07	1.00e+00	1.62e-06	0.00e+00
 1.67137e+13	0.00e+00	3.25e-27	1.82e-19	1.39e-12	9.10e-07	1.00e+00	1.48e-06	0.00e+00
 1.74122e+13	8.80e-36	4.35e-27	2.29e-19	1.65e-12	9.96e-07	1.00e+00	1.36e-06	0.00e+00
 1.81386e+13	0.00e+00	5.83e-27	2.89e-19	1.94e-12	1.09e-06	1.00e+00	1.24e-06	0.00e+00
 1.88665e+13	1.77e-35	7.73e-27	3.61e-19	2.28e-12	1.19e-06	1.00e+00	1.14e-06	0.00e+00
 1.95541e+13	0.00e+00	9.99e-27	4.42e-19	2.64e-12	1.28e-06	1.00e+00	1.06e-06	0.00e+00
 2.02967e+13	3.35e-35	1.31e-26	5.46e-19	3.07e-12	1.39e-06	1.00e+00	9.74e-07	0.00e+00
 2.11385e+13	0.00e+00	1.75e-26	6.88e-19	3.61e-12	1.52e-06	1.00e+00	0.00e+00	0.00e+00
 2.19045e+13	6.54e-35	2.27e-26	8.42e-19	4.17e-12	1.64e-06	1.00e+00	0.00e+00	0.00e+00
 2.25534e+13	0.00e+00	2.81e-26	9.95e-19	4.69e-12	1.75e-06	1.00e+00	0.00e+00	0.00e+00
 2.32713e+13	1.12e-34	3.53e-26	1.19e-18	5.32e-12	1.87e-06	1.00e+00	0.00e+00	0.00e+00
 2.41656e+13	0.00e+00	4.64e-26	1.47e-18	6.19e-12	2.03e-06	1.00e+00	0.00e+00	0.00e+00
 2.51036e+13	2.20e-34	6.13e-26	1.83e-18	7.22e-12	2.20e-06	1.00e+00	0.00e+00	0.00e+00
 2.59719e+13	2.99e-34	7.88e-26	2.23e-18	8.27e-12	2.36e-06	1.00e+00	0.00e+00	0.00e+00
 2.69335e+13	4.16e-34	1.03e-25	2.74e-18	9.56e-12	2.55e-06	1.00e+00	0.00e+00	0.00e+00
 2.79518e+13	5.82e-34	1.36e-25	3.39e-18	1.11e-11	2.76e-06	1.00e+00	0.00e+00	0.00e+00
 2.88366e+13	7.73e-34	1.71e-25	4.06e-18	1.26e-11	2.94e-06	1.00e+00	0.00e+00	0.00e+00
 2.97777e+13	1.04e-33	2.17e-25	4.88e-18	1.43e-11	3.15e-06	1.00e+00	0.00e+00	0.00e+00
 3.09309e+13	1.47e-33	2.88e-25	6.08e-18	1.66e-11	3.41e-06	1.00e+00	0.00e+00	0.00e+00
 3.20875e+13	2.06e-33	3.79e-25	7.51e-18	1.92e-11	3.68e-06	1.00e+00	0.00e+00	0.00e+00
 3.31078e+13	2.75e-33	4.79e-25	9.00e-18	2.18e-11	3.92e-06	1.00e+00	0.00e+00	0.00e+00
 3.42229e+13	3.74e-33	6.15e-25	1.09e-17	2.49e-11	4.20e-06	1.00e+00	0.00e+00	0.00e+00
 3.55652e+13	5.35e-33	8.22e-25	1.36e-17	2.90e-11	4.55e-06	1.00e+00	0.00e+00	0.00e+00
 3.69118e+13	7.58e-33	1.09e-24	1.69e-17	3.36e-11	4.91e-06	1.00e+00	0.00e+00	0.00e+00
 3.81435e+13	1.03e-32	1.40e-24	2.05e-17	3.83e-11	5.25e-06	1.00e+00	0.00e+00	0.00e+00
 3.95167e+13	1.44e-32	1.83e-24	2.51e-17	4.40e-11	5.65e-06	1.00e+00	0.00e+00	0.00e+00
 4.11136e+13	2.09e-32	2.47e-24	3.17e-17	5.16e-11	6.12e-06	1.00e+00	0.00e+00	0.00e+00
 4.26879e+13	2.98e-32	3.30e-24	3.94e-17	5.99e-11	6.61e-06	1.00e+00	0.00e+00	0.00e+00
 4.41926e+13	4.15e-32	4.30e-24	4.83e-17	6.87e-11	7.09e-06	1.00e+00	0.00e+00	0.00e+00
 4.58576e+13	5.89e-32	5.72e-24	5.99e-17	7.95e-11	7.65e-06	1.00e+00	0.00e+00	0.00e+00
 4.77218e+13	8.61e-32	7.76e-24	7.57e-17	9.32e-11	8.30e-06	1.00e+00	0.00e+00	0.00e+00
 4.96159e+13	1.25e-31	1.05e-23	9.51e-17	1.09e-10	8.98e-06	1.00e+00	0.00e+00	0.00e+00
 5.15857e+13	1.81e-31	1.42e-23	1.19e-16	1.27e-10	9.71e-06	1.00e+00	0.00e+00	0.00e+00
 5.36790e+13	2.66e-31	1.92e-23	1.51e-16	1.49e-10	1.05e-05	1.00e+00	0.00e+00	0.00e+00
 5.57496e+13	3.82e-31	2.58e-23	1.88e-16	1.73e-10	1.14e-05	1.00e+00	0.00e+00	0.00e+00
 5.79031e+13	5.50e-31	3.46e-23	2.35e-16	2.01e-10	1.23e-05	1.00e+00	0.00e+00	0.00e+00
 6.02491e+13	8.05e-31	4.70e-23	2.97e-16	2.35e-10	1.33e-05	1.00e+00	0.00e+00	0.00e+00
 6.26179e+13	1.17e-30	6.34e-23	3.73e-16	2.74e-10	1.44e-05	1.00e+00	0.00e+00	0.00e+00
 6.50814e+13	1.69e-30	8.55e-23	4.68e-16	3.20e-10	1.56e-05	1.00e+00	0.00e+00	0.00e+00
 6.74237e+13	2.38e-30	1.12e-22	5.76e-16	3.68e-10	1.67e-05	1.00e+00	0.00e+00	0.00e+00
 6.94389e+13	3.16e-30	1.41e-22	6.85e-16	4.14e-10	1.77e-05	1.00e+00	0.00e+00	0.00e+00
 7.16556e+13	4.27e-30	1.80e-22	8.24e-16	4.69e-10	1.89e-05	1.00e+00	0.00e+00	0.00e+00
 7.43816e+13	6.11e-30	2.41e-22	1.03e-15	5.45e-10	2.04e-05	1.00e+00	0.00e+00	0.00e+00
 7.72035e+13	8.73e-30	3.21e-22	1.28e-15	6.32e-10	2.20e-05	1.00e+00	0.00e+00	0.00e+00
 7.98223e+13	1.20e-29	4.16e-22	1.56e-15	7.22e-10	2.36e-05	1.00e+00	0.00e+00	0.00e+00
 8.27293e+13	1.70e-29	5.48e-22	1.92e-15	8.33e-10	2.54e-05	1.00e+00	0.00e+00	0.00e+00
 8.60684e+13	2.47e-29	7.44e-22	2.42e-15	9.75e-10	2.75e-05	1.00e+00	0.00e+00	0.00e+00
 8.93736e+13	3.55e-29	9.96e-22	3.03e-15	1.13e-09	2.97e-05	1.00e+00	0.00e+00	0.00e+00
 9.28110e+13	5.10e-29	1.33e-21	3.78e-15	1.32e-09	3.21e-05	1.00e+00	0.00e+00	0.00e+00
 9.65533e+13	7.43e-29	1.81e-21	4.77e-15	1.54e-09	3.48e-05	1.00e+00	0.00e+00	0.00e+00
 1.00445e+14	1.08e-28	2.45e-21	6.02e-15	1.81e-09	3.78e-05	1.00e+00	0.00e+00	0.00e+00
 1.04060e+14	1.52e-28	3.22e-21	7.42e-15	2.08e-09	4.06e-05	1.00e+00	0.00e+00	0.00e+00
 1.07215e+14	2.02e-28	4.06e-21	8.84e-15	2.35e-09	4.32e-05	1.00e+00	0.00e+00	0.00e+00
 1.10724e+14	2.75e-28	5.20e-21	1.07e-14	2.67e-09	4.61e-05	1.00e+00	0.00e+00	0.00e+00
 1.14976e+14	3.94e-28	6.96e-21	1.33e-14	3.11e-09	4.99e-05	1.00e+00	0.00e+00	0.00e+00
 1.19266e+14	5.59e-28	9.23e-21	1.66e-14	3.60e-09	5.38e-05	1.00e+00	0.00e+00	0.00e+00
 1.23162e+14	7.61e-28	1.18e-20	2.00e-14	4.09e-09	5.75e-05	1.00e+00	0.00e+00	0.00e+00
 1.27476e+14	1.06e-27	1.55e-20	2.45e-14	4.70e-09	6.17e-05	1.00e+00	0.00e+00	0.00e+00
 1.32528e+14	1.53e-27	2.09e-20	3.09e-14	5.49e-09	6.68e-05	1.00e+00	0.00e+00	0.00e+00
 1.37485e+14	2.18e-27	2.77e-20	3.83e-14	6.36e-09	7.20e-05	1.00e+00	0.00e+00	0.00e+00
 1.42100e+14	3.00e-27	3.58e-20	4.66e-14	7.26e-09	7.71e-05	1.00e+00	0.00e+00	0.00e+00
 1.47273e+14	4.22e-27	4.73e-20	5.76e-14	8.37e-09	8.30e-05	1.00e+00	0.00e+00	0.00e+00
 1.53194e+14	6.17e-27	6.42e-20	7.27e-14	9.80e-09	9.00e-05	1.00e+00	0.00e+00	0.00e+00
 1.59033e+14	8.86e-27	8.60e-20	9.07e-14	1.14e-08	9.71e-05	1.00e+00	0.00e+00	0.00e+00
 1.65105e+14	1.27e-26	1.15e-19	1.13e-13	1.32e-08	1.05e-04	1.00e+00	0.00e+00	0.00e+00
 1.71739e+14	1.86e-26	1.57e-19	1.43e-13	1.55e-08	1.14e-04	1.00e+00	0.00e+00	0.00e+00
 1.78469e+14	2.71e-26	2.11e-19	1.80e-13	1.81e-08	1.23e-04	1.00e+00	0.00e+00	0.00e+00
 1.85468e+14	3.93e-26	2.86e-19	2.26e-13	2.11e-08	1.33e-04	1.00e+00	0.00e+00	0.00e+00
 1.92631e+14	5.69e-26	3.85e-19	2.83e-13	2.45e-08	1.43e-04	1.00e+00	0.00e+00	0.00e+00
 1.99627e+14	8.07e-26	5.09e-19	3.50e-13	2.82e-08	1.54e-04	1.00e+00	0.00e+00	0.00e+00
 2.06544e+14	1.13e-25	6.65e-19	4.28e-13	3.24e-08	1.65e-04	1.00e+00	0.00e+00	0.00e+00
 2.14190e+14	1.61e-25	8.86e-19	5.32e-13	3.74e-08	1.78e-04	1.00e+00	0.00e+00	0.00e+00
 2.22574e+14	2.34e-25	1.20e-18	6.68e-13	4.36e-08	1.92e-04	1.00e+00	0.00e+00	0.00e+00
 2.30676e+14	3.33e-25	1.59e-18	8.27e-13	5.03e-08	2.06e-04	1.00e+00	0.00e+00	0.00e+00
 2.37972e+14	4.52e-25	2.03e-18	9.95e-13	5.70e-08	2.20e-04	1.00e+00	0.00e+00	0.00e+00
 2.45706e+14	6.20e-25	2.62e-18	1.20e-12	6.47e-08	2.34e-04	1.00e+00	0.00e+00	0.00e+00
 2.55094e+14	8.96e-25	3.52e-18	1.51e-12	7.51e-08	2.53e-04	1.00e+00	0.00e+00	0.00e+00
 2.64416e+14	1.28e-24	4.67e-18	1.86e-12	8.67e-08	2.71e-04	1.00e+00	0.00e+00	0.00e+00
 2.72693e+14	1.73e-24	5.96e-18	2.24e-12	9.80e-08	2.89e-04	1.00e+00	0.00e+00	0.00e+00
 2.81829e+14	2.39e-24	7.74e-18	2.73e-12	1.12e-07	3.08e-04	1.00e+00	0.00e+00	0.00e+00
 2.92075e+14	3.40e-24	1.03e-17	3.37e-12	1.29e-07	3.31e-04	1.00e+00	0.00e+00	0.00e+00
 3.01741e+14	4.70e-24	1.33e-17	4.10e-12	1.47e-07	3.54e-04	1.00e+00	0.00e+00	0.00e+00
 3.12285e+14	6.58e-24	1.74e-17	5.02e-12	1.68e-07	3.79e-04	1.00e+00	0.00e+00	0.00e+00
 3.23938e+14	9.43e-24	2.32e-17	6.25e-12	1.95e-07	4.08e-04	1.00e+00	0.00e+00	0.00e+00
 3.34709e+14	1.30e-23	3.01e-17	7.59e-12	2.22e-07	4.35e-04	1.00e+00	0.00e+00	0.00e+00
 3.46384e+14	1.82e-23	3.94e-17	9.31e-12	2.54e-07	4.66e-04	1.00e+00	0.00e+00	0.00e+00
 3.59429e+14	2.60e-23	5.25e-17	1.16e-11	2.95e-07	5.03e-04	9.99e-01	0.00e+00	0.00e+00
 3.71698e+14	3.63e-23	6.86e-17	1.42e-11	3.37e-07	5.38e-04	9.99e-01	0.00e+00	0.00e+00
 3.85085e+14	5.11e-23	9.03e-17	1.75e-11	3.88e-07	5.78e-04	9.99e-01	0.00e+00	0.00e+00
 3.99980e+14	7.37e-23	1.21e-16	2.19e-11	4.52e-07	6.25e-04	9.99e-01	0.00e+00	0.00e+00
 4.13939e+14	1.03e-22	1.59e-16	2.68e-11	5.18e-07	6.70e-04	9.99e-01	0.00e+00	0.00e+00
 4.28994e+14	1.45e-22	2.10e-16	3.31e-11	5.98e-07	7.20e-04	9.99e-01	0.00e+00	0.00e+00
 4.45803e+14	2.10e-22	2.83e-16	4.16e-11	6.97e-07	7.79e-04	9.99e-01	0.00e+00	0.00e+00
 4.61970e+14	2.96e-22	3.73e-16	5.13e-11	8.04e-07	8.39e-04	9.99e-01	0.00e+00	0.00e+00
 4.79164e+14	4.20e-22	4.94e-16	6.36e-11	9.31e-07	9.04e-04	9.99e-01	0.00e+00	0.00e+00
 4.98360e+14	6.09e-22	6.68e-16	8.02e-11	1.09e-06	9.81e-04	9.99e-01	0.00e+00	0.00e+00
 5.17496e+14	8.73e-22	8.94e-16	1.00e-10	1.27e-06	1.06e-03	9.99e-01	0.00e+00	0.00e+00
 5.37397e+14	1.24e-21	1.19e-15	1.25e-10	1.48e-06	1.15e-03	9.99e-01	0.00e+00	0.00e+00
 5.58922e+14	1.80e-21	1.61e-15	1.58e-10	1.73e-06	1.25e-03	9.99e-01	0.00e+00	0.00e+00
 5.80672e+14	2.57e-21	2.15e-15	1.97e-10	2.01e-06	1.35e-03	9.99e-01	0.00e+00	0.00e+00
 6.03291e+14	3.65e-21	2.87e-15	2.47e-10	2.35e-06	1.46e-03	9.99e-01	0.00e+00	0.00e+00
 6.25601e+14	5.10e-21	3.77e-15	3.05e-10	2.72e-06	1.58e-03	9.98e-01	0.00e+00	0.00e+00
 6.44282e+14	6.68e-21	4.70e-15	3.62e-10	3.06e-06	1.68e-03	9.98e-01	0.00e+00	0.00e+00
 6.63174e+14	8.70e-21	5.84e-15	4.29e-10	3.43e-06	1.79e-03	9.98e-01	0.00e+00	0.00e+00
 6.87344e+14	1.20e-20	7.62e-15	5.28e-10	3.97e-06	1.94e-03	9.98e-01	0.00e+00	0.00e+00
 7.12174e+14	1.65e-20	9.91e-15	6.49e-10	4.58e-06	2.09e-03	9.98e-01	0.00e+00	0.00e+00
 7.33327e+14	2.15e-20	1.23e-14	7.70e-10	5.15e-06	2.23e-03	9.98e-01	0.00e+00	0.00e+00
 7.55901e+14	2.80e-20	1.53e-14	9.17e-10	5.82e-06	2.38e-03	9.98e-01	0.00e+00	0.00e+00
 7.84049e+14	3.88e-20	2.01e-14	1.13e-09	6.74e-06	2.58e-03	9.97e-01	0.00e+00	0.00e+00
 8.12908e+14	5.32e-20	2.61e-14	1.40e-09	7.80e-06	2.79e-03	9.97e-01	0.00e+00	0.00e+00
 8.38367e+14	6.98e-20	3.27e-14	1.67e-09	8.83e-06	2.99e-03	9.97e-01	0.00e+00	0.00e+00
 8.65940e+14	9.18e-20	4.12e-14	2.02e-09	1.01e-05	3.21e-03	9.97e-01	0.00e+00	0.00e+00
 8.99170e+14	1.27e-19	5.41e-14	2.51e-09	1.17e-05	3.49e-03	9.96e-01	0.00e+00	0.00e+00
 9.32045e+14	1.74e-19	7.01e-14	3.09e-09	1.35e-05	3.78e-03	9.96e-01	0.00e+00	0.00e+00
 9.61220e+14	2.27e-19	8.76e-14	3.69e-09	1.53e-05	4.05e-03	9.96e-01	0.00e+00	0.00e+00
 9.93295e+14	2.99e-19	1.11e-13	4.46e-09	1.75e-05	4.36e-03	9.96e-01	0.00e+00	0.00e+00
 1.03167e+15	4.13e-19	1.45e-13	5.56e-09	2.03e-05	4.74e-03	9.95e-01	0.00e+00	0.00e+00
 1.06972e+15	5.62e-19	1.88e-13	6.86e-09	2.35e-05	5.14e-03	9.95e-01	0.00e+00	0.00e+00
 1.10416e+15	7.33e-19	2.36e-13	8.25e-09	2.67e-05	5.52e-03	9.94e-01	0.00e+00	0.00e+00
 1.14242e+15	9.78e-19	3.01e-13	1.01e-08	3.06e-05	5.96e-03	9.94e-01	0.00e+00	0.00e+00
 1.18734e+15	1.35e-18	3.96e-13	1.26e-08	3.58e-05	6.50e-03	9.93e-01	0.00e+00	0.00e+00
 1.23155e+15	1.84e-18	5.13e-13	1.56e-08	4.14e-05	7.06e-03	9.93e-01	0.00e+00	0.00e+00
 1.27264e+15	2.43e-18	6.49e-13	1.88e-08	4.72e-05	7.60e-03	9.92e-01	0.00e+00	0.00e+00
 1.31869e+15	3.28e-18	8.36e-13	2.32e-08	5.44e-05	8.23e-03	9.92e-01	0.00e+00	0.00e+00
 1.37146e+15	4.56e-18	1.11e-12	2.92e-08	6.37e-05	8.99e-03	9.91e-01	0.00e+00	0.00e+00
 1.42346e+15	6.24e-18	1.45e-12	3.63e-08	7.39e-05	9.77e-03	9.90e-01	0.00e+00	0.00e+00
 1.47754e+15	8.56e-18	1.89e-12	4.52e-08	8.58e-05	1.06e-02	9.89e-01	0.00e+00	0.00e+00
 1.53667e+15	1.19e-17	2.50e-12	5.69e-08	1.00e-04	1.16e-02	9.88e-01	0.00e+00	0.00e+00
 1.59680e+15	1.65e-17	3.30e-12	7.14e-08	1.17e-04	1.26e-02	9.87e-01	0.00e+00	0.00e+00
 1.65933e+15	2.30e-17	4.36e-12	8.96e-08	1.36e-04	1.38e-02	9.86e-01	0.00e+00	0.00e+00
 1.71486e+15	3.04e-17	5.53e-12	1.09e-07	1.56e-04	1.48e-02	9.85e-01	0.00e+00	0.00e+00
 1.75745e+15	3.75e-17	6.61e-12	1.26e-07	1.71e-04	1.56e-02	9.84e-01	0.00e+00	0.00e+00
 1.80254e+15	4.66e-17	7.95e-12	1.46e-07	1.90e-04	1.65e-02	9.83e-01	0.00e+00	0.00e+00
 1.86115e+15	6.14e-17	1.00e-11	1.77e-07	2.16e-04	1.78e-02	9.82e-01	0.00e+00	0.00e+00
 1.92476e+15	8.23e-17	1.29e-11	2.16e-07	2.47e-04	1.91e-02	9.81e-01	0.00e+00	0.00e+00
 1.98243e+15	1.06e-16	1.60e-11	2.58e-07	2.77e-04	2.04e-02	9.79e-01	0.00e+00	0.00e+00
 2.04496e+15	1.56e-16	2.01e-11	3.10e-07	3.14e-04	2.19e-02	9.78e-01	0.00e+00	0.00e+00
 2.12192e+15	2.18e-16	2.64e-11	3.87e-07	3.64e-04	2.37e-02	9.76e-01	0.00e+00	0.00e+00
 2.19919e+15	2.99e-16	3.44e-11	4.80e-07	4.20e-04	2.57e-02	9.74e-01	0.00e+00	0.00e+00
 2.26733e+15	3.93e-16	4.31e-11	5.77e-07	4.74e-04	2.74e-02	9.72e-01	0.00e+00	0.00e+00
 2.34204e+15	5.26e-16	5.49e-11	7.01e-07	5.39e-04	2.94e-02	9.70e-01	0.00e+00	0.00e+00
 2.43197e+15	7.37e-16	7.28e-11	8.80e-07	6.27e-04	3.20e-02	9.67e-01	0.00e+00	0.00e+00
 2.52176e+15	1.02e-15	9.56e-11	1.09e-06	7.25e-04	3.46e-02	9.65e-01	0.00e+00	0.00e+00
 2.60288e+15	1.36e-15	1.21e-10	1.32e-06	8.22e-04	3.70e-02	9.62e-01	0.00e+00	0.00e+00
 2.69265e+15	1.85e-15	1.57e-10	1.62e-06	9.40e-04	3.98e-02	9.59e-01	0.00e+00	0.00e+00
 2.79828e+15	2.64e-15	2.10e-10	2.05e-06	1.10e-03	4.33e-02	9.56e-01	0.00e+00	0.00e+00
 2.90199e+15	3.67e-15	2.76e-10	2.55e-06	1.27e-03	4.68e-02	9.52e-01	0.00e+00	0.00e+00
 2.99829e+15	4.96e-15	3.54e-10	3.11e-06	1.45e-03	5.02e-02	9.48e-01	0.00e+00	0.00e+00
 3.10669e+15	6.86e-15	4.64e-10	3.86e-06	1.66e-03	5.41e-02	9.44e-01	0.00e+00	0.00e+00
 3.23099e+15	9.83e-15	6.25e-10	4.89e-06	1.94e-03	5.88e-02	9.39e-01	0.00e+00	0.00e+00
 3.35320e+15	1.39e-14	8.31e-10	6.13e-06	2.25e-03	6.35e-02	9.34e-01	0.00e+00	0.00e+00
 3.48029e+15	1.96e-14	1.11e-09	7.68e-06	2.61e-03	6.87e-02	9.29e-01	0.00e+00	0.00e+00
 3.61953e+15	2.82e-14	1.49e-09	9.73e-06	3.05e-03	7.45e-02	9.22e-01	0.00e+00	0.00e+00
 3.76070e+15	4.02e-14	2.00e-09	1.23e-05	3.56e-03	8.06e-02	9.16e-01	0.00e+00	0.00e+00
 3.87940e+15	5.36e-14	2.54e-09	1.48e-05	4.02e-03	8.60e-02	9.10e-01	0.00e+00	0.00e+00
 3.97063e+15	6.64e-14	3.04e-09	1.71e-05	4.41e-03	9.02e-02	9.05e-01	0.00e+00	0.00e+00
 4.06891e+15	8.34e-14	3.67e-09	1.98e-05	4.86e-03	9.48e-02	9.00e-01	0.00e+00	0.00e+00
 4.19667e+15	1.11e-13	4.65e-09	2.38e-05	5.48e-03	1.01e-01	8.94e-01	0.00e+00	0.00e+00
 4.33626e+15	1.50e-13	5.97e-09	2.90e-05	6.24e-03	1.08e-01	8.86e-01	0.00e+00	0.00e+00
 4.46329e+15	1.97e-13	7.45e-09	3.45e-05	6.99e-03	1.14e-01	8.79e-01	0.00e+00	0.00e+00
 4.60048e+15	2.61e-13	9.41e-09	4.14e-05	7.87e-03	1.21e-01	8.71e-01	0.00e+00	0.00e+00
 4.77160e+15	3.67e-13	1.25e-08	5.17e-05	9.10e-03	1.30e-01	8.61e-01	0.00e+00	0.00e+00
 4.94237e+15	5.05e-13	1.63e-08	6.38e-05	1.04e-02	1.39e-01	8.50e-01	0.00e+00	0.00e+00
 5.08829e+15	6.63e-13	2.04e-08	7.60e-05	1.17e-02	1.48e-01	8.41e-01	0.00e+00	0.00e+00
 5.24635e+15	8.83e-13	2.58e-08	9.12e-05	1.31e-02	1.56e-01	8.30e-01	0.00e+00	0.00e+00
 5.44241e+15	1.25e-12	3.43e-08	1.14e-04	1.52e-02	1.68e-01	8.17e-01	0.00e+00	0.00e+00
 5.64001e+15	1.73e-12	4.50e-08	1.41e-04	1.74e-02	1.79e-01	8.03e-01	0.00e+00	0.00e+00
 5.81397e+15	2.30e-12	5.68e-08	1.69e-04	1.96e-02	1.90e-01	7.91e-01	0.00e+00	0.00e+00
 6.00509e+15	3.11e-12	7.29e-08	2.05e-04	2.21e-02	2.01e-01	7.77e-01	0.00e+00	0.00e+00
 6.23538e+15	4.42e-12	9.75e-08	2.56e-04	2.56e-02	2.15e-01	7.59e-01	0.00e+00	0.00e+00
 6.46176e+15	6.11e-12	1.28e-07	3.16e-04	2.93e-02	2.29e-01	7.41e-01	0.00e+00	0.00e+00
 6.66432e+15	8.14e-12	1.62e-07	3.80e-04	3.29e-02	2.42e-01	7.25e-01	0.00e+00	0.00e+00
 6.89077e+15	1.11e-11	2.09e-07	4.62e-04	3.73e-02	2.55e-01	7.07e-01	0.00e+00	0.00e+00
 7.15916e+15	1.58e-11	2.79e-07	5.80e-04	4.30e-02	2.72e-01	6.84e-01	0.00e+00	0.00e+00
 7.42210e+15	2.19e-11	3.66e-07	7.15e-04	4.91e-02	2.88e-01	6.62e-01	0.00e+00	0.00e+00
 7.64984e+15	2.89e-11	4.59e-07	8.54e-04	5.49e-02	3.02e-01	6.43e-01	0.00e+00	0.00e+00
 7.89179e+15	3.85e-11	5.82e-07	1.02e-03	6.15e-02	3.16e-01	6.21e-01	0.00e+00	0.00e+00
 8.13854e+15	5.06e-11	7.30e-07	1.22e-03	6.86e-02	3.30e-01	6.00e-01	0.00e+00	0.00e+00
 8.34394e+15	6.34e-11	8.79e-07	1.41e-03	7.50e-02	3.42e-01	5.82e-01	0.00e+00	0.00e+00
 8.56333e+15	8.05e-11	1.07e-06	1.64e-03	8.23e-02	3.54e-01	5.63e-01	0.00e+00	0.00e+00
 8.84854e+15	1.09e-10	1.37e-06	1.99e-03	9.24e-02	3.69e-01	5.37e-01	0.00e+00	0.00e+00
 9.13610e+15	1.44e-10	1.73e-06	2.38e-03	1.03e-01	3.83e-01	5.12e-01	0.00e+00	0.00e+00
 9.37228e+15	1.81e-10	2.08e-06	2.75e-03	1.12e-01	3.93e-01	4.91e-01	0.00e+00	0.00e+00
 9.62484e+15	2.31e-10	2.54e-06	3.21e-03	1.23e-01	4.05e-01	4.69e-01	0.00e+00	0.00e+00
 9.95317e+15	3.14e-10	3.27e-06	3.89e-03	1.38e-01	4.18e-01	4.40e-01	0.00e+00	0.00e+00
 1.02881e+16	4.20e-10	4.15e-06	4.69e-03	1.54e-01	4.30e-01	4.12e-01	0.00e+00	0.00e+00
 1.05549e+16	5.24e-10	4.98e-06	5.41e-03	1.67e-01	4.38e-01	3.90e-01	0.00e+00	0.00e+00
 1.08249e+16	6.62e-10	6.02e-06	6.26e-03	1.81e-01	4.45e-01	3.68e-01	0.00e+00	0.00e+00
 1.11758e+16	8.90e-10	7.66e-06	7.53e-03	2.01e-01	4.53e-01	3.39e-01	0.00e+00	0.00e+00
 1.15279e+16	1.16e-09	9.53e-06	8.94e-03	2.21e-01	4.58e-01	3.12e-01	0.00e+00	0.00e+00
 1.18074e+16	1.44e-09	1.13e-05	1.02e-02	2.37e-01	4.61e-01	2.92e-01	0.00e+00	0.00e+00
 1.20969e+16	1.81e-09	1.36e-05	1.18e-02	2.55e-01	4.63e-01	2.70e-01	0.00e+00	0.00e+00
 1.24098e+16	2.27e-09	1.64e-05	1.36e-02	2.75e-01	4.63e-01	2.49e-01	0.00e+00	0.00e+00
 1.26887e+16	2.78e-09	1.93e-05	1.55e-02	2.93e-01	4.61e-01	2.30e-01	0.00e+00	0.00e+00
 1.29459e+16	3.34e-09	2.25e-05	1.74e-02	3.10e-01	4.59e-01	2.13e-01	0.00e+00	0.00e+00
 1.32391e+16	4.18e-09	2.68e-05	1.99e-02	3.31e-01	4.54e-01	1.95e-01	0.00e+00	0.00e+00
 1.35528e+16	5.18e-09	3.20e-05	2.28e-02	3.53e-01	4.48e-01	1.77e-01	0.00e+00	0.00e+00
 1.38286e+16	6.28e-09	3.73e-05	2.57e-02	3.72e-01	4.41e-01	1.61e-01	0.00e+00	0.00e+00
 1.40820e+16	7.55e-09	4.32e-05	2.87e-02	3.90e-01	4.33e-01	1.48e-01	0.00e+00	0.00e+00
 1.43708e+16	9.32e-09	5.11e-05	3.25e-02	4.12e-01	4.23e-01	1.33e-01	0.00e+00	0.00e+00
 1.46791e+16	1.16e-08	6.09e-05	3.72e-02	4.34e-01	4.11e-01	1.18e-01	0.00e+00	0.00e+00
 1.49439e+16	1.40e-08	7.06e-05	4.16e-02	4.53e-01	3.99e-01	1.06e-01	0.00e+00	0.00e+00
 1.51801e+16	1.67e-08	8.10e-05	4.61e-02	4.70e-01	3.87e-01	9.62e-02	0.00e+00	0.00e+00
 1.54111e+16	1.96e-08	9.22e-05	5.09e-02	4.87e-01	3.75e-01	8.70e-02	0.00e+00	0.00e+00
 1.56745e+16	2.43e-08	1.09e-04	5.74e-02	5.07e-01	3.59e-01	7.65e-02	0.00e+00	0.00e+00
 1.59509e+16	2.99e-08	1.28e-04	6.47e-02	5.26e-01	3.42e-01	6.69e-02	0.00e+00	0.00e+00
 1.61833e+16	3.54e-08	1.46e-04	7.17e-02	5.42e-01	3.27e-01	5.94e-02	0.00e+00	0.00e+00
 1.63896e+16	4.18e-08	1.67e-04	7.87e-02	5.56e-01	3.12e-01	5.29e-02	0.00e+00	0.00e+00
 1.66228e+16	5.16e-08	1.96e-04	8.79e-02	5.72e-01	2.95e-01	4.57e-02	0.00e+00	0.00e+00
 1.68637e+16	6.22e-08	2.27e-04	9.81e-02	5.86e-01	2.76e-01	3.94e-02	0.00e+00	0.00e+00
 1.70610e+16	7.38e-08	2.59e-04	1.08e-01	5.98e-01	2.60e-01	3.44e-02	0.00e+00	0.00e+00
 1.72309e+16	8.69e-08	2.93e-04	1.17e-01	6.07e-01	2.45e-01	3.02e-02	0.00e+00	0.00e+00
 1.74189e+16	9.95e-08	3.27e-04	1.28e-01	6.17e-01	2.28e-01	2.60e-02	0.00e+00	0.00e+00
 1.76198e+16	1.20e-07	3.77e-04	1.41e-01	6.27e-01	2.10e-01	2.19e-02	0.00e+00	0.00e+00
 1.77863e+16	1.49e-07	4.41e-04	1.54e-01	6.33e-01	1.94e-01	1.85e-02	0.00e+00	0.00e+00
 1.79162e+16	1.69e-07	4.86e-04	1.64e-01	6.38e-01	1.81e-01	1.62e-02	0.00e+00	0.00e+00
 1.80498e+16	1.90e-07	5.32e-04	1.76e-01	6.43e-01	1.67e-01	1.39e-02	0.00e+00	0.00e+00
 1.81982e+16	2.23e-07	6.00e-04	1.90e-01	6.46e-01	1.52e-01	1.15e-02	0.00e+00	0.00e+00
 1.83291e+16	2.60e-07	6.74e-04	2.03e-01	6.49e-01	1.38e-01	9.60e-03	0.00e+00	0.00e+00
 1.84222e+16	3.01e-07	7.46e-04	2.14e-01	6.49e-01	1.28e-01	8.30e-03	0.00e+00	0.00e+00
 1.84818e+16	3.25e-07	7.89e-04	2.21e-01	6.50e-01	1.21e-01	7.52e-03	0.00e+00	0.00e+00
 1.85387e+16	3.49e-07	8.31e-04	2.27e-01	6.50e-01	1.15e-01	6.80e-03	0.00e+00	0.00e+00
 1.86125e+16	3.85e-07	8.93e-04	2.36e-01	6.50e-01	1.06e-01	5.90e-03	0.00e+00	0.00e+00
 1.86930e+16	4.29e-07	9.66e-04	2.46e-01	6.50e-01	9.75e-02	5.02e-03	0.00e+00	0.00e+00
 1.87632e+16	4.71e-07	1.03e-03	2.55e-01	6.49e-01	8.98e-02	4.32e-03	0.00e+00	0.00e+00
 1.88246e+16	5.11e-07	1.10e-03	2.64e-01	6.49e-01	8.30e-02	3.74e-03	0.00e+00	0.00e+00
 1.88932e+16	5.65e-07	1.18e-03	2.73e-01	6.47e-01	7.54e-02	3.13e-03	0.00e+00	0.00e+00
 1.89657e+16	6.26e-07	1.27e-03	2.83e-01	6.46e-01	6.77e-02	2.57e-03	0.00e+00	0.00e+00
 1.90280e+16	6.84e-07	1.35e-03	2.91e-01	6.44e-01	6.12e-02	2.14e-03	0.00e+00	0.00e+00
 1.90843e+16	7.43e-07	1.43e-03	2.99e-01	6.42e-01	5.55e-02	1.79e-03	0.00e+00	0.00e+00
 1.91486e+16	8.17e-07	1.53e-03	3.08e-01	6.40e-01	4.92e-02	1.44e-03	0.00e+00	0.00e+00
 1.92189e+16	9.03e-07	1.64e-03	3.18e-01	6.37e-01	4.29e-02	1.12e-03	0.00e+00	0.00e+00
 1.92828e+16	9.91e-07	1.76e-03	3.26e-01	6.33e-01	3.74e-02	8.74e-04	0.00e+00	0.00e+00
 1.93519e+16	1.10e-06	1.88e-03	3.36e-01	6.30e-01	3.20e-02	6.56e-04	0.00e+00	0.00e+00
 1.94286e+16	1.22e-06	2.03e-03	3.46e-01	6.25e-01	2.67e-02	4.73e-04	0.00e+00	0.00e+00
 1.95017e+16	1.35e-06	2.18e-03	3.55e-01	6.21e-01	2.23e-02	3.40e-04	0.00e+00	0.00e+00
 1.95837e+16	1.51e-06	2.35e-03	3.65e-01	6.15e-01	1.80e-02	2.30e-04	0.00e+00	0.00e+00
 1.96903e+16	1.73e-06	2.58e-03	3.77e-01	6.07e-01	1.36e-02	1.38e-04	0.00e+00	0.00e+00
 1.98070e+16	1.99e-06	2.83e-03	3.89e-01	5.98e-01	1.00e-02	7.87e-05	0.00e+00	0.00e+00
 1.99367e+16	2.31e-06	3.13e-03	4.01e-01	5.88e-01	7.15e-03	4.18e-05	0.00e+00	0.00e+00
 2.01053e+16	2.77e-06	3.54e-03	4.17e-01	5.75e-01	4.68e-03	1.88e-05	0.00e+00	0.00e+00
 2.03245e+16	3.48e-06	4.10e-03	4.36e-01	5.58e-01	2.79e-03	6.99e-06	0.00e+00	0.00e+00
 2.05696e+16	4.47e-06	4.84e-03	4.56e-01	5.37e-01	1.64e-03	2.50e-06	0.00e+00	0.00e+00
 2.08032e+16	5.70e-06	5.67e-03	4.77e-01	5.16e-01	1.03e-03	9.96e-07	0.00e+00	0.00e+00
 2.10257e+16	7.26e-06	6.65e-03	4.97e-01	4.95e-01	6.72e-04	0.00e+00	0.00e+00	0.00e+00
 2.12790e+16	9.63e-06	8.02e-03	5.22e-01	4.69e-01	4.21e-04	0.00e+00	0.00e+00	0.00e+00
 2.14903e+16	1.24e-05	9.50e-03	5.44e-01	4.46e-01	2.96e-04	0.00e+00	0.00e+00	0.00e+00
 2.15953e+16	1.42e-05	1.04e-02	5.55e-01	4.34e-01	2.49e-04	0.00e+00	0.00e+00	0.00e+00
 2.16797e+16	1.58e-05	1.12e-02	5.65e-01	4.24e-01	2.14e-04	0.00e+00	0.00e+00	0.00e+00
 2.17895e+16	1.83e-05	1.23e-02	5.77e-01	4.11e-01	1.77e-04	0.00e+00	0.00e+00	0.00e+00
 2.19322e+16	2.21e-05	1.39e-02	5.94e-01	3.92e-01	1.37e-04	0.00e+00	0.00e+00	0.00e+00
 2.20772e+16	2.71e-05	1.60e-02	6.11e-01	3.73e-01	1.07e-04	0.00e+00	0.00e+00	0.00e+00
 2.21887e+16	3.20e-05	1.79e-02	6.24e-01	3.58e-01	8.89e-05	0.00e+00	0.00e+00	0.00e+00
 2.22804e+16	3.67e-05	1.96e-02	6.36e-01	3.45e-01	7.57e-05	0.00e+00	0.00e+00	0.00e+00
 2.23663e+16	4.19e-05	2.14e-02	6.46e-01	3.32e-01	6.50e-05	0.00e+00	0.00e+00	0.00e+00
 2.24476e+16	4.77e-05	2.34e-02	6.56e-01	3.20e-01	5.62e-05	0.00e+00	0.00e+00	0.00e+00
 2.25270e+16	5.43e-05	2.55e-02	6.66e-01	3.08e-01	4.86e-05	0.00e+00	0.00e+00	0.00e+00
 2.26059e+16	6.20e-05	2.79e-02	6.76e-01	2.96e-01	4.20e-05	0.00e+00	0.00e+00	0.00e+00
 2.26833e+16	7.08e-05	3.06e-02	6.86e-01	2.83e-01	3.63e-05	0.00e+00	0.00e+00	0.00e+00
 2.27578e+16	8.08e-05	3.34e-02	6.95e-01	2.72e-01	3.14e-05	0.00e+00	0.00e+00	0.00e+00
 2.28300e+16	9.21e-05	3.65e-02	7.04e-01	2.60e-01	2.73e-05	0.00e+00	0.00e+00	0.00e+00
 2.29008e+16	1.05e-04	3.99e-02	7.12e-01	2.48e-01	2.37e-05	0.00e+00	0.00e+00	0.00e+00
 2.29700e+16	1.20e-04	4.37e-02	7.20e-01	2.36e-01	2.05e-05	0.00e+00	0.00e+00	0.00e+00
 2.30371e+16	1.37e-04	4.78e-02	7.27e-01	2.25e-01	1.78e-05	0.00e+00	0.00e+00	0.00e+00
 2.31023e+16	1.56e-04	5.22e-02	7.34e-01	2.14e-01	1.55e-05	0.00e+00	0.00e+00	0.00e+00
 2.31658e+16	1.78e-04	5.71e-02	7.40e-01	2.03e-01	1.35e-05	0.00e+00	0.00e+00	0.00e+00
 2.32277e+16	2.03e-04	6.24e-02	7.45e-01	1.92e-01	1.17e-05	0.00e+00	0.00e+00	0.00e+00
 2.32881e+16	2.32e-04	6.82e-02	7.50e-01	1.82e-01	1.02e-05	0.00e+00	0.00e+00	0.00e+00
 2.33475e+16	2.65e-04	7.47e-02	7.53e-01	1.72e-01	8.80e-06	0.00e+00	0.00e+00	0.00e+00
 2.34053e+16	3.03e-04	8.17e-02	7.56e-01	1.62e-01	7.61e-06	0.00e+00	0.00e+00	0.00e+00
 2.34613e+16	3.46e-04	8.93e-02	7.58e-01	1.52e-01	6.59e-06	0.00e+00	0.00e+00	0.00e+00
 2.35160e+16	3.95e-04	9.76e-02	7.60e-01	1.42e-01	5.69e-06	0.00e+00	0.00e+00	0.00e+00
 2.35696e+16	4.52e-04	1.07e-01	7.60e-01	1.33e-01	4.91e-06	0.00e+00	0.00e+00	0.00e+00
 2.36222e+16	5.17e-04	1.17e-01	7.59e-01	1.24e-01	4.22e-06	0.00e+00	0.00e+00	0.00e+00
 2.36734e+16	5.92e-04	1.28e-01	7.56e-01	1.15e-01	3.62e-06	0.00e+00	0.00e+00	0.00e+00
 2.37237e+16	6.79e-04	1.40e-01	7.53e-01	1.07e-01	3.09e-06	0.00e+00	0.00e+00	0.00e+00
 2.37734e+16	7.79e-04	1.53e-01	7.48e-01	9.85e-02	2.63e-06	0.00e+00	0.00e+00	0.00e+00
 2.38222e+16	8.96e-04	1.68e-01	7.41e-01	9.05e-02	2.23e-06	0.00e+00	0.00e+00	0.00e+00
 2.38700e+16	1.03e-03	1.84e-01	7.32e-01	8.27e-02	1.88e-06	0.00e+00	0.00e+00	0.00e+00
 2.39172e+16	1.19e-03	2.02e-01	7.22e-01	7.52e-02	1.57e-06	0.00e+00	0.00e+00	0.00e+00
 2.39640e+16	1.37e-03	2.21e-01	7.09e-01	6.79e-02	1.31e-06	0.00e+00	0.00e+00	0.00e+00
 2.40104e+16	1.59e-03	2.43e-01	6.94e-01	6.09e-02	1.08e-06	0.00e+00	0.00e+00	0.00e+00
 2.40635e+16	1.89e-03	2.71e-01	6.74e-01	5.31e-02	8.49e-07	0.00e+00	0.00e+00	0.00e+00
 2.41198e+16	2.29e-03	3.05e-01	6.48e-01	4.53e-02	0.00e+00	0.00e+00	0.00e+00	0.00e+00
 2.41675e+16	2.71e-03	3.37e-01	6.21e-01	3.89e-02	0.00e+00	0.00e+00	0.00e+00	0.00e+00
 2.42103e+16	3.14e-03	3.69e-01	5.94e-01	3.35e-02	0.00e+00	0.00e+00	0.00e+00	0.00e+00
 2.42594e+16	3.75e-03	4.10e-01	5.59e-01	2.77e-02	0.00e+00	0.00e+00	0.00e+00	0.00e+00
 2.43124e+16	4.58e-03	4.59e-01	5.15e-01	2.20e-02	0.00e+00	0.00e+00	0.00e+00	0.00e+00
 2.43575e+16	5.46e-03	5.05e-01	4.72e-01	1.75e-02	0.00e+00	0.00e+00	0.00e+00	0.00e+00
 2.43934e+16	6.29e-03	5.44e-01	4.36e-01	1.43e-02	0.00e+00	0.00e+00	0.00e+00	0.00e+00
 2.44253e+16	7.16e-03	5.80e-01	4.01e-01	1.18e-02	0.00e+00	0.00e+00	0.00e+00	0.00e+00
 2.44616e+16	8.24e-03	6.21e-01	3.61e-01	9.24e-03	0.00e+00	0.00e+00	0.00e+00	0.00e+00
 2.45007e+16	9.67e-03	6.68e-01	3.16e-01	6.88e-03	0.00e+00	0.00e+00	0.00e+00	0.00e+00
 2.45334e+16	1.11e-02	7.07e-01	2.76e-01	5.18e-03	0.00e+00	0.00e+00	0.00e+00	0.00e+00
 2.45596e+16	1.24e-02	7.38e-01	2.46e-01	4.06e-03	0.00e+00	0.00e+00	0.00e+00	0.00e+00
 2.45827e+16	1.37e-02	7.65e-01	2.19e-01	3.21e-03	0.00e+00	0.00e+00	0.00e+00	0.00e+00
 2.46082e+16	1.53e-02	7.92e-01	1.90e-01	2.42e-03	0.00e+00	0.00e+00	0.00e+00	0.00e+00
 2.46415e+16	1.77e-02	8.25e-01	1.56e-01	1.63e-03	0.00e+00	0.00e+00	0.00e+00	0.00e+00
 2.46740e+16	2.05e-02	8.55e-01	1.24e-01	1.05e-03	0.00e+00	0.00e+00	0.00e+00	0.00e+00
 2.46969e+16	2.28e-02	8.74e-01	1.02e-01	7.44e-04	0.00e+00	0.00e+00	0.00e+00	0.00e+00
 2.47142e+16	2.48e-02	8.86e-01	8.86e-02	5.67e-04	0.00e+00	0.00e+00	0.00e+00	0.00e+00
 2.47328e+16	2.70e-02	8.98e-01	7.49e-02	4.14e-04	0.00e+00	0.00e+00	0.00e+00	0.00e+00
 2.47571e+16	3.04e-02	9.10e-01	5.93e-02	2.69e-04	0.00e+00	0.00e+00	0.00e+00	0.00e+00
 2.47820e+16	3.44e-02	9.20e-01	4.55e-02	1.66e-04	0.00e+00	0.00e+00	0.00e+00	0.00e+00
 2.48012e+16	3.79e-02	9.26e-01	3.63e-02	1.10e-04	0.00e+00	0.00e+00	0.00e+00	0.00e+00
 2.48162e+16	4.11e-02	9.29e-01	3.02e-02	7.89e-05	0.00e+00	0.00e+00	0.00e+00	0.00e+00
 2.48321e+16	4.47e-02	9.31e-01	2.46e-02	5.43e-05	0.00e+00	0.00e+00	0.00e+00	0.00e+00
 2.48500e+16	4.92e-02	9.31e-01	1.93e-02	3.51e-05	0.00e+00	0.00e+00	0.00e+00	0.00e+00
 2.48662e+16	5.38e-02	9.31e-01	1.53e-02	2.30e-05	0.00e+00	0.00e+00	0.00e+00	0.00e+00
 2.48801e+16	5.81e-02	9.29e-01	1.24e-02	1.57e-05	0.00e+00	0.00e+00	0.00e+00	0.00e+00
 2.48928e+16	6.25e-02	9.27e-01	1.01e-02	1.10e-05	0.00e+00	0.00e+00	0.00e+00	0.00e+00
 2.49052e+16	6.71e-02	9.25e-01	8.28e-03	7.63e-06	0.00e+00	0.00e+00	0.00e+00	0.00e+00
 2.49175e+16	7.19e-02	9.21e-01	6.73e-03	5.25e-06	0.00e+00	0.00e+00	0.00e+00	0.00e+00
 2.49289e+16	7.69e-02	9.18e-01	5.51e-03	3.67e-06	0.00e+00	0.00e+00	0.00e+00	0.00e+00
 2.49389e+16	8.13e-02	9.14e-01	4.61e-03	2.66e-06	0.00e+00	0.00e+00	0.00e+00	0.00e+00
 2.49479e+16	8.56e-02	9.10e-01	3.91e-03	1.97e-06	0.00e+00	0.00e+00	0.00e+00	0.00e+00
 2.49546e+16	8.90e-02	9.08e-01	3.45e-03	1.58e-06	0.00e+00	0.00e+00	0.00e+00	0.00e+00
 2.49592e+16	9.15e-02	9.05e-01	3.17e-03	1.35e-06	0.00e+00	0.00e+00	0.00e+00	0.00e+00
 2.49635e+16	9.38e-02	9.03e-01	2.91e-03	1.16e-06	0.00e+00	0.00e+00	0.00e+00	0.00e+00
 2.49685e+16	9.67e-02	9.01e-01	2.64e-03	9.71e-07	0.00e+00	0.00e+00	0.00e+00	0.00e+00
 2.49738e+16	9.98e-02	8.98e-01	2.37e-03	0.00e+00	0.00e+00	0.00e+00	0.00e+00	0.00e+00
 2.49789e+16	1.03e-01	8.95e-01	2.14e-03	0.00e+00	0.00e+00	0.00e+00	0.00e+00	0.00e+00
 2.49837e+16	1.06e-01	8.92e-01	1.94e-03	0.00e+00	0.00e+00	0.00e+00	0.00e+00	0.00e+00
 2.49885e+16	1.09e-01	8.89e-01	1.76e-03	0.00e+00	0.00e+00	0.00e+00	0.00e+00	0.00e+00
 2.49933e+16	1.12e-01	8.86e-01	1.59e-03	0.00e+00	0.00e+00	0.00e+00	0.00e+00	0.00e+00
 2.49980e+16	1.15e-01	8.83e-01	1.44e-03	0.00e+00	0.00e+00	0.00e+00	0.00e+00	0.00e+00
 2.50027e+16	1.19e-01	8.80e-01	1.30e-03	0.00e+00	0.00e+00	0.00e+00	0.00e+00	0.00e+00
 2.50073e+16	1.22e-01	8.76e-01	1.18e-03	0.00e+00	0.00e+00	0.00e+00	0.00e+00	0.00e+00
 2.50119e+16	1.26e-01	8.73e-01	1.07e-03	0.00e+00	0.00e+00	0.00e+00	0.00e+00	0.00e+00
 2.50164e+16	1.29e-01	8.70e-01	9.64e-04	0.00e+00	0.00e+00	0.00e+00	0.00e+00	0.00e+00
 2.50208e+16	1.33e-01	8.66e-01	8.74e-04	0.00e+00	0.00e+00	0.00e+00	0.00e+00	0.00e+00
 2.50252e+16	1.37e-01	8.62e-01	7.89e-04	0.00e+00	0.00e+00	0.00e+00	0.00e+00	0.00e+00
 2.50296e+16	1.41e-01	8.58e-01	7.14e-04	0.00e+00	0.00e+00	0.00e+00	0.00e+00	0.00e+00
 2.50339e+16	1.45e-01	8.54e-01	6.45e-04	0.00e+00	0.00e+00	0.00e+00	0.00e+00	0.00e+00
 2.50382e+16	1.50e-01	8.50e-01	5.82e-04	0.00e+00	0.00e+00	0.00e+00	0.00e+00	0.00e+00
 2.50424e+16	1.54e-01	8.46e-01	5.26e-04	0.00e+00	0.00e+00	0.00e+00	0.00e+00	0.00e+00
 2.50466e+16	1.59e-01	8.41e-01	4.76e-04	0.00e+00	0.00e+00	0.00e+00	0.00e+00	0.00e+00
 2.50507e+16	1.63e-01	8.36e-01	4.30e-04	0.00e+00	0.00e+00	0.00e+00	0.00e+00	0.00e+00
 2.50548e+16	1.68e-01	8.31e-01	3.88e-04	0.00e+00	0.00e+00	0.00e+00	0.00e+00	0.00e+00
 2.50588e+16	1.74e-01	8.26e-01	3.50e-04	0.00e+00	0.00e+00	0.00e+00	0.00e+00	0.00e+00
 2.50628e+16	1.79e-01	8.21e-01	3.16e-04	0.00e+00	0.00e+00	0.00e+00	0.00e+00	0.00e+00
 2.50667e+16	1.85e-01	8.14e-01	2.85e-04	0.00e+00	0.00e+00	0.00e+00	0.00e+00	0.00e+00
 2.50707e+16	1.91e-01	8.09e-01	2.57e-04	0.00e+00	0.00e+00	0.00e+00	0.00e+00	0.00e+00
 2.50745e+16	1.98e-01	8.02e-01	2.32e-04	0.00e+00	0.00e+00	0.00e+00	0.00e+00	0.00e+00
 2.50783e+16	2.05e-01	7.95e-01	2.09e-04	0.00e+00	0.00e+00	0.00e+00	0.00e+00	0.00e+00
 2.50820e+16	2.12e-01	7.88e-01	1.88e-04	0.00e+00	0.00e+00	0.00e+00	0.00e+00	0.00e+00
 2.50858e+16	2.19e-01	7.81e-01	1.70e-04	0.00e+00	0.00e+00	0.00e+00	0.00e+00	0.00e+00
 2.50894e+16	2.27e-01	7.73e-01	1.53e-04	0.00e+00	0.00e+00	0.00e+00	0.00e+00	0.00e+00
 2.50929e+16	2.36e-01	7.64e-01	1.38e-04	0.00e+00	0.00e+00	0.00e+00	0.00e+00	0.00e+00
 2.50964e+16	2.45e-01	7.55e-01	1.24e-04	0.00e+00	0.00e+00	0.00e+00	0.00e+00	0.00e+00
 2.50998e+16	2.55e-01	7.45e-01	1.12e-04	0.00e+00	0.00e+00	0.00e+00	0.00e+00	0.00e+00
 2.51031e+16	2.65e-01	7.35e-01	1.01e-04	0.00e+00	0.00e+00	0.00e+00	0.00e+00	0.00e+00
 2.51063e+16	2.75e-01	7.25e-01	9.14e-05	0.00e+00	0.00e+00	0.00e+00	0.00e+00	0.00e+00
 2.51095e+16	2.86e-01	7.13e-01	8.24e-05	0.00e+00	0.00e+00	0.00e+00	0.00e+00	0.00e+00
 2.51127e+16	2.98e-01	7.01e-01	7.42e-05	0.00e+00	0.00e+00	0.00e+00	0.00e+00	0.00e+00
 2.51158e+16	3.10e-01	6.90e-01	6.70e-05	0.00e+00	0.00e+00	0.00e+00	0.00e+00	0.00e+00
 2.51189e+16	3.23e-01	6.77e-01	6.02e-05	0.00e+00	0.00e+00	0.00e+00	0.00e+00	0.00e+00
 2.51219e+16	3.37e-01	6.63e-01	5.42e-05	0.00e+00	0.00e+00	0.00e+00	0.00e+00	0.00e+00
 2.51248e+16	3.51e-01	6.49e-01	4.87e-05	0.00e+00	0.00e+00	0.00e+00	0.00e+00	0.00e+00
 2.51277e+16	3.67e-01	6.33e-01	4.37e-05	0.00e+00	0.00e+00	0.00e+00	0.00e+00	0.00e+00
 2.51306e+16	3.83e-01	6.17e-01	3.92e-05	0.00e+00	0.00e+00	0.00e+00	0.00e+00	0.00e+00
 2.51334e+16	4.02e-01	5.97e-01	3.50e-05	0.00e+00	0.00e+00	0.00e+00	0.00e+00	0.00e+00
 2.51361e+16	4.20e-01	5.80e-01	3.13e-05	0.00e+00	0.00e+00	0.00e+00	0.00e+00	0.00e+00
 2.51388e+16	4.39e-01	5.61e-01	2.80e-05	0.00e+00	0.00e+00	0.00e+00	0.00e+00	0.00e+00
 2.51415e+16	4.59e-01	5.41e-01	2.49e-05	0.00e+00	0.00e+00	0.00e+00	0.00e+00	0.00e+00
 2.51442e+16	4.79e-01	5.21e-01	2.22e-05	0.00e+00	0.00e+00	0.00e+00	0.00e+00	0.00e+00
 2.51468e+16	5.00e-01	5.00e-01	1.97e-05	0.00e+00	0.00e+00	0.00e+00	0.00e+00	0.00e+00
 2.51494e+16	5.22e-01	4.78e-01	1.74e-05	0.00e+00	0.00e+00	0.00e+00	0.00e+00	0.00e+00
 2.51520e+16	5.45e-01	4.55e-01	1.53e-05	0.00e+00	0.00e+00	0.00e+00	0.00e+00	0.00e+00
 2.51545e+16	5.66e-01	4.34e-01	1.36e-05	0.00e+00	0.00e+00	0.00e+00	0.00e+00	0.00e+00
 2.51570e+16	5.89e-01	4.11e-01	1.19e-05	0.00e+00	0.00e+00	0.00e+00	0.00e+00	0.00e+00
 2.51595e+16	6.12e-01	3.88e-01	1.05e-05	0.00e+00	0.00e+00	0.00e+00	0.00e+00	0.00e+00
 2.51616e+16	6.31e-01	3.68e-01	9.31e-06	0.00e+00	0.00e+00	0.00e+00	0.00e+00	0.00e+00
 2.51633e+16	6.47e-01	3.53e-01	8.49e-06	0.00e+00	0.00e+00	0.00e+00	0.00e+00	0.00e+00
 2.51649e+16	6.61e-01	3.39e-01	7.78e-06	0.00e+00	0.00e+00	0.00e+00	0.00e+00	0.00e+00
 2.51665e+16	6.75e-01	3.25e-01	7.10e-06	0.00e+00	0.00e+00	0.00e+00	0.00e+00	0.00e+00
 2.51681e+16	6.92e-01	3.08e-01	6.40e-06	0.00e+00	0.00e+00	0.00e+00	0.00e+00	0.00e+00
 2.51698e+16	7.07e-01	2.93e-01	5.80e-06	0.00e+00	0.00e+00	0.00e+00	0.00e+00	0.00e+00
 2.51712e+16	7.19e-01	2.81e-01	5.32e-06	0.00e+00	0.00e+00	0.00e+00	0.00e+00	0.00e+00
 2.51727e+16	7.32e-01	2.68e-01	4.86e-06	0.00e+00	0.00e+00	0.00e+00	0.00e+00	0.00e+00
 2.51741e+16	7.44e-01	2.56e-01	4.44e-06	0.00e+00	0.00e+00	0.00e+00	0.00e+00	0.00e+00
 2.51756e+16	7.56e-01	2.44e-01	4.06e-06	0.00e+00	0.00e+00	0.00e+00	0.00e+00	0.00e+00
 2.51770e+16	7.67e-01	2.33e-01	3.72e-06	0.00e+00	0.00e+00	0.00e+00	0.00e+00	0.00e+00
 2.51783e+16	7.76e-01	2.24e-01	3.43e-06	0.00e+00	0.00e+00	0.00e+00	0.00e+00	0.00e+00
 2.51797e+16	7.88e-01	2.12e-01	3.12e-06	0.00e+00	0.00e+00	0.00e+00	0.00e+00	0.00e+00
 2.51810e+16	7.96e-01	2.04e-01	2.89e-06	0.00e+00	0.00e+00	0.00e+00	0.00e+00	0.00e+00
 2.51823e+16	8.06e-01	1.94e-01	2.64e-06	0.00e+00	0.00e+00	0.00e+00	0.00e+00	0.00e+00
