#depth	C	C+	C+2	C+3	C+4	C+5	C+6	C[1]	C[2]	C[3]	C+[1]	C+[2]	CO
 1.49634e+10	0.00e+00	1.96e-32	2.83e-22	7.84e-13	1.02e-02	9.57e-01	3.25e-02	0.00e+00	0.00e+00	0.00e+00	0.00e+00	0.00e+00	3.08e-163
 4.54887e+10	2.36e-43	2.69e-32	3.59e-22	9.21e-13	1.10e-02	9.59e-01	3.01e-02	0.00e+00	0.00e+00	0.00e+00	0.00e+00	0.00e+00	1.88e-228
 7.72350e+10	0.00e+00	3.71e-32	4.57e-22	1.08e-12	1.20e-02	9.60e-01	2.78e-02	0.00e+00	0.00e+00	0.00e+00	0.00e+00	0.00e+00	3.88e-162
 1.10251e+11	5.25e-43	5.11e-32	5.82e-22	1.27e-12	1.30e-02	9.61e-01	2.57e-02	0.00e+00	0.00e+00	0.00e+00	0.00e+00	0.00e+00	9.08e-228
 1.44588e+11	0.00e+00	7.03e-32	7.40e-22	1.50e-12	1.41e-02	9.62e-01	2.38e-02	0.00e+00	0.00e+00	0.00e+00	0.00e+00	0.00e+00	4.85e-161
 1.80298e+11	1.17e-42	9.69e-32	9.43e-22	1.76e-12	1.53e-02	9.63e-01	2.20e-02	0.00e+00	0.00e+00	0.00e+00	0.00e+00	0.00e+00	4.33e-227
 2.17437e+11	0.00e+00	1.34e-31	1.20e-21	2.07e-12	1.66e-02	9.63e-01	2.03e-02	0.00e+00	0.00e+00	0.00e+00	0.00e+00	0.00e+00	6.11e-160
 2.56061e+11	2.60e-42	1.84e-31	1.53e-21	2.43e-12	1.81e-02	9.63e-01	1.88e-02	0.00e+00	0.00e+00	0.00e+00	0.00e+00	0.00e+00	2.06e-226
 2.96231e+11	0.00e+00	2.54e-31	1.95e-21	2.86e-12	1.96e-02	9.63e-01	1.73e-02	0.00e+00	0.00e+00	0.00e+00	0.00e+00	0.00e+00	7.70e-159
 3.38007e+11	5.80e-42	3.50e-31	2.48e-21	3.37e-12	2.13e-02	9.63e-01	1.60e-02	0.00e+00	0.00e+00	0.00e+00	0.00e+00	0.00e+00	9.76e-226
 3.79407e+11	0.00e+00	4.76e-31	3.13e-21	3.93e-12	2.31e-02	9.62e-01	1.48e-02	0.00e+00	0.00e+00	0.00e+00	0.00e+00	0.00e+00	9.20e-158
 4.22464e+11	1.25e-41	6.48e-31	3.94e-21	4.60e-12	2.50e-02	9.61e-01	1.37e-02	0.00e+00	0.00e+00	0.00e+00	0.00e+00	0.00e+00	4.47e-225
 4.69290e+11	0.00e+00	8.95e-31	5.03e-21	5.41e-12	2.71e-02	9.60e-01	1.26e-02	0.00e+00	0.00e+00	0.00e+00	0.00e+00	0.00e+00	1.11e-156
 5.16712e+11	2.77e-41	1.23e-30	6.38e-21	6.34e-12	2.94e-02	9.59e-01	1.17e-02	0.00e+00	0.00e+00	0.00e+00	0.00e+00	0.00e+00	1.97e-224
 5.66031e+11	0.00e+00	1.68e-30	8.09e-21	7.44e-12	3.19e-02	9.57e-01	1.08e-02	0.00e+00	0.00e+00	0.00e+00	0.00e+00	0.00e+00	1.32e-155
 6.18599e+11	6.15e-41	2.33e-30	1.03e-20	8.77e-12	3.47e-02	9.55e-01	9.93e-03	0.00e+00	0.00e+00	0.00e+00	0.00e+00	0.00e+00	8.26e-224
 6.73269e+11	0.00e+00	3.22e-30	1.32e-20	1.03e-11	3.77e-02	9.53e-01	9.14e-03	0.00e+00	0.00e+00	0.00e+00	0.00e+00	0.00e+00	1.70e-154
 7.30127e+11	1.38e-40	4.46e-30	1.69e-20	1.22e-11	4.10e-02	9.51e-01	8.41e-03	0.00e+00	0.00e+00	0.00e+00	0.00e+00	0.00e+00	3.49e-223
 7.89259e+11	0.00e+00	6.18e-30	2.16e-20	1.44e-11	4.45e-02	9.48e-01	7.73e-03	0.00e+00	0.00e+00	0.00e+00	0.00e+00	0.00e+00	2.20e-153
 8.50756e+11	3.12e-40	8.56e-30	2.76e-20	1.69e-11	4.84e-02	9.44e-01	7.11e-03	0.00e+00	0.00e+00	0.00e+00	0.00e+00	0.00e+00	1.25e-222
 9.14713e+11	0.00e+00	1.19e-29	3.53e-20	2.00e-11	5.27e-02	9.41e-01	6.53e-03	0.00e+00	0.00e+00	0.00e+00	0.00e+00	0.00e+00	2.87e-152
 9.81228e+11	7.07e-40	1.65e-29	4.52e-20	2.36e-11	5.72e-02	9.37e-01	5.99e-03	0.00e+00	0.00e+00	0.00e+00	0.00e+00	0.00e+00	5.06e-222
 1.05040e+12	0.00e+00	2.29e-29	5.79e-20	2.78e-11	6.22e-02	9.32e-01	5.49e-03	0.00e+00	0.00e+00	0.00e+00	0.00e+00	0.00e+00	3.77e-151
 1.12235e+12	1.61e-39	3.19e-29	7.42e-20	3.29e-11	6.77e-02	9.27e-01	5.03e-03	0.00e+00	0.00e+00	0.00e+00	0.00e+00	0.00e+00	0.00e+00
 1.19717e+12	0.00e+00	4.44e-29	9.52e-20	3.88e-11	7.36e-02	9.22e-01	4.61e-03	0.00e+00	0.00e+00	0.00e+00	0.00e+00	0.00e+00	5.00e-150
 1.27498e+12	3.67e-39	6.18e-29	1.22e-19	4.59e-11	8.00e-02	9.16e-01	4.21e-03	0.00e+00	0.00e+00	0.00e+00	0.00e+00	0.00e+00	0.00e+00
 1.35591e+12	0.00e+00	8.62e-29	1.57e-19	5.42e-11	8.70e-02	9.09e-01	3.85e-03	0.00e+00	0.00e+00	0.00e+00	0.00e+00	0.00e+00	6.69e-149
 1.44007e+12	8.42e-39	1.20e-28	2.02e-19	6.41e-11	9.45e-02	9.02e-01	3.52e-03	0.00e+00	0.00e+00	0.00e+00	0.00e+00	0.00e+00	0.00e+00
 1.52760e+12	0.00e+00	1.68e-28	2.59e-19	7.58e-11	1.03e-01	8.94e-01	3.21e-03	0.00e+00	0.00e+00	0.00e+00	0.00e+00	0.00e+00	9.04e-148
 1.61863e+12	1.94e-38	2.35e-28	3.34e-19	8.96e-11	1.12e-01	8.85e-01	2.92e-03	0.00e+00	0.00e+00	0.00e+00	0.00e+00	0.00e+00	0.00e+00
 1.71330e+12	0.00e+00	3.28e-28	4.30e-19	1.06e-10	1.21e-01	8.76e-01	2.65e-03	0.00e+00	0.00e+00	0.00e+00	0.00e+00	0.00e+00	1.24e-146
 1.81176e+12	4.48e-38	4.59e-28	5.53e-19	1.25e-10	1.32e-01	8.66e-01	2.41e-03	0.00e+00	0.00e+00	0.00e+00	0.00e+00	0.00e+00	0.00e+00
 1.90283e+12	0.00e+00	6.19e-28	6.93e-19	1.46e-10	1.41e-01	8.56e-01	2.21e-03	0.00e+00	0.00e+00	0.00e+00	0.00e+00	0.00e+00	1.48e-145
 1.98188e+12	8.92e-38	7.96e-28	8.37e-19	1.65e-10	1.50e-01	8.48e-01	2.05e-03	0.00e+00	0.00e+00	0.00e+00	0.00e+00	0.00e+00	0.00e+00
 2.06971e+12	0.00e+00	1.05e-27	1.03e-18	1.89e-10	1.60e-01	8.38e-01	1.89e-03	0.00e+00	0.00e+00	0.00e+00	0.00e+00	0.00e+00	1.14e-144
 2.17671e+12	1.87e-37	1.44e-27	1.31e-18	2.21e-10	1.73e-01	8.25e-01	1.72e-03	0.00e+00	0.00e+00	0.00e+00	0.00e+00	0.00e+00	0.00e+00
 2.28559e+12	0.00e+00	1.98e-27	1.66e-18	2.59e-10	1.86e-01	8.12e-01	1.56e-03	0.00e+00	0.00e+00	0.00e+00	0.00e+00	0.00e+00	1.37e-143
 2.38463e+12	3.93e-37	2.61e-27	2.04e-18	2.97e-10	1.99e-01	8.00e-01	1.43e-03	0.00e+00	0.00e+00	0.00e+00	0.00e+00	0.00e+00	0.00e+00
 2.49390e+12	0.00e+00	3.50e-27	2.55e-18	3.43e-10	2.12e-01	7.86e-01	1.30e-03	0.00e+00	0.00e+00	0.00e+00	0.00e+00	0.00e+00	1.29e-142
 2.62174e+12	8.62e-37	4.88e-27	3.27e-18	4.04e-10	2.29e-01	7.70e-01	1.17e-03	0.00e+00	0.00e+00	0.00e+00	0.00e+00	0.00e+00	0.00e+00
 2.74748e+12	0.00e+00	6.69e-27	4.14e-18	4.71e-10	2.45e-01	7.54e-01	1.05e-03	0.00e+00	0.00e+00	0.00e+00	0.00e+00	0.00e+00	1.64e-141
 2.86478e+12	1.82e-36	8.88e-27	5.12e-18	5.40e-10	2.61e-01	7.38e-01	9.57e-04	0.00e+00	0.00e+00	0.00e+00	0.00e+00	0.00e+00	0.00e+00
 2.99584e+12	0.00e+00	1.20e-26	6.43e-18	6.26e-10	2.78e-01	7.21e-01	8.61e-04	0.00e+00	0.00e+00	0.00e+00	0.00e+00	0.00e+00	1.66e-140
 3.14560e+12	4.07e-36	1.68e-26	8.26e-18	7.36e-10	2.99e-01	7.00e-01	7.66e-04	0.00e+00	0.00e+00	0.00e+00	0.00e+00	0.00e+00	0.00e+00
 3.29268e+12	0.00e+00	2.31e-26	1.04e-17	8.57e-10	3.19e-01	6.81e-01	6.83e-04	0.00e+00	0.00e+00	0.00e+00	0.00e+00	0.00e+00	2.18e-139
 3.43399e+12	8.71e-36	3.09e-26	1.30e-17	9.84e-10	3.38e-01	6.62e-01	6.14e-04	0.00e+00	0.00e+00	0.00e+00	0.00e+00	0.00e+00	0.00e+00
 3.58962e+12	0.00e+00	4.20e-26	1.63e-17	1.14e-09	3.59e-01	6.41e-01	5.46e-04	0.00e+00	0.00e+00	0.00e+00	0.00e+00	0.00e+00	2.36e-138
 3.76313e+12	1.94e-35	5.84e-26	2.08e-17	1.33e-09	3.82e-01	6.18e-01	4.81e-04	0.00e+00	0.00e+00	0.00e+00	0.00e+00	0.00e+00	0.00e+00
 3.93780e+12	0.00e+00	8.01e-26	2.64e-17	1.54e-09	4.05e-01	5.95e-01	4.24e-04	0.00e+00	0.00e+00	0.00e+00	0.00e+00	0.00e+00	3.13e-137
 4.11945e+12	4.30e-35	1.10e-25	3.33e-17	1.79e-09	4.28e-01	5.71e-01	3.73e-04	0.00e+00	0.00e+00	0.00e+00	0.00e+00	0.00e+00	0.00e+00
 4.31415e+12	0.00e+00	1.51e-25	4.23e-17	2.07e-09	4.53e-01	5.47e-01	3.26e-04	0.00e+00	0.00e+00	0.00e+00	0.00e+00	0.00e+00	4.10e-136
 4.51665e+12	9.65e-35	2.08e-25	5.35e-17	2.40e-09	4.77e-01	5.22e-01	2.84e-04	0.00e+00	0.00e+00	0.00e+00	0.00e+00	0.00e+00	0.00e+00
 4.72724e+12	1.44e-34	2.85e-25	6.76e-17	2.78e-09	5.02e-01	4.98e-01	2.47e-04	0.00e+00	0.00e+00	0.00e+00	0.00e+00	0.00e+00	1.39e-116
 4.94626e+12	2.14e-34	3.90e-25	8.52e-17	3.20e-09	5.27e-01	4.73e-01	2.14e-04	0.00e+00	0.00e+00	0.00e+00	0.00e+00	0.00e+00	2.46e-98
 5.17403e+12	3.17e-34	5.33e-25	1.07e-16	3.68e-09	5.51e-01	4.48e-01	1.85e-04	0.00e+00	0.00e+00	0.00e+00	0.00e+00	0.00e+00	4.66e-280
 5.39088e+12	4.54e-34	7.06e-25	1.32e-16	4.17e-09	5.74e-01	4.26e-01	1.61e-04	0.00e+00	0.00e+00	0.00e+00	0.00e+00	0.00e+00	3.68e-115
 5.58853e+12	6.19e-34	9.01e-25	1.57e-16	4.65e-09	5.93e-01	4.07e-01	1.43e-04	0.00e+00	0.00e+00	0.00e+00	0.00e+00	0.00e+00	3.13e-97
 5.81145e+12	8.70e-34	1.18e-24	1.92e-16	5.24e-09	6.14e-01	3.86e-01	1.25e-04	0.00e+00	0.00e+00	0.00e+00	0.00e+00	0.00e+00	0.00e+00
 6.05863e+12	1.25e-33	1.57e-24	2.36e-16	5.93e-09	6.36e-01	3.64e-01	1.08e-04	0.00e+00	0.00e+00	0.00e+00	0.00e+00	0.00e+00	6.81e-114
 6.29034e+12	1.72e-33	2.02e-24	2.84e-16	6.62e-09	6.55e-01	3.45e-01	9.48e-05	0.00e+00	0.00e+00	0.00e+00	0.00e+00	0.00e+00	3.68e-96
 6.54385e+12	2.41e-33	2.63e-24	3.45e-16	7.43e-09	6.74e-01	3.26e-01	8.23e-05	0.00e+00	0.00e+00	0.00e+00	0.00e+00	0.00e+00	0.00e+00
 6.82826e+12	3.47e-33	3.50e-24	4.25e-16	8.40e-09	6.95e-01	3.05e-01	7.04e-05	0.00e+00	0.00e+00	0.00e+00	0.00e+00	0.00e+00	1.35e-112
 7.09995e+12	4.83e-33	4.53e-24	5.14e-16	9.39e-09	7.13e-01	2.87e-01	6.09e-05	0.00e+00	0.00e+00	0.00e+00	0.00e+00	0.00e+00	4.49e-95
 7.38977e+12	6.77e-33	5.90e-24	6.23e-16	1.05e-08	7.31e-01	2.69e-01	5.25e-05	0.00e+00	0.00e+00	0.00e+00	0.00e+00	0.00e+00	9.64e-112
 7.71529e+12	9.73e-33	7.84e-24	7.66e-16	1.18e-08	7.50e-01	2.50e-01	4.45e-05	0.00e+00	0.00e+00	0.00e+00	0.00e+00	0.00e+00	2.47e-94
 8.03671e+12	1.37e-32	1.02e-23	9.31e-16	1.33e-08	7.67e-01	2.33e-01	3.80e-05	0.00e+00	0.00e+00	0.00e+00	0.00e+00	0.00e+00	7.76e-111
 8.32387e+12	1.83e-32	1.29e-23	1.10e-15	1.46e-08	7.81e-01	2.19e-01	3.31e-05	0.00e+00	0.00e+00	0.00e+00	0.00e+00	0.00e+00	1.16e-93
 8.62676e+12	2.46e-32	1.62e-23	1.30e-15	1.61e-08	7.94e-01	2.06e-01	2.88e-05	0.00e+00	0.00e+00	0.00e+00	0.00e+00	0.00e+00	4.49e-110
 8.96747e+12	3.39e-32	2.08e-23	1.56e-15	1.78e-08	8.08e-01	1.92e-01	2.46e-05	0.00e+00	0.00e+00	0.00e+00	0.00e+00	0.00e+00	5.27e-93
 9.29140e+12	4.53e-32	2.61e-23	1.84e-15	1.96e-08	8.20e-01	1.80e-01	2.14e-05	0.00e+00	0.00e+00	0.00e+00	0.00e+00	0.00e+00	2.81e-109
 9.64654e+12	6.16e-32	3.32e-23	2.19e-15	2.16e-08	8.32e-01	1.68e-01	1.84e-05	0.00e+00	0.00e+00	0.00e+00	0.00e+00	0.00e+00	2.29e-92
 1.00394e+13	8.51e-32	4.28e-23	2.63e-15	2.40e-08	8.45e-01	1.55e-01	1.56e-05	0.00e+00	0.00e+00	0.00e+00	0.00e+00	0.00e+00	1.89e-108
 1.04044e+13	1.14e-31	5.36e-23	3.10e-15	2.63e-08	8.55e-01	1.45e-01	1.35e-05	0.00e+00	0.00e+00	0.00e+00	0.00e+00	0.00e+00	1.04e-91
 1.08021e+13	1.53e-31	6.78e-23	3.68e-15	2.89e-08	8.65e-01	1.35e-01	1.15e-05	0.00e+00	0.00e+00	0.00e+00	0.00e+00	0.00e+00	1.14e-107
 1.12478e+13	2.12e-31	8.73e-23	4.43e-15	3.21e-08	8.76e-01	1.24e-01	9.73e-06	0.00e+00	0.00e+00	0.00e+00	0.00e+00	0.00e+00	4.89e-91
 1.16705e+13	2.84e-31	1.10e-22	5.23e-15	3.52e-08	8.84e-01	1.16e-01	8.34e-06	0.00e+00	0.00e+00	0.00e+00	0.00e+00	0.00e+00	7.53e-107
 1.21248e+13	3.84e-31	1.39e-22	6.21e-15	3.87e-08	8.93e-01	1.07e-01	7.10e-06	0.00e+00	0.00e+00	0.00e+00	0.00e+00	0.00e+00	2.15e-90
 1.26291e+13	5.30e-31	1.79e-22	7.45e-15	4.29e-08	9.01e-01	9.86e-02	5.98e-06	0.00e+00	0.00e+00	0.00e+00	0.00e+00	0.00e+00	5.14e-106
 1.31185e+13	7.13e-31	2.25e-22	8.82e-15	4.71e-08	9.09e-01	9.13e-02	5.09e-06	0.00e+00	0.00e+00	0.00e+00	0.00e+00	0.00e+00	1.01e-89
 1.36380e+13	9.65e-31	2.85e-22	1.05e-14	5.18e-08	9.16e-01	8.43e-02	4.32e-06	0.00e+00	0.00e+00	0.00e+00	0.00e+00	0.00e+00	3.32e-105
 1.42135e+13	1.33e-30	3.66e-22	1.25e-14	5.72e-08	9.23e-01	7.74e-02	3.62e-06	0.00e+00	0.00e+00	0.00e+00	0.00e+00	0.00e+00	4.83e-89
 1.47933e+13	1.81e-30	4.66e-22	1.49e-14	6.30e-08	9.29e-01	7.13e-02	3.05e-06	0.00e+00	0.00e+00	0.00e+00	0.00e+00	0.00e+00	2.38e-104
 1.53964e+13	2.46e-30	5.92e-22	1.78e-14	6.93e-08	9.34e-01	6.56e-02	2.57e-06	0.00e+00	0.00e+00	0.00e+00	0.00e+00	0.00e+00	2.30e-88
 1.60421e+13	3.38e-30	7.57e-22	2.12e-14	7.63e-08	9.40e-01	6.02e-02	2.16e-06	0.00e+00	0.00e+00	0.00e+00	0.00e+00	0.00e+00	1.69e-103
 1.67137e+13	4.62e-30	9.66e-22	2.53e-14	8.40e-08	9.45e-01	5.53e-02	1.81e-06	0.00e+00	0.00e+00	0.00e+00	0.00e+00	0.00e+00	1.14e-87
 1.74122e+13	6.31e-30	1.23e-21	3.01e-14	9.24e-08	9.49e-01	5.08e-02	1.52e-06	0.00e+00	0.00e+00	0.00e+00	0.00e+00	0.00e+00	1.23e-102
 1.81386e+13	8.61e-30	1.57e-21	3.58e-14	1.02e-07	9.53e-01	4.66e-02	1.28e-06	0.00e+00	0.00e+00	0.00e+00	0.00e+00	0.00e+00	5.63e-87
 1.88665e+13	1.16e-29	1.98e-21	4.23e-14	1.11e-07	9.57e-01	4.29e-02	1.08e-06	0.00e+00	0.00e+00	0.00e+00	0.00e+00	0.00e+00	8.56e-102
 1.95541e+13	1.52e-29	2.44e-21	4.92e-14	1.21e-07	9.60e-01	3.98e-02	9.32e-07	0.00e+00	0.00e+00	0.00e+00	0.00e+00	0.00e+00	2.45e-86
 2.02967e+13	2.02e-29	3.03e-21	5.75e-14	1.31e-07	9.63e-01	3.69e-02	0.00e+00	0.00e+00	0.00e+00	0.00e+00	0.00e+00	0.00e+00	5.04e-101
 2.11385e+13	2.74e-29	3.85e-21	6.82e-14	1.44e-07	9.66e-01	3.39e-02	0.00e+00	0.00e+00	0.00e+00	0.00e+00	0.00e+00	0.00e+00	1.14e-85
 2.19045e+13	3.59e-29	4.74e-21	7.91e-14	1.56e-07	9.69e-01	3.14e-02	0.00e+00	0.00e+00	0.00e+00	0.00e+00	0.00e+00	0.00e+00	3.21e-100
 2.25534e+13	4.48e-29	5.62e-21	8.92e-14	1.66e-07	9.70e-01	2.96e-02	0.00e+00	0.00e+00	0.00e+00	0.00e+00	0.00e+00	0.00e+00	4.10e-85
 2.32713e+13	5.68e-29	6.75e-21	1.02e-13	1.78e-07	9.72e-01	2.77e-02	0.00e+00	0.00e+00	0.00e+00	0.00e+00	0.00e+00	0.00e+00	1.41e-99
 2.41656e+13	7.55e-29	8.41e-21	1.19e-13	1.93e-07	9.74e-01	2.56e-02	0.00e+00	0.00e+00	0.00e+00	0.00e+00	0.00e+00	0.00e+00	1.62e-84
 2.51036e+13	1.01e-28	1.05e-20	1.39e-13	2.10e-07	9.76e-01	2.37e-02	0.00e+00	0.00e+00	0.00e+00	0.00e+00	0.00e+00	0.00e+00	8.99e-99
 2.59719e+13	1.30e-28	1.28e-20	1.59e-13	2.26e-07	9.78e-01	2.21e-02	0.00e+00	0.00e+00	0.00e+00	0.00e+00	0.00e+00	0.00e+00	6.86e-84
 2.69335e+13	1.72e-28	1.58e-20	1.85e-13	2.44e-07	9.79e-01	2.05e-02	0.00e+00	0.00e+00	0.00e+00	0.00e+00	0.00e+00	0.00e+00	5.07e-98
 2.79518e+13	2.28e-28	1.96e-20	2.15e-13	2.64e-07	9.81e-01	1.90e-02	0.00e+00	0.00e+00	0.00e+00	0.00e+00	0.00e+00	0.00e+00	3.02e-83
 2.88366e+13	2.89e-28	2.36e-20	2.44e-13	2.83e-07	9.82e-01	1.78e-02	0.00e+00	0.00e+00	0.00e+00	0.00e+00	0.00e+00	0.00e+00	2.73e-97
 2.97777e+13	3.69e-28	2.84e-20	2.78e-13	3.03e-07	9.83e-01	1.67e-02	0.00e+00	0.00e+00	0.00e+00	0.00e+00	0.00e+00	0.00e+00	1.09e-82
 3.09309e+13	4.93e-28	3.54e-20	3.25e-13	3.28e-07	9.85e-01	1.54e-02	0.00e+00	0.00e+00	0.00e+00	0.00e+00	0.00e+00	0.00e+00	1.55e-96
 3.20875e+13	6.52e-28	4.39e-20	3.77e-13	3.55e-07	9.86e-01	1.43e-02	0.00e+00	0.00e+00	0.00e+00	0.00e+00	0.00e+00	0.00e+00	5.01e-82
 3.31078e+13	8.28e-28	5.27e-20	4.27e-13	3.79e-07	9.87e-01	1.34e-02	0.00e+00	0.00e+00	0.00e+00	0.00e+00	0.00e+00	0.00e+00	8.37e-96
 3.42229e+13	1.07e-27	6.40e-20	4.88e-13	4.06e-07	9.87e-01	1.25e-02	0.00e+00	0.00e+00	0.00e+00	0.00e+00	0.00e+00	0.00e+00	1.89e-81
 3.55652e+13	1.43e-27	8.01e-20	5.70e-13	4.40e-07	9.88e-01	1.16e-02	0.00e+00	0.00e+00	0.00e+00	0.00e+00	0.00e+00	0.00e+00	4.99e-95
 3.69118e+13	1.91e-27	9.95e-20	6.62e-13	4.75e-07	9.89e-01	1.08e-02	0.00e+00	0.00e+00	0.00e+00	0.00e+00	0.00e+00	0.00e+00	9.02e-81
 3.81435e+13	2.46e-27	1.21e-19	7.55e-13	5.08e-07	9.90e-01	1.01e-02	0.00e+00	0.00e+00	0.00e+00	0.00e+00	0.00e+00	0.00e+00	2.88e-94
 3.95167e+13	3.22e-27	1.48e-19	8.71e-13	5.47e-07	9.91e-01	9.37e-03	0.00e+00	0.00e+00	0.00e+00	0.00e+00	0.00e+00	0.00e+00	3.73e-80
 4.11136e+13	4.37e-27	1.87e-19	1.02e-12	5.94e-07	9.91e-01	8.64e-03	0.00e+00	0.00e+00	0.00e+00	0.00e+00	0.00e+00	0.00e+00	1.88e-93
 4.26879e+13	5.85e-27	2.33e-19	1.19e-12	6.41e-07	9.92e-01	8.01e-03	0.00e+00	0.00e+00	0.00e+00	0.00e+00	0.00e+00	0.00e+00	1.87e-79
 4.41926e+13	7.65e-27	2.86e-19	1.36e-12	6.89e-07	9.93e-01	7.47e-03	0.00e+00	0.00e+00	0.00e+00	0.00e+00	0.00e+00	0.00e+00	1.16e-92
 4.58576e+13	1.02e-26	3.55e-19	1.58e-12	7.43e-07	9.93e-01	6.93e-03	0.00e+00	0.00e+00	0.00e+00	0.00e+00	0.00e+00	0.00e+00	8.44e-79
 4.77218e+13	1.39e-26	4.48e-19	1.85e-12	8.06e-07	9.94e-01	6.40e-03	0.00e+00	0.00e+00	0.00e+00	0.00e+00	0.00e+00	0.00e+00	8.07e-92
 4.96159e+13	1.88e-26	5.63e-19	2.16e-12	8.73e-07	9.94e-01	5.92e-03	0.00e+00	0.00e+00	0.00e+00	0.00e+00	0.00e+00	0.00e+00	4.45e-78
 5.15857e+13	2.54e-26	7.08e-19	2.53e-12	9.45e-07	9.95e-01	5.47e-03	0.00e+00	0.00e+00	0.00e+00	0.00e+00	0.00e+00	0.00e+00	5.79e-91
 5.36790e+13	3.46e-26	8.95e-19	2.96e-12	1.02e-06	9.95e-01	5.05e-03	0.00e+00	0.00e+00	0.00e+00	0.00e+00	0.00e+00	0.00e+00	2.35e-77
 5.57496e+13	4.64e-26	1.12e-18	3.45e-12	1.11e-06	9.95e-01	4.68e-03	0.00e+00	0.00e+00	0.00e+00	0.00e+00	0.00e+00	0.00e+00	5.25e-77
 5.79031e+13	6.24e-26	1.40e-18	4.01e-12	1.19e-06	9.96e-01	4.33e-03	0.00e+00	0.00e+00	0.00e+00	0.00e+00	0.00e+00	0.00e+00	1.17e-76
 6.02491e+13	8.50e-26	1.77e-18	4.70e-12	1.30e-06	9.96e-01	4.00e-03	0.00e+00	0.00e+00	0.00e+00	0.00e+00	0.00e+00	0.00e+00	2.72e-76
 6.26179e+13	1.15e-25	2.22e-18	5.48e-12	1.40e-06	9.96e-01	3.70e-03	0.00e+00	0.00e+00	0.00e+00	0.00e+00	0.00e+00	0.00e+00	6.18e-76
 6.50814e+13	1.55e-25	2.78e-18	6.39e-12	1.52e-06	9.97e-01	3.42e-03	0.00e+00	0.00e+00	0.00e+00	0.00e+00	0.00e+00	0.00e+00	1.40e-75
 6.74237e+13	2.04e-25	3.42e-18	7.37e-12	1.63e-06	9.97e-01	3.19e-03	0.00e+00	0.00e+00	0.00e+00	0.00e+00	0.00e+00	0.00e+00	2.97e-75
 6.94389e+13	2.57e-25	4.07e-18	8.28e-12	1.73e-06	9.97e-01	3.00e-03	0.00e+00	0.00e+00	0.00e+00	0.00e+00	0.00e+00	0.00e+00	5.56e-75
 7.16556e+13	3.28e-25	4.90e-18	9.39e-12	1.84e-06	9.97e-01	2.82e-03	0.00e+00	0.00e+00	0.00e+00	0.00e+00	0.00e+00	0.00e+00	1.08e-74
 7.43816e+13	4.38e-25	6.10e-18	1.09e-11	1.99e-06	9.97e-01	2.61e-03	0.00e+00	0.00e+00	0.00e+00	0.00e+00	0.00e+00	0.00e+00	2.39e-74
 7.72035e+13	5.86e-25	7.60e-18	1.27e-11	2.15e-06	9.98e-01	2.42e-03	0.00e+00	0.00e+00	0.00e+00	0.00e+00	0.00e+00	0.00e+00	5.26e-74
 7.98223e+13	7.60e-25	9.25e-18	1.45e-11	2.30e-06	9.98e-01	2.26e-03	0.00e+00	0.00e+00	0.00e+00	0.00e+00	0.00e+00	0.00e+00	1.07e-73
 8.27293e+13	1.00e-24	1.14e-17	1.67e-11	2.47e-06	9.98e-01	2.10e-03	0.00e+00	0.00e+00	0.00e+00	0.00e+00	0.00e+00	0.00e+00	2.28e-73
 8.60684e+13	1.36e-24	1.44e-17	1.96e-11	2.68e-06	9.98e-01	1.94e-03	0.00e+00	0.00e+00	0.00e+00	0.00e+00	0.00e+00	0.00e+00	5.25e-73
 8.93736e+13	1.83e-24	1.80e-17	2.27e-11	2.89e-06	9.98e-01	1.80e-03	0.00e+00	0.00e+00	0.00e+00	0.00e+00	0.00e+00	0.00e+00	1.17e-72
 9.28110e+13	2.45e-24	2.24e-17	2.65e-11	3.13e-06	9.98e-01	1.66e-03	0.00e+00	0.00e+00	0.00e+00	0.00e+00	0.00e+00	0.00e+00	2.59e-72
 9.65533e+13	3.33e-24	2.83e-17	3.10e-11	3.39e-06	9.98e-01	1.53e-03	0.00e+00	0.00e+00	0.00e+00	0.00e+00	0.00e+00	0.00e+00	5.97e-72
 1.00445e+14	4.52e-24	3.57e-17	3.63e-11	3.68e-06	9.99e-01	1.41e-03	0.00e+00	0.00e+00	0.00e+00	0.00e+00	0.00e+00	0.00e+00	1.37e-71
 1.04060e+14	5.95e-24	4.40e-17	4.19e-11	3.95e-06	9.99e-01	1.32e-03	0.00e+00	0.00e+00	0.00e+00	0.00e+00	0.00e+00	0.00e+00	2.90e-71
 1.07215e+14	7.50e-24	5.24e-17	4.72e-11	4.20e-06	9.99e-01	1.24e-03	0.00e+00	0.00e+00	0.00e+00	0.00e+00	1.68e-17	3.56e-17	5.45e-71
 1.10724e+14	9.63e-24	6.34e-17	5.37e-11	4.49e-06	9.99e-01	1.16e-03	0.00e+00	0.00e+00	0.00e+00	0.00e+00	2.10e-17	4.23e-17	1.07e-70
 1.14976e+14	1.29e-23	7.91e-17	6.25e-11	4.85e-06	9.99e-01	1.07e-03	0.00e+00	0.00e+00	0.00e+00	0.00e+00	2.63e-17	5.28e-17	2.40e-70
 1.19266e+14	1.71e-23	9.82e-17	7.25e-11	5.23e-06	9.99e-01	9.95e-04	0.00e+00	0.00e+00	0.00e+00	0.00e+00	3.26e-17	6.56e-17	5.16e-70
 1.23162e+14	2.20e-23	1.19e-16	8.25e-11	5.59e-06	9.99e-01	9.31e-04	0.00e+00	0.00e+00	0.00e+00	0.00e+00	3.94e-17	7.93e-17	1.02e-69
 1.27476e+14	2.88e-23	1.45e-16	9.47e-11	6.00e-06	9.99e-01	8.68e-04	0.00e+00	0.00e+00	0.00e+00	0.00e+00	4.82e-17	9.71e-17	2.11e-69
 1.32528e+14	3.89e-23	1.83e-16	1.11e-10	6.50e-06	9.99e-01	8.01e-04	0.00e+00	0.00e+00	0.00e+00	0.00e+00	6.06e-17	1.22e-16	4.79e-69
 1.37485e+14	5.17e-23	2.27e-16	1.28e-10	7.01e-06	9.99e-01	7.43e-04	0.00e+00	0.00e+00	0.00e+00	0.00e+00	7.53e-17	1.52e-16	1.05e-68
 1.42100e+14	6.69e-23	2.76e-16	1.47e-10	7.51e-06	9.99e-01	6.95e-04	0.00e+00	0.00e+00	0.00e+00	0.00e+00	9.16e-17	1.84e-16	2.11e-68
 1.47273e+14	8.85e-23	3.41e-16	1.69e-10	8.08e-06	9.99e-01	6.46e-04	0.00e+00	0.00e+00	0.00e+00	0.00e+00	1.13e-16	2.28e-16	4.51e-68
 1.53194e+14	1.20e-22	4.30e-16	1.99e-10	8.77e-06	9.99e-01	5.95e-04	0.00e+00	0.00e+00	0.00e+00	0.00e+00	1.43e-16	2.87e-16	1.04e-67
 1.59033e+14	1.61e-22	5.37e-16	2.31e-10	9.47e-06	9.99e-01	5.52e-04	0.00e+00	0.00e+00	0.00e+00	0.00e+00	1.78e-16	3.59e-16	2.31e-67
 1.65105e+14	2.16e-22	6.70e-16	2.68e-10	1.02e-05	9.99e-01	5.11e-04	0.00e+00	0.00e+00	0.00e+00	0.00e+00	2.22e-16	4.48e-16	5.15e-67
 1.71739e+14	2.94e-22	8.46e-16	3.15e-10	1.11e-05	1.00e+00	4.72e-04	0.00e+00	0.00e+00	0.00e+00	0.00e+00	2.81e-16	5.65e-16	1.20e-66
 1.78469e+14	3.98e-22	1.06e-15	3.67e-10	1.20e-05	1.00e+00	4.36e-04	0.00e+00	0.00e+00	0.00e+00	0.00e+00	3.53e-16	7.10e-16	2.73e-66
 1.85468e+14	5.38e-22	1.34e-15	4.29e-10	1.30e-05	1.00e+00	4.04e-04	0.00e+00	0.00e+00	0.00e+00	0.00e+00	4.43e-16	8.93e-16	6.23e-66
 1.92631e+14	7.25e-22	1.67e-15	4.99e-10	1.40e-05	1.00e+00	3.74e-04	0.00e+00	0.00e+00	0.00e+00	0.00e+00	5.55e-16	1.12e-15	1.41e-65
 1.99627e+14	9.61e-22	2.07e-15	5.76e-10	1.51e-05	1.00e+00	3.48e-04	0.00e+00	0.00e+00	0.00e+00	0.00e+00	6.87e-16	1.38e-15	3.04e-65
 2.06544e+14	1.26e-21	2.53e-15	6.61e-10	1.62e-05	1.00e+00	3.25e-04	0.00e+00	0.00e+00	0.00e+00	0.00e+00	8.41e-16	1.69e-15	6.34e-65
 2.14190e+14	1.67e-21	3.14e-15	7.64e-10	1.74e-05	1.00e+00	3.02e-04	0.00e+00	0.00e+00	0.00e+00	0.00e+00	1.04e-15	2.10e-15	1.39e-64
 2.22574e+14	2.27e-21	3.95e-15	8.92e-10	1.88e-05	1.00e+00	2.79e-04	0.00e+00	0.00e+00	0.00e+00	0.00e+00	1.31e-15	2.64e-15	3.19e-64
 2.30676e+14	3.00e-21	4.89e-15	1.03e-09	2.02e-05	1.00e+00	2.60e-04	0.00e+00	0.00e+00	0.00e+00	0.00e+00	1.62e-15	3.27e-15	6.91e-64
 2.37972e+14	3.84e-21	5.88e-15	1.16e-09	2.15e-05	1.00e+00	2.44e-04	0.00e+00	0.00e+00	0.00e+00	0.00e+00	1.95e-15	3.93e-15	1.36e-63
 2.45706e+14	4.95e-21	7.11e-15	1.32e-09	2.29e-05	1.00e+00	2.29e-04	0.00e+00	0.00e+00	0.00e+00	0.00e+00	2.36e-15	4.75e-15	2.72e-63
 2.55094e+14	6.66e-21	8.89e-15	1.54e-09	2.47e-05	1.00e+00	2.12e-04	0.00e+00	0.00e+00	0.00e+00	0.00e+00	2.95e-15	5.94e-15	6.13e-63
 2.64416e+14	8.85e-21	1.10e-14	1.78e-09	2.66e-05	1.00e+00	1.97e-04	0.00e+00	0.00e+00	0.00e+00	0.00e+00	3.65e-15	7.36e-15	1.34e-62
 2.72693e+14	1.13e-20	1.32e-14	2.01e-09	2.83e-05	1.00e+00	1.85e-04	0.00e+00	0.00e+00	0.00e+00	0.00e+00	4.38e-15	8.84e-15	2.62e-62
 2.81829e+14	1.47e-20	1.61e-14	2.29e-09	3.02e-05	1.00e+00	1.74e-04	0.00e+00	0.00e+00	0.00e+00	0.00e+00	5.33e-15	1.08e-14	5.35e-62
 2.92075e+14	1.94e-20	1.99e-14	2.64e-09	3.25e-05	1.00e+00	1.61e-04	0.00e+00	0.00e+00	0.00e+00	0.00e+00	6.60e-15	1.33e-14	1.16e-61
 3.01741e+14	2.52e-20	2.42e-14	3.01e-09	3.46e-05	1.00e+00	1.51e-04	0.00e+00	0.00e+00	0.00e+00	0.00e+00	8.01e-15	1.62e-14	2.36e-61
 3.12285e+14	3.30e-20	2.96e-14	3.45e-09	3.71e-05	1.00e+00	1.41e-04	0.00e+00	0.00e+00	0.00e+00	0.00e+00	9.82e-15	1.98e-14	4.97e-61
 3.23938e+14	4.41e-20	3.68e-14	3.99e-09	4.00e-05	1.00e+00	1.31e-04	0.00e+00	0.00e+00	0.00e+00	0.00e+00	1.22e-14	2.46e-14	1.10e-60
 3.34709e+14	5.70e-20	4.47e-14	4.55e-09	4.27e-05	1.00e+00	1.23e-04	0.00e+00	0.00e+00	0.00e+00	0.00e+00	1.48e-14	2.99e-14	2.23e-60
 3.46384e+14	7.47e-20	5.48e-14	5.22e-09	4.57e-05	1.00e+00	1.15e-04	0.00e+00	0.00e+00	0.00e+00	0.00e+00	1.82e-14	3.67e-14	4.69e-60
 3.59429e+14	9.97e-20	6.82e-14	6.05e-09	4.93e-05	1.00e+00	1.06e-04	0.00e+00	0.00e+00	0.00e+00	0.00e+00	2.26e-14	4.56e-14	1.03e-59
 3.71698e+14	1.30e-19	8.33e-14	6.92e-09	5.27e-05	1.00e+00	9.93e-05	0.00e+00	0.00e+00	0.00e+00	0.00e+00	2.76e-14	5.57e-14	2.15e-59
 3.85085e+14	1.72e-19	1.03e-13	7.97e-09	5.67e-05	1.00e+00	9.24e-05	0.00e+00	0.00e+00	0.00e+00	0.00e+00	3.40e-14	6.86e-14	4.58e-59
 3.99980e+14	2.31e-19	1.28e-13	9.28e-09	6.13e-05	1.00e+00	8.55e-05	0.00e+00	0.00e+00	0.00e+00	0.00e+00	4.25e-14	8.59e-14	1.03e-58
 4.13939e+14	3.02e-19	1.57e-13	1.07e-08	6.57e-05	1.00e+00	7.97e-05	0.00e+00	0.00e+00	0.00e+00	0.00e+00	5.21e-14	1.05e-13	2.15e-58
 4.28994e+14	3.99e-19	1.94e-13	1.23e-08	7.06e-05	1.00e+00	7.41e-05	0.00e+00	0.00e+00	0.00e+00	0.00e+00	6.43e-14	1.30e-13	4.62e-58
 4.45803e+14	5.38e-19	2.44e-13	1.43e-08	7.64e-05	1.00e+00	6.84e-05	0.00e+00	0.00e+00	0.00e+00	0.00e+00	8.07e-14	1.63e-13	1.05e-57
 4.61970e+14	7.10e-19	3.01e-13	1.66e-08	8.23e-05	1.00e+00	6.36e-05	0.00e+00	0.00e+00	0.00e+00	0.00e+00	9.95e-14	2.01e-13	2.24e-57
 4.79164e+14	9.42e-19	3.73e-13	1.92e-08	8.87e-05	1.00e+00	5.89e-05	0.00e+00	0.00e+00	0.00e+00	0.00e+00	1.23e-13	2.49e-13	4.85e-57
 4.98360e+14	1.27e-18	4.69e-13	2.25e-08	9.62e-05	1.00e+00	5.43e-05	0.00e+00	0.00e+00	0.00e+00	0.00e+00	1.55e-13	3.14e-13	1.11e-56
 5.17496e+14	1.71e-18	5.86e-13	2.61e-08	1.04e-04	1.00e+00	5.02e-05	0.00e+00	0.00e+00	0.00e+00	0.00e+00	1.94e-13	3.92e-13	2.46e-56
 5.37397e+14	2.27e-18	7.29e-13	3.04e-08	1.13e-04	1.00e+00	4.64e-05	0.00e+00	0.00e+00	0.00e+00	0.00e+00	2.41e-13	4.88e-13	5.37e-56
 5.58922e+14	3.08e-18	9.19e-13	3.57e-08	1.22e-04	1.00e+00	4.27e-05	0.00e+00	0.00e+00	0.00e+00	0.00e+00	3.03e-13	6.15e-13	1.23e-55
 5.80672e+14	4.11e-18	1.15e-12	4.16e-08	1.33e-04	1.00e+00	3.94e-05	0.00e+00	0.00e+00	0.00e+00	0.00e+00	3.79e-13	7.68e-13	2.71e-55
 6.03291e+14	5.48e-18	1.43e-12	4.86e-08	1.44e-04	1.00e+00	3.63e-05	0.00e+00	0.00e+00	0.00e+00	0.00e+00	4.73e-13	9.59e-13	5.97e-55
 6.25601e+14	7.20e-18	1.77e-12	5.63e-08	1.55e-04	1.00e+00	3.36e-05	0.00e+00	0.00e+00	0.00e+00	0.00e+00	5.83e-13	1.18e-12	1.26e-54
 6.44282e+14	8.98e-18	2.09e-12	6.34e-08	1.65e-04	1.00e+00	3.16e-05	0.00e+00	0.00e+00	0.00e+00	0.00e+00	6.91e-13	1.40e-12	2.31e-54
 6.63174e+14	1.11e-17	2.47e-12	7.13e-08	1.76e-04	1.00e+00	2.97e-05	0.00e+00	0.00e+00	0.00e+00	0.00e+00	8.16e-13	1.66e-12	4.16e-54
 6.87344e+14	1.45e-17	3.04e-12	8.25e-08	1.90e-04	1.00e+00	2.75e-05	0.00e+00	0.00e+00	0.00e+00	0.00e+00	1.00e-12	2.04e-12	8.60e-54
 7.12174e+14	1.89e-17	3.72e-12	9.53e-08	2.05e-04	1.00e+00	2.55e-05	0.00e+00	0.00e+00	0.00e+00	0.00e+00	1.23e-12	2.50e-12	1.76e-53
 7.33327e+14	2.34e-17	4.40e-12	1.07e-07	2.19e-04	1.00e+00	2.40e-05	0.00e+00	0.00e+00	0.00e+00	0.00e+00	1.45e-12	2.95e-12	3.19e-53
 7.55901e+14	2.92e-17	5.23e-12	1.21e-07	2.34e-04	1.00e+00	2.24e-05	0.00e+00	0.00e+00	0.00e+00	0.00e+00	1.72e-12	3.50e-12	5.83e-53
 7.84049e+14	3.81e-17	6.43e-12	1.41e-07	2.54e-04	1.00e+00	2.07e-05	0.00e+00	0.00e+00	0.00e+00	0.00e+00	2.12e-12	4.31e-12	1.21e-52
 8.12908e+14	4.94e-17	7.89e-12	1.63e-07	2.75e-04	1.00e+00	1.92e-05	0.00e+00	4.10e-18	1.23e-17	2.06e-17	2.60e-12	5.29e-12	2.50e-52
 8.38367e+14	6.17e-17	9.39e-12	1.85e-07	2.94e-04	1.00e+00	1.80e-05	0.00e+00	5.13e-18	1.54e-17	2.57e-17	3.09e-12	6.30e-12	4.64e-52
 8.65940e+14	7.74e-17	1.12e-11	2.11e-07	3.16e-04	1.00e+00	1.67e-05	0.00e+00	6.44e-18	1.93e-17	3.23e-17	3.70e-12	7.54e-12	8.70e-52
 8.99170e+14	1.01e-16	1.39e-11	2.46e-07	3.44e-04	1.00e+00	1.54e-05	0.00e+00	8.42e-18	2.53e-17	4.22e-17	4.57e-12	9.31e-12	1.84e-51
 9.32045e+14	1.30e-16	1.70e-11	2.85e-07	3.73e-04	1.00e+00	1.43e-05	0.00e+00	1.09e-17	3.26e-17	5.45e-17	5.58e-12	1.14e-11	3.75e-51
 9.61220e+14	1.62e-16	2.01e-11	3.23e-07	3.99e-04	1.00e+00	1.34e-05	0.00e+00	1.35e-17	4.06e-17	6.78e-17	6.63e-12	1.35e-11	6.94e-51
 9.93295e+14	2.03e-16	2.41e-11	3.69e-07	4.30e-04	1.00e+00	1.24e-05	0.00e+00	1.70e-17	5.10e-17	8.52e-17	7.94e-12	1.62e-11	1.32e-50
 1.03167e+15	2.65e-16	2.98e-11	4.31e-07	4.68e-04	1.00e+00	1.15e-05	0.00e+00	2.21e-17	6.64e-17	1.11e-16	9.79e-12	2.00e-11	2.80e-50
 1.06972e+15	3.40e-16	3.63e-11	4.99e-07	5.08e-04	9.99e-01	1.06e-05	0.00e+00	2.84e-17	8.54e-17	1.43e-16	1.19e-11	2.44e-11	5.74e-50
 1.10416e+15	4.22e-16	4.32e-11	5.68e-07	5.47e-04	9.99e-01	9.92e-06	0.00e+00	3.53e-17	1.06e-16	1.77e-16	1.42e-11	2.90e-11	1.07e-49
 1.14242e+15	5.33e-16	5.21e-11	6.52e-07	5.90e-04	9.99e-01	9.23e-06	0.00e+00	4.47e-17	1.34e-16	2.24e-16	1.71e-11	3.50e-11	2.11e-49
 1.18734e+15	6.92e-16	6.43e-11	7.62e-07	6.45e-04	9.99e-01	8.50e-06	0.00e+00	5.81e-17	1.74e-16	2.91e-16	2.11e-11	4.32e-11	4.55e-49
 1.23155e+15	8.86e-16	7.85e-11	8.84e-07	7.01e-04	9.99e-01	7.87e-06	0.00e+00	7.45e-17	2.24e-16	3.74e-16	2.58e-11	5.27e-11	9.44e-49
 1.27264e+15	1.11e-15	9.38e-11	1.01e-06	7.55e-04	9.99e-01	7.35e-06	0.00e+00	9.30e-17	2.79e-16	4.66e-16	3.08e-11	6.30e-11	1.82e-48
 1.31869e+15	1.40e-15	1.14e-10	1.16e-06	8.18e-04	9.99e-01	6.83e-06	0.00e+00	1.18e-16	3.55e-16	5.93e-16	3.74e-11	7.63e-11	3.72e-48
 1.37146e+15	1.82e-15	1.41e-10	1.36e-06	8.95e-04	9.99e-01	6.30e-06	0.00e+00	1.54e-16	4.62e-16	7.72e-16	4.62e-11	9.44e-11	8.21e-48
 1.42346e+15	2.34e-15	1.72e-10	1.58e-06	9.74e-04	9.99e-01	5.84e-06	0.00e+00	1.97e-16	5.92e-16	9.89e-16	5.65e-11	1.15e-10	1.75e-47
 1.47754e+15	2.99e-15	2.10e-10	1.84e-06	1.06e-03	9.99e-01	5.42e-06	0.00e+00	2.53e-16	7.60e-16	1.27e-15	6.91e-11	1.41e-10	3.73e-47
 1.53667e+15	3.88e-15	2.60e-10	2.15e-06	1.16e-03	9.99e-01	5.02e-06	0.00e+00	3.29e-16	9.87e-16	1.65e-15	8.54e-11	1.74e-10	8.32e-47
 1.59680e+15	5.00e-15	3.20e-10	2.51e-06	1.26e-03	9.99e-01	4.66e-06	0.00e+00	4.25e-16	1.27e-15	2.13e-15	1.05e-10	2.15e-10	1.83e-46
 1.65933e+15	6.31e-15	3.94e-10	2.93e-06	1.38e-03	9.99e-01	4.33e-06	0.00e+00	5.37e-16	1.61e-15	2.69e-15	1.29e-10	2.64e-10	4.01e-46
 1.71486e+15	7.81e-15	4.70e-10	3.34e-06	1.49e-03	9.99e-01	4.07e-06	0.00e+00	6.64e-16	1.99e-15	3.33e-15	1.54e-10	3.15e-10	7.98e-46
 1.75745e+15	9.17e-15	5.37e-10	3.68e-06	1.57e-03	9.98e-01	3.89e-06	0.00e+00	7.80e-16	2.34e-15	3.91e-15	1.76e-10	3.60e-10	1.34e-45
 1.80254e+15	1.08e-14	6.15e-10	4.07e-06	1.66e-03	9.98e-01	3.72e-06	0.00e+00	9.22e-16	2.77e-15	4.62e-15	2.02e-10	4.13e-10	2.30e-45
 1.86115e+15	1.33e-14	7.31e-10	4.62e-06	1.79e-03	9.98e-01	3.51e-06	0.00e+00	1.14e-15	3.41e-15	5.69e-15	2.41e-10	4.91e-10	4.53e-45
 1.92476e+15	1.66e-14	8.78e-10	5.29e-06	1.93e-03	9.98e-01	3.31e-06	0.00e+00	1.41e-15	4.25e-15	7.09e-15	2.89e-10	5.89e-10	9.31e-45
 1.98243e+15	2.01e-14	1.03e-09	5.94e-06	2.06e-03	9.98e-01	3.15e-06	0.00e+00	1.72e-15	5.15e-15	8.60e-15	3.39e-10	6.92e-10	1.75e-44
 2.04496e+15	2.45e-14	1.22e-09	6.73e-06	2.21e-03	9.98e-01	3.00e-06	0.00e+00	2.10e-15	6.29e-15	1.05e-14	4.01e-10	8.18e-10	3.42e-44
 2.12192e+15	3.11e-14	1.49e-09	7.79e-06	2.40e-03	9.98e-01	2.83e-06	0.00e+00	2.67e-15	8.01e-15	1.34e-14	4.91e-10	1.00e-09	7.60e-44
 2.19919e+15	3.91e-14	1.81e-09	8.98e-06	2.61e-03	9.97e-01	2.68e-06	0.00e+00	3.36e-15	1.01e-14	1.68e-14	5.96e-10	1.22e-09	1.64e-43
 2.26733e+15	4.76e-14	2.14e-09	1.01e-05	2.79e-03	9.97e-01	2.57e-06	0.00e+00	4.09e-15	1.23e-14	2.05e-14	7.05e-10	1.44e-09	3.23e-43
 2.34204e+15	5.88e-14	2.56e-09	1.15e-05	3.00e-03	9.97e-01	2.45e-06	0.00e+00	5.06e-15	1.52e-14	2.53e-14	8.42e-10	1.72e-09	6.54e-43
 2.43197e+15	7.48e-14	3.14e-09	1.34e-05	3.26e-03	9.97e-01	2.33e-06	0.00e+00	6.44e-15	1.93e-14	3.23e-14	1.04e-09	2.11e-09	1.48e-42
 2.52176e+15	9.43e-14	3.84e-09	1.55e-05	3.54e-03	9.96e-01	2.23e-06	0.00e+00	8.13e-15	2.44e-14	4.07e-14	1.26e-09	2.57e-09	3.27e-42
 2.60288e+15	1.15e-13	4.57e-09	1.75e-05	3.80e-03	9.96e-01	2.16e-06	0.00e+00	9.96e-15	2.99e-14	4.99e-14	1.51e-09	3.07e-09	6.50e-42
 2.69265e+15	1.44e-13	5.51e-09	2.00e-05	4.09e-03	9.96e-01	2.07e-06	0.00e+00	1.24e-14	3.73e-14	6.23e-14	1.82e-09	3.70e-09	1.36e-41
 2.79828e+15	1.84e-13	6.83e-09	2.34e-05	4.46e-03	9.96e-01	2.00e-06	0.00e+00	1.59e-14	4.77e-14	7.96e-14	2.25e-09	4.58e-09	3.15e-41
 2.90199e+15	2.32e-13	8.35e-09	2.70e-05	4.83e-03	9.95e-01	1.93e-06	0.00e+00	2.01e-14	6.02e-14	1.01e-13	2.75e-09	5.59e-09	6.80e-41
 2.99829e+15	2.84e-13	1.00e-08	3.07e-05	5.19e-03	9.95e-01	1.88e-06	0.00e+00	2.47e-14	7.40e-14	1.23e-13	3.31e-09	6.72e-09	1.38e-40
 3.10669e+15	3.57e-13	1.22e-08	3.53e-05	5.62e-03	9.94e-01	1.82e-06	0.00e+00	3.10e-14	9.30e-14	1.55e-13	4.03e-09	8.18e-09	2.98e-40
 3.23099e+15	4.57e-13	1.52e-08	4.13e-05	6.13e-03	9.94e-01	1.77e-06	0.00e+00	3.97e-14	1.19e-13	1.99e-13	5.01e-09	1.02e-08	6.96e-40
 3.35320e+15	5.79e-13	1.87e-08	4.79e-05	6.65e-03	9.93e-01	1.73e-06	0.00e+00	5.03e-14	1.51e-13	2.52e-13	6.18e-09	1.26e-08	1.55e-39
 3.48029e+15	7.30e-13	2.31e-08	5.56e-05	7.22e-03	9.93e-01	1.70e-06	0.00e+00	6.36e-14	1.91e-13	3.19e-13	7.63e-09	1.55e-08	3.46e-39
 3.61953e+15	9.34e-13	2.88e-08	6.49e-05	7.87e-03	9.92e-01	1.66e-06	0.00e+00	8.14e-14	2.44e-13	4.08e-13	9.51e-09	1.93e-08	8.01e-39
 3.76070e+15	1.19e-12	3.58e-08	7.56e-05	8.56e-03	9.91e-01	1.64e-06	0.00e+00	1.04e-13	3.11e-13	5.19e-13	1.18e-08	2.40e-08	1.81e-38
 3.87940e+15	1.43e-12	4.26e-08	8.56e-05	9.17e-03	9.91e-01	1.63e-06	0.00e+00	1.25e-13	3.75e-13	6.26e-13	1.41e-08	2.85e-08	3.49e-38
 3.97063e+15	1.65e-12	4.86e-08	9.39e-05	9.65e-03	9.90e-01	1.62e-06	0.00e+00	1.44e-13	4.33e-13	7.23e-13	1.61e-08	3.25e-08	5.64e-38
 4.06891e+15	1.93e-12	5.59e-08	1.04e-04	1.02e-02	9.90e-01	1.61e-06	0.00e+00	1.69e-13	5.07e-13	8.46e-13	1.85e-08	3.74e-08	9.42e-38
 4.19667e+15	2.35e-12	6.65e-08	1.17e-04	1.09e-02	9.89e-01	1.59e-06	0.00e+00	2.06e-13	6.19e-13	1.03e-12	2.20e-08	4.45e-08	1.80e-37
 4.33626e+15	2.89e-12	8.01e-08	1.34e-04	1.17e-02	9.88e-01	1.58e-06	0.00e+00	2.53e-13	7.60e-13	1.27e-12	2.65e-08	5.36e-08	3.57e-37
 4.46329e+15	3.46e-12	9.44e-08	1.50e-04	1.25e-02	9.87e-01	1.58e-06	0.00e+00	3.04e-13	9.11e-13	1.52e-12	3.12e-08	6.32e-08	6.50e-37
 4.60048e+15	4.19e-12	1.12e-07	1.69e-04	1.33e-02	9.87e-01	1.57e-06	0.00e+00	3.68e-13	1.10e-12	1.84e-12	3.71e-08	7.51e-08	1.22e-36
 4.77160e+15	5.27e-12	1.38e-07	1.96e-04	1.44e-02	9.85e-01	1.57e-06	0.00e+00	4.63e-13	1.39e-12	2.32e-12	4.58e-08	9.26e-08	2.59e-36
 4.94237e+15	6.54e-12	1.69e-07	2.26e-04	1.56e-02	9.84e-01	1.56e-06	0.00e+00	5.75e-13	1.72e-12	2.88e-12	5.58e-08	1.13e-07	5.26e-36
 5.08829e+15	7.84e-12	1.99e-07	2.54e-04	1.66e-02	9.83e-01	1.57e-06	0.00e+00	6.90e-13	2.07e-12	3.45e-12	6.60e-08	1.33e-07	9.53e-36
 5.24635e+15	9.56e-12	2.38e-07	2.87e-04	1.78e-02	9.82e-01	1.56e-06	0.00e+00	8.42e-13	2.53e-12	4.21e-12	7.87e-08	1.59e-07	1.78e-35
 5.44241e+15	1.21e-11	2.94e-07	3.33e-04	1.93e-02	9.80e-01	1.56e-06	0.00e+00	1.07e-12	3.20e-12	5.34e-12	9.74e-08	1.97e-07	3.78e-35
 5.64001e+15	1.51e-11	3.61e-07	3.84e-04	2.09e-02	9.79e-01	1.56e-06	0.00e+00	1.33e-12	4.00e-12	6.67e-12	1.19e-07	2.41e-07	7.68e-35
 5.81397e+15	1.83e-11	4.30e-07	4.35e-04	2.24e-02	9.77e-01	1.57e-06	0.00e+00	1.62e-12	4.86e-12	8.11e-12	1.42e-07	2.88e-07	1.41e-34
 6.00509e+15	2.26e-11	5.19e-07	4.96e-04	2.40e-02	9.75e-01	1.56e-06	0.00e+00	2.00e-12	6.00e-12	1.00e-11	1.72e-07	3.47e-07	2.69e-34
 6.23538e+15	2.89e-11	6.47e-07	5.78e-04	2.62e-02	9.73e-01	1.57e-06	0.00e+00	2.55e-12	7.66e-12	1.28e-11	2.14e-07	4.32e-07	5.74e-34
 6.46176e+15	3.60e-11	7.93e-07	6.68e-04	2.83e-02	9.71e-01	1.56e-06	0.00e+00	3.19e-12	9.57e-12	1.60e-11	2.63e-07	5.30e-07	1.15e-33
 6.66432e+15	4.41e-11	9.50e-07	7.58e-04	3.04e-02	9.69e-01	1.57e-06	0.00e+00	3.91e-12	1.17e-11	1.96e-11	3.15e-07	6.35e-07	2.10e-33
 6.89077e+15	5.50e-11	1.16e-06	8.70e-04	3.28e-02	9.66e-01	1.57e-06	0.00e+00	4.88e-12	1.46e-11	2.44e-11	3.83e-07	7.73e-07	4.08e-33
 7.15916e+15	7.08e-11	1.45e-06	1.02e-03	3.58e-02	9.63e-01	1.58e-06	0.00e+00	6.29e-12	1.89e-11	3.15e-11	4.80e-07	9.68e-07	8.38e-33
 7.42210e+15	8.88e-11	1.78e-06	1.18e-03	3.89e-02	9.60e-01	1.57e-06	0.00e+00	7.89e-12	2.37e-11	3.95e-11	5.91e-07	1.19e-06	1.67e-32
 7.64984e+15	1.09e-10	2.13e-06	1.34e-03	4.17e-02	9.57e-01	1.58e-06	0.00e+00	9.68e-12	2.90e-11	4.84e-11	7.06e-07	1.42e-06	2.95e-32
 7.89179e+15	1.35e-10	2.57e-06	1.53e-03	4.48e-02	9.54e-01	1.58e-06	0.00e+00	1.20e-11	3.60e-11	6.00e-11	8.51e-07	1.71e-06	5.41e-32
 8.13854e+15	1.63e-10	3.07e-06	1.74e-03	4.82e-02	9.50e-01	1.57e-06	0.00e+00	1.46e-11	4.37e-11	7.28e-11	1.02e-06	2.05e-06	9.55e-32
 8.34394e+15	1.94e-10	3.55e-06	1.93e-03	5.11e-02	9.47e-01	1.58e-06	0.00e+00	1.73e-11	5.19e-11	8.66e-11	1.18e-06	2.37e-06	1.52e-31
 8.56333e+15	2.31e-10	4.16e-06	2.16e-03	5.43e-02	9.43e-01	1.57e-06	0.00e+00	2.06e-11	6.19e-11	1.03e-10	1.38e-06	2.78e-06	2.50e-31
 8.84854e+15	2.92e-10	5.07e-06	2.49e-03	5.88e-02	9.39e-01	1.57e-06	0.00e+00	2.61e-11	7.83e-11	1.31e-10	1.68e-06	3.39e-06	4.69e-31
 9.13610e+15	3.61e-10	6.13e-06	2.86e-03	6.36e-02	9.34e-01	1.57e-06	0.00e+00	3.23e-11	9.70e-11	1.62e-10	2.03e-06	4.09e-06	8.36e-31
 9.37228e+15	4.28e-10	7.13e-06	3.19e-03	6.76e-02	9.29e-01	1.56e-06	0.00e+00	3.84e-11	1.15e-10	1.92e-10	2.37e-06	4.77e-06	1.33e-30
 9.62484e+15	5.19e-10	8.41e-06	3.59e-03	7.22e-02	9.24e-01	1.56e-06	0.00e+00	4.65e-11	1.40e-10	2.33e-10	2.79e-06	5.62e-06	2.21e-30
 9.95317e+15	6.61e-10	1.04e-05	4.18e-03	7.86e-02	9.17e-01	1.54e-06	0.00e+00	5.94e-11	1.78e-10	2.97e-10	3.45e-06	6.93e-06	4.19e-30
 1.02881e+16	8.43e-10	1.27e-05	4.85e-03	8.54e-02	9.10e-01	1.54e-06	0.00e+00	7.58e-11	2.27e-10	3.79e-10	4.22e-06	8.48e-06	7.53e-30
 1.05549e+16	1.01e-09	1.48e-05	5.45e-03	9.11e-02	9.03e-01	1.54e-06	0.00e+00	9.11e-11	2.73e-10	4.56e-10	4.93e-06	9.91e-06	1.19e-29
 1.08249e+16	1.23e-09	1.75e-05	6.14e-03	9.73e-02	8.97e-01	1.54e-06	0.00e+00	1.11e-10	3.32e-10	5.54e-10	5.81e-06	1.17e-05	1.92e-29
 1.11758e+16	1.58e-09	2.16e-05	7.17e-03	1.06e-01	8.87e-01	1.53e-06	0.00e+00	1.42e-10	4.27e-10	7.12e-10	7.17e-06	1.44e-05	3.58e-29
 1.15279e+16	1.97e-09	2.62e-05	8.31e-03	1.15e-01	8.77e-01	1.51e-06	0.00e+00	1.78e-10	5.34e-10	8.91e-10	8.72e-06	1.75e-05	6.13e-29
 1.18074e+16	2.40e-09	3.06e-05	9.34e-03	1.22e-01	8.68e-01	1.51e-06	0.00e+00	2.17e-10	6.50e-10	1.08e-09	1.02e-05	2.05e-05	9.49e-29
 1.20969e+16	2.94e-09	3.63e-05	1.06e-02	1.31e-01	8.58e-01	1.50e-06	0.00e+00	2.66e-10	7.99e-10	1.33e-09	1.21e-05	2.42e-05	1.53e-28
 1.24098e+16	3.58e-09	4.30e-05	1.21e-02	1.41e-01	8.47e-01	1.49e-06	0.00e+00	3.24e-10	9.73e-10	1.62e-09	1.43e-05	2.87e-05	2.44e-28
 1.26887e+16	4.35e-09	5.02e-05	1.36e-02	1.50e-01	8.37e-01	1.49e-06	0.00e+00	3.95e-10	1.19e-09	1.98e-09	1.67e-05	3.35e-05	3.70e-28
 1.29459e+16	5.14e-09	5.79e-05	1.51e-02	1.59e-01	8.26e-01	1.48e-06	0.00e+00	4.67e-10	1.40e-09	2.33e-09	1.93e-05	3.86e-05	5.46e-28
 1.32391e+16	6.37e-09	6.86e-05	1.72e-02	1.70e-01	8.13e-01	1.47e-06	0.00e+00	5.79e-10	1.74e-09	2.90e-09	2.28e-05	4.58e-05	8.75e-28
 1.35528e+16	7.80e-09	8.14e-05	1.97e-02	1.82e-01	7.99e-01	1.46e-06	0.00e+00	7.10e-10	2.13e-09	3.55e-09	2.71e-05	5.43e-05	1.37e-27
 1.38286e+16	9.41e-09	9.48e-05	2.21e-02	1.93e-01	7.85e-01	1.46e-06	0.00e+00	8.58e-10	2.57e-09	4.29e-09	3.16e-05	6.32e-05	2.05e-27
 1.40820e+16	1.14e-08	1.10e-04	2.48e-02	2.04e-01	7.71e-01	1.46e-06	0.00e+00	1.04e-09	3.12e-09	5.20e-09	3.65e-05	7.32e-05	3.03e-27
 1.43708e+16	1.40e-08	1.30e-04	2.82e-02	2.18e-01	7.53e-01	1.45e-06	0.00e+00	1.27e-09	3.82e-09	6.37e-09	4.32e-05	8.66e-05	4.78e-27
 1.46791e+16	1.76e-08	1.55e-04	3.24e-02	2.34e-01	7.34e-01	1.46e-06	0.00e+00	1.61e-09	4.82e-09	8.03e-09	5.17e-05	1.04e-04	7.71e-27
 1.49439e+16	2.13e-08	1.81e-04	3.66e-02	2.48e-01	7.16e-01	1.46e-06	0.00e+00	1.95e-09	5.86e-09	9.76e-09	6.03e-05	1.21e-04	1.14e-26
 1.51801e+16	2.55e-08	2.09e-04	4.09e-02	2.61e-01	6.98e-01	1.47e-06	0.00e+00	2.34e-09	7.01e-09	1.17e-08	6.95e-05	1.39e-04	1.66e-26
 1.54111e+16	3.02e-08	2.39e-04	4.56e-02	2.75e-01	6.79e-01	1.47e-06	0.00e+00	2.77e-09	8.31e-09	1.38e-08	7.98e-05	1.60e-04	2.39e-26
 1.56745e+16	3.77e-08	2.85e-04	5.21e-02	2.93e-01	6.55e-01	1.48e-06	0.00e+00	3.46e-09	1.04e-08	1.73e-08	9.49e-05	1.90e-04	3.88e-26
 1.59509e+16	4.73e-08	3.39e-04	5.97e-02	3.11e-01	6.29e-01	1.49e-06	0.00e+00	4.34e-09	1.30e-08	2.17e-08	1.13e-04	2.26e-04	6.09e-26
 1.61833e+16	5.67e-08	3.92e-04	6.71e-02	3.27e-01	6.05e-01	1.50e-06	2.34e-12	5.20e-09	1.56e-08	2.60e-08	1.31e-04	2.61e-04	8.88e-26
 1.63896e+16	6.77e-08	4.50e-04	7.47e-02	3.43e-01	5.82e-01	1.52e-06	0.00e+00	6.22e-09	1.87e-08	3.11e-08	1.50e-04	3.00e-04	1.30e-25
 1.66228e+16	8.45e-08	5.33e-04	8.49e-02	3.62e-01	5.52e-01	1.55e-06	2.74e-12	7.78e-09	2.33e-08	3.89e-08	1.78e-04	3.56e-04	2.11e-25
 1.68637e+16	1.04e-07	6.27e-04	9.66e-02	3.82e-01	5.21e-01	1.57e-06	0.00e+00	9.59e-09	2.88e-08	4.79e-08	2.09e-04	4.18e-04	3.25e-25
 1.70610e+16	1.25e-07	7.22e-04	1.08e-01	3.99e-01	4.92e-01	1.60e-06	3.30e-12	1.15e-08	3.46e-08	5.76e-08	2.41e-04	4.81e-04	4.85e-25
 1.72309e+16	1.50e-07	8.23e-04	1.19e-01	4.15e-01	4.65e-01	1.67e-06	0.00e+00	1.38e-08	4.15e-08	6.92e-08	2.74e-04	5.49e-04	7.15e-25
 1.74189e+16	1.80e-07	9.33e-04	1.33e-01	4.33e-01	4.34e-01	1.66e-06	4.08e-12	1.66e-08	4.99e-08	8.31e-08	3.11e-04	6.22e-04	1.01e-24
 1.76198e+16	2.22e-07	1.09e-03	1.49e-01	4.52e-01	3.98e-01	1.69e-06	0.00e+00	2.05e-08	6.15e-08	1.03e-07	3.63e-04	7.26e-04	1.59e-24
 1.77863e+16	2.69e-07	1.27e-03	1.65e-01	4.68e-01	3.66e-01	1.80e-06	5.78e-12	2.48e-08	7.45e-08	1.24e-07	4.23e-04	8.47e-04	2.64e-24
 1.79162e+16	3.09e-07	1.41e-03	1.79e-01	4.80e-01	3.40e-01	1.83e-06	0.00e+00	2.85e-08	8.56e-08	1.43e-07	4.69e-04	9.37e-04	3.59e-24
 1.80498e+16	3.59e-07	1.55e-03	1.94e-01	4.94e-01	3.11e-01	1.84e-06	7.09e-12	3.33e-08	9.98e-08	1.66e-07	5.18e-04	1.03e-03	4.88e-24
 1.81982e+16	4.28e-07	1.75e-03	2.12e-01	5.08e-01	2.79e-01	1.86e-06	0.00e+00	3.96e-08	1.19e-07	1.98e-07	5.85e-04	1.17e-03	7.29e-24
 1.83291e+16	5.03e-07	1.96e-03	2.29e-01	5.19e-01	2.49e-01	1.90e-06	9.52e-12	4.67e-08	1.40e-07	2.33e-07	6.55e-04	1.31e-03	1.08e-23
 1.84222e+16	5.72e-07	2.16e-03	2.43e-01	5.27e-01	2.27e-01	1.98e-06	0.00e+00	5.31e-08	1.59e-07	2.65e-07	7.19e-04	1.44e-03	1.52e-23
 1.84818e+16	6.18e-07	2.27e-03	2.52e-01	5.32e-01	2.13e-01	2.02e-06	1.27e-11	5.74e-08	1.72e-07	2.87e-07	7.58e-04	1.51e-03	1.84e-23
 1.85387e+16	6.68e-07	2.39e-03	2.61e-01	5.37e-01	2.00e-01	2.02e-06	0.00e+00	6.21e-08	1.86e-07	3.10e-07	7.96e-04	1.59e-03	2.20e-23
 1.86125e+16	7.38e-07	2.55e-03	2.72e-01	5.43e-01	1.82e-01	2.01e-06	0.00e+00	6.87e-08	2.06e-07	3.43e-07	8.51e-04	1.70e-03	2.82e-23
