#depth	He	He+	He+2
 1.49634e+10	7.54e-23	7.44e-12	1.00e+00
 4.54887e+10	8.43e-23	8.05e-12	1.00e+00
 7.72350e+10	9.39e-23	8.71e-12	1.00e+00
 1.10251e+11	1.05e-22	9.43e-12	1.00e+00
 1.44588e+11	1.17e-22	1.02e-11	1.00e+00
 1.80298e+11	1.30e-22	1.11e-11	1.00e+00
 2.17437e+11	1.46e-22	1.20e-11	1.00e+00
 2.56061e+11	1.63e-22	1.30e-11	1.00e+00
 2.96231e+11	1.83e-22	1.40e-11	1.00e+00
 3.38007e+11	2.05e-22	1.52e-11	1.00e+00
 3.79407e+11	2.29e-22	1.64e-11	1.00e+00
 4.22464e+11	2.56e-22	1.77e-11	1.00e+00
 4.69290e+11	2.89e-22	1.92e-11	1.00e+00
 5.16712e+11	3.25e-22	2.08e-11	1.00e+00
 5.66031e+11	3.65e-22	2.25e-11	1.00e+00
 6.18599e+11	4.13e-22	2.43e-11	1.00e+00
 6.73269e+11	4.68e-22	2.64e-11	1.00e+00
 7.30127e+11	5.31e-22	2.86e-11	1.00e+00
 7.89259e+11	6.03e-22	3.11e-11	1.00e+00
 8.50756e+11	6.86e-22	3.37e-11	1.00e+00
 9.14713e+11	7.81e-22	3.66e-11	1.00e+00
 9.81228e+11	8.90e-22	3.97e-11	1.00e+00
 1.05040e+12	1.02e-21	4.31e-11	1.00e+00
 1.12235e+12	1.16e-21	4.69e-11	1.00e+00
 1.19717e+12	1.33e-21	5.09e-11	1.00e+00
 1.27498e+12	1.52e-21	5.54e-11	1.00e+00
 1.35591e+12	1.75e-21	6.02e-11	1.00e+00
 1.44007e+12	2.01e-21	6.55e-11	1.00e+00
 1.52760e+12	2.31e-21	7.13e-11	1.00e+00
 1.61863e+12	2.65e-21	7.77e-11	1.00e+00
 1.71330e+12	3.06e-21	8.46e-11	1.00e+00
 1.81176e+12	3.52e-21	9.23e-11	1.00e+00
 1.90283e+12	4.01e-21	9.97e-11	1.00e+00
 1.98188e+12	4.45e-21	1.06e-10	1.00e+00
 2.06971e+12	4.99e-21	1.14e-10	1.00e+00
 2.17671e+12	5.72e-21	1.24e-10	1.00e+00
 2.28559e+12	6.56e-21	1.35e-10	1.00e+00
 2.38463e+12	7.38e-21	1.45e-10	1.00e+00
 2.49390e+12	8.35e-21	1.57e-10	1.00e+00
 2.62174e+12	9.64e-21	1.71e-10	1.00e+00
 2.74748e+12	1.10e-20	1.87e-10	1.00e+00
 2.86478e+12	1.25e-20	2.01e-10	1.00e+00
 2.99584e+12	1.42e-20	2.19e-10	1.00e+00
 3.14560e+12	1.64e-20	2.40e-10	1.00e+00
 3.29268e+12	1.88e-20	2.62e-10	1.00e+00
 3.43399e+12	2.13e-20	2.84e-10	1.00e+00
 3.58962e+12	2.43e-20	3.10e-10	1.00e+00
 3.76313e+12	2.80e-20	3.40e-10	1.00e+00
 3.93780e+12	3.21e-20	3.72e-10	1.00e+00
 4.11945e+12	3.68e-20	4.08e-10	1.00e+00
 4.31415e+12	4.24e-20	4.48e-10	1.00e+00
 4.51665e+12	4.87e-20	4.92e-10	1.00e+00
 4.72724e+12	5.60e-20	5.41e-10	1.00e+00
 4.94626e+12	6.43e-20	5.95e-10	1.00e+00
 5.17403e+12	7.39e-20	6.54e-10	1.00e+00
 5.39088e+12	8.39e-20	7.14e-10	1.00e+00
 5.58853e+12	9.38e-20	7.70e-10	1.00e+00
 5.81145e+12	1.06e-19	8.38e-10	1.00e+00
 6.05863e+12	1.21e-19	9.16e-10	1.00e+00
 6.29034e+12	1.36e-19	9.94e-10	1.00e+00
 6.54385e+12	1.54e-19	1.08e-09	1.00e+00
 6.82826e+12	1.76e-19	1.19e-09	1.00e+00
 7.09995e+12	1.99e-19	1.29e-09	1.00e+00
 7.38977e+12	2.26e-19	1.41e-09	1.00e+00
 7.71529e+12	2.59e-19	1.55e-09	1.00e+00
 8.03671e+12	2.95e-19	1.70e-09	1.00e+00
 8.32387e+12	3.30e-19	1.84e-09	1.00e+00
 8.62676e+12	3.70e-19	1.99e-09	1.00e+00
 8.96747e+12	4.20e-19	2.17e-09	1.00e+00
 9.29140e+12	4.72e-19	2.35e-09	1.00e+00
 9.64654e+12	5.34e-19	2.56e-09	1.00e+00
 1.00394e+13	6.10e-19	2.80e-09	1.00e+00
 1.04044e+13	6.88e-19	3.03e-09	1.00e+00
 1.08021e+13	7.82e-19	3.29e-09	1.00e+00
 1.12478e+13	9.00e-19	3.61e-09	1.00e+00
 1.16705e+13	1.03e-18	3.92e-09	1.00e+00
 1.21248e+13	1.17e-18	4.27e-09	1.00e+00
 1.26291e+13	1.36e-18	4.68e-09	1.00e+00
 1.31185e+13	1.57e-18	5.10e-09	1.00e+00
 1.36380e+13	1.81e-18	5.56e-09	1.00e+00
 1.42135e+13	2.12e-18	6.10e-09	1.00e+00
 1.47933e+13	2.47e-18	6.67e-09	1.00e+00
 1.53964e+13	2.88e-18	7.29e-09	1.00e+00
 1.60421e+13	3.38e-18	7.98e-09	1.00e+00
 1.67137e+13	3.97e-18	8.74e-09	1.00e+00
 1.74122e+13	4.67e-18	9.57e-09	1.00e+00
 1.81386e+13	5.50e-18	1.05e-08	1.00e+00
 1.88665e+13	6.45e-18	1.14e-08	1.00e+00
 1.95541e+13	7.45e-18	1.23e-08	1.00e+00
 2.02967e+13	8.67e-18	1.34e-08	1.00e+00
 2.11385e+13	1.02e-17	1.46e-08	1.00e+00
 2.19045e+13	1.18e-17	1.58e-08	1.00e+00
 2.25534e+13	1.33e-17	1.68e-08	1.00e+00
 2.32713e+13	1.51e-17	1.79e-08	1.00e+00
 2.41656e+13	1.77e-17	1.94e-08	1.00e+00
 2.51036e+13	2.06e-17	2.11e-08	1.00e+00
 2.59719e+13	2.37e-17	2.26e-08	1.00e+00
 2.69335e+13	2.75e-17	2.44e-08	1.00e+00
 2.79518e+13	3.20e-17	2.64e-08	1.00e+00
 2.88366e+13	3.64e-17	2.82e-08	1.00e+00
 2.97777e+13	4.14e-17	3.02e-08	1.00e+00
 3.09309e+13	4.84e-17	3.27e-08	1.00e+00
 3.20875e+13	5.62e-17	3.52e-08	1.00e+00
 3.31078e+13	6.38e-17	3.76e-08	1.00e+00
 3.42229e+13	7.30e-17	4.03e-08	1.00e+00
 3.55652e+13	8.54e-17	4.36e-08	1.00e+00
 3.69118e+13	9.93e-17	4.71e-08	1.00e+00
 3.81435e+13	1.13e-16	5.03e-08	1.00e+00
 3.95167e+13	1.31e-16	5.41e-08	1.00e+00
 4.11136e+13	1.54e-16	5.87e-08	1.00e+00
 4.26879e+13	1.79e-16	6.33e-08	1.00e+00
 4.41926e+13	2.05e-16	6.79e-08	1.00e+00
 4.58576e+13	2.38e-16	7.32e-08	1.00e+00
 4.77218e+13	2.80e-16	7.94e-08	1.00e+00
 4.96159e+13	3.27e-16	8.59e-08	1.00e+00
 5.15857e+13	3.83e-16	9.30e-08	1.00e+00
 5.36790e+13	4.49e-16	1.01e-07	1.00e+00
 5.57496e+13	5.23e-16	1.09e-07	1.00e+00
 5.79031e+13	6.08e-16	1.17e-07	1.00e+00
 6.02491e+13	7.14e-16	1.27e-07	1.00e+00
 6.26179e+13	8.33e-16	1.38e-07	1.00e+00
 6.50814e+13	9.73e-16	1.49e-07	1.00e+00
 6.74237e+13	1.12e-15	1.60e-07	1.00e+00
 6.94389e+13	1.26e-15	1.70e-07	1.00e+00
 7.16556e+13	1.43e-15	1.81e-07	1.00e+00
 7.43816e+13	1.67e-15	1.95e-07	1.00e+00
 7.72035e+13	1.94e-15	2.10e-07	1.00e+00
 7.98223e+13	2.22e-15	2.25e-07	1.00e+00
 8.27293e+13	2.56e-15	2.42e-07	1.00e+00
 8.60684e+13	3.01e-15	2.63e-07	1.00e+00
 8.93736e+13	3.50e-15	2.84e-07	1.00e+00
 9.28110e+13	4.08e-15	3.06e-07	1.00e+00
 9.65533e+13	4.79e-15	3.32e-07	1.00e+00
 1.00445e+14	5.63e-15	3.60e-07	1.00e+00
 1.04060e+14	6.50e-15	3.87e-07	1.00e+00
 1.07215e+14	7.34e-15	4.12e-07	1.00e+00
 1.10724e+14	8.37e-15	4.40e-07	1.00e+00
 1.14976e+14	9.76e-15	4.75e-07	1.00e+00
 1.19266e+14	1.13e-14	5.13e-07	1.00e+00
 1.23162e+14	1.29e-14	5.48e-07	1.00e+00
 1.27476e+14	1.49e-14	5.88e-07	1.00e+00
 1.32528e+14	1.74e-14	6.37e-07	1.00e+00
 1.37485e+14	2.02e-14	6.87e-07	1.00e+00
 1.42100e+14	2.31e-14	7.35e-07	1.00e+00
 1.47273e+14	2.67e-14	7.91e-07	1.00e+00
 1.53194e+14	3.13e-14	8.58e-07	1.00e+00
 1.59033e+14	3.64e-14	9.26e-07	1.00e+00
 1.65105e+14	4.24e-14	1.00e-06	1.00e+00
 1.71739e+14	4.97e-14	1.08e-06	1.00e+00
 1.78469e+14	5.79e-14	1.17e-06	1.00e+00
 1.85468e+14	6.76e-14	1.27e-06	1.00e+00
 1.92631e+14	7.86e-14	1.37e-06	1.00e+00
 1.99627e+14	9.06e-14	1.47e-06	1.00e+00
 2.06544e+14	1.04e-13	1.58e-06	1.00e+00
 2.14190e+14	1.20e-13	1.70e-06	1.00e+00
 2.22574e+14	1.39e-13	1.84e-06	1.00e+00
 2.30676e+14	1.60e-13	1.97e-06	1.00e+00
 2.37972e+14	1.81e-13	2.10e-06	1.00e+00
 2.45706e+14	2.05e-13	2.24e-06	1.00e+00
 2.55094e+14	2.38e-13	2.41e-06	1.00e+00
 2.64416e+14	2.74e-13	2.59e-06	1.00e+00
 2.72693e+14	3.09e-13	2.76e-06	1.00e+00
 2.81829e+14	3.51e-13	2.95e-06	1.00e+00
 2.92075e+14	4.03e-13	3.17e-06	1.00e+00
 3.01741e+14	4.57e-13	3.38e-06	1.00e+00
 3.12285e+14	5.22e-13	3.62e-06	1.00e+00
 3.23938e+14	6.02e-13	3.90e-06	1.00e+00
 3.34709e+14	6.83e-13	4.17e-06	1.00e+00
 3.46384e+14	7.79e-13	4.46e-06	1.00e+00
 3.59429e+14	9.00e-13	4.81e-06	1.00e+00
 3.71698e+14	1.02e-12	5.15e-06	1.00e+00
 3.85085e+14	1.17e-12	5.53e-06	1.00e+00
 3.99980e+14	1.36e-12	5.98e-06	1.00e+00
 4.13939e+14	1.55e-12	6.41e-06	1.00e+00
 4.28994e+14	1.78e-12	6.89e-06	1.00e+00
 4.45803e+14	2.07e-12	7.46e-06	1.00e+00
 4.61970e+14	2.37e-12	8.02e-06	1.00e+00
 4.79164e+14	2.73e-12	8.65e-06	1.00e+00
 4.98360e+14	3.18e-12	9.39e-06	1.00e+00
 5.17496e+14	3.68e-12	1.01e-05	1.00e+00
 5.37397e+14	4.27e-12	1.10e-05	1.00e+00
 5.58922e+14	4.96e-12	1.19e-05	1.00e+00
 5.80672e+14	5.77e-12	1.29e-05	1.00e+00
 6.03291e+14	6.71e-12	1.40e-05	1.00e+00
 6.25601e+14	7.74e-12	1.51e-05	1.00e+00
 6.44282e+14	8.69e-12	1.61e-05	1.00e+00
 6.63174e+14	9.74e-12	1.71e-05	1.00e+00
 6.87344e+14	1.12e-11	1.85e-05	1.00e+00
 7.12174e+14	1.30e-11	2.00e-05	1.00e+00
 7.33327e+14	1.46e-11	2.13e-05	1.00e+00
 7.55901e+14	1.65e-11	2.28e-05	1.00e+00
 7.84049e+14	1.91e-11	2.47e-05	1.00e+00
 8.12908e+14	2.21e-11	2.67e-05	1.00e+00
 8.38367e+14	2.50e-11	2.86e-05	1.00e+00
 8.65940e+14	2.86e-11	3.07e-05	1.00e+00
 8.99170e+14	3.33e-11	3.34e-05	1.00e+00
 9.32045e+14	3.86e-11	3.61e-05	1.00e+00
 9.61220e+14	4.37e-11	3.87e-05	1.00e+00
 9.93295e+14	5.01e-11	4.16e-05	1.00e+00
 1.03167e+15	5.86e-11	4.53e-05	1.00e+00
 1.06972e+15	6.81e-11	4.92e-05	1.00e+00
 1.10416e+15	7.77e-11	5.28e-05	1.00e+00
 1.14242e+15	8.95e-11	5.70e-05	1.00e+00
 1.18734e+15	1.05e-10	6.22e-05	1.00e+00
 1.23155e+15	1.22e-10	6.75e-05	1.00e+00
 1.27264e+15	1.40e-10	7.27e-05	1.00e+00
 1.31869e+15	1.63e-10	7.88e-05	1.00e+00
 1.37146e+15	1.92e-10	8.60e-05	1.00e+00
 1.42346e+15	2.24e-10	9.35e-05	1.00e+00
 1.47754e+15	2.62e-10	1.02e-04	1.00e+00
 1.53667e+15	3.10e-10	1.11e-04	1.00e+00
 1.59680e+15	3.64e-10	1.21e-04	1.00e+00
 1.65933e+15	4.27e-10	1.32e-04	1.00e+00
 1.71486e+15	4.91e-10	1.42e-04	1.00e+00
 1.75745e+15	5.43e-10	1.50e-04	1.00e+00
 1.80254e+15	6.04e-10	1.59e-04	1.00e+00
 1.86115e+15	6.92e-10	1.71e-04	1.00e+00
 1.92476e+15	7.97e-10	1.84e-04	1.00e+00
 1.98243e+15	9.01e-10	1.96e-04	1.00e+00
 2.04496e+15	1.03e-09	2.10e-04	1.00e+00
 2.12192e+15	1.20e-09	2.28e-04	1.00e+00
 2.19919e+15	1.40e-09	2.47e-04	1.00e+00
 2.26733e+15	1.59e-09	2.64e-04	1.00e+00
 2.34204e+15	1.82e-09	2.83e-04	1.00e+00
 2.43197e+15	2.13e-09	3.08e-04	1.00e+00
 2.52176e+15	2.48e-09	3.33e-04	1.00e+00
 2.60288e+15	2.83e-09	3.57e-04	1.00e+00
 2.69265e+15	3.26e-09	3.84e-04	1.00e+00
 2.79828e+15	3.83e-09	4.18e-04	1.00e+00
 2.90199e+15	4.46e-09	4.52e-04	1.00e+00
 2.99829e+15	5.11e-09	4.85e-04	1.00e+00
 3.10669e+15	5.93e-09	5.24e-04	9.99e-01
 3.23099e+15	6.99e-09	5.70e-04	9.99e-01
 3.35320e+15	8.14e-09	6.17e-04	9.99e-01
 3.48029e+15	9.50e-09	6.68e-04	9.99e-01
 3.61953e+15	1.12e-08	7.26e-04	9.99e-01
 3.76070e+15	1.31e-08	7.88e-04	9.99e-01
 3.87940e+15	1.49e-08	8.41e-04	9.99e-01
 3.97063e+15	1.64e-08	8.84e-04	9.99e-01
 4.06891e+15	1.81e-08	9.31e-04	9.99e-01
 4.19667e+15	2.06e-08	9.93e-04	9.99e-01
 4.33626e+15	2.35e-08	1.06e-03	9.99e-01
 4.46329e+15	2.64e-08	1.13e-03	9.99e-01
 4.60048e+15	2.99e-08	1.20e-03	9.99e-01
 4.77160e+15	3.48e-08	1.30e-03	9.99e-01
 4.94237e+15	4.01e-08	1.40e-03	9.99e-01
 5.08829e+15	4.51e-08	1.48e-03	9.99e-01
 5.24635e+15	5.11e-08	1.58e-03	9.98e-01
 5.44241e+15	5.94e-08	1.71e-03	9.98e-01
 5.64001e+15	6.87e-08	1.84e-03	9.98e-01
 5.81397e+15	7.77e-08	1.96e-03	9.98e-01
 6.00509e+15	8.87e-08	2.09e-03	9.98e-01
 6.23538e+15	1.04e-07	2.27e-03	9.98e-01
 6.46176e+15	1.20e-07	2.44e-03	9.98e-01
 6.66432e+15	1.36e-07	2.60e-03	9.97e-01
 6.89077e+15	1.56e-07	2.79e-03	9.97e-01
 7.15916e+15	1.82e-07	3.02e-03	9.97e-01
 7.42210e+15	2.11e-07	3.25e-03	9.97e-01
 7.64984e+15	2.38e-07	3.46e-03	9.97e-01
 7.89179e+15	2.71e-07	3.70e-03	9.96e-01
 8.13854e+15	3.06e-07	3.94e-03	9.96e-01
 8.34394e+15	3.39e-07	4.15e-03	9.96e-01
 8.56333e+15	3.77e-07	4.40e-03	9.96e-01
 8.84854e+15	4.33e-07	4.73e-03	9.95e-01
 9.13610e+15	4.93e-07	5.06e-03	9.95e-01
 9.37228e+15	5.47e-07	5.34e-03	9.95e-01
 9.62484e+15	6.12e-07	5.68e-03	9.94e-01
 9.95317e+15	7.08e-07	6.14e-03	9.94e-01
 1.02881e+16	8.11e-07	6.62e-03	9.93e-01
 1.05549e+16	9.02e-07	7.02e-03	9.93e-01
 1.08249e+16	1.01e-06	7.47e-03	9.93e-01
 1.11758e+16	1.17e-06	8.12e-03	9.92e-01
 1.15279e+16	1.33e-06	8.76e-03	9.91e-01
 1.18074e+16	1.48e-06	9.32e-03	9.91e-01
 1.20969e+16	1.66e-06	9.99e-03	9.90e-01
 1.24098e+16	1.87e-06	1.07e-02	9.89e-01
 1.26887e+16	2.08e-06	1.15e-02	9.89e-01
 1.29459e+16	2.30e-06	1.22e-02	9.88e-01
 1.32391e+16	2.60e-06	1.31e-02	9.87e-01
 1.35528e+16	2.93e-06	1.42e-02	9.86e-01
 1.38286e+16	3.27e-06	1.53e-02	9.85e-01
 1.40820e+16	3.64e-06	1.64e-02	9.84e-01
 1.43708e+16	4.13e-06	1.78e-02	9.82e-01
 1.46791e+16	4.73e-06	1.96e-02	9.80e-01
 1.49439e+16	5.32e-06	2.13e-02	9.79e-01
 1.51801e+16	5.94e-06	2.30e-02	9.77e-01
 1.54111e+16	6.64e-06	2.49e-02	9.75e-01
 1.56745e+16	7.68e-06	2.76e-02	9.72e-01
 1.59509e+16	8.89e-06	3.07e-02	9.69e-01
 1.61833e+16	1.01e-05	3.38e-02	9.66e-01
 1.63896e+16	1.15e-05	3.72e-02	9.63e-01
 1.66228e+16	1.34e-05	4.17e-02	9.58e-01
 1.68637e+16	1.58e-05	4.73e-02	9.53e-01
 1.70610e+16	1.83e-05	5.30e-02	9.47e-01
 1.72309e+16	2.10e-05	5.88e-02	9.41e-01
 1.74189e+16	2.44e-05	6.68e-02	9.33e-01
 1.76198e+16	2.93e-05	7.73e-02	9.23e-01
 1.77863e+16	3.51e-05	8.83e-02	9.12e-01
 1.79162e+16	4.03e-05	9.89e-02	9.01e-01
 1.80498e+16	4.68e-05	1.12e-01	8.88e-01
 1.81982e+16	5.63e-05	1.30e-01	8.70e-01
 1.83291e+16	6.74e-05	1.50e-01	8.49e-01
 1.84222e+16	7.78e-05	1.68e-01	8.32e-01
 1.84818e+16	8.50e-05	1.80e-01	8.19e-01
 1.85387e+16	9.30e-05	1.94e-01	8.06e-01
 1.86125e+16	1.05e-04	2.14e-01	7.86e-01
 1.86930e+16	1.20e-04	2.39e-01	7.61e-01
 1.87632e+16	1.36e-04	2.64e-01	7.36e-01
 1.88246e+16	1.52e-04	2.89e-01	7.11e-01
 1.88932e+16	1.73e-04	3.21e-01	6.79e-01
 1.89657e+16	1.98e-04	3.57e-01	6.43e-01
 1.90280e+16	2.22e-04	3.92e-01	6.07e-01
 1.90843e+16	2.46e-04	4.27e-01	5.73e-01
 1.91486e+16	2.77e-04	4.69e-01	5.31e-01
 1.92189e+16	3.14e-04	5.17e-01	4.83e-01
 1.92828e+16	3.50e-04	5.62e-01	4.38e-01
 1.93519e+16	3.92e-04	6.12e-01	3.88e-01
 1.94286e+16	4.38e-04	6.64e-01	3.35e-01
 1.95017e+16	4.83e-04	7.12e-01	2.88e-01
 1.95837e+16	5.34e-04	7.61e-01	2.39e-01
 1.96903e+16	5.95e-04	8.14e-01	1.85e-01
 1.98070e+16	6.54e-04	8.60e-01	1.40e-01
 1.99367e+16	7.14e-04	8.98e-01	1.01e-01
 2.01053e+16	7.82e-04	9.32e-01	6.77e-02
 2.03245e+16	8.57e-04	9.58e-01	4.13e-02
 2.05696e+16	9.35e-04	9.74e-01	2.50e-02
 2.08032e+16	1.01e-03	9.83e-01	1.63e-02
 2.10257e+16	1.08e-03	9.88e-01	1.11e-02
 2.12790e+16	1.18e-03	9.91e-01	7.43e-03
 2.14903e+16	1.27e-03	9.93e-01	5.59e-03
 2.15953e+16	1.32e-03	9.94e-01	4.88e-03
 2.16797e+16	1.36e-03	9.94e-01	4.34e-03
 2.17895e+16	1.42e-03	9.95e-01	3.74e-03
 2.19322e+16	1.50e-03	9.95e-01	3.09e-03
 2.20772e+16	1.59e-03	9.96e-01	2.60e-03
 2.21887e+16	1.67e-03	9.96e-01	2.29e-03
 2.22804e+16	1.74e-03	9.96e-01	2.06e-03
 2.23663e+16	1.82e-03	9.96e-01	1.87e-03
 2.24476e+16	1.89e-03	9.96e-01	1.71e-03
 2.25270e+16	1.97e-03	9.96e-01	1.56e-03
 2.26059e+16	2.05e-03	9.97e-01	1.43e-03
 2.26833e+16	2.14e-03	9.97e-01	1.32e-03
 2.27578e+16	2.23e-03	9.97e-01	1.22e-03
 2.28300e+16	2.33e-03	9.97e-01	1.13e-03
 2.29008e+16	2.43e-03	9.97e-01	1.05e-03
 2.29700e+16	2.54e-03	9.96e-01	9.79e-04
 2.30371e+16	2.65e-03	9.96e-01	9.15e-04
 2.31023e+16	2.77e-03	9.96e-01	8.58e-04
 2.31658e+16	2.89e-03	9.96e-01	8.06e-04
 2.32277e+16	3.03e-03	9.96e-01	7.59e-04
 2.32881e+16	3.17e-03	9.96e-01	7.15e-04
 2.33475e+16	3.32e-03	9.96e-01	6.75e-04
 2.34053e+16	3.48e-03	9.96e-01	6.39e-04
 2.34613e+16	3.65e-03	9.96e-01	6.06e-04
 2.35160e+16	3.83e-03	9.96e-01	5.76e-04
 2.35696e+16	4.02e-03	9.95e-01	5.48e-04
 2.36222e+16	4.22e-03	9.95e-01	5.21e-04
 2.36734e+16	4.44e-03	9.95e-01	4.97e-04
 2.37237e+16	4.67e-03	9.95e-01	4.75e-04
 2.37734e+16	4.93e-03	9.95e-01	4.54e-04
 2.38222e+16	5.20e-03	9.94e-01	4.34e-04
 2.38700e+16	5.50e-03	9.94e-01	4.15e-04
 2.39172e+16	5.82e-03	9.94e-01	3.98e-04
 2.39640e+16	6.18e-03	9.93e-01	3.82e-04
 2.40104e+16	6.57e-03	9.93e-01	3.66e-04
 2.40635e+16	7.08e-03	9.93e-01	3.48e-04
 2.41198e+16	7.70e-03	9.92e-01	3.32e-04
 2.41675e+16	8.31e-03	9.91e-01	3.18e-04
 2.42103e+16	8.92e-03	9.91e-01	3.07e-04
 2.42594e+16	9.73e-03	9.90e-01	2.93e-04
 2.43124e+16	1.08e-02	9.89e-01	2.80e-04
 2.43575e+16	1.18e-02	9.88e-01	2.69e-04
 2.43934e+16	1.28e-02	9.87e-01	2.62e-04
 2.44253e+16	1.38e-02	9.86e-01	2.54e-04
 2.44616e+16	1.51e-02	9.85e-01	2.46e-04
 2.45007e+16	1.68e-02	9.83e-01	2.38e-04
 2.45334e+16	1.85e-02	9.81e-01	2.31e-04
 2.45596e+16	2.01e-02	9.80e-01	2.27e-04
 2.45827e+16	2.16e-02	9.78e-01	2.22e-04
 2.46082e+16	2.36e-02	9.76e-01	2.18e-04
 2.46415e+16	2.66e-02	9.73e-01	2.12e-04
 2.46740e+16	3.03e-02	9.69e-01	2.07e-04
 2.46969e+16	3.37e-02	9.66e-01	2.03e-04
 2.47142e+16	3.63e-02	9.63e-01	2.02e-04
 2.47328e+16	3.97e-02	9.60e-01	1.99e-04
 2.47571e+16	4.48e-02	9.55e-01	1.96e-04
 2.47820e+16	5.12e-02	9.49e-01	1.94e-04
 2.48012e+16	5.74e-02	9.42e-01	1.93e-04
 2.48162e+16	6.27e-02	9.37e-01	1.92e-04
 2.48321e+16	6.94e-02	9.30e-01	1.92e-04
 2.48500e+16	7.79e-02	9.22e-01	1.92e-04
 2.48662e+16	8.72e-02	9.13e-01	1.93e-04
 2.48801e+16	9.65e-02	9.03e-01	1.93e-04
 2.48928e+16	1.06e-01	8.94e-01	1.95e-04
 2.49052e+16	1.17e-01	8.83e-01	1.96e-04
 2.49175e+16	1.28e-01	8.72e-01	1.99e-04
 2.49289e+16	1.41e-01	8.59e-01	2.01e-04
 2.49389e+16	1.52e-01	8.48e-01	2.03e-04
 2.49479e+16	1.64e-01	8.36e-01	2.05e-04
 2.49546e+16	1.73e-01	8.26e-01	2.07e-04
 2.49592e+16	1.80e-01	8.20e-01	2.09e-04
 2.49635e+16	1.87e-01	8.13e-01	2.10e-04
 2.49685e+16	1.95e-01	8.05e-01	2.11e-04
 2.49738e+16	2.04e-01	7.95e-01	2.13e-04
 2.49789e+16	2.13e-01	7.86e-01	2.14e-04
 2.49837e+16	2.22e-01	7.77e-01	2.16e-04
 2.49885e+16	2.32e-01	7.68e-01	2.17e-04
 2.49933e+16	2.42e-01	7.58e-01	2.19e-04
 2.49980e+16	2.52e-01	7.48e-01	2.21e-04
 2.50027e+16	2.62e-01	7.37e-01	2.23e-04
 2.50073e+16	2.73e-01	7.26e-01	2.24e-04
 2.50119e+16	2.85e-01	7.15e-01	2.26e-04
 2.50164e+16	2.96e-01	7.04e-01	2.28e-04
 2.50208e+16	3.07e-01	6.92e-01	2.29e-04
 2.50252e+16	3.20e-01	6.80e-01	2.31e-04
 2.50296e+16	3.32e-01	6.68e-01	2.33e-04
 2.50339e+16	3.45e-01	6.55e-01	2.34e-04
 2.50382e+16	3.58e-01	6.42e-01	2.35e-04
 2.50424e+16	3.71e-01	6.29e-01	2.37e-04
 2.50466e+16	3.84e-01	6.16e-01	2.38e-04
 2.50507e+16	3.97e-01	6.02e-01	2.39e-04
 2.50548e+16	4.11e-01	5.89e-01	2.40e-04
 2.50588e+16	4.25e-01	5.75e-01	2.41e-04
 2.50628e+16	4.39e-01	5.61e-01	2.42e-04
 2.50667e+16	4.53e-01	5.47e-01	2.43e-04
 2.50707e+16	4.67e-01	5.32e-01	2.43e-04
 2.50745e+16	4.81e-01	5.18e-01	2.44e-04
 2.50783e+16	4.96e-01	5.04e-01	2.44e-04
 2.50820e+16	5.10e-01	4.90e-01	2.45e-04
 2.50858e+16	5.24e-01	4.76e-01	2.45e-04
 2.50894e+16	5.38e-01	4.61e-01	2.45e-04
 2.50929e+16	5.52e-01	4.48e-01	2.45e-04
 2.50964e+16	5.66e-01	4.34e-01	2.44e-04
 2.50998e+16	5.79e-01	4.21e-01	2.44e-04
 2.51031e+16	5.92e-01	4.08e-01	2.44e-04
 2.51063e+16	6.04e-01	3.95e-01	2.43e-04
 2.51095e+16	6.17e-01	3.83e-01	2.42e-04
 2.51127e+16	6.29e-01	3.71e-01	2.41e-04
 2.51158e+16	6.41e-01	3.58e-01	2.40e-04
 2.51189e+16	6.53e-01	3.46e-01	2.39e-04
 2.51219e+16	6.65e-01	3.35e-01	2.37e-04
 2.51248e+16	6.76e-01	3.24e-01	2.36e-04
 2.51277e+16	6.87e-01	3.13e-01	2.34e-04
 2.51306e+16	6.98e-01	3.02e-01	2.32e-04
 2.51334e+16	7.08e-01	2.92e-01	2.31e-04
 2.51361e+16	7.18e-01	2.82e-01	2.29e-04
 2.51388e+16	7.27e-01	2.72e-01	2.27e-04
 2.51415e+16	7.37e-01	2.63e-01	2.25e-04
 2.51442e+16	7.46e-01	2.54e-01	2.23e-04
 2.51468e+16	7.55e-01	2.45e-01	2.21e-04
 2.51494e+16	7.64e-01	2.36e-01	2.19e-04
 2.51520e+16	7.72e-01	2.28e-01	2.17e-04
 2.51545e+16	7.80e-01	2.20e-01	2.14e-04
 2.51570e+16	7.88e-01	2.12e-01	2.12e-04
 2.51595e+16	7.95e-01	2.04e-01	2.09e-04
 2.51616e+16	8.02e-01	1.98e-01	2.07e-04
 2.51633e+16	8.07e-01	1.93e-01	2.05e-04
 2.51649e+16	8.11e-01	1.88e-01	2.03e-04
 2.51665e+16	8.16e-01	1.84e-01	2.01e-04
 2.51681e+16	8.21e-01	1.79e-01	1.99e-04
 2.51698e+16	8.25e-01	1.74e-01	1.97e-04
 2.51712e+16	8.29e-01	1.70e-01	1.95e-04
 2.51727e+16	8.33e-01	1.66e-01	1.93e-04
 2.51741e+16	8.37e-01	1.63e-01	1.91e-04
 2.51756e+16	8.41e-01	1.59e-01	1.89e-04
 2.51770e+16	8.45e-01	1.55e-01	1.87e-04
 2.51783e+16	8.48e-01	1.52e-01	1.85e-04
 2.51797e+16	8.51e-01	1.48e-01	1.83e-04
 2.51810e+16	8.55e-01	1.45e-01	1.82e-04
 2.51823e+16	8.58e-01	1.42e-01	1.80e-04
 2.51836e+16	8.61e-01	1.39e-01	1.78e-04
 2.51849e+16	8.64e-01	1.36e-01	1.76e-04
 2.51862e+16	8.67e-01	1.33e-01	1.74e-04
 2.51876e+16	8.70e-01	1.30e-01	1.72e-04
 2.51889e+16	8.73e-01	1.27e-01	1.70e-04
 2.51902e+16	8.76e-01	1.24e-01	1.68e-04
 2.51916e+16	8.79e-01	1.21e-01	1.66e-04
 2.51931e+16	8.82e-01	1.18e-01	1.64e-04
 2.51947e+16	8.85e-01	1.14e-01	1.61e-04
 2.51965e+16	8.89e-01	1.11e-01	1.59e-04
 2.51984e+16	8.93e-01	1.07e-01	1.56e-04
 2.52006e+16	8.97e-01	1.03e-01	1.52e-04
 2.52026e+16	9.00e-01	9.94e-02	1.49e-04
 2.52045e+16	9.04e-01	9.60e-02	1.46e-04
 2.52063e+16	9.07e-01	9.28e-02	1.43e-04
 2.52080e+16	9.10e-01	8.98e-02	1.40e-04
 2.52097e+16	9.13e-01	8.69e-02	1.37e-04
 2.52113e+16	9.16e-01	8.43e-02	1.34e-04
 2.52128e+16	9.18e-01	8.19e-02	1.31e-04
 2.52141e+16	9.20e-01	7.98e-02	1.28e-04
 2.52154e+16	9.22e-01	7.78e-02	1.26e-04
 2.52165e+16	9.24e-01	7.61e-02	1.24e-04
 2.52175e+16	9.25e-01	7.46e-02	1.22e-04
 2.52184e+16	9.27e-01	7.32e-02	1.20e-04
 2.52194e+16	9.28e-01	7.16e-02	1.18e-04
 2.52205e+16	9.30e-01	7.00e-02	1.16e-04
 2.52215e+16	9.31e-01	6.87e-02	1.14e-04
 2.52224e+16	9.33e-01	6.74e-02	1.12e-04
 2.52232e+16	9.34e-01	6.62e-02	1.10e-04
 2.52239e+16	9.35e-01	6.51e-02	1.08e-04
 2.52248e+16	9.36e-01	6.40e-02	1.07e-04
 2.52256e+16	9.37e-01	6.28e-02	1.05e-04
 2.52264e+16	9.38e-01	6.17e-02	1.03e-04
 2.52272e+16	9.39e-01	6.07e-02	1.02e-04
 2.52278e+16	9.40e-01	5.98e-02	1.00e-04
 2.52286e+16	9.41e-01	5.88e-02	9.89e-05
 2.52293e+16	9.42e-01	5.78e-02	9.73e-05
 2.52301e+16	9.43e-01	5.69e-02	9.58e-05
 2.52307e+16	9.44e-01	5.61e-02	9.44e-05
 2.52313e+16	9.45e-01	5.53e-02	9.30e-05
 2.52320e+16	9.45e-01	5.45e-02	9.17e-05
 2.52327e+16	9.46e-01	5.36e-02	9.02e-05
 2.52333e+16	9.47e-01	5.28e-02	8.88e-05
 2.52339e+16	9.48e-01	5.20e-02	8.74e-05
 2.52344e+16	9.49e-01	5.14e-02	8.64e-05
 2.52350e+16	9.49e-01	5.07e-02	8.52e-05
 2.52356e+16	9.50e-01	5.00e-02	8.39e-05
 2.52362e+16	9.51e-01	4.93e-02	8.27e-05
 2.52367e+16	9.51e-01	4.86e-02	8.15e-05
 2.52373e+16	9.52e-01	4.80e-02	8.04e-05
 2.52379e+16	9.53e-01	4.73e-02	7.92e-05
 2.52384e+16	9.53e-01	4.66e-02	7.80e-05
 2.52389e+16	9.54e-01	4.60e-02	7.69e-05
 2.52395e+16	9.55e-01	4.54e-02	7.58e-05
 2.52401e+16	9.55e-01	4.48e-02	7.47e-05
 2.52406e+16	9.56e-01	4.42e-02	7.36e-05
 2.52411e+16	9.56e-01	4.36e-02	7.25e-05
 2.52417e+16	9.57e-01	4.30e-02	7.15e-05
 2.52423e+16	9.58e-01	4.24e-02	7.04e-05
 2.52428e+16	9.58e-01	4.18e-02	6.93e-05
 2.52433e+16	9.59e-01	4.13e-02	6.84e-05
 2.52438e+16	9.59e-01	4.08e-02	6.75e-05
 2.52444e+16	9.60e-01	4.02e-02	6.65e-05
 2.52449e+16	9.60e-01	3.97e-02	6.54e-05
 2.52454e+16	9.61e-01	3.92e-02	6.46e-05
 2.52459e+16	9.61e-01	3.87e-02	6.38e-05
 2.52466e+16	9.62e-01	3.80e-02	6.26e-05
 2.52473e+16	9.63e-01	3.74e-02	6.14e-05
 2.52480e+16	9.63e-01	3.68e-02	6.04e-05
 2.52486e+16	9.64e-01	3.62e-02	5.94e-05
 2.52491e+16	9.64e-01	3.58e-02	5.86e-05
 2.52497e+16	9.65e-01	3.53e-02	5.77e-05
 2.52504e+16	9.65e-01	3.47e-02	5.68e-05
 2.52510e+16	9.66e-01	3.42e-02	5.59e-05
 2.52516e+16	9.66e-01	3.37e-02	5.50e-05
 2.52523e+16	9.67e-01	3.32e-02	5.41e-05
 2.52530e+16	9.67e-01	3.27e-02	5.32e-05
 2.52536e+16	9.68e-01	3.23e-02	5.24e-05
 2.52542e+16	9.68e-01	3.18e-02	5.16e-05
 2.52550e+16	9.69e-01	3.12e-02	5.06e-05
 2.52559e+16	9.69e-01	3.05e-02	4.95e-05
 2.52567e+16	9.70e-01	3.00e-02	4.86e-05
 2.52575e+16	9.70e-01	2.95e-02	4.77e-05
 2.52582e+16	9.71e-01	2.91e-02	4.70e-05
 2.52589e+16	9.71e-01	2.86e-02	4.62e-05
 2.52597e+16	9.72e-01	2.81e-02	4.53e-05
 2.52604e+16	9.72e-01	2.76e-02	4.45e-05
 2.52612e+16	9.73e-01	2.72e-02	4.37e-05
 2.52621e+16	9.73e-01	2.67e-02	4.29e-05
 2.52628e+16	9.74e-01	2.62e-02	4.22e-05
 2.52636e+16	9.74e-01	2.59e-02	4.16e-05
 2.52643e+16	9.75e-01	2.54e-02	4.08e-05
 2.52652e+16	9.75e-01	2.50e-02	4.01e-05
 2.52659e+16	9.75e-01	2.46e-02	3.95e-05
 2.52668e+16	9.76e-01	2.42e-02	3.87e-05
 2.52677e+16	9.76e-01	2.38e-02	3.80e-05
 2.52685e+16	9.77e-01	2.34e-02	3.74e-05
 2.52694e+16	9.77e-01	2.30e-02	3.66e-05
 2.52704e+16	9.77e-01	2.25e-02	3.60e-05
 2.52713e+16	9.78e-01	2.22e-02	3.54e-05
 2.52723e+16	9.78e-01	2.18e-02	3.46e-05
 2.52733e+16	9.79e-01	2.13e-02	3.40e-05
 2.52743e+16	9.79e-01	2.10e-02	3.34e-05
 2.52753e+16	9.79e-01	2.06e-02	3.27e-05
 2.52764e+16	9.80e-01	2.02e-02	3.20e-05
 2.52775e+16	9.80e-01	1.98e-02	3.14e-05
 2.52786e+16	9.81e-01	1.94e-02	3.08e-05
 2.52798e+16	9.81e-01	1.90e-02	3.01e-05
 2.52809e+16	9.81e-01	1.87e-02	2.96e-05
 2.52821e+16	9.82e-01	1.83e-02	2.89e-05
 2.52834e+16	9.82e-01	1.80e-02	2.83e-05
 2.52846e+16	9.82e-01	1.76e-02	2.78e-05
 2.52859e+16	9.83e-01	1.73e-02	2.72e-05
 2.52873e+16	9.83e-01	1.69e-02	2.66e-05
 2.52886e+16	9.83e-01	1.66e-02	2.61e-05
 2.52900e+16	9.84e-01	1.63e-02	2.56e-05
 2.52919e+16	9.84e-01	1.59e-02	2.49e-05
 2.52938e+16	9.85e-01	1.55e-02	2.43e-05
 2.52956e+16	9.85e-01	1.51e-02	2.37e-05
 2.52973e+16	9.85e-01	1.48e-02	2.32e-05
 2.52990e+16	9.85e-01	1.45e-02	2.26e-05
 2.53010e+16	9.86e-01	1.42e-02	2.21e-05
 2.53027e+16	9.86e-01	1.39e-02	2.17e-05
 2.53047e+16	9.86e-01	1.36e-02	2.12e-05
 2.53072e+16	9.87e-01	1.32e-02	2.06e-05
 2.53099e+16	9.87e-01	1.29e-02	2.01e-05
 2.53123e+16	9.87e-01	1.26e-02	1.96e-05
 2.53150e+16	9.88e-01	1.23e-02	1.91e-05
 2.53179e+16	9.88e-01	1.20e-02	1.86e-05
 2.53206e+16	9.88e-01	1.18e-02	1.82e-05
 2.53235e+16	9.88e-01	1.15e-02	1.78e-05
 2.53273e+16	9.89e-01	1.13e-02	1.73e-05
 2.53314e+16	9.89e-01	1.10e-02	1.69e-05
 2.53351e+16	9.89e-01	1.08e-02	1.65e-05
 2.53391e+16	9.89e-01	1.05e-02	1.61e-05
 2.53444e+16	9.90e-01	1.03e-02	1.56e-05
 2.53501e+16	9.90e-01	1.01e-02	1.53e-05
 2.53564e+16	9.90e-01	9.84e-03	1.49e-05
 2.53645e+16	9.90e-01	9.60e-03	1.44e-05
 2.53733e+16	9.91e-01	9.41e-03	1.41e-05
 2.53829e+16	9.91e-01	9.22e-03	1.37e-05
 2.53954e+16	9.91e-01	9.02e-03	1.33e-05
 2.54116e+16	9.91e-01	8.83e-03	1.28e-05
 2.54327e+16	9.91e-01	8.62e-03	1.24e-05
 2.54602e+16	9.92e-01	8.40e-03	1.18e-05
 2.54898e+16	9.92e-01	8.21e-03	1.13e-05
 2.55223e+16	9.92e-01	8.01e-03	1.08e-05
 2.55645e+16	9.92e-01	7.76e-03	1.02e-05
 2.56180e+16	9.93e-01	7.47e-03	9.41e-06
 2.56783e+16	9.93e-01	7.16e-03	8.68e-06
 2.57394e+16	9.93e-01	6.88e-03	8.01e-06
 2.58016e+16	9.93e-01	6.60e-03	7.38e-06
 2.58664e+16	9.94e-01	6.32e-03	6.79e-06
 2.59340e+16	9.94e-01	6.05e-03	6.22e-06
 2.60041e+16	9.94e-01	5.79e-03	5.70e-06
 2.60766e+16	9.94e-01	5.53e-03	5.21e-06
 2.61517e+16	9.95e-01	5.28e-03	4.75e-06
 2.62291e+16	9.95e-01	5.04e-03	4.32e-06
 2.63079e+16	9.95e-01	4.80e-03	3.94e-06
 2.63881e+16	9.95e-01	4.58e-03	3.58e-06
 2.64698e+16	9.96e-01	4.37e-03	3.26e-06
 2.65531e+16	9.96e-01	4.16e-03	2.96e-06
 2.66372e+16	9.96e-01	3.97e-03	2.69e-06
 2.67225e+16	9.96e-01	3.78e-03	2.45e-06
 2.68106e+16	9.96e-01	3.60e-03	2.22e-06
 2.69008e+16	9.97e-01	3.42e-03	2.01e-06
 2.69926e+16	9.97e-01	3.26e-03	1.82e-06
 2.70858e+16	9.97e-01	3.10e-03	1.65e-06
 2.71809e+16	9.97e-01	2.94e-03	1.49e-06
 2.72779e+16	9.97e-01	2.80e-03	1.34e-06
 2.73768e+16	9.97e-01	2.66e-03	1.21e-06
 2.74776e+16	9.97e-01	2.52e-03	1.09e-06
 2.75804e+16	9.98e-01	2.39e-03	9.84e-07
 2.76854e+16	9.98e-01	2.27e-03	8.85e-07
 2.77926e+16	9.98e-01	2.15e-03	7.95e-07
 2.79018e+16	9.98e-01	2.04e-03	7.13e-07
 2.80132e+16	9.98e-01	1.93e-03	6.40e-07
 2.81270e+16	9.98e-01	1.83e-03	5.73e-07
 2.82432e+16	9.98e-01	1.73e-03	5.12e-07
 2.83619e+16	9.98e-01	1.63e-03	4.57e-07
 2.84833e+16	9.98e-01	1.54e-03	4.07e-07
 2.86074e+16	9.99e-01	1.46e-03	3.63e-07
 2.87343e+16	9.99e-01	1.37e-03	3.22e-07
 2.88642e+16	9.99e-01	1.29e-03	2.86e-07
 2.89973e+16	9.99e-01	1.22e-03	2.53e-07
 2.91338e+16	9.99e-01	1.15e-03	2.24e-07
 2.92737e+16	9.99e-01	1.08e-03	1.97e-07
 2.94171e+16	9.99e-01	1.01e-03	1.73e-07
 2.95644e+16	9.99e-01	9.48e-04	1.52e-07
 2.97160e+16	9.99e-01	8.88e-04	1.33e-07
 2.98721e+16	9.99e-01	8.31e-04	1.16e-07
 3.00329e+16	9.99e-01	7.76e-04	1.01e-07
 3.01978e+16	9.99e-01	7.25e-04	8.80e-08
 3.03653e+16	9.99e-01	6.76e-04	7.63e-08
 3.05390e+16	9.99e-01	6.29e-04	6.59e-08
 3.07229e+16	9.99e-01	5.84e-04	5.64e-08
 3.09146e+16	9.99e-01	5.40e-04	4.81e-08
 3.11130e+16	1.00e+00	4.99e-04	4.08e-08
 3.13192e+16	1.00e+00	4.60e-04	3.45e-08
 3.15349e+16	1.00e+00	4.22e-04	2.89e-08
 3.17619e+16	1.00e+00	3.86e-04	2.40e-08
 3.20007e+16	1.00e+00	3.52e-04	1.98e-08
 3.22517e+16	1.00e+00	3.20e-04	1.62e-08
 3.25189e+16	1.00e+00	2.89e-04	1.31e-08
 3.28040e+16	1.00e+00	2.59e-04	1.05e-08
 3.31072e+16	1.00e+00	2.31e-04	8.27e-09
 3.34326e+16	1.00e+00	2.05e-04	6.42e-09
 3.37855e+16	1.00e+00	1.80e-04	4.88e-09
 3.41717e+16	1.00e+00	1.56e-04	3.63e-09
 3.45982e+16	1.00e+00	1.33e-04	2.61e-09
 3.50914e+16	1.00e+00	1.11e-04	1.79e-09
 3.56287e+16	1.00e+00	9.11e-05	1.20e-09
 3.62194e+16	1.00e+00	7.32e-05	7.70e-10
 3.69240e+16	1.00e+00	5.63e-05	4.54e-10
 3.77014e+16	1.00e+00	4.24e-05	2.58e-10
 3.84889e+16	1.00e+00	3.19e-05	1.47e-10
 3.92809e+16	1.00e+00	2.40e-05	8.40e-11
 4.00987e+16	1.00e+00	1.80e-05	4.75e-11
 4.09587e+16	1.00e+00	1.33e-05	2.64e-11
 4.18642e+16	1.00e+00	9.74e-06	1.44e-11
 4.28136e+16	1.00e+00	7.08e-06	7.71e-12
 4.38161e+16	1.00e+00	5.09e-06	4.06e-12
 4.48869e+16	1.00e+00	3.61e-06	2.08e-12
 4.60329e+16	1.00e+00	2.52e-06	1.04e-12
 4.72242e+16	1.00e+00	1.76e-06	5.15e-13
 4.84902e+16	1.00e+00	1.21e-06	2.47e-13
 4.98521e+16	1.00e+00	8.21e-07	1.16e-13
 5.12641e+16	1.00e+00	5.57e-07	5.41e-14
 5.27260e+16	1.00e+00	3.76e-07	2.51e-14
 5.42393e+16	1.00e+00	2.54e-07	1.16e-14
 5.57902e+16	1.00e+00	1.72e-07	5.37e-15
 5.73562e+16	1.00e+00	1.17e-07	2.53e-15
 5.89222e+16	1.00e+00	8.10e-08	1.22e-15
 6.04883e+16	1.00e+00	5.64e-08	5.96e-16
 6.20543e+16	1.00e+00	3.97e-08	2.97e-16
 6.36204e+16	1.00e+00	2.82e-08	1.51e-16
 6.51864e+16	1.00e+00	2.02e-08	7.77e-17
 6.67525e+16	1.00e+00	1.46e-08	4.07e-17
 6.83185e+16	1.00e+00	1.06e-08	2.16e-17
 6.98845e+16	1.00e+00	7.77e-09	1.17e-17
 7.14505e+16	1.00e+00	5.74e-09	6.39e-18
 7.30164e+16	1.00e+00	4.27e-09	3.54e-18
 7.45824e+16	1.00e+00	3.19e-09	1.99e-18
 7.61484e+16	1.00e+00	2.41e-09	1.13e-18
 7.77145e+16	1.00e+00	1.82e-09	6.51e-19
 7.95156e+16	1.00e+00	1.32e-09	3.44e-19
 8.15823e+16	1.00e+00	9.33e-10	1.71e-19
 8.36794e+16	1.00e+00	6.61e-10	8.62e-20
 8.59280e+16	1.00e+00	4.60e-10	4.17e-20
 8.83632e+16	1.00e+00	3.15e-10	1.96e-20
 9.08336e+16	1.00e+00	2.17e-10	9.31e-21
 9.33039e+16	1.00e+00	1.51e-10	0.00e+00
 9.57741e+16	1.00e+00	1.06e-10	0.00e+00
 9.83634e+16	1.00e+00	7.35e-11	0.00e+00
 1.01112e+17	1.00e+00	5.06e-11	0.00e+00
 1.03926e+17	1.00e+00	3.49e-11	0.00e+00
 1.06769e+17	1.00e+00	2.42e-11	0.00e+00
 1.09611e+17	1.00e+00	1.69e-11	0.00e+00
 1.12453e+17	1.00e+00	1.20e-11	0.00e+00
 1.15295e+17	1.00e+00	8.53e-12	0.00e+00
 1.18137e+17	1.00e+00	6.14e-12	0.00e+00
 1.20979e+17	1.00e+00	4.47e-12	0.00e+00
 1.23821e+17	1.00e+00	3.28e-12	0.00e+00
 1.26807e+17	1.00e+00	2.40e-12	0.00e+00
 1.29937e+17	1.00e+00	1.76e-12	0.00e+00
 1.33067e+17	1.00e+00	1.31e-12	0.00e+00
 1.36196e+17	1.00e+00	9.92e-13	0.00e+00
 1.39326e+17	1.00e+00	7.69e-13	0.00e+00
 1.42456e+17	1.00e+00	6.10e-13	0.00e+00
 1.45920e+17	1.00e+00	4.84e-13	0.00e+00
 1.49860e+17	1.00e+00	3.81e-13	0.00e+00
 1.53842e+17	1.00e+00	3.11e-13	0.00e+00
 1.57597e+17	1.00e+00	2.68e-13	0.00e+00
 1.61168e+17	1.00e+00	2.42e-13	0.00e+00
 1.64656e+17	1.00e+00	2.24e-13	0.00e+00
 1.68074e+17	1.00e+00	2.10e-13	0.00e+00
 1.71378e+17	1.00e+00	2.01e-13	0.00e+00
 1.74539e+17	1.00e+00	1.95e-13	0.00e+00
 1.77549e+17	1.00e+00	1.91e-13	0.00e+00
 1.80415e+17	1.00e+00	1.89e-13	0.00e+00
 1.83146e+17	1.00e+00	1.87e-13	0.00e+00
 1.85747e+17	1.00e+00	1.86e-13	0.00e+00
 1.88214e+17	1.00e+00	1.86e-13	0.00e+00
 1.90548e+17	1.00e+00	1.86e-13	0.00e+00
 1.92756e+17	1.00e+00	1.86e-13	0.00e+00
 1.94844e+17	1.00e+00	1.86e-13	0.00e+00
 1.96820e+17	1.00e+00	1.87e-13	0.00e+00
 1.98689e+17	1.00e+00	1.87e-13	0.00e+00
 2.00456e+17	1.00e+00	1.88e-13	0.00e+00
 2.02126e+17	1.00e+00	1.88e-13	0.00e+00
 2.03705e+17	1.00e+00	1.89e-13	0.00e+00
 2.05198e+17	1.00e+00	1.89e-13	0.00e+00
 2.06612e+17	1.00e+00	1.90e-13	0.00e+00
 2.07949e+17	1.00e+00	1.90e-13	0.00e+00
 2.09215e+17	1.00e+00	1.91e-13	0.00e+00
 2.10414e+17	1.00e+00	1.91e-13	0.00e+00
 2.11550e+17	1.00e+00	1.92e-13	0.00e+00
 2.12626e+17	1.00e+00	1.92e-13	0.00e+00
 2.13646e+17	1.00e+00	1.93e-13	0.00e+00
 2.14614e+17	1.00e+00	1.93e-13	0.00e+00
 2.15532e+17	1.00e+00	1.93e-13	0.00e+00
 2.16404e+17	1.00e+00	1.94e-13	0.00e+00
 2.17232e+17	1.00e+00	1.94e-13	0.00e+00
 2.18018e+17	1.00e+00	1.94e-13	0.00e+00
 2.18766e+17	1.00e+00	1.94e-13	0.00e+00
 2.19477e+17	1.00e+00	1.95e-13	0.00e+00
 2.20154e+17	1.00e+00	1.95e-13	0.00e+00
 2.20798e+17	1.00e+00	1.95e-13	0.00e+00
 2.21412e+17	1.00e+00	1.95e-13	0.00e+00
 2.21998e+17	1.00e+00	1.95e-13	0.00e+00
 2.22557e+17	1.00e+00	1.96e-13	0.00e+00
 2.23090e+17	1.00e+00	1.96e-13	0.00e+00
 2.23600e+17	1.00e+00	1.96e-13	0.00e+00
 2.24088e+17	1.00e+00	1.96e-13	0.00e+00
 2.24554e+17	1.00e+00	1.96e-13	0.00e+00
 2.25002e+17	1.00e+00	1.96e-13	0.00e+00
 2.25432e+17	1.00e+00	1.96e-13	0.00e+00
 2.25844e+17	1.00e+00	1.96e-13	0.00e+00
 2.26242e+17	1.00e+00	1.96e-13	0.00e+00
 2.26624e+17	1.00e+00	1.97e-13	0.00e+00
 2.26994e+17	1.00e+00	1.97e-13	0.00e+00
 2.27352e+17	1.00e+00	1.97e-13	0.00e+00
 2.27698e+17	1.00e+00	1.97e-13	0.00e+00
 2.28035e+17	1.00e+00	1.97e-13	0.00e+00
 2.28363e+17	1.00e+00	1.97e-13	0.00e+00
 2.28684e+17	1.00e+00	1.97e-13	0.00e+00
 2.28999e+17	1.00e+00	1.97e-13	0.00e+00
 2.29308e+17	1.00e+00	1.97e-13	0.00e+00
 2.29613e+17	1.00e+00	1.97e-13	0.00e+00
 2.29917e+17	1.00e+00	1.97e-13	0.00e+00
 2.30219e+17	1.00e+00	1.97e-13	0.00e+00
 2.30523e+17	1.00e+00	1.97e-13	0.00e+00
 2.30830e+17	1.00e+00	1.97e-13	0.00e+00
 2.31141e+17	1.00e+00	1.97e-13	0.00e+00
 2.31462e+17	1.00e+00	1.97e-13	0.00e+00
 2.31793e+17	1.00e+00	1.97e-13	0.00e+00
 2.32140e+17	1.00e+00	1.96e-13	0.00e+00
 2.32508e+17	1.00e+00	1.96e-13	0.00e+00
 2.32904e+17	1.00e+00	1.96e-13	0.00e+00
 2.33336e+17	1.00e+00	1.96e-13	0.00e+00
 2.33818e+17	1.00e+00	1.95e-13	0.00e+00
 2.34367e+17	1.00e+00	1.95e-13	0.00e+00
 2.35008e+17	1.00e+00	1.94e-13	0.00e+00
 2.35777e+17	1.00e+00	1.93e-13	0.00e+00
 2.36733e+17	1.00e+00	1.92e-13	0.00e+00
 2.37960e+17	1.00e+00	1.89e-13	0.00e+00
 2.39555e+17	1.00e+00	1.85e-13	0.00e+00
 2.41628e+17	1.00e+00	1.79e-13	0.00e+00
 2.44323e+17	1.00e+00	1.70e-13	0.00e+00
 2.47827e+17	1.00e+00	1.58e-13	0.00e+00
 2.52382e+17	1.00e+00	1.42e-13	0.00e+00
 2.58303e+17	1.00e+00	1.23e-13	0.00e+00
 2.66000e+17	1.00e+00	1.01e-13	0.00e+00
 2.75758e+17	1.00e+00	7.64e-14	0.00e+00
 2.86788e+17	1.00e+00	5.57e-14	0.00e+00
 2.98260e+17	1.00e+00	4.87e-14	0.00e+00
 3.10190e+17	1.00e+00	4.34e-14	0.00e+00
 3.22598e+17	1.00e+00	3.85e-14	0.00e+00
 3.35502e+17	1.00e+00	3.38e-14	0.00e+00
 3.48922e+17	1.00e+00	2.94e-14	0.00e+00
 3.62879e+17	1.00e+00	2.53e-14	0.00e+00
 3.76775e+17	1.00e+00	2.14e-14	0.00e+00
 3.89544e+17	1.00e+00	2.08e-14	0.00e+00
 4.00887e+17	1.00e+00	2.26e-14	0.00e+00
 4.11271e+17	1.00e+00	2.38e-14	0.00e+00
 4.21169e+17	1.00e+00	2.34e-14	0.00e+00
 4.30631e+17	1.00e+00	2.18e-14	0.00e+00
 4.39323e+17	1.00e+00	2.06e-14	0.00e+00
 4.46987e+17	1.00e+00	2.01e-14	0.00e+00
 4.53682e+17	1.00e+00	1.98e-14	0.00e+00
 4.59310e+17	1.00e+00	1.93e-14	0.00e+00
 4.63432e+17	1.00e+00	1.93e-14	0.00e+00
 4.65998e+17	1.00e+00	1.99e-14	0.00e+00
 4.67506e+17	1.00e+00	2.06e-14	0.00e+00
 4.68411e+17	1.00e+00	2.09e-14	0.00e+00
 4.68954e+17	1.00e+00	2.12e-14	0.00e+00
 4.69322e+17	1.00e+00	2.13e-14	0.00e+00
 4.69676e+17	1.00e+00	2.14e-14	0.00e+00
 4.70080e+17	1.00e+00	2.14e-14	0.00e+00
 4.70511e+17	1.00e+00	2.15e-14	0.00e+00
 4.70893e+17	1.00e+00	2.15e-14	0.00e+00
 4.71204e+17	1.00e+00	2.15e-14	0.00e+00
 4.71488e+17	1.00e+00	2.15e-14	0.00e+00
 4.71767e+17	1.00e+00	2.15e-14	0.00e+00
 4.72045e+17	1.00e+00	2.14e-14	0.00e+00
 4.72311e+17	1.00e+00	2.14e-14	0.00e+00
 4.72548e+17	1.00e+00	2.14e-14	0.00e+00
 4.72770e+17	1.00e+00	2.13e-14	0.00e+00
 4.72990e+17	1.00e+00	2.13e-14	0.00e+00
 4.73197e+17	1.00e+00	2.12e-14	0.00e+00
 4.73396e+17	1.00e+00	2.12e-14	0.00e+00
 4.73589e+17	1.00e+00	2.11e-14	0.00e+00
 4.73774e+17	1.00e+00	2.11e-14	0.00e+00
 4.73950e+17	1.00e+00	2.10e-14	0.00e+00
 4.74119e+17	1.00e+00	2.10e-14	0.00e+00
 4.74283e+17	1.00e+00	2.09e-14	0.00e+00
 4.74443e+17	1.00e+00	2.08e-14	0.00e+00
 4.74597e+17	1.00e+00	2.08e-14	0.00e+00
 4.74746e+17	1.00e+00	2.07e-14	0.00e+00
 4.74893e+17	1.00e+00	2.07e-14	0.00e+00
 4.75037e+17	1.00e+00	2.06e-14	0.00e+00
 4.75178e+17	1.00e+00	2.05e-14	0.00e+00
 4.75315e+17	1.00e+00	2.05e-14	0.00e+00
 4.75453e+17	1.00e+00	2.04e-14	0.00e+00
 4.75589e+17	1.00e+00	2.03e-14	0.00e+00
 4.75723e+17	1.00e+00	2.03e-14	0.00e+00
 4.75856e+17	1.00e+00	2.02e-14	0.00e+00
 4.75990e+17	1.00e+00	2.01e-14	0.00e+00
 4.76124e+17	1.00e+00	2.00e-14	0.00e+00
 4.76258e+17	1.00e+00	2.00e-14	0.00e+00
 4.76388e+17	1.00e+00	1.99e-14	0.00e+00
 4.76519e+17	1.00e+00	1.98e-14	0.00e+00
 4.76657e+17	1.00e+00	1.97e-14	0.00e+00
 4.76800e+17	1.00e+00	1.96e-14	0.00e+00
 4.76944e+17	1.00e+00	1.96e-14	0.00e+00
 4.77087e+17	1.00e+00	1.95e-14	0.00e+00
 4.77229e+17	1.00e+00	1.94e-14	0.00e+00
 4.77372e+17	1.00e+00	1.93e-14	0.00e+00
 4.77515e+17	1.00e+00	1.92e-14	0.00e+00
 4.77674e+17	1.00e+00	1.91e-14	0.00e+00
 4.77851e+17	1.00e+00	1.89e-14	0.00e+00
 4.78021e+17	1.00e+00	1.88e-14	0.00e+00
 4.78174e+17	1.00e+00	1.87e-14	0.00e+00
 4.78329e+17	1.00e+00	1.86e-14	0.00e+00
 4.78507e+17	1.00e+00	1.85e-14	0.00e+00
 4.78692e+17	1.00e+00	1.83e-14	0.00e+00
 4.78865e+17	1.00e+00	1.82e-14	0.00e+00
 4.79041e+17	1.00e+00	1.81e-14	0.00e+00
 4.79240e+17	1.00e+00	1.79e-14	0.00e+00
 4.79449e+17	1.00e+00	1.77e-14	0.00e+00
 4.79646e+17	1.00e+00	1.76e-14	0.00e+00
 4.79836e+17	1.00e+00	1.74e-14	0.00e+00
 4.80040e+17	1.00e+00	1.73e-14	0.00e+00
 4.80262e+17	1.00e+00	1.71e-14	0.00e+00
 4.80501e+17	1.00e+00	1.69e-14	0.00e+00
 4.80738e+17	1.00e+00	1.67e-14	0.00e+00
 4.80962e+17	1.00e+00	1.65e-14	0.00e+00
 4.81187e+17	1.00e+00	1.63e-14	0.00e+00
 4.81434e+17	1.00e+00	1.61e-14	0.00e+00
 4.81699e+17	1.00e+00	1.59e-14	0.00e+00
 4.81964e+17	1.00e+00	1.57e-14	0.00e+00
 4.82226e+17	1.00e+00	1.55e-14	0.00e+00
 4.82494e+17	1.00e+00	1.52e-14	0.00e+00
 4.82786e+17	1.00e+00	1.50e-14	0.00e+00
 4.83093e+17	1.00e+00	1.47e-14	0.00e+00
 4.83386e+17	1.00e+00	1.45e-14	0.00e+00
 4.83676e+17	1.00e+00	1.42e-14	0.00e+00
 4.83988e+17	1.00e+00	1.40e-14	0.00e+00
 4.84321e+17	1.00e+00	1.37e-14	0.00e+00
 4.84651e+17	1.00e+00	1.34e-14	0.00e+00
 4.84981e+17	1.00e+00	1.31e-14	0.00e+00
 4.85329e+17	1.00e+00	1.28e-14	0.00e+00
 4.85692e+17	1.00e+00	1.25e-14	0.00e+00
 4.86061e+17	1.00e+00	1.22e-14	0.00e+00
 4.86428e+17	1.00e+00	1.19e-14	0.00e+00
 4.86793e+17	1.00e+00	1.16e-14	0.00e+00
 4.87176e+17	1.00e+00	1.13e-14	0.00e+00
 4.87588e+17	1.00e+00	1.10e-14	0.00e+00
 4.88009e+17	1.00e+00	1.07e-14	0.00e+00
 4.88423e+17	1.00e+00	1.03e-14	0.00e+00
 4.88838e+17	1.00e+00	1.00e-14	0.00e+00
 4.89269e+17	1.00e+00	9.68e-15	0.00e+00
 4.89720e+17	1.00e+00	9.35e-15	0.00e+00
 4.90179e+17	1.00e+00	9.00e-15	0.00e+00
 4.90646e+17	1.00e+00	8.66e-15	0.00e+00
 4.91116e+17	1.00e+00	8.32e-15	0.00e+00
 4.91591e+17	1.00e+00	7.99e-15	0.00e+00
 4.92076e+17	1.00e+00	7.66e-15	0.00e+00
 4.92593e+17	1.00e+00	7.32e-15	0.00e+00
 4.93130e+17	1.00e+00	6.96e-15	0.00e+00
 4.93652e+17	1.00e+00	6.62e-15	0.00e+00
 4.94170e+17	1.00e+00	6.30e-15	0.00e+00
 4.94713e+17	1.00e+00	5.99e-15	0.00e+00
 4.95288e+17	1.00e+00	5.67e-15	0.00e+00
 4.95891e+17	1.00e+00	5.33e-15	0.00e+00
 4.96497e+17	1.00e+00	4.99e-15	0.00e+00
 4.97091e+17	1.00e+00	4.69e-15	0.00e+00
 4.97699e+17	1.00e+00	4.40e-15	0.00e+00
 4.98356e+17	1.00e+00	4.11e-15	0.00e+00
 4.99060e+17	1.00e+00	3.80e-15	0.00e+00
 4.99744e+17	1.00e+00	3.50e-15	0.00e+00
 5.00331e+17	1.00e+00	3.24e-15	0.00e+00
 5.00821e+17	1.00e+00	3.05e-15	0.00e+00
 5.01268e+17	1.00e+00	2.89e-15	0.00e+00
 5.01713e+17	1.00e+00	2.74e-15	0.00e+00
 5.02157e+17	1.00e+00	2.59e-15	0.00e+00
 5.02580e+17	1.00e+00	2.45e-15	0.00e+00
 5.02969e+17	1.00e+00	2.33e-15	0.00e+00
 5.03334e+17	1.00e+00	2.22e-15	0.00e+00
 5.03687e+17	1.00e+00	2.12e-15	0.00e+00
 5.04032e+17	1.00e+00	2.02e-15	0.00e+00
 5.04367e+17	1.00e+00	1.93e-15	0.00e+00
 5.04686e+17	1.00e+00	1.85e-15	0.00e+00
 5.04991e+17	1.00e+00	1.77e-15	0.00e+00
 5.05285e+17	1.00e+00	1.70e-15	0.00e+00
 5.05569e+17	1.00e+00	1.63e-15	0.00e+00
 5.05845e+17	1.00e+00	1.56e-15	0.00e+00
 5.06112e+17	1.00e+00	1.50e-15	0.00e+00
 5.06369e+17	1.00e+00	1.44e-15	0.00e+00
 5.06616e+17	1.00e+00	1.39e-15	0.00e+00
 5.06856e+17	1.00e+00	1.34e-15	0.00e+00
 5.07089e+17	1.00e+00	1.29e-15	0.00e+00
 5.07317e+17	1.00e+00	1.24e-15	0.00e+00
 5.07539e+17	1.00e+00	1.19e-15	0.00e+00
 5.07753e+17	1.00e+00	1.15e-15	0.00e+00
 5.07958e+17	1.00e+00	1.11e-15	0.00e+00
 5.08158e+17	1.00e+00	1.08e-15	0.00e+00
 5.08359e+17	1.00e+00	1.04e-15	0.00e+00
 5.08556e+17	1.00e+00	1.01e-15	0.00e+00
 5.08746e+17	1.00e+00	9.72e-16	0.00e+00
 5.08929e+17	1.00e+00	9.40e-16	0.00e+00
 5.09136e+17	1.00e+00	9.10e-16	0.00e+00
 5.09405e+17	1.00e+00	8.74e-16	0.00e+00
 5.09754e+17	1.00e+00	8.26e-16	0.00e+00
 5.10209e+17	1.00e+00	7.68e-16	0.00e+00
 5.10800e+17	1.00e+00	6.97e-16	0.00e+00
 5.11569e+17	1.00e+00	6.13e-16	0.00e+00
 5.12471e+17	1.00e+00	5.18e-16	0.00e+00
 5.13317e+17	1.00e+00	4.30e-16	0.00e+00
 5.13977e+17	1.00e+00	3.70e-16	0.00e+00
 5.14502e+17	1.00e+00	3.31e-16	0.00e+00
 5.15004e+17	1.00e+00	3.00e-16	0.00e+00
 5.15562e+17	1.00e+00	2.70e-16	0.00e+00
 5.16171e+17	1.00e+00	2.39e-16	0.00e+00
 5.16776e+17	1.00e+00	2.10e-16	0.00e+00
 5.17342e+17	1.00e+00	1.86e-16	0.00e+00
 5.17886e+17	1.00e+00	1.67e-16	0.00e+00
 5.18446e+17	1.00e+00	1.49e-16	0.00e+00
 5.19038e+17	1.00e+00	1.32e-16	0.00e+00
