#depth	O	O+	O+2	O+3	O+4	O+5	O+6	O+7	O+8	O[1]	O[2]	O[3]
 1.49634e+10	6.47e-46	2.16e-36	1.31e-27	7.90e-20	6.68e-13	6.32e-07	1.00e+00	0.00e+00	0.00e+00	0.00e+00	0.00e+00	0.00e+00
 4.54887e+10	0.00e+00	3.24e-36	1.82e-27	1.02e-19	8.04e-13	6.97e-07	1.00e+00	1.42e-08	0.00e+00	0.00e+00	0.00e+00	0.00e+00
 7.72350e+10	1.69e-45	4.82e-36	2.53e-27	1.32e-19	9.67e-13	7.68e-07	1.00e+00	0.00e+00	0.00e+00	0.00e+00	0.00e+00	0.00e+00
 1.10251e+11	0.00e+00	7.17e-36	3.51e-27	1.71e-19	1.16e-12	8.48e-07	1.00e+00	0.00e+00	0.00e+00	0.00e+00	0.00e+00	0.00e+00
 1.40659e+11	4.10e-45	1.02e-35	4.68e-27	2.15e-19	1.37e-12	9.26e-07	1.00e+00	0.00e+00	0.00e+00	0.00e+00	0.00e+00	0.00e+00
 1.65764e+11	0.00e+00	1.34e-35	5.88e-27	2.58e-19	1.56e-12	9.93e-07	1.00e+00	0.00e+00	0.00e+00	0.00e+00	0.00e+00	0.00e+00
 1.92278e+11	7.97e-45	1.78e-35	7.43e-27	3.10e-19	1.79e-12	1.07e-06	1.00e+00	0.00e+00	0.00e+00	0.00e+00	0.00e+00	0.00e+00
 2.26373e+11	0.00e+00	2.52e-35	9.93e-27	3.91e-19	2.11e-12	1.17e-06	1.00e+00	0.00e+00	0.00e+00	0.00e+00	0.00e+00	0.00e+00
 2.61926e+11	1.82e-44	3.58e-35	1.33e-26	4.92e-19	2.50e-12	1.28e-06	1.00e+00	0.00e+00	0.00e+00	0.00e+00	0.00e+00	0.00e+00
 2.92612e+11	0.00e+00	4.77e-35	1.69e-26	5.97e-19	2.88e-12	1.38e-06	1.00e+00	0.00e+00	0.00e+00	0.00e+00	0.00e+00	0.00e+00
 3.25367e+11	3.65e-44	6.42e-35	2.16e-26	7.27e-19	3.32e-12	1.49e-06	1.00e+00	0.00e+00	0.00e+00	0.00e+00	0.00e+00	0.00e+00
 3.65721e+11	0.00e+00	9.10e-35	2.89e-26	9.19e-19	3.94e-12	1.64e-06	1.00e+00	0.00e+00	0.00e+00	0.00e+00	0.00e+00	0.00e+00
 4.06862e+11	8.24e-44	1.28e-34	3.85e-26	1.16e-18	4.66e-12	1.80e-06	1.00e+00	0.00e+00	0.00e+00	0.00e+00	0.00e+00	0.00e+00
 4.43875e+11	0.00e+00	1.72e-34	4.92e-26	1.41e-18	5.39e-12	1.95e-06	1.00e+00	0.00e+00	0.00e+00	0.00e+00	0.00e+00	0.00e+00
 4.84615e+11	1.68e-43	2.34e-34	6.39e-26	1.74e-18	6.29e-12	2.12e-06	1.00e+00	0.00e+00	0.00e+00	0.00e+00	0.00e+00	0.00e+00
 5.32758e+11	0.00e+00	3.33e-34	8.58e-26	2.21e-18	7.49e-12	2.33e-06	1.00e+00	0.00e+00	0.00e+00	0.00e+00	0.00e+00	0.00e+00
 5.81033e+11	3.76e-43	4.65e-34	1.14e-25	2.78e-18	8.85e-12	2.56e-06	1.00e+00	0.00e+00	0.00e+00	0.00e+00	0.00e+00	0.00e+00
 6.26859e+11	0.00e+00	6.32e-34	1.47e-25	3.42e-18	1.03e-11	2.79e-06	1.00e+00	0.00e+00	0.00e+00	0.00e+00	0.00e+00	0.00e+00
 6.77481e+11	7.88e-43	8.73e-34	1.94e-25	4.27e-18	1.21e-11	3.05e-06	1.00e+00	0.00e+00	0.00e+00	0.00e+00	0.00e+00	0.00e+00
 7.34507e+11	0.00e+00	1.24e-33	2.60e-25	5.43e-18	1.44e-11	3.36e-06	1.00e+00	0.00e+00	0.00e+00	0.00e+00	0.00e+00	0.00e+00
 7.91480e+11	1.75e-42	1.73e-33	3.45e-25	6.83e-18	1.71e-11	3.69e-06	1.00e+00	0.00e+00	0.00e+00	0.00e+00	0.00e+00	0.00e+00
 8.41861e+11	0.00e+00	2.29e-33	4.39e-25	8.30e-18	1.97e-11	3.99e-06	1.00e+00	0.00e+00	0.00e+00	0.00e+00	0.00e+00	0.00e+00
 8.84092e+11	3.18e-42	2.88e-33	5.33e-25	9.72e-18	2.21e-11	4.26e-06	1.00e+00	0.00e+00	0.00e+00	0.00e+00	0.00e+00	0.00e+00
 9.29523e+11	0.00e+00	3.67e-33	6.54e-25	1.15e-17	2.49e-11	4.55e-06	1.00e+00	0.00e+00	0.00e+00	0.00e+00	0.00e+00	0.00e+00
 9.88584e+11	5.98e-42	4.96e-33	8.44e-25	1.41e-17	2.89e-11	4.95e-06	1.00e+00	0.00e+00	0.00e+00	0.00e+00	0.00e+00	0.00e+00
 1.05040e+12	0.00e+00	6.70e-33	1.09e-24	1.74e-17	3.36e-11	5.39e-06	1.00e+00	0.00e+00	0.00e+00	0.00e+00	0.00e+00	0.00e+00
 1.10316e+12	1.14e-41	8.61e-33	1.35e-24	2.07e-17	3.81e-11	5.78e-06	1.00e+00	0.00e+00	0.00e+00	0.00e+00	0.00e+00	0.00e+00
 1.15911e+12	0.00e+00	1.11e-32	1.68e-24	2.48e-17	4.33e-11	6.21e-06	1.00e+00	0.00e+00	0.00e+00	0.00e+00	0.00e+00	0.00e+00
 1.22952e+12	2.20e-41	1.52e-32	2.19e-24	3.07e-17	5.05e-11	6.78e-06	1.00e+00	0.00e+00	0.00e+00	0.00e+00	0.00e+00	0.00e+00
 1.30202e+12	0.00e+00	2.07e-32	2.85e-24	3.81e-17	5.89e-11	7.39e-06	1.00e+00	0.00e+00	0.00e+00	0.00e+00	0.00e+00	0.00e+00
 1.36585e+12	4.27e-41	2.70e-32	3.57e-24	4.57e-17	6.70e-11	7.95e-06	1.00e+00	0.00e+00	0.00e+00	0.00e+00	0.00e+00	0.00e+00
 1.43509e+12	0.00e+00	3.56e-32	4.52e-24	5.53e-17	7.68e-11	8.58e-06	1.00e+00	0.00e+00	0.00e+00	0.00e+00	0.00e+00	0.00e+00
 1.51161e+12	8.27e-41	4.77e-32	5.81e-24	6.79e-17	8.88e-11	9.31e-06	1.00e+00	0.00e+00	0.00e+00	0.00e+00	0.00e+00	0.00e+00
 1.58226e+12	0.00e+00	6.21e-32	7.27e-24	8.15e-17	1.01e-10	1.00e-05	1.00e+00	0.00e+00	0.00e+00	0.00e+00	0.00e+00	0.00e+00
 1.65877e+12	1.55e-40	8.19e-32	9.21e-24	9.87e-17	1.16e-10	1.08e-05	1.00e+00	0.00e+00	0.00e+00	0.00e+00	0.00e+00	0.00e+00
 1.74402e+12	0.00e+00	1.10e-31	1.19e-23	1.21e-16	1.34e-10	1.17e-05	1.00e+00	0.00e+00	0.00e+00	0.00e+00	0.00e+00	0.00e+00
 1.82378e+12	2.98e-40	1.44e-31	1.49e-23	1.46e-16	1.52e-10	1.26e-05	1.00e+00	0.00e+00	0.00e+00	0.00e+00	0.00e+00	0.00e+00
 1.91061e+12	0.00e+00	1.92e-31	1.90e-23	1.78e-16	1.75e-10	1.36e-05	1.00e+00	0.00e+00	0.00e+00	0.00e+00	0.00e+00	0.00e+00
 2.00712e+12	5.88e-40	2.60e-31	2.47e-23	2.20e-16	2.03e-10	1.48e-05	1.00e+00	0.00e+00	0.00e+00	0.00e+00	0.00e+00	0.00e+00
 2.09727e+12	0.00e+00	3.44e-31	3.13e-23	2.66e-16	2.31e-10	1.60e-05	1.00e+00	0.00e+00	0.00e+00	0.00e+00	0.00e+00	0.00e+00
 2.19550e+12	1.14e-39	4.61e-31	4.02e-23	3.25e-16	2.66e-10	1.73e-05	1.00e+00	0.00e+00	0.00e+00	0.00e+00	0.00e+00	0.00e+00
 2.30529e+12	0.00e+00	6.31e-31	5.25e-23	4.04e-16	3.09e-10	1.88e-05	1.00e+00	0.00e+00	0.00e+00	0.00e+00	0.00e+00	0.00e+00
 2.40878e+12	2.28e-39	8.43e-31	6.71e-23	4.92e-16	3.54e-10	2.03e-05	1.00e+00	0.00e+00	0.00e+00	0.00e+00	0.00e+00	0.00e+00
 2.52198e+12	0.00e+00	1.15e-30	8.71e-23	6.06e-16	4.09e-10	2.20e-05	1.00e+00	0.00e+00	0.00e+00	0.00e+00	0.00e+00	0.00e+00
 2.64876e+12	4.75e-39	1.59e-30	1.15e-22	7.58e-16	4.77e-10	2.39e-05	1.00e+00	0.00e+00	0.00e+00	0.00e+00	0.00e+00	0.00e+00
 2.76891e+12	0.00e+00	2.16e-30	1.49e-22	9.32e-16	5.50e-10	2.59e-05	1.00e+00	0.00e+00	0.00e+00	0.00e+00	0.00e+00	0.00e+00
 2.89775e+12	9.76e-39	2.97e-30	1.95e-22	1.15e-15	6.36e-10	2.81e-05	1.00e+00	0.00e+00	0.00e+00	0.00e+00	0.00e+00	0.00e+00
 3.04359e+12	0.00e+00	4.19e-30	2.61e-22	1.46e-15	7.46e-10	3.07e-05	1.00e+00	0.00e+00	0.00e+00	0.00e+00	0.00e+00	0.00e+00
 3.18786e+12	2.13e-38	5.84e-30	3.45e-22	1.82e-15	8.67e-10	3.33e-05	1.00e+00	0.00e+00	0.00e+00	0.00e+00	0.00e+00	0.00e+00
 3.33790e+12	0.00e+00	8.15e-30	4.57e-22	2.27e-15	1.01e-09	3.62e-05	1.00e+00	0.00e+00	0.00e+00	0.00e+00	0.00e+00	0.00e+00
 3.50134e+12	4.70e-38	1.16e-29	6.13e-22	2.86e-15	1.18e-09	3.95e-05	1.00e+00	0.00e+00	0.00e+00	0.00e+00	0.00e+00	0.00e+00
 3.67132e+12	0.00e+00	1.66e-29	8.27e-22	3.62e-15	1.38e-09	4.30e-05	1.00e+00	0.00e+00	0.00e+00	0.00e+00	0.00e+00	0.00e+00
 3.83241e+12	1.04e-37	2.29e-29	1.08e-21	4.47e-15	1.60e-09	4.66e-05	1.00e+00	0.00e+00	0.00e+00	0.00e+00	0.00e+00	0.00e+00
 3.97705e+12	0.00e+00	3.03e-29	1.37e-21	5.38e-15	1.81e-09	4.99e-05	1.00e+00	0.00e+00	0.00e+00	0.00e+00	0.00e+00	0.00e+00
 4.11168e+12	1.94e-37	3.92e-29	1.70e-21	6.36e-15	2.03e-09	5.30e-05	1.00e+00	0.00e+00	0.00e+00	0.00e+00	0.00e+00	0.00e+00
 4.25987e+12	0.00e+00	5.17e-29	2.14e-21	7.61e-15	2.29e-09	5.66e-05	1.00e+00	0.00e+00	0.00e+00	0.00e+00	0.00e+00	0.00e+00
 4.42706e+12	3.84e-37	7.01e-29	2.75e-21	9.25e-15	2.61e-09	6.07e-05	1.00e+00	0.00e+00	0.00e+00	0.00e+00	0.00e+00	0.00e+00
 4.58750e+12	0.00e+00	9.30e-29	3.47e-21	1.11e-14	2.95e-09	6.48e-05	1.00e+00	0.00e+00	0.00e+00	0.00e+00	0.00e+00	0.00e+00
 4.76465e+12	7.61e-37	1.26e-28	4.47e-21	1.35e-14	3.36e-09	6.95e-05	1.00e+00	0.00e+00	0.00e+00	0.00e+00	0.00e+00	0.00e+00
 4.96149e+12	0.00e+00	1.75e-28	5.85e-21	1.66e-14	3.87e-09	7.49e-05	1.00e+00	0.00e+00	0.00e+00	0.00e+00	0.00e+00	0.00e+00
 5.14227e+12	1.57e-36	2.34e-28	7.45e-21	2.00e-14	4.38e-09	8.01e-05	1.00e+00	0.00e+00	0.00e+00	0.00e+00	0.00e+00	0.00e+00
 5.30998e+12	0.00e+00	3.05e-28	9.26e-21	2.37e-14	4.90e-09	8.50e-05	1.00e+00	0.00e+00	0.00e+00	0.00e+00	0.00e+00	0.00e+00
 5.50236e+12	3.05e-36	4.11e-28	1.18e-20	2.86e-14	5.55e-09	9.07e-05	1.00e+00	0.00e+00	0.00e+00	0.00e+00	0.00e+00	0.00e+00
 5.73829e+12	0.00e+00	5.86e-28	1.58e-20	3.56e-14	6.44e-09	9.80e-05	1.00e+00	0.00e+00	0.00e+00	0.00e+00	0.00e+00	0.00e+00
 5.97411e+12	6.85e-36	8.18e-28	2.08e-20	4.41e-14	7.43e-09	1.06e-04	1.00e+00	0.00e+00	0.00e+00	0.00e+00	0.00e+00	0.00e+00
 6.17853e+12	0.00e+00	1.09e-27	2.63e-20	5.28e-14	8.38e-09	1.12e-04	1.00e+00	0.00e+00	0.00e+00	0.00e+00	0.00e+00	0.00e+00
 6.39883e+12	1.39e-35	1.48e-27	3.37e-20	6.36e-14	9.49e-09	1.20e-04	1.00e+00	0.00e+00	0.00e+00	0.00e+00	0.00e+00	0.00e+00
 6.66878e+12	0.00e+00	2.13e-27	4.52e-20	7.95e-14	1.10e-08	1.29e-04	1.00e+00	0.00e+00	0.00e+00	0.00e+00	0.00e+00	0.00e+00
 6.94494e+12	3.20e-35	3.01e-27	6.01e-20	9.89e-14	1.27e-08	1.40e-04	1.00e+00	0.00e+00	0.00e+00	0.00e+00	0.00e+00	0.00e+00
 7.19354e+12	4.67e-35	4.13e-27	7.74e-20	1.20e-13	1.45e-08	1.49e-04	1.00e+00	0.00e+00	0.00e+00	0.00e+00	0.00e+00	0.00e+00
 7.46465e+12	6.93e-35	5.74e-27	1.01e-19	1.46e-13	1.66e-08	1.59e-04	1.00e+00	0.00e+00	0.00e+00	0.00e+00	0.00e+00	0.00e+00
 7.78521e+12	1.09e-34	8.39e-27	1.37e-19	1.84e-13	1.93e-08	1.72e-04	1.00e+00	0.00e+00	0.00e+00	0.00e+00	0.00e+00	0.00e+00
 8.10641e+12	1.67e-34	1.20e-26	1.83e-19	2.30e-13	2.24e-08	1.86e-04	1.00e+00	0.00e+00	0.00e+00	0.00e+00	0.00e+00	0.00e+00
 8.40802e+12	2.48e-34	1.68e-26	2.40e-19	2.81e-13	2.56e-08	1.99e-04	1.00e+00	0.00e+00	0.00e+00	0.00e+00	0.00e+00	0.00e+00
 8.74183e+12	3.82e-34	2.40e-26	3.19e-19	3.48e-13	2.95e-08	2.13e-04	1.00e+00	0.00e+00	0.00e+00	0.00e+00	0.00e+00	0.00e+00
 9.12143e+12	6.03e-34	3.52e-26	4.36e-19	4.40e-13	3.45e-08	2.31e-04	1.00e+00	0.00e+00	0.00e+00	0.00e+00	0.00e+00	0.00e+00
 9.49964e+12	9.49e-34	5.13e-26	5.90e-19	5.52e-13	4.01e-08	2.49e-04	1.00e+00	0.00e+00	0.00e+00	0.00e+00	0.00e+00	0.00e+00
 9.89299e+12	1.50e-33	7.49e-26	7.98e-19	6.91e-13	4.66e-08	2.68e-04	1.00e+00	0.00e+00	0.00e+00	0.00e+00	0.00e+00	0.00e+00
 1.03186e+13	2.39e-33	1.11e-25	1.09e-18	8.75e-13	5.45e-08	2.90e-04	1.00e+00	0.00e+00	0.00e+00	0.00e+00	0.00e+00	0.00e+00
 1.07613e+13	3.83e-33	1.64e-25	1.50e-18	1.11e-12	6.38e-08	3.14e-04	1.00e+00	0.00e+00	0.00e+00	0.00e+00	0.00e+00	0.00e+00
 1.12217e+13	6.14e-33	2.43e-25	2.05e-18	1.40e-12	7.46e-08	3.39e-04	1.00e+00	0.00e+00	0.00e+00	0.00e+00	0.00e+00	0.00e+00
 1.16687e+13	9.52e-33	3.50e-25	2.75e-18	1.75e-12	8.64e-08	3.65e-04	1.00e+00	0.00e+00	0.00e+00	0.00e+00	0.00e+00	0.00e+00
 1.20497e+13	1.37e-32	4.73e-25	3.50e-18	2.09e-12	9.75e-08	3.87e-04	1.00e+00	0.00e+00	0.00e+00	0.00e+00	0.00e+00	0.00e+00
 1.24377e+13	1.96e-32	6.38e-25	4.45e-18	2.50e-12	1.10e-07	4.11e-04	1.00e+00	0.00e+00	0.00e+00	0.00e+00	0.00e+00	0.00e+00
 1.29251e+13	3.02e-32	9.17e-25	5.95e-18	3.11e-12	1.27e-07	4.42e-04	1.00e+00	0.00e+00	0.00e+00	0.00e+00	0.00e+00	0.00e+00
 1.34216e+13	4.63e-32	1.31e-24	7.92e-18	3.85e-12	1.47e-07	4.74e-04	1.00e+00	0.00e+00	0.00e+00	0.00e+00	0.00e+00	0.00e+00
 1.38530e+13	6.61e-32	1.76e-24	1.01e-17	4.61e-12	1.65e-07	5.03e-04	9.99e-01	0.00e+00	0.00e+00	0.00e+00	0.00e+00	0.00e+00
 1.43199e+13	9.74e-32	2.43e-24	1.30e-17	5.57e-12	1.87e-07	5.35e-04	9.99e-01	0.00e+00	0.00e+00	0.00e+00	0.00e+00	0.00e+00
 1.48905e+13	1.49e-31	3.48e-24	1.75e-17	6.96e-12	2.17e-07	5.77e-04	9.99e-01	0.00e+00	0.00e+00	0.00e+00	0.00e+00	0.00e+00
 1.54707e+13	2.32e-31	5.02e-24	2.34e-17	8.67e-12	2.51e-07	6.20e-04	9.99e-01	0.00e+00	0.00e+00	0.00e+00	0.00e+00	0.00e+00
 1.60068e+13	3.44e-31	6.97e-24	3.04e-17	1.05e-11	2.86e-07	6.61e-04	9.99e-01	0.00e+00	0.00e+00	0.00e+00	0.00e+00	0.00e+00
 1.66097e+13	5.24e-31	9.89e-24	4.03e-17	1.30e-11	3.30e-07	7.09e-04	9.99e-01	0.00e+00	0.00e+00	0.00e+00	0.00e+00	0.00e+00
 1.73040e+13	8.23e-31	1.45e-23	5.51e-17	1.65e-11	3.86e-07	7.68e-04	9.99e-01	0.00e+00	0.00e+00	0.00e+00	0.00e+00	0.00e+00
 1.79904e+13	1.30e-30	2.11e-23	7.44e-17	2.06e-11	4.48e-07	8.27e-04	9.99e-01	0.00e+00	0.00e+00	0.00e+00	0.00e+00	0.00e+00
 1.86085e+13	1.87e-30	2.88e-23	9.62e-17	2.50e-11	5.10e-07	8.83e-04	9.99e-01	0.00e+00	0.00e+00	0.00e+00	0.00e+00	0.00e+00
 1.92657e+13	2.80e-30	4.03e-23	1.26e-16	3.06e-11	5.82e-07	9.43e-04	9.99e-01	0.00e+00	0.00e+00	0.00e+00	0.00e+00	0.00e+00
 2.00022e+13	4.20e-30	5.68e-23	1.67e-16	3.80e-11	6.73e-07	1.02e-03	9.99e-01	0.00e+00	0.00e+00	0.00e+00	0.00e+00	0.00e+00
 2.06965e+13	6.26e-30	7.91e-23	2.18e-16	4.62e-11	7.67e-07	1.08e-03	9.99e-01	0.00e+00	0.00e+00	0.00e+00	0.00e+00	0.00e+00
 2.14535e+13	9.24e-30	1.10e-22	2.87e-16	5.69e-11	8.81e-07	1.16e-03	9.99e-01	0.00e+00	0.00e+00	0.00e+00	0.00e+00	0.00e+00
 2.22916e+13	1.41e-29	1.58e-22	3.85e-16	7.10e-11	1.02e-06	1.25e-03	9.99e-01	0.00e+00	0.00e+00	0.00e+00	0.00e+00	0.00e+00
 2.30701e+13	2.10e-29	2.20e-22	5.02e-16	8.67e-11	1.17e-06	1.34e-03	9.99e-01	0.00e+00	0.00e+00	0.00e+00	0.00e+00	0.00e+00
 2.39171e+13	3.09e-29	3.05e-22	6.62e-16	1.07e-10	1.34e-06	1.44e-03	9.99e-01	0.00e+00	0.00e+00	0.00e+00	0.00e+00	0.00e+00
 2.48626e+13	4.78e-29	4.40e-22	8.92e-16	1.34e-10	1.56e-06	1.55e-03	9.98e-01	0.00e+00	0.00e+00	0.00e+00	0.00e+00	0.00e+00
 2.57542e+13	7.02e-29	6.10e-22	1.17e-15	1.64e-10	1.79e-06	1.66e-03	9.98e-01	0.00e+00	0.00e+00	0.00e+00	0.00e+00	0.00e+00
 2.67175e+13	1.06e-28	8.63e-22	1.55e-15	2.03e-10	2.06e-06	1.79e-03	9.98e-01	0.00e+00	0.00e+00	0.00e+00	0.00e+00	0.00e+00
 2.77889e+13	1.63e-28	1.24e-21	2.10e-15	2.56e-10	2.40e-06	1.93e-03	9.98e-01	0.00e+00	0.00e+00	0.00e+00	0.00e+00	0.00e+00
 2.88148e+13	2.48e-28	1.77e-21	2.79e-15	3.16e-10	2.76e-06	2.07e-03	9.98e-01	0.00e+00	0.00e+00	0.00e+00	0.00e+00	0.00e+00
 2.99089e+13	3.66e-28	2.47e-21	3.71e-15	3.93e-10	3.20e-06	2.24e-03	9.98e-01	0.00e+00	0.00e+00	0.00e+00	0.00e+00	0.00e+00
 3.11351e+13	5.72e-28	3.60e-21	5.06e-15	4.97e-10	3.74e-06	2.42e-03	9.98e-01	0.00e+00	0.00e+00	0.00e+00	0.00e+00	0.00e+00
 3.23526e+13	8.86e-28	5.20e-21	6.82e-15	6.21e-10	4.34e-06	2.61e-03	9.97e-01	0.00e+00	0.00e+00	0.00e+00	0.00e+00	0.00e+00
 3.36188e+13	1.35e-27	7.42e-21	9.18e-15	7.78e-10	5.04e-06	2.82e-03	9.97e-01	0.00e+00	0.00e+00	0.00e+00	0.00e+00	0.00e+00
 3.49115e+13	2.00e-27	1.04e-20	1.23e-14	9.70e-10	5.84e-06	3.04e-03	9.97e-01	0.00e+00	0.00e+00	0.00e+00	0.00e+00	0.00e+00
 3.61171e+13	2.91e-27	1.43e-20	1.60e-14	1.18e-09	6.67e-06	3.25e-03	9.97e-01	0.00e+00	0.00e+00	0.00e+00	0.00e+00	0.00e+00
 3.74529e+13	4.40e-27	2.03e-20	2.12e-14	1.46e-09	7.68e-06	3.49e-03	9.97e-01	0.00e+00	0.00e+00	0.00e+00	0.00e+00	0.00e+00
 3.89141e+13	6.53e-27	2.86e-20	2.85e-14	1.83e-09	8.92e-06	3.77e-03	9.96e-01	0.00e+00	0.00e+00	0.00e+00	0.00e+00	0.00e+00
 4.02713e+13	9.72e-27	3.98e-20	3.73e-14	2.24e-09	1.02e-05	4.03e-03	9.96e-01	0.00e+00	0.00e+00	0.00e+00	0.00e+00	0.00e+00
 4.14700e+13	1.31e-26	5.16e-20	4.67e-14	2.66e-09	1.14e-05	4.27e-03	9.96e-01	0.00e+00	0.00e+00	0.00e+00	0.00e+00	0.00e+00
 4.27433e+13	1.85e-26	6.91e-20	5.92e-14	3.18e-09	1.29e-05	4.53e-03	9.95e-01	0.00e+00	0.00e+00	0.00e+00	0.00e+00	0.00e+00
 4.43473e+13	2.71e-26	9.61e-20	7.87e-14	3.94e-09	1.49e-05	4.88e-03	9.95e-01	0.00e+00	0.00e+00	0.00e+00	0.00e+00	0.00e+00
 4.59628e+13	4.02e-26	1.34e-19	1.04e-13	4.87e-09	1.71e-05	5.24e-03	9.95e-01	0.00e+00	0.00e+00	0.00e+00	0.00e+00	0.00e+00
 4.73355e+13	5.60e-26	1.78e-19	1.31e-13	5.79e-09	1.92e-05	5.55e-03	9.94e-01	0.00e+00	0.00e+00	0.00e+00	0.00e+00	0.00e+00
 4.88109e+13	7.80e-26	2.36e-19	1.66e-13	6.93e-09	2.17e-05	5.90e-03	9.94e-01	0.00e+00	0.00e+00	0.00e+00	0.00e+00	0.00e+00
 5.06526e+13	1.14e-25	3.28e-19	2.22e-13	8.62e-09	2.50e-05	6.36e-03	9.94e-01	0.00e+00	0.00e+00	0.00e+00	0.00e+00	0.00e+00
 5.25438e+13	1.74e-25	4.68e-19	2.96e-13	1.07e-08	2.89e-05	6.83e-03	9.93e-01	0.00e+00	0.00e+00	0.00e+00	0.00e+00	0.00e+00
 5.42142e+13	2.37e-25	6.14e-19	3.77e-13	1.29e-08	3.27e-05	7.28e-03	9.93e-01	0.00e+00	0.00e+00	0.00e+00	0.00e+00	0.00e+00
 5.60243e+13	3.46e-25	8.44e-19	4.87e-13	1.56e-08	3.72e-05	7.76e-03	9.92e-01	0.00e+00	0.00e+00	0.00e+00	0.00e+00	0.00e+00
 5.82034e+13	5.09e-25	1.18e-18	6.54e-13	1.95e-08	4.32e-05	8.39e-03	9.92e-01	0.00e+00	0.00e+00	0.00e+00	0.00e+00	0.00e+00
 6.03609e+13	7.54e-25	1.66e-18	8.70e-13	2.42e-08	4.98e-05	9.01e-03	9.91e-01	0.00e+00	0.00e+00	0.00e+00	0.00e+00	0.00e+00
 6.22857e+13	1.07e-24	2.22e-18	1.11e-12	2.91e-08	5.63e-05	9.59e-03	9.90e-01	0.00e+00	0.00e+00	0.00e+00	0.00e+00	0.00e+00
 6.44088e+13	1.49e-24	2.99e-18	1.44e-12	3.55e-08	6.42e-05	1.03e-02	9.90e-01	0.00e+00	0.00e+00	0.00e+00	0.00e+00	0.00e+00
 6.69359e+13	2.25e-24	4.26e-18	1.94e-12	4.45e-08	7.47e-05	1.11e-02	9.89e-01	0.00e+00	0.00e+00	0.00e+00	0.00e+00	0.00e+00
 6.94407e+13	3.36e-24	5.99e-18	2.59e-12	5.53e-08	8.63e-05	1.19e-02	9.88e-01	0.00e+00	0.00e+00	0.00e+00	0.00e+00	0.00e+00
 7.17327e+13	4.61e-24	7.93e-18	3.33e-12	6.69e-08	9.80e-05	1.27e-02	9.87e-01	0.00e+00	0.00e+00	0.00e+00	0.00e+00	0.00e+00
 7.42956e+13	6.81e-24	1.10e-17	4.38e-12	8.23e-08	1.12e-04	1.37e-02	9.86e-01	0.00e+00	0.00e+00	0.00e+00	0.00e+00	0.00e+00
 7.72741e+13	1.01e-23	1.56e-17	5.93e-12	1.04e-07	1.31e-04	1.48e-02	9.85e-01	0.00e+00	0.00e+00	0.00e+00	0.00e+00	0.00e+00
 8.01931e+13	1.49e-23	2.19e-17	7.91e-12	1.29e-07	1.52e-04	1.60e-02	9.84e-01	0.00e+00	0.00e+00	0.00e+00	0.00e+00	0.00e+00
 8.29546e+13	2.08e-23	2.94e-17	1.03e-11	1.58e-07	1.73e-04	1.71e-02	9.83e-01	0.00e+00	0.00e+00	0.00e+00	0.00e+00	0.00e+00
 8.60286e+13	3.05e-23	4.10e-17	1.36e-11	1.95e-07	2.00e-04	1.84e-02	9.81e-01	0.00e+00	0.00e+00	0.00e+00	0.00e+00	0.00e+00
 8.94996e+13	4.46e-23	5.76e-17	1.84e-11	2.46e-07	2.33e-04	2.00e-02	9.80e-01	0.00e+00	0.00e+00	0.00e+00	0.00e+00	0.00e+00
 9.29609e+13	6.65e-23	8.14e-17	2.47e-11	3.08e-07	2.70e-04	2.16e-02	9.78e-01	0.00e+00	0.00e+00	0.00e+00	0.00e+00	0.00e+00
 9.63139e+13	9.28e-23	1.10e-16	3.24e-11	3.79e-07	3.10e-04	2.32e-02	9.76e-01	0.00e+00	0.00e+00	0.00e+00	0.00e+00	0.00e+00
 9.92324e+13	1.26e-22	1.44e-16	4.07e-11	4.52e-07	3.49e-04	2.47e-02	9.75e-01	0.00e+00	0.00e+00	0.00e+00	0.00e+00	0.00e+00
 1.01661e+14	1.60e-22	1.78e-16	4.90e-11	5.21e-07	3.83e-04	2.60e-02	9.74e-01	0.00e+00	0.00e+00	0.00e+00	0.00e+00	0.00e+00
 1.04354e+14	2.07e-22	2.23e-16	5.98e-11	6.08e-07	4.24e-04	2.74e-02	9.72e-01	0.00e+00	0.00e+00	0.00e+00	0.00e+00	0.00e+00
 1.07855e+14	2.81e-22	2.95e-16	7.68e-11	7.38e-07	4.82e-04	2.94e-02	9.70e-01	0.00e+00	0.00e+00	0.00e+00	0.00e+00	0.00e+00
 1.11542e+14	3.95e-22	3.99e-16	9.95e-11	8.99e-07	5.49e-04	3.15e-02	9.68e-01	0.00e+00	0.00e+00	0.00e+00	0.00e+00	0.00e+00
 1.14734e+14	5.12e-22	5.05e-16	1.23e-10	1.06e-06	6.13e-04	3.34e-02	9.66e-01	0.00e+00	0.00e+00	0.00e+00	0.00e+00	0.00e+00
 1.18152e+14	6.87e-22	6.56e-16	1.54e-10	1.26e-06	6.87e-04	3.55e-02	9.64e-01	0.00e+00	0.00e+00	0.00e+00	0.00e+00	0.00e+00
 1.22500e+14	9.62e-22	8.92e-16	2.03e-10	1.56e-06	7.90e-04	3.83e-02	9.61e-01	0.00e+00	0.00e+00	0.00e+00	0.00e+00	0.00e+00
 1.26950e+14	1.36e-21	1.22e-15	2.66e-10	1.92e-06	9.06e-04	4.13e-02	9.58e-01	0.00e+00	0.00e+00	0.00e+00	0.00e+00	0.00e+00
 1.30754e+14	1.80e-21	1.57e-15	3.33e-10	2.28e-06	1.02e-03	4.39e-02	9.55e-01	0.00e+00	0.00e+00	0.00e+00	0.00e+00	0.00e+00
 1.34824e+14	2.41e-21	2.05e-15	4.21e-10	2.73e-06	1.14e-03	4.68e-02	9.52e-01	0.00e+00	0.00e+00	0.00e+00	0.00e+00	0.00e+00
 1.39882e+14	3.40e-21	2.81e-15	5.56e-10	3.39e-06	1.32e-03	5.06e-02	9.48e-01	0.00e+00	0.00e+00	0.00e+00	0.00e+00	0.00e+00
 1.45051e+14	4.81e-21	3.85e-15	7.33e-10	4.20e-06	1.51e-03	5.46e-02	9.44e-01	0.00e+00	0.00e+00	0.00e+00	0.00e+00	0.00e+00
 1.49610e+14	6.50e-21	5.05e-15	9.28e-10	5.03e-06	1.70e-03	5.83e-02	9.40e-01	0.00e+00	0.00e+00	0.00e+00	0.00e+00	0.00e+00
 1.54551e+14	8.77e-21	6.67e-15	1.19e-09	6.08e-06	1.93e-03	6.23e-02	9.36e-01	0.00e+00	0.00e+00	0.00e+00	0.00e+00	0.00e+00
 1.60506e+14	1.26e-20	9.30e-15	1.58e-09	7.58e-06	2.23e-03	6.75e-02	9.30e-01	0.00e+00	0.00e+00	0.00e+00	0.00e+00	0.00e+00
 1.66413e+14	1.79e-20	1.28e-14	2.09e-09	9.37e-06	2.55e-03	7.28e-02	9.25e-01	0.00e+00	0.00e+00	0.00e+00	0.00e+00	0.00e+00
 1.71687e+14	2.39e-20	1.67e-14	2.65e-09	1.12e-05	2.87e-03	7.75e-02	9.20e-01	0.00e+00	0.00e+00	0.00e+00	0.00e+00	0.00e+00
 1.77499e+14	3.32e-20	2.26e-14	3.42e-09	1.36e-05	3.25e-03	8.31e-02	9.14e-01	0.00e+00	0.00e+00	0.00e+00	0.00e+00	0.00e+00
 1.84416e+14	4.81e-20	3.17e-14	4.58e-09	1.70e-05	3.76e-03	8.98e-02	9.06e-01	0.00e+00	0.00e+00	0.00e+00	0.00e+00	0.00e+00
 1.91288e+14	6.88e-20	4.40e-14	6.06e-09	2.11e-05	4.31e-03	9.67e-02	8.99e-01	0.00e+00	0.00e+00	0.00e+00	0.00e+00	0.00e+00
 1.97606e+14	9.38e-20	5.86e-14	7.76e-09	2.54e-05	4.86e-03	1.03e-01	8.92e-01	0.00e+00	0.00e+00	0.00e+00	0.00e+00	0.00e+00
 2.04679e+14	1.31e-19	7.98e-14	1.02e-08	3.12e-05	5.54e-03	1.11e-01	8.84e-01	0.00e+00	0.00e+00	0.00e+00	0.00e+00	0.00e+00
 2.12866e+14	1.97e-19	1.15e-13	1.37e-08	3.91e-05	6.40e-03	1.20e-01	8.74e-01	0.00e+00	0.00e+00	0.00e+00	0.00e+00	0.00e+00
 2.20889e+14	2.85e-19	1.61e-13	1.82e-08	4.84e-05	7.33e-03	1.28e-01	8.64e-01	0.00e+00	0.00e+00	0.00e+00	0.00e+00	0.00e+00
 2.29232e+14	4.14e-19	2.26e-13	2.42e-08	5.98e-05	8.40e-03	1.38e-01	8.54e-01	0.00e+00	0.00e+00	0.00e+00	0.00e+00	0.00e+00
 2.36854e+14	5.64e-19	3.01e-13	3.12e-08	7.21e-05	9.46e-03	1.47e-01	8.44e-01	0.00e+00	0.00e+00	0.00e+00	0.00e+00	0.00e+00
 2.42479e+14	7.34e-19	3.79e-13	3.73e-08	8.25e-05	1.03e-02	1.53e-01	8.36e-01	0.00e+00	0.00e+00	0.00e+00	0.00e+00	0.00e+00
 2.48260e+14	9.29e-19	4.70e-13	4.47e-08	9.43e-05	1.12e-02	1.60e-01	8.28e-01	0.00e+00	0.00e+00	0.00e+00	0.00e+00	0.00e+00
 2.55775e+14	1.26e-18	6.18e-13	5.62e-08	1.12e-04	1.25e-02	1.69e-01	8.18e-01	0.00e+00	0.00e+00	0.00e+00	0.00e+00	0.00e+00
 2.63955e+14	1.74e-18	8.28e-13	7.15e-08	1.34e-04	1.40e-02	1.79e-01	8.07e-01	0.00e+00	0.00e+00	0.00e+00	0.00e+00	0.00e+00
 2.71377e+14	2.34e-18	1.07e-12	8.83e-08	1.56e-04	1.54e-02	1.88e-01	7.96e-01	0.00e+00	0.00e+00	0.00e+00	0.00e+00	0.00e+00
 2.79398e+14	3.15e-18	1.40e-12	1.10e-07	1.84e-04	1.71e-02	1.98e-01	7.85e-01	0.00e+00	0.00e+00	0.00e+00	0.00e+00	0.00e+00
 2.89625e+14	4.62e-18	1.97e-12	1.45e-07	2.25e-04	1.93e-02	2.10e-01	7.70e-01	0.00e+00	0.00e+00	0.00e+00	0.00e+00	0.00e+00
 2.99934e+14	6.65e-18	2.73e-12	1.89e-07	2.74e-04	2.18e-02	2.23e-01	7.55e-01	0.00e+00	0.00e+00	0.00e+00	0.00e+00	0.00e+00
 3.08486e+14	8.97e-18	3.55e-12	2.34e-07	3.20e-04	2.41e-02	2.34e-01	7.42e-01	0.00e+00	0.00e+00	0.00e+00	0.00e+00	0.00e+00
 3.17540e+14	1.22e-17	4.66e-12	2.92e-07	3.75e-04	2.65e-02	2.45e-01	7.28e-01	0.00e+00	0.00e+00	0.00e+00	0.00e+00	0.00e+00
 3.29126e+14	1.78e-17	6.51e-12	3.82e-07	4.56e-04	3.00e-02	2.59e-01	7.11e-01	0.00e+00	0.00e+00	0.00e+00	0.00e+00	0.00e+00
 3.41398e+14	2.67e-17	9.16e-12	5.03e-07	5.57e-04	3.38e-02	2.73e-01	6.92e-01	0.00e+00	0.00e+00	1.53e-17	8.10e-18	2.85e-18
 3.52389e+14	3.73e-17	1.23e-11	6.37e-07	6.60e-04	3.76e-02	2.86e-01	6.76e-01	0.00e+00	0.00e+00	2.13e-17	1.13e-17	3.96e-18
 3.64319e+14	5.18e-17	1.65e-11	8.16e-07	7.89e-04	4.18e-02	3.00e-01	6.58e-01	0.00e+00	0.00e+00	2.97e-17	1.58e-17	5.48e-18
 3.78499e+14	8.10e-17	2.40e-11	1.08e-06	9.67e-04	4.73e-02	3.16e-01	6.36e-01	0.00e+00	0.00e+00	4.65e-17	2.46e-17	8.51e-18
 3.92478e+14	1.15e-16	3.28e-11	1.41e-06	1.17e-03	5.30e-02	3.31e-01	6.15e-01	0.00e+00	0.00e+00	6.59e-17	3.49e-17	1.20e-17
 4.05189e+14	1.63e-16	4.41e-11	1.78e-06	1.38e-03	5.85e-02	3.44e-01	5.96e-01	0.00e+00	0.00e+00	9.34e-17	4.94e-17	1.69e-17
 4.19378e+14	2.35e-16	6.05e-11	2.29e-06	1.65e-03	6.50e-02	3.59e-01	5.75e-01	0.00e+00	0.00e+00	1.35e-16	7.14e-17	2.44e-17
 4.35960e+14	3.73e-16	8.85e-11	3.03e-06	2.01e-03	7.30e-02	3.75e-01	5.50e-01	0.00e+00	0.00e+00	2.15e-16	1.13e-16	3.84e-17
 4.52290e+14	5.55e-16	1.24e-10	3.94e-06	2.42e-03	8.13e-02	3.89e-01	5.27e-01	0.00e+00	0.00e+00	3.20e-16	1.69e-16	5.70e-17
 4.67682e+14	7.97e-16	1.68e-10	5.00e-06	2.86e-03	8.95e-02	4.02e-01	5.06e-01	0.00e+00	0.00e+00	4.59e-16	2.42e-16	8.15e-17
 4.84830e+14	1.16e-15	2.31e-10	6.44e-06	3.41e-03	9.90e-02	4.15e-01	4.83e-01	0.00e+00	0.00e+00	6.71e-16	3.53e-16	1.18e-16
 5.04253e+14	1.80e-15	3.31e-10	8.47e-06	4.12e-03	1.10e-01	4.29e-01	4.57e-01	0.00e+00	0.00e+00	1.04e-15	5.45e-16	1.82e-16
 5.20556e+14	2.54e-15	4.39e-10	1.05e-05	4.80e-03	1.20e-01	4.39e-01	4.36e-01	0.00e+00	0.00e+00	1.47e-15	7.70e-16	2.57e-16
 5.32272e+14	3.22e-15	5.35e-10	1.23e-05	5.33e-03	1.27e-01	4.46e-01	4.22e-01	0.00e+00	0.00e+00	1.86e-15	9.77e-16	3.25e-16
 5.44494e+14	4.11e-15	6.54e-10	1.43e-05	5.92e-03	1.35e-01	4.52e-01	4.07e-01	0.00e+00	0.00e+00	2.38e-15	1.25e-15	4.15e-16
 5.60383e+14	5.39e-15	8.24e-10	1.74e-05	6.76e-03	1.45e-01	4.60e-01	3.89e-01	0.00e+00	0.00e+00	3.12e-15	1.64e-15	5.42e-16
 5.78137e+14	7.75e-15	1.10e-09	2.14e-05	7.80e-03	1.57e-01	4.67e-01	3.68e-01	0.00e+00	0.00e+00	4.48e-15	2.35e-15	7.78e-16
 5.94748e+14	1.05e-14	1.41e-09	2.58e-05	8.85e-03	1.68e-01	4.73e-01	3.51e-01	0.00e+00	0.00e+00	6.08e-15	3.19e-15	1.05e-15
 6.12776e+14	1.40e-14	1.79e-09	3.14e-05	1.01e-02	1.80e-01	4.78e-01	3.32e-01	0.00e+00	0.00e+00	8.12e-15	4.25e-15	1.40e-15
 6.33030e+14	2.06e-14	2.42e-09	3.88e-05	1.16e-02	1.93e-01	4.83e-01	3.12e-01	0.00e+00	0.00e+00	1.19e-14	6.25e-15	2.06e-15
 6.52165e+14	2.80e-14	3.09e-09	4.69e-05	1.32e-02	2.06e-01	4.86e-01	2.94e-01	0.00e+00	0.00e+00	1.62e-14	8.49e-15	2.79e-15
 6.73028e+14	3.78e-14	3.97e-09	5.72e-05	1.51e-02	2.20e-01	4.88e-01	2.76e-01	0.00e+00	0.00e+00	2.19e-14	1.15e-14	3.76e-15
 6.96504e+14	5.67e-14	5.41e-09	7.11e-05	1.74e-02	2.37e-01	4.90e-01	2.56e-01	0.00e+00	0.00e+00	3.29e-14	1.72e-14	5.63e-15
 7.18791e+14	7.90e-14	7.02e-09	8.64e-05	1.98e-02	2.52e-01	4.90e-01	2.39e-01	0.00e+00	0.00e+00	4.58e-14	2.40e-14	7.82e-15
 7.43175e+14	1.07e-13	9.00e-09	1.06e-04	2.26e-02	2.68e-01	4.88e-01	2.21e-01	0.00e+00	0.00e+00	6.20e-14	3.24e-14	1.06e-14
 7.70666e+14	1.64e-13	1.24e-08	1.32e-04	2.60e-02	2.86e-01	4.85e-01	2.03e-01	0.00e+00	0.00e+00	9.51e-14	4.97e-14	1.62e-14
 7.96427e+14	2.28e-13	1.61e-08	1.60e-04	2.95e-02	3.03e-01	4.80e-01	1.87e-01	0.00e+00	0.00e+00	1.32e-13	6.91e-14	2.25e-14
 8.24150e+14	3.13e-13	2.07e-08	1.96e-04	3.35e-02	3.21e-01	4.74e-01	1.71e-01	0.00e+00	0.00e+00	1.82e-13	9.51e-14	3.09e-14
 8.55288e+14	4.57e-13	2.77e-08	2.43e-04	3.84e-02	3.40e-01	4.66e-01	1.55e-01	0.00e+00	0.00e+00	2.65e-13	1.39e-13	4.50e-14
 8.84480e+14	6.82e-13	3.72e-08	2.95e-04	4.33e-02	3.57e-01	4.58e-01	1.41e-01	0.00e+00	0.00e+00	3.96e-13	2.07e-13	6.71e-14
 9.16041e+14	9.63e-13	4.85e-08	3.60e-04	4.89e-02	3.75e-01	4.48e-01	1.28e-01	0.00e+00	0.00e+00	5.60e-13	2.92e-13	9.47e-14
 9.51432e+14	1.36e-12	6.35e-08	4.43e-04	5.56e-02	3.94e-01	4.36e-01	1.14e-01	0.00e+00	0.00e+00	7.90e-13	4.13e-13	1.34e-13
 9.84824e+14	1.94e-12	8.27e-08	5.36e-04	6.23e-02	4.11e-01	4.23e-01	1.03e-01	0.00e+00	0.00e+00	1.13e-12	5.88e-13	1.90e-13
 1.01530e+15	2.65e-12	1.05e-07	6.33e-04	6.88e-02	4.26e-01	4.12e-01	9.32e-02	0.00e+00	0.00e+00	1.54e-12	8.06e-13	2.60e-13
 1.04897e+15	3.68e-12	1.33e-07	7.53e-04	7.63e-02	4.41e-01	3.99e-01	8.37e-02	0.00e+00	0.00e+00	2.14e-12	1.12e-12	3.61e-13
 1.08698e+15	5.23e-12	1.73e-07	9.09e-04	8.51e-02	4.56e-01	3.83e-01	7.43e-02	0.00e+00	0.00e+00	3.04e-12	1.59e-12	5.13e-13
 1.12334e+15	7.30e-12	2.21e-07	1.08e-03	9.39e-02	4.70e-01	3.69e-01	6.63e-02	0.00e+00	0.00e+00	4.25e-12	2.22e-12	7.16e-13
 1.15433e+15	9.99e-12	2.76e-07	1.24e-03	1.02e-01	4.81e-01	3.56e-01	6.00e-02	0.00e+00	0.00e+00	5.81e-12	3.03e-12	9.79e-13
 1.18037e+15	1.26e-11	3.26e-07	1.39e-03	1.09e-01	4.89e-01	3.46e-01	5.53e-02	0.00e+00	0.00e+00	7.32e-12	3.82e-12	1.23e-12
 1.20897e+15	1.58e-11	3.86e-07	1.57e-03	1.16e-01	4.97e-01	3.34e-01	5.07e-02	0.00e+00	0.00e+00	9.19e-12	4.80e-12	1.55e-12
 1.24614e+15	2.16e-11	4.84e-07	1.83e-03	1.26e-01	5.07e-01	3.20e-01	4.51e-02	0.00e+00	0.00e+00	1.26e-11	6.57e-12	2.12e-12
 1.28552e+15	2.79e-11	5.87e-07	2.13e-03	1.37e-01	5.16e-01	3.05e-01	4.01e-02	0.00e+00	0.00e+00	1.62e-11	8.47e-12	2.73e-12
 1.32195e+15	3.82e-11	7.31e-07	2.45e-03	1.48e-01	5.23e-01	2.91e-01	3.57e-02	0.00e+00	0.00e+00	2.22e-11	1.16e-11	3.75e-12
 1.35721e+15	4.94e-11	8.79e-07	2.77e-03	1.58e-01	5.29e-01	2.78e-01	3.21e-02	0.00e+00	0.00e+00	2.87e-11	1.50e-11	4.84e-12
 1.39677e+15	6.64e-11	1.08e-06	3.19e-03	1.70e-01	5.34e-01	2.64e-01	2.84e-02	0.00e+00	0.00e+00	3.86e-11	2.02e-11	6.51e-12
 1.44133e+15	8.87e-11	1.34e-06	3.69e-03	1.83e-01	5.39e-01	2.49e-01	2.49e-02	0.00e+00	0.00e+00	5.16e-11	2.70e-11	8.70e-12
 1.48512e+15	1.21e-10	1.66e-06	4.26e-03	1.97e-01	5.42e-01	2.35e-01	2.18e-02	0.00e+00	0.00e+00	7.02e-11	3.67e-11	1.18e-11
 1.52760e+15	1.56e-10	2.00e-06	4.84e-03	2.10e-01	5.44e-01	2.22e-01	1.92e-02	0.00e+00	0.00e+00	9.09e-11	4.75e-11	1.53e-11
 1.57565e+15	2.14e-10	2.49e-06	5.59e-03	2.25e-01	5.45e-01	2.07e-01	1.67e-02	0.00e+00	0.00e+00	1.25e-10	6.52e-11	2.11e-11
 1.62850e+15	2.89e-10	3.09e-06	6.48e-03	2.42e-01	5.45e-01	1.93e-01	1.43e-02	0.00e+00	0.00e+00	1.68e-10	8.81e-11	2.84e-11
 1.67748e+15	3.92e-10	3.81e-06	7.42e-03	2.57e-01	5.43e-01	1.80e-01	1.24e-02	0.00e+00	0.00e+00	2.28e-10	1.19e-10	3.85e-11
 1.73106e+15	5.30e-10	4.72e-06	8.54e-03	2.74e-01	5.40e-01	1.66e-01	1.06e-02	0.00e+00	0.00e+00	3.08e-10	1.61e-10	5.22e-11
 1.78883e+15	6.86e-10	5.71e-06	9.82e-03	2.92e-01	5.36e-01	1.53e-01	9.01e-03	0.00e+00	0.00e+00	3.99e-10	2.09e-10	6.75e-11
 1.84095e+15	9.57e-10	7.14e-06	1.12e-02	3.09e-01	5.30e-01	1.42e-01	7.72e-03	0.00e+00	0.00e+00	5.57e-10	2.92e-10	9.43e-11
 1.88946e+15	1.22e-09	8.48e-06	1.25e-02	3.24e-01	5.25e-01	1.32e-01	6.73e-03	0.00e+00	0.00e+00	7.12e-10	3.73e-10	1.21e-10
 1.94436e+15	1.59e-09	1.02e-05	1.42e-02	3.41e-01	5.17e-01	1.22e-01	5.77e-03	0.00e+00	0.00e+00	9.26e-10	4.85e-10	1.57e-10
 2.00519e+15	2.05e-09	1.23e-05	1.61e-02	3.59e-01	5.08e-01	1.12e-01	4.89e-03	0.00e+00	0.00e+00	1.19e-09	6.25e-10	2.02e-10
 2.06206e+15	2.84e-09	1.52e-05	1.82e-02	3.77e-01	4.99e-01	1.02e-01	4.14e-03	0.00e+00	0.00e+00	1.65e-09	8.65e-10	2.80e-10
 2.11440e+15	3.59e-09	1.80e-05	2.02e-02	3.92e-01	4.90e-01	9.46e-02	3.58e-03	0.00e+00	0.00e+00	2.09e-09	1.10e-09	3.55e-10
 2.16238e+15	4.45e-09	2.09e-05	2.23e-02	4.06e-01	4.81e-01	8.80e-02	3.14e-03	0.00e+00	0.00e+00	2.59e-09	1.36e-09	4.41e-10
 2.21463e+15	5.55e-09	2.44e-05	2.46e-02	4.20e-01	4.71e-01	8.13e-02	2.72e-03	0.00e+00	0.00e+00	3.23e-09	1.69e-09	5.49e-10
 2.27244e+15	7.22e-09	2.93e-05	2.75e-02	4.36e-01	4.60e-01	7.44e-02	2.32e-03	0.00e+00	0.00e+00	4.20e-09	2.20e-09	7.15e-10
 2.32407e+15	8.81e-09	3.37e-05	3.01e-02	4.50e-01	4.49e-01	6.88e-02	2.02e-03	0.00e+00	0.00e+00	5.12e-09	2.69e-09	8.72e-10
 2.37777e+15	1.07e-08	3.87e-05	3.31e-02	4.64e-01	4.38e-01	6.34e-02	1.75e-03	0.00e+00	0.00e+00	6.20e-09	3.25e-09	1.06e-09
 2.44758e+15	1.50e-08	4.86e-05	3.76e-02	4.81e-01	4.23e-01	5.67e-02	1.43e-03	0.00e+00	0.00e+00	8.71e-09	4.57e-09	1.49e-09
 2.52013e+15	1.94e-08	5.85e-05	4.23e-02	4.98e-01	4.07e-01	5.08e-02	1.18e-03	0.00e+00	0.00e+00	1.13e-08	5.92e-09	1.93e-09
 2.58080e+15	2.37e-08	6.78e-05	4.67e-02	5.12e-01	3.94e-01	4.62e-02	1.01e-03	0.00e+00	0.00e+00	1.38e-08	7.25e-09	2.36e-09
 2.64421e+15	3.02e-08	8.02e-05	5.17e-02	5.26e-01	3.80e-01	4.18e-02	8.49e-04	0.00e+00	0.00e+00	1.75e-08	9.21e-09	3.00e-09
 2.71194e+15	4.13e-08	9.90e-05	5.79e-02	5.39e-01	3.65e-01	3.73e-02	7.00e-04	0.00e+00	0.00e+00	2.41e-08	1.26e-08	4.11e-09
 2.77219e+15	5.15e-08	1.16e-04	6.35e-02	5.51e-01	3.51e-01	3.39e-02	5.95e-04	0.00e+00	0.00e+00	3.00e-08	1.57e-08	5.13e-09
 2.82841e+15	6.34e-08	1.34e-04	6.93e-02	5.60e-01	3.39e-01	3.09e-02	5.10e-04	0.00e+00	0.00e+00	3.69e-08	1.94e-08	6.32e-09
 2.89251e+15	7.92e-08	1.57e-04	7.64e-02	5.71e-01	3.24e-01	2.78e-02	4.29e-04	0.00e+00	0.00e+00	4.61e-08	2.42e-08	7.89e-09
 2.96360e+15	1.04e-07	1.90e-04	8.52e-02	5.81e-01	3.09e-01	2.46e-02	3.51e-04	0.00e+00	0.00e+00	6.07e-08	3.19e-08	1.04e-08
 3.03284e+15	1.31e-07	2.24e-04	9.42e-02	5.90e-01	2.93e-01	2.19e-02	2.91e-04	0.00e+00	0.00e+00	7.65e-08	4.02e-08	1.31e-08
 3.09934e+15	1.60e-07	2.59e-04	1.04e-01	5.97e-01	2.79e-01	1.95e-02	2.43e-04	0.00e+00	0.00e+00	9.33e-08	4.90e-08	1.60e-08
 3.17320e+15	2.25e-07	3.27e-04	1.16e-01	6.04e-01	2.62e-01	1.70e-02	1.94e-04	0.00e+00	0.00e+00	1.31e-07	6.90e-08	2.25e-08
 3.24197e+15	2.80e-07	3.82e-04	1.28e-01	6.08e-01	2.48e-01	1.51e-02	1.60e-04	0.00e+00	0.00e+00	1.63e-07	8.55e-08	2.80e-08
 3.29425e+15	3.40e-07	4.39e-04	1.38e-01	6.11e-01	2.37e-01	1.36e-02	1.37e-04	0.00e+00	0.00e+00	1.98e-07	1.04e-07	3.41e-08
 3.35234e+15	4.05e-07	5.00e-04	1.50e-01	6.13e-01	2.24e-01	1.22e-02	1.16e-04	0.00e+00	0.00e+00	2.36e-07	1.24e-07	4.06e-08
 3.42785e+15	5.76e-07	6.35e-04	1.69e-01	6.12e-01	2.08e-01	1.04e-02	9.05e-05	0.00e+00	0.00e+00	3.35e-07	1.76e-07	5.78e-08
 3.49641e+15	7.21e-07	7.48e-04	1.86e-01	6.10e-01	1.94e-01	9.12e-03	7.39e-05	0.00e+00	0.00e+00	4.19e-07	2.21e-07	7.24e-08
 3.54065e+15	8.58e-07	8.46e-04	1.99e-01	6.08e-01	1.85e-01	8.30e-03	6.40e-05	0.00e+00	0.00e+00	4.99e-07	2.63e-07	8.62e-08
 3.57716e+15	1.01e-06	9.45e-04	2.10e-01	6.04e-01	1.77e-01	7.64e-03	5.63e-05	0.00e+00	0.00e+00	5.87e-07	3.09e-07	1.01e-07
 3.61886e+15	1.17e-06	1.05e-03	2.23e-01	6.00e-01	1.68e-01	6.96e-03	4.91e-05	0.00e+00	0.00e+00	6.82e-07	3.59e-07	1.18e-07
 3.67308e+15	1.46e-06	1.23e-03	2.43e-01	5.93e-01	1.57e-01	6.12e-03	4.05e-05	0.00e+00	0.00e+00	8.50e-07	4.48e-07	1.47e-07
 3.72693e+15	1.81e-06	1.43e-03	2.63e-01	5.85e-01	1.46e-01	5.38e-03	3.35e-05	0.00e+00	0.00e+00	1.05e-06	5.54e-07	1.82e-07
 3.76818e+15	2.07e-06	1.58e-03	2.79e-01	5.77e-01	1.38e-01	4.87e-03	2.90e-05	0.00e+00	0.00e+00	1.21e-06	6.36e-07	2.09e-07
 3.80967e+15	2.47e-06	1.79e-03	2.97e-01	5.68e-01	1.29e-01	4.35e-03	2.47e-05	0.00e+00	0.00e+00	1.44e-06	7.57e-07	2.49e-07
 3.85604e+15	3.22e-06	2.15e-03	3.21e-01	5.54e-01	1.20e-01	3.79e-03	2.01e-05	0.00e+00	0.00e+00	1.88e-06	9.89e-07	3.25e-07
 3.89397e+15	3.77e-06	2.40e-03	3.39e-01	5.43e-01	1.12e-01	3.40e-03	1.73e-05	0.00e+00	0.00e+00	2.19e-06	1.16e-06	3.81e-07
 3.92846e+15	4.44e-06	2.69e-03	3.58e-01	5.31e-01	1.05e-01	3.06e-03	1.48e-05	0.00e+00	0.00e+00	2.58e-06	1.36e-06	4.48e-07
 3.97330e+15	5.38e-06	3.08e-03	3.83e-01	5.15e-01	9.67e-02	2.65e-03	1.21e-05	0.00e+00	0.00e+00	3.13e-06	1.65e-06	5.44e-07
 4.02069e+15	6.88e-06	3.65e-03	4.12e-01	4.95e-01	8.75e-02	2.25e-03	9.60e-06	0.00e+00	0.00e+00	4.00e-06	2.11e-06	6.96e-07
 4.05813e+15	8.16e-06	4.11e-03	4.35e-01	4.78e-01	8.07e-02	1.98e-03	8.01e-06	0.00e+00	0.00e+00	4.74e-06	2.50e-06	8.26e-07
 4.09352e+15	9.64e-06	4.62e-03	4.58e-01	4.61e-01	7.41e-02	1.73e-03	6.67e-06	0.00e+00	0.00e+00	5.60e-06	2.96e-06	9.76e-07
 4.13952e+15	1.25e-05	5.50e-03	4.92e-01	4.35e-01	6.55e-02	1.42e-03	5.09e-06	0.00e+00	0.00e+00	7.27e-06	3.84e-06	1.27e-06
 4.18292e+15	1.45e-05	6.11e-03	5.20e-01	4.14e-01	5.86e-02	1.21e-03	4.10e-06	0.00e+00	0.00e+00	8.40e-06	4.44e-06	1.47e-06
 4.22294e+15	1.90e-05	7.33e-03	5.53e-01	3.87e-01	5.15e-02	9.85e-04	3.10e-06	0.00e+00	0.00e+00	1.10e-05	5.82e-06	1.93e-06
 4.26075e+15	2.35e-05	8.45e-03	5.82e-01	3.63e-01	4.56e-02	8.18e-04	2.41e-06	0.00e+00	0.00e+00	1.36e-05	7.21e-06	2.38e-06
 4.28882e+15	2.74e-05	9.37e-03	6.04e-01	3.44e-01	4.14e-02	7.07e-04	1.98e-06	0.00e+00	0.00e+00	1.59e-05	8.42e-06	2.79e-06
 4.31844e+15	3.25e-05	1.05e-02	6.29e-01	3.23e-01	3.70e-02	5.97e-04	1.58e-06	0.00e+00	0.00e+00	1.89e-05	9.99e-06	3.31e-06
 4.35695e+15	4.08e-05	1.22e-02	6.60e-01	2.96e-01	3.16e-02	4.74e-04	1.16e-06	0.00e+00	0.00e+00	2.37e-05	1.25e-05	4.16e-06
 4.39611e+15	5.02e-05	1.40e-02	6.89e-01	2.70e-01	2.69e-02	3.75e-04	8.56e-07	0.00e+00	0.00e+00	2.92e-05	1.54e-05	5.12e-06
 4.42848e+15	5.84e-05	1.54e-02	7.12e-01	2.49e-01	2.33e-02	3.06e-04	0.00e+00	0.00e+00	0.00e+00	3.39e-05	1.79e-05	5.96e-06
 4.45516e+15	7.08e-05	1.75e-02	7.33e-01	2.29e-01	2.04e-02	2.52e-04	0.00e+00	0.00e+00	0.00e+00	4.12e-05	2.18e-05	7.24e-06
 4.47413e+15	7.74e-05	1.85e-02	7.45e-01	2.17e-01	1.87e-02	2.22e-04	0.00e+00	0.00e+00	0.00e+00	4.50e-05	2.38e-05	7.92e-06
 4.49087e+15	8.59e-05	1.98e-02	7.57e-01	2.06e-01	1.71e-02	1.95e-04	0.00e+00	0.00e+00	0.00e+00	4.99e-05	2.64e-05	8.78e-06
 4.51263e+15	1.00e-04	2.18e-02	7.72e-01	1.90e-01	1.51e-02	1.63e-04	0.00e+00	0.00e+00	0.00e+00	5.83e-05	3.08e-05	1.03e-05
 4.53492e+15	1.14e-04	2.36e-02	7.86e-01	1.77e-01	1.34e-02	1.37e-04	0.00e+00	0.00e+00	0.00e+00	6.64e-05	3.51e-05	1.17e-05
 4.55457e+15	1.26e-04	2.51e-02	7.97e-01	1.65e-01	1.20e-02	1.18e-04	0.00e+00	0.00e+00	0.00e+00	7.32e-05	3.87e-05	1.29e-05
 4.57678e+15	1.47e-04	2.77e-02	8.11e-01	1.51e-01	1.04e-02	9.59e-05	0.00e+00	0.00e+00	0.00e+00	8.57e-05	4.53e-05	1.51e-05
 4.59948e+15	1.69e-04	3.00e-02	8.22e-01	1.39e-01	9.08e-03	7.89e-05	0.00e+00	0.00e+00	0.00e+00	9.81e-05	5.19e-05	1.73e-05
 4.61940e+15	1.90e-04	3.23e-02	8.32e-01	1.28e-01	8.00e-03	6.59e-05	0.00e+00	0.00e+00	0.00e+00	1.11e-04	5.85e-05	1.95e-05
 4.64185e+15	2.18e-04	3.51e-02	8.41e-01	1.16e-01	6.88e-03	5.32e-05	0.00e+00	0.00e+00	0.00e+00	1.27e-04	6.71e-05	2.24e-05
 4.66653e+15	2.52e-04	3.83e-02	8.51e-01	1.05e-01	5.83e-03	4.21e-05	0.00e+00	0.00e+00	0.00e+00	1.47e-04	7.77e-05	2.59e-05
 4.68897e+15	2.89e-04	4.15e-02	8.58e-01	9.48e-02	5.00e-03	3.39e-05	0.00e+00	0.00e+00	0.00e+00	1.68e-04	8.89e-05	2.97e-05
 4.70943e+15	3.25e-04	4.45e-02	8.64e-01	8.65e-02	4.34e-03	2.77e-05	0.00e+00	0.00e+00	0.00e+00	1.89e-04	1.00e-04	3.34e-05
 4.73247e+15	3.73e-04	4.82e-02	8.70e-01	7.75e-02	3.65e-03	2.17e-05	0.00e+00	0.00e+00	0.00e+00	2.17e-04	1.15e-04	3.84e-05
 4.75771e+15	4.33e-04	5.25e-02	8.75e-01	6.88e-02	3.04e-03	1.67e-05	0.00e+00	0.00e+00	0.00e+00	2.52e-04	1.33e-04	4.46e-05
 4.78046e+15	4.93e-04	5.66e-02	8.79e-01	6.18e-02	2.57e-03	1.32e-05	0.00e+00	0.00e+00	0.00e+00	2.87e-04	1.52e-04	5.08e-05
 4.80465e+15	5.68e-04	6.14e-02	8.81e-01	5.47e-02	2.13e-03	1.01e-05	0.00e+00	0.00e+00	0.00e+00	3.31e-04	1.75e-04	5.85e-05
 4.83071e+15	6.60e-04	6.68e-02	8.83e-01	4.80e-02	1.74e-03	7.59e-06	0.00e+00	0.00e+00	0.00e+00	3.84e-04	2.03e-04	6.80e-05
 4.85393e+15	7.51e-04	7.18e-02	8.83e-01	4.28e-02	1.46e-03	5.89e-06	0.00e+00	0.00e+00	0.00e+00	4.37e-04	2.31e-04	7.74e-05
 4.87888e+15	8.67e-04	7.77e-02	8.83e-01	3.75e-02	1.19e-03	4.41e-06	0.00e+00	0.00e+00	0.00e+00	5.04e-04	2.67e-04	8.94e-05
 4.90606e+15	1.01e-03	8.45e-02	8.81e-01	3.26e-02	9.56e-04	3.24e-06	0.00e+00	0.00e+00	0.00e+00	5.87e-04	3.11e-04	1.04e-04
 4.93057e+15	1.16e-03	9.10e-02	8.78e-01	2.88e-02	7.87e-04	2.45e-06	0.00e+00	0.00e+00	0.00e+00	6.72e-04	3.56e-04	1.19e-04
 4.95321e+15	1.31e-03	9.75e-02	8.75e-01	2.55e-02	6.55e-04	1.88e-06	0.00e+00	0.00e+00	0.00e+00	7.63e-04	4.04e-04	1.35e-04
 4.97899e+15	1.52e-03	1.05e-01	8.70e-01	2.22e-02	5.27e-04	1.38e-06	0.00e+00	0.00e+00	0.00e+00	8.82e-04	4.67e-04	1.57e-04
 5.00730e+15	1.77e-03	1.15e-01	8.64e-01	1.91e-02	4.17e-04	9.89e-07	0.00e+00	0.00e+00	0.00e+00	1.03e-03	5.45e-04	1.83e-04
 5.03315e+15	2.04e-03	1.24e-01	8.57e-01	1.66e-02	3.38e-04	0.00e+00	0.00e+00	0.00e+00	0.00e+00	1.19e-03	6.28e-04	2.11e-04
 5.05708e+15	2.33e-03	1.33e-01	8.50e-01	1.46e-02	2.77e-04	0.00e+00	0.00e+00	0.00e+00	0.00e+00	1.36e-03	7.17e-04	2.41e-04
 5.08427e+15	2.71e-03	1.44e-01	8.41e-01	1.25e-02	2.19e-04	0.00e+00	0.00e+00	0.00e+00	0.00e+00	1.57e-03	8.33e-04	2.80e-04
 5.11416e+15	3.19e-03	1.57e-01	8.29e-01	1.06e-02	1.70e-04	0.00e+00	0.00e+00	0.00e+00	0.00e+00	1.86e-03	9.83e-04	3.30e-04
 5.14145e+15	3.72e-03	1.70e-01	8.17e-01	9.11e-03	1.35e-04	0.00e+00	0.00e+00	0.00e+00	0.00e+00	2.16e-03	1.14e-03	3.85e-04
 5.16671e+15	4.28e-03	1.83e-01	8.05e-01	7.89e-03	1.09e-04	0.00e+00	0.00e+00	0.00e+00	0.00e+00	2.49e-03	1.32e-03	4.43e-04
 5.19543e+15	5.02e-03	1.98e-01	7.90e-01	6.68e-03	8.46e-05	0.00e+00	0.00e+00	0.00e+00	0.00e+00	2.92e-03	1.55e-03	5.20e-04
 5.22730e+15	6.01e-03	2.17e-01	7.71e-01	5.54e-03	6.40e-05	0.00e+00	0.00e+00	0.00e+00	0.00e+00	3.50e-03	1.85e-03	6.22e-04
 5.25693e+15	7.12e-03	2.37e-01	7.51e-01	4.64e-03	4.92e-05	0.00e+00	0.00e+00	0.00e+00	0.00e+00	4.15e-03	2.19e-03	7.37e-04
 5.28467e+15	8.35e-03	2.57e-01	7.31e-01	3.92e-03	3.83e-05	0.00e+00	0.00e+00	0.00e+00	0.00e+00	4.86e-03	2.57e-03	8.65e-04
 5.31634e+15	1.00e-02	2.81e-01	7.06e-01	3.20e-03	2.84e-05	0.00e+00	0.00e+00	0.00e+00	0.00e+00	5.85e-03	3.09e-03	1.04e-03
 5.35195e+15	1.24e-02	3.11e-01	6.74e-01	2.54e-03	2.04e-05	0.00e+00	0.00e+00	0.00e+00	0.00e+00	7.20e-03	3.80e-03	1.28e-03
 5.38500e+15	1.51e-02	3.42e-01	6.41e-01	2.03e-03	1.48e-05	0.00e+00	0.00e+00	0.00e+00	0.00e+00	8.78e-03	4.64e-03	1.56e-03
 5.41431e+15	1.80e-02	3.71e-01	6.09e-01	1.65e-03	1.10e-05	0.00e+00	0.00e+00	0.00e+00	0.00e+00	1.05e-02	5.54e-03	1.87e-03
 5.44646e+15	2.19e-02	4.05e-01	5.71e-01	1.30e-03	7.84e-06	0.00e+00	0.00e+00	0.00e+00	0.00e+00	1.27e-02	6.72e-03	2.27e-03
 5.48168e+15	2.73e-02	4.46e-01	5.25e-01	9.83e-04	5.34e-06	0.00e+00	0.00e+00	0.00e+00	0.00e+00	1.59e-02	8.38e-03	2.83e-03
 5.51256e+15	3.32e-02	4.84e-01	4.82e-01	7.57e-04	3.74e-06	0.00e+00	0.00e+00	0.00e+00	0.00e+00	1.93e-02	1.02e-02	3.44e-03
 5.53910e+15	3.94e-02	5.18e-01	4.42e-01	5.95e-04	2.70e-06	0.00e+00	0.00e+00	0.00e+00	0.00e+00	2.30e-02	1.21e-02	4.09e-03
 5.56833e+15	4.76e-02	5.55e-01	3.97e-01	4.48e-04	1.84e-06	0.00e+00	0.00e+00	0.00e+00	0.00e+00	2.77e-02	1.46e-02	4.94e-03
 5.60071e+15	5.86e-02	5.95e-01	3.46e-01	3.20e-04	1.18e-06	0.00e+00	0.00e+00	0.00e+00	0.00e+00	3.42e-02	1.80e-02	6.09e-03
 5.62689e+15	7.00e-02	6.27e-01	3.03e-01	2.37e-04	7.99e-07	0.00e+00	0.00e+00	0.00e+00	0.00e+00	4.08e-02	2.15e-02	7.27e-03
 5.64482e+15	7.87e-02	6.47e-01	2.74e-01	1.91e-04	0.00e+00	0.00e+00	0.00e+00	0.00e+00	0.00e+00	4.60e-02	2.42e-02	8.18e-03
