#depth	He	He+	He+2
 1.49634e+10	6.25e-20	4.09e-10	1.00e+00
 4.54887e+10	7.19e-20	4.53e-10	1.00e+00
 7.72350e+10	8.23e-20	5.02e-10	1.00e+00
 1.10251e+11	9.39e-20	5.57e-10	1.00e+00
 1.40659e+11	1.06e-19	6.11e-10	1.00e+00
 1.65764e+11	1.16e-19	6.57e-10	1.00e+00
 1.92278e+11	1.27e-19	7.09e-10	1.00e+00
 2.26373e+11	1.42e-19	7.79e-10	1.00e+00
 2.61926e+11	1.60e-19	8.57e-10	1.00e+00
 2.92612e+11	1.76e-19	9.27e-10	1.00e+00
 3.25367e+11	1.94e-19	1.01e-09	1.00e+00
 3.65721e+11	2.18e-19	1.11e-09	1.00e+00
 4.06862e+11	2.44e-19	1.22e-09	1.00e+00
 4.43875e+11	2.69e-19	1.33e-09	1.00e+00
 4.84615e+11	3.00e-19	1.45e-09	1.00e+00
 5.32758e+11	3.39e-19	1.60e-09	1.00e+00
 5.81033e+11	3.82e-19	1.76e-09	1.00e+00
 6.26859e+11	4.27e-19	1.93e-09	1.00e+00
 6.77481e+11	4.83e-19	2.11e-09	1.00e+00
 7.34507e+11	5.52e-19	2.34e-09	1.00e+00
 7.91480e+11	6.31e-19	2.57e-09	1.00e+00
 8.41861e+11	7.08e-19	2.79e-09	1.00e+00
 8.84092e+11	7.80e-19	2.99e-09	1.00e+00
 9.29523e+11	8.63e-19	3.20e-09	1.00e+00
 9.88584e+11	9.84e-19	3.49e-09	1.00e+00
 1.05040e+12	1.13e-18	3.81e-09	1.00e+00
 1.10316e+12	1.26e-18	4.09e-09	1.00e+00
 1.15911e+12	1.42e-18	4.41e-09	1.00e+00
 1.22952e+12	1.64e-18	4.82e-09	1.00e+00
 1.30202e+12	1.91e-18	5.26e-09	1.00e+00
 1.36585e+12	2.17e-18	5.67e-09	1.00e+00
 1.43509e+12	2.48e-18	6.14e-09	1.00e+00
 1.51161e+12	2.87e-18	6.67e-09	1.00e+00
 1.58226e+12	3.28e-18	7.19e-09	1.00e+00
 1.65877e+12	3.76e-18	7.77e-09	1.00e+00
 1.74402e+12	4.38e-18	8.45e-09	1.00e+00
 1.82378e+12	5.03e-18	9.11e-09	1.00e+00
 1.91061e+12	5.82e-18	9.86e-09	1.00e+00
 2.00712e+12	6.82e-18	1.07e-08	1.00e+00
 2.09727e+12	7.86e-18	1.16e-08	1.00e+00
 2.19550e+12	9.14e-18	1.25e-08	1.00e+00
 2.30529e+12	1.08e-17	1.37e-08	1.00e+00
 2.40878e+12	1.25e-17	1.48e-08	1.00e+00
 2.52198e+12	1.46e-17	1.60e-08	1.00e+00
 2.64876e+12	1.73e-17	1.75e-08	1.00e+00
 2.76891e+12	2.02e-17	1.90e-08	1.00e+00
 2.89775e+12	2.37e-17	2.06e-08	1.00e+00
 3.04359e+12	2.82e-17	2.25e-08	1.00e+00
 3.18786e+12	3.33e-17	2.45e-08	1.00e+00
 3.33790e+12	3.93e-17	2.66e-08	1.00e+00
 3.50134e+12	4.67e-17	2.91e-08	1.00e+00
 3.67132e+12	5.53e-17	3.17e-08	1.00e+00
 3.83241e+12	6.48e-17	3.44e-08	1.00e+00
 3.97705e+12	7.43e-17	3.68e-08	1.00e+00
 4.11168e+12	8.40e-17	3.92e-08	1.00e+00
 4.25987e+12	9.56e-17	4.18e-08	1.00e+00
 4.42706e+12	1.10e-16	4.49e-08	1.00e+00
 4.58750e+12	1.25e-16	4.80e-08	1.00e+00
 4.76465e+12	1.44e-16	5.15e-08	1.00e+00
 4.96149e+12	1.68e-16	5.55e-08	1.00e+00
 5.14227e+12	1.92e-16	5.94e-08	1.00e+00
 5.30998e+12	2.16e-16	6.30e-08	1.00e+00
 5.50236e+12	2.46e-16	6.73e-08	1.00e+00
 5.73829e+12	2.86e-16	7.27e-08	1.00e+00
 5.97411e+12	3.34e-16	7.85e-08	1.00e+00
 6.17853e+12	3.77e-16	8.35e-08	1.00e+00
 6.39883e+12	4.29e-16	8.91e-08	1.00e+00
 6.66878e+12	4.99e-16	9.61e-08	1.00e+00
 6.94494e+12	5.81e-16	1.04e-07	1.00e+00
 7.19354e+12	6.60e-16	1.11e-07	1.00e+00
 7.46465e+12	7.56e-16	1.19e-07	1.00e+00
 7.78521e+12	8.81e-16	1.28e-07	1.00e+00
 8.10641e+12	1.02e-15	1.38e-07	1.00e+00
 8.40802e+12	1.17e-15	1.48e-07	1.00e+00
 8.74183e+12	1.35e-15	1.59e-07	1.00e+00
 9.12143e+12	1.58e-15	1.72e-07	1.00e+00
 9.49964e+12	1.83e-15	1.85e-07	1.00e+00
 9.89299e+12	2.12e-15	2.00e-07	1.00e+00
 1.03186e+13	2.47e-15	2.16e-07	1.00e+00
 1.07613e+13	2.88e-15	2.33e-07	1.00e+00
 1.12217e+13	3.36e-15	2.52e-07	1.00e+00
 1.16687e+13	3.88e-15	2.71e-07	1.00e+00
 1.20497e+13	4.37e-15	2.88e-07	1.00e+00
 1.24377e+13	4.91e-15	3.06e-07	1.00e+00
 1.29251e+13	5.66e-15	3.29e-07	1.00e+00
 1.34216e+13	6.50e-15	3.53e-07	1.00e+00
 1.38530e+13	7.31e-15	3.74e-07	1.00e+00
 1.43199e+13	8.24e-15	3.98e-07	1.00e+00
 1.48905e+13	9.56e-15	4.29e-07	1.00e+00
 1.54707e+13	1.10e-14	4.61e-07	1.00e+00
 1.60068e+13	1.25e-14	4.92e-07	1.00e+00
 1.66097e+13	1.43e-14	5.27e-07	1.00e+00
 1.73040e+13	1.67e-14	5.71e-07	1.00e+00
 1.79904e+13	1.93e-14	6.15e-07	1.00e+00
 1.86085e+13	2.19e-14	6.57e-07	1.00e+00
 1.92657e+13	2.49e-14	7.02e-07	1.00e+00
 2.00022e+13	2.87e-14	7.56e-07	1.00e+00
 2.06965e+13	3.26e-14	8.06e-07	1.00e+00
 2.14535e+13	3.74e-14	8.66e-07	1.00e+00
 2.22916e+13	4.32e-14	9.34e-07	1.00e+00
 2.30701e+13	4.90e-14	9.98e-07	1.00e+00
 2.39171e+13	5.62e-14	1.07e-06	1.00e+00
 2.48626e+13	6.50e-14	1.16e-06	1.00e+00
 2.57542e+13	7.43e-14	1.24e-06	1.00e+00
 2.67175e+13	8.52e-14	1.33e-06	1.00e+00
 2.77889e+13	9.87e-14	1.44e-06	1.00e+00
 2.88148e+13	1.13e-13	1.55e-06	1.00e+00
 2.99089e+13	1.30e-13	1.67e-06	1.00e+00
 3.11351e+13	1.51e-13	1.81e-06	1.00e+00
 3.23526e+13	1.74e-13	1.95e-06	1.00e+00
 3.36188e+13	2.01e-13	2.11e-06	1.00e+00
 3.49115e+13	2.30e-13	2.27e-06	1.00e+00
 3.61171e+13	2.61e-13	2.43e-06	1.00e+00
 3.74529e+13	2.98e-13	2.61e-06	1.00e+00
 3.89141e+13	3.43e-13	2.82e-06	1.00e+00
 4.02713e+13	3.89e-13	3.02e-06	1.00e+00
 4.14700e+13	4.32e-13	3.21e-06	1.00e+00
 4.27433e+13	4.82e-13	3.40e-06	1.00e+00
 4.43473e+13	5.51e-13	3.67e-06	1.00e+00
 4.59628e+13	6.26e-13	3.94e-06	1.00e+00
 4.73355e+13	6.95e-13	4.18e-06	1.00e+00
 4.88109e+13	7.75e-13	4.44e-06	1.00e+00
 5.06526e+13	8.82e-13	4.79e-06	1.00e+00
 5.25438e+13	1.01e-12	5.15e-06	1.00e+00
 5.42142e+13	1.12e-12	5.49e-06	1.00e+00
 5.60243e+13	1.26e-12	5.86e-06	1.00e+00
 5.82034e+13	1.44e-12	6.34e-06	1.00e+00
 6.03609e+13	1.63e-12	6.82e-06	1.00e+00
 6.22857e+13	1.82e-12	7.26e-06	1.00e+00
 6.44088e+13	2.04e-12	7.78e-06	1.00e+00
 6.69359e+13	2.34e-12	8.41e-06	1.00e+00
 6.94407e+13	2.65e-12	9.06e-06	1.00e+00
 7.17327e+13	2.97e-12	9.69e-06	1.00e+00
 7.42956e+13	3.35e-12	1.04e-05	1.00e+00
 7.72741e+13	3.85e-12	1.13e-05	1.00e+00
 8.01931e+13	4.36e-12	1.22e-05	1.00e+00
 8.29546e+13	4.91e-12	1.31e-05	1.00e+00
 8.60286e+13	5.56e-12	1.41e-05	1.00e+00
 8.94996e+13	6.39e-12	1.53e-05	1.00e+00
 9.29609e+13	7.29e-12	1.66e-05	1.00e+00
 9.63139e+13	8.25e-12	1.79e-05	1.00e+00
 9.92324e+13	9.18e-12	1.91e-05	1.00e+00
 1.01661e+14	9.98e-12	2.01e-05	1.00e+00
 1.04354e+14	1.10e-11	2.13e-05	1.00e+00
 1.07855e+14	1.24e-11	2.29e-05	1.00e+00
 1.11542e+14	1.39e-11	2.46e-05	1.00e+00
 1.14734e+14	1.54e-11	2.61e-05	1.00e+00
 1.18152e+14	1.71e-11	2.79e-05	1.00e+00
 1.22500e+14	1.95e-11	3.02e-05	1.00e+00
 1.26950e+14	2.23e-11	3.27e-05	1.00e+00
 1.30754e+14	2.48e-11	3.48e-05	1.00e+00
 1.34824e+14	2.76e-11	3.73e-05	1.00e+00
 1.39882e+14	3.18e-11	4.05e-05	1.00e+00
 1.45051e+14	3.64e-11	4.39e-05	1.00e+00
 1.49610e+14	4.09e-11	4.70e-05	1.00e+00
 1.54551e+14	4.60e-11	5.06e-05	1.00e+00
 1.60506e+14	5.34e-11	5.51e-05	1.00e+00
 1.66413e+14	6.13e-11	5.98e-05	1.00e+00
 1.71687e+14	6.85e-11	6.41e-05	1.00e+00
 1.77499e+14	7.84e-11	6.92e-05	1.00e+00
 1.84416e+14	9.07e-11	7.55e-05	1.00e+00
 1.91288e+14	1.04e-10	8.20e-05	1.00e+00
 1.97606e+14	1.19e-10	8.83e-05	1.00e+00
 2.04679e+14	1.35e-10	9.55e-05	1.00e+00
 2.12866e+14	1.59e-10	1.04e-04	1.00e+00
 2.20889e+14	1.83e-10	1.14e-04	1.00e+00
 2.29232e+14	2.12e-10	1.24e-04	1.00e+00
 2.36854e+14	2.38e-10	1.33e-04	1.00e+00
 2.42479e+14	2.63e-10	1.40e-04	1.00e+00
 2.48260e+14	2.89e-10	1.48e-04	1.00e+00
 2.55775e+14	3.26e-10	1.58e-04	1.00e+00
 2.63955e+14	3.69e-10	1.70e-04	1.00e+00
 2.71377e+14	4.13e-10	1.81e-04	1.00e+00
 2.79398e+14	4.62e-10	1.93e-04	1.00e+00
 2.89625e+14	5.35e-10	2.09e-04	1.00e+00
 2.99934e+14	6.17e-10	2.26e-04	1.00e+00
 3.08486e+14	6.89e-10	2.41e-04	1.00e+00
 3.17540e+14	7.74e-10	2.57e-04	1.00e+00
 3.29126e+14	8.95e-10	2.79e-04	1.00e+00
 3.41398e+14	1.04e-09	3.02e-04	1.00e+00
 3.52389e+14	1.17e-09	3.24e-04	1.00e+00
 3.64319e+14	1.33e-09	3.49e-04	1.00e+00
 3.78499e+14	1.57e-09	3.80e-04	1.00e+00
 3.92478e+14	1.79e-09	4.11e-04	1.00e+00
 4.05189e+14	2.05e-09	4.42e-04	1.00e+00
 4.19378e+14	2.36e-09	4.77e-04	1.00e+00
 4.35960e+14	2.81e-09	5.20e-04	9.99e-01
 4.52290e+14	3.26e-09	5.63e-04	9.99e-01
 4.67682e+14	3.74e-09	6.06e-04	9.99e-01
 4.84830e+14	4.32e-09	6.55e-04	9.99e-01
 5.04253e+14	5.10e-09	7.14e-04	9.99e-01
 5.20556e+14	5.82e-09	7.66e-04	9.99e-01
 5.32272e+14	6.37e-09	8.04e-04	9.99e-01
 5.44494e+14	7.00e-09	8.44e-04	9.99e-01
 5.60383e+14	7.76e-09	8.98e-04	9.99e-01
 5.78137e+14	8.93e-09	9.62e-04	9.99e-01
 5.94748e+14	1.00e-08	1.02e-03	9.99e-01
 6.12776e+14	1.12e-08	1.09e-03	9.99e-01
 6.33030e+14	1.30e-08	1.17e-03	9.99e-01
 6.52165e+14	1.47e-08	1.25e-03	9.99e-01
 6.73028e+14	1.65e-08	1.33e-03	9.99e-01
 6.96504e+14	1.94e-08	1.44e-03	9.99e-01
 7.18791e+14	2.21e-08	1.54e-03	9.98e-01
 7.43175e+14	2.48e-08	1.65e-03	9.98e-01
 7.70666e+14	2.95e-08	1.78e-03	9.98e-01
 7.96427e+14	3.36e-08	1.91e-03	9.98e-01
 8.24150e+14	3.82e-08	2.06e-03	9.98e-01
 8.55288e+14	4.44e-08	2.23e-03	9.98e-01
 8.84480e+14	5.22e-08	2.39e-03	9.98e-01
 9.16041e+14	6.00e-08	2.58e-03	9.97e-01
 9.51432e+14	6.92e-08	2.79e-03	9.97e-01
 9.84824e+14	8.00e-08	3.01e-03	9.97e-01
 1.01530e+15	9.12e-08	3.21e-03	9.97e-01
 1.04897e+15	1.04e-07	3.44e-03	9.97e-01
 1.08698e+15	1.21e-07	3.72e-03	9.96e-01
 1.12334e+15	1.39e-07	3.99e-03	9.96e-01
 1.15433e+15	1.59e-07	4.23e-03	9.96e-01
 1.18037e+15	1.75e-07	4.44e-03	9.96e-01
 1.20897e+15	1.93e-07	4.67e-03	9.95e-01
 1.24614e+15	2.20e-07	4.99e-03	9.95e-01
 1.28552e+15	2.46e-07	5.33e-03	9.95e-01
 1.32195e+15	2.82e-07	5.67e-03	9.94e-01
 1.35721e+15	3.15e-07	6.00e-03	9.94e-01
 1.39677e+15	3.58e-07	6.39e-03	9.94e-01
 1.44133e+15	4.07e-07	6.84e-03	9.93e-01
 1.48512e+15	4.66e-07	7.31e-03	9.93e-01
 1.52760e+15	5.23e-07	7.78e-03	9.92e-01
 1.57565e+15	6.03e-07	8.34e-03	9.92e-01
 1.62850e+15	6.90e-07	8.97e-03	9.91e-01
 1.67748e+15	7.92e-07	9.60e-03	9.90e-01
 1.73106e+15	9.09e-07	1.03e-02	9.90e-01
 1.78883e+15	1.03e-06	1.11e-02	9.89e-01
 1.84095e+15	1.20e-06	1.19e-02	9.88e-01
 1.88946e+15	1.34e-06	1.26e-02	9.87e-01
 1.94436e+15	1.52e-06	1.35e-02	9.87e-01
 2.00519e+15	1.72e-06	1.45e-02	9.86e-01
 2.06206e+15	2.00e-06	1.55e-02	9.85e-01
 2.11440e+15	2.24e-06	1.65e-02	9.84e-01
 2.16238e+15	2.49e-06	1.74e-02	9.83e-01
 2.21463e+15	2.77e-06	1.84e-02	9.82e-01
 2.27244e+15	3.15e-06	1.97e-02	9.80e-01
 2.32407e+15	3.48e-06	2.08e-02	9.79e-01
 2.37777e+15	3.85e-06	2.21e-02	9.78e-01
 2.44758e+15	4.53e-06	2.39e-02	9.76e-01
 2.52013e+15	5.18e-06	2.58e-02	9.74e-01
 2.58080e+15	5.78e-06	2.75e-02	9.72e-01
 2.64421e+15	6.55e-06	2.95e-02	9.71e-01
 2.71194e+15	7.63e-06	3.17e-02	9.68e-01
 2.77219e+15	8.57e-06	3.38e-02	9.66e-01
 2.82841e+15	9.57e-06	3.59e-02	9.64e-01
 2.89251e+15	1.08e-05	3.85e-02	9.61e-01
 2.96360e+15	1.25e-05	4.17e-02	9.58e-01
 3.03284e+15	1.42e-05	4.49e-02	9.55e-01
 3.09934e+15	1.60e-05	4.84e-02	9.52e-01
 3.17320e+15	1.90e-05	5.28e-02	9.47e-01
 3.24197e+15	2.15e-05	5.70e-02	9.43e-01
 3.29425e+15	2.40e-05	6.06e-02	9.39e-01
 3.35234e+15	2.67e-05	6.51e-02	9.35e-01
 3.42785e+15	3.21e-05	7.15e-02	9.28e-01
 3.49641e+15	3.67e-05	7.78e-02	9.22e-01
 3.54065e+15	4.05e-05	8.24e-02	9.18e-01
 3.57716e+15	4.43e-05	8.65e-02	9.13e-01
 3.61886e+15	4.85e-05	9.15e-02	9.08e-01
 3.67308e+15	5.52e-05	9.89e-02	9.01e-01
 3.72693e+15	6.25e-05	1.07e-01	8.93e-01
 3.76818e+15	6.85e-05	1.13e-01	8.87e-01
 3.80967e+15	7.61e-05	1.20e-01	8.79e-01
 3.85604e+15	8.74e-05	1.30e-01	8.70e-01
 3.89397e+15	9.61e-05	1.37e-01	8.63e-01
 3.92846e+15	1.06e-04	1.45e-01	8.55e-01
 3.97330e+15	1.19e-04	1.57e-01	8.43e-01
 4.02069e+15	1.38e-04	1.70e-01	8.30e-01
 4.05813e+15	1.53e-04	1.81e-01	8.19e-01
 4.09352e+15	1.70e-04	1.93e-01	8.07e-01
 4.13952e+15	1.97e-04	2.11e-01	7.89e-01
 4.18292e+15	2.21e-04	2.28e-01	7.72e-01
 4.22294e+15	2.56e-04	2.47e-01	7.53e-01
 4.26075e+15	2.90e-04	2.65e-01	7.35e-01
 4.28882e+15	3.18e-04	2.80e-01	7.19e-01
 4.31844e+15	3.53e-04	2.98e-01	7.02e-01
 4.35695e+15	4.05e-04	3.22e-01	6.77e-01
 4.39611e+15	4.60e-04	3.48e-01	6.51e-01
 4.42848e+15	5.10e-04	3.72e-01	6.28e-01
 4.45516e+15	5.63e-04	3.91e-01	6.08e-01
 4.47413e+15	5.97e-04	4.06e-01	5.94e-01
 4.49087e+15	6.34e-04	4.20e-01	5.80e-01
 4.51263e+15	6.90e-04	4.39e-01	5.61e-01
 4.53492e+15	7.42e-04	4.57e-01	5.42e-01
 4.55457e+15	7.89e-04	4.74e-01	5.25e-01
 4.57678e+15	8.57e-04	4.95e-01	5.04e-01
 4.59948e+15	9.22e-04	5.15e-01	4.84e-01
 4.61940e+15	9.83e-04	5.33e-01	4.66e-01
 4.64185e+15	1.06e-03	5.54e-01	4.45e-01
 4.66653e+15	1.14e-03	5.77e-01	4.22e-01
 4.68897e+15	1.22e-03	5.97e-01	4.02e-01
 4.70943e+15	1.30e-03	6.15e-01	3.83e-01
 4.73247e+15	1.39e-03	6.37e-01	3.62e-01
 4.75771e+15	1.49e-03	6.58e-01	3.40e-01
 4.78046e+15	1.59e-03	6.77e-01	3.21e-01
 4.80465e+15	1.69e-03	6.97e-01	3.01e-01
 4.83071e+15	1.81e-03	7.18e-01	2.80e-01
 4.85393e+15	1.91e-03	7.35e-01	2.63e-01
 4.87888e+15	2.04e-03	7.53e-01	2.45e-01
 4.90606e+15	2.17e-03	7.71e-01	2.27e-01
 4.93057e+15	2.29e-03	7.86e-01	2.11e-01
 4.95321e+15	2.41e-03	8.00e-01	1.98e-01
 4.97899e+15	2.55e-03	8.15e-01	1.83e-01
 5.00730e+15	2.71e-03	8.29e-01	1.68e-01
 5.03315e+15	2.85e-03	8.41e-01	1.56e-01
 5.05708e+15	3.00e-03	8.52e-01	1.45e-01
 5.08427e+15	3.16e-03	8.63e-01	1.34e-01
 5.11416e+15	3.36e-03	8.74e-01	1.23e-01
 5.14145e+15	3.55e-03	8.83e-01	1.14e-01
 5.16671e+15	3.74e-03	8.91e-01	1.05e-01
 5.19543e+15	3.96e-03	8.99e-01	9.70e-02
 5.22730e+15	4.22e-03	9.07e-01	8.86e-02
 5.25693e+15	4.50e-03	9.14e-01	8.15e-02
 5.28467e+15	4.77e-03	9.20e-01	7.55e-02
 5.31634e+15	5.12e-03	9.26e-01	6.89e-02
 5.35195e+15	5.55e-03	9.32e-01	6.26e-02
 5.38500e+15	6.02e-03	9.37e-01	5.74e-02
 5.41431e+15	6.48e-03	9.40e-01	5.31e-02
 5.44646e+15	7.07e-03	9.44e-01	4.86e-02
 5.48168e+15	7.78e-03	9.48e-01	4.46e-02
 5.51256e+15	8.54e-03	9.50e-01	4.13e-02
 5.53910e+15	9.30e-03	9.52e-01	3.87e-02
 5.56833e+15	1.03e-02	9.54e-01	3.59e-02
 5.60071e+15	1.15e-02	9.55e-01	3.32e-02
 5.62689e+15	1.28e-02	9.56e-01	3.13e-02
 5.64482e+15	1.37e-02	9.56e-01	3.01e-02
 5.66232e+15	1.48e-02	9.56e-01	2.89e-02
 5.68507e+15	1.64e-02	9.56e-01	2.75e-02
 5.70805e+15	1.83e-02	9.56e-01	2.62e-02
 5.72551e+15	2.01e-02	9.55e-01	2.52e-02
 5.73945e+15	2.15e-02	9.54e-01	2.46e-02
 5.75463e+15	2.35e-02	9.53e-01	2.37e-02
 5.77178e+15	2.59e-02	9.51e-01	2.30e-02
 5.78791e+15	2.85e-02	9.49e-01	2.24e-02
 5.80237e+15	3.11e-02	9.47e-01	2.19e-02
 5.81823e+15	3.45e-02	9.44e-01	2.13e-02
 5.83525e+15	3.87e-02	9.41e-01	2.08e-02
 5.84997e+15	4.31e-02	9.37e-01	2.04e-02
 5.86278e+15	4.72e-02	9.33e-01	2.01e-02
 5.87696e+15	5.26e-02	9.28e-01	1.98e-02
 5.89292e+15	5.95e-02	9.21e-01	1.96e-02
 5.90789e+15	6.72e-02	9.13e-01	1.94e-02
 5.92141e+15	7.55e-02	9.05e-01	1.92e-02
 5.93416e+15	8.41e-02	8.97e-01	1.92e-02
 5.94584e+15	9.34e-02	8.87e-01	1.91e-02
 5.95644e+15	1.03e-01	8.78e-01	1.92e-02
 5.96632e+15	1.12e-01	8.68e-01	1.92e-02
 5.97564e+15	1.22e-01	8.58e-01	1.92e-02
 5.98296e+15	1.31e-01	8.50e-01	1.93e-02
 5.98767e+15	1.37e-01	8.44e-01	1.93e-02
 5.99192e+15	1.43e-01	8.38e-01	1.93e-02
 5.99693e+15	1.50e-01	8.31e-01	1.93e-02
 6.00244e+15	1.58e-01	8.23e-01	1.94e-02
 6.00782e+15	1.66e-01	8.14e-01	1.94e-02
 6.01290e+15	1.74e-01	8.06e-01	1.95e-02
 6.01793e+15	1.83e-01	7.97e-01	1.95e-02
 6.02301e+15	1.92e-01	7.88e-01	1.95e-02
 6.02808e+15	2.02e-01	7.78e-01	1.95e-02
 6.03315e+15	2.12e-01	7.68e-01	1.96e-02
 6.03821e+15	2.23e-01	7.58e-01	1.96e-02
 6.04328e+15	2.34e-01	7.46e-01	1.96e-02
 6.04830e+15	2.45e-01	7.35e-01	1.96e-02
 6.05332e+15	2.58e-01	7.23e-01	1.96e-02
 6.05840e+15	2.71e-01	7.10e-01	1.96e-02
 6.06338e+15	2.84e-01	6.97e-01	1.96e-02
 6.06835e+15	2.97e-01	6.83e-01	1.95e-02
 6.07341e+15	3.12e-01	6.69e-01	1.95e-02
 6.07847e+15	3.26e-01	6.54e-01	1.94e-02
 6.08351e+15	3.42e-01	6.39e-01	1.93e-02
 6.08858e+15	3.57e-01	6.23e-01	1.92e-02
 6.09369e+15	3.74e-01	6.07e-01	1.91e-02
 6.09888e+15	3.91e-01	5.90e-01	1.90e-02
 6.10404e+15	4.08e-01	5.73e-01	1.88e-02
 6.10921e+15	4.26e-01	5.56e-01	1.86e-02
 6.11450e+15	4.44e-01	5.38e-01	1.84e-02
 6.11986e+15	4.63e-01	5.19e-01	1.81e-02
 6.12525e+15	4.82e-01	5.00e-01	1.79e-02
 6.13061e+15	5.00e-01	4.82e-01	1.76e-02
 6.13594e+15	5.19e-01	4.64e-01	1.73e-02
 6.14132e+15	5.37e-01	4.46e-01	1.69e-02
 6.14677e+15	5.56e-01	4.28e-01	1.65e-02
 6.15231e+15	5.74e-01	4.10e-01	1.62e-02
 6.15795e+15	5.92e-01	3.92e-01	1.58e-02
 6.16370e+15	6.10e-01	3.75e-01	1.53e-02
 6.16961e+15	6.27e-01	3.58e-01	1.49e-02
 6.17576e+15	6.44e-01	3.41e-01	1.44e-02
 6.18216e+15	6.61e-01	3.25e-01	1.39e-02
 6.18880e+15	6.77e-01	3.10e-01	1.34e-02
 6.19578e+15	6.92e-01	2.95e-01	1.29e-02
 6.20326e+15	7.07e-01	2.80e-01	1.24e-02
 6.21136e+15	7.22e-01	2.66e-01	1.18e-02
 6.22024e+15	7.36e-01	2.53e-01	1.13e-02
 6.23002e+15	7.49e-01	2.40e-01	1.07e-02
 6.24081e+15	7.61e-01	2.29e-01	1.02e-02
 6.25190e+15	7.72e-01	2.19e-01	9.67e-03
 6.26272e+15	7.80e-01	2.11e-01	9.24e-03
 6.27409e+15	7.88e-01	2.04e-01	8.83e-03
 6.28665e+15	7.95e-01	1.97e-01	8.40e-03
 6.30003e+15	8.01e-01	1.91e-01	8.02e-03
 6.31422e+15	8.07e-01	1.85e-01	7.62e-03
 6.32914e+15	8.12e-01	1.80e-01	7.26e-03
 6.34438e+15	8.17e-01	1.76e-01	6.92e-03
 6.36007e+15	8.22e-01	1.71e-01	6.59e-03
 6.37609e+15	8.27e-01	1.67e-01	6.28e-03
 6.39217e+15	8.31e-01	1.63e-01	5.98e-03
 6.40815e+15	8.35e-01	1.59e-01	5.71e-03
 6.42397e+15	8.39e-01	1.56e-01	5.46e-03
 6.43999e+15	8.43e-01	1.52e-01	5.20e-03
 6.45562e+15	8.46e-01	1.49e-01	4.98e-03
 6.47075e+15	8.49e-01	1.46e-01	4.77e-03
 6.48596e+15	8.53e-01	1.43e-01	4.55e-03
 6.50054e+15	8.56e-01	1.40e-01	4.37e-03
 6.51469e+15	8.58e-01	1.37e-01	4.20e-03
 6.52901e+15	8.61e-01	1.35e-01	4.03e-03
 6.54321e+15	8.64e-01	1.32e-01	3.87e-03
 6.55705e+15	8.67e-01	1.30e-01	3.73e-03
 6.57058e+15	8.69e-01	1.27e-01	3.59e-03
 6.58391e+15	8.72e-01	1.25e-01	3.45e-03
 6.59710e+15	8.74e-01	1.23e-01	3.33e-03
 6.61012e+15	8.76e-01	1.21e-01	3.21e-03
 6.62294e+15	8.78e-01	1.19e-01	3.09e-03
 6.63557e+15	8.80e-01	1.17e-01	2.99e-03
 6.64803e+15	8.82e-01	1.15e-01	2.89e-03
 6.66034e+15	8.84e-01	1.13e-01	2.79e-03
 6.67249e+15	8.86e-01	1.11e-01	2.70e-03
 6.68450e+15	8.88e-01	1.09e-01	2.61e-03
 6.69633e+15	8.90e-01	1.07e-01	2.52e-03
 6.70800e+15	8.92e-01	1.06e-01	2.44e-03
 6.71959e+15	8.93e-01	1.04e-01	2.37e-03
 6.73111e+15	8.95e-01	1.03e-01	2.29e-03
 6.74254e+15	8.97e-01	1.01e-01	2.22e-03
 6.75387e+15	8.98e-01	9.96e-02	2.16e-03
 6.76510e+15	9.00e-01	9.82e-02	2.09e-03
 6.77628e+15	9.01e-01	9.67e-02	2.03e-03
 6.78740e+15	9.03e-01	9.53e-02	1.97e-03
 6.79849e+15	9.04e-01	9.40e-02	1.91e-03
 6.80954e+15	9.06e-01	9.26e-02	1.85e-03
 6.82060e+15	9.07e-01	9.13e-02	1.80e-03
 6.83174e+15	9.08e-01	9.00e-02	1.75e-03
 6.84311e+15	9.10e-01	8.87e-02	1.69e-03
 6.85479e+15	9.11e-01	8.74e-02	1.64e-03
 6.86658e+15	9.12e-01	8.61e-02	1.59e-03
 6.87835e+15	9.14e-01	8.48e-02	1.54e-03
 6.89033e+15	9.15e-01	8.35e-02	1.49e-03
 6.90270e+15	9.16e-01	8.22e-02	1.44e-03
 6.91553e+15	9.18e-01	8.09e-02	1.40e-03
 6.92891e+15	9.19e-01	7.95e-02	1.35e-03
 6.94302e+15	9.21e-01	7.81e-02	1.30e-03
 6.95813e+15	9.22e-01	7.67e-02	1.25e-03
 6.97487e+15	9.24e-01	7.50e-02	1.19e-03
 6.99328e+15	9.26e-01	7.33e-02	1.13e-03
 7.01406e+15	9.28e-01	7.14e-02	1.07e-03
 7.03562e+15	9.30e-01	6.95e-02	1.01e-03
 7.05524e+15	9.31e-01	6.78e-02	9.62e-04
 7.07310e+15	9.33e-01	6.63e-02	9.17e-04
 7.08935e+15	9.34e-01	6.49e-02	8.79e-04
 7.10413e+15	9.35e-01	6.37e-02	8.45e-04
 7.11759e+15	9.37e-01	6.26e-02	8.14e-04
 7.12983e+15	9.38e-01	6.16e-02	7.88e-04
 7.14325e+15	9.39e-01	6.06e-02	7.60e-04
 7.15774e+15	9.40e-01	5.95e-02	7.31e-04
 7.17092e+15	9.41e-01	5.84e-02	7.04e-04
 7.18291e+15	9.42e-01	5.75e-02	6.82e-04
 7.19606e+15	9.43e-01	5.65e-02	6.57e-04
 7.21025e+15	9.44e-01	5.55e-02	6.32e-04
 7.22316e+15	9.45e-01	5.45e-02	6.10e-04
 7.23491e+15	9.46e-01	5.37e-02	5.90e-04
 7.24561e+15	9.47e-01	5.29e-02	5.72e-04
 7.25733e+15	9.47e-01	5.20e-02	5.52e-04
 7.26998e+15	9.48e-01	5.12e-02	5.34e-04
 7.28149e+15	9.49e-01	5.04e-02	5.16e-04
 7.29196e+15	9.50e-01	4.96e-02	5.01e-04
 7.30150e+15	9.51e-01	4.90e-02	4.87e-04
 7.31194e+15	9.51e-01	4.82e-02	4.71e-04
 7.32322e+15	9.52e-01	4.75e-02	4.57e-04
 7.33348e+15	9.53e-01	4.68e-02	4.43e-04
 7.34282e+15	9.53e-01	4.62e-02	4.31e-04
 7.35305e+15	9.54e-01	4.55e-02	4.17e-04
 7.36410e+15	9.55e-01	4.48e-02	4.04e-04
 7.37416e+15	9.55e-01	4.41e-02	3.92e-04
 7.38331e+15	9.56e-01	4.35e-02	3.81e-04
 7.39163e+15	9.57e-01	4.30e-02	3.71e-04
 7.40075e+15	9.57e-01	4.24e-02	3.60e-04
 7.41060e+15	9.58e-01	4.18e-02	3.50e-04
 7.41956e+15	9.58e-01	4.12e-02	3.41e-04
 7.42772e+15	9.59e-01	4.07e-02	3.32e-04
 7.43666e+15	9.60e-01	4.01e-02	3.22e-04
 7.44631e+15	9.60e-01	3.96e-02	3.14e-04
 7.45509e+15	9.61e-01	3.91e-02	3.05e-04
 7.46308e+15	9.61e-01	3.86e-02	2.98e-04
 7.47183e+15	9.62e-01	3.81e-02	2.89e-04
 7.48128e+15	9.62e-01	3.76e-02	2.81e-04
 7.48989e+15	9.63e-01	3.71e-02	2.74e-04
 7.49771e+15	9.63e-01	3.66e-02	2.67e-04
 7.50629e+15	9.64e-01	3.61e-02	2.60e-04
 7.51555e+15	9.64e-01	3.57e-02	2.53e-04
 7.52398e+15	9.65e-01	3.52e-02	2.47e-04
 7.53321e+15	9.65e-01	3.47e-02	2.39e-04
 7.54318e+15	9.66e-01	3.42e-02	2.33e-04
 7.55225e+15	9.66e-01	3.37e-02	2.26e-04
 7.56050e+15	9.66e-01	3.33e-02	2.21e-04
 7.56955e+15	9.67e-01	3.28e-02	2.14e-04
 7.57931e+15	9.67e-01	3.24e-02	2.09e-04
 7.58820e+15	9.68e-01	3.20e-02	2.03e-04
 7.59794e+15	9.68e-01	3.15e-02	1.97e-04
 7.60845e+15	9.69e-01	3.11e-02	1.92e-04
 7.61802e+15	9.69e-01	3.06e-02	1.86e-04
 7.62850e+15	9.70e-01	3.02e-02	1.81e-04
 7.63982e+15	9.70e-01	2.97e-02	1.75e-04
 7.65012e+15	9.71e-01	2.93e-02	1.70e-04
 7.65949e+15	9.71e-01	2.89e-02	1.66e-04
 7.66976e+15	9.71e-01	2.85e-02	1.61e-04
 7.68084e+15	9.72e-01	2.81e-02	1.56e-04
 7.69093e+15	9.72e-01	2.77e-02	1.52e-04
 7.70199e+15	9.73e-01	2.72e-02	1.47e-04
 7.71392e+15	9.73e-01	2.68e-02	1.42e-04
 7.72478e+15	9.73e-01	2.64e-02	1.38e-04
 7.73467e+15	9.74e-01	2.60e-02	1.35e-04
 7.74550e+15	9.74e-01	2.56e-02	1.30e-04
 7.75719e+15	9.75e-01	2.53e-02	1.27e-04
 7.76783e+15	9.75e-01	2.49e-02	1.23e-04
 7.77949e+15	9.75e-01	2.45e-02	1.19e-04
 7.79208e+15	9.76e-01	2.41e-02	1.15e-04
 7.80353e+15	9.76e-01	2.38e-02	1.12e-04
 7.81608e+15	9.77e-01	2.33e-02	1.08e-04
 7.82963e+15	9.77e-01	2.30e-02	1.05e-04
 7.84196e+15	9.77e-01	2.26e-02	1.01e-04
 7.85319e+15	9.78e-01	2.23e-02	9.85e-05
 7.86548e+15	9.78e-01	2.19e-02	9.54e-05
 7.87876e+15	9.78e-01	2.16e-02	9.26e-05
 7.89084e+15	9.79e-01	2.12e-02	8.97e-05
 7.90407e+15	9.79e-01	2.09e-02	8.66e-05
 7.91836e+15	9.79e-01	2.05e-02	8.38e-05
 7.93137e+15	9.80e-01	2.02e-02	8.11e-05
 7.94562e+15	9.80e-01	1.98e-02	7.82e-05
 7.96100e+15	9.80e-01	1.95e-02	7.55e-05
 7.97500e+15	9.81e-01	1.91e-02	7.30e-05
 7.98774e+15	9.81e-01	1.88e-02	7.08e-05
 8.00170e+15	9.81e-01	1.85e-02	6.84e-05
 8.01677e+15	9.82e-01	1.82e-02	6.61e-05
 8.03049e+15	9.82e-01	1.79e-02	6.41e-05
 8.04551e+15	9.82e-01	1.76e-02	6.18e-05
 8.06174e+15	9.83e-01	1.73e-02	5.96e-05
 8.07650e+15	9.83e-01	1.70e-02	5.77e-05
 8.09268e+15	9.83e-01	1.67e-02	5.55e-05
 8.11015e+15	9.84e-01	1.63e-02	5.34e-05
 8.12604e+15	9.84e-01	1.61e-02	5.16e-05
 8.14346e+15	9.84e-01	1.57e-02	4.96e-05
 8.16226e+15	9.85e-01	1.54e-02	4.76e-05
 8.17937e+15	9.85e-01	1.51e-02	4.59e-05
 8.19812e+15	9.85e-01	1.48e-02	4.40e-05
 8.21836e+15	9.85e-01	1.45e-02	4.22e-05
 8.23678e+15	9.86e-01	1.42e-02	4.06e-05
 8.25354e+15	9.86e-01	1.40e-02	3.92e-05
 8.27191e+15	9.86e-01	1.37e-02	3.77e-05
 8.29174e+15	9.87e-01	1.34e-02	3.62e-05
 8.30979e+15	9.87e-01	1.32e-02	3.49e-05
 8.32956e+15	9.87e-01	1.29e-02	3.35e-05
 8.35091e+15	9.87e-01	1.26e-02	3.21e-05
 8.37033e+15	9.88e-01	1.24e-02	3.09e-05
 8.39162e+15	9.88e-01	1.21e-02	2.96e-05
 8.41460e+15	9.88e-01	1.19e-02	2.83e-05
 8.43551e+15	9.88e-01	1.16e-02	2.72e-05
 8.45843e+15	9.89e-01	1.13e-02	2.60e-05
 8.48317e+15	9.89e-01	1.11e-02	2.48e-05
 8.50568e+15	9.89e-01	1.08e-02	2.38e-05
 8.53035e+15	9.89e-01	1.06e-02	2.27e-05
 8.55698e+15	9.90e-01	1.03e-02	2.16e-05
 8.58122e+15	9.90e-01	1.01e-02	2.07e-05
 8.60778e+15	9.90e-01	9.85e-03	1.96e-05
 8.63645e+15	9.90e-01	9.59e-03	1.87e-05
 8.66254e+15	9.91e-01	9.37e-03	1.78e-05
 8.69113e+15	9.91e-01	9.13e-03	1.69e-05
 8.72199e+15	9.91e-01	8.88e-03	1.60e-05
 8.75008e+15	9.91e-01	8.67e-03	1.53e-05
 8.78086e+15	9.92e-01	8.43e-03	1.45e-05
 8.81408e+15	9.92e-01	8.19e-03	1.37e-05
 8.84432e+15	9.92e-01	7.99e-03	1.30e-05
 8.87745e+15	9.92e-01	7.76e-03	1.23e-05
 8.92053e+15	9.93e-01	7.47e-03	1.14e-05
 8.97014e+15	9.93e-01	7.16e-03	1.05e-05
 9.01997e+15	9.93e-01	6.88e-03	9.67e-06
 9.06969e+15	9.93e-01	6.61e-03	8.92e-06
 9.12136e+15	9.94e-01	6.34e-03	8.22e-06
 9.17548e+15	9.94e-01	6.07e-03	7.55e-06
 9.23149e+15	9.94e-01	5.81e-03	6.92e-06
 9.28921e+15	9.94e-01	5.55e-03	6.33e-06
 9.34888e+15	9.95e-01	5.31e-03	5.79e-06
 9.41071e+15	9.95e-01	5.06e-03	5.28e-06
 9.47475e+15	9.95e-01	4.83e-03	4.80e-06
 9.54054e+15	9.95e-01	4.60e-03	4.36e-06
 9.60741e+15	9.96e-01	4.38e-03	3.96e-06
 9.67452e+15	9.96e-01	4.18e-03	3.61e-06
 9.74256e+15	9.96e-01	3.98e-03	3.28e-06
 9.81279e+15	9.96e-01	3.79e-03	2.97e-06
 9.88466e+15	9.96e-01	3.60e-03	2.69e-06
 9.95756e+15	9.97e-01	3.43e-03	2.44e-06
 1.00315e+16	9.97e-01	3.26e-03	2.21e-06
 1.01069e+16	9.97e-01	3.10e-03	1.99e-06
 1.01836e+16	9.97e-01	2.94e-03	1.80e-06
 1.02618e+16	9.97e-01	2.80e-03	1.63e-06
 1.03414e+16	9.97e-01	2.65e-03	1.47e-06
 1.04223e+16	9.97e-01	2.52e-03	1.32e-06
 1.05049e+16	9.98e-01	2.39e-03	1.19e-06
 1.05891e+16	9.98e-01	2.26e-03	1.07e-06
 1.06747e+16	9.98e-01	2.15e-03	9.61e-07
 1.07620e+16	9.98e-01	2.03e-03	8.62e-07
 1.08511e+16	9.98e-01	1.92e-03	7.73e-07
 1.09419e+16	9.98e-01	1.82e-03	6.92e-07
 1.10346e+16	9.98e-01	1.72e-03	6.18e-07
 1.11291e+16	9.98e-01	1.62e-03	5.52e-07
 1.12255e+16	9.98e-01	1.53e-03	4.92e-07
 1.13240e+16	9.99e-01	1.44e-03	4.38e-07
 1.14247e+16	9.99e-01	1.36e-03	3.89e-07
 1.15275e+16	9.99e-01	1.28e-03	3.45e-07
 1.16327e+16	9.99e-01	1.20e-03	3.05e-07
 1.17404e+16	9.99e-01	1.13e-03	2.70e-07
 1.18507e+16	9.99e-01	1.06e-03	2.38e-07
 1.19637e+16	9.99e-01	9.95e-04	2.09e-07
 1.20796e+16	9.99e-01	9.32e-04	1.83e-07
 1.21986e+16	9.99e-01	8.71e-04	1.61e-07
 1.23209e+16	9.99e-01	8.14e-04	1.40e-07
 1.24467e+16	9.99e-01	7.58e-04	1.22e-07
 1.25761e+16	9.99e-01	7.07e-04	1.06e-07
 1.27088e+16	9.99e-01	6.57e-04	9.15e-08
 1.28435e+16	9.99e-01	6.11e-04	7.91e-08
 1.29832e+16	9.99e-01	5.66e-04	6.80e-08
 1.31311e+16	9.99e-01	5.23e-04	5.80e-08
 1.32855e+16	1.00e+00	4.81e-04	4.92e-08
 1.34452e+16	1.00e+00	4.42e-04	4.15e-08
 1.36112e+16	1.00e+00	4.05e-04	3.48e-08
 1.37850e+16	1.00e+00	3.69e-04	2.90e-08
 1.39674e+16	1.00e+00	3.35e-04	2.40e-08
 1.41595e+16	1.00e+00	3.04e-04	1.97e-08
 1.43625e+16	1.00e+00	2.73e-04	1.59e-08
 1.45785e+16	1.00e+00	2.45e-04	1.28e-08
 1.48080e+16	1.00e+00	2.17e-04	1.01e-08
 1.50561e+16	1.00e+00	1.92e-04	7.86e-09
 1.53244e+16	1.00e+00	1.68e-04	6.01e-09
 1.56118e+16	1.00e+00	1.45e-04	4.51e-09
 1.59290e+16	1.00e+00	1.24e-04	3.29e-09
 1.63051e+16	1.00e+00	1.03e-04	2.27e-09
 1.67192e+16	1.00e+00	8.44e-05	1.53e-09
 1.71682e+16	1.00e+00	6.80e-05	9.96e-10
 1.76762e+16	1.00e+00	5.37e-05	6.21e-10
 1.82049e+16	1.00e+00	4.22e-05	3.85e-10
 1.87279e+16	1.00e+00	3.35e-05	2.42e-10
 1.92480e+16	1.00e+00	2.67e-05	1.54e-10
 1.97752e+16	1.00e+00	2.13e-05	9.80e-11
 2.03142e+16	1.00e+00	1.69e-05	6.24e-11
 2.08659e+16	1.00e+00	1.35e-05	3.97e-11
 2.14290e+16	1.00e+00	1.07e-05	2.51e-11
 2.19997e+16	1.00e+00	8.58e-06	1.61e-11
 2.25831e+16	1.00e+00	6.85e-06	1.03e-11
 2.31864e+16	1.00e+00	5.45e-06	6.51e-12
 2.38047e+16	1.00e+00	4.33e-06	4.12e-12
 2.44288e+16	1.00e+00	3.45e-06	2.63e-12
 2.50426e+16	1.00e+00	2.78e-06	1.71e-12
 2.56343e+16	1.00e+00	2.26e-06	1.13e-12
 2.62058e+16	1.00e+00	1.86e-06	7.70e-13
 2.67612e+16	1.00e+00	1.55e-06	5.31e-13
 2.73011e+16	1.00e+00	1.29e-06	3.73e-13
 2.78263e+16	1.00e+00	1.09e-06	2.65e-13
 2.83349e+16	1.00e+00	9.27e-07	1.92e-13
 2.88245e+16	1.00e+00	7.94e-07	1.41e-13
 2.92957e+16	1.00e+00	6.86e-07	1.05e-13
 2.97487e+16	1.00e+00	5.96e-07	7.99e-14
 3.01832e+16	1.00e+00	5.22e-07	6.15e-14
 3.05997e+16	1.00e+00	4.61e-07	4.79e-14
 3.09991e+16	1.00e+00	4.09e-07	3.78e-14
 3.13813e+16	1.00e+00	3.65e-07	3.02e-14
 3.17464e+16	1.00e+00	3.28e-07	2.44e-14
 3.20951e+16	1.00e+00	2.97e-07	2.00e-14
 3.24281e+16	1.00e+00	2.70e-07	1.65e-14
 3.27463e+16	1.00e+00	2.46e-07	1.38e-14
 3.30501e+16	1.00e+00	2.26e-07	1.16e-14
 3.33400e+16	1.00e+00	2.08e-07	9.89e-15
 3.36167e+16	1.00e+00	1.93e-07	8.48e-15
 3.38808e+16	1.00e+00	1.79e-07	7.33e-15
 3.41329e+16	1.00e+00	1.67e-07	6.38e-15
 3.43737e+16	1.00e+00	1.56e-07	5.60e-15
 3.46036e+16	1.00e+00	1.47e-07	4.94e-15
 3.48233e+16	1.00e+00	1.38e-07	4.39e-15
 3.50332e+16	1.00e+00	1.30e-07	3.92e-15
 3.52340e+16	1.00e+00	1.24e-07	3.52e-15
 3.54263e+16	1.00e+00	1.17e-07	3.17e-15
 3.56105e+16	1.00e+00	1.12e-07	2.88e-15
 3.57872e+16	1.00e+00	1.07e-07	2.62e-15
 3.59569e+16	1.00e+00	1.02e-07	2.40e-15
 3.61200e+16	1.00e+00	9.75e-08	2.20e-15
 3.62771e+16	1.00e+00	9.35e-08	2.02e-15
 3.64287e+16	1.00e+00	8.99e-08	1.87e-15
 3.65752e+16	1.00e+00	8.65e-08	1.73e-15
 3.67170e+16	1.00e+00	8.33e-08	1.61e-15
 3.68546e+16	1.00e+00	8.04e-08	1.50e-15
 3.69885e+16	1.00e+00	7.76e-08	1.40e-15
 3.71192e+16	1.00e+00	7.50e-08	1.31e-15
 3.72472e+16	1.00e+00	7.25e-08	1.22e-15
 3.73731e+16	1.00e+00	7.02e-08	1.15e-15
 3.74972e+16	1.00e+00	6.80e-08	1.08e-15
 3.76205e+16	1.00e+00	6.59e-08	1.01e-15
 3.77434e+16	1.00e+00	6.38e-08	9.48e-16
 3.78667e+16	1.00e+00	6.18e-08	8.91e-16
 3.79913e+16	1.00e+00	5.98e-08	8.36e-16
 3.81183e+16	1.00e+00	5.79e-08	7.83e-16
 3.82490e+16	1.00e+00	5.60e-08	7.33e-16
 3.83849e+16	1.00e+00	5.41e-08	6.84e-16
 3.85279e+16	1.00e+00	5.21e-08	6.36e-16
 3.86806e+16	1.00e+00	5.01e-08	5.88e-16
 3.88466e+16	1.00e+00	4.80e-08	5.41e-16
 3.90307e+16	1.00e+00	4.58e-08	4.93e-16
 3.92396e+16	1.00e+00	4.34e-08	4.43e-16
 3.94834e+16	1.00e+00	4.08e-08	3.92e-16
 3.97775e+16	1.00e+00	3.79e-08	3.38e-16
 4.01469e+16	1.00e+00	3.45e-08	2.80e-16
 4.06244e+16	1.00e+00	3.05e-08	2.20e-16
 4.12450e+16	1.00e+00	2.61e-08	1.62e-16
 4.20519e+16	1.00e+00	2.14e-08	1.09e-16
 4.31008e+16	1.00e+00	1.66e-08	6.60e-17
 4.44644e+16	1.00e+00	1.20e-08	3.49e-17
 4.60170e+16	1.00e+00	8.49e-09	1.75e-17
 4.75805e+16	1.00e+00	6.03e-09	8.89e-18
 4.91440e+16	1.00e+00	4.32e-09	4.60e-18
 5.07072e+16	1.00e+00	3.12e-09	2.42e-18
 5.22702e+16	1.00e+00	2.27e-09	1.30e-18
 5.38330e+16	1.00e+00	1.67e-09	7.05e-19
 5.53956e+16	1.00e+00	1.23e-09	3.88e-19
 5.71924e+16	1.00e+00	8.71e-10	1.96e-19
 5.93298e+16	1.00e+00	5.87e-10	8.99e-20
 6.16063e+16	1.00e+00	3.92e-10	4.05e-20
 6.39157e+16	1.00e+00	2.63e-10	1.86e-20
 6.63013e+16	1.00e+00	1.77e-10	8.46e-21
 6.87630e+16	1.00e+00	1.19e-10	0.00e+00
 7.12969e+16	1.00e+00	7.97e-11	0.00e+00
 7.39412e+16	1.00e+00	5.33e-11	0.00e+00
 7.66631e+16	1.00e+00	3.57e-11	0.00e+00
 7.94648e+16	1.00e+00	2.39e-11	0.00e+00
 8.23071e+16	1.00e+00	1.62e-11	0.00e+00
 8.48504e+16	1.00e+00	1.16e-11	0.00e+00
 8.66108e+16	1.00e+00	9.30e-12	0.00e+00
 8.75970e+16	1.00e+00	8.29e-12	0.00e+00
 8.81538e+16	1.00e+00	7.73e-12	0.00e+00
 8.84879e+16	1.00e+00	7.43e-12	0.00e+00
 8.87053e+16	1.00e+00	7.23e-12	0.00e+00
 8.88949e+16	1.00e+00	7.06e-12	0.00e+00
 8.91057e+16	1.00e+00	6.87e-12	0.00e+00
 8.93250e+16	1.00e+00	6.68e-12	0.00e+00
 8.95292e+16	1.00e+00	6.51e-12	0.00e+00
 8.97120e+16	1.00e+00	6.36e-12	0.00e+00
 8.98798e+16	1.00e+00	6.23e-12	0.00e+00
 9.00435e+16	1.00e+00	6.10e-12	0.00e+00
 9.02012e+16	1.00e+00	5.98e-12	0.00e+00
 9.03463e+16	1.00e+00	5.87e-12	0.00e+00
 9.04810e+16	1.00e+00	5.77e-12	0.00e+00
 9.06076e+16	1.00e+00	5.68e-12	0.00e+00
 9.07283e+16	1.00e+00	5.60e-12	0.00e+00
 9.08455e+16	1.00e+00	5.52e-12	0.00e+00
 9.09555e+16	1.00e+00	5.44e-12	0.00e+00
 9.10588e+16	1.00e+00	5.37e-12	0.00e+00
 9.11569e+16	1.00e+00	5.30e-12	0.00e+00
 9.12528e+16	1.00e+00	5.24e-12	0.00e+00
 9.13476e+16	1.00e+00	5.18e-12	0.00e+00
 9.14391e+16	1.00e+00	5.12e-12	0.00e+00
 9.15253e+16	1.00e+00	5.06e-12	0.00e+00
 9.16072e+16	1.00e+00	5.01e-12	0.00e+00
 9.16870e+16	1.00e+00	4.96e-12	0.00e+00
 9.17649e+16	1.00e+00	4.91e-12	0.00e+00
 9.18381e+16	1.00e+00	4.87e-12	0.00e+00
 9.19100e+16	1.00e+00	4.82e-12	0.00e+00
 9.19849e+16	1.00e+00	4.78e-12	0.00e+00
 9.20576e+16	1.00e+00	4.73e-12	0.00e+00
 9.21270e+16	1.00e+00	4.69e-12	0.00e+00
 9.21972e+16	1.00e+00	4.65e-12	0.00e+00
 9.22681e+16	1.00e+00	4.60e-12	0.00e+00
 9.23356e+16	1.00e+00	4.56e-12	0.00e+00
 9.24000e+16	1.00e+00	4.53e-12	0.00e+00
 9.24666e+16	1.00e+00	4.49e-12	0.00e+00
 9.25364e+16	1.00e+00	4.45e-12	0.00e+00
 9.26045e+16	1.00e+00	4.41e-12	0.00e+00
 9.26701e+16	1.00e+00	4.37e-12	0.00e+00
 9.27378e+16	1.00e+00	4.33e-12	0.00e+00
 9.28082e+16	1.00e+00	4.29e-12	0.00e+00
 9.28770e+16	1.00e+00	4.25e-12	0.00e+00
 9.29441e+16	1.00e+00	4.21e-12	0.00e+00
 9.30146e+16	1.00e+00	4.17e-12	0.00e+00
 9.30889e+16	1.00e+00	4.13e-12	0.00e+00
 9.31621e+16	1.00e+00	4.09e-12	0.00e+00
 9.32336e+16	1.00e+00	4.05e-12	0.00e+00
 9.33085e+16	1.00e+00	4.01e-12	0.00e+00
 9.33878e+16	1.00e+00	3.97e-12	0.00e+00
 9.34746e+16	1.00e+00	3.92e-12	0.00e+00
 9.35640e+16	1.00e+00	3.87e-12	0.00e+00
 9.36464e+16	1.00e+00	3.83e-12	0.00e+00
 9.37236e+16	1.00e+00	3.79e-12	0.00e+00
 9.38044e+16	1.00e+00	3.75e-12	0.00e+00
 9.38957e+16	1.00e+00	3.70e-12	0.00e+00
 9.39948e+16	1.00e+00	3.65e-12	0.00e+00
 9.40911e+16	1.00e+00	3.60e-12	0.00e+00
 9.41772e+16	1.00e+00	3.56e-12	0.00e+00
 9.42668e+16	1.00e+00	3.52e-12	0.00e+00
 9.43724e+16	1.00e+00	3.47e-12	0.00e+00
 9.44880e+16	1.00e+00	3.41e-12	0.00e+00
 9.46029e+16	1.00e+00	3.36e-12	0.00e+00
 9.47076e+16	1.00e+00	3.31e-12	0.00e+00
 9.48081e+16	1.00e+00	3.26e-12	0.00e+00
 9.49188e+16	1.00e+00	3.21e-12	0.00e+00
 9.50443e+16	1.00e+00	3.16e-12	0.00e+00
 9.51778e+16	1.00e+00	3.10e-12	0.00e+00
 9.53062e+16	1.00e+00	3.04e-12	0.00e+00
 9.54305e+16	1.00e+00	2.99e-12	0.00e+00
 9.55600e+16	1.00e+00	2.94e-12	0.00e+00
 9.56979e+16	1.00e+00	2.88e-12	0.00e+00
 9.58444e+16	1.00e+00	2.82e-12	0.00e+00
 9.59955e+16	1.00e+00	2.76e-12	0.00e+00
 9.61466e+16	1.00e+00	2.70e-12	0.00e+00
 9.62986e+16	1.00e+00	2.65e-12	0.00e+00
 9.64574e+16	1.00e+00	2.59e-12	0.00e+00
 9.66307e+16	1.00e+00	2.53e-12	0.00e+00
 9.68105e+16	1.00e+00	2.46e-12	0.00e+00
 9.69840e+16	1.00e+00	2.40e-12	0.00e+00
 9.71550e+16	1.00e+00	2.35e-12	0.00e+00
 9.73435e+16	1.00e+00	2.28e-12	0.00e+00
 9.75525e+16	1.00e+00	2.22e-12	0.00e+00
 9.77642e+16	1.00e+00	2.15e-12	0.00e+00
 9.79663e+16	1.00e+00	2.09e-12	0.00e+00
 9.81640e+16	1.00e+00	2.03e-12	0.00e+00
 9.83819e+16	1.00e+00	1.97e-12	0.00e+00
 9.86223e+16	1.00e+00	1.90e-12	0.00e+00
 9.88634e+16	1.00e+00	1.84e-12	0.00e+00
 9.90990e+16	1.00e+00	1.78e-12	0.00e+00
 9.93386e+16	1.00e+00	1.72e-12	0.00e+00
 9.95920e+16	1.00e+00	1.66e-12	0.00e+00
 9.98584e+16	1.00e+00	1.60e-12	0.00e+00
 1.00130e+17	1.00e+00	1.54e-12	0.00e+00
 1.00409e+17	1.00e+00	1.48e-12	0.00e+00
 1.00693e+17	1.00e+00	1.42e-12	0.00e+00
 1.00994e+17	1.00e+00	1.36e-12	0.00e+00
 1.01310e+17	1.00e+00	1.30e-12	0.00e+00
 1.01623e+17	1.00e+00	1.25e-12	0.00e+00
 1.01932e+17	1.00e+00	1.19e-12	0.00e+00
 1.02267e+17	1.00e+00	1.14e-12	0.00e+00
 1.02632e+17	1.00e+00	1.08e-12	0.00e+00
 1.02992e+17	1.00e+00	1.03e-12	0.00e+00
 1.03346e+17	1.00e+00	9.78e-13	0.00e+00
 1.03715e+17	1.00e+00	9.30e-13	0.00e+00
 1.04111e+17	1.00e+00	8.82e-13	0.00e+00
 1.04547e+17	1.00e+00	8.30e-13	0.00e+00
 1.04990e+17	1.00e+00	7.83e-13	0.00e+00
 1.05422e+17	1.00e+00	7.39e-13	0.00e+00
 1.05871e+17	1.00e+00	6.96e-13	0.00e+00
 1.06340e+17	1.00e+00	6.54e-13	0.00e+00
 1.06824e+17	1.00e+00	6.15e-13	0.00e+00
 1.07345e+17	1.00e+00	5.75e-13	0.00e+00
 1.07900e+17	1.00e+00	5.37e-13	0.00e+00
 1.08464e+17	1.00e+00	5.01e-13	0.00e+00
 1.09019e+17	1.00e+00	4.68e-13	0.00e+00
 1.09537e+17	1.00e+00	4.40e-13	0.00e+00
 1.10011e+17	1.00e+00	4.16e-13	0.00e+00
 1.10464e+17	1.00e+00	3.94e-13	0.00e+00
 1.10924e+17	1.00e+00	3.73e-13	0.00e+00
 1.11406e+17	1.00e+00	3.52e-13	0.00e+00
 1.11904e+17	1.00e+00	3.32e-13	0.00e+00
 1.12387e+17	1.00e+00	3.13e-13	0.00e+00
 1.12814e+17	1.00e+00	2.97e-13	0.00e+00
 1.13173e+17	1.00e+00	2.84e-13	0.00e+00
 1.13485e+17	1.00e+00	2.74e-13	0.00e+00
 1.13773e+17	1.00e+00	2.64e-13	0.00e+00
 1.14050e+17	1.00e+00	2.55e-13	0.00e+00
 1.14311e+17	1.00e+00	2.47e-13	0.00e+00
 1.14554e+17	1.00e+00	2.40e-13	0.00e+00
 1.14779e+17	1.00e+00	2.33e-13	0.00e+00
 1.14992e+17	1.00e+00	2.27e-13	0.00e+00
 1.15197e+17	1.00e+00	2.21e-13	0.00e+00
 1.15395e+17	1.00e+00	2.16e-13	0.00e+00
 1.15587e+17	1.00e+00	2.10e-13	0.00e+00
 1.15772e+17	1.00e+00	2.06e-13	0.00e+00
 1.15950e+17	1.00e+00	2.01e-13	0.00e+00
 1.16125e+17	1.00e+00	1.97e-13	0.00e+00
 1.16295e+17	1.00e+00	1.93e-13	0.00e+00
 1.16462e+17	1.00e+00	1.89e-13	0.00e+00
 1.16625e+17	1.00e+00	1.85e-13	0.00e+00
 1.16785e+17	1.00e+00	1.82e-13	0.00e+00
 1.16942e+17	1.00e+00	1.78e-13	0.00e+00
 1.17097e+17	1.00e+00	1.75e-13	0.00e+00
 1.17249e+17	1.00e+00	1.72e-13	0.00e+00
 1.17400e+17	1.00e+00	1.69e-13	0.00e+00
 1.17548e+17	1.00e+00	1.66e-13	0.00e+00
 1.17695e+17	1.00e+00	1.63e-13	0.00e+00
 1.17840e+17	1.00e+00	1.60e-13	0.00e+00
 1.18006e+17	1.00e+00	1.57e-13	0.00e+00
 1.18222e+17	1.00e+00	1.53e-13	0.00e+00
 1.18503e+17	1.00e+00	1.48e-13	0.00e+00
 1.18867e+17	1.00e+00	1.41e-13	0.00e+00
 1.19342e+17	1.00e+00	1.34e-13	0.00e+00
 1.19930e+17	1.00e+00	1.25e-13	0.00e+00
 1.20558e+17	1.00e+00	1.16e-13	0.00e+00
 1.21126e+17	1.00e+00	1.09e-13	0.00e+00
 1.21624e+17	1.00e+00	1.03e-13	0.00e+00
 1.22105e+17	1.00e+00	9.77e-14	0.00e+00
 1.22621e+17	1.00e+00	9.22e-14	0.00e+00
 1.23181e+17	1.00e+00	8.67e-14	0.00e+00
 1.23757e+17	1.00e+00	8.14e-14	0.00e+00
 1.24324e+17	1.00e+00	7.66e-14	0.00e+00
 1.24885e+17	1.00e+00	7.20e-14	0.00e+00
 1.25466e+17	1.00e+00	6.76e-14	0.00e+00
 1.26091e+17	1.00e+00	6.32e-14	0.00e+00
 1.26770e+17	1.00e+00	5.88e-14	0.00e+00
 1.27503e+17	1.00e+00	5.43e-14	0.00e+00
 1.28305e+17	1.00e+00	4.99e-14	0.00e+00
 1.29213e+17	1.00e+00	4.53e-14	0.00e+00
 1.30303e+17	1.00e+00	4.03e-14	0.00e+00
 1.31689e+17	1.00e+00	3.48e-14	0.00e+00
 1.33491e+17	1.00e+00	2.88e-14	0.00e+00
 1.35833e+17	1.00e+00	2.26e-14	0.00e+00
 1.38878e+17	1.00e+00	1.65e-14	0.00e+00
 1.42837e+17	1.00e+00	1.11e-14	0.00e+00
 1.47976e+17	1.00e+00	6.71e-15	0.00e+00
 1.53895e+17	1.00e+00	3.84e-15	0.00e+00
 1.59651e+17	1.00e+00	2.25e-15	0.00e+00
 1.64794e+17	1.00e+00	1.41e-15	0.00e+00
 1.69592e+17	1.00e+00	9.02e-16	0.00e+00
 1.73421e+17	1.00e+00	6.37e-16	0.00e+00
 1.75718e+17	1.00e+00	5.14e-16	0.00e+00
 1.77096e+17	1.00e+00	4.50e-16	0.00e+00
 1.77923e+17	1.00e+00	4.14e-16	0.00e+00
 1.78419e+17	1.00e+00	3.94e-16	0.00e+00
 1.78717e+17	1.00e+00	3.82e-16	0.00e+00
 1.78913e+17	1.00e+00	3.74e-16	0.00e+00
 1.79102e+17	1.00e+00	3.67e-16	0.00e+00
 1.79341e+17	1.00e+00	3.58e-16	0.00e+00
 1.79648e+17	1.00e+00	3.46e-16	0.00e+00
 1.79987e+17	1.00e+00	3.34e-16	0.00e+00
 1.80278e+17	1.00e+00	3.24e-16	0.00e+00
 1.80500e+17	1.00e+00	3.16e-16	0.00e+00
 1.80699e+17	1.00e+00	3.09e-16	0.00e+00
 1.80933e+17	1.00e+00	3.01e-16	0.00e+00
 1.81226e+17	1.00e+00	2.92e-16	0.00e+00
 1.81537e+17	1.00e+00	2.82e-16	0.00e+00
 1.81803e+17	1.00e+00	2.73e-16	0.00e+00
 1.82012e+17	1.00e+00	2.66e-16	0.00e+00
 1.82201e+17	1.00e+00	2.61e-16	0.00e+00
 1.82417e+17	1.00e+00	2.54e-16	0.00e+00
 1.82678e+17	1.00e+00	2.46e-16	0.00e+00
 1.82953e+17	1.00e+00	2.38e-16	0.00e+00
 1.83194e+17	1.00e+00	2.31e-16	0.00e+00
 1.83389e+17	1.00e+00	2.25e-16	0.00e+00
 1.83566e+17	1.00e+00	2.20e-16	0.00e+00
 1.83761e+17	1.00e+00	2.15e-16	0.00e+00
 1.83994e+17	1.00e+00	2.08e-16	0.00e+00
 1.84240e+17	1.00e+00	2.02e-16	0.00e+00
 1.84460e+17	1.00e+00	1.95e-16	0.00e+00
 1.84639e+17	1.00e+00	1.91e-16	0.00e+00
 1.84803e+17	1.00e+00	1.86e-16	0.00e+00
 1.84980e+17	1.00e+00	1.82e-16	0.00e+00
 1.85188e+17	1.00e+00	1.76e-16	0.00e+00
 1.85408e+17	1.00e+00	1.70e-16	0.00e+00
 1.85608e+17	1.00e+00	1.65e-16	0.00e+00
 1.85774e+17	1.00e+00	1.61e-16	0.00e+00
 1.85925e+17	1.00e+00	1.57e-16	0.00e+00
 1.86087e+17	1.00e+00	1.53e-16	0.00e+00
 1.86275e+17	1.00e+00	1.48e-16	0.00e+00
 1.86474e+17	1.00e+00	1.43e-16	0.00e+00
 1.86656e+17	1.00e+00	1.38e-16	0.00e+00
 1.86811e+17	1.00e+00	1.34e-16	0.00e+00
 1.86951e+17	1.00e+00	1.31e-16	0.00e+00
 1.87102e+17	1.00e+00	1.27e-16	0.00e+00
 1.87276e+17	1.00e+00	1.23e-16	0.00e+00
 1.87459e+17	1.00e+00	1.19e-16	0.00e+00
 1.87628e+17	1.00e+00	1.15e-16	0.00e+00
 1.87774e+17	1.00e+00	1.11e-16	0.00e+00
 1.87908e+17	1.00e+00	1.08e-16	0.00e+00
 1.88051e+17	1.00e+00	1.05e-16	0.00e+00
 1.88215e+17	1.00e+00	1.01e-16	0.00e+00
 1.88388e+17	1.00e+00	9.71e-17	0.00e+00
 1.88548e+17	1.00e+00	9.34e-17	0.00e+00
 1.88689e+17	1.00e+00	9.03e-17	0.00e+00
 1.88821e+17	1.00e+00	8.75e-17	0.00e+00
 1.88961e+17	1.00e+00	8.46e-17	0.00e+00
 1.89120e+17	1.00e+00	8.15e-17	0.00e+00
 1.89287e+17	1.00e+00	7.81e-17	0.00e+00
 1.89442e+17	1.00e+00	7.49e-17	0.00e+00
 1.89581e+17	1.00e+00	7.22e-17	0.00e+00
 1.89713e+17	1.00e+00	6.97e-17	0.00e+00
 1.89853e+17	1.00e+00	6.72e-17	0.00e+00
 1.90010e+17	1.00e+00	6.45e-17	0.00e+00
 1.90175e+17	1.00e+00	6.17e-17	0.00e+00
 1.90333e+17	1.00e+00	5.90e-17	0.00e+00
 1.90475e+17	1.00e+00	5.66e-17	0.00e+00
 1.90610e+17	1.00e+00	5.45e-17	0.00e+00
 1.90752e+17	1.00e+00	5.24e-17	0.00e+00
 1.90910e+17	1.00e+00	5.01e-17	0.00e+00
 1.91079e+17	1.00e+00	4.78e-17	0.00e+00
 1.91243e+17	1.00e+00	4.55e-17	0.00e+00
 1.91393e+17	1.00e+00	4.35e-17	0.00e+00
 1.91535e+17	1.00e+00	4.17e-17	0.00e+00
