#depth	N	N+	N+2	N+3	N+4	N+5	N+6	N+7
 1.49634e+10	0.00e+00	0.00e+00	2.04e-28	9.71e-19	5.30e-10	9.14e-01	8.57e-02	3.68e-06
 4.54887e+10	0.00e+00	1.40e-38	2.61e-28	1.15e-18	5.78e-10	9.20e-01	7.95e-02	3.15e-06
 7.72350e+10	0.00e+00	0.00e+00	3.33e-28	1.35e-18	6.30e-10	9.26e-01	7.37e-02	2.70e-06
 1.10251e+11	0.00e+00	2.67e-38	4.25e-28	1.59e-18	6.86e-10	9.32e-01	6.83e-02	2.31e-06
 1.44588e+11	0.00e+00	0.00e+00	5.43e-28	1.88e-18	7.47e-10	9.37e-01	6.32e-02	1.98e-06
 1.80298e+11	0.00e+00	5.09e-38	6.93e-28	2.21e-18	8.13e-10	9.41e-01	5.85e-02	1.69e-06
 2.17437e+11	0.00e+00	0.00e+00	8.84e-28	2.61e-18	8.85e-10	9.46e-01	5.41e-02	1.44e-06
 2.56061e+11	0.00e+00	9.70e-38	1.13e-27	3.07e-18	9.63e-10	9.50e-01	4.98e-02	1.22e-06
 2.93425e+11	0.00e+00	0.00e+00	1.41e-27	3.58e-18	1.04e-09	9.54e-01	4.63e-02	1.05e-06
 3.27552e+11	0.00e+00	1.71e-37	1.73e-27	4.09e-18	1.12e-09	9.57e-01	4.34e-02	9.24e-07
 3.65395e+11	0.00e+00	0.00e+00	2.14e-27	4.73e-18	1.20e-09	9.60e-01	4.04e-02	0.00e+00
 4.09483e+11	0.00e+00	3.13e-37	2.73e-27	5.56e-18	1.30e-09	9.63e-01	3.73e-02	0.00e+00
 4.53179e+11	0.00e+00	0.00e+00	3.43e-27	6.49e-18	1.41e-09	9.65e-01	3.46e-02	0.00e+00
 4.95106e+11	0.00e+00	5.64e-37	4.25e-27	7.49e-18	1.52e-09	9.68e-01	3.23e-02	0.00e+00
 5.41319e+11	0.00e+00	0.00e+00	5.33e-27	8.73e-18	1.64e-09	9.70e-01	2.99e-02	0.00e+00
 5.92899e+11	0.00e+00	1.05e-36	6.81e-27	1.03e-17	1.78e-09	9.72e-01	2.76e-02	0.00e+00
 6.45267e+11	0.00e+00	0.00e+00	8.64e-27	1.21e-17	1.93e-09	9.75e-01	2.55e-02	0.00e+00
 6.99730e+11	0.00e+00	1.99e-36	1.10e-26	1.42e-17	2.10e-09	9.76e-01	2.35e-02	0.00e+00
 7.57646e+11	6.22e-47	2.75e-36	1.40e-26	1.67e-17	2.28e-09	9.78e-01	2.17e-02	0.00e+00
 8.17879e+11	0.00e+00	0.00e+00	1.79e-26	1.97e-17	2.48e-09	9.80e-01	2.00e-02	0.00e+00
 8.80521e+11	0.00e+00	5.29e-36	2.29e-26	2.32e-17	2.69e-09	9.82e-01	1.84e-02	0.00e+00
 9.45669e+11	2.11e-46	7.34e-36	2.93e-26	2.74e-17	2.93e-09	9.83e-01	1.69e-02	0.00e+00
 1.01342e+12	0.00e+00	0.00e+00	3.76e-26	3.23e-17	3.18e-09	9.84e-01	1.56e-02	0.00e+00
 1.08389e+12	0.00e+00	1.41e-35	4.81e-26	3.81e-17	3.46e-09	9.86e-01	1.43e-02	0.00e+00
 1.14996e+12	6.94e-46	1.90e-35	6.02e-26	4.43e-17	3.73e-09	9.87e-01	1.33e-02	0.00e+00
 1.20875e+12	0.00e+00	0.00e+00	7.30e-26	5.04e-17	3.99e-09	9.88e-01	1.24e-02	0.00e+00
 1.27463e+12	0.00e+00	3.25e-35	9.01e-26	5.80e-17	4.28e-09	9.88e-01	1.16e-02	0.00e+00
 1.35307e+12	2.02e-45	4.48e-35	1.15e-25	6.82e-17	4.65e-09	9.89e-01	1.07e-02	0.00e+00
 1.43208e+12	0.00e+00	0.00e+00	1.45e-25	7.99e-17	5.03e-09	9.90e-01	9.86e-03	0.00e+00
 1.50581e+12	0.00e+00	8.11e-35	1.80e-25	9.21e-17	5.41e-09	9.91e-01	9.18e-03	0.00e+00
 1.58754e+12	6.18e-45	1.10e-34	2.26e-25	1.07e-16	5.85e-09	9.92e-01	8.49e-03	0.00e+00
 1.68096e+12	0.00e+00	0.00e+00	2.90e-25	1.27e-16	6.37e-09	9.92e-01	7.80e-03	0.00e+00
 1.77365e+12	0.00e+00	2.11e-34	3.70e-25	1.50e-16	6.91e-09	9.93e-01	7.18e-03	0.00e+00
 1.87004e+12	2.09e-44	2.91e-34	4.71e-25	1.76e-16	7.50e-09	9.93e-01	6.62e-03	0.00e+00
 1.97477e+12	0.00e+00	4.08e-34	6.08e-25	2.09e-16	8.18e-09	9.94e-01	6.07e-03	0.00e+00
 2.08126e+12	4.79e-44	5.67e-34	7.80e-25	2.47e-16	8.91e-09	9.94e-01	5.57e-03	0.00e+00
 2.18028e+12	0.00e+00	7.62e-34	9.76e-25	2.87e-16	9.61e-09	9.95e-01	5.16e-03	0.00e+00
 2.27169e+12	9.65e-44	9.95e-34	1.19e-24	3.29e-16	1.03e-08	9.95e-01	4.82e-03	0.00e+00
 2.37626e+12	0.00e+00	1.34e-33	1.49e-24	3.82e-16	1.11e-08	9.96e-01	4.47e-03	0.00e+00
 2.49904e+12	2.12e-43	1.87e-33	1.92e-24	4.53e-16	1.21e-08	9.96e-01	4.10e-03	0.00e+00
 2.62073e+12	0.00e+00	2.57e-33	2.45e-24	5.34e-16	1.32e-08	9.96e-01	3.77e-03	0.00e+00
 2.73454e+12	4.53e-43	3.44e-33	3.06e-24	6.20e-16	1.42e-08	9.97e-01	3.49e-03	0.00e+00
 2.86111e+12	0.00e+00	4.70e-33	3.88e-24	7.27e-16	1.54e-08	9.97e-01	3.22e-03	0.00e+00
 3.00548e+12	1.02e-42	6.64e-33	5.04e-24	8.68e-16	1.69e-08	9.97e-01	2.94e-03	0.00e+00
 3.14762e+12	0.00e+00	9.20e-33	6.46e-24	1.03e-15	1.84e-08	9.97e-01	2.70e-03	0.00e+00
 3.29544e+12	2.31e-42	1.28e-32	8.29e-24	1.22e-15	2.00e-08	9.98e-01	2.48e-03	0.00e+00
 3.45718e+12	0.00e+00	1.80e-32	1.08e-23	1.46e-15	2.20e-08	9.98e-01	2.26e-03	0.00e+00
 3.61975e+12	5.38e-42	2.52e-32	1.39e-23	1.73e-15	2.40e-08	9.98e-01	2.07e-03	0.00e+00
 3.78881e+12	0.00e+00	3.53e-32	1.80e-23	2.06e-15	2.63e-08	9.98e-01	1.89e-03	0.00e+00
 3.97029e+12	1.25e-41	5.00e-32	2.35e-23	2.48e-15	2.88e-08	9.98e-01	1.72e-03	0.00e+00
 4.15036e+12	0.00e+00	6.96e-32	3.03e-23	2.95e-15	3.16e-08	9.98e-01	1.58e-03	0.00e+00
 4.33764e+12	2.86e-41	9.71e-32	3.92e-23	3.51e-15	3.45e-08	9.99e-01	1.44e-03	0.00e+00
 4.54107e+12	0.00e+00	1.37e-31	5.12e-23	4.22e-15	3.80e-08	9.99e-01	1.31e-03	0.00e+00
 4.75264e+12	6.74e-41	1.95e-31	6.69e-23	5.08e-15	4.18e-08	9.99e-01	1.19e-03	0.00e+00
 4.97267e+12	0.00e+00	2.75e-31	8.75e-23	6.11e-15	4.60e-08	9.99e-01	1.08e-03	0.00e+00
 5.20151e+12	1.58e-40	3.89e-31	1.14e-22	7.36e-15	5.07e-08	9.99e-01	9.83e-04	0.00e+00
 5.40798e+12	0.00e+00	5.25e-31	1.44e-22	8.65e-15	5.52e-08	9.99e-01	9.04e-04	0.00e+00
 5.57920e+12	3.08e-40	6.68e-31	1.74e-22	9.86e-15	5.91e-08	9.99e-01	8.44e-04	0.00e+00
 5.76643e+12	0.00e+00	8.62e-31	2.12e-22	1.13e-14	6.36e-08	9.99e-01	7.85e-04	0.00e+00
 6.00467e+12	6.18e-40	1.18e-30	2.71e-22	1.34e-14	6.96e-08	9.99e-01	7.18e-04	0.00e+00
 6.25370e+12	0.00e+00	1.62e-30	3.47e-22	1.60e-14	7.62e-08	9.99e-01	6.56e-04	0.00e+00
 6.47330e+12	1.26e-39	2.11e-30	4.27e-22	1.85e-14	8.24e-08	9.99e-01	6.07e-04	0.00e+00
 6.67644e+12	0.00e+00	2.68e-30	5.15e-22	2.11e-14	8.84e-08	9.99e-01	5.66e-04	0.00e+00
 6.90684e+12	2.31e-39	3.48e-30	6.33e-22	2.45e-14	9.55e-08	9.99e-01	5.24e-04	0.00e+00
 7.19277e+12	0.00e+00	4.75e-30	8.09e-22	2.91e-14	1.05e-07	1.00e+00	4.78e-04	0.00e+00
 7.47842e+12	4.84e-39	6.39e-30	1.02e-21	3.45e-14	1.15e-07	1.00e+00	4.37e-04	0.00e+00
 7.72299e+12	0.00e+00	8.17e-30	1.24e-21	3.96e-14	1.24e-07	1.00e+00	4.06e-04	0.00e+00
 7.98664e+12	8.85e-39	1.05e-29	1.52e-21	4.58e-14	1.34e-07	1.00e+00	3.76e-04	0.00e+00
 8.31333e+12	0.00e+00	1.43e-29	1.94e-21	5.45e-14	1.47e-07	1.00e+00	3.42e-04	0.00e+00
 8.64928e+12	1.83e-38	1.92e-29	2.46e-21	6.47e-14	1.61e-07	1.00e+00	3.12e-04	0.00e+00
 8.95262e+12	0.00e+00	2.49e-29	3.02e-21	7.50e-14	1.74e-07	1.00e+00	2.88e-04	0.00e+00
 9.28628e+12	3.45e-38	3.26e-29	3.75e-21	8.78e-14	1.90e-07	1.00e+00	2.65e-04	0.00e+00
 9.67933e+12	0.00e+00	4.43e-29	4.79e-21	1.05e-13	2.09e-07	1.00e+00	2.41e-04	0.00e+00
 1.00723e+13	7.09e-38	5.94e-29	6.05e-21	1.25e-13	2.30e-07	1.00e+00	2.19e-04	0.00e+00
 1.04457e+13	0.00e+00	7.75e-29	7.50e-21	1.45e-13	2.50e-07	1.00e+00	2.02e-04	0.00e+00
 1.08582e+13	1.37e-37	1.03e-28	9.40e-21	1.72e-13	2.74e-07	1.00e+00	1.85e-04	0.00e+00
 1.13224e+13	0.00e+00	1.39e-28	1.20e-20	2.05e-13	3.02e-07	1.00e+00	1.68e-04	0.00e+00
 1.17866e+13	2.79e-37	1.86e-28	1.51e-20	2.43e-13	3.31e-07	1.00e+00	1.53e-04	0.00e+00
 1.21977e+13	0.00e+00	2.38e-28	1.85e-20	2.81e-13	3.59e-07	1.00e+00	1.41e-04	0.00e+00
 1.25426e+13	4.76e-37	2.91e-28	2.17e-20	3.16e-13	3.83e-07	1.00e+00	1.32e-04	0.00e+00
 1.29138e+13	0.00e+00	3.58e-28	2.56e-20	3.57e-13	4.09e-07	1.00e+00	1.24e-04	0.00e+00
 1.33963e+13	8.36e-37	4.65e-28	3.16e-20	4.17e-13	4.45e-07	1.00e+00	1.14e-04	0.00e+00
 1.39012e+13	0.00e+00	6.05e-28	3.91e-20	4.87e-13	4.85e-07	1.00e+00	1.05e-04	0.00e+00
 1.43320e+13	1.48e-36	7.51e-28	4.65e-20	5.53e-13	5.20e-07	1.00e+00	9.76e-05	0.00e+00
 1.47889e+13	0.00e+00	9.38e-28	5.56e-20	6.31e-13	5.59e-07	1.00e+00	9.09e-05	0.00e+00
 1.53631e+13	2.67e-36	1.23e-27	6.91e-20	7.39e-13	6.10e-07	1.00e+00	8.33e-05	0.00e+00
 1.59542e+13	0.00e+00	1.60e-27	8.56e-20	8.64e-13	6.65e-07	1.00e+00	7.65e-05	0.00e+00
 1.64756e+13	4.81e-36	2.01e-27	1.03e-19	9.88e-13	7.16e-07	1.00e+00	7.11e-05	0.00e+00
 1.70418e+13	0.00e+00	2.54e-27	1.24e-19	1.14e-12	7.73e-07	1.00e+00	6.59e-05	0.00e+00
 1.76666e+13	8.65e-36	3.27e-27	1.52e-19	1.32e-12	8.40e-07	1.00e+00	6.07e-05	0.00e+00
 1.82421e+13	0.00e+00	4.10e-27	1.83e-19	1.50e-12	9.03e-07	1.00e+00	5.65e-05	0.00e+00
 1.88649e+13	1.50e-35	5.19e-27	2.21e-19	1.73e-12	9.74e-07	1.00e+00	5.24e-05	0.00e+00
 1.95596e+13	0.00e+00	6.68e-27	2.71e-19	2.00e-12	1.06e-06	1.00e+00	4.83e-05	0.00e+00
 2.02106e+13	2.68e-35	8.40e-27	3.26e-19	2.29e-12	1.14e-06	1.00e+00	4.49e-05	0.00e+00
 2.09196e+13	0.00e+00	1.07e-26	3.95e-19	2.64e-12	1.23e-06	1.00e+00	4.15e-05	0.00e+00
 2.17073e+13	4.87e-35	1.38e-26	4.87e-19	3.06e-12	1.34e-06	1.00e+00	3.82e-05	0.00e+00
 2.24426e+13	0.00e+00	1.75e-26	5.87e-19	3.51e-12	1.44e-06	1.00e+00	3.55e-05	0.00e+00
 2.32437e+13	8.67e-35	2.24e-26	7.16e-19	4.05e-12	1.56e-06	1.00e+00	3.28e-05	0.00e+00
 2.41395e+13	0.00e+00	2.92e-26	8.86e-19	4.72e-12	1.70e-06	1.00e+00	3.02e-05	0.00e+00
 2.49845e+13	1.59e-34	3.72e-26	1.08e-18	5.43e-12	1.83e-06	1.00e+00	2.80e-05	0.00e+00
 2.59091e+13	2.17e-34	4.81e-26	1.32e-18	6.28e-12	1.99e-06	1.00e+00	2.58e-05	0.00e+00
 2.69447e+13	3.02e-34	6.33e-26	1.65e-18	7.36e-12	2.17e-06	1.00e+00	2.37e-05	0.00e+00
 2.79263e+13	4.10e-34	8.16e-26	2.02e-18	8.50e-12	2.35e-06	1.00e+00	2.19e-05	0.00e+00
 2.89778e+13	5.63e-34	1.06e-25	2.49e-18	9.87e-12	2.54e-06	1.00e+00	2.02e-05	0.00e+00
 3.01668e+13	7.93e-34	1.41e-25	3.12e-18	1.16e-11	2.78e-06	1.00e+00	1.85e-05	0.00e+00
 3.13450e+13	1.10e-33	1.86e-25	3.88e-18	1.35e-11	3.02e-06	1.00e+00	1.70e-05	0.00e+00
 3.25704e+13	1.54e-33	2.44e-25	4.83e-18	1.58e-11	3.29e-06	1.00e+00	1.57e-05	0.00e+00
 3.39031e+13	2.19e-33	3.27e-25	6.07e-18	1.85e-11	3.58e-06	1.00e+00	1.44e-05	0.00e+00
 3.52892e+13	3.10e-33	4.36e-25	7.63e-18	2.18e-11	3.91e-06	1.00e+00	1.32e-05	0.00e+00
 3.65945e+13	4.28e-33	5.68e-25	9.40e-18	2.52e-11	4.22e-06	1.00e+00	1.22e-05	0.00e+00
 3.77683e+13	5.65e-33	7.15e-25	1.13e-17	2.85e-11	4.52e-06	1.00e+00	1.14e-05	0.00e+00
 3.88770e+13	7.31e-33	8.83e-25	1.33e-17	3.20e-11	4.81e-06	1.00e+00	1.07e-05	0.00e+00
 4.01045e+13	9.67e-33	1.11e-24	1.59e-17	3.62e-11	5.13e-06	1.00e+00	1.00e-05	0.00e+00
 4.14819e+13	1.31e-32	1.43e-24	1.93e-17	4.15e-11	5.51e-06	1.00e+00	9.35e-06	0.00e+00
 4.27905e+13	1.73e-32	1.79e-24	2.31e-17	4.69e-11	5.89e-06	1.00e+00	8.76e-06	0.00e+00
 4.42280e+13	2.34e-32	2.29e-24	2.80e-17	5.35e-11	6.31e-06	1.00e+00	8.17e-06	0.00e+00
 4.58362e+13	3.25e-32	3.00e-24	3.44e-17	6.17e-11	6.80e-06	1.00e+00	7.59e-06	0.00e+00
 4.73279e+13	4.35e-32	3.80e-24	4.14e-17	7.01e-11	7.28e-06	1.00e+00	7.10e-06	0.00e+00
 4.87092e+13	5.67e-32	4.72e-24	4.90e-17	7.86e-11	7.72e-06	1.00e+00	6.68e-06	0.00e+00
 5.02852e+13	7.65e-32	6.01e-24	5.90e-17	8.92e-11	8.25e-06	1.00e+00	6.26e-06	0.00e+00
 5.22145e+13	1.08e-31	7.96e-24	7.34e-17	1.04e-10	8.92e-06	1.00e+00	5.79e-06	0.00e+00
 5.41279e+13	1.52e-31	1.05e-23	9.06e-17	1.19e-10	9.60e-06	1.00e+00	5.38e-06	0.00e+00
 5.58007e+13	2.02e-31	1.32e-23	1.08e-16	1.35e-10	1.02e-05	1.00e+00	5.05e-06	0.00e+00
 5.76360e+13	2.73e-31	1.69e-23	1.31e-16	1.53e-10	1.09e-05	1.00e+00	4.73e-06	0.00e+00
 5.98617e+13	3.93e-31	2.27e-23	1.63e-16	1.78e-10	1.18e-05	1.00e+00	4.38e-06	0.00e+00
 6.21078e+13	5.57e-31	3.01e-23	2.03e-16	2.06e-10	1.27e-05	1.00e+00	4.06e-06	0.00e+00
 6.41439e+13	7.57e-31	3.86e-23	2.45e-16	2.34e-10	1.36e-05	1.00e+00	3.81e-06	0.00e+00
 6.63946e+13	1.06e-30	5.05e-23	3.01e-16	2.69e-10	1.45e-05	1.00e+00	3.55e-06	0.00e+00
 6.90349e+13	1.55e-30	6.85e-23	3.79e-16	3.14e-10	1.57e-05	1.00e+00	3.29e-06	0.00e+00
 7.16507e+13	2.22e-30	9.14e-23	4.72e-16	3.63e-10	1.70e-05	1.00e+00	3.05e-06	0.00e+00
 7.41158e+13	3.07e-30	1.19e-22	5.76e-16	4.16e-10	1.81e-05	1.00e+00	2.85e-06	0.00e+00
 7.68550e+13	4.38e-30	1.58e-22	7.14e-16	4.80e-10	1.95e-05	1.00e+00	2.65e-06	0.00e+00
 7.99591e+13	6.46e-30	2.16e-22	9.03e-16	5.61e-10	2.11e-05	1.00e+00	2.45e-06	0.00e+00
 8.30790e+13	9.44e-30	2.93e-22	1.13e-15	6.53e-10	2.28e-05	1.00e+00	2.27e-06	0.00e+00
 8.63238e+13	1.38e-29	3.96e-22	1.42e-15	7.60e-10	2.45e-05	1.00e+00	2.11e-06	0.00e+00
 8.98067e+13	2.03e-29	5.41e-22	1.80e-15	8.89e-10	2.65e-05	1.00e+00	1.95e-06	0.00e+00
 9.34289e+13	3.01e-29	7.40e-22	2.28e-15	1.04e-09	2.87e-05	1.00e+00	1.80e-06	0.00e+00
 9.69265e+13	4.32e-29	9.89e-22	2.84e-15	1.20e-09	3.09e-05	1.00e+00	1.67e-06	0.00e+00
 1.00203e+14	5.99e-29	1.28e-21	3.46e-15	1.37e-09	3.29e-05	1.00e+00	1.57e-06	0.00e+00
 1.03291e+14	8.14e-29	1.64e-21	4.15e-15	1.55e-09	3.50e-05	1.00e+00	1.48e-06	0.00e+00
 1.06657e+14	1.11e-28	2.10e-21	5.01e-15	1.76e-09	3.73e-05	1.00e+00	1.39e-06	0.00e+00
 1.10379e+14	1.56e-28	2.77e-21	6.15e-15	2.01e-09	3.99e-05	1.00e+00	1.30e-06	0.00e+00
 1.13881e+14	2.14e-28	3.55e-21	7.42e-15	2.28e-09	4.24e-05	1.00e+00	1.22e-06	0.00e+00
 1.17753e+14	2.98e-28	4.63e-21	9.05e-15	2.60e-09	4.53e-05	1.00e+00	1.14e-06	0.00e+00
 1.22093e+14	4.22e-28	6.14e-21	1.12e-14	3.01e-09	4.87e-05	1.00e+00	1.06e-06	0.00e+00
 1.26217e+14	5.91e-28	8.02e-21	1.37e-14	3.43e-09	5.19e-05	1.00e+00	9.94e-07	0.00e+00
 1.30753e+14	8.28e-28	1.05e-20	1.69e-14	3.95e-09	5.57e-05	1.00e+00	0.00e+00	0.00e+00
 1.35839e+14	1.22e-27	1.43e-20	2.12e-14	4.59e-09	6.00e-05	1.00e+00	0.00e+00	0.00e+00
 1.40735e+14	1.70e-27	1.88e-20	2.62e-14	5.29e-09	6.45e-05	1.00e+00	0.00e+00	0.00e+00
 1.45986e+14	2.44e-27	2.51e-20	3.26e-14	6.12e-09	6.93e-05	1.00e+00	0.00e+00	0.00e+00
 1.51856e+14	3.61e-27	3.43e-20	4.12e-14	7.16e-09	7.50e-05	1.00e+00	0.00e+00	0.00e+00
 1.57276e+14	5.02e-27	4.49e-20	5.08e-14	8.23e-09	8.05e-05	1.00e+00	0.00e+00	0.00e+00
 1.61958e+14	6.73e-27	5.68e-20	6.05e-14	9.25e-09	8.53e-05	1.00e+00	0.00e+00	0.00e+00
 1.67142e+14	9.02e-27	7.21e-20	7.30e-14	1.05e-08	9.10e-05	1.00e+00	0.00e+00	0.00e+00
 1.73488e+14	1.31e-26	9.72e-20	9.12e-14	1.22e-08	9.79e-05	1.00e+00	0.00e+00	0.00e+00
 1.79933e+14	1.84e-26	1.28e-19	1.13e-13	1.41e-08	1.05e-04	1.00e+00	0.00e+00	0.00e+00
 1.85718e+14	2.52e-26	1.65e-19	1.37e-13	1.60e-08	1.12e-04	1.00e+00	0.00e+00	0.00e+00
 1.92057e+14	3.43e-26	2.12e-19	1.67e-13	1.83e-08	1.20e-04	1.00e+00	0.00e+00	0.00e+00
 1.99568e+14	5.02e-26	2.88e-19	2.10e-13	2.13e-08	1.30e-04	1.00e+00	0.00e+00	0.00e+00
 2.06978e+14	7.01e-26	3.79e-19	2.61e-13	2.46e-08	1.40e-04	1.00e+00	0.00e+00	0.00e+00
 2.13732e+14	9.51e-26	4.85e-19	3.16e-13	2.80e-08	1.49e-04	1.00e+00	0.00e+00	0.00e+00
 2.21260e+14	1.32e-25	6.34e-19	3.88e-13	3.21e-08	1.60e-04	1.00e+00	0.00e+00	0.00e+00
 2.30039e+14	1.94e-25	8.62e-19	4.90e-13	3.75e-08	1.73e-04	1.00e+00	0.00e+00	0.00e+00
 2.38697e+14	2.71e-25	1.14e-18	6.10e-13	4.35e-08	1.87e-04	1.00e+00	0.00e+00	0.00e+00
 2.46861e+14	3.76e-25	1.48e-18	7.46e-13	4.97e-08	2.00e-04	1.00e+00	0.00e+00	0.00e+00
 2.55925e+14	5.18e-25	1.93e-18	9.23e-13	5.74e-08	2.15e-04	1.00e+00	0.00e+00	0.00e+00
 2.66192e+14	7.54e-25	2.62e-18	1.17e-12	6.72e-08	2.33e-04	1.00e+00	0.00e+00	0.00e+00
 2.76460e+14	1.09e-24	3.52e-18	1.46e-12	7.81e-08	2.51e-04	1.00e+00	0.00e+00	0.00e+00
 2.86087e+14	1.49e-24	4.56e-18	1.79e-12	8.96e-08	2.69e-04	1.00e+00	0.00e+00	0.00e+00
 2.96507e+14	2.05e-24	5.93e-18	2.22e-12	1.03e-07	2.89e-04	1.00e+00	0.00e+00	0.00e+00
 3.08131e+14	2.99e-24	8.03e-18	2.79e-12	1.20e-07	3.13e-04	1.00e+00	0.00e+00	0.00e+00
 3.18996e+14	4.03e-24	1.03e-17	3.42e-12	1.38e-07	3.36e-04	1.00e+00	0.00e+00	0.00e+00
 3.29057e+14	5.47e-24	1.32e-17	4.12e-12	1.57e-07	3.57e-04	1.00e+00	0.00e+00	0.00e+00
 3.38720e+14	7.04e-24	1.63e-17	4.89e-12	1.76e-07	3.79e-04	1.00e+00	0.00e+00	0.00e+00
 3.49463e+14	9.52e-24	2.07e-17	5.89e-12	1.99e-07	4.03e-04	1.00e+00	0.00e+00	0.00e+00
 3.61362e+14	1.27e-23	2.65e-17	7.19e-12	2.28e-07	4.32e-04	1.00e+00	0.00e+00	0.00e+00
 3.72411e+14	1.70e-23	3.35e-17	8.60e-12	2.57e-07	4.59e-04	1.00e+00	0.00e+00	0.00e+00
 3.84423e+14	2.24e-23	4.21e-17	1.04e-11	2.91e-07	4.90e-04	1.00e+00	0.00e+00	0.00e+00
 3.97918e+14	3.13e-23	5.51e-17	1.28e-11	3.34e-07	5.25e-04	9.99e-01	0.00e+00	0.00e+00
 4.10847e+14	4.10e-23	6.92e-17	1.54e-11	3.80e-07	5.61e-04	9.99e-01	0.00e+00	0.00e+00
 4.25162e+14	5.61e-23	8.96e-17	1.89e-11	4.36e-07	6.00e-04	9.99e-01	0.00e+00	0.00e+00
 4.40911e+14	7.75e-23	1.17e-16	2.34e-11	5.04e-07	6.47e-04	9.99e-01	0.00e+00	0.00e+00
 4.55335e+14	1.06e-22	1.50e-16	2.84e-11	5.73e-07	6.90e-04	9.99e-01	0.00e+00	0.00e+00
 4.70897e+14	1.40e-22	1.91e-16	3.46e-11	6.55e-07	7.39e-04	9.99e-01	0.00e+00	0.00e+00
 4.88307e+14	1.98e-22	2.53e-16	4.30e-11	7.57e-07	7.95e-04	9.99e-01	0.00e+00	0.00e+00
 5.04756e+14	2.61e-22	3.19e-16	5.23e-11	8.64e-07	8.52e-04	9.99e-01	0.00e+00	0.00e+00
 5.22776e+14	3.58e-22	4.15e-16	6.44e-11	9.94e-07	9.15e-04	9.99e-01	0.00e+00	0.00e+00
 5.42744e+14	4.94e-22	5.43e-16	8.04e-11	1.15e-06	9.88e-04	9.99e-01	0.00e+00	0.00e+00
 5.61274e+14	6.79e-22	7.04e-16	9.82e-11	1.32e-06	1.06e-03	9.99e-01	0.00e+00	0.00e+00
 5.81396e+14	9.09e-22	9.02e-16	1.21e-10	1.52e-06	1.14e-03	9.99e-01	0.00e+00	0.00e+00
 6.03906e+14	1.27e-21	1.19e-15	1.51e-10	1.77e-06	1.23e-03	9.99e-01	0.00e+00	0.00e+00
 6.25220e+14	1.70e-21	1.53e-15	1.86e-10	2.03e-06	1.32e-03	9.99e-01	0.00e+00	0.00e+00
 6.48122e+14	2.37e-21	2.00e-15	2.30e-10	2.35e-06	1.42e-03	9.99e-01	0.00e+00	0.00e+00
 6.74076e+14	3.26e-21	2.63e-15	2.89e-10	2.74e-06	1.54e-03	9.98e-01	0.00e+00	0.00e+00
 6.99450e+14	4.55e-21	3.46e-15	3.60e-10	3.18e-06	1.67e-03	9.98e-01	0.00e+00	0.00e+00
 7.25839e+14	6.12e-21	4.47e-15	4.48e-10	3.69e-06	1.80e-03	9.98e-01	0.00e+00	0.00e+00
 7.54903e+14	8.66e-21	5.97e-15	5.64e-10	4.32e-06	1.96e-03	9.98e-01	0.00e+00	0.00e+00
 7.83572e+14	1.16e-20	7.69e-15	7.02e-10	5.01e-06	2.12e-03	9.98e-01	0.00e+00	0.00e+00
 8.07150e+14	1.50e-20	9.54e-15	8.36e-10	5.64e-06	2.25e-03	9.98e-01	0.00e+00	0.00e+00
 8.25909e+14	1.81e-20	1.12e-14	9.57e-10	6.19e-06	2.37e-03	9.98e-01	0.00e+00	0.00e+00
 8.46684e+14	2.23e-20	1.34e-14	1.11e-09	6.83e-06	2.50e-03	9.97e-01	0.00e+00	0.00e+00
 8.73691e+14	2.86e-20	1.66e-14	1.33e-09	7.75e-06	2.67e-03	9.97e-01	0.00e+00	0.00e+00
 9.02704e+14	3.74e-20	2.08e-14	1.61e-09	8.84e-06	2.87e-03	9.97e-01	0.00e+00	0.00e+00
 9.28537e+14	4.73e-20	2.54e-14	1.90e-09	9.89e-06	3.04e-03	9.97e-01	0.00e+00	0.00e+00
 9.56336e+14	5.94e-20	3.10e-14	2.26e-09	1.11e-05	3.25e-03	9.97e-01	0.00e+00	0.00e+00
 9.91504e+14	7.95e-20	3.99e-14	2.79e-09	1.29e-05	3.51e-03	9.96e-01	0.00e+00	0.00e+00
 1.02718e+15	1.06e-19	5.09e-14	3.43e-09	1.48e-05	3.80e-03	9.96e-01	0.00e+00	0.00e+00
 1.05748e+15	1.33e-19	6.23e-14	4.07e-09	1.67e-05	4.04e-03	9.96e-01	0.00e+00	0.00e+00
 1.08988e+15	1.70e-19	7.69e-14	4.86e-09	1.88e-05	4.32e-03	9.96e-01	0.00e+00	0.00e+00
 1.13036e+15	2.26e-19	9.86e-14	6.02e-09	2.18e-05	4.68e-03	9.95e-01	0.00e+00	0.00e+00
 1.17194e+15	3.03e-19	1.27e-13	7.44e-09	2.51e-05	5.07e-03	9.95e-01	0.00e+00	0.00e+00
 1.20854e+15	3.88e-19	1.57e-13	8.91e-09	2.84e-05	5.42e-03	9.95e-01	0.00e+00	0.00e+00
 1.24809e+15	4.96e-19	1.95e-13	1.08e-08	3.23e-05	5.82e-03	9.94e-01	0.00e+00	0.00e+00
 1.29587e+15	6.70e-19	2.53e-13	1.34e-08	3.76e-05	6.34e-03	9.94e-01	0.00e+00	0.00e+00
 1.34327e+15	8.94e-19	3.24e-13	1.66e-08	4.34e-05	6.86e-03	9.93e-01	0.00e+00	0.00e+00
 1.38538e+15	1.14e-18	4.02e-13	1.99e-08	4.91e-05	7.35e-03	9.93e-01	0.00e+00	0.00e+00
 1.43172e+15	1.48e-18	5.03e-13	2.41e-08	5.60e-05	7.91e-03	9.92e-01	0.00e+00	0.00e+00
 1.48708e+15	2.00e-18	6.55e-13	3.02e-08	6.51e-05	8.61e-03	9.91e-01	0.00e+00	0.00e+00
 1.54220e+15	2.70e-18	8.46e-13	3.75e-08	7.53e-05	9.33e-03	9.91e-01	0.00e+00	0.00e+00
 1.59262e+15	3.44e-18	1.05e-12	4.53e-08	8.57e-05	1.00e-02	9.90e-01	0.00e+00	0.00e+00
 1.64893e+15	4.61e-18	1.35e-12	5.57e-08	9.84e-05	1.08e-02	9.89e-01	0.00e+00	0.00e+00
 1.71438e+15	6.34e-18	1.78e-12	7.02e-08	1.15e-04	1.18e-02	9.88e-01	0.00e+00	0.00e+00
 1.77869e+15	8.55e-18	2.30e-12	8.74e-08	1.33e-04	1.28e-02	9.87e-01	0.00e+00	0.00e+00
 1.83972e+15	1.11e-17	2.90e-12	1.07e-07	1.52e-04	1.38e-02	9.86e-01	0.00e+00	0.00e+00
 1.89327e+15	1.43e-17	3.59e-12	1.27e-07	1.71e-04	1.47e-02	9.85e-01	0.00e+00	0.00e+00
 1.93767e+15	1.74e-17	4.24e-12	1.46e-07	1.87e-04	1.55e-02	9.84e-01	0.00e+00	0.00e+00
 1.98641e+15	2.14e-17	5.06e-12	1.69e-07	2.07e-04	1.64e-02	9.83e-01	0.00e+00	0.00e+00
 2.04978e+15	2.77e-17	6.34e-12	2.04e-07	2.34e-04	1.76e-02	9.82e-01	0.00e+00	0.00e+00
 2.11637e+15	3.58e-17	7.92e-12	2.47e-07	2.66e-04	1.88e-02	9.81e-01	0.00e+00	0.00e+00
 2.17379e+15	4.59e-17	9.73e-12	2.91e-07	2.96e-04	2.00e-02	9.80e-01	0.00e+00	0.00e+00
 2.23508e+15	5.83e-17	1.19e-11	3.44e-07	3.31e-04	2.12e-02	9.78e-01	0.00e+00	0.00e+00
 2.31476e+15	7.88e-17	1.54e-11	4.25e-07	3.81e-04	2.29e-02	9.77e-01	0.00e+00	0.00e+00
 2.39651e+15	1.03e-16	1.96e-11	5.23e-07	4.37e-04	2.47e-02	9.75e-01	0.00e+00	0.00e+00
 2.46460e+15	2.09e-16	2.45e-11	6.20e-07	4.88e-04	2.63e-02	9.73e-01	0.00e+00	0.00e+00
 2.53675e+15	1.85e-16	3.00e-11	7.39e-07	5.48e-04	2.80e-02	9.71e-01	0.00e+00	0.00e+00
 2.62910e+15	2.61e-16	3.97e-11	9.18e-07	6.32e-04	3.03e-02	9.69e-01	0.00e+00	0.00e+00
 2.72601e+15	3.47e-16	5.10e-11	1.14e-06	7.30e-04	3.27e-02	9.67e-01	0.00e+00	0.00e+00
 2.81200e+15	4.73e-16	6.54e-11	1.38e-06	8.26e-04	3.50e-02	9.64e-01	0.00e+00	0.00e+00
 2.90550e+15	6.17e-16	8.24e-11	1.68e-06	9.41e-04	3.76e-02	9.61e-01	0.00e+00	0.00e+00
 3.01753e+15	9.02e-16	1.12e-10	2.12e-06	1.09e-03	4.08e-02	9.58e-01	0.00e+00	0.00e+00
 3.12868e+15	1.21e-15	1.44e-10	2.64e-06	1.26e-03	4.40e-02	9.55e-01	0.00e+00	0.00e+00
 3.22907e+15	1.62e-15	1.84e-10	3.20e-06	1.43e-03	4.71e-02	9.52e-01	0.00e+00	0.00e+00
 3.34044e+15	2.20e-15	2.38e-10	3.94e-06	1.64e-03	5.06e-02	9.48e-01	0.00e+00	0.00e+00
 3.47147e+15	3.27e-15	3.25e-10	4.99e-06	1.91e-03	5.49e-02	9.43e-01	0.00e+00	0.00e+00
 3.60084e+15	4.60e-15	4.31e-10	6.23e-06	2.21e-03	5.93e-02	9.39e-01	0.00e+00	0.00e+00
 3.72156e+15	6.25e-15	5.56e-10	7.62e-06	2.52e-03	6.35e-02	9.34e-01	0.00e+00	0.00e+00
 3.85662e+15	8.65e-15	7.29e-10	9.47e-06	2.90e-03	6.83e-02	9.29e-01	0.00e+00	0.00e+00
 4.01091e+15	1.27e-14	9.93e-10	1.20e-05	3.39e-03	7.41e-02	9.22e-01	0.00e+00	0.00e+00
 4.16291e+15	1.80e-14	1.33e-09	1.51e-05	3.92e-03	8.00e-02	9.16e-01	0.00e+00	0.00e+00
 4.28677e+15	2.37e-14	1.66e-09	1.80e-05	4.40e-03	8.49e-02	9.11e-01	0.00e+00	0.00e+00
 4.38329e+15	2.93e-14	1.98e-09	2.07e-05	4.80e-03	8.88e-02	9.06e-01	0.00e+00	0.00e+00
 4.48908e+15	3.68e-14	2.38e-09	2.39e-05	5.27e-03	9.31e-02	9.02e-01	0.00e+00	0.00e+00
 4.62661e+15	4.73e-14	2.96e-09	2.87e-05	5.93e-03	9.88e-02	8.95e-01	0.00e+00	0.00e+00
 4.77592e+15	6.64e-14	3.87e-09	3.49e-05	6.73e-03	1.05e-01	8.88e-01	0.00e+00	0.00e+00
 4.90966e+15	8.66e-14	4.80e-09	4.12e-05	7.49e-03	1.11e-01	8.81e-01	0.00e+00	0.00e+00
 5.05262e+15	1.13e-13	5.99e-09	4.90e-05	8.38e-03	1.18e-01	8.74e-01	0.00e+00	0.00e+00
 5.23611e+15	1.61e-13	7.97e-09	6.10e-05	9.64e-03	1.26e-01	8.64e-01	0.00e+00	0.00e+00
 5.42231e+15	2.15e-13	1.02e-08	7.51e-05	1.10e-02	1.35e-01	8.54e-01	0.00e+00	0.00e+00
 5.57747e+15	2.84e-13	1.28e-08	8.92e-05	1.23e-02	1.42e-01	8.45e-01	0.00e+00	0.00e+00
 5.74227e+15	3.76e-13	1.61e-08	1.06e-04	1.38e-02	1.50e-01	8.36e-01	0.00e+00	0.00e+00
 5.95214e+15	5.27e-13	2.13e-08	1.32e-04	1.58e-02	1.61e-01	8.23e-01	0.00e+00	0.00e+00
 6.16773e+15	7.79e-13	2.89e-08	1.64e-04	1.81e-02	1.72e-01	8.10e-01	0.00e+00	0.00e+00
 6.35330e+15	1.04e-12	3.64e-08	1.96e-04	2.03e-02	1.81e-01	7.98e-01	0.00e+00	0.00e+00
 6.55274e+15	1.38e-12	4.63e-08	2.36e-04	2.29e-02	1.92e-01	7.85e-01	0.00e+00	0.00e+00
 6.79880e+15	1.91e-12	6.07e-08	2.95e-04	2.63e-02	2.04e-01	7.69e-01	0.00e+00	0.00e+00
 7.04468e+15	2.82e-12	8.25e-08	3.67e-04	3.01e-02	2.18e-01	7.52e-01	0.00e+00	0.00e+00
 7.25794e+15	3.76e-12	1.04e-07	4.38e-04	3.37e-02	2.29e-01	7.37e-01	0.00e+00	0.00e+00
 7.48958e+15	5.05e-12	1.33e-07	5.29e-04	3.79e-02	2.41e-01	7.21e-01	0.00e+00	0.00e+00
 7.77293e+15	6.98e-12	1.74e-07	6.59e-04	4.34e-02	2.56e-01	7.00e-01	0.00e+00	0.00e+00
 8.04881e+15	1.03e-11	2.36e-07	8.16e-04	4.95e-02	2.71e-01	6.79e-01	0.00e+00	0.00e+00
 8.27628e+15	1.34e-11	2.94e-07	9.63e-04	5.48e-02	2.82e-01	6.62e-01	0.00e+00	0.00e+00
 8.51554e+15	1.78e-11	3.69e-07	1.14e-03	6.09e-02	2.95e-01	6.43e-01	0.00e+00	0.00e+00
 8.82380e+15	2.40e-11	4.76e-07	1.41e-03	6.92e-02	3.10e-01	6.20e-01	0.00e+00	0.00e+00
 9.14503e+15	3.58e-11	6.51e-07	1.76e-03	7.89e-02	3.26e-01	5.93e-01	0.00e+00	0.00e+00
 9.38555e+15	4.57e-11	7.95e-07	2.05e-03	8.64e-02	3.37e-01	5.74e-01	0.00e+00	0.00e+00
 9.59791e+15	5.71e-11	9.53e-07	2.34e-03	9.36e-02	3.47e-01	5.57e-01	0.00e+00	0.00e+00
 9.87397e+15	7.49e-11	1.19e-06	2.78e-03	1.03e-01	3.59e-01	5.35e-01	0.00e+00	0.00e+00
 1.01675e+16	1.01e-10	1.51e-06	3.32e-03	1.15e-01	3.71e-01	5.11e-01	0.00e+00	0.00e+00
 1.04226e+16	1.29e-10	1.84e-06	3.84e-03	1.25e-01	3.81e-01	4.90e-01	0.00e+00	0.00e+00
 1.06931e+16	1.65e-10	2.26e-06	4.49e-03	1.36e-01	3.91e-01	4.68e-01	0.00e+00	0.00e+00
 1.10447e+16	2.34e-10	2.97e-06	5.48e-03	1.53e-01	4.03e-01	4.39e-01	0.00e+00	0.00e+00
 1.13912e+16	3.12e-10	3.77e-06	6.58e-03	1.69e-01	4.12e-01	4.12e-01	0.00e+00	0.00e+00
 1.16549e+16	3.83e-10	4.48e-06	7.55e-03	1.82e-01	4.19e-01	3.92e-01	0.00e+00	0.00e+00
 1.19211e+16	4.83e-10	5.40e-06	8.68e-03	1.96e-01	4.25e-01	3.70e-01	0.00e+00	0.00e+00
 1.22673e+16	6.86e-10	7.08e-06	1.04e-02	2.16e-01	4.31e-01	3.43e-01	0.00e+00	0.00e+00
 1.26164e+16	9.05e-10	8.87e-06	1.24e-02	2.36e-01	4.35e-01	3.17e-01	0.00e+00	0.00e+00
 1.28970e+16	1.11e-09	1.05e-05	1.42e-02	2.53e-01	4.37e-01	2.96e-01	0.00e+00	0.00e+00
 1.31497e+16	1.37e-09	1.25e-05	1.60e-02	2.68e-01	4.37e-01	2.78e-01	0.00e+00	0.00e+00
 1.34384e+16	1.74e-09	1.51e-05	1.84e-02	2.87e-01	4.37e-01	2.57e-01	0.00e+00	0.00e+00
 1.37524e+16	2.40e-09	1.93e-05	2.15e-02	3.09e-01	4.35e-01	2.35e-01	0.00e+00	0.00e+00
 1.40272e+16	2.96e-09	2.28e-05	2.44e-02	3.27e-01	4.31e-01	2.17e-01	0.00e+00	0.00e+00
 1.42728e+16	3.53e-09	2.64e-05	2.74e-02	3.44e-01	4.27e-01	2.01e-01	0.00e+00	0.00e+00
 1.45521e+16	4.75e-09	3.30e-05	3.15e-02	3.65e-01	4.21e-01	1.83e-01	0.00e+00	0.00e+00
 1.48444e+16	5.71e-09	3.85e-05	3.58e-02	3.86e-01	4.12e-01	1.66e-01	0.00e+00	0.00e+00
 1.51000e+16	7.56e-09	4.75e-05	4.07e-02	4.05e-01	4.04e-01	1.51e-01	0.00e+00	0.00e+00
 1.53319e+16	9.28e-09	5.57e-05	4.53e-02	4.22e-01	3.95e-01	1.38e-01	0.00e+00	0.00e+00
 1.55412e+16	1.12e-08	6.45e-05	5.01e-02	4.38e-01	3.86e-01	1.26e-01	0.00e+00	0.00e+00
 1.57357e+16	1.34e-08	7.40e-05	5.50e-02	4.53e-01	3.76e-01	1.16e-01	0.00e+00	0.00e+00
 1.59565e+16	1.56e-08	8.40e-05	6.09e-02	4.69e-01	3.65e-01	1.05e-01	0.00e+00	0.00e+00
 1.62435e+16	2.14e-08	1.06e-04	7.04e-02	4.91e-01	3.47e-01	9.13e-02	0.00e+00	0.00e+00
 1.65185e+16	2.79e-08	1.31e-04	8.04e-02	5.10e-01	3.30e-01	7.91e-02	0.00e+00	0.00e+00
 1.67120e+16	3.28e-08	1.48e-04	8.83e-02	5.24e-01	3.17e-01	7.11e-02	0.00e+00	0.00e+00
 1.68974e+16	3.97e-08	1.72e-04	9.71e-02	5.37e-01	3.02e-01	6.34e-02	0.00e+00	0.00e+00
 1.71063e+16	4.95e-08	2.03e-04	1.08e-01	5.51e-01	2.86e-01	5.53e-02	0.00e+00	0.00e+00
 1.72982e+16	6.67e-08	2.51e-04	1.20e-01	5.63e-01	2.69e-01	4.77e-02	0.00e+00	0.00e+00
 1.74563e+16	7.84e-08	2.84e-04	1.30e-01	5.72e-01	2.55e-01	4.24e-02	0.00e+00	0.00e+00
 1.76178e+16	9.11e-08	3.20e-04	1.42e-01	5.81e-01	2.40e-01	3.71e-02	0.00e+00	0.00e+00
 1.77966e+16	1.13e-07	3.75e-04	1.56e-01	5.90e-01	2.22e-01	3.16e-02	0.00e+00	0.00e+00
 1.79534e+16	1.39e-07	4.38e-04	1.70e-01	5.97e-01	2.06e-01	2.70e-02	0.00e+00	0.00e+00
 1.80808e+16	1.76e-07	5.17e-04	1.83e-01	6.02e-01	1.92e-01	2.33e-02	0.00e+00	0.00e+00
 1.81835e+16	2.04e-07	5.74e-04	1.93e-01	6.05e-01	1.81e-01	2.06e-02	0.00e+00	0.00e+00
 1.82863e+16	2.28e-07	6.25e-04	2.05e-01	6.08e-01	1.69e-01	1.81e-02	0.00e+00	0.00e+00
 1.84200e+16	2.98e-07	7.53e-04	2.22e-01	6.10e-01	1.53e-01	1.48e-02	0.00e+00	0.00e+00
 1.85400e+16	3.55e-07	8.57e-04	2.37e-01	6.11e-01	1.39e-01	1.24e-02	0.00e+00	0.00e+00
 1.86095e+16	3.95e-07	9.24e-04	2.46e-01	6.11e-01	1.31e-01	1.11e-02	0.00e+00	0.00e+00
 1.86591e+16	4.28e-07	9.79e-04	2.53e-01	6.11e-01	1.25e-01	1.01e-02	0.00e+00	0.00e+00
 1.87156e+16	4.54e-07	1.03e-03	2.60e-01	6.11e-01	1.19e-01	9.17e-03	0.00e+00	0.00e+00
 1.87891e+16	5.37e-07	1.15e-03	2.72e-01	6.10e-01	1.10e-01	7.84e-03	0.00e+00	0.00e+00
 1.88578e+16	5.75e-07	1.21e-03	2.81e-01	6.09e-01	1.02e-01	6.87e-03	0.00e+00	0.00e+00
 1.89204e+16	6.45e-07	1.32e-03	2.91e-01	6.07e-01	9.44e-02	5.95e-03	0.00e+00	0.00e+00
 1.89863e+16	7.24e-07	1.43e-03	3.01e-01	6.05e-01	8.68e-02	5.08e-03	0.00e+00	0.00e+00
 1.90425e+16	8.03e-07	1.54e-03	3.10e-01	6.03e-01	8.04e-02	4.40e-03	0.00e+00	0.00e+00
 1.90926e+16	9.04e-07	1.66e-03	3.19e-01	6.01e-01	7.47e-02	3.82e-03	0.00e+00	0.00e+00
 1.91394e+16	9.58e-07	1.74e-03	3.26e-01	5.99e-01	6.97e-02	3.37e-03	0.00e+00	0.00e+00
 1.91909e+16	1.08e-06	1.89e-03	3.35e-01	5.96e-01	6.39e-02	2.86e-03	0.00e+00	0.00e+00
 1.92456e+16	1.19e-06	2.02e-03	3.44e-01	5.93e-01	5.84e-02	2.42e-03	0.00e+00	0.00e+00
 1.93045e+16	1.33e-06	2.18e-03	3.54e-01	5.89e-01	5.25e-02	1.98e-03	0.00e+00	0.00e+00
 1.93678e+16	1.49e-06	2.36e-03	3.64e-01	5.85e-01	4.66e-02	1.59e-03	0.00e+00	0.00e+00
 1.94248e+16	1.64e-06	2.53e-03	3.74e-01	5.81e-01	4.16e-02	1.29e-03	0.00e+00	0.00e+00
 1.94869e+16	1.84e-06	2.73e-03	3.84e-01	5.76e-01	3.65e-02	1.01e-03	0.00e+00	0.00e+00
 1.95551e+16	2.07e-06	2.96e-03	3.94e-01	5.70e-01	3.15e-02	7.70e-04	0.00e+00	0.00e+00
 1.96191e+16	2.30e-06	3.18e-03	4.04e-01	5.65e-01	2.73e-02	5.91e-04	0.00e+00	0.00e+00
 1.96904e+16	2.59e-06	3.46e-03	4.15e-01	5.58e-01	2.31e-02	4.31e-04	0.00e+00	0.00e+00
 1.97705e+16	2.95e-06	3.77e-03	4.26e-01	5.51e-01	1.91e-02	3.02e-04	0.00e+00	0.00e+00
 1.98498e+16	3.34e-06	4.10e-03	4.37e-01	5.43e-01	1.57e-02	2.11e-04	0.00e+00	0.00e+00
 1.99403e+16	3.83e-06	4.49e-03	4.49e-01	5.34e-01	1.26e-02	1.38e-04	0.00e+00	0.00e+00
 2.00579e+16	4.54e-06	5.03e-03	4.63e-01	5.22e-01	9.41e-03	7.99e-05	0.00e+00	0.00e+00
 2.01870e+16	5.41e-06	5.64e-03	4.78e-01	5.09e-01	6.92e-03	4.46e-05	0.00e+00	0.00e+00
 2.03309e+16	6.54e-06	6.39e-03	4.95e-01	4.94e-01	4.94e-03	2.33e-05	0.00e+00	0.00e+00
 2.05179e+16	8.31e-06	7.47e-03	5.15e-01	4.74e-01	3.24e-03	1.03e-05	0.00e+00	0.00e+00
 2.07220e+16	1.08e-05	8.84e-03	5.37e-01	4.52e-01	2.11e-03	4.45e-06	0.00e+00	0.00e+00
 2.08655e+16	1.30e-05	1.00e-02	5.52e-01	4.36e-01	1.60e-03	2.58e-06	0.00e+00	0.00e+00
 2.09413e+16	1.44e-05	1.07e-02	5.61e-01	4.27e-01	1.38e-03	1.94e-06	0.00e+00	0.00e+00
 2.10119e+16	1.59e-05	1.14e-02	5.69e-01	4.19e-01	1.20e-03	1.46e-06	0.00e+00	0.00e+00
 2.11038e+16	1.80e-05	1.23e-02	5.79e-01	4.07e-01	9.95e-04	1.02e-06	0.00e+00	0.00e+00
 2.12231e+16	2.12e-05	1.37e-02	5.93e-01	3.92e-01	7.86e-04	6.43e-07	0.00e+00	0.00e+00
 2.13489e+16	2.53e-05	1.55e-02	6.08e-01	3.76e-01	6.19e-04	0.00e+00	0.00e+00	0.00e+00
 2.14536e+16	2.96e-05	1.71e-02	6.21e-01	3.62e-01	5.08e-04	0.00e+00	0.00e+00	0.00e+00
 2.15444e+16	3.40e-05	1.88e-02	6.32e-01	3.49e-01	4.27e-04	0.00e+00	0.00e+00	0.00e+00
 2.16464e+16	3.98e-05	2.08e-02	6.44e-01	3.35e-01	3.50e-04	0.00e+00	0.00e+00	0.00e+00
 2.17499e+16	4.69e-05	2.33e-02	6.57e-01	3.19e-01	2.87e-04	0.00e+00	0.00e+00	0.00e+00
 2.18292e+16	5.36e-05	2.54e-02	6.67e-01	3.07e-01	2.47e-04	0.00e+00	0.00e+00	0.00e+00
 2.18946e+16	5.99e-05	2.74e-02	6.75e-01	2.97e-01	2.17e-04	0.00e+00	0.00e+00	0.00e+00
 2.19683e+16	6.80e-05	2.98e-02	6.84e-01	2.86e-01	1.87e-04	0.00e+00	0.00e+00	0.00e+00
 2.20641e+16	8.03e-05	3.33e-02	6.96e-01	2.71e-01	1.53e-04	0.00e+00	0.00e+00	0.00e+00
 2.21576e+16	9.55e-05	3.74e-02	7.07e-01	2.56e-01	1.27e-04	0.00e+00	0.00e+00	0.00e+00
 2.22253e+16	1.09e-04	4.07e-02	7.14e-01	2.45e-01	1.10e-04	0.00e+00	0.00e+00	0.00e+00
 2.22904e+16	1.23e-04	4.42e-02	7.22e-01	2.34e-01	9.57e-05	0.00e+00	0.00e+00	0.00e+00
 2.23750e+16	1.46e-04	4.95e-02	7.30e-01	2.20e-01	7.92e-05	0.00e+00	0.00e+00	0.00e+00
 2.24587e+16	1.73e-04	5.55e-02	7.38e-01	2.06e-01	6.58e-05	0.00e+00	0.00e+00	0.00e+00
 2.25206e+16	1.97e-04	6.06e-02	7.44e-01	1.95e-01	5.71e-05	0.00e+00	0.00e+00	0.00e+00
 2.25719e+16	2.20e-04	6.52e-02	7.48e-01	1.87e-01	5.05e-05	0.00e+00	0.00e+00	0.00e+00
 2.26301e+16	2.50e-04	7.11e-02	7.52e-01	1.77e-01	4.37e-05	0.00e+00	0.00e+00	0.00e+00
 2.27057e+16	2.97e-04	7.97e-02	7.56e-01	1.64e-01	3.60e-05	0.00e+00	0.00e+00	0.00e+00
 2.27800e+16	3.55e-04	8.95e-02	7.59e-01	1.51e-01	2.98e-05	0.00e+00	0.00e+00	0.00e+00
 2.28347e+16	4.04e-04	9.77e-02	7.60e-01	1.42e-01	2.57e-05	0.00e+00	0.00e+00	0.00e+00
 2.28801e+16	4.53e-04	1.05e-01	7.60e-01	1.34e-01	2.26e-05	0.00e+00	0.00e+00	0.00e+00
 2.29316e+16	5.17e-04	1.15e-01	7.59e-01	1.25e-01	1.95e-05	0.00e+00	0.00e+00	0.00e+00
 2.29985e+16	6.15e-04	1.29e-01	7.57e-01	1.14e-01	1.59e-05	0.00e+00	0.00e+00	0.00e+00
 2.30648e+16	7.36e-04	1.45e-01	7.51e-01	1.03e-01	1.29e-05	0.00e+00	0.00e+00	0.00e+00
 2.31140e+16	8.43e-04	1.58e-01	7.46e-01	9.54e-02	1.10e-05	0.00e+00	0.00e+00	0.00e+00
 2.31553e+16	9.49e-04	1.71e-01	7.39e-01	8.87e-02	9.51e-06	0.00e+00	0.00e+00	0.00e+00
 2.32024e+16	1.09e-03	1.87e-01	7.31e-01	8.13e-02	8.02e-06	0.00e+00	0.00e+00	0.00e+00
 2.32637e+16	1.31e-03	2.10e-01	7.17e-01	7.19e-02	6.35e-06	0.00e+00	0.00e+00	0.00e+00
 2.33249e+16	1.58e-03	2.36e-01	6.99e-01	6.28e-02	4.96e-06	0.00e+00	0.00e+00	0.00e+00
 2.33716e+16	1.84e-03	2.60e-01	6.82e-01	5.61e-02	4.06e-06	0.00e+00	0.00e+00	0.00e+00
 2.34179e+16	2.14e-03	2.85e-01	6.63e-01	4.96e-02	3.28e-06	0.00e+00	0.00e+00	0.00e+00
 2.34780e+16	2.62e-03	3.22e-01	6.34e-01	4.16e-02	2.43e-06	0.00e+00	0.00e+00	0.00e+00
 2.35391e+16	3.24e-03	3.66e-01	5.97e-01	3.41e-02	1.75e-06	0.00e+00	0.00e+00	0.00e+00
 2.35870e+16	3.85e-03	4.04e-01	5.63e-01	2.85e-02	1.32e-06	0.00e+00	0.00e+00	0.00e+00
 2.36273e+16	4.48e-03	4.39e-01	5.32e-01	2.42e-02	1.02e-06	0.00e+00	0.00e+00	0.00e+00
 2.36725e+16	5.29e-03	4.81e-01	4.94e-01	1.97e-02	7.43e-07	0.00e+00	0.00e+00	0.00e+00
 2.37226e+16	6.38e-03	5.32e-01	4.46e-01	1.52e-02	0.00e+00	0.00e+00	0.00e+00	0.00e+00
 2.37648e+16	7.54e-03	5.78e-01	4.02e-01	1.19e-02	0.00e+00	0.00e+00	0.00e+00	0.00e+00
 2.37964e+16	8.55e-03	6.14e-01	3.68e-01	9.72e-03	0.00e+00	0.00e+00	0.00e+00	0.00e+00
 2.38285e+16	9.71e-03	6.50e-01	3.32e-01	7.73e-03	0.00e+00	0.00e+00	0.00e+00	0.00e+00
 2.38645e+16	1.13e-02	6.91e-01	2.92e-01	5.84e-03	0.00e+00	0.00e+00	0.00e+00	0.00e+00
 2.38971e+16	1.29e-02	7.28e-01	2.54e-01	4.40e-03	0.00e+00	0.00e+00	0.00e+00	0.00e+00
 2.39244e+16	1.44e-02	7.58e-01	2.24e-01	3.40e-03	0.00e+00	0.00e+00	0.00e+00	0.00e+00
 2.39534e+16	1.63e-02	7.88e-01	1.93e-01	2.52e-03	0.00e+00	0.00e+00	0.00e+00	0.00e+00
 2.39848e+16	1.87e-02	8.19e-01	1.61e-01	1.77e-03	0.00e+00	0.00e+00	0.00e+00	0.00e+00
 2.40116e+16	2.10e-02	8.43e-01	1.35e-01	1.27e-03	0.00e+00	0.00e+00	0.00e+00	0.00e+00
 2.40337e+16	2.32e-02	8.61e-01	1.15e-01	9.39e-04	0.00e+00	0.00e+00	0.00e+00	0.00e+00
 2.40575e+16	2.58e-02	8.77e-01	9.61e-02	6.67e-04	0.00e+00	0.00e+00	0.00e+00	0.00e+00
 2.40838e+16	2.91e-02	8.93e-01	7.72e-02	4.44e-04	0.00e+00	0.00e+00	0.00e+00	0.00e+00
 2.41072e+16	3.26e-02	9.05e-01	6.22e-02	2.99e-04	0.00e+00	0.00e+00	0.00e+00	0.00e+00
 2.41271e+16	3.59e-02	9.13e-01	5.12e-02	2.10e-04	0.00e+00	0.00e+00	0.00e+00	0.00e+00
 2.41484e+16	3.99e-02	9.19e-01	4.10e-02	1.40e-04	0.00e+00	0.00e+00	0.00e+00	0.00e+00
 2.41711e+16	4.47e-02	9.23e-01	3.18e-02	8.83e-05	0.00e+00	0.00e+00	0.00e+00	0.00e+00
 2.41901e+16	4.93e-02	9.25e-01	2.53e-02	5.83e-05	0.00e+00	0.00e+00	0.00e+00	0.00e+00
 2.42057e+16	5.36e-02	9.26e-01	2.08e-02	4.10e-05	0.00e+00	0.00e+00	0.00e+00	0.00e+00
 2.42218e+16	5.85e-02	9.25e-01	1.68e-02	2.78e-05	0.00e+00	0.00e+00	0.00e+00	0.00e+00
 2.42392e+16	6.43e-02	9.22e-01	1.32e-02	1.81e-05	0.00e+00	0.00e+00	0.00e+00	0.00e+00
 2.42550e+16	7.02e-02	9.19e-01	1.05e-02	1.20e-05	0.00e+00	0.00e+00	0.00e+00	0.00e+00
 2.42690e+16	7.59e-02	9.16e-01	8.50e-03	8.22e-06	0.00e+00	0.00e+00	0.00e+00	0.00e+00
 2.42822e+16	8.17e-02	9.11e-01	6.93e-03	5.69e-06	0.00e+00	0.00e+00	0.00e+00	0.00e+00
 2.42946e+16	8.76e-02	9.07e-01	5.67e-03	3.97e-06	0.00e+00	0.00e+00	0.00e+00	0.00e+00
 2.43060e+16	9.33e-02	9.02e-01	4.71e-03	2.84e-06	0.00e+00	0.00e+00	0.00e+00	0.00e+00
 2.43160e+16	9.87e-02	8.97e-01	3.97e-03	2.09e-06	0.00e+00	0.00e+00	0.00e+00	0.00e+00
 2.43235e+16	1.03e-01	8.94e-01	3.50e-03	1.67e-06	0.00e+00	0.00e+00	0.00e+00	0.00e+00
 2.43284e+16	1.06e-01	8.91e-01	3.21e-03	1.43e-06	0.00e+00	0.00e+00	0.00e+00	0.00e+00
 2.43331e+16	1.09e-01	8.89e-01	2.95e-03	1.23e-06	0.00e+00	0.00e+00	0.00e+00	0.00e+00
 2.43386e+16	1.12e-01	8.85e-01	2.67e-03	1.03e-06	0.00e+00	0.00e+00	0.00e+00	0.00e+00
 2.43445e+16	1.16e-01	8.82e-01	2.40e-03	8.47e-07	0.00e+00	0.00e+00	0.00e+00	0.00e+00
 2.43501e+16	1.20e-01	8.78e-01	2.17e-03	0.00e+00	0.00e+00	0.00e+00	0.00e+00	0.00e+00
 2.43554e+16	1.23e-01	8.75e-01	1.96e-03	0.00e+00	0.00e+00	0.00e+00	0.00e+00	0.00e+00
 2.43607e+16	1.27e-01	8.71e-01	1.77e-03	0.00e+00	0.00e+00	0.00e+00	0.00e+00	0.00e+00
 2.43660e+16	1.31e-01	8.67e-01	1.60e-03	0.00e+00	0.00e+00	0.00e+00	0.00e+00	0.00e+00
 2.43712e+16	1.35e-01	8.64e-01	1.45e-03	0.00e+00	0.00e+00	0.00e+00	0.00e+00	0.00e+00
 2.43763e+16	1.39e-01	8.60e-01	1.31e-03	0.00e+00	0.00e+00	0.00e+00	0.00e+00	0.00e+00
 2.43815e+16	1.43e-01	8.55e-01	1.18e-03	0.00e+00	0.00e+00	0.00e+00	0.00e+00	0.00e+00
 2.43866e+16	1.48e-01	8.51e-01	1.07e-03	0.00e+00	0.00e+00	0.00e+00	0.00e+00	0.00e+00
 2.43915e+16	1.52e-01	8.47e-01	9.63e-04	0.00e+00	0.00e+00	0.00e+00	0.00e+00	0.00e+00
 2.43964e+16	1.57e-01	8.42e-01	8.71e-04	0.00e+00	0.00e+00	0.00e+00	0.00e+00	0.00e+00
 2.44013e+16	1.61e-01	8.38e-01	7.85e-04	0.00e+00	0.00e+00	0.00e+00	0.00e+00	0.00e+00
 2.44062e+16	1.66e-01	8.33e-01	7.08e-04	0.00e+00	0.00e+00	0.00e+00	0.00e+00	0.00e+00
 2.44109e+16	1.72e-01	8.28e-01	6.38e-04	0.00e+00	0.00e+00	0.00e+00	0.00e+00	0.00e+00
 2.44157e+16	1.77e-01	8.23e-01	5.75e-04	0.00e+00	0.00e+00	0.00e+00	0.00e+00	0.00e+00
 2.44203e+16	1.82e-01	8.17e-01	5.19e-04	0.00e+00	0.00e+00	0.00e+00	0.00e+00	0.00e+00
 2.44249e+16	1.88e-01	8.12e-01	4.68e-04	0.00e+00	0.00e+00	0.00e+00	0.00e+00	0.00e+00
 2.44294e+16	1.93e-01	8.06e-01	4.22e-04	0.00e+00	0.00e+00	0.00e+00	0.00e+00	0.00e+00
 2.44340e+16	1.99e-01	8.00e-01	3.80e-04	0.00e+00	0.00e+00	0.00e+00	0.00e+00	0.00e+00
 2.44384e+16	2.06e-01	7.94e-01	3.42e-04	0.00e+00	0.00e+00	0.00e+00	0.00e+00	0.00e+00
 2.44428e+16	2.13e-01	7.87e-01	3.08e-04	0.00e+00	0.00e+00	0.00e+00	0.00e+00	0.00e+00
 2.44471e+16	2.19e-01	7.80e-01	2.77e-04	0.00e+00	0.00e+00	0.00e+00	0.00e+00	0.00e+00
 2.44515e+16	2.27e-01	7.73e-01	2.49e-04	0.00e+00	0.00e+00	0.00e+00	0.00e+00	0.00e+00
 2.44557e+16	2.34e-01	7.66e-01	2.24e-04	0.00e+00	0.00e+00	0.00e+00	0.00e+00	0.00e+00
 2.44599e+16	2.42e-01	7.57e-01	2.01e-04	0.00e+00	0.00e+00	0.00e+00	0.00e+00	0.00e+00
 2.44640e+16	2.51e-01	7.49e-01	1.80e-04	0.00e+00	0.00e+00	0.00e+00	0.00e+00	0.00e+00
 2.44681e+16	2.60e-01	7.40e-01	1.62e-04	0.00e+00	0.00e+00	0.00e+00	0.00e+00	0.00e+00
 2.44722e+16	2.70e-01	7.30e-01	1.45e-04	0.00e+00	0.00e+00	0.00e+00	0.00e+00	0.00e+00
 2.44762e+16	2.80e-01	7.20e-01	1.30e-04	0.00e+00	0.00e+00	0.00e+00	0.00e+00	0.00e+00
 2.44800e+16	2.90e-01	7.10e-01	1.17e-04	0.00e+00	0.00e+00	0.00e+00	0.00e+00	0.00e+00
 2.44838e+16	3.02e-01	6.98e-01	1.04e-04	0.00e+00	0.00e+00	0.00e+00	0.00e+00	0.00e+00
 2.44875e+16	3.12e-01	6.88e-01	9.39e-05	0.00e+00	0.00e+00	0.00e+00	0.00e+00	0.00e+00
 2.44911e+16	3.26e-01	6.74e-01	8.40e-05	0.00e+00	0.00e+00	0.00e+00	0.00e+00	0.00e+00
 2.44947e+16	3.39e-01	6.61e-01	7.53e-05	0.00e+00	0.00e+00	0.00e+00	0.00e+00	0.00e+00
 2.44982e+16	3.51e-01	6.49e-01	6.76e-05	0.00e+00	0.00e+00	0.00e+00	0.00e+00	0.00e+00
 2.45016e+16	3.66e-01	6.34e-01	6.05e-05	0.00e+00	0.00e+00	0.00e+00	0.00e+00	0.00e+00
 2.45050e+16	3.81e-01	6.19e-01	5.41e-05	0.00e+00	0.00e+00	0.00e+00	0.00e+00	0.00e+00
 2.45083e+16	3.96e-01	6.04e-01	4.83e-05	0.00e+00	0.00e+00	0.00e+00	0.00e+00	0.00e+00
 2.45116e+16	4.13e-01	5.87e-01	4.31e-05	0.00e+00	0.00e+00	0.00e+00	0.00e+00	0.00e+00
 2.45148e+16	4.30e-01	5.70e-01	3.85e-05	0.00e+00	0.00e+00	0.00e+00	0.00e+00	0.00e+00
 2.45180e+16	4.51e-01	5.49e-01	3.41e-05	0.00e+00	0.00e+00	0.00e+00	0.00e+00	0.00e+00
 2.45211e+16	4.70e-01	5.30e-01	3.03e-05	0.00e+00	0.00e+00	0.00e+00	0.00e+00	0.00e+00
 2.45242e+16	4.89e-01	5.11e-01	2.69e-05	0.00e+00	0.00e+00	0.00e+00	0.00e+00	0.00e+00
 2.45272e+16	5.10e-01	4.90e-01	2.38e-05	0.00e+00	0.00e+00	0.00e+00	0.00e+00	0.00e+00
 2.45303e+16	5.31e-01	4.69e-01	2.10e-05	0.00e+00	0.00e+00	0.00e+00	0.00e+00	0.00e+00
 2.45333e+16	5.53e-01	4.47e-01	1.85e-05	0.00e+00	0.00e+00	0.00e+00	0.00e+00	0.00e+00
 2.45362e+16	5.75e-01	4.25e-01	1.62e-05	0.00e+00	0.00e+00	0.00e+00	0.00e+00	0.00e+00
 2.45392e+16	5.98e-01	4.02e-01	1.42e-05	0.00e+00	0.00e+00	0.00e+00	0.00e+00	0.00e+00
 2.45421e+16	6.21e-01	3.79e-01	1.24e-05	0.00e+00	0.00e+00	0.00e+00	0.00e+00	0.00e+00
 2.45450e+16	6.44e-01	3.56e-01	1.08e-05	0.00e+00	0.00e+00	0.00e+00	0.00e+00	0.00e+00
 2.45475e+16	6.64e-01	3.36e-01	9.56e-06	0.00e+00	0.00e+00	0.00e+00	0.00e+00	0.00e+00
 2.45495e+16	6.80e-01	3.20e-01	8.67e-06	0.00e+00	0.00e+00	0.00e+00	0.00e+00	0.00e+00
 2.45513e+16	6.95e-01	3.05e-01	7.89e-06	0.00e+00	0.00e+00	0.00e+00	0.00e+00	0.00e+00
 2.45532e+16	7.09e-01	2.91e-01	7.16e-06	0.00e+00	0.00e+00	0.00e+00	0.00e+00	0.00e+00
 2.45551e+16	7.25e-01	2.75e-01	6.43e-06	0.00e+00	0.00e+00	0.00e+00	0.00e+00	0.00e+00
 2.45570e+16	7.39e-01	2.61e-01	5.83e-06	0.00e+00	0.00e+00	0.00e+00	0.00e+00	0.00e+00
 2.45588e+16	7.54e-01	2.46e-01	5.26e-06	0.00e+00	0.00e+00	0.00e+00	0.00e+00	0.00e+00
