#depth	He	He+	He+2
 1.49634e+10	4.48e-23	3.82e-12	1.00e+00
 4.54887e+10	5.00e-23	4.14e-12	1.00e+00
 7.72350e+10	5.58e-23	4.48e-12	1.00e+00
 1.10251e+11	6.22e-23	4.85e-12	1.00e+00
 1.44588e+11	6.95e-23	5.25e-12	1.00e+00
 1.80298e+11	7.78e-23	5.69e-12	1.00e+00
 2.17437e+11	8.72e-23	6.17e-12	1.00e+00
 2.56061e+11	9.78e-23	6.68e-12	1.00e+00
 2.93425e+11	1.09e-22	7.20e-12	1.00e+00
 3.27552e+11	1.20e-22	7.69e-12	1.00e+00
 3.65395e+11	1.33e-22	8.27e-12	1.00e+00
 4.09483e+11	1.50e-22	8.95e-12	1.00e+00
 4.53179e+11	1.68e-22	9.66e-12	1.00e+00
 4.95106e+11	1.87e-22	1.04e-11	1.00e+00
 5.41319e+11	2.10e-22	1.12e-11	1.00e+00
 5.92899e+11	2.38e-22	1.21e-11	1.00e+00
 6.45267e+11	2.70e-22	1.32e-11	1.00e+00
 6.99730e+11	3.06e-22	1.43e-11	1.00e+00
 7.57646e+11	3.49e-22	1.55e-11	1.00e+00
 8.17879e+11	3.98e-22	1.68e-11	1.00e+00
 8.80521e+11	4.54e-22	1.83e-11	1.00e+00
 9.45669e+11	5.20e-22	1.99e-11	1.00e+00
 1.01342e+12	5.95e-22	2.16e-11	1.00e+00
 1.08389e+12	6.83e-22	2.35e-11	1.00e+00
 1.14996e+12	7.74e-22	2.53e-11	1.00e+00
 1.20875e+12	8.62e-22	2.71e-11	1.00e+00
 1.27463e+12	9.69e-22	2.91e-11	1.00e+00
 1.35307e+12	1.11e-21	3.16e-11	1.00e+00
 1.43208e+12	1.27e-21	3.42e-11	1.00e+00
 1.50581e+12	1.44e-21	3.68e-11	1.00e+00
 1.58754e+12	1.64e-21	3.98e-11	1.00e+00
 1.68096e+12	1.89e-21	4.34e-11	1.00e+00
 1.77365e+12	2.18e-21	4.72e-11	1.00e+00
 1.87004e+12	2.50e-21	5.13e-11	1.00e+00
 1.97477e+12	2.90e-21	5.61e-11	1.00e+00
 2.08126e+12	3.36e-21	6.12e-11	1.00e+00
 2.18028e+12	3.83e-21	6.61e-11	1.00e+00
 2.27169e+12	4.30e-21	7.09e-11	1.00e+00
 2.37626e+12	4.89e-21	7.67e-11	1.00e+00
 2.49904e+12	5.67e-21	8.39e-11	1.00e+00
 2.62073e+12	6.53e-21	9.14e-11	1.00e+00
 2.73454e+12	7.41e-21	9.88e-11	1.00e+00
 2.86111e+12	8.49e-21	1.07e-10	1.00e+00
 3.00548e+12	9.88e-21	1.18e-10	1.00e+00
 3.14762e+12	1.14e-20	1.29e-10	1.00e+00
 3.29544e+12	1.31e-20	1.41e-10	1.00e+00
 3.45718e+12	1.52e-20	1.55e-10	1.00e+00
 3.61975e+12	1.76e-20	1.70e-10	1.00e+00
 3.78881e+12	2.03e-20	1.87e-10	1.00e+00
 3.97029e+12	2.35e-20	2.06e-10	1.00e+00
 4.15036e+12	2.70e-20	2.26e-10	1.00e+00
 4.33764e+12	3.10e-20	2.48e-10	1.00e+00
 4.54107e+12	3.58e-20	2.74e-10	1.00e+00
 4.75264e+12	4.13e-20	3.02e-10	1.00e+00
 4.97267e+12	4.76e-20	3.34e-10	1.00e+00
 5.20151e+12	5.47e-20	3.70e-10	1.00e+00
 5.40798e+12	6.17e-20	4.04e-10	1.00e+00
 5.57920e+12	6.78e-20	4.34e-10	1.00e+00
 5.76643e+12	7.49e-20	4.68e-10	1.00e+00
 6.00467e+12	8.46e-20	5.14e-10	1.00e+00
 6.25370e+12	9.57e-20	5.65e-10	1.00e+00
 6.47330e+12	1.06e-19	6.13e-10	1.00e+00
 6.67644e+12	1.16e-19	6.60e-10	1.00e+00
 6.90684e+12	1.28e-19	7.15e-10	1.00e+00
 7.19277e+12	1.45e-19	7.88e-10	1.00e+00
 7.47842e+12	1.62e-19	8.66e-10	1.00e+00
 7.72299e+12	1.78e-19	9.35e-10	1.00e+00
 7.98664e+12	1.96e-19	1.01e-09	1.00e+00
 8.31333e+12	2.20e-19	1.12e-09	1.00e+00
 8.64928e+12	2.46e-19	1.23e-09	1.00e+00
 8.95262e+12	2.72e-19	1.34e-09	1.00e+00
 9.28628e+12	3.03e-19	1.46e-09	1.00e+00
 9.67933e+12	3.43e-19	1.61e-09	1.00e+00
 1.00723e+13	3.87e-19	1.78e-09	1.00e+00
 1.04457e+13	4.33e-19	1.94e-09	1.00e+00
 1.08582e+13	4.89e-19	2.13e-09	1.00e+00
 1.13224e+13	5.60e-19	2.36e-09	1.00e+00
 1.17866e+13	6.40e-19	2.59e-09	1.00e+00
 1.21977e+13	7.18e-19	2.81e-09	1.00e+00
 1.25426e+13	7.91e-19	3.01e-09	1.00e+00
 1.29138e+13	8.76e-19	3.22e-09	1.00e+00
 1.33963e+13	9.99e-19	3.52e-09	1.00e+00
 1.39012e+13	1.14e-18	3.84e-09	1.00e+00
 1.43320e+13	1.28e-18	4.12e-09	1.00e+00
 1.47889e+13	1.44e-18	4.44e-09	1.00e+00
 1.53631e+13	1.67e-18	4.85e-09	1.00e+00
 1.59542e+13	1.94e-18	5.31e-09	1.00e+00
 1.64756e+13	2.20e-18	5.72e-09	1.00e+00
 1.70418e+13	2.52e-18	6.19e-09	1.00e+00
 1.76666e+13	2.92e-18	6.73e-09	1.00e+00
 1.82421e+13	3.33e-18	7.25e-09	1.00e+00
 1.88649e+13	3.83e-18	7.83e-09	1.00e+00
 1.95596e+13	4.46e-18	8.52e-09	1.00e+00
 2.02106e+13	5.12e-18	9.18e-09	1.00e+00
 2.09196e+13	5.92e-18	9.94e-09	1.00e+00
 2.17073e+13	6.94e-18	1.08e-08	1.00e+00
 2.24426e+13	8.01e-18	1.17e-08	1.00e+00
 2.32437e+13	9.31e-18	1.26e-08	1.00e+00
 2.41395e+13	1.10e-17	1.38e-08	1.00e+00
 2.49845e+13	1.27e-17	1.49e-08	1.00e+00
 2.59091e+13	1.49e-17	1.62e-08	1.00e+00
 2.69447e+13	1.77e-17	1.77e-08	1.00e+00
 2.79263e+13	2.06e-17	1.91e-08	1.00e+00
 2.89778e+13	2.42e-17	2.08e-08	1.00e+00
 3.01668e+13	2.88e-17	2.27e-08	1.00e+00
 3.13450e+13	3.40e-17	2.47e-08	1.00e+00
 3.25704e+13	4.01e-17	2.69e-08	1.00e+00
 3.39031e+13	4.76e-17	2.94e-08	1.00e+00
 3.52892e+13	5.67e-17	3.21e-08	1.00e+00
 3.65945e+13	6.62e-17	3.47e-08	1.00e+00
 3.77683e+13	7.58e-17	3.71e-08	1.00e+00
 3.88770e+13	8.57e-17	3.95e-08	1.00e+00
 4.01045e+13	9.77e-17	4.22e-08	1.00e+00
 4.14819e+13	1.13e-16	4.54e-08	1.00e+00
 4.27905e+13	1.28e-16	4.85e-08	1.00e+00
 4.42280e+13	1.48e-16	5.20e-08	1.00e+00
 4.58362e+13	1.71e-16	5.61e-08	1.00e+00
 4.73279e+13	1.96e-16	6.00e-08	1.00e+00
 4.87092e+13	2.21e-16	6.37e-08	1.00e+00
 5.02852e+13	2.51e-16	6.80e-08	1.00e+00
 5.22145e+13	2.94e-16	7.37e-08	1.00e+00
 5.41279e+13	3.41e-16	7.93e-08	1.00e+00
 5.58007e+13	3.86e-16	8.44e-08	1.00e+00
 5.76360e+13	4.41e-16	9.03e-08	1.00e+00
 5.98617e+13	5.13e-16	9.75e-08	1.00e+00
 6.21078e+13	5.96e-16	1.05e-07	1.00e+00
 6.41439e+13	6.79e-16	1.12e-07	1.00e+00
 6.63946e+13	7.78e-16	1.20e-07	1.00e+00
 6.90349e+13	9.09e-16	1.30e-07	1.00e+00
 7.16507e+13	1.05e-15	1.40e-07	1.00e+00
 7.41158e+13	1.21e-15	1.50e-07	1.00e+00
 7.68550e+13	1.39e-15	1.61e-07	1.00e+00
 7.99591e+13	1.63e-15	1.74e-07	1.00e+00
 8.30790e+13	1.89e-15	1.88e-07	1.00e+00
 8.63238e+13	2.19e-15	2.03e-07	1.00e+00
 8.98067e+13	2.56e-15	2.19e-07	1.00e+00
 9.34289e+13	2.98e-15	2.37e-07	1.00e+00
 9.69265e+13	3.44e-15	2.55e-07	1.00e+00
 1.00203e+14	3.91e-15	2.72e-07	1.00e+00
 1.03291e+14	4.39e-15	2.88e-07	1.00e+00
 1.06657e+14	4.99e-15	3.08e-07	1.00e+00
 1.10379e+14	5.69e-15	3.29e-07	1.00e+00
 1.13881e+14	6.41e-15	3.50e-07	1.00e+00
 1.17753e+14	7.30e-15	3.73e-07	1.00e+00
 1.22093e+14	8.41e-15	4.01e-07	1.00e+00
 1.26217e+14	9.54e-15	4.28e-07	1.00e+00
 1.30753e+14	1.10e-14	4.59e-07	1.00e+00
 1.35839e+14	1.27e-14	4.95e-07	1.00e+00
 1.40735e+14	1.46e-14	5.32e-07	1.00e+00
 1.45986e+14	1.68e-14	5.71e-07	1.00e+00
 1.51856e+14	1.95e-14	6.18e-07	1.00e+00
 1.57276e+14	2.24e-14	6.63e-07	1.00e+00
 1.61958e+14	2.51e-14	7.03e-07	1.00e+00
 1.67142e+14	2.84e-14	7.50e-07	1.00e+00
 1.73488e+14	3.27e-14	8.07e-07	1.00e+00
 1.79933e+14	3.79e-14	8.70e-07	1.00e+00
 1.85718e+14	4.27e-14	9.27e-07	1.00e+00
 1.92057e+14	4.87e-14	9.93e-07	1.00e+00
 1.99568e+14	5.64e-14	1.07e-06	1.00e+00
 2.06978e+14	6.50e-14	1.16e-06	1.00e+00
 2.13732e+14	7.36e-14	1.23e-06	1.00e+00
 2.21260e+14	8.41e-14	1.32e-06	1.00e+00
 2.30039e+14	9.76e-14	1.43e-06	1.00e+00
 2.38697e+14	1.13e-13	1.54e-06	1.00e+00
 2.46861e+14	1.28e-13	1.65e-06	1.00e+00
 2.55925e+14	1.47e-13	1.78e-06	1.00e+00
 2.66192e+14	1.70e-13	1.93e-06	1.00e+00
 2.76460e+14	1.96e-13	2.08e-06	1.00e+00
 2.86087e+14	2.23e-13	2.23e-06	1.00e+00
 2.96507e+14	2.55e-13	2.40e-06	1.00e+00
 3.08131e+14	2.95e-13	2.59e-06	1.00e+00
 3.18996e+14	3.35e-13	2.79e-06	1.00e+00
 3.29057e+14	3.76e-13	2.96e-06	1.00e+00
 3.38720e+14	4.18e-13	3.15e-06	1.00e+00
 3.49463e+14	4.69e-13	3.35e-06	1.00e+00
 3.61362e+14	5.30e-13	3.59e-06	1.00e+00
 3.72411e+14	5.91e-13	3.81e-06	1.00e+00
 3.84423e+14	6.63e-13	4.07e-06	1.00e+00
 3.97918e+14	7.51e-13	4.36e-06	1.00e+00
 4.10847e+14	8.43e-13	4.66e-06	1.00e+00
 4.25162e+14	9.52e-13	4.99e-06	1.00e+00
 4.40911e+14	1.08e-12	5.38e-06	1.00e+00
 4.55335e+14	1.21e-12	5.74e-06	1.00e+00
 4.70897e+14	1.37e-12	6.15e-06	1.00e+00
 4.88307e+14	1.56e-12	6.62e-06	1.00e+00
 5.04756e+14	1.75e-12	7.09e-06	1.00e+00
 5.22776e+14	1.98e-12	7.62e-06	1.00e+00
 5.42744e+14	2.25e-12	8.23e-06	1.00e+00
 5.61274e+14	2.53e-12	8.81e-06	1.00e+00
 5.81396e+14	2.87e-12	9.49e-06	1.00e+00
 6.03906e+14	3.27e-12	1.03e-05	1.00e+00
 6.25220e+14	3.69e-12	1.10e-05	1.00e+00
 6.48122e+14	4.18e-12	1.19e-05	1.00e+00
 6.74076e+14	4.79e-12	1.29e-05	1.00e+00
 6.99450e+14	5.45e-12	1.39e-05	1.00e+00
 7.25839e+14	6.21e-12	1.51e-05	1.00e+00
 7.54903e+14	7.12e-12	1.64e-05	1.00e+00
 7.83572e+14	8.13e-12	1.77e-05	1.00e+00
 8.07150e+14	9.04e-12	1.89e-05	1.00e+00
 8.25909e+14	9.80e-12	1.99e-05	1.00e+00
 8.46684e+14	1.07e-11	2.09e-05	1.00e+00
 8.73691e+14	1.20e-11	2.24e-05	1.00e+00
 9.02704e+14	1.35e-11	2.41e-05	1.00e+00
 9.28537e+14	1.49e-11	2.56e-05	1.00e+00
 9.56336e+14	1.66e-11	2.73e-05	1.00e+00
 9.91504e+14	1.89e-11	2.96e-05	1.00e+00
 1.02718e+15	2.16e-11	3.20e-05	1.00e+00
 1.05748e+15	2.40e-11	3.41e-05	1.00e+00
 1.08988e+15	2.67e-11	3.65e-05	1.00e+00
 1.13036e+15	3.07e-11	3.96e-05	1.00e+00
 1.17194e+15	3.52e-11	4.30e-05	1.00e+00
 1.20854e+15	3.95e-11	4.61e-05	1.00e+00
 1.24809e+15	4.43e-11	4.95e-05	1.00e+00
 1.29587e+15	5.14e-11	5.39e-05	1.00e+00
 1.34327e+15	5.90e-11	5.85e-05	1.00e+00
 1.38538e+15	6.62e-11	6.27e-05	1.00e+00
 1.43172e+15	7.54e-11	6.77e-05	1.00e+00
 1.48708e+15	8.71e-11	7.38e-05	1.00e+00
 1.54220e+15	1.00e-10	8.01e-05	1.00e+00
 1.59262e+15	1.13e-10	8.61e-05	1.00e+00
 1.64893e+15	1.30e-10	9.33e-05	1.00e+00
 1.71438e+15	1.51e-10	1.02e-04	1.00e+00
 1.77869e+15	1.75e-10	1.11e-04	1.00e+00
 1.83972e+15	1.97e-10	1.20e-04	1.00e+00
 1.89327e+15	2.23e-10	1.28e-04	1.00e+00
 1.93767e+15	2.44e-10	1.35e-04	1.00e+00
 1.98641e+15	2.69e-10	1.42e-04	1.00e+00
 2.04978e+15	3.05e-10	1.53e-04	1.00e+00
 2.11637e+15	3.43e-10	1.64e-04	1.00e+00
 2.17379e+15	3.85e-10	1.75e-04	1.00e+00
 2.23508e+15	4.29e-10	1.86e-04	1.00e+00
 2.31476e+15	4.96e-10	2.01e-04	1.00e+00
 2.39651e+15	5.62e-10	2.18e-04	1.00e+00
 2.46460e+15	6.35e-10	2.32e-04	1.00e+00
 2.53675e+15	7.08e-10	2.47e-04	1.00e+00
 2.62910e+15	8.26e-10	2.68e-04	1.00e+00
 2.72601e+15	9.42e-10	2.91e-04	1.00e+00
 2.81200e+15	1.08e-09	3.12e-04	1.00e+00
 2.90550e+15	1.22e-09	3.36e-04	1.00e+00
 3.01753e+15	1.44e-09	3.65e-04	1.00e+00
 3.12868e+15	1.65e-09	3.96e-04	1.00e+00
 3.22907e+15	1.88e-09	4.25e-04	1.00e+00
 3.34044e+15	2.16e-09	4.58e-04	1.00e+00
 3.47147e+15	2.57e-09	5.00e-04	1.00e+00
 3.60084e+15	2.98e-09	5.42e-04	9.99e-01
 3.72156e+15	3.41e-09	5.83e-04	9.99e-01
 3.85662e+15	3.93e-09	6.31e-04	9.99e-01
 4.01091e+15	4.65e-09	6.88e-04	9.99e-01
 4.16291e+15	5.42e-09	7.47e-04	9.99e-01
 4.28677e+15	6.12e-09	7.97e-04	9.99e-01
 4.38329e+15	6.71e-09	8.37e-04	9.99e-01
 4.48908e+15	7.40e-09	8.82e-04	9.99e-01
 4.62661e+15	8.26e-09	9.42e-04	9.99e-01
 4.77592e+15	9.60e-09	1.01e-03	9.99e-01
 4.90966e+15	1.07e-08	1.08e-03	9.99e-01
 5.05262e+15	1.20e-08	1.14e-03	9.99e-01
 5.23611e+15	1.41e-08	1.24e-03	9.99e-01
 5.42231e+15	1.59e-08	1.34e-03	9.99e-01
 5.57747e+15	1.80e-08	1.42e-03	9.99e-01
 5.74227e+15	2.04e-08	1.52e-03	9.98e-01
 5.95214e+15	2.36e-08	1.64e-03	9.98e-01
 6.16773e+15	2.79e-08	1.78e-03	9.98e-01
 6.35330e+15	3.16e-08	1.90e-03	9.98e-01
 6.55274e+15	3.58e-08	2.04e-03	9.98e-01
 6.79880e+15	4.13e-08	2.21e-03	9.98e-01
 7.04468e+15	4.92e-08	2.40e-03	9.98e-01
 7.25794e+15	5.57e-08	2.57e-03	9.97e-01
 7.48958e+15	6.33e-08	2.76e-03	9.97e-01
 7.77293e+15	7.32e-08	3.00e-03	9.97e-01
 8.04881e+15	8.71e-08	3.26e-03	9.97e-01
 8.27628e+15	9.80e-08	3.48e-03	9.97e-01
 8.51554e+15	1.11e-07	3.72e-03	9.96e-01
 8.82380e+15	1.28e-07	4.05e-03	9.96e-01
 9.14503e+15	1.53e-07	4.42e-03	9.96e-01
 9.38555e+15	1.71e-07	4.70e-03	9.95e-01
 9.59791e+15	1.90e-07	4.98e-03	9.95e-01
 9.87397e+15	2.15e-07	5.35e-03	9.95e-01
 1.01675e+16	2.48e-07	5.77e-03	9.94e-01
 1.04226e+16	2.78e-07	6.15e-03	9.94e-01
 1.06931e+16	3.13e-07	6.59e-03	9.93e-01
 1.10447e+16	3.71e-07	7.21e-03	9.93e-01
 1.13912e+16	4.26e-07	7.85e-03	9.92e-01
 1.16549e+16	4.74e-07	8.38e-03	9.92e-01
 1.19211e+16	5.33e-07	8.98e-03	9.91e-01
 1.22673e+16	6.35e-07	9.83e-03	9.90e-01
 1.26164e+16	7.32e-07	1.07e-02	9.89e-01
 1.28970e+16	8.21e-07	1.16e-02	9.88e-01
 1.31497e+16	9.20e-07	1.24e-02	9.88e-01
 1.34384e+16	1.05e-06	1.34e-02	9.87e-01
 1.37524e+16	1.24e-06	1.47e-02	9.85e-01
 1.40272e+16	1.40e-06	1.58e-02	9.84e-01
 1.42728e+16	1.56e-06	1.70e-02	9.83e-01
 1.45521e+16	1.84e-06	1.86e-02	9.81e-01
 1.48444e+16	2.08e-06	2.04e-02	9.80e-01
 1.51000e+16	2.44e-06	2.23e-02	9.78e-01
 1.53319e+16	2.77e-06	2.42e-02	9.76e-01
 1.55412e+16	3.13e-06	2.61e-02	9.74e-01
 1.57357e+16	3.51e-06	2.81e-02	9.72e-01
 1.59565e+16	3.95e-06	3.08e-02	9.69e-01
 1.62435e+16	4.84e-06	3.48e-02	9.65e-01
 1.65185e+16	5.83e-06	3.94e-02	9.61e-01
 1.67120e+16	6.64e-06	4.33e-02	9.57e-01
 1.68974e+16	7.67e-06	4.78e-02	9.52e-01
 1.71063e+16	9.12e-06	5.38e-02	9.46e-01
 1.72982e+16	1.11e-05	6.04e-02	9.40e-01
 1.74563e+16	1.28e-05	6.68e-02	9.33e-01
 1.76178e+16	1.48e-05	7.48e-02	9.25e-01
 1.77966e+16	1.79e-05	8.54e-02	9.15e-01
 1.79534e+16	2.14e-05	9.68e-02	9.03e-01
 1.80808e+16	2.56e-05	1.08e-01	8.92e-01
 1.81835e+16	2.92e-05	1.19e-01	8.81e-01
 1.82863e+16	3.33e-05	1.31e-01	8.69e-01
 1.84200e+16	4.14e-05	1.51e-01	8.49e-01
 1.85400e+16	4.95e-05	1.71e-01	8.29e-01
 1.86095e+16	5.51e-05	1.85e-01	8.14e-01
 1.86591e+16	5.99e-05	1.97e-01	8.03e-01
 1.87156e+16	6.53e-05	2.11e-01	7.89e-01
 1.87891e+16	7.54e-05	2.31e-01	7.68e-01
 1.88578e+16	8.40e-05	2.52e-01	7.48e-01
 1.89204e+16	9.47e-05	2.75e-01	7.25e-01
 1.89863e+16	1.07e-04	3.00e-01	7.00e-01
 1.90425e+16	1.19e-04	3.23e-01	6.77e-01
 1.90926e+16	1.32e-04	3.46e-01	6.54e-01
 1.91394e+16	1.44e-04	3.68e-01	6.32e-01
 1.91909e+16	1.61e-04	3.95e-01	6.04e-01
 1.92456e+16	1.78e-04	4.25e-01	5.75e-01
 1.93045e+16	1.99e-04	4.60e-01	5.40e-01
 1.93678e+16	2.24e-04	4.97e-01	5.02e-01
 1.94248e+16	2.48e-04	5.33e-01	4.67e-01
 1.94869e+16	2.77e-04	5.73e-01	4.27e-01
 1.95551e+16	3.09e-04	6.15e-01	3.85e-01
 1.96191e+16	3.40e-04	6.54e-01	3.46e-01
 1.96904e+16	3.78e-04	6.96e-01	3.04e-01
 1.97705e+16	4.18e-04	7.39e-01	2.61e-01
 1.98498e+16	4.58e-04	7.77e-01	2.23e-01
 1.99403e+16	5.03e-04	8.15e-01	1.84e-01
 2.00579e+16	5.57e-04	8.56e-01	1.43e-01
 2.01870e+16	6.10e-04	8.90e-01	1.10e-01
 2.03309e+16	6.66e-04	9.18e-01	8.13e-02
 2.05179e+16	7.32e-04	9.43e-01	5.60e-02
 2.07220e+16	7.99e-04	9.61e-01	3.87e-02
 2.08655e+16	8.46e-04	9.68e-01	3.08e-02
 2.09413e+16	8.73e-04	9.72e-01	2.73e-02
 2.10119e+16	8.97e-04	9.75e-01	2.43e-02
 2.11038e+16	9.31e-04	9.78e-01	2.10e-02
 2.12231e+16	9.75e-04	9.82e-01	1.74e-02
 2.13489e+16	1.03e-03	9.84e-01	1.46e-02
 2.14536e+16	1.07e-03	9.86e-01	1.27e-02
 2.15444e+16	1.11e-03	9.88e-01	1.12e-02
 2.16464e+16	1.17e-03	9.89e-01	9.74e-03
 2.17499e+16	1.22e-03	9.90e-01	8.58e-03
 2.18292e+16	1.27e-03	9.91e-01	7.80e-03
 2.18946e+16	1.31e-03	9.91e-01	7.20e-03
 2.19683e+16	1.36e-03	9.92e-01	6.57e-03
 2.20641e+16	1.43e-03	9.93e-01	5.85e-03
 2.21576e+16	1.51e-03	9.93e-01	5.27e-03
 2.22253e+16	1.57e-03	9.94e-01	4.90e-03
 2.22904e+16	1.64e-03	9.94e-01	4.55e-03
 2.23750e+16	1.72e-03	9.94e-01	4.13e-03
 2.24587e+16	1.82e-03	9.94e-01	3.79e-03
 2.25206e+16	1.90e-03	9.95e-01	3.56e-03
 2.25719e+16	1.97e-03	9.95e-01	3.37e-03
 2.26301e+16	2.06e-03	9.95e-01	3.17e-03
 2.27057e+16	2.18e-03	9.95e-01	2.92e-03
 2.27800e+16	2.32e-03	9.95e-01	2.72e-03
 2.28347e+16	2.43e-03	9.95e-01	2.58e-03
 2.28801e+16	2.53e-03	9.95e-01	2.47e-03
 2.29316e+16	2.65e-03	9.95e-01	2.34e-03
 2.29985e+16	2.83e-03	9.95e-01	2.19e-03
 2.30648e+16	3.02e-03	9.95e-01	2.06e-03
 2.31140e+16	3.18e-03	9.95e-01	1.97e-03
 2.31553e+16	3.33e-03	9.95e-01	1.90e-03
 2.32024e+16	3.52e-03	9.95e-01	1.81e-03
 2.32637e+16	3.78e-03	9.95e-01	1.71e-03
 2.33249e+16	4.09e-03	9.94e-01	1.62e-03
 2.33716e+16	4.36e-03	9.94e-01	1.55e-03
 2.34179e+16	4.66e-03	9.94e-01	1.48e-03
 2.34780e+16	5.09e-03	9.94e-01	1.40e-03
 2.35391e+16	5.63e-03	9.93e-01	1.33e-03
 2.35870e+16	6.12e-03	9.93e-01	1.28e-03
 2.36273e+16	6.60e-03	9.92e-01	1.24e-03
 2.36725e+16	7.21e-03	9.92e-01	1.19e-03
 2.37226e+16	8.00e-03	9.91e-01	1.14e-03
 2.37648e+16	8.83e-03	9.90e-01	1.10e-03
 2.37964e+16	9.53e-03	9.89e-01	1.08e-03
 2.38285e+16	1.04e-02	9.89e-01	1.04e-03
 2.38645e+16	1.14e-02	9.88e-01	1.01e-03
 2.38971e+16	1.26e-02	9.86e-01	9.90e-04
 2.39244e+16	1.37e-02	9.85e-01	9.74e-04
 2.39534e+16	1.51e-02	9.84e-01	9.53e-04
 2.39848e+16	1.69e-02	9.82e-01	9.35e-04
 2.40116e+16	1.87e-02	9.80e-01	9.19e-04
 2.40337e+16	2.05e-02	9.79e-01	9.09e-04
 2.40575e+16	2.27e-02	9.76e-01	8.98e-04
 2.40838e+16	2.56e-02	9.74e-01	8.90e-04
 2.41072e+16	2.87e-02	9.70e-01	8.83e-04
 2.41271e+16	3.18e-02	9.67e-01	8.81e-04
 2.41484e+16	3.57e-02	9.63e-01	8.79e-04
 2.41711e+16	4.07e-02	9.58e-01	8.81e-04
 2.41901e+16	4.59e-02	9.53e-01	8.83e-04
 2.42057e+16	5.06e-02	9.48e-01	8.91e-04
 2.42218e+16	5.65e-02	9.43e-01	8.97e-04
 2.42392e+16	6.37e-02	9.35e-01	9.11e-04
 2.42550e+16	7.15e-02	9.28e-01	9.25e-04
 2.42690e+16	7.96e-02	9.19e-01	9.38e-04
 2.42822e+16	8.82e-02	9.11e-01	9.55e-04
 2.42946e+16	9.74e-02	9.02e-01	9.73e-04
 2.43060e+16	1.07e-01	8.92e-01	9.94e-04
 2.43160e+16	1.16e-01	8.83e-01	1.01e-03
 2.43235e+16	1.24e-01	8.75e-01	1.03e-03
 2.43284e+16	1.29e-01	8.70e-01	1.04e-03
 2.43331e+16	1.34e-01	8.65e-01	1.04e-03
 2.43386e+16	1.41e-01	8.58e-01	1.05e-03
 2.43445e+16	1.49e-01	8.50e-01	1.07e-03
 2.43501e+16	1.56e-01	8.43e-01	1.08e-03
 2.43554e+16	1.64e-01	8.35e-01	1.10e-03
 2.43607e+16	1.72e-01	8.27e-01	1.11e-03
 2.43660e+16	1.80e-01	8.19e-01	1.12e-03
 2.43712e+16	1.89e-01	8.09e-01	1.13e-03
 2.43763e+16	1.98e-01	8.01e-01	1.15e-03
 2.43815e+16	2.08e-01	7.91e-01	1.16e-03
 2.43866e+16	2.18e-01	7.80e-01	1.17e-03
 2.43915e+16	2.29e-01	7.70e-01	1.19e-03
 2.43964e+16	2.39e-01	7.60e-01	1.20e-03
 2.44013e+16	2.51e-01	7.48e-01	1.21e-03
 2.44062e+16	2.62e-01	7.37e-01	1.23e-03
 2.44109e+16	2.74e-01	7.25e-01	1.24e-03
 2.44157e+16	2.87e-01	7.12e-01	1.25e-03
 2.44203e+16	2.99e-01	6.99e-01	1.26e-03
 2.44249e+16	3.12e-01	6.86e-01	1.27e-03
 2.44294e+16	3.26e-01	6.73e-01	1.28e-03
 2.44340e+16	3.39e-01	6.59e-01	1.29e-03
 2.44384e+16	3.54e-01	6.45e-01	1.30e-03
 2.44428e+16	3.68e-01	6.31e-01	1.31e-03
 2.44471e+16	3.83e-01	6.16e-01	1.32e-03
 2.44515e+16	3.97e-01	6.01e-01	1.33e-03
 2.44557e+16	4.13e-01	5.86e-01	1.33e-03
 2.44599e+16	4.28e-01	5.71e-01	1.34e-03
 2.44640e+16	4.43e-01	5.55e-01	1.34e-03
 2.44681e+16	4.59e-01	5.40e-01	1.34e-03
 2.44722e+16	4.75e-01	5.24e-01	1.34e-03
 2.44762e+16	4.90e-01	5.09e-01	1.35e-03
 2.44800e+16	5.05e-01	4.93e-01	1.35e-03
 2.44838e+16	5.20e-01	4.78e-01	1.35e-03
 2.44875e+16	5.35e-01	4.63e-01	1.34e-03
 2.44911e+16	5.50e-01	4.49e-01	1.34e-03
 2.44947e+16	5.64e-01	4.34e-01	1.34e-03
 2.44982e+16	5.79e-01	4.20e-01	1.33e-03
 2.45016e+16	5.93e-01	4.06e-01	1.32e-03
 2.45050e+16	6.06e-01	3.92e-01	1.32e-03
 2.45083e+16	6.20e-01	3.79e-01	1.31e-03
 2.45116e+16	6.33e-01	3.66e-01	1.30e-03
 2.45148e+16	6.46e-01	3.53e-01	1.29e-03
 2.45180e+16	6.58e-01	3.40e-01	1.28e-03
 2.45211e+16	6.70e-01	3.28e-01	1.27e-03
 2.45242e+16	6.82e-01	3.17e-01	1.25e-03
 2.45272e+16	6.94e-01	3.05e-01	1.24e-03
 2.45303e+16	7.05e-01	2.94e-01	1.23e-03
 2.45333e+16	7.16e-01	2.83e-01	1.21e-03
 2.45362e+16	7.27e-01	2.72e-01	1.19e-03
 2.45392e+16	7.37e-01	2.62e-01	1.18e-03
 2.45421e+16	7.47e-01	2.52e-01	1.16e-03
 2.45450e+16	7.57e-01	2.42e-01	1.14e-03
 2.45475e+16	7.65e-01	2.34e-01	1.13e-03
 2.45495e+16	7.71e-01	2.28e-01	1.11e-03
 2.45513e+16	7.77e-01	2.22e-01	1.10e-03
 2.45532e+16	7.83e-01	2.16e-01	1.08e-03
 2.45551e+16	7.89e-01	2.09e-01	1.07e-03
 2.45570e+16	7.95e-01	2.04e-01	1.05e-03
 2.45588e+16	8.00e-01	1.99e-01	1.04e-03
 2.45605e+16	8.05e-01	1.94e-01	1.03e-03
 2.45622e+16	8.10e-01	1.89e-01	1.01e-03
 2.45639e+16	8.15e-01	1.84e-01	9.99e-04
 2.45656e+16	8.19e-01	1.80e-01	9.85e-04
 2.45671e+16	8.24e-01	1.75e-01	9.72e-04
 2.45687e+16	8.28e-01	1.71e-01	9.59e-04
 2.45702e+16	8.32e-01	1.67e-01	9.46e-04
 2.45717e+16	8.35e-01	1.64e-01	9.33e-04
 2.45732e+16	8.39e-01	1.60e-01	9.20e-04
 2.45747e+16	8.43e-01	1.56e-01	9.08e-04
 2.45762e+16	8.46e-01	1.53e-01	8.95e-04
 2.45776e+16	8.50e-01	1.49e-01	8.82e-04
 2.45791e+16	8.53e-01	1.46e-01	8.69e-04
 2.45806e+16	8.56e-01	1.43e-01	8.56e-04
 2.45821e+16	8.60e-01	1.40e-01	8.44e-04
 2.45836e+16	8.63e-01	1.36e-01	8.30e-04
 2.45851e+16	8.66e-01	1.33e-01	8.17e-04
 2.45867e+16	8.69e-01	1.30e-01	8.03e-04
 2.45883e+16	8.73e-01	1.27e-01	7.89e-04
 2.45900e+16	8.76e-01	1.23e-01	7.74e-04
 2.45919e+16	8.79e-01	1.20e-01	7.59e-04
 2.45940e+16	8.83e-01	1.16e-01	7.41e-04
 2.45963e+16	8.87e-01	1.12e-01	7.22e-04
 2.45989e+16	8.92e-01	1.08e-01	7.01e-04
 2.46016e+16	8.96e-01	1.04e-01	6.80e-04
 2.46042e+16	9.00e-01	9.97e-02	6.59e-04
 2.46067e+16	9.03e-01	9.62e-02	6.39e-04
 2.46092e+16	9.07e-01	9.27e-02	6.20e-04
 2.46116e+16	9.10e-01	8.97e-02	6.01e-04
 2.46137e+16	9.12e-01	8.69e-02	5.85e-04
 2.46157e+16	9.15e-01	8.46e-02	5.70e-04
 2.46175e+16	9.17e-01	8.25e-02	5.56e-04
 2.46191e+16	9.19e-01	8.06e-02	5.44e-04
 2.46209e+16	9.21e-01	7.86e-02	5.31e-04
 2.46228e+16	9.23e-01	7.66e-02	5.18e-04
 2.46246e+16	9.25e-01	7.49e-02	5.07e-04
 2.46261e+16	9.26e-01	7.33e-02	4.96e-04
 2.46279e+16	9.28e-01	7.16e-02	4.84e-04
 2.46298e+16	9.30e-01	6.99e-02	4.73e-04
 2.46315e+16	9.31e-01	6.85e-02	4.63e-04
 2.46331e+16	9.32e-01	6.72e-02	4.54e-04
 2.46348e+16	9.34e-01	6.57e-02	4.43e-04
 2.46366e+16	9.35e-01	6.43e-02	4.33e-04
 2.46383e+16	9.37e-01	6.31e-02	4.24e-04
 2.46398e+16	9.38e-01	6.20e-02	4.16e-04
 2.46415e+16	9.39e-01	6.07e-02	4.07e-04
 2.46433e+16	9.40e-01	5.96e-02	3.98e-04
 2.46449e+16	9.41e-01	5.85e-02	3.90e-04
 2.46468e+16	9.42e-01	5.73e-02	3.81e-04
 2.46487e+16	9.43e-01	5.62e-02	3.73e-04
 2.46505e+16	9.44e-01	5.52e-02	3.65e-04
 2.46521e+16	9.45e-01	5.44e-02	3.59e-04
 2.46538e+16	9.46e-01	5.34e-02	3.51e-04
 2.46558e+16	9.47e-01	5.24e-02	3.44e-04
 2.46575e+16	9.48e-01	5.16e-02	3.37e-04
 2.46594e+16	9.49e-01	5.07e-02	3.30e-04
 2.46614e+16	9.50e-01	4.98e-02	3.23e-04
 2.46633e+16	9.51e-01	4.91e-02	3.17e-04
 2.46654e+16	9.51e-01	4.82e-02	3.10e-04
 2.46676e+16	9.52e-01	4.74e-02	3.04e-04
 2.46696e+16	9.53e-01	4.67e-02	2.99e-04
 2.46718e+16	9.54e-01	4.59e-02	2.92e-04
 2.46742e+16	9.55e-01	4.52e-02	2.86e-04
 2.46763e+16	9.55e-01	4.46e-02	2.81e-04
 2.46787e+16	9.56e-01	4.39e-02	2.76e-04
 2.46818e+16	9.57e-01	4.30e-02	2.69e-04
 2.46851e+16	9.57e-01	4.23e-02	2.63e-04
 2.46882e+16	9.58e-01	4.16e-02	2.58e-04
 2.46909e+16	9.59e-01	4.11e-02	2.53e-04
 2.46939e+16	9.59e-01	4.05e-02	2.48e-04
 2.46979e+16	9.60e-01	3.98e-02	2.43e-04
 2.47021e+16	9.61e-01	3.92e-02	2.38e-04
 2.47060e+16	9.61e-01	3.86e-02	2.33e-04
 2.47102e+16	9.62e-01	3.80e-02	2.28e-04
 2.47157e+16	9.62e-01	3.74e-02	2.23e-04
 2.47216e+16	9.63e-01	3.68e-02	2.18e-04
 2.47270e+16	9.63e-01	3.64e-02	2.14e-04
 2.47330e+16	9.64e-01	3.58e-02	2.09e-04
 2.47407e+16	9.65e-01	3.53e-02	2.04e-04
 2.47490e+16	9.65e-01	3.47e-02	1.99e-04
 2.47565e+16	9.65e-01	3.44e-02	1.96e-04
 2.47648e+16	9.66e-01	3.39e-02	1.92e-04
 2.47756e+16	9.66e-01	3.34e-02	1.87e-04
 2.47872e+16	9.67e-01	3.30e-02	1.83e-04
 2.47978e+16	9.67e-01	3.26e-02	1.79e-04
 2.48094e+16	9.68e-01	3.21e-02	1.74e-04
 2.48244e+16	9.68e-01	3.16e-02	1.69e-04
 2.48407e+16	9.69e-01	3.11e-02	1.64e-04
 2.48555e+16	9.69e-01	3.07e-02	1.59e-04
 2.48717e+16	9.70e-01	3.02e-02	1.54e-04
 2.48893e+16	9.70e-01	2.97e-02	1.49e-04
 2.49052e+16	9.71e-01	2.92e-02	1.45e-04
 2.49227e+16	9.71e-01	2.87e-02	1.40e-04
 2.49415e+16	9.72e-01	2.83e-02	1.36e-04
 2.49587e+16	9.72e-01	2.78e-02	1.32e-04
 2.49743e+16	9.72e-01	2.74e-02	1.28e-04
 2.49914e+16	9.73e-01	2.70e-02	1.24e-04
 2.50099e+16	9.73e-01	2.65e-02	1.20e-04
 2.50267e+16	9.74e-01	2.61e-02	1.17e-04
 2.50451e+16	9.74e-01	2.57e-02	1.13e-04
 2.50650e+16	9.75e-01	2.53e-02	1.09e-04
 2.50831e+16	9.75e-01	2.49e-02	1.06e-04
 2.51029e+16	9.75e-01	2.44e-02	1.02e-04
 2.51243e+16	9.76e-01	2.40e-02	9.85e-05
 2.51438e+16	9.76e-01	2.36e-02	9.54e-05
 2.51616e+16	9.77e-01	2.32e-02	9.27e-05
 2.51810e+16	9.77e-01	2.28e-02	8.96e-05
 2.52020e+16	9.77e-01	2.25e-02	8.67e-05
 2.52210e+16	9.78e-01	2.21e-02	8.40e-05
 2.52420e+16	9.78e-01	2.17e-02	8.11e-05
 2.52645e+16	9.79e-01	2.13e-02	7.83e-05
 2.52851e+16	9.79e-01	2.10e-02	7.58e-05
 2.53076e+16	9.79e-01	2.06e-02	7.31e-05
 2.53319e+16	9.80e-01	2.02e-02	7.04e-05
 2.53540e+16	9.80e-01	1.98e-02	6.80e-05
 2.53783e+16	9.80e-01	1.94e-02	6.54e-05
 2.54044e+16	9.81e-01	1.90e-02	6.29e-05
 2.54282e+16	9.81e-01	1.87e-02	6.07e-05
 2.54499e+16	9.82e-01	1.84e-02	5.88e-05
 2.54736e+16	9.82e-01	1.81e-02	5.66e-05
 2.54993e+16	9.82e-01	1.77e-02	5.46e-05
 2.55226e+16	9.83e-01	1.74e-02	5.28e-05
 2.55482e+16	9.83e-01	1.71e-02	5.08e-05
 2.55758e+16	9.83e-01	1.67e-02	4.88e-05
 2.56009e+16	9.84e-01	1.64e-02	4.71e-05
 2.56284e+16	9.84e-01	1.61e-02	4.53e-05
 2.56581e+16	9.84e-01	1.58e-02	4.34e-05
 2.56851e+16	9.84e-01	1.55e-02	4.19e-05
 2.57148e+16	9.85e-01	1.51e-02	4.01e-05
 2.57467e+16	9.85e-01	1.48e-02	3.84e-05
 2.57758e+16	9.85e-01	1.45e-02	3.70e-05
 2.58077e+16	9.86e-01	1.42e-02	3.54e-05
 2.58422e+16	9.86e-01	1.39e-02	3.38e-05
 2.58735e+16	9.86e-01	1.36e-02	3.25e-05
 2.59078e+16	9.87e-01	1.33e-02	3.10e-05
 2.59449e+16	9.87e-01	1.29e-02	2.95e-05
 2.59786e+16	9.87e-01	1.27e-02	2.83e-05
 2.60156e+16	9.88e-01	1.24e-02	2.70e-05
 2.60555e+16	9.88e-01	1.21e-02	2.57e-05
 2.60918e+16	9.88e-01	1.18e-02	2.46e-05
 2.61248e+16	9.88e-01	1.15e-02	2.36e-05
 2.61610e+16	9.89e-01	1.13e-02	2.25e-05
 2.62001e+16	9.89e-01	1.10e-02	2.15e-05
 2.62357e+16	9.89e-01	1.08e-02	2.06e-05
 2.62746e+16	9.89e-01	1.05e-02	1.97e-05
 2.63167e+16	9.90e-01	1.03e-02	1.87e-05
 2.63550e+16	9.90e-01	1.00e-02	1.79e-05
 2.63970e+16	9.90e-01	9.78e-03	1.70e-05
 2.64423e+16	9.90e-01	9.53e-03	1.62e-05
 2.64835e+16	9.91e-01	9.31e-03	1.55e-05
 2.65287e+16	9.91e-01	9.07e-03	1.47e-05
 2.65774e+16	9.91e-01	8.82e-03	1.39e-05
 2.66218e+16	9.91e-01	8.61e-03	1.33e-05
 2.66704e+16	9.92e-01	8.37e-03	1.25e-05
 2.67229e+16	9.92e-01	8.14e-03	1.19e-05
 2.67707e+16	9.92e-01	7.93e-03	1.13e-05
 2.68231e+16	9.92e-01	7.70e-03	1.06e-05
 2.68911e+16	9.93e-01	7.41e-03	9.87e-06
 2.69707e+16	9.93e-01	7.10e-03	9.07e-06
 2.70531e+16	9.93e-01	6.81e-03	8.34e-06
 2.71371e+16	9.93e-01	6.52e-03	7.66e-06
 2.72244e+16	9.94e-01	6.23e-03	7.02e-06
 2.73152e+16	9.94e-01	5.96e-03	6.41e-06
 2.74094e+16	9.94e-01	5.69e-03	5.85e-06
 2.75070e+16	9.95e-01	5.42e-03	5.32e-06
 2.76075e+16	9.95e-01	5.17e-03	4.84e-06
 2.77100e+16	9.95e-01	4.92e-03	4.40e-06
 2.78141e+16	9.95e-01	4.69e-03	3.99e-06
 2.79203e+16	9.96e-01	4.46e-03	3.63e-06
 2.80285e+16	9.96e-01	4.25e-03	3.29e-06
 2.81387e+16	9.96e-01	4.04e-03	2.98e-06
 2.82510e+16	9.96e-01	3.85e-03	2.70e-06
 2.83653e+16	9.96e-01	3.66e-03	2.44e-06
 2.84818e+16	9.97e-01	3.48e-03	2.21e-06
 2.85987e+16	9.97e-01	3.31e-03	2.01e-06
 2.87173e+16	9.97e-01	3.15e-03	1.81e-06
 2.88403e+16	9.97e-01	2.99e-03	1.64e-06
 2.89663e+16	9.97e-01	2.84e-03	1.47e-06
 2.90944e+16	9.97e-01	2.69e-03	1.33e-06
 2.92246e+16	9.97e-01	2.55e-03	1.19e-06
 2.93572e+16	9.98e-01	2.42e-03	1.07e-06
 2.94924e+16	9.98e-01	2.29e-03	9.65e-07
 2.96303e+16	9.98e-01	2.17e-03	8.65e-07
 2.97710e+16	9.98e-01	2.05e-03	7.75e-07
 2.99145e+16	9.98e-01	1.94e-03	6.94e-07
 3.00610e+16	9.98e-01	1.83e-03	6.20e-07
 3.02106e+16	9.98e-01	1.73e-03	5.53e-07
 3.03633e+16	9.98e-01	1.63e-03	4.93e-07
 3.05192e+16	9.98e-01	1.54e-03	4.39e-07
 3.06786e+16	9.99e-01	1.45e-03	3.90e-07
 3.08415e+16	9.99e-01	1.37e-03	3.46e-07
 3.10083e+16	9.99e-01	1.29e-03	3.06e-07
 3.11789e+16	9.99e-01	1.21e-03	2.70e-07
 3.13536e+16	9.99e-01	1.14e-03	2.38e-07
 3.15327e+16	9.99e-01	1.07e-03	2.10e-07
 3.17163e+16	9.99e-01	9.97e-04	1.84e-07
 3.19046e+16	9.99e-01	9.34e-04	1.61e-07
 3.20981e+16	9.99e-01	8.72e-04	1.40e-07
 3.22971e+16	9.99e-01	8.15e-04	1.22e-07
 3.25021e+16	9.99e-01	7.59e-04	1.06e-07
 3.27101e+16	9.99e-01	7.08e-04	9.23e-08
 3.29226e+16	9.99e-01	6.58e-04	7.97e-08
 3.31458e+16	9.99e-01	6.11e-04	6.85e-08
 3.33799e+16	9.99e-01	5.64e-04	5.85e-08
 3.36226e+16	9.99e-01	5.21e-04	4.97e-08
 3.38734e+16	1.00e+00	4.79e-04	4.20e-08
 3.41342e+16	1.00e+00	4.40e-04	3.53e-08
 3.44068e+16	1.00e+00	4.03e-04	2.95e-08
 3.46925e+16	1.00e+00	3.67e-04	2.45e-08
 3.49930e+16	1.00e+00	3.33e-04	2.01e-08
 3.53096e+16	1.00e+00	3.01e-04	1.64e-08
 3.56438e+16	1.00e+00	2.71e-04	1.32e-08
 3.60008e+16	1.00e+00	2.42e-04	1.05e-08
 3.63835e+16	1.00e+00	2.14e-04	8.21e-09
 3.67928e+16	1.00e+00	1.89e-04	6.33e-09
 3.72351e+16	1.00e+00	1.64e-04	4.79e-09
 3.77190e+16	1.00e+00	1.41e-04	3.53e-09
 3.82546e+16	1.00e+00	1.20e-04	2.52e-09
 3.88549e+16	1.00e+00	9.97e-05	1.74e-09
 3.95327e+16	1.00e+00	8.10e-05	1.15e-09
 4.03103e+16	1.00e+00	6.40e-05	7.12e-10
 4.11609e+16	1.00e+00	4.96e-05	4.28e-10
 4.20183e+16	1.00e+00	3.86e-05	2.59e-10
 4.28660e+16	1.00e+00	3.01e-05	1.59e-10
 4.37191e+16	1.00e+00	2.35e-05	9.72e-11
 4.45921e+16	1.00e+00	1.83e-05	5.92e-11
 4.54886e+16	1.00e+00	1.42e-05	3.59e-11
 4.64064e+16	1.00e+00	1.10e-05	2.17e-11
 4.73460e+16	1.00e+00	8.50e-06	1.31e-11
 4.83147e+16	1.00e+00	6.55e-06	7.82e-12
 4.93199e+16	1.00e+00	5.02e-06	4.63e-12
 5.03596e+16	1.00e+00	3.83e-06	2.73e-12
 5.14338e+16	1.00e+00	2.92e-06	1.59e-12
 5.25524e+16	1.00e+00	2.21e-06	9.22e-13
 5.37294e+16	1.00e+00	1.66e-06	5.24e-13
 5.49705e+16	1.00e+00	1.24e-06	2.93e-13
 5.62786e+16	1.00e+00	9.12e-07	1.61e-13
 5.76612e+16	1.00e+00	6.67e-07	8.66e-14
 5.91330e+16	1.00e+00	4.82e-07	4.55e-14
 6.06770e+16	1.00e+00	3.46e-07	2.36e-14
 6.22431e+16	1.00e+00	2.50e-07	1.24e-14
 6.38091e+16	1.00e+00	1.82e-07	6.60e-15
 6.53751e+16	1.00e+00	1.34e-07	3.57e-15
 6.69412e+16	1.00e+00	9.89e-08	1.96e-15
 6.85072e+16	1.00e+00	7.37e-08	1.09e-15
 7.00732e+16	1.00e+00	5.53e-08	6.17e-16
 7.18742e+16	1.00e+00	3.97e-08	3.19e-16
 7.39407e+16	1.00e+00	2.77e-08	1.56e-16
 7.60379e+16	1.00e+00	1.95e-08	7.70e-17
 7.82864e+16	1.00e+00	1.34e-08	3.66e-17
 8.07214e+16	1.00e+00	9.10e-09	1.69e-17
 8.31916e+16	1.00e+00	6.22e-09	7.94e-18
 8.56617e+16	1.00e+00	4.31e-09	3.81e-18
 8.82379e+16	1.00e+00	2.96e-09	1.80e-18
 9.09596e+16	1.00e+00	2.02e-09	8.38e-19
 9.37611e+16	1.00e+00	1.37e-09	3.90e-19
 9.66031e+16	1.00e+00	9.44e-10	1.84e-19
 9.94451e+16	1.00e+00	6.55e-10	8.88e-20
 1.02287e+17	1.00e+00	4.59e-10	4.36e-20
 1.05129e+17	1.00e+00	3.24e-10	2.18e-20
 1.07971e+17	1.00e+00	2.31e-10	1.11e-20
 1.10813e+17	1.00e+00	1.66e-10	5.75e-21
 1.13655e+17	1.00e+00	1.21e-10	0.00e+00
 1.16641e+17	1.00e+00	8.64e-11	0.00e+00
 1.19771e+17	1.00e+00	6.17e-11	0.00e+00
 1.22901e+17	1.00e+00	4.44e-11	0.00e+00
 1.26031e+17	1.00e+00	3.23e-11	0.00e+00
 1.29161e+17	1.00e+00	2.37e-11	0.00e+00
 1.32290e+17	1.00e+00	1.76e-11	0.00e+00
 1.35382e+17	1.00e+00	1.32e-11	0.00e+00
 1.38393e+17	1.00e+00	1.01e-11	0.00e+00
 1.41314e+17	1.00e+00	7.89e-12	0.00e+00
 1.44139e+17	1.00e+00	6.27e-12	0.00e+00
 1.46865e+17	1.00e+00	5.08e-12	0.00e+00
 1.49485e+17	1.00e+00	4.20e-12	0.00e+00
 1.51995e+17	1.00e+00	3.53e-12	0.00e+00
 1.54391e+17	1.00e+00	3.03e-12	0.00e+00
 1.56674e+17	1.00e+00	2.64e-12	0.00e+00
 1.58845e+17	1.00e+00	2.35e-12	0.00e+00
 1.60908e+17	1.00e+00	2.11e-12	0.00e+00
 1.62866e+17	1.00e+00	1.93e-12	0.00e+00
 1.64722e+17	1.00e+00	1.78e-12	0.00e+00
 1.66480e+17	1.00e+00	1.66e-12	0.00e+00
 1.68144e+17	1.00e+00	1.56e-12	0.00e+00
 1.69720e+17	1.00e+00	1.48e-12	0.00e+00
 1.71213e+17	1.00e+00	1.42e-12	0.00e+00
 1.72627e+17	1.00e+00	1.36e-12	0.00e+00
 1.73965e+17	1.00e+00	1.32e-12	0.00e+00
 1.75232e+17	1.00e+00	1.28e-12	0.00e+00
 1.76431e+17	1.00e+00	1.25e-12	0.00e+00
 1.77569e+17	1.00e+00	1.22e-12	0.00e+00
 1.78646e+17	1.00e+00	1.19e-12	0.00e+00
 1.79668e+17	1.00e+00	1.17e-12	0.00e+00
 1.80636e+17	1.00e+00	1.15e-12	0.00e+00
 1.81553e+17	1.00e+00	1.14e-12	0.00e+00
 1.82424e+17	1.00e+00	1.12e-12	0.00e+00
 1.83252e+17	1.00e+00	1.11e-12	0.00e+00
 1.84037e+17	1.00e+00	1.10e-12	0.00e+00
 1.84783e+17	1.00e+00	1.09e-12	0.00e+00
 1.85492e+17	1.00e+00	1.08e-12	0.00e+00
 1.86166e+17	1.00e+00	1.08e-12	0.00e+00
 1.86807e+17	1.00e+00	1.07e-12	0.00e+00
 1.87417e+17	1.00e+00	1.06e-12	0.00e+00
 1.87999e+17	1.00e+00	1.06e-12	0.00e+00
 1.88552e+17	1.00e+00	1.05e-12	0.00e+00
 1.89081e+17	1.00e+00	1.05e-12	0.00e+00
 1.89584e+17	1.00e+00	1.04e-12	0.00e+00
 1.90066e+17	1.00e+00	1.04e-12	0.00e+00
 1.90526e+17	1.00e+00	1.04e-12	0.00e+00
 1.90966e+17	1.00e+00	1.03e-12	0.00e+00
 1.91387e+17	1.00e+00	1.03e-12	0.00e+00
 1.91791e+17	1.00e+00	1.03e-12	0.00e+00
 1.92179e+17	1.00e+00	1.02e-12	0.00e+00
 1.92552e+17	1.00e+00	1.02e-12	0.00e+00
 1.92911e+17	1.00e+00	1.02e-12	0.00e+00
 1.93256e+17	1.00e+00	1.02e-12	0.00e+00
 1.93590e+17	1.00e+00	1.01e-12	0.00e+00
 1.93913e+17	1.00e+00	1.01e-12	0.00e+00
 1.94227e+17	1.00e+00	1.01e-12	0.00e+00
 1.94531e+17	1.00e+00	1.01e-12	0.00e+00
 1.94828e+17	1.00e+00	1.01e-12	0.00e+00
 1.95119e+17	1.00e+00	1.00e-12	0.00e+00
 1.95403e+17	1.00e+00	1.00e-12	0.00e+00
 1.95684e+17	1.00e+00	1.00e-12	0.00e+00
 1.95961e+17	1.00e+00	1.00e-12	0.00e+00
 1.96236e+17	1.00e+00	9.98e-13	0.00e+00
 1.96512e+17	1.00e+00	9.96e-13	0.00e+00
 1.96788e+17	1.00e+00	9.95e-13	0.00e+00
 1.97068e+17	1.00e+00	9.93e-13	0.00e+00
 1.97353e+17	1.00e+00	9.91e-13	0.00e+00
 1.97646e+17	1.00e+00	9.89e-13	0.00e+00
 1.97951e+17	1.00e+00	9.87e-13	0.00e+00
 1.98271e+17	1.00e+00	9.85e-13	0.00e+00
 1.98613e+17	1.00e+00	9.83e-13	0.00e+00
 1.98981e+17	1.00e+00	9.80e-13	0.00e+00
 1.99387e+17	1.00e+00	9.77e-13	0.00e+00
 1.99843e+17	1.00e+00	9.74e-13	0.00e+00
 2.00367e+17	1.00e+00	9.69e-13	0.00e+00
 2.00987e+17	1.00e+00	9.63e-13	0.00e+00
 2.01742e+17	1.00e+00	9.55e-13	0.00e+00
 2.02697e+17	1.00e+00	9.44e-13	0.00e+00
 2.03933e+17	1.00e+00	9.28e-13	0.00e+00
 2.05540e+17	1.00e+00	9.04e-13	0.00e+00
 2.07628e+17	1.00e+00	8.69e-13	0.00e+00
 2.10343e+17	1.00e+00	8.22e-13	0.00e+00
 2.13873e+17	1.00e+00	7.59e-13	0.00e+00
 2.18462e+17	1.00e+00	6.79e-13	0.00e+00
 2.24427e+17	1.00e+00	5.83e-13	0.00e+00
 2.32182e+17	1.00e+00	4.74e-13	0.00e+00
 2.41296e+17	1.00e+00	3.59e-13	0.00e+00
 2.50948e+17	1.00e+00	3.05e-13	0.00e+00
 2.60986e+17	1.00e+00	2.75e-13	0.00e+00
 2.71426e+17	1.00e+00	2.49e-13	0.00e+00
 2.82283e+17	1.00e+00	2.25e-13	0.00e+00
 2.93574e+17	1.00e+00	2.01e-13	0.00e+00
 3.05317e+17	1.00e+00	1.79e-13	0.00e+00
 3.17530e+17	1.00e+00	1.57e-13	0.00e+00
 3.30231e+17	1.00e+00	1.37e-13	0.00e+00
 3.43440e+17	1.00e+00	1.17e-13	0.00e+00
 3.56500e+17	1.00e+00	9.94e-14	0.00e+00
 3.68361e+17	1.00e+00	9.77e-14	0.00e+00
 3.78780e+17	1.00e+00	1.05e-13	0.00e+00
 3.88245e+17	1.00e+00	1.11e-13	0.00e+00
 3.97309e+17	1.00e+00	1.08e-13	0.00e+00
 4.06073e+17	1.00e+00	9.92e-14	0.00e+00
 4.14168e+17	1.00e+00	9.16e-14	0.00e+00
 4.21249e+17	1.00e+00	8.83e-14	0.00e+00
 4.27007e+17	1.00e+00	8.68e-14	0.00e+00
 4.31037e+17	1.00e+00	8.85e-14	0.00e+00
 4.33447e+17	1.00e+00	9.27e-14	0.00e+00
 4.34838e+17	1.00e+00	9.59e-14	0.00e+00
 4.35673e+17	1.00e+00	9.78e-14	0.00e+00
 4.36174e+17	1.00e+00	9.89e-14	0.00e+00
 4.36524e+17	1.00e+00	9.96e-14	0.00e+00
 4.36889e+17	1.00e+00	1.00e-13	0.00e+00
 4.37331e+17	1.00e+00	1.00e-13	0.00e+00
 4.37790e+17	1.00e+00	1.01e-13	0.00e+00
 4.38156e+17	1.00e+00	1.01e-13	0.00e+00
 4.38467e+17	1.00e+00	1.01e-13	0.00e+00
 4.38781e+17	1.00e+00	1.01e-13	0.00e+00
 4.39085e+17	1.00e+00	1.01e-13	0.00e+00
 4.39369e+17	1.00e+00	1.01e-13	0.00e+00
 4.39625e+17	1.00e+00	1.00e-13	0.00e+00
 4.39861e+17	1.00e+00	1.00e-13	0.00e+00
 4.40090e+17	1.00e+00	1.00e-13	0.00e+00
 4.40323e+17	1.00e+00	9.99e-14	0.00e+00
 4.40542e+17	1.00e+00	9.96e-14	0.00e+00
 4.40746e+17	1.00e+00	9.94e-14	0.00e+00
 4.40938e+17	1.00e+00	9.91e-14	0.00e+00
 4.41122e+17	1.00e+00	9.89e-14	0.00e+00
 4.41299e+17	1.00e+00	9.86e-14	0.00e+00
 4.41472e+17	1.00e+00	9.84e-14	0.00e+00
 4.41643e+17	1.00e+00	9.81e-14	0.00e+00
 4.41809e+17	1.00e+00	9.78e-14	0.00e+00
 4.41966e+17	1.00e+00	9.76e-14	0.00e+00
 4.42116e+17	1.00e+00	9.73e-14	0.00e+00
 4.42264e+17	1.00e+00	9.70e-14	0.00e+00
 4.42410e+17	1.00e+00	9.67e-14	0.00e+00
 4.42553e+17	1.00e+00	9.64e-14	0.00e+00
 4.42695e+17	1.00e+00	9.61e-14	0.00e+00
 4.42836e+17	1.00e+00	9.58e-14	0.00e+00
 4.42970e+17	1.00e+00	9.55e-14	0.00e+00
 4.43101e+17	1.00e+00	9.52e-14	0.00e+00
 4.43237e+17	1.00e+00	9.49e-14	0.00e+00
 4.43380e+17	1.00e+00	9.45e-14	0.00e+00
 4.43519e+17	1.00e+00	9.41e-14	0.00e+00
 4.43652e+17	1.00e+00	9.38e-14	0.00e+00
 4.43788e+17	1.00e+00	9.34e-14	0.00e+00
 4.43928e+17	1.00e+00	9.30e-14	0.00e+00
 4.44071e+17	1.00e+00	9.26e-14	0.00e+00
 4.44213e+17	1.00e+00	9.22e-14	0.00e+00
 4.44351e+17	1.00e+00	9.18e-14	0.00e+00
 4.44488e+17	1.00e+00	9.14e-14	0.00e+00
 4.44635e+17	1.00e+00	9.10e-14	0.00e+00
 4.44790e+17	1.00e+00	9.05e-14	0.00e+00
 4.44944e+17	1.00e+00	9.00e-14	0.00e+00
 4.45107e+17	1.00e+00	8.95e-14	0.00e+00
 4.45282e+17	1.00e+00	8.89e-14	0.00e+00
 4.45449e+17	1.00e+00	8.84e-14	0.00e+00
 4.45608e+17	1.00e+00	8.78e-14	0.00e+00
 4.45765e+17	1.00e+00	8.73e-14	0.00e+00
 4.45938e+17	1.00e+00	8.68e-14	0.00e+00
 4.46133e+17	1.00e+00	8.61e-14	0.00e+00
 4.46324e+17	1.00e+00	8.54e-14	0.00e+00
 4.46501e+17	1.00e+00	8.47e-14	0.00e+00
 4.46681e+17	1.00e+00	8.41e-14	0.00e+00
 4.46884e+17	1.00e+00	8.34e-14	0.00e+00
 4.47110e+17	1.00e+00	8.26e-14	0.00e+00
 4.47332e+17	1.00e+00	8.17e-14	0.00e+00
 4.47541e+17	1.00e+00	8.10e-14	0.00e+00
 4.47754e+17	1.00e+00	8.02e-14	0.00e+00
 4.47978e+17	1.00e+00	7.93e-14	0.00e+00
 4.48214e+17	1.00e+00	7.85e-14	0.00e+00
 4.48461e+17	1.00e+00	7.75e-14	0.00e+00
 4.48713e+17	1.00e+00	7.66e-14	0.00e+00
 4.48966e+17	1.00e+00	7.56e-14	0.00e+00
 4.49223e+17	1.00e+00	7.45e-14	0.00e+00
 4.49474e+17	1.00e+00	7.36e-14	0.00e+00
 4.49751e+17	1.00e+00	7.26e-14	0.00e+00
 4.50066e+17	1.00e+00	7.14e-14	0.00e+00
 4.50375e+17	1.00e+00	7.01e-14	0.00e+00
 4.50670e+17	1.00e+00	6.89e-14	0.00e+00
 4.50960e+17	1.00e+00	6.78e-14	0.00e+00
 4.51273e+17	1.00e+00	6.67e-14	0.00e+00
 4.51622e+17	1.00e+00	6.53e-14	0.00e+00
 4.51972e+17	1.00e+00	6.39e-14	0.00e+00
 4.52296e+17	1.00e+00	6.26e-14	0.00e+00
 4.52630e+17	1.00e+00	6.14e-14	0.00e+00
 4.52998e+17	1.00e+00	6.00e-14	0.00e+00
 4.53388e+17	1.00e+00	5.85e-14	0.00e+00
 4.53782e+17	1.00e+00	5.70e-14	0.00e+00
 4.54164e+17	1.00e+00	5.55e-14	0.00e+00
 4.54548e+17	1.00e+00	5.41e-14	0.00e+00
 4.54945e+17	1.00e+00	5.27e-14	0.00e+00
 4.55367e+17	1.00e+00	5.12e-14	0.00e+00
 4.55808e+17	1.00e+00	4.96e-14	0.00e+00
 4.56252e+17	1.00e+00	4.80e-14	0.00e+00
 4.56690e+17	1.00e+00	4.64e-14	0.00e+00
 4.57136e+17	1.00e+00	4.49e-14	0.00e+00
 4.57603e+17	1.00e+00	4.33e-14	0.00e+00
 4.58092e+17	1.00e+00	4.17e-14	0.00e+00
 4.58589e+17	1.00e+00	4.00e-14	0.00e+00
 4.59085e+17	1.00e+00	3.84e-14	0.00e+00
 4.59580e+17	1.00e+00	3.68e-14	0.00e+00
 4.60094e+17	1.00e+00	3.53e-14	0.00e+00
 4.60635e+17	1.00e+00	3.37e-14	0.00e+00
 4.61180e+17	1.00e+00	3.20e-14	0.00e+00
 4.61720e+17	1.00e+00	3.05e-14	0.00e+00
 4.62290e+17	1.00e+00	2.90e-14	0.00e+00
 4.62894e+17	1.00e+00	2.74e-14	0.00e+00
 4.63495e+17	1.00e+00	2.58e-14	0.00e+00
 4.64089e+17	1.00e+00	2.43e-14	0.00e+00
 4.64706e+17	1.00e+00	2.29e-14	0.00e+00
 4.65368e+17	1.00e+00	2.14e-14	0.00e+00
 4.66053e+17	1.00e+00	1.99e-14	0.00e+00
 4.66742e+17	1.00e+00	1.85e-14	0.00e+00
 4.67439e+17	1.00e+00	1.71e-14	0.00e+00
 4.68116e+17	1.00e+00	1.58e-14	0.00e+00
 4.68715e+17	1.00e+00	1.47e-14	0.00e+00
 4.69228e+17	1.00e+00	1.38e-14	0.00e+00
 4.69693e+17	1.00e+00	1.30e-14	0.00e+00
 4.70146e+17	1.00e+00	1.23e-14	0.00e+00
 4.70596e+17	1.00e+00	1.17e-14	0.00e+00
 4.71029e+17	1.00e+00	1.11e-14	0.00e+00
 4.71432e+17	1.00e+00	1.05e-14	0.00e+00
 4.71807e+17	1.00e+00	1.00e-14	0.00e+00
 4.72166e+17	1.00e+00	9.56e-15	0.00e+00
 4.72518e+17	1.00e+00	9.13e-15	0.00e+00
 4.72861e+17	1.00e+00	8.72e-15	0.00e+00
 4.73190e+17	1.00e+00	8.34e-15	0.00e+00
 4.73503e+17	1.00e+00	7.98e-15	0.00e+00
 4.73804e+17	1.00e+00	7.65e-15	0.00e+00
 4.74096e+17	1.00e+00	7.34e-15	0.00e+00
 4.74379e+17	1.00e+00	7.05e-15	0.00e+00
 4.74653e+17	1.00e+00	6.77e-15	0.00e+00
 4.74918e+17	1.00e+00	6.51e-15	0.00e+00
 4.75173e+17	1.00e+00	6.27e-15	0.00e+00
 4.75421e+17	1.00e+00	6.03e-15	0.00e+00
 4.75661e+17	1.00e+00	5.81e-15	0.00e+00
 4.75894e+17	1.00e+00	5.58e-15	0.00e+00
 4.76118e+17	1.00e+00	5.40e-15	0.00e+00
 4.76335e+17	1.00e+00	5.20e-15	0.00e+00
 4.76551e+17	1.00e+00	5.02e-15	0.00e+00
 4.76760e+17	1.00e+00	4.84e-15	0.00e+00
 4.76961e+17	1.00e+00	4.68e-15	0.00e+00
 4.77157e+17	1.00e+00	4.53e-15	0.00e+00
 4.77351e+17	1.00e+00	4.38e-15	0.00e+00
 4.77574e+17	1.00e+00	4.24e-15	0.00e+00
 4.77864e+17	1.00e+00	4.06e-15	0.00e+00
 4.78240e+17	1.00e+00	3.83e-15	0.00e+00
 4.78730e+17	1.00e+00	3.55e-15	0.00e+00
 4.79367e+17	1.00e+00	3.20e-15	0.00e+00
 4.80195e+17	1.00e+00	2.79e-15	0.00e+00
 4.81169e+17	1.00e+00	2.33e-15	0.00e+00
 4.82074e+17	1.00e+00	1.91e-15	0.00e+00
 4.82753e+17	1.00e+00	1.63e-15	0.00e+00
 4.83264e+17	1.00e+00	1.46e-15	0.00e+00
 4.83747e+17	1.00e+00	1.33e-15	0.00e+00
 4.84300e+17	1.00e+00	1.20e-15	0.00e+00
 4.84920e+17	1.00e+00	1.06e-15	0.00e+00
 4.85547e+17	1.00e+00	9.33e-16	0.00e+00
 4.86126e+17	1.00e+00	8.24e-16	0.00e+00
 4.86660e+17	1.00e+00	7.37e-16	0.00e+00
 4.87194e+17	1.00e+00	6.63e-16	0.00e+00
 4.87770e+17	1.00e+00	5.92e-16	0.00e+00
 4.88391e+17	1.00e+00	5.24e-16	0.00e+00
 4.89035e+17	1.00e+00	4.59e-16	0.00e+00
 4.89684e+17	1.00e+00	4.02e-16	0.00e+00
 4.90352e+17	1.00e+00	3.52e-16	0.00e+00
