#depth	O	O+	O+2	O+3	O+4	O+5	O+6	O+7	O+8	O[1]	O[2]	O[3]
 1.49634e+10	0.00e+00	8.53e-46	3.61e-35	1.43e-25	8.35e-17	6.59e-09	1.00e+00	1.52e-06	0.00e+00	0.00e+00	0.00e+00	0.00e+00
 4.54887e+10	0.00e+00	0.00e+00	4.95e-35	1.81e-25	9.79e-17	7.14e-09	1.00e+00	1.40e-06	3.67e-16	0.00e+00	0.00e+00	0.00e+00
 7.72350e+10	0.00e+00	1.88e-45	6.79e-35	2.30e-25	1.15e-16	7.73e-09	1.00e+00	1.29e-06	0.00e+00	0.00e+00	0.00e+00	0.00e+00
 1.10251e+11	0.00e+00	0.00e+00	9.32e-35	2.92e-25	1.35e-16	8.37e-09	1.00e+00	1.19e-06	0.00e+00	0.00e+00	0.00e+00	0.00e+00
 1.44588e+11	0.00e+00	4.14e-45	1.28e-34	3.70e-25	1.58e-16	9.06e-09	1.00e+00	1.10e-06	0.00e+00	0.00e+00	0.00e+00	0.00e+00
 1.80298e+11	0.00e+00	0.00e+00	1.76e-34	4.70e-25	1.85e-16	9.81e-09	1.00e+00	1.01e-06	0.00e+00	0.00e+00	0.00e+00	0.00e+00
 2.17437e+11	0.00e+00	9.15e-45	2.41e-34	5.96e-25	2.17e-16	1.06e-08	1.00e+00	9.35e-07	0.00e+00	0.00e+00	0.00e+00	0.00e+00
 2.56061e+11	0.00e+00	0.00e+00	3.31e-34	7.56e-25	2.54e-16	1.15e-08	1.00e+00	0.00e+00	0.00e+00	0.00e+00	0.00e+00	0.00e+00
 2.93425e+11	0.00e+00	1.97e-44	4.45e-34	9.45e-25	2.95e-16	1.24e-08	1.00e+00	0.00e+00	0.00e+00	0.00e+00	0.00e+00	0.00e+00
 3.27552e+11	0.00e+00	0.00e+00	5.78e-34	1.15e-24	3.36e-16	1.32e-08	1.00e+00	0.00e+00	0.00e+00	0.00e+00	0.00e+00	0.00e+00
 3.65395e+11	0.00e+00	3.88e-44	7.65e-34	1.42e-24	3.87e-16	1.42e-08	1.00e+00	0.00e+00	0.00e+00	0.00e+00	0.00e+00	0.00e+00
 4.09483e+11	0.00e+00	0.00e+00	1.05e-33	1.80e-24	4.54e-16	1.54e-08	1.00e+00	0.00e+00	0.00e+00	0.00e+00	0.00e+00	0.00e+00
 4.53179e+11	0.00e+00	8.37e-44	1.42e-33	2.26e-24	5.28e-16	1.66e-08	1.00e+00	0.00e+00	0.00e+00	0.00e+00	0.00e+00	0.00e+00
 4.95106e+11	0.00e+00	0.00e+00	1.87e-33	2.78e-24	6.08e-16	1.78e-08	1.00e+00	0.00e+00	0.00e+00	0.00e+00	0.00e+00	0.00e+00
 5.41319e+11	0.00e+00	1.72e-43	2.52e-33	3.48e-24	7.06e-16	1.92e-08	1.00e+00	0.00e+00	0.00e+00	0.00e+00	0.00e+00	0.00e+00
 5.92899e+11	0.00e+00	0.00e+00	3.47e-33	4.43e-24	8.29e-16	2.08e-08	1.00e+00	0.00e+00	0.00e+00	0.00e+00	0.00e+00	0.00e+00
 6.45267e+11	0.00e+00	3.79e-43	4.75e-33	5.60e-24	9.71e-16	2.25e-08	1.00e+00	0.00e+00	0.00e+00	0.00e+00	0.00e+00	0.00e+00
 6.99730e+11	0.00e+00	0.00e+00	6.49e-33	7.09e-24	1.14e-15	2.44e-08	1.00e+00	0.00e+00	0.00e+00	0.00e+00	0.00e+00	0.00e+00
 7.57646e+11	0.00e+00	8.37e-43	8.95e-33	9.03e-24	1.34e-15	2.65e-08	1.00e+00	0.00e+00	0.00e+00	0.00e+00	0.00e+00	0.00e+00
 8.17879e+11	0.00e+00	0.00e+00	1.23e-32	1.15e-23	1.57e-15	2.87e-08	1.00e+00	0.00e+00	0.00e+00	0.00e+00	0.00e+00	0.00e+00
 8.80521e+11	0.00e+00	1.87e-42	1.70e-32	1.47e-23	1.85e-15	3.12e-08	1.00e+00	0.00e+00	0.00e+00	0.00e+00	0.00e+00	0.00e+00
 9.45669e+11	0.00e+00	0.00e+00	2.35e-32	1.87e-23	2.18e-15	3.38e-08	1.00e+00	0.00e+00	0.00e+00	0.00e+00	0.00e+00	0.00e+00
 1.01342e+12	0.00e+00	4.18e-42	3.25e-32	2.39e-23	2.57e-15	3.67e-08	1.00e+00	0.00e+00	0.00e+00	0.00e+00	0.00e+00	0.00e+00
 1.08389e+12	0.00e+00	0.00e+00	4.49e-32	3.05e-23	3.02e-15	3.99e-08	1.00e+00	0.00e+00	0.00e+00	0.00e+00	0.00e+00	0.00e+00
 1.14996e+12	0.00e+00	9.02e-42	6.01e-32	3.80e-23	3.51e-15	4.30e-08	1.00e+00	0.00e+00	0.00e+00	0.00e+00	0.00e+00	0.00e+00
 1.20875e+12	0.00e+00	0.00e+00	7.73e-32	4.59e-23	3.99e-15	4.58e-08	1.00e+00	0.00e+00	0.00e+00	0.00e+00	0.00e+00	0.00e+00
 1.27463e+12	0.00e+00	1.74e-41	1.02e-31	5.65e-23	4.58e-15	4.92e-08	1.00e+00	0.00e+00	0.00e+00	0.00e+00	0.00e+00	0.00e+00
 1.35307e+12	0.00e+00	0.00e+00	1.40e-31	7.17e-23	5.38e-15	5.33e-08	1.00e+00	0.00e+00	0.00e+00	0.00e+00	0.00e+00	0.00e+00
 1.43208e+12	0.00e+00	3.79e-41	1.90e-31	9.05e-23	6.30e-15	5.77e-08	1.00e+00	0.00e+00	0.00e+00	0.00e+00	0.00e+00	0.00e+00
 1.50581e+12	0.00e+00	0.00e+00	2.50e-31	1.12e-22	7.25e-15	6.19e-08	1.00e+00	0.00e+00	0.00e+00	0.00e+00	0.00e+00	0.00e+00
 1.58754e+12	0.00e+00	7.75e-41	3.37e-31	1.40e-22	8.44e-15	6.69e-08	1.00e+00	0.00e+00	0.00e+00	0.00e+00	0.00e+00	0.00e+00
 1.68096e+12	0.00e+00	0.00e+00	4.67e-31	1.79e-22	9.98e-15	7.28e-08	1.00e+00	0.00e+00	0.00e+00	0.00e+00	0.00e+00	0.00e+00
 1.77365e+12	0.00e+00	1.72e-40	6.39e-31	2.27e-22	1.17e-14	7.90e-08	1.00e+00	0.00e+00	0.00e+00	0.00e+00	0.00e+00	0.00e+00
 1.87004e+12	0.00e+00	0.00e+00	8.76e-31	2.88e-22	1.38e-14	8.57e-08	1.00e+00	0.00e+00	0.00e+00	0.00e+00	0.00e+00	0.00e+00
 1.97477e+12	0.00e+00	3.85e-40	1.22e-30	3.70e-22	1.63e-14	9.34e-08	1.00e+00	0.00e+00	0.00e+00	0.00e+00	0.00e+00	0.00e+00
 2.08126e+12	0.00e+00	0.00e+00	1.68e-30	4.73e-22	1.93e-14	1.02e-07	1.00e+00	0.00e+00	0.00e+00	0.00e+00	0.00e+00	0.00e+00
 2.18028e+12	0.00e+00	8.25e-40	2.25e-30	5.89e-22	2.24e-14	1.10e-07	1.00e+00	0.00e+00	0.00e+00	0.00e+00	0.00e+00	0.00e+00
 2.27169e+12	0.00e+00	0.00e+00	2.91e-30	7.18e-22	2.56e-14	1.17e-07	1.00e+00	0.00e+00	0.00e+00	0.00e+00	0.00e+00	0.00e+00
 2.37626e+12	0.00e+00	1.63e-39	3.89e-30	8.94e-22	2.97e-14	1.27e-07	1.00e+00	0.00e+00	0.00e+00	0.00e+00	0.00e+00	0.00e+00
 2.49904e+12	0.00e+00	0.00e+00	5.39e-30	1.15e-21	3.52e-14	1.38e-07	1.00e+00	0.00e+00	0.00e+00	0.00e+00	0.00e+00	0.00e+00
 2.62073e+12	0.00e+00	3.61e-39	7.36e-30	1.45e-21	4.14e-14	1.50e-07	1.00e+00	0.00e+00	0.00e+00	0.00e+00	0.00e+00	0.00e+00
 2.73454e+12	0.00e+00	0.00e+00	9.77e-30	1.80e-21	4.80e-14	1.62e-07	1.00e+00	0.00e+00	0.00e+00	0.00e+00	0.00e+00	0.00e+00
 2.86111e+12	0.00e+00	7.48e-39	1.32e-29	2.27e-21	5.63e-14	1.75e-07	1.00e+00	0.00e+00	0.00e+00	0.00e+00	0.00e+00	0.00e+00
 3.00548e+12	0.00e+00	0.00e+00	1.85e-29	2.94e-21	6.71e-14	1.92e-07	1.00e+00	0.00e+00	0.00e+00	0.00e+00	0.00e+00	0.00e+00
 3.14762e+12	0.00e+00	1.68e-38	2.54e-29	3.74e-21	7.92e-14	2.09e-07	1.00e+00	0.00e+00	0.00e+00	0.00e+00	0.00e+00	0.00e+00
 3.29544e+12	0.00e+00	0.00e+00	3.49e-29	4.78e-21	9.37e-14	2.28e-07	1.00e+00	0.00e+00	0.00e+00	0.00e+00	0.00e+00	0.00e+00
 3.45718e+12	0.00e+00	3.77e-38	4.88e-29	6.18e-21	1.12e-13	2.49e-07	1.00e+00	0.00e+00	0.00e+00	0.00e+00	0.00e+00	0.00e+00
 3.61975e+12	0.00e+00	0.00e+00	6.75e-29	7.92e-21	1.33e-13	2.72e-07	1.00e+00	0.00e+00	0.00e+00	0.00e+00	0.00e+00	0.00e+00
 3.78881e+12	0.00e+00	8.41e-38	9.33e-29	1.02e-20	1.58e-13	2.98e-07	1.00e+00	0.00e+00	0.00e+00	0.00e+00	0.00e+00	0.00e+00
 3.97029e+12	0.00e+00	0.00e+00	1.31e-28	1.32e-20	1.89e-13	3.27e-07	1.00e+00	0.00e+00	0.00e+00	0.00e+00	0.00e+00	0.00e+00
 4.15036e+12	0.00e+00	1.89e-37	1.80e-28	1.69e-20	2.25e-13	3.57e-07	1.00e+00	0.00e+00	0.00e+00	0.00e+00	0.00e+00	0.00e+00
 4.33764e+12	0.00e+00	0.00e+00	2.48e-28	2.16e-20	2.68e-13	3.91e-07	1.00e+00	0.00e+00	0.00e+00	0.00e+00	0.00e+00	0.00e+00
 4.54107e+12	0.00e+00	4.23e-37	3.46e-28	2.80e-20	3.21e-13	4.30e-07	1.00e+00	0.00e+00	0.00e+00	0.00e+00	0.00e+00	0.00e+00
 4.75264e+12	0.00e+00	0.00e+00	4.83e-28	3.63e-20	3.85e-13	4.73e-07	1.00e+00	0.00e+00	0.00e+00	0.00e+00	0.00e+00	0.00e+00
 4.97267e+12	0.00e+00	9.59e-37	6.74e-28	4.70e-20	4.63e-13	5.21e-07	1.00e+00	0.00e+00	0.00e+00	0.00e+00	0.00e+00	0.00e+00
 5.20151e+12	0.00e+00	0.00e+00	9.39e-28	6.09e-20	5.56e-13	5.73e-07	1.00e+00	0.00e+00	0.00e+00	0.00e+00	0.00e+00	0.00e+00
 5.40798e+12	0.00e+00	2.05e-36	1.25e-27	7.63e-20	6.52e-13	6.24e-07	1.00e+00	0.00e+00	0.00e+00	0.00e+00	0.00e+00	0.00e+00
 5.57920e+12	8.48e-46	2.71e-36	1.58e-27	9.14e-20	7.42e-13	6.68e-07	1.00e+00	0.00e+00	0.00e+00	0.00e+00	0.00e+00	0.00e+00
 5.76643e+12	0.00e+00	0.00e+00	2.02e-27	1.11e-19	8.51e-13	7.18e-07	1.00e+00	0.00e+00	0.00e+00	0.00e+00	0.00e+00	0.00e+00
 6.00467e+12	0.00e+00	5.27e-36	2.72e-27	1.40e-19	1.01e-12	7.85e-07	1.00e+00	0.00e+00	0.00e+00	0.00e+00	0.00e+00	0.00e+00
 6.25370e+12	2.89e-45	7.59e-36	3.68e-27	1.78e-19	1.20e-12	8.60e-07	1.00e+00	0.00e+00	0.00e+00	0.00e+00	0.00e+00	0.00e+00
 6.47330e+12	0.00e+00	0.00e+00	4.74e-27	2.18e-19	1.38e-12	9.30e-07	1.00e+00	0.00e+00	0.00e+00	0.00e+00	0.00e+00	0.00e+00
 6.67644e+12	0.00e+00	1.36e-35	5.96e-27	2.61e-19	1.58e-12	9.97e-07	1.00e+00	0.00e+00	0.00e+00	0.00e+00	0.00e+00	0.00e+00
 6.90684e+12	8.31e-45	1.84e-35	7.65e-27	3.18e-19	1.82e-12	1.08e-06	1.00e+00	0.00e+00	0.00e+00	0.00e+00	0.00e+00	0.00e+00
 7.19277e+12	0.00e+00	0.00e+00	1.03e-26	4.03e-19	2.16e-12	1.18e-06	1.00e+00	0.00e+00	0.00e+00	0.00e+00	0.00e+00	0.00e+00
 7.47842e+12	0.00e+00	3.72e-35	1.37e-26	5.06e-19	2.55e-12	1.29e-06	1.00e+00	0.00e+00	0.00e+00	0.00e+00	0.00e+00	0.00e+00
 7.72299e+12	2.67e-44	4.93e-35	1.73e-26	6.10e-19	2.92e-12	1.39e-06	1.00e+00	0.00e+00	0.00e+00	0.00e+00	0.00e+00	0.00e+00
 7.98664e+12	0.00e+00	6.61e-35	2.22e-26	7.42e-19	3.37e-12	1.51e-06	1.00e+00	0.00e+00	0.00e+00	0.00e+00	0.00e+00	0.00e+00
 8.31333e+12	5.70e-44	9.36e-35	2.96e-26	9.37e-19	4.00e-12	1.65e-06	1.00e+00	0.00e+00	0.00e+00	0.00e+00	0.00e+00	0.00e+00
 8.64928e+12	0.00e+00	1.32e-34	3.94e-26	1.18e-18	4.73e-12	1.81e-06	1.00e+00	0.00e+00	0.00e+00	0.00e+00	0.00e+00	0.00e+00
 8.95262e+12	1.21e-43	1.77e-34	5.05e-26	1.44e-18	5.47e-12	1.96e-06	1.00e+00	0.00e+00	0.00e+00	0.00e+00	0.00e+00	0.00e+00
 9.28628e+12	0.00e+00	2.42e-34	6.57e-26	1.78e-18	6.39e-12	2.14e-06	1.00e+00	0.00e+00	0.00e+00	0.00e+00	0.00e+00	0.00e+00
 9.67933e+12	2.64e-43	3.44e-34	8.83e-26	2.26e-18	7.61e-12	2.35e-06	1.00e+00	0.00e+00	0.00e+00	0.00e+00	0.00e+00	0.00e+00
 1.00723e+13	0.00e+00	4.81e-34	1.17e-25	2.84e-18	9.00e-12	2.58e-06	1.00e+00	0.00e+00	0.00e+00	0.00e+00	0.00e+00	0.00e+00
 1.04457e+13	5.61e-43	6.54e-34	1.52e-25	3.50e-18	1.05e-11	2.81e-06	1.00e+00	0.00e+00	0.00e+00	0.00e+00	0.00e+00	0.00e+00
 1.08582e+13	0.00e+00	9.04e-34	1.99e-25	4.37e-18	1.23e-11	3.07e-06	1.00e+00	0.00e+00	0.00e+00	0.00e+00	0.00e+00	0.00e+00
 1.13224e+13	1.23e-42	1.28e-33	2.68e-25	5.55e-18	1.47e-11	3.39e-06	1.00e+00	0.00e+00	0.00e+00	0.00e+00	0.00e+00	0.00e+00
 1.17866e+13	0.00e+00	1.79e-33	3.55e-25	6.99e-18	1.73e-11	3.72e-06	1.00e+00	0.00e+00	0.00e+00	0.00e+00	0.00e+00	0.00e+00
 1.21977e+13	2.54e-42	2.38e-33	4.52e-25	8.50e-18	2.00e-11	4.03e-06	1.00e+00	0.00e+00	0.00e+00	0.00e+00	0.00e+00	0.00e+00
 1.25426e+13	0.00e+00	2.99e-33	5.50e-25	9.96e-18	2.24e-11	4.29e-06	1.00e+00	0.00e+00	0.00e+00	0.00e+00	0.00e+00	0.00e+00
 1.29138e+13	4.40e-42	3.81e-33	6.75e-25	1.18e-17	2.53e-11	4.59e-06	1.00e+00	0.00e+00	0.00e+00	0.00e+00	0.00e+00	0.00e+00
 1.33963e+13	0.00e+00	5.15e-33	8.72e-25	1.45e-17	2.94e-11	4.99e-06	1.00e+00	0.00e+00	0.00e+00	0.00e+00	0.00e+00	0.00e+00
 1.39012e+13	8.91e-42	6.98e-33	1.13e-24	1.79e-17	3.42e-11	5.44e-06	1.00e+00	0.00e+00	0.00e+00	0.00e+00	0.00e+00	0.00e+00
 1.43320e+13	0.00e+00	8.97e-33	1.40e-24	2.13e-17	3.88e-11	5.83e-06	1.00e+00	0.00e+00	0.00e+00	0.00e+00	0.00e+00	0.00e+00
 1.47889e+13	1.61e-41	1.16e-32	1.74e-24	2.54e-17	4.40e-11	6.27e-06	1.00e+00	0.00e+00	0.00e+00	0.00e+00	0.00e+00	0.00e+00
 1.53631e+13	0.00e+00	1.59e-32	2.27e-24	3.16e-17	5.14e-11	6.84e-06	1.00e+00	0.00e+00	0.00e+00	0.00e+00	0.00e+00	0.00e+00
 1.59542e+13	3.31e-41	2.16e-32	2.95e-24	3.91e-17	5.99e-11	7.45e-06	1.00e+00	0.00e+00	0.00e+00	0.00e+00	0.00e+00	0.00e+00
 1.64756e+13	0.00e+00	2.81e-32	3.70e-24	4.70e-17	6.83e-11	8.02e-06	1.00e+00	0.00e+00	0.00e+00	0.00e+00	0.00e+00	0.00e+00
 1.70418e+13	6.20e-41	3.71e-32	4.69e-24	5.69e-17	7.83e-11	8.66e-06	1.00e+00	0.00e+00	0.00e+00	0.00e+00	0.00e+00	0.00e+00
 1.76666e+13	0.00e+00	4.99e-32	6.02e-24	6.99e-17	9.05e-11	9.40e-06	1.00e+00	0.00e+00	0.00e+00	0.00e+00	0.00e+00	0.00e+00
 1.82421e+13	1.18e-40	6.48e-32	7.54e-24	8.39e-17	1.03e-10	1.01e-05	1.00e+00	0.00e+00	0.00e+00	0.00e+00	0.00e+00	0.00e+00
 1.88649e+13	0.00e+00	8.55e-32	9.55e-24	1.02e-16	1.18e-10	1.09e-05	1.00e+00	0.00e+00	0.00e+00	0.00e+00	0.00e+00	0.00e+00
 1.95596e+13	2.29e-40	1.15e-31	1.23e-23	1.25e-16	1.36e-10	1.18e-05	1.00e+00	0.00e+00	0.00e+00	0.00e+00	0.00e+00	0.00e+00
 2.02106e+13	0.00e+00	1.51e-31	1.55e-23	1.50e-16	1.55e-10	1.27e-05	1.00e+00	0.00e+00	0.00e+00	0.00e+00	0.00e+00	0.00e+00
 2.09196e+13	4.35e-40	2.00e-31	1.97e-23	1.83e-16	1.78e-10	1.38e-05	1.00e+00	0.00e+00	0.00e+00	0.00e+00	0.00e+00	0.00e+00
 2.17073e+13	0.00e+00	2.72e-31	2.56e-23	2.26e-16	2.07e-10	1.50e-05	1.00e+00	0.00e+00	0.00e+00	0.00e+00	0.00e+00	0.00e+00
 2.24426e+13	8.51e-40	3.59e-31	3.24e-23	2.74e-16	2.36e-10	1.61e-05	1.00e+00	0.00e+00	0.00e+00	0.00e+00	0.00e+00	0.00e+00
 2.32437e+13	0.00e+00	4.81e-31	4.16e-23	3.35e-16	2.71e-10	1.74e-05	1.00e+00	0.00e+00	0.00e+00	0.00e+00	0.00e+00	0.00e+00
 2.41395e+13	1.71e-39	6.58e-31	5.44e-23	4.15e-16	3.15e-10	1.90e-05	1.00e+00	0.00e+00	0.00e+00	0.00e+00	0.00e+00	0.00e+00
 2.49845e+13	0.00e+00	8.79e-31	6.96e-23	5.06e-16	3.61e-10	2.05e-05	1.00e+00	0.00e+00	0.00e+00	0.00e+00	0.00e+00	0.00e+00
 2.59091e+13	3.42e-39	1.20e-30	9.03e-23	6.24e-16	4.17e-10	2.22e-05	1.00e+00	0.00e+00	0.00e+00	0.00e+00	0.00e+00	0.00e+00
 2.69447e+13	0.00e+00	1.66e-30	1.20e-22	7.82e-16	4.87e-10	2.42e-05	1.00e+00	0.00e+00	0.00e+00	0.00e+00	0.00e+00	0.00e+00
 2.79263e+13	7.10e-39	2.26e-30	1.55e-22	9.61e-16	5.61e-10	2.62e-05	1.00e+00	0.00e+00	0.00e+00	0.00e+00	0.00e+00	0.00e+00
 2.89778e+13	0.00e+00	3.10e-30	2.02e-22	1.19e-15	6.49e-10	2.84e-05	1.00e+00	0.00e+00	0.00e+00	0.00e+00	0.00e+00	0.00e+00
 3.01668e+13	1.52e-38	4.37e-30	2.71e-22	1.50e-15	7.61e-10	3.10e-05	1.00e+00	0.00e+00	0.00e+00	0.00e+00	0.00e+00	0.00e+00
 3.13450e+13	0.00e+00	6.09e-30	3.58e-22	1.87e-15	8.85e-10	3.37e-05	1.00e+00	0.00e+00	0.00e+00	0.00e+00	0.00e+00	0.00e+00
 3.25704e+13	3.29e-38	8.50e-30	4.74e-22	2.34e-15	1.03e-09	3.67e-05	1.00e+00	0.00e+00	0.00e+00	0.00e+00	0.00e+00	0.00e+00
 3.39031e+13	0.00e+00	1.21e-29	6.38e-22	2.95e-15	1.21e-09	3.99e-05	1.00e+00	0.00e+00	0.00e+00	0.00e+00	0.00e+00	0.00e+00
 3.52892e+13	7.45e-38	1.72e-29	8.56e-22	3.73e-15	1.41e-09	4.36e-05	1.00e+00	0.00e+00	0.00e+00	0.00e+00	0.00e+00	0.00e+00
 3.65945e+13	0.00e+00	2.38e-29	1.12e-21	4.61e-15	1.63e-09	4.71e-05	1.00e+00	0.00e+00	0.00e+00	0.00e+00	0.00e+00	0.00e+00
 3.77683e+13	1.51e-37	3.15e-29	1.42e-21	5.54e-15	1.85e-09	5.04e-05	1.00e+00	0.00e+00	0.00e+00	0.00e+00	0.00e+00	0.00e+00
 3.88770e+13	0.00e+00	4.08e-29	1.76e-21	6.56e-15	2.07e-09	5.36e-05	1.00e+00	0.00e+00	0.00e+00	0.00e+00	0.00e+00	0.00e+00
 4.01045e+13	2.83e-37	5.42e-29	2.23e-21	7.87e-15	2.34e-09	5.72e-05	1.00e+00	0.00e+00	0.00e+00	0.00e+00	0.00e+00	0.00e+00
 4.14819e+13	0.00e+00	7.37e-29	2.87e-21	9.59e-15	2.67e-09	6.15e-05	1.00e+00	0.00e+00	0.00e+00	0.00e+00	0.00e+00	0.00e+00
 4.27905e+13	5.64e-37	9.76e-29	3.62e-21	1.15e-14	3.02e-09	6.56e-05	1.00e+00	0.00e+00	0.00e+00	0.00e+00	0.00e+00	0.00e+00
 4.42280e+13	0.00e+00	1.32e-28	4.65e-21	1.40e-14	3.44e-09	7.04e-05	1.00e+00	0.00e+00	0.00e+00	0.00e+00	0.00e+00	0.00e+00
 4.58362e+13	1.19e-36	1.84e-28	6.11e-21	1.72e-14	3.95e-09	7.58e-05	1.00e+00	0.00e+00	0.00e+00	0.00e+00	0.00e+00	0.00e+00
 4.73279e+13	0.00e+00	2.47e-28	7.79e-21	2.08e-14	4.49e-09	8.11e-05	1.00e+00	0.00e+00	0.00e+00	0.00e+00	0.00e+00	0.00e+00
 4.87092e+13	2.29e-36	3.23e-28	9.71e-21	2.46e-14	5.02e-09	8.60e-05	1.00e+00	0.00e+00	0.00e+00	0.00e+00	0.00e+00	0.00e+00
 5.02852e+13	0.00e+00	4.36e-28	1.24e-20	2.97e-14	5.69e-09	9.19e-05	1.00e+00	0.00e+00	0.00e+00	0.00e+00	0.00e+00	0.00e+00
 5.22145e+13	4.91e-36	6.17e-28	1.65e-20	3.70e-14	6.61e-09	9.94e-05	1.00e+00	0.00e+00	0.00e+00	0.00e+00	0.00e+00	0.00e+00
 5.41279e+13	0.00e+00	8.70e-28	2.18e-20	4.58e-14	7.61e-09	1.07e-04	1.00e+00	0.00e+00	0.00e+00	0.00e+00	0.00e+00	0.00e+00
 5.58007e+13	1.03e-35	1.16e-27	2.76e-20	5.48e-14	8.58e-09	1.14e-04	1.00e+00	0.00e+00	0.00e+00	0.00e+00	0.00e+00	0.00e+00
 5.76360e+13	0.00e+00	1.58e-27	3.55e-20	6.63e-14	9.75e-09	1.22e-04	1.00e+00	0.00e+00	0.00e+00	0.00e+00	0.00e+00	0.00e+00
 5.98617e+13	2.29e-35	2.27e-27	4.77e-20	8.29e-14	1.13e-08	1.31e-04	1.00e+00	0.00e+00	0.00e+00	0.00e+00	0.00e+00	0.00e+00
 6.21078e+13	0.00e+00	3.22e-27	6.35e-20	1.03e-13	1.31e-08	1.42e-04	1.00e+00	0.00e+00	0.00e+00	0.00e+00	0.00e+00	0.00e+00
 6.41439e+13	5.02e-35	4.39e-27	8.16e-20	1.25e-13	1.49e-08	1.51e-04	1.00e+00	0.00e+00	0.00e+00	0.00e+00	0.00e+00	0.00e+00
 6.63946e+13	7.50e-35	6.15e-27	1.07e-19	1.53e-13	1.70e-08	1.62e-04	1.00e+00	0.00e+00	0.00e+00	0.00e+00	0.00e+00	0.00e+00
 6.90349e+13	1.18e-34	8.98e-27	1.45e-19	1.93e-13	1.99e-08	1.75e-04	1.00e+00	0.00e+00	0.00e+00	0.00e+00	0.00e+00	0.00e+00
 7.16507e+13	1.81e-34	1.29e-26	1.94e-19	2.40e-13	2.30e-08	1.89e-04	1.00e+00	0.00e+00	0.00e+00	0.00e+00	0.00e+00	0.00e+00
 7.41158e+13	2.69e-34	1.79e-26	2.54e-19	2.94e-13	2.63e-08	2.02e-04	1.00e+00	0.00e+00	0.00e+00	0.00e+00	0.00e+00	0.00e+00
 7.68550e+13	4.10e-34	2.55e-26	3.38e-19	3.64e-13	3.04e-08	2.17e-04	1.00e+00	0.00e+00	0.00e+00	0.00e+00	0.00e+00	0.00e+00
 7.99591e+13	6.54e-34	3.77e-26	4.62e-19	4.61e-13	3.55e-08	2.35e-04	1.00e+00	0.00e+00	0.00e+00	0.00e+00	0.00e+00	0.00e+00
 8.30790e+13	1.03e-33	5.51e-26	6.26e-19	5.78e-13	4.14e-08	2.53e-04	1.00e+00	0.00e+00	0.00e+00	0.00e+00	0.00e+00	0.00e+00
 8.63238e+13	1.62e-33	8.05e-26	8.48e-19	7.26e-13	4.81e-08	2.73e-04	1.00e+00	0.00e+00	0.00e+00	0.00e+00	0.00e+00	0.00e+00
 8.98067e+13	2.59e-33	1.19e-25	1.16e-18	9.18e-13	5.63e-08	2.95e-04	1.00e+00	0.00e+00	0.00e+00	0.00e+00	0.00e+00	0.00e+00
 9.34289e+13	4.15e-33	1.76e-25	1.59e-18	1.16e-12	6.58e-08	3.19e-04	1.00e+00	0.00e+00	0.00e+00	0.00e+00	0.00e+00	0.00e+00
 9.69265e+13	6.41e-33	2.53e-25	2.13e-18	1.45e-12	7.61e-08	3.43e-04	1.00e+00	0.00e+00	0.00e+00	0.00e+00	0.00e+00	0.00e+00
 1.00203e+14	9.48e-33	3.50e-25	2.77e-18	1.76e-12	8.68e-08	3.66e-04	1.00e+00	0.00e+00	0.00e+00	0.00e+00	0.00e+00	0.00e+00
 1.03291e+14	1.37e-32	4.76e-25	3.53e-18	2.11e-12	9.79e-08	3.88e-04	1.00e+00	0.00e+00	0.00e+00	0.00e+00	0.00e+00	0.00e+00
 1.06657e+14	1.98e-32	6.49e-25	4.54e-18	2.55e-12	1.11e-07	4.14e-04	1.00e+00	0.00e+00	0.00e+00	0.00e+00	0.00e+00	0.00e+00
 1.10379e+14	3.00e-32	9.15e-25	5.98e-18	3.13e-12	1.27e-07	4.43e-04	1.00e+00	0.00e+00	0.00e+00	0.00e+00	0.00e+00	0.00e+00
 1.13881e+14	4.38e-32	1.25e-24	7.67e-18	3.77e-12	1.44e-07	4.70e-04	1.00e+00	0.00e+00	0.00e+00	0.00e+00	0.00e+00	0.00e+00
 1.17753e+14	6.51e-32	1.74e-24	1.00e-17	4.60e-12	1.65e-07	5.02e-04	9.99e-01	0.00e+00	0.00e+00	0.00e+00	0.00e+00	0.00e+00
 1.22093e+14	9.91e-32	2.48e-24	1.33e-17	5.71e-12	1.90e-07	5.40e-04	9.99e-01	0.00e+00	0.00e+00	0.00e+00	0.00e+00	0.00e+00
 1.26217e+14	1.49e-31	3.46e-24	1.74e-17	6.96e-12	2.17e-07	5.76e-04	9.99e-01	0.00e+00	0.00e+00	0.00e+00	0.00e+00	0.00e+00
 1.30753e+14	2.23e-31	4.87e-24	2.30e-17	8.58e-12	2.49e-07	6.18e-04	9.99e-01	0.00e+00	0.00e+00	0.00e+00	0.00e+00	0.00e+00
 1.35839e+14	3.54e-31	7.15e-24	3.12e-17	1.08e-11	2.90e-07	6.66e-04	9.99e-01	0.00e+00	0.00e+00	0.00e+00	0.00e+00	0.00e+00
 1.40735e+14	5.26e-31	1.00e-23	4.12e-17	1.33e-11	3.34e-07	7.15e-04	9.99e-01	0.00e+00	0.00e+00	0.00e+00	0.00e+00	0.00e+00
 1.45986e+14	8.15e-31	1.44e-23	5.52e-17	1.65e-11	3.86e-07	7.68e-04	9.99e-01	0.00e+00	0.00e+00	0.00e+00	0.00e+00	0.00e+00
 1.51856e+14	1.30e-30	2.13e-23	7.55e-17	2.09e-11	4.51e-07	8.31e-04	9.99e-01	0.00e+00	0.00e+00	0.00e+00	0.00e+00	0.00e+00
 1.57276e+14	1.93e-30	2.97e-23	9.95e-17	2.58e-11	5.19e-07	8.92e-04	9.99e-01	0.00e+00	0.00e+00	0.00e+00	0.00e+00	0.00e+00
 1.61958e+14	2.75e-30	3.99e-23	1.26e-16	3.07e-11	5.83e-07	9.45e-04	9.99e-01	0.00e+00	0.00e+00	0.00e+00	0.00e+00	0.00e+00
 1.67142e+14	3.90e-30	5.37e-23	1.61e-16	3.70e-11	6.60e-07	1.01e-03	9.99e-01	0.00e+00	0.00e+00	0.00e+00	0.00e+00	0.00e+00
 1.73488e+14	6.12e-30	7.80e-23	2.17e-16	4.63e-11	7.66e-07	1.08e-03	9.99e-01	0.00e+00	0.00e+00	0.00e+00	0.00e+00	0.00e+00
 1.79933e+14	9.16e-30	1.10e-22	2.89e-16	5.75e-11	8.85e-07	1.17e-03	9.99e-01	0.00e+00	0.00e+00	0.00e+00	0.00e+00	0.00e+00
 1.85718e+14	1.34e-29	1.51e-22	3.72e-16	6.94e-11	1.00e-06	1.24e-03	9.99e-01	0.00e+00	0.00e+00	0.00e+00	0.00e+00	0.00e+00
 1.92057e+14	1.93e-29	2.06e-22	4.84e-16	8.47e-11	1.15e-06	1.33e-03	9.99e-01	0.00e+00	0.00e+00	0.00e+00	0.00e+00	0.00e+00
 1.99568e+14	3.06e-29	3.02e-22	6.56e-16	1.07e-10	1.34e-06	1.43e-03	9.99e-01	0.00e+00	0.00e+00	0.00e+00	0.00e+00	0.00e+00
 2.06978e+14	4.55e-29	4.25e-22	8.74e-16	1.32e-10	1.54e-06	1.55e-03	9.98e-01	0.00e+00	0.00e+00	0.00e+00	0.00e+00	0.00e+00
 2.13732e+14	6.56e-29	5.79e-22	1.13e-15	1.60e-10	1.75e-06	1.65e-03	9.98e-01	0.00e+00	0.00e+00	0.00e+00	0.00e+00	0.00e+00
 2.21260e+14	9.75e-29	8.08e-22	1.48e-15	1.97e-10	2.01e-06	1.77e-03	9.98e-01	0.00e+00	0.00e+00	0.00e+00	0.00e+00	0.00e+00
 2.30039e+14	1.54e-28	1.19e-21	2.02e-15	2.48e-10	2.35e-06	1.91e-03	9.98e-01	0.00e+00	0.00e+00	0.00e+00	0.00e+00	0.00e+00
 2.38697e+14	2.30e-28	1.67e-21	2.70e-15	3.10e-10	2.72e-06	2.06e-03	9.98e-01	0.00e+00	0.00e+00	0.00e+00	0.00e+00	0.00e+00
 2.46861e+14	3.42e-28	2.33e-21	3.53e-15	3.78e-10	3.11e-06	2.20e-03	9.98e-01	0.00e+00	0.00e+00	0.00e+00	0.00e+00	0.00e+00
 2.55925e+14	5.01e-28	3.24e-21	4.68e-15	4.69e-10	3.59e-06	2.37e-03	9.98e-01	0.00e+00	0.00e+00	0.00e+00	0.00e+00	0.00e+00
 2.66192e+14	7.86e-28	4.73e-21	6.39e-15	5.93e-10	4.19e-06	2.56e-03	9.97e-01	0.00e+00	0.00e+00	0.00e+00	0.00e+00	0.00e+00
 2.76460e+14	1.22e-27	6.84e-21	8.62e-15	7.43e-10	4.87e-06	2.77e-03	9.97e-01	0.00e+00	0.00e+00	0.00e+00	0.00e+00	0.00e+00
 2.86087e+14	1.78e-27	9.46e-21	1.13e-14	9.11e-10	5.58e-06	2.96e-03	9.97e-01	0.00e+00	0.00e+00	0.00e+00	0.00e+00	0.00e+00
 2.96507e+14	2.61e-27	1.31e-20	1.50e-14	1.13e-09	6.43e-06	3.19e-03	9.97e-01	0.00e+00	0.00e+00	0.00e+00	0.00e+00	0.00e+00
 3.08131e+14	4.10e-27	1.92e-20	2.03e-14	1.42e-09	7.50e-06	3.44e-03	9.97e-01	0.00e+00	0.00e+00	0.00e+00	0.00e+00	0.00e+00
 3.18996e+14	5.88e-27	2.62e-20	2.67e-14	1.74e-09	8.60e-06	3.69e-03	9.96e-01	0.00e+00	0.00e+00	0.00e+00	0.00e+00	0.00e+00
 3.29057e+14	8.48e-27	3.56e-20	3.41e-14	2.10e-09	9.73e-06	3.93e-03	9.96e-01	0.00e+00	0.00e+00	0.00e+00	0.00e+00	0.00e+00
 3.38720e+14	1.15e-26	4.63e-20	4.28e-14	2.49e-09	1.09e-05	4.17e-03	9.96e-01	0.00e+00	0.00e+00	0.00e+00	0.00e+00	0.00e+00
 3.49463e+14	1.65e-26	6.27e-20	5.48e-14	3.00e-09	1.24e-05	4.44e-03	9.96e-01	0.00e+00	0.00e+00	0.00e+00	0.00e+00	0.00e+00
 3.61362e+14	2.34e-26	8.50e-20	7.13e-14	3.66e-09	1.41e-05	4.75e-03	9.95e-01	0.00e+00	0.00e+00	0.00e+00	0.00e+00	0.00e+00
 3.72411e+14	3.32e-26	1.14e-19	9.06e-14	4.38e-09	1.59e-05	5.04e-03	9.95e-01	0.00e+00	0.00e+00	0.00e+00	0.00e+00	0.00e+00
 3.84423e+14	4.62e-26	1.52e-19	1.16e-13	5.30e-09	1.80e-05	5.38e-03	9.95e-01	0.00e+00	0.00e+00	0.00e+00	0.00e+00	0.00e+00
 3.97918e+14	6.89e-26	2.13e-19	1.53e-13	6.51e-09	2.07e-05	5.76e-03	9.94e-01	0.00e+00	0.00e+00	0.00e+00	0.00e+00	0.00e+00
 4.10847e+14	9.55e-26	2.83e-19	1.96e-13	7.87e-09	2.35e-05	6.15e-03	9.94e-01	0.00e+00	0.00e+00	0.00e+00	0.00e+00	0.00e+00
 4.25162e+14	1.39e-25	3.91e-19	2.57e-13	9.65e-09	2.69e-05	6.59e-03	9.93e-01	0.00e+00	0.00e+00	0.00e+00	0.00e+00	0.00e+00
 4.40911e+14	2.06e-25	5.46e-19	3.43e-13	1.20e-08	3.11e-05	7.09e-03	9.93e-01	0.00e+00	0.00e+00	0.00e+00	0.00e+00	0.00e+00
 4.55335e+14	2.98e-25	7.47e-19	4.42e-13	1.45e-08	3.53e-05	7.56e-03	9.92e-01	0.00e+00	0.00e+00	0.00e+00	0.00e+00	0.00e+00
 4.70897e+14	4.20e-25	1.01e-18	5.75e-13	1.77e-08	4.04e-05	8.10e-03	9.92e-01	0.00e+00	0.00e+00	0.00e+00	0.00e+00	0.00e+00
 4.88307e+14	6.34e-25	1.43e-18	7.66e-13	2.20e-08	4.66e-05	8.71e-03	9.91e-01	0.00e+00	0.00e+00	0.00e+00	0.00e+00	0.00e+00
 5.04756e+14	8.85e-25	1.91e-18	9.92e-13	2.68e-08	5.32e-05	9.33e-03	9.91e-01	0.00e+00	0.00e+00	0.00e+00	0.00e+00	0.00e+00
 5.22776e+14	1.29e-24	2.65e-18	1.31e-12	3.30e-08	6.11e-05	1.00e-02	9.90e-01	0.00e+00	0.00e+00	0.00e+00	0.00e+00	0.00e+00
 5.42744e+14	1.91e-24	3.72e-18	1.75e-12	4.13e-08	7.08e-05	1.08e-02	9.89e-01	0.00e+00	0.00e+00	0.00e+00	0.00e+00	0.00e+00
 5.61274e+14	2.80e-24	5.14e-18	2.28e-12	5.04e-08	8.09e-05	1.16e-02	9.88e-01	0.00e+00	0.00e+00	0.00e+00	0.00e+00	0.00e+00
 5.81396e+14	3.97e-24	7.01e-18	3.00e-12	6.21e-08	9.30e-05	1.24e-02	9.87e-01	0.00e+00	0.00e+00	0.00e+00	0.00e+00	0.00e+00
 6.03906e+14	5.97e-24	9.95e-18	4.05e-12	7.78e-08	1.08e-04	1.34e-02	9.86e-01	0.00e+00	0.00e+00	0.00e+00	0.00e+00	0.00e+00
 6.25220e+14	8.47e-24	1.35e-17	5.30e-12	9.56e-08	1.24e-04	1.44e-02	9.85e-01	0.00e+00	0.00e+00	0.00e+00	0.00e+00	0.00e+00
 6.48122e+14	1.26e-23	1.90e-17	7.03e-12	1.18e-07	1.43e-04	1.55e-02	9.84e-01	0.00e+00	0.00e+00	0.00e+00	0.00e+00	0.00e+00
 6.74076e+14	1.85e-23	2.68e-17	9.53e-12	1.49e-07	1.67e-04	1.68e-02	9.83e-01	0.00e+00	0.00e+00	0.00e+00	0.00e+00	0.00e+00
 6.99450e+14	2.76e-23	3.77e-17	1.27e-11	1.86e-07	1.93e-04	1.81e-02	9.82e-01	0.00e+00	0.00e+00	0.00e+00	0.00e+00	0.00e+00
 7.25839e+14	3.94e-23	5.19e-17	1.69e-11	2.32e-07	2.23e-04	1.96e-02	9.80e-01	0.00e+00	0.00e+00	0.00e+00	0.00e+00	0.00e+00
 7.54903e+14	5.97e-23	7.45e-17	2.30e-11	2.92e-07	2.60e-04	2.12e-02	9.79e-01	0.00e+00	0.00e+00	0.00e+00	0.00e+00	0.00e+00
 7.83572e+14	8.50e-23	1.02e-16	3.06e-11	3.64e-07	3.02e-04	2.29e-02	9.77e-01	0.00e+00	0.00e+00	0.00e+00	0.00e+00	0.00e+00
 8.07150e+14	1.15e-22	1.34e-16	3.85e-11	4.34e-07	3.39e-04	2.44e-02	9.75e-01	0.00e+00	0.00e+00	0.00e+00	0.00e+00	0.00e+00
 8.25909e+14	1.45e-22	1.64e-16	4.59e-11	4.97e-07	3.71e-04	2.56e-02	9.74e-01	0.00e+00	0.00e+00	0.00e+00	0.00e+00	0.00e+00
 8.46684e+14	1.86e-22	2.04e-16	5.56e-11	5.76e-07	4.08e-04	2.69e-02	9.73e-01	0.00e+00	0.00e+00	0.00e+00	0.00e+00	0.00e+00
 8.73691e+14	2.51e-22	2.68e-16	7.07e-11	6.94e-07	4.62e-04	2.88e-02	9.71e-01	0.00e+00	0.00e+00	0.00e+00	0.00e+00	0.00e+00
 9.02704e+14	3.46e-22	3.57e-16	9.09e-11	8.42e-07	5.25e-04	3.08e-02	9.69e-01	0.00e+00	0.00e+00	0.00e+00	0.00e+00	0.00e+00
 9.28537e+14	4.59e-22	4.59e-16	1.13e-10	9.94e-07	5.86e-04	3.27e-02	9.67e-01	0.00e+00	0.00e+00	0.00e+00	0.00e+00	0.00e+00
 9.56336e+14	6.04e-22	5.89e-16	1.41e-10	1.18e-06	6.57e-04	3.48e-02	9.65e-01	0.00e+00	0.00e+00	0.00e+00	0.00e+00	0.00e+00
 9.91504e+14	8.57e-22	8.08e-16	1.87e-10	1.46e-06	7.56e-04	3.75e-02	9.62e-01	0.00e+00	0.00e+00	0.00e+00	0.00e+00	0.00e+00
 1.02718e+15	1.20e-21	1.10e-15	2.45e-10	1.80e-06	8.68e-04	4.05e-02	9.59e-01	0.00e+00	0.00e+00	0.00e+00	0.00e+00	0.00e+00
 1.05748e+15	1.60e-21	1.42e-15	3.06e-10	2.14e-06	9.72e-04	4.30e-02	9.56e-01	0.00e+00	0.00e+00	0.00e+00	0.00e+00	0.00e+00
 1.08988e+15	2.14e-21	1.85e-15	3.85e-10	2.56e-06	1.09e-03	4.58e-02	9.53e-01	0.00e+00	0.00e+00	0.00e+00	0.00e+00	0.00e+00
 1.13036e+15	3.03e-21	2.54e-15	5.09e-10	3.17e-06	1.26e-03	4.95e-02	9.49e-01	0.00e+00	0.00e+00	0.00e+00	0.00e+00	0.00e+00
 1.17194e+15	4.30e-21	3.49e-15	6.72e-10	3.93e-06	1.45e-03	5.35e-02	9.45e-01	0.00e+00	0.00e+00	0.00e+00	0.00e+00	0.00e+00
 1.20854e+15	5.79e-21	4.57e-15	8.51e-10	4.71e-06	1.63e-03	5.70e-02	9.41e-01	0.00e+00	0.00e+00	0.00e+00	0.00e+00	0.00e+00
 1.24809e+15	7.82e-21	6.03e-15	1.09e-09	5.69e-06	1.84e-03	6.10e-02	9.37e-01	0.00e+00	0.00e+00	0.00e+00	0.00e+00	0.00e+00
 1.29587e+15	1.12e-20	8.41e-15	1.45e-09	7.10e-06	2.13e-03	6.61e-02	9.32e-01	0.00e+00	0.00e+00	0.00e+00	0.00e+00	0.00e+00
 1.34327e+15	1.60e-20	1.16e-14	1.91e-09	8.76e-06	2.44e-03	7.12e-02	9.26e-01	0.00e+00	0.00e+00	0.00e+00	0.00e+00	0.00e+00
 1.38538e+15	2.15e-20	1.52e-14	2.43e-09	1.05e-05	2.75e-03	7.59e-02	9.21e-01	0.00e+00	0.00e+00	0.00e+00	0.00e+00	0.00e+00
 1.43172e+15	2.94e-20	2.03e-14	3.12e-09	1.27e-05	3.11e-03	8.14e-02	9.16e-01	0.00e+00	0.00e+00	0.00e+00	0.00e+00	0.00e+00
 1.48708e+15	4.27e-20	2.85e-14	4.19e-09	1.59e-05	3.59e-03	8.80e-02	9.08e-01	0.00e+00	0.00e+00	0.00e+00	0.00e+00	0.00e+00
 1.54220e+15	6.12e-20	3.96e-14	5.54e-09	1.97e-05	4.12e-03	9.47e-02	9.01e-01	0.00e+00	0.00e+00	0.00e+00	0.00e+00	0.00e+00
 1.59262e+15	8.26e-20	5.24e-14	7.10e-09	2.37e-05	4.65e-03	1.01e-01	8.94e-01	0.00e+00	0.00e+00	0.00e+00	0.00e+00	0.00e+00
 1.64893e+15	1.18e-19	7.23e-14	9.28e-09	2.91e-05	5.30e-03	1.08e-01	8.86e-01	0.00e+00	0.00e+00	0.00e+00	0.00e+00	0.00e+00
 1.71438e+15	1.74e-19	1.03e-13	1.25e-08	3.65e-05	6.13e-03	1.17e-01	8.77e-01	0.00e+00	0.00e+00	0.00e+00	0.00e+00	0.00e+00
 1.77869e+15	2.52e-19	1.44e-13	1.67e-08	4.52e-05	7.03e-03	1.26e-01	8.67e-01	0.00e+00	0.00e+00	0.00e+00	0.00e+00	0.00e+00
 1.83972e+15	3.47e-19	1.94e-13	2.16e-08	5.49e-05	7.96e-03	1.34e-01	8.58e-01	0.00e+00	0.00e+00	0.00e+00	0.00e+00	0.00e+00
 1.89327e+15	4.74e-19	2.56e-13	2.70e-08	6.48e-05	8.85e-03	1.42e-01	8.49e-01	0.00e+00	0.00e+00	0.00e+00	0.00e+00	0.00e+00
 1.93767e+15	6.01e-19	3.18e-13	3.23e-08	7.41e-05	9.63e-03	1.49e-01	8.42e-01	0.00e+00	0.00e+00	0.00e+00	0.00e+00	0.00e+00
 1.98641e+15	7.74e-19	3.99e-13	3.91e-08	8.54e-05	1.05e-02	1.56e-01	8.34e-01	0.00e+00	0.00e+00	0.00e+00	0.00e+00	0.00e+00
 2.04978e+15	1.07e-18	5.34e-13	4.99e-08	1.02e-04	1.18e-02	1.65e-01	8.23e-01	0.00e+00	0.00e+00	0.00e+00	0.00e+00	0.00e+00
 2.11637e+15	1.46e-18	7.11e-13	6.37e-08	1.23e-04	1.33e-02	1.75e-01	8.12e-01	0.00e+00	0.00e+00	0.00e+00	0.00e+00	0.00e+00
 2.17379e+15	1.97e-18	9.25e-13	7.84e-08	1.43e-04	1.46e-02	1.84e-01	8.02e-01	0.00e+00	0.00e+00	0.00e+00	0.00e+00	0.00e+00
 2.23508e+15	2.63e-18	1.20e-12	9.70e-08	1.67e-04	1.61e-02	1.93e-01	7.91e-01	0.00e+00	0.00e+00	0.00e+00	0.00e+00	0.00e+00
 2.31476e+15	3.81e-18	1.67e-12	1.27e-07	2.04e-04	1.83e-02	2.05e-01	7.76e-01	0.00e+00	0.00e+00	0.00e+00	0.00e+00	0.00e+00
 2.39651e+15	5.32e-18	2.27e-12	1.66e-07	2.48e-04	2.06e-02	2.18e-01	7.62e-01	0.00e+00	0.00e+00	0.00e+00	0.00e+00	0.00e+00
 2.46460e+15	7.38e-18	3.00e-12	2.05e-07	2.90e-04	2.28e-02	2.28e-01	7.49e-01	0.00e+00	0.00e+00	0.00e+00	0.00e+00	0.00e+00
 2.53675e+15	9.78e-18	3.89e-12	2.56e-07	3.41e-04	2.51e-02	2.39e-01	7.35e-01	0.00e+00	0.00e+00	0.00e+00	0.00e+00	0.00e+00
 2.62910e+15	1.47e-17	5.53e-12	3.36e-07	4.16e-04	2.84e-02	2.53e-01	7.18e-01	0.00e+00	0.00e+00	0.00e+00	0.00e+00	0.00e+00
 2.72601e+15	2.09e-17	7.60e-12	4.42e-07	5.07e-04	3.21e-02	2.68e-01	7.00e-01	0.00e+00	0.00e+00	0.00e+00	0.00e+00	0.00e+00
 2.81200e+15	3.05e-17	1.04e-11	5.59e-07	6.01e-04	3.56e-02	2.81e-01	6.83e-01	0.00e+00	0.00e+00	1.75e-17	9.25e-18	3.28e-18
 2.90550e+15	4.21e-17	1.39e-11	7.15e-07	7.18e-04	3.97e-02	2.94e-01	6.65e-01	0.00e+00	0.00e+00	2.41e-17	1.28e-17	4.50e-18
 3.01753e+15	6.56e-17	2.02e-11	9.49e-07	8.80e-04	4.50e-02	3.11e-01	6.44e-01	0.00e+00	0.00e+00	3.76e-17	2.00e-17	6.97e-18
 3.12868e+15	9.32e-17	2.76e-11	1.24e-06	1.07e-03	5.05e-02	3.26e-01	6.23e-01	0.00e+00	0.00e+00	5.35e-17	2.83e-17	9.86e-18
 3.22907e+15	1.32e-16	3.72e-11	1.57e-06	1.26e-03	5.58e-02	3.39e-01	6.04e-01	0.00e+00	0.00e+00	7.57e-17	4.00e-17	1.39e-17
 3.34044e+15	1.90e-16	5.09e-11	2.01e-06	1.51e-03	6.20e-02	3.54e-01	5.83e-01	0.00e+00	0.00e+00	1.09e-16	5.76e-17	1.99e-17
 3.47147e+15	3.00e-16	7.45e-11	2.67e-06	1.84e-03	6.98e-02	3.70e-01	5.58e-01	0.00e+00	0.00e+00	1.73e-16	9.11e-17	3.14e-17
 3.60084e+15	4.47e-16	1.04e-10	3.48e-06	2.22e-03	7.79e-02	3.85e-01	5.34e-01	0.00e+00	0.00e+00	2.57e-16	1.36e-16	4.65e-17
 3.72156e+15	6.39e-16	1.41e-10	4.41e-06	2.62e-03	8.59e-02	3.99e-01	5.13e-01	0.00e+00	0.00e+00	3.68e-16	1.94e-16	6.63e-17
 3.85662e+15	9.32e-16	1.94e-10	5.69e-06	3.13e-03	9.52e-02	4.12e-01	4.89e-01	0.00e+00	0.00e+00	5.37e-16	2.83e-16	9.64e-17
 4.01091e+15	1.45e-15	2.80e-10	7.52e-06	3.80e-03	1.06e-01	4.27e-01	4.63e-01	0.00e+00	0.00e+00	8.34e-16	4.39e-16	1.49e-16
 4.16291e+15	2.16e-15	3.91e-10	9.75e-06	4.56e-03	1.18e-01	4.40e-01	4.38e-01	0.00e+00	0.00e+00	1.25e-15	6.56e-16	2.22e-16
 4.28677e+15	2.97e-15	5.09e-10	1.20e-05	5.24e-03	1.27e-01	4.49e-01	4.18e-01	0.00e+00	0.00e+00	1.71e-15	9.01e-16	3.04e-16
 4.38329e+15	3.78e-15	6.21e-10	1.39e-05	5.83e-03	1.35e-01	4.56e-01	4.03e-01	0.00e+00	0.00e+00	2.18e-15	1.15e-15	3.87e-16
 4.48908e+15	4.89e-15	7.67e-10	1.64e-05	6.52e-03	1.44e-01	4.62e-01	3.87e-01	0.00e+00	0.00e+00	2.82e-15	1.48e-15	4.99e-16
 4.62661e+15	6.51e-15	9.81e-10	2.01e-05	7.50e-03	1.55e-01	4.70e-01	3.68e-01	0.00e+00	0.00e+00	3.76e-15	1.98e-15	6.64e-16
 4.77592e+15	9.55e-15	1.33e-09	2.50e-05	8.68e-03	1.68e-01	4.77e-01	3.46e-01	0.00e+00	0.00e+00	5.52e-15	2.90e-15	9.72e-16
 4.90966e+15	1.29e-14	1.69e-09	3.01e-05	9.83e-03	1.79e-01	4.82e-01	3.29e-01	0.00e+00	0.00e+00	7.43e-15	3.90e-15	1.31e-15
 5.05262e+15	1.73e-14	2.16e-09	3.64e-05	1.12e-02	1.92e-01	4.86e-01	3.10e-01	0.00e+00	0.00e+00	1.00e-14	5.25e-15	1.76e-15
 5.23611e+15	2.57e-14	2.96e-09	4.60e-05	1.31e-02	2.08e-01	4.91e-01	2.88e-01	0.00e+00	0.00e+00	1.49e-14	7.80e-15	2.60e-15
 5.42231e+15	3.55e-14	3.88e-09	5.76e-05	1.52e-02	2.25e-01	4.93e-01	2.67e-01	0.00e+00	0.00e+00	2.05e-14	1.08e-14	3.58e-15
 5.57747e+15	4.83e-14	4.96e-09	6.91e-05	1.71e-02	2.39e-01	4.94e-01	2.50e-01	0.00e+00	0.00e+00	2.79e-14	1.47e-14	4.87e-15
 5.74227e+15	6.58e-14	6.34e-09	8.33e-05	1.94e-02	2.54e-01	4.94e-01	2.33e-01	0.00e+00	0.00e+00	3.81e-14	2.00e-14	6.63e-15
 5.95214e+15	9.53e-14	8.53e-09	1.04e-04	2.24e-02	2.72e-01	4.92e-01	2.14e-01	0.00e+00	0.00e+00	5.52e-14	2.89e-14	9.59e-15
 6.16773e+15	1.46e-13	1.18e-08	1.31e-04	2.59e-02	2.92e-01	4.88e-01	1.94e-01	0.00e+00	0.00e+00	8.47e-14	4.44e-14	1.47e-14
 6.35330e+15	1.99e-13	1.51e-08	1.57e-04	2.92e-02	3.08e-01	4.84e-01	1.79e-01	0.00e+00	0.00e+00	1.16e-13	6.06e-14	2.00e-14
 6.55274e+15	2.73e-13	1.93e-08	1.90e-04	3.29e-02	3.25e-01	4.78e-01	1.64e-01	0.00e+00	0.00e+00	1.58e-13	8.30e-14	2.74e-14
 6.79880e+15	3.86e-13	2.56e-08	2.37e-04	3.78e-02	3.45e-01	4.69e-01	1.48e-01	0.00e+00	0.00e+00	2.24e-13	1.17e-13	3.86e-14
 7.04468e+15	5.92e-13	3.52e-08	2.95e-04	4.33e-02	3.65e-01	4.59e-01	1.32e-01	0.00e+00	0.00e+00	3.43e-13	1.80e-13	5.92e-14
 7.25794e+15	8.06e-13	4.46e-08	3.51e-04	4.83e-02	3.82e-01	4.49e-01	1.20e-01	0.00e+00	0.00e+00	4.68e-13	2.45e-13	8.06e-14
 7.48958e+15	1.10e-12	5.70e-08	4.23e-04	5.41e-02	3.99e-01	4.38e-01	1.08e-01	0.00e+00	0.00e+00	6.40e-13	3.35e-13	1.10e-13
 7.77293e+15	1.55e-12	7.49e-08	5.25e-04	6.16e-02	4.20e-01	4.23e-01	9.54e-02	0.00e+00	0.00e+00	9.02e-13	4.72e-13	1.55e-13
 8.04881e+15	2.37e-12	1.02e-07	6.44e-04	6.96e-02	4.38e-01	4.08e-01	8.39e-02	0.00e+00	0.00e+00	1.37e-12	7.19e-13	2.36e-13
 8.27628e+15	3.14e-12	1.27e-07	7.56e-04	7.65e-02	4.52e-01	3.95e-01	7.56e-02	0.00e+00	0.00e+00	1.82e-12	9.55e-13	3.13e-13
 8.51554e+15	4.24e-12	1.59e-07	8.91e-04	8.42e-02	4.67e-01	3.81e-01	6.77e-02	0.00e+00	0.00e+00	2.46e-12	1.29e-12	4.22e-13
 8.82380e+15	5.79e-12	2.04e-07	1.09e-03	9.45e-02	4.83e-01	3.62e-01	5.88e-02	0.00e+00	0.00e+00	3.36e-12	1.76e-12	5.75e-13
 9.14503e+15	8.92e-12	2.79e-07	1.34e-03	1.06e-01	4.99e-01	3.43e-01	5.05e-02	0.00e+00	0.00e+00	5.18e-12	2.71e-12	8.86e-13
 9.38555e+15	1.15e-11	3.39e-07	1.54e-03	1.15e-01	5.09e-01	3.29e-01	4.51e-02	0.00e+00	0.00e+00	6.71e-12	3.51e-12	1.15e-12
 9.59791e+15	1.46e-11	4.06e-07	1.76e-03	1.23e-01	5.18e-01	3.16e-01	4.08e-02	0.00e+00	0.00e+00	8.50e-12	4.45e-12	1.45e-12
 9.87397e+15	1.95e-11	5.04e-07	2.06e-03	1.35e-01	5.27e-01	3.00e-01	3.58e-02	0.00e+00	0.00e+00	1.13e-11	5.92e-12	1.93e-12
 1.01675e+16	2.69e-11	6.40e-07	2.43e-03	1.47e-01	5.36e-01	2.83e-01	3.11e-02	0.00e+00	0.00e+00	1.56e-11	8.19e-12	2.67e-12
 1.04226e+16	3.47e-11	7.75e-07	2.79e-03	1.58e-01	5.43e-01	2.69e-01	2.75e-02	0.00e+00	0.00e+00	2.01e-11	1.06e-11	3.44e-12
 1.06931e+16	4.51e-11	9.45e-07	3.23e-03	1.71e-01	5.48e-01	2.54e-01	2.41e-02	0.00e+00	0.00e+00	2.62e-11	1.37e-11	4.47e-12
 1.10447e+16	6.55e-11	1.24e-06	3.90e-03	1.88e-01	5.53e-01	2.35e-01	2.02e-02	0.00e+00	0.00e+00	3.81e-11	1.99e-11	6.50e-12
 1.13912e+16	8.86e-11	1.57e-06	4.63e-03	2.04e-01	5.56e-01	2.17e-01	1.71e-02	0.00e+00	0.00e+00	5.15e-11	2.70e-11	8.79e-12
 1.16549e+16	1.10e-10	1.86e-06	5.27e-03	2.18e-01	5.57e-01	2.05e-01	1.51e-02	0.00e+00	0.00e+00	6.40e-11	3.35e-11	1.09e-11
 1.19211e+16	1.41e-10	2.24e-06	6.02e-03	2.32e-01	5.57e-01	1.92e-01	1.32e-02	0.00e+00	0.00e+00	8.21e-11	4.30e-11	1.40e-11
 1.22673e+16	2.08e-10	2.94e-06	7.16e-03	2.51e-01	5.55e-01	1.76e-01	1.10e-02	0.00e+00	0.00e+00	1.21e-10	6.33e-11	2.06e-11
 1.26164e+16	2.79e-10	3.68e-06	8.44e-03	2.71e-01	5.51e-01	1.61e-01	9.22e-03	0.00e+00	0.00e+00	1.62e-10	8.49e-11	2.77e-11
 1.28970e+16	3.48e-10	4.37e-06	9.63e-03	2.87e-01	5.47e-01	1.49e-01	7.99e-03	0.00e+00	0.00e+00	2.02e-10	1.06e-10	3.45e-11
 1.31497e+16	4.39e-10	5.19e-06	1.09e-02	3.02e-01	5.41e-01	1.39e-01	6.99e-03	0.00e+00	0.00e+00	2.55e-10	1.34e-10	4.35e-11
 1.34384e+16	5.71e-10	6.32e-06	1.25e-02	3.19e-01	5.34e-01	1.28e-01	5.98e-03	0.00e+00	0.00e+00	3.32e-10	1.74e-10	5.66e-11
 1.37524e+16	8.20e-10	8.13e-06	1.46e-02	3.39e-01	5.25e-01	1.17e-01	5.02e-03	0.00e+00	0.00e+00	4.77e-10	2.50e-10	8.14e-11
 1.40272e+16	1.03e-09	9.69e-06	1.66e-02	3.56e-01	5.15e-01	1.08e-01	4.32e-03	0.00e+00	0.00e+00	5.99e-10	3.14e-10	1.02e-10
 1.42728e+16	1.25e-09	1.13e-05	1.86e-02	3.72e-01	5.06e-01	9.96e-02	3.77e-03	0.00e+00	0.00e+00	7.29e-10	3.82e-10	1.24e-10
 1.45521e+16	1.77e-09	1.43e-05	2.15e-02	3.91e-01	4.93e-01	9.06e-02	3.18e-03	0.00e+00	0.00e+00	1.03e-09	5.39e-10	1.76e-10
 1.48444e+16	2.16e-09	1.70e-05	2.47e-02	4.10e-01	4.80e-01	8.23e-02	2.70e-03	0.00e+00	0.00e+00	1.26e-09	6.60e-10	2.15e-10
 1.51000e+16	3.02e-09	2.14e-05	2.83e-02	4.28e-01	4.66e-01	7.50e-02	2.29e-03	0.00e+00	0.00e+00	1.75e-09	9.20e-10	3.00e-10
 1.53319e+16	3.82e-09	2.55e-05	3.19e-02	4.44e-01	4.53e-01	6.88e-02	1.98e-03	0.00e+00	0.00e+00	2.22e-09	1.17e-09	3.80e-10
 1.55412e+16	4.78e-09	3.00e-05	3.56e-02	4.58e-01	4.41e-01	6.34e-02	1.73e-03	0.00e+00	0.00e+00	2.78e-09	1.46e-09	4.75e-10
 1.57357e+16	5.90e-09	3.51e-05	3.96e-02	4.72e-01	4.29e-01	5.87e-02	1.52e-03	0.00e+00	0.00e+00	3.43e-09	1.80e-09	5.87e-10
 1.59565e+16	7.07e-09	4.07e-05	4.47e-02	4.87e-01	4.14e-01	5.35e-02	1.31e-03	0.00e+00	0.00e+00	4.11e-09	2.16e-09	7.03e-10
 1.62435e+16	1.04e-08	5.36e-05	5.30e-02	5.07e-01	3.92e-01	4.69e-02	1.06e-03	0.00e+00	0.00e+00	6.04e-09	3.17e-09	1.03e-09
 1.65185e+16	1.45e-08	6.84e-05	6.24e-02	5.24e-01	3.71e-01	4.12e-02	8.65e-04	0.00e+00	0.00e+00	8.41e-09	4.41e-09	1.44e-09
 1.67120e+16	1.77e-08	8.01e-05	7.03e-02	5.36e-01	3.55e-01	3.74e-02	7.46e-04	0.00e+00	0.00e+00	1.03e-08	5.41e-09	1.76e-09
 1.68974e+16	2.26e-08	9.62e-05	7.96e-02	5.48e-01	3.38e-01	3.37e-02	6.37e-04	0.00e+00	0.00e+00	1.32e-08	6.91e-09	2.26e-09
 1.71063e+16	3.01e-08	1.19e-04	9.18e-02	5.59e-01	3.18e-01	2.98e-02	5.29e-04	0.00e+00	0.00e+00	1.75e-08	9.20e-09	3.00e-09
 1.72982e+16	4.43e-08	1.55e-04	1.06e-01	5.68e-01	2.99e-01	2.62e-02	4.36e-04	0.00e+00	0.00e+00	2.58e-08	1.35e-08	4.42e-09
 1.74563e+16	5.51e-08	1.83e-04	1.19e-01	5.74e-01	2.82e-01	2.36e-02	3.73e-04	0.00e+00	0.00e+00	3.20e-08	1.68e-08	5.50e-09
 1.76178e+16	6.80e-08	2.16e-04	1.35e-01	5.80e-01	2.64e-01	2.08e-02	3.14e-04	0.00e+00	0.00e+00	3.96e-08	2.08e-08	6.79e-09
 1.77966e+16	9.11e-08	2.69e-04	1.56e-01	5.82e-01	2.43e-01	1.80e-02	2.55e-04	0.00e+00	0.00e+00	5.30e-08	2.79e-08	9.11e-09
 1.79534e+16	1.23e-07	3.34e-04	1.79e-01	5.82e-01	2.23e-01	1.56e-02	2.08e-04	0.00e+00	0.00e+00	7.14e-08	3.75e-08	1.23e-08
 1.80808e+16	1.70e-07	4.19e-04	2.02e-01	5.78e-01	2.06e-01	1.36e-02	1.72e-04	0.00e+00	0.00e+00	9.90e-08	5.20e-08	1.70e-08
 1.81835e+16	2.10e-07	4.87e-04	2.22e-01	5.73e-01	1.92e-01	1.21e-02	1.47e-04	0.00e+00	0.00e+00	1.22e-07	6.42e-08	2.10e-08
 1.82863e+16	2.48e-07	5.56e-04	2.45e-01	5.67e-01	1.77e-01	1.07e-02	1.24e-04	0.00e+00	0.00e+00	1.45e-07	7.60e-08	2.49e-08
 1.84200e+16	3.65e-07	7.24e-04	2.81e-01	5.52e-01	1.57e-01	8.81e-03	9.55e-05	0.00e+00	0.00e+00	2.12e-07	1.12e-07	3.66e-08
 1.85400e+16	4.76e-07	8.79e-04	3.17e-01	5.36e-01	1.39e-01	7.35e-03	7.53e-05	0.00e+00	0.00e+00	2.77e-07	1.46e-07	4.77e-08
 1.86095e+16	5.59e-07	9.87e-04	3.40e-01	5.24e-01	1.28e-01	6.54e-03	6.47e-05	0.00e+00	0.00e+00	3.25e-07	1.71e-07	5.61e-08
 1.86591e+16	6.32e-07	1.08e-03	3.59e-01	5.14e-01	1.21e-01	5.96e-03	5.75e-05	0.00e+00	0.00e+00	3.68e-07	1.93e-07	6.34e-08
 1.87156e+16	6.97e-07	1.16e-03	3.80e-01	5.02e-01	1.12e-01	5.35e-03	5.01e-05	0.00e+00	0.00e+00	4.06e-07	2.14e-07	7.01e-08
 1.87891e+16	8.89e-07	1.37e-03	4.12e-01	4.82e-01	9.98e-02	4.54e-03	4.04e-05	0.00e+00	0.00e+00	5.17e-07	2.72e-07	8.94e-08
 1.88578e+16	1.00e-06	1.50e-03	4.41e-01	4.64e-01	8.96e-02	3.91e-03	3.36e-05	0.00e+00	0.00e+00	5.82e-07	3.06e-07	1.01e-07
 1.89204e+16	1.19e-06	1.70e-03	4.72e-01	4.43e-01	7.98e-02	3.32e-03	2.74e-05	0.00e+00	0.00e+00	6.92e-07	3.65e-07	1.20e-07
 1.89863e+16	1.42e-06	1.92e-03	5.04e-01	4.21e-01	7.02e-02	2.78e-03	2.19e-05	0.00e+00	0.00e+00	8.25e-07	4.35e-07	1.43e-07
 1.90425e+16	1.66e-06	2.14e-03	5.34e-01	4.00e-01	6.22e-02	2.36e-03	1.78e-05	0.00e+00	0.00e+00	9.67e-07	5.10e-07	1.68e-07
 1.90926e+16	1.98e-06	2.39e-03	5.61e-01	3.79e-01	5.53e-02	2.00e-03	1.45e-05	0.00e+00	0.00e+00	1.15e-06	6.06e-07	1.99e-07
 1.91394e+16	2.17e-06	2.56e-03	5.86e-01	3.61e-01	4.94e-02	1.72e-03	1.20e-05	0.00e+00	0.00e+00	1.26e-06	6.66e-07	2.19e-07
 1.91909e+16	2.59e-06	2.86e-03	6.15e-01	3.38e-01	4.28e-02	1.41e-03	9.42e-06	0.00e+00	0.00e+00	1.51e-06	7.95e-07	2.62e-07
 1.92456e+16	2.98e-06	3.15e-03	6.45e-01	3.14e-01	3.67e-02	1.15e-03	7.31e-06	0.00e+00	0.00e+00	1.73e-06	9.15e-07	3.02e-07
 1.93045e+16	3.51e-06	3.49e-03	6.77e-01	2.88e-01	3.06e-02	8.99e-04	5.40e-06	0.00e+00	0.00e+00	2.04e-06	1.08e-06	3.56e-07
 1.93678e+16	4.13e-06	3.87e-03	7.10e-01	2.60e-01	2.49e-02	6.83e-04	3.86e-06	0.00e+00	0.00e+00	2.40e-06	1.27e-06	4.19e-07
 1.94248e+16	4.77e-06	4.24e-03	7.39e-01	2.36e-01	2.04e-02	5.24e-04	2.79e-06	0.00e+00	0.00e+00	2.77e-06	1.46e-06	4.85e-07
 1.94869e+16	5.58e-06	4.67e-03	7.69e-01	2.10e-01	1.61e-02	3.83e-04	1.91e-06	0.00e+00	0.00e+00	3.25e-06	1.72e-06	5.69e-07
