#depth	C	C+	C+2	C+3	C+4	C+5	C+6	C[1]	C[2]	C[3]	C+[1]	C+[2]	CO
 1.49634e+10	1.96e-45	3.24e-34	4.38e-24	1.83e-14	2.56e-04	4.26e-01	5.74e-01	0.00e+00	0.00e+00	0.00e+00	0.00e+00	0.00e+00	7.29e-144
 4.54887e+10	0.00e+00	4.62e-34	5.77e-24	2.23e-14	2.87e-04	4.46e-01	5.54e-01	0.00e+00	0.00e+00	0.00e+00	0.00e+00	0.00e+00	4.84e-188
 7.72350e+10	4.70e-45	6.63e-34	7.65e-24	2.73e-14	3.25e-04	4.65e-01	5.34e-01	0.00e+00	0.00e+00	0.00e+00	0.00e+00	0.00e+00	7.18e-143
 1.10251e+11	0.00e+00	9.52e-34	1.01e-23	3.34e-14	3.67e-04	4.85e-01	5.14e-01	0.00e+00	0.00e+00	0.00e+00	0.00e+00	0.00e+00	2.51e-187
 1.44588e+11	1.13e-44	1.36e-33	1.34e-23	4.08e-14	4.14e-04	5.05e-01	4.95e-01	0.00e+00	0.00e+00	0.00e+00	0.00e+00	0.00e+00	7.11e-142
 1.80298e+11	0.00e+00	1.95e-33	1.78e-23	4.98e-14	4.67e-04	5.25e-01	4.75e-01	0.00e+00	0.00e+00	0.00e+00	0.00e+00	0.00e+00	1.30e-186
 2.17437e+11	2.72e-44	2.80e-33	2.35e-23	6.08e-14	5.26e-04	5.45e-01	4.55e-01	0.00e+00	0.00e+00	0.00e+00	0.00e+00	0.00e+00	7.07e-141
 2.56061e+11	0.00e+00	4.00e-33	3.10e-23	7.41e-14	5.92e-04	5.64e-01	4.35e-01	0.00e+00	0.00e+00	0.00e+00	0.00e+00	0.00e+00	6.75e-186
 2.93425e+11	6.34e-44	5.57e-33	4.01e-23	8.90e-14	6.60e-04	5.83e-01	4.17e-01	0.00e+00	0.00e+00	0.00e+00	0.00e+00	0.00e+00	6.49e-140
 3.27552e+11	0.00e+00	7.48e-33	5.04e-23	1.05e-13	7.26e-04	5.99e-01	4.01e-01	0.00e+00	0.00e+00	0.00e+00	0.00e+00	0.00e+00	3.38e-185
 3.65395e+11	1.34e-43	1.03e-32	6.44e-23	1.25e-13	8.06e-04	6.15e-01	3.84e-01	0.00e+00	0.00e+00	0.00e+00	0.00e+00	0.00e+00	4.61e-139
 4.09483e+11	0.00e+00	1.46e-32	8.45e-23	1.51e-13	9.02e-04	6.34e-01	3.65e-01	0.00e+00	0.00e+00	0.00e+00	0.00e+00	0.00e+00	1.32e-184
 4.53179e+11	3.11e-43	2.04e-32	1.10e-22	1.81e-13	1.00e-03	6.51e-01	3.48e-01	0.00e+00	0.00e+00	0.00e+00	0.00e+00	0.00e+00	4.26e-138
 4.95106e+11	0.00e+00	2.78e-32	1.39e-22	2.15e-13	1.11e-03	6.67e-01	3.32e-01	0.00e+00	0.00e+00	0.00e+00	0.00e+00	0.00e+00	6.41e-184
 5.41319e+11	6.84e-43	3.88e-32	1.80e-22	2.57e-13	1.23e-03	6.83e-01	3.15e-01	0.00e+00	0.00e+00	0.00e+00	0.00e+00	0.00e+00	3.41e-137
 5.92899e+11	0.00e+00	5.52e-32	2.37e-22	3.12e-13	1.38e-03	7.00e-01	2.98e-01	0.00e+00	0.00e+00	0.00e+00	0.00e+00	0.00e+00	2.65e-183
 6.45267e+11	1.62e-42	7.81e-32	3.09e-22	3.76e-13	1.53e-03	7.17e-01	2.82e-01	0.00e+00	0.00e+00	0.00e+00	0.00e+00	0.00e+00	3.32e-136
 6.99730e+11	0.00e+00	1.10e-31	4.04e-22	4.54e-13	1.71e-03	7.32e-01	2.66e-01	0.00e+00	0.00e+00	0.00e+00	0.00e+00	0.00e+00	1.25e-182
 7.57646e+11	3.83e-42	1.57e-31	5.31e-22	5.49e-13	1.91e-03	7.48e-01	2.50e-01	0.00e+00	0.00e+00	0.00e+00	0.00e+00	0.00e+00	3.27e-135
 8.17879e+11	0.00e+00	2.24e-31	6.98e-22	6.64e-13	2.13e-03	7.63e-01	2.35e-01	0.00e+00	0.00e+00	0.00e+00	0.00e+00	0.00e+00	5.50e-182
 8.80521e+11	9.18e-42	3.20e-31	9.17e-22	8.04e-13	2.37e-03	7.77e-01	2.21e-01	0.00e+00	0.00e+00	0.00e+00	0.00e+00	0.00e+00	3.31e-134
 9.45669e+11	0.00e+00	4.56e-31	1.21e-21	9.72e-13	2.64e-03	7.90e-01	2.07e-01	0.00e+00	0.00e+00	0.00e+00	0.00e+00	0.00e+00	2.22e-181
 1.01342e+12	2.20e-41	6.51e-31	1.58e-21	1.18e-12	2.94e-03	8.03e-01	1.94e-01	0.00e+00	0.00e+00	0.00e+00	0.00e+00	0.00e+00	3.37e-133
 1.08389e+12	0.00e+00	9.29e-31	2.08e-21	1.42e-12	3.27e-03	8.16e-01	1.81e-01	0.00e+00	0.00e+00	0.00e+00	0.00e+00	0.00e+00	6.52e-181
 1.14996e+12	5.07e-41	1.28e-30	2.66e-21	1.68e-12	3.60e-03	8.26e-01	1.70e-01	0.00e+00	0.00e+00	0.00e+00	0.00e+00	0.00e+00	3.09e-132
 1.20875e+12	0.00e+00	1.69e-30	3.29e-21	1.95e-12	3.91e-03	8.35e-01	1.61e-01	0.00e+00	0.00e+00	0.00e+00	0.00e+00	0.00e+00	2.23e-181
 1.27463e+12	1.04e-40	2.29e-30	4.16e-21	2.30e-12	4.28e-03	8.44e-01	1.52e-01	0.00e+00	0.00e+00	0.00e+00	0.00e+00	0.00e+00	2.06e-131
 1.35307e+12	0.00e+00	3.23e-30	5.42e-21	2.76e-12	4.74e-03	8.53e-01	1.42e-01	0.00e+00	0.00e+00	0.00e+00	0.00e+00	0.00e+00	0.00e+00
 1.43208e+12	2.41e-40	4.52e-30	7.02e-21	3.29e-12	5.24e-03	8.62e-01	1.32e-01	0.00e+00	0.00e+00	0.00e+00	0.00e+00	0.00e+00	1.93e-130
 1.50581e+12	0.00e+00	6.12e-30	8.85e-21	3.87e-12	5.73e-03	8.70e-01	1.24e-01	0.00e+00	0.00e+00	0.00e+00	0.00e+00	0.00e+00	0.00e+00
 1.58754e+12	5.26e-40	8.49e-30	1.14e-20	4.60e-12	6.31e-03	8.78e-01	1.16e-01	0.00e+00	0.00e+00	0.00e+00	0.00e+00	0.00e+00	1.52e-129
 1.68096e+12	0.00e+00	1.22e-29	1.50e-20	5.56e-12	7.00e-03	8.85e-01	1.08e-01	0.00e+00	0.00e+00	0.00e+00	0.00e+00	0.00e+00	0.00e+00
 1.77365e+12	1.25e-39	1.71e-29	1.95e-20	6.66e-12	7.73e-03	8.92e-01	1.00e-01	0.00e+00	0.00e+00	0.00e+00	0.00e+00	0.00e+00	1.53e-128
 1.87004e+12	0.00e+00	2.42e-29	2.54e-20	7.99e-12	8.54e-03	8.99e-01	9.29e-02	0.00e+00	0.00e+00	0.00e+00	0.00e+00	0.00e+00	0.00e+00
 1.97477e+12	3.01e-39	3.48e-29	3.36e-20	9.66e-12	9.48e-03	9.05e-01	8.58e-02	0.00e+00	0.00e+00	0.00e+00	0.00e+00	0.00e+00	1.56e-127
 2.08126e+12	0.00e+00	4.96e-29	4.40e-20	1.16e-11	1.05e-02	9.10e-01	7.93e-02	0.00e+00	0.00e+00	0.00e+00	0.00e+00	0.00e+00	0.00e+00
 2.18028e+12	6.92e-39	6.81e-29	5.61e-20	1.37e-11	1.15e-02	9.15e-01	7.39e-02	0.00e+00	0.00e+00	0.00e+00	0.00e+00	0.00e+00	1.42e-126
 2.27169e+12	0.00e+00	9.07e-29	6.99e-20	1.59e-11	1.24e-02	9.18e-01	6.93e-02	0.00e+00	0.00e+00	0.00e+00	0.00e+00	0.00e+00	0.00e+00
 2.37626e+12	1.46e-38	1.25e-28	8.92e-20	1.88e-11	1.36e-02	9.22e-01	6.45e-02	0.00e+00	0.00e+00	0.00e+00	0.00e+00	0.00e+00	1.03e-125
 2.49904e+12	0.00e+00	1.79e-28	1.17e-19	2.27e-11	1.51e-02	9.26e-01	5.94e-02	0.00e+00	0.00e+00	0.00e+00	0.00e+00	0.00e+00	0.00e+00
 2.62073e+12	3.50e-38	2.52e-28	1.53e-19	2.72e-11	1.66e-02	9.29e-01	5.49e-02	0.00e+00	0.00e+00	0.00e+00	0.00e+00	0.00e+00	1.03e-124
 2.73454e+12	0.00e+00	3.44e-28	1.94e-19	3.20e-11	1.81e-02	9.31e-01	5.10e-02	0.00e+00	0.00e+00	0.00e+00	0.00e+00	0.00e+00	0.00e+00
 2.86111e+12	7.82e-38	4.81e-28	2.51e-19	3.80e-11	1.99e-02	9.33e-01	4.72e-02	0.00e+00	0.00e+00	0.00e+00	0.00e+00	0.00e+00	8.57e-124
 3.00548e+12	0.00e+00	6.96e-28	3.33e-19	4.61e-11	2.20e-02	9.35e-01	4.32e-02	0.00e+00	0.00e+00	0.00e+00	0.00e+00	0.00e+00	0.00e+00
 3.14762e+12	1.91e-37	9.88e-28	4.35e-19	5.53e-11	2.42e-02	9.36e-01	3.97e-02	0.00e+00	0.00e+00	0.00e+00	0.00e+00	0.00e+00	9.07e-123
 3.29544e+12	0.00e+00	1.41e-27	5.70e-19	6.64e-11	2.66e-02	9.37e-01	3.65e-02	0.00e+00	0.00e+00	0.00e+00	0.00e+00	0.00e+00	0.00e+00
 3.45718e+12	4.70e-37	2.04e-27	7.58e-19	8.05e-11	2.95e-02	9.37e-01	3.33e-02	0.00e+00	0.00e+00	0.00e+00	0.00e+00	0.00e+00	9.68e-122
 3.61975e+12	0.00e+00	2.92e-27	9.99e-19	9.70e-11	3.25e-02	9.37e-01	3.05e-02	0.00e+00	0.00e+00	0.00e+00	0.00e+00	0.00e+00	0.00e+00
 3.78881e+12	1.15e-36	4.20e-27	1.32e-18	1.17e-10	3.58e-02	9.36e-01	2.78e-02	0.00e+00	0.00e+00	0.00e+00	0.00e+00	0.00e+00	1.02e-120
 3.97029e+12	0.00e+00	6.10e-27	1.76e-18	1.42e-10	3.96e-02	9.35e-01	2.53e-02	0.00e+00	0.00e+00	0.00e+00	0.00e+00	0.00e+00	0.00e+00
 4.15036e+12	2.86e-36	8.73e-27	2.31e-18	1.71e-10	4.35e-02	9.33e-01	2.31e-02	0.00e+00	0.00e+00	0.00e+00	0.00e+00	0.00e+00	1.12e-119
 4.33764e+12	0.00e+00	1.25e-26	3.04e-18	2.06e-10	4.79e-02	9.31e-01	2.11e-02	0.00e+00	0.00e+00	0.00e+00	0.00e+00	0.00e+00	0.00e+00
 4.54107e+12	7.13e-36	1.82e-26	4.06e-18	2.50e-10	5.28e-02	9.28e-01	1.91e-02	0.00e+00	0.00e+00	0.00e+00	0.00e+00	0.00e+00	1.22e-118
 4.75264e+12	0.00e+00	2.65e-26	5.42e-18	3.03e-10	5.83e-02	9.24e-01	1.73e-02	0.00e+00	0.00e+00	0.00e+00	0.00e+00	0.00e+00	0.00e+00
 4.97267e+12	1.81e-35	3.86e-26	7.24e-18	3.68e-10	6.43e-02	9.20e-01	1.57e-02	0.00e+00	0.00e+00	0.00e+00	0.00e+00	0.00e+00	1.41e-117
 5.20151e+12	0.00e+00	5.62e-26	9.68e-18	4.47e-10	7.09e-02	9.15e-01	1.41e-02	0.00e+00	0.00e+00	0.00e+00	0.00e+00	0.00e+00	0.00e+00
 5.40798e+12	4.34e-35	7.80e-26	1.25e-17	5.30e-10	7.71e-02	9.10e-01	1.29e-02	0.00e+00	0.00e+00	0.00e+00	0.00e+00	0.00e+00	1.39e-116
 5.57920e+12	0.00e+00	1.01e-25	1.52e-17	6.07e-10	8.25e-02	9.06e-01	1.20e-02	0.00e+00	0.00e+00	0.00e+00	0.00e+00	0.00e+00	9.99e-100
 5.76643e+12	8.48e-35	1.34e-25	1.89e-17	7.01e-10	8.85e-02	9.00e-01	1.11e-02	0.00e+00	0.00e+00	0.00e+00	0.00e+00	0.00e+00	0.00e+00
 6.00467e+12	1.30e-34	1.89e-25	2.46e-17	8.37e-10	9.66e-02	8.93e-01	1.01e-02	0.00e+00	0.00e+00	0.00e+00	0.00e+00	0.00e+00	2.43e-115
 6.25370e+12	1.99e-34	2.66e-25	3.22e-17	1.00e-09	1.05e-01	8.86e-01	9.13e-03	0.00e+00	0.00e+00	0.00e+00	0.00e+00	0.00e+00	3.42e-97
 6.47330e+12	2.85e-34	3.56e-25	4.03e-17	1.16e-09	1.13e-01	8.78e-01	8.38e-03	0.00e+00	0.00e+00	0.00e+00	0.00e+00	0.00e+00	0.00e+00
 6.67644e+12	3.94e-34	4.63e-25	4.94e-17	1.33e-09	1.21e-01	8.71e-01	7.75e-03	0.00e+00	0.00e+00	0.00e+00	0.00e+00	0.00e+00	4.49e-114
 6.90684e+12	5.62e-34	6.16e-25	6.17e-17	1.55e-09	1.30e-01	8.63e-01	7.11e-03	0.00e+00	0.00e+00	0.00e+00	0.00e+00	0.00e+00	3.33e-96
 7.19277e+12	8.58e-34	8.68e-25	8.06e-17	1.85e-09	1.41e-01	8.52e-01	6.40e-03	0.00e+00	0.00e+00	0.00e+00	0.00e+00	0.00e+00	0.00e+00
 7.47842e+12	1.29e-33	1.20e-24	1.04e-16	2.19e-09	1.53e-01	8.41e-01	5.77e-03	0.00e+00	0.00e+00	0.00e+00	0.00e+00	0.00e+00	1.01e-112
 7.72299e+12	1.80e-33	1.58e-24	1.28e-16	2.52e-09	1.63e-01	8.31e-01	5.30e-03	0.00e+00	0.00e+00	0.00e+00	0.00e+00	0.00e+00	4.18e-95
 7.98664e+12	2.53e-33	2.09e-24	1.59e-16	2.92e-09	1.75e-01	8.20e-01	4.84e-03	0.00e+00	0.00e+00	0.00e+00	0.00e+00	0.00e+00	6.06e-112
 8.31333e+12	3.82e-33	2.91e-24	2.07e-16	3.47e-09	1.89e-01	8.07e-01	4.34e-03	0.00e+00	0.00e+00	0.00e+00	0.00e+00	0.00e+00	2.18e-94
 8.64928e+12	5.72e-33	4.03e-24	2.67e-16	4.11e-09	2.04e-01	7.92e-01	3.89e-03	0.00e+00	0.00e+00	0.00e+00	0.00e+00	0.00e+00	5.27e-111
 8.95262e+12	8.10e-33	5.34e-24	3.33e-16	4.75e-09	2.18e-01	7.78e-01	3.53e-03	0.00e+00	0.00e+00	0.00e+00	0.00e+00	0.00e+00	1.12e-93
 9.28628e+12	1.17e-32	7.19e-24	4.19e-16	5.54e-09	2.33e-01	7.64e-01	3.18e-03	0.00e+00	0.00e+00	0.00e+00	0.00e+00	0.00e+00	3.56e-110
 9.67933e+12	1.76e-32	1.00e-23	5.44e-16	6.58e-09	2.52e-01	7.46e-01	2.82e-03	0.00e+00	0.00e+00	0.00e+00	0.00e+00	0.00e+00	6.16e-93
 1.00723e+13	2.60e-32	1.38e-23	6.97e-16	7.76e-09	2.70e-01	7.28e-01	2.51e-03	0.00e+00	0.00e+00	0.00e+00	0.00e+00	0.00e+00	3.10e-109
 1.04457e+13	3.71e-32	1.84e-23	8.73e-16	8.99e-09	2.87e-01	7.10e-01	2.25e-03	0.00e+00	0.00e+00	0.00e+00	0.00e+00	0.00e+00	3.18e-92
 1.08582e+13	5.39e-32	2.48e-23	1.11e-15	1.05e-08	3.07e-01	6.91e-01	2.00e-03	0.00e+00	0.00e+00	0.00e+00	0.00e+00	0.00e+00	2.25e-108
 1.13224e+13	8.04e-32	3.44e-23	1.42e-15	1.24e-08	3.28e-01	6.70e-01	1.76e-03	0.00e+00	0.00e+00	0.00e+00	0.00e+00	0.00e+00	1.76e-91
 1.17866e+13	1.17e-31	4.67e-23	1.81e-15	1.45e-08	3.49e-01	6.49e-01	1.56e-03	0.00e+00	0.00e+00	0.00e+00	0.00e+00	0.00e+00	1.92e-107
 1.21977e+13	1.62e-31	6.05e-23	2.21e-15	1.65e-08	3.68e-01	6.31e-01	1.40e-03	0.00e+00	0.00e+00	0.00e+00	0.00e+00	0.00e+00	8.41e-91
 1.25426e+13	2.09e-31	7.46e-23	2.61e-15	1.84e-08	3.83e-01	6.16e-01	1.28e-03	0.00e+00	0.00e+00	0.00e+00	0.00e+00	0.00e+00	9.61e-107
 1.29138e+13	2.74e-31	9.27e-23	3.08e-15	2.05e-08	3.99e-01	5.99e-01	1.17e-03	0.00e+00	0.00e+00	0.00e+00	0.00e+00	0.00e+00	2.75e-90
 1.33963e+13	3.82e-31	1.21e-22	3.81e-15	2.34e-08	4.20e-01	5.79e-01	1.03e-03	0.00e+00	0.00e+00	0.00e+00	0.00e+00	0.00e+00	5.23e-106
 1.39012e+13	5.34e-31	1.59e-22	4.70e-15	2.68e-08	4.41e-01	5.58e-01	9.16e-04	0.00e+00	0.00e+00	0.00e+00	0.00e+00	0.00e+00	1.25e-89
 1.43320e+13	7.01e-31	1.98e-22	5.57e-15	2.99e-08	4.59e-01	5.40e-01	8.27e-04	0.00e+00	0.00e+00	0.00e+00	0.00e+00	0.00e+00	2.93e-105
 1.47889e+13	9.26e-31	2.48e-22	6.63e-15	3.34e-08	4.77e-01	5.22e-01	7.45e-04	0.00e+00	0.00e+00	0.00e+00	0.00e+00	0.00e+00	4.42e-89
 1.53631e+13	1.29e-30	3.25e-22	8.17e-15	3.82e-08	4.99e-01	5.00e-01	6.54e-04	0.00e+00	0.00e+00	0.00e+00	0.00e+00	0.00e+00	1.71e-104
 1.59542e+13	1.80e-30	4.24e-22	1.00e-14	4.35e-08	5.21e-01	4.79e-01	5.74e-04	0.00e+00	0.00e+00	0.00e+00	0.00e+00	0.00e+00	2.04e-88
 1.64756e+13	2.37e-30	5.30e-22	1.19e-14	4.84e-08	5.39e-01	4.60e-01	5.13e-04	0.00e+00	0.00e+00	0.00e+00	0.00e+00	0.00e+00	9.94e-104
 1.70418e+13	3.17e-30	6.69e-22	1.43e-14	5.42e-08	5.58e-01	4.41e-01	4.56e-04	0.00e+00	0.00e+00	0.00e+00	0.00e+00	0.00e+00	7.66e-88
 1.76666e+13	4.30e-30	8.55e-22	1.72e-14	6.10e-08	5.79e-01	4.21e-01	4.01e-04	0.00e+00	0.00e+00	0.00e+00	0.00e+00	0.00e+00	5.71e-103
 1.82421e+13	5.63e-30	1.06e-21	2.03e-14	6.76e-08	5.96e-01	4.03e-01	3.57e-04	0.00e+00	0.00e+00	0.00e+00	0.00e+00	0.00e+00	2.96e-87
 1.88649e+13	7.45e-30	1.33e-21	2.42e-14	7.52e-08	6.15e-01	3.85e-01	3.16e-04	0.00e+00	0.00e+00	0.00e+00	0.00e+00	0.00e+00	2.93e-102
 1.95596e+13	1.01e-29	1.69e-21	2.90e-14	8.42e-08	6.34e-01	3.66e-01	2.77e-04	0.00e+00	0.00e+00	0.00e+00	0.00e+00	0.00e+00	1.17e-86
 2.02106e+13	1.32e-29	2.10e-21	3.42e-14	9.31e-08	6.51e-01	3.49e-01	2.45e-04	0.00e+00	0.00e+00	0.00e+00	0.00e+00	0.00e+00	1.62e-101
 2.09196e+13	1.74e-29	2.63e-21	4.06e-14	1.03e-07	6.69e-01	3.31e-01	2.16e-04	0.00e+00	0.00e+00	0.00e+00	0.00e+00	0.00e+00	4.41e-86
 2.17073e+13	2.35e-29	3.34e-21	4.88e-14	1.15e-07	6.87e-01	3.13e-01	1.88e-04	0.00e+00	0.00e+00	0.00e+00	0.00e+00	0.00e+00	9.46e-101
 2.24426e+13	3.08e-29	4.13e-21	5.73e-14	1.27e-07	7.03e-01	2.97e-01	1.65e-04	0.00e+00	0.00e+00	0.00e+00	0.00e+00	0.00e+00	1.75e-85
 2.32437e+13	4.07e-29	5.17e-21	6.79e-14	1.41e-07	7.19e-01	2.81e-01	1.45e-04	0.00e+00	0.00e+00	0.00e+00	0.00e+00	0.00e+00	5.11e-100
 2.41395e+13	5.49e-29	6.56e-21	8.13e-14	1.57e-07	7.36e-01	2.64e-01	1.25e-04	0.00e+00	0.00e+00	0.00e+00	0.00e+00	0.00e+00	7.26e-85
 2.49845e+13	7.21e-29	8.15e-21	9.57e-14	1.73e-07	7.50e-01	2.50e-01	1.09e-04	0.00e+00	0.00e+00	0.00e+00	0.00e+00	0.00e+00	3.02e-99
 2.59091e+13	9.60e-29	1.02e-20	1.13e-13	1.91e-07	7.65e-01	2.35e-01	9.50e-05	0.00e+00	0.00e+00	0.00e+00	0.00e+00	0.00e+00	2.91e-84
 2.69447e+13	1.30e-28	1.30e-20	1.36e-13	2.13e-07	7.80e-01	2.19e-01	8.14e-05	0.00e+00	0.00e+00	0.00e+00	0.00e+00	0.00e+00	1.93e-98
 2.79263e+13	1.72e-28	1.62e-20	1.60e-13	2.34e-07	7.94e-01	2.06e-01	7.08e-05	0.00e+00	0.00e+00	0.00e+00	0.00e+00	0.00e+00	1.26e-83
 2.89778e+13	2.29e-28	2.04e-20	1.90e-13	2.58e-07	8.07e-01	1.93e-01	6.12e-05	0.00e+00	0.00e+00	0.00e+00	0.00e+00	0.00e+00	1.15e-97
 3.01668e+13	3.12e-28	2.60e-20	2.27e-13	2.87e-07	8.20e-01	1.80e-01	5.21e-05	0.00e+00	0.00e+00	0.00e+00	0.00e+00	0.00e+00	5.70e-83
 3.13450e+13	4.20e-28	3.28e-20	2.70e-13	3.16e-07	8.32e-01	1.68e-01	4.48e-05	0.00e+00	0.00e+00	0.00e+00	0.00e+00	0.00e+00	7.93e-97
 3.25704e+13	5.63e-28	4.14e-20	3.20e-13	3.48e-07	8.43e-01	1.57e-01	3.84e-05	0.00e+00	0.00e+00	0.00e+00	0.00e+00	0.00e+00	2.58e-82
 3.39031e+13	7.67e-28	5.27e-20	3.82e-13	3.85e-07	8.54e-01	1.46e-01	3.28e-05	0.00e+00	0.00e+00	0.00e+00	0.00e+00	0.00e+00	5.50e-96
 3.52892e+13	1.04e-27	6.69e-20	4.55e-13	4.25e-07	8.65e-01	1.35e-01	2.79e-05	0.00e+00	0.00e+00	0.00e+00	0.00e+00	0.00e+00	1.27e-81
 3.65945e+13	1.37e-27	8.32e-20	5.32e-13	4.64e-07	8.74e-01	1.26e-01	2.41e-05	0.00e+00	0.00e+00	0.00e+00	0.00e+00	0.00e+00	3.61e-95
 3.77683e+13	1.75e-27	1.00e-19	6.10e-13	5.01e-07	8.81e-01	1.19e-01	2.12e-05	0.00e+00	0.00e+00	0.00e+00	0.00e+00	0.00e+00	4.93e-81
 3.88770e+13	2.18e-27	1.19e-19	6.91e-13	5.36e-07	8.87e-01	1.13e-01	1.89e-05	0.00e+00	0.00e+00	0.00e+00	0.00e+00	0.00e+00	1.61e-94
 4.01045e+13	2.77e-27	1.43e-19	7.88e-13	5.77e-07	8.94e-01	1.06e-01	1.67e-05	0.00e+00	0.00e+00	0.00e+00	0.00e+00	0.00e+00	1.65e-80
 4.14819e+13	3.58e-27	1.75e-19	9.10e-13	6.24e-07	9.00e-01	9.96e-02	1.46e-05	0.00e+00	0.00e+00	0.00e+00	0.00e+00	0.00e+00	8.10e-94
 4.27905e+13	4.54e-27	2.11e-19	1.04e-12	6.71e-07	9.06e-01	9.38e-02	1.29e-05	0.00e+00	0.00e+00	0.00e+00	0.00e+00	0.00e+00	6.14e-80
 4.42280e+13	5.85e-27	2.56e-19	1.19e-12	7.24e-07	9.12e-01	8.81e-02	1.13e-05	0.00e+00	0.00e+00	0.00e+00	0.00e+00	0.00e+00	3.99e-93
 4.58362e+13	7.70e-27	3.17e-19	1.39e-12	7.85e-07	9.18e-01	8.23e-02	9.78e-06	0.00e+00	0.00e+00	0.00e+00	0.00e+00	0.00e+00	2.51e-79
 4.73279e+13	9.83e-27	3.83e-19	1.58e-12	8.44e-07	9.23e-01	7.73e-02	8.59e-06	0.00e+00	0.00e+00	0.00e+00	0.00e+00	0.00e+00	2.17e-92
 4.87092e+13	1.23e-26	4.54e-19	1.79e-12	9.00e-07	9.27e-01	7.32e-02	7.66e-06	0.00e+00	0.00e+00	0.00e+00	0.00e+00	0.00e+00	8.73e-79
 5.02852e+13	1.57e-26	5.49e-19	2.04e-12	9.65e-07	9.31e-01	6.89e-02	6.75e-06	0.00e+00	0.00e+00	0.00e+00	0.00e+00	0.00e+00	9.99e-92
 5.22145e+13	2.09e-26	6.85e-19	2.38e-12	1.05e-06	9.36e-01	6.40e-02	5.80e-06	0.00e+00	0.00e+00	0.00e+00	0.00e+00	0.00e+00	3.66e-78
 5.41279e+13	2.77e-26	8.48e-19	2.76e-12	1.14e-06	9.40e-01	5.97e-02	5.03e-06	0.00e+00	0.00e+00	0.00e+00	0.00e+00	0.00e+00	6.36e-91
 5.58007e+13	3.50e-26	1.02e-18	3.13e-12	1.21e-06	9.44e-01	5.63e-02	4.45e-06	0.00e+00	0.00e+00	0.00e+00	0.00e+00	0.00e+00	1.47e-77
 5.76360e+13	4.50e-26	1.23e-18	3.57e-12	1.30e-06	9.47e-01	5.29e-02	3.92e-06	0.00e+00	0.00e+00	0.00e+00	0.00e+00	0.00e+00	3.10e-90
 5.98617e+13	6.04e-26	1.54e-18	4.17e-12	1.41e-06	9.51e-01	4.92e-02	3.37e-06	0.00e+00	0.00e+00	0.00e+00	0.00e+00	0.00e+00	6.48e-77
 6.21078e+13	8.04e-26	1.92e-18	4.85e-12	1.53e-06	9.54e-01	4.58e-02	2.91e-06	0.00e+00	0.00e+00	0.00e+00	0.00e+00	0.00e+00	2.06e-89
 6.41439e+13	1.03e-25	2.32e-18	5.53e-12	1.63e-06	9.57e-01	4.30e-02	2.56e-06	0.00e+00	0.00e+00	0.00e+00	0.00e+00	0.00e+00	2.78e-76
 6.63946e+13	1.36e-25	2.85e-18	6.35e-12	1.75e-06	9.60e-01	4.02e-02	2.24e-06	0.00e+00	0.00e+00	0.00e+00	0.00e+00	0.00e+00	5.85e-76
 6.90349e+13	1.84e-25	3.59e-18	7.44e-12	1.90e-06	9.63e-01	3.73e-02	1.92e-06	0.00e+00	0.00e+00	0.00e+00	0.00e+00	0.00e+00	1.35e-75
 7.16507e+13	2.46e-25	4.48e-18	8.64e-12	2.06e-06	9.65e-01	3.47e-02	1.66e-06	0.00e+00	0.00e+00	0.00e+00	0.00e+00	0.00e+00	2.99e-75
 7.41158e+13	3.21e-25	5.48e-18	9.90e-12	2.21e-06	9.67e-01	3.25e-02	1.45e-06	0.00e+00	0.00e+00	0.00e+00	0.00e+00	0.00e+00	6.17e-75
 7.68550e+13	4.27e-25	6.79e-18	1.15e-11	2.38e-06	9.70e-01	3.03e-02	1.26e-06	0.00e+00	0.00e+00	0.00e+00	0.00e+00	0.00e+00	1.35e-74
 7.99591e+13	5.85e-25	8.60e-18	1.34e-11	2.58e-06	9.72e-01	2.81e-02	1.08e-06	0.00e+00	0.00e+00	0.00e+00	0.00e+00	0.00e+00	3.18e-74
 8.30790e+13	7.92e-25	1.08e-17	1.57e-11	2.78e-06	9.74e-01	2.61e-02	9.28e-07	0.00e+00	0.00e+00	0.00e+00	0.00e+00	0.00e+00	7.34e-74
 8.63238e+13	1.07e-24	1.36e-17	1.83e-11	3.01e-06	9.76e-01	2.42e-02	0.00e+00	0.00e+00	0.00e+00	0.00e+00	0.00e+00	0.00e+00	1.69e-73
 8.98067e+13	1.47e-24	1.72e-17	2.14e-11	3.26e-06	9.78e-01	2.24e-02	0.00e+00	0.00e+00	0.00e+00	0.00e+00	0.00e+00	0.00e+00	3.98e-73
 9.34289e+13	2.00e-24	2.18e-17	2.50e-11	3.53e-06	9.79e-01	2.08e-02	0.00e+00	0.00e+00	0.00e+00	0.00e+00	0.00e+00	0.00e+00	9.41e-73
 9.69265e+13	2.68e-24	2.71e-17	2.90e-11	3.80e-06	9.81e-01	1.94e-02	0.00e+00	0.00e+00	0.00e+00	0.00e+00	0.00e+00	0.00e+00	2.09e-72
 1.00203e+14	3.49e-24	3.30e-17	3.31e-11	4.06e-06	9.82e-01	1.81e-02	0.00e+00	0.00e+00	0.00e+00	0.00e+00	0.00e+00	0.00e+00	4.30e-72
 1.03291e+14	4.45e-24	3.96e-17	3.73e-11	4.31e-06	9.83e-01	1.71e-02	0.00e+00	0.00e+00	0.00e+00	0.00e+00	0.00e+00	0.00e+00	8.44e-72
 1.06657e+14	5.70e-24	4.78e-17	4.25e-11	4.60e-06	9.84e-01	1.61e-02	0.00e+00	0.00e+00	0.00e+00	0.00e+00	1.54e-17	3.24e-17	1.67e-71
 1.10379e+14	7.50e-24	5.87e-17	4.87e-11	4.92e-06	9.85e-01	1.50e-02	0.00e+00	0.00e+00	0.00e+00	0.00e+00	1.95e-17	3.92e-17	3.55e-71
 1.13881e+14	9.63e-24	7.08e-17	5.51e-11	5.24e-06	9.86e-01	1.42e-02	0.00e+00	0.00e+00	0.00e+00	0.00e+00	2.35e-17	4.73e-17	7.07e-71
 1.17753e+14	1.25e-23	8.64e-17	6.30e-11	5.60e-06	9.87e-01	1.33e-02	0.00e+00	0.00e+00	0.00e+00	0.00e+00	2.87e-17	5.77e-17	1.46e-70
 1.22093e+14	1.66e-23	1.07e-16	7.27e-11	6.02e-06	9.88e-01	1.24e-02	0.00e+00	0.00e+00	0.00e+00	0.00e+00	3.55e-17	7.14e-17	3.17e-70
 1.26217e+14	2.17e-23	1.31e-16	8.30e-11	6.43e-06	9.88e-01	1.16e-02	0.00e+00	0.00e+00	0.00e+00	0.00e+00	4.33e-17	8.72e-17	6.63e-70
 1.30753e+14	2.85e-23	1.60e-16	9.55e-11	6.91e-06	9.89e-01	1.08e-02	0.00e+00	0.00e+00	0.00e+00	0.00e+00	5.32e-17	1.07e-16	1.40e-69
 1.35839e+14	3.87e-23	2.02e-16	1.11e-10	7.45e-06	9.90e-01	1.00e-02	0.00e+00	0.00e+00	0.00e+00	0.00e+00	6.69e-17	1.35e-16	3.26e-69
 1.40735e+14	5.07e-23	2.47e-16	1.28e-10	8.01e-06	9.91e-01	9.33e-03	0.00e+00	0.00e+00	0.00e+00	0.00e+00	8.21e-17	1.65e-16	6.82e-69
 1.45986e+14	6.78e-23	3.08e-16	1.48e-10	8.61e-06	9.91e-01	8.69e-03	0.00e+00	0.00e+00	0.00e+00	0.00e+00	1.02e-16	2.06e-16	1.52e-68
 1.51856e+14	9.24e-23	3.89e-16	1.74e-10	9.32e-06	9.92e-01	8.04e-03	0.00e+00	0.00e+00	0.00e+00	0.00e+00	1.29e-16	2.60e-16	3.58e-68
 1.57276e+14	1.21e-22	4.77e-16	2.00e-10	1.00e-05	9.92e-01	7.49e-03	0.00e+00	0.00e+00	0.00e+00	0.00e+00	1.58e-16	3.19e-16	7.45e-68
 1.61958e+14	1.52e-22	5.68e-16	2.24e-10	1.06e-05	9.93e-01	7.07e-03	0.00e+00	0.00e+00	0.00e+00	0.00e+00	1.89e-16	3.80e-16	1.42e-67
 1.67142e+14	1.94e-22	6.82e-16	2.55e-10	1.13e-05	9.93e-01	6.63e-03	0.00e+00	0.00e+00	0.00e+00	0.00e+00	2.26e-16	4.55e-16	2.72e-67
 1.73488e+14	2.60e-22	8.52e-16	2.96e-10	1.22e-05	9.94e-01	6.17e-03	0.00e+00	0.00e+00	0.00e+00	0.00e+00	2.83e-16	5.70e-16	6.18e-67
 1.79933e+14	3.43e-22	1.05e-15	3.43e-10	1.31e-05	9.94e-01	5.73e-03	0.00e+00	0.00e+00	0.00e+00	0.00e+00	3.49e-16	7.03e-16	1.31e-66
 1.85718e+14	4.40e-22	1.27e-15	3.89e-10	1.40e-05	9.95e-01	5.38e-03	0.00e+00	0.00e+00	0.00e+00	0.00e+00	4.21e-16	8.49e-16	2.62e-66
 1.92057e+14	5.67e-22	1.54e-15	4.45e-10	1.50e-05	9.95e-01	5.02e-03	0.00e+00	0.00e+00	0.00e+00	0.00e+00	5.11e-16	1.03e-15	5.21e-66
 1.99568e+14	7.66e-22	1.94e-15	5.19e-10	1.62e-05	9.95e-01	4.65e-03	0.00e+00	0.00e+00	0.00e+00	0.00e+00	6.42e-16	1.29e-15	1.20e-65
 2.06978e+14	1.01e-21	2.38e-15	6.01e-10	1.75e-05	9.96e-01	4.32e-03	0.00e+00	0.00e+00	0.00e+00	0.00e+00	7.91e-16	1.59e-15	2.53e-65
 2.13732e+14	1.29e-21	2.87e-15	6.84e-10	1.86e-05	9.96e-01	4.05e-03	0.00e+00	0.00e+00	0.00e+00	0.00e+00	9.53e-16	1.92e-15	4.97e-65
 2.21260e+14	1.68e-21	3.52e-15	7.87e-10	2.00e-05	9.96e-01	3.78e-03	0.00e+00	0.00e+00	0.00e+00	0.00e+00	1.17e-15	2.35e-15	1.03e-64
 2.30039e+14	2.27e-21	4.43e-15	9.19e-10	2.16e-05	9.96e-01	3.49e-03	0.00e+00	0.00e+00	0.00e+00	0.00e+00	1.47e-15	2.96e-15	2.39e-64
 2.38697e+14	2.99e-21	5.46e-15	1.07e-09	2.34e-05	9.97e-01	3.24e-03	0.00e+00	0.00e+00	0.00e+00	0.00e+00	1.81e-15	3.65e-15	5.06e-64
 2.46861e+14	3.88e-21	6.67e-15	1.22e-09	2.50e-05	9.97e-01	3.03e-03	0.00e+00	0.00e+00	0.00e+00	0.00e+00	2.21e-15	4.46e-15	1.04e-63
 2.55925e+14	5.04e-21	8.15e-15	1.41e-09	2.69e-05	9.97e-01	2.81e-03	0.00e+00	0.00e+00	0.00e+00	0.00e+00	2.70e-15	5.45e-15	2.14e-63
 2.66192e+14	6.82e-21	1.02e-14	1.65e-09	2.92e-05	9.97e-01	2.60e-03	0.00e+00	0.00e+00	0.00e+00	0.00e+00	3.40e-15	6.85e-15	4.90e-63
 2.76460e+14	9.11e-21	1.28e-14	1.92e-09	3.15e-05	9.98e-01	2.41e-03	0.00e+00	0.00e+00	0.00e+00	0.00e+00	4.24e-15	8.57e-15	1.10e-62
 2.86087e+14	1.18e-20	1.56e-14	2.21e-09	3.37e-05	9.98e-01	2.25e-03	0.00e+00	0.00e+00	0.00e+00	0.00e+00	5.16e-15	1.04e-14	2.22e-62
 2.96507e+14	1.52e-20	1.90e-14	2.55e-09	3.63e-05	9.98e-01	2.09e-03	0.00e+00	0.00e+00	0.00e+00	0.00e+00	6.30e-15	1.27e-14	4.53e-62
 3.08131e+14	2.05e-20	2.39e-14	2.97e-09	3.92e-05	9.98e-01	1.93e-03	0.00e+00	0.00e+00	0.00e+00	0.00e+00	7.90e-15	1.60e-14	1.03e-61
 3.18996e+14	2.62e-20	2.88e-14	3.41e-09	4.21e-05	9.98e-01	1.80e-03	0.00e+00	0.00e+00	0.00e+00	0.00e+00	9.55e-15	1.93e-14	2.03e-61
 3.29057e+14	3.34e-20	3.47e-14	3.86e-09	4.48e-05	9.98e-01	1.69e-03	0.00e+00	0.00e+00	0.00e+00	0.00e+00	1.15e-14	2.32e-14	3.98e-61
 3.38720e+14	4.10e-20	4.06e-14	4.34e-09	4.76e-05	9.98e-01	1.59e-03	0.00e+00	0.00e+00	0.00e+00	0.00e+00	1.34e-14	2.72e-14	7.01e-61
 3.49463e+14	5.20e-20	4.88e-14	4.92e-09	5.07e-05	9.98e-01	1.50e-03	0.00e+00	0.00e+00	0.00e+00	0.00e+00	1.61e-14	3.26e-14	1.36e-60
 3.61362e+14	6.61e-20	5.86e-14	5.62e-09	5.43e-05	9.99e-01	1.40e-03	0.00e+00	0.00e+00	0.00e+00	0.00e+00	1.94e-14	3.92e-14	2.63e-60
 3.72411e+14	8.31e-20	6.99e-14	6.34e-09	5.76e-05	9.99e-01	1.32e-03	0.00e+00	0.00e+00	0.00e+00	0.00e+00	2.31e-14	4.68e-14	4.99e-60
 3.84423e+14	1.04e-19	8.31e-14	7.20e-09	6.15e-05	9.99e-01	1.23e-03	0.00e+00	0.00e+00	0.00e+00	0.00e+00	2.75e-14	5.56e-14	9.27e-60
 3.97918e+14	1.35e-19	1.02e-13	8.27e-09	6.59e-05	9.99e-01	1.15e-03	0.00e+00	0.00e+00	0.00e+00	0.00e+00	3.36e-14	6.81e-14	1.93e-59
 4.10847e+14	1.69e-19	1.21e-13	9.40e-09	7.04e-05	9.99e-01	1.08e-03	0.00e+00	0.00e+00	0.00e+00	0.00e+00	4.00e-14	8.09e-14	3.57e-59
 4.25162e+14	2.17e-19	1.47e-13	1.08e-08	7.55e-05	9.99e-01	1.00e-03	0.00e+00	0.00e+00	0.00e+00	0.00e+00	4.85e-14	9.82e-14	7.18e-59
 4.40911e+14	2.81e-19	1.79e-13	1.25e-08	8.13e-05	9.99e-01	9.32e-04	0.00e+00	0.00e+00	0.00e+00	0.00e+00	5.93e-14	1.20e-13	1.48e-58
 4.55335e+14	3.59e-19	2.17e-13	1.42e-08	8.67e-05	9.99e-01	8.73e-04	0.00e+00	0.00e+00	0.00e+00	0.00e+00	7.16e-14	1.45e-13	2.93e-58
 4.70897e+14	4.54e-19	2.60e-13	1.62e-08	9.30e-05	9.99e-01	8.14e-04	0.00e+00	0.00e+00	0.00e+00	0.00e+00	8.58e-14	1.74e-13	5.58e-58
 4.88307e+14	5.94e-19	3.20e-13	1.88e-08	1.00e-04	9.99e-01	7.56e-04	0.00e+00	0.00e+00	0.00e+00	0.00e+00	1.06e-13	2.14e-13	1.19e-57
 5.04756e+14	7.46e-19	3.82e-13	2.14e-08	1.07e-04	9.99e-01	7.06e-04	0.00e+00	0.00e+00	0.00e+00	0.00e+00	1.26e-13	2.56e-13	2.24e-57
 5.22776e+14	9.61e-19	4.65e-13	2.47e-08	1.15e-04	9.99e-01	6.57e-04	0.00e+00	0.00e+00	0.00e+00	0.00e+00	1.53e-13	3.11e-13	4.54e-57
 5.42744e+14	1.25e-18	5.70e-13	2.87e-08	1.24e-04	9.99e-01	6.08e-04	0.00e+00	0.00e+00	0.00e+00	0.00e+00	1.88e-13	3.82e-13	9.39e-57
 5.61274e+14	1.60e-18	6.92e-13	3.28e-08	1.33e-04	9.99e-01	5.68e-04	0.00e+00	0.00e+00	0.00e+00	0.00e+00	2.28e-13	4.64e-13	1.90e-56
 5.81396e+14	2.03e-18	8.35e-13	3.78e-08	1.43e-04	9.99e-01	5.27e-04	0.00e+00	0.00e+00	0.00e+00	0.00e+00	2.75e-13	5.60e-13	3.70e-56
 6.03906e+14	2.66e-18	1.03e-12	4.40e-08	1.55e-04	9.99e-01	4.88e-04	0.00e+00	0.00e+00	0.00e+00	0.00e+00	3.40e-13	6.91e-13	7.91e-56
 6.25220e+14	3.37e-18	1.24e-12	5.06e-08	1.66e-04	9.99e-01	4.53e-04	0.00e+00	0.00e+00	0.00e+00	0.00e+00	4.09e-13	8.32e-13	1.53e-55
 6.48122e+14	4.37e-18	1.52e-12	5.84e-08	1.79e-04	9.99e-01	4.21e-04	0.00e+00	0.00e+00	0.00e+00	0.00e+00	5.02e-13	1.02e-12	3.21e-55
 6.74076e+14	5.67e-18	1.87e-12	6.85e-08	1.94e-04	9.99e-01	3.87e-04	0.00e+00	0.00e+00	0.00e+00	0.00e+00	6.16e-13	1.25e-12	6.67e-55
 6.99450e+14	7.37e-18	2.30e-12	7.94e-08	2.10e-04	9.99e-01	3.59e-04	0.00e+00	0.00e+00	0.00e+00	0.00e+00	7.58e-13	1.54e-12	1.40e-54
 7.25839e+14	9.42e-18	2.79e-12	9.22e-08	2.27e-04	9.99e-01	3.31e-04	0.00e+00	0.00e+00	0.00e+00	0.00e+00	9.19e-13	1.87e-12	2.79e-54
 7.54903e+14	1.24e-17	3.47e-12	1.08e-07	2.46e-04	9.99e-01	3.05e-04	0.00e+00	0.00e+00	0.00e+00	0.00e+00	1.14e-12	2.33e-12	6.10e-54
 7.83572e+14	1.58e-17	4.21e-12	1.26e-07	2.67e-04	9.99e-01	2.81e-04	0.00e+00	0.00e+00	0.00e+00	0.00e+00	1.38e-12	2.83e-12	1.21e-53
 8.07150e+14	1.94e-17	4.96e-12	1.42e-07	2.84e-04	9.99e-01	2.64e-04	0.00e+00	0.00e+00	0.00e+00	0.00e+00	1.63e-12	3.33e-12	2.17e-53
 8.25909e+14	2.25e-17	5.60e-12	1.55e-07	2.99e-04	9.99e-01	2.51e-04	0.00e+00	0.00e+00	0.00e+00	0.00e+00	1.84e-12	3.76e-12	3.35e-53
 8.46684e+14	2.66e-17	6.40e-12	1.72e-07	3.15e-04	9.99e-01	2.38e-04	0.00e+00	0.00e+00	0.00e+00	0.00e+00	2.10e-12	4.29e-12	5.39e-53
 8.73691e+14	3.27e-17	7.54e-12	1.95e-07	3.37e-04	9.99e-01	2.23e-04	0.00e+00	0.00e+00	0.00e+00	0.00e+00	2.48e-12	5.06e-12	9.69e-53
 9.02704e+14	4.05e-17	8.97e-12	2.23e-07	3.62e-04	9.99e-01	2.07e-04	0.00e+00	0.00e+00	0.00e+00	0.00e+00	2.94e-12	6.02e-12	1.80e-52
 9.28537e+14	4.87e-17	1.04e-11	2.49e-07	3.84e-04	9.99e-01	1.95e-04	0.00e+00	4.06e-18	1.22e-17	2.04e-17	3.42e-12	7.00e-12	3.09e-52
 9.56336e+14	5.89e-17	1.21e-11	2.81e-07	4.10e-04	9.99e-01	1.83e-04	0.00e+00	4.92e-18	1.48e-17	2.47e-17	3.99e-12	8.16e-12	5.33e-52
 9.91504e+14	7.44e-17	1.47e-11	3.26e-07	4.44e-04	9.99e-01	1.69e-04	0.00e+00	6.23e-18	1.87e-17	3.12e-17	4.82e-12	9.87e-12	1.05e-51
 1.02718e+15	9.36e-17	1.77e-11	3.76e-07	4.80e-04	9.99e-01	1.56e-04	0.00e+00	7.84e-18	2.35e-17	3.93e-17	5.81e-12	1.19e-11	2.06e-51
 1.05748e+15	1.13e-16	2.06e-11	4.23e-07	5.11e-04	9.99e-01	1.47e-04	0.00e+00	9.46e-18	2.84e-17	4.74e-17	6.76e-12	1.38e-11	3.57e-51
 1.08988e+15	1.37e-16	2.41e-11	4.78e-07	5.46e-04	9.99e-01	1.37e-04	0.00e+00	1.14e-17	3.44e-17	5.74e-17	7.92e-12	1.62e-11	6.34e-51
 1.13036e+15	1.73e-16	2.92e-11	5.55e-07	5.93e-04	9.99e-01	1.26e-04	0.00e+00	1.45e-17	4.36e-17	7.28e-17	9.58e-12	1.96e-11	1.26e-50
 1.17194e+15	2.18e-16	3.53e-11	6.42e-07	6.43e-04	9.99e-01	1.17e-04	0.00e+00	1.83e-17	5.51e-17	9.20e-17	1.16e-11	2.37e-11	2.53e-50
 1.20854e+15	2.65e-16	4.15e-11	7.28e-07	6.89e-04	9.99e-01	1.09e-04	0.00e+00	2.23e-17	6.70e-17	1.12e-16	1.36e-11	2.79e-11	4.56e-50
 1.24809e+15	3.22e-16	4.88e-11	8.28e-07	7.40e-04	9.99e-01	1.01e-04	0.00e+00	2.71e-17	8.13e-17	1.36e-16	1.60e-11	3.28e-11	8.28e-50
 1.29587e+15	4.11e-16	5.95e-11	9.66e-07	8.06e-04	9.99e-01	9.31e-05	0.00e+00	3.46e-17	1.04e-16	1.74e-16	1.95e-11	4.00e-11	1.72e-49
 1.34327e+15	5.15e-16	7.18e-11	1.12e-06	8.74e-04	9.99e-01	8.59e-05	0.00e+00	4.35e-17	1.30e-16	2.18e-16	2.35e-11	4.82e-11	3.45e-49
 1.38538e+15	6.26e-16	8.43e-11	1.26e-06	9.36e-04	9.99e-01	8.02e-05	0.00e+00	5.29e-17	1.59e-16	2.65e-16	2.76e-11	5.66e-11	6.29e-49
 1.43172e+15	7.67e-16	9.97e-11	1.44e-06	1.01e-03	9.99e-01	7.44e-05	0.00e+00	6.49e-17	1.95e-16	3.25e-16	3.27e-11	6.70e-11	1.18e-48
 1.48708e+15	9.72e-16	1.21e-10	1.68e-06	1.10e-03	9.99e-01	6.83e-05	0.00e+00	8.23e-17	2.47e-16	4.13e-16	3.99e-11	8.16e-11	2.49e-48
 1.54220e+15	1.23e-15	1.47e-10	1.95e-06	1.19e-03	9.99e-01	6.30e-05	0.00e+00	1.04e-16	3.13e-16	5.22e-16	4.82e-11	9.88e-11	5.14e-48
 1.59262e+15	1.47e-15	1.72e-10	2.22e-06	1.28e-03	9.99e-01	5.86e-05	0.00e+00	1.25e-16	3.75e-16	6.27e-16	5.65e-11	1.16e-10	9.35e-48
 1.64893e+15	1.86e-15	2.08e-10	2.55e-06	1.39e-03	9.99e-01	5.42e-05	0.00e+00	1.58e-16	4.75e-16	7.94e-16	6.82e-11	1.40e-10	1.92e-47
 1.71438e+15	2.38e-15	2.55e-10	2.98e-06	1.51e-03	9.98e-01	4.96e-05	0.00e+00	2.03e-16	6.08e-16	1.02e-15	8.37e-11	1.71e-10	4.24e-47
 1.77869e+15	3.00e-15	3.09e-10	3.46e-06	1.65e-03	9.98e-01	4.57e-05	0.00e+00	2.55e-16	7.66e-16	1.28e-15	1.01e-10	2.07e-10	9.01e-47
 1.83972e+15	3.63e-15	3.65e-10	3.95e-06	1.77e-03	9.98e-01	4.24e-05	0.00e+00	3.10e-16	9.29e-16	1.55e-15	1.20e-10	2.45e-10	1.73e-46
 1.89327e+15	4.44e-15	4.29e-10	4.44e-06	1.90e-03	9.98e-01	3.97e-05	0.00e+00	3.79e-16	1.14e-15	1.90e-15	1.41e-10	2.88e-10	3.28e-46
 1.93767e+15	5.15e-15	4.85e-10	4.87e-06	2.00e-03	9.98e-01	3.77e-05	0.00e+00	4.40e-16	1.32e-15	2.21e-15	1.59e-10	3.25e-10	5.33e-46
 1.98641e+15	6.00e-15	5.52e-10	5.38e-06	2.11e-03	9.98e-01	3.57e-05	0.00e+00	5.14e-16	1.54e-15	2.57e-15	1.81e-10	3.71e-10	8.91e-46
 2.04978e+15	7.30e-15	6.51e-10	6.10e-06	2.27e-03	9.98e-01	3.33e-05	0.00e+00	6.25e-16	1.88e-15	3.13e-15	2.14e-10	4.37e-10	1.72e-45
 2.11637e+15	8.81e-15	7.65e-10	6.92e-06	2.43e-03	9.98e-01	3.10e-05	0.00e+00	7.55e-16	2.27e-15	3.79e-15	2.52e-10	5.13e-10	3.25e-45
 2.17379e+15	1.07e-14	8.92e-10	7.71e-06	2.59e-03	9.97e-01	2.92e-05	0.00e+00	9.15e-16	2.75e-15	4.59e-15	2.93e-10	5.98e-10	6.01e-45
 2.23508e+15	1.28e-14	1.04e-09	8.61e-06	2.75e-03	9.97e-01	2.75e-05	0.00e+00	1.10e-15	3.30e-15	5.50e-15	3.41e-10	6.95e-10	1.09e-44
 2.31476e+15	1.60e-14	1.25e-09	9.91e-06	2.98e-03	9.97e-01	2.54e-05	0.00e+00	1.38e-15	4.14e-15	6.91e-15	4.11e-10	8.38e-10	2.32e-44
 2.39651e+15	1.95e-14	1.48e-09	1.14e-05	3.22e-03	9.97e-01	2.36e-05	0.00e+00	1.68e-15	5.03e-15	8.39e-15	4.89e-10	9.96e-10	4.57e-44
 2.46460e+15	2.39e-14	1.75e-09	1.27e-05	3.43e-03	9.97e-01	2.22e-05	0.00e+00	2.06e-15	6.18e-15	1.03e-14	5.76e-10	1.17e-09	8.84e-44
 2.53675e+15	2.82e-14	2.02e-09	1.43e-05	3.65e-03	9.96e-01	2.08e-05	0.00e+00	2.44e-15	7.31e-15	1.22e-14	6.67e-10	1.36e-09	1.57e-43
 2.62910e+15	3.65e-14	2.49e-09	1.65e-05	3.96e-03	9.96e-01	1.93e-05	0.00e+00	3.15e-15	9.47e-15	1.58e-14	8.20e-10	1.67e-09	3.61e-43
 2.72601e+15	4.47e-14	2.98e-09	1.90e-05	4.29e-03	9.96e-01	1.78e-05	0.00e+00	3.87e-15	1.16e-14	1.94e-14	9.83e-10	2.00e-09	7.32e-43
 2.81200e+15	5.60e-14	3.58e-09	2.15e-05	4.60e-03	9.95e-01	1.67e-05	0.00e+00	4.85e-15	1.46e-14	2.43e-14	1.18e-09	2.40e-09	1.54e-42
 2.90550e+15	6.78e-14	4.23e-09	2.45e-05	4.94e-03	9.95e-01	1.56e-05	0.00e+00	5.88e-15	1.77e-14	2.95e-14	1.40e-09	2.84e-09	2.97e-42
 3.01753e+15	8.95e-14	5.30e-09	2.85e-05	5.38e-03	9.95e-01	1.44e-05	0.00e+00	7.77e-15	2.33e-14	3.89e-14	1.75e-09	3.55e-09	7.20e-42
 3.12868e+15	1.10e-13	6.36e-09	3.29e-05	5.82e-03	9.94e-01	1.33e-05	0.00e+00	9.56e-15	2.87e-14	4.79e-14	2.10e-09	4.27e-09	1.46e-41
 3.22907e+15	1.35e-13	7.60e-09	3.73e-05	6.25e-03	9.94e-01	1.25e-05	0.00e+00	1.18e-14	3.54e-14	5.90e-14	2.51e-09	5.09e-09	2.92e-41
 3.34044e+15	1.69e-13	9.17e-09	4.27e-05	6.73e-03	9.93e-01	1.17e-05	0.00e+00	1.47e-14	4.42e-14	7.37e-14	3.03e-09	6.14e-09	6.06e-41
 3.47147e+15	2.24e-13	1.16e-08	4.98e-05	7.34e-03	9.93e-01	1.08e-05	0.00e+00	1.95e-14	5.87e-14	9.79e-14	3.82e-09	7.75e-09	1.50e-40
 3.60084e+15	2.85e-13	1.42e-08	5.76e-05	7.95e-03	9.92e-01	1.00e-05	0.00e+00	2.49e-14	7.47e-14	1.25e-13	4.70e-09	9.52e-09	3.30e-40
 3.72156e+15	3.54e-13	1.71e-08	6.57e-05	8.55e-03	9.91e-01	9.41e-06	0.00e+00	3.09e-14	9.29e-14	1.55e-13	5.66e-09	1.15e-08	6.54e-40
 3.85662e+15	4.45e-13	2.09e-08	7.58e-05	9.24e-03	9.91e-01	8.78e-06	0.00e+00	3.89e-14	1.17e-13	1.95e-13	6.90e-09	1.40e-08	1.38e-39
 4.01091e+15	5.81e-13	2.62e-08	8.87e-05	1.01e-02	9.90e-01	8.15e-06	0.00e+00	5.10e-14	1.53e-13	2.55e-13	8.67e-09	1.75e-08	3.27e-39
 4.16291e+15	7.44e-13	3.24e-08	1.03e-04	1.09e-02	9.89e-01	7.61e-06	0.00e+00	6.53e-14	1.96e-13	3.27e-13	1.07e-08	2.17e-08	7.22e-39
 4.28677e+15	9.04e-13	3.84e-08	1.16e-04	1.16e-02	9.88e-01	7.23e-06	0.00e+00	7.94e-14	2.38e-13	3.98e-13	1.27e-08	2.57e-08	1.35e-38
 4.38329e+15	1.05e-12	4.36e-08	1.27e-04	1.22e-02	9.88e-01	6.95e-06	0.00e+00	9.21e-14	2.76e-13	4.61e-13	1.44e-08	2.92e-08	2.17e-38
 4.48908e+15	1.23e-12	5.00e-08	1.39e-04	1.29e-02	9.87e-01	6.66e-06	0.00e+00	1.08e-13	3.24e-13	5.41e-13	1.65e-08	3.35e-08	3.59e-38
 4.62661e+15	1.48e-12	5.86e-08	1.57e-04	1.37e-02	9.86e-01	6.32e-06	0.00e+00	1.30e-13	3.90e-13	6.51e-13	1.94e-08	3.92e-08	6.36e-38
 4.77592e+15	1.86e-12	7.15e-08	1.79e-04	1.48e-02	9.85e-01	5.99e-06	0.00e+00	1.64e-13	4.92e-13	8.21e-13	2.37e-08	4.78e-08	1.34e-37
 4.90966e+15	2.25e-12	8.41e-08	2.00e-04	1.57e-02	9.84e-01	5.74e-06	0.00e+00	1.98e-13	5.94e-13	9.92e-13	2.78e-08	5.62e-08	2.39e-37
 5.05262e+15	2.71e-12	9.90e-08	2.25e-04	1.67e-02	9.83e-01	5.48e-06	0.00e+00	2.39e-13	7.17e-13	1.20e-12	3.28e-08	6.62e-08	4.21e-37
 5.23611e+15	3.48e-12	1.22e-07	2.60e-04	1.80e-02	9.82e-01	5.19e-06	0.00e+00	3.07e-13	9.22e-13	1.54e-12	4.06e-08	8.19e-08	9.04e-37
 5.42231e+15	4.30e-12	1.47e-07	2.99e-04	1.94e-02	9.80e-01	4.92e-06	0.00e+00	3.80e-13	1.14e-12	1.90e-12	4.88e-08	9.86e-08	1.70e-36
 5.57747e+15	5.20e-12	1.74e-07	3.36e-04	2.06e-02	9.79e-01	4.72e-06	0.00e+00	4.60e-13	1.38e-12	2.30e-12	5.78e-08	1.17e-07	3.09e-36
 5.74227e+15	6.35e-12	2.07e-07	3.78e-04	2.20e-02	9.78e-01	4.53e-06	0.00e+00	5.62e-13	1.69e-12	2.81e-12	6.86e-08	1.38e-07	5.65e-36
 5.95214e+15	8.11e-12	2.55e-07	4.38e-04	2.38e-02	9.76e-01	4.32e-06	0.00e+00	7.19e-13	2.16e-12	3.60e-12	8.46e-08	1.71e-07	1.15e-35
 6.16773e+15	1.06e-11	3.22e-07	5.07e-04	2.57e-02	9.74e-01	4.14e-06	0.00e+00	9.40e-13	2.82e-12	4.70e-12	1.07e-07	2.15e-07	2.55e-35
 6.35330e+15	1.29e-11	3.84e-07	5.73e-04	2.74e-02	9.72e-01	3.99e-06	0.00e+00	1.15e-12	3.45e-12	5.75e-12	1.27e-07	2.57e-07	4.63e-35
 6.55274e+15	1.60e-11	4.60e-07	6.51e-04	2.93e-02	9.70e-01	3.85e-06	0.00e+00	1.42e-12	4.26e-12	7.10e-12	1.52e-07	3.07e-07	8.52e-35
 6.79880e+15	2.04e-11	5.65e-07	7.59e-04	3.18e-02	9.67e-01	3.69e-06	0.00e+00	1.81e-12	5.43e-12	9.06e-12	1.87e-07	3.77e-07	1.66e-34
 7.04468e+15	2.65e-11	7.14e-07	8.81e-04	3.44e-02	9.65e-01	3.56e-06	0.00e+00	2.36e-12	7.08e-12	1.18e-11	2.37e-07	4.77e-07	3.73e-34
 7.25794e+15	3.27e-11	8.56e-07	9.98e-04	3.67e-02	9.62e-01	3.46e-06	0.00e+00	2.92e-12	8.75e-12	1.46e-11	2.84e-07	5.72e-07	6.66e-34
 7.48958e+15	4.07e-11	1.03e-06	1.14e-03	3.93e-02	9.60e-01	3.36e-06	0.00e+00	3.62e-12	1.09e-11	1.81e-11	3.42e-07	6.89e-07	1.22e-33
 7.77293e+15	5.23e-11	1.27e-06	1.33e-03	4.27e-02	9.56e-01	3.24e-06	0.00e+00	4.66e-12	1.40e-11	2.33e-11	4.22e-07	8.50e-07	2.34e-33
 8.04881e+15	6.81e-11	1.61e-06	1.55e-03	4.62e-02	9.52e-01	3.16e-06	0.00e+00	6.08e-12	1.82e-11	3.04e-11	5.35e-07	1.08e-06	5.13e-33
 8.27628e+15	8.28e-11	1.91e-06	1.75e-03	4.92e-02	9.49e-01	3.09e-06	0.00e+00	7.40e-12	2.22e-11	3.70e-11	6.34e-07	1.28e-06	8.68e-33
 8.51554e+15	1.02e-10	2.28e-06	1.98e-03	5.25e-02	9.46e-01	3.02e-06	0.00e+00	9.14e-12	2.74e-11	4.57e-11	7.58e-07	1.53e-06	1.53e-32
 8.82380e+15	1.31e-10	2.80e-06	2.31e-03	5.68e-02	9.41e-01	2.94e-06	0.00e+00	1.17e-11	3.52e-11	5.88e-11	9.28e-07	1.87e-06	2.79e-32
 9.14503e+15	1.74e-10	3.59e-06	2.71e-03	6.18e-02	9.35e-01	2.89e-06	0.00e+00	1.56e-11	4.68e-11	7.81e-11	1.19e-06	2.40e-06	6.14e-32
 9.38555e+15	2.08e-10	4.21e-06	3.04e-03	6.56e-02	9.31e-01	2.84e-06	0.00e+00	1.86e-11	5.59e-11	9.33e-11	1.40e-06	2.81e-06	9.80e-32
 9.59791e+15	2.48e-10	4.87e-06	3.36e-03	6.92e-02	9.27e-01	2.81e-06	0.00e+00	2.22e-11	6.66e-11	1.11e-10	1.62e-06	3.25e-06	1.53e-31
 9.87397e+15	3.07e-10	5.83e-06	3.83e-03	7.40e-02	9.22e-01	2.76e-06	0.00e+00	2.76e-11	8.28e-11	1.38e-10	1.94e-06	3.90e-06	2.60e-31
 1.01675e+16	3.87e-10	7.10e-06	4.38e-03	7.94e-02	9.16e-01	2.72e-06	0.00e+00	3.47e-11	1.04e-10	1.74e-10	2.36e-06	4.74e-06	4.71e-31
 1.04226e+16	4.67e-10	8.35e-06	4.92e-03	8.42e-02	9.11e-01	2.69e-06	0.00e+00	4.20e-11	1.26e-10	2.10e-10	2.77e-06	5.57e-06	7.46e-31
 1.06931e+16	5.74e-10	9.89e-06	5.56e-03	8.97e-02	9.05e-01	2.66e-06	0.00e+00	5.16e-11	1.55e-10	2.58e-10	3.28e-06	6.60e-06	1.22e-30
 1.10447e+16	7.55e-10	1.24e-05	6.52e-03	9.74e-02	8.96e-01	2.63e-06	0.00e+00	6.80e-11	2.04e-10	3.40e-10	4.14e-06	8.31e-06	2.42e-30
 1.13912e+16	9.61e-10	1.52e-05	7.57e-03	1.05e-01	8.87e-01	2.59e-06	0.00e+00	8.66e-11	2.60e-10	4.33e-10	5.07e-06	1.02e-05	4.14e-30
 1.16549e+16	1.16e-09	1.77e-05	8.47e-03	1.11e-01	8.80e-01	2.57e-06	0.00e+00	1.04e-10	3.13e-10	5.22e-10	5.87e-06	1.18e-05	6.21e-30
 1.19211e+16	1.40e-09	2.08e-05	9.52e-03	1.18e-01	8.72e-01	2.55e-06	0.00e+00	1.27e-10	3.80e-10	6.33e-10	6.91e-06	1.39e-05	9.75e-30
 1.22673e+16	1.85e-09	2.63e-05	1.11e-02	1.28e-01	8.61e-01	2.54e-06	0.00e+00	1.67e-10	5.00e-10	8.34e-10	8.74e-06	1.75e-05	1.95e-29
 1.26164e+16	2.36e-09	3.21e-05	1.29e-02	1.38e-01	8.49e-01	2.52e-06	0.00e+00	2.13e-10	6.40e-10	1.07e-09	1.07e-05	2.14e-05	3.29e-29
 1.28970e+16	2.87e-09	3.75e-05	1.45e-02	1.46e-01	8.39e-01	2.51e-06	0.00e+00	2.60e-10	7.79e-10	1.30e-09	1.25e-05	2.50e-05	4.95e-29
 1.31497e+16	3.44e-09	4.37e-05	1.62e-02	1.54e-01	8.29e-01	2.50e-06	0.00e+00	3.12e-10	9.36e-10	1.56e-09	1.45e-05	2.91e-05	7.48e-29
 1.34384e+16	4.28e-09	5.20e-05	1.85e-02	1.64e-01	8.17e-01	2.49e-06	0.00e+00	3.88e-10	1.16e-09	1.94e-09	1.73e-05	3.47e-05	1.21e-28
 1.37524e+16	5.56e-09	6.49e-05	2.13e-02	1.76e-01	8.02e-01	2.51e-06	0.00e+00	5.05e-10	1.51e-09	2.52e-09	2.16e-05	4.33e-05	2.29e-28
 1.40272e+16	6.77e-09	7.60e-05	2.40e-02	1.87e-01	7.89e-01	2.50e-06	0.00e+00	6.15e-10	1.85e-09	3.08e-09	2.53e-05	5.07e-05	3.41e-28
 1.42728e+16	8.10e-09	8.74e-05	2.68e-02	1.97e-01	7.76e-01	2.50e-06	0.00e+00	7.36e-10	2.21e-09	3.68e-09	2.91e-05	5.83e-05	4.88e-28
 1.45521e+16	1.04e-08	1.08e-04	3.06e-02	2.10e-01	7.59e-01	2.52e-06	0.00e+00	9.46e-10	2.84e-09	4.73e-09	3.58e-05	7.18e-05	8.99e-28
 1.48444e+16	1.28e-08	1.26e-04	3.49e-02	2.24e-01	7.41e-01	2.51e-06	0.00e+00	1.16e-09	3.49e-09	5.82e-09	4.19e-05	8.39e-05	1.29e-27
 1.51000e+16	1.61e-08	1.53e-04	3.96e-02	2.37e-01	7.23e-01	2.54e-06	0.00e+00	1.46e-09	4.39e-09	7.32e-09	5.10e-05	1.02e-04	2.31e-27
 1.53319e+16	1.95e-08	1.79e-04	4.42e-02	2.50e-01	7.06e-01	2.56e-06	5.96e-12	1.78e-09	5.33e-09	8.88e-09	5.96e-05	1.19e-04	3.50e-27
 1.55412e+16	2.33e-08	2.07e-04	4.90e-02	2.62e-01	6.89e-01	2.58e-06	0.00e+00	2.13e-09	6.38e-09	1.06e-08	6.88e-05	1.38e-04	5.17e-27
 1.57357e+16	2.77e-08	2.37e-04	5.41e-02	2.73e-01	6.72e-01	2.60e-06	0.00e+00	2.53e-09	7.58e-09	1.26e-08	7.89e-05	1.58e-04	7.51e-27
 1.59565e+16	3.34e-08	2.71e-04	6.04e-02	2.87e-01	6.52e-01	2.60e-06	0.00e+00	3.05e-09	9.14e-09	1.52e-08	9.01e-05	1.80e-04	1.04e-26
 1.62435e+16	4.41e-08	3.41e-04	7.05e-02	3.07e-01	6.22e-01	2.64e-06	0.00e+00	4.03e-09	1.21e-08	2.02e-08	1.14e-04	2.28e-04	2.05e-26
 1.65185e+16	5.73e-08	4.19e-04	8.16e-02	3.27e-01	5.91e-01	2.70e-06	8.20e-12	5.25e-09	1.57e-08	2.62e-08	1.40e-04	2.80e-04	3.60e-26
 1.67120e+16	6.88e-08	4.78e-04	9.04e-02	3.41e-01	5.68e-01	2.73e-06	0.00e+00	6.31e-09	1.89e-08	3.15e-08	1.59e-04	3.19e-04	5.16e-26
 1.68974e+16	8.32e-08	5.55e-04	1.01e-01	3.56e-01	5.43e-01	2.77e-06	9.49e-12	7.63e-09	2.29e-08	3.81e-08	1.85e-04	3.70e-04	7.86e-26
 1.71063e+16	1.03e-07	6.57e-04	1.13e-01	3.73e-01	5.13e-01	2.79e-06	0.00e+00	9.49e-09	2.84e-08	4.74e-08	2.19e-04	4.38e-04	1.29e-25
 1.72982e+16	1.32e-07	8.05e-04	1.27e-01	3.90e-01	4.81e-01	2.90e-06	1.20e-11	1.22e-08	3.65e-08	6.08e-08	2.68e-04	5.37e-04	2.48e-25
 1.74563e+16	1.57e-07	9.13e-04	1.40e-01	4.04e-01	4.55e-01	2.96e-06	0.00e+00	1.45e-08	4.34e-08	7.23e-08	3.04e-04	6.09e-04	3.55e-25
