#depth	He	He+	He+2
 1.49634e+10	1.34e-20	1.43e-10	1.00e+00
 4.54887e+10	1.56e-20	1.57e-10	1.00e+00
 7.72350e+10	1.81e-20	1.73e-10	1.00e+00
 1.10251e+11	2.10e-20	1.91e-10	1.00e+00
 1.44588e+11	2.43e-20	2.10e-10	1.00e+00
 1.78750e+11	2.80e-20	2.31e-10	1.00e+00
 2.14277e+11	3.21e-20	2.54e-10	1.00e+00
 2.52775e+11	3.71e-20	2.80e-10	1.00e+00
 2.92813e+11	4.27e-20	3.10e-10	1.00e+00
 3.34452e+11	4.92e-20	3.42e-10	1.00e+00
 3.77757e+11	5.65e-20	3.79e-10	1.00e+00
 4.16868e+11	6.38e-20	4.14e-10	1.00e+00
 4.49361e+11	7.01e-20	4.44e-10	1.00e+00
 4.84918e+11	7.74e-20	4.80e-10	1.00e+00
 5.30079e+11	8.74e-20	5.27e-10	1.00e+00
 5.77252e+11	9.89e-20	5.80e-10	1.00e+00
 6.18936e+11	1.10e-19	6.29e-10	1.00e+00
 6.57553e+11	1.20e-19	6.77e-10	1.00e+00
 7.01355e+11	1.33e-19	7.35e-10	1.00e+00
 7.55598e+11	1.49e-19	8.10e-10	1.00e+00
 8.09739e+11	1.67e-19	8.90e-10	1.00e+00
 8.56214e+11	1.84e-19	9.62e-10	1.00e+00
 9.06397e+11	2.02e-19	1.04e-09	1.00e+00
 9.68420e+11	2.27e-19	1.15e-09	1.00e+00
 1.03214e+12	2.55e-19	1.27e-09	1.00e+00
 1.08986e+12	2.82e-19	1.38e-09	1.00e+00
 1.15347e+12	3.14e-19	1.50e-09	1.00e+00
 1.22818e+12	3.55e-19	1.66e-09	1.00e+00
 1.30278e+12	4.01e-19	1.83e-09	1.00e+00
 1.37386e+12	4.49e-19	2.00e-09	1.00e+00
 1.45224e+12	5.08e-19	2.20e-09	1.00e+00
 1.54025e+12	5.82e-19	2.43e-09	1.00e+00
 1.61950e+12	6.57e-19	2.65e-09	1.00e+00
 1.68497e+12	7.25e-19	2.84e-09	1.00e+00
 1.75650e+12	8.06e-19	3.05e-09	1.00e+00
 1.84783e+12	9.22e-19	3.34e-09	1.00e+00
 1.94004e+12	1.05e-18	3.65e-09	1.00e+00
 2.01643e+12	1.17e-18	3.91e-09	1.00e+00
 2.09713e+12	1.32e-18	4.20e-09	1.00e+00
 2.20056e+12	1.52e-18	4.59e-09	1.00e+00
 2.30895e+12	1.76e-18	5.02e-09	1.00e+00
 2.40404e+12	2.00e-18	5.41e-09	1.00e+00
 2.50641e+12	2.28e-18	5.84e-09	1.00e+00
 2.61988e+12	2.64e-18	6.35e-09	1.00e+00
 2.72507e+12	3.00e-18	6.85e-09	1.00e+00
 2.83912e+12	3.45e-18	7.40e-09	1.00e+00
 2.96592e+12	4.01e-18	8.05e-09	1.00e+00
 3.08411e+12	4.60e-18	8.67e-09	1.00e+00
 3.21262e+12	5.31e-18	9.38e-09	1.00e+00
 3.35555e+12	6.22e-18	1.02e-08	1.00e+00
 3.48914e+12	7.16e-18	1.10e-08	1.00e+00
 3.63471e+12	8.32e-18	1.19e-08	1.00e+00
 3.79720e+12	9.79e-18	1.30e-08	1.00e+00
 3.95002e+12	1.13e-17	1.40e-08	1.00e+00
 4.11700e+12	1.32e-17	1.52e-08	1.00e+00
 4.30396e+12	1.57e-17	1.66e-08	1.00e+00
 4.48095e+12	1.83e-17	1.80e-08	1.00e+00
 4.67164e+12	2.14e-17	1.95e-08	1.00e+00
 4.88843e+12	2.55e-17	2.14e-08	1.00e+00
 5.10145e+12	3.01e-17	2.32e-08	1.00e+00
 5.32300e+12	3.55e-17	2.53e-08	1.00e+00
 5.56584e+12	4.22e-17	2.76e-08	1.00e+00
 5.81840e+12	5.00e-17	3.01e-08	1.00e+00
 6.08107e+12	5.95e-17	3.29e-08	1.00e+00
 6.32913e+12	6.95e-17	3.56e-08	1.00e+00
 6.55300e+12	7.96e-17	3.81e-08	1.00e+00
 6.76446e+12	9.01e-17	4.06e-08	1.00e+00
 6.99846e+12	1.03e-16	4.34e-08	1.00e+00
 7.26093e+12	1.19e-16	4.66e-08	1.00e+00
 7.51075e+12	1.35e-16	4.98e-08	1.00e+00
 7.78586e+12	1.56e-16	5.35e-08	1.00e+00
 8.08653e+12	1.80e-16	5.76e-08	1.00e+00
 8.36032e+12	2.05e-16	6.15e-08	1.00e+00
 8.65615e+12	2.35e-16	6.58e-08	1.00e+00
 8.98887e+12	2.71e-16	7.08e-08	1.00e+00
 9.30508e+12	3.10e-16	7.57e-08	1.00e+00
 9.65169e+12	3.57e-16	8.13e-08	1.00e+00
 1.00346e+13	4.15e-16	8.76e-08	1.00e+00
 1.03900e+13	4.74e-16	9.38e-08	1.00e+00
 1.07774e+13	5.45e-16	1.01e-07	1.00e+00
 1.12131e+13	6.34e-16	1.08e-07	1.00e+00
 1.16283e+13	7.28e-16	1.16e-07	1.00e+00
 1.20782e+13	8.41e-16	1.25e-07	1.00e+00
 1.25770e+13	9.81e-16	1.35e-07	1.00e+00
 1.30545e+13	1.13e-15	1.45e-07	1.00e+00
 1.35653e+13	1.31e-15	1.56e-07	1.00e+00
 1.41379e+13	1.52e-15	1.69e-07	1.00e+00
 1.47111e+13	1.77e-15	1.82e-07	1.00e+00
 1.53073e+13	2.06e-15	1.96e-07	1.00e+00
 1.59495e+13	2.40e-15	2.13e-07	1.00e+00
 1.66175e+13	2.80e-15	2.30e-07	1.00e+00
 1.73121e+13	3.26e-15	2.48e-07	1.00e+00
 1.79860e+13	3.76e-15	2.67e-07	1.00e+00
 1.86219e+13	4.29e-15	2.85e-07	1.00e+00
 1.92187e+13	4.83e-15	3.03e-07	1.00e+00
 1.98646e+13	5.46e-15	3.23e-07	1.00e+00
 2.05901e+13	6.25e-15	3.45e-07	1.00e+00
 2.12801e+13	7.09e-15	3.68e-07	1.00e+00
 2.20381e+13	8.08e-15	3.94e-07	1.00e+00
 2.28892e+13	9.31e-15	4.23e-07	1.00e+00
 2.37006e+13	1.06e-14	4.53e-07	1.00e+00
 2.45861e+13	1.22e-14	4.86e-07	1.00e+00
 2.55748e+13	1.41e-14	5.24e-07	1.00e+00
 2.65345e+13	1.63e-14	5.64e-07	1.00e+00
 2.75574e+13	1.88e-14	6.06e-07	1.00e+00
 2.85974e+13	2.16e-14	6.52e-07	1.00e+00
 2.95154e+13	2.44e-14	6.93e-07	1.00e+00
 3.05117e+13	2.77e-14	7.41e-07	1.00e+00
 3.17112e+13	3.20e-14	7.99e-07	1.00e+00
 3.29005e+13	3.69e-14	8.59e-07	1.00e+00
 3.39619e+13	4.15e-14	9.15e-07	1.00e+00
 3.51316e+13	4.73e-14	9.79e-07	1.00e+00
 3.65236e+13	5.48e-14	1.06e-06	1.00e+00
 3.79041e+13	6.31e-14	1.14e-06	1.00e+00
 3.91640e+13	7.16e-14	1.22e-06	1.00e+00
 4.05676e+13	8.16e-14	1.30e-06	1.00e+00
 4.22031e+13	9.49e-14	1.41e-06	1.00e+00
 4.38088e+13	1.09e-13	1.52e-06	1.00e+00
 4.53202e+13	1.24e-13	1.63e-06	1.00e+00
 4.70043e+13	1.42e-13	1.75e-06	1.00e+00
 4.89144e+13	1.65e-13	1.90e-06	1.00e+00
 5.08201e+13	1.91e-13	2.05e-06	1.00e+00
 5.26006e+13	2.17e-13	2.20e-06	1.00e+00
 5.45332e+13	2.48e-13	2.36e-06	1.00e+00
 5.66954e+13	2.86e-13	2.55e-06	1.00e+00
 5.87146e+13	3.26e-13	2.74e-06	1.00e+00
 6.05832e+13	3.65e-13	2.92e-06	1.00e+00
 6.23769e+13	4.06e-13	3.10e-06	1.00e+00
 6.43688e+13	4.55e-13	3.30e-06	1.00e+00
 6.65711e+13	5.14e-13	3.53e-06	1.00e+00
 6.86168e+13	5.73e-13	3.75e-06	1.00e+00
 7.08464e+13	6.44e-13	4.00e-06	1.00e+00
 7.33514e+13	7.29e-13	4.29e-06	1.00e+00
 7.57479e+13	8.18e-13	4.58e-06	1.00e+00
 7.83967e+13	9.23e-13	4.91e-06	1.00e+00
 8.13179e+13	1.05e-12	5.29e-06	1.00e+00
 8.40060e+13	1.18e-12	5.65e-06	1.00e+00
 8.69135e+13	1.33e-12	6.05e-06	1.00e+00
 9.01641e+13	1.51e-12	6.52e-06	1.00e+00
 9.32225e+13	1.70e-12	6.97e-06	1.00e+00
 9.65601e+13	1.92e-12	7.49e-06	1.00e+00
 1.00266e+14	2.19e-12	8.09e-06	1.00e+00
 1.03725e+14	2.46e-12	8.68e-06	1.00e+00
 1.07487e+14	2.78e-12	9.32e-06	1.00e+00
 1.11693e+14	3.18e-12	1.01e-05	1.00e+00
 1.15670e+14	3.59e-12	1.08e-05	1.00e+00
 1.19930e+14	4.08e-12	1.17e-05	1.00e+00
 1.24758e+14	4.66e-12	1.27e-05	1.00e+00
 1.29498e+14	5.32e-12	1.37e-05	1.00e+00
 1.34051e+14	6.00e-12	1.48e-05	1.00e+00
 1.39065e+14	6.82e-12	1.60e-05	1.00e+00
 1.44658e+14	7.82e-12	1.73e-05	1.00e+00
 1.49416e+14	8.79e-12	1.86e-05	1.00e+00
 1.52919e+14	9.52e-12	1.95e-05	1.00e+00
 1.56589e+14	1.03e-11	2.06e-05	1.00e+00
 1.61359e+14	1.15e-11	2.19e-05	1.00e+00
 1.66612e+14	1.29e-11	2.35e-05	1.00e+00
 1.71466e+14	1.43e-11	2.50e-05	1.00e+00
 1.76748e+14	1.60e-11	2.67e-05	1.00e+00
 1.82675e+14	1.81e-11	2.88e-05	1.00e+00
 1.88312e+14	2.01e-11	3.07e-05	1.00e+00
 1.94508e+14	2.27e-11	3.30e-05	1.00e+00
 2.01401e+14	2.57e-11	3.57e-05	1.00e+00
 2.07917e+14	2.91e-11	3.83e-05	1.00e+00
 2.15104e+14	3.29e-11	4.13e-05	1.00e+00
 2.23076e+14	3.78e-11	4.48e-05	1.00e+00
 2.30454e+14	4.24e-11	4.82e-05	1.00e+00
 2.38433e+14	4.86e-11	5.21e-05	1.00e+00
 2.47333e+14	5.58e-11	5.66e-05	1.00e+00
 2.55669e+14	6.33e-11	6.10e-05	1.00e+00
 2.64744e+14	7.25e-11	6.61e-05	1.00e+00
 2.74865e+14	8.37e-11	7.19e-05	1.00e+00
 2.84355e+14	9.45e-11	7.75e-05	1.00e+00
 2.94646e+14	1.09e-10	8.41e-05	1.00e+00
 3.06143e+14	1.27e-10	9.18e-05	1.00e+00
 3.17084e+14	1.45e-10	9.93e-05	1.00e+00
 3.28782e+14	1.67e-10	1.08e-04	1.00e+00
 3.41963e+14	1.96e-10	1.18e-04	1.00e+00
 3.55001e+14	2.26e-10	1.28e-04	1.00e+00
 3.65658e+14	2.52e-10	1.37e-04	1.00e+00
 3.73947e+14	2.78e-10	1.44e-04	1.00e+00
 3.83030e+14	3.06e-10	1.52e-04	1.00e+00
 3.94838e+14	3.45e-10	1.63e-04	1.00e+00
 4.07599e+14	3.87e-10	1.75e-04	1.00e+00
 4.19109e+14	4.37e-10	1.87e-04	1.00e+00
 4.31583e+14	4.90e-10	1.99e-04	1.00e+00
 4.47421e+14	5.69e-10	2.17e-04	1.00e+00
 4.63338e+14	6.50e-10	2.34e-04	1.00e+00
 4.76682e+14	7.30e-10	2.49e-04	1.00e+00
 4.90975e+14	8.22e-10	2.66e-04	1.00e+00
 5.09049e+14	9.52e-10	2.89e-04	1.00e+00
 5.28009e+14	1.09e-09	3.13e-04	1.00e+00
 5.45032e+14	1.26e-09	3.36e-04	1.00e+00
 5.63568e+14	1.43e-09	3.62e-04	1.00e+00
 5.85541e+14	1.68e-09	3.94e-04	1.00e+00
 6.07164e+14	1.94e-09	4.27e-04	1.00e+00
 6.26863e+14	2.21e-09	4.58e-04	1.00e+00
 6.48882e+14	2.52e-09	4.95e-04	1.00e+00
 6.74569e+14	2.99e-09	5.39e-04	9.99e-01
 6.99884e+14	3.47e-09	5.84e-04	9.99e-01
 7.23872e+14	3.99e-09	6.29e-04	9.99e-01
 7.50517e+14	4.57e-09	6.81e-04	9.99e-01
 7.80568e+14	5.48e-09	7.43e-04	9.99e-01
 8.05824e+14	6.24e-09	7.96e-04	9.99e-01
 8.24068e+14	6.85e-09	8.35e-04	9.99e-01
 8.43175e+14	7.53e-09	8.78e-04	9.99e-01
 8.68013e+14	8.35e-09	9.35e-04	9.99e-01
 8.95736e+14	9.68e-09	1.00e-03	9.99e-01
 9.21610e+14	1.09e-08	1.06e-03	9.99e-01
 9.49649e+14	1.21e-08	1.14e-03	9.99e-01
 9.81289e+14	1.41e-08	1.22e-03	9.99e-01
 1.01135e+15	1.59e-08	1.30e-03	9.99e-01
 1.04418e+15	1.79e-08	1.39e-03	9.99e-01
 1.08104e+15	2.10e-08	1.50e-03	9.98e-01
 1.11599e+15	2.39e-08	1.61e-03	9.98e-01
 1.15425e+15	2.71e-08	1.73e-03	9.98e-01
 1.19703e+15	3.21e-08	1.87e-03	9.98e-01
 1.23674e+15	3.68e-08	2.00e-03	9.98e-01
 1.27941e+15	4.21e-08	2.15e-03	9.98e-01
 1.32738e+15	4.83e-08	2.33e-03	9.98e-01
 1.37271e+15	5.68e-08	2.51e-03	9.97e-01
 1.42209e+15	6.54e-08	2.70e-03	9.97e-01
 1.47708e+15	7.54e-08	2.93e-03	9.97e-01
 1.52684e+15	8.69e-08	3.15e-03	9.97e-01
 1.57136e+15	9.84e-08	3.35e-03	9.97e-01
 1.62161e+15	1.14e-07	3.59e-03	9.96e-01
 1.68303e+15	1.31e-07	3.88e-03	9.96e-01
 1.74518e+15	1.56e-07	4.21e-03	9.96e-01
 1.79326e+15	1.75e-07	4.46e-03	9.96e-01
 1.83682e+15	1.93e-07	4.70e-03	9.95e-01
 1.89345e+15	2.19e-07	5.02e-03	9.95e-01
 1.95434e+15	2.52e-07	5.39e-03	9.95e-01
 2.00783e+15	2.83e-07	5.72e-03	9.94e-01
 2.06447e+15	3.13e-07	6.07e-03	9.94e-01
 2.13810e+15	3.71e-07	6.57e-03	9.93e-01
 2.21084e+15	4.20e-07	7.07e-03	9.93e-01
 2.26973e+15	4.81e-07	7.51e-03	9.92e-01
 2.33360e+15	5.43e-07	8.00e-03	9.92e-01
 2.41662e+15	6.20e-07	8.66e-03	9.91e-01
 2.50264e+15	7.41e-07	9.40e-03	9.91e-01
 2.57355e+15	8.37e-07	1.00e-02	9.90e-01
 2.64676e+15	9.45e-07	1.07e-02	9.89e-01
 2.74191e+15	1.09e-06	1.16e-02	9.88e-01
 2.83819e+15	1.31e-06	1.27e-02	9.87e-01
 2.91350e+15	1.48e-06	1.35e-02	9.86e-01
 2.98896e+15	1.66e-06	1.44e-02	9.86e-01
 3.08706e+15	1.93e-06	1.56e-02	9.84e-01
 3.18727e+15	2.26e-06	1.70e-02	9.83e-01
 3.26777e+15	2.55e-06	1.81e-02	9.82e-01
 3.33484e+15	2.82e-06	1.91e-02	9.81e-01
 3.40689e+15	3.14e-06	2.03e-02	9.80e-01
 3.48755e+15	3.47e-06	2.16e-02	9.78e-01
 3.57941e+15	4.05e-06	2.33e-02	9.77e-01
 3.67875e+15	4.58e-06	2.52e-02	9.75e-01
 3.76926e+15	5.35e-06	2.72e-02	9.73e-01
 3.85108e+15	6.01e-06	2.90e-02	9.71e-01
 3.92645e+15	6.70e-06	3.09e-02	9.69e-01
 4.01071e+15	7.61e-06	3.32e-02	9.67e-01
 4.10144e+15	8.50e-06	3.57e-02	9.64e-01
 4.20059e+15	1.01e-05	3.90e-02	9.61e-01
 4.30496e+15	1.15e-05	4.27e-02	9.57e-01
 4.40048e+15	1.37e-05	4.66e-02	9.53e-01
 4.48985e+15	1.57e-05	5.05e-02	9.49e-01
 4.57230e+15	1.79e-05	5.47e-02	9.45e-01
 4.64944e+15	2.03e-05	5.89e-02	9.41e-01
 4.72259e+15	2.27e-05	6.33e-02	9.37e-01
 4.80606e+15	2.65e-05	6.92e-02	9.31e-01
 4.88937e+15	3.04e-05	7.54e-02	9.25e-01
 4.95833e+15	3.40e-05	8.14e-02	9.19e-01
 5.03383e+15	3.91e-05	8.89e-02	9.11e-01
 5.10629e+15	4.61e-05	9.69e-02	9.03e-01
 5.15205e+15	5.02e-05	1.02e-01	8.98e-01
 5.18878e+15	5.43e-05	1.07e-01	8.93e-01
 5.23652e+15	5.98e-05	1.14e-01	8.86e-01
 5.29859e+15	6.85e-05	1.24e-01	8.76e-01
 5.35943e+15	7.83e-05	1.35e-01	8.65e-01
 5.40447e+15	8.59e-05	1.44e-01	8.56e-01
 5.44879e+15	9.55e-05	1.54e-01	8.46e-01
 5.49858e+15	1.10e-04	1.66e-01	8.34e-01
 5.53950e+15	1.21e-04	1.77e-01	8.23e-01
 5.57675e+15	1.34e-04	1.88e-01	8.12e-01
 5.62517e+15	1.50e-04	2.03e-01	7.96e-01
 5.68812e+15	1.82e-04	2.27e-01	7.73e-01
 5.74022e+15	2.05e-04	2.47e-01	7.52e-01
 5.77823e+15	2.34e-04	2.65e-01	7.34e-01
 5.81511e+15	2.60e-04	2.83e-01	7.17e-01
 5.85051e+15	2.88e-04	3.02e-01	6.97e-01
 5.89653e+15	3.33e-04	3.30e-01	6.70e-01
 5.94120e+15	3.80e-04	3.57e-01	6.42e-01
 5.97526e+15	4.20e-04	3.80e-01	6.19e-01
 6.01065e+15	4.69e-04	4.06e-01	5.93e-01
 6.05666e+15	5.40e-04	4.41e-01	5.58e-01
 6.10205e+15	6.16e-04	4.77e-01	5.23e-01
 6.13141e+15	6.68e-04	5.00e-01	5.00e-01
 6.15011e+15	7.04e-04	5.15e-01	4.84e-01
 6.17017e+15	7.46e-04	5.32e-01	4.67e-01
 6.19625e+15	8.04e-04	5.55e-01	4.44e-01
 6.22497e+15	8.69e-04	5.79e-01	4.20e-01
 6.25142e+15	9.29e-04	6.00e-01	3.99e-01
 6.27630e+15	9.91e-04	6.21e-01	3.78e-01
 6.30481e+15	1.07e-03	6.45e-01	3.54e-01
 6.33587e+15	1.15e-03	6.69e-01	3.30e-01
 6.36394e+15	1.22e-03	6.90e-01	3.09e-01
 6.38999e+15	1.29e-03	7.09e-01	2.90e-01
 6.41975e+15	1.38e-03	7.30e-01	2.69e-01
 6.45221e+15	1.47e-03	7.51e-01	2.47e-01
 6.48158e+15	1.56e-03	7.69e-01	2.29e-01
 6.51316e+15	1.65e-03	7.88e-01	2.10e-01
 6.54746e+15	1.76e-03	8.06e-01	1.92e-01
 6.57812e+15	1.85e-03	8.21e-01	1.77e-01
 6.60620e+15	1.94e-03	8.34e-01	1.64e-01
 6.63811e+15	2.05e-03	8.48e-01	1.50e-01
 6.67329e+15	2.17e-03	8.61e-01	1.37e-01
 6.70533e+15	2.27e-03	8.72e-01	1.26e-01
 6.73463e+15	2.38e-03	8.81e-01	1.16e-01
 6.76778e+15	2.50e-03	8.91e-01	1.06e-01
 6.80351e+15	2.64e-03	9.01e-01	9.68e-02
 6.83531e+15	2.76e-03	9.08e-01	8.94e-02
 6.86480e+15	2.89e-03	9.14e-01	8.29e-02
 6.89857e+15	3.04e-03	9.21e-01	7.58e-02
 6.93553e+15	3.22e-03	9.28e-01	6.92e-02
 6.96870e+15	3.39e-03	9.33e-01	6.37e-02
 6.99919e+15	3.56e-03	9.37e-01	5.92e-02
 7.03415e+15	3.76e-03	9.42e-01	5.43e-02
 7.07233e+15	4.02e-03	9.46e-01	4.96e-02
 7.10658e+15	4.26e-03	9.50e-01	4.58e-02
 7.14300e+15	4.54e-03	9.53e-01	4.21e-02
 7.18265e+15	4.90e-03	9.57e-01	3.85e-02
 7.21861e+15	5.26e-03	9.59e-01	3.55e-02
 7.25216e+15	5.64e-03	9.61e-01	3.30e-02
 7.29052e+15	6.15e-03	9.64e-01	3.02e-02
 7.33144e+15	6.77e-03	9.66e-01	2.77e-02
 7.36613e+15	7.39e-03	9.67e-01	2.58e-02
 7.39616e+15	7.98e-03	9.68e-01	2.43e-02
 7.42970e+15	8.76e-03	9.69e-01	2.27e-02
 7.46665e+15	9.80e-03	9.69e-01	2.10e-02
 7.49952e+15	1.09e-02	9.69e-01	1.97e-02
 7.52477e+15	1.19e-02	9.69e-01	1.88e-02
 7.54401e+15	1.28e-02	9.69e-01	1.82e-02
 7.56445e+15	1.38e-02	9.69e-01	1.75e-02
 7.59103e+15	1.54e-02	9.68e-01	1.66e-02
 7.61718e+15	1.72e-02	9.67e-01	1.59e-02
 7.63609e+15	1.88e-02	9.66e-01	1.54e-02
 7.65118e+15	2.03e-02	9.65e-01	1.50e-02
 7.66802e+15	2.21e-02	9.63e-01	1.46e-02
 7.68992e+15	2.47e-02	9.61e-01	1.41e-02
 7.71170e+15	2.79e-02	9.58e-01	1.37e-02
 7.72785e+15	3.07e-02	9.56e-01	1.34e-02
 7.74104e+15	3.34e-02	9.53e-01	1.32e-02
 7.75587e+15	3.67e-02	9.50e-01	1.30e-02
 7.77516e+15	4.15e-02	9.46e-01	1.27e-02
 7.79475e+15	4.76e-02	9.40e-01	1.26e-02
 7.80997e+15	5.34e-02	9.34e-01	1.24e-02
 7.82272e+15	5.87e-02	9.29e-01	1.24e-02
 7.83635e+15	6.54e-02	9.22e-01	1.23e-02
 7.85237e+15	7.43e-02	9.13e-01	1.23e-02
 7.86779e+15	8.45e-02	9.03e-01	1.23e-02
 7.87983e+15	9.39e-02	8.94e-01	1.24e-02
 7.89000e+15	1.03e-01	8.85e-01	1.25e-02
 7.89961e+15	1.12e-01	8.76e-01	1.25e-02
 7.90911e+15	1.22e-01	8.66e-01	1.26e-02
 7.91674e+15	1.31e-01	8.57e-01	1.27e-02
 7.92155e+15	1.36e-01	8.51e-01	1.27e-02
 7.92579e+15	1.42e-01	8.45e-01	1.28e-02
 7.93080e+15	1.49e-01	8.38e-01	1.28e-02
 7.93645e+15	1.57e-01	8.30e-01	1.29e-02
 7.94197e+15	1.66e-01	8.21e-01	1.29e-02
 7.94703e+15	1.74e-01	8.13e-01	1.30e-02
 7.95200e+15	1.82e-01	8.05e-01	1.30e-02
 7.95707e+15	1.91e-01	7.96e-01	1.31e-02
 7.96219e+15	2.01e-01	7.86e-01	1.31e-02
 7.96724e+15	2.11e-01	7.76e-01	1.32e-02
 7.97222e+15	2.22e-01	7.65e-01	1.32e-02
 7.97721e+15	2.32e-01	7.55e-01	1.33e-02
 7.98222e+15	2.44e-01	7.43e-01	1.33e-02
 7.98717e+15	2.56e-01	7.31e-01	1.34e-02
 7.99207e+15	2.68e-01	7.19e-01	1.34e-02
 7.99699e+15	2.81e-01	7.06e-01	1.34e-02
 8.00193e+15	2.94e-01	6.92e-01	1.34e-02
 8.00688e+15	3.08e-01	6.78e-01	1.34e-02
 8.01173e+15	3.22e-01	6.64e-01	1.34e-02
 8.01655e+15	3.37e-01	6.49e-01	1.34e-02
 8.02142e+15	3.52e-01	6.34e-01	1.34e-02
 8.02633e+15	3.68e-01	6.18e-01	1.34e-02
 8.03124e+15	3.85e-01	6.02e-01	1.33e-02
 8.03609e+15	4.01e-01	5.86e-01	1.33e-02
 8.04098e+15	4.18e-01	5.69e-01	1.32e-02
 8.04595e+15	4.36e-01	5.51e-01	1.31e-02
 8.05089e+15	4.54e-01	5.33e-01	1.30e-02
 8.05579e+15	4.72e-01	5.16e-01	1.29e-02
 8.06068e+15	4.90e-01	4.98e-01	1.27e-02
 8.06558e+15	5.08e-01	4.80e-01	1.26e-02
 8.07044e+15	5.25e-01	4.62e-01	1.24e-02
 8.07530e+15	5.43e-01	4.45e-01	1.22e-02
 8.08017e+15	5.61e-01	4.27e-01	1.20e-02
 8.08505e+15	5.78e-01	4.10e-01	1.18e-02
 8.08998e+15	5.96e-01	3.93e-01	1.15e-02
 8.09494e+15	6.13e-01	3.76e-01	1.13e-02
 8.09996e+15	6.29e-01	3.60e-01	1.10e-02
 8.10512e+15	6.46e-01	3.43e-01	1.07e-02
 8.11044e+15	6.62e-01	3.28e-01	1.04e-02
 8.11586e+15	6.78e-01	3.12e-01	1.01e-02
 8.12143e+15	6.93e-01	2.97e-01	9.79e-03
 8.12729e+15	7.08e-01	2.82e-01	9.45e-03
 8.13342e+15	7.23e-01	2.68e-01	9.10e-03
 8.13992e+15	7.37e-01	2.54e-01	8.75e-03
 8.14680e+15	7.50e-01	2.41e-01	8.39e-03
 8.15417e+15	7.63e-01	2.29e-01	8.03e-03
 8.16144e+15	7.74e-01	2.18e-01	7.71e-03
 8.16837e+15	7.83e-01	2.09e-01	7.41e-03
 8.17564e+15	7.92e-01	2.01e-01	7.12e-03
 8.18347e+15	8.00e-01	1.93e-01	6.85e-03
 8.19185e+15	8.07e-01	1.86e-01	6.58e-03
 8.20079e+15	8.14e-01	1.80e-01	6.33e-03
 8.21038e+15	8.20e-01	1.74e-01	6.08e-03
 8.22075e+15	8.26e-01	1.69e-01	5.85e-03
 8.23221e+15	8.31e-01	1.63e-01	5.60e-03
 8.24448e+15	8.35e-01	1.59e-01	5.39e-03
 8.25750e+15	8.40e-01	1.55e-01	5.16e-03
 8.27133e+15	8.44e-01	1.51e-01	4.96e-03
 8.28592e+15	8.48e-01	1.48e-01	4.75e-03
 8.30107e+15	8.51e-01	1.45e-01	4.56e-03
 8.31655e+15	8.54e-01	1.41e-01	4.37e-03
 8.33218e+15	8.57e-01	1.38e-01	4.20e-03
 8.34782e+15	8.60e-01	1.36e-01	4.03e-03
 8.36378e+15	8.63e-01	1.33e-01	3.86e-03
 8.37923e+15	8.66e-01	1.30e-01	3.71e-03
 8.39419e+15	8.68e-01	1.28e-01	3.57e-03
 8.40933e+15	8.71e-01	1.26e-01	3.44e-03
 8.42440e+15	8.73e-01	1.23e-01	3.31e-03
 8.43917e+15	8.76e-01	1.21e-01	3.18e-03
 8.45361e+15	8.78e-01	1.19e-01	3.07e-03
 8.46784e+15	8.80e-01	1.17e-01	2.96e-03
 8.48191e+15	8.82e-01	1.15e-01	2.86e-03
 8.49582e+15	8.84e-01	1.13e-01	2.76e-03
 8.50955e+15	8.86e-01	1.11e-01	2.67e-03
 8.52310e+15	8.88e-01	1.09e-01	2.58e-03
 8.53644e+15	8.90e-01	1.08e-01	2.49e-03
 8.54959e+15	8.92e-01	1.06e-01	2.41e-03
 8.56268e+15	8.93e-01	1.04e-01	2.33e-03
 8.57571e+15	8.95e-01	1.03e-01	2.26e-03
 8.58863e+15	8.97e-01	1.01e-01	2.19e-03
 8.60145e+15	8.98e-01	9.96e-02	2.12e-03
 8.61418e+15	9.00e-01	9.81e-02	2.06e-03
 8.62686e+15	9.01e-01	9.67e-02	1.99e-03
 8.63951e+15	9.03e-01	9.53e-02	1.93e-03
 8.65214e+15	9.04e-01	9.39e-02	1.87e-03
 8.66477e+15	9.06e-01	9.25e-02	1.82e-03
 8.67745e+15	9.07e-01	9.11e-02	1.76e-03
 8.69029e+15	9.09e-01	8.98e-02	1.71e-03
 8.70345e+15	9.10e-01	8.84e-02	1.65e-03
 8.71693e+15	9.11e-01	8.70e-02	1.60e-03
 8.73065e+15	9.13e-01	8.57e-02	1.55e-03
 8.74466e+15	9.14e-01	8.43e-02	1.50e-03
 8.75910e+15	9.16e-01	8.29e-02	1.44e-03
 8.77414e+15	9.17e-01	8.15e-02	1.39e-03
 8.78996e+15	9.19e-01	8.00e-02	1.34e-03
 8.80683e+15	9.20e-01	7.85e-02	1.29e-03
 8.82544e+15	9.22e-01	7.68e-02	1.23e-03
 8.84598e+15	9.24e-01	7.50e-02	1.17e-03
 8.86893e+15	9.26e-01	7.30e-02	1.11e-03
 8.89442e+15	9.28e-01	7.09e-02	1.04e-03
 8.91966e+15	9.30e-01	6.89e-02	9.80e-04
 8.94264e+15	9.32e-01	6.72e-02	9.28e-04
 8.96355e+15	9.34e-01	6.56e-02	8.83e-04
 8.98257e+15	9.35e-01	6.42e-02	8.43e-04
 8.99989e+15	9.36e-01	6.29e-02	8.09e-04
 9.01564e+15	9.37e-01	6.18e-02	7.79e-04
 9.02998e+15	9.38e-01	6.08e-02	7.52e-04
 9.04303e+15	9.39e-01	5.98e-02	7.28e-04
 9.05733e+15	9.40e-01	5.88e-02	7.03e-04
 9.07276e+15	9.42e-01	5.78e-02	6.77e-04
 9.08681e+15	9.43e-01	5.68e-02	6.54e-04
 9.09959e+15	9.43e-01	5.60e-02	6.33e-04
 9.11360e+15	9.44e-01	5.50e-02	6.09e-04
 9.12872e+15	9.45e-01	5.41e-02	5.89e-04
 9.14248e+15	9.46e-01	5.31e-02	5.68e-04
 9.15500e+15	9.47e-01	5.23e-02	5.50e-04
 9.16639e+15	9.48e-01	5.16e-02	5.34e-04
 9.17888e+15	9.49e-01	5.08e-02	5.16e-04
 9.19236e+15	9.50e-01	5.00e-02	4.99e-04
 9.20463e+15	9.50e-01	4.92e-02	4.84e-04
 9.21579e+15	9.51e-01	4.85e-02	4.69e-04
 9.22595e+15	9.52e-01	4.79e-02	4.57e-04
 9.23708e+15	9.52e-01	4.71e-02	4.43e-04
 9.24909e+15	9.53e-01	4.65e-02	4.29e-04
 9.26003e+15	9.54e-01	4.58e-02	4.16e-04
 9.26998e+15	9.54e-01	4.52e-02	4.06e-04
 9.28089e+15	9.55e-01	4.45e-02	3.93e-04
 9.29266e+15	9.56e-01	4.39e-02	3.81e-04
 9.30337e+15	9.56e-01	4.32e-02	3.70e-04
 9.31312e+15	9.57e-01	4.27e-02	3.60e-04
 9.32380e+15	9.58e-01	4.20e-02	3.49e-04
 9.33534e+15	9.58e-01	4.14e-02	3.39e-04
 9.34583e+15	9.59e-01	4.08e-02	3.29e-04
 9.35538e+15	9.59e-01	4.03e-02	3.20e-04
 9.36585e+15	9.60e-01	3.97e-02	3.10e-04
 9.37714e+15	9.61e-01	3.91e-02	3.01e-04
 9.38742e+15	9.61e-01	3.86e-02	2.93e-04
 9.39678e+15	9.62e-01	3.81e-02	2.85e-04
 9.40703e+15	9.62e-01	3.75e-02	2.77e-04
 9.41810e+15	9.63e-01	3.70e-02	2.69e-04
 9.42817e+15	9.63e-01	3.65e-02	2.61e-04
 9.43734e+15	9.64e-01	3.60e-02	2.55e-04
 9.44738e+15	9.64e-01	3.55e-02	2.47e-04
 9.45822e+15	9.65e-01	3.50e-02	2.41e-04
 9.46809e+15	9.65e-01	3.46e-02	2.34e-04
 9.47707e+15	9.66e-01	3.41e-02	2.28e-04
 9.48691e+15	9.66e-01	3.37e-02	2.22e-04
 9.49753e+15	9.67e-01	3.32e-02	2.16e-04
 9.50720e+15	9.67e-01	3.28e-02	2.10e-04
 9.51779e+15	9.67e-01	3.23e-02	2.04e-04
 9.52922e+15	9.68e-01	3.19e-02	1.98e-04
 9.53963e+15	9.68e-01	3.14e-02	1.93e-04
 9.55103e+15	9.69e-01	3.09e-02	1.87e-04
 9.56334e+15	9.69e-01	3.05e-02	1.82e-04
 9.57454e+15	9.70e-01	3.00e-02	1.76e-04
 9.58474e+15	9.70e-01	2.96e-02	1.72e-04
 9.59591e+15	9.71e-01	2.92e-02	1.67e-04
 9.60797e+15	9.71e-01	2.88e-02	1.62e-04
 9.61894e+15	9.71e-01	2.84e-02	1.58e-04
 9.63096e+15	9.72e-01	2.79e-02	1.53e-04
 9.64395e+15	9.72e-01	2.75e-02	1.48e-04
 9.65576e+15	9.73e-01	2.71e-02	1.44e-04
 9.66651e+15	9.73e-01	2.67e-02	1.40e-04
 9.67829e+15	9.74e-01	2.63e-02	1.36e-04
 9.69101e+15	9.74e-01	2.60e-02	1.32e-04
 9.70258e+15	9.74e-01	2.56e-02	1.28e-04
 9.71526e+15	9.75e-01	2.52e-02	1.24e-04
 9.72896e+15	9.75e-01	2.48e-02	1.20e-04
 9.74141e+15	9.75e-01	2.44e-02	1.17e-04
 9.75507e+15	9.76e-01	2.40e-02	1.13e-04
 9.76981e+15	9.76e-01	2.36e-02	1.09e-04
 9.78322e+15	9.77e-01	2.32e-02	1.06e-04
 9.79542e+15	9.77e-01	2.29e-02	1.03e-04
 9.80880e+15	9.77e-01	2.25e-02	9.95e-05
 9.82324e+15	9.78e-01	2.22e-02	9.66e-05
 9.83638e+15	9.78e-01	2.18e-02	9.35e-05
 9.85077e+15	9.78e-01	2.15e-02	9.04e-05
 9.86632e+15	9.79e-01	2.11e-02	8.74e-05
 9.88046e+15	9.79e-01	2.08e-02	8.47e-05
 9.89596e+15	9.80e-01	2.04e-02	8.17e-05
 9.91270e+15	9.80e-01	2.00e-02	7.89e-05
 9.92792e+15	9.80e-01	1.97e-02	7.63e-05
 9.94178e+15	9.81e-01	1.94e-02	7.40e-05
 9.95697e+15	9.81e-01	1.91e-02	7.16e-05
 9.97336e+15	9.81e-01	1.88e-02	6.92e-05
 9.98828e+15	9.81e-01	1.85e-02	6.70e-05
 1.00046e+16	9.82e-01	1.81e-02	6.47e-05
 1.00223e+16	9.82e-01	1.78e-02	6.24e-05
 1.00383e+16	9.82e-01	1.75e-02	6.03e-05
 1.00559e+16	9.83e-01	1.72e-02	5.81e-05
 1.00749e+16	9.83e-01	1.68e-02	5.59e-05
 1.00922e+16	9.83e-01	1.66e-02	5.40e-05
 1.01112e+16	9.84e-01	1.62e-02	5.19e-05
 1.01316e+16	9.84e-01	1.59e-02	4.99e-05
 1.01502e+16	9.84e-01	1.56e-02	4.81e-05
 1.01706e+16	9.85e-01	1.53e-02	4.62e-05
 1.01926e+16	9.85e-01	1.50e-02	4.43e-05
 1.02127e+16	9.85e-01	1.47e-02	4.26e-05
 1.02309e+16	9.86e-01	1.44e-02	4.12e-05
 1.02509e+16	9.86e-01	1.41e-02	3.96e-05
 1.02724e+16	9.86e-01	1.39e-02	3.80e-05
 1.02921e+16	9.86e-01	1.36e-02	3.67e-05
 1.03136e+16	9.87e-01	1.33e-02	3.52e-05
 1.03368e+16	9.87e-01	1.30e-02	3.38e-05
 1.03579e+16	9.87e-01	1.28e-02	3.25e-05
 1.03811e+16	9.87e-01	1.25e-02	3.11e-05
 1.04061e+16	9.88e-01	1.22e-02	2.98e-05
 1.04288e+16	9.88e-01	1.20e-02	2.86e-05
 1.04538e+16	9.88e-01	1.17e-02	2.73e-05
 1.04807e+16	9.89e-01	1.15e-02	2.61e-05
 1.05052e+16	9.89e-01	1.12e-02	2.50e-05
 1.05320e+16	9.89e-01	1.09e-02	2.39e-05
 1.05610e+16	9.89e-01	1.07e-02	2.27e-05
 1.05873e+16	9.90e-01	1.04e-02	2.18e-05
 1.06162e+16	9.90e-01	1.02e-02	2.07e-05
 1.06474e+16	9.90e-01	9.93e-03	1.97e-05
 1.06758e+16	9.90e-01	9.70e-03	1.88e-05
 1.07069e+16	9.91e-01	9.45e-03	1.78e-05
 1.07404e+16	9.91e-01	9.20e-03	1.69e-05
 1.07710e+16	9.91e-01	8.98e-03	1.61e-05
 1.08045e+16	9.91e-01	8.73e-03	1.53e-05
 1.08406e+16	9.91e-01	8.49e-03	1.44e-05
 1.08735e+16	9.92e-01	8.28e-03	1.37e-05
 1.09095e+16	9.92e-01	8.04e-03	1.30e-05
 1.09484e+16	9.92e-01	7.81e-03	1.22e-05
 1.09839e+16	9.92e-01	7.60e-03	1.16e-05
 1.10226e+16	9.93e-01	7.38e-03	1.09e-05
 1.10731e+16	9.93e-01	7.09e-03	1.01e-05
 1.11308e+16	9.93e-01	6.79e-03	9.29e-06
 1.11885e+16	9.93e-01	6.51e-03	8.56e-06
 1.12463e+16	9.94e-01	6.25e-03	7.88e-06
 1.13065e+16	9.94e-01	5.98e-03	7.24e-06
 1.13695e+16	9.94e-01	5.72e-03	6.63e-06
 1.14347e+16	9.95e-01	5.47e-03	6.06e-06
 1.15019e+16	9.95e-01	5.22e-03	5.53e-06
 1.15715e+16	9.95e-01	4.98e-03	5.04e-06
 1.16434e+16	9.95e-01	4.75e-03	4.58e-06
 1.17170e+16	9.95e-01	4.52e-03	4.16e-06
 1.17917e+16	9.96e-01	4.31e-03	3.78e-06
 1.18675e+16	9.96e-01	4.10e-03	3.43e-06
 1.19447e+16	9.96e-01	3.91e-03	3.11e-06
 1.20224e+16	9.96e-01	3.72e-03	2.83e-06
 1.21012e+16	9.96e-01	3.54e-03	2.56e-06
 1.21826e+16	9.97e-01	3.37e-03	2.32e-06
 1.22659e+16	9.97e-01	3.20e-03	2.10e-06
 1.23503e+16	9.97e-01	3.04e-03	1.90e-06
 1.24361e+16	9.97e-01	2.89e-03	1.71e-06
 1.25234e+16	9.97e-01	2.75e-03	1.55e-06
 1.26125e+16	9.97e-01	2.61e-03	1.39e-06
 1.27033e+16	9.98e-01	2.47e-03	1.25e-06
 1.27958e+16	9.98e-01	2.34e-03	1.13e-06
 1.28898e+16	9.98e-01	2.22e-03	1.01e-06
 1.29856e+16	9.98e-01	2.10e-03	9.11e-07
 1.30833e+16	9.98e-01	1.99e-03	8.16e-07
 1.31831e+16	9.98e-01	1.88e-03	7.31e-07
 1.32848e+16	9.98e-01	1.78e-03	6.54e-07
 1.33885e+16	9.98e-01	1.68e-03	5.84e-07
 1.34943e+16	9.98e-01	1.59e-03	5.21e-07
 1.36023e+16	9.99e-01	1.50e-03	4.64e-07
 1.37127e+16	9.99e-01	1.41e-03	4.12e-07
 1.38254e+16	9.99e-01	1.33e-03	3.66e-07
 1.39406e+16	9.99e-01	1.25e-03	3.24e-07
 1.40585e+16	9.99e-01	1.18e-03	2.87e-07
 1.41792e+16	9.99e-01	1.10e-03	2.53e-07
 1.43028e+16	9.99e-01	1.04e-03	2.23e-07
 1.44295e+16	9.99e-01	9.70e-04	1.96e-07
 1.45595e+16	9.99e-01	9.08e-04	1.72e-07
 1.46930e+16	9.99e-01	8.48e-04	1.50e-07
 1.48303e+16	9.99e-01	7.91e-04	1.31e-07
 1.49713e+16	9.99e-01	7.37e-04	1.13e-07
 1.51158e+16	9.99e-01	6.87e-04	9.85e-08
 1.52623e+16	9.99e-01	6.39e-04	8.54e-08
 1.54140e+16	9.99e-01	5.93e-04	7.35e-08
 1.55744e+16	9.99e-01	5.48e-04	6.29e-08
 1.57417e+16	9.99e-01	5.05e-04	5.35e-08
 1.59144e+16	1.00e+00	4.65e-04	4.53e-08
 1.60936e+16	1.00e+00	4.27e-04	3.82e-08
 1.62807e+16	1.00e+00	3.90e-04	3.19e-08
 1.64768e+16	1.00e+00	3.55e-04	2.65e-08
 1.66826e+16	1.00e+00	3.22e-04	2.18e-08
 1.68994e+16	1.00e+00	2.91e-04	1.78e-08
 1.71293e+16	1.00e+00	2.61e-04	1.44e-08
 1.73760e+16	1.00e+00	2.33e-04	1.14e-08
 1.76363e+16	1.00e+00	2.07e-04	9.02e-09
 1.79147e+16	1.00e+00	1.82e-04	6.99e-09
 1.82208e+16	1.00e+00	1.58e-04	5.29e-09
 1.85548e+16	1.00e+00	1.36e-04	3.92e-09
 1.89220e+16	1.00e+00	1.16e-04	2.82e-09
 1.93326e+16	1.00e+00	9.64e-05	1.96e-09
 1.97929e+16	1.00e+00	7.88e-05	1.31e-09
 2.03190e+16	1.00e+00	6.28e-05	8.34e-10
 2.08974e+16	1.00e+00	4.92e-05	5.14e-10
 2.14812e+16	1.00e+00	3.88e-05	3.19e-10
 2.20561e+16	1.00e+00	3.08e-05	2.01e-10
 2.26323e+16	1.00e+00	2.45e-05	1.28e-10
 2.32185e+16	1.00e+00	1.95e-05	8.11e-11
 2.38178e+16	1.00e+00	1.55e-05	5.14e-11
 2.44282e+16	1.00e+00	1.24e-05	3.26e-11
 2.50493e+16	1.00e+00	9.84e-06	2.07e-11
 2.56833e+16	1.00e+00	7.84e-06	1.32e-11
 2.63314e+16	1.00e+00	6.25e-06	8.37e-12
 2.69952e+16	1.00e+00	4.97e-06	5.30e-12
 2.76726e+16	1.00e+00	3.95e-06	3.36e-12
 2.83655e+16	1.00e+00	3.14e-06	2.13e-12
 2.90772e+16	1.00e+00	2.49e-06	1.34e-12
 2.98085e+16	1.00e+00	1.98e-06	8.44e-13
 3.05615e+16	1.00e+00	1.56e-06	5.29e-13
 3.13399e+16	1.00e+00	1.23e-06	3.29e-13
 3.21469e+16	1.00e+00	9.67e-07	2.03e-13
 3.29877e+16	1.00e+00	7.55e-07	1.24e-13
 3.38569e+16	1.00e+00	5.88e-07	7.54e-14
 3.47288e+16	1.00e+00	4.61e-07	4.63e-14
 3.55805e+16	1.00e+00	3.65e-07	2.91e-14
 3.64109e+16	1.00e+00	2.92e-07	1.86e-14
 3.72245e+16	1.00e+00	2.35e-07	1.21e-14
 3.80209e+16	1.00e+00	1.91e-07	8.00e-15
 3.87984e+16	1.00e+00	1.56e-07	5.38e-15
 3.95538e+16	1.00e+00	1.29e-07	3.68e-15
 4.02837e+16	1.00e+00	1.08e-07	2.56e-15
 4.09873e+16	1.00e+00	9.06e-08	1.82e-15
 4.16654e+16	1.00e+00	7.69e-08	1.31e-15
 4.23177e+16	1.00e+00	6.58e-08	9.61e-16
 4.29435e+16	1.00e+00	5.67e-08	7.16e-16
 4.35426e+16	1.00e+00	4.93e-08	5.42e-16
 4.41155e+16	1.00e+00	4.32e-08	4.16e-16
 4.46630e+16	1.00e+00	3.81e-08	3.25e-16
 4.51857e+16	1.00e+00	3.39e-08	2.56e-16
 4.56841e+16	1.00e+00	3.03e-08	2.05e-16
 4.61594e+16	1.00e+00	2.72e-08	1.66e-16
 4.66124e+16	1.00e+00	2.46e-08	1.36e-16
 4.70442e+16	1.00e+00	2.24e-08	1.13e-16
 4.74553e+16	1.00e+00	2.05e-08	9.44e-17
 4.78468e+16	1.00e+00	1.88e-08	7.98e-17
 4.82196e+16	1.00e+00	1.74e-08	6.80e-17
 4.85746e+16	1.00e+00	1.61e-08	5.85e-17
 4.89127e+16	1.00e+00	1.50e-08	5.07e-17
 4.92349e+16	1.00e+00	1.40e-08	4.43e-17
 4.95418e+16	1.00e+00	1.31e-08	3.90e-17
 4.98343e+16	1.00e+00	1.24e-08	3.45e-17
 5.01129e+16	1.00e+00	1.17e-08	3.08e-17
 5.03785e+16	1.00e+00	1.10e-08	2.76e-17
 5.06319e+16	1.00e+00	1.05e-08	2.48e-17
 5.08739e+16	1.00e+00	9.96e-09	2.25e-17
 5.11052e+16	1.00e+00	9.50e-09	2.05e-17
 5.13264e+16	1.00e+00	9.08e-09	1.87e-17
 5.15382e+16	1.00e+00	8.70e-09	1.72e-17
 5.17411e+16	1.00e+00	8.35e-09	1.58e-17
 5.19355e+16	1.00e+00	8.02e-09	1.47e-17
 5.21221e+16	1.00e+00	7.73e-09	1.36e-17
 5.23015e+16	1.00e+00	7.45e-09	1.27e-17
 5.24743e+16	1.00e+00	7.20e-09	1.18e-17
 5.26410e+16	1.00e+00	6.96e-09	1.11e-17
 5.28021e+16	1.00e+00	6.74e-09	1.04e-17
 5.29580e+16	1.00e+00	6.54e-09	9.75e-18
 5.31093e+16	1.00e+00	6.34e-09	9.19e-18
 5.32565e+16	1.00e+00	6.16e-09	8.67e-18
 5.34003e+16	1.00e+00	5.99e-09	8.19e-18
 5.35412e+16	1.00e+00	5.82e-09	7.75e-18
 5.36796e+16	1.00e+00	5.67e-09	7.34e-18
 5.38162e+16	1.00e+00	5.52e-09	6.96e-18
 5.39517e+16	1.00e+00	5.37e-09	6.60e-18
 5.40868e+16	1.00e+00	5.23e-09	6.26e-18
 5.42225e+16	1.00e+00	5.09e-09	5.94e-18
 5.43597e+16	1.00e+00	4.96e-09	5.63e-18
 5.44994e+16	1.00e+00	4.82e-09	5.33e-18
 5.46432e+16	1.00e+00	4.69e-09	5.04e-18
 5.47926e+16	1.00e+00	4.55e-09	4.76e-18
 5.49498e+16	1.00e+00	4.42e-09	4.48e-18
 5.51177e+16	1.00e+00	4.27e-09	4.19e-18
 5.53001e+16	1.00e+00	4.12e-09	3.91e-18
 5.55022e+16	1.00e+00	3.96e-09	3.61e-18
 5.57314e+16	1.00e+00	3.79e-09	3.30e-18
 5.59985e+16	1.00e+00	3.60e-09	2.98e-18
 5.63205e+16	1.00e+00	3.38e-09	2.63e-18
 5.67242e+16	1.00e+00	3.12e-09	2.25e-18
 5.72448e+16	1.00e+00	2.82e-09	1.84e-18
 5.79216e+16	1.00e+00	2.48e-09	1.42e-18
 5.88014e+16	1.00e+00	2.10e-09	1.02e-18
 5.99452e+16	1.00e+00	1.69e-09	6.68e-19
 6.14321e+16	1.00e+00	1.29e-09	3.89e-19
 6.33650e+16	1.00e+00	9.15e-10	1.97e-19
 6.56123e+16	1.00e+00	6.25e-10	9.25e-20
 6.79989e+16	1.00e+00	4.23e-10	4.26e-20
 7.04626e+16	1.00e+00	2.86e-10	1.97e-20
 7.29262e+16	1.00e+00	1.96e-10	9.29e-21
 7.54992e+16	1.00e+00	1.33e-10	0.00e+00
 7.82210e+16	1.00e+00	8.95e-11	0.00e+00
 8.10227e+16	1.00e+00	6.02e-11	0.00e+00
 8.38648e+16	1.00e+00	4.08e-11	0.00e+00
 8.67070e+16	1.00e+00	2.80e-11	0.00e+00
 8.95491e+16	1.00e+00	1.93e-11	0.00e+00
 9.25352e+16	1.00e+00	1.32e-11	0.00e+00
 9.56653e+16	1.00e+00	9.00e-12	0.00e+00
 9.87954e+16	1.00e+00	6.19e-12	0.00e+00
 1.01925e+17	1.00e+00	4.30e-12	0.00e+00
 1.05056e+17	1.00e+00	3.01e-12	0.00e+00
 1.08186e+17	1.00e+00	2.13e-12	0.00e+00
 1.11316e+17	1.00e+00	1.52e-12	0.00e+00
 1.14446e+17	1.00e+00	1.10e-12	0.00e+00
 1.17335e+17	1.00e+00	8.21e-13	0.00e+00
 1.19550e+17	1.00e+00	6.64e-13	0.00e+00
 1.20951e+17	1.00e+00	5.84e-13	0.00e+00
 1.21765e+17	1.00e+00	5.42e-13	0.00e+00
 1.22254e+17	1.00e+00	5.19e-13	0.00e+00
 1.22547e+17	1.00e+00	5.05e-13	0.00e+00
 1.22751e+17	1.00e+00	4.96e-13	0.00e+00
 1.22963e+17	1.00e+00	4.86e-13	0.00e+00
 1.23224e+17	1.00e+00	4.73e-13	0.00e+00
 1.23489e+17	1.00e+00	4.62e-13	0.00e+00
 1.23714e+17	1.00e+00	4.52e-13	0.00e+00
 1.23898e+17	1.00e+00	4.44e-13	0.00e+00
 1.24061e+17	1.00e+00	4.37e-13	0.00e+00
 1.24235e+17	1.00e+00	4.30e-13	0.00e+00
 1.24419e+17	1.00e+00	4.23e-13	0.00e+00
 1.24591e+17	1.00e+00	4.16e-13	0.00e+00
 1.24731e+17	1.00e+00	4.11e-13	0.00e+00
 1.24859e+17	1.00e+00	4.06e-13	0.00e+00
 1.24982e+17	1.00e+00	4.01e-13	0.00e+00
 1.25108e+17	1.00e+00	3.96e-13	0.00e+00
 1.25250e+17	1.00e+00	3.91e-13	0.00e+00
 1.25381e+17	1.00e+00	3.86e-13	0.00e+00
 1.25483e+17	1.00e+00	3.82e-13	0.00e+00
 1.25577e+17	1.00e+00	3.79e-13	0.00e+00
 1.25678e+17	1.00e+00	3.75e-13	0.00e+00
 1.25778e+17	1.00e+00	3.72e-13	0.00e+00
 1.25875e+17	1.00e+00	3.68e-13	0.00e+00
 1.25972e+17	1.00e+00	3.65e-13	0.00e+00
 1.26061e+17	1.00e+00	3.62e-13	0.00e+00
 1.26144e+17	1.00e+00	3.59e-13	0.00e+00
 1.26225e+17	1.00e+00	3.56e-13	0.00e+00
 1.26311e+17	1.00e+00	3.53e-13	0.00e+00
 1.26400e+17	1.00e+00	3.50e-13	0.00e+00
 1.26480e+17	1.00e+00	3.47e-13	0.00e+00
 1.26553e+17	1.00e+00	3.45e-13	0.00e+00
 1.26632e+17	1.00e+00	3.42e-13	0.00e+00
 1.26719e+17	1.00e+00	3.39e-13	0.00e+00
 1.26800e+17	1.00e+00	3.36e-13	0.00e+00
 1.26872e+17	1.00e+00	3.34e-13	0.00e+00
 1.26944e+17	1.00e+00	3.32e-13	0.00e+00
 1.27021e+17	1.00e+00	3.29e-13	0.00e+00
 1.27104e+17	1.00e+00	3.26e-13	0.00e+00
 1.27186e+17	1.00e+00	3.23e-13	0.00e+00
 1.27265e+17	1.00e+00	3.21e-13	0.00e+00
 1.27343e+17	1.00e+00	3.18e-13	0.00e+00
 1.27420e+17	1.00e+00	3.16e-13	0.00e+00
 1.27503e+17	1.00e+00	3.13e-13	0.00e+00
 1.27592e+17	1.00e+00	3.10e-13	0.00e+00
 1.27679e+17	1.00e+00	3.07e-13	0.00e+00
 1.27762e+17	1.00e+00	3.04e-13	0.00e+00
 1.27848e+17	1.00e+00	3.02e-13	0.00e+00
 1.27946e+17	1.00e+00	2.98e-13	0.00e+00
 1.28050e+17	1.00e+00	2.95e-13	0.00e+00
 1.28149e+17	1.00e+00	2.92e-13	0.00e+00
 1.28239e+17	1.00e+00	2.89e-13	0.00e+00
 1.28328e+17	1.00e+00	2.87e-13	0.00e+00
 1.28426e+17	1.00e+00	2.84e-13	0.00e+00
 1.28539e+17	1.00e+00	2.80e-13	0.00e+00
 1.28655e+17	1.00e+00	2.77e-13	0.00e+00
 1.28762e+17	1.00e+00	2.73e-13	0.00e+00
 1.28864e+17	1.00e+00	2.71e-13	0.00e+00
 1.28976e+17	1.00e+00	2.67e-13	0.00e+00
 1.29103e+17	1.00e+00	2.63e-13	0.00e+00
 1.29235e+17	1.00e+00	2.60e-13	0.00e+00
 1.29364e+17	1.00e+00	2.56e-13	0.00e+00
 1.29484e+17	1.00e+00	2.53e-13	0.00e+00
 1.29605e+17	1.00e+00	2.49e-13	0.00e+00
 1.29739e+17	1.00e+00	2.46e-13	0.00e+00
 1.29889e+17	1.00e+00	2.42e-13	0.00e+00
 1.30045e+17	1.00e+00	2.37e-13	0.00e+00
 1.30193e+17	1.00e+00	2.34e-13	0.00e+00
 1.30337e+17	1.00e+00	2.30e-13	0.00e+00
 1.30491e+17	1.00e+00	2.26e-13	0.00e+00
 1.30655e+17	1.00e+00	2.22e-13	0.00e+00
 1.30828e+17	1.00e+00	2.18e-13	0.00e+00
 1.31004e+17	1.00e+00	2.13e-13	0.00e+00
 1.31180e+17	1.00e+00	2.09e-13	0.00e+00
 1.31357e+17	1.00e+00	2.05e-13	0.00e+00
 1.31544e+17	1.00e+00	2.01e-13	0.00e+00
 1.31748e+17	1.00e+00	1.96e-13	0.00e+00
 1.31958e+17	1.00e+00	1.92e-13	0.00e+00
 1.32160e+17	1.00e+00	1.87e-13	0.00e+00
 1.32358e+17	1.00e+00	1.83e-13	0.00e+00
 1.32577e+17	1.00e+00	1.79e-13	0.00e+00
 1.32823e+17	1.00e+00	1.74e-13	0.00e+00
 1.33070e+17	1.00e+00	1.69e-13	0.00e+00
 1.33303e+17	1.00e+00	1.65e-13	0.00e+00
 1.33534e+17	1.00e+00	1.60e-13	0.00e+00
 1.33783e+17	1.00e+00	1.56e-13	0.00e+00
 1.34055e+17	1.00e+00	1.51e-13	0.00e+00
 1.34337e+17	1.00e+00	1.46e-13	0.00e+00
 1.34613e+17	1.00e+00	1.42e-13	0.00e+00
 1.34887e+17	1.00e+00	1.37e-13	0.00e+00
 1.35175e+17	1.00e+00	1.33e-13	0.00e+00
 1.35483e+17	1.00e+00	1.28e-13	0.00e+00
 1.35800e+17	1.00e+00	1.23e-13	0.00e+00
 1.36114e+17	1.00e+00	1.19e-13	0.00e+00
 1.36429e+17	1.00e+00	1.15e-13	0.00e+00
 1.36769e+17	1.00e+00	1.10e-13	0.00e+00
 1.37132e+17	1.00e+00	1.06e-13	0.00e+00
 1.37492e+17	1.00e+00	1.01e-13	0.00e+00
 1.37841e+17	1.00e+00	9.73e-14	0.00e+00
 1.38215e+17	1.00e+00	9.30e-14	0.00e+00
 1.38624e+17	1.00e+00	8.86e-14	0.00e+00
 1.39031e+17	1.00e+00	8.46e-14	0.00e+00
 1.39433e+17	1.00e+00	8.07e-14	0.00e+00
 1.39850e+17	1.00e+00	7.70e-14	0.00e+00
 1.40295e+17	1.00e+00	7.32e-14	0.00e+00
 1.40775e+17	1.00e+00	6.93e-14	0.00e+00
 1.41268e+17	1.00e+00	6.56e-14	0.00e+00
 1.41753e+17	1.00e+00	6.21e-14	0.00e+00
 1.42248e+17	1.00e+00	5.87e-14	0.00e+00
 1.42772e+17	1.00e+00	5.55e-14	0.00e+00
 1.43333e+17	1.00e+00	5.22e-14	0.00e+00
 1.43928e+17	1.00e+00	4.90e-14	0.00e+00
 1.44549e+17	1.00e+00	4.59e-14	0.00e+00
 1.45157e+17	1.00e+00	4.31e-14	0.00e+00
 1.45710e+17	1.00e+00	4.07e-14	0.00e+00
 1.46201e+17	1.00e+00	3.88e-14	0.00e+00
 1.46660e+17	1.00e+00	3.70e-14	0.00e+00
 1.47112e+17	1.00e+00	3.53e-14	0.00e+00
 1.47557e+17	1.00e+00	3.38e-14	0.00e+00
 1.47977e+17	1.00e+00	3.23e-14	0.00e+00
 1.48360e+17	1.00e+00	3.11e-14	0.00e+00
 1.48711e+17	1.00e+00	2.99e-14	0.00e+00
 1.49037e+17	1.00e+00	2.89e-14	0.00e+00
 1.49346e+17	1.00e+00	2.80e-14	0.00e+00
 1.49639e+17	1.00e+00	2.71e-14	0.00e+00
 1.49913e+17	1.00e+00	2.63e-14	0.00e+00
 1.50166e+17	1.00e+00	2.57e-14	0.00e+00
 1.50407e+17	1.00e+00	2.50e-14	0.00e+00
 1.50639e+17	1.00e+00	2.44e-14	0.00e+00
 1.50862e+17	1.00e+00	2.38e-14	0.00e+00
 1.51073e+17	1.00e+00	2.32e-14	0.00e+00
 1.51276e+17	1.00e+00	2.27e-14	0.00e+00
 1.51471e+17	1.00e+00	2.22e-14	0.00e+00
 1.51662e+17	1.00e+00	2.18e-14	0.00e+00
 1.51847e+17	1.00e+00	2.13e-14	0.00e+00
 1.52027e+17	1.00e+00	2.09e-14	0.00e+00
 1.52202e+17	1.00e+00	2.06e-14	0.00e+00
 1.52373e+17	1.00e+00	2.02e-14	0.00e+00
 1.52541e+17	1.00e+00	1.98e-14	0.00e+00
 1.52706e+17	1.00e+00	1.95e-14	0.00e+00
 1.52868e+17	1.00e+00	1.91e-14	0.00e+00
 1.53027e+17	1.00e+00	1.88e-14	0.00e+00
 1.53183e+17	1.00e+00	1.85e-14	0.00e+00
 1.53337e+17	1.00e+00	1.82e-14	0.00e+00
 1.53489e+17	1.00e+00	1.79e-14	0.00e+00
 1.53663e+17	1.00e+00	1.76e-14	0.00e+00
 1.53889e+17	1.00e+00	1.72e-14	0.00e+00
 1.54183e+17	1.00e+00	1.66e-14	0.00e+00
 1.54565e+17	1.00e+00	1.60e-14	0.00e+00
 1.55061e+17	1.00e+00	1.52e-14	0.00e+00
 1.55689e+17	1.00e+00	1.43e-14	0.00e+00
 1.56370e+17	1.00e+00	1.33e-14	0.00e+00
 1.56980e+17	1.00e+00	1.26e-14	0.00e+00
 1.57499e+17	1.00e+00	1.20e-14	0.00e+00
 1.57987e+17	1.00e+00	1.14e-14	0.00e+00
 1.58507e+17	1.00e+00	1.09e-14	0.00e+00
 1.59075e+17	1.00e+00	1.03e-14	0.00e+00
 1.59663e+17	1.00e+00	9.73e-15	0.00e+00
 1.60239e+17	1.00e+00	9.23e-15	0.00e+00
 1.60801e+17	1.00e+00	8.76e-15	0.00e+00
 1.61375e+17	1.00e+00	8.31e-15	0.00e+00
 1.61987e+17	1.00e+00	7.86e-15	0.00e+00
 1.62646e+17	1.00e+00	7.40e-15	0.00e+00
 1.63349e+17	1.00e+00	6.94e-15	0.00e+00
 1.64102e+17	1.00e+00	6.49e-15	0.00e+00
 1.64930e+17	1.00e+00	6.02e-15	0.00e+00
 1.65889e+17	1.00e+00	5.53e-15	0.00e+00
 1.67061e+17	1.00e+00	4.98e-15	0.00e+00
 1.68558e+17	1.00e+00	4.35e-15	0.00e+00
 1.70505e+17	1.00e+00	3.67e-15	0.00e+00
 1.73035e+17	1.00e+00	2.94e-15	0.00e+00
 1.76325e+17	1.00e+00	2.22e-15	0.00e+00
 1.80602e+17	1.00e+00	1.54e-15	0.00e+00
 1.86161e+17	1.00e+00	9.74e-16	0.00e+00
 1.93089e+17	1.00e+00	5.56e-16	0.00e+00
 2.00813e+17	1.00e+00	3.04e-16	0.00e+00
 2.08175e+17	1.00e+00	1.73e-16	0.00e+00
 2.14445e+17	1.00e+00	1.07e-16	0.00e+00
 2.19955e+17	1.00e+00	7.06e-17	0.00e+00
 2.26083e+17	1.00e+00	4.41e-17	0.00e+00
 2.34050e+17	1.00e+00	2.39e-17	0.00e+00
 2.42180e+17	1.00e+00	1.29e-17	0.00e+00
 2.48302e+17	1.00e+00	7.97e-18	0.00e+00
 2.52294e+17	1.00e+00	5.65e-18	0.00e+00
 2.54689e+17	1.00e+00	4.61e-18	0.00e+00
 2.56126e+17	1.00e+00	4.05e-18	0.00e+00
 2.56988e+17	1.00e+00	3.74e-18	0.00e+00
 2.57506e+17	1.00e+00	3.56e-18	0.00e+00
 2.57816e+17	1.00e+00	3.45e-18	0.00e+00
 2.58025e+17	1.00e+00	3.38e-18	0.00e+00
 2.58236e+17	1.00e+00	3.31e-18	0.00e+00
 2.58511e+17	1.00e+00	3.22e-18	0.00e+00
 2.58855e+17	1.00e+00	3.11e-18	0.00e+00
 2.59215e+17	1.00e+00	3.00e-18	0.00e+00
 2.59518e+17	1.00e+00	2.91e-18	0.00e+00
 2.59754e+17	1.00e+00	2.84e-18	0.00e+00
 2.59969e+17	1.00e+00	2.77e-18	0.00e+00
 2.60216e+17	1.00e+00	2.70e-18	0.00e+00
 2.60521e+17	1.00e+00	2.62e-18	0.00e+00
 2.60845e+17	1.00e+00	2.52e-18	0.00e+00
 2.61122e+17	1.00e+00	2.45e-18	0.00e+00
 2.61341e+17	1.00e+00	2.38e-18	0.00e+00
 2.61537e+17	1.00e+00	2.33e-18	0.00e+00
 2.61760e+17	1.00e+00	2.27e-18	0.00e+00
 2.62031e+17	1.00e+00	2.20e-18	0.00e+00
 2.62321e+17	1.00e+00	2.13e-18	0.00e+00
 2.62575e+17	1.00e+00	2.02e-18	0.00e+00
 2.62778e+17	1.00e+00	1.97e-18	0.00e+00
 2.62961e+17	1.00e+00	1.93e-18	0.00e+00
 2.63162e+17	1.00e+00	1.88e-18	0.00e+00
 2.63404e+17	1.00e+00	1.82e-18	0.00e+00
 2.63665e+17	1.00e+00	1.76e-18	0.00e+00
 2.63899e+17	1.00e+00	1.70e-18	0.00e+00
 2.64091e+17	1.00e+00	1.65e-18	0.00e+00
 2.64262e+17	1.00e+00	1.61e-18	0.00e+00
 2.64448e+17	1.00e+00	1.57e-18	0.00e+00
 2.64670e+17	1.00e+00	1.52e-18	0.00e+00
 2.64911e+17	1.00e+00	1.46e-18	0.00e+00
 2.65131e+17	1.00e+00	1.41e-18	0.00e+00
 2.65311e+17	1.00e+00	1.37e-18	0.00e+00
 2.65474e+17	1.00e+00	1.33e-18	0.00e+00
 2.65649e+17	1.00e+00	1.30e-18	0.00e+00
 2.65859e+17	1.00e+00	1.25e-18	0.00e+00
 2.66086e+17	1.00e+00	1.20e-18	0.00e+00
 2.66295e+17	1.00e+00	1.16e-18	0.00e+00
 2.66470e+17	1.00e+00	1.12e-18	0.00e+00
 2.66628e+17	1.00e+00	1.09e-18	0.00e+00
 2.66799e+17	1.00e+00	1.06e-18	0.00e+00
 2.66999e+17	1.00e+00	1.02e-18	0.00e+00
 2.67217e+17	1.00e+00	9.75e-19	0.00e+00
 2.67420e+17	1.00e+00	9.36e-19	0.00e+00
 2.67595e+17	1.00e+00	9.03e-19	0.00e+00
 2.67754e+17	1.00e+00	8.74e-19	0.00e+00
 2.67924e+17	1.00e+00	8.45e-19	0.00e+00
 2.68118e+17	1.00e+00	8.13e-19	0.00e+00
