#depth	N	N+	N+2	N+3	N+4	N+5	N+6	N+7
 1.49634e+10	0.00e+00	1.35e-32	8.66e-24	1.25e-15	2.03e-08	9.98e-01	2.44e-03	0.00e+00
 4.54887e+10	3.82e-42	1.91e-32	1.13e-23	1.50e-15	2.23e-08	9.98e-01	2.24e-03	2.51e-09
 7.72350e+10	0.00e+00	2.71e-32	1.47e-23	1.80e-15	2.45e-08	9.98e-01	2.03e-03	0.00e+00
 1.10251e+11	9.02e-42	3.83e-32	1.92e-23	2.15e-15	2.68e-08	9.98e-01	1.85e-03	0.00e+00
 1.44588e+11	0.00e+00	5.42e-32	2.50e-23	2.58e-15	2.95e-08	9.98e-01	1.69e-03	0.00e+00
 1.78750e+11	2.09e-41	7.56e-32	3.23e-23	3.08e-15	3.23e-08	9.98e-01	1.54e-03	0.00e+00
 2.14277e+11	0.00e+00	1.05e-31	4.17e-23	3.67e-15	3.53e-08	9.99e-01	1.41e-03	0.00e+00
 2.52775e+11	4.86e-41	1.49e-31	5.46e-23	4.41e-15	3.89e-08	9.99e-01	1.28e-03	0.00e+00
 2.92813e+11	0.00e+00	2.11e-31	7.13e-23	5.30e-15	4.28e-08	9.99e-01	1.16e-03	0.00e+00
 3.34452e+11	1.14e-40	2.99e-31	9.32e-23	6.38e-15	4.71e-08	9.99e-01	1.06e-03	0.00e+00
 3.77757e+11	0.00e+00	4.22e-31	1.22e-22	7.69e-15	5.19e-08	9.99e-01	9.61e-04	0.00e+00
 4.16868e+11	2.53e-40	5.71e-31	1.54e-22	9.04e-15	5.65e-08	9.99e-01	8.83e-04	0.00e+00
 4.49361e+11	0.00e+00	7.26e-31	1.86e-22	1.03e-14	6.05e-08	9.99e-01	8.25e-04	0.00e+00
 4.84918e+11	4.66e-40	9.38e-31	2.27e-22	1.18e-14	6.51e-08	9.99e-01	7.67e-04	0.00e+00
 5.30079e+11	0.00e+00	1.28e-30	2.89e-22	1.41e-14	7.13e-08	9.99e-01	7.01e-04	0.00e+00
 5.77252e+11	1.01e-39	1.76e-30	3.70e-22	1.67e-14	7.81e-08	9.99e-01	6.40e-04	0.00e+00
 6.18936e+11	0.00e+00	2.30e-30	4.57e-22	1.94e-14	8.45e-08	9.99e-01	5.92e-04	0.00e+00
 6.57553e+11	1.86e-39	2.91e-30	5.51e-22	2.22e-14	9.06e-08	9.99e-01	5.52e-04	0.00e+00
 7.01355e+11	0.00e+00	3.79e-30	6.77e-22	2.56e-14	9.80e-08	9.99e-01	5.11e-04	0.00e+00
 7.55598e+11	3.74e-39	5.17e-30	8.66e-22	3.06e-14	1.08e-07	1.00e+00	4.66e-04	0.00e+00
 8.09739e+11	0.00e+00	6.96e-30	1.10e-21	3.62e-14	1.18e-07	1.00e+00	4.26e-04	0.00e+00
 8.56214e+11	7.22e-39	8.90e-30	1.33e-21	4.16e-14	1.27e-07	1.00e+00	3.95e-04	0.00e+00
 9.06397e+11	0.00e+00	1.15e-29	1.63e-21	4.81e-14	1.37e-07	1.00e+00	3.66e-04	0.00e+00
 9.68420e+11	1.42e-38	1.56e-29	2.07e-21	5.72e-14	1.51e-07	1.00e+00	3.33e-04	0.00e+00
 1.03214e+12	0.00e+00	2.09e-29	2.63e-21	6.79e-14	1.65e-07	1.00e+00	3.04e-04	0.00e+00
 1.08986e+12	2.76e-38	2.71e-29	3.23e-21	7.89e-14	1.79e-07	1.00e+00	2.81e-04	0.00e+00
 1.15347e+12	0.00e+00	3.56e-29	4.02e-21	9.24e-14	1.95e-07	1.00e+00	2.58e-04	0.00e+00
 1.22818e+12	5.54e-38	4.84e-29	5.14e-21	1.10e-13	2.15e-07	1.00e+00	2.34e-04	0.00e+00
 1.30278e+12	0.00e+00	6.48e-29	6.49e-21	1.31e-13	2.36e-07	1.00e+00	2.13e-04	0.00e+00
 1.37386e+12	1.08e-37	8.46e-29	8.04e-21	1.53e-13	2.57e-07	1.00e+00	1.96e-04	0.00e+00
 1.45224e+12	0.00e+00	1.12e-28	1.01e-20	1.81e-13	2.82e-07	1.00e+00	1.79e-04	0.00e+00
 1.54025e+12	2.18e-37	1.52e-28	1.29e-20	2.16e-13	3.10e-07	1.00e+00	1.63e-04	0.00e+00
 1.61950e+12	0.00e+00	1.97e-28	1.59e-20	2.52e-13	3.38e-07	1.00e+00	1.50e-04	0.00e+00
 1.68497e+12	3.83e-37	2.43e-28	1.88e-20	2.85e-13	3.61e-07	1.00e+00	1.40e-04	0.00e+00
 1.75650e+12	0.00e+00	3.02e-28	2.24e-20	3.24e-13	3.88e-07	1.00e+00	1.31e-04	0.00e+00
 1.84783e+12	6.89e-37	3.96e-28	2.78e-20	3.80e-13	4.23e-07	1.00e+00	1.20e-04	0.00e+00
 1.94004e+12	0.00e+00	5.15e-28	3.44e-20	4.44e-13	4.61e-07	1.00e+00	1.10e-04	0.00e+00
 2.01643e+12	1.21e-36	6.35e-28	4.07e-20	5.02e-13	4.94e-07	1.00e+00	1.03e-04	0.00e+00
 2.09713e+12	0.00e+00	7.87e-28	4.84e-20	5.70e-13	5.29e-07	1.00e+00	9.60e-05	0.00e+00
 2.20056e+12	2.15e-36	1.03e-27	5.99e-20	6.66e-13	5.77e-07	1.00e+00	8.81e-05	0.00e+00
 2.30895e+12	0.00e+00	1.34e-27	7.43e-20	7.80e-13	6.29e-07	1.00e+00	8.09e-05	0.00e+00
 2.40404e+12	3.88e-36	1.68e-27	8.91e-20	8.91e-13	6.77e-07	1.00e+00	7.52e-05	0.00e+00
 2.50641e+12	0.00e+00	2.12e-27	1.08e-19	1.02e-12	7.30e-07	1.00e+00	6.97e-05	0.00e+00
 2.61988e+12	6.95e-36	2.73e-27	1.32e-19	1.19e-12	7.93e-07	1.00e+00	6.43e-05	0.00e+00
 2.72507e+12	0.00e+00	3.42e-27	1.58e-19	1.35e-12	8.53e-07	1.00e+00	5.98e-05	0.00e+00
 2.83912e+12	1.21e-35	4.33e-27	1.91e-19	1.55e-12	9.20e-07	1.00e+00	5.54e-05	0.00e+00
 2.96592e+12	0.00e+00	5.58e-27	2.34e-19	1.80e-12	9.99e-07	1.00e+00	5.11e-05	0.00e+00
 3.08411e+12	2.15e-35	7.01e-27	2.82e-19	2.06e-12	1.08e-06	1.00e+00	4.75e-05	0.00e+00
 3.21262e+12	0.00e+00	8.90e-27	3.41e-19	2.37e-12	1.16e-06	1.00e+00	4.40e-05	0.00e+00
 3.35555e+12	3.90e-35	1.15e-26	4.20e-19	2.75e-12	1.26e-06	1.00e+00	4.05e-05	0.00e+00
 3.48914e+12	0.00e+00	1.45e-26	5.06e-19	3.15e-12	1.36e-06	1.00e+00	3.76e-05	0.00e+00
 3.63471e+12	6.92e-35	1.86e-26	6.16e-19	3.63e-12	1.47e-06	1.00e+00	3.48e-05	0.00e+00
 3.79720e+12	0.00e+00	2.42e-26	7.61e-19	4.23e-12	1.60e-06	1.00e+00	3.20e-05	0.00e+00
 3.95002e+12	1.27e-34	3.07e-26	9.23e-19	4.86e-12	1.73e-06	1.00e+00	2.97e-05	0.00e+00
 4.11700e+12	0.00e+00	3.96e-26	1.13e-18	5.62e-12	1.87e-06	1.00e+00	2.74e-05	0.00e+00
 4.30396e+12	2.38e-34	5.20e-26	1.41e-18	6.57e-12	2.04e-06	1.00e+00	2.52e-05	0.00e+00
 4.48095e+12	3.22e-34	6.69e-26	1.72e-18	7.58e-12	2.20e-06	1.00e+00	2.33e-05	0.00e+00
 4.67164e+12	4.42e-34	8.69e-26	2.12e-18	8.79e-12	2.39e-06	1.00e+00	2.15e-05	0.00e+00
 4.88843e+12	6.23e-34	1.16e-25	2.66e-18	1.03e-11	2.61e-06	1.00e+00	1.97e-05	0.00e+00
 5.10145e+12	8.64e-34	1.52e-25	3.30e-18	1.21e-11	2.84e-06	1.00e+00	1.81e-05	0.00e+00
 5.32300e+12	1.20e-33	1.99e-25	4.10e-18	1.40e-11	3.08e-06	1.00e+00	1.67e-05	0.00e+00
 5.56584e+12	1.70e-33	2.66e-25	5.15e-18	1.65e-11	3.36e-06	1.00e+00	1.53e-05	0.00e+00
 5.81840e+12	2.43e-33	3.56e-25	6.48e-18	1.94e-11	3.66e-06	1.00e+00	1.41e-05	0.00e+00
 6.08107e+12	3.44e-33	4.74e-25	8.14e-18	2.27e-11	4.00e-06	1.00e+00	1.29e-05	0.00e+00
 6.32913e+12	4.74e-33	6.18e-25	1.00e-17	2.63e-11	4.32e-06	1.00e+00	1.19e-05	0.00e+00
 6.55300e+12	6.28e-33	7.80e-25	1.20e-17	2.98e-11	4.63e-06	1.00e+00	1.11e-05	0.00e+00
 6.76446e+12	8.15e-33	9.65e-25	1.42e-17	3.35e-11	4.92e-06	1.00e+00	1.05e-05	0.00e+00
 6.99846e+12	1.08e-32	1.22e-24	1.70e-17	3.80e-11	5.26e-06	1.00e+00	9.81e-06	0.00e+00
 7.26093e+12	1.47e-32	1.56e-24	2.07e-17	4.35e-11	5.65e-06	1.00e+00	9.13e-06	0.00e+00
 7.51075e+12	1.95e-32	1.97e-24	2.48e-17	4.92e-11	6.04e-06	1.00e+00	8.55e-06	0.00e+00
 7.78586e+12	2.63e-32	2.52e-24	3.01e-17	5.62e-11	6.48e-06	1.00e+00	7.97e-06	0.00e+00
 8.08653e+12	3.63e-32	3.28e-24	3.69e-17	6.47e-11	6.97e-06	1.00e+00	7.41e-06	0.00e+00
 8.36032e+12	4.83e-32	4.14e-24	4.42e-17	7.31e-11	7.44e-06	1.00e+00	6.95e-06	0.00e+00
 8.65615e+12	6.52e-32	5.29e-24	5.34e-17	8.32e-11	7.95e-06	1.00e+00	6.50e-06	0.00e+00
 8.98887e+12	9.07e-32	6.91e-24	6.56e-17	9.57e-11	8.56e-06	1.00e+00	6.04e-06	0.00e+00
 9.30508e+12	1.23e-31	8.83e-24	7.92e-17	1.09e-10	9.15e-06	1.00e+00	5.65e-06	0.00e+00
 9.65169e+12	1.69e-31	1.15e-23	9.69e-17	1.25e-10	9.82e-06	1.00e+00	5.26e-06	0.00e+00
 1.00346e+13	2.39e-31	1.52e-23	1.20e-16	1.44e-10	1.06e-05	1.00e+00	4.88e-06	0.00e+00
 1.03900e+13	3.26e-31	1.95e-23	1.46e-16	1.64e-10	1.13e-05	1.00e+00	4.57e-06	0.00e+00
 1.07774e+13	4.54e-31	2.55e-23	1.78e-16	1.89e-10	1.21e-05	1.00e+00	4.26e-06	0.00e+00
 1.12131e+13	6.52e-31	3.41e-23	2.23e-16	2.19e-10	1.31e-05	1.00e+00	3.95e-06	0.00e+00
 1.16283e+13	9.07e-31	4.45e-23	2.73e-16	2.51e-10	1.40e-05	1.00e+00	3.68e-06	0.00e+00
 1.20782e+13	1.29e-30	5.90e-23	3.38e-16	2.90e-10	1.51e-05	1.00e+00	3.42e-06	0.00e+00
 1.25770e+13	1.87e-30	7.96e-23	4.24e-16	3.38e-10	1.63e-05	1.00e+00	3.17e-06	0.00e+00
 1.30545e+13	2.64e-30	1.05e-22	5.23e-16	3.89e-10	1.75e-05	1.00e+00	2.95e-06	0.00e+00
 1.35653e+13	3.78e-30	1.40e-22	6.50e-16	4.50e-10	1.89e-05	1.00e+00	2.74e-06	0.00e+00
 1.41379e+13	5.59e-30	1.92e-22	8.23e-16	5.26e-10	2.04e-05	1.00e+00	2.54e-06	0.00e+00
 1.47111e+13	8.14e-30	2.59e-22	1.03e-15	6.12e-10	2.20e-05	1.00e+00	2.35e-06	0.00e+00
 1.53073e+13	1.19e-29	3.50e-22	1.30e-15	7.12e-10	2.37e-05	1.00e+00	2.18e-06	0.00e+00
 1.59495e+13	1.75e-29	4.79e-22	1.64e-15	8.33e-10	2.57e-05	1.00e+00	2.02e-06	0.00e+00
 1.66175e+13	2.59e-29	6.55e-22	2.07e-15	9.74e-10	2.77e-05	1.00e+00	1.86e-06	0.00e+00
 1.73121e+13	3.82e-29	8.94e-22	2.62e-15	1.14e-09	3.00e-05	1.00e+00	1.72e-06	0.00e+00
 1.79860e+13	5.55e-29	1.20e-21	3.27e-15	1.32e-09	3.22e-05	1.00e+00	1.60e-06	0.00e+00
 1.86219e+13	7.68e-29	1.57e-21	4.00e-15	1.51e-09	3.45e-05	1.00e+00	1.50e-06	0.00e+00
 1.92187e+13	1.04e-28	2.00e-21	4.80e-15	1.70e-09	3.66e-05	1.00e+00	1.41e-06	0.00e+00
 1.98646e+13	1.44e-28	2.58e-21	5.81e-15	1.93e-09	3.90e-05	1.00e+00	1.33e-06	0.00e+00
 2.05901e+13	2.03e-28	3.40e-21	7.15e-15	2.22e-09	4.17e-05	1.00e+00	1.24e-06	0.00e+00
 2.12801e+13	2.77e-28	4.37e-21	8.65e-15	2.52e-09	4.45e-05	1.00e+00	1.16e-06	0.00e+00
 2.20381e+13	3.89e-28	5.73e-21	1.06e-14	2.88e-09	4.76e-05	1.00e+00	1.09e-06	0.00e+00
 2.28892e+13	5.63e-28	7.70e-21	1.32e-14	3.34e-09	5.11e-05	1.00e+00	1.01e-06	0.00e+00
 2.37006e+13	7.86e-28	1.01e-20	1.62e-14	3.82e-09	5.47e-05	1.00e+00	9.45e-07	0.00e+00
 2.45861e+13	1.11e-27	1.33e-20	2.00e-14	4.40e-09	5.87e-05	1.00e+00	0.00e+00	0.00e+00
 2.55748e+13	1.64e-27	1.81e-20	2.52e-14	5.13e-09	6.33e-05	1.00e+00	0.00e+00	0.00e+00
 2.65345e+13	2.29e-27	2.38e-20	3.12e-14	5.92e-09	6.82e-05	1.00e+00	0.00e+00	0.00e+00
 2.75574e+13	3.31e-27	3.20e-20	3.90e-14	6.86e-09	7.33e-05	1.00e+00	0.00e+00	0.00e+00
 2.85974e+13	4.70e-27	4.25e-20	4.84e-14	7.93e-09	7.88e-05	1.00e+00	0.00e+00	0.00e+00
 2.95154e+13	6.40e-27	5.44e-20	5.82e-14	8.97e-09	8.38e-05	1.00e+00	0.00e+00	0.00e+00
 3.05117e+13	8.70e-27	6.98e-20	7.06e-14	1.02e-08	8.95e-05	1.00e+00	0.00e+00	0.00e+00
 3.17112e+13	1.25e-26	9.37e-20	8.85e-14	1.19e-08	9.66e-05	1.00e+00	0.00e+00	0.00e+00
 3.29005e+13	1.78e-26	1.24e-19	1.10e-13	1.37e-08	1.04e-04	1.00e+00	0.00e+00	0.00e+00
 3.39619e+13	2.42e-26	1.59e-19	1.32e-13	1.55e-08	1.10e-04	1.00e+00	0.00e+00	0.00e+00
 3.51316e+13	3.28e-26	2.04e-19	1.61e-13	1.77e-08	1.18e-04	1.00e+00	0.00e+00	0.00e+00
 3.65236e+13	4.81e-26	2.77e-19	2.02e-13	2.06e-08	1.28e-04	1.00e+00	0.00e+00	0.00e+00
 3.79041e+13	6.71e-26	3.64e-19	2.51e-13	2.39e-08	1.37e-04	1.00e+00	0.00e+00	0.00e+00
 3.91640e+13	9.08e-26	4.66e-19	3.04e-13	2.72e-08	1.47e-04	1.00e+00	0.00e+00	0.00e+00
 4.05676e+13	1.28e-25	6.14e-19	3.74e-13	3.12e-08	1.57e-04	1.00e+00	0.00e+00	0.00e+00
 4.22031e+13	1.82e-25	8.21e-19	4.71e-13	3.65e-08	1.70e-04	1.00e+00	0.00e+00	0.00e+00
 4.38088e+13	2.58e-25	1.09e-18	5.87e-13	4.22e-08	1.84e-04	1.00e+00	0.00e+00	0.00e+00
 4.53202e+13	3.58e-25	1.42e-18	7.17e-13	4.83e-08	1.96e-04	1.00e+00	0.00e+00	0.00e+00
 4.70043e+13	4.96e-25	1.85e-18	8.87e-13	5.57e-08	2.11e-04	1.00e+00	0.00e+00	0.00e+00
 4.89144e+13	7.15e-25	2.50e-18	1.12e-12	6.52e-08	2.29e-04	1.00e+00	0.00e+00	0.00e+00
 5.08201e+13	1.02e-24	3.33e-18	1.40e-12	7.59e-08	2.47e-04	1.00e+00	0.00e+00	0.00e+00
 5.26006e+13	1.42e-24	4.36e-18	1.72e-12	8.69e-08	2.65e-04	1.00e+00	0.00e+00	0.00e+00
 5.45332e+13	1.95e-24	5.66e-18	2.13e-12	1.00e-07	2.85e-04	1.00e+00	0.00e+00	0.00e+00
 5.66954e+13	2.83e-24	7.66e-18	2.67e-12	1.17e-07	3.08e-04	1.00e+00	0.00e+00	0.00e+00
 5.87146e+13	3.81e-24	9.82e-18	3.28e-12	1.34e-07	3.30e-04	1.00e+00	0.00e+00	0.00e+00
 6.05832e+13	5.09e-24	1.24e-17	3.95e-12	1.52e-07	3.52e-04	1.00e+00	0.00e+00	0.00e+00
 6.23769e+13	6.76e-24	1.56e-17	4.69e-12	1.71e-07	3.73e-04	1.00e+00	0.00e+00	0.00e+00
 6.43688e+13	9.00e-24	1.98e-17	5.65e-12	1.93e-07	3.97e-04	1.00e+00	0.00e+00	0.00e+00
 6.65711e+13	1.20e-23	2.52e-17	6.88e-12	2.21e-07	4.25e-04	1.00e+00	0.00e+00	0.00e+00
 6.86168e+13	1.61e-23	3.19e-17	8.23e-12	2.49e-07	4.51e-04	1.00e+00	0.00e+00	0.00e+00
 7.08464e+13	2.12e-23	4.01e-17	9.94e-12	2.82e-07	4.82e-04	1.00e+00	0.00e+00	0.00e+00
 7.33514e+13	2.96e-23	5.25e-17	1.22e-11	3.24e-07	5.16e-04	9.99e-01	0.00e+00	0.00e+00
 7.57479e+13	3.88e-23	6.60e-17	1.47e-11	3.68e-07	5.51e-04	9.99e-01	0.00e+00	0.00e+00
 7.83967e+13	5.39e-23	8.60e-17	1.81e-11	4.22e-07	5.90e-04	9.99e-01	0.00e+00	0.00e+00
 8.13179e+13	7.35e-23	1.12e-16	2.24e-11	4.88e-07	6.36e-04	9.99e-01	0.00e+00	0.00e+00
 8.40060e+13	9.87e-23	1.42e-16	2.72e-11	5.55e-07	6.78e-04	9.99e-01	0.00e+00	0.00e+00
 8.69135e+13	1.36e-22	1.84e-16	3.32e-11	6.35e-07	7.26e-04	9.99e-01	0.00e+00	0.00e+00
 9.01641e+13	1.85e-22	2.39e-16	4.13e-11	7.35e-07	7.83e-04	9.99e-01	0.00e+00	0.00e+00
 9.32225e+13	2.53e-22	3.09e-16	5.03e-11	8.39e-07	8.37e-04	9.99e-01	0.00e+00	0.00e+00
 9.65601e+13	3.39e-22	3.96e-16	6.18e-11	9.65e-07	8.99e-04	9.99e-01	0.00e+00	0.00e+00
 1.00266e+14	4.83e-22	5.28e-16	7.72e-11	1.12e-06	9.70e-04	9.99e-01	0.00e+00	0.00e+00
 1.03725e+14	6.35e-22	6.67e-16	9.43e-11	1.28e-06	1.04e-03	9.99e-01	0.00e+00	0.00e+00
 1.07487e+14	8.88e-22	8.77e-16	1.16e-10	1.48e-06	1.12e-03	9.99e-01	0.00e+00	0.00e+00
 1.11693e+14	1.21e-21	1.14e-15	1.46e-10	1.72e-06	1.21e-03	9.99e-01	0.00e+00	0.00e+00
 1.15670e+14	1.67e-21	1.49e-15	1.79e-10	1.98e-06	1.30e-03	9.99e-01	0.00e+00	0.00e+00
 1.19930e+14	2.26e-21	1.92e-15	2.22e-10	2.29e-06	1.40e-03	9.99e-01	0.00e+00	0.00e+00
 1.24758e+14	3.20e-21	2.57e-15	2.80e-10	2.67e-06	1.52e-03	9.98e-01	0.00e+00	0.00e+00
 1.29498e+14	4.30e-21	3.31e-15	3.48e-10	3.10e-06	1.64e-03	9.98e-01	0.00e+00	0.00e+00
 1.34051e+14	5.83e-21	4.26e-15	4.27e-10	3.56e-06	1.77e-03	9.98e-01	0.00e+00	0.00e+00
 1.39065e+14	7.84e-21	5.50e-15	5.29e-10	4.13e-06	1.91e-03	9.98e-01	0.00e+00	0.00e+00
 1.44658e+14	1.11e-20	7.34e-15	6.67e-10	4.83e-06	2.07e-03	9.98e-01	0.00e+00	0.00e+00
 1.49416e+14	1.44e-20	9.16e-15	8.05e-10	5.49e-06	2.22e-03	9.98e-01	0.00e+00	0.00e+00
 1.52919e+14	1.73e-20	1.08e-14	9.22e-10	6.03e-06	2.33e-03	9.98e-01	0.00e+00	0.00e+00
 1.56589e+14	2.12e-20	1.28e-14	1.06e-09	6.62e-06	2.45e-03	9.98e-01	0.00e+00	0.00e+00
 1.61359e+14	2.69e-20	1.57e-14	1.26e-09	7.47e-06	2.61e-03	9.97e-01	0.00e+00	0.00e+00
 1.66612e+14	3.47e-20	1.95e-14	1.52e-09	8.49e-06	2.80e-03	9.97e-01	0.00e+00	0.00e+00
 1.71466e+14	4.43e-20	2.40e-14	1.80e-09	9.52e-06	2.98e-03	9.97e-01	0.00e+00	0.00e+00
 1.76748e+14	5.60e-20	2.94e-14	2.15e-09	1.07e-05	3.18e-03	9.97e-01	0.00e+00	0.00e+00
 1.82675e+14	7.34e-20	3.71e-14	2.60e-09	1.23e-05	3.42e-03	9.97e-01	0.00e+00	0.00e+00
 1.88312e+14	9.37e-20	4.57e-14	3.11e-09	1.38e-05	3.65e-03	9.96e-01	0.00e+00	0.00e+00
 1.94508e+14	1.21e-19	5.70e-14	3.76e-09	1.58e-05	3.92e-03	9.96e-01	0.00e+00	0.00e+00
 2.01401e+14	1.59e-19	7.24e-14	4.60e-09	1.81e-05	4.23e-03	9.96e-01	0.00e+00	0.00e+00
 2.07917e+14	2.03e-19	8.96e-14	5.54e-09	2.06e-05	4.54e-03	9.95e-01	0.00e+00	0.00e+00
 2.15104e+14	2.67e-19	1.14e-13	6.76e-09	2.36e-05	4.89e-03	9.95e-01	0.00e+00	0.00e+00
 2.23076e+14	3.57e-19	1.46e-13	8.36e-09	2.72e-05	5.30e-03	9.95e-01	0.00e+00	0.00e+00
 2.30454e+14	4.60e-19	1.82e-13	1.01e-08	3.10e-05	5.69e-03	9.94e-01	0.00e+00	0.00e+00
 2.38433e+14	6.02e-19	2.30e-13	1.23e-08	3.55e-05	6.14e-03	9.94e-01	0.00e+00	0.00e+00
 2.47333e+14	8.05e-19	2.96e-13	1.53e-08	4.11e-05	6.66e-03	9.93e-01	0.00e+00	0.00e+00
 2.55669e+14	1.04e-18	3.71e-13	1.86e-08	4.69e-05	7.17e-03	9.93e-01	0.00e+00	0.00e+00
 2.64744e+14	1.37e-18	4.71e-13	2.28e-08	5.39e-05	7.75e-03	9.92e-01	0.00e+00	0.00e+00
 2.74865e+14	1.85e-18	6.11e-13	2.84e-08	6.26e-05	8.43e-03	9.92e-01	0.00e+00	0.00e+00
 2.84355e+14	2.41e-18	7.69e-13	3.47e-08	7.17e-05	9.07e-03	9.91e-01	0.00e+00	0.00e+00
 2.94646e+14	3.24e-18	9.92e-13	4.28e-08	8.26e-05	9.83e-03	9.90e-01	0.00e+00	0.00e+00
 3.06143e+14	4.41e-18	1.30e-12	5.37e-08	9.62e-05	1.07e-02	9.89e-01	0.00e+00	0.00e+00
 3.17084e+14	5.87e-18	1.66e-12	6.62e-08	1.11e-04	1.16e-02	9.88e-01	0.00e+00	0.00e+00
 3.28782e+14	7.88e-18	2.14e-12	8.20e-08	1.28e-04	1.25e-02	9.87e-01	0.00e+00	0.00e+00
 3.41963e+14	1.09e-17	2.83e-12	1.04e-07	1.49e-04	1.37e-02	9.86e-01	0.00e+00	0.00e+00
 3.55001e+14	1.48e-17	3.69e-12	1.30e-07	1.73e-04	1.49e-02	9.85e-01	0.00e+00	0.00e+00
 3.65658e+14	1.87e-17	4.52e-12	1.54e-07	1.95e-04	1.58e-02	9.84e-01	0.00e+00	0.00e+00
 3.73947e+14	2.28e-17	5.35e-12	1.77e-07	2.13e-04	1.67e-02	9.83e-01	0.00e+00	0.00e+00
 3.83030e+14	2.80e-17	6.36e-12	2.04e-07	2.34e-04	1.76e-02	9.82e-01	0.00e+00	0.00e+00
 3.94838e+14	3.61e-17	7.92e-12	2.45e-07	2.65e-04	1.88e-02	9.81e-01	0.00e+00	0.00e+00
 4.07599e+14	4.63e-17	9.85e-12	2.96e-07	3.00e-04	2.01e-02	9.80e-01	0.00e+00	0.00e+00
 4.19109e+14	6.00e-17	1.22e-11	3.50e-07	3.36e-04	2.14e-02	9.78e-01	0.00e+00	0.00e+00
 4.31583e+14	7.70e-17	1.51e-11	4.17e-07	3.77e-04	2.28e-02	9.77e-01	0.00e+00	0.00e+00
 4.47421e+14	1.05e-16	1.97e-11	5.19e-07	4.35e-04	2.47e-02	9.75e-01	0.00e+00	0.00e+00
 4.63338e+14	1.55e-16	2.55e-11	6.41e-07	5.00e-04	2.66e-02	9.73e-01	0.00e+00	0.00e+00
 4.76682e+14	1.99e-16	3.15e-11	7.60e-07	5.60e-04	2.83e-02	9.71e-01	0.00e+00	0.00e+00
 4.90975e+14	2.59e-16	3.92e-11	9.09e-07	6.29e-04	3.02e-02	9.69e-01	0.00e+00	0.00e+00
 5.09049e+14	3.56e-16	5.12e-11	1.13e-06	7.27e-04	3.27e-02	9.67e-01	0.00e+00	0.00e+00
 5.28009e+14	4.83e-16	6.65e-11	1.41e-06	8.40e-04	3.53e-02	9.64e-01	0.00e+00	0.00e+00
 5.45032e+14	6.67e-16	8.59e-11	1.71e-06	9.53e-04	3.78e-02	9.61e-01	0.00e+00	0.00e+00
 5.63568e+14	8.97e-16	1.10e-10	2.10e-06	1.09e-03	4.06e-02	9.58e-01	0.00e+00	0.00e+00
 5.85541e+14	1.27e-15	1.47e-10	2.64e-06	1.27e-03	4.41e-02	9.55e-01	0.00e+00	0.00e+00
 6.07164e+14	1.78e-15	1.94e-10	3.29e-06	1.46e-03	4.75e-02	9.51e-01	0.00e+00	0.00e+00
 6.26863e+14	2.39e-15	2.47e-10	4.00e-06	1.66e-03	5.08e-02	9.47e-01	0.00e+00	0.00e+00
 6.48882e+14	3.19e-15	3.17e-10	4.93e-06	1.90e-03	5.46e-02	9.43e-01	0.00e+00	0.00e+00
 6.74569e+14	4.71e-15	4.33e-10	6.24e-06	2.22e-03	5.93e-02	9.38e-01	0.00e+00	0.00e+00
 6.99884e+14	6.68e-15	5.75e-10	7.80e-06	2.56e-03	6.39e-02	9.33e-01	0.00e+00	0.00e+00
 7.23872e+14	9.18e-15	7.46e-10	9.57e-06	2.93e-03	6.85e-02	9.29e-01	0.00e+00	0.00e+00
 7.50517e+14	1.25e-14	9.69e-10	1.19e-05	3.37e-03	7.37e-02	9.23e-01	0.00e+00	0.00e+00
 7.80568e+14	1.89e-14	1.34e-09	1.51e-05	3.94e-03	8.00e-02	9.16e-01	0.00e+00	0.00e+00
 8.05824e+14	2.57e-14	1.72e-09	1.83e-05	4.46e-03	8.52e-02	9.10e-01	0.00e+00	0.00e+00
 8.24068e+14	3.18e-14	2.04e-09	2.10e-05	4.87e-03	8.91e-02	9.06e-01	0.00e+00	0.00e+00
 8.43175e+14	3.96e-14	2.44e-09	2.41e-05	5.32e-03	9.33e-02	9.01e-01	0.00e+00	0.00e+00
 8.68013e+14	5.03e-14	3.00e-09	2.86e-05	5.96e-03	9.87e-02	8.95e-01	0.00e+00	0.00e+00
 8.95736e+14	7.05e-14	3.91e-09	3.47e-05	6.74e-03	1.05e-01	8.88e-01	0.00e+00	0.00e+00
 9.21610e+14	9.28e-14	4.88e-09	4.11e-05	7.52e-03	1.11e-01	8.81e-01	0.00e+00	0.00e+00
 9.49649e+14	1.19e-13	6.04e-09	4.91e-05	8.43e-03	1.18e-01	8.74e-01	0.00e+00	0.00e+00
 9.81289e+14	1.70e-13	7.95e-09	5.99e-05	9.58e-03	1.25e-01	8.65e-01	0.00e+00	0.00e+00
 1.01135e+15	2.25e-13	9.99e-09	7.17e-05	1.07e-02	1.33e-01	8.57e-01	0.00e+00	0.00e+00
 1.04418e+15	2.97e-13	1.26e-08	8.66e-05	1.21e-02	1.41e-01	8.47e-01	0.00e+00	0.00e+00
 1.08104e+15	4.32e-13	1.69e-08	1.07e-04	1.39e-02	1.50e-01	8.36e-01	0.00e+00	0.00e+00
 1.11599e+15	5.80e-13	2.15e-08	1.29e-04	1.56e-02	1.59e-01	8.25e-01	0.00e+00	0.00e+00
 1.15425e+15	7.77e-13	2.74e-08	1.57e-04	1.77e-02	1.69e-01	8.14e-01	0.00e+00	0.00e+00
 1.19703e+15	1.15e-12	3.72e-08	1.94e-04	2.03e-02	1.80e-01	7.99e-01	0.00e+00	0.00e+00
 1.23674e+15	1.58e-12	4.78e-08	2.35e-04	2.29e-02	1.91e-01	7.86e-01	0.00e+00	0.00e+00
 1.27941e+15	2.16e-12	6.18e-08	2.87e-04	2.59e-02	2.02e-01	7.72e-01	0.00e+00	0.00e+00
 1.32738e+15	2.96e-12	8.04e-08	3.54e-04	2.96e-02	2.14e-01	7.56e-01	0.00e+00	0.00e+00
 1.37271e+15	4.29e-12	1.07e-07	4.31e-04	3.35e-02	2.27e-01	7.39e-01	0.00e+00	0.00e+00
 1.42209e+15	5.94e-12	1.39e-07	5.28e-04	3.80e-02	2.40e-01	7.22e-01	0.00e+00	0.00e+00
 1.47708e+15	8.20e-12	1.82e-07	6.54e-04	4.34e-02	2.54e-01	7.02e-01	0.00e+00	0.00e+00
 1.52684e+15	1.13e-11	2.35e-07	7.89e-04	4.88e-02	2.66e-01	6.84e-01	0.00e+00	0.00e+00
 1.57136e+15	1.49e-11	2.93e-07	9.29e-04	5.39e-02	2.78e-01	6.67e-01	0.00e+00	0.00e+00
 1.62161e+15	2.06e-11	3.78e-07	1.11e-03	6.01e-02	2.91e-01	6.48e-01	0.00e+00	0.00e+00
 1.68303e+15	2.81e-11	4.89e-07	1.36e-03	6.80e-02	3.05e-01	6.26e-01	0.00e+00	0.00e+00
 1.74518e+15	4.15e-11	6.59e-07	1.67e-03	7.69e-02	3.20e-01	6.01e-01	0.00e+00	0.00e+00
 1.79326e+15	5.33e-11	8.07e-07	1.94e-03	8.40e-02	3.31e-01	5.83e-01	0.00e+00	0.00e+00
 1.83682e+15	6.66e-11	9.64e-07	2.21e-03	9.08e-02	3.40e-01	5.67e-01	0.00e+00	0.00e+00
 1.89345e+15	8.74e-11	1.20e-06	2.60e-03	1.00e-01	3.52e-01	5.46e-01	0.00e+00	0.00e+00
 1.95434e+15	1.18e-10	1.52e-06	3.09e-03	1.10e-01	3.64e-01	5.22e-01	0.00e+00	0.00e+00
 2.00783e+15	1.51e-10	1.85e-06	3.56e-03	1.20e-01	3.74e-01	5.03e-01	0.00e+00	0.00e+00
 2.06447e+15	1.88e-10	2.23e-06	4.11e-03	1.30e-01	3.83e-01	4.83e-01	0.00e+00	0.00e+00
 2.13810e+15	2.68e-10	2.93e-06	4.96e-03	1.45e-01	3.95e-01	4.56e-01	0.00e+00	0.00e+00
 2.21084e+15	3.47e-10	3.63e-06	5.87e-03	1.59e-01	4.04e-01	4.31e-01	0.00e+00	0.00e+00
 2.26973e+15	4.59e-10	4.50e-06	6.74e-03	1.71e-01	4.12e-01	4.10e-01	0.00e+00	0.00e+00
 2.33360e+15	5.88e-10	5.48e-06	7.76e-03	1.85e-01	4.19e-01	3.89e-01	0.00e+00	0.00e+00
 2.41662e+15	7.67e-10	6.83e-06	9.21e-03	2.03e-01	4.26e-01	3.63e-01	0.00e+00	0.00e+00
 2.50264e+15	1.10e-09	8.99e-06	1.10e-02	2.22e-01	4.32e-01	3.35e-01	0.00e+00	0.00e+00
 2.57355e+15	1.40e-09	1.09e-05	1.26e-02	2.38e-01	4.35e-01	3.14e-01	0.00e+00	0.00e+00
 2.64676e+15	1.78e-09	1.32e-05	1.44e-02	2.55e-01	4.38e-01	2.93e-01	0.00e+00	0.00e+00
 2.74191e+15	2.33e-09	1.65e-05	1.70e-02	2.76e-01	4.38e-01	2.69e-01	0.00e+00	0.00e+00
 2.83819e+15	3.32e-09	2.15e-05	2.01e-02	2.99e-01	4.38e-01	2.43e-01	0.00e+00	0.00e+00
 2.91350e+15	4.16e-09	2.57e-05	2.27e-02	3.16e-01	4.36e-01	2.25e-01	0.00e+00	0.00e+00
 2.98896e+15	5.21e-09	3.06e-05	2.56e-02	3.33e-01	4.33e-01	2.08e-01	0.00e+00	0.00e+00
 3.08706e+15	6.84e-09	3.79e-05	2.96e-02	3.55e-01	4.27e-01	1.88e-01	0.00e+00	0.00e+00
 3.18727e+15	9.17e-09	4.75e-05	3.43e-02	3.77e-01	4.20e-01	1.68e-01	0.00e+00	0.00e+00
 3.26777e+15	1.13e-08	5.60e-05	3.83e-02	3.94e-01	4.13e-01	1.54e-01	0.00e+00	0.00e+00
 3.33484e+15	1.36e-08	6.43e-05	4.19e-02	4.08e-01	4.07e-01	1.43e-01	0.00e+00	0.00e+00
 3.40689e+15	1.64e-08	7.45e-05	4.61e-02	4.23e-01	4.00e-01	1.32e-01	0.00e+00	0.00e+00
 3.48755e+15	1.94e-08	8.53e-05	5.09e-02	4.38e-01	3.90e-01	1.20e-01	0.00e+00	0.00e+00
 3.57941e+15	2.56e-08	1.05e-04	5.74e-02	4.56e-01	3.79e-01	1.07e-01	0.00e+00	0.00e+00
 3.67875e+15	3.12e-08	1.23e-04	6.43e-02	4.73e-01	3.66e-01	9.58e-02	0.00e+00	0.00e+00
 3.76926e+15	4.10e-08	1.50e-04	7.19e-02	4.89e-01	3.54e-01	8.49e-02	0.00e+00	0.00e+00
 3.85108e+15	4.99e-08	1.74e-04	7.88e-02	5.02e-01	3.42e-01	7.66e-02	0.00e+00	0.00e+00
 3.92645e+15	5.95e-08	1.99e-04	8.57e-02	5.13e-01	3.31e-01	6.95e-02	0.00e+00	0.00e+00
 4.01071e+15	7.32e-08	2.32e-04	9.42e-02	5.25e-01	3.18e-01	6.20e-02	0.00e+00	0.00e+00
 4.10144e+15	8.61e-08	2.64e-04	1.03e-01	5.37e-01	3.05e-01	5.54e-02	0.00e+00	0.00e+00
 4.20059e+15	1.15e-07	3.26e-04	1.15e-01	5.48e-01	2.88e-01	4.77e-02	0.00e+00	0.00e+00
 4.30496e+15	1.38e-07	3.76e-04	1.28e-01	5.58e-01	2.72e-01	4.15e-02	0.00e+00	0.00e+00
 4.40048e+15	1.84e-07	4.62e-04	1.41e-01	5.66e-01	2.56e-01	3.56e-02	0.00e+00	0.00e+00
 4.48985e+15	2.27e-07	5.40e-04	1.55e-01	5.72e-01	2.42e-01	3.10e-02	0.00e+00	0.00e+00
 4.57230e+15	2.76e-07	6.25e-04	1.68e-01	5.76e-01	2.28e-01	2.72e-02	0.00e+00	0.00e+00
 4.64944e+15	3.32e-07	7.16e-04	1.81e-01	5.79e-01	2.16e-01	2.39e-02	0.00e+00	0.00e+00
 4.72259e+15	3.91e-07	8.08e-04	1.94e-01	5.80e-01	2.04e-01	2.12e-02	0.00e+00	0.00e+00
 4.80606e+15	4.90e-07	9.53e-04	2.11e-01	5.80e-01	1.90e-01	1.82e-02	0.00e+00	0.00e+00
 4.88937e+15	5.90e-07	1.09e-03	2.28e-01	5.79e-01	1.77e-01	1.57e-02	0.00e+00	0.00e+00
 4.95833e+15	6.78e-07	1.21e-03	2.43e-01	5.76e-01	1.66e-01	1.38e-02	0.00e+00	0.00e+00
 5.03383e+15	8.17e-07	1.39e-03	2.61e-01	5.72e-01	1.54e-01	1.19e-02	0.00e+00	0.00e+00
 5.10629e+15	1.06e-06	1.67e-03	2.81e-01	5.66e-01	1.42e-01	1.00e-02	0.00e+00	0.00e+00
 5.15205e+15	1.18e-06	1.81e-03	2.92e-01	5.62e-01	1.35e-01	9.10e-03	0.00e+00	0.00e+00
 5.18878e+15	1.31e-06	1.95e-03	3.03e-01	5.58e-01	1.29e-01	8.34e-03	0.00e+00	0.00e+00
 5.23652e+15	1.49e-06	2.14e-03	3.17e-01	5.52e-01	1.22e-01	7.47e-03	0.00e+00	0.00e+00
 5.29859e+15	1.77e-06	2.42e-03	3.36e-01	5.43e-01	1.12e-01	6.39e-03	0.00e+00	0.00e+00
 5.35943e+15	2.11e-06	2.74e-03	3.55e-01	5.34e-01	1.03e-01	5.47e-03	0.00e+00	0.00e+00
 5.40447e+15	2.34e-06	2.96e-03	3.69e-01	5.26e-01	9.68e-02	4.88e-03	0.00e+00	0.00e+00
 5.44879e+15	2.67e-06	3.26e-03	3.84e-01	5.18e-01	9.03e-02	4.29e-03	0.00e+00	0.00e+00
 5.49858e+15	3.29e-06	3.76e-03	4.04e-01	5.06e-01	8.27e-02	3.63e-03	0.00e+00	0.00e+00
 5.53950e+15	3.72e-06	4.10e-03	4.18e-01	4.97e-01	7.72e-02	3.21e-03	0.00e+00	0.00e+00
 5.57675e+15	4.21e-06	4.48e-03	4.33e-01	4.88e-01	7.20e-02	2.83e-03	0.00e+00	0.00e+00
 5.62517e+15	4.69e-06	4.86e-03	4.50e-01	4.77e-01	6.60e-02	2.43e-03	0.00e+00	0.00e+00
 5.68812e+15	6.20e-06	5.88e-03	4.78e-01	4.57e-01	5.74e-02	1.88e-03	0.00e+00	0.00e+00
 5.74022e+15	6.93e-06	6.38e-03	4.96e-01	4.44e-01	5.19e-02	1.59e-03	0.00e+00	0.00e+00
 5.77823e+15	8.46e-06	7.31e-03	5.14e-01	4.30e-01	4.69e-02	1.32e-03	0.00e+00	0.00e+00
 5.81511e+15	9.64e-06	8.01e-03	5.30e-01	4.18e-01	4.29e-02	1.13e-03	0.00e+00	0.00e+00
 5.85051e+15	1.09e-05	8.75e-03	5.44e-01	4.07e-01	3.91e-02	9.60e-04	0.00e+00	0.00e+00
 5.89653e+15	1.32e-05	9.98e-03	5.65e-01	3.90e-01	3.43e-02	7.61e-04	0.00e+00	0.00e+00
 5.94120e+15	1.57e-05	1.12e-02	5.83e-01	3.75e-01	3.02e-02	6.10e-04	0.00e+00	0.00e+00
 5.97526e+15	1.78e-05	1.23e-02	5.97e-01	3.63e-01	2.72e-02	5.10e-04	0.00e+00	0.00e+00
 6.01065e+15	2.05e-05	1.35e-02	6.12e-01	3.50e-01	2.43e-02	4.18e-04	0.00e+00	0.00e+00
 6.05666e+15	2.49e-05	1.54e-02	6.31e-01	3.33e-01	2.07e-02	3.17e-04	0.00e+00	0.00e+00
 6.10205e+15	2.98e-05	1.74e-02	6.48e-01	3.16e-01	1.77e-02	2.41e-04	0.00e+00	0.00e+00
 6.13141e+15	3.34e-05	1.88e-02	6.59e-01	3.06e-01	1.59e-02	2.02e-04	0.00e+00	0.00e+00
 6.15011e+15	3.60e-05	1.98e-02	6.66e-01	2.99e-01	1.48e-02	1.78e-04	0.00e+00	0.00e+00
 6.17017e+15	3.91e-05	2.09e-02	6.73e-01	2.92e-01	1.37e-02	1.56e-04	0.00e+00	0.00e+00
 6.19625e+15	4.37e-05	2.26e-02	6.82e-01	2.82e-01	1.23e-02	1.30e-04	0.00e+00	0.00e+00
 6.22497e+15	4.91e-05	2.44e-02	6.92e-01	2.72e-01	1.10e-02	1.06e-04	0.00e+00	0.00e+00
 6.25142e+15	5.47e-05	2.63e-02	7.01e-01	2.63e-01	9.81e-03	8.77e-05	0.00e+00	0.00e+00
 6.27630e+15	6.05e-05	2.81e-02	7.08e-01	2.55e-01	8.83e-03	7.30e-05	0.00e+00	0.00e+00
 6.30481e+15	6.82e-05	3.04e-02	7.17e-01	2.45e-01	7.77e-03	5.87e-05	0.00e+00	0.00e+00
 6.33587e+15	7.73e-05	3.31e-02	7.25e-01	2.35e-01	6.77e-03	4.63e-05	0.00e+00	0.00e+00
 6.36394e+15	8.65e-05	3.57e-02	7.33e-01	2.26e-01	5.96e-03	3.73e-05	0.00e+00	0.00e+00
 6.38999e+15	9.60e-05	3.82e-02	7.39e-01	2.17e-01	5.28e-03	3.03e-05	0.00e+00	0.00e+00
 6.41975e+15	1.08e-04	4.14e-02	7.46e-01	2.08e-01	4.58e-03	2.37e-05	0.00e+00	0.00e+00
 6.45221e+15	1.23e-04	4.51e-02	7.53e-01	1.98e-01	3.92e-03	1.82e-05	0.00e+00	0.00e+00
 6.48158e+15	1.38e-04	4.86e-02	7.58e-01	1.89e-01	3.41e-03	1.43e-05	0.00e+00	0.00e+00
 6.51316e+15	1.57e-04	5.28e-02	7.64e-01	1.80e-01	2.90e-03	1.09e-05	0.00e+00	0.00e+00
 6.54746e+15	1.80e-04	5.77e-02	7.69e-01	1.70e-01	2.44e-03	8.16e-06	0.00e+00	0.00e+00
 6.57812e+15	2.03e-04	6.24e-02	7.73e-01	1.62e-01	2.09e-03	6.27e-06	0.00e+00	0.00e+00
 6.60620e+15	2.26e-04	6.71e-02	7.76e-01	1.55e-01	1.81e-03	4.91e-06	0.00e+00	0.00e+00
 6.63811e+15	2.57e-04	7.28e-02	7.79e-01	1.46e-01	1.53e-03	3.69e-06	0.00e+00	0.00e+00
 6.67329e+15	2.95e-04	7.96e-02	7.82e-01	1.37e-01	1.27e-03	2.70e-06	0.00e+00	0.00e+00
 6.70533e+15	3.35e-04	8.62e-02	7.83e-01	1.29e-01	1.07e-03	2.03e-06	0.00e+00	0.00e+00
 6.73463e+15	3.75e-04	9.27e-02	7.84e-01	1.22e-01	9.14e-04	1.56e-06	0.00e+00	0.00e+00
 6.76778e+15	4.29e-04	1.01e-01	7.83e-01	1.14e-01	7.57e-04	1.14e-06	0.00e+00	0.00e+00
 6.80351e+15	4.96e-04	1.11e-01	7.82e-01	1.06e-01	6.19e-04	8.16e-07	0.00e+00	0.00e+00
 6.83531e+15	5.63e-04	1.20e-01	7.80e-01	9.92e-02	5.17e-04	0.00e+00	0.00e+00	0.00e+00
 6.86480e+15	6.36e-04	1.30e-01	7.77e-01	9.28e-02	4.35e-04	0.00e+00	0.00e+00	0.00e+00
 6.89857e+15	7.31e-04	1.41e-01	7.72e-01	8.57e-02	3.54e-04	0.00e+00	0.00e+00	0.00e+00
 6.93553e+15	8.53e-04	1.56e-01	7.65e-01	7.82e-02	2.83e-04	0.00e+00	0.00e+00	0.00e+00
 6.96870e+15	9.81e-04	1.70e-01	7.57e-01	7.19e-02	2.31e-04	0.00e+00	0.00e+00	0.00e+00
 6.99919e+15	1.12e-03	1.84e-01	7.49e-01	6.60e-02	1.90e-04	0.00e+00	0.00e+00	0.00e+00
 7.03415e+15	1.30e-03	2.02e-01	7.37e-01	5.97e-02	1.50e-04	0.00e+00	0.00e+00	0.00e+00
 7.07233e+15	1.54e-03	2.23e-01	7.22e-01	5.31e-02	1.16e-04	0.00e+00	0.00e+00	0.00e+00
 7.10658e+15	1.80e-03	2.45e-01	7.06e-01	4.75e-02	9.15e-05	0.00e+00	0.00e+00	0.00e+00
 7.14300e+15	2.12e-03	2.70e-01	6.86e-01	4.17e-02	6.98e-05	0.00e+00	0.00e+00	0.00e+00
 7.18265e+15	2.56e-03	3.00e-01	6.61e-01	3.59e-02	5.16e-05	0.00e+00	0.00e+00	0.00e+00
 7.21861e+15	3.03e-03	3.31e-01	6.35e-01	3.10e-02	3.87e-05	0.00e+00	0.00e+00	0.00e+00
 7.25216e+15	3.57e-03	3.62e-01	6.07e-01	2.66e-02	2.91e-05	0.00e+00	0.00e+00	0.00e+00
 7.29052e+15	4.31e-03	4.02e-01	5.72e-01	2.21e-02	2.06e-05	0.00e+00	0.00e+00	0.00e+00
 7.33144e+15	5.28e-03	4.47e-01	5.30e-01	1.77e-02	1.40e-05	0.00e+00	0.00e+00	0.00e+00
 7.36613e+15	6.31e-03	4.89e-01	4.90e-01	1.44e-02	9.83e-06	0.00e+00	0.00e+00	0.00e+00
 7.39616e+15	7.35e-03	5.27e-01	4.54e-01	1.18e-02	7.07e-06	0.00e+00	0.00e+00	0.00e+00
 7.42970e+15	8.73e-03	5.72e-01	4.10e-01	9.30e-03	4.77e-06	0.00e+00	0.00e+00	0.00e+00
 7.46665e+15	1.06e-02	6.22e-01	3.60e-01	6.92e-03	2.99e-06	0.00e+00	0.00e+00	0.00e+00
 7.49952e+15	1.27e-02	6.68e-01	3.14e-01	5.14e-03	1.89e-06	0.00e+00	0.00e+00	0.00e+00
 7.52477e+15	1.46e-02	7.03e-01	2.78e-01	3.99e-03	1.29e-06	0.00e+00	0.00e+00	0.00e+00
 7.54401e+15	1.62e-02	7.29e-01	2.52e-01	3.25e-03	9.54e-07	0.00e+00	0.00e+00	0.00e+00
 7.56445e+15	1.81e-02	7.56e-01	2.24e-01	2.57e-03	0.00e+00	0.00e+00	0.00e+00	0.00e+00
 7.59103e+15	2.10e-02	7.88e-01	1.90e-01	1.85e-03	0.00e+00	0.00e+00	0.00e+00	0.00e+00
 7.61718e+15	2.44e-02	8.17e-01	1.57e-01	1.30e-03	0.00e+00	0.00e+00	0.00e+00	0.00e+00
 7.63609e+15	2.72e-02	8.36e-01	1.36e-01	9.84e-04	0.00e+00	0.00e+00	0.00e+00	0.00e+00
 7.65118e+15	2.98e-02	8.50e-01	1.19e-01	7.76e-04	0.00e+00	0.00e+00	0.00e+00	0.00e+00
 7.66802e+15	3.30e-02	8.64e-01	1.03e-01	5.88e-04	0.00e+00	0.00e+00	0.00e+00	0.00e+00
 7.68992e+15	3.76e-02	8.78e-01	8.36e-02	4.03e-04	0.00e+00	0.00e+00	0.00e+00	0.00e+00
 7.71170e+15	4.31e-02	8.90e-01	6.67e-02	2.69e-04	0.00e+00	0.00e+00	0.00e+00	0.00e+00
 7.72785e+15	4.78e-02	8.96e-01	5.56e-02	1.94e-04	0.00e+00	0.00e+00	0.00e+00	0.00e+00
 7.74104e+15	5.22e-02	9.00e-01	4.75e-02	1.47e-04	0.00e+00	0.00e+00	0.00e+00	0.00e+00
 7.75587e+15	5.76e-02	9.03e-01	3.96e-02	1.06e-04	0.00e+00	0.00e+00	0.00e+00	0.00e+00
 7.77516e+15	6.57e-02	9.03e-01	3.09e-02	6.86e-05	0.00e+00	0.00e+00	0.00e+00	0.00e+00
 7.79475e+15	7.53e-02	9.01e-01	2.36e-02	4.28e-05	0.00e+00	0.00e+00	0.00e+00	0.00e+00
 7.80997e+15	8.41e-02	8.97e-01	1.88e-02	2.89e-05	0.00e+00	0.00e+00	0.00e+00	0.00e+00
 7.82272e+15	9.23e-02	8.92e-01	1.55e-02	2.06e-05	0.00e+00	0.00e+00	0.00e+00	0.00e+00
 7.83635e+15	1.02e-01	8.86e-01	1.25e-02	1.41e-05	0.00e+00	0.00e+00	0.00e+00	0.00e+00
 7.85237e+15	1.15e-01	8.76e-01	9.60e-03	8.97e-06	0.00e+00	0.00e+00	0.00e+00	0.00e+00
 7.86779e+15	1.29e-01	8.64e-01	7.37e-03	5.69e-06	0.00e+00	0.00e+00	0.00e+00	0.00e+00
 7.87983e+15	1.41e-01	8.53e-01	5.94e-03	3.93e-06	0.00e+00	0.00e+00	0.00e+00	0.00e+00
 7.89000e+15	1.52e-01	8.43e-01	4.94e-03	2.86e-06	0.00e+00	0.00e+00	0.00e+00	0.00e+00
 7.89961e+15	1.63e-01	8.33e-01	4.13e-03	2.10e-06	0.00e+00	0.00e+00	0.00e+00	0.00e+00
 7.90911e+15	1.74e-01	8.22e-01	3.44e-03	1.53e-06	0.00e+00	0.00e+00	0.00e+00	0.00e+00
 7.91674e+15	1.84e-01	8.13e-01	2.98e-03	1.20e-06	0.00e+00	0.00e+00	0.00e+00	0.00e+00
 7.92155e+15	1.90e-01	8.07e-01	2.71e-03	1.02e-06	0.00e+00	0.00e+00	0.00e+00	0.00e+00
 7.92579e+15	1.96e-01	8.02e-01	2.49e-03	8.84e-07	0.00e+00	0.00e+00	0.00e+00	0.00e+00
 7.93080e+15	2.03e-01	7.95e-01	2.25e-03	0.00e+00	0.00e+00	0.00e+00	0.00e+00	0.00e+00
 7.93645e+15	2.11e-01	7.87e-01	2.01e-03	0.00e+00	0.00e+00	0.00e+00	0.00e+00	0.00e+00
 7.94197e+15	2.19e-01	7.79e-01	1.79e-03	0.00e+00	0.00e+00	0.00e+00	0.00e+00	0.00e+00
 7.94703e+15	2.27e-01	7.72e-01	1.62e-03	0.00e+00	0.00e+00	0.00e+00	0.00e+00	0.00e+00
 7.95200e+15	2.35e-01	7.64e-01	1.46e-03	0.00e+00	0.00e+00	0.00e+00	0.00e+00	0.00e+00
 7.95707e+15	2.43e-01	7.56e-01	1.31e-03	0.00e+00	0.00e+00	0.00e+00	0.00e+00	0.00e+00
 7.96219e+15	2.51e-01	7.48e-01	1.17e-03	0.00e+00	0.00e+00	0.00e+00	0.00e+00	0.00e+00
 7.96724e+15	2.59e-01	7.40e-01	1.06e-03	0.00e+00	0.00e+00	0.00e+00	0.00e+00	0.00e+00
 7.97222e+15	2.67e-01	7.32e-01	9.47e-04	0.00e+00	0.00e+00	0.00e+00	0.00e+00	0.00e+00
 7.97721e+15	2.76e-01	7.23e-01	8.49e-04	0.00e+00	0.00e+00	0.00e+00	0.00e+00	0.00e+00
 7.98222e+15	2.85e-01	7.15e-01	7.60e-04	0.00e+00	0.00e+00	0.00e+00	0.00e+00	0.00e+00
 7.98717e+15	2.93e-01	7.06e-01	6.82e-04	0.00e+00	0.00e+00	0.00e+00	0.00e+00	0.00e+00
 7.99207e+15	3.02e-01	6.97e-01	6.11e-04	0.00e+00	0.00e+00	0.00e+00	0.00e+00	0.00e+00
 7.99699e+15	3.11e-01	6.88e-01	5.47e-04	0.00e+00	0.00e+00	0.00e+00	0.00e+00	0.00e+00
 8.00193e+15	3.21e-01	6.79e-01	4.88e-04	0.00e+00	0.00e+00	0.00e+00	0.00e+00	0.00e+00
 8.00688e+15	3.30e-01	6.70e-01	4.36e-04	0.00e+00	0.00e+00	0.00e+00	0.00e+00	0.00e+00
 8.01173e+15	3.39e-01	6.60e-01	3.90e-04	0.00e+00	0.00e+00	0.00e+00	0.00e+00	0.00e+00
 8.01655e+15	3.49e-01	6.51e-01	3.49e-04	0.00e+00	0.00e+00	0.00e+00	0.00e+00	0.00e+00
 8.02142e+15	3.58e-01	6.41e-01	3.12e-04	0.00e+00	0.00e+00	0.00e+00	0.00e+00	0.00e+00
 8.02633e+15	3.68e-01	6.31e-01	2.78e-04	0.00e+00	0.00e+00	0.00e+00	0.00e+00	0.00e+00
 8.03124e+15	3.78e-01	6.21e-01	2.47e-04	0.00e+00	0.00e+00	0.00e+00	0.00e+00	0.00e+00
 8.03609e+15	3.89e-01	6.11e-01	2.21e-04	0.00e+00	0.00e+00	0.00e+00	0.00e+00	0.00e+00
 8.04098e+15	4.00e-01	6.00e-01	1.96e-04	0.00e+00	0.00e+00	0.00e+00	0.00e+00	0.00e+00
 8.04595e+15	4.10e-01	5.90e-01	1.74e-04	0.00e+00	0.00e+00	0.00e+00	0.00e+00	0.00e+00
 8.05089e+15	4.21e-01	5.79e-01	1.55e-04	0.00e+00	0.00e+00	0.00e+00	0.00e+00	0.00e+00
 8.05579e+15	4.33e-01	5.67e-01	1.38e-04	0.00e+00	0.00e+00	0.00e+00	0.00e+00	0.00e+00
 8.06068e+15	4.44e-01	5.56e-01	1.23e-04	0.00e+00	0.00e+00	0.00e+00	0.00e+00	0.00e+00
 8.06558e+15	4.56e-01	5.44e-01	1.09e-04	0.00e+00	0.00e+00	0.00e+00	0.00e+00	0.00e+00
 8.07044e+15	4.67e-01	5.32e-01	9.71e-05	0.00e+00	0.00e+00	0.00e+00	0.00e+00	0.00e+00
 8.07530e+15	4.80e-01	5.20e-01	8.65e-05	0.00e+00	0.00e+00	0.00e+00	0.00e+00	0.00e+00
 8.08017e+15	4.92e-01	5.08e-01	7.71e-05	0.00e+00	0.00e+00	0.00e+00	0.00e+00	0.00e+00
 8.08505e+15	5.04e-01	4.96e-01	6.87e-05	0.00e+00	0.00e+00	0.00e+00	0.00e+00	0.00e+00
 8.08998e+15	5.18e-01	4.82e-01	6.11e-05	0.00e+00	0.00e+00	0.00e+00	0.00e+00	0.00e+00
 8.09494e+15	5.31e-01	4.69e-01	5.45e-05	0.00e+00	0.00e+00	0.00e+00	0.00e+00	0.00e+00
 8.09996e+15	5.45e-01	4.55e-01	4.87e-05	0.00e+00	0.00e+00	0.00e+00	0.00e+00	0.00e+00
 8.10512e+15	5.58e-01	4.42e-01	4.34e-05	0.00e+00	0.00e+00	0.00e+00	0.00e+00	0.00e+00
 8.11044e+15	5.74e-01	4.26e-01	3.85e-05	0.00e+00	0.00e+00	0.00e+00	0.00e+00	0.00e+00
 8.11586e+15	5.87e-01	4.12e-01	3.43e-05	0.00e+00	0.00e+00	0.00e+00	0.00e+00	0.00e+00
 8.12143e+15	6.03e-01	3.97e-01	3.05e-05	0.00e+00	0.00e+00	0.00e+00	0.00e+00	0.00e+00
 8.12729e+15	6.18e-01	3.81e-01	2.71e-05	0.00e+00	0.00e+00	0.00e+00	0.00e+00	0.00e+00
 8.13342e+15	6.34e-01	3.66e-01	2.41e-05	0.00e+00	0.00e+00	0.00e+00	0.00e+00	0.00e+00
 8.13992e+15	6.51e-01	3.49e-01	2.13e-05	0.00e+00	0.00e+00	0.00e+00	0.00e+00	0.00e+00
 8.14680e+15	6.67e-01	3.33e-01	1.88e-05	0.00e+00	0.00e+00	0.00e+00	0.00e+00	0.00e+00
 8.15417e+15	6.86e-01	3.14e-01	1.65e-05	0.00e+00	0.00e+00	0.00e+00	0.00e+00	0.00e+00
 8.16144e+15	7.01e-01	2.99e-01	1.48e-05	0.00e+00	0.00e+00	0.00e+00	0.00e+00	0.00e+00
 8.16837e+15	7.15e-01	2.85e-01	1.34e-05	0.00e+00	0.00e+00	0.00e+00	0.00e+00	0.00e+00
 8.17564e+15	7.28e-01	2.72e-01	1.21e-05	0.00e+00	0.00e+00	0.00e+00	0.00e+00	0.00e+00
 8.18347e+15	7.41e-01	2.59e-01	1.10e-05	0.00e+00	0.00e+00	0.00e+00	0.00e+00	0.00e+00
 8.19185e+15	7.54e-01	2.46e-01	9.98e-06	0.00e+00	0.00e+00	0.00e+00	0.00e+00	0.00e+00
 8.20079e+15	7.66e-01	2.34e-01	9.08e-06	0.00e+00	0.00e+00	0.00e+00	0.00e+00	0.00e+00
 8.21038e+15	7.78e-01	2.22e-01	8.27e-06	0.00e+00	0.00e+00	0.00e+00	0.00e+00	0.00e+00
 8.22075e+15	7.90e-01	2.10e-01	7.51e-06	0.00e+00	0.00e+00	0.00e+00	0.00e+00	0.00e+00
 8.23221e+15	8.00e-01	2.00e-01	6.88e-06	0.00e+00	0.00e+00	0.00e+00	0.00e+00	0.00e+00
 8.24448e+15	8.12e-01	1.88e-01	6.25e-06	0.00e+00	0.00e+00	0.00e+00	0.00e+00	0.00e+00
 8.25750e+15	8.21e-01	1.79e-01	5.73e-06	0.00e+00	0.00e+00	0.00e+00	0.00e+00	0.00e+00
 8.27133e+15	8.31e-01	1.69e-01	5.20e-06	0.00e+00	0.00e+00	0.00e+00	0.00e+00	0.00e+00
 8.28592e+15	8.40e-01	1.60e-01	4.76e-06	0.00e+00	0.00e+00	0.00e+00	0.00e+00	0.00e+00
 8.30107e+15	8.50e-01	1.50e-01	4.32e-06	0.00e+00	0.00e+00	0.00e+00	0.00e+00	0.00e+00
 8.31655e+15	8.58e-01	1.42e-01	3.94e-06	0.00e+00	0.00e+00	0.00e+00	0.00e+00	0.00e+00
 8.33218e+15	8.67e-01	1.33e-01	3.58e-06	0.00e+00	0.00e+00	0.00e+00	0.00e+00	0.00e+00
 8.34782e+15	8.75e-01	1.25e-01	3.26e-06	0.00e+00	0.00e+00	0.00e+00	0.00e+00	0.00e+00
 8.36378e+15	8.82e-01	1.18e-01	2.97e-06	0.00e+00	0.00e+00	0.00e+00	0.00e+00	0.00e+00
 8.37923e+15	8.89e-01	1.11e-01	2.70e-06	0.00e+00	0.00e+00	0.00e+00	0.00e+00	0.00e+00
 8.39419e+15	8.96e-01	1.04e-01	2.46e-06	0.00e+00	0.00e+00	0.00e+00	0.00e+00	0.00e+00
 8.40933e+15	9.02e-01	9.78e-02	2.24e-06	0.00e+00	0.00e+00	0.00e+00	0.00e+00	0.00e+00
 8.42440e+15	9.08e-01	9.18e-02	2.05e-06	0.00e+00	0.00e+00	0.00e+00	0.00e+00	0.00e+00
 8.43917e+15	9.14e-01	8.63e-02	1.87e-06	0.00e+00	0.00e+00	0.00e+00	0.00e+00	0.00e+00
 8.45361e+15	9.19e-01	8.11e-02	1.71e-06	0.00e+00	0.00e+00	0.00e+00	0.00e+00	0.00e+00
 8.46784e+15	9.24e-01	7.62e-02	1.56e-06	0.00e+00	0.00e+00	0.00e+00	0.00e+00	0.00e+00
 8.48191e+15	9.28e-01	7.17e-02	1.43e-06	0.00e+00	0.00e+00	0.00e+00	0.00e+00	0.00e+00
 8.49582e+15	9.33e-01	6.74e-02	1.31e-06	0.00e+00	0.00e+00	0.00e+00	0.00e+00	0.00e+00
 8.50955e+15	9.37e-01	6.34e-02	1.20e-06	0.00e+00	0.00e+00	0.00e+00	0.00e+00	0.00e+00
 8.52310e+15	9.40e-01	5.97e-02	1.10e-06	0.00e+00	0.00e+00	0.00e+00	0.00e+00	0.00e+00
 8.53644e+15	9.44e-01	5.63e-02	1.01e-06	0.00e+00	0.00e+00	0.00e+00	0.00e+00	0.00e+00
 8.54959e+15	9.47e-01	5.30e-02	9.33e-07	0.00e+00	0.00e+00	0.00e+00	0.00e+00	0.00e+00
 8.56268e+15	9.50e-01	5.00e-02	8.59e-07	0.00e+00	0.00e+00	0.00e+00	0.00e+00	0.00e+00
 8.57571e+15	9.53e-01	4.71e-02	7.91e-07	0.00e+00	0.00e+00	0.00e+00	0.00e+00	0.00e+00
 8.58863e+15	9.56e-01	4.45e-02	7.29e-07	0.00e+00	0.00e+00	0.00e+00	0.00e+00	0.00e+00
 8.60145e+15	9.58e-01	4.19e-02	6.72e-07	0.00e+00	0.00e+00	0.00e+00	0.00e+00	0.00e+00
 8.61418e+15	9.60e-01	3.96e-02	6.21e-07	0.00e+00	0.00e+00	0.00e+00	0.00e+00	0.00e+00
 8.62686e+15	9.63e-01	3.74e-02	5.73e-07	0.00e+00	0.00e+00	0.00e+00	0.00e+00	0.00e+00
 8.63951e+15	9.65e-01	3.53e-02	5.30e-07	0.00e+00	0.00e+00	0.00e+00	0.00e+00	0.00e+00
 8.65214e+15	9.67e-01	3.34e-02	4.90e-07	0.00e+00	0.00e+00	0.00e+00	0.00e+00	0.00e+00
 8.66477e+15	9.68e-01	3.16e-02	4.53e-07	0.00e+00	0.00e+00	0.00e+00	0.00e+00	0.00e+00
 8.67745e+15	9.70e-01	2.98e-02	4.19e-07	0.00e+00	0.00e+00	0.00e+00	0.00e+00	0.00e+00
 8.69029e+15	9.72e-01	2.82e-02	3.87e-07	0.00e+00	0.00e+00	0.00e+00	0.00e+00	0.00e+00
 8.70345e+15	9.73e-01	2.66e-02	3.57e-07	0.00e+00	0.00e+00	0.00e+00	0.00e+00	0.00e+00
 8.71693e+15	9.75e-01	2.51e-02	3.30e-07	0.00e+00	0.00e+00	0.00e+00	0.00e+00	0.00e+00
 8.73065e+15	9.76e-01	2.37e-02	3.04e-07	0.00e+00	0.00e+00	0.00e+00	0.00e+00	0.00e+00
 8.74466e+15	9.78e-01	2.23e-02	2.80e-07	0.00e+00	0.00e+00	0.00e+00	0.00e+00	0.00e+00
 8.75910e+15	9.79e-01	2.10e-02	2.57e-07	0.00e+00	0.00e+00	0.00e+00	0.00e+00	0.00e+00
 8.77414e+15	9.80e-01	1.97e-02	2.36e-07	0.00e+00	0.00e+00	0.00e+00	0.00e+00	0.00e+00
 8.78996e+15	9.81e-01	1.85e-02	2.16e-07	0.00e+00	0.00e+00	0.00e+00	0.00e+00	0.00e+00
 8.80683e+15	9.83e-01	1.73e-02	1.96e-07	0.00e+00	0.00e+00	0.00e+00	0.00e+00	0.00e+00
 8.82544e+15	9.84e-01	1.61e-02	1.77e-07	0.00e+00	0.00e+00	0.00e+00	0.00e+00	0.00e+00
 8.84598e+15	9.85e-01	1.49e-02	1.58e-07	0.00e+00	0.00e+00	0.00e+00	0.00e+00	0.00e+00
 8.86893e+15	9.86e-01	1.37e-02	1.40e-07	0.00e+00	0.00e+00	0.00e+00	0.00e+00	0.00e+00
 8.89442e+15	9.87e-01	1.25e-02	1.24e-07	0.00e+00	0.00e+00	0.00e+00	0.00e+00	0.00e+00
 8.91966e+15	9.88e-01	1.16e-02	1.10e-07	0.00e+00	0.00e+00	0.00e+00	0.00e+00	0.00e+00
 8.94264e+15	9.89e-01	1.08e-02	9.88e-08	0.00e+00	0.00e+00	0.00e+00	0.00e+00	0.00e+00
 8.96355e+15	9.90e-01	1.01e-02	9.02e-08	0.00e+00	0.00e+00	0.00e+00	0.00e+00	0.00e+00
 8.98257e+15	9.90e-01	9.63e-03	8.32e-08	0.00e+00	0.00e+00	0.00e+00	0.00e+00	0.00e+00
 8.99989e+15	9.91e-01	9.19e-03	7.75e-08	0.00e+00	0.00e+00	0.00e+00	0.00e+00	0.00e+00
 9.01564e+15	9.91e-01	8.83e-03	7.27e-08	0.00e+00	0.00e+00	0.00e+00	0.00e+00	0.00e+00
 9.02998e+15	9.91e-01	8.52e-03	6.87e-08	0.00e+00	0.00e+00	0.00e+00	0.00e+00	0.00e+00
 9.04303e+15	9.92e-01	8.26e-03	6.54e-08	0.00e+00	0.00e+00	0.00e+00	0.00e+00	0.00e+00
