#depth	C	C+	C+2	C+3	C+4	C+5	C+6	C[1]	C[2]	C[3]	C+[1]	C+[2]	CO
 1.49634e+10	0.00e+00	1.50e-27	5.98e-19	6.86e-11	2.71e-02	9.37e-01	3.59e-02	0.00e+00	0.00e+00	0.00e+00	0.00e+00	0.00e+00	0.00e+00
 4.54887e+10	5.08e-37	2.17e-27	7.95e-19	8.31e-11	3.00e-02	9.37e-01	3.28e-02	0.00e+00	0.00e+00	0.00e+00	0.00e+00	0.00e+00	1.19e-121
 7.72350e+10	0.00e+00	3.15e-27	1.06e-18	1.01e-10	3.31e-02	9.37e-01	2.99e-02	0.00e+00	0.00e+00	0.00e+00	0.00e+00	0.00e+00	0.00e+00
 1.10251e+11	1.28e-36	4.58e-27	1.41e-18	1.22e-10	3.66e-02	9.36e-01	2.72e-02	0.00e+00	0.00e+00	0.00e+00	0.00e+00	0.00e+00	1.36e-120
 1.44588e+11	0.00e+00	6.66e-27	1.88e-18	1.48e-10	4.05e-02	9.35e-01	2.48e-02	0.00e+00	0.00e+00	0.00e+00	0.00e+00	0.00e+00	0.00e+00
 1.78750e+11	3.19e-36	9.54e-27	2.47e-18	1.79e-10	4.45e-02	9.33e-01	2.26e-02	0.00e+00	0.00e+00	0.00e+00	0.00e+00	0.00e+00	1.49e-119
 2.14277e+11	0.00e+00	1.37e-26	3.26e-18	2.15e-10	4.90e-02	9.30e-01	2.06e-02	0.00e+00	0.00e+00	0.00e+00	0.00e+00	0.00e+00	0.00e+00
 2.52775e+11	7.97e-36	1.99e-26	4.35e-18	2.61e-10	5.41e-02	9.27e-01	1.87e-02	0.00e+00	0.00e+00	0.00e+00	0.00e+00	0.00e+00	1.63e-118
 2.92813e+11	0.00e+00	2.90e-26	5.81e-18	3.17e-10	5.97e-02	9.23e-01	1.69e-02	0.00e+00	0.00e+00	0.00e+00	0.00e+00	0.00e+00	0.00e+00
 3.34452e+11	2.03e-35	4.22e-26	7.76e-18	3.86e-10	6.58e-02	9.19e-01	1.53e-02	0.00e+00	0.00e+00	0.00e+00	0.00e+00	0.00e+00	1.89e-117
 3.77757e+11	0.00e+00	6.15e-26	1.04e-17	4.68e-10	7.25e-02	9.14e-01	1.38e-02	0.00e+00	0.00e+00	0.00e+00	0.00e+00	0.00e+00	0.00e+00
 4.16868e+11	4.85e-35	8.53e-26	1.34e-17	5.55e-10	7.89e-02	9.09e-01	1.26e-02	0.00e+00	0.00e+00	0.00e+00	0.00e+00	0.00e+00	1.85e-116
 4.49361e+11	6.72e-35	1.11e-25	1.64e-17	6.36e-10	8.44e-02	9.04e-01	1.17e-02	0.00e+00	0.00e+00	0.00e+00	0.00e+00	0.00e+00	3.17e-98
 4.84918e+11	9.50e-35	1.47e-25	2.03e-17	7.34e-10	9.06e-02	8.99e-01	1.08e-02	0.00e+00	0.00e+00	0.00e+00	0.00e+00	0.00e+00	0.00e+00
 5.30079e+11	1.45e-34	2.07e-25	2.65e-17	8.77e-10	9.88e-02	8.91e-01	9.83e-03	0.00e+00	0.00e+00	0.00e+00	0.00e+00	0.00e+00	3.28e-115
 5.77252e+11	2.23e-34	2.92e-25	3.45e-17	1.05e-09	1.08e-01	8.83e-01	8.89e-03	0.00e+00	0.00e+00	0.00e+00	0.00e+00	0.00e+00	4.39e-97
 6.18936e+11	3.20e-34	3.91e-25	4.34e-17	1.22e-09	1.16e-01	8.76e-01	8.16e-03	0.00e+00	0.00e+00	0.00e+00	0.00e+00	0.00e+00	0.00e+00
 6.57553e+11	4.43e-34	5.08e-25	5.31e-17	1.40e-09	1.24e-01	8.69e-01	7.54e-03	0.00e+00	0.00e+00	0.00e+00	0.00e+00	0.00e+00	6.08e-114
 7.01355e+11	6.31e-34	6.77e-25	6.64e-17	1.62e-09	1.33e-01	8.60e-01	6.91e-03	0.00e+00	0.00e+00	0.00e+00	0.00e+00	0.00e+00	4.28e-96
 7.55598e+11	9.64e-34	9.54e-25	8.67e-17	1.94e-09	1.45e-01	8.49e-01	6.22e-03	0.00e+00	0.00e+00	0.00e+00	0.00e+00	0.00e+00	0.00e+00
 8.09739e+11	1.45e-33	1.32e-24	1.12e-16	2.30e-09	1.57e-01	8.38e-01	5.61e-03	0.00e+00	0.00e+00	0.00e+00	0.00e+00	0.00e+00	1.37e-112
 8.56214e+11	2.02e-33	1.73e-24	1.38e-16	2.65e-09	1.67e-01	8.28e-01	5.14e-03	0.00e+00	0.00e+00	0.00e+00	0.00e+00	0.00e+00	5.39e-95
 9.06397e+11	2.85e-33	2.30e-24	1.72e-16	3.06e-09	1.79e-01	8.17e-01	4.70e-03	0.00e+00	0.00e+00	0.00e+00	0.00e+00	0.00e+00	8.26e-112
 9.68420e+11	4.30e-33	3.20e-24	2.23e-16	3.64e-09	1.93e-01	8.02e-01	4.20e-03	0.00e+00	0.00e+00	0.00e+00	0.00e+00	0.00e+00	2.81e-94
 1.03214e+12	6.43e-33	4.44e-24	2.88e-16	4.31e-09	2.09e-01	7.88e-01	3.76e-03	0.00e+00	0.00e+00	0.00e+00	0.00e+00	0.00e+00	7.17e-111
 1.08986e+12	9.11e-33	5.88e-24	3.58e-16	4.99e-09	2.23e-01	7.74e-01	3.41e-03	0.00e+00	0.00e+00	0.00e+00	0.00e+00	0.00e+00	1.45e-93
 1.15347e+12	1.31e-32	7.92e-24	4.52e-16	5.82e-09	2.38e-01	7.59e-01	3.07e-03	0.00e+00	0.00e+00	0.00e+00	0.00e+00	0.00e+00	4.87e-110
 1.22818e+12	1.98e-32	1.11e-23	5.87e-16	6.92e-09	2.57e-01	7.40e-01	2.72e-03	0.00e+00	0.00e+00	0.00e+00	0.00e+00	0.00e+00	7.96e-93
 1.30278e+12	2.93e-32	1.52e-23	7.52e-16	8.15e-09	2.76e-01	7.22e-01	2.42e-03	0.00e+00	0.00e+00	0.00e+00	0.00e+00	0.00e+00	4.25e-109
 1.37386e+12	4.18e-32	2.02e-23	9.42e-16	9.44e-09	2.93e-01	7.05e-01	2.17e-03	0.00e+00	0.00e+00	0.00e+00	0.00e+00	0.00e+00	4.11e-92
 1.45224e+12	6.06e-32	2.74e-23	1.19e-15	1.10e-08	3.13e-01	6.85e-01	1.93e-03	0.00e+00	0.00e+00	0.00e+00	0.00e+00	0.00e+00	3.09e-108
 1.54025e+12	9.02e-32	3.78e-23	1.53e-15	1.30e-08	3.34e-01	6.64e-01	1.70e-03	0.00e+00	0.00e+00	0.00e+00	0.00e+00	0.00e+00	2.27e-91
 1.61950e+12	1.27e-31	4.98e-23	1.90e-15	1.50e-08	3.54e-01	6.45e-01	1.52e-03	0.00e+00	0.00e+00	0.00e+00	0.00e+00	0.00e+00	2.37e-107
 1.68497e+12	1.66e-31	6.20e-23	2.26e-15	1.67e-08	3.70e-01	6.29e-01	1.38e-03	0.00e+00	0.00e+00	0.00e+00	0.00e+00	0.00e+00	8.89e-91
 1.75650e+12	2.21e-31	7.80e-23	2.70e-15	1.88e-08	3.86e-01	6.12e-01	1.26e-03	0.00e+00	0.00e+00	0.00e+00	0.00e+00	0.00e+00	1.11e-106
 1.84783e+12	3.13e-31	1.03e-22	3.36e-15	2.16e-08	4.08e-01	5.91e-01	1.11e-03	0.00e+00	0.00e+00	0.00e+00	0.00e+00	0.00e+00	3.69e-90
 1.94004e+12	4.37e-31	1.35e-22	4.15e-15	2.48e-08	4.29e-01	5.70e-01	9.85e-04	0.00e+00	0.00e+00	0.00e+00	0.00e+00	0.00e+00	7.58e-106
 2.01643e+12	5.70e-31	1.68e-22	4.90e-15	2.76e-08	4.46e-01	5.53e-01	8.93e-04	0.00e+00	0.00e+00	0.00e+00	0.00e+00	0.00e+00	1.44e-89
 2.09713e+12	7.47e-31	2.09e-22	5.80e-15	3.07e-08	4.63e-01	5.36e-01	8.08e-04	0.00e+00	0.00e+00	0.00e+00	0.00e+00	0.00e+00	3.49e-105
 2.20056e+12	1.04e-30	2.73e-22	7.14e-15	3.51e-08	4.85e-01	5.15e-01	7.12e-04	0.00e+00	0.00e+00	0.00e+00	0.00e+00	0.00e+00	5.72e-89
 2.30895e+12	1.45e-30	3.57e-22	8.79e-15	4.00e-08	5.07e-01	4.93e-01	6.25e-04	0.00e+00	0.00e+00	0.00e+00	0.00e+00	0.00e+00	2.35e-104
 2.40404e+12	1.92e-30	4.46e-22	1.05e-14	4.46e-08	5.25e-01	4.74e-01	5.59e-04	0.00e+00	0.00e+00	0.00e+00	0.00e+00	0.00e+00	2.34e-88
 2.50641e+12	2.55e-30	5.63e-22	1.25e-14	4.99e-08	5.44e-01	4.55e-01	4.98e-04	0.00e+00	0.00e+00	0.00e+00	0.00e+00	0.00e+00	1.22e-103
 2.61988e+12	3.47e-30	7.20e-22	1.51e-14	5.62e-08	5.64e-01	4.35e-01	4.39e-04	0.00e+00	0.00e+00	0.00e+00	0.00e+00	0.00e+00	9.36e-88
 2.72507e+12	4.55e-30	8.95e-22	1.79e-14	6.24e-08	5.82e-01	4.17e-01	3.91e-04	0.00e+00	0.00e+00	0.00e+00	0.00e+00	0.00e+00	6.69e-103
 2.83912e+12	6.03e-30	1.12e-21	2.12e-14	6.94e-08	6.01e-01	3.99e-01	3.47e-04	0.00e+00	0.00e+00	0.00e+00	0.00e+00	0.00e+00	3.46e-87
 2.96592e+12	8.15e-30	1.43e-21	2.56e-14	7.79e-08	6.21e-01	3.79e-01	3.04e-04	0.00e+00	0.00e+00	0.00e+00	0.00e+00	0.00e+00	3.80e-102
 3.08411e+12	1.07e-29	1.77e-21	3.02e-14	8.61e-08	6.38e-01	3.62e-01	2.70e-04	0.00e+00	0.00e+00	0.00e+00	0.00e+00	0.00e+00	1.34e-86
 3.21262e+12	1.41e-29	2.22e-21	3.58e-14	9.56e-08	6.55e-01	3.44e-01	2.38e-04	0.00e+00	0.00e+00	0.00e+00	0.00e+00	0.00e+00	1.99e-101
 3.35555e+12	1.90e-29	2.82e-21	4.29e-14	1.07e-07	6.74e-01	3.26e-01	2.07e-04	0.00e+00	0.00e+00	0.00e+00	0.00e+00	0.00e+00	5.41e-86
 3.48914e+12	2.49e-29	3.50e-21	5.05e-14	1.18e-07	6.90e-01	3.10e-01	1.83e-04	0.00e+00	0.00e+00	0.00e+00	0.00e+00	0.00e+00	1.12e-100
 3.63471e+12	3.30e-29	4.37e-21	5.99e-14	1.31e-07	7.07e-01	2.93e-01	1.60e-04	0.00e+00	0.00e+00	0.00e+00	0.00e+00	0.00e+00	2.06e-85
 3.79720e+12	4.45e-29	5.55e-21	7.17e-14	1.46e-07	7.24e-01	2.76e-01	1.39e-04	0.00e+00	0.00e+00	0.00e+00	0.00e+00	0.00e+00	6.69e-100
 3.95002e+12	5.83e-29	6.89e-21	8.44e-14	1.60e-07	7.39e-01	2.61e-01	1.22e-04	0.00e+00	0.00e+00	0.00e+00	0.00e+00	0.00e+00	8.38e-85
 4.11700e+12	7.75e-29	8.63e-21	9.99e-14	1.77e-07	7.54e-01	2.46e-01	1.06e-04	0.00e+00	0.00e+00	0.00e+00	0.00e+00	0.00e+00	3.76e-99
 4.30396e+12	1.05e-28	1.10e-20	1.20e-13	1.97e-07	7.70e-01	2.30e-01	9.09e-05	0.00e+00	0.00e+00	0.00e+00	0.00e+00	0.00e+00	3.62e-84
 4.48095e+12	1.38e-28	1.37e-20	1.41e-13	2.17e-07	7.83e-01	2.17e-01	7.92e-05	0.00e+00	0.00e+00	0.00e+00	0.00e+00	0.00e+00	2.33e-98
 4.67164e+12	1.84e-28	1.72e-20	1.67e-13	2.39e-07	7.97e-01	2.03e-01	6.85e-05	0.00e+00	0.00e+00	0.00e+00	0.00e+00	0.00e+00	1.50e-83
 4.88843e+12	2.52e-28	2.20e-20	2.01e-13	2.66e-07	8.11e-01	1.89e-01	5.84e-05	0.00e+00	0.00e+00	0.00e+00	0.00e+00	0.00e+00	1.54e-97
 5.10145e+12	3.38e-28	2.77e-20	2.38e-13	2.94e-07	8.23e-01	1.77e-01	5.02e-05	0.00e+00	0.00e+00	0.00e+00	0.00e+00	0.00e+00	6.93e-83
 5.32300e+12	4.52e-28	3.48e-20	2.82e-13	3.24e-07	8.35e-01	1.65e-01	4.32e-05	0.00e+00	0.00e+00	0.00e+00	0.00e+00	0.00e+00	1.00e-96
 5.56584e+12	6.15e-28	4.44e-20	3.37e-13	3.58e-07	8.46e-01	1.53e-01	3.68e-05	0.00e+00	0.00e+00	0.00e+00	0.00e+00	0.00e+00	3.24e-82
 5.81840e+12	8.38e-28	5.65e-20	4.01e-13	3.96e-07	8.57e-01	1.43e-01	3.14e-05	0.00e+00	0.00e+00	0.00e+00	0.00e+00	0.00e+00	7.28e-96
 6.08107e+12	1.14e-27	7.18e-20	4.78e-13	4.37e-07	8.68e-01	1.32e-01	2.67e-05	0.00e+00	0.00e+00	0.00e+00	0.00e+00	0.00e+00	1.60e-81
 6.32913e+12	1.50e-27	8.93e-20	5.60e-13	4.77e-07	8.76e-01	1.24e-01	2.31e-05	0.00e+00	0.00e+00	0.00e+00	0.00e+00	0.00e+00	4.80e-95
 6.55300e+12	1.92e-27	1.08e-19	6.42e-13	5.15e-07	8.84e-01	1.16e-01	2.03e-05	0.00e+00	0.00e+00	0.00e+00	0.00e+00	0.00e+00	6.26e-81
 6.76446e+12	2.39e-27	1.28e-19	7.27e-13	5.52e-07	8.90e-01	1.10e-01	1.81e-05	0.00e+00	0.00e+00	0.00e+00	0.00e+00	0.00e+00	2.17e-94
 6.99846e+12	3.04e-27	1.54e-19	8.31e-13	5.94e-07	8.96e-01	1.04e-01	1.60e-05	0.00e+00	0.00e+00	0.00e+00	0.00e+00	0.00e+00	2.12e-80
 7.26093e+12	3.94e-27	1.89e-19	9.59e-13	6.42e-07	9.03e-01	9.75e-02	1.39e-05	0.00e+00	0.00e+00	0.00e+00	0.00e+00	0.00e+00	1.10e-93
 7.51075e+12	5.01e-27	2.28e-19	1.10e-12	6.91e-07	9.08e-01	9.18e-02	1.23e-05	0.00e+00	0.00e+00	0.00e+00	0.00e+00	0.00e+00	7.95e-80
 7.78586e+12	6.46e-27	2.77e-19	1.26e-12	7.45e-07	9.14e-01	8.61e-02	1.08e-05	0.00e+00	0.00e+00	0.00e+00	0.00e+00	0.00e+00	5.49e-93
 8.08653e+12	8.46e-27	3.41e-19	1.46e-12	8.08e-07	9.20e-01	8.05e-02	9.34e-06	0.00e+00	0.00e+00	0.00e+00	0.00e+00	0.00e+00	3.22e-79
 8.36032e+12	1.07e-26	4.10e-19	1.66e-12	8.66e-07	9.24e-01	7.58e-02	8.25e-06	0.00e+00	0.00e+00	0.00e+00	0.00e+00	0.00e+00	2.88e-92
 8.65615e+12	1.38e-26	4.97e-19	1.90e-12	9.31e-07	9.29e-01	7.13e-02	7.25e-06	0.00e+00	0.00e+00	0.00e+00	0.00e+00	0.00e+00	1.19e-78
 8.98887e+12	1.81e-26	6.13e-19	2.20e-12	1.01e-06	9.33e-01	6.66e-02	6.30e-06	0.00e+00	0.00e+00	0.00e+00	0.00e+00	0.00e+00	1.58e-91
 9.30508e+12	2.32e-26	7.43e-19	2.52e-12	1.08e-06	9.37e-01	6.25e-02	5.53e-06	0.00e+00	0.00e+00	0.00e+00	0.00e+00	0.00e+00	4.87e-78
 9.65169e+12	3.03e-26	9.10e-19	2.90e-12	1.16e-06	9.41e-01	5.85e-02	4.82e-06	0.00e+00	0.00e+00	0.00e+00	0.00e+00	0.00e+00	8.49e-91
 1.00346e+13	4.03e-26	1.13e-18	3.37e-12	1.26e-06	9.45e-01	5.45e-02	4.17e-06	0.00e+00	0.00e+00	0.00e+00	0.00e+00	0.00e+00	2.15e-77
 1.03900e+13	5.19e-26	1.37e-18	3.86e-12	1.35e-06	9.49e-01	5.12e-02	3.66e-06	0.00e+00	0.00e+00	0.00e+00	0.00e+00	0.00e+00	4.92e-90
 1.07774e+13	6.81e-26	1.69e-18	4.44e-12	1.46e-06	9.52e-01	4.79e-02	3.19e-06	0.00e+00	0.00e+00	0.00e+00	0.00e+00	0.00e+00	8.96e-77
 1.12131e+13	9.14e-26	2.11e-18	5.17e-12	1.58e-06	9.55e-01	4.45e-02	2.75e-06	0.00e+00	0.00e+00	0.00e+00	0.00e+00	0.00e+00	1.99e-76
 1.16283e+13	1.20e-25	2.59e-18	5.95e-12	1.70e-06	9.58e-01	4.16e-02	2.40e-06	0.00e+00	0.00e+00	0.00e+00	0.00e+00	0.00e+00	4.15e-76
 1.20782e+13	1.59e-25	3.21e-18	6.89e-12	1.83e-06	9.61e-01	3.88e-02	2.08e-06	0.00e+00	0.00e+00	0.00e+00	0.00e+00	0.00e+00	8.98e-76
 1.25770e+13	2.15e-25	4.04e-18	8.05e-12	1.98e-06	9.64e-01	3.60e-02	1.79e-06	0.00e+00	0.00e+00	0.00e+00	0.00e+00	0.00e+00	2.05e-75
 1.30545e+13	2.84e-25	4.99e-18	9.29e-12	2.13e-06	9.66e-01	3.36e-02	1.56e-06	0.00e+00	0.00e+00	0.00e+00	0.00e+00	0.00e+00	4.41e-75
 1.35653e+13	3.80e-25	6.21e-18	1.08e-11	2.30e-06	9.69e-01	3.14e-02	1.35e-06	0.00e+00	0.00e+00	0.00e+00	0.00e+00	0.00e+00	9.75e-75
 1.41379e+13	5.20e-25	7.87e-18	1.26e-11	2.49e-06	9.71e-01	2.91e-02	1.15e-06	0.00e+00	0.00e+00	0.00e+00	0.00e+00	0.00e+00	2.31e-74
 1.47111e+13	7.03e-25	9.89e-18	1.47e-11	2.69e-06	9.73e-01	2.70e-02	9.94e-07	0.00e+00	0.00e+00	0.00e+00	0.00e+00	0.00e+00	5.28e-74
 1.53073e+13	9.51e-25	1.24e-17	1.72e-11	2.91e-06	9.75e-01	2.51e-02	0.00e+00	0.00e+00	0.00e+00	0.00e+00	0.00e+00	0.00e+00	1.21e-73
 1.59495e+13	1.30e-24	1.57e-17	2.01e-11	3.15e-06	9.77e-01	2.32e-02	0.00e+00	0.00e+00	0.00e+00	0.00e+00	0.00e+00	0.00e+00	2.86e-73
 1.66175e+13	1.78e-24	1.99e-17	2.35e-11	3.42e-06	9.78e-01	2.15e-02	0.00e+00	0.00e+00	0.00e+00	0.00e+00	0.00e+00	0.00e+00	6.76e-73
 1.73121e+13	2.43e-24	2.52e-17	2.76e-11	3.70e-06	9.80e-01	1.99e-02	0.00e+00	0.00e+00	0.00e+00	0.00e+00	0.00e+00	0.00e+00	1.60e-72
 1.79860e+13	3.27e-24	3.15e-17	3.19e-11	3.98e-06	9.81e-01	1.86e-02	0.00e+00	0.00e+00	0.00e+00	0.00e+00	0.00e+00	0.00e+00	3.62e-72
 1.86219e+13	4.26e-24	3.83e-17	3.65e-11	4.26e-06	9.83e-01	1.74e-02	0.00e+00	0.00e+00	0.00e+00	0.00e+00	0.00e+00	0.00e+00	7.45e-72
 1.92187e+13	5.43e-24	4.60e-17	4.13e-11	4.53e-06	9.84e-01	1.64e-02	0.00e+00	0.00e+00	0.00e+00	0.00e+00	1.49e-17	3.12e-17	1.46e-71
 1.98646e+13	7.02e-24	5.58e-17	4.69e-11	4.83e-06	9.85e-01	1.54e-02	0.00e+00	0.00e+00	0.00e+00	0.00e+00	1.85e-17	3.73e-17	2.96e-71
 2.05901e+13	9.24e-24	6.87e-17	5.39e-11	5.17e-06	9.86e-01	1.44e-02	0.00e+00	0.00e+00	0.00e+00	0.00e+00	2.28e-17	4.59e-17	6.32e-71
 2.12801e+13	1.19e-23	8.29e-17	6.12e-11	5.52e-06	9.86e-01	1.35e-02	0.00e+00	0.00e+00	0.00e+00	0.00e+00	2.75e-17	5.54e-17	1.25e-70
 2.20381e+13	1.56e-23	1.02e-16	7.01e-11	5.91e-06	9.87e-01	1.27e-02	0.00e+00	0.00e+00	0.00e+00	0.00e+00	3.37e-17	6.79e-17	2.65e-70
 2.28892e+13	2.09e-23	1.27e-16	8.12e-11	6.36e-06	9.88e-01	1.18e-02	0.00e+00	0.00e+00	0.00e+00	0.00e+00	4.21e-17	8.47e-17	5.97e-70
 2.37006e+13	2.73e-23	1.55e-16	9.30e-11	6.80e-06	9.89e-01	1.10e-02	0.00e+00	0.00e+00	0.00e+00	0.00e+00	5.15e-17	1.04e-16	1.24e-69
 2.45861e+13	3.61e-23	1.91e-16	1.07e-10	7.31e-06	9.90e-01	1.03e-02	0.00e+00	0.00e+00	0.00e+00	0.00e+00	6.35e-17	1.28e-16	2.67e-69
 2.55748e+13	4.91e-23	2.41e-16	1.25e-10	7.89e-06	9.90e-01	9.53e-03	0.00e+00	0.00e+00	0.00e+00	0.00e+00	8.00e-17	1.61e-16	6.26e-69
 2.65345e+13	6.46e-23	2.97e-16	1.45e-10	8.49e-06	9.91e-01	8.86e-03	0.00e+00	0.00e+00	0.00e+00	0.00e+00	9.86e-17	1.98e-16	1.33e-68
 2.75574e+13	8.66e-23	3.70e-16	1.67e-10	9.14e-06	9.92e-01	8.24e-03	0.00e+00	0.00e+00	0.00e+00	0.00e+00	1.23e-16	2.47e-16	2.98e-68
 2.85974e+13	1.15e-22	4.58e-16	1.94e-10	9.84e-06	9.92e-01	7.67e-03	0.00e+00	0.00e+00	0.00e+00	0.00e+00	1.52e-16	3.06e-16	6.46e-68
 2.95154e+13	1.47e-22	5.51e-16	2.19e-10	1.05e-05	9.93e-01	7.22e-03	0.00e+00	0.00e+00	0.00e+00	0.00e+00	1.83e-16	3.68e-16	1.27e-67
 3.05117e+13	1.88e-22	6.65e-16	2.50e-10	1.12e-05	9.93e-01	6.76e-03	0.00e+00	0.00e+00	0.00e+00	0.00e+00	2.21e-16	4.45e-16	2.52e-67
 3.17112e+13	2.52e-22	8.31e-16	2.90e-10	1.21e-05	9.94e-01	6.27e-03	0.00e+00	0.00e+00	0.00e+00	0.00e+00	2.76e-16	5.55e-16	5.63e-67
 3.29005e+13	3.34e-22	1.03e-15	3.36e-10	1.30e-05	9.94e-01	5.83e-03	0.00e+00	0.00e+00	0.00e+00	0.00e+00	3.41e-16	6.86e-16	1.22e-66
 3.39619e+13	4.26e-22	1.24e-15	3.80e-10	1.38e-05	9.95e-01	5.48e-03	0.00e+00	0.00e+00	0.00e+00	0.00e+00	4.10e-16	8.27e-16	2.40e-66
 3.51316e+13	5.47e-22	1.50e-15	4.35e-10	1.48e-05	9.95e-01	5.13e-03	0.00e+00	0.00e+00	0.00e+00	0.00e+00	4.96e-16	1.00e-15	4.74e-66
 3.65236e+13	7.39e-22	1.88e-15	5.06e-10	1.60e-05	9.95e-01	4.75e-03	0.00e+00	0.00e+00	0.00e+00	0.00e+00	6.24e-16	1.26e-15	1.09e-65
 3.79041e+13	9.71e-22	2.31e-15	5.86e-10	1.72e-05	9.96e-01	4.41e-03	0.00e+00	0.00e+00	0.00e+00	0.00e+00	7.68e-16	1.55e-15	2.30e-65
 3.91640e+13	1.24e-21	2.79e-15	6.67e-10	1.84e-05	9.96e-01	4.13e-03	0.00e+00	0.00e+00	0.00e+00	0.00e+00	9.25e-16	1.86e-15	4.50e-65
 4.05676e+13	1.63e-21	3.43e-15	7.66e-10	1.97e-05	9.96e-01	3.86e-03	0.00e+00	0.00e+00	0.00e+00	0.00e+00	1.14e-15	2.29e-15	9.58e-65
 4.22031e+13	2.17e-21	4.27e-15	8.97e-10	2.14e-05	9.96e-01	3.56e-03	0.00e+00	0.00e+00	0.00e+00	0.00e+00	1.42e-15	2.86e-15	2.11e-64
 4.38088e+13	2.87e-21	5.29e-15	1.04e-09	2.30e-05	9.97e-01	3.31e-03	0.00e+00	0.00e+00	0.00e+00	0.00e+00	1.75e-15	3.54e-15	4.54e-64
 4.53202e+13	3.73e-21	6.45e-15	1.19e-09	2.46e-05	9.97e-01	3.09e-03	0.00e+00	0.00e+00	0.00e+00	0.00e+00	2.14e-15	4.31e-15	9.37e-64
 4.70043e+13	4.85e-21	7.90e-15	1.37e-09	2.65e-05	9.97e-01	2.87e-03	0.00e+00	0.00e+00	0.00e+00	0.00e+00	2.62e-15	5.28e-15	1.93e-63
 4.89144e+13	6.52e-21	9.91e-15	1.61e-09	2.87e-05	9.97e-01	2.65e-03	0.00e+00	0.00e+00	0.00e+00	0.00e+00	3.28e-15	6.62e-15	4.37e-63
 5.08201e+13	8.66e-21	1.23e-14	1.87e-09	3.10e-05	9.98e-01	2.46e-03	0.00e+00	0.00e+00	0.00e+00	0.00e+00	4.08e-15	8.23e-15	9.54e-63
 5.26006e+13	1.13e-20	1.51e-14	2.14e-09	3.32e-05	9.98e-01	2.30e-03	0.00e+00	0.00e+00	0.00e+00	0.00e+00	4.99e-15	1.01e-14	1.99e-62
 5.45332e+13	1.46e-20	1.84e-14	2.48e-09	3.58e-05	9.98e-01	2.13e-03	0.00e+00	0.00e+00	0.00e+00	0.00e+00	6.08e-15	1.23e-14	4.04e-62
 5.66954e+13	1.96e-20	2.30e-14	2.89e-09	3.86e-05	9.98e-01	1.98e-03	0.00e+00	0.00e+00	0.00e+00	0.00e+00	7.63e-15	1.54e-14	9.20e-62
 5.87146e+13	2.51e-20	2.78e-14	3.32e-09	4.15e-05	9.98e-01	1.84e-03	0.00e+00	0.00e+00	0.00e+00	0.00e+00	9.21e-15	1.86e-14	1.80e-61
 6.05832e+13	3.16e-20	3.32e-14	3.76e-09	4.42e-05	9.98e-01	1.73e-03	0.00e+00	0.00e+00	0.00e+00	0.00e+00	1.10e-14	2.22e-14	3.42e-61
 6.23769e+13	3.95e-20	3.94e-14	4.22e-09	4.68e-05	9.98e-01	1.63e-03	0.00e+00	0.00e+00	0.00e+00	0.00e+00	1.31e-14	2.64e-14	6.36e-61
 6.43688e+13	4.97e-20	4.71e-14	4.78e-09	4.99e-05	9.98e-01	1.53e-03	0.00e+00	0.00e+00	0.00e+00	0.00e+00	1.56e-14	3.15e-14	1.20e-60
 6.65711e+13	6.30e-20	5.65e-14	5.46e-09	5.34e-05	9.99e-01	1.43e-03	0.00e+00	0.00e+00	0.00e+00	0.00e+00	1.87e-14	3.78e-14	2.31e-60
 6.86168e+13	7.94e-20	6.75e-14	6.16e-09	5.67e-05	9.99e-01	1.35e-03	0.00e+00	0.00e+00	0.00e+00	0.00e+00	2.23e-14	4.51e-14	4.41e-60
 7.08464e+13	9.95e-20	8.02e-14	7.00e-09	6.06e-05	9.99e-01	1.26e-03	0.00e+00	0.00e+00	0.00e+00	0.00e+00	2.65e-14	5.37e-14	8.19e-60
 7.33514e+13	1.29e-19	9.81e-14	8.03e-09	6.49e-05	9.99e-01	1.18e-03	0.00e+00	0.00e+00	0.00e+00	0.00e+00	3.24e-14	6.57e-14	1.70e-59
 7.57479e+13	1.62e-19	1.17e-13	9.13e-09	6.93e-05	9.99e-01	1.10e-03	0.00e+00	0.00e+00	0.00e+00	0.00e+00	3.86e-14	7.81e-14	3.16e-59
 7.83967e+13	2.09e-19	1.42e-13	1.05e-08	7.42e-05	9.99e-01	1.03e-03	0.00e+00	0.00e+00	0.00e+00	0.00e+00	4.71e-14	9.53e-14	6.49e-59
 8.13179e+13	2.70e-19	1.73e-13	1.21e-08	8.00e-05	9.99e-01	9.56e-04	0.00e+00	0.00e+00	0.00e+00	0.00e+00	5.73e-14	1.16e-13	1.31e-58
 8.40060e+13	3.42e-19	2.08e-13	1.38e-08	8.54e-05	9.99e-01	8.96e-04	0.00e+00	0.00e+00	0.00e+00	0.00e+00	6.87e-14	1.39e-13	2.53e-58
 8.69135e+13	4.39e-19	2.53e-13	1.58e-08	9.15e-05	9.99e-01	8.36e-04	0.00e+00	0.00e+00	0.00e+00	0.00e+00	8.35e-14	1.69e-13	5.12e-58
 9.01641e+13	5.64e-19	3.07e-13	1.83e-08	9.86e-05	9.99e-01	7.76e-04	0.00e+00	0.00e+00	0.00e+00	0.00e+00	1.01e-13	2.06e-13	1.03e-57
 9.32225e+13	7.24e-19	3.73e-13	2.09e-08	1.05e-04	9.99e-01	7.26e-04	0.00e+00	0.00e+00	0.00e+00	0.00e+00	1.23e-13	2.50e-13	2.07e-57
 9.65601e+13	9.19e-19	4.49e-13	2.40e-08	1.13e-04	9.99e-01	6.75e-04	0.00e+00	0.00e+00	0.00e+00	0.00e+00	1.48e-13	3.01e-13	4.02e-57
 1.00266e+14	1.21e-18	5.57e-13	2.79e-08	1.22e-04	9.99e-01	6.26e-04	0.00e+00	0.00e+00	0.00e+00	0.00e+00	1.84e-13	3.74e-13	8.80e-57
 1.03725e+14	1.52e-18	6.65e-13	3.19e-08	1.31e-04	9.99e-01	5.83e-04	0.00e+00	0.00e+00	0.00e+00	0.00e+00	2.19e-13	4.46e-13	1.65e-56
 1.07487e+14	1.98e-18	8.17e-13	3.68e-08	1.41e-04	9.99e-01	5.43e-04	0.00e+00	0.00e+00	0.00e+00	0.00e+00	2.69e-13	5.47e-13	3.46e-56
 1.11693e+14	2.56e-18	9.98e-13	4.29e-08	1.53e-04	9.99e-01	5.01e-04	0.00e+00	0.00e+00	0.00e+00	0.00e+00	3.29e-13	6.69e-13	7.07e-56
 1.15670e+14	3.29e-18	1.22e-12	4.94e-08	1.64e-04	9.99e-01	4.67e-04	0.00e+00	0.00e+00	0.00e+00	0.00e+00	4.01e-13	8.17e-13	1.45e-55
 1.19930e+14	4.22e-18	1.48e-12	5.71e-08	1.77e-04	9.99e-01	4.33e-04	0.00e+00	0.00e+00	0.00e+00	0.00e+00	4.86e-13	9.89e-13	2.87e-55
 1.24758e+14	5.55e-18	1.84e-12	6.68e-08	1.92e-04	9.99e-01	3.99e-04	0.00e+00	0.00e+00	0.00e+00	0.00e+00	6.05e-13	1.23e-12	6.29e-55
 1.29498e+14	7.08e-18	2.23e-12	7.77e-08	2.08e-04	9.99e-01	3.69e-04	0.00e+00	0.00e+00	0.00e+00	0.00e+00	7.33e-13	1.49e-12	1.24e-54
 1.34051e+14	9.05e-18	2.70e-12	8.92e-08	2.23e-04	9.99e-01	3.43e-04	0.00e+00	0.00e+00	0.00e+00	0.00e+00	8.87e-13	1.81e-12	2.48e-54
 1.39065e+14	1.15e-17	3.27e-12	1.03e-07	2.41e-04	9.99e-01	3.18e-04	0.00e+00	0.00e+00	0.00e+00	0.00e+00	1.08e-12	2.19e-12	4.91e-54
 1.44658e+14	1.51e-17	4.07e-12	1.21e-07	2.62e-04	9.99e-01	2.93e-04	0.00e+00	0.00e+00	0.00e+00	0.00e+00	1.34e-12	2.73e-12	1.07e-53
 1.49416e+14	1.87e-17	4.81e-12	1.38e-07	2.80e-04	9.99e-01	2.73e-04	0.00e+00	0.00e+00	0.00e+00	0.00e+00	1.58e-12	3.23e-12	1.96e-53
 1.52919e+14	2.18e-17	5.43e-12	1.52e-07	2.95e-04	9.99e-01	2.60e-04	0.00e+00	0.00e+00	0.00e+00	0.00e+00	1.78e-12	3.65e-12	3.01e-53
 1.56589e+14	2.55e-17	6.18e-12	1.67e-07	3.10e-04	9.99e-01	2.47e-04	0.00e+00	0.00e+00	0.00e+00	0.00e+00	2.03e-12	4.15e-12	4.79e-53
 1.61359e+14	3.11e-17	7.22e-12	1.88e-07	3.30e-04	9.99e-01	2.32e-04	0.00e+00	0.00e+00	0.00e+00	0.00e+00	2.37e-12	4.85e-12	8.34e-53
 1.66612e+14	3.82e-17	8.54e-12	2.14e-07	3.54e-04	9.99e-01	2.16e-04	0.00e+00	0.00e+00	0.00e+00	0.00e+00	2.81e-12	5.74e-12	1.52e-52
 1.71466e+14	4.62e-17	9.98e-12	2.40e-07	3.76e-04	9.99e-01	2.03e-04	0.00e+00	3.86e-18	1.16e-17	1.94e-17	3.28e-12	6.70e-12	2.64e-52
 1.76748e+14	5.62e-17	1.17e-11	2.72e-07	4.02e-04	9.99e-01	1.90e-04	0.00e+00	4.69e-18	1.41e-17	2.35e-17	3.83e-12	7.83e-12	4.62e-52
 1.82675e+14	6.99e-17	1.39e-11	3.10e-07	4.32e-04	9.99e-01	1.77e-04	0.00e+00	5.84e-18	1.75e-17	2.93e-17	4.56e-12	9.34e-12	8.70e-52
 1.88312e+14	8.46e-17	1.63e-11	3.51e-07	4.62e-04	9.99e-01	1.66e-04	0.00e+00	7.08e-18	2.13e-17	3.55e-17	5.34e-12	1.09e-11	1.54e-51
 1.94508e+14	1.04e-16	1.93e-11	4.00e-07	4.96e-04	9.99e-01	1.54e-04	0.00e+00	8.74e-18	2.62e-17	4.38e-17	6.32e-12	1.29e-11	2.82e-51
 2.01401e+14	1.30e-16	2.31e-11	4.60e-07	5.35e-04	9.99e-01	1.43e-04	0.00e+00	1.09e-17	3.26e-17	5.45e-17	7.57e-12	1.55e-11	5.40e-51
 2.07917e+14	1.59e-16	2.72e-11	5.23e-07	5.75e-04	9.99e-01	1.33e-04	0.00e+00	1.33e-17	4.00e-17	6.68e-17	8.91e-12	1.82e-11	9.76e-51
 2.15104e+14	1.98e-16	3.25e-11	6.00e-07	6.19e-04	9.99e-01	1.24e-04	0.00e+00	1.66e-17	4.98e-17	8.33e-17	1.06e-11	2.18e-11	1.87e-50
 2.23076e+14	2.49e-16	3.92e-11	6.95e-07	6.72e-04	9.99e-01	1.14e-04	0.00e+00	2.09e-17	6.28e-17	1.05e-16	1.29e-11	2.64e-11	3.75e-50
 2.30454e+14	3.03e-16	4.63e-11	7.92e-07	7.21e-04	9.99e-01	1.06e-04	0.00e+00	2.55e-17	7.65e-17	1.28e-16	1.52e-11	3.11e-11	6.87e-50
 2.38433e+14	3.78e-16	5.53e-11	9.10e-07	7.79e-04	9.99e-01	9.86e-05	0.00e+00	3.19e-17	9.57e-17	1.60e-16	1.81e-11	3.71e-11	1.33e-49
 2.47333e+14	4.76e-16	6.68e-11	1.05e-06	8.46e-04	9.99e-01	9.09e-05	0.00e+00	4.02e-17	1.21e-16	2.01e-16	2.19e-11	4.49e-11	2.69e-49
 2.55669e+14	5.84e-16	7.91e-11	1.21e-06	9.12e-04	9.99e-01	8.44e-05	0.00e+00	4.93e-17	1.48e-16	2.47e-16	2.60e-11	5.32e-11	5.05e-49
 2.64744e+14	7.27e-16	9.48e-11	1.39e-06	9.87e-04	9.99e-01	7.81e-05	0.00e+00	6.14e-17	1.84e-16	3.08e-16	3.11e-11	6.37e-11	9.94e-49
 2.74865e+14	9.17e-16	1.15e-10	1.61e-06	1.07e-03	9.99e-01	7.18e-05	0.00e+00	7.76e-17	2.33e-16	3.89e-16	3.78e-11	7.73e-11	2.06e-48
 2.84355e+14	1.12e-15	1.37e-10	1.85e-06	1.16e-03	9.99e-01	6.67e-05	0.00e+00	9.51e-17	2.85e-16	4.77e-16	4.48e-11	9.17e-11	3.92e-48
 2.94646e+14	1.43e-15	1.65e-10	2.13e-06	1.25e-03	9.99e-01	6.16e-05	0.00e+00	1.21e-16	3.64e-16	6.07e-16	5.42e-11	1.11e-10	8.17e-48
 3.06143e+14	1.81e-15	2.01e-10	2.49e-06	1.37e-03	9.99e-01	5.66e-05	0.00e+00	1.54e-16	4.61e-16	7.71e-16	6.61e-11	1.35e-10	1.74e-47
 3.17084e+14	2.26e-15	2.42e-10	2.86e-06	1.48e-03	9.98e-01	5.23e-05	0.00e+00	1.92e-16	5.77e-16	9.63e-16	7.94e-11	1.62e-10	3.53e-47
 3.28782e+14	2.84e-15	2.92e-10	3.31e-06	1.61e-03	9.98e-01	4.83e-05	0.00e+00	2.42e-16	7.26e-16	1.21e-15	9.59e-11	1.96e-10	7.40e-47
 3.41963e+14	3.66e-15	3.59e-10	3.87e-06	1.75e-03	9.98e-01	4.43e-05	0.00e+00	3.12e-16	9.36e-16	1.56e-15	1.18e-10	2.41e-10	1.67e-46
 3.55001e+14	4.61e-15	4.36e-10	4.49e-06	1.91e-03	9.98e-01	4.08e-05	0.00e+00	3.94e-16	1.18e-15	1.98e-15	1.43e-10	2.93e-10	3.61e-46
 3.65658e+14	5.50e-15	5.06e-10	5.05e-06	2.04e-03	9.98e-01	3.82e-05	0.00e+00	4.70e-16	1.41e-15	2.36e-15	1.66e-10	3.40e-10	6.49e-46
 3.73947e+14	6.45e-15	5.74e-10	5.52e-06	2.14e-03	9.98e-01	3.64e-05	0.00e+00	5.52e-16	1.66e-15	2.77e-15	1.89e-10	3.85e-10	1.08e-45
 3.83030e+14	7.54e-15	6.52e-10	6.08e-06	2.26e-03	9.98e-01	3.45e-05	0.00e+00	6.46e-16	1.94e-15	3.24e-15	2.14e-10	4.38e-10	1.79e-45
 3.94838e+14	9.15e-15	7.65e-10	6.86e-06	2.42e-03	9.98e-01	3.23e-05	0.00e+00	7.84e-16	2.35e-15	3.93e-15	2.52e-10	5.13e-10	3.41e-45
 4.07599e+14	1.10e-14	8.97e-10	7.78e-06	2.60e-03	9.97e-01	3.01e-05	0.00e+00	9.44e-16	2.83e-15	4.73e-15	2.95e-10	6.02e-10	6.37e-45
 4.19109e+14	1.35e-14	1.05e-09	8.70e-06	2.77e-03	9.97e-01	2.83e-05	0.00e+00	1.16e-15	3.48e-15	5.81e-15	3.46e-10	7.05e-10	1.22e-44
 4.31583e+14	1.63e-14	1.23e-09	9.77e-06	2.95e-03	9.97e-01	2.66e-05	0.00e+00	1.40e-15	4.20e-15	7.01e-15	4.04e-10	8.24e-10	2.26e-44
 4.47421e+14	2.06e-14	1.49e-09	1.13e-05	3.21e-03	9.97e-01	2.46e-05	0.00e+00	1.78e-15	5.34e-15	8.91e-15	4.91e-10	1.00e-09	4.97e-44
 4.63338e+14	2.59e-14	1.80e-09	1.30e-05	3.46e-03	9.97e-01	2.28e-05	0.00e+00	2.23e-15	6.69e-15	1.12e-14	5.92e-10	1.21e-09	1.04e-43
 4.76682e+14	3.12e-14	2.10e-09	1.45e-05	3.69e-03	9.96e-01	2.15e-05	0.00e+00	2.70e-15	8.09e-15	1.35e-14	6.91e-10	1.41e-09	1.94e-43
 4.90975e+14	3.80e-14	2.46e-09	1.63e-05	3.94e-03	9.96e-01	2.02e-05	0.00e+00	3.28e-15	9.85e-15	1.64e-14	8.11e-10	1.65e-09	3.67e-43
 5.09049e+14	4.80e-14	2.99e-09	1.88e-05	4.27e-03	9.96e-01	1.87e-05	0.00e+00	4.15e-15	1.25e-14	2.08e-14	9.86e-10	2.01e-09	8.02e-43
 5.28009e+14	6.02e-14	3.62e-09	2.18e-05	4.62e-03	9.95e-01	1.73e-05	0.00e+00	5.21e-15	1.57e-14	2.61e-14	1.19e-09	2.42e-09	1.71e-42
 5.45032e+14	7.68e-14	4.37e-09	2.47e-05	4.97e-03	9.95e-01	1.62e-05	0.00e+00	6.66e-15	2.00e-14	3.34e-14	1.44e-09	2.93e-09	3.67e-42
 5.63568e+14	9.54e-14	5.24e-09	2.82e-05	5.34e-03	9.95e-01	1.51e-05	0.00e+00	8.29e-15	2.49e-14	4.15e-14	1.73e-09	3.51e-09	7.48e-42
 5.85541e+14	1.23e-13	6.46e-09	3.28e-05	5.82e-03	9.94e-01	1.40e-05	0.00e+00	1.07e-14	3.20e-14	5.35e-14	2.13e-09	4.33e-09	1.72e-41
 6.07164e+14	1.58e-13	7.91e-09	3.79e-05	6.30e-03	9.94e-01	1.30e-05	0.00e+00	1.37e-14	4.12e-14	6.87e-14	2.61e-09	5.30e-09	3.81e-41
 6.26863e+14	1.96e-13	9.46e-09	4.30e-05	6.76e-03	9.93e-01	1.22e-05	0.00e+00	1.71e-14	5.13e-14	8.56e-14	3.12e-09	6.33e-09	7.66e-41
 6.48882e+14	2.42e-13	1.13e-08	4.93e-05	7.28e-03	9.93e-01	1.14e-05	0.00e+00	2.11e-14	6.35e-14	1.06e-13	3.74e-09	7.58e-09	1.53e-40
 6.74569e+14	3.23e-13	1.42e-08	5.76e-05	7.94e-03	9.92e-01	1.06e-05	0.00e+00	2.82e-14	8.47e-14	1.41e-13	4.70e-09	9.54e-09	3.79e-40
 6.99884e+14	4.18e-13	1.75e-08	6.66e-05	8.60e-03	9.91e-01	9.86e-06	0.00e+00	3.66e-14	1.10e-13	1.83e-13	5.80e-09	1.17e-08	8.45e-40
 7.23872e+14	5.29e-13	2.12e-08	7.62e-05	9.25e-03	9.91e-01	9.25e-06	0.00e+00	4.63e-14	1.39e-13	2.32e-13	7.02e-09	1.42e-08	1.76e-39
 7.50517e+14	6.63e-13	2.57e-08	8.79e-05	1.00e-02	9.90e-01	8.66e-06	0.00e+00	5.81e-14	1.74e-13	2.91e-13	8.49e-09	1.72e-08	3.63e-39
 7.80568e+14	9.02e-13	3.27e-08	1.03e-04	1.09e-02	9.89e-01	8.06e-06	0.00e+00	7.92e-14	2.38e-13	3.96e-13	1.08e-08	2.19e-08	9.27e-39
 8.05824e+14	1.13e-12	3.93e-08	1.17e-04	1.17e-02	9.88e-01	7.62e-06	0.00e+00	9.93e-14	2.98e-13	4.97e-13	1.30e-08	2.63e-08	1.85e-38
 8.24068e+14	1.32e-12	4.47e-08	1.28e-04	1.23e-02	9.88e-01	7.33e-06	0.00e+00	1.16e-13	3.49e-13	5.82e-13	1.48e-08	2.99e-08	2.99e-38
 8.43175e+14	1.56e-12	5.09e-08	1.40e-04	1.29e-02	9.87e-01	7.05e-06	0.00e+00	1.37e-13	4.10e-13	6.85e-13	1.69e-08	3.41e-08	4.90e-38
 8.68013e+14	1.85e-12	5.92e-08	1.57e-04	1.37e-02	9.86e-01	6.71e-06	0.00e+00	1.63e-13	4.90e-13	8.17e-13	1.96e-08	3.96e-08	8.51e-38
 8.95736e+14	2.37e-12	7.21e-08	1.78e-04	1.47e-02	9.85e-01	6.37e-06	0.00e+00	2.09e-13	6.27e-13	1.05e-12	2.39e-08	4.82e-08	1.80e-37
 9.21610e+14	2.91e-12	8.51e-08	2.00e-04	1.56e-02	9.84e-01	6.09e-06	0.00e+00	2.57e-13	7.70e-13	1.29e-12	2.82e-08	5.69e-08	3.30e-37
 9.49649e+14	3.51e-12	9.96e-08	2.25e-04	1.66e-02	9.83e-01	5.81e-06	0.00e+00	3.10e-13	9.29e-13	1.55e-12	3.30e-08	6.66e-08	5.82e-37
 9.81289e+14	4.55e-12	1.22e-07	2.56e-04	1.79e-02	9.82e-01	5.53e-06	0.00e+00	4.02e-13	1.21e-12	2.01e-12	4.05e-08	8.19e-08	1.26e-36
 1.01135e+15	5.60e-12	1.45e-07	2.89e-04	1.90e-02	9.81e-01	5.29e-06	0.00e+00	4.94e-13	1.48e-12	2.47e-12	4.81e-08	9.72e-08	2.34e-36
 1.04418e+15	6.88e-12	1.73e-07	3.28e-04	2.04e-02	9.79e-01	5.05e-06	0.00e+00	6.09e-13	1.83e-12	3.05e-12	5.72e-08	1.16e-07	4.29e-36
 1.08104e+15	9.09e-12	2.15e-07	3.78e-04	2.19e-02	9.78e-01	4.82e-06	0.00e+00	8.04e-13	2.41e-12	4.02e-12	7.13e-08	1.44e-07	9.67e-36
 1.11599e+15	1.13e-11	2.58e-07	4.29e-04	2.35e-02	9.76e-01	4.62e-06	0.00e+00	9.99e-13	3.00e-12	5.00e-12	8.56e-08	1.73e-07	1.84e-35
 1.15425e+15	1.41e-11	3.10e-07	4.91e-04	2.52e-02	9.74e-01	4.42e-06	0.00e+00	1.25e-12	3.74e-12	6.24e-12	1.03e-07	2.07e-07	3.50e-35
 1.19703e+15	1.88e-11	3.91e-07	5.68e-04	2.72e-02	9.72e-01	4.24e-06	0.00e+00	1.67e-12	5.00e-12	8.34e-12	1.30e-07	2.62e-07	8.18e-35
 1.23674e+15	2.37e-11	4.74e-07	6.48e-04	2.92e-02	9.70e-01	4.08e-06	0.00e+00	2.10e-12	6.31e-12	1.05e-11	1.57e-07	3.17e-07	1.61e-34
 1.27941e+15	3.00e-11	5.77e-07	7.43e-04	3.13e-02	9.68e-01	3.92e-06	0.00e+00	2.66e-12	7.98e-12	1.33e-11	1.91e-07	3.86e-07	3.18e-34
 1.32738e+15	3.81e-11	7.05e-07	8.61e-04	3.38e-02	9.65e-01	3.77e-06	0.00e+00	3.39e-12	1.02e-11	1.70e-11	2.34e-07	4.71e-07	6.33e-34
 1.37271e+15	4.99e-11	8.79e-07	9.86e-04	3.64e-02	9.63e-01	3.66e-06	0.00e+00	4.44e-12	1.33e-11	2.22e-11	2.91e-07	5.87e-07	1.39e-33
 1.42209e+15	6.36e-11	1.08e-06	1.14e-03	3.92e-02	9.60e-01	3.53e-06	0.00e+00	5.67e-12	1.70e-11	2.84e-11	3.57e-07	7.20e-07	2.80e-33
 1.47708e+15	8.16e-11	1.33e-06	1.32e-03	4.24e-02	9.56e-01	3.40e-06	0.00e+00	7.27e-12	2.18e-11	3.64e-11	4.40e-07	8.87e-07	5.60e-33
 1.52684e+15	1.03e-10	1.62e-06	1.51e-03	4.55e-02	9.53e-01	3.31e-06	0.00e+00	9.21e-12	2.76e-11	4.61e-11	5.37e-07	1.08e-06	1.10e-32
 1.57136e+15	1.27e-10	1.93e-06	1.70e-03	4.83e-02	9.50e-01	3.24e-06	0.00e+00	1.13e-11	3.40e-11	5.67e-11	6.39e-07	1.29e-06	2.00e-32
 1.62161e+15	1.62e-10	2.35e-06	1.94e-03	5.17e-02	9.46e-01	3.17e-06	0.00e+00	1.45e-11	4.34e-11	7.24e-11	7.81e-07	1.57e-06	4.00e-32
 1.68303e+15	2.07e-10	2.89e-06	2.25e-03	5.58e-02	9.42e-01	3.08e-06	0.00e+00	1.85e-11	5.55e-11	9.26e-11	9.59e-07	1.93e-06	7.81e-32
 1.74518e+15	2.75e-10	3.67e-06	2.61e-03	6.04e-02	9.37e-01	3.02e-06	0.00e+00	2.46e-11	7.37e-11	1.23e-10	1.22e-06	2.45e-06	1.78e-31
 1.79326e+15	3.32e-10	4.31e-06	2.91e-03	6.39e-02	9.33e-01	2.97e-06	0.00e+00	2.97e-11	8.92e-11	1.49e-10	1.43e-06	2.88e-06	3.05e-31
 1.83682e+15	3.94e-10	4.98e-06	3.22e-03	6.72e-02	9.30e-01	2.92e-06	0.00e+00	3.53e-11	1.06e-10	1.77e-10	1.65e-06	3.33e-06	4.90e-31
 1.89345e+15	4.87e-10	5.95e-06	3.64e-03	7.16e-02	9.25e-01	2.87e-06	0.00e+00	4.36e-11	1.31e-10	2.18e-10	1.98e-06	3.97e-06	8.76e-31
 1.95434e+15	6.12e-10	7.23e-06	4.15e-03	7.66e-02	9.19e-01	2.82e-06	0.00e+00	5.49e-11	1.65e-10	2.75e-10	2.40e-06	4.83e-06	1.67e-30
 2.00783e+15	7.42e-10	8.50e-06	4.63e-03	8.10e-02	9.14e-01	2.78e-06	0.00e+00	6.66e-11	2.00e-10	3.33e-10	2.82e-06	5.68e-06	2.83e-30
 2.06447e+15	8.93e-10	9.89e-06	5.19e-03	8.57e-02	9.09e-01	2.74e-06	0.00e+00	8.02e-11	2.40e-10	4.01e-10	3.29e-06	6.61e-06	4.51e-30
 2.13810e+15	1.17e-09	1.25e-05	6.00e-03	9.24e-02	9.02e-01	2.69e-06	0.00e+00	1.05e-10	3.16e-10	5.27e-10	4.14e-06	8.32e-06	9.73e-30
 2.21084e+15	1.45e-09	1.49e-05	6.88e-03	9.89e-02	8.94e-01	2.64e-06	0.00e+00	1.31e-10	3.93e-10	6.55e-10	4.96e-06	9.97e-06	1.68e-29
 2.26973e+15	1.80e-09	1.79e-05	7.68e-03	1.05e-01	8.88e-01	2.62e-06	0.00e+00	1.62e-10	4.85e-10	8.09e-10	5.94e-06	1.19e-05	3.06e-29
 2.33360e+15	2.20e-09	2.12e-05	8.63e-03	1.11e-01	8.80e-01	2.59e-06	0.00e+00	1.98e-10	5.94e-10	9.90e-10	7.04e-06	1.41e-05	5.23e-29
 2.41662e+15	2.78e-09	2.57e-05	9.96e-03	1.19e-01	8.71e-01	2.54e-06	0.00e+00	2.50e-10	7.51e-10	1.25e-09	8.53e-06	1.71e-05	9.30e-29
 2.50264e+15	3.67e-09	3.25e-05	1.16e-02	1.29e-01	8.60e-01	2.51e-06	0.00e+00	3.31e-10	9.93e-10	1.66e-09	1.08e-05	2.17e-05	2.02e-28
 2.57355e+15	4.48e-09	3.86e-05	1.30e-02	1.36e-01	8.51e-01	2.48e-06	0.00e+00	4.05e-10	1.21e-09	2.02e-09	1.28e-05	2.57e-05	3.38e-28
 2.64676e+15	5.50e-09	4.57e-05	1.46e-02	1.44e-01	8.41e-01	2.44e-06	0.00e+00	4.98e-10	1.49e-09	2.49e-09	1.52e-05	3.05e-05	5.65e-28
 2.74191e+15	7.04e-09	5.59e-05	1.70e-02	1.55e-01	8.28e-01	2.39e-06	0.00e+00	6.38e-10	1.91e-09	3.19e-09	1.86e-05	3.73e-05	1.02e-27
 2.83819e+15	9.35e-09	7.10e-05	1.97e-02	1.67e-01	8.13e-01	2.37e-06	0.00e+00	8.48e-10	2.54e-09	4.24e-09	2.36e-05	4.74e-05	2.19e-27
 2.91350e+15	1.14e-08	8.37e-05	2.20e-02	1.76e-01	8.02e-01	2.34e-06	0.00e+00	1.03e-09	3.10e-09	5.17e-09	2.78e-05	5.58e-05	3.54e-27
 2.98896e+15	1.39e-08	9.84e-05	2.46e-02	1.86e-01	7.90e-01	2.31e-06	0.00e+00	1.26e-09	3.78e-09	6.30e-09	3.27e-05	6.57e-05	5.76e-27
 3.08706e+15	1.78e-08	1.20e-04	2.83e-02	1.98e-01	7.73e-01	2.27e-06	0.00e+00	1.61e-09	4.84e-09	8.07e-09	4.00e-05	8.03e-05	1.03e-26
 3.18727e+15	2.30e-08	1.49e-04	3.26e-02	2.12e-01	7.56e-01	2.24e-06	0.00e+00	2.10e-09	6.29e-09	1.05e-08	4.95e-05	9.92e-05	1.94e-26
 3.26777e+15	2.78e-08	1.74e-04	3.64e-02	2.22e-01	7.41e-01	2.20e-06	0.00e+00	2.54e-09	7.61e-09	1.27e-08	5.80e-05	1.16e-04	3.05e-26
 3.33484e+15	3.28e-08	1.99e-04	3.98e-02	2.32e-01	7.28e-01	2.18e-06	0.00e+00	2.99e-09	8.97e-09	1.49e-08	6.61e-05	1.33e-04	4.46e-26
 3.40689e+15	3.92e-08	2.29e-04	4.38e-02	2.42e-01	7.14e-01	2.15e-06	0.00e+00	3.57e-09	1.07e-08	1.79e-08	7.62e-05	1.53e-04	6.75e-26
 3.48755e+15	4.66e-08	2.62e-04	4.85e-02	2.53e-01	6.99e-01	2.11e-06	0.00e+00	4.26e-09	1.28e-08	2.13e-08	8.73e-05	1.75e-04	9.62e-26
 3.57941e+15	5.93e-08	3.19e-04	5.48e-02	2.66e-01	6.79e-01	2.08e-06	0.00e+00	5.42e-09	1.63e-08	2.71e-08	1.06e-04	2.13e-04	1.74e-25
 3.67875e+15	7.29e-08	3.74e-04	6.18e-02	2.80e-01	6.58e-01	2.03e-06	0.00e+00	6.67e-09	2.00e-08	3.34e-08	1.25e-04	2.49e-04	2.64e-25
 3.76926e+15	9.24e-08	4.53e-04	6.95e-02	2.94e-01	6.36e-01	2.00e-06	0.00e+00	8.46e-09	2.54e-08	4.23e-08	1.51e-04	3.02e-04	4.72e-25
 3.85108e+15	1.12e-07	5.25e-04	7.67e-02	3.05e-01	6.17e-01	1.97e-06	0.00e+00	1.02e-08	3.07e-08	5.12e-08	1.75e-04	3.50e-04	7.10e-25
 3.92645e+15	1.32e-07	6.00e-04	8.40e-02	3.16e-01	5.99e-01	1.94e-06	0.00e+00	1.21e-08	3.63e-08	6.06e-08	2.00e-04	4.00e-04	1.03e-24
 4.01071e+15	1.61e-07	6.99e-04	9.30e-02	3.29e-01	5.78e-01	1.90e-06	0.00e+00	1.48e-08	4.43e-08	7.39e-08	2.33e-04	4.66e-04	1.60e-24
 4.10144e+15	1.93e-07	8.00e-04	1.03e-01	3.40e-01	5.56e-01	1.86e-06	0.00e+00	1.78e-08	5.33e-08	8.88e-08	2.67e-04	5.33e-04	2.25e-24
 4.20059e+15	2.50e-07	9.78e-04	1.16e-01	3.55e-01	5.28e-01	1.81e-06	0.00e+00	2.30e-08	6.90e-08	1.15e-07	3.26e-04	6.52e-04	4.15e-24
 4.30496e+15	3.06e-07	1.14e-03	1.30e-01	3.68e-01	5.01e-01	1.76e-06	0.00e+00	2.82e-08	8.46e-08	1.41e-07	3.79e-04	7.58e-04	5.94e-24
 4.40048e+15	3.93e-07	1.38e-03	1.46e-01	3.81e-01	4.72e-01	1.72e-06	0.00e+00	3.62e-08	1.09e-07	1.81e-07	4.61e-04	9.21e-04	1.08e-23
 4.48985e+15	4.81e-07	1.61e-03	1.61e-01	3.91e-01	4.46e-01	1.68e-06	0.00e+00	4.44e-08	1.33e-07	2.22e-07	5.37e-04	1.07e-03	1.66e-23
 4.57230e+15	5.82e-07	1.86e-03	1.77e-01	4.00e-01	4.21e-01	1.63e-06	0.00e+00	5.38e-08	1.61e-07	2.69e-07	6.19e-04	1.24e-03	2.51e-23
 4.64944e+15	6.96e-07	2.12e-03	1.92e-01	4.08e-01	3.98e-01	1.59e-06	0.00e+00	6.43e-08	1.93e-07	3.21e-07	7.06e-04	1.41e-03	3.67e-23
 4.72259e+15	8.21e-07	2.38e-03	2.08e-01	4.14e-01	3.75e-01	1.55e-06	0.00e+00	7.60e-08	2.28e-07	3.80e-07	7.95e-04	1.59e-03	5.12e-23
 4.80606e+15	1.01e-06	2.78e-03	2.28e-01	4.21e-01	3.48e-01	1.50e-06	0.00e+00	9.36e-08	2.81e-07	4.68e-07	9.28e-04	1.85e-03	8.29e-23
 4.88937e+15	1.21e-06	3.17e-03	2.48e-01	4.26e-01	3.23e-01	1.45e-06	0.00e+00	1.12e-07	3.37e-07	5.62e-07	1.06e-03	2.11e-03	1.20e-22
 4.95833e+15	1.40e-06	3.51e-03	2.66e-01	4.29e-01	3.02e-01	1.41e-06	0.00e+00	1.30e-07	3.89e-07	6.49e-07	1.17e-03	2.34e-03	1.61e-22
 5.03383e+15	1.67e-06	3.99e-03	2.88e-01	4.31e-01	2.77e-01	1.35e-06	0.00e+00	1.55e-07	4.65e-07	7.75e-07	1.33e-03	2.66e-03	2.38e-22
 5.10629e+15	2.07e-06	4.65e-03	3.11e-01	4.32e-01	2.52e-01	1.31e-06	0.00e+00	1.93e-07	5.78e-07	9.63e-07	1.55e-03	3.10e-03	4.01e-22
 5.15205e+15	2.30e-06	5.01e-03	3.25e-01	4.31e-01	2.38e-01	1.27e-06	0.00e+00	2.14e-07	6.40e-07	1.07e-06	1.67e-03	3.34e-03	5.02e-22
 5.18878e+15	2.53e-06	5.35e-03	3.38e-01	4.30e-01	2.26e-01	1.24e-06	0.00e+00	2.35e-07	7.06e-07	1.18e-06	1.79e-03	3.57e-03	6.25e-22
 5.23652e+15	2.85e-06	5.79e-03	3.54e-01	4.29e-01	2.11e-01	1.20e-06	0.00e+00	2.65e-07	7.94e-07	1.32e-06	1.93e-03	3.86e-03	8.03e-22
 5.29859e+15	3.32e-06	6.46e-03	3.76e-01	4.25e-01	1.92e-01	1.14e-06	0.00e+00	3.09e-07	9.27e-07	1.54e-06	2.16e-03	4.31e-03	1.15e-21
 5.35943e+15	3.87e-06	7.17e-03	3.98e-01	4.21e-01	1.74e-01	1.09e-06	0.00e+00	3.61e-07	1.08e-06	1.80e-06	2.39e-03	4.78e-03	1.63e-21
 5.40447e+15	4.29e-06	7.65e-03	4.14e-01	4.17e-01	1.61e-01	1.05e-06	0.00e+00	4.00e-07	1.20e-06	2.00e-06	2.55e-03	5.10e-03	2.01e-21
 5.44879e+15	4.81e-06	8.27e-03	4.32e-01	4.12e-01	1.48e-01	1.01e-06	0.00e+00	4.49e-07	1.35e-06	2.24e-06	2.76e-03	5.51e-03	2.64e-21
 5.49858e+15	5.70e-06	9.24e-03	4.53e-01	4.05e-01	1.33e-01	9.52e-07	0.00e+00	5.33e-07	1.60e-06	2.66e-06	3.08e-03	6.15e-03	4.02e-21
 5.53950e+15	6.33e-06	9.89e-03	4.70e-01	3.99e-01	1.22e-01	0.00e+00	0.00e+00	5.92e-07	1.77e-06	2.95e-06	3.30e-03	6.59e-03	5.11e-21
 5.57675e+15	7.05e-06	1.06e-02	4.85e-01	3.92e-01	1.12e-01	0.00e+00	0.00e+00	6.59e-07	1.98e-06	3.29e-06	3.53e-03	7.05e-03	6.56e-21
 5.62517e+15	7.83e-06	1.13e-02	5.04e-01	3.84e-01	1.00e-01	0.00e+00	0.00e+00	7.33e-07	2.20e-06	3.66e-06	3.77e-03	7.52e-03	8.11e-21
 5.68812e+15	9.85e-06	1.30e-02	5.33e-01	3.70e-01	8.39e-02	0.00e+00	0.00e+00	9.24e-07	2.77e-06	4.62e-06	4.33e-03	8.63e-03	1.41e-20
 5.74022e+15	1.09e-05	1.38e-02	5.52e-01	3.60e-01	7.41e-02	0.00e+00	0.00e+00	1.02e-06	3.06e-06	5.09e-06	4.60e-03	9.18e-03	1.73e-20
 5.77823e+15	1.28e-05	1.51e-02	5.71e-01	3.49e-01	6.50e-02	0.00e+00	0.00e+00	1.20e-06	3.61e-06	6.01e-06	5.05e-03	1.01e-02	2.57e-20
 5.81511e+15	1.43e-05	1.61e-02	5.86e-01	3.40e-01	5.80e-02	0.00e+00	0.00e+00	1.34e-06	4.02e-06	6.69e-06	5.37e-03	1.07e-02	3.30e-20
 5.85051e+15	1.58e-05	1.71e-02	6.00e-01	3.31e-01	5.16e-02	0.00e+00	0.00e+00	1.49e-06	4.47e-06	7.44e-06	5.71e-03	1.14e-02	4.19e-20
 5.89653e+15	1.87e-05	1.86e-02	6.20e-01	3.18e-01	4.36e-02	0.00e+00	0.00e+00	1.76e-06	5.29e-06	8.81e-06	6.22e-03	1.24e-02	6.06e-20
 5.94120e+15	2.12e-05	2.01e-02	6.38e-01	3.05e-01	3.70e-02	0.00e+00	0.00e+00	2.00e-06	6.00e-06	9.99e-06	6.70e-03	1.34e-02	8.28e-20
 5.97526e+15	2.39e-05	2.12e-02	6.51e-01	2.95e-01	3.25e-02	0.00e+00	0.00e+00	2.26e-06	6.77e-06	1.13e-05	7.09e-03	1.41e-02	1.05e-19
 6.01065e+15	2.64e-05	2.25e-02	6.65e-01	2.85e-01	2.81e-02	0.00e+00	0.00e+00	2.50e-06	7.48e-06	1.25e-05	7.53e-03	1.50e-02	1.36e-19
 6.05666e+15	3.14e-05	2.44e-02	6.82e-01	2.70e-01	2.29e-02	0.00e+00	0.00e+00	2.98e-06	8.92e-06	1.49e-05	8.16e-03	1.63e-02	2.01e-19
 6.10205e+15	3.61e-05	2.62e-02	6.98e-01	2.57e-01	1.87e-02	0.00e+00	0.00e+00	3.42e-06	1.03e-05	1.71e-05	8.76e-03	1.75e-02	2.83e-19
 6.13141e+15	3.92e-05	2.74e-02	7.08e-01	2.48e-01	1.64e-02	0.00e+00	0.00e+00	3.72e-06	1.11e-05	1.86e-05	9.17e-03	1.83e-02	3.51e-19
 6.15011e+15	4.16e-05	2.82e-02	7.14e-01	2.43e-01	1.50e-02	0.00e+00	0.00e+00	3.94e-06	1.18e-05	1.97e-05	9.44e-03	1.88e-02	4.06e-19
 6.17017e+15	4.41e-05	2.91e-02	7.20e-01	2.37e-01	1.36e-02	0.00e+00	0.00e+00	4.19e-06	1.26e-05	2.09e-05	9.74e-03	1.94e-02	4.73e-19
 6.19625e+15	4.75e-05	3.04e-02	7.29e-01	2.29e-01	1.19e-02	0.00e+00	0.00e+00	4.52e-06	1.35e-05	2.26e-05	1.02e-02	2.02e-02	5.84e-19
 6.22497e+15	5.18e-05	3.18e-02	7.38e-01	2.20e-01	1.03e-02	0.00e+00	0.00e+00	4.93e-06	1.48e-05	2.46e-05	1.06e-02	2.12e-02	7.30e-19
 6.25142e+15	5.62e-05	3.30e-02	7.45e-01	2.13e-01	8.98e-03	0.00e+00	0.00e+00	5.35e-06	1.60e-05	2.67e-05	1.10e-02	2.20e-02	8.99e-19
 6.27630e+15	5.99e-05	3.43e-02	7.52e-01	2.06e-01	7.88e-03	0.00e+00	0.00e+00	5.71e-06	1.71e-05	2.85e-05	1.15e-02	2.28e-02	1.08e-18
 6.30481e+15	6.50e-05	3.58e-02	7.60e-01	1.97e-01	6.73e-03	0.00e+00	0.00e+00	6.20e-06	1.86e-05	3.09e-05	1.20e-02	2.38e-02	1.35e-18
 6.33587e+15	7.07e-05	3.74e-02	7.68e-01	1.89e-01	5.69e-03	0.00e+00	0.00e+00	6.75e-06	2.02e-05	3.37e-05	1.25e-02	2.49e-02	1.71e-18
 6.36394e+15	7.63e-05	3.89e-02	7.75e-01	1.81e-01	4.88e-03	0.00e+00	0.00e+00	7.29e-06	2.18e-05	3.64e-05	1.30e-02	2.59e-02	2.12e-18
 6.38999e+15	8.14e-05	4.03e-02	7.81e-01	1.74e-01	4.22e-03	0.00e+00	0.00e+00	7.78e-06	2.33e-05	3.88e-05	1.35e-02	2.68e-02	2.57e-18
 6.41975e+15	8.82e-05	4.20e-02	7.88e-01	1.67e-01	3.56e-03	0.00e+00	0.00e+00	8.44e-06	2.53e-05	4.21e-05	1.41e-02	2.80e-02	3.23e-18
 6.45221e+15	9.57e-05	4.39e-02	7.95e-01	1.59e-01	2.96e-03	0.00e+00	0.00e+00	9.17e-06	2.75e-05	4.57e-05	1.47e-02	2.92e-02	4.11e-18
 6.48158e+15	1.03e-04	4.56e-02	8.00e-01	1.52e-01	2.51e-03	0.00e+00	0.00e+00	9.86e-06	2.96e-05	4.92e-05	1.53e-02	3.04e-02	5.07e-18
