#depth	O	O+	O+2	O+3	O+4	O+5	O+6	O+7	O+8	O[1]	O[2]	O[3]
 1.49634e+10	0.00e+00	0.00e+00	3.69e-29	4.98e-21	9.65e-14	2.31e-07	1.00e+00	0.00e+00	0.00e+00	0.00e+00	0.00e+00	0.00e+00
 4.54887e+10	0.00e+00	4.04e-38	5.16e-29	6.45e-21	1.15e-13	2.53e-07	1.00e+00	3.88e-08	0.00e+00	0.00e+00	0.00e+00	0.00e+00
 7.72350e+10	0.00e+00	0.00e+00	7.21e-29	8.34e-21	1.38e-13	2.77e-07	1.00e+00	0.00e+00	0.00e+00	0.00e+00	0.00e+00	0.00e+00
 1.10251e+11	0.00e+00	9.26e-38	1.01e-28	1.08e-20	1.65e-13	3.04e-07	1.00e+00	0.00e+00	0.00e+00	0.00e+00	0.00e+00	0.00e+00
 1.44588e+11	0.00e+00	0.00e+00	1.41e-28	1.40e-20	1.97e-13	3.34e-07	1.00e+00	0.00e+00	0.00e+00	0.00e+00	0.00e+00	0.00e+00
 1.78750e+11	0.00e+00	2.08e-37	1.94e-28	1.79e-20	2.35e-13	3.65e-07	1.00e+00	0.00e+00	0.00e+00	0.00e+00	0.00e+00	0.00e+00
 2.14277e+11	0.00e+00	0.00e+00	2.68e-28	2.30e-20	2.79e-13	4.00e-07	1.00e+00	0.00e+00	0.00e+00	0.00e+00	0.00e+00	0.00e+00
 2.52775e+11	0.00e+00	4.66e-37	3.74e-28	2.98e-20	3.35e-13	4.40e-07	1.00e+00	0.00e+00	0.00e+00	0.00e+00	0.00e+00	0.00e+00
 2.92813e+11	0.00e+00	0.00e+00	5.23e-28	3.86e-20	4.02e-13	4.84e-07	1.00e+00	0.00e+00	0.00e+00	0.00e+00	0.00e+00	0.00e+00
 3.34452e+11	0.00e+00	1.06e-36	7.29e-28	5.00e-20	4.83e-13	5.33e-07	1.00e+00	0.00e+00	0.00e+00	0.00e+00	0.00e+00	0.00e+00
 3.77757e+11	0.00e+00	0.00e+00	1.02e-27	6.48e-20	5.81e-13	5.87e-07	1.00e+00	0.00e+00	0.00e+00	0.00e+00	0.00e+00	0.00e+00
 4.16868e+11	0.00e+00	2.26e-36	1.36e-27	8.12e-20	6.82e-13	6.38e-07	1.00e+00	0.00e+00	0.00e+00	0.00e+00	0.00e+00	0.00e+00
 4.49361e+11	9.52e-46	2.99e-36	1.71e-27	9.73e-20	7.76e-13	6.83e-07	1.00e+00	0.00e+00	0.00e+00	0.00e+00	0.00e+00	0.00e+00
 4.84918e+11	0.00e+00	0.00e+00	2.18e-27	1.18e-19	8.90e-13	7.35e-07	1.00e+00	0.00e+00	0.00e+00	0.00e+00	0.00e+00	0.00e+00
 5.30079e+11	0.00e+00	5.80e-36	2.95e-27	1.49e-19	1.05e-12	8.04e-07	1.00e+00	0.00e+00	0.00e+00	0.00e+00	0.00e+00	0.00e+00
 5.77252e+11	3.25e-45	8.36e-36	3.98e-27	1.89e-19	1.25e-12	8.81e-07	1.00e+00	0.00e+00	0.00e+00	0.00e+00	0.00e+00	0.00e+00
 6.18936e+11	0.00e+00	0.00e+00	5.14e-27	2.32e-19	1.45e-12	9.53e-07	1.00e+00	0.00e+00	0.00e+00	0.00e+00	0.00e+00	0.00e+00
 6.57553e+11	0.00e+00	1.50e-35	6.46e-27	2.78e-19	1.65e-12	1.02e-06	1.00e+00	0.00e+00	0.00e+00	0.00e+00	0.00e+00	0.00e+00
 7.01355e+11	9.34e-45	2.03e-35	8.30e-27	3.39e-19	1.91e-12	1.10e-06	1.00e+00	0.00e+00	0.00e+00	0.00e+00	0.00e+00	0.00e+00
 7.55598e+11	0.00e+00	0.00e+00	1.12e-26	4.30e-19	2.26e-12	1.21e-06	1.00e+00	0.00e+00	0.00e+00	0.00e+00	0.00e+00	0.00e+00
 8.09739e+11	0.00e+00	4.10e-35	1.49e-26	5.40e-19	2.67e-12	1.33e-06	1.00e+00	0.00e+00	0.00e+00	0.00e+00	0.00e+00	0.00e+00
 8.56214e+11	3.00e-44	5.44e-35	1.88e-26	6.51e-19	3.07e-12	1.43e-06	1.00e+00	0.00e+00	0.00e+00	0.00e+00	0.00e+00	0.00e+00
 9.06397e+11	0.00e+00	7.30e-35	2.40e-26	7.92e-19	3.54e-12	1.55e-06	1.00e+00	0.00e+00	0.00e+00	0.00e+00	0.00e+00	0.00e+00
 9.68420e+11	6.40e-44	1.03e-34	3.21e-26	1.00e-18	4.20e-12	1.70e-06	1.00e+00	0.00e+00	0.00e+00	0.00e+00	0.00e+00	0.00e+00
 1.03214e+12	0.00e+00	1.45e-34	4.28e-26	1.26e-18	4.96e-12	1.86e-06	1.00e+00	0.00e+00	0.00e+00	0.00e+00	0.00e+00	0.00e+00
 1.08986e+12	1.36e-43	1.95e-34	5.48e-26	1.54e-18	5.75e-12	2.02e-06	1.00e+00	0.00e+00	0.00e+00	0.00e+00	0.00e+00	0.00e+00
 1.15347e+12	0.00e+00	2.67e-34	7.14e-26	1.90e-18	6.71e-12	2.20e-06	1.00e+00	0.00e+00	0.00e+00	0.00e+00	0.00e+00	0.00e+00
 1.22818e+12	2.97e-43	3.80e-34	9.60e-26	2.42e-18	8.00e-12	2.42e-06	1.00e+00	0.00e+00	0.00e+00	0.00e+00	0.00e+00	0.00e+00
 1.30278e+12	0.00e+00	5.31e-34	1.27e-25	3.04e-18	9.46e-12	2.66e-06	1.00e+00	0.00e+00	0.00e+00	0.00e+00	0.00e+00	0.00e+00
 1.37386e+12	6.30e-43	7.22e-34	1.65e-25	3.75e-18	1.10e-11	2.89e-06	1.00e+00	0.00e+00	0.00e+00	0.00e+00	0.00e+00	0.00e+00
 1.45224e+12	0.00e+00	9.98e-34	2.17e-25	4.68e-18	1.30e-11	3.16e-06	1.00e+00	0.00e+00	0.00e+00	0.00e+00	0.00e+00	0.00e+00
 1.54025e+12	1.38e-42	1.41e-33	2.91e-25	5.94e-18	1.54e-11	3.49e-06	1.00e+00	0.00e+00	0.00e+00	0.00e+00	0.00e+00	0.00e+00
 1.61950e+12	0.00e+00	1.91e-33	3.75e-25	7.31e-18	1.79e-11	3.79e-06	1.00e+00	0.00e+00	0.00e+00	0.00e+00	0.00e+00	0.00e+00
 1.68497e+12	2.60e-42	2.42e-33	4.60e-25	8.62e-18	2.02e-11	4.05e-06	1.00e+00	0.00e+00	0.00e+00	0.00e+00	0.00e+00	0.00e+00
 1.75650e+12	0.00e+00	3.13e-33	5.71e-25	1.03e-17	2.29e-11	4.35e-06	1.00e+00	0.00e+00	0.00e+00	0.00e+00	0.00e+00	0.00e+00
 1.84783e+12	5.03e-42	4.27e-33	7.44e-25	1.27e-17	2.68e-11	4.75e-06	1.00e+00	0.00e+00	0.00e+00	0.00e+00	0.00e+00	0.00e+00
 1.94004e+12	0.00e+00	5.78e-33	9.62e-25	1.57e-17	3.12e-11	5.17e-06	1.00e+00	0.00e+00	0.00e+00	0.00e+00	0.00e+00	0.00e+00
 2.01643e+12	9.48e-42	7.37e-33	1.18e-24	1.86e-17	3.52e-11	5.53e-06	1.00e+00	0.00e+00	0.00e+00	0.00e+00	0.00e+00	0.00e+00
 2.09713e+12	0.00e+00	9.45e-33	1.46e-24	2.21e-17	3.99e-11	5.93e-06	1.00e+00	0.00e+00	0.00e+00	0.00e+00	0.00e+00	0.00e+00
 2.20056e+12	1.81e-41	1.29e-32	1.90e-24	2.73e-17	4.64e-11	6.46e-06	1.00e+00	0.00e+00	0.00e+00	0.00e+00	0.00e+00	0.00e+00
 2.30895e+12	0.00e+00	1.75e-32	2.47e-24	3.39e-17	5.42e-11	7.05e-06	1.00e+00	0.00e+00	0.00e+00	0.00e+00	0.00e+00	0.00e+00
 2.40404e+12	3.52e-41	2.28e-32	3.10e-24	4.07e-17	6.17e-11	7.58e-06	1.00e+00	0.00e+00	0.00e+00	0.00e+00	0.00e+00	0.00e+00
 2.50641e+12	0.00e+00	3.00e-32	3.91e-24	4.92e-17	7.06e-11	8.18e-06	1.00e+00	0.00e+00	0.00e+00	0.00e+00	0.00e+00	0.00e+00
 2.61988e+12	6.79e-41	4.02e-32	5.02e-24	6.03e-17	8.16e-11	8.88e-06	1.00e+00	0.00e+00	0.00e+00	0.00e+00	0.00e+00	0.00e+00
 2.72507e+12	0.00e+00	5.23e-32	6.29e-24	7.24e-17	9.29e-11	9.55e-06	1.00e+00	0.00e+00	0.00e+00	0.00e+00	0.00e+00	0.00e+00
 2.83912e+12	1.27e-40	6.90e-32	7.96e-24	8.77e-17	1.06e-10	1.03e-05	1.00e+00	0.00e+00	0.00e+00	0.00e+00	0.00e+00	0.00e+00
 2.96592e+12	0.00e+00	9.28e-32	1.03e-23	1.08e-16	1.23e-10	1.12e-05	1.00e+00	0.00e+00	0.00e+00	0.00e+00	0.00e+00	0.00e+00
 3.08411e+12	2.44e-40	1.21e-31	1.29e-23	1.30e-16	1.40e-10	1.20e-05	1.00e+00	0.00e+00	0.00e+00	0.00e+00	0.00e+00	0.00e+00
 3.21262e+12	0.00e+00	1.61e-31	1.64e-23	1.58e-16	1.61e-10	1.30e-05	1.00e+00	0.00e+00	0.00e+00	0.00e+00	0.00e+00	0.00e+00
 3.35555e+12	4.79e-40	2.18e-31	2.12e-23	1.94e-16	1.86e-10	1.41e-05	1.00e+00	0.00e+00	0.00e+00	0.00e+00	0.00e+00	0.00e+00
 3.48914e+12	0.00e+00	2.87e-31	2.69e-23	2.35e-16	2.12e-10	1.52e-05	1.00e+00	0.00e+00	0.00e+00	0.00e+00	0.00e+00	0.00e+00
 3.63471e+12	9.23e-40	3.85e-31	3.44e-23	2.87e-16	2.44e-10	1.64e-05	1.00e+00	0.00e+00	0.00e+00	0.00e+00	0.00e+00	0.00e+00
 3.79720e+12	0.00e+00	5.25e-31	4.49e-23	3.56e-16	2.83e-10	1.79e-05	1.00e+00	0.00e+00	0.00e+00	0.00e+00	0.00e+00	0.00e+00
 3.95002e+12	1.84e-39	7.00e-31	5.73e-23	4.33e-16	3.24e-10	1.93e-05	1.00e+00	0.00e+00	0.00e+00	0.00e+00	0.00e+00	0.00e+00
 4.11700e+12	0.00e+00	9.49e-31	7.42e-23	5.32e-16	3.74e-10	2.09e-05	1.00e+00	0.00e+00	0.00e+00	0.00e+00	0.00e+00	0.00e+00
 4.30396e+12	3.80e-39	1.31e-30	9.78e-23	6.65e-16	4.36e-10	2.28e-05	1.00e+00	0.00e+00	0.00e+00	0.00e+00	0.00e+00	0.00e+00
 4.48095e+12	0.00e+00	1.78e-30	1.26e-22	8.16e-16	5.02e-10	2.46e-05	1.00e+00	0.00e+00	0.00e+00	0.00e+00	0.00e+00	0.00e+00
 4.67164e+12	7.76e-39	2.43e-30	1.65e-22	1.01e-15	5.80e-10	2.67e-05	1.00e+00	0.00e+00	0.00e+00	0.00e+00	0.00e+00	0.00e+00
 4.88843e+12	0.00e+00	3.43e-30	2.20e-22	1.27e-15	6.80e-10	2.92e-05	1.00e+00	0.00e+00	0.00e+00	0.00e+00	0.00e+00	0.00e+00
 5.10145e+12	1.68e-38	4.76e-30	2.91e-22	1.59e-15	7.90e-10	3.17e-05	1.00e+00	0.00e+00	0.00e+00	0.00e+00	0.00e+00	0.00e+00
 5.32300e+12	0.00e+00	6.62e-30	3.84e-22	1.98e-15	9.19e-10	3.44e-05	1.00e+00	0.00e+00	0.00e+00	0.00e+00	0.00e+00	0.00e+00
 5.56584e+12	3.70e-38	9.40e-30	5.15e-22	2.50e-15	1.08e-09	3.76e-05	1.00e+00	0.00e+00	0.00e+00	0.00e+00	0.00e+00	0.00e+00
 5.81840e+12	0.00e+00	1.34e-29	6.94e-22	3.15e-15	1.26e-09	4.09e-05	1.00e+00	0.00e+00	0.00e+00	0.00e+00	0.00e+00	0.00e+00
 6.08107e+12	8.41e-38	1.91e-29	9.32e-22	3.98e-15	1.48e-09	4.46e-05	1.00e+00	0.00e+00	0.00e+00	0.00e+00	0.00e+00	0.00e+00
 6.32913e+12	0.00e+00	2.64e-29	1.22e-21	4.92e-15	1.70e-09	4.82e-05	1.00e+00	0.00e+00	0.00e+00	0.00e+00	0.00e+00	0.00e+00
 6.55300e+12	1.71e-37	3.51e-29	1.55e-21	5.92e-15	1.93e-09	5.16e-05	1.00e+00	0.00e+00	0.00e+00	0.00e+00	0.00e+00	0.00e+00
 6.76446e+12	0.00e+00	4.55e-29	1.92e-21	7.02e-15	2.16e-09	5.49e-05	1.00e+00	0.00e+00	0.00e+00	0.00e+00	0.00e+00	0.00e+00
 6.99846e+12	3.22e-37	6.05e-29	2.43e-21	8.43e-15	2.45e-09	5.87e-05	1.00e+00	0.00e+00	0.00e+00	0.00e+00	0.00e+00	0.00e+00
 7.26093e+12	0.00e+00	8.25e-29	3.15e-21	1.03e-14	2.80e-09	6.30e-05	1.00e+00	0.00e+00	0.00e+00	0.00e+00	0.00e+00	0.00e+00
 7.51075e+12	6.46e-37	1.10e-28	3.98e-21	1.23e-14	3.16e-09	6.73e-05	1.00e+00	0.00e+00	0.00e+00	0.00e+00	0.00e+00	0.00e+00
 7.78586e+12	0.00e+00	1.49e-28	5.13e-21	1.50e-14	3.61e-09	7.22e-05	1.00e+00	0.00e+00	0.00e+00	0.00e+00	0.00e+00	0.00e+00
 8.08653e+12	1.35e-36	2.06e-28	6.70e-21	1.85e-14	4.14e-09	7.78e-05	1.00e+00	0.00e+00	0.00e+00	0.00e+00	0.00e+00	0.00e+00
 8.36032e+12	0.00e+00	2.74e-28	8.49e-21	2.21e-14	4.68e-09	8.29e-05	1.00e+00	0.00e+00	0.00e+00	0.00e+00	0.00e+00	0.00e+00
 8.65615e+12	2.71e-36	3.72e-28	1.09e-20	2.68e-14	5.32e-09	8.87e-05	1.00e+00	0.00e+00	0.00e+00	0.00e+00	0.00e+00	0.00e+00
 8.98887e+12	0.00e+00	5.18e-28	1.43e-20	3.30e-14	6.12e-09	9.54e-05	1.00e+00	0.00e+00	0.00e+00	0.00e+00	0.00e+00	0.00e+00
 9.30508e+12	5.73e-36	7.02e-28	1.83e-20	3.99e-14	6.95e-09	1.02e-04	1.00e+00	0.00e+00	0.00e+00	0.00e+00	0.00e+00	0.00e+00
 9.65169e+12	0.00e+00	9.71e-28	2.39e-20	4.89e-14	7.96e-09	1.09e-04	1.00e+00	0.00e+00	0.00e+00	0.00e+00	0.00e+00	0.00e+00
 1.00346e+13	1.27e-35	1.37e-27	3.17e-20	6.07e-14	9.20e-09	1.18e-04	1.00e+00	0.00e+00	0.00e+00	0.00e+00	0.00e+00	0.00e+00
 1.03900e+13	0.00e+00	1.88e-27	4.09e-20	7.37e-14	1.05e-08	1.26e-04	1.00e+00	0.00e+00	0.00e+00	0.00e+00	0.00e+00	0.00e+00
 1.07774e+13	2.73e-35	2.62e-27	5.36e-20	9.05e-14	1.20e-08	1.35e-04	1.00e+00	0.00e+00	0.00e+00	0.00e+00	0.00e+00	0.00e+00
 1.12131e+13	4.20e-35	3.77e-27	7.18e-20	1.13e-13	1.39e-08	1.46e-04	1.00e+00	0.00e+00	0.00e+00	0.00e+00	0.00e+00	0.00e+00
 1.16283e+13	6.24e-35	5.26e-27	9.41e-20	1.39e-13	1.60e-08	1.57e-04	1.00e+00	0.00e+00	0.00e+00	0.00e+00	0.00e+00	0.00e+00
 1.20782e+13	9.47e-35	7.47e-27	1.25e-19	1.72e-13	1.84e-08	1.68e-04	1.00e+00	0.00e+00	0.00e+00	0.00e+00	0.00e+00	0.00e+00
 1.25770e+13	1.48e-34	1.09e-26	1.69e-19	2.16e-13	2.14e-08	1.82e-04	1.00e+00	0.00e+00	0.00e+00	0.00e+00	0.00e+00	0.00e+00
 1.30545e+13	2.24e-34	1.54e-26	2.24e-19	2.66e-13	2.47e-08	1.95e-04	1.00e+00	0.00e+00	0.00e+00	0.00e+00	0.00e+00	0.00e+00
 1.35653e+13	3.45e-34	2.20e-26	2.99e-19	3.31e-13	2.86e-08	2.10e-04	1.00e+00	0.00e+00	0.00e+00	0.00e+00	0.00e+00	0.00e+00
 1.41379e+13	5.51e-34	3.26e-26	4.09e-19	4.19e-13	3.34e-08	2.27e-04	1.00e+00	0.00e+00	0.00e+00	0.00e+00	0.00e+00	0.00e+00
 1.47111e+13	8.66e-34	4.75e-26	5.53e-19	5.26e-13	3.88e-08	2.45e-04	1.00e+00	0.00e+00	0.00e+00	0.00e+00	0.00e+00	0.00e+00
 1.53073e+13	1.36e-33	6.92e-26	7.49e-19	6.60e-13	4.52e-08	2.64e-04	1.00e+00	0.00e+00	0.00e+00	0.00e+00	0.00e+00	0.00e+00
 1.59495e+13	2.17e-33	1.02e-25	1.02e-18	8.35e-13	5.29e-08	2.86e-04	1.00e+00	0.00e+00	0.00e+00	0.00e+00	0.00e+00	0.00e+00
 1.66175e+13	3.47e-33	1.51e-25	1.40e-18	1.06e-12	6.18e-08	3.09e-04	1.00e+00	0.00e+00	0.00e+00	0.00e+00	0.00e+00	0.00e+00
 1.73121e+13	5.54e-33	2.23e-25	1.92e-18	1.34e-12	7.23e-08	3.34e-04	1.00e+00	0.00e+00	0.00e+00	0.00e+00	0.00e+00	0.00e+00
 1.79860e+13	8.69e-33	3.24e-25	2.58e-18	1.67e-12	8.37e-08	3.59e-04	1.00e+00	0.00e+00	0.00e+00	0.00e+00	0.00e+00	0.00e+00
 1.86219e+13	1.28e-32	4.50e-25	3.37e-18	2.03e-12	9.57e-08	3.84e-04	1.00e+00	0.00e+00	0.00e+00	0.00e+00	0.00e+00	0.00e+00
 1.92187e+13	1.85e-32	6.10e-25	4.30e-18	2.44e-12	1.08e-07	4.08e-04	1.00e+00	0.00e+00	0.00e+00	0.00e+00	0.00e+00	0.00e+00
 1.98646e+13	2.73e-32	8.42e-25	5.56e-18	2.95e-12	1.23e-07	4.34e-04	1.00e+00	0.00e+00	0.00e+00	0.00e+00	0.00e+00	0.00e+00
 2.05901e+13	4.13e-32	1.19e-24	7.33e-18	3.64e-12	1.41e-07	4.65e-04	1.00e+00	0.00e+00	0.00e+00	0.00e+00	0.00e+00	0.00e+00
 2.12801e+13	5.99e-32	1.62e-24	9.45e-18	4.40e-12	1.60e-07	4.95e-04	1.00e+00	0.00e+00	0.00e+00	0.00e+00	0.00e+00	0.00e+00
 2.20381e+13	9.02e-32	2.28e-24	1.24e-17	5.39e-12	1.83e-07	5.30e-04	9.99e-01	0.00e+00	0.00e+00	0.00e+00	0.00e+00	0.00e+00
 2.28892e+13	1.41e-31	3.30e-24	1.67e-17	6.72e-12	2.12e-07	5.69e-04	9.99e-01	0.00e+00	0.00e+00	0.00e+00	0.00e+00	0.00e+00
 2.37006e+13	2.10e-31	4.62e-24	2.18e-17	8.22e-12	2.43e-07	6.09e-04	9.99e-01	0.00e+00	0.00e+00	0.00e+00	0.00e+00	0.00e+00
 2.45861e+13	3.18e-31	6.53e-24	2.90e-17	1.02e-11	2.80e-07	6.54e-04	9.99e-01	0.00e+00	0.00e+00	0.00e+00	0.00e+00	0.00e+00
 2.55748e+13	5.08e-31	9.63e-24	3.95e-17	1.28e-11	3.26e-07	7.05e-04	9.99e-01	0.00e+00	0.00e+00	0.00e+00	0.00e+00	0.00e+00
 2.65345e+13	7.60e-31	1.36e-23	5.24e-17	1.59e-11	3.76e-07	7.59e-04	9.99e-01	0.00e+00	0.00e+00	0.00e+00	0.00e+00	0.00e+00
 2.75574e+13	1.18e-30	1.96e-23	7.04e-17	1.98e-11	4.36e-07	8.16e-04	9.99e-01	0.00e+00	0.00e+00	0.00e+00	0.00e+00	0.00e+00
 2.85974e+13	1.80e-30	2.79e-23	9.38e-17	2.46e-11	5.03e-07	8.77e-04	9.99e-01	0.00e+00	0.00e+00	0.00e+00	0.00e+00	0.00e+00
 2.95154e+13	2.61e-30	3.80e-23	1.20e-16	2.95e-11	5.69e-07	9.32e-04	9.99e-01	0.00e+00	0.00e+00	0.00e+00	0.00e+00	0.00e+00
 3.05117e+13	3.77e-30	5.18e-23	1.55e-16	3.59e-11	6.48e-07	9.95e-04	9.99e-01	0.00e+00	0.00e+00	0.00e+00	0.00e+00	0.00e+00
 3.17112e+13	5.84e-30	7.49e-23	2.10e-16	4.49e-11	7.53e-07	1.07e-03	9.99e-01	0.00e+00	0.00e+00	0.00e+00	0.00e+00	0.00e+00
 3.29005e+13	8.87e-30	1.06e-22	2.79e-16	5.57e-11	8.69e-07	1.15e-03	9.99e-01	0.00e+00	0.00e+00	0.00e+00	0.00e+00	0.00e+00
 3.39619e+13	1.28e-29	1.45e-22	3.58e-16	6.71e-11	9.84e-07	1.23e-03	9.99e-01	0.00e+00	0.00e+00	0.00e+00	0.00e+00	0.00e+00
 3.51316e+13	1.85e-29	1.98e-22	4.64e-16	8.19e-11	1.12e-06	1.31e-03	9.99e-01	0.00e+00	0.00e+00	0.00e+00	0.00e+00	0.00e+00
 3.65236e+13	2.93e-29	2.90e-22	6.30e-16	1.03e-10	1.31e-06	1.42e-03	9.99e-01	0.00e+00	0.00e+00	0.00e+00	0.00e+00	0.00e+00
 3.79041e+13	4.36e-29	4.08e-22	8.39e-16	1.28e-10	1.51e-06	1.53e-03	9.98e-01	0.00e+00	0.00e+00	0.00e+00	0.00e+00	0.00e+00
 3.91640e+13	6.26e-29	5.54e-22	1.08e-15	1.55e-10	1.72e-06	1.63e-03	9.98e-01	0.00e+00	0.00e+00	0.00e+00	0.00e+00	0.00e+00
 4.05676e+13	9.47e-29	7.82e-22	1.42e-15	1.90e-10	1.97e-06	1.75e-03	9.98e-01	0.00e+00	0.00e+00	0.00e+00	0.00e+00	0.00e+00
 4.22031e+13	1.44e-28	1.12e-21	1.93e-15	2.40e-10	2.30e-06	1.89e-03	9.98e-01	0.00e+00	0.00e+00	0.00e+00	0.00e+00	0.00e+00
 4.38088e+13	2.19e-28	1.59e-21	2.59e-15	2.99e-10	2.66e-06	2.04e-03	9.98e-01	0.00e+00	0.00e+00	0.00e+00	0.00e+00	0.00e+00
 4.53202e+13	3.25e-28	2.22e-21	3.37e-15	3.65e-10	3.04e-06	2.18e-03	9.98e-01	0.00e+00	0.00e+00	0.00e+00	0.00e+00	0.00e+00
 4.70043e+13	4.79e-28	3.10e-21	4.48e-15	4.53e-10	3.51e-06	2.34e-03	9.98e-01	0.00e+00	0.00e+00	0.00e+00	0.00e+00	0.00e+00
 4.89144e+13	7.44e-28	4.50e-21	6.11e-15	5.72e-10	4.11e-06	2.54e-03	9.97e-01	0.00e+00	0.00e+00	0.00e+00	0.00e+00	0.00e+00
 5.08201e+13	1.13e-27	6.44e-21	8.23e-15	7.17e-10	4.77e-06	2.74e-03	9.97e-01	0.00e+00	0.00e+00	0.00e+00	0.00e+00	0.00e+00
 5.26006e+13	1.70e-27	9.02e-21	1.08e-14	8.78e-10	5.46e-06	2.93e-03	9.97e-01	0.00e+00	0.00e+00	0.00e+00	0.00e+00	0.00e+00
 5.45332e+13	2.47e-27	1.25e-20	1.43e-14	1.09e-09	6.29e-06	3.15e-03	9.97e-01	0.00e+00	0.00e+00	0.00e+00	0.00e+00	0.00e+00
 5.66954e+13	3.87e-27	1.82e-20	1.94e-14	1.37e-09	7.33e-06	3.41e-03	9.97e-01	0.00e+00	0.00e+00	0.00e+00	0.00e+00	0.00e+00
 5.87146e+13	5.53e-27	2.48e-20	2.54e-14	1.68e-09	8.42e-06	3.66e-03	9.96e-01	0.00e+00	0.00e+00	0.00e+00	0.00e+00	0.00e+00
 6.05832e+13	7.84e-27	3.34e-20	3.25e-14	2.02e-09	9.52e-06	3.89e-03	9.96e-01	0.00e+00	0.00e+00	0.00e+00	0.00e+00	0.00e+00
 6.23769e+13	1.10e-26	4.43e-20	4.08e-14	2.40e-09	1.07e-05	4.12e-03	9.96e-01	0.00e+00	0.00e+00	0.00e+00	0.00e+00	0.00e+00
 6.43688e+13	1.55e-26	5.94e-20	5.22e-14	2.89e-09	1.21e-05	4.39e-03	9.96e-01	0.00e+00	0.00e+00	0.00e+00	0.00e+00	0.00e+00
 6.65711e+13	2.20e-26	8.04e-20	6.78e-14	3.53e-09	1.38e-05	4.70e-03	9.95e-01	0.00e+00	0.00e+00	0.00e+00	0.00e+00	0.00e+00
 6.86168e+13	3.13e-26	1.08e-19	8.61e-14	4.22e-09	1.55e-05	4.98e-03	9.95e-01	0.00e+00	0.00e+00	0.00e+00	0.00e+00	0.00e+00
 7.08464e+13	4.35e-26	1.44e-19	1.10e-13	5.09e-09	1.76e-05	5.32e-03	9.95e-01	0.00e+00	0.00e+00	0.00e+00	0.00e+00	0.00e+00
 7.33514e+13	6.48e-26	2.01e-19	1.45e-13	6.25e-09	2.02e-05	5.70e-03	9.94e-01	0.00e+00	0.00e+00	0.00e+00	0.00e+00	0.00e+00
 7.57479e+13	9.01e-26	2.68e-19	1.86e-13	7.56e-09	2.29e-05	6.08e-03	9.94e-01	0.00e+00	0.00e+00	0.00e+00	0.00e+00	0.00e+00
 7.83967e+13	1.34e-25	3.73e-19	2.44e-13	9.27e-09	2.63e-05	6.50e-03	9.93e-01	0.00e+00	0.00e+00	0.00e+00	0.00e+00	0.00e+00
 8.13179e+13	1.94e-25	5.17e-19	3.25e-13	1.15e-08	3.03e-05	7.01e-03	9.93e-01	0.00e+00	0.00e+00	0.00e+00	0.00e+00	0.00e+00
 8.40060e+13	2.77e-25	7.00e-19	4.20e-13	1.39e-08	3.45e-05	7.47e-03	9.92e-01	0.00e+00	0.00e+00	0.00e+00	0.00e+00	0.00e+00
 8.69135e+13	4.06e-25	9.68e-19	5.48e-13	1.71e-08	3.94e-05	8.00e-03	9.92e-01	0.00e+00	0.00e+00	0.00e+00	0.00e+00	0.00e+00
 9.01641e+13	5.87e-25	1.34e-18	7.30e-13	2.12e-08	4.55e-05	8.61e-03	9.91e-01	0.00e+00	0.00e+00	0.00e+00	0.00e+00	0.00e+00
 9.32225e+13	8.60e-25	1.85e-18	9.48e-13	2.58e-08	5.19e-05	9.20e-03	9.91e-01	0.00e+00	0.00e+00	0.00e+00	0.00e+00	0.00e+00
 9.65601e+13	1.22e-24	2.51e-18	1.25e-12	3.18e-08	5.97e-05	9.88e-03	9.90e-01	0.00e+00	0.00e+00	0.00e+00	0.00e+00	0.00e+00
 1.00266e+14	1.87e-24	3.60e-18	1.68e-12	3.97e-08	6.92e-05	1.07e-02	9.89e-01	0.00e+00	0.00e+00	0.00e+00	0.00e+00	0.00e+00
 1.03725e+14	2.60e-24	4.83e-18	2.18e-12	4.85e-08	7.91e-05	1.14e-02	9.89e-01	0.00e+00	0.00e+00	0.00e+00	0.00e+00	0.00e+00
 1.07487e+14	3.89e-24	6.79e-18	2.88e-12	5.99e-08	9.10e-05	1.23e-02	9.88e-01	0.00e+00	0.00e+00	0.00e+00	0.00e+00	0.00e+00
 1.11693e+14	5.66e-24	9.48e-18	3.88e-12	7.52e-08	1.06e-04	1.33e-02	9.87e-01	0.00e+00	0.00e+00	0.00e+00	0.00e+00	0.00e+00
 1.15670e+14	8.33e-24	1.32e-17	5.10e-12	9.25e-08	1.21e-04	1.42e-02	9.86e-01	0.00e+00	0.00e+00	0.00e+00	0.00e+00	0.00e+00
 1.19930e+14	1.19e-23	1.81e-17	6.74e-12	1.14e-07	1.40e-04	1.53e-02	9.85e-01	0.00e+00	0.00e+00	0.00e+00	0.00e+00	0.00e+00
 1.24758e+14	1.82e-23	2.60e-17	9.17e-12	1.45e-07	1.63e-04	1.66e-02	9.83e-01	0.00e+00	0.00e+00	0.00e+00	0.00e+00	0.00e+00
 1.29498e+14	2.59e-23	3.58e-17	1.22e-11	1.80e-07	1.89e-04	1.79e-02	9.82e-01	0.00e+00	0.00e+00	0.00e+00	0.00e+00	0.00e+00
 1.34051e+14	3.73e-23	4.91e-17	1.60e-11	2.21e-07	2.17e-04	1.92e-02	9.81e-01	0.00e+00	0.00e+00	0.00e+00	0.00e+00	0.00e+00
 1.39065e+14	5.33e-23	6.75e-17	2.12e-11	2.74e-07	2.50e-04	2.07e-02	9.79e-01	0.00e+00	0.00e+00	0.00e+00	0.00e+00	0.00e+00
 1.44658e+14	8.09e-23	9.69e-17	2.87e-11	3.46e-07	2.92e-04	2.25e-02	9.77e-01	0.00e+00	0.00e+00	0.00e+00	0.00e+00	0.00e+00
 1.49416e+14	1.10e-22	1.28e-16	3.68e-11	4.19e-07	3.31e-04	2.41e-02	9.76e-01	0.00e+00	0.00e+00	0.00e+00	0.00e+00	0.00e+00
 1.52919e+14	1.38e-22	1.56e-16	4.40e-11	4.80e-07	3.63e-04	2.52e-02	9.74e-01	0.00e+00	0.00e+00	0.00e+00	0.00e+00	0.00e+00
 1.56589e+14	1.76e-22	1.94e-16	5.28e-11	5.53e-07	3.98e-04	2.65e-02	9.73e-01	0.00e+00	0.00e+00	0.00e+00	0.00e+00	0.00e+00
 1.61359e+14	2.34e-22	2.50e-16	6.64e-11	6.59e-07	4.47e-04	2.82e-02	9.71e-01	0.00e+00	0.00e+00	0.00e+00	0.00e+00	0.00e+00
 1.66612e+14	3.18e-22	3.30e-16	8.48e-11	7.96e-07	5.07e-04	3.02e-02	9.69e-01	0.00e+00	0.00e+00	0.00e+00	0.00e+00	0.00e+00
 1.71466e+14	4.26e-22	4.27e-16	1.06e-10	9.43e-07	5.67e-04	3.20e-02	9.67e-01	0.00e+00	0.00e+00	0.00e+00	0.00e+00	0.00e+00
 1.76748e+14	5.65e-22	5.52e-16	1.33e-10	1.13e-06	6.37e-04	3.41e-02	9.65e-01	0.00e+00	0.00e+00	0.00e+00	0.00e+00	0.00e+00
 1.82675e+14	7.81e-22	7.38e-16	1.71e-10	1.37e-06	7.24e-04	3.66e-02	9.63e-01	0.00e+00	0.00e+00	0.00e+00	0.00e+00	0.00e+00
 1.88312e+14	1.05e-21	9.61e-16	2.16e-10	1.64e-06	8.15e-04	3.90e-02	9.60e-01	0.00e+00	0.00e+00	0.00e+00	0.00e+00	0.00e+00
 1.94508e+14	1.42e-21	1.27e-15	2.76e-10	1.98e-06	9.24e-04	4.18e-02	9.57e-01	0.00e+00	0.00e+00	0.00e+00	0.00e+00	0.00e+00
 2.01401e+14	1.99e-21	1.72e-15	3.60e-10	2.43e-06	1.06e-03	4.49e-02	9.54e-01	0.00e+00	0.00e+00	0.00e+00	0.00e+00	0.00e+00
 2.07917e+14	2.66e-21	2.25e-15	4.59e-10	2.93e-06	1.19e-03	4.81e-02	9.51e-01	0.00e+00	0.00e+00	0.00e+00	0.00e+00	0.00e+00
 2.15104e+14	3.71e-21	3.04e-15	5.95e-10	3.57e-06	1.36e-03	5.16e-02	9.47e-01	0.00e+00	0.00e+00	0.00e+00	0.00e+00	0.00e+00
 2.23076e+14	5.25e-21	4.17e-15	7.85e-10	4.42e-06	1.57e-03	5.57e-02	9.43e-01	0.00e+00	0.00e+00	0.00e+00	0.00e+00	0.00e+00
 2.30454e+14	7.13e-21	5.52e-15	1.01e-09	5.35e-06	1.77e-03	5.96e-02	9.39e-01	0.00e+00	0.00e+00	0.00e+00	0.00e+00	0.00e+00
 2.38433e+14	9.89e-21	7.45e-15	1.30e-09	6.53e-06	2.02e-03	6.40e-02	9.34e-01	0.00e+00	0.00e+00	0.00e+00	0.00e+00	0.00e+00
 2.47333e+14	1.41e-20	1.03e-14	1.73e-09	8.10e-06	2.32e-03	6.91e-02	9.29e-01	0.00e+00	0.00e+00	0.00e+00	0.00e+00	0.00e+00
 2.55669e+14	1.92e-20	1.37e-14	2.22e-09	9.83e-06	2.63e-03	7.41e-02	9.23e-01	0.00e+00	0.00e+00	0.00e+00	0.00e+00	0.00e+00
 2.64744e+14	2.69e-20	1.87e-14	2.90e-09	1.20e-05	3.00e-03	7.96e-02	9.17e-01	0.00e+00	0.00e+00	0.00e+00	0.00e+00	0.00e+00
 2.74865e+14	3.87e-20	2.60e-14	3.87e-09	1.50e-05	3.46e-03	8.60e-02	9.11e-01	0.00e+00	0.00e+00	0.00e+00	0.00e+00	0.00e+00
 2.84355e+14	5.33e-20	3.50e-14	5.02e-09	1.83e-05	3.93e-03	9.20e-02	9.04e-01	0.00e+00	0.00e+00	0.00e+00	0.00e+00	0.00e+00
 2.94646e+14	7.66e-20	4.85e-14	6.59e-09	2.25e-05	4.49e-03	9.89e-02	8.97e-01	0.00e+00	0.00e+00	0.00e+00	0.00e+00	0.00e+00
 3.06143e+14	1.11e-19	6.84e-14	8.84e-09	2.80e-05	5.17e-03	1.07e-01	8.88e-01	0.00e+00	0.00e+00	0.00e+00	0.00e+00	0.00e+00
 3.17084e+14	1.58e-19	9.40e-14	1.16e-08	3.44e-05	5.90e-03	1.14e-01	8.80e-01	0.00e+00	0.00e+00	0.00e+00	0.00e+00	0.00e+00
 3.28782e+14	2.26e-19	1.31e-13	1.53e-08	4.24e-05	6.74e-03	1.23e-01	8.70e-01	0.00e+00	0.00e+00	0.00e+00	0.00e+00	0.00e+00
 3.41963e+14	3.37e-19	1.87e-13	2.07e-08	5.31e-05	7.79e-03	1.33e-01	8.59e-01	0.00e+00	0.00e+00	0.00e+00	0.00e+00	0.00e+00
 3.55001e+14	4.89e-19	2.63e-13	2.76e-08	6.59e-05	8.93e-03	1.42e-01	8.49e-01	0.00e+00	0.00e+00	0.00e+00	0.00e+00	0.00e+00
 3.65658e+14	6.51e-19	3.42e-13	3.46e-08	7.80e-05	9.94e-03	1.51e-01	8.39e-01	0.00e+00	0.00e+00	0.00e+00	0.00e+00	0.00e+00
 3.73947e+14	8.32e-19	4.25e-13	4.11e-08	8.86e-05	1.08e-02	1.57e-01	8.32e-01	0.00e+00	0.00e+00	0.00e+00	0.00e+00	0.00e+00
 3.83030e+14	1.07e-18	5.31e-13	4.94e-08	1.02e-04	1.17e-02	1.64e-01	8.24e-01	0.00e+00	0.00e+00	0.00e+00	0.00e+00	0.00e+00
 3.94838e+14	1.46e-18	7.04e-13	6.24e-08	1.21e-04	1.31e-02	1.74e-01	8.13e-01	0.00e+00	0.00e+00	0.00e+00	0.00e+00	0.00e+00
 4.07599e+14	1.97e-18	9.32e-13	7.96e-08	1.45e-04	1.47e-02	1.84e-01	8.02e-01	0.00e+00	0.00e+00	0.00e+00	0.00e+00	0.00e+00
 4.19109e+14	2.70e-18	1.23e-12	9.85e-08	1.69e-04	1.62e-02	1.93e-01	7.91e-01	0.00e+00	0.00e+00	0.00e+00	0.00e+00	0.00e+00
 4.31583e+14	3.67e-18	1.61e-12	1.23e-07	2.00e-04	1.80e-02	2.03e-01	7.79e-01	0.00e+00	0.00e+00	0.00e+00	0.00e+00	0.00e+00
 4.47421e+14	5.37e-18	2.26e-12	1.62e-07	2.44e-04	2.04e-02	2.16e-01	7.63e-01	0.00e+00	0.00e+00	0.00e+00	0.00e+00	0.00e+00
 4.63338e+14	7.73e-18	3.12e-12	2.12e-07	2.97e-04	2.30e-02	2.29e-01	7.48e-01	0.00e+00	0.00e+00	0.00e+00	0.00e+00	0.00e+00
 4.76682e+14	1.05e-17	4.08e-12	2.63e-07	3.47e-04	2.53e-02	2.39e-01	7.35e-01	0.00e+00	0.00e+00	0.00e+00	0.00e+00	0.00e+00
 4.90975e+14	1.43e-17	5.37e-12	3.28e-07	4.08e-04	2.80e-02	2.51e-01	7.21e-01	0.00e+00	0.00e+00	0.00e+00	0.00e+00	0.00e+00
 5.09049e+14	2.10e-17	7.53e-12	4.32e-07	4.98e-04	3.16e-02	2.65e-01	7.03e-01	0.00e+00	0.00e+00	0.00e+00	0.00e+00	0.00e+00
 5.28009e+14	3.08e-17	1.04e-11	5.67e-07	6.07e-04	3.57e-02	2.80e-01	6.84e-01	0.00e+00	0.00e+00	1.76e-17	9.33e-18	3.28e-18
 5.45032e+14	4.46e-17	1.43e-11	7.19e-07	7.20e-04	3.96e-02	2.93e-01	6.66e-01	0.00e+00	0.00e+00	2.55e-17	1.36e-17	4.73e-18
 5.63568e+14	6.34e-17	1.95e-11	9.22e-07	8.61e-04	4.41e-02	3.07e-01	6.48e-01	0.00e+00	0.00e+00	3.64e-17	1.93e-17	6.69e-18
 5.85541e+14	9.56e-17	2.78e-11	1.22e-06	1.06e-03	4.99e-02	3.23e-01	6.26e-01	0.00e+00	0.00e+00	5.48e-17	2.91e-17	1.00e-17
 6.07164e+14	1.42e-16	3.89e-11	1.60e-06	1.28e-03	5.59e-02	3.38e-01	6.05e-01	0.00e+00	0.00e+00	8.13e-17	4.31e-17	1.48e-17
 6.26863e+14	2.00e-16	5.23e-11	2.02e-06	1.51e-03	6.16e-02	3.52e-01	5.85e-01	0.00e+00	0.00e+00	1.15e-16	6.08e-17	2.08e-17
 6.48882e+14	2.82e-16	7.06e-11	2.59e-06	1.80e-03	6.84e-02	3.66e-01	5.64e-01	0.00e+00	0.00e+00	1.62e-16	8.56e-17	2.92e-17
 6.74569e+14	4.42e-16	1.03e-10	3.42e-06	2.19e-03	7.68e-02	3.82e-01	5.39e-01	0.00e+00	0.00e+00	2.54e-16	1.34e-16	4.55e-17
 6.99884e+14	6.59e-16	1.43e-10	4.45e-06	2.63e-03	8.55e-02	3.96e-01	5.16e-01	0.00e+00	0.00e+00	3.80e-16	2.00e-16	6.76e-17
 7.23872e+14	9.49e-16	1.95e-10	5.65e-06	3.11e-03	9.41e-02	4.09e-01	4.94e-01	0.00e+00	0.00e+00	5.47e-16	2.88e-16	9.70e-17
 7.50517e+14	1.35e-15	2.65e-10	7.27e-06	3.71e-03	1.04e-01	4.21e-01	4.71e-01	0.00e+00	0.00e+00	7.82e-16	4.11e-16	1.38e-16
 7.80568e+14	2.17e-15	3.87e-10	9.57e-06	4.49e-03	1.16e-01	4.35e-01	4.45e-01	0.00e+00	0.00e+00	1.25e-15	6.57e-16	2.20e-16
 8.05824e+14	3.06e-15	5.13e-10	1.19e-05	5.22e-03	1.26e-01	4.45e-01	4.24e-01	0.00e+00	0.00e+00	1.77e-15	9.27e-16	3.09e-16
 8.24068e+14	3.89e-15	6.26e-10	1.39e-05	5.79e-03	1.33e-01	4.51e-01	4.10e-01	0.00e+00	0.00e+00	2.25e-15	1.18e-15	3.93e-16
 8.43175e+14	4.98e-15	7.66e-10	1.62e-05	6.44e-03	1.41e-01	4.58e-01	3.95e-01	0.00e+00	0.00e+00	2.88e-15	1.51e-15	5.01e-16
 8.68013e+14	6.54e-15	9.66e-10	1.96e-05	7.35e-03	1.52e-01	4.65e-01	3.76e-01	0.00e+00	0.00e+00	3.78e-15	1.98e-15	6.58e-16
 8.95736e+14	9.52e-15	1.30e-09	2.43e-05	8.49e-03	1.64e-01	4.72e-01	3.56e-01	0.00e+00	0.00e+00	5.51e-15	2.89e-15	9.55e-16
 9.21610e+14	1.29e-14	1.66e-09	2.92e-05	9.63e-03	1.75e-01	4.77e-01	3.38e-01	0.00e+00	0.00e+00	7.47e-15	3.91e-15	1.29e-15
 9.49649e+14	1.71e-14	2.10e-09	3.55e-05	1.10e-02	1.88e-01	4.82e-01	3.20e-01	0.00e+00	0.00e+00	9.88e-15	5.18e-15	1.71e-15
 9.81289e+14	2.52e-14	2.84e-09	4.39e-05	1.27e-02	2.02e-01	4.86e-01	3.00e-01	0.00e+00	0.00e+00	1.46e-14	7.64e-15	2.51e-15
 1.01135e+15	3.43e-14	3.65e-09	5.32e-05	1.44e-02	2.15e-01	4.88e-01	2.82e-01	0.00e+00	0.00e+00	1.99e-14	1.04e-14	3.42e-15
 1.04418e+15	4.66e-14	4.69e-09	6.51e-05	1.64e-02	2.30e-01	4.90e-01	2.64e-01	0.00e+00	0.00e+00	2.70e-14	1.41e-14	4.63e-15
 1.08104e+15	7.01e-14	6.41e-09	8.09e-05	1.89e-02	2.47e-01	4.90e-01	2.44e-01	0.00e+00	0.00e+00	4.07e-14	2.13e-14	6.96e-15
 1.11599e+15	9.68e-14	8.28e-09	9.83e-05	2.15e-02	2.63e-01	4.89e-01	2.27e-01	0.00e+00	0.00e+00	5.61e-14	2.94e-14	9.60e-15
 1.15425e+15	1.33e-13	1.07e-08	1.21e-04	2.46e-02	2.79e-01	4.86e-01	2.10e-01	0.00e+00	0.00e+00	7.72e-14	4.04e-14	1.32e-14
 1.19703e+15	2.04e-13	1.48e-08	1.51e-04	2.83e-02	2.98e-01	4.82e-01	1.91e-01	0.00e+00	0.00e+00	1.18e-13	6.19e-14	2.02e-14
 1.23674e+15	2.86e-13	1.92e-08	1.83e-04	3.20e-02	3.15e-01	4.77e-01	1.76e-01	0.00e+00	0.00e+00	1.66e-13	8.68e-14	2.83e-14
 1.27941e+15	4.01e-13	2.50e-08	2.23e-04	3.63e-02	3.32e-01	4.70e-01	1.61e-01	0.00e+00	0.00e+00	2.33e-13	1.22e-13	3.96e-14
 1.32738e+15	5.63e-13	3.27e-08	2.75e-04	4.14e-02	3.51e-01	4.61e-01	1.45e-01	0.00e+00	0.00e+00	3.27e-13	1.71e-13	5.56e-14
 1.37271e+15	8.40e-13	4.38e-08	3.34e-04	4.67e-02	3.69e-01	4.52e-01	1.32e-01	0.00e+00	0.00e+00	4.88e-13	2.55e-13	8.28e-14
 1.42209e+15	1.19e-12	5.71e-08	4.07e-04	5.27e-02	3.87e-01	4.41e-01	1.19e-01	0.00e+00	0.00e+00	6.90e-13	3.61e-13	1.17e-13
 1.47708e+15	1.68e-12	7.48e-08	5.01e-04	5.98e-02	4.06e-01	4.28e-01	1.06e-01	0.00e+00	0.00e+00	9.74e-13	5.09e-13	1.65e-13
 1.52684e+15	2.36e-12	9.65e-08	6.01e-04	6.67e-02	4.22e-01	4.15e-01	9.54e-02	0.00e+00	0.00e+00	1.37e-12	7.16e-13	2.32e-13
 1.57136e+15	3.18e-12	1.20e-07	7.02e-04	7.32e-02	4.35e-01	4.04e-01	8.68e-02	0.00e+00	0.00e+00	1.85e-12	9.65e-13	3.12e-13
 1.62161e+15	4.51e-12	1.55e-07	8.32e-04	8.08e-02	4.50e-01	3.90e-01	7.80e-02	0.00e+00	0.00e+00	2.62e-12	1.37e-12	4.43e-13
 1.68303e+15	6.26e-12	2.00e-07	1.01e-03	9.05e-02	4.66e-01	3.74e-01	6.87e-02	0.00e+00	0.00e+00	3.64e-12	1.90e-12	6.15e-13
 1.74518e+15	9.54e-12	2.69e-07	1.22e-03	1.01e-01	4.80e-01	3.57e-01	6.01e-02	0.00e+00	0.00e+00	5.55e-12	2.90e-12	9.37e-13
 1.79326e+15	1.25e-11	3.27e-07	1.41e-03	1.09e-01	4.91e-01	3.44e-01	5.45e-02	0.00e+00	0.00e+00	7.26e-12	3.79e-12	1.23e-12
 1.83682e+15	1.58e-11	3.90e-07	1.59e-03	1.17e-01	4.99e-01	3.33e-01	4.97e-02	0.00e+00	0.00e+00	9.21e-12	4.81e-12	1.56e-12
 1.89345e+15	2.11e-11	4.82e-07	1.85e-03	1.27e-01	5.09e-01	3.18e-01	4.43e-02	0.00e+00	0.00e+00	1.23e-11	6.43e-12	2.08e-12
 1.95434e+15	2.93e-11	6.10e-07	2.17e-03	1.39e-01	5.18e-01	3.02e-01	3.90e-02	0.00e+00	0.00e+00	1.71e-11	8.92e-12	2.88e-12
 2.00783e+15	3.82e-11	7.39e-07	2.48e-03	1.49e-01	5.25e-01	2.89e-01	3.50e-02	0.00e+00	0.00e+00	2.22e-11	1.16e-11	3.75e-12
 2.06447e+15	4.80e-11	8.79e-07	2.83e-03	1.60e-01	5.31e-01	2.75e-01	3.12e-02	0.00e+00	0.00e+00	2.79e-11	1.46e-11	4.72e-12
 2.13810e+15	7.11e-11	1.15e-06	3.37e-03	1.75e-01	5.37e-01	2.58e-01	2.68e-02	0.00e+00	0.00e+00	4.13e-11	2.16e-11	6.98e-12
 2.21084e+15	9.31e-11	1.42e-06	3.93e-03	1.89e-01	5.42e-01	2.42e-01	2.32e-02	0.00e+00	0.00e+00	5.41e-11	2.83e-11	9.15e-12
 2.26973e+15	1.27e-10	1.75e-06	4.47e-03	2.02e-01	5.44e-01	2.29e-01	2.05e-02	0.00e+00	0.00e+00	7.39e-11	3.87e-11	1.25e-11
 2.33360e+15	1.67e-10	2.13e-06	5.10e-03	2.15e-01	5.46e-01	2.16e-01	1.81e-02	0.00e+00	0.00e+00	9.70e-11	5.07e-11	1.64e-11
 2.41662e+15	2.21e-10	2.63e-06	5.98e-03	2.33e-01	5.46e-01	2.00e-01	1.54e-02	0.00e+00	0.00e+00	1.29e-10	6.73e-11	2.17e-11
 2.50264e+15	3.31e-10	3.46e-06	7.06e-03	2.51e-01	5.45e-01	1.84e-01	1.29e-02	0.00e+00	0.00e+00	1.92e-10	1.01e-10	3.26e-11
 2.57355e+15	4.31e-10	4.17e-06	8.01e-03	2.66e-01	5.43e-01	1.72e-01	1.12e-02	0.00e+00	0.00e+00	2.51e-10	1.31e-10	4.25e-11
 2.64676e+15	5.60e-10	5.03e-06	9.10e-03	2.82e-01	5.39e-01	1.60e-01	9.74e-03	0.00e+00	0.00e+00	3.26e-10	1.70e-10	5.52e-11
 2.74191e+15	7.52e-10	6.26e-06	1.07e-02	3.03e-01	5.33e-01	1.46e-01	8.12e-03	0.00e+00	0.00e+00	4.38e-10	2.29e-10	7.42e-11
 2.83819e+15	1.12e-09	8.20e-06	1.25e-02	3.23e-01	5.25e-01	1.32e-01	6.70e-03	0.00e+00	0.00e+00	6.53e-10	3.42e-10	1.11e-10
 2.91350e+15	1.44e-09	9.80e-06	1.40e-02	3.39e-01	5.18e-01	1.22e-01	5.80e-03	0.00e+00	0.00e+00	8.40e-10	4.40e-10	1.43e-10
 2.98896e+15	1.86e-09	1.17e-05	1.57e-02	3.55e-01	5.11e-01	1.13e-01	5.01e-03	0.00e+00	0.00e+00	1.08e-09	5.66e-10	1.83e-10
 3.08706e+15	2.51e-09	1.45e-05	1.82e-02	3.76e-01	4.99e-01	1.03e-01	4.16e-03	0.00e+00	0.00e+00	1.46e-09	7.65e-10	2.48e-10
 3.18727e+15	3.50e-09	1.83e-05	2.09e-02	3.96e-01	4.87e-01	9.23e-02	3.42e-03	0.00e+00	0.00e+00	2.04e-09	1.07e-09	3.46e-10
 3.26777e+15	4.45e-09	2.16e-05	2.34e-02	4.12e-01	4.77e-01	8.49e-02	2.94e-03	0.00e+00	0.00e+00	2.59e-09	1.36e-09	4.40e-10
 3.33484e+15	5.44e-09	2.50e-05	2.56e-02	4.25e-01	4.67e-01	7.91e-02	2.59e-03	0.00e+00	0.00e+00	3.17e-09	1.66e-09	5.39e-10
 3.40689e+15	6.77e-09	2.91e-05	2.82e-02	4.39e-01	4.57e-01	7.31e-02	2.25e-03	0.00e+00	0.00e+00	3.94e-09	2.07e-09	6.71e-10
 3.48755e+15	8.14e-09	3.34e-05	3.12e-02	4.54e-01	4.45e-01	6.72e-02	1.94e-03	0.00e+00	0.00e+00	4.74e-09	2.49e-09	8.07e-10
 3.57941e+15	1.12e-08	4.15e-05	3.52e-02	4.71e-01	4.31e-01	6.06e-02	1.62e-03	0.00e+00	0.00e+00	6.53e-09	3.43e-09	1.11e-09
 3.67875e+15	1.40e-08	4.89e-05	3.97e-02	4.88e-01	4.16e-01	5.45e-02	1.35e-03	0.00e+00	0.00e+00	8.13e-09	4.26e-09	1.39e-09
 3.76926e+15	1.93e-08	6.07e-05	4.46e-02	5.04e-01	4.01e-01	4.90e-02	1.12e-03	0.00e+00	0.00e+00	1.12e-08	5.88e-09	1.91e-09
 3.85108e+15	2.41e-08	7.12e-05	4.93e-02	5.17e-01	3.88e-01	4.47e-02	9.58e-04	0.00e+00	0.00e+00	1.40e-08	7.36e-09	2.40e-09
 3.92645e+15	2.96e-08	8.24e-05	5.39e-02	5.29e-01	3.76e-01	4.09e-02	8.28e-04	0.00e+00	0.00e+00	1.72e-08	9.03e-09	2.94e-09
 4.01071e+15	3.76e-08	9.75e-05	5.98e-02	5.41e-01	3.61e-01	3.70e-02	7.00e-04	0.00e+00	0.00e+00	2.19e-08	1.15e-08	3.74e-09
 4.10144e+15	4.53e-08	1.12e-04	6.62e-02	5.53e-01	3.47e-01	3.34e-02	5.92e-04	0.00e+00	0.00e+00	2.63e-08	1.38e-08	4.51e-09
 4.20059e+15	6.37e-08	1.42e-04	7.49e-02	5.66e-01	3.29e-01	2.94e-02	4.79e-04	0.00e+00	0.00e+00	3.71e-08	1.95e-08	6.35e-09
 4.30496e+15	7.87e-08	1.67e-04	8.41e-02	5.77e-01	3.12e-01	2.60e-02	3.94e-04	0.00e+00	0.00e+00	4.58e-08	2.41e-08	7.85e-09
 4.40048e+15	1.11e-07	2.10e-04	9.48e-02	5.87e-01	2.95e-01	2.28e-02	3.18e-04	0.00e+00	0.00e+00	6.45e-08	3.39e-08	1.11e-08
 4.48985e+15	1.42e-07	2.51e-04	1.05e-01	5.94e-01	2.80e-01	2.03e-02	2.64e-04	0.00e+00	0.00e+00	8.26e-08	4.34e-08	1.42e-08
 4.57230e+15	1.80e-07	2.96e-04	1.16e-01	6.00e-01	2.65e-01	1.81e-02	2.21e-04	0.00e+00	0.00e+00	1.05e-07	5.50e-08	1.80e-08
 4.64944e+15	2.24e-07	3.47e-04	1.27e-01	6.04e-01	2.52e-01	1.62e-02	1.86e-04	0.00e+00	0.00e+00	1.31e-07	6.86e-08	2.25e-08
 4.72259e+15	2.73e-07	4.00e-04	1.39e-01	6.07e-01	2.39e-01	1.46e-02	1.59e-04	0.00e+00	0.00e+00	1.59e-07	8.35e-08	2.73e-08
 4.80606e+15	3.60e-07	4.86e-04	1.55e-01	6.08e-01	2.24e-01	1.28e-02	1.29e-04	0.00e+00	0.00e+00	2.10e-07	1.10e-07	3.61e-08
 4.88937e+15	4.51e-07	5.73e-04	1.71e-01	6.08e-01	2.10e-01	1.13e-02	1.07e-04	0.00e+00	0.00e+00	2.62e-07	1.38e-07	4.52e-08
 4.95833e+15	5.36e-07	6.52e-04	1.86e-01	6.06e-01	1.98e-01	1.01e-02	9.09e-05	0.00e+00	0.00e+00	3.12e-07	1.64e-07	5.38e-08
 5.03383e+15	6.77e-07	7.71e-04	2.04e-01	6.02e-01	1.84e-01	8.85e-03	7.48e-05	0.00e+00	0.00e+00	3.94e-07	2.07e-07	6.80e-08
 5.10629e+15	9.30e-07	9.54e-04	2.26e-01	5.95e-01	1.71e-01	7.68e-03	6.03e-05	0.00e+00	0.00e+00	5.41e-07	2.85e-07	9.35e-08
 5.15205e+15	1.07e-06	1.06e-03	2.39e-01	5.90e-01	1.63e-01	7.06e-03	5.34e-05	0.00e+00	0.00e+00	6.24e-07	3.28e-07	1.08e-07
 5.18878e+15	1.22e-06	1.16e-03	2.51e-01	5.85e-01	1.56e-01	6.55e-03	4.78e-05	0.00e+00	0.00e+00	7.12e-07	3.75e-07	1.23e-07
 5.23652e+15	1.43e-06	1.30e-03	2.67e-01	5.78e-01	1.48e-01	5.94e-03	4.16e-05	0.00e+00	0.00e+00	8.32e-07	4.38e-07	1.44e-07
 5.29859e+15	1.79e-06	1.52e-03	2.91e-01	5.66e-01	1.36e-01	5.17e-03	3.41e-05	0.00e+00	0.00e+00	1.04e-06	5.48e-07	1.80e-07
 5.35943e+15	2.23e-06	1.78e-03	3.15e-01	5.53e-01	1.25e-01	4.50e-03	2.80e-05	0.00e+00	0.00e+00	1.30e-06	6.84e-07	2.25e-07
 5.40447e+15	2.55e-06	1.96e-03	3.34e-01	5.42e-01	1.18e-01	4.06e-03	2.43e-05	0.00e+00	0.00e+00	1.49e-06	7.83e-07	2.57e-07
 5.44879e+15	3.03e-06	2.22e-03	3.55e-01	5.30e-01	1.09e-01	3.61e-03	2.06e-05	0.00e+00	0.00e+00	1.76e-06	9.29e-07	3.06e-07
 5.49858e+15	3.95e-06	2.65e-03	3.82e-01	5.12e-01	1.00e-01	3.11e-03	1.67e-05	0.00e+00	0.00e+00	2.30e-06	1.21e-06	3.98e-07
 5.53950e+15	4.62e-06	2.96e-03	4.04e-01	4.98e-01	9.30e-02	2.77e-03	1.42e-05	0.00e+00	0.00e+00	2.69e-06	1.42e-06	4.67e-07
 5.57675e+15	5.43e-06	3.31e-03	4.25e-01	4.83e-01	8.63e-02	2.47e-03	1.21e-05	0.00e+00	0.00e+00	3.16e-06	1.67e-06	5.49e-07
 5.62517e+15	6.27e-06	3.68e-03	4.52e-01	4.64e-01	7.81e-02	2.13e-03	9.96e-06	0.00e+00	0.00e+00	3.65e-06	1.92e-06	6.34e-07
 5.68812e+15	8.95e-06	4.66e-03	4.96e-01	4.31e-01	6.69e-02	1.67e-03	7.12e-06	0.00e+00	0.00e+00	5.20e-06	2.75e-06	9.06e-07
 5.74022e+15	1.04e-05	5.19e-03	5.26e-01	4.08e-01	5.93e-02	1.40e-03	5.68e-06	0.00e+00	0.00e+00	6.03e-06	3.18e-06	1.05e-06
 5.77823e+15	1.34e-05	6.13e-03	5.56e-01	3.84e-01	5.28e-02	1.17e-03	4.44e-06	0.00e+00	0.00e+00	7.77e-06	4.10e-06	1.35e-06
 5.81511e+15	1.58e-05	6.86e-03	5.82e-01	3.63e-01	4.74e-02	9.98e-04	3.60e-06	0.00e+00	0.00e+00	9.18e-06	4.85e-06	1.60e-06
 5.85051e+15	1.86e-05	7.65e-03	6.08e-01	3.42e-01	4.22e-02	8.45e-04	2.90e-06	0.00e+00	0.00e+00	1.08e-05	5.70e-06	1.89e-06
 5.89653e+15	2.37e-05	8.97e-03	6.42e-01	3.12e-01	3.58e-02	6.64e-04	2.11e-06	0.00e+00	0.00e+00	1.38e-05	7.28e-06	2.41e-06
 5.94120e+15	2.93e-05	1.03e-02	6.74e-01	2.85e-01	3.04e-02	5.24e-04	1.55e-06	0.00e+00	0.00e+00	1.70e-05	9.00e-06	2.98e-06
 5.97526e+15	3.45e-05	1.15e-02	6.98e-01	2.64e-01	2.65e-02	4.32e-04	1.21e-06	0.00e+00	0.00e+00	2.01e-05	1.06e-05	3.52e-06
 6.01065e+15	4.11e-05	1.28e-02	7.23e-01	2.42e-01	2.27e-02	3.48e-04	9.14e-07	0.00e+00	0.00e+00	2.39e-05	1.26e-05	4.19e-06
 6.05666e+15	5.23e-05	1.50e-02	7.54e-01	2.13e-01	1.83e-02	2.56e-04	0.00e+00	0.00e+00	0.00e+00	3.04e-05	1.61e-05	5.34e-06
 6.10205e+15	6.53e-05	1.72e-02	7.81e-01	1.87e-01	1.47e-02	1.88e-04	0.00e+00	0.00e+00	0.00e+00	3.79e-05	2.01e-05	6.67e-06
 6.13141e+15	7.51e-05	1.87e-02	7.97e-01	1.71e-01	1.27e-02	1.54e-04	0.00e+00	0.00e+00	0.00e+00	4.37e-05	2.31e-05	7.68e-06
 6.15011e+15	8.23e-05	1.98e-02	8.07e-01	1.61e-01	1.15e-02	1.34e-04	0.00e+00	0.00e+00	0.00e+00	4.78e-05	2.53e-05	8.42e-06
 6.17017e+15	9.09e-05	2.10e-02	8.18e-01	1.51e-01	1.03e-02	1.14e-04	0.00e+00	0.00e+00	0.00e+00	5.28e-05	2.80e-05	9.31e-06
 6.19625e+15	1.04e-04	2.28e-02	8.31e-01	1.38e-01	8.86e-03	9.25e-05	0.00e+00	0.00e+00	0.00e+00	6.04e-05	3.19e-05	1.06e-05
 6.22497e+15	1.20e-04	2.48e-02	8.43e-01	1.24e-01	7.50e-03	7.33e-05	0.00e+00	0.00e+00	0.00e+00	6.95e-05	3.68e-05	1.23e-05
 6.25142e+15	1.36e-04	2.68e-02	8.54e-01	1.13e-01	6.42e-03	5.90e-05	0.00e+00	0.00e+00	0.00e+00	7.91e-05	4.19e-05	1.40e-05
 6.27630e+15	1.53e-04	2.87e-02	8.63e-01	1.03e-01	5.52e-03	4.77e-05	0.00e+00	0.00e+00	0.00e+00	8.91e-05	4.72e-05	1.57e-05
 6.30481e+15	1.76e-04	3.11e-02	8.72e-01	9.20e-02	4.59e-03	3.70e-05	0.00e+00	0.00e+00	0.00e+00	1.02e-04	5.42e-05	1.81e-05
 6.33587e+15	2.04e-04	3.39e-02	8.81e-01	8.15e-02	3.77e-03	2.81e-05	0.00e+00	0.00e+00	0.00e+00	1.19e-04	6.28e-05	2.10e-05
 6.36394e+15	2.32e-04	3.65e-02	8.87e-01	7.29e-02	3.15e-03	2.18e-05	0.00e+00	0.00e+00	0.00e+00	1.35e-04	7.15e-05	2.39e-05
 6.38999e+15	2.62e-04	3.91e-02	8.92e-01	6.56e-02	2.65e-03	1.71e-05	0.00e+00	0.00e+00	0.00e+00	1.52e-04	8.07e-05	2.70e-05
 6.41975e+15	3.01e-04	4.22e-02	8.97e-01	5.79e-02	2.17e-03	1.29e-05	0.00e+00	0.00e+00	0.00e+00	1.75e-04	9.27e-05	3.10e-05
 6.45221e+15	3.49e-04	4.58e-02	9.01e-01	5.06e-02	1.74e-03	9.49e-06	0.00e+00	0.00e+00	0.00e+00	2.03e-04	1.07e-04	3.60e-05
 6.48158e+15	3.97e-04	4.92e-02	9.04e-01	4.48e-02	1.43e-03	7.20e-06	0.00e+00	0.00e+00	0.00e+00	2.31e-04	1.22e-04	4.09e-05
 6.51316e+15	4.57e-04	5.32e-02	9.06e-01	3.91e-02	1.15e-03	5.27e-06	0.00e+00	0.00e+00	0.00e+00	2.66e-04	1.41e-04	4.72e-05
 6.54746e+15	5.33e-04	5.77e-02	9.07e-01	3.38e-02	9.06e-04	3.76e-06	0.00e+00	0.00e+00	0.00e+00	3.10e-04	1.64e-04	5.50e-05
 6.57812e+15	6.09e-04	6.21e-02	9.07e-01	2.97e-02	7.35e-04	2.80e-06	0.00e+00	0.00e+00	0.00e+00	3.54e-04	1.88e-04	6.29e-05
 6.60620e+15	6.88e-04	6.63e-02	9.06e-01	2.63e-02	6.06e-04	2.12e-06	0.00e+00	0.00e+00	0.00e+00	4.00e-04	2.12e-04	7.11e-05
 6.63811e+15	7.91e-04	7.14e-02	9.04e-01	2.29e-02	4.83e-04	1.53e-06	0.00e+00	0.00e+00	0.00e+00	4.60e-04	2.44e-04	8.17e-05
 6.67329e+15	9.21e-04	7.74e-02	9.02e-01	1.97e-02	3.78e-04	1.08e-06	0.00e+00	0.00e+00	0.00e+00	5.36e-04	2.84e-04	9.52e-05
 6.70533e+15	1.06e-03	8.33e-02	8.98e-01	1.72e-02	3.04e-04	7.89e-07	0.00e+00	0.00e+00	0.00e+00	6.15e-04	3.26e-04	1.09e-04
 6.73463e+15	1.20e-03	8.89e-02	8.94e-01	1.52e-02	2.49e-04	0.00e+00	0.00e+00	0.00e+00	0.00e+00	6.95e-04	3.68e-04	1.24e-04
 6.76778e+15	1.38e-03	9.61e-02	8.89e-01	1.31e-02	1.96e-04	0.00e+00	0.00e+00	0.00e+00	0.00e+00	8.05e-04	4.26e-04	1.43e-04
 6.80351e+15	1.62e-03	1.04e-01	8.83e-01	1.12e-02	1.53e-04	0.00e+00	0.00e+00	0.00e+00	0.00e+00	9.42e-04	4.99e-04	1.68e-04
 6.83531e+15	1.86e-03	1.12e-01	8.76e-01	9.78e-03	1.24e-04	0.00e+00	0.00e+00	0.00e+00	0.00e+00	1.08e-03	5.73e-04	1.92e-04
 6.86480e+15	2.12e-03	1.20e-01	8.69e-01	8.59e-03	1.01e-04	0.00e+00	0.00e+00	0.00e+00	0.00e+00	1.23e-03	6.52e-04	2.19e-04
 6.89857e+15	2.46e-03	1.30e-01	8.60e-01	7.38e-03	7.92e-05	0.00e+00	0.00e+00	0.00e+00	0.00e+00	1.43e-03	7.58e-04	2.55e-04
 6.93553e+15	2.90e-03	1.42e-01	8.49e-01	6.27e-03	6.13e-05	0.00e+00	0.00e+00	0.00e+00	0.00e+00	1.69e-03	8.94e-04	3.01e-04
 6.96870e+15	3.37e-03	1.53e-01	8.38e-01	5.42e-03	4.88e-05	0.00e+00	0.00e+00	0.00e+00	0.00e+00	1.96e-03	1.04e-03	3.49e-04
 6.99919e+15	3.89e-03	1.65e-01	8.26e-01	4.71e-03	3.93e-05	0.00e+00	0.00e+00	0.00e+00	0.00e+00	2.26e-03	1.20e-03	4.02e-04
 7.03415e+15	4.57e-03	1.80e-01	8.11e-01	4.00e-03	3.05e-05	0.00e+00	0.00e+00	0.00e+00	0.00e+00	2.66e-03	1.41e-03	4.73e-04
 7.07233e+15	5.48e-03	1.98e-01	7.94e-01	3.34e-03	2.32e-05	0.00e+00	0.00e+00	0.00e+00	0.00e+00	3.19e-03	1.69e-03	5.67e-04
 7.10658e+15	6.44e-03	2.15e-01	7.76e-01	2.84e-03	1.82e-05	0.00e+00	0.00e+00	0.00e+00	0.00e+00	3.75e-03	1.98e-03	6.67e-04
 7.14300e+15	7.70e-03	2.35e-01	7.55e-01	2.37e-03	1.38e-05	0.00e+00	0.00e+00	0.00e+00	0.00e+00	4.48e-03	2.37e-03	7.98e-04
 7.18265e+15	9.39e-03	2.60e-01	7.28e-01	1.94e-03	1.03e-05	0.00e+00	0.00e+00	0.00e+00	0.00e+00	5.47e-03	2.89e-03	9.72e-04
 7.21861e+15	1.13e-02	2.85e-01	7.02e-01	1.60e-03	7.77e-06	0.00e+00	0.00e+00	0.00e+00	0.00e+00	6.57e-03	3.47e-03	1.17e-03
 7.25216e+15	1.34e-02	3.11e-01	6.74e-01	1.33e-03	5.94e-06	0.00e+00	0.00e+00	0.00e+00	0.00e+00	7.83e-03	4.14e-03	1.39e-03
