#depth	He	He+	He+2
 1.49634e+10	6.62e-23	1.19e-11	1.00e+00
 4.54887e+10	7.37e-23	1.29e-11	1.00e+00
 7.72350e+10	8.17e-23	1.40e-11	1.00e+00
 1.10251e+11	9.06e-23	1.51e-11	1.00e+00
 1.44588e+11	1.01e-22	1.64e-11	1.00e+00
 1.77485e+11	1.11e-22	1.76e-11	1.00e+00
 2.07834e+11	1.21e-22	1.88e-11	1.00e+00
 2.42210e+11	1.33e-22	2.02e-11	1.00e+00
 2.81825e+11	1.48e-22	2.19e-11	1.00e+00
 3.20711e+11	1.64e-22	2.36e-11	1.00e+00
 3.61152e+11	1.81e-22	2.54e-11	1.00e+00
 4.05525e+11	2.02e-22	2.75e-11	1.00e+00
 4.50182e+11	2.25e-22	2.97e-11	1.00e+00
 4.96625e+11	2.51e-22	3.22e-11	1.00e+00
 5.46417e+11	2.81e-22	3.48e-11	1.00e+00
 5.98200e+11	3.15e-22	3.78e-11	1.00e+00
 6.52055e+11	3.54e-22	4.09e-11	1.00e+00
 7.08064e+11	3.97e-22	4.44e-11	1.00e+00
 7.66313e+11	4.47e-22	4.81e-11	1.00e+00
 8.26893e+11	5.04e-22	5.22e-11	1.00e+00
 8.89895e+11	5.68e-22	5.66e-11	1.00e+00
 9.55418e+11	6.41e-22	6.14e-11	1.00e+00
 1.02356e+12	7.25e-22	6.66e-11	1.00e+00
 1.09443e+12	8.21e-22	7.23e-11	1.00e+00
 1.16813e+12	9.30e-22	7.85e-11	1.00e+00
 1.24479e+12	1.06e-21	8.52e-11	1.00e+00
 1.32450e+12	1.20e-21	9.26e-11	1.00e+00
 1.40741e+12	1.36e-21	1.01e-10	1.00e+00
 1.49364e+12	1.55e-21	1.09e-10	1.00e+00
 1.58331e+12	1.77e-21	1.19e-10	1.00e+00
 1.67657e+12	2.02e-21	1.29e-10	1.00e+00
 1.77356e+12	2.31e-21	1.40e-10	1.00e+00
 1.87442e+12	2.64e-21	1.53e-10	1.00e+00
 1.97933e+12	3.01e-21	1.66e-10	1.00e+00
 2.08843e+12	3.45e-21	1.81e-10	1.00e+00
 2.20189e+12	3.95e-21	1.97e-10	1.00e+00
 2.31989e+12	4.53e-21	2.15e-10	1.00e+00
 2.44262e+12	5.19e-21	2.34e-10	1.00e+00
 2.57025e+12	5.96e-21	2.55e-10	1.00e+00
 2.70299e+12	6.84e-21	2.79e-10	1.00e+00
 2.84103e+12	7.85e-21	3.04e-10	1.00e+00
 2.98460e+12	9.01e-21	3.32e-10	1.00e+00
 3.13391e+12	1.04e-20	3.62e-10	1.00e+00
 3.28919e+12	1.19e-20	3.96e-10	1.00e+00
 3.45069e+12	1.37e-20	4.33e-10	1.00e+00
 3.61864e+12	1.57e-20	4.74e-10	1.00e+00
 3.79332e+12	1.81e-20	5.19e-10	1.00e+00
 3.95649e+12	2.06e-20	5.63e-10	1.00e+00
 4.10089e+12	2.30e-20	6.04e-10	1.00e+00
 4.26253e+12	2.58e-20	6.52e-10	1.00e+00
 4.45594e+12	2.96e-20	7.13e-10	1.00e+00
 4.65063e+12	3.38e-20	7.79e-10	1.00e+00
 4.83166e+12	3.80e-20	8.43e-10	1.00e+00
 5.03341e+12	4.30e-20	9.18e-10	1.00e+00
 5.26467e+12	4.95e-20	1.01e-09	1.00e+00
 5.49276e+12	5.64e-20	1.11e-09	1.00e+00
 5.72997e+12	6.42e-20	1.21e-09	1.00e+00
 5.98910e+12	7.37e-20	1.34e-09	1.00e+00
 6.25306e+12	8.44e-20	1.47e-09	1.00e+00
 6.52759e+12	9.68e-20	1.62e-09	1.00e+00
 6.81862e+12	1.11e-19	1.79e-09	1.00e+00
 7.12129e+12	1.29e-19	1.98e-09	1.00e+00
 7.43607e+12	1.49e-19	2.18e-09	1.00e+00
 7.76344e+12	1.73e-19	2.41e-09	1.00e+00
 8.10390e+12	2.01e-19	2.67e-09	1.00e+00
 8.45798e+12	2.36e-19	2.95e-09	1.00e+00
 8.82623e+12	2.77e-19	3.26e-09	1.00e+00
 9.20921e+12	3.26e-19	3.60e-09	1.00e+00
 9.60750e+12	3.85e-19	3.98e-09	1.00e+00
 1.00217e+13	4.57e-19	4.39e-09	1.00e+00
 1.04525e+13	5.43e-19	4.84e-09	1.00e+00
 1.09006e+13	6.47e-19	5.34e-09	1.00e+00
 1.13665e+13	7.71e-19	5.88e-09	1.00e+00
 1.18511e+13	9.20e-19	6.47e-09	1.00e+00
 1.23551e+13	1.10e-18	7.11e-09	1.00e+00
 1.28683e+13	1.31e-18	7.79e-09	1.00e+00
 1.34020e+13	1.55e-18	8.53e-09	1.00e+00
 1.39451e+13	1.84e-18	9.32e-09	1.00e+00
 1.44763e+13	2.16e-18	1.01e-08	1.00e+00
 1.50516e+13	2.54e-18	1.10e-08	1.00e+00
 1.56836e+13	3.03e-18	1.21e-08	1.00e+00
 1.63408e+13	3.60e-18	1.32e-08	1.00e+00
 1.70244e+13	4.27e-18	1.44e-08	1.00e+00
 1.77353e+13	5.07e-18	1.57e-08	1.00e+00
 1.84746e+13	6.01e-18	1.71e-08	1.00e+00
 1.92436e+13	7.12e-18	1.86e-08	1.00e+00
 2.00432e+13	8.42e-18	2.03e-08	1.00e+00
 2.08749e+13	9.96e-18	2.21e-08	1.00e+00
 2.16672e+13	1.16e-17	2.39e-08	1.00e+00
 2.23914e+13	1.33e-17	2.56e-08	1.00e+00
 2.32098e+13	1.54e-17	2.75e-08	1.00e+00
 2.41608e+13	1.81e-17	2.99e-08	1.00e+00
 2.50983e+13	2.11e-17	3.23e-08	1.00e+00
 2.59914e+13	2.43e-17	3.47e-08	1.00e+00
 2.69790e+13	2.83e-17	3.74e-08	1.00e+00
 2.80881e+13	3.32e-17	4.06e-08	1.00e+00
 2.92014e+13	3.88e-17	4.39e-08	1.00e+00
 3.03592e+13	4.54e-17	4.75e-08	1.00e+00
 3.16035e+13	5.33e-17	5.15e-08	1.00e+00
 3.28975e+13	6.25e-17	5.58e-08	1.00e+00
 3.42434e+13	7.33e-17	6.04e-08	1.00e+00
 3.56430e+13	8.59e-17	6.54e-08	1.00e+00
 3.70987e+13	1.01e-16	7.08e-08	1.00e+00
 3.86125e+13	1.18e-16	7.67e-08	1.00e+00
 4.01870e+13	1.38e-16	8.30e-08	1.00e+00
 4.18244e+13	1.61e-16	8.98e-08	1.00e+00
 4.35273e+13	1.89e-16	9.71e-08	1.00e+00
 4.52507e+13	2.20e-16	1.05e-07	1.00e+00
 4.70431e+13	2.56e-16	1.13e-07	1.00e+00
 4.89547e+13	3.00e-16	1.22e-07	1.00e+00
 5.09428e+13	3.50e-16	1.32e-07	1.00e+00
 5.30105e+13	4.09e-16	1.43e-07	1.00e+00
 5.51608e+13	4.78e-16	1.55e-07	1.00e+00
 5.73972e+13	5.59e-16	1.67e-07	1.00e+00
 5.97230e+13	6.53e-16	1.81e-07	1.00e+00
 6.21418e+13	7.64e-16	1.96e-07	1.00e+00
 6.46574e+13	8.92e-16	2.11e-07	1.00e+00
 6.72736e+13	1.04e-15	2.29e-07	1.00e+00
 6.98879e+13	1.21e-15	2.46e-07	1.00e+00
 7.26067e+13	1.41e-15	2.66e-07	1.00e+00
 7.55409e+13	1.65e-15	2.87e-07	1.00e+00
 7.85924e+13	1.92e-15	3.11e-07	1.00e+00
 8.17661e+13	2.25e-15	3.36e-07	1.00e+00
 8.50666e+13	2.63e-15	3.63e-07	1.00e+00
 8.84992e+13	3.08e-15	3.93e-07	1.00e+00
 9.17359e+13	3.55e-15	4.22e-07	1.00e+00
 9.46401e+13	4.01e-15	4.49e-07	1.00e+00
 9.79000e+13	4.59e-15	4.81e-07	1.00e+00
 1.01752e+14	5.36e-15	5.19e-07	1.00e+00
 1.05580e+14	6.21e-15	5.59e-07	1.00e+00
 1.09146e+14	7.09e-15	5.98e-07	1.00e+00
 1.13126e+14	8.19e-15	6.43e-07	1.00e+00
 1.17681e+14	9.60e-15	6.96e-07	1.00e+00
 1.22159e+14	1.12e-14	7.51e-07	1.00e+00
 1.26816e+14	1.30e-14	8.10e-07	1.00e+00
 1.31918e+14	1.52e-14	8.78e-07	1.00e+00
 1.37061e+14	1.78e-14	9.49e-07	1.00e+00
 1.42409e+14	2.08e-14	1.03e-06	1.00e+00
 1.48135e+14	2.45e-14	1.11e-06	1.00e+00
 1.54090e+14	2.88e-14	1.21e-06	1.00e+00
 1.60284e+14	3.39e-14	1.31e-06	1.00e+00
 1.66725e+14	3.99e-14	1.42e-06	1.00e+00
 1.73424e+14	4.69e-14	1.55e-06	1.00e+00
 1.80391e+14	5.53e-14	1.68e-06	1.00e+00
 1.87636e+14	6.52e-14	1.82e-06	1.00e+00
 1.94887e+14	7.65e-14	1.98e-06	1.00e+00
 2.02427e+14	8.98e-14	2.14e-06	1.00e+00
 2.10554e+14	1.06e-13	2.33e-06	1.00e+00
 2.18829e+14	1.25e-13	2.53e-06	1.00e+00
 2.27435e+14	1.47e-13	2.75e-06	1.00e+00
 2.36563e+14	1.74e-13	3.00e-06	1.00e+00
 2.45208e+14	2.04e-13	3.24e-06	1.00e+00
 2.53066e+14	2.33e-13	3.47e-06	1.00e+00
 2.61956e+14	2.71e-13	3.75e-06	1.00e+00
 2.72335e+14	3.21e-13	4.08e-06	1.00e+00
 2.82678e+14	3.79e-13	4.44e-06	1.00e+00
 2.92612e+14	4.41e-13	4.79e-06	1.00e+00
 3.03524e+14	5.18e-13	5.20e-06	1.00e+00
 3.15695e+14	6.17e-13	5.68e-06	1.00e+00
 3.27016e+14	7.22e-13	6.15e-06	1.00e+00
 3.36923e+14	8.25e-13	6.58e-06	1.00e+00
 3.47938e+14	9.52e-13	7.07e-06	1.00e+00
 3.61263e+14	1.13e-12	7.70e-06	1.00e+00
 3.74650e+14	1.32e-12	8.36e-06	1.00e+00
 3.86757e+14	1.52e-12	8.98e-06	1.00e+00
 4.00137e+14	1.77e-12	9.69e-06	1.00e+00
 4.15868e+14	2.10e-12	1.06e-05	1.00e+00
 4.31332e+14	2.47e-12	1.15e-05	1.00e+00
 4.45631e+14	2.85e-12	1.23e-05	1.00e+00
 4.61702e+14	3.33e-12	1.33e-05	1.00e+00
 4.80200e+14	3.95e-12	1.46e-05	1.00e+00
 4.98294e+14	4.64e-12	1.58e-05	1.00e+00
 5.15618e+14	5.39e-12	1.71e-05	1.00e+00
 5.34778e+14	6.31e-12	1.85e-05	1.00e+00
 5.56199e+14	7.48e-12	2.02e-05	1.00e+00
 5.77897e+14	8.82e-12	2.20e-05	1.00e+00
 6.00463e+14	1.04e-11	2.39e-05	1.00e+00
 6.24512e+14	1.23e-11	2.61e-05	1.00e+00
 6.49522e+14	1.45e-11	2.85e-05	1.00e+00
 6.75533e+14	1.72e-11	3.10e-05	1.00e+00
 7.02584e+14	2.03e-11	3.38e-05	1.00e+00
 7.30717e+14	2.39e-11	3.68e-05	1.00e+00
 7.59976e+14	2.83e-11	4.01e-05	1.00e+00
 7.88285e+14	3.29e-11	4.35e-05	1.00e+00
 8.14901e+14	3.78e-11	4.67e-05	1.00e+00
 8.40779e+14	4.31e-11	5.00e-05	1.00e+00
 8.69883e+14	4.96e-11	5.39e-05	1.00e+00
 9.02240e+14	5.78e-11	5.84e-05	1.00e+00
 9.32557e+14	6.62e-11	6.27e-05	1.00e+00
 9.65701e+14	7.64e-11	6.76e-05	1.00e+00
 1.00414e+15	8.99e-11	7.36e-05	1.00e+00
 1.04154e+15	1.04e-10	7.96e-05	1.00e+00
 1.07508e+15	1.19e-10	8.53e-05	1.00e+00
 1.11152e+15	1.36e-10	9.16e-05	1.00e+00
 1.15477e+15	1.58e-10	9.94e-05	1.00e+00
 1.19720e+15	1.83e-10	1.07e-04	1.00e+00
 1.23556e+15	2.08e-10	1.15e-04	1.00e+00
 1.27828e+15	2.38e-10	1.23e-04	1.00e+00
 1.32850e+15	2.78e-10	1.34e-04	1.00e+00
 1.37802e+15	3.21e-10	1.45e-04	1.00e+00
 1.42420e+15	3.66e-10	1.55e-04	1.00e+00
 1.47588e+15	4.21e-10	1.67e-04	1.00e+00
 1.53494e+15	4.92e-10	1.82e-04	1.00e+00
 1.59317e+15	5.69e-10	1.96e-04	1.00e+00
 1.65373e+15	6.59e-10	2.13e-04	1.00e+00
 1.71991e+15	7.68e-10	2.31e-04	1.00e+00
 1.78702e+15	8.92e-10	2.50e-04	1.00e+00
 1.85681e+15	1.04e-09	2.71e-04	1.00e+00
 1.93111e+15	1.21e-09	2.94e-04	1.00e+00
 2.00839e+15	1.41e-09	3.18e-04	1.00e+00
 2.08875e+15	1.64e-09	3.45e-04	1.00e+00
 2.17234e+15	1.91e-09	3.74e-04	1.00e+00
 2.25926e+15	2.22e-09	4.06e-04	1.00e+00
 2.34966e+15	2.59e-09	4.40e-04	1.00e+00
 2.44367e+15	3.02e-09	4.77e-04	1.00e+00
 2.52912e+15	3.45e-09	5.12e-04	9.99e-01
 2.60132e+15	3.84e-09	5.42e-04	9.99e-01
 2.68110e+15	4.32e-09	5.76e-04	9.99e-01
 2.78073e+15	4.98e-09	6.21e-04	9.99e-01
 2.88462e+15	5.75e-09	6.69e-04	9.99e-01
 2.97710e+15	6.49e-09	7.13e-04	9.99e-01
 3.07628e+15	7.38e-09	7.63e-04	9.99e-01
 3.18794e+15	8.49e-09	8.20e-04	9.99e-01
 3.29442e+15	9.63e-09	8.76e-04	9.99e-01
 3.41145e+15	1.11e-08	9.41e-04	9.99e-01
 3.54039e+15	1.28e-08	1.01e-03	9.99e-01
 3.65886e+15	1.45e-08	1.08e-03	9.99e-01
 3.78691e+15	1.66e-08	1.16e-03	9.99e-01
 3.93016e+15	1.92e-08	1.25e-03	9.99e-01
 4.06671e+15	2.20e-08	1.34e-03	9.99e-01
 4.21504e+15	2.53e-08	1.44e-03	9.99e-01
 4.37813e+15	2.93e-08	1.56e-03	9.98e-01
 4.53377e+15	3.37e-08	1.67e-03	9.98e-01
 4.68368e+15	3.83e-08	1.79e-03	9.98e-01
 4.85356e+15	4.41e-08	1.92e-03	9.98e-01
 5.04085e+15	5.13e-08	2.07e-03	9.98e-01
 5.22345e+15	5.91e-08	2.23e-03	9.98e-01
 5.40083e+15	6.75e-08	2.38e-03	9.98e-01
 5.59749e+15	7.79e-08	2.56e-03	9.97e-01
 5.81368e+15	9.07e-08	2.77e-03	9.97e-01
 6.01831e+15	1.04e-07	2.97e-03	9.97e-01
 6.21342e+15	1.18e-07	3.17e-03	9.97e-01
 6.43631e+15	1.37e-07	3.41e-03	9.97e-01
 6.66346e+15	1.57e-07	3.66e-03	9.96e-01
 6.85052e+15	1.75e-07	3.87e-03	9.96e-01
 7.04806e+15	1.97e-07	4.12e-03	9.96e-01
 7.30293e+15	2.28e-07	4.44e-03	9.96e-01
 7.56706e+15	2.64e-07	4.79e-03	9.95e-01
 7.79380e+15	2.98e-07	5.09e-03	9.95e-01
 8.03718e+15	3.39e-07	5.46e-03	9.95e-01
 8.30716e+15	3.90e-07	5.87e-03	9.94e-01
 8.55805e+15	4.41e-07	6.27e-03	9.94e-01
 8.83054e+15	5.06e-07	6.75e-03	9.93e-01
 9.12731e+15	5.83e-07	7.30e-03	9.93e-01
 9.38882e+15	6.59e-07	7.80e-03	9.92e-01
 9.62508e+15	7.36e-07	8.30e-03	9.92e-01
 9.89535e+15	8.37e-07	8.93e-03	9.91e-01
 1.01956e+16	9.61e-07	9.67e-03	9.90e-01
 1.04730e+16	1.09e-06	1.04e-02	9.90e-01
 1.07305e+16	1.22e-06	1.12e-02	9.89e-01
 1.10237e+16	1.41e-06	1.21e-02	9.88e-01
 1.13402e+16	1.63e-06	1.33e-02	9.87e-01
 1.16216e+16	1.86e-06	1.44e-02	9.86e-01
 1.18796e+16	2.10e-06	1.56e-02	9.84e-01
 1.21728e+16	2.43e-06	1.72e-02	9.83e-01
 1.24877e+16	2.84e-06	1.91e-02	9.81e-01
 1.27617e+16	3.27e-06	2.10e-02	9.79e-01
 1.30070e+16	3.73e-06	2.30e-02	9.77e-01
 1.32316e+16	4.23e-06	2.51e-02	9.75e-01
 1.34349e+16	4.76e-06	2.73e-02	9.73e-01
 1.36628e+16	5.49e-06	3.03e-02	9.70e-01
 1.39038e+16	6.39e-06	3.39e-02	9.66e-01
 1.41237e+16	7.44e-06	3.80e-02	9.62e-01
 1.43385e+16	8.71e-06	4.29e-02	9.57e-01
 1.45497e+16	1.03e-05	4.87e-02	9.51e-01
 1.47513e+16	1.22e-05	5.58e-02	9.44e-01
 1.49381e+16	1.45e-05	6.39e-02	9.36e-01
 1.51103e+16	1.72e-05	7.35e-02	9.26e-01
 1.52705e+16	2.05e-05	8.48e-02	9.15e-01
 1.54200e+16	2.43e-05	9.83e-02	9.02e-01
 1.55592e+16	2.92e-05	1.14e-01	8.85e-01
 1.56875e+16	3.52e-05	1.34e-01	8.66e-01
 1.58048e+16	4.24e-05	1.56e-01	8.44e-01
 1.59124e+16	5.11e-05	1.83e-01	8.17e-01
 1.60024e+16	6.04e-05	2.11e-01	7.89e-01
 1.60723e+16	6.93e-05	2.37e-01	7.63e-01
 1.61332e+16	7.85e-05	2.65e-01	7.35e-01
 1.62008e+16	9.12e-05	3.00e-01	7.00e-01
 1.62726e+16	1.07e-04	3.44e-01	6.56e-01
 1.63362e+16	1.23e-04	3.90e-01	6.10e-01
 1.63952e+16	1.41e-04	4.38e-01	5.62e-01
 1.64620e+16	1.64e-04	4.99e-01	5.01e-01
 1.65335e+16	1.92e-04	5.68e-01	4.32e-01
 1.65970e+16	2.18e-04	6.31e-01	3.69e-01
 1.66654e+16	2.47e-04	6.98e-01	3.02e-01
 1.67545e+16	2.83e-04	7.75e-01	2.25e-01
 1.68517e+16	3.16e-04	8.42e-01	1.58e-01
 1.69561e+16	3.46e-04	8.93e-01	1.06e-01
 1.70880e+16	3.76e-04	9.35e-01	6.50e-02
 1.72595e+16	4.03e-04	9.64e-01	3.56e-02
 1.74824e+16	4.29e-04	9.82e-01	1.76e-02
 1.77722e+16	4.57e-04	9.92e-01	7.90e-03
 1.81490e+16	4.90e-04	9.96e-01	3.25e-03
 1.86387e+16	5.35e-04	9.98e-01	1.23e-03
 1.91338e+16	5.84e-04	9.99e-01	5.37e-04
 1.95213e+16	6.26e-04	9.99e-01	3.06e-04
 1.98541e+16	6.68e-04	9.99e-01	1.95e-04
 2.02299e+16	7.22e-04	9.99e-01	1.20e-04
 2.06339e+16	7.88e-04	9.99e-01	7.54e-05
 2.09738e+16	8.51e-04	9.99e-01	5.24e-05
 2.12503e+16	9.10e-04	9.99e-01	3.95e-05
 2.15453e+16	9.83e-04	9.99e-01	2.91e-05
 2.18628e+16	1.08e-03	9.99e-01	2.15e-05
 2.21306e+16	1.17e-03	9.99e-01	1.69e-05
 2.23026e+16	1.24e-03	9.99e-01	1.47e-05
 2.23986e+16	1.28e-03	9.99e-01	1.35e-05
 2.24926e+16	1.32e-03	9.99e-01	1.24e-05
 2.26149e+16	1.39e-03	9.99e-01	1.11e-05
 2.27525e+16	1.46e-03	9.99e-01	9.88e-06
 2.28784e+16	1.54e-03	9.98e-01	8.89e-06
 2.29869e+16	1.61e-03	9.98e-01	8.13e-06
 2.31043e+16	1.69e-03	9.98e-01	7.35e-06
 2.32186e+16	1.79e-03	9.98e-01	6.72e-06
 2.33012e+16	1.86e-03	9.98e-01	6.31e-06
 2.33705e+16	1.92e-03	9.98e-01	5.96e-06
 2.34501e+16	2.01e-03	9.98e-01	5.58e-06
 2.35389e+16	2.10e-03	9.98e-01	5.21e-06
 2.36191e+16	2.20e-03	9.98e-01	4.89e-06
 2.36885e+16	2.29e-03	9.98e-01	4.63e-06
 2.37644e+16	2.40e-03	9.98e-01	4.36e-06
 2.38452e+16	2.53e-03	9.97e-01	4.09e-06
 2.39144e+16	2.64e-03	9.97e-01	3.89e-06
 2.39746e+16	2.76e-03	9.97e-01	3.71e-06
 2.40413e+16	2.89e-03	9.97e-01	3.51e-06
 2.41134e+16	3.05e-03	9.97e-01	3.33e-06
 2.41758e+16	3.20e-03	9.97e-01	3.18e-06
 2.42296e+16	3.35e-03	9.97e-01	3.05e-06
 2.42891e+16	3.52e-03	9.96e-01	2.91e-06
 2.43535e+16	3.72e-03	9.96e-01	2.77e-06
 2.44096e+16	3.92e-03	9.96e-01	2.66e-06
 2.44586e+16	4.10e-03	9.96e-01	2.57e-06
 2.45129e+16	4.33e-03	9.96e-01	2.46e-06
 2.45716e+16	4.60e-03	9.95e-01	2.36e-06
 2.46227e+16	4.87e-03	9.95e-01	2.27e-06
 2.46675e+16	5.12e-03	9.95e-01	2.19e-06
 2.47175e+16	5.44e-03	9.95e-01	2.11e-06
 2.47720e+16	5.82e-03	9.94e-01	2.03e-06
 2.48203e+16	6.20e-03	9.94e-01	1.96e-06
 2.48635e+16	6.59e-03	9.93e-01	1.90e-06
 2.49119e+16	7.07e-03	9.93e-01	1.83e-06
 2.49649e+16	7.67e-03	9.92e-01	1.76e-06
 2.50130e+16	8.31e-03	9.92e-01	1.69e-06
 2.50571e+16	8.98e-03	9.91e-01	1.64e-06
 2.51068e+16	9.86e-03	9.90e-01	1.58e-06
 2.51589e+16	1.09e-02	9.89e-01	1.52e-06
 2.52013e+16	1.20e-02	9.88e-01	1.47e-06
 2.52366e+16	1.30e-02	9.87e-01	1.43e-06
 2.52694e+16	1.41e-02	9.86e-01	1.40e-06
 2.53007e+16	1.54e-02	9.85e-01	1.37e-06
 2.53308e+16	1.67e-02	9.83e-01	1.34e-06
 2.53594e+16	1.82e-02	9.82e-01	1.31e-06
 2.53863e+16	1.99e-02	9.80e-01	1.28e-06
 2.54120e+16	2.17e-02	9.78e-01	1.26e-06
 2.54367e+16	2.37e-02	9.76e-01	1.24e-06
 2.54604e+16	2.59e-02	9.74e-01	1.22e-06
 2.54830e+16	2.84e-02	9.72e-01	1.20e-06
 2.55046e+16	3.10e-02	9.69e-01	1.18e-06
 2.55256e+16	3.41e-02	9.66e-01	1.17e-06
 2.55462e+16	3.76e-02	9.62e-01	1.16e-06
 2.55657e+16	4.15e-02	9.58e-01	1.15e-06
 2.55843e+16	4.58e-02	9.54e-01	1.14e-06
 2.56022e+16	5.07e-02	9.49e-01	1.13e-06
 2.56199e+16	5.62e-02	9.44e-01	1.12e-06
 2.56371e+16	6.25e-02	9.37e-01	1.12e-06
 2.56535e+16	6.95e-02	9.30e-01	1.12e-06
 2.56689e+16	7.69e-02	9.23e-01	1.13e-06
 2.56838e+16	8.55e-02	9.15e-01	1.13e-06
 2.56981e+16	9.51e-02	9.05e-01	1.14e-06
 2.57116e+16	1.05e-01	8.95e-01	1.15e-06
 2.57242e+16	1.16e-01	8.84e-01	1.16e-06
 2.57361e+16	1.28e-01	8.72e-01	1.17e-06
 2.57470e+16	1.39e-01	8.61e-01	1.19e-06
 2.57565e+16	1.51e-01	8.49e-01	1.20e-06
 2.57652e+16	1.62e-01	8.38e-01	1.22e-06
 2.57721e+16	1.72e-01	8.28e-01	1.23e-06
 2.57767e+16	1.79e-01	8.21e-01	1.24e-06
 2.57808e+16	1.85e-01	8.15e-01	1.25e-06
 2.57857e+16	1.93e-01	8.07e-01	1.25e-06
 2.57909e+16	2.02e-01	7.98e-01	1.27e-06
 2.57960e+16	2.12e-01	7.88e-01	1.27e-06
 2.58007e+16	2.20e-01	7.80e-01	1.29e-06
 2.58054e+16	2.30e-01	7.70e-01	1.30e-06
 2.58101e+16	2.40e-01	7.60e-01	1.31e-06
 2.58147e+16	2.50e-01	7.50e-01	1.32e-06
 2.58192e+16	2.60e-01	7.40e-01	1.33e-06
 2.58238e+16	2.71e-01	7.29e-01	1.34e-06
 2.58283e+16	2.82e-01	7.18e-01	1.35e-06
 2.58327e+16	2.94e-01	7.06e-01	1.36e-06
 2.58370e+16	3.05e-01	6.95e-01	1.38e-06
 2.58414e+16	3.17e-01	6.83e-01	1.39e-06
 2.58457e+16	3.29e-01	6.71e-01	1.39e-06
 2.58499e+16	3.42e-01	6.58e-01	1.40e-06
 2.58540e+16	3.54e-01	6.46e-01	1.42e-06
 2.58582e+16	3.67e-01	6.33e-01	1.42e-06
 2.58623e+16	3.80e-01	6.20e-01	1.43e-06
 2.58663e+16	3.94e-01	6.06e-01	1.44e-06
 2.58703e+16	4.07e-01	5.93e-01	1.45e-06
 2.58743e+16	4.21e-01	5.79e-01	1.46e-06
 2.58782e+16	4.35e-01	5.65e-01	1.46e-06
 2.58820e+16	4.49e-01	5.51e-01	1.47e-06
 2.58858e+16	4.63e-01	5.37e-01	1.47e-06
 2.58896e+16	4.77e-01	5.23e-01	1.48e-06
 2.58933e+16	4.92e-01	5.08e-01	1.48e-06
 2.58970e+16	5.06e-01	4.94e-01	1.48e-06
 2.59006e+16	5.20e-01	4.80e-01	1.49e-06
 2.59041e+16	5.34e-01	4.66e-01	1.49e-06
 2.59076e+16	5.47e-01	4.53e-01	1.49e-06
 2.59110e+16	5.61e-01	4.39e-01	1.49e-06
 2.59144e+16	5.74e-01	4.26e-01	1.49e-06
 2.59176e+16	5.87e-01	4.13e-01	1.49e-06
 2.59208e+16	6.00e-01	4.00e-01	1.48e-06
 2.59239e+16	6.12e-01	3.88e-01	1.48e-06
 2.59270e+16	6.24e-01	3.76e-01	1.48e-06
 2.59301e+16	6.37e-01	3.63e-01	1.47e-06
 2.59330e+16	6.48e-01	3.52e-01	1.46e-06
 2.59360e+16	6.60e-01	3.40e-01	1.46e-06
 2.59389e+16	6.71e-01	3.29e-01	1.45e-06
 2.59417e+16	6.82e-01	3.18e-01	1.44e-06
 2.59445e+16	6.93e-01	3.07e-01	1.43e-06
 2.59472e+16	7.03e-01	2.97e-01	1.42e-06
 2.59499e+16	7.13e-01	2.87e-01	1.42e-06
 2.59525e+16	7.22e-01	2.78e-01	1.41e-06
 2.59551e+16	7.32e-01	2.68e-01	1.40e-06
 2.59577e+16	7.41e-01	2.59e-01	1.39e-06
 2.59602e+16	7.50e-01	2.50e-01	1.37e-06
 2.59627e+16	7.58e-01	2.42e-01	1.36e-06
 2.59652e+16	7.67e-01	2.33e-01	1.35e-06
 2.59676e+16	7.75e-01	2.25e-01	1.34e-06
 2.59700e+16	7.82e-01	2.18e-01	1.33e-06
 2.59724e+16	7.90e-01	2.10e-01	1.32e-06
 2.59747e+16	7.97e-01	2.03e-01	1.30e-06
 2.59767e+16	8.03e-01	1.97e-01	1.29e-06
 2.59783e+16	8.08e-01	1.92e-01	1.28e-06
 2.59798e+16	8.12e-01	1.88e-01	1.27e-06
 2.59814e+16	8.17e-01	1.83e-01	1.25e-06
 2.59830e+16	8.22e-01	1.78e-01	1.24e-06
 2.59845e+16	8.26e-01	1.74e-01	1.23e-06
 2.59860e+16	8.30e-01	1.70e-01	1.22e-06
 2.59875e+16	8.35e-01	1.65e-01	1.21e-06
 2.59890e+16	8.39e-01	1.61e-01	1.20e-06
 2.59904e+16	8.42e-01	1.58e-01	1.19e-06
 2.59919e+16	8.46e-01	1.54e-01	1.18e-06
 2.59933e+16	8.50e-01	1.50e-01	1.17e-06
 2.59948e+16	8.54e-01	1.46e-01	1.16e-06
 2.59963e+16	8.57e-01	1.43e-01	1.14e-06
 2.59978e+16	8.61e-01	1.39e-01	1.13e-06
 2.59993e+16	8.65e-01	1.35e-01	1.12e-06
 2.60010e+16	8.69e-01	1.31e-01	1.11e-06
 2.60028e+16	8.73e-01	1.27e-01	1.10e-06
 2.60046e+16	8.77e-01	1.23e-01	1.08e-06
 2.60066e+16	8.81e-01	1.19e-01	1.06e-06
 2.60086e+16	8.85e-01	1.15e-01	1.04e-06
 2.60105e+16	8.89e-01	1.11e-01	1.03e-06
 2.60124e+16	8.93e-01	1.07e-01	1.01e-06
 2.60143e+16	8.97e-01	1.03e-01	9.93e-07
 2.60161e+16	9.00e-01	9.95e-02	9.75e-07
 2.60178e+16	9.04e-01	9.62e-02	9.57e-07
 2.60195e+16	9.07e-01	9.31e-02	9.40e-07
 2.60211e+16	9.10e-01	9.01e-02	9.22e-07
 2.60226e+16	9.13e-01	8.74e-02	9.06e-07
 2.60240e+16	9.15e-01	8.50e-02	8.89e-07
 2.60253e+16	9.17e-01	8.28e-02	8.75e-07
 2.60264e+16	9.19e-01	8.09e-02	8.62e-07
 2.60274e+16	9.21e-01	7.91e-02	8.49e-07
 2.60284e+16	9.22e-01	7.75e-02	8.37e-07
 2.60292e+16	9.24e-01	7.61e-02	8.26e-07
 2.60300e+16	9.25e-01	7.47e-02	8.14e-07
 2.60307e+16	9.26e-01	7.36e-02	8.05e-07
 2.60315e+16	9.28e-01	7.23e-02	7.94e-07
 2.60324e+16	9.29e-01	7.10e-02	7.85e-07
 2.60331e+16	9.30e-01	6.98e-02	7.74e-07
 2.60338e+16	9.31e-01	6.87e-02	7.66e-07
 2.60346e+16	9.33e-01	6.74e-02	7.54e-07
 2.60354e+16	9.34e-01	6.62e-02	7.44e-07
 2.60361e+16	9.35e-01	6.50e-02	7.33e-07
 2.60368e+16	9.36e-01	6.40e-02	7.25e-07
 2.60375e+16	9.37e-01	6.31e-02	7.16e-07
 2.60380e+16	9.38e-01	6.22e-02	7.07e-07
 2.60385e+16	9.39e-01	6.14e-02	7.00e-07
 2.60391e+16	9.39e-01	6.05e-02	6.91e-07
 2.60398e+16	9.41e-01	5.94e-02	6.80e-07
 2.60406e+16	9.42e-01	5.83e-02	6.69e-07
 2.60413e+16	9.43e-01	5.72e-02	6.58e-07
 2.60420e+16	9.44e-01	5.62e-02	6.48e-07
 2.60426e+16	9.45e-01	5.54e-02	6.39e-07
 2.60431e+16	9.45e-01	5.46e-02	6.31e-07
 2.60436e+16	9.46e-01	5.39e-02	6.24e-07
 2.60442e+16	9.47e-01	5.31e-02	6.14e-07
 2.60447e+16	9.48e-01	5.22e-02	6.05e-07
 2.60453e+16	9.49e-01	5.15e-02	5.97e-07
 2.60458e+16	9.49e-01	5.09e-02	5.91e-07
 2.60462e+16	9.50e-01	5.02e-02	5.84e-07
 2.60466e+16	9.50e-01	4.96e-02	5.76e-07
 2.60470e+16	9.51e-01	4.90e-02	5.69e-07
 2.60475e+16	9.52e-01	4.83e-02	5.62e-07
 2.60479e+16	9.52e-01	4.78e-02	5.56e-07
 2.60484e+16	9.53e-01	4.71e-02	5.47e-07
 2.60489e+16	9.54e-01	4.64e-02	5.40e-07
 2.60494e+16	9.54e-01	4.58e-02	5.33e-07
 2.60498e+16	9.55e-01	4.52e-02	5.26e-07
 2.60502e+16	9.55e-01	4.48e-02	5.21e-07
 2.60506e+16	9.56e-01	4.42e-02	5.14e-07
 2.60511e+16	9.56e-01	4.36e-02	5.08e-07
 2.60515e+16	9.57e-01	4.31e-02	5.01e-07
 2.60519e+16	9.57e-01	4.26e-02	4.97e-07
 2.60523e+16	9.58e-01	4.21e-02	4.90e-07
 2.60527e+16	9.58e-01	4.15e-02	4.84e-07
 2.60531e+16	9.59e-01	4.10e-02	4.78e-07
 2.60535e+16	9.59e-01	4.06e-02	4.73e-07
 2.60539e+16	9.60e-01	4.01e-02	4.68e-07
 2.60544e+16	9.61e-01	3.95e-02	4.61e-07
 2.60550e+16	9.61e-01	3.89e-02	4.54e-07
 2.60555e+16	9.62e-01	3.83e-02	4.48e-07
 2.60560e+16	9.62e-01	3.78e-02	4.43e-07
 2.60564e+16	9.63e-01	3.73e-02	4.38e-07
 2.60569e+16	9.63e-01	3.68e-02	4.32e-07
 2.60574e+16	9.64e-01	3.63e-02	4.26e-07
 2.60578e+16	9.64e-01	3.58e-02	4.21e-07
 2.60582e+16	9.65e-01	3.54e-02	4.16e-07
 2.60587e+16	9.65e-01	3.49e-02	4.11e-07
 2.60593e+16	9.66e-01	3.43e-02	4.05e-07
 2.60599e+16	9.66e-01	3.37e-02	3.98e-07
 2.60605e+16	9.67e-01	3.31e-02	3.91e-07
 2.60611e+16	9.67e-01	3.26e-02	3.86e-07
 2.60615e+16	9.68e-01	3.22e-02	3.81e-07
 2.60620e+16	9.68e-01	3.18e-02	3.77e-07
 2.60625e+16	9.69e-01	3.13e-02	3.73e-07
 2.60631e+16	9.69e-01	3.08e-02	3.66e-07
 2.60638e+16	9.70e-01	3.02e-02	3.60e-07
 2.60644e+16	9.70e-01	2.97e-02	3.54e-07
 2.60649e+16	9.71e-01	2.92e-02	3.50e-07
 2.60655e+16	9.71e-01	2.88e-02	3.44e-07
 2.60659e+16	9.72e-01	2.84e-02	3.41e-07
 2.60664e+16	9.72e-01	2.80e-02	3.37e-07
 2.60671e+16	9.73e-01	2.75e-02	3.31e-07
 2.60678e+16	9.73e-01	2.69e-02	3.26e-07
 2.60685e+16	9.74e-01	2.65e-02	3.21e-07
 2.60691e+16	9.74e-01	2.60e-02	3.16e-07
 2.60696e+16	9.74e-01	2.56e-02	3.12e-07
 2.60701e+16	9.75e-01	2.53e-02	3.08e-07
 2.60706e+16	9.75e-01	2.49e-02	3.04e-07
 2.60713e+16	9.76e-01	2.44e-02	2.99e-07
 2.60721e+16	9.76e-01	2.40e-02	2.94e-07
 2.60728e+16	9.76e-01	2.35e-02	2.90e-07
 2.60734e+16	9.77e-01	2.31e-02	2.86e-07
 2.60740e+16	9.77e-01	2.28e-02	2.81e-07
 2.60746e+16	9.78e-01	2.24e-02	2.78e-07
 2.60753e+16	9.78e-01	2.20e-02	2.74e-07
 2.60759e+16	9.78e-01	2.16e-02	2.70e-07
 2.60765e+16	9.79e-01	2.12e-02	2.66e-07
 2.60773e+16	9.79e-01	2.08e-02	2.62e-07
 2.60779e+16	9.80e-01	2.05e-02	2.58e-07
 2.60786e+16	9.80e-01	2.01e-02	2.54e-07
 2.60794e+16	9.80e-01	1.97e-02	2.50e-07
 2.60801e+16	9.81e-01	1.93e-02	2.46e-07
 2.60808e+16	9.81e-01	1.90e-02	2.43e-07
 2.60815e+16	9.81e-01	1.87e-02	2.39e-07
 2.60822e+16	9.82e-01	1.83e-02	2.36e-07
 2.60829e+16	9.82e-01	1.80e-02	2.32e-07
 2.60837e+16	9.82e-01	1.76e-02	2.28e-07
 2.60845e+16	9.83e-01	1.73e-02	2.25e-07
 2.60853e+16	9.83e-01	1.69e-02	2.22e-07
 2.60861e+16	9.83e-01	1.66e-02	2.18e-07
 2.60870e+16	9.84e-01	1.62e-02	2.14e-07
 2.60878e+16	9.84e-01	1.59e-02	2.11e-07
 2.60887e+16	9.84e-01	1.55e-02	2.07e-07
 2.60896e+16	9.85e-01	1.52e-02	2.03e-07
 2.60905e+16	9.85e-01	1.49e-02	2.00e-07
 2.60913e+16	9.85e-01	1.46e-02	1.97e-07
 2.60921e+16	9.86e-01	1.43e-02	1.94e-07
 2.60931e+16	9.86e-01	1.39e-02	1.90e-07
 2.60939e+16	9.86e-01	1.37e-02	1.87e-07
 2.60948e+16	9.87e-01	1.33e-02	1.84e-07
 2.60959e+16	9.87e-01	1.30e-02	1.81e-07
 2.60968e+16	9.87e-01	1.27e-02	1.78e-07
 2.60978e+16	9.88e-01	1.24e-02	1.74e-07
 2.60989e+16	9.88e-01	1.21e-02	1.71e-07
 2.60998e+16	9.88e-01	1.18e-02	1.68e-07
 2.61009e+16	9.88e-01	1.15e-02	1.64e-07
 2.61021e+16	9.89e-01	1.12e-02	1.61e-07
 2.61031e+16	9.89e-01	1.09e-02	1.58e-07
 2.61041e+16	9.89e-01	1.07e-02	1.56e-07
 2.61052e+16	9.90e-01	1.04e-02	1.53e-07
 2.61063e+16	9.90e-01	1.02e-02	1.50e-07
 2.61073e+16	9.90e-01	9.92e-03	1.47e-07
 2.61085e+16	9.90e-01	9.65e-03	1.44e-07
 2.61100e+16	9.91e-01	9.31e-03	1.40e-07
 2.61117e+16	9.91e-01	8.94e-03	1.36e-07
 2.61136e+16	9.91e-01	8.58e-03	1.32e-07
 2.61154e+16	9.92e-01	8.24e-03	1.28e-07
 2.61172e+16	9.92e-01	7.91e-03	1.24e-07
 2.61190e+16	9.92e-01	7.58e-03	1.20e-07
 2.61210e+16	9.93e-01	7.26e-03	1.16e-07
 2.61230e+16	9.93e-01	6.95e-03	1.12e-07
 2.61250e+16	9.93e-01	6.64e-03	1.08e-07
 2.61271e+16	9.94e-01	6.35e-03	1.05e-07
 2.61293e+16	9.94e-01	6.05e-03	1.01e-07
 2.61315e+16	9.94e-01	5.77e-03	9.70e-08
 2.61338e+16	9.95e-01	5.49e-03	9.33e-08
 2.61362e+16	9.95e-01	5.23e-03	8.97e-08
 2.61386e+16	9.95e-01	4.97e-03	8.60e-08
 2.61411e+16	9.95e-01	4.72e-03	8.25e-08
 2.61436e+16	9.96e-01	4.48e-03	7.90e-08
 2.61462e+16	9.96e-01	4.24e-03	7.55e-08
 2.61490e+16	9.96e-01	4.02e-03	7.21e-08
 2.61517e+16	9.96e-01	3.80e-03	6.88e-08
 2.61546e+16	9.96e-01	3.59e-03	6.55e-08
 2.61576e+16	9.97e-01	3.38e-03	6.23e-08
 2.61607e+16	9.97e-01	3.19e-03	5.91e-08
 2.61639e+16	9.97e-01	2.99e-03	5.57e-08
 2.61672e+16	9.97e-01	2.80e-03	5.26e-08
 2.61707e+16	9.97e-01	2.62e-03	4.94e-08
 2.61743e+16	9.98e-01	2.43e-03	4.62e-08
 2.61781e+16	9.98e-01	2.25e-03	4.29e-08
 2.61820e+16	9.98e-01	2.06e-03	3.95e-08
 2.61862e+16	9.98e-01	1.87e-03	3.60e-08
 2.61906e+16	9.98e-01	1.68e-03	3.24e-08
 2.61953e+16	9.99e-01	1.50e-03	2.89e-08
 2.62004e+16	9.99e-01	1.32e-03	2.55e-08
 2.62059e+16	9.99e-01	1.15e-03	2.23e-08
 2.62119e+16	9.99e-01	9.90e-04	1.92e-08
 2.62185e+16	9.99e-01	8.44e-04	1.64e-08
 2.62260e+16	9.99e-01	7.12e-04	1.38e-08
 2.62345e+16	9.99e-01	5.94e-04	1.15e-08
 2.62441e+16	1.00e+00	4.95e-04	9.57e-09
 2.62540e+16	1.00e+00	4.19e-04	8.09e-09
 2.62640e+16	1.00e+00	3.64e-04	7.01e-09
 2.62739e+16	1.00e+00	3.23e-04	6.21e-09
 2.62839e+16	1.00e+00	2.93e-04	5.61e-09
 2.62938e+16	1.00e+00	2.71e-04	5.17e-09
 2.63038e+16	1.00e+00	2.54e-04	4.85e-09
 2.63137e+16	1.00e+00	2.42e-04	4.60e-09
 2.63237e+16	1.00e+00	2.33e-04	4.41e-09
 2.63336e+16	1.00e+00	2.26e-04	4.27e-09
 2.63436e+16	1.00e+00	2.20e-04	4.15e-09
 2.63535e+16	1.00e+00	2.16e-04	4.06e-09
 2.63650e+16	1.00e+00	2.12e-04	3.97e-09
 2.63799e+16	1.00e+00	2.09e-04	3.88e-09
 2.63992e+16	1.00e+00	2.05e-04	3.78e-09
 2.64244e+16	1.00e+00	2.01e-04	3.67e-09
 2.64570e+16	1.00e+00	1.96e-04	3.54e-09
 2.64995e+16	1.00e+00	1.91e-04	3.37e-09
 2.65548e+16	1.00e+00	1.85e-04	3.17e-09
 2.66259e+16	1.00e+00	1.76e-04	2.91e-09
 2.67100e+16	1.00e+00	1.67e-04	2.63e-09
 2.68007e+16	1.00e+00	1.58e-04	2.36e-09
 2.68996e+16	1.00e+00	1.48e-04	2.08e-09
 2.70071e+16	1.00e+00	1.37e-04	1.82e-09
 2.71245e+16	1.00e+00	1.27e-04	1.56e-09
 2.72589e+16	1.00e+00	1.16e-04	1.31e-09
 2.74130e+16	1.00e+00	1.04e-04	1.07e-09
 2.75843e+16	1.00e+00	9.27e-05	8.52e-10
 2.77727e+16	1.00e+00	8.15e-05	6.65e-10
 2.79816e+16	1.00e+00	7.08e-05	5.04e-10
 2.82166e+16	1.00e+00	6.04e-05	3.70e-10
 2.84846e+16	1.00e+00	5.05e-05	2.61e-10
 2.87884e+16	1.00e+00	4.13e-05	1.76e-10
 2.91324e+16	1.00e+00	3.31e-05	1.14e-10
 2.95267e+16	1.00e+00	2.57e-05	6.96e-11
 2.99821e+16	1.00e+00	1.94e-05	3.98e-11
 3.04943e+16	1.00e+00	1.42e-05	2.17e-11
 3.10404e+16	1.00e+00	1.04e-05	1.16e-11
 3.15972e+16	1.00e+00	7.57e-06	6.24e-12
 3.21541e+16	1.00e+00	5.58e-06	3.42e-12
 3.27492e+16	1.00e+00	4.04e-06	1.81e-12
 3.33953e+16	1.00e+00	2.89e-06	9.33e-13
 3.40642e+16	1.00e+00	2.07e-06	4.80e-13
 3.47532e+16	1.00e+00	1.48e-06	2.47e-13
 3.54559e+16	1.00e+00	1.06e-06	1.28e-13
 3.61622e+16	1.00e+00	7.67e-07	6.75e-14
 3.68968e+16	1.00e+00	5.51e-07	3.50e-14
 3.76793e+16	1.00e+00	3.92e-07	1.78e-14
 3.84891e+16	1.00e+00	2.78e-07	9.06e-15
 3.93192e+16	1.00e+00	1.98e-07	4.60e-15
 4.01617e+16	1.00e+00	1.41e-07	2.37e-15
 4.10242e+16	1.00e+00	1.01e-07	1.21e-15
 4.19199e+16	1.00e+00	7.15e-08	6.17e-16
 4.28289e+16	1.00e+00	5.10e-08	3.17e-16
 4.37754e+16	1.00e+00	3.61e-08	1.61e-16
 4.47741e+16	1.00e+00	2.53e-08	7.98e-17
 4.58029e+16	1.00e+00	1.77e-08	3.95e-17
 4.68574e+16	1.00e+00	1.24e-08	1.95e-17
 4.79439e+16	1.00e+00	8.60e-09	9.57e-18
 4.90685e+16	1.00e+00	5.97e-09	4.68e-18
 5.02212e+16	1.00e+00	4.12e-09	2.27e-18
 5.13970e+16	1.00e+00	2.85e-09	1.10e-18
 5.25903e+16	1.00e+00	1.97e-09	5.39e-19
 5.37896e+16	1.00e+00	1.37e-09	2.66e-19
 5.50382e+16	1.00e+00	9.45e-10	1.29e-19
 5.63557e+16	1.00e+00	6.44e-10	6.12e-20
 5.77130e+16	1.00e+00	4.35e-10	2.87e-20
 5.91041e+16	1.00e+00	2.95e-10	1.35e-20
 6.05231e+16	1.00e+00	1.99e-10	6.31e-21
 6.19777e+16	1.00e+00	1.36e-10	0.00e+00
 6.34768e+16	1.00e+00	9.20e-11	0.00e+00
 6.50140e+16	1.00e+00	6.21e-11	0.00e+00
 6.65738e+16	1.00e+00	4.20e-11	0.00e+00
 6.81409e+16	1.00e+00	2.86e-11	0.00e+00
 6.97079e+16	1.00e+00	1.96e-11	0.00e+00
 7.12744e+16	1.00e+00	1.36e-11	0.00e+00
 7.28408e+16	1.00e+00	9.53e-12	0.00e+00
 7.44074e+16	1.00e+00	6.71e-12	0.00e+00
 7.59739e+16	1.00e+00	4.76e-12	0.00e+00
 7.75403e+16	1.00e+00	3.39e-12	0.00e+00
 7.91065e+16	1.00e+00	2.44e-12	0.00e+00
 8.06727e+16	1.00e+00	1.77e-12	0.00e+00
 8.22389e+16	1.00e+00	1.29e-12	0.00e+00
 8.38050e+16	1.00e+00	9.41e-13	0.00e+00
 8.53712e+16	1.00e+00	6.93e-13	0.00e+00
 8.69373e+16	1.00e+00	5.13e-13	0.00e+00
 8.87383e+16	1.00e+00	3.63e-13	0.00e+00
 9.10796e+16	1.00e+00	2.34e-13	0.00e+00
 9.41233e+16	1.00e+00	1.34e-13	0.00e+00
 9.77605e+16	1.00e+00	7.19e-14	0.00e+00
 1.01671e+17	1.00e+00	3.79e-14	0.00e+00
 1.05738e+17	1.00e+00	2.02e-14	0.00e+00
 1.09967e+17	1.00e+00	1.09e-14	0.00e+00
 1.14366e+17	1.00e+00	5.97e-15	0.00e+00
 1.18941e+17	1.00e+00	3.39e-15	0.00e+00
 1.23314e+17	1.00e+00	2.12e-15	0.00e+00
 1.27366e+17	1.00e+00	1.49e-15	0.00e+00
 1.31518e+17	1.00e+00	1.11e-15	0.00e+00
 1.35897e+17	1.00e+00	8.77e-16	0.00e+00
 1.40426e+17	1.00e+00	7.34e-16	0.00e+00
 1.45056e+17	1.00e+00	6.49e-16	0.00e+00
 1.49795e+17	1.00e+00	5.96e-16	0.00e+00
 1.54641e+17	1.00e+00	5.61e-16	0.00e+00
 1.59578e+17	1.00e+00	5.38e-16	0.00e+00
 1.64594e+17	1.00e+00	5.21e-16	0.00e+00
 1.69674e+17	1.00e+00	5.08e-16	0.00e+00
 1.74795e+17	1.00e+00	4.98e-16	0.00e+00
 1.79931e+17	1.00e+00	4.91e-16	0.00e+00
 1.85061e+17	1.00e+00	4.85e-16	0.00e+00
 1.90164e+17	1.00e+00	4.80e-16	0.00e+00
 1.95204e+17	1.00e+00	4.77e-16	0.00e+00
 2.00158e+17	1.00e+00	4.75e-16	0.00e+00
 2.05007e+17	1.00e+00	4.75e-16	0.00e+00
 2.09722e+17	1.00e+00	4.75e-16	0.00e+00
 2.14278e+17	1.00e+00	4.77e-16	0.00e+00
 2.18665e+17	1.00e+00	4.80e-16	0.00e+00
 2.22874e+17	1.00e+00	4.83e-16	0.00e+00
 2.26891e+17	1.00e+00	4.87e-16	0.00e+00
 2.30709e+17	1.00e+00	4.92e-16	0.00e+00
 2.34333e+17	1.00e+00	4.97e-16	0.00e+00
 2.37766e+17	1.00e+00	5.02e-16	0.00e+00
 2.41009e+17	1.00e+00	5.07e-16	0.00e+00
 2.44068e+17	1.00e+00	5.12e-16	0.00e+00
 2.46954e+17	1.00e+00	5.17e-16	0.00e+00
 2.49679e+17	1.00e+00	5.22e-16	0.00e+00
 2.52249e+17	1.00e+00	5.26e-16	0.00e+00
 2.54674e+17	1.00e+00	5.30e-16	0.00e+00
 2.56960e+17	1.00e+00	5.34e-16	0.00e+00
 2.59115e+17	1.00e+00	5.38e-16	0.00e+00
 2.61148e+17	1.00e+00	5.41e-16	0.00e+00
 2.63068e+17	1.00e+00	5.44e-16	0.00e+00
 2.64881e+17	1.00e+00	5.47e-16	0.00e+00
 2.66593e+17	1.00e+00	5.50e-16	0.00e+00
 2.68211e+17	1.00e+00	5.53e-16	0.00e+00
 2.69741e+17	1.00e+00	5.55e-16	0.00e+00
 2.71188e+17	1.00e+00	5.57e-16	0.00e+00
 2.72557e+17	1.00e+00	5.59e-16	0.00e+00
 2.73854e+17	1.00e+00	5.61e-16	0.00e+00
 2.75082e+17	1.00e+00	5.62e-16	0.00e+00
 2.76246e+17	1.00e+00	5.64e-16	0.00e+00
 2.77350e+17	1.00e+00	5.65e-16	0.00e+00
 2.78397e+17	1.00e+00	5.67e-16	0.00e+00
 2.79390e+17	1.00e+00	5.68e-16	0.00e+00
 2.80334e+17	1.00e+00	5.69e-16	0.00e+00
 2.81230e+17	1.00e+00	5.70e-16	0.00e+00
 2.82083e+17	1.00e+00	5.71e-16	0.00e+00
 2.82893e+17	1.00e+00	5.72e-16	0.00e+00
 2.83665e+17	1.00e+00	5.73e-16	0.00e+00
 2.84400e+17	1.00e+00	5.73e-16	0.00e+00
 2.85100e+17	1.00e+00	5.74e-16	0.00e+00
 2.85768e+17	1.00e+00	5.75e-16	0.00e+00
 2.86405e+17	1.00e+00	5.75e-16	0.00e+00
 2.87014e+17	1.00e+00	5.76e-16	0.00e+00
 2.87596e+17	1.00e+00	5.76e-16	0.00e+00
 2.88153e+17	1.00e+00	5.77e-16	0.00e+00
 2.88687e+17	1.00e+00	5.77e-16	0.00e+00
 2.89198e+17	1.00e+00	5.78e-16	0.00e+00
 2.89690e+17	1.00e+00	5.78e-16	0.00e+00
 2.90162e+17	1.00e+00	5.78e-16	0.00e+00
 2.90617e+17	1.00e+00	5.79e-16	0.00e+00
 2.91055e+17	1.00e+00	5.79e-16	0.00e+00
 2.91479e+17	1.00e+00	5.79e-16	0.00e+00
 2.91889e+17	1.00e+00	5.79e-16	0.00e+00
 2.92287e+17	1.00e+00	5.79e-16	0.00e+00
 2.92674e+17	1.00e+00	5.79e-16	0.00e+00
 2.93052e+17	1.00e+00	5.79e-16	0.00e+00
 2.93421e+17	1.00e+00	5.80e-16	0.00e+00
 2.93783e+17	1.00e+00	5.80e-16	0.00e+00
 2.94140e+17	1.00e+00	5.80e-16	0.00e+00
 2.94493e+17	1.00e+00	5.80e-16	0.00e+00
 2.94843e+17	1.00e+00	5.79e-16	0.00e+00
 2.95193e+17	1.00e+00	5.79e-16	0.00e+00
 2.95545e+17	1.00e+00	5.79e-16	0.00e+00
 2.95900e+17	1.00e+00	5.79e-16	0.00e+00
 2.96262e+17	1.00e+00	5.79e-16	0.00e+00
 2.96634e+17	1.00e+00	5.78e-16	0.00e+00
 2.97019e+17	1.00e+00	5.78e-16	0.00e+00
 2.97423e+17	1.00e+00	5.78e-16	0.00e+00
 2.97852e+17	1.00e+00	5.77e-16	0.00e+00
 2.98312e+17	1.00e+00	5.76e-16	0.00e+00
 2.98816e+17	1.00e+00	5.75e-16	0.00e+00
 2.99376e+17	1.00e+00	5.74e-16	0.00e+00
 3.00013e+17	1.00e+00	5.72e-16	0.00e+00
 3.00754e+17	1.00e+00	5.69e-16	0.00e+00
 3.01639e+17	1.00e+00	5.65e-16	0.00e+00
 3.02731e+17	1.00e+00	5.59e-16	0.00e+00
 3.04122e+17	1.00e+00	5.50e-16	0.00e+00
 3.05927e+17	1.00e+00	5.36e-16	0.00e+00
 3.08273e+17	1.00e+00	5.15e-16	0.00e+00
 3.11324e+17	1.00e+00	4.85e-16	0.00e+00
 3.15289e+17	1.00e+00	4.44e-16	0.00e+00
 3.20444e+17	1.00e+00	3.92e-16	0.00e+00
 3.27145e+17	1.00e+00	3.29e-16	0.00e+00
 3.35857e+17	1.00e+00	2.60e-16	0.00e+00
 3.47182e+17	1.00e+00	1.89e-16	0.00e+00
 3.60655e+17	1.00e+00	1.22e-16	0.00e+00
 3.75081e+17	1.00e+00	9.29e-17	0.00e+00
 3.90085e+17	1.00e+00	7.80e-17	0.00e+00
 4.05688e+17	1.00e+00	6.62e-17	0.00e+00
 4.20975e+17	1.00e+00	5.53e-17	0.00e+00
 4.35553e+17	1.00e+00	5.81e-17	0.00e+00
 4.49024e+17	1.00e+00	5.36e-17	0.00e+00
 4.60521e+17	1.00e+00	6.12e-17	0.00e+00
 4.70611e+17	1.00e+00	6.91e-17	0.00e+00
 4.80084e+17	1.00e+00	6.99e-17	0.00e+00
 4.89147e+17	1.00e+00	6.56e-17	0.00e+00
 4.97514e+17	1.00e+00	6.13e-17	0.00e+00
 5.04890e+17	1.00e+00	5.92e-17	0.00e+00
 5.11279e+17	1.00e+00	5.82e-17	0.00e+00
 5.16479e+17	1.00e+00	5.65e-17	0.00e+00
 5.20096e+17	1.00e+00	5.72e-17	0.00e+00
 5.22320e+17	1.00e+00	5.91e-17	0.00e+00
 5.23655e+17	1.00e+00	6.07e-17	0.00e+00
 5.24455e+17	1.00e+00	6.16e-17	0.00e+00
 5.24954e+17	1.00e+00	6.22e-17	0.00e+00
 5.25328e+17	1.00e+00	6.25e-17	0.00e+00
 5.25708e+17	1.00e+00	6.27e-17	0.00e+00
 5.26127e+17	1.00e+00	6.29e-17	0.00e+00
 5.26528e+17	1.00e+00	6.30e-17	0.00e+00
 5.26872e+17	1.00e+00	6.30e-17	0.00e+00
 5.27168e+17	1.00e+00	6.30e-17	0.00e+00
 5.27463e+17	1.00e+00	6.29e-17	0.00e+00
 5.27771e+17	1.00e+00	6.28e-17	0.00e+00
 5.28046e+17	1.00e+00	6.27e-17	0.00e+00
 5.28294e+17	1.00e+00	6.26e-17	0.00e+00
 5.28537e+17	1.00e+00	6.25e-17	0.00e+00
 5.28765e+17	1.00e+00	6.23e-17	0.00e+00
 5.28979e+17	1.00e+00	6.22e-17	0.00e+00
 5.29185e+17	1.00e+00	6.20e-17	0.00e+00
 5.29387e+17	1.00e+00	6.19e-17	0.00e+00
 5.29581e+17	1.00e+00	6.17e-17	0.00e+00
 5.29755e+17	1.00e+00	6.16e-17	0.00e+00
 5.29921e+17	1.00e+00	6.15e-17	0.00e+00
 5.30094e+17	1.00e+00	6.14e-17	0.00e+00
 5.30262e+17	1.00e+00	6.10e-17	0.00e+00
 5.30414e+17	1.00e+00	6.13e-17	0.00e+00
 5.30564e+17	1.00e+00	6.13e-17	0.00e+00
 5.30715e+17	1.00e+00	6.11e-17	0.00e+00
 5.30865e+17	1.00e+00	6.07e-17	0.00e+00
 5.31009e+17	1.00e+00	6.10e-17	0.00e+00
 5.31148e+17	1.00e+00	6.12e-17	0.00e+00
 5.31286e+17	1.00e+00	6.16e-17	0.00e+00
 5.31419e+17	1.00e+00	6.09e-17	0.00e+00
 5.31549e+17	1.00e+00	6.43e-17	0.00e+00
 5.31685e+17	1.00e+00	6.15e-17	0.00e+00
 5.31826e+17	1.00e+00	6.03e-17	0.00e+00
 5.31961e+17	1.00e+00	5.98e-17	0.00e+00
 5.32089e+17	1.00e+00	6.28e-17	0.00e+00
 5.32217e+17	1.00e+00	6.14e-17	0.00e+00
 5.32355e+17	1.00e+00	6.24e-17	0.00e+00
 5.32498e+17	1.00e+00	5.82e-17	0.00e+00
 5.32632e+17	1.00e+00	5.96e-17	0.00e+00
 5.32767e+17	1.00e+00	5.94e-17	0.00e+00
 5.32906e+17	1.00e+00	5.88e-17	0.00e+00
 5.33048e+17	1.00e+00	5.77e-17	0.00e+00
 5.33193e+17	1.00e+00	5.73e-17	0.00e+00
 5.33335e+17	1.00e+00	5.68e-17	0.00e+00
 5.33486e+17	1.00e+00	5.72e-17	0.00e+00
 5.33657e+17	1.00e+00	5.55e-17	0.00e+00
 5.33827e+17	1.00e+00	5.50e-17	0.00e+00
 5.33976e+17	1.00e+00	5.48e-17	0.00e+00
 5.34125e+17	1.00e+00	5.59e-17	0.00e+00
 5.34295e+17	1.00e+00	5.41e-17	0.00e+00
 5.34477e+17	1.00e+00	5.35e-17	0.00e+00
 5.34654e+17	1.00e+00	5.31e-17	0.00e+00
 5.34819e+17	1.00e+00	5.28e-17	0.00e+00
 5.34992e+17	1.00e+00	5.25e-17	0.00e+00
 5.35186e+17	1.00e+00	5.19e-17	0.00e+00
 5.35383e+17	1.00e+00	5.14e-17	0.00e+00
 5.35580e+17	1.00e+00	5.09e-17	0.00e+00
 5.35778e+17	1.00e+00	5.04e-17	0.00e+00
 5.35980e+17	1.00e+00	4.99e-17	0.00e+00
 5.36195e+17	1.00e+00	4.94e-17	0.00e+00
 5.36415e+17	1.00e+00	4.88e-17	0.00e+00
 5.36638e+17	1.00e+00	4.83e-17	0.00e+00
 5.36863e+17	1.00e+00	4.77e-17	0.00e+00
 5.37095e+17	1.00e+00	4.71e-17	0.00e+00
 5.37333e+17	1.00e+00	4.65e-17	0.00e+00
 5.37574e+17	1.00e+00	4.59e-17	0.00e+00
 5.37824e+17	1.00e+00	4.52e-17	0.00e+00
 5.38085e+17	1.00e+00	4.46e-17	0.00e+00
 5.38353e+17	1.00e+00	4.39e-17	0.00e+00
 5.38628e+17	1.00e+00	4.32e-17	0.00e+00
 5.38904e+17	1.00e+00	4.25e-17	0.00e+00
 5.39186e+17	1.00e+00	4.18e-17	0.00e+00
 5.39485e+17	1.00e+00	4.10e-17	0.00e+00
 5.39792e+17	1.00e+00	4.02e-17	0.00e+00
 5.40097e+17	1.00e+00	3.94e-17	0.00e+00
 5.40404e+17	1.00e+00	3.86e-17	0.00e+00
 5.40725e+17	1.00e+00	3.78e-17	0.00e+00
 5.41065e+17	1.00e+00	3.69e-17	0.00e+00
 5.41406e+17	1.00e+00	3.60e-17	0.00e+00
 5.41741e+17	1.00e+00	3.52e-17	0.00e+00
 5.42086e+17	1.00e+00	3.43e-17	0.00e+00
 5.42450e+17	1.00e+00	3.34e-17	0.00e+00
 5.42822e+17	1.00e+00	3.25e-17	0.00e+00
 5.43196e+17	1.00e+00	3.16e-17	0.00e+00
 5.43579e+17	1.00e+00	3.06e-17	0.00e+00
 5.43973e+17	1.00e+00	2.97e-17	0.00e+00
 5.44371e+17	1.00e+00	2.87e-17	0.00e+00
 5.44776e+17	1.00e+00	2.78e-17	0.00e+00
 5.45194e+17	1.00e+00	2.68e-17	0.00e+00
 5.45624e+17	1.00e+00	2.59e-17	0.00e+00
 5.46058e+17	1.00e+00	2.49e-17	0.00e+00
 5.46503e+17	1.00e+00	2.39e-17	0.00e+00
 5.46953e+17	1.00e+00	2.30e-17	0.00e+00
 5.47423e+17	1.00e+00	2.20e-17	0.00e+00
 5.47905e+17	1.00e+00	2.10e-17	0.00e+00
 5.48388e+17	1.00e+00	2.01e-17	0.00e+00
 5.48895e+17	1.00e+00	1.91e-17	0.00e+00
 5.49417e+17	1.00e+00	1.81e-17	0.00e+00
 5.49917e+17	1.00e+00	1.72e-17	0.00e+00
 5.50422e+17	1.00e+00	1.63e-17	0.00e+00
 5.50980e+17	1.00e+00	1.52e-17	0.00e+00
 5.51555e+17	1.00e+00	1.43e-17	0.00e+00
 5.52131e+17	1.00e+00	1.34e-17	0.00e+00
 5.52724e+17	1.00e+00	1.25e-17	0.00e+00
 5.53334e+17	1.00e+00	1.17e-17	0.00e+00
 5.53964e+17	1.00e+00	1.09e-17	0.00e+00
 5.54594e+17	1.00e+00	1.01e-17	0.00e+00
 5.55178e+17	1.00e+00	9.32e-18	0.00e+00
 5.55694e+17	1.00e+00	8.71e-18	0.00e+00
 5.56160e+17	1.00e+00	8.19e-18	0.00e+00
 5.56603e+17	1.00e+00	7.74e-18	0.00e+00
 5.57032e+17	1.00e+00	7.31e-18	0.00e+00
 5.57446e+17	1.00e+00	6.92e-18	0.00e+00
 5.57839e+17	1.00e+00	6.56e-18	0.00e+00
 5.58210e+17	1.00e+00	6.23e-18	0.00e+00
 5.58566e+17	1.00e+00	5.92e-18	0.00e+00
 5.58908e+17	1.00e+00	5.64e-18	0.00e+00
 5.59238e+17	1.00e+00	5.38e-18	0.00e+00
 5.59555e+17	1.00e+00	5.13e-18	0.00e+00
 5.59859e+17	1.00e+00	4.90e-18	0.00e+00
 5.60151e+17	1.00e+00	4.69e-18	0.00e+00
 5.60433e+17	1.00e+00	4.49e-18	0.00e+00
 5.60706e+17	1.00e+00	4.29e-18	0.00e+00
 5.60966e+17	1.00e+00	4.12e-18	0.00e+00
 5.61217e+17	1.00e+00	3.95e-18	0.00e+00
 5.61461e+17	1.00e+00	3.79e-18	0.00e+00
 5.61697e+17	1.00e+00	3.60e-18	0.00e+00
 5.61927e+17	1.00e+00	3.46e-18	0.00e+00
 5.62150e+17	1.00e+00	3.32e-18	0.00e+00
 5.62363e+17	1.00e+00	3.20e-18	0.00e+00
 5.62568e+17	1.00e+00	3.09e-18	0.00e+00
 5.62769e+17	1.00e+00	2.98e-18	0.00e+00
 5.62968e+17	1.00e+00	2.88e-18	0.00e+00
 5.63162e+17	1.00e+00	2.78e-18	0.00e+00
 5.63350e+17	1.00e+00	2.68e-18	0.00e+00
 5.63533e+17	1.00e+00	2.59e-18	0.00e+00
 5.63713e+17	1.00e+00	2.51e-18	0.00e+00
 5.63889e+17	1.00e+00	2.43e-18	0.00e+00
 5.64063e+17	1.00e+00	2.35e-18	0.00e+00
 5.64260e+17	1.00e+00	2.27e-18	0.00e+00
 5.64516e+17	1.00e+00	2.18e-18	0.00e+00
 5.64850e+17	1.00e+00	2.06e-18	0.00e+00
 5.65283e+17	1.00e+00	1.92e-18	0.00e+00
 5.65847e+17	1.00e+00	1.74e-18	0.00e+00
 5.66570e+17	1.00e+00	1.53e-18	0.00e+00
 5.67358e+17	1.00e+00	1.30e-18	0.00e+00
 5.68065e+17	1.00e+00	1.12e-18	0.00e+00
 5.68667e+17	1.00e+00	9.79e-19	0.00e+00
 5.69212e+17	1.00e+00	8.75e-19	0.00e+00
 5.69760e+17	1.00e+00	7.84e-19	0.00e+00
 5.70330e+17	1.00e+00	7.00e-19	0.00e+00
 5.70908e+17	1.00e+00	6.21e-19	0.00e+00
