#depth	N	N+	N+2	N+3	N+4	N+5	N+6	N+7
 1.49634e+10	0.00e+00	1.11e-31	4.19e-23	2.80e-15	3.07e-08	9.99e-01	1.28e-03	0.00e+00
 4.54887e+10	4.91e-41	1.56e-31	5.46e-23	3.36e-15	3.37e-08	9.99e-01	1.16e-03	6.04e-10
 7.72350e+10	0.00e+00	2.20e-31	7.11e-23	4.03e-15	3.71e-08	9.99e-01	1.06e-03	0.00e+00
 1.10251e+11	1.15e-40	3.10e-31	9.26e-23	4.84e-15	4.08e-08	9.99e-01	9.65e-04	0.00e+00
 1.44588e+11	0.00e+00	4.37e-31	1.21e-22	5.82e-15	4.49e-08	9.99e-01	8.79e-04	0.00e+00
 1.80298e+11	2.66e-40	6.15e-31	1.57e-22	7.00e-15	4.94e-08	9.99e-01	7.99e-04	0.00e+00
 2.17437e+11	0.00e+00	8.64e-31	2.04e-22	8.42e-15	5.44e-08	9.99e-01	7.27e-04	0.00e+00
 2.51106e+11	5.83e-40	1.16e-30	2.57e-22	9.91e-15	5.92e-08	9.99e-01	6.69e-04	0.00e+00
 2.79290e+11	0.00e+00	1.48e-30	3.10e-22	1.13e-14	6.34e-08	9.99e-01	6.25e-04	0.00e+00
 3.10223e+11	1.07e-39	1.91e-30	3.78e-22	1.30e-14	6.82e-08	9.99e-01	5.82e-04	0.00e+00
 3.49224e+11	0.00e+00	2.60e-30	4.82e-22	1.54e-14	7.46e-08	9.99e-01	5.32e-04	0.00e+00
 3.89818e+11	2.29e-39	3.54e-30	6.14e-22	1.83e-14	8.17e-08	1.00e+00	4.87e-04	0.00e+00
 4.24617e+11	0.00e+00	4.57e-30	7.50e-22	2.11e-14	8.81e-08	1.00e+00	4.52e-04	0.00e+00
 4.60780e+11	4.28e-39	5.91e-30	9.17e-22	2.44e-14	9.50e-08	1.00e+00	4.20e-04	0.00e+00
 5.05807e+11	0.00e+00	8.03e-30	1.17e-21	2.90e-14	1.04e-07	1.00e+00	3.84e-04	0.00e+00
 5.51411e+11	8.93e-39	1.08e-29	1.48e-21	3.43e-14	1.14e-07	1.00e+00	3.52e-04	0.00e+00
 5.91158e+11	0.00e+00	1.39e-29	1.80e-21	3.95e-14	1.23e-07	1.00e+00	3.27e-04	0.00e+00
 6.34239e+11	1.66e-38	1.80e-29	2.21e-21	4.57e-14	1.33e-07	1.00e+00	3.02e-04	0.00e+00
 6.86725e+11	0.00e+00	2.44e-29	2.81e-21	5.44e-14	1.46e-07	1.00e+00	2.76e-04	0.00e+00
 7.40150e+11	3.45e-38	3.29e-29	3.55e-21	6.45e-14	1.60e-07	1.00e+00	2.52e-04	0.00e+00
 7.89150e+11	0.00e+00	4.27e-29	4.37e-21	7.49e-14	1.73e-07	1.00e+00	2.33e-04	0.00e+00
 8.43681e+11	6.64e-38	5.65e-29	5.45e-21	8.79e-14	1.88e-07	1.00e+00	2.15e-04	0.00e+00
 9.06956e+11	0.00e+00	7.71e-29	6.97e-21	1.05e-13	2.07e-07	1.00e+00	1.95e-04	0.00e+00
 9.69417e+11	1.38e-37	1.03e-28	8.80e-21	1.24e-13	2.27e-07	1.00e+00	1.79e-04	0.00e+00
 1.02921e+12	0.00e+00	1.35e-28	1.09e-20	1.45e-13	2.47e-07	1.00e+00	1.65e-04	0.00e+00
 1.09514e+12	2.70e-37	1.80e-28	1.37e-20	1.71e-13	2.69e-07	1.00e+00	1.51e-04	0.00e+00
 1.16887e+12	0.00e+00	2.45e-28	1.74e-20	2.04e-13	2.96e-07	1.00e+00	1.38e-04	0.00e+00
 1.23588e+12	5.40e-37	3.20e-28	2.15e-20	2.37e-13	3.21e-07	1.00e+00	1.27e-04	0.00e+00
 1.29222e+12	0.00e+00	3.97e-28	2.56e-20	2.69e-13	3.43e-07	1.00e+00	1.19e-04	0.00e+00
 1.35417e+12	9.30e-37	5.00e-28	3.07e-20	3.07e-13	3.69e-07	1.00e+00	1.11e-04	0.00e+00
 1.42410e+12	0.00e+00	6.44e-28	3.75e-20	3.54e-13	3.98e-07	1.00e+00	1.03e-04	0.00e+00
 1.49106e+12	1.67e-36	8.13e-28	4.51e-20	4.05e-13	4.28e-07	1.00e+00	9.57e-05	0.00e+00
 1.56476e+12	0.00e+00	1.04e-27	5.48e-20	4.66e-13	4.61e-07	1.00e+00	8.89e-05	0.00e+00
 1.64663e+12	3.13e-36	1.36e-27	6.76e-20	5.42e-13	5.00e-07	1.00e+00	8.20e-05	0.00e+00
 1.72333e+12	0.00e+00	1.73e-27	8.18e-20	6.21e-13	5.38e-07	1.00e+00	7.64e-05	0.00e+00
 1.80728e+12	5.71e-36	2.23e-27	1.00e-19	7.18e-13	5.82e-07	1.00e+00	7.07e-05	0.00e+00
 1.90124e+12	0.00e+00	2.94e-27	1.24e-19	8.38e-13	6.32e-07	1.00e+00	6.51e-05	0.00e+00
 1.99079e+12	1.09e-35	3.79e-27	1.52e-19	9.66e-13	6.81e-07	1.00e+00	6.05e-05	0.00e+00
 2.08947e+12	0.00e+00	4.95e-27	1.87e-19	1.12e-12	7.40e-07	1.00e+00	5.57e-05	0.00e+00
 2.19400e+12	2.11e-35	6.53e-27	2.32e-19	1.31e-12	8.02e-07	1.00e+00	5.15e-05	0.00e+00
 2.28559e+12	0.00e+00	8.22e-27	2.79e-19	1.49e-12	8.61e-07	1.00e+00	4.80e-05	0.00e+00
 2.38379e+12	3.74e-35	1.05e-26	3.37e-19	1.71e-12	9.25e-07	1.00e+00	4.47e-05	0.00e+00
 2.50305e+12	0.00e+00	1.39e-26	4.21e-19	2.00e-12	1.01e-06	1.00e+00	4.11e-05	0.00e+00
 2.62154e+12	7.36e-35	1.82e-26	5.21e-19	2.33e-12	1.09e-06	1.00e+00	3.80e-05	0.00e+00
 2.72602e+12	0.00e+00	2.30e-26	6.24e-19	2.65e-12	1.17e-06	1.00e+00	3.55e-05	0.00e+00
 2.84042e+12	1.32e-34	2.94e-26	7.57e-19	3.03e-12	1.25e-06	1.00e+00	3.31e-05	0.00e+00
 2.97814e+12	0.00e+00	3.91e-26	9.46e-19	3.55e-12	1.36e-06	1.00e+00	3.04e-05	0.00e+00
 3.11602e+12	2.61e-34	5.15e-26	1.17e-18	4.13e-12	1.48e-06	1.00e+00	2.81e-05	0.00e+00
 3.24142e+12	3.51e-34	6.56e-26	1.42e-18	4.72e-12	1.59e-06	1.00e+00	2.62e-05	0.00e+00
 3.38076e+12	4.84e-34	8.52e-26	1.74e-18	5.44e-12	1.71e-06	1.00e+00	2.43e-05	0.00e+00
 3.54367e+12	6.92e-34	1.14e-25	2.18e-18	6.40e-12	1.86e-06	1.00e+00	2.23e-05	0.00e+00
 3.70445e+12	9.75e-34	1.51e-25	2.71e-18	7.45e-12	2.02e-06	1.00e+00	2.06e-05	0.00e+00
 3.85635e+12	1.33e-33	1.95e-25	3.31e-18	8.56e-12	2.17e-06	1.00e+00	1.92e-05	0.00e+00
 4.02521e+12	1.87e-33	2.57e-25	4.09e-18	9.93e-12	2.35e-06	1.00e+00	1.78e-05	0.00e+00
 4.21615e+12	2.69e-33	3.46e-25	5.16e-18	1.17e-11	2.56e-06	1.00e+00	1.63e-05	0.00e+00
 4.40796e+12	3.84e-33	4.62e-25	6.46e-18	1.36e-11	2.78e-06	1.00e+00	1.50e-05	0.00e+00
 4.60744e+12	5.49e-33	6.18e-25	8.08e-18	1.59e-11	3.01e-06	1.00e+00	1.39e-05	0.00e+00
 4.82167e+12	7.94e-33	8.34e-25	1.02e-17	1.87e-11	3.28e-06	1.00e+00	1.28e-05	0.00e+00
 5.04446e+12	1.15e-32	1.13e-24	1.29e-17	2.20e-11	3.56e-06	1.00e+00	1.17e-05	0.00e+00
 5.26373e+12	1.63e-32	1.50e-24	1.60e-17	2.56e-11	3.86e-06	1.00e+00	1.09e-05	0.00e+00
 5.46769e+12	2.24e-32	1.94e-24	1.95e-17	2.93e-11	4.14e-06	1.00e+00	1.01e-05	0.00e+00
 5.65177e+12	2.96e-32	2.43e-24	2.32e-17	3.30e-11	4.41e-06	1.00e+00	9.51e-06	0.00e+00
 5.84914e+12	3.95e-32	3.07e-24	2.78e-17	3.74e-11	4.70e-06	1.00e+00	8.92e-06	0.00e+00
 6.09488e+12	5.60e-32	4.07e-24	3.45e-17	4.34e-11	5.07e-06	1.00e+00	8.27e-06	0.00e+00
 6.34128e+12	7.84e-32	5.35e-24	4.25e-17	5.01e-11	5.47e-06	1.00e+00	7.67e-06	0.00e+00
 6.55313e+12	1.04e-31	6.73e-24	5.07e-17	5.65e-11	5.81e-06	1.00e+00	7.22e-06	0.00e+00
 6.78227e+12	1.40e-31	8.56e-24	6.09e-17	6.40e-11	6.20e-06	1.00e+00	6.77e-06	0.00e+00
 7.06498e+12	2.00e-31	1.14e-23	7.58e-17	7.43e-11	6.70e-06	1.00e+00	6.27e-06	0.00e+00
 7.34759e+12	2.82e-31	1.50e-23	9.36e-17	8.58e-11	7.21e-06	1.00e+00	5.83e-06	0.00e+00
 7.59161e+12	3.76e-31	1.90e-23	1.12e-16	9.67e-11	7.66e-06	1.00e+00	5.48e-06	0.00e+00
 7.85521e+12	5.09e-31	2.42e-23	1.34e-16	1.10e-10	8.17e-06	1.00e+00	5.14e-06	0.00e+00
 8.17924e+12	7.28e-31	3.23e-23	1.68e-16	1.27e-10	8.82e-06	1.00e+00	4.76e-06	0.00e+00
 8.50633e+12	1.03e-30	4.29e-23	2.08e-16	1.47e-10	9.50e-06	1.00e+00	4.43e-06	0.00e+00
 8.79613e+12	1.40e-30	5.47e-23	2.50e-16	1.67e-10	1.01e-05	1.00e+00	4.16e-06	0.00e+00
 9.11299e+12	1.93e-30	7.07e-23	3.03e-16	1.90e-10	1.08e-05	1.00e+00	3.89e-06	0.00e+00
 9.49289e+12	2.79e-30	9.52e-23	3.80e-16	2.21e-10	1.17e-05	1.00e+00	3.60e-06	0.00e+00
 9.87147e+12	3.98e-30	1.27e-22	4.72e-16	2.56e-10	1.26e-05	1.00e+00	3.34e-06	0.00e+00
 1.02164e+13	5.46e-30	1.63e-22	5.71e-16	2.91e-10	1.34e-05	1.00e+00	3.13e-06	0.00e+00
 1.06009e+13	7.67e-30	2.15e-22	7.02e-16	3.35e-10	1.44e-05	1.00e+00	2.92e-06	0.00e+00
 1.10496e+13	1.12e-29	2.92e-22	8.85e-16	3.91e-10	1.56e-05	1.00e+00	2.70e-06	0.00e+00
 1.14918e+13	1.62e-29	3.91e-22	1.10e-15	4.53e-10	1.68e-05	1.00e+00	2.51e-06	0.00e+00
 1.19104e+13	2.25e-29	5.10e-22	1.35e-15	5.19e-10	1.80e-05	1.00e+00	2.34e-06	0.00e+00
 1.23756e+13	3.22e-29	6.79e-22	1.67e-15	5.99e-10	1.93e-05	1.00e+00	2.18e-06	0.00e+00
 1.29005e+13	4.75e-29	9.27e-22	2.12e-15	7.02e-10	2.09e-05	1.00e+00	2.01e-06	0.00e+00
 1.34281e+13	6.91e-29	1.25e-21	2.65e-15	8.17e-10	2.26e-05	1.00e+00	1.86e-06	0.00e+00
 1.39768e+13	1.01e-28	1.69e-21	3.33e-15	9.51e-10	2.44e-05	1.00e+00	1.73e-06	0.00e+00
 1.45658e+13	1.48e-28	2.31e-21	4.21e-15	1.11e-09	2.64e-05	1.00e+00	1.59e-06	0.00e+00
 1.51363e+13	2.13e-28	3.09e-21	5.24e-15	1.29e-09	2.84e-05	1.00e+00	1.48e-06	0.00e+00
 1.56730e+13	2.96e-28	4.02e-21	6.39e-15	1.47e-09	3.04e-05	1.00e+00	1.38e-06	0.00e+00
 1.62733e+13	4.22e-28	5.35e-21	7.92e-15	1.70e-09	3.27e-05	1.00e+00	1.29e-06	0.00e+00
 1.68783e+13	5.95e-28	7.05e-21	9.76e-15	1.96e-09	3.51e-05	1.00e+00	1.20e-06	0.00e+00
 1.73810e+13	7.86e-28	8.81e-21	1.16e-14	2.19e-09	3.72e-05	1.00e+00	1.13e-06	0.00e+00
 1.79134e+13	1.04e-27	1.11e-20	1.37e-14	2.46e-09	3.94e-05	1.00e+00	1.07e-06	0.00e+00
 1.85936e+13	1.48e-27	1.47e-20	1.70e-14	2.84e-09	4.24e-05	1.00e+00	9.94e-07	0.00e+00
 1.93068e+13	2.12e-27	1.95e-20	2.11e-14	3.29e-09	4.57e-05	1.00e+00	0.00e+00	0.00e+00
 1.99384e+13	2.87e-27	2.50e-20	2.54e-14	3.73e-09	4.86e-05	1.00e+00	0.00e+00	0.00e+00
 2.06229e+13	3.95e-27	3.22e-20	3.08e-14	4.25e-09	5.20e-05	1.00e+00	0.00e+00	0.00e+00
 2.14449e+13	5.70e-27	4.34e-20	3.86e-14	4.95e-09	5.62e-05	1.00e+00	0.00e+00	0.00e+00
 2.22771e+13	8.16e-27	5.79e-20	4.81e-14	5.74e-09	6.06e-05	1.00e+00	0.00e+00	0.00e+00
 2.30574e+13	1.13e-26	7.52e-20	5.86e-14	6.56e-09	6.48e-05	1.00e+00	0.00e+00	0.00e+00
 2.38103e+13	1.53e-26	9.60e-20	7.06e-14	7.44e-09	6.91e-05	1.00e+00	0.00e+00	0.00e+00
 2.46603e+13	2.13e-26	1.25e-19	8.64e-14	8.53e-09	7.42e-05	1.00e+00	0.00e+00	0.00e+00
 2.55982e+13	3.02e-26	1.66e-19	1.07e-13	9.87e-09	7.99e-05	1.00e+00	0.00e+00	0.00e+00
 2.64637e+13	4.13e-26	2.14e-19	1.30e-13	1.12e-08	8.54e-05	1.00e+00	0.00e+00	0.00e+00
 2.74022e+13	5.74e-26	2.79e-19	1.59e-13	1.29e-08	9.16e-05	1.00e+00	0.00e+00	0.00e+00
 2.84499e+13	8.16e-26	3.71e-19	1.97e-13	1.49e-08	9.89e-05	1.00e+00	0.00e+00	0.00e+00
 2.94344e+13	1.12e-25	4.80e-19	2.40e-13	1.71e-08	1.06e-04	1.00e+00	0.00e+00	0.00e+00
 3.05091e+13	1.57e-25	6.31e-19	2.96e-13	1.97e-08	1.14e-04	1.00e+00	0.00e+00	0.00e+00
 3.17031e+13	2.26e-25	8.44e-19	3.70e-13	2.29e-08	1.23e-04	1.00e+00	0.00e+00	0.00e+00
 3.28193e+13	3.13e-25	1.10e-18	4.52e-13	2.62e-08	1.32e-04	1.00e+00	0.00e+00	0.00e+00
 3.40308e+13	4.40e-25	1.45e-18	5.58e-13	3.03e-08	1.42e-04	1.00e+00	0.00e+00	0.00e+00
 3.53839e+13	6.35e-25	1.95e-18	7.00e-13	3.53e-08	1.54e-04	1.00e+00	0.00e+00	0.00e+00
 3.66712e+13	8.90e-25	2.56e-18	8.61e-13	4.07e-08	1.65e-04	1.00e+00	0.00e+00	0.00e+00
 3.80481e+13	1.26e-24	3.39e-18	1.07e-12	4.71e-08	1.78e-04	1.00e+00	0.00e+00	0.00e+00
 3.96000e+13	1.84e-24	4.59e-18	1.35e-12	5.51e-08	1.93e-04	1.00e+00	0.00e+00	0.00e+00
 4.11306e+13	2.63e-24	6.14e-18	1.68e-12	6.40e-08	2.09e-04	1.00e+00	0.00e+00	0.00e+00
 4.27225e+13	3.77e-24	8.21e-18	2.10e-12	7.44e-08	2.26e-04	1.00e+00	0.00e+00	0.00e+00
 4.43544e+13	5.38e-24	1.09e-17	2.61e-12	8.63e-08	2.43e-04	1.00e+00	0.00e+00	0.00e+00
 4.58672e+13	7.40e-24	1.41e-17	3.18e-12	9.86e-08	2.61e-04	1.00e+00	0.00e+00	0.00e+00
 4.75474e+13	1.04e-23	1.86e-17	3.92e-12	1.14e-07	2.80e-04	1.00e+00	0.00e+00	0.00e+00
 4.93925e+13	1.50e-23	2.50e-17	4.90e-12	1.32e-07	3.03e-04	1.00e+00	0.00e+00	0.00e+00
 5.10999e+13	2.07e-23	3.25e-17	5.98e-12	1.51e-07	3.24e-04	1.00e+00	0.00e+00	0.00e+00
 5.25993e+13	2.73e-23	4.06e-17	7.08e-12	1.70e-07	3.44e-04	1.00e+00	0.00e+00	0.00e+00
 5.41864e+13	3.63e-23	5.11e-17	8.43e-12	1.91e-07	3.65e-04	1.00e+00	0.00e+00	0.00e+00
 5.62001e+13	5.15e-23	6.77e-17	1.04e-11	2.21e-07	3.93e-04	1.00e+00	0.00e+00	0.00e+00
 5.82409e+13	7.26e-23	8.92e-17	1.29e-11	2.54e-07	4.23e-04	1.00e+00	0.00e+00	0.00e+00
 5.99663e+13	9.62e-23	1.12e-16	1.53e-11	2.85e-07	4.48e-04	1.00e+00	0.00e+00	0.00e+00
 6.18094e+13	1.29e-22	1.41e-16	1.83e-11	3.22e-07	4.76e-04	1.00e+00	0.00e+00	0.00e+00
 6.41231e+13	1.83e-22	1.88e-16	2.27e-11	3.72e-07	5.13e-04	9.99e-01	0.00e+00	0.00e+00
 6.65117e+13	2.61e-22	2.50e-16	2.81e-11	4.30e-07	5.53e-04	9.99e-01	0.00e+00	0.00e+00
 6.86172e+13	3.53e-22	3.19e-16	3.38e-11	4.87e-07	5.88e-04	9.99e-01	0.00e+00	0.00e+00
 7.08916e+13	4.83e-22	4.10e-16	4.10e-11	5.54e-07	6.28e-04	9.99e-01	0.00e+00	0.00e+00
 7.36356e+13	6.97e-22	5.51e-16	5.12e-11	6.45e-07	6.79e-04	9.99e-01	0.00e+00	0.00e+00
 7.63561e+13	9.89e-22	7.30e-16	6.35e-11	7.45e-07	7.30e-04	9.99e-01	0.00e+00	0.00e+00
 7.87746e+13	1.34e-21	9.31e-16	7.63e-11	8.43e-07	7.78e-04	9.99e-01	0.00e+00	0.00e+00
 8.14343e+13	1.84e-21	1.20e-15	9.28e-11	9.62e-07	8.32e-04	9.99e-01	0.00e+00	0.00e+00
 8.46114e+13	2.66e-21	1.62e-15	1.16e-10	1.12e-06	8.99e-04	9.99e-01	0.00e+00	0.00e+00
 8.77670e+13	3.78e-21	2.15e-15	1.44e-10	1.30e-06	9.69e-04	9.99e-01	0.00e+00	0.00e+00
 9.06408e+13	5.16e-21	2.76e-15	1.74e-10	1.47e-06	1.03e-03	9.99e-01	0.00e+00	0.00e+00
 9.38422e+13	7.18e-21	3.61e-15	2.14e-10	1.69e-06	1.11e-03	9.99e-01	0.00e+00	0.00e+00
 9.75797e+13	1.04e-20	4.88e-15	2.69e-10	1.98e-06	1.20e-03	9.99e-01	0.00e+00	0.00e+00
 1.01256e+14	1.48e-20	6.49e-15	3.35e-10	2.29e-06	1.30e-03	9.99e-01	0.00e+00	0.00e+00
 1.04714e+14	2.04e-20	8.40e-15	4.08e-10	2.62e-06	1.39e-03	9.99e-01	0.00e+00	0.00e+00
 1.08567e+14	2.86e-20	1.11e-14	5.04e-10	3.03e-06	1.50e-03	9.98e-01	0.00e+00	0.00e+00
 1.12940e+14	4.15e-20	1.50e-14	6.35e-10	3.55e-06	1.63e-03	9.98e-01	0.00e+00	0.00e+00
 1.17307e+14	5.91e-20	2.00e-14	7.93e-10	4.13e-06	1.76e-03	9.98e-01	0.00e+00	0.00e+00
 1.21525e+14	8.22e-20	2.61e-14	9.75e-10	4.76e-06	1.90e-03	9.98e-01	0.00e+00	0.00e+00
 1.25185e+14	1.08e-19	3.26e-14	1.16e-09	5.36e-06	2.02e-03	9.98e-01	0.00e+00	0.00e+00
 1.28241e+14	1.35e-19	3.92e-14	1.34e-09	5.90e-06	2.12e-03	9.98e-01	0.00e+00	0.00e+00
 1.31637e+14	1.71e-19	4.76e-14	1.55e-09	6.56e-06	2.25e-03	9.98e-01	0.00e+00	0.00e+00
 1.36051e+14	2.32e-19	6.09e-14	1.88e-09	7.48e-06	2.41e-03	9.98e-01	0.00e+00	0.00e+00
 1.40707e+14	3.14e-19	7.82e-14	2.29e-09	8.57e-06	2.59e-03	9.97e-01	0.00e+00	0.00e+00
 1.44727e+14	4.05e-19	9.64e-14	2.70e-09	9.60e-06	2.75e-03	9.97e-01	0.00e+00	0.00e+00
 1.49005e+14	5.25e-19	1.19e-13	3.19e-09	1.08e-05	2.93e-03	9.97e-01	0.00e+00	0.00e+00
 1.54466e+14	7.24e-19	1.56e-13	3.94e-09	1.25e-05	3.17e-03	9.97e-01	0.00e+00	0.00e+00
 1.60083e+14	9.92e-19	2.02e-13	4.84e-09	1.44e-05	3.43e-03	9.97e-01	0.00e+00	0.00e+00
 1.64896e+14	1.29e-18	2.51e-13	5.75e-09	1.62e-05	3.66e-03	9.96e-01	0.00e+00	0.00e+00
 1.70047e+14	1.68e-18	3.13e-13	6.86e-09	1.84e-05	3.91e-03	9.96e-01	0.00e+00	0.00e+00
 1.76434e+14	2.31e-18	4.08e-13	8.49e-09	2.13e-05	4.24e-03	9.96e-01	0.00e+00	0.00e+00
 1.82979e+14	3.17e-18	5.30e-13	1.05e-08	2.47e-05	4.60e-03	9.95e-01	0.00e+00	0.00e+00
 1.88809e+14	4.14e-18	6.64e-13	1.26e-08	2.80e-05	4.93e-03	9.95e-01	0.00e+00	0.00e+00
 1.95156e+14	5.47e-18	8.39e-13	1.52e-08	3.20e-05	5.32e-03	9.95e-01	0.00e+00	0.00e+00
 2.02733e+14	7.57e-18	1.10e-12	1.89e-08	3.73e-05	5.79e-03	9.94e-01	0.00e+00	0.00e+00
 2.10207e+14	1.03e-17	1.42e-12	2.33e-08	4.31e-05	6.28e-03	9.94e-01	0.00e+00	0.00e+00
 2.16934e+14	1.33e-17	1.78e-12	2.79e-08	4.89e-05	6.74e-03	9.93e-01	0.00e+00	0.00e+00
 2.24395e+14	1.77e-17	2.26e-12	3.40e-08	5.61e-05	7.27e-03	9.93e-01	0.00e+00	0.00e+00
 2.33199e+14	2.44e-17	2.97e-12	4.24e-08	6.54e-05	7.93e-03	9.92e-01	0.00e+00	0.00e+00
 2.41895e+14	3.32e-17	3.84e-12	5.24e-08	7.58e-05	8.62e-03	9.91e-01	0.00e+00	0.00e+00
 2.49939e+14	4.35e-17	4.84e-12	6.34e-08	8.64e-05	9.28e-03	9.91e-01	0.00e+00	0.00e+00
 2.58966e+14	5.85e-17	6.22e-12	7.78e-08	9.97e-05	1.01e-02	9.90e-01	0.00e+00	0.00e+00
 2.69355e+14	8.11e-17	8.22e-12	9.78e-08	1.17e-04	1.10e-02	9.89e-01	0.00e+00	0.00e+00
 2.79532e+14	1.10e-16	1.07e-11	1.21e-07	1.35e-04	1.20e-02	9.88e-01	0.00e+00	0.00e+00
 2.90116e+14	1.79e-16	1.39e-11	1.51e-07	1.57e-04	1.30e-02	9.87e-01	0.00e+00	0.00e+00
 3.01750e+14	2.51e-16	1.84e-11	1.90e-07	1.84e-04	1.42e-02	9.86e-01	0.00e+00	0.00e+00
 3.11597e+14	3.31e-16	2.31e-11	2.29e-07	2.09e-04	1.53e-02	9.84e-01	0.00e+00	0.00e+00
 3.18804e+14	4.03e-16	2.72e-11	2.62e-07	2.29e-04	1.61e-02	9.84e-01	0.00e+00	0.00e+00
 3.26373e+14	4.93e-16	3.22e-11	3.01e-07	2.52e-04	1.70e-02	9.83e-01	0.00e+00	0.00e+00
 3.36212e+14	6.36e-16	3.98e-11	3.58e-07	2.84e-04	1.82e-02	9.82e-01	0.00e+00	0.00e+00
 3.47062e+14	8.37e-16	5.01e-11	4.32e-07	3.22e-04	1.95e-02	9.80e-01	0.00e+00	0.00e+00
 3.57098e+14	1.07e-15	6.15e-11	5.12e-07	3.61e-04	2.08e-02	9.79e-01	0.00e+00	0.00e+00
 3.68018e+14	1.39e-15	7.65e-11	6.12e-07	4.07e-04	2.23e-02	9.77e-01	0.00e+00	0.00e+00
 3.80295e+14	1.85e-15	9.72e-11	7.44e-07	4.64e-04	2.40e-02	9.76e-01	0.00e+00	0.00e+00
 3.91988e+14	2.42e-15	1.21e-10	8.91e-07	5.24e-04	2.56e-02	9.74e-01	0.00e+00	0.00e+00
 4.04843e+14	3.20e-15	1.53e-10	1.08e-06	5.96e-04	2.76e-02	9.72e-01	0.00e+00	0.00e+00
 4.19218e+14	4.37e-15	1.98e-10	1.33e-06	6.86e-04	2.98e-02	9.70e-01	0.00e+00	0.00e+00
 4.32875e+14	5.80e-15	2.51e-10	1.61e-06	7.80e-04	3.20e-02	9.67e-01	0.00e+00	0.00e+00
 4.47933e+14	7.86e-15	3.23e-10	1.98e-06	8.94e-04	3.45e-02	9.65e-01	0.00e+00	0.00e+00
 4.64806e+14	1.08e-14	4.26e-10	2.48e-06	1.04e-03	3.74e-02	9.62e-01	0.00e+00	0.00e+00
 4.80728e+14	1.45e-14	5.47e-10	3.04e-06	1.19e-03	4.03e-02	9.58e-01	0.00e+00	0.00e+00
 4.98069e+14	2.00e-14	7.13e-10	3.76e-06	1.37e-03	4.36e-02	9.55e-01	0.00e+00	0.00e+00
 5.17345e+14	2.81e-14	9.49e-10	4.73e-06	1.59e-03	4.74e-02	9.51e-01	0.00e+00	0.00e+00
 5.35426e+14	3.84e-14	1.23e-09	5.82e-06	1.83e-03	5.10e-02	9.47e-01	0.00e+00	0.00e+00
 5.54908e+14	5.31e-14	1.61e-09	7.23e-06	2.11e-03	5.52e-02	9.43e-01	0.00e+00	0.00e+00
 5.76633e+14	7.55e-14	2.16e-09	9.15e-06	2.46e-03	6.00e-02	9.38e-01	0.00e+00	0.00e+00
 5.97498e+14	1.05e-13	2.83e-09	1.13e-05	2.83e-03	6.47e-02	9.32e-01	0.00e+00	0.00e+00
 6.19700e+14	1.46e-13	3.74e-09	1.42e-05	3.28e-03	7.00e-02	9.27e-01	0.00e+00	0.00e+00
 6.44518e+14	2.10e-13	5.06e-09	1.80e-05	3.83e-03	7.61e-02	9.20e-01	0.00e+00	0.00e+00
 6.65394e+14	2.82e-13	6.47e-09	2.19e-05	4.36e-03	8.14e-02	9.14e-01	0.00e+00	0.00e+00
 6.80410e+14	3.47e-13	7.69e-09	2.51e-05	4.76e-03	8.54e-02	9.10e-01	0.00e+00	0.00e+00
 6.96034e+14	4.28e-13	9.16e-09	2.88e-05	5.21e-03	8.95e-02	9.05e-01	0.00e+00	0.00e+00
 7.16345e+14	5.59e-13	1.14e-08	3.43e-05	5.84e-03	9.51e-02	8.99e-01	0.00e+00	0.00e+00
 7.39012e+14	7.47e-13	1.46e-08	4.14e-05	6.61e-03	1.01e-01	8.92e-01	0.00e+00	0.00e+00
 7.60260e+14	9.74e-13	1.82e-08	4.93e-05	7.40e-03	1.08e-01	8.85e-01	0.00e+00	0.00e+00
 7.83400e+14	1.29e-12	2.29e-08	5.91e-05	8.33e-03	1.14e-01	8.77e-01	0.00e+00	0.00e+00
 8.09282e+14	1.75e-12	2.95e-08	7.21e-05	9.48e-03	1.22e-01	8.68e-01	0.00e+00	0.00e+00
 8.33693e+14	2.31e-12	3.72e-08	8.63e-05	1.07e-02	1.30e-01	8.60e-01	0.00e+00	0.00e+00
 8.60394e+14	3.10e-12	4.76e-08	1.05e-04	1.21e-02	1.38e-01	8.50e-01	0.00e+00	0.00e+00
 8.90332e+14	4.27e-12	6.21e-08	1.29e-04	1.38e-02	1.48e-01	8.38e-01	0.00e+00	0.00e+00
 9.18755e+14	5.73e-12	7.94e-08	1.56e-04	1.56e-02	1.57e-01	8.27e-01	0.00e+00	0.00e+00
 9.49981e+14	7.85e-12	1.03e-07	1.90e-04	1.77e-02	1.68e-01	8.14e-01	0.00e+00	0.00e+00
 9.84778e+14	1.10e-11	1.36e-07	2.37e-04	2.04e-02	1.80e-01	8.00e-01	0.00e+00	0.00e+00
 1.01710e+15	1.48e-11	1.75e-07	2.87e-04	2.31e-02	1.91e-01	7.86e-01	0.00e+00	0.00e+00
 1.05201e+15	2.04e-11	2.28e-07	3.52e-04	2.62e-02	2.03e-01	7.70e-01	0.00e+00	0.00e+00
 1.09113e+15	2.85e-11	3.02e-07	4.37e-04	3.01e-02	2.17e-01	7.52e-01	0.00e+00	0.00e+00
 1.12783e+15	3.88e-11	3.90e-07	5.32e-04	3.41e-02	2.30e-01	7.35e-01	0.00e+00	0.00e+00
 1.16766e+15	5.35e-11	5.10e-07	6.53e-04	3.88e-02	2.44e-01	7.16e-01	0.00e+00	0.00e+00
 1.20990e+15	7.40e-11	6.68e-07	8.04e-04	4.42e-02	2.59e-01	6.96e-01	0.00e+00	0.00e+00
 1.24671e+15	9.71e-11	8.39e-07	9.57e-04	4.93e-02	2.72e-01	6.78e-01	0.00e+00	0.00e+00
 1.27830e+15	1.22e-10	1.01e-06	1.11e-03	5.39e-02	2.83e-01	6.62e-01	0.00e+00	0.00e+00
 1.31170e+15	1.54e-10	1.23e-06	1.28e-03	5.91e-02	2.94e-01	6.46e-01	0.00e+00	0.00e+00
 1.35512e+15	2.07e-10	1.58e-06	1.55e-03	6.63e-02	3.09e-01	6.24e-01	0.00e+00	0.00e+00
 1.39880e+15	2.75e-10	2.00e-06	1.85e-03	7.39e-02	3.23e-01	6.01e-01	0.00e+00	0.00e+00
 1.43388e+15	3.44e-10	2.41e-06	2.13e-03	8.04e-02	3.34e-01	5.84e-01	0.00e+00	0.00e+00
 1.47052e+15	4.33e-10	2.91e-06	2.46e-03	8.76e-02	3.45e-01	5.65e-01	0.00e+00	0.00e+00
 1.51815e+15	5.78e-10	3.69e-06	2.93e-03	9.73e-02	3.59e-01	5.41e-01	0.00e+00	0.00e+00
 1.56780e+15	7.67e-10	4.67e-06	3.50e-03	1.08e-01	3.73e-01	5.16e-01	0.00e+00	0.00e+00
 1.61031e+15	9.72e-10	5.68e-06	4.04e-03	1.17e-01	3.83e-01	4.95e-01	0.00e+00	0.00e+00
 1.65584e+15	1.25e-09	6.97e-06	4.70e-03	1.28e-01	3.94e-01	4.73e-01	0.00e+00	0.00e+00
 1.71501e+15	1.70e-09	9.01e-06	5.68e-03	1.43e-01	4.07e-01	4.44e-01	0.00e+00	0.00e+00
 1.77533e+15	2.29e-09	1.15e-05	6.79e-03	1.58e-01	4.19e-01	4.17e-01	0.00e+00	0.00e+00
 1.82414e+15	2.88e-09	1.39e-05	7.80e-03	1.70e-01	4.27e-01	3.95e-01	0.00e+00	0.00e+00
 1.87463e+15	3.66e-09	1.69e-05	8.98e-03	1.84e-01	4.34e-01	3.73e-01	0.00e+00	0.00e+00
 1.94026e+15	4.93e-09	2.15e-05	1.07e-02	2.02e-01	4.42e-01	3.45e-01	0.00e+00	0.00e+00
 2.00831e+15	6.57e-09	2.72e-05	1.26e-02	2.21e-01	4.49e-01	3.18e-01	0.00e+00	0.00e+00
 2.06561e+15	8.29e-09	3.28e-05	1.45e-02	2.37e-01	4.52e-01	2.97e-01	0.00e+00	0.00e+00
 2.12620e+15	1.06e-08	4.00e-05	1.66e-02	2.54e-01	4.55e-01	2.75e-01	0.00e+00	0.00e+00
 2.19160e+15	1.36e-08	4.89e-05	1.92e-02	2.72e-01	4.56e-01	2.53e-01	0.00e+00	0.00e+00
 2.25015e+15	1.68e-08	5.80e-05	2.16e-02	2.89e-01	4.55e-01	2.34e-01	0.00e+00	0.00e+00
 2.30215e+15	2.02e-08	6.72e-05	2.40e-02	3.03e-01	4.54e-01	2.19e-01	0.00e+00	0.00e+00
 2.35875e+15	2.47e-08	7.90e-05	2.68e-02	3.19e-01	4.51e-01	2.03e-01	0.00e+00	0.00e+00
 2.42113e+15	3.05e-08	9.32e-05	3.01e-02	3.36e-01	4.47e-01	1.86e-01	0.00e+00	0.00e+00
 2.48148e+15	3.71e-08	1.09e-04	3.35e-02	3.53e-01	4.42e-01	1.71e-01	0.00e+00	0.00e+00
 2.54011e+15	4.47e-08	1.26e-04	3.71e-02	3.68e-01	4.37e-01	1.58e-01	0.00e+00	0.00e+00
 2.60611e+15	5.52e-08	1.49e-04	4.15e-02	3.86e-01	4.29e-01	1.44e-01	0.00e+00	0.00e+00
 2.67970e+15	6.87e-08	1.77e-04	4.66e-02	4.04e-01	4.20e-01	1.29e-01	0.00e+00	0.00e+00
 2.74917e+15	8.38e-08	2.06e-04	5.18e-02	4.21e-01	4.10e-01	1.17e-01	0.00e+00	0.00e+00
 2.81306e+15	1.00e-07	2.37e-04	5.69e-02	4.35e-01	4.01e-01	1.06e-01	0.00e+00	0.00e+00
 2.88369e+15	1.23e-07	2.77e-04	6.30e-02	4.51e-01	3.90e-01	9.56e-02	0.00e+00	0.00e+00
 2.96334e+15	1.52e-07	3.27e-04	7.04e-02	4.68e-01	3.76e-01	8.46e-02	0.00e+00	0.00e+00
 3.03920e+15	1.85e-07	3.80e-04	7.77e-02	4.83e-01	3.63e-01	7.54e-02	0.00e+00	0.00e+00
 3.10914e+15	2.20e-07	4.34e-04	8.50e-02	4.96e-01	3.51e-01	6.78e-02	0.00e+00	0.00e+00
 3.18690e+15	2.70e-07	5.07e-04	9.39e-02	5.10e-01	3.36e-01	5.97e-02	0.00e+00	0.00e+00
 3.27297e+15	3.33e-07	5.95e-04	1.04e-01	5.23e-01	3.20e-01	5.20e-02	0.00e+00	0.00e+00
 3.35342e+15	4.03e-07	6.87e-04	1.14e-01	5.34e-01	3.05e-01	4.56e-02	0.00e+00	0.00e+00
 3.42868e+15	4.81e-07	7.85e-04	1.25e-01	5.44e-01	2.90e-01	4.02e-02	0.00e+00	0.00e+00
 3.50234e+15	5.69e-07	8.92e-04	1.35e-01	5.52e-01	2.76e-01	3.55e-02	0.00e+00	0.00e+00
 3.58680e+15	7.03e-07	1.04e-03	1.49e-01	5.60e-01	2.60e-01	3.05e-02	0.00e+00	0.00e+00
 3.67327e+15	8.49e-07	1.20e-03	1.63e-01	5.66e-01	2.43e-01	2.62e-02	0.00e+00	0.00e+00
 3.74663e+15	9.95e-07	1.36e-03	1.76e-01	5.70e-01	2.30e-01	2.30e-02	0.00e+00	0.00e+00
 3.82626e+15	1.20e-06	1.56e-03	1.92e-01	5.73e-01	2.14e-01	1.97e-02	0.00e+00	0.00e+00
 3.90143e+15	1.41e-06	1.76e-03	2.06e-01	5.74e-01	2.01e-01	1.71e-02	0.00e+00	0.00e+00
 3.95594e+15	1.59e-06	1.93e-03	2.18e-01	5.74e-01	1.91e-01	1.54e-02	0.00e+00	0.00e+00
 4.01194e+15	1.82e-06	2.13e-03	2.31e-01	5.73e-01	1.81e-01	1.37e-02	0.00e+00	0.00e+00
 4.07506e+15	2.11e-06	2.38e-03	2.46e-01	5.70e-01	1.69e-01	1.20e-02	0.00e+00	0.00e+00
 4.13343e+15	2.39e-06	2.61e-03	2.60e-01	5.67e-01	1.59e-01	1.06e-02	0.00e+00	0.00e+00
 4.19530e+15	2.73e-06	2.89e-03	2.77e-01	5.63e-01	1.48e-01	9.22e-03	0.00e+00	0.00e+00
 4.26304e+15	3.28e-06	3.30e-03	2.96e-01	5.56e-01	1.37e-01	7.83e-03	0.00e+00	0.00e+00
 4.31909e+15	3.74e-06	3.63e-03	3.12e-01	5.50e-01	1.28e-01	6.84e-03	0.00e+00	0.00e+00
 4.36469e+15	4.08e-06	3.89e-03	3.26e-01	5.44e-01	1.20e-01	6.15e-03	0.00e+00	0.00e+00
 4.41605e+15	4.64e-06	4.28e-03	3.43e-01	5.36e-01	1.12e-01	5.36e-03	0.00e+00	0.00e+00
 4.47375e+15	5.36e-06	4.75e-03	3.62e-01	5.26e-01	1.03e-01	4.59e-03	0.00e+00	0.00e+00
 4.52762e+15	6.15e-06	5.26e-03	3.81e-01	5.15e-01	9.47e-02	3.94e-03	0.00e+00	0.00e+00
 4.57612e+15	7.21e-06	5.89e-03	4.00e-01	5.04e-01	8.71e-02	3.37e-03	0.00e+00	0.00e+00
 4.61916e+15	7.83e-06	6.28e-03	4.15e-01	4.95e-01	8.12e-02	2.98e-03	0.00e+00	0.00e+00
 4.66457e+15	8.91e-06	6.89e-03	4.33e-01	4.83e-01	7.46e-02	2.56e-03	0.00e+00	0.00e+00
 4.72360e+15	1.05e-05	7.77e-03	4.57e-01	4.67e-01	6.65e-02	2.09e-03	0.00e+00	0.00e+00
 4.78262e+15	1.24e-05	8.76e-03	4.81e-01	4.50e-01	5.89e-02	1.69e-03	0.00e+00	0.00e+00
 4.82772e+15	1.47e-05	9.88e-03	5.02e-01	4.34e-01	5.30e-02	1.40e-03	0.00e+00	0.00e+00
 4.86298e+15	1.62e-05	1.06e-02	5.17e-01	4.23e-01	4.88e-02	1.22e-03	0.00e+00	0.00e+00
 4.89937e+15	1.83e-05	1.16e-02	5.33e-01	4.10e-01	4.45e-02	1.04e-03	0.00e+00	0.00e+00
 4.94667e+15	2.14e-05	1.29e-02	5.55e-01	3.92e-01	3.92e-02	8.36e-04	0.00e+00	0.00e+00
 4.99598e+15	2.44e-05	1.42e-02	5.75e-01	3.75e-01	3.44e-02	6.73e-04	0.00e+00	0.00e+00
 5.04034e+15	2.93e-05	1.61e-02	5.97e-01	3.57e-01	2.99e-02	5.29e-04	0.00e+00	0.00e+00
 5.07909e+15	3.34e-05	1.77e-02	6.14e-01	3.42e-01	2.65e-02	4.32e-04	0.00e+00	0.00e+00
 5.10793e+15	3.69e-05	1.90e-02	6.26e-01	3.30e-01	2.42e-02	3.69e-04	0.00e+00	0.00e+00
 5.13134e+15	3.96e-05	1.99e-02	6.36e-01	3.22e-01	2.24e-02	3.25e-04	0.00e+00	0.00e+00
 5.15785e+15	4.45e-05	2.16e-02	6.48e-01	3.10e-01	2.02e-02	2.74e-04	0.00e+00	0.00e+00
 5.18552e+15	4.85e-05	2.30e-02	6.59e-01	3.00e-01	1.84e-02	2.34e-04	0.00e+00	0.00e+00
 5.21471e+15	5.43e-05	2.48e-02	6.71e-01	2.88e-01	1.64e-02	1.93e-04	0.00e+00	0.00e+00
 5.24578e+15	6.11e-05	2.70e-02	6.83e-01	2.75e-01	1.45e-02	1.58e-04	0.00e+00	0.00e+00
 5.27275e+15	6.92e-05	2.94e-02	6.94e-01	2.63e-01	1.29e-02	1.29e-04	0.00e+00	0.00e+00
 5.29553e+15	7.55e-05	3.11e-02	7.02e-01	2.55e-01	1.18e-02	1.11e-04	0.00e+00	0.00e+00
 5.31941e+15	8.22e-05	3.30e-02	7.11e-01	2.46e-01	1.06e-02	9.34e-05	0.00e+00	0.00e+00
 5.35046e+15	9.50e-05	3.64e-02	7.22e-01	2.32e-01	9.14e-03	7.27e-05	0.00e+00	0.00e+00
 5.38075e+15	1.07e-04	3.96e-02	7.31e-01	2.21e-01	7.96e-03	5.78e-05	0.00e+00	0.00e+00
 5.40464e+15	1.18e-04	4.22e-02	7.38e-01	2.12e-01	7.11e-03	4.80e-05	0.00e+00	0.00e+00
 5.43030e+15	1.32e-04	4.55e-02	7.45e-01	2.03e-01	6.24e-03	3.87e-05	0.00e+00	0.00e+00
 5.45920e+15	1.49e-04	4.94e-02	7.53e-01	1.92e-01	5.40e-03	3.04e-05	0.00e+00	0.00e+00
 5.48672e+15	1.67e-04	5.33e-02	7.59e-01	1.83e-01	4.68e-03	2.41e-05	0.00e+00	0.00e+00
 5.51235e+15	1.86e-04	5.74e-02	7.64e-01	1.74e-01	4.09e-03	1.92e-05	0.00e+00	0.00e+00
 5.54111e+15	2.11e-04	6.23e-02	7.70e-01	1.64e-01	3.49e-03	1.48e-05	0.00e+00	0.00e+00
 5.57192e+15	2.41e-04	6.80e-02	7.74e-01	1.55e-01	2.94e-03	1.12e-05	0.00e+00	0.00e+00
 5.59904e+15	2.70e-04	7.34e-02	7.78e-01	1.46e-01	2.53e-03	8.74e-06	0.00e+00	0.00e+00
 5.62418e+15	3.01e-04	7.88e-02	7.80e-01	1.39e-01	2.19e-03	6.90e-06	0.00e+00	0.00e+00
 5.65307e+15	3.42e-04	8.57e-02	7.82e-01	1.30e-01	1.84e-03	5.20e-06	0.00e+00	0.00e+00
 5.68455e+15	3.92e-04	9.37e-02	7.83e-01	1.21e-01	1.53e-03	3.83e-06	0.00e+00	0.00e+00
 5.71290e+15	4.44e-04	1.01e-01	7.83e-01	1.14e-01	1.29e-03	2.90e-06	0.00e+00	0.00e+00
 5.73900e+15	4.98e-04	1.09e-01	7.82e-01	1.07e-01	1.09e-03	2.24e-06	0.00e+00	0.00e+00
 5.76867e+15	5.69e-04	1.19e-01	7.80e-01	9.93e-02	9.04e-04	1.64e-06	0.00e+00	0.00e+00
 5.80129e+15	6.57e-04	1.30e-01	7.77e-01	9.14e-02	7.34e-04	1.17e-06	0.00e+00	0.00e+00
 5.83077e+15	7.50e-04	1.42e-01	7.72e-01	8.46e-02	6.05e-04	8.63e-07	0.00e+00	0.00e+00
 5.85776e+15	8.46e-04	1.53e-01	7.67e-01	7.85e-02	5.05e-04	0.00e+00	0.00e+00	0.00e+00
 5.88846e+15	9.75e-04	1.67e-01	7.60e-01	7.19e-02	4.08e-04	0.00e+00	0.00e+00	0.00e+00
 5.92226e+15	1.14e-03	1.84e-01	7.49e-01	6.49e-02	3.22e-04	0.00e+00	0.00e+00	0.00e+00
 5.95304e+15	1.31e-03	2.01e-01	7.39e-01	5.90e-02	2.59e-04	0.00e+00	0.00e+00	0.00e+00
 5.98600e+15	1.54e-03	2.21e-01	7.24e-01	5.28e-02	2.02e-04	0.00e+00	0.00e+00	0.00e+00
 6.02143e+15	1.82e-03	2.45e-01	7.07e-01	4.65e-02	1.54e-04	0.00e+00	0.00e+00	0.00e+00
 6.05286e+15	2.12e-03	2.68e-01	6.88e-01	4.13e-02	1.20e-04	0.00e+00	0.00e+00	0.00e+00
 6.08650e+15	2.51e-03	2.96e-01	6.66e-01	3.60e-02	9.04e-05	0.00e+00	0.00e+00	0.00e+00
 6.12413e+15	3.03e-03	3.29e-01	6.37e-01	3.06e-02	6.55e-05	0.00e+00	0.00e+00	0.00e+00
 6.15956e+15	3.62e-03	3.64e-01	6.06e-01	2.58e-02	4.73e-05	0.00e+00	0.00e+00	0.00e+00
 6.19167e+15	4.29e-03	3.99e-01	5.75e-01	2.18e-02	3.47e-05	0.00e+00	0.00e+00	0.00e+00
 6.22216e+15	5.04e-03	4.35e-01	5.42e-01	1.84e-02	2.55e-05	0.00e+00	0.00e+00	0.00e+00
 6.25710e+15	6.06e-03	4.78e-01	5.01e-01	1.48e-02	1.74e-05	0.00e+00	0.00e+00	0.00e+00
 6.29451e+15	7.42e-03	5.28e-01	4.53e-01	1.14e-02	1.12e-05	0.00e+00	0.00e+00	0.00e+00
 6.32594e+15	8.84e-03	5.73e-01	4.09e-01	8.98e-03	7.56e-06	0.00e+00	0.00e+00	0.00e+00
 6.35255e+15	1.03e-02	6.11e-01	3.71e-01	7.18e-03	5.29e-06	0.00e+00	0.00e+00	0.00e+00
 6.37707e+15	1.18e-02	6.47e-01	3.35e-01	5.72e-03	3.71e-06	0.00e+00	0.00e+00	0.00e+00
 6.39981e+15	1.34e-02	6.81e-01	3.01e-01	4.55e-03	2.61e-06	0.00e+00	0.00e+00	0.00e+00
 6.42145e+15	1.52e-02	7.12e-01	2.69e-01	3.60e-03	1.83e-06	0.00e+00	0.00e+00	0.00e+00
 6.44233e+15	1.71e-02	7.41e-01	2.39e-01	2.82e-03	1.28e-06	0.00e+00	0.00e+00	0.00e+00
 6.46269e+15	1.93e-02	7.69e-01	2.10e-01	2.18e-03	8.75e-07	0.00e+00	0.00e+00	0.00e+00
 6.48225e+15	2.17e-02	7.94e-01	1.83e-01	1.67e-03	0.00e+00	0.00e+00	0.00e+00	0.00e+00
 6.50071e+15	2.43e-02	8.15e-01	1.59e-01	1.28e-03	0.00e+00	0.00e+00	0.00e+00	0.00e+00
 6.51836e+15	2.71e-02	8.34e-01	1.38e-01	9.74e-04	0.00e+00	0.00e+00	0.00e+00	0.00e+00
 6.53553e+15	3.02e-02	8.51e-01	1.18e-01	7.34e-04	0.00e+00	0.00e+00	0.00e+00	0.00e+00
 6.55226e+15	3.35e-02	8.65e-01	1.01e-01	5.50e-04	0.00e+00	0.00e+00	0.00e+00	0.00e+00
 6.56868e+15	3.73e-02	8.77e-01	8.55e-02	4.06e-04	0.00e+00	0.00e+00	0.00e+00	0.00e+00
 6.58475e+15	4.15e-02	8.86e-01	7.18e-02	2.96e-04	0.00e+00	0.00e+00	0.00e+00	0.00e+00
 6.60015e+15	4.61e-02	8.94e-01	6.02e-02	2.16e-04	0.00e+00	0.00e+00	0.00e+00	0.00e+00
 6.61412e+15	5.08e-02	8.98e-01	5.06e-02	1.59e-04	0.00e+00	0.00e+00	0.00e+00	0.00e+00
 6.62905e+15	5.64e-02	9.02e-01	4.19e-02	1.13e-04	0.00e+00	0.00e+00	0.00e+00	0.00e+00
 6.64518e+15	6.35e-02	9.03e-01	3.36e-02	7.68e-05	0.00e+00	0.00e+00	0.00e+00	0.00e+00
 6.65961e+15	7.07e-02	9.02e-01	2.72e-02	5.31e-05	0.00e+00	0.00e+00	0.00e+00	0.00e+00
 6.67267e+15	7.81e-02	9.00e-01	2.24e-02	3.77e-05	0.00e+00	0.00e+00	0.00e+00	0.00e+00
 6.68719e+15	8.74e-02	8.95e-01	1.78e-02	2.52e-05	0.00e+00	0.00e+00	0.00e+00	0.00e+00
 6.70323e+15	9.90e-02	8.87e-01	1.36e-02	1.59e-05	0.00e+00	0.00e+00	0.00e+00	0.00e+00
 6.71763e+15	1.11e-01	8.78e-01	1.06e-02	1.03e-05	0.00e+00	0.00e+00	0.00e+00	0.00e+00
 6.72905e+15	1.22e-01	8.69e-01	8.57e-03	7.18e-06	0.00e+00	0.00e+00	0.00e+00	0.00e+00
 6.73847e+15	1.32e-01	8.61e-01	7.18e-03	5.29e-06	0.00e+00	0.00e+00	0.00e+00	0.00e+00
 6.74817e+15	1.42e-01	8.52e-01	5.95e-03	3.83e-06	0.00e+00	0.00e+00	0.00e+00	0.00e+00
 6.75869e+15	1.55e-01	8.41e-01	4.83e-03	2.68e-06	0.00e+00	0.00e+00	0.00e+00	0.00e+00
 6.76868e+15	1.68e-01	8.28e-01	3.94e-03	1.89e-06	0.00e+00	0.00e+00	0.00e+00	0.00e+00
 6.77733e+15	1.79e-01	8.18e-01	3.29e-03	1.39e-06	0.00e+00	0.00e+00	0.00e+00	0.00e+00
 6.78377e+15	1.88e-01	8.09e-01	2.88e-03	1.11e-06	0.00e+00	0.00e+00	0.00e+00	0.00e+00
 6.78800e+15	1.94e-01	8.03e-01	2.63e-03	9.53e-07	0.00e+00	0.00e+00	0.00e+00	0.00e+00
 6.79196e+15	2.00e-01	7.97e-01	2.41e-03	0.00e+00	0.00e+00	0.00e+00	0.00e+00	0.00e+00
 6.79666e+15	2.08e-01	7.90e-01	2.17e-03	0.00e+00	0.00e+00	0.00e+00	0.00e+00	0.00e+00
 6.80182e+15	2.16e-01	7.82e-01	1.94e-03	0.00e+00	0.00e+00	0.00e+00	0.00e+00	0.00e+00
 6.80678e+15	2.24e-01	7.75e-01	1.74e-03	0.00e+00	0.00e+00	0.00e+00	0.00e+00	0.00e+00
 6.81145e+15	2.31e-01	7.67e-01	1.57e-03	0.00e+00	0.00e+00	0.00e+00	0.00e+00	0.00e+00
 6.81610e+15	2.39e-01	7.60e-01	1.41e-03	0.00e+00	0.00e+00	0.00e+00	0.00e+00	0.00e+00
 6.82080e+15	2.47e-01	7.52e-01	1.27e-03	0.00e+00	0.00e+00	0.00e+00	0.00e+00	0.00e+00
 6.82550e+15	2.55e-01	7.44e-01	1.14e-03	0.00e+00	0.00e+00	0.00e+00	0.00e+00	0.00e+00
 6.83017e+15	2.63e-01	7.36e-01	1.02e-03	0.00e+00	0.00e+00	0.00e+00	0.00e+00	0.00e+00
 6.83479e+15	2.72e-01	7.27e-01	9.19e-04	0.00e+00	0.00e+00	0.00e+00	0.00e+00	0.00e+00
 6.83944e+15	2.80e-01	7.19e-01	8.25e-04	0.00e+00	0.00e+00	0.00e+00	0.00e+00	0.00e+00
 6.84411e+15	2.89e-01	7.10e-01	7.39e-04	0.00e+00	0.00e+00	0.00e+00	0.00e+00	0.00e+00
 6.84881e+15	2.97e-01	7.02e-01	6.62e-04	0.00e+00	0.00e+00	0.00e+00	0.00e+00	0.00e+00
 6.85342e+15	3.06e-01	6.93e-01	5.94e-04	0.00e+00	0.00e+00	0.00e+00	0.00e+00	0.00e+00
 6.85800e+15	3.15e-01	6.85e-01	5.33e-04	0.00e+00	0.00e+00	0.00e+00	0.00e+00	0.00e+00
 6.86268e+15	3.23e-01	6.76e-01	4.77e-04	0.00e+00	0.00e+00	0.00e+00	0.00e+00	0.00e+00
 6.86737e+15	3.32e-01	6.67e-01	4.27e-04	0.00e+00	0.00e+00	0.00e+00	0.00e+00	0.00e+00
 6.87206e+15	3.41e-01	6.58e-01	3.82e-04	0.00e+00	0.00e+00	0.00e+00	0.00e+00	0.00e+00
 6.87677e+15	3.51e-01	6.49e-01	3.42e-04	0.00e+00	0.00e+00	0.00e+00	0.00e+00	0.00e+00
 6.88152e+15	3.60e-01	6.40e-01	3.06e-04	0.00e+00	0.00e+00	0.00e+00	0.00e+00	0.00e+00
 6.88631e+15	3.70e-01	6.30e-01	2.73e-04	0.00e+00	0.00e+00	0.00e+00	0.00e+00	0.00e+00
 6.89116e+15	3.80e-01	6.20e-01	2.43e-04	0.00e+00	0.00e+00	0.00e+00	0.00e+00	0.00e+00
 6.89611e+15	3.89e-01	6.11e-01	2.17e-04	0.00e+00	0.00e+00	0.00e+00	0.00e+00	0.00e+00
 6.90107e+15	3.99e-01	6.01e-01	1.94e-04	0.00e+00	0.00e+00	0.00e+00	0.00e+00	0.00e+00
 6.90604e+15	4.09e-01	5.91e-01	1.73e-04	0.00e+00	0.00e+00	0.00e+00	0.00e+00	0.00e+00
 6.91106e+15	4.19e-01	5.80e-01	1.54e-04	0.00e+00	0.00e+00	0.00e+00	0.00e+00	0.00e+00
 6.91611e+15	4.30e-01	5.70e-01	1.38e-04	0.00e+00	0.00e+00	0.00e+00	0.00e+00	0.00e+00
 6.92121e+15	4.40e-01	5.60e-01	1.23e-04	0.00e+00	0.00e+00	0.00e+00	0.00e+00	0.00e+00
 6.92636e+15	4.51e-01	5.49e-01	1.10e-04	0.00e+00	0.00e+00	0.00e+00	0.00e+00	0.00e+00
 6.93160e+15	4.62e-01	5.38e-01	9.86e-05	0.00e+00	0.00e+00	0.00e+00	0.00e+00	0.00e+00
 6.93694e+15	4.73e-01	5.27e-01	8.83e-05	0.00e+00	0.00e+00	0.00e+00	0.00e+00	0.00e+00
 6.94241e+15	4.85e-01	5.15e-01	7.91e-05	0.00e+00	0.00e+00	0.00e+00	0.00e+00	0.00e+00
 6.94804e+15	4.96e-01	5.04e-01	7.09e-05	0.00e+00	0.00e+00	0.00e+00	0.00e+00	0.00e+00
 6.95389e+15	5.08e-01	4.92e-01	6.35e-05	0.00e+00	0.00e+00	0.00e+00	0.00e+00	0.00e+00
 6.95999e+15	5.20e-01	4.80e-01	5.70e-05	0.00e+00	0.00e+00	0.00e+00	0.00e+00	0.00e+00
 6.96640e+15	5.34e-01	4.66e-01	5.10e-05	0.00e+00	0.00e+00	0.00e+00	0.00e+00	0.00e+00
 6.97312e+15	5.47e-01	4.53e-01	4.57e-05	0.00e+00	0.00e+00	0.00e+00	0.00e+00	0.00e+00
 6.98024e+15	5.61e-01	4.39e-01	4.10e-05	0.00e+00	0.00e+00	0.00e+00	0.00e+00	0.00e+00
 6.98796e+15	5.75e-01	4.25e-01	3.67e-05	0.00e+00	0.00e+00	0.00e+00	0.00e+00	0.00e+00
 6.99640e+15	5.90e-01	4.10e-01	3.28e-05	0.00e+00	0.00e+00	0.00e+00	0.00e+00	0.00e+00
 7.00569e+15	6.04e-01	3.96e-01	2.94e-05	0.00e+00	0.00e+00	0.00e+00	0.00e+00	0.00e+00
 7.01617e+15	6.20e-01	3.80e-01	2.63e-05	0.00e+00	0.00e+00	0.00e+00	0.00e+00	0.00e+00
 7.02775e+15	6.36e-01	3.64e-01	2.35e-05	0.00e+00	0.00e+00	0.00e+00	0.00e+00	0.00e+00
 7.03963e+15	6.51e-01	3.49e-01	2.12e-05	0.00e+00	0.00e+00	0.00e+00	0.00e+00	0.00e+00
 7.05142e+15	6.66e-01	3.34e-01	1.93e-05	0.00e+00	0.00e+00	0.00e+00	0.00e+00	0.00e+00
 7.06493e+15	6.78e-01	3.22e-01	1.76e-05	0.00e+00	0.00e+00	0.00e+00	0.00e+00	0.00e+00
 7.08248e+15	6.94e-01	3.06e-01	1.57e-05	0.00e+00	0.00e+00	0.00e+00	0.00e+00	0.00e+00
 7.10167e+15	7.11e-01	2.89e-01	1.41e-05	0.00e+00	0.00e+00	0.00e+00	0.00e+00	0.00e+00
 7.11963e+15	7.26e-01	2.74e-01	1.27e-05	0.00e+00	0.00e+00	0.00e+00	0.00e+00	0.00e+00
 7.13728e+15	7.39e-01	2.61e-01	1.15e-05	0.00e+00	0.00e+00	0.00e+00	0.00e+00	0.00e+00
 7.15574e+15	7.53e-01	2.47e-01	1.05e-05	0.00e+00	0.00e+00	0.00e+00	0.00e+00	0.00e+00
 7.17489e+15	7.66e-01	2.34e-01	9.44e-06	0.00e+00	0.00e+00	0.00e+00	0.00e+00	0.00e+00
 7.19405e+15	7.79e-01	2.21e-01	8.52e-06	0.00e+00	0.00e+00	0.00e+00	0.00e+00	0.00e+00
 7.21281e+15	7.91e-01	2.09e-01	7.70e-06	0.00e+00	0.00e+00	0.00e+00	0.00e+00	0.00e+00
 7.23118e+15	8.03e-01	1.97e-01	6.97e-06	0.00e+00	0.00e+00	0.00e+00	0.00e+00	0.00e+00
 7.24927e+15	8.14e-01	1.86e-01	6.31e-06	0.00e+00	0.00e+00	0.00e+00	0.00e+00	0.00e+00
 7.26709e+15	8.25e-01	1.75e-01	5.72e-06	0.00e+00	0.00e+00	0.00e+00	0.00e+00	0.00e+00
 7.28458e+15	8.35e-01	1.65e-01	5.18e-06	0.00e+00	0.00e+00	0.00e+00	0.00e+00	0.00e+00
 7.30173e+15	8.45e-01	1.55e-01	4.70e-06	0.00e+00	0.00e+00	0.00e+00	0.00e+00	0.00e+00
 7.31854e+15	8.54e-01	1.46e-01	4.27e-06	0.00e+00	0.00e+00	0.00e+00	0.00e+00	0.00e+00
 7.33502e+15	8.63e-01	1.37e-01	3.87e-06	0.00e+00	0.00e+00	0.00e+00	0.00e+00	0.00e+00
 7.35119e+15	8.71e-01	1.29e-01	3.51e-06	0.00e+00	0.00e+00	0.00e+00	0.00e+00	0.00e+00
 7.36744e+15	8.79e-01	1.21e-01	3.20e-06	0.00e+00	0.00e+00	0.00e+00	0.00e+00	0.00e+00
 7.38323e+15	8.86e-01	1.14e-01	2.90e-06	0.00e+00	0.00e+00	0.00e+00	0.00e+00	0.00e+00
 7.39844e+15	8.93e-01	1.07e-01	2.64e-06	0.00e+00	0.00e+00	0.00e+00	0.00e+00	0.00e+00
 7.41369e+15	9.00e-01	1.00e-01	2.40e-06	0.00e+00	0.00e+00	0.00e+00	0.00e+00	0.00e+00
 7.42860e+15	9.06e-01	9.42e-02	2.19e-06	0.00e+00	0.00e+00	0.00e+00	0.00e+00	0.00e+00
 7.44309e+15	9.11e-01	8.86e-02	2.00e-06	0.00e+00	0.00e+00	0.00e+00	0.00e+00	0.00e+00
 7.45730e+15	9.17e-01	8.33e-02	1.83e-06	0.00e+00	0.00e+00	0.00e+00	0.00e+00	0.00e+00
 7.47132e+15	9.22e-01	7.84e-02	1.68e-06	0.00e+00	0.00e+00	0.00e+00	0.00e+00	0.00e+00
 7.48512e+15	9.26e-01	7.37e-02	1.53e-06	0.00e+00	0.00e+00	0.00e+00	0.00e+00	0.00e+00
 7.49860e+15	9.31e-01	6.95e-02	1.41e-06	0.00e+00	0.00e+00	0.00e+00	0.00e+00	0.00e+00
 7.51187e+15	9.35e-01	6.54e-02	1.29e-06	0.00e+00	0.00e+00	0.00e+00	0.00e+00	0.00e+00
 7.52512e+15	9.38e-01	6.16e-02	1.19e-06	0.00e+00	0.00e+00	0.00e+00	0.00e+00	0.00e+00
 7.53829e+15	9.42e-01	5.80e-02	1.09e-06	0.00e+00	0.00e+00	0.00e+00	0.00e+00	0.00e+00
 7.55129e+15	9.45e-01	5.47e-02	1.00e-06	0.00e+00	0.00e+00	0.00e+00	0.00e+00	0.00e+00
 7.56411e+15	9.48e-01	5.16e-02	9.23e-07	0.00e+00	0.00e+00	0.00e+00	0.00e+00	0.00e+00
 7.57677e+15	9.51e-01	4.87e-02	8.51e-07	0.00e+00	0.00e+00	0.00e+00	0.00e+00	0.00e+00
 7.58932e+15	9.54e-01	4.59e-02	7.84e-07	0.00e+00	0.00e+00	0.00e+00	0.00e+00	0.00e+00
 7.60175e+15	9.57e-01	4.34e-02	7.24e-07	0.00e+00	0.00e+00	0.00e+00	0.00e+00	0.00e+00
 7.61409e+15	9.59e-01	4.10e-02	6.69e-07	0.00e+00	0.00e+00	0.00e+00	0.00e+00	0.00e+00
 7.62633e+15	9.61e-01	3.87e-02	6.18e-07	0.00e+00	0.00e+00	0.00e+00	0.00e+00	0.00e+00
 7.63849e+15	9.63e-01	3.66e-02	5.72e-07	0.00e+00	0.00e+00	0.00e+00	0.00e+00	0.00e+00
 7.65061e+15	9.65e-01	3.46e-02	5.29e-07	0.00e+00	0.00e+00	0.00e+00	0.00e+00	0.00e+00
 7.66268e+15	9.67e-01	3.28e-02	4.90e-07	0.00e+00	0.00e+00	0.00e+00	0.00e+00	0.00e+00
 7.67474e+15	9.69e-01	3.10e-02	4.54e-07	0.00e+00	0.00e+00	0.00e+00	0.00e+00	0.00e+00
 7.68680e+15	9.71e-01	2.94e-02	4.21e-07	0.00e+00	0.00e+00	0.00e+00	0.00e+00	0.00e+00
 7.69889e+15	9.72e-01	2.78e-02	3.90e-07	0.00e+00	0.00e+00	0.00e+00	0.00e+00	0.00e+00
 7.71116e+15	9.74e-01	2.63e-02	3.62e-07	0.00e+00	0.00e+00	0.00e+00	0.00e+00	0.00e+00
 7.72375e+15	9.75e-01	2.49e-02	3.35e-07	0.00e+00	0.00e+00	0.00e+00	0.00e+00	0.00e+00
 7.73662e+15	9.76e-01	2.35e-02	3.09e-07	0.00e+00	0.00e+00	0.00e+00	0.00e+00	0.00e+00
 7.74970e+15	9.78e-01	2.22e-02	2.86e-07	0.00e+00	0.00e+00	0.00e+00	0.00e+00	0.00e+00
 7.76305e+15	9.79e-01	2.10e-02	2.64e-07	0.00e+00	0.00e+00	0.00e+00	0.00e+00	0.00e+00
 7.77681e+15	9.80e-01	1.98e-02	2.43e-07	0.00e+00	0.00e+00	0.00e+00	0.00e+00	0.00e+00
 7.79113e+15	9.81e-01	1.87e-02	2.24e-07	0.00e+00	0.00e+00	0.00e+00	0.00e+00	0.00e+00
 7.80617e+15	9.82e-01	1.75e-02	2.05e-07	0.00e+00	0.00e+00	0.00e+00	0.00e+00	0.00e+00
 7.82220e+15	9.84e-01	1.64e-02	1.87e-07	0.00e+00	0.00e+00	0.00e+00	0.00e+00	0.00e+00
 7.83957e+15	9.85e-01	1.53e-02	1.70e-07	0.00e+00	0.00e+00	0.00e+00	0.00e+00	0.00e+00
 7.85888e+15	9.86e-01	1.42e-02	1.52e-07	0.00e+00	0.00e+00	0.00e+00	0.00e+00	0.00e+00
 7.88115e+15	9.87e-01	1.31e-02	1.35e-07	0.00e+00	0.00e+00	0.00e+00	0.00e+00	0.00e+00
 7.90559e+15	9.88e-01	1.20e-02	1.19e-07	0.00e+00	0.00e+00	0.00e+00	0.00e+00	0.00e+00
 7.92925e+15	9.89e-01	1.11e-02	1.06e-07	0.00e+00	0.00e+00	0.00e+00	0.00e+00	0.00e+00
 7.95078e+15	9.90e-01	1.04e-02	9.58e-08	0.00e+00	0.00e+00	0.00e+00	0.00e+00	0.00e+00
 7.97037e+15	9.90e-01	9.75e-03	8.76e-08	0.00e+00	0.00e+00	0.00e+00	0.00e+00	0.00e+00
 7.98820e+15	9.91e-01	9.26e-03	8.09e-08	0.00e+00	0.00e+00	0.00e+00	0.00e+00	0.00e+00
 8.00442e+15	9.91e-01	8.84e-03	7.55e-08	0.00e+00	0.00e+00	0.00e+00	0.00e+00	0.00e+00
 8.01919e+15	9.92e-01	8.49e-03	7.09e-08	0.00e+00	0.00e+00	0.00e+00	0.00e+00	0.00e+00
 8.03262e+15	9.92e-01	8.19e-03	6.70e-08	0.00e+00	0.00e+00	0.00e+00	0.00e+00	0.00e+00
 8.04485e+15	9.92e-01	7.94e-03	6.38e-08	0.00e+00	0.00e+00	0.00e+00	0.00e+00	0.00e+00
 8.05825e+15	9.92e-01	7.68e-03	6.05e-08	0.00e+00	0.00e+00	0.00e+00	0.00e+00	0.00e+00
 8.07566e+15	9.93e-01	7.34e-03	5.63e-08	0.00e+00	0.00e+00	0.00e+00	0.00e+00	0.00e+00
 8.09447e+15	9.93e-01	7.02e-03	5.24e-08	0.00e+00	0.00e+00	0.00e+00	0.00e+00	0.00e+00
 8.11158e+15	9.93e-01	6.76e-03	4.93e-08	0.00e+00	0.00e+00	0.00e+00	0.00e+00	0.00e+00
 8.12715e+15	9.93e-01	6.55e-03	4.67e-08	0.00e+00	0.00e+00	0.00e+00	0.00e+00	0.00e+00
