#depth	O	O+	O+2	O+3	O+4	O+5	O+6	O+7	O+8	O[1]	O[2]	O[3]
 1.49634e+10	0.00e+00	0.00e+00	1.64e-28	1.57e-20	2.14e-13	3.48e-07	1.00e+00	0.00e+00	0.00e+00	0.00e+00	0.00e+00	0.00e+00
 4.54887e+10	0.00e+00	3.21e-37	2.29e-28	2.03e-20	2.56e-13	3.82e-07	1.00e+00	2.07e-08	0.00e+00	0.00e+00	0.00e+00	0.00e+00
 7.72350e+10	0.00e+00	0.00e+00	3.20e-28	2.63e-20	3.07e-13	4.20e-07	1.00e+00	0.00e+00	0.00e+00	0.00e+00	0.00e+00	0.00e+00
 1.10251e+11	0.00e+00	7.27e-37	4.47e-28	3.41e-20	3.68e-13	4.61e-07	1.00e+00	0.00e+00	0.00e+00	0.00e+00	0.00e+00	0.00e+00
 1.44588e+11	0.00e+00	0.00e+00	6.24e-28	4.41e-20	4.41e-13	5.07e-07	1.00e+00	0.00e+00	0.00e+00	0.00e+00	0.00e+00	0.00e+00
 1.80298e+11	0.00e+00	1.64e-36	8.69e-28	5.72e-20	5.30e-13	5.58e-07	1.00e+00	0.00e+00	0.00e+00	0.00e+00	0.00e+00	0.00e+00
 2.17437e+11	7.99e-46	2.45e-36	1.21e-27	7.40e-20	6.36e-13	6.14e-07	1.00e+00	0.00e+00	0.00e+00	0.00e+00	0.00e+00	0.00e+00
 2.51106e+11	0.00e+00	3.48e-36	1.61e-27	9.27e-20	7.46e-13	6.69e-07	1.00e+00	0.00e+00	0.00e+00	0.00e+00	0.00e+00	0.00e+00
 2.79290e+11	1.70e-45	4.63e-36	2.04e-27	1.11e-19	8.50e-13	7.16e-07	1.00e+00	0.00e+00	0.00e+00	0.00e+00	0.00e+00	0.00e+00
 3.10223e+11	0.00e+00	0.00e+00	2.61e-27	1.35e-19	9.76e-13	7.70e-07	1.00e+00	0.00e+00	0.00e+00	0.00e+00	0.00e+00	0.00e+00
 3.49224e+11	0.00e+00	9.00e-36	3.53e-27	1.71e-19	1.16e-12	8.43e-07	1.00e+00	0.00e+00	0.00e+00	0.00e+00	0.00e+00	0.00e+00
 3.89818e+11	5.80e-45	1.30e-35	4.77e-27	2.17e-19	1.37e-12	9.22e-07	1.00e+00	0.00e+00	0.00e+00	0.00e+00	0.00e+00	0.00e+00
 4.24617e+11	0.00e+00	0.00e+00	6.11e-27	2.64e-19	1.58e-12	9.94e-07	1.00e+00	0.00e+00	0.00e+00	0.00e+00	0.00e+00	0.00e+00
 4.60780e+11	0.00e+00	2.36e-35	7.84e-27	3.21e-19	1.81e-12	1.07e-06	1.00e+00	0.00e+00	0.00e+00	0.00e+00	0.00e+00	0.00e+00
 5.05807e+11	1.82e-44	3.38e-35	1.06e-26	4.06e-19	2.15e-12	1.17e-06	1.00e+00	0.00e+00	0.00e+00	0.00e+00	0.00e+00	0.00e+00
 5.51411e+11	0.00e+00	4.79e-35	1.41e-26	5.11e-19	2.54e-12	1.28e-06	1.00e+00	0.00e+00	0.00e+00	0.00e+00	0.00e+00	0.00e+00
 5.91158e+11	3.88e-44	6.41e-35	1.80e-26	6.20e-19	2.92e-12	1.38e-06	1.00e+00	0.00e+00	0.00e+00	0.00e+00	0.00e+00	0.00e+00
 6.34239e+11	0.00e+00	8.70e-35	2.32e-26	7.58e-19	3.38e-12	1.50e-06	1.00e+00	0.00e+00	0.00e+00	0.00e+00	0.00e+00	0.00e+00
 6.86725e+11	8.50e-44	1.24e-34	3.12e-26	9.60e-19	4.00e-12	1.64e-06	1.00e+00	0.00e+00	0.00e+00	0.00e+00	0.00e+00	0.00e+00
 7.40150e+11	0.00e+00	1.76e-34	4.17e-26	1.21e-18	4.73e-12	1.80e-06	1.00e+00	0.00e+00	0.00e+00	0.00e+00	0.00e+00	0.00e+00
 7.89150e+11	1.84e-43	2.39e-34	5.38e-26	1.48e-18	5.48e-12	1.95e-06	1.00e+00	0.00e+00	0.00e+00	0.00e+00	0.00e+00	0.00e+00
 8.43681e+11	0.00e+00	3.31e-34	7.08e-26	1.84e-18	6.42e-12	2.12e-06	1.00e+00	0.00e+00	0.00e+00	0.00e+00	0.00e+00	0.00e+00
 9.06956e+11	4.16e-43	4.76e-34	9.59e-26	2.35e-18	7.65e-12	2.33e-06	1.00e+00	0.00e+00	0.00e+00	0.00e+00	0.00e+00	0.00e+00
 9.69417e+11	0.00e+00	6.72e-34	1.28e-25	2.96e-18	9.03e-12	2.55e-06	1.00e+00	0.00e+00	0.00e+00	0.00e+00	0.00e+00	0.00e+00
 1.02921e+12	9.06e-43	9.22e-34	1.67e-25	3.65e-18	1.05e-11	2.77e-06	1.00e+00	0.00e+00	0.00e+00	0.00e+00	0.00e+00	0.00e+00
 1.09514e+12	0.00e+00	1.29e-33	2.21e-25	4.57e-18	1.23e-11	3.03e-06	1.00e+00	0.00e+00	0.00e+00	0.00e+00	0.00e+00	0.00e+00
 1.16887e+12	2.06e-42	1.85e-33	2.98e-25	5.81e-18	1.47e-11	3.32e-06	1.00e+00	0.00e+00	0.00e+00	0.00e+00	0.00e+00	0.00e+00
 1.23588e+12	0.00e+00	2.53e-33	3.88e-25	7.17e-18	1.71e-11	3.61e-06	1.00e+00	0.00e+00	0.00e+00	0.00e+00	0.00e+00	0.00e+00
 1.29222e+12	4.02e-42	3.27e-33	4.81e-25	8.50e-18	1.93e-11	3.86e-06	1.00e+00	0.00e+00	0.00e+00	0.00e+00	0.00e+00	0.00e+00
 1.35417e+12	0.00e+00	4.30e-33	6.05e-25	1.02e-17	2.19e-11	4.14e-06	1.00e+00	0.00e+00	0.00e+00	0.00e+00	0.00e+00	0.00e+00
 1.42410e+12	7.87e-42	5.79e-33	7.76e-25	1.24e-17	2.53e-11	4.47e-06	1.00e+00	0.00e+00	0.00e+00	0.00e+00	0.00e+00	0.00e+00
 1.49106e+12	0.00e+00	7.63e-33	9.77e-25	1.49e-17	2.88e-11	4.80e-06	1.00e+00	0.00e+00	0.00e+00	0.00e+00	0.00e+00	0.00e+00
 1.56476e+12	1.54e-41	1.02e-32	1.25e-24	1.82e-17	3.31e-11	5.18e-06	1.00e+00	0.00e+00	0.00e+00	0.00e+00	0.00e+00	0.00e+00
 1.64663e+12	0.00e+00	1.40e-32	1.63e-24	2.24e-17	3.84e-11	5.62e-06	1.00e+00	0.00e+00	0.00e+00	0.00e+00	0.00e+00	0.00e+00
 1.72333e+12	3.14e-41	1.88e-32	2.07e-24	2.71e-17	4.39e-11	6.03e-06	1.00e+00	0.00e+00	0.00e+00	0.00e+00	0.00e+00	0.00e+00
 1.80728e+12	0.00e+00	2.53e-32	2.66e-24	3.31e-17	5.07e-11	6.52e-06	1.00e+00	0.00e+00	0.00e+00	0.00e+00	0.00e+00	0.00e+00
 1.90124e+12	6.56e-41	3.51e-32	3.50e-24	4.12e-17	5.90e-11	7.09e-06	1.00e+00	0.00e+00	0.00e+00	0.00e+00	0.00e+00	0.00e+00
 1.99079e+12	0.00e+00	4.77e-32	4.51e-24	5.02e-17	6.79e-11	7.64e-06	1.00e+00	0.00e+00	0.00e+00	0.00e+00	0.00e+00	0.00e+00
 2.08947e+12	1.36e-40	6.54e-32	5.88e-24	6.21e-17	7.89e-11	8.30e-06	1.00e+00	0.00e+00	0.00e+00	0.00e+00	0.00e+00	0.00e+00
 2.19400e+12	0.00e+00	9.13e-32	7.75e-24	7.71e-17	9.17e-11	8.99e-06	1.00e+00	0.00e+00	0.00e+00	0.00e+00	0.00e+00	0.00e+00
 2.28559e+12	2.79e-40	1.20e-31	9.76e-24	9.27e-17	1.04e-10	9.65e-06	1.00e+00	0.00e+00	0.00e+00	0.00e+00	0.00e+00	0.00e+00
 2.38379e+12	0.00e+00	1.61e-31	1.24e-23	1.12e-16	1.19e-10	1.04e-05	1.00e+00	0.00e+00	0.00e+00	0.00e+00	0.00e+00	0.00e+00
 2.50305e+12	5.86e-40	2.26e-31	1.65e-23	1.40e-16	1.39e-10	1.13e-05	1.00e+00	0.00e+00	0.00e+00	0.00e+00	0.00e+00	0.00e+00
 2.62154e+12	0.00e+00	3.13e-31	2.16e-23	1.74e-16	1.62e-10	1.22e-05	1.00e+00	0.00e+00	0.00e+00	0.00e+00	0.00e+00	0.00e+00
 2.72602e+12	1.19e-39	4.14e-31	2.73e-23	2.08e-16	1.83e-10	1.31e-05	1.00e+00	0.00e+00	0.00e+00	0.00e+00	0.00e+00	0.00e+00
 2.84042e+12	0.00e+00	5.57e-31	3.49e-23	2.53e-16	2.10e-10	1.41e-05	1.00e+00	0.00e+00	0.00e+00	0.00e+00	0.00e+00	0.00e+00
 2.97814e+12	2.54e-39	7.85e-31	4.65e-23	3.16e-16	2.45e-10	1.53e-05	1.00e+00	0.00e+00	0.00e+00	0.00e+00	0.00e+00	0.00e+00
 3.11602e+12	0.00e+00	1.09e-30	6.12e-23	3.93e-16	2.85e-10	1.66e-05	1.00e+00	0.00e+00	0.00e+00	0.00e+00	0.00e+00	0.00e+00
 3.24142e+12	5.30e-39	1.47e-30	7.81e-23	4.75e-16	3.25e-10	1.78e-05	1.00e+00	0.00e+00	0.00e+00	0.00e+00	0.00e+00	0.00e+00
 3.38076e+12	0.00e+00	2.02e-30	1.01e-22	5.83e-16	3.74e-10	1.92e-05	1.00e+00	0.00e+00	0.00e+00	0.00e+00	0.00e+00	0.00e+00
 3.54367e+12	1.17e-38	2.88e-30	1.36e-22	7.35e-16	4.38e-10	2.09e-05	1.00e+00	0.00e+00	0.00e+00	0.00e+00	0.00e+00	0.00e+00
 3.70445e+12	0.00e+00	4.04e-30	1.80e-22	9.15e-16	5.09e-10	2.26e-05	1.00e+00	0.00e+00	0.00e+00	0.00e+00	0.00e+00	0.00e+00
 3.85635e+12	2.52e-38	5.51e-30	2.33e-22	1.12e-15	5.84e-10	2.43e-05	1.00e+00	0.00e+00	0.00e+00	0.00e+00	0.00e+00	0.00e+00
 4.02521e+12	0.00e+00	7.70e-30	3.07e-22	1.39e-15	6.76e-10	2.63e-05	1.00e+00	0.00e+00	0.00e+00	0.00e+00	0.00e+00	0.00e+00
 4.21615e+12	5.74e-38	1.11e-29	4.14e-22	1.75e-15	7.94e-10	2.86e-05	1.00e+00	0.00e+00	0.00e+00	0.00e+00	0.00e+00	0.00e+00
 4.40796e+12	0.00e+00	1.58e-29	5.55e-22	2.19e-15	9.26e-10	3.11e-05	1.00e+00	0.00e+00	0.00e+00	0.00e+00	0.00e+00	0.00e+00
 4.60744e+12	1.33e-37	2.25e-29	7.43e-22	2.75e-15	1.08e-09	3.37e-05	1.00e+00	0.00e+00	0.00e+00	0.00e+00	0.00e+00	0.00e+00
 4.82167e+12	0.00e+00	3.25e-29	1.00e-21	3.48e-15	1.27e-09	3.67e-05	1.00e+00	0.00e+00	0.00e+00	0.00e+00	0.00e+00	0.00e+00
 5.04446e+12	3.17e-37	4.70e-29	1.36e-21	4.39e-15	1.49e-09	3.99e-05	1.00e+00	0.00e+00	0.00e+00	0.00e+00	0.00e+00	0.00e+00
 5.26373e+12	0.00e+00	6.67e-29	1.81e-21	5.48e-15	1.73e-09	4.32e-05	1.00e+00	0.00e+00	0.00e+00	0.00e+00	0.00e+00	0.00e+00
 5.46769e+12	6.95e-37	9.13e-29	2.34e-21	6.69e-15	1.98e-09	4.63e-05	1.00e+00	0.00e+00	0.00e+00	0.00e+00	0.00e+00	0.00e+00
 5.65177e+12	0.00e+00	1.20e-28	2.94e-21	7.96e-15	2.22e-09	4.93e-05	1.00e+00	0.00e+00	0.00e+00	0.00e+00	0.00e+00	0.00e+00
 5.84914e+12	1.36e-36	1.61e-28	3.72e-21	9.55e-15	2.51e-09	5.25e-05	1.00e+00	0.00e+00	0.00e+00	0.00e+00	0.00e+00	0.00e+00
 6.09488e+12	0.00e+00	2.28e-28	4.94e-21	1.19e-14	2.92e-09	5.67e-05	1.00e+00	0.00e+00	0.00e+00	0.00e+00	0.00e+00	0.00e+00
 6.34128e+12	3.06e-36	3.19e-28	6.51e-21	1.47e-14	3.36e-09	6.11e-05	1.00e+00	0.00e+00	0.00e+00	0.00e+00	0.00e+00	0.00e+00
 6.55313e+12	0.00e+00	4.23e-28	8.19e-21	1.75e-14	3.79e-09	6.50e-05	1.00e+00	0.00e+00	0.00e+00	0.00e+00	0.00e+00	0.00e+00
 6.78227e+12	6.09e-36	5.70e-28	1.04e-20	2.10e-14	4.29e-09	6.93e-05	1.00e+00	0.00e+00	0.00e+00	0.00e+00	0.00e+00	0.00e+00
 7.06498e+12	0.00e+00	8.12e-28	1.39e-20	2.62e-14	4.97e-09	7.48e-05	1.00e+00	0.00e+00	0.00e+00	0.00e+00	0.00e+00	0.00e+00
 7.34759e+12	1.39e-35	1.14e-27	1.84e-20	3.24e-14	5.74e-09	8.06e-05	1.00e+00	0.00e+00	0.00e+00	0.00e+00	0.00e+00	0.00e+00
 7.59161e+12	0.00e+00	1.53e-27	2.32e-20	3.87e-14	6.47e-09	8.57e-05	1.00e+00	0.00e+00	0.00e+00	0.00e+00	0.00e+00	0.00e+00
 7.85521e+12	2.82e-35	2.06e-27	2.96e-20	4.67e-14	7.33e-09	9.13e-05	1.00e+00	0.00e+00	0.00e+00	0.00e+00	0.00e+00	0.00e+00
 8.17924e+12	4.32e-35	2.95e-27	3.96e-20	5.82e-14	8.50e-09	9.86e-05	1.00e+00	0.00e+00	0.00e+00	0.00e+00	0.00e+00	0.00e+00
 8.50633e+12	6.56e-35	4.19e-27	5.26e-20	7.22e-14	9.83e-09	1.06e-04	1.00e+00	0.00e+00	0.00e+00	0.00e+00	0.00e+00	0.00e+00
 8.79613e+12	9.41e-35	5.67e-27	6.71e-20	8.68e-14	1.11e-08	1.13e-04	1.00e+00	0.00e+00	0.00e+00	0.00e+00	0.00e+00	0.00e+00
 9.11299e+12	1.38e-34	7.81e-27	8.68e-20	1.06e-13	1.27e-08	1.21e-04	1.00e+00	0.00e+00	0.00e+00	0.00e+00	0.00e+00	0.00e+00
 9.49289e+12	2.14e-34	1.13e-26	1.17e-19	1.32e-13	1.48e-08	1.31e-04	1.00e+00	0.00e+00	0.00e+00	0.00e+00	0.00e+00	0.00e+00
 9.87147e+12	3.28e-34	1.61e-26	1.56e-19	1.65e-13	1.71e-08	1.41e-04	1.00e+00	0.00e+00	0.00e+00	0.00e+00	0.00e+00	0.00e+00
 1.02164e+13	4.78e-34	2.21e-26	2.01e-19	1.99e-13	1.94e-08	1.50e-04	1.00e+00	0.00e+00	0.00e+00	0.00e+00	0.00e+00	0.00e+00
 1.06009e+13	7.18e-34	3.11e-26	2.64e-19	2.45e-13	2.23e-08	1.61e-04	1.00e+00	0.00e+00	0.00e+00	0.00e+00	0.00e+00	0.00e+00
 1.10496e+13	1.13e-33	4.55e-26	3.59e-19	3.09e-13	2.60e-08	1.74e-04	1.00e+00	0.00e+00	0.00e+00	0.00e+00	0.00e+00	0.00e+00
 1.14918e+13	1.75e-33	6.55e-26	4.81e-19	3.85e-13	3.01e-08	1.87e-04	1.00e+00	0.00e+00	0.00e+00	0.00e+00	0.00e+00	0.00e+00
 1.19104e+13	2.61e-33	9.13e-26	6.29e-19	4.71e-13	3.45e-08	2.01e-04	1.00e+00	0.00e+00	0.00e+00	0.00e+00	0.00e+00	0.00e+00
 1.23756e+13	4.00e-33	1.31e-25	8.38e-19	5.85e-13	3.98e-08	2.16e-04	1.00e+00	0.00e+00	0.00e+00	0.00e+00	0.00e+00	0.00e+00
 1.29005e+13	6.35e-33	1.92e-25	1.14e-18	7.40e-13	4.66e-08	2.34e-04	1.00e+00	0.00e+00	0.00e+00	0.00e+00	0.00e+00	0.00e+00
 1.34281e+13	9.96e-33	2.80e-25	1.55e-18	9.29e-13	5.43e-08	2.52e-04	1.00e+00	0.00e+00	0.00e+00	0.00e+00	0.00e+00	0.00e+00
 1.39768e+13	1.56e-32	4.08e-25	2.09e-18	1.17e-12	6.32e-08	2.72e-04	1.00e+00	0.00e+00	0.00e+00	0.00e+00	0.00e+00	0.00e+00
 1.45658e+13	2.49e-32	6.01e-25	2.86e-18	1.47e-12	7.39e-08	2.95e-04	1.00e+00	0.00e+00	0.00e+00	0.00e+00	0.00e+00	0.00e+00
 1.51363e+13	3.83e-32	8.62e-25	3.82e-18	1.84e-12	8.56e-08	3.17e-04	1.00e+00	0.00e+00	0.00e+00	0.00e+00	0.00e+00	0.00e+00
 1.56730e+13	5.68e-32	1.20e-24	4.97e-18	2.24e-12	9.78e-08	3.39e-04	1.00e+00	0.00e+00	0.00e+00	0.00e+00	0.00e+00	0.00e+00
 1.62733e+13	8.68e-32	1.71e-24	6.61e-18	2.78e-12	1.13e-07	3.65e-04	1.00e+00	0.00e+00	0.00e+00	0.00e+00	0.00e+00	0.00e+00
 1.68783e+13	1.31e-31	2.41e-24	8.72e-18	3.42e-12	1.30e-07	3.92e-04	1.00e+00	0.00e+00	0.00e+00	0.00e+00	0.00e+00	0.00e+00
 1.73810e+13	1.82e-31	3.18e-24	1.09e-17	4.05e-12	1.45e-07	4.15e-04	1.00e+00	0.00e+00	0.00e+00	0.00e+00	0.00e+00	0.00e+00
 1.79134e+13	2.56e-31	4.23e-24	1.37e-17	4.82e-12	1.63e-07	4.40e-04	1.00e+00	0.00e+00	0.00e+00	0.00e+00	0.00e+00	0.00e+00
 1.85936e+13	3.90e-31	6.00e-24	1.82e-17	5.97e-12	1.88e-07	4.73e-04	1.00e+00	0.00e+00	0.00e+00	0.00e+00	0.00e+00	0.00e+00
 1.93068e+13	6.02e-31	8.65e-24	2.45e-17	7.42e-12	2.18e-07	5.09e-04	9.99e-01	0.00e+00	0.00e+00	0.00e+00	0.00e+00	0.00e+00
 1.99384e+13	8.58e-31	1.16e-23	3.10e-17	8.93e-12	2.47e-07	5.43e-04	9.99e-01	0.00e+00	0.00e+00	0.00e+00	0.00e+00	0.00e+00
 2.06229e+13	1.25e-30	1.60e-23	4.01e-17	1.08e-11	2.81e-07	5.80e-04	9.99e-01	0.00e+00	0.00e+00	0.00e+00	0.00e+00	0.00e+00
 2.14449e+13	1.94e-30	2.31e-23	5.40e-17	1.36e-11	3.27e-07	6.27e-04	9.99e-01	0.00e+00	0.00e+00	0.00e+00	0.00e+00	0.00e+00
 2.22771e+13	2.98e-30	3.31e-23	7.22e-17	1.69e-11	3.79e-07	6.76e-04	9.99e-01	0.00e+00	0.00e+00	0.00e+00	0.00e+00	0.00e+00
 2.30574e+13	4.40e-30	4.58e-23	9.39e-17	2.07e-11	4.33e-07	7.23e-04	9.99e-01	0.00e+00	0.00e+00	0.00e+00	0.00e+00	0.00e+00
 2.38103e+13	6.30e-30	6.19e-23	1.20e-16	2.49e-11	4.90e-07	7.71e-04	9.99e-01	0.00e+00	0.00e+00	0.00e+00	0.00e+00	0.00e+00
 2.46603e+13	9.33e-30	8.61e-23	1.57e-16	3.05e-11	5.62e-07	8.27e-04	9.99e-01	0.00e+00	0.00e+00	0.00e+00	0.00e+00	0.00e+00
 2.55982e+13	1.42e-29	1.22e-22	2.08e-16	3.79e-11	6.50e-07	8.91e-04	9.99e-01	0.00e+00	0.00e+00	0.00e+00	0.00e+00	0.00e+00
 2.64637e+13	2.06e-29	1.67e-22	2.68e-16	4.60e-11	7.40e-07	9.52e-04	9.99e-01	0.00e+00	0.00e+00	0.00e+00	0.00e+00	0.00e+00
 2.74022e+13	3.04e-29	2.32e-22	3.50e-16	5.63e-11	8.48e-07	1.02e-03	9.99e-01	0.00e+00	0.00e+00	0.00e+00	0.00e+00	0.00e+00
 2.84499e+13	4.62e-29	3.31e-22	4.66e-16	7.00e-11	9.81e-07	1.10e-03	9.99e-01	0.00e+00	0.00e+00	0.00e+00	0.00e+00	0.00e+00
 2.94344e+13	6.76e-29	4.56e-22	6.05e-16	8.54e-11	1.12e-06	1.18e-03	9.99e-01	0.00e+00	0.00e+00	0.00e+00	0.00e+00	0.00e+00
 3.05091e+13	1.01e-28	6.38e-22	7.96e-16	1.05e-10	1.29e-06	1.27e-03	9.99e-01	0.00e+00	0.00e+00	0.00e+00	0.00e+00	0.00e+00
 3.17031e+13	1.55e-28	9.16e-22	1.07e-15	1.32e-10	1.50e-06	1.37e-03	9.99e-01	0.00e+00	0.00e+00	0.00e+00	0.00e+00	0.00e+00
 3.28193e+13	2.28e-28	1.27e-21	1.39e-15	1.61e-10	1.72e-06	1.47e-03	9.99e-01	0.00e+00	0.00e+00	0.00e+00	0.00e+00	0.00e+00
 3.40308e+13	3.43e-28	1.79e-21	1.84e-15	1.99e-10	1.98e-06	1.58e-03	9.98e-01	0.00e+00	0.00e+00	0.00e+00	0.00e+00	0.00e+00
 3.53839e+13	5.30e-28	2.58e-21	2.47e-15	2.50e-10	2.30e-06	1.71e-03	9.98e-01	0.00e+00	0.00e+00	0.00e+00	0.00e+00	0.00e+00
 3.66712e+13	7.92e-28	3.62e-21	3.26e-15	3.08e-10	2.65e-06	1.84e-03	9.98e-01	0.00e+00	0.00e+00	0.00e+00	0.00e+00	0.00e+00
 3.80481e+13	1.20e-27	5.12e-21	4.32e-15	3.82e-10	3.06e-06	1.98e-03	9.98e-01	0.00e+00	0.00e+00	0.00e+00	0.00e+00	0.00e+00
 3.96000e+13	1.87e-27	7.47e-21	5.87e-15	4.83e-10	3.59e-06	2.15e-03	9.98e-01	0.00e+00	0.00e+00	0.00e+00	0.00e+00	0.00e+00
 4.11306e+13	2.87e-27	1.07e-20	7.86e-15	6.03e-10	4.16e-06	2.32e-03	9.98e-01	0.00e+00	0.00e+00	0.00e+00	0.00e+00	0.00e+00
 4.27225e+13	4.41e-27	1.53e-20	1.05e-14	7.54e-10	4.83e-06	2.51e-03	9.97e-01	0.00e+00	0.00e+00	0.00e+00	0.00e+00	0.00e+00
 4.43544e+13	6.73e-27	2.19e-20	1.41e-14	9.39e-10	5.60e-06	2.70e-03	9.97e-01	0.00e+00	0.00e+00	0.00e+00	0.00e+00	0.00e+00
 4.58672e+13	9.84e-27	3.02e-20	1.82e-14	1.14e-09	6.38e-06	2.89e-03	9.97e-01	0.00e+00	0.00e+00	0.00e+00	0.00e+00	0.00e+00
 4.75474e+13	1.48e-26	4.25e-20	2.41e-14	1.41e-09	7.36e-06	3.11e-03	9.97e-01	0.00e+00	0.00e+00	0.00e+00	0.00e+00	0.00e+00
 4.93925e+13	2.28e-26	6.11e-20	3.23e-14	1.77e-09	8.54e-06	3.36e-03	9.97e-01	0.00e+00	0.00e+00	0.00e+00	0.00e+00	0.00e+00
 5.10999e+13	3.36e-26	8.47e-20	4.20e-14	2.16e-09	9.76e-06	3.60e-03	9.96e-01	0.00e+00	0.00e+00	0.00e+00	0.00e+00	0.00e+00
 5.25993e+13	4.67e-26	1.12e-19	5.26e-14	2.56e-09	1.09e-05	3.81e-03	9.96e-01	0.00e+00	0.00e+00	0.00e+00	0.00e+00	0.00e+00
 5.41864e+13	6.55e-26	1.48e-19	6.63e-14	3.05e-09	1.23e-05	4.05e-03	9.96e-01	0.00e+00	0.00e+00	0.00e+00	0.00e+00	0.00e+00
 5.62001e+13	9.93e-26	2.11e-19	8.79e-14	3.78e-09	1.42e-05	4.36e-03	9.96e-01	0.00e+00	0.00e+00	0.00e+00	0.00e+00	0.00e+00
 5.82409e+13	1.50e-25	2.97e-19	1.16e-13	4.66e-09	1.63e-05	4.68e-03	9.95e-01	0.00e+00	0.00e+00	0.00e+00	0.00e+00	0.00e+00
 5.99663e+13	2.09e-25	3.94e-19	1.46e-13	5.54e-09	1.83e-05	4.96e-03	9.95e-01	0.00e+00	0.00e+00	0.00e+00	0.00e+00	0.00e+00
 6.18094e+13	2.96e-25	5.27e-19	1.84e-13	6.62e-09	2.07e-05	5.27e-03	9.95e-01	0.00e+00	0.00e+00	0.00e+00	0.00e+00	0.00e+00
 6.41231e+13	4.52e-25	7.51e-19	2.46e-13	8.22e-09	2.39e-05	5.67e-03	9.94e-01	0.00e+00	0.00e+00	0.00e+00	0.00e+00	0.00e+00
 6.65117e+13	6.88e-25	1.07e-18	3.27e-13	1.02e-08	2.76e-05	6.11e-03	9.94e-01	0.00e+00	0.00e+00	0.00e+00	0.00e+00	0.00e+00
 6.86172e+13	9.86e-25	1.45e-18	4.17e-13	1.23e-08	3.12e-05	6.50e-03	9.93e-01	0.00e+00	0.00e+00	0.00e+00	0.00e+00	0.00e+00
 7.08916e+13	1.44e-24	1.98e-18	5.37e-13	1.49e-08	3.54e-05	6.94e-03	9.93e-01	0.00e+00	0.00e+00	0.00e+00	0.00e+00	0.00e+00
 7.36356e+13	2.22e-24	2.86e-18	7.23e-13	1.86e-08	4.12e-05	7.49e-03	9.92e-01	0.00e+00	0.00e+00	0.00e+00	0.00e+00	0.00e+00
 7.63561e+13	3.37e-24	4.06e-18	9.59e-13	2.30e-08	4.75e-05	8.05e-03	9.92e-01	0.00e+00	0.00e+00	0.00e+00	0.00e+00	0.00e+00
 7.87746e+13	4.84e-24	5.49e-18	1.22e-12	2.77e-08	5.37e-05	8.57e-03	9.91e-01	0.00e+00	0.00e+00	0.00e+00	0.00e+00	0.00e+00
 8.14343e+13	7.07e-24	7.55e-18	1.58e-12	3.37e-08	6.12e-05	9.16e-03	9.91e-01	0.00e+00	0.00e+00	0.00e+00	0.00e+00	0.00e+00
 8.46114e+13	1.10e-23	1.09e-17	2.13e-12	4.22e-08	7.12e-05	9.89e-03	9.90e-01	0.00e+00	0.00e+00	0.00e+00	0.00e+00	0.00e+00
 8.77670e+13	1.67e-23	1.55e-17	2.84e-12	5.24e-08	8.22e-05	1.06e-02	9.89e-01	0.00e+00	0.00e+00	0.00e+00	0.00e+00	0.00e+00
 9.06408e+13	2.41e-23	2.12e-17	3.65e-12	6.34e-08	9.34e-05	1.14e-02	9.89e-01	0.00e+00	0.00e+00	0.00e+00	0.00e+00	0.00e+00
 9.38422e+13	3.58e-23	2.95e-17	4.78e-12	7.78e-08	1.07e-04	1.22e-02	9.88e-01	0.00e+00	0.00e+00	0.00e+00	0.00e+00	0.00e+00
 9.75797e+13	5.57e-23	4.29e-17	6.47e-12	9.80e-08	1.25e-04	1.32e-02	9.87e-01	0.00e+00	0.00e+00	0.00e+00	0.00e+00	0.00e+00
 1.01256e+14	8.48e-23	6.10e-17	8.62e-12	1.22e-07	1.44e-04	1.42e-02	9.86e-01	0.00e+00	0.00e+00	0.00e+00	0.00e+00	0.00e+00
 1.04714e+14	1.24e-22	8.40e-17	1.12e-11	1.49e-07	1.65e-04	1.52e-02	9.85e-01	0.00e+00	0.00e+00	0.00e+00	0.00e+00	0.00e+00
 1.08567e+14	1.85e-22	1.18e-16	1.48e-11	1.84e-07	1.90e-04	1.64e-02	9.83e-01	0.00e+00	0.00e+00	0.00e+00	0.00e+00	0.00e+00
 1.12940e+14	2.87e-22	1.72e-16	2.00e-11	2.32e-07	2.22e-04	1.78e-02	9.82e-01	0.00e+00	0.00e+00	0.00e+00	0.00e+00	0.00e+00
 1.17307e+14	4.37e-22	2.45e-16	2.68e-11	2.90e-07	2.58e-04	1.92e-02	9.81e-01	0.00e+00	0.00e+00	0.00e+00	0.00e+00	0.00e+00
 1.21525e+14	6.46e-22	3.41e-16	3.51e-11	3.57e-07	2.96e-04	2.06e-02	9.79e-01	0.00e+00	0.00e+00	0.00e+00	0.00e+00	0.00e+00
 1.25185e+14	8.93e-22	4.50e-16	4.41e-11	4.25e-07	3.33e-04	2.20e-02	9.78e-01	0.00e+00	0.00e+00	0.00e+00	0.00e+00	0.00e+00
 1.28241e+14	1.16e-21	5.63e-16	5.30e-11	4.90e-07	3.66e-04	2.31e-02	9.77e-01	0.00e+00	0.00e+00	0.00e+00	0.00e+00	0.00e+00
 1.31637e+14	1.54e-21	7.15e-16	6.46e-11	5.72e-07	4.06e-04	2.44e-02	9.75e-01	0.00e+00	0.00e+00	0.00e+00	0.00e+00	0.00e+00
 1.36051e+14	2.20e-21	9.70e-16	8.31e-11	6.94e-07	4.62e-04	2.61e-02	9.73e-01	0.00e+00	0.00e+00	0.00e+00	0.00e+00	0.00e+00
 1.40707e+14	3.14e-21	1.32e-15	1.07e-10	8.45e-07	5.27e-04	2.80e-02	9.71e-01	0.00e+00	0.00e+00	0.00e+00	0.00e+00	0.00e+00
 1.44727e+14	4.24e-21	1.71e-15	1.33e-10	9.97e-07	5.88e-04	2.97e-02	9.70e-01	0.00e+00	0.00e+00	0.00e+00	0.00e+00	0.00e+00
 1.49005e+14	5.74e-21	2.22e-15	1.65e-10	1.18e-06	6.59e-04	3.16e-02	9.68e-01	0.00e+00	0.00e+00	0.00e+00	0.00e+00	0.00e+00
 1.54466e+14	8.38e-21	3.07e-15	2.17e-10	1.46e-06	7.58e-04	3.40e-02	9.65e-01	0.00e+00	0.00e+00	0.00e+00	0.00e+00	0.00e+00
 1.60083e+14	1.21e-20	4.24e-15	2.83e-10	1.80e-06	8.72e-04	3.67e-02	9.62e-01	0.00e+00	0.00e+00	0.00e+00	0.00e+00	0.00e+00
 1.64896e+14	1.65e-20	5.53e-15	3.54e-10	2.14e-06	9.78e-04	3.91e-02	9.60e-01	0.00e+00	0.00e+00	0.00e+00	0.00e+00	0.00e+00
 1.70047e+14	2.25e-20	7.26e-15	4.45e-10	2.56e-06	1.10e-03	4.17e-02	9.57e-01	0.00e+00	0.00e+00	0.00e+00	0.00e+00	0.00e+00
 1.76434e+14	3.28e-20	1.01e-14	5.87e-10	3.18e-06	1.27e-03	4.51e-02	9.54e-01	0.00e+00	0.00e+00	0.00e+00	0.00e+00	0.00e+00
 1.82979e+14	4.74e-20	1.39e-14	7.70e-10	3.93e-06	1.46e-03	4.87e-02	9.50e-01	0.00e+00	0.00e+00	0.00e+00	0.00e+00	0.00e+00
 1.88809e+14	6.50e-20	1.84e-14	9.73e-10	4.72e-06	1.65e-03	5.21e-02	9.46e-01	0.00e+00	0.00e+00	0.00e+00	0.00e+00	0.00e+00
 1.95156e+14	9.01e-20	2.45e-14	1.24e-09	5.73e-06	1.88e-03	5.59e-02	9.42e-01	0.00e+00	0.00e+00	0.00e+00	0.00e+00	0.00e+00
 2.02733e+14	1.32e-19	3.44e-14	1.65e-09	7.15e-06	2.17e-03	6.06e-02	9.37e-01	0.00e+00	0.00e+00	0.00e+00	0.00e+00	0.00e+00
 2.10207e+14	1.89e-19	4.72e-14	2.16e-09	8.83e-06	2.50e-03	6.54e-02	9.32e-01	0.00e+00	0.00e+00	0.00e+00	0.00e+00	0.00e+00
 2.16934e+14	2.57e-19	6.22e-14	2.73e-09	1.06e-05	2.81e-03	6.99e-02	9.27e-01	0.00e+00	0.00e+00	0.00e+00	0.00e+00	0.00e+00
 2.24395e+14	3.60e-19	8.38e-14	3.52e-09	1.29e-05	3.20e-03	7.50e-02	9.22e-01	0.00e+00	0.00e+00	0.00e+00	0.00e+00	0.00e+00
 2.33199e+14	5.26e-19	1.18e-13	4.68e-09	1.61e-05	3.70e-03	8.13e-02	9.15e-01	0.00e+00	0.00e+00	0.00e+00	0.00e+00	0.00e+00
 2.41895e+14	7.55e-19	1.62e-13	6.15e-09	1.99e-05	4.25e-03	8.77e-02	9.08e-01	0.00e+00	0.00e+00	0.00e+00	0.00e+00	0.00e+00
 2.49939e+14	1.04e-18	2.17e-13	7.85e-09	2.41e-05	4.80e-03	9.38e-02	9.01e-01	0.00e+00	0.00e+00	0.00e+00	0.00e+00	0.00e+00
 2.58966e+14	1.48e-18	2.96e-13	1.02e-08	2.95e-05	5.48e-03	1.01e-01	8.94e-01	0.00e+00	0.00e+00	0.00e+00	0.00e+00	0.00e+00
 2.69355e+14	2.19e-18	4.20e-13	1.37e-08	3.70e-05	6.34e-03	1.09e-01	8.84e-01	0.00e+00	0.00e+00	0.00e+00	0.00e+00	0.00e+00
 2.79532e+14	3.16e-18	5.85e-13	1.81e-08	4.58e-05	7.27e-03	1.18e-01	8.75e-01	0.00e+00	0.00e+00	0.00e+00	0.00e+00	0.00e+00
 2.90116e+14	4.58e-18	8.15e-13	2.39e-08	5.67e-05	8.34e-03	1.27e-01	8.65e-01	0.00e+00	0.00e+00	0.00e+00	0.00e+00	0.00e+00
 3.01750e+14	6.80e-18	1.16e-12	3.21e-08	7.09e-05	9.63e-03	1.37e-01	8.53e-01	0.00e+00	0.00e+00	0.00e+00	0.00e+00	0.00e+00
 3.11597e+14	9.40e-18	1.55e-12	4.09e-08	8.52e-05	1.08e-02	1.46e-01	8.43e-01	0.00e+00	0.00e+00	0.00e+00	0.00e+00	0.00e+00
 3.18804e+14	1.18e-17	1.90e-12	4.85e-08	9.70e-05	1.17e-02	1.52e-01	8.36e-01	0.00e+00	0.00e+00	0.00e+00	0.00e+00	0.00e+00
 3.26373e+14	1.50e-17	2.35e-12	5.79e-08	1.11e-04	1.28e-02	1.59e-01	8.28e-01	0.00e+00	0.00e+00	0.00e+00	0.00e+00	0.00e+00
 3.36212e+14	2.03e-17	3.07e-12	7.23e-08	1.31e-04	1.42e-02	1.68e-01	8.17e-01	0.00e+00	0.00e+00	0.00e+00	0.00e+00	0.00e+00
 3.47062e+14	2.86e-17	4.11e-12	9.18e-08	1.57e-04	1.59e-02	1.78e-01	8.06e-01	0.00e+00	0.00e+00	1.65e-17	8.61e-18	2.89e-18
 3.57098e+14	3.84e-17	5.32e-12	1.14e-07	1.84e-04	1.76e-02	1.88e-01	7.95e-01	0.00e+00	0.00e+00	2.20e-17	1.16e-17	3.88e-18
 3.68018e+14	5.24e-17	7.01e-12	1.43e-07	2.18e-04	1.96e-02	1.98e-01	7.82e-01	0.00e+00	0.00e+00	3.01e-17	1.58e-17	5.27e-18
 3.80295e+14	7.37e-17	9.46e-12	1.82e-07	2.62e-04	2.19e-02	2.10e-01	7.68e-01	0.00e+00	0.00e+00	4.24e-17	2.23e-17	7.39e-18
 3.91988e+14	1.01e-16	1.25e-11	2.29e-07	3.09e-04	2.44e-02	2.21e-01	7.54e-01	0.00e+00	0.00e+00	5.82e-17	3.05e-17	1.01e-17
 4.04843e+14	1.42e-16	1.68e-11	2.91e-07	3.70e-04	2.72e-02	2.33e-01	7.39e-01	0.00e+00	0.00e+00	8.16e-17	4.27e-17	1.41e-17
 4.19218e+14	2.05e-16	2.32e-11	3.78e-07	4.48e-04	3.06e-02	2.47e-01	7.22e-01	0.00e+00	0.00e+00	1.18e-16	6.18e-17	2.03e-17
 4.32875e+14	2.87e-16	3.11e-11	4.80e-07	5.33e-04	3.41e-02	2.60e-01	7.06e-01	0.00e+00	0.00e+00	1.66e-16	8.66e-17	2.84e-17
 4.47933e+14	4.13e-16	4.26e-11	6.18e-07	6.42e-04	3.82e-02	2.73e-01	6.88e-01	0.00e+00	0.00e+00	2.39e-16	1.25e-16	4.07e-17
 4.64806e+14	6.14e-16	5.99e-11	8.13e-07	7.83e-04	4.31e-02	2.89e-01	6.67e-01	0.00e+00	0.00e+00	3.55e-16	1.85e-16	6.05e-17
 4.80728e+14	8.81e-16	8.16e-11	1.04e-06	9.37e-04	4.81e-02	3.03e-01	6.48e-01	0.00e+00	0.00e+00	5.10e-16	2.66e-16	8.66e-17
 4.98069e+14	1.29e-15	1.13e-10	1.35e-06	1.13e-03	5.38e-02	3.18e-01	6.27e-01	0.00e+00	0.00e+00	7.47e-16	3.89e-16	1.27e-16
 5.17345e+14	1.95e-15	1.60e-10	1.78e-06	1.38e-03	6.06e-02	3.34e-01	6.04e-01	0.00e+00	0.00e+00	1.13e-15	5.86e-16	1.90e-16
 5.35426e+14	2.83e-15	2.19e-10	2.29e-06	1.65e-03	6.73e-02	3.48e-01	5.83e-01	0.00e+00	0.00e+00	1.64e-15	8.52e-16	2.76e-16
 5.54908e+14	4.17e-15	3.04e-10	2.96e-06	1.98e-03	7.50e-02	3.63e-01	5.60e-01	0.00e+00	0.00e+00	2.42e-15	1.26e-15	4.06e-16
 5.76633e+14	6.36e-15	4.32e-10	3.90e-06	2.40e-03	8.41e-02	3.79e-01	5.34e-01	0.00e+00	0.00e+00	3.69e-15	1.92e-15	6.18e-16
 5.97498e+14	9.38e-15	5.95e-10	5.02e-06	2.87e-03	9.32e-02	3.93e-01	5.11e-01	0.00e+00	0.00e+00	5.44e-15	2.83e-15	9.11e-16
 6.19700e+14	1.40e-14	8.28e-10	6.49e-06	3.44e-03	1.03e-01	4.07e-01	4.86e-01	0.00e+00	0.00e+00	8.13e-15	4.22e-15	1.36e-15
 6.44518e+14	2.16e-14	1.18e-09	8.54e-06	4.16e-03	1.15e-01	4.21e-01	4.60e-01	0.00e+00	0.00e+00	1.25e-14	6.50e-15	2.09e-15
 6.65394e+14	3.07e-14	1.57e-09	1.07e-05	4.85e-03	1.26e-01	4.32e-01	4.38e-01	0.00e+00	0.00e+00	1.78e-14	9.25e-15	2.97e-15
 6.80410e+14	3.92e-14	1.91e-09	1.24e-05	5.39e-03	1.33e-01	4.39e-01	4.23e-01	0.00e+00	0.00e+00	2.27e-14	1.18e-14	3.79e-15
 6.96034e+14	5.03e-14	2.34e-09	1.45e-05	6.00e-03	1.41e-01	4.45e-01	4.07e-01	0.00e+00	0.00e+00	2.92e-14	1.52e-14	4.87e-15
 7.16345e+14	6.90e-14	3.01e-09	1.77e-05	6.85e-03	1.52e-01	4.53e-01	3.88e-01	0.00e+00	0.00e+00	4.01e-14	2.08e-14	6.67e-15
 7.39012e+14	9.73e-14	3.96e-09	2.18e-05	7.90e-03	1.64e-01	4.61e-01	3.67e-01	0.00e+00	0.00e+00	5.65e-14	2.94e-14	9.40e-15
 7.60260e+14	1.33e-13	5.07e-09	2.63e-05	8.98e-03	1.76e-01	4.67e-01	3.48e-01	0.00e+00	0.00e+00	7.72e-14	4.01e-14	1.28e-14
 7.83400e+14	1.85e-13	6.58e-09	3.21e-05	1.03e-02	1.88e-01	4.72e-01	3.29e-01	0.00e+00	0.00e+00	1.07e-13	5.58e-14	1.79e-14
 8.09282e+14	2.64e-13	8.71e-09	3.97e-05	1.18e-02	2.03e-01	4.77e-01	3.08e-01	0.00e+00	0.00e+00	1.54e-13	7.98e-14	2.55e-14
 8.33693e+14	3.66e-13	1.12e-08	4.82e-05	1.34e-02	2.17e-01	4.80e-01	2.89e-01	0.00e+00	0.00e+00	2.13e-13	1.11e-13	3.53e-14
 8.60394e+14	5.17e-13	1.47e-08	5.91e-05	1.54e-02	2.32e-01	4.83e-01	2.70e-01	0.00e+00	0.00e+00	3.00e-13	1.56e-13	4.99e-14
 8.90332e+14	7.51e-13	1.96e-08	7.35e-05	1.77e-02	2.49e-01	4.84e-01	2.50e-01	0.00e+00	0.00e+00	4.36e-13	2.27e-13	7.24e-14
 9.18755e+14	1.06e-12	2.56e-08	8.95e-05	2.01e-02	2.65e-01	4.83e-01	2.32e-01	0.00e+00	0.00e+00	6.14e-13	3.19e-13	1.02e-13
 9.49981e+14	1.52e-12	3.38e-08	1.10e-04	2.30e-02	2.82e-01	4.81e-01	2.13e-01	0.00e+00	0.00e+00	8.83e-13	4.59e-13	1.47e-13
 9.84778e+14	2.24e-12	4.54e-08	1.38e-04	2.65e-02	3.01e-01	4.78e-01	1.95e-01	0.00e+00	0.00e+00	1.30e-12	6.77e-13	2.16e-13
 1.01710e+15	3.17e-12	5.92e-08	1.67e-04	3.00e-02	3.18e-01	4.73e-01	1.78e-01	0.00e+00	0.00e+00	1.84e-12	9.57e-13	3.05e-13
 1.05201e+15	4.55e-12	7.79e-08	2.05e-04	3.41e-02	3.37e-01	4.67e-01	1.62e-01	0.00e+00	0.00e+00	2.64e-12	1.38e-12	4.39e-13
 1.09113e+15	6.70e-12	1.04e-07	2.55e-04	3.90e-02	3.56e-01	4.58e-01	1.46e-01	0.00e+00	0.00e+00	3.90e-12	2.03e-12	6.47e-13
 1.12783e+15	9.49e-12	1.36e-07	3.09e-04	4.39e-02	3.74e-01	4.49e-01	1.32e-01	0.00e+00	0.00e+00	5.52e-12	2.87e-12	9.16e-13
 1.16766e+15	1.37e-11	1.79e-07	3.78e-04	4.96e-02	3.93e-01	4.39e-01	1.19e-01	0.00e+00	0.00e+00	7.97e-12	4.15e-12	1.32e-12
 1.20990e+15	1.98e-11	2.36e-07	4.64e-04	5.61e-02	4.11e-01	4.26e-01	1.06e-01	0.00e+00	0.00e+00	1.15e-11	5.99e-12	1.91e-12
 1.24671e+15	2.69e-11	2.97e-07	5.49e-04	6.20e-02	4.27e-01	4.15e-01	9.57e-02	0.00e+00	0.00e+00	1.57e-11	8.16e-12	2.60e-12
 1.27830e+15	3.48e-11	3.60e-07	6.32e-04	6.73e-02	4.39e-01	4.05e-01	8.78e-02	0.00e+00	0.00e+00	2.03e-11	1.05e-11	3.37e-12
 1.31170e+15	4.53e-11	4.38e-07	7.29e-04	7.31e-02	4.51e-01	3.94e-01	8.02e-02	0.00e+00	0.00e+00	2.64e-11	1.37e-11	4.38e-12
 1.35512e+15	6.34e-11	5.62e-07	8.73e-04	8.11e-02	4.67e-01	3.80e-01	7.13e-02	0.00e+00	0.00e+00	3.69e-11	1.92e-11	6.13e-12
 1.39880e+15	8.74e-11	7.14e-07	1.04e-03	8.94e-02	4.80e-01	3.66e-01	6.33e-02	0.00e+00	0.00e+00	5.09e-11	2.65e-11	8.46e-12
 1.43388e+15	1.12e-10	8.60e-07	1.18e-03	9.63e-02	4.91e-01	3.54e-01	5.76e-02	0.00e+00	0.00e+00	6.53e-11	3.40e-11	1.09e-11
 1.47052e+15	1.45e-10	1.04e-06	1.35e-03	1.04e-01	5.01e-01	3.42e-01	5.22e-02	0.00e+00	0.00e+00	8.46e-11	4.41e-11	1.41e-11
 1.51815e+15	2.01e-10	1.32e-06	1.60e-03	1.14e-01	5.12e-01	3.26e-01	4.59e-02	0.00e+00	0.00e+00	1.17e-10	6.10e-11	1.95e-11
 1.56780e+15	2.77e-10	1.67e-06	1.90e-03	1.25e-01	5.23e-01	3.10e-01	4.02e-02	0.00e+00	0.00e+00	1.61e-10	8.39e-11	2.68e-11
 1.61031e+15	3.60e-10	2.03e-06	2.18e-03	1.34e-01	5.31e-01	2.97e-01	3.59e-02	0.00e+00	0.00e+00	2.09e-10	1.09e-10	3.49e-11
 1.65584e+15	4.77e-10	2.50e-06	2.51e-03	1.45e-01	5.38e-01	2.83e-01	3.18e-02	0.00e+00	0.00e+00	2.77e-10	1.45e-10	4.62e-11
 1.71501e+15	6.76e-10	3.23e-06	3.01e-03	1.59e-01	5.46e-01	2.65e-01	2.72e-02	0.00e+00	0.00e+00	3.94e-10	2.05e-10	6.57e-11
 1.77533e+15	9.43e-10	4.14e-06	3.57e-03	1.73e-01	5.52e-01	2.48e-01	2.32e-02	0.00e+00	0.00e+00	5.49e-10	2.86e-10	9.16e-11
 1.82414e+15	1.22e-09	5.01e-06	4.09e-03	1.85e-01	5.56e-01	2.34e-01	2.05e-02	0.00e+00	0.00e+00	7.11e-10	3.71e-10	1.19e-10
 1.87463e+15	1.59e-09	6.10e-06	4.68e-03	1.98e-01	5.59e-01	2.21e-01	1.79e-02	0.00e+00	0.00e+00	9.28e-10	4.84e-10	1.55e-10
 1.94026e+15	2.23e-09	7.80e-06	5.54e-03	2.14e-01	5.60e-01	2.05e-01	1.51e-02	0.00e+00	0.00e+00	1.30e-09	6.77e-10	2.17e-10
 2.00831e+15	3.07e-09	9.91e-06	6.54e-03	2.32e-01	5.60e-01	1.89e-01	1.27e-02	0.00e+00	0.00e+00	1.79e-09	9.34e-10	3.00e-10
 2.06561e+15	3.98e-09	1.20e-05	7.47e-03	2.46e-01	5.59e-01	1.76e-01	1.10e-02	0.00e+00	0.00e+00	2.32e-09	1.21e-09	3.89e-10
 2.12620e+15	5.25e-09	1.47e-05	8.58e-03	2.62e-01	5.56e-01	1.64e-01	9.44e-03	0.00e+00	0.00e+00	3.05e-09	1.60e-09	5.13e-10
 2.19160e+15	6.92e-09	1.81e-05	9.90e-03	2.79e-01	5.52e-01	1.51e-01	8.02e-03	0.00e+00	0.00e+00	4.03e-09	2.11e-09	6.77e-10
 2.25015e+15	8.78e-09	2.16e-05	1.12e-02	2.94e-01	5.47e-01	1.41e-01	6.95e-03	0.00e+00	0.00e+00	5.11e-09	2.67e-09	8.59e-10
 2.30215e+15	1.08e-08	2.52e-05	1.24e-02	3.07e-01	5.42e-01	1.32e-01	6.11e-03	0.00e+00	0.00e+00	6.28e-09	3.28e-09	1.06e-09
 2.35875e+15	1.35e-08	2.99e-05	1.39e-02	3.22e-01	5.36e-01	1.23e-01	5.31e-03	0.00e+00	0.00e+00	7.88e-09	4.12e-09	1.33e-09
 2.42113e+15	1.71e-08	3.56e-05	1.57e-02	3.38e-01	5.28e-01	1.13e-01	4.56e-03	0.00e+00	0.00e+00	9.95e-09	5.21e-09	1.68e-09
 2.48148e+15	2.13e-08	4.19e-05	1.76e-02	3.53e-01	5.20e-01	1.05e-01	3.94e-03	0.00e+00	0.00e+00	1.24e-08	6.49e-09	2.09e-09
 2.54011e+15	2.62e-08	4.90e-05	1.95e-02	3.68e-01	5.12e-01	9.73e-02	3.42e-03	0.00e+00	0.00e+00	1.52e-08	7.98e-09	2.58e-09
 2.60611e+15	3.32e-08	5.84e-05	2.20e-02	3.84e-01	5.02e-01	8.92e-02	2.91e-03	0.00e+00	0.00e+00	1.93e-08	1.01e-08	3.27e-09
 2.67970e+15	4.24e-08	7.02e-05	2.49e-02	4.02e-01	4.90e-01	8.11e-02	2.44e-03	0.00e+00	0.00e+00	2.47e-08	1.29e-08	4.18e-09
 2.74917e+15	5.29e-08	8.30e-05	2.80e-02	4.18e-01	4.78e-01	7.40e-02	2.07e-03	0.00e+00	0.00e+00	3.08e-08	1.61e-08	5.22e-09
 2.81306e+15	6.46e-08	9.65e-05	3.10e-02	4.32e-01	4.67e-01	6.80e-02	1.78e-03	0.00e+00	0.00e+00	3.76e-08	1.97e-08	6.38e-09
 2.88369e+15	8.12e-08	1.14e-04	3.47e-02	4.48e-01	4.54e-01	6.18e-02	1.50e-03	0.00e+00	0.00e+00	4.72e-08	2.48e-08	8.03e-09
 2.96334e+15	1.03e-07	1.37e-04	3.93e-02	4.65e-01	4.38e-01	5.55e-02	1.24e-03	0.00e+00	0.00e+00	6.02e-08	3.16e-08	1.02e-08
 3.03920e+15	1.29e-07	1.62e-04	4.40e-02	4.81e-01	4.24e-01	5.01e-02	1.04e-03	0.00e+00	0.00e+00	7.48e-08	3.92e-08	1.27e-08
 3.10914e+15	1.56e-07	1.88e-04	4.88e-02	4.95e-01	4.10e-01	4.56e-02	8.84e-04	0.00e+00	0.00e+00	9.09e-08	4.77e-08	1.55e-08
 3.18690e+15	1.98e-07	2.24e-04	5.48e-02	5.09e-01	3.94e-01	4.08e-02	7.31e-04	0.00e+00	0.00e+00	1.15e-07	6.03e-08	1.96e-08
 3.27297e+15	2.50e-07	2.68e-04	6.19e-02	5.24e-01	3.77e-01	3.61e-02	5.97e-04	0.00e+00	0.00e+00	1.46e-07	7.65e-08	2.49e-08
 3.35342e+15	3.10e-07	3.15e-04	6.92e-02	5.37e-01	3.61e-01	3.22e-02	4.94e-04	0.00e+00	0.00e+00	1.81e-07	9.48e-08	3.09e-08
 3.42868e+15	3.80e-07	3.67e-04	7.67e-02	5.48e-01	3.45e-01	2.89e-02	4.13e-04	0.00e+00	0.00e+00	2.21e-07	1.16e-07	3.78e-08
 3.50234e+15	4.60e-07	4.25e-04	8.48e-02	5.58e-01	3.30e-01	2.59e-02	3.46e-04	0.00e+00	0.00e+00	2.68e-07	1.41e-07	4.59e-08
 3.58680e+15	5.88e-07	5.10e-04	9.54e-02	5.69e-01	3.12e-01	2.27e-02	2.79e-04	0.00e+00	0.00e+00	3.42e-07	1.80e-07	5.87e-08
 3.67327e+15	7.31e-07	6.02e-04	1.07e-01	5.77e-01	2.95e-01	2.00e-02	2.27e-04	0.00e+00	0.00e+00	4.25e-07	2.24e-07	7.30e-08
 3.74663e+15	8.79e-07	6.93e-04	1.18e-01	5.83e-01	2.80e-01	1.78e-02	1.90e-04	0.00e+00	0.00e+00	5.11e-07	2.69e-07	8.79e-08
 3.82626e+15	1.10e-06	8.21e-04	1.31e-01	5.89e-01	2.64e-01	1.56e-02	1.54e-04	0.00e+00	0.00e+00	6.41e-07	3.37e-07	1.10e-07
 3.90143e+15	1.32e-06	9.45e-04	1.44e-01	5.92e-01	2.49e-01	1.38e-02	1.28e-04	0.00e+00	0.00e+00	7.71e-07	4.05e-07	1.33e-07
 3.95594e+15	1.54e-06	1.06e-03	1.55e-01	5.93e-01	2.38e-01	1.26e-02	1.11e-04	0.00e+00	0.00e+00	8.93e-07	4.70e-07	1.54e-07
 4.01194e+15	1.80e-06	1.19e-03	1.67e-01	5.94e-01	2.26e-01	1.14e-02	9.49e-05	0.00e+00	0.00e+00	1.05e-06	5.50e-07	1.80e-07
 4.07506e+15	2.16e-06	1.36e-03	1.82e-01	5.93e-01	2.13e-01	1.01e-02	7.95e-05	0.00e+00	0.00e+00	1.25e-06	6.61e-07	2.16e-07
 4.13343e+15	2.51e-06	1.53e-03	1.97e-01	5.90e-01	2.02e-01	9.11e-03	6.78e-05	0.00e+00	0.00e+00	1.46e-06	7.69e-07	2.52e-07
 4.19530e+15	2.95e-06	1.72e-03	2.14e-01	5.87e-01	1.89e-01	8.08e-03	5.67e-05	0.00e+00	0.00e+00	1.72e-06	9.04e-07	2.96e-07
 4.26304e+15	3.68e-06	2.03e-03	2.35e-01	5.80e-01	1.76e-01	7.02e-03	4.60e-05	0.00e+00	0.00e+00	2.14e-06	1.13e-06	3.70e-07
 4.31909e+15	4.34e-06	2.29e-03	2.53e-01	5.73e-01	1.65e-01	6.24e-03	3.87e-05	0.00e+00	0.00e+00	2.53e-06	1.33e-06	4.37e-07
 4.36469e+15	4.85e-06	2.49e-03	2.69e-01	5.67e-01	1.56e-01	5.67e-03	3.37e-05	0.00e+00	0.00e+00	2.82e-06	1.49e-06	4.88e-07
 4.41605e+15	5.70e-06	2.81e-03	2.89e-01	5.58e-01	1.46e-01	5.02e-03	2.83e-05	0.00e+00	0.00e+00	3.32e-06	1.75e-06	5.74e-07
 4.47375e+15	6.83e-06	3.20e-03	3.12e-01	5.46e-01	1.34e-01	4.37e-03	2.32e-05	0.00e+00	0.00e+00	3.97e-06	2.09e-06	6.88e-07
 4.52762e+15	8.12e-06	3.64e-03	3.36e-01	5.32e-01	1.24e-01	3.81e-03	1.91e-05	0.00e+00	0.00e+00	4.72e-06	2.49e-06	8.19e-07
 4.57612e+15	9.91e-06	4.18e-03	3.61e-01	5.17e-01	1.14e-01	3.32e-03	1.57e-05	0.00e+00	0.00e+00	5.76e-06	3.04e-06	1.00e-06
 4.61916e+15	1.10e-05	4.54e-03	3.81e-01	5.05e-01	1.07e-01	2.96e-03	1.34e-05	0.00e+00	0.00e+00	6.42e-06	3.39e-06	1.12e-06
 4.66457e+15	1.30e-05	5.10e-03	4.06e-01	4.88e-01	9.78e-02	2.58e-03	1.11e-05	0.00e+00	0.00e+00	7.56e-06	3.99e-06	1.31e-06
 4.72360e+15	1.60e-05	5.92e-03	4.40e-01	4.65e-01	8.67e-02	2.13e-03	8.53e-06	0.00e+00	0.00e+00	9.31e-06	4.91e-06	1.62e-06
 4.78262e+15	1.98e-05	6.88e-03	4.76e-01	4.39e-01	7.63e-02	1.74e-03	6.48e-06	0.00e+00	0.00e+00	1.15e-05	6.08e-06	2.01e-06
 4.82772e+15	2.46e-05	7.96e-03	5.07e-01	4.16e-01	6.82e-02	1.46e-03	5.07e-06	0.00e+00	0.00e+00	1.43e-05	7.54e-06	2.49e-06
 4.86298e+15	2.79e-05	8.70e-03	5.30e-01	3.98e-01	6.24e-02	1.28e-03	4.24e-06	0.00e+00	0.00e+00	1.62e-05	8.57e-06	2.83e-06
 4.89937e+15	3.25e-05	9.65e-03	5.55e-01	3.78e-01	5.63e-02	1.09e-03	3.44e-06	0.00e+00	0.00e+00	1.89e-05	9.97e-06	3.29e-06
 4.94667e+15	3.96e-05	1.11e-02	5.89e-01	3.50e-01	4.87e-02	8.79e-04	2.58e-06	0.00e+00	0.00e+00	2.30e-05	1.22e-05	4.02e-06
 4.99598e+15	4.67e-05	1.24e-02	6.23e-01	3.23e-01	4.17e-02	7.03e-04	1.93e-06	0.00e+00	0.00e+00	2.72e-05	1.44e-05	4.75e-06
 5.04034e+15	5.87e-05	1.44e-02	6.56e-01	2.94e-01	3.55e-02	5.51e-04	1.40e-06	0.00e+00	0.00e+00	3.41e-05	1.80e-05	5.96e-06
 5.07909e+15	6.92e-05	1.60e-02	6.83e-01	2.70e-01	3.06e-02	4.46e-04	1.06e-06	0.00e+00	0.00e+00	4.02e-05	2.13e-05	7.04e-06
 5.10793e+15	7.82e-05	1.73e-02	7.02e-01	2.52e-01	2.73e-02	3.79e-04	8.57e-07	0.00e+00	0.00e+00	4.55e-05	2.40e-05	7.96e-06
 5.13134e+15	8.53e-05	1.83e-02	7.18e-01	2.39e-01	2.48e-02	3.30e-04	0.00e+00	0.00e+00	0.00e+00	4.96e-05	2.62e-05	8.69e-06
 5.15785e+15	9.85e-05	2.01e-02	7.36e-01	2.21e-01	2.19e-02	2.75e-04	0.00e+00	0.00e+00	0.00e+00	5.73e-05	3.03e-05	1.00e-05
 5.18552e+15	1.09e-04	2.14e-02	7.53e-01	2.06e-01	1.93e-02	2.31e-04	0.00e+00	0.00e+00	0.00e+00	6.35e-05	3.36e-05	1.11e-05
 5.21471e+15	1.25e-04	2.33e-02	7.71e-01	1.88e-01	1.67e-02	1.88e-04	0.00e+00	0.00e+00	0.00e+00	7.28e-05	3.85e-05	1.28e-05
 5.24578e+15	1.44e-04	2.55e-02	7.89e-01	1.71e-01	1.43e-02	1.51e-04	0.00e+00	0.00e+00	0.00e+00	8.40e-05	4.44e-05	1.47e-05
 5.27275e+15	1.68e-04	2.79e-02	8.04e-01	1.56e-01	1.23e-02	1.22e-04	0.00e+00	0.00e+00	0.00e+00	9.76e-05	5.16e-05	1.71e-05
 5.29553e+15	1.86e-04	2.97e-02	8.15e-01	1.44e-01	1.09e-02	1.02e-04	0.00e+00	0.00e+00	0.00e+00	1.08e-04	5.71e-05	1.90e-05
 5.31941e+15	2.05e-04	3.15e-02	8.26e-01	1.32e-01	9.49e-03	8.46e-05	0.00e+00	0.00e+00	0.00e+00	1.19e-04	6.32e-05	2.10e-05
 5.35046e+15	2.43e-04	3.49e-02	8.40e-01	1.17e-01	7.82e-03	6.42e-05	0.00e+00	0.00e+00	0.00e+00	1.42e-04	7.49e-05	2.49e-05
 5.38075e+15	2.80e-04	3.79e-02	8.51e-01	1.04e-01	6.52e-03	4.97e-05	0.00e+00	0.00e+00	0.00e+00	1.63e-04	8.62e-05	2.87e-05
 5.40464e+15	3.14e-04	4.05e-02	8.58e-01	9.51e-02	5.63e-03	4.04e-05	0.00e+00	0.00e+00	0.00e+00	1.83e-04	9.65e-05	3.21e-05
 5.43030e+15	3.57e-04	4.36e-02	8.66e-01	8.53e-02	4.74e-03	3.17e-05	0.00e+00	0.00e+00	0.00e+00	2.07e-04	1.10e-04	3.65e-05
 5.45920e+15	4.09e-04	4.72e-02	8.73e-01	7.55e-02	3.91e-03	2.42e-05	0.00e+00	0.00e+00	0.00e+00	2.38e-04	1.26e-04	4.19e-05
 5.48672e+15	4.67e-04	5.09e-02	8.78e-01	6.71e-02	3.25e-03	1.86e-05	0.00e+00	0.00e+00	0.00e+00	2.72e-04	1.44e-04	4.79e-05
 5.51235e+15	5.28e-04	5.45e-02	8.82e-01	6.00e-02	2.72e-03	1.45e-05	0.00e+00	0.00e+00	0.00e+00	3.07e-04	1.62e-04	5.42e-05
 5.54111e+15	6.08e-04	5.90e-02	8.86e-01	5.25e-02	2.21e-03	1.08e-05	0.00e+00	0.00e+00	0.00e+00	3.54e-04	1.87e-04	6.25e-05
 5.57192e+15	7.05e-04	6.41e-02	8.88e-01	4.57e-02	1.77e-03	7.95e-06	0.00e+00	0.00e+00	0.00e+00	4.10e-04	2.17e-04	7.24e-05
 5.59904e+15	8.02e-04	6.89e-02	8.88e-01	4.04e-02	1.46e-03	6.04e-06	0.00e+00	0.00e+00	0.00e+00	4.67e-04	2.47e-04	8.24e-05
 5.62418e+15	9.04e-04	7.36e-02	8.88e-01	3.59e-02	1.21e-03	4.65e-06	0.00e+00	0.00e+00	0.00e+00	5.26e-04	2.78e-04	9.30e-05
 5.65307e+15	1.04e-03	7.95e-02	8.87e-01	3.12e-02	9.73e-04	3.40e-06	0.00e+00	0.00e+00	0.00e+00	6.06e-04	3.20e-04	1.07e-04
 5.68455e+15	1.21e-03	8.63e-02	8.85e-01	2.69e-02	7.70e-04	2.44e-06	0.00e+00	0.00e+00	0.00e+00	7.04e-04	3.72e-04	1.25e-04
 5.71290e+15	1.39e-03	9.30e-02	8.81e-01	2.35e-02	6.24e-04	1.81e-06	0.00e+00	0.00e+00	0.00e+00	8.06e-04	4.26e-04	1.43e-04
 5.73900e+15	1.57e-03	9.96e-02	8.78e-01	2.08e-02	5.12e-04	1.36e-06	0.00e+00	0.00e+00	0.00e+00	9.14e-04	4.83e-04	1.62e-04
 5.76867e+15	1.82e-03	1.08e-01	8.72e-01	1.79e-02	4.06e-04	9.76e-07	0.00e+00	0.00e+00	0.00e+00	1.06e-03	5.58e-04	1.87e-04
 5.80129e+15	2.12e-03	1.17e-01	8.65e-01	1.53e-02	3.17e-04	0.00e+00	0.00e+00	0.00e+00	0.00e+00	1.24e-03	6.53e-04	2.19e-04
 5.83077e+15	2.45e-03	1.27e-01	8.57e-01	1.32e-02	2.53e-04	0.00e+00	0.00e+00	0.00e+00	0.00e+00	1.43e-03	7.54e-04	2.53e-04
 5.85776e+15	2.79e-03	1.36e-01	8.50e-01	1.16e-02	2.05e-04	0.00e+00	0.00e+00	0.00e+00	0.00e+00	1.63e-03	8.60e-04	2.88e-04
 5.88846e+15	3.25e-03	1.47e-01	8.39e-01	9.89e-03	1.61e-04	0.00e+00	0.00e+00	0.00e+00	0.00e+00	1.89e-03	1.00e-03	3.36e-04
 5.92226e+15	3.85e-03	1.61e-01	8.27e-01	8.33e-03	1.23e-04	0.00e+00	0.00e+00	0.00e+00	0.00e+00	2.24e-03	1.18e-03	3.97e-04
 5.95304e+15	4.48e-03	1.75e-01	8.14e-01	7.14e-03	9.70e-05	0.00e+00	0.00e+00	0.00e+00	0.00e+00	2.60e-03	1.38e-03	4.62e-04
 5.98600e+15	5.30e-03	1.91e-01	7.98e-01	5.98e-03	7.41e-05	0.00e+00	0.00e+00	0.00e+00	0.00e+00	3.09e-03	1.63e-03	5.47e-04
 6.02143e+15	6.38e-03	2.10e-01	7.78e-01	4.95e-03	5.56e-05	0.00e+00	0.00e+00	0.00e+00	0.00e+00	3.71e-03	1.96e-03	6.59e-04
 6.05286e+15	7.51e-03	2.29e-01	7.59e-01	4.18e-03	4.31e-05	0.00e+00	0.00e+00	0.00e+00	0.00e+00	4.37e-03	2.31e-03	7.76e-04
 6.08650e+15	8.99e-03	2.51e-01	7.37e-01	3.45e-03	3.23e-05	0.00e+00	0.00e+00	0.00e+00	0.00e+00	5.23e-03	2.76e-03	9.29e-04
 6.12413e+15	1.10e-02	2.78e-01	7.08e-01	2.78e-03	2.34e-05	0.00e+00	0.00e+00	0.00e+00	0.00e+00	6.39e-03	3.38e-03	1.13e-03
 6.15956e+15	1.34e-02	3.07e-01	6.77e-01	2.24e-03	1.71e-05	0.00e+00	0.00e+00	0.00e+00	0.00e+00	7.80e-03	4.12e-03	1.38e-03
 6.19167e+15	1.61e-02	3.36e-01	6.46e-01	1.83e-03	1.28e-05	0.00e+00	0.00e+00	0.00e+00	0.00e+00	9.37e-03	4.95e-03	1.66e-03
 6.22216e+15	1.91e-02	3.65e-01	6.15e-01	1.50e-03	9.58e-06	0.00e+00	0.00e+00	0.00e+00	0.00e+00	1.11e-02	5.88e-03	1.98e-03
 6.25710e+15	2.34e-02	4.01e-01	5.75e-01	1.17e-03	6.76e-06	0.00e+00	0.00e+00	0.00e+00	0.00e+00	1.36e-02	7.19e-03	2.42e-03
 6.29451e+15	2.94e-02	4.44e-01	5.26e-01	8.82e-04	4.57e-06	0.00e+00	0.00e+00	0.00e+00	0.00e+00	1.71e-02	9.04e-03	3.04e-03
 6.32594e+15	3.57e-02	4.82e-01	4.82e-01	6.84e-04	3.23e-06	0.00e+00	0.00e+00	0.00e+00	0.00e+00	2.08e-02	1.10e-02	3.70e-03
 6.35255e+15	4.21e-02	5.15e-01	4.42e-01	5.43e-04	2.36e-06	0.00e+00	0.00e+00	0.00e+00	0.00e+00	2.45e-02	1.29e-02	4.36e-03
 6.37707e+15	4.92e-02	5.46e-01	4.04e-01	4.32e-04	1.74e-06	0.00e+00	0.00e+00	0.00e+00	0.00e+00	2.87e-02	1.51e-02	5.10e-03
 6.39981e+15	5.70e-02	5.75e-01	3.67e-01	3.44e-04	1.29e-06	0.00e+00	0.00e+00	0.00e+00	0.00e+00	3.32e-02	1.75e-02	5.91e-03
 6.42145e+15	6.56e-02	6.02e-01	3.32e-01	2.73e-04	9.50e-07	0.00e+00	0.00e+00	0.00e+00	0.00e+00	3.82e-02	2.01e-02	6.80e-03
