#depth	He	He+	He+2
 1.49634e+10	2.17e-23	2.49e-12	1.00e+00
 4.54887e+10	2.42e-23	2.69e-12	1.00e+00
 7.72350e+10	2.69e-23	2.91e-12	1.00e+00
 1.10251e+11	2.98e-23	3.15e-12	1.00e+00
 1.41847e+11	3.27e-23	3.39e-12	1.00e+00
 1.70989e+11	3.56e-23	3.61e-12	1.00e+00
 2.04038e+11	3.90e-23	3.88e-12	1.00e+00
 2.42127e+11	4.34e-23	4.20e-12	1.00e+00
 2.79592e+11	4.79e-23	4.52e-12	1.00e+00
 3.18556e+11	5.29e-23	4.87e-12	1.00e+00
 3.61225e+11	5.88e-23	5.28e-12	1.00e+00
 4.04436e+11	6.53e-23	5.70e-12	1.00e+00
 4.49376e+11	7.25e-23	6.15e-12	1.00e+00
 4.97278e+11	8.08e-23	6.66e-12	1.00e+00
 5.47096e+11	9.02e-23	7.21e-12	1.00e+00
 5.98906e+11	1.01e-22	7.81e-12	1.00e+00
 6.52789e+11	1.13e-22	8.45e-12	1.00e+00
 7.08828e+11	1.26e-22	9.15e-12	1.00e+00
 7.67108e+11	1.41e-22	9.91e-12	1.00e+00
 8.27719e+11	1.59e-22	1.07e-11	1.00e+00
 8.90754e+11	1.78e-22	1.16e-11	1.00e+00
 9.56311e+11	2.01e-22	1.26e-11	1.00e+00
 1.02013e+12	2.25e-22	1.36e-11	1.00e+00
 1.08060e+12	2.49e-22	1.45e-11	1.00e+00
 1.14784e+12	2.79e-22	1.57e-11	1.00e+00
 1.22127e+12	3.15e-22	1.69e-11	1.00e+00
 1.29171e+12	3.52e-22	1.82e-11	1.00e+00
 1.36737e+12	3.95e-22	1.96e-11	1.00e+00
 1.45199e+12	4.49e-22	2.13e-11	1.00e+00
 1.53700e+12	5.09e-22	2.30e-11	1.00e+00
 1.62541e+12	5.77e-22	2.49e-11	1.00e+00
 1.72035e+12	6.59e-22	2.70e-11	1.00e+00
 1.81909e+12	7.53e-22	2.93e-11	1.00e+00
 1.92178e+12	8.62e-22	3.18e-11	1.00e+00
 2.02858e+12	9.87e-22	3.45e-11	1.00e+00
 2.13965e+12	1.13e-21	3.74e-11	1.00e+00
 2.25516e+12	1.30e-21	4.07e-11	1.00e+00
 2.37529e+12	1.50e-21	4.42e-11	1.00e+00
 2.50023e+12	1.72e-21	4.80e-11	1.00e+00
 2.61788e+12	1.96e-21	5.18e-11	1.00e+00
 2.72335e+12	2.19e-21	5.53e-11	1.00e+00
 2.84183e+12	2.47e-21	5.94e-11	1.00e+00
 2.98193e+12	2.85e-21	6.45e-11	1.00e+00
 3.12197e+12	3.28e-21	6.98e-11	1.00e+00
 3.25376e+12	3.71e-21	7.51e-11	1.00e+00
 3.39999e+12	4.23e-21	8.12e-11	1.00e+00
 3.56592e+12	4.92e-21	8.84e-11	1.00e+00
 3.73161e+12	5.67e-21	9.60e-11	1.00e+00
 3.90392e+12	6.54e-21	1.04e-10	1.00e+00
 4.09001e+12	7.60e-21	1.14e-10	1.00e+00
 4.28353e+12	8.83e-21	1.24e-10	1.00e+00
 4.46619e+12	1.01e-20	1.34e-10	1.00e+00
 4.63070e+12	1.14e-20	1.44e-10	1.00e+00
 4.81589e+12	1.30e-20	1.56e-10	1.00e+00
 5.03394e+12	1.51e-20	1.70e-10	1.00e+00
 5.25102e+12	1.74e-20	1.84e-10	1.00e+00
 5.45592e+12	1.98e-20	1.99e-10	1.00e+00
 5.68321e+12	2.27e-20	2.16e-10	1.00e+00
 5.94047e+12	2.64e-20	2.37e-10	1.00e+00
 6.19508e+12	3.05e-20	2.58e-10	1.00e+00
 6.45988e+12	3.51e-20	2.82e-10	1.00e+00
 6.74820e+12	4.08e-20	3.10e-10	1.00e+00
 7.03831e+12	4.72e-20	3.39e-10	1.00e+00
 7.34002e+12	5.44e-20	3.71e-10	1.00e+00
 7.65301e+12	6.28e-20	4.06e-10	1.00e+00
 7.96139e+12	7.19e-20	4.43e-10	1.00e+00
 8.29265e+12	8.25e-20	4.84e-10	1.00e+00
 8.65428e+12	9.54e-20	5.33e-10	1.00e+00
 9.03038e+12	1.10e-19	5.86e-10	1.00e+00
 9.42152e+12	1.27e-19	6.46e-10	1.00e+00
 9.82831e+12	1.46e-19	7.11e-10	1.00e+00
 1.01965e+13	1.65e-19	7.74e-10	1.00e+00
 1.05040e+13	1.82e-19	8.29e-10	1.00e+00
 1.08410e+13	2.01e-19	8.92e-10	1.00e+00
 1.12671e+13	2.28e-19	9.76e-10	1.00e+00
 1.17110e+13	2.59e-19	1.07e-09	1.00e+00
 1.20904e+13	2.87e-19	1.15e-09	1.00e+00
 1.24839e+13	3.18e-19	1.24e-09	1.00e+00
 1.29753e+13	3.60e-19	1.36e-09	1.00e+00
 1.34737e+13	4.07e-19	1.49e-09	1.00e+00
 1.39063e+13	4.51e-19	1.60e-09	1.00e+00
 1.43740e+13	5.01e-19	1.73e-09	1.00e+00
 1.49461e+13	5.68e-19	1.90e-09	1.00e+00
 1.55294e+13	6.43e-19	2.08e-09	1.00e+00
 1.60618e+13	7.17e-19	2.26e-09	1.00e+00
 1.66525e+13	8.05e-19	2.46e-09	1.00e+00
 1.73411e+13	9.20e-19	2.70e-09	1.00e+00
 1.80236e+13	1.04e-18	2.96e-09	1.00e+00
 1.86751e+13	1.18e-18	3.21e-09	1.00e+00
 1.93937e+13	1.34e-18	3.51e-09	1.00e+00
 2.01994e+13	1.54e-18	3.85e-09	1.00e+00
 2.10083e+13	1.76e-18	4.22e-09	1.00e+00
 2.17328e+13	1.98e-18	4.56e-09	1.00e+00
 2.23765e+13	2.20e-18	4.88e-09	1.00e+00
 2.31063e+13	2.47e-18	5.25e-09	1.00e+00
 2.39184e+13	2.80e-18	5.68e-09	1.00e+00
 2.46802e+13	3.14e-18	6.10e-09	1.00e+00
 2.55136e+13	3.55e-18	6.57e-09	1.00e+00
 2.64477e+13	4.07e-18	7.13e-09	1.00e+00
 2.73348e+13	4.61e-18	7.68e-09	1.00e+00
 2.83100e+13	5.27e-18	8.30e-09	1.00e+00
 2.94015e+13	6.10e-18	9.04e-09	1.00e+00
 3.04376e+13	6.97e-18	9.76e-09	1.00e+00
 3.13934e+13	7.87e-18	1.05e-08	1.00e+00
 3.24517e+13	8.96e-18	1.13e-08	1.00e+00
 3.36398e+13	1.03e-17	1.22e-08	1.00e+00
 3.47652e+13	1.18e-17	1.31e-08	1.00e+00
 3.59965e+13	1.35e-17	1.41e-08	1.00e+00
 3.73584e+13	1.57e-17	1.53e-08	1.00e+00
 3.86219e+13	1.80e-17	1.65e-08	1.00e+00
 3.99963e+13	2.07e-17	1.78e-08	1.00e+00
 4.15347e+13	2.41e-17	1.93e-08	1.00e+00
 4.29876e+13	2.78e-17	2.08e-08	1.00e+00
 4.45676e+13	3.22e-17	2.25e-08	1.00e+00
 4.63291e+13	3.77e-17	2.45e-08	1.00e+00
 4.80052e+13	4.36e-17	2.64e-08	1.00e+00
 4.97995e+13	5.07e-17	2.86e-08	1.00e+00
 5.18214e+13	5.97e-17	3.11e-08	1.00e+00
 5.38243e+13	6.97e-17	3.38e-08	1.00e+00
 5.59074e+13	8.15e-17	3.66e-08	1.00e+00
 5.81736e+13	9.60e-17	3.98e-08	1.00e+00
 6.05305e+13	1.13e-16	4.33e-08	1.00e+00
 6.29816e+13	1.33e-16	4.71e-08	1.00e+00
 6.53901e+13	1.55e-16	5.10e-08	1.00e+00
 6.76380e+13	1.78e-16	5.47e-08	1.00e+00
 7.01165e+13	2.06e-16	5.90e-08	1.00e+00
 7.26557e+13	2.39e-16	6.36e-08	1.00e+00
 7.47840e+13	2.69e-16	6.75e-08	1.00e+00
 7.70350e+13	3.03e-16	7.18e-08	1.00e+00
 7.98885e+13	3.52e-16	7.74e-08	1.00e+00
 8.28685e+13	4.09e-16	8.35e-08	1.00e+00
 8.54580e+13	4.63e-16	8.89e-08	1.00e+00
 8.81962e+13	5.26e-16	9.49e-08	1.00e+00
 9.15537e+13	6.13e-16	1.02e-07	1.00e+00
 9.49008e+13	7.09e-16	1.10e-07	1.00e+00
 9.78204e+13	8.00e-16	1.17e-07	1.00e+00
 1.01000e+14	9.11e-16	1.25e-07	1.00e+00
 1.04868e+14	1.06e-15	1.35e-07	1.00e+00
 1.08755e+14	1.23e-15	1.46e-07	1.00e+00
 1.12243e+14	1.39e-15	1.55e-07	1.00e+00
 1.16089e+14	1.59e-15	1.66e-07	1.00e+00
 1.20643e+14	1.86e-15	1.79e-07	1.00e+00
 1.25157e+14	2.15e-15	1.93e-07	1.00e+00
 1.29339e+14	2.46e-15	2.06e-07	1.00e+00
 1.34030e+14	2.83e-15	2.22e-07	1.00e+00
 1.39421e+14	3.31e-15	2.40e-07	1.00e+00
 1.44726e+14	3.85e-15	2.59e-07	1.00e+00
 1.50243e+14	4.46e-15	2.79e-07	1.00e+00
 1.56283e+14	5.22e-15	3.02e-07	1.00e+00
 1.62420e+14	6.08e-15	3.26e-07	1.00e+00
 1.68802e+14	7.09e-15	3.52e-07	1.00e+00
 1.75194e+14	8.22e-15	3.79e-07	1.00e+00
 1.81246e+14	9.41e-15	4.06e-07	1.00e+00
 1.87931e+14	1.09e-14	4.37e-07	1.00e+00
 1.94623e+14	1.25e-14	4.69e-07	1.00e+00
 2.00174e+14	1.40e-14	4.96e-07	1.00e+00
 2.06059e+14	1.57e-14	5.26e-07	1.00e+00
 2.13587e+14	1.81e-14	5.66e-07	1.00e+00
 2.21493e+14	2.09e-14	6.09e-07	1.00e+00
 2.28478e+14	2.37e-14	6.48e-07	1.00e+00
 2.36026e+14	2.70e-14	6.93e-07	1.00e+00
 2.45113e+14	3.14e-14	7.48e-07	1.00e+00
 2.54332e+14	3.64e-14	8.07e-07	1.00e+00
 2.62961e+14	4.16e-14	8.64e-07	1.00e+00
 2.72549e+14	4.81e-14	9.31e-07	1.00e+00
 2.82720e+14	5.57e-14	1.00e-06	1.00e+00
 2.91759e+14	6.32e-14	1.07e-06	1.00e+00
 3.01481e+14	7.21e-14	1.15e-06	1.00e+00
 3.13130e+14	8.40e-14	1.24e-06	1.00e+00
 3.24593e+14	9.71e-14	1.34e-06	1.00e+00
 3.34800e+14	1.10e-13	1.42e-06	1.00e+00
 3.46068e+14	1.26e-13	1.53e-06	1.00e+00
 3.59501e+14	1.46e-13	1.65e-06	1.00e+00
 3.72826e+14	1.69e-13	1.78e-06	1.00e+00
 3.84999e+14	1.92e-13	1.90e-06	1.00e+00
 3.98593e+14	2.21e-13	2.05e-06	1.00e+00
 4.14416e+14	2.58e-13	2.22e-06	1.00e+00
 4.29963e+14	2.99e-13	2.39e-06	1.00e+00
 4.44658e+14	3.41e-13	2.57e-06	1.00e+00
 4.61002e+14	3.94e-13	2.76e-06	1.00e+00
 4.79472e+14	4.60e-13	3.00e-06	1.00e+00
 4.96986e+14	5.29e-13	3.23e-06	1.00e+00
 5.12908e+14	5.98e-13	3.44e-06	1.00e+00
 5.30904e+14	6.84e-13	3.69e-06	1.00e+00
 5.51912e+14	7.96e-13	4.00e-06	1.00e+00
 5.72090e+14	9.14e-13	4.31e-06	1.00e+00
 5.90329e+14	1.03e-12	4.59e-06	1.00e+00
 6.07493e+14	1.15e-12	4.87e-06	1.00e+00
 6.26507e+14	1.30e-12	5.19e-06	1.00e+00
 6.47767e+14	1.47e-12	5.55e-06	1.00e+00
 6.67853e+14	1.65e-12	5.91e-06	1.00e+00
 6.89871e+14	1.87e-12	6.31e-06	1.00e+00
 7.14518e+14	2.14e-12	6.78e-06	1.00e+00
 7.37772e+14	2.41e-12	7.24e-06	1.00e+00
 7.63192e+14	2.74e-12	7.76e-06	1.00e+00
 7.91295e+14	3.14e-12	8.35e-06	1.00e+00
 8.17244e+14	3.54e-12	8.92e-06	1.00e+00
 8.45336e+14	4.02e-12	9.56e-06	1.00e+00
 8.76730e+14	4.60e-12	1.03e-05	1.00e+00
 9.06220e+14	5.20e-12	1.10e-05	1.00e+00
 9.38362e+14	5.92e-12	1.18e-05	1.00e+00
 9.74118e+14	6.81e-12	1.28e-05	1.00e+00
 1.00753e+15	7.70e-12	1.37e-05	1.00e+00
 1.04384e+15	8.79e-12	1.47e-05	1.00e+00
 1.08446e+15	1.01e-11	1.59e-05	1.00e+00
 1.12298e+15	1.15e-11	1.71e-05	1.00e+00
 1.16420e+15	1.32e-11	1.84e-05	1.00e+00
 1.21080e+15	1.53e-11	2.00e-05	1.00e+00
 1.25668e+15	1.76e-11	2.16e-05	1.00e+00
 1.30439e+15	2.02e-11	2.33e-05	1.00e+00
 1.35659e+15	2.34e-11	2.54e-05	1.00e+00
 1.40812e+15	2.70e-11	2.74e-05	1.00e+00
 1.45094e+15	3.03e-11	2.92e-05	1.00e+00
 1.48556e+15	3.32e-11	3.07e-05	1.00e+00
 1.52400e+15	3.66e-11	3.25e-05	1.00e+00
 1.57398e+15	4.15e-11	3.48e-05	1.00e+00
 1.62754e+15	4.74e-11	3.74e-05	1.00e+00
 1.67502e+15	5.30e-11	3.98e-05	1.00e+00
 1.72600e+15	5.97e-11	4.25e-05	1.00e+00
 1.78993e+15	6.92e-11	4.61e-05	1.00e+00
 1.85478e+15	7.97e-11	4.98e-05	1.00e+00
 1.91095e+15	8.98e-11	5.32e-05	1.00e+00
 1.97177e+15	1.02e-10	5.70e-05	1.00e+00
 2.04629e+15	1.19e-10	6.19e-05	1.00e+00
 2.12153e+15	1.38e-10	6.71e-05	1.00e+00
 2.18840e+15	1.57e-10	7.20e-05	1.00e+00
 2.26146e+15	1.80e-10	7.75e-05	1.00e+00
 2.34882e+15	2.11e-10	8.43e-05	1.00e+00
 2.43526e+15	2.45e-10	9.15e-05	1.00e+00
 2.51327e+15	2.80e-10	9.82e-05	1.00e+00
 2.59983e+15	3.23e-10	1.06e-04	1.00e+00
 2.70174e+15	3.81e-10	1.16e-04	1.00e+00
 2.80230e+15	4.45e-10	1.26e-04	1.00e+00
 2.89572e+15	5.12e-10	1.35e-04	1.00e+00
 3.00041e+15	5.97e-10	1.47e-04	1.00e+00
 3.12046e+15	7.07e-10	1.60e-04	1.00e+00
 3.23866e+15	8.30e-10	1.74e-04	1.00e+00
 3.36160e+15	9.74e-10	1.90e-04	1.00e+00
 3.47353e+15	1.12e-09	2.04e-04	1.00e+00
 3.55709e+15	1.24e-09	2.15e-04	1.00e+00
 3.64345e+15	1.38e-09	2.27e-04	1.00e+00
 3.75572e+15	1.57e-09	2.43e-04	1.00e+00
 3.87731e+15	1.81e-09	2.61e-04	1.00e+00
 3.98709e+15	2.04e-09	2.78e-04	1.00e+00
 4.10587e+15	2.31e-09	2.97e-04	1.00e+00
 4.25649e+15	2.71e-09	3.22e-04	1.00e+00
 4.40807e+15	3.15e-09	3.48e-04	1.00e+00
 4.53550e+15	3.56e-09	3.71e-04	1.00e+00
 4.67193e+15	4.04e-09	3.96e-04	1.00e+00
 4.84404e+15	4.73e-09	4.30e-04	1.00e+00
 5.02439e+15	5.53e-09	4.66e-04	1.00e+00
 5.18669e+15	6.34e-09	5.00e-04	1.00e+00
 5.36364e+15	7.33e-09	5.38e-04	9.99e-01
 5.57294e+15	8.63e-09	5.85e-04	9.99e-01
 5.77772e+15	1.01e-08	6.33e-04	9.99e-01
 5.96387e+15	1.15e-08	6.78e-04	9.99e-01
 6.17240e+15	1.33e-08	7.31e-04	9.99e-01
 6.41608e+15	1.57e-08	7.96e-04	9.99e-01
 6.65513e+15	1.83e-08	8.61e-04	9.99e-01
 6.87907e+15	2.10e-08	9.25e-04	9.99e-01
 7.12960e+15	2.45e-08	9.99e-04	9.99e-01
 7.36921e+15	2.80e-08	1.07e-03	9.99e-01
 7.54795e+15	3.10e-08	1.13e-03	9.99e-01
 7.72952e+15	3.42e-08	1.19e-03	9.99e-01
 7.96557e+15	3.88e-08	1.27e-03	9.99e-01
 8.22044e+15	4.43e-08	1.35e-03	9.99e-01
 8.44780e+15	4.96e-08	1.43e-03	9.99e-01
 8.69139e+15	5.58e-08	1.52e-03	9.98e-01
 9.00567e+15	6.49e-08	1.64e-03	9.98e-01
 9.32306e+15	7.48e-08	1.77e-03	9.98e-01
 9.58267e+15	8.37e-08	1.87e-03	9.98e-01
 9.85592e+15	9.41e-08	1.99e-03	9.98e-01
 1.02106e+16	1.09e-07	2.15e-03	9.98e-01
 1.05795e+16	1.26e-07	2.31e-03	9.98e-01
 1.08928e+16	1.42e-07	2.46e-03	9.98e-01
 1.12256e+16	1.61e-07	2.62e-03	9.97e-01
 1.16420e+16	1.87e-07	2.84e-03	9.97e-01
 1.20550e+16	2.15e-07	3.05e-03	9.97e-01
 1.24009e+16	2.41e-07	3.24e-03	9.97e-01
 1.27717e+16	2.73e-07	3.46e-03	9.97e-01
 1.31866e+16	3.11e-07	3.71e-03	9.96e-01
 1.35797e+16	3.51e-07	3.96e-03	9.96e-01
 1.39231e+16	3.88e-07	4.18e-03	9.96e-01
 1.42808e+16	4.32e-07	4.43e-03	9.96e-01
 1.46700e+16	4.82e-07	4.71e-03	9.95e-01
 1.50312e+16	5.33e-07	4.99e-03	9.95e-01
 1.54323e+16	5.98e-07	5.32e-03	9.95e-01
 1.58617e+16	6.71e-07	5.68e-03	9.94e-01
 1.62508e+16	7.43e-07	6.02e-03	9.94e-01
 1.66796e+16	8.38e-07	6.46e-03	9.94e-01
 1.71421e+16	9.43e-07	6.93e-03	9.93e-01
 1.75696e+16	1.05e-06	7.41e-03	9.93e-01
 1.79678e+16	1.17e-06	7.89e-03	9.92e-01
 1.84068e+16	1.31e-06	8.50e-03	9.92e-01
 1.88750e+16	1.48e-06	9.18e-03	9.91e-01
 1.92805e+16	1.65e-06	9.82e-03	9.90e-01
 1.97074e+16	1.86e-06	1.06e-02	9.89e-01
 2.01661e+16	2.10e-06	1.15e-02	9.88e-01
 2.05709e+16	2.35e-06	1.24e-02	9.88e-01
 2.09214e+16	2.61e-06	1.33e-02	9.87e-01
 2.12473e+16	2.87e-06	1.43e-02	9.86e-01
 2.16221e+16	3.25e-06	1.55e-02	9.84e-01
 2.20165e+16	3.68e-06	1.69e-02	9.83e-01
 2.23497e+16	4.10e-06	1.83e-02	9.82e-01
 2.26473e+16	4.56e-06	1.98e-02	9.80e-01
 2.29857e+16	5.21e-06	2.17e-02	9.78e-01
 2.33389e+16	5.93e-06	2.40e-02	9.76e-01
 2.36357e+16	6.73e-06	2.63e-02	9.74e-01
 2.38955e+16	7.53e-06	2.86e-02	9.71e-01
 2.41827e+16	8.53e-06	3.17e-02	9.68e-01
 2.44931e+16	1.01e-05	3.56e-02	9.64e-01
 2.47508e+16	1.14e-05	3.95e-02	9.60e-01
 2.49669e+16	1.31e-05	4.34e-02	9.57e-01
 2.51764e+16	1.46e-05	4.79e-02	9.52e-01
 2.54134e+16	1.70e-05	5.40e-02	9.46e-01
 2.56585e+16	2.02e-05	6.18e-02	9.38e-01
 2.58540e+16	2.38e-05	6.94e-02	9.31e-01
 2.60081e+16	2.66e-05	7.67e-02	9.23e-01
 2.61685e+16	3.06e-05	8.57e-02	9.14e-01
 2.63465e+16	3.60e-05	9.77e-02	9.02e-01
 2.65055e+16	4.22e-05	1.11e-01	8.89e-01
 2.66383e+16	4.87e-05	1.24e-01	8.76e-01
 2.67580e+16	5.59e-05	1.39e-01	8.61e-01
 2.68927e+16	6.66e-05	1.58e-01	8.42e-01
 2.70273e+16	7.87e-05	1.82e-01	8.18e-01
 2.71220e+16	8.93e-05	2.01e-01	7.99e-01
 2.71864e+16	9.75e-05	2.16e-01	7.83e-01
 2.72512e+16	1.07e-04	2.34e-01	7.66e-01
 2.73354e+16	1.22e-04	2.58e-01	7.42e-01
 2.74162e+16	1.37e-04	2.85e-01	7.15e-01
 2.74789e+16	1.51e-04	3.07e-01	6.93e-01
 2.75468e+16	1.68e-04	3.35e-01	6.65e-01
 2.76206e+16	1.89e-04	3.67e-01	6.33e-01
 2.76870e+16	2.09e-04	3.98e-01	6.01e-01
 2.77488e+16	2.31e-04	4.30e-01	5.70e-01
 2.78196e+16	2.57e-04	4.68e-01	5.32e-01
 2.78956e+16	2.88e-04	5.10e-01	4.90e-01
 2.79638e+16	3.17e-04	5.49e-01	4.51e-01
 2.80379e+16	3.52e-04	5.92e-01	4.07e-01
 2.81197e+16	3.90e-04	6.39e-01	3.61e-01
 2.81974e+16	4.28e-04	6.81e-01	3.18e-01
 2.82844e+16	4.70e-04	7.26e-01	2.73e-01
 2.83975e+16	5.24e-04	7.78e-01	2.22e-01
 2.85176e+16	5.76e-04	8.23e-01	1.76e-01
 2.86297e+16	6.22e-04	8.58e-01	1.41e-01
 2.87581e+16	6.70e-04	8.90e-01	1.10e-01
 2.89249e+16	7.27e-04	9.20e-01	7.91e-02
 2.91418e+16	7.93e-04	9.46e-01	5.28e-02
 2.94238e+16	8.72e-04	9.67e-01	3.25e-02
 2.97252e+16	9.56e-04	9.79e-01	2.05e-02
 2.99837e+16	1.03e-03	9.85e-01	1.43e-02
 3.02100e+16	1.11e-03	9.88e-01	1.07e-02
 3.03869e+16	1.17e-03	9.90e-01	8.70e-03
 3.05049e+16	1.22e-03	9.91e-01	7.61e-03
 3.06223e+16	1.27e-03	9.92e-01	6.62e-03
 3.07749e+16	1.34e-03	9.93e-01	5.57e-03
 3.09368e+16	1.42e-03	9.94e-01	4.69e-03
 3.10712e+16	1.50e-03	9.94e-01	4.10e-03
 3.11841e+16	1.57e-03	9.95e-01	3.67e-03
 3.13089e+16	1.65e-03	9.95e-01	3.23e-03
 3.14475e+16	1.75e-03	9.95e-01	2.83e-03
 3.15597e+16	1.84e-03	9.96e-01	2.57e-03
 3.16378e+16	1.91e-03	9.96e-01	2.40e-03
 3.17159e+16	1.99e-03	9.96e-01	2.23e-03
 3.18174e+16	2.09e-03	9.96e-01	2.03e-03
 3.19212e+16	2.21e-03	9.96e-01	1.86e-03
 3.20020e+16	2.31e-03	9.96e-01	1.74e-03
 3.20685e+16	2.40e-03	9.96e-01	1.64e-03
 3.21426e+16	2.50e-03	9.96e-01	1.54e-03
 3.22388e+16	2.65e-03	9.96e-01	1.42e-03
 3.23327e+16	2.82e-03	9.96e-01	1.31e-03
 3.23998e+16	2.95e-03	9.96e-01	1.25e-03
 3.24538e+16	3.07e-03	9.96e-01	1.20e-03
 3.25149e+16	3.20e-03	9.96e-01	1.14e-03
 3.25943e+16	3.39e-03	9.96e-01	1.06e-03
 3.26731e+16	3.61e-03	9.95e-01	1.00e-03
 3.27316e+16	3.79e-03	9.95e-01	9.59e-04
 3.27800e+16	3.95e-03	9.95e-01	9.24e-04
 3.28349e+16	4.14e-03	9.95e-01	8.84e-04
 3.29064e+16	4.42e-03	9.95e-01	8.35e-04
 3.29767e+16	4.73e-03	9.94e-01	7.93e-04
 3.30281e+16	5.00e-03	9.94e-01	7.63e-04
 3.30704e+16	5.22e-03	9.94e-01	7.40e-04
 3.31187e+16	5.51e-03	9.94e-01	7.11e-04
 3.31815e+16	5.92e-03	9.93e-01	6.77e-04
 3.32445e+16	6.39e-03	9.93e-01	6.47e-04
 3.32924e+16	6.81e-03	9.93e-01	6.25e-04
 3.33330e+16	7.19e-03	9.92e-01	6.07e-04
 3.33794e+16	7.68e-03	9.92e-01	5.86e-04
 3.34397e+16	8.40e-03	9.91e-01	5.59e-04
 3.35019e+16	9.30e-03	9.90e-01	5.35e-04
 3.35509e+16	1.02e-02	9.89e-01	5.16e-04
 3.35907e+16	1.10e-02	9.89e-01	5.02e-04
 3.36343e+16	1.19e-02	9.88e-01	4.86e-04
 3.36818e+16	1.32e-02	9.86e-01	4.69e-04
 3.37223e+16	1.46e-02	9.85e-01	4.55e-04
 3.37550e+16	1.58e-02	9.84e-01	4.46e-04
 3.37894e+16	1.73e-02	9.82e-01	4.34e-04
 3.38270e+16	1.93e-02	9.80e-01	4.23e-04
 3.38596e+16	2.14e-02	9.78e-01	4.13e-04
 3.38862e+16	2.33e-02	9.76e-01	4.07e-04
 3.39142e+16	2.57e-02	9.74e-01	3.99e-04
 3.39451e+16	2.88e-02	9.71e-01	3.91e-04
 3.39722e+16	3.22e-02	9.67e-01	3.85e-04
 3.39943e+16	3.55e-02	9.64e-01	3.81e-04
 3.40175e+16	3.95e-02	9.60e-01	3.76e-04
 3.40424e+16	4.47e-02	9.55e-01	3.72e-04
 3.40637e+16	4.98e-02	9.50e-01	3.71e-04
 3.40816e+16	5.51e-02	9.45e-01	3.69e-04
 3.40985e+16	6.07e-02	9.39e-01	3.69e-04
 3.41179e+16	6.82e-02	9.31e-01	3.68e-04
 3.41379e+16	7.75e-02	9.22e-01	3.69e-04
 3.41538e+16	8.66e-02	9.13e-01	3.71e-04
 3.41666e+16	9.45e-02	9.05e-01	3.74e-04
 3.41791e+16	1.03e-01	8.96e-01	3.77e-04
 3.41929e+16	1.14e-01	8.85e-01	3.81e-04
 3.42066e+16	1.27e-01	8.73e-01	3.86e-04
 3.42183e+16	1.40e-01	8.60e-01	3.91e-04
 3.42283e+16	1.51e-01	8.49e-01	3.97e-04
 3.42374e+16	1.62e-01	8.37e-01	4.02e-04
 3.42443e+16	1.72e-01	8.28e-01	4.06e-04
 3.42489e+16	1.79e-01	8.21e-01	4.09e-04
 3.42533e+16	1.85e-01	8.14e-01	4.11e-04
 3.42583e+16	1.93e-01	8.06e-01	4.14e-04
 3.42638e+16	2.03e-01	7.97e-01	4.18e-04
 3.42691e+16	2.12e-01	7.88e-01	4.21e-04
 3.42740e+16	2.21e-01	7.79e-01	4.26e-04
 3.42789e+16	2.30e-01	7.69e-01	4.29e-04
 3.42837e+16	2.40e-01	7.60e-01	4.33e-04
 3.42886e+16	2.50e-01	7.49e-01	4.36e-04
 3.42934e+16	2.60e-01	7.39e-01	4.41e-04
 3.42981e+16	2.71e-01	7.28e-01	4.44e-04
 3.43028e+16	2.83e-01	7.17e-01	4.48e-04
 3.43074e+16	2.94e-01	7.06e-01	4.51e-04
 3.43119e+16	3.05e-01	6.94e-01	4.55e-04
 3.43164e+16	3.18e-01	6.82e-01	4.58e-04
 3.43208e+16	3.30e-01	6.70e-01	4.63e-04
 3.43252e+16	3.43e-01	6.57e-01	4.65e-04
 3.43296e+16	3.55e-01	6.45e-01	4.69e-04
 3.43339e+16	3.68e-01	6.31e-01	4.72e-04
 3.43382e+16	3.82e-01	6.18e-01	4.75e-04
 3.43424e+16	3.95e-01	6.04e-01	4.78e-04
 3.43465e+16	4.09e-01	5.91e-01	4.80e-04
 3.43506e+16	4.23e-01	5.77e-01	4.83e-04
 3.43547e+16	4.37e-01	5.63e-01	4.85e-04
 3.43587e+16	4.51e-01	5.49e-01	4.86e-04
 3.43627e+16	4.65e-01	5.35e-01	4.89e-04
 3.43666e+16	4.79e-01	5.20e-01	4.89e-04
 3.43704e+16	4.93e-01	5.06e-01	4.91e-04
 3.43742e+16	5.08e-01	4.92e-01	4.91e-04
 3.43779e+16	5.21e-01	4.78e-01	4.92e-04
 3.43816e+16	5.35e-01	4.64e-01	4.92e-04
 3.43852e+16	5.49e-01	4.50e-01	4.92e-04
 3.43888e+16	5.63e-01	4.36e-01	4.91e-04
 3.43923e+16	5.77e-01	4.23e-01	4.92e-04
 3.43957e+16	5.90e-01	4.10e-01	4.91e-04
 3.43990e+16	6.02e-01	3.97e-01	4.90e-04
 3.44023e+16	6.15e-01	3.85e-01	4.88e-04
 3.44056e+16	6.27e-01	3.72e-01	4.86e-04
 3.44088e+16	6.40e-01	3.60e-01	4.83e-04
 3.44119e+16	6.52e-01	3.48e-01	4.81e-04
 3.44150e+16	6.64e-01	3.36e-01	4.78e-04
 3.44181e+16	6.75e-01	3.24e-01	4.75e-04
 3.44211e+16	6.86e-01	3.13e-01	4.72e-04
 3.44240e+16	6.97e-01	3.03e-01	4.69e-04
 3.44269e+16	7.07e-01	2.92e-01	4.65e-04
 3.44298e+16	7.18e-01	2.82e-01	4.61e-04
 3.44326e+16	7.27e-01	2.72e-01	4.57e-04
 3.44354e+16	7.37e-01	2.62e-01	4.53e-04
 3.44382e+16	7.47e-01	2.53e-01	4.48e-04
 3.44410e+16	7.56e-01	2.44e-01	4.43e-04
 3.44437e+16	7.65e-01	2.35e-01	4.38e-04
 3.44464e+16	7.73e-01	2.27e-01	4.34e-04
 3.44490e+16	7.81e-01	2.18e-01	4.28e-04
 3.44517e+16	7.89e-01	2.10e-01	4.23e-04
 3.44543e+16	7.97e-01	2.02e-01	4.17e-04
 3.44569e+16	8.05e-01	1.95e-01	4.11e-04
 3.44591e+16	8.11e-01	1.88e-01	4.06e-04
 3.44608e+16	8.16e-01	1.84e-01	4.01e-04
 3.44623e+16	8.20e-01	1.80e-01	3.97e-04
 3.44638e+16	8.24e-01	1.75e-01	3.93e-04
 3.44655e+16	8.29e-01	1.71e-01	3.88e-04
 3.44672e+16	8.33e-01	1.66e-01	3.84e-04
 3.44686e+16	8.37e-01	1.63e-01	3.80e-04
 3.44702e+16	8.41e-01	1.59e-01	3.75e-04
 3.44717e+16	8.45e-01	1.55e-01	3.71e-04
 3.44731e+16	8.48e-01	1.51e-01	3.67e-04
 3.44745e+16	8.52e-01	1.48e-01	3.63e-04
 3.44759e+16	8.55e-01	1.45e-01	3.58e-04
 3.44773e+16	8.58e-01	1.41e-01	3.54e-04
 3.44787e+16	8.62e-01	1.38e-01	3.50e-04
 3.44801e+16	8.65e-01	1.35e-01	3.46e-04
 3.44815e+16	8.68e-01	1.32e-01	3.41e-04
 3.44828e+16	8.71e-01	1.29e-01	3.37e-04
 3.44843e+16	8.74e-01	1.26e-01	3.33e-04
 3.44857e+16	8.77e-01	1.23e-01	3.28e-04
 3.44872e+16	8.80e-01	1.20e-01	3.23e-04
 3.44887e+16	8.83e-01	1.17e-01	3.19e-04
 3.44904e+16	8.86e-01	1.14e-01	3.13e-04
 3.44922e+16	8.90e-01	1.10e-01	3.07e-04
 3.44942e+16	8.93e-01	1.06e-01	3.01e-04
 3.44964e+16	8.97e-01	1.02e-01	2.94e-04
 3.44987e+16	9.01e-01	9.85e-02	2.87e-04
 3.45008e+16	9.05e-01	9.50e-02	2.79e-04
 3.45028e+16	9.08e-01	9.17e-02	2.73e-04
 3.45048e+16	9.11e-01	8.86e-02	2.66e-04
 3.45067e+16	9.14e-01	8.56e-02	2.59e-04
 3.45085e+16	9.17e-01	8.29e-02	2.52e-04
 3.45102e+16	9.19e-01	8.04e-02	2.46e-04
 3.45117e+16	9.22e-01	7.83e-02	2.41e-04
 3.45131e+16	9.23e-01	7.63e-02	2.36e-04
 3.45143e+16	9.25e-01	7.46e-02	2.31e-04
 3.45155e+16	9.27e-01	7.31e-02	2.27e-04
 3.45165e+16	9.28e-01	7.17e-02	2.23e-04
 3.45177e+16	9.30e-01	7.02e-02	2.19e-04
 3.45189e+16	9.31e-01	6.86e-02	2.15e-04
 3.45200e+16	9.33e-01	6.72e-02	2.11e-04
 3.45210e+16	9.34e-01	6.59e-02	2.07e-04
 3.45221e+16	9.35e-01	6.46e-02	2.03e-04
 3.45233e+16	9.37e-01	6.32e-02	1.99e-04
 3.45244e+16	9.38e-01	6.19e-02	1.95e-04
 3.45254e+16	9.39e-01	6.08e-02	1.92e-04
 3.45263e+16	9.40e-01	5.98e-02	1.89e-04
 3.45273e+16	9.41e-01	5.86e-02	1.85e-04
 3.45284e+16	9.42e-01	5.75e-02	1.82e-04
 3.45294e+16	9.43e-01	5.65e-02	1.78e-04
 3.45303e+16	9.44e-01	5.55e-02	1.75e-04
 3.45311e+16	9.45e-01	5.47e-02	1.73e-04
 3.45320e+16	9.46e-01	5.38e-02	1.70e-04
 3.45329e+16	9.47e-01	5.28e-02	1.66e-04
 3.45338e+16	9.48e-01	5.20e-02	1.64e-04
 3.45346e+16	9.49e-01	5.12e-02	1.61e-04
 3.45355e+16	9.50e-01	5.03e-02	1.58e-04
 3.45364e+16	9.50e-01	4.94e-02	1.55e-04
 3.45373e+16	9.51e-01	4.87e-02	1.53e-04
 3.45380e+16	9.52e-01	4.79e-02	1.50e-04
 3.45389e+16	9.53e-01	4.72e-02	1.47e-04
 3.45398e+16	9.53e-01	4.64e-02	1.45e-04
 3.45406e+16	9.54e-01	4.57e-02	1.42e-04
 3.45414e+16	9.55e-01	4.50e-02	1.40e-04
 3.45422e+16	9.56e-01	4.43e-02	1.38e-04
 3.45431e+16	9.56e-01	4.36e-02	1.35e-04
 3.45439e+16	9.57e-01	4.29e-02	1.33e-04
 3.45447e+16	9.58e-01	4.24e-02	1.31e-04
 3.45455e+16	9.58e-01	4.17e-02	1.28e-04
 3.45464e+16	9.59e-01	4.10e-02	1.26e-04
 3.45472e+16	9.59e-01	4.05e-02	1.24e-04
 3.45481e+16	9.60e-01	3.98e-02	1.22e-04
 3.45490e+16	9.61e-01	3.91e-02	1.20e-04
 3.45499e+16	9.61e-01	3.85e-02	1.18e-04
 3.45507e+16	9.62e-01	3.80e-02	1.16e-04
 3.45515e+16	9.62e-01	3.74e-02	1.14e-04
 3.45525e+16	9.63e-01	3.69e-02	1.12e-04
 3.45533e+16	9.64e-01	3.63e-02	1.10e-04
 3.45542e+16	9.64e-01	3.58e-02	1.08e-04
 3.45552e+16	9.65e-01	3.52e-02	1.06e-04
 3.45561e+16	9.65e-01	3.47e-02	1.04e-04
 3.45571e+16	9.66e-01	3.41e-02	1.02e-04
 3.45582e+16	9.66e-01	3.35e-02	1.00e-04
 3.45592e+16	9.67e-01	3.30e-02	9.87e-05
 3.45603e+16	9.67e-01	3.25e-02	9.68e-05
 3.45614e+16	9.68e-01	3.19e-02	9.50e-05
 3.45625e+16	9.68e-01	3.15e-02	9.35e-05
 3.45636e+16	9.69e-01	3.09e-02	9.16e-05
 3.45649e+16	9.70e-01	3.04e-02	8.99e-05
 3.45660e+16	9.70e-01	2.99e-02	8.84e-05
 3.45673e+16	9.70e-01	2.94e-02	8.66e-05
 3.45686e+16	9.71e-01	2.89e-02	8.49e-05
 3.45698e+16	9.71e-01	2.85e-02	8.35e-05
 3.45712e+16	9.72e-01	2.80e-02	8.18e-05
 3.45726e+16	9.72e-01	2.75e-02	8.02e-05
 3.45739e+16	9.73e-01	2.71e-02	7.89e-05
 3.45754e+16	9.73e-01	2.66e-02	7.73e-05
 3.45769e+16	9.74e-01	2.62e-02	7.58e-05
 3.45784e+16	9.74e-01	2.58e-02	7.45e-05
 3.45799e+16	9.75e-01	2.53e-02	7.31e-05
 3.45819e+16	9.75e-01	2.48e-02	7.14e-05
 3.45841e+16	9.76e-01	2.43e-02	6.98e-05
 3.45861e+16	9.76e-01	2.39e-02	6.84e-05
 3.45879e+16	9.76e-01	2.35e-02	6.72e-05
 3.45899e+16	9.77e-01	2.31e-02	6.58e-05
 3.45925e+16	9.77e-01	2.26e-02	6.42e-05
 3.45952e+16	9.78e-01	2.21e-02	6.28e-05
 3.45978e+16	9.78e-01	2.18e-02	6.15e-05
 3.46005e+16	9.79e-01	2.13e-02	6.01e-05
 3.46035e+16	9.79e-01	2.10e-02	5.89e-05
 3.46062e+16	9.79e-01	2.06e-02	5.78e-05
 3.46092e+16	9.80e-01	2.03e-02	5.66e-05
 3.46131e+16	9.80e-01	1.99e-02	5.53e-05
 3.46173e+16	9.80e-01	1.95e-02	5.42e-05
 3.46211e+16	9.81e-01	1.92e-02	5.32e-05
 3.46252e+16	9.81e-01	1.89e-02	5.21e-05
 3.46307e+16	9.81e-01	1.86e-02	5.09e-05
 3.46365e+16	9.82e-01	1.83e-02	4.99e-05
 3.46429e+16	9.82e-01	1.79e-02	4.88e-05
 3.46513e+16	9.82e-01	1.76e-02	4.76e-05
 3.46603e+16	9.83e-01	1.73e-02	4.67e-05
 3.46701e+16	9.83e-01	1.71e-02	4.56e-05
 3.46830e+16	9.83e-01	1.68e-02	4.44e-05
 3.46996e+16	9.83e-01	1.65e-02	4.32e-05
 3.47176e+16	9.84e-01	1.62e-02	4.20e-05
 3.47374e+16	9.84e-01	1.60e-02	4.07e-05
 3.47630e+16	9.84e-01	1.56e-02	3.92e-05
 3.47907e+16	9.85e-01	1.53e-02	3.78e-05
 3.48159e+16	9.85e-01	1.51e-02	3.67e-05
 3.48435e+16	9.85e-01	1.48e-02	3.53e-05
 3.48733e+16	9.85e-01	1.45e-02	3.40e-05
 3.49004e+16	9.86e-01	1.43e-02	3.29e-05
 3.49301e+16	9.86e-01	1.40e-02	3.17e-05
 3.49622e+16	9.86e-01	1.37e-02	3.05e-05
 3.49913e+16	9.86e-01	1.35e-02	2.94e-05
 3.50233e+16	9.87e-01	1.32e-02	2.82e-05
 3.50579e+16	9.87e-01	1.30e-02	2.71e-05
 3.50893e+16	9.87e-01	1.27e-02	2.61e-05
 3.51237e+16	9.88e-01	1.24e-02	2.50e-05
 3.51609e+16	9.88e-01	1.22e-02	2.40e-05
 3.51947e+16	9.88e-01	1.19e-02	2.31e-05
 3.52318e+16	9.88e-01	1.17e-02	2.21e-05
 3.52718e+16	9.89e-01	1.14e-02	2.11e-05
 3.53082e+16	9.89e-01	1.12e-02	2.03e-05
 3.53481e+16	9.89e-01	1.09e-02	1.93e-05
 3.53912e+16	9.89e-01	1.07e-02	1.84e-05
 3.54304e+16	9.90e-01	1.04e-02	1.77e-05
 3.54734e+16	9.90e-01	1.02e-02	1.68e-05
 3.55198e+16	9.90e-01	9.92e-03	1.60e-05
 3.55620e+16	9.90e-01	9.70e-03	1.53e-05
 3.56082e+16	9.91e-01	9.45e-03	1.45e-05
 3.56581e+16	9.91e-01	9.21e-03	1.38e-05
 3.57036e+16	9.91e-01	9.00e-03	1.32e-05
 3.57534e+16	9.91e-01	8.76e-03	1.25e-05
 3.58071e+16	9.91e-01	8.52e-03	1.18e-05
 3.58560e+16	9.92e-01	8.31e-03	1.13e-05
 3.59096e+16	9.92e-01	8.08e-03	1.07e-05
 3.59675e+16	9.92e-01	7.85e-03	1.01e-05
 3.60201e+16	9.92e-01	7.65e-03	9.58e-06
 3.60778e+16	9.93e-01	7.43e-03	9.03e-06
 3.61401e+16	9.93e-01	7.21e-03	8.51e-06
 3.62084e+16	9.93e-01	6.97e-03	7.95e-06
 3.62917e+16	9.93e-01	6.68e-03	7.33e-06
 3.63815e+16	9.94e-01	6.41e-03	6.74e-06
 3.64727e+16	9.94e-01	6.14e-03	6.20e-06
 3.65669e+16	9.94e-01	5.88e-03	5.69e-06
 3.66651e+16	9.94e-01	5.62e-03	5.21e-06
 3.67671e+16	9.95e-01	5.37e-03	4.76e-06
 3.68728e+16	9.95e-01	5.13e-03	4.34e-06
 3.69820e+16	9.95e-01	4.89e-03	3.95e-06
 3.70934e+16	9.95e-01	4.66e-03	3.59e-06
 3.72066e+16	9.96e-01	4.45e-03	3.27e-06
 3.73220e+16	9.96e-01	4.24e-03	2.97e-06
 3.74399e+16	9.96e-01	4.04e-03	2.70e-06
 3.75600e+16	9.96e-01	3.84e-03	2.45e-06
 3.76824e+16	9.96e-01	3.66e-03	2.22e-06
 3.78071e+16	9.97e-01	3.48e-03	2.01e-06
 3.79341e+16	9.97e-01	3.31e-03	1.82e-06
 3.80636e+16	9.97e-01	3.15e-03	1.65e-06
 3.81936e+16	9.97e-01	3.00e-03	1.50e-06
 3.83256e+16	9.97e-01	2.85e-03	1.35e-06
 3.84627e+16	9.97e-01	2.71e-03	1.22e-06
 3.86032e+16	9.97e-01	2.57e-03	1.10e-06
 3.87460e+16	9.98e-01	2.44e-03	9.93e-07
 3.88914e+16	9.98e-01	2.32e-03	8.94e-07
 3.90395e+16	9.98e-01	2.20e-03	8.04e-07
 3.91906e+16	9.98e-01	2.08e-03	7.22e-07
 3.93449e+16	9.98e-01	1.97e-03	6.48e-07
 3.95023e+16	9.98e-01	1.87e-03	5.80e-07
 3.96631e+16	9.98e-01	1.77e-03	5.19e-07
 3.98274e+16	9.98e-01	1.67e-03	4.64e-07
 3.99952e+16	9.98e-01	1.58e-03	4.14e-07
 4.01667e+16	9.99e-01	1.49e-03	3.69e-07
 4.03421e+16	9.99e-01	1.41e-03	3.28e-07
 4.05214e+16	9.99e-01	1.33e-03	2.92e-07
 4.07050e+16	9.99e-01	1.25e-03	2.59e-07
 4.08930e+16	9.99e-01	1.17e-03	2.29e-07
 4.10857e+16	9.99e-01	1.10e-03	2.02e-07
 4.12831e+16	9.99e-01	1.04e-03	1.78e-07
 4.14856e+16	9.99e-01	9.73e-04	1.56e-07
 4.16936e+16	9.99e-01	9.13e-04	1.37e-07
 4.19076e+16	9.99e-01	8.55e-04	1.20e-07
 4.21276e+16	9.99e-01	7.99e-04	1.05e-07
 4.23543e+16	9.99e-01	7.46e-04	9.12e-08
 4.25879e+16	9.99e-01	6.96e-04	7.92e-08
 4.28243e+16	9.99e-01	6.49e-04	6.86e-08
 4.30674e+16	9.99e-01	6.04e-04	5.92e-08
 4.33254e+16	9.99e-01	5.60e-04	5.07e-08
 4.35951e+16	9.99e-01	5.18e-04	4.32e-08
 4.38739e+16	1.00e+00	4.78e-04	3.66e-08
 4.41633e+16	1.00e+00	4.40e-04	3.09e-08
 4.44656e+16	1.00e+00	4.04e-04	2.59e-08
 4.47833e+16	1.00e+00	3.70e-04	2.15e-08
 4.51174e+16	1.00e+00	3.37e-04	1.77e-08
 4.54683e+16	1.00e+00	3.05e-04	1.45e-08
 4.58414e+16	1.00e+00	2.76e-04	1.17e-08
 4.62364e+16	1.00e+00	2.47e-04	9.34e-09
 4.66582e+16	1.00e+00	2.20e-04	7.35e-09
 4.71148e+16	1.00e+00	1.95e-04	5.68e-09
 4.76074e+16	1.00e+00	1.70e-04	4.31e-09
 4.81438e+16	1.00e+00	1.47e-04	3.19e-09
 4.87357e+16	1.00e+00	1.26e-04	2.30e-09
 4.93869e+16	1.00e+00	1.05e-04	1.60e-09
 5.01265e+16	1.00e+00	8.61e-05	1.06e-09
 5.09970e+16	1.00e+00	6.78e-05	6.54e-10
 5.19913e+16	1.00e+00	5.18e-05	3.80e-10
 5.30487e+16	1.00e+00	3.90e-05	2.16e-10
 5.41202e+16	1.00e+00	2.93e-05	1.22e-10
 5.52091e+16	1.00e+00	2.19e-05	6.92e-11
 5.63391e+16	1.00e+00	1.63e-05	3.86e-11
 5.75273e+16	1.00e+00	1.19e-05	2.10e-11
 5.87777e+16	1.00e+00	8.68e-06	1.13e-11
 6.00953e+16	1.00e+00	6.24e-06	5.91e-12
 6.14967e+16	1.00e+00	4.42e-06	3.02e-12
 6.30044e+16	1.00e+00	3.08e-06	1.49e-12
 6.45703e+16	1.00e+00	2.14e-06	7.35e-13
 6.61364e+16	1.00e+00	1.51e-06	3.69e-13
 6.77025e+16	1.00e+00	1.07e-06	1.88e-13
 6.92686e+16	1.00e+00	7.63e-07	9.76e-14
 7.08346e+16	1.00e+00	5.51e-07	5.15e-14
 7.24007e+16	1.00e+00	4.01e-07	2.76e-14
 7.39668e+16	1.00e+00	2.94e-07	1.50e-14
 7.55329e+16	1.00e+00	2.17e-07	8.30e-15
 7.70989e+16	1.00e+00	1.62e-07	4.64e-15
 7.86650e+16	1.00e+00	1.21e-07	2.64e-15
 8.04660e+16	1.00e+00	8.72e-08	1.37e-15
 8.25326e+16	1.00e+00	6.09e-08	6.74e-16
 8.46298e+16	1.00e+00	4.28e-08	3.35e-16
 8.68901e+16	1.00e+00	2.94e-08	1.60e-16
 8.93371e+16	1.00e+00	1.99e-08	7.41e-17
 9.18077e+16	1.00e+00	1.37e-08	3.50e-17
 9.42783e+16	1.00e+00	9.46e-09	1.69e-17
 9.68676e+16	1.00e+00	6.49e-09	7.99e-18
 9.96155e+16	1.00e+00	4.42e-09	3.71e-18
 1.02430e+17	1.00e+00	3.01e-09	1.74e-18
 1.05272e+17	1.00e+00	2.07e-09	8.24e-19
 1.08114e+17	1.00e+00	1.44e-09	4.00e-19
 1.10956e+17	1.00e+00	1.01e-09	1.97e-19
 1.13798e+17	1.00e+00	7.15e-10	9.93e-20
 1.16640e+17	1.00e+00	5.11e-10	5.08e-20
 1.19482e+17	1.00e+00	3.68e-10	2.64e-20
 1.22324e+17	1.00e+00	2.67e-10	1.39e-20
 1.25166e+17	1.00e+00	1.95e-10	7.46e-21
 1.28009e+17	1.00e+00	1.44e-10	0.00e+00
 1.30851e+17	1.00e+00	1.07e-10	0.00e+00
 1.33837e+17	1.00e+00	7.82e-11	0.00e+00
 1.36967e+17	1.00e+00	5.72e-11	0.00e+00
 1.40097e+17	1.00e+00	4.22e-11	0.00e+00
 1.43227e+17	1.00e+00	3.14e-11	0.00e+00
 1.46756e+17	1.00e+00	2.25e-11	0.00e+00
 1.50685e+17	1.00e+00	1.59e-11	0.00e+00
 1.54690e+17	1.00e+00	1.13e-11	0.00e+00
 1.58869e+17	1.00e+00	8.11e-12	0.00e+00
 1.63208e+17	1.00e+00	5.86e-12	0.00e+00
 1.67652e+17	1.00e+00	4.31e-12	0.00e+00
 1.72203e+17	1.00e+00	3.25e-12	0.00e+00
 1.76841e+17	1.00e+00	2.52e-12	0.00e+00
 1.81501e+17	1.00e+00	2.02e-12	0.00e+00
 1.86162e+17	1.00e+00	1.69e-12	0.00e+00
 1.90960e+17	1.00e+00	1.45e-12	0.00e+00
 1.95934e+17	1.00e+00	1.27e-12	0.00e+00
 2.00886e+17	1.00e+00	1.14e-12	0.00e+00
 2.05698e+17	1.00e+00	1.07e-12	0.00e+00
 2.10368e+17	1.00e+00	1.03e-12	0.00e+00
 2.14914e+17	1.00e+00	1.00e-12	0.00e+00
 2.19327e+17	1.00e+00	9.85e-13	0.00e+00
 2.23592e+17	1.00e+00	9.76e-13	0.00e+00
 2.27688e+17	1.00e+00	9.74e-13	0.00e+00
 2.31594e+17	1.00e+00	9.77e-13	0.00e+00
 2.35305e+17	1.00e+00	9.85e-13	0.00e+00
 2.38832e+17	1.00e+00	9.94e-13	0.00e+00
 2.42186e+17	1.00e+00	1.00e-12	0.00e+00
 2.45368e+17	1.00e+00	1.01e-12	0.00e+00
 2.48381e+17	1.00e+00	1.03e-12	0.00e+00
 2.51229e+17	1.00e+00	1.04e-12	0.00e+00
 2.53916e+17	1.00e+00	1.05e-12	0.00e+00
 2.56455e+17	1.00e+00	1.06e-12	0.00e+00
 2.58854e+17	1.00e+00	1.07e-12	0.00e+00
 2.61122e+17	1.00e+00	1.08e-12	0.00e+00
 2.63264e+17	1.00e+00	1.09e-12	0.00e+00
 2.65288e+17	1.00e+00	1.10e-12	0.00e+00
 2.67199e+17	1.00e+00	1.11e-12	0.00e+00
 2.69006e+17	1.00e+00	1.12e-12	0.00e+00
 2.70715e+17	1.00e+00	1.13e-12	0.00e+00
 2.72332e+17	1.00e+00	1.13e-12	0.00e+00
 2.73863e+17	1.00e+00	1.14e-12	0.00e+00
 2.75311e+17	1.00e+00	1.15e-12	0.00e+00
 2.76682e+17	1.00e+00	1.15e-12	0.00e+00
 2.77981e+17	1.00e+00	1.16e-12	0.00e+00
 2.79214e+17	1.00e+00	1.17e-12	0.00e+00
 2.80383e+17	1.00e+00	1.17e-12	0.00e+00
 2.81492e+17	1.00e+00	1.18e-12	0.00e+00
 2.82544e+17	1.00e+00	1.18e-12	0.00e+00
 2.83543e+17	1.00e+00	1.18e-12	0.00e+00
 2.84493e+17	1.00e+00	1.19e-12	0.00e+00
 2.85396e+17	1.00e+00	1.19e-12	0.00e+00
 2.86255e+17	1.00e+00	1.20e-12	0.00e+00
 2.87073e+17	1.00e+00	1.20e-12	0.00e+00
 2.87852e+17	1.00e+00	1.20e-12	0.00e+00
 2.88594e+17	1.00e+00	1.21e-12	0.00e+00
 2.89301e+17	1.00e+00	1.21e-12	0.00e+00
 2.89976e+17	1.00e+00	1.21e-12	0.00e+00
 2.90621e+17	1.00e+00	1.21e-12	0.00e+00
 2.91238e+17	1.00e+00	1.22e-12	0.00e+00
 2.91828e+17	1.00e+00	1.22e-12	0.00e+00
 2.92393e+17	1.00e+00	1.22e-12	0.00e+00
 2.92935e+17	1.00e+00	1.22e-12	0.00e+00
 2.93455e+17	1.00e+00	1.22e-12	0.00e+00
 2.93955e+17	1.00e+00	1.23e-12	0.00e+00
 2.94436e+17	1.00e+00	1.23e-12	0.00e+00
 2.94900e+17	1.00e+00	1.23e-12	0.00e+00
 2.95349e+17	1.00e+00	1.23e-12	0.00e+00
 2.95782e+17	1.00e+00	1.23e-12	0.00e+00
 2.96203e+17	1.00e+00	1.23e-12	0.00e+00
 2.96612e+17	1.00e+00	1.24e-12	0.00e+00
 2.97011e+17	1.00e+00	1.24e-12	0.00e+00
 2.97401e+17	1.00e+00	1.24e-12	0.00e+00
 2.97783e+17	1.00e+00	1.24e-12	0.00e+00
 2.98160e+17	1.00e+00	1.24e-12	0.00e+00
 2.98532e+17	1.00e+00	1.24e-12	0.00e+00
 2.98901e+17	1.00e+00	1.24e-12	0.00e+00
 2.99270e+17	1.00e+00	1.24e-12	0.00e+00
 2.99639e+17	1.00e+00	1.24e-12	0.00e+00
 3.00013e+17	1.00e+00	1.24e-12	0.00e+00
 3.00393e+17	1.00e+00	1.24e-12	0.00e+00
 3.00784e+17	1.00e+00	1.24e-12	0.00e+00
 3.01188e+17	1.00e+00	1.24e-12	0.00e+00
 3.01610e+17	1.00e+00	1.24e-12	0.00e+00
 3.02058e+17	1.00e+00	1.24e-12	0.00e+00
 3.02539e+17	1.00e+00	1.24e-12	0.00e+00
 3.03064e+17	1.00e+00	1.24e-12	0.00e+00
 3.03648e+17	1.00e+00	1.24e-12	0.00e+00
 3.04310e+17	1.00e+00	1.23e-12	0.00e+00
 3.05078e+17	1.00e+00	1.23e-12	0.00e+00
 3.05996e+17	1.00e+00	1.22e-12	0.00e+00
 3.07125e+17	1.00e+00	1.21e-12	0.00e+00
 3.08563e+17	1.00e+00	1.19e-12	0.00e+00
 3.10428e+17	1.00e+00	1.17e-12	0.00e+00
 3.12852e+17	1.00e+00	1.12e-12	0.00e+00
 3.16004e+17	1.00e+00	1.06e-12	0.00e+00
 3.20101e+17	1.00e+00	9.72e-13	0.00e+00
 3.25428e+17	1.00e+00	8.62e-13	0.00e+00
 3.32352e+17	1.00e+00	7.30e-13	0.00e+00
 3.41354e+17	1.00e+00	5.81e-13	0.00e+00
 3.53057e+17	1.00e+00	4.26e-13	0.00e+00
 3.66865e+17	1.00e+00	2.79e-13	0.00e+00
 3.81539e+17	1.00e+00	2.26e-13	0.00e+00
 3.96801e+17	1.00e+00	2.01e-13	0.00e+00
 4.12673e+17	1.00e+00	1.78e-13	0.00e+00
 4.29180e+17	1.00e+00	1.57e-13	0.00e+00
 4.46347e+17	1.00e+00	1.37e-13	0.00e+00
 4.64201e+17	1.00e+00	1.19e-13	0.00e+00
 4.82769e+17	1.00e+00	1.01e-13	0.00e+00
 5.02080e+17	1.00e+00	8.56e-14	0.00e+00
 5.21628e+17	1.00e+00	7.12e-14	0.00e+00
 5.40141e+17	1.00e+00	6.76e-14	0.00e+00
 5.56733e+17	1.00e+00	7.86e-14	0.00e+00
 5.71638e+17	1.00e+00	9.41e-14	0.00e+00
 5.85585e+17	1.00e+00	1.02e-13	0.00e+00
 5.98972e+17	1.00e+00	1.00e-13	0.00e+00
 6.11572e+17	1.00e+00	9.63e-14	0.00e+00
 6.22878e+17	1.00e+00	9.73e-14	0.00e+00
 6.32694e+17	1.00e+00	1.03e-13	0.00e+00
 6.41275e+17	1.00e+00	1.08e-13	0.00e+00
 6.48617e+17	1.00e+00	1.09e-13	0.00e+00
 6.54095e+17	1.00e+00	1.12e-13	0.00e+00
 6.57485e+17	1.00e+00	1.22e-13	0.00e+00
 6.59437e+17	1.00e+00	1.31e-13	0.00e+00
 6.60609e+17	1.00e+00	1.36e-13	0.00e+00
 6.61311e+17	1.00e+00	1.39e-13	0.00e+00
 6.61774e+17	1.00e+00	1.41e-13	0.00e+00
 6.62188e+17	1.00e+00	1.42e-13	0.00e+00
 6.62654e+17	1.00e+00	1.43e-13	0.00e+00
 6.63171e+17	1.00e+00	1.44e-13	0.00e+00
 6.63658e+17	1.00e+00	1.45e-13	0.00e+00
 6.64050e+17	1.00e+00	1.45e-13	0.00e+00
 6.64383e+17	1.00e+00	1.45e-13	0.00e+00
 6.64714e+17	1.00e+00	1.46e-13	0.00e+00
 6.65058e+17	1.00e+00	1.46e-13	0.00e+00
 6.65405e+17	1.00e+00	1.46e-13	0.00e+00
 6.65714e+17	1.00e+00	1.45e-13	0.00e+00
 6.65965e+17	1.00e+00	1.45e-13	0.00e+00
 6.66207e+17	1.00e+00	1.45e-13	0.00e+00
 6.66474e+17	1.00e+00	1.45e-13	0.00e+00
 6.66742e+17	1.00e+00	1.45e-13	0.00e+00
 6.66986e+17	1.00e+00	1.44e-13	0.00e+00
 6.67206e+17	1.00e+00	1.44e-13	0.00e+00
 6.67410e+17	1.00e+00	1.44e-13	0.00e+00
 6.67607e+17	1.00e+00	1.43e-13	0.00e+00
 6.67808e+17	1.00e+00	1.43e-13	0.00e+00
 6.68013e+17	1.00e+00	1.43e-13	0.00e+00
 6.68216e+17	1.00e+00	1.42e-13	0.00e+00
 6.68400e+17	1.00e+00	1.42e-13	0.00e+00
 6.68573e+17	1.00e+00	1.41e-13	0.00e+00
 6.68749e+17	1.00e+00	1.41e-13	0.00e+00
 6.68930e+17	1.00e+00	1.41e-13	0.00e+00
 6.69111e+17	1.00e+00	1.40e-13	0.00e+00
 6.69281e+17	1.00e+00	1.40e-13	0.00e+00
 6.69445e+17	1.00e+00	1.39e-13	0.00e+00
 6.69614e+17	1.00e+00	1.39e-13	0.00e+00
 6.69786e+17	1.00e+00	1.38e-13	0.00e+00
 6.69960e+17	1.00e+00	1.38e-13	0.00e+00
 6.70133e+17	1.00e+00	1.37e-13	0.00e+00
 6.70298e+17	1.00e+00	1.37e-13	0.00e+00
 6.70459e+17	1.00e+00	1.36e-13	0.00e+00
 6.70624e+17	1.00e+00	1.36e-13	0.00e+00
 6.70808e+17	1.00e+00	1.35e-13	0.00e+00
 6.71007e+17	1.00e+00	1.34e-13	0.00e+00
 6.71191e+17	1.00e+00	1.34e-13	0.00e+00
 6.71354e+17	1.00e+00	1.33e-13	0.00e+00
 6.71530e+17	1.00e+00	1.32e-13	0.00e+00
 6.71741e+17	1.00e+00	1.32e-13	0.00e+00
 6.71964e+17	1.00e+00	1.31e-13	0.00e+00
 6.72170e+17	1.00e+00	1.30e-13	0.00e+00
 6.72356e+17	1.00e+00	1.29e-13	0.00e+00
 6.72546e+17	1.00e+00	1.28e-13	0.00e+00
 6.72757e+17	1.00e+00	1.27e-13	0.00e+00
 6.72974e+17	1.00e+00	1.26e-13	0.00e+00
 6.73195e+17	1.00e+00	1.26e-13	0.00e+00
 6.73437e+17	1.00e+00	1.24e-13	0.00e+00
 6.73676e+17	1.00e+00	1.23e-13	0.00e+00
 6.73902e+17	1.00e+00	1.22e-13	0.00e+00
 6.74137e+17	1.00e+00	1.21e-13	0.00e+00
 6.74398e+17	1.00e+00	1.20e-13	0.00e+00
 6.74674e+17	1.00e+00	1.19e-13	0.00e+00
 6.74943e+17	1.00e+00	1.18e-13	0.00e+00
 6.75205e+17	1.00e+00	1.16e-13	0.00e+00
 6.75473e+17	1.00e+00	1.15e-13	0.00e+00
 6.75760e+17	1.00e+00	1.14e-13	0.00e+00
 6.76072e+17	1.00e+00	1.12e-13	0.00e+00
 6.76391e+17	1.00e+00	1.11e-13	0.00e+00
 6.76706e+17	1.00e+00	1.09e-13	0.00e+00
 6.77020e+17	1.00e+00	1.08e-13	0.00e+00
 6.77341e+17	1.00e+00	1.06e-13	0.00e+00
 6.77679e+17	1.00e+00	1.05e-13	0.00e+00
 6.78027e+17	1.00e+00	1.03e-13	0.00e+00
 6.78388e+17	1.00e+00	1.01e-13	0.00e+00
 6.78765e+17	1.00e+00	9.93e-14	0.00e+00
 6.79148e+17	1.00e+00	9.73e-14	0.00e+00
 6.79523e+17	1.00e+00	9.56e-14	0.00e+00
 6.79921e+17	1.00e+00	9.37e-14	0.00e+00
 6.80350e+17	1.00e+00	9.16e-14	0.00e+00
 6.80774e+17	1.00e+00	8.95e-14	0.00e+00
 6.81189e+17	1.00e+00	8.75e-14	0.00e+00
 6.81624e+17	1.00e+00	8.55e-14	0.00e+00
 6.82083e+17	1.00e+00	8.33e-14	0.00e+00
 6.82554e+17	1.00e+00	8.11e-14	0.00e+00
 6.83031e+17	1.00e+00	7.88e-14	0.00e+00
 6.83503e+17	1.00e+00	7.66e-14	0.00e+00
 6.83979e+17	1.00e+00	7.44e-14	0.00e+00
 6.84479e+17	1.00e+00	7.22e-14	0.00e+00
 6.85007e+17	1.00e+00	6.98e-14	0.00e+00
 6.85540e+17	1.00e+00	6.74e-14	0.00e+00
 6.86067e+17	1.00e+00	6.51e-14	0.00e+00
 6.86602e+17	1.00e+00	6.28e-14	0.00e+00
 6.87162e+17	1.00e+00	6.05e-14	0.00e+00
 6.87739e+17	1.00e+00	5.81e-14	0.00e+00
 6.88315e+17	1.00e+00	5.57e-14	0.00e+00
 6.88883e+17	1.00e+00	5.34e-14	0.00e+00
 6.89467e+17	1.00e+00	5.12e-14	0.00e+00
 6.90075e+17	1.00e+00	4.88e-14	0.00e+00
 6.90705e+17	1.00e+00	4.65e-14	0.00e+00
 6.91347e+17	1.00e+00	4.42e-14	0.00e+00
 6.91993e+17	1.00e+00	4.19e-14	0.00e+00
 6.92636e+17	1.00e+00	3.97e-14	0.00e+00
 6.93313e+17	1.00e+00	3.75e-14	0.00e+00
 6.94024e+17	1.00e+00	3.52e-14	0.00e+00
 6.94730e+17	1.00e+00	3.30e-14	0.00e+00
 6.95432e+17	1.00e+00	3.10e-14	0.00e+00
 6.96161e+17	1.00e+00	2.89e-14	0.00e+00
 6.96930e+17	1.00e+00	2.69e-14	0.00e+00
 6.97727e+17	1.00e+00	2.49e-14	0.00e+00
 6.98506e+17	1.00e+00	2.29e-14	0.00e+00
 6.99180e+17	1.00e+00	2.12e-14	0.00e+00
 6.99739e+17	1.00e+00	1.99e-14	0.00e+00
 7.00237e+17	1.00e+00	1.88e-14	0.00e+00
 7.00724e+17	1.00e+00	1.79e-14	0.00e+00
 7.01211e+17	1.00e+00	1.69e-14	0.00e+00
 7.01683e+17	1.00e+00	1.61e-14	0.00e+00
 7.02124e+17	1.00e+00	1.52e-14	0.00e+00
 7.02530e+17	1.00e+00	1.45e-14	0.00e+00
 7.02912e+17	1.00e+00	1.39e-14	0.00e+00
 7.03283e+17	1.00e+00	1.33e-14	0.00e+00
 7.03645e+17	1.00e+00	1.27e-14	0.00e+00
 7.03996e+17	1.00e+00	1.22e-14	0.00e+00
 7.04331e+17	1.00e+00	1.17e-14	0.00e+00
 7.04651e+17	1.00e+00	1.12e-14	0.00e+00
 7.04959e+17	1.00e+00	1.08e-14	0.00e+00
 7.05258e+17	1.00e+00	1.04e-14	0.00e+00
 7.05549e+17	1.00e+00	9.98e-15	0.00e+00
 7.05830e+17	1.00e+00	9.61e-15	0.00e+00
 7.06103e+17	1.00e+00	9.26e-15	0.00e+00
 7.06367e+17	1.00e+00	8.93e-15	0.00e+00
 7.06623e+17	1.00e+00	8.62e-15	0.00e+00
 7.06872e+17	1.00e+00	8.31e-15	0.00e+00
 7.07113e+17	1.00e+00	8.03e-15	0.00e+00
 7.07347e+17	1.00e+00	7.76e-15	0.00e+00
 7.07575e+17	1.00e+00	7.50e-15	0.00e+00
 7.07799e+17	1.00e+00	7.25e-15	0.00e+00
 7.08017e+17	1.00e+00	7.02e-15	0.00e+00
 7.08229e+17	1.00e+00	6.79e-15	0.00e+00
 7.08435e+17	1.00e+00	6.57e-15	0.00e+00
 7.08669e+17	1.00e+00	6.37e-15	0.00e+00
