#depth	N	N+	N+2	N+3	N+4	N+5	N+6	N+7
 1.49634e+10	0.00e+00	0.00e+00	1.49e-31	4.87e-21	2.88e-11	5.39e-01	4.61e-01	1.46e-04
 4.54887e+10	0.00e+00	1.17e-42	1.96e-31	5.90e-21	3.23e-11	5.58e-01	4.41e-01	1.29e-04
 7.72350e+10	0.00e+00	0.00e+00	2.56e-31	7.14e-21	3.61e-11	5.78e-01	4.22e-01	1.14e-04
 1.10251e+11	0.00e+00	2.35e-42	3.35e-31	8.64e-21	4.04e-11	5.97e-01	4.03e-01	1.00e-04
 1.44588e+11	0.00e+00	0.00e+00	4.38e-31	1.04e-20	4.51e-11	6.16e-01	3.84e-01	8.85e-05
 1.80298e+11	0.00e+00	4.67e-42	5.71e-31	1.26e-20	5.03e-11	6.35e-01	3.65e-01	7.78e-05
 2.17437e+11	0.00e+00	0.00e+00	7.43e-31	1.51e-20	5.59e-11	6.53e-01	3.47e-01	6.83e-05
 2.56061e+11	0.00e+00	9.26e-42	9.67e-31	1.82e-20	6.22e-11	6.71e-01	3.29e-01	5.99e-05
 2.96231e+11	0.00e+00	0.00e+00	1.26e-30	2.18e-20	6.90e-11	6.88e-01	3.12e-01	5.25e-05
 3.37104e+11	0.00e+00	1.81e-41	1.62e-30	2.61e-20	7.63e-11	7.05e-01	2.95e-01	4.60e-05
 3.79613e+11	0.00e+00	0.00e+00	2.09e-30	3.11e-20	8.43e-11	7.21e-01	2.79e-01	4.03e-05
 4.24724e+11	0.00e+00	3.53e-41	2.70e-30	3.72e-20	9.32e-11	7.37e-01	2.63e-01	3.51e-05
 4.71640e+11	0.00e+00	0.00e+00	3.49e-30	4.44e-20	1.03e-10	7.52e-01	2.48e-01	3.06e-05
 5.20433e+11	0.00e+00	6.89e-41	4.50e-30	5.30e-20	1.13e-10	7.67e-01	2.33e-01	2.66e-05
 5.71177e+11	0.00e+00	0.00e+00	5.80e-30	6.32e-20	1.25e-10	7.81e-01	2.19e-01	2.31e-05
 6.18509e+11	0.00e+00	1.29e-40	7.29e-30	7.39e-20	1.36e-10	7.93e-01	2.07e-01	2.03e-05
 6.60185e+11	0.00e+00	0.00e+00	8.84e-30	8.45e-20	1.47e-10	8.03e-01	1.97e-01	1.82e-05
 7.06675e+11	0.00e+00	2.19e-40	1.09e-29	9.75e-20	1.58e-10	8.13e-01	1.87e-01	1.62e-05
 7.62574e+11	0.00e+00	0.00e+00	1.39e-29	1.15e-19	1.73e-10	8.25e-01	1.75e-01	1.41e-05
 8.18793e+11	0.00e+00	4.09e-40	1.75e-29	1.35e-19	1.89e-10	8.35e-01	1.65e-01	1.23e-05
 8.70403e+11	0.00e+00	0.00e+00	2.15e-29	1.55e-19	2.04e-10	8.44e-01	1.56e-01	1.09e-05
 9.27936e+11	0.00e+00	7.17e-40	2.68e-29	1.81e-19	2.21e-10	8.54e-01	1.46e-01	9.53e-06
 9.94627e+11	0.00e+00	0.00e+00	3.43e-29	2.14e-19	2.42e-10	8.63e-01	1.37e-01	8.22e-06
 1.05987e+12	0.00e+00	1.35e-39	4.33e-29	2.50e-19	2.63e-10	8.72e-01	1.28e-01	7.15e-06
 1.12161e+12	0.00e+00	0.00e+00	5.34e-29	2.89e-19	2.84e-10	8.80e-01	1.20e-01	6.29e-06
 1.19029e+12	0.00e+00	2.40e-39	6.70e-29	3.37e-19	3.08e-10	8.87e-01	1.13e-01	5.47e-06
 1.26783e+12	0.00e+00	0.00e+00	8.57e-29	3.98e-19	3.36e-10	8.95e-01	1.05e-01	4.70e-06
 1.34567e+12	0.00e+00	4.54e-39	1.09e-28	4.68e-19	3.66e-10	9.02e-01	9.75e-02	4.06e-06
 1.42662e+12	0.00e+00	0.00e+00	1.38e-28	5.49e-19	3.98e-10	9.09e-01	9.08e-02	3.50e-06
 1.51361e+12	0.00e+00	8.57e-39	1.76e-28	6.48e-19	4.34e-10	9.16e-01	8.42e-02	3.00e-06
 1.60408e+12	0.00e+00	0.00e+00	2.24e-28	7.64e-19	4.73e-10	9.22e-01	7.81e-02	2.57e-06
 1.69817e+12	0.00e+00	1.63e-38	2.86e-28	9.01e-19	5.15e-10	9.28e-01	7.23e-02	2.20e-06
 1.79603e+12	0.00e+00	0.00e+00	3.65e-28	1.06e-18	5.60e-10	9.33e-01	6.70e-02	1.88e-06
 1.89779e+12	0.00e+00	3.11e-38	4.65e-28	1.25e-18	6.10e-10	9.38e-01	6.20e-02	1.61e-06
 2.00363e+12	0.00e+00	0.00e+00	5.93e-28	1.47e-18	6.64e-10	9.43e-01	5.73e-02	1.37e-06
 2.11371e+12	0.00e+00	5.92e-38	7.56e-28	1.74e-18	7.22e-10	9.47e-01	5.30e-02	1.17e-06
 2.22818e+12	0.00e+00	0.00e+00	9.63e-28	2.04e-18	7.85e-10	9.51e-01	4.89e-02	1.00e-06
 2.34723e+12	0.00e+00	1.13e-37	1.23e-27	2.41e-18	8.54e-10	9.55e-01	4.52e-02	0.00e+00
 2.47105e+12	0.00e+00	0.00e+00	1.56e-27	2.83e-18	9.28e-10	9.58e-01	4.17e-02	0.00e+00
 2.59173e+12	0.00e+00	2.10e-37	1.96e-27	3.30e-18	1.00e-09	9.61e-01	3.87e-02	0.00e+00
 2.70627e+12	0.00e+00	0.00e+00	2.42e-27	3.80e-18	1.08e-09	9.64e-01	3.61e-02	0.00e+00
 2.83349e+12	0.00e+00	3.73e-37	3.02e-27	4.41e-18	1.16e-09	9.66e-01	3.35e-02	0.00e+00
 2.97239e+12	0.00e+00	0.00e+00	3.83e-27	5.17e-18	1.26e-09	9.69e-01	3.10e-02	0.00e+00
 3.10601e+12	0.00e+00	6.81e-37	4.76e-27	5.99e-18	1.36e-09	9.71e-01	2.88e-02	0.00e+00
 3.24934e+12	0.00e+00	0.00e+00	5.97e-27	6.97e-18	1.47e-09	9.73e-01	2.67e-02	0.00e+00
 3.40924e+12	0.00e+00	1.27e-36	7.61e-27	8.21e-18	1.59e-09	9.75e-01	2.46e-02	0.00e+00
 3.57022e+12	3.28e-47	1.74e-36	9.63e-27	9.61e-18	1.73e-09	9.77e-01	2.27e-02	0.00e+00
 3.73765e+12	0.00e+00	0.00e+00	1.22e-26	1.13e-17	1.87e-09	9.79e-01	2.10e-02	0.00e+00
 3.91708e+12	0.00e+00	3.28e-36	1.56e-26	1.33e-17	2.03e-09	9.81e-01	1.93e-02	0.00e+00
 4.10369e+12	1.09e-46	4.54e-36	1.98e-26	1.56e-17	2.21e-09	9.82e-01	1.78e-02	0.00e+00
 4.29776e+12	0.00e+00	0.00e+00	2.53e-26	1.84e-17	2.40e-09	9.84e-01	1.63e-02	0.00e+00
 4.49960e+12	0.00e+00	8.68e-36	3.24e-26	2.17e-17	2.61e-09	9.85e-01	1.50e-02	0.00e+00
 4.70951e+12	3.67e-46	1.20e-35	4.14e-26	2.56e-17	2.84e-09	9.86e-01	1.38e-02	0.00e+00
 4.92782e+12	0.00e+00	0.00e+00	5.29e-26	3.02e-17	3.08e-09	9.87e-01	1.27e-02	0.00e+00
 5.15486e+12	0.00e+00	2.31e-35	6.76e-26	3.56e-17	3.35e-09	9.88e-01	1.17e-02	0.00e+00
 5.39098e+12	1.25e-45	3.20e-35	8.65e-26	4.20e-17	3.64e-09	9.89e-01	1.07e-02	0.00e+00
 5.61358e+12	0.00e+00	0.00e+00	1.08e-25	4.88e-17	3.93e-09	9.90e-01	9.95e-03	0.00e+00
 5.81355e+12	0.00e+00	5.58e-35	1.32e-25	5.57e-17	4.20e-09	9.91e-01	9.31e-03	0.00e+00
 6.03836e+12	3.56e-45	7.40e-35	1.63e-25	6.43e-17	4.52e-09	9.91e-01	8.65e-03	0.00e+00
 6.30370e+12	0.00e+00	0.00e+00	2.08e-25	7.57e-17	4.91e-09	9.92e-01	7.96e-03	0.00e+00
 6.56865e+12	0.00e+00	1.39e-34	2.62e-25	8.87e-17	5.31e-09	9.93e-01	7.35e-03	0.00e+00
 6.81861e+12	1.11e-44	1.85e-34	3.25e-25	1.02e-16	5.71e-09	9.93e-01	6.83e-03	0.00e+00
 7.09569e+12	0.00e+00	2.51e-34	4.09e-25	1.20e-16	6.18e-09	9.94e-01	6.32e-03	0.00e+00
 7.40945e+12	2.47e-44	3.49e-34	5.25e-25	1.42e-16	6.73e-09	9.94e-01	5.80e-03	0.00e+00
 7.72354e+12	0.00e+00	4.82e-34	6.70e-25	1.67e-16	7.31e-09	9.95e-01	5.33e-03	0.00e+00
 8.05020e+12	5.50e-44	6.64e-34	8.54e-25	1.97e-16	7.94e-09	9.95e-01	4.91e-03	0.00e+00
 8.40214e+12	0.00e+00	9.29e-34	1.10e-24	2.33e-16	8.66e-09	9.96e-01	4.50e-03	0.00e+00
 8.73239e+12	1.22e-43	1.26e-33	1.38e-24	2.72e-16	9.37e-09	9.96e-01	4.16e-03	0.00e+00
 9.02744e+12	0.00e+00	1.63e-33	1.69e-24	3.12e-16	1.00e-08	9.96e-01	3.89e-03	0.00e+00
 9.35913e+12	2.42e-43	2.18e-33	2.10e-24	3.61e-16	1.08e-08	9.96e-01	3.61e-03	0.00e+00
 9.75250e+12	0.00e+00	3.02e-33	2.68e-24	4.27e-16	1.18e-08	9.97e-01	3.31e-03	0.00e+00
 1.01472e+13	5.41e-43	4.15e-33	3.42e-24	5.04e-16	1.28e-08	9.97e-01	3.05e-03	0.00e+00
 1.05153e+13	0.00e+00	5.54e-33	4.26e-24	5.84e-16	1.38e-08	9.97e-01	2.83e-03	0.00e+00
 1.09236e+13	1.13e-42	7.52e-33	5.37e-24	6.84e-16	1.49e-08	9.97e-01	2.61e-03	0.00e+00
 1.13905e+13	0.00e+00	1.06e-32	6.95e-24	8.16e-16	1.63e-08	9.98e-01	2.39e-03	0.00e+00
 1.18503e+13	2.59e-42	1.46e-32	8.91e-24	9.67e-16	1.78e-08	9.98e-01	2.19e-03	0.00e+00
 1.22922e+13	0.00e+00	1.97e-32	1.12e-23	1.13e-15	1.93e-08	9.98e-01	2.02e-03	0.00e+00
 1.27774e+13	5.57e-42	2.71e-32	1.42e-23	1.33e-15	2.10e-08	9.98e-01	1.86e-03	0.00e+00
 1.33185e+13	0.00e+00	3.82e-32	1.85e-23	1.60e-15	2.30e-08	9.98e-01	1.70e-03	0.00e+00
 1.38632e+13	1.29e-41	5.32e-32	2.39e-23	1.90e-15	2.52e-08	9.98e-01	1.55e-03	0.00e+00
 1.44297e+13	0.00e+00	7.42e-32	3.08e-23	2.26e-15	2.75e-08	9.99e-01	1.42e-03	0.00e+00
 1.50170e+13	2.94e-41	1.03e-31	3.97e-23	2.70e-15	3.01e-08	9.99e-01	1.30e-03	0.00e+00
 1.55958e+13	0.00e+00	1.42e-31	5.06e-23	3.19e-15	3.29e-08	9.99e-01	1.19e-03	0.00e+00
 1.62175e+13	6.50e-41	1.96e-31	6.51e-23	3.79e-15	3.59e-08	9.99e-01	1.09e-03	0.00e+00
 1.68962e+13	0.00e+00	2.76e-31	8.47e-23	4.56e-15	3.95e-08	9.99e-01	9.96e-04	0.00e+00
 1.76019e+13	1.51e-40	3.89e-31	1.10e-22	5.48e-15	4.35e-08	9.99e-01	9.06e-04	0.00e+00
 1.83359e+13	0.00e+00	5.47e-31	1.44e-22	6.59e-15	4.78e-08	9.99e-01	8.25e-04	0.00e+00
 1.90993e+13	3.51e-40	7.69e-31	1.87e-22	7.92e-15	5.27e-08	9.99e-01	7.50e-04	0.00e+00
 1.97904e+13	0.00e+00	1.03e-30	2.35e-22	9.31e-15	5.73e-08	9.99e-01	6.90e-04	0.00e+00
 2.03674e+13	6.78e-40	1.31e-30	2.83e-22	1.06e-14	6.13e-08	9.99e-01	6.45e-04	0.00e+00
 2.09999e+13	0.00e+00	1.69e-30	3.45e-22	1.22e-14	6.60e-08	9.99e-01	6.01e-04	0.00e+00
 2.17996e+13	1.35e-39	2.31e-30	4.39e-22	1.45e-14	7.22e-08	9.99e-01	5.50e-04	0.00e+00
 2.26328e+13	0.00e+00	3.15e-30	5.60e-22	1.72e-14	7.90e-08	9.99e-01	5.03e-04	0.00e+00
 2.33452e+13	2.70e-39	4.06e-30	6.84e-22	1.98e-14	8.52e-08	1.00e+00	4.68e-04	0.00e+00
 2.40843e+13	0.00e+00	5.24e-30	8.35e-22	2.28e-14	9.18e-08	1.00e+00	4.34e-04	0.00e+00
 2.50070e+13	5.37e-39	7.12e-30	1.06e-21	2.71e-14	1.01e-07	1.00e+00	3.97e-04	0.00e+00
 2.59425e+13	0.00e+00	9.59e-30	1.34e-21	3.21e-14	1.10e-07	1.00e+00	3.64e-04	0.00e+00
 2.67551e+13	1.05e-38	1.23e-29	1.63e-21	3.69e-14	1.18e-07	1.00e+00	3.38e-04	0.00e+00
 2.76341e+13	0.00e+00	1.60e-29	2.00e-21	4.28e-14	1.28e-07	1.00e+00	3.13e-04	0.00e+00
 2.87085e+13	2.08e-38	2.16e-29	2.55e-21	5.09e-14	1.41e-07	1.00e+00	2.86e-04	0.00e+00
 2.98035e+13	0.00e+00	2.91e-29	3.23e-21	6.03e-14	1.54e-07	1.00e+00	2.62e-04	0.00e+00
 3.08038e+13	4.08e-38	3.78e-29	3.97e-21	6.99e-14	1.67e-07	1.00e+00	2.42e-04	0.00e+00
 3.19141e+13	0.00e+00	4.99e-29	4.94e-21	8.20e-14	1.81e-07	1.00e+00	2.23e-04	0.00e+00
 3.32075e+13	8.33e-38	6.81e-29	6.32e-21	9.79e-14	2.00e-07	1.00e+00	2.03e-04	0.00e+00
 3.44886e+13	0.00e+00	9.14e-29	7.98e-21	1.16e-13	2.18e-07	1.00e+00	1.85e-04	0.00e+00
 3.57120e+13	1.65e-37	1.20e-28	9.88e-21	1.35e-13	2.37e-07	1.00e+00	1.71e-04	0.00e+00
 3.70615e+13	0.00e+00	1.59e-28	1.24e-20	1.59e-13	2.59e-07	1.00e+00	1.57e-04	0.00e+00
 3.85739e+13	3.38e-37	2.17e-28	1.58e-20	1.90e-13	2.85e-07	1.00e+00	1.43e-04	0.00e+00
 4.00929e+13	0.00e+00	2.91e-28	2.00e-20	2.25e-13	3.12e-07	1.00e+00	1.31e-04	0.00e+00
 4.14539e+13	6.57e-37	3.75e-28	2.44e-20	2.60e-13	3.37e-07	1.00e+00	1.21e-04	0.00e+00
 4.26628e+13	0.00e+00	4.67e-28	2.90e-20	2.95e-13	3.61e-07	1.00e+00	1.13e-04	0.00e+00
 4.40334e+13	1.14e-36	5.93e-28	3.51e-20	3.38e-13	3.88e-07	1.00e+00	1.05e-04	0.00e+00
 4.55584e+13	0.00e+00	7.67e-28	4.30e-20	3.92e-13	4.20e-07	1.00e+00	9.74e-05	0.00e+00
 4.69891e+13	2.07e-36	9.68e-28	5.17e-20	4.48e-13	4.51e-07	1.00e+00	9.08e-05	0.00e+00
 4.85539e+13	0.00e+00	1.24e-27	6.29e-20	5.15e-13	4.87e-07	1.00e+00	8.43e-05	0.00e+00
 5.03082e+13	3.86e-36	1.62e-27	7.76e-20	6.00e-13	5.28e-07	1.00e+00	7.77e-05	0.00e+00
 5.19741e+13	0.00e+00	2.07e-27	9.42e-20	6.89e-13	5.69e-07	1.00e+00	7.22e-05	0.00e+00
 5.38051e+13	7.13e-36	2.68e-27	1.16e-19	7.98e-13	6.16e-07	1.00e+00	6.68e-05	0.00e+00
 5.58549e+13	0.00e+00	3.55e-27	1.44e-19	9.35e-13	6.70e-07	1.00e+00	6.15e-05	0.00e+00
 5.78013e+13	1.37e-35	4.58e-27	1.76e-19	1.08e-12	7.24e-07	1.00e+00	5.69e-05	0.00e+00
 5.95965e+13	0.00e+00	5.76e-27	2.11e-19	1.23e-12	7.76e-07	1.00e+00	5.32e-05	0.00e+00
 6.15831e+13	2.44e-35	7.37e-27	2.56e-19	1.41e-12	8.35e-07	1.00e+00	4.94e-05	0.00e+00
 6.38133e+13	0.00e+00	9.61e-27	3.16e-19	1.64e-12	9.05e-07	1.00e+00	4.57e-05	0.00e+00
 6.59243e+13	4.53e-35	1.23e-26	3.83e-19	1.88e-12	9.73e-07	1.00e+00	4.25e-05	0.00e+00
 6.82327e+13	0.00e+00	1.59e-26	4.68e-19	2.17e-12	1.05e-06	1.00e+00	3.94e-05	0.00e+00
 7.07880e+13	8.68e-35	2.09e-26	5.81e-19	2.53e-12	1.14e-06	1.00e+00	3.64e-05	0.00e+00
 7.31617e+13	0.00e+00	2.67e-26	7.05e-19	2.90e-12	1.23e-06	1.00e+00	3.38e-05	0.00e+00
 7.57446e+13	1.61e-34	3.47e-26	8.64e-19	3.34e-12	1.32e-06	1.00e+00	3.14e-05	0.00e+00
 7.86348e+13	2.27e-34	4.59e-26	1.08e-18	3.91e-12	1.44e-06	1.00e+00	2.89e-05	0.00e+00
 8.13629e+13	3.10e-34	5.93e-26	1.31e-18	4.50e-12	1.55e-06	1.00e+00	2.68e-05	0.00e+00
 8.43290e+13	4.31e-34	7.76e-26	1.62e-18	5.21e-12	1.67e-06	1.00e+00	2.48e-05	0.00e+00
 8.76377e+13	6.13e-34	1.04e-25	2.03e-18	6.11e-12	1.82e-06	1.00e+00	2.28e-05	0.00e+00
 9.07878e+13	8.50e-34	1.35e-25	2.50e-18	7.06e-12	1.97e-06	1.00e+00	2.12e-05	0.00e+00
 9.41584e+13	1.19e-33	1.78e-25	3.09e-18	8.20e-12	2.13e-06	1.00e+00	1.96e-05	0.00e+00
 9.79547e+13	1.71e-33	2.39e-25	3.90e-18	9.65e-12	2.32e-06	1.00e+00	1.80e-05	0.00e+00
 1.01717e+14	2.43e-33	3.18e-25	4.86e-18	1.13e-11	2.51e-06	1.00e+00	1.66e-05	0.00e+00
 1.05629e+14	3.45e-33	4.24e-25	6.06e-18	1.31e-11	2.73e-06	1.00e+00	1.53e-05	0.00e+00
 1.09884e+14	4.97e-33	5.71e-25	7.64e-18	1.54e-11	2.97e-06	1.00e+00	1.41e-05	0.00e+00
 1.14309e+14	7.20e-33	7.71e-25	9.64e-18	1.81e-11	3.23e-06	1.00e+00	1.30e-05	0.00e+00
 1.18912e+14	1.04e-32	1.04e-24	1.21e-17	2.13e-11	3.51e-06	1.00e+00	1.19e-05	0.00e+00
 1.23435e+14	1.48e-32	1.38e-24	1.51e-17	2.48e-11	3.80e-06	1.00e+00	1.10e-05	0.00e+00
 1.27652e+14	2.02e-32	1.79e-24	1.84e-17	2.84e-11	4.08e-06	1.00e+00	1.03e-05	0.00e+00
 1.32301e+14	2.84e-32	2.35e-24	2.28e-17	3.28e-11	4.40e-06	1.00e+00	9.52e-06	0.00e+00
 1.37074e+14	3.96e-32	3.08e-24	2.80e-17	3.79e-11	4.74e-06	1.00e+00	8.84e-06	0.00e+00
 1.41081e+14	5.20e-32	3.85e-24	3.32e-17	4.26e-11	5.04e-06	1.00e+00	8.32e-06	0.00e+00
 1.45322e+14	6.90e-32	4.83e-24	3.96e-17	4.80e-11	5.36e-06	1.00e+00	7.82e-06	0.00e+00
 1.50688e+14	9.74e-32	6.39e-24	4.90e-17	5.56e-11	5.78e-06	1.00e+00	7.25e-06	0.00e+00
 1.56281e+14	1.38e-31	8.46e-24	6.08e-17	6.44e-11	6.24e-06	1.00e+00	6.72e-06	0.00e+00
 1.61138e+14	1.85e-31	1.07e-23	7.28e-17	7.28e-11	6.64e-06	1.00e+00	6.31e-06	0.00e+00
 1.66275e+14	2.50e-31	1.37e-23	8.77e-17	8.26e-11	7.09e-06	1.00e+00	5.92e-06	0.00e+00
 1.72577e+14	3.57e-31	1.82e-23	1.09e-16	9.60e-11	7.66e-06	1.00e+00	5.48e-06	0.00e+00
 1.78863e+14	5.04e-31	2.41e-23	1.35e-16	1.11e-10	8.24e-06	1.00e+00	5.09e-06	0.00e+00
 1.84349e+14	6.76e-31	3.05e-23	1.62e-16	1.25e-10	8.77e-06	1.00e+00	4.79e-06	0.00e+00
 1.90325e+14	9.19e-31	3.91e-23	1.95e-16	1.42e-10	9.36e-06	1.00e+00	4.49e-06	0.00e+00
 1.97592e+14	1.32e-30	5.24e-23	2.44e-16	1.65e-10	1.01e-05	1.00e+00	4.15e-06	0.00e+00
 2.04893e+14	1.88e-30	6.96e-23	3.02e-16	1.91e-10	1.09e-05	1.00e+00	3.86e-06	0.00e+00
 2.11451e+14	2.56e-30	8.92e-23	3.64e-16	2.17e-10	1.16e-05	1.00e+00	3.62e-06	0.00e+00
 2.18686e+14	3.56e-30	1.16e-22	4.45e-16	2.48e-10	1.24e-05	1.00e+00	3.38e-06	0.00e+00
 2.27245e+14	5.17e-30	1.57e-22	5.59e-16	2.90e-10	1.34e-05	1.00e+00	3.13e-06	0.00e+00
 2.35724e+14	7.41e-30	2.10e-22	6.95e-16	3.35e-10	1.45e-05	1.00e+00	2.90e-06	0.00e+00
 2.43586e+14	1.02e-29	2.72e-22	8.45e-16	3.82e-10	1.54e-05	1.00e+00	2.72e-06	0.00e+00
 2.52404e+14	1.45e-29	3.59e-22	1.04e-15	4.41e-10	1.66e-05	1.00e+00	2.53e-06	0.00e+00
 2.62530e+14	2.14e-29	4.90e-22	1.32e-15	5.16e-10	1.80e-05	1.00e+00	2.34e-06	0.00e+00
 2.72498e+14	3.09e-29	6.58e-22	1.65e-15	5.99e-10	1.94e-05	1.00e+00	2.17e-06	0.00e+00
 2.82865e+14	4.46e-29	8.84e-22	2.06e-15	6.95e-10	2.09e-05	1.00e+00	2.01e-06	0.00e+00
 2.94210e+14	6.56e-29	1.21e-21	2.60e-15	8.14e-10	2.26e-05	1.00e+00	1.86e-06	0.00e+00
 3.05737e+14	9.58e-29	1.63e-21	3.27e-15	9.49e-10	2.44e-05	1.00e+00	1.72e-06	0.00e+00
 3.17726e+14	1.40e-28	2.21e-21	4.11e-15	1.11e-09	2.64e-05	1.00e+00	1.59e-06	0.00e+00
 3.29733e+14	2.01e-28	2.97e-21	5.13e-15	1.28e-09	2.85e-05	1.00e+00	1.47e-06	0.00e+00
 3.41101e+14	2.81e-28	3.88e-21	6.28e-15	1.47e-09	3.05e-05	1.00e+00	1.38e-06	0.00e+00
 3.53654e+14	4.01e-28	5.15e-21	7.79e-15	1.70e-09	3.28e-05	1.00e+00	1.28e-06	0.00e+00
 3.66224e+14	5.64e-28	6.78e-21	9.58e-15	1.96e-09	3.52e-05	1.00e+00	1.19e-06	0.00e+00
 3.76646e+14	7.43e-28	8.46e-21	1.13e-14	2.19e-09	3.73e-05	1.00e+00	1.13e-06	0.00e+00
 3.87691e+14	9.86e-28	1.06e-20	1.35e-14	2.46e-09	3.95e-05	1.00e+00	1.06e-06	0.00e+00
 4.01828e+14	1.40e-27	1.41e-20	1.66e-14	2.84e-09	4.25e-05	1.00e+00	9.87e-07	0.00e+00
 4.16667e+14	1.99e-27	1.87e-20	2.07e-14	3.28e-09	4.58e-05	1.00e+00	0.00e+00	0.00e+00
 4.29776e+14	2.70e-27	2.39e-20	2.49e-14	3.72e-09	4.88e-05	1.00e+00	0.00e+00	0.00e+00
 4.43950e+14	3.70e-27	3.08e-20	3.01e-14	4.23e-09	5.21e-05	1.00e+00	0.00e+00	0.00e+00
 4.61016e+14	5.33e-27	4.13e-20	3.77e-14	4.93e-09	5.63e-05	1.00e+00	0.00e+00	0.00e+00
 4.78315e+14	7.64e-27	5.52e-20	4.70e-14	5.71e-09	6.07e-05	1.00e+00	0.00e+00	0.00e+00
 4.94527e+14	1.06e-26	7.18e-20	5.73e-14	6.53e-09	6.50e-05	1.00e+00	0.00e+00	0.00e+00
 5.12558e+14	1.50e-26	9.50e-20	7.09e-14	7.54e-09	6.99e-05	1.00e+00	0.00e+00	0.00e+00
 5.31651e+14	2.14e-26	1.27e-19	8.82e-14	8.74e-09	7.54e-05	1.00e+00	0.00e+00	0.00e+00
 5.48611e+14	2.90e-26	1.62e-19	1.06e-13	9.91e-09	8.04e-05	1.00e+00	0.00e+00	0.00e+00
 5.66854e+14	3.98e-26	2.09e-19	1.29e-13	1.13e-08	8.60e-05	1.00e+00	0.00e+00	0.00e+00
 5.88724e+14	5.75e-26	2.81e-19	1.62e-13	1.32e-08	9.29e-05	1.00e+00	0.00e+00	0.00e+00
 6.10259e+14	8.14e-26	3.72e-19	2.01e-13	1.52e-08	1.00e-04	1.00e+00	0.00e+00	0.00e+00
 6.29438e+14	1.10e-25	4.74e-19	2.41e-13	1.72e-08	1.07e-04	1.00e+00	0.00e+00	0.00e+00
 6.50602e+14	1.51e-25	6.14e-19	2.93e-13	1.97e-08	1.14e-04	1.00e+00	0.00e+00	0.00e+00
 6.75830e+14	2.19e-25	8.26e-19	3.68e-13	2.29e-08	1.24e-04	1.00e+00	0.00e+00	0.00e+00
 7.00840e+14	3.10e-25	1.10e-18	4.57e-13	2.66e-08	1.33e-04	1.00e+00	0.00e+00	0.00e+00
 7.23658e+14	4.23e-25	1.41e-18	5.52e-13	3.02e-08	1.42e-04	1.00e+00	0.00e+00	0.00e+00
 7.49129e+14	5.90e-25	1.84e-18	6.78e-13	3.47e-08	1.53e-04	1.00e+00	0.00e+00	0.00e+00
 7.78811e+14	8.58e-25	2.49e-18	8.54e-13	4.06e-08	1.66e-04	1.00e+00	0.00e+00	0.00e+00
 8.07985e+14	1.22e-24	3.32e-18	1.06e-12	4.71e-08	1.79e-04	1.00e+00	0.00e+00	0.00e+00
 8.35531e+14	1.69e-24	4.31e-18	1.30e-12	5.39e-08	1.91e-04	1.00e+00	0.00e+00	0.00e+00
 8.66186e+14	2.39e-24	5.70e-18	1.60e-12	6.23e-08	2.06e-04	1.00e+00	0.00e+00	0.00e+00
 9.00863e+14	3.49e-24	7.73e-18	2.02e-12	7.29e-08	2.24e-04	1.00e+00	0.00e+00	0.00e+00
 9.33705e+14	4.94e-24	1.02e-17	2.50e-12	8.42e-08	2.41e-04	1.00e+00	0.00e+00	0.00e+00
 9.63544e+14	6.68e-24	1.31e-17	3.01e-12	9.55e-08	2.57e-04	1.00e+00	0.00e+00	0.00e+00
 9.97299e+14	9.31e-24	1.71e-17	3.70e-12	1.10e-07	2.75e-04	1.00e+00	0.00e+00	0.00e+00
 1.03672e+15	1.35e-23	2.31e-17	4.65e-12	1.28e-07	2.98e-04	1.00e+00	0.00e+00	0.00e+00
 1.07452e+15	1.91e-23	3.05e-17	5.75e-12	1.48e-07	3.21e-04	1.00e+00	0.00e+00	0.00e+00
 1.10860e+15	2.59e-23	3.90e-17	6.92e-12	1.68e-07	3.42e-04	1.00e+00	0.00e+00	0.00e+00
 1.14074e+15	3.41e-23	4.87e-17	8.20e-12	1.88e-07	3.63e-04	1.00e+00	0.00e+00	0.00e+00
 1.17644e+15	4.59e-23	6.18e-17	9.84e-12	2.13e-07	3.87e-04	1.00e+00	0.00e+00	0.00e+00
 1.21629e+15	6.35e-23	8.03e-17	1.20e-11	2.43e-07	4.14e-04	1.00e+00	0.00e+00	0.00e+00
 1.25388e+15	8.53e-23	1.02e-16	1.44e-11	2.75e-07	4.40e-04	1.00e+00	0.00e+00	0.00e+00
 1.29510e+15	1.17e-22	1.31e-16	1.74e-11	3.13e-07	4.70e-04	1.00e+00	0.00e+00	0.00e+00
 1.34127e+15	1.64e-22	1.72e-16	2.14e-11	3.60e-07	5.05e-04	9.99e-01	0.00e+00	0.00e+00
 1.38482e+15	2.24e-22	2.22e-16	2.59e-11	4.09e-07	5.39e-04	9.99e-01	0.00e+00	0.00e+00
 1.43238e+15	3.11e-22	2.89e-16	3.16e-11	4.68e-07	5.78e-04	9.99e-01	0.00e+00	0.00e+00
 1.48497e+15	4.43e-22	3.84e-16	3.92e-11	5.40e-07	6.21e-04	9.99e-01	0.00e+00	0.00e+00
 1.53355e+15	6.05e-22	4.93e-16	4.74e-11	6.15e-07	6.63e-04	9.99e-01	0.00e+00	0.00e+00
 1.58615e+15	8.42e-22	6.43e-16	5.80e-11	7.03e-07	7.10e-04	9.99e-01	0.00e+00	0.00e+00
 1.64496e+15	1.20e-21	8.55e-16	7.19e-11	8.14e-07	7.65e-04	9.99e-01	0.00e+00	0.00e+00
 1.70022e+15	1.65e-21	1.11e-15	8.75e-11	9.28e-07	8.18e-04	9.99e-01	0.00e+00	0.00e+00
 1.76043e+15	2.31e-21	1.45e-15	1.08e-10	1.07e-06	8.79e-04	9.99e-01	0.00e+00	0.00e+00
 1.82742e+15	3.34e-21	1.95e-15	1.34e-10	1.24e-06	9.48e-04	9.99e-01	0.00e+00	0.00e+00
 1.89004e+15	4.61e-21	2.53e-15	1.64e-10	1.42e-06	1.02e-03	9.99e-01	0.00e+00	0.00e+00
 1.95811e+15	6.49e-21	3.33e-15	2.02e-10	1.63e-06	1.09e-03	9.99e-01	0.00e+00	0.00e+00
 2.03426e+15	9.36e-21	4.49e-15	2.53e-10	1.90e-06	1.18e-03	9.99e-01	0.00e+00	0.00e+00
 2.10645e+15	1.31e-20	5.88e-15	3.12e-10	2.19e-06	1.27e-03	9.99e-01	0.00e+00	0.00e+00
 2.18374e+15	1.84e-20	7.76e-15	3.85e-10	2.53e-06	1.37e-03	9.99e-01	0.00e+00	0.00e+00
 2.27112e+15	2.68e-20	1.05e-14	4.86e-10	2.96e-06	1.48e-03	9.99e-01	0.00e+00	0.00e+00
 2.35714e+15	3.81e-20	1.40e-14	6.05e-10	3.44e-06	1.60e-03	9.98e-01	0.00e+00	0.00e+00
 2.44660e+15	5.42e-20	1.86e-14	7.54e-10	4.00e-06	1.73e-03	9.98e-01	0.00e+00	0.00e+00
 2.54449e+15	7.79e-20	2.51e-14	9.49e-10	4.69e-06	1.88e-03	9.98e-01	0.00e+00	0.00e+00
 2.64101e+15	1.11e-19	3.33e-14	1.18e-09	5.44e-06	2.04e-03	9.98e-01	0.00e+00	0.00e+00
 2.72116e+15	1.46e-19	4.17e-14	1.41e-09	6.14e-06	2.17e-03	9.98e-01	0.00e+00	0.00e+00
 2.78598e+15	1.81e-19	4.98e-14	1.62e-09	6.75e-06	2.28e-03	9.98e-01	0.00e+00	0.00e+00
 2.85792e+15	2.28e-19	6.03e-14	1.88e-09	7.48e-06	2.41e-03	9.98e-01	0.00e+00	0.00e+00
 2.95145e+15	3.05e-19	7.66e-14	2.26e-09	8.52e-06	2.59e-03	9.97e-01	0.00e+00	0.00e+00
 3.05164e+15	4.13e-19	9.83e-14	2.75e-09	9.75e-06	2.78e-03	9.97e-01	0.00e+00	0.00e+00
 3.14042e+15	5.36e-19	1.22e-13	3.25e-09	1.09e-05	2.96e-03	9.97e-01	0.00e+00	0.00e+00
 3.23580e+15	6.97e-19	1.51e-13	3.87e-09	1.24e-05	3.16e-03	9.97e-01	0.00e+00	0.00e+00
 3.35552e+15	9.65e-19	1.98e-13	4.78e-09	1.43e-05	3.42e-03	9.97e-01	0.00e+00	0.00e+00
 3.47710e+15	1.32e-18	2.57e-13	5.88e-09	1.65e-05	3.70e-03	9.96e-01	0.00e+00	0.00e+00
 3.58227e+15	1.71e-18	3.19e-13	6.99e-09	1.86e-05	3.95e-03	9.96e-01	0.00e+00	0.00e+00
 3.69589e+15	2.23e-18	3.98e-13	8.37e-09	2.12e-05	4.24e-03	9.96e-01	0.00e+00	0.00e+00
 3.83532e+15	3.09e-18	5.22e-13	1.04e-08	2.46e-05	4.60e-03	9.95e-01	0.00e+00	0.00e+00
 3.97614e+15	4.20e-18	6.76e-13	1.28e-08	2.84e-05	4.99e-03	9.95e-01	0.00e+00	0.00e+00
 4.10099e+15	5.47e-18	8.43e-13	1.53e-08	3.22e-05	5.34e-03	9.95e-01	0.00e+00	0.00e+00
 4.23724e+15	7.21e-18	1.06e-12	1.85e-08	3.68e-05	5.75e-03	9.94e-01	0.00e+00	0.00e+00
 4.40056e+15	9.93e-18	1.39e-12	2.30e-08	4.29e-05	6.27e-03	9.94e-01	0.00e+00	0.00e+00
 4.56236e+15	1.34e-17	1.80e-12	2.84e-08	4.96e-05	6.80e-03	9.93e-01	0.00e+00	0.00e+00
 4.70815e+15	1.75e-17	2.25e-12	3.40e-08	5.63e-05	7.30e-03	9.93e-01	0.00e+00	0.00e+00
 4.86980e+15	2.31e-17	2.85e-12	4.14e-08	6.45e-05	7.89e-03	9.92e-01	0.00e+00	0.00e+00
 5.06041e+15	3.19e-17	3.74e-12	5.17e-08	7.53e-05	8.61e-03	9.91e-01	0.00e+00	0.00e+00
 5.24854e+15	4.31e-17	4.84e-12	6.39e-08	8.72e-05	9.35e-03	9.91e-01	0.00e+00	0.00e+00
 5.42295e+15	5.65e-17	6.09e-12	7.72e-08	9.95e-05	1.01e-02	9.90e-01	0.00e+00	0.00e+00
 5.61867e+15	7.58e-17	7.82e-12	9.50e-08	1.15e-04	1.09e-02	9.89e-01	0.00e+00	0.00e+00
 5.84344e+15	1.05e-16	1.03e-11	1.19e-07	1.34e-04	1.20e-02	9.88e-01	0.00e+00	0.00e+00
 6.06433e+15	1.62e-16	1.34e-11	1.48e-07	1.56e-04	1.30e-02	9.87e-01	0.00e+00	0.00e+00
 6.29406e+15	2.21e-16	1.74e-11	1.84e-07	1.81e-04	1.42e-02	9.86e-01	0.00e+00	0.00e+00
 6.50341e+15	2.89e-16	2.20e-11	2.23e-07	2.06e-04	1.53e-02	9.85e-01	0.00e+00	0.00e+00
 6.65935e+15	3.51e-16	2.59e-11	2.57e-07	2.27e-04	1.61e-02	9.84e-01	0.00e+00	0.00e+00
 6.82037e+15	4.28e-16	3.07e-11	2.95e-07	2.50e-04	1.70e-02	9.83e-01	0.00e+00	0.00e+00
 7.02971e+15	5.51e-16	3.82e-11	3.53e-07	2.82e-04	1.82e-02	9.82e-01	0.00e+00	0.00e+00
 7.25614e+15	7.17e-16	4.78e-11	4.26e-07	3.20e-04	1.96e-02	9.80e-01	0.00e+00	0.00e+00
 7.46038e+15	9.00e-16	5.82e-11	5.02e-07	3.58e-04	2.08e-02	9.79e-01	0.00e+00	0.00e+00
 7.68148e+15	1.15e-15	7.17e-11	5.97e-07	4.02e-04	2.23e-02	9.77e-01	0.00e+00	0.00e+00
 7.96258e+15	1.56e-15	9.31e-11	7.42e-07	4.65e-04	2.42e-02	9.75e-01	0.00e+00	0.00e+00
 8.24558e+15	2.08e-15	1.20e-10	9.14e-07	5.36e-04	2.61e-02	9.73e-01	0.00e+00	0.00e+00
 8.48260e+15	2.63e-15	1.46e-10	1.08e-06	6.00e-04	2.79e-02	9.72e-01	0.00e+00	0.00e+00
 8.73599e+15	3.37e-15	1.81e-10	1.29e-06	6.75e-04	2.98e-02	9.70e-01	0.00e+00	0.00e+00
 9.05681e+15	4.58e-15	2.36e-10	1.61e-06	7.81e-04	3.23e-02	9.67e-01	0.00e+00	0.00e+00
 9.39317e+15	6.22e-15	3.08e-10	2.00e-06	9.05e-04	3.51e-02	9.64e-01	0.00e+00	0.00e+00
 9.69415e+15	8.10e-15	3.87e-10	2.42e-06	1.03e-03	3.76e-02	9.61e-01	0.00e+00	0.00e+00
 1.00212e+16	1.08e-14	4.94e-10	2.96e-06	1.17e-03	4.05e-02	9.58e-01	0.00e+00	0.00e+00
 1.04103e+16	1.49e-14	6.53e-10	3.73e-06	1.37e-03	4.41e-02	9.54e-01	0.00e+00	0.00e+00
 1.07922e+16	2.02e-14	8.50e-10	4.64e-06	1.58e-03	4.78e-02	9.51e-01	0.00e+00	0.00e+00
 1.11367e+16	2.63e-14	1.07e-09	5.62e-06	1.80e-03	5.13e-02	9.47e-01	0.00e+00	0.00e+00
 1.15201e+16	3.52e-14	1.37e-09	6.91e-06	2.06e-03	5.53e-02	9.43e-01	0.00e+00	0.00e+00
 1.19715e+16	4.94e-14	1.83e-09	8.76e-06	2.41e-03	6.02e-02	9.37e-01	0.00e+00	0.00e+00
 1.24149e+16	6.77e-14	2.41e-09	1.10e-05	2.79e-03	6.52e-02	9.32e-01	0.00e+00	0.00e+00
 1.28247e+16	8.97e-14	3.06e-09	1.34e-05	3.18e-03	7.00e-02	9.27e-01	0.00e+00	0.00e+00
 1.32865e+16	1.23e-13	4.01e-09	1.66e-05	3.68e-03	7.57e-02	9.21e-01	0.00e+00	0.00e+00
 1.37322e+16	1.64e-13	5.13e-09	2.04e-05	4.20e-03	8.14e-02	9.14e-01	0.00e+00	0.00e+00
 1.40609e+16	2.01e-13	6.13e-09	2.36e-05	4.63e-03	8.58e-02	9.10e-01	0.00e+00	0.00e+00
 1.43910e+16	2.49e-13	7.33e-09	2.73e-05	5.10e-03	9.02e-02	9.05e-01	0.00e+00	0.00e+00
 1.48202e+16	3.25e-13	9.19e-09	3.27e-05	5.74e-03	9.61e-02	8.98e-01	0.00e+00	0.00e+00
 1.52843e+16	4.28e-13	1.16e-08	3.97e-05	6.53e-03	1.03e-01	8.91e-01	0.00e+00	0.00e+00
 1.56977e+16	5.42e-13	1.42e-08	4.68e-05	7.27e-03	1.09e-01	8.84e-01	0.00e+00	0.00e+00
 1.61390e+16	7.00e-13	1.77e-08	5.57e-05	8.15e-03	1.16e-01	8.76e-01	0.00e+00	0.00e+00
 1.67127e+16	9.69e-13	2.33e-08	6.97e-05	9.44e-03	1.25e-01	8.66e-01	0.00e+00	0.00e+00
 1.72913e+16	1.31e-12	3.02e-08	8.62e-05	1.09e-02	1.34e-01	8.55e-01	0.00e+00	0.00e+00
 1.77577e+16	1.67e-12	3.71e-08	1.02e-04	1.21e-02	1.42e-01	8.46e-01	0.00e+00	0.00e+00
 1.82455e+16	2.15e-12	4.59e-08	1.21e-04	1.36e-02	1.50e-01	8.36e-01	0.00e+00	0.00e+00
 1.88797e+16	2.96e-12	6.02e-08	1.51e-04	1.57e-02	1.61e-01	8.23e-01	0.00e+00	0.00e+00
 1.95388e+16	4.05e-12	7.88e-08	1.88e-04	1.81e-02	1.74e-01	8.08e-01	0.00e+00	0.00e+00
 2.00928e+16	5.23e-12	9.78e-08	2.25e-04	2.03e-02	1.84e-01	7.96e-01	0.00e+00	0.00e+00
 2.06756e+16	6.87e-12	1.23e-07	2.71e-04	2.30e-02	1.95e-01	7.82e-01	0.00e+00	0.00e+00
 2.14251e+16	9.67e-12	1.65e-07	3.43e-04	2.68e-02	2.10e-01	7.63e-01	0.00e+00	0.00e+00
 2.21668e+16	1.32e-11	2.15e-07	4.28e-04	3.09e-02	2.25e-01	7.44e-01	0.00e+00	0.00e+00
 2.27518e+16	1.68e-11	2.65e-07	5.09e-04	3.46e-02	2.37e-01	7.28e-01	0.00e+00	0.00e+00
 2.33574e+16	2.18e-11	3.30e-07	6.09e-04	3.88e-02	2.49e-01	7.11e-01	0.00e+00	0.00e+00
 2.41448e+16	3.04e-11	4.37e-07	7.66e-04	4.50e-02	2.66e-01	6.88e-01	0.00e+00	0.00e+00
 2.49354e+16	4.12e-11	5.66e-07	9.52e-04	5.17e-02	2.83e-01	6.65e-01	0.00e+00	0.00e+00
 2.55278e+16	5.12e-11	6.84e-07	1.12e-03	5.73e-02	2.95e-01	6.46e-01	0.00e+00	0.00e+00
 2.60952e+16	6.43e-11	8.29e-07	1.31e-03	6.32e-02	3.07e-01	6.28e-01	0.00e+00	0.00e+00
 2.67291e+16	8.15e-11	1.01e-06	1.55e-03	7.04e-02	3.21e-01	6.08e-01	0.00e+00	0.00e+00
 2.73366e+16	1.02e-10	1.23e-06	1.82e-03	7.79e-02	3.34e-01	5.87e-01	0.00e+00	0.00e+00
 2.80134e+16	1.33e-10	1.54e-06	2.18e-03	8.72e-02	3.47e-01	5.63e-01	0.00e+00	0.00e+00
 2.87228e+16	1.72e-10	1.92e-06	2.63e-03	9.78e-02	3.62e-01	5.38e-01	0.00e+00	0.00e+00
 2.93406e+16	2.15e-10	2.32e-06	3.09e-03	1.08e-01	3.74e-01	5.15e-01	0.00e+00	0.00e+00
 3.00096e+16	2.78e-10	2.88e-06	3.69e-03	1.20e-01	3.86e-01	4.90e-01	0.00e+00	0.00e+00
 3.07314e+16	3.62e-10	3.61e-06	4.45e-03	1.34e-01	3.99e-01	4.62e-01	0.00e+00	0.00e+00
 3.13428e+16	4.48e-10	4.33e-06	5.20e-03	1.47e-01	4.08e-01	4.39e-01	0.00e+00	0.00e+00
 3.18638e+16	5.43e-10	5.11e-06	5.96e-03	1.60e-01	4.16e-01	4.18e-01	0.00e+00	0.00e+00
 3.24467e+16	6.82e-10	6.19e-06	6.98e-03	1.75e-01	4.24e-01	3.95e-01	0.00e+00	0.00e+00
 3.30817e+16	8.72e-10	7.60e-06	8.27e-03	1.92e-01	4.31e-01	3.69e-01	0.00e+00	0.00e+00
 3.36455e+16	1.07e-09	9.05e-06	9.59e-03	2.09e-01	4.36e-01	3.46e-01	0.00e+00	0.00e+00
 3.41511e+16	1.30e-09	1.07e-05	1.10e-02	2.25e-01	4.39e-01	3.25e-01	0.00e+00	0.00e+00
 3.47202e+16	1.67e-09	1.31e-05	1.29e-02	2.45e-01	4.42e-01	3.00e-01	0.00e+00	0.00e+00
 3.52877e+16	2.07e-09	1.57e-05	1.51e-02	2.66e-01	4.42e-01	2.77e-01	0.00e+00	0.00e+00
 3.57270e+16	2.48e-09	1.82e-05	1.71e-02	2.83e-01	4.41e-01	2.59e-01	0.00e+00	0.00e+00
 3.61104e+16	2.93e-09	2.09e-05	1.91e-02	2.99e-01	4.39e-01	2.42e-01	0.00e+00	0.00e+00
 3.65470e+16	3.47e-09	2.42e-05	2.17e-02	3.19e-01	4.36e-01	2.24e-01	0.00e+00	0.00e+00
 3.70170e+16	4.41e-09	2.93e-05	2.50e-02	3.41e-01	4.30e-01	2.04e-01	0.00e+00	0.00e+00
 3.74166e+16	5.29e-09	3.40e-05	2.83e-02	3.61e-01	4.23e-01	1.87e-01	0.00e+00	0.00e+00
 3.77552e+16	6.31e-09	3.91e-05	3.15e-02	3.79e-01	4.17e-01	1.73e-01	0.00e+00	0.00e+00
 3.81280e+16	7.55e-09	4.54e-05	3.55e-02	4.00e-01	4.07e-01	1.57e-01	0.00e+00	0.00e+00
 3.85238e+16	8.90e-09	5.22e-05	4.02e-02	4.22e-01	3.96e-01	1.42e-01	0.00e+00	0.00e+00
 3.88579e+16	1.12e-08	6.20e-05	4.50e-02	4.43e-01	3.84e-01	1.28e-01	0.00e+00	0.00e+00
 3.91335e+16	1.25e-08	6.83e-05	4.93e-02	4.60e-01	3.74e-01	1.17e-01	0.00e+00	0.00e+00
 3.94246e+16	1.55e-08	8.03e-05	5.49e-02	4.80e-01	3.61e-01	1.05e-01	0.00e+00	0.00e+00
 3.97286e+16	1.82e-08	9.15e-05	6.10e-02	5.00e-01	3.46e-01	9.34e-02	0.00e+00	0.00e+00
 3.99844e+16	2.06e-08	1.02e-04	6.67e-02	5.18e-01	3.32e-01	8.38e-02	0.00e+00	0.00e+00
 4.02097e+16	2.50e-08	1.17e-04	7.28e-02	5.35e-01	3.18e-01	7.49e-02	0.00e+00	0.00e+00
 4.04184e+16	2.74e-08	1.27e-04	7.84e-02	5.50e-01	3.04e-01	6.76e-02	0.00e+00	0.00e+00
 4.06477e+16	3.19e-08	1.43e-04	8.56e-02	5.68e-01	2.87e-01	5.92e-02	0.00e+00	0.00e+00
 4.08840e+16	3.76e-08	1.62e-04	9.37e-02	5.86e-01	2.69e-01	5.10e-02	0.00e+00	0.00e+00
 4.10700e+16	4.34e-08	1.81e-04	1.01e-01	6.01e-01	2.54e-01	4.47e-02	0.00e+00	0.00e+00
 4.12189e+16	5.10e-08	2.02e-04	1.07e-01	6.13e-01	2.40e-01	3.95e-02	0.00e+00	0.00e+00
 4.13555e+16	5.62e-08	2.18e-04	1.13e-01	6.24e-01	2.27e-01	3.52e-02	0.00e+00	0.00e+00
 4.15103e+16	6.39e-08	2.40e-04	1.21e-01	6.37e-01	2.12e-01	3.03e-02	0.00e+00	0.00e+00
 4.16726e+16	7.39e-08	2.67e-04	1.29e-01	6.50e-01	1.95e-01	2.55e-02	0.00e+00	0.00e+00
 4.18041e+16	8.17e-08	2.89e-04	1.36e-01	6.61e-01	1.80e-01	2.19e-02	0.00e+00	0.00e+00
 4.19124e+16	8.79e-08	3.06e-04	1.42e-01	6.70e-01	1.68e-01	1.91e-02	0.00e+00	0.00e+00
 4.20314e+16	9.79e-08	3.31e-04	1.49e-01	6.80e-01	1.54e-01	1.61e-02	0.00e+00	0.00e+00
 4.21572e+16	1.14e-07	3.69e-04	1.57e-01	6.90e-01	1.39e-01	1.31e-02	0.00e+00	0.00e+00
 4.22593e+16	1.25e-07	3.94e-04	1.64e-01	6.98e-01	1.27e-01	1.10e-02	0.00e+00	0.00e+00
 4.23361e+16	1.34e-07	4.15e-04	1.69e-01	7.03e-01	1.18e-01	9.48e-03	0.00e+00	0.00e+00
 4.24011e+16	1.43e-07	4.36e-04	1.73e-01	7.08e-01	1.10e-01	8.29e-03	0.00e+00	0.00e+00
 4.24744e+16	1.55e-07	4.60e-04	1.79e-01	7.13e-01	1.01e-01	7.02e-03	0.00e+00	0.00e+00
 4.25544e+16	1.67e-07	4.86e-04	1.84e-01	7.18e-01	9.14e-02	5.83e-03	0.00e+00	0.00e+00
 4.26267e+16	1.80e-07	5.13e-04	1.89e-01	7.22e-01	8.30e-02	4.85e-03	0.00e+00	0.00e+00
 4.26930e+16	1.92e-07	5.38e-04	1.94e-01	7.26e-01	7.55e-02	4.05e-03	0.00e+00	0.00e+00
 4.27676e+16	2.08e-07	5.69e-04	2.00e-01	7.29e-01	6.73e-02	3.25e-03	0.00e+00	0.00e+00
 4.28480e+16	2.25e-07	6.02e-04	2.05e-01	7.33e-01	5.92e-02	2.55e-03	0.00e+00	0.00e+00
 4.29211e+16	2.41e-07	6.34e-04	2.10e-01	7.35e-01	5.22e-02	2.01e-03	0.00e+00	0.00e+00
 4.30011e+16	2.61e-07	6.71e-04	2.16e-01	7.37e-01	4.51e-02	1.52e-03	0.00e+00	0.00e+00
 4.30908e+16	2.84e-07	7.12e-04	2.22e-01	7.38e-01	3.81e-02	1.11e-03	0.00e+00	0.00e+00
 4.31779e+16	3.08e-07	7.53e-04	2.27e-01	7.39e-01	3.21e-02	8.01e-04	0.00e+00	0.00e+00
 4.32758e+16	3.36e-07	8.01e-04	2.33e-01	7.39e-01	2.62e-02	5.46e-04	0.00e+00	0.00e+00
 4.34030e+16	3.75e-07	8.64e-04	2.41e-01	7.38e-01	2.01e-02	3.29e-04	0.00e+00	0.00e+00
 4.35409e+16	4.17e-07	9.30e-04	2.48e-01	7.36e-01	1.51e-02	1.92e-04	0.00e+00	0.00e+00
 4.36928e+16	4.66e-07	1.00e-03	2.55e-01	7.33e-01	1.11e-02	1.05e-04	0.00e+00	0.00e+00
 4.38901e+16	5.32e-07	1.10e-03	2.64e-01	7.28e-01	7.51e-03	4.92e-05	0.00e+00	0.00e+00
 4.41467e+16	6.23e-07	1.22e-03	2.74e-01	7.20e-01	4.69e-03	1.95e-05	0.00e+00	0.00e+00
 4.44803e+16	7.54e-07	1.38e-03	2.86e-01	7.10e-01	2.70e-03	6.46e-06	0.00e+00	0.00e+00
 4.49139e+16	9.61e-07	1.61e-03	3.02e-01	6.95e-01	1.43e-03	1.80e-06	0.00e+00	0.00e+00
 4.53784e+16	1.25e-06	1.92e-03	3.20e-01	6.78e-01	7.94e-04	5.46e-07	0.00e+00	0.00e+00
 4.57874e+16	1.61e-06	2.27e-03	3.37e-01	6.60e-01	5.00e-04	0.00e+00	0.00e+00	0.00e+00
 4.61609e+16	2.05e-06	2.66e-03	3.54e-01	6.43e-01	3.36e-04	0.00e+00	0.00e+00	0.00e+00
 4.65839e+16	2.72e-06	3.22e-03	3.76e-01	6.20e-01	2.18e-04	0.00e+00	0.00e+00	0.00e+00
 4.70253e+16	3.76e-06	4.00e-03	4.01e-01	5.94e-01	1.43e-04	0.00e+00	0.00e+00	0.00e+00
 4.73788e+16	4.98e-06	4.84e-03	4.24e-01	5.71e-01	1.04e-04	0.00e+00	0.00e+00	0.00e+00
 4.76607e+16	6.32e-06	5.70e-03	4.44e-01	5.50e-01	8.00e-05	0.00e+00	0.00e+00	0.00e+00
 4.79614e+16	8.21e-06	6.83e-03	4.67e-01	5.26e-01	6.01e-05	0.00e+00	0.00e+00	0.00e+00
 4.82291e+16	1.06e-05	8.16e-03	4.89e-01	5.02e-01	4.72e-05	0.00e+00	0.00e+00	0.00e+00
 4.83837e+16	1.24e-05	9.09e-03	5.03e-01	4.88e-01	4.10e-05	0.00e+00	0.00e+00	0.00e+00
 4.85146e+16	1.42e-05	9.97e-03	5.15e-01	4.75e-01	3.60e-05	0.00e+00	0.00e+00	0.00e+00
 4.86848e+16	1.69e-05	1.13e-02	5.31e-01	4.58e-01	3.04e-05	0.00e+00	0.00e+00	0.00e+00
 4.88689e+16	2.07e-05	1.30e-02	5.49e-01	4.38e-01	2.53e-05	0.00e+00	0.00e+00	0.00e+00
 4.90257e+16	2.48e-05	1.48e-02	5.65e-01	4.20e-01	2.16e-05	0.00e+00	0.00e+00	0.00e+00
 4.91554e+16	2.89e-05	1.65e-02	5.79e-01	4.05e-01	1.88e-05	0.00e+00	0.00e+00	0.00e+00
 4.92953e+16	3.43e-05	1.85e-02	5.94e-01	3.87e-01	1.61e-05	0.00e+00	0.00e+00	0.00e+00
 4.94335e+16	4.10e-05	2.11e-02	6.10e-01	3.69e-01	1.38e-05	0.00e+00	0.00e+00	0.00e+00
 4.95340e+16	4.70e-05	2.32e-02	6.21e-01	3.56e-01	1.23e-05	0.00e+00	0.00e+00	0.00e+00
 4.96155e+16	5.25e-05	2.51e-02	6.30e-01	3.45e-01	1.12e-05	0.00e+00	0.00e+00	0.00e+00
 4.97077e+16	5.96e-05	2.74e-02	6.41e-01	3.32e-01	1.00e-05	0.00e+00	0.00e+00	0.00e+00
 4.98275e+16	7.07e-05	3.09e-02	6.54e-01	3.14e-01	8.59e-06	0.00e+00	0.00e+00	0.00e+00
 4.99451e+16	8.45e-05	3.51e-02	6.68e-01	2.97e-01	7.37e-06	0.00e+00	0.00e+00	0.00e+00
 5.00294e+16	9.67e-05	3.86e-02	6.77e-01	2.84e-01	6.58e-06	0.00e+00	0.00e+00	0.00e+00
 5.00971e+16	1.08e-04	4.17e-02	6.85e-01	2.74e-01	5.98e-06	0.00e+00	0.00e+00	0.00e+00
 5.01738e+16	1.22e-04	4.55e-02	6.93e-01	2.61e-01	5.34e-06	0.00e+00	0.00e+00	0.00e+00
 5.02735e+16	1.44e-04	5.12e-02	7.03e-01	2.45e-01	4.59e-06	0.00e+00	0.00e+00	0.00e+00
 5.03718e+16	1.72e-04	5.79e-02	7.13e-01	2.29e-01	3.93e-06	0.00e+00	0.00e+00	0.00e+00
 5.04434e+16	1.96e-04	6.35e-02	7.19e-01	2.18e-01	3.50e-06	0.00e+00	0.00e+00	0.00e+00
 5.05016e+16	2.18e-04	6.86e-02	7.23e-01	2.08e-01	3.17e-06	0.00e+00	0.00e+00	0.00e+00
 5.05673e+16	2.48e-04	7.48e-02	7.28e-01	1.97e-01	2.81e-06	0.00e+00	0.00e+00	0.00e+00
 5.06527e+16	2.93e-04	8.40e-02	7.33e-01	1.82e-01	2.40e-06	0.00e+00	0.00e+00	0.00e+00
 5.07368e+16	3.49e-04	9.49e-02	7.37e-01	1.68e-01	2.03e-06	0.00e+00	0.00e+00	0.00e+00
 5.07977e+16	3.97e-04	1.04e-01	7.38e-01	1.57e-01	1.79e-06	0.00e+00	0.00e+00	0.00e+00
 5.08469e+16	4.43e-04	1.12e-01	7.39e-01	1.49e-01	1.61e-06	0.00e+00	0.00e+00	0.00e+00
 5.09021e+16	4.99e-04	1.22e-01	7.38e-01	1.39e-01	1.42e-06	0.00e+00	0.00e+00	0.00e+00
 5.09738e+16	5.88e-04	1.36e-01	7.36e-01	1.27e-01	1.19e-06	0.00e+00	0.00e+00	0.00e+00
 5.10455e+16	7.01e-04	1.54e-01	7.31e-01	1.15e-01	9.95e-07	0.00e+00	0.00e+00	0.00e+00
 5.10995e+16	8.00e-04	1.68e-01	7.25e-01	1.06e-01	0.00e+00	0.00e+00	0.00e+00	0.00e+00
 5.11440e+16	8.98e-04	1.82e-01	7.19e-01	9.82e-02	0.00e+00	0.00e+00	0.00e+00	0.00e+00
 5.11940e+16	1.02e-03	1.98e-01	7.11e-01	8.99e-02	0.00e+00	0.00e+00	0.00e+00	0.00e+00
 5.12590e+16	1.21e-03	2.22e-01	6.97e-01	7.94e-02	0.00e+00	0.00e+00	0.00e+00	0.00e+00
 5.13242e+16	1.45e-03	2.51e-01	6.79e-01	6.91e-02	0.00e+00	0.00e+00	0.00e+00	0.00e+00
 5.13737e+16	1.68e-03	2.75e-01	6.61e-01	6.15e-02	0.00e+00	0.00e+00	0.00e+00	0.00e+00
 5.14158e+16	1.90e-03	2.98e-01	6.45e-01	5.52e-02	0.00e+00	0.00e+00	0.00e+00	0.00e+00
 5.14642e+16	2.19e-03	3.27e-01	6.23e-01	4.82e-02	0.00e+00	0.00e+00	0.00e+00	0.00e+00
 5.15271e+16	2.65e-03	3.68e-01	5.90e-01	3.98e-02	0.00e+00	0.00e+00	0.00e+00	0.00e+00
 5.15920e+16	3.25e-03	4.17e-01	5.48e-01	3.16e-02	0.00e+00	0.00e+00	0.00e+00	0.00e+00
 5.16428e+16	3.85e-03	4.62e-01	5.09e-01	2.56e-02	0.00e+00	0.00e+00	0.00e+00	0.00e+00
 5.16829e+16	4.43e-03	4.99e-01	4.75e-01	2.13e-02	0.00e+00	0.00e+00	0.00e+00	0.00e+00
 5.17259e+16	5.09e-03	5.41e-01	4.37e-01	1.72e-02	0.00e+00	0.00e+00	0.00e+00	0.00e+00
 5.17743e+16	6.01e-03	5.91e-01	3.90e-01	1.31e-02	0.00e+00	0.00e+00	0.00e+00	0.00e+00
 5.18177e+16	7.01e-03	6.39e-01	3.44e-01	9.84e-03	0.00e+00	0.00e+00	0.00e+00	0.00e+00
 5.18527e+16	7.94e-03	6.78e-01	3.06e-01	7.60e-03	0.00e+00	0.00e+00	0.00e+00	0.00e+00
 5.18836e+16	8.89e-03	7.12e-01	2.73e-01	5.93e-03	0.00e+00	0.00e+00	0.00e+00	0.00e+00
 5.19187e+16	1.01e-02	7.50e-01	2.36e-01	4.36e-03	0.00e+00	0.00e+00	0.00e+00	0.00e+00
 5.19565e+16	1.15e-02	7.89e-01	1.96e-01	3.01e-03	0.00e+00	0.00e+00	0.00e+00	0.00e+00
 5.19881e+16	1.30e-02	8.21e-01	1.64e-01	2.10e-03	0.00e+00	0.00e+00	0.00e+00	0.00e+00
 5.20133e+16	1.43e-02	8.44e-01	1.40e-01	1.55e-03	0.00e+00	0.00e+00	0.00e+00	0.00e+00
 5.20358e+16	1.56e-02	8.63e-01	1.20e-01	1.15e-03	0.00e+00	0.00e+00	0.00e+00	0.00e+00
 5.20613e+16	1.72e-02	8.82e-01	9.96e-02	8.05e-04	0.00e+00	0.00e+00	0.00e+00	0.00e+00
 5.20897e+16	1.92e-02	9.01e-01	7.92e-02	5.22e-04	0.00e+00	0.00e+00	0.00e+00	0.00e+00
 5.21147e+16	2.13e-02	9.15e-01	6.31e-02	3.42e-04	0.00e+00	0.00e+00	0.00e+00	0.00e+00
 5.21349e+16	2.31e-02	9.25e-01	5.18e-02	2.38e-04	0.00e+00	0.00e+00	0.00e+00	0.00e+00
 5.21527e+16	2.49e-02	9.32e-01	4.30e-02	1.69e-04	0.00e+00	0.00e+00	0.00e+00	0.00e+00
 5.21730e+16	2.72e-02	9.38e-01	3.45e-02	1.12e-04	0.00e+00	0.00e+00	0.00e+00	0.00e+00
 5.21943e+16	2.98e-02	9.43e-01	2.69e-02	7.07e-05	0.00e+00	0.00e+00	0.00e+00	0.00e+00
 5.22120e+16	3.22e-02	9.46e-01	2.14e-02	4.69e-05	0.00e+00	0.00e+00	0.00e+00	0.00e+00
 5.22264e+16	3.44e-02	9.48e-01	1.77e-02	3.31e-05	0.00e+00	0.00e+00	0.00e+00	0.00e+00
 5.22409e+16	3.68e-02	9.49e-01	1.45e-02	2.30e-05	0.00e+00	0.00e+00	0.00e+00	0.00e+00
 5.22575e+16	3.97e-02	9.49e-01	1.14e-02	1.48e-05	0.00e+00	0.00e+00	0.00e+00	0.00e+00
 5.22737e+16	4.29e-02	9.48e-01	8.96e-03	9.48e-06	0.00e+00	0.00e+00	0.00e+00	0.00e+00
 5.22867e+16	4.57e-02	9.47e-01	7.27e-03	6.49e-06	0.00e+00	0.00e+00	0.00e+00	0.00e+00
 5.22979e+16	4.82e-02	9.46e-01	6.06e-03	4.64e-06	0.00e+00	0.00e+00	0.00e+00	0.00e+00
 5.23083e+16	5.07e-02	9.44e-01	5.09e-03	3.38e-06	0.00e+00	0.00e+00	0.00e+00	0.00e+00
 5.23180e+16	5.33e-02	9.42e-01	4.31e-03	2.49e-06	0.00e+00	0.00e+00	0.00e+00	0.00e+00
 5.23273e+16	5.60e-02	9.40e-01	3.65e-03	1.84e-06	0.00e+00	0.00e+00	0.00e+00	0.00e+00
 5.23345e+16	5.78e-02	9.39e-01	3.22e-03	1.46e-06	0.00e+00	0.00e+00	0.00e+00	0.00e+00
 5.23392e+16	5.93e-02	9.38e-01	2.95e-03	1.24e-06	0.00e+00	0.00e+00	0.00e+00	0.00e+00
 5.23436e+16	6.08e-02	9.37e-01	2.72e-03	1.07e-06	0.00e+00	0.00e+00	0.00e+00	0.00e+00
 5.23487e+16	6.25e-02	9.35e-01	2.47e-03	8.93e-07	0.00e+00	0.00e+00	0.00e+00	0.00e+00
 5.23542e+16	6.43e-02	9.33e-01	2.22e-03	0.00e+00	0.00e+00	0.00e+00	0.00e+00	0.00e+00
 5.23595e+16	6.62e-02	9.32e-01	2.01e-03	0.00e+00	0.00e+00	0.00e+00	0.00e+00	0.00e+00
 5.23644e+16	6.80e-02	9.30e-01	1.82e-03	0.00e+00	0.00e+00	0.00e+00	0.00e+00	0.00e+00
 5.23694e+16	6.99e-02	9.28e-01	1.65e-03	0.00e+00	0.00e+00	0.00e+00	0.00e+00	0.00e+00
 5.23743e+16	7.19e-02	9.27e-01	1.50e-03	0.00e+00	0.00e+00	0.00e+00	0.00e+00	0.00e+00
 5.23791e+16	7.38e-02	9.25e-01	1.35e-03	0.00e+00	0.00e+00	0.00e+00	0.00e+00	0.00e+00
 5.23839e+16	7.60e-02	9.23e-01	1.23e-03	0.00e+00	0.00e+00	0.00e+00	0.00e+00	0.00e+00
 5.23886e+16	7.83e-02	9.21e-01	1.11e-03	0.00e+00	0.00e+00	0.00e+00	0.00e+00	0.00e+00
 5.23934e+16	8.04e-02	9.19e-01	1.01e-03	0.00e+00	0.00e+00	0.00e+00	0.00e+00	0.00e+00
 5.23979e+16	8.27e-02	9.16e-01	9.12e-04	0.00e+00	0.00e+00	0.00e+00	0.00e+00	0.00e+00
 5.24024e+16	8.51e-02	9.14e-01	8.27e-04	0.00e+00	0.00e+00	0.00e+00	0.00e+00	0.00e+00
 5.24070e+16	8.75e-02	9.12e-01	7.48e-04	0.00e+00	0.00e+00	0.00e+00	0.00e+00	0.00e+00
 5.24114e+16	9.02e-02	9.09e-01	6.78e-04	0.00e+00	0.00e+00	0.00e+00	0.00e+00	0.00e+00
 5.24158e+16	9.28e-02	9.07e-01	6.13e-04	0.00e+00	0.00e+00	0.00e+00	0.00e+00	0.00e+00
 5.24202e+16	9.58e-02	9.04e-01	5.56e-04	0.00e+00	0.00e+00	0.00e+00	0.00e+00	0.00e+00
 5.24244e+16	9.90e-02	9.01e-01	5.03e-04	0.00e+00	0.00e+00	0.00e+00	0.00e+00	0.00e+00
 5.24287e+16	1.02e-01	8.98e-01	4.55e-04	0.00e+00	0.00e+00	0.00e+00	0.00e+00	0.00e+00
 5.24329e+16	1.05e-01	8.94e-01	4.12e-04	0.00e+00	0.00e+00	0.00e+00	0.00e+00	0.00e+00
 5.24370e+16	1.09e-01	8.91e-01	3.73e-04	0.00e+00	0.00e+00	0.00e+00	0.00e+00	0.00e+00
 5.24411e+16	1.12e-01	8.87e-01	3.37e-04	0.00e+00	0.00e+00	0.00e+00	0.00e+00	0.00e+00
 5.24451e+16	1.16e-01	8.83e-01	3.05e-04	0.00e+00	0.00e+00	0.00e+00	0.00e+00	0.00e+00
 5.24492e+16	1.21e-01	8.79e-01	2.76e-04	0.00e+00	0.00e+00	0.00e+00	0.00e+00	0.00e+00
 5.24531e+16	1.25e-01	8.75e-01	2.49e-04	0.00e+00	0.00e+00	0.00e+00	0.00e+00	0.00e+00
 5.24569e+16	1.30e-01	8.70e-01	2.26e-04	0.00e+00	0.00e+00	0.00e+00	0.00e+00	0.00e+00
 5.24608e+16	1.35e-01	8.65e-01	2.04e-04	0.00e+00	0.00e+00	0.00e+00	0.00e+00	0.00e+00
 5.24646e+16	1.40e-01	8.60e-01	1.84e-04	0.00e+00	0.00e+00	0.00e+00	0.00e+00	0.00e+00
 5.24683e+16	1.46e-01	8.54e-01	1.66e-04	0.00e+00	0.00e+00	0.00e+00	0.00e+00	0.00e+00
