#depth	He	He+	He+2
 1.49634e+10	4.01e-24	7.10e-13	1.00e+00
 4.54887e+10	4.53e-24	7.68e-13	1.00e+00
 7.72350e+10	5.06e-24	8.30e-13	1.00e+00
 1.10251e+11	5.64e-24	8.97e-13	1.00e+00
 1.44588e+11	6.28e-24	9.70e-13	1.00e+00
 1.80298e+11	6.99e-24	1.05e-12	1.00e+00
 2.17437e+11	7.77e-24	1.13e-12	1.00e+00
 2.56061e+11	8.63e-24	1.23e-12	1.00e+00
 2.96231e+11	9.59e-24	1.33e-12	1.00e+00
 3.37104e+11	1.06e-23	1.43e-12	1.00e+00
 3.79613e+11	1.17e-23	1.55e-12	1.00e+00
 4.24724e+11	1.30e-23	1.67e-12	1.00e+00
 4.71640e+11	1.44e-23	1.81e-12	1.00e+00
 5.20433e+11	1.60e-23	1.96e-12	1.00e+00
 5.71177e+11	1.77e-23	2.11e-12	1.00e+00
 6.18509e+11	1.94e-23	2.27e-12	1.00e+00
 6.60185e+11	2.10e-23	2.41e-12	1.00e+00
 7.06675e+11	2.28e-23	2.57e-12	1.00e+00
 7.62574e+11	2.52e-23	2.77e-12	1.00e+00
 8.18793e+11	2.78e-23	2.98e-12	1.00e+00
 8.70403e+11	3.02e-23	3.19e-12	1.00e+00
 9.27936e+11	3.30e-23	3.42e-12	1.00e+00
 9.94627e+11	3.67e-23	3.69e-12	1.00e+00
 1.05987e+12	4.04e-23	3.98e-12	1.00e+00
 1.12161e+12	4.42e-23	4.26e-12	1.00e+00
 1.19029e+12	4.86e-23	4.58e-12	1.00e+00
 1.26783e+12	5.41e-23	4.95e-12	1.00e+00
 1.34567e+12	5.99e-23	5.35e-12	1.00e+00
 1.42662e+12	6.64e-23	5.77e-12	1.00e+00
 1.51361e+12	7.40e-23	6.25e-12	1.00e+00
 1.60408e+12	8.25e-23	6.76e-12	1.00e+00
 1.69817e+12	9.21e-23	7.32e-12	1.00e+00
 1.79603e+12	1.03e-22	7.92e-12	1.00e+00
 1.89779e+12	1.15e-22	8.58e-12	1.00e+00
 2.00363e+12	1.29e-22	9.29e-12	1.00e+00
 2.11371e+12	1.45e-22	1.01e-11	1.00e+00
 2.22818e+12	1.62e-22	1.09e-11	1.00e+00
 2.34723e+12	1.82e-22	1.18e-11	1.00e+00
 2.47105e+12	2.05e-22	1.28e-11	1.00e+00
 2.59173e+12	2.30e-22	1.38e-11	1.00e+00
 2.70627e+12	2.55e-22	1.48e-11	1.00e+00
 2.83349e+12	2.85e-22	1.59e-11	1.00e+00
 2.97239e+12	3.22e-22	1.72e-11	1.00e+00
 3.10601e+12	3.61e-22	1.85e-11	1.00e+00
 3.24934e+12	4.05e-22	1.99e-11	1.00e+00
 3.40924e+12	4.61e-22	2.16e-11	1.00e+00
 3.57022e+12	5.23e-22	2.34e-11	1.00e+00
 3.73765e+12	5.93e-22	2.53e-11	1.00e+00
 3.91708e+12	6.77e-22	2.74e-11	1.00e+00
 4.10369e+12	7.74e-22	2.98e-11	1.00e+00
 4.29776e+12	8.86e-22	3.23e-11	1.00e+00
 4.49960e+12	1.01e-21	3.51e-11	1.00e+00
 4.70951e+12	1.16e-21	3.81e-11	1.00e+00
 4.92782e+12	1.34e-21	4.13e-11	1.00e+00
 5.15486e+12	1.54e-21	4.49e-11	1.00e+00
 5.39098e+12	1.77e-21	4.88e-11	1.00e+00
 5.61358e+12	2.02e-21	5.26e-11	1.00e+00
 5.81355e+12	2.26e-21	5.62e-11	1.00e+00
 6.03836e+12	2.55e-21	6.04e-11	1.00e+00
 6.30370e+12	2.94e-21	6.56e-11	1.00e+00
 6.56865e+12	3.38e-21	7.11e-11	1.00e+00
 6.81861e+12	3.83e-21	7.64e-11	1.00e+00
 7.09569e+12	4.37e-21	8.26e-11	1.00e+00
 7.40945e+12	5.07e-21	9.00e-11	1.00e+00
 7.72354e+12	5.86e-21	9.78e-11	1.00e+00
 8.05020e+12	6.76e-21	1.06e-10	1.00e+00
 8.40214e+12	7.85e-21	1.16e-10	1.00e+00
 8.73239e+12	9.01e-21	1.25e-10	1.00e+00
 9.02744e+12	1.01e-20	1.34e-10	1.00e+00
 9.35913e+12	1.15e-20	1.45e-10	1.00e+00
 9.75250e+12	1.33e-20	1.58e-10	1.00e+00
 1.01472e+13	1.54e-20	1.72e-10	1.00e+00
 1.05153e+13	1.75e-20	1.85e-10	1.00e+00
 1.09236e+13	2.00e-20	2.01e-10	1.00e+00
 1.13905e+13	2.33e-20	2.20e-10	1.00e+00
 1.18503e+13	2.69e-20	2.40e-10	1.00e+00
 1.22922e+13	3.07e-20	2.59e-10	1.00e+00
 1.27774e+13	3.52e-20	2.82e-10	1.00e+00
 1.33185e+13	4.09e-20	3.10e-10	1.00e+00
 1.38632e+13	4.73e-20	3.39e-10	1.00e+00
 1.44297e+13	5.46e-20	3.71e-10	1.00e+00
 1.50170e+13	6.30e-20	4.06e-10	1.00e+00
 1.55958e+13	7.21e-20	4.43e-10	1.00e+00
 1.62175e+13	8.27e-20	4.85e-10	1.00e+00
 1.68962e+13	9.56e-20	5.34e-10	1.00e+00
 1.76019e+13	1.10e-19	5.87e-10	1.00e+00
 1.83359e+13	1.27e-19	6.47e-10	1.00e+00
 1.90993e+13	1.46e-19	7.12e-10	1.00e+00
 1.97904e+13	1.66e-19	7.75e-10	1.00e+00
 2.03674e+13	1.82e-19	8.30e-10	1.00e+00
 2.09999e+13	2.02e-19	8.93e-10	1.00e+00
 2.17996e+13	2.29e-19	9.77e-10	1.00e+00
 2.26328e+13	2.60e-19	1.07e-09	1.00e+00
 2.33452e+13	2.88e-19	1.15e-09	1.00e+00
 2.40843e+13	3.18e-19	1.24e-09	1.00e+00
 2.50070e+13	3.60e-19	1.36e-09	1.00e+00
 2.59425e+13	4.08e-19	1.49e-09	1.00e+00
 2.67551e+13	4.52e-19	1.61e-09	1.00e+00
 2.76341e+13	5.02e-19	1.74e-09	1.00e+00
 2.87085e+13	5.70e-19	1.90e-09	1.00e+00
 2.98035e+13	6.45e-19	2.09e-09	1.00e+00
 3.08038e+13	7.19e-19	2.26e-09	1.00e+00
 3.19141e+13	8.08e-19	2.46e-09	1.00e+00
 3.32075e+13	9.23e-19	2.70e-09	1.00e+00
 3.44886e+13	1.05e-18	2.96e-09	1.00e+00
 3.57120e+13	1.18e-18	3.22e-09	1.00e+00
 3.70615e+13	1.34e-18	3.51e-09	1.00e+00
 3.85739e+13	1.54e-18	3.86e-09	1.00e+00
 4.00929e+13	1.77e-18	4.23e-09	1.00e+00
 4.14539e+13	1.99e-18	4.57e-09	1.00e+00
 4.26628e+13	2.21e-18	4.88e-09	1.00e+00
 4.40334e+13	2.48e-18	5.26e-09	1.00e+00
 4.55584e+13	2.81e-18	5.69e-09	1.00e+00
 4.69891e+13	3.15e-18	6.11e-09	1.00e+00
 4.85539e+13	3.56e-18	6.58e-09	1.00e+00
 5.03082e+13	4.08e-18	7.14e-09	1.00e+00
 5.19741e+13	4.62e-18	7.69e-09	1.00e+00
 5.38051e+13	5.28e-18	8.32e-09	1.00e+00
 5.58549e+13	6.11e-18	9.06e-09	1.00e+00
 5.78013e+13	7.00e-18	9.78e-09	1.00e+00
 5.95965e+13	7.89e-18	1.05e-08	1.00e+00
 6.15831e+13	8.99e-18	1.13e-08	1.00e+00
 6.38133e+13	1.04e-17	1.22e-08	1.00e+00
 6.59243e+13	1.18e-17	1.31e-08	1.00e+00
 6.82327e+13	1.36e-17	1.42e-08	1.00e+00
 7.07880e+13	1.58e-17	1.54e-08	1.00e+00
 7.31617e+13	1.80e-17	1.65e-08	1.00e+00
 7.57446e+13	2.08e-17	1.78e-08	1.00e+00
 7.86348e+13	2.42e-17	1.94e-08	1.00e+00
 8.13629e+13	2.79e-17	2.09e-08	1.00e+00
 8.43290e+13	3.23e-17	2.26e-08	1.00e+00
 8.76377e+13	3.78e-17	2.45e-08	1.00e+00
 9.07878e+13	4.38e-17	2.65e-08	1.00e+00
 9.41584e+13	5.09e-17	2.86e-08	1.00e+00
 9.79547e+13	5.99e-17	3.12e-08	1.00e+00
 1.01717e+14	7.00e-17	3.38e-08	1.00e+00
 1.05629e+14	8.18e-17	3.67e-08	1.00e+00
 1.09884e+14	9.64e-17	3.99e-08	1.00e+00
 1.14309e+14	1.13e-16	4.34e-08	1.00e+00
 1.18912e+14	1.34e-16	4.72e-08	1.00e+00
 1.23435e+14	1.56e-16	5.11e-08	1.00e+00
 1.27652e+14	1.79e-16	5.48e-08	1.00e+00
 1.32301e+14	2.07e-16	5.91e-08	1.00e+00
 1.37074e+14	2.40e-16	6.37e-08	1.00e+00
 1.41081e+14	2.70e-16	6.76e-08	1.00e+00
 1.45322e+14	3.05e-16	7.19e-08	1.00e+00
 1.50688e+14	3.54e-16	7.76e-08	1.00e+00
 1.56281e+14	4.11e-16	8.37e-08	1.00e+00
 1.61138e+14	4.66e-16	8.92e-08	1.00e+00
 1.66275e+14	5.29e-16	9.51e-08	1.00e+00
 1.72577e+14	6.16e-16	1.03e-07	1.00e+00
 1.78863e+14	7.13e-16	1.11e-07	1.00e+00
 1.84349e+14	8.05e-16	1.18e-07	1.00e+00
 1.90325e+14	9.16e-16	1.26e-07	1.00e+00
 1.97592e+14	1.07e-15	1.36e-07	1.00e+00
 2.04893e+14	1.23e-15	1.46e-07	1.00e+00
 2.11451e+14	1.40e-15	1.55e-07	1.00e+00
 2.18686e+14	1.60e-15	1.66e-07	1.00e+00
 2.27245e+14	1.87e-15	1.80e-07	1.00e+00
 2.35724e+14	2.17e-15	1.94e-07	1.00e+00
 2.43586e+14	2.47e-15	2.07e-07	1.00e+00
 2.52404e+14	2.85e-15	2.22e-07	1.00e+00
 2.62530e+14	3.33e-15	2.40e-07	1.00e+00
 2.72498e+14	3.86e-15	2.59e-07	1.00e+00
 2.82865e+14	4.48e-15	2.79e-07	1.00e+00
 2.94210e+14	5.24e-15	3.02e-07	1.00e+00
 3.05737e+14	6.11e-15	3.26e-07	1.00e+00
 3.17726e+14	7.12e-15	3.53e-07	1.00e+00
 3.29733e+14	8.26e-15	3.80e-07	1.00e+00
 3.41101e+14	9.45e-15	4.07e-07	1.00e+00
 3.53654e+14	1.09e-14	4.37e-07	1.00e+00
 3.66224e+14	1.26e-14	4.69e-07	1.00e+00
 3.76646e+14	1.40e-14	4.97e-07	1.00e+00
 3.87691e+14	1.58e-14	5.27e-07	1.00e+00
 4.01828e+14	1.82e-14	5.66e-07	1.00e+00
 4.16667e+14	2.10e-14	6.10e-07	1.00e+00
 4.29776e+14	2.38e-14	6.49e-07	1.00e+00
 4.43950e+14	2.71e-14	6.93e-07	1.00e+00
 4.61016e+14	3.15e-14	7.49e-07	1.00e+00
 4.78315e+14	3.66e-14	8.08e-07	1.00e+00
 4.94527e+14	4.18e-14	8.65e-07	1.00e+00
 5.12558e+14	4.83e-14	9.32e-07	1.00e+00
 5.31651e+14	5.60e-14	1.01e-06	1.00e+00
 5.48611e+14	6.35e-14	1.07e-06	1.00e+00
 5.66854e+14	7.25e-14	1.15e-06	1.00e+00
 5.88724e+14	8.44e-14	1.24e-06	1.00e+00
 6.10259e+14	9.76e-14	1.34e-06	1.00e+00
 6.29438e+14	1.10e-13	1.43e-06	1.00e+00
 6.50602e+14	1.26e-13	1.53e-06	1.00e+00
 6.75830e+14	1.47e-13	1.66e-06	1.00e+00
 7.00840e+14	1.70e-13	1.79e-06	1.00e+00
 7.23658e+14	1.93e-13	1.91e-06	1.00e+00
 7.49129e+14	2.22e-13	2.05e-06	1.00e+00
 7.78811e+14	2.59e-13	2.22e-06	1.00e+00
 8.07985e+14	3.00e-13	2.40e-06	1.00e+00
 8.35531e+14	3.42e-13	2.57e-06	1.00e+00
 8.66186e+14	3.95e-13	2.77e-06	1.00e+00
 9.00863e+14	4.61e-13	3.00e-06	1.00e+00
 9.33705e+14	5.30e-13	3.23e-06	1.00e+00
 9.63544e+14	6.00e-13	3.45e-06	1.00e+00
 9.97299e+14	6.86e-13	3.70e-06	1.00e+00
 1.03672e+15	7.99e-13	4.01e-06	1.00e+00
 1.07452e+15	9.16e-13	4.31e-06	1.00e+00
 1.10860e+15	1.03e-12	4.60e-06	1.00e+00
 1.14074e+15	1.15e-12	4.87e-06	1.00e+00
 1.17644e+15	1.30e-12	5.19e-06	1.00e+00
 1.21629e+15	1.48e-12	5.56e-06	1.00e+00
 1.25388e+15	1.66e-12	5.91e-06	1.00e+00
 1.29510e+15	1.87e-12	6.32e-06	1.00e+00
 1.34127e+15	2.14e-12	6.79e-06	1.00e+00
 1.38482e+15	2.41e-12	7.24e-06	1.00e+00
 1.43238e+15	2.74e-12	7.76e-06	1.00e+00
 1.48497e+15	3.14e-12	8.35e-06	1.00e+00
 1.53355e+15	3.54e-12	8.91e-06	1.00e+00
 1.58615e+15	4.01e-12	9.54e-06	1.00e+00
 1.64496e+15	4.60e-12	1.03e-05	1.00e+00
 1.70022e+15	5.19e-12	1.10e-05	1.00e+00
 1.76043e+15	5.92e-12	1.18e-05	1.00e+00
 1.82742e+15	6.78e-12	1.27e-05	1.00e+00
 1.89004e+15	7.69e-12	1.37e-05	1.00e+00
 1.95811e+15	8.77e-12	1.47e-05	1.00e+00
 2.03426e+15	1.01e-11	1.59e-05	1.00e+00
 2.10645e+15	1.15e-11	1.71e-05	1.00e+00
 2.18374e+15	1.32e-11	1.84e-05	1.00e+00
 2.27112e+15	1.52e-11	1.99e-05	1.00e+00
 2.35714e+15	1.75e-11	2.16e-05	1.00e+00
 2.44660e+15	2.02e-11	2.33e-05	1.00e+00
 2.54449e+15	2.34e-11	2.53e-05	1.00e+00
 2.64101e+15	2.70e-11	2.74e-05	1.00e+00
 2.72116e+15	3.02e-11	2.92e-05	1.00e+00
 2.78598e+15	3.31e-11	3.07e-05	1.00e+00
 2.85792e+15	3.65e-11	3.24e-05	1.00e+00
 2.95145e+15	4.15e-11	3.48e-05	1.00e+00
 3.05164e+15	4.72e-11	3.74e-05	1.00e+00
 3.14042e+15	5.28e-11	3.98e-05	1.00e+00
 3.23580e+15	5.96e-11	4.25e-05	1.00e+00
 3.35552e+15	6.88e-11	4.60e-05	1.00e+00
 3.47710e+15	7.94e-11	4.97e-05	1.00e+00
 3.58227e+15	8.94e-11	5.31e-05	1.00e+00
 3.69589e+15	1.02e-10	5.69e-05	1.00e+00
 3.83532e+15	1.18e-10	6.18e-05	1.00e+00
 3.97614e+15	1.37e-10	6.70e-05	1.00e+00
 4.10099e+15	1.56e-10	7.18e-05	1.00e+00
 4.23724e+15	1.78e-10	7.72e-05	1.00e+00
 4.40056e+15	2.09e-10	8.41e-05	1.00e+00
 4.56236e+15	2.43e-10	9.12e-05	1.00e+00
 4.70815e+15	2.78e-10	9.79e-05	1.00e+00
 4.86980e+15	3.20e-10	1.06e-04	1.00e+00
 5.06041e+15	3.77e-10	1.15e-04	1.00e+00
 5.24854e+15	4.40e-10	1.25e-04	1.00e+00
 5.42295e+15	5.06e-10	1.35e-04	1.00e+00
 5.61867e+15	5.90e-10	1.46e-04	1.00e+00
 5.84344e+15	6.98e-10	1.60e-04	1.00e+00
 6.06433e+15	8.19e-10	1.73e-04	1.00e+00
 6.29406e+15	9.61e-10	1.89e-04	1.00e+00
 6.50341e+15	1.11e-09	2.03e-04	1.00e+00
 6.65935e+15	1.22e-09	2.14e-04	1.00e+00
 6.82037e+15	1.36e-09	2.26e-04	1.00e+00
 7.02971e+15	1.55e-09	2.42e-04	1.00e+00
 7.25614e+15	1.77e-09	2.60e-04	1.00e+00
 7.46038e+15	2.00e-09	2.76e-04	1.00e+00
 7.68148e+15	2.27e-09	2.95e-04	1.00e+00
 7.96258e+15	2.65e-09	3.20e-04	1.00e+00
 8.24558e+15	3.08e-09	3.46e-04	1.00e+00
 8.48260e+15	3.47e-09	3.68e-04	1.00e+00
 8.73599e+15	3.94e-09	3.93e-04	1.00e+00
 9.05681e+15	4.60e-09	4.26e-04	1.00e+00
 9.39317e+15	5.37e-09	4.62e-04	1.00e+00
 9.69415e+15	6.15e-09	4.95e-04	1.00e+00
 1.00212e+16	7.08e-09	5.32e-04	9.99e-01
 1.04103e+16	8.32e-09	5.79e-04	9.99e-01
 1.07922e+16	9.68e-09	6.26e-04	9.99e-01
 1.11367e+16	1.10e-08	6.70e-04	9.99e-01
 1.15201e+16	1.27e-08	7.22e-04	9.99e-01
 1.19715e+16	1.50e-08	7.85e-04	9.99e-01
 1.24149e+16	1.75e-08	8.49e-04	9.99e-01
 1.28247e+16	2.00e-08	9.10e-04	9.99e-01
 1.32865e+16	2.33e-08	9.83e-04	9.99e-01
 1.37322e+16	2.67e-08	1.05e-03	9.99e-01
 1.40609e+16	2.95e-08	1.11e-03	9.99e-01
 1.43910e+16	3.25e-08	1.17e-03	9.99e-01
 1.48202e+16	3.67e-08	1.24e-03	9.99e-01
 1.52843e+16	4.17e-08	1.33e-03	9.99e-01
 1.56977e+16	4.66e-08	1.40e-03	9.99e-01
 1.61390e+16	5.23e-08	1.49e-03	9.99e-01
 1.67127e+16	6.06e-08	1.61e-03	9.98e-01
 1.72913e+16	6.96e-08	1.73e-03	9.98e-01
 1.77577e+16	7.75e-08	1.83e-03	9.98e-01
 1.82455e+16	8.68e-08	1.94e-03	9.98e-01
 1.88797e+16	1.00e-07	2.09e-03	9.98e-01
 1.95388e+16	1.15e-07	2.26e-03	9.98e-01
 2.00928e+16	1.29e-07	2.39e-03	9.98e-01
 2.06756e+16	1.45e-07	2.56e-03	9.97e-01
 2.14251e+16	1.69e-07	2.78e-03	9.97e-01
 2.21668e+16	1.94e-07	2.99e-03	9.97e-01
 2.27518e+16	2.15e-07	3.18e-03	9.97e-01
 2.33574e+16	2.41e-07	3.38e-03	9.97e-01
 2.41448e+16	2.79e-07	3.68e-03	9.96e-01
 2.49354e+16	3.19e-07	3.97e-03	9.96e-01
 2.55278e+16	3.50e-07	4.20e-03	9.96e-01
 2.60952e+16	3.87e-07	4.46e-03	9.96e-01
 2.67291e+16	4.31e-07	4.75e-03	9.95e-01
 2.73366e+16	4.77e-07	5.06e-03	9.95e-01
 2.80134e+16	5.37e-07	5.44e-03	9.95e-01
 2.87228e+16	6.04e-07	5.86e-03	9.94e-01
 2.93406e+16	6.68e-07	6.26e-03	9.94e-01
 3.00096e+16	7.53e-07	6.75e-03	9.93e-01
 3.07314e+16	8.54e-07	7.34e-03	9.93e-01
 3.13428e+16	9.46e-07	7.88e-03	9.92e-01
 3.18638e+16	1.04e-06	8.40e-03	9.92e-01
 3.24467e+16	1.17e-06	9.08e-03	9.91e-01
 3.30817e+16	1.32e-06	9.90e-03	9.90e-01
 3.36455e+16	1.48e-06	1.07e-02	9.89e-01
 3.41511e+16	1.64e-06	1.16e-02	9.88e-01
 3.47202e+16	1.88e-06	1.27e-02	9.87e-01
 3.52877e+16	2.13e-06	1.40e-02	9.86e-01
 3.57270e+16	2.37e-06	1.51e-02	9.85e-01
 3.61104e+16	2.62e-06	1.63e-02	9.84e-01
 3.65470e+16	2.94e-06	1.78e-02	9.82e-01
 3.70170e+16	3.40e-06	1.98e-02	9.80e-01
 3.74166e+16	3.84e-06	2.17e-02	9.78e-01
 3.77552e+16	4.31e-06	2.37e-02	9.76e-01
 3.81280e+16	4.92e-06	2.62e-02	9.74e-01
 3.85238e+16	5.65e-06	2.94e-02	9.71e-01
 3.88579e+16	6.56e-06	3.28e-02	9.67e-01
 3.91335e+16	7.31e-06	3.60e-02	9.64e-01
 3.94246e+16	8.53e-06	4.02e-02	9.60e-01
 3.97286e+16	9.88e-06	4.55e-02	9.55e-01
 3.99844e+16	1.13e-05	5.08e-02	9.49e-01
 4.02097e+16	1.30e-05	5.66e-02	9.43e-01
 4.04184e+16	1.47e-05	6.30e-02	9.37e-01
 4.06477e+16	1.72e-05	7.16e-02	9.28e-01
 4.08840e+16	2.04e-05	8.25e-02	9.18e-01
 4.10700e+16	2.38e-05	9.33e-02	9.07e-01
 4.12189e+16	2.73e-05	1.04e-01	8.96e-01
 4.13555e+16	3.09e-05	1.15e-01	8.85e-01
 4.15103e+16	3.61e-05	1.30e-01	8.70e-01
 4.16726e+16	4.27e-05	1.50e-01	8.50e-01
 4.18041e+16	4.93e-05	1.69e-01	8.31e-01
 4.19124e+16	5.58e-05	1.88e-01	8.12e-01
 4.20314e+16	6.47e-05	2.12e-01	7.88e-01
 4.21572e+16	7.66e-05	2.43e-01	7.57e-01
 4.22593e+16	8.78e-05	2.72e-01	7.28e-01
 4.23361e+16	9.74e-05	2.97e-01	7.03e-01
 4.24011e+16	1.07e-04	3.20e-01	6.80e-01
 4.24744e+16	1.19e-04	3.49e-01	6.51e-01
 4.25544e+16	1.33e-04	3.82e-01	6.18e-01
 4.26267e+16	1.47e-04	4.15e-01	5.84e-01
 4.26930e+16	1.62e-04	4.48e-01	5.52e-01
 4.27676e+16	1.80e-04	4.87e-01	5.13e-01
 4.28480e+16	2.00e-04	5.30e-01	4.70e-01
 4.29211e+16	2.19e-04	5.70e-01	4.30e-01
 4.30011e+16	2.42e-04	6.15e-01	3.85e-01
 4.30908e+16	2.68e-04	6.63e-01	3.37e-01
 4.31779e+16	2.93e-04	7.07e-01	2.93e-01
 4.32758e+16	3.21e-04	7.53e-01	2.46e-01
 4.34030e+16	3.54e-04	8.05e-01	1.94e-01
 4.35409e+16	3.87e-04	8.50e-01	1.49e-01
 4.36928e+16	4.19e-04	8.89e-01	1.11e-01
 4.38901e+16	4.53e-04	9.24e-01	7.54e-02
 4.41467e+16	4.90e-04	9.52e-01	4.70e-02
 4.44803e+16	5.29e-04	9.73e-01	2.68e-02
 4.49139e+16	5.75e-04	9.85e-01	1.41e-02
 4.53784e+16	6.23e-04	9.92e-01	7.85e-03
 4.57874e+16	6.72e-04	9.94e-01	5.01e-03
 4.61609e+16	7.20e-04	9.96e-01	3.45e-03
 4.65839e+16	7.83e-04	9.97e-01	2.32e-03
 4.70253e+16	8.59e-04	9.98e-01	1.61e-03
 4.73788e+16	9.34e-04	9.98e-01	1.23e-03
 4.76607e+16	1.00e-03	9.98e-01	1.00e-03
 4.79614e+16	1.09e-03	9.98e-01	8.04e-04
 4.82291e+16	1.17e-03	9.98e-01	6.77e-04
 4.83837e+16	1.23e-03	9.98e-01	6.16e-04
 4.85146e+16	1.28e-03	9.98e-01	5.64e-04
 4.86848e+16	1.35e-03	9.98e-01	5.03e-04
 4.88689e+16	1.44e-03	9.98e-01	4.48e-04
 4.90257e+16	1.53e-03	9.98e-01	4.08e-04
 4.91554e+16	1.61e-03	9.98e-01	3.78e-04
 4.92953e+16	1.69e-03	9.98e-01	3.46e-04
 4.94335e+16	1.80e-03	9.98e-01	3.20e-04
 4.95340e+16	1.88e-03	9.98e-01	3.02e-04
 4.96155e+16	1.95e-03	9.98e-01	2.88e-04
 4.97077e+16	2.03e-03	9.98e-01	2.73e-04
 4.98275e+16	2.15e-03	9.98e-01	2.54e-04
 4.99451e+16	2.28e-03	9.97e-01	2.38e-04
 5.00294e+16	2.39e-03	9.97e-01	2.27e-04
 5.00971e+16	2.48e-03	9.97e-01	2.19e-04
 5.01738e+16	2.59e-03	9.97e-01	2.10e-04
 5.02735e+16	2.74e-03	9.97e-01	1.98e-04
 5.03718e+16	2.91e-03	9.97e-01	1.88e-04
 5.04434e+16	3.05e-03	9.97e-01	1.81e-04
 5.05016e+16	3.17e-03	9.97e-01	1.75e-04
 5.05673e+16	3.32e-03	9.97e-01	1.69e-04
 5.06527e+16	3.53e-03	9.96e-01	1.61e-04
 5.07368e+16	3.76e-03	9.96e-01	1.54e-04
 5.07977e+16	3.95e-03	9.96e-01	1.49e-04
 5.08469e+16	4.12e-03	9.96e-01	1.45e-04
 5.09021e+16	4.31e-03	9.96e-01	1.41e-04
 5.09738e+16	4.59e-03	9.95e-01	1.35e-04
 5.10455e+16	4.92e-03	9.95e-01	1.30e-04
 5.10995e+16	5.18e-03	9.95e-01	1.27e-04
 5.11440e+16	5.43e-03	9.94e-01	1.24e-04
 5.11940e+16	5.73e-03	9.94e-01	1.20e-04
 5.12590e+16	6.15e-03	9.94e-01	1.16e-04
 5.13242e+16	6.66e-03	9.93e-01	1.12e-04
 5.13737e+16	7.11e-03	9.93e-01	1.09e-04
 5.14158e+16	7.51e-03	9.92e-01	1.07e-04
 5.14642e+16	8.04e-03	9.92e-01	1.04e-04
 5.15271e+16	8.81e-03	9.91e-01	1.01e-04
 5.15920e+16	9.78e-03	9.90e-01	9.74e-05
 5.16428e+16	1.07e-02	9.89e-01	9.48e-05
 5.16829e+16	1.16e-02	9.88e-01	9.28e-05
 5.17259e+16	1.26e-02	9.87e-01	9.07e-05
 5.17743e+16	1.40e-02	9.86e-01	8.84e-05
 5.18177e+16	1.55e-02	9.84e-01	8.65e-05
 5.18527e+16	1.70e-02	9.83e-01	8.49e-05
 5.18836e+16	1.84e-02	9.81e-01	8.37e-05
 5.19187e+16	2.04e-02	9.80e-01	8.21e-05
 5.19565e+16	2.29e-02	9.77e-01	8.07e-05
 5.19881e+16	2.56e-02	9.74e-01	7.95e-05
 5.20133e+16	2.80e-02	9.72e-01	7.88e-05
 5.20358e+16	3.06e-02	9.69e-01	7.80e-05
 5.20613e+16	3.38e-02	9.66e-01	7.73e-05
 5.20897e+16	3.82e-02	9.62e-01	7.66e-05
 5.21147e+16	4.31e-02	9.57e-01	7.63e-05
 5.21349e+16	4.76e-02	9.52e-01	7.61e-05
 5.21527e+16	5.23e-02	9.48e-01	7.60e-05
 5.21730e+16	5.85e-02	9.41e-01	7.60e-05
 5.21943e+16	6.61e-02	9.34e-01	7.63e-05
 5.22120e+16	7.40e-02	9.26e-01	7.67e-05
 5.22264e+16	8.10e-02	9.19e-01	7.74e-05
 5.22409e+16	8.91e-02	9.11e-01	7.80e-05
 5.22575e+16	9.99e-02	9.00e-01	7.90e-05
 5.22737e+16	1.12e-01	8.88e-01	8.03e-05
 5.22867e+16	1.24e-01	8.76e-01	8.13e-05
 5.22979e+16	1.35e-01	8.65e-01	8.27e-05
 5.23083e+16	1.46e-01	8.54e-01	8.40e-05
 5.23180e+16	1.58e-01	8.42e-01	8.52e-05
 5.23273e+16	1.70e-01	8.30e-01	8.65e-05
 5.23345e+16	1.80e-01	8.20e-01	8.77e-05
 5.23392e+16	1.87e-01	8.13e-01	8.85e-05
 5.23436e+16	1.94e-01	8.06e-01	8.92e-05
 5.23487e+16	2.02e-01	7.97e-01	8.99e-05
 5.23542e+16	2.12e-01	7.88e-01	9.09e-05
 5.23595e+16	2.21e-01	7.79e-01	9.19e-05
 5.23644e+16	2.30e-01	7.69e-01	9.29e-05
 5.23694e+16	2.40e-01	7.59e-01	9.37e-05
 5.23743e+16	2.50e-01	7.50e-01	9.48e-05
 5.23791e+16	2.61e-01	7.39e-01	9.56e-05
 5.23839e+16	2.72e-01	7.28e-01	9.68e-05
 5.23886e+16	2.83e-01	7.17e-01	9.77e-05
 5.23934e+16	2.94e-01	7.05e-01	9.86e-05
 5.23979e+16	3.06e-01	6.94e-01	9.95e-05
 5.24024e+16	3.18e-01	6.82e-01	1.01e-04
 5.24070e+16	3.30e-01	6.70e-01	1.01e-04
 5.24114e+16	3.42e-01	6.58e-01	1.02e-04
 5.24158e+16	3.55e-01	6.44e-01	1.03e-04
 5.24202e+16	3.68e-01	6.32e-01	1.04e-04
 5.24244e+16	3.81e-01	6.19e-01	1.05e-04
 5.24287e+16	3.95e-01	6.05e-01	1.06e-04
 5.24329e+16	4.09e-01	5.91e-01	1.06e-04
 5.24370e+16	4.22e-01	5.78e-01	1.07e-04
 5.24411e+16	4.36e-01	5.64e-01	1.08e-04
 5.24451e+16	4.50e-01	5.50e-01	1.08e-04
 5.24492e+16	4.64e-01	5.36e-01	1.09e-04
 5.24531e+16	4.78e-01	5.22e-01	1.09e-04
 5.24569e+16	4.92e-01	5.08e-01	1.10e-04
 5.24608e+16	5.06e-01	4.94e-01	1.10e-04
 5.24646e+16	5.21e-01	4.79e-01	1.10e-04
 5.24683e+16	5.34e-01	4.66e-01	1.11e-04
 5.24719e+16	5.48e-01	4.52e-01	1.11e-04
 5.24754e+16	5.61e-01	4.39e-01	1.11e-04
 5.24789e+16	5.74e-01	4.26e-01	1.11e-04
 5.24822e+16	5.87e-01	4.13e-01	1.11e-04
 5.24856e+16	6.00e-01	4.00e-01	1.11e-04
 5.24888e+16	6.12e-01	3.88e-01	1.11e-04
 5.24921e+16	6.24e-01	3.75e-01	1.11e-04
 5.24952e+16	6.36e-01	3.63e-01	1.10e-04
 5.24983e+16	6.48e-01	3.52e-01	1.10e-04
 5.25014e+16	6.60e-01	3.40e-01	1.10e-04
 5.25044e+16	6.71e-01	3.29e-01	1.09e-04
 5.25073e+16	6.82e-01	3.18e-01	1.09e-04
 5.25102e+16	6.92e-01	3.08e-01	1.08e-04
 5.25131e+16	7.02e-01	2.98e-01	1.08e-04
 5.25159e+16	7.12e-01	2.88e-01	1.07e-04
 5.25186e+16	7.22e-01	2.78e-01	1.06e-04
 5.25213e+16	7.31e-01	2.69e-01	1.06e-04
 5.25240e+16	7.40e-01	2.60e-01	1.05e-04
 5.25267e+16	7.49e-01	2.51e-01	1.04e-04
 5.25293e+16	7.58e-01	2.42e-01	1.03e-04
 5.25319e+16	7.66e-01	2.34e-01	1.02e-04
 5.25345e+16	7.74e-01	2.26e-01	1.02e-04
 5.25370e+16	7.82e-01	2.18e-01	1.01e-04
 5.25395e+16	7.90e-01	2.10e-01	9.97e-05
 5.25419e+16	7.97e-01	2.03e-01	9.87e-05
 5.25444e+16	8.04e-01	1.96e-01	9.76e-05
 5.25468e+16	8.11e-01	1.89e-01	9.66e-05
 5.25488e+16	8.16e-01	1.84e-01	9.56e-05
 5.25502e+16	8.20e-01	1.80e-01	9.48e-05
 5.25516e+16	8.24e-01	1.76e-01	9.40e-05
 5.25531e+16	8.28e-01	1.72e-01	9.32e-05
 5.25546e+16	8.32e-01	1.68e-01	9.23e-05
 5.25561e+16	8.36e-01	1.64e-01	9.15e-05
 5.25575e+16	8.40e-01	1.60e-01	9.07e-05
 5.25589e+16	8.44e-01	1.56e-01	8.98e-05
 5.25604e+16	8.47e-01	1.53e-01	8.90e-05
 5.25618e+16	8.51e-01	1.49e-01	8.82e-05
 5.25632e+16	8.54e-01	1.46e-01	8.73e-05
 5.25647e+16	8.58e-01	1.42e-01	8.65e-05
 5.25661e+16	8.61e-01	1.39e-01	8.56e-05
 5.25676e+16	8.64e-01	1.36e-01	8.46e-05
 5.25692e+16	8.68e-01	1.32e-01	8.38e-05
 5.25709e+16	8.72e-01	1.28e-01	8.26e-05
 5.25728e+16	8.76e-01	1.24e-01	8.15e-05
 5.25748e+16	8.80e-01	1.20e-01	8.01e-05
 5.25769e+16	8.84e-01	1.15e-01	7.87e-05
 5.25790e+16	8.89e-01	1.11e-01	7.73e-05
 5.25810e+16	8.93e-01	1.07e-01	7.58e-05
 5.25829e+16	8.96e-01	1.04e-01	7.44e-05
 5.25847e+16	9.00e-01	1.00e-01	7.29e-05
 5.25865e+16	9.03e-01	9.70e-02	7.15e-05
 5.25882e+16	9.06e-01	9.39e-02	7.00e-05
 5.25898e+16	9.09e-01	9.11e-02	6.87e-05
 5.25913e+16	9.11e-01	8.86e-02	6.74e-05
 5.25926e+16	9.14e-01	8.63e-02	6.62e-05
 5.25938e+16	9.16e-01	8.42e-02	6.51e-05
 5.25950e+16	9.18e-01	8.24e-02	6.41e-05
 5.25960e+16	9.19e-01	8.07e-02	6.31e-05
 5.25969e+16	9.21e-01	7.92e-02	6.22e-05
 5.25977e+16	9.22e-01	7.78e-02	6.13e-05
 5.25986e+16	9.24e-01	7.63e-02	6.05e-05
 5.25996e+16	9.25e-01	7.48e-02	5.96e-05
 5.26005e+16	9.27e-01	7.34e-02	5.87e-05
 5.26013e+16	9.28e-01	7.21e-02	5.79e-05
 5.26021e+16	9.29e-01	7.09e-02	5.70e-05
 5.26027e+16	9.30e-01	6.99e-02	5.64e-05
 5.26035e+16	9.31e-01	6.88e-02	5.57e-05
 5.26043e+16	9.32e-01	6.76e-02	5.49e-05
 5.26050e+16	9.33e-01	6.65e-02	5.41e-05
 5.26057e+16	9.34e-01	6.55e-02	5.34e-05
 5.26063e+16	9.35e-01	6.46e-02	5.27e-05
 5.26069e+16	9.36e-01	6.36e-02	5.21e-05
 5.26076e+16	9.37e-01	6.26e-02	5.13e-05
 5.26083e+16	9.38e-01	6.17e-02	5.06e-05
 5.26089e+16	9.39e-01	6.08e-02	4.99e-05
 5.26094e+16	9.40e-01	6.00e-02	4.93e-05
 5.26100e+16	9.41e-01	5.92e-02	4.87e-05
 5.26107e+16	9.42e-01	5.83e-02	4.80e-05
 5.26113e+16	9.43e-01	5.74e-02	4.73e-05
 5.26118e+16	9.43e-01	5.66e-02	4.66e-05
 5.26124e+16	9.44e-01	5.59e-02	4.60e-05
 5.26130e+16	9.45e-01	5.50e-02	4.54e-05
 5.26136e+16	9.46e-01	5.42e-02	4.47e-05
 5.26142e+16	9.47e-01	5.34e-02	4.41e-05
 5.26148e+16	9.47e-01	5.27e-02	4.35e-05
 5.26153e+16	9.48e-01	5.19e-02	4.29e-05
 5.26158e+16	9.49e-01	5.12e-02	4.23e-05
 5.26163e+16	9.49e-01	5.06e-02	4.17e-05
 5.26169e+16	9.50e-01	4.99e-02	4.12e-05
 5.26174e+16	9.51e-01	4.92e-02	4.06e-05
 5.26179e+16	9.51e-01	4.85e-02	4.00e-05
 5.26184e+16	9.52e-01	4.78e-02	3.95e-05
 5.26190e+16	9.53e-01	4.72e-02	3.89e-05
 5.26195e+16	9.53e-01	4.65e-02	3.83e-05
 5.26200e+16	9.54e-01	4.59e-02	3.78e-05
 5.26205e+16	9.55e-01	4.52e-02	3.72e-05
 5.26211e+16	9.55e-01	4.46e-02	3.67e-05
 5.26216e+16	9.56e-01	4.40e-02	3.62e-05
 5.26221e+16	9.57e-01	4.34e-02	3.57e-05
 5.26226e+16	9.57e-01	4.27e-02	3.51e-05
 5.26232e+16	9.58e-01	4.21e-02	3.46e-05
 5.26237e+16	9.58e-01	4.16e-02	3.41e-05
 5.26242e+16	9.59e-01	4.10e-02	3.37e-05
 5.26247e+16	9.60e-01	4.04e-02	3.32e-05
 5.26253e+16	9.60e-01	3.99e-02	3.27e-05
 5.26259e+16	9.61e-01	3.92e-02	3.22e-05
 5.26265e+16	9.61e-01	3.86e-02	3.17e-05
 5.26271e+16	9.62e-01	3.80e-02	3.12e-05
 5.26277e+16	9.63e-01	3.74e-02	3.07e-05
 5.26282e+16	9.63e-01	3.69e-02	3.03e-05
 5.26288e+16	9.64e-01	3.64e-02	2.99e-05
 5.26295e+16	9.64e-01	3.57e-02	2.94e-05
 5.26301e+16	9.65e-01	3.52e-02	2.89e-05
 5.26306e+16	9.65e-01	3.47e-02	2.85e-05
 5.26311e+16	9.66e-01	3.42e-02	2.81e-05
 5.26317e+16	9.66e-01	3.37e-02	2.77e-05
 5.26324e+16	9.67e-01	3.32e-02	2.72e-05
 5.26330e+16	9.67e-01	3.27e-02	2.68e-05
 5.26335e+16	9.68e-01	3.22e-02	2.64e-05
 5.26341e+16	9.68e-01	3.17e-02	2.61e-05
 5.26348e+16	9.69e-01	3.12e-02	2.56e-05
 5.26354e+16	9.69e-01	3.07e-02	2.52e-05
 5.26360e+16	9.70e-01	3.02e-02	2.49e-05
 5.26367e+16	9.70e-01	2.97e-02	2.44e-05
 5.26374e+16	9.71e-01	2.92e-02	2.41e-05
 5.26380e+16	9.71e-01	2.88e-02	2.37e-05
 5.26386e+16	9.72e-01	2.84e-02	2.34e-05
 5.26393e+16	9.72e-01	2.79e-02	2.30e-05
 5.26399e+16	9.73e-01	2.75e-02	2.26e-05
 5.26406e+16	9.73e-01	2.70e-02	2.23e-05
 5.26413e+16	9.73e-01	2.65e-02	2.19e-05
 5.26420e+16	9.74e-01	2.61e-02	2.15e-05
 5.26428e+16	9.74e-01	2.57e-02	2.12e-05
 5.26436e+16	9.75e-01	2.52e-02	2.08e-05
 5.26443e+16	9.75e-01	2.48e-02	2.05e-05
 5.26451e+16	9.76e-01	2.43e-02	2.01e-05
 5.26459e+16	9.76e-01	2.38e-02	1.97e-05
 5.26467e+16	9.77e-01	2.34e-02	1.94e-05
 5.26474e+16	9.77e-01	2.30e-02	1.91e-05
 5.26482e+16	9.77e-01	2.26e-02	1.88e-05
 5.26491e+16	9.78e-01	2.22e-02	1.84e-05
 5.26498e+16	9.78e-01	2.18e-02	1.81e-05
 5.26507e+16	9.79e-01	2.14e-02	1.78e-05
 5.26516e+16	9.79e-01	2.10e-02	1.75e-05
 5.26524e+16	9.79e-01	2.06e-02	1.72e-05
 5.26533e+16	9.80e-01	2.02e-02	1.68e-05
 5.26543e+16	9.80e-01	1.98e-02	1.65e-05
 5.26552e+16	9.81e-01	1.94e-02	1.62e-05
 5.26561e+16	9.81e-01	1.90e-02	1.59e-05
 5.26572e+16	9.81e-01	1.86e-02	1.56e-05
 5.26581e+16	9.82e-01	1.83e-02	1.53e-05
 5.26592e+16	9.82e-01	1.79e-02	1.50e-05
 5.26603e+16	9.83e-01	1.75e-02	1.47e-05
 5.26614e+16	9.83e-01	1.71e-02	1.44e-05
 5.26625e+16	9.83e-01	1.67e-02	1.41e-05
 5.26637e+16	9.84e-01	1.64e-02	1.38e-05
 5.26648e+16	9.84e-01	1.60e-02	1.35e-05
 5.26660e+16	9.84e-01	1.57e-02	1.32e-05
 5.26673e+16	9.85e-01	1.53e-02	1.29e-05
 5.26685e+16	9.85e-01	1.50e-02	1.27e-05
 5.26698e+16	9.85e-01	1.46e-02	1.24e-05
 5.26712e+16	9.86e-01	1.43e-02	1.21e-05
 5.26725e+16	9.86e-01	1.40e-02	1.19e-05
 5.26739e+16	9.86e-01	1.36e-02	1.16e-05
 5.26755e+16	9.87e-01	1.33e-02	1.13e-05
 5.26768e+16	9.87e-01	1.30e-02	1.11e-05
 5.26784e+16	9.87e-01	1.27e-02	1.08e-05
 5.26800e+16	9.88e-01	1.24e-02	1.06e-05
 5.26815e+16	9.88e-01	1.21e-02	1.04e-05
 5.26831e+16	9.88e-01	1.18e-02	1.01e-05
 5.26852e+16	9.89e-01	1.14e-02	9.82e-06
 5.26875e+16	9.89e-01	1.11e-02	9.54e-06
 5.26896e+16	9.89e-01	1.08e-02	9.30e-06
 5.26915e+16	9.89e-01	1.05e-02	9.09e-06
 5.26936e+16	9.90e-01	1.02e-02	8.85e-06
 5.26963e+16	9.90e-01	9.91e-03	8.58e-06
 5.26992e+16	9.90e-01	9.60e-03	8.33e-06
 5.27018e+16	9.91e-01	9.34e-03	8.11e-06
 5.27047e+16	9.91e-01	9.06e-03	7.87e-06
 5.27079e+16	9.91e-01	8.81e-03	7.66e-06
 5.27113e+16	9.91e-01	8.53e-03	7.42e-06
 5.27150e+16	9.92e-01	8.28e-03	7.21e-06
 5.27191e+16	9.92e-01	8.02e-03	6.99e-06
 5.27244e+16	9.92e-01	7.73e-03	6.74e-06
 5.27310e+16	9.93e-01	7.44e-03	6.49e-06
 5.27389e+16	9.93e-01	7.16e-03	6.24e-06
 5.27480e+16	9.93e-01	6.90e-03	6.01e-06
 5.27580e+16	9.93e-01	6.69e-03	5.82e-06
 5.27680e+16	9.93e-01	6.52e-03	5.66e-06
 5.27780e+16	9.94e-01	6.39e-03	5.52e-06
 5.27895e+16	9.94e-01	6.26e-03	5.38e-06
 5.28045e+16	9.94e-01	6.16e-03	5.29e-06
 5.28239e+16	9.94e-01	6.05e-03	5.16e-06
 5.28492e+16	9.94e-01	5.95e-03	5.03e-06
 5.28820e+16	9.94e-01	5.83e-03	4.87e-06
 5.29247e+16	9.94e-01	5.71e-03	4.70e-06
 5.29802e+16	9.94e-01	5.57e-03	4.48e-06
 5.30523e+16	9.95e-01	5.40e-03	4.22e-06
 5.31461e+16	9.95e-01	5.18e-03	3.91e-06
 5.32598e+16	9.95e-01	4.94e-03	3.57e-06
 5.33800e+16	9.95e-01	4.72e-03	3.26e-06
 5.34986e+16	9.95e-01	4.51e-03	2.99e-06
 5.36189e+16	9.96e-01	4.31e-03	2.73e-06
 5.37439e+16	9.96e-01	4.12e-03	2.49e-06
 5.38729e+16	9.96e-01	3.92e-03	2.27e-06
 5.40047e+16	9.96e-01	3.74e-03	2.06e-06
 5.41392e+16	9.96e-01	3.57e-03	1.87e-06
 5.42770e+16	9.97e-01	3.40e-03	1.70e-06
 5.44160e+16	9.97e-01	3.24e-03	1.54e-06
 5.45576e+16	9.97e-01	3.08e-03	1.40e-06
 5.47049e+16	9.97e-01	2.93e-03	1.27e-06
 5.48564e+16	9.97e-01	2.79e-03	1.14e-06
 5.50106e+16	9.97e-01	2.65e-03	1.03e-06
 5.51679e+16	9.97e-01	2.52e-03	9.29e-07
 5.53287e+16	9.98e-01	2.39e-03	8.36e-07
 5.54932e+16	9.98e-01	2.27e-03	7.52e-07
 5.56613e+16	9.98e-01	2.15e-03	6.75e-07
 5.58335e+16	9.98e-01	2.04e-03	6.05e-07
 5.60098e+16	9.98e-01	1.93e-03	5.42e-07
 5.61899e+16	9.98e-01	1.83e-03	4.84e-07
 5.63740e+16	9.98e-01	1.73e-03	4.33e-07
 5.65626e+16	9.98e-01	1.64e-03	3.86e-07
 5.67558e+16	9.98e-01	1.55e-03	3.43e-07
 5.69539e+16	9.99e-01	1.46e-03	3.05e-07
 5.71570e+16	9.99e-01	1.38e-03	2.71e-07
 5.73655e+16	9.99e-01	1.30e-03	2.40e-07
 5.75795e+16	9.99e-01	1.22e-03	2.12e-07
 5.77995e+16	9.99e-01	1.15e-03	1.87e-07
 5.80256e+16	9.99e-01	1.08e-03	1.64e-07
 5.82587e+16	9.99e-01	1.02e-03	1.44e-07
 5.84991e+16	9.99e-01	9.56e-04	1.26e-07
 5.87468e+16	9.99e-01	8.96e-04	1.10e-07
 5.90025e+16	9.99e-01	8.39e-04	9.55e-08
 5.92634e+16	9.99e-01	7.85e-04	8.30e-08
 5.95314e+16	9.99e-01	7.34e-04	7.18e-08
 5.98137e+16	9.99e-01	6.84e-04	6.17e-08
 6.01104e+16	9.99e-01	6.35e-04	5.27e-08
 6.04195e+16	9.99e-01	5.89e-04	4.47e-08
 6.07409e+16	9.99e-01	5.44e-04	3.78e-08
 6.10760e+16	9.99e-01	5.02e-04	3.17e-08
 6.14274e+16	1.00e+00	4.61e-04	2.64e-08
 6.17998e+16	1.00e+00	4.21e-04	2.18e-08
 6.21910e+16	1.00e+00	3.83e-04	1.78e-08
 6.26049e+16	1.00e+00	3.45e-04	1.43e-08
 6.30487e+16	1.00e+00	3.09e-04	1.14e-08
 6.35210e+16	1.00e+00	2.75e-04	8.88e-09
 6.40280e+16	1.00e+00	2.42e-04	6.81e-09
 6.45793e+16	1.00e+00	2.10e-04	5.09e-09
 6.51840e+16	1.00e+00	1.79e-04	3.71e-09
 6.58406e+16	1.00e+00	1.51e-04	2.63e-09
 6.65751e+16	1.00e+00	1.24e-04	1.78e-09
 6.74253e+16	1.00e+00	9.94e-05	1.14e-09
 6.84066e+16	1.00e+00	7.70e-05	6.88e-10
 6.95324e+16	1.00e+00	5.76e-05	3.88e-10
 7.08486e+16	1.00e+00	4.12e-05	2.00e-10
 7.23181e+16	1.00e+00	2.88e-05	9.80e-11
 7.38239e+16	1.00e+00	2.01e-05	4.81e-11
 7.53598e+16	1.00e+00	1.40e-05	2.37e-11
 7.69260e+16	1.00e+00	9.80e-06	1.17e-11
 7.84921e+16	1.00e+00	6.91e-06	5.88e-12
 8.00582e+16	1.00e+00	4.91e-06	3.00e-12
 8.16244e+16	1.00e+00	3.52e-06	1.55e-12
 8.31905e+16	1.00e+00	2.54e-06	8.17e-13
 8.47566e+16	1.00e+00	1.85e-06	4.37e-13
 8.63227e+16	1.00e+00	1.35e-06	2.36e-13
 8.78888e+16	1.00e+00	9.95e-07	1.29e-13
 8.94549e+16	1.00e+00	7.37e-07	7.18e-14
 9.10210e+16	1.00e+00	5.50e-07	4.03e-14
 9.25871e+16	1.00e+00	4.12e-07	2.29e-14
 9.43881e+16	1.00e+00	2.95e-07	1.19e-14
 9.64547e+16	1.00e+00	2.05e-07	5.83e-15
 9.85519e+16	1.00e+00	1.43e-07	2.89e-15
 1.00649e+17	1.00e+00	1.01e-07	1.46e-15
 1.02933e+17	1.00e+00	6.92e-08	6.96e-16
 1.05404e+17	1.00e+00	4.68e-08	3.24e-16
 1.07875e+17	1.00e+00	3.21e-08	1.55e-16
 1.10451e+17	1.00e+00	2.18e-08	7.25e-17
 1.13173e+17	1.00e+00	1.47e-08	3.35e-17
 1.15974e+17	1.00e+00	9.89e-09	1.55e-17
 1.18816e+17	1.00e+00	6.74e-09	7.27e-18
 1.21658e+17	1.00e+00	4.62e-09	3.47e-18
 1.24500e+17	1.00e+00	3.20e-09	1.69e-18
 1.27342e+17	1.00e+00	2.24e-09	8.42e-19
 1.30184e+17	1.00e+00	1.59e-09	4.26e-19
 1.33026e+17	1.00e+00	1.13e-09	2.19e-19
 1.35868e+17	1.00e+00	8.14e-10	1.14e-19
 1.38711e+17	1.00e+00	5.90e-10	6.08e-20
 1.41554e+17	1.00e+00	4.31e-10	3.27e-20
 1.44398e+17	1.00e+00	3.17e-10	1.79e-20
 1.47240e+17	1.00e+00	2.35e-10	9.91e-21
 1.50083e+17	1.00e+00	1.76e-10	0.00e+00
 1.52926e+17	1.00e+00	1.32e-10	0.00e+00
 1.55769e+17	1.00e+00	1.00e-10	0.00e+00
 1.58611e+17	1.00e+00	7.64e-11	0.00e+00
 1.61879e+17	1.00e+00	5.59e-11	0.00e+00
 1.65692e+17	1.00e+00	3.95e-11	0.00e+00
 1.69775e+17	1.00e+00	2.77e-11	0.00e+00
 1.74073e+17	1.00e+00	1.94e-11	0.00e+00
 1.78476e+17	1.00e+00	1.37e-11	0.00e+00
 1.82941e+17	1.00e+00	9.83e-12	0.00e+00
 1.87515e+17	1.00e+00	7.18e-12	0.00e+00
 1.92176e+17	1.00e+00	5.37e-12	0.00e+00
 1.96837e+17	1.00e+00	4.15e-12	0.00e+00
 2.01498e+17	1.00e+00	3.32e-12	0.00e+00
 2.06391e+17	1.00e+00	2.72e-12	0.00e+00
 2.11566e+17	1.00e+00	2.26e-12	0.00e+00
 2.16815e+17	1.00e+00	1.95e-12	0.00e+00
 2.22192e+17	1.00e+00	1.74e-12	0.00e+00
 2.27698e+17	1.00e+00	1.58e-12	0.00e+00
 2.33231e+17	1.00e+00	1.48e-12	0.00e+00
 2.39537e+17	1.00e+00	1.40e-12	0.00e+00
 2.47016e+17	1.00e+00	1.20e-12	0.00e+00
 2.54862e+17	1.00e+00	1.05e-12	0.00e+00
 2.62600e+17	1.00e+00	1.02e-12	0.00e+00
 2.70306e+17	1.00e+00	1.01e-12	0.00e+00
 2.78162e+17	1.00e+00	1.00e-12	0.00e+00
 2.86187e+17	1.00e+00	9.73e-13	0.00e+00
 2.94292e+17	1.00e+00	9.54e-13	0.00e+00
 3.02416e+17	1.00e+00	9.44e-13	0.00e+00
 3.10548e+17	1.00e+00	9.40e-13	0.00e+00
 3.18647e+17	1.00e+00	9.36e-13	0.00e+00
 3.26667e+17	1.00e+00	9.40e-13	0.00e+00
 3.34589e+17	1.00e+00	9.45e-13	0.00e+00
 3.42345e+17	1.00e+00	9.55e-13	0.00e+00
 3.49826e+17	1.00e+00	9.73e-13	0.00e+00
 3.56981e+17	1.00e+00	1.01e-12	0.00e+00
 3.63866e+17	1.00e+00	1.04e-12	0.00e+00
 3.70508e+17	1.00e+00	1.06e-12	0.00e+00
 3.76876e+17	1.00e+00	1.09e-12	0.00e+00
 3.82917e+17	1.00e+00	1.12e-12	0.00e+00
 3.88623e+17	1.00e+00	1.16e-12	0.00e+00
 3.94020e+17	1.00e+00	1.20e-12	0.00e+00
 3.99134e+17	1.00e+00	1.23e-12	0.00e+00
 4.03974e+17	1.00e+00	1.27e-12	0.00e+00
 4.08541e+17	1.00e+00	1.30e-12	0.00e+00
 4.12840e+17	1.00e+00	1.34e-12	0.00e+00
 4.16881e+17	1.00e+00	1.37e-12	0.00e+00
 4.20688e+17	1.00e+00	1.40e-12	0.00e+00
 4.24279e+17	1.00e+00	1.43e-12	0.00e+00
 4.27664e+17	1.00e+00	1.46e-12	0.00e+00
 4.30854e+17	1.00e+00	1.49e-12	0.00e+00
 4.33858e+17	1.00e+00	1.51e-12	0.00e+00
 4.36691e+17	1.00e+00	1.54e-12	0.00e+00
 4.39364e+17	1.00e+00	1.56e-12	0.00e+00
 4.41890e+17	1.00e+00	1.58e-12	0.00e+00
 4.44278e+17	1.00e+00	1.61e-12	0.00e+00
 4.46533e+17	1.00e+00	1.63e-12	0.00e+00
 4.48665e+17	1.00e+00	1.64e-12	0.00e+00
 4.50680e+17	1.00e+00	1.66e-12	0.00e+00
 4.52589e+17	1.00e+00	1.68e-12	0.00e+00
 4.54397e+17	1.00e+00	1.69e-12	0.00e+00
 4.56112e+17	1.00e+00	1.71e-12	0.00e+00
 4.57737e+17	1.00e+00	1.72e-12	0.00e+00
 4.59278e+17	1.00e+00	1.73e-12	0.00e+00
 4.60740e+17	1.00e+00	1.75e-12	0.00e+00
 4.62129e+17	1.00e+00	1.76e-12	0.00e+00
 4.63449e+17	1.00e+00	1.77e-12	0.00e+00
 4.64704e+17	1.00e+00	1.78e-12	0.00e+00
 4.65899e+17	1.00e+00	1.79e-12	0.00e+00
 4.67036e+17	1.00e+00	1.80e-12	0.00e+00
 4.68118e+17	1.00e+00	1.81e-12	0.00e+00
 4.69150e+17	1.00e+00	1.81e-12	0.00e+00
 4.70135e+17	1.00e+00	1.82e-12	0.00e+00
 4.71075e+17	1.00e+00	1.83e-12	0.00e+00
 4.71973e+17	1.00e+00	1.84e-12	0.00e+00
 4.72832e+17	1.00e+00	1.84e-12	0.00e+00
 4.73654e+17	1.00e+00	1.85e-12	0.00e+00
 4.74442e+17	1.00e+00	1.85e-12	0.00e+00
 4.75198e+17	1.00e+00	1.86e-12	0.00e+00
 4.75924e+17	1.00e+00	1.87e-12	0.00e+00
 4.76623e+17	1.00e+00	1.87e-12	0.00e+00
 4.77296e+17	1.00e+00	1.87e-12	0.00e+00
 4.77946e+17	1.00e+00	1.88e-12	0.00e+00
 4.78573e+17	1.00e+00	1.88e-12	0.00e+00
 4.79181e+17	1.00e+00	1.89e-12	0.00e+00
 4.79771e+17	1.00e+00	1.89e-12	0.00e+00
 4.80345e+17	1.00e+00	1.89e-12	0.00e+00
 4.80906e+17	1.00e+00	1.90e-12	0.00e+00
 4.81454e+17	1.00e+00	1.90e-12	0.00e+00
 4.81992e+17	1.00e+00	1.90e-12	0.00e+00
 4.82521e+17	1.00e+00	1.90e-12	0.00e+00
 4.83045e+17	1.00e+00	1.91e-12	0.00e+00
 4.83566e+17	1.00e+00	1.91e-12	0.00e+00
 4.84086e+17	1.00e+00	1.91e-12	0.00e+00
 4.84608e+17	1.00e+00	1.91e-12	0.00e+00
 4.85135e+17	1.00e+00	1.91e-12	0.00e+00
 4.85671e+17	1.00e+00	1.91e-12	0.00e+00
 4.86221e+17	1.00e+00	1.91e-12	0.00e+00
 4.86790e+17	1.00e+00	1.91e-12	0.00e+00
 4.87385e+17	1.00e+00	1.91e-12	0.00e+00
 4.88013e+17	1.00e+00	1.91e-12	0.00e+00
 4.88685e+17	1.00e+00	1.91e-12	0.00e+00
 4.89415e+17	1.00e+00	1.91e-12	0.00e+00
 4.90220e+17	1.00e+00	1.90e-12	0.00e+00
 4.91125e+17	1.00e+00	1.90e-12	0.00e+00
 4.92164e+17	1.00e+00	1.89e-12	0.00e+00
 4.93385e+17	1.00e+00	1.87e-12	0.00e+00
 4.94856e+17	1.00e+00	1.85e-12	0.00e+00
 4.96679e+17	1.00e+00	1.81e-12	0.00e+00
 4.99008e+17	1.00e+00	1.76e-12	0.00e+00
 5.02029e+17	1.00e+00	1.68e-12	0.00e+00
 5.05957e+17	1.00e+00	1.56e-12	0.00e+00
 5.11063e+17	1.00e+00	1.39e-12	0.00e+00
 5.17701e+17	1.00e+00	1.20e-12	0.00e+00
 5.26330e+17	1.00e+00	9.69e-13	0.00e+00
 5.37548e+17	1.00e+00	7.27e-13	0.00e+00
 5.52131e+17	1.00e+00	4.92e-13	0.00e+00
 5.71090e+17	1.00e+00	2.88e-13	0.00e+00
 5.93441e+17	1.00e+00	1.39e-13	0.00e+00
 6.17179e+17	1.00e+00	1.03e-13	0.00e+00
 6.41866e+17	1.00e+00	8.69e-14	0.00e+00
 6.67541e+17	1.00e+00	7.32e-14	0.00e+00
 6.94243e+17	1.00e+00	6.10e-14	0.00e+00
 7.22012e+17	1.00e+00	5.04e-14	0.00e+00
 7.50893e+17	1.00e+00	4.10e-14	0.00e+00
 7.80929e+17	1.00e+00	3.30e-14	0.00e+00
 8.12166e+17	1.00e+00	2.61e-14	0.00e+00
 8.42917e+17	1.00e+00	2.03e-14	0.00e+00
 8.72473e+17	1.00e+00	2.64e-14	0.00e+00
 8.99856e+17	1.00e+00	2.51e-14	0.00e+00
 9.24916e+17	1.00e+00	4.28e-14	0.00e+00
 9.47913e+17	1.00e+00	4.22e-14	0.00e+00
 9.69085e+17	1.00e+00	6.42e-14	0.00e+00
 9.88490e+17	1.00e+00	5.83e-14	0.00e+00
 1.00588e+18	1.00e+00	8.36e-14	0.00e+00
 1.02121e+18	1.00e+00	8.02e-14	0.00e+00
 1.03404e+18	1.00e+00	1.10e-13	0.00e+00
 1.04449e+18	1.00e+00	1.17e-13	0.00e+00
 1.05134e+18	1.00e+00	1.47e-13	0.00e+00
 1.05503e+18	1.00e+00	1.87e-13	0.00e+00
 1.05701e+18	1.00e+00	2.13e-13	0.00e+00
 1.05819e+18	1.00e+00	2.28e-13	0.00e+00
 1.05891e+18	1.00e+00	2.36e-13	0.00e+00
 1.05942e+18	1.00e+00	2.41e-13	0.00e+00
 1.05993e+18	1.00e+00	2.44e-13	0.00e+00
 1.06055e+18	1.00e+00	2.48e-13	0.00e+00
 1.06121e+18	1.00e+00	2.51e-13	0.00e+00
 1.06180e+18	1.00e+00	2.53e-13	0.00e+00
 1.06229e+18	1.00e+00	2.54e-13	0.00e+00
 1.06271e+18	1.00e+00	2.55e-13	0.00e+00
 1.06311e+18	1.00e+00	2.56e-13	0.00e+00
 1.06351e+18	1.00e+00	2.56e-13	0.00e+00
 1.06392e+18	1.00e+00	2.57e-13	0.00e+00
 1.06431e+18	1.00e+00	2.57e-13	0.00e+00
 1.06467e+18	1.00e+00	2.57e-13	0.00e+00
 1.06499e+18	1.00e+00	2.56e-13	0.00e+00
 1.06528e+18	1.00e+00	2.56e-13	0.00e+00
 1.06556e+18	1.00e+00	2.56e-13	0.00e+00
 1.06587e+18	1.00e+00	2.56e-13	0.00e+00
 1.06618e+18	1.00e+00	2.55e-13	0.00e+00
 1.06645e+18	1.00e+00	2.54e-13	0.00e+00
 1.06670e+18	1.00e+00	2.54e-13	0.00e+00
 1.06694e+18	1.00e+00	2.53e-13	0.00e+00
 1.06718e+18	1.00e+00	2.53e-13	0.00e+00
 1.06744e+18	1.00e+00	2.52e-13	0.00e+00
 1.06769e+18	1.00e+00	2.51e-13	0.00e+00
 1.06792e+18	1.00e+00	2.51e-13	0.00e+00
 1.06814e+18	1.00e+00	2.50e-13	0.00e+00
 1.06836e+18	1.00e+00	2.49e-13	0.00e+00
 1.06858e+18	1.00e+00	2.48e-13	0.00e+00
 1.06883e+18	1.00e+00	2.47e-13	0.00e+00
 1.06905e+18	1.00e+00	2.46e-13	0.00e+00
 1.06926e+18	1.00e+00	2.45e-13	0.00e+00
 1.06947e+18	1.00e+00	2.45e-13	0.00e+00
 1.06969e+18	1.00e+00	2.44e-13	0.00e+00
 1.06991e+18	1.00e+00	2.42e-13	0.00e+00
 1.07014e+18	1.00e+00	2.41e-13	0.00e+00
 1.07037e+18	1.00e+00	2.40e-13	0.00e+00
 1.07060e+18	1.00e+00	2.39e-13	0.00e+00
 1.07082e+18	1.00e+00	2.38e-13	0.00e+00
 1.07104e+18	1.00e+00	2.37e-13	0.00e+00
 1.07127e+18	1.00e+00	2.35e-13	0.00e+00
 1.07153e+18	1.00e+00	2.34e-13	0.00e+00
 1.07179e+18	1.00e+00	2.32e-13	0.00e+00
 1.07204e+18	1.00e+00	2.31e-13	0.00e+00
 1.07228e+18	1.00e+00	2.29e-13	0.00e+00
 1.07255e+18	1.00e+00	2.28e-13	0.00e+00
 1.07283e+18	1.00e+00	2.26e-13	0.00e+00
 1.07310e+18	1.00e+00	2.24e-13	0.00e+00
 1.07337e+18	1.00e+00	2.22e-13	0.00e+00
 1.07366e+18	1.00e+00	2.21e-13	0.00e+00
 1.07397e+18	1.00e+00	2.19e-13	0.00e+00
 1.07427e+18	1.00e+00	2.16e-13	0.00e+00
 1.07456e+18	1.00e+00	2.14e-13	0.00e+00
 1.07488e+18	1.00e+00	2.12e-13	0.00e+00
 1.07521e+18	1.00e+00	2.10e-13	0.00e+00
 1.07557e+18	1.00e+00	2.08e-13	0.00e+00
 1.07592e+18	1.00e+00	2.05e-13	0.00e+00
 1.07626e+18	1.00e+00	2.02e-13	0.00e+00
 1.07660e+18	1.00e+00	2.00e-13	0.00e+00
 1.07698e+18	1.00e+00	1.98e-13	0.00e+00
 1.07737e+18	1.00e+00	1.95e-13	0.00e+00
 1.07777e+18	1.00e+00	1.92e-13	0.00e+00
 1.07817e+18	1.00e+00	1.89e-13	0.00e+00
 1.07859e+18	1.00e+00	1.86e-13	0.00e+00
 1.07901e+18	1.00e+00	1.83e-13	0.00e+00
 1.07945e+18	1.00e+00	1.79e-13	0.00e+00
 1.07989e+18	1.00e+00	1.76e-13	0.00e+00
 1.08036e+18	1.00e+00	1.73e-13	0.00e+00
 1.08084e+18	1.00e+00	1.69e-13	0.00e+00
 1.08132e+18	1.00e+00	1.66e-13	0.00e+00
 1.08181e+18	1.00e+00	1.62e-13	0.00e+00
 1.08234e+18	1.00e+00	1.58e-13	0.00e+00
 1.08286e+18	1.00e+00	1.55e-13	0.00e+00
 1.08337e+18	1.00e+00	1.51e-13	0.00e+00
 1.08392e+18	1.00e+00	1.47e-13	0.00e+00
 1.08451e+18	1.00e+00	1.43e-13	0.00e+00
 1.08509e+18	1.00e+00	1.39e-13	0.00e+00
 1.08565e+18	1.00e+00	1.35e-13	0.00e+00
 1.08622e+18	1.00e+00	1.31e-13	0.00e+00
 1.08683e+18	1.00e+00	1.27e-13	0.00e+00
 1.08748e+18	1.00e+00	1.23e-13	0.00e+00
 1.08813e+18	1.00e+00	1.18e-13	0.00e+00
 1.08876e+18	1.00e+00	1.14e-13	0.00e+00
 1.08939e+18	1.00e+00	1.10e-13	0.00e+00
 1.09005e+18	1.00e+00	1.06e-13	0.00e+00
 1.09076e+18	1.00e+00	1.02e-13	0.00e+00
 1.09146e+18	1.00e+00	9.75e-14	0.00e+00
 1.09216e+18	1.00e+00	9.34e-14	0.00e+00
 1.09288e+18	1.00e+00	8.93e-14	0.00e+00
 1.09362e+18	1.00e+00	8.52e-14	0.00e+00
 1.09438e+18	1.00e+00	8.11e-14	0.00e+00
 1.09513e+18	1.00e+00	7.70e-14	0.00e+00
 1.09589e+18	1.00e+00	7.31e-14	0.00e+00
 1.09668e+18	1.00e+00	6.93e-14	0.00e+00
 1.09749e+18	1.00e+00	6.53e-14	0.00e+00
 1.09831e+18	1.00e+00	6.14e-14	0.00e+00
 1.09915e+18	1.00e+00	5.76e-14	0.00e+00
 1.09998e+18	1.00e+00	5.40e-14	0.00e+00
