#depth	C	C+	C+2	C+3	C+4	C+5	C+6	C[1]	C[2]	C[3]	C+[1]	C+[2]	CO
 1.49634e+10	0.00e+00	0.00e+00	1.48e-27	4.29e-17	6.50e-06	9.26e-02	9.07e-01	0.00e+00	0.00e+00	0.00e+00	0.00e+00	0.00e+00	0.00e+00
 4.54887e+10	0.00e+00	1.73e-38	2.02e-27	5.39e-17	7.55e-06	9.96e-02	9.00e-01	0.00e+00	0.00e+00	0.00e+00	0.00e+00	0.00e+00	0.00e+00
 7.72350e+10	0.00e+00	0.00e+00	2.75e-27	6.78e-17	8.78e-06	1.07e-01	8.93e-01	0.00e+00	0.00e+00	0.00e+00	0.00e+00	0.00e+00	0.00e+00
 1.10251e+11	0.00e+00	3.75e-38	3.74e-27	8.53e-17	1.02e-05	1.15e-01	8.85e-01	0.00e+00	0.00e+00	0.00e+00	0.00e+00	0.00e+00	0.00e+00
 1.44588e+11	0.00e+00	0.00e+00	5.08e-27	1.07e-16	1.19e-05	1.23e-01	8.77e-01	0.00e+00	0.00e+00	0.00e+00	0.00e+00	0.00e+00	0.00e+00
 1.80298e+11	0.00e+00	8.10e-38	6.90e-27	1.35e-16	1.38e-05	1.32e-01	8.68e-01	0.00e+00	0.00e+00	0.00e+00	0.00e+00	0.00e+00	0.00e+00
 2.17437e+11	0.00e+00	0.00e+00	9.36e-27	1.69e-16	1.60e-05	1.41e-01	8.59e-01	0.00e+00	0.00e+00	0.00e+00	0.00e+00	0.00e+00	0.00e+00
 2.56061e+11	0.00e+00	1.74e-37	1.27e-26	2.12e-16	1.85e-05	1.51e-01	8.49e-01	0.00e+00	0.00e+00	0.00e+00	0.00e+00	0.00e+00	0.00e+00
 2.96231e+11	0.00e+00	0.00e+00	1.72e-26	2.65e-16	2.14e-05	1.62e-01	8.38e-01	0.00e+00	0.00e+00	0.00e+00	0.00e+00	0.00e+00	0.00e+00
 3.37104e+11	0.00e+00	3.71e-37	2.31e-26	3.30e-16	2.47e-05	1.73e-01	8.27e-01	0.00e+00	0.00e+00	0.00e+00	0.00e+00	0.00e+00	0.00e+00
 3.79613e+11	0.00e+00	0.00e+00	3.11e-26	4.11e-16	2.84e-05	1.84e-01	8.16e-01	0.00e+00	0.00e+00	0.00e+00	0.00e+00	0.00e+00	0.00e+00
 4.24724e+11	0.00e+00	7.88e-37	4.20e-26	5.13e-16	3.28e-05	1.96e-01	8.04e-01	0.00e+00	0.00e+00	0.00e+00	0.00e+00	0.00e+00	0.00e+00
 4.71640e+11	0.00e+00	0.00e+00	5.67e-26	6.40e-16	3.79e-05	2.09e-01	7.91e-01	0.00e+00	0.00e+00	0.00e+00	0.00e+00	0.00e+00	0.00e+00
 5.20433e+11	0.00e+00	1.68e-36	7.65e-26	7.98e-16	4.37e-05	2.22e-01	7.78e-01	0.00e+00	0.00e+00	0.00e+00	0.00e+00	0.00e+00	0.00e+00
 5.71177e+11	7.37e-48	2.45e-36	1.03e-25	9.94e-16	5.03e-05	2.36e-01	7.64e-01	0.00e+00	0.00e+00	0.00e+00	0.00e+00	0.00e+00	0.00e+00
 6.18509e+11	0.00e+00	0.00e+00	1.35e-25	1.21e-15	5.70e-05	2.49e-01	7.51e-01	0.00e+00	0.00e+00	0.00e+00	0.00e+00	0.00e+00	0.00e+00
 6.60185e+11	0.00e+00	4.57e-36	1.69e-25	1.43e-15	6.34e-05	2.61e-01	7.39e-01	0.00e+00	0.00e+00	0.00e+00	0.00e+00	0.00e+00	0.00e+00
 7.06675e+11	2.28e-47	6.24e-36	2.16e-25	1.71e-15	7.11e-05	2.74e-01	7.26e-01	0.00e+00	0.00e+00	0.00e+00	0.00e+00	0.00e+00	0.00e+00
 7.62574e+11	0.00e+00	0.00e+00	2.86e-25	2.10e-15	8.11e-05	2.89e-01	7.11e-01	0.00e+00	0.00e+00	0.00e+00	0.00e+00	0.00e+00	0.00e+00
 8.18793e+11	0.00e+00	1.26e-35	3.76e-25	2.57e-15	9.19e-05	3.04e-01	6.95e-01	0.00e+00	0.00e+00	0.00e+00	0.00e+00	0.00e+00	0.00e+00
 8.70403e+11	7.78e-47	1.71e-35	4.79e-25	3.06e-15	1.03e-04	3.18e-01	6.81e-01	0.00e+00	0.00e+00	0.00e+00	0.00e+00	0.00e+00	0.00e+00
 9.27936e+11	0.00e+00	0.00e+00	6.21e-25	3.70e-15	1.16e-04	3.34e-01	6.66e-01	0.00e+00	0.00e+00	0.00e+00	0.00e+00	0.00e+00	0.00e+00
 9.94627e+11	0.00e+00	3.44e-35	8.29e-25	4.57e-15	1.32e-04	3.52e-01	6.48e-01	0.00e+00	0.00e+00	0.00e+00	0.00e+00	0.00e+00	5.90e-169
 1.05987e+12	2.75e-46	4.85e-35	1.09e-24	5.56e-15	1.49e-04	3.69e-01	6.31e-01	0.00e+00	0.00e+00	0.00e+00	0.00e+00	0.00e+00	2.40e-233
 1.12161e+12	0.00e+00	6.64e-35	1.39e-24	6.65e-15	1.67e-04	3.85e-01	6.15e-01	0.00e+00	0.00e+00	0.00e+00	0.00e+00	0.00e+00	6.49e-298
 1.19029e+12	6.07e-46	9.30e-35	1.81e-24	8.05e-15	1.88e-04	4.02e-01	5.98e-01	0.00e+00	0.00e+00	0.00e+00	0.00e+00	0.00e+00	1.93e-145
 1.26783e+12	0.00e+00	1.34e-34	2.41e-24	9.89e-15	2.13e-04	4.21e-01	5.79e-01	0.00e+00	0.00e+00	0.00e+00	0.00e+00	0.00e+00	2.12e-210
 1.34567e+12	1.45e-45	1.90e-34	3.16e-24	1.21e-14	2.41e-04	4.40e-01	5.60e-01	0.00e+00	0.00e+00	0.00e+00	0.00e+00	0.00e+00	1.49e-275
 1.42662e+12	0.00e+00	2.70e-34	4.16e-24	1.47e-14	2.72e-04	4.59e-01	5.41e-01	0.00e+00	0.00e+00	0.00e+00	0.00e+00	0.00e+00	9.47e-166
 1.51361e+12	3.44e-45	3.87e-34	5.51e-24	1.80e-14	3.07e-04	4.79e-01	5.21e-01	0.00e+00	0.00e+00	0.00e+00	0.00e+00	0.00e+00	2.56e-231
 1.60408e+12	0.00e+00	5.54e-34	7.30e-24	2.20e-14	3.47e-04	4.98e-01	5.01e-01	0.00e+00	0.00e+00	0.00e+00	0.00e+00	0.00e+00	4.44e-297
 1.69817e+12	8.27e-45	7.93e-34	9.65e-24	2.68e-14	3.91e-04	5.18e-01	4.81e-01	0.00e+00	0.00e+00	0.00e+00	0.00e+00	0.00e+00	1.73e-142
 1.79603e+12	0.00e+00	1.13e-33	1.27e-23	3.27e-14	4.41e-04	5.38e-01	4.62e-01	0.00e+00	0.00e+00	0.00e+00	0.00e+00	0.00e+00	1.11e-208
 1.89779e+12	1.98e-44	1.62e-33	1.68e-23	3.99e-14	4.96e-04	5.58e-01	4.42e-01	0.00e+00	0.00e+00	0.00e+00	0.00e+00	0.00e+00	1.71e-141
 2.00363e+12	0.00e+00	2.31e-33	2.21e-23	4.85e-14	5.57e-04	5.77e-01	4.22e-01	0.00e+00	0.00e+00	0.00e+00	0.00e+00	0.00e+00	4.13e-208
 2.11371e+12	4.71e-44	3.29e-33	2.91e-23	5.89e-14	6.26e-04	5.96e-01	4.03e-01	0.00e+00	0.00e+00	0.00e+00	0.00e+00	0.00e+00	1.68e-140
 2.22818e+12	0.00e+00	4.68e-33	3.83e-23	7.15e-14	7.01e-04	6.15e-01	3.84e-01	0.00e+00	0.00e+00	0.00e+00	0.00e+00	0.00e+00	1.52e-207
 2.34723e+12	1.12e-43	6.65e-33	5.02e-23	8.67e-14	7.85e-04	6.34e-01	3.65e-01	0.00e+00	0.00e+00	0.00e+00	0.00e+00	0.00e+00	1.64e-139
 2.47105e+12	0.00e+00	9.44e-33	6.59e-23	1.05e-13	8.77e-04	6.52e-01	3.47e-01	0.00e+00	0.00e+00	0.00e+00	0.00e+00	0.00e+00	5.51e-207
 2.59173e+12	2.57e-43	1.31e-32	8.49e-23	1.26e-13	9.73e-04	6.69e-01	3.30e-01	0.00e+00	0.00e+00	0.00e+00	0.00e+00	0.00e+00	1.50e-138
 2.70627e+12	0.00e+00	1.77e-32	1.07e-22	1.48e-13	1.07e-03	6.84e-01	3.15e-01	0.00e+00	0.00e+00	0.00e+00	0.00e+00	0.00e+00	1.97e-206
 2.83349e+12	5.52e-43	2.44e-32	1.37e-22	1.76e-13	1.18e-03	6.99e-01	2.99e-01	0.00e+00	0.00e+00	0.00e+00	0.00e+00	0.00e+00	1.15e-137
 2.97239e+12	0.00e+00	3.43e-32	1.78e-22	2.11e-13	1.31e-03	7.15e-01	2.83e-01	0.00e+00	0.00e+00	0.00e+00	0.00e+00	0.00e+00	5.70e-206
 3.10601e+12	1.23e-42	4.69e-32	2.27e-22	2.50e-13	1.45e-03	7.30e-01	2.69e-01	0.00e+00	0.00e+00	0.00e+00	0.00e+00	0.00e+00	9.69e-137
 3.24934e+12	0.00e+00	6.48e-32	2.91e-22	2.97e-13	1.60e-03	7.44e-01	2.54e-01	0.00e+00	0.00e+00	0.00e+00	0.00e+00	0.00e+00	1.75e-205
 3.40924e+12	2.81e-42	9.17e-32	3.80e-22	3.58e-13	1.77e-03	7.59e-01	2.39e-01	0.00e+00	0.00e+00	0.00e+00	0.00e+00	0.00e+00	8.80e-136
 3.57022e+12	0.00e+00	1.28e-31	4.91e-22	4.29e-13	1.96e-03	7.73e-01	2.26e-01	0.00e+00	0.00e+00	0.00e+00	0.00e+00	0.00e+00	4.97e-205
 3.73765e+12	6.43e-42	1.79e-31	6.36e-22	5.13e-13	2.17e-03	7.86e-01	2.12e-01	0.00e+00	0.00e+00	0.00e+00	0.00e+00	0.00e+00	8.07e-135
 3.91708e+12	0.00e+00	2.54e-31	8.30e-22	6.17e-13	2.41e-03	7.99e-01	1.99e-01	0.00e+00	0.00e+00	0.00e+00	0.00e+00	0.00e+00	1.15e-204
 4.10369e+12	1.51e-41	3.59e-31	1.08e-21	7.42e-13	2.67e-03	8.11e-01	1.86e-01	0.00e+00	0.00e+00	0.00e+00	0.00e+00	0.00e+00	7.97e-134
 4.29776e+12	0.00e+00	5.08e-31	1.41e-21	8.92e-13	2.96e-03	8.23e-01	1.74e-01	0.00e+00	0.00e+00	0.00e+00	0.00e+00	0.00e+00	1.04e-204
 4.49960e+12	3.56e-41	7.18e-31	1.84e-21	1.07e-12	3.27e-03	8.34e-01	1.63e-01	0.00e+00	0.00e+00	0.00e+00	0.00e+00	0.00e+00	7.90e-133
 4.70951e+12	0.00e+00	1.02e-30	2.40e-21	1.29e-12	3.62e-03	8.44e-01	1.52e-01	0.00e+00	0.00e+00	0.00e+00	0.00e+00	0.00e+00	0.00e+00
 4.92782e+12	8.38e-41	1.44e-30	3.13e-21	1.55e-12	4.01e-03	8.54e-01	1.42e-01	0.00e+00	0.00e+00	0.00e+00	0.00e+00	0.00e+00	7.87e-132
 5.15486e+12	0.00e+00	2.03e-30	4.08e-21	1.86e-12	4.43e-03	8.64e-01	1.32e-01	0.00e+00	0.00e+00	0.00e+00	0.00e+00	0.00e+00	0.00e+00
 5.39098e+12	1.98e-40	2.88e-30	5.33e-21	2.23e-12	4.90e-03	8.72e-01	1.23e-01	0.00e+00	0.00e+00	0.00e+00	0.00e+00	0.00e+00	7.89e-131
 5.61358e+12	0.00e+00	3.95e-30	6.78e-21	2.64e-12	5.37e-03	8.80e-01	1.15e-01	0.00e+00	0.00e+00	0.00e+00	0.00e+00	0.00e+00	0.00e+00
 5.81355e+12	4.11e-40	5.20e-30	8.37e-21	3.05e-12	5.81e-03	8.86e-01	1.08e-01	0.00e+00	0.00e+00	0.00e+00	0.00e+00	0.00e+00	5.60e-130
 6.03836e+12	0.00e+00	7.03e-30	1.05e-20	3.57e-12	6.33e-03	8.92e-01	1.02e-01	0.00e+00	0.00e+00	0.00e+00	0.00e+00	0.00e+00	0.00e+00
 6.30370e+12	9.11e-40	9.91e-30	1.37e-20	4.27e-12	6.98e-03	8.99e-01	9.43e-02	0.00e+00	0.00e+00	0.00e+00	0.00e+00	0.00e+00	4.73e-129
 6.56865e+12	0.00e+00	1.38e-29	1.76e-20	5.08e-12	7.67e-03	9.05e-01	8.78e-02	0.00e+00	0.00e+00	0.00e+00	0.00e+00	0.00e+00	0.00e+00
 6.81861e+12	1.99e-39	1.86e-29	2.21e-20	5.94e-12	8.35e-03	9.09e-01	8.22e-02	0.00e+00	0.00e+00	0.00e+00	0.00e+00	0.00e+00	3.81e-128
 7.09569e+12	0.00e+00	2.57e-29	2.84e-20	7.04e-12	9.15e-03	9.14e-01	7.65e-02	0.00e+00	0.00e+00	0.00e+00	0.00e+00	0.00e+00	0.00e+00
 7.40945e+12	4.58e-39	3.66e-29	3.71e-20	8.47e-12	1.01e-02	9.19e-01	7.07e-02	0.00e+00	0.00e+00	0.00e+00	0.00e+00	0.00e+00	3.58e-127
 7.72354e+12	0.00e+00	5.15e-29	4.82e-20	1.01e-11	1.11e-02	9.23e-01	6.55e-02	0.00e+00	0.00e+00	0.00e+00	0.00e+00	0.00e+00	0.00e+00
 8.05020e+12	1.07e-38	7.24e-29	6.25e-20	1.21e-11	1.22e-02	9.27e-01	6.06e-02	0.00e+00	0.00e+00	0.00e+00	0.00e+00	0.00e+00	3.43e-126
 8.40214e+12	0.00e+00	1.03e-28	8.21e-20	1.46e-11	1.35e-02	9.31e-01	5.58e-02	0.00e+00	0.00e+00	0.00e+00	0.00e+00	0.00e+00	0.00e+00
 8.73239e+12	2.47e-38	1.43e-28	1.05e-19	1.72e-11	1.48e-02	9.33e-01	5.18e-02	0.00e+00	0.00e+00	0.00e+00	0.00e+00	0.00e+00	3.22e-125
 9.02744e+12	0.00e+00	1.88e-28	1.30e-19	1.99e-11	1.60e-02	9.35e-01	4.86e-02	0.00e+00	0.00e+00	0.00e+00	0.00e+00	0.00e+00	0.00e+00
 9.35913e+12	5.09e-38	2.56e-28	1.64e-19	2.34e-11	1.74e-02	9.37e-01	4.52e-02	0.00e+00	0.00e+00	0.00e+00	0.00e+00	0.00e+00	2.21e-124
 9.75250e+12	0.00e+00	3.62e-28	2.13e-19	2.80e-11	1.92e-02	9.39e-01	4.17e-02	0.00e+00	0.00e+00	0.00e+00	0.00e+00	0.00e+00	0.00e+00
 1.01472e+13	1.19e-37	5.09e-28	2.77e-19	3.35e-11	2.10e-02	9.41e-01	3.84e-02	0.00e+00	0.00e+00	0.00e+00	0.00e+00	0.00e+00	2.14e-123
 1.05153e+13	0.00e+00	6.91e-28	3.50e-19	3.92e-11	2.29e-02	9.41e-01	3.57e-02	0.00e+00	0.00e+00	0.00e+00	0.00e+00	0.00e+00	0.00e+00
 1.09236e+13	2.60e-37	9.56e-28	4.48e-19	4.64e-11	2.50e-02	9.42e-01	3.30e-02	0.00e+00	0.00e+00	0.00e+00	0.00e+00	0.00e+00	1.71e-122
 1.13905e+13	0.00e+00	1.37e-27	5.91e-19	5.60e-11	2.76e-02	9.42e-01	3.03e-02	0.00e+00	0.00e+00	0.00e+00	0.00e+00	0.00e+00	0.00e+00
 1.18503e+13	6.27e-37	1.94e-27	7.72e-19	6.72e-11	3.03e-02	9.42e-01	2.78e-02	0.00e+00	0.00e+00	0.00e+00	0.00e+00	0.00e+00	1.76e-121
 1.22922e+13	0.00e+00	2.67e-27	9.83e-19	7.92e-11	3.30e-02	9.41e-01	2.57e-02	0.00e+00	0.00e+00	0.00e+00	0.00e+00	0.00e+00	0.00e+00
 1.27774e+13	1.41e-36	3.74e-27	1.27e-18	9.43e-11	3.62e-02	9.40e-01	2.36e-02	0.00e+00	0.00e+00	0.00e+00	0.00e+00	0.00e+00	1.52e-120
 1.33185e+13	0.00e+00	5.42e-27	1.69e-18	1.14e-10	4.00e-02	9.39e-01	2.15e-02	0.00e+00	0.00e+00	0.00e+00	0.00e+00	0.00e+00	0.00e+00
 1.38632e+13	3.45e-36	7.72e-27	2.21e-18	1.37e-10	4.39e-02	9.36e-01	1.97e-02	0.00e+00	0.00e+00	0.00e+00	0.00e+00	0.00e+00	1.62e-119
 1.44297e+13	0.00e+00	1.10e-26	2.90e-18	1.65e-10	4.82e-02	9.34e-01	1.80e-02	0.00e+00	0.00e+00	0.00e+00	0.00e+00	0.00e+00	0.00e+00
 1.50170e+13	8.32e-36	1.57e-26	3.81e-18	1.99e-10	5.30e-02	9.31e-01	1.64e-02	0.00e+00	0.00e+00	0.00e+00	0.00e+00	0.00e+00	1.66e-118
 1.55958e+13	0.00e+00	2.20e-26	4.94e-18	2.37e-10	5.79e-02	9.27e-01	1.50e-02	0.00e+00	0.00e+00	0.00e+00	0.00e+00	0.00e+00	0.00e+00
 1.62175e+13	1.94e-35	3.12e-26	6.45e-18	2.83e-10	6.34e-02	9.23e-01	1.37e-02	0.00e+00	0.00e+00	0.00e+00	0.00e+00	0.00e+00	1.57e-117
 1.68962e+13	0.00e+00	4.51e-26	8.55e-18	3.43e-10	6.98e-02	9.18e-01	1.24e-02	0.00e+00	0.00e+00	0.00e+00	0.00e+00	0.00e+00	0.00e+00
 1.76019e+13	4.82e-35	6.51e-26	1.13e-17	4.15e-10	7.67e-02	9.12e-01	1.12e-02	0.00e+00	0.00e+00	0.00e+00	0.00e+00	0.00e+00	1.73e-116
 1.83359e+13	7.58e-35	9.39e-26	1.50e-17	5.01e-10	8.43e-02	9.06e-01	1.02e-02	0.00e+00	0.00e+00	0.00e+00	0.00e+00	0.00e+00	0.00e+00
 1.90993e+13	1.19e-34	1.35e-25	1.99e-17	6.06e-10	9.25e-02	8.98e-01	9.18e-03	0.00e+00	0.00e+00	0.00e+00	0.00e+00	0.00e+00	1.89e-115
 1.97904e+13	1.77e-34	1.86e-25	2.54e-17	7.15e-10	1.00e-01	8.91e-01	8.39e-03	0.00e+00	0.00e+00	0.00e+00	0.00e+00	0.00e+00	8.85e-98
 2.03674e+13	2.43e-34	2.41e-25	3.10e-17	8.17e-10	1.07e-01	8.85e-01	7.79e-03	0.00e+00	0.00e+00	0.00e+00	0.00e+00	0.00e+00	0.00e+00
 2.09999e+13	3.40e-34	3.17e-25	3.82e-17	9.41e-10	1.15e-01	8.78e-01	7.20e-03	0.00e+00	0.00e+00	0.00e+00	0.00e+00	0.00e+00	3.04e-114
 2.17996e+13	5.14e-34	4.42e-25	4.94e-17	1.12e-09	1.24e-01	8.69e-01	6.53e-03	0.00e+00	0.00e+00	0.00e+00	0.00e+00	0.00e+00	9.60e-97
 2.26328e+13	7.76e-34	6.18e-25	6.40e-17	1.33e-09	1.35e-01	8.59e-01	5.91e-03	0.00e+00	0.00e+00	0.00e+00	0.00e+00	0.00e+00	7.20e-286
 2.33452e+13	1.09e-33	8.14e-25	7.91e-17	1.53e-09	1.45e-01	8.50e-01	5.44e-03	0.00e+00	0.00e+00	0.00e+00	0.00e+00	0.00e+00	6.62e-113
 2.40843e+13	1.53e-33	1.07e-24	9.77e-17	1.77e-09	1.54e-01	8.41e-01	5.00e-03	0.00e+00	0.00e+00	0.00e+00	0.00e+00	0.00e+00	1.09e-95
 2.50070e+13	2.30e-33	1.49e-24	1.26e-16	2.10e-09	1.67e-01	8.28e-01	4.50e-03	0.00e+00	0.00e+00	0.00e+00	0.00e+00	0.00e+00	3.49e-283
 2.59425e+13	3.41e-33	2.05e-24	1.62e-16	2.47e-09	1.80e-01	8.16e-01	4.07e-03	0.00e+00	0.00e+00	0.00e+00	0.00e+00	0.00e+00	1.38e-111
 2.67551e+13	4.74e-33	2.68e-24	1.99e-16	2.84e-09	1.92e-01	8.04e-01	3.73e-03	0.00e+00	0.00e+00	0.00e+00	0.00e+00	0.00e+00	1.36e-94
 2.76341e+13	6.67e-33	3.54e-24	2.46e-16	3.27e-09	2.05e-01	7.92e-01	3.40e-03	0.00e+00	0.00e+00	0.00e+00	0.00e+00	0.00e+00	8.38e-111
 2.87085e+13	9.97e-33	4.90e-24	3.17e-16	3.87e-09	2.21e-01	7.76e-01	3.05e-03	0.00e+00	0.00e+00	0.00e+00	0.00e+00	0.00e+00	7.18e-94
 2.98035e+13	1.47e-32	6.73e-24	4.05e-16	4.55e-09	2.37e-01	7.60e-01	2.73e-03	0.00e+00	0.00e+00	0.00e+00	0.00e+00	0.00e+00	7.09e-110
 3.08038e+13	2.07e-32	8.88e-24	5.01e-16	5.24e-09	2.52e-01	7.45e-01	2.48e-03	0.00e+00	0.00e+00	0.00e+00	0.00e+00	0.00e+00	3.71e-93
 3.19141e+13	2.98e-32	1.19e-23	6.28e-16	6.09e-09	2.69e-01	7.29e-01	2.23e-03	0.00e+00	0.00e+00	0.00e+00	0.00e+00	0.00e+00	4.80e-109
 3.32075e+13	4.46e-32	1.65e-23	8.08e-16	7.18e-09	2.88e-01	7.10e-01	1.98e-03	0.00e+00	0.00e+00	0.00e+00	0.00e+00	0.00e+00	2.09e-92
 3.44886e+13	6.52e-32	2.25e-23	1.02e-15	8.39e-09	3.08e-01	6.91e-01	1.76e-03	0.00e+00	0.00e+00	0.00e+00	0.00e+00	0.00e+00	4.10e-108
 3.57120e+13	9.22e-32	2.97e-23	1.27e-15	9.66e-09	3.26e-01	6.73e-01	1.58e-03	0.00e+00	0.00e+00	0.00e+00	0.00e+00	0.00e+00	1.09e-91
 3.70615e+13	1.33e-31	3.99e-23	1.59e-15	1.12e-08	3.46e-01	6.53e-01	1.41e-03	0.00e+00	0.00e+00	0.00e+00	0.00e+00	0.00e+00	2.94e-107
 3.85739e+13	1.96e-31	5.46e-23	2.03e-15	1.31e-08	3.68e-01	6.31e-01	1.24e-03	0.00e+00	0.00e+00	0.00e+00	0.00e+00	0.00e+00	6.11e-91
 4.00929e+13	2.84e-31	7.38e-23	2.55e-15	1.52e-08	3.89e-01	6.10e-01	1.10e-03	0.00e+00	0.00e+00	0.00e+00	0.00e+00	0.00e+00	2.47e-106
 4.14539e+13	3.91e-31	9.53e-23	3.10e-15	1.72e-08	4.08e-01	5.91e-01	9.85e-04	0.00e+00	0.00e+00	0.00e+00	0.00e+00	0.00e+00	3.01e-90
 4.26628e+13	5.13e-31	1.19e-22	3.67e-15	1.92e-08	4.25e-01	5.74e-01	8.97e-04	0.00e+00	0.00e+00	0.00e+00	0.00e+00	0.00e+00	1.31e-105
 4.40334e+13	6.90e-31	1.51e-22	4.40e-15	2.15e-08	4.43e-01	5.56e-01	8.08e-04	0.00e+00	0.00e+00	0.00e+00	0.00e+00	0.00e+00	1.13e-89
 4.55584e+13	9.47e-31	1.94e-22	5.34e-15	2.43e-08	4.63e-01	5.37e-01	7.21e-04	0.00e+00	0.00e+00	0.00e+00	0.00e+00	0.00e+00	7.52e-105
 4.69891e+13	1.26e-30	2.44e-22	6.35e-15	2.71e-08	4.81e-01	5.19e-01	6.50e-04	0.00e+00	0.00e+00	0.00e+00	0.00e+00	0.00e+00	4.65e-89
 4.85539e+13	1.70e-30	3.10e-22	7.61e-15	3.04e-08	4.99e-01	5.00e-01	5.82e-04	0.00e+00	0.00e+00	0.00e+00	0.00e+00	0.00e+00	4.06e-104
 5.03082e+13	2.35e-30	4.02e-22	9.25e-15	3.43e-08	5.20e-01	4.80e-01	5.15e-04	0.00e+00	0.00e+00	0.00e+00	0.00e+00	0.00e+00	2.03e-88
 5.19741e+13	3.14e-30	5.08e-22	1.10e-14	3.83e-08	5.39e-01	4.61e-01	4.60e-04	0.00e+00	0.00e+00	0.00e+00	0.00e+00	0.00e+00	2.43e-103
 5.38051e+13	4.28e-30	6.49e-22	1.33e-14	4.30e-08	5.58e-01	4.41e-01	4.08e-04	0.00e+00	0.00e+00	0.00e+00	0.00e+00	0.00e+00	8.58e-88
 5.58549e+13	5.97e-30	8.46e-22	1.62e-14	4.86e-08	5.79e-01	4.21e-01	3.57e-04	0.00e+00	0.00e+00	0.00e+00	0.00e+00	0.00e+00	1.60e-102
 5.78013e+13	8.07e-30	1.07e-21	1.94e-14	5.42e-08	5.98e-01	4.02e-01	3.16e-04	0.00e+00	0.00e+00	0.00e+00	0.00e+00	0.00e+00	3.95e-87
 5.95965e+13	1.05e-29	1.33e-21	2.27e-14	5.97e-08	6.14e-01	3.85e-01	2.83e-04	0.00e+00	0.00e+00	0.00e+00	0.00e+00	0.00e+00	8.61e-102
 6.15831e+13	1.40e-29	1.66e-21	2.68e-14	6.60e-08	6.32e-01	3.68e-01	2.52e-04	0.00e+00	0.00e+00	0.00e+00	0.00e+00	0.00e+00	1.52e-86
 6.38133e+13	1.90e-29	2.12e-21	3.21e-14	7.36e-08	6.50e-01	3.50e-01	2.21e-04	0.00e+00	0.00e+00	0.00e+00	0.00e+00	0.00e+00	5.06e-101
 6.59243e+13	2.52e-29	2.65e-21	3.78e-14	8.12e-08	6.66e-01	3.33e-01	1.96e-04	0.00e+00	0.00e+00	0.00e+00	0.00e+00	0.00e+00	6.39e-86
 6.82327e+13	3.37e-29	3.33e-21	4.48e-14	8.98e-08	6.83e-01	3.17e-01	1.73e-04	0.00e+00	0.00e+00	0.00e+00	0.00e+00	0.00e+00	2.84e-100
 7.07880e+13	4.60e-29	4.26e-21	5.37e-14	1.00e-07	7.01e-01	2.99e-01	1.51e-04	0.00e+00	0.00e+00	0.00e+00	0.00e+00	0.00e+00	2.87e-85
 7.31617e+13	6.08e-29	5.30e-21	6.31e-14	1.10e-07	7.16e-01	2.84e-01	1.33e-04	0.00e+00	0.00e+00	0.00e+00	0.00e+00	0.00e+00	1.71e-99
 7.57446e+13	8.13e-29	6.66e-21	7.45e-14	1.21e-07	7.31e-01	2.69e-01	1.17e-04	0.00e+00	0.00e+00	0.00e+00	0.00e+00	0.00e+00	1.19e-84
 7.86348e+13	1.11e-28	8.51e-21	8.91e-14	1.34e-07	7.47e-01	2.53e-01	1.01e-04	0.00e+00	0.00e+00	0.00e+00	0.00e+00	0.00e+00	1.08e-98
 8.13629e+13	1.47e-28	1.06e-20	1.05e-13	1.48e-07	7.61e-01	2.39e-01	8.90e-05	0.00e+00	0.00e+00	0.00e+00	0.00e+00	0.00e+00	5.34e-84
 8.43290e+13	1.98e-28	1.34e-20	1.24e-13	1.62e-07	7.75e-01	2.25e-01	7.76e-05	0.00e+00	0.00e+00	0.00e+00	0.00e+00	0.00e+00	6.50e-98
 8.76377e+13	2.72e-28	1.71e-20	1.48e-13	1.80e-07	7.89e-01	2.11e-01	6.68e-05	0.00e+00	0.00e+00	0.00e+00	0.00e+00	0.00e+00	2.53e-83
 9.07878e+13	3.63e-28	2.14e-20	1.74e-13	1.97e-07	8.01e-01	1.99e-01	5.83e-05	0.00e+00	0.00e+00	0.00e+00	0.00e+00	0.00e+00	4.28e-97
 9.41584e+13	4.88e-28	2.70e-20	2.05e-13	2.17e-07	8.14e-01	1.86e-01	5.06e-05	0.00e+00	0.00e+00	0.00e+00	0.00e+00	0.00e+00	1.14e-82
 9.79547e+13	6.73e-28	3.47e-20	2.46e-13	2.40e-07	8.26e-01	1.74e-01	4.33e-05	0.00e+00	0.00e+00	0.00e+00	0.00e+00	0.00e+00	2.96e-96
 1.01717e+14	9.13e-28	4.40e-20	2.91e-13	2.64e-07	8.38e-01	1.62e-01	3.74e-05	0.00e+00	0.00e+00	0.00e+00	0.00e+00	0.00e+00	5.73e-82
 1.05629e+14	1.24e-27	5.57e-20	3.44e-13	2.90e-07	8.48e-01	1.52e-01	3.22e-05	0.00e+00	0.00e+00	0.00e+00	0.00e+00	0.00e+00	2.03e-95
 1.09884e+14	1.70e-27	7.12e-20	4.10e-13	3.19e-07	8.59e-01	1.41e-01	2.76e-05	0.00e+00	0.00e+00	0.00e+00	0.00e+00	0.00e+00	2.90e-81
 1.14309e+14	2.34e-27	9.10e-20	4.88e-13	3.51e-07	8.69e-01	1.31e-01	2.36e-05	0.00e+00	0.00e+00	0.00e+00	0.00e+00	0.00e+00	1.52e-94
 1.18912e+14	3.21e-27	1.16e-19	5.80e-13	3.86e-07	8.78e-01	1.22e-01	2.02e-05	0.00e+00	0.00e+00	0.00e+00	0.00e+00	0.00e+00	1.52e-80
 1.23435e+14	4.33e-27	1.46e-19	6.82e-13	4.22e-07	8.86e-01	1.14e-01	1.74e-05	0.00e+00	0.00e+00	0.00e+00	0.00e+00	0.00e+00	1.08e-93
 1.27652e+14	5.66e-27	1.80e-19	7.89e-13	4.56e-07	8.93e-01	1.07e-01	1.52e-05	0.00e+00	0.00e+00	0.00e+00	0.00e+00	0.00e+00	6.77e-80
 1.32301e+14	7.53e-27	2.24e-19	9.20e-13	4.96e-07	9.00e-01	9.99e-02	1.32e-05	0.00e+00	0.00e+00	0.00e+00	0.00e+00	0.00e+00	6.31e-93
 1.37074e+14	9.99e-27	2.78e-19	1.07e-12	5.38e-07	9.07e-01	9.34e-02	1.14e-05	0.00e+00	0.00e+00	0.00e+00	0.00e+00	0.00e+00	3.05e-79
 1.41081e+14	1.26e-26	3.32e-19	1.21e-12	5.75e-07	9.12e-01	8.84e-02	1.02e-05	0.00e+00	0.00e+00	0.00e+00	0.00e+00	0.00e+00	3.26e-92
 1.45322e+14	1.59e-26	3.97e-19	1.37e-12	6.15e-07	9.16e-01	8.35e-02	9.07e-06	0.00e+00	0.00e+00	0.00e+00	0.00e+00	0.00e+00	1.05e-78
 1.50688e+14	2.12e-26	4.96e-19	1.60e-12	6.67e-07	9.22e-01	7.79e-02	7.85e-06	0.00e+00	0.00e+00	0.00e+00	0.00e+00	0.00e+00	1.76e-91
 1.56281e+14	2.84e-26	6.18e-19	1.87e-12	7.24e-07	9.27e-01	7.26e-02	6.78e-06	0.00e+00	0.00e+00	0.00e+00	0.00e+00	0.00e+00	4.92e-78
 1.61138e+14	3.62e-26	7.45e-19	2.12e-12	7.75e-07	9.32e-01	6.85e-02	6.01e-06	0.00e+00	0.00e+00	0.00e+00	0.00e+00	0.00e+00	9.77e-91
 1.66275e+14	4.65e-26	9.01e-19	2.42e-12	8.30e-07	9.36e-01	6.45e-02	5.30e-06	0.00e+00	0.00e+00	0.00e+00	0.00e+00	0.00e+00	1.85e-77
 1.72577e+14	6.25e-26	1.13e-18	2.83e-12	9.01e-07	9.40e-01	6.00e-02	4.56e-06	0.00e+00	0.00e+00	0.00e+00	0.00e+00	0.00e+00	5.66e-90
 1.78863e+14	8.30e-26	1.40e-18	3.28e-12	9.74e-07	9.44e-01	5.60e-02	3.96e-06	0.00e+00	0.00e+00	0.00e+00	0.00e+00	0.00e+00	8.80e-77
 1.84349e+14	1.06e-25	1.68e-18	3.71e-12	1.04e-06	9.47e-01	5.28e-02	3.51e-06	0.00e+00	0.00e+00	0.00e+00	0.00e+00	0.00e+00	1.69e-76
 1.90325e+14	1.36e-25	2.04e-18	4.23e-12	1.11e-06	9.50e-01	4.96e-02	3.09e-06	0.00e+00	0.00e+00	0.00e+00	0.00e+00	0.00e+00	3.35e-76
 1.97592e+14	1.83e-25	2.55e-18	4.94e-12	1.21e-06	9.54e-01	4.61e-02	2.66e-06	0.00e+00	0.00e+00	0.00e+00	0.00e+00	0.00e+00	7.48e-76
 2.04893e+14	2.45e-25	3.18e-18	5.74e-12	1.30e-06	9.57e-01	4.30e-02	2.30e-06	0.00e+00	0.00e+00	0.00e+00	0.00e+00	0.00e+00	1.64e-75
 2.11451e+14	3.14e-25	3.84e-18	6.52e-12	1.39e-06	9.60e-01	4.04e-02	2.03e-06	0.00e+00	0.00e+00	0.00e+00	0.00e+00	0.00e+00	3.24e-75
 2.18686e+14	4.11e-25	4.70e-18	7.49e-12	1.49e-06	9.62e-01	3.78e-02	1.78e-06	0.00e+00	0.00e+00	0.00e+00	0.00e+00	0.00e+00	6.70e-75
 2.27245e+14	5.58e-25	5.93e-18	8.76e-12	1.62e-06	9.65e-01	3.51e-02	1.53e-06	0.00e+00	0.00e+00	0.00e+00	0.00e+00	0.00e+00	1.53e-74
 2.35724e+14	7.47e-25	7.39e-18	1.02e-11	1.75e-06	9.67e-01	3.27e-02	1.32e-06	0.00e+00	0.00e+00	0.00e+00	0.00e+00	0.00e+00	3.40e-74
 2.43586e+14	9.70e-25	9.00e-18	1.16e-11	1.87e-06	9.69e-01	3.07e-02	1.16e-06	0.00e+00	0.00e+00	0.00e+00	0.00e+00	0.00e+00	6.93e-74
 2.52404e+14	1.29e-24	1.11e-17	1.34e-11	2.01e-06	9.71e-01	2.86e-02	1.00e-06	0.00e+00	0.00e+00	0.00e+00	0.00e+00	0.00e+00	1.50e-73
 2.62530e+14	1.76e-24	1.41e-17	1.57e-11	2.18e-06	9.74e-01	2.65e-02	8.59e-07	0.00e+00	0.00e+00	0.00e+00	0.00e+00	0.00e+00	3.52e-73
 2.72498e+14	2.37e-24	1.76e-17	1.83e-11	2.36e-06	9.75e-01	2.46e-02	0.00e+00	0.00e+00	0.00e+00	0.00e+00	0.00e+00	0.00e+00	7.92e-73
 2.82865e+14	3.19e-24	2.21e-17	2.12e-11	2.55e-06	9.77e-01	2.28e-02	0.00e+00	0.00e+00	0.00e+00	0.00e+00	0.00e+00	0.00e+00	1.78e-72
 2.94210e+14	4.36e-24	2.79e-17	2.49e-11	2.76e-06	9.79e-01	2.11e-02	0.00e+00	0.00e+00	0.00e+00	0.00e+00	0.00e+00	0.00e+00	4.19e-72
 3.05737e+14	5.91e-24	3.51e-17	2.91e-11	2.99e-06	9.80e-01	1.96e-02	0.00e+00	0.00e+00	0.00e+00	0.00e+00	0.00e+00	0.00e+00	9.65e-72
 3.17726e+14	8.02e-24	4.42e-17	3.39e-11	3.23e-06	9.82e-01	1.82e-02	0.00e+00	0.00e+00	0.00e+00	0.00e+00	0.00e+00	0.00e+00	2.22e-71
 3.29733e+14	1.08e-23	5.52e-17	3.94e-11	3.49e-06	9.83e-01	1.69e-02	0.00e+00	0.00e+00	0.00e+00	0.00e+00	1.77e-17	3.75e-17	4.97e-71
 3.41101e+14	1.41e-23	6.76e-17	4.52e-11	3.74e-06	9.84e-01	1.58e-02	0.00e+00	0.00e+00	0.00e+00	0.00e+00	2.24e-17	4.52e-17	1.04e-70
 3.53654e+14	1.88e-23	8.39e-17	5.23e-11	4.03e-06	9.85e-01	1.47e-02	0.00e+00	0.00e+00	0.00e+00	0.00e+00	2.79e-17	5.61e-17	2.27e-70
 3.66224e+14	2.48e-23	1.03e-16	6.02e-11	4.33e-06	9.86e-01	1.37e-02	0.00e+00	0.00e+00	0.00e+00	0.00e+00	3.43e-17	6.91e-17	4.83e-70
 3.76646e+14	3.09e-23	1.22e-16	6.74e-11	4.58e-06	9.87e-01	1.29e-02	0.00e+00	0.00e+00	0.00e+00	0.00e+00	4.06e-17	8.17e-17	8.86e-70
 3.87691e+14	3.89e-23	1.45e-16	7.58e-11	4.86e-06	9.88e-01	1.22e-02	0.00e+00	0.00e+00	0.00e+00	0.00e+00	4.82e-17	9.71e-17	1.65e-69
 4.01828e+14	5.16e-23	1.80e-16	8.76e-11	5.24e-06	9.89e-01	1.13e-02	0.00e+00	0.00e+00	0.00e+00	0.00e+00	5.98e-17	1.20e-16	3.58e-69
 4.16667e+14	6.88e-23	2.24e-16	1.01e-10	5.64e-06	9.89e-01	1.05e-02	0.00e+00	0.00e+00	0.00e+00	0.00e+00	7.42e-17	1.49e-16	7.89e-69
 4.29776e+14	8.79e-23	2.69e-16	1.15e-10	6.01e-06	9.90e-01	9.90e-03	0.00e+00	0.00e+00	0.00e+00	0.00e+00	8.93e-17	1.80e-16	1.53e-68
 4.43950e+14	1.14e-22	3.27e-16	1.31e-10	6.43e-06	9.91e-01	9.27e-03	0.00e+00	0.00e+00	0.00e+00	0.00e+00	1.08e-16	2.18e-16	3.06e-68
 4.61016e+14	1.53e-22	4.09e-16	1.53e-10	6.95e-06	9.91e-01	8.59e-03	0.00e+00	0.00e+00	0.00e+00	0.00e+00	1.36e-16	2.73e-16	6.88e-68
 4.78315e+14	2.05e-22	5.10e-16	1.78e-10	7.50e-06	9.92e-01	7.97e-03	0.00e+00	0.00e+00	0.00e+00	0.00e+00	1.69e-16	3.41e-16	1.52e-67
 4.94527e+14	2.67e-22	6.23e-16	2.03e-10	8.04e-06	9.93e-01	7.45e-03	0.00e+00	0.00e+00	0.00e+00	0.00e+00	2.07e-16	4.16e-16	3.12e-67
 5.12558e+14	3.53e-22	7.71e-16	2.35e-10	8.66e-06	9.93e-01	6.92e-03	0.00e+00	0.00e+00	0.00e+00	0.00e+00	2.56e-16	5.15e-16	6.71e-67
 5.31651e+14	4.72e-22	9.60e-16	2.73e-10	9.34e-06	9.94e-01	6.43e-03	0.00e+00	0.00e+00	0.00e+00	0.00e+00	3.18e-16	6.41e-16	1.47e-66
 5.48611e+14	6.05e-22	1.16e-15	3.10e-10	9.97e-06	9.94e-01	6.03e-03	0.00e+00	0.00e+00	0.00e+00	0.00e+00	3.84e-16	7.74e-16	2.89e-66
 5.66854e+14	7.83e-22	1.41e-15	3.55e-10	1.07e-05	9.94e-01	5.64e-03	0.00e+00	0.00e+00	0.00e+00	0.00e+00	4.67e-16	9.42e-16	5.83e-66
 5.88724e+14	1.06e-21	1.77e-15	4.14e-10	1.15e-05	9.95e-01	5.22e-03	0.00e+00	0.00e+00	0.00e+00	0.00e+00	5.86e-16	1.18e-15	1.31e-65
 6.10259e+14	1.40e-21	2.19e-15	4.80e-10	1.24e-05	9.95e-01	4.85e-03	0.00e+00	0.00e+00	0.00e+00	0.00e+00	7.27e-16	1.46e-15	2.83e-65
 6.29438e+14	1.79e-21	2.64e-15	5.44e-10	1.33e-05	9.95e-01	4.55e-03	0.00e+00	0.00e+00	0.00e+00	0.00e+00	8.75e-16	1.76e-15	5.51e-65
 6.50602e+14	2.32e-21	3.21e-15	6.22e-10	1.42e-05	9.96e-01	4.25e-03	0.00e+00	0.00e+00	0.00e+00	0.00e+00	1.07e-15	2.15e-15	1.12e-64
 6.75830e+14	3.13e-21	4.03e-15	7.27e-10	1.54e-05	9.96e-01	3.93e-03	0.00e+00	0.00e+00	0.00e+00	0.00e+00	1.34e-15	2.69e-15	2.51e-64
 7.00840e+14	4.16e-21	5.01e-15	8.42e-10	1.66e-05	9.96e-01	3.65e-03	0.00e+00	0.00e+00	0.00e+00	0.00e+00	1.66e-15	3.35e-15	5.47e-64
 7.23658e+14	5.36e-21	6.06e-15	9.59e-10	1.77e-05	9.97e-01	3.41e-03	0.00e+00	0.00e+00	0.00e+00	0.00e+00	2.01e-15	4.05e-15	1.09e-63
 7.49129e+14	7.02e-21	7.44e-15	1.10e-09	1.91e-05	9.97e-01	3.18e-03	0.00e+00	0.00e+00	0.00e+00	0.00e+00	2.47e-15	4.97e-15	2.27e-63
 7.78811e+14	9.52e-21	9.37e-15	1.29e-09	2.07e-05	9.97e-01	2.93e-03	0.00e+00	0.00e+00	0.00e+00	0.00e+00	3.11e-15	6.27e-15	5.19e-63
 8.07985e+14	1.27e-20	1.17e-14	1.50e-09	2.23e-05	9.97e-01	2.72e-03	0.00e+00	0.00e+00	0.00e+00	0.00e+00	3.86e-15	7.80e-15	1.14e-62
 8.35531e+14	1.65e-20	1.42e-14	1.72e-09	2.39e-05	9.97e-01	2.54e-03	0.00e+00	0.00e+00	0.00e+00	0.00e+00	4.71e-15	9.51e-15	2.33e-62
 8.66186e+14	2.19e-20	1.76e-14	1.99e-09	2.58e-05	9.98e-01	2.36e-03	0.00e+00	0.00e+00	0.00e+00	0.00e+00	5.84e-15	1.18e-14	5.02e-62
 9.00863e+14	2.97e-20	2.22e-14	2.33e-09	2.79e-05	9.98e-01	2.17e-03	0.00e+00	0.00e+00	0.00e+00	0.00e+00	7.36e-15	1.49e-14	1.16e-61
 9.33705e+14	3.94e-20	2.75e-14	2.69e-09	3.01e-05	9.98e-01	2.02e-03	0.00e+00	0.00e+00	0.00e+00	0.00e+00	9.11e-15	1.84e-14	2.49e-61
 9.63544e+14	5.04e-20	3.31e-14	3.05e-09	3.21e-05	9.98e-01	1.89e-03	0.00e+00	0.00e+00	0.00e+00	0.00e+00	1.10e-14	2.21e-14	4.87e-61
 9.97299e+14	6.59e-20	4.06e-14	3.51e-09	3.44e-05	9.98e-01	1.76e-03	0.00e+00	0.00e+00	0.00e+00	0.00e+00	1.34e-14	2.72e-14	1.02e-60
 1.03672e+15	8.91e-20	5.11e-14	4.10e-09	3.73e-05	9.98e-01	1.63e-03	0.00e+00	0.00e+00	0.00e+00	0.00e+00	1.69e-14	3.42e-14	2.31e-60
 1.07452e+15	1.18e-19	6.32e-14	4.74e-09	4.02e-05	9.98e-01	1.51e-03	0.00e+00	0.00e+00	0.00e+00	0.00e+00	2.09e-14	4.23e-14	5.00e-60
 1.10860e+15	1.51e-19	7.60e-14	5.37e-09	4.28e-05	9.99e-01	1.42e-03	0.00e+00	0.00e+00	0.00e+00	0.00e+00	2.51e-14	5.08e-14	9.76e-60
 1.14074e+15	1.89e-19	9.00e-14	6.03e-09	4.54e-05	9.99e-01	1.34e-03	0.00e+00	0.00e+00	0.00e+00	0.00e+00	2.98e-14	6.02e-14	1.80e-59
 1.17644e+15	2.40e-19	1.08e-13	6.82e-09	4.84e-05	9.99e-01	1.25e-03	0.00e+00	0.00e+00	0.00e+00	0.00e+00	3.57e-14	7.22e-14	3.46e-59
 1.21629e+15	3.12e-19	1.32e-13	7.80e-09	5.18e-05	9.99e-01	1.17e-03	0.00e+00	0.00e+00	0.00e+00	0.00e+00	4.35e-14	8.81e-14	7.11e-59
 1.25388e+15	3.96e-19	1.58e-13	8.81e-09	5.51e-05	9.99e-01	1.10e-03	0.00e+00	0.00e+00	0.00e+00	0.00e+00	5.21e-14	1.05e-13	1.37e-58
 1.29510e+15	5.10e-19	1.91e-13	1.00e-08	5.89e-05	9.99e-01	1.03e-03	0.00e+00	0.00e+00	0.00e+00	0.00e+00	6.31e-14	1.28e-13	2.74e-58
 1.34127e+15	6.72e-19	2.35e-13	1.16e-08	6.33e-05	9.99e-01	9.57e-04	0.00e+00	0.00e+00	0.00e+00	0.00e+00	7.77e-14	1.57e-13	5.82e-58
 1.38482e+15	8.64e-19	2.84e-13	1.31e-08	6.75e-05	9.99e-01	8.96e-04	0.00e+00	0.00e+00	0.00e+00	0.00e+00	9.40e-14	1.90e-13	1.16e-57
 1.43238e+15	1.13e-18	3.47e-13	1.51e-08	7.23e-05	9.99e-01	8.36e-04	0.00e+00	0.00e+00	0.00e+00	0.00e+00	1.15e-13	2.33e-13	2.40e-57
 1.48497e+15	1.50e-18	4.31e-13	1.74e-08	7.78e-05	9.99e-01	7.76e-04	0.00e+00	0.00e+00	0.00e+00	0.00e+00	1.42e-13	2.89e-13	5.26e-57
 1.53355e+15	1.93e-18	5.21e-13	1.98e-08	8.32e-05	9.99e-01	7.26e-04	0.00e+00	0.00e+00	0.00e+00	0.00e+00	1.72e-13	3.49e-13	1.05e-56
 1.58615e+15	2.51e-18	6.37e-13	2.27e-08	8.90e-05	9.99e-01	6.78e-04	0.00e+00	0.00e+00	0.00e+00	0.00e+00	2.10e-13	4.27e-13	2.18e-56
 1.64496e+15	3.34e-18	7.91e-13	2.63e-08	9.59e-05	9.99e-01	6.29e-04	0.00e+00	0.00e+00	0.00e+00	0.00e+00	2.61e-13	5.30e-13	4.78e-56
 1.70022e+15	4.33e-18	9.62e-13	3.00e-08	1.03e-04	9.99e-01	5.87e-04	0.00e+00	0.00e+00	0.00e+00	0.00e+00	3.17e-13	6.45e-13	9.77e-56
 1.76043e+15	5.68e-18	1.18e-12	3.45e-08	1.10e-04	9.99e-01	5.46e-04	0.00e+00	0.00e+00	0.00e+00	0.00e+00	3.90e-13	7.92e-13	2.05e-55
 1.82742e+15	7.63e-18	1.48e-12	4.01e-08	1.19e-04	9.99e-01	5.06e-04	0.00e+00	0.00e+00	0.00e+00	0.00e+00	4.87e-13	9.90e-13	4.64e-55
 1.89004e+15	9.92e-18	1.80e-12	4.59e-08	1.27e-04	9.99e-01	4.72e-04	0.00e+00	0.00e+00	0.00e+00	0.00e+00	5.93e-13	1.21e-12	9.53e-55
 1.95811e+15	1.31e-17	2.22e-12	5.29e-08	1.37e-04	9.99e-01	4.38e-04	0.00e+00	0.00e+00	0.00e+00	0.00e+00	7.31e-13	1.49e-12	2.04e-54
 2.03426e+15	1.76e-17	2.78e-12	6.17e-08	1.48e-04	9.99e-01	4.05e-04	0.00e+00	0.00e+00	0.00e+00	0.00e+00	9.16e-13	1.87e-12	4.63e-54
 2.10645e+15	2.31e-17	3.42e-12	7.10e-08	1.59e-04	9.99e-01	3.76e-04	0.00e+00	0.00e+00	0.00e+00	0.00e+00	1.13e-12	2.30e-12	9.78e-54
 2.18374e+15	3.05e-17	4.23e-12	8.21e-08	1.72e-04	9.99e-01	3.49e-04	0.00e+00	0.00e+00	0.00e+00	0.00e+00	1.39e-12	2.84e-12	2.11e-53
 2.27112e+15	4.13e-17	5.33e-12	9.63e-08	1.86e-04	9.99e-01	3.21e-04	0.00e+00	0.00e+00	0.00e+00	0.00e+00	1.75e-12	3.58e-12	4.87e-53
 2.35714e+15	5.49e-17	6.63e-12	1.12e-07	2.02e-04	1.00e+00	2.97e-04	0.00e+00	4.52e-18	1.36e-17	2.27e-17	2.18e-12	4.45e-12	1.07e-52
 2.44660e+15	7.31e-17	8.26e-12	1.30e-07	2.18e-04	1.00e+00	2.74e-04	0.00e+00	6.02e-18	1.81e-17	3.02e-17	2.71e-12	5.55e-12	2.37e-52
 2.54449e+15	9.84e-17	1.04e-11	1.53e-07	2.37e-04	1.00e+00	2.52e-04	0.00e+00	8.11e-18	2.44e-17	4.07e-17	3.41e-12	6.98e-12	5.38e-52
 2.64101e+15	1.31e-16	1.29e-11	1.78e-07	2.56e-04	1.00e+00	2.33e-04	0.00e+00	1.08e-17	3.24e-17	5.41e-17	4.24e-12	8.68e-12	1.19e-51
 2.72116e+15	1.64e-16	1.54e-11	2.01e-07	2.73e-04	1.00e+00	2.18e-04	0.00e+00	1.35e-17	4.06e-17	6.78e-17	5.04e-12	1.03e-11	2.22e-51
 2.78598e+15	1.96e-16	1.76e-11	2.21e-07	2.87e-04	1.00e+00	2.07e-04	0.00e+00	1.61e-17	4.84e-17	8.09e-17	5.78e-12	1.18e-11	3.62e-51
 2.85792e+15	2.37e-16	2.04e-11	2.45e-07	3.04e-04	9.99e-01	1.96e-04	0.00e+00	1.95e-17	5.87e-17	9.80e-17	6.70e-12	1.37e-11	6.17e-51
 2.95145e+15	3.00e-16	2.46e-11	2.80e-07	3.26e-04	9.99e-01	1.83e-04	0.00e+00	2.48e-17	7.45e-17	1.24e-16	8.06e-12	1.65e-11	1.20e-50
 3.05164e+15	3.85e-16	2.98e-11	3.21e-07	3.51e-04	9.99e-01	1.70e-04	0.00e+00	3.18e-17	9.55e-17	1.60e-16	9.78e-12	2.01e-11	2.40e-50
 3.14042e+15	4.76e-16	3.52e-11	3.60e-07	3.73e-04	9.99e-01	1.59e-04	0.00e+00	3.93e-17	1.18e-16	1.97e-16	1.15e-11	2.37e-11	4.35e-50
 3.23580e+15	5.91e-16	4.17e-11	4.07e-07	3.99e-04	9.99e-01	1.49e-04	0.00e+00	4.89e-17	1.47e-16	2.45e-16	1.37e-11	2.81e-11	8.00e-50
 3.35552e+15	7.71e-16	5.14e-11	4.73e-07	4.32e-04	9.99e-01	1.38e-04	0.00e+00	6.38e-17	1.92e-16	3.20e-16	1.68e-11	3.46e-11	1.69e-49
 3.47710e+15	9.97e-16	6.29e-11	5.47e-07	4.67e-04	9.99e-01	1.27e-04	0.00e+00	8.26e-17	2.48e-16	4.14e-16	2.06e-11	4.23e-11	3.50e-49
 3.58227e+15	1.23e-15	7.45e-11	6.18e-07	4.99e-04	9.99e-01	1.19e-04	0.00e+00	1.02e-16	3.07e-16	5.13e-16	2.44e-11	5.01e-11	6.43e-49
 3.69589e+15	1.51e-15	8.87e-11	7.02e-07	5.36e-04	9.99e-01	1.11e-04	0.00e+00	1.25e-16	3.75e-16	6.27e-16	2.90e-11	5.97e-11	1.18e-48
 3.83532e+15	1.95e-15	1.09e-10	8.18e-07	5.82e-04	9.99e-01	1.02e-04	0.00e+00	1.62e-16	4.87e-16	8.14e-16	3.58e-11	7.36e-11	2.52e-48
 3.97614e+15	2.51e-15	1.34e-10	9.48e-07	6.32e-04	9.99e-01	9.38e-05	0.00e+00	2.08e-16	6.25e-16	1.05e-15	4.37e-11	9.00e-11	5.21e-48
 4.10099e+15	3.09e-15	1.59e-10	1.08e-06	6.78e-04	9.99e-01	8.74e-05	0.00e+00	2.57e-16	7.72e-16	1.29e-15	5.19e-11	1.07e-10	9.68e-48
 4.23724e+15	3.86e-15	1.90e-10	1.23e-06	7.30e-04	9.99e-01	8.11e-05	0.00e+00	3.21e-16	9.65e-16	1.61e-15	6.22e-11	1.28e-10	1.87e-47
 4.40056e+15	4.97e-15	2.35e-10	1.43e-06	7.96e-04	9.99e-01	7.44e-05	0.00e+00	4.14e-16	1.24e-15	2.08e-15	7.67e-11	1.58e-10	3.98e-47
 4.56236e+15	6.30e-15	2.86e-10	1.66e-06	8.64e-04	9.99e-01	6.84e-05	0.00e+00	5.26e-16	1.58e-15	2.64e-15	9.35e-11	1.92e-10	8.20e-47
 4.70815e+15	7.73e-15	3.40e-10	1.89e-06	9.29e-04	9.99e-01	6.37e-05	0.00e+00	6.46e-16	1.94e-15	3.24e-15	1.11e-10	2.29e-10	1.54e-46
 4.86980e+15	9.62e-15	4.08e-10	2.17e-06	1.00e-03	9.99e-01	5.89e-05	0.00e+00	8.05e-16	2.42e-15	4.04e-15	1.33e-10	2.75e-10	3.02e-46
 5.06041e+15	1.23e-14	5.03e-10	2.53e-06	1.10e-03	9.99e-01	5.39e-05	0.00e+00	1.03e-15	3.09e-15	5.17e-15	1.64e-10	3.38e-10	6.51e-46
 5.24854e+15	1.54e-14	6.13e-10	2.94e-06	1.19e-03	9.99e-01	4.95e-05	0.00e+00	1.30e-15	3.89e-15	6.50e-15	2.00e-10	4.12e-10	1.35e-45
 5.42295e+15	1.89e-14	7.31e-10	3.36e-06	1.29e-03	9.99e-01	4.59e-05	0.00e+00	1.59e-15	4.77e-15	7.96e-15	2.39e-10	4.92e-10	2.59e-45
 5.61867e+15	2.35e-14	8.84e-10	3.87e-06	1.40e-03	9.99e-01	4.22e-05	0.00e+00	1.98e-15	5.94e-15	9.92e-15	2.89e-10	5.95e-10	5.29e-45
 5.84344e+15	2.98e-14	1.09e-09	4.54e-06	1.53e-03	9.98e-01	3.85e-05	0.00e+00	2.51e-15	7.54e-15	1.26e-14	3.57e-10	7.34e-10	1.17e-44
 6.06433e+15	3.71e-14	1.33e-09	5.27e-06	1.66e-03	9.98e-01	3.54e-05	0.00e+00	3.13e-15	9.40e-15	1.57e-14	4.36e-10	8.95e-10	2.46e-44
 6.29406e+15	4.62e-14	1.62e-09	6.13e-06	1.81e-03	9.98e-01	3.24e-05	0.00e+00	3.90e-15	1.17e-14	1.96e-14	5.32e-10	1.09e-09	5.21e-44
 6.50341e+15	5.55e-14	1.93e-09	6.99e-06	1.96e-03	9.98e-01	3.01e-05	0.00e+00	4.70e-15	1.41e-14	2.35e-14	6.33e-10	1.30e-09	9.86e-44
 6.65935e+15	6.37e-14	2.19e-09	7.68e-06	2.07e-03	9.98e-01	2.85e-05	0.00e+00	5.39e-15	1.62e-14	2.70e-14	7.17e-10	1.47e-09	1.58e-43
 6.82037e+15	7.30e-14	2.49e-09	8.45e-06	2.18e-03	9.98e-01	2.69e-05	0.00e+00	6.18e-15	1.86e-14	3.10e-14	8.15e-10	1.67e-09	2.56e-43
 7.02971e+15	8.64e-14	2.92e-09	9.55e-06	2.34e-03	9.98e-01	2.51e-05	0.00e+00	7.33e-15	2.20e-14	3.68e-14	9.58e-10	1.97e-09	4.74e-43
 7.25614e+15	1.03e-13	3.46e-09	1.08e-05	2.52e-03	9.97e-01	2.33e-05	0.00e+00	8.74e-15	2.62e-14	4.38e-14	1.13e-09	2.32e-09	9.12e-43
 7.46038e+15	1.20e-13	4.00e-09	1.21e-05	2.69e-03	9.97e-01	2.19e-05	0.00e+00	1.02e-14	3.06e-14	5.11e-14	1.31e-09	2.69e-09	1.61e-42
 7.68148e+15	1.41e-13	4.67e-09	1.36e-05	2.87e-03	9.97e-01	2.04e-05	0.00e+00	1.20e-14	3.60e-14	6.02e-14	1.53e-09	3.14e-09	2.95e-42
 7.96258e+15	1.71e-13	5.67e-09	1.57e-05	3.12e-03	9.97e-01	1.88e-05	0.00e+00	1.46e-14	4.38e-14	7.31e-14	1.86e-09	3.81e-09	6.28e-42
 8.24558e+15	2.05e-13	6.82e-09	1.81e-05	3.39e-03	9.97e-01	1.74e-05	0.00e+00	1.75e-14	5.25e-14	8.76e-14	2.24e-09	4.58e-09	1.29e-41
 8.48260e+15	2.39e-13	7.91e-09	2.02e-05	3.62e-03	9.96e-01	1.63e-05	0.00e+00	2.04e-14	6.12e-14	1.02e-13	2.60e-09	5.31e-09	2.32e-41
 8.73599e+15	2.79e-13	9.25e-09	2.27e-05	3.87e-03	9.96e-01	1.53e-05	0.00e+00	2.39e-14	7.17e-14	1.20e-13	3.04e-09	6.21e-09	4.29e-41
 9.05681e+15	3.36e-13	1.12e-08	2.63e-05	4.21e-03	9.96e-01	1.41e-05	0.00e+00	2.88e-14	8.64e-14	1.44e-13	3.69e-09	7.54e-09	9.02e-41
 9.39317e+15	4.05e-13	1.36e-08	3.04e-05	4.58e-03	9.95e-01	1.30e-05	0.00e+00	3.48e-14	1.04e-13	1.74e-13	4.48e-09	9.15e-09	1.90e-40
 9.69415e+15	4.77e-13	1.61e-08	3.45e-05	4.92e-03	9.95e-01	1.21e-05	0.00e+00	4.10e-14	1.23e-13	2.06e-13	5.30e-09	1.08e-08	3.63e-40
 1.00212e+16	5.72e-13	1.92e-08	3.93e-05	5.31e-03	9.95e-01	1.13e-05	0.00e+00	4.92e-14	1.48e-13	2.47e-13	6.33e-09	1.29e-08	7.16e-40
 1.04103e+16	7.00e-13	2.36e-08	4.58e-05	5.80e-03	9.94e-01	1.04e-05	0.00e+00	6.04e-14	1.81e-13	3.03e-13	7.76e-09	1.58e-08	1.58e-39
 1.07922e+16	8.43e-13	2.86e-08	5.29e-05	6.30e-03	9.94e-01	9.61e-06	0.00e+00	7.28e-14	2.18e-13	3.65e-13	9.40e-09	1.92e-08	3.26e-39
 1.11367e+16	9.97e-13	3.37e-08	5.99e-05	6.78e-03	9.93e-01	8.99e-06	0.00e+00	8.62e-14	2.59e-13	4.32e-13	1.11e-08	2.26e-08	6.17e-39
 1.15201e+16	1.20e-12	4.04e-08	6.86e-05	7.33e-03	9.93e-01	8.37e-06	0.00e+00	1.04e-13	3.11e-13	5.20e-13	1.33e-08	2.71e-08	1.24e-38
 1.19715e+16	1.48e-12	4.99e-08	8.01e-05	8.01e-03	9.92e-01	7.75e-06	0.00e+00	1.28e-13	3.84e-13	6.41e-13	1.64e-08	3.35e-08	2.72e-38
 1.24149e+16	1.80e-12	6.07e-08	9.26e-05	8.72e-03	9.91e-01	7.21e-06	0.00e+00	1.56e-13	4.68e-13	7.82e-13	2.00e-08	4.07e-08	5.72e-38
 1.28247e+16	2.15e-12	7.23e-08	1.05e-04	9.39e-03	9.90e-01	6.76e-06	0.00e+00	1.87e-13	5.61e-13	9.36e-13	2.39e-08	4.85e-08	1.10e-37
 1.32865e+16	2.63e-12	8.79e-08	1.22e-04	1.02e-02	9.90e-01	6.32e-06	0.00e+00	2.29e-13	6.88e-13	1.15e-12	2.90e-08	5.89e-08	2.29e-37
 1.37322e+16	3.15e-12	1.05e-07	1.39e-04	1.10e-02	9.89e-01	5.94e-06	0.00e+00	2.75e-13	8.24e-13	1.38e-12	3.47e-08	7.04e-08	4.33e-37
 1.40609e+16	3.56e-12	1.19e-07	1.52e-04	1.16e-02	9.88e-01	5.71e-06	0.00e+00	3.11e-13	9.32e-13	1.56e-12	3.94e-08	7.99e-08	6.95e-37
 1.43910e+16	4.10e-12	1.36e-07	1.68e-04	1.23e-02	9.88e-01	5.48e-06	0.00e+00	3.58e-13	1.07e-12	1.79e-12	4.49e-08	9.11e-08	1.12e-36
 1.48202e+16	4.88e-12	1.60e-07	1.89e-04	1.32e-02	9.87e-01	5.20e-06	0.00e+00	4.26e-13	1.28e-12	2.14e-12	5.29e-08	1.07e-07	2.02e-36
 1.52843e+16	5.81e-12	1.90e-07	2.14e-04	1.42e-02	9.86e-01	4.94e-06	0.00e+00	5.08e-13	1.53e-12	2.55e-12	6.28e-08	1.27e-07	3.70e-36
 1.56977e+16	6.76e-12	2.20e-07	2.38e-04	1.51e-02	9.85e-01	4.72e-06	0.00e+00	5.92e-13	1.78e-12	2.96e-12	7.27e-08	1.47e-07	6.24e-36
 1.61390e+16	8.01e-12	2.58e-07	2.67e-04	1.61e-02	9.84e-01	4.52e-06	0.00e+00	7.02e-13	2.11e-12	3.52e-12	8.52e-08	1.73e-07	1.08e-35
 1.67127e+16	9.91e-12	3.15e-07	3.09e-04	1.75e-02	9.82e-01	4.28e-06	0.00e+00	8.70e-13	2.61e-12	4.36e-12	1.04e-07	2.11e-07	2.18e-35
 1.72913e+16	1.20e-11	3.80e-07	3.56e-04	1.90e-02	9.81e-01	4.08e-06	0.00e+00	1.06e-12	3.18e-12	5.30e-12	1.26e-07	2.54e-07	4.15e-35
 1.77577e+16	1.41e-11	4.41e-07	3.97e-04	2.02e-02	9.79e-01	3.93e-06	0.00e+00	1.24e-12	3.72e-12	6.21e-12	1.46e-07	2.95e-07	6.90e-35
 1.82455e+16	1.67e-11	5.16e-07	4.45e-04	2.16e-02	9.78e-01	3.79e-06	0.00e+00	1.47e-12	4.42e-12	7.37e-12	1.71e-07	3.45e-07	1.18e-34
 1.88797e+16	2.07e-11	6.29e-07	5.15e-04	2.35e-02	9.76e-01	3.61e-06	0.00e+00	1.83e-12	5.48e-12	9.14e-12	2.08e-07	4.21e-07	2.31e-34
 1.95388e+16	2.55e-11	7.65e-07	5.96e-04	2.55e-02	9.74e-01	3.46e-06	0.00e+00	2.26e-12	6.77e-12	1.13e-11	2.53e-07	5.12e-07	4.37e-34
 2.00928e+16	3.03e-11	8.97e-07	6.71e-04	2.73e-02	9.72e-01	3.34e-06	0.00e+00	2.68e-12	8.04e-12	1.34e-11	2.97e-07	6.00e-07	7.30e-34
 2.06756e+16	3.65e-11	1.06e-06	7.61e-04	2.94e-02	9.70e-01	3.23e-06	0.00e+00	3.23e-12	9.69e-12	1.62e-11	3.53e-07	7.12e-07	1.28e-33
 2.14251e+16	4.62e-11	1.32e-06	8.92e-04	3.22e-02	9.67e-01	3.10e-06	0.00e+00	4.09e-12	1.23e-11	2.05e-11	4.37e-07	8.81e-07	2.56e-33
 2.21668e+16	5.72e-11	1.61e-06	1.04e-03	3.51e-02	9.64e-01	2.99e-06	0.00e+00	5.08e-12	1.52e-11	2.54e-11	5.32e-07	1.07e-06	4.69e-33
 2.27518e+16	6.77e-11	1.87e-06	1.16e-03	3.76e-02	9.61e-01	2.93e-06	0.00e+00	6.02e-12	1.80e-11	3.01e-11	6.21e-07	1.25e-06	7.50e-33
 2.33574e+16	8.17e-11	2.21e-06	1.32e-03	4.03e-02	9.58e-01	2.86e-06	0.00e+00	7.26e-12	2.18e-11	3.64e-11	7.33e-07	1.48e-06	1.25e-32
 2.41448e+16	1.04e-10	2.73e-06	1.55e-03	4.41e-02	9.54e-01	2.77e-06	0.00e+00	9.23e-12	2.77e-11	4.62e-11	9.06e-07	1.82e-06	2.41e-32
 2.49354e+16	1.29e-10	3.32e-06	1.80e-03	4.82e-02	9.50e-01	2.69e-06	0.00e+00	1.15e-11	3.44e-11	5.74e-11	1.10e-06	2.22e-06	4.27e-32
 2.55278e+16	1.50e-10	3.83e-06	2.01e-03	5.14e-02	9.47e-01	2.65e-06	0.00e+00	1.34e-11	4.03e-11	6.72e-11	1.27e-06	2.56e-06	6.43e-32
 2.60952e+16	1.79e-10	4.45e-06	2.25e-03	5.48e-02	9.43e-01	2.60e-06	0.00e+00	1.60e-11	4.79e-11	7.99e-11	1.48e-06	2.97e-06	9.97e-32
 2.67291e+16	2.13e-10	5.20e-06	2.54e-03	5.87e-02	9.39e-01	2.55e-06	0.00e+00	1.91e-11	5.72e-11	9.54e-11	1.73e-06	3.47e-06	1.56e-31
 2.73366e+16	2.54e-10	6.05e-06	2.86e-03	6.28e-02	9.34e-01	2.51e-06	0.00e+00	2.27e-11	6.81e-11	1.14e-10	2.01e-06	4.04e-06	2.41e-31
 2.80134e+16	3.10e-10	7.20e-06	3.28e-03	6.77e-02	9.29e-01	2.46e-06	0.00e+00	2.78e-11	8.34e-11	1.39e-10	2.39e-06	4.81e-06	3.97e-31
 2.87228e+16	3.79e-10	8.57e-06	3.76e-03	7.33e-02	9.23e-01	2.43e-06	0.00e+00	3.40e-11	1.02e-10	1.70e-10	2.85e-06	5.72e-06	6.42e-31
 2.93406e+16	4.53e-10	9.99e-06	4.25e-03	7.84e-02	9.17e-01	2.41e-06	0.00e+00	4.06e-11	1.22e-10	2.03e-10	3.32e-06	6.67e-06	9.74e-31
