#depth	He	He+	He+2
 1.49634e+10	5.09e-21	9.07e-11	1.00e+00
 4.54887e+10	5.97e-21	9.89e-11	1.00e+00
 7.72350e+10	6.93e-21	1.08e-10	1.00e+00
 1.10251e+11	8.05e-21	1.18e-10	1.00e+00
 1.41282e+11	9.24e-21	1.27e-10	1.00e+00
 1.69021e+11	1.04e-20	1.36e-10	1.00e+00
 2.00161e+11	1.18e-20	1.47e-10	1.00e+00
 2.37081e+11	1.37e-20	1.60e-10	1.00e+00
 2.74031e+11	1.58e-20	1.74e-10	1.00e+00
 3.08609e+11	1.79e-20	1.88e-10	1.00e+00
 3.47031e+11	2.05e-20	2.04e-10	1.00e+00
 3.90839e+11	2.39e-20	2.23e-10	1.00e+00
 4.33993e+11	2.76e-20	2.43e-10	1.00e+00
 4.78873e+11	3.18e-20	2.65e-10	1.00e+00
 5.27955e+11	3.70e-20	2.91e-10	1.00e+00
 5.77591e+11	4.27e-20	3.18e-10	1.00e+00
 6.29212e+11	4.94e-20	3.49e-10	1.00e+00
 6.84307e+11	5.73e-20	3.83e-10	1.00e+00
 7.39023e+11	6.60e-20	4.19e-10	1.00e+00
 7.95928e+11	7.58e-20	4.58e-10	1.00e+00
 8.57692e+11	8.77e-20	5.04e-10	1.00e+00
 9.21927e+11	1.01e-19	5.55e-10	1.00e+00
 9.88730e+11	1.17e-19	6.10e-10	1.00e+00
 1.05821e+12	1.35e-19	6.72e-10	1.00e+00
 1.13046e+12	1.55e-19	7.41e-10	1.00e+00
 1.19598e+12	1.75e-19	8.07e-10	1.00e+00
 1.25087e+12	1.93e-19	8.64e-10	1.00e+00
 1.31111e+12	2.13e-19	9.30e-10	1.00e+00
 1.38703e+12	2.42e-19	1.02e-09	1.00e+00
 1.46603e+12	2.75e-19	1.12e-09	1.00e+00
 1.53379e+12	3.04e-19	1.20e-09	1.00e+00
 1.60424e+12	3.37e-19	1.30e-09	1.00e+00
 1.69190e+12	3.81e-19	1.42e-09	1.00e+00
 1.78067e+12	4.32e-19	1.56e-09	1.00e+00
 1.85810e+12	4.78e-19	1.68e-09	1.00e+00
 1.94207e+12	5.32e-19	1.82e-09	1.00e+00
 2.04429e+12	6.04e-19	1.99e-09	1.00e+00
 2.14830e+12	6.83e-19	2.18e-09	1.00e+00
 2.24381e+12	7.63e-19	2.36e-09	1.00e+00
 2.35016e+12	8.58e-19	2.58e-09	1.00e+00
 2.47345e+12	9.81e-19	2.84e-09	1.00e+00
 2.59503e+12	1.12e-18	3.10e-09	1.00e+00
 2.71149e+12	1.26e-18	3.37e-09	1.00e+00
 2.83989e+12	1.43e-18	3.68e-09	1.00e+00
 2.98342e+12	1.65e-18	4.05e-09	1.00e+00
 3.11390e+12	1.86e-18	4.39e-09	1.00e+00
 3.22372e+12	2.07e-18	4.70e-09	1.00e+00
 3.34449e+12	2.31e-18	5.04e-09	1.00e+00
 3.48084e+12	2.61e-18	5.44e-09	1.00e+00
 3.61143e+12	2.93e-18	5.85e-09	1.00e+00
 3.75517e+12	3.31e-18	6.31e-09	1.00e+00
 3.91484e+12	3.79e-18	6.84e-09	1.00e+00
 4.06446e+12	4.28e-18	7.36e-09	1.00e+00
 4.22823e+12	4.88e-18	7.95e-09	1.00e+00
 4.41242e+12	5.63e-18	8.64e-09	1.00e+00
 4.58840e+12	6.43e-18	9.33e-09	1.00e+00
 4.75141e+12	7.25e-18	1.00e-08	1.00e+00
 4.93229e+12	8.25e-18	1.08e-08	1.00e+00
 5.13501e+12	9.51e-18	1.16e-08	1.00e+00
 5.32650e+12	1.08e-17	1.25e-08	1.00e+00
 5.53586e+12	1.24e-17	1.35e-08	1.00e+00
 5.76747e+12	1.44e-17	1.47e-08	1.00e+00
 5.98239e+12	1.65e-17	1.58e-08	1.00e+00
 6.21617e+12	1.90e-17	1.70e-08	1.00e+00
 6.47756e+12	2.21e-17	1.84e-08	1.00e+00
 6.72424e+12	2.54e-17	1.99e-08	1.00e+00
 6.99346e+12	2.94e-17	2.15e-08	1.00e+00
 7.29355e+12	3.44e-17	2.34e-08	1.00e+00
 7.57733e+12	3.97e-17	2.52e-08	1.00e+00
 7.88204e+12	4.61e-17	2.72e-08	1.00e+00
 8.22724e+12	5.43e-17	2.97e-08	1.00e+00
 8.56737e+12	6.34e-17	3.22e-08	1.00e+00
 8.92110e+12	7.41e-17	3.49e-08	1.00e+00
 9.30787e+12	8.72e-17	3.79e-08	1.00e+00
 9.70153e+12	1.02e-16	4.12e-08	1.00e+00
 1.01109e+13	1.20e-16	4.47e-08	1.00e+00
 1.05453e+13	1.41e-16	4.86e-08	1.00e+00
 1.09592e+13	1.64e-16	5.25e-08	1.00e+00
 1.13373e+13	1.87e-16	5.62e-08	1.00e+00
 1.16942e+13	2.11e-16	5.97e-08	1.00e+00
 1.20882e+13	2.40e-16	6.37e-08	1.00e+00
 1.25298e+13	2.76e-16	6.85e-08	1.00e+00
 1.29476e+13	3.14e-16	7.31e-08	1.00e+00
 1.34049e+13	3.59e-16	7.82e-08	1.00e+00
 1.39178e+13	4.16e-16	8.43e-08	1.00e+00
 1.43935e+13	4.74e-16	9.01e-08	1.00e+00
 1.48342e+13	5.33e-16	9.56e-08	1.00e+00
 1.53387e+13	6.07e-16	1.02e-07	1.00e+00
 1.59513e+13	7.08e-16	1.10e-07	1.00e+00
 1.65564e+13	8.18e-16	1.19e-07	1.00e+00
 1.70866e+13	9.25e-16	1.26e-07	1.00e+00
 1.76674e+13	1.05e-15	1.35e-07	1.00e+00
 1.83706e+13	1.23e-15	1.46e-07	1.00e+00
 1.90758e+13	1.42e-15	1.57e-07	1.00e+00
 1.97134e+13	1.61e-15	1.67e-07	1.00e+00
 2.04201e+13	1.85e-15	1.79e-07	1.00e+00
 2.12509e+13	2.16e-15	1.94e-07	1.00e+00
 2.20714e+13	2.50e-15	2.09e-07	1.00e+00
 2.28391e+13	2.86e-15	2.23e-07	1.00e+00
 2.36969e+13	3.30e-15	2.40e-07	1.00e+00
 2.46747e+13	3.86e-15	2.59e-07	1.00e+00
 2.56460e+13	4.49e-15	2.80e-07	1.00e+00
 2.66561e+13	5.21e-15	3.02e-07	1.00e+00
 2.77523e+13	6.10e-15	3.27e-07	1.00e+00
 2.88923e+13	7.13e-15	3.54e-07	1.00e+00
 2.99961e+13	8.26e-15	3.81e-07	1.00e+00
 3.10342e+13	9.43e-15	4.07e-07	1.00e+00
 3.21955e+13	1.09e-14	4.38e-07	1.00e+00
 3.33658e+13	1.25e-14	4.70e-07	1.00e+00
 3.43373e+13	1.40e-14	4.97e-07	1.00e+00
 3.53658e+13	1.57e-14	5.27e-07	1.00e+00
 3.66810e+13	1.82e-14	5.67e-07	1.00e+00
 3.80606e+13	2.10e-14	6.11e-07	1.00e+00
 3.92807e+13	2.38e-14	6.50e-07	1.00e+00
 4.06020e+13	2.71e-14	6.95e-07	1.00e+00
 4.21908e+13	3.15e-14	7.51e-07	1.00e+00
 4.38000e+13	3.65e-14	8.09e-07	1.00e+00
 4.53069e+13	4.17e-14	8.66e-07	1.00e+00
 4.69824e+13	4.82e-14	9.33e-07	1.00e+00
 4.87584e+13	5.58e-14	1.01e-06	1.00e+00
 5.03372e+13	6.33e-14	1.07e-06	1.00e+00
 5.20360e+13	7.22e-14	1.15e-06	1.00e+00
 5.40712e+13	8.41e-14	1.24e-06	1.00e+00
 5.60739e+13	9.72e-14	1.34e-06	1.00e+00
 5.78582e+13	1.10e-13	1.43e-06	1.00e+00
 5.98280e+13	1.26e-13	1.53e-06	1.00e+00
 6.21752e+13	1.46e-13	1.65e-06	1.00e+00
 6.45053e+13	1.69e-13	1.78e-06	1.00e+00
 6.66374e+13	1.93e-13	1.90e-06	1.00e+00
 6.90196e+13	2.21e-13	2.05e-06	1.00e+00
 7.17883e+13	2.59e-13	2.22e-06	1.00e+00
 7.45058e+13	2.99e-13	2.39e-06	1.00e+00
 7.70780e+13	3.42e-13	2.57e-06	1.00e+00
 7.99369e+13	3.95e-13	2.77e-06	1.00e+00
 8.31643e+13	4.61e-13	3.00e-06	1.00e+00
 8.62285e+13	5.31e-13	3.23e-06	1.00e+00
 8.90198e+13	6.00e-13	3.45e-06	1.00e+00
 9.21767e+13	6.87e-13	3.70e-06	1.00e+00
 9.58551e+13	8.00e-13	4.01e-06	1.00e+00
 9.93867e+13	9.19e-13	4.32e-06	1.00e+00
 1.02588e+14	1.04e-12	4.60e-06	1.00e+00
 1.05601e+14	1.16e-12	4.88e-06	1.00e+00
 1.08935e+14	1.31e-12	5.20e-06	1.00e+00
 1.12664e+14	1.48e-12	5.57e-06	1.00e+00
 1.16191e+14	1.67e-12	5.93e-06	1.00e+00
 1.20061e+14	1.89e-12	6.34e-06	1.00e+00
 1.24390e+14	2.16e-12	6.81e-06	1.00e+00
 1.28475e+14	2.43e-12	7.27e-06	1.00e+00
 1.32941e+14	2.76e-12	7.80e-06	1.00e+00
 1.37880e+14	3.17e-12	8.40e-06	1.00e+00
 1.42447e+14	3.58e-12	8.97e-06	1.00e+00
 1.47398e+14	4.06e-12	9.61e-06	1.00e+00
 1.52926e+14	4.65e-12	1.04e-05	1.00e+00
 1.58118e+14	5.27e-12	1.11e-05	1.00e+00
 1.63778e+14	6.00e-12	1.19e-05	1.00e+00
 1.70074e+14	6.90e-12	1.29e-05	1.00e+00
 1.75964e+14	7.82e-12	1.38e-05	1.00e+00
 1.82346e+14	8.93e-12	1.48e-05	1.00e+00
 1.89476e+14	1.03e-11	1.60e-05	1.00e+00
 1.96266e+14	1.17e-11	1.73e-05	1.00e+00
 2.03520e+14	1.34e-11	1.86e-05	1.00e+00
 2.11690e+14	1.55e-11	2.02e-05	1.00e+00
 2.19762e+14	1.79e-11	2.18e-05	1.00e+00
 2.28156e+14	2.06e-11	2.36e-05	1.00e+00
 2.37047e+14	2.38e-11	2.56e-05	1.00e+00
 2.44491e+14	2.67e-11	2.73e-05	1.00e+00
 2.50238e+14	2.92e-11	2.87e-05	1.00e+00
 2.56463e+14	3.21e-11	3.02e-05	1.00e+00
 2.64555e+14	3.62e-11	3.23e-05	1.00e+00
 2.73341e+14	4.11e-11	3.46e-05	1.00e+00
 2.81281e+14	4.60e-11	3.68e-05	1.00e+00
 2.89854e+14	5.17e-11	3.93e-05	1.00e+00
 3.00608e+14	5.97e-11	4.25e-05	1.00e+00
 3.11426e+14	6.87e-11	4.59e-05	1.00e+00
 3.20643e+14	7.72e-11	4.90e-05	1.00e+00
 3.30549e+14	8.74e-11	5.24e-05	1.00e+00
 3.42887e+14	1.01e-10	5.68e-05	1.00e+00
 3.55603e+14	1.18e-10	6.15e-05	1.00e+00
 3.66938e+14	1.34e-10	6.60e-05	1.00e+00
 3.79261e+14	1.53e-10	7.11e-05	1.00e+00
 3.93966e+14	1.80e-10	7.74e-05	1.00e+00
 4.08452e+14	2.09e-10	8.39e-05	1.00e+00
 4.21480e+14	2.39e-10	9.01e-05	1.00e+00
 4.35928e+14	2.75e-10	9.71e-05	1.00e+00
 4.52991e+14	3.24e-10	1.06e-04	1.00e+00
 4.69851e+14	3.78e-10	1.15e-04	1.00e+00
 4.85428e+14	4.35e-10	1.24e-04	1.00e+00
 5.02918e+14	5.06e-10	1.34e-04	1.00e+00
 5.23065e+14	5.99e-10	1.47e-04	1.00e+00
 5.42781e+14	7.02e-10	1.59e-04	1.00e+00
 5.63287e+14	8.24e-10	1.73e-04	1.00e+00
 5.85848e+14	9.77e-10	1.89e-04	1.00e+00
 6.04927e+14	1.12e-09	2.04e-04	1.00e+00
 6.18866e+14	1.24e-09	2.14e-04	1.00e+00
 6.33496e+14	1.37e-09	2.26e-04	1.00e+00
 6.52515e+14	1.56e-09	2.42e-04	1.00e+00
 6.73497e+14	1.79e-09	2.59e-04	1.00e+00
 6.92917e+14	2.02e-09	2.76e-04	1.00e+00
 7.14049e+14	2.31e-09	2.96e-04	1.00e+00
 7.37797e+14	2.65e-09	3.18e-04	1.00e+00
 7.60401e+14	3.03e-09	3.41e-04	1.00e+00
 7.85239e+14	3.48e-09	3.66e-04	1.00e+00
 8.13024e+14	4.05e-09	3.95e-04	1.00e+00
 8.39429e+14	4.65e-09	4.25e-04	1.00e+00
 8.68545e+14	5.39e-09	4.58e-04	1.00e+00
 9.01267e+14	6.33e-09	4.97e-04	1.00e+00
 9.32126e+14	7.32e-09	5.35e-04	9.99e-01
 9.65669e+14	8.53e-09	5.79e-04	9.99e-01
 1.00300e+15	1.00e-08	6.29e-04	9.99e-01
 1.03791e+15	1.16e-08	6.78e-04	9.99e-01
 1.07554e+15	1.36e-08	7.33e-04	9.99e-01
 1.11766e+15	1.60e-08	7.97e-04	9.99e-01
 1.15818e+15	1.86e-08	8.61e-04	9.99e-01
 1.20126e+15	2.18e-08	9.32e-04	9.99e-01
 1.24934e+15	2.58e-08	1.02e-03	9.99e-01
 1.28974e+15	2.96e-08	1.09e-03	9.99e-01
 1.31883e+15	3.25e-08	1.14e-03	9.99e-01
 1.34917e+15	3.58e-08	1.20e-03	9.99e-01
 1.38861e+15	4.05e-08	1.27e-03	9.99e-01
 1.43253e+15	4.62e-08	1.36e-03	9.99e-01
 1.47356e+15	5.20e-08	1.45e-03	9.99e-01
 1.51818e+15	5.90e-08	1.54e-03	9.98e-01
 1.56815e+15	6.77e-08	1.65e-03	9.98e-01
 1.61526e+15	7.66e-08	1.76e-03	9.98e-01
 1.66670e+15	8.74e-08	1.88e-03	9.98e-01
 1.72442e+15	1.01e-07	2.02e-03	9.98e-01
 1.77931e+15	1.15e-07	2.16e-03	9.98e-01
 1.83967e+15	1.32e-07	2.32e-03	9.98e-01
 1.90672e+15	1.53e-07	2.50e-03	9.98e-01
 1.96894e+15	1.75e-07	2.67e-03	9.97e-01
 2.03630e+15	2.01e-07	2.87e-03	9.97e-01
 2.11146e+15	2.33e-07	3.09e-03	9.97e-01
 2.18175e+15	2.67e-07	3.31e-03	9.97e-01
 2.25813e+15	3.08e-07	3.56e-03	9.96e-01
 2.33942e+15	3.56e-07	3.83e-03	9.96e-01
 2.41062e+15	4.03e-07	4.07e-03	9.96e-01
 2.47182e+15	4.47e-07	4.29e-03	9.96e-01
 2.53646e+15	4.97e-07	4.53e-03	9.95e-01
 2.60928e+15	5.59e-07	4.80e-03	9.95e-01
 2.67893e+15	6.23e-07	5.07e-03	9.95e-01
 2.75569e+15	7.01e-07	5.38e-03	9.95e-01
 2.83931e+15	7.92e-07	5.73e-03	9.94e-01
 2.91598e+15	8.83e-07	6.05e-03	9.94e-01
 2.99980e+15	9.95e-07	6.43e-03	9.94e-01
 3.09293e+15	1.13e-06	6.85e-03	9.93e-01
 3.18113e+15	1.27e-06	7.26e-03	9.93e-01
 3.27875e+15	1.44e-06	7.75e-03	9.92e-01
 3.38500e+15	1.64e-06	8.29e-03	9.92e-01
 3.48072e+15	1.83e-06	8.78e-03	9.91e-01
 3.58339e+15	2.07e-06	9.36e-03	9.91e-01
 3.69727e+15	2.36e-06	1.00e-02	9.90e-01
 3.80400e+15	2.65e-06	1.06e-02	9.89e-01
 3.92103e+15	3.02e-06	1.14e-02	9.89e-01
 4.04855e+15	3.44e-06	1.22e-02	9.88e-01
 4.15822e+15	3.84e-06	1.29e-02	9.87e-01
 4.25375e+15	4.22e-06	1.36e-02	9.86e-01
 4.36234e+15	4.71e-06	1.45e-02	9.86e-01
 4.47805e+15	5.26e-06	1.54e-02	9.85e-01
 4.58323e+15	5.80e-06	1.62e-02	9.84e-01
 4.68430e+15	6.38e-06	1.71e-02	9.83e-01
 4.79982e+15	7.13e-06	1.82e-02	9.82e-01
 4.92758e+15	8.01e-06	1.95e-02	9.81e-01
 5.04576e+15	8.88e-06	2.07e-02	9.79e-01
 5.15449e+15	9.79e-06	2.19e-02	9.78e-01
 5.27644e+15	1.10e-05	2.35e-02	9.77e-01
 5.41087e+15	1.24e-05	2.52e-02	9.75e-01
 5.53409e+15	1.38e-05	2.70e-02	9.73e-01
 5.64939e+15	1.53e-05	2.88e-02	9.71e-01
 5.78183e+15	1.73e-05	3.11e-02	9.69e-01
 5.92364e+15	1.98e-05	3.39e-02	9.66e-01
 6.04721e+15	2.21e-05	3.65e-02	9.64e-01
 6.16021e+15	2.47e-05	3.92e-02	9.61e-01
 6.28990e+15	2.81e-05	4.28e-02	9.57e-01
 6.42912e+15	3.24e-05	4.70e-02	9.53e-01
 6.54583e+15	3.65e-05	5.11e-02	9.49e-01
 6.64428e+15	4.06e-05	5.50e-02	9.45e-01
 6.75389e+15	4.61e-05	6.00e-02	9.40e-01
 6.87264e+15	5.31e-05	6.63e-02	9.34e-01
 6.97503e+15	6.01e-05	7.24e-02	9.28e-01
 7.05412e+15	6.62e-05	7.77e-02	9.22e-01
 7.12012e+15	7.23e-05	8.28e-02	9.17e-01
 7.19486e+15	7.97e-05	8.93e-02	9.11e-01
 7.29203e+15	9.17e-05	9.88e-02	9.01e-01
 7.38413e+15	1.05e-04	1.09e-01	8.91e-01
 7.44750e+15	1.17e-04	1.17e-01	8.83e-01
 7.49581e+15	1.27e-04	1.24e-01	8.76e-01
 7.54672e+15	1.38e-04	1.32e-01	8.67e-01
 7.61289e+15	1.56e-04	1.44e-01	8.56e-01
 7.68005e+15	1.76e-04	1.58e-01	8.42e-01
 7.73564e+15	1.93e-04	1.70e-01	8.30e-01
 7.79507e+15	2.18e-04	1.86e-01	8.14e-01
 7.85853e+15	2.50e-04	2.04e-01	7.96e-01
 7.90940e+15	2.77e-04	2.20e-01	7.80e-01
 7.95770e+15	3.06e-04	2.38e-01	7.62e-01
 8.02048e+15	3.55e-04	2.63e-01	7.37e-01
 8.07954e+15	4.02e-04	2.90e-01	7.10e-01
 8.12588e+15	4.51e-04	3.13e-01	6.87e-01
 8.16780e+15	4.96e-04	3.35e-01	6.65e-01
 8.21183e+15	5.48e-04	3.61e-01	6.38e-01
 8.26907e+15	6.32e-04	3.97e-01	6.02e-01
 8.32361e+15	7.16e-04	4.33e-01	5.66e-01
 8.36543e+15	7.88e-04	4.63e-01	5.37e-01
 8.40043e+15	8.51e-04	4.87e-01	5.12e-01
 8.43037e+15	9.09e-04	5.10e-01	4.89e-01
 8.46387e+15	9.83e-04	5.35e-01	4.64e-01
 8.49888e+15	1.06e-03	5.61e-01	4.38e-01
 8.53054e+15	1.13e-03	5.85e-01	4.14e-01
 8.56638e+15	1.22e-03	6.12e-01	3.87e-01
 8.60562e+15	1.32e-03	6.41e-01	3.58e-01
 8.64200e+15	1.41e-03	6.66e-01	3.33e-01
 8.68200e+15	1.52e-03	6.93e-01	3.05e-01
 8.72484e+15	1.63e-03	7.21e-01	2.78e-01
 8.76267e+15	1.73e-03	7.43e-01	2.55e-01
 8.80314e+15	1.85e-03	7.66e-01	2.32e-01
 8.84717e+15	1.98e-03	7.89e-01	2.09e-01
 8.88661e+15	2.09e-03	8.07e-01	1.91e-01
 8.92300e+15	2.20e-03	8.23e-01	1.75e-01
 8.96467e+15	2.33e-03	8.40e-01	1.58e-01
 9.01021e+15	2.47e-03	8.56e-01	1.41e-01
 9.05102e+15	2.60e-03	8.69e-01	1.28e-01
 9.08812e+15	2.73e-03	8.80e-01	1.18e-01
 9.13016e+15	2.87e-03	8.91e-01	1.06e-01
 9.17616e+15	3.04e-03	9.02e-01	9.52e-02
 9.21735e+15	3.19e-03	9.10e-01	8.66e-02
 9.25434e+15	3.34e-03	9.17e-01	7.96e-02
 9.29585e+15	3.51e-03	9.24e-01	7.21e-02
 9.34136e+15	3.71e-03	9.31e-01	6.52e-02
 9.38204e+15	3.91e-03	9.36e-01	5.96e-02
 9.41825e+15	4.08e-03	9.41e-01	5.52e-02
 9.45866e+15	4.30e-03	9.45e-01	5.04e-02
 9.50318e+15	4.56e-03	9.50e-01	4.58e-02
 9.54314e+15	4.82e-03	9.53e-01	4.22e-02
 9.57850e+15	5.07e-03	9.56e-01	3.92e-02
 9.61782e+15	5.35e-03	9.59e-01	3.61e-02
 9.66111e+15	5.71e-03	9.61e-01	3.31e-02
 9.70030e+15	6.07e-03	9.63e-01	3.06e-02
 9.73597e+15	6.43e-03	9.65e-01	2.86e-02
 9.77637e+15	6.88e-03	9.67e-01	2.63e-02
 9.82106e+15	7.45e-03	9.68e-01	2.41e-02
 9.86211e+15	8.04e-03	9.70e-01	2.24e-02
 9.89977e+15	8.64e-03	9.70e-01	2.09e-02
 9.94223e+15	9.43e-03	9.71e-01	1.92e-02
 9.98756e+15	1.04e-02	9.72e-01	1.77e-02
 1.00257e+16	1.14e-02	9.72e-01	1.66e-02
 1.00575e+16	1.24e-02	9.72e-01	1.56e-02
 1.00924e+16	1.36e-02	9.72e-01	1.47e-02
 1.01281e+16	1.50e-02	9.71e-01	1.38e-02
 1.01560e+16	1.64e-02	9.70e-01	1.31e-02
 1.01784e+16	1.76e-02	9.70e-01	1.27e-02
 1.02024e+16	1.91e-02	9.69e-01	1.21e-02
 1.02293e+16	2.11e-02	9.67e-01	1.16e-02
 1.02533e+16	2.31e-02	9.66e-01	1.11e-02
 1.02735e+16	2.50e-02	9.64e-01	1.08e-02
 1.02950e+16	2.74e-02	9.62e-01	1.04e-02
 1.03185e+16	3.04e-02	9.60e-01	1.00e-02
 1.03387e+16	3.36e-02	9.57e-01	9.70e-03
 1.03556e+16	3.65e-02	9.54e-01	9.46e-03
 1.03738e+16	4.01e-02	9.51e-01	9.20e-03
 1.03939e+16	4.48e-02	9.46e-01	8.95e-03
 1.04114e+16	4.98e-02	9.41e-01	8.74e-03
 1.04257e+16	5.44e-02	9.37e-01	8.60e-03
 1.04412e+16	6.01e-02	9.31e-01	8.43e-03
 1.04614e+16	6.84e-02	9.23e-01	8.26e-03
 1.04816e+16	7.89e-02	9.13e-01	8.13e-03
 1.04964e+16	8.85e-02	9.03e-01	8.05e-03
 1.05078e+16	9.65e-02	8.96e-01	8.02e-03
 1.05192e+16	1.06e-01	8.87e-01	7.98e-03
 1.05320e+16	1.17e-01	8.75e-01	7.95e-03
 1.05449e+16	1.30e-01	8.62e-01	7.95e-03
 1.05557e+16	1.43e-01	8.50e-01	7.96e-03
 1.05647e+16	1.54e-01	8.38e-01	7.98e-03
 1.05731e+16	1.66e-01	8.26e-01	7.99e-03
 1.05798e+16	1.76e-01	8.16e-01	8.02e-03
 1.05843e+16	1.83e-01	8.09e-01	8.04e-03
 1.05884e+16	1.90e-01	8.02e-01	8.05e-03
 1.05931e+16	1.98e-01	7.94e-01	8.06e-03
 1.05983e+16	2.07e-01	7.85e-01	8.07e-03
 1.06035e+16	2.17e-01	7.75e-01	8.09e-03
 1.06082e+16	2.26e-01	7.66e-01	8.12e-03
 1.06128e+16	2.36e-01	7.56e-01	8.12e-03
 1.06174e+16	2.46e-01	7.46e-01	8.15e-03
 1.06222e+16	2.57e-01	7.35e-01	8.16e-03
 1.06268e+16	2.68e-01	7.24e-01	8.18e-03
 1.06314e+16	2.79e-01	7.13e-01	8.19e-03
 1.06360e+16	2.90e-01	7.01e-01	8.22e-03
 1.06406e+16	3.03e-01	6.89e-01	8.21e-03
 1.06451e+16	3.15e-01	6.77e-01	8.24e-03
 1.06496e+16	3.28e-01	6.64e-01	8.24e-03
 1.06542e+16	3.41e-01	6.51e-01	8.24e-03
 1.06586e+16	3.54e-01	6.37e-01	8.24e-03
 1.06630e+16	3.68e-01	6.24e-01	8.24e-03
 1.06674e+16	3.83e-01	6.09e-01	8.22e-03
 1.06719e+16	3.97e-01	5.95e-01	8.22e-03
 1.06763e+16	4.12e-01	5.80e-01	8.18e-03
 1.06807e+16	4.27e-01	5.65e-01	8.17e-03
 1.06851e+16	4.42e-01	5.50e-01	8.13e-03
 1.06896e+16	4.58e-01	5.34e-01	8.08e-03
 1.06940e+16	4.74e-01	5.18e-01	8.04e-03
 1.06984e+16	4.90e-01	5.02e-01	7.98e-03
 1.07029e+16	5.06e-01	4.86e-01	7.92e-03
 1.07073e+16	5.23e-01	4.69e-01	7.84e-03
 1.07117e+16	5.39e-01	4.53e-01	7.76e-03
 1.07161e+16	5.55e-01	4.37e-01	7.66e-03
 1.07204e+16	5.71e-01	4.21e-01	7.56e-03
 1.07247e+16	5.87e-01	4.05e-01	7.45e-03
 1.07291e+16	6.03e-01	3.89e-01	7.33e-03
 1.07334e+16	6.19e-01	3.74e-01	7.21e-03
 1.07378e+16	6.34e-01	3.58e-01	7.07e-03
 1.07422e+16	6.50e-01	3.43e-01	6.92e-03
 1.07467e+16	6.65e-01	3.29e-01	6.78e-03
 1.07512e+16	6.79e-01	3.14e-01	6.62e-03
 1.07557e+16	6.94e-01	3.00e-01	6.44e-03
 1.07604e+16	7.08e-01	2.86e-01	6.27e-03
 1.07652e+16	7.22e-01	2.72e-01	6.07e-03
 1.07702e+16	7.36e-01	2.58e-01	5.88e-03
 1.07753e+16	7.49e-01	2.45e-01	5.67e-03
 1.07807e+16	7.62e-01	2.32e-01	5.46e-03
 1.07863e+16	7.75e-01	2.20e-01	5.25e-03
 1.07921e+16	7.87e-01	2.08e-01	5.04e-03
 1.07983e+16	7.98e-01	1.97e-01	4.82e-03
 1.08050e+16	8.10e-01	1.86e-01	4.60e-03
 1.08123e+16	8.20e-01	1.76e-01	4.39e-03
 1.08203e+16	8.30e-01	1.66e-01	4.17e-03
 1.08278e+16	8.38e-01	1.58e-01	3.99e-03
 1.08342e+16	8.44e-01	1.52e-01	3.84e-03
 1.08409e+16	8.50e-01	1.47e-01	3.70e-03
 1.08488e+16	8.55e-01	1.41e-01	3.56e-03
 1.08575e+16	8.60e-01	1.36e-01	3.42e-03
 1.08666e+16	8.65e-01	1.32e-01	3.29e-03
 1.08765e+16	8.69e-01	1.28e-01	3.17e-03
 1.08873e+16	8.72e-01	1.25e-01	3.06e-03
 1.08993e+16	8.76e-01	1.21e-01	2.94e-03
 1.09123e+16	8.79e-01	1.18e-01	2.83e-03
 1.09264e+16	8.82e-01	1.16e-01	2.72e-03
 1.09415e+16	8.84e-01	1.13e-01	2.62e-03
 1.09574e+16	8.87e-01	1.11e-01	2.52e-03
 1.09738e+16	8.89e-01	1.09e-01	2.43e-03
 1.09909e+16	8.91e-01	1.06e-01	2.32e-03
 1.10080e+16	8.93e-01	1.04e-01	2.24e-03
 1.10247e+16	8.95e-01	1.02e-01	2.15e-03
 1.10414e+16	8.97e-01	1.01e-01	2.08e-03
 1.10579e+16	8.99e-01	9.89e-02	2.00e-03
 1.10746e+16	9.01e-01	9.72e-02	1.93e-03
 1.10911e+16	9.03e-01	9.55e-02	1.86e-03
 1.11068e+16	9.04e-01	9.39e-02	1.79e-03
 1.11220e+16	9.06e-01	9.24e-02	1.73e-03
 1.11374e+16	9.07e-01	9.09e-02	1.68e-03
 1.11530e+16	9.09e-01	8.95e-02	1.62e-03
 1.11683e+16	9.10e-01	8.80e-02	1.57e-03
 1.11835e+16	9.12e-01	8.67e-02	1.52e-03
 1.11984e+16	9.13e-01	8.53e-02	1.47e-03
 1.12133e+16	9.15e-01	8.40e-02	1.42e-03
 1.12282e+16	9.16e-01	8.28e-02	1.38e-03
 1.12430e+16	9.17e-01	8.15e-02	1.33e-03
 1.12578e+16	9.18e-01	8.03e-02	1.29e-03
 1.12726e+16	9.20e-01	7.91e-02	1.25e-03
 1.12874e+16	9.21e-01	7.79e-02	1.21e-03
 1.13024e+16	9.22e-01	7.67e-02	1.17e-03
 1.13175e+16	9.23e-01	7.56e-02	1.13e-03
 1.13329e+16	9.25e-01	7.44e-02	1.10e-03
 1.13490e+16	9.26e-01	7.32e-02	1.06e-03
 1.13656e+16	9.27e-01	7.20e-02	1.02e-03
 1.13829e+16	9.28e-01	7.07e-02	9.87e-04
 1.14009e+16	9.30e-01	6.94e-02	9.50e-04
 1.14199e+16	9.31e-01	6.81e-02	9.13e-04
 1.14405e+16	9.32e-01	6.67e-02	8.74e-04
 1.14631e+16	9.34e-01	6.52e-02	8.32e-04
 1.14889e+16	9.36e-01	6.35e-02	7.88e-04
 1.15178e+16	9.38e-01	6.17e-02	7.41e-04
 1.15473e+16	9.39e-01	5.99e-02	6.96e-04
 1.15749e+16	9.41e-01	5.83e-02	6.58e-04
 1.15999e+16	9.42e-01	5.69e-02	6.25e-04
 1.16228e+16	9.44e-01	5.56e-02	5.96e-04
 1.16435e+16	9.45e-01	5.45e-02	5.71e-04
 1.16624e+16	9.46e-01	5.35e-02	5.49e-04
 1.16796e+16	9.47e-01	5.26e-02	5.30e-04
 1.16953e+16	9.48e-01	5.17e-02	5.11e-04
 1.17095e+16	9.48e-01	5.10e-02	4.96e-04
 1.17251e+16	9.49e-01	5.02e-02	4.80e-04
 1.17454e+16	9.50e-01	4.91e-02	4.59e-04
 1.17673e+16	9.51e-01	4.81e-02	4.38e-04
 1.17873e+16	9.52e-01	4.71e-02	4.21e-04
 1.18054e+16	9.53e-01	4.62e-02	4.04e-04
 1.18219e+16	9.54e-01	4.54e-02	3.90e-04
 1.18369e+16	9.55e-01	4.47e-02	3.77e-04
 1.18506e+16	9.56e-01	4.41e-02	3.66e-04
 1.18630e+16	9.56e-01	4.35e-02	3.56e-04
 1.18767e+16	9.57e-01	4.28e-02	3.44e-04
 1.18914e+16	9.57e-01	4.22e-02	3.34e-04
 1.19048e+16	9.58e-01	4.16e-02	3.24e-04
 1.19169e+16	9.59e-01	4.10e-02	3.15e-04
 1.19303e+16	9.59e-01	4.04e-02	3.05e-04
 1.19447e+16	9.60e-01	3.98e-02	2.96e-04
 1.19578e+16	9.61e-01	3.92e-02	2.87e-04
 1.19698e+16	9.61e-01	3.87e-02	2.79e-04
 1.19806e+16	9.62e-01	3.82e-02	2.72e-04
 1.19925e+16	9.62e-01	3.77e-02	2.64e-04
 1.20054e+16	9.63e-01	3.71e-02	2.56e-04
 1.20171e+16	9.63e-01	3.67e-02	2.50e-04
 1.20277e+16	9.64e-01	3.62e-02	2.43e-04
 1.20394e+16	9.64e-01	3.57e-02	2.36e-04
 1.20520e+16	9.65e-01	3.52e-02	2.30e-04
 1.20634e+16	9.65e-01	3.47e-02	2.23e-04
 1.20738e+16	9.65e-01	3.43e-02	2.18e-04
 1.20853e+16	9.66e-01	3.38e-02	2.12e-04
 1.20976e+16	9.66e-01	3.34e-02	2.06e-04
 1.21088e+16	9.67e-01	3.29e-02	2.01e-04
 1.21190e+16	9.67e-01	3.26e-02	1.96e-04
 1.21302e+16	9.68e-01	3.21e-02	1.90e-04
 1.21423e+16	9.68e-01	3.17e-02	1.85e-04
 1.21533e+16	9.69e-01	3.13e-02	1.80e-04
 1.21633e+16	9.69e-01	3.09e-02	1.76e-04
 1.21743e+16	9.69e-01	3.05e-02	1.71e-04
 1.21861e+16	9.70e-01	3.01e-02	1.67e-04
 1.21969e+16	9.70e-01	2.97e-02	1.63e-04
 1.22087e+16	9.71e-01	2.93e-02	1.58e-04
 1.22214e+16	9.71e-01	2.89e-02	1.54e-04
 1.22330e+16	9.71e-01	2.85e-02	1.49e-04
 1.22436e+16	9.72e-01	2.82e-02	1.46e-04
 1.22551e+16	9.72e-01	2.78e-02	1.42e-04
 1.22676e+16	9.72e-01	2.74e-02	1.38e-04
 1.22790e+16	9.73e-01	2.71e-02	1.35e-04
 1.22914e+16	9.73e-01	2.67e-02	1.31e-04
 1.23049e+16	9.74e-01	2.63e-02	1.27e-04
 1.23171e+16	9.74e-01	2.59e-02	1.24e-04
 1.23305e+16	9.74e-01	2.56e-02	1.20e-04
 1.23449e+16	9.75e-01	2.52e-02	1.16e-04
 1.23581e+16	9.75e-01	2.48e-02	1.13e-04
 1.23701e+16	9.75e-01	2.45e-02	1.10e-04
 1.23832e+16	9.76e-01	2.41e-02	1.07e-04
 1.23974e+16	9.76e-01	2.38e-02	1.04e-04
 1.24103e+16	9.76e-01	2.35e-02	1.01e-04
 1.24244e+16	9.77e-01	2.31e-02	9.79e-05
 1.24397e+16	9.77e-01	2.27e-02	9.50e-05
 1.24535e+16	9.78e-01	2.24e-02	9.23e-05
 1.24662e+16	9.78e-01	2.21e-02	8.99e-05
 1.24800e+16	9.78e-01	2.18e-02	8.72e-05
 1.24950e+16	9.78e-01	2.15e-02	8.46e-05
 1.25086e+16	9.79e-01	2.12e-02	8.23e-05
 1.25235e+16	9.79e-01	2.08e-02	7.97e-05
 1.25396e+16	9.79e-01	2.05e-02	7.73e-05
 1.25542e+16	9.80e-01	2.02e-02	7.50e-05
 1.25702e+16	9.80e-01	1.99e-02	7.26e-05
 1.25876e+16	9.80e-01	1.95e-02	7.02e-05
 1.26033e+16	9.81e-01	1.92e-02	6.81e-05
 1.26177e+16	9.81e-01	1.90e-02	6.62e-05
 1.26334e+16	9.81e-01	1.87e-02	6.41e-05
 1.26504e+16	9.82e-01	1.84e-02	6.21e-05
 1.26658e+16	9.82e-01	1.81e-02	6.03e-05
 1.26827e+16	9.82e-01	1.78e-02	5.83e-05
 1.27010e+16	9.82e-01	1.75e-02	5.64e-05
 1.27176e+16	9.83e-01	1.72e-02	5.46e-05
 1.27358e+16	9.83e-01	1.69e-02	5.27e-05
 1.27555e+16	9.83e-01	1.66e-02	5.09e-05
 1.27734e+16	9.84e-01	1.63e-02	4.92e-05
 1.27897e+16	9.84e-01	1.61e-02	4.78e-05
 1.28075e+16	9.84e-01	1.58e-02	4.62e-05
 1.28268e+16	9.84e-01	1.55e-02	4.47e-05
 1.28443e+16	9.85e-01	1.53e-02	4.33e-05
 1.28635e+16	9.85e-01	1.50e-02	4.18e-05
 1.28842e+16	9.85e-01	1.48e-02	4.03e-05
 1.29031e+16	9.85e-01	1.45e-02	3.90e-05
 1.29238e+16	9.86e-01	1.42e-02	3.75e-05
 1.29461e+16	9.86e-01	1.40e-02	3.62e-05
 1.29664e+16	9.86e-01	1.37e-02	3.49e-05
 1.29887e+16	9.87e-01	1.35e-02	3.36e-05
 1.30127e+16	9.87e-01	1.32e-02	3.23e-05
 1.30346e+16	9.87e-01	1.29e-02	3.11e-05
 1.30586e+16	9.87e-01	1.27e-02	2.99e-05
 1.30844e+16	9.88e-01	1.24e-02	2.86e-05
 1.31080e+16	9.88e-01	1.22e-02	2.76e-05
 1.31294e+16	9.88e-01	1.20e-02	2.66e-05
 1.31529e+16	9.88e-01	1.17e-02	2.56e-05
 1.31782e+16	9.88e-01	1.15e-02	2.46e-05
 1.32013e+16	9.89e-01	1.13e-02	2.38e-05
 1.32266e+16	9.89e-01	1.11e-02	2.28e-05
 1.32538e+16	9.89e-01	1.08e-02	2.19e-05
 1.32787e+16	9.89e-01	1.06e-02	2.10e-05
 1.33059e+16	9.90e-01	1.04e-02	2.01e-05
 1.33353e+16	9.90e-01	1.02e-02	1.93e-05
 1.33620e+16	9.90e-01	9.96e-03	1.85e-05
 1.33913e+16	9.90e-01	9.73e-03	1.77e-05
 1.34229e+16	9.90e-01	9.50e-03	1.69e-05
 1.34517e+16	9.91e-01	9.30e-03	1.62e-05
 1.34832e+16	9.91e-01	9.08e-03	1.54e-05
 1.35172e+16	9.91e-01	8.86e-03	1.47e-05
 1.35482e+16	9.91e-01	8.67e-03	1.41e-05
 1.35822e+16	9.92e-01	8.45e-03	1.34e-05
 1.36188e+16	9.92e-01	8.23e-03	1.27e-05
 1.36522e+16	9.92e-01	8.05e-03	1.22e-05
 1.36887e+16	9.92e-01	7.84e-03	1.15e-05
 1.37282e+16	9.92e-01	7.62e-03	1.09e-05
 1.37641e+16	9.93e-01	7.44e-03	1.04e-05
 1.38034e+16	9.93e-01	7.24e-03	9.87e-06
 1.38459e+16	9.93e-01	7.03e-03	9.33e-06
 1.38845e+16	9.93e-01	6.86e-03	8.88e-06
 1.39269e+16	9.93e-01	6.66e-03	8.38e-06
 1.39819e+16	9.94e-01	6.41e-03	7.77e-06
 1.40454e+16	9.94e-01	6.15e-03	7.16e-06
 1.41095e+16	9.94e-01	5.90e-03	6.60e-06
 1.41741e+16	9.94e-01	5.67e-03	6.09e-06
 1.42412e+16	9.95e-01	5.43e-03	5.60e-06
 1.43114e+16	9.95e-01	5.20e-03	5.14e-06
 1.43839e+16	9.95e-01	4.97e-03	4.71e-06
 1.44588e+16	9.95e-01	4.75e-03	4.30e-06
 1.45364e+16	9.95e-01	4.54e-03	3.92e-06
 1.46168e+16	9.96e-01	4.33e-03	3.57e-06
 1.46994e+16	9.96e-01	4.12e-03	3.25e-06
 1.47832e+16	9.96e-01	3.93e-03	2.95e-06
 1.48684e+16	9.96e-01	3.74e-03	2.68e-06
 1.49550e+16	9.96e-01	3.57e-03	2.44e-06
 1.50433e+16	9.97e-01	3.39e-03	2.21e-06
 1.51332e+16	9.97e-01	3.23e-03	2.01e-06
 1.52234e+16	9.97e-01	3.08e-03	1.82e-06
 1.53149e+16	9.97e-01	2.93e-03	1.65e-06
 1.54095e+16	9.97e-01	2.79e-03	1.49e-06
 1.55065e+16	9.97e-01	2.65e-03	1.35e-06
 1.56048e+16	9.97e-01	2.51e-03	1.22e-06
 1.57046e+16	9.98e-01	2.39e-03	1.10e-06
 1.58065e+16	9.98e-01	2.26e-03	9.92e-07
 1.59104e+16	9.98e-01	2.15e-03	8.93e-07
 1.60161e+16	9.98e-01	2.04e-03	8.04e-07
 1.61237e+16	9.98e-01	1.93e-03	7.23e-07
 1.62334e+16	9.98e-01	1.83e-03	6.49e-07
 1.63453e+16	9.98e-01	1.73e-03	5.82e-07
 1.64595e+16	9.98e-01	1.64e-03	5.21e-07
 1.65760e+16	9.98e-01	1.55e-03	4.66e-07
 1.66948e+16	9.99e-01	1.46e-03	4.16e-07
 1.68161e+16	9.99e-01	1.38e-03	3.71e-07
 1.69399e+16	9.99e-01	1.30e-03	3.30e-07
 1.70665e+16	9.99e-01	1.22e-03	2.93e-07
 1.71958e+16	9.99e-01	1.15e-03	2.60e-07
 1.73282e+16	9.99e-01	1.08e-03	2.30e-07
 1.74636e+16	9.99e-01	1.02e-03	2.03e-07
 1.76023e+16	9.99e-01	9.56e-04	1.79e-07
 1.77444e+16	9.99e-01	8.96e-04	1.58e-07
 1.78902e+16	9.99e-01	8.39e-04	1.38e-07
 1.80398e+16	9.99e-01	7.85e-04	1.21e-07
 1.81936e+16	9.99e-01	7.32e-04	1.06e-07
 1.83517e+16	9.99e-01	6.83e-04	9.19e-08
 1.85144e+16	9.99e-01	6.36e-04	7.98e-08
 1.86787e+16	9.99e-01	5.92e-04	6.93e-08
 1.88474e+16	9.99e-01	5.50e-04	5.99e-08
 1.90264e+16	9.99e-01	5.09e-04	5.13e-08
 1.92136e+16	1.00e+00	4.70e-04	4.37e-08
 1.94069e+16	1.00e+00	4.32e-04	3.70e-08
 1.96071e+16	1.00e+00	3.97e-04	3.13e-08
 1.98159e+16	1.00e+00	3.63e-04	2.62e-08
 2.00346e+16	1.00e+00	3.31e-04	2.18e-08
 2.02640e+16	1.00e+00	3.01e-04	1.80e-08
 2.05055e+16	1.00e+00	2.72e-04	1.47e-08
 2.07613e+16	1.00e+00	2.45e-04	1.19e-08
 2.10353e+16	1.00e+00	2.18e-04	9.51e-09
 2.13241e+16	1.00e+00	1.94e-04	7.51e-09
 2.16328e+16	1.00e+00	1.71e-04	5.84e-09
 2.19716e+16	1.00e+00	1.49e-04	4.44e-09
 2.23404e+16	1.00e+00	1.28e-04	3.30e-09
 2.27449e+16	1.00e+00	1.09e-04	2.39e-09
 2.31962e+16	1.00e+00	9.14e-05	1.67e-09
 2.37015e+16	1.00e+00	7.49e-05	1.13e-09
 2.42845e+16	1.00e+00	5.97e-05	7.15e-10
 2.49315e+16	1.00e+00	4.67e-05	4.39e-10
 2.55838e+16	1.00e+00	3.68e-05	2.72e-10
 2.62237e+16	1.00e+00	2.91e-05	1.71e-10
 2.68640e+16	1.00e+00	2.32e-05	1.08e-10
 2.75152e+16	1.00e+00	1.84e-05	6.86e-11
 2.81794e+16	1.00e+00	1.46e-05	4.34e-11
 2.88564e+16	1.00e+00	1.16e-05	2.74e-11
 2.95432e+16	1.00e+00	9.25e-06	1.74e-11
 3.02422e+16	1.00e+00	7.36e-06	1.10e-11
 3.09567e+16	1.00e+00	5.86e-06	6.99e-12
 3.16868e+16	1.00e+00	4.66e-06	4.42e-12
 3.24332e+16	1.00e+00	3.70e-06	2.79e-12
 3.31939e+16	1.00e+00	2.94e-06	1.77e-12
 3.39719e+16	1.00e+00	2.33e-06	1.11e-12
 3.47712e+16	1.00e+00	1.85e-06	7.00e-13
 3.55924e+16	1.00e+00	1.46e-06	4.39e-13
 3.64372e+16	1.00e+00	1.15e-06	2.73e-13
 3.73086e+16	1.00e+00	9.08e-07	1.69e-13
 3.82111e+16	1.00e+00	7.12e-07	1.04e-13
 3.91507e+16	1.00e+00	5.55e-07	6.34e-14
 4.01349e+16	1.00e+00	4.30e-07	3.81e-14
 4.11741e+16	1.00e+00	3.30e-07	2.24e-14
 4.22835e+16	1.00e+00	2.50e-07	1.29e-14
 4.34849e+16	1.00e+00	1.86e-07	7.18e-15
 4.47635e+16	1.00e+00	1.38e-07	3.92e-15
 4.60655e+16	1.00e+00	1.02e-07	2.15e-15
 4.73602e+16	1.00e+00	7.60e-08	1.20e-15
 4.86473e+16	1.00e+00	5.72e-08	6.80e-16
 4.99308e+16	1.00e+00	4.34e-08	3.91e-16
 5.12063e+16	1.00e+00	3.31e-08	2.29e-16
 5.24665e+16	1.00e+00	2.55e-08	1.36e-16
 5.37061e+16	1.00e+00	1.99e-08	8.24e-17
 5.49199e+16	1.00e+00	1.56e-08	5.10e-17
 5.61039e+16	1.00e+00	1.24e-08	3.22e-17
 5.72548e+16	1.00e+00	9.96e-09	2.08e-17
 5.83696e+16	1.00e+00	8.08e-09	1.37e-17
 5.94460e+16	1.00e+00	6.62e-09	9.21e-18
 6.04822e+16	1.00e+00	5.49e-09	6.33e-18
 6.14772e+16	1.00e+00	4.59e-09	4.44e-18
 6.24310e+16	1.00e+00	3.88e-09	3.18e-18
 6.33436e+16	1.00e+00	3.31e-09	2.32e-18
 6.42153e+16	1.00e+00	2.85e-09	1.72e-18
 6.50467e+16	1.00e+00	2.48e-09	1.30e-18
 6.58393e+16	1.00e+00	2.17e-09	9.96e-19
 6.65942e+16	1.00e+00	1.91e-09	7.76e-19
 6.73129e+16	1.00e+00	1.70e-09	6.13e-19
 6.79967e+16	1.00e+00	1.52e-09	4.92e-19
 6.86469e+16	1.00e+00	1.37e-09	3.99e-19
 6.92650e+16	1.00e+00	1.24e-09	3.28e-19
 6.98526e+16	1.00e+00	1.13e-09	2.72e-19
 7.04112e+16	1.00e+00	1.04e-09	2.28e-19
 7.09421e+16	1.00e+00	9.53e-10	1.94e-19
 7.14468e+16	1.00e+00	8.81e-10	1.66e-19
 7.19264e+16	1.00e+00	8.18e-10	1.43e-19
 7.23826e+16	1.00e+00	7.63e-10	1.24e-19
 7.28165e+16	1.00e+00	7.14e-10	1.09e-19
 7.32291e+16	1.00e+00	6.70e-10	9.61e-20
 7.36215e+16	1.00e+00	6.32e-10	8.54e-20
 7.39948e+16	1.00e+00	5.97e-10	7.63e-20
 7.43503e+16	1.00e+00	5.66e-10	6.87e-20
 7.46893e+16	1.00e+00	5.38e-10	6.21e-20
 7.50123e+16	1.00e+00	5.13e-10	5.64e-20
 7.53203e+16	1.00e+00	4.90e-10	5.15e-20
 7.56141e+16	1.00e+00	4.69e-10	4.72e-20
 7.58945e+16	1.00e+00	4.50e-10	4.35e-20
 7.61625e+16	1.00e+00	4.33e-10	4.02e-20
 7.64189e+16	1.00e+00	4.17e-10	3.73e-20
 7.66644e+16	1.00e+00	4.02e-10	3.48e-20
 7.68996e+16	1.00e+00	3.89e-10	3.25e-20
 7.71253e+16	1.00e+00	3.76e-10	3.04e-20
 7.73420e+16	1.00e+00	3.65e-10	2.86e-20
 7.75505e+16	1.00e+00	3.54e-10	2.69e-20
 7.77514e+16	1.00e+00	3.44e-10	2.54e-20
 7.79454e+16	1.00e+00	3.34e-10	2.40e-20
 7.81329e+16	1.00e+00	3.25e-10	2.28e-20
 7.83148e+16	1.00e+00	3.17e-10	2.16e-20
 7.84914e+16	1.00e+00	3.09e-10	2.06e-20
 7.86635e+16	1.00e+00	3.01e-10	1.96e-20
 7.88318e+16	1.00e+00	2.94e-10	1.87e-20
 7.89968e+16	1.00e+00	2.87e-10	1.78e-20
 7.91593e+16	1.00e+00	2.81e-10	1.70e-20
 7.93201e+16	1.00e+00	2.75e-10	1.63e-20
 7.94798e+16	1.00e+00	2.68e-10	1.55e-20
 7.96395e+16	1.00e+00	2.62e-10	1.48e-20
 7.98002e+16	1.00e+00	2.56e-10	1.42e-20
 7.99631e+16	1.00e+00	2.50e-10	1.35e-20
 8.01296e+16	1.00e+00	2.45e-10	1.29e-20
 8.03015e+16	1.00e+00	2.39e-10	1.23e-20
 8.04807e+16	1.00e+00	2.33e-10	1.17e-20
 8.06702e+16	1.00e+00	2.27e-10	1.11e-20
 8.08736e+16	1.00e+00	2.20e-10	1.05e-20
 8.10957e+16	1.00e+00	2.13e-10	9.86e-21
 8.13432e+16	1.00e+00	2.06e-10	0.00e+00
 8.16257e+16	1.00e+00	1.98e-10	0.00e+00
 8.19575e+16	1.00e+00	1.89e-10	0.00e+00
 8.23609e+16	1.00e+00	1.78e-10	0.00e+00
 8.28711e+16	1.00e+00	1.66e-10	0.00e+00
 8.35320e+16	1.00e+00	1.51e-10	0.00e+00
 8.43911e+16	1.00e+00	1.34e-10	0.00e+00
 8.55081e+16	1.00e+00	1.15e-10	0.00e+00
 8.69600e+16	1.00e+00	9.40e-11	0.00e+00
 8.88476e+16	1.00e+00	7.30e-11	0.00e+00
 9.13015e+16	1.00e+00	5.29e-11	0.00e+00
 9.41095e+16	1.00e+00	3.72e-11	0.00e+00
 9.70955e+16	1.00e+00	2.58e-11	0.00e+00
 1.00225e+17	1.00e+00	1.78e-11	0.00e+00
 1.03355e+17	1.00e+00	1.24e-11	0.00e+00
 1.06485e+17	1.00e+00	8.75e-12	0.00e+00
 1.09615e+17	1.00e+00	6.22e-12	0.00e+00
 1.12745e+17	1.00e+00	4.47e-12	0.00e+00
 1.15875e+17	1.00e+00	3.24e-12	0.00e+00
 1.19005e+17	1.00e+00	2.37e-12	0.00e+00
 1.22135e+17	1.00e+00	1.75e-12	0.00e+00
 1.25265e+17	1.00e+00	1.31e-12	0.00e+00
 1.28395e+17	1.00e+00	9.90e-13	0.00e+00
 1.31923e+17	1.00e+00	7.27e-13	0.00e+00
 1.35926e+17	1.00e+00	5.22e-13	0.00e+00
 1.40084e+17	1.00e+00	3.77e-13	0.00e+00
 1.44956e+17	1.00e+00	2.64e-13	0.00e+00
 1.50664e+17	1.00e+00	1.77e-13	0.00e+00
 1.56294e+17	1.00e+00	1.23e-13	0.00e+00
 1.61152e+17	1.00e+00	9.47e-14	0.00e+00
 1.65211e+17	1.00e+00	7.90e-14	0.00e+00
 1.68825e+17	1.00e+00	6.79e-14	0.00e+00
 1.71855e+17	1.00e+00	5.97e-14	0.00e+00
 1.73918e+17	1.00e+00	5.52e-14	0.00e+00
 1.75141e+17	1.00e+00	5.31e-14	0.00e+00
 1.75867e+17	1.00e+00	5.20e-14	0.00e+00
 1.76302e+17	1.00e+00	5.14e-14	0.00e+00
 1.76584e+17	1.00e+00	5.10e-14	0.00e+00
 1.76819e+17	1.00e+00	5.06e-14	0.00e+00
 1.77064e+17	1.00e+00	5.03e-14	0.00e+00
 1.77348e+17	1.00e+00	4.98e-14	0.00e+00
 1.77645e+17	1.00e+00	4.94e-14	0.00e+00
 1.77896e+17	1.00e+00	4.89e-14	0.00e+00
 1.78094e+17	1.00e+00	4.86e-14	0.00e+00
 1.78275e+17	1.00e+00	4.83e-14	0.00e+00
 1.78470e+17	1.00e+00	4.80e-14	0.00e+00
 1.78678e+17	1.00e+00	4.76e-14	0.00e+00
 1.78869e+17	1.00e+00	4.73e-14	0.00e+00
 1.79021e+17	1.00e+00	4.70e-14	0.00e+00
 1.79150e+17	1.00e+00	4.68e-14	0.00e+00
 1.79291e+17	1.00e+00	4.66e-14	0.00e+00
 1.79456e+17	1.00e+00	4.63e-14	0.00e+00
 1.79607e+17	1.00e+00	4.60e-14	0.00e+00
 1.79723e+17	1.00e+00	4.58e-14	0.00e+00
 1.79831e+17	1.00e+00	4.56e-14	0.00e+00
 1.79959e+17	1.00e+00	4.54e-14	0.00e+00
 1.80092e+17	1.00e+00	4.51e-14	0.00e+00
 1.80206e+17	1.00e+00	4.49e-14	0.00e+00
 1.80302e+17	1.00e+00	4.47e-14	0.00e+00
 1.80399e+17	1.00e+00	4.46e-14	0.00e+00
 1.80498e+17	1.00e+00	4.44e-14	0.00e+00
 1.80602e+17	1.00e+00	4.42e-14	0.00e+00
 1.80707e+17	1.00e+00	4.39e-14	0.00e+00
 1.80803e+17	1.00e+00	4.37e-14	0.00e+00
 1.80891e+17	1.00e+00	4.36e-14	0.00e+00
 1.80981e+17	1.00e+00	4.34e-14	0.00e+00
 1.81074e+17	1.00e+00	4.32e-14	0.00e+00
 1.81165e+17	1.00e+00	4.30e-14	0.00e+00
 1.81255e+17	1.00e+00	4.29e-14	0.00e+00
 1.81347e+17	1.00e+00	4.27e-14	0.00e+00
 1.81441e+17	1.00e+00	4.24e-14	0.00e+00
 1.81532e+17	1.00e+00	4.22e-14	0.00e+00
 1.81618e+17	1.00e+00	4.21e-14	0.00e+00
 1.81709e+17	1.00e+00	4.19e-14	0.00e+00
 1.81805e+17	1.00e+00	4.17e-14	0.00e+00
 1.81899e+17	1.00e+00	4.14e-14	0.00e+00
 1.81991e+17	1.00e+00	4.12e-14	0.00e+00
 1.82088e+17	1.00e+00	4.10e-14	0.00e+00
 1.82188e+17	1.00e+00	4.08e-14	0.00e+00
 1.82290e+17	1.00e+00	4.05e-14	0.00e+00
 1.82391e+17	1.00e+00	4.03e-14	0.00e+00
 1.82495e+17	1.00e+00	4.01e-14	0.00e+00
 1.82603e+17	1.00e+00	3.98e-14	0.00e+00
 1.82714e+17	1.00e+00	3.96e-14	0.00e+00
 1.82825e+17	1.00e+00	3.93e-14	0.00e+00
 1.82930e+17	1.00e+00	3.91e-14	0.00e+00
 1.83042e+17	1.00e+00	3.88e-14	0.00e+00
 1.83175e+17	1.00e+00	3.85e-14	0.00e+00
 1.83312e+17	1.00e+00	3.82e-14	0.00e+00
 1.83432e+17	1.00e+00	3.79e-14	0.00e+00
 1.83549e+17	1.00e+00	3.76e-14	0.00e+00
 1.83676e+17	1.00e+00	3.73e-14	0.00e+00
 1.83817e+17	1.00e+00	3.70e-14	0.00e+00
 1.83970e+17	1.00e+00	3.66e-14	0.00e+00
 1.84121e+17	1.00e+00	3.63e-14	0.00e+00
 1.84265e+17	1.00e+00	3.59e-14	0.00e+00
 1.84407e+17	1.00e+00	3.56e-14	0.00e+00
 1.84555e+17	1.00e+00	3.52e-14	0.00e+00
 1.84714e+17	1.00e+00	3.49e-14	0.00e+00
 1.84885e+17	1.00e+00	3.45e-14	0.00e+00
 1.85060e+17	1.00e+00	3.40e-14	0.00e+00
 1.85232e+17	1.00e+00	3.36e-14	0.00e+00
 1.85404e+17	1.00e+00	3.32e-14	0.00e+00
 1.85588e+17	1.00e+00	3.28e-14	0.00e+00
 1.85782e+17	1.00e+00	3.23e-14	0.00e+00
 1.85982e+17	1.00e+00	3.19e-14	0.00e+00
 1.86184e+17	1.00e+00	3.14e-14	0.00e+00
 1.86388e+17	1.00e+00	3.09e-14	0.00e+00
 1.86597e+17	1.00e+00	3.05e-14	0.00e+00
 1.86817e+17	1.00e+00	3.00e-14	0.00e+00
 1.87053e+17	1.00e+00	2.94e-14	0.00e+00
 1.87294e+17	1.00e+00	2.89e-14	0.00e+00
 1.87522e+17	1.00e+00	2.84e-14	0.00e+00
 1.87761e+17	1.00e+00	2.78e-14	0.00e+00
 1.88030e+17	1.00e+00	2.72e-14	0.00e+00
 1.88299e+17	1.00e+00	2.66e-14	0.00e+00
 1.88563e+17	1.00e+00	2.61e-14	0.00e+00
 1.88833e+17	1.00e+00	2.55e-14	0.00e+00
 1.89115e+17	1.00e+00	2.49e-14	0.00e+00
 1.89410e+17	1.00e+00	2.43e-14	0.00e+00
 1.89713e+17	1.00e+00	2.37e-14	0.00e+00
 1.90021e+17	1.00e+00	2.30e-14	0.00e+00
 1.90334e+17	1.00e+00	2.24e-14	0.00e+00
 1.90658e+17	1.00e+00	2.17e-14	0.00e+00
 1.90989e+17	1.00e+00	2.11e-14	0.00e+00
 1.91324e+17	1.00e+00	2.04e-14	0.00e+00
 1.91669e+17	1.00e+00	1.98e-14	0.00e+00
 1.92034e+17	1.00e+00	1.91e-14	0.00e+00
 1.92420e+17	1.00e+00	1.84e-14	0.00e+00
 1.92804e+17	1.00e+00	1.78e-14	0.00e+00
 1.93186e+17	1.00e+00	1.71e-14	0.00e+00
 1.93577e+17	1.00e+00	1.64e-14	0.00e+00
 1.93979e+17	1.00e+00	1.58e-14	0.00e+00
 1.94402e+17	1.00e+00	1.51e-14	0.00e+00
 1.94844e+17	1.00e+00	1.44e-14	0.00e+00
 1.95294e+17	1.00e+00	1.37e-14	0.00e+00
 1.95755e+17	1.00e+00	1.31e-14	0.00e+00
 1.96229e+17	1.00e+00	1.24e-14	0.00e+00
 1.96726e+17	1.00e+00	1.18e-14	0.00e+00
 1.97236e+17	1.00e+00	1.11e-14	0.00e+00
 1.97755e+17	1.00e+00	1.05e-14	0.00e+00
 1.98300e+17	1.00e+00	9.88e-15	0.00e+00
 1.98868e+17	1.00e+00	9.25e-15	0.00e+00
 1.99456e+17	1.00e+00	8.65e-15	0.00e+00
 2.00072e+17	1.00e+00	8.06e-15	0.00e+00
 2.00691e+17	1.00e+00	7.47e-15	0.00e+00
 2.01254e+17	1.00e+00	6.96e-15	0.00e+00
 2.01741e+17	1.00e+00	6.53e-15	0.00e+00
 2.02182e+17	1.00e+00	6.18e-15	0.00e+00
 2.02612e+17	1.00e+00	5.86e-15	0.00e+00
 2.03043e+17	1.00e+00	5.55e-15	0.00e+00
 2.03463e+17	1.00e+00	5.25e-15	0.00e+00
 2.03854e+17	1.00e+00	4.98e-15	0.00e+00
 2.04216e+17	1.00e+00	4.74e-15	0.00e+00
 2.04557e+17	1.00e+00	4.52e-15	0.00e+00
 2.04887e+17	1.00e+00	4.32e-15	0.00e+00
 2.05205e+17	1.00e+00	4.13e-15	0.00e+00
 2.05506e+17	1.00e+00	3.96e-15	0.00e+00
 2.05789e+17	1.00e+00	3.79e-15	0.00e+00
 2.06056e+17	1.00e+00	3.64e-15	0.00e+00
 2.06311e+17	1.00e+00	3.50e-15	0.00e+00
 2.06556e+17	1.00e+00	3.38e-15	0.00e+00
 2.06792e+17	1.00e+00	3.26e-15	0.00e+00
 2.07019e+17	1.00e+00	3.15e-15	0.00e+00
 2.07236e+17	1.00e+00	3.04e-15	0.00e+00
 2.07446e+17	1.00e+00	2.95e-15	0.00e+00
 2.07649e+17	1.00e+00	2.86e-15	0.00e+00
 2.07846e+17	1.00e+00	2.77e-15	0.00e+00
 2.08037e+17	1.00e+00	2.69e-15	0.00e+00
 2.08222e+17	1.00e+00	2.61e-15	0.00e+00
 2.08404e+17	1.00e+00	2.54e-15	0.00e+00
 2.08581e+17	1.00e+00	2.47e-15	0.00e+00
 2.08754e+17	1.00e+00	2.40e-15	0.00e+00
 2.08924e+17	1.00e+00	2.34e-15	0.00e+00
 2.09090e+17	1.00e+00	2.28e-15	0.00e+00
 2.09254e+17	1.00e+00	2.22e-15	0.00e+00
 2.09415e+17	1.00e+00	2.16e-15	0.00e+00
 2.09598e+17	1.00e+00	2.11e-15	0.00e+00
 2.09837e+17	1.00e+00	2.04e-15	0.00e+00
 2.10147e+17	1.00e+00	1.95e-15	0.00e+00
 2.10550e+17	1.00e+00	1.84e-15	0.00e+00
 2.11075e+17	1.00e+00	1.71e-15	0.00e+00
 2.11741e+17	1.00e+00	1.56e-15	0.00e+00
 2.12470e+17	1.00e+00	1.40e-15	0.00e+00
 2.13126e+17	1.00e+00	1.26e-15	0.00e+00
 2.13674e+17	1.00e+00	1.16e-15	0.00e+00
 2.14179e+17	1.00e+00	1.08e-15	0.00e+00
 2.14708e+17	1.00e+00	1.00e-15	0.00e+00
 2.15284e+17	1.00e+00	9.29e-16	0.00e+00
 2.15877e+17	1.00e+00	8.56e-16	0.00e+00
 2.16454e+17	1.00e+00	7.93e-16	0.00e+00
 2.17013e+17	1.00e+00	7.37e-16	0.00e+00
 2.17579e+17	1.00e+00	6.86e-16	0.00e+00
 2.18177e+17	1.00e+00	6.38e-16	0.00e+00
 2.18815e+17	1.00e+00	5.91e-16	0.00e+00
 2.19485e+17	1.00e+00	5.46e-16	0.00e+00
 2.20188e+17	1.00e+00	5.03e-16	0.00e+00
 2.20943e+17	1.00e+00	4.63e-16	0.00e+00
 2.21786e+17	1.00e+00	4.23e-16	0.00e+00
 2.22771e+17	1.00e+00	3.81e-16	0.00e+00
 2.23972e+17	1.00e+00	3.38e-16	0.00e+00
 2.25506e+17	1.00e+00	2.92e-16	0.00e+00
 2.27499e+17	1.00e+00	2.43e-16	0.00e+00
 2.30090e+17	1.00e+00	1.93e-16	0.00e+00
 2.33458e+17	1.00e+00	1.45e-16	0.00e+00
 2.37837e+17	1.00e+00	1.02e-16	0.00e+00
 2.43530e+17	1.00e+00	6.66e-17	0.00e+00
 2.50930e+17	1.00e+00	3.89e-17	0.00e+00
 2.60215e+17	1.00e+00	2.04e-17	0.00e+00
 2.70624e+17	1.00e+00	1.01e-17	0.00e+00
 2.80526e+17	1.00e+00	5.11e-18	0.00e+00
 2.88926e+17	1.00e+00	2.95e-18	0.00e+00
 2.96180e+17	1.00e+00	1.78e-18	0.00e+00
 3.04114e+17	1.00e+00	1.05e-18	0.00e+00
 3.12912e+17	1.00e+00	5.89e-19	0.00e+00
 3.20588e+17	1.00e+00	3.59e-19	0.00e+00
 3.26755e+17	1.00e+00	2.41e-19	0.00e+00
 3.33204e+17	1.00e+00	1.57e-19	0.00e+00
 3.40310e+17	1.00e+00	9.77e-20	0.00e+00
 3.46719e+17	1.00e+00	6.34e-20	0.00e+00
 3.53503e+17	1.00e+00	3.95e-20	0.00e+00
 3.62321e+17	1.00e+00	2.10e-20	0.00e+00
 3.70296e+17	1.00e+00	1.16e-20	0.00e+00
 3.75081e+17	1.00e+00	7.89e-21	0.00e+00
 3.77952e+17	1.00e+00	6.17e-21	0.00e+00
 3.79674e+17	1.00e+00	5.27e-21	0.00e+00
 3.80708e+17	1.00e+00	4.77e-21	0.00e+00
 3.81328e+17	1.00e+00	4.49e-21	0.00e+00
 3.81700e+17	1.00e+00	4.34e-21	0.00e+00
 3.81940e+17	1.00e+00	4.25e-21	0.00e+00
 3.82154e+17	1.00e+00	4.17e-21	0.00e+00
 3.82414e+17	1.00e+00	4.07e-21	0.00e+00
 3.82752e+17	1.00e+00	3.92e-21	0.00e+00
 3.83142e+17	1.00e+00	3.76e-21	0.00e+00
 3.83495e+17	1.00e+00	3.62e-21	0.00e+00
 3.83770e+17	1.00e+00	3.52e-21	0.00e+00
 3.84002e+17	1.00e+00	3.44e-21	0.00e+00
 3.84250e+17	1.00e+00	3.35e-21	0.00e+00
 3.84557e+17	1.00e+00	3.24e-21	0.00e+00
 3.84902e+17	1.00e+00	3.11e-21	0.00e+00
 3.85219e+17	1.00e+00	3.00e-21	0.00e+00
 3.85472e+17	1.00e+00	2.91e-21	0.00e+00
 3.85689e+17	1.00e+00	2.85e-21	0.00e+00
 3.85924e+17	1.00e+00	2.77e-21	0.00e+00
 3.86211e+17	1.00e+00	2.68e-21	0.00e+00
 3.86526e+17	1.00e+00	2.57e-21	0.00e+00
