#depth	C	C+	C+2	C+3	C+4	C+5	C+6	C[1]	C[2]	C[3]	C+[1]	C+[2]	CO
 1.49634e+10	8.43e-47	1.51e-35	2.29e-25	1.16e-15	2.03e-05	1.27e-01	8.73e-01	0.00e+00	0.00e+00	0.00e+00	0.00e+00	0.00e+00	7.20e-146
 4.54887e+10	0.00e+00	2.20e-35	3.10e-25	1.45e-15	2.34e-05	1.36e-01	8.64e-01	0.00e+00	0.00e+00	0.00e+00	0.00e+00	0.00e+00	4.96e-190
 7.72350e+10	2.12e-46	3.24e-35	4.21e-25	1.82e-15	2.72e-05	1.45e-01	8.55e-01	0.00e+00	0.00e+00	0.00e+00	0.00e+00	0.00e+00	7.46e-145
 1.10251e+11	0.00e+00	4.78e-35	5.73e-25	2.28e-15	3.15e-05	1.55e-01	8.45e-01	0.00e+00	0.00e+00	0.00e+00	0.00e+00	0.00e+00	2.70e-189
 1.41169e+11	5.14e-46	6.76e-35	7.54e-25	2.80e-15	3.60e-05	1.65e-01	8.35e-01	0.00e+00	0.00e+00	0.00e+00	0.00e+00	0.00e+00	6.93e-144
 1.68643e+11	0.00e+00	9.13e-35	9.58e-25	3.34e-15	4.04e-05	1.74e-01	8.26e-01	0.00e+00	0.00e+00	0.00e+00	0.00e+00	0.00e+00	1.41e-188
 1.99434e+11	1.10e-45	1.27e-34	1.24e-24	4.05e-15	4.58e-05	1.84e-01	8.16e-01	0.00e+00	0.00e+00	0.00e+00	0.00e+00	0.00e+00	4.66e-143
 2.36137e+11	0.00e+00	1.84e-34	1.67e-24	5.04e-15	5.27e-05	1.95e-01	8.04e-01	0.00e+00	0.00e+00	0.00e+00	0.00e+00	0.00e+00	5.45e-188
 2.72788e+11	2.65e-45	2.63e-34	2.22e-24	6.20e-15	6.02e-05	2.07e-01	7.93e-01	0.00e+00	0.00e+00	0.00e+00	0.00e+00	0.00e+00	4.35e-142
 3.06687e+11	0.00e+00	3.63e-34	2.86e-24	7.49e-15	6.80e-05	2.19e-01	7.81e-01	0.00e+00	0.00e+00	0.00e+00	0.00e+00	0.00e+00	2.79e-187
 3.44664e+11	5.97e-45	5.15e-34	3.78e-24	9.18e-15	7.76e-05	2.31e-01	7.69e-01	0.00e+00	0.00e+00	0.00e+00	0.00e+00	0.00e+00	3.36e-141
 3.88378e+11	0.00e+00	7.55e-34	5.11e-24	1.15e-14	8.95e-05	2.46e-01	7.54e-01	0.00e+00	0.00e+00	0.00e+00	0.00e+00	0.00e+00	1.18e-186
 4.31150e+11	1.47e-44	1.08e-33	6.80e-24	1.41e-14	1.02e-04	2.60e-01	7.40e-01	0.00e+00	0.00e+00	0.00e+00	0.00e+00	0.00e+00	3.30e-140
 4.75633e+11	0.00e+00	1.56e-33	9.08e-24	1.75e-14	1.17e-04	2.75e-01	7.25e-01	0.00e+00	0.00e+00	0.00e+00	0.00e+00	0.00e+00	6.07e-186
 5.24585e+11	3.63e-44	2.29e-33	1.23e-23	2.18e-14	1.35e-04	2.91e-01	7.09e-01	0.00e+00	0.00e+00	0.00e+00	0.00e+00	0.00e+00	3.28e-139
 5.73899e+11	0.00e+00	3.32e-33	1.65e-23	2.70e-14	1.54e-04	3.08e-01	6.92e-01	0.00e+00	0.00e+00	0.00e+00	0.00e+00	0.00e+00	3.05e-185
 6.25187e+11	8.94e-44	4.81e-33	2.21e-23	3.35e-14	1.77e-04	3.25e-01	6.75e-01	0.00e+00	0.00e+00	0.00e+00	0.00e+00	0.00e+00	3.24e-138
 6.80121e+11	0.00e+00	7.06e-33	2.99e-23	4.17e-14	2.03e-04	3.43e-01	6.57e-01	0.00e+00	0.00e+00	0.00e+00	0.00e+00	0.00e+00	1.49e-184
 7.37253e+11	2.26e-43	1.04e-32	4.04e-23	5.20e-14	2.34e-04	3.61e-01	6.39e-01	0.00e+00	0.00e+00	0.00e+00	0.00e+00	0.00e+00	3.45e-137
 7.96670e+11	0.00e+00	1.52e-32	5.46e-23	6.48e-14	2.68e-04	3.80e-01	6.20e-01	0.00e+00	0.00e+00	0.00e+00	0.00e+00	0.00e+00	7.33e-184
 8.58463e+11	5.74e-43	2.23e-32	7.38e-23	8.06e-14	3.08e-04	4.00e-01	6.00e-01	0.00e+00	0.00e+00	0.00e+00	0.00e+00	0.00e+00	3.70e-136
 9.22729e+11	0.00e+00	3.27e-32	9.98e-23	1.00e-13	3.53e-04	4.19e-01	5.80e-01	0.00e+00	0.00e+00	0.00e+00	0.00e+00	0.00e+00	3.33e-183
 9.89565e+11	1.45e-42	4.79e-32	1.35e-22	1.25e-13	4.04e-04	4.39e-01	5.60e-01	0.00e+00	0.00e+00	0.00e+00	0.00e+00	0.00e+00	3.98e-135
 1.05907e+12	0.00e+00	7.02e-32	1.82e-22	1.55e-13	4.62e-04	4.60e-01	5.40e-01	0.00e+00	0.00e+00	0.00e+00	0.00e+00	0.00e+00	1.25e-182
 1.12538e+12	3.55e-42	9.96e-32	2.40e-22	1.89e-13	5.22e-04	4.79e-01	5.21e-01	0.00e+00	0.00e+00	0.00e+00	0.00e+00	0.00e+00	3.91e-134
 1.18365e+12	0.00e+00	1.34e-31	3.03e-22	2.23e-13	5.79e-04	4.95e-01	5.05e-01	0.00e+00	0.00e+00	0.00e+00	0.00e+00	0.00e+00	4.10e-194
 1.24667e+12	7.50e-42	1.84e-31	3.88e-22	2.67e-13	6.47e-04	5.12e-01	4.88e-01	0.00e+00	0.00e+00	0.00e+00	0.00e+00	0.00e+00	2.65e-133
 1.32290e+12	0.00e+00	2.66e-31	5.17e-22	3.28e-13	7.34e-04	5.32e-01	4.68e-01	0.00e+00	0.00e+00	0.00e+00	0.00e+00	0.00e+00	0.00e+00
 1.40016e+12	1.81e-41	3.79e-31	6.83e-22	4.01e-13	8.29e-04	5.51e-01	4.48e-01	0.00e+00	0.00e+00	0.00e+00	0.00e+00	0.00e+00	2.54e-132
 1.47159e+12	0.00e+00	5.21e-31	8.76e-22	4.79e-13	9.24e-04	5.68e-01	4.31e-01	0.00e+00	0.00e+00	0.00e+00	0.00e+00	0.00e+00	0.00e+00
 1.55144e+12	4.08e-41	7.38e-31	1.15e-21	5.81e-13	1.04e-03	5.86e-01	4.13e-01	0.00e+00	0.00e+00	0.00e+00	0.00e+00	0.00e+00	2.04e-131
 1.64343e+12	0.00e+00	1.08e-30	1.55e-21	7.19e-13	1.18e-03	6.07e-01	3.92e-01	0.00e+00	0.00e+00	0.00e+00	0.00e+00	0.00e+00	0.00e+00
 1.73433e+12	1.01e-40	1.55e-30	2.06e-21	8.80e-13	1.33e-03	6.25e-01	3.73e-01	0.00e+00	0.00e+00	0.00e+00	0.00e+00	0.00e+00	2.13e-130
 1.82888e+12	0.00e+00	2.24e-30	2.73e-21	1.08e-12	1.51e-03	6.44e-01	3.55e-01	0.00e+00	0.00e+00	0.00e+00	0.00e+00	0.00e+00	0.00e+00
 1.93196e+12	2.54e-40	3.29e-30	3.68e-21	1.33e-12	1.71e-03	6.63e-01	3.35e-01	0.00e+00	0.00e+00	0.00e+00	0.00e+00	0.00e+00	2.25e-129
 2.03698e+12	0.00e+00	4.78e-30	4.93e-21	1.64e-12	1.93e-03	6.81e-01	3.17e-01	0.00e+00	0.00e+00	0.00e+00	0.00e+00	0.00e+00	0.00e+00
 2.14620e+12	6.36e-40	6.96e-30	6.60e-21	2.01e-12	2.18e-03	6.99e-01	2.99e-01	0.00e+00	0.00e+00	0.00e+00	0.00e+00	0.00e+00	2.41e-128
 2.26197e+12	0.00e+00	1.02e-29	8.89e-21	2.48e-12	2.47e-03	7.17e-01	2.81e-01	0.00e+00	0.00e+00	0.00e+00	0.00e+00	0.00e+00	0.00e+00
 2.38238e+12	1.63e-39	1.50e-29	1.20e-20	3.05e-12	2.79e-03	7.34e-01	2.64e-01	0.00e+00	0.00e+00	0.00e+00	0.00e+00	0.00e+00	2.73e-127
 2.50760e+12	0.00e+00	2.20e-29	1.61e-20	3.76e-12	3.14e-03	7.50e-01	2.47e-01	0.00e+00	0.00e+00	0.00e+00	0.00e+00	0.00e+00	0.00e+00
 2.62468e+12	3.99e-39	3.10e-29	2.10e-20	4.53e-12	3.50e-03	7.64e-01	2.33e-01	0.00e+00	0.00e+00	0.00e+00	0.00e+00	0.00e+00	2.76e-126
 2.72872e+12	0.00e+00	4.16e-29	2.64e-20	5.32e-12	3.84e-03	7.76e-01	2.21e-01	0.00e+00	0.00e+00	0.00e+00	0.00e+00	0.00e+00	0.00e+00
 2.84554e+12	8.55e-39	5.76e-29	3.40e-20	6.34e-12	4.24e-03	7.88e-01	2.08e-01	0.00e+00	0.00e+00	0.00e+00	0.00e+00	0.00e+00	1.98e-125
 2.98476e+12	0.00e+00	8.34e-29	4.53e-20	7.73e-12	4.75e-03	8.01e-01	1.94e-01	0.00e+00	0.00e+00	0.00e+00	0.00e+00	0.00e+00	0.00e+00
 3.12516e+12	2.11e-38	1.20e-28	5.98e-20	9.38e-12	5.30e-03	8.13e-01	1.81e-01	0.00e+00	0.00e+00	0.00e+00	0.00e+00	0.00e+00	2.05e-124
 3.25681e+12	0.00e+00	1.66e-28	7.70e-20	1.12e-11	5.85e-03	8.24e-01	1.70e-01	0.00e+00	0.00e+00	0.00e+00	0.00e+00	0.00e+00	0.00e+00
 3.40265e+12	4.85e-38	2.35e-28	1.01e-19	1.35e-11	6.50e-03	8.35e-01	1.59e-01	0.00e+00	0.00e+00	0.00e+00	0.00e+00	0.00e+00	1.78e-123
 3.56868e+12	0.00e+00	3.44e-28	1.35e-19	1.65e-11	7.28e-03	8.46e-01	1.47e-01	0.00e+00	0.00e+00	0.00e+00	0.00e+00	0.00e+00	0.00e+00
 3.73259e+12	1.22e-37	4.96e-28	1.79e-19	2.00e-11	8.10e-03	8.55e-01	1.37e-01	0.00e+00	0.00e+00	0.00e+00	0.00e+00	0.00e+00	1.94e-122
 3.90306e+12	0.00e+00	7.13e-28	2.38e-19	2.43e-11	9.01e-03	8.64e-01	1.27e-01	0.00e+00	0.00e+00	0.00e+00	0.00e+00	0.00e+00	0.00e+00
 4.06996e+12	2.92e-37	1.01e-27	3.10e-19	2.92e-11	9.96e-03	8.72e-01	1.18e-01	0.00e+00	0.00e+00	0.00e+00	0.00e+00	0.00e+00	1.89e-121
 4.21323e+12	0.00e+00	1.34e-27	3.86e-19	3.39e-11	1.08e-02	8.78e-01	1.11e-01	0.00e+00	0.00e+00	0.00e+00	0.00e+00	0.00e+00	0.00e+00
 4.36863e+12	6.04e-37	1.81e-27	4.87e-19	3.98e-11	1.18e-02	8.84e-01	1.04e-01	0.00e+00	0.00e+00	0.00e+00	0.00e+00	0.00e+00	1.24e-120
 4.56055e+12	0.00e+00	2.59e-27	6.42e-19	4.81e-11	1.31e-02	8.91e-01	9.58e-02	0.00e+00	0.00e+00	0.00e+00	0.00e+00	0.00e+00	0.00e+00
 4.75633e+12	1.46e-36	3.69e-27	8.44e-19	5.79e-11	1.44e-02	8.97e-01	8.86e-02	0.00e+00	0.00e+00	0.00e+00	0.00e+00	0.00e+00	1.23e-119
 4.93117e+12	0.00e+00	5.00e-27	1.07e-18	6.80e-11	1.57e-02	9.02e-01	8.26e-02	0.00e+00	0.00e+00	0.00e+00	0.00e+00	0.00e+00	0.00e+00
 5.12241e+12	3.17e-36	6.91e-27	1.37e-18	8.06e-11	1.72e-02	9.06e-01	7.68e-02	0.00e+00	0.00e+00	0.00e+00	0.00e+00	0.00e+00	9.23e-119
 5.35008e+12	0.00e+00	1.00e-26	1.82e-18	9.80e-11	1.91e-02	9.10e-01	7.04e-02	0.00e+00	0.00e+00	0.00e+00	0.00e+00	0.00e+00	0.00e+00
 5.57623e+12	7.79e-36	1.43e-26	2.40e-18	1.18e-10	2.11e-02	9.14e-01	6.48e-02	0.00e+00	0.00e+00	0.00e+00	0.00e+00	0.00e+00	9.54e-118
 5.78383e+12	0.00e+00	1.96e-26	3.06e-18	1.39e-10	2.30e-02	9.17e-01	6.01e-02	0.00e+00	0.00e+00	0.00e+00	0.00e+00	0.00e+00	0.00e+00
 6.01618e+12	1.75e-35	2.75e-26	3.98e-18	1.67e-10	2.52e-02	9.19e-01	5.54e-02	0.00e+00	0.00e+00	0.00e+00	0.00e+00	0.00e+00	7.83e-117
 6.28542e+12	0.00e+00	4.02e-26	5.34e-18	2.03e-10	2.80e-02	9.22e-01	5.04e-02	0.00e+00	0.00e+00	0.00e+00	0.00e+00	0.00e+00	5.60e-100
 6.54944e+12	4.38e-35	5.76e-26	7.05e-18	2.46e-10	3.09e-02	9.23e-01	4.62e-02	0.00e+00	0.00e+00	0.00e+00	0.00e+00	0.00e+00	0.00e+00
 6.80036e+12	0.00e+00	8.00e-26	9.10e-18	2.92e-10	3.37e-02	9.24e-01	4.25e-02	0.00e+00	0.00e+00	0.00e+00	0.00e+00	0.00e+00	6.35e-133
 7.07864e+12	1.01e-34	1.14e-25	1.20e-17	3.51e-10	3.71e-02	9.24e-01	3.89e-02	0.00e+00	0.00e+00	0.00e+00	0.00e+00	0.00e+00	2.32e-97
 7.38427e+12	1.61e-34	1.65e-25	1.60e-17	4.28e-10	4.10e-02	9.24e-01	3.53e-02	0.00e+00	0.00e+00	0.00e+00	0.00e+00	0.00e+00	0.00e+00
 7.68060e+12	2.46e-34	2.33e-25	2.09e-17	5.14e-10	4.50e-02	9.23e-01	3.23e-02	0.00e+00	0.00e+00	0.00e+00	0.00e+00	0.00e+00	7.46e-114
 7.99621e+12	3.82e-34	3.33e-25	2.76e-17	6.19e-10	4.95e-02	9.21e-01	2.94e-02	0.00e+00	0.00e+00	0.00e+00	0.00e+00	0.00e+00	4.15e-96
 8.34599e+12	6.09e-34	4.86e-25	3.70e-17	7.57e-10	5.47e-02	9.19e-01	2.66e-02	0.00e+00	0.00e+00	0.00e+00	0.00e+00	0.00e+00	0.00e+00
 8.69626e+12	9.52e-34	6.98e-25	4.92e-17	9.18e-10	6.02e-02	9.16e-01	2.41e-02	0.00e+00	0.00e+00	0.00e+00	0.00e+00	0.00e+00	2.48e-112
 9.00497e+12	1.39e-33	9.50e-25	6.26e-17	1.08e-09	6.53e-02	9.13e-01	2.21e-02	0.00e+00	0.00e+00	0.00e+00	0.00e+00	0.00e+00	6.77e-95
 9.27279e+12	1.91e-33	1.23e-24	7.66e-17	1.24e-09	6.99e-02	9.10e-01	2.06e-02	0.00e+00	0.00e+00	0.00e+00	0.00e+00	0.00e+00	1.51e-111
 9.57422e+12	2.69e-33	1.63e-24	9.55e-17	1.44e-09	7.53e-02	9.06e-01	1.90e-02	0.00e+00	0.00e+00	0.00e+00	0.00e+00	0.00e+00	2.81e-94
 9.95444e+12	4.09e-33	2.29e-24	1.25e-16	1.73e-09	8.23e-02	9.00e-01	1.72e-02	0.00e+00	0.00e+00	0.00e+00	0.00e+00	0.00e+00	1.11e-110
 1.03458e+13	6.19e-33	3.21e-24	1.63e-16	2.07e-09	8.98e-02	8.95e-01	1.56e-02	0.00e+00	0.00e+00	0.00e+00	0.00e+00	0.00e+00	1.68e-93
 1.06685e+13	8.58e-33	4.19e-24	2.01e-16	2.39e-09	9.63e-02	8.89e-01	1.44e-02	0.00e+00	0.00e+00	0.00e+00	0.00e+00	0.00e+00	7.64e-110
 1.09934e+13	1.18e-32	5.42e-24	2.46e-16	2.74e-09	1.03e-01	8.84e-01	1.34e-02	0.00e+00	0.00e+00	0.00e+00	0.00e+00	0.00e+00	6.68e-93
 1.14155e+13	1.75e-32	7.49e-24	3.18e-16	3.26e-09	1.12e-01	8.76e-01	1.21e-02	0.00e+00	0.00e+00	0.00e+00	0.00e+00	0.00e+00	4.95e-109
 1.18542e+13	2.59e-32	1.03e-23	4.11e-16	3.88e-09	1.21e-01	8.68e-01	1.10e-02	0.00e+00	0.00e+00	0.00e+00	0.00e+00	0.00e+00	3.64e-92
 1.22245e+13	3.56e-32	1.34e-23	5.05e-16	4.46e-09	1.30e-01	8.60e-01	1.01e-02	0.00e+00	0.00e+00	0.00e+00	0.00e+00	0.00e+00	3.24e-108
 1.26160e+13	4.92e-32	1.75e-23	6.22e-16	5.13e-09	1.39e-01	8.52e-01	9.30e-03	0.00e+00	0.00e+00	0.00e+00	0.00e+00	0.00e+00	1.45e-91
 1.31089e+13	7.27e-32	2.40e-23	8.01e-16	6.09e-09	1.50e-01	8.41e-01	8.39e-03	0.00e+00	0.00e+00	0.00e+00	0.00e+00	0.00e+00	2.16e-107
 1.36224e+13	1.07e-31	3.30e-23	1.03e-15	7.23e-09	1.63e-01	8.30e-01	7.56e-03	0.00e+00	0.00e+00	0.00e+00	0.00e+00	0.00e+00	7.78e-91
 1.40832e+13	1.49e-31	4.34e-23	1.28e-15	8.36e-09	1.74e-01	8.19e-01	6.90e-03	0.00e+00	0.00e+00	0.00e+00	0.00e+00	0.00e+00	1.48e-106
 1.45871e+13	2.12e-31	5.76e-23	1.60e-15	9.73e-09	1.86e-01	8.08e-01	6.27e-03	0.00e+00	0.00e+00	0.00e+00	0.00e+00	0.00e+00	3.42e-90
 1.51843e+13	3.14e-31	7.96e-23	2.07e-15	1.16e-08	2.01e-01	7.93e-01	5.61e-03	0.00e+00	0.00e+00	0.00e+00	0.00e+00	0.00e+00	1.10e-105
 1.57775e+13	4.55e-31	1.08e-22	2.63e-15	1.36e-08	2.16e-01	7.79e-01	5.04e-03	0.00e+00	0.00e+00	0.00e+00	0.00e+00	0.00e+00	1.84e-89
 1.63272e+13	6.33e-31	1.41e-22	3.26e-15	1.57e-08	2.30e-01	7.65e-01	4.57e-03	0.00e+00	0.00e+00	0.00e+00	0.00e+00	0.00e+00	7.51e-105
 1.69430e+13	9.02e-31	1.89e-22	4.09e-15	1.82e-08	2.46e-01	7.50e-01	4.12e-03	0.00e+00	0.00e+00	0.00e+00	0.00e+00	0.00e+00	8.35e-89
 1.76506e+13	1.33e-30	2.59e-22	5.24e-15	2.15e-08	2.64e-01	7.32e-01	3.66e-03	0.00e+00	0.00e+00	0.00e+00	0.00e+00	0.00e+00	5.80e-104
 1.83453e+13	1.91e-30	3.48e-22	6.61e-15	2.51e-08	2.82e-01	7.15e-01	3.27e-03	0.00e+00	0.00e+00	0.00e+00	0.00e+00	0.00e+00	4.45e-88
 1.89493e+13	2.58e-30	4.45e-22	8.02e-15	2.85e-08	2.97e-01	7.00e-01	2.98e-03	0.00e+00	0.00e+00	0.00e+00	0.00e+00	0.00e+00	3.69e-103
 1.94591e+13	3.29e-30	5.43e-22	9.37e-15	3.16e-08	3.10e-01	6.87e-01	2.75e-03	0.00e+00	0.00e+00	0.00e+00	0.00e+00	0.00e+00	1.53e-87
 2.00108e+13	4.26e-30	6.69e-22	1.10e-14	3.52e-08	3.24e-01	6.73e-01	2.53e-03	0.00e+00	0.00e+00	0.00e+00	0.00e+00	0.00e+00	1.52e-102
 2.07279e+13	5.87e-30	8.68e-22	1.35e-14	4.02e-08	3.42e-01	6.56e-01	2.28e-03	0.00e+00	0.00e+00	0.00e+00	0.00e+00	0.00e+00	5.72e-87
 2.14769e+13	8.10e-30	1.13e-21	1.66e-14	4.60e-08	3.60e-01	6.38e-01	2.04e-03	0.00e+00	0.00e+00	0.00e+00	0.00e+00	0.00e+00	9.42e-102
 2.21141e+13	1.05e-29	1.40e-21	1.96e-14	5.12e-08	3.76e-01	6.22e-01	1.87e-03	0.00e+00	0.00e+00	0.00e+00	0.00e+00	0.00e+00	2.19e-86
 2.27892e+13	1.38e-29	1.73e-21	2.32e-14	5.71e-08	3.92e-01	6.06e-01	1.70e-03	0.00e+00	0.00e+00	0.00e+00	0.00e+00	0.00e+00	4.34e-101
 2.36491e+13	1.91e-29	2.26e-21	2.85e-14	6.53e-08	4.12e-01	5.86e-01	1.52e-03	0.00e+00	0.00e+00	0.00e+00	0.00e+00	0.00e+00	8.78e-86
 2.45396e+13	2.65e-29	2.95e-21	3.49e-14	7.44e-08	4.32e-01	5.66e-01	1.35e-03	0.00e+00	0.00e+00	0.00e+00	0.00e+00	0.00e+00	2.88e-100
 2.53144e+13	3.48e-29	3.67e-21	4.14e-14	8.30e-08	4.50e-01	5.49e-01	1.22e-03	0.00e+00	0.00e+00	0.00e+00	0.00e+00	0.00e+00	3.56e-85
 2.61488e+13	4.61e-29	4.61e-21	4.93e-14	9.27e-08	4.67e-01	5.31e-01	1.10e-03	0.00e+00	0.00e+00	0.00e+00	0.00e+00	0.00e+00	1.46e-99
 2.70837e+13	6.25e-29	5.89e-21	5.95e-14	1.05e-07	4.87e-01	5.12e-01	9.79e-04	0.00e+00	0.00e+00	0.00e+00	0.00e+00	0.00e+00	1.42e-84
 2.79630e+13	8.22e-29	7.34e-21	7.05e-14	1.16e-07	5.05e-01	4.94e-01	8.81e-04	0.00e+00	0.00e+00	0.00e+00	0.00e+00	0.00e+00	8.03e-99
 2.89200e+13	1.10e-28	9.25e-21	8.41e-14	1.30e-07	5.24e-01	4.76e-01	7.87e-04	0.00e+00	0.00e+00	0.00e+00	0.00e+00	0.00e+00	5.45e-84
 2.99795e+13	1.49e-28	1.18e-20	1.01e-13	1.46e-07	5.44e-01	4.56e-01	6.97e-04	0.00e+00	0.00e+00	0.00e+00	0.00e+00	0.00e+00	4.70e-98
 3.09613e+13	1.95e-28	1.47e-20	1.20e-13	1.62e-07	5.61e-01	4.38e-01	6.24e-04	0.00e+00	0.00e+00	0.00e+00	0.00e+00	0.00e+00	2.17e-83
 3.20265e+13	2.59e-28	1.84e-20	1.42e-13	1.80e-07	5.79e-01	4.20e-01	5.56e-04	0.00e+00	0.00e+00	0.00e+00	0.00e+00	0.00e+00	2.51e-97
 3.32222e+13	3.51e-28	2.35e-20	1.71e-13	2.02e-07	5.99e-01	4.00e-01	4.89e-04	0.00e+00	0.00e+00	0.00e+00	0.00e+00	0.00e+00	9.15e-83
 3.43466e+13	4.62e-28	2.93e-20	2.02e-13	2.24e-07	6.17e-01	3.83e-01	4.34e-04	0.00e+00	0.00e+00	0.00e+00	0.00e+00	0.00e+00	1.46e-96
 3.55676e+13	6.17e-28	3.69e-20	2.40e-13	2.48e-07	6.34e-01	3.65e-01	3.84e-04	0.00e+00	0.00e+00	0.00e+00	0.00e+00	0.00e+00	3.69e-82
 3.69337e+13	8.39e-28	4.71e-20	2.89e-13	2.78e-07	6.54e-01	3.46e-01	3.35e-04	0.00e+00	0.00e+00	0.00e+00	0.00e+00	0.00e+00	9.07e-96
 3.82172e+13	1.11e-27	5.88e-20	3.41e-13	3.07e-07	6.70e-01	3.30e-01	2.97e-04	0.00e+00	0.00e+00	0.00e+00	0.00e+00	0.00e+00	1.58e-81
 3.96140e+13	1.48e-27	7.41e-20	4.05e-13	3.41e-07	6.87e-01	3.12e-01	2.60e-04	0.00e+00	0.00e+00	0.00e+00	0.00e+00	0.00e+00	5.28e-95
 4.11775e+13	2.02e-27	9.49e-20	4.87e-13	3.81e-07	7.05e-01	2.95e-01	2.25e-04	0.00e+00	0.00e+00	0.00e+00	0.00e+00	0.00e+00	7.10e-81
 4.26621e+13	2.69e-27	1.19e-19	5.76e-13	4.20e-07	7.21e-01	2.79e-01	1.98e-04	0.00e+00	0.00e+00	0.00e+00	0.00e+00	0.00e+00	3.39e-94
 4.42553e+13	3.61e-27	1.50e-19	6.83e-13	4.65e-07	7.36e-01	2.63e-01	1.73e-04	0.00e+00	0.00e+00	0.00e+00	0.00e+00	0.00e+00	3.10e-80
 4.60554e+13	4.95e-27	1.92e-19	8.22e-13	5.18e-07	7.53e-01	2.47e-01	1.48e-04	0.00e+00	0.00e+00	0.00e+00	0.00e+00	0.00e+00	2.31e-93
 4.78361e+13	6.69e-27	2.44e-19	9.78e-13	5.73e-07	7.68e-01	2.32e-01	1.29e-04	0.00e+00	0.00e+00	0.00e+00	0.00e+00	0.00e+00	1.50e-79
 4.96880e+13	9.04e-27	3.09e-19	1.16e-12	6.33e-07	7.82e-01	2.18e-01	1.11e-04	0.00e+00	0.00e+00	0.00e+00	0.00e+00	0.00e+00	1.56e-92
 5.17054e+13	1.24e-26	3.96e-19	1.39e-12	7.02e-07	7.96e-01	2.04e-01	9.57e-05	0.00e+00	0.00e+00	0.00e+00	0.00e+00	0.00e+00	7.37e-79
 5.35994e+13	1.64e-26	4.94e-19	1.63e-12	7.69e-07	8.08e-01	1.92e-01	8.34e-05	0.00e+00	0.00e+00	0.00e+00	0.00e+00	0.00e+00	1.05e-91
 5.52813e+13	2.09e-26	5.96e-19	1.87e-12	8.32e-07	8.18e-01	1.82e-01	7.40e-05	0.00e+00	0.00e+00	0.00e+00	0.00e+00	0.00e+00	2.88e-78
 5.68530e+13	2.61e-26	7.08e-19	2.12e-12	8.92e-07	8.27e-01	1.73e-01	6.64e-05	0.00e+00	0.00e+00	0.00e+00	0.00e+00	0.00e+00	4.62e-91
 5.85899e+13	3.31e-26	8.52e-19	2.42e-12	9.61e-07	8.36e-01	1.64e-01	5.92e-05	0.00e+00	0.00e+00	0.00e+00	0.00e+00	0.00e+00	9.57e-78
 6.05456e+13	4.28e-26	1.04e-18	2.79e-12	1.04e-06	8.45e-01	1.55e-01	5.22e-05	0.00e+00	0.00e+00	0.00e+00	0.00e+00	0.00e+00	2.27e-90
 6.24149e+13	5.44e-26	1.25e-18	3.19e-12	1.12e-06	8.53e-01	1.47e-01	4.64e-05	0.00e+00	0.00e+00	0.00e+00	0.00e+00	0.00e+00	3.56e-77
 6.44744e+13	7.01e-26	1.53e-18	3.67e-12	1.21e-06	8.61e-01	1.39e-01	4.09e-05	0.00e+00	0.00e+00	0.00e+00	0.00e+00	0.00e+00	1.11e-89
 6.67572e+13	9.21e-26	1.89e-18	4.26e-12	1.31e-06	8.70e-01	1.30e-01	3.57e-05	0.00e+00	0.00e+00	0.00e+00	0.00e+00	0.00e+00	1.44e-76
 6.88799e+13	1.18e-25	2.28e-18	4.87e-12	1.41e-06	8.77e-01	1.23e-01	3.16e-05	0.00e+00	0.00e+00	0.00e+00	0.00e+00	0.00e+00	2.77e-76
 7.11888e+13	1.53e-25	2.78e-18	5.60e-12	1.52e-06	8.84e-01	1.16e-01	2.78e-05	0.00e+00	0.00e+00	0.00e+00	0.00e+00	0.00e+00	5.57e-76
 7.37685e+13	2.02e-25	3.45e-18	6.51e-12	1.65e-06	8.91e-01	1.09e-01	2.43e-05	0.00e+00	0.00e+00	0.00e+00	0.00e+00	0.00e+00	1.18e-75
 7.61921e+13	2.61e-25	4.20e-18	7.46e-12	1.78e-06	8.98e-01	1.02e-01	2.14e-05	0.00e+00	0.00e+00	0.00e+00	0.00e+00	0.00e+00	2.34e-75
 7.88348e+13	3.41e-25	5.16e-18	8.61e-12	1.92e-06	9.04e-01	9.60e-02	1.87e-05	0.00e+00	0.00e+00	0.00e+00	0.00e+00	0.00e+00	4.82e-75
 8.17655e+13	4.54e-25	6.42e-18	1.00e-11	2.08e-06	9.10e-01	8.98e-02	1.63e-05	0.00e+00	0.00e+00	0.00e+00	0.00e+00	0.00e+00	1.05e-74
 8.45004e+13	5.90e-25	7.83e-18	1.15e-11	2.24e-06	9.15e-01	8.45e-02	1.43e-05	0.00e+00	0.00e+00	0.00e+00	0.00e+00	0.00e+00	2.12e-74
 8.74854e+13	7.78e-25	9.67e-18	1.33e-11	2.41e-06	9.21e-01	7.93e-02	1.25e-05	0.00e+00	0.00e+00	0.00e+00	0.00e+00	0.00e+00	4.49e-74
 9.08347e+13	1.04e-24	1.21e-17	1.55e-11	2.62e-06	9.26e-01	7.38e-02	1.08e-05	0.00e+00	0.00e+00	0.00e+00	0.00e+00	0.00e+00	9.90e-74
 9.39921e+13	1.37e-24	1.49e-17	1.78e-11	2.82e-06	9.31e-01	6.93e-02	9.47e-06	0.00e+00	0.00e+00	0.00e+00	0.00e+00	0.00e+00	2.08e-73
 9.74120e+13	1.82e-24	1.84e-17	2.07e-11	3.04e-06	9.35e-01	6.48e-02	8.25e-06	0.00e+00	0.00e+00	0.00e+00	0.00e+00	0.00e+00	4.50e-73
 1.01250e+14	2.48e-24	2.33e-17	2.42e-11	3.30e-06	9.40e-01	6.03e-02	7.11e-06	0.00e+00	0.00e+00	0.00e+00	0.00e+00	0.00e+00	1.05e-72
 1.04938e+14	3.29e-24	2.89e-17	2.80e-11	3.56e-06	9.44e-01	5.64e-02	6.19e-06	0.00e+00	0.00e+00	0.00e+00	0.00e+00	0.00e+00	2.27e-72
 1.08861e+14	4.40e-24	3.61e-17	3.25e-11	3.84e-06	9.47e-01	5.26e-02	5.37e-06	0.00e+00	0.00e+00	0.00e+00	0.00e+00	0.00e+00	5.05e-72
 1.13245e+14	6.03e-24	4.57e-17	3.82e-11	4.17e-06	9.51e-01	4.88e-02	4.61e-06	0.00e+00	0.00e+00	0.00e+00	1.47e-17	3.10e-17	1.19e-71
 1.17620e+14	8.15e-24	5.74e-17	4.45e-11	4.51e-06	9.55e-01	4.55e-02	3.98e-06	0.00e+00	0.00e+00	0.00e+00	1.90e-17	3.83e-17	2.72e-71
 1.22170e+14	1.10e-23	7.20e-17	5.19e-11	4.88e-06	9.58e-01	4.23e-02	3.44e-06	0.00e+00	0.00e+00	0.00e+00	2.39e-17	4.81e-17	6.24e-71
 1.27087e+14	1.52e-23	9.15e-17	6.08e-11	5.28e-06	9.61e-01	3.93e-02	2.96e-06	0.00e+00	0.00e+00	0.00e+00	3.04e-17	6.11e-17	1.49e-70
 1.32200e+14	2.06e-23	1.15e-16	7.13e-11	5.73e-06	9.64e-01	3.64e-02	2.53e-06	0.00e+00	0.00e+00	0.00e+00	3.83e-17	7.71e-17	3.47e-70
 1.37518e+14	2.83e-23	1.46e-16	8.35e-11	6.21e-06	9.66e-01	3.38e-02	2.17e-06	0.00e+00	0.00e+00	0.00e+00	4.85e-17	9.77e-17	8.25e-70
 1.42185e+14	3.69e-23	1.79e-16	9.55e-11	6.64e-06	9.68e-01	3.17e-02	1.91e-06	0.00e+00	0.00e+00	0.00e+00	5.93e-17	1.19e-16	1.71e-69
 1.45870e+14	4.53e-23	2.09e-16	1.06e-10	7.00e-06	9.70e-01	3.02e-02	1.73e-06	0.00e+00	0.00e+00	0.00e+00	6.92e-17	1.39e-16	3.02e-69
 1.49846e+14	5.59e-23	2.44e-16	1.18e-10	7.39e-06	9.71e-01	2.87e-02	1.56e-06	0.00e+00	0.00e+00	0.00e+00	8.11e-17	1.63e-16	5.38e-69
 1.55015e+14	7.33e-23	2.99e-16	1.35e-10	7.91e-06	9.73e-01	2.69e-02	1.37e-06	0.00e+00	0.00e+00	0.00e+00	9.93e-17	2.00e-16	1.13e-68
 1.60617e+14	9.73e-23	3.71e-16	1.56e-10	8.50e-06	9.75e-01	2.51e-02	1.19e-06	0.00e+00	0.00e+00	0.00e+00	1.23e-16	2.48e-16	2.48e-68
 1.65674e+14	1.24e-22	4.45e-16	1.76e-10	9.05e-06	9.76e-01	2.37e-02	1.05e-06	0.00e+00	0.00e+00	0.00e+00	1.48e-16	2.97e-16	4.79e-68
 1.71139e+14	1.60e-22	5.40e-16	2.01e-10	9.66e-06	9.78e-01	2.22e-02	9.29e-07	0.00e+00	0.00e+00	0.00e+00	1.79e-16	3.61e-16	9.74e-68
 1.77727e+14	2.16e-22	6.78e-16	2.34e-10	1.04e-05	9.79e-01	2.07e-02	0.00e+00	0.00e+00	0.00e+00	0.00e+00	2.25e-16	4.53e-16	2.24e-67
 1.84327e+14	2.88e-22	8.40e-16	2.70e-10	1.12e-05	9.81e-01	1.92e-02	0.00e+00	0.00e+00	0.00e+00	0.00e+00	2.79e-16	5.62e-16	4.92e-67
 1.90342e+14	3.68e-22	1.01e-15	3.08e-10	1.20e-05	9.82e-01	1.81e-02	0.00e+00	0.00e+00	0.00e+00	0.00e+00	3.36e-16	6.77e-16	9.64e-67
 1.97046e+14	4.84e-22	1.24e-15	3.54e-10	1.28e-05	9.83e-01	1.69e-02	0.00e+00	0.00e+00	0.00e+00	0.00e+00	4.13e-16	8.31e-16	2.05e-66
 2.04866e+14	6.58e-22	1.57e-15	4.13e-10	1.39e-05	9.84e-01	1.57e-02	0.00e+00	0.00e+00	0.00e+00	0.00e+00	5.21e-16	1.05e-15	4.80e-66
 2.12197e+14	8.60e-22	1.93e-15	4.77e-10	1.49e-05	9.85e-01	1.46e-02	0.00e+00	0.00e+00	0.00e+00	0.00e+00	6.38e-16	1.29e-15	9.97e-66
 2.18534e+14	1.09e-21	2.30e-15	5.36e-10	1.58e-05	9.86e-01	1.38e-02	0.00e+00	0.00e+00	0.00e+00	0.00e+00	7.62e-16	1.54e-15	1.91e-65
 2.25523e+14	1.38e-21	2.75e-15	6.09e-10	1.69e-05	9.87e-01	1.29e-02	0.00e+00	0.00e+00	0.00e+00	0.00e+00	9.12e-16	1.84e-15	3.64e-65
 2.34078e+14	1.85e-21	3.44e-15	7.07e-10	1.82e-05	9.88e-01	1.20e-02	0.00e+00	0.00e+00	0.00e+00	0.00e+00	1.14e-15	2.30e-15	8.26e-65
 2.42735e+14	2.43e-21	4.24e-15	8.19e-10	1.96e-05	9.89e-01	1.12e-02	0.00e+00	0.00e+00	0.00e+00	0.00e+00	1.40e-15	2.83e-15	1.74e-64
 2.50465e+14	3.10e-21	5.11e-15	9.29e-10	2.09e-05	9.89e-01	1.05e-02	0.00e+00	0.00e+00	0.00e+00	0.00e+00	1.69e-15	3.42e-15	3.44e-64
 2.58923e+14	3.98e-21	6.17e-15	1.06e-09	2.24e-05	9.90e-01	9.84e-03	0.00e+00	0.00e+00	0.00e+00	0.00e+00	2.05e-15	4.13e-15	6.77e-64
 2.68993e+14	5.33e-21	7.71e-15	1.24e-09	2.42e-05	9.91e-01	9.11e-03	0.00e+00	0.00e+00	0.00e+00	0.00e+00	2.56e-15	5.16e-15	1.52e-63
 2.78941e+14	7.02e-21	9.52e-15	1.43e-09	2.60e-05	9.92e-01	8.47e-03	0.00e+00	0.00e+00	0.00e+00	0.00e+00	3.15e-15	6.37e-15	3.23e-63
 2.87971e+14	8.98e-21	1.15e-14	1.63e-09	2.77e-05	9.92e-01	7.95e-03	0.00e+00	0.00e+00	0.00e+00	0.00e+00	3.81e-15	7.69e-15	6.42e-63
 2.98023e+14	1.16e-20	1.39e-14	1.87e-09	2.98e-05	9.93e-01	7.42e-03	0.00e+00	0.00e+00	0.00e+00	0.00e+00	4.62e-15	9.33e-15	1.28e-62
 3.09794e+14	1.56e-20	1.75e-14	2.19e-09	3.22e-05	9.93e-01	6.86e-03	0.00e+00	0.00e+00	0.00e+00	0.00e+00	5.81e-15	1.17e-14	2.94e-62
 3.21411e+14	2.03e-20	2.15e-14	2.54e-09	3.48e-05	9.94e-01	6.36e-03	0.00e+00	0.00e+00	0.00e+00	0.00e+00	7.11e-15	1.44e-14	6.04e-62
 3.32275e+14	2.60e-20	2.60e-14	2.90e-09	3.72e-05	9.94e-01	5.95e-03	0.00e+00	0.00e+00	0.00e+00	0.00e+00	8.61e-15	1.74e-14	1.21e-61
 3.44379e+14	3.43e-20	3.22e-14	3.35e-09	4.00e-05	9.94e-01	5.54e-03	0.00e+00	0.00e+00	0.00e+00	0.00e+00	1.06e-14	2.15e-14	2.60e-61
 3.58184e+14	4.53e-20	3.99e-14	3.92e-09	4.34e-05	9.95e-01	5.11e-03	0.00e+00	0.00e+00	0.00e+00	0.00e+00	1.32e-14	2.67e-14	5.61e-61
 3.71086e+14	5.96e-20	4.92e-14	4.52e-09	4.66e-05	9.95e-01	4.76e-03	0.00e+00	0.00e+00	0.00e+00	0.00e+00	1.63e-14	3.29e-14	1.20e-60
 3.82577e+14	7.39e-20	5.81e-14	5.11e-09	4.96e-05	9.95e-01	4.47e-03	0.00e+00	0.00e+00	0.00e+00	0.00e+00	1.92e-14	3.89e-14	2.17e-60
 3.95521e+14	9.50e-20	7.06e-14	5.84e-09	5.31e-05	9.96e-01	4.18e-03	0.00e+00	0.00e+00	0.00e+00	0.00e+00	2.33e-14	4.72e-14	4.39e-60
 4.10908e+14	1.25e-19	8.70e-14	6.81e-09	5.75e-05	9.96e-01	3.86e-03	0.00e+00	0.00e+00	0.00e+00	0.00e+00	2.88e-14	5.82e-14	9.23e-60
 4.25905e+14	1.62e-19	1.07e-13	7.86e-09	6.18e-05	9.96e-01	3.59e-03	0.00e+00	0.00e+00	0.00e+00	0.00e+00	3.52e-14	7.13e-14	1.92e-59
 4.38183e+14	2.00e-19	1.26e-13	8.81e-09	6.55e-05	9.97e-01	3.39e-03	0.00e+00	0.00e+00	0.00e+00	0.00e+00	4.15e-14	8.41e-14	3.47e-59
 4.50495e+14	2.44e-19	1.47e-13	9.85e-09	6.93e-05	9.97e-01	3.20e-03	0.00e+00	0.00e+00	0.00e+00	0.00e+00	4.84e-14	9.82e-14	6.05e-59
 4.66501e+14	3.12e-19	1.77e-13	1.13e-08	7.44e-05	9.97e-01	2.98e-03	0.00e+00	0.00e+00	0.00e+00	0.00e+00	5.85e-14	1.19e-13	1.19e-58
 4.83075e+14	4.06e-19	2.17e-13	1.30e-08	7.99e-05	9.97e-01	2.78e-03	0.00e+00	0.00e+00	0.00e+00	0.00e+00	7.18e-14	1.46e-13	2.49e-58
 4.97027e+14	4.92e-19	2.53e-13	1.46e-08	8.47e-05	9.97e-01	2.62e-03	0.00e+00	0.00e+00	0.00e+00	0.00e+00	8.34e-14	1.69e-13	4.26e-58
 5.11805e+14	6.14e-19	3.00e-13	1.64e-08	8.99e-05	9.97e-01	2.47e-03	0.00e+00	0.00e+00	0.00e+00	0.00e+00	9.90e-14	2.01e-13	7.92e-58
 5.30576e+14	7.89e-19	3.64e-13	1.90e-08	9.69e-05	9.98e-01	2.29e-03	0.00e+00	0.00e+00	0.00e+00	0.00e+00	1.20e-13	2.44e-13	1.58e-57
 5.50007e+14	1.02e-18	4.46e-13	2.19e-08	1.04e-04	9.98e-01	2.13e-03	0.00e+00	0.00e+00	0.00e+00	0.00e+00	1.47e-13	2.99e-13	3.29e-57
 5.67017e+14	1.27e-18	5.30e-13	2.48e-08	1.11e-04	9.98e-01	2.00e-03	0.00e+00	0.00e+00	0.00e+00	0.00e+00	1.75e-13	3.55e-13	6.11e-57
 5.85409e+14	1.60e-18	6.33e-13	2.82e-08	1.18e-04	9.98e-01	1.87e-03	0.00e+00	0.00e+00	0.00e+00	0.00e+00	2.09e-13	4.24e-13	1.16e-56
 6.07736e+14	2.07e-18	7.73e-13	3.28e-08	1.28e-04	9.98e-01	1.73e-03	0.00e+00	0.00e+00	0.00e+00	0.00e+00	2.55e-13	5.19e-13	2.37e-56
 6.29961e+14	2.70e-18	9.51e-13	3.78e-08	1.38e-04	9.98e-01	1.61e-03	0.00e+00	0.00e+00	0.00e+00	0.00e+00	3.13e-13	6.38e-13	5.02e-56
 6.49676e+14	3.34e-18	1.12e-12	4.28e-08	1.47e-04	9.98e-01	1.51e-03	0.00e+00	0.00e+00	0.00e+00	0.00e+00	3.69e-13	7.53e-13	9.05e-56
 6.71343e+14	4.22e-18	1.35e-12	4.89e-08	1.57e-04	9.98e-01	1.41e-03	0.00e+00	0.00e+00	0.00e+00	0.00e+00	4.44e-13	9.06e-13	1.76e-55
 6.97276e+14	5.47e-18	1.65e-12	5.69e-08	1.70e-04	9.99e-01	1.31e-03	0.00e+00	0.00e+00	0.00e+00	0.00e+00	5.44e-13	1.11e-12	3.64e-55
 7.22975e+14	7.09e-18	2.03e-12	6.58e-08	1.83e-04	9.99e-01	1.21e-03	0.00e+00	0.00e+00	0.00e+00	0.00e+00	6.67e-13	1.36e-12	7.66e-55
 7.46286e+14	8.76e-18	2.40e-12	7.48e-08	1.95e-04	9.99e-01	1.13e-03	0.00e+00	0.00e+00	0.00e+00	0.00e+00	7.87e-13	1.61e-12	1.38e-54
 7.72274e+14	1.12e-17	2.90e-12	8.58e-08	2.10e-04	9.99e-01	1.06e-03	0.00e+00	0.00e+00	0.00e+00	0.00e+00	9.54e-13	1.95e-12	2.78e-54
 8.02717e+14	1.47e-17	3.59e-12	1.00e-07	2.27e-04	9.99e-01	9.73e-04	0.00e+00	0.00e+00	0.00e+00	0.00e+00	1.18e-12	2.41e-12	5.94e-54
 8.32650e+14	1.88e-17	4.38e-12	1.16e-07	2.45e-04	9.99e-01	9.02e-04	0.00e+00	0.00e+00	0.00e+00	0.00e+00	1.44e-12	2.94e-12	1.23e-53
 8.60706e+14	2.37e-17	5.24e-12	1.33e-07	2.63e-04	9.99e-01	8.40e-04	0.00e+00	0.00e+00	0.00e+00	0.00e+00	1.72e-12	3.52e-12	2.32e-53
 8.92089e+14	3.02e-17	6.37e-12	1.53e-07	2.83e-04	9.99e-01	7.80e-04	0.00e+00	0.00e+00	0.00e+00	0.00e+00	2.09e-12	4.28e-12	4.70e-53
 9.27803e+14	3.94e-17	7.85e-12	1.80e-07	3.08e-04	9.99e-01	7.17e-04	0.00e+00	0.00e+00	0.00e+00	0.00e+00	2.57e-12	5.28e-12	9.98e-53
 9.62914e+14	5.06e-17	9.61e-12	2.09e-07	3.33e-04	9.99e-01	6.63e-04	0.00e+00	4.20e-18	1.26e-17	2.11e-17	3.15e-12	6.46e-12	2.07e-52
 9.91613e+14	6.16e-17	1.12e-11	2.35e-07	3.54e-04	9.99e-01	6.22e-04	0.00e+00	5.12e-18	1.54e-17	2.57e-17	3.68e-12	7.55e-12	3.61e-52
 1.01412e+15	7.17e-17	1.27e-11	2.58e-07	3.72e-04	9.99e-01	5.93e-04	0.00e+00	5.96e-18	1.79e-17	2.99e-17	4.15e-12	8.52e-12	5.58e-52
 1.03877e+15	8.42e-17	1.44e-11	2.84e-07	3.91e-04	9.99e-01	5.63e-04	0.00e+00	7.01e-18	2.10e-17	3.52e-17	4.73e-12	9.71e-12	8.95e-52
 1.07082e+15	1.03e-16	1.70e-11	3.21e-07	4.18e-04	9.99e-01	5.27e-04	0.00e+00	8.59e-18	2.58e-17	4.31e-17	5.56e-12	1.14e-11	1.60e-51
 1.10539e+15	1.28e-16	2.01e-11	3.65e-07	4.48e-04	9.99e-01	4.92e-04	0.00e+00	1.06e-17	3.19e-17	5.33e-17	6.58e-12	1.35e-11	2.95e-51
 1.13636e+15	1.53e-16	2.33e-11	4.09e-07	4.75e-04	9.99e-01	4.63e-04	0.00e+00	1.27e-17	3.82e-17	6.39e-17	7.63e-12	1.57e-11	5.05e-51
 1.16970e+15	1.86e-16	2.72e-11	4.60e-07	5.07e-04	9.99e-01	4.34e-04	0.00e+00	1.55e-17	4.65e-17	7.76e-17	8.91e-12	1.83e-11	8.80e-51
 1.21233e+15	2.35e-16	3.29e-11	5.32e-07	5.48e-04	9.99e-01	4.01e-04	0.00e+00	1.96e-17	5.88e-17	9.83e-17	1.08e-11	2.21e-11	1.75e-50
 1.25546e+15	2.93e-16	3.95e-11	6.13e-07	5.91e-04	9.99e-01	3.72e-04	0.00e+00	2.45e-17	7.35e-17	1.23e-16	1.29e-11	2.66e-11	3.42e-50
 1.29147e+15	3.53e-16	4.60e-11	6.88e-07	6.29e-04	9.99e-01	3.49e-04	0.00e+00	2.95e-17	8.87e-17	1.48e-16	1.51e-11	3.09e-11	5.93e-50
 1.32982e+15	4.26e-16	5.36e-11	7.75e-07	6.71e-04	9.99e-01	3.27e-04	0.00e+00	3.57e-17	1.07e-16	1.79e-16	1.76e-11	3.61e-11	1.04e-49
 1.37853e+15	5.39e-16	6.48e-11	8.98e-07	7.28e-04	9.99e-01	3.02e-04	0.00e+00	4.52e-17	1.36e-16	2.27e-16	2.12e-11	4.36e-11	2.07e-49
 1.42930e+15	6.75e-16	7.82e-11	1.04e-06	7.88e-04	9.99e-01	2.79e-04	0.00e+00	5.66e-17	1.70e-16	2.84e-16	2.56e-11	5.26e-11	4.14e-49
 1.47402e+15	8.33e-16	9.24e-11	1.18e-06	8.46e-04	9.99e-01	2.60e-04	0.00e+00	6.99e-17	2.10e-16	3.51e-16	3.02e-11	6.21e-11	7.66e-49
 1.52233e+15	1.01e-15	1.09e-10	1.34e-06	9.08e-04	9.99e-01	2.42e-04	0.00e+00	8.49e-17	2.55e-16	4.26e-16	3.56e-11	7.32e-11	1.40e-48
 1.58064e+15	1.30e-15	1.33e-10	1.57e-06	9.89e-04	9.99e-01	2.22e-04	0.00e+00	1.09e-16	3.28e-16	5.49e-16	4.36e-11	8.96e-11	2.97e-48
 1.63830e+15	1.62e-15	1.60e-10	1.81e-06	1.07e-03	9.99e-01	2.04e-04	0.00e+00	1.37e-16	4.11e-16	6.86e-16	5.25e-11	1.08e-10	5.95e-48
 1.68927e+15	1.98e-15	1.89e-10	2.05e-06	1.15e-03	9.99e-01	1.91e-04	0.00e+00	1.67e-16	5.01e-16	8.37e-16	6.18e-11	1.27e-10	1.09e-47
 1.74522e+15	2.43e-15	2.23e-10	2.34e-06	1.24e-03	9.99e-01	1.77e-04	0.00e+00	2.05e-16	6.14e-16	1.03e-15	7.31e-11	1.50e-10	2.06e-47
 1.81240e+15	3.08e-15	2.72e-10	2.72e-06	1.35e-03	9.98e-01	1.63e-04	0.00e+00	2.60e-16	7.82e-16	1.31e-15	8.92e-11	1.83e-10	4.36e-47
 1.87949e+15	3.88e-15	3.30e-10	3.15e-06	1.46e-03	9.98e-01	1.50e-04	0.00e+00	3.28e-16	9.85e-16	1.65e-15	1.08e-10	2.22e-10	8.99e-47
 1.94055e+15	4.64e-15	3.86e-10	3.58e-06	1.57e-03	9.98e-01	1.39e-04	0.00e+00	3.93e-16	1.18e-15	1.97e-15	1.26e-10	2.59e-10	1.63e-46
 2.00841e+15	5.89e-15	4.66e-10	4.12e-06	1.70e-03	9.98e-01	1.29e-04	0.00e+00	4.99e-16	1.50e-15	2.50e-15	1.53e-10	3.13e-10	3.37e-46
 2.08771e+15	7.47e-15	5.71e-10	4.81e-06	1.86e-03	9.98e-01	1.18e-04	0.00e+00	6.34e-16	1.90e-15	3.18e-15	1.87e-10	3.83e-10	7.29e-46
 2.16597e+15	9.48e-15	6.94e-10	5.58e-06	2.02e-03	9.98e-01	1.08e-04	0.00e+00	8.06e-16	2.42e-15	4.04e-15	2.28e-10	4.66e-10	1.56e-45
 2.23993e+15	1.16e-14	8.24e-10	6.39e-06	2.18e-03	9.98e-01	1.00e-04	0.00e+00	9.86e-16	2.96e-15	4.94e-15	2.70e-10	5.54e-10	3.07e-45
 2.30429e+15	1.39e-14	9.60e-10	7.15e-06	2.32e-03	9.98e-01	9.40e-05	0.00e+00	1.19e-15	3.56e-15	5.95e-15	3.15e-10	6.45e-10	5.58e-45
 2.35783e+15	1.62e-14	1.09e-09	7.84e-06	2.45e-03	9.97e-01	8.92e-05	0.00e+00	1.38e-15	4.14e-15	6.92e-15	3.56e-10	7.29e-10	9.09e-45
 2.41723e+15	1.89e-14	1.24e-09	8.67e-06	2.59e-03	9.97e-01	8.43e-05	0.00e+00	1.62e-15	4.85e-15	8.10e-15	4.07e-10	8.32e-10	1.53e-44
 2.49444e+15	2.31e-14	1.47e-09	9.83e-06	2.78e-03	9.97e-01	7.85e-05	0.00e+00	1.98e-15	5.93e-15	9.91e-15	4.81e-10	9.84e-10	2.98e-44
 2.57543e+15	2.83e-14	1.74e-09	1.12e-05	2.99e-03	9.97e-01	7.30e-05	0.00e+00	2.42e-15	7.27e-15	1.21e-14	5.71e-10	1.17e-09	5.86e-44
 2.64470e+15	3.32e-14	2.00e-09	1.24e-05	3.17e-03	9.97e-01	6.87e-05	0.00e+00	2.85e-15	8.54e-15	1.43e-14	6.56e-10	1.34e-09	1.01e-43
 2.71812e+15	3.89e-14	2.29e-09	1.38e-05	3.37e-03	9.97e-01	6.46e-05	0.00e+00	3.34e-15	1.00e-14	1.67e-14	7.53e-10	1.54e-09	1.74e-43
 2.81357e+15	4.96e-14	2.79e-09	1.59e-05	3.65e-03	9.96e-01	5.96e-05	0.00e+00	4.26e-15	1.28e-14	2.13e-14	9.17e-10	1.87e-09	3.85e-43
 2.91212e+15	6.16e-14	3.36e-09	1.82e-05	3.94e-03	9.96e-01	5.52e-05	0.00e+00	5.29e-15	1.59e-14	2.65e-14	1.10e-09	2.25e-09	8.01e-43
 2.99471e+15	7.34e-14	3.90e-09	2.04e-05	4.20e-03	9.96e-01	5.18e-05	0.00e+00	6.32e-15	1.90e-14	3.17e-14	1.28e-09	2.62e-09	1.45e-42
 3.08209e+15	8.76e-14	4.55e-09	2.29e-05	4.47e-03	9.95e-01	4.85e-05	0.00e+00	7.55e-15	2.27e-14	3.78e-14	1.50e-09	3.05e-09	2.69e-42
 3.19411e+15	1.09e-13	5.51e-09	2.64e-05	4.85e-03	9.95e-01	4.48e-05	0.00e+00	9.44e-15	2.83e-14	4.73e-14	1.81e-09	3.69e-09	5.76e-42
 3.31179e+15	1.35e-13	6.63e-09	3.05e-05	5.25e-03	9.95e-01	4.13e-05	0.00e+00	1.17e-14	3.51e-14	5.86e-14	2.18e-09	4.45e-09	1.18e-41
 3.41610e+15	1.65e-13	7.87e-09	3.45e-05	5.63e-03	9.94e-01	3.85e-05	0.00e+00	1.43e-14	4.28e-14	7.15e-14	2.59e-09	5.28e-09	2.32e-41
 3.52943e+15	2.03e-13	9.40e-09	3.93e-05	6.06e-03	9.94e-01	3.58e-05	0.00e+00	1.76e-14	5.27e-14	8.80e-14	3.10e-09	6.30e-09	4.67e-41
 3.66536e+15	2.67e-13	1.18e-08	4.57e-05	6.60e-03	9.93e-01	3.29e-05	0.00e+00	2.31e-14	6.94e-14	1.16e-13	3.88e-09	7.90e-09	1.13e-40
 3.80045e+15	3.26e-13	1.41e-08	5.27e-05	7.14e-03	9.93e-01	3.04e-05	0.00e+00	2.83e-14	8.49e-14	1.42e-13	4.66e-09	9.47e-09	2.27e-40
 3.92256e+15	3.98e-13	1.69e-08	5.99e-05	7.67e-03	9.92e-01	2.83e-05	0.00e+00	3.46e-14	1.04e-13	1.73e-13	5.56e-09	1.13e-08	4.39e-40
 4.05807e+15	4.94e-13	2.04e-08	6.86e-05	8.27e-03	9.92e-01	2.63e-05	0.00e+00	4.30e-14	1.29e-13	2.16e-13	6.72e-09	1.36e-08	9.05e-40
 4.21738e+15	6.51e-13	2.57e-08	8.00e-05	9.02e-03	9.91e-01	2.41e-05	0.00e+00	5.67e-14	1.70e-13	2.84e-13	8.49e-09	1.72e-08	2.24e-39
 4.37415e+15	8.12e-13	3.14e-08	9.26e-05	9.77e-03	9.90e-01	2.23e-05	0.00e+00	7.09e-14	2.13e-13	3.55e-13	1.04e-08	2.11e-08	4.75e-39
 4.52020e+15	1.00e-12	3.79e-08	1.06e-04	1.05e-02	9.89e-01	2.08e-05	0.00e+00	8.76e-14	2.63e-13	4.38e-13	1.25e-08	2.54e-08	9.61e-39
 4.68405e+15	1.24e-12	4.57e-08	1.22e-04	1.14e-02	9.88e-01	1.93e-05	0.00e+00	1.09e-13	3.26e-13	5.44e-13	1.51e-08	3.06e-08	1.94e-38
 4.84120e+15	1.53e-12	5.51e-08	1.39e-04	1.22e-02	9.88e-01	1.79e-05	0.00e+00	1.34e-13	4.03e-13	6.72e-13	1.82e-08	3.69e-08	3.90e-38
 4.95679e+15	1.83e-12	6.42e-08	1.53e-04	1.29e-02	9.87e-01	1.71e-05	0.00e+00	1.60e-13	4.80e-13	8.01e-13	2.12e-08	4.30e-08	6.97e-38
 5.07247e+15	2.13e-12	7.33e-08	1.68e-04	1.36e-02	9.86e-01	1.63e-05	0.00e+00	1.87e-13	5.60e-13	9.34e-13	2.42e-08	4.91e-08	1.14e-37
 5.22286e+15	2.53e-12	8.53e-08	1.89e-04	1.44e-02	9.85e-01	1.53e-05	0.00e+00	2.22e-13	6.66e-13	1.11e-12	2.82e-08	5.71e-08	1.97e-37
 5.38671e+15	3.10e-12	1.03e-07	2.14e-04	1.55e-02	9.84e-01	1.43e-05	0.00e+00	2.73e-13	8.18e-13	1.37e-12	3.41e-08	6.89e-08	3.90e-37
 5.53412e+15	3.72e-12	1.21e-07	2.39e-04	1.64e-02	9.83e-01	1.36e-05	0.00e+00	3.27e-13	9.81e-13	1.64e-12	3.99e-08	8.07e-08	6.81e-37
 5.69180e+15	4.43e-12	1.40e-07	2.68e-04	1.74e-02	9.82e-01	1.28e-05	0.00e+00	3.90e-13	1.17e-12	1.95e-12	4.64e-08	9.39e-08	1.17e-36
 5.89656e+15	5.66e-12	1.75e-07	3.09e-04	1.89e-02	9.81e-01	1.19e-05	0.00e+00	4.99e-13	1.50e-12	2.50e-12	5.78e-08	1.17e-07	2.63e-36
 6.10347e+15	7.09e-12	2.14e-07	3.56e-04	2.04e-02	9.79e-01	1.12e-05	0.00e+00	6.26e-13	1.88e-12	3.13e-12	7.08e-08	1.43e-07	5.35e-36
 6.27078e+15	8.47e-12	2.51e-07	3.98e-04	2.16e-02	9.78e-01	1.06e-05	0.00e+00	7.48e-13	2.24e-12	3.74e-12	8.29e-08	1.68e-07	9.22e-36
 6.44566e+15	1.02e-11	2.95e-07	4.45e-04	2.30e-02	9.77e-01	1.01e-05	0.00e+00	9.01e-13	2.70e-12	4.51e-12	9.76e-08	1.97e-07	1.60e-35
 6.67300e+15	1.27e-11	3.55e-07	5.13e-04	2.48e-02	9.75e-01	9.43e-06	0.00e+00	1.12e-12	3.36e-12	5.61e-12	1.17e-07	2.37e-07	3.00e-35
 6.91179e+15	1.63e-11	4.46e-07	5.94e-04	2.68e-02	9.73e-01	8.84e-06	0.00e+00	1.44e-12	4.33e-12	7.23e-12	1.48e-07	2.98e-07	6.65e-35
 7.11798e+15	1.98e-11	5.30e-07	6.71e-04	2.86e-02	9.71e-01	8.38e-06	0.00e+00	1.75e-12	5.26e-12	8.78e-12	1.76e-07	3.54e-07	1.20e-34
 7.33857e+15	2.43e-11	6.33e-07	7.62e-04	3.06e-02	9.69e-01	7.94e-06	0.00e+00	2.15e-12	6.46e-12	1.08e-11	2.10e-07	4.23e-07	2.18e-34
 7.61253e+15	3.09e-11	7.76e-07	8.87e-04	3.31e-02	9.66e-01	7.44e-06	0.00e+00	2.74e-12	8.23e-12	1.37e-11	2.57e-07	5.19e-07	4.23e-34
 7.88459e+15	3.99e-11	9.80e-07	1.03e-03	3.59e-02	9.63e-01	7.02e-06	0.00e+00	3.55e-12	1.06e-11	1.78e-11	3.25e-07	6.55e-07	9.37e-34
 8.11758e+15	4.89e-11	1.17e-06	1.16e-03	3.83e-02	9.61e-01	6.70e-06	0.00e+00	4.34e-12	1.30e-11	2.17e-11	3.88e-07	7.81e-07	1.65e-33
 8.37107e+15	6.03e-11	1.40e-06	1.33e-03	4.10e-02	9.58e-01	6.37e-06	0.00e+00	5.36e-12	1.61e-11	2.68e-11	4.65e-07	9.37e-07	2.96e-33
 8.68464e+15	7.74e-11	1.73e-06	1.55e-03	4.45e-02	9.54e-01	6.01e-06	0.00e+00	6.89e-12	2.07e-11	3.45e-11	5.73e-07	1.15e-06	5.68e-33
 8.99157e+15	1.00e-10	2.19e-06	1.81e-03	4.83e-02	9.50e-01	5.71e-06	0.00e+00	8.92e-12	2.68e-11	4.46e-11	7.26e-07	1.46e-06	1.24e-32
 9.24084e+15	1.22e-10	2.59e-06	2.04e-03	5.14e-02	9.47e-01	5.50e-06	0.00e+00	1.08e-11	3.25e-11	5.43e-11	8.60e-07	1.73e-06	2.09e-32
 9.49991e+15	1.49e-10	3.08e-06	2.30e-03	5.48e-02	9.43e-01	5.28e-06	0.00e+00	1.33e-11	3.98e-11	6.63e-11	1.02e-06	2.06e-06	3.55e-32
 9.83671e+15	1.90e-10	3.76e-06	2.69e-03	5.93e-02	9.38e-01	5.04e-06	0.00e+00	1.70e-11	5.10e-11	8.51e-11	1.25e-06	2.51e-06	6.39e-32
 1.01604e+16	2.45e-10	4.72e-06	3.11e-03	6.41e-02	9.33e-01	4.84e-06	0.00e+00	2.19e-11	6.56e-11	1.09e-10	1.57e-06	3.15e-06	1.31e-31
 1.03868e+16	2.86e-10	5.42e-06	3.43e-03	6.75e-02	9.29e-01	4.71e-06	0.00e+00	2.56e-11	7.67e-11	1.28e-10	1.80e-06	3.62e-06	1.96e-31
 1.06008e+16	3.33e-10	6.19e-06	3.77e-03	7.09e-02	9.25e-01	4.59e-06	0.00e+00	2.98e-11	8.95e-11	1.49e-10	2.06e-06	4.14e-06	2.91e-31
 1.08790e+16	4.07e-10	7.31e-06	4.26e-03	7.55e-02	9.20e-01	4.45e-06	0.00e+00	3.64e-11	1.09e-10	1.82e-10	2.43e-06	4.88e-06	4.72e-31
 1.11824e+16	5.03e-10	8.80e-06	4.85e-03	8.08e-02	9.14e-01	4.31e-06	0.00e+00	4.51e-11	1.35e-10	2.26e-10	2.92e-06	5.88e-06	8.23e-31
 1.14582e+16	6.08e-10	1.04e-05	5.44e-03	8.58e-02	9.09e-01	4.20e-06	0.00e+00	5.46e-11	1.64e-10	2.73e-10	3.44e-06	6.92e-06	1.31e-30
 1.17562e+16	7.47e-10	1.21e-05	6.17e-03	9.14e-02	9.02e-01	4.09e-06	0.00e+00	6.71e-11	2.01e-10	3.35e-10	4.03e-06	8.10e-06	2.01e-30
 1.20893e+16	9.41e-10	1.50e-05	7.09e-03	9.84e-02	8.95e-01	3.97e-06	0.00e+00	8.46e-11	2.54e-10	4.23e-10	4.98e-06	1.00e-05	3.79e-30
 1.23894e+16	1.15e-09	1.78e-05	8.02e-03	1.05e-01	8.87e-01	3.89e-06	0.00e+00	1.04e-10	3.11e-10	5.18e-10	5.90e-06	1.19e-05	6.06e-30
 1.26542e+16	1.38e-09	2.06e-05	8.93e-03	1.11e-01	8.80e-01	3.81e-06	0.00e+00	1.24e-10	3.73e-10	6.21e-10	6.83e-06	1.37e-05	8.98e-30
 1.29523e+16	1.68e-09	2.40e-05	1.01e-02	1.18e-01	8.72e-01	3.73e-06	0.00e+00	1.52e-10	4.55e-10	7.58e-10	7.99e-06	1.61e-05	1.37e-29
 1.32856e+16	2.15e-09	2.97e-05	1.16e-02	1.26e-01	8.62e-01	3.67e-06	0.00e+00	1.94e-10	5.82e-10	9.71e-10	9.89e-06	1.99e-05	2.56e-29
 1.35924e+16	2.61e-09	3.50e-05	1.31e-02	1.34e-01	8.52e-01	3.60e-06	0.00e+00	2.36e-10	7.07e-10	1.18e-09	1.16e-05	2.34e-05	3.89e-29
 1.38751e+16	3.15e-09	4.05e-05	1.47e-02	1.42e-01	8.43e-01	3.54e-06	0.00e+00	2.84e-10	8.53e-10	1.42e-09	1.35e-05	2.71e-05	5.74e-29
 1.41987e+16	4.04e-09	5.02e-05	1.69e-02	1.53e-01	8.30e-01	3.51e-06	0.00e+00	3.65e-10	1.09e-09	1.82e-09	1.67e-05	3.35e-05	1.07e-28
 1.45311e+16	4.98e-09	5.89e-05	1.94e-02	1.63e-01	8.17e-01	3.45e-06	0.00e+00	4.51e-10	1.35e-09	2.26e-09	1.96e-05	3.93e-05	1.57e-28
 1.48103e+16	6.15e-09	7.12e-05	2.19e-02	1.73e-01	8.05e-01	3.43e-06	0.00e+00	5.57e-10	1.67e-09	2.79e-09	2.37e-05	4.75e-05	2.72e-28
 1.50644e+16	7.34e-09	8.25e-05	2.44e-02	1.83e-01	7.93e-01	3.40e-06	0.00e+00	6.65e-10	1.99e-09	3.32e-09	2.74e-05	5.50e-05	4.01e-28
 1.53506e+16	9.00e-09	9.57e-05	2.76e-02	1.94e-01	7.78e-01	3.36e-06	0.00e+00	8.16e-10	2.45e-09	4.08e-09	3.19e-05	6.39e-05	5.80e-28
 1.56645e+16	1.14e-08	1.18e-04	3.17e-02	2.08e-01	7.61e-01	3.35e-06	0.00e+00	1.03e-09	3.10e-09	5.16e-09	3.92e-05	7.85e-05	1.03e-27
 1.59383e+16	1.41e-08	1.39e-04	3.58e-02	2.20e-01	7.44e-01	3.34e-06	0.00e+00	1.28e-09	3.84e-09	6.40e-09	4.64e-05	9.30e-05	1.62e-27
 1.61738e+16	1.68e-08	1.59e-04	3.98e-02	2.31e-01	7.29e-01	3.33e-06	0.00e+00	1.52e-09	4.57e-09	7.62e-09	5.30e-05	1.06e-04	2.28e-27
 1.64359e+16	2.06e-08	1.88e-04	4.50e-02	2.45e-01	7.10e-01	3.32e-06	0.00e+00	1.87e-09	5.61e-09	9.36e-09	6.25e-05	1.25e-04	3.54e-27
 1.67204e+16	2.69e-08	2.35e-04	5.19e-02	2.61e-01	6.87e-01	3.37e-06	0.00e+00	2.45e-09	7.35e-09	1.22e-08	7.82e-05	1.57e-04	6.91e-27
 1.69617e+16	3.26e-08	2.73e-04	5.82e-02	2.74e-01	6.67e-01	3.38e-06	1.03e-11	2.97e-09	8.90e-09	1.48e-08	9.08e-05	1.82e-04	1.01e-26
 1.71706e+16	3.86e-08	3.10e-04	6.44e-02	2.87e-01	6.48e-01	3.38e-06	0.00e+00	3.52e-09	1.06e-08	1.76e-08	1.03e-04	2.07e-04	1.41e-26
 1.74099e+16	4.76e-08	3.66e-04	7.28e-02	3.03e-01	6.24e-01	3.38e-06	0.00e+00	4.34e-09	1.30e-08	2.17e-08	1.22e-04	2.44e-04	2.22e-26
