#depth	He	He+	He+2
 1.49634e+10	3.75e-23	3.15e-12	1.00e+00
 4.54887e+10	4.19e-23	3.41e-12	1.00e+00
 7.72350e+10	4.66e-23	3.69e-12	1.00e+00
 1.10251e+11	5.20e-23	4.00e-12	1.00e+00
 1.41169e+11	5.75e-23	4.30e-12	1.00e+00
 1.68643e+11	6.27e-23	4.57e-12	1.00e+00
 1.99434e+11	6.89e-23	4.89e-12	1.00e+00
 2.36137e+11	7.70e-23	5.29e-12	1.00e+00
 2.72788e+11	8.58e-23	5.70e-12	1.00e+00
 3.06687e+11	9.46e-23	6.09e-12	1.00e+00
 3.44664e+11	1.05e-22	6.55e-12	1.00e+00
 3.88378e+11	1.19e-22	7.10e-12	1.00e+00
 4.31150e+11	1.33e-22	7.66e-12	1.00e+00
 4.75633e+11	1.49e-22	8.27e-12	1.00e+00
 5.24585e+11	1.69e-22	8.97e-12	1.00e+00
 5.73899e+11	1.91e-22	9.71e-12	1.00e+00
 6.25187e+11	2.15e-22	1.05e-11	1.00e+00
 6.80121e+11	2.45e-22	1.14e-11	1.00e+00
 7.37253e+11	2.79e-22	1.24e-11	1.00e+00
 7.96670e+11	3.18e-22	1.34e-11	1.00e+00
 8.58463e+11	3.63e-22	1.46e-11	1.00e+00
 9.22729e+11	4.16e-22	1.59e-11	1.00e+00
 9.89565e+11	4.76e-22	1.72e-11	1.00e+00
 1.05907e+12	5.46e-22	1.87e-11	1.00e+00
 1.12538e+12	6.21e-22	2.02e-11	1.00e+00
 1.18365e+12	6.92e-22	2.16e-11	1.00e+00
 1.24667e+12	7.75e-22	2.32e-11	1.00e+00
 1.32290e+12	8.87e-22	2.51e-11	1.00e+00
 1.40016e+12	1.02e-21	2.72e-11	1.00e+00
 1.47159e+12	1.14e-21	2.92e-11	1.00e+00
 1.55144e+12	1.30e-21	3.16e-11	1.00e+00
 1.64343e+12	1.51e-21	3.44e-11	1.00e+00
 1.73433e+12	1.74e-21	3.74e-11	1.00e+00
 1.82888e+12	1.99e-21	4.06e-11	1.00e+00
 1.93196e+12	2.31e-21	4.43e-11	1.00e+00
 2.03698e+12	2.68e-21	4.83e-11	1.00e+00
 2.14620e+12	3.10e-21	5.26e-11	1.00e+00
 2.26197e+12	3.61e-21	5.75e-11	1.00e+00
 2.38238e+12	4.20e-21	6.29e-11	1.00e+00
 2.50760e+12	4.88e-21	6.88e-11	1.00e+00
 2.62468e+12	5.61e-21	7.46e-11	1.00e+00
 2.72872e+12	6.31e-21	8.00e-11	1.00e+00
 2.84554e+12	7.16e-21	8.65e-11	1.00e+00
 2.98476e+12	8.31e-21	9.44e-11	1.00e+00
 3.12516e+12	9.61e-21	1.03e-10	1.00e+00
 3.25681e+12	1.09e-20	1.11e-10	1.00e+00
 3.40265e+12	1.26e-20	1.21e-10	1.00e+00
 3.56868e+12	1.46e-20	1.33e-10	1.00e+00
 3.73259e+12	1.69e-20	1.46e-10	1.00e+00
 3.90306e+12	1.95e-20	1.59e-10	1.00e+00
 4.06996e+12	2.24e-20	1.73e-10	1.00e+00
 4.21323e+12	2.51e-20	1.86e-10	1.00e+00
 4.36863e+12	2.82e-20	2.01e-10	1.00e+00
 4.56055e+12	3.25e-20	2.20e-10	1.00e+00
 4.75633e+12	3.74e-20	2.40e-10	1.00e+00
 4.93117e+12	4.20e-20	2.59e-10	1.00e+00
 5.12241e+12	4.75e-20	2.82e-10	1.00e+00
 5.35008e+12	5.48e-20	3.10e-10	1.00e+00
 5.57623e+12	6.28e-20	3.39e-10	1.00e+00
 5.78383e+12	7.07e-20	3.68e-10	1.00e+00
 6.01618e+12	8.02e-20	4.02e-10	1.00e+00
 6.28542e+12	9.24e-20	4.44e-10	1.00e+00
 6.54944e+12	1.05e-19	4.88e-10	1.00e+00
 6.80036e+12	1.19e-19	5.33e-10	1.00e+00
 7.07864e+12	1.35e-19	5.85e-10	1.00e+00
 7.38427e+12	1.54e-19	6.46e-10	1.00e+00
 7.68060e+12	1.74e-19	7.09e-10	1.00e+00
 7.99621e+12	1.96e-19	7.81e-10	1.00e+00
 8.34599e+12	2.24e-19	8.66e-10	1.00e+00
 8.69626e+12	2.53e-19	9.57e-10	1.00e+00
 9.00497e+12	2.81e-19	1.04e-09	1.00e+00
 9.27279e+12	3.06e-19	1.12e-09	1.00e+00
 9.57422e+12	3.36e-19	1.21e-09	1.00e+00
 9.95444e+12	3.76e-19	1.33e-09	1.00e+00
 1.03458e+13	4.21e-19	1.47e-09	1.00e+00
 1.06685e+13	4.60e-19	1.58e-09	1.00e+00
 1.09934e+13	5.01e-19	1.70e-09	1.00e+00
 1.14155e+13	5.60e-19	1.87e-09	1.00e+00
 1.18542e+13	6.27e-19	2.06e-09	1.00e+00
 1.22245e+13	6.88e-19	2.22e-09	1.00e+00
 1.26160e+13	7.58e-19	2.39e-09	1.00e+00
 1.31089e+13	8.55e-19	2.63e-09	1.00e+00
 1.36224e+13	9.67e-19	2.89e-09	1.00e+00
 1.40832e+13	1.08e-18	3.14e-09	1.00e+00
 1.45871e+13	1.21e-18	3.41e-09	1.00e+00
 1.51843e+13	1.40e-18	3.76e-09	1.00e+00
 1.57775e+13	1.60e-18	4.12e-09	1.00e+00
 1.63272e+13	1.81e-18	4.47e-09	1.00e+00
 1.69430e+13	2.08e-18	4.88e-09	1.00e+00
 1.76506e+13	2.42e-18	5.38e-09	1.00e+00
 1.83453e+13	2.81e-18	5.89e-09	1.00e+00
 1.89493e+13	3.19e-18	6.35e-09	1.00e+00
 1.94591e+13	3.54e-18	6.75e-09	1.00e+00
 2.00108e+13	3.95e-18	7.20e-09	1.00e+00
 2.07279e+13	4.55e-18	7.82e-09	1.00e+00
 2.14769e+13	5.26e-18	8.49e-09	1.00e+00
 2.21141e+13	5.93e-18	9.07e-09	1.00e+00
 2.27892e+13	6.71e-18	9.72e-09	1.00e+00
 2.36491e+13	7.83e-18	1.06e-08	1.00e+00
 2.45396e+13	9.14e-18	1.15e-08	1.00e+00
 2.53144e+13	1.04e-17	1.24e-08	1.00e+00
 2.61488e+13	1.19e-17	1.33e-08	1.00e+00
 2.70837e+13	1.38e-17	1.44e-08	1.00e+00
 2.79630e+13	1.59e-17	1.55e-08	1.00e+00
 2.89200e+13	1.83e-17	1.67e-08	1.00e+00
 2.99795e+13	2.14e-17	1.81e-08	1.00e+00
 3.09613e+13	2.46e-17	1.95e-08	1.00e+00
 3.20265e+13	2.83e-17	2.10e-08	1.00e+00
 3.32222e+13	3.32e-17	2.28e-08	1.00e+00
 3.43466e+13	3.83e-17	2.45e-08	1.00e+00
 3.55676e+13	4.44e-17	2.65e-08	1.00e+00
 3.69337e+13	5.24e-17	2.88e-08	1.00e+00
 3.82172e+13	6.06e-17	3.10e-08	1.00e+00
 3.96140e+13	7.08e-17	3.36e-08	1.00e+00
 4.11775e+13	8.37e-17	3.66e-08	1.00e+00
 4.26621e+13	9.74e-17	3.96e-08	1.00e+00
 4.42553e+13	1.14e-16	4.28e-08	1.00e+00
 4.60554e+13	1.35e-16	4.68e-08	1.00e+00
 4.78361e+13	1.59e-16	5.08e-08	1.00e+00
 4.96880e+13	1.87e-16	5.51e-08	1.00e+00
 5.17054e+13	2.21e-16	6.00e-08	1.00e+00
 5.35994e+13	2.58e-16	6.49e-08	1.00e+00
 5.52813e+13	2.94e-16	6.93e-08	1.00e+00
 5.68530e+13	3.31e-16	7.36e-08	1.00e+00
 5.85899e+13	3.76e-16	7.84e-08	1.00e+00
 6.05456e+13	4.30e-16	8.40e-08	1.00e+00
 6.24149e+13	4.89e-16	8.96e-08	1.00e+00
 6.44744e+13	5.60e-16	9.59e-08	1.00e+00
 6.67572e+13	6.46e-16	1.03e-07	1.00e+00
 6.88799e+13	7.36e-16	1.10e-07	1.00e+00
 7.11888e+13	8.42e-16	1.18e-07	1.00e+00
 7.37685e+13	9.73e-16	1.27e-07	1.00e+00
 7.61921e+13	1.11e-15	1.36e-07	1.00e+00
 7.88348e+13	1.28e-15	1.45e-07	1.00e+00
 8.17655e+13	1.48e-15	1.57e-07	1.00e+00
 8.45004e+13	1.69e-15	1.67e-07	1.00e+00
 8.74854e+13	1.93e-15	1.79e-07	1.00e+00
 9.08347e+13	2.25e-15	1.94e-07	1.00e+00
 9.39921e+13	2.58e-15	2.07e-07	1.00e+00
 9.74120e+13	2.96e-15	2.23e-07	1.00e+00
 1.01250e+14	3.45e-15	2.41e-07	1.00e+00
 1.04938e+14	3.96e-15	2.58e-07	1.00e+00
 1.08861e+14	4.57e-15	2.78e-07	1.00e+00
 1.13245e+14	5.33e-15	3.00e-07	1.00e+00
 1.17620e+14	6.18e-15	3.24e-07	1.00e+00
 1.22170e+14	7.15e-15	3.49e-07	1.00e+00
 1.27087e+14	8.31e-15	3.76e-07	1.00e+00
 1.32200e+14	9.70e-15	4.07e-07	1.00e+00
 1.37518e+14	1.13e-14	4.40e-07	1.00e+00
 1.42185e+14	1.28e-14	4.69e-07	1.00e+00
 1.45870e+14	1.41e-14	4.93e-07	1.00e+00
 1.49846e+14	1.56e-14	5.20e-07	1.00e+00
 1.55015e+14	1.78e-14	5.56e-07	1.00e+00
 1.60617e+14	2.04e-14	5.96e-07	1.00e+00
 1.65674e+14	2.29e-14	6.34e-07	1.00e+00
 1.71139e+14	2.59e-14	6.75e-07	1.00e+00
 1.77727e+14	2.99e-14	7.27e-07	1.00e+00
 1.84327e+14	3.43e-14	7.81e-07	1.00e+00
 1.90342e+14	3.88e-14	8.33e-07	1.00e+00
 1.97046e+14	4.43e-14	8.92e-07	1.00e+00
 2.04866e+14	5.13e-14	9.64e-07	1.00e+00
 2.12197e+14	5.87e-14	1.04e-06	1.00e+00
 2.18534e+14	6.56e-14	1.10e-06	1.00e+00
 2.25523e+14	7.39e-14	1.17e-06	1.00e+00
 2.34078e+14	8.50e-14	1.26e-06	1.00e+00
 2.42735e+14	9.78e-14	1.36e-06	1.00e+00
 2.50465e+14	1.10e-13	1.44e-06	1.00e+00
 2.58923e+14	1.25e-13	1.55e-06	1.00e+00
 2.68993e+14	1.44e-13	1.67e-06	1.00e+00
 2.78941e+14	1.65e-13	1.80e-06	1.00e+00
 2.87971e+14	1.86e-13	1.92e-06	1.00e+00
 2.98023e+14	2.11e-13	2.06e-06	1.00e+00
 3.09794e+14	2.44e-13	2.22e-06	1.00e+00
 3.21411e+14	2.80e-13	2.40e-06	1.00e+00
 3.32275e+14	3.16e-13	2.57e-06	1.00e+00
 3.44379e+14	3.61e-13	2.76e-06	1.00e+00
 3.58184e+14	4.17e-13	2.99e-06	1.00e+00
 3.71086e+14	4.75e-13	3.21e-06	1.00e+00
 3.82577e+14	5.31e-13	3.42e-06	1.00e+00
 3.95521e+14	5.98e-13	3.66e-06	1.00e+00
 4.10908e+14	6.88e-13	3.96e-06	1.00e+00
 4.25905e+14	7.81e-13	4.26e-06	1.00e+00
 4.38183e+14	8.65e-13	4.51e-06	1.00e+00
 4.50495e+14	9.55e-13	4.78e-06	1.00e+00
 4.66501e+14	1.08e-12	5.13e-06	1.00e+00
 4.83075e+14	1.22e-12	5.51e-06	1.00e+00
 4.97027e+14	1.35e-12	5.84e-06	1.00e+00
 5.11805e+14	1.50e-12	6.20e-06	1.00e+00
 5.30576e+14	1.70e-12	6.69e-06	1.00e+00
 5.50007e+14	1.92e-12	7.19e-06	1.00e+00
 5.67017e+14	2.14e-12	7.65e-06	1.00e+00
 5.85409e+14	2.39e-12	8.17e-06	1.00e+00
 6.07736e+14	2.71e-12	8.83e-06	1.00e+00
 6.29961e+14	3.07e-12	9.49e-06	1.00e+00
 6.49676e+14	3.41e-12	1.01e-05	1.00e+00
 6.71343e+14	3.81e-12	1.08e-05	1.00e+00
 6.97276e+14	4.33e-12	1.17e-05	1.00e+00
 7.22975e+14	4.89e-12	1.26e-05	1.00e+00
 7.46286e+14	5.46e-12	1.35e-05	1.00e+00
 7.72274e+14	6.13e-12	1.45e-05	1.00e+00
 8.02717e+14	7.00e-12	1.57e-05	1.00e+00
 8.32650e+14	7.90e-12	1.69e-05	1.00e+00
 8.60706e+14	8.88e-12	1.82e-05	1.00e+00
 8.92089e+14	9.99e-12	1.96e-05	1.00e+00
 9.27803e+14	1.15e-11	2.13e-05	1.00e+00
 9.62914e+14	1.30e-11	2.30e-05	1.00e+00
 9.91613e+14	1.44e-11	2.45e-05	1.00e+00
 1.01412e+15	1.56e-11	2.57e-05	1.00e+00
 1.03877e+15	1.69e-11	2.71e-05	1.00e+00
 1.07082e+15	1.89e-11	2.90e-05	1.00e+00
 1.10539e+15	2.11e-11	3.10e-05	1.00e+00
 1.13636e+15	2.32e-11	3.29e-05	1.00e+00
 1.16970e+15	2.59e-11	3.51e-05	1.00e+00
 1.21233e+15	2.95e-11	3.80e-05	1.00e+00
 1.25546e+15	3.32e-11	4.10e-05	1.00e+00
 1.29147e+15	3.69e-11	4.37e-05	1.00e+00
 1.32982e+15	4.11e-11	4.67e-05	1.00e+00
 1.37853e+15	4.73e-11	5.06e-05	1.00e+00
 1.42930e+15	5.36e-11	5.48e-05	1.00e+00
 1.47402e+15	6.07e-11	5.89e-05	1.00e+00
 1.52233e+15	6.79e-11	6.32e-05	1.00e+00
 1.58064e+15	7.91e-11	6.89e-05	1.00e+00
 1.63830e+15	9.07e-11	7.48e-05	1.00e+00
 1.68927e+15	1.02e-10	8.01e-05	1.00e+00
 1.74522e+15	1.16e-10	8.63e-05	1.00e+00
 1.81240e+15	1.34e-10	9.41e-05	1.00e+00
 1.87949e+15	1.55e-10	1.02e-04	1.00e+00
 1.94055e+15	1.74e-10	1.10e-04	1.00e+00
 2.00841e+15	2.01e-10	1.19e-04	1.00e+00
 2.08771e+15	2.34e-10	1.30e-04	1.00e+00
 2.16597e+15	2.72e-10	1.41e-04	1.00e+00
 2.23993e+15	3.10e-10	1.53e-04	1.00e+00
 2.30429e+15	3.47e-10	1.63e-04	1.00e+00
 2.35783e+15	3.82e-10	1.72e-04	1.00e+00
 2.41723e+15	4.22e-10	1.82e-04	1.00e+00
 2.49444e+15	4.79e-10	1.95e-04	1.00e+00
 2.57543e+15	5.46e-10	2.10e-04	1.00e+00
 2.64470e+15	6.06e-10	2.23e-04	1.00e+00
 2.71812e+15	6.73e-10	2.37e-04	1.00e+00
 2.81357e+15	7.85e-10	2.57e-04	1.00e+00
 2.91212e+15	9.04e-10	2.78e-04	1.00e+00
 2.99471e+15	1.01e-09	2.96e-04	1.00e+00
 3.08209e+15	1.14e-09	3.15e-04	1.00e+00
 3.19411e+15	1.32e-09	3.42e-04	1.00e+00
 3.31179e+15	1.51e-09	3.71e-04	1.00e+00
 3.41610e+15	1.72e-09	3.98e-04	1.00e+00
 3.52943e+15	1.97e-09	4.28e-04	1.00e+00
 3.66536e+15	2.34e-09	4.67e-04	1.00e+00
 3.80045e+15	2.68e-09	5.06e-04	9.99e-01
 3.92256e+15	3.06e-09	5.43e-04	9.99e-01
 4.05807e+15	3.53e-09	5.86e-04	9.99e-01
 4.21738e+15	4.23e-09	6.40e-04	9.99e-01
 4.37415e+15	4.89e-09	6.94e-04	9.99e-01
 4.52020e+15	5.62e-09	7.47e-04	9.99e-01
 4.68405e+15	6.45e-09	8.08e-04	9.99e-01
 4.84120e+15	7.41e-09	8.70e-04	9.99e-01
 4.95679e+15	8.33e-09	9.18e-04	9.99e-01
 5.07247e+15	9.20e-09	9.66e-04	9.99e-01
 5.22286e+15	1.02e-08	1.03e-03	9.99e-01
 5.38671e+15	1.18e-08	1.11e-03	9.99e-01
 5.53412e+15	1.32e-08	1.17e-03	9.99e-01
 5.69180e+15	1.47e-08	1.25e-03	9.99e-01
 5.89656e+15	1.75e-08	1.35e-03	9.99e-01
 6.10347e+15	2.01e-08	1.46e-03	9.99e-01
 6.27078e+15	2.26e-08	1.55e-03	9.98e-01
 6.44566e+15	2.54e-08	1.65e-03	9.98e-01
 6.67300e+15	2.89e-08	1.78e-03	9.98e-01
 6.91179e+15	3.43e-08	1.93e-03	9.98e-01
 7.11798e+15	3.88e-08	2.07e-03	9.98e-01
 7.33857e+15	4.40e-08	2.21e-03	9.98e-01
 7.61253e+15	5.08e-08	2.40e-03	9.98e-01
 7.88459e+15	6.05e-08	2.61e-03	9.97e-01
 8.11758e+15	6.85e-08	2.79e-03	9.97e-01
 8.37107e+15	7.78e-08	3.00e-03	9.97e-01
 8.68464e+15	9.00e-08	3.27e-03	9.97e-01
 8.99157e+15	1.07e-07	3.55e-03	9.96e-01
 9.24084e+15	1.21e-07	3.79e-03	9.96e-01
 9.49991e+15	1.37e-07	4.05e-03	9.96e-01
 9.83671e+15	1.57e-07	4.41e-03	9.96e-01
 1.01604e+16	1.85e-07	4.78e-03	9.95e-01
 1.03868e+16	2.04e-07	5.05e-03	9.95e-01
 1.06008e+16	2.25e-07	5.32e-03	9.95e-01
 1.08790e+16	2.52e-07	5.70e-03	9.94e-01
 1.11824e+16	2.89e-07	6.13e-03	9.94e-01
 1.14582e+16	3.24e-07	6.54e-03	9.93e-01
 1.17562e+16	3.62e-07	7.02e-03	9.93e-01
 1.20893e+16	4.24e-07	7.61e-03	9.92e-01
 1.23894e+16	4.78e-07	8.16e-03	9.92e-01
 1.26542e+16	5.30e-07	8.69e-03	9.91e-01
 1.29523e+16	5.94e-07	9.34e-03	9.91e-01
 1.32856e+16	6.96e-07	1.01e-02	9.90e-01
 1.35924e+16	7.82e-07	1.09e-02	9.89e-01
 1.38751e+16	8.72e-07	1.17e-02	9.88e-01
 1.41987e+16	1.02e-06	1.28e-02	9.87e-01
 1.45311e+16	1.15e-06	1.39e-02	9.86e-01
 1.48103e+16	1.33e-06	1.50e-02	9.85e-01
 1.50644e+16	1.49e-06	1.61e-02	9.84e-01
 1.53506e+16	1.67e-06	1.75e-02	9.83e-01
 1.56645e+16	1.97e-06	1.92e-02	9.81e-01
 1.59383e+16	2.25e-06	2.09e-02	9.79e-01
 1.61738e+16	2.51e-06	2.25e-02	9.77e-01
 1.64359e+16	2.88e-06	2.47e-02	9.75e-01
 1.67204e+16	3.46e-06	2.73e-02	9.73e-01
 1.69617e+16	3.93e-06	2.99e-02	9.70e-01
 1.71706e+16	4.41e-06	3.24e-02	9.68e-01
 1.74099e+16	5.12e-06	3.59e-02	9.64e-01
 1.76648e+16	6.07e-06	4.02e-02	9.60e-01
 1.78803e+16	7.09e-06	4.46e-02	9.55e-01
 1.80622e+16	8.16e-06	4.89e-02	9.51e-01
 1.82306e+16	9.51e-06	5.36e-02	9.46e-01
 1.83837e+16	1.08e-05	5.85e-02	9.41e-01
 1.85473e+16	1.23e-05	6.46e-02	9.35e-01
 1.87599e+16	1.56e-05	7.44e-02	9.26e-01
 1.89570e+16	1.87e-05	8.53e-02	9.15e-01
 1.90923e+16	2.18e-05	9.46e-02	9.05e-01
 1.92081e+16	2.50e-05	1.04e-01	8.96e-01
 1.93404e+16	2.90e-05	1.17e-01	8.83e-01
 1.94871e+16	3.49e-05	1.33e-01	8.67e-01
 1.96127e+16	4.17e-05	1.50e-01	8.49e-01
 1.97085e+16	4.88e-05	1.66e-01	8.34e-01
 1.97844e+16	5.48e-05	1.80e-01	8.20e-01
 1.98482e+16	6.05e-05	1.93e-01	8.07e-01
 1.99168e+16	6.71e-05	2.09e-01	7.91e-01
 2.00060e+16	7.88e-05	2.33e-01	7.67e-01
 2.00849e+16	8.99e-05	2.55e-01	7.45e-01
 2.01348e+16	9.82e-05	2.71e-01	7.28e-01
 2.01841e+16	1.07e-04	2.89e-01	7.11e-01
 2.02482e+16	1.21e-04	3.14e-01	6.86e-01
 2.03160e+16	1.36e-04	3.42e-01	6.58e-01
 2.03730e+16	1.50e-04	3.67e-01	6.33e-01
 2.04313e+16	1.69e-04	3.96e-01	6.04e-01
 2.04895e+16	1.87e-04	4.25e-01	5.75e-01
 2.05399e+16	2.05e-04	4.52e-01	5.48e-01
 2.05977e+16	2.28e-04	4.84e-01	5.16e-01
 2.06617e+16	2.54e-04	5.20e-01	4.79e-01
 2.07218e+16	2.81e-04	5.55e-01	4.44e-01
 2.07880e+16	3.12e-04	5.94e-01	4.05e-01
 2.08604e+16	3.47e-04	6.35e-01	3.64e-01
 2.09279e+16	3.81e-04	6.72e-01	3.27e-01
 2.10026e+16	4.21e-04	7.12e-01	2.88e-01
 2.10996e+16	4.72e-04	7.58e-01	2.42e-01
 2.12007e+16	5.22e-04	7.99e-01	2.01e-01
 2.12903e+16	5.65e-04	8.30e-01	1.69e-01
 2.13901e+16	6.13e-04	8.60e-01	1.40e-01
 2.15199e+16	6.70e-04	8.91e-01	1.09e-01
 2.16886e+16	7.40e-04	9.20e-01	7.91e-02
 2.18702e+16	8.11e-04	9.42e-01	5.75e-02
 2.19969e+16	8.59e-04	9.52e-01	4.72e-02
 2.20664e+16	8.86e-04	9.57e-01	4.24e-02
 2.21332e+16	9.13e-04	9.61e-01	3.80e-02
 2.22201e+16	9.49e-04	9.66e-01	3.31e-02
 2.23331e+16	9.96e-04	9.71e-01	2.78e-02
 2.24529e+16	1.05e-03	9.76e-01	2.34e-02
 2.25535e+16	1.10e-03	9.78e-01	2.05e-02
 2.26408e+16	1.14e-03	9.81e-01	1.82e-02
 2.27229e+16	1.19e-03	9.82e-01	1.64e-02
 2.27997e+16	1.23e-03	9.84e-01	1.48e-02
 2.28863e+16	1.29e-03	9.85e-01	1.33e-02
 2.29780e+16	1.35e-03	9.87e-01	1.18e-02
 2.30550e+16	1.40e-03	9.88e-01	1.08e-02
 2.31204e+16	1.46e-03	9.88e-01	1.00e-02
 2.31921e+16	1.52e-03	9.89e-01	9.22e-03
 2.32714e+16	1.59e-03	9.90e-01	8.42e-03
 2.33432e+16	1.66e-03	9.91e-01	7.80e-03
 2.34057e+16	1.73e-03	9.91e-01	7.28e-03
 2.34734e+16	1.81e-03	9.91e-01	6.74e-03
 2.35476e+16	1.90e-03	9.92e-01	6.24e-03
 2.36124e+16	1.99e-03	9.92e-01	5.84e-03
 2.36675e+16	2.08e-03	9.92e-01	5.52e-03
 2.37278e+16	2.18e-03	9.93e-01	5.17e-03
 2.37943e+16	2.30e-03	9.93e-01	4.84e-03
 2.38535e+16	2.42e-03	9.93e-01	4.56e-03
 2.39047e+16	2.53e-03	9.93e-01	4.34e-03
 2.39608e+16	2.66e-03	9.93e-01	4.10e-03
 2.40222e+16	2.82e-03	9.93e-01	3.87e-03
 2.40762e+16	2.98e-03	9.93e-01	3.68e-03
 2.41229e+16	3.13e-03	9.93e-01	3.52e-03
 2.41744e+16	3.31e-03	9.93e-01	3.34e-03
 2.42314e+16	3.53e-03	9.93e-01	3.17e-03
 2.42826e+16	3.75e-03	9.93e-01	3.03e-03
 2.43276e+16	3.97e-03	9.93e-01	2.91e-03
 2.43775e+16	4.24e-03	9.93e-01	2.77e-03
 2.44326e+16	4.58e-03	9.93e-01	2.64e-03
 2.44829e+16	4.93e-03	9.93e-01	2.52e-03
 2.45287e+16	5.30e-03	9.92e-01	2.42e-03
 2.45802e+16	5.77e-03	9.92e-01	2.31e-03
 2.46365e+16	6.36e-03	9.91e-01	2.21e-03
 2.46854e+16	6.99e-03	9.91e-01	2.12e-03
 2.47260e+16	7.61e-03	9.90e-01	2.04e-03
 2.47625e+16	8.22e-03	9.90e-01	1.99e-03
 2.47976e+16	8.92e-03	9.89e-01	1.93e-03
 2.48322e+16	9.73e-03	9.88e-01	1.87e-03
 2.48657e+16	1.06e-02	9.88e-01	1.83e-03
 2.48972e+16	1.16e-02	9.87e-01	1.78e-03
 2.49266e+16	1.26e-02	9.86e-01	1.75e-03
 2.49552e+16	1.38e-02	9.84e-01	1.71e-03
 2.49829e+16	1.52e-02	9.83e-01	1.67e-03
 2.50091e+16	1.67e-02	9.82e-01	1.65e-03
 2.50339e+16	1.83e-02	9.80e-01	1.62e-03
 2.50580e+16	2.01e-02	9.78e-01	1.60e-03
 2.50852e+16	2.25e-02	9.76e-01	1.58e-03
 2.51138e+16	2.57e-02	9.73e-01	1.57e-03
 2.51367e+16	2.88e-02	9.70e-01	1.55e-03
 2.51551e+16	3.16e-02	9.67e-01	1.55e-03
 2.51751e+16	3.53e-02	9.63e-01	1.55e-03
 2.51970e+16	3.99e-02	9.59e-01	1.55e-03
 2.52165e+16	4.50e-02	9.53e-01	1.56e-03
 2.52331e+16	5.00e-02	9.48e-01	1.57e-03
 2.52484e+16	5.54e-02	9.43e-01	1.59e-03
 2.52654e+16	6.23e-02	9.36e-01	1.60e-03
 2.52830e+16	7.06e-02	9.28e-01	1.63e-03
 2.52979e+16	7.91e-02	9.19e-01	1.66e-03
 2.53109e+16	8.74e-02	9.11e-01	1.69e-03
 2.53228e+16	9.62e-02	9.02e-01	1.72e-03
 2.53342e+16	1.06e-01	8.93e-01	1.75e-03
 2.53450e+16	1.16e-01	8.83e-01	1.78e-03
 2.53548e+16	1.26e-01	8.73e-01	1.82e-03
 2.53626e+16	1.34e-01	8.64e-01	1.85e-03
 2.53676e+16	1.40e-01	8.58e-01	1.87e-03
 2.53723e+16	1.46e-01	8.52e-01	1.88e-03
 2.53776e+16	1.53e-01	8.45e-01	1.90e-03
 2.53833e+16	1.61e-01	8.37e-01	1.92e-03
 2.53889e+16	1.70e-01	8.28e-01	1.95e-03
 2.53942e+16	1.78e-01	8.20e-01	1.97e-03
 2.53994e+16	1.87e-01	8.11e-01	1.99e-03
 2.54046e+16	1.96e-01	8.02e-01	2.02e-03
 2.54098e+16	2.05e-01	7.93e-01	2.04e-03
 2.54149e+16	2.15e-01	7.83e-01	2.06e-03
 2.54199e+16	2.26e-01	7.72e-01	2.09e-03
 2.54249e+16	2.36e-01	7.62e-01	2.11e-03
 2.54299e+16	2.47e-01	7.51e-01	2.13e-03
 2.54348e+16	2.59e-01	7.39e-01	2.15e-03
 2.54396e+16	2.71e-01	7.27e-01	2.18e-03
 2.54444e+16	2.83e-01	7.15e-01	2.20e-03
 2.54491e+16	2.96e-01	7.02e-01	2.22e-03
 2.54538e+16	3.09e-01	6.89e-01	2.24e-03
 2.54585e+16	3.23e-01	6.75e-01	2.25e-03
 2.54631e+16	3.36e-01	6.62e-01	2.28e-03
 2.54676e+16	3.51e-01	6.47e-01	2.29e-03
 2.54722e+16	3.65e-01	6.32e-01	2.30e-03
 2.54766e+16	3.80e-01	6.18e-01	2.32e-03
 2.54809e+16	3.95e-01	6.03e-01	2.33e-03
 2.54853e+16	4.10e-01	5.87e-01	2.34e-03
 2.54896e+16	4.26e-01	5.72e-01	2.35e-03
 2.54939e+16	4.42e-01	5.56e-01	2.35e-03
 2.54981e+16	4.57e-01	5.40e-01	2.36e-03
 2.55022e+16	4.73e-01	5.25e-01	2.36e-03
 2.55063e+16	4.89e-01	5.09e-01	2.36e-03
 2.55103e+16	5.04e-01	4.93e-01	2.36e-03
 2.55142e+16	5.20e-01	4.78e-01	2.36e-03
 2.55180e+16	5.35e-01	4.62e-01	2.35e-03
 2.55218e+16	5.50e-01	4.47e-01	2.35e-03
 2.55256e+16	5.65e-01	4.32e-01	2.34e-03
 2.55292e+16	5.80e-01	4.18e-01	2.32e-03
 2.55328e+16	5.94e-01	4.03e-01	2.31e-03
 2.55364e+16	6.09e-01	3.89e-01	2.29e-03
 2.55399e+16	6.23e-01	3.75e-01	2.27e-03
 2.55434e+16	6.36e-01	3.61e-01	2.25e-03
 2.55468e+16	6.50e-01	3.48e-01	2.23e-03
 2.55502e+16	6.63e-01	3.35e-01	2.20e-03
 2.55535e+16	6.75e-01	3.22e-01	2.18e-03
 2.55568e+16	6.88e-01	3.10e-01	2.15e-03
 2.55601e+16	7.00e-01	2.98e-01	2.12e-03
 2.55634e+16	7.12e-01	2.86e-01	2.09e-03
 2.55667e+16	7.23e-01	2.75e-01	2.06e-03
 2.55700e+16	7.34e-01	2.64e-01	2.02e-03
 2.55733e+16	7.45e-01	2.53e-01	1.99e-03
 2.55765e+16	7.56e-01	2.42e-01	1.95e-03
 2.55798e+16	7.66e-01	2.32e-01	1.91e-03
 2.55827e+16	7.75e-01	2.23e-01	1.87e-03
 2.55849e+16	7.81e-01	2.17e-01	1.84e-03
 2.55870e+16	7.87e-01	2.11e-01	1.81e-03
 2.55891e+16	7.94e-01	2.05e-01	1.78e-03
 2.55914e+16	8.00e-01	1.98e-01	1.75e-03
 2.55935e+16	8.06e-01	1.93e-01	1.72e-03
 2.55956e+16	8.11e-01	1.87e-01	1.69e-03
 2.55977e+16	8.16e-01	1.82e-01	1.66e-03
 2.55996e+16	8.21e-01	1.77e-01	1.63e-03
 2.56016e+16	8.26e-01	1.72e-01	1.61e-03
 2.56035e+16	8.30e-01	1.68e-01	1.58e-03
 2.56054e+16	8.35e-01	1.64e-01	1.55e-03
 2.56073e+16	8.39e-01	1.59e-01	1.53e-03
 2.56091e+16	8.43e-01	1.56e-01	1.50e-03
 2.56110e+16	8.47e-01	1.52e-01	1.48e-03
 2.56128e+16	8.51e-01	1.48e-01	1.45e-03
 2.56146e+16	8.54e-01	1.44e-01	1.42e-03
 2.56165e+16	8.58e-01	1.41e-01	1.40e-03
 2.56183e+16	8.61e-01	1.38e-01	1.38e-03
 2.56202e+16	8.64e-01	1.34e-01	1.35e-03
 2.56220e+16	8.68e-01	1.31e-01	1.33e-03
 2.56239e+16	8.71e-01	1.28e-01	1.30e-03
 2.56259e+16	8.74e-01	1.25e-01	1.28e-03
 2.56279e+16	8.77e-01	1.22e-01	1.25e-03
 2.56299e+16	8.80e-01	1.19e-01	1.23e-03
 2.56321e+16	8.83e-01	1.16e-01	1.20e-03
 2.56343e+16	8.86e-01	1.13e-01	1.18e-03
 2.56368e+16	8.89e-01	1.10e-01	1.15e-03
 2.56394e+16	8.93e-01	1.06e-01	1.12e-03
 2.56424e+16	8.96e-01	1.03e-01	1.09e-03
 2.56458e+16	9.00e-01	9.94e-02	1.06e-03
 2.56497e+16	9.03e-01	9.55e-02	1.02e-03
 2.56542e+16	9.07e-01	9.16e-02	9.85e-04
 2.56588e+16	9.11e-01	8.80e-02	9.49e-04
 2.56634e+16	9.14e-01	8.47e-02	9.15e-04
 2.56682e+16	9.17e-01	8.16e-02	8.82e-04
 2.56730e+16	9.20e-01	7.90e-02	8.53e-04
 2.56774e+16	9.22e-01	7.68e-02	8.28e-04
 2.56813e+16	9.24e-01	7.50e-02	8.07e-04
 2.56857e+16	9.26e-01	7.31e-02	7.85e-04
 2.56913e+16	9.28e-01	7.10e-02	7.61e-04
 2.56974e+16	9.30e-01	6.92e-02	7.40e-04
 2.57030e+16	9.32e-01	6.77e-02	7.22e-04
 2.57090e+16	9.33e-01	6.62e-02	7.02e-04
 2.57169e+16	9.35e-01	6.46e-02	6.82e-04
 2.57255e+16	9.36e-01	6.33e-02	6.64e-04
 2.57332e+16	9.37e-01	6.22e-02	6.49e-04
 2.57417e+16	9.38e-01	6.11e-02	6.32e-04
 2.57528e+16	9.39e-01	6.00e-02	6.16e-04
 2.57647e+16	9.40e-01	5.91e-02	6.01e-04
 2.57778e+16	9.41e-01	5.81e-02	5.84e-04
 2.57948e+16	9.42e-01	5.70e-02	5.65e-04
 2.58132e+16	9.43e-01	5.61e-02	5.47e-04
 2.58299e+16	9.44e-01	5.52e-02	5.31e-04
 2.58482e+16	9.45e-01	5.43e-02	5.14e-04
 2.58680e+16	9.46e-01	5.34e-02	4.97e-04
 2.58859e+16	9.47e-01	5.26e-02	4.82e-04
 2.59023e+16	9.48e-01	5.19e-02	4.69e-04
 2.59202e+16	9.48e-01	5.11e-02	4.54e-04
 2.59396e+16	9.49e-01	5.03e-02	4.40e-04
 2.59572e+16	9.50e-01	4.96e-02	4.27e-04
 2.59733e+16	9.51e-01	4.89e-02	4.15e-04
 2.59908e+16	9.51e-01	4.82e-02	4.02e-04
 2.60098e+16	9.52e-01	4.75e-02	3.90e-04
 2.60270e+16	9.53e-01	4.67e-02	3.78e-04
 2.60428e+16	9.54e-01	4.61e-02	3.68e-04
 2.60570e+16	9.54e-01	4.56e-02	3.59e-04
 2.60727e+16	9.55e-01	4.49e-02	3.49e-04
 2.60896e+16	9.55e-01	4.43e-02	3.39e-04
 2.61050e+16	9.56e-01	4.37e-02	3.30e-04
 2.61190e+16	9.57e-01	4.32e-02	3.22e-04
 2.61344e+16	9.57e-01	4.26e-02	3.12e-04
 2.61509e+16	9.58e-01	4.20e-02	3.04e-04
 2.61660e+16	9.58e-01	4.14e-02	2.96e-04
 2.61825e+16	9.59e-01	4.08e-02	2.87e-04
 2.62003e+16	9.60e-01	4.02e-02	2.78e-04
 2.62166e+16	9.60e-01	3.96e-02	2.70e-04
 2.62313e+16	9.61e-01	3.91e-02	2.63e-04
 2.62475e+16	9.61e-01	3.85e-02	2.55e-04
 2.62650e+16	9.62e-01	3.80e-02	2.48e-04
 2.62809e+16	9.62e-01	3.74e-02	2.41e-04
 2.62953e+16	9.63e-01	3.70e-02	2.35e-04
 2.63112e+16	9.63e-01	3.64e-02	2.28e-04
 2.63283e+16	9.64e-01	3.59e-02	2.22e-04
 2.63439e+16	9.64e-01	3.54e-02	2.16e-04
 2.63581e+16	9.65e-01	3.50e-02	2.11e-04
 2.63736e+16	9.65e-01	3.45e-02	2.05e-04
 2.63904e+16	9.66e-01	3.40e-02	1.99e-04
 2.64056e+16	9.66e-01	3.36e-02	1.94e-04
 2.64223e+16	9.67e-01	3.31e-02	1.89e-04
 2.64404e+16	9.67e-01	3.26e-02	1.83e-04
 2.64568e+16	9.68e-01	3.22e-02	1.79e-04
 2.64748e+16	9.68e-01	3.17e-02	1.73e-04
 2.64942e+16	9.69e-01	3.12e-02	1.68e-04
 2.65119e+16	9.69e-01	3.08e-02	1.63e-04
 2.65313e+16	9.70e-01	3.03e-02	1.58e-04
 2.65522e+16	9.70e-01	2.98e-02	1.53e-04
 2.65712e+16	9.71e-01	2.93e-02	1.48e-04
 2.65886e+16	9.71e-01	2.89e-02	1.44e-04
 2.66075e+16	9.71e-01	2.85e-02	1.40e-04
 2.66280e+16	9.72e-01	2.80e-02	1.35e-04
 2.66467e+16	9.72e-01	2.76e-02	1.32e-04
 2.66671e+16	9.73e-01	2.72e-02	1.27e-04
 2.66892e+16	9.73e-01	2.67e-02	1.23e-04
 2.67092e+16	9.74e-01	2.63e-02	1.19e-04
 2.67275e+16	9.74e-01	2.59e-02	1.16e-04
 2.67475e+16	9.74e-01	2.55e-02	1.13e-04
 2.67691e+16	9.75e-01	2.51e-02	1.09e-04
 2.67888e+16	9.75e-01	2.48e-02	1.06e-04
 2.68103e+16	9.76e-01	2.43e-02	1.03e-04
 2.68336e+16	9.76e-01	2.39e-02	9.92e-05
 2.68548e+16	9.76e-01	2.36e-02	9.62e-05
 2.68780e+16	9.77e-01	2.31e-02	9.29e-05
 2.69030e+16	9.77e-01	2.27e-02	8.97e-05
 2.69258e+16	9.78e-01	2.24e-02	8.68e-05
 2.69465e+16	9.78e-01	2.20e-02	8.44e-05
 2.69693e+16	9.78e-01	2.17e-02	8.16e-05
 2.69938e+16	9.79e-01	2.13e-02	7.89e-05
 2.70161e+16	9.79e-01	2.10e-02	7.65e-05
 2.70406e+16	9.79e-01	2.06e-02	7.39e-05
 2.70670e+16	9.80e-01	2.02e-02	7.13e-05
 2.70910e+16	9.80e-01	1.99e-02	6.90e-05
 2.71174e+16	9.80e-01	1.95e-02	6.65e-05
 2.71458e+16	9.81e-01	1.92e-02	6.41e-05
 2.71717e+16	9.81e-01	1.88e-02	6.19e-05
 2.72000e+16	9.81e-01	1.85e-02	5.96e-05
 2.72306e+16	9.82e-01	1.81e-02	5.73e-05
 2.72585e+16	9.82e-01	1.78e-02	5.53e-05
 2.72838e+16	9.82e-01	1.75e-02	5.35e-05
 2.73116e+16	9.83e-01	1.72e-02	5.16e-05
 2.73416e+16	9.83e-01	1.68e-02	4.97e-05
 2.73689e+16	9.83e-01	1.66e-02	4.81e-05
 2.73988e+16	9.84e-01	1.62e-02	4.62e-05
 2.74311e+16	9.84e-01	1.59e-02	4.44e-05
 2.74604e+16	9.84e-01	1.56e-02	4.29e-05
 2.74926e+16	9.85e-01	1.53e-02	4.12e-05
 2.75274e+16	9.85e-01	1.50e-02	3.95e-05
 2.75590e+16	9.85e-01	1.47e-02	3.81e-05
 2.75937e+16	9.86e-01	1.44e-02	3.65e-05
 2.76311e+16	9.86e-01	1.41e-02	3.50e-05
 2.76651e+16	9.86e-01	1.38e-02	3.36e-05
 2.77024e+16	9.86e-01	1.35e-02	3.22e-05
 2.77427e+16	9.87e-01	1.32e-02	3.07e-05
 2.77793e+16	9.87e-01	1.29e-02	2.95e-05
 2.78195e+16	9.87e-01	1.26e-02	2.82e-05
 2.78629e+16	9.88e-01	1.23e-02	2.69e-05
 2.79023e+16	9.88e-01	1.21e-02	2.57e-05
 2.79455e+16	9.88e-01	1.18e-02	2.45e-05
 2.79922e+16	9.89e-01	1.15e-02	2.33e-05
 2.80347e+16	9.89e-01	1.12e-02	2.23e-05
 2.80812e+16	9.89e-01	1.09e-02	2.12e-05
 2.81315e+16	9.89e-01	1.06e-02	2.01e-05
 2.81772e+16	9.90e-01	1.04e-02	1.92e-05
 2.82273e+16	9.90e-01	1.01e-02	1.82e-05
 2.82814e+16	9.90e-01	9.84e-03	1.72e-05
 2.83306e+16	9.90e-01	9.60e-03	1.64e-05
 2.83846e+16	9.91e-01	9.33e-03	1.55e-05
 2.84428e+16	9.91e-01	9.06e-03	1.47e-05
 2.84958e+16	9.91e-01	8.83e-03	1.39e-05
 2.85538e+16	9.91e-01	8.58e-03	1.32e-05
 2.86165e+16	9.92e-01	8.32e-03	1.24e-05
 2.86736e+16	9.92e-01	8.10e-03	1.18e-05
 2.87361e+16	9.92e-01	7.85e-03	1.11e-05
 2.88036e+16	9.92e-01	7.61e-03	1.04e-05
 2.88650e+16	9.93e-01	7.40e-03	9.84e-06
 2.89323e+16	9.93e-01	7.17e-03	9.23e-06
 2.90179e+16	9.93e-01	6.88e-03	8.51e-06
 2.91141e+16	9.93e-01	6.58e-03	7.81e-06
 2.92118e+16	9.94e-01	6.30e-03	7.17e-06
 2.93127e+16	9.94e-01	6.03e-03	6.56e-06
 2.94179e+16	9.94e-01	5.76e-03	6.00e-06
 2.95271e+16	9.94e-01	5.49e-03	5.47e-06
 2.96402e+16	9.95e-01	5.24e-03	4.97e-06
 2.97564e+16	9.95e-01	4.99e-03	4.52e-06
 2.98744e+16	9.95e-01	4.75e-03	4.11e-06
 2.99943e+16	9.95e-01	4.53e-03	3.73e-06
 3.01166e+16	9.96e-01	4.31e-03	3.38e-06
 3.02414e+16	9.96e-01	4.10e-03	3.07e-06
 3.03684e+16	9.96e-01	3.90e-03	2.78e-06
 3.04978e+16	9.96e-01	3.71e-03	2.52e-06
 3.06295e+16	9.96e-01	3.53e-03	2.28e-06
 3.07636e+16	9.97e-01	3.36e-03	2.06e-06
 3.09003e+16	9.97e-01	3.19e-03	1.87e-06
 3.10373e+16	9.97e-01	3.03e-03	1.69e-06
 3.11764e+16	9.97e-01	2.88e-03	1.52e-06
 3.13209e+16	9.97e-01	2.73e-03	1.37e-06
 3.14687e+16	9.97e-01	2.59e-03	1.24e-06
 3.16187e+16	9.98e-01	2.46e-03	1.11e-06
 3.17711e+16	9.98e-01	2.33e-03	1.00e-06
 3.19266e+16	9.98e-01	2.21e-03	8.98e-07
 3.20852e+16	9.98e-01	2.09e-03	8.05e-07
 3.22470e+16	9.98e-01	1.98e-03	7.21e-07
 3.24119e+16	9.98e-01	1.87e-03	6.45e-07
 3.25802e+16	9.98e-01	1.76e-03	5.76e-07
 3.27520e+16	9.98e-01	1.67e-03	5.14e-07
 3.29275e+16	9.98e-01	1.57e-03	4.58e-07
 3.31066e+16	9.99e-01	1.48e-03	4.07e-07
 3.32895e+16	9.99e-01	1.40e-03	3.61e-07
 3.34765e+16	9.99e-01	1.31e-03	3.20e-07
 3.36678e+16	9.99e-01	1.24e-03	2.83e-07
 3.38635e+16	9.99e-01	1.16e-03	2.50e-07
 3.40638e+16	9.99e-01	1.09e-03	2.20e-07
 3.42690e+16	9.99e-01	1.02e-03	1.94e-07
 3.44794e+16	9.99e-01	9.55e-04	1.70e-07
 3.46952e+16	9.99e-01	8.94e-04	1.48e-07
 3.49167e+16	9.99e-01	8.35e-04	1.30e-07
 3.51446e+16	9.99e-01	7.79e-04	1.13e-07
 3.53792e+16	9.99e-01	7.25e-04	9.77e-08
 3.56171e+16	9.99e-01	6.76e-04	8.48e-08
 3.58600e+16	9.99e-01	6.28e-04	7.32e-08
 3.61154e+16	9.99e-01	5.82e-04	6.28e-08
 3.63831e+16	9.99e-01	5.37e-04	5.36e-08
 3.66599e+16	1.00e+00	4.95e-04	4.55e-08
 3.69462e+16	1.00e+00	4.55e-04	3.84e-08
 3.72441e+16	1.00e+00	4.17e-04	3.22e-08
 3.75554e+16	1.00e+00	3.81e-04	2.69e-08
 3.78812e+16	1.00e+00	3.47e-04	2.22e-08
 3.82240e+16	1.00e+00	3.15e-04	1.82e-08
 3.85854e+16	1.00e+00	2.84e-04	1.48e-08
 3.89669e+16	1.00e+00	2.55e-04	1.19e-08
 3.93743e+16	1.00e+00	2.27e-04	9.42e-09
 3.98112e+16	1.00e+00	2.01e-04	7.35e-09
 4.02789e+16	1.00e+00	1.76e-04	5.64e-09
 4.07847e+16	1.00e+00	1.53e-04	4.24e-09
 4.13389e+16	1.00e+00	1.31e-04	3.11e-09
 4.19534e+16	1.00e+00	1.10e-04	2.20e-09
 4.26437e+16	1.00e+00	9.13e-05	1.50e-09
 4.34260e+16	1.00e+00	7.37e-05	9.77e-10
 4.43088e+16	1.00e+00	5.80e-05	6.04e-10
 4.52515e+16	1.00e+00	4.51e-05	3.66e-10
 4.61946e+16	1.00e+00	3.52e-05	2.23e-10
 4.71292e+16	1.00e+00	2.76e-05	1.38e-10
 4.80717e+16	1.00e+00	2.16e-05	8.49e-11
 4.90339e+16	1.00e+00	1.69e-05	5.21e-11
 5.00156e+16	1.00e+00	1.32e-05	3.19e-11
 5.10159e+16	1.00e+00	1.03e-05	1.96e-11
 5.20421e+16	1.00e+00	8.00e-06	1.19e-11
 5.30988e+16	1.00e+00	6.21e-06	7.23e-12
 5.41857e+16	1.00e+00	4.81e-06	4.36e-12
 5.53027e+16	1.00e+00	3.71e-06	2.62e-12
 5.64561e+16	1.00e+00	2.86e-06	1.57e-12
 5.76604e+16	1.00e+00	2.19e-06	9.25e-13
 5.89164e+16	1.00e+00	1.67e-06	5.40e-13
 6.02221e+16	1.00e+00	1.27e-06	3.12e-13
 6.15890e+16	1.00e+00	9.54e-07	1.78e-13
 6.30266e+16	1.00e+00	7.14e-07	1.00e-13
 6.45467e+16	1.00e+00	5.29e-07	5.52e-14
 6.61127e+16	1.00e+00	3.92e-07	3.05e-14
 6.76788e+16	1.00e+00	2.93e-07	1.71e-14
 6.93879e+16	1.00e+00	2.13e-07	9.11e-15
 7.13625e+16	1.00e+00	1.50e-07	4.52e-15
 7.34598e+16	1.00e+00	1.05e-07	2.21e-15
 7.56854e+16	1.00e+00	7.22e-08	1.05e-15
 7.80949e+16	1.00e+00	4.90e-08	4.86e-16
 8.05625e+16	1.00e+00	3.34e-08	2.27e-16
 8.30327e+16	1.00e+00	2.31e-08	1.08e-16
 8.55719e+16	1.00e+00	1.59e-08	5.16e-17
 8.82330e+16	1.00e+00	1.09e-08	2.43e-17
 9.09776e+16	1.00e+00	7.49e-09	1.15e-17
 9.37825e+16	1.00e+00	5.15e-09	5.46e-18
 9.66208e+16	1.00e+00	3.57e-09	2.63e-18
 9.94628e+16	1.00e+00	2.50e-09	1.29e-18
 1.02305e+17	1.00e+00	1.77e-09	6.46e-19
 1.05147e+17	1.00e+00	1.26e-09	3.29e-19
 1.07989e+17	1.00e+00	9.08e-10	1.71e-19
 1.10831e+17	1.00e+00	6.58e-10	8.98e-20
 1.13673e+17	1.00e+00	4.81e-10	4.80e-20
 1.16659e+17	1.00e+00	3.47e-10	2.50e-20
 1.19789e+17	1.00e+00	2.50e-10	1.30e-20
 1.22919e+17	1.00e+00	1.81e-10	6.83e-21
 1.26048e+17	1.00e+00	1.33e-10	0.00e+00
 1.29178e+17	1.00e+00	9.77e-11	0.00e+00
 1.32293e+17	1.00e+00	7.27e-11	0.00e+00
 1.35357e+17	1.00e+00	5.48e-11	0.00e+00
 1.38342e+17	1.00e+00	4.19e-11	0.00e+00
 1.41242e+17	1.00e+00	3.25e-11	0.00e+00
 1.44054e+17	1.00e+00	2.57e-11	0.00e+00
 1.46768e+17	1.00e+00	2.06e-11	0.00e+00
 1.49378e+17	1.00e+00	1.67e-11	0.00e+00
 1.51880e+17	1.00e+00	1.38e-11	0.00e+00
 1.54269e+17	1.00e+00	1.16e-11	0.00e+00
 1.56548e+17	1.00e+00	9.91e-12	0.00e+00
 1.58718e+17	1.00e+00	8.58e-12	0.00e+00
 1.60780e+17	1.00e+00	7.52e-12	0.00e+00
 1.62738e+17	1.00e+00	6.68e-12	0.00e+00
 1.64595e+17	1.00e+00	6.01e-12	0.00e+00
 1.66354e+17	1.00e+00	5.46e-12	0.00e+00
 1.68021e+17	1.00e+00	5.01e-12	0.00e+00
 1.69600e+17	1.00e+00	4.64e-12	0.00e+00
 1.71096e+17	1.00e+00	4.33e-12	0.00e+00
 1.72513e+17	1.00e+00	4.07e-12	0.00e+00
 1.73854e+17	1.00e+00	3.86e-12	0.00e+00
 1.75125e+17	1.00e+00	3.67e-12	0.00e+00
 1.76329e+17	1.00e+00	3.51e-12	0.00e+00
 1.77469e+17	1.00e+00	3.37e-12	0.00e+00
 1.78549e+17	1.00e+00	3.26e-12	0.00e+00
 1.79573e+17	1.00e+00	3.15e-12	0.00e+00
 1.80545e+17	1.00e+00	3.07e-12	0.00e+00
 1.81466e+17	1.00e+00	2.99e-12	0.00e+00
 1.82341e+17	1.00e+00	2.92e-12	0.00e+00
 1.83171e+17	1.00e+00	2.86e-12	0.00e+00
 1.83959e+17	1.00e+00	2.80e-12	0.00e+00
 1.84707e+17	1.00e+00	2.76e-12	0.00e+00
 1.85419e+17	1.00e+00	2.71e-12	0.00e+00
 1.86096e+17	1.00e+00	2.67e-12	0.00e+00
 1.86740e+17	1.00e+00	2.64e-12	0.00e+00
 1.87353e+17	1.00e+00	2.61e-12	0.00e+00
 1.87936e+17	1.00e+00	2.58e-12	0.00e+00
 1.88492e+17	1.00e+00	2.55e-12	0.00e+00
 1.89023e+17	1.00e+00	2.53e-12	0.00e+00
 1.89529e+17	1.00e+00	2.51e-12	0.00e+00
 1.90013e+17	1.00e+00	2.49e-12	0.00e+00
 1.90475e+17	1.00e+00	2.47e-12	0.00e+00
 1.90917e+17	1.00e+00	2.45e-12	0.00e+00
 1.91341e+17	1.00e+00	2.44e-12	0.00e+00
 1.91747e+17	1.00e+00	2.42e-12	0.00e+00
 1.92137e+17	1.00e+00	2.41e-12	0.00e+00
 1.92511e+17	1.00e+00	2.39e-12	0.00e+00
 1.92872e+17	1.00e+00	2.38e-12	0.00e+00
 1.93219e+17	1.00e+00	2.37e-12	0.00e+00
 1.93555e+17	1.00e+00	2.36e-12	0.00e+00
 1.93880e+17	1.00e+00	2.35e-12	0.00e+00
 1.94196e+17	1.00e+00	2.34e-12	0.00e+00
 1.94502e+17	1.00e+00	2.33e-12	0.00e+00
 1.94801e+17	1.00e+00	2.32e-12	0.00e+00
 1.95093e+17	1.00e+00	2.31e-12	0.00e+00
 1.95380e+17	1.00e+00	2.31e-12	0.00e+00
 1.95663e+17	1.00e+00	2.30e-12	0.00e+00
 1.95942e+17	1.00e+00	2.29e-12	0.00e+00
 1.96220e+17	1.00e+00	2.28e-12	0.00e+00
 1.96497e+17	1.00e+00	2.28e-12	0.00e+00
 1.96776e+17	1.00e+00	2.27e-12	0.00e+00
 1.97059e+17	1.00e+00	2.26e-12	0.00e+00
 1.97347e+17	1.00e+00	2.25e-12	0.00e+00
 1.97644e+17	1.00e+00	2.24e-12	0.00e+00
 1.97953e+17	1.00e+00	2.24e-12	0.00e+00
 1.98277e+17	1.00e+00	2.23e-12	0.00e+00
 1.98624e+17	1.00e+00	2.22e-12	0.00e+00
 1.98999e+17	1.00e+00	2.21e-12	0.00e+00
 1.99412e+17	1.00e+00	2.20e-12	0.00e+00
 1.99878e+17	1.00e+00	2.18e-12	0.00e+00
 2.00414e+17	1.00e+00	2.17e-12	0.00e+00
 2.01050e+17	1.00e+00	2.15e-12	0.00e+00
 2.01829e+17	1.00e+00	2.12e-12	0.00e+00
 2.02817e+17	1.00e+00	2.09e-12	0.00e+00
 2.04098e+17	1.00e+00	2.04e-12	0.00e+00
 2.05764e+17	1.00e+00	1.98e-12	0.00e+00
 2.07929e+17	1.00e+00	1.89e-12	0.00e+00
 2.10744e+17	1.00e+00	1.77e-12	0.00e+00
 2.14403e+17	1.00e+00	1.62e-12	0.00e+00
 2.19160e+17	1.00e+00	1.43e-12	0.00e+00
 2.25343e+17	1.00e+00	1.22e-12	0.00e+00
 2.33382e+17	1.00e+00	9.77e-13	0.00e+00
 2.42685e+17	1.00e+00	7.31e-13	0.00e+00
 2.52392e+17	1.00e+00	6.39e-13	0.00e+00
 2.62488e+17	1.00e+00	5.79e-13	0.00e+00
 2.72987e+17	1.00e+00	5.27e-13	0.00e+00
 2.83907e+17	1.00e+00	4.78e-13	0.00e+00
 2.95263e+17	1.00e+00	4.31e-13	0.00e+00
 3.07074e+17	1.00e+00	3.86e-13	0.00e+00
 3.19357e+17	1.00e+00	3.42e-13	0.00e+00
 3.32131e+17	1.00e+00	3.01e-13	0.00e+00
 3.45416e+17	1.00e+00	2.62e-13	0.00e+00
 3.59233e+17	1.00e+00	2.25e-13	0.00e+00
 3.72947e+17	1.00e+00	1.90e-13	0.00e+00
 3.85490e+17	1.00e+00	1.86e-13	0.00e+00
 3.96519e+17	1.00e+00	2.02e-13	0.00e+00
 4.06485e+17	1.00e+00	2.16e-13	0.00e+00
 4.15996e+17	1.00e+00	2.13e-13	0.00e+00
 4.25218e+17	1.00e+00	1.97e-13	0.00e+00
 4.33804e+17	1.00e+00	1.82e-13	0.00e+00
 4.41331e+17	1.00e+00	1.75e-13	0.00e+00
 4.47389e+17	1.00e+00	1.74e-13	0.00e+00
 4.51566e+17	1.00e+00	1.81e-13	0.00e+00
 4.54031e+17	1.00e+00	1.92e-13	0.00e+00
 4.55446e+17	1.00e+00	2.00e-13	0.00e+00
 4.56296e+17	1.00e+00	2.04e-13	0.00e+00
 4.56805e+17	1.00e+00	2.07e-13	0.00e+00
 4.57175e+17	1.00e+00	2.09e-13	0.00e+00
 4.57580e+17	1.00e+00	2.10e-13	0.00e+00
 4.58068e+17	1.00e+00	2.11e-13	0.00e+00
 4.58556e+17	1.00e+00	2.12e-13	0.00e+00
 4.58938e+17	1.00e+00	2.12e-13	0.00e+00
 4.59243e+17	1.00e+00	2.12e-13	0.00e+00
 4.59562e+17	1.00e+00	2.12e-13	0.00e+00
 4.59899e+17	1.00e+00	2.12e-13	0.00e+00
 4.60203e+17	1.00e+00	2.12e-13	0.00e+00
 4.60459e+17	1.00e+00	2.12e-13	0.00e+00
 4.60699e+17	1.00e+00	2.11e-13	0.00e+00
 4.60949e+17	1.00e+00	2.11e-13	0.00e+00
 4.61191e+17	1.00e+00	2.11e-13	0.00e+00
 4.61412e+17	1.00e+00	2.10e-13	0.00e+00
 4.61623e+17	1.00e+00	2.10e-13	0.00e+00
 4.61825e+17	1.00e+00	2.09e-13	0.00e+00
 4.62021e+17	1.00e+00	2.09e-13	0.00e+00
 4.62213e+17	1.00e+00	2.08e-13	0.00e+00
 4.62398e+17	1.00e+00	2.08e-13	0.00e+00
 4.62573e+17	1.00e+00	2.07e-13	0.00e+00
 4.62741e+17	1.00e+00	2.07e-13	0.00e+00
 4.62905e+17	1.00e+00	2.06e-13	0.00e+00
 4.63065e+17	1.00e+00	2.05e-13	0.00e+00
 4.63222e+17	1.00e+00	2.05e-13	0.00e+00
 4.63375e+17	1.00e+00	2.04e-13	0.00e+00
 4.63527e+17	1.00e+00	2.04e-13	0.00e+00
 4.63672e+17	1.00e+00	2.03e-13	0.00e+00
 4.63811e+17	1.00e+00	2.02e-13	0.00e+00
 4.63957e+17	1.00e+00	2.02e-13	0.00e+00
 4.64109e+17	1.00e+00	2.01e-13	0.00e+00
 4.64256e+17	1.00e+00	2.00e-13	0.00e+00
 4.64396e+17	1.00e+00	1.99e-13	0.00e+00
 4.64534e+17	1.00e+00	1.99e-13	0.00e+00
 4.64673e+17	1.00e+00	1.98e-13	0.00e+00
 4.64821e+17	1.00e+00	1.97e-13	0.00e+00
 4.64974e+17	1.00e+00	1.96e-13	0.00e+00
 4.65121e+17	1.00e+00	1.96e-13	0.00e+00
 4.65264e+17	1.00e+00	1.95e-13	0.00e+00
 4.65412e+17	1.00e+00	1.94e-13	0.00e+00
 4.65567e+17	1.00e+00	1.93e-13	0.00e+00
 4.65721e+17	1.00e+00	1.92e-13	0.00e+00
 4.65876e+17	1.00e+00	1.91e-13	0.00e+00
 4.66039e+17	1.00e+00	1.90e-13	0.00e+00
 4.66218e+17	1.00e+00	1.89e-13	0.00e+00
 4.66401e+17	1.00e+00	1.88e-13	0.00e+00
 4.66569e+17	1.00e+00	1.87e-13	0.00e+00
 4.66741e+17	1.00e+00	1.85e-13	0.00e+00
 4.66918e+17	1.00e+00	1.84e-13	0.00e+00
 4.67103e+17	1.00e+00	1.83e-13	0.00e+00
 4.67295e+17	1.00e+00	1.82e-13	0.00e+00
 4.67491e+17	1.00e+00	1.80e-13	0.00e+00
 4.67689e+17	1.00e+00	1.79e-13	0.00e+00
 4.67872e+17	1.00e+00	1.77e-13	0.00e+00
 4.68069e+17	1.00e+00	1.76e-13	0.00e+00
 4.68306e+17	1.00e+00	1.74e-13	0.00e+00
 4.68549e+17	1.00e+00	1.72e-13	0.00e+00
 4.68764e+17	1.00e+00	1.71e-13	0.00e+00
 4.68978e+17	1.00e+00	1.69e-13	0.00e+00
 4.69229e+17	1.00e+00	1.67e-13	0.00e+00
 4.69505e+17	1.00e+00	1.65e-13	0.00e+00
 4.69773e+17	1.00e+00	1.63e-13	0.00e+00
 4.70026e+17	1.00e+00	1.61e-13	0.00e+00
 4.70277e+17	1.00e+00	1.59e-13	0.00e+00
 4.70546e+17	1.00e+00	1.57e-13	0.00e+00
 4.70846e+17	1.00e+00	1.55e-13	0.00e+00
 4.71158e+17	1.00e+00	1.52e-13	0.00e+00
 4.71466e+17	1.00e+00	1.50e-13	0.00e+00
 4.71767e+17	1.00e+00	1.48e-13	0.00e+00
 4.72073e+17	1.00e+00	1.45e-13	0.00e+00
 4.72406e+17	1.00e+00	1.43e-13	0.00e+00
 4.72754e+17	1.00e+00	1.40e-13	0.00e+00
 4.73097e+17	1.00e+00	1.37e-13	0.00e+00
 4.73442e+17	1.00e+00	1.35e-13	0.00e+00
 4.73811e+17	1.00e+00	1.32e-13	0.00e+00
 4.74200e+17	1.00e+00	1.29e-13	0.00e+00
 4.74582e+17	1.00e+00	1.26e-13	0.00e+00
 4.74968e+17	1.00e+00	1.23e-13	0.00e+00
 4.75374e+17	1.00e+00	1.20e-13	0.00e+00
 4.75797e+17	1.00e+00	1.17e-13	0.00e+00
 4.76222e+17	1.00e+00	1.13e-13	0.00e+00
 4.76643e+17	1.00e+00	1.10e-13	0.00e+00
 4.77078e+17	1.00e+00	1.07e-13	0.00e+00
 4.77538e+17	1.00e+00	1.04e-13	0.00e+00
 4.78014e+17	1.00e+00	1.00e-13	0.00e+00
 4.78491e+17	1.00e+00	9.68e-14	0.00e+00
 4.78963e+17	1.00e+00	9.35e-14	0.00e+00
 4.79445e+17	1.00e+00	9.03e-14	0.00e+00
 4.79954e+17	1.00e+00	8.70e-14	0.00e+00
 4.80488e+17	1.00e+00	8.34e-14	0.00e+00
 4.81027e+17	1.00e+00	7.99e-14	0.00e+00
 4.81556e+17	1.00e+00	7.65e-14	0.00e+00
 4.82089e+17	1.00e+00	7.33e-14	0.00e+00
 4.82647e+17	1.00e+00	7.00e-14	0.00e+00
 4.83239e+17	1.00e+00	6.66e-14	0.00e+00
 4.83842e+17	1.00e+00	6.31e-14	0.00e+00
 4.84445e+17	1.00e+00	5.97e-14	0.00e+00
 4.85054e+17	1.00e+00	5.64e-14	0.00e+00
 4.85663e+17	1.00e+00	5.33e-14	0.00e+00
 4.86294e+17	1.00e+00	5.03e-14	0.00e+00
 4.86973e+17	1.00e+00	4.71e-14	0.00e+00
 4.87682e+17	1.00e+00	4.39e-14	0.00e+00
 4.88390e+17	1.00e+00	4.08e-14	0.00e+00
 4.89108e+17	1.00e+00	3.79e-14	0.00e+00
 4.89831e+17	1.00e+00	3.50e-14	0.00e+00
 4.90516e+17	1.00e+00	3.24e-14	0.00e+00
 4.91114e+17	1.00e+00	3.01e-14	0.00e+00
 4.91627e+17	1.00e+00	2.83e-14	0.00e+00
 4.92097e+17	1.00e+00	2.68e-14	0.00e+00
 4.92559e+17	1.00e+00	2.54e-14	0.00e+00
 4.93019e+17	1.00e+00	2.41e-14	0.00e+00
 4.93461e+17	1.00e+00	2.28e-14	0.00e+00
 4.93869e+17	1.00e+00	2.17e-14	0.00e+00
 4.94248e+17	1.00e+00	2.07e-14	0.00e+00
 4.94611e+17	1.00e+00	1.97e-14	0.00e+00
 4.94967e+17	1.00e+00	1.89e-14	0.00e+00
 4.95317e+17	1.00e+00	1.80e-14	0.00e+00
 4.95653e+17	1.00e+00	1.73e-14	0.00e+00
 4.95971e+17	1.00e+00	1.65e-14	0.00e+00
 4.96276e+17	1.00e+00	1.59e-14	0.00e+00
 4.96571e+17	1.00e+00	1.52e-14	0.00e+00
 4.96860e+17	1.00e+00	1.46e-14	0.00e+00
 4.97140e+17	1.00e+00	1.41e-14	0.00e+00
 4.97410e+17	1.00e+00	1.35e-14	0.00e+00
 4.97670e+17	1.00e+00	1.30e-14	0.00e+00
 4.97921e+17	1.00e+00	1.25e-14	0.00e+00
 4.98165e+17	1.00e+00	1.21e-14	0.00e+00
 4.98401e+17	1.00e+00	1.16e-14	0.00e+00
 4.98632e+17	1.00e+00	1.12e-14	0.00e+00
 4.98858e+17	1.00e+00	1.08e-14	0.00e+00
 4.99078e+17	1.00e+00	1.05e-14	0.00e+00
 4.99291e+17	1.00e+00	1.01e-14	0.00e+00
 4.99496e+17	1.00e+00	9.78e-15	0.00e+00
 4.99697e+17	1.00e+00	9.45e-15	0.00e+00
 4.99894e+17	1.00e+00	9.14e-15	0.00e+00
 5.00118e+17	1.00e+00	8.83e-15	0.00e+00
 5.00408e+17	1.00e+00	8.49e-15	0.00e+00
 5.00785e+17	1.00e+00	8.01e-15	0.00e+00
 5.01276e+17	1.00e+00	7.43e-15	0.00e+00
 5.01913e+17	1.00e+00	6.72e-15	0.00e+00
 5.02742e+17	1.00e+00	5.88e-15	0.00e+00
 5.03750e+17	1.00e+00	4.92e-15	0.00e+00
 5.04719e+17	1.00e+00	3.99e-15	0.00e+00
 5.05444e+17	1.00e+00	3.37e-15	0.00e+00
 5.05963e+17	1.00e+00	3.00e-15	0.00e+00
 5.06431e+17	1.00e+00	2.74e-15	0.00e+00
 5.06965e+17	1.00e+00	2.48e-15	0.00e+00
 5.07586e+17	1.00e+00	2.21e-15	0.00e+00
 5.08228e+17	1.00e+00	1.94e-15	0.00e+00
 5.08817e+17	1.00e+00	1.71e-15	0.00e+00
 5.09345e+17	1.00e+00	1.52e-15	0.00e+00
 5.09866e+17	1.00e+00	1.38e-15	0.00e+00
 5.10433e+17	1.00e+00	1.24e-15	0.00e+00
