#depth	N	N+	N+2	N+3	N+4	N+5	N+6	N+7
 1.49634e+10	0.00e+00	0.00e+00	6.44e-29	3.63e-19	2.58e-10	6.23e-01	3.77e-01	1.49e-04
 4.54887e+10	0.00e+00	4.01e-39	8.42e-29	4.39e-19	2.88e-10	6.42e-01	3.58e-01	1.31e-04
 7.72350e+10	0.00e+00	0.00e+00	1.10e-28	5.29e-19	3.21e-10	6.61e-01	3.39e-01	1.14e-04
 1.10251e+11	0.00e+00	8.00e-39	1.43e-28	6.38e-19	3.58e-10	6.79e-01	3.21e-01	9.98e-05
 1.41169e+11	0.00e+00	0.00e+00	1.82e-28	7.53e-19	3.93e-10	6.95e-01	3.05e-01	8.83e-05
 1.68643e+11	0.00e+00	1.42e-38	2.23e-28	8.69e-19	4.26e-10	7.09e-01	2.91e-01	7.93e-05
 1.99434e+11	0.00e+00	0.00e+00	2.79e-28	1.01e-18	4.65e-10	7.23e-01	2.77e-01	7.05e-05
 2.36137e+11	0.00e+00	2.64e-38	3.59e-28	1.21e-18	5.14e-10	7.39e-01	2.61e-01	6.15e-05
 2.72788e+11	0.00e+00	0.00e+00	4.57e-28	1.43e-18	5.64e-10	7.54e-01	2.46e-01	5.39e-05
 3.06687e+11	0.00e+00	4.80e-38	5.68e-28	1.66e-18	6.13e-10	7.66e-01	2.34e-01	4.78e-05
 3.44664e+11	0.00e+00	0.00e+00	7.17e-28	1.95e-18	6.71e-10	7.80e-01	2.20e-01	4.20e-05
 3.88378e+11	0.00e+00	9.14e-38	9.29e-28	2.33e-18	7.40e-10	7.94e-01	2.06e-01	3.63e-05
 4.31150e+11	0.00e+00	0.00e+00	1.18e-27	2.76e-18	8.11e-10	8.06e-01	1.94e-01	3.16e-05
 4.75633e+11	0.00e+00	1.73e-37	1.51e-27	3.26e-18	8.88e-10	8.18e-01	1.82e-01	2.74e-05
 5.24585e+11	0.00e+00	0.00e+00	1.95e-27	3.88e-18	9.77e-10	8.31e-01	1.69e-01	2.36e-05
 5.73899e+11	0.00e+00	3.34e-37	2.49e-27	4.60e-18	1.07e-09	8.42e-01	1.58e-01	2.04e-05
 6.25187e+11	0.00e+00	0.00e+00	3.19e-27	5.45e-18	1.17e-09	8.52e-01	1.48e-01	1.76e-05
 6.80121e+11	0.00e+00	6.47e-37	4.12e-27	6.48e-18	1.29e-09	8.63e-01	1.37e-01	1.51e-05
 7.37253e+11	0.00e+00	0.00e+00	5.31e-27	7.71e-18	1.41e-09	8.72e-01	1.28e-01	1.29e-05
 7.96670e+11	0.00e+00	1.26e-36	6.85e-27	9.17e-18	1.55e-09	8.82e-01	1.18e-01	1.11e-05
 8.58463e+11	4.18e-47	1.76e-36	8.83e-27	1.09e-17	1.69e-09	8.90e-01	1.10e-01	9.47e-06
 9.22729e+11	0.00e+00	0.00e+00	1.14e-26	1.29e-17	1.86e-09	8.98e-01	1.02e-01	8.09e-06
 9.89565e+11	0.00e+00	3.44e-36	1.47e-26	1.54e-17	2.03e-09	9.06e-01	9.44e-02	6.90e-06
 1.05907e+12	1.46e-46	4.81e-36	1.89e-26	1.82e-17	2.22e-09	9.13e-01	8.73e-02	5.88e-06
 1.12538e+12	0.00e+00	0.00e+00	2.38e-26	2.14e-17	2.41e-09	9.19e-01	8.13e-02	5.08e-06
 1.18365e+12	0.00e+00	8.50e-36	2.90e-26	2.44e-17	2.59e-09	9.23e-01	7.65e-02	4.48e-06
 1.24667e+12	4.16e-46	1.12e-35	3.58e-26	2.81e-17	2.78e-09	9.28e-01	7.17e-02	3.92e-06
 1.32290e+12	0.00e+00	0.00e+00	4.57e-26	3.31e-17	3.03e-09	9.34e-01	6.64e-02	3.36e-06
 1.40016e+12	0.00e+00	2.11e-35	5.79e-26	3.89e-17	3.29e-09	9.38e-01	6.16e-02	2.88e-06
 1.47159e+12	1.30e-45	2.80e-35	7.15e-26	4.49e-17	3.55e-09	9.42e-01	5.76e-02	2.51e-06
 1.55144e+12	0.00e+00	0.00e+00	9.01e-26	5.24e-17	3.84e-09	9.46e-01	5.35e-02	2.16e-06
 1.64343e+12	0.00e+00	5.31e-35	1.16e-25	6.23e-17	4.20e-09	9.51e-01	4.93e-02	1.83e-06
 1.73433e+12	4.31e-45	7.32e-35	1.48e-25	7.34e-17	4.57e-09	9.54e-01	4.56e-02	1.56e-06
 1.82888e+12	0.00e+00	0.00e+00	1.89e-25	8.65e-17	4.97e-09	9.58e-01	4.22e-02	1.33e-06
 1.93196e+12	0.00e+00	1.42e-34	2.45e-25	1.03e-16	5.44e-09	9.61e-01	3.88e-02	1.13e-06
 2.03698e+12	1.49e-44	1.98e-34	3.15e-25	1.22e-16	5.93e-09	9.64e-01	3.57e-02	9.55e-07
 2.14620e+12	0.00e+00	2.77e-34	4.06e-25	1.45e-16	6.47e-09	9.67e-01	3.29e-02	0.00e+00
 2.26197e+12	3.46e-44	3.89e-34	5.25e-25	1.72e-16	7.07e-09	9.70e-01	3.02e-02	0.00e+00
 2.38238e+12	0.00e+00	5.48e-34	6.80e-25	2.05e-16	7.74e-09	9.72e-01	2.76e-02	0.00e+00
 2.50760e+12	8.12e-44	7.73e-34	8.82e-25	2.44e-16	8.46e-09	9.75e-01	2.53e-02	0.00e+00
 2.62468e+12	0.00e+00	1.05e-33	1.12e-24	2.86e-16	9.17e-09	9.77e-01	2.34e-02	0.00e+00
 2.72872e+12	1.66e-43	1.37e-33	1.36e-24	3.27e-16	9.83e-09	9.78e-01	2.19e-02	0.00e+00
 2.84554e+12	0.00e+00	1.84e-33	1.70e-24	3.80e-16	1.06e-08	9.80e-01	2.04e-02	0.00e+00
 2.98476e+12	3.62e-43	2.57e-33	2.19e-24	4.51e-16	1.16e-08	9.81e-01	1.87e-02	0.00e+00
 3.12516e+12	0.00e+00	3.55e-33	2.80e-24	5.33e-16	1.26e-08	9.83e-01	1.72e-02	0.00e+00
 3.25681e+12	7.83e-43	4.77e-33	3.51e-24	6.20e-16	1.36e-08	9.84e-01	1.60e-02	0.00e+00
 3.40265e+12	0.00e+00	6.54e-33	4.46e-24	7.29e-16	1.48e-08	9.85e-01	1.47e-02	0.00e+00
 3.56868e+12	1.79e-42	9.25e-33	5.81e-24	8.71e-16	1.62e-08	9.87e-01	1.35e-02	0.00e+00
 3.73259e+12	0.00e+00	1.29e-32	7.47e-24	1.03e-15	1.77e-08	9.88e-01	1.24e-02	0.00e+00
 3.90306e+12	4.06e-42	1.79e-32	9.61e-24	1.23e-15	1.93e-08	9.89e-01	1.14e-02	0.00e+00
 4.06996e+12	0.00e+00	2.45e-32	1.22e-23	1.44e-15	2.10e-08	9.90e-01	1.05e-02	0.00e+00
 4.21323e+12	8.27e-42	3.18e-32	1.49e-23	1.65e-15	2.25e-08	9.90e-01	9.78e-03	0.00e+00
 4.36863e+12	0.00e+00	4.18e-32	1.83e-23	1.90e-15	2.42e-08	9.91e-01	9.10e-03	0.00e+00
 4.56055e+12	1.74e-41	5.80e-32	2.35e-23	2.25e-15	2.64e-08	9.92e-01	8.35e-03	0.00e+00
 4.75633e+12	0.00e+00	8.00e-32	3.01e-23	2.67e-15	2.88e-08	9.92e-01	7.67e-03	0.00e+00
 4.93117e+12	3.67e-41	1.06e-31	3.73e-23	3.09e-15	3.10e-08	9.93e-01	7.12e-03	0.00e+00
 5.12241e+12	0.00e+00	1.42e-31	4.67e-23	3.60e-15	3.36e-08	9.93e-01	6.58e-03	0.00e+00
 5.35008e+12	8.01e-41	1.99e-31	6.05e-23	4.30e-15	3.69e-08	9.94e-01	6.01e-03	0.00e+00
 5.57623e+12	0.00e+00	2.74e-31	7.76e-23	5.10e-15	4.03e-08	9.94e-01	5.51e-03	0.00e+00
 5.78383e+12	1.70e-40	3.65e-31	9.67e-23	5.94e-15	4.36e-08	9.95e-01	5.10e-03	0.00e+00
 6.01618e+12	0.00e+00	4.98e-31	1.23e-22	7.00e-15	4.75e-08	9.95e-01	4.68e-03	0.00e+00
 6.28542e+12	3.81e-40	7.03e-31	1.60e-22	8.42e-15	5.22e-08	9.96e-01	4.26e-03	0.00e+00
 6.54944e+12	0.00e+00	9.73e-31	2.06e-22	1.00e-14	5.72e-08	9.96e-01	3.89e-03	0.00e+00
 6.80036e+12	8.20e-40	1.31e-30	2.60e-22	1.18e-14	6.22e-08	9.96e-01	3.58e-03	0.00e+00
 7.07864e+12	0.00e+00	1.80e-30	3.32e-22	1.40e-14	6.81e-08	9.97e-01	3.28e-03	0.00e+00
 7.38427e+12	1.82e-39	2.51e-30	4.31e-22	1.68e-14	7.50e-08	9.97e-01	2.98e-03	0.00e+00
 7.68060e+12	0.00e+00	3.43e-30	5.50e-22	1.99e-14	8.20e-08	9.97e-01	2.73e-03	0.00e+00
 7.99621e+12	3.94e-39	4.71e-30	7.05e-22	2.37e-14	9.00e-08	9.98e-01	2.49e-03	0.00e+00
 8.34599e+12	0.00e+00	6.61e-30	9.19e-22	2.86e-14	9.94e-08	9.98e-01	2.25e-03	0.00e+00
 8.69626e+12	8.80e-39	9.12e-30	1.19e-21	3.43e-14	1.09e-07	9.98e-01	2.05e-03	0.00e+00
 9.00497e+12	0.00e+00	1.20e-29	1.47e-21	4.00e-14	1.19e-07	9.98e-01	1.89e-03	0.00e+00
 9.27279e+12	1.62e-38	1.51e-29	1.76e-21	4.55e-14	1.27e-07	9.98e-01	1.76e-03	0.00e+00
 9.57422e+12	0.00e+00	1.93e-29	2.14e-21	5.24e-14	1.37e-07	9.98e-01	1.64e-03	0.00e+00
 9.95444e+12	3.14e-38	2.61e-29	2.72e-21	6.22e-14	1.51e-07	9.99e-01	1.49e-03	0.00e+00
 1.03458e+13	0.00e+00	3.51e-29	3.45e-21	7.38e-14	1.65e-07	9.99e-01	1.36e-03	0.00e+00
 1.06685e+13	5.95e-38	4.44e-29	4.16e-21	8.45e-14	1.78e-07	9.99e-01	1.27e-03	0.00e+00
 1.09934e+13	0.00e+00	5.57e-29	4.99e-21	9.64e-14	1.91e-07	9.99e-01	1.18e-03	0.00e+00
 1.14155e+13	1.10e-37	7.41e-29	6.27e-21	1.14e-13	2.09e-07	9.99e-01	1.08e-03	0.00e+00
 1.18542e+13	0.00e+00	9.83e-29	7.87e-21	1.34e-13	2.29e-07	9.99e-01	9.88e-04	0.00e+00
 1.22245e+13	2.04e-37	1.24e-28	9.46e-21	1.54e-13	2.46e-07	9.99e-01	9.19e-04	0.00e+00
 1.26160e+13	0.00e+00	1.56e-28	1.14e-20	1.76e-13	2.65e-07	9.99e-01	8.53e-04	0.00e+00
 1.31089e+13	3.78e-37	2.07e-28	1.43e-20	2.08e-13	2.91e-07	9.99e-01	7.80e-04	0.00e+00
 1.36224e+13	0.00e+00	2.75e-28	1.80e-20	2.46e-13	3.19e-07	9.99e-01	7.12e-04	0.00e+00
 1.40832e+13	7.09e-37	3.50e-28	2.19e-20	2.84e-13	3.45e-07	9.99e-01	6.59e-04	0.00e+00
 1.45871e+13	0.00e+00	4.52e-28	2.68e-20	3.30e-13	3.74e-07	9.99e-01	6.07e-04	0.00e+00
 1.51843e+13	1.36e-36	6.05e-28	3.39e-20	3.92e-13	4.11e-07	9.99e-01	5.53e-04	0.00e+00
 1.57775e+13	0.00e+00	7.97e-28	4.24e-20	4.61e-13	4.50e-07	9.99e-01	5.06e-04	0.00e+00
 1.63272e+13	2.55e-36	1.02e-27	5.17e-20	5.33e-13	4.87e-07	1.00e+00	4.68e-04	0.00e+00
 1.69430e+13	0.00e+00	1.33e-27	6.40e-20	6.23e-13	5.31e-07	1.00e+00	4.30e-04	0.00e+00
 1.76506e+13	4.99e-36	1.79e-27	8.10e-20	7.40e-13	5.83e-07	1.00e+00	3.91e-04	0.00e+00
 1.83453e+13	0.00e+00	2.35e-27	1.01e-19	8.70e-13	6.37e-07	1.00e+00	3.58e-04	0.00e+00
 1.89493e+13	9.19e-36	2.97e-27	1.22e-19	9.96e-13	6.86e-07	1.00e+00	3.33e-04	0.00e+00
 1.94591e+13	0.00e+00	3.59e-27	1.42e-19	1.11e-12	7.29e-07	1.00e+00	3.14e-04	0.00e+00
 2.00108e+13	1.47e-35	4.38e-27	1.66e-19	1.25e-12	7.77e-07	1.00e+00	2.94e-04	0.00e+00
 2.07279e+13	0.00e+00	5.63e-27	2.03e-19	1.44e-12	8.41e-07	1.00e+00	2.72e-04	0.00e+00
 2.14769e+13	2.69e-35	7.25e-27	2.49e-19	1.67e-12	9.12e-07	1.00e+00	2.51e-04	0.00e+00
 2.21141e+13	0.00e+00	8.94e-27	2.94e-19	1.89e-12	9.74e-07	1.00e+00	2.35e-04	0.00e+00
 2.27892e+13	4.49e-35	1.11e-26	3.49e-19	2.14e-12	1.04e-06	1.00e+00	2.20e-04	0.00e+00
 2.36491e+13	0.00e+00	1.44e-26	4.31e-19	2.49e-12	1.13e-06	1.00e+00	2.03e-04	0.00e+00
 2.45396e+13	8.47e-35	1.88e-26	5.32e-19	2.90e-12	1.23e-06	1.00e+00	1.86e-04	0.00e+00
 2.53144e+13	0.00e+00	2.35e-26	6.35e-19	3.29e-12	1.32e-06	1.00e+00	1.74e-04	0.00e+00
 2.61488e+13	1.47e-34	2.96e-26	7.65e-19	3.75e-12	1.42e-06	1.00e+00	1.62e-04	0.00e+00
 2.70837e+13	1.98e-34	3.80e-26	9.34e-19	4.33e-12	1.53e-06	1.00e+00	1.50e-04	0.00e+00
 2.79630e+13	2.61e-34	4.78e-26	1.12e-18	4.94e-12	1.65e-06	1.00e+00	1.40e-04	0.00e+00
 2.89200e+13	3.50e-34	6.08e-26	1.36e-18	5.66e-12	1.77e-06	1.00e+00	1.30e-04	0.00e+00
 2.99795e+13	4.77e-34	7.86e-26	1.67e-18	6.55e-12	1.92e-06	1.00e+00	1.20e-04	0.00e+00
 3.09613e+13	6.28e-34	9.89e-26	2.00e-18	7.47e-12	2.06e-06	1.00e+00	1.12e-04	0.00e+00
 3.20265e+13	8.48e-34	1.27e-25	2.43e-18	8.56e-12	2.22e-06	1.00e+00	1.04e-04	0.00e+00
 3.32222e+13	1.16e-33	1.64e-25	2.99e-18	9.94e-12	2.41e-06	1.00e+00	9.57e-05	0.00e+00
 3.43466e+13	1.55e-33	2.09e-25	3.62e-18	1.14e-11	2.59e-06	1.00e+00	8.89e-05	0.00e+00
 3.55676e+13	2.11e-33	2.69e-25	4.42e-18	1.31e-11	2.80e-06	1.00e+00	8.25e-05	0.00e+00
 3.69337e+13	2.91e-33	3.52e-25	5.47e-18	1.53e-11	3.04e-06	1.00e+00	7.59e-05	0.00e+00
 3.82172e+13	3.94e-33	4.51e-25	6.66e-18	1.75e-11	3.27e-06	1.00e+00	7.05e-05	0.00e+00
 3.96140e+13	5.38e-33	5.84e-25	8.17e-18	2.02e-11	3.54e-06	1.00e+00	6.52e-05	0.00e+00
 4.11775e+13	7.55e-33	7.73e-25	1.02e-17	2.37e-11	3.86e-06	1.00e+00	6.00e-05	0.00e+00
 4.26621e+13	1.03e-32	1.00e-24	1.25e-17	2.73e-11	4.16e-06	1.00e+00	5.56e-05	0.00e+00
 4.42553e+13	1.43e-32	1.31e-24	1.54e-17	3.16e-11	4.50e-06	1.00e+00	5.14e-05	0.00e+00
 4.60554e+13	2.03e-32	1.75e-24	1.94e-17	3.71e-11	4.91e-06	1.00e+00	4.71e-05	0.00e+00
 4.78361e+13	2.85e-32	2.31e-24	2.41e-17	4.32e-11	5.33e-06	1.00e+00	4.35e-05	0.00e+00
 4.96880e+13	4.00e-32	3.05e-24	3.01e-17	5.03e-11	5.78e-06	1.00e+00	4.01e-05	0.00e+00
 5.17054e+13	5.74e-32	4.10e-24	3.78e-17	5.90e-11	6.29e-06	1.00e+00	3.68e-05	0.00e+00
 5.35994e+13	7.92e-32	5.34e-24	4.66e-17	6.82e-11	6.79e-06	1.00e+00	3.41e-05	0.00e+00
 5.52813e+13	1.04e-31	6.71e-24	5.57e-17	7.72e-11	7.26e-06	1.00e+00	3.19e-05	0.00e+00
 5.68530e+13	1.35e-31	8.27e-24	6.55e-17	8.63e-11	7.70e-06	1.00e+00	3.01e-05	0.00e+00
 5.85899e+13	1.78e-31	1.04e-23	7.81e-17	9.74e-11	8.20e-06	1.00e+00	2.83e-05	0.00e+00
 6.05456e+13	2.41e-31	1.33e-23	9.45e-17	1.11e-10	8.79e-06	1.00e+00	2.64e-05	0.00e+00
 6.24149e+13	3.18e-31	1.67e-23	1.13e-16	1.25e-10	9.37e-06	1.00e+00	2.48e-05	0.00e+00
 6.44744e+13	4.30e-31	2.13e-23	1.36e-16	1.43e-10	1.00e-05	1.00e+00	2.32e-05	0.00e+00
 6.67572e+13	5.93e-31	2.77e-23	1.67e-16	1.64e-10	1.08e-05	1.00e+00	2.15e-05	0.00e+00
 6.88799e+13	7.92e-31	3.50e-23	2.01e-16	1.86e-10	1.15e-05	1.00e+00	2.02e-05	0.00e+00
 7.11888e+13	1.08e-30	4.51e-23	2.43e-16	2.12e-10	1.23e-05	1.00e+00	1.89e-05	0.00e+00
 7.37685e+13	1.52e-30	5.93e-23	3.00e-16	2.44e-10	1.32e-05	1.00e+00	1.75e-05	0.00e+00
 7.61921e+13	2.06e-30	7.59e-23	3.63e-16	2.78e-10	1.41e-05	1.00e+00	1.64e-05	0.00e+00
 7.88348e+13	2.84e-30	9.87e-23	4.43e-16	3.18e-10	1.52e-05	1.00e+00	1.53e-05	0.00e+00
 8.17655e+13	4.03e-30	1.31e-22	5.50e-16	3.68e-10	1.63e-05	1.00e+00	1.42e-05	0.00e+00
 8.45004e+13	5.53e-30	1.69e-22	6.68e-16	4.19e-10	1.75e-05	1.00e+00	1.33e-05	0.00e+00
 8.74854e+13	7.76e-30	2.22e-22	8.20e-16	4.81e-10	1.87e-05	1.00e+00	1.24e-05	0.00e+00
 9.08347e+13	1.11e-29	2.95e-22	1.02e-15	5.58e-10	2.02e-05	1.00e+00	1.15e-05	0.00e+00
 9.39921e+13	1.54e-29	3.86e-22	1.25e-15	6.40e-10	2.16e-05	1.00e+00	1.07e-05	0.00e+00
 9.74120e+13	2.19e-29	5.11e-22	1.55e-15	7.37e-10	2.32e-05	1.00e+00	9.99e-06	0.00e+00
 1.01250e+14	3.21e-29	6.94e-22	1.95e-15	8.59e-10	2.51e-05	1.00e+00	9.25e-06	0.00e+00
 1.04938e+14	4.56e-29	9.20e-22	2.41e-15	9.91e-10	2.70e-05	1.00e+00	8.62e-06	0.00e+00
 1.08861e+14	6.53e-29	1.23e-21	3.00e-15	1.15e-09	2.90e-05	1.00e+00	8.01e-06	0.00e+00
 1.13245e+14	9.63e-29	1.68e-21	3.80e-15	1.34e-09	3.14e-05	1.00e+00	7.40e-06	0.00e+00
 1.17620e+14	1.40e-28	2.26e-21	4.76e-15	1.56e-09	3.38e-05	1.00e+00	6.87e-06	0.00e+00
 1.22170e+14	2.04e-28	3.06e-21	5.97e-15	1.81e-09	3.64e-05	1.00e+00	6.38e-06	0.00e+00
 1.27087e+14	3.03e-28	4.20e-21	7.56e-15	2.12e-09	3.93e-05	1.00e+00	5.90e-06	0.00e+00
 1.32200e+14	4.43e-28	5.70e-21	9.55e-15	2.48e-09	4.26e-05	1.00e+00	5.45e-06	0.00e+00
 1.37518e+14	6.56e-28	7.80e-21	1.21e-14	2.90e-09	4.60e-05	1.00e+00	5.05e-06	0.00e+00
 1.42185e+14	9.14e-28	1.02e-20	1.48e-14	3.31e-09	4.91e-05	1.00e+00	4.73e-06	0.00e+00
 1.45870e+14	1.18e-27	1.25e-20	1.72e-14	3.66e-09	5.16e-05	1.00e+00	4.49e-06	0.00e+00
 1.49846e+14	1.53e-27	1.54e-20	2.02e-14	4.07e-09	5.44e-05	1.00e+00	4.26e-06	0.00e+00
 1.55015e+14	2.15e-27	2.02e-20	2.48e-14	4.66e-09	5.82e-05	1.00e+00	3.99e-06	0.00e+00
 1.60617e+14	3.08e-27	2.69e-20	3.06e-14	5.37e-09	6.24e-05	1.00e+00	3.72e-06	0.00e+00
 1.65674e+14	4.13e-27	3.41e-20	3.68e-14	6.07e-09	6.63e-05	1.00e+00	3.49e-06	0.00e+00
 1.71139e+14	5.71e-27	4.42e-20	4.47e-14	6.91e-09	7.07e-05	1.00e+00	3.28e-06	0.00e+00
 1.77727e+14	8.35e-27	5.98e-20	5.61e-14	8.02e-09	7.61e-05	1.00e+00	3.04e-06	0.00e+00
 1.84327e+14	1.19e-26	7.96e-20	6.98e-14	9.28e-09	8.18e-05	1.00e+00	2.83e-06	0.00e+00
 1.90342e+14	1.61e-26	1.02e-19	8.45e-14	1.05e-08	8.73e-05	1.00e+00	2.65e-06	0.00e+00
 1.97046e+14	2.27e-26	1.34e-19	1.04e-13	1.21e-08	9.34e-05	1.00e+00	2.48e-06	0.00e+00
 2.04866e+14	3.34e-26	1.83e-19	1.31e-13	1.41e-08	1.01e-04	1.00e+00	2.29e-06	0.00e+00
 2.12197e+14	4.64e-26	2.39e-19	1.62e-13	1.63e-08	1.08e-04	1.00e+00	2.14e-06	0.00e+00
 2.18534e+14	6.24e-26	3.03e-19	1.93e-13	1.83e-08	1.15e-04	1.00e+00	2.02e-06	0.00e+00
 2.25523e+14	8.34e-26	3.84e-19	2.33e-13	2.07e-08	1.22e-04	1.00e+00	1.89e-06	0.00e+00
 2.34078e+14	1.21e-25	5.17e-19	2.91e-13	2.40e-08	1.32e-04	1.00e+00	1.76e-06	0.00e+00
 2.42735e+14	1.69e-25	6.80e-19	3.62e-13	2.78e-08	1.42e-04	1.00e+00	1.63e-06	0.00e+00
 2.50465e+14	2.31e-25	8.72e-19	4.36e-13	3.15e-08	1.51e-04	1.00e+00	1.53e-06	0.00e+00
 2.58923e+14	3.12e-25	1.12e-18	5.32e-13	3.59e-08	1.61e-04	1.00e+00	1.43e-06	0.00e+00
 2.68993e+14	4.49e-25	1.50e-18	6.68e-13	4.19e-08	1.74e-04	1.00e+00	1.33e-06	0.00e+00
 2.78941e+14	6.32e-25	1.99e-18	8.29e-13	4.84e-08	1.87e-04	1.00e+00	1.23e-06	0.00e+00
 2.87971e+14	8.64e-25	2.55e-18	1.00e-12	5.49e-08	2.00e-04	1.00e+00	1.16e-06	0.00e+00
 2.98023e+14	1.17e-24	3.30e-18	1.23e-12	6.30e-08	2.14e-04	1.00e+00	1.08e-06	0.00e+00
 3.09794e+14	1.71e-24	4.47e-18	1.55e-12	7.36e-08	2.32e-04	1.00e+00	9.98e-07	0.00e+00
 3.21411e+14	2.36e-24	5.83e-18	1.93e-12	8.53e-08	2.50e-04	1.00e+00	0.00e+00	0.00e+00
 3.32275e+14	3.22e-24	7.53e-18	2.35e-12	9.74e-08	2.67e-04	1.00e+00	0.00e+00	0.00e+00
 3.44379e+14	4.57e-24	9.97e-18	2.91e-12	1.12e-07	2.87e-04	1.00e+00	0.00e+00	0.00e+00
 3.58184e+14	6.42e-24	1.33e-17	3.67e-12	1.31e-07	3.11e-04	1.00e+00	0.00e+00	0.00e+00
 3.71086e+14	9.08e-24	1.75e-17	4.54e-12	1.51e-07	3.34e-04	1.00e+00	0.00e+00	0.00e+00
 3.82577e+14	1.18e-23	2.18e-17	5.43e-12	1.71e-07	3.56e-04	1.00e+00	0.00e+00	0.00e+00
 3.95521e+14	1.62e-23	2.82e-17	6.62e-12	1.95e-07	3.80e-04	1.00e+00	0.00e+00	0.00e+00
 4.10908e+14	2.25e-23	3.72e-17	8.30e-12	2.28e-07	4.12e-04	1.00e+00	0.00e+00	0.00e+00
 4.25905e+14	3.13e-23	4.88e-17	1.03e-11	2.63e-07	4.43e-04	1.00e+00	0.00e+00	0.00e+00
 4.38183e+14	4.09e-23	6.06e-17	1.22e-11	2.94e-07	4.69e-04	1.00e+00	0.00e+00	0.00e+00
 4.50495e+14	5.25e-23	7.45e-17	1.43e-11	3.29e-07	4.96e-04	1.00e+00	0.00e+00	0.00e+00
 4.66501e+14	7.08e-23	9.58e-17	1.76e-11	3.78e-07	5.33e-04	9.99e-01	0.00e+00	0.00e+00
 4.83075e+14	9.89e-23	1.26e-16	2.17e-11	4.35e-07	5.72e-04	9.99e-01	0.00e+00	0.00e+00
 4.97027e+14	1.25e-22	1.53e-16	2.57e-11	4.87e-07	6.06e-04	9.99e-01	0.00e+00	0.00e+00
 5.11805e+14	1.66e-22	1.93e-16	3.06e-11	5.47e-07	6.43e-04	9.99e-01	0.00e+00	0.00e+00
 5.30576e+14	2.25e-22	2.49e-16	3.78e-11	6.32e-07	6.93e-04	9.99e-01	0.00e+00	0.00e+00
 5.50007e+14	3.11e-22	3.26e-16	4.69e-11	7.30e-07	7.45e-04	9.99e-01	0.00e+00	0.00e+00
 5.67017e+14	4.11e-22	4.10e-16	5.62e-11	8.25e-07	7.93e-04	9.99e-01	0.00e+00	0.00e+00
 5.85409e+14	5.46e-22	5.19e-16	6.79e-11	9.37e-07	8.47e-04	9.99e-01	0.00e+00	0.00e+00
 6.07736e+14	7.48e-22	6.77e-16	8.47e-11	1.09e-06	9.14e-04	9.99e-01	0.00e+00	0.00e+00
 6.29961e+14	1.05e-21	8.92e-16	1.05e-10	1.26e-06	9.83e-04	9.99e-01	0.00e+00	0.00e+00
 6.49676e+14	1.36e-21	1.11e-15	1.26e-10	1.42e-06	1.05e-03	9.99e-01	0.00e+00	0.00e+00
 6.71343e+14	1.83e-21	1.42e-15	1.53e-10	1.62e-06	1.12e-03	9.99e-01	0.00e+00	0.00e+00
 6.97276e+14	2.51e-21	1.86e-15	1.91e-10	1.88e-06	1.21e-03	9.99e-01	0.00e+00	0.00e+00
 7.22975e+14	3.50e-21	2.44e-15	2.37e-10	2.18e-06	1.30e-03	9.99e-01	0.00e+00	0.00e+00
 7.46286e+14	4.51e-21	3.04e-15	2.86e-10	2.47e-06	1.39e-03	9.99e-01	0.00e+00	0.00e+00
 7.72274e+14	6.15e-21	3.92e-15	3.50e-10	2.83e-06	1.49e-03	9.99e-01	0.00e+00	0.00e+00
 8.02717e+14	8.58e-21	5.18e-15	4.39e-10	3.31e-06	1.62e-03	9.98e-01	0.00e+00	0.00e+00
 8.32650e+14	1.18e-20	6.77e-15	5.46e-10	3.83e-06	1.75e-03	9.98e-01	0.00e+00	0.00e+00
 8.60706e+14	1.56e-20	8.56e-15	6.63e-10	4.37e-06	1.87e-03	9.98e-01	0.00e+00	0.00e+00
 8.92089e+14	2.12e-20	1.11e-14	8.19e-10	5.04e-06	2.02e-03	9.98e-01	0.00e+00	0.00e+00
 9.27803e+14	2.93e-20	1.46e-14	1.03e-09	5.91e-06	2.19e-03	9.98e-01	0.00e+00	0.00e+00
 9.62914e+14	4.03e-20	1.91e-14	1.28e-09	6.85e-06	2.37e-03	9.98e-01	0.00e+00	0.00e+00
 9.91613e+14	5.11e-20	2.34e-14	1.53e-09	7.71e-06	2.52e-03	9.97e-01	0.00e+00	0.00e+00
 1.01412e+15	6.17e-20	2.75e-14	1.74e-09	8.43e-06	2.65e-03	9.97e-01	0.00e+00	0.00e+00
 1.03877e+15	7.57e-20	3.27e-14	2.00e-09	9.28e-06	2.78e-03	9.97e-01	0.00e+00	0.00e+00
 1.07082e+15	9.68e-20	4.04e-14	2.40e-09	1.05e-05	2.97e-03	9.97e-01	0.00e+00	0.00e+00
 1.10539e+15	1.26e-19	5.05e-14	2.89e-09	1.19e-05	3.18e-03	9.97e-01	0.00e+00	0.00e+00
 1.13636e+15	1.58e-19	6.14e-14	3.39e-09	1.33e-05	3.37e-03	9.97e-01	0.00e+00	0.00e+00
 1.16970e+15	2.00e-19	7.50e-14	4.02e-09	1.49e-05	3.60e-03	9.96e-01	0.00e+00	0.00e+00
 1.21233e+15	2.67e-19	9.63e-14	4.96e-09	1.73e-05	3.89e-03	9.96e-01	0.00e+00	0.00e+00
 1.25546e+15	3.55e-19	1.23e-13	6.09e-09	1.98e-05	4.19e-03	9.96e-01	0.00e+00	0.00e+00
 1.29147e+15	4.47e-19	1.50e-13	7.18e-09	2.22e-05	4.46e-03	9.96e-01	0.00e+00	0.00e+00
 1.32982e+15	5.65e-19	1.83e-13	8.52e-09	2.50e-05	4.75e-03	9.95e-01	0.00e+00	0.00e+00
 1.37853e+15	7.51e-19	2.35e-13	1.05e-08	2.89e-05	5.15e-03	9.95e-01	0.00e+00	0.00e+00
 1.42930e+15	1.00e-18	3.01e-13	1.30e-08	3.34e-05	5.57e-03	9.94e-01	0.00e+00	0.00e+00
 1.47402e+15	1.29e-18	3.74e-13	1.56e-08	3.78e-05	5.97e-03	9.94e-01	0.00e+00	0.00e+00
 1.52233e+15	1.66e-18	4.66e-13	1.88e-08	4.30e-05	6.41e-03	9.94e-01	0.00e+00	0.00e+00
 1.58064e+15	2.26e-18	6.06e-13	2.34e-08	5.00e-05	6.97e-03	9.93e-01	0.00e+00	0.00e+00
 1.63830e+15	3.00e-18	7.76e-13	2.89e-08	5.77e-05	7.56e-03	9.92e-01	0.00e+00	0.00e+00
 1.68927e+15	3.85e-18	9.62e-13	3.46e-08	6.52e-05	8.08e-03	9.92e-01	0.00e+00	0.00e+00
 1.74522e+15	4.98e-18	1.20e-12	4.19e-08	7.42e-05	8.70e-03	9.91e-01	0.00e+00	0.00e+00
 1.81240e+15	6.76e-18	1.57e-12	5.24e-08	8.64e-05	9.47e-03	9.90e-01	0.00e+00	0.00e+00
 1.87949e+15	9.08e-18	2.02e-12	6.49e-08	9.99e-05	1.03e-02	9.90e-01	0.00e+00	0.00e+00
 1.94055e+15	1.15e-17	2.50e-12	7.84e-08	1.13e-04	1.10e-02	9.89e-01	0.00e+00	0.00e+00
 2.00841e+15	1.55e-17	3.22e-12	9.61e-08	1.30e-04	1.19e-02	9.88e-01	0.00e+00	0.00e+00
 2.08771e+15	2.13e-17	4.23e-12	1.21e-07	1.52e-04	1.30e-02	9.87e-01	0.00e+00	0.00e+00
 2.16597e+15	2.89e-17	5.50e-12	1.51e-07	1.76e-04	1.41e-02	9.86e-01	0.00e+00	0.00e+00
 2.23993e+15	3.77e-17	6.94e-12	1.84e-07	2.01e-04	1.52e-02	9.85e-01	0.00e+00	0.00e+00
 2.30429e+15	4.80e-17	8.53e-12	2.18e-07	2.25e-04	1.62e-02	9.84e-01	0.00e+00	0.00e+00
 2.35783e+15	5.84e-17	1.01e-11	2.50e-07	2.47e-04	1.70e-02	9.83e-01	0.00e+00	0.00e+00
 2.41723e+15	7.19e-17	1.20e-11	2.90e-07	2.73e-04	1.80e-02	9.82e-01	0.00e+00	0.00e+00
 2.49444e+15	9.38e-17	1.51e-11	3.50e-07	3.09e-04	1.93e-02	9.80e-01	0.00e+00	0.00e+00
 2.57543e+15	1.23e-16	1.91e-11	4.24e-07	3.51e-04	2.07e-02	9.79e-01	0.00e+00	0.00e+00
 2.64470e+15	1.67e-16	2.30e-11	4.97e-07	3.90e-04	2.20e-02	9.78e-01	0.00e+00	0.00e+00
 2.71812e+15	2.07e-16	2.79e-11	5.86e-07	4.35e-04	2.33e-02	9.76e-01	0.00e+00	0.00e+00
 2.81357e+15	2.88e-16	3.63e-11	7.22e-07	5.00e-04	2.52e-02	9.74e-01	0.00e+00	0.00e+00
 2.91212e+15	3.88e-16	4.68e-11	8.89e-07	5.73e-04	2.72e-02	9.72e-01	0.00e+00	0.00e+00
 2.99471e+15	4.95e-16	5.75e-11	1.05e-06	6.40e-04	2.89e-02	9.70e-01	0.00e+00	0.00e+00
 3.08209e+15	6.34e-16	7.09e-11	1.25e-06	7.18e-04	3.08e-02	9.69e-01	0.00e+00	0.00e+00
 3.19411e+15	8.65e-16	9.23e-11	1.56e-06	8.28e-04	3.33e-02	9.66e-01	0.00e+00	0.00e+00
 3.31179e+15	1.16e-15	1.19e-10	1.94e-06	9.57e-04	3.60e-02	9.63e-01	0.00e+00	0.00e+00
 3.41610e+15	1.54e-15	1.51e-10	2.34e-06	1.08e-03	3.85e-02	9.60e-01	0.00e+00	0.00e+00
 3.52943e+15	2.06e-15	1.93e-10	2.85e-06	1.23e-03	4.13e-02	9.57e-01	0.00e+00	0.00e+00
 3.66536e+15	3.02e-15	2.61e-10	3.59e-06	1.43e-03	4.48e-02	9.54e-01	0.00e+00	0.00e+00
 3.80045e+15	4.02e-15	3.37e-10	4.47e-06	1.65e-03	4.84e-02	9.50e-01	0.00e+00	0.00e+00
 3.92256e+15	5.38e-15	4.29e-10	5.43e-06	1.88e-03	5.18e-02	9.46e-01	0.00e+00	0.00e+00
 4.05807e+15	7.32e-15	5.55e-10	6.68e-06	2.15e-03	5.56e-02	9.42e-01	0.00e+00	0.00e+00
 4.21738e+15	1.09e-14	7.62e-10	8.46e-06	2.50e-03	6.05e-02	9.37e-01	0.00e+00	0.00e+00
 4.37415e+15	1.51e-14	1.00e-09	1.06e-05	2.89e-03	6.52e-02	9.32e-01	0.00e+00	0.00e+00
 4.52020e+15	2.05e-14	1.29e-09	1.29e-05	3.29e-03	6.98e-02	9.27e-01	0.00e+00	0.00e+00
 4.68405e+15	2.77e-14	1.67e-09	1.60e-05	3.79e-03	7.52e-02	9.21e-01	0.00e+00	0.00e+00
 4.84120e+15	3.77e-14	2.16e-09	1.96e-05	4.32e-03	8.05e-02	9.15e-01	0.00e+00	0.00e+00
 4.95679e+15	4.91e-14	2.65e-09	2.27e-05	4.74e-03	8.45e-02	9.11e-01	0.00e+00	0.00e+00
 5.07247e+15	6.11e-14	3.18e-09	2.61e-05	5.20e-03	8.86e-02	9.06e-01	0.00e+00	0.00e+00
 5.22286e+15	7.77e-14	3.91e-09	3.12e-05	5.83e-03	9.40e-02	9.00e-01	0.00e+00	0.00e+00
 5.38671e+15	1.06e-13	5.05e-09	3.78e-05	6.59e-03	1.00e-01	8.93e-01	0.00e+00	0.00e+00
 5.53412e+15	1.38e-13	6.24e-09	4.45e-05	7.33e-03	1.06e-01	8.87e-01	0.00e+00	0.00e+00
 5.69180e+15	1.76e-13	7.67e-09	5.28e-05	8.18e-03	1.12e-01	8.80e-01	0.00e+00	0.00e+00
 5.89656e+15	2.54e-13	1.03e-08	6.58e-05	9.41e-03	1.20e-01	8.70e-01	0.00e+00	0.00e+00
 6.10347e+15	3.54e-13	1.35e-08	8.11e-05	1.08e-02	1.28e-01	8.61e-01	0.00e+00	0.00e+00
 6.27078e+15	4.58e-13	1.67e-08	9.57e-05	1.20e-02	1.35e-01	8.53e-01	0.00e+00	0.00e+00
 6.44566e+15	5.96e-13	2.08e-08	1.13e-04	1.33e-02	1.43e-01	8.44e-01	0.00e+00	0.00e+00
 6.67300e+15	7.97e-13	2.67e-08	1.40e-04	1.52e-02	1.52e-01	8.32e-01	0.00e+00	0.00e+00
 6.91179e+15	1.17e-12	3.61e-08	1.74e-04	1.75e-02	1.63e-01	8.19e-01	0.00e+00	0.00e+00
 7.11798e+15	1.55e-12	4.55e-08	2.08e-04	1.96e-02	1.72e-01	8.08e-01	0.00e+00	0.00e+00
 7.33857e+15	2.06e-12	5.77e-08	2.50e-04	2.20e-02	1.82e-01	7.96e-01	0.00e+00	0.00e+00
 7.61253e+15	2.83e-12	7.56e-08	3.12e-04	2.54e-02	1.94e-01	7.80e-01	0.00e+00	0.00e+00
 7.88459e+15	4.17e-12	1.03e-07	3.89e-04	2.91e-02	2.08e-01	7.63e-01	0.00e+00	0.00e+00
 8.11758e+15	5.52e-12	1.29e-07	4.64e-04	3.25e-02	2.18e-01	7.49e-01	0.00e+00	0.00e+00
 8.37107e+15	7.36e-12	1.64e-07	5.59e-04	3.65e-02	2.30e-01	7.33e-01	0.00e+00	0.00e+00
 8.68464e+15	1.01e-11	2.16e-07	6.99e-04	4.19e-02	2.44e-01	7.13e-01	0.00e+00	0.00e+00
 8.99157e+15	1.50e-11	2.93e-07	8.68e-04	4.79e-02	2.60e-01	6.92e-01	0.00e+00	0.00e+00
 9.24084e+15	1.95e-11	3.64e-07	1.02e-03	5.31e-02	2.71e-01	6.75e-01	0.00e+00	0.00e+00
 9.49991e+15	2.56e-11	4.55e-07	1.22e-03	5.89e-02	2.83e-01	6.57e-01	0.00e+00	0.00e+00
 9.83671e+15	3.44e-11	5.86e-07	1.50e-03	6.70e-02	2.98e-01	6.34e-01	0.00e+00	0.00e+00
 1.01604e+16	4.97e-11	7.82e-07	1.84e-03	7.56e-02	3.13e-01	6.10e-01	0.00e+00	0.00e+00
 1.03868e+16	6.14e-11	9.32e-07	2.10e-03	8.19e-02	3.22e-01	5.94e-01	0.00e+00	0.00e+00
 1.06008e+16	7.53e-11	1.10e-06	2.38e-03	8.83e-02	3.32e-01	5.78e-01	0.00e+00	0.00e+00
 1.08790e+16	9.68e-11	1.35e-06	2.80e-03	9.71e-02	3.43e-01	5.57e-01	0.00e+00	0.00e+00
 1.11824e+16	1.29e-10	1.71e-06	3.33e-03	1.07e-01	3.55e-01	5.34e-01	0.00e+00	0.00e+00
 1.14582e+16	1.64e-10	2.08e-06	3.86e-03	1.17e-01	3.65e-01	5.14e-01	0.00e+00	0.00e+00
 1.17562e+16	2.05e-10	2.52e-06	4.53e-03	1.28e-01	3.75e-01	4.92e-01	0.00e+00	0.00e+00
 1.20893e+16	2.85e-10	3.26e-06	5.42e-03	1.42e-01	3.87e-01	4.66e-01	0.00e+00	0.00e+00
 1.23894e+16	3.66e-10	3.99e-06	6.32e-03	1.55e-01	3.96e-01	4.43e-01	0.00e+00	0.00e+00
 1.26542e+16	4.52e-10	4.75e-06	7.22e-03	1.67e-01	4.03e-01	4.24e-01	0.00e+00	0.00e+00
 1.29523e+16	5.61e-10	5.70e-06	8.37e-03	1.81e-01	4.10e-01	4.01e-01	0.00e+00	0.00e+00
 1.32856e+16	7.74e-10	7.32e-06	9.91e-03	1.98e-01	4.17e-01	3.76e-01	0.00e+00	0.00e+00
 1.35924e+16	9.71e-10	8.83e-06	1.15e-02	2.13e-01	4.22e-01	3.54e-01	0.00e+00	0.00e+00
 1.38751e+16	1.18e-09	1.04e-05	1.31e-02	2.29e-01	4.25e-01	3.33e-01	0.00e+00	0.00e+00
 1.41987e+16	1.62e-09	1.33e-05	1.54e-02	2.48e-01	4.28e-01	3.09e-01	0.00e+00	0.00e+00
 1.45311e+16	1.99e-09	1.59e-05	1.79e-02	2.67e-01	4.29e-01	2.86e-01	0.00e+00	0.00e+00
 1.48103e+16	2.63e-09	1.96e-05	2.05e-02	2.85e-01	4.29e-01	2.66e-01	0.00e+00	0.00e+00
 1.50644e+16	3.21e-09	2.30e-05	2.30e-02	3.01e-01	4.27e-01	2.49e-01	0.00e+00	0.00e+00
 1.53506e+16	3.87e-09	2.70e-05	2.62e-02	3.20e-01	4.24e-01	2.30e-01	0.00e+00	0.00e+00
 1.56645e+16	5.17e-09	3.38e-05	3.05e-02	3.41e-01	4.19e-01	2.09e-01	0.00e+00	0.00e+00
 1.59383e+16	6.50e-09	4.04e-05	3.45e-02	3.60e-01	4.14e-01	1.92e-01	0.00e+00	0.00e+00
 1.61738e+16	7.66e-09	4.63e-05	3.85e-02	3.77e-01	4.07e-01	1.78e-01	0.00e+00	0.00e+00
 1.64359e+16	9.51e-09	5.50e-05	4.35e-02	3.96e-01	3.99e-01	1.62e-01	0.00e+00	0.00e+00
 1.67204e+16	1.31e-08	6.97e-05	5.01e-02	4.17e-01	3.88e-01	1.44e-01	0.00e+00	0.00e+00
 1.69617e+16	1.58e-08	8.11e-05	5.60e-02	4.35e-01	3.78e-01	1.31e-01	0.00e+00	0.00e+00
 1.71706e+16	1.85e-08	9.22e-05	6.18e-02	4.50e-01	3.68e-01	1.20e-01	0.00e+00	0.00e+00
 1.74099e+16	2.29e-08	1.09e-04	6.95e-02	4.68e-01	3.55e-01	1.08e-01	0.00e+00	0.00e+00
 1.76648e+16	2.91e-08	1.31e-04	7.87e-02	4.87e-01	3.40e-01	9.48e-02	0.00e+00	0.00e+00
 1.78803e+16	3.64e-08	1.56e-04	8.76e-02	5.02e-01	3.26e-01	8.44e-02	0.00e+00	0.00e+00
 1.80622e+16	4.44e-08	1.81e-04	9.61e-02	5.15e-01	3.13e-01	7.59e-02	0.00e+00	0.00e+00
 1.82306e+16	5.59e-08	2.13e-04	1.05e-01	5.27e-01	3.00e-01	6.79e-02	0.00e+00	0.00e+00
 1.83837e+16	6.63e-08	2.42e-04	1.14e-01	5.37e-01	2.87e-01	6.13e-02	0.00e+00	0.00e+00
 1.85473e+16	7.64e-08	2.72e-04	1.24e-01	5.48e-01	2.73e-01	5.47e-02	0.00e+00	0.00e+00
 1.87599e+16	1.07e-07	3.45e-04	1.40e-01	5.61e-01	2.53e-01	4.56e-02	0.00e+00	0.00e+00
 1.89570e+16	1.31e-07	4.03e-04	1.55e-01	5.71e-01	2.35e-01	3.88e-02	0.00e+00	0.00e+00
 1.90923e+16	1.57e-07	4.61e-04	1.67e-01	5.78e-01	2.21e-01	3.41e-02	0.00e+00	0.00e+00
 1.92081e+16	1.84e-07	5.18e-04	1.78e-01	5.83e-01	2.08e-01	3.02e-02	0.00e+00	0.00e+00
 1.93404e+16	2.10e-07	5.74e-04	1.91e-01	5.89e-01	1.94e-01	2.62e-02	0.00e+00	0.00e+00
 1.94871e+16	2.55e-07	6.64e-04	2.07e-01	5.93e-01	1.78e-01	2.19e-02	0.00e+00	0.00e+00
 1.96127e+16	3.10e-07	7.63e-04	2.22e-01	5.96e-01	1.63e-01	1.85e-02	0.00e+00	0.00e+00
 1.97085e+16	3.81e-07	8.79e-04	2.35e-01	5.97e-01	1.51e-01	1.59e-02	0.00e+00	0.00e+00
 1.97844e+16	4.29e-07	9.58e-04	2.45e-01	5.98e-01	1.42e-01	1.41e-02	0.00e+00	0.00e+00
 1.98482e+16	4.75e-07	1.03e-03	2.54e-01	5.98e-01	1.35e-01	1.26e-02	0.00e+00	0.00e+00
 1.99168e+16	5.15e-07	1.10e-03	2.63e-01	5.98e-01	1.26e-01	1.12e-02	0.00e+00	0.00e+00
 2.00060e+16	6.19e-07	1.25e-03	2.77e-01	5.97e-01	1.15e-01	9.37e-03	0.00e+00	0.00e+00
 2.00849e+16	7.03e-07	1.36e-03	2.89e-01	5.96e-01	1.06e-01	8.00e-03	0.00e+00	0.00e+00
 2.01348e+16	7.72e-07	1.45e-03	2.97e-01	5.95e-01	1.00e-01	7.16e-03	0.00e+00	0.00e+00
 2.01841e+16	8.43e-07	1.55e-03	3.05e-01	5.93e-01	9.41e-02	6.37e-03	0.00e+00	0.00e+00
 2.02482e+16	9.39e-07	1.67e-03	3.15e-01	5.91e-01	8.65e-02	5.44e-03	0.00e+00	0.00e+00
 2.03160e+16	1.06e-06	1.82e-03	3.26e-01	5.89e-01	7.89e-02	4.57e-03	0.00e+00	0.00e+00
 2.03730e+16	1.14e-06	1.92e-03	3.35e-01	5.86e-01	7.27e-02	3.94e-03	0.00e+00	0.00e+00
 2.04313e+16	1.31e-06	2.11e-03	3.46e-01	5.83e-01	6.62e-02	3.28e-03	0.00e+00	0.00e+00
 2.04895e+16	1.44e-06	2.26e-03	3.55e-01	5.79e-01	6.03e-02	2.76e-03	0.00e+00	0.00e+00
 2.05399e+16	1.58e-06	2.41e-03	3.64e-01	5.76e-01	5.53e-02	2.35e-03	0.00e+00	0.00e+00
 2.05977e+16	1.76e-06	2.60e-03	3.74e-01	5.72e-01	4.98e-02	1.92e-03	0.00e+00	0.00e+00
 2.06617e+16	1.97e-06	2.81e-03	3.84e-01	5.67e-01	4.41e-02	1.54e-03	0.00e+00	0.00e+00
 2.07218e+16	2.20e-06	3.03e-03	3.94e-01	5.63e-01	3.92e-02	1.23e-03	0.00e+00	0.00e+00
 2.07880e+16	2.47e-06	3.28e-03	4.05e-01	5.57e-01	3.42e-02	9.50e-04	0.00e+00	0.00e+00
 2.08604e+16	2.79e-06	3.57e-03	4.16e-01	5.50e-01	2.93e-02	7.13e-04	0.00e+00	0.00e+00
 2.09279e+16	3.12e-06	3.85e-03	4.26e-01	5.44e-01	2.53e-02	5.41e-04	0.00e+00	0.00e+00
 2.10026e+16	3.54e-06	4.20e-03	4.38e-01	5.36e-01	2.13e-02	3.92e-04	0.00e+00	0.00e+00
 2.10996e+16	4.15e-06	4.67e-03	4.52e-01	5.26e-01	1.70e-02	2.55e-04	0.00e+00	0.00e+00
 2.12007e+16	4.84e-06	5.18e-03	4.66e-01	5.16e-01	1.35e-02	1.65e-04	0.00e+00	0.00e+00
 2.12903e+16	5.54e-06	5.67e-03	4.77e-01	5.06e-01	1.10e-02	1.11e-04	0.00e+00	0.00e+00
 2.13901e+16	6.42e-06	6.25e-03	4.90e-01	4.95e-01	8.68e-03	7.09e-05	0.00e+00	0.00e+00
 2.15199e+16	7.71e-06	7.06e-03	5.06e-01	4.80e-01	6.45e-03	3.99e-05	0.00e+00	0.00e+00
 2.16886e+16	9.72e-06	8.21e-03	5.26e-01	4.61e-01	4.43e-03	1.93e-05	0.00e+00	0.00e+00
 2.18702e+16	1.25e-05	9.67e-03	5.47e-01	4.40e-01	3.02e-03	9.16e-06	0.00e+00	0.00e+00
 2.19969e+16	1.49e-05	1.09e-02	5.62e-01	4.25e-01	2.36e-03	5.65e-06	0.00e+00	0.00e+00
 2.20664e+16	1.64e-05	1.16e-02	5.70e-01	4.16e-01	2.06e-03	4.32e-06	0.00e+00	0.00e+00
 2.21332e+16	1.80e-05	1.23e-02	5.78e-01	4.08e-01	1.79e-03	3.30e-06	0.00e+00	0.00e+00
 2.22201e+16	2.04e-05	1.34e-02	5.88e-01	3.97e-01	1.50e-03	2.34e-06	0.00e+00	0.00e+00
 2.23331e+16	2.40e-05	1.49e-02	6.02e-01	3.82e-01	1.20e-03	1.51e-06	0.00e+00	0.00e+00
 2.24529e+16	2.87e-05	1.67e-02	6.16e-01	3.66e-01	9.51e-04	9.59e-07	0.00e+00	0.00e+00
 2.25535e+16	3.34e-05	1.85e-02	6.29e-01	3.52e-01	7.85e-04	0.00e+00	0.00e+00	0.00e+00
 2.26408e+16	3.83e-05	2.03e-02	6.40e-01	3.39e-01	6.62e-04	0.00e+00	0.00e+00	0.00e+00
 2.27229e+16	4.36e-05	2.21e-02	6.50e-01	3.28e-01	5.65e-04	0.00e+00	0.00e+00	0.00e+00
 2.27997e+16	4.95e-05	2.41e-02	6.59e-01	3.16e-01	4.85e-04	0.00e+00	0.00e+00	0.00e+00
 2.28863e+16	5.71e-05	2.64e-02	6.70e-01	3.03e-01	4.08e-04	0.00e+00	0.00e+00	0.00e+00
 2.29780e+16	6.69e-05	2.94e-02	6.81e-01	2.89e-01	3.40e-04	0.00e+00	0.00e+00	0.00e+00
 2.30550e+16	7.66e-05	3.22e-02	6.91e-01	2.77e-01	2.91e-04	0.00e+00	0.00e+00	0.00e+00
 2.31204e+16	8.62e-05	3.48e-02	6.99e-01	2.66e-01	2.55e-04	0.00e+00	0.00e+00	0.00e+00
 2.31921e+16	9.83e-05	3.80e-02	7.07e-01	2.54e-01	2.19e-04	0.00e+00	0.00e+00	0.00e+00
 2.32714e+16	1.14e-04	4.20e-02	7.16e-01	2.42e-01	1.85e-04	0.00e+00	0.00e+00	0.00e+00
 2.33432e+16	1.31e-04	4.61e-02	7.24e-01	2.30e-01	1.59e-04	0.00e+00	0.00e+00	0.00e+00
 2.34057e+16	1.49e-04	5.02e-02	7.30e-01	2.19e-01	1.38e-04	0.00e+00	0.00e+00	0.00e+00
 2.34734e+16	1.71e-04	5.50e-02	7.37e-01	2.08e-01	1.18e-04	0.00e+00	0.00e+00	0.00e+00
 2.35476e+16	2.00e-04	6.10e-02	7.43e-01	1.95e-01	9.96e-05	0.00e+00	0.00e+00	0.00e+00
 2.36124e+16	2.30e-04	6.71e-02	7.48e-01	1.84e-01	8.54e-05	0.00e+00	0.00e+00	0.00e+00
 2.36675e+16	2.60e-04	7.28e-02	7.52e-01	1.75e-01	7.47e-05	0.00e+00	0.00e+00	0.00e+00
 2.37278e+16	2.98e-04	7.97e-02	7.55e-01	1.65e-01	6.40e-05	0.00e+00	0.00e+00	0.00e+00
 2.37943e+16	3.48e-04	8.83e-02	7.58e-01	1.53e-01	5.39e-05	0.00e+00	0.00e+00	0.00e+00
 2.38535e+16	4.02e-04	9.71e-02	7.59e-01	1.43e-01	4.60e-05	0.00e+00	0.00e+00	0.00e+00
 2.39047e+16	4.56e-04	1.06e-01	7.59e-01	1.35e-01	3.99e-05	0.00e+00	0.00e+00	0.00e+00
 2.39608e+16	5.25e-04	1.16e-01	7.58e-01	1.25e-01	3.39e-05	0.00e+00	0.00e+00	0.00e+00
 2.40222e+16	6.15e-04	1.29e-01	7.56e-01	1.15e-01	2.82e-05	0.00e+00	0.00e+00	0.00e+00
 2.40762e+16	7.12e-04	1.42e-01	7.52e-01	1.06e-01	2.38e-05	0.00e+00	0.00e+00	0.00e+00
 2.41229e+16	8.11e-04	1.54e-01	7.47e-01	9.84e-02	2.05e-05	0.00e+00	0.00e+00	0.00e+00
 2.41744e+16	9.37e-04	1.69e-01	7.40e-01	9.02e-02	1.72e-05	0.00e+00	0.00e+00	0.00e+00
 2.42314e+16	1.10e-03	1.88e-01	7.30e-01	8.12e-02	1.40e-05	0.00e+00	0.00e+00	0.00e+00
 2.42826e+16	1.29e-03	2.07e-01	7.18e-01	7.33e-02	1.16e-05	0.00e+00	0.00e+00	0.00e+00
 2.43276e+16	1.48e-03	2.26e-01	7.06e-01	6.66e-02	9.67e-06	0.00e+00	0.00e+00	0.00e+00
 2.43775e+16	1.73e-03	2.50e-01	6.89e-01	5.92e-02	7.83e-06	0.00e+00	0.00e+00	0.00e+00
 2.44326e+16	2.07e-03	2.79e-01	6.68e-01	5.15e-02	6.14e-06	0.00e+00	0.00e+00	0.00e+00
 2.44829e+16	2.45e-03	3.09e-01	6.44e-01	4.47e-02	4.82e-06	0.00e+00	0.00e+00	0.00e+00
 2.45287e+16	2.86e-03	3.39e-01	6.19e-01	3.88e-02	3.81e-06	0.00e+00	0.00e+00	0.00e+00
 2.45802e+16	3.42e-03	3.77e-01	5.87e-01	3.26e-02	2.86e-06	0.00e+00	0.00e+00	0.00e+00
 2.46365e+16	4.17e-03	4.23e-01	5.47e-01	2.63e-02	2.04e-06	0.00e+00	0.00e+00	0.00e+00
 2.46854e+16	5.01e-03	4.68e-01	5.06e-01	2.12e-02	1.46e-06	0.00e+00	0.00e+00	0.00e+00
 2.47260e+16	5.86e-03	5.08e-01	4.69e-01	1.74e-02	1.09e-06	0.00e+00	0.00e+00	0.00e+00
 2.47625e+16	6.71e-03	5.46e-01	4.33e-01	1.43e-02	8.14e-07	0.00e+00	0.00e+00	0.00e+00
 2.47976e+16	7.70e-03	5.84e-01	3.97e-01	1.16e-02	0.00e+00	0.00e+00	0.00e+00	0.00e+00
 2.48322e+16	8.85e-03	6.23e-01	3.59e-01	9.26e-03	0.00e+00	0.00e+00	0.00e+00	0.00e+00
 2.48657e+16	1.01e-02	6.61e-01	3.22e-01	7.26e-03	0.00e+00	0.00e+00	0.00e+00	0.00e+00
 2.48972e+16	1.15e-02	6.97e-01	2.86e-01	5.65e-03	0.00e+00	0.00e+00	0.00e+00	0.00e+00
 2.49266e+16	1.29e-02	7.29e-01	2.53e-01	4.39e-03	0.00e+00	0.00e+00	0.00e+00	0.00e+00
 2.49552e+16	1.46e-02	7.61e-01	2.21e-01	3.34e-03	0.00e+00	0.00e+00	0.00e+00	0.00e+00
 2.49829e+16	1.64e-02	7.90e-01	1.91e-01	2.50e-03	0.00e+00	0.00e+00	0.00e+00	0.00e+00
 2.50091e+16	1.83e-02	8.16e-01	1.64e-01	1.86e-03	0.00e+00	0.00e+00	0.00e+00	0.00e+00
 2.50339e+16	2.04e-02	8.38e-01	1.40e-01	1.37e-03	0.00e+00	0.00e+00	0.00e+00	0.00e+00
 2.50580e+16	2.27e-02	8.57e-01	1.19e-01	1.00e-03	0.00e+00	0.00e+00	0.00e+00	0.00e+00
 2.50852e+16	2.57e-02	8.77e-01	9.70e-02	6.82e-04	0.00e+00	0.00e+00	0.00e+00	0.00e+00
 2.51138e+16	2.93e-02	8.94e-01	7.65e-02	4.39e-04	0.00e+00	0.00e+00	0.00e+00	0.00e+00
 2.51367e+16	3.26e-02	9.05e-01	6.18e-02	2.97e-04	0.00e+00	0.00e+00	0.00e+00	0.00e+00
 2.51551e+16	3.57e-02	9.12e-01	5.16e-02	2.14e-04	0.00e+00	0.00e+00	0.00e+00	0.00e+00
 2.51751e+16	3.93e-02	9.19e-01	4.19e-02	1.46e-04	0.00e+00	0.00e+00	0.00e+00	0.00e+00
 2.51970e+16	4.40e-02	9.23e-01	3.30e-02	9.46e-05	0.00e+00	0.00e+00	0.00e+00	0.00e+00
 2.52165e+16	4.87e-02	9.25e-01	2.62e-02	6.23e-05	0.00e+00	0.00e+00	0.00e+00	0.00e+00
 2.52331e+16	5.31e-02	9.26e-01	2.13e-02	4.29e-05	0.00e+00	0.00e+00	0.00e+00	0.00e+00
 2.52484e+16	5.76e-02	9.25e-01	1.74e-02	2.99e-05	0.00e+00	0.00e+00	0.00e+00	0.00e+00
 2.52654e+16	6.31e-02	9.23e-01	1.38e-02	1.97e-05	0.00e+00	0.00e+00	0.00e+00	0.00e+00
 2.52830e+16	6.94e-02	9.20e-01	1.07e-02	1.25e-05	0.00e+00	0.00e+00	0.00e+00	0.00e+00
 2.52979e+16	7.55e-02	9.16e-01	8.57e-03	8.39e-06	0.00e+00	0.00e+00	0.00e+00	0.00e+00
 2.53109e+16	8.10e-02	9.12e-01	7.02e-03	5.86e-06	0.00e+00	0.00e+00	0.00e+00	0.00e+00
 2.53228e+16	8.66e-02	9.08e-01	5.80e-03	4.16e-06	0.00e+00	0.00e+00	0.00e+00	0.00e+00
 2.53342e+16	9.23e-02	9.03e-01	4.81e-03	2.96e-06	0.00e+00	0.00e+00	0.00e+00	0.00e+00
 2.53450e+16	9.80e-02	8.98e-01	4.01e-03	2.14e-06	0.00e+00	0.00e+00	0.00e+00	0.00e+00
 2.53548e+16	1.03e-01	8.93e-01	3.38e-03	1.57e-06	0.00e+00	0.00e+00	0.00e+00	0.00e+00
 2.53626e+16	1.08e-01	8.89e-01	2.96e-03	1.24e-06	0.00e+00	0.00e+00	0.00e+00	0.00e+00
 2.53676e+16	1.11e-01	8.86e-01	2.71e-03	1.06e-06	0.00e+00	0.00e+00	0.00e+00	0.00e+00
 2.53723e+16	1.14e-01	8.84e-01	2.49e-03	9.09e-07	0.00e+00	0.00e+00	0.00e+00	0.00e+00
 2.53776e+16	1.18e-01	8.80e-01	2.25e-03	0.00e+00	0.00e+00	0.00e+00	0.00e+00	0.00e+00
 2.53833e+16	1.21e-01	8.77e-01	2.03e-03	0.00e+00	0.00e+00	0.00e+00	0.00e+00	0.00e+00
 2.53889e+16	1.25e-01	8.73e-01	1.83e-03	0.00e+00	0.00e+00	0.00e+00	0.00e+00	0.00e+00
 2.53942e+16	1.29e-01	8.69e-01	1.65e-03	0.00e+00	0.00e+00	0.00e+00	0.00e+00	0.00e+00
 2.53994e+16	1.33e-01	8.66e-01	1.49e-03	0.00e+00	0.00e+00	0.00e+00	0.00e+00	0.00e+00
 2.54046e+16	1.37e-01	8.62e-01	1.35e-03	0.00e+00	0.00e+00	0.00e+00	0.00e+00	0.00e+00
 2.54098e+16	1.41e-01	8.58e-01	1.22e-03	0.00e+00	0.00e+00	0.00e+00	0.00e+00	0.00e+00
 2.54149e+16	1.45e-01	8.54e-01	1.10e-03	0.00e+00	0.00e+00	0.00e+00	0.00e+00	0.00e+00
 2.54199e+16	1.50e-01	8.49e-01	9.95e-04	0.00e+00	0.00e+00	0.00e+00	0.00e+00	0.00e+00
 2.54249e+16	1.54e-01	8.45e-01	8.99e-04	0.00e+00	0.00e+00	0.00e+00	0.00e+00	0.00e+00
 2.54299e+16	1.59e-01	8.40e-01	8.10e-04	0.00e+00	0.00e+00	0.00e+00	0.00e+00	0.00e+00
 2.54348e+16	1.64e-01	8.36e-01	7.30e-04	0.00e+00	0.00e+00	0.00e+00	0.00e+00	0.00e+00
 2.54396e+16	1.69e-01	8.31e-01	6.59e-04	0.00e+00	0.00e+00	0.00e+00	0.00e+00	0.00e+00
 2.54444e+16	1.74e-01	8.26e-01	5.95e-04	0.00e+00	0.00e+00	0.00e+00	0.00e+00	0.00e+00
 2.54491e+16	1.79e-01	8.21e-01	5.36e-04	0.00e+00	0.00e+00	0.00e+00	0.00e+00	0.00e+00
 2.54538e+16	1.84e-01	8.15e-01	4.83e-04	0.00e+00	0.00e+00	0.00e+00	0.00e+00	0.00e+00
 2.54585e+16	1.90e-01	8.10e-01	4.35e-04	0.00e+00	0.00e+00	0.00e+00	0.00e+00	0.00e+00
 2.54631e+16	1.96e-01	8.04e-01	3.92e-04	0.00e+00	0.00e+00	0.00e+00	0.00e+00	0.00e+00
 2.54676e+16	2.02e-01	7.97e-01	3.53e-04	0.00e+00	0.00e+00	0.00e+00	0.00e+00	0.00e+00
 2.54722e+16	2.08e-01	7.91e-01	3.17e-04	0.00e+00	0.00e+00	0.00e+00	0.00e+00	0.00e+00
 2.54766e+16	2.15e-01	7.84e-01	2.85e-04	0.00e+00	0.00e+00	0.00e+00	0.00e+00	0.00e+00
 2.54809e+16	2.22e-01	7.77e-01	2.57e-04	0.00e+00	0.00e+00	0.00e+00	0.00e+00	0.00e+00
 2.54853e+16	2.30e-01	7.70e-01	2.31e-04	0.00e+00	0.00e+00	0.00e+00	0.00e+00	0.00e+00
 2.54896e+16	2.37e-01	7.62e-01	2.07e-04	0.00e+00	0.00e+00	0.00e+00	0.00e+00	0.00e+00
 2.54939e+16	2.46e-01	7.54e-01	1.86e-04	0.00e+00	0.00e+00	0.00e+00	0.00e+00	0.00e+00
 2.54981e+16	2.55e-01	7.45e-01	1.67e-04	0.00e+00	0.00e+00	0.00e+00	0.00e+00	0.00e+00
 2.55022e+16	2.64e-01	7.36e-01	1.50e-04	0.00e+00	0.00e+00	0.00e+00	0.00e+00	0.00e+00
 2.55063e+16	2.73e-01	7.27e-01	1.34e-04	0.00e+00	0.00e+00	0.00e+00	0.00e+00	0.00e+00
 2.55103e+16	2.84e-01	7.16e-01	1.20e-04	0.00e+00	0.00e+00	0.00e+00	0.00e+00	0.00e+00
 2.55142e+16	2.95e-01	7.05e-01	1.08e-04	0.00e+00	0.00e+00	0.00e+00	0.00e+00	0.00e+00
 2.55180e+16	3.05e-01	6.95e-01	9.72e-05	0.00e+00	0.00e+00	0.00e+00	0.00e+00	0.00e+00
 2.55218e+16	3.18e-01	6.82e-01	8.69e-05	0.00e+00	0.00e+00	0.00e+00	0.00e+00	0.00e+00
 2.55256e+16	3.31e-01	6.69e-01	7.79e-05	0.00e+00	0.00e+00	0.00e+00	0.00e+00	0.00e+00
 2.55292e+16	3.43e-01	6.57e-01	7.00e-05	0.00e+00	0.00e+00	0.00e+00	0.00e+00	0.00e+00
 2.55328e+16	3.57e-01	6.43e-01	6.26e-05	0.00e+00	0.00e+00	0.00e+00	0.00e+00	0.00e+00
 2.55364e+16	3.72e-01	6.28e-01	5.60e-05	0.00e+00	0.00e+00	0.00e+00	0.00e+00	0.00e+00
 2.55399e+16	3.87e-01	6.13e-01	5.01e-05	0.00e+00	0.00e+00	0.00e+00	0.00e+00	0.00e+00
 2.55434e+16	4.03e-01	5.97e-01	4.47e-05	0.00e+00	0.00e+00	0.00e+00	0.00e+00	0.00e+00
 2.55468e+16	4.20e-01	5.80e-01	3.99e-05	0.00e+00	0.00e+00	0.00e+00	0.00e+00	0.00e+00
 2.55502e+16	4.40e-01	5.60e-01	3.54e-05	0.00e+00	0.00e+00	0.00e+00	0.00e+00	0.00e+00
 2.55535e+16	4.59e-01	5.41e-01	3.15e-05	0.00e+00	0.00e+00	0.00e+00	0.00e+00	0.00e+00
 2.55568e+16	4.79e-01	5.21e-01	2.80e-05	0.00e+00	0.00e+00	0.00e+00	0.00e+00	0.00e+00
 2.55601e+16	5.00e-01	5.00e-01	2.48e-05	0.00e+00	0.00e+00	0.00e+00	0.00e+00	0.00e+00
 2.55634e+16	5.21e-01	4.79e-01	2.19e-05	0.00e+00	0.00e+00	0.00e+00	0.00e+00	0.00e+00
 2.55667e+16	5.43e-01	4.57e-01	1.93e-05	0.00e+00	0.00e+00	0.00e+00	0.00e+00	0.00e+00
 2.55700e+16	5.66e-01	4.34e-01	1.69e-05	0.00e+00	0.00e+00	0.00e+00	0.00e+00	0.00e+00
 2.55733e+16	5.89e-01	4.11e-01	1.48e-05	0.00e+00	0.00e+00	0.00e+00	0.00e+00	0.00e+00
 2.55765e+16	6.13e-01	3.87e-01	1.29e-05	0.00e+00	0.00e+00	0.00e+00	0.00e+00	0.00e+00
 2.55798e+16	6.37e-01	3.63e-01	1.13e-05	0.00e+00	0.00e+00	0.00e+00	0.00e+00	0.00e+00
 2.55827e+16	6.58e-01	3.42e-01	9.97e-06	0.00e+00	0.00e+00	0.00e+00	0.00e+00	0.00e+00
