#depth	C	C+	C+2	C+3	C+4	C+5	C+6	C[1]	C[2]	C[3]	C+[1]	C+[2]	CO
 1.49634e+10	0.00e+00	0.00e+00	1.80e-29	1.04e-19	2.35e-09	8.53e-04	9.99e-01	0.00e+00	0.00e+00	0.00e+00	0.00e+00	0.00e+00	0.00e+00
 4.54887e+10	0.00e+00	1.94e-39	2.47e-29	1.33e-19	2.75e-09	9.30e-04	9.99e-01	0.00e+00	0.00e+00	0.00e+00	0.00e+00	0.00e+00	0.00e+00
 7.72350e+10	0.00e+00	0.00e+00	3.40e-29	1.69e-19	3.23e-09	1.01e-03	9.99e-01	0.00e+00	0.00e+00	0.00e+00	0.00e+00	0.00e+00	1.81e-216
 1.10251e+11	0.00e+00	4.30e-39	4.68e-29	2.14e-19	3.80e-09	1.09e-03	9.99e-01	0.00e+00	0.00e+00	0.00e+00	0.00e+00	0.00e+00	6.76e-218
 1.42218e+11	0.00e+00	0.00e+00	6.30e-29	2.68e-19	4.41e-09	1.17e-03	9.99e-01	0.00e+00	0.00e+00	0.00e+00	0.00e+00	0.00e+00	9.02e-211
 1.72273e+11	0.00e+00	8.73e-39	8.26e-29	3.29e-19	5.07e-09	1.26e-03	9.99e-01	0.00e+00	0.00e+00	0.00e+00	0.00e+00	0.00e+00	0.00e+00
 2.05900e+11	0.00e+00	0.00e+00	1.11e-28	4.10e-19	5.89e-09	1.35e-03	9.99e-01	0.00e+00	0.00e+00	0.00e+00	0.00e+00	0.00e+00	2.55e-258
 2.44063e+11	0.00e+00	1.88e-38	1.53e-28	5.22e-19	6.92e-09	1.46e-03	9.99e-01	0.00e+00	0.00e+00	0.00e+00	0.00e+00	0.00e+00	0.00e+00
 2.82386e+11	0.00e+00	0.00e+00	2.08e-28	6.59e-19	8.09e-09	1.58e-03	9.98e-01	0.00e+00	0.00e+00	0.00e+00	0.00e+00	0.00e+00	1.92e-268
 3.18794e+11	0.00e+00	3.94e-38	2.77e-28	8.18e-19	9.37e-09	1.70e-03	9.98e-01	0.00e+00	0.00e+00	0.00e+00	0.00e+00	0.00e+00	0.00e+00
 3.53696e+11	0.00e+00	0.00e+00	3.61e-28	9.98e-19	1.07e-08	1.81e-03	9.98e-01	0.00e+00	0.00e+00	0.00e+00	0.00e+00	0.00e+00	0.00e+00
 3.93443e+11	0.00e+00	7.89e-38	4.84e-28	1.25e-18	1.25e-08	1.95e-03	9.98e-01	0.00e+00	0.00e+00	0.00e+00	0.00e+00	0.00e+00	4.98e-165
 4.39107e+11	0.00e+00	0.00e+00	6.68e-28	1.59e-18	1.47e-08	2.12e-03	9.98e-01	0.00e+00	0.00e+00	0.00e+00	0.00e+00	0.00e+00	1.26e-211
 4.83529e+11	0.00e+00	1.72e-37	9.05e-28	2.00e-18	1.71e-08	2.28e-03	9.98e-01	0.00e+00	0.00e+00	0.00e+00	0.00e+00	0.00e+00	6.78e-164
 5.25603e+11	0.00e+00	0.00e+00	1.19e-27	2.46e-18	1.97e-08	2.45e-03	9.98e-01	0.00e+00	0.00e+00	0.00e+00	0.00e+00	0.00e+00	1.71e-222
 5.65148e+11	0.00e+00	3.33e-37	1.54e-27	2.98e-18	2.25e-08	2.61e-03	9.97e-01	0.00e+00	0.00e+00	0.00e+00	0.00e+00	0.00e+00	6.17e-163
 6.07962e+11	0.00e+00	0.00e+00	2.01e-27	3.65e-18	2.58e-08	2.78e-03	9.97e-01	0.00e+00	0.00e+00	0.00e+00	0.00e+00	0.00e+00	7.10e-222
 6.55806e+11	0.00e+00	6.65e-37	2.68e-27	4.54e-18	2.99e-08	2.99e-03	9.97e-01	0.00e+00	0.00e+00	0.00e+00	0.00e+00	0.00e+00	6.18e-162
 7.01085e+11	0.00e+00	0.00e+00	3.50e-27	5.55e-18	3.43e-08	3.20e-03	9.97e-01	0.00e+00	0.00e+00	0.00e+00	0.00e+00	0.00e+00	1.83e-209
 7.50841e+11	0.00e+00	1.32e-36	4.65e-27	6.87e-18	3.96e-08	3.43e-03	9.97e-01	0.00e+00	0.00e+00	0.00e+00	0.00e+00	0.00e+00	5.94e-161
 8.06713e+11	5.73e-47	1.92e-36	6.31e-27	8.65e-18	4.63e-08	3.70e-03	9.96e-01	0.00e+00	0.00e+00	0.00e+00	0.00e+00	0.00e+00	7.45e-234
 8.60123e+11	0.00e+00	0.00e+00	8.38e-27	1.07e-17	5.36e-08	3.97e-03	9.96e-01	0.00e+00	0.00e+00	0.00e+00	0.00e+00	0.00e+00	0.00e+00
 9.18465e+11	0.00e+00	3.99e-36	1.13e-26	1.35e-17	6.27e-08	4.27e-03	9.96e-01	0.00e+00	0.00e+00	0.00e+00	0.00e+00	0.00e+00	0.00e+00
 9.83760e+11	2.22e-46	5.98e-36	1.57e-26	1.72e-17	7.41e-08	4.63e-03	9.95e-01	0.00e+00	0.00e+00	0.00e+00	0.00e+00	0.00e+00	4.02e-139
 1.04711e+12	0.00e+00	0.00e+00	2.12e-26	2.17e-17	8.66e-08	4.99e-03	9.95e-01	0.00e+00	0.00e+00	0.00e+00	0.00e+00	0.00e+00	0.00e+00
 1.11437e+12	0.00e+00	1.29e-35	2.91e-26	2.75e-17	1.02e-07	5.39e-03	9.95e-01	0.00e+00	0.00e+00	0.00e+00	0.00e+00	0.00e+00	1.14e-157
 1.18887e+12	9.13e-46	1.95e-35	4.07e-26	3.54e-17	1.21e-07	5.85e-03	9.94e-01	0.00e+00	0.00e+00	0.00e+00	0.00e+00	0.00e+00	5.15e-205
 1.26464e+12	0.00e+00	0.00e+00	5.66e-26	4.55e-17	1.43e-07	6.35e-03	9.94e-01	0.00e+00	0.00e+00	0.00e+00	0.00e+00	0.00e+00	0.00e+00
 1.33227e+12	0.00e+00	4.18e-35	7.51e-26	5.63e-17	1.66e-07	6.80e-03	9.93e-01	0.00e+00	0.00e+00	0.00e+00	0.00e+00	0.00e+00	0.00e+00
 1.39007e+12	3.24e-45	5.62e-35	9.54e-26	6.74e-17	1.88e-07	7.21e-03	9.93e-01	0.00e+00	0.00e+00	0.00e+00	0.00e+00	0.00e+00	2.80e-136
 1.45442e+12	0.00e+00	7.75e-35	1.24e-25	8.19e-17	2.15e-07	7.67e-03	9.92e-01	0.00e+00	0.00e+00	0.00e+00	0.00e+00	0.00e+00	0.00e+00
 1.53557e+12	7.62e-45	1.15e-34	1.70e-25	1.04e-16	2.53e-07	8.29e-03	9.92e-01	0.00e+00	0.00e+00	0.00e+00	0.00e+00	0.00e+00	2.24e-135
 1.61894e+12	0.00e+00	1.70e-34	2.32e-25	1.32e-16	2.97e-07	8.95e-03	9.91e-01	0.00e+00	0.00e+00	0.00e+00	0.00e+00	0.00e+00	0.00e+00
 1.69088e+12	1.80e-44	2.36e-34	3.03e-25	1.61e-16	3.40e-07	9.54e-03	9.90e-01	0.00e+00	0.00e+00	0.00e+00	0.00e+00	0.00e+00	1.81e-134
 1.76757e+12	0.00e+00	3.33e-34	4.00e-25	1.99e-16	3.93e-07	1.02e-02	9.90e-01	0.00e+00	0.00e+00	0.00e+00	0.00e+00	0.00e+00	0.00e+00
 1.86210e+12	4.45e-44	5.02e-34	5.56e-25	2.55e-16	4.66e-07	1.10e-02	9.89e-01	0.00e+00	0.00e+00	0.00e+00	0.00e+00	0.00e+00	1.61e-133
 1.95740e+12	0.00e+00	7.51e-34	7.68e-25	3.25e-16	5.49e-07	1.19e-02	9.88e-01	0.00e+00	0.00e+00	0.00e+00	0.00e+00	0.00e+00	0.00e+00
 2.04131e+12	1.10e-43	1.06e-33	1.02e-24	4.01e-16	6.34e-07	1.28e-02	9.87e-01	0.00e+00	0.00e+00	0.00e+00	0.00e+00	0.00e+00	1.40e-132
 2.13284e+12	0.00e+00	1.54e-33	1.37e-24	5.03e-16	7.40e-07	1.37e-02	9.86e-01	0.00e+00	0.00e+00	0.00e+00	0.00e+00	0.00e+00	0.00e+00
 2.24323e+12	2.87e-43	2.37e-33	1.94e-24	6.52e-16	8.84e-07	1.49e-02	9.85e-01	0.00e+00	0.00e+00	0.00e+00	0.00e+00	0.00e+00	1.40e-131
 2.35317e+12	0.00e+00	3.61e-33	2.72e-24	8.41e-16	1.05e-06	1.61e-02	9.84e-01	0.00e+00	0.00e+00	0.00e+00	0.00e+00	0.00e+00	0.00e+00
 2.45040e+12	7.36e-43	5.20e-33	3.65e-24	1.05e-15	1.22e-06	1.73e-02	9.83e-01	0.00e+00	0.00e+00	0.00e+00	0.00e+00	0.00e+00	1.33e-130
 2.55608e+12	0.00e+00	7.66e-33	4.98e-24	1.32e-15	1.43e-06	1.86e-02	9.81e-01	0.00e+00	0.00e+00	0.00e+00	0.00e+00	0.00e+00	0.00e+00
 2.68310e+12	2.01e-42	1.20e-32	7.17e-24	1.74e-15	1.72e-06	2.03e-02	9.80e-01	0.00e+00	0.00e+00	0.00e+00	0.00e+00	0.00e+00	1.45e-129
 2.81011e+12	0.00e+00	1.87e-32	1.02e-23	2.27e-15	2.07e-06	2.21e-02	9.78e-01	0.00e+00	0.00e+00	0.00e+00	0.00e+00	0.00e+00	0.00e+00
 2.92576e+12	5.48e-42	2.77e-32	1.40e-23	2.88e-15	2.43e-06	2.38e-02	9.76e-01	0.00e+00	0.00e+00	0.00e+00	0.00e+00	0.00e+00	1.55e-128
 3.05436e+12	0.00e+00	4.25e-32	1.98e-23	3.72e-15	2.89e-06	2.58e-02	9.74e-01	0.00e+00	0.00e+00	0.00e+00	0.00e+00	0.00e+00	0.00e+00
 3.20455e+12	1.64e-41	6.89e-32	2.92e-23	4.98e-15	3.52e-06	2.83e-02	9.72e-01	0.00e+00	0.00e+00	0.00e+00	0.00e+00	0.00e+00	2.04e-127
 3.35258e+12	0.00e+00	1.09e-31	4.24e-23	6.58e-15	4.25e-06	3.09e-02	9.69e-01	0.00e+00	0.00e+00	0.00e+00	0.00e+00	0.00e+00	0.00e+00
 3.49233e+12	4.75e-41	1.67e-31	5.96e-23	8.49e-15	5.05e-06	3.34e-02	9.67e-01	0.00e+00	0.00e+00	0.00e+00	0.00e+00	0.00e+00	2.47e-126
 3.61899e+12	0.00e+00	2.43e-31	8.06e-23	1.06e-14	5.88e-06	3.59e-02	9.64e-01	0.00e+00	0.00e+00	0.00e+00	0.00e+00	0.00e+00	0.00e+00
 3.73256e+12	1.10e-40	3.37e-31	1.05e-22	1.29e-14	6.71e-06	3.82e-02	9.62e-01	0.00e+00	0.00e+00	0.00e+00	0.00e+00	0.00e+00	1.77e-125
 3.86166e+12	0.00e+00	4.84e-31	1.40e-22	1.61e-14	7.78e-06	4.08e-02	9.59e-01	0.00e+00	0.00e+00	0.00e+00	0.00e+00	0.00e+00	0.00e+00
 4.02829e+12	2.93e-40	7.62e-31	2.02e-22	2.11e-14	9.35e-06	4.45e-02	9.56e-01	0.00e+00	0.00e+00	0.00e+00	0.00e+00	0.00e+00	1.75e-124
 4.20147e+12	0.00e+00	1.20e-30	2.92e-22	2.78e-14	1.12e-05	4.84e-02	9.52e-01	0.00e+00	0.00e+00	0.00e+00	0.00e+00	0.00e+00	0.00e+00
 4.34202e+12	7.77e-40	1.71e-30	3.89e-22	3.45e-14	1.30e-05	5.18e-02	9.48e-01	0.00e+00	0.00e+00	0.00e+00	0.00e+00	0.00e+00	1.70e-123
 4.48239e+12	0.00e+00	2.42e-30	5.14e-22	4.24e-14	1.49e-05	5.52e-02	9.45e-01	0.00e+00	0.00e+00	0.00e+00	0.00e+00	0.00e+00	0.00e+00
 4.66486e+12	1.98e-39	3.74e-30	7.30e-22	5.51e-14	1.78e-05	5.99e-02	9.40e-01	0.00e+00	0.00e+00	0.00e+00	0.00e+00	0.00e+00	1.51e-122
 4.85243e+12	0.00e+00	5.74e-30	1.03e-21	7.14e-14	2.12e-05	6.48e-02	9.35e-01	0.00e+00	0.00e+00	0.00e+00	0.00e+00	0.00e+00	0.00e+00
 5.00708e+12	5.00e-39	8.08e-30	1.36e-21	8.78e-14	2.43e-05	6.91e-02	9.31e-01	0.00e+00	0.00e+00	0.00e+00	0.00e+00	0.00e+00	1.32e-121
 5.16858e+12	0.00e+00	1.14e-29	1.80e-21	1.08e-13	2.79e-05	7.37e-02	9.26e-01	0.00e+00	0.00e+00	0.00e+00	0.00e+00	0.00e+00	0.00e+00
 5.37852e+12	1.27e-38	1.76e-29	2.55e-21	1.40e-13	3.32e-05	7.98e-02	9.20e-01	0.00e+00	0.00e+00	0.00e+00	0.00e+00	0.00e+00	1.18e-120
 5.59651e+12	0.00e+00	2.71e-29	3.62e-21	1.82e-13	3.95e-05	8.64e-02	9.14e-01	0.00e+00	0.00e+00	0.00e+00	0.00e+00	0.00e+00	0.00e+00
 5.77970e+12	3.25e-38	3.85e-29	4.80e-21	2.25e-13	4.55e-05	9.21e-02	9.08e-01	0.00e+00	0.00e+00	0.00e+00	0.00e+00	0.00e+00	1.07e-119
 5.97257e+12	0.00e+00	5.49e-29	6.40e-21	2.79e-13	5.25e-05	9.83e-02	9.02e-01	0.00e+00	0.00e+00	0.00e+00	0.00e+00	0.00e+00	0.00e+00
 6.21817e+12	8.40e-38	8.49e-29	9.10e-21	3.63e-13	6.24e-05	1.06e-01	8.94e-01	0.00e+00	0.00e+00	0.00e+00	0.00e+00	0.00e+00	9.96e-119
 6.47176e+12	0.00e+00	1.31e-28	1.29e-20	4.71e-13	7.42e-05	1.15e-01	8.85e-01	0.00e+00	0.00e+00	0.00e+00	0.00e+00	0.00e+00	0.00e+00
 6.69104e+12	2.17e-37	1.87e-28	1.72e-20	5.84e-13	8.55e-05	1.23e-01	8.77e-01	0.00e+00	0.00e+00	0.00e+00	0.00e+00	0.00e+00	9.33e-118
 6.92632e+12	0.00e+00	2.71e-28	2.33e-20	7.30e-13	9.91e-05	1.31e-01	8.69e-01	0.00e+00	0.00e+00	0.00e+00	0.00e+00	0.00e+00	0.00e+00
 7.21545e+12	5.72e-37	4.20e-28	3.32e-20	9.51e-13	1.18e-04	1.42e-01	8.58e-01	0.00e+00	0.00e+00	0.00e+00	0.00e+00	0.00e+00	9.28e-117
 7.51105e+12	0.00e+00	6.45e-28	4.69e-20	1.23e-12	1.40e-04	1.53e-01	8.47e-01	0.00e+00	0.00e+00	0.00e+00	0.00e+00	0.00e+00	1.12e-100
 7.78007e+12	1.50e-36	9.39e-28	6.35e-20	1.54e-12	1.62e-04	1.63e-01	8.37e-01	0.00e+00	0.00e+00	0.00e+00	0.00e+00	0.00e+00	0.00e+00
 8.03190e+12	0.00e+00	1.32e-27	8.35e-20	1.89e-12	1.85e-04	1.73e-01	8.27e-01	0.00e+00	0.00e+00	0.00e+00	0.00e+00	0.00e+00	2.47e-132
 8.31310e+12	3.49e-36	1.90e-27	1.12e-19	2.35e-12	2.13e-04	1.84e-01	8.16e-01	0.00e+00	0.00e+00	0.00e+00	0.00e+00	0.00e+00	3.89e-98
 8.61607e+12	0.00e+00	2.77e-27	1.52e-19	2.96e-12	2.47e-04	1.96e-01	8.04e-01	0.00e+00	0.00e+00	0.00e+00	0.00e+00	0.00e+00	0.00e+00
 8.88533e+12	8.12e-36	3.84e-27	1.98e-19	3.59e-12	2.80e-04	2.07e-01	7.93e-01	0.00e+00	0.00e+00	0.00e+00	0.00e+00	0.00e+00	5.17e-114
 9.12396e+12	0.00e+00	5.07e-27	2.48e-19	4.25e-12	3.12e-04	2.17e-01	7.83e-01	0.00e+00	0.00e+00	0.00e+00	0.00e+00	0.00e+00	1.77e-98
 9.38476e+12	1.62e-35	6.82e-27	3.15e-19	5.07e-12	3.50e-04	2.28e-01	7.72e-01	0.00e+00	0.00e+00	0.00e+00	0.00e+00	0.00e+00	0.00e+00
 9.72380e+12	0.00e+00	9.90e-27	4.26e-19	6.34e-12	4.04e-04	2.42e-01	7.57e-01	0.00e+00	0.00e+00	0.00e+00	0.00e+00	0.00e+00	1.40e-129
 1.00707e+13	3.93e-35	1.43e-26	5.74e-19	7.90e-12	4.66e-04	2.57e-01	7.43e-01	0.00e+00	0.00e+00	0.00e+00	0.00e+00	0.00e+00	5.62e-96
 1.03554e+13	0.00e+00	1.91e-26	7.26e-19	9.40e-12	5.20e-04	2.69e-01	7.31e-01	0.00e+00	0.00e+00	0.00e+00	0.00e+00	0.00e+00	1.13e-128
 1.06531e+13	7.95e-35	2.57e-26	9.21e-19	1.12e-11	5.82e-04	2.82e-01	7.18e-01	0.00e+00	0.00e+00	0.00e+00	0.00e+00	0.00e+00	2.39e-95
 1.10402e+13	1.24e-34	3.73e-26	1.24e-18	1.40e-11	6.70e-04	2.98e-01	7.01e-01	0.00e+00	0.00e+00	0.00e+00	0.00e+00	0.00e+00	3.68e-111
 1.14486e+13	1.96e-34	5.45e-26	1.69e-18	1.75e-11	7.73e-04	3.16e-01	6.84e-01	0.00e+00	0.00e+00	0.00e+00	0.00e+00	0.00e+00	1.52e-94
 1.18022e+13	2.86e-34	7.47e-26	2.18e-18	2.12e-11	8.70e-04	3.31e-01	6.68e-01	0.00e+00	0.00e+00	0.00e+00	0.00e+00	0.00e+00	2.76e-110
 1.21794e+13	4.22e-34	1.03e-25	2.84e-18	2.57e-11	9.82e-04	3.47e-01	6.52e-01	0.00e+00	0.00e+00	0.00e+00	0.00e+00	0.00e+00	7.40e-94
 1.26555e+13	6.79e-34	1.54e-25	3.91e-18	3.25e-11	1.14e-03	3.67e-01	6.32e-01	0.00e+00	0.00e+00	0.00e+00	0.00e+00	0.00e+00	2.26e-109
 1.31473e+13	1.09e-33	2.28e-25	5.38e-18	4.11e-11	1.32e-03	3.88e-01	6.11e-01	0.00e+00	0.00e+00	0.00e+00	0.00e+00	0.00e+00	5.18e-93
 1.35812e+13	1.62e-33	3.18e-25	7.04e-18	5.01e-11	1.49e-03	4.05e-01	5.93e-01	0.00e+00	0.00e+00	0.00e+00	0.00e+00	0.00e+00	1.89e-108
 1.40527e+13	2.47e-33	4.51e-25	9.35e-18	6.17e-11	1.69e-03	4.25e-01	5.74e-01	0.00e+00	0.00e+00	0.00e+00	0.00e+00	0.00e+00	2.79e-92
 1.46205e+13	4.02e-33	6.77e-25	1.30e-17	7.85e-11	1.96e-03	4.47e-01	5.51e-01	0.00e+00	0.00e+00	0.00e+00	0.00e+00	0.00e+00	1.73e-107
 1.51994e+13	6.46e-33	1.01e-24	1.79e-17	9.94e-11	2.26e-03	4.70e-01	5.28e-01	0.00e+00	0.00e+00	0.00e+00	0.00e+00	0.00e+00	1.99e-91
 1.57135e+13	9.69e-33	1.41e-24	2.36e-17	1.21e-10	2.55e-03	4.89e-01	5.08e-01	0.00e+00	0.00e+00	0.00e+00	0.00e+00	0.00e+00	1.49e-106
 1.62578e+13	1.46e-32	1.99e-24	3.12e-17	1.49e-10	2.88e-03	5.09e-01	4.88e-01	0.00e+00	0.00e+00	0.00e+00	0.00e+00	0.00e+00	1.06e-90
 1.68728e+13	2.29e-32	2.90e-24	4.24e-17	1.86e-10	3.29e-03	5.31e-01	4.65e-01	0.00e+00	0.00e+00	0.00e+00	0.00e+00	0.00e+00	1.24e-105
 1.74595e+13	3.45e-32	4.09e-24	5.61e-17	2.28e-10	3.72e-03	5.51e-01	4.45e-01	0.00e+00	0.00e+00	0.00e+00	0.00e+00	0.00e+00	6.09e-90
 1.79468e+13	4.80e-32	5.39e-24	7.03e-17	2.69e-10	4.10e-03	5.68e-01	4.28e-01	0.00e+00	0.00e+00	0.00e+00	0.00e+00	0.00e+00	7.65e-105
 1.83533e+13	6.26e-32	6.73e-24	8.42e-17	3.07e-10	4.42e-03	5.80e-01	4.15e-01	0.00e+00	0.00e+00	0.00e+00	0.00e+00	0.00e+00	2.04e-89
 1.88100e+13	8.36e-32	8.58e-24	1.03e-16	3.55e-10	4.81e-03	5.95e-01	4.01e-01	0.00e+00	0.00e+00	0.00e+00	0.00e+00	0.00e+00	3.02e-104
 1.94037e+13	1.20e-31	1.17e-23	1.32e-16	4.26e-10	5.35e-03	6.12e-01	3.82e-01	0.00e+00	0.00e+00	0.00e+00	0.00e+00	0.00e+00	7.71e-89
 2.00295e+13	1.75e-31	1.59e-23	1.71e-16	5.13e-10	5.96e-03	6.30e-01	3.64e-01	0.00e+00	0.00e+00	0.00e+00	0.00e+00	0.00e+00	1.88e-103
 2.05659e+13	2.37e-31	2.06e-23	2.10e-16	5.98e-10	6.51e-03	6.44e-01	3.49e-01	0.00e+00	0.00e+00	0.00e+00	0.00e+00	0.00e+00	3.04e-88
 2.11321e+13	3.23e-31	2.67e-23	2.60e-16	6.98e-10	7.11e-03	6.59e-01	3.34e-01	0.00e+00	0.00e+00	0.00e+00	0.00e+00	0.00e+00	8.78e-103
 2.18681e+13	4.77e-31	3.71e-23	3.41e-16	8.48e-10	7.94e-03	6.76e-01	3.16e-01	0.00e+00	0.00e+00	0.00e+00	0.00e+00	0.00e+00	1.27e-87
 2.26297e+13	7.03e-31	5.14e-23	4.46e-16	1.03e-09	8.87e-03	6.93e-01	2.98e-01	0.00e+00	0.00e+00	0.00e+00	0.00e+00	0.00e+00	6.18e-102
 2.32655e+13	9.57e-31	6.66e-23	5.52e-16	1.20e-09	9.67e-03	7.07e-01	2.84e-01	0.00e+00	0.00e+00	0.00e+00	0.00e+00	0.00e+00	5.22e-87
 2.39330e+13	1.31e-30	8.64e-23	6.83e-16	1.40e-09	1.05e-02	7.19e-01	2.70e-01	0.00e+00	0.00e+00	0.00e+00	0.00e+00	0.00e+00	2.99e-101
 2.48007e+13	1.93e-30	1.20e-22	8.93e-16	1.70e-09	1.17e-02	7.35e-01	2.53e-01	0.00e+00	0.00e+00	0.00e+00	0.00e+00	0.00e+00	2.22e-86
 2.57231e+13	2.87e-30	1.67e-22	1.17e-15	2.07e-09	1.31e-02	7.50e-01	2.37e-01	0.00e+00	0.00e+00	0.00e+00	0.00e+00	0.00e+00	2.23e-100
 2.65343e+13	3.99e-30	2.21e-22	1.47e-15	2.44e-09	1.43e-02	7.62e-01	2.24e-01	0.00e+00	0.00e+00	0.00e+00	0.00e+00	0.00e+00	1.01e-85
 2.74061e+13	5.62e-30	2.93e-22	1.85e-15	2.87e-09	1.56e-02	7.73e-01	2.11e-01	0.00e+00	0.00e+00	0.00e+00	0.00e+00	0.00e+00	1.28e-99
 2.84719e+13	8.39e-30	4.10e-22	2.43e-15	3.49e-09	1.74e-02	7.86e-01	1.96e-01	0.00e+00	0.00e+00	0.00e+00	0.00e+00	0.00e+00	4.87e-85
 2.95437e+13	1.23e-29	5.66e-22	3.16e-15	4.20e-09	1.92e-02	7.98e-01	1.83e-01	0.00e+00	0.00e+00	0.00e+00	0.00e+00	0.00e+00	1.01e-98
 3.04248e+13	1.67e-29	7.28e-22	3.87e-15	4.85e-09	2.07e-02	8.06e-01	1.73e-01	0.00e+00	0.00e+00	0.00e+00	0.00e+00	0.00e+00	2.14e-84
 3.13041e+13	2.23e-29	9.26e-22	4.68e-15	5.55e-09	2.23e-02	8.14e-01	1.64e-01	0.00e+00	0.00e+00	0.00e+00	0.00e+00	0.00e+00	4.90e-98
 3.24471e+13	3.22e-29	1.26e-21	5.98e-15	6.59e-09	2.44e-02	8.22e-01	1.53e-01	0.00e+00	0.00e+00	0.00e+00	0.00e+00	0.00e+00	9.05e-84
 3.36421e+13	4.66e-29	1.70e-21	7.63e-15	7.83e-09	2.68e-02	8.30e-01	1.43e-01	0.00e+00	0.00e+00	0.00e+00	0.00e+00	0.00e+00	3.49e-97
 3.46630e+13	6.30e-29	2.18e-21	9.28e-15	8.98e-09	2.88e-02	8.36e-01	1.35e-01	0.00e+00	0.00e+00	0.00e+00	0.00e+00	0.00e+00	3.98e-83
 3.56011e+13	8.24e-29	2.72e-21	1.11e-14	1.01e-08	3.07e-02	8.41e-01	1.28e-01	0.00e+00	0.00e+00	0.00e+00	0.00e+00	0.00e+00	1.63e-96
 3.66732e+13	1.11e-28	3.48e-21	1.34e-14	1.16e-08	3.29e-02	8.46e-01	1.21e-01	0.00e+00	0.00e+00	0.00e+00	0.00e+00	0.00e+00	1.42e-82
 3.80398e+13	1.60e-28	4.70e-21	1.70e-14	1.37e-08	3.58e-02	8.52e-01	1.12e-01	0.00e+00	0.00e+00	0.00e+00	0.00e+00	0.00e+00	9.91e-96
 3.94384e+13	2.29e-28	6.31e-21	2.14e-14	1.60e-08	3.89e-02	8.56e-01	1.05e-01	0.00e+00	0.00e+00	0.00e+00	0.00e+00	0.00e+00	7.40e-82
 4.06432e+13	3.09e-28	8.06e-21	2.59e-14	1.83e-08	4.16e-02	8.60e-01	9.86e-02	0.00e+00	0.00e+00	0.00e+00	0.00e+00	0.00e+00	6.03e-95
 4.19465e+13	4.23e-28	1.04e-20	3.16e-14	2.10e-08	4.46e-02	8.63e-01	9.26e-02	0.00e+00	0.00e+00	0.00e+00	0.00e+00	0.00e+00	3.00e-81
 4.35517e+13	6.13e-28	1.41e-20	3.99e-14	2.46e-08	4.84e-02	8.66e-01	8.59e-02	0.00e+00	0.00e+00	0.00e+00	0.00e+00	0.00e+00	3.97e-94
 4.51951e+13	8.84e-28	1.90e-20	5.04e-14	2.89e-08	5.25e-02	8.68e-01	7.96e-02	0.00e+00	0.00e+00	0.00e+00	0.00e+00	0.00e+00	1.64e-80
 4.66731e+13	1.21e-27	2.46e-20	6.14e-14	3.30e-08	5.63e-02	8.69e-01	7.46e-02	0.00e+00	0.00e+00	0.00e+00	0.00e+00	0.00e+00	2.61e-93
 4.82903e+13	1.70e-27	3.22e-20	7.57e-14	3.81e-08	6.04e-02	8.70e-01	6.96e-02	0.00e+00	0.00e+00	0.00e+00	0.00e+00	0.00e+00	7.51e-80
 5.02034e+13	2.48e-27	4.39e-20	9.59e-14	4.47e-08	6.55e-02	8.70e-01	6.43e-02	0.00e+00	0.00e+00	0.00e+00	0.00e+00	0.00e+00	1.92e-92
 5.21026e+13	3.57e-27	5.90e-20	1.21e-13	5.23e-08	7.08e-02	8.70e-01	5.94e-02	0.00e+00	0.00e+00	0.00e+00	0.00e+00	0.00e+00	4.25e-79
 5.37963e+13	4.88e-27	7.59e-20	1.46e-13	5.95e-08	7.55e-02	8.69e-01	5.56e-02	0.00e+00	0.00e+00	0.00e+00	0.00e+00	0.00e+00	1.26e-91
 5.56217e+13	6.76e-27	9.87e-20	1.79e-13	6.81e-08	8.07e-02	8.67e-01	5.19e-02	0.00e+00	0.00e+00	0.00e+00	0.00e+00	0.00e+00	1.92e-78
 5.76635e+13	9.59e-27	1.31e-19	2.22e-13	7.88e-08	8.67e-02	8.65e-01	4.80e-02	0.00e+00	0.00e+00	0.00e+00	0.00e+00	0.00e+00	8.37e-91
 5.95897e+13	1.32e-26	1.70e-19	2.71e-13	9.02e-08	9.27e-02	8.63e-01	4.47e-02	0.00e+00	0.00e+00	0.00e+00	0.00e+00	0.00e+00	9.25e-78
 6.16968e+13	1.85e-26	2.23e-19	3.33e-13	1.04e-07	9.91e-02	8.59e-01	4.15e-02	0.00e+00	0.00e+00	0.00e+00	0.00e+00	0.00e+00	5.26e-90
 6.39132e+13	2.60e-26	2.94e-19	4.12e-13	1.19e-07	1.06e-01	8.55e-01	3.84e-02	0.00e+00	0.00e+00	0.00e+00	0.00e+00	0.00e+00	4.64e-77
 6.57026e+13	3.39e-26	3.65e-19	4.86e-13	1.33e-07	1.12e-01	8.52e-01	3.61e-02	0.00e+00	0.00e+00	0.00e+00	0.00e+00	0.00e+00	2.91e-89
 6.72179e+13	4.23e-26	4.35e-19	5.56e-13	1.46e-07	1.17e-01	8.49e-01	3.43e-02	0.00e+00	0.00e+00	0.00e+00	0.00e+00	0.00e+00	1.46e-76
 6.89460e+13	5.40e-26	5.30e-19	6.46e-13	1.61e-07	1.23e-01	8.45e-01	3.25e-02	0.00e+00	0.00e+00	0.00e+00	0.00e+00	0.00e+00	2.62e-76
 7.11926e+13	7.34e-26	6.80e-19	7.82e-13	1.83e-07	1.30e-01	8.40e-01	3.02e-02	0.00e+00	0.00e+00	0.00e+00	0.00e+00	0.00e+00	5.40e-76
 7.35587e+13	1.00e-25	8.76e-19	9.49e-13	2.09e-07	1.39e-01	8.34e-01	2.80e-02	0.00e+00	0.00e+00	0.00e+00	0.00e+00	0.00e+00	1.13e-75
 7.55956e+13	1.30e-25	1.08e-18	1.11e-12	2.32e-07	1.46e-01	8.28e-01	2.63e-02	0.00e+00	0.00e+00	0.00e+00	0.00e+00	0.00e+00	2.10e-75
 7.77589e+13	1.70e-25	1.34e-18	1.31e-12	2.59e-07	1.53e-01	8.22e-01	2.46e-02	0.00e+00	0.00e+00	0.00e+00	0.00e+00	0.00e+00	4.01e-75
 8.05713e+13	2.39e-25	1.76e-18	1.62e-12	2.98e-07	1.64e-01	8.14e-01	2.26e-02	0.00e+00	0.00e+00	0.00e+00	0.00e+00	0.00e+00	8.85e-75
 8.34616e+13	3.33e-25	2.31e-18	1.99e-12	3.42e-07	1.74e-01	8.05e-01	2.07e-02	0.00e+00	0.00e+00	0.00e+00	0.00e+00	0.00e+00	1.95e-74
 8.58609e+13	4.35e-25	2.87e-18	2.35e-12	3.81e-07	1.83e-01	7.98e-01	1.94e-02	0.00e+00	0.00e+00	0.00e+00	0.00e+00	0.00e+00	3.70e-74
 8.83875e+13	5.72e-25	3.58e-18	2.78e-12	4.25e-07	1.92e-01	7.89e-01	1.81e-02	0.00e+00	0.00e+00	0.00e+00	0.00e+00	0.00e+00	7.14e-74
 9.16269e+13	8.00e-25	4.69e-18	3.43e-12	4.89e-07	2.05e-01	7.79e-01	1.65e-02	0.00e+00	0.00e+00	0.00e+00	0.00e+00	0.00e+00	1.58e-73
 9.50181e+13	1.12e-24	6.17e-18	4.23e-12	5.62e-07	2.18e-01	7.67e-01	1.50e-02	0.00e+00	0.00e+00	0.00e+00	0.00e+00	0.00e+00	3.54e-73
 9.79717e+13	1.49e-24	7.77e-18	5.04e-12	6.30e-07	2.29e-01	7.57e-01	1.39e-02	0.00e+00	0.00e+00	0.00e+00	0.00e+00	0.00e+00	7.02e-73
 1.01131e+14	2.01e-24	9.86e-18	6.03e-12	7.09e-07	2.41e-01	7.46e-01	1.28e-02	0.00e+00	0.00e+00	0.00e+00	0.00e+00	0.00e+00	1.43e-72
 1.04990e+14	2.83e-24	1.30e-17	7.48e-12	8.16e-07	2.57e-01	7.32e-01	1.16e-02	0.00e+00	0.00e+00	0.00e+00	0.00e+00	0.00e+00	3.24e-72
 1.08841e+14	3.95e-24	1.70e-17	9.16e-12	9.31e-07	2.72e-01	7.18e-01	1.06e-02	0.00e+00	0.00e+00	0.00e+00	0.00e+00	0.00e+00	7.26e-72
 1.12239e+14	5.23e-24	2.14e-17	1.09e-11	1.04e-06	2.85e-01	7.05e-01	9.75e-03	0.00e+00	0.00e+00	0.00e+00	0.00e+00	0.00e+00	1.42e-71
 1.15968e+14	7.03e-24	2.72e-17	1.31e-11	1.18e-06	2.99e-01	6.92e-01	8.92e-03	0.00e+00	0.00e+00	0.00e+00	0.00e+00	0.00e+00	2.91e-71
 1.20453e+14	9.92e-24	3.58e-17	1.61e-11	1.35e-06	3.17e-01	6.75e-01	8.04e-03	0.00e+00	0.00e+00	0.00e+00	0.00e+00	0.00e+00	6.73e-71
 1.24939e+14	1.37e-23	4.66e-17	1.98e-11	1.54e-06	3.34e-01	6.59e-01	7.25e-03	0.00e+00	0.00e+00	0.00e+00	1.49e-17	3.16e-17	1.47e-70
 1.28996e+14	1.83e-23	5.86e-17	2.35e-11	1.72e-06	3.49e-01	6.44e-01	6.63e-03	0.00e+00	0.00e+00	0.00e+00	1.94e-17	3.92e-17	2.96e-70
 1.33475e+14	2.49e-23	7.49e-17	2.83e-11	1.93e-06	3.66e-01	6.28e-01	6.02e-03	0.00e+00	0.00e+00	0.00e+00	2.48e-17	5.00e-17	6.27e-70
 1.38741e+14	3.51e-23	9.89e-17	3.48e-11	2.20e-06	3.85e-01	6.10e-01	5.39e-03	0.00e+00	0.00e+00	0.00e+00	3.28e-17	6.61e-17	1.47e-69
 1.43994e+14	4.85e-23	1.28e-16	4.25e-11	2.50e-06	4.04e-01	5.91e-01	4.83e-03	0.00e+00	0.00e+00	0.00e+00	4.25e-17	8.57e-17	3.25e-69
 1.48511e+14	6.37e-23	1.59e-16	5.01e-11	2.77e-06	4.20e-01	5.76e-01	4.41e-03	0.00e+00	0.00e+00	0.00e+00	5.28e-17	1.06e-16	6.37e-69
 1.52178e+14	7.88e-23	1.89e-16	5.69e-11	3.00e-06	4.32e-01	5.64e-01	4.11e-03	0.00e+00	0.00e+00	0.00e+00	6.26e-17	1.26e-16	1.08e-68
 1.56015e+14	9.79e-23	2.25e-16	6.48e-11	3.26e-06	4.45e-01	5.51e-01	3.81e-03	0.00e+00	0.00e+00	0.00e+00	7.45e-17	1.50e-16	1.86e-68
 1.61002e+14	1.29e-22	2.80e-16	7.62e-11	3.60e-06	4.61e-01	5.35e-01	3.47e-03	0.00e+00	0.00e+00	0.00e+00	9.29e-17	1.87e-16	3.75e-68
 1.66234e+14	1.70e-22	3.49e-16	9.00e-11	3.99e-06	4.78e-01	5.19e-01	3.15e-03	0.00e+00	0.00e+00	0.00e+00	1.16e-16	2.33e-16	7.37e-68
 1.70672e+14	2.14e-22	4.18e-16	1.03e-10	4.33e-06	4.92e-01	5.05e-01	2.90e-03	0.00e+00	0.00e+00	0.00e+00	1.38e-16	2.79e-16	1.32e-67
 1.75330e+14	2.70e-22	5.04e-16	1.18e-10	4.71e-06	5.05e-01	4.92e-01	2.68e-03	0.00e+00	0.00e+00	0.00e+00	1.67e-16	3.37e-16	2.40e-67
 1.81386e+14	3.62e-22	6.35e-16	1.40e-10	5.22e-06	5.23e-01	4.75e-01	2.41e-03	0.00e+00	0.00e+00	0.00e+00	2.10e-16	4.24e-16	5.05e-67
 1.87681e+14	4.81e-22	7.97e-16	1.66e-10	5.80e-06	5.41e-01	4.57e-01	2.16e-03	0.00e+00	0.00e+00	0.00e+00	2.64e-16	5.33e-16	1.03e-66
 1.92969e+14	6.10e-22	9.61e-16	1.90e-10	6.29e-06	5.55e-01	4.43e-01	1.98e-03	0.00e+00	0.00e+00	0.00e+00	3.18e-16	6.42e-16	1.90e-66
 1.98527e+14	7.78e-22	1.16e-15	2.19e-10	6.83e-06	5.69e-01	4.29e-01	1.81e-03	0.00e+00	0.00e+00	0.00e+00	3.85e-16	7.77e-16	3.54e-66
 2.05718e+14	1.06e-21	1.48e-15	2.60e-10	7.57e-06	5.87e-01	4.12e-01	1.62e-03	0.00e+00	0.00e+00	0.00e+00	4.90e-16	9.89e-16	7.84e-66
 2.13304e+14	1.42e-21	1.87e-15	3.10e-10	8.40e-06	6.05e-01	3.94e-01	1.44e-03	0.00e+00	0.00e+00	0.00e+00	6.19e-16	1.25e-15	1.68e-65
 2.19921e+14	1.84e-21	2.29e-15	3.58e-10	9.15e-06	6.19e-01	3.80e-01	1.30e-03	0.00e+00	0.00e+00	0.00e+00	7.58e-16	1.53e-15	3.30e-65
 2.27003e+14	2.41e-21	2.83e-15	4.16e-10	9.98e-06	6.34e-01	3.65e-01	1.17e-03	0.00e+00	0.00e+00	0.00e+00	9.36e-16	1.89e-15	6.70e-65
 2.35641e+14	3.29e-21	3.61e-15	4.96e-10	1.10e-05	6.51e-01	3.48e-01	1.04e-03	0.00e+00	0.00e+00	0.00e+00	1.19e-15	2.41e-15	1.51e-64
 2.44407e+14	4.45e-21	4.57e-15	5.88e-10	1.22e-05	6.68e-01	3.31e-01	9.19e-04	0.00e+00	0.00e+00	0.00e+00	1.51e-15	3.06e-15	3.36e-64
 2.52347e+14	5.79e-21	5.62e-15	6.82e-10	1.33e-05	6.82e-01	3.17e-01	8.26e-04	0.00e+00	0.00e+00	0.00e+00	1.86e-15	3.76e-15	6.72e-64
 2.61106e+14	7.64e-21	6.97e-15	8.00e-10	1.45e-05	6.96e-01	3.03e-01	7.36e-04	0.00e+00	0.00e+00	0.00e+00	2.31e-15	4.67e-15	1.39e-63
 2.71393e+14	1.05e-20	8.95e-15	9.54e-10	1.60e-05	7.12e-01	2.87e-01	6.46e-04	0.00e+00	0.00e+00	0.00e+00	2.96e-15	5.99e-15	3.27e-63
 2.81575e+14	1.43e-20	1.14e-14	1.13e-09	1.76e-05	7.27e-01	2.72e-01	5.70e-04	0.00e+00	0.00e+00	0.00e+00	3.75e-15	7.60e-15	7.41e-63
 2.91139e+14	1.88e-20	1.40e-14	1.31e-09	1.91e-05	7.40e-01	2.59e-01	5.08e-04	0.00e+00	0.00e+00	0.00e+00	4.63e-15	9.39e-15	1.53e-62
 3.01788e+14	2.51e-20	1.76e-14	1.54e-09	2.09e-05	7.54e-01	2.46e-01	4.49e-04	0.00e+00	0.00e+00	0.00e+00	5.81e-15	1.18e-14	3.34e-62
 3.13889e+14	3.45e-20	2.25e-14	1.83e-09	2.30e-05	7.68e-01	2.32e-01	3.91e-04	0.00e+00	0.00e+00	0.00e+00	7.44e-15	1.51e-14	7.85e-62
 3.24088e+14	4.45e-20	2.75e-14	2.11e-09	2.48e-05	7.79e-01	2.21e-01	3.50e-04	0.00e+00	0.00e+00	0.00e+00	9.06e-15	1.84e-14	1.56e-61
 3.31484e+14	5.29e-20	3.14e-14	2.34e-09	2.62e-05	7.87e-01	2.13e-01	3.23e-04	0.00e+00	0.00e+00	0.00e+00	1.04e-14	2.11e-14	2.48e-61
 3.39227e+14	6.40e-20	3.64e-14	2.58e-09	2.77e-05	7.94e-01	2.06e-01	2.98e-04	0.00e+00	0.00e+00	0.00e+00	1.20e-14	2.44e-14	4.18e-61
 3.49292e+14	8.02e-20	4.34e-14	2.94e-09	2.97e-05	8.03e-01	1.96e-01	2.68e-04	0.00e+00	0.00e+00	0.00e+00	1.43e-14	2.91e-14	7.67e-61
 3.60407e+14	1.03e-19	5.27e-14	3.36e-09	3.19e-05	8.13e-01	1.87e-01	2.40e-04	0.00e+00	0.00e+00	0.00e+00	1.74e-14	3.53e-14	1.52e-60
 3.70749e+14	1.29e-19	6.29e-14	3.80e-09	3.41e-05	8.21e-01	1.78e-01	2.17e-04	0.00e+00	0.00e+00	0.00e+00	2.07e-14	4.21e-14	2.83e-60
 3.82060e+14	1.64e-19	7.55e-14	4.33e-09	3.66e-05	8.30e-01	1.70e-01	1.95e-04	0.00e+00	0.00e+00	0.00e+00	2.49e-14	5.06e-14	5.38e-60
 3.94714e+14	2.09e-19	9.14e-14	4.98e-09	3.95e-05	8.39e-01	1.61e-01	1.73e-04	0.00e+00	0.00e+00	0.00e+00	3.01e-14	6.13e-14	1.05e-59
 4.06638e+14	2.65e-19	1.10e-13	5.66e-09	4.22e-05	8.47e-01	1.53e-01	1.55e-04	0.00e+00	0.00e+00	0.00e+00	3.61e-14	7.36e-14	2.00e-59
 4.19663e+14	3.39e-19	1.33e-13	6.47e-09	4.53e-05	8.55e-01	1.45e-01	1.38e-04	0.00e+00	0.00e+00	0.00e+00	4.38e-14	8.93e-14	3.97e-59
 4.34310e+14	4.41e-19	1.63e-13	7.49e-09	4.90e-05	8.63e-01	1.37e-01	1.22e-04	0.00e+00	0.00e+00	0.00e+00	5.38e-14	1.10e-13	8.20e-59
 4.48290e+14	5.58e-19	1.96e-13	8.58e-09	5.27e-05	8.70e-01	1.30e-01	1.08e-04	0.00e+00	0.00e+00	0.00e+00	6.45e-14	1.32e-13	1.55e-58
 4.63688e+14	7.27e-19	2.41e-13	9.89e-09	5.68e-05	8.78e-01	1.22e-01	9.52e-05	0.00e+00	0.00e+00	0.00e+00	7.93e-14	1.62e-13	3.26e-58
 4.80684e+14	9.45e-19	2.96e-13	1.15e-08	6.16e-05	8.85e-01	1.14e-01	8.29e-05	0.00e+00	0.00e+00	0.00e+00	9.73e-14	1.99e-13	6.67e-58
 4.96260e+14	1.21e-18	3.60e-13	1.32e-08	6.60e-05	8.92e-01	1.08e-01	7.36e-05	0.00e+00	0.00e+00	0.00e+00	1.18e-13	2.42e-13	1.34e-57
 5.13009e+14	1.55e-18	4.35e-13	1.52e-08	7.12e-05	8.98e-01	1.02e-01	6.47e-05	0.00e+00	0.00e+00	0.00e+00	1.43e-13	2.92e-13	2.61e-57
 5.31798e+14	2.03e-18	5.39e-13	1.76e-08	7.70e-05	9.04e-01	9.55e-02	5.65e-05	0.00e+00	0.00e+00	0.00e+00	1.77e-13	3.62e-13	5.60e-57
 5.49505e+14	2.58e-18	6.49e-13	2.02e-08	8.29e-05	9.10e-01	8.98e-02	4.96e-05	0.00e+00	0.00e+00	0.00e+00	2.13e-13	4.36e-13	1.08e-56
 5.68790e+14	3.31e-18	7.90e-13	2.34e-08	8.94e-05	9.16e-01	8.43e-02	4.34e-05	0.00e+00	0.00e+00	0.00e+00	2.59e-13	5.31e-13	2.17e-56
 5.90226e+14	4.36e-18	9.80e-13	2.73e-08	9.69e-05	9.21e-01	7.86e-02	3.76e-05	0.00e+00	0.00e+00	0.00e+00	3.21e-13	6.59e-13	4.65e-56
 6.10117e+14	5.57e-18	1.19e-12	3.13e-08	1.04e-04	9.26e-01	7.39e-02	3.30e-05	0.00e+00	0.00e+00	0.00e+00	3.90e-13	8.00e-13	9.32e-56
 6.31635e+14	7.17e-18	1.45e-12	3.62e-08	1.12e-04	9.31e-01	6.91e-02	2.87e-05	0.00e+00	0.00e+00	0.00e+00	4.74e-13	9.74e-13	1.87e-55
 6.55547e+14	9.37e-18	1.79e-12	4.22e-08	1.22e-04	9.35e-01	6.44e-02	2.48e-05	0.00e+00	0.00e+00	0.00e+00	5.87e-13	1.21e-12	4.00e-55
 6.77994e+14	1.20e-17	2.17e-12	4.86e-08	1.31e-04	9.40e-01	6.03e-02	2.17e-05	0.00e+00	0.00e+00	0.00e+00	7.09e-13	1.46e-12	7.86e-55
 7.02479e+14	1.54e-17	2.66e-12	5.62e-08	1.42e-04	9.44e-01	5.63e-02	1.88e-05	0.00e+00	0.00e+00	0.00e+00	8.68e-13	1.79e-12	1.62e-54
 7.28401e+14	2.00e-17	3.26e-12	6.54e-08	1.54e-04	9.47e-01	5.24e-02	1.62e-05	0.00e+00	0.00e+00	0.00e+00	1.06e-12	2.19e-12	3.33e-54
 7.50387e+14	2.47e-17	3.85e-12	7.40e-08	1.64e-04	9.50e-01	4.94e-02	1.44e-05	0.00e+00	0.00e+00	0.00e+00	1.26e-12	2.59e-12	6.07e-54
 7.73046e+14	3.04e-17	4.55e-12	8.36e-08	1.75e-04	9.53e-01	4.66e-02	1.28e-05	0.00e+00	0.00e+00	0.00e+00	1.49e-12	3.07e-12	1.10e-53
 7.96986e+14	3.77e-17	5.39e-12	9.50e-08	1.87e-04	9.56e-01	4.38e-02	1.13e-05	0.00e+00	0.00e+00	0.00e+00	1.76e-12	3.63e-12	2.01e-53
 8.17497e+14	4.51e-17	6.23e-12	1.05e-07	1.97e-04	9.58e-01	4.16e-02	1.02e-05	3.71e-18	1.11e-17	1.86e-17	2.03e-12	4.20e-12	3.37e-53
 8.39064e+14	5.43e-17	7.19e-12	1.17e-07	2.09e-04	9.60e-01	3.95e-02	9.11e-06	4.46e-18	1.34e-17	2.24e-17	2.34e-12	4.85e-12	5.63e-53
 8.67102e+14	6.82e-17	8.65e-12	1.34e-07	2.24e-04	9.63e-01	3.70e-02	7.97e-06	5.61e-18	1.68e-17	2.81e-17	2.82e-12	5.83e-12	1.09e-52
 8.95850e+14	8.64e-17	1.04e-11	1.54e-07	2.41e-04	9.65e-01	3.46e-02	6.96e-06	7.10e-18	2.13e-17	3.57e-17	3.39e-12	7.01e-12	2.11e-52
 9.19328e+14	1.03e-16	1.20e-11	1.71e-07	2.54e-04	9.67e-01	3.28e-02	6.26e-06	8.51e-18	2.56e-17	4.27e-17	3.91e-12	8.10e-12	3.54e-52
 9.43657e+14	1.24e-16	1.39e-11	1.91e-07	2.69e-04	9.69e-01	3.11e-02	5.62e-06	1.02e-17	3.05e-17	5.10e-17	4.51e-12	9.35e-12	5.94e-52
 9.75284e+14	1.57e-16	1.67e-11	2.18e-07	2.89e-04	9.71e-01	2.91e-02	4.89e-06	1.29e-17	3.88e-17	6.48e-17	5.44e-12	1.13e-11	1.16e-51
 1.00851e+15	1.98e-16	2.01e-11	2.51e-07	3.11e-04	9.73e-01	2.71e-02	4.25e-06	1.63e-17	4.90e-17	8.18e-17	6.55e-12	1.36e-11	2.27e-51
 1.03705e+15	2.41e-16	2.35e-11	2.81e-07	3.30e-04	9.74e-01	2.56e-02	3.79e-06	1.98e-17	5.95e-17	9.95e-17	7.64e-12	1.58e-11	3.97e-51
 1.06738e+15	2.92e-16	2.75e-11	3.16e-07	3.51e-04	9.76e-01	2.41e-02	3.36e-06	2.40e-17	7.22e-17	1.21e-16	8.94e-12	1.85e-11	6.99e-51
 1.10623e+15	3.78e-16	3.36e-11	3.67e-07	3.80e-04	9.77e-01	2.24e-02	2.89e-06	3.11e-17	9.35e-17	1.56e-16	1.09e-11	2.27e-11	1.45e-50
 1.14646e+15	4.79e-16	4.08e-11	4.24e-07	4.09e-04	9.79e-01	2.08e-02	2.49e-06	3.95e-17	1.19e-16	1.98e-16	1.33e-11	2.76e-11	2.93e-50
 1.18144e+15	5.98e-16	4.85e-11	4.81e-07	4.37e-04	9.80e-01	1.95e-02	2.19e-06	4.93e-17	1.48e-16	2.48e-16	1.58e-11	3.27e-11	5.45e-50
 1.21929e+15	7.35e-16	5.75e-11	5.47e-07	4.68e-04	9.81e-01	1.83e-02	1.92e-06	6.07e-17	1.82e-16	3.05e-16	1.87e-11	3.88e-11	1.01e-49
 1.26551e+15	9.65e-16	7.10e-11	6.38e-07	5.07e-04	9.83e-01	1.69e-02	1.64e-06	7.97e-17	2.39e-16	4.00e-16	2.31e-11	4.79e-11	2.18e-49
 1.31211e+15	1.22e-15	8.62e-11	7.39e-07	5.48e-04	9.84e-01	1.57e-02	1.41e-06	1.01e-16	3.02e-16	5.05e-16	2.80e-11	5.82e-11	4.39e-49
 1.35377e+15	1.54e-15	1.03e-10	8.41e-07	5.87e-04	9.85e-01	1.46e-02	1.23e-06	1.27e-16	3.82e-16	6.38e-16	3.35e-11	6.96e-11	8.45e-49
 1.39953e+15	1.94e-15	1.24e-10	9.63e-07	6.31e-04	9.86e-01	1.36e-02	1.07e-06	1.60e-16	4.81e-16	8.04e-16	4.03e-11	8.37e-11	1.66e-48
 1.45392e+15	2.51e-15	1.53e-10	1.13e-06	6.86e-04	9.87e-01	1.26e-02	9.04e-07	2.08e-16	6.25e-16	1.04e-15	4.97e-11	1.03e-10	3.55e-48
 1.50787e+15	3.24e-15	1.87e-10	1.31e-06	7.42e-04	9.88e-01	1.16e-02	0.00e+00	2.68e-16	8.06e-16	1.35e-15	6.08e-11	1.27e-10	7.45e-48
 1.55006e+15	3.87e-15	2.17e-10	1.46e-06	7.88e-04	9.88e-01	1.10e-02	0.00e+00	3.20e-16	9.62e-16	1.61e-15	7.04e-11	1.47e-10	1.27e-47
 1.58205e+15	4.53e-15	2.44e-10	1.59e-06	8.24e-04	9.89e-01	1.05e-02	0.00e+00	3.75e-16	1.13e-15	1.88e-15	7.94e-11	1.65e-10	1.96e-47
 1.61709e+15	5.18e-15	2.74e-10	1.74e-06	8.64e-04	9.89e-01	1.00e-02	0.00e+00	4.30e-16	1.29e-15	2.16e-15	8.90e-11	1.85e-10	2.97e-47
 1.66263e+15	6.37e-15	3.22e-10	1.95e-06	9.18e-04	9.90e-01	9.41e-03	0.00e+00	5.28e-16	1.59e-15	2.65e-15	1.04e-10	2.17e-10	5.33e-47
 1.71216e+15	7.69e-15	3.77e-10	2.20e-06	9.80e-04	9.90e-01	8.82e-03	0.00e+00	6.38e-16	1.92e-15	3.20e-15	1.22e-10	2.54e-10	9.44e-47
 1.75669e+15	9.19e-15	4.35e-10	2.45e-06	1.04e-03	9.91e-01	8.35e-03	0.00e+00	7.63e-16	2.29e-15	3.83e-15	1.41e-10	2.94e-10	1.59e-46
 1.80440e+15	1.09e-14	5.00e-10	2.73e-06	1.10e-03	9.91e-01	7.87e-03	0.00e+00	9.02e-16	2.71e-15	4.53e-15	1.62e-10	3.38e-10	2.65e-46
 1.86642e+15	1.39e-14	6.07e-10	3.14e-06	1.19e-03	9.92e-01	7.30e-03	0.00e+00	1.16e-15	3.48e-15	5.81e-15	1.97e-10	4.10e-10	5.40e-46
 1.92888e+15	1.73e-14	7.27e-10	3.60e-06	1.28e-03	9.92e-01	6.78e-03	0.00e+00	1.44e-15	4.33e-15	7.24e-15	2.36e-10	4.91e-10	1.04e-45
 1.97851e+15	2.06e-14	8.36e-10	3.99e-06	1.35e-03	9.92e-01	6.41e-03	0.00e+00	1.71e-15	5.14e-15	8.60e-15	2.72e-10	5.64e-10	1.73e-45
 2.02961e+15	2.42e-14	9.58e-10	4.43e-06	1.43e-03	9.93e-01	6.06e-03	0.00e+00	2.02e-15	6.06e-15	1.01e-14	3.11e-10	6.46e-10	2.84e-45
 2.09603e+15	3.02e-14	1.14e-09	5.05e-06	1.54e-03	9.93e-01	5.63e-03	0.00e+00	2.52e-15	7.56e-15	1.26e-14	3.72e-10	7.72e-10	5.44e-45
 2.16679e+15	3.72e-14	1.37e-09	5.79e-06	1.65e-03	9.93e-01	5.22e-03	0.00e+00	3.10e-15	9.32e-15	1.56e-14	4.44e-10	9.21e-10	1.03e-44
 2.22894e+15	4.42e-14	1.58e-09	6.50e-06	1.76e-03	9.93e-01	4.90e-03	0.00e+00	3.69e-15	1.11e-14	1.85e-14	5.14e-10	1.07e-09	1.76e-44
 2.29547e+15	5.41e-14	1.86e-09	7.34e-06	1.89e-03	9.94e-01	4.58e-03	0.00e+00	4.52e-15	1.36e-14	2.27e-14	6.06e-10	1.26e-09	3.22e-44
 2.37975e+15	6.82e-14	2.26e-09	8.51e-06	2.05e-03	9.94e-01	4.21e-03	0.00e+00	5.71e-15	1.71e-14	2.86e-14	7.36e-10	1.53e-09	6.53e-44
 2.46655e+15	8.70e-14	2.76e-09	9.85e-06	2.22e-03	9.94e-01	3.88e-03	0.00e+00	7.28e-15	2.19e-14	3.65e-14	8.98e-10	1.86e-09	1.35e-43
 2.54193e+15	1.03e-13	3.20e-09	1.11e-05	2.38e-03	9.94e-01	3.62e-03	0.00e+00	8.61e-15	2.58e-14	4.32e-14	1.04e-09	2.16e-09	2.33e-43
 2.62301e+15	1.29e-13	3.84e-09	1.27e-05	2.56e-03	9.94e-01	3.36e-03	0.00e+00	1.08e-14	3.25e-14	5.43e-14	1.25e-09	2.59e-09	4.57e-43
 2.72222e+15	1.60e-13	4.66e-09	1.47e-05	2.78e-03	9.94e-01	3.09e-03	0.00e+00	1.35e-14	4.05e-14	6.77e-14	1.52e-09	3.14e-09	9.26e-43
 2.82223e+15	2.03e-13	5.68e-09	1.71e-05	3.03e-03	9.94e-01	2.84e-03	0.00e+00	1.71e-14	5.13e-14	8.57e-14	1.85e-09	3.83e-09	1.92e-42
 2.91094e+15	2.46e-13	6.70e-09	1.94e-05	3.25e-03	9.94e-01	2.63e-03	0.00e+00	2.08e-14	6.23e-14	1.04e-13	2.19e-09	4.52e-09	3.56e-42
 3.00776e+15	3.02e-13	7.99e-09	2.21e-05	3.50e-03	9.94e-01	2.44e-03	0.00e+00	2.55e-14	7.65e-14	1.28e-13	2.61e-09	5.38e-09	6.80e-42
 3.10306e+15	3.61e-13	9.38e-09	2.51e-05	3.77e-03	9.94e-01	2.27e-03	0.00e+00	3.05e-14	9.15e-14	1.53e-13	3.07e-09	6.32e-09	1.25e-41
 3.17467e+15	4.16e-13	1.06e-08	2.76e-05	3.97e-03	9.94e-01	2.15e-03	0.00e+00	3.51e-14	1.05e-13	1.76e-13	3.47e-09	7.15e-09	1.99e-41
 3.24606e+15	4.76e-13	1.20e-08	3.02e-05	4.18e-03	9.94e-01	2.04e-03	0.00e+00	4.03e-14	1.21e-13	2.02e-13	3.91e-09	8.05e-09	3.09e-41
 3.33887e+15	5.67e-13	1.39e-08	3.38e-05	4.47e-03	9.94e-01	1.90e-03	0.00e+00	4.81e-14	1.44e-13	2.41e-13	4.55e-09	9.36e-09	5.47e-41
 3.43762e+15	6.62e-13	1.61e-08	3.81e-05	4.77e-03	9.93e-01	1.78e-03	0.00e+00	5.62e-14	1.69e-13	2.82e-13	5.25e-09	1.08e-08	9.23e-41
 3.52400e+15	7.90e-13	1.86e-08	4.21e-05	5.06e-03	9.93e-01	1.67e-03	0.00e+00	6.71e-14	2.01e-13	3.36e-13	6.10e-09	1.25e-08	1.63e-40
 3.61617e+15	9.01e-13	2.11e-08	4.67e-05	5.36e-03	9.93e-01	1.58e-03	0.00e+00	7.66e-14	2.30e-13	3.84e-13	6.91e-09	1.42e-08	2.57e-40
 3.73600e+15	1.12e-12	2.55e-08	5.33e-05	5.79e-03	9.93e-01	1.46e-03	0.00e+00	9.55e-14	2.87e-13	4.79e-13	8.34e-09	1.71e-08	5.30e-40
 3.85705e+15	1.34e-12	3.02e-08	6.07e-05	6.24e-03	9.92e-01	1.35e-03	0.00e+00	1.15e-13	3.44e-13	5.75e-13	9.89e-09	2.03e-08	1.02e-39
 3.95414e+15	1.55e-12	3.45e-08	6.71e-05	6.60e-03	9.92e-01	1.27e-03	0.00e+00	1.32e-13	3.97e-13	6.64e-13	1.13e-08	2.32e-08	1.70e-39
 4.05479e+15	1.77e-12	3.89e-08	7.42e-05	6.99e-03	9.92e-01	1.20e-03	0.00e+00	1.51e-13	4.54e-13	7.58e-13	1.28e-08	2.62e-08	2.71e-39
 4.18564e+15	2.18e-12	4.68e-08	8.44e-05	7.53e-03	9.91e-01	1.11e-03	0.00e+00	1.86e-13	5.59e-13	9.34e-13	1.54e-08	3.15e-08	5.63e-39
 4.32414e+15	2.61e-12	5.57e-08	9.62e-05	8.12e-03	9.91e-01	1.02e-03	0.00e+00	2.24e-13	6.72e-13	1.12e-12	1.83e-08	3.74e-08	1.11e-38
 4.44509e+15	3.03e-12	6.44e-08	1.08e-04	8.64e-03	9.90e-01	9.58e-04	0.00e+00	2.60e-13	7.80e-13	1.30e-12	2.11e-08	4.32e-08	1.91e-38
 4.57481e+15	3.61e-12	7.56e-08	1.21e-04	9.25e-03	9.90e-01	8.93e-04	0.00e+00	3.10e-13	9.32e-13	1.56e-12	2.48e-08	5.07e-08	3.59e-38
 4.74110e+15	4.45e-12	9.17e-08	1.40e-04	1.00e-02	9.89e-01	8.18e-04	0.00e+00	3.82e-13	1.15e-12	1.92e-12	3.01e-08	6.15e-08	7.59e-38
 4.91410e+15	5.43e-12	1.11e-07	1.61e-04	1.09e-02	9.88e-01	7.51e-04	0.00e+00	4.68e-13	1.40e-12	2.34e-12	3.66e-08	7.47e-08	1.58e-37
 5.06410e+15	6.34e-12	1.29e-07	1.82e-04	1.17e-02	9.87e-01	6.98e-04	0.00e+00	5.47e-13	1.64e-12	2.74e-12	4.24e-08	8.66e-08	2.76e-37
 5.22508e+15	7.72e-12	1.56e-07	2.07e-04	1.26e-02	9.87e-01	6.46e-04	0.00e+00	6.67e-13	2.00e-12	3.34e-12	5.13e-08	1.05e-07	5.70e-37
 5.42241e+15	9.53e-12	1.91e-07	2.40e-04	1.37e-02	9.85e-01	5.89e-04	0.00e+00	8.24e-13	2.47e-12	4.13e-12	6.29e-08	1.28e-07	1.23e-36
 5.62244e+15	1.16e-11	2.33e-07	2.78e-04	1.49e-02	9.84e-01	5.39e-04	0.00e+00	1.01e-12	3.02e-12	5.04e-12	7.67e-08	1.56e-07	2.59e-36
 5.77526e+15	1.35e-11	2.71e-07	3.10e-04	1.58e-02	9.83e-01	5.05e-04	0.00e+00	1.17e-12	3.51e-12	5.86e-12	8.91e-08	1.81e-07	4.49e-36
 5.88751e+15	1.50e-11	3.01e-07	3.36e-04	1.65e-02	9.83e-01	4.82e-04	0.00e+00	1.30e-12	3.91e-12	6.52e-12	9.92e-08	2.02e-07	6.67e-36
 6.00971e+15	1.68e-11	3.37e-07	3.65e-04	1.73e-02	9.82e-01	4.57e-04	0.00e+00	1.46e-12	4.39e-12	7.32e-12	1.11e-07	2.26e-07	1.02e-35
 6.16858e+15	1.96e-11	3.84e-07	4.06e-04	1.84e-02	9.81e-01	4.30e-04	0.00e+00	1.70e-12	5.11e-12	8.53e-12	1.27e-07	2.58e-07	1.62e-35
 6.34446e+15	2.32e-11	4.57e-07	4.56e-04	1.96e-02	9.80e-01	4.00e-04	0.00e+00	2.02e-12	6.06e-12	1.01e-11	1.51e-07	3.06e-07	3.10e-35
 6.50465e+15	2.66e-11	5.23e-07	5.04e-04	2.08e-02	9.78e-01	3.76e-04	0.00e+00	2.31e-12	6.94e-12	1.16e-11	1.72e-07	3.50e-07	5.01e-35
 6.67507e+15	3.10e-11	5.98e-07	5.61e-04	2.20e-02	9.77e-01	3.53e-04	0.00e+00	2.70e-12	8.11e-12	1.35e-11	1.97e-07	4.01e-07	8.10e-35
 6.89661e+15	3.80e-11	7.31e-07	6.42e-04	2.38e-02	9.75e-01	3.24e-04	0.00e+00	3.32e-12	9.95e-12	1.66e-11	2.41e-07	4.89e-07	1.67e-34
 7.11749e+15	4.59e-11	8.60e-07	7.31e-04	2.55e-02	9.73e-01	3.00e-04	0.00e+00	4.01e-12	1.20e-11	2.01e-11	2.84e-07	5.76e-07	2.90e-34
 7.28972e+15	5.24e-11	9.86e-07	8.07e-04	2.69e-02	9.72e-01	2.83e-04	0.00e+00	4.58e-12	1.38e-11	2.30e-11	3.26e-07	6.60e-07	4.71e-34
 7.46581e+15	6.10e-11	1.15e-06	8.93e-04	2.85e-02	9.70e-01	2.65e-04	0.00e+00	5.34e-12	1.60e-11	2.67e-11	3.80e-07	7.69e-07	8.20e-34
 7.69474e+15	7.38e-11	1.35e-06	1.01e-03	3.05e-02	9.68e-01	2.46e-04	0.00e+00	6.47e-12	1.94e-11	3.24e-11	4.45e-07	9.02e-07	1.39e-33
 7.93951e+15	8.87e-11	1.64e-06	1.16e-03	3.29e-02	9.66e-01	2.27e-04	0.00e+00	7.79e-12	2.34e-11	3.90e-11	5.42e-07	1.10e-06	2.81e-33
 8.15239e+15	1.06e-10	1.92e-06	1.29e-03	3.49e-02	9.64e-01	2.12e-04	0.00e+00	9.30e-12	2.79e-11	4.66e-11	6.35e-07	1.29e-06	4.77e-33
 8.37666e+15	1.25e-10	2.24e-06	1.45e-03	3.72e-02	9.61e-01	1.98e-04	0.00e+00	1.10e-11	3.30e-11	5.51e-11	7.40e-07	1.50e-06	7.94e-33
 8.66821e+15	1.58e-10	2.76e-06	1.68e-03	4.03e-02	9.58e-01	1.81e-04	0.00e+00	1.39e-11	4.18e-11	6.97e-11	9.14e-07	1.85e-06	1.64e-32
 8.95889e+15	1.95e-10	3.29e-06	1.93e-03	4.34e-02	9.55e-01	1.67e-04	0.00e+00	1.72e-11	5.17e-11	8.62e-11	1.09e-06	2.20e-06	2.78e-32
 9.19495e+15	2.28e-10	3.84e-06	2.16e-03	4.61e-02	9.52e-01	1.56e-04	0.00e+00	2.01e-11	6.04e-11	1.01e-10	1.27e-06	2.57e-06	4.57e-32
 9.44835e+15	2.74e-10	4.51e-06	2.44e-03	4.92e-02	9.48e-01	1.45e-04	0.00e+00	2.42e-11	7.26e-11	1.21e-10	1.49e-06	3.02e-06	7.78e-32
 9.77776e+15	3.52e-10	5.71e-06	2.85e-03	5.35e-02	9.44e-01	1.32e-04	0.00e+00	3.12e-11	9.35e-11	1.56e-10	1.89e-06	3.82e-06	1.71e-31
 1.01028e+16	4.33e-10	6.89e-06	3.29e-03	5.77e-02	9.39e-01	1.21e-04	0.00e+00	3.83e-11	1.15e-10	1.92e-10	2.28e-06	4.61e-06	2.99e-31
 1.03548e+16	5.13e-10	8.06e-06	3.67e-03	6.12e-02	9.35e-01	1.13e-04	0.00e+00	4.54e-11	1.36e-10	2.27e-10	2.67e-06	5.39e-06	4.89e-31
 1.05761e+16	5.95e-10	9.20e-06	4.04e-03	6.44e-02	9.31e-01	1.07e-04	0.00e+00	5.27e-11	1.58e-10	2.64e-10	3.05e-06	6.15e-06	7.32e-31
 1.08251e+16	7.04e-10	1.06e-05	4.50e-03	6.82e-02	9.27e-01	1.01e-04	0.00e+00	6.24e-11	1.87e-10	3.12e-10	3.52e-06	7.10e-06	1.12e-30
 1.10920e+16	8.40e-10	1.22e-05	5.03e-03	7.22e-02	9.23e-01	9.43e-05	0.00e+00	7.46e-11	2.24e-10	3.73e-10	4.06e-06	8.18e-06	1.69e-30
 1.13421e+16	9.88e-10	1.44e-05	5.60e-03	7.65e-02	9.18e-01	8.84e-05	0.00e+00	8.78e-11	2.63e-10	4.39e-10	4.77e-06	9.62e-06	2.82e-30
 1.15811e+16	1.14e-09	1.64e-05	6.18e-03	8.05e-02	9.13e-01	8.36e-05	0.00e+00	1.02e-10	3.05e-10	5.09e-10	5.42e-06	1.09e-05	4.02e-30
 1.18458e+16	1.36e-09	1.88e-05	6.89e-03	8.52e-02	9.08e-01	7.86e-05	0.00e+00	1.21e-10	3.64e-10	6.07e-10	6.22e-06	1.25e-05	5.96e-30
