#depth	He	He+	He+2
 1.49634e+10	4.85e-23	2.79e-12	1.00e+00
 4.54887e+10	5.44e-23	3.02e-12	1.00e+00
 7.72350e+10	6.09e-23	3.27e-12	1.00e+00
 1.10251e+11	6.83e-23	3.54e-12	1.00e+00
 1.42218e+11	7.61e-23	3.81e-12	1.00e+00
 1.72273e+11	8.40e-23	4.07e-12	1.00e+00
 2.05900e+11	9.34e-23	4.37e-12	1.00e+00
 2.44063e+11	1.05e-22	4.73e-12	1.00e+00
 2.82386e+11	1.19e-22	5.11e-12	1.00e+00
 3.18794e+11	1.32e-22	5.48e-12	1.00e+00
 3.53696e+11	1.46e-22	5.85e-12	1.00e+00
 3.93443e+11	1.63e-22	6.28e-12	1.00e+00
 4.39107e+11	1.85e-22	6.80e-12	1.00e+00
 4.83529e+11	2.09e-22	7.32e-12	1.00e+00
 5.25603e+11	2.33e-22	7.84e-12	1.00e+00
 5.65148e+11	2.58e-22	8.34e-12	1.00e+00
 6.07962e+11	2.87e-22	8.90e-12	1.00e+00
 6.55806e+11	3.23e-22	9.55e-12	1.00e+00
 7.01085e+11	3.60e-22	1.02e-11	1.00e+00
 7.50841e+11	4.04e-22	1.09e-11	1.00e+00
 8.06713e+11	4.59e-22	1.18e-11	1.00e+00
 8.60123e+11	5.17e-22	1.26e-11	1.00e+00
 9.18465e+11	5.85e-22	1.36e-11	1.00e+00
 9.83760e+11	6.73e-22	1.47e-11	1.00e+00
 1.04711e+12	7.65e-22	1.58e-11	1.00e+00
 1.11437e+12	8.72e-22	1.71e-11	1.00e+00
 1.18887e+12	1.01e-21	1.85e-11	1.00e+00
 1.26464e+12	1.16e-21	2.01e-11	1.00e+00
 1.33227e+12	1.32e-21	2.15e-11	1.00e+00
 1.39007e+12	1.46e-21	2.28e-11	1.00e+00
 1.45442e+12	1.63e-21	2.42e-11	1.00e+00
 1.53557e+12	1.86e-21	2.62e-11	1.00e+00
 1.61894e+12	2.14e-21	2.83e-11	1.00e+00
 1.69088e+12	2.41e-21	3.01e-11	1.00e+00
 1.76757e+12	2.71e-21	3.23e-11	1.00e+00
 1.86210e+12	3.12e-21	3.50e-11	1.00e+00
 1.95740e+12	3.61e-21	3.79e-11	1.00e+00
 2.04131e+12	4.07e-21	4.05e-11	1.00e+00
 2.13284e+12	4.62e-21	4.36e-11	1.00e+00
 2.24323e+12	5.38e-21	4.75e-11	1.00e+00
 2.35317e+12	6.24e-21	5.16e-11	1.00e+00
 2.45040e+12	7.07e-21	5.55e-11	1.00e+00
 2.55608e+12	8.06e-21	5.99e-11	1.00e+00
 2.68310e+12	9.42e-21	6.56e-11	1.00e+00
 2.81011e+12	1.10e-20	7.17e-11	1.00e+00
 2.92576e+12	1.25e-20	7.75e-11	1.00e+00
 3.05436e+12	1.44e-20	8.45e-11	1.00e+00
 3.20455e+12	1.70e-20	9.31e-11	1.00e+00
 3.35258e+12	1.98e-20	1.02e-10	1.00e+00
 3.49233e+12	2.28e-20	1.11e-10	1.00e+00
 3.61899e+12	2.59e-20	1.20e-10	1.00e+00
 3.73256e+12	2.89e-20	1.29e-10	1.00e+00
 3.86166e+12	3.26e-20	1.38e-10	1.00e+00
 4.02829e+12	3.79e-20	1.52e-10	1.00e+00
 4.20147e+12	4.43e-20	1.67e-10	1.00e+00
 4.34202e+12	4.99e-20	1.79e-10	1.00e+00
 4.48239e+12	5.57e-20	1.93e-10	1.00e+00
 4.66486e+12	6.42e-20	2.11e-10	1.00e+00
 4.85243e+12	7.42e-20	2.30e-10	1.00e+00
 5.00708e+12	8.29e-20	2.47e-10	1.00e+00
 5.16858e+12	9.25e-20	2.66e-10	1.00e+00
 5.37852e+12	1.06e-19	2.91e-10	1.00e+00
 5.59651e+12	1.23e-19	3.19e-10	1.00e+00
 5.77970e+12	1.37e-19	3.43e-10	1.00e+00
 5.97257e+12	1.54e-19	3.69e-10	1.00e+00
 6.21817e+12	1.77e-19	4.05e-10	1.00e+00
 6.47176e+12	2.04e-19	4.44e-10	1.00e+00
 6.69104e+12	2.28e-19	4.79e-10	1.00e+00
 6.92632e+12	2.57e-19	5.18e-10	1.00e+00
 7.21545e+12	2.95e-19	5.69e-10	1.00e+00
 7.51105e+12	3.39e-19	6.23e-10	1.00e+00
 7.78007e+12	3.83e-19	6.75e-10	1.00e+00
 8.03190e+12	4.26e-19	7.27e-10	1.00e+00
 8.31310e+12	4.78e-19	7.86e-10	1.00e+00
 8.61607e+12	5.41e-19	8.53e-10	1.00e+00
 8.88533e+12	6.00e-19	9.16e-10	1.00e+00
 9.12396e+12	6.55e-19	9.74e-10	1.00e+00
 9.38476e+12	7.19e-19	1.04e-09	1.00e+00
 9.72380e+12	8.10e-19	1.13e-09	1.00e+00
 1.00707e+13	9.12e-19	1.22e-09	1.00e+00
 1.03554e+13	1.00e-18	1.31e-09	1.00e+00
 1.06531e+13	1.10e-18	1.39e-09	1.00e+00
 1.10402e+13	1.23e-18	1.52e-09	1.00e+00
 1.14486e+13	1.39e-18	1.65e-09	1.00e+00
 1.18022e+13	1.53e-18	1.77e-09	1.00e+00
 1.21794e+13	1.70e-18	1.91e-09	1.00e+00
 1.26555e+13	1.92e-18	2.09e-09	1.00e+00
 1.31473e+13	2.17e-18	2.29e-09	1.00e+00
 1.35812e+13	2.41e-18	2.48e-09	1.00e+00
 1.40527e+13	2.67e-18	2.69e-09	1.00e+00
 1.46205e+13	3.02e-18	2.96e-09	1.00e+00
 1.51994e+13	3.40e-18	3.26e-09	1.00e+00
 1.57135e+13	3.76e-18	3.54e-09	1.00e+00
 1.62578e+13	4.17e-18	3.84e-09	1.00e+00
 1.68728e+13	4.66e-18	4.22e-09	1.00e+00
 1.74595e+13	5.16e-18	4.60e-09	1.00e+00
 1.79468e+13	5.61e-18	4.92e-09	1.00e+00
 1.83533e+13	6.00e-18	5.21e-09	1.00e+00
 1.88100e+13	6.47e-18	5.54e-09	1.00e+00
 1.94037e+13	7.12e-18	5.99e-09	1.00e+00
 2.00295e+13	7.86e-18	6.50e-09	1.00e+00
 2.05659e+13	8.55e-18	6.95e-09	1.00e+00
 2.11321e+13	9.34e-18	7.44e-09	1.00e+00
 2.18681e+13	1.05e-17	8.11e-09	1.00e+00
 2.26297e+13	1.18e-17	8.85e-09	1.00e+00
 2.32655e+13	1.29e-17	9.48e-09	1.00e+00
 2.39330e+13	1.43e-17	1.02e-08	1.00e+00
 2.48007e+13	1.63e-17	1.11e-08	1.00e+00
 2.57231e+13	1.87e-17	1.21e-08	1.00e+00
 2.65343e+13	2.11e-17	1.31e-08	1.00e+00
 2.74061e+13	2.39e-17	1.41e-08	1.00e+00
 2.84719e+13	2.78e-17	1.55e-08	1.00e+00
 2.95437e+13	3.22e-17	1.69e-08	1.00e+00
 3.04248e+13	3.62e-17	1.80e-08	1.00e+00
 3.13041e+13	4.06e-17	1.92e-08	1.00e+00
 3.24471e+13	4.70e-17	2.09e-08	1.00e+00
 3.36421e+13	5.45e-17	2.26e-08	1.00e+00
 3.46630e+13	6.15e-17	2.42e-08	1.00e+00
 3.56011e+13	6.86e-17	2.57e-08	1.00e+00
 3.66732e+13	7.74e-17	2.74e-08	1.00e+00
 3.80398e+13	8.99e-17	2.96e-08	1.00e+00
 3.94384e+13	1.04e-16	3.20e-08	1.00e+00
 4.06432e+13	1.18e-16	3.41e-08	1.00e+00
 4.19465e+13	1.34e-16	3.65e-08	1.00e+00
 4.35517e+13	1.56e-16	3.95e-08	1.00e+00
 4.51951e+13	1.81e-16	4.27e-08	1.00e+00
 4.66731e+13	2.06e-16	4.57e-08	1.00e+00
 4.82903e+13	2.36e-16	4.90e-08	1.00e+00
 5.02034e+13	2.76e-16	5.31e-08	1.00e+00
 5.21026e+13	3.22e-16	5.75e-08	1.00e+00
 5.37963e+13	3.66e-16	6.14e-08	1.00e+00
 5.56217e+13	4.18e-16	6.57e-08	1.00e+00
 5.76635e+13	4.83e-16	7.08e-08	1.00e+00
 5.95897e+13	5.52e-16	7.59e-08	1.00e+00
 6.16968e+13	6.34e-16	8.15e-08	1.00e+00
 6.39132e+13	7.31e-16	8.77e-08	1.00e+00
 6.57026e+13	8.18e-16	9.29e-08	1.00e+00
 6.72179e+13	8.97e-16	9.74e-08	1.00e+00
 6.89460e+13	9.93e-16	1.03e-07	1.00e+00
 7.11926e+13	1.13e-15	1.10e-07	1.00e+00
 7.35587e+13	1.29e-15	1.18e-07	1.00e+00
 7.55956e+13	1.44e-15	1.25e-07	1.00e+00
 7.77589e+13	1.62e-15	1.32e-07	1.00e+00
 8.05713e+13	1.87e-15	1.42e-07	1.00e+00
 8.34616e+13	2.16e-15	1.53e-07	1.00e+00
 8.58609e+13	2.43e-15	1.63e-07	1.00e+00
 8.83875e+13	2.73e-15	1.73e-07	1.00e+00
 9.16269e+13	3.16e-15	1.87e-07	1.00e+00
 9.50181e+13	3.68e-15	2.02e-07	1.00e+00
 9.79717e+13	4.16e-15	2.15e-07	1.00e+00
 1.01131e+14	4.73e-15	2.30e-07	1.00e+00
 1.04990e+14	5.53e-15	2.50e-07	1.00e+00
 1.08841e+14	6.40e-15	2.69e-07	1.00e+00
 1.12239e+14	7.27e-15	2.88e-07	1.00e+00
 1.15968e+14	8.31e-15	3.08e-07	1.00e+00
 1.20453e+14	9.70e-15	3.34e-07	1.00e+00
 1.24939e+14	1.13e-14	3.62e-07	1.00e+00
 1.28996e+14	1.28e-14	3.87e-07	1.00e+00
 1.33475e+14	1.47e-14	4.16e-07	1.00e+00
 1.38741e+14	1.72e-14	4.51e-07	1.00e+00
 1.43994e+14	2.00e-14	4.88e-07	1.00e+00
 1.48511e+14	2.27e-14	5.21e-07	1.00e+00
 1.52178e+14	2.50e-14	5.48e-07	1.00e+00
 1.56015e+14	2.76e-14	5.77e-07	1.00e+00
 1.61002e+14	3.12e-14	6.16e-07	1.00e+00
 1.66234e+14	3.55e-14	6.59e-07	1.00e+00
 1.70672e+14	3.93e-14	6.96e-07	1.00e+00
 1.75330e+14	4.36e-14	7.35e-07	1.00e+00
 1.81386e+14	4.98e-14	7.88e-07	1.00e+00
 1.87681e+14	5.69e-14	8.47e-07	1.00e+00
 1.92969e+14	6.32e-14	8.96e-07	1.00e+00
 1.98527e+14	7.03e-14	9.49e-07	1.00e+00
 2.05718e+14	8.04e-14	1.02e-06	1.00e+00
 2.13304e+14	9.21e-14	1.10e-06	1.00e+00
 2.19921e+14	1.03e-13	1.17e-06	1.00e+00
 2.27003e+14	1.16e-13	1.24e-06	1.00e+00
 2.35641e+14	1.33e-13	1.34e-06	1.00e+00
 2.44407e+14	1.52e-13	1.44e-06	1.00e+00
 2.52347e+14	1.71e-13	1.54e-06	1.00e+00
 2.61106e+14	1.93e-13	1.64e-06	1.00e+00
 2.71393e+14	2.21e-13	1.77e-06	1.00e+00
 2.81575e+14	2.52e-13	1.91e-06	1.00e+00
 2.91139e+14	2.83e-13	2.04e-06	1.00e+00
 3.01788e+14	3.21e-13	2.19e-06	1.00e+00
 3.13889e+14	3.68e-13	2.36e-06	1.00e+00
 3.24088e+14	4.11e-13	2.52e-06	1.00e+00
 3.31484e+14	4.43e-13	2.64e-06	1.00e+00
 3.39227e+14	4.79e-13	2.76e-06	1.00e+00
 3.49292e+14	5.29e-13	2.92e-06	1.00e+00
 3.60407e+14	5.89e-13	3.11e-06	1.00e+00
 3.70749e+14	6.47e-13	3.28e-06	1.00e+00
 3.82060e+14	7.16e-13	3.48e-06	1.00e+00
 3.94714e+14	7.98e-13	3.72e-06	1.00e+00
 4.06638e+14	8.81e-13	3.94e-06	1.00e+00
 4.19663e+14	9.77e-13	4.20e-06	1.00e+00
 4.34310e+14	1.10e-12	4.49e-06	1.00e+00
 4.48290e+14	1.21e-12	4.79e-06	1.00e+00
 4.63688e+14	1.36e-12	5.11e-06	1.00e+00
 4.80684e+14	1.53e-12	5.51e-06	1.00e+00
 4.96260e+14	1.69e-12	5.86e-06	1.00e+00
 5.13009e+14	1.89e-12	6.27e-06	1.00e+00
 5.31798e+14	2.12e-12	6.74e-06	1.00e+00
 5.49505e+14	2.37e-12	7.21e-06	1.00e+00
 5.68790e+14	2.64e-12	7.73e-06	1.00e+00
 5.90226e+14	2.98e-12	8.33e-06	1.00e+00
 6.10117e+14	3.31e-12	8.91e-06	1.00e+00
 6.31635e+14	3.72e-12	9.57e-06	1.00e+00
 6.55547e+14	4.18e-12	1.03e-05	1.00e+00
 6.77994e+14	4.68e-12	1.11e-05	1.00e+00
 7.02479e+14	5.23e-12	1.19e-05	1.00e+00
 7.28401e+14	5.91e-12	1.29e-05	1.00e+00
 7.50387e+14	6.49e-12	1.37e-05	1.00e+00
 7.73046e+14	7.14e-12	1.45e-05	1.00e+00
 7.96986e+14	7.89e-12	1.55e-05	1.00e+00
 8.17497e+14	8.56e-12	1.63e-05	1.00e+00
 8.39064e+14	9.35e-12	1.73e-05	1.00e+00
 8.67102e+14	1.04e-11	1.85e-05	1.00e+00
 8.95850e+14	1.16e-11	1.98e-05	1.00e+00
 9.19328e+14	1.26e-11	2.09e-05	1.00e+00
 9.43657e+14	1.37e-11	2.21e-05	1.00e+00
 9.75284e+14	1.53e-11	2.37e-05	1.00e+00
 1.00851e+15	1.71e-11	2.54e-05	1.00e+00
 1.03705e+15	1.87e-11	2.69e-05	1.00e+00
 1.06738e+15	2.06e-11	2.86e-05	1.00e+00
 1.10623e+15	2.33e-11	3.09e-05	1.00e+00
 1.14646e+15	2.60e-11	3.33e-05	1.00e+00
 1.18144e+15	2.90e-11	3.55e-05	1.00e+00
 1.21929e+15	3.20e-11	3.80e-05	1.00e+00
 1.26551e+15	3.65e-11	4.11e-05	1.00e+00
 1.31211e+15	4.10e-11	4.44e-05	1.00e+00
 1.35377e+15	4.60e-11	4.75e-05	1.00e+00
 1.39953e+15	5.15e-11	5.10e-05	1.00e+00
 1.45392e+15	5.89e-11	5.55e-05	1.00e+00
 1.50787e+15	6.68e-11	5.99e-05	1.00e+00
 1.55006e+15	7.33e-11	6.36e-05	1.00e+00
 1.58205e+15	7.93e-11	6.65e-05	1.00e+00
 1.61709e+15	8.53e-11	6.97e-05	1.00e+00
 1.66263e+15	9.49e-11	7.42e-05	1.00e+00
 1.71216e+15	1.06e-10	7.92e-05	1.00e+00
 1.75669e+15	1.16e-10	8.36e-05	1.00e+00
 1.80440e+15	1.27e-10	8.87e-05	1.00e+00
 1.86642e+15	1.45e-10	9.57e-05	1.00e+00
 1.92888e+15	1.65e-10	1.03e-04	1.00e+00
 1.97851e+15	1.81e-10	1.09e-04	1.00e+00
 2.02961e+15	2.00e-10	1.15e-04	1.00e+00
 2.09603e+15	2.27e-10	1.24e-04	1.00e+00
 2.16679e+15	2.58e-10	1.34e-04	1.00e+00
 2.22894e+15	2.86e-10	1.42e-04	1.00e+00
 2.29547e+15	3.25e-10	1.52e-04	1.00e+00
 2.37975e+15	3.76e-10	1.65e-04	1.00e+00
 2.46655e+15	4.38e-10	1.80e-04	1.00e+00
 2.54193e+15	4.89e-10	1.92e-04	1.00e+00
 2.62301e+15	5.66e-10	2.07e-04	1.00e+00
 2.72222e+15	6.58e-10	2.25e-04	1.00e+00
 2.82223e+15	7.72e-10	2.45e-04	1.00e+00
 2.91094e+15	8.85e-10	2.63e-04	1.00e+00
 3.00776e+15	1.02e-09	2.84e-04	1.00e+00
 3.10306e+15	1.16e-09	3.05e-04	1.00e+00
 3.17467e+15	1.28e-09	3.22e-04	1.00e+00
 3.24606e+15	1.41e-09	3.39e-04	1.00e+00
 3.33887e+15	1.61e-09	3.62e-04	1.00e+00
 3.43762e+15	1.80e-09	3.87e-04	1.00e+00
 3.52400e+15	2.05e-09	4.10e-04	1.00e+00
 3.61617e+15	2.26e-09	4.35e-04	1.00e+00
 3.73600e+15	2.66e-09	4.70e-04	1.00e+00
 3.85705e+15	3.07e-09	5.07e-04	9.99e-01
 3.95414e+15	3.42e-09	5.36e-04	9.99e-01
 4.05479e+15	3.78e-09	5.68e-04	9.99e-01
 4.18564e+15	4.43e-09	6.12e-04	9.99e-01
 4.32414e+15	5.13e-09	6.61e-04	9.99e-01
 4.44509e+15	5.76e-09	7.04e-04	9.99e-01
 4.57481e+15	6.61e-09	7.53e-04	9.99e-01
 4.74110e+15	7.77e-09	8.19e-04	9.99e-01
 4.91410e+15	9.09e-09	8.89e-04	9.99e-01
 5.06410e+15	1.02e-08	9.53e-04	9.99e-01
 5.22508e+15	1.20e-08	1.03e-03	9.99e-01
 5.42241e+15	1.42e-08	1.12e-03	9.99e-01
 5.62244e+15	1.67e-08	1.22e-03	9.99e-01
 5.77526e+15	1.88e-08	1.29e-03	9.99e-01
 5.88751e+15	2.05e-08	1.35e-03	9.99e-01
 6.00971e+15	2.26e-08	1.42e-03	9.99e-01
 6.16858e+15	2.49e-08	1.51e-03	9.98e-01
 6.34446e+15	2.87e-08	1.61e-03	9.98e-01
 6.50465e+15	3.19e-08	1.70e-03	9.98e-01
 6.67507e+15	3.55e-08	1.81e-03	9.98e-01
 6.89661e+15	4.17e-08	1.96e-03	9.98e-01
 7.11749e+15	4.71e-08	2.10e-03	9.98e-01
 7.28972e+15	5.26e-08	2.23e-03	9.98e-01
 7.46581e+15	5.96e-08	2.36e-03	9.98e-01
 7.69474e+15	6.70e-08	2.53e-03	9.97e-01
 7.93951e+15	7.85e-08	2.73e-03	9.97e-01
 8.15239e+15	8.84e-08	2.90e-03	9.97e-01
 8.37666e+15	9.91e-08	3.10e-03	9.97e-01
 8.66821e+15	1.17e-07	3.37e-03	9.97e-01
 8.95889e+15	1.32e-07	3.64e-03	9.96e-01
 9.19495e+15	1.49e-07	3.88e-03	9.96e-01
 9.44835e+15	1.68e-07	4.15e-03	9.96e-01
 9.77776e+15	2.02e-07	4.52e-03	9.95e-01
 1.01028e+16	2.31e-07	4.91e-03	9.95e-01
 1.03548e+16	2.60e-07	5.22e-03	9.95e-01
 1.05761e+16	2.87e-07	5.52e-03	9.94e-01
 1.08251e+16	3.18e-07	5.86e-03	9.94e-01
 1.10920e+16	3.53e-07	6.25e-03	9.94e-01
 1.13421e+16	3.99e-07	6.64e-03	9.93e-01
 1.15811e+16	4.37e-07	7.02e-03	9.93e-01
 1.18458e+16	4.84e-07	7.48e-03	9.93e-01
 1.21399e+16	5.55e-07	8.02e-03	9.92e-01
 1.24047e+16	6.12e-07	8.52e-03	9.91e-01
 1.26812e+16	6.78e-07	9.10e-03	9.91e-01
 1.30406e+16	7.99e-07	9.94e-03	9.90e-01
 1.33804e+16	9.06e-07	1.07e-02	9.89e-01
 1.36345e+16	1.00e-06	1.14e-02	9.89e-01
 1.39048e+16	1.12e-06	1.22e-02	9.88e-01
 1.42562e+16	1.31e-06	1.34e-02	9.87e-01
 1.46087e+16	1.50e-06	1.46e-02	9.85e-01
 1.48881e+16	1.67e-06	1.56e-02	9.84e-01
 1.51768e+16	1.88e-06	1.69e-02	9.83e-01
 1.54894e+16	2.17e-06	1.84e-02	9.82e-01
 1.57602e+16	2.44e-06	1.98e-02	9.80e-01
 1.59986e+16	2.70e-06	2.12e-02	9.79e-01
 1.62678e+16	3.16e-06	2.31e-02	9.77e-01
 1.65506e+16	3.58e-06	2.52e-02	9.75e-01
 1.67980e+16	4.01e-06	2.73e-02	9.73e-01
 1.70273e+16	4.52e-06	2.95e-02	9.70e-01
 1.72508e+16	5.26e-06	3.20e-02	9.68e-01
 1.74587e+16	5.87e-06	3.46e-02	9.65e-01
 1.76820e+16	6.63e-06	3.78e-02	9.62e-01
 1.79275e+16	7.69e-06	4.18e-02	9.58e-01
 1.81437e+16	8.89e-06	4.60e-02	9.54e-01
 1.83253e+16	1.04e-05	5.01e-02	9.50e-01
 1.84852e+16	1.17e-05	5.41e-02	9.46e-01
 1.86582e+16	1.31e-05	5.92e-02	9.41e-01
 1.88832e+16	1.60e-05	6.70e-02	9.33e-01
 1.90944e+16	1.92e-05	7.56e-02	9.24e-01
 1.92373e+16	2.20e-05	8.26e-02	9.17e-01
 1.93544e+16	2.47e-05	8.92e-02	9.11e-01
 1.94882e+16	2.80e-05	9.78e-02	9.02e-01
 1.96621e+16	3.34e-05	1.11e-01	8.89e-01
 1.98315e+16	4.04e-05	1.26e-01	8.74e-01
 1.99473e+16	4.80e-05	1.38e-01	8.62e-01
 2.00194e+16	5.25e-05	1.47e-01	8.53e-01
 2.00822e+16	5.71e-05	1.55e-01	8.45e-01
 2.01639e+16	6.26e-05	1.67e-01	8.33e-01
 2.02702e+16	7.37e-05	1.84e-01	8.16e-01
 2.03588e+16	8.26e-05	1.99e-01	8.01e-01
 2.04102e+16	8.93e-05	2.09e-01	7.91e-01
 2.04627e+16	9.56e-05	2.20e-01	7.80e-01
 2.05308e+16	1.07e-04	2.36e-01	7.64e-01
 2.05982e+16	1.17e-04	2.52e-01	7.48e-01
 2.06645e+16	1.30e-04	2.69e-01	7.31e-01
 2.07336e+16	1.44e-04	2.89e-01	7.11e-01
 2.07906e+16	1.59e-04	3.06e-01	6.94e-01
 2.08357e+16	1.71e-04	3.20e-01	6.80e-01
 2.08812e+16	1.83e-04	3.35e-01	6.65e-01
 2.09404e+16	2.03e-04	3.56e-01	6.44e-01
 2.09988e+16	2.21e-04	3.77e-01	6.22e-01
 2.10562e+16	2.42e-04	4.00e-01	6.00e-01
 2.11187e+16	2.67e-04	4.25e-01	5.75e-01
 2.11751e+16	2.94e-04	4.48e-01	5.52e-01
 2.12233e+16	3.16e-04	4.68e-01	5.32e-01
 2.12736e+16	3.41e-04	4.90e-01	5.09e-01
 2.13389e+16	3.77e-04	5.19e-01	4.80e-01
 2.14080e+16	4.16e-04	5.49e-01	4.50e-01
 2.14689e+16	4.52e-04	5.76e-01	4.23e-01
 2.15350e+16	4.95e-04	6.06e-01	3.94e-01
 2.16091e+16	5.45e-04	6.37e-01	3.62e-01
 2.16799e+16	5.95e-04	6.66e-01	3.34e-01
 2.17582e+16	6.53e-04	6.97e-01	3.03e-01
 2.18290e+16	7.05e-04	7.22e-01	2.78e-01
 2.18744e+16	7.38e-04	7.37e-01	2.62e-01
 2.19180e+16	7.74e-04	7.52e-01	2.47e-01
 2.19748e+16	8.19e-04	7.70e-01	2.29e-01
 2.20382e+16	8.70e-04	7.89e-01	2.10e-01
 2.20976e+16	9.18e-04	8.05e-01	1.95e-01
 2.21533e+16	9.66e-04	8.19e-01	1.80e-01
 2.22169e+16	1.02e-03	8.34e-01	1.65e-01
 2.22844e+16	1.08e-03	8.48e-01	1.51e-01
 2.23433e+16	1.13e-03	8.59e-01	1.40e-01
 2.24063e+16	1.19e-03	8.71e-01	1.28e-01
 2.24759e+16	1.26e-03	8.82e-01	1.17e-01
 2.25384e+16	1.32e-03	8.91e-01	1.08e-01
 2.25939e+16	1.38e-03	8.98e-01	1.00e-01
 2.26557e+16	1.45e-03	9.06e-01	9.24e-02
 2.27242e+16	1.52e-03	9.14e-01	8.48e-02
 2.27857e+16	1.60e-03	9.20e-01	7.86e-02
 2.28394e+16	1.67e-03	9.25e-01	7.36e-02
 2.28985e+16	1.75e-03	9.30e-01	6.83e-02
 2.29640e+16	1.85e-03	9.35e-01	6.31e-02
 2.30235e+16	1.94e-03	9.39e-01	5.90e-02
 2.30749e+16	2.03e-03	9.42e-01	5.55e-02
 2.31300e+16	2.12e-03	9.46e-01	5.21e-02
 2.31907e+16	2.24e-03	9.49e-01	4.86e-02
 2.32453e+16	2.36e-03	9.52e-01	4.58e-02
 2.32933e+16	2.47e-03	9.54e-01	4.34e-02
 2.33463e+16	2.61e-03	9.57e-01	4.08e-02
 2.34054e+16	2.77e-03	9.59e-01	3.83e-02
 2.34582e+16	2.93e-03	9.61e-01	3.63e-02
 2.35028e+16	3.08e-03	9.62e-01	3.46e-02
 2.35508e+16	3.26e-03	9.64e-01	3.28e-02
 2.36131e+16	3.50e-03	9.66e-01	3.07e-02
 2.36748e+16	3.80e-03	9.67e-01	2.89e-02
 2.37204e+16	4.03e-03	9.68e-01	2.77e-02
 2.37581e+16	4.26e-03	9.69e-01	2.66e-02
 2.38012e+16	4.53e-03	9.70e-01	2.55e-02
 2.38571e+16	4.93e-03	9.71e-01	2.40e-02
 2.39161e+16	5.44e-03	9.72e-01	2.27e-02
 2.39648e+16	5.94e-03	9.72e-01	2.17e-02
 2.40055e+16	6.39e-03	9.73e-01	2.10e-02
 2.40500e+16	6.97e-03	9.73e-01	2.01e-02
 2.40997e+16	7.75e-03	9.73e-01	1.92e-02
 2.41445e+16	8.60e-03	9.73e-01	1.84e-02
 2.41795e+16	9.41e-03	9.73e-01	1.79e-02
 2.42078e+16	1.01e-02	9.72e-01	1.75e-02
 2.42387e+16	1.10e-02	9.72e-01	1.70e-02
 2.42734e+16	1.22e-02	9.71e-01	1.65e-02
 2.43046e+16	1.35e-02	9.70e-01	1.61e-02
 2.43303e+16	1.47e-02	9.69e-01	1.58e-02
 2.43574e+16	1.62e-02	9.68e-01	1.55e-02
 2.43874e+16	1.81e-02	9.67e-01	1.52e-02
 2.44139e+16	2.02e-02	9.65e-01	1.50e-02
 2.44356e+16	2.22e-02	9.63e-01	1.48e-02
 2.44585e+16	2.46e-02	9.61e-01	1.46e-02
 2.44839e+16	2.78e-02	9.58e-01	1.45e-02
 2.45068e+16	3.14e-02	9.54e-01	1.44e-02
 2.45262e+16	3.49e-02	9.51e-01	1.44e-02
 2.45469e+16	3.93e-02	9.46e-01	1.43e-02
 2.45687e+16	4.47e-02	9.41e-01	1.44e-02
 2.45869e+16	5.05e-02	9.35e-01	1.45e-02
 2.46021e+16	5.58e-02	9.30e-01	1.46e-02
 2.46174e+16	6.20e-02	9.23e-01	1.48e-02
 2.46349e+16	7.03e-02	9.15e-01	1.50e-02
 2.46520e+16	8.00e-02	9.05e-01	1.52e-02
 2.46661e+16	8.95e-02	8.95e-01	1.55e-02
 2.46780e+16	9.83e-02	8.86e-01	1.58e-02
 2.46890e+16	1.08e-01	8.76e-01	1.60e-02
 2.46995e+16	1.17e-01	8.66e-01	1.63e-02
 2.47099e+16	1.28e-01	8.55e-01	1.65e-02
 2.47181e+16	1.37e-01	8.46e-01	1.68e-02
 2.47234e+16	1.44e-01	8.40e-01	1.69e-02
 2.47281e+16	1.50e-01	8.33e-01	1.71e-02
 2.47337e+16	1.57e-01	8.25e-01	1.72e-02
 2.47399e+16	1.66e-01	8.16e-01	1.74e-02
 2.47460e+16	1.75e-01	8.07e-01	1.76e-02
 2.47516e+16	1.84e-01	7.98e-01	1.78e-02
 2.47572e+16	1.94e-01	7.88e-01	1.79e-02
 2.47629e+16	2.04e-01	7.78e-01	1.81e-02
 2.47686e+16	2.14e-01	7.67e-01	1.83e-02
 2.47744e+16	2.26e-01	7.56e-01	1.84e-02
 2.47800e+16	2.37e-01	7.44e-01	1.86e-02
 2.47856e+16	2.49e-01	7.32e-01	1.88e-02
 2.47913e+16	2.62e-01	7.19e-01	1.89e-02
 2.47970e+16	2.76e-01	7.05e-01	1.90e-02
 2.48027e+16	2.90e-01	6.91e-01	1.91e-02
 2.48084e+16	3.04e-01	6.76e-01	1.92e-02
 2.48142e+16	3.20e-01	6.61e-01	1.93e-02
 2.48200e+16	3.37e-01	6.44e-01	1.93e-02
 2.48258e+16	3.53e-01	6.27e-01	1.94e-02
 2.48317e+16	3.70e-01	6.10e-01	1.94e-02
 2.48377e+16	3.89e-01	5.92e-01	1.93e-02
 2.48438e+16	4.08e-01	5.73e-01	1.93e-02
 2.48499e+16	4.27e-01	5.53e-01	1.92e-02
 2.48562e+16	4.47e-01	5.34e-01	1.91e-02
 2.48626e+16	4.68e-01	5.13e-01	1.89e-02
 2.48690e+16	4.88e-01	4.93e-01	1.87e-02
 2.48756e+16	5.10e-01	4.72e-01	1.84e-02
 2.48822e+16	5.30e-01	4.52e-01	1.81e-02
 2.48891e+16	5.51e-01	4.31e-01	1.78e-02
 2.48961e+16	5.72e-01	4.11e-01	1.74e-02
 2.49034e+16	5.93e-01	3.90e-01	1.70e-02
 2.49112e+16	6.13e-01	3.70e-01	1.65e-02
 2.49195e+16	6.33e-01	3.51e-01	1.60e-02
 2.49283e+16	6.53e-01	3.32e-01	1.55e-02
 2.49380e+16	6.72e-01	3.13e-01	1.49e-02
 2.49489e+16	6.90e-01	2.96e-01	1.43e-02
 2.49611e+16	7.07e-01	2.79e-01	1.38e-02
 2.49740e+16	7.21e-01	2.66e-01	1.32e-02
 2.49866e+16	7.32e-01	2.56e-01	1.28e-02
 2.49992e+16	7.40e-01	2.48e-01	1.24e-02
 2.50116e+16	7.47e-01	2.41e-01	1.21e-02
 2.50259e+16	7.53e-01	2.36e-01	1.17e-02
 2.50444e+16	7.59e-01	2.30e-01	1.14e-02
 2.50685e+16	7.65e-01	2.24e-01	1.10e-02
 2.50998e+16	7.71e-01	2.19e-01	1.05e-02
 2.51406e+16	7.77e-01	2.13e-01	9.98e-03
 2.51935e+16	7.84e-01	2.06e-01	9.34e-03
 2.52623e+16	7.93e-01	1.99e-01	8.60e-03
 2.53420e+16	8.02e-01	1.90e-01	7.86e-03
 2.54213e+16	8.10e-01	1.83e-01	7.18e-03
 2.54983e+16	8.18e-01	1.75e-01	6.59e-03
 2.55759e+16	8.26e-01	1.68e-01	6.05e-03
 2.56546e+16	8.33e-01	1.62e-01	5.55e-03
 2.57341e+16	8.40e-01	1.55e-01	5.10e-03
 2.58140e+16	8.46e-01	1.49e-01	4.68e-03
 2.58943e+16	8.52e-01	1.43e-01	4.30e-03
 2.59603e+16	8.57e-01	1.39e-01	4.04e-03
 2.60069e+16	8.60e-01	1.36e-01	3.84e-03
 2.60493e+16	8.63e-01	1.33e-01	3.68e-03
 2.60943e+16	8.66e-01	1.30e-01	3.51e-03
 2.61410e+16	8.69e-01	1.27e-01	3.34e-03
 2.61867e+16	8.72e-01	1.25e-01	3.19e-03
 2.62305e+16	8.75e-01	1.22e-01	3.06e-03
 2.62729e+16	8.77e-01	1.20e-01	2.93e-03
 2.63147e+16	8.80e-01	1.17e-01	2.81e-03
 2.63559e+16	8.82e-01	1.15e-01	2.70e-03
 2.63964e+16	8.85e-01	1.13e-01	2.59e-03
 2.64362e+16	8.87e-01	1.11e-01	2.49e-03
 2.64754e+16	8.89e-01	1.09e-01	2.40e-03
 2.65139e+16	8.91e-01	1.07e-01	2.31e-03
 2.65518e+16	8.93e-01	1.05e-01	2.22e-03
 2.65892e+16	8.95e-01	1.03e-01	2.14e-03
 2.66261e+16	8.97e-01	1.01e-01	2.07e-03
 2.66624e+16	8.98e-01	9.97e-02	2.00e-03
 2.66982e+16	9.00e-01	9.81e-02	1.93e-03
 2.67336e+16	9.02e-01	9.66e-02	1.86e-03
 2.67686e+16	9.03e-01	9.50e-02	1.80e-03
 2.68032e+16	9.05e-01	9.36e-02	1.74e-03
 2.68375e+16	9.06e-01	9.21e-02	1.69e-03
 2.68715e+16	9.08e-01	9.07e-02	1.63e-03
 2.69052e+16	9.09e-01	8.93e-02	1.58e-03
 2.69389e+16	9.10e-01	8.80e-02	1.53e-03
 2.69724e+16	9.12e-01	8.67e-02	1.48e-03
 2.70059e+16	9.13e-01	8.54e-02	1.43e-03
 2.70394e+16	9.14e-01	8.41e-02	1.39e-03
 2.70731e+16	9.16e-01	8.29e-02	1.35e-03
 2.71070e+16	9.17e-01	8.16e-02	1.30e-03
 2.71414e+16	9.18e-01	8.04e-02	1.26e-03
 2.71767e+16	9.20e-01	7.92e-02	1.22e-03
 2.72134e+16	9.21e-01	7.79e-02	1.18e-03
 2.72511e+16	9.22e-01	7.66e-02	1.14e-03
 2.72900e+16	9.24e-01	7.53e-02	1.10e-03
 2.73308e+16	9.25e-01	7.39e-02	1.06e-03
 2.73740e+16	9.26e-01	7.25e-02	1.01e-03
 2.74205e+16	9.28e-01	7.11e-02	9.69e-04
 2.74706e+16	9.30e-01	6.95e-02	9.25e-04
 2.75275e+16	9.31e-01	6.77e-02	8.76e-04
 2.75930e+16	9.33e-01	6.58e-02	8.23e-04
 2.76607e+16	9.35e-01	6.39e-02	7.73e-04
 2.77242e+16	9.37e-01	6.22e-02	7.29e-04
 2.77820e+16	9.39e-01	6.06e-02	6.92e-04
 2.78345e+16	9.40e-01	5.93e-02	6.59e-04
 2.78824e+16	9.41e-01	5.81e-02	6.31e-04
 2.79259e+16	9.42e-01	5.70e-02	6.06e-04
 2.79655e+16	9.43e-01	5.60e-02	5.85e-04
 2.80089e+16	9.45e-01	5.49e-02	5.60e-04
 2.80558e+16	9.46e-01	5.38e-02	5.36e-04
 2.80984e+16	9.47e-01	5.28e-02	5.16e-04
 2.81372e+16	9.48e-01	5.19e-02	4.97e-04
 2.81726e+16	9.48e-01	5.11e-02	4.81e-04
 2.82047e+16	9.49e-01	5.04e-02	4.67e-04
 2.82399e+16	9.50e-01	4.96e-02	4.51e-04
 2.82779e+16	9.51e-01	4.87e-02	4.35e-04
 2.83125e+16	9.52e-01	4.79e-02	4.20e-04
 2.83440e+16	9.52e-01	4.72e-02	4.07e-04
 2.83785e+16	9.53e-01	4.64e-02	3.93e-04
 2.84158e+16	9.54e-01	4.56e-02	3.79e-04
 2.84497e+16	9.55e-01	4.49e-02	3.67e-04
 2.84805e+16	9.55e-01	4.43e-02	3.56e-04
 2.85086e+16	9.56e-01	4.37e-02	3.46e-04
 2.85393e+16	9.57e-01	4.30e-02	3.35e-04
 2.85725e+16	9.57e-01	4.23e-02	3.24e-04
 2.86027e+16	9.58e-01	4.17e-02	3.14e-04
 2.86302e+16	9.59e-01	4.12e-02	3.06e-04
 2.86604e+16	9.59e-01	4.05e-02	2.96e-04
 2.86929e+16	9.60e-01	3.99e-02	2.86e-04
 2.87225e+16	9.60e-01	3.93e-02	2.78e-04
 2.87494e+16	9.61e-01	3.88e-02	2.70e-04
 2.87789e+16	9.62e-01	3.82e-02	2.62e-04
 2.88108e+16	9.62e-01	3.76e-02	2.53e-04
 2.88398e+16	9.63e-01	3.70e-02	2.46e-04
 2.88662e+16	9.63e-01	3.66e-02	2.39e-04
 2.88951e+16	9.64e-01	3.60e-02	2.32e-04
 2.89263e+16	9.64e-01	3.54e-02	2.24e-04
 2.89547e+16	9.65e-01	3.49e-02	2.18e-04
 2.89806e+16	9.65e-01	3.45e-02	2.12e-04
 2.90089e+16	9.66e-01	3.40e-02	2.06e-04
 2.90395e+16	9.66e-01	3.34e-02	1.99e-04
 2.90673e+16	9.67e-01	3.30e-02	1.94e-04
 2.90926e+16	9.67e-01	3.26e-02	1.89e-04
 2.91204e+16	9.68e-01	3.21e-02	1.83e-04
 2.91503e+16	9.68e-01	3.16e-02	1.78e-04
 2.91776e+16	9.69e-01	3.12e-02	1.73e-04
 2.92024e+16	9.69e-01	3.08e-02	1.69e-04
 2.92296e+16	9.69e-01	3.04e-02	1.64e-04
 2.92589e+16	9.70e-01	2.99e-02	1.59e-04
 2.92856e+16	9.70e-01	2.95e-02	1.55e-04
 2.93149e+16	9.71e-01	2.91e-02	1.50e-04
 2.93465e+16	9.71e-01	2.86e-02	1.46e-04
 2.93753e+16	9.72e-01	2.83e-02	1.42e-04
 2.94068e+16	9.72e-01	2.78e-02	1.37e-04
 2.94408e+16	9.73e-01	2.74e-02	1.33e-04
 2.94717e+16	9.73e-01	2.70e-02	1.29e-04
 2.95056e+16	9.73e-01	2.65e-02	1.25e-04
 2.95423e+16	9.74e-01	2.60e-02	1.20e-04
 2.95756e+16	9.74e-01	2.56e-02	1.17e-04
 2.96059e+16	9.75e-01	2.53e-02	1.13e-04
 2.96391e+16	9.75e-01	2.49e-02	1.10e-04
 2.96750e+16	9.75e-01	2.45e-02	1.06e-04
 2.97076e+16	9.76e-01	2.41e-02	1.03e-04
 2.97434e+16	9.76e-01	2.37e-02	9.96e-05
 2.97820e+16	9.77e-01	2.33e-02	9.62e-05
 2.98172e+16	9.77e-01	2.29e-02	9.32e-05
 2.98491e+16	9.77e-01	2.26e-02	9.06e-05
 2.98842e+16	9.78e-01	2.22e-02	8.76e-05
 2.99220e+16	9.78e-01	2.18e-02	8.47e-05
 2.99564e+16	9.78e-01	2.15e-02	8.22e-05
 2.99941e+16	9.79e-01	2.11e-02	7.94e-05
 3.00349e+16	9.79e-01	2.08e-02	7.66e-05
 3.00719e+16	9.79e-01	2.04e-02	7.42e-05
 3.01125e+16	9.80e-01	2.00e-02	7.15e-05
 3.01564e+16	9.80e-01	1.97e-02	6.89e-05
 3.01963e+16	9.81e-01	1.93e-02	6.66e-05
 3.02326e+16	9.81e-01	1.91e-02	6.47e-05
 3.02724e+16	9.81e-01	1.87e-02	6.24e-05
 3.03153e+16	9.82e-01	1.84e-02	6.02e-05
 3.03544e+16	9.82e-01	1.81e-02	5.84e-05
 3.03972e+16	9.82e-01	1.77e-02	5.62e-05
 3.04434e+16	9.83e-01	1.74e-02	5.41e-05
 3.04855e+16	9.83e-01	1.71e-02	5.23e-05
 3.05316e+16	9.83e-01	1.68e-02	5.03e-05
 3.05814e+16	9.84e-01	1.64e-02	4.84e-05
 3.06267e+16	9.84e-01	1.62e-02	4.67e-05
 3.06763e+16	9.84e-01	1.58e-02	4.48e-05
 3.07299e+16	9.84e-01	1.55e-02	4.30e-05
 3.07787e+16	9.85e-01	1.52e-02	4.14e-05
 3.08230e+16	9.85e-01	1.49e-02	4.00e-05
 3.08717e+16	9.85e-01	1.47e-02	3.85e-05
 3.09241e+16	9.86e-01	1.44e-02	3.70e-05
 3.09719e+16	9.86e-01	1.41e-02	3.57e-05
 3.10243e+16	9.86e-01	1.38e-02	3.43e-05
 3.10808e+16	9.86e-01	1.35e-02	3.29e-05
 3.11322e+16	9.87e-01	1.33e-02	3.17e-05
 3.11885e+16	9.87e-01	1.30e-02	3.03e-05
 3.12494e+16	9.87e-01	1.27e-02	2.90e-05
 3.13047e+16	9.88e-01	1.25e-02	2.79e-05
 3.13654e+16	9.88e-01	1.22e-02	2.67e-05
 3.14309e+16	9.88e-01	1.19e-02	2.55e-05
 3.14905e+16	9.88e-01	1.16e-02	2.45e-05
 3.15558e+16	9.89e-01	1.14e-02	2.33e-05
 3.16263e+16	9.89e-01	1.11e-02	2.22e-05
 3.16904e+16	9.89e-01	1.09e-02	2.13e-05
 3.17607e+16	9.89e-01	1.06e-02	2.03e-05
 3.18366e+16	9.90e-01	1.03e-02	1.93e-05
 3.19057e+16	9.90e-01	1.01e-02	1.84e-05
 3.19814e+16	9.90e-01	9.82e-03	1.75e-05
 3.20631e+16	9.90e-01	9.56e-03	1.66e-05
 3.21374e+16	9.91e-01	9.34e-03	1.58e-05
 3.22189e+16	9.91e-01	9.08e-03	1.50e-05
 3.23068e+16	9.91e-01	8.83e-03	1.42e-05
 3.23869e+16	9.91e-01	8.61e-03	1.35e-05
 3.24746e+16	9.92e-01	8.36e-03	1.28e-05
 3.25693e+16	9.92e-01	8.12e-03	1.20e-05
 3.26554e+16	9.92e-01	7.91e-03	1.14e-05
 3.27499e+16	9.92e-01	7.68e-03	1.08e-05
 3.28518e+16	9.93e-01	7.44e-03	1.01e-05
 3.29446e+16	9.93e-01	7.25e-03	9.62e-06
 3.30462e+16	9.93e-01	7.02e-03	9.03e-06
 3.31559e+16	9.93e-01	6.80e-03	8.48e-06
 3.32558e+16	9.93e-01	6.61e-03	8.02e-06
 3.33652e+16	9.94e-01	6.39e-03	7.51e-06
 3.34834e+16	9.94e-01	6.18e-03	7.03e-06
 3.36128e+16	9.94e-01	5.95e-03	6.51e-06
 3.37619e+16	9.94e-01	5.70e-03	5.99e-06
 3.39182e+16	9.95e-01	5.46e-03	5.50e-06
 3.40824e+16	9.95e-01	5.21e-03	5.03e-06
 3.42533e+16	9.95e-01	4.98e-03	4.59e-06
 3.44306e+16	9.95e-01	4.74e-03	4.18e-06
 3.46134e+16	9.95e-01	4.52e-03	3.79e-06
 3.47998e+16	9.96e-01	4.30e-03	3.45e-06
 3.49888e+16	9.96e-01	4.10e-03	3.13e-06
 3.51808e+16	9.96e-01	3.90e-03	2.84e-06
 3.53763e+16	9.96e-01	3.71e-03	2.58e-06
 3.55754e+16	9.96e-01	3.53e-03	2.33e-06
 3.57781e+16	9.97e-01	3.36e-03	2.11e-06
 3.59841e+16	9.97e-01	3.19e-03	1.91e-06
 3.61937e+16	9.97e-01	3.04e-03	1.73e-06
 3.64068e+16	9.97e-01	2.88e-03	1.56e-06
 3.66236e+16	9.97e-01	2.74e-03	1.41e-06
 3.68402e+16	9.97e-01	2.60e-03	1.28e-06
 3.70600e+16	9.98e-01	2.47e-03	1.15e-06
 3.72883e+16	9.98e-01	2.34e-03	1.04e-06
 3.75215e+16	9.98e-01	2.22e-03	9.33e-07
 3.77576e+16	9.98e-01	2.10e-03	8.38e-07
 3.79974e+16	9.98e-01	1.99e-03	7.52e-07
 3.82417e+16	9.98e-01	1.88e-03	6.75e-07
 3.84905e+16	9.98e-01	1.78e-03	6.04e-07
 3.87437e+16	9.98e-01	1.68e-03	5.40e-07
 3.90016e+16	9.98e-01	1.59e-03	4.83e-07
 3.92643e+16	9.98e-01	1.50e-03	4.30e-07
 3.95320e+16	9.99e-01	1.42e-03	3.83e-07
 3.98049e+16	9.99e-01	1.34e-03	3.41e-07
 4.00833e+16	9.99e-01	1.26e-03	3.02e-07
 4.03674e+16	9.99e-01	1.18e-03	2.68e-07
 4.06573e+16	9.99e-01	1.11e-03	2.37e-07
 4.09533e+16	9.99e-01	1.04e-03	2.09e-07
 4.12558e+16	9.99e-01	9.79e-04	1.84e-07
 4.15651e+16	9.99e-01	9.17e-04	1.62e-07
 4.18815e+16	9.99e-01	8.58e-04	1.42e-07
 4.22053e+16	9.99e-01	8.02e-04	1.24e-07
 4.25371e+16	9.99e-01	7.49e-04	1.08e-07
 4.28777e+16	9.99e-01	6.98e-04	9.43e-08
 4.32224e+16	9.99e-01	6.51e-04	8.19e-08
 4.35754e+16	9.99e-01	6.05e-04	7.09e-08
 4.39454e+16	9.99e-01	5.61e-04	6.10e-08
 4.43266e+16	9.99e-01	5.19e-04	5.23e-08
 4.47180e+16	1.00e+00	4.80e-04	4.47e-08
 4.51250e+16	1.00e+00	4.42e-04	3.79e-08
 4.55481e+16	1.00e+00	4.06e-04	3.20e-08
 4.59872e+16	1.00e+00	3.72e-04	2.68e-08
 4.64440e+16	1.00e+00	3.39e-04	2.24e-08
 4.69211e+16	1.00e+00	3.08e-04	1.85e-08
 4.74211e+16	1.00e+00	2.79e-04	1.52e-08
 4.79483e+16	1.00e+00	2.51e-04	1.23e-08
 4.85056e+16	1.00e+00	2.25e-04	9.90e-09
 4.90952e+16	1.00e+00	2.01e-04	7.86e-09
 4.97277e+16	1.00e+00	1.77e-04	6.13e-09
 5.04093e+16	1.00e+00	1.55e-04	4.70e-09
 5.11431e+16	1.00e+00	1.35e-04	3.54e-09
 5.19430e+16	1.00e+00	1.15e-04	2.60e-09
 5.28279e+16	1.00e+00	9.73e-05	1.85e-09
 5.38072e+16	1.00e+00	8.07e-05	1.28e-09
 5.49418e+16	1.00e+00	6.50e-05	8.26e-10
 5.62446e+16	1.00e+00	5.10e-05	5.11e-10
 5.76086e+16	1.00e+00	3.99e-05	3.12e-10
 5.89586e+16	1.00e+00	3.13e-05	1.93e-10
 6.02906e+16	1.00e+00	2.48e-05	1.21e-10
 6.16341e+16	1.00e+00	1.96e-05	7.63e-11
 6.30062e+16	1.00e+00	1.55e-05	4.79e-11
 6.44046e+16	1.00e+00	1.23e-05	3.01e-11
 6.58226e+16	1.00e+00	9.76e-06	1.90e-11
 6.72673e+16	1.00e+00	7.74e-06	1.20e-11
 6.87487e+16	1.00e+00	6.13e-06	7.52e-12
 7.02599e+16	1.00e+00	4.86e-06	4.73e-12
 7.17971e+16	1.00e+00	3.85e-06	2.98e-12
 7.33661e+16	1.00e+00	3.05e-06	1.88e-12
 7.49749e+16	1.00e+00	2.42e-06	1.19e-12
 7.66304e+16	1.00e+00	1.92e-06	7.46e-13
 7.83389e+16	1.00e+00	1.52e-06	4.66e-13
 8.00992e+16	1.00e+00	1.20e-06	2.91e-13
 8.19084e+16	1.00e+00	9.43e-07	1.81e-13
 8.37718e+16	1.00e+00	7.41e-07	1.12e-13
 8.57001e+16	1.00e+00	5.81e-07	6.89e-14
 8.77049e+16	1.00e+00	4.54e-07	4.20e-14
 8.97950e+16	1.00e+00	3.52e-07	2.54e-14
 9.19849e+16	1.00e+00	2.72e-07	1.51e-14
 9.42961e+16	1.00e+00	2.08e-07	8.88e-15
 9.67006e+16	1.00e+00	1.59e-07	5.18e-15
 9.91125e+16	1.00e+00	1.22e-07	3.06e-15
 1.01480e+17	1.00e+00	9.46e-08	1.84e-15
 1.03809e+17	1.00e+00	7.40e-08	1.13e-15
 1.06110e+17	1.00e+00	5.84e-08	7.03e-16
 1.08379e+17	1.00e+00	4.64e-08	4.45e-16
 1.10602e+17	1.00e+00	3.72e-08	2.87e-16
 1.12769e+17	1.00e+00	3.02e-08	1.88e-16
 1.14870e+17	1.00e+00	2.46e-08	1.26e-16
 1.16902e+17	1.00e+00	2.03e-08	8.57e-17
 1.18864e+17	1.00e+00	1.69e-08	5.95e-17
 1.20751e+17	1.00e+00	1.42e-08	4.21e-17
 1.22563e+17	1.00e+00	1.21e-08	3.03e-17
 1.24297e+17	1.00e+00	1.03e-08	2.22e-17
 1.25955e+17	1.00e+00	8.93e-09	1.66e-17
 1.27538e+17	1.00e+00	7.77e-09	1.26e-17
 1.29046e+17	1.00e+00	6.82e-09	9.67e-18
 1.30482e+17	1.00e+00	6.03e-09	7.55e-18
 1.31849e+17	1.00e+00	5.36e-09	5.98e-18
 1.33149e+17	1.00e+00	4.80e-09	4.80e-18
 1.34385e+17	1.00e+00	4.33e-09	3.90e-18
 1.35559e+17	1.00e+00	3.92e-09	3.21e-18
 1.36673e+17	1.00e+00	3.58e-09	2.67e-18
 1.37730e+17	1.00e+00	3.28e-09	2.24e-18
 1.38735e+17	1.00e+00	3.02e-09	1.90e-18
 1.39689e+17	1.00e+00	2.79e-09	1.63e-18
 1.40596e+17	1.00e+00	2.59e-09	1.40e-18
 1.41457e+17	1.00e+00	2.42e-09	1.22e-18
 1.42275e+17	1.00e+00	2.27e-09	1.07e-18
 1.43051e+17	1.00e+00	2.13e-09	9.46e-19
 1.43790e+17	1.00e+00	2.01e-09	8.41e-19
 1.44492e+17	1.00e+00	1.90e-09	7.53e-19
 1.45160e+17	1.00e+00	1.80e-09	6.77e-19
 1.45795e+17	1.00e+00	1.71e-09	6.12e-19
 1.46399e+17	1.00e+00	1.63e-09	5.57e-19
 1.46975e+17	1.00e+00	1.56e-09	5.09e-19
 1.47523e+17	1.00e+00	1.49e-09	4.67e-19
 1.48046e+17	1.00e+00	1.43e-09	4.30e-19
 1.48545e+17	1.00e+00	1.38e-09	3.98e-19
 1.49021e+17	1.00e+00	1.33e-09	3.70e-19
 1.49475e+17	1.00e+00	1.28e-09	3.45e-19
 1.49909e+17	1.00e+00	1.24e-09	3.22e-19
 1.50325e+17	1.00e+00	1.20e-09	3.02e-19
 1.50723e+17	1.00e+00	1.17e-09	2.84e-19
 1.51105e+17	1.00e+00	1.13e-09	2.68e-19
 1.51471e+17	1.00e+00	1.10e-09	2.53e-19
 1.51823e+17	1.00e+00	1.07e-09	2.40e-19
 1.52162e+17	1.00e+00	1.04e-09	2.28e-19
 1.52488e+17	1.00e+00	1.02e-09	2.17e-19
 1.52804e+17	1.00e+00	9.93e-10	2.07e-19
 1.53109e+17	1.00e+00	9.70e-10	1.97e-19
 1.53405e+17	1.00e+00	9.48e-10	1.88e-19
 1.53692e+17	1.00e+00	9.28e-10	1.80e-19
 1.53973e+17	1.00e+00	9.08e-10	1.73e-19
 1.54247e+17	1.00e+00	8.89e-10	1.66e-19
 1.54516e+17	1.00e+00	8.71e-10	1.59e-19
 1.54781e+17	1.00e+00	8.54e-10	1.53e-19
 1.55043e+17	1.00e+00	8.37e-10	1.47e-19
 1.55303e+17	1.00e+00	8.21e-10	1.41e-19
 1.55564e+17	1.00e+00	8.04e-10	1.36e-19
 1.55825e+17	1.00e+00	7.89e-10	1.30e-19
 1.56090e+17	1.00e+00	7.73e-10	1.25e-19
 1.56361e+17	1.00e+00	7.57e-10	1.20e-19
 1.56640e+17	1.00e+00	7.41e-10	1.15e-19
 1.56930e+17	1.00e+00	7.25e-10	1.10e-19
 1.57235e+17	1.00e+00	7.08e-10	1.05e-19
 1.57562e+17	1.00e+00	6.91e-10	1.00e-19
 1.57916e+17	1.00e+00	6.73e-10	9.50e-20
 1.58307e+17	1.00e+00	6.53e-10	8.95e-20
 1.58750e+17	1.00e+00	6.31e-10	8.36e-20
 1.59262e+17	1.00e+00	6.07e-10	7.74e-20
 1.59873e+17	1.00e+00	5.79e-10	7.04e-20
 1.60627e+17	1.00e+00	5.46e-10	6.28e-20
 1.61591e+17	1.00e+00	5.07e-10	5.41e-20
 1.62844e+17	1.00e+00	4.61e-10	4.47e-20
 1.64473e+17	1.00e+00	4.07e-10	3.49e-20
 1.66591e+17	1.00e+00	3.47e-10	2.54e-20
 1.69345e+17	1.00e+00	2.83e-10	1.69e-20
 1.72924e+17	1.00e+00	2.18e-10	1.00e-20
 1.77578e+17	1.00e+00	1.56e-10	0.00e+00
 1.83310e+17	1.00e+00	1.04e-10	0.00e+00
 1.89605e+17	1.00e+00	6.81e-11	0.00e+00
 1.96083e+17	1.00e+00	4.47e-11	0.00e+00
 2.02686e+17	1.00e+00	2.95e-11	0.00e+00
 2.09320e+17	1.00e+00	1.98e-11	0.00e+00
 2.15955e+17	1.00e+00	1.37e-11	0.00e+00
 2.22589e+17	1.00e+00	9.64e-12	0.00e+00
 2.29223e+17	1.00e+00	7.03e-12	0.00e+00
 2.35858e+17	1.00e+00	5.31e-12	0.00e+00
 2.42492e+17	1.00e+00	4.17e-12	0.00e+00
 2.49127e+17	1.00e+00	3.40e-12	0.00e+00
 2.55761e+17	1.00e+00	2.88e-12	0.00e+00
 2.62395e+17	1.00e+00	2.51e-12	0.00e+00
 2.69030e+17	1.00e+00	2.25e-12	0.00e+00
 2.75664e+17	1.00e+00	2.06e-12	0.00e+00
 2.82299e+17	1.00e+00	1.92e-12	0.00e+00
 2.88933e+17	1.00e+00	1.81e-12	0.00e+00
 2.95567e+17	1.00e+00	1.71e-12	0.00e+00
 3.02202e+17	1.00e+00	1.64e-12	0.00e+00
 3.08836e+17	1.00e+00	1.57e-12	0.00e+00
 3.15470e+17	1.00e+00	1.50e-12	0.00e+00
 3.23100e+17	1.00e+00	1.44e-12	0.00e+00
 3.33018e+17	1.00e+00	1.15e-12	0.00e+00
 3.45397e+17	1.00e+00	8.04e-13	0.00e+00
 3.59213e+17	1.00e+00	5.49e-13	0.00e+00
 3.73085e+17	1.00e+00	4.56e-13	0.00e+00
 3.85953e+17	1.00e+00	4.29e-13	0.00e+00
 3.97239e+17	1.00e+00	4.61e-13	0.00e+00
 4.07295e+17	1.00e+00	4.99e-13	0.00e+00
 4.16815e+17	1.00e+00	5.02e-13	0.00e+00
 4.26153e+17	1.00e+00	4.67e-13	0.00e+00
 4.35022e+17	1.00e+00	4.24e-13	0.00e+00
 4.42276e+17	1.00e+00	4.03e-13	0.00e+00
 4.46914e+17	1.00e+00	4.40e-13	0.00e+00
 4.49356e+17	1.00e+00	4.90e-13	0.00e+00
 4.50662e+17	1.00e+00	5.20e-13	0.00e+00
 4.51446e+17	1.00e+00	5.37e-13	0.00e+00
 4.51916e+17	1.00e+00	5.46e-13	0.00e+00
 4.52294e+17	1.00e+00	5.52e-13	0.00e+00
 4.52759e+17	1.00e+00	5.57e-13	0.00e+00
 4.53328e+17	1.00e+00	5.62e-13	0.00e+00
 4.53879e+17	1.00e+00	5.66e-13	0.00e+00
 4.54299e+17	1.00e+00	5.68e-13	0.00e+00
 4.54628e+17	1.00e+00	5.70e-13	0.00e+00
 4.54935e+17	1.00e+00	5.71e-13	0.00e+00
 4.55277e+17	1.00e+00	5.72e-13	0.00e+00
 4.55653e+17	1.00e+00	5.72e-13	0.00e+00
 4.55992e+17	1.00e+00	5.72e-13	0.00e+00
 4.56267e+17	1.00e+00	5.72e-13	0.00e+00
 4.56481e+17	1.00e+00	5.71e-13	0.00e+00
 4.56693e+17	1.00e+00	5.71e-13	0.00e+00
 4.56959e+17	1.00e+00	5.71e-13	0.00e+00
 4.57247e+17	1.00e+00	5.69e-13	0.00e+00
 4.57495e+17	1.00e+00	5.68e-13	0.00e+00
 4.57697e+17	1.00e+00	5.67e-13	0.00e+00
 4.57883e+17	1.00e+00	5.66e-13	0.00e+00
 4.58078e+17	1.00e+00	5.65e-13	0.00e+00
 4.58285e+17	1.00e+00	5.64e-13	0.00e+00
 4.58489e+17	1.00e+00	5.63e-13	0.00e+00
 4.58674e+17	1.00e+00	5.61e-13	0.00e+00
 4.58842e+17	1.00e+00	5.60e-13	0.00e+00
 4.59010e+17	1.00e+00	5.59e-13	0.00e+00
 4.59183e+17	1.00e+00	5.57e-13	0.00e+00
 4.59361e+17	1.00e+00	5.56e-13	0.00e+00
 4.59532e+17	1.00e+00	5.54e-13	0.00e+00
 4.59695e+17	1.00e+00	5.53e-13	0.00e+00
 4.59860e+17	1.00e+00	5.51e-13	0.00e+00
 4.60027e+17	1.00e+00	5.49e-13	0.00e+00
 4.60193e+17	1.00e+00	5.47e-13	0.00e+00
 4.60352e+17	1.00e+00	5.46e-13	0.00e+00
 4.60508e+17	1.00e+00	5.44e-13	0.00e+00
 4.60672e+17	1.00e+00	5.42e-13	0.00e+00
 4.60843e+17	1.00e+00	5.40e-13	0.00e+00
 4.61019e+17	1.00e+00	5.37e-13	0.00e+00
 4.61188e+17	1.00e+00	5.35e-13	0.00e+00
 4.61351e+17	1.00e+00	5.33e-13	0.00e+00
 4.61521e+17	1.00e+00	5.31e-13	0.00e+00
 4.61694e+17	1.00e+00	5.28e-13	0.00e+00
 4.61873e+17	1.00e+00	5.26e-13	0.00e+00
 4.62065e+17	1.00e+00	5.23e-13	0.00e+00
 4.62267e+17	1.00e+00	5.20e-13	0.00e+00
 4.62466e+17	1.00e+00	5.17e-13	0.00e+00
 4.62658e+17	1.00e+00	5.14e-13	0.00e+00
 4.62847e+17	1.00e+00	5.11e-13	0.00e+00
 4.63052e+17	1.00e+00	5.08e-13	0.00e+00
 4.63289e+17	1.00e+00	5.04e-13	0.00e+00
 4.63529e+17	1.00e+00	5.00e-13	0.00e+00
 4.63748e+17	1.00e+00	4.96e-13	0.00e+00
 4.63952e+17	1.00e+00	4.93e-13	0.00e+00
 4.64169e+17	1.00e+00	4.89e-13	0.00e+00
 4.64422e+17	1.00e+00	4.85e-13	0.00e+00
 4.64704e+17	1.00e+00	4.80e-13	0.00e+00
 4.64978e+17	1.00e+00	4.75e-13	0.00e+00
 4.65220e+17	1.00e+00	4.71e-13	0.00e+00
 4.65462e+17	1.00e+00	4.67e-13	0.00e+00
 4.65746e+17	1.00e+00	4.62e-13	0.00e+00
 4.66068e+17	1.00e+00	4.56e-13	0.00e+00
 4.66399e+17	1.00e+00	4.50e-13	0.00e+00
 4.66703e+17	1.00e+00	4.44e-13	0.00e+00
 4.66987e+17	1.00e+00	4.39e-13	0.00e+00
 4.67291e+17	1.00e+00	4.33e-13	0.00e+00
 4.67625e+17	1.00e+00	4.28e-13	0.00e+00
 4.67990e+17	1.00e+00	4.21e-13	0.00e+00
 4.68374e+17	1.00e+00	4.14e-13	0.00e+00
 4.68749e+17	1.00e+00	4.06e-13	0.00e+00
 4.69098e+17	1.00e+00	4.00e-13	0.00e+00
 4.69463e+17	1.00e+00	3.93e-13	0.00e+00
 4.69883e+17	1.00e+00	3.86e-13	0.00e+00
 4.70322e+17	1.00e+00	3.77e-13	0.00e+00
 4.70744e+17	1.00e+00	3.70e-13	0.00e+00
 4.71163e+17	1.00e+00	3.62e-13	0.00e+00
 4.71599e+17	1.00e+00	3.54e-13	0.00e+00
 4.72054e+17	1.00e+00	3.46e-13	0.00e+00
 4.72537e+17	1.00e+00	3.37e-13	0.00e+00
 4.73034e+17	1.00e+00	3.28e-13	0.00e+00
 4.73525e+17	1.00e+00	3.19e-13	0.00e+00
 4.74011e+17	1.00e+00	3.11e-13	0.00e+00
 4.74506e+17	1.00e+00	3.02e-13	0.00e+00
 4.75033e+17	1.00e+00	2.93e-13	0.00e+00
 4.75593e+17	1.00e+00	2.84e-13	0.00e+00
 4.76165e+17	1.00e+00	2.74e-13	0.00e+00
 4.76731e+17	1.00e+00	2.65e-13	0.00e+00
 4.77290e+17	1.00e+00	2.55e-13	0.00e+00
 4.77861e+17	1.00e+00	2.47e-13	0.00e+00
 4.78469e+17	1.00e+00	2.37e-13	0.00e+00
 4.79110e+17	1.00e+00	2.27e-13	0.00e+00
 4.79750e+17	1.00e+00	2.17e-13	0.00e+00
 4.80387e+17	1.00e+00	2.08e-13	0.00e+00
 4.81037e+17	1.00e+00	1.99e-13	0.00e+00
 4.81708e+17	1.00e+00	1.89e-13	0.00e+00
 4.82404e+17	1.00e+00	1.80e-13	0.00e+00
 4.83103e+17	1.00e+00	1.70e-13	0.00e+00
 4.83808e+17	1.00e+00	1.61e-13	0.00e+00
 4.84530e+17	1.00e+00	1.52e-13	0.00e+00
 4.85277e+17	1.00e+00	1.44e-13	0.00e+00
 4.86065e+17	1.00e+00	1.34e-13	0.00e+00
 4.86849e+17	1.00e+00	1.25e-13	0.00e+00
 4.87626e+17	1.00e+00	1.17e-13	0.00e+00
 4.88434e+17	1.00e+00	1.09e-13	0.00e+00
 4.89297e+17	1.00e+00	1.01e-13	0.00e+00
 4.90185e+17	1.00e+00	9.28e-14	0.00e+00
 4.90983e+17	1.00e+00	8.52e-14	0.00e+00
 4.91629e+17	1.00e+00	7.93e-14	0.00e+00
 4.92163e+17	1.00e+00	7.49e-14	0.00e+00
 4.92666e+17	1.00e+00	7.11e-14	0.00e+00
 4.93191e+17	1.00e+00	6.76e-14	0.00e+00
 4.93727e+17	1.00e+00	6.39e-14	0.00e+00
 4.94230e+17	1.00e+00	6.04e-14	0.00e+00
 4.94675e+17	1.00e+00	5.73e-14	0.00e+00
 4.95077e+17	1.00e+00	5.48e-14	0.00e+00
 4.95469e+17	1.00e+00	5.25e-14	0.00e+00
 4.95866e+17	1.00e+00	5.02e-14	0.00e+00
 4.96261e+17	1.00e+00	4.79e-14	0.00e+00
 4.96634e+17	1.00e+00	4.58e-14	0.00e+00
 4.96980e+17	1.00e+00	4.39e-14	0.00e+00
 4.97308e+17	1.00e+00	4.22e-14	0.00e+00
 4.97631e+17	1.00e+00	4.06e-14	0.00e+00
 4.97951e+17	1.00e+00	3.90e-14	0.00e+00
 4.98264e+17	1.00e+00	3.75e-14	0.00e+00
 4.98563e+17	1.00e+00	3.61e-14	0.00e+00
 4.98847e+17	1.00e+00	3.48e-14	0.00e+00
 4.99120e+17	1.00e+00	3.35e-14	0.00e+00
 4.99389e+17	1.00e+00	3.23e-14	0.00e+00
 4.99653e+17	1.00e+00	3.12e-14	0.00e+00
 4.99910e+17	1.00e+00	3.01e-14	0.00e+00
 5.00157e+17	1.00e+00	2.90e-14	0.00e+00
 5.00393e+17	1.00e+00	2.81e-14	0.00e+00
 5.00622e+17	1.00e+00	2.71e-14	0.00e+00
 5.00848e+17	1.00e+00	2.63e-14	0.00e+00
 5.01071e+17	1.00e+00	2.54e-14	0.00e+00
 5.01324e+17	1.00e+00	2.46e-14	0.00e+00
 5.01654e+17	1.00e+00	2.36e-14	0.00e+00
 5.02082e+17	1.00e+00	2.22e-14	0.00e+00
 5.02640e+17	1.00e+00	2.06e-14	0.00e+00
