#depth	N	N+	N+2	N+3	N+4	N+5	N+6	N+7
 1.49634e+10	0.00e+00	0.00e+00	1.08e-31	6.54e-22	6.82e-13	3.02e-03	6.81e-01	3.16e-01
 4.54887e+10	0.00e+00	8.05e-42	1.52e-31	8.54e-22	8.23e-13	3.37e-03	6.97e-01	2.99e-01
 7.72350e+10	0.00e+00	0.00e+00	2.15e-31	1.11e-21	9.93e-13	3.76e-03	7.13e-01	2.83e-01
 1.10251e+11	0.00e+00	1.88e-41	3.04e-31	1.45e-21	1.20e-12	4.19e-03	7.29e-01	2.67e-01
 1.42218e+11	0.00e+00	0.00e+00	4.18e-31	1.86e-21	1.42e-12	4.63e-03	7.42e-01	2.53e-01
 1.72273e+11	0.00e+00	3.97e-41	5.58e-31	2.32e-21	1.66e-12	5.06e-03	7.54e-01	2.40e-01
 2.05900e+11	0.00e+00	0.00e+00	7.63e-31	2.95e-21	1.97e-12	5.57e-03	7.67e-01	2.27e-01
 2.44063e+11	0.00e+00	8.87e-41	1.07e-30	3.83e-21	2.36e-12	6.18e-03	7.80e-01	2.14e-01
 2.82386e+11	0.00e+00	0.00e+00	1.49e-30	4.93e-21	2.81e-12	6.82e-03	7.92e-01	2.01e-01
 3.18794e+11	0.00e+00	1.92e-40	2.01e-30	6.20e-21	3.30e-12	7.47e-03	8.02e-01	1.90e-01
 3.53696e+11	0.00e+00	0.00e+00	2.65e-30	7.67e-21	3.82e-12	8.11e-03	8.12e-01	1.80e-01
 3.93443e+11	0.00e+00	3.95e-40	3.60e-30	9.68e-21	4.50e-12	8.88e-03	8.21e-01	1.70e-01
 4.39107e+11	0.00e+00	0.00e+00	5.04e-30	1.25e-20	5.37e-12	9.81e-03	8.31e-01	1.59e-01
 4.83529e+11	0.00e+00	8.82e-40	6.89e-30	1.59e-20	6.34e-12	1.07e-02	8.40e-01	1.49e-01
 5.25603e+11	0.00e+00	0.00e+00	9.18e-30	1.98e-20	7.38e-12	1.17e-02	8.48e-01	1.41e-01
 5.65148e+11	0.00e+00	1.74e-39	1.19e-29	2.42e-20	8.46e-12	1.26e-02	8.54e-01	1.33e-01
 6.07962e+11	0.00e+00	0.00e+00	1.57e-29	2.98e-20	9.76e-12	1.36e-02	8.61e-01	1.26e-01
 6.55806e+11	0.00e+00	3.51e-39	2.10e-29	3.73e-20	1.14e-11	1.48e-02	8.67e-01	1.18e-01
 7.01085e+11	0.00e+00	0.00e+00	2.75e-29	4.57e-20	1.31e-11	1.60e-02	8.73e-01	1.11e-01
 7.50841e+11	0.00e+00	6.99e-39	3.67e-29	5.69e-20	1.52e-11	1.73e-02	8.78e-01	1.05e-01
 8.06713e+11	0.00e+00	0.00e+00	5.00e-29	7.19e-20	1.79e-11	1.89e-02	8.83e-01	9.78e-02
 8.60123e+11	0.00e+00	1.46e-38	6.66e-29	8.94e-20	2.07e-11	2.05e-02	8.88e-01	9.18e-02
 9.18465e+11	0.00e+00	0.00e+00	9.00e-29	1.12e-19	2.42e-11	2.23e-02	8.92e-01	8.58e-02
 9.83760e+11	0.00e+00	3.19e-38	1.25e-28	1.44e-19	2.87e-11	2.44e-02	8.96e-01	7.96e-02
 1.04711e+12	0.00e+00	0.00e+00	1.69e-28	1.81e-19	3.35e-11	2.64e-02	8.99e-01	7.43e-02
 1.11437e+12	0.00e+00	6.84e-38	2.30e-28	2.29e-19	3.93e-11	2.88e-02	9.02e-01	6.91e-02
 1.18887e+12	0.00e+00	0.00e+00	3.21e-28	2.94e-19	4.66e-11	3.15e-02	9.05e-01	6.39e-02
 1.26464e+12	0.00e+00	1.55e-37	4.45e-28	3.76e-19	5.50e-11	3.43e-02	9.07e-01	5.92e-02
 1.33227e+12	0.00e+00	0.00e+00	5.88e-28	4.64e-19	6.34e-11	3.70e-02	9.08e-01	5.54e-02
 1.39007e+12	0.00e+00	2.93e-37	7.42e-28	5.52e-19	7.14e-11	3.93e-02	9.08e-01	5.23e-02
 1.45442e+12	0.00e+00	0.00e+00	9.56e-28	6.68e-19	8.11e-11	4.20e-02	9.09e-01	4.92e-02
 1.53557e+12	0.00e+00	5.90e-37	1.30e-27	8.43e-19	9.49e-11	4.55e-02	9.09e-01	4.56e-02
 1.61894e+12	0.00e+00	0.00e+00	1.77e-27	1.06e-18	1.11e-10	4.93e-02	9.08e-01	4.23e-02
 1.69088e+12	0.00e+00	1.19e-36	2.29e-27	1.29e-18	1.26e-10	5.26e-02	9.08e-01	3.97e-02
 1.76757e+12	1.22e-46	1.67e-36	2.99e-27	1.57e-18	1.44e-10	5.63e-02	9.07e-01	3.71e-02
 1.86210e+12	0.00e+00	0.00e+00	4.11e-27	2.00e-18	1.69e-10	6.11e-02	9.05e-01	3.42e-02
 1.95740e+12	0.00e+00	3.65e-36	5.61e-27	2.52e-18	1.98e-10	6.61e-02	9.02e-01	3.16e-02
 2.04131e+12	4.66e-46	5.11e-36	7.34e-27	3.08e-18	2.26e-10	7.06e-02	9.00e-01	2.95e-02
 2.13284e+12	0.00e+00	0.00e+00	9.76e-27	3.82e-18	2.61e-10	7.58e-02	8.97e-01	2.73e-02
 2.24323e+12	0.00e+00	1.10e-35	1.36e-26	4.89e-18	3.07e-10	8.23e-02	8.93e-01	2.51e-02
 2.35317e+12	1.90e-45	1.65e-35	1.87e-26	6.22e-18	3.60e-10	8.90e-02	8.88e-01	2.30e-02
 2.45040e+12	0.00e+00	0.00e+00	2.48e-26	7.65e-18	4.14e-10	9.52e-02	8.83e-01	2.13e-02
 2.55608e+12	0.00e+00	3.37e-35	3.32e-26	9.53e-18	4.78e-10	1.02e-01	8.78e-01	1.97e-02
 2.68310e+12	7.51e-45	5.17e-35	4.68e-26	1.23e-17	5.66e-10	1.11e-01	8.71e-01	1.79e-02
 2.81011e+12	0.00e+00	0.00e+00	6.53e-26	1.58e-17	6.67e-10	1.20e-01	8.64e-01	1.63e-02
 2.92576e+12	0.00e+00	1.13e-34	8.78e-26	1.97e-17	7.71e-10	1.29e-01	8.56e-01	1.50e-02
 3.05436e+12	3.12e-44	1.69e-34	1.21e-25	2.50e-17	9.02e-10	1.38e-01	8.48e-01	1.37e-02
 3.20455e+12	0.00e+00	2.66e-34	1.73e-25	3.27e-17	1.08e-09	1.50e-01	8.37e-01	1.23e-02
 3.35258e+12	9.03e-44	4.09e-34	2.45e-25	4.22e-17	1.27e-09	1.63e-01	8.26e-01	1.11e-02
 3.49233e+12	0.00e+00	6.05e-34	3.35e-25	5.33e-17	1.48e-09	1.75e-01	8.15e-01	1.01e-02
 3.61899e+12	2.19e-43	8.55e-34	4.41e-25	6.55e-17	1.70e-09	1.86e-01	8.05e-01	9.28e-03
 3.73256e+12	0.00e+00	1.15e-33	5.61e-25	7.83e-17	1.90e-09	1.96e-01	7.96e-01	8.61e-03
 3.86166e+12	4.71e-43	1.61e-33	7.32e-25	9.54e-17	2.17e-09	2.07e-01	7.85e-01	7.91e-03
 4.02829e+12	0.00e+00	2.44e-33	1.02e-24	1.22e-16	2.54e-09	2.23e-01	7.70e-01	7.11e-03
 4.20147e+12	1.28e-42	3.68e-33	1.42e-24	1.56e-16	2.98e-09	2.39e-01	7.55e-01	6.38e-03
 4.34202e+12	0.00e+00	5.09e-33	1.84e-24	1.89e-16	3.37e-09	2.52e-01	7.42e-01	5.85e-03
 4.48239e+12	2.75e-42	6.95e-33	2.36e-24	2.28e-16	3.80e-09	2.65e-01	7.29e-01	5.37e-03
 4.66486e+12	0.00e+00	1.03e-32	3.23e-24	2.87e-16	4.42e-09	2.83e-01	7.12e-01	4.82e-03
 4.85243e+12	7.01e-42	1.51e-32	4.39e-24	3.61e-16	5.11e-09	3.01e-01	6.95e-01	4.32e-03
 5.00708e+12	0.00e+00	2.05e-32	5.61e-24	4.33e-16	5.74e-09	3.15e-01	6.81e-01	3.95e-03
 5.16858e+12	1.47e-41	2.79e-32	7.18e-24	5.19e-16	6.45e-09	3.31e-01	6.66e-01	3.61e-03
 5.37852e+12	0.00e+00	4.10e-32	9.76e-24	6.52e-16	7.45e-09	3.50e-01	6.46e-01	3.22e-03
 5.59651e+12	3.71e-41	6.02e-32	1.32e-23	8.17e-16	8.60e-09	3.71e-01	6.26e-01	2.86e-03
 5.77970e+12	0.00e+00	8.19e-32	1.69e-23	9.80e-16	9.64e-09	3.87e-01	6.10e-01	2.60e-03
 5.97257e+12	7.86e-41	1.12e-31	2.17e-23	1.18e-15	1.08e-08	4.05e-01	5.93e-01	2.35e-03
 6.21817e+12	0.00e+00	1.64e-31	2.95e-23	1.47e-15	1.25e-08	4.26e-01	5.72e-01	2.07e-03
 6.47176e+12	1.96e-40	2.39e-31	3.98e-23	1.84e-15	1.43e-08	4.48e-01	5.50e-01	1.83e-03
 6.69104e+12	0.00e+00	3.26e-31	5.10e-23	2.21e-15	1.60e-08	4.66e-01	5.32e-01	1.64e-03
 6.92632e+12	4.23e-40	4.50e-31	6.59e-23	2.66e-15	1.80e-08	4.85e-01	5.13e-01	1.47e-03
 7.21545e+12	0.00e+00	6.57e-31	8.90e-23	3.32e-15	2.06e-08	5.08e-01	4.91e-01	1.29e-03
 7.51105e+12	1.04e-39	9.51e-31	1.19e-22	4.11e-15	2.35e-08	5.30e-01	4.68e-01	1.12e-03
 7.78007e+12	0.00e+00	1.31e-30	1.54e-22	4.96e-15	2.63e-08	5.50e-01	4.49e-01	9.99e-04
 8.03190e+12	2.19e-39	1.75e-30	1.94e-22	5.86e-15	2.91e-08	5.67e-01	4.32e-01	8.95e-04
 8.31310e+12	0.00e+00	2.39e-30	2.48e-22	7.02e-15	3.25e-08	5.86e-01	4.13e-01	7.94e-04
 8.61607e+12	4.72e-39	3.30e-30	3.20e-22	8.45e-15	3.63e-08	6.05e-01	3.94e-01	7.00e-04
 8.88533e+12	0.00e+00	4.35e-30	3.98e-22	9.91e-15	3.99e-08	6.21e-01	3.78e-01	6.27e-04
 9.12396e+12	8.77e-39	5.51e-30	4.80e-22	1.13e-14	4.33e-08	6.35e-01	3.64e-01	5.70e-04
 9.38476e+12	0.00e+00	7.07e-30	5.85e-22	1.31e-14	4.71e-08	6.50e-01	3.50e-01	5.14e-04
 9.72380e+12	1.74e-38	9.67e-30	7.50e-22	1.57e-14	5.25e-08	6.67e-01	3.32e-01	4.51e-04
 1.00707e+13	0.00e+00	1.32e-29	9.58e-22	1.87e-14	5.82e-08	6.85e-01	3.15e-01	3.95e-04
 1.03554e+13	3.40e-38	1.68e-29	1.16e-21	2.15e-14	6.32e-08	6.98e-01	3.02e-01	3.56e-04
 1.06531e+13	0.00e+00	2.15e-29	1.41e-21	2.48e-14	6.87e-08	7.11e-01	2.88e-01	3.19e-04
 1.10402e+13	6.67e-38	2.93e-29	1.80e-21	2.96e-14	7.61e-08	7.28e-01	2.72e-01	2.78e-04
 1.14486e+13	0.00e+00	4.01e-29	2.31e-21	3.55e-14	8.46e-08	7.44e-01	2.56e-01	2.41e-04
 1.18022e+13	1.34e-37	5.21e-29	2.85e-21	4.12e-14	9.22e-08	7.57e-01	2.43e-01	2.14e-04
 1.21794e+13	0.00e+00	6.82e-29	3.52e-21	4.81e-14	1.01e-07	7.70e-01	2.30e-01	1.88e-04
 1.26555e+13	2.76e-37	9.46e-29	4.56e-21	5.80e-14	1.12e-07	7.85e-01	2.15e-01	1.61e-04
 1.31473e+13	0.00e+00	1.31e-28	5.90e-21	6.99e-14	1.25e-07	7.99e-01	2.00e-01	1.38e-04
 1.35812e+13	5.68e-37	1.72e-28	7.33e-21	8.18e-14	1.37e-07	8.11e-01	1.89e-01	1.20e-04
 1.40527e+13	0.00e+00	2.29e-28	9.20e-21	9.64e-14	1.50e-07	8.23e-01	1.77e-01	1.04e-04
 1.46205e+13	1.19e-36	3.18e-28	1.20e-20	1.17e-13	1.68e-07	8.36e-01	1.64e-01	8.78e-05
 1.51994e+13	0.00e+00	4.38e-28	1.55e-20	1.41e-13	1.86e-07	8.48e-01	1.52e-01	7.42e-05
 1.57135e+13	2.44e-36	5.76e-28	1.92e-20	1.65e-13	2.04e-07	8.58e-01	1.42e-01	6.41e-05
 1.62578e+13	0.00e+00	7.61e-28	2.40e-20	1.94e-13	2.24e-07	8.68e-01	1.32e-01	5.52e-05
 1.68728e+13	4.89e-36	1.03e-27	3.06e-20	2.32e-13	2.48e-07	8.78e-01	1.22e-01	4.67e-05
 1.74595e+13	0.00e+00	1.35e-27	3.81e-20	2.73e-13	2.72e-07	8.86e-01	1.14e-01	4.00e-05
 1.79468e+13	8.82e-36	1.68e-27	4.55e-20	3.11e-13	2.93e-07	8.93e-01	1.07e-01	3.53e-05
 1.83533e+13	0.00e+00	2.01e-27	5.25e-20	3.46e-13	3.11e-07	8.98e-01	1.02e-01	3.19e-05
 1.88100e+13	1.37e-35	2.44e-27	6.14e-20	3.88e-13	3.32e-07	9.03e-01	9.68e-02	2.85e-05
 1.94037e+13	0.00e+00	3.11e-27	7.48e-20	4.49e-13	3.61e-07	9.10e-01	9.04e-02	2.47e-05
 2.00295e+13	2.46e-35	3.98e-27	9.13e-20	5.22e-13	3.93e-07	9.16e-01	8.42e-02	2.13e-05
 2.05659e+13	0.00e+00	4.87e-27	1.08e-19	5.90e-13	4.21e-07	9.21e-01	7.94e-02	1.88e-05
 2.11321e+13	4.01e-35	6.00e-27	1.27e-19	6.69e-13	4.52e-07	9.25e-01	7.47e-02	1.66e-05
 2.18681e+13	0.00e+00	7.77e-27	1.57e-19	7.83e-13	4.95e-07	9.31e-01	6.92e-02	1.41e-05
 2.26297e+13	7.38e-35	1.00e-26	1.94e-19	9.17e-13	5.42e-07	9.36e-01	6.40e-02	1.20e-05
 2.32655e+13	0.00e+00	1.23e-26	2.30e-19	1.04e-12	5.82e-07	9.40e-01	6.01e-02	1.06e-05
 2.39330e+13	1.21e-34	1.52e-26	2.73e-19	1.18e-12	6.25e-07	9.44e-01	5.64e-02	9.28e-06
 2.48007e+13	0.00e+00	1.98e-26	3.38e-19	1.38e-12	6.84e-07	9.48e-01	5.21e-02	7.87e-06
 2.57231e+13	2.28e-34	2.59e-26	4.20e-19	1.63e-12	7.50e-07	9.52e-01	4.79e-02	6.64e-06
 2.65343e+13	3.00e-34	3.26e-26	5.05e-19	1.87e-12	8.09e-07	9.55e-01	4.47e-02	5.76e-06
 2.74061e+13	3.99e-34	4.13e-26	6.12e-19	2.15e-12	8.75e-07	9.58e-01	4.16e-02	4.98e-06
 2.84719e+13	5.57e-34	5.46e-26	7.66e-19	2.53e-12	9.60e-07	9.62e-01	3.83e-02	4.19e-06
 2.95437e+13	7.71e-34	7.16e-26	9.52e-19	2.97e-12	1.05e-06	9.65e-01	3.53e-02	3.55e-06
 3.04248e+13	1.00e-33	8.89e-26	1.13e-18	3.36e-12	1.12e-06	9.67e-01	3.31e-02	3.12e-06
 3.13041e+13	1.29e-33	1.10e-25	1.34e-18	3.79e-12	1.20e-06	9.69e-01	3.12e-02	2.76e-06
 3.24471e+13	1.78e-33	1.43e-25	1.65e-18	4.40e-12	1.30e-06	9.71e-01	2.88e-02	2.36e-06
 3.36421e+13	2.46e-33	1.87e-25	2.04e-18	5.13e-12	1.41e-06	9.73e-01	2.67e-02	2.01e-06
 3.46630e+13	3.23e-33	2.33e-25	2.43e-18	5.80e-12	1.51e-06	9.75e-01	2.50e-02	1.77e-06
 3.56011e+13	4.11e-33	2.85e-25	2.84e-18	6.48e-12	1.60e-06	9.76e-01	2.37e-02	1.58e-06
 3.66732e+13	5.39e-33	3.56e-25	3.37e-18	7.32e-12	1.71e-06	9.78e-01	2.22e-02	1.39e-06
 3.80398e+13	7.53e-33	4.68e-25	4.18e-18	8.51e-12	1.86e-06	9.79e-01	2.06e-02	1.19e-06
 3.94384e+13	1.05e-32	6.15e-25	5.17e-18	9.86e-12	2.01e-06	9.81e-01	1.91e-02	1.03e-06
 4.06432e+13	1.39e-32	7.71e-25	6.16e-18	1.12e-11	2.14e-06	9.82e-01	1.80e-02	9.04e-07
 4.19465e+13	1.86e-32	9.79e-25	7.41e-18	1.27e-11	2.29e-06	9.83e-01	1.68e-02	0.00e+00
 4.35517e+13	2.65e-32	1.30e-24	9.24e-18	1.48e-11	2.48e-06	9.84e-01	1.56e-02	0.00e+00
 4.51951e+13	3.73e-32	1.72e-24	1.15e-17	1.72e-11	2.69e-06	9.86e-01	1.44e-02	0.00e+00
 4.66731e+13	5.05e-32	2.20e-24	1.39e-17	1.95e-11	2.88e-06	9.86e-01	1.35e-02	0.00e+00
 4.82903e+13	6.97e-32	2.86e-24	1.69e-17	2.24e-11	3.09e-06	9.87e-01	1.26e-02	0.00e+00
 5.02034e+13	1.01e-31	3.86e-24	2.13e-17	2.62e-11	3.35e-06	9.88e-01	1.16e-02	0.00e+00
 5.21026e+13	1.42e-31	5.11e-24	2.65e-17	3.05e-11	3.62e-06	9.89e-01	1.08e-02	0.00e+00
 5.37963e+13	1.93e-31	6.54e-24	3.20e-17	3.47e-11	3.87e-06	9.90e-01	1.01e-02	0.00e+00
 5.56217e+13	2.66e-31	8.46e-24	3.89e-17	3.96e-11	4.15e-06	9.91e-01	9.44e-03	0.00e+00
 5.76635e+13	3.75e-31	1.12e-23	4.81e-17	4.58e-11	4.47e-06	9.91e-01	8.77e-03	0.00e+00
 5.95897e+13	5.08e-31	1.43e-23	5.83e-17	5.23e-11	4.79e-06	9.92e-01	8.19e-03	0.00e+00
 6.16968e+13	7.10e-31	1.87e-23	7.16e-17	6.01e-11	5.15e-06	9.92e-01	7.64e-03	0.00e+00
 6.39132e+13	9.93e-31	2.46e-23	8.81e-17	6.93e-11	5.54e-06	9.93e-01	7.11e-03	0.00e+00
 6.57026e+13	1.29e-30	3.04e-23	1.04e-16	7.75e-11	5.87e-06	9.93e-01	6.71e-03	0.00e+00
 6.72179e+13	1.60e-30	3.62e-23	1.19e-16	8.49e-11	6.15e-06	9.94e-01	6.41e-03	0.00e+00
 6.89460e+13	2.04e-30	4.40e-23	1.38e-16	9.40e-11	6.49e-06	9.94e-01	6.09e-03	0.00e+00
 7.11926e+13	2.74e-30	5.61e-23	1.66e-16	1.07e-10	6.94e-06	9.94e-01	5.69e-03	0.00e+00
 7.35587e+13	3.73e-30	7.20e-23	2.01e-16	1.22e-10	7.43e-06	9.95e-01	5.32e-03	0.00e+00
 7.55956e+13	4.83e-30	8.88e-23	2.37e-16	1.36e-10	7.87e-06	9.95e-01	5.03e-03	0.00e+00
 7.77589e+13	6.32e-30	1.10e-22	2.80e-16	1.53e-10	8.34e-06	9.95e-01	4.75e-03	0.00e+00
 8.05713e+13	8.76e-30	1.44e-22	3.44e-16	1.76e-10	9.00e-06	9.96e-01	4.40e-03	0.00e+00
 8.34616e+13	1.22e-29	1.88e-22	4.23e-16	2.03e-10	9.69e-06	9.96e-01	4.09e-03	0.00e+00
 8.58609e+13	1.59e-29	2.34e-22	5.00e-16	2.28e-10	1.03e-05	9.96e-01	3.86e-03	0.00e+00
 8.83875e+13	2.09e-29	2.92e-22	5.93e-16	2.56e-10	1.09e-05	9.96e-01	3.63e-03	0.00e+00
 9.16269e+13	2.90e-29	3.83e-22	7.32e-16	2.96e-10	1.18e-05	9.97e-01	3.37e-03	0.00e+00
 9.50181e+13	4.06e-29	5.03e-22	9.06e-16	3.43e-10	1.27e-05	9.97e-01	3.10e-03	0.00e+00
 9.79717e+13	5.40e-29	6.35e-22	1.09e-15	3.89e-10	1.36e-05	9.97e-01	2.91e-03	0.00e+00
 1.01131e+14	7.29e-29	8.10e-22	1.31e-15	4.42e-10	1.45e-05	9.97e-01	2.73e-03	0.00e+00
 1.04990e+14	1.02e-28	1.07e-21	1.63e-15	5.14e-10	1.57e-05	9.97e-01	2.52e-03	0.00e+00
 1.08841e+14	1.44e-28	1.41e-21	2.01e-15	5.95e-10	1.70e-05	9.98e-01	2.34e-03	0.00e+00
 1.12239e+14	1.90e-28	1.78e-21	2.41e-15	6.73e-10	1.81e-05	9.98e-01	2.19e-03	0.00e+00
 1.15968e+14	2.57e-28	2.27e-21	2.92e-15	7.69e-10	1.94e-05	9.98e-01	2.04e-03	0.00e+00
 1.20453e+14	3.65e-28	3.02e-21	3.65e-15	8.96e-10	2.10e-05	9.98e-01	1.89e-03	0.00e+00
 1.24939e+14	5.05e-28	3.96e-21	4.51e-15	1.04e-09	2.28e-05	9.98e-01	1.75e-03	0.00e+00
 1.28996e+14	6.79e-28	5.04e-21	5.45e-15	1.18e-09	2.43e-05	9.98e-01	1.63e-03	0.00e+00
 1.33475e+14	9.32e-28	6.52e-21	6.66e-15	1.36e-09	2.62e-05	9.98e-01	1.52e-03	0.00e+00
 1.38741e+14	1.34e-27	8.77e-21	8.36e-15	1.58e-09	2.84e-05	9.99e-01	1.40e-03	0.00e+00
 1.43994e+14	1.87e-27	1.15e-20	1.04e-14	1.84e-09	3.07e-05	9.99e-01	1.30e-03	0.00e+00
 1.48511e+14	2.49e-27	1.46e-20	1.25e-14	2.08e-09	3.27e-05	9.99e-01	1.22e-03	0.00e+00
 1.52178e+14	3.11e-27	1.75e-20	1.44e-14	2.30e-09	3.44e-05	9.99e-01	1.16e-03	0.00e+00
 1.56015e+14	3.92e-27	2.11e-20	1.67e-14	2.54e-09	3.63e-05	9.99e-01	1.10e-03	0.00e+00
 1.61002e+14	5.31e-27	2.70e-20	2.01e-14	2.88e-09	3.87e-05	9.99e-01	1.03e-03	0.00e+00
 1.66234e+14	7.06e-27	3.42e-20	2.42e-14	3.28e-09	4.14e-05	9.99e-01	9.62e-04	0.00e+00
 1.70672e+14	9.05e-27	4.18e-20	2.83e-14	3.64e-09	4.37e-05	9.99e-01	9.12e-04	0.00e+00
 1.75330e+14	1.17e-26	5.16e-20	3.32e-14	4.06e-09	4.62e-05	9.99e-01	8.63e-04	0.00e+00
 1.81386e+14	1.62e-26	6.69e-20	4.06e-14	4.65e-09	4.95e-05	9.99e-01	8.05e-04	0.00e+00
 1.87681e+14	2.19e-26	8.62e-20	4.97e-14	5.34e-09	5.32e-05	9.99e-01	7.50e-04	0.00e+00
 1.92969e+14	2.86e-26	1.07e-19	5.86e-14	5.96e-09	5.62e-05	9.99e-01	7.09e-04	0.00e+00
 1.98527e+14	3.74e-26	1.33e-19	6.94e-14	6.68e-09	5.96e-05	9.99e-01	6.69e-04	0.00e+00
 2.05718e+14	5.30e-26	1.76e-19	8.57e-14	7.70e-09	6.40e-05	9.99e-01	6.23e-04	0.00e+00
 2.13304e+14	7.36e-26	2.31e-19	1.06e-13	8.90e-09	6.89e-05	9.99e-01	5.79e-04	0.00e+00
 2.19921e+14	9.87e-26	2.93e-19	1.28e-13	1.01e-08	7.32e-05	9.99e-01	5.44e-04	0.00e+00
 2.27003e+14	1.35e-25	3.76e-19	1.54e-13	1.14e-08	7.80e-05	9.99e-01	5.11e-04	0.00e+00
 2.35641e+14	1.93e-25	5.02e-19	1.93e-13	1.32e-08	8.41e-05	9.99e-01	4.74e-04	0.00e+00
 2.44407e+14	2.73e-25	6.67e-19	2.39e-13	1.53e-08	9.04e-05	9.99e-01	4.41e-04	0.00e+00
 2.52347e+14	3.70e-25	8.54e-19	2.90e-13	1.74e-08	9.64e-05	9.99e-01	4.13e-04	0.00e+00
 2.61106e+14	5.08e-25	1.11e-18	3.56e-13	1.99e-08	1.03e-04	1.00e+00	3.86e-04	0.00e+00
 2.71393e+14	7.40e-25	1.50e-18	4.49e-13	2.32e-08	1.11e-04	1.00e+00	3.58e-04	0.00e+00
 2.81575e+14	1.07e-24	2.01e-18	5.60e-13	2.69e-08	1.20e-04	1.00e+00	3.33e-04	0.00e+00
 2.91139e+14	1.47e-24	2.61e-18	6.84e-13	3.07e-08	1.28e-04	1.00e+00	3.11e-04	0.00e+00
 3.01788e+14	2.07e-24	3.45e-18	8.48e-13	3.54e-08	1.37e-04	1.00e+00	2.90e-04	0.00e+00
 3.13889e+14	3.02e-24	4.69e-18	1.07e-12	4.14e-08	1.48e-04	1.00e+00	2.68e-04	0.00e+00
 3.24088e+14	4.09e-24	6.00e-18	1.30e-12	4.71e-08	1.58e-04	1.00e+00	2.52e-04	0.00e+00
 3.31484e+14	5.00e-24	7.10e-18	1.49e-12	5.15e-08	1.65e-04	1.00e+00	2.41e-04	0.00e+00
 3.39227e+14	6.33e-24	8.56e-18	1.71e-12	5.64e-08	1.73e-04	1.00e+00	2.30e-04	0.00e+00
 3.49292e+14	8.24e-24	1.07e-17	2.04e-12	6.34e-08	1.83e-04	1.00e+00	2.17e-04	0.00e+00
 3.60407e+14	1.12e-23	1.36e-17	2.46e-12	7.18e-08	1.95e-04	1.00e+00	2.04e-04	0.00e+00
 3.70749e+14	1.48e-23	1.71e-17	2.92e-12	8.04e-08	2.06e-04	1.00e+00	1.93e-04	0.00e+00
 3.82060e+14	1.96e-23	2.15e-17	3.50e-12	9.06e-08	2.18e-04	1.00e+00	1.82e-04	0.00e+00
 3.94714e+14	2.62e-23	2.74e-17	4.25e-12	1.03e-07	2.33e-04	1.00e+00	1.70e-04	0.00e+00
 4.06638e+14	3.50e-23	3.46e-17	5.08e-12	1.16e-07	2.47e-04	1.00e+00	1.61e-04	0.00e+00
 4.19663e+14	4.76e-23	4.43e-17	6.14e-12	1.32e-07	2.63e-04	1.00e+00	1.51e-04	0.00e+00
 4.34310e+14	6.56e-23	5.77e-17	7.54e-12	1.51e-07	2.82e-04	1.00e+00	1.41e-04	0.00e+00
 4.48290e+14	8.67e-23	7.29e-17	9.11e-12	1.71e-07	3.00e-04	1.00e+00	1.32e-04	0.00e+00
 4.63688e+14	1.21e-22	9.52e-17	1.12e-11	1.96e-07	3.21e-04	1.00e+00	1.24e-04	0.00e+00
 4.80684e+14	1.65e-22	1.24e-16	1.38e-11	2.26e-07	3.45e-04	1.00e+00	1.15e-04	0.00e+00
 4.96260e+14	2.26e-22	1.59e-16	1.67e-11	2.57e-07	3.67e-04	1.00e+00	1.08e-04	0.00e+00
 5.13009e+14	3.02e-22	2.03e-16	2.04e-11	2.93e-07	3.93e-04	1.00e+00	1.01e-04	0.00e+00
 5.31798e+14	4.25e-22	2.68e-16	2.53e-11	3.39e-07	4.22e-04	9.99e-01	9.39e-05	0.00e+00
 5.49505e+14	5.65e-22	3.41e-16	3.07e-11	3.86e-07	4.51e-04	9.99e-01	8.78e-05	0.00e+00
 5.68790e+14	7.68e-22	4.40e-16	3.78e-11	4.43e-07	4.84e-04	9.99e-01	8.19e-05	0.00e+00
 5.90226e+14	1.07e-21	5.81e-16	4.71e-11	5.14e-07	5.21e-04	9.99e-01	7.60e-05	0.00e+00
 6.10117e+14	1.46e-21	7.48e-16	5.73e-11	5.87e-07	5.58e-04	9.99e-01	7.10e-05	0.00e+00
 6.31635e+14	1.98e-21	9.64e-16	7.04e-11	6.75e-07	5.99e-04	9.99e-01	6.61e-05	0.00e+00
 6.55547e+14	2.77e-21	1.27e-15	8.78e-11	7.83e-07	6.46e-04	9.99e-01	6.13e-05	0.00e+00
 6.77994e+14	3.71e-21	1.63e-15	1.07e-10	8.97e-07	6.92e-04	9.99e-01	5.71e-05	0.00e+00
 7.02479e+14	5.10e-21	2.12e-15	1.32e-10	1.03e-06	7.44e-04	9.99e-01	5.31e-05	0.00e+00
 7.28401e+14	6.98e-21	2.76e-15	1.64e-10	1.20e-06	8.03e-04	9.99e-01	4.92e-05	0.00e+00
 7.50387e+14	9.06e-21	3.43e-15	1.96e-10	1.35e-06	8.53e-04	9.99e-01	4.63e-05	0.00e+00
 7.73046e+14	1.18e-20	4.27e-15	2.33e-10	1.52e-06	9.07e-04	9.99e-01	4.35e-05	0.00e+00
 7.96986e+14	1.52e-20	5.31e-15	2.80e-10	1.72e-06	9.67e-04	9.99e-01	4.08e-05	0.00e+00
 8.17497e+14	1.91e-20	6.41e-15	3.25e-10	1.90e-06	1.02e-03	9.99e-01	3.87e-05	0.00e+00
 8.39064e+14	2.38e-20	7.73e-15	3.79e-10	2.11e-06	1.08e-03	9.99e-01	3.67e-05	0.00e+00
 8.67102e+14	3.18e-20	9.84e-15	4.60e-10	2.41e-06	1.15e-03	9.99e-01	3.42e-05	0.00e+00
 8.95850e+14	4.22e-20	1.25e-14	5.58e-10	2.75e-06	1.23e-03	9.99e-01	3.19e-05	0.00e+00
 9.19328e+14	5.28e-20	1.51e-14	6.50e-10	3.05e-06	1.30e-03	9.99e-01	3.03e-05	0.00e+00
 9.43657e+14	6.60e-20	1.82e-14	7.58e-10	3.39e-06	1.37e-03	9.99e-01	2.87e-05	0.00e+00
 9.75284e+14	8.80e-20	2.31e-14	9.21e-10	3.87e-06	1.47e-03	9.98e-01	2.67e-05	0.00e+00
 1.00851e+15	1.17e-19	2.95e-14	1.12e-09	4.43e-06	1.58e-03	9.98e-01	2.49e-05	0.00e+00
 1.03705e+15	1.49e-19	3.61e-14	1.32e-09	4.95e-06	1.68e-03	9.98e-01	2.35e-05	0.00e+00
 1.06738e+15	1.90e-19	4.43e-14	1.57e-09	5.56e-06	1.78e-03	9.98e-01	2.21e-05	0.00e+00
 1.10623e+15	2.60e-19	5.75e-14	1.93e-09	6.42e-06	1.92e-03	9.98e-01	2.05e-05	0.00e+00
 1.14646e+15	3.52e-19	7.43e-14	2.39e-09	7.41e-06	2.07e-03	9.98e-01	1.90e-05	0.00e+00
 1.18144e+15	4.58e-19	9.26e-14	2.85e-09	8.36e-06	2.20e-03	9.98e-01	1.78e-05	0.00e+00
 1.21929e+15	5.97e-19	1.16e-13	3.43e-09	9.49e-06	2.35e-03	9.98e-01	1.67e-05	0.00e+00
 1.26551e+15	8.27e-19	1.52e-13	4.27e-09	1.10e-05	2.55e-03	9.97e-01	1.54e-05	0.00e+00
 1.31211e+15	1.11e-18	1.97e-13	5.28e-09	1.27e-05	2.75e-03	9.97e-01	1.42e-05	0.00e+00
 1.35377e+15	1.47e-18	2.48e-13	6.34e-09	1.45e-05	2.94e-03	9.97e-01	1.33e-05	0.00e+00
 1.39953e+15	1.96e-18	3.15e-13	7.71e-09	1.65e-05	3.15e-03	9.97e-01	1.24e-05	0.00e+00
 1.45392e+15	2.71e-18	4.14e-13	9.64e-09	1.93e-05	3.42e-03	9.97e-01	1.14e-05	0.00e+00
 1.50787e+15	3.71e-18	5.39e-13	1.19e-08	2.23e-05	3.70e-03	9.96e-01	1.05e-05	0.00e+00
 1.55006e+15	4.64e-18	6.54e-13	1.40e-08	2.49e-05	3.92e-03	9.96e-01	9.93e-06	0.00e+00
 1.58205e+15	5.59e-18	7.62e-13	1.58e-08	2.71e-05	4.10e-03	9.96e-01	9.50e-06	0.00e+00
 1.61709e+15	6.66e-18	8.86e-13	1.80e-08	2.95e-05	4.29e-03	9.96e-01	9.06e-06	0.00e+00
 1.66263e+15	8.53e-18	1.09e-12	2.12e-08	3.30e-05	4.56e-03	9.95e-01	8.52e-06	0.00e+00
 1.71216e+15	1.08e-17	1.34e-12	2.51e-08	3.72e-05	4.86e-03	9.95e-01	7.98e-06	0.00e+00
 1.75669e+15	1.36e-17	1.61e-12	2.92e-08	4.12e-05	5.14e-03	9.95e-01	7.55e-06	0.00e+00
 1.80440e+15	1.67e-17	1.94e-12	3.42e-08	4.59e-05	5.44e-03	9.95e-01	7.12e-06	0.00e+00
 1.86642e+15	2.26e-17	2.49e-12	4.16e-08	5.27e-05	5.87e-03	9.94e-01	6.60e-06	0.00e+00
 1.92888e+15	2.97e-17	3.14e-12	5.05e-08	6.01e-05	6.31e-03	9.94e-01	6.13e-06	0.00e+00
 1.97851e+15	3.69e-17	3.76e-12	5.85e-08	6.66e-05	6.67e-03	9.93e-01	5.79e-06	0.00e+00
 2.02961e+15	4.54e-17	4.49e-12	6.79e-08	7.38e-05	7.05e-03	9.93e-01	5.47e-06	0.00e+00
 2.09603e+15	5.96e-17	5.66e-12	8.20e-08	8.40e-05	7.58e-03	9.92e-01	5.09e-06	0.00e+00
 2.16679e+15	7.78e-17	7.12e-12	9.95e-08	9.61e-05	8.15e-03	9.92e-01	4.72e-06	0.00e+00
 2.22894e+15	9.71e-17	8.64e-12	1.17e-07	1.08e-04	8.67e-03	9.91e-01	4.43e-06	0.00e+00
 2.29547e+15	1.25e-16	1.07e-11	1.39e-07	1.21e-04	9.28e-03	9.91e-01	4.13e-06	0.00e+00
 2.37975e+15	1.87e-16	1.37e-11	1.72e-07	1.40e-04	1.01e-02	9.90e-01	3.80e-06	0.00e+00
 2.46655e+15	2.56e-16	1.78e-11	2.12e-07	1.62e-04	1.09e-02	9.89e-01	3.58e-06	0.00e+00
 2.54193e+15	3.19e-16	2.17e-11	2.53e-07	1.83e-04	1.17e-02	9.88e-01	3.39e-06	0.00e+00
 2.62301e+15	4.27e-16	2.74e-11	3.04e-07	2.07e-04	1.25e-02	9.87e-01	3.21e-06	0.00e+00
 2.72222e+15	5.71e-16	3.53e-11	3.77e-07	2.41e-04	1.36e-02	9.86e-01	3.00e-06	0.00e+00
 2.82223e+15	7.78e-16	4.57e-11	4.66e-07	2.78e-04	1.48e-02	9.85e-01	2.83e-06	0.00e+00
 2.91094e+15	1.01e-15	5.69e-11	5.59e-07	3.15e-04	1.59e-02	9.84e-01	2.69e-06	0.00e+00
 3.00776e+15	1.32e-15	7.17e-11	6.78e-07	3.59e-04	1.71e-02	9.83e-01	2.55e-06	0.00e+00
 3.10306e+15	1.69e-15	8.89e-11	8.15e-07	4.07e-04	1.84e-02	9.81e-01	2.43e-06	0.00e+00
 3.17467e+15	2.05e-15	1.05e-10	9.33e-07	4.46e-04	1.93e-02	9.80e-01	2.34e-06	0.00e+00
 3.24606e+15	2.47e-15	1.23e-10	1.06e-06	4.87e-04	2.03e-02	9.79e-01	2.27e-06	0.00e+00
 3.33887e+15	3.13e-15	1.50e-10	1.26e-06	5.46e-04	2.17e-02	9.78e-01	2.18e-06	0.00e+00
 3.43762e+15	3.89e-15	1.82e-10	1.50e-06	6.13e-04	2.31e-02	9.76e-01	2.09e-06	0.00e+00
 3.52400e+15	4.97e-15	2.22e-10	1.73e-06	6.77e-04	2.45e-02	9.75e-01	2.03e-06	0.00e+00
 3.61617e+15	5.99e-15	2.63e-10	2.02e-06	7.51e-04	2.60e-02	9.73e-01	1.97e-06	0.00e+00
 3.73600e+15	8.14e-15	3.38e-10	2.46e-06	8.56e-04	2.80e-02	9.71e-01	1.90e-06	0.00e+00
 3.85705e+15	1.06e-14	4.25e-10	2.98e-06	9.73e-04	3.01e-02	9.69e-01	1.84e-06	0.00e+00
 3.95414e+15	1.31e-14	5.09e-10	3.46e-06	1.07e-03	3.18e-02	9.67e-01	1.79e-06	0.00e+00
 4.05479e+15	1.57e-14	6.02e-10	4.02e-06	1.19e-03	3.37e-02	9.65e-01	1.75e-06	0.00e+00
 4.18564e+15	2.13e-14	7.71e-10	4.88e-06	1.35e-03	3.62e-02	9.62e-01	1.71e-06	0.00e+00
 4.32414e+15	2.81e-14	9.78e-10	5.94e-06	1.54e-03	3.90e-02	9.59e-01	1.66e-06	0.00e+00
 4.44509e+15	3.51e-14	1.19e-09	7.01e-06	1.72e-03	4.14e-02	9.57e-01	1.63e-06	0.00e+00
 4.57481e+15	4.55e-14	1.48e-09	8.36e-06	1.93e-03	4.42e-02	9.54e-01	1.61e-06	0.00e+00
 4.74110e+15	6.20e-14	1.93e-09	1.04e-05	2.22e-03	4.79e-02	9.50e-01	1.58e-06	0.00e+00
 4.91410e+15	8.44e-14	2.52e-09	1.29e-05	2.57e-03	5.18e-02	9.46e-01	1.56e-06	0.00e+00
 5.06410e+15	1.06e-13	3.10e-09	1.55e-05	2.89e-03	5.53e-02	9.42e-01	1.54e-06	0.00e+00
 5.22508e+15	1.45e-13	4.00e-09	1.89e-05	3.28e-03	5.93e-02	9.37e-01	1.53e-06	0.00e+00
 5.42241e+15	2.01e-13	5.29e-09	2.37e-05	3.81e-03	6.44e-02	9.32e-01	1.52e-06	0.00e+00
 5.62244e+15	2.76e-13	6.95e-09	2.96e-05	4.40e-03	6.97e-02	9.26e-01	1.52e-06	0.00e+00
 5.77526e+15	3.51e-13	8.53e-09	3.49e-05	4.90e-03	7.38e-02	9.21e-01	1.52e-06	0.00e+00
 5.88751e+15	4.17e-13	9.88e-09	3.93e-05	5.29e-03	7.70e-02	9.18e-01	1.52e-06	0.00e+00
 6.00971e+15	5.00e-13	1.15e-08	4.47e-05	5.74e-03	8.05e-02	9.14e-01	1.53e-06	0.00e+00
 6.16858e+15	6.13e-13	1.39e-08	5.25e-05	6.37e-03	8.50e-02	9.09e-01	1.52e-06	0.00e+00
 6.34446e+15	8.18e-13	1.75e-08	6.26e-05	7.14e-03	9.04e-02	9.02e-01	1.53e-06	0.00e+00
 6.50465e+15	1.01e-12	2.11e-08	7.31e-05	7.88e-03	9.53e-02	8.97e-01	1.54e-06	0.00e+00
 6.67507e+15	1.25e-12	2.55e-08	8.58e-05	8.74e-03	1.01e-01	8.91e-01	1.54e-06	0.00e+00
 6.89661e+15	1.74e-12	3.35e-08	1.05e-04	9.97e-03	1.08e-01	8.82e-01	1.56e-06	0.00e+00
 7.11749e+15	2.25e-12	4.19e-08	1.28e-04	1.13e-02	1.15e-01	8.74e-01	1.56e-06	1.66e-12
 7.28972e+15	2.80e-12	5.06e-08	1.49e-04	1.24e-02	1.21e-01	8.67e-01	1.57e-06	0.00e+00
 7.46581e+15	3.62e-12	6.22e-08	1.73e-04	1.37e-02	1.27e-01	8.59e-01	1.59e-06	0.00e+00
 7.69474e+15	4.63e-12	7.74e-08	2.09e-04	1.54e-02	1.35e-01	8.49e-01	1.60e-06	1.87e-12
 7.93951e+15	6.41e-12	1.01e-07	2.55e-04	1.75e-02	1.44e-01	8.38e-01	1.62e-06	0.00e+00
 8.15239e+15	8.29e-12	1.25e-07	3.02e-04	1.94e-02	1.52e-01	8.28e-01	1.64e-06	2.07e-12
 8.37666e+15	1.06e-11	1.54e-07	3.58e-04	2.17e-02	1.60e-01	8.17e-01	1.64e-06	0.00e+00
 8.66821e+15	1.49e-11	2.05e-07	4.46e-04	2.49e-02	1.72e-01	8.03e-01	1.67e-06	0.00e+00
 8.95889e+15	1.94e-11	2.60e-07	5.46e-04	2.82e-02	1.83e-01	7.89e-01	1.66e-06	2.32e-12
 9.19495e+15	2.48e-11	3.20e-07	6.45e-04	3.13e-02	1.92e-01	7.76e-01	1.67e-06	0.00e+00
 9.44835e+15	3.22e-11	3.98e-07	7.68e-04	3.49e-02	2.02e-01	7.62e-01	1.68e-06	0.00e+00
 9.77776e+15	4.75e-11	5.44e-07	9.62e-04	4.01e-02	2.16e-01	7.43e-01	1.70e-06	0.00e+00
 1.01028e+16	6.35e-11	6.98e-07	1.18e-03	4.55e-02	2.29e-01	7.24e-01	1.69e-06	2.69e-12
 1.03548e+16	8.15e-11	8.60e-07	1.39e-03	5.02e-02	2.40e-01	7.09e-01	1.71e-06	0.00e+00
 1.05761e+16	1.00e-10	1.02e-06	1.59e-03	5.46e-02	2.49e-01	6.95e-01	1.71e-06	0.00e+00
 1.08251e+16	1.25e-10	1.24e-06	1.85e-03	5.98e-02	2.59e-01	6.80e-01	1.70e-06	0.00e+00
 1.10920e+16	1.55e-10	1.49e-06	2.16e-03	6.56e-02	2.69e-01	6.63e-01	1.69e-06	0.00e+00
 1.13421e+16	2.02e-10	1.84e-06	2.51e-03	7.18e-02	2.80e-01	6.46e-01	1.70e-06	0.00e+00
 1.15811e+16	2.46e-10	2.17e-06	2.87e-03	7.79e-02	2.89e-01	6.31e-01	1.68e-06	0.00e+00
 1.18458e+16	3.01e-10	2.59e-06	3.33e-03	8.50e-02	2.99e-01	6.13e-01	1.67e-06	0.00e+00
 1.21399e+16	4.03e-10	3.27e-06	3.94e-03	9.38e-02	3.11e-01	5.92e-01	1.66e-06	0.00e+00
 1.24047e+16	4.95e-10	3.89e-06	4.53e-03	1.02e-01	3.20e-01	5.74e-01	1.64e-06	0.00e+00
 1.26812e+16	6.07e-10	4.65e-06	5.26e-03	1.11e-01	3.30e-01	5.54e-01	1.62e-06	0.00e+00
 1.30406e+16	8.51e-10	6.11e-06	6.41e-03	1.24e-01	3.43e-01	5.27e-01	1.60e-06	0.00e+00
 1.33804e+16	1.10e-09	7.57e-06	7.60e-03	1.37e-01	3.53e-01	5.03e-01	1.56e-06	0.00e+00
 1.36345e+16	1.35e-09	8.97e-06	8.66e-03	1.47e-01	3.61e-01	4.84e-01	1.55e-06	0.00e+00
 1.39048e+16	1.68e-09	1.08e-05	9.97e-03	1.59e-01	3.68e-01	4.63e-01	1.52e-06	0.00e+00
 1.42562e+16	2.27e-09	1.38e-05	1.20e-02	1.75e-01	3.78e-01	4.35e-01	1.48e-06	0.00e+00
 1.46087e+16	2.99e-09	1.73e-05	1.42e-02	1.92e-01	3.85e-01	4.09e-01	1.44e-06	0.00e+00
 1.48881e+16	3.67e-09	2.05e-05	1.63e-02	2.06e-01	3.90e-01	3.88e-01	1.41e-06	0.00e+00
 1.51768e+16	4.48e-09	2.44e-05	1.88e-02	2.22e-01	3.94e-01	3.66e-01	1.37e-06	0.00e+00
 1.54894e+16	5.93e-09	3.05e-05	2.21e-02	2.40e-01	3.97e-01	3.41e-01	1.33e-06	0.00e+00
 1.57602e+16	7.42e-09	3.66e-05	2.52e-02	2.56e-01	3.99e-01	3.20e-01	1.30e-06	0.00e+00
 1.59986e+16	8.76e-09	4.22e-05	2.83e-02	2.70e-01	3.99e-01	3.02e-01	1.27e-06	0.00e+00
 1.62678e+16	1.17e-08	5.28e-05	3.27e-02	2.89e-01	3.99e-01	2.79e-01	1.23e-06	0.00e+00
 1.65506e+16	1.45e-08	6.30e-05	3.75e-02	3.07e-01	3.97e-01	2.58e-01	1.19e-06	0.00e+00
 1.67980e+16	1.73e-08	7.31e-05	4.23e-02	3.24e-01	3.93e-01	2.40e-01	1.15e-06	0.00e+00
 1.70273e+16	2.10e-08	8.58e-05	4.75e-02	3.40e-01	3.89e-01	2.23e-01	1.11e-06	0.00e+00
 1.72508e+16	2.78e-08	1.06e-04	5.38e-02	3.58e-01	3.84e-01	2.04e-01	1.08e-06	0.00e+00
 1.74587e+16	3.29e-08	1.21e-04	5.98e-02	3.73e-01	3.77e-01	1.90e-01	1.05e-06	0.00e+00
 1.76820e+16	3.90e-08	1.40e-04	6.70e-02	3.90e-01	3.69e-01	1.74e-01	1.01e-06	0.00e+00
 1.79275e+16	4.88e-08	1.68e-04	7.61e-02	4.08e-01	3.59e-01	1.57e-01	9.62e-07	0.00e+00
 1.81437e+16	6.09e-08	1.99e-04	8.55e-02	4.25e-01	3.48e-01	1.42e-01	0.00e+00	0.00e+00
 1.83253e+16	8.01e-08	2.43e-04	9.52e-02	4.39e-01	3.38e-01	1.27e-01	0.00e+00	0.00e+00
 1.84852e+16	9.54e-08	2.78e-04	1.04e-01	4.51e-01	3.28e-01	1.17e-01	0.00e+00	0.00e+00
 1.86582e+16	1.09e-07	3.12e-04	1.14e-01	4.64e-01	3.16e-01	1.06e-01	0.00e+00	0.00e+00
 1.88832e+16	1.47e-07	3.90e-04	1.30e-01	4.80e-01	2.99e-01	9.09e-02	0.00e+00	0.00e+00
 1.90944e+16	1.89e-07	4.72e-04	1.46e-01	4.94e-01	2.81e-01	7.83e-02	0.00e+00	0.00e+00
 1.92373e+16	2.28e-07	5.44e-04	1.59e-01	5.03e-01	2.68e-01	6.98e-02	0.00e+00	0.00e+00
 1.93544e+16	2.67e-07	6.12e-04	1.70e-01	5.09e-01	2.57e-01	6.30e-02	0.00e+00	0.00e+00
 1.94882e+16	3.05e-07	6.80e-04	1.83e-01	5.16e-01	2.43e-01	5.61e-02	0.00e+00	0.00e+00
 1.96621e+16	3.76e-07	7.99e-04	2.03e-01	5.24e-01	2.25e-01	4.74e-02	0.00e+00	0.00e+00
 1.98315e+16	4.76e-07	9.51e-04	2.23e-01	5.30e-01	2.06e-01	3.94e-02	0.00e+00	0.00e+00
 1.99473e+16	6.27e-07	1.15e-03	2.41e-01	5.32e-01	1.92e-01	3.34e-02	0.00e+00	0.00e+00
 2.00194e+16	7.00e-07	1.25e-03	2.52e-01	5.33e-01	1.83e-01	3.04e-02	0.00e+00	0.00e+00
 2.00822e+16	7.77e-07	1.35e-03	2.61e-01	5.34e-01	1.75e-01	2.78e-02	0.00e+00	0.00e+00
 2.01639e+16	8.40e-07	1.43e-03	2.73e-01	5.35e-01	1.66e-01	2.50e-02	0.00e+00	0.00e+00
 2.02702e+16	1.05e-06	1.68e-03	2.92e-01	5.34e-01	1.52e-01	2.08e-02	0.00e+00	0.00e+00
 2.03588e+16	1.19e-06	1.84e-03	3.06e-01	5.33e-01	1.42e-01	1.82e-02	0.00e+00	0.00e+00
 2.04102e+16	1.32e-06	1.98e-03	3.15e-01	5.31e-01	1.35e-01	1.65e-02	0.00e+00	0.00e+00
 2.04627e+16	1.40e-06	2.07e-03	3.24e-01	5.30e-01	1.29e-01	1.51e-02	0.00e+00	0.00e+00
 2.05308e+16	1.62e-06	2.29e-03	3.37e-01	5.27e-01	1.20e-01	1.31e-02	0.00e+00	0.00e+00
 2.05982e+16	1.76e-06	2.44e-03	3.49e-01	5.25e-01	1.12e-01	1.16e-02	0.00e+00	0.00e+00
 2.06645e+16	1.98e-06	2.66e-03	3.62e-01	5.22e-01	1.04e-01	1.00e-02	0.00e+00	0.00e+00
 2.07336e+16	2.25e-06	2.90e-03	3.75e-01	5.17e-01	9.63e-02	8.57e-03	0.00e+00	0.00e+00
 2.07906e+16	2.59e-06	3.20e-03	3.87e-01	5.13e-01	8.94e-02	7.40e-03	0.00e+00	0.00e+00
 2.08357e+16	2.82e-06	3.39e-03	3.97e-01	5.09e-01	8.44e-02	6.62e-03	0.00e+00	0.00e+00
 2.08812e+16	3.01e-06	3.56e-03	4.05e-01	5.06e-01	7.95e-02	5.92e-03	0.00e+00	0.00e+00
 2.09404e+16	3.48e-06	3.94e-03	4.19e-01	5.00e-01	7.28e-02	4.98e-03	0.00e+00	0.00e+00
 2.09988e+16	3.76e-06	4.16e-03	4.29e-01	4.95e-01	6.73e-02	4.30e-03	0.00e+00	0.00e+00
 2.10562e+16	4.21e-06	4.50e-03	4.41e-01	4.89e-01	6.16e-02	3.63e-03	0.00e+00	0.00e+00
 2.11187e+16	4.75e-06	4.90e-03	4.54e-01	4.82e-01	5.58e-02	3.01e-03	0.00e+00	0.00e+00
 2.11751e+16	5.46e-06	5.39e-03	4.67e-01	4.74e-01	5.06e-02	2.49e-03	0.00e+00	0.00e+00
 2.12233e+16	6.01e-06	5.75e-03	4.77e-01	4.68e-01	4.66e-02	2.13e-03	0.00e+00	0.00e+00
 2.12736e+16	6.65e-06	6.18e-03	4.88e-01	4.62e-01	4.26e-02	1.79e-03	0.00e+00	0.00e+00
 2.13389e+16	7.64e-06	6.79e-03	5.02e-01	4.53e-01	3.77e-02	1.41e-03	0.00e+00	0.00e+00
 2.14080e+16	8.76e-06	7.46e-03	5.16e-01	4.43e-01	3.31e-02	1.10e-03	0.00e+00	0.00e+00
 2.14689e+16	9.84e-06	8.09e-03	5.28e-01	4.34e-01	2.94e-02	8.84e-04	0.00e+00	0.00e+00
 2.15350e+16	1.13e-05	8.87e-03	5.41e-01	4.24e-01	2.57e-02	6.83e-04	0.00e+00	0.00e+00
 2.16091e+16	1.31e-05	9.82e-03	5.55e-01	4.12e-01	2.21e-02	5.11e-04	0.00e+00	0.00e+00
 2.16799e+16	1.51e-05	1.08e-02	5.69e-01	4.01e-01	1.90e-02	3.84e-04	0.00e+00	0.00e+00
 2.17582e+16	1.77e-05	1.21e-02	5.83e-01	3.88e-01	1.60e-02	2.78e-04	0.00e+00	0.00e+00
 2.18290e+16	2.03e-05	1.32e-02	5.96e-01	3.77e-01	1.38e-02	2.09e-04	0.00e+00	0.00e+00
 2.18744e+16	2.22e-05	1.41e-02	6.04e-01	3.69e-01	1.25e-02	1.74e-04	0.00e+00	0.00e+00
 2.19180e+16	2.42e-05	1.49e-02	6.12e-01	3.62e-01	1.13e-02	1.44e-04	0.00e+00	0.00e+00
 2.19748e+16	2.71e-05	1.61e-02	6.22e-01	3.52e-01	9.97e-03	1.13e-04	0.00e+00	0.00e+00
 2.20382e+16	3.07e-05	1.75e-02	6.32e-01	3.42e-01	8.64e-03	8.60e-05	0.00e+00	0.00e+00
 2.20976e+16	3.45e-05	1.89e-02	6.42e-01	3.31e-01	7.57e-03	6.68e-05	0.00e+00	0.00e+00
 2.21533e+16	3.83e-05	2.03e-02	6.51e-01	3.22e-01	6.68e-03	5.28e-05	0.00e+00	0.00e+00
 2.22169e+16	4.37e-05	2.22e-02	6.61e-01	3.11e-01	5.75e-03	3.98e-05	0.00e+00	0.00e+00
 2.22844e+16	5.00e-05	2.43e-02	6.71e-01	2.99e-01	4.93e-03	2.98e-05	0.00e+00	0.00e+00
 2.23433e+16	5.62e-05	2.63e-02	6.80e-01	2.89e-01	4.31e-03	2.31e-05	0.00e+00	0.00e+00
 2.24063e+16	6.38e-05	2.86e-02	6.89e-01	2.78e-01	3.71e-03	1.75e-05	0.00e+00	0.00e+00
 2.24759e+16	7.35e-05	3.14e-02	6.99e-01	2.66e-01	3.15e-03	1.30e-05	0.00e+00	0.00e+00
 2.25384e+16	8.37e-05	3.43e-02	7.08e-01	2.55e-01	2.72e-03	9.86e-06	0.00e+00	0.00e+00
 2.25939e+16	9.40e-05	3.70e-02	7.15e-01	2.46e-01	2.38e-03	7.74e-06	0.00e+00	0.00e+00
 2.26557e+16	1.07e-04	4.03e-02	7.22e-01	2.35e-01	2.05e-03	5.87e-06	0.00e+00	0.00e+00
 2.27242e+16	1.23e-04	4.44e-02	7.31e-01	2.23e-01	1.74e-03	4.34e-06	0.00e+00	0.00e+00
 2.27857e+16	1.41e-04	4.86e-02	7.37e-01	2.12e-01	1.49e-03	3.30e-06	0.00e+00	0.00e+00
 2.28394e+16	1.59e-04	5.26e-02	7.43e-01	2.03e-01	1.30e-03	2.60e-06	0.00e+00	0.00e+00
 2.28985e+16	1.81e-04	5.74e-02	7.49e-01	1.93e-01	1.12e-03	1.98e-06	0.00e+00	0.00e+00
 2.29640e+16	2.10e-04	6.32e-02	7.54e-01	1.82e-01	9.45e-04	1.47e-06	0.00e+00	0.00e+00
 2.30235e+16	2.42e-04	6.94e-02	7.58e-01	1.71e-01	8.06e-04	1.12e-06	0.00e+00	0.00e+00
 2.30749e+16	2.74e-04	7.53e-02	7.61e-01	1.62e-01	7.02e-04	8.81e-07	0.00e+00	0.00e+00
 2.31300e+16	3.12e-04	8.22e-02	7.64e-01	1.53e-01	6.01e-04	0.00e+00	0.00e+00	0.00e+00
 2.31907e+16	3.63e-04	9.08e-02	7.66e-01	1.42e-01	5.05e-04	0.00e+00	0.00e+00	0.00e+00
 2.32453e+16	4.17e-04	9.95e-02	7.66e-01	1.33e-01	4.30e-04	0.00e+00	0.00e+00	0.00e+00
 2.32933e+16	4.73e-04	1.08e-01	7.66e-01	1.25e-01	3.72e-04	0.00e+00	0.00e+00	0.00e+00
 2.33463e+16	5.43e-04	1.18e-01	7.64e-01	1.17e-01	3.16e-04	0.00e+00	0.00e+00	0.00e+00
 2.34054e+16	6.38e-04	1.31e-01	7.61e-01	1.07e-01	2.61e-04	0.00e+00	0.00e+00	0.00e+00
 2.34582e+16	7.40e-04	1.45e-01	7.56e-01	9.83e-02	2.18e-04	0.00e+00	0.00e+00	0.00e+00
 2.35028e+16	8.43e-04	1.57e-01	7.51e-01	9.11e-02	1.87e-04	0.00e+00	0.00e+00	0.00e+00
 2.35508e+16	9.68e-04	1.72e-01	7.43e-01	8.38e-02	1.57e-04	0.00e+00	0.00e+00	0.00e+00
 2.36131e+16	1.16e-03	1.93e-01	7.31e-01	7.45e-02	1.24e-04	0.00e+00	0.00e+00	0.00e+00
 2.36748e+16	1.41e-03	2.18e-01	7.15e-01	6.53e-02	9.70e-05	0.00e+00	0.00e+00	0.00e+00
 2.37204e+16	1.64e-03	2.39e-01	7.00e-01	5.87e-02	7.97e-05	0.00e+00	0.00e+00	0.00e+00
 2.37581e+16	1.85e-03	2.59e-01	6.86e-01	5.34e-02	6.72e-05	0.00e+00	0.00e+00	0.00e+00
 2.38012e+16	2.14e-03	2.82e-01	6.68e-01	4.77e-02	5.50e-05	0.00e+00	0.00e+00	0.00e+00
 2.38571e+16	2.58e-03	3.16e-01	6.41e-01	4.07e-02	4.17e-05	0.00e+00	0.00e+00	0.00e+00
 2.39161e+16	3.18e-03	3.57e-01	6.06e-01	3.35e-02	3.02e-05	0.00e+00	0.00e+00	0.00e+00
 2.39648e+16	3.81e-03	3.97e-01	5.71e-01	2.80e-02	2.25e-05	0.00e+00	0.00e+00	0.00e+00
 2.40055e+16	4.42e-03	4.32e-01	5.40e-01	2.37e-02	1.73e-05	0.00e+00	0.00e+00	0.00e+00
 2.40500e+16	5.22e-03	4.73e-01	5.02e-01	1.94e-02	1.27e-05	0.00e+00	0.00e+00	0.00e+00
 2.40997e+16	6.32e-03	5.23e-01	4.56e-01	1.51e-02	8.73e-06	0.00e+00	0.00e+00	0.00e+00
 2.41445e+16	7.55e-03	5.72e-01	4.09e-01	1.17e-02	5.95e-06	0.00e+00	0.00e+00	0.00e+00
 2.41795e+16	8.76e-03	6.12e-01	3.70e-01	9.29e-03	4.28e-06	0.00e+00	0.00e+00	0.00e+00
 2.42078e+16	9.81e-03	6.45e-01	3.38e-01	7.60e-03	3.22e-06	0.00e+00	0.00e+00	0.00e+00
 2.42387e+16	1.11e-02	6.80e-01	3.03e-01	6.00e-03	2.30e-06	0.00e+00	0.00e+00	0.00e+00
 2.42734e+16	1.28e-02	7.20e-01	2.63e-01	4.47e-03	1.53e-06	0.00e+00	0.00e+00	0.00e+00
 2.43046e+16	1.47e-02	7.55e-01	2.27e-01	3.32e-03	1.02e-06	0.00e+00	0.00e+00	0.00e+00
 2.43303e+16	1.64e-02	7.82e-01	1.99e-01	2.55e-03	7.17e-07	0.00e+00	0.00e+00	0.00e+00
 2.43574e+16	1.84e-02	8.09e-01	1.71e-01	1.90e-03	0.00e+00	0.00e+00	0.00e+00	0.00e+00
 2.43874e+16	2.10e-02	8.36e-01	1.41e-01	1.32e-03	0.00e+00	0.00e+00	0.00e+00	0.00e+00
 2.44139e+16	2.38e-02	8.58e-01	1.17e-01	9.25e-04	0.00e+00	0.00e+00	0.00e+00	0.00e+00
 2.44356e+16	2.63e-02	8.74e-01	9.88e-02	6.77e-04	0.00e+00	0.00e+00	0.00e+00	0.00e+00
 2.44585e+16	2.91e-02	8.89e-01	8.19e-02	4.77e-04	0.00e+00	0.00e+00	0.00e+00	0.00e+00
 2.44839e+16	3.29e-02	9.02e-01	6.52e-02	3.15e-04	0.00e+00	0.00e+00	0.00e+00	0.00e+00
 2.45068e+16	3.68e-02	9.11e-01	5.20e-02	2.09e-04	0.00e+00	0.00e+00	0.00e+00	0.00e+00
 2.45262e+16	4.07e-02	9.17e-01	4.24e-02	1.45e-04	0.00e+00	0.00e+00	0.00e+00	0.00e+00
 2.45469e+16	4.51e-02	9.21e-01	3.38e-02	9.58e-05	0.00e+00	0.00e+00	0.00e+00	0.00e+00
 2.45687e+16	5.04e-02	9.23e-01	2.62e-02	6.06e-05	0.00e+00	0.00e+00	0.00e+00	0.00e+00
 2.45869e+16	5.57e-02	9.24e-01	2.07e-02	4.01e-05	0.00e+00	0.00e+00	0.00e+00	0.00e+00
 2.46021e+16	6.05e-02	9.22e-01	1.70e-02	2.81e-05	0.00e+00	0.00e+00	0.00e+00	0.00e+00
 2.46174e+16	6.57e-02	9.20e-01	1.38e-02	1.94e-05	0.00e+00	0.00e+00	0.00e+00	0.00e+00
 2.46349e+16	7.22e-02	9.17e-01	1.08e-02	1.25e-05	0.00e+00	0.00e+00	0.00e+00	0.00e+00
 2.46520e+16	7.93e-02	9.12e-01	8.36e-03	7.97e-06	0.00e+00	0.00e+00	0.00e+00	0.00e+00
 2.46661e+16	8.57e-02	9.08e-01	6.71e-03	5.42e-06	0.00e+00	0.00e+00	0.00e+00	0.00e+00
 2.46780e+16	9.13e-02	9.03e-01	5.56e-03	3.89e-06	0.00e+00	0.00e+00	0.00e+00	0.00e+00
 2.46890e+16	9.70e-02	8.98e-01	4.65e-03	2.84e-06	0.00e+00	0.00e+00	0.00e+00	0.00e+00
 2.46995e+16	1.03e-01	8.93e-01	3.91e-03	2.10e-06	0.00e+00	0.00e+00	0.00e+00	0.00e+00
 2.47099e+16	1.09e-01	8.88e-01	3.29e-03	1.55e-06	0.00e+00	0.00e+00	0.00e+00	0.00e+00
 2.47181e+16	1.13e-01	8.84e-01	2.86e-03	1.22e-06	0.00e+00	0.00e+00	0.00e+00	0.00e+00
 2.47234e+16	1.16e-01	8.81e-01	2.62e-03	1.05e-06	0.00e+00	0.00e+00	0.00e+00	0.00e+00
 2.47281e+16	1.19e-01	8.79e-01	2.41e-03	9.07e-07	0.00e+00	0.00e+00	0.00e+00	0.00e+00
 2.47337e+16	1.23e-01	8.75e-01	2.19e-03	0.00e+00	0.00e+00	0.00e+00	0.00e+00	0.00e+00
 2.47399e+16	1.26e-01	8.72e-01	1.96e-03	0.00e+00	0.00e+00	0.00e+00	0.00e+00	0.00e+00
 2.47460e+16	1.30e-01	8.68e-01	1.76e-03	0.00e+00	0.00e+00	0.00e+00	0.00e+00	0.00e+00
 2.47516e+16	1.34e-01	8.64e-01	1.59e-03	0.00e+00	0.00e+00	0.00e+00	0.00e+00	0.00e+00
 2.47572e+16	1.38e-01	8.61e-01	1.44e-03	0.00e+00	0.00e+00	0.00e+00	0.00e+00	0.00e+00
 2.47629e+16	1.42e-01	8.57e-01	1.30e-03	0.00e+00	0.00e+00	0.00e+00	0.00e+00	0.00e+00
 2.47686e+16	1.46e-01	8.53e-01	1.17e-03	0.00e+00	0.00e+00	0.00e+00	0.00e+00	0.00e+00
 2.47744e+16	1.50e-01	8.49e-01	1.05e-03	0.00e+00	0.00e+00	0.00e+00	0.00e+00	0.00e+00
 2.47800e+16	1.54e-01	8.45e-01	9.50e-04	0.00e+00	0.00e+00	0.00e+00	0.00e+00	0.00e+00
 2.47856e+16	1.58e-01	8.41e-01	8.58e-04	0.00e+00	0.00e+00	0.00e+00	0.00e+00	0.00e+00
 2.47913e+16	1.62e-01	8.37e-01	7.72e-04	0.00e+00	0.00e+00	0.00e+00	0.00e+00	0.00e+00
 2.47970e+16	1.67e-01	8.32e-01	6.95e-04	0.00e+00	0.00e+00	0.00e+00	0.00e+00	0.00e+00
 2.48027e+16	1.71e-01	8.28e-01	6.25e-04	0.00e+00	0.00e+00	0.00e+00	0.00e+00	0.00e+00
 2.48084e+16	1.76e-01	8.23e-01	5.63e-04	0.00e+00	0.00e+00	0.00e+00	0.00e+00	0.00e+00
 2.48142e+16	1.81e-01	8.18e-01	5.06e-04	0.00e+00	0.00e+00	0.00e+00	0.00e+00	0.00e+00
 2.48200e+16	1.86e-01	8.14e-01	4.54e-04	0.00e+00	0.00e+00	0.00e+00	0.00e+00	0.00e+00
 2.48258e+16	1.91e-01	8.09e-01	4.08e-04	0.00e+00	0.00e+00	0.00e+00	0.00e+00	0.00e+00
 2.48317e+16	1.96e-01	8.04e-01	3.67e-04	0.00e+00	0.00e+00	0.00e+00	0.00e+00	0.00e+00
 2.48377e+16	2.01e-01	7.99e-01	3.29e-04	0.00e+00	0.00e+00	0.00e+00	0.00e+00	0.00e+00
 2.48438e+16	2.07e-01	7.93e-01	2.95e-04	0.00e+00	0.00e+00	0.00e+00	0.00e+00	0.00e+00
 2.48499e+16	2.12e-01	7.88e-01	2.65e-04	0.00e+00	0.00e+00	0.00e+00	0.00e+00	0.00e+00
 2.48562e+16	2.18e-01	7.82e-01	2.38e-04	0.00e+00	0.00e+00	0.00e+00	0.00e+00	0.00e+00
 2.48626e+16	2.24e-01	7.76e-01	2.13e-04	0.00e+00	0.00e+00	0.00e+00	0.00e+00	0.00e+00
 2.48690e+16	2.31e-01	7.69e-01	1.92e-04	0.00e+00	0.00e+00	0.00e+00	0.00e+00	0.00e+00
 2.48756e+16	2.37e-01	7.63e-01	1.73e-04	0.00e+00	0.00e+00	0.00e+00	0.00e+00	0.00e+00
 2.48822e+16	2.44e-01	7.56e-01	1.56e-04	0.00e+00	0.00e+00	0.00e+00	0.00e+00	0.00e+00
 2.48891e+16	2.51e-01	7.49e-01	1.41e-04	0.00e+00	0.00e+00	0.00e+00	0.00e+00	0.00e+00
 2.48961e+16	2.57e-01	7.42e-01	1.27e-04	0.00e+00	0.00e+00	0.00e+00	0.00e+00	0.00e+00
 2.49034e+16	2.65e-01	7.35e-01	1.16e-04	0.00e+00	0.00e+00	0.00e+00	0.00e+00	0.00e+00
 2.49112e+16	2.72e-01	7.28e-01	1.05e-04	0.00e+00	0.00e+00	0.00e+00	0.00e+00	0.00e+00
