#depth	C	C+	C+2	C+3	C+4	C+5	C+6	C[1]	C[2]	C[3]	C+[1]	C+[2]	CO
 1.49634e+10	0.00e+00	6.04e-30	8.77e-21	3.85e-12	5.72e-03	8.69e-01	1.25e-01	0.00e+00	0.00e+00	0.00e+00	0.00e+00	0.00e+00	0.00e+00
 4.54887e+10	5.36e-40	8.61e-30	1.15e-20	4.63e-12	6.33e-03	8.78e-01	1.16e-01	0.00e+00	0.00e+00	0.00e+00	0.00e+00	0.00e+00	1.60e-129
 7.72350e+10	0.00e+00	1.23e-29	1.52e-20	5.60e-12	7.03e-03	8.86e-01	1.07e-01	0.00e+00	0.00e+00	0.00e+00	0.00e+00	0.00e+00	0.00e+00
 1.10251e+11	1.31e-39	1.77e-29	2.00e-20	6.77e-12	7.80e-03	8.93e-01	9.94e-02	0.00e+00	0.00e+00	0.00e+00	0.00e+00	0.00e+00	1.70e-128
 1.43404e+11	0.00e+00	2.51e-29	2.61e-20	8.13e-12	8.63e-03	8.99e-01	9.22e-02	0.00e+00	0.00e+00	0.00e+00	0.00e+00	0.00e+00	0.00e+00
 1.77883e+11	3.10e-39	3.56e-29	3.42e-20	9.78e-12	9.54e-03	9.05e-01	8.54e-02	0.00e+00	0.00e+00	0.00e+00	0.00e+00	0.00e+00	1.68e-127
 2.14925e+11	0.00e+00	5.12e-29	4.51e-20	1.18e-11	1.06e-02	9.11e-01	7.88e-02	0.00e+00	0.00e+00	0.00e+00	0.00e+00	0.00e+00	0.00e+00
 2.49720e+11	7.29e-39	7.11e-29	5.80e-20	1.40e-11	1.16e-02	9.15e-01	7.32e-02	0.00e+00	0.00e+00	0.00e+00	0.00e+00	0.00e+00	1.63e-126
 2.80877e+11	0.00e+00	9.46e-29	7.22e-20	1.63e-11	1.26e-02	9.19e-01	6.87e-02	0.00e+00	0.00e+00	0.00e+00	0.00e+00	0.00e+00	0.00e+00
 3.15944e+11	1.53e-38	1.29e-28	9.17e-20	1.92e-11	1.38e-02	9.22e-01	6.40e-02	0.00e+00	0.00e+00	0.00e+00	0.00e+00	0.00e+00	1.16e-125
 3.57443e+11	0.00e+00	1.85e-28	1.21e-19	2.31e-11	1.52e-02	9.26e-01	5.89e-02	0.00e+00	0.00e+00	0.00e+00	0.00e+00	0.00e+00	0.00e+00
 3.99046e+11	3.66e-38	2.61e-28	1.57e-19	2.77e-11	1.67e-02	9.29e-01	5.44e-02	0.00e+00	0.00e+00	0.00e+00	0.00e+00	0.00e+00	1.16e-124
 4.38074e+11	0.00e+00	3.57e-28	2.00e-19	3.26e-11	1.83e-02	9.31e-01	5.06e-02	0.00e+00	0.00e+00	0.00e+00	0.00e+00	0.00e+00	0.00e+00
 4.81284e+11	8.21e-38	5.00e-28	2.58e-19	3.88e-11	2.01e-02	9.33e-01	4.67e-02	0.00e+00	0.00e+00	0.00e+00	0.00e+00	0.00e+00	9.74e-124
 5.30462e+11	0.00e+00	7.24e-28	3.43e-19	4.70e-11	2.22e-02	9.35e-01	4.28e-02	0.00e+00	0.00e+00	0.00e+00	0.00e+00	0.00e+00	0.00e+00
 5.78914e+11	2.01e-37	1.03e-27	4.48e-19	5.64e-11	2.45e-02	9.36e-01	3.93e-02	0.00e+00	0.00e+00	0.00e+00	0.00e+00	0.00e+00	1.03e-122
 6.29304e+11	0.00e+00	1.46e-27	5.88e-19	6.78e-11	2.69e-02	9.37e-01	3.61e-02	0.00e+00	0.00e+00	0.00e+00	0.00e+00	0.00e+00	0.00e+00
 6.84403e+11	4.94e-37	2.12e-27	7.81e-19	8.22e-11	2.98e-02	9.37e-01	3.30e-02	0.00e+00	0.00e+00	0.00e+00	0.00e+00	0.00e+00	1.10e-121
 7.39823e+11	0.00e+00	3.04e-27	1.03e-18	9.90e-11	3.28e-02	9.37e-01	3.02e-02	0.00e+00	0.00e+00	0.00e+00	0.00e+00	0.00e+00	0.00e+00
 7.97460e+11	1.21e-36	4.37e-27	1.36e-18	1.19e-10	3.62e-02	9.36e-01	2.76e-02	0.00e+00	0.00e+00	0.00e+00	0.00e+00	0.00e+00	1.17e-120
 8.59285e+11	0.00e+00	6.36e-27	1.81e-18	1.45e-10	4.00e-02	9.35e-01	2.51e-02	0.00e+00	0.00e+00	0.00e+00	0.00e+00	0.00e+00	0.00e+00
 9.20704e+11	3.01e-36	9.10e-27	2.39e-18	1.74e-10	4.40e-02	9.33e-01	2.29e-02	0.00e+00	0.00e+00	0.00e+00	0.00e+00	0.00e+00	1.28e-119
 9.84579e+11	0.00e+00	1.30e-26	3.14e-18	2.10e-10	4.84e-02	9.31e-01	2.09e-02	0.00e+00	0.00e+00	0.00e+00	0.00e+00	0.00e+00	0.00e+00
 1.05389e+12	7.51e-36	1.90e-26	4.20e-18	2.55e-10	5.34e-02	9.28e-01	1.89e-02	0.00e+00	0.00e+00	0.00e+00	0.00e+00	0.00e+00	1.40e-118
 1.12597e+12	0.00e+00	2.76e-26	5.60e-18	3.10e-10	5.89e-02	9.24e-01	1.71e-02	0.00e+00	0.00e+00	0.00e+00	0.00e+00	0.00e+00	0.00e+00
 1.20094e+12	1.91e-35	4.03e-26	7.48e-18	3.76e-10	6.50e-02	9.20e-01	1.55e-02	0.00e+00	0.00e+00	0.00e+00	0.00e+00	0.00e+00	1.62e-117
 1.27890e+12	0.00e+00	5.87e-26	1.00e-17	4.57e-10	7.16e-02	9.14e-01	1.40e-02	0.00e+00	0.00e+00	0.00e+00	0.00e+00	0.00e+00	0.00e+00
 1.34928e+12	4.57e-35	8.14e-26	1.29e-17	5.41e-10	7.79e-02	9.09e-01	1.28e-02	0.00e+00	0.00e+00	0.00e+00	0.00e+00	0.00e+00	1.59e-116
 1.40769e+12	0.00e+00	1.06e-25	1.58e-17	6.20e-10	8.33e-02	9.05e-01	1.19e-02	0.00e+00	0.00e+00	0.00e+00	0.00e+00	0.00e+00	1.12e-99
 1.47158e+12	8.95e-35	1.40e-25	1.95e-17	7.16e-10	8.95e-02	9.00e-01	1.10e-02	0.00e+00	0.00e+00	0.00e+00	0.00e+00	0.00e+00	0.00e+00
 1.55281e+12	1.37e-34	1.97e-25	2.55e-17	8.55e-10	9.76e-02	8.92e-01	9.97e-03	0.00e+00	0.00e+00	0.00e+00	0.00e+00	0.00e+00	2.80e-115
 1.63770e+12	2.10e-34	2.78e-25	3.33e-17	1.02e-09	1.06e-01	8.85e-01	9.02e-03	0.00e+00	0.00e+00	0.00e+00	0.00e+00	0.00e+00	3.85e-97
 1.71262e+12	3.01e-34	3.72e-25	4.17e-17	1.19e-09	1.15e-01	8.77e-01	8.27e-03	0.00e+00	0.00e+00	0.00e+00	0.00e+00	0.00e+00	0.00e+00
 1.78197e+12	4.16e-34	4.84e-25	5.11e-17	1.36e-09	1.22e-01	8.70e-01	7.65e-03	0.00e+00	0.00e+00	0.00e+00	0.00e+00	0.00e+00	5.18e-114
 1.86062e+12	5.94e-34	6.45e-25	6.39e-17	1.58e-09	1.31e-01	8.62e-01	7.02e-03	0.00e+00	0.00e+00	0.00e+00	0.00e+00	0.00e+00	3.75e-96
 1.95813e+12	9.07e-34	9.08e-25	8.34e-17	1.89e-09	1.43e-01	8.51e-01	6.31e-03	0.00e+00	0.00e+00	0.00e+00	0.00e+00	0.00e+00	0.00e+00
 2.05552e+12	1.36e-33	1.26e-24	1.08e-16	2.24e-09	1.55e-01	8.40e-01	5.70e-03	0.00e+00	0.00e+00	0.00e+00	0.00e+00	0.00e+00	1.17e-112
 2.13899e+12	1.90e-33	1.65e-24	1.33e-16	2.58e-09	1.65e-01	8.30e-01	5.23e-03	0.00e+00	0.00e+00	0.00e+00	0.00e+00	0.00e+00	4.71e-95
 2.22903e+12	2.68e-33	2.18e-24	1.65e-16	2.98e-09	1.77e-01	8.19e-01	4.77e-03	0.00e+00	0.00e+00	0.00e+00	0.00e+00	0.00e+00	7.01e-112
 2.34049e+12	4.04e-33	3.04e-24	2.14e-16	3.55e-09	1.91e-01	8.05e-01	4.28e-03	0.00e+00	0.00e+00	0.00e+00	0.00e+00	0.00e+00	2.45e-94
 2.45505e+12	6.05e-33	4.22e-24	2.77e-16	4.20e-09	2.06e-01	7.90e-01	3.83e-03	0.00e+00	0.00e+00	0.00e+00	0.00e+00	0.00e+00	6.09e-111
 2.55864e+12	8.56e-33	5.59e-24	3.45e-16	4.86e-09	2.20e-01	7.76e-01	3.47e-03	0.00e+00	0.00e+00	0.00e+00	0.00e+00	0.00e+00	1.26e-93
 2.67266e+12	1.23e-32	7.53e-24	4.35e-16	5.67e-09	2.36e-01	7.61e-01	3.13e-03	0.00e+00	0.00e+00	0.00e+00	0.00e+00	0.00e+00	4.12e-110
 2.80682e+12	1.86e-32	1.05e-23	5.64e-16	6.74e-09	2.54e-01	7.43e-01	2.77e-03	0.00e+00	0.00e+00	0.00e+00	0.00e+00	0.00e+00	6.95e-93
 2.94089e+12	2.75e-32	1.44e-23	7.23e-16	7.94e-09	2.73e-01	7.25e-01	2.47e-03	0.00e+00	0.00e+00	0.00e+00	0.00e+00	0.00e+00	3.59e-109
 3.06843e+12	3.92e-32	1.92e-23	9.05e-16	9.20e-09	2.90e-01	7.08e-01	2.21e-03	0.00e+00	0.00e+00	0.00e+00	0.00e+00	0.00e+00	3.59e-92
 3.20920e+12	5.70e-32	2.60e-23	1.15e-15	1.07e-08	3.09e-01	6.89e-01	1.97e-03	0.00e+00	0.00e+00	0.00e+00	0.00e+00	0.00e+00	2.61e-108
 3.36750e+12	8.49e-32	3.59e-23	1.48e-15	1.27e-08	3.31e-01	6.67e-01	1.73e-03	0.00e+00	0.00e+00	0.00e+00	0.00e+00	0.00e+00	1.98e-91
 3.50993e+12	1.19e-31	4.74e-23	1.83e-15	1.46e-08	3.50e-01	6.48e-01	1.55e-03	0.00e+00	0.00e+00	0.00e+00	0.00e+00	0.00e+00	2.01e-107
 3.62747e+12	1.57e-31	5.90e-23	2.17e-15	1.63e-08	3.66e-01	6.33e-01	1.41e-03	0.00e+00	0.00e+00	0.00e+00	0.00e+00	0.00e+00	7.78e-91
 3.75582e+12	2.08e-31	7.42e-23	2.60e-15	1.83e-08	3.83e-01	6.16e-01	1.28e-03	0.00e+00	0.00e+00	0.00e+00	0.00e+00	0.00e+00	9.39e-107
 3.91990e+12	2.94e-31	9.84e-23	3.23e-15	2.11e-08	4.04e-01	5.95e-01	1.14e-03	0.00e+00	0.00e+00	0.00e+00	0.00e+00	0.00e+00	3.23e-90
 4.08555e+12	4.12e-31	1.29e-22	3.99e-15	2.42e-08	4.25e-01	5.74e-01	1.01e-03	0.00e+00	0.00e+00	0.00e+00	0.00e+00	0.00e+00	6.41e-106
 4.22250e+12	5.37e-31	1.60e-22	4.72e-15	2.69e-08	4.42e-01	5.57e-01	9.14e-04	0.00e+00	0.00e+00	0.00e+00	0.00e+00	0.00e+00	1.26e-89
 4.36699e+12	7.03e-31	1.99e-22	5.59e-15	3.00e-08	4.59e-01	5.40e-01	8.27e-04	0.00e+00	0.00e+00	0.00e+00	0.00e+00	0.00e+00	2.94e-105
 4.55259e+12	9.80e-31	2.60e-22	6.87e-15	3.42e-08	4.81e-01	5.19e-01	7.29e-04	0.00e+00	0.00e+00	0.00e+00	0.00e+00	0.00e+00	4.99e-89
 4.74731e+12	1.37e-30	3.40e-22	8.46e-15	3.90e-08	5.03e-01	4.97e-01	6.40e-04	0.00e+00	0.00e+00	0.00e+00	0.00e+00	0.00e+00	1.98e-104
 4.91775e+12	1.80e-30	4.25e-22	1.01e-14	4.35e-08	5.21e-01	4.78e-01	5.73e-04	0.00e+00	0.00e+00	0.00e+00	0.00e+00	0.00e+00	2.04e-88
 5.10098e+12	2.40e-30	5.36e-22	1.20e-14	4.87e-08	5.40e-01	4.59e-01	5.11e-04	0.00e+00	0.00e+00	0.00e+00	0.00e+00	0.00e+00	1.03e-103
 5.32360e+12	3.35e-30	7.01e-22	1.48e-14	5.54e-08	5.62e-01	4.37e-01	4.45e-04	0.00e+00	0.00e+00	0.00e+00	0.00e+00	0.00e+00	8.69e-88
 5.53916e+12	4.56e-30	8.98e-22	1.79e-14	6.24e-08	5.83e-01	4.17e-01	3.91e-04	0.00e+00	0.00e+00	0.00e+00	0.00e+00	0.00e+00	6.78e-103
 5.72052e+12	5.86e-30	1.10e-21	2.09e-14	6.86e-08	5.99e-01	4.01e-01	3.51e-04	0.00e+00	0.00e+00	0.00e+00	0.00e+00	0.00e+00	3.23e-87
 5.91568e+12	7.58e-30	1.35e-21	2.44e-14	7.57e-08	6.16e-01	3.84e-01	3.14e-04	0.00e+00	0.00e+00	0.00e+00	0.00e+00	0.00e+00	3.07e-102
 6.16147e+12	1.03e-29	1.73e-21	2.96e-14	8.51e-08	6.36e-01	3.64e-01	2.73e-04	0.00e+00	0.00e+00	0.00e+00	0.00e+00	0.00e+00	1.25e-86
 6.41377e+12	1.40e-29	2.21e-21	3.57e-14	9.55e-08	6.55e-01	3.45e-01	2.38e-04	0.00e+00	0.00e+00	0.00e+00	0.00e+00	0.00e+00	1.96e-101
 6.63328e+12	1.81e-29	2.71e-21	4.16e-14	1.05e-07	6.71e-01	3.29e-01	2.12e-04	0.00e+00	0.00e+00	0.00e+00	0.00e+00	0.00e+00	4.81e-86
 6.86947e+12	2.36e-29	3.35e-21	4.89e-14	1.16e-07	6.87e-01	3.13e-01	1.88e-04	0.00e+00	0.00e+00	0.00e+00	0.00e+00	0.00e+00	9.53e-101
 7.15800e+12	3.21e-29	4.28e-21	5.89e-14	1.29e-07	7.05e-01	2.95e-01	1.62e-04	0.00e+00	0.00e+00	0.00e+00	0.00e+00	0.00e+00	1.94e-85
 7.44825e+12	4.32e-29	5.43e-21	7.05e-14	1.44e-07	7.22e-01	2.78e-01	1.40e-04	0.00e+00	0.00e+00	0.00e+00	0.00e+00	0.00e+00	6.14e-100
 7.70713e+12	5.58e-29	6.65e-21	8.21e-14	1.58e-07	7.36e-01	2.64e-01	1.24e-04	0.00e+00	0.00e+00	0.00e+00	0.00e+00	0.00e+00	7.52e-85
 7.99154e+12	7.31e-29	8.24e-21	9.64e-14	1.74e-07	7.51e-01	2.49e-01	1.09e-04	0.00e+00	0.00e+00	0.00e+00	0.00e+00	0.00e+00	3.13e-99
 8.33030e+12	9.93e-29	1.05e-20	1.16e-13	1.93e-07	7.67e-01	2.33e-01	9.35e-05	0.00e+00	0.00e+00	0.00e+00	0.00e+00	0.00e+00	3.15e-84
 8.66870e+12	1.33e-28	1.33e-20	1.38e-13	2.14e-07	7.81e-01	2.19e-01	8.07e-05	0.00e+00	0.00e+00	0.00e+00	0.00e+00	0.00e+00	2.06e-98
 8.98302e+12	1.73e-28	1.63e-20	1.61e-13	2.34e-07	7.94e-01	2.06e-01	7.07e-05	0.00e+00	0.00e+00	0.00e+00	0.00e+00	0.00e+00	1.27e-83
 9.33464e+12	2.30e-28	2.04e-20	1.90e-13	2.58e-07	8.07e-01	1.93e-01	6.12e-05	0.00e+00	0.00e+00	0.00e+00	0.00e+00	0.00e+00	1.16e-97
 9.73795e+12	3.13e-28	2.61e-20	2.28e-13	2.87e-07	8.20e-01	1.80e-01	5.22e-05	0.00e+00	0.00e+00	0.00e+00	0.00e+00	0.00e+00	5.75e-83
 1.01378e+13	4.21e-28	3.29e-20	2.70e-13	3.16e-07	8.32e-01	1.68e-01	4.48e-05	0.00e+00	0.00e+00	0.00e+00	0.00e+00	0.00e+00	7.98e-97
 1.05537e+13	5.65e-28	4.15e-20	3.21e-13	3.48e-07	8.43e-01	1.57e-01	3.85e-05	0.00e+00	0.00e+00	0.00e+00	0.00e+00	0.00e+00	2.61e-82
 1.10057e+13	7.68e-28	5.28e-20	3.83e-13	3.85e-07	8.55e-01	1.45e-01	3.27e-05	0.00e+00	0.00e+00	0.00e+00	0.00e+00	0.00e+00	5.51e-96
 1.14759e+13	1.05e-27	6.73e-20	4.55e-13	4.25e-07	8.65e-01	1.35e-01	2.80e-05	0.00e+00	0.00e+00	0.00e+00	0.00e+00	0.00e+00	1.30e-81
 1.19220e+13	1.38e-27	8.37e-20	5.34e-13	4.64e-07	8.74e-01	1.26e-01	2.41e-05	0.00e+00	0.00e+00	0.00e+00	0.00e+00	0.00e+00	3.67e-95
 1.23233e+13	1.76e-27	1.01e-19	6.13e-13	5.02e-07	8.81e-01	1.19e-01	2.12e-05	0.00e+00	0.00e+00	0.00e+00	0.00e+00	0.00e+00	5.04e-81
 1.26973e+13	2.19e-27	1.20e-19	6.93e-13	5.37e-07	8.87e-01	1.13e-01	1.89e-05	0.00e+00	0.00e+00	0.00e+00	0.00e+00	0.00e+00	1.64e-94
 1.31093e+13	2.78e-27	1.44e-19	7.90e-13	5.78e-07	8.94e-01	1.06e-01	1.67e-05	0.00e+00	0.00e+00	0.00e+00	0.00e+00	0.00e+00	1.67e-80
 1.35737e+13	3.59e-27	1.76e-19	9.11e-13	6.24e-07	9.00e-01	9.97e-02	1.46e-05	0.00e+00	0.00e+00	0.00e+00	0.00e+00	0.00e+00	8.15e-94
 1.40191e+13	4.56e-27	2.12e-19	1.04e-12	6.71e-07	9.06e-01	9.39e-02	1.29e-05	0.00e+00	0.00e+00	0.00e+00	0.00e+00	0.00e+00	6.21e-80
 1.45107e+13	5.88e-27	2.58e-19	1.20e-12	7.25e-07	9.12e-01	8.81e-02	1.13e-05	0.00e+00	0.00e+00	0.00e+00	0.00e+00	0.00e+00	4.06e-93
 1.50574e+13	7.74e-27	3.19e-19	1.39e-12	7.86e-07	9.18e-01	8.23e-02	9.78e-06	0.00e+00	0.00e+00	0.00e+00	0.00e+00	0.00e+00	2.54e-79
 1.55596e+13	9.87e-27	3.84e-19	1.59e-12	8.45e-07	9.23e-01	7.74e-02	8.60e-06	0.00e+00	0.00e+00	0.00e+00	0.00e+00	0.00e+00	2.19e-92
 1.60249e+13	1.23e-26	4.55e-19	1.79e-12	9.01e-07	9.27e-01	7.32e-02	7.67e-06	0.00e+00	0.00e+00	0.00e+00	0.00e+00	0.00e+00	8.76e-79
 1.65584e+13	1.57e-26	5.50e-19	2.04e-12	9.66e-07	9.31e-01	6.89e-02	6.76e-06	0.00e+00	0.00e+00	0.00e+00	0.00e+00	0.00e+00	9.98e-92
 1.72121e+13	2.10e-26	6.87e-19	2.38e-12	1.05e-06	9.36e-01	6.41e-02	5.83e-06	0.00e+00	0.00e+00	0.00e+00	0.00e+00	0.00e+00	3.73e-78
 1.78655e+13	2.77e-26	8.50e-19	2.77e-12	1.14e-06	9.40e-01	5.97e-02	5.03e-06	0.00e+00	0.00e+00	0.00e+00	0.00e+00	0.00e+00	6.38e-91
 1.84332e+13	3.51e-26	1.02e-18	3.14e-12	1.21e-06	9.44e-01	5.63e-02	4.46e-06	0.00e+00	0.00e+00	0.00e+00	0.00e+00	0.00e+00	1.49e-77
 1.90461e+13	4.50e-26	1.23e-18	3.57e-12	1.30e-06	9.47e-01	5.30e-02	3.93e-06	0.00e+00	0.00e+00	0.00e+00	0.00e+00	0.00e+00	3.10e-90
 1.97953e+13	6.05e-26	1.54e-18	4.17e-12	1.41e-06	9.51e-01	4.93e-02	3.39e-06	0.00e+00	0.00e+00	0.00e+00	0.00e+00	0.00e+00	6.51e-77
 2.05603e+13	8.03e-26	1.91e-18	4.85e-12	1.53e-06	9.54e-01	4.58e-02	2.92e-06	0.00e+00	0.00e+00	0.00e+00	0.00e+00	0.00e+00	2.05e-89
 2.12509e+13	1.04e-25	2.32e-18	5.53e-12	1.63e-06	9.57e-01	4.31e-02	2.57e-06	0.00e+00	0.00e+00	0.00e+00	0.00e+00	0.00e+00	2.80e-76
 2.20060e+13	1.36e-25	2.84e-18	6.34e-12	1.75e-06	9.60e-01	4.04e-02	2.25e-06	0.00e+00	0.00e+00	0.00e+00	0.00e+00	0.00e+00	5.83e-76
 2.28964e+13	1.84e-25	3.59e-18	7.42e-12	1.90e-06	9.63e-01	3.75e-02	1.93e-06	0.00e+00	0.00e+00	0.00e+00	0.00e+00	0.00e+00	1.35e-75
 2.37866e+13	2.46e-25	4.47e-18	8.64e-12	2.06e-06	9.65e-01	3.48e-02	1.67e-06	0.00e+00	0.00e+00	0.00e+00	0.00e+00	0.00e+00	2.95e-75
 2.46228e+13	3.21e-25	5.47e-18	9.90e-12	2.20e-06	9.67e-01	3.26e-02	1.46e-06	0.00e+00	0.00e+00	0.00e+00	0.00e+00	0.00e+00	6.17e-75
 2.55479e+13	4.29e-25	6.80e-18	1.14e-11	2.37e-06	9.70e-01	3.04e-02	1.27e-06	0.00e+00	0.00e+00	0.00e+00	0.00e+00	0.00e+00	1.36e-74
 2.65998e+13	5.84e-25	8.59e-18	1.34e-11	2.57e-06	9.72e-01	2.82e-02	1.08e-06	0.00e+00	0.00e+00	0.00e+00	0.00e+00	0.00e+00	3.16e-74
 2.76499e+13	7.91e-25	1.08e-17	1.56e-11	2.78e-06	9.74e-01	2.62e-02	9.36e-07	0.00e+00	0.00e+00	0.00e+00	0.00e+00	0.00e+00	7.28e-74
 2.87421e+13	1.07e-24	1.36e-17	1.82e-11	3.00e-06	9.76e-01	2.44e-02	0.00e+00	0.00e+00	0.00e+00	0.00e+00	0.00e+00	0.00e+00	1.68e-73
 2.99217e+13	1.46e-24	1.72e-17	2.13e-11	3.25e-06	9.77e-01	2.26e-02	0.00e+00	0.00e+00	0.00e+00	0.00e+00	0.00e+00	0.00e+00	3.97e-73
 3.11485e+13	2.00e-24	2.18e-17	2.50e-11	3.52e-06	9.79e-01	2.09e-02	0.00e+00	0.00e+00	0.00e+00	0.00e+00	0.00e+00	0.00e+00	9.41e-73
 3.23328e+13	2.67e-24	2.70e-17	2.89e-11	3.79e-06	9.81e-01	1.95e-02	0.00e+00	0.00e+00	0.00e+00	0.00e+00	0.00e+00	0.00e+00	2.07e-72
 3.34409e+13	3.49e-24	3.30e-17	3.30e-11	4.05e-06	9.82e-01	1.82e-02	0.00e+00	0.00e+00	0.00e+00	0.00e+00	0.00e+00	0.00e+00	4.30e-72
 3.44862e+13	4.44e-24	3.96e-17	3.73e-11	4.30e-06	9.83e-01	1.72e-02	0.00e+00	0.00e+00	0.00e+00	0.00e+00	0.00e+00	0.00e+00	8.39e-72
 3.56270e+13	5.73e-24	4.79e-17	4.24e-11	4.59e-06	9.84e-01	1.62e-02	0.00e+00	0.00e+00	0.00e+00	0.00e+00	1.55e-17	3.25e-17	1.69e-71
 3.68953e+13	7.51e-24	5.87e-17	4.86e-11	4.92e-06	9.85e-01	1.51e-02	0.00e+00	0.00e+00	0.00e+00	0.00e+00	1.95e-17	3.92e-17	3.56e-71
 3.80832e+13	9.63e-24	7.08e-17	5.51e-11	5.23e-06	9.86e-01	1.42e-02	0.00e+00	0.00e+00	0.00e+00	0.00e+00	2.35e-17	4.73e-17	7.05e-71
 3.93816e+13	1.25e-23	8.64e-17	6.28e-11	5.59e-06	9.87e-01	1.33e-02	0.00e+00	0.00e+00	0.00e+00	0.00e+00	2.87e-17	5.77e-17	1.47e-70
 4.08471e+13	1.67e-23	1.07e-16	7.25e-11	6.01e-06	9.88e-01	1.24e-02	0.00e+00	0.00e+00	0.00e+00	0.00e+00	3.55e-17	7.15e-17	3.21e-70
 4.22532e+13	2.16e-23	1.30e-16	8.29e-11	6.43e-06	9.88e-01	1.16e-02	0.00e+00	0.00e+00	0.00e+00	0.00e+00	4.32e-17	8.70e-17	6.55e-70
 4.38013e+13	2.87e-23	1.61e-16	9.55e-11	6.90e-06	9.89e-01	1.09e-02	0.00e+00	0.00e+00	0.00e+00	0.00e+00	5.34e-17	1.08e-16	1.43e-69
 4.55388e+13	3.89e-23	2.03e-16	1.11e-10	7.45e-06	9.90e-01	1.01e-02	0.00e+00	0.00e+00	0.00e+00	0.00e+00	6.73e-17	1.35e-16	3.32e-69
 4.72028e+13	5.13e-23	2.49e-16	1.28e-10	8.00e-06	9.91e-01	9.39e-03	0.00e+00	0.00e+00	0.00e+00	0.00e+00	8.27e-17	1.67e-16	7.04e-69
 4.89778e+13	6.86e-23	3.11e-16	1.48e-10	8.60e-06	9.91e-01	8.74e-03	0.00e+00	0.00e+00	0.00e+00	0.00e+00	1.03e-16	2.07e-16	1.58e-68
 5.09668e+13	9.27e-23	3.90e-16	1.74e-10	9.33e-06	9.92e-01	8.07e-03	0.00e+00	0.00e+00	0.00e+00	0.00e+00	1.29e-16	2.61e-16	3.59e-68
 5.28024e+13	1.22e-22	4.80e-16	2.00e-10	1.00e-05	9.92e-01	7.54e-03	0.00e+00	0.00e+00	0.00e+00	0.00e+00	1.59e-16	3.21e-16	7.69e-68
 5.43900e+13	1.53e-22	5.71e-16	2.25e-10	1.06e-05	9.93e-01	7.11e-03	0.00e+00	0.00e+00	0.00e+00	0.00e+00	1.89e-16	3.81e-16	1.44e-67
 5.61520e+13	1.97e-22	6.89e-16	2.55e-10	1.13e-05	9.93e-01	6.68e-03	0.00e+00	0.00e+00	0.00e+00	0.00e+00	2.29e-16	4.61e-16	2.87e-67
 5.83059e+13	2.61e-22	8.54e-16	2.96e-10	1.22e-05	9.94e-01	6.19e-03	0.00e+00	0.00e+00	0.00e+00	0.00e+00	2.83e-16	5.71e-16	6.22e-67
 6.04846e+13	3.49e-22	1.06e-15	3.43e-10	1.31e-05	9.94e-01	5.77e-03	0.00e+00	0.00e+00	0.00e+00	0.00e+00	3.53e-16	7.10e-16	1.38e-66
 6.24414e+13	4.43e-22	1.27e-15	3.89e-10	1.40e-05	9.95e-01	5.41e-03	0.00e+00	0.00e+00	0.00e+00	0.00e+00	4.23e-16	8.51e-16	2.65e-66
 6.45943e+13	5.73e-22	1.55e-15	4.45e-10	1.50e-05	9.95e-01	5.05e-03	0.00e+00	0.00e+00	0.00e+00	0.00e+00	5.14e-16	1.04e-15	5.38e-66
 6.71424e+13	7.70e-22	1.94e-15	5.20e-10	1.62e-05	9.95e-01	4.68e-03	0.00e+00	0.00e+00	0.00e+00	0.00e+00	6.43e-16	1.30e-15	1.22e-65
 6.96488e+13	1.02e-21	2.41e-15	6.01e-10	1.74e-05	9.96e-01	4.35e-03	0.00e+00	0.00e+00	0.00e+00	0.00e+00	7.99e-16	1.61e-15	2.67e-65
 7.19393e+13	1.30e-21	2.89e-15	6.84e-10	1.86e-05	9.96e-01	4.08e-03	0.00e+00	0.00e+00	0.00e+00	0.00e+00	9.59e-16	1.93e-15	5.14e-65
 7.45044e+13	1.70e-21	3.55e-15	7.86e-10	2.00e-05	9.96e-01	3.80e-03	0.00e+00	0.00e+00	0.00e+00	0.00e+00	1.18e-15	2.38e-15	1.09e-64
 7.74883e+13	2.27e-21	4.43e-15	9.20e-10	2.16e-05	9.96e-01	3.51e-03	0.00e+00	0.00e+00	0.00e+00	0.00e+00	1.47e-15	2.96e-15	2.39e-64
 8.04134e+13	3.02e-21	5.49e-15	1.07e-09	2.33e-05	9.97e-01	3.26e-03	0.00e+00	0.00e+00	0.00e+00	0.00e+00	1.82e-15	3.67e-15	5.20e-64
 8.31743e+13	3.91e-21	6.69e-15	1.22e-09	2.50e-05	9.97e-01	3.05e-03	0.00e+00	0.00e+00	0.00e+00	0.00e+00	2.22e-15	4.48e-15	1.07e-63
 8.62501e+13	5.13e-21	8.25e-15	1.41e-09	2.69e-05	9.97e-01	2.83e-03	0.00e+00	0.00e+00	0.00e+00	0.00e+00	2.73e-15	5.51e-15	2.26e-63
 8.97301e+13	6.84e-21	1.03e-14	1.65e-09	2.91e-05	9.97e-01	2.61e-03	0.00e+00	0.00e+00	0.00e+00	0.00e+00	3.41e-15	6.87e-15	4.98e-63
 9.32076e+13	9.18e-21	1.29e-14	1.92e-09	3.14e-05	9.98e-01	2.42e-03	0.00e+00	0.00e+00	0.00e+00	0.00e+00	4.26e-15	8.60e-15	1.13e-62
 9.64685e+13	1.17e-20	1.55e-14	2.21e-09	3.37e-05	9.98e-01	2.26e-03	0.00e+00	0.00e+00	0.00e+00	0.00e+00	5.14e-15	1.04e-14	2.20e-62
 1.00001e+14	1.54e-20	1.91e-14	2.55e-09	3.63e-05	9.98e-01	2.10e-03	0.00e+00	0.00e+00	0.00e+00	0.00e+00	6.33e-15	1.28e-14	4.65e-62
 1.03952e+14	2.06e-20	2.40e-14	2.97e-09	3.92e-05	9.98e-01	1.94e-03	0.00e+00	0.00e+00	0.00e+00	0.00e+00	7.93e-15	1.60e-14	1.05e-61
 1.07648e+14	2.67e-20	2.92e-14	3.42e-09	4.21e-05	9.98e-01	1.81e-03	0.00e+00	0.00e+00	0.00e+00	0.00e+00	9.66e-15	1.95e-14	2.14e-61
 1.11067e+14	3.36e-20	3.48e-14	3.87e-09	4.48e-05	9.98e-01	1.70e-03	0.00e+00	0.00e+00	0.00e+00	0.00e+00	1.15e-14	2.33e-14	4.05e-61
 1.14346e+14	4.16e-20	4.10e-14	4.35e-09	4.76e-05	9.98e-01	1.60e-03	0.00e+00	0.00e+00	0.00e+00	0.00e+00	1.36e-14	2.74e-14	7.32e-61
 1.17982e+14	5.24e-20	4.90e-14	4.92e-09	5.07e-05	9.98e-01	1.50e-03	0.00e+00	0.00e+00	0.00e+00	0.00e+00	1.62e-14	3.28e-14	1.39e-60
 1.22007e+14	6.70e-20	5.92e-14	5.63e-09	5.42e-05	9.99e-01	1.41e-03	0.00e+00	0.00e+00	0.00e+00	0.00e+00	1.96e-14	3.96e-14	2.75e-60
 1.25759e+14	8.30e-20	6.98e-14	6.35e-09	5.77e-05	9.99e-01	1.32e-03	0.00e+00	0.00e+00	0.00e+00	0.00e+00	2.31e-14	4.67e-14	4.96e-60
 1.29859e+14	1.06e-19	8.43e-14	7.22e-09	6.15e-05	9.99e-01	1.24e-03	0.00e+00	0.00e+00	0.00e+00	0.00e+00	2.79e-14	5.64e-14	9.82e-60
 1.34468e+14	1.36e-19	1.02e-13	8.30e-09	6.60e-05	9.99e-01	1.16e-03	0.00e+00	0.00e+00	0.00e+00	0.00e+00	3.37e-14	6.82e-14	1.94e-59
 1.38859e+14	1.73e-19	1.23e-13	9.43e-09	7.05e-05	9.99e-01	1.08e-03	0.00e+00	0.00e+00	0.00e+00	0.00e+00	4.06e-14	8.22e-14	3.80e-59
 1.43687e+14	2.19e-19	1.47e-13	1.08e-08	7.56e-05	9.99e-01	1.01e-03	0.00e+00	0.00e+00	0.00e+00	0.00e+00	4.88e-14	9.87e-14	7.33e-59
 1.49015e+14	2.88e-19	1.83e-13	1.25e-08	8.13e-05	9.99e-01	9.39e-04	0.00e+00	0.00e+00	0.00e+00	0.00e+00	6.04e-14	1.22e-13	1.59e-58
 1.53934e+14	3.61e-19	2.17e-13	1.42e-08	8.69e-05	9.99e-01	8.78e-04	0.00e+00	0.00e+00	0.00e+00	0.00e+00	7.18e-14	1.46e-13	2.96e-58
 1.59268e+14	4.65e-19	2.65e-13	1.63e-08	9.30e-05	9.99e-01	8.20e-04	0.00e+00	0.00e+00	0.00e+00	0.00e+00	8.74e-14	1.77e-13	6.03e-58
 1.65222e+14	6.01e-19	3.22e-13	1.89e-08	1.00e-04	9.99e-01	7.60e-04	0.00e+00	0.00e+00	0.00e+00	0.00e+00	1.06e-13	2.16e-13	1.22e-57
 1.70806e+14	7.63e-19	3.88e-13	2.16e-08	1.07e-04	9.99e-01	7.11e-04	0.00e+00	0.00e+00	0.00e+00	0.00e+00	1.28e-13	2.60e-13	2.38e-57
 1.76888e+14	9.84e-19	4.73e-13	2.48e-08	1.15e-04	9.99e-01	6.62e-04	0.00e+00	0.00e+00	0.00e+00	0.00e+00	1.56e-13	3.17e-13	4.88e-57
 1.83654e+14	1.27e-18	5.78e-13	2.89e-08	1.25e-04	9.99e-01	6.13e-04	0.00e+00	0.00e+00	0.00e+00	0.00e+00	1.91e-13	3.87e-13	9.91e-57
 1.89978e+14	1.63e-18	7.02e-13	3.30e-08	1.33e-04	9.99e-01	5.72e-04	0.00e+00	0.00e+00	0.00e+00	0.00e+00	2.32e-13	4.70e-13	2.01e-56
 1.96846e+14	2.06e-18	8.45e-13	3.81e-08	1.44e-04	9.99e-01	5.31e-04	0.00e+00	0.00e+00	0.00e+00	0.00e+00	2.78e-13	5.66e-13	3.87e-56
 2.04510e+14	2.73e-18	1.05e-12	4.44e-08	1.55e-04	9.99e-01	4.91e-04	0.00e+00	0.00e+00	0.00e+00	0.00e+00	3.45e-13	7.02e-13	8.42e-56
 2.11766e+14	3.44e-18	1.26e-12	5.11e-08	1.67e-04	9.99e-01	4.57e-04	0.00e+00	0.00e+00	0.00e+00	0.00e+00	4.16e-13	8.46e-13	1.63e-55
 2.19552e+14	4.47e-18	1.55e-12	5.90e-08	1.80e-04	9.99e-01	4.24e-04	0.00e+00	0.00e+00	0.00e+00	0.00e+00	5.10e-13	1.04e-12	3.42e-55
 2.28364e+14	5.81e-18	1.90e-12	6.92e-08	1.95e-04	9.99e-01	3.90e-04	0.00e+00	0.00e+00	0.00e+00	0.00e+00	6.26e-13	1.28e-12	7.10e-55
 2.37001e+14	7.54e-18	2.34e-12	8.02e-08	2.11e-04	9.99e-01	3.61e-04	0.00e+00	0.00e+00	0.00e+00	0.00e+00	7.71e-13	1.57e-12	1.50e-54
 2.45983e+14	9.61e-18	2.84e-12	9.32e-08	2.28e-04	9.99e-01	3.34e-04	0.00e+00	0.00e+00	0.00e+00	0.00e+00	9.34e-13	1.90e-12	2.96e-54
 2.55852e+14	1.27e-17	3.54e-12	1.09e-07	2.48e-04	9.99e-01	3.08e-04	0.00e+00	0.00e+00	0.00e+00	0.00e+00	1.16e-12	2.38e-12	6.54e-54
 2.65595e+14	1.62e-17	4.29e-12	1.27e-07	2.68e-04	9.99e-01	2.84e-04	0.00e+00	0.00e+00	0.00e+00	0.00e+00	1.41e-12	2.88e-12	1.30e-53
 2.73622e+14	1.99e-17	5.05e-12	1.43e-07	2.86e-04	9.99e-01	2.66e-04	0.00e+00	0.00e+00	0.00e+00	0.00e+00	1.66e-12	3.39e-12	2.32e-53
 2.80008e+14	2.31e-17	5.70e-12	1.57e-07	3.00e-04	9.99e-01	2.54e-04	0.00e+00	0.00e+00	0.00e+00	0.00e+00	1.87e-12	3.83e-12	3.57e-53
 2.87074e+14	2.72e-17	6.51e-12	1.74e-07	3.17e-04	9.99e-01	2.41e-04	0.00e+00	0.00e+00	0.00e+00	0.00e+00	2.14e-12	4.37e-12	5.76e-53
 2.96260e+14	3.35e-17	7.68e-12	1.97e-07	3.39e-04	9.99e-01	2.25e-04	0.00e+00	0.00e+00	0.00e+00	0.00e+00	2.52e-12	5.15e-12	1.04e-52
 3.06131e+14	4.14e-17	9.11e-12	2.25e-07	3.64e-04	9.99e-01	2.09e-04	0.00e+00	0.00e+00	0.00e+00	0.00e+00	2.99e-12	6.12e-12	1.91e-52
 3.14923e+14	4.99e-17	1.06e-11	2.53e-07	3.87e-04	9.99e-01	1.97e-04	0.00e+00	4.17e-18	1.25e-17	2.09e-17	3.49e-12	7.13e-12	3.31e-52
 3.24385e+14	6.03e-17	1.24e-11	2.85e-07	4.13e-04	9.99e-01	1.84e-04	0.00e+00	5.04e-18	1.51e-17	2.53e-17	4.06e-12	8.30e-12	5.70e-52
 3.36343e+14	7.64e-17	1.50e-11	3.30e-07	4.47e-04	9.99e-01	1.70e-04	0.00e+00	6.39e-18	1.92e-17	3.21e-17	4.91e-12	1.00e-11	1.13e-51
 3.48463e+14	9.59e-17	1.80e-11	3.80e-07	4.83e-04	9.99e-01	1.58e-04	0.00e+00	8.03e-18	2.41e-17	4.03e-17	5.91e-12	1.21e-11	2.21e-51
 3.58779e+14	1.16e-16	2.10e-11	4.28e-07	5.15e-04	9.99e-01	1.48e-04	0.00e+00	9.69e-18	2.91e-17	4.86e-17	6.88e-12	1.41e-11	3.83e-51
 3.69831e+14	1.40e-16	2.45e-11	4.83e-07	5.50e-04	9.99e-01	1.39e-04	0.00e+00	1.17e-17	3.52e-17	5.87e-17	8.05e-12	1.65e-11	6.77e-51
 3.83614e+14	1.77e-16	2.97e-11	5.61e-07	5.97e-04	9.99e-01	1.28e-04	0.00e+00	1.48e-17	4.46e-17	7.44e-17	9.73e-12	1.99e-11	1.35e-50
 3.97756e+14	2.23e-16	3.59e-11	6.50e-07	6.47e-04	9.99e-01	1.18e-04	0.00e+00	1.88e-17	5.63e-17	9.41e-17	1.18e-11	2.41e-11	2.70e-50
 4.10230e+14	2.71e-16	4.21e-11	7.36e-07	6.93e-04	9.99e-01	1.10e-04	0.00e+00	2.28e-17	6.85e-17	1.14e-16	1.38e-11	2.83e-11	4.88e-50
 4.23726e+14	3.29e-16	4.96e-11	8.38e-07	7.45e-04	9.99e-01	1.03e-04	0.00e+00	2.77e-17	8.32e-17	1.39e-16	1.63e-11	3.33e-11	8.87e-50
 4.39997e+14	4.22e-16	6.05e-11	9.77e-07	8.11e-04	9.99e-01	9.42e-05	0.00e+00	3.55e-17	1.07e-16	1.78e-16	1.99e-11	4.07e-11	1.85e-49
 4.56123e+14	5.27e-16	7.29e-11	1.13e-06	8.80e-04	9.99e-01	8.69e-05	0.00e+00	4.45e-17	1.34e-16	2.23e-16	2.39e-11	4.90e-11	3.69e-49
 4.70474e+14	6.42e-16	8.57e-11	1.28e-06	9.43e-04	9.99e-01	8.12e-05	0.00e+00	5.42e-17	1.63e-16	2.72e-16	2.81e-11	5.76e-11	6.77e-49
 4.86271e+14	7.88e-16	1.01e-10	1.46e-06	1.02e-03	9.99e-01	7.54e-05	0.00e+00	6.66e-17	2.00e-16	3.34e-16	3.33e-11	6.82e-11	1.28e-48
 5.05119e+14	9.99e-16	1.24e-10	1.71e-06	1.11e-03	9.99e-01	6.93e-05	0.00e+00	8.45e-17	2.54e-16	4.24e-16	4.06e-11	8.30e-11	2.69e-48
 5.23883e+14	1.25e-15	1.49e-10	1.98e-06	1.20e-03	9.99e-01	6.38e-05	0.00e+00	1.06e-16	3.19e-16	5.33e-16	4.90e-11	1.00e-10	5.52e-48
 5.41078e+14	1.52e-15	1.76e-10	2.25e-06	1.29e-03	9.99e-01	5.95e-05	0.00e+00	1.29e-16	3.88e-16	6.48e-16	5.77e-11	1.18e-10	1.02e-47
 5.60286e+14	1.93e-15	2.12e-10	2.59e-06	1.40e-03	9.99e-01	5.50e-05	0.00e+00	1.64e-16	4.91e-16	8.20e-16	6.96e-11	1.42e-10	2.11e-47
 5.82580e+14	2.46e-15	2.60e-10	3.02e-06	1.53e-03	9.98e-01	5.04e-05	0.00e+00	2.09e-16	6.27e-16	1.05e-15	8.53e-11	1.74e-10	4.65e-47
 6.04499e+14	3.11e-15	3.15e-10	3.51e-06	1.66e-03	9.98e-01	4.65e-05	0.00e+00	2.65e-16	7.95e-16	1.33e-15	1.04e-10	2.12e-10	9.94e-47
 6.25399e+14	3.85e-15	3.76e-10	4.02e-06	1.79e-03	9.98e-01	4.31e-05	0.00e+00	3.28e-16	9.86e-16	1.65e-15	1.24e-10	2.53e-10	2.00e-46
 6.43686e+14	4.63e-15	4.38e-10	4.50e-06	1.91e-03	9.98e-01	4.04e-05	0.00e+00	3.95e-16	1.19e-15	1.98e-15	1.44e-10	2.94e-10	3.65e-46
 6.58789e+14	5.38e-15	4.95e-10	4.94e-06	2.01e-03	9.98e-01	3.84e-05	0.00e+00	4.60e-16	1.38e-15	2.31e-15	1.63e-10	3.32e-10	5.95e-46
 6.75428e+14	6.31e-15	5.65e-10	5.46e-06	2.13e-03	9.98e-01	3.64e-05	0.00e+00	5.40e-16	1.62e-15	2.71e-15	1.86e-10	3.79e-10	1.01e-45
 6.97058e+14	7.67e-15	6.66e-10	6.19e-06	2.29e-03	9.98e-01	3.39e-05	0.00e+00	6.57e-16	1.97e-15	3.29e-15	2.19e-10	4.47e-10	1.94e-45
 7.19826e+14	9.27e-15	7.83e-10	7.03e-06	2.46e-03	9.98e-01	3.16e-05	0.00e+00	7.95e-16	2.39e-15	3.98e-15	2.57e-10	5.25e-10	3.68e-45
 7.39473e+14	1.13e-14	9.13e-10	7.83e-06	2.61e-03	9.97e-01	2.98e-05	0.00e+00	9.67e-16	2.90e-15	4.84e-15	3.00e-10	6.13e-10	6.84e-45
 7.60415e+14	1.35e-14	1.06e-09	8.76e-06	2.78e-03	9.97e-01	2.80e-05	0.00e+00	1.16e-15	3.48e-15	5.80e-15	3.48e-10	7.11e-10	1.24e-44
 7.87639e+14	1.69e-14	1.28e-09	1.01e-05	3.01e-03	9.97e-01	2.60e-05	0.00e+00	1.45e-15	4.36e-15	7.28e-15	4.20e-10	8.57e-10	2.63e-44
 8.15635e+14	2.08e-14	1.53e-09	1.16e-05	3.25e-03	9.97e-01	2.41e-05	0.00e+00	1.79e-15	5.38e-15	8.99e-15	5.02e-10	1.02e-09	5.31e-44
 8.39017e+14	2.51e-14	1.78e-09	1.29e-05	3.46e-03	9.97e-01	2.27e-05	0.00e+00	2.17e-15	6.50e-15	1.09e-14	5.86e-10	1.19e-09	9.88e-44
 8.63800e+14	3.04e-14	2.08e-09	1.45e-05	3.69e-03	9.96e-01	2.13e-05	0.00e+00	2.62e-15	7.87e-15	1.31e-14	6.86e-10	1.40e-09	1.85e-43
 8.95379e+14	3.92e-14	2.56e-09	1.68e-05	4.01e-03	9.96e-01	1.97e-05	0.00e+00	3.39e-15	1.02e-14	1.70e-14	8.43e-10	1.72e-09	4.26e-43
 9.28359e+14	4.97e-14	3.11e-09	1.94e-05	4.33e-03	9.96e-01	1.83e-05	0.00e+00	4.30e-15	1.29e-14	2.16e-14	1.03e-09	2.09e-09	9.21e-43
 9.57642e+14	6.00e-14	3.65e-09	2.19e-05	4.64e-03	9.95e-01	1.71e-05	0.00e+00	5.20e-15	1.56e-14	2.60e-14	1.20e-09	2.45e-09	1.75e-42
 9.89553e+14	7.44e-14	4.36e-09	2.49e-05	4.99e-03	9.95e-01	1.60e-05	0.00e+00	6.45e-15	1.94e-14	3.23e-14	1.44e-09	2.93e-09	3.56e-42
 1.02776e+15	9.86e-14	5.45e-09	2.90e-05	5.44e-03	9.95e-01	1.48e-05	0.00e+00	8.57e-15	2.57e-14	4.29e-14	1.80e-09	3.65e-09	8.72e-42
 1.06569e+15	1.25e-13	6.65e-09	3.35e-05	5.88e-03	9.94e-01	1.37e-05	0.00e+00	1.09e-14	3.26e-14	5.44e-14	2.19e-09	4.46e-09	1.88e-41
 1.10006e+15	1.55e-13	7.94e-09	3.80e-05	6.31e-03	9.94e-01	1.29e-05	0.00e+00	1.35e-14	4.05e-14	6.76e-14	2.62e-09	5.32e-09	3.78e-41
 1.13825e+15	1.91e-13	9.47e-09	4.35e-05	6.80e-03	9.93e-01	1.20e-05	0.00e+00	1.66e-14	4.99e-14	8.33e-14	3.13e-09	6.35e-09	7.50e-41
 1.18305e+15	2.56e-13	1.20e-08	5.07e-05	7.41e-03	9.93e-01	1.11e-05	0.00e+00	2.24e-14	6.71e-14	1.12e-13	3.95e-09	8.01e-09	1.88e-40
 1.22724e+15	3.26e-13	1.46e-08	5.87e-05	8.02e-03	9.92e-01	1.04e-05	0.00e+00	2.84e-14	8.53e-14	1.42e-13	4.83e-09	9.80e-09	4.08e-40
 1.26866e+15	4.09e-13	1.77e-08	6.70e-05	8.63e-03	9.91e-01	9.73e-06	0.00e+00	3.58e-14	1.07e-13	1.79e-13	5.83e-09	1.18e-08	8.42e-40
 1.31490e+15	5.10e-13	2.13e-08	7.72e-05	9.32e-03	9.91e-01	9.10e-06	0.00e+00	4.47e-14	1.34e-13	2.24e-13	7.04e-09	1.43e-08	1.72e-39
 1.36753e+15	6.91e-13	2.71e-08	9.04e-05	1.02e-02	9.90e-01	8.46e-06	0.00e+00	6.05e-14	1.82e-13	3.03e-13	8.97e-09	1.82e-08	4.38e-39
 1.41960e+15	8.95e-13	3.36e-08	1.05e-04	1.10e-02	9.89e-01	7.91e-06	0.00e+00	7.85e-14	2.36e-13	3.93e-13	1.11e-08	2.25e-08	9.82e-39
 1.46229e+15	1.10e-12	3.98e-08	1.18e-04	1.18e-02	9.88e-01	7.50e-06	0.00e+00	9.65e-14	2.89e-13	4.83e-13	1.32e-08	2.66e-08	1.86e-38
 1.49557e+15	1.28e-12	4.53e-08	1.29e-04	1.23e-02	9.88e-01	7.22e-06	0.00e+00	1.13e-13	3.38e-13	5.64e-13	1.50e-08	3.03e-08	3.02e-38
 1.53198e+15	1.51e-12	5.20e-08	1.42e-04	1.30e-02	9.87e-01	6.92e-06	0.00e+00	1.33e-13	4.00e-13	6.67e-13	1.72e-08	3.48e-08	5.05e-38
 1.57931e+15	1.82e-12	6.09e-08	1.60e-04	1.39e-02	9.86e-01	6.57e-06	0.00e+00	1.60e-13	4.81e-13	8.03e-13	2.02e-08	4.08e-08	9.02e-38
 1.63081e+15	2.34e-12	7.46e-08	1.83e-04	1.49e-02	9.85e-01	6.24e-06	0.00e+00	2.06e-13	6.19e-13	1.03e-12	2.47e-08	4.99e-08	1.90e-37
 1.67714e+15	2.82e-12	8.74e-08	2.04e-04	1.58e-02	9.84e-01	5.97e-06	0.00e+00	2.49e-13	7.46e-13	1.25e-12	2.89e-08	5.84e-08	3.38e-37
 1.72679e+15	3.40e-12	1.02e-07	2.29e-04	1.68e-02	9.83e-01	5.70e-06	0.00e+00	3.00e-13	9.01e-13	1.50e-12	3.38e-08	6.84e-08	5.95e-37
 1.78997e+15	4.48e-12	1.28e-07	2.65e-04	1.82e-02	9.82e-01	5.39e-06	0.00e+00	3.95e-13	1.19e-12	1.98e-12	4.24e-08	8.56e-08	1.37e-36
 1.85385e+15	5.67e-12	1.56e-07	3.05e-04	1.96e-02	9.80e-01	5.13e-06	0.00e+00	5.01e-13	1.50e-12	2.51e-12	5.18e-08	1.05e-07	2.81e-36
 1.90756e+15	6.83e-12	1.83e-07	3.42e-04	2.08e-02	9.79e-01	4.93e-06	0.00e+00	6.04e-13	1.81e-12	3.02e-12	6.05e-08	1.22e-07	4.89e-36
 1.96494e+15	8.38e-12	2.17e-07	3.85e-04	2.22e-02	9.77e-01	4.73e-06	0.00e+00	7.42e-13	2.23e-12	3.71e-12	7.19e-08	1.45e-07	9.05e-36
 2.03733e+15	1.10e-11	2.73e-07	4.46e-04	2.40e-02	9.76e-01	4.51e-06	0.00e+00	9.77e-13	2.93e-12	4.89e-12	9.03e-08	1.82e-07	2.09e-35
 2.11197e+15	1.42e-11	3.37e-07	5.16e-04	2.59e-02	9.74e-01	4.31e-06	0.00e+00	1.26e-12	3.78e-12	6.30e-12	1.12e-07	2.25e-07	4.40e-35
 2.17739e+15	1.74e-11	4.02e-07	5.83e-04	2.76e-02	9.72e-01	4.16e-06	0.00e+00	1.55e-12	4.64e-12	7.74e-12	1.33e-07	2.69e-07	8.09e-35
 2.24809e+15	2.15e-11	4.79e-07	6.63e-04	2.95e-02	9.70e-01	4.00e-06	0.00e+00	1.91e-12	5.73e-12	9.56e-12	1.59e-07	3.20e-07	1.47e-34
 2.33382e+15	2.83e-11	6.05e-07	7.72e-04	3.20e-02	9.67e-01	3.84e-06	0.00e+00	2.51e-12	7.54e-12	1.26e-11	2.01e-07	4.04e-07	3.34e-34
 2.41879e+15	3.65e-11	7.48e-07	8.92e-04	3.45e-02	9.65e-01	3.70e-06	0.00e+00	3.24e-12	9.73e-12	1.62e-11	2.48e-07	5.00e-07	6.91e-34
 2.49435e+15	4.47e-11	8.87e-07	1.01e-03	3.68e-02	9.62e-01	3.59e-06	0.00e+00	3.98e-12	1.19e-11	1.99e-11	2.94e-07	5.93e-07	1.23e-33
 2.57800e+15	5.62e-11	1.08e-06	1.16e-03	3.95e-02	9.59e-01	3.48e-06	0.00e+00	5.00e-12	1.50e-11	2.50e-11	3.57e-07	7.20e-07	2.38e-33
 2.67781e+15	7.54e-11	1.38e-06	1.35e-03	4.29e-02	9.56e-01	3.37e-06	0.00e+00	6.72e-12	2.02e-11	3.36e-11	4.58e-07	9.22e-07	5.61e-33
 2.77245e+15	9.57e-11	1.70e-06	1.56e-03	4.62e-02	9.52e-01	3.27e-06	0.00e+00	8.54e-12	2.56e-11	4.27e-11	5.62e-07	1.13e-06	1.12e-32
 2.85300e+15	1.17e-10	2.01e-06	1.75e-03	4.91e-02	9.49e-01	3.20e-06	0.00e+00	1.04e-11	3.13e-11	5.23e-11	6.68e-07	1.34e-06	1.98e-32
 2.94139e+15	1.45e-10	2.42e-06	1.99e-03	5.24e-02	9.46e-01	3.13e-06	0.00e+00	1.30e-11	3.90e-11	6.50e-11	8.02e-07	1.62e-06	3.63e-32
 3.05120e+15	1.85e-10	2.95e-06	2.31e-03	5.66e-02	9.41e-01	3.04e-06	0.00e+00	1.65e-11	4.95e-11	8.26e-11	9.79e-07	1.97e-06	6.84e-32
 3.16422e+15	2.43e-10	3.75e-06	2.68e-03	6.13e-02	9.36e-01	2.97e-06	0.00e+00	2.18e-11	6.53e-11	1.09e-10	1.25e-06	2.51e-06	1.55e-31
 3.25164e+15	2.94e-10	4.42e-06	3.00e-03	6.50e-02	9.32e-01	2.93e-06	0.00e+00	2.63e-11	7.89e-11	1.32e-10	1.47e-06	2.95e-06	2.61e-31
 3.33040e+15	3.50e-10	5.12e-06	3.32e-03	6.84e-02	9.28e-01	2.89e-06	0.00e+00	3.13e-11	9.40e-11	1.57e-10	1.70e-06	3.42e-06	4.18e-31
 3.43278e+15	4.32e-10	6.13e-06	3.77e-03	7.30e-02	9.23e-01	2.84e-06	0.00e+00	3.88e-11	1.16e-10	1.94e-10	2.03e-06	4.09e-06	7.37e-31
 3.54207e+15	5.43e-10	7.45e-06	4.30e-03	7.81e-02	9.18e-01	2.79e-06	0.00e+00	4.87e-11	1.46e-10	2.44e-10	2.47e-06	4.98e-06	1.39e-30
 3.63753e+15	6.53e-10	8.73e-06	4.80e-03	8.26e-02	9.13e-01	2.75e-06	0.00e+00	5.86e-11	1.76e-10	2.93e-10	2.90e-06	5.83e-06	2.25e-30
 3.73880e+15	7.90e-10	1.02e-05	5.39e-03	8.76e-02	9.07e-01	2.71e-06	0.00e+00	7.10e-11	2.13e-10	3.55e-10	3.39e-06	6.81e-06	3.65e-30
 3.87044e+15	1.04e-09	1.29e-05	6.26e-03	9.47e-02	8.99e-01	2.67e-06	0.00e+00	9.35e-11	2.80e-10	4.68e-10	4.28e-06	8.61e-06	7.82e-30
 3.99970e+15	1.31e-09	1.57e-05	7.20e-03	1.02e-01	8.91e-01	2.63e-06	0.00e+00	1.18e-10	3.53e-10	5.89e-10	5.21e-06	1.05e-05	1.39e-29
 4.10093e+15	1.56e-09	1.81e-05	8.00e-03	1.07e-01	8.85e-01	2.60e-06	0.00e+00	1.41e-10	4.22e-10	7.03e-10	6.02e-06	1.21e-05	2.14e-29
 4.20762e+15	1.89e-09	2.13e-05	8.95e-03	1.13e-01	8.78e-01	2.57e-06	0.00e+00	1.70e-10	5.10e-10	8.51e-10	7.07e-06	1.42e-05	3.48e-29
 4.34632e+15	2.46e-09	2.66e-05	1.03e-02	1.22e-01	8.68e-01	2.54e-06	0.00e+00	2.22e-10	6.66e-10	1.11e-09	8.85e-06	1.78e-05	7.10e-29
 4.49014e+15	3.13e-09	3.25e-05	1.19e-02	1.31e-01	8.57e-01	2.50e-06	0.00e+00	2.82e-10	8.47e-10	1.41e-09	1.08e-05	2.17e-05	1.26e-28
 4.61210e+15	3.80e-09	3.81e-05	1.34e-02	1.39e-01	8.48e-01	2.48e-06	0.00e+00	3.44e-10	1.03e-09	1.72e-09	1.27e-05	2.54e-05	1.99e-28
 4.74215e+15	4.71e-09	4.55e-05	1.52e-02	1.47e-01	8.37e-01	2.44e-06	0.00e+00	4.26e-10	1.28e-09	2.13e-09	1.51e-05	3.04e-05	3.35e-28
 4.88504e+15	6.10e-09	5.65e-05	1.74e-02	1.58e-01	8.25e-01	2.43e-06	0.00e+00	5.53e-10	1.66e-09	2.76e-09	1.88e-05	3.77e-05	6.38e-28
 5.01333e+15	7.50e-09	6.70e-05	1.96e-02	1.67e-01	8.13e-01	2.41e-06	0.00e+00	6.80e-10	2.04e-09	3.40e-09	2.23e-05	4.47e-05	1.04e-27
 5.14877e+15	9.28e-09	7.97e-05	2.22e-02	1.77e-01	8.00e-01	2.37e-06	0.00e+00	8.42e-10	2.53e-09	4.21e-09	2.65e-05	5.32e-05	1.69e-27
 5.29987e+15	1.16e-08	9.52e-05	2.54e-02	1.89e-01	7.86e-01	2.34e-06	0.00e+00	1.05e-09	3.16e-09	5.27e-09	3.17e-05	6.36e-05	2.74e-27
 5.43903e+15	1.48e-08	1.17e-04	2.88e-02	2.01e-01	7.70e-01	2.33e-06	0.00e+00	1.34e-09	4.03e-09	6.72e-09	3.88e-05	7.77e-05	5.04e-27
 5.56149e+15	1.78e-08	1.36e-04	3.20e-02	2.11e-01	7.57e-01	2.31e-06	0.00e+00	1.62e-09	4.85e-09	8.09e-09	4.52e-05	9.06e-05	7.66e-27
 5.67195e+15	2.11e-08	1.56e-04	3.52e-02	2.20e-01	7.44e-01	2.29e-06	0.00e+00	1.92e-09	5.77e-09	9.62e-09	5.19e-05	1.04e-04	1.13e-26
 5.79296e+15	2.56e-08	1.82e-04	3.92e-02	2.31e-01	7.29e-01	2.27e-06	0.00e+00	2.33e-09	7.00e-09	1.17e-08	6.05e-05	1.21e-04	1.74e-26
 5.92302e+15	3.08e-08	2.09e-04	4.36e-02	2.42e-01	7.14e-01	2.24e-06	0.00e+00	2.81e-09	8.42e-09	1.40e-08	6.95e-05	1.39e-04	2.47e-26
 6.06483e+15	3.92e-08	2.55e-04	4.95e-02	2.56e-01	6.94e-01	2.22e-06	0.00e+00	3.58e-09	1.07e-08	1.79e-08	8.49e-05	1.70e-04	4.48e-26
 6.21683e+15	4.83e-08	2.99e-04	5.61e-02	2.70e-01	6.74e-01	2.18e-06	0.00e+00	4.42e-09	1.33e-08	2.21e-08	9.96e-05	1.99e-04	6.66e-26
 6.35663e+15	6.14e-08	3.64e-04	6.34e-02	2.85e-01	6.52e-01	2.17e-06	0.00e+00	5.62e-09	1.68e-08	2.81e-08	1.21e-04	2.43e-04	1.19e-25
 6.48385e+15	7.47e-08	4.25e-04	7.05e-02	2.97e-01	6.32e-01	2.15e-06	0.00e+00	6.84e-09	2.05e-08	3.42e-08	1.42e-04	2.84e-04	1.82e-25
 6.60039e+15	8.98e-08	4.91e-04	7.78e-02	3.09e-01	6.13e-01	2.14e-06	0.00e+00	8.24e-09	2.47e-08	4.12e-08	1.64e-04	3.27e-04	2.71e-25
 6.71332e+15	1.07e-07	5.64e-04	8.56e-02	3.21e-01	5.93e-01	2.12e-06	0.00e+00	9.86e-09	2.96e-08	4.93e-08	1.88e-04	3.76e-04	3.98e-25
 6.84136e+15	1.29e-07	6.45e-04	9.51e-02	3.33e-01	5.71e-01	2.09e-06	0.00e+00	1.19e-08	3.56e-08	5.94e-08	2.15e-04	4.30e-04	5.60e-25
 7.00782e+15	1.77e-07	8.23e-04	1.10e-01	3.52e-01	5.37e-01	2.06e-06	0.00e+00	1.63e-08	4.87e-08	8.12e-08	2.74e-04	5.49e-04	1.17e-24
 7.16759e+15	2.23e-07	9.86e-04	1.26e-01	3.67e-01	5.06e-01	2.03e-06	0.00e+00	2.05e-08	6.15e-08	1.02e-07	3.29e-04	6.57e-04	1.86e-24
 7.28649e+15	2.67e-07	1.13e-03	1.38e-01	3.79e-01	4.82e-01	2.01e-06	0.00e+00	2.46e-08	7.37e-08	1.23e-07	3.75e-04	7.50e-04	2.67e-24
 7.40887e+15	3.27e-07	1.31e-03	1.54e-01	3.91e-01	4.54e-01	1.98e-06	0.00e+00	3.01e-08	9.04e-08	1.51e-07	4.38e-04	8.76e-04	4.15e-24
 7.54666e+15	4.24e-07	1.61e-03	1.73e-01	4.04e-01	4.21e-01	1.95e-06	0.00e+00	3.91e-08	1.17e-07	1.95e-07	5.36e-04	1.07e-03	7.69e-24
 7.66432e+15	5.24e-07	1.89e-03	1.92e-01	4.14e-01	3.92e-01	1.93e-06	0.00e+00	4.85e-08	1.45e-07	2.42e-07	6.30e-04	1.26e-03	1.26e-23
 7.75113e+15	6.13e-07	2.11e-03	2.06e-01	4.21e-01	3.71e-01	1.92e-06	0.00e+00	5.67e-08	1.70e-07	2.83e-07	7.05e-04	1.41e-03	1.76e-23
 7.83801e+15	7.21e-07	2.38e-03	2.22e-01	4.27e-01	3.48e-01	1.89e-06	0.00e+00	6.67e-08	2.00e-07	3.33e-07	7.95e-04	1.59e-03	2.55e-23
 7.93566e+15	8.58e-07	2.69e-03	2.41e-01	4.33e-01	3.23e-01	1.86e-06	0.00e+00	7.94e-08	2.38e-07	3.97e-07	8.98e-04	1.80e-03	3.65e-23
 8.03025e+15	1.00e-06	3.00e-03	2.60e-01	4.37e-01	2.99e-01	1.81e-06	0.00e+00	9.27e-08	2.78e-07	4.63e-07	1.00e-03	2.00e-03	5.02e-23
 8.13613e+15	1.25e-06	3.55e-03	2.86e-01	4.41e-01	2.69e-01	1.76e-06	0.00e+00	1.16e-07	3.49e-07	5.81e-07	1.18e-03	2.37e-03	8.87e-23
 8.23331e+15	1.48e-06	3.96e-03	3.08e-01	4.43e-01	2.44e-01	1.71e-06	0.00e+00	1.37e-07	4.12e-07	6.86e-07	1.32e-03	2.64e-03	1.24e-22
 8.29819e+15	1.74e-06	4.47e-03	3.26e-01	4.44e-01	2.25e-01	1.69e-06	0.00e+00	1.62e-07	4.84e-07	8.07e-07	1.49e-03	2.98e-03	1.92e-22
 8.34349e+15	1.90e-06	4.75e-03	3.38e-01	4.43e-01	2.13e-01	1.67e-06	0.00e+00	1.76e-07	5.29e-07	8.81e-07	1.58e-03	3.17e-03	2.35e-22
 8.38432e+15	2.07e-06	5.04e-03	3.50e-01	4.43e-01	2.02e-01	1.64e-06	0.00e+00	1.93e-07	5.78e-07	9.63e-07	1.68e-03	3.36e-03	2.90e-22
 8.43740e+15	2.28e-06	5.34e-03	3.64e-01	4.42e-01	1.89e-01	1.60e-06	0.00e+00	2.12e-07	6.35e-07	1.06e-06	1.78e-03	3.56e-03	3.46e-22
 8.50641e+15	2.66e-06	5.99e-03	3.86e-01	4.39e-01	1.69e-01	1.54e-06	0.00e+00	2.48e-07	7.44e-07	1.24e-06	2.00e-03	3.99e-03	5.29e-22
 8.56975e+15	3.05e-06	6.54e-03	4.04e-01	4.36e-01	1.53e-01	1.49e-06	0.00e+00	2.85e-07	8.53e-07	1.42e-06	2.18e-03	4.36e-03	7.24e-22
 8.61348e+15	3.33e-06	6.88e-03	4.17e-01	4.33e-01	1.43e-01	1.45e-06	0.00e+00	3.11e-07	9.31e-07	1.55e-06	2.30e-03	4.58e-03	8.66e-22
 8.65807e+15	3.67e-06	7.34e-03	4.32e-01	4.29e-01	1.32e-01	1.40e-06	0.00e+00	3.43e-07	1.03e-06	1.71e-06	2.45e-03	4.89e-03	1.10e-21
 8.71604e+15	4.27e-06	8.10e-03	4.51e-01	4.23e-01	1.17e-01	1.33e-06	0.00e+00	3.99e-07	1.20e-06	1.99e-06	2.70e-03	5.40e-03	1.63e-21
 8.77051e+15	4.75e-06	8.61e-03	4.68e-01	4.18e-01	1.05e-01	1.26e-06	0.00e+00	4.44e-07	1.33e-06	2.22e-06	2.87e-03	5.73e-03	2.03e-21
 8.82043e+15	5.37e-06	9.26e-03	4.85e-01	4.12e-01	9.42e-02	1.19e-06	0.00e+00	5.02e-07	1.51e-06	2.51e-06	3.09e-03	6.17e-03	2.70e-21
 8.87281e+15	6.08e-06	9.98e-03	5.02e-01	4.05e-01	8.34e-02	1.12e-06	0.00e+00	5.69e-07	1.71e-06	2.84e-06	3.33e-03	6.65e-03	3.65e-21
 8.91703e+15	6.83e-06	1.06e-02	5.16e-01	3.98e-01	7.47e-02	1.05e-06	0.00e+00	6.40e-07	1.92e-06	3.19e-06	3.55e-03	7.09e-03	4.76e-21
 8.95607e+15	7.56e-06	1.13e-02	5.29e-01	3.92e-01	6.73e-02	9.90e-07	0.00e+00	7.09e-07	2.13e-06	3.54e-06	3.76e-03	7.50e-03	6.03e-21
 8.99971e+15	8.45e-06	1.20e-02	5.44e-01	3.85e-01	5.96e-02	0.00e+00	0.00e+00	7.93e-07	2.38e-06	3.96e-06	4.00e-03	7.98e-03	7.79e-21
 9.04856e+15	9.85e-06	1.30e-02	5.61e-01	3.75e-01	5.12e-02	0.00e+00	0.00e+00	9.26e-07	2.78e-06	4.62e-06	4.34e-03	8.67e-03	1.13e-20
 9.09015e+15	1.09e-05	1.37e-02	5.73e-01	3.68e-01	4.53e-02	0.00e+00	0.00e+00	1.02e-06	3.07e-06	5.11e-06	4.58e-03	9.13e-03	1.41e-20
 9.13019e+15	1.23e-05	1.45e-02	5.86e-01	3.59e-01	3.96e-02	0.00e+00	0.00e+00	1.16e-06	3.47e-06	5.78e-06	4.85e-03	9.68e-03	1.83e-20
 9.18225e+15	1.39e-05	1.56e-02	6.02e-01	3.49e-01	3.32e-02	0.00e+00	0.00e+00	1.31e-06	3.93e-06	6.54e-06	5.20e-03	1.04e-02	2.48e-20
