#depth	He	He+	He+2
 1.49634e+10	1.42e-21	3.67e-11	1.00e+00
 4.54887e+10	1.65e-21	4.00e-11	1.00e+00
 7.72350e+10	1.91e-21	4.36e-11	1.00e+00
 1.10251e+11	2.21e-21	4.76e-11	1.00e+00
 1.43404e+11	2.54e-21	5.18e-11	1.00e+00
 1.77883e+11	2.93e-21	5.64e-11	1.00e+00
 2.14925e+11	3.40e-21	6.16e-11	1.00e+00
 2.49720e+11	3.90e-21	6.68e-11	1.00e+00
 2.80877e+11	4.38e-21	7.17e-11	1.00e+00
 3.15944e+11	4.96e-21	7.75e-11	1.00e+00
 3.57443e+11	5.75e-21	8.46e-11	1.00e+00
 3.99046e+11	6.63e-21	9.22e-11	1.00e+00
 4.38074e+11	7.53e-21	9.97e-11	1.00e+00
 4.81284e+11	8.62e-21	1.09e-10	1.00e+00
 5.30462e+11	1.00e-20	1.19e-10	1.00e+00
 5.78914e+11	1.16e-20	1.30e-10	1.00e+00
 6.29304e+11	1.33e-20	1.42e-10	1.00e+00
 6.84403e+11	1.55e-20	1.57e-10	1.00e+00
 7.39823e+11	1.79e-20	1.72e-10	1.00e+00
 7.97460e+11	2.06e-20	1.89e-10	1.00e+00
 8.59285e+11	2.39e-20	2.08e-10	1.00e+00
 9.20704e+11	2.75e-20	2.28e-10	1.00e+00
 9.84579e+11	3.15e-20	2.51e-10	1.00e+00
 1.05389e+12	3.64e-20	2.77e-10	1.00e+00
 1.12597e+12	4.20e-20	3.06e-10	1.00e+00
 1.20094e+12	4.83e-20	3.38e-10	1.00e+00
 1.27890e+12	5.55e-20	3.74e-10	1.00e+00
 1.34928e+12	6.27e-20	4.08e-10	1.00e+00
 1.40769e+12	6.89e-20	4.39e-10	1.00e+00
 1.47158e+12	7.61e-20	4.73e-10	1.00e+00
 1.55281e+12	8.59e-20	5.20e-10	1.00e+00
 1.63770e+12	9.72e-20	5.72e-10	1.00e+00
 1.71262e+12	1.08e-19	6.21e-10	1.00e+00
 1.78197e+12	1.18e-19	6.68e-10	1.00e+00
 1.86062e+12	1.30e-19	7.24e-10	1.00e+00
 1.95813e+12	1.47e-19	7.98e-10	1.00e+00
 2.05552e+12	1.65e-19	8.77e-10	1.00e+00
 2.13899e+12	1.81e-19	9.48e-10	1.00e+00
 2.22903e+12	1.99e-19	1.03e-09	1.00e+00
 2.34049e+12	2.23e-19	1.13e-09	1.00e+00
 2.45505e+12	2.50e-19	1.25e-09	1.00e+00
 2.55864e+12	2.77e-19	1.36e-09	1.00e+00
 2.67266e+12	3.08e-19	1.48e-09	1.00e+00
 2.80682e+12	3.49e-19	1.64e-09	1.00e+00
 2.94089e+12	3.93e-19	1.80e-09	1.00e+00
 3.06843e+12	4.40e-19	1.97e-09	1.00e+00
 3.20920e+12	4.98e-19	2.16e-09	1.00e+00
 3.36750e+12	5.70e-19	2.39e-09	1.00e+00
 3.50993e+12	6.43e-19	2.61e-09	1.00e+00
 3.62747e+12	7.09e-19	2.79e-09	1.00e+00
 3.75582e+12	7.88e-19	3.01e-09	1.00e+00
 3.91990e+12	9.01e-19	3.29e-09	1.00e+00
 4.08555e+12	1.03e-18	3.59e-09	1.00e+00
 4.22250e+12	1.15e-18	3.85e-09	1.00e+00
 4.36699e+12	1.28e-18	4.13e-09	1.00e+00
 4.55259e+12	1.48e-18	4.51e-09	1.00e+00
 4.74731e+12	1.71e-18	4.93e-09	1.00e+00
 4.91775e+12	1.94e-18	5.32e-09	1.00e+00
 5.10098e+12	2.22e-18	5.75e-09	1.00e+00
 5.32360e+12	2.59e-18	6.29e-09	1.00e+00
 5.53916e+12	3.01e-18	6.85e-09	1.00e+00
 5.72052e+12	3.40e-18	7.34e-09	1.00e+00
 5.91568e+12	3.86e-18	7.88e-09	1.00e+00
 6.16147e+12	4.53e-18	8.59e-09	1.00e+00
 6.41377e+12	5.30e-18	9.37e-09	1.00e+00
 6.63328e+12	6.05e-18	1.01e-08	1.00e+00
 6.86947e+12	6.95e-18	1.08e-08	1.00e+00
 7.15800e+12	8.20e-18	1.18e-08	1.00e+00
 7.44825e+12	9.63e-18	1.29e-08	1.00e+00
 7.70713e+12	1.11e-17	1.39e-08	1.00e+00
 7.99154e+12	1.28e-17	1.50e-08	1.00e+00
 8.33030e+12	1.52e-17	1.63e-08	1.00e+00
 8.66870e+12	1.79e-17	1.78e-08	1.00e+00
 8.98302e+12	2.07e-17	1.92e-08	1.00e+00
 9.33464e+12	2.42e-17	2.08e-08	1.00e+00
 9.73795e+12	2.88e-17	2.27e-08	1.00e+00
 1.01378e+13	3.40e-17	2.48e-08	1.00e+00
 1.05537e+13	4.02e-17	2.69e-08	1.00e+00
 1.10057e+13	4.78e-17	2.94e-08	1.00e+00
 1.14759e+13	5.66e-17	3.21e-08	1.00e+00
 1.19220e+13	6.63e-17	3.47e-08	1.00e+00
 1.23233e+13	7.60e-17	3.72e-08	1.00e+00
 1.26973e+13	8.59e-17	3.96e-08	1.00e+00
 1.31093e+13	9.78e-17	4.23e-08	1.00e+00
 1.35737e+13	1.13e-16	4.54e-08	1.00e+00
 1.40191e+13	1.29e-16	4.85e-08	1.00e+00
 1.45107e+13	1.48e-16	5.21e-08	1.00e+00
 1.50574e+13	1.72e-16	5.62e-08	1.00e+00
 1.55596e+13	1.96e-16	6.01e-08	1.00e+00
 1.60249e+13	2.21e-16	6.38e-08	1.00e+00
 1.65584e+13	2.52e-16	6.81e-08	1.00e+00
 1.72121e+13	2.94e-16	7.36e-08	1.00e+00
 1.78655e+13	3.42e-16	7.95e-08	1.00e+00
 1.84332e+13	3.87e-16	8.46e-08	1.00e+00
 1.90461e+13	4.40e-16	9.03e-08	1.00e+00
 1.97953e+13	5.12e-16	9.74e-08	1.00e+00
 2.05603e+13	5.97e-16	1.05e-07	1.00e+00
 2.12509e+13	6.78e-16	1.12e-07	1.00e+00
 2.20060e+13	7.76e-16	1.20e-07	1.00e+00
 2.28964e+13	9.05e-16	1.30e-07	1.00e+00
 2.37866e+13	1.05e-15	1.40e-07	1.00e+00
 2.46228e+13	1.20e-15	1.50e-07	1.00e+00
 2.55479e+13	1.38e-15	1.61e-07	1.00e+00
 2.65998e+13	1.62e-15	1.74e-07	1.00e+00
 2.76499e+13	1.88e-15	1.88e-07	1.00e+00
 2.87421e+13	2.18e-15	2.02e-07	1.00e+00
 2.99217e+13	2.54e-15	2.19e-07	1.00e+00
 3.11485e+13	2.96e-15	2.36e-07	1.00e+00
 3.23328e+13	3.42e-15	2.54e-07	1.00e+00
 3.34409e+13	3.89e-15	2.71e-07	1.00e+00
 3.44862e+13	4.37e-15	2.88e-07	1.00e+00
 3.56270e+13	4.95e-15	3.07e-07	1.00e+00
 3.68953e+13	5.67e-15	3.29e-07	1.00e+00
 3.80832e+13	6.39e-15	3.49e-07	1.00e+00
 3.93816e+13	7.26e-15	3.73e-07	1.00e+00
 4.08471e+13	8.35e-15	4.00e-07	1.00e+00
 4.22532e+13	9.52e-15	4.28e-07	1.00e+00
 4.38013e+13	1.09e-14	4.59e-07	1.00e+00
 4.55388e+13	1.27e-14	4.95e-07	1.00e+00
 4.72028e+13	1.45e-14	5.31e-07	1.00e+00
 4.89778e+13	1.67e-14	5.71e-07	1.00e+00
 5.09668e+13	1.95e-14	6.19e-07	1.00e+00
 5.28024e+13	2.23e-14	6.63e-07	1.00e+00
 5.43900e+13	2.50e-14	7.03e-07	1.00e+00
 5.61520e+13	2.83e-14	7.49e-07	1.00e+00
 5.83059e+13	3.27e-14	8.08e-07	1.00e+00
 6.04846e+13	3.76e-14	8.68e-07	1.00e+00
 6.24414e+13	4.26e-14	9.26e-07	1.00e+00
 6.45943e+13	4.85e-14	9.92e-07	1.00e+00
 6.71424e+13	5.63e-14	1.07e-06	1.00e+00
 6.96488e+13	6.47e-14	1.15e-06	1.00e+00
 7.19393e+13	7.33e-14	1.23e-06	1.00e+00
 7.45044e+13	8.37e-14	1.32e-06	1.00e+00
 7.74883e+13	9.74e-14	1.43e-06	1.00e+00
 8.04134e+13	1.12e-13	1.54e-06	1.00e+00
 8.31743e+13	1.27e-13	1.65e-06	1.00e+00
 8.62501e+13	1.46e-13	1.78e-06	1.00e+00
 8.97301e+13	1.70e-13	1.93e-06	1.00e+00
 9.32076e+13	1.96e-13	2.08e-06	1.00e+00
 9.64685e+13	2.23e-13	2.23e-06	1.00e+00
 1.00001e+14	2.55e-13	2.40e-06	1.00e+00
 1.03952e+14	2.94e-13	2.59e-06	1.00e+00
 1.07648e+14	3.35e-13	2.78e-06	1.00e+00
 1.11067e+14	3.75e-13	2.96e-06	1.00e+00
 1.14346e+14	4.18e-13	3.14e-06	1.00e+00
 1.17982e+14	4.69e-13	3.35e-06	1.00e+00
 1.22007e+14	5.30e-13	3.59e-06	1.00e+00
 1.25759e+14	5.89e-13	3.81e-06	1.00e+00
 1.29859e+14	6.63e-13	4.07e-06	1.00e+00
 1.34468e+14	7.51e-13	4.37e-06	1.00e+00
 1.38859e+14	8.43e-13	4.66e-06	1.00e+00
 1.43687e+14	9.50e-13	5.00e-06	1.00e+00
 1.49015e+14	1.08e-12	5.37e-06	1.00e+00
 1.53934e+14	1.22e-12	5.75e-06	1.00e+00
 1.59268e+14	1.37e-12	6.15e-06	1.00e+00
 1.65222e+14	1.56e-12	6.64e-06	1.00e+00
 1.70806e+14	1.75e-12	7.10e-06	1.00e+00
 1.76888e+14	1.98e-12	7.62e-06	1.00e+00
 1.83654e+14	2.25e-12	8.24e-06	1.00e+00
 1.89978e+14	2.54e-12	8.83e-06	1.00e+00
 1.96846e+14	2.87e-12	9.51e-06	1.00e+00
 2.04510e+14	3.28e-12	1.03e-05	1.00e+00
 2.11766e+14	3.70e-12	1.11e-05	1.00e+00
 2.19552e+14	4.19e-12	1.19e-05	1.00e+00
 2.28364e+14	4.81e-12	1.29e-05	1.00e+00
 2.37001e+14	5.48e-12	1.40e-05	1.00e+00
 2.45983e+14	6.24e-12	1.51e-05	1.00e+00
 2.55852e+14	7.16e-12	1.64e-05	1.00e+00
 2.65595e+14	8.18e-12	1.78e-05	1.00e+00
 2.73622e+14	9.09e-12	1.90e-05	1.00e+00
 2.80008e+14	9.86e-12	1.99e-05	1.00e+00
 2.87074e+14	1.08e-11	2.10e-05	1.00e+00
 2.96260e+14	1.21e-11	2.25e-05	1.00e+00
 3.06131e+14	1.36e-11	2.42e-05	1.00e+00
 3.14923e+14	1.50e-11	2.57e-05	1.00e+00
 3.24385e+14	1.67e-11	2.75e-05	1.00e+00
 3.36343e+14	1.91e-11	2.97e-05	1.00e+00
 3.48463e+14	2.17e-11	3.22e-05	1.00e+00
 3.58779e+14	2.42e-11	3.43e-05	1.00e+00
 3.69831e+14	2.69e-11	3.67e-05	1.00e+00
 3.83614e+14	3.10e-11	3.98e-05	1.00e+00
 3.97756e+14	3.55e-11	4.32e-05	1.00e+00
 4.10230e+14	3.99e-11	4.63e-05	1.00e+00
 4.23726e+14	4.48e-11	4.98e-05	1.00e+00
 4.39997e+14	5.20e-11	5.43e-05	1.00e+00
 4.56123e+14	5.98e-11	5.89e-05	1.00e+00
 4.70474e+14	6.71e-11	6.31e-05	1.00e+00
 4.86271e+14	7.64e-11	6.81e-05	1.00e+00
 5.05119e+14	8.83e-11	7.42e-05	1.00e+00
 5.23883e+14	1.02e-10	8.07e-05	1.00e+00
 5.41078e+14	1.14e-10	8.66e-05	1.00e+00
 5.60286e+14	1.32e-10	9.39e-05	1.00e+00
 5.82580e+14	1.53e-10	1.03e-04	1.00e+00
 6.04499e+14	1.77e-10	1.12e-04	1.00e+00
 6.25399e+14	2.02e-10	1.20e-04	1.00e+00
 6.43686e+14	2.26e-10	1.29e-04	1.00e+00
 6.58789e+14	2.49e-10	1.36e-04	1.00e+00
 6.75428e+14	2.75e-10	1.43e-04	1.00e+00
 6.97058e+14	3.11e-10	1.54e-04	1.00e+00
 7.19826e+14	3.50e-10	1.66e-04	1.00e+00
 7.39473e+14	3.93e-10	1.76e-04	1.00e+00
 7.60415e+14	4.39e-10	1.88e-04	1.00e+00
 7.87639e+14	5.05e-10	2.03e-04	1.00e+00
 8.15635e+14	5.74e-10	2.19e-04	1.00e+00
 8.39017e+14	6.45e-10	2.34e-04	1.00e+00
 8.63800e+14	7.25e-10	2.50e-04	1.00e+00
 8.95379e+14	8.50e-10	2.71e-04	1.00e+00
 9.28359e+14	9.76e-10	2.93e-04	1.00e+00
 9.57642e+14	1.10e-09	3.14e-04	1.00e+00
 9.89553e+14	1.25e-09	3.38e-04	1.00e+00
 1.02776e+15	1.48e-09	3.69e-04	1.00e+00
 1.06569e+15	1.71e-09	3.99e-04	1.00e+00
 1.10006e+15	1.95e-09	4.28e-04	1.00e+00
 1.13825e+15	2.21e-09	4.62e-04	1.00e+00
 1.18305e+15	2.63e-09	5.03e-04	9.99e-01
 1.22724e+15	3.04e-09	5.45e-04	9.99e-01
 1.26866e+15	3.49e-09	5.87e-04	9.99e-01
 1.31490e+15	3.99e-09	6.34e-04	9.99e-01
 1.36753e+15	4.78e-09	6.92e-04	9.99e-01
 1.41960e+15	5.57e-09	7.51e-04	9.99e-01
 1.46229e+15	6.30e-09	8.01e-04	9.99e-01
 1.49557e+15	6.91e-09	8.42e-04	9.99e-01
 1.53198e+15	7.63e-09	8.87e-04	9.99e-01
 1.57931e+15	8.51e-09	9.47e-04	9.99e-01
 1.63081e+15	9.89e-09	1.02e-03	9.99e-01
 1.67714e+15	1.10e-08	1.08e-03	9.99e-01
 1.72679e+15	1.23e-08	1.15e-03	9.99e-01
 1.78997e+15	1.46e-08	1.24e-03	9.99e-01
 1.85385e+15	1.67e-08	1.34e-03	9.99e-01
 1.90756e+15	1.86e-08	1.43e-03	9.99e-01
 1.96494e+15	2.10e-08	1.52e-03	9.98e-01
 2.03733e+15	2.49e-08	1.65e-03	9.98e-01
 2.11197e+15	2.89e-08	1.78e-03	9.98e-01
 2.17739e+15	3.26e-08	1.90e-03	9.98e-01
 2.24809e+15	3.68e-08	2.03e-03	9.98e-01
 2.33382e+15	4.36e-08	2.21e-03	9.98e-01
 2.41879e+15	5.05e-08	2.38e-03	9.98e-01
 2.49435e+15	5.68e-08	2.55e-03	9.97e-01
 2.57800e+15	6.52e-08	2.74e-03	9.97e-01
 2.67781e+15	7.81e-08	2.98e-03	9.97e-01
 2.77245e+15	9.02e-08	3.21e-03	9.97e-01
 2.85300e+15	1.02e-07	3.42e-03	9.97e-01
 2.94139e+15	1.16e-07	3.66e-03	9.96e-01
 3.05120e+15	1.33e-07	3.96e-03	9.96e-01
 3.16422e+15	1.58e-07	4.30e-03	9.96e-01
 3.25164e+15	1.78e-07	4.56e-03	9.95e-01
 3.33040e+15	1.97e-07	4.82e-03	9.95e-01
 3.43278e+15	2.23e-07	5.15e-03	9.95e-01
 3.54207e+15	2.57e-07	5.54e-03	9.94e-01
 3.63753e+15	2.87e-07	5.88e-03	9.94e-01
 3.73880e+15	3.20e-07	6.26e-03	9.94e-01
 3.87044e+15	3.81e-07	6.80e-03	9.93e-01
 3.99970e+15	4.36e-07	7.33e-03	9.93e-01
 4.10093e+15	4.83e-07	7.77e-03	9.92e-01
 4.20762e+15	5.42e-07	8.27e-03	9.92e-01
 4.34632e+15	6.41e-07	8.97e-03	9.91e-01
 4.49014e+15	7.38e-07	9.70e-03	9.90e-01
 4.61210e+15	8.27e-07	1.04e-02	9.90e-01
 4.74215e+15	9.42e-07	1.11e-02	9.89e-01
 4.88504e+15	1.11e-06	1.21e-02	9.88e-01
 5.01333e+15	1.26e-06	1.29e-02	9.87e-01
 5.14877e+15	1.43e-06	1.39e-02	9.86e-01
 5.29987e+15	1.63e-06	1.50e-02	9.85e-01
 5.43903e+15	1.90e-06	1.62e-02	9.84e-01
 5.56149e+15	2.13e-06	1.73e-02	9.83e-01
 5.67195e+15	2.36e-06	1.84e-02	9.82e-01
 5.79296e+15	2.66e-06	1.96e-02	9.80e-01
 5.92302e+15	2.96e-06	2.11e-02	9.79e-01
 6.06483e+15	3.46e-06	2.28e-02	9.77e-01
 6.21683e+15	3.92e-06	2.48e-02	9.75e-01
 6.35663e+15	4.60e-06	2.70e-02	9.73e-01
 6.48385e+15	5.22e-06	2.90e-02	9.71e-01
 6.60039e+15	5.87e-06	3.12e-02	9.69e-01
 6.71332e+15	6.60e-06	3.34e-02	9.67e-01
 6.84136e+15	7.41e-06	3.63e-02	9.64e-01
 7.00782e+15	9.16e-06	4.06e-02	9.59e-01
 7.16759e+15	1.07e-05	4.52e-02	9.55e-01
 7.28649e+15	1.22e-05	4.92e-02	9.51e-01
 7.40887e+15	1.41e-05	5.40e-02	9.46e-01
 7.54666e+15	1.71e-05	6.03e-02	9.40e-01
 7.66432e+15	2.01e-05	6.64e-02	9.34e-01
 7.75113e+15	2.26e-05	7.16e-02	9.28e-01
 7.83801e+15	2.57e-05	7.76e-02	9.22e-01
 7.93566e+15	2.94e-05	8.51e-02	9.15e-01
 8.03025e+15	3.35e-05	9.35e-02	9.07e-01
 8.13613e+15	4.06e-05	1.05e-01	8.95e-01
 8.23331e+15	4.70e-05	1.16e-01	8.84e-01
 8.29819e+15	5.40e-05	1.25e-01	8.74e-01
 8.34349e+15	5.84e-05	1.32e-01	8.68e-01
 8.38432e+15	6.33e-05	1.39e-01	8.61e-01
 8.43740e+15	6.92e-05	1.49e-01	8.51e-01
 8.50641e+15	8.06e-05	1.64e-01	8.36e-01
 8.56975e+15	9.16e-05	1.78e-01	8.22e-01
 8.61348e+15	9.97e-05	1.89e-01	8.11e-01
 8.65807e+15	1.10e-04	2.02e-01	7.98e-01
 8.71604e+15	1.27e-04	2.21e-01	7.79e-01
 8.77051e+15	1.43e-04	2.39e-01	7.60e-01
 8.82043e+15	1.61e-04	2.59e-01	7.41e-01
 8.87281e+15	1.83e-04	2.82e-01	7.18e-01
 8.91703e+15	2.04e-04	3.02e-01	6.97e-01
 8.95607e+15	2.26e-04	3.22e-01	6.78e-01
 8.99971e+15	2.53e-04	3.47e-01	6.53e-01
 9.04856e+15	2.89e-04	3.75e-01	6.24e-01
 9.09015e+15	3.19e-04	4.01e-01	5.99e-01
 9.13019e+15	3.55e-04	4.28e-01	5.72e-01
 9.18225e+15	4.05e-04	4.65e-01	5.35e-01
 9.23581e+15	4.61e-04	5.03e-01	4.97e-01
 9.27948e+15	5.09e-04	5.35e-01	4.64e-01
 9.32439e+15	5.66e-04	5.70e-01	4.30e-01
 9.38278e+15	6.43e-04	6.13e-01	3.86e-01
 9.44301e+15	7.25e-04	6.56e-01	3.43e-01
 9.48475e+15	7.82e-04	6.83e-01	3.16e-01
 9.51176e+15	8.20e-04	7.01e-01	2.98e-01
 9.54050e+15	8.64e-04	7.20e-01	2.79e-01
 9.57787e+15	9.22e-04	7.43e-01	2.56e-01
 9.62645e+15	9.96e-04	7.71e-01	2.28e-01
 9.67579e+15	1.07e-03	7.96e-01	2.03e-01
 9.71571e+15	1.13e-03	8.14e-01	1.85e-01
 9.75722e+15	1.19e-03	8.32e-01	1.67e-01
 9.81118e+15	1.28e-03	8.53e-01	1.46e-01
 9.86526e+15	1.35e-03	8.70e-01	1.29e-01
 9.90757e+15	1.42e-03	8.82e-01	1.17e-01
 9.95062e+15	1.49e-03	8.93e-01	1.05e-01
 9.99883e+15	1.56e-03	9.05e-01	9.39e-02
 1.00452e+16	1.63e-03	9.14e-01	8.46e-02
 1.00882e+16	1.71e-03	9.22e-01	7.67e-02
 1.01354e+16	1.78e-03	9.29e-01	6.88e-02
 1.01861e+16	1.87e-03	9.37e-01	6.16e-02
 1.02304e+16	1.95e-03	9.42e-01	5.62e-02
 1.02706e+16	2.03e-03	9.46e-01	5.15e-02
 1.03161e+16	2.12e-03	9.51e-01	4.67e-02
 1.03659e+16	2.23e-03	9.56e-01	4.21e-02
 1.04104e+16	2.33e-03	9.59e-01	3.86e-02
 1.04495e+16	2.43e-03	9.62e-01	3.57e-02
 1.04925e+16	2.54e-03	9.65e-01	3.28e-02
 1.05396e+16	2.67e-03	9.67e-01	2.99e-02
 1.05818e+16	2.80e-03	9.70e-01	2.77e-02
 1.06199e+16	2.92e-03	9.71e-01	2.58e-02
 1.06630e+16	3.08e-03	9.73e-01	2.38e-02
 1.07097e+16	3.27e-03	9.75e-01	2.18e-02
 1.07510e+16	3.45e-03	9.76e-01	2.03e-02
 1.07878e+16	3.61e-03	9.77e-01	1.91e-02
 1.08289e+16	3.83e-03	9.78e-01	1.77e-02
 1.08743e+16	4.10e-03	9.80e-01	1.64e-02
 1.09157e+16	4.38e-03	9.80e-01	1.53e-02
 1.09535e+16	4.64e-03	9.81e-01	1.44e-02
 1.09964e+16	5.00e-03	9.82e-01	1.34e-02
 1.10441e+16	5.45e-03	9.82e-01	1.24e-02
 1.10876e+16	5.93e-03	9.83e-01	1.15e-02
 1.11256e+16	6.43e-03	9.83e-01	1.09e-02
 1.11669e+16	7.04e-03	9.83e-01	1.01e-02
 1.12114e+16	7.82e-03	9.83e-01	9.48e-03
 1.12495e+16	8.62e-03	9.82e-01	8.97e-03
 1.12819e+16	9.41e-03	9.82e-01	8.55e-03
 1.13107e+16	1.02e-02	9.82e-01	8.24e-03
 1.13365e+16	1.10e-02	9.81e-01	7.92e-03
 1.13614e+16	1.20e-02	9.80e-01	7.65e-03
 1.13859e+16	1.30e-02	9.80e-01	7.39e-03
 1.14098e+16	1.42e-02	9.79e-01	7.15e-03
 1.14325e+16	1.55e-02	9.78e-01	6.93e-03
 1.14540e+16	1.69e-02	9.76e-01	6.74e-03
 1.14748e+16	1.84e-02	9.75e-01	6.57e-03
 1.14950e+16	2.01e-02	9.73e-01	6.42e-03
 1.15146e+16	2.20e-02	9.72e-01	6.29e-03
 1.15338e+16	2.42e-02	9.70e-01	6.16e-03
 1.15525e+16	2.66e-02	9.67e-01	6.05e-03
 1.15706e+16	2.94e-02	9.65e-01	5.96e-03
 1.15881e+16	3.24e-02	9.62e-01	5.87e-03
 1.16053e+16	3.59e-02	9.58e-01	5.81e-03
 1.16223e+16	4.00e-02	9.54e-01	5.75e-03
 1.16392e+16	4.46e-02	9.50e-01	5.71e-03
 1.16557e+16	4.99e-02	9.44e-01	5.69e-03
 1.16717e+16	5.59e-02	9.38e-01	5.69e-03
 1.16869e+16	6.26e-02	9.32e-01	5.70e-03
 1.17014e+16	6.99e-02	9.24e-01	5.73e-03
 1.17154e+16	7.81e-02	9.16e-01	5.77e-03
 1.17287e+16	8.70e-02	9.07e-01	5.83e-03
 1.17406e+16	9.60e-02	8.98e-01	5.90e-03
 1.17510e+16	1.05e-01	8.89e-01	5.96e-03
 1.17608e+16	1.15e-01	8.79e-01	6.01e-03
 1.17706e+16	1.25e-01	8.69e-01	6.09e-03
 1.17783e+16	1.34e-01	8.60e-01	6.15e-03
 1.17831e+16	1.40e-01	8.54e-01	6.19e-03
 1.17874e+16	1.45e-01	8.48e-01	6.22e-03
 1.17925e+16	1.52e-01	8.41e-01	6.27e-03
 1.17982e+16	1.61e-01	8.33e-01	6.31e-03
 1.18037e+16	1.69e-01	8.24e-01	6.36e-03
 1.18088e+16	1.77e-01	8.16e-01	6.42e-03
 1.18138e+16	1.86e-01	8.07e-01	6.45e-03
 1.18189e+16	1.95e-01	7.98e-01	6.51e-03
 1.18240e+16	2.05e-01	7.88e-01	6.54e-03
 1.18290e+16	2.15e-01	7.78e-01	6.60e-03
 1.18339e+16	2.26e-01	7.68e-01	6.64e-03
 1.18388e+16	2.36e-01	7.57e-01	6.69e-03
 1.18438e+16	2.48e-01	7.46e-01	6.74e-03
 1.18487e+16	2.60e-01	7.34e-01	6.77e-03
 1.18535e+16	2.72e-01	7.21e-01	6.81e-03
 1.18582e+16	2.84e-01	7.09e-01	6.85e-03
 1.18630e+16	2.98e-01	6.95e-01	6.87e-03
 1.18678e+16	3.11e-01	6.82e-01	6.92e-03
 1.18725e+16	3.25e-01	6.68e-01	6.93e-03
 1.18771e+16	3.39e-01	6.54e-01	6.96e-03
 1.18817e+16	3.54e-01	6.39e-01	6.98e-03
 1.18864e+16	3.70e-01	6.23e-01	6.98e-03
 1.18910e+16	3.85e-01	6.08e-01	6.99e-03
 1.18955e+16	4.01e-01	5.92e-01	6.99e-03
 1.19000e+16	4.17e-01	5.76e-01	6.98e-03
 1.19046e+16	4.34e-01	5.59e-01	6.97e-03
 1.19091e+16	4.51e-01	5.42e-01	6.94e-03
 1.19136e+16	4.67e-01	5.26e-01	6.92e-03
 1.19180e+16	4.84e-01	5.09e-01	6.88e-03
 1.19224e+16	5.01e-01	4.92e-01	6.84e-03
 1.19267e+16	5.18e-01	4.75e-01	6.79e-03
 1.19310e+16	5.35e-01	4.59e-01	6.73e-03
 1.19352e+16	5.51e-01	4.42e-01	6.66e-03
 1.19394e+16	5.67e-01	4.26e-01	6.59e-03
 1.19435e+16	5.83e-01	4.10e-01	6.52e-03
 1.19476e+16	5.99e-01	3.94e-01	6.42e-03
 1.19518e+16	6.15e-01	3.79e-01	6.33e-03
 1.19559e+16	6.31e-01	3.63e-01	6.22e-03
 1.19600e+16	6.46e-01	3.48e-01	6.11e-03
 1.19642e+16	6.61e-01	3.33e-01	5.99e-03
 1.19683e+16	6.75e-01	3.19e-01	5.86e-03
 1.19725e+16	6.89e-01	3.05e-01	5.73e-03
 1.19768e+16	7.03e-01	2.91e-01	5.59e-03
 1.19810e+16	7.17e-01	2.78e-01	5.45e-03
 1.19854e+16	7.30e-01	2.65e-01	5.30e-03
 1.19898e+16	7.43e-01	2.52e-01	5.14e-03
 1.19945e+16	7.55e-01	2.40e-01	4.98e-03
 1.19992e+16	7.67e-01	2.28e-01	4.83e-03
 1.20037e+16	7.78e-01	2.18e-01	4.67e-03
 1.20075e+16	7.86e-01	2.09e-01	4.54e-03
 1.20111e+16	7.94e-01	2.02e-01	4.42e-03
 1.20148e+16	8.01e-01	1.94e-01	4.29e-03
 1.20189e+16	8.09e-01	1.87e-01	4.16e-03
 1.20229e+16	8.16e-01	1.80e-01	4.04e-03
 1.20269e+16	8.22e-01	1.74e-01	3.93e-03
 1.20309e+16	8.28e-01	1.68e-01	3.82e-03
 1.20349e+16	8.34e-01	1.63e-01	3.71e-03
 1.20391e+16	8.39e-01	1.57e-01	3.61e-03
 1.20434e+16	8.44e-01	1.52e-01	3.51e-03
 1.20479e+16	8.49e-01	1.48e-01	3.41e-03
 1.20525e+16	8.53e-01	1.44e-01	3.33e-03
 1.20574e+16	8.57e-01	1.39e-01	3.23e-03
 1.20624e+16	8.61e-01	1.36e-01	3.15e-03
 1.20677e+16	8.65e-01	1.32e-01	3.06e-03
 1.20734e+16	8.68e-01	1.29e-01	2.98e-03
 1.20794e+16	8.71e-01	1.26e-01	2.90e-03
 1.20858e+16	8.74e-01	1.23e-01	2.82e-03
 1.20926e+16	8.77e-01	1.20e-01	2.75e-03
 1.21000e+16	8.80e-01	1.17e-01	2.67e-03
 1.21080e+16	8.82e-01	1.15e-01	2.60e-03
 1.21166e+16	8.85e-01	1.13e-01	2.53e-03
 1.21260e+16	8.87e-01	1.11e-01	2.46e-03
 1.21361e+16	8.89e-01	1.09e-01	2.39e-03
 1.21470e+16	8.91e-01	1.07e-01	2.33e-03
 1.21586e+16	8.93e-01	1.05e-01	2.26e-03
 1.21710e+16	8.94e-01	1.03e-01	2.19e-03
 1.21839e+16	8.96e-01	1.02e-01	2.13e-03
 1.21974e+16	8.98e-01	1.00e-01	2.06e-03
 1.22113e+16	8.99e-01	9.85e-02	2.00e-03
 1.22255e+16	9.01e-01	9.70e-02	1.94e-03
 1.22400e+16	9.03e-01	9.55e-02	1.88e-03
 1.22548e+16	9.04e-01	9.40e-02	1.82e-03
 1.22698e+16	9.06e-01	9.25e-02	1.76e-03
 1.22850e+16	9.07e-01	9.11e-02	1.70e-03
 1.23007e+16	9.09e-01	8.96e-02	1.64e-03
 1.23171e+16	9.10e-01	8.81e-02	1.59e-03
 1.23342e+16	9.12e-01	8.66e-02	1.53e-03
 1.23520e+16	9.13e-01	8.50e-02	1.47e-03
 1.23705e+16	9.15e-01	8.35e-02	1.42e-03
 1.23907e+16	9.17e-01	8.17e-02	1.36e-03
 1.24124e+16	9.19e-01	8.00e-02	1.29e-03
 1.24359e+16	9.21e-01	7.81e-02	1.23e-03
 1.24633e+16	9.23e-01	7.59e-02	1.16e-03
 1.24933e+16	9.25e-01	7.36e-02	1.09e-03
 1.25226e+16	9.28e-01	7.15e-02	1.02e-03
 1.25499e+16	9.29e-01	6.96e-02	9.66e-04
 1.25747e+16	9.31e-01	6.79e-02	9.17e-04
 1.25972e+16	9.33e-01	6.64e-02	8.75e-04
 1.26177e+16	9.34e-01	6.50e-02	8.38e-04
 1.26364e+16	9.35e-01	6.38e-02	8.05e-04
 1.26534e+16	9.37e-01	6.27e-02	7.77e-04
 1.26720e+16	9.38e-01	6.15e-02	7.46e-04
 1.26922e+16	9.39e-01	6.02e-02	7.14e-04
 1.27105e+16	9.40e-01	5.91e-02	6.87e-04
 1.27271e+16	9.41e-01	5.81e-02	6.62e-04
 1.27423e+16	9.42e-01	5.72e-02	6.41e-04
 1.27589e+16	9.43e-01	5.62e-02	6.18e-04
 1.27768e+16	9.44e-01	5.51e-02	5.94e-04
 1.27931e+16	9.45e-01	5.42e-02	5.72e-04
 1.28079e+16	9.46e-01	5.33e-02	5.54e-04
 1.28214e+16	9.47e-01	5.26e-02	5.37e-04
 1.28362e+16	9.48e-01	5.17e-02	5.18e-04
 1.28522e+16	9.49e-01	5.08e-02	5.01e-04
 1.28668e+16	9.49e-01	5.00e-02	4.84e-04
 1.28800e+16	9.50e-01	4.93e-02	4.70e-04
 1.28920e+16	9.51e-01	4.86e-02	4.57e-04
 1.29052e+16	9.52e-01	4.79e-02	4.42e-04
 1.29195e+16	9.52e-01	4.71e-02	4.28e-04
 1.29324e+16	9.53e-01	4.64e-02	4.15e-04
 1.29442e+16	9.54e-01	4.58e-02	4.04e-04
 1.29550e+16	9.54e-01	4.52e-02	3.93e-04
 1.29667e+16	9.55e-01	4.46e-02	3.82e-04
 1.29794e+16	9.56e-01	4.40e-02	3.71e-04
 1.29910e+16	9.56e-01	4.34e-02	3.61e-04
 1.30015e+16	9.57e-01	4.28e-02	3.51e-04
 1.30130e+16	9.57e-01	4.22e-02	3.41e-04
 1.30255e+16	9.58e-01	4.16e-02	3.32e-04
 1.30368e+16	9.59e-01	4.11e-02	3.22e-04
 1.30471e+16	9.59e-01	4.06e-02	3.14e-04
 1.30584e+16	9.60e-01	4.00e-02	3.05e-04
 1.30706e+16	9.60e-01	3.95e-02	2.97e-04
 1.30817e+16	9.61e-01	3.89e-02	2.89e-04
 1.30918e+16	9.61e-01	3.85e-02	2.82e-04
 1.31028e+16	9.62e-01	3.79e-02	2.74e-04
 1.31148e+16	9.62e-01	3.74e-02	2.66e-04
 1.31256e+16	9.63e-01	3.69e-02	2.59e-04
 1.31355e+16	9.63e-01	3.65e-02	2.53e-04
 1.31463e+16	9.64e-01	3.60e-02	2.46e-04
 1.31580e+16	9.64e-01	3.55e-02	2.40e-04
 1.31687e+16	9.65e-01	3.51e-02	2.34e-04
 1.31804e+16	9.65e-01	3.46e-02	2.27e-04
 1.31929e+16	9.66e-01	3.41e-02	2.20e-04
 1.32044e+16	9.66e-01	3.36e-02	2.14e-04
 1.32148e+16	9.67e-01	3.32e-02	2.09e-04
 1.32263e+16	9.67e-01	3.27e-02	2.03e-04
 1.32386e+16	9.68e-01	3.23e-02	1.98e-04
 1.32498e+16	9.68e-01	3.19e-02	1.93e-04
 1.32621e+16	9.68e-01	3.14e-02	1.87e-04
 1.32754e+16	9.69e-01	3.10e-02	1.82e-04
 1.32875e+16	9.69e-01	3.06e-02	1.77e-04
 1.33007e+16	9.70e-01	3.01e-02	1.71e-04
 1.33150e+16	9.70e-01	2.96e-02	1.66e-04
 1.33280e+16	9.71e-01	2.92e-02	1.62e-04
 1.33399e+16	9.71e-01	2.88e-02	1.57e-04
 1.33528e+16	9.71e-01	2.84e-02	1.53e-04
 1.33668e+16	9.72e-01	2.80e-02	1.48e-04
 1.33796e+16	9.72e-01	2.76e-02	1.44e-04
 1.33936e+16	9.73e-01	2.71e-02	1.40e-04
 1.34086e+16	9.73e-01	2.67e-02	1.35e-04
 1.34223e+16	9.74e-01	2.63e-02	1.31e-04
 1.34348e+16	9.74e-01	2.60e-02	1.28e-04
 1.34485e+16	9.74e-01	2.56e-02	1.24e-04
 1.34633e+16	9.75e-01	2.52e-02	1.20e-04
 1.34767e+16	9.75e-01	2.48e-02	1.17e-04
 1.34914e+16	9.75e-01	2.44e-02	1.13e-04
 1.35073e+16	9.76e-01	2.40e-02	1.10e-04
 1.35218e+16	9.76e-01	2.37e-02	1.07e-04
 1.35377e+16	9.77e-01	2.33e-02	1.03e-04
 1.35548e+16	9.77e-01	2.29e-02	9.97e-05
 1.35704e+16	9.77e-01	2.25e-02	9.67e-05
 1.35874e+16	9.78e-01	2.21e-02	9.33e-05
 1.36059e+16	9.78e-01	2.17e-02	9.00e-05
 1.36226e+16	9.79e-01	2.14e-02	8.71e-05
 1.36379e+16	9.79e-01	2.11e-02	8.46e-05
 1.36546e+16	9.79e-01	2.07e-02	8.18e-05
 1.36727e+16	9.80e-01	2.04e-02	7.90e-05
 1.36891e+16	9.80e-01	2.00e-02	7.66e-05
 1.37071e+16	9.80e-01	1.97e-02	7.39e-05
 1.37265e+16	9.81e-01	1.93e-02	7.13e-05
 1.37442e+16	9.81e-01	1.90e-02	6.90e-05
 1.37636e+16	9.81e-01	1.87e-02	6.65e-05
 1.37845e+16	9.82e-01	1.83e-02	6.40e-05
 1.38035e+16	9.82e-01	1.80e-02	6.18e-05
 1.38209e+16	9.82e-01	1.77e-02	5.99e-05
 1.38398e+16	9.83e-01	1.74e-02	5.78e-05
 1.38603e+16	9.83e-01	1.71e-02	5.58e-05
 1.38790e+16	9.83e-01	1.68e-02	5.40e-05
 1.38994e+16	9.83e-01	1.65e-02	5.20e-05
 1.39215e+16	9.84e-01	1.62e-02	5.00e-05
 1.39416e+16	9.84e-01	1.59e-02	4.84e-05
 1.39636e+16	9.84e-01	1.56e-02	4.65e-05
 1.39873e+16	9.85e-01	1.53e-02	4.47e-05
 1.40089e+16	9.85e-01	1.50e-02	4.31e-05
 1.40326e+16	9.85e-01	1.47e-02	4.13e-05
 1.40582e+16	9.86e-01	1.44e-02	3.96e-05
 1.40814e+16	9.86e-01	1.41e-02	3.82e-05
 1.41069e+16	9.86e-01	1.38e-02	3.65e-05
 1.41345e+16	9.86e-01	1.35e-02	3.50e-05
 1.41595e+16	9.87e-01	1.32e-02	3.36e-05
 1.41823e+16	9.87e-01	1.30e-02	3.24e-05
 1.42073e+16	9.87e-01	1.27e-02	3.11e-05
 1.42343e+16	9.88e-01	1.24e-02	2.99e-05
 1.42588e+16	9.88e-01	1.22e-02	2.88e-05
 1.42857e+16	9.88e-01	1.19e-02	2.75e-05
 1.43147e+16	9.88e-01	1.17e-02	2.64e-05
 1.43411e+16	9.89e-01	1.14e-02	2.53e-05
 1.43701e+16	9.89e-01	1.12e-02	2.42e-05
 1.44013e+16	9.89e-01	1.09e-02	2.31e-05
 1.44298e+16	9.89e-01	1.07e-02	2.22e-05
 1.44609e+16	9.90e-01	1.04e-02	2.11e-05
 1.44946e+16	9.90e-01	1.02e-02	2.01e-05
 1.45252e+16	9.90e-01	9.97e-03	1.93e-05
 1.45587e+16	9.90e-01	9.72e-03	1.84e-05
 1.45949e+16	9.91e-01	9.47e-03	1.75e-05
 1.46279e+16	9.91e-01	9.26e-03	1.67e-05
 1.46640e+16	9.91e-01	9.02e-03	1.58e-05
 1.47030e+16	9.91e-01	8.78e-03	1.50e-05
 1.47385e+16	9.91e-01	8.57e-03	1.43e-05
 1.47774e+16	9.92e-01	8.34e-03	1.36e-05
 1.48193e+16	9.92e-01	8.10e-03	1.28e-05
 1.48575e+16	9.92e-01	7.90e-03	1.22e-05
 1.48994e+16	9.92e-01	7.68e-03	1.15e-05
 1.49446e+16	9.93e-01	7.45e-03	1.09e-05
 1.49941e+16	9.93e-01	7.21e-03	1.02e-05
 1.50556e+16	9.93e-01	6.92e-03	9.37e-06
 1.51228e+16	9.93e-01	6.62e-03	8.61e-06
 1.51900e+16	9.94e-01	6.35e-03	7.92e-06
 1.52585e+16	9.94e-01	6.08e-03	7.28e-06
 1.53300e+16	9.94e-01	5.82e-03	6.67e-06
 1.54045e+16	9.94e-01	5.56e-03	6.10e-06
 1.54814e+16	9.95e-01	5.31e-03	5.56e-06
 1.55610e+16	9.95e-01	5.06e-03	5.07e-06
 1.56431e+16	9.95e-01	4.83e-03	4.60e-06
 1.57271e+16	9.95e-01	4.60e-03	4.18e-06
 1.58125e+16	9.96e-01	4.38e-03	3.80e-06
 1.58992e+16	9.96e-01	4.17e-03	3.45e-06
 1.59876e+16	9.96e-01	3.97e-03	3.13e-06
 1.60775e+16	9.96e-01	3.78e-03	2.83e-06
 1.61691e+16	9.96e-01	3.60e-03	2.57e-06
 1.62611e+16	9.97e-01	3.42e-03	2.33e-06
 1.63544e+16	9.97e-01	3.25e-03	2.11e-06
 1.64509e+16	9.97e-01	3.09e-03	1.91e-06
 1.65497e+16	9.97e-01	2.94e-03	1.72e-06
 1.66499e+16	9.97e-01	2.79e-03	1.55e-06
 1.67517e+16	9.97e-01	2.65e-03	1.40e-06
 1.68555e+16	9.97e-01	2.51e-03	1.26e-06
 1.69615e+16	9.98e-01	2.38e-03	1.13e-06
 1.70692e+16	9.98e-01	2.25e-03	1.02e-06
 1.71789e+16	9.98e-01	2.14e-03	9.15e-07
 1.72908e+16	9.98e-01	2.02e-03	8.21e-07
 1.74049e+16	9.98e-01	1.91e-03	7.35e-07
 1.75213e+16	9.98e-01	1.81e-03	6.57e-07
 1.76401e+16	9.98e-01	1.71e-03	5.87e-07
 1.77612e+16	9.98e-01	1.61e-03	5.24e-07
 1.78849e+16	9.98e-01	1.52e-03	4.66e-07
 1.80112e+16	9.99e-01	1.43e-03	4.15e-07
 1.81402e+16	9.99e-01	1.35e-03	3.68e-07
 1.82721e+16	9.99e-01	1.27e-03	3.26e-07
 1.84070e+16	9.99e-01	1.19e-03	2.89e-07
 1.85451e+16	9.99e-01	1.12e-03	2.55e-07
 1.86865e+16	9.99e-01	1.05e-03	2.24e-07
 1.88313e+16	9.99e-01	9.86e-04	1.97e-07
 1.89799e+16	9.99e-01	9.23e-04	1.73e-07
 1.91325e+16	9.99e-01	8.62e-04	1.51e-07
 1.92892e+16	9.99e-01	8.05e-04	1.32e-07
 1.94504e+16	9.99e-01	7.50e-04	1.14e-07
 1.96163e+16	9.99e-01	6.98e-04	9.93e-08
 1.97836e+16	9.99e-01	6.50e-04	8.60e-08
 1.99554e+16	9.99e-01	6.04e-04	7.42e-08
 2.01377e+16	9.99e-01	5.58e-04	6.35e-08
 2.03284e+16	9.99e-01	5.15e-04	5.41e-08
 2.05251e+16	1.00e+00	4.74e-04	4.58e-08
 2.07287e+16	1.00e+00	4.35e-04	3.86e-08
 2.09412e+16	1.00e+00	3.98e-04	3.24e-08
 2.11636e+16	1.00e+00	3.63e-04	2.69e-08
 2.13968e+16	1.00e+00	3.29e-04	2.22e-08
 2.16422e+16	1.00e+00	2.98e-04	1.82e-08
 2.19019e+16	1.00e+00	2.68e-04	1.47e-08
 2.21800e+16	1.00e+00	2.39e-04	1.17e-08
 2.24729e+16	1.00e+00	2.13e-04	9.27e-09
 2.27856e+16	1.00e+00	1.87e-04	7.21e-09
 2.31283e+16	1.00e+00	1.64e-04	5.49e-09
 2.35011e+16	1.00e+00	1.41e-04	4.09e-09
 2.39093e+16	1.00e+00	1.20e-04	2.97e-09
 2.43637e+16	1.00e+00	1.01e-04	2.08e-09
 2.48735e+16	1.00e+00	8.27e-05	1.41e-09
 2.54624e+16	1.00e+00	6.60e-05	8.97e-10
 2.61189e+16	1.00e+00	5.17e-05	5.51e-10
 2.67865e+16	1.00e+00	4.06e-05	3.40e-10
 2.74427e+16	1.00e+00	3.21e-05	2.13e-10
 2.80981e+16	1.00e+00	2.55e-05	1.35e-10
 2.87632e+16	1.00e+00	2.02e-05	8.50e-11
 2.94412e+16	1.00e+00	1.61e-05	5.37e-11
 3.01327e+16	1.00e+00	1.28e-05	3.39e-11
 3.08344e+16	1.00e+00	1.01e-05	2.14e-11
 3.15480e+16	1.00e+00	8.06e-06	1.36e-11
 3.22773e+16	1.00e+00	6.41e-06	8.58e-12
 3.30216e+16	1.00e+00	5.08e-06	5.41e-12
 3.37797e+16	1.00e+00	4.04e-06	3.43e-12
 3.45558e+16	1.00e+00	3.21e-06	2.16e-12
 3.53533e+16	1.00e+00	2.54e-06	1.36e-12
 3.61687e+16	1.00e+00	2.01e-06	8.53e-13
 3.70037e+16	1.00e+00	1.59e-06	5.34e-13
 3.78627e+16	1.00e+00	1.26e-06	3.33e-13
 3.87486e+16	1.00e+00	9.88e-07	2.06e-13
 3.96660e+16	1.00e+00	7.74e-07	1.27e-13
 4.06189e+16	1.00e+00	6.04e-07	7.73e-14
 4.16152e+16	1.00e+00	4.68e-07	4.65e-14
 4.26644e+16	1.00e+00	3.60e-07	2.75e-14
 4.37795e+16	1.00e+00	2.73e-07	1.59e-14
 4.49788e+16	1.00e+00	2.05e-07	8.94e-15
 4.62855e+16	1.00e+00	1.51e-07	4.83e-15
 4.76697e+16	1.00e+00	1.10e-07	2.57e-15
 4.90664e+16	1.00e+00	8.05e-08	1.38e-15
 5.04590e+16	1.00e+00	5.95e-08	7.58e-16
 5.18508e+16	1.00e+00	4.43e-08	4.21e-16
 5.32457e+16	1.00e+00	3.32e-08	2.36e-16
 5.46358e+16	1.00e+00	2.51e-08	1.35e-16
 5.60114e+16	1.00e+00	1.91e-08	7.84e-17
 5.73709e+16	1.00e+00	1.47e-08	4.64e-17
 5.87072e+16	1.00e+00	1.14e-08	2.80e-17
 6.00142e+16	1.00e+00	8.95e-09	1.73e-17
 6.12874e+16	1.00e+00	7.10e-09	1.09e-17
 6.25238e+16	1.00e+00	5.69e-09	7.01e-18
 6.37204e+16	1.00e+00	4.62e-09	4.61e-18
 6.48751e+16	1.00e+00	3.78e-09	3.10e-18
 6.59854e+16	1.00e+00	3.13e-09	2.13e-18
 6.70508e+16	1.00e+00	2.62e-09	1.50e-18
 6.80712e+16	1.00e+00	2.22e-09	1.07e-18
 6.90465e+16	1.00e+00	1.89e-09	7.81e-19
 6.99778e+16	1.00e+00	1.63e-09	5.80e-19
 7.08661e+16	1.00e+00	1.42e-09	4.38e-19
 7.17122e+16	1.00e+00	1.24e-09	3.36e-19
 7.25174e+16	1.00e+00	1.10e-09	2.62e-19
 7.32834e+16	1.00e+00	9.74e-10	2.08e-19
 7.40118e+16	1.00e+00	8.72e-10	1.66e-19
 7.47044e+16	1.00e+00	7.85e-10	1.35e-19
 7.53630e+16	1.00e+00	7.12e-10	1.11e-19
 7.59887e+16	1.00e+00	6.48e-10	9.23e-20
 7.65832e+16	1.00e+00	5.94e-10	7.75e-20
 7.71480e+16	1.00e+00	5.47e-10	6.58e-20
 7.76847e+16	1.00e+00	5.06e-10	5.63e-20
 7.81950e+16	1.00e+00	4.70e-10	4.86e-20
 7.86803e+16	1.00e+00	4.38e-10	4.23e-20
 7.91415e+16	1.00e+00	4.10e-10	3.71e-20
 7.95796e+16	1.00e+00	3.85e-10	3.28e-20
 7.99964e+16	1.00e+00	3.63e-10	2.91e-20
 8.03933e+16	1.00e+00	3.44e-10	2.61e-20
 8.07713e+16	1.00e+00	3.26e-10	2.34e-20
 8.11313e+16	1.00e+00	3.10e-10	2.12e-20
 8.14741e+16	1.00e+00	2.95e-10	1.93e-20
 8.18010e+16	1.00e+00	2.82e-10	1.76e-20
 8.21128e+16	1.00e+00	2.70e-10	1.62e-20
 8.24105e+16	1.00e+00	2.59e-10	1.49e-20
 8.26950e+16	1.00e+00	2.49e-10	1.38e-20
 8.29670e+16	1.00e+00	2.40e-10	1.28e-20
 8.32272e+16	1.00e+00	2.32e-10	1.19e-20
 8.34766e+16	1.00e+00	2.24e-10	1.11e-20
 8.37157e+16	1.00e+00	2.17e-10	1.04e-20
 8.39453e+16	1.00e+00	2.10e-10	9.80e-21
 8.41661e+16	1.00e+00	2.04e-10	0.00e+00
 8.43788e+16	1.00e+00	1.98e-10	0.00e+00
 8.45840e+16	1.00e+00	1.93e-10	0.00e+00
 8.47823e+16	1.00e+00	1.88e-10	0.00e+00
 8.49744e+16	1.00e+00	1.83e-10	0.00e+00
 8.51610e+16	1.00e+00	1.78e-10	0.00e+00
 8.53426e+16	1.00e+00	1.74e-10	0.00e+00
 8.55200e+16	1.00e+00	1.70e-10	0.00e+00
 8.56937e+16	1.00e+00	1.66e-10	0.00e+00
 8.58646e+16	1.00e+00	1.62e-10	0.00e+00
 8.60334e+16	1.00e+00	1.59e-10	0.00e+00
 8.62009e+16	1.00e+00	1.55e-10	0.00e+00
 8.63681e+16	1.00e+00	1.52e-10	0.00e+00
 8.65360e+16	1.00e+00	1.48e-10	0.00e+00
 8.67057e+16	1.00e+00	1.45e-10	0.00e+00
 8.68787e+16	1.00e+00	1.42e-10	0.00e+00
 8.70567e+16	1.00e+00	1.38e-10	0.00e+00
 8.72418e+16	1.00e+00	1.35e-10	0.00e+00
 8.74366e+16	1.00e+00	1.32e-10	0.00e+00
 8.76446e+16	1.00e+00	1.28e-10	0.00e+00
 8.78702e+16	1.00e+00	1.24e-10	0.00e+00
 8.81198e+16	1.00e+00	1.20e-10	0.00e+00
 8.84025e+16	1.00e+00	1.16e-10	0.00e+00
 8.87312e+16	1.00e+00	1.11e-10	0.00e+00
 8.91257e+16	1.00e+00	1.05e-10	0.00e+00
 8.96173e+16	1.00e+00	9.83e-11	0.00e+00
 9.02493e+16	1.00e+00	9.03e-11	0.00e+00
 9.10709e+16	1.00e+00	8.10e-11	0.00e+00
 9.21390e+16	1.00e+00	7.05e-11	0.00e+00
 9.35276e+16	1.00e+00	5.89e-11	0.00e+00
 9.53327e+16	1.00e+00	4.68e-11	0.00e+00
 9.76794e+16	1.00e+00	3.49e-11	0.00e+00
 1.00571e+17	1.00e+00	2.47e-11	0.00e+00
 1.03701e+17	1.00e+00	1.72e-11	0.00e+00
 1.06831e+17	1.00e+00	1.21e-11	0.00e+00
 1.09961e+17	1.00e+00	8.60e-12	0.00e+00
 1.13090e+17	1.00e+00	6.18e-12	0.00e+00
 1.16220e+17	1.00e+00	4.48e-12	0.00e+00
 1.19350e+17	1.00e+00	3.28e-12	0.00e+00
 1.22480e+17	1.00e+00	2.43e-12	0.00e+00
 1.25610e+17	1.00e+00	1.82e-12	0.00e+00
 1.28740e+17	1.00e+00	1.37e-12	0.00e+00
 1.32269e+17	1.00e+00	1.01e-12	0.00e+00
 1.36271e+17	1.00e+00	7.29e-13	0.00e+00
 1.40429e+17	1.00e+00	5.30e-13	0.00e+00
 1.44707e+17	1.00e+00	3.92e-13	0.00e+00
 1.49672e+17	1.00e+00	2.84e-13	0.00e+00
 1.55529e+17	1.00e+00	1.96e-13	0.00e+00
 1.61750e+17	1.00e+00	1.39e-13	0.00e+00
 1.67801e+17	1.00e+00	1.03e-13	0.00e+00
 1.73122e+17	1.00e+00	8.37e-14	0.00e+00
 1.77712e+17	1.00e+00	7.29e-14	0.00e+00
 1.81940e+17	1.00e+00	6.47e-14	0.00e+00
 1.85834e+17	1.00e+00	5.71e-14	0.00e+00
 1.88855e+17	1.00e+00	5.19e-14	0.00e+00
 1.90749e+17	1.00e+00	4.97e-14	0.00e+00
 1.91848e+17	1.00e+00	4.88e-14	0.00e+00
 1.92507e+17	1.00e+00	4.84e-14	0.00e+00
 1.92903e+17	1.00e+00	4.81e-14	0.00e+00
 1.93156e+17	1.00e+00	4.80e-14	0.00e+00
 1.93392e+17	1.00e+00	4.78e-14	0.00e+00
 1.93689e+17	1.00e+00	4.76e-14	0.00e+00
 1.94011e+17	1.00e+00	4.73e-14	0.00e+00
 1.94283e+17	1.00e+00	4.70e-14	0.00e+00
 1.94500e+17	1.00e+00	4.68e-14	0.00e+00
 1.94702e+17	1.00e+00	4.66e-14	0.00e+00
 1.94903e+17	1.00e+00	4.64e-14	0.00e+00
 1.95110e+17	1.00e+00	4.62e-14	0.00e+00
 1.95307e+17	1.00e+00	4.59e-14	0.00e+00
 1.95479e+17	1.00e+00	4.57e-14	0.00e+00
 1.95632e+17	1.00e+00	4.55e-14	0.00e+00
 1.95786e+17	1.00e+00	4.53e-14	0.00e+00
 1.95950e+17	1.00e+00	4.51e-14	0.00e+00
 1.96101e+17	1.00e+00	4.49e-14	0.00e+00
 1.96230e+17	1.00e+00	4.47e-14	0.00e+00
 1.96352e+17	1.00e+00	4.46e-14	0.00e+00
 1.96480e+17	1.00e+00	4.44e-14	0.00e+00
 1.96612e+17	1.00e+00	4.42e-14	0.00e+00
 1.96730e+17	1.00e+00	4.40e-14	0.00e+00
 1.96836e+17	1.00e+00	4.39e-14	0.00e+00
 1.96942e+17	1.00e+00	4.38e-14	0.00e+00
 1.97051e+17	1.00e+00	4.36e-14	0.00e+00
 1.97159e+17	1.00e+00	4.34e-14	0.00e+00
 1.97261e+17	1.00e+00	4.33e-14	0.00e+00
 1.97360e+17	1.00e+00	4.31e-14	0.00e+00
 1.97459e+17	1.00e+00	4.30e-14	0.00e+00
 1.97558e+17	1.00e+00	4.28e-14	0.00e+00
 1.97653e+17	1.00e+00	4.26e-14	0.00e+00
 1.97746e+17	1.00e+00	4.25e-14	0.00e+00
 1.97843e+17	1.00e+00	4.23e-14	0.00e+00
 1.97940e+17	1.00e+00	4.21e-14	0.00e+00
 1.98034e+17	1.00e+00	4.20e-14	0.00e+00
 1.98126e+17	1.00e+00	4.18e-14	0.00e+00
 1.98221e+17	1.00e+00	4.16e-14	0.00e+00
 1.98319e+17	1.00e+00	4.15e-14	0.00e+00
 1.98418e+17	1.00e+00	4.13e-14	0.00e+00
 1.98517e+17	1.00e+00	4.11e-14	0.00e+00
 1.98611e+17	1.00e+00	4.09e-14	0.00e+00
 1.98705e+17	1.00e+00	4.07e-14	0.00e+00
 1.98805e+17	1.00e+00	4.05e-14	0.00e+00
 1.98914e+17	1.00e+00	4.03e-14	0.00e+00
 1.99025e+17	1.00e+00	4.01e-14	0.00e+00
 1.99131e+17	1.00e+00	3.98e-14	0.00e+00
 1.99233e+17	1.00e+00	3.97e-14	0.00e+00
 1.99349e+17	1.00e+00	3.95e-14	0.00e+00
 1.99484e+17	1.00e+00	3.91e-14	0.00e+00
 1.99612e+17	1.00e+00	3.89e-14	0.00e+00
 1.99723e+17	1.00e+00	3.86e-14	0.00e+00
 1.99835e+17	1.00e+00	3.84e-14	0.00e+00
 1.99961e+17	1.00e+00	3.82e-14	0.00e+00
 2.00099e+17	1.00e+00	3.79e-14	0.00e+00
 2.00237e+17	1.00e+00	3.75e-14	0.00e+00
 2.00366e+17	1.00e+00	3.73e-14	0.00e+00
 2.00494e+17	1.00e+00	3.70e-14	0.00e+00
 2.00637e+17	1.00e+00	3.67e-14	0.00e+00
 2.00799e+17	1.00e+00	3.64e-14	0.00e+00
 2.00965e+17	1.00e+00	3.60e-14	0.00e+00
 2.01123e+17	1.00e+00	3.56e-14	0.00e+00
 2.01275e+17	1.00e+00	3.53e-14	0.00e+00
 2.01430e+17	1.00e+00	3.50e-14	0.00e+00
 2.01595e+17	1.00e+00	3.46e-14	0.00e+00
 2.01775e+17	1.00e+00	3.42e-14	0.00e+00
 2.01964e+17	1.00e+00	3.38e-14	0.00e+00
 2.02153e+17	1.00e+00	3.34e-14	0.00e+00
 2.02339e+17	1.00e+00	3.29e-14	0.00e+00
 2.02516e+17	1.00e+00	3.26e-14	0.00e+00
 2.02710e+17	1.00e+00	3.22e-14	0.00e+00
 2.02935e+17	1.00e+00	3.17e-14	0.00e+00
 2.03166e+17	1.00e+00	3.11e-14	0.00e+00
 2.03388e+17	1.00e+00	3.06e-14	0.00e+00
 2.03602e+17	1.00e+00	3.02e-14	0.00e+00
 2.03829e+17	1.00e+00	2.97e-14	0.00e+00
 2.04082e+17	1.00e+00	2.92e-14	0.00e+00
 2.04341e+17	1.00e+00	2.86e-14	0.00e+00
 2.04583e+17	1.00e+00	2.80e-14	0.00e+00
 2.04835e+17	1.00e+00	2.75e-14	0.00e+00
 2.05110e+17	1.00e+00	2.70e-14	0.00e+00
 2.05399e+17	1.00e+00	2.63e-14	0.00e+00
 2.05690e+17	1.00e+00	2.57e-14	0.00e+00
 2.05976e+17	1.00e+00	2.51e-14	0.00e+00
 2.06267e+17	1.00e+00	2.45e-14	0.00e+00
 2.06571e+17	1.00e+00	2.39e-14	0.00e+00
 2.06892e+17	1.00e+00	2.33e-14	0.00e+00
 2.07225e+17	1.00e+00	2.26e-14	0.00e+00
 2.07562e+17	1.00e+00	2.19e-14	0.00e+00
 2.07901e+17	1.00e+00	2.13e-14	0.00e+00
 2.08248e+17	1.00e+00	2.06e-14	0.00e+00
 2.08601e+17	1.00e+00	1.99e-14	0.00e+00
 2.08968e+17	1.00e+00	1.93e-14	0.00e+00
 2.09349e+17	1.00e+00	1.86e-14	0.00e+00
 2.09748e+17	1.00e+00	1.79e-14	0.00e+00
 2.10151e+17	1.00e+00	1.72e-14	0.00e+00
 2.10558e+17	1.00e+00	1.65e-14	0.00e+00
 2.10978e+17	1.00e+00	1.58e-14	0.00e+00
 2.11403e+17	1.00e+00	1.51e-14	0.00e+00
 2.11839e+17	1.00e+00	1.45e-14	0.00e+00
 2.12294e+17	1.00e+00	1.38e-14	0.00e+00
 2.12767e+17	1.00e+00	1.31e-14	0.00e+00
 2.13255e+17	1.00e+00	1.24e-14	0.00e+00
 2.13767e+17	1.00e+00	1.17e-14	0.00e+00
 2.14297e+17	1.00e+00	1.11e-14	0.00e+00
 2.14835e+17	1.00e+00	1.04e-14	0.00e+00
 2.15379e+17	1.00e+00	9.76e-15	0.00e+00
 2.15941e+17	1.00e+00	9.15e-15	0.00e+00
 2.16543e+17	1.00e+00	8.51e-15	0.00e+00
 2.17168e+17	1.00e+00	7.89e-15	0.00e+00
 2.17775e+17	1.00e+00	7.30e-15	0.00e+00
 2.18328e+17	1.00e+00	6.79e-15	0.00e+00
 2.18819e+17	1.00e+00	6.35e-15	0.00e+00
 2.19270e+17	1.00e+00	5.99e-15	0.00e+00
 2.19707e+17	1.00e+00	5.65e-15	0.00e+00
 2.20139e+17	1.00e+00	5.33e-15	0.00e+00
 2.20556e+17	1.00e+00	5.03e-15	0.00e+00
 2.20947e+17	1.00e+00	4.76e-15	0.00e+00
 2.21314e+17	1.00e+00	4.52e-15	0.00e+00
 2.21662e+17	1.00e+00	4.29e-15	0.00e+00
 2.21998e+17	1.00e+00	4.09e-15	0.00e+00
 2.22322e+17	1.00e+00	3.89e-15	0.00e+00
 2.22630e+17	1.00e+00	3.71e-15	0.00e+00
 2.22922e+17	1.00e+00	3.54e-15	0.00e+00
 2.23198e+17	1.00e+00	3.38e-15	0.00e+00
 2.23463e+17	1.00e+00	3.25e-15	0.00e+00
 2.23717e+17	1.00e+00	3.11e-15	0.00e+00
 2.23959e+17	1.00e+00	2.99e-15	0.00e+00
 2.24191e+17	1.00e+00	2.88e-15	0.00e+00
 2.24415e+17	1.00e+00	2.77e-15	0.00e+00
 2.24633e+17	1.00e+00	2.67e-15	0.00e+00
 2.24843e+17	1.00e+00	2.58e-15	0.00e+00
 2.25045e+17	1.00e+00	2.49e-15	0.00e+00
 2.25242e+17	1.00e+00	2.40e-15	0.00e+00
 2.25433e+17	1.00e+00	2.32e-15	0.00e+00
 2.25619e+17	1.00e+00	2.25e-15	0.00e+00
 2.25801e+17	1.00e+00	2.18e-15	0.00e+00
 2.25979e+17	1.00e+00	2.11e-15	0.00e+00
 2.26152e+17	1.00e+00	2.05e-15	0.00e+00
 2.26322e+17	1.00e+00	1.99e-15	0.00e+00
 2.26489e+17	1.00e+00	1.93e-15	0.00e+00
 2.26654e+17	1.00e+00	1.87e-15	0.00e+00
 2.26841e+17	1.00e+00	1.82e-15	0.00e+00
 2.27084e+17	1.00e+00	1.75e-15	0.00e+00
 2.27400e+17	1.00e+00	1.66e-15	0.00e+00
 2.27811e+17	1.00e+00	1.56e-15	0.00e+00
 2.28346e+17	1.00e+00	1.43e-15	0.00e+00
 2.29032e+17	1.00e+00	1.29e-15	0.00e+00
 2.29786e+17	1.00e+00	1.12e-15	0.00e+00
 2.30460e+17	1.00e+00	9.90e-16	0.00e+00
 2.31018e+17	1.00e+00	8.92e-16	0.00e+00
 2.31519e+17	1.00e+00	8.17e-16	0.00e+00
 2.32039e+17	1.00e+00	7.51e-16	0.00e+00
 2.32611e+17	1.00e+00	6.85e-16	0.00e+00
 2.33211e+17	1.00e+00	6.20e-16	0.00e+00
 2.33797e+17	1.00e+00	5.62e-16	0.00e+00
 2.34358e+17	1.00e+00	5.13e-16	0.00e+00
 2.34918e+17	1.00e+00	4.70e-16	0.00e+00
 2.35507e+17	1.00e+00	4.30e-16	0.00e+00
 2.36137e+17	1.00e+00	3.91e-16	0.00e+00
 2.36800e+17	1.00e+00	3.54e-16	0.00e+00
 2.37493e+17	1.00e+00	3.20e-16	0.00e+00
 2.38229e+17	1.00e+00	2.89e-16	0.00e+00
 2.39042e+17	1.00e+00	2.59e-16	0.00e+00
 2.39979e+17	1.00e+00	2.29e-16	0.00e+00
 2.41108e+17	1.00e+00	2.00e-16	0.00e+00
 2.42538e+17	1.00e+00	1.69e-16	0.00e+00
 2.44396e+17	1.00e+00	1.37e-16	0.00e+00
 2.46812e+17	1.00e+00	1.06e-16	0.00e+00
 2.49953e+17	1.00e+00	7.81e-17	0.00e+00
 2.54035e+17	1.00e+00	5.42e-17	0.00e+00
 2.59343e+17	1.00e+00	3.51e-17	0.00e+00
 2.66243e+17	1.00e+00	2.09e-17	0.00e+00
 2.75213e+17	1.00e+00	1.11e-17	0.00e+00
 2.85889e+17	1.00e+00	5.29e-18	0.00e+00
 2.96981e+17	1.00e+00	2.57e-18	0.00e+00
 3.07182e+17	1.00e+00	1.29e-18	0.00e+00
 3.15932e+17	1.00e+00	7.38e-19	0.00e+00
 3.23737e+17	1.00e+00	4.49e-19	0.00e+00
 3.32407e+17	1.00e+00	2.57e-19	0.00e+00
 3.41879e+17	1.00e+00	1.41e-19	0.00e+00
 3.49880e+17	1.00e+00	8.59e-20	0.00e+00
 3.56112e+17	1.00e+00	5.81e-20	0.00e+00
 3.62558e+17	1.00e+00	3.81e-20	0.00e+00
 3.69860e+17	1.00e+00	2.38e-20	0.00e+00
 3.76624e+17	1.00e+00	1.54e-20	0.00e+00
 3.82433e+17	1.00e+00	1.04e-20	0.00e+00
 3.88651e+17	1.00e+00	6.81e-21	0.00e+00
 3.96735e+17	1.00e+00	3.87e-21	0.00e+00
 4.04045e+17	1.00e+00	2.27e-21	0.00e+00
 4.08431e+17	1.00e+00	1.62e-21	0.00e+00
 4.11063e+17	1.00e+00	1.31e-21	0.00e+00
 4.12642e+17	1.00e+00	1.14e-21	0.00e+00
 4.13589e+17	1.00e+00	1.05e-21	0.00e+00
 4.14158e+17	1.00e+00	1.01e-21	0.00e+00
 4.14501e+17	1.00e+00	9.96e-22	0.00e+00
 4.14759e+17	1.00e+00	9.94e-22	0.00e+00
 4.15054e+17	1.00e+00	9.73e-22	0.00e+00
 4.15439e+17	1.00e+00	9.32e-22	0.00e+00
 4.15917e+17	1.00e+00	8.82e-22	0.00e+00
 4.16421e+17	1.00e+00	8.35e-22	0.00e+00
