#depth	C	C+	C+2	C+3	C+4	C+5	C+6	C[1]	C[2]	C[3]	C+[1]	C+[2]	CO
 1.49634e+10	4.86e-48	2.31e-36	8.96e-26	1.08e-15	4.32e-05	2.05e-01	7.95e-01	0.00e+00	0.00e+00	0.00e+00	0.00e+00	0.00e+00	0.00e+00
 4.54887e+10	0.00e+00	3.33e-36	1.20e-25	1.33e-15	4.93e-05	2.18e-01	7.81e-01	0.00e+00	0.00e+00	0.00e+00	0.00e+00	0.00e+00	0.00e+00
 7.72350e+10	1.19e-47	4.85e-36	1.61e-25	1.65e-15	5.66e-05	2.32e-01	7.68e-01	0.00e+00	0.00e+00	0.00e+00	0.00e+00	0.00e+00	0.00e+00
 1.10251e+11	0.00e+00	7.05e-36	2.16e-25	2.06e-15	6.50e-05	2.47e-01	7.53e-01	0.00e+00	0.00e+00	0.00e+00	0.00e+00	0.00e+00	0.00e+00
 1.42027e+11	2.85e-47	9.95e-36	2.84e-25	2.51e-15	7.37e-05	2.60e-01	7.39e-01	0.00e+00	0.00e+00	0.00e+00	0.00e+00	0.00e+00	1.42e-148
 1.71622e+11	0.00e+00	1.36e-35	3.63e-25	3.00e-15	8.26e-05	2.73e-01	7.27e-01	0.00e+00	0.00e+00	0.00e+00	0.00e+00	0.00e+00	1.92e-191
 2.04963e+11	6.27e-47	1.91e-35	4.74e-25	3.65e-15	9.36e-05	2.88e-01	7.12e-01	0.00e+00	0.00e+00	0.00e+00	0.00e+00	0.00e+00	1.05e-147
 2.43088e+11	0.00e+00	2.76e-35	6.34e-25	4.51e-15	1.07e-04	3.04e-01	6.96e-01	0.00e+00	0.00e+00	0.00e+00	0.00e+00	0.00e+00	8.01e-191
 2.80814e+11	1.50e-46	3.92e-35	8.35e-25	5.51e-15	1.21e-04	3.20e-01	6.79e-01	0.00e+00	0.00e+00	0.00e+00	0.00e+00	0.00e+00	9.91e-147
 3.20049e+11	0.00e+00	0.00e+00	1.10e-24	6.75e-15	1.37e-04	3.37e-01	6.63e-01	0.00e+00	0.00e+00	0.00e+00	0.00e+00	0.00e+00	4.09e-190
 3.62777e+11	0.00e+00	8.06e-35	1.47e-24	8.31e-15	1.56e-04	3.55e-01	6.45e-01	0.00e+00	0.00e+00	0.00e+00	0.00e+00	0.00e+00	1.25e-233
 4.07215e+11	5.63e-46	1.16e-34	1.96e-24	1.02e-14	1.78e-04	3.73e-01	6.26e-01	0.00e+00	0.00e+00	0.00e+00	0.00e+00	0.00e+00	2.96e-145
 4.53431e+11	0.00e+00	1.68e-34	2.61e-24	1.26e-14	2.02e-04	3.92e-01	6.08e-01	0.00e+00	0.00e+00	0.00e+00	0.00e+00	0.00e+00	4.75e-189
 5.01495e+11	1.37e-45	2.41e-34	3.47e-24	1.55e-14	2.30e-04	4.11e-01	5.89e-01	0.00e+00	0.00e+00	0.00e+00	0.00e+00	0.00e+00	5.65e-233
 5.51481e+11	0.00e+00	3.47e-34	4.62e-24	1.90e-14	2.60e-04	4.30e-01	5.69e-01	0.00e+00	0.00e+00	0.00e+00	0.00e+00	0.00e+00	2.66e-165
 6.03467e+11	3.32e-45	4.99e-34	6.13e-24	2.33e-14	2.95e-04	4.50e-01	5.50e-01	0.00e+00	0.00e+00	0.00e+00	0.00e+00	0.00e+00	1.64e-209
 6.57533e+11	0.00e+00	7.17e-34	8.13e-24	2.85e-14	3.33e-04	4.70e-01	5.30e-01	0.00e+00	0.00e+00	0.00e+00	0.00e+00	0.00e+00	3.63e-164
 7.13761e+11	8.03e-45	1.03e-33	1.08e-23	3.49e-14	3.77e-04	4.90e-01	5.10e-01	0.00e+00	0.00e+00	0.00e+00	0.00e+00	0.00e+00	1.18e-208
 7.72238e+11	0.00e+00	1.47e-33	1.43e-23	4.26e-14	4.25e-04	5.09e-01	4.90e-01	0.00e+00	0.00e+00	0.00e+00	0.00e+00	0.00e+00	4.97e-163
 8.33054e+11	1.93e-44	2.11e-33	1.89e-23	5.21e-14	4.79e-04	5.29e-01	4.70e-01	0.00e+00	0.00e+00	0.00e+00	0.00e+00	0.00e+00	8.41e-208
 8.96303e+11	0.00e+00	3.02e-33	2.49e-23	6.35e-14	5.40e-04	5.49e-01	4.50e-01	0.00e+00	0.00e+00	0.00e+00	0.00e+00	0.00e+00	6.79e-162
 9.62082e+11	4.65e-44	4.33e-33	3.29e-23	7.74e-14	6.08e-04	5.69e-01	4.31e-01	0.00e+00	0.00e+00	0.00e+00	0.00e+00	0.00e+00	5.98e-207
 1.02580e+12	0.00e+00	6.03e-33	4.26e-23	9.29e-14	6.77e-04	5.87e-01	4.12e-01	0.00e+00	0.00e+00	0.00e+00	0.00e+00	0.00e+00	8.49e-161
 1.08418e+12	1.00e-43	8.10e-33	5.36e-23	1.09e-13	7.45e-04	6.03e-01	3.96e-01	0.00e+00	0.00e+00	0.00e+00	0.00e+00	0.00e+00	4.18e-206
 1.14903e+12	0.00e+00	1.11e-32	6.86e-23	1.30e-13	8.27e-04	6.20e-01	3.80e-01	0.00e+00	0.00e+00	0.00e+00	0.00e+00	0.00e+00	7.98e-160
 1.22436e+12	2.28e-43	1.58e-32	9.01e-23	1.58e-13	9.26e-04	6.38e-01	3.61e-01	0.00e+00	0.00e+00	0.00e+00	0.00e+00	0.00e+00	2.17e-205
 1.29890e+12	0.00e+00	2.21e-32	1.17e-22	1.90e-13	1.03e-03	6.55e-01	3.43e-01	0.00e+00	0.00e+00	0.00e+00	0.00e+00	0.00e+00	1.01e-158
 1.37643e+12	5.21e-43	3.11e-32	1.52e-22	2.28e-13	1.15e-03	6.72e-01	3.26e-01	0.00e+00	0.00e+00	0.00e+00	0.00e+00	0.00e+00	1.54e-204
 1.46141e+12	0.00e+00	4.43e-32	1.99e-22	2.76e-13	1.28e-03	6.90e-01	3.09e-01	0.00e+00	0.00e+00	0.00e+00	0.00e+00	0.00e+00	1.30e-157
 1.54730e+12	1.23e-42	6.24e-32	2.60e-22	3.33e-13	1.43e-03	7.06e-01	2.92e-01	0.00e+00	0.00e+00	0.00e+00	0.00e+00	0.00e+00	8.74e-204
 1.63663e+12	0.00e+00	8.83e-32	3.40e-22	4.02e-13	1.59e-03	7.22e-01	2.76e-01	0.00e+00	0.00e+00	0.00e+00	0.00e+00	0.00e+00	1.66e-156
 1.73202e+12	2.91e-42	1.26e-31	4.47e-22	4.86e-13	1.78e-03	7.38e-01	2.60e-01	0.00e+00	0.00e+00	0.00e+00	0.00e+00	0.00e+00	3.54e-203
 1.83123e+12	0.00e+00	1.79e-31	5.87e-22	5.89e-13	1.98e-03	7.53e-01	2.45e-01	0.00e+00	0.00e+00	0.00e+00	0.00e+00	0.00e+00	2.30e-155
 1.93440e+12	6.96e-42	2.56e-31	7.71e-22	7.12e-13	2.21e-03	7.68e-01	2.30e-01	0.00e+00	0.00e+00	0.00e+00	0.00e+00	0.00e+00	7.85e-202
 2.04171e+12	0.00e+00	3.64e-31	1.01e-21	8.62e-13	2.47e-03	7.82e-01	2.16e-01	0.00e+00	0.00e+00	0.00e+00	0.00e+00	0.00e+00	3.21e-154
 2.15330e+12	1.67e-41	5.20e-31	1.33e-21	1.04e-12	2.75e-03	7.95e-01	2.02e-01	0.00e+00	0.00e+00	0.00e+00	0.00e+00	0.00e+00	5.50e-201
 2.26936e+12	0.00e+00	7.41e-31	1.75e-21	1.26e-12	3.06e-03	8.08e-01	1.89e-01	0.00e+00	0.00e+00	0.00e+00	0.00e+00	0.00e+00	4.50e-153
 2.39006e+12	4.01e-41	1.06e-30	2.30e-21	1.52e-12	3.40e-03	8.20e-01	1.77e-01	0.00e+00	0.00e+00	0.00e+00	0.00e+00	0.00e+00	9.40e-200
 2.50347e+12	0.00e+00	1.46e-30	2.94e-21	1.81e-12	3.74e-03	8.30e-01	1.66e-01	0.00e+00	0.00e+00	0.00e+00	0.00e+00	0.00e+00	5.60e-152
 2.60476e+12	8.42e-41	1.93e-30	3.65e-21	2.10e-12	4.07e-03	8.39e-01	1.57e-01	0.00e+00	0.00e+00	0.00e+00	0.00e+00	0.00e+00	0.00e+00
 2.71842e+12	0.00e+00	2.62e-30	4.61e-21	2.47e-12	4.46e-03	8.48e-01	1.48e-01	0.00e+00	0.00e+00	0.00e+00	0.00e+00	0.00e+00	4.88e-151
 2.85327e+12	1.89e-40	3.70e-30	6.02e-21	2.96e-12	4.94e-03	8.57e-01	1.38e-01	0.00e+00	0.00e+00	0.00e+00	0.00e+00	0.00e+00	0.00e+00
 2.98888e+12	0.00e+00	5.19e-30	7.80e-21	3.54e-12	5.45e-03	8.66e-01	1.29e-01	0.00e+00	0.00e+00	0.00e+00	0.00e+00	0.00e+00	6.28e-150
 3.11597e+12	4.16e-40	7.03e-30	9.85e-21	4.16e-12	5.96e-03	8.73e-01	1.21e-01	0.00e+00	0.00e+00	0.00e+00	0.00e+00	0.00e+00	0.00e+00
 3.25659e+12	0.00e+00	9.77e-30	1.27e-20	4.95e-12	6.57e-03	8.81e-01	1.13e-01	0.00e+00	0.00e+00	0.00e+00	0.00e+00	0.00e+00	6.61e-149
 3.41678e+12	9.75e-40	1.40e-29	1.67e-20	5.99e-12	7.29e-03	8.88e-01	1.05e-01	0.00e+00	0.00e+00	0.00e+00	0.00e+00	0.00e+00	5.78e-196
 3.57640e+12	0.00e+00	1.98e-29	2.18e-20	7.18e-12	8.05e-03	8.95e-01	9.70e-02	0.00e+00	0.00e+00	0.00e+00	0.00e+00	0.00e+00	9.15e-148
 3.74240e+12	2.30e-39	2.80e-29	2.84e-20	8.62e-12	8.91e-03	9.01e-01	9.00e-02	0.00e+00	0.00e+00	0.00e+00	0.00e+00	0.00e+00	0.00e+00
 3.92202e+12	0.00e+00	4.02e-29	3.75e-20	1.04e-11	9.88e-03	9.07e-01	8.31e-02	0.00e+00	0.00e+00	0.00e+00	0.00e+00	0.00e+00	1.28e-146
 4.10517e+12	5.59e-39	5.74e-29	4.92e-20	1.26e-11	1.09e-02	9.12e-01	7.68e-02	0.00e+00	0.00e+00	0.00e+00	0.00e+00	0.00e+00	8.09e-194
 4.27615e+12	0.00e+00	7.90e-29	6.29e-20	1.48e-11	1.20e-02	9.17e-01	7.15e-02	0.00e+00	0.00e+00	0.00e+00	0.00e+00	0.00e+00	1.59e-145
 4.43405e+12	1.19e-38	1.05e-28	7.84e-20	1.73e-11	1.30e-02	9.20e-01	6.70e-02	0.00e+00	0.00e+00	0.00e+00	0.00e+00	0.00e+00	0.00e+00
 4.61457e+12	0.00e+00	1.45e-28	1.00e-19	2.04e-11	1.42e-02	9.23e-01	6.23e-02	0.00e+00	0.00e+00	0.00e+00	0.00e+00	0.00e+00	1.51e-144
 4.82589e+12	2.77e-38	2.08e-28	1.32e-19	2.46e-11	1.57e-02	9.27e-01	5.73e-02	0.00e+00	0.00e+00	0.00e+00	0.00e+00	0.00e+00	4.65e-204
 5.03507e+12	0.00e+00	2.94e-28	1.72e-19	2.95e-11	1.73e-02	9.30e-01	5.29e-02	0.00e+00	0.00e+00	0.00e+00	0.00e+00	0.00e+00	2.08e-143
 5.23145e+12	6.26e-38	4.02e-28	2.19e-19	3.47e-11	1.89e-02	9.32e-01	4.92e-02	0.00e+00	0.00e+00	0.00e+00	0.00e+00	0.00e+00	2.01e-203
 5.44947e+12	0.00e+00	5.63e-28	2.83e-19	4.13e-11	2.07e-02	9.34e-01	4.54e-02	0.00e+00	0.00e+00	0.00e+00	0.00e+00	0.00e+00	2.31e-142
 5.69738e+12	1.51e-37	8.15e-28	3.75e-19	5.01e-11	2.30e-02	9.35e-01	4.16e-02	0.00e+00	0.00e+00	0.00e+00	0.00e+00	0.00e+00	0.00e+00
 5.94225e+12	0.00e+00	1.16e-27	4.92e-19	6.01e-11	2.53e-02	9.37e-01	3.82e-02	0.00e+00	0.00e+00	0.00e+00	0.00e+00	0.00e+00	3.35e-141
 6.19692e+12	3.62e-37	1.65e-27	6.45e-19	7.22e-11	2.78e-02	9.37e-01	3.51e-02	0.00e+00	0.00e+00	0.00e+00	0.00e+00	0.00e+00	0.00e+00
 6.47473e+12	0.00e+00	2.40e-27	8.58e-19	8.75e-11	3.08e-02	9.37e-01	3.20e-02	0.00e+00	0.00e+00	0.00e+00	0.00e+00	0.00e+00	4.90e-140
 6.75483e+12	9.01e-37	3.44e-27	1.13e-18	1.06e-10	3.39e-02	9.37e-01	2.93e-02	0.00e+00	0.00e+00	0.00e+00	0.00e+00	0.00e+00	0.00e+00
 7.04614e+12	0.00e+00	4.95e-27	1.49e-18	1.27e-10	3.74e-02	9.36e-01	2.67e-02	0.00e+00	0.00e+00	0.00e+00	0.00e+00	0.00e+00	7.11e-139
 7.34652e+12	2.21e-36	7.10e-27	1.97e-18	1.54e-10	4.12e-02	9.34e-01	2.44e-02	0.00e+00	0.00e+00	0.00e+00	0.00e+00	0.00e+00	0.00e+00
 7.64077e+12	0.00e+00	9.99e-27	2.56e-18	1.83e-10	4.51e-02	9.33e-01	2.23e-02	0.00e+00	0.00e+00	0.00e+00	0.00e+00	0.00e+00	9.45e-138
 7.95818e+12	5.26e-36	1.43e-26	3.37e-18	2.20e-10	4.95e-02	9.30e-01	2.04e-02	0.00e+00	0.00e+00	0.00e+00	0.00e+00	0.00e+00	4.27e-225
 8.30644e+12	0.00e+00	2.08e-26	4.49e-18	2.67e-10	5.47e-02	9.27e-01	1.85e-02	0.00e+00	0.00e+00	0.00e+00	0.00e+00	0.00e+00	1.39e-136
 8.66862e+12	1.34e-35	3.02e-26	6.00e-18	3.25e-10	6.03e-02	9.23e-01	1.67e-02	0.00e+00	0.00e+00	0.00e+00	0.00e+00	0.00e+00	0.00e+00
 9.04529e+12	0.00e+00	4.40e-26	8.02e-18	3.94e-10	6.65e-02	9.18e-01	1.51e-02	0.00e+00	0.00e+00	0.00e+00	0.00e+00	0.00e+00	2.19e-135
 9.43703e+12	3.40e-35	6.41e-26	1.07e-17	4.79e-10	7.33e-02	9.13e-01	1.36e-02	0.00e+00	0.00e+00	0.00e+00	0.00e+00	0.00e+00	0.00e+00
 9.79102e+12	0.00e+00	8.89e-26	1.38e-17	5.67e-10	7.98e-02	9.08e-01	1.25e-02	0.00e+00	0.00e+00	0.00e+00	0.00e+00	0.00e+00	2.89e-134
 1.00854e+13	7.08e-35	1.16e-25	1.69e-17	6.50e-10	8.53e-02	9.03e-01	1.16e-02	0.00e+00	0.00e+00	0.00e+00	0.00e+00	0.00e+00	3.55e-98
 1.04077e+13	1.00e-34	1.53e-25	2.10e-17	7.51e-10	9.16e-02	8.98e-01	1.07e-02	0.00e+00	0.00e+00	0.00e+00	0.00e+00	0.00e+00	0.00e+00
 1.08166e+13	1.53e-34	2.15e-25	2.73e-17	8.97e-10	9.99e-02	8.90e-01	9.70e-03	0.00e+00	0.00e+00	0.00e+00	0.00e+00	0.00e+00	3.76e-115
 1.12435e+13	2.34e-34	3.04e-25	3.57e-17	1.07e-09	1.09e-01	8.82e-01	8.78e-03	0.00e+00	0.00e+00	0.00e+00	0.00e+00	0.00e+00	4.91e-97
 1.16053e+13	3.32e-34	4.03e-25	4.44e-17	1.24e-09	1.17e-01	8.75e-01	8.08e-03	0.00e+00	0.00e+00	0.00e+00	0.00e+00	0.00e+00	0.00e+00
 1.19768e+13	4.68e-34	5.32e-25	5.50e-17	1.43e-09	1.25e-01	8.67e-01	7.43e-03	0.00e+00	0.00e+00	0.00e+00	0.00e+00	0.00e+00	7.06e-114
 1.24455e+13	7.11e-34	7.46e-25	7.16e-17	1.71e-09	1.36e-01	8.57e-01	6.70e-03	0.00e+00	0.00e+00	0.00e+00	0.00e+00	0.00e+00	5.56e-96
 1.29220e+13	1.07e-33	1.04e-24	9.26e-17	2.03e-09	1.48e-01	8.46e-01	6.05e-03	0.00e+00	0.00e+00	0.00e+00	0.00e+00	0.00e+00	0.00e+00
 1.33297e+13	1.50e-33	1.36e-24	1.14e-16	2.34e-09	1.58e-01	8.37e-01	5.55e-03	0.00e+00	0.00e+00	0.00e+00	0.00e+00	0.00e+00	1.50e-112
 1.37665e+13	2.11e-33	1.80e-24	1.42e-16	2.70e-09	1.69e-01	8.26e-01	5.08e-03	0.00e+00	0.00e+00	0.00e+00	0.00e+00	0.00e+00	5.98e-95
 1.43086e+13	3.19e-33	2.51e-24	1.84e-16	3.21e-09	1.83e-01	8.13e-01	4.55e-03	0.00e+00	0.00e+00	0.00e+00	0.00e+00	0.00e+00	1.12e-111
 1.48650e+13	4.77e-33	3.48e-24	2.38e-16	3.81e-09	1.97e-01	7.99e-01	4.08e-03	0.00e+00	0.00e+00	0.00e+00	0.00e+00	0.00e+00	3.54e-94
 1.53643e+13	6.75e-33	4.61e-24	2.96e-16	4.40e-09	2.11e-01	7.86e-01	3.71e-03	0.00e+00	0.00e+00	0.00e+00	0.00e+00	0.00e+00	8.21e-111
 1.59120e+13	9.70e-33	6.19e-24	3.73e-16	5.13e-09	2.26e-01	7.71e-01	3.35e-03	0.00e+00	0.00e+00	0.00e+00	0.00e+00	0.00e+00	1.67e-93
 1.65610e+13	1.46e-32	8.64e-24	4.84e-16	6.10e-09	2.43e-01	7.54e-01	2.97e-03	0.00e+00	0.00e+00	0.00e+00	0.00e+00	0.00e+00	6.56e-110
 1.72119e+13	2.17e-32	1.19e-23	6.21e-16	7.18e-09	2.61e-01	7.36e-01	2.65e-03	0.00e+00	0.00e+00	0.00e+00	0.00e+00	0.00e+00	9.76e-93
 1.78275e+13	3.09e-32	1.58e-23	7.77e-16	8.33e-09	2.78e-01	7.19e-01	2.38e-03	0.00e+00	0.00e+00	0.00e+00	0.00e+00	0.00e+00	4.94e-109
 1.85093e+13	4.49e-32	2.14e-23	9.84e-16	9.73e-09	2.97e-01	7.01e-01	2.12e-03	0.00e+00	0.00e+00	0.00e+00	0.00e+00	0.00e+00	4.87e-92
 1.92796e+13	6.71e-32	2.97e-23	1.27e-15	1.15e-08	3.18e-01	6.80e-01	1.87e-03	0.00e+00	0.00e+00	0.00e+00	0.00e+00	0.00e+00	4.12e-108
 2.00470e+13	9.81e-32	4.04e-23	1.61e-15	1.35e-08	3.39e-01	6.59e-01	1.65e-03	0.00e+00	0.00e+00	0.00e+00	0.00e+00	0.00e+00	2.76e-91
 2.07237e+13	1.35e-31	5.23e-23	1.98e-15	1.53e-08	3.57e-01	6.41e-01	1.48e-03	0.00e+00	0.00e+00	0.00e+00	0.00e+00	0.00e+00	2.85e-107
 2.13192e+13	1.77e-31	6.51e-23	2.34e-15	1.71e-08	3.73e-01	6.25e-01	1.35e-03	0.00e+00	0.00e+00	0.00e+00	0.00e+00	0.00e+00	1.04e-90
 2.19941e+13	2.38e-31	8.26e-23	2.82e-15	1.93e-08	3.91e-01	6.08e-01	1.22e-03	0.00e+00	0.00e+00	0.00e+00	0.00e+00	0.00e+00	1.38e-106
 2.27462e+13	3.26e-31	1.07e-22	3.44e-15	2.20e-08	4.10e-01	5.89e-01	1.09e-03	0.00e+00	0.00e+00	0.00e+00	0.00e+00	0.00e+00	4.09e-90
 2.34524e+13	4.33e-31	1.34e-22	4.11e-15	2.46e-08	4.28e-01	5.71e-01	9.89e-04	0.00e+00	0.00e+00	0.00e+00	0.00e+00	0.00e+00	7.44e-106
 2.42242e+13	5.83e-31	1.71e-22	4.96e-15	2.78e-08	4.47e-01	5.52e-01	8.87e-04	0.00e+00	0.00e+00	0.00e+00	0.00e+00	0.00e+00	1.53e-89
 2.50867e+13	8.01e-31	2.21e-22	6.05e-15	3.16e-08	4.68e-01	5.32e-01	7.86e-04	0.00e+00	0.00e+00	0.00e+00	0.00e+00	0.00e+00	4.30e-105
 2.59008e+13	1.07e-30	2.78e-22	7.25e-15	3.54e-08	4.86e-01	5.13e-01	7.04e-04	0.00e+00	0.00e+00	0.00e+00	0.00e+00	0.00e+00	6.15e-89
 2.67926e+13	1.45e-30	3.55e-22	8.75e-15	3.99e-08	5.06e-01	4.93e-01	6.26e-04	0.00e+00	0.00e+00	0.00e+00	0.00e+00	0.00e+00	2.36e-104
 2.77905e+13	2.00e-30	4.61e-22	1.07e-14	4.53e-08	5.28e-01	4.72e-01	5.50e-04	0.00e+00	0.00e+00	0.00e+00	0.00e+00	0.00e+00	2.61e-88
 2.87354e+13	2.68e-30	5.84e-22	1.28e-14	5.08e-08	5.47e-01	4.52e-01	4.88e-04	0.00e+00	0.00e+00	0.00e+00	0.00e+00	0.00e+00	1.42e-103
 2.96102e+13	3.47e-30	7.20e-22	1.51e-14	5.62e-08	5.65e-01	4.35e-01	4.38e-04	0.00e+00	0.00e+00	0.00e+00	0.00e+00	0.00e+00	9.50e-88
 3.05849e+13	4.59e-30	9.01e-22	1.79e-14	6.25e-08	5.83e-01	4.17e-01	3.90e-04	0.00e+00	0.00e+00	0.00e+00	0.00e+00	0.00e+00	6.94e-103
 3.16778e+13	6.19e-30	1.15e-21	2.16e-14	7.01e-08	6.03e-01	3.97e-01	3.42e-04	0.00e+00	0.00e+00	0.00e+00	0.00e+00	0.00e+00	3.71e-87
 3.27091e+13	8.12e-30	1.42e-21	2.55e-14	7.77e-08	6.20e-01	3.79e-01	3.04e-04	0.00e+00	0.00e+00	0.00e+00	0.00e+00	0.00e+00	3.80e-102
 3.38344e+13	1.08e-29	1.79e-21	3.03e-14	8.65e-08	6.39e-01	3.61e-01	2.68e-04	0.00e+00	0.00e+00	0.00e+00	0.00e+00	0.00e+00	1.39e-86
 3.50792e+13	1.46e-29	2.28e-21	3.64e-14	9.68e-08	6.58e-01	3.42e-01	2.34e-04	0.00e+00	0.00e+00	0.00e+00	0.00e+00	0.00e+00	2.21e-101
 3.62321e+13	1.90e-29	2.82e-21	4.29e-14	1.07e-07	6.74e-01	3.26e-01	2.07e-04	0.00e+00	0.00e+00	0.00e+00	0.00e+00	0.00e+00	5.44e-86
 3.74838e+13	2.51e-29	3.52e-21	5.08e-14	1.18e-07	6.91e-01	3.09e-01	1.81e-04	0.00e+00	0.00e+00	0.00e+00	0.00e+00	0.00e+00	1.16e-100
 3.88836e+13	3.39e-29	4.46e-21	6.08e-14	1.32e-07	7.09e-01	2.91e-01	1.57e-04	0.00e+00	0.00e+00	0.00e+00	0.00e+00	0.00e+00	2.21e-85
 4.02036e+13	4.43e-29	5.54e-21	7.16e-14	1.46e-07	7.24e-01	2.76e-01	1.38e-04	0.00e+00	0.00e+00	0.00e+00	0.00e+00	0.00e+00	6.68e-100
 4.16474e+13	5.89e-29	6.94e-21	8.48e-14	1.61e-07	7.40e-01	2.60e-01	1.21e-04	0.00e+00	0.00e+00	0.00e+00	0.00e+00	0.00e+00	8.62e-85
 4.32589e+13	7.96e-29	8.82e-21	1.02e-13	1.79e-07	7.56e-01	2.44e-01	1.04e-04	0.00e+00	0.00e+00	0.00e+00	0.00e+00	0.00e+00	4.13e-99
 4.47767e+13	1.05e-28	1.10e-20	1.20e-13	1.97e-07	7.70e-01	2.30e-01	9.06e-05	0.00e+00	0.00e+00	0.00e+00	0.00e+00	0.00e+00	3.60e-84
 4.64240e+13	1.39e-28	1.37e-20	1.42e-13	2.18e-07	7.84e-01	2.16e-01	7.86e-05	0.00e+00	0.00e+00	0.00e+00	0.00e+00	0.00e+00	2.39e-98
 4.82718e+13	1.89e-28	1.75e-20	1.70e-13	2.42e-07	7.98e-01	2.02e-01	6.72e-05	0.00e+00	0.00e+00	0.00e+00	0.00e+00	0.00e+00	1.59e-83
 5.00524e+13	2.51e-28	2.19e-20	2.00e-13	2.67e-07	8.11e-01	1.89e-01	5.81e-05	0.00e+00	0.00e+00	0.00e+00	0.00e+00	0.00e+00	1.54e-97
 5.19432e+13	3.35e-28	2.75e-20	2.37e-13	2.94e-07	8.23e-01	1.77e-01	5.01e-05	0.00e+00	0.00e+00	0.00e+00	0.00e+00	0.00e+00	6.82e-83
 5.40508e+13	4.56e-28	3.51e-20	2.84e-13	3.26e-07	8.36e-01	1.64e-01	4.27e-05	0.00e+00	0.00e+00	0.00e+00	0.00e+00	0.00e+00	1.04e-96
 5.61727e+13	6.14e-28	4.43e-20	3.37e-13	3.59e-07	8.47e-01	1.53e-01	3.65e-05	0.00e+00	0.00e+00	0.00e+00	0.00e+00	0.00e+00	3.22e-82
 5.83794e+13	8.29e-28	5.61e-20	3.99e-13	3.95e-07	8.57e-01	1.43e-01	3.14e-05	0.00e+00	0.00e+00	0.00e+00	0.00e+00	0.00e+00	7.11e-96
 6.07445e+13	1.12e-27	7.11e-20	4.76e-13	4.36e-07	8.68e-01	1.32e-01	2.67e-05	0.00e+00	0.00e+00	0.00e+00	0.00e+00	0.00e+00	1.55e-81
 6.29791e+13	1.48e-27	8.84e-20	5.57e-13	4.76e-07	8.76e-01	1.24e-01	2.30e-05	0.00e+00	0.00e+00	0.00e+00	0.00e+00	0.00e+00	4.67e-95
 6.49957e+13	1.89e-27	1.07e-19	6.39e-13	5.14e-07	8.84e-01	1.16e-01	2.03e-05	0.00e+00	0.00e+00	0.00e+00	0.00e+00	0.00e+00	6.06e-81
 6.68997e+13	2.36e-27	1.27e-19	7.23e-13	5.51e-07	8.90e-01	1.10e-01	1.80e-05	0.00e+00	0.00e+00	0.00e+00	0.00e+00	0.00e+00	2.11e-94
 6.90072e+13	3.00e-27	1.53e-19	8.26e-13	5.93e-07	8.96e-01	1.04e-01	1.59e-05	0.00e+00	0.00e+00	0.00e+00	0.00e+00	0.00e+00	2.05e-80
 7.13713e+13	3.89e-27	1.87e-19	9.54e-13	6.41e-07	9.03e-01	9.73e-02	1.39e-05	0.00e+00	0.00e+00	0.00e+00	0.00e+00	0.00e+00	1.07e-93
 7.36201e+13	4.94e-27	2.25e-19	1.09e-12	6.90e-07	9.08e-01	9.17e-02	1.23e-05	0.00e+00	0.00e+00	0.00e+00	0.00e+00	0.00e+00	7.68e-80
 7.60946e+13	6.37e-27	2.74e-19	1.25e-12	7.44e-07	9.14e-01	8.60e-02	1.07e-05	0.00e+00	0.00e+00	0.00e+00	0.00e+00	0.00e+00	5.32e-93
 7.88000e+13	8.33e-27	3.38e-19	1.45e-12	8.06e-07	9.20e-01	8.04e-02	9.31e-06	0.00e+00	0.00e+00	0.00e+00	0.00e+00	0.00e+00	3.10e-79
 8.12664e+13	1.06e-26	4.06e-19	1.65e-12	8.65e-07	9.24e-01	7.57e-02	8.22e-06	0.00e+00	0.00e+00	0.00e+00	0.00e+00	0.00e+00	2.78e-92
 8.39335e+13	1.36e-26	4.91e-19	1.89e-12	9.29e-07	9.29e-01	7.11e-02	7.22e-06	0.00e+00	0.00e+00	0.00e+00	0.00e+00	0.00e+00	1.15e-78
 8.69324e+13	1.78e-26	6.06e-19	2.19e-12	1.00e-06	9.34e-01	6.64e-02	6.27e-06	0.00e+00	0.00e+00	0.00e+00	0.00e+00	0.00e+00	1.53e-91
 8.97793e+13	2.29e-26	7.34e-19	2.50e-12	1.08e-06	9.38e-01	6.24e-02	5.51e-06	0.00e+00	0.00e+00	0.00e+00	0.00e+00	0.00e+00	4.66e-78
 9.28969e+13	2.98e-26	8.99e-19	2.88e-12	1.16e-06	9.42e-01	5.84e-02	4.80e-06	0.00e+00	0.00e+00	0.00e+00	0.00e+00	0.00e+00	8.19e-91
 9.63427e+13	3.95e-26	1.12e-18	3.35e-12	1.26e-06	9.46e-01	5.44e-02	4.15e-06	0.00e+00	0.00e+00	0.00e+00	0.00e+00	0.00e+00	2.05e-77
 9.95459e+13	5.10e-26	1.36e-18	3.83e-12	1.35e-06	9.49e-01	5.10e-02	3.64e-06	0.00e+00	0.00e+00	0.00e+00	0.00e+00	0.00e+00	4.73e-90
 1.03041e+14	6.69e-26	1.67e-18	4.41e-12	1.45e-06	9.52e-01	4.77e-02	3.17e-06	0.00e+00	0.00e+00	0.00e+00	0.00e+00	0.00e+00	8.53e-77
 1.06968e+14	8.97e-26	2.08e-18	5.14e-12	1.57e-06	9.56e-01	4.44e-02	2.74e-06	0.00e+00	0.00e+00	0.00e+00	0.00e+00	0.00e+00	1.90e-76
 1.10706e+14	1.17e-25	2.56e-18	5.91e-12	1.69e-06	9.58e-01	4.15e-02	2.39e-06	0.00e+00	0.00e+00	0.00e+00	0.00e+00	0.00e+00	3.94e-76
 1.14758e+14	1.56e-25	3.17e-18	6.85e-12	1.83e-06	9.61e-01	3.87e-02	2.07e-06	0.00e+00	0.00e+00	0.00e+00	0.00e+00	0.00e+00	8.51e-76
 1.19250e+14	2.11e-25	3.98e-18	8.00e-12	1.98e-06	9.64e-01	3.59e-02	1.78e-06	0.00e+00	0.00e+00	0.00e+00	0.00e+00	0.00e+00	1.94e-75
 1.23554e+14	2.78e-25	4.92e-18	9.23e-12	2.13e-06	9.66e-01	3.35e-02	1.54e-06	0.00e+00	0.00e+00	0.00e+00	0.00e+00	0.00e+00	4.17e-75
 1.28158e+14	3.72e-25	6.12e-18	1.07e-11	2.30e-06	9.69e-01	3.12e-02	1.34e-06	0.00e+00	0.00e+00	0.00e+00	0.00e+00	0.00e+00	9.23e-75
 1.33314e+14	5.09e-25	7.76e-18	1.25e-11	2.49e-06	9.71e-01	2.89e-02	1.15e-06	0.00e+00	0.00e+00	0.00e+00	0.00e+00	0.00e+00	2.18e-74
 1.38480e+14	6.88e-25	9.73e-18	1.46e-11	2.69e-06	9.73e-01	2.69e-02	9.86e-07	0.00e+00	0.00e+00	0.00e+00	0.00e+00	0.00e+00	4.98e-74
 1.43852e+14	9.30e-25	1.22e-17	1.70e-11	2.91e-06	9.75e-01	2.50e-02	0.00e+00	0.00e+00	0.00e+00	0.00e+00	0.00e+00	0.00e+00	1.14e-73
 1.49636e+14	1.27e-24	1.55e-17	1.99e-11	3.15e-06	9.77e-01	2.31e-02	0.00e+00	0.00e+00	0.00e+00	0.00e+00	0.00e+00	0.00e+00	2.69e-73
 1.55652e+14	1.74e-24	1.96e-17	2.34e-11	3.41e-06	9.79e-01	2.14e-02	0.00e+00	0.00e+00	0.00e+00	0.00e+00	0.00e+00	0.00e+00	6.35e-73
 1.61908e+14	2.37e-24	2.48e-17	2.73e-11	3.69e-06	9.80e-01	1.98e-02	0.00e+00	0.00e+00	0.00e+00	0.00e+00	0.00e+00	0.00e+00	1.50e-72
 1.67977e+14	3.18e-24	3.08e-17	3.17e-11	3.98e-06	9.82e-01	1.85e-02	0.00e+00	0.00e+00	0.00e+00	0.00e+00	0.00e+00	0.00e+00	3.35e-72
 1.73704e+14	4.15e-24	3.77e-17	3.62e-11	4.25e-06	9.83e-01	1.73e-02	0.00e+00	0.00e+00	0.00e+00	0.00e+00	0.00e+00	0.00e+00	6.98e-72
 1.79114e+14	5.30e-24	4.52e-17	4.09e-11	4.52e-06	9.84e-01	1.63e-02	0.00e+00	0.00e+00	0.00e+00	0.00e+00	1.46e-17	3.06e-17	1.37e-71
 1.85007e+14	6.85e-24	5.49e-17	4.66e-11	4.82e-06	9.85e-01	1.53e-02	0.00e+00	0.00e+00	0.00e+00	0.00e+00	1.82e-17	3.67e-17	2.78e-71
 1.91573e+14	9.01e-24	6.74e-17	5.35e-11	5.17e-06	9.86e-01	1.43e-02	0.00e+00	0.00e+00	0.00e+00	0.00e+00	2.24e-17	4.50e-17	5.88e-71
 1.97747e+14	1.16e-23	8.15e-17	6.07e-11	5.51e-06	9.87e-01	1.34e-02	0.00e+00	0.00e+00	0.00e+00	0.00e+00	2.70e-17	5.44e-17	1.18e-70
 2.04505e+14	1.52e-23	9.97e-17	6.94e-11	5.89e-06	9.87e-01	1.26e-02	0.00e+00	0.00e+00	0.00e+00	0.00e+00	3.31e-17	6.66e-17	2.47e-70
 2.12114e+14	2.02e-23	1.24e-16	8.03e-11	6.34e-06	9.88e-01	1.17e-02	0.00e+00	0.00e+00	0.00e+00	0.00e+00	4.11e-17	8.27e-17	5.46e-70
 2.19406e+14	2.63e-23	1.51e-16	9.20e-11	6.79e-06	9.89e-01	1.09e-02	0.00e+00	0.00e+00	0.00e+00	0.00e+00	5.01e-17	1.01e-16	1.12e-69
 2.27381e+14	3.49e-23	1.87e-16	1.06e-10	7.29e-06	9.90e-01	1.02e-02	0.00e+00	0.00e+00	0.00e+00	0.00e+00	6.19e-17	1.25e-16	2.44e-69
 2.36506e+14	4.76e-23	2.36e-16	1.24e-10	7.89e-06	9.91e-01	9.44e-03	0.00e+00	0.00e+00	0.00e+00	0.00e+00	7.84e-17	1.58e-16	5.77e-69
 2.45425e+14	6.34e-23	2.93e-16	1.44e-10	8.51e-06	9.91e-01	8.77e-03	0.00e+00	0.00e+00	0.00e+00	0.00e+00	9.73e-17	1.96e-16	1.26e-68
 2.53956e+14	8.32e-23	3.60e-16	1.65e-10	9.10e-06	9.92e-01	8.20e-03	0.00e+00	0.00e+00	0.00e+00	0.00e+00	1.19e-16	2.40e-16	2.68e-68
 2.62270e+14	1.07e-22	4.34e-16	1.88e-10	9.72e-06	9.92e-01	7.68e-03	0.00e+00	0.00e+00	0.00e+00	0.00e+00	1.44e-16	2.90e-16	5.26e-68
 2.71583e+14	1.40e-22	5.35e-16	2.16e-10	1.04e-05	9.93e-01	7.17e-03	0.00e+00	0.00e+00	0.00e+00	0.00e+00	1.77e-16	3.57e-16	1.13e-67
 2.81777e+14	1.86e-22	6.63e-16	2.51e-10	1.12e-05	9.93e-01	6.66e-03	0.00e+00	0.00e+00	0.00e+00	0.00e+00	2.20e-16	4.43e-16	2.44e-67
 2.91076e+14	2.41e-22	8.05e-16	2.85e-10	1.20e-05	9.94e-01	6.24e-03	0.00e+00	0.00e+00	0.00e+00	0.00e+00	2.67e-16	5.38e-16	4.99e-67
 3.01124e+14	3.13e-22	9.80e-16	3.27e-10	1.29e-05	9.94e-01	5.83e-03	0.00e+00	0.00e+00	0.00e+00	0.00e+00	3.25e-16	6.55e-16	1.01e-66
 3.12412e+14	4.16e-22	1.22e-15	3.80e-10	1.39e-05	9.95e-01	5.41e-03	0.00e+00	0.00e+00	0.00e+00	0.00e+00	4.04e-16	8.13e-16	2.22e-66
 3.23102e+14	5.38e-22	1.48e-15	4.35e-10	1.48e-05	9.95e-01	5.06e-03	0.00e+00	0.00e+00	0.00e+00	0.00e+00	4.91e-16	9.90e-16	4.50e-66
 3.34761e+14	7.09e-22	1.83e-15	5.01e-10	1.59e-05	9.95e-01	4.71e-03	0.00e+00	0.00e+00	0.00e+00	0.00e+00	6.05e-16	1.22e-15	9.64e-66
 3.47681e+14	9.52e-22	2.29e-15	5.83e-10	1.72e-05	9.96e-01	4.37e-03	0.00e+00	0.00e+00	0.00e+00	0.00e+00	7.58e-16	1.53e-15	2.18e-65
 3.59752e+14	1.23e-21	2.78e-15	6.71e-10	1.85e-05	9.96e-01	4.07e-03	0.00e+00	0.00e+00	0.00e+00	0.00e+00	9.23e-16	1.86e-15	4.41e-65
 3.72807e+14	1.63e-21	3.44e-15	7.73e-10	1.98e-05	9.96e-01	3.79e-03	0.00e+00	0.00e+00	0.00e+00	0.00e+00	1.14e-15	2.30e-15	9.54e-65
 3.87379e+14	2.17e-21	4.28e-15	9.03e-10	2.15e-05	9.96e-01	3.51e-03	0.00e+00	0.00e+00	0.00e+00	0.00e+00	1.42e-15	2.86e-15	2.09e-64
 4.01297e+14	2.86e-21	5.28e-15	1.04e-09	2.31e-05	9.97e-01	3.27e-03	0.00e+00	0.00e+00	0.00e+00	0.00e+00	1.75e-15	3.53e-15	4.49e-64
 4.16143e+14	3.74e-21	6.49e-15	1.20e-09	2.49e-05	9.97e-01	3.03e-03	0.00e+00	0.00e+00	0.00e+00	0.00e+00	2.15e-15	4.34e-15	9.37e-64
 4.32818e+14	5.08e-21	8.19e-15	1.41e-09	2.69e-05	9.97e-01	2.80e-03	0.00e+00	0.00e+00	0.00e+00	0.00e+00	2.71e-15	5.48e-15	2.19e-63
 4.49348e+14	6.68e-21	1.01e-14	1.64e-09	2.91e-05	9.97e-01	2.60e-03	0.00e+00	0.00e+00	0.00e+00	0.00e+00	3.35e-15	6.76e-15	4.64e-63
 4.66538e+14	8.88e-21	1.25e-14	1.91e-09	3.14e-05	9.98e-01	2.41e-03	0.00e+00	0.00e+00	0.00e+00	0.00e+00	4.16e-15	8.39e-15	1.02e-62
 4.84115e+14	1.18e-20	1.56e-14	2.21e-09	3.38e-05	9.98e-01	2.23e-03	0.00e+00	0.00e+00	0.00e+00	0.00e+00	5.17e-15	1.04e-14	2.23e-62
 5.00510e+14	1.51e-20	1.89e-14	2.53e-09	3.62e-05	9.98e-01	2.09e-03	0.00e+00	0.00e+00	0.00e+00	0.00e+00	6.25e-15	1.26e-14	4.43e-62
 5.18674e+14	1.95e-20	2.30e-14	2.92e-09	3.89e-05	9.98e-01	1.94e-03	0.00e+00	0.00e+00	0.00e+00	0.00e+00	7.62e-15	1.54e-14	9.00e-62
 5.38461e+14	2.61e-20	2.87e-14	3.39e-09	4.19e-05	9.98e-01	1.80e-03	0.00e+00	0.00e+00	0.00e+00	0.00e+00	9.50e-15	1.92e-14	2.01e-61
 5.56809e+14	3.32e-20	3.45e-14	3.87e-09	4.49e-05	9.98e-01	1.68e-03	0.00e+00	0.00e+00	0.00e+00	0.00e+00	1.14e-14	2.31e-14	3.90e-61
 5.72994e+14	4.13e-20	4.08e-14	4.34e-09	4.76e-05	9.98e-01	1.58e-03	0.00e+00	0.00e+00	0.00e+00	0.00e+00	1.35e-14	2.73e-14	7.15e-61
 5.90107e+14	5.08e-20	4.79e-14	4.89e-09	5.06e-05	9.98e-01	1.49e-03	0.00e+00	0.00e+00	0.00e+00	0.00e+00	1.59e-14	3.20e-14	1.27e-60
 6.11790e+14	6.71e-20	5.93e-14	5.65e-09	5.44e-05	9.99e-01	1.39e-03	0.00e+00	0.00e+00	0.00e+00	0.00e+00	1.96e-14	3.97e-14	2.75e-60
 6.33794e+14	8.61e-20	7.19e-14	6.51e-09	5.85e-05	9.99e-01	1.29e-03	0.00e+00	0.00e+00	0.00e+00	0.00e+00	2.38e-14	4.81e-14	5.47e-60
 6.52343e+14	1.06e-19	8.46e-14	7.31e-09	6.20e-05	9.99e-01	1.21e-03	0.00e+00	0.00e+00	0.00e+00	0.00e+00	2.80e-14	5.66e-14	9.87e-60
 6.72022e+14	1.33e-19	1.01e-13	8.23e-09	6.58e-05	9.99e-01	1.14e-03	0.00e+00	0.00e+00	0.00e+00	0.00e+00	3.33e-14	6.73e-14	1.84e-59
 6.96823e+14	1.71e-19	1.22e-13	9.51e-09	7.09e-05	9.99e-01	1.06e-03	0.00e+00	0.00e+00	0.00e+00	0.00e+00	4.05e-14	8.19e-14	3.72e-59
 7.22511e+14	2.26e-19	1.51e-13	1.10e-08	7.63e-05	9.99e-01	9.86e-04	0.00e+00	0.00e+00	0.00e+00	0.00e+00	5.00e-14	1.01e-13	8.03e-59
 7.45174e+14	2.79e-19	1.78e-13	1.24e-08	8.13e-05	9.99e-01	9.25e-04	0.00e+00	0.00e+00	0.00e+00	0.00e+00	5.89e-14	1.19e-13	1.44e-58
 7.69679e+14	3.57e-19	2.16e-13	1.42e-08	8.67e-05	9.99e-01	8.66e-04	0.00e+00	0.00e+00	0.00e+00	0.00e+00	7.12e-14	1.44e-13	2.87e-58
 7.99214e+14	4.64e-19	2.64e-13	1.65e-08	9.38e-05	9.99e-01	8.01e-04	0.00e+00	0.00e+00	0.00e+00	0.00e+00	8.73e-14	1.77e-13	5.93e-58
 8.28355e+14	6.01e-19	3.23e-13	1.90e-08	1.01e-04	9.99e-01	7.44e-04	0.00e+00	0.00e+00	0.00e+00	0.00e+00	1.07e-13	2.16e-13	1.23e-57
 8.54165e+14	7.51e-19	3.85e-13	2.15e-08	1.07e-04	9.99e-01	6.99e-04	0.00e+00	0.00e+00	0.00e+00	0.00e+00	1.27e-13	2.58e-13	2.30e-57
 8.82581e+14	9.50e-19	4.62e-13	2.45e-08	1.15e-04	9.99e-01	6.53e-04	0.00e+00	0.00e+00	0.00e+00	0.00e+00	1.52e-13	3.09e-13	4.43e-57
 9.16630e+14	1.23e-18	5.65e-13	2.85e-08	1.24e-04	9.99e-01	6.04e-04	0.00e+00	0.00e+00	0.00e+00	0.00e+00	1.86e-13	3.79e-13	9.10e-57
 9.50478e+14	1.61e-18	6.97e-13	3.30e-08	1.33e-04	9.99e-01	5.61e-04	0.00e+00	0.00e+00	0.00e+00	0.00e+00	2.30e-13	4.67e-13	1.95e-56
 9.81312e+14	2.00e-18	8.26e-13	3.75e-08	1.43e-04	9.99e-01	5.24e-04	0.00e+00	0.00e+00	0.00e+00	0.00e+00	2.72e-13	5.53e-13	3.56e-56
 1.01575e+15	2.57e-18	1.00e-12	4.31e-08	1.53e-04	9.99e-01	4.88e-04	0.00e+00	0.00e+00	0.00e+00	0.00e+00	3.31e-13	6.73e-13	7.20e-56
 1.05594e+15	3.34e-18	1.23e-12	5.03e-08	1.66e-04	9.99e-01	4.50e-04	0.00e+00	0.00e+00	0.00e+00	0.00e+00	4.06e-13	8.26e-13	1.49e-55
 1.09527e+15	4.34e-18	1.52e-12	5.83e-08	1.79e-04	9.99e-01	4.17e-04	0.00e+00	0.00e+00	0.00e+00	0.00e+00	4.99e-13	1.02e-12	3.16e-55
 1.13222e+15	5.39e-18	1.80e-12	6.66e-08	1.92e-04	9.99e-01	3.88e-04	0.00e+00	0.00e+00	0.00e+00	0.00e+00	5.93e-13	1.21e-12	5.79e-55
 1.17358e+15	6.98e-18	2.20e-12	7.70e-08	2.07e-04	9.99e-01	3.60e-04	0.00e+00	0.00e+00	0.00e+00	0.00e+00	7.24e-13	1.48e-12	1.19e-54
 1.22056e+15	9.11e-18	2.72e-12	9.02e-08	2.25e-04	9.99e-01	3.31e-04	0.00e+00	0.00e+00	0.00e+00	0.00e+00	8.95e-13	1.82e-12	2.54e-54
 1.26734e+15	1.18e-17	3.34e-12	1.05e-07	2.43e-04	9.99e-01	3.06e-04	0.00e+00	0.00e+00	0.00e+00	0.00e+00	1.10e-12	2.24e-12	5.31e-54
 1.31250e+15	1.48e-17	4.01e-12	1.21e-07	2.62e-04	9.99e-01	2.84e-04	0.00e+00	0.00e+00	0.00e+00	0.00e+00	1.32e-12	2.69e-12	1.01e-53
 1.35160e+15	1.82e-17	4.71e-12	1.36e-07	2.78e-04	9.99e-01	2.66e-04	0.00e+00	0.00e+00	0.00e+00	0.00e+00	1.55e-12	3.16e-12	1.80e-53
 1.38406e+15	2.12e-17	5.34e-12	1.50e-07	2.93e-04	9.99e-01	2.53e-04	0.00e+00	0.00e+00	0.00e+00	0.00e+00	1.76e-12	3.59e-12	2.83e-53
 1.42011e+15	2.52e-17	6.13e-12	1.66e-07	3.09e-04	9.99e-01	2.39e-04	0.00e+00	0.00e+00	0.00e+00	0.00e+00	2.02e-12	4.12e-12	4.63e-53
 1.46698e+15	3.11e-17	7.26e-12	1.90e-07	3.32e-04	9.99e-01	2.23e-04	0.00e+00	0.00e+00	0.00e+00	0.00e+00	2.38e-12	4.87e-12	8.44e-53
 1.51637e+15	3.89e-17	8.68e-12	2.17e-07	3.57e-04	9.99e-01	2.07e-04	0.00e+00	0.00e+00	0.00e+00	0.00e+00	2.85e-12	5.83e-12	1.60e-52
 1.55896e+15	4.65e-17	1.00e-11	2.43e-07	3.79e-04	9.99e-01	1.95e-04	0.00e+00	3.88e-18	1.17e-17	1.95e-17	3.30e-12	6.74e-12	2.69e-52
 1.60422e+15	5.60e-17	1.17e-11	2.72e-07	4.03e-04	9.99e-01	1.83e-04	0.00e+00	4.68e-18	1.41e-17	2.35e-17	3.84e-12	7.86e-12	4.66e-52
 1.66241e+15	7.06e-17	1.41e-11	3.15e-07	4.36e-04	9.99e-01	1.69e-04	0.00e+00	5.90e-18	1.77e-17	2.96e-17	4.62e-12	9.45e-12	9.02e-52
 1.72233e+15	8.87e-17	1.70e-11	3.64e-07	4.71e-04	9.99e-01	1.57e-04	0.00e+00	7.43e-18	2.23e-17	3.73e-17	5.56e-12	1.14e-11	1.76e-51
 1.77321e+15	1.08e-16	1.98e-11	4.10e-07	5.02e-04	9.99e-01	1.47e-04	0.00e+00	9.02e-18	2.71e-17	4.52e-17	6.51e-12	1.33e-11	3.10e-51
 1.82742e+15	1.30e-16	2.32e-11	4.63e-07	5.37e-04	9.99e-01	1.37e-04	0.00e+00	1.09e-17	3.26e-17	5.45e-17	7.60e-12	1.56e-11	5.43e-51
 1.89523e+15	1.65e-16	2.81e-11	5.37e-07	5.83e-04	9.99e-01	1.27e-04	0.00e+00	1.38e-17	4.14e-17	6.92e-17	9.20e-12	1.88e-11	1.09e-50
 1.96487e+15	2.07e-16	3.39e-11	6.22e-07	6.32e-04	9.99e-01	1.17e-04	0.00e+00	1.73e-17	5.21e-17	8.70e-17	1.11e-11	2.28e-11	2.16e-50
 2.02607e+15	2.51e-16	3.97e-11	7.04e-07	6.76e-04	9.99e-01	1.09e-04	0.00e+00	2.11e-17	6.34e-17	1.06e-16	1.30e-11	2.67e-11	3.86e-50
 2.09215e+15	3.05e-16	4.68e-11	8.02e-07	7.26e-04	9.99e-01	1.01e-04	0.00e+00	2.56e-17	7.69e-17	1.29e-16	1.54e-11	3.14e-11	7.03e-50
 2.17211e+15	3.90e-16	5.71e-11	9.34e-07	7.91e-04	9.99e-01	9.32e-05	0.00e+00	3.29e-17	9.86e-17	1.65e-16	1.87e-11	3.84e-11	1.47e-49
 2.25144e+15	4.87e-16	6.87e-11	1.08e-06	8.58e-04	9.99e-01	8.59e-05	0.00e+00	4.10e-17	1.23e-16	2.06e-16	2.25e-11	4.62e-11	2.91e-49
 2.32173e+15	5.91e-16	8.07e-11	1.22e-06	9.19e-04	9.99e-01	8.02e-05	0.00e+00	4.99e-17	1.50e-16	2.50e-16	2.65e-11	5.42e-11	5.29e-49
 2.39895e+15	7.24e-16	9.54e-11	1.40e-06	9.90e-04	9.99e-01	7.44e-05	0.00e+00	6.12e-17	1.84e-16	3.07e-16	3.13e-11	6.41e-11	9.92e-49
 2.49145e+15	9.21e-16	1.16e-10	1.63e-06	1.08e-03	9.99e-01	6.83e-05	0.00e+00	7.79e-17	2.34e-16	3.91e-16	3.82e-11	7.82e-11	2.09e-48
 2.58372e+15	1.15e-15	1.40e-10	1.88e-06	1.17e-03	9.99e-01	6.28e-05	0.00e+00	9.71e-17	2.92e-16	4.87e-16	4.60e-11	9.41e-11	4.21e-48
 2.66777e+15	1.40e-15	1.66e-10	2.14e-06	1.26e-03	9.99e-01	5.85e-05	0.00e+00	1.19e-16	3.57e-16	5.97e-16	5.44e-11	1.11e-10	7.98e-48
 2.76129e+15	1.75e-15	1.99e-10	2.46e-06	1.36e-03	9.99e-01	5.41e-05	0.00e+00	1.48e-16	4.45e-16	7.43e-16	6.52e-11	1.33e-10	1.59e-47
 2.87045e+15	2.21e-15	2.43e-10	2.88e-06	1.48e-03	9.98e-01	4.95e-05	0.00e+00	1.88e-16	5.65e-16	9.44e-16	7.97e-11	1.63e-10	3.44e-47
 2.97809e+15	2.79e-15	2.94e-10	3.33e-06	1.61e-03	9.98e-01	4.55e-05	0.00e+00	2.38e-16	7.13e-16	1.19e-15	9.67e-11	1.98e-10	7.31e-47
 3.08007e+15	3.44e-15	3.51e-10	3.82e-06	1.74e-03	9.98e-01	4.22e-05	0.00e+00	2.93e-16	8.80e-16	1.47e-15	1.15e-10	2.36e-10	1.45e-46
 3.19332e+15	4.32e-15	4.24e-10	4.41e-06	1.89e-03	9.98e-01	3.88e-05	0.00e+00	3.69e-16	1.11e-15	1.85e-15	1.39e-10	2.85e-10	3.08e-46
 3.30026e+15	5.22e-15	5.00e-10	5.03e-06	2.03e-03	9.98e-01	3.61e-05	0.00e+00	4.46e-16	1.34e-15	2.24e-15	1.64e-10	3.36e-10	5.85e-46
 3.38019e+15	6.09e-15	5.69e-10	5.54e-06	2.15e-03	9.98e-01	3.42e-05	0.00e+00	5.21e-16	1.56e-15	2.61e-15	1.87e-10	3.82e-10	9.76e-46
 3.46214e+15	7.20e-15	6.51e-10	6.09e-06	2.27e-03	9.98e-01	3.24e-05	0.00e+00	6.16e-16	1.85e-15	3.09e-15	2.14e-10	4.37e-10	1.67e-45
 3.56867e+15	8.71e-15	7.64e-10	6.88e-06	2.43e-03	9.98e-01	3.02e-05	0.00e+00	7.47e-16	2.24e-15	3.74e-15	2.51e-10	5.13e-10	3.16e-45
 3.68364e+15	1.04e-14	8.95e-10	7.80e-06	2.60e-03	9.97e-01	2.82e-05	0.00e+00	8.92e-16	2.68e-15	4.47e-15	2.94e-10	6.01e-10	5.87e-45
 3.78697e+15	1.24e-14	1.04e-09	8.72e-06	2.77e-03	9.97e-01	2.65e-05	0.00e+00	1.07e-15	3.20e-15	5.34e-15	3.42e-10	6.97e-10	1.07e-44
 3.89871e+15	1.49e-14	1.21e-09	9.79e-06	2.96e-03	9.97e-01	2.48e-05	0.00e+00	1.28e-15	3.85e-15	6.42e-15	3.99e-10	8.14e-10	1.97e-44
 4.04111e+15	1.91e-14	1.49e-09	1.13e-05	3.21e-03	9.97e-01	2.29e-05	0.00e+00	1.64e-15	4.93e-15	8.24e-15	4.89e-10	9.97e-10	4.46e-44
 4.18449e+15	2.37e-14	1.79e-09	1.30e-05	3.47e-03	9.96e-01	2.12e-05	0.00e+00	2.05e-15	6.14e-15	1.03e-14	5.90e-10	1.20e-09	9.31e-44
 4.30453e+15	2.80e-14	2.07e-09	1.45e-05	3.69e-03	9.96e-01	1.99e-05	0.00e+00	2.42e-15	7.26e-15	1.21e-14	6.82e-10	1.39e-09	1.65e-43
 4.43313e+15	3.37e-14	2.43e-09	1.63e-05	3.94e-03	9.96e-01	1.87e-05	0.00e+00	2.91e-15	8.74e-15	1.46e-14	8.00e-10	1.63e-09	3.09e-43
 4.59595e+15	4.35e-14	3.00e-09	1.89e-05	4.28e-03	9.96e-01	1.73e-05	0.00e+00	3.77e-15	1.13e-14	1.89e-14	9.88e-10	2.01e-09	7.12e-43
 4.76675e+15	5.48e-14	3.65e-09	2.18e-05	4.64e-03	9.95e-01	1.60e-05	0.00e+00	4.75e-15	1.42e-14	2.38e-14	1.20e-09	2.45e-09	1.57e-42
 4.91939e+15	6.70e-14	4.35e-09	2.48e-05	4.98e-03	9.95e-01	1.49e-05	0.00e+00	5.81e-15	1.74e-14	2.91e-14	1.43e-09	2.92e-09	3.10e-42
 5.08495e+15	8.09e-14	5.14e-09	2.82e-05	5.35e-03	9.95e-01	1.39e-05	0.00e+00	7.03e-15	2.11e-14	3.52e-14	1.70e-09	3.45e-09	5.93e-42
 5.28211e+15	1.06e-13	6.45e-09	3.29e-05	5.83e-03	9.94e-01	1.28e-05	0.00e+00	9.21e-15	2.76e-14	4.61e-14	2.13e-09	4.32e-09	1.44e-41
 5.47656e+15	1.30e-13	7.75e-09	3.80e-05	6.31e-03	9.94e-01	1.19e-05	0.00e+00	1.13e-14	3.40e-14	5.67e-14	2.56e-09	5.20e-09	2.81e-41
 5.65282e+15	1.59e-13	9.26e-09	4.31e-05	6.78e-03	9.93e-01	1.11e-05	0.00e+00	1.39e-14	4.16e-14	6.95e-14	3.06e-09	6.21e-09	5.57e-41
 5.84923e+15	1.98e-13	1.12e-08	4.94e-05	7.31e-03	9.93e-01	1.04e-05	0.00e+00	1.73e-14	5.18e-14	8.65e-14	3.70e-09	7.50e-09	1.15e-40
 6.07946e+15	2.62e-13	1.42e-08	5.78e-05	7.97e-03	9.92e-01	9.59e-06	0.00e+00	2.29e-14	6.87e-14	1.15e-13	4.68e-09	9.49e-09	2.84e-40
 6.30657e+15	3.29e-13	1.74e-08	6.69e-05	8.63e-03	9.91e-01	8.92e-06	0.00e+00	2.88e-14	8.63e-14	1.44e-13	5.74e-09	1.16e-08	6.09e-40
 6.51973e+15	4.09e-13	2.10e-08	7.65e-05	9.29e-03	9.91e-01	8.36e-06	0.00e+00	3.58e-14	1.07e-13	1.79e-13	6.94e-09	1.41e-08	1.24e-39
 6.75752e+15	5.09e-13	2.54e-08	8.83e-05	1.00e-02	9.90e-01	7.80e-06	0.00e+00	4.46e-14	1.34e-13	2.23e-13	8.39e-09	1.70e-08	2.52e-39
 7.02785e+15	6.72e-13	3.24e-08	1.04e-04	1.10e-02	9.89e-01	7.25e-06	0.00e+00	5.90e-14	1.77e-13	2.96e-13	1.07e-08	2.17e-08	6.19e-39
 7.25361e+15	8.25e-13	3.88e-08	1.18e-04	1.18e-02	9.88e-01	6.85e-06	0.00e+00	7.25e-14	2.18e-13	3.63e-13	1.28e-08	2.60e-08	1.20e-38
 7.41458e+15	9.52e-13	4.40e-08	1.28e-04	1.23e-02	9.88e-01	6.58e-06	0.00e+00	8.37e-14	2.51e-13	4.19e-13	1.46e-08	2.95e-08	1.90e-38
 7.58253e+15	1.11e-12	5.02e-08	1.41e-04	1.30e-02	9.87e-01	6.33e-06	0.00e+00	9.73e-14	2.92e-13	4.87e-13	1.66e-08	3.36e-08	3.00e-38
 7.80087e+15	1.31e-12	5.82e-08	1.58e-04	1.38e-02	9.86e-01	6.02e-06	0.00e+00	1.15e-13	3.46e-13	5.78e-13	1.93e-08	3.90e-08	5.04e-38
 8.04464e+15	1.64e-12	7.08e-08	1.79e-04	1.48e-02	9.85e-01	5.72e-06	0.00e+00	1.45e-13	4.34e-13	7.25e-13	2.34e-08	4.74e-08	1.02e-37
 8.27243e+15	1.94e-12	8.21e-08	2.01e-04	1.57e-02	9.84e-01	5.46e-06	0.00e+00	1.71e-13	5.14e-13	8.57e-13	2.72e-08	5.49e-08	1.71e-37
 8.51952e+15	2.39e-12	9.89e-08	2.26e-04	1.68e-02	9.83e-01	5.20e-06	0.00e+00	2.11e-13	6.34e-13	1.06e-12	3.27e-08	6.61e-08	3.38e-37
 8.79497e+15	2.98e-12	1.19e-07	2.58e-04	1.80e-02	9.82e-01	4.96e-06	0.00e+00	2.63e-13	7.90e-13	1.32e-12	3.96e-08	7.99e-08	6.54e-37
 9.05481e+15	3.59e-12	1.41e-07	2.91e-04	1.91e-02	9.81e-01	4.74e-06	0.00e+00	3.17e-13	9.52e-13	1.59e-12	4.67e-08	9.44e-08	1.14e-36
 9.34013e+15	4.39e-12	1.67e-07	3.30e-04	2.05e-02	9.79e-01	4.53e-06	0.00e+00	3.88e-13	1.16e-12	1.94e-12	5.55e-08	1.12e-07	2.06e-36
 9.65868e+15	5.59e-12	2.08e-07	3.80e-04	2.21e-02	9.78e-01	4.32e-06	0.00e+00	4.95e-13	1.49e-12	2.48e-12	6.89e-08	1.39e-07	4.39e-36
 9.95805e+15	6.88e-12	2.50e-07	4.31e-04	2.36e-02	9.76e-01	4.15e-06	0.00e+00	6.10e-13	1.83e-12	3.05e-12	8.27e-08	1.67e-07	8.02e-36
 1.02849e+16	8.58e-12	3.02e-07	4.94e-04	2.54e-02	9.74e-01	3.98e-06	0.00e+00	7.61e-13	2.28e-12	3.81e-12	1.00e-07	2.02e-07	1.52e-35
 1.06420e+16	1.07e-11	3.65e-07	5.70e-04	2.73e-02	9.72e-01	3.81e-06	0.00e+00	9.54e-13	2.86e-12	4.77e-12	1.21e-07	2.44e-07	2.84e-35
 1.09710e+16	1.35e-11	4.48e-07	6.48e-04	2.93e-02	9.70e-01	3.69e-06	0.00e+00	1.20e-12	3.59e-12	5.99e-12	1.49e-07	3.00e-07	5.62e-35
 1.13313e+16	1.69e-11	5.47e-07	7.45e-04	3.15e-02	9.68e-01	3.56e-06	0.00e+00	1.51e-12	4.52e-12	7.53e-12	1.81e-07	3.65e-07	1.07e-34
 1.17256e+16	2.13e-11	6.61e-07	8.62e-04	3.40e-02	9.65e-01	3.43e-06	0.00e+00	1.90e-12	5.69e-12	9.48e-12	2.19e-07	4.42e-07	1.92e-34
 1.20897e+16	2.68e-11	8.14e-07	9.85e-04	3.65e-02	9.62e-01	3.33e-06	0.00e+00	2.39e-12	7.16e-12	1.19e-11	2.70e-07	5.44e-07	3.83e-34
 1.24886e+16	3.37e-11	9.93e-07	1.14e-03	3.94e-02	9.60e-01	3.22e-06	0.00e+00	3.01e-12	9.02e-12	1.50e-11	3.29e-07	6.64e-07	7.05e-34
 1.29273e+16	4.30e-11	1.21e-06	1.32e-03	4.26e-02	9.56e-01	3.12e-06	0.00e+00	3.83e-12	1.15e-11	1.92e-11	4.03e-07	8.11e-07	1.31e-33
 1.33201e+16	5.33e-11	1.47e-06	1.51e-03	4.57e-02	9.53e-01	3.05e-06	0.00e+00	4.75e-12	1.43e-11	2.38e-11	4.87e-07	9.80e-07	2.33e-33
 1.36735e+16	6.47e-11	1.74e-06	1.70e-03	4.86e-02	9.50e-01	2.98e-06	0.00e+00	5.78e-12	1.73e-11	2.89e-11	5.77e-07	1.16e-06	3.89e-33
 1.40735e+16	8.14e-11	2.13e-06	1.94e-03	5.22e-02	9.46e-01	2.93e-06	0.00e+00	7.28e-12	2.18e-11	3.64e-11	7.06e-07	1.42e-06	7.29e-33
 1.45211e+16	1.03e-10	2.57e-06	2.24e-03	5.62e-02	9.42e-01	2.86e-06	0.00e+00	9.19e-12	2.76e-11	4.60e-11	8.52e-07	1.71e-06	1.26e-32
 1.49470e+16	1.28e-10	3.10e-06	2.57e-03	6.03e-02	9.37e-01	2.81e-06	0.00e+00	1.15e-11	3.44e-11	5.73e-11	1.03e-06	2.07e-06	2.19e-32
 1.53185e+16	1.55e-10	3.66e-06	2.88e-03	6.41e-02	9.33e-01	2.77e-06	0.00e+00	1.39e-11	4.16e-11	6.94e-11	1.22e-06	2.45e-06	3.55e-32
 1.56505e+16	1.86e-10	4.30e-06	3.20e-03	6.78e-02	9.29e-01	2.74e-06	0.00e+00	1.67e-11	5.00e-11	8.33e-11	1.43e-06	2.87e-06	5.70e-32
 1.60297e+16	2.24e-10	5.01e-06	3.60e-03	7.20e-02	9.24e-01	2.70e-06	0.00e+00	2.01e-11	6.04e-11	1.01e-10	1.66e-06	3.34e-06	8.75e-32
 1.65226e+16	2.93e-10	6.34e-06	4.21e-03	7.83e-02	9.18e-01	2.67e-06	0.00e+00	2.63e-11	7.90e-11	1.32e-10	2.10e-06	4.23e-06	1.79e-31
 1.69903e+16	3.66e-10	7.68e-06	4.85e-03	8.41e-02	9.11e-01	2.64e-06	0.00e+00	3.29e-11	9.87e-11	1.65e-10	2.55e-06	5.13e-06	2.99e-31
 1.73385e+16	4.36e-10	8.89e-06	5.39e-03	8.89e-02	9.06e-01	2.62e-06	0.00e+00	3.92e-11	1.18e-10	1.96e-10	2.96e-06	5.94e-06	4.49e-31
 1.77045e+16	5.28e-10	1.04e-05	6.04e-03	9.43e-02	9.00e-01	2.60e-06	0.00e+00	4.75e-11	1.42e-10	2.38e-10	3.46e-06	6.96e-06	7.03e-31
 1.81803e+16	6.68e-10	1.25e-05	6.99e-03	1.02e-01	8.91e-01	2.57e-06	0.00e+00	6.02e-11	1.81e-10	3.01e-10	4.15e-06	8.34e-06	1.13e-30
 1.86734e+16	8.70e-10	1.58e-05	8.15e-03	1.10e-01	8.82e-01	2.57e-06	0.00e+00	7.85e-11	2.35e-10	3.92e-10	5.24e-06	1.05e-05	2.22e-30
 1.90695e+16	1.05e-09	1.85e-05	9.20e-03	1.17e-01	8.74e-01	2.55e-06	0.00e+00	9.50e-11	2.85e-10	4.75e-10	6.14e-06	1.23e-05	3.30e-30
 1.94647e+16	1.29e-09	2.16e-05	1.04e-02	1.25e-01	8.65e-01	2.54e-06	0.00e+00	1.16e-10	3.48e-10	5.81e-10	7.19e-06	1.44e-05	5.01e-30
 1.99088e+16	1.66e-09	2.69e-05	1.20e-02	1.34e-01	8.53e-01	2.55e-06	0.00e+00	1.50e-10	4.49e-10	7.49e-10	8.95e-06	1.80e-05	9.39e-30
 2.03191e+16	2.02e-09	3.14e-05	1.37e-02	1.43e-01	8.43e-01	2.54e-06	0.00e+00	1.83e-10	5.49e-10	9.16e-10	1.04e-05	2.09e-05	1.35e-29
 2.06804e+16	2.48e-09	3.78e-05	1.55e-02	1.53e-01	8.32e-01	2.55e-06	0.00e+00	2.25e-10	6.75e-10	1.12e-09	1.26e-05	2.52e-05	2.31e-29
 2.10173e+16	2.99e-09	4.40e-05	1.73e-02	1.62e-01	8.21e-01	2.56e-06	0.00e+00	2.71e-10	8.13e-10	1.36e-09	1.47e-05	2.94e-05	3.46e-29
 2.13970e+16	3.69e-09	5.14e-05	1.97e-02	1.72e-01	8.08e-01	2.56e-06	0.00e+00	3.35e-10	1.00e-09	1.67e-09	1.71e-05	3.43e-05	5.07e-29
 2.18068e+16	4.69e-09	6.35e-05	2.27e-02	1.85e-01	7.92e-01	2.58e-06	0.00e+00	4.26e-10	1.28e-09	2.13e-09	2.11e-05	4.24e-05	9.16e-29
 2.21557e+16	5.81e-09	7.53e-05	2.57e-02	1.97e-01	7.77e-01	2.61e-06	5.43e-12	5.28e-10	1.58e-09	2.64e-09	2.50e-05	5.02e-05	1.43e-28
 2.24530e+16	6.91e-09	8.59e-05	2.86e-02	2.08e-01	7.64e-01	2.63e-06	0.00e+00	6.28e-10	1.88e-09	3.14e-09	2.86e-05	5.73e-05	2.01e-28
