#depth	N	N+	N+2	N+3	N+4	N+5	N+6	N+7
 1.49634e+10	0.00e+00	0.00e+00	7.40e-30	1.01e-19	1.58e-10	7.83e-01	2.17e-01	2.68e-05
 4.54887e+10	0.00e+00	1.78e-40	9.52e-30	1.20e-19	1.74e-10	7.96e-01	2.04e-01	2.32e-05
 7.72350e+10	0.00e+00	0.00e+00	1.23e-29	1.43e-19	1.91e-10	8.09e-01	1.91e-01	2.01e-05
 1.10251e+11	0.00e+00	3.44e-40	1.58e-29	1.70e-19	2.10e-10	8.21e-01	1.79e-01	1.74e-05
 1.42027e+11	0.00e+00	0.00e+00	1.99e-29	1.99e-19	2.29e-10	8.32e-01	1.68e-01	1.52e-05
 1.71622e+11	0.00e+00	6.14e-40	2.45e-29	2.29e-19	2.47e-10	8.41e-01	1.59e-01	1.35e-05
 2.04963e+11	0.00e+00	0.00e+00	3.07e-29	2.68e-19	2.69e-10	8.51e-01	1.49e-01	1.18e-05
 2.43088e+11	0.00e+00	1.15e-39	3.93e-29	3.17e-19	2.94e-10	8.61e-01	1.39e-01	1.02e-05
 2.80814e+11	0.00e+00	0.00e+00	4.98e-29	3.73e-19	3.20e-10	8.70e-01	1.30e-01	8.81e-06
 3.20049e+11	0.00e+00	2.14e-39	6.31e-29	4.38e-19	3.49e-10	8.78e-01	1.22e-01	7.63e-06
 3.62777e+11	0.00e+00	0.00e+00	8.07e-29	5.17e-19	3.81e-10	8.87e-01	1.13e-01	6.56e-06
 4.07215e+11	0.00e+00	4.10e-39	1.03e-28	6.12e-19	4.16e-10	8.95e-01	1.05e-01	5.64e-06
 4.53431e+11	0.00e+00	0.00e+00	1.32e-28	7.22e-19	4.54e-10	9.02e-01	9.79e-02	4.84e-06
 5.01495e+11	0.00e+00	7.84e-39	1.69e-28	8.53e-19	4.96e-10	9.09e-01	9.09e-02	4.15e-06
 5.51481e+11	0.00e+00	0.00e+00	2.16e-28	1.01e-18	5.41e-10	9.16e-01	8.44e-02	3.56e-06
 6.03467e+11	0.00e+00	1.50e-38	2.75e-28	1.19e-18	5.89e-10	9.22e-01	7.82e-02	3.05e-06
 6.57533e+11	0.00e+00	0.00e+00	3.51e-28	1.40e-18	6.42e-10	9.27e-01	7.25e-02	2.61e-06
 7.13761e+11	0.00e+00	2.86e-38	4.49e-28	1.65e-18	6.99e-10	9.33e-01	6.72e-02	2.23e-06
 7.72238e+11	0.00e+00	0.00e+00	5.72e-28	1.95e-18	7.61e-10	9.38e-01	6.22e-02	1.91e-06
 8.33054e+11	0.00e+00	5.46e-38	7.30e-28	2.29e-18	8.28e-10	9.42e-01	5.75e-02	1.63e-06
 8.96303e+11	0.00e+00	0.00e+00	9.32e-28	2.70e-18	9.01e-10	9.47e-01	5.30e-02	1.38e-06
 9.62082e+11	0.00e+00	1.04e-37	1.19e-27	3.19e-18	9.80e-10	9.51e-01	4.90e-02	1.18e-06
 1.02580e+12	0.00e+00	0.00e+00	1.49e-27	3.71e-18	1.06e-09	9.55e-01	4.55e-02	1.02e-06
 1.08418e+12	0.00e+00	1.84e-37	1.82e-27	4.25e-18	1.14e-09	9.57e-01	4.26e-02	8.91e-07
 1.14903e+12	0.00e+00	0.00e+00	2.27e-27	4.91e-18	1.22e-09	9.60e-01	3.97e-02	0.00e+00
 1.22436e+12	0.00e+00	3.37e-37	2.89e-27	5.78e-18	1.33e-09	9.63e-01	3.67e-02	0.00e+00
 1.29890e+12	0.00e+00	0.00e+00	3.63e-27	6.74e-18	1.44e-09	9.66e-01	3.40e-02	0.00e+00
 1.37643e+12	0.00e+00	6.23e-37	4.58e-27	7.88e-18	1.56e-09	9.69e-01	3.15e-02	0.00e+00
 1.46141e+12	0.00e+00	0.00e+00	5.84e-27	9.28e-18	1.69e-09	9.71e-01	2.90e-02	0.00e+00
 1.54730e+12	0.00e+00	1.18e-36	7.41e-27	1.09e-17	1.83e-09	9.73e-01	2.68e-02	0.00e+00
 1.63663e+12	3.20e-47	1.62e-36	9.40e-27	1.28e-17	1.99e-09	9.75e-01	2.48e-02	0.00e+00
 1.73202e+12	0.00e+00	0.00e+00	1.20e-26	1.50e-17	2.16e-09	9.77e-01	2.28e-02	0.00e+00
 1.83123e+12	0.00e+00	3.10e-36	1.54e-26	1.77e-17	2.35e-09	9.79e-01	2.10e-02	0.00e+00
 1.93440e+12	1.08e-46	4.30e-36	1.96e-26	2.09e-17	2.55e-09	9.81e-01	1.94e-02	0.00e+00
 2.04171e+12	0.00e+00	0.00e+00	2.51e-26	2.46e-17	2.78e-09	9.82e-01	1.78e-02	0.00e+00
 2.15330e+12	0.00e+00	8.27e-36	3.21e-26	2.91e-17	3.02e-09	9.84e-01	1.64e-02	0.00e+00
 2.26936e+12	3.69e-46	1.15e-35	4.11e-26	3.43e-17	3.28e-09	9.85e-01	1.51e-02	0.00e+00
 2.39006e+12	0.00e+00	0.00e+00	5.27e-26	4.05e-17	3.57e-09	9.86e-01	1.39e-02	0.00e+00
 2.50347e+12	0.00e+00	2.15e-35	6.59e-26	4.71e-17	3.85e-09	9.87e-01	1.29e-02	0.00e+00
 2.60476e+12	1.11e-45	2.78e-35	8.01e-26	5.36e-17	4.11e-09	9.88e-01	1.21e-02	0.00e+00
 2.71842e+12	0.00e+00	0.00e+00	9.90e-26	6.18e-17	4.42e-09	9.89e-01	1.12e-02	0.00e+00
 2.85327e+12	0.00e+00	5.08e-35	1.26e-25	7.27e-17	4.80e-09	9.90e-01	1.03e-02	0.00e+00
 2.98888e+12	3.49e-45	6.95e-35	1.60e-25	8.52e-17	5.20e-09	9.90e-01	9.54e-03	0.00e+00
 3.11597e+12	0.00e+00	0.00e+00	1.98e-25	9.83e-17	5.59e-09	9.91e-01	8.88e-03	0.00e+00
 3.25659e+12	0.00e+00	1.25e-34	2.49e-25	1.15e-16	6.04e-09	9.92e-01	8.21e-03	0.00e+00
 3.41678e+12	1.10e-44	1.75e-34	3.21e-25	1.36e-16	6.59e-09	9.92e-01	7.54e-03	0.00e+00
 3.57640e+12	0.00e+00	2.41e-34	4.09e-25	1.60e-16	7.15e-09	9.93e-01	6.94e-03	0.00e+00
 3.74240e+12	2.46e-44	3.33e-34	5.21e-25	1.88e-16	7.77e-09	9.94e-01	6.39e-03	0.00e+00
 3.92202e+12	0.00e+00	4.66e-34	6.73e-25	2.24e-16	8.47e-09	9.94e-01	5.86e-03	0.00e+00
 4.10517e+12	5.67e-44	6.49e-34	8.64e-25	2.65e-16	9.23e-09	9.95e-01	5.38e-03	0.00e+00
 4.27615e+12	0.00e+00	8.75e-34	1.08e-24	3.08e-16	9.96e-09	9.95e-01	4.98e-03	0.00e+00
 4.43405e+12	1.15e-43	1.14e-33	1.33e-24	3.53e-16	1.07e-08	9.95e-01	4.65e-03	0.00e+00
 4.61457e+12	0.00e+00	1.54e-33	1.66e-24	4.11e-16	1.15e-08	9.96e-01	4.31e-03	0.00e+00
 4.82589e+12	2.53e-43	2.16e-33	2.15e-24	4.88e-16	1.26e-08	9.96e-01	3.95e-03	0.00e+00
 5.03507e+12	0.00e+00	2.97e-33	2.74e-24	5.75e-16	1.37e-08	9.96e-01	3.63e-03	0.00e+00
 5.23145e+12	5.43e-43	3.98e-33	3.42e-24	6.68e-16	1.48e-08	9.97e-01	3.36e-03	0.00e+00
 5.44947e+12	0.00e+00	5.45e-33	4.34e-24	7.85e-16	1.60e-08	9.97e-01	3.10e-03	0.00e+00
 5.69738e+12	1.23e-42	7.69e-33	5.64e-24	9.37e-16	1.75e-08	9.97e-01	2.83e-03	0.00e+00
 5.94225e+12	0.00e+00	1.07e-32	7.24e-24	1.11e-15	1.91e-08	9.97e-01	2.60e-03	0.00e+00
 6.19692e+12	2.78e-42	1.48e-32	9.30e-24	1.32e-15	2.09e-08	9.98e-01	2.38e-03	0.00e+00
 6.47473e+12	0.00e+00	2.10e-32	1.21e-23	1.57e-15	2.29e-08	9.98e-01	2.17e-03	0.00e+00
 6.75483e+12	6.49e-42	2.94e-32	1.57e-23	1.88e-15	2.50e-08	9.98e-01	1.99e-03	0.00e+00
 7.04614e+12	0.00e+00	4.11e-32	2.03e-23	2.24e-15	2.74e-08	9.98e-01	1.82e-03	0.00e+00
 7.34652e+12	1.49e-41	5.75e-32	2.62e-23	2.67e-15	3.00e-08	9.98e-01	1.66e-03	0.00e+00
 7.64077e+12	0.00e+00	7.89e-32	3.34e-23	3.15e-15	3.26e-08	9.98e-01	1.52e-03	0.00e+00
 7.95818e+12	3.32e-41	1.10e-31	4.30e-23	3.74e-15	3.57e-08	9.99e-01	1.39e-03	0.00e+00
 8.30644e+12	0.00e+00	1.55e-31	5.62e-23	4.50e-15	3.93e-08	9.99e-01	1.27e-03	0.00e+00
 8.66862e+12	7.82e-41	2.20e-31	7.35e-23	5.42e-15	4.32e-08	9.99e-01	1.15e-03	0.00e+00
 9.04529e+12	0.00e+00	3.10e-31	9.60e-23	6.52e-15	4.76e-08	9.99e-01	1.05e-03	0.00e+00
 9.43703e+12	1.83e-40	4.39e-31	1.26e-22	7.85e-15	5.25e-08	9.99e-01	9.50e-04	0.00e+00
 9.79102e+12	0.00e+00	5.92e-31	1.59e-22	9.24e-15	5.71e-08	9.99e-01	8.73e-04	0.00e+00
 1.00854e+13	3.57e-40	7.54e-31	1.91e-22	1.05e-14	6.12e-08	9.99e-01	8.16e-04	0.00e+00
 1.04077e+13	0.00e+00	9.74e-31	2.34e-22	1.21e-14	6.58e-08	9.99e-01	7.58e-04	0.00e+00
 1.08166e+13	7.17e-40	1.33e-30	2.98e-22	1.44e-14	7.21e-08	9.99e-01	6.93e-04	0.00e+00
 1.12435e+13	0.00e+00	1.82e-30	3.82e-22	1.71e-14	7.90e-08	9.99e-01	6.33e-04	0.00e+00
 1.16053e+13	1.44e-39	2.36e-30	4.66e-22	1.97e-14	8.52e-08	9.99e-01	5.87e-04	0.00e+00
 1.19768e+13	0.00e+00	3.04e-30	5.69e-22	2.27e-14	9.18e-08	9.99e-01	5.45e-04	0.00e+00
 1.24455e+13	2.85e-39	4.13e-30	7.26e-22	2.70e-14	1.01e-07	1.00e+00	4.98e-04	0.00e+00
 1.29220e+13	0.00e+00	5.58e-30	9.20e-22	3.20e-14	1.10e-07	1.00e+00	4.55e-04	0.00e+00
 1.33297e+13	5.53e-39	7.14e-30	1.12e-21	3.67e-14	1.19e-07	1.00e+00	4.22e-04	0.00e+00
 1.37665e+13	0.00e+00	9.21e-30	1.37e-21	4.25e-14	1.28e-07	1.00e+00	3.91e-04	0.00e+00
 1.43086e+13	1.09e-38	1.25e-29	1.74e-21	5.05e-14	1.41e-07	1.00e+00	3.57e-04	0.00e+00
 1.48650e+13	0.00e+00	1.68e-29	2.21e-21	5.99e-14	1.54e-07	1.00e+00	3.25e-04	0.00e+00
 1.53643e+13	2.12e-38	2.17e-29	2.71e-21	6.94e-14	1.67e-07	1.00e+00	3.01e-04	0.00e+00
 1.59120e+13	0.00e+00	2.85e-29	3.36e-21	8.12e-14	1.82e-07	1.00e+00	2.76e-04	0.00e+00
 1.65610e+13	4.23e-38	3.86e-29	4.29e-21	9.69e-14	2.00e-07	1.00e+00	2.51e-04	0.00e+00
 1.72119e+13	0.00e+00	5.18e-29	5.43e-21	1.15e-13	2.20e-07	1.00e+00	2.29e-04	0.00e+00
 1.78275e+13	8.28e-38	6.76e-29	6.71e-21	1.34e-13	2.39e-07	1.00e+00	2.11e-04	0.00e+00
 1.85093e+13	0.00e+00	8.96e-29	8.41e-21	1.58e-13	2.62e-07	1.00e+00	1.93e-04	0.00e+00
 1.92796e+13	1.67e-37	1.21e-28	1.07e-20	1.89e-13	2.89e-07	1.00e+00	1.75e-04	0.00e+00
 2.00470e+13	0.00e+00	1.62e-28	1.36e-20	2.24e-13	3.17e-07	1.00e+00	1.60e-04	0.00e+00
 2.07237e+13	3.18e-37	2.07e-28	1.65e-20	2.59e-13	3.43e-07	1.00e+00	1.47e-04	0.00e+00
 2.13192e+13	0.00e+00	2.56e-28	1.95e-20	2.93e-13	3.67e-07	1.00e+00	1.38e-04	0.00e+00
 2.19941e+13	5.36e-37	3.21e-28	2.35e-20	3.35e-13	3.95e-07	1.00e+00	1.28e-04	0.00e+00
 2.27462e+13	0.00e+00	4.11e-28	2.86e-20	3.88e-13	4.28e-07	1.00e+00	1.19e-04	0.00e+00
 2.34524e+13	9.40e-37	5.13e-28	3.42e-20	4.42e-13	4.60e-07	1.00e+00	1.10e-04	0.00e+00
 2.42242e+13	0.00e+00	6.49e-28	4.13e-20	5.08e-13	4.96e-07	1.00e+00	1.02e-04	0.00e+00
 2.50867e+13	1.69e-36	8.35e-28	5.07e-20	5.89e-13	5.39e-07	1.00e+00	9.43e-05	0.00e+00
 2.59008e+13	0.00e+00	1.05e-27	6.10e-20	6.75e-13	5.81e-07	1.00e+00	8.75e-05	0.00e+00
 2.67926e+13	2.97e-36	1.34e-27	7.43e-20	7.79e-13	6.28e-07	1.00e+00	8.09e-05	0.00e+00
 2.77905e+13	0.00e+00	1.74e-27	9.17e-20	9.10e-13	6.84e-07	1.00e+00	7.43e-05	0.00e+00
 2.87354e+13	5.42e-36	2.21e-27	1.11e-19	1.05e-12	7.40e-07	1.00e+00	6.88e-05	0.00e+00
 2.96102e+13	0.00e+00	2.74e-27	1.32e-19	1.19e-12	7.93e-07	1.00e+00	6.42e-05	0.00e+00
 3.05849e+13	9.24e-36	3.46e-27	1.59e-19	1.36e-12	8.55e-07	1.00e+00	5.96e-05	0.00e+00
 3.16778e+13	0.00e+00	4.44e-27	1.95e-19	1.58e-12	9.27e-07	1.00e+00	5.50e-05	0.00e+00
 3.27091e+13	1.64e-35	5.57e-27	2.34e-19	1.80e-12	9.99e-07	1.00e+00	5.11e-05	0.00e+00
 3.38344e+13	0.00e+00	7.09e-27	2.84e-19	2.08e-12	1.08e-06	1.00e+00	4.73e-05	0.00e+00
 3.50792e+13	2.96e-35	9.16e-27	3.49e-19	2.41e-12	1.17e-06	1.00e+00	4.36e-05	0.00e+00
 3.62321e+13	0.00e+00	1.15e-26	4.20e-19	2.76e-12	1.26e-06	1.00e+00	4.05e-05	0.00e+00
 3.74838e+13	5.21e-35	1.47e-26	5.10e-19	3.17e-12	1.36e-06	1.00e+00	3.75e-05	0.00e+00
 3.88836e+13	0.00e+00	1.90e-26	6.29e-19	3.69e-12	1.48e-06	1.00e+00	3.45e-05	0.00e+00
 4.02036e+13	9.46e-35	2.41e-26	7.61e-19	4.24e-12	1.60e-06	1.00e+00	3.20e-05	0.00e+00
 4.16474e+13	0.00e+00	3.10e-26	9.31e-19	4.90e-12	1.73e-06	1.00e+00	2.96e-05	0.00e+00
 4.32589e+13	1.77e-34	4.06e-26	1.16e-18	5.72e-12	1.89e-06	1.00e+00	2.71e-05	0.00e+00
 4.47767e+13	2.38e-34	5.19e-26	1.41e-18	6.59e-12	2.04e-06	1.00e+00	2.51e-05	0.00e+00
 4.64240e+13	3.25e-34	6.73e-26	1.73e-18	7.63e-12	2.21e-06	1.00e+00	2.32e-05	0.00e+00
 4.82718e+13	4.54e-34	8.89e-26	2.16e-18	8.95e-12	2.41e-06	1.00e+00	2.13e-05	0.00e+00
 5.00524e+13	6.21e-34	1.15e-25	2.66e-18	1.04e-11	2.62e-06	1.00e+00	1.96e-05	0.00e+00
 5.19432e+13	8.58e-34	1.51e-25	3.29e-18	1.21e-11	2.84e-06	1.00e+00	1.81e-05	0.00e+00
 5.40508e+13	1.21e-33	2.01e-25	4.13e-18	1.42e-11	3.10e-06	1.00e+00	1.66e-05	0.00e+00
 5.61727e+13	1.69e-33	2.65e-25	5.16e-18	1.66e-11	3.37e-06	1.00e+00	1.52e-05	0.00e+00
 5.83794e+13	2.40e-33	3.52e-25	6.45e-18	1.93e-11	3.67e-06	1.00e+00	1.40e-05	0.00e+00
 6.07445e+13	3.39e-33	4.69e-25	8.10e-18	2.27e-11	4.00e-06	1.00e+00	1.29e-05	0.00e+00
 6.29791e+13	4.67e-33	6.12e-25	9.98e-18	2.63e-11	4.33e-06	1.00e+00	1.19e-05	0.00e+00
 6.49957e+13	6.19e-33	7.71e-25	1.20e-17	2.98e-11	4.63e-06	1.00e+00	1.11e-05	0.00e+00
 6.68997e+13	8.02e-33	9.54e-25	1.41e-17	3.35e-11	4.93e-06	1.00e+00	1.05e-05	0.00e+00
 6.90072e+13	1.06e-32	1.20e-24	1.69e-17	3.79e-11	5.26e-06	1.00e+00	9.79e-06	0.00e+00
 7.13713e+13	1.44e-32	1.54e-24	2.06e-17	4.34e-11	5.65e-06	1.00e+00	9.12e-06	0.00e+00
 7.36201e+13	1.91e-32	1.95e-24	2.47e-17	4.92e-11	6.04e-06	1.00e+00	8.54e-06	0.00e+00
 7.60946e+13	2.59e-32	2.49e-24	2.99e-17	5.61e-11	6.48e-06	1.00e+00	7.96e-06	0.00e+00
 7.88000e+13	3.57e-32	3.24e-24	3.67e-17	6.46e-11	6.98e-06	1.00e+00	7.40e-06	0.00e+00
 8.12664e+13	4.74e-32	4.08e-24	4.39e-17	7.31e-11	7.44e-06	1.00e+00	6.93e-06	0.00e+00
 8.39335e+13	6.40e-32	5.21e-24	5.30e-17	8.31e-11	7.96e-06	1.00e+00	6.48e-06	0.00e+00
 8.69324e+13	8.89e-32	6.81e-24	6.52e-17	9.56e-11	8.57e-06	1.00e+00	6.03e-06	0.00e+00
 8.97793e+13	1.20e-31	8.70e-24	7.87e-17	1.09e-10	9.16e-06	1.00e+00	5.64e-06	0.00e+00
 9.28969e+13	1.66e-31	1.13e-23	9.62e-17	1.25e-10	9.83e-06	1.00e+00	5.25e-06	0.00e+00
 9.63427e+13	2.34e-31	1.49e-23	1.19e-16	1.44e-10	1.06e-05	1.00e+00	4.87e-06	0.00e+00
 9.95459e+13	3.18e-31	1.92e-23	1.44e-16	1.64e-10	1.13e-05	1.00e+00	4.56e-06	0.00e+00
 1.03041e+14	4.44e-31	2.51e-23	1.77e-16	1.89e-10	1.22e-05	1.00e+00	4.25e-06	0.00e+00
 1.06968e+14	6.36e-31	3.35e-23	2.21e-16	2.19e-10	1.31e-05	1.00e+00	3.94e-06	0.00e+00
 1.10706e+14	8.85e-31	4.38e-23	2.71e-16	2.51e-10	1.41e-05	1.00e+00	3.67e-06	0.00e+00
 1.14758e+14	1.25e-30	5.80e-23	3.35e-16	2.90e-10	1.51e-05	1.00e+00	3.41e-06	0.00e+00
 1.19250e+14	1.82e-30	7.82e-23	4.21e-16	3.37e-10	1.64e-05	1.00e+00	3.16e-06	0.00e+00
 1.23554e+14	2.57e-30	1.03e-22	5.19e-16	3.89e-10	1.76e-05	1.00e+00	2.94e-06	0.00e+00
 1.28158e+14	3.69e-30	1.38e-22	6.45e-16	4.49e-10	1.89e-05	1.00e+00	2.73e-06	0.00e+00
 1.33314e+14	5.44e-30	1.88e-22	8.16e-16	5.26e-10	2.04e-05	1.00e+00	2.53e-06	0.00e+00
 1.38480e+14	7.91e-30	2.54e-22	1.02e-15	6.11e-10	2.20e-05	1.00e+00	2.34e-06	0.00e+00
 1.43852e+14	1.15e-29	3.44e-22	1.28e-15	7.11e-10	2.38e-05	1.00e+00	2.17e-06	0.00e+00
 1.49636e+14	1.70e-29	4.70e-22	1.62e-15	8.32e-10	2.57e-05	1.00e+00	2.01e-06	0.00e+00
 1.55652e+14	2.51e-29	6.42e-22	2.05e-15	9.73e-10	2.78e-05	1.00e+00	1.86e-06	0.00e+00
 1.61908e+14	3.71e-29	8.77e-22	2.60e-15	1.14e-09	3.01e-05	1.00e+00	1.72e-06	0.00e+00
 1.67977e+14	5.35e-29	1.18e-21	3.24e-15	1.32e-09	3.23e-05	1.00e+00	1.60e-06	0.00e+00
 1.73704e+14	7.47e-29	1.53e-21	3.96e-15	1.51e-09	3.45e-05	1.00e+00	1.49e-06	0.00e+00
 1.79114e+14	1.01e-28	1.96e-21	4.75e-15	1.70e-09	3.67e-05	1.00e+00	1.41e-06	0.00e+00
 1.85007e+14	1.40e-28	2.53e-21	5.77e-15	1.93e-09	3.91e-05	1.00e+00	1.32e-06	0.00e+00
 1.91573e+14	1.96e-28	3.33e-21	7.10e-15	2.22e-09	4.19e-05	1.00e+00	1.23e-06	0.00e+00
 1.97747e+14	2.69e-28	4.29e-21	8.59e-15	2.52e-09	4.46e-05	1.00e+00	1.16e-06	0.00e+00
 2.04505e+14	3.77e-28	5.61e-21	1.05e-14	2.88e-09	4.77e-05	1.00e+00	1.08e-06	0.00e+00
 2.12114e+14	5.41e-28	7.49e-21	1.31e-14	3.33e-09	5.13e-05	1.00e+00	1.01e-06	0.00e+00
 2.19406e+14	7.47e-28	9.73e-21	1.60e-14	3.81e-09	5.49e-05	1.00e+00	9.39e-07	0.00e+00
 2.27381e+14	1.06e-27	1.29e-20	1.98e-14	4.40e-09	5.89e-05	1.00e+00	0.00e+00	0.00e+00
 2.36506e+14	1.58e-27	1.77e-20	2.50e-14	5.14e-09	6.37e-05	1.00e+00	0.00e+00	0.00e+00
 2.45425e+14	2.24e-27	2.35e-20	3.12e-14	5.96e-09	6.86e-05	1.00e+00	0.00e+00	0.00e+00
 2.53956e+14	3.16e-27	3.09e-20	3.83e-14	6.83e-09	7.34e-05	1.00e+00	0.00e+00	0.00e+00
 2.62270e+14	4.28e-27	3.96e-20	4.64e-14	7.77e-09	7.83e-05	1.00e+00	0.00e+00	0.00e+00
 2.71583e+14	6.07e-27	5.23e-20	5.71e-14	8.93e-09	8.39e-05	1.00e+00	0.00e+00	0.00e+00
 2.81777e+14	8.58e-27	6.95e-20	7.12e-14	1.03e-08	9.05e-05	1.00e+00	0.00e+00	0.00e+00
 2.91076e+14	1.19e-26	9.01e-20	8.65e-14	1.18e-08	9.65e-05	1.00e+00	0.00e+00	0.00e+00
 3.01124e+14	1.64e-26	1.17e-19	1.06e-13	1.35e-08	1.03e-04	1.00e+00	0.00e+00	0.00e+00
 3.12412e+14	2.33e-26	1.56e-19	1.32e-13	1.56e-08	1.11e-04	1.00e+00	0.00e+00	0.00e+00
 3.23102e+14	3.21e-26	2.02e-19	1.61e-13	1.79e-08	1.19e-04	1.00e+00	0.00e+00	0.00e+00
 3.34761e+14	4.53e-26	2.66e-19	1.99e-13	2.06e-08	1.28e-04	1.00e+00	0.00e+00	0.00e+00
 3.47681e+14	6.57e-26	3.59e-19	2.50e-13	2.39e-08	1.38e-04	1.00e+00	0.00e+00	0.00e+00
 3.59752e+14	9.00e-26	4.65e-19	3.07e-13	2.74e-08	1.48e-04	1.00e+00	0.00e+00	0.00e+00
 3.72807e+14	1.28e-25	6.17e-19	3.79e-13	3.16e-08	1.59e-04	1.00e+00	0.00e+00	0.00e+00
 3.87379e+14	1.82e-25	8.22e-19	4.77e-13	3.69e-08	1.72e-04	1.00e+00	0.00e+00	0.00e+00
 4.01297e+14	2.58e-25	1.09e-18	5.89e-13	4.25e-08	1.84e-04	1.00e+00	0.00e+00	0.00e+00
 4.16143e+14	3.58e-25	1.43e-18	7.30e-13	4.91e-08	1.99e-04	1.00e+00	0.00e+00	0.00e+00
 4.32818e+14	5.26e-25	1.95e-18	9.24e-13	5.74e-08	2.15e-04	1.00e+00	0.00e+00	0.00e+00
 4.49348e+14	7.35e-25	2.57e-18	1.15e-12	6.67e-08	2.32e-04	1.00e+00	0.00e+00	0.00e+00
 4.66538e+14	1.05e-24	3.42e-18	1.44e-12	7.75e-08	2.50e-04	1.00e+00	0.00e+00	0.00e+00
 4.84115e+14	1.50e-24	4.57e-18	1.80e-12	8.99e-08	2.70e-04	1.00e+00	0.00e+00	0.00e+00
 5.00510e+14	2.04e-24	5.88e-18	2.19e-12	1.03e-07	2.88e-04	1.00e+00	0.00e+00	0.00e+00
 5.18674e+14	2.80e-24	7.65e-18	2.71e-12	1.18e-07	3.10e-04	1.00e+00	0.00e+00	0.00e+00
 5.38461e+14	4.04e-24	1.03e-17	3.39e-12	1.37e-07	3.34e-04	1.00e+00	0.00e+00	0.00e+00
 5.56809e+14	5.40e-24	1.31e-17	4.14e-12	1.57e-07	3.58e-04	1.00e+00	0.00e+00	0.00e+00
 5.72994e+14	7.12e-24	1.64e-17	4.91e-12	1.76e-07	3.79e-04	1.00e+00	0.00e+00	0.00e+00
 5.90107e+14	9.17e-24	2.02e-17	5.84e-12	1.98e-07	4.03e-04	1.00e+00	0.00e+00	0.00e+00
 6.11790e+14	1.31e-23	2.69e-17	7.24e-12	2.29e-07	4.33e-04	1.00e+00	0.00e+00	0.00e+00
 6.33794e+14	1.77e-23	3.47e-17	8.93e-12	2.64e-07	4.66e-04	1.00e+00	0.00e+00	0.00e+00
 6.52343e+14	2.31e-23	4.31e-17	1.06e-11	2.96e-07	4.94e-04	1.00e+00	0.00e+00	0.00e+00
 6.72022e+14	3.06e-23	5.43e-17	1.27e-11	3.33e-07	5.24e-04	9.99e-01	0.00e+00	0.00e+00
 6.96823e+14	4.18e-23	7.04e-17	1.57e-11	3.85e-07	5.65e-04	9.99e-01	0.00e+00	0.00e+00
 7.22511e+14	5.92e-23	9.34e-17	1.95e-11	4.45e-07	6.07e-04	9.99e-01	0.00e+00	0.00e+00
 7.45174e+14	7.66e-23	1.16e-16	2.34e-11	5.03e-07	6.47e-04	9.99e-01	0.00e+00	0.00e+00
 7.69679e+14	1.05e-22	1.50e-16	2.83e-11	5.72e-07	6.90e-04	9.99e-01	0.00e+00	0.00e+00
 7.99214e+14	1.44e-22	1.96e-16	3.54e-11	6.65e-07	7.46e-04	9.99e-01	0.00e+00	0.00e+00
 8.28355e+14	1.99e-22	2.56e-16	4.38e-11	7.68e-07	8.02e-04	9.99e-01	0.00e+00	0.00e+00
 8.54165e+14	2.65e-22	3.23e-16	5.25e-11	8.68e-07	8.54e-04	9.99e-01	0.00e+00	0.00e+00
 8.82581e+14	3.55e-22	4.11e-16	6.38e-11	9.89e-07	9.13e-04	9.99e-01	0.00e+00	0.00e+00
 9.16630e+14	4.87e-22	5.38e-16	7.98e-11	1.15e-06	9.86e-04	9.99e-01	0.00e+00	0.00e+00
 9.50478e+14	6.87e-22	7.11e-16	9.90e-11	1.33e-06	1.06e-03	9.99e-01	0.00e+00	0.00e+00
 9.81312e+14	8.94e-22	8.90e-16	1.20e-10	1.51e-06	1.13e-03	9.99e-01	0.00e+00	0.00e+00
 1.01575e+15	1.23e-21	1.15e-15	1.47e-10	1.73e-06	1.22e-03	9.99e-01	0.00e+00	0.00e+00
 1.05594e+15	1.69e-21	1.51e-15	1.84e-10	2.02e-06	1.32e-03	9.99e-01	0.00e+00	0.00e+00
 1.09527e+15	2.36e-21	1.99e-15	2.29e-10	2.34e-06	1.42e-03	9.99e-01	0.00e+00	0.00e+00
 1.13222e+15	3.06e-21	2.50e-15	2.78e-10	2.67e-06	1.52e-03	9.98e-01	0.00e+00	0.00e+00
 1.17358e+15	4.22e-21	3.26e-15	3.44e-10	3.09e-06	1.64e-03	9.98e-01	0.00e+00	0.00e+00
 1.22056e+15	5.88e-21	4.31e-15	4.34e-10	3.61e-06	1.78e-03	9.98e-01	0.00e+00	0.00e+00
 1.26734e+15	8.15e-21	5.67e-15	5.41e-10	4.20e-06	1.93e-03	9.98e-01	0.00e+00	0.00e+00
 1.31250e+15	1.07e-20	7.21e-15	6.65e-10	4.83e-06	2.08e-03	9.98e-01	0.00e+00	0.00e+00
 1.35160e+15	1.38e-20	8.91e-15	7.91e-10	5.43e-06	2.21e-03	9.98e-01	0.00e+00	0.00e+00
 1.38406e+15	1.69e-20	1.05e-14	9.09e-10	5.98e-06	2.32e-03	9.98e-01	0.00e+00	0.00e+00
 1.42011e+15	2.09e-20	1.26e-14	1.06e-09	6.62e-06	2.46e-03	9.98e-01	0.00e+00	0.00e+00
 1.46698e+15	2.70e-20	1.58e-14	1.28e-09	7.55e-06	2.63e-03	9.97e-01	0.00e+00	0.00e+00
 1.51637e+15	3.55e-20	2.00e-14	1.55e-09	8.62e-06	2.83e-03	9.97e-01	0.00e+00	0.00e+00
 1.55896e+15	4.44e-20	2.42e-14	1.83e-09	9.63e-06	3.00e-03	9.97e-01	0.00e+00	0.00e+00
 1.60422e+15	5.63e-20	2.96e-14	2.16e-09	1.08e-05	3.19e-03	9.97e-01	0.00e+00	0.00e+00
 1.66241e+15	7.44e-20	3.77e-14	2.66e-09	1.25e-05	3.45e-03	9.97e-01	0.00e+00	0.00e+00
 1.72233e+15	9.89e-20	4.82e-14	3.28e-09	1.44e-05	3.73e-03	9.96e-01	0.00e+00	0.00e+00
 1.77321e+15	1.26e-19	5.92e-14	3.89e-09	1.61e-05	3.97e-03	9.96e-01	0.00e+00	0.00e+00
 1.82742e+15	1.60e-19	7.27e-14	4.64e-09	1.82e-05	4.24e-03	9.96e-01	0.00e+00	0.00e+00
 1.89523e+15	2.13e-19	9.35e-14	5.74e-09	2.11e-05	4.60e-03	9.95e-01	0.00e+00	0.00e+00
 1.96487e+15	2.84e-19	1.20e-13	7.09e-09	2.43e-05	4.98e-03	9.95e-01	0.00e+00	0.00e+00
 2.02607e+15	3.62e-19	1.48e-13	8.49e-09	2.75e-05	5.33e-03	9.95e-01	0.00e+00	0.00e+00
 2.09215e+15	4.65e-19	1.84e-13	1.03e-08	3.13e-05	5.72e-03	9.94e-01	0.00e+00	0.00e+00
 2.17211e+15	6.29e-19	2.39e-13	1.28e-08	3.64e-05	6.22e-03	9.94e-01	0.00e+00	0.00e+00
 2.25144e+15	8.35e-19	3.06e-13	1.58e-08	4.20e-05	6.74e-03	9.93e-01	0.00e+00	0.00e+00
 2.32173e+15	1.07e-18	3.79e-13	1.89e-08	4.75e-05	7.21e-03	9.93e-01	0.00e+00	0.00e+00
 2.39895e+15	1.38e-18	4.74e-13	2.30e-08	5.41e-05	7.76e-03	9.92e-01	0.00e+00	0.00e+00
 2.49145e+15	1.88e-18	6.18e-13	2.87e-08	6.29e-05	8.44e-03	9.91e-01	0.00e+00	0.00e+00
 2.58372e+15	2.49e-18	7.93e-13	3.56e-08	7.28e-05	9.17e-03	9.91e-01	0.00e+00	0.00e+00
 2.66777e+15	3.25e-18	9.95e-13	4.30e-08	8.27e-05	9.83e-03	9.90e-01	0.00e+00	0.00e+00
 2.76129e+15	4.29e-18	1.27e-12	5.28e-08	9.49e-05	1.06e-02	9.89e-01	0.00e+00	0.00e+00
 2.87045e+15	5.87e-18	1.66e-12	6.65e-08	1.11e-04	1.16e-02	9.88e-01	0.00e+00	0.00e+00
 2.97809e+15	7.94e-18	2.16e-12	8.28e-08	1.28e-04	1.26e-02	9.87e-01	0.00e+00	0.00e+00
 3.08007e+15	1.04e-17	2.74e-12	1.01e-07	1.47e-04	1.35e-02	9.86e-01	0.00e+00	0.00e+00
 3.19332e+15	1.41e-17	3.54e-12	1.26e-07	1.69e-04	1.47e-02	9.85e-01	0.00e+00	0.00e+00
 3.30026e+15	1.82e-17	4.44e-12	1.53e-07	1.93e-04	1.58e-02	9.84e-01	0.00e+00	0.00e+00
 3.38019e+15	2.23e-17	5.29e-12	1.76e-07	2.13e-04	1.66e-02	9.83e-01	0.00e+00	0.00e+00
 3.46214e+15	2.77e-17	6.33e-12	2.04e-07	2.34e-04	1.75e-02	9.82e-01	0.00e+00	0.00e+00
 3.56867e+15	3.58e-17	7.88e-12	2.44e-07	2.64e-04	1.88e-02	9.81e-01	0.00e+00	0.00e+00
 3.68364e+15	4.58e-17	9.80e-12	2.96e-07	2.99e-04	2.01e-02	9.80e-01	0.00e+00	0.00e+00
 3.78697e+15	5.82e-17	1.20e-11	3.50e-07	3.34e-04	2.14e-02	9.78e-01	0.00e+00	0.00e+00
 3.89871e+15	7.45e-17	1.49e-11	4.17e-07	3.75e-04	2.28e-02	9.77e-01	0.00e+00	0.00e+00
 4.04111e+15	1.04e-16	1.96e-11	5.18e-07	4.33e-04	2.47e-02	9.75e-01	0.00e+00	0.00e+00
 4.18449e+15	2.15e-16	2.53e-11	6.40e-07	4.98e-04	2.66e-02	9.73e-01	0.00e+00	0.00e+00
 4.30453e+15	1.90e-16	3.09e-11	7.59e-07	5.57e-04	2.83e-02	9.71e-01	0.00e+00	0.00e+00
 4.43313e+15	2.46e-16	3.84e-11	9.08e-07	6.27e-04	3.01e-02	9.69e-01	0.00e+00	0.00e+00
 4.59595e+15	3.50e-16	5.11e-11	1.13e-06	7.24e-04	3.26e-02	9.67e-01	0.00e+00	0.00e+00
 4.76675e+15	4.85e-16	6.71e-11	1.41e-06	8.37e-04	3.53e-02	9.64e-01	0.00e+00	0.00e+00
 4.91939e+15	6.45e-16	8.52e-11	1.71e-06	9.49e-04	3.78e-02	9.61e-01	0.00e+00	0.00e+00
 5.08495e+15	8.41e-16	1.08e-10	2.09e-06	1.08e-03	4.05e-02	9.58e-01	0.00e+00	0.00e+00
 5.28211e+15	1.23e-15	1.46e-10	2.64e-06	1.26e-03	4.40e-02	9.55e-01	0.00e+00	0.00e+00
 5.47656e+15	1.65e-15	1.89e-10	3.29e-06	1.46e-03	4.75e-02	9.51e-01	0.00e+00	0.00e+00
 5.65282e+15	2.21e-15	2.41e-10	4.00e-06	1.65e-03	5.08e-02	9.48e-01	0.00e+00	0.00e+00
 5.84923e+15	3.02e-15	3.12e-10	4.92e-06	1.89e-03	5.46e-02	9.43e-01	0.00e+00	0.00e+00
 6.07946e+15	4.51e-15	4.29e-10	6.24e-06	2.21e-03	5.93e-02	9.38e-01	0.00e+00	0.00e+00
 6.30657e+15	6.28e-15	5.67e-10	7.81e-06	2.55e-03	6.40e-02	9.33e-01	0.00e+00	0.00e+00
 6.51973e+15	8.58e-15	7.34e-10	9.58e-06	2.91e-03	6.86e-02	9.28e-01	0.00e+00	0.00e+00
 6.75752e+15	1.16e-14	9.54e-10	1.19e-05	3.36e-03	7.39e-02	9.23e-01	0.00e+00	0.00e+00
 7.02785e+15	1.76e-14	1.32e-09	1.52e-05	3.92e-03	8.02e-02	9.16e-01	0.00e+00	0.00e+00
 7.25361e+15	2.37e-14	1.69e-09	1.84e-05	4.45e-03	8.55e-02	9.10e-01	0.00e+00	0.00e+00
 7.41458e+15	2.92e-14	2.01e-09	2.11e-05	4.85e-03	8.94e-02	9.06e-01	0.00e+00	0.00e+00
 7.58253e+15	3.61e-14	2.40e-09	2.42e-05	5.30e-03	9.36e-02	9.01e-01	0.00e+00	0.00e+00
 7.80087e+15	4.58e-14	2.94e-09	2.87e-05	5.93e-03	9.90e-02	8.95e-01	0.00e+00	0.00e+00
 8.04464e+15	6.37e-14	3.82e-09	3.48e-05	6.70e-03	1.05e-01	8.88e-01	0.00e+00	0.00e+00
 8.27243e+15	8.04e-14	4.67e-09	4.12e-05	7.47e-03	1.11e-01	8.81e-01	0.00e+00	0.00e+00
 8.51952e+15	1.10e-13	6.00e-09	4.95e-05	8.40e-03	1.18e-01	8.73e-01	0.00e+00	0.00e+00
 8.79497e+15	1.50e-13	7.72e-09	6.02e-05	9.52e-03	1.26e-01	8.65e-01	0.00e+00	0.00e+00
 9.05481e+15	1.97e-13	9.67e-09	7.19e-05	1.07e-02	1.33e-01	8.56e-01	0.00e+00	0.00e+00
 9.34013e+15	2.58e-13	1.22e-08	8.69e-05	1.21e-02	1.41e-01	8.46e-01	0.00e+00	0.00e+00
 9.65868e+15	3.71e-13	1.62e-08	1.07e-04	1.38e-02	1.51e-01	8.35e-01	0.00e+00	0.00e+00
 9.95805e+15	4.99e-13	2.07e-08	1.29e-04	1.55e-02	1.60e-01	8.24e-01	0.00e+00	0.00e+00
 1.02849e+16	6.78e-13	2.67e-08	1.58e-04	1.76e-02	1.70e-01	8.12e-01	0.00e+00	0.00e+00
 1.06420e+16	9.16e-13	3.44e-08	1.94e-04	2.01e-02	1.81e-01	7.99e-01	0.00e+00	0.00e+00
 1.09710e+16	1.29e-12	4.50e-08	2.35e-04	2.27e-02	1.92e-01	7.85e-01	0.00e+00	0.00e+00
 1.13313e+16	1.77e-12	5.85e-08	2.87e-04	2.58e-02	2.04e-01	7.70e-01	0.00e+00	0.00e+00
 1.17256e+16	2.38e-12	7.51e-08	3.54e-04	2.94e-02	2.16e-01	7.54e-01	0.00e+00	0.00e+00
 1.20897e+16	3.36e-12	9.86e-08	4.30e-04	3.32e-02	2.29e-01	7.38e-01	0.00e+00	0.00e+00
 1.24886e+16	4.59e-12	1.28e-07	5.26e-04	3.76e-02	2.42e-01	7.20e-01	0.00e+00	0.00e+00
 1.29273e+16	6.25e-12	1.66e-07	6.51e-04	4.30e-02	2.56e-01	7.00e-01	0.00e+00	0.00e+00
 1.33201e+16	8.43e-12	2.12e-07	7.85e-04	4.83e-02	2.69e-01	6.82e-01	0.00e+00	0.00e+00
 1.36735e+16	1.10e-11	2.63e-07	9.26e-04	5.34e-02	2.81e-01	6.65e-01	0.00e+00	0.00e+00
 1.40735e+16	1.52e-11	3.40e-07	1.12e-03	5.99e-02	2.95e-01	6.45e-01	0.00e+00	0.00e+00
 1.45211e+16	2.02e-11	4.33e-07	1.36e-03	6.75e-02	3.09e-01	6.22e-01	0.00e+00	0.00e+00
 1.49470e+16	2.71e-11	5.50e-07	1.63e-03	7.54e-02	3.22e-01	6.01e-01	0.00e+00	0.00e+00
 1.53185e+16	3.50e-11	6.78e-07	1.91e-03	8.29e-02	3.34e-01	5.81e-01	0.00e+00	0.00e+00
 1.56505e+16	4.51e-11	8.26e-07	2.20e-03	9.01e-02	3.44e-01	5.64e-01	0.00e+00	0.00e+00
 1.60297e+16	5.63e-11	9.98e-07	2.56e-03	9.88e-02	3.55e-01	5.44e-01	0.00e+00	0.00e+00
 1.65226e+16	8.15e-11	1.33e-06	3.15e-03	1.11e-01	3.70e-01	5.16e-01	0.00e+00	0.00e+00
 1.69903e+16	1.08e-10	1.69e-06	3.77e-03	1.24e-01	3.82e-01	4.91e-01	0.00e+00	0.00e+00
 1.73385e+16	1.35e-10	2.01e-06	4.32e-03	1.34e-01	3.91e-01	4.71e-01	0.00e+00	0.00e+00
 1.77045e+16	1.70e-10	2.43e-06	4.98e-03	1.45e-01	3.99e-01	4.51e-01	0.00e+00	0.00e+00
 1.81803e+16	2.18e-10	3.01e-06	5.96e-03	1.60e-01	4.09e-01	4.25e-01	0.00e+00	0.00e+00
 1.86734e+16	3.11e-10	3.97e-06	7.19e-03	1.78e-01	4.18e-01	3.97e-01	0.00e+00	0.00e+00
 1.90695e+16	3.88e-10	4.77e-06	8.30e-03	1.92e-01	4.24e-01	3.75e-01	0.00e+00	0.00e+00
 1.94647e+16	4.79e-10	5.70e-06	9.61e-03	2.08e-01	4.29e-01	3.53e-01	0.00e+00	0.00e+00
 1.99088e+16	6.64e-10	7.32e-06	1.14e-02	2.27e-01	4.34e-01	3.28e-01	0.00e+00	0.00e+00
 2.03191e+16	8.06e-10	8.67e-06	1.31e-02	2.45e-01	4.36e-01	3.06e-01	0.00e+00	0.00e+00
 2.06804e+16	1.06e-09	1.07e-05	1.51e-02	2.62e-01	4.38e-01	2.85e-01	0.00e+00	0.00e+00
 2.10173e+16	1.31e-09	1.27e-05	1.71e-02	2.78e-01	4.37e-01	2.67e-01	0.00e+00	0.00e+00
 2.13970e+16	1.58e-09	1.49e-05	1.96e-02	2.98e-01	4.35e-01	2.47e-01	0.00e+00	0.00e+00
 2.18068e+16	2.13e-09	1.88e-05	2.29e-02	3.20e-01	4.32e-01	2.25e-01	0.00e+00	0.00e+00
 2.21557e+16	2.68e-09	2.25e-05	2.60e-02	3.39e-01	4.27e-01	2.08e-01	0.00e+00	0.00e+00
 2.24530e+16	3.15e-09	2.57e-05	2.90e-02	3.56e-01	4.22e-01	1.93e-01	0.00e+00	0.00e+00
 2.27838e+16	4.22e-09	3.20e-05	3.31e-02	3.77e-01	4.15e-01	1.75e-01	0.00e+00	0.00e+00
 2.31320e+16	4.99e-09	3.70e-05	3.76e-02	3.98e-01	4.06e-01	1.59e-01	0.00e+00	0.00e+00
 2.34368e+16	6.19e-09	4.38e-05	4.24e-02	4.17e-01	3.96e-01	1.45e-01	0.00e+00	0.00e+00
 2.37148e+16	7.62e-09	5.15e-05	4.73e-02	4.35e-01	3.86e-01	1.32e-01	0.00e+00	0.00e+00
 2.39813e+16	9.34e-09	6.03e-05	5.27e-02	4.53e-01	3.75e-01	1.20e-01	0.00e+00	0.00e+00
 2.42427e+16	1.20e-08	7.27e-05	5.88e-02	4.71e-01	3.63e-01	1.08e-01	0.00e+00	0.00e+00
 2.44914e+16	1.41e-08	8.26e-05	6.50e-02	4.88e-01	3.50e-01	9.73e-02	0.00e+00	0.00e+00
 2.47291e+16	1.71e-08	9.59e-05	7.19e-02	5.04e-01	3.36e-01	8.73e-02	0.00e+00	0.00e+00
 2.49613e+16	2.09e-08	1.12e-04	7.94e-02	5.20e-01	3.22e-01	7.79e-02	0.00e+00	0.00e+00
 2.51802e+16	2.54e-08	1.30e-04	8.74e-02	5.36e-01	3.08e-01	6.93e-02	0.00e+00	0.00e+00
 2.53828e+16	3.31e-08	1.56e-04	9.61e-02	5.50e-01	2.93e-01	6.11e-02	0.00e+00	0.00e+00
 2.55657e+16	3.86e-08	1.76e-04	1.04e-01	5.62e-01	2.79e-01	5.47e-02	0.00e+00	0.00e+00
 2.57623e+16	4.48e-08	1.98e-04	1.14e-01	5.76e-01	2.62e-01	4.79e-02	0.00e+00	0.00e+00
 2.59714e+16	5.50e-08	2.32e-04	1.25e-01	5.89e-01	2.44e-01	4.10e-02	0.00e+00	0.00e+00
 2.61437e+16	6.70e-08	2.68e-04	1.36e-01	6.00e-01	2.28e-01	3.54e-02	0.00e+00	0.00e+00
 2.62807e+16	8.31e-08	3.11e-04	1.45e-01	6.09e-01	2.15e-01	3.10e-02	0.00e+00	0.00e+00
 2.64031e+16	9.58e-08	3.45e-04	1.54e-01	6.16e-01	2.02e-01	2.74e-02	0.00e+00	0.00e+00
 2.65404e+16	1.08e-07	3.78e-04	1.64e-01	6.24e-01	1.88e-01	2.36e-02	0.00e+00	0.00e+00
 2.66896e+16	1.36e-07	4.46e-04	1.77e-01	6.32e-01	1.71e-01	1.96e-02	0.00e+00	0.00e+00
 2.68137e+16	1.52e-07	4.86e-04	1.88e-01	6.38e-01	1.57e-01	1.67e-02	0.00e+00	0.00e+00
 2.69134e+16	1.82e-07	5.51e-04	1.97e-01	6.42e-01	1.46e-01	1.43e-02	0.00e+00	0.00e+00
 2.70028e+16	1.98e-07	5.87e-04	2.06e-01	6.46e-01	1.35e-01	1.24e-02	0.00e+00	0.00e+00
 2.70993e+16	2.26e-07	6.46e-04	2.15e-01	6.50e-01	1.24e-01	1.04e-02	0.00e+00	0.00e+00
 2.71902e+16	2.57e-07	7.08e-04	2.25e-01	6.53e-01	1.13e-01	8.78e-03	0.00e+00	0.00e+00
 2.72515e+16	2.92e-07	7.70e-04	2.32e-01	6.54e-01	1.06e-01	7.70e-03	0.00e+00	0.00e+00
 2.72971e+16	3.10e-07	8.05e-04	2.36e-01	6.56e-01	1.00e-01	6.98e-03	0.00e+00	0.00e+00
 2.73443e+16	3.31e-07	8.43e-04	2.42e-01	6.57e-01	9.46e-02	6.26e-03	0.00e+00	0.00e+00
 2.74058e+16	3.62e-07	9.00e-04	2.49e-01	6.58e-01	8.73e-02	5.37e-03	0.00e+00	0.00e+00
 2.74736e+16	4.00e-07	9.64e-04	2.56e-01	6.59e-01	7.96e-02	4.51e-03	0.00e+00	0.00e+00
 2.75353e+16	4.37e-07	1.03e-03	2.63e-01	6.59e-01	7.27e-02	3.82e-03	0.00e+00	0.00e+00
 2.75913e+16	4.72e-07	1.09e-03	2.70e-01	6.59e-01	6.67e-02	3.25e-03	0.00e+00	0.00e+00
 2.76547e+16	5.18e-07	1.16e-03	2.77e-01	6.59e-01	6.01e-02	2.66e-03	0.00e+00	0.00e+00
 2.77240e+16	5.69e-07	1.24e-03	2.84e-01	6.59e-01	5.33e-02	2.14e-03	0.00e+00	0.00e+00
 2.77877e+16	6.23e-07	1.32e-03	2.91e-01	6.58e-01	4.75e-02	1.72e-03	0.00e+00	0.00e+00
 2.78574e+16	6.85e-07	1.41e-03	2.99e-01	6.57e-01	4.15e-02	1.33e-03	0.00e+00	0.00e+00
 2.79346e+16	7.60e-07	1.51e-03	3.07e-01	6.55e-01	3.55e-02	9.98e-04	0.00e+00	0.00e+00
 2.80077e+16	8.36e-07	1.61e-03	3.15e-01	6.52e-01	3.05e-02	7.51e-04	0.00e+00	0.00e+00
 2.80888e+16	9.27e-07	1.73e-03	3.23e-01	6.49e-01	2.56e-02	5.38e-04	0.00e+00	0.00e+00
 2.81942e+16	1.05e-06	1.89e-03	3.33e-01	6.44e-01	2.02e-02	3.46e-04	0.00e+00	0.00e+00
 2.83060e+16	1.20e-06	2.06e-03	3.43e-01	6.39e-01	1.58e-02	2.18e-04	0.00e+00	0.00e+00
 2.84096e+16	1.34e-06	2.21e-03	3.52e-01	6.33e-01	1.26e-02	1.41e-04	0.00e+00	0.00e+00
 2.85280e+16	1.51e-06	2.40e-03	3.61e-01	6.27e-01	9.71e-03	8.56e-05	0.00e+00	0.00e+00
 2.86819e+16	1.75e-06	2.64e-03	3.72e-01	6.18e-01	7.00e-03	4.55e-05	0.00e+00	0.00e+00
 2.88819e+16	2.09e-06	2.96e-03	3.86e-01	6.06e-01	4.68e-03	2.07e-05	0.00e+00	0.00e+00
 2.91420e+16	2.61e-06	3.41e-03	4.03e-01	5.91e-01	2.88e-03	7.92e-06	0.00e+00	0.00e+00
 2.94325e+16	3.34e-06	3.99e-03	4.22e-01	5.72e-01	1.76e-03	2.97e-06	0.00e+00	0.00e+00
 2.97130e+16	4.25e-06	4.67e-03	4.41e-01	5.53e-01	1.14e-03	1.23e-06	0.00e+00	0.00e+00
 2.99856e+16	5.44e-06	5.47e-03	4.61e-01	5.33e-01	7.62e-04	5.45e-07	0.00e+00	0.00e+00
 3.02558e+16	7.01e-06	6.45e-03	4.82e-01	5.11e-01	5.21e-04	0.00e+00	0.00e+00	0.00e+00
 3.05200e+16	9.13e-06	7.67e-03	5.04e-01	4.88e-01	3.64e-04	0.00e+00	0.00e+00	0.00e+00
 3.07165e+16	1.13e-05	8.83e-03	5.21e-01	4.69e-01	2.83e-04	0.00e+00	0.00e+00	0.00e+00
 3.08284e+16	1.28e-05	9.58e-03	5.32e-01	4.58e-01	2.45e-04	0.00e+00	0.00e+00	0.00e+00
 3.09316e+16	1.43e-05	1.03e-02	5.42e-01	4.48e-01	2.13e-04	0.00e+00	0.00e+00	0.00e+00
 3.10659e+16	1.67e-05	1.15e-02	5.55e-01	4.33e-01	1.77e-04	0.00e+00	0.00e+00	0.00e+00
 3.12176e+16	2.00e-05	1.29e-02	5.70e-01	4.16e-01	1.44e-04	0.00e+00	0.00e+00	0.00e+00
 3.13580e+16	2.38e-05	1.45e-02	5.85e-01	4.00e-01	1.20e-04	0.00e+00	0.00e+00	0.00e+00
 3.14787e+16	2.79e-05	1.62e-02	5.98e-01	3.85e-01	1.01e-04	0.00e+00	0.00e+00	0.00e+00
 3.16081e+16	3.31e-05	1.81e-02	6.13e-01	3.69e-01	8.44e-05	0.00e+00	0.00e+00	0.00e+00
 3.17492e+16	4.01e-05	2.07e-02	6.29e-01	3.50e-01	6.92e-05	0.00e+00	0.00e+00	0.00e+00
 3.18603e+16	4.71e-05	2.31e-02	6.41e-01	3.35e-01	5.91e-05	0.00e+00	0.00e+00	0.00e+00
 3.19368e+16	5.28e-05	2.49e-02	6.50e-01	3.25e-01	5.29e-05	0.00e+00	0.00e+00	0.00e+00
 3.20135e+16	5.93e-05	2.70e-02	6.59e-01	3.14e-01	4.70e-05	0.00e+00	0.00e+00	0.00e+00
 3.21133e+16	6.91e-05	3.00e-02	6.71e-01	2.99e-01	4.02e-05	0.00e+00	0.00e+00	0.00e+00
 3.22163e+16	8.14e-05	3.35e-02	6.82e-01	2.84e-01	3.42e-05	0.00e+00	0.00e+00	0.00e+00
 3.22981e+16	9.34e-05	3.68e-02	6.92e-01	2.72e-01	3.00e-05	0.00e+00	0.00e+00	0.00e+00
 3.23664e+16	1.05e-04	3.98e-02	6.99e-01	2.61e-01	2.68e-05	0.00e+00	0.00e+00	0.00e+00
 3.24427e+16	1.20e-04	4.36e-02	7.07e-01	2.49e-01	2.35e-05	0.00e+00	0.00e+00	0.00e+00
 3.25283e+16	1.39e-04	4.84e-02	7.16e-01	2.35e-01	2.02e-05	0.00e+00	0.00e+00	0.00e+00
 3.26056e+16	1.61e-04	5.34e-02	7.23e-01	2.23e-01	1.76e-05	0.00e+00	0.00e+00	0.00e+00
 3.26715e+16	1.83e-04	5.81e-02	7.29e-01	2.12e-01	1.55e-05	0.00e+00	0.00e+00	0.00e+00
 3.27430e+16	2.10e-04	6.39e-02	7.35e-01	2.01e-01	1.35e-05	0.00e+00	0.00e+00	0.00e+00
 3.28207e+16	2.45e-04	7.11e-02	7.41e-01	1.88e-01	1.15e-05	0.00e+00	0.00e+00	0.00e+00
 3.28884e+16	2.83e-04	7.82e-02	7.45e-01	1.77e-01	1.00e-05	0.00e+00	0.00e+00	0.00e+00
 3.29464e+16	3.20e-04	8.51e-02	7.47e-01	1.67e-01	8.85e-06	0.00e+00	0.00e+00	0.00e+00
 3.30101e+16	3.67e-04	9.34e-02	7.50e-01	1.57e-01	7.66e-06	0.00e+00	0.00e+00	0.00e+00
 3.30797e+16	4.29e-04	1.04e-01	7.51e-01	1.45e-01	6.50e-06	0.00e+00	0.00e+00	0.00e+00
 3.31406e+16	4.95e-04	1.14e-01	7.50e-01	1.35e-01	5.60e-06	0.00e+00	0.00e+00	0.00e+00
 3.31929e+16	5.62e-04	1.24e-01	7.49e-01	1.26e-01	4.90e-06	0.00e+00	0.00e+00	0.00e+00
 3.32506e+16	6.47e-04	1.37e-01	7.46e-01	1.17e-01	4.20e-06	0.00e+00	0.00e+00	0.00e+00
 3.33137e+16	7.59e-04	1.52e-01	7.41e-01	1.07e-01	3.52e-06	0.00e+00	0.00e+00	0.00e+00
 3.33697e+16	8.78e-04	1.67e-01	7.34e-01	9.76e-02	2.98e-06	0.00e+00	0.00e+00	0.00e+00
 3.34184e+16	1.00e-03	1.82e-01	7.27e-01	8.98e-02	2.56e-06	0.00e+00	0.00e+00	0.00e+00
 3.34722e+16	1.16e-03	2.01e-01	7.17e-01	8.14e-02	2.14e-06	0.00e+00	0.00e+00	0.00e+00
 3.35311e+16	1.37e-03	2.23e-01	7.03e-01	7.25e-02	1.75e-06	0.00e+00	0.00e+00	0.00e+00
 3.35838e+16	1.60e-03	2.47e-01	6.87e-01	6.47e-02	1.43e-06	0.00e+00	0.00e+00	0.00e+00
 3.36309e+16	1.84e-03	2.70e-01	6.71e-01	5.79e-02	1.19e-06	0.00e+00	0.00e+00	0.00e+00
 3.36833e+16	2.16e-03	2.98e-01	6.49e-01	5.05e-02	9.51e-07	0.00e+00	0.00e+00	0.00e+00
 3.37416e+16	2.58e-03	3.34e-01	6.21e-01	4.28e-02	0.00e+00	0.00e+00	0.00e+00	0.00e+00
 3.37950e+16	3.08e-03	3.71e-01	5.90e-01	3.61e-02	0.00e+00	0.00e+00	0.00e+00	0.00e+00
 3.38430e+16	3.63e-03	4.08e-01	5.58e-01	3.04e-02	0.00e+00	0.00e+00	0.00e+00	0.00e+00
 3.38962e+16	4.35e-03	4.52e-01	5.19e-01	2.46e-02	0.00e+00	0.00e+00	0.00e+00	0.00e+00
 3.39527e+16	5.30e-03	5.04e-01	4.72e-01	1.91e-02	0.00e+00	0.00e+00	0.00e+00	0.00e+00
 3.39977e+16	6.23e-03	5.50e-01	4.29e-01	1.51e-02	0.00e+00	0.00e+00	0.00e+00	0.00e+00
 3.40320e+16	7.03e-03	5.85e-01	3.95e-01	1.24e-02	0.00e+00	0.00e+00	0.00e+00	0.00e+00
 3.40680e+16	8.02e-03	6.24e-01	3.58e-01	9.91e-03	0.00e+00	0.00e+00	0.00e+00	0.00e+00
 3.41085e+16	9.30e-03	6.68e-01	3.15e-01	7.46e-03	0.00e+00	0.00e+00	0.00e+00	0.00e+00
 3.41451e+16	1.07e-02	7.09e-01	2.75e-01	5.59e-03	0.00e+00	0.00e+00	0.00e+00	0.00e+00
 3.41755e+16	1.20e-02	7.41e-01	2.43e-01	4.31e-03	0.00e+00	0.00e+00	0.00e+00	0.00e+00
 3.42075e+16	1.36e-02	7.74e-01	2.09e-01	3.19e-03	0.00e+00	0.00e+00	0.00e+00	0.00e+00
 3.42422e+16	1.56e-02	8.08e-01	1.74e-01	2.22e-03	0.00e+00	0.00e+00	0.00e+00	0.00e+00
 3.42719e+16	1.75e-02	8.35e-01	1.46e-01	1.57e-03	0.00e+00	0.00e+00	0.00e+00	0.00e+00
 3.42962e+16	1.94e-02	8.55e-01	1.24e-01	1.16e-03	0.00e+00	0.00e+00	0.00e+00	0.00e+00
 3.43220e+16	2.15e-02	8.74e-01	1.03e-01	8.17e-04	0.00e+00	0.00e+00	0.00e+00	0.00e+00
 3.43507e+16	2.43e-02	8.92e-01	8.28e-02	5.39e-04	0.00e+00	0.00e+00	0.00e+00	0.00e+00
 3.43762e+16	2.71e-02	9.06e-01	6.65e-02	3.58e-04	0.00e+00	0.00e+00	0.00e+00	0.00e+00
 3.43976e+16	2.98e-02	9.16e-01	5.45e-02	2.48e-04	0.00e+00	0.00e+00	0.00e+00	0.00e+00
 3.44171e+16	3.25e-02	9.22e-01	4.49e-02	1.74e-04	0.00e+00	0.00e+00	0.00e+00	0.00e+00
 3.44392e+16	3.59e-02	9.28e-01	3.56e-02	1.14e-04	0.00e+00	0.00e+00	0.00e+00	0.00e+00
 3.44622e+16	3.99e-02	9.33e-01	2.75e-02	7.12e-05	0.00e+00	0.00e+00	0.00e+00	0.00e+00
 3.44806e+16	4.36e-02	9.34e-01	2.20e-02	4.75e-05	0.00e+00	0.00e+00	0.00e+00	0.00e+00
 3.44956e+16	4.69e-02	9.35e-01	1.83e-02	3.38e-05	0.00e+00	0.00e+00	0.00e+00	0.00e+00
 3.45112e+16	5.06e-02	9.35e-01	1.48e-02	2.32e-05	0.00e+00	0.00e+00	0.00e+00	0.00e+00
 3.45280e+16	5.50e-02	9.33e-01	1.18e-02	1.53e-05	0.00e+00	0.00e+00	0.00e+00	0.00e+00
 3.45436e+16	5.93e-02	9.31e-01	9.45e-03	1.02e-05	0.00e+00	0.00e+00	0.00e+00	0.00e+00
 3.45577e+16	6.39e-02	9.28e-01	7.65e-03	6.99e-06	0.00e+00	0.00e+00	0.00e+00	0.00e+00
 3.45707e+16	6.83e-02	9.25e-01	6.26e-03	4.86e-06	0.00e+00	0.00e+00	0.00e+00	0.00e+00
 3.45825e+16	7.26e-02	9.22e-01	5.20e-03	3.47e-06	0.00e+00	0.00e+00	0.00e+00	0.00e+00
 3.45932e+16	7.66e-02	9.19e-01	4.36e-03	2.52e-06	0.00e+00	0.00e+00	0.00e+00	0.00e+00
 3.46034e+16	8.10e-02	9.15e-01	3.68e-03	1.85e-06	0.00e+00	0.00e+00	0.00e+00	0.00e+00
 3.46111e+16	8.42e-02	9.13e-01	3.24e-03	1.47e-06	0.00e+00	0.00e+00	0.00e+00	0.00e+00
 3.46161e+16	8.63e-02	9.11e-01	2.97e-03	1.26e-06	0.00e+00	0.00e+00	0.00e+00	0.00e+00
 3.46209e+16	8.85e-02	9.09e-01	2.73e-03	1.08e-06	0.00e+00	0.00e+00	0.00e+00	0.00e+00
 3.46264e+16	9.13e-02	9.06e-01	2.48e-03	9.04e-07	0.00e+00	0.00e+00	0.00e+00	0.00e+00
 3.46322e+16	9.42e-02	9.04e-01	2.23e-03	0.00e+00	0.00e+00	0.00e+00	0.00e+00	0.00e+00
 3.46379e+16	9.71e-02	9.01e-01	2.01e-03	0.00e+00	0.00e+00	0.00e+00	0.00e+00	0.00e+00
 3.46433e+16	1.00e-01	8.98e-01	1.82e-03	0.00e+00	0.00e+00	0.00e+00	0.00e+00	0.00e+00
 3.46486e+16	1.03e-01	8.95e-01	1.65e-03	0.00e+00	0.00e+00	0.00e+00	0.00e+00	0.00e+00
 3.46539e+16	1.06e-01	8.93e-01	1.49e-03	0.00e+00	0.00e+00	0.00e+00	0.00e+00	0.00e+00
 3.46591e+16	1.09e-01	8.89e-01	1.35e-03	0.00e+00	0.00e+00	0.00e+00	0.00e+00	0.00e+00
 3.46643e+16	1.13e-01	8.86e-01	1.22e-03	0.00e+00	0.00e+00	0.00e+00	0.00e+00	0.00e+00
 3.46694e+16	1.16e-01	8.83e-01	1.10e-03	0.00e+00	0.00e+00	0.00e+00	0.00e+00	0.00e+00
 3.46744e+16	1.19e-01	8.80e-01	9.99e-04	0.00e+00	0.00e+00	0.00e+00	0.00e+00	0.00e+00
 3.46794e+16	1.23e-01	8.76e-01	9.02e-04	0.00e+00	0.00e+00	0.00e+00	0.00e+00	0.00e+00
 3.46844e+16	1.27e-01	8.73e-01	8.15e-04	0.00e+00	0.00e+00	0.00e+00	0.00e+00	0.00e+00
 3.46892e+16	1.31e-01	8.69e-01	7.36e-04	0.00e+00	0.00e+00	0.00e+00	0.00e+00	0.00e+00
 3.46941e+16	1.34e-01	8.65e-01	6.65e-04	0.00e+00	0.00e+00	0.00e+00	0.00e+00	0.00e+00
 3.46988e+16	1.39e-01	8.61e-01	6.01e-04	0.00e+00	0.00e+00	0.00e+00	0.00e+00	0.00e+00
 3.47035e+16	1.43e-01	8.56e-01	5.43e-04	0.00e+00	0.00e+00	0.00e+00	0.00e+00	0.00e+00
 3.47081e+16	1.47e-01	8.52e-01	4.90e-04	0.00e+00	0.00e+00	0.00e+00	0.00e+00	0.00e+00
 3.47127e+16	1.52e-01	8.47e-01	4.42e-04	0.00e+00	0.00e+00	0.00e+00	0.00e+00	0.00e+00
 3.47173e+16	1.57e-01	8.43e-01	3.99e-04	0.00e+00	0.00e+00	0.00e+00	0.00e+00	0.00e+00
 3.47217e+16	1.62e-01	8.37e-01	3.60e-04	0.00e+00	0.00e+00	0.00e+00	0.00e+00	0.00e+00
 3.47261e+16	1.68e-01	8.32e-01	3.25e-04	0.00e+00	0.00e+00	0.00e+00	0.00e+00	0.00e+00
 3.47304e+16	1.74e-01	8.26e-01	2.93e-04	0.00e+00	0.00e+00	0.00e+00	0.00e+00	0.00e+00
 3.47348e+16	1.80e-01	8.20e-01	2.64e-04	0.00e+00	0.00e+00	0.00e+00	0.00e+00	0.00e+00
 3.47391e+16	1.86e-01	8.14e-01	2.37e-04	0.00e+00	0.00e+00	0.00e+00	0.00e+00	0.00e+00
 3.47432e+16	1.93e-01	8.07e-01	2.14e-04	0.00e+00	0.00e+00	0.00e+00	0.00e+00	0.00e+00
 3.47472e+16	2.00e-01	8.00e-01	1.93e-04	0.00e+00	0.00e+00	0.00e+00	0.00e+00	0.00e+00
 3.47513e+16	2.08e-01	7.92e-01	1.73e-04	0.00e+00	0.00e+00	0.00e+00	0.00e+00	0.00e+00
 3.47554e+16	2.17e-01	7.83e-01	1.55e-04	0.00e+00	0.00e+00	0.00e+00	0.00e+00	0.00e+00
 3.47593e+16	2.26e-01	7.74e-01	1.40e-04	0.00e+00	0.00e+00	0.00e+00	0.00e+00	0.00e+00
 3.47631e+16	2.35e-01	7.65e-01	1.26e-04	0.00e+00	0.00e+00	0.00e+00	0.00e+00	0.00e+00
 3.47668e+16	2.45e-01	7.55e-01	1.13e-04	0.00e+00	0.00e+00	0.00e+00	0.00e+00	0.00e+00
 3.47705e+16	2.55e-01	7.44e-01	1.02e-04	0.00e+00	0.00e+00	0.00e+00	0.00e+00	0.00e+00
 3.47741e+16	2.67e-01	7.33e-01	9.13e-05	0.00e+00	0.00e+00	0.00e+00	0.00e+00	0.00e+00
 3.47776e+16	2.79e-01	7.21e-01	8.21e-05	0.00e+00	0.00e+00	0.00e+00	0.00e+00	0.00e+00
 3.47811e+16	2.90e-01	7.10e-01	7.38e-05	0.00e+00	0.00e+00	0.00e+00	0.00e+00	0.00e+00
 3.47844e+16	3.03e-01	6.97e-01	6.63e-05	0.00e+00	0.00e+00	0.00e+00	0.00e+00	0.00e+00
 3.47878e+16	3.17e-01	6.83e-01	5.94e-05	0.00e+00	0.00e+00	0.00e+00	0.00e+00	0.00e+00
 3.47910e+16	3.32e-01	6.68e-01	5.33e-05	0.00e+00	0.00e+00	0.00e+00	0.00e+00	0.00e+00
 3.47942e+16	3.48e-01	6.52e-01	4.78e-05	0.00e+00	0.00e+00	0.00e+00	0.00e+00	0.00e+00
 3.47973e+16	3.64e-01	6.36e-01	4.28e-05	0.00e+00	0.00e+00	0.00e+00	0.00e+00	0.00e+00
 3.48004e+16	3.83e-01	6.17e-01	3.81e-05	0.00e+00	0.00e+00	0.00e+00	0.00e+00	0.00e+00
 3.48034e+16	4.01e-01	5.99e-01	3.40e-05	0.00e+00	0.00e+00	0.00e+00	0.00e+00	0.00e+00
