#depth	He	He+	He+2
 1.49634e+10	1.14e-23	1.33e-12	1.00e+00
 4.54887e+10	1.27e-23	1.44e-12	1.00e+00
 7.72350e+10	1.40e-23	1.56e-12	1.00e+00
 1.10251e+11	1.55e-23	1.68e-12	1.00e+00
 1.42027e+11	1.70e-23	1.81e-12	1.00e+00
 1.71622e+11	1.85e-23	1.93e-12	1.00e+00
 2.04963e+11	2.02e-23	2.08e-12	1.00e+00
 2.43088e+11	2.24e-23	2.25e-12	1.00e+00
 2.80814e+11	2.47e-23	2.42e-12	1.00e+00
 3.20049e+11	2.72e-23	2.61e-12	1.00e+00
 3.62777e+11	3.02e-23	2.83e-12	1.00e+00
 4.07215e+11	3.35e-23	3.06e-12	1.00e+00
 4.53431e+11	3.72e-23	3.31e-12	1.00e+00
 5.01495e+11	4.13e-23	3.59e-12	1.00e+00
 5.51481e+11	4.60e-23	3.89e-12	1.00e+00
 6.03467e+11	5.12e-23	4.21e-12	1.00e+00
 6.57533e+11	5.71e-23	4.56e-12	1.00e+00
 7.13761e+11	6.38e-23	4.94e-12	1.00e+00
 7.72238e+11	7.13e-23	5.35e-12	1.00e+00
 8.33054e+11	7.97e-23	5.79e-12	1.00e+00
 8.96303e+11	8.94e-23	6.28e-12	1.00e+00
 9.62082e+11	1.00e-22	6.80e-12	1.00e+00
 1.02580e+12	1.12e-22	7.33e-12	1.00e+00
 1.08418e+12	1.23e-22	7.83e-12	1.00e+00
 1.14903e+12	1.37e-22	8.42e-12	1.00e+00
 1.22436e+12	1.54e-22	9.12e-12	1.00e+00
 1.29890e+12	1.73e-22	9.85e-12	1.00e+00
 1.37643e+12	1.94e-22	1.06e-11	1.00e+00
 1.46141e+12	2.20e-22	1.15e-11	1.00e+00
 1.54730e+12	2.49e-22	1.25e-11	1.00e+00
 1.63663e+12	2.82e-22	1.35e-11	1.00e+00
 1.73202e+12	3.21e-22	1.47e-11	1.00e+00
 1.83123e+12	3.66e-22	1.60e-11	1.00e+00
 1.93440e+12	4.18e-22	1.73e-11	1.00e+00
 2.04171e+12	4.77e-22	1.88e-11	1.00e+00
 2.15330e+12	5.46e-22	2.05e-11	1.00e+00
 2.26936e+12	6.26e-22	2.23e-11	1.00e+00
 2.39006e+12	7.18e-22	2.42e-11	1.00e+00
 2.50347e+12	8.15e-22	2.61e-11	1.00e+00
 2.60476e+12	9.08e-22	2.79e-11	1.00e+00
 2.71842e+12	1.02e-21	3.00e-11	1.00e+00
 2.85327e+12	1.17e-21	3.26e-11	1.00e+00
 2.98888e+12	1.35e-21	3.54e-11	1.00e+00
 3.11597e+12	1.52e-21	3.81e-11	1.00e+00
 3.25659e+12	1.73e-21	4.12e-11	1.00e+00
 3.41678e+12	2.00e-21	4.49e-11	1.00e+00
 3.57640e+12	2.31e-21	4.89e-11	1.00e+00
 3.74240e+12	2.66e-21	5.32e-11	1.00e+00
 3.92202e+12	3.08e-21	5.81e-11	1.00e+00
 4.10517e+12	3.56e-21	6.34e-11	1.00e+00
 4.27615e+12	4.07e-21	6.86e-11	1.00e+00
 4.43405e+12	4.57e-21	7.36e-11	1.00e+00
 4.61457e+12	5.20e-21	7.97e-11	1.00e+00
 4.82589e+12	6.04e-21	8.71e-11	1.00e+00
 5.03507e+12	6.96e-21	9.50e-11	1.00e+00
 5.23145e+12	7.90e-21	1.03e-10	1.00e+00
 5.44947e+12	9.05e-21	1.12e-10	1.00e+00
 5.69738e+12	1.05e-20	1.23e-10	1.00e+00
 5.94225e+12	1.21e-20	1.34e-10	1.00e+00
 6.19692e+12	1.40e-20	1.47e-10	1.00e+00
 6.47473e+12	1.62e-20	1.61e-10	1.00e+00
 6.75483e+12	1.88e-20	1.77e-10	1.00e+00
 7.04614e+12	2.16e-20	1.95e-10	1.00e+00
 7.34652e+12	2.49e-20	2.14e-10	1.00e+00
 7.64077e+12	2.85e-20	2.34e-10	1.00e+00
 7.95818e+12	3.26e-20	2.57e-10	1.00e+00
 8.30644e+12	3.77e-20	2.83e-10	1.00e+00
 8.66862e+12	4.34e-20	3.13e-10	1.00e+00
 9.04529e+12	4.99e-20	3.46e-10	1.00e+00
 9.43703e+12	5.74e-20	3.83e-10	1.00e+00
 9.79102e+12	6.47e-20	4.18e-10	1.00e+00
 1.00854e+13	7.11e-20	4.49e-10	1.00e+00
 1.04077e+13	7.85e-20	4.85e-10	1.00e+00
 1.08166e+13	8.87e-20	5.33e-10	1.00e+00
 1.12435e+13	1.00e-19	5.86e-10	1.00e+00
 1.16053e+13	1.11e-19	6.34e-10	1.00e+00
 1.19768e+13	1.22e-19	6.86e-10	1.00e+00
 1.24455e+13	1.37e-19	7.55e-10	1.00e+00
 1.29220e+13	1.54e-19	8.29e-10	1.00e+00
 1.33297e+13	1.69e-19	8.96e-10	1.00e+00
 1.37665e+13	1.86e-19	9.71e-10	1.00e+00
 1.43086e+13	2.09e-19	1.07e-09	1.00e+00
 1.48650e+13	2.34e-19	1.18e-09	1.00e+00
 1.53643e+13	2.59e-19	1.28e-09	1.00e+00
 1.59120e+13	2.87e-19	1.40e-09	1.00e+00
 1.65610e+13	3.25e-19	1.54e-09	1.00e+00
 1.72119e+13	3.66e-19	1.70e-09	1.00e+00
 1.78275e+13	4.09e-19	1.85e-09	1.00e+00
 1.85093e+13	4.61e-19	2.03e-09	1.00e+00
 1.92796e+13	5.27e-19	2.25e-09	1.00e+00
 2.00470e+13	6.01e-19	2.48e-09	1.00e+00
 2.07237e+13	6.73e-19	2.69e-09	1.00e+00
 2.13192e+13	7.43e-19	2.88e-09	1.00e+00
 2.19941e+13	8.30e-19	3.10e-09	1.00e+00
 2.27462e+13	9.38e-19	3.37e-09	1.00e+00
 2.34524e+13	1.05e-18	3.63e-09	1.00e+00
 2.42242e+13	1.19e-18	3.92e-09	1.00e+00
 2.50867e+13	1.36e-18	4.27e-09	1.00e+00
 2.59008e+13	1.54e-18	4.61e-09	1.00e+00
 2.67926e+13	1.75e-18	5.00e-09	1.00e+00
 2.77905e+13	2.03e-18	5.45e-09	1.00e+00
 2.87354e+13	2.33e-18	5.91e-09	1.00e+00
 2.96102e+13	2.63e-18	6.34e-09	1.00e+00
 3.05849e+13	3.01e-18	6.85e-09	1.00e+00
 3.16778e+13	3.49e-18	7.44e-09	1.00e+00
 3.27091e+13	4.00e-18	8.02e-09	1.00e+00
 3.38344e+13	4.62e-18	8.68e-09	1.00e+00
 3.50792e+13	5.40e-18	9.45e-09	1.00e+00
 3.62321e+13	6.21e-18	1.02e-08	1.00e+00
 3.74838e+13	7.19e-18	1.10e-08	1.00e+00
 3.88836e+13	8.44e-18	1.20e-08	1.00e+00
 4.02036e+13	9.77e-18	1.30e-08	1.00e+00
 4.16474e+13	1.14e-17	1.41e-08	1.00e+00
 4.32589e+13	1.35e-17	1.53e-08	1.00e+00
 4.47767e+13	1.57e-17	1.66e-08	1.00e+00
 4.64240e+13	1.83e-17	1.80e-08	1.00e+00
 4.82718e+13	2.18e-17	1.97e-08	1.00e+00
 5.00524e+13	2.55e-17	2.14e-08	1.00e+00
 5.19432e+13	3.00e-17	2.32e-08	1.00e+00
 5.40508e+13	3.57e-17	2.54e-08	1.00e+00
 5.61727e+13	4.23e-17	2.76e-08	1.00e+00
 5.83794e+13	4.98e-17	3.00e-08	1.00e+00
 6.07445e+13	5.93e-17	3.28e-08	1.00e+00
 6.29791e+13	6.93e-17	3.55e-08	1.00e+00
 6.49957e+13	7.94e-17	3.80e-08	1.00e+00
 6.68997e+13	8.99e-17	4.05e-08	1.00e+00
 6.90072e+13	1.03e-16	4.33e-08	1.00e+00
 7.13713e+13	1.18e-16	4.65e-08	1.00e+00
 7.36201e+13	1.35e-16	4.97e-08	1.00e+00
 7.60946e+13	1.55e-16	5.33e-08	1.00e+00
 7.88000e+13	1.80e-16	5.74e-08	1.00e+00
 8.12664e+13	2.05e-16	6.13e-08	1.00e+00
 8.39335e+13	2.34e-16	6.56e-08	1.00e+00
 8.69324e+13	2.71e-16	7.06e-08	1.00e+00
 8.97793e+13	3.10e-16	7.55e-08	1.00e+00
 9.28969e+13	3.57e-16	8.11e-08	1.00e+00
 9.63427e+13	4.14e-16	8.75e-08	1.00e+00
 9.95459e+13	4.74e-16	9.36e-08	1.00e+00
 1.03041e+14	5.45e-16	1.00e-07	1.00e+00
 1.06968e+14	6.33e-16	1.08e-07	1.00e+00
 1.10706e+14	7.28e-16	1.16e-07	1.00e+00
 1.14758e+14	8.40e-16	1.25e-07	1.00e+00
 1.19250e+14	9.80e-16	1.35e-07	1.00e+00
 1.23554e+14	1.13e-15	1.45e-07	1.00e+00
 1.28158e+14	1.30e-15	1.56e-07	1.00e+00
 1.33314e+14	1.52e-15	1.69e-07	1.00e+00
 1.38480e+14	1.77e-15	1.82e-07	1.00e+00
 1.43852e+14	2.05e-15	1.96e-07	1.00e+00
 1.49636e+14	2.40e-15	2.12e-07	1.00e+00
 1.55652e+14	2.79e-15	2.29e-07	1.00e+00
 1.61908e+14	3.26e-15	2.48e-07	1.00e+00
 1.67977e+14	3.76e-15	2.66e-07	1.00e+00
 1.73704e+14	4.28e-15	2.84e-07	1.00e+00
 1.79114e+14	4.82e-15	3.02e-07	1.00e+00
 1.85007e+14	5.46e-15	3.22e-07	1.00e+00
 1.91573e+14	6.26e-15	3.45e-07	1.00e+00
 1.97747e+14	7.08e-15	3.67e-07	1.00e+00
 2.04505e+14	8.06e-15	3.92e-07	1.00e+00
 2.12114e+14	9.29e-15	4.22e-07	1.00e+00
 2.19406e+14	1.06e-14	4.51e-07	1.00e+00
 2.27381e+14	1.22e-14	4.84e-07	1.00e+00
 2.36506e+14	1.42e-14	5.23e-07	1.00e+00
 2.45425e+14	1.64e-14	5.64e-07	1.00e+00
 2.53956e+14	1.87e-14	6.03e-07	1.00e+00
 2.62270e+14	2.12e-14	6.44e-07	1.00e+00
 2.71583e+14	2.42e-14	6.90e-07	1.00e+00
 2.81777e+14	2.81e-14	7.44e-07	1.00e+00
 2.91076e+14	3.18e-14	7.94e-07	1.00e+00
 3.01124e+14	3.63e-14	8.51e-07	1.00e+00
 3.12412e+14	4.19e-14	9.17e-07	1.00e+00
 3.23102e+14	4.77e-14	9.82e-07	1.00e+00
 3.34761e+14	5.47e-14	1.05e-06	1.00e+00
 3.47681e+14	6.33e-14	1.14e-06	1.00e+00
 3.59752e+14	7.23e-14	1.22e-06	1.00e+00
 3.72807e+14	8.29e-14	1.31e-06	1.00e+00
 3.87379e+14	9.61e-14	1.42e-06	1.00e+00
 4.01297e+14	1.10e-13	1.52e-06	1.00e+00
 4.16143e+14	1.27e-13	1.64e-06	1.00e+00
 4.32818e+14	1.47e-13	1.78e-06	1.00e+00
 4.49348e+14	1.69e-13	1.92e-06	1.00e+00
 4.66538e+14	1.95e-13	2.07e-06	1.00e+00
 4.84115e+14	2.24e-13	2.23e-06	1.00e+00
 5.00510e+14	2.54e-13	2.39e-06	1.00e+00
 5.18674e+14	2.90e-13	2.57e-06	1.00e+00
 5.38461e+14	3.33e-13	2.77e-06	1.00e+00
 5.56809e+14	3.77e-13	2.97e-06	1.00e+00
 5.72994e+14	4.19e-13	3.15e-06	1.00e+00
 5.90107e+14	4.67e-13	3.35e-06	1.00e+00
 6.11790e+14	5.33e-13	3.60e-06	1.00e+00
 6.33794e+14	6.07e-13	3.87e-06	1.00e+00
 6.52343e+14	6.73e-13	4.10e-06	1.00e+00
 6.72022e+14	7.49e-13	4.36e-06	1.00e+00
 6.96823e+14	8.52e-13	4.69e-06	1.00e+00
 7.22511e+14	9.72e-13	5.05e-06	1.00e+00
 7.45174e+14	1.08e-12	5.38e-06	1.00e+00
 7.69679e+14	1.22e-12	5.74e-06	1.00e+00
 7.99214e+14	1.39e-12	6.21e-06	1.00e+00
 8.28355e+14	1.58e-12	6.68e-06	1.00e+00
 8.54165e+14	1.76e-12	7.11e-06	1.00e+00
 8.82581e+14	1.97e-12	7.60e-06	1.00e+00
 9.16630e+14	2.25e-12	8.22e-06	1.00e+00
 9.50478e+14	2.55e-12	8.84e-06	1.00e+00
 9.81312e+14	2.86e-12	9.46e-06	1.00e+00
 1.01575e+15	3.21e-12	1.01e-05	1.00e+00
 1.05594e+15	3.68e-12	1.10e-05	1.00e+00
 1.09527e+15	4.18e-12	1.19e-05	1.00e+00
 1.13222e+15	4.70e-12	1.27e-05	1.00e+00
 1.17358e+15	5.33e-12	1.37e-05	1.00e+00
 1.22056e+15	6.12e-12	1.49e-05	1.00e+00
 1.26734e+15	6.96e-12	1.61e-05	1.00e+00
 1.31250e+15	7.88e-12	1.74e-05	1.00e+00
 1.35160e+15	8.75e-12	1.85e-05	1.00e+00
 1.38406e+15	9.50e-12	1.95e-05	1.00e+00
 1.42011e+15	1.04e-11	2.06e-05	1.00e+00
 1.46698e+15	1.17e-11	2.21e-05	1.00e+00
 1.51637e+15	1.32e-11	2.38e-05	1.00e+00
 1.55896e+15	1.46e-11	2.53e-05	1.00e+00
 1.60422e+15	1.61e-11	2.69e-05	1.00e+00
 1.66241e+15	1.84e-11	2.91e-05	1.00e+00
 1.72233e+15	2.09e-11	3.15e-05	1.00e+00
 1.77321e+15	2.33e-11	3.36e-05	1.00e+00
 1.82742e+15	2.59e-11	3.59e-05	1.00e+00
 1.89523e+15	2.98e-11	3.90e-05	1.00e+00
 1.96487e+15	3.42e-11	4.23e-05	1.00e+00
 2.02607e+15	3.83e-11	4.53e-05	1.00e+00
 2.09215e+15	4.30e-11	4.86e-05	1.00e+00
 2.17211e+15	4.98e-11	5.30e-05	1.00e+00
 2.25144e+15	5.71e-11	5.75e-05	1.00e+00
 2.32173e+15	6.41e-11	6.16e-05	1.00e+00
 2.39895e+15	7.29e-11	6.64e-05	1.00e+00
 2.49145e+15	8.42e-11	7.24e-05	1.00e+00
 2.58372e+15	9.70e-11	7.87e-05	1.00e+00
 2.66777e+15	1.09e-10	8.45e-05	1.00e+00
 2.76129e+15	1.25e-10	9.15e-05	1.00e+00
 2.87045e+15	1.45e-10	9.99e-05	1.00e+00
 2.97809e+15	1.68e-10	1.09e-04	1.00e+00
 3.08007e+15	1.92e-10	1.17e-04	1.00e+00
 3.19332e+15	2.22e-10	1.27e-04	1.00e+00
 3.30026e+15	2.49e-10	1.37e-04	1.00e+00
 3.38019e+15	2.75e-10	1.45e-04	1.00e+00
 3.46214e+15	3.04e-10	1.53e-04	1.00e+00
 3.56867e+15	3.43e-10	1.64e-04	1.00e+00
 3.68364e+15	3.85e-10	1.76e-04	1.00e+00
 3.78697e+15	4.30e-10	1.87e-04	1.00e+00
 3.89871e+15	4.83e-10	2.00e-04	1.00e+00
 4.04111e+15	5.65e-10	2.18e-04	1.00e+00
 4.18449e+15	6.45e-10	2.35e-04	1.00e+00
 4.30453e+15	7.18e-10	2.50e-04	1.00e+00
 4.43313e+15	8.08e-10	2.68e-04	1.00e+00
 4.59595e+15	9.46e-10	2.90e-04	1.00e+00
 4.76675e+15	1.10e-09	3.15e-04	1.00e+00
 4.91939e+15	1.25e-09	3.38e-04	1.00e+00
 5.08495e+15	1.40e-09	3.64e-04	1.00e+00
 5.28211e+15	1.67e-09	3.97e-04	1.00e+00
 5.47656e+15	1.90e-09	4.30e-04	1.00e+00
 5.65282e+15	2.17e-09	4.62e-04	1.00e+00
 5.84923e+15	2.49e-09	4.99e-04	1.00e+00
 6.07946e+15	2.97e-09	5.44e-04	9.99e-01
 6.30657e+15	3.43e-09	5.90e-04	9.99e-01
 6.51973e+15	3.94e-09	6.36e-04	9.99e-01
 6.75752e+15	4.51e-09	6.89e-04	9.99e-01
 7.02785e+15	5.41e-09	7.53e-04	9.99e-01
 7.25361e+15	6.16e-09	8.07e-04	9.99e-01
 7.41458e+15	6.75e-09	8.48e-04	9.99e-01
 7.58253e+15	7.41e-09	8.91e-04	9.99e-01
 7.80087e+15	8.22e-09	9.49e-04	9.99e-01
 8.04464e+15	9.49e-09	1.02e-03	9.99e-01
 8.27243e+15	1.05e-08	1.08e-03	9.99e-01
 8.51952e+15	1.21e-08	1.16e-03	9.99e-01
 8.79497e+15	1.38e-08	1.24e-03	9.99e-01
 9.05481e+15	1.55e-08	1.33e-03	9.99e-01
 9.34013e+15	1.75e-08	1.42e-03	9.99e-01
 9.65868e+15	2.05e-08	1.54e-03	9.98e-01
 9.95805e+15	2.33e-08	1.65e-03	9.98e-01
 1.02849e+16	2.66e-08	1.77e-03	9.98e-01
 1.06420e+16	3.04e-08	1.91e-03	9.98e-01
 1.09710e+16	3.53e-08	2.06e-03	9.98e-01
 1.13313e+16	4.06e-08	2.22e-03	9.98e-01
 1.17256e+16	4.61e-08	2.40e-03	9.98e-01
 1.20897e+16	5.38e-08	2.58e-03	9.97e-01
 1.24886e+16	6.16e-08	2.79e-03	9.97e-01
 1.29273e+16	7.08e-08	3.03e-03	9.97e-01
 1.33201e+16	8.10e-08	3.26e-03	9.97e-01
 1.36735e+16	9.13e-08	3.48e-03	9.97e-01
 1.40735e+16	1.05e-07	3.75e-03	9.96e-01
 1.45211e+16	1.20e-07	4.06e-03	9.96e-01
 1.49470e+16	1.37e-07	4.38e-03	9.96e-01
 1.53185e+16	1.54e-07	4.67e-03	9.95e-01
 1.56505e+16	1.73e-07	4.95e-03	9.95e-01
 1.60297e+16	1.92e-07	5.29e-03	9.95e-01
 1.65226e+16	2.29e-07	5.79e-03	9.94e-01
 1.69903e+16	2.61e-07	6.27e-03	9.94e-01
 1.73385e+16	2.90e-07	6.66e-03	9.93e-01
 1.77045e+16	3.25e-07	7.12e-03	9.93e-01
 1.81803e+16	3.69e-07	7.76e-03	9.92e-01
 1.86734e+16	4.38e-07	8.50e-03	9.91e-01
 1.90695e+16	4.89e-07	9.14e-03	9.91e-01
 1.94647e+16	5.50e-07	9.87e-03	9.90e-01
 1.99088e+16	6.47e-07	1.08e-02	9.89e-01
 2.03191e+16	7.25e-07	1.17e-02	9.88e-01
 2.06804e+16	8.35e-07	1.27e-02	9.87e-01
 2.10173e+16	9.38e-07	1.36e-02	9.86e-01
 2.13970e+16	1.06e-06	1.49e-02	9.85e-01
 2.18068e+16	1.25e-06	1.64e-02	9.84e-01
 2.21557e+16	1.43e-06	1.79e-02	9.82e-01
 2.24530e+16	1.59e-06	1.93e-02	9.81e-01
 2.27838e+16	1.88e-06	2.12e-02	9.79e-01
 2.31320e+16	2.14e-06	2.35e-02	9.77e-01
 2.34368e+16	2.46e-06	2.58e-02	9.74e-01
 2.37148e+16	2.83e-06	2.83e-02	9.72e-01
 2.39813e+16	3.26e-06	3.11e-02	9.69e-01
 2.42427e+16	3.83e-06	3.44e-02	9.66e-01
 2.44914e+16	4.37e-06	3.80e-02	9.62e-01
 2.47291e+16	5.06e-06	4.21e-02	9.58e-01
 2.49613e+16	5.91e-06	4.68e-02	9.53e-01
 2.51802e+16	6.92e-06	5.22e-02	9.48e-01
 2.53828e+16	8.28e-06	5.83e-02	9.42e-01
 2.55657e+16	9.53e-06	6.47e-02	9.35e-01
 2.57623e+16	1.11e-05	7.31e-02	9.27e-01
 2.59714e+16	1.35e-05	8.40e-02	9.16e-01
 2.61437e+16	1.62e-05	9.53e-02	9.05e-01
 2.62807e+16	1.91e-05	1.06e-01	8.94e-01
 2.64031e+16	2.20e-05	1.18e-01	8.82e-01
 2.65404e+16	2.56e-05	1.33e-01	8.67e-01
 2.66896e+16	3.16e-05	1.53e-01	8.47e-01
 2.68137e+16	3.70e-05	1.74e-01	8.26e-01
 2.69134e+16	4.35e-05	1.94e-01	8.06e-01
 2.70028e+16	4.93e-05	2.14e-01	7.86e-01
 2.70993e+16	5.76e-05	2.40e-01	7.60e-01
 2.71902e+16	6.68e-05	2.67e-01	7.33e-01
 2.72515e+16	7.47e-05	2.88e-01	7.12e-01
 2.72971e+16	8.06e-05	3.05e-01	6.95e-01
 2.73443e+16	8.74e-05	3.24e-01	6.76e-01
 2.74058e+16	9.76e-05	3.50e-01	6.49e-01
 2.74736e+16	1.10e-04	3.82e-01	6.18e-01
 2.75353e+16	1.22e-04	4.12e-01	5.88e-01
 2.75913e+16	1.34e-04	4.42e-01	5.58e-01
 2.76547e+16	1.50e-04	4.77e-01	5.23e-01
 2.77240e+16	1.68e-04	5.17e-01	4.83e-01
 2.77877e+16	1.86e-04	5.55e-01	4.45e-01
 2.78574e+16	2.07e-04	5.96e-01	4.04e-01
 2.79346e+16	2.31e-04	6.41e-01	3.58e-01
 2.80077e+16	2.55e-04	6.82e-01	3.17e-01
 2.80888e+16	2.81e-04	7.26e-01	2.74e-01
 2.81942e+16	3.15e-04	7.76e-01	2.24e-01
 2.83060e+16	3.48e-04	8.20e-01	1.80e-01
 2.84096e+16	3.76e-04	8.54e-01	1.46e-01
 2.85280e+16	4.06e-04	8.85e-01	1.14e-01
 2.86819e+16	4.40e-04	9.16e-01	8.38e-02
 2.88819e+16	4.78e-04	9.43e-01	5.69e-02
 2.91420e+16	5.21e-04	9.64e-01	3.57e-02
 2.94325e+16	5.64e-04	9.77e-01	2.23e-02
 2.97130e+16	6.05e-04	9.85e-01	1.49e-02
 2.99856e+16	6.48e-04	9.89e-01	1.04e-02
 3.02558e+16	6.94e-04	9.92e-01	7.44e-03
 3.05200e+16	7.45e-04	9.94e-01	5.52e-03
 3.07165e+16	7.89e-04	9.95e-01	4.54e-03
 3.08284e+16	8.15e-04	9.95e-01	4.07e-03
 3.09316e+16	8.42e-04	9.95e-01	3.66e-03
 3.10659e+16	8.79e-04	9.96e-01	3.19e-03
 3.12176e+16	9.26e-04	9.96e-01	2.76e-03
 3.13580e+16	9.71e-04	9.97e-01	2.43e-03
 3.14787e+16	1.02e-03	9.97e-01	2.18e-03
 3.16081e+16	1.07e-03	9.97e-01	1.94e-03
 3.17492e+16	1.13e-03	9.97e-01	1.72e-03
 3.18603e+16	1.19e-03	9.97e-01	1.57e-03
 3.19368e+16	1.23e-03	9.97e-01	1.48e-03
 3.20135e+16	1.28e-03	9.97e-01	1.38e-03
 3.21133e+16	1.34e-03	9.97e-01	1.27e-03
 3.22163e+16	1.41e-03	9.97e-01	1.18e-03
 3.22981e+16	1.47e-03	9.97e-01	1.10e-03
 3.23664e+16	1.53e-03	9.97e-01	1.05e-03
 3.24427e+16	1.60e-03	9.97e-01	9.84e-04
 3.25283e+16	1.68e-03	9.97e-01	9.23e-04
 3.26056e+16	1.76e-03	9.97e-01	8.71e-04
 3.26715e+16	1.84e-03	9.97e-01	8.29e-04
 3.27430e+16	1.93e-03	9.97e-01	7.85e-04
 3.28207e+16	2.04e-03	9.97e-01	7.41e-04
 3.28884e+16	2.14e-03	9.97e-01	7.06e-04
 3.29464e+16	2.24e-03	9.97e-01	6.77e-04
 3.30101e+16	2.35e-03	9.97e-01	6.46e-04
 3.30797e+16	2.49e-03	9.97e-01	6.15e-04
 3.31406e+16	2.62e-03	9.97e-01	5.89e-04
 3.31929e+16	2.75e-03	9.97e-01	5.68e-04
 3.32506e+16	2.90e-03	9.97e-01	5.44e-04
 3.33137e+16	3.09e-03	9.96e-01	5.21e-04
 3.33697e+16	3.27e-03	9.96e-01	5.01e-04
 3.34184e+16	3.44e-03	9.96e-01	4.85e-04
 3.34722e+16	3.65e-03	9.96e-01	4.67e-04
 3.35311e+16	3.92e-03	9.96e-01	4.48e-04
 3.35838e+16	4.18e-03	9.95e-01	4.33e-04
 3.36309e+16	4.45e-03	9.95e-01	4.19e-04
 3.36833e+16	4.78e-03	9.95e-01	4.04e-04
 3.37416e+16	5.19e-03	9.94e-01	3.89e-04
 3.37950e+16	5.65e-03	9.94e-01	3.76e-04
 3.38430e+16	6.13e-03	9.94e-01	3.64e-04
 3.38962e+16	6.73e-03	9.93e-01	3.51e-04
 3.39527e+16	7.50e-03	9.92e-01	3.39e-04
 3.39977e+16	8.25e-03	9.91e-01	3.30e-04
 3.40320e+16	8.88e-03	9.91e-01	3.24e-04
 3.40680e+16	9.67e-03	9.90e-01	3.17e-04
 3.41085e+16	1.07e-02	9.89e-01	3.09e-04
 3.41451e+16	1.18e-02	9.88e-01	3.02e-04
 3.41755e+16	1.29e-02	9.87e-01	2.98e-04
 3.42075e+16	1.42e-02	9.85e-01	2.93e-04
 3.42422e+16	1.60e-02	9.84e-01	2.89e-04
 3.42719e+16	1.78e-02	9.82e-01	2.85e-04
 3.42962e+16	1.95e-02	9.80e-01	2.83e-04
 3.43220e+16	2.16e-02	9.78e-01	2.80e-04
 3.43507e+16	2.45e-02	9.75e-01	2.79e-04
 3.43762e+16	2.76e-02	9.72e-01	2.78e-04
 3.43976e+16	3.06e-02	9.69e-01	2.78e-04
 3.44171e+16	3.39e-02	9.66e-01	2.78e-04
 3.44392e+16	3.82e-02	9.61e-01	2.79e-04
 3.44622e+16	4.37e-02	9.56e-01	2.82e-04
 3.44806e+16	4.91e-02	9.51e-01	2.84e-04
 3.44956e+16	5.39e-02	9.46e-01	2.88e-04
 3.45112e+16	6.00e-02	9.40e-01	2.91e-04
 3.45280e+16	6.73e-02	9.32e-01	2.98e-04
 3.45436e+16	7.53e-02	9.24e-01	3.04e-04
 3.45577e+16	8.39e-02	9.16e-01	3.09e-04
 3.45707e+16	9.26e-02	9.07e-01	3.17e-04
 3.45825e+16	1.02e-01	8.98e-01	3.23e-04
 3.45932e+16	1.11e-01	8.89e-01	3.30e-04
 3.46034e+16	1.21e-01	8.79e-01	3.37e-04
 3.46111e+16	1.29e-01	8.71e-01	3.43e-04
 3.46161e+16	1.34e-01	8.65e-01	3.47e-04
 3.46209e+16	1.40e-01	8.60e-01	3.50e-04
 3.46264e+16	1.47e-01	8.52e-01	3.54e-04
 3.46322e+16	1.55e-01	8.45e-01	3.59e-04
 3.46379e+16	1.63e-01	8.37e-01	3.64e-04
 3.46433e+16	1.71e-01	8.29e-01	3.69e-04
 3.46486e+16	1.79e-01	8.20e-01	3.74e-04
 3.46539e+16	1.88e-01	8.12e-01	3.79e-04
 3.46591e+16	1.97e-01	8.03e-01	3.84e-04
 3.46643e+16	2.07e-01	7.93e-01	3.89e-04
 3.46694e+16	2.16e-01	7.83e-01	3.94e-04
 3.46744e+16	2.26e-01	7.73e-01	3.99e-04
 3.46794e+16	2.38e-01	7.62e-01	4.03e-04
 3.46844e+16	2.48e-01	7.51e-01	4.09e-04
 3.46892e+16	2.60e-01	7.40e-01	4.14e-04
 3.46941e+16	2.72e-01	7.28e-01	4.18e-04
 3.46988e+16	2.84e-01	7.16e-01	4.23e-04
 3.47035e+16	2.96e-01	7.03e-01	4.27e-04
 3.47081e+16	3.09e-01	6.90e-01	4.32e-04
 3.47127e+16	3.22e-01	6.77e-01	4.36e-04
 3.47173e+16	3.36e-01	6.63e-01	4.40e-04
 3.47217e+16	3.50e-01	6.50e-01	4.45e-04
 3.47261e+16	3.64e-01	6.35e-01	4.47e-04
 3.47304e+16	3.78e-01	6.21e-01	4.52e-04
 3.47348e+16	3.93e-01	6.07e-01	4.55e-04
 3.47391e+16	4.08e-01	5.91e-01	4.57e-04
 3.47432e+16	4.23e-01	5.77e-01	4.60e-04
 3.47472e+16	4.38e-01	5.62e-01	4.62e-04
 3.47513e+16	4.53e-01	5.47e-01	4.64e-04
 3.47554e+16	4.68e-01	5.31e-01	4.67e-04
 3.47593e+16	4.83e-01	5.16e-01	4.68e-04
 3.47631e+16	4.98e-01	5.01e-01	4.69e-04
 3.47668e+16	5.13e-01	4.87e-01	4.70e-04
 3.47705e+16	5.28e-01	4.72e-01	4.70e-04
 3.47741e+16	5.42e-01	4.58e-01	4.70e-04
 3.47776e+16	5.56e-01	4.43e-01	4.70e-04
 3.47811e+16	5.70e-01	4.29e-01	4.69e-04
 3.47844e+16	5.84e-01	4.16e-01	4.68e-04
 3.47878e+16	5.97e-01	4.02e-01	4.66e-04
 3.47910e+16	6.11e-01	3.89e-01	4.64e-04
 3.47942e+16	6.23e-01	3.76e-01	4.62e-04
 3.47973e+16	6.36e-01	3.64e-01	4.60e-04
 3.48004e+16	6.48e-01	3.52e-01	4.58e-04
 3.48034e+16	6.60e-01	3.40e-01	4.55e-04
 3.48063e+16	6.71e-01	3.28e-01	4.52e-04
 3.48092e+16	6.82e-01	3.17e-01	4.49e-04
 3.48121e+16	6.93e-01	3.06e-01	4.45e-04
 3.48150e+16	7.04e-01	2.96e-01	4.42e-04
 3.48178e+16	7.14e-01	2.85e-01	4.38e-04
 3.48205e+16	7.24e-01	2.75e-01	4.33e-04
 3.48233e+16	7.34e-01	2.66e-01	4.29e-04
 3.48259e+16	7.43e-01	2.56e-01	4.25e-04
 3.48286e+16	7.53e-01	2.47e-01	4.20e-04
 3.48312e+16	7.61e-01	2.38e-01	4.15e-04
 3.48335e+16	7.69e-01	2.31e-01	4.10e-04
 3.48352e+16	7.74e-01	2.26e-01	4.07e-04
 3.48367e+16	7.79e-01	2.20e-01	4.03e-04
 3.48383e+16	7.85e-01	2.15e-01	3.99e-04
 3.48400e+16	7.90e-01	2.10e-01	3.95e-04
 3.48417e+16	7.95e-01	2.05e-01	3.91e-04
 3.48432e+16	8.00e-01	2.00e-01	3.87e-04
 3.48447e+16	8.04e-01	1.95e-01	3.83e-04
 3.48462e+16	8.09e-01	1.91e-01	3.79e-04
 3.48477e+16	8.13e-01	1.87e-01	3.75e-04
 3.48491e+16	8.17e-01	1.82e-01	3.72e-04
 3.48505e+16	8.21e-01	1.79e-01	3.68e-04
 3.48519e+16	8.25e-01	1.75e-01	3.64e-04
 3.48533e+16	8.29e-01	1.71e-01	3.60e-04
 3.48547e+16	8.33e-01	1.67e-01	3.56e-04
 3.48560e+16	8.36e-01	1.63e-01	3.52e-04
 3.48574e+16	8.40e-01	1.60e-01	3.48e-04
 3.48588e+16	8.43e-01	1.56e-01	3.44e-04
 3.48602e+16	8.47e-01	1.53e-01	3.40e-04
 3.48617e+16	8.51e-01	1.49e-01	3.36e-04
 3.48632e+16	8.54e-01	1.45e-01	3.31e-04
 3.48648e+16	8.58e-01	1.42e-01	3.27e-04
 3.48665e+16	8.62e-01	1.38e-01	3.22e-04
 3.48684e+16	8.67e-01	1.33e-01	3.16e-04
 3.48706e+16	8.71e-01	1.28e-01	3.09e-04
 3.48729e+16	8.76e-01	1.23e-01	3.02e-04
 3.48750e+16	8.81e-01	1.19e-01	2.96e-04
 3.48771e+16	8.85e-01	1.15e-01	2.89e-04
 3.48790e+16	8.89e-01	1.11e-01	2.82e-04
 3.48809e+16	8.93e-01	1.07e-01	2.75e-04
 3.48827e+16	8.96e-01	1.04e-01	2.69e-04
 3.48844e+16	8.99e-01	1.01e-01	2.63e-04
 3.48859e+16	9.02e-01	9.80e-02	2.57e-04
 3.48872e+16	9.04e-01	9.55e-02	2.52e-04
 3.48885e+16	9.06e-01	9.34e-02	2.47e-04
 3.48896e+16	9.08e-01	9.14e-02	2.43e-04
 3.48906e+16	9.10e-01	8.96e-02	2.39e-04
 3.48917e+16	9.12e-01	8.76e-02	2.35e-04
 3.48930e+16	9.14e-01	8.56e-02	2.30e-04
 3.48941e+16	9.16e-01	8.38e-02	2.26e-04
 3.48951e+16	9.18e-01	8.22e-02	2.22e-04
 3.48960e+16	9.19e-01	8.07e-02	2.18e-04
 3.48970e+16	9.21e-01	7.91e-02	2.15e-04
 3.48981e+16	9.22e-01	7.75e-02	2.10e-04
 3.48991e+16	9.24e-01	7.60e-02	2.07e-04
 3.49000e+16	9.25e-01	7.46e-02	2.03e-04
 3.49008e+16	9.26e-01	7.34e-02	2.00e-04
 3.49017e+16	9.28e-01	7.20e-02	1.96e-04
 3.49026e+16	9.29e-01	7.06e-02	1.93e-04
 3.49035e+16	9.30e-01	6.94e-02	1.89e-04
 3.49043e+16	9.32e-01	6.82e-02	1.86e-04
 3.49050e+16	9.33e-01	6.72e-02	1.83e-04
 3.49058e+16	9.34e-01	6.60e-02	1.80e-04
 3.49067e+16	9.35e-01	6.49e-02	1.77e-04
 3.49075e+16	9.36e-01	6.38e-02	1.74e-04
 3.49082e+16	9.37e-01	6.28e-02	1.71e-04
 3.49088e+16	9.38e-01	6.19e-02	1.68e-04
 3.49096e+16	9.39e-01	6.10e-02	1.66e-04
 3.49103e+16	9.40e-01	6.00e-02	1.63e-04
 3.49110e+16	9.41e-01	5.91e-02	1.60e-04
 3.49117e+16	9.42e-01	5.83e-02	1.58e-04
 3.49124e+16	9.42e-01	5.74e-02	1.55e-04
 3.49131e+16	9.43e-01	5.64e-02	1.52e-04
 3.49138e+16	9.44e-01	5.56e-02	1.50e-04
 3.49144e+16	9.45e-01	5.48e-02	1.47e-04
 3.49151e+16	9.46e-01	5.40e-02	1.45e-04
 3.49158e+16	9.47e-01	5.31e-02	1.43e-04
 3.49165e+16	9.47e-01	5.24e-02	1.40e-04
 3.49171e+16	9.48e-01	5.17e-02	1.38e-04
 3.49178e+16	9.49e-01	5.09e-02	1.36e-04
 3.49185e+16	9.50e-01	5.01e-02	1.34e-04
 3.49192e+16	9.51e-01	4.94e-02	1.31e-04
 3.49198e+16	9.51e-01	4.87e-02	1.29e-04
 3.49204e+16	9.52e-01	4.80e-02	1.27e-04
 3.49211e+16	9.53e-01	4.73e-02	1.25e-04
 3.49218e+16	9.53e-01	4.66e-02	1.23e-04
 3.49225e+16	9.54e-01	4.59e-02	1.21e-04
 3.49232e+16	9.55e-01	4.52e-02	1.19e-04
 3.49239e+16	9.55e-01	4.45e-02	1.17e-04
 3.49246e+16	9.56e-01	4.39e-02	1.15e-04
 3.49252e+16	9.57e-01	4.33e-02	1.13e-04
 3.49261e+16	9.57e-01	4.25e-02	1.11e-04
 3.49271e+16	9.58e-01	4.17e-02	1.09e-04
 3.49280e+16	9.59e-01	4.09e-02	1.07e-04
 3.49288e+16	9.60e-01	4.03e-02	1.05e-04
 3.49295e+16	9.60e-01	3.97e-02	1.03e-04
 3.49303e+16	9.61e-01	3.91e-02	1.01e-04
 3.49312e+16	9.61e-01	3.84e-02	9.95e-05
 3.49320e+16	9.62e-01	3.79e-02	9.80e-05
 3.49328e+16	9.63e-01	3.72e-02	9.61e-05
 3.49338e+16	9.63e-01	3.66e-02	9.43e-05
 3.49346e+16	9.64e-01	3.60e-02	9.28e-05
 3.49355e+16	9.65e-01	3.54e-02	9.09e-05
 3.49365e+16	9.65e-01	3.47e-02	8.91e-05
 3.49375e+16	9.66e-01	3.42e-02	8.77e-05
 3.49385e+16	9.66e-01	3.36e-02	8.58e-05
 3.49395e+16	9.67e-01	3.29e-02	8.41e-05
 3.49405e+16	9.68e-01	3.24e-02	8.27e-05
 3.49416e+16	9.68e-01	3.18e-02	8.09e-05
 3.49427e+16	9.69e-01	3.12e-02	7.93e-05
 3.49438e+16	9.69e-01	3.07e-02	7.79e-05
 3.49450e+16	9.70e-01	3.01e-02	7.62e-05
 3.49462e+16	9.70e-01	2.95e-02	7.46e-05
 3.49473e+16	9.71e-01	2.90e-02	7.33e-05
 3.49486e+16	9.71e-01	2.84e-02	7.17e-05
 3.49499e+16	9.72e-01	2.79e-02	7.02e-05
 3.49512e+16	9.73e-01	2.74e-02	6.89e-05
 3.49525e+16	9.73e-01	2.69e-02	6.74e-05
 3.49540e+16	9.74e-01	2.64e-02	6.60e-05
 3.49553e+16	9.74e-01	2.59e-02	6.48e-05
 3.49567e+16	9.75e-01	2.54e-02	6.34e-05
 3.49583e+16	9.75e-01	2.49e-02	6.21e-05
 3.49597e+16	9.75e-01	2.45e-02	6.10e-05
 3.49612e+16	9.76e-01	2.40e-02	5.97e-05
 3.49633e+16	9.76e-01	2.34e-02	5.81e-05
 3.49654e+16	9.77e-01	2.29e-02	5.67e-05
 3.49674e+16	9.77e-01	2.25e-02	5.55e-05
 3.49692e+16	9.78e-01	2.21e-02	5.44e-05
 3.49712e+16	9.78e-01	2.16e-02	5.32e-05
 3.49738e+16	9.79e-01	2.11e-02	5.18e-05
 3.49766e+16	9.79e-01	2.06e-02	5.05e-05
 3.49791e+16	9.80e-01	2.02e-02	4.94e-05
 3.49819e+16	9.80e-01	1.97e-02	4.82e-05
 3.49849e+16	9.81e-01	1.93e-02	4.71e-05
 3.49876e+16	9.81e-01	1.90e-02	4.62e-05
 3.49906e+16	9.81e-01	1.86e-02	4.51e-05
 3.49944e+16	9.82e-01	1.82e-02	4.40e-05
 3.49986e+16	9.82e-01	1.78e-02	4.30e-05
 3.50024e+16	9.82e-01	1.75e-02	4.21e-05
 3.50066e+16	9.83e-01	1.72e-02	4.12e-05
 3.50120e+16	9.83e-01	1.68e-02	4.02e-05
 3.50179e+16	9.83e-01	1.65e-02	3.94e-05
 3.50243e+16	9.84e-01	1.62e-02	3.84e-05
 3.50326e+16	9.84e-01	1.58e-02	3.75e-05
 3.50417e+16	9.84e-01	1.56e-02	3.66e-05
 3.50515e+16	9.85e-01	1.53e-02	3.58e-05
 3.50644e+16	9.85e-01	1.50e-02	3.48e-05
 3.50810e+16	9.85e-01	1.47e-02	3.38e-05
 3.51027e+16	9.86e-01	1.44e-02	3.27e-05
 3.51309e+16	9.86e-01	1.41e-02	3.14e-05
 3.51614e+16	9.86e-01	1.38e-02	3.02e-05
 3.51947e+16	9.87e-01	1.35e-02	2.89e-05
 3.52307e+16	9.87e-01	1.32e-02	2.77e-05
 3.52702e+16	9.87e-01	1.28e-02	2.64e-05
 3.53128e+16	9.87e-01	1.25e-02	2.51e-05
 3.53515e+16	9.88e-01	1.22e-02	2.40e-05
 3.53940e+16	9.88e-01	1.19e-02	2.28e-05
 3.54398e+16	9.88e-01	1.16e-02	2.17e-05
 3.54816e+16	9.89e-01	1.13e-02	2.07e-05
 3.55273e+16	9.89e-01	1.10e-02	1.96e-05
 3.55767e+16	9.89e-01	1.07e-02	1.86e-05
 3.56216e+16	9.90e-01	1.04e-02	1.77e-05
 3.56708e+16	9.90e-01	1.01e-02	1.68e-05
 3.57239e+16	9.90e-01	9.83e-03	1.59e-05
 3.57723e+16	9.90e-01	9.58e-03	1.51e-05
 3.58253e+16	9.91e-01	9.30e-03	1.43e-05
 3.58825e+16	9.91e-01	9.02e-03	1.34e-05
 3.59346e+16	9.91e-01	8.78e-03	1.28e-05
 3.59916e+16	9.91e-01	8.51e-03	1.20e-05
 3.60532e+16	9.92e-01	8.25e-03	1.13e-05
 3.61207e+16	9.92e-01	7.96e-03	1.05e-05
 3.62035e+16	9.92e-01	7.63e-03	9.70e-06
 3.62934e+16	9.93e-01	7.30e-03	8.90e-06
 3.63847e+16	9.93e-01	6.98e-03	8.16e-06
 3.64789e+16	9.93e-01	6.67e-03	7.47e-06
 3.65772e+16	9.94e-01	6.37e-03	6.82e-06
 3.66794e+16	9.94e-01	6.08e-03	6.21e-06
 3.67848e+16	9.94e-01	5.79e-03	5.65e-06
 3.68925e+16	9.94e-01	5.52e-03	5.14e-06
 3.70021e+16	9.95e-01	5.26e-03	4.67e-06
 3.71137e+16	9.95e-01	5.01e-03	4.25e-06
 3.72276e+16	9.95e-01	4.77e-03	3.86e-06
 3.73439e+16	9.95e-01	4.54e-03	3.50e-06
 3.74624e+16	9.96e-01	4.32e-03	3.17e-06
 3.75832e+16	9.96e-01	4.11e-03	2.87e-06
 3.77063e+16	9.96e-01	3.91e-03	2.60e-06
 3.78318e+16	9.96e-01	3.72e-03	2.35e-06
 3.79597e+16	9.96e-01	3.54e-03	2.13e-06
 3.80882e+16	9.97e-01	3.37e-03	1.93e-06
 3.82186e+16	9.97e-01	3.20e-03	1.74e-06
 3.83539e+16	9.97e-01	3.04e-03	1.57e-06
 3.84927e+16	9.97e-01	2.88e-03	1.42e-06
 3.86339e+16	9.97e-01	2.73e-03	1.27e-06
 3.87775e+16	9.97e-01	2.59e-03	1.15e-06
 3.89239e+16	9.98e-01	2.46e-03	1.03e-06
 3.90732e+16	9.98e-01	2.33e-03	9.25e-07
 3.92257e+16	9.98e-01	2.21e-03	8.29e-07
 3.93813e+16	9.98e-01	2.09e-03	7.42e-07
 3.95403e+16	9.98e-01	1.97e-03	6.63e-07
 3.97027e+16	9.98e-01	1.87e-03	5.92e-07
 3.98686e+16	9.98e-01	1.76e-03	5.28e-07
 4.00381e+16	9.98e-01	1.66e-03	4.70e-07
 4.02115e+16	9.98e-01	1.57e-03	4.18e-07
 4.03888e+16	9.99e-01	1.48e-03	3.71e-07
 4.05703e+16	9.99e-01	1.39e-03	3.28e-07
 4.07561e+16	9.99e-01	1.31e-03	2.91e-07
 4.09465e+16	9.99e-01	1.23e-03	2.56e-07
 4.11419e+16	9.99e-01	1.16e-03	2.26e-07
 4.13424e+16	9.99e-01	1.09e-03	1.99e-07
 4.15482e+16	9.99e-01	1.02e-03	1.74e-07
 4.17598e+16	9.99e-01	9.53e-04	1.52e-07
 4.19775e+16	9.99e-01	8.92e-04	1.33e-07
 4.22017e+16	9.99e-01	8.33e-04	1.15e-07
 4.24295e+16	9.99e-01	7.78e-04	1.00e-07
 4.26624e+16	9.99e-01	7.26e-04	8.69e-08
 4.29073e+16	9.99e-01	6.75e-04	7.48e-08
 4.31640e+16	9.99e-01	6.26e-04	6.40e-08
 4.34298e+16	9.99e-01	5.79e-04	5.45e-08
 4.37049e+16	9.99e-01	5.35e-04	4.62e-08
 4.39913e+16	1.00e+00	4.93e-04	3.90e-08
 4.42908e+16	1.00e+00	4.53e-04	3.27e-08
 4.46051e+16	1.00e+00	4.15e-04	2.72e-08
 4.49352e+16	1.00e+00	3.78e-04	2.24e-08
 4.52820e+16	1.00e+00	3.44e-04	1.83e-08
 4.56507e+16	1.00e+00	3.11e-04	1.48e-08
 4.60434e+16	1.00e+00	2.79e-04	1.19e-08
 4.64605e+16	1.00e+00	2.50e-04	9.36e-09
 4.69075e+16	1.00e+00	2.21e-04	7.28e-09
 4.73914e+16	1.00e+00	1.95e-04	5.54e-09
 4.79199e+16	1.00e+00	1.69e-04	4.12e-09
 4.85023e+16	1.00e+00	1.45e-04	2.99e-09
 4.91413e+16	1.00e+00	1.22e-04	2.10e-09
 4.98728e+16	1.00e+00	1.00e-04	1.39e-09
 5.07397e+16	1.00e+00	7.95e-05	8.64e-10
 5.17280e+16	1.00e+00	6.09e-05	5.04e-10
 5.27750e+16	1.00e+00	4.61e-05	2.87e-10
 5.38296e+16	1.00e+00	3.47e-05	1.64e-10
 5.48970e+16	1.00e+00	2.61e-05	9.34e-11
 5.60036e+16	1.00e+00	1.95e-05	5.24e-11
 5.71642e+16	1.00e+00	1.43e-05	2.89e-11
 5.83801e+16	1.00e+00	1.05e-05	1.56e-11
 5.96547e+16	1.00e+00	7.56e-06	8.29e-12
 6.10035e+16	1.00e+00	5.39e-06	4.31e-12
 6.24466e+16	1.00e+00	3.79e-06	2.17e-12
 6.39770e+16	1.00e+00	2.63e-06	1.07e-12
 6.55430e+16	1.00e+00	1.83e-06	5.29e-13
 6.71091e+16	1.00e+00	1.28e-06	2.66e-13
 6.86752e+16	1.00e+00	9.12e-07	1.37e-13
 7.02412e+16	1.00e+00	6.53e-07	7.14e-14
 7.18073e+16	1.00e+00	4.71e-07	3.78e-14
 7.33734e+16	1.00e+00	3.43e-07	2.04e-14
 7.49395e+16	1.00e+00	2.52e-07	1.12e-14
 7.65055e+16	1.00e+00	1.87e-07	6.18e-15
 7.80715e+16	1.00e+00	1.39e-07	3.48e-15
 7.98724e+16	1.00e+00	9.95e-08	1.80e-15
 8.19389e+16	1.00e+00	6.89e-08	8.73e-16
 8.40361e+16	1.00e+00	4.82e-08	4.31e-16
 8.62847e+16	1.00e+00	3.30e-08	2.04e-16
 8.87200e+16	1.00e+00	2.23e-08	9.40e-17
 9.11906e+16	1.00e+00	1.52e-08	4.40e-17
 9.36612e+16	1.00e+00	1.05e-08	2.11e-17
 9.62376e+16	1.00e+00	7.16e-09	9.93e-18
 9.89593e+16	1.00e+00	4.87e-09	4.62e-18
 1.01761e+17	1.00e+00	3.31e-09	2.15e-18
 1.04603e+17	1.00e+00	2.27e-09	1.01e-18
 1.07444e+17	1.00e+00	1.57e-09	4.88e-19
 1.10286e+17	1.00e+00	1.10e-09	2.40e-19
 1.13129e+17	1.00e+00	7.76e-10	1.20e-19
 1.15971e+17	1.00e+00	5.53e-10	6.12e-20
 1.18814e+17	1.00e+00	3.97e-10	3.17e-20
 1.21656e+17	1.00e+00	2.88e-10	1.67e-20
 1.24498e+17	1.00e+00	2.10e-10	8.89e-21
 1.27341e+17	1.00e+00	1.54e-10	0.00e+00
 1.30183e+17	1.00e+00	1.14e-10	0.00e+00
 1.33169e+17	1.00e+00	8.38e-11	0.00e+00
 1.36299e+17	1.00e+00	6.12e-11	0.00e+00
 1.39429e+17	1.00e+00	4.50e-11	0.00e+00
 1.42560e+17	1.00e+00	3.34e-11	0.00e+00
 1.45690e+17	1.00e+00	2.51e-11	0.00e+00
 1.49219e+17	1.00e+00	1.82e-11	0.00e+00
 1.53148e+17	1.00e+00	1.30e-11	0.00e+00
 1.57230e+17	1.00e+00	9.28e-12	0.00e+00
 1.61528e+17	1.00e+00	6.66e-12	0.00e+00
 1.65930e+17	1.00e+00	4.87e-12	0.00e+00
 1.70394e+17	1.00e+00	3.65e-12	0.00e+00
 1.74967e+17	1.00e+00	2.81e-12	0.00e+00
 1.79628e+17	1.00e+00	2.23e-12	0.00e+00
 1.84288e+17	1.00e+00	1.83e-12	0.00e+00
 1.89009e+17	1.00e+00	1.56e-12	0.00e+00
 1.93797e+17	1.00e+00	1.36e-12	0.00e+00
 1.98532e+17	1.00e+00	1.23e-12	0.00e+00
 2.03145e+17	1.00e+00	1.15e-12	0.00e+00
 2.07630e+17	1.00e+00	1.10e-12	0.00e+00
 2.11987e+17	1.00e+00	1.06e-12	0.00e+00
 2.16208e+17	1.00e+00	1.04e-12	0.00e+00
 2.20271e+17	1.00e+00	1.03e-12	0.00e+00
 2.24164e+17	1.00e+00	1.03e-12	0.00e+00
 2.27882e+17	1.00e+00	1.03e-12	0.00e+00
 2.31426e+17	1.00e+00	1.03e-12	0.00e+00
 2.34797e+17	1.00e+00	1.04e-12	0.00e+00
 2.37996e+17	1.00e+00	1.05e-12	0.00e+00
 2.41027e+17	1.00e+00	1.06e-12	0.00e+00
 2.43894e+17	1.00e+00	1.07e-12	0.00e+00
 2.46605e+17	1.00e+00	1.08e-12	0.00e+00
 2.49168e+17	1.00e+00	1.09e-12	0.00e+00
 2.51591e+17	1.00e+00	1.10e-12	0.00e+00
 2.53879e+17	1.00e+00	1.11e-12	0.00e+00
 2.56041e+17	1.00e+00	1.12e-12	0.00e+00
 2.58083e+17	1.00e+00	1.13e-12	0.00e+00
 2.60013e+17	1.00e+00	1.14e-12	0.00e+00
 2.61838e+17	1.00e+00	1.14e-12	0.00e+00
 2.63565e+17	1.00e+00	1.15e-12	0.00e+00
 2.65198e+17	1.00e+00	1.16e-12	0.00e+00
 2.66743e+17	1.00e+00	1.17e-12	0.00e+00
 2.68204e+17	1.00e+00	1.17e-12	0.00e+00
 2.69588e+17	1.00e+00	1.18e-12	0.00e+00
 2.70900e+17	1.00e+00	1.19e-12	0.00e+00
 2.72144e+17	1.00e+00	1.19e-12	0.00e+00
 2.73323e+17	1.00e+00	1.20e-12	0.00e+00
 2.74442e+17	1.00e+00	1.20e-12	0.00e+00
 2.75503e+17	1.00e+00	1.21e-12	0.00e+00
 2.76511e+17	1.00e+00	1.21e-12	0.00e+00
 2.77468e+17	1.00e+00	1.21e-12	0.00e+00
 2.78379e+17	1.00e+00	1.22e-12	0.00e+00
 2.79244e+17	1.00e+00	1.22e-12	0.00e+00
 2.80068e+17	1.00e+00	1.23e-12	0.00e+00
 2.80852e+17	1.00e+00	1.23e-12	0.00e+00
 2.81599e+17	1.00e+00	1.23e-12	0.00e+00
 2.82311e+17	1.00e+00	1.23e-12	0.00e+00
 2.82990e+17	1.00e+00	1.24e-12	0.00e+00
 2.83639e+17	1.00e+00	1.24e-12	0.00e+00
 2.84259e+17	1.00e+00	1.24e-12	0.00e+00
 2.84851e+17	1.00e+00	1.24e-12	0.00e+00
 2.85419e+17	1.00e+00	1.25e-12	0.00e+00
 2.85962e+17	1.00e+00	1.25e-12	0.00e+00
 2.86484e+17	1.00e+00	1.25e-12	0.00e+00
 2.86985e+17	1.00e+00	1.25e-12	0.00e+00
 2.87467e+17	1.00e+00	1.25e-12	0.00e+00
 2.87932e+17	1.00e+00	1.26e-12	0.00e+00
 2.88380e+17	1.00e+00	1.26e-12	0.00e+00
 2.88813e+17	1.00e+00	1.26e-12	0.00e+00
 2.89233e+17	1.00e+00	1.26e-12	0.00e+00
 2.89641e+17	1.00e+00	1.26e-12	0.00e+00
 2.90037e+17	1.00e+00	1.26e-12	0.00e+00
 2.90425e+17	1.00e+00	1.26e-12	0.00e+00
 2.90804e+17	1.00e+00	1.26e-12	0.00e+00
 2.91177e+17	1.00e+00	1.26e-12	0.00e+00
 2.91545e+17	1.00e+00	1.26e-12	0.00e+00
 2.91909e+17	1.00e+00	1.27e-12	0.00e+00
 2.92271e+17	1.00e+00	1.27e-12	0.00e+00
 2.92634e+17	1.00e+00	1.27e-12	0.00e+00
 2.93000e+17	1.00e+00	1.27e-12	0.00e+00
 2.93370e+17	1.00e+00	1.27e-12	0.00e+00
 2.93749e+17	1.00e+00	1.27e-12	0.00e+00
 2.94139e+17	1.00e+00	1.27e-12	0.00e+00
 2.94546e+17	1.00e+00	1.27e-12	0.00e+00
 2.94974e+17	1.00e+00	1.27e-12	0.00e+00
 2.95431e+17	1.00e+00	1.27e-12	0.00e+00
 2.95926e+17	1.00e+00	1.26e-12	0.00e+00
 2.96472e+17	1.00e+00	1.26e-12	0.00e+00
 2.97085e+17	1.00e+00	1.26e-12	0.00e+00
 2.97789e+17	1.00e+00	1.26e-12	0.00e+00
 2.98620e+17	1.00e+00	1.25e-12	0.00e+00
 2.99629e+17	1.00e+00	1.24e-12	0.00e+00
 3.00895e+17	1.00e+00	1.23e-12	0.00e+00
 3.02526e+17	1.00e+00	1.20e-12	0.00e+00
 3.04648e+17	1.00e+00	1.17e-12	0.00e+00
 3.07405e+17	1.00e+00	1.11e-12	0.00e+00
 3.10990e+17	1.00e+00	1.04e-12	0.00e+00
 3.15650e+17	1.00e+00	9.38e-13	0.00e+00
 3.21708e+17	1.00e+00	8.13e-13	0.00e+00
 3.29584e+17	1.00e+00	6.69e-13	0.00e+00
 3.39822e+17	1.00e+00	5.13e-13	0.00e+00
 3.52521e+17	1.00e+00	3.57e-13	0.00e+00
 3.66622e+17	1.00e+00	2.54e-13	0.00e+00
 3.81287e+17	1.00e+00	2.24e-13	0.00e+00
 3.96539e+17	1.00e+00	1.99e-13	0.00e+00
 4.12400e+17	1.00e+00	1.76e-13	0.00e+00
 4.28896e+17	1.00e+00	1.55e-13	0.00e+00
 4.46052e+17	1.00e+00	1.35e-13	0.00e+00
 4.63894e+17	1.00e+00	1.16e-13	0.00e+00
 4.82450e+17	1.00e+00	9.84e-14	0.00e+00
 5.01748e+17	1.00e+00	8.24e-14	0.00e+00
 5.20784e+17	1.00e+00	6.80e-14	0.00e+00
 5.37994e+17	1.00e+00	7.34e-14	0.00e+00
 5.53025e+17	1.00e+00	9.15e-14	0.00e+00
 5.66700e+17	1.00e+00	1.08e-13	0.00e+00
 5.79912e+17	1.00e+00	1.09e-13	0.00e+00
 5.92725e+17	1.00e+00	1.01e-13	0.00e+00
 6.04525e+17	1.00e+00	9.65e-14	0.00e+00
 6.14759e+17	1.00e+00	1.01e-13	0.00e+00
 6.23497e+17	1.00e+00	1.08e-13	0.00e+00
 6.31173e+17	1.00e+00	1.12e-13	0.00e+00
 6.37390e+17	1.00e+00	1.10e-13	0.00e+00
 6.41445e+17	1.00e+00	1.17e-13	0.00e+00
 6.43731e+17	1.00e+00	1.27e-13	0.00e+00
 6.45045e+17	1.00e+00	1.33e-13	0.00e+00
 6.45833e+17	1.00e+00	1.37e-13	0.00e+00
 6.46320e+17	1.00e+00	1.39e-13	0.00e+00
 6.46709e+17	1.00e+00	1.40e-13	0.00e+00
 6.47154e+17	1.00e+00	1.41e-13	0.00e+00
 6.47680e+17	1.00e+00	1.42e-13	0.00e+00
 6.48182e+17	1.00e+00	1.43e-13	0.00e+00
 6.48583e+17	1.00e+00	1.44e-13	0.00e+00
 6.48928e+17	1.00e+00	1.44e-13	0.00e+00
 6.49264e+17	1.00e+00	1.44e-13	0.00e+00
 6.49603e+17	1.00e+00	1.44e-13	0.00e+00
 6.49943e+17	1.00e+00	1.44e-13	0.00e+00
 6.50254e+17	1.00e+00	1.44e-13	0.00e+00
 6.50519e+17	1.00e+00	1.44e-13	0.00e+00
 6.50764e+17	1.00e+00	1.44e-13	0.00e+00
 6.51012e+17	1.00e+00	1.44e-13	0.00e+00
 6.51269e+17	1.00e+00	1.43e-13	0.00e+00
 6.51521e+17	1.00e+00	1.43e-13	0.00e+00
 6.51746e+17	1.00e+00	1.43e-13	0.00e+00
 6.51950e+17	1.00e+00	1.42e-13	0.00e+00
 6.52147e+17	1.00e+00	1.42e-13	0.00e+00
 6.52344e+17	1.00e+00	1.42e-13	0.00e+00
 6.52541e+17	1.00e+00	1.41e-13	0.00e+00
 6.52738e+17	1.00e+00	1.41e-13	0.00e+00
 6.52931e+17	1.00e+00	1.41e-13	0.00e+00
 6.53108e+17	1.00e+00	1.40e-13	0.00e+00
 6.53274e+17	1.00e+00	1.40e-13	0.00e+00
 6.53444e+17	1.00e+00	1.39e-13	0.00e+00
 6.53622e+17	1.00e+00	1.39e-13	0.00e+00
 6.53795e+17	1.00e+00	1.38e-13	0.00e+00
 6.53961e+17	1.00e+00	1.38e-13	0.00e+00
 6.54128e+17	1.00e+00	1.37e-13	0.00e+00
 6.54298e+17	1.00e+00	1.37e-13	0.00e+00
 6.54462e+17	1.00e+00	1.36e-13	0.00e+00
 6.54620e+17	1.00e+00	1.36e-13	0.00e+00
 6.54785e+17	1.00e+00	1.35e-13	0.00e+00
 6.54959e+17	1.00e+00	1.35e-13	0.00e+00
 6.55136e+17	1.00e+00	1.34e-13	0.00e+00
 6.55304e+17	1.00e+00	1.34e-13	0.00e+00
 6.55462e+17	1.00e+00	1.33e-13	0.00e+00
 6.55635e+17	1.00e+00	1.33e-13	0.00e+00
 6.55829e+17	1.00e+00	1.32e-13	0.00e+00
 6.56017e+17	1.00e+00	1.31e-13	0.00e+00
 6.56189e+17	1.00e+00	1.30e-13	0.00e+00
 6.56375e+17	1.00e+00	1.30e-13	0.00e+00
 6.56596e+17	1.00e+00	1.29e-13	0.00e+00
 6.56812e+17	1.00e+00	1.28e-13	0.00e+00
 6.56996e+17	1.00e+00	1.27e-13	0.00e+00
 6.57182e+17	1.00e+00	1.26e-13	0.00e+00
 6.57399e+17	1.00e+00	1.25e-13	0.00e+00
 6.57630e+17	1.00e+00	1.24e-13	0.00e+00
 6.57847e+17	1.00e+00	1.23e-13	0.00e+00
 6.58064e+17	1.00e+00	1.22e-13	0.00e+00
 6.58305e+17	1.00e+00	1.21e-13	0.00e+00
 6.58552e+17	1.00e+00	1.20e-13	0.00e+00
 6.58789e+17	1.00e+00	1.19e-13	0.00e+00
 6.59036e+17	1.00e+00	1.18e-13	0.00e+00
 6.59303e+17	1.00e+00	1.17e-13	0.00e+00
 6.59581e+17	1.00e+00	1.15e-13	0.00e+00
 6.59852e+17	1.00e+00	1.14e-13	0.00e+00
 6.60120e+17	1.00e+00	1.13e-13	0.00e+00
 6.60406e+17	1.00e+00	1.11e-13	0.00e+00
 6.60710e+17	1.00e+00	1.10e-13	0.00e+00
 6.61015e+17	1.00e+00	1.08e-13	0.00e+00
 6.61324e+17	1.00e+00	1.07e-13	0.00e+00
 6.61642e+17	1.00e+00	1.05e-13	0.00e+00
 6.61973e+17	1.00e+00	1.04e-13	0.00e+00
 6.62322e+17	1.00e+00	1.02e-13	0.00e+00
 6.62675e+17	1.00e+00	1.00e-13	0.00e+00
 6.63030e+17	1.00e+00	9.85e-14	0.00e+00
 6.63393e+17	1.00e+00	9.66e-14	0.00e+00
 6.63767e+17	1.00e+00	9.48e-14	0.00e+00
 6.64165e+17	1.00e+00	9.29e-14	0.00e+00
 6.64569e+17	1.00e+00	9.09e-14	0.00e+00
 6.64974e+17	1.00e+00	8.88e-14	0.00e+00
 6.65386e+17	1.00e+00	8.69e-14	0.00e+00
 6.65813e+17	1.00e+00	8.48e-14	0.00e+00
 6.66264e+17	1.00e+00	8.27e-14	0.00e+00
 6.66721e+17	1.00e+00	8.04e-14	0.00e+00
 6.67169e+17	1.00e+00	7.83e-14	0.00e+00
 6.67626e+17	1.00e+00	7.62e-14	0.00e+00
 6.68108e+17	1.00e+00	7.39e-14	0.00e+00
 6.68607e+17	1.00e+00	7.16e-14	0.00e+00
 6.69108e+17	1.00e+00	6.93e-14	0.00e+00
 6.69614e+17	1.00e+00	6.70e-14	0.00e+00
 6.70135e+17	1.00e+00	6.48e-14	0.00e+00
 6.70665e+17	1.00e+00	6.24e-14	0.00e+00
 6.71204e+17	1.00e+00	6.01e-14	0.00e+00
 6.71753e+17	1.00e+00	5.78e-14	0.00e+00
 6.72316e+17	1.00e+00	5.55e-14	0.00e+00
 6.72892e+17	1.00e+00	5.32e-14	0.00e+00
 6.73479e+17	1.00e+00	5.08e-14	0.00e+00
 6.74068e+17	1.00e+00	4.85e-14	0.00e+00
 6.74661e+17	1.00e+00	4.63e-14	0.00e+00
 6.75271e+17	1.00e+00	4.40e-14	0.00e+00
 6.75906e+17	1.00e+00	4.18e-14	0.00e+00
 6.76551e+17	1.00e+00	3.96e-14	0.00e+00
 6.77220e+17	1.00e+00	3.74e-14	0.00e+00
 6.77908e+17	1.00e+00	3.51e-14	0.00e+00
 6.78589e+17	1.00e+00	3.30e-14	0.00e+00
 6.79274e+17	1.00e+00	3.10e-14	0.00e+00
 6.79993e+17	1.00e+00	2.89e-14	0.00e+00
 6.80753e+17	1.00e+00	2.69e-14	0.00e+00
 6.81538e+17	1.00e+00	2.49e-14	0.00e+00
 6.82317e+17	1.00e+00	2.29e-14	0.00e+00
 6.83022e+17	1.00e+00	2.11e-14	0.00e+00
 6.83618e+17	1.00e+00	1.97e-14	0.00e+00
 6.84136e+17	1.00e+00	1.86e-14	0.00e+00
 6.84624e+17	1.00e+00	1.76e-14	0.00e+00
 6.85110e+17	1.00e+00	1.67e-14	0.00e+00
 6.85591e+17	1.00e+00	1.58e-14	0.00e+00
 6.86043e+17	1.00e+00	1.50e-14	0.00e+00
 6.86456e+17	1.00e+00	1.43e-14	0.00e+00
 6.86841e+17	1.00e+00	1.36e-14	0.00e+00
 6.87213e+17	1.00e+00	1.30e-14	0.00e+00
 6.87579e+17	1.00e+00	1.24e-14	0.00e+00
 6.87935e+17	1.00e+00	1.19e-14	0.00e+00
 6.88274e+17	1.00e+00	1.14e-14	0.00e+00
 6.88597e+17	1.00e+00	1.09e-14	0.00e+00
 6.88907e+17	1.00e+00	1.05e-14	0.00e+00
 6.89208e+17	1.00e+00	1.01e-14	0.00e+00
 6.89502e+17	1.00e+00	9.73e-15	0.00e+00
 6.89786e+17	1.00e+00	9.36e-15	0.00e+00
 6.90060e+17	1.00e+00	9.02e-15	0.00e+00
 6.90324e+17	1.00e+00	8.69e-15	0.00e+00
 6.90582e+17	1.00e+00	8.38e-15	0.00e+00
 6.90833e+17	1.00e+00	8.08e-15	0.00e+00
 6.91076e+17	1.00e+00	7.81e-15	0.00e+00
 6.91313e+17	1.00e+00	7.54e-15	0.00e+00
 6.91544e+17	1.00e+00	7.27e-15	0.00e+00
 6.91768e+17	1.00e+00	7.04e-15	0.00e+00
 6.91985e+17	1.00e+00	6.79e-15	0.00e+00
 6.92196e+17	1.00e+00	6.59e-15	0.00e+00
