#depth	N	N+	N+2	N+3	N+4	N+5	N+6	N+7
 1.49634e+10	0.00e+00	0.00e+00	4.40e-28	2.16e-18	9.22e-10	9.99e-01	6.75e-04	0.00e+00
 4.54887e+10	0.00e+00	2.44e-38	5.58e-28	2.53e-18	9.98e-10	9.99e-01	6.25e-04	5.95e-11
 7.72350e+10	0.00e+00	0.00e+00	7.07e-28	2.97e-18	1.08e-09	9.99e-01	5.74e-04	0.00e+00
 1.10251e+11	0.00e+00	4.59e-38	8.96e-28	3.47e-18	1.17e-09	9.99e-01	5.30e-04	0.00e+00
 1.43806e+11	0.00e+00	0.00e+00	1.13e-27	4.05e-18	1.26e-09	1.00e+00	4.89e-04	0.00e+00
 1.78704e+11	0.00e+00	8.53e-38	1.43e-27	4.74e-18	1.37e-09	1.00e+00	4.52e-04	0.00e+00
 2.15779e+11	0.00e+00	0.00e+00	1.81e-27	5.55e-18	1.48e-09	1.00e+00	4.17e-04	0.00e+00
 2.54337e+11	0.00e+00	1.61e-37	2.30e-27	6.51e-18	1.60e-09	1.00e+00	3.84e-04	0.00e+00
 2.94437e+11	0.00e+00	0.00e+00	2.91e-27	7.63e-18	1.73e-09	1.00e+00	3.54e-04	0.00e+00
 3.36141e+11	0.00e+00	3.03e-37	3.70e-27	8.95e-18	1.88e-09	1.00e+00	3.26e-04	0.00e+00
 3.79514e+11	0.00e+00	0.00e+00	4.70e-27	1.05e-17	2.04e-09	1.00e+00	3.01e-04	0.00e+00
 4.24621e+11	0.00e+00	5.74e-37	5.97e-27	1.23e-17	2.21e-09	1.00e+00	2.77e-04	0.00e+00
 4.71533e+11	0.00e+00	0.00e+00	7.58e-27	1.45e-17	2.39e-09	1.00e+00	2.55e-04	0.00e+00
 5.20321e+11	0.00e+00	1.09e-36	9.64e-27	1.70e-17	2.59e-09	1.00e+00	2.35e-04	0.00e+00
 5.71060e+11	0.00e+00	0.00e+00	1.23e-26	1.99e-17	2.81e-09	1.00e+00	2.17e-04	0.00e+00
 6.23829e+11	0.00e+00	2.06e-36	1.56e-26	2.34e-17	3.04e-09	1.00e+00	1.99e-04	0.00e+00
 6.78709e+11	4.24e-47	2.84e-36	1.99e-26	2.75e-17	3.30e-09	1.00e+00	1.84e-04	0.00e+00
 7.35785e+11	0.00e+00	0.00e+00	2.53e-26	3.23e-17	3.58e-09	1.00e+00	1.69e-04	0.00e+00
 7.95143e+11	0.00e+00	5.40e-36	3.22e-26	3.80e-17	3.88e-09	1.00e+00	1.56e-04	0.00e+00
 8.56875e+11	1.42e-46	7.45e-36	4.11e-26	4.47e-17	4.21e-09	1.00e+00	1.43e-04	0.00e+00
 9.21077e+11	0.00e+00	0.00e+00	5.24e-26	5.26e-17	4.57e-09	1.00e+00	1.32e-04	0.00e+00
 9.87847e+11	0.00e+00	1.42e-35	6.69e-26	6.20e-17	4.96e-09	1.00e+00	1.21e-04	0.00e+00
 1.05729e+12	4.76e-46	1.97e-35	8.54e-26	7.30e-17	5.39e-09	1.00e+00	1.11e-04	0.00e+00
 1.12951e+12	0.00e+00	0.00e+00	1.09e-25	8.61e-17	5.86e-09	1.00e+00	1.02e-04	0.00e+00
 1.20461e+12	0.00e+00	3.78e-35	1.40e-25	1.02e-16	6.36e-09	1.00e+00	9.40e-05	0.00e+00
 1.27478e+12	1.55e-45	5.07e-35	1.74e-25	1.18e-16	6.86e-09	1.00e+00	8.71e-05	0.00e+00
 1.33679e+12	0.00e+00	0.00e+00	2.11e-25	1.34e-16	7.31e-09	1.00e+00	8.16e-05	0.00e+00
 1.40609e+12	0.00e+00	8.59e-35	2.60e-25	1.54e-16	7.85e-09	1.00e+00	7.59e-05	0.00e+00
 1.48913e+12	4.44e-45	1.18e-34	3.30e-25	1.81e-16	8.52e-09	1.00e+00	6.99e-05	0.00e+00
 1.57267e+12	0.00e+00	0.00e+00	4.17e-25	2.12e-16	9.22e-09	1.00e+00	6.45e-05	0.00e+00
 1.64993e+12	0.00e+00	2.12e-34	5.14e-25	2.44e-16	9.90e-09	1.00e+00	6.00e-05	0.00e+00
 1.73622e+12	1.34e-44	2.86e-34	6.44e-25	2.84e-16	1.07e-08	1.00e+00	5.55e-05	0.00e+00
 1.83560e+12	0.00e+00	3.98e-34	8.29e-25	3.36e-16	1.17e-08	1.00e+00	5.09e-05	0.00e+00
 1.93295e+12	2.99e-44	5.46e-34	1.05e-24	3.95e-16	1.27e-08	1.00e+00	4.68e-05	0.00e+00
 2.02471e+12	0.00e+00	7.26e-34	1.31e-24	4.57e-16	1.36e-08	1.00e+00	4.35e-05	0.00e+00
 2.12613e+12	6.25e-44	9.88e-34	1.65e-24	5.36e-16	1.48e-08	1.00e+00	4.01e-05	0.00e+00
 2.24110e+12	0.00e+00	1.38e-33	2.13e-24	6.37e-16	1.61e-08	1.00e+00	3.67e-05	0.00e+00
 2.35491e+12	1.41e-43	1.90e-33	2.72e-24	7.51e-16	1.75e-08	1.00e+00	3.37e-05	0.00e+00
 2.47327e+12	0.00e+00	2.62e-33	3.47e-24	8.86e-16	1.91e-08	1.00e+00	3.10e-05	0.00e+00
 2.60213e+12	3.20e-43	3.67e-33	4.49e-24	1.06e-15	2.09e-08	1.00e+00	2.83e-05	0.00e+00
 2.73200e+12	0.00e+00	5.10e-33	5.76e-24	1.25e-15	2.27e-08	1.00e+00	2.59e-05	0.00e+00
 2.86706e+12	7.20e-43	7.07e-33	7.40e-24	1.48e-15	2.48e-08	1.00e+00	2.38e-05	0.00e+00
 3.01167e+12	0.00e+00	9.91e-33	9.58e-24	1.77e-15	2.72e-08	1.00e+00	2.17e-05	0.00e+00
 3.16206e+12	1.66e-42	1.39e-32	1.24e-23	2.11e-15	2.97e-08	1.00e+00	1.98e-05	0.00e+00
 3.31847e+12	0.00e+00	1.95e-32	1.61e-23	2.52e-15	3.26e-08	1.00e+00	1.81e-05	0.00e+00
 3.48113e+12	3.83e-42	2.73e-32	2.08e-23	3.01e-15	3.57e-08	1.00e+00	1.65e-05	0.00e+00
 3.65031e+12	0.00e+00	3.82e-32	2.70e-23	3.59e-15	3.91e-08	1.00e+00	1.51e-05	0.00e+00
 3.82624e+12	8.80e-42	5.35e-32	3.49e-23	4.29e-15	4.29e-08	1.00e+00	1.37e-05	0.00e+00
 3.99511e+12	0.00e+00	7.29e-32	4.44e-23	5.06e-15	4.67e-08	1.00e+00	1.26e-05	0.00e+00
 4.15118e+12	1.82e-41	9.62e-32	5.50e-23	5.86e-15	5.04e-08	1.00e+00	1.17e-05	0.00e+00
 4.32761e+12	0.00e+00	1.30e-31	6.94e-23	6.89e-15	5.48e-08	1.00e+00	1.07e-05	0.00e+00
 4.52405e+12	3.92e-41	1.80e-31	8.91e-23	8.19e-15	6.00e-08	1.00e+00	9.82e-06	0.00e+00
 4.70965e+12	0.00e+00	2.41e-31	1.12e-22	9.60e-15	6.52e-08	1.00e+00	9.04e-06	0.00e+00
 4.90927e+12	8.19e-41	3.27e-31	1.42e-22	1.13e-14	7.10e-08	1.00e+00	8.30e-06	0.00e+00
 5.13557e+12	0.00e+00	4.56e-31	1.83e-22	1.35e-14	7.80e-08	1.00e+00	7.56e-06	0.00e+00
 5.35749e+12	1.80e-40	6.23e-31	2.34e-22	1.60e-14	8.53e-08	1.00e+00	6.92e-06	0.00e+00
 5.57038e+12	0.00e+00	8.31e-31	2.93e-22	1.88e-14	9.26e-08	1.00e+00	6.37e-06	0.00e+00
 5.80521e+12	3.72e-40	1.13e-30	3.71e-22	2.22e-14	1.01e-07	1.00e+00	5.84e-06	0.00e+00
 6.06734e+12	0.00e+00	1.56e-30	4.79e-22	2.66e-14	1.11e-07	1.00e+00	5.31e-06	0.00e+00
 6.33092e+12	8.13e-40	2.14e-30	6.14e-22	3.16e-14	1.22e-07	1.00e+00	4.84e-06	0.00e+00
 6.56917e+12	0.00e+00	2.81e-30	7.60e-22	3.68e-14	1.32e-07	1.00e+00	4.47e-06	0.00e+00
 6.78345e+12	1.51e-39	3.57e-30	9.16e-22	4.20e-14	1.42e-07	1.00e+00	4.17e-06	0.00e+00
 7.02714e+12	0.00e+00	4.63e-30	1.12e-21	4.86e-14	1.53e-07	1.00e+00	3.86e-06	0.00e+00
 7.32314e+12	3.00e-39	6.27e-30	1.43e-21	5.77e-14	1.68e-07	1.00e+00	3.52e-06	0.00e+00
 7.62078e+12	0.00e+00	8.40e-30	1.80e-21	6.82e-14	1.84e-07	1.00e+00	3.22e-06	0.00e+00
 7.88871e+12	5.79e-39	1.08e-29	2.21e-21	7.87e-14	1.99e-07	1.00e+00	2.98e-06	0.00e+00
 8.18439e+12	0.00e+00	1.42e-29	2.73e-21	9.19e-14	2.16e-07	1.00e+00	2.75e-06	0.00e+00
 8.53351e+12	1.15e-38	1.92e-29	3.48e-21	1.10e-13	2.37e-07	1.00e+00	2.50e-06	0.00e+00
 8.87917e+12	0.00e+00	2.56e-29	4.38e-21	1.29e-13	2.60e-07	1.00e+00	2.28e-06	0.00e+00
 9.20025e+12	2.22e-38	3.31e-29	5.38e-21	1.50e-13	2.82e-07	1.00e+00	2.11e-06	0.00e+00
 9.55978e+12	0.00e+00	4.35e-29	6.71e-21	1.77e-13	3.08e-07	1.00e+00	1.93e-06	0.00e+00
 9.97209e+12	4.42e-38	5.88e-29	8.56e-21	2.11e-13	3.40e-07	1.00e+00	1.75e-06	0.00e+00
 1.03784e+13	0.00e+00	7.81e-29	1.08e-20	2.50e-13	3.73e-07	1.00e+00	1.60e-06	0.00e+00
 1.08010e+13	8.68e-38	1.03e-28	1.35e-20	2.96e-13	4.10e-07	1.00e+00	1.45e-06	0.00e+00
 1.12629e+13	0.00e+00	1.39e-28	1.72e-20	3.53e-13	4.52e-07	1.00e+00	1.32e-06	0.00e+00
 1.17312e+13	1.72e-37	1.84e-28	2.16e-20	4.19e-13	4.97e-07	1.00e+00	1.20e-06	0.00e+00
 1.22182e+13	0.00e+00	2.44e-28	2.72e-20	4.97e-13	5.47e-07	1.00e+00	1.09e-06	0.00e+00
 1.27368e+13	3.38e-37	3.25e-28	3.44e-20	5.92e-13	6.03e-07	1.00e+00	9.92e-07	0.00e+00
 1.32762e+13	0.00e+00	4.32e-28	4.34e-20	7.04e-13	6.65e-07	1.00e+00	0.00e+00	0.00e+00
 1.38372e+13	6.62e-37	5.73e-28	5.47e-20	8.37e-13	7.32e-07	1.00e+00	0.00e+00	0.00e+00
 1.43961e+13	0.00e+00	7.50e-28	6.83e-20	9.87e-13	8.03e-07	1.00e+00	0.00e+00	0.00e+00
 1.49773e+13	1.25e-36	9.81e-28	8.51e-20	1.16e-12	8.81e-07	1.00e+00	0.00e+00	0.00e+00
 1.55642e+13	0.00e+00	1.27e-27	1.05e-19	1.36e-12	9.64e-07	1.00e+00	0.00e+00	0.00e+00
 1.61000e+13	2.23e-36	1.60e-27	1.27e-19	1.57e-12	1.04e-06	1.00e+00	0.00e+00	0.00e+00
 1.66916e+13	0.00e+00	2.04e-27	1.55e-19	1.81e-12	1.13e-06	1.00e+00	0.00e+00	0.00e+00
 1.73218e+13	4.01e-36	2.62e-27	1.91e-19	2.11e-12	1.23e-06	1.00e+00	0.00e+00	0.00e+00
 1.78750e+13	0.00e+00	3.25e-27	2.27e-19	2.40e-12	1.33e-06	1.00e+00	0.00e+00	0.00e+00
 1.84670e+13	6.73e-36	4.06e-27	2.72e-19	2.74e-12	1.43e-06	1.00e+00	0.00e+00	0.00e+00
 1.91927e+13	0.00e+00	5.27e-27	3.37e-19	3.20e-12	1.56e-06	1.00e+00	0.00e+00	0.00e+00
 1.99286e+13	1.25e-35	6.82e-27	4.15e-19	3.73e-12	1.70e-06	1.00e+00	0.00e+00	0.00e+00
 2.05925e+13	0.00e+00	8.55e-27	4.98e-19	4.25e-12	1.83e-06	1.00e+00	0.00e+00	0.00e+00
 2.13261e+13	2.18e-35	1.09e-26	6.06e-19	4.90e-12	1.97e-06	1.00e+00	0.00e+00	0.00e+00
 2.21049e+13	0.00e+00	1.39e-26	7.40e-19	5.66e-12	2.14e-06	1.00e+00	0.00e+00	0.00e+00
 2.27809e+13	3.76e-35	1.72e-26	8.76e-19	6.38e-12	2.29e-06	1.00e+00	0.00e+00	0.00e+00
 2.34977e+13	0.00e+00	2.14e-26	1.04e-18	7.22e-12	2.45e-06	1.00e+00	0.00e+00	0.00e+00
 2.43959e+13	6.71e-35	2.78e-26	1.29e-18	8.39e-12	2.66e-06	1.00e+00	0.00e+00	0.00e+00
 2.53035e+13	0.00e+00	3.60e-26	1.58e-18	9.70e-12	2.88e-06	1.00e+00	0.00e+00	0.00e+00
 2.60831e+13	1.19e-34	4.47e-26	1.88e-18	1.09e-11	3.07e-06	1.00e+00	0.00e+00	0.00e+00
 2.69228e+13	0.00e+00	5.61e-26	2.25e-18	1.24e-11	3.29e-06	1.00e+00	0.00e+00	0.00e+00
 2.79603e+13	2.18e-34	7.37e-26	2.79e-18	1.44e-11	3.57e-06	1.00e+00	0.00e+00	0.00e+00
 2.90248e+13	3.00e-34	9.62e-26	3.44e-18	1.67e-11	3.87e-06	1.00e+00	0.00e+00	0.00e+00
 2.99816e+13	4.01e-34	1.22e-25	4.15e-18	1.90e-11	4.14e-06	1.00e+00	0.00e+00	0.00e+00
 3.10286e+13	5.45e-34	1.57e-25	5.05e-18	2.18e-11	4.45e-06	1.00e+00	0.00e+00	0.00e+00
 3.22677e+13	7.78e-34	2.10e-25	6.32e-18	2.54e-11	4.83e-06	1.00e+00	0.00e+00	0.00e+00
 3.35157e+13	1.09e-33	2.77e-25	7.86e-18	2.96e-11	5.23e-06	1.00e+00	0.00e+00	0.00e+00
 3.46980e+13	1.50e-33	3.59e-25	9.60e-18	3.39e-11	5.62e-06	1.00e+00	0.00e+00	0.00e+00
 3.60003e+13	2.10e-33	4.73e-25	1.19e-17	3.92e-11	6.06e-06	1.00e+00	0.00e+00	0.00e+00
 3.74702e+13	3.05e-33	6.39e-25	1.50e-17	4.59e-11	6.58e-06	1.00e+00	0.00e+00	0.00e+00
 3.89653e+13	4.40e-33	8.60e-25	1.88e-17	5.36e-11	7.13e-06	1.00e+00	0.00e+00	0.00e+00
 4.05202e+13	6.35e-33	1.16e-24	2.36e-17	6.26e-11	7.72e-06	1.00e+00	0.00e+00	0.00e+00
 4.21709e+13	9.26e-33	1.57e-24	2.98e-17	7.33e-11	8.37e-06	1.00e+00	0.00e+00	0.00e+00
 4.38877e+13	1.35e-32	2.13e-24	3.77e-17	8.58e-11	9.08e-06	1.00e+00	0.00e+00	0.00e+00
 4.55970e+13	1.95e-32	2.86e-24	4.71e-17	9.97e-11	9.81e-06	1.00e+00	0.00e+00	0.00e+00
 4.73746e+13	2.81e-32	3.85e-24	5.90e-17	1.16e-10	1.06e-05	1.00e+00	0.00e+00	0.00e+00
 4.92995e+13	4.12e-32	5.24e-24	7.45e-17	1.36e-10	1.15e-05	1.00e+00	0.00e+00	0.00e+00
 5.12580e+13	6.00e-32	7.08e-24	9.37e-17	1.58e-10	1.24e-05	1.00e+00	0.00e+00	0.00e+00
 5.32949e+13	8.74e-32	9.59e-24	1.18e-16	1.85e-10	1.34e-05	1.00e+00	0.00e+00	0.00e+00
 5.52449e+13	1.24e-31	1.27e-23	1.46e-16	2.13e-10	1.44e-05	1.00e+00	0.00e+00	0.00e+00
 5.69719e+13	1.67e-31	1.61e-23	1.75e-16	2.40e-10	1.53e-05	1.00e+00	0.00e+00	0.00e+00
 5.88965e+13	2.31e-31	2.09e-23	2.12e-16	2.74e-10	1.64e-05	1.00e+00	0.00e+00	0.00e+00
 6.11990e+13	3.33e-31	2.81e-23	2.66e-16	3.19e-10	1.77e-05	1.00e+00	0.00e+00	0.00e+00
 6.35377e+13	4.82e-31	3.78e-23	3.33e-16	3.70e-10	1.90e-05	1.00e+00	0.00e+00	0.00e+00
 6.57718e+13	6.71e-31	4.94e-23	4.07e-16	4.24e-10	2.04e-05	1.00e+00	0.00e+00	0.00e+00
 6.82343e+13	9.56e-31	6.56e-23	5.06e-16	4.91e-10	2.20e-05	1.00e+00	0.00e+00	0.00e+00
 7.09936e+13	1.41e-30	8.96e-23	6.40e-16	5.74e-10	2.38e-05	1.00e+00	0.00e+00	0.00e+00
 7.37913e+13	2.06e-30	1.21e-22	8.05e-16	6.70e-10	2.57e-05	1.00e+00	0.00e+00	0.00e+00
 7.67009e+13	2.97e-30	1.64e-22	1.01e-15	7.81e-10	2.78e-05	1.00e+00	0.00e+00	0.00e+00
 7.97989e+13	4.39e-30	2.23e-22	1.28e-15	9.13e-10	3.01e-05	1.00e+00	0.00e+00	0.00e+00
 8.30207e+13	6.40e-30	3.03e-22	1.61e-15	1.07e-09	3.26e-05	1.00e+00	0.00e+00	0.00e+00
 8.63715e+13	9.43e-30	4.14e-22	2.04e-15	1.25e-09	3.53e-05	1.00e+00	0.00e+00	0.00e+00
 8.95039e+13	1.32e-29	5.43e-22	2.51e-15	1.44e-09	3.79e-05	1.00e+00	0.00e+00	0.00e+00
 9.22677e+13	1.77e-29	6.89e-22	3.01e-15	1.63e-09	4.03e-05	1.00e+00	0.00e+00	0.00e+00
 9.53487e+13	2.44e-29	8.91e-22	3.66e-15	1.85e-09	4.31e-05	1.00e+00	0.00e+00	0.00e+00
 9.90470e+13	3.50e-29	1.19e-21	4.58e-15	2.16e-09	4.66e-05	1.00e+00	0.00e+00	0.00e+00
 1.02758e+14	5.02e-29	1.59e-21	5.70e-15	2.50e-09	5.01e-05	1.00e+00	0.00e+00	0.00e+00
 1.06166e+14	6.83e-29	2.04e-21	6.91e-15	2.84e-09	5.36e-05	1.00e+00	0.00e+00	0.00e+00
 1.09968e+14	9.60e-29	2.69e-21	8.51e-15	3.27e-09	5.75e-05	1.00e+00	0.00e+00	0.00e+00
 1.14374e+14	1.40e-28	3.65e-21	1.07e-14	3.82e-09	6.23e-05	1.00e+00	0.00e+00	0.00e+00
 1.18672e+14	2.01e-28	4.87e-21	1.34e-14	4.43e-09	6.71e-05	1.00e+00	0.00e+00	0.00e+00
 1.22722e+14	2.75e-28	6.29e-21	1.63e-14	5.06e-09	7.19e-05	1.00e+00	0.00e+00	0.00e+00
 1.27241e+14	3.90e-28	8.35e-21	2.02e-14	5.84e-09	7.73e-05	1.00e+00	0.00e+00	0.00e+00
 1.32360e+14	5.74e-28	1.14e-20	2.55e-14	6.84e-09	8.37e-05	1.00e+00	0.00e+00	0.00e+00
 1.37464e+14	8.26e-28	1.53e-20	3.20e-14	7.95e-09	9.04e-05	1.00e+00	0.00e+00	0.00e+00
 1.42773e+14	1.19e-27	2.05e-20	4.00e-14	9.25e-09	9.75e-05	1.00e+00	0.00e+00	0.00e+00
 1.48514e+14	1.74e-27	2.79e-20	5.06e-14	1.08e-08	1.06e-04	1.00e+00	0.00e+00	0.00e+00
 1.54484e+14	2.55e-27	3.79e-20	6.40e-14	1.27e-08	1.14e-04	1.00e+00	0.00e+00	0.00e+00
 1.60693e+14	3.71e-27	5.13e-20	8.09e-14	1.48e-08	1.24e-04	1.00e+00	0.00e+00	0.00e+00
 1.66899e+14	5.39e-27	6.94e-20	1.01e-13	1.72e-08	1.34e-04	1.00e+00	0.00e+00	0.00e+00
 1.73353e+14	7.70e-27	9.27e-20	1.27e-13	2.00e-08	1.44e-04	1.00e+00	0.00e+00	0.00e+00
 1.79960e+14	1.12e-26	1.25e-19	1.59e-13	2.32e-08	1.55e-04	1.00e+00	0.00e+00	0.00e+00
 1.86250e+14	1.54e-26	1.62e-19	1.95e-13	2.67e-08	1.67e-04	1.00e+00	0.00e+00	0.00e+00
 1.93149e+14	2.22e-26	2.17e-19	2.42e-13	3.08e-08	1.79e-04	1.00e+00	0.00e+00	0.00e+00
 2.00905e+14	3.20e-26	2.92e-19	3.06e-13	3.60e-08	1.94e-04	1.00e+00	0.00e+00	0.00e+00
 2.08578e+14	4.66e-26	3.95e-19	3.83e-13	4.18e-08	2.09e-04	1.00e+00	0.00e+00	0.00e+00
 2.15455e+14	6.28e-26	5.04e-19	4.64e-13	4.76e-08	2.23e-04	1.00e+00	0.00e+00	0.00e+00
 2.22718e+14	8.76e-26	6.57e-19	5.66e-13	5.43e-08	2.38e-04	1.00e+00	0.00e+00	0.00e+00
 2.31374e+14	1.25e-25	8.77e-19	7.10e-13	6.32e-08	2.57e-04	1.00e+00	0.00e+00	0.00e+00
 2.39919e+14	1.79e-25	1.17e-18	8.82e-13	7.30e-08	2.76e-04	1.00e+00	0.00e+00	0.00e+00
 2.47719e+14	2.40e-25	1.49e-18	1.07e-12	8.30e-08	2.95e-04	1.00e+00	0.00e+00	0.00e+00
 2.56475e+14	3.38e-25	1.96e-18	1.31e-12	9.53e-08	3.16e-04	1.00e+00	0.00e+00	0.00e+00
 2.66076e+14	4.72e-25	2.58e-18	1.63e-12	1.10e-07	3.40e-04	1.00e+00	0.00e+00	0.00e+00
 2.74833e+14	6.51e-25	3.33e-18	1.98e-12	1.25e-07	3.63e-04	1.00e+00	0.00e+00	0.00e+00
 2.84277e+14	8.82e-25	4.28e-18	2.42e-12	1.44e-07	3.88e-04	1.00e+00	0.00e+00	0.00e+00
 2.94856e+14	1.24e-24	5.64e-18	3.01e-12	1.66e-07	4.19e-04	1.00e+00	0.00e+00	0.00e+00
 3.04844e+14	1.72e-24	7.35e-18	3.67e-12	1.90e-07	4.47e-04	1.00e+00	0.00e+00	0.00e+00
 3.15759e+14	2.35e-24	9.52e-18	4.52e-12	2.18e-07	4.80e-04	1.00e+00	0.00e+00	0.00e+00
 3.27853e+14	3.32e-24	1.26e-17	5.65e-12	2.54e-07	5.18e-04	9.99e-01	0.00e+00	0.00e+00
 3.39114e+14	4.52e-24	1.62e-17	6.90e-12	2.90e-07	5.55e-04	9.99e-01	0.00e+00	0.00e+00
 3.51355e+14	6.38e-24	2.14e-17	8.52e-12	3.34e-07	5.97e-04	9.99e-01	0.00e+00	0.00e+00
 3.65091e+14	8.84e-24	2.82e-17	1.07e-11	3.89e-07	6.46e-04	9.99e-01	0.00e+00	0.00e+00
 3.78134e+14	1.23e-23	3.69e-17	1.32e-11	4.48e-07	6.94e-04	9.99e-01	0.00e+00	0.00e+00
 3.92047e+14	1.67e-23	4.77e-17	1.63e-11	5.17e-07	7.48e-04	9.99e-01	0.00e+00	0.00e+00
 4.07759e+14	2.42e-23	6.44e-17	2.05e-11	6.05e-07	8.11e-04	9.99e-01	0.00e+00	0.00e+00
 4.23252e+14	3.27e-23	8.33e-17	2.56e-11	7.03e-07	8.78e-04	9.99e-01	0.00e+00	0.00e+00
 4.38173e+14	4.45e-23	1.07e-16	3.14e-11	8.07e-07	9.43e-04	9.99e-01	0.00e+00	0.00e+00
 4.54537e+14	6.08e-23	1.40e-16	3.89e-11	9.34e-07	1.02e-03	9.99e-01	0.00e+00	0.00e+00
 4.72749e+14	8.52e-23	1.85e-16	4.91e-11	1.09e-06	1.11e-03	9.99e-01	0.00e+00	0.00e+00
 4.91217e+14	1.17e-22	2.43e-16	6.15e-11	1.27e-06	1.20e-03	9.99e-01	0.00e+00	0.00e+00
 5.10424e+14	1.68e-22	3.25e-16	7.71e-11	1.49e-06	1.30e-03	9.99e-01	0.00e+00	0.00e+00
 5.30871e+14	2.26e-22	4.22e-16	9.71e-11	1.74e-06	1.41e-03	9.99e-01	0.00e+00	0.00e+00
 5.50268e+14	3.13e-22	5.52e-16	1.20e-10	2.01e-06	1.53e-03	9.98e-01	0.00e+00	0.00e+00
 5.66385e+14	3.93e-22	6.72e-16	1.42e-10	2.25e-06	1.62e-03	9.98e-01	0.00e+00	0.00e+00
 5.82818e+14	4.89e-22	8.13e-16	1.68e-10	2.53e-06	1.73e-03	9.98e-01	0.00e+00	0.00e+00
 6.03963e+14	6.51e-22	1.04e-15	2.07e-10	2.91e-06	1.87e-03	9.98e-01	0.00e+00	0.00e+00
 6.25739e+14	8.67e-22	1.33e-15	2.55e-10	3.36e-06	2.01e-03	9.98e-01	0.00e+00	0.00e+00
 6.44191e+14	1.10e-21	1.63e-15	3.02e-10	3.77e-06	2.15e-03	9.98e-01	0.00e+00	0.00e+00
 6.63815e+14	1.42e-21	2.02e-15	3.60e-10	4.25e-06	2.29e-03	9.98e-01	0.00e+00	0.00e+00
 6.88420e+14	1.86e-21	2.56e-15	4.46e-10	4.92e-06	2.48e-03	9.98e-01	0.00e+00	0.00e+00
 7.13613e+14	2.46e-21	3.28e-15	5.51e-10	5.68e-06	2.68e-03	9.97e-01	0.00e+00	0.00e+00
 7.35552e+14	3.14e-21	4.04e-15	6.58e-10	6.41e-06	2.87e-03	9.97e-01	0.00e+00	0.00e+00
 7.59145e+14	4.06e-21	5.03e-15	7.92e-10	7.27e-06	3.07e-03	9.97e-01	0.00e+00	0.00e+00
 7.87945e+14	5.36e-21	6.44e-15	9.86e-10	8.44e-06	3.34e-03	9.97e-01	0.00e+00	0.00e+00
 8.16607e+14	7.22e-21	8.29e-15	1.22e-09	9.73e-06	3.60e-03	9.96e-01	0.00e+00	0.00e+00
 8.41748e+14	9.19e-21	1.02e-14	1.46e-09	1.10e-05	3.85e-03	9.96e-01	0.00e+00	0.00e+00
 8.69220e+14	1.18e-20	1.27e-14	1.76e-09	1.25e-05	4.13e-03	9.96e-01	0.00e+00	0.00e+00
 9.02458e+14	1.56e-20	1.63e-14	2.20e-09	1.45e-05	4.49e-03	9.95e-01	0.00e+00	0.00e+00
 9.35566e+14	2.11e-20	2.11e-14	2.72e-09	1.67e-05	4.86e-03	9.95e-01	0.00e+00	0.00e+00
 9.65190e+14	2.68e-20	2.60e-14	3.27e-09	1.90e-05	5.21e-03	9.95e-01	0.00e+00	0.00e+00
 9.97909e+14	3.48e-20	3.27e-14	3.98e-09	2.17e-05	5.61e-03	9.94e-01	0.00e+00	0.00e+00
 1.03675e+15	4.63e-20	4.22e-14	5.00e-09	2.52e-05	6.11e-03	9.94e-01	0.00e+00	0.00e+00
 1.07504e+15	6.27e-20	5.46e-14	6.20e-09	2.92e-05	6.60e-03	9.93e-01	0.00e+00	0.00e+00
 1.11022e+15	8.00e-20	6.79e-14	7.51e-09	3.32e-05	7.10e-03	9.93e-01	0.00e+00	0.00e+00
 1.14986e+15	1.07e-19	8.70e-14	9.26e-09	3.81e-05	7.66e-03	9.92e-01	0.00e+00	0.00e+00
 1.19573e+15	1.46e-19	1.14e-13	1.17e-08	4.46e-05	8.36e-03	9.92e-01	0.00e+00	0.00e+00
 1.24049e+15	1.96e-19	1.48e-13	1.46e-08	5.16e-05	9.07e-03	9.91e-01	0.00e+00	0.00e+00
 1.28296e+15	2.58e-19	1.87e-13	1.79e-08	5.91e-05	9.75e-03	9.90e-01	0.00e+00	0.00e+00
 1.33023e+15	3.46e-19	2.42e-13	2.22e-08	6.82e-05	1.06e-02	9.89e-01	0.00e+00	0.00e+00
 1.38346e+15	4.80e-19	3.21e-13	2.81e-08	7.98e-05	1.15e-02	9.88e-01	0.00e+00	0.00e+00
 1.43737e+15	6.54e-19	4.20e-13	3.54e-08	9.29e-05	1.25e-02	9.87e-01	0.00e+00	0.00e+00
 1.49342e+15	8.96e-19	5.51e-13	4.46e-08	1.08e-04	1.36e-02	9.86e-01	0.00e+00	0.00e+00
 1.54347e+15	1.19e-18	7.00e-13	5.44e-08	1.23e-04	1.46e-02	9.85e-01	0.00e+00	0.00e+00
 1.58179e+15	1.47e-18	8.38e-13	6.30e-08	1.36e-04	1.54e-02	9.84e-01	0.00e+00	0.00e+00
 1.62218e+15	1.82e-18	1.01e-12	7.34e-08	1.50e-04	1.63e-02	9.84e-01	0.00e+00	0.00e+00
 1.67469e+15	2.36e-18	1.26e-12	8.90e-08	1.71e-04	1.74e-02	9.82e-01	0.00e+00	0.00e+00
 1.73187e+15	3.19e-18	1.63e-12	1.09e-07	1.95e-04	1.88e-02	9.81e-01	0.00e+00	0.00e+00
 1.78358e+15	4.12e-18	2.02e-12	1.31e-07	2.19e-04	2.00e-02	9.80e-01	0.00e+00	0.00e+00
 1.83929e+15	5.31e-18	2.52e-12	1.57e-07	2.48e-04	2.14e-02	9.78e-01	0.00e+00	0.00e+00
 1.90821e+15	7.44e-18	3.34e-12	1.97e-07	2.87e-04	2.31e-02	9.77e-01	0.00e+00	0.00e+00
 1.97747e+15	9.99e-18	4.30e-12	2.44e-07	3.31e-04	2.50e-02	9.75e-01	0.00e+00	0.00e+00
 2.03816e+15	1.31e-17	5.42e-12	2.94e-07	3.74e-04	2.66e-02	9.73e-01	0.00e+00	0.00e+00
 2.10451e+15	1.74e-17	6.88e-12	3.58e-07	4.25e-04	2.85e-02	9.71e-01	0.00e+00	0.00e+00
 2.18488e+15	2.48e-17	9.21e-12	4.50e-07	4.93e-04	3.09e-02	9.69e-01	0.00e+00	0.00e+00
 2.26520e+15	3.46e-17	1.22e-11	5.60e-07	5.70e-04	3.34e-02	9.66e-01	0.00e+00	0.00e+00
 2.33710e+15	4.59e-17	1.54e-11	6.78e-07	6.45e-04	3.57e-02	9.64e-01	0.00e+00	0.00e+00
 2.41629e+15	6.23e-17	1.99e-11	8.31e-07	7.37e-04	3.83e-02	9.61e-01	0.00e+00	0.00e+00
 2.51029e+15	8.58e-17	2.62e-11	1.05e-06	8.58e-04	4.14e-02	9.58e-01	0.00e+00	0.00e+00
 2.60353e+15	1.24e-16	3.52e-11	1.31e-06	9.92e-04	4.48e-02	9.54e-01	0.00e+00	0.00e+00
 2.68910e+15	1.77e-16	4.52e-11	1.60e-06	1.13e-03	4.78e-02	9.51e-01	0.00e+00	0.00e+00
 2.78470e+15	2.45e-16	5.90e-11	1.97e-06	1.30e-03	5.14e-02	9.47e-01	0.00e+00	0.00e+00
 2.89553e+15	3.44e-16	7.86e-11	2.50e-06	1.51e-03	5.57e-02	9.43e-01	0.00e+00	0.00e+00
 3.00458e+15	5.04e-16	1.07e-10	3.14e-06	1.75e-03	6.02e-02	9.38e-01	0.00e+00	0.00e+00
 3.10853e+15	6.99e-16	1.39e-10	3.86e-06	2.00e-03	6.44e-02	9.34e-01	0.00e+00	0.00e+00
 3.22343e+15	9.82e-16	1.84e-10	4.80e-06	2.31e-03	6.93e-02	9.28e-01	0.00e+00	0.00e+00
 3.35240e+15	1.38e-15	2.45e-10	6.09e-06	2.70e-03	7.50e-02	9.22e-01	0.00e+00	0.00e+00
 3.48321e+15	2.08e-15	3.38e-10	7.69e-06	3.14e-03	8.10e-02	9.16e-01	0.00e+00	0.00e+00
 3.61926e+15	3.01e-15	4.56e-10	9.69e-06	3.65e-03	8.74e-02	9.09e-01	0.00e+00	0.00e+00
 3.76406e+15	4.36e-15	6.16e-10	1.23e-05	4.25e-03	9.43e-02	9.01e-01	0.00e+00	0.00e+00
 3.88940e+15	5.99e-15	7.97e-10	1.49e-05	4.83e-03	1.01e-01	8.95e-01	0.00e+00	0.00e+00
 3.98560e+15	7.63e-15	9.67e-10	1.73e-05	5.31e-03	1.05e-01	8.89e-01	0.00e+00	0.00e+00
 4.08835e+15	9.77e-15	1.18e-09	2.02e-05	5.86e-03	1.11e-01	8.83e-01	0.00e+00	0.00e+00
 4.22192e+15	1.29e-14	1.49e-09	2.44e-05	6.64e-03	1.18e-01	8.76e-01	0.00e+00	0.00e+00
 4.36788e+15	1.86e-14	1.98e-09	3.00e-05	7.57e-03	1.26e-01	8.67e-01	0.00e+00	0.00e+00
 4.50060e+15	2.47e-14	2.50e-09	3.59e-05	8.49e-03	1.33e-01	8.59e-01	0.00e+00	0.00e+00
 4.64376e+15	3.26e-14	3.14e-09	4.32e-05	9.58e-03	1.41e-01	8.50e-01	0.00e+00	0.00e+00
 4.81918e+15	4.83e-14	4.28e-09	5.40e-05	1.10e-02	1.51e-01	8.38e-01	0.00e+00	0.00e+00
 4.99305e+15	6.77e-14	5.62e-09	6.65e-05	1.26e-02	1.61e-01	8.27e-01	0.00e+00	0.00e+00
 5.14393e+15	8.82e-14	7.00e-09	7.93e-05	1.41e-02	1.69e-01	8.16e-01	0.00e+00	0.00e+00
 5.30841e+15	1.20e-13	8.94e-09	9.56e-05	1.59e-02	1.79e-01	8.05e-01	0.00e+00	0.00e+00
 5.50942e+15	1.78e-13	1.22e-08	1.19e-04	1.83e-02	1.91e-01	7.90e-01	0.00e+00	0.00e+00
 5.70950e+15	2.52e-13	1.61e-08	1.47e-04	2.09e-02	2.03e-01	7.76e-01	0.00e+00	0.00e+00
 5.88573e+15	3.38e-13	2.04e-08	1.76e-04	2.35e-02	2.14e-01	7.62e-01	0.00e+00	0.00e+00
 6.07936e+15	4.64e-13	2.63e-08	2.13e-04	2.64e-02	2.26e-01	7.47e-01	0.00e+00	0.00e+00
 6.31259e+15	6.38e-13	3.43e-08	2.64e-04	3.03e-02	2.40e-01	7.30e-01	0.00e+00	0.00e+00
 6.54504e+15	9.50e-13	4.66e-08	3.28e-04	3.47e-02	2.54e-01	7.11e-01	0.00e+00	0.00e+00
 6.75397e+15	1.29e-12	5.94e-08	3.93e-04	3.88e-02	2.67e-01	6.94e-01	0.00e+00	0.00e+00
 6.98463e+15	1.77e-12	7.67e-08	4.77e-04	4.38e-02	2.81e-01	6.75e-01	0.00e+00	0.00e+00
 7.24494e+15	2.43e-12	9.98e-08	5.88e-04	4.98e-02	2.96e-01	6.54e-01	0.00e+00	0.00e+00
 7.49834e+15	3.54e-12	1.33e-07	7.20e-04	5.64e-02	3.11e-01	6.32e-01	0.00e+00	0.00e+00
 7.73211e+15	4.75e-12	1.69e-07	8.58e-04	6.28e-02	3.24e-01	6.12e-01	0.00e+00	0.00e+00
 7.98583e+15	6.44e-12	2.16e-07	1.03e-03	7.02e-02	3.38e-01	5.91e-01	0.00e+00	0.00e+00
 8.27067e+15	8.71e-12	2.77e-07	1.26e-03	7.91e-02	3.53e-01	5.67e-01	0.00e+00	0.00e+00
 8.54142e+15	1.24e-11	3.64e-07	1.52e-03	8.84e-02	3.67e-01	5.43e-01	0.00e+00	0.00e+00
 8.79644e+15	1.63e-11	4.54e-07	1.79e-03	9.76e-02	3.79e-01	5.22e-01	0.00e+00	0.00e+00
 9.03633e+15	2.06e-11	5.49e-07	2.08e-03	1.07e-01	3.89e-01	5.02e-01	0.00e+00	0.00e+00
 9.29892e+15	2.71e-11	6.84e-07	2.45e-03	1.17e-01	4.01e-01	4.80e-01	0.00e+00	0.00e+00
 9.58401e+15	3.77e-11	8.82e-07	2.92e-03	1.30e-01	4.13e-01	4.55e-01	0.00e+00	0.00e+00
 9.83131e+15	4.81e-11	1.07e-06	3.36e-03	1.40e-01	4.21e-01	4.35e-01	0.00e+00	0.00e+00
 1.00858e+16	6.14e-11	1.30e-06	3.88e-03	1.52e-01	4.30e-01	4.14e-01	0.00e+00	0.00e+00
 1.04166e+16	8.10e-11	1.64e-06	4.66e-03	1.69e-01	4.39e-01	3.88e-01	0.00e+00	0.00e+00
 1.07578e+16	1.16e-10	2.16e-06	5.60e-03	1.86e-01	4.48e-01	3.60e-01	0.00e+00	0.00e+00
 1.10309e+16	1.48e-10	2.62e-06	6.44e-03	2.01e-01	4.53e-01	3.40e-01	0.00e+00	0.00e+00
 1.13046e+16	1.90e-10	3.18e-06	7.42e-03	2.17e-01	4.57e-01	3.19e-01	0.00e+00	0.00e+00
 1.16604e+16	2.57e-10	4.04e-06	8.84e-03	2.37e-01	4.61e-01	2.93e-01	0.00e+00	0.00e+00
 1.20232e+16	3.54e-10	5.19e-06	1.05e-02	2.59e-01	4.62e-01	2.68e-01	0.00e+00	0.00e+00
 1.23161e+16	4.45e-10	6.23e-06	1.21e-02	2.78e-01	4.62e-01	2.48e-01	0.00e+00	0.00e+00
 1.25775e+16	5.38e-10	7.28e-06	1.36e-02	2.94e-01	4.61e-01	2.32e-01	0.00e+00	0.00e+00
 1.28767e+16	6.85e-10	8.81e-06	1.56e-02	3.14e-01	4.57e-01	2.13e-01	0.00e+00	0.00e+00
 1.32057e+16	9.42e-10	1.12e-05	1.82e-02	3.37e-01	4.53e-01	1.93e-01	0.00e+00	0.00e+00
 1.34992e+16	1.19e-09	1.34e-05	2.07e-02	3.57e-01	4.47e-01	1.76e-01	0.00e+00	0.00e+00
 1.37629e+16	1.48e-09	1.59e-05	2.32e-02	3.75e-01	4.40e-01	1.62e-01	0.00e+00	0.00e+00
 1.40624e+16	1.90e-09	1.93e-05	2.65e-02	3.96e-01	4.31e-01	1.46e-01	0.00e+00	0.00e+00
 1.43856e+16	2.32e-09	2.28e-05	3.03e-02	4.19e-01	4.20e-01	1.31e-01	0.00e+00	0.00e+00
 1.46739e+16	3.12e-09	2.83e-05	3.45e-02	4.40e-01	4.08e-01	1.17e-01	0.00e+00	0.00e+00
 1.49302e+16	3.86e-09	3.33e-05	3.85e-02	4.59e-01	3.97e-01	1.06e-01	0.00e+00	0.00e+00
 1.52106e+16	4.83e-09	3.97e-05	4.35e-02	4.79e-01	3.83e-01	9.43e-02	0.00e+00	0.00e+00
 1.55135e+16	6.37e-09	4.89e-05	4.97e-02	5.01e-01	3.67e-01	8.25e-02	0.00e+00	0.00e+00
 1.57750e+16	7.84e-09	5.75e-05	5.55e-02	5.19e-01	3.52e-01	7.33e-02	0.00e+00	0.00e+00
 1.60033e+16	9.24e-09	6.56e-05	6.13e-02	5.35e-01	3.38e-01	6.57e-02	0.00e+00	0.00e+00
 1.62229e+16	1.13e-08	7.62e-05	6.75e-02	5.50e-01	3.24e-01	5.86e-02	0.00e+00	0.00e+00
 1.64258e+16	1.45e-08	9.12e-05	7.42e-02	5.64e-01	3.10e-01	5.22e-02	0.00e+00	0.00e+00
 1.65920e+16	1.69e-08	1.02e-04	8.00e-02	5.74e-01	2.98e-01	4.75e-02	0.00e+00	0.00e+00
 1.67569e+16	2.00e-08	1.16e-04	8.64e-02	5.85e-01	2.85e-01	4.28e-02	0.00e+00	0.00e+00
 1.69713e+16	2.32e-08	1.31e-04	9.52e-02	5.99e-01	2.69e-01	3.74e-02	0.00e+00	0.00e+00
 1.72057e+16	3.19e-08	1.65e-04	1.07e-01	6.12e-01	2.49e-01	3.15e-02	0.00e+00	0.00e+00
 1.74017e+16	3.85e-08	1.90e-04	1.17e-01	6.23e-01	2.33e-01	2.73e-02	0.00e+00	0.00e+00
 1.75587e+16	4.62e-08	2.17e-04	1.26e-01	6.31e-01	2.19e-01	2.39e-02	0.00e+00	0.00e+00
 1.77292e+16	5.66e-08	2.53e-04	1.38e-01	6.39e-01	2.03e-01	2.05e-02	0.00e+00	0.00e+00
 1.79093e+16	7.16e-08	2.99e-04	1.51e-01	6.46e-01	1.86e-01	1.71e-02	0.00e+00	0.00e+00
 1.80570e+16	8.47e-08	3.39e-04	1.62e-01	6.51e-01	1.72e-01	1.47e-02	0.00e+00	0.00e+00
 1.81795e+16	9.55e-08	3.72e-04	1.72e-01	6.55e-01	1.59e-01	1.27e-02	0.00e+00	0.00e+00
 1.83138e+16	1.23e-07	4.43e-04	1.86e-01	6.58e-01	1.45e-01	1.05e-02	0.00e+00	0.00e+00
 1.84438e+16	1.47e-07	5.04e-04	1.98e-01	6.61e-01	1.32e-01	8.78e-03	0.00e+00	0.00e+00
 1.85426e+16	1.67e-07	5.56e-04	2.09e-01	6.62e-01	1.21e-01	7.52e-03	0.00e+00	0.00e+00
 1.86453e+16	1.88e-07	6.05e-04	2.20e-01	6.64e-01	1.10e-01	6.29e-03	0.00e+00	0.00e+00
 1.87459e+16	2.19e-07	6.77e-04	2.31e-01	6.64e-01	9.89e-02	5.19e-03	0.00e+00	0.00e+00
 1.88139e+16	2.56e-07	7.51e-04	2.40e-01	6.63e-01	9.14e-02	4.48e-03	0.00e+00	0.00e+00
 1.88572e+16	2.73e-07	7.88e-04	2.45e-01	6.63e-01	8.68e-02	4.07e-03	0.00e+00	0.00e+00
 1.88983e+16	2.93e-07	8.27e-04	2.51e-01	6.63e-01	8.21e-02	3.68e-03	0.00e+00	0.00e+00
 1.89518e+16	3.19e-07	8.79e-04	2.57e-01	6.62e-01	7.62e-02	3.21e-03	0.00e+00	0.00e+00
 1.90213e+16	3.58e-07	9.55e-04	2.66e-01	6.61e-01	6.86e-02	2.66e-03	0.00e+00	0.00e+00
 1.90907e+16	4.00e-07	1.03e-03	2.75e-01	6.60e-01	6.15e-02	2.18e-03	0.00e+00	0.00e+00
 1.91451e+16	4.37e-07	1.10e-03	2.82e-01	6.59e-01	5.60e-02	1.84e-03	0.00e+00	0.00e+00
 1.92008e+16	4.79e-07	1.17e-03	2.90e-01	6.57e-01	5.03e-02	1.52e-03	0.00e+00	0.00e+00
 1.92634e+16	5.29e-07	1.26e-03	2.98e-01	6.55e-01	4.45e-02	1.21e-03	0.00e+00	0.00e+00
 1.93230e+16	5.79e-07	1.34e-03	3.05e-01	6.53e-01	3.93e-02	9.71e-04	0.00e+00	0.00e+00
 1.93886e+16	6.43e-07	1.44e-03	3.14e-01	6.50e-01	3.38e-02	7.39e-04	0.00e+00	0.00e+00
 1.94596e+16	7.15e-07	1.55e-03	3.22e-01	6.47e-01	2.85e-02	5.46e-04	0.00e+00	0.00e+00
 1.95252e+16	7.85e-07	1.66e-03	3.30e-01	6.44e-01	2.42e-02	4.07e-04	0.00e+00	0.00e+00
 1.95981e+16	8.71e-07	1.78e-03	3.38e-01	6.39e-01	2.00e-02	2.87e-04	0.00e+00	0.00e+00
 1.96929e+16	9.87e-07	1.93e-03	3.49e-01	6.34e-01	1.55e-02	1.81e-04	0.00e+00	0.00e+00
 1.97971e+16	1.12e-06	2.10e-03	3.59e-01	6.27e-01	1.17e-02	1.09e-04	0.00e+00	0.00e+00
 1.99135e+16	1.28e-06	2.29e-03	3.69e-01	6.20e-01	8.52e-03	6.08e-05	0.00e+00	0.00e+00
 2.00649e+16	1.49e-06	2.53e-03	3.81e-01	6.10e-01	5.72e-03	2.91e-05	0.00e+00	0.00e+00
 2.02617e+16	1.79e-06	2.84e-03	3.96e-01	5.98e-01	3.51e-03	1.16e-05	0.00e+00	0.00e+00
 2.05176e+16	2.25e-06	3.27e-03	4.13e-01	5.82e-01	1.96e-03	3.79e-06	0.00e+00	0.00e+00
 2.08502e+16	2.98e-06	3.90e-03	4.35e-01	5.60e-01	9.95e-04	1.00e-06	0.00e+00	0.00e+00
 2.11911e+16	4.03e-06	4.71e-03	4.59e-01	5.36e-01	5.37e-04	2.94e-07	0.00e+00	0.00e+00
 2.14624e+16	5.20e-06	5.54e-03	4.79e-01	5.15e-01	3.42e-04	0.00e+00	0.00e+00	0.00e+00
 2.16929e+16	6.53e-06	6.40e-03	4.98e-01	4.96e-01	2.36e-04	0.00e+00	0.00e+00	0.00e+00
 2.19508e+16	8.54e-06	7.61e-03	5.20e-01	4.72e-01	1.56e-04	0.00e+00	0.00e+00	0.00e+00
 2.21697e+16	1.09e-05	8.89e-03	5.40e-01	4.51e-01	1.14e-04	0.00e+00	0.00e+00	0.00e+00
 2.22842e+16	1.24e-05	9.70e-03	5.51e-01	4.39e-01	9.67e-05	0.00e+00	0.00e+00	0.00e+00
 2.23791e+16	1.39e-05	1.05e-02	5.61e-01	4.29e-01	8.33e-05	0.00e+00	0.00e+00	0.00e+00
 2.25026e+16	1.62e-05	1.15e-02	5.73e-01	4.15e-01	6.87e-05	0.00e+00	0.00e+00	0.00e+00
 2.26421e+16	1.93e-05	1.30e-02	5.88e-01	3.99e-01	5.55e-05	0.00e+00	0.00e+00	0.00e+00
 2.27714e+16	2.29e-05	1.45e-02	6.02e-01	3.83e-01	4.56e-05	0.00e+00	0.00e+00	0.00e+00
 2.28834e+16	2.66e-05	1.60e-02	6.15e-01	3.69e-01	3.83e-05	0.00e+00	0.00e+00	0.00e+00
 2.30041e+16	3.16e-05	1.80e-02	6.29e-01	3.53e-01	3.15e-05	0.00e+00	0.00e+00	0.00e+00
 2.31338e+16	3.82e-05	2.04e-02	6.44e-01	3.36e-01	2.56e-05	0.00e+00	0.00e+00	0.00e+00
 2.32355e+16	4.45e-05	2.26e-02	6.56e-01	3.22e-01	2.18e-05	0.00e+00	0.00e+00	0.00e+00
 2.33082e+16	4.98e-05	2.43e-02	6.64e-01	3.11e-01	1.94e-05	0.00e+00	0.00e+00	0.00e+00
 2.33831e+16	5.62e-05	2.64e-02	6.73e-01	3.00e-01	1.70e-05	0.00e+00	0.00e+00	0.00e+00
 2.34806e+16	6.60e-05	2.94e-02	6.85e-01	2.86e-01	1.43e-05	0.00e+00	0.00e+00	0.00e+00
 2.35787e+16	7.79e-05	3.28e-02	6.96e-01	2.71e-01	1.21e-05	0.00e+00	0.00e+00	0.00e+00
 2.36545e+16	8.88e-05	3.59e-02	7.05e-01	2.59e-01	1.05e-05	0.00e+00	0.00e+00	0.00e+00
 2.37184e+16	9.97e-05	3.88e-02	7.12e-01	2.49e-01	9.36e-06	0.00e+00	0.00e+00	0.00e+00
 2.37901e+16	1.14e-04	4.24e-02	7.20e-01	2.38e-01	8.15e-06	0.00e+00	0.00e+00	0.00e+00
 2.38703e+16	1.33e-04	4.69e-02	7.28e-01	2.25e-01	6.96e-06	0.00e+00	0.00e+00	0.00e+00
 2.39431e+16	1.53e-04	5.16e-02	7.35e-01	2.13e-01	6.02e-06	0.00e+00	0.00e+00	0.00e+00
 2.40058e+16	1.73e-04	5.62e-02	7.41e-01	2.03e-01	5.29e-06	0.00e+00	0.00e+00	0.00e+00
 2.40737e+16	1.99e-04	6.17e-02	7.46e-01	1.92e-01	4.56e-06	0.00e+00	0.00e+00	0.00e+00
 2.41475e+16	2.33e-04	6.86e-02	7.52e-01	1.79e-01	3.88e-06	0.00e+00	0.00e+00	0.00e+00
 2.42116e+16	2.68e-04	7.53e-02	7.55e-01	1.69e-01	3.35e-06	0.00e+00	0.00e+00	0.00e+00
 2.42669e+16	3.03e-04	8.18e-02	7.58e-01	1.60e-01	2.94e-06	0.00e+00	0.00e+00	0.00e+00
 2.43284e+16	3.49e-04	9.00e-02	7.60e-01	1.49e-01	2.52e-06	0.00e+00	0.00e+00	0.00e+00
 2.43948e+16	4.09e-04	1.00e-01	7.61e-01	1.39e-01	2.13e-06	0.00e+00	0.00e+00	0.00e+00
 2.44529e+16	4.72e-04	1.10e-01	7.61e-01	1.29e-01	1.83e-06	0.00e+00	0.00e+00	0.00e+00
 2.45035e+16	5.35e-04	1.20e-01	7.59e-01	1.21e-01	1.59e-06	0.00e+00	0.00e+00	0.00e+00
 2.45596e+16	6.18e-04	1.32e-01	7.56e-01	1.11e-01	1.35e-06	0.00e+00	0.00e+00	0.00e+00
 2.46203e+16	7.26e-04	1.46e-01	7.51e-01	1.02e-01	1.12e-06	0.00e+00	0.00e+00	0.00e+00
 2.46735e+16	8.41e-04	1.61e-01	7.45e-01	9.35e-02	9.51e-07	0.00e+00	0.00e+00	0.00e+00
 2.47204e+16	9.57e-04	1.75e-01	7.38e-01	8.61e-02	0.00e+00	0.00e+00	0.00e+00	0.00e+00
 2.47730e+16	1.12e-03	1.93e-01	7.28e-01	7.79e-02	0.00e+00	0.00e+00	0.00e+00	0.00e+00
 2.48301e+16	1.32e-03	2.15e-01	7.14e-01	6.95e-02	0.00e+00	0.00e+00	0.00e+00	0.00e+00
 2.48806e+16	1.55e-03	2.38e-01	6.99e-01	6.21e-02	0.00e+00	0.00e+00	0.00e+00	0.00e+00
 2.49258e+16	1.78e-03	2.60e-01	6.83e-01	5.57e-02	0.00e+00	0.00e+00	0.00e+00	0.00e+00
 2.49765e+16	2.09e-03	2.88e-01	6.61e-01	4.87e-02	0.00e+00	0.00e+00	0.00e+00	0.00e+00
 2.50324e+16	2.52e-03	3.22e-01	6.34e-01	4.14e-02	0.00e+00	0.00e+00	0.00e+00	0.00e+00
 2.50837e+16	3.01e-03	3.58e-01	6.04e-01	3.52e-02	0.00e+00	0.00e+00	0.00e+00	0.00e+00
 2.51303e+16	3.54e-03	3.94e-01	5.72e-01	2.97e-02	0.00e+00	0.00e+00	0.00e+00	0.00e+00
 2.51827e+16	4.27e-03	4.39e-01	5.33e-01	2.41e-02	0.00e+00	0.00e+00	0.00e+00	0.00e+00
 2.52377e+16	5.20e-03	4.90e-01	4.86e-01	1.88e-02	0.00e+00	0.00e+00	0.00e+00	0.00e+00
 2.52828e+16	6.18e-03	5.37e-01	4.42e-01	1.49e-02	0.00e+00	0.00e+00	0.00e+00	0.00e+00
 2.53181e+16	7.05e-03	5.74e-01	4.06e-01	1.21e-02	0.00e+00	0.00e+00	0.00e+00	0.00e+00
 2.53540e+16	8.12e-03	6.15e-01	3.68e-01	9.62e-03	0.00e+00	0.00e+00	0.00e+00	0.00e+00
 2.53931e+16	9.46e-03	6.59e-01	3.24e-01	7.29e-03	0.00e+00	0.00e+00	0.00e+00	0.00e+00
 2.54267e+16	1.08e-02	6.97e-01	2.86e-01	5.58e-03	0.00e+00	0.00e+00	0.00e+00	0.00e+00
 2.54547e+16	1.21e-02	7.29e-01	2.55e-01	4.39e-03	0.00e+00	0.00e+00	0.00e+00	0.00e+00
 2.54848e+16	1.37e-02	7.62e-01	2.21e-01	3.30e-03	0.00e+00	0.00e+00	0.00e+00	0.00e+00
 2.55176e+16	1.57e-02	7.95e-01	1.87e-01	2.35e-03	0.00e+00	0.00e+00	0.00e+00	0.00e+00
 2.55457e+16	1.76e-02	8.23e-01	1.58e-01	1.70e-03	0.00e+00	0.00e+00	0.00e+00	0.00e+00
 2.55691e+16	1.95e-02	8.44e-01	1.36e-01	1.27e-03	0.00e+00	0.00e+00	0.00e+00	0.00e+00
 2.55940e+16	2.18e-02	8.64e-01	1.14e-01	9.06e-04	0.00e+00	0.00e+00	0.00e+00	0.00e+00
 2.56212e+16	2.45e-02	8.83e-01	9.21e-02	6.12e-04	0.00e+00	0.00e+00	0.00e+00	0.00e+00
 2.56451e+16	2.72e-02	8.97e-01	7.51e-02	4.20e-04	0.00e+00	0.00e+00	0.00e+00	0.00e+00
 2.56654e+16	2.99e-02	9.07e-01	6.25e-02	2.99e-04	0.00e+00	0.00e+00	0.00e+00	0.00e+00
 2.56873e+16	3.32e-02	9.16e-01	5.04e-02	2.01e-04	0.00e+00	0.00e+00	0.00e+00	0.00e+00
 2.57108e+16	3.71e-02	9.23e-01	3.94e-02	1.28e-04	0.00e+00	0.00e+00	0.00e+00	0.00e+00
 2.57309e+16	4.09e-02	9.28e-01	3.13e-02	8.50e-05	0.00e+00	0.00e+00	0.00e+00	0.00e+00
 2.57474e+16	4.46e-02	9.30e-01	2.58e-02	5.96e-05	0.00e+00	0.00e+00	0.00e+00	0.00e+00
 2.57650e+16	4.87e-02	9.31e-01	2.06e-02	3.98e-05	0.00e+00	0.00e+00	0.00e+00	0.00e+00
 2.57838e+16	5.35e-02	9.30e-01	1.61e-02	2.56e-05	0.00e+00	0.00e+00	0.00e+00	0.00e+00
 2.58000e+16	5.85e-02	9.29e-01	1.29e-02	1.71e-05	0.00e+00	0.00e+00	0.00e+00	0.00e+00
 2.58141e+16	6.30e-02	9.26e-01	1.05e-02	1.18e-05	0.00e+00	0.00e+00	0.00e+00	0.00e+00
 2.58277e+16	6.77e-02	9.24e-01	8.55e-03	8.17e-06	0.00e+00	0.00e+00	0.00e+00	0.00e+00
 2.58412e+16	7.29e-02	9.20e-01	6.93e-03	5.60e-06	0.00e+00	0.00e+00	0.00e+00	0.00e+00
 2.58539e+16	7.81e-02	9.16e-01	5.65e-03	3.88e-06	0.00e+00	0.00e+00	0.00e+00	0.00e+00
 2.58651e+16	8.30e-02	9.12e-01	4.70e-03	2.78e-06	0.00e+00	0.00e+00	0.00e+00	0.00e+00
 2.58750e+16	8.74e-02	9.09e-01	3.98e-03	2.06e-06	0.00e+00	0.00e+00	0.00e+00	0.00e+00
 2.58823e+16	9.09e-02	9.06e-01	3.52e-03	1.66e-06	0.00e+00	0.00e+00	0.00e+00	0.00e+00
 2.58872e+16	9.35e-02	9.03e-01	3.23e-03	1.42e-06	0.00e+00	0.00e+00	0.00e+00	0.00e+00
 2.58920e+16	9.60e-02	9.01e-01	2.97e-03	1.22e-06	0.00e+00	0.00e+00	0.00e+00	0.00e+00
 2.58975e+16	9.91e-02	8.98e-01	2.69e-03	1.01e-06	0.00e+00	0.00e+00	0.00e+00	0.00e+00
 2.59033e+16	1.02e-01	8.95e-01	2.42e-03	8.38e-07	0.00e+00	0.00e+00	0.00e+00	0.00e+00
 2.59088e+16	1.06e-01	8.92e-01	2.18e-03	0.00e+00	0.00e+00	0.00e+00	0.00e+00	0.00e+00
 2.59141e+16	1.09e-01	8.89e-01	1.98e-03	0.00e+00	0.00e+00	0.00e+00	0.00e+00	0.00e+00
 2.59194e+16	1.12e-01	8.86e-01	1.79e-03	0.00e+00	0.00e+00	0.00e+00	0.00e+00	0.00e+00
 2.59247e+16	1.16e-01	8.83e-01	1.62e-03	0.00e+00	0.00e+00	0.00e+00	0.00e+00	0.00e+00
 2.59298e+16	1.19e-01	8.80e-01	1.46e-03	0.00e+00	0.00e+00	0.00e+00	0.00e+00	0.00e+00
 2.59349e+16	1.23e-01	8.76e-01	1.32e-03	0.00e+00	0.00e+00	0.00e+00	0.00e+00	0.00e+00
 2.59400e+16	1.27e-01	8.72e-01	1.19e-03	0.00e+00	0.00e+00	0.00e+00	0.00e+00	0.00e+00
 2.59451e+16	1.30e-01	8.69e-01	1.08e-03	0.00e+00	0.00e+00	0.00e+00	0.00e+00	0.00e+00
 2.59500e+16	1.34e-01	8.65e-01	9.76e-04	0.00e+00	0.00e+00	0.00e+00	0.00e+00	0.00e+00
 2.59548e+16	1.38e-01	8.61e-01	8.83e-04	0.00e+00	0.00e+00	0.00e+00	0.00e+00	0.00e+00
 2.59597e+16	1.42e-01	8.57e-01	7.97e-04	0.00e+00	0.00e+00	0.00e+00	0.00e+00	0.00e+00
 2.59645e+16	1.47e-01	8.53e-01	7.20e-04	0.00e+00	0.00e+00	0.00e+00	0.00e+00	0.00e+00
 2.59692e+16	1.51e-01	8.48e-01	6.50e-04	0.00e+00	0.00e+00	0.00e+00	0.00e+00	0.00e+00
 2.59738e+16	1.56e-01	8.44e-01	5.87e-04	0.00e+00	0.00e+00	0.00e+00	0.00e+00	0.00e+00
 2.59784e+16	1.61e-01	8.39e-01	5.29e-04	0.00e+00	0.00e+00	0.00e+00	0.00e+00	0.00e+00
 2.59830e+16	1.66e-01	8.34e-01	4.77e-04	0.00e+00	0.00e+00	0.00e+00	0.00e+00	0.00e+00
 2.59875e+16	1.71e-01	8.29e-01	4.31e-04	0.00e+00	0.00e+00	0.00e+00	0.00e+00	0.00e+00
 2.59918e+16	1.76e-01	8.23e-01	3.89e-04	0.00e+00	0.00e+00	0.00e+00	0.00e+00	0.00e+00
 2.59962e+16	1.82e-01	8.18e-01	3.50e-04	0.00e+00	0.00e+00	0.00e+00	0.00e+00	0.00e+00
 2.60005e+16	1.88e-01	8.11e-01	3.16e-04	0.00e+00	0.00e+00	0.00e+00	0.00e+00	0.00e+00
 2.60048e+16	1.95e-01	8.05e-01	2.84e-04	0.00e+00	0.00e+00	0.00e+00	0.00e+00	0.00e+00
 2.60090e+16	2.01e-01	7.98e-01	2.56e-04	0.00e+00	0.00e+00	0.00e+00	0.00e+00	0.00e+00
 2.60132e+16	2.09e-01	7.91e-01	2.30e-04	0.00e+00	0.00e+00	0.00e+00	0.00e+00	0.00e+00
 2.60172e+16	2.16e-01	7.84e-01	2.07e-04	0.00e+00	0.00e+00	0.00e+00	0.00e+00	0.00e+00
 2.60212e+16	2.24e-01	7.76e-01	1.87e-04	0.00e+00	0.00e+00	0.00e+00	0.00e+00	0.00e+00
 2.60252e+16	2.32e-01	7.68e-01	1.68e-04	0.00e+00	0.00e+00	0.00e+00	0.00e+00	0.00e+00
 2.60291e+16	2.41e-01	7.59e-01	1.51e-04	0.00e+00	0.00e+00	0.00e+00	0.00e+00	0.00e+00
 2.60329e+16	2.50e-01	7.50e-01	1.35e-04	0.00e+00	0.00e+00	0.00e+00	0.00e+00	0.00e+00
 2.60367e+16	2.61e-01	7.39e-01	1.21e-04	0.00e+00	0.00e+00	0.00e+00	0.00e+00	0.00e+00
 2.60403e+16	2.72e-01	7.28e-01	1.09e-04	0.00e+00	0.00e+00	0.00e+00	0.00e+00	0.00e+00
 2.60438e+16	2.83e-01	7.17e-01	9.82e-05	0.00e+00	0.00e+00	0.00e+00	0.00e+00	0.00e+00
 2.60473e+16	2.94e-01	7.05e-01	8.82e-05	0.00e+00	0.00e+00	0.00e+00	0.00e+00	0.00e+00
 2.60507e+16	3.06e-01	6.94e-01	7.92e-05	0.00e+00	0.00e+00	0.00e+00	0.00e+00	0.00e+00
 2.60541e+16	3.19e-01	6.81e-01	7.10e-05	0.00e+00	0.00e+00	0.00e+00	0.00e+00	0.00e+00
 2.60574e+16	3.33e-01	6.67e-01	6.37e-05	0.00e+00	0.00e+00	0.00e+00	0.00e+00	0.00e+00
 2.60606e+16	3.47e-01	6.53e-01	5.71e-05	0.00e+00	0.00e+00	0.00e+00	0.00e+00	0.00e+00
 2.60637e+16	3.62e-01	6.38e-01	5.12e-05	0.00e+00	0.00e+00	0.00e+00	0.00e+00	0.00e+00
 2.60668e+16	3.78e-01	6.22e-01	4.58e-05	0.00e+00	0.00e+00	0.00e+00	0.00e+00	0.00e+00
 2.60698e+16	3.95e-01	6.05e-01	4.09e-05	0.00e+00	0.00e+00	0.00e+00	0.00e+00	0.00e+00
 2.60728e+16	4.14e-01	5.86e-01	3.64e-05	0.00e+00	0.00e+00	0.00e+00	0.00e+00	0.00e+00
 2.60757e+16	4.33e-01	5.67e-01	3.25e-05	0.00e+00	0.00e+00	0.00e+00	0.00e+00	0.00e+00
 2.60785e+16	4.52e-01	5.48e-01	2.89e-05	0.00e+00	0.00e+00	0.00e+00	0.00e+00	0.00e+00
 2.60813e+16	4.71e-01	5.29e-01	2.57e-05	0.00e+00	0.00e+00	0.00e+00	0.00e+00	0.00e+00
 2.60841e+16	4.92e-01	5.08e-01	2.28e-05	0.00e+00	0.00e+00	0.00e+00	0.00e+00	0.00e+00
 2.60868e+16	5.13e-01	4.87e-01	2.01e-05	0.00e+00	0.00e+00	0.00e+00	0.00e+00	0.00e+00
 2.60895e+16	5.34e-01	4.66e-01	1.78e-05	0.00e+00	0.00e+00	0.00e+00	0.00e+00	0.00e+00
 2.60921e+16	5.56e-01	4.44e-01	1.57e-05	0.00e+00	0.00e+00	0.00e+00	0.00e+00	0.00e+00
 2.60947e+16	5.78e-01	4.22e-01	1.38e-05	0.00e+00	0.00e+00	0.00e+00	0.00e+00	0.00e+00
 2.60973e+16	6.01e-01	3.99e-01	1.21e-05	0.00e+00	0.00e+00	0.00e+00	0.00e+00	0.00e+00
 2.60998e+16	6.23e-01	3.77e-01	1.06e-05	0.00e+00	0.00e+00	0.00e+00	0.00e+00	0.00e+00
 2.61020e+16	6.42e-01	3.58e-01	9.42e-06	0.00e+00	0.00e+00	0.00e+00	0.00e+00	0.00e+00
 2.61037e+16	6.57e-01	3.43e-01	8.58e-06	0.00e+00	0.00e+00	0.00e+00	0.00e+00	0.00e+00
 2.61053e+16	6.71e-01	3.29e-01	7.85e-06	0.00e+00	0.00e+00	0.00e+00	0.00e+00	0.00e+00
 2.61070e+16	6.86e-01	3.14e-01	7.10e-06	0.00e+00	0.00e+00	0.00e+00	0.00e+00	0.00e+00
 2.61087e+16	7.01e-01	2.99e-01	6.42e-06	0.00e+00	0.00e+00	0.00e+00	0.00e+00	0.00e+00
 2.61103e+16	7.15e-01	2.85e-01	5.83e-06	0.00e+00	0.00e+00	0.00e+00	0.00e+00	0.00e+00
 2.61118e+16	7.27e-01	2.73e-01	5.34e-06	0.00e+00	0.00e+00	0.00e+00	0.00e+00	0.00e+00
 2.61134e+16	7.41e-01	2.59e-01	4.82e-06	0.00e+00	0.00e+00	0.00e+00	0.00e+00	0.00e+00
 2.61149e+16	7.52e-01	2.48e-01	4.41e-06	0.00e+00	0.00e+00	0.00e+00	0.00e+00	0.00e+00
 2.61163e+16	7.65e-01	2.35e-01	4.01e-06	0.00e+00	0.00e+00	0.00e+00	0.00e+00	0.00e+00
 2.61177e+16	7.74e-01	2.26e-01	3.68e-06	0.00e+00	0.00e+00	0.00e+00	0.00e+00	0.00e+00
 2.61191e+16	7.84e-01	2.16e-01	3.37e-06	0.00e+00	0.00e+00	0.00e+00	0.00e+00	0.00e+00
 2.61205e+16	7.95e-01	2.05e-01	3.06e-06	0.00e+00	0.00e+00	0.00e+00	0.00e+00	0.00e+00
 2.61218e+16	8.04e-01	1.96e-01	2.82e-06	0.00e+00	0.00e+00	0.00e+00	0.00e+00	0.00e+00
 2.61232e+16	8.12e-01	1.88e-01	2.60e-06	0.00e+00	0.00e+00	0.00e+00	0.00e+00	0.00e+00
 2.61245e+16	8.20e-01	1.80e-01	2.38e-06	0.00e+00	0.00e+00	0.00e+00	0.00e+00	0.00e+00
