#depth	C	C+	C+2	C+3	C+4	C+5	C+6	C[1]	C[2]	C[3]	C+[1]	C+[2]	CO
 1.49634e+10	0.00e+00	2.23e-32	3.68e-22	1.51e-12	1.82e-02	9.64e-01	1.76e-02	0.00e+00	0.00e+00	0.00e+00	0.00e+00	0.00e+00	2.55e-164
 4.54887e+10	1.45e-43	3.04e-32	4.64e-22	1.76e-12	1.96e-02	9.64e-01	1.63e-02	0.00e+00	0.00e+00	0.00e+00	0.00e+00	0.00e+00	1.22e-207
 7.72350e+10	0.00e+00	4.18e-32	5.90e-22	2.06e-12	2.13e-02	9.64e-01	1.50e-02	0.00e+00	0.00e+00	0.00e+00	0.00e+00	0.00e+00	3.17e-163
 1.10251e+11	3.21e-43	5.75e-32	7.49e-22	2.42e-12	2.31e-02	9.63e-01	1.39e-02	0.00e+00	0.00e+00	0.00e+00	0.00e+00	0.00e+00	8.04e-207
 1.43806e+11	0.00e+00	7.84e-32	9.47e-22	2.83e-12	2.50e-02	9.62e-01	1.28e-02	0.00e+00	0.00e+00	0.00e+00	0.00e+00	0.00e+00	3.84e-162
 1.78704e+11	7.01e-43	1.07e-31	1.20e-21	3.32e-12	2.71e-02	9.61e-01	1.19e-02	0.00e+00	0.00e+00	0.00e+00	0.00e+00	0.00e+00	5.20e-206
 2.15779e+11	0.00e+00	1.48e-31	1.52e-21	3.90e-12	2.93e-02	9.60e-01	1.09e-02	0.00e+00	0.00e+00	0.00e+00	0.00e+00	0.00e+00	4.69e-161
 2.54337e+11	1.56e-42	2.03e-31	1.94e-21	4.58e-12	3.18e-02	9.58e-01	1.01e-02	0.00e+00	0.00e+00	0.00e+00	0.00e+00	0.00e+00	3.35e-205
 2.94437e+11	0.00e+00	2.80e-31	2.47e-21	5.37e-12	3.45e-02	9.56e-01	9.29e-03	0.00e+00	0.00e+00	0.00e+00	0.00e+00	0.00e+00	5.90e-160
 3.36141e+11	3.47e-42	3.86e-31	3.14e-21	6.31e-12	3.74e-02	9.54e-01	8.56e-03	0.00e+00	0.00e+00	0.00e+00	0.00e+00	0.00e+00	2.23e-204
 3.79514e+11	0.00e+00	5.32e-31	3.99e-21	7.42e-12	4.06e-02	9.52e-01	7.88e-03	0.00e+00	0.00e+00	0.00e+00	0.00e+00	0.00e+00	7.45e-159
 4.24621e+11	7.73e-42	7.33e-31	5.09e-21	8.72e-12	4.40e-02	9.49e-01	7.25e-03	0.00e+00	0.00e+00	0.00e+00	0.00e+00	0.00e+00	1.47e-203
 4.71533e+11	0.00e+00	1.01e-30	6.48e-21	1.02e-11	4.77e-02	9.46e-01	6.67e-03	0.00e+00	0.00e+00	0.00e+00	0.00e+00	0.00e+00	9.47e-158
 5.20321e+11	1.73e-41	1.40e-30	8.25e-21	1.20e-11	5.18e-02	9.42e-01	6.14e-03	0.00e+00	0.00e+00	0.00e+00	0.00e+00	0.00e+00	9.63e-203
 5.71060e+11	0.00e+00	1.93e-30	1.05e-20	1.42e-11	5.62e-02	9.38e-01	5.64e-03	0.00e+00	0.00e+00	0.00e+00	0.00e+00	0.00e+00	1.21e-156
 6.23829e+11	3.87e-41	2.66e-30	1.34e-20	1.66e-11	6.09e-02	9.34e-01	5.18e-03	0.00e+00	0.00e+00	0.00e+00	0.00e+00	0.00e+00	6.14e-202
 6.78709e+11	0.00e+00	3.68e-30	1.71e-20	1.96e-11	6.61e-02	9.29e-01	4.75e-03	0.00e+00	0.00e+00	0.00e+00	0.00e+00	0.00e+00	1.56e-155
 7.35785e+11	8.71e-41	5.09e-30	2.18e-20	2.30e-11	7.17e-02	9.24e-01	4.36e-03	0.00e+00	0.00e+00	0.00e+00	0.00e+00	0.00e+00	3.90e-201
 7.95143e+11	0.00e+00	7.05e-30	2.79e-20	2.71e-11	7.77e-02	9.18e-01	3.99e-03	0.00e+00	0.00e+00	0.00e+00	0.00e+00	0.00e+00	2.02e-154
 8.56875e+11	1.96e-40	9.76e-30	3.56e-20	3.19e-11	8.43e-02	9.12e-01	3.65e-03	0.00e+00	0.00e+00	0.00e+00	0.00e+00	0.00e+00	2.49e-200
 9.21077e+11	0.00e+00	1.35e-29	4.55e-20	3.75e-11	9.13e-02	9.05e-01	3.34e-03	0.00e+00	0.00e+00	0.00e+00	0.00e+00	0.00e+00	2.64e-153
 9.87847e+11	4.44e-40	1.87e-29	5.81e-20	4.41e-11	9.90e-02	8.98e-01	3.05e-03	0.00e+00	0.00e+00	0.00e+00	0.00e+00	0.00e+00	1.98e-199
 1.05729e+12	0.00e+00	2.60e-29	7.43e-20	5.19e-11	1.07e-01	8.90e-01	2.79e-03	0.00e+00	0.00e+00	0.00e+00	0.00e+00	0.00e+00	3.48e-152
 1.12951e+12	1.01e-39	3.61e-29	9.51e-20	6.11e-11	1.16e-01	8.81e-01	2.54e-03	0.00e+00	0.00e+00	0.00e+00	0.00e+00	0.00e+00	1.48e-198
 1.20461e+12	0.00e+00	5.01e-29	1.22e-19	7.19e-11	1.26e-01	8.72e-01	2.31e-03	0.00e+00	0.00e+00	0.00e+00	0.00e+00	0.00e+00	4.64e-151
 1.27478e+12	2.20e-39	6.73e-29	1.52e-19	8.32e-11	1.35e-01	8.63e-01	2.12e-03	0.00e+00	0.00e+00	0.00e+00	0.00e+00	0.00e+00	1.16e-197
 1.33679e+12	0.00e+00	8.66e-29	1.83e-19	9.43e-11	1.43e-01	8.55e-01	1.97e-03	0.00e+00	0.00e+00	0.00e+00	0.00e+00	0.00e+00	4.04e-150
 1.40609e+12	4.28e-39	1.14e-28	2.26e-19	1.08e-10	1.53e-01	8.45e-01	1.82e-03	0.00e+00	0.00e+00	0.00e+00	0.00e+00	0.00e+00	6.14e-197
 1.48913e+12	0.00e+00	1.57e-28	2.87e-19	1.26e-10	1.65e-01	8.33e-01	1.65e-03	0.00e+00	0.00e+00	0.00e+00	0.00e+00	0.00e+00	4.23e-149
 1.57267e+12	9.38e-39	2.14e-28	3.61e-19	1.47e-10	1.77e-01	8.21e-01	1.50e-03	0.00e+00	0.00e+00	0.00e+00	0.00e+00	0.00e+00	0.00e+00
 1.64993e+12	0.00e+00	2.82e-28	4.44e-19	1.68e-10	1.89e-01	8.10e-01	1.38e-03	0.00e+00	0.00e+00	0.00e+00	0.00e+00	0.00e+00	4.28e-148
 1.73622e+12	1.93e-38	3.80e-28	5.55e-19	1.95e-10	2.03e-01	7.96e-01	1.26e-03	0.00e+00	0.00e+00	0.00e+00	0.00e+00	0.00e+00	5.78e-195
 1.83560e+12	0.00e+00	5.28e-28	7.10e-19	2.28e-10	2.18e-01	7.81e-01	1.13e-03	0.00e+00	0.00e+00	0.00e+00	0.00e+00	0.00e+00	5.19e-147
 1.93295e+12	4.33e-38	7.22e-28	8.97e-19	2.66e-10	2.34e-01	7.65e-01	1.02e-03	0.00e+00	0.00e+00	0.00e+00	0.00e+00	0.00e+00	0.00e+00
 2.02471e+12	0.00e+00	9.57e-28	1.11e-18	3.04e-10	2.49e-01	7.51e-01	9.31e-04	0.00e+00	0.00e+00	0.00e+00	0.00e+00	0.00e+00	5.52e-146
 2.12613e+12	9.06e-38	1.30e-27	1.39e-18	3.52e-10	2.65e-01	7.34e-01	8.40e-04	0.00e+00	0.00e+00	0.00e+00	0.00e+00	0.00e+00	9.47e-193
 2.24110e+12	0.00e+00	1.80e-27	1.77e-18	4.12e-10	2.84e-01	7.15e-01	7.50e-04	0.00e+00	0.00e+00	0.00e+00	0.00e+00	0.00e+00	6.91e-145
 2.35491e+12	2.04e-37	2.47e-27	2.24e-18	4.78e-10	3.03e-01	6.96e-01	6.71e-04	0.00e+00	0.00e+00	0.00e+00	0.00e+00	0.00e+00	0.00e+00
 2.47327e+12	0.00e+00	3.37e-27	2.83e-18	5.55e-10	3.23e-01	6.76e-01	5.99e-04	0.00e+00	0.00e+00	0.00e+00	0.00e+00	0.00e+00	8.55e-144
 2.60213e+12	4.59e-37	4.68e-27	3.61e-18	6.47e-10	3.45e-01	6.55e-01	5.31e-04	0.00e+00	0.00e+00	0.00e+00	0.00e+00	0.00e+00	2.33e-203
 2.73200e+12	0.00e+00	6.42e-27	4.56e-18	7.50e-10	3.66e-01	6.33e-01	4.71e-04	0.00e+00	0.00e+00	0.00e+00	0.00e+00	0.00e+00	1.15e-142
 2.86706e+12	1.02e-36	8.80e-27	5.76e-18	8.68e-10	3.89e-01	6.11e-01	4.17e-04	0.00e+00	0.00e+00	0.00e+00	0.00e+00	0.00e+00	9.52e-203
 3.01167e+12	0.00e+00	1.22e-26	7.31e-18	1.01e-09	4.12e-01	5.88e-01	3.66e-04	0.00e+00	0.00e+00	0.00e+00	0.00e+00	0.00e+00	1.55e-141
 3.16206e+12	2.32e-36	1.68e-26	9.27e-18	1.17e-09	4.36e-01	5.64e-01	3.21e-04	0.00e+00	0.00e+00	0.00e+00	0.00e+00	0.00e+00	0.00e+00
 3.31847e+12	0.00e+00	2.31e-26	1.17e-17	1.35e-09	4.60e-01	5.40e-01	2.81e-04	0.00e+00	0.00e+00	0.00e+00	0.00e+00	0.00e+00	2.15e-140
 3.48113e+12	5.22e-36	3.18e-26	1.48e-17	1.56e-09	4.85e-01	5.15e-01	2.45e-04	0.00e+00	0.00e+00	0.00e+00	0.00e+00	0.00e+00	2.95e-213
 3.65031e+12	0.00e+00	4.36e-26	1.87e-17	1.79e-09	5.09e-01	4.91e-01	2.13e-04	0.00e+00	0.00e+00	0.00e+00	0.00e+00	0.00e+00	2.96e-139
 3.82624e+12	1.17e-35	5.96e-26	2.35e-17	2.06e-09	5.34e-01	4.66e-01	1.84e-04	0.00e+00	0.00e+00	0.00e+00	0.00e+00	0.00e+00	0.00e+00
 3.99511e+12	0.00e+00	7.95e-26	2.91e-17	2.34e-09	5.56e-01	4.44e-01	1.61e-04	0.00e+00	0.00e+00	0.00e+00	0.00e+00	0.00e+00	3.65e-138
 4.15118e+12	2.34e-35	1.03e-25	3.50e-17	2.62e-09	5.76e-01	4.24e-01	1.43e-04	0.00e+00	0.00e+00	0.00e+00	0.00e+00	0.00e+00	0.00e+00
 4.32761e+12	0.00e+00	1.36e-25	4.29e-17	2.96e-09	5.98e-01	4.02e-01	1.24e-04	0.00e+00	0.00e+00	0.00e+00	0.00e+00	0.00e+00	3.44e-137
 4.52405e+12	4.88e-35	1.82e-25	5.32e-17	3.36e-09	6.20e-01	3.80e-01	1.07e-04	0.00e+00	0.00e+00	0.00e+00	0.00e+00	0.00e+00	3.16e-210
 4.70965e+12	6.89e-35	2.38e-25	6.47e-17	3.77e-09	6.41e-01	3.59e-01	9.36e-05	0.00e+00	0.00e+00	0.00e+00	0.00e+00	0.00e+00	1.13e-117
 4.90927e+12	9.82e-35	3.14e-25	7.91e-17	4.24e-09	6.61e-01	3.39e-01	8.11e-05	0.00e+00	0.00e+00	0.00e+00	0.00e+00	0.00e+00	1.04e-98
 5.13557e+12	1.44e-34	4.24e-25	9.83e-17	4.81e-09	6.83e-01	3.17e-01	6.91e-05	0.00e+00	0.00e+00	0.00e+00	0.00e+00	0.00e+00	0.00e+00
 5.35749e+12	2.07e-34	5.61e-25	1.21e-16	5.41e-09	7.03e-01	2.97e-01	5.93e-05	0.00e+00	0.00e+00	0.00e+00	0.00e+00	0.00e+00	2.79e-116
 5.57038e+12	2.89e-34	7.26e-25	1.45e-16	6.02e-09	7.20e-01	2.80e-01	5.14e-05	0.00e+00	0.00e+00	0.00e+00	0.00e+00	0.00e+00	1.41e-97
 5.80521e+12	4.10e-34	9.53e-25	1.77e-16	6.75e-09	7.38e-01	2.62e-01	4.40e-05	0.00e+00	0.00e+00	0.00e+00	0.00e+00	0.00e+00	0.00e+00
 6.06734e+12	5.97e-34	1.27e-24	2.19e-16	7.61e-09	7.57e-01	2.43e-01	3.72e-05	0.00e+00	0.00e+00	0.00e+00	0.00e+00	0.00e+00	6.23e-115
 6.33092e+12	8.55e-34	1.68e-24	2.68e-16	8.53e-09	7.74e-01	2.26e-01	3.15e-05	0.00e+00	0.00e+00	0.00e+00	0.00e+00	0.00e+00	1.96e-96
 6.56917e+12	1.17e-33	2.15e-24	3.19e-16	9.42e-09	7.88e-01	2.12e-01	2.73e-05	0.00e+00	0.00e+00	0.00e+00	0.00e+00	0.00e+00	4.54e-114
 6.78345e+12	1.53e-33	2.65e-24	3.71e-16	1.03e-08	8.00e-01	2.00e-01	2.40e-05	0.00e+00	0.00e+00	0.00e+00	0.00e+00	0.00e+00	8.08e-96
 7.02714e+12	2.06e-33	3.33e-24	4.39e-16	1.13e-08	8.13e-01	1.87e-01	2.08e-05	0.00e+00	0.00e+00	0.00e+00	0.00e+00	0.00e+00	2.44e-113
 7.32314e+12	2.91e-33	4.35e-24	5.33e-16	1.26e-08	8.27e-01	1.73e-01	1.76e-05	0.00e+00	0.00e+00	0.00e+00	0.00e+00	0.00e+00	3.84e-95
 7.62078e+12	4.06e-33	5.63e-24	6.43e-16	1.40e-08	8.39e-01	1.61e-01	1.49e-05	0.00e+00	0.00e+00	0.00e+00	0.00e+00	0.00e+00	1.85e-112
 7.88871e+12	5.41e-33	7.04e-24	7.56e-16	1.53e-08	8.50e-01	1.50e-01	1.29e-05	0.00e+00	0.00e+00	0.00e+00	0.00e+00	0.00e+00	1.73e-94
 8.18439e+12	7.34e-33	8.91e-24	8.98e-16	1.68e-08	8.60e-01	1.40e-01	1.11e-05	0.00e+00	0.00e+00	0.00e+00	0.00e+00	0.00e+00	1.09e-111
 8.53351e+12	1.04e-32	1.16e-23	1.09e-15	1.87e-08	8.72e-01	1.28e-01	9.25e-06	0.00e+00	0.00e+00	0.00e+00	0.00e+00	0.00e+00	8.33e-94
 8.87917e+12	1.44e-32	1.50e-23	1.31e-15	2.08e-08	8.82e-01	1.18e-01	7.79e-06	0.00e+00	0.00e+00	0.00e+00	0.00e+00	0.00e+00	8.21e-111
 9.20025e+12	1.92e-32	1.88e-23	1.55e-15	2.28e-08	8.90e-01	1.10e-01	6.67e-06	0.00e+00	0.00e+00	0.00e+00	0.00e+00	0.00e+00	3.70e-93
 9.55978e+12	2.62e-32	2.39e-23	1.85e-15	2.51e-08	8.99e-01	1.01e-01	5.64e-06	0.00e+00	0.00e+00	0.00e+00	0.00e+00	0.00e+00	5.06e-110
 9.97209e+12	3.68e-32	3.12e-23	2.25e-15	2.80e-08	9.07e-01	9.27e-02	4.68e-06	0.00e+00	0.00e+00	0.00e+00	0.00e+00	0.00e+00	1.79e-92
 1.03784e+13	5.06e-32	4.00e-23	2.71e-15	3.10e-08	9.15e-01	8.51e-02	3.91e-06	0.00e+00	0.00e+00	0.00e+00	0.00e+00	0.00e+00	3.78e-109
 1.08010e+13	6.95e-32	5.13e-23	3.25e-15	3.42e-08	9.22e-01	7.80e-02	3.27e-06	0.00e+00	0.00e+00	0.00e+00	0.00e+00	0.00e+00	8.32e-92
 1.12629e+13	9.67e-32	6.63e-23	3.93e-15	3.81e-08	9.29e-01	7.12e-02	2.71e-06	0.00e+00	0.00e+00	0.00e+00	0.00e+00	0.00e+00	2.76e-108
 1.17312e+13	1.33e-31	8.51e-23	4.73e-15	4.22e-08	9.35e-01	6.51e-02	2.25e-06	0.00e+00	0.00e+00	0.00e+00	0.00e+00	0.00e+00	3.99e-91
 1.22182e+13	1.82e-31	1.09e-22	5.69e-15	4.67e-08	9.41e-01	5.95e-02	1.87e-06	0.00e+00	0.00e+00	0.00e+00	0.00e+00	0.00e+00	1.96e-107
 1.27368e+13	2.51e-31	1.40e-22	6.86e-15	5.18e-08	9.46e-01	5.42e-02	1.55e-06	0.00e+00	0.00e+00	0.00e+00	0.00e+00	0.00e+00	1.86e-90
 1.32762e+13	3.44e-31	1.79e-22	8.26e-15	5.74e-08	9.51e-01	4.94e-02	1.28e-06	0.00e+00	0.00e+00	0.00e+00	0.00e+00	0.00e+00	1.42e-106
 1.38372e+13	4.70e-31	2.29e-22	9.93e-15	6.35e-08	9.55e-01	4.50e-02	1.06e-06	0.00e+00	0.00e+00	0.00e+00	0.00e+00	0.00e+00	8.61e-90
 1.43961e+13	6.32e-31	2.90e-22	1.18e-14	7.00e-08	9.59e-01	4.12e-02	8.84e-07	0.00e+00	0.00e+00	0.00e+00	0.00e+00	0.00e+00	9.72e-106
 1.49773e+13	8.48e-31	3.65e-22	1.41e-14	7.71e-08	9.62e-01	3.77e-02	0.00e+00	0.00e+00	0.00e+00	0.00e+00	0.00e+00	0.00e+00	3.67e-89
 1.55642e+13	1.13e-30	4.57e-22	1.66e-14	8.46e-08	9.65e-01	3.45e-02	0.00e+00	0.00e+00	0.00e+00	0.00e+00	0.00e+00	0.00e+00	6.13e-105
 1.61000e+13	1.44e-30	5.56e-22	1.93e-14	9.17e-08	9.68e-01	3.20e-02	0.00e+00	0.00e+00	0.00e+00	0.00e+00	0.00e+00	0.00e+00	1.37e-88
 1.66916e+13	1.88e-30	6.84e-22	2.25e-14	1.00e-07	9.70e-01	2.95e-02	0.00e+00	0.00e+00	0.00e+00	0.00e+00	0.00e+00	0.00e+00	3.19e-104
 1.73218e+13	2.46e-30	8.46e-22	2.64e-14	1.09e-07	9.73e-01	2.72e-02	0.00e+00	0.00e+00	0.00e+00	0.00e+00	0.00e+00	0.00e+00	5.20e-88
 1.78750e+13	3.10e-30	1.01e-21	3.02e-14	1.18e-07	9.75e-01	2.53e-02	0.00e+00	0.00e+00	0.00e+00	0.00e+00	0.00e+00	0.00e+00	1.60e-103
 1.84670e+13	3.92e-30	1.22e-21	3.47e-14	1.27e-07	9.76e-01	2.36e-02	0.00e+00	0.00e+00	0.00e+00	0.00e+00	0.00e+00	0.00e+00	1.68e-87
 1.91927e+13	5.18e-30	1.52e-21	4.08e-14	1.39e-07	9.78e-01	2.16e-02	0.00e+00	0.00e+00	0.00e+00	0.00e+00	0.00e+00	0.00e+00	8.54e-103
 1.99286e+13	6.79e-30	1.88e-21	4.78e-14	1.51e-07	9.80e-01	1.99e-02	0.00e+00	0.00e+00	0.00e+00	0.00e+00	0.00e+00	0.00e+00	6.80e-87
 2.05925e+13	8.60e-30	2.26e-21	5.48e-14	1.63e-07	9.81e-01	1.85e-02	0.00e+00	0.00e+00	0.00e+00	0.00e+00	0.00e+00	0.00e+00	4.51e-102
 2.13261e+13	1.11e-29	2.76e-21	6.34e-14	1.77e-07	9.83e-01	1.71e-02	0.00e+00	0.00e+00	0.00e+00	0.00e+00	0.00e+00	0.00e+00	2.40e-86
 2.21049e+13	1.43e-29	3.37e-21	7.36e-14	1.92e-07	9.84e-01	1.58e-02	0.00e+00	0.00e+00	0.00e+00	0.00e+00	0.00e+00	0.00e+00	2.42e-101
 2.27809e+13	1.78e-29	4.00e-21	8.33e-14	2.05e-07	9.85e-01	1.48e-02	0.00e+00	0.00e+00	0.00e+00	0.00e+00	0.00e+00	0.00e+00	8.19e-86
 2.34977e+13	2.23e-29	4.77e-21	9.46e-14	2.20e-07	9.86e-01	1.39e-02	0.00e+00	0.00e+00	0.00e+00	0.00e+00	0.00e+00	0.00e+00	1.04e-100
 2.43959e+13	2.92e-29	5.88e-21	1.10e-13	2.39e-07	9.87e-01	1.28e-02	0.00e+00	0.00e+00	0.00e+00	0.00e+00	0.00e+00	0.00e+00	3.02e-85
 2.53035e+13	3.80e-29	7.23e-21	1.28e-13	2.59e-07	9.88e-01	1.18e-02	0.00e+00	0.00e+00	0.00e+00	0.00e+00	0.00e+00	0.00e+00	6.12e-100
 2.60831e+13	4.74e-29	8.58e-21	1.45e-13	2.77e-07	9.89e-01	1.11e-02	0.00e+00	0.00e+00	0.00e+00	0.00e+00	0.00e+00	0.00e+00	1.09e-84
 2.69228e+13	5.97e-29	1.03e-20	1.65e-13	2.96e-07	9.90e-01	1.04e-02	0.00e+00	0.00e+00	0.00e+00	0.00e+00	0.00e+00	0.00e+00	2.74e-99
 2.79603e+13	7.88e-29	1.27e-20	1.92e-13	3.22e-07	9.90e-01	9.56e-03	0.00e+00	0.00e+00	0.00e+00	0.00e+00	0.00e+00	0.00e+00	4.21e-84
 2.90248e+13	1.03e-28	1.57e-20	2.24e-13	3.49e-07	9.91e-01	8.83e-03	0.00e+00	0.00e+00	0.00e+00	0.00e+00	0.00e+00	0.00e+00	1.69e-98
 2.99816e+13	1.31e-28	1.89e-20	2.55e-13	3.74e-07	9.92e-01	8.25e-03	0.00e+00	0.00e+00	0.00e+00	0.00e+00	0.00e+00	0.00e+00	1.65e-83
 3.10286e+13	1.69e-28	2.30e-20	2.93e-13	4.02e-07	9.92e-01	7.68e-03	0.00e+00	0.00e+00	0.00e+00	0.00e+00	0.00e+00	0.00e+00	8.67e-98
 3.22677e+13	2.27e-28	2.87e-20	3.42e-13	4.37e-07	9.93e-01	7.08e-03	0.00e+00	0.00e+00	0.00e+00	0.00e+00	0.00e+00	0.00e+00	7.19e-83
 3.35157e+13	3.00e-28	3.57e-20	3.99e-13	4.73e-07	9.93e-01	6.54e-03	0.00e+00	0.00e+00	0.00e+00	0.00e+00	0.00e+00	0.00e+00	5.76e-97
 3.46980e+13	3.89e-28	4.35e-20	4.58e-13	5.09e-07	9.94e-01	6.09e-03	0.00e+00	0.00e+00	0.00e+00	0.00e+00	0.00e+00	0.00e+00	3.09e-82
 3.60003e+13	5.14e-28	5.38e-20	5.30e-13	5.49e-07	9.94e-01	5.65e-03	0.00e+00	0.00e+00	0.00e+00	0.00e+00	0.00e+00	0.00e+00	3.40e-96
 3.74702e+13	6.95e-28	6.77e-20	6.22e-13	5.96e-07	9.95e-01	5.20e-03	0.00e+00	0.00e+00	0.00e+00	0.00e+00	0.00e+00	0.00e+00	1.49e-81
 3.89653e+13	9.36e-28	8.50e-20	7.27e-13	6.46e-07	9.95e-01	4.80e-03	0.00e+00	0.00e+00	0.00e+00	0.00e+00	0.00e+00	0.00e+00	2.45e-95
 4.05202e+13	1.26e-27	1.07e-19	8.49e-13	7.00e-07	9.96e-01	4.44e-03	0.00e+00	0.00e+00	0.00e+00	0.00e+00	0.00e+00	0.00e+00	7.59e-81
 4.21709e+13	1.71e-27	1.34e-19	9.95e-13	7.59e-07	9.96e-01	4.09e-03	0.00e+00	0.00e+00	0.00e+00	0.00e+00	0.00e+00	0.00e+00	1.78e-94
 4.38877e+13	2.32e-27	1.69e-19	1.17e-12	8.23e-07	9.96e-01	3.78e-03	0.00e+00	0.00e+00	0.00e+00	0.00e+00	0.00e+00	0.00e+00	4.03e-80
 4.55970e+13	3.12e-27	2.12e-19	1.36e-12	8.90e-07	9.97e-01	3.50e-03	0.00e+00	0.00e+00	0.00e+00	0.00e+00	0.00e+00	0.00e+00	1.27e-93
 4.73746e+13	4.19e-27	2.65e-19	1.58e-12	9.61e-07	9.97e-01	3.24e-03	0.00e+00	0.00e+00	0.00e+00	0.00e+00	0.00e+00	0.00e+00	2.02e-79
 4.92995e+13	5.70e-27	3.34e-19	1.85e-12	1.04e-06	9.97e-01	2.99e-03	0.00e+00	0.00e+00	0.00e+00	0.00e+00	0.00e+00	0.00e+00	9.18e-93
 5.12580e+13	7.71e-27	4.20e-19	2.16e-12	1.13e-06	9.97e-01	2.77e-03	0.00e+00	0.00e+00	0.00e+00	0.00e+00	0.00e+00	0.00e+00	1.08e-78
 5.32949e+13	1.04e-26	5.28e-19	2.52e-12	1.22e-06	9.97e-01	2.56e-03	0.00e+00	0.00e+00	0.00e+00	0.00e+00	0.00e+00	0.00e+00	6.62e-92
 5.52449e+13	1.38e-26	6.51e-19	2.90e-12	1.31e-06	9.98e-01	2.38e-03	0.00e+00	0.00e+00	0.00e+00	0.00e+00	0.00e+00	0.00e+00	5.31e-78
 5.69719e+13	1.75e-26	7.80e-19	3.28e-12	1.39e-06	9.98e-01	2.24e-03	0.00e+00	0.00e+00	0.00e+00	0.00e+00	0.00e+00	0.00e+00	3.61e-91
 5.88965e+13	2.27e-26	9.49e-19	3.74e-12	1.49e-06	9.98e-01	2.10e-03	0.00e+00	0.00e+00	0.00e+00	0.00e+00	0.00e+00	0.00e+00	2.10e-77
 6.11990e+13	3.05e-26	1.19e-18	4.35e-12	1.61e-06	9.98e-01	1.94e-03	0.00e+00	0.00e+00	0.00e+00	0.00e+00	0.00e+00	0.00e+00	4.71e-77
 6.35377e+13	4.10e-26	1.48e-18	5.04e-12	1.73e-06	9.98e-01	1.80e-03	0.00e+00	0.00e+00	0.00e+00	0.00e+00	0.00e+00	0.00e+00	1.07e-76
 6.57718e+13	5.36e-26	1.81e-18	5.78e-12	1.85e-06	9.98e-01	1.68e-03	0.00e+00	0.00e+00	0.00e+00	0.00e+00	0.00e+00	0.00e+00	2.21e-76
 6.82343e+13	7.12e-26	2.25e-18	6.69e-12	2.00e-06	9.98e-01	1.56e-03	0.00e+00	0.00e+00	0.00e+00	0.00e+00	0.00e+00	0.00e+00	4.82e-76
 7.09936e+13	9.70e-26	2.84e-18	7.83e-12	2.16e-06	9.99e-01	1.44e-03	0.00e+00	0.00e+00	0.00e+00	0.00e+00	0.00e+00	0.00e+00	1.13e-75
 7.37913e+13	1.31e-25	3.57e-18	9.12e-12	2.33e-06	9.99e-01	1.34e-03	0.00e+00	0.00e+00	0.00e+00	0.00e+00	0.00e+00	0.00e+00	2.61e-75
 7.67009e+13	1.77e-25	4.47e-18	1.06e-11	2.52e-06	9.99e-01	1.23e-03	0.00e+00	0.00e+00	0.00e+00	0.00e+00	0.00e+00	0.00e+00	5.88e-75
 7.97989e+13	2.41e-25	5.65e-18	1.24e-11	2.73e-06	9.99e-01	1.14e-03	0.00e+00	0.00e+00	0.00e+00	0.00e+00	0.00e+00	0.00e+00	1.38e-74
 8.30207e+13	3.27e-25	7.11e-18	1.46e-11	2.96e-06	9.99e-01	1.05e-03	0.00e+00	0.00e+00	0.00e+00	0.00e+00	0.00e+00	0.00e+00	3.18e-74
 8.63715e+13	4.45e-25	8.98e-18	1.70e-11	3.20e-06	9.99e-01	9.73e-04	0.00e+00	0.00e+00	0.00e+00	0.00e+00	0.00e+00	0.00e+00	7.46e-74
 8.95039e+13	5.85e-25	1.10e-17	1.96e-11	3.44e-06	9.99e-01	9.05e-04	0.00e+00	0.00e+00	0.00e+00	0.00e+00	0.00e+00	0.00e+00	1.57e-73
 9.22677e+13	7.41e-25	1.32e-17	2.21e-11	3.65e-06	9.99e-01	8.51e-04	0.00e+00	0.00e+00	0.00e+00	0.00e+00	0.00e+00	0.00e+00	3.01e-73
 9.53487e+13	9.57e-25	1.60e-17	2.52e-11	3.90e-06	9.99e-01	7.97e-04	0.00e+00	0.00e+00	0.00e+00	0.00e+00	0.00e+00	0.00e+00	6.09e-73
 9.90470e+13	1.28e-24	2.00e-17	2.94e-11	4.22e-06	9.99e-01	7.37e-04	0.00e+00	0.00e+00	0.00e+00	0.00e+00	0.00e+00	0.00e+00	1.35e-72
 1.02758e+14	1.71e-24	2.48e-17	3.40e-11	4.54e-06	9.99e-01	6.85e-04	0.00e+00	0.00e+00	0.00e+00	0.00e+00	0.00e+00	0.00e+00	2.98e-72
 1.06166e+14	2.19e-24	3.00e-17	3.87e-11	4.85e-06	9.99e-01	6.40e-04	0.00e+00	0.00e+00	0.00e+00	0.00e+00	0.00e+00	0.00e+00	5.89e-72
 1.09968e+14	2.88e-24	3.68e-17	4.45e-11	5.21e-06	9.99e-01	5.97e-04	0.00e+00	0.00e+00	0.00e+00	0.00e+00	0.00e+00	0.00e+00	1.25e-71
 1.14374e+14	3.89e-24	4.63e-17	5.20e-11	5.64e-06	9.99e-01	5.51e-04	0.00e+00	0.00e+00	0.00e+00	0.00e+00	1.50e-17	3.14e-17	2.86e-71
 1.18672e+14	5.19e-24	5.76e-17	6.03e-11	6.07e-06	9.99e-01	5.11e-04	0.00e+00	0.00e+00	0.00e+00	0.00e+00	1.91e-17	3.85e-17	6.34e-71
 1.22722e+14	6.70e-24	7.00e-17	6.90e-11	6.51e-06	1.00e+00	4.77e-04	0.00e+00	0.00e+00	0.00e+00	0.00e+00	2.32e-17	4.67e-17	1.27e-70
 1.27241e+14	8.88e-24	8.66e-17	7.97e-11	6.99e-06	1.00e+00	4.44e-04	0.00e+00	0.00e+00	0.00e+00	0.00e+00	2.87e-17	5.78e-17	2.76e-70
 1.32360e+14	1.21e-23	1.09e-16	9.32e-11	7.57e-06	1.00e+00	4.10e-04	0.00e+00	0.00e+00	0.00e+00	0.00e+00	3.63e-17	7.30e-17	6.44e-70
 1.37464e+14	1.62e-23	1.36e-16	1.08e-10	8.18e-06	1.00e+00	3.80e-04	0.00e+00	0.00e+00	0.00e+00	0.00e+00	4.53e-17	9.11e-17	1.44e-69
 1.42773e+14	2.17e-23	1.70e-16	1.26e-10	8.83e-06	1.00e+00	3.52e-04	0.00e+00	0.00e+00	0.00e+00	0.00e+00	5.66e-17	1.14e-16	3.22e-69
 1.48514e+14	2.94e-23	2.15e-16	1.48e-10	9.56e-06	1.00e+00	3.25e-04	0.00e+00	0.00e+00	0.00e+00	0.00e+00	7.13e-17	1.44e-16	7.46e-69
 1.54484e+14	4.00e-23	2.71e-16	1.73e-10	1.04e-05	1.00e+00	3.00e-04	0.00e+00	0.00e+00	0.00e+00	0.00e+00	8.99e-17	1.81e-16	1.73e-68
 1.60693e+14	5.42e-23	3.41e-16	2.03e-10	1.12e-05	1.00e+00	2.77e-04	0.00e+00	0.00e+00	0.00e+00	0.00e+00	1.13e-16	2.28e-16	3.97e-68
 1.66899e+14	7.30e-23	4.27e-16	2.36e-10	1.21e-05	1.00e+00	2.57e-04	0.00e+00	0.00e+00	0.00e+00	0.00e+00	1.42e-16	2.85e-16	9.05e-68
 1.73353e+14	9.76e-23	5.32e-16	2.75e-10	1.31e-05	1.00e+00	2.38e-04	0.00e+00	0.00e+00	0.00e+00	0.00e+00	1.77e-16	3.55e-16	2.00e-67
 1.79960e+14	1.31e-22	6.65e-16	3.19e-10	1.41e-05	1.00e+00	2.21e-04	0.00e+00	0.00e+00	0.00e+00	0.00e+00	2.21e-16	4.44e-16	4.53e-67
 1.86250e+14	1.70e-22	8.10e-16	3.66e-10	1.51e-05	1.00e+00	2.06e-04	0.00e+00	0.00e+00	0.00e+00	0.00e+00	2.69e-16	5.41e-16	9.20e-67
 1.93149e+14	2.27e-22	1.01e-15	4.23e-10	1.63e-05	1.00e+00	1.91e-04	0.00e+00	0.00e+00	0.00e+00	0.00e+00	3.35e-16	6.74e-16	2.05e-66
 2.00905e+14	3.06e-22	1.26e-15	4.96e-10	1.76e-05	1.00e+00	1.77e-04	0.00e+00	0.00e+00	0.00e+00	0.00e+00	4.20e-16	8.45e-16	4.64e-66
 2.08578e+14	4.12e-22	1.58e-15	5.75e-10	1.90e-05	1.00e+00	1.64e-04	0.00e+00	0.00e+00	0.00e+00	0.00e+00	5.25e-16	1.06e-15	1.06e-65
 2.15455e+14	5.27e-22	1.90e-15	6.55e-10	2.03e-05	1.00e+00	1.54e-04	0.00e+00	0.00e+00	0.00e+00	0.00e+00	6.32e-16	1.27e-15	2.06e-65
 2.22718e+14	6.85e-22	2.32e-15	7.48e-10	2.17e-05	1.00e+00	1.44e-04	0.00e+00	0.00e+00	0.00e+00	0.00e+00	7.71e-16	1.55e-15	4.27e-65
 2.31374e+14	9.14e-22	2.89e-15	8.71e-10	2.34e-05	1.00e+00	1.33e-04	0.00e+00	0.00e+00	0.00e+00	0.00e+00	9.59e-16	1.93e-15	9.39e-65
 2.39919e+14	1.21e-21	3.58e-15	1.01e-09	2.51e-05	1.00e+00	1.24e-04	0.00e+00	0.00e+00	0.00e+00	0.00e+00	1.19e-15	2.40e-15	2.06e-64
 2.47719e+14	1.54e-21	4.30e-15	1.14e-09	2.68e-05	1.00e+00	1.16e-04	0.00e+00	0.00e+00	0.00e+00	0.00e+00	1.43e-15	2.87e-15	3.97e-64
 2.56475e+14	2.02e-21	5.28e-15	1.31e-09	2.88e-05	1.00e+00	1.08e-04	0.00e+00	0.00e+00	0.00e+00	0.00e+00	1.75e-15	3.53e-15	8.46e-64
 2.66076e+14	2.66e-21	6.50e-15	1.52e-09	3.10e-05	1.00e+00	1.00e-04	0.00e+00	0.00e+00	0.00e+00	0.00e+00	2.16e-15	4.34e-15	1.78e-63
 2.74833e+14	3.43e-21	7.88e-15	1.73e-09	3.31e-05	1.00e+00	9.42e-05	0.00e+00	0.00e+00	0.00e+00	0.00e+00	2.61e-15	5.27e-15	3.60e-63
 2.84277e+14	4.39e-21	9.52e-15	1.98e-09	3.54e-05	1.00e+00	8.79e-05	0.00e+00	0.00e+00	0.00e+00	0.00e+00	3.16e-15	6.36e-15	7.11e-63
 2.94856e+14	5.78e-21	1.17e-14	2.29e-09	3.82e-05	1.00e+00	8.16e-05	0.00e+00	0.00e+00	0.00e+00	0.00e+00	3.89e-15	7.84e-15	1.51e-62
 3.04844e+14	7.49e-21	1.43e-14	2.62e-09	4.08e-05	1.00e+00	7.63e-05	0.00e+00	0.00e+00	0.00e+00	0.00e+00	4.74e-15	9.56e-15	3.11e-62
 3.15759e+14	9.67e-21	1.74e-14	3.02e-09	4.38e-05	1.00e+00	7.10e-05	0.00e+00	0.00e+00	0.00e+00	0.00e+00	5.76e-15	1.16e-14	6.27e-62
 3.27853e+14	1.28e-20	2.15e-14	3.51e-09	4.73e-05	1.00e+00	6.57e-05	0.00e+00	0.00e+00	0.00e+00	0.00e+00	7.13e-15	1.44e-14	1.35e-61
 3.39114e+14	1.64e-20	2.60e-14	4.01e-09	5.07e-05	1.00e+00	6.13e-05	0.00e+00	0.00e+00	0.00e+00	0.00e+00	8.63e-15	1.74e-14	2.67e-61
 3.51355e+14	2.15e-20	3.21e-14	4.62e-09	5.44e-05	1.00e+00	5.71e-05	0.00e+00	0.00e+00	0.00e+00	0.00e+00	1.06e-14	2.14e-14	5.70e-61
 3.65091e+14	2.81e-20	3.95e-14	5.39e-09	5.90e-05	1.00e+00	5.27e-05	0.00e+00	0.00e+00	0.00e+00	0.00e+00	1.31e-14	2.64e-14	1.19e-60
 3.78134e+14	3.66e-20	4.84e-14	6.21e-09	6.33e-05	1.00e+00	4.90e-05	0.00e+00	0.00e+00	0.00e+00	0.00e+00	1.60e-14	3.24e-14	2.48e-60
 3.92047e+14	4.71e-20	5.88e-14	7.17e-09	6.83e-05	1.00e+00	4.55e-05	0.00e+00	0.00e+00	0.00e+00	0.00e+00	1.95e-14	3.93e-14	4.95e-60
 4.07759e+14	6.30e-20	7.37e-14	8.40e-09	7.40e-05	1.00e+00	4.19e-05	0.00e+00	0.00e+00	0.00e+00	0.00e+00	2.44e-14	4.93e-14	1.11e-59
 4.23252e+14	8.09e-20	8.96e-14	9.75e-09	8.01e-05	1.00e+00	3.87e-05	0.00e+00	0.00e+00	0.00e+00	0.00e+00	2.97e-14	5.99e-14	2.21e-59
 4.38173e+14	1.04e-19	1.09e-13	1.12e-08	8.60e-05	1.00e+00	3.60e-05	0.00e+00	0.00e+00	0.00e+00	0.00e+00	3.60e-14	7.27e-14	4.41e-59
 4.54537e+14	1.34e-19	1.33e-13	1.30e-08	9.29e-05	1.00e+00	3.33e-05	0.00e+00	0.00e+00	0.00e+00	0.00e+00	4.39e-14	8.87e-14	8.90e-59
 4.72749e+14	1.76e-19	1.64e-13	1.52e-08	1.01e-04	1.00e+00	3.07e-05	0.00e+00	0.00e+00	0.00e+00	0.00e+00	5.44e-14	1.10e-13	1.90e-58
 4.91217e+14	2.28e-19	2.02e-13	1.77e-08	1.10e-04	1.00e+00	2.83e-05	0.00e+00	0.00e+00	0.00e+00	0.00e+00	6.69e-14	1.35e-13	3.92e-58
 5.10424e+14	3.02e-19	2.52e-13	2.07e-08	1.19e-04	1.00e+00	2.61e-05	0.00e+00	0.00e+00	0.00e+00	0.00e+00	8.33e-14	1.68e-13	8.60e-58
 5.30871e+14	3.88e-19	3.07e-13	2.43e-08	1.29e-04	1.00e+00	2.39e-05	0.00e+00	0.00e+00	0.00e+00	0.00e+00	1.02e-13	2.05e-13	1.72e-57
 5.50268e+14	5.01e-19	3.76e-13	2.80e-08	1.39e-04	1.00e+00	2.22e-05	0.00e+00	0.00e+00	0.00e+00	0.00e+00	1.24e-13	2.52e-13	3.52e-57
 5.66385e+14	6.04e-19	4.37e-13	3.15e-08	1.48e-04	1.00e+00	2.08e-05	0.00e+00	0.00e+00	0.00e+00	0.00e+00	1.45e-13	2.92e-13	5.95e-57
 5.82818e+14	7.22e-19	5.04e-13	3.53e-08	1.58e-04	1.00e+00	1.96e-05	0.00e+00	0.00e+00	0.00e+00	0.00e+00	1.67e-13	3.38e-13	9.82e-57
 6.03963e+14	9.12e-19	6.08e-13	4.08e-08	1.70e-04	1.00e+00	1.82e-05	0.00e+00	0.00e+00	0.00e+00	0.00e+00	2.01e-13	4.07e-13	1.89e-56
 6.25739e+14	1.15e-18	7.33e-13	4.71e-08	1.84e-04	1.00e+00	1.69e-05	0.00e+00	0.00e+00	0.00e+00	0.00e+00	2.42e-13	4.90e-13	3.62e-56
 6.44191e+14	1.40e-18	8.56e-13	5.29e-08	1.96e-04	1.00e+00	1.58e-05	0.00e+00	0.00e+00	0.00e+00	0.00e+00	2.83e-13	5.73e-13	6.27e-56
 6.63815e+14	1.70e-18	1.01e-12	5.97e-08	2.09e-04	1.00e+00	1.49e-05	0.00e+00	0.00e+00	0.00e+00	0.00e+00	3.33e-13	6.73e-13	1.11e-55
 6.88420e+14	2.12e-18	1.20e-12	6.92e-08	2.27e-04	1.00e+00	1.37e-05	0.00e+00	0.00e+00	0.00e+00	0.00e+00	3.98e-13	8.07e-13	2.08e-55
 7.13613e+14	2.66e-18	1.45e-12	8.00e-08	2.46e-04	1.00e+00	1.27e-05	0.00e+00	0.00e+00	0.00e+00	0.00e+00	4.79e-13	9.71e-13	3.97e-55
 7.35552e+14	3.23e-18	1.70e-12	9.03e-08	2.62e-04	1.00e+00	1.19e-05	0.00e+00	0.00e+00	0.00e+00	0.00e+00	5.61e-13	1.14e-12	6.93e-55
 7.59145e+14	3.97e-18	2.00e-12	1.03e-07	2.81e-04	1.00e+00	1.12e-05	0.00e+00	0.00e+00	0.00e+00	0.00e+00	6.62e-13	1.34e-12	1.25e-54
 7.87945e+14	4.96e-18	2.41e-12	1.19e-07	3.06e-04	1.00e+00	1.03e-05	0.00e+00	0.00e+00	0.00e+00	0.00e+00	7.96e-13	1.61e-12	2.39e-54
 8.16607e+14	6.27e-18	2.91e-12	1.38e-07	3.30e-04	1.00e+00	9.55e-06	0.00e+00	0.00e+00	0.00e+00	0.00e+00	9.63e-13	1.95e-12	4.72e-54
 8.41748e+14	7.56e-18	3.41e-12	1.55e-07	3.53e-04	1.00e+00	8.96e-06	0.00e+00	0.00e+00	0.00e+00	0.00e+00	1.13e-12	2.28e-12	8.22e-54
 8.69220e+14	9.23e-18	4.02e-12	1.77e-07	3.79e-04	1.00e+00	8.37e-06	0.00e+00	0.00e+00	0.00e+00	0.00e+00	1.33e-12	2.69e-12	1.48e-53
 9.02458e+14	1.15e-17	4.83e-12	2.06e-07	4.12e-04	1.00e+00	7.73e-06	0.00e+00	0.00e+00	0.00e+00	0.00e+00	1.59e-12	3.23e-12	2.85e-53
 9.35566e+14	1.45e-17	5.84e-12	2.37e-07	4.46e-04	1.00e+00	7.17e-06	0.00e+00	0.00e+00	0.00e+00	0.00e+00	1.93e-12	3.91e-12	5.67e-53
 9.65190e+14	1.76e-17	6.83e-12	2.69e-07	4.78e-04	1.00e+00	6.72e-06	0.00e+00	0.00e+00	0.00e+00	0.00e+00	2.26e-12	4.58e-12	1.00e-52
 9.97909e+14	2.15e-17	8.09e-12	3.07e-07	5.15e-04	9.99e-01	6.27e-06	0.00e+00	0.00e+00	0.00e+00	0.00e+00	2.67e-12	5.42e-12	1.85e-52
 1.03675e+15	2.70e-17	9.77e-12	3.58e-07	5.62e-04	9.99e-01	5.80e-06	0.00e+00	0.00e+00	0.00e+00	0.00e+00	3.22e-12	6.54e-12	3.68e-52
 1.07504e+15	3.40e-17	1.18e-11	4.14e-07	6.08e-04	9.99e-01	5.39e-06	0.00e+00	0.00e+00	0.00e+00	0.00e+00	3.90e-12	7.93e-12	7.43e-52
 1.11022e+15	4.12e-17	1.39e-11	4.71e-07	6.54e-04	9.99e-01	5.05e-06	0.00e+00	0.00e+00	0.00e+00	0.00e+00	4.58e-12	9.30e-12	1.34e-51
 1.14986e+15	5.12e-17	1.67e-11	5.42e-07	7.06e-04	9.99e-01	4.71e-06	0.00e+00	4.37e-18	1.31e-17	2.19e-17	5.49e-12	1.12e-11	2.65e-51
 1.19573e+15	6.55e-17	2.04e-11	6.35e-07	7.72e-04	9.99e-01	4.36e-06	0.00e+00	5.59e-18	1.68e-17	2.80e-17	6.71e-12	1.36e-11	5.61e-51
 1.24049e+15	8.23e-17	2.46e-11	7.36e-07	8.39e-04	9.99e-01	4.06e-06	0.00e+00	7.04e-18	2.11e-17	3.53e-17	8.12e-12	1.65e-11	1.15e-50
 1.28296e+15	1.01e-16	2.93e-11	8.41e-07	9.03e-04	9.99e-01	3.81e-06	0.00e+00	8.64e-18	2.59e-17	4.33e-17	9.65e-12	1.96e-11	2.21e-50
 1.33023e+15	1.27e-16	3.53e-11	9.73e-07	9.81e-04	9.99e-01	3.56e-06	0.00e+00	1.09e-17	3.27e-17	5.47e-17	1.17e-11	2.37e-11	4.56e-50
 1.38346e+15	1.63e-16	4.34e-11	1.14e-06	1.07e-03	9.99e-01	3.31e-06	0.00e+00	1.40e-17	4.20e-17	7.00e-17	1.43e-11	2.91e-11	1.01e-49
 1.43737e+15	2.06e-16	5.28e-11	1.32e-06	1.17e-03	9.99e-01	3.09e-06	0.00e+00	1.77e-17	5.32e-17	8.89e-17	1.74e-11	3.54e-11	2.15e-49
 1.49342e+15	2.60e-16	6.44e-11	1.54e-06	1.27e-03	9.99e-01	2.89e-06	0.00e+00	2.24e-17	6.73e-17	1.12e-16	2.12e-11	4.31e-11	4.61e-49
 1.54347e+15	3.22e-16	7.67e-11	1.76e-06	1.37e-03	9.99e-01	2.73e-06	0.00e+00	2.78e-17	8.34e-17	1.39e-16	2.53e-11	5.14e-11	9.17e-49
 1.58179e+15	3.81e-16	8.76e-11	1.94e-06	1.44e-03	9.99e-01	2.63e-06	0.00e+00	3.28e-17	9.86e-17	1.65e-16	2.89e-11	5.87e-11	1.55e-48
 1.62218e+15	4.47e-16	1.00e-10	2.14e-06	1.53e-03	9.98e-01	2.52e-06	0.00e+00	3.86e-17	1.16e-16	1.94e-16	3.30e-11	6.71e-11	2.63e-48
 1.67469e+15	5.41e-16	1.18e-10	2.43e-06	1.64e-03	9.98e-01	2.39e-06	0.00e+00	4.68e-17	1.40e-16	2.34e-16	3.89e-11	7.89e-11	4.98e-48
 1.73187e+15	6.83e-16	1.42e-10	2.78e-06	1.77e-03	9.98e-01	2.28e-06	0.00e+00	5.91e-17	1.77e-16	2.96e-16	4.68e-11	9.50e-11	1.05e-47
 1.78358e+15	8.27e-16	1.66e-10	3.13e-06	1.88e-03	9.98e-01	2.18e-06	0.00e+00	7.17e-17	2.15e-16	3.59e-16	5.49e-11	1.11e-10	1.96e-47
 1.83929e+15	9.97e-16	1.95e-10	3.53e-06	2.02e-03	9.98e-01	2.08e-06	0.00e+00	8.64e-17	2.59e-16	4.33e-16	6.43e-11	1.30e-10	3.66e-47
 1.90821e+15	1.29e-15	2.39e-10	4.09e-06	2.19e-03	9.98e-01	1.99e-06	0.00e+00	1.12e-16	3.36e-16	5.61e-16	7.91e-11	1.60e-10	8.36e-47
 1.97747e+15	1.60e-15	2.88e-10	4.72e-06	2.36e-03	9.98e-01	1.89e-06	0.00e+00	1.39e-16	4.16e-16	6.95e-16	9.50e-11	1.93e-10	1.72e-46
 2.03816e+15	1.96e-15	3.40e-10	5.32e-06	2.53e-03	9.97e-01	1.82e-06	0.00e+00	1.70e-16	5.11e-16	8.53e-16	1.12e-10	2.28e-10	3.36e-46
 2.10451e+15	2.42e-15	4.05e-10	6.04e-06	2.71e-03	9.97e-01	1.76e-06	0.00e+00	2.10e-16	6.32e-16	1.05e-15	1.34e-10	2.71e-10	6.73e-46
 2.18488e+15	3.16e-15	5.01e-10	7.02e-06	2.95e-03	9.97e-01	1.69e-06	0.00e+00	2.76e-16	8.27e-16	1.38e-15	1.66e-10	3.36e-10	1.58e-45
 2.26520e+15	4.05e-15	6.14e-10	8.10e-06	3.19e-03	9.97e-01	1.63e-06	0.00e+00	3.54e-16	1.06e-15	1.77e-15	2.03e-10	4.11e-10	3.52e-45
 2.33710e+15	5.00e-15	7.30e-10	9.17e-06	3.42e-03	9.97e-01	1.58e-06	0.00e+00	4.37e-16	1.31e-15	2.19e-15	2.41e-10	4.88e-10	6.98e-45
 2.41629e+15	6.28e-15	8.79e-10	1.05e-05	3.68e-03	9.96e-01	1.54e-06	0.00e+00	5.49e-16	1.65e-15	2.75e-15	2.91e-10	5.88e-10	1.45e-44
 2.51029e+15	7.93e-15	1.07e-09	1.22e-05	3.99e-03	9.96e-01	1.49e-06	0.00e+00	6.95e-16	2.09e-15	3.48e-15	3.54e-10	7.18e-10	3.15e-44
 2.60353e+15	1.05e-14	1.33e-09	1.41e-05	4.33e-03	9.96e-01	1.46e-06	0.00e+00	9.17e-16	2.75e-15	4.59e-15	4.41e-10	8.93e-10	7.50e-44
 2.68910e+15	1.31e-14	1.60e-09	1.60e-05	4.64e-03	9.95e-01	1.43e-06	0.00e+00	1.15e-15	3.45e-15	5.76e-15	5.30e-10	1.07e-09	1.54e-43
 2.78470e+15	1.66e-14	1.95e-09	1.84e-05	5.00e-03	9.95e-01	1.40e-06	0.00e+00	1.46e-15	4.38e-15	7.31e-15	6.45e-10	1.31e-09	3.29e-43
 2.89553e+15	2.13e-14	2.40e-09	2.15e-05	5.44e-03	9.95e-01	1.37e-06	0.00e+00	1.87e-15	5.62e-15	9.38e-15	7.95e-10	1.61e-09	7.30e-43
 3.00458e+15	2.83e-14	3.01e-09	2.50e-05	5.90e-03	9.94e-01	1.35e-06	0.00e+00	2.49e-15	7.47e-15	1.25e-14	9.96e-10	2.01e-09	1.76e-42
 3.10853e+15	3.60e-14	3.66e-09	2.86e-05	6.35e-03	9.94e-01	1.34e-06	0.00e+00	3.18e-15	9.53e-15	1.59e-14	1.21e-09	2.45e-09	3.70e-42
 3.22343e+15	4.63e-14	4.50e-09	3.31e-05	6.86e-03	9.93e-01	1.32e-06	0.00e+00	4.08e-15	1.22e-14	2.04e-14	1.49e-09	3.01e-09	8.07e-42
 3.35240e+15	5.97e-14	5.56e-09	3.87e-05	7.46e-03	9.93e-01	1.30e-06	0.00e+00	5.27e-15	1.58e-14	2.64e-14	1.84e-09	3.72e-09	1.78e-41
 3.48321e+15	8.06e-14	7.06e-09	4.51e-05	8.11e-03	9.92e-01	1.30e-06	0.00e+00	7.12e-15	2.14e-14	3.57e-14	2.34e-09	4.72e-09	4.40e-41
 3.61926e+15	1.06e-13	8.83e-09	5.26e-05	8.80e-03	9.91e-01	1.29e-06	0.00e+00	9.38e-15	2.81e-14	4.69e-14	2.92e-09	5.90e-09	1.01e-40
 3.76406e+15	1.39e-13	1.11e-08	6.15e-05	9.56e-03	9.90e-01	1.29e-06	0.00e+00	1.23e-14	3.70e-14	6.17e-14	3.66e-09	7.39e-09	2.29e-40
 3.88940e+15	1.76e-13	1.34e-08	7.02e-05	1.03e-02	9.90e-01	1.29e-06	0.00e+00	1.56e-14	4.68e-14	7.80e-14	4.44e-09	8.95e-09	4.45e-40
 3.98560e+15	2.10e-13	1.55e-08	7.74e-05	1.08e-02	9.89e-01	1.29e-06	0.00e+00	1.86e-14	5.59e-14	9.33e-14	5.13e-09	1.03e-08	7.61e-40
 4.08835e+15	2.53e-13	1.80e-08	8.57e-05	1.14e-02	9.89e-01	1.29e-06	0.00e+00	2.24e-14	6.73e-14	1.12e-13	5.95e-09	1.20e-08	1.30e-39
 4.22192e+15	3.11e-13	2.14e-08	9.75e-05	1.22e-02	9.88e-01	1.28e-06	0.00e+00	2.76e-14	8.29e-14	1.38e-13	7.08e-09	1.43e-08	2.39e-39
 4.36788e+15	4.07e-13	2.65e-08	1.12e-04	1.31e-02	9.87e-01	1.29e-06	0.00e+00	3.61e-14	1.08e-13	1.81e-13	8.78e-09	1.77e-08	5.25e-39
 4.50060e+15	5.01e-13	3.15e-08	1.26e-04	1.40e-02	9.86e-01	1.29e-06	0.00e+00	4.45e-14	1.34e-13	2.23e-13	1.05e-08	2.11e-08	9.71e-39
 4.64376e+15	6.18e-13	3.75e-08	1.43e-04	1.49e-02	9.85e-01	1.29e-06	0.00e+00	5.49e-14	1.65e-13	2.75e-13	1.24e-08	2.50e-08	1.78e-38
 4.81918e+15	8.26e-13	4.74e-08	1.66e-04	1.62e-02	9.84e-01	1.30e-06	0.00e+00	7.35e-14	2.21e-13	3.68e-13	1.57e-08	3.17e-08	4.11e-38
 4.99305e+15	1.06e-12	5.83e-08	1.92e-04	1.74e-02	9.82e-01	1.31e-06	0.00e+00	9.43e-14	2.83e-13	4.72e-13	1.93e-08	3.90e-08	8.43e-38
 5.14393e+15	1.29e-12	6.88e-08	2.17e-04	1.85e-02	9.81e-01	1.31e-06	0.00e+00	1.15e-13	3.46e-13	5.77e-13	2.28e-08	4.60e-08	1.49e-37
 5.30841e+15	1.62e-12	8.29e-08	2.46e-04	1.98e-02	9.80e-01	1.31e-06	0.00e+00	1.45e-13	4.34e-13	7.24e-13	2.75e-08	5.54e-08	2.84e-37
 5.50942e+15	2.17e-12	1.05e-07	2.87e-04	2.15e-02	9.78e-01	1.33e-06	0.00e+00	1.94e-13	5.82e-13	9.70e-13	3.49e-08	7.03e-08	6.37e-37
 5.70950e+15	2.81e-12	1.30e-07	3.31e-04	2.32e-02	9.77e-01	1.33e-06	0.00e+00	2.51e-13	7.52e-13	1.25e-12	4.33e-08	8.71e-08	1.30e-36
 5.88573e+15	3.50e-12	1.56e-07	3.75e-04	2.47e-02	9.75e-01	1.34e-06	0.00e+00	3.12e-13	9.37e-13	1.56e-12	5.19e-08	1.04e-07	2.34e-36
 6.07936e+15	4.43e-12	1.90e-07	4.29e-04	2.65e-02	9.73e-01	1.34e-06	0.00e+00	3.96e-13	1.19e-12	1.98e-12	6.31e-08	1.27e-07	4.54e-36
 6.31259e+15	5.70e-12	2.34e-07	5.00e-04	2.86e-02	9.71e-01	1.35e-06	0.00e+00	5.09e-13	1.53e-12	2.55e-12	7.76e-08	1.56e-07	8.87e-36
 6.54504e+15	7.58e-12	2.97e-07	5.82e-04	3.10e-02	9.68e-01	1.36e-06	0.00e+00	6.79e-13	2.04e-12	3.40e-12	9.87e-08	1.99e-07	1.98e-35
 6.75397e+15	9.53e-12	3.60e-07	6.62e-04	3.32e-02	9.66e-01	1.36e-06	0.00e+00	8.54e-13	2.56e-12	4.27e-12	1.19e-07	2.40e-07	3.68e-35
 6.98463e+15	1.22e-11	4.40e-07	7.62e-04	3.56e-02	9.64e-01	1.37e-06	0.00e+00	1.09e-12	3.27e-12	5.45e-12	1.46e-07	2.94e-07	7.04e-35
 7.24494e+15	1.56e-11	5.42e-07	8.88e-04	3.85e-02	9.61e-01	1.37e-06	0.00e+00	1.40e-12	4.21e-12	7.02e-12	1.80e-07	3.62e-07	1.36e-34
 7.49834e+15	2.06e-11	6.83e-07	1.03e-03	4.16e-02	9.57e-01	1.38e-06	0.00e+00	1.85e-12	5.55e-12	9.26e-12	2.27e-07	4.56e-07	2.90e-34
 7.73211e+15	2.58e-11	8.25e-07	1.17e-03	4.45e-02	9.54e-01	1.39e-06	0.00e+00	2.32e-12	6.95e-12	1.16e-11	2.74e-07	5.51e-07	5.28e-34
 7.98583e+15	3.28e-11	1.01e-06	1.34e-03	4.77e-02	9.51e-01	1.39e-06	0.00e+00	2.95e-12	8.84e-12	1.47e-11	3.34e-07	6.72e-07	9.68e-34
 8.27067e+15	4.19e-11	1.23e-06	1.56e-03	5.15e-02	9.47e-01	1.39e-06	0.00e+00	3.77e-12	1.13e-11	1.89e-11	4.09e-07	8.22e-07	1.81e-33
 8.54142e+15	5.46e-11	1.54e-06	1.79e-03	5.55e-02	9.43e-01	1.40e-06	0.00e+00	4.91e-12	1.47e-11	2.46e-11	5.11e-07	1.03e-06	3.67e-33
 8.79644e+15	6.78e-11	1.85e-06	2.04e-03	5.92e-02	9.39e-01	1.41e-06	0.00e+00	6.11e-12	1.83e-11	3.06e-11	6.13e-07	1.23e-06	6.30e-33
 9.03633e+15	8.24e-11	2.16e-06	2.29e-03	6.29e-02	9.35e-01	1.41e-06	0.00e+00	7.42e-12	2.23e-11	3.71e-11	7.19e-07	1.44e-06	1.02e-32
 9.29892e+15	1.03e-10	2.60e-06	2.61e-03	6.71e-02	9.30e-01	1.41e-06	0.00e+00	9.25e-12	2.77e-11	4.63e-11	8.64e-07	1.73e-06	1.76e-32
 9.58401e+15	1.32e-10	3.21e-06	2.99e-03	7.21e-02	9.25e-01	1.42e-06	0.00e+00	1.19e-11	3.58e-11	5.97e-11	1.07e-06	2.15e-06	3.43e-32
 9.83131e+15	1.61e-10	3.80e-06	3.35e-03	7.65e-02	9.20e-01	1.42e-06	0.00e+00	1.45e-11	4.36e-11	7.27e-11	1.26e-06	2.53e-06	5.54e-32
 1.00858e+16	1.98e-10	4.48e-06	3.77e-03	8.12e-02	9.15e-01	1.42e-06	0.00e+00	1.78e-11	5.35e-11	8.92e-11	1.49e-06	2.99e-06	8.97e-32
 1.04166e+16	2.53e-10	5.47e-06	4.38e-03	8.76e-02	9.08e-01	1.41e-06	0.00e+00	2.28e-11	6.85e-11	1.14e-10	1.82e-06	3.65e-06	1.60e-31
 1.07578e+16	3.35e-10	6.95e-06	5.11e-03	9.49e-02	9.00e-01	1.42e-06	0.00e+00	3.03e-11	9.10e-11	1.52e-10	2.31e-06	4.64e-06	3.27e-31
 1.10309e+16	4.11e-10	8.25e-06	5.76e-03	1.01e-01	8.93e-01	1.42e-06	0.00e+00	3.72e-11	1.12e-10	1.86e-10	2.74e-06	5.50e-06	5.31e-31
 1.13046e+16	5.09e-10	9.81e-06	6.51e-03	1.07e-01	8.86e-01	1.42e-06	0.00e+00	4.61e-11	1.38e-10	2.31e-10	3.26e-06	6.55e-06	8.78e-31
 1.16604e+16	6.66e-10	1.22e-05	7.60e-03	1.16e-01	8.76e-01	1.42e-06	0.00e+00	6.04e-11	1.81e-10	3.02e-10	4.06e-06	8.14e-06	1.62e-30
 1.20232e+16	8.79e-10	1.53e-05	8.89e-03	1.26e-01	8.65e-01	1.43e-06	0.00e+00	7.98e-11	2.39e-10	3.99e-10	5.09e-06	1.02e-05	3.09e-30
 1.23161e+16	1.08e-09	1.82e-05	1.01e-02	1.34e-01	8.56e-01	1.43e-06	0.00e+00	9.82e-11	2.95e-10	4.91e-10	6.04e-06	1.21e-05	4.86e-30
 1.25775e+16	1.30e-09	2.10e-05	1.13e-02	1.41e-01	8.47e-01	1.42e-06	0.00e+00	1.18e-10	3.54e-10	5.90e-10	6.99e-06	1.40e-05	7.21e-30
 1.28767e+16	1.62e-09	2.52e-05	1.28e-02	1.51e-01	8.36e-01	1.42e-06	0.00e+00	1.47e-10	4.42e-10	7.37e-10	8.38e-06	1.68e-05	1.18e-29
 1.32057e+16	2.13e-09	3.15e-05	1.48e-02	1.62e-01	8.23e-01	1.44e-06	0.00e+00	1.94e-10	5.82e-10	9.70e-10	1.05e-05	2.10e-05	2.27e-29
 1.34992e+16	2.64e-09	3.76e-05	1.68e-02	1.73e-01	8.10e-01	1.44e-06	1.71e-12	2.41e-10	7.23e-10	1.21e-09	1.25e-05	2.51e-05	3.66e-29
 1.37629e+16	3.24e-09	4.43e-05	1.89e-02	1.83e-01	7.98e-01	1.44e-06	0.00e+00	2.96e-10	8.86e-10	1.48e-09	1.48e-05	2.96e-05	5.71e-29
 1.40624e+16	4.12e-09	5.36e-05	2.16e-02	1.95e-01	7.83e-01	1.45e-06	0.00e+00	3.76e-10	1.13e-09	1.88e-09	1.79e-05	3.58e-05	9.67e-29
 1.43856e+16	5.16e-09	6.38e-05	2.49e-02	2.09e-01	7.66e-01	1.44e-06	0.00e+00	4.72e-10	1.41e-09	2.36e-09	2.12e-05	4.26e-05	1.48e-28
 1.46739e+16	6.66e-09	7.89e-05	2.85e-02	2.23e-01	7.49e-01	1.46e-06	0.00e+00	6.09e-10	1.83e-09	3.05e-09	2.63e-05	5.26e-05	2.74e-28
 1.49302e+16	8.20e-09	9.31e-05	3.21e-02	2.36e-01	7.32e-01	1.47e-06	2.02e-12	7.50e-10	2.25e-09	3.75e-09	3.10e-05	6.21e-05	4.29e-28
 1.52106e+16	1.04e-08	1.12e-04	3.67e-02	2.51e-01	7.12e-01	1.48e-06	0.00e+00	9.50e-10	2.85e-09	4.75e-09	3.72e-05	7.45e-05	6.95e-28
 1.55135e+16	1.35e-08	1.38e-04	4.25e-02	2.69e-01	6.89e-01	1.51e-06	0.00e+00	1.24e-09	3.72e-09	6.19e-09	4.61e-05	9.22e-05	1.27e-27
 1.57750e+16	1.68e-08	1.64e-04	4.82e-02	2.84e-01	6.67e-01	1.52e-06	2.38e-12	1.55e-09	4.63e-09	7.72e-09	5.46e-05	1.09e-04	1.97e-27
 1.60033e+16	2.03e-08	1.89e-04	5.39e-02	2.99e-01	6.46e-01	1.53e-06	0.00e+00	1.86e-09	5.59e-09	9.32e-09	6.31e-05	1.26e-04	2.88e-27
 1.62229e+16	2.48e-08	2.22e-04	6.04e-02	3.15e-01	6.24e-01	1.55e-06	0.00e+00	2.28e-09	6.84e-09	1.14e-08	7.39e-05	1.48e-04	4.45e-27
 1.64258e+16	3.11e-08	2.66e-04	6.74e-02	3.30e-01	6.02e-01	1.60e-06	2.92e-12	2.86e-09	8.58e-09	1.43e-08	8.85e-05	1.77e-04	7.69e-27
 1.65920e+16	3.64e-08	3.01e-04	7.36e-02	3.43e-01	5.83e-01	1.63e-06	0.00e+00	3.35e-09	1.00e-08	1.67e-08	1.00e-04	2.00e-04	1.08e-26
 1.67569e+16	4.32e-08	3.43e-04	8.07e-02	3.57e-01	5.62e-01	1.66e-06	3.36e-12	3.98e-09	1.19e-08	1.99e-08	1.14e-04	2.29e-04	1.60e-26
 1.69713e+16	5.25e-08	3.94e-04	9.06e-02	3.75e-01	5.34e-01	1.66e-06	0.00e+00	4.83e-09	1.45e-08	2.42e-08	1.32e-04	2.63e-04	2.29e-26
 1.72057e+16	6.99e-08	4.96e-04	1.04e-01	3.97e-01	4.99e-01	1.74e-06	0.00e+00	6.45e-09	1.93e-08	3.22e-08	1.65e-04	3.31e-04	4.73e-26
 1.74017e+16	8.56e-08	5.78e-04	1.16e-01	4.15e-01	4.68e-01	1.77e-06	4.61e-12	7.90e-09	2.37e-08	3.95e-08	1.93e-04	3.85e-04	7.26e-26
 1.75587e+16	1.03e-07	6.65e-04	1.28e-01	4.31e-01	4.41e-01	1.84e-06	0.00e+00	9.52e-09	2.85e-08	4.76e-08	2.22e-04	4.43e-04	1.12e-25
 1.77292e+16	1.27e-07	7.77e-04	1.42e-01	4.49e-01	4.09e-01	1.86e-06	5.92e-12	1.17e-08	3.52e-08	5.87e-08	2.59e-04	5.18e-04	1.83e-25
 1.79093e+16	1.60e-07	9.21e-04	1.58e-01	4.68e-01	3.73e-01	1.99e-06	0.00e+00	1.48e-08	4.45e-08	7.41e-08	3.07e-04	6.14e-04	3.20e-25
 1.80570e+16	1.91e-07	1.05e-03	1.73e-01	4.83e-01	3.43e-01	2.00e-06	8.19e-12	1.77e-08	5.31e-08	8.85e-08	3.50e-04	7.00e-04	4.82e-25
 1.81795e+16	2.21e-07	1.16e-03	1.86e-01	4.96e-01	3.16e-01	2.05e-06	0.00e+00	2.05e-08	6.15e-08	1.02e-07	3.86e-04	7.72e-04	6.60e-25
 1.83138e+16	2.76e-07	1.36e-03	2.04e-01	5.11e-01	2.84e-01	2.14e-06	1.13e-11	2.57e-08	7.70e-08	1.28e-07	4.54e-04	9.08e-04	1.21e-24
 1.84438e+16	3.32e-07	1.54e-03	2.20e-01	5.25e-01	2.53e-01	2.20e-06	0.00e+00	3.09e-08	9.25e-08	1.54e-07	5.15e-04	1.03e-03	1.88e-24
 1.85426e+16	3.80e-07	1.69e-03	2.34e-01	5.35e-01	2.29e-01	2.21e-06	1.50e-11	3.53e-08	1.06e-07	1.76e-07	5.65e-04	1.13e-03	2.60e-24
 1.86453e+16	4.35e-07	1.84e-03	2.49e-01	5.45e-01	2.04e-01	2.21e-06	0.00e+00	4.05e-08	1.21e-07	2.02e-07	6.15e-04	1.23e-03	3.53e-24
 1.87459e+16	5.07e-07	2.04e-03	2.64e-01	5.54e-01	1.80e-01	2.22e-06	0.00e+00	4.73e-08	1.42e-07	2.36e-07	6.80e-04	1.36e-03	5.19e-24
 1.88139e+16	5.86e-07	2.22e-03	2.75e-01	5.60e-01	1.63e-01	2.28e-06	0.00e+00	5.47e-08	1.64e-07	2.73e-07	7.42e-04	1.48e-03	7.48e-24
