#depth	He	He+	He+2
 1.49634e+10	1.61e-21	3.96e-11	1.00e+00
 4.54887e+10	1.87e-21	4.31e-11	1.00e+00
 7.72350e+10	2.17e-21	4.71e-11	1.00e+00
 1.10251e+11	2.51e-21	5.14e-11	1.00e+00
 1.43601e+11	2.90e-21	5.60e-11	1.00e+00
 1.78284e+11	3.34e-21	6.10e-11	1.00e+00
 2.12246e+11	3.84e-21	6.62e-11	1.00e+00
 2.42881e+11	4.33e-21	7.12e-11	1.00e+00
 2.77010e+11	4.91e-21	7.70e-11	1.00e+00
 3.17189e+11	5.70e-21	8.41e-11	1.00e+00
 3.57169e+11	6.57e-21	9.16e-11	1.00e+00
 3.94600e+11	7.45e-21	9.91e-11	1.00e+00
 4.36162e+11	8.53e-21	1.08e-10	1.00e+00
 4.83535e+11	9.93e-21	1.18e-10	1.00e+00
 5.30184e+11	1.14e-20	1.29e-10	1.00e+00
 5.78699e+11	1.32e-20	1.41e-10	1.00e+00
 6.31774e+11	1.53e-20	1.55e-10	1.00e+00
 6.85130e+11	1.77e-20	1.71e-10	1.00e+00
 7.40619e+11	2.04e-20	1.87e-10	1.00e+00
 8.00171e+11	2.36e-20	2.06e-10	1.00e+00
 8.59282e+11	2.72e-20	2.26e-10	1.00e+00
 9.20757e+11	3.12e-20	2.49e-10	1.00e+00
 9.87514e+11	3.60e-20	2.75e-10	1.00e+00
 1.05694e+12	4.15e-20	3.03e-10	1.00e+00
 1.12915e+12	4.78e-20	3.35e-10	1.00e+00
 1.20424e+12	5.50e-20	3.71e-10	1.00e+00
 1.27200e+12	6.20e-20	4.05e-10	1.00e+00
 1.32821e+12	6.82e-20	4.35e-10	1.00e+00
 1.38968e+12	7.53e-20	4.70e-10	1.00e+00
 1.46787e+12	8.50e-20	5.16e-10	1.00e+00
 1.54960e+12	9.62e-20	5.67e-10	1.00e+00
 1.62169e+12	1.07e-19	6.16e-10	1.00e+00
 1.68838e+12	1.17e-19	6.62e-10	1.00e+00
 1.76401e+12	1.29e-19	7.18e-10	1.00e+00
 1.85786e+12	1.45e-19	7.91e-10	1.00e+00
 1.95161e+12	1.63e-19	8.69e-10	1.00e+00
 2.03188e+12	1.79e-19	9.40e-10	1.00e+00
 2.11842e+12	1.97e-19	1.02e-09	1.00e+00
 2.22564e+12	2.21e-19	1.12e-09	1.00e+00
 2.33590e+12	2.48e-19	1.24e-09	1.00e+00
 2.43546e+12	2.74e-19	1.34e-09	1.00e+00
 2.54498e+12	3.05e-19	1.47e-09	1.00e+00
 2.67398e+12	3.45e-19	1.62e-09	1.00e+00
 2.80297e+12	3.89e-19	1.79e-09	1.00e+00
 2.92556e+12	4.35e-19	1.95e-09	1.00e+00
 3.06095e+12	4.91e-19	2.14e-09	1.00e+00
 3.21331e+12	5.63e-19	2.37e-09	1.00e+00
 3.36571e+12	6.43e-19	2.61e-09	1.00e+00
 3.50067e+12	7.22e-19	2.83e-09	1.00e+00
 3.61385e+12	7.96e-19	3.03e-09	1.00e+00
 3.73564e+12	8.81e-19	3.24e-09	1.00e+00
 3.89396e+12	1.01e-18	3.54e-09	1.00e+00
 4.05967e+12	1.15e-18	3.86e-09	1.00e+00
 4.20113e+12	1.29e-18	4.15e-09	1.00e+00
 4.35118e+12	1.45e-18	4.47e-09	1.00e+00
 4.53968e+12	1.68e-18	4.88e-09	1.00e+00
 4.73372e+12	1.95e-18	5.34e-09	1.00e+00
 4.90496e+12	2.22e-18	5.75e-09	1.00e+00
 5.09098e+12	2.54e-18	6.22e-09	1.00e+00
 5.29616e+12	2.95e-18	6.77e-09	1.00e+00
 5.48509e+12	3.36e-18	7.29e-09	1.00e+00
 5.68953e+12	3.87e-18	7.88e-09	1.00e+00
 5.91761e+12	4.50e-18	8.57e-09	1.00e+00
 6.13141e+12	5.17e-18	9.24e-09	1.00e+00
 6.36433e+12	5.98e-18	1.00e-08	1.00e+00
 6.62307e+12	7.01e-18	1.09e-08	1.00e+00
 6.86457e+12	8.09e-18	1.17e-08	1.00e+00
 7.12770e+12	9.40e-18	1.27e-08	1.00e+00
 7.42197e+12	1.11e-17	1.39e-08	1.00e+00
 7.69961e+12	1.29e-17	1.50e-08	1.00e+00
 8.00331e+12	1.50e-17	1.63e-08	1.00e+00
 8.34340e+12	1.78e-17	1.78e-08	1.00e+00
 8.66592e+12	2.08e-17	1.92e-08	1.00e+00
 9.01131e+12	2.44e-17	2.09e-08	1.00e+00
 9.40169e+12	2.91e-17	2.28e-08	1.00e+00
 9.78873e+12	3.43e-17	2.49e-08	1.00e+00
 1.01912e+13	4.05e-17	2.71e-08	1.00e+00
 1.06288e+13	4.82e-17	2.95e-08	1.00e+00
 1.10839e+13	5.71e-17	3.22e-08	1.00e+00
 1.15158e+13	6.68e-17	3.49e-08	1.00e+00
 1.19047e+13	7.66e-17	3.74e-08	1.00e+00
 1.22676e+13	8.67e-17	3.98e-08	1.00e+00
 1.26676e+13	9.88e-17	4.25e-08	1.00e+00
 1.31183e+13	1.14e-16	4.56e-08	1.00e+00
 1.35497e+13	1.30e-16	4.88e-08	1.00e+00
 1.40257e+13	1.49e-16	5.23e-08	1.00e+00
 1.45556e+13	1.73e-16	5.65e-08	1.00e+00
 1.50428e+13	1.98e-16	6.04e-08	1.00e+00
 1.54940e+13	2.23e-16	6.41e-08	1.00e+00
 1.60112e+13	2.55e-16	6.85e-08	1.00e+00
 1.66446e+13	2.97e-16	7.40e-08	1.00e+00
 1.72774e+13	3.46e-16	7.99e-08	1.00e+00
 1.78277e+13	3.91e-16	8.50e-08	1.00e+00
 1.84224e+13	4.45e-16	9.07e-08	1.00e+00
 1.91486e+13	5.17e-16	9.79e-08	1.00e+00
 1.98896e+13	6.03e-16	1.06e-07	1.00e+00
 2.05592e+13	6.85e-16	1.13e-07	1.00e+00
 2.12923e+13	7.85e-16	1.21e-07	1.00e+00
 2.21557e+13	9.15e-16	1.31e-07	1.00e+00
 2.30181e+13	1.06e-15	1.41e-07	1.00e+00
 2.38297e+13	1.22e-15	1.51e-07	1.00e+00
 2.47276e+13	1.40e-15	1.62e-07	1.00e+00
 2.57466e+13	1.64e-15	1.75e-07	1.00e+00
 2.67724e+13	1.91e-15	1.89e-07	1.00e+00
 2.78392e+13	2.21e-15	2.04e-07	1.00e+00
 2.89827e+13	2.58e-15	2.20e-07	1.00e+00
 3.01719e+13	3.00e-15	2.38e-07	1.00e+00
 3.13205e+13	3.47e-15	2.56e-07	1.00e+00
 3.23963e+13	3.95e-15	2.73e-07	1.00e+00
 3.34116e+13	4.43e-15	2.90e-07	1.00e+00
 3.45192e+13	5.02e-15	3.09e-07	1.00e+00
 3.57510e+13	5.75e-15	3.31e-07	1.00e+00
 3.69041e+13	6.49e-15	3.52e-07	1.00e+00
 3.81632e+13	7.36e-15	3.75e-07	1.00e+00
 3.95865e+13	8.47e-15	4.03e-07	1.00e+00
 4.09544e+13	9.66e-15	4.31e-07	1.00e+00
 4.24579e+13	1.11e-14	4.62e-07	1.00e+00
 4.41448e+13	1.28e-14	4.99e-07	1.00e+00
 4.57633e+13	1.48e-14	5.36e-07	1.00e+00
 4.74880e+13	1.70e-14	5.76e-07	1.00e+00
 4.94174e+13	1.98e-14	6.23e-07	1.00e+00
 5.11997e+13	2.27e-14	6.68e-07	1.00e+00
 5.27416e+13	2.55e-14	7.09e-07	1.00e+00
 5.44508e+13	2.87e-14	7.55e-07	1.00e+00
 5.65402e+13	3.33e-14	8.15e-07	1.00e+00
 5.86547e+13	3.82e-14	8.76e-07	1.00e+00
 6.05545e+13	4.33e-14	9.34e-07	1.00e+00
 6.26445e+13	4.93e-14	1.00e-06	1.00e+00
 6.51173e+13	5.73e-14	1.08e-06	1.00e+00
 6.75470e+13	6.58e-14	1.16e-06	1.00e+00
 6.97679e+13	7.44e-14	1.24e-06	1.00e+00
 7.22582e+13	8.51e-14	1.33e-06	1.00e+00
 7.51541e+13	9.89e-14	1.44e-06	1.00e+00
 7.79985e+13	1.14e-13	1.56e-06	1.00e+00
 8.06840e+13	1.30e-13	1.67e-06	1.00e+00
 8.36684e+13	1.49e-13	1.79e-06	1.00e+00
 8.70451e+13	1.73e-13	1.94e-06	1.00e+00
 9.04227e+13	1.99e-13	2.10e-06	1.00e+00
 9.35949e+13	2.27e-13	2.25e-06	1.00e+00
 9.70280e+13	2.59e-13	2.42e-06	1.00e+00
 1.00939e+14	3.00e-13	2.62e-06	1.00e+00
 1.04631e+14	3.43e-13	2.82e-06	1.00e+00
 1.07961e+14	3.84e-13	3.00e-06	1.00e+00
 1.11114e+14	4.27e-13	3.18e-06	1.00e+00
 1.14616e+14	4.78e-13	3.39e-06	1.00e+00
 1.18518e+14	5.39e-13	3.63e-06	1.00e+00
 1.22188e+14	6.03e-13	3.86e-06	1.00e+00
 1.26204e+14	6.78e-13	4.12e-06	1.00e+00
 1.30696e+14	7.68e-13	4.42e-06	1.00e+00
 1.34962e+14	8.61e-13	4.72e-06	1.00e+00
 1.39661e+14	9.73e-13	5.06e-06	1.00e+00
 1.44851e+14	1.11e-12	5.45e-06	1.00e+00
 1.49643e+14	1.24e-12	5.82e-06	1.00e+00
 1.54834e+14	1.40e-12	6.23e-06	1.00e+00
 1.60629e+14	1.60e-12	6.72e-06	1.00e+00
 1.66068e+14	1.79e-12	7.19e-06	1.00e+00
 1.71996e+14	2.03e-12	7.73e-06	1.00e+00
 1.78583e+14	2.31e-12	8.35e-06	1.00e+00
 1.84745e+14	2.60e-12	8.96e-06	1.00e+00
 1.91440e+14	2.94e-12	9.63e-06	1.00e+00
 1.98917e+14	3.36e-12	1.04e-05	1.00e+00
 2.06003e+14	3.79e-12	1.12e-05	1.00e+00
 2.13583e+14	4.31e-12	1.21e-05	1.00e+00
 2.22156e+14	4.93e-12	1.31e-05	1.00e+00
 2.30605e+14	5.64e-12	1.42e-05	1.00e+00
 2.38749e+14	6.35e-12	1.53e-05	1.00e+00
 2.47685e+14	7.22e-12	1.65e-05	1.00e+00
 2.57623e+14	8.30e-12	1.80e-05	1.00e+00
 2.66074e+14	9.29e-12	1.92e-05	1.00e+00
 2.72349e+14	1.01e-11	2.02e-05	1.00e+00
 2.78993e+14	1.10e-11	2.13e-05	1.00e+00
 2.87632e+14	1.23e-11	2.28e-05	1.00e+00
 2.97081e+14	1.38e-11	2.44e-05	1.00e+00
 3.05772e+14	1.53e-11	2.61e-05	1.00e+00
 3.15260e+14	1.71e-11	2.78e-05	1.00e+00
 3.25958e+14	1.93e-11	3.00e-05	1.00e+00
 3.36161e+14	2.15e-11	3.20e-05	1.00e+00
 3.47355e+14	2.44e-11	3.45e-05	1.00e+00
 3.59810e+14	2.78e-11	3.73e-05	1.00e+00
 3.71495e+14	3.13e-11	4.01e-05	1.00e+00
 3.84278e+14	3.54e-11	4.32e-05	1.00e+00
 3.98488e+14	4.07e-11	4.69e-05	1.00e+00
 4.11686e+14	4.58e-11	5.04e-05	1.00e+00
 4.25978e+14	5.25e-11	5.45e-05	1.00e+00
 4.41913e+14	6.04e-11	5.93e-05	1.00e+00
 4.56827e+14	6.80e-11	6.38e-05	1.00e+00
 4.73058e+14	7.83e-11	6.92e-05	1.00e+00
 4.91166e+14	9.04e-11	7.53e-05	1.00e+00
 5.08180e+14	1.03e-10	8.14e-05	1.00e+00
 5.26602e+14	1.19e-10	8.83e-05	1.00e+00
 5.47177e+14	1.37e-10	9.62e-05	1.00e+00
 5.66863e+14	1.58e-10	1.04e-04	1.00e+00
 5.87856e+14	1.82e-10	1.13e-04	1.00e+00
 6.11400e+14	2.13e-10	1.24e-04	1.00e+00
 6.31102e+14	2.38e-10	1.33e-04	1.00e+00
 6.45225e+14	2.62e-10	1.40e-04	1.00e+00
 6.60003e+14	2.87e-10	1.47e-04	1.00e+00
 6.79213e+14	3.22e-10	1.57e-04	1.00e+00
 7.00521e+14	3.63e-10	1.69e-04	1.00e+00
 7.20386e+14	4.06e-10	1.79e-04	1.00e+00
 7.42039e+14	4.53e-10	1.92e-04	1.00e+00
 7.66315e+14	5.21e-10	2.06e-04	1.00e+00
 7.89254e+14	5.84e-10	2.20e-04	1.00e+00
 8.14327e+14	6.57e-10	2.36e-04	1.00e+00
 8.42501e+14	7.64e-10	2.55e-04	1.00e+00
 8.69262e+14	8.64e-10	2.74e-04	1.00e+00
 8.98607e+14	9.74e-10	2.95e-04	1.00e+00
 9.33511e+14	1.15e-09	3.21e-04	1.00e+00
 9.67612e+14	1.31e-09	3.47e-04	1.00e+00
 9.98062e+14	1.49e-09	3.72e-04	1.00e+00
 1.03180e+15	1.71e-09	4.01e-04	1.00e+00
 1.07190e+15	2.03e-09	4.37e-04	1.00e+00
 1.11176e+15	2.34e-09	4.73e-04	1.00e+00
 1.14854e+15	2.67e-09	5.08e-04	9.99e-01
 1.18980e+15	3.05e-09	5.49e-04	9.99e-01
 1.23741e+15	3.66e-09	6.00e-04	9.99e-01
 1.28388e+15	4.25e-09	6.50e-04	9.99e-01
 1.33221e+15	4.92e-09	7.05e-04	9.99e-01
 1.37656e+15	5.66e-09	7.57e-04	9.99e-01
 1.40928e+15	6.24e-09	7.97e-04	9.99e-01
 1.44264e+15	6.87e-09	8.39e-04	9.99e-01
 1.48600e+15	7.64e-09	8.94e-04	9.99e-01
 1.53356e+15	8.84e-09	9.58e-04	9.99e-01
 1.57685e+15	9.76e-09	1.02e-03	9.99e-01
 1.62339e+15	1.11e-08	1.08e-03	9.99e-01
 1.68270e+15	1.27e-08	1.17e-03	9.99e-01
 1.74263e+15	1.49e-08	1.26e-03	9.99e-01
 1.79228e+15	1.69e-08	1.34e-03	9.99e-01
 1.84453e+15	1.90e-08	1.43e-03	9.99e-01
 1.91156e+15	2.16e-08	1.54e-03	9.98e-01
 1.98229e+15	2.55e-08	1.67e-03	9.98e-01
 2.04436e+15	2.90e-08	1.78e-03	9.98e-01
 2.11072e+15	3.27e-08	1.91e-03	9.98e-01
 2.19120e+15	3.89e-08	2.08e-03	9.98e-01
 2.27070e+15	4.48e-08	2.24e-03	9.98e-01
 2.34104e+15	5.04e-08	2.39e-03	9.98e-01
 2.41884e+15	5.76e-08	2.57e-03	9.97e-01
 2.51208e+15	6.91e-08	2.79e-03	9.97e-01
 2.60425e+15	8.02e-08	3.02e-03	9.97e-01
 2.68463e+15	9.11e-08	3.22e-03	9.97e-01
 2.77086e+15	1.04e-07	3.45e-03	9.97e-01
 2.87600e+15	1.22e-07	3.75e-03	9.96e-01
 2.98000e+15	1.41e-07	4.05e-03	9.96e-01
 3.06244e+15	1.57e-07	4.30e-03	9.96e-01
 3.14262e+15	1.75e-07	4.56e-03	9.95e-01
 3.24685e+15	2.05e-07	4.91e-03	9.95e-01
 3.34911e+15	2.33e-07	5.26e-03	9.95e-01
 3.43217e+15	2.56e-07	5.56e-03	9.94e-01
 3.52351e+15	2.87e-07	5.90e-03	9.94e-01
 3.64226e+15	3.39e-07	6.38e-03	9.94e-01
 3.76053e+15	3.88e-07	6.86e-03	9.93e-01
 3.85660e+15	4.34e-07	7.28e-03	9.93e-01
 3.95988e+15	4.90e-07	7.75e-03	9.92e-01
 4.09414e+15	5.57e-07	8.39e-03	9.92e-01
 4.23357e+15	6.63e-07	9.11e-03	9.91e-01
 4.34886e+15	7.44e-07	9.72e-03	9.90e-01
 4.46790e+15	8.35e-07	1.04e-02	9.90e-01
 4.62265e+15	1.00e-06	1.14e-02	9.89e-01
 4.77419e+15	1.16e-06	1.23e-02	9.88e-01
 4.89123e+15	1.29e-06	1.32e-02	9.87e-01
 5.01304e+15	1.45e-06	1.41e-02	9.86e-01
 5.17139e+15	1.74e-06	1.54e-02	9.85e-01
 5.32695e+15	2.00e-06	1.67e-02	9.83e-01
 5.44828e+15	2.23e-06	1.79e-02	9.82e-01
 5.55733e+15	2.49e-06	1.90e-02	9.81e-01
 5.66485e+15	2.76e-06	2.01e-02	9.80e-01
 5.78844e+15	3.18e-06	2.16e-02	9.78e-01
 5.91133e+15	3.55e-06	2.32e-02	9.77e-01
 6.01573e+15	3.91e-06	2.46e-02	9.75e-01
 6.13386e+15	4.39e-06	2.64e-02	9.74e-01
 6.26445e+15	5.13e-06	2.86e-02	9.71e-01
 6.38523e+15	5.78e-06	3.07e-02	9.69e-01
 6.49553e+15	6.49e-06	3.29e-02	9.67e-01
 6.61818e+15	7.42e-06	3.56e-02	9.64e-01
 6.74818e+15	8.36e-06	3.88e-02	9.61e-01
 6.88773e+15	1.01e-05	4.28e-02	9.57e-01
 7.03067e+15	1.19e-05	4.73e-02	9.53e-01
 7.15000e+15	1.37e-05	5.17e-02	9.48e-01
 7.25607e+15	1.56e-05	5.62e-02	9.44e-01
 7.37292e+15	1.77e-05	6.18e-02	9.38e-01
 7.52484e+15	2.22e-05	7.05e-02	9.29e-01
 7.65575e+15	2.62e-05	7.92e-02	9.21e-01
 7.73659e+15	3.04e-05	8.57e-02	9.14e-01
 7.79984e+15	3.35e-05	9.13e-02	9.09e-01
 7.86300e+15	3.72e-05	9.76e-02	9.02e-01
 7.94510e+15	4.18e-05	1.07e-01	8.93e-01
 8.03616e+15	4.97e-05	1.18e-01	8.82e-01
 8.10447e+15	5.54e-05	1.28e-01	8.72e-01
 8.15887e+15	6.16e-05	1.37e-01	8.63e-01
 8.21938e+15	7.06e-05	1.48e-01	8.52e-01
 8.26943e+15	7.74e-05	1.58e-01	8.42e-01
 8.31608e+15	8.47e-05	1.68e-01	8.32e-01
 8.37672e+15	9.79e-05	1.83e-01	8.16e-01
 8.43399e+15	1.10e-04	1.99e-01	8.01e-01
 8.47643e+15	1.20e-04	2.12e-01	7.88e-01
 8.52118e+15	1.36e-04	2.27e-01	7.73e-01
 8.56649e+15	1.49e-04	2.43e-01	7.57e-01
 8.61256e+15	1.69e-04	2.62e-01	7.38e-01
 8.65880e+15	1.87e-04	2.82e-01	7.18e-01
 8.70528e+15	2.11e-04	3.04e-01	6.95e-01
 8.75527e+15	2.39e-04	3.30e-01	6.70e-01
 8.79911e+15	2.67e-04	3.55e-01	6.45e-01
 8.83828e+15	2.96e-04	3.78e-01	6.22e-01
 8.88206e+15	3.35e-04	4.07e-01	5.93e-01
 8.92658e+15	3.74e-04	4.36e-01	5.63e-01
 8.97205e+15	4.20e-04	4.69e-01	5.31e-01
 9.02075e+15	4.73e-04	5.04e-01	4.95e-01
 9.06506e+15	5.25e-04	5.37e-01	4.62e-01
 9.11408e+15	5.89e-04	5.75e-01	4.24e-01
 9.16743e+15	6.61e-04	6.15e-01	3.85e-01
 9.20782e+15	7.15e-04	6.43e-01	3.57e-01
 9.23508e+15	7.54e-04	6.62e-01	3.38e-01
 9.26387e+15	7.98e-04	6.82e-01	3.17e-01
 9.30129e+15	8.57e-04	7.07e-01	2.92e-01
 9.34226e+15	9.19e-04	7.33e-01	2.66e-01
 9.38007e+15	9.77e-04	7.55e-01	2.44e-01
 9.42147e+15	1.04e-03	7.78e-01	2.21e-01
 9.46696e+15	1.11e-03	8.00e-01	1.98e-01
 9.50852e+15	1.18e-03	8.19e-01	1.80e-01
 9.54736e+15	1.24e-03	8.35e-01	1.64e-01
 9.59194e+15	1.31e-03	8.52e-01	1.46e-01
 9.64072e+15	1.39e-03	8.68e-01	1.30e-01
 9.68465e+15	1.46e-03	8.81e-01	1.17e-01
 9.72487e+15	1.52e-03	8.92e-01	1.07e-01
 9.77055e+15	1.60e-03	9.03e-01	9.54e-02
 9.82059e+15	1.68e-03	9.13e-01	8.51e-02
 9.86539e+15	1.76e-03	9.21e-01	7.68e-02
 9.90629e+15	1.83e-03	9.28e-01	7.02e-02
 9.95298e+15	1.92e-03	9.35e-01	6.30e-02
 1.00033e+16	2.01e-03	9.41e-01	5.65e-02
 1.00470e+16	2.10e-03	9.46e-01	5.15e-02
 1.00863e+16	2.18e-03	9.50e-01	4.75e-02
 1.01308e+16	2.29e-03	9.55e-01	4.32e-02
 1.01793e+16	2.41e-03	9.59e-01	3.91e-02
 1.02224e+16	2.52e-03	9.62e-01	3.60e-02
 1.02603e+16	2.62e-03	9.64e-01	3.34e-02
 1.03020e+16	2.75e-03	9.67e-01	3.07e-02
 1.03485e+16	2.90e-03	9.69e-01	2.81e-02
 1.03908e+16	3.05e-03	9.71e-01	2.60e-02
 1.04277e+16	3.19e-03	9.73e-01	2.43e-02
 1.04681e+16	3.37e-03	9.74e-01	2.25e-02
 1.05133e+16	3.58e-03	9.76e-01	2.07e-02
 1.05548e+16	3.78e-03	9.77e-01	1.93e-02
 1.05915e+16	4.00e-03	9.78e-01	1.81e-02
 1.06320e+16	4.25e-03	9.79e-01	1.68e-02
 1.06775e+16	4.58e-03	9.80e-01	1.55e-02
 1.07199e+16	4.92e-03	9.81e-01	1.45e-02
 1.07585e+16	5.27e-03	9.81e-01	1.36e-02
 1.08020e+16	5.72e-03	9.82e-01	1.26e-02
 1.08493e+16	6.29e-03	9.82e-01	1.17e-02
 1.08902e+16	6.88e-03	9.82e-01	1.10e-02
 1.09247e+16	7.46e-03	9.82e-01	1.04e-02
 1.09622e+16	8.18e-03	9.82e-01	9.79e-03
 1.10036e+16	9.11e-03	9.82e-01	9.21e-03
 1.10403e+16	1.01e-02	9.81e-01	8.72e-03
 1.10686e+16	1.10e-02	9.81e-01	8.40e-03
 1.10908e+16	1.19e-02	9.80e-01	8.13e-03
 1.11151e+16	1.29e-02	9.79e-01	7.85e-03
 1.11423e+16	1.42e-02	9.78e-01	7.56e-03
 1.11669e+16	1.56e-02	9.77e-01	7.31e-03
 1.11876e+16	1.70e-02	9.76e-01	7.11e-03
 1.12067e+16	1.84e-02	9.75e-01	6.97e-03
 1.12284e+16	2.02e-02	9.73e-01	6.77e-03
 1.12517e+16	2.25e-02	9.71e-01	6.60e-03
 1.12715e+16	2.50e-02	9.69e-01	6.46e-03
 1.12882e+16	2.72e-02	9.66e-01	6.37e-03
 1.13062e+16	3.01e-02	9.64e-01	6.24e-03
 1.13262e+16	3.37e-02	9.60e-01	6.16e-03
 1.13444e+16	3.77e-02	9.56e-01	6.08e-03
 1.13604e+16	4.17e-02	9.52e-01	6.05e-03
 1.13778e+16	4.68e-02	9.47e-01	6.00e-03
 1.13967e+16	5.33e-02	9.41e-01	5.99e-03
 1.14131e+16	6.02e-02	9.34e-01	5.99e-03
 1.14270e+16	6.69e-02	9.27e-01	6.02e-03
 1.14405e+16	7.44e-02	9.20e-01	6.03e-03
 1.14547e+16	8.33e-02	9.11e-01	6.10e-03
 1.14679e+16	9.30e-02	9.01e-01	6.16e-03
 1.14790e+16	1.02e-01	8.92e-01	6.22e-03
 1.14889e+16	1.11e-01	8.82e-01	6.28e-03
 1.14984e+16	1.21e-01	8.72e-01	6.35e-03
 1.15059e+16	1.30e-01	8.64e-01	6.41e-03
 1.15107e+16	1.35e-01	8.58e-01	6.45e-03
 1.15151e+16	1.41e-01	8.53e-01	6.48e-03
 1.15203e+16	1.48e-01	8.46e-01	6.52e-03
 1.15259e+16	1.56e-01	8.38e-01	6.57e-03
 1.15314e+16	1.64e-01	8.29e-01	6.63e-03
 1.15366e+16	1.72e-01	8.21e-01	6.67e-03
 1.15416e+16	1.80e-01	8.13e-01	6.73e-03
 1.15467e+16	1.89e-01	8.04e-01	6.78e-03
 1.15519e+16	1.99e-01	7.94e-01	6.82e-03
 1.15569e+16	2.09e-01	7.84e-01	6.87e-03
 1.15618e+16	2.19e-01	7.74e-01	6.92e-03
 1.15668e+16	2.30e-01	7.63e-01	6.96e-03
 1.15718e+16	2.40e-01	7.53e-01	7.02e-03
 1.15766e+16	2.52e-01	7.41e-01	7.04e-03
 1.15815e+16	2.64e-01	7.29e-01	7.10e-03
 1.15863e+16	2.76e-01	7.16e-01	7.13e-03
 1.15911e+16	2.90e-01	7.03e-01	7.16e-03
 1.15959e+16	3.03e-01	6.90e-01	7.20e-03
 1.16005e+16	3.16e-01	6.77e-01	7.23e-03
 1.16053e+16	3.31e-01	6.62e-01	7.24e-03
 1.16099e+16	3.45e-01	6.48e-01	7.28e-03
 1.16146e+16	3.60e-01	6.33e-01	7.28e-03
 1.16192e+16	3.76e-01	6.17e-01	7.29e-03
 1.16238e+16	3.91e-01	6.01e-01	7.29e-03
 1.16283e+16	4.07e-01	5.86e-01	7.28e-03
 1.16329e+16	4.24e-01	5.69e-01	7.27e-03
 1.16375e+16	4.40e-01	5.52e-01	7.26e-03
 1.16420e+16	4.58e-01	5.35e-01	7.22e-03
 1.16465e+16	4.74e-01	5.18e-01	7.19e-03
 1.16509e+16	4.91e-01	5.01e-01	7.15e-03
 1.16553e+16	5.08e-01	4.85e-01	7.10e-03
 1.16596e+16	5.25e-01	4.68e-01	7.04e-03
 1.16639e+16	5.42e-01	4.51e-01	6.98e-03
 1.16681e+16	5.58e-01	4.35e-01	6.90e-03
 1.16723e+16	5.74e-01	4.19e-01	6.83e-03
 1.16764e+16	5.90e-01	4.03e-01	6.74e-03
 1.16806e+16	6.06e-01	3.87e-01	6.64e-03
 1.16848e+16	6.22e-01	3.72e-01	6.52e-03
 1.16889e+16	6.37e-01	3.56e-01	6.41e-03
 1.16931e+16	6.53e-01	3.41e-01	6.29e-03
 1.16974e+16	6.67e-01	3.26e-01	6.16e-03
 1.17016e+16	6.82e-01	3.12e-01	6.02e-03
 1.17059e+16	6.96e-01	2.98e-01	5.87e-03
 1.17102e+16	7.10e-01	2.84e-01	5.72e-03
 1.17146e+16	7.23e-01	2.71e-01	5.57e-03
 1.17190e+16	7.36e-01	2.58e-01	5.41e-03
 1.17237e+16	7.49e-01	2.46e-01	5.24e-03
 1.17285e+16	7.61e-01	2.34e-01	5.07e-03
 1.17329e+16	7.72e-01	2.23e-01	4.92e-03
 1.17369e+16	7.81e-01	2.14e-01	4.78e-03
 1.17407e+16	7.89e-01	2.06e-01	4.64e-03
 1.17448e+16	7.97e-01	1.98e-01	4.50e-03
 1.17488e+16	8.05e-01	1.91e-01	4.38e-03
 1.17528e+16	8.12e-01	1.84e-01	4.25e-03
 1.17570e+16	8.19e-01	1.77e-01	4.12e-03
 1.17612e+16	8.25e-01	1.71e-01	4.00e-03
 1.17654e+16	8.31e-01	1.65e-01	3.89e-03
 1.17698e+16	8.36e-01	1.60e-01	3.78e-03
 1.17743e+16	8.41e-01	1.55e-01	3.67e-03
 1.17789e+16	8.46e-01	1.50e-01	3.57e-03
 1.17837e+16	8.51e-01	1.46e-01	3.47e-03
 1.17888e+16	8.55e-01	1.41e-01	3.37e-03
 1.17942e+16	8.59e-01	1.38e-01	3.28e-03
 1.17997e+16	8.63e-01	1.34e-01	3.19e-03
 1.18057e+16	8.66e-01	1.31e-01	3.10e-03
 1.18121e+16	8.70e-01	1.27e-01	3.02e-03
 1.18189e+16	8.73e-01	1.24e-01	2.93e-03
 1.18261e+16	8.76e-01	1.22e-01	2.85e-03
 1.18339e+16	8.78e-01	1.19e-01	2.78e-03
 1.18424e+16	8.81e-01	1.17e-01	2.70e-03
 1.18516e+16	8.83e-01	1.14e-01	2.63e-03
 1.18616e+16	8.85e-01	1.12e-01	2.55e-03
 1.18723e+16	8.87e-01	1.10e-01	2.48e-03
 1.18838e+16	8.89e-01	1.08e-01	2.41e-03
 1.18959e+16	8.91e-01	1.06e-01	2.33e-03
 1.19087e+16	8.93e-01	1.05e-01	2.26e-03
 1.19220e+16	8.95e-01	1.03e-01	2.20e-03
 1.19358e+16	8.96e-01	1.01e-01	2.13e-03
 1.19498e+16	8.98e-01	9.98e-02	2.06e-03
 1.19640e+16	9.00e-01	9.83e-02	2.00e-03
 1.19785e+16	9.01e-01	9.68e-02	1.93e-03
 1.19931e+16	9.03e-01	9.53e-02	1.87e-03
 1.20078e+16	9.04e-01	9.38e-02	1.81e-03
 1.20227e+16	9.06e-01	9.24e-02	1.76e-03
 1.20378e+16	9.07e-01	9.09e-02	1.70e-03
 1.20535e+16	9.09e-01	8.94e-02	1.64e-03
 1.20699e+16	9.10e-01	8.80e-02	1.58e-03
 1.20868e+16	9.12e-01	8.64e-02	1.53e-03
 1.21043e+16	9.14e-01	8.49e-02	1.47e-03
 1.21227e+16	9.15e-01	8.34e-02	1.42e-03
 1.21426e+16	9.17e-01	8.16e-02	1.35e-03
 1.21639e+16	9.19e-01	7.99e-02	1.29e-03
 1.21871e+16	9.21e-01	7.80e-02	1.23e-03
 1.22139e+16	9.23e-01	7.58e-02	1.16e-03
 1.22434e+16	9.25e-01	7.36e-02	1.09e-03
 1.22726e+16	9.28e-01	7.14e-02	1.02e-03
 1.22998e+16	9.30e-01	6.95e-02	9.67e-04
 1.23246e+16	9.31e-01	6.78e-02	9.18e-04
 1.23471e+16	9.33e-01	6.63e-02	8.75e-04
 1.23677e+16	9.34e-01	6.49e-02	8.38e-04
 1.23863e+16	9.35e-01	6.37e-02	8.05e-04
 1.24033e+16	9.37e-01	6.26e-02	7.77e-04
 1.24219e+16	9.38e-01	6.14e-02	7.46e-04
 1.24420e+16	9.39e-01	6.02e-02	7.14e-04
 1.24603e+16	9.40e-01	5.90e-02	6.87e-04
 1.24769e+16	9.41e-01	5.80e-02	6.61e-04
 1.24921e+16	9.42e-01	5.71e-02	6.40e-04
 1.25086e+16	9.43e-01	5.61e-02	6.17e-04
 1.25266e+16	9.44e-01	5.50e-02	5.92e-04
 1.25429e+16	9.45e-01	5.41e-02	5.71e-04
 1.25577e+16	9.46e-01	5.32e-02	5.52e-04
 1.25712e+16	9.47e-01	5.24e-02	5.36e-04
 1.25835e+16	9.48e-01	5.17e-02	5.21e-04
 1.25969e+16	9.49e-01	5.09e-02	5.04e-04
 1.26115e+16	9.49e-01	5.02e-02	4.88e-04
 1.26247e+16	9.50e-01	4.94e-02	4.74e-04
 1.26367e+16	9.51e-01	4.88e-02	4.61e-04
 1.26499e+16	9.52e-01	4.80e-02	4.46e-04
 1.26641e+16	9.52e-01	4.73e-02	4.32e-04
 1.26771e+16	9.53e-01	4.66e-02	4.18e-04
 1.26889e+16	9.54e-01	4.60e-02	4.07e-04
 1.26996e+16	9.54e-01	4.54e-02	3.96e-04
 1.27113e+16	9.55e-01	4.47e-02	3.84e-04
 1.27240e+16	9.56e-01	4.41e-02	3.73e-04
 1.27356e+16	9.56e-01	4.35e-02	3.63e-04
 1.27461e+16	9.57e-01	4.29e-02	3.54e-04
 1.27576e+16	9.57e-01	4.23e-02	3.43e-04
 1.27700e+16	9.58e-01	4.17e-02	3.34e-04
 1.27813e+16	9.59e-01	4.12e-02	3.25e-04
 1.27916e+16	9.59e-01	4.07e-02	3.16e-04
 1.28029e+16	9.60e-01	4.01e-02	3.07e-04
 1.28151e+16	9.60e-01	3.95e-02	2.99e-04
 1.28262e+16	9.61e-01	3.90e-02	2.91e-04
 1.28363e+16	9.61e-01	3.85e-02	2.83e-04
 1.28473e+16	9.62e-01	3.80e-02	2.75e-04
 1.28592e+16	9.62e-01	3.75e-02	2.68e-04
 1.28701e+16	9.63e-01	3.70e-02	2.61e-04
 1.28800e+16	9.63e-01	3.65e-02	2.54e-04
 1.28908e+16	9.64e-01	3.60e-02	2.47e-04
 1.29025e+16	9.64e-01	3.56e-02	2.41e-04
 1.29131e+16	9.65e-01	3.51e-02	2.35e-04
 1.29248e+16	9.65e-01	3.46e-02	2.28e-04
 1.29374e+16	9.66e-01	3.41e-02	2.21e-04
 1.29488e+16	9.66e-01	3.36e-02	2.15e-04
 1.29592e+16	9.67e-01	3.32e-02	2.10e-04
 1.29706e+16	9.67e-01	3.27e-02	2.04e-04
 1.29830e+16	9.67e-01	3.23e-02	1.99e-04
 1.29942e+16	9.68e-01	3.19e-02	1.93e-04
 1.30065e+16	9.68e-01	3.14e-02	1.88e-04
 1.30197e+16	9.69e-01	3.10e-02	1.82e-04
 1.30318e+16	9.69e-01	3.06e-02	1.77e-04
 1.30450e+16	9.70e-01	3.01e-02	1.72e-04
 1.30593e+16	9.70e-01	2.96e-02	1.67e-04
 1.30723e+16	9.71e-01	2.92e-02	1.62e-04
 1.30842e+16	9.71e-01	2.88e-02	1.58e-04
 1.30971e+16	9.71e-01	2.84e-02	1.53e-04
 1.31111e+16	9.72e-01	2.80e-02	1.49e-04
 1.31238e+16	9.72e-01	2.76e-02	1.44e-04
 1.31378e+16	9.73e-01	2.71e-02	1.40e-04
 1.31529e+16	9.73e-01	2.67e-02	1.35e-04
 1.31666e+16	9.74e-01	2.63e-02	1.32e-04
 1.31790e+16	9.74e-01	2.59e-02	1.28e-04
 1.31927e+16	9.74e-01	2.55e-02	1.24e-04
 1.32075e+16	9.75e-01	2.52e-02	1.20e-04
 1.32209e+16	9.75e-01	2.48e-02	1.17e-04
 1.32356e+16	9.75e-01	2.44e-02	1.13e-04
 1.32515e+16	9.76e-01	2.40e-02	1.10e-04
 1.32660e+16	9.76e-01	2.37e-02	1.07e-04
 1.32818e+16	9.77e-01	2.33e-02	1.03e-04
 1.32989e+16	9.77e-01	2.29e-02	9.96e-05
 1.33145e+16	9.77e-01	2.25e-02	9.65e-05
 1.33286e+16	9.78e-01	2.22e-02	9.38e-05
 1.33441e+16	9.78e-01	2.18e-02	9.08e-05
 1.33609e+16	9.78e-01	2.15e-02	8.80e-05
 1.33761e+16	9.79e-01	2.12e-02	8.54e-05
 1.33929e+16	9.79e-01	2.08e-02	8.25e-05
 1.34109e+16	9.79e-01	2.04e-02	7.97e-05
 1.34273e+16	9.80e-01	2.01e-02	7.73e-05
 1.34453e+16	9.80e-01	1.97e-02	7.45e-05
 1.34647e+16	9.81e-01	1.94e-02	7.19e-05
 1.34824e+16	9.81e-01	1.91e-02	6.95e-05
 1.35017e+16	9.81e-01	1.87e-02	6.69e-05
 1.35226e+16	9.82e-01	1.83e-02	6.44e-05
 1.35417e+16	9.82e-01	1.80e-02	6.22e-05
 1.35590e+16	9.82e-01	1.77e-02	6.03e-05
 1.35779e+16	9.83e-01	1.74e-02	5.82e-05
 1.35984e+16	9.83e-01	1.71e-02	5.61e-05
 1.36170e+16	9.83e-01	1.68e-02	5.43e-05
 1.36375e+16	9.83e-01	1.65e-02	5.22e-05
 1.36595e+16	9.84e-01	1.62e-02	5.03e-05
 1.36796e+16	9.84e-01	1.59e-02	4.86e-05
 1.37015e+16	9.84e-01	1.56e-02	4.67e-05
 1.37253e+16	9.85e-01	1.53e-02	4.49e-05
 1.37469e+16	9.85e-01	1.50e-02	4.33e-05
 1.37705e+16	9.85e-01	1.47e-02	4.15e-05
 1.37961e+16	9.86e-01	1.44e-02	3.98e-05
 1.38193e+16	9.86e-01	1.41e-02	3.83e-05
 1.38448e+16	9.86e-01	1.38e-02	3.67e-05
 1.38723e+16	9.86e-01	1.35e-02	3.51e-05
 1.38973e+16	9.87e-01	1.32e-02	3.37e-05
 1.39201e+16	9.87e-01	1.30e-02	3.25e-05
 1.39451e+16	9.87e-01	1.27e-02	3.12e-05
 1.39720e+16	9.88e-01	1.24e-02	2.99e-05
 1.39965e+16	9.88e-01	1.22e-02	2.88e-05
 1.40234e+16	9.88e-01	1.19e-02	2.76e-05
 1.40524e+16	9.88e-01	1.17e-02	2.64e-05
 1.40788e+16	9.89e-01	1.14e-02	2.53e-05
 1.41077e+16	9.89e-01	1.12e-02	2.42e-05
 1.41389e+16	9.89e-01	1.09e-02	2.31e-05
 1.41674e+16	9.89e-01	1.07e-02	2.22e-05
 1.41985e+16	9.90e-01	1.04e-02	2.11e-05
 1.42321e+16	9.90e-01	1.02e-02	2.01e-05
 1.42627e+16	9.90e-01	9.95e-03	1.93e-05
 1.42962e+16	9.90e-01	9.70e-03	1.83e-05
 1.43324e+16	9.91e-01	9.46e-03	1.74e-05
 1.43653e+16	9.91e-01	9.24e-03	1.66e-05
 1.44014e+16	9.91e-01	9.00e-03	1.58e-05
 1.44404e+16	9.91e-01	8.76e-03	1.50e-05
 1.44758e+16	9.91e-01	8.55e-03	1.43e-05
 1.45147e+16	9.92e-01	8.31e-03	1.35e-05
 1.45566e+16	9.92e-01	8.08e-03	1.28e-05
 1.45948e+16	9.92e-01	7.88e-03	1.21e-05
 1.46366e+16	9.92e-01	7.65e-03	1.15e-05
 1.46817e+16	9.93e-01	7.43e-03	1.08e-05
 1.47312e+16	9.93e-01	7.18e-03	1.01e-05
 1.47925e+16	9.93e-01	6.89e-03	9.32e-06
 1.48593e+16	9.93e-01	6.60e-03	8.56e-06
 1.49261e+16	9.94e-01	6.33e-03	7.88e-06
 1.49943e+16	9.94e-01	6.06e-03	7.24e-06
 1.50655e+16	9.94e-01	5.80e-03	6.63e-06
 1.51395e+16	9.94e-01	5.54e-03	6.06e-06
 1.52160e+16	9.95e-01	5.29e-03	5.53e-06
 1.52952e+16	9.95e-01	5.04e-03	5.03e-06
 1.53768e+16	9.95e-01	4.81e-03	4.58e-06
 1.54603e+16	9.95e-01	4.58e-03	4.16e-06
 1.55451e+16	9.96e-01	4.36e-03	3.78e-06
 1.56313e+16	9.96e-01	4.15e-03	3.43e-06
 1.57191e+16	9.96e-01	3.95e-03	3.11e-06
 1.58085e+16	9.96e-01	3.76e-03	2.82e-06
 1.58995e+16	9.96e-01	3.58e-03	2.55e-06
 1.59909e+16	9.97e-01	3.41e-03	2.32e-06
 1.60836e+16	9.97e-01	3.24e-03	2.10e-06
 1.61794e+16	9.97e-01	3.08e-03	1.90e-06
 1.62776e+16	9.97e-01	2.92e-03	1.71e-06
 1.63772e+16	9.97e-01	2.78e-03	1.54e-06
 1.64783e+16	9.97e-01	2.63e-03	1.39e-06
 1.65815e+16	9.97e-01	2.50e-03	1.25e-06
 1.66867e+16	9.98e-01	2.37e-03	1.13e-06
 1.67938e+16	9.98e-01	2.25e-03	1.01e-06
 1.69028e+16	9.98e-01	2.13e-03	9.09e-07
 1.70139e+16	9.98e-01	2.01e-03	8.15e-07
 1.71273e+16	9.98e-01	1.90e-03	7.30e-07
 1.72430e+16	9.98e-01	1.80e-03	6.53e-07
 1.73610e+16	9.98e-01	1.70e-03	5.83e-07
 1.74814e+16	9.98e-01	1.60e-03	5.20e-07
 1.76043e+16	9.98e-01	1.51e-03	4.63e-07
 1.77298e+16	9.99e-01	1.43e-03	4.12e-07
 1.78580e+16	9.99e-01	1.34e-03	3.65e-07
 1.79891e+16	9.99e-01	1.26e-03	3.24e-07
 1.81232e+16	9.99e-01	1.19e-03	2.86e-07
 1.82604e+16	9.99e-01	1.12e-03	2.53e-07
 1.84009e+16	9.99e-01	1.05e-03	2.22e-07
 1.85449e+16	9.99e-01	9.81e-04	1.95e-07
 1.86927e+16	9.99e-01	9.18e-04	1.71e-07
 1.88443e+16	9.99e-01	8.58e-04	1.50e-07
 1.90001e+16	9.99e-01	8.01e-04	1.31e-07
 1.91604e+16	9.99e-01	7.46e-04	1.13e-07
 1.93253e+16	9.99e-01	6.94e-04	9.84e-08
 1.94917e+16	9.99e-01	6.46e-04	8.52e-08
 1.96626e+16	9.99e-01	6.00e-04	7.35e-08
 1.98440e+16	9.99e-01	5.55e-04	6.29e-08
 2.00336e+16	9.99e-01	5.12e-04	5.35e-08
 2.02293e+16	1.00e+00	4.71e-04	4.53e-08
 2.04320e+16	1.00e+00	4.32e-04	3.82e-08
 2.06435e+16	1.00e+00	3.95e-04	3.20e-08
 2.08650e+16	1.00e+00	3.60e-04	2.66e-08
 2.10972e+16	1.00e+00	3.27e-04	2.19e-08
 2.13417e+16	1.00e+00	2.96e-04	1.79e-08
 2.16004e+16	1.00e+00	2.66e-04	1.45e-08
 2.18777e+16	1.00e+00	2.37e-04	1.16e-08
 2.21698e+16	1.00e+00	2.11e-04	9.12e-09
 2.24818e+16	1.00e+00	1.86e-04	7.09e-09
 2.28240e+16	1.00e+00	1.62e-04	5.38e-09
 2.31964e+16	1.00e+00	1.39e-04	4.00e-09
 2.36047e+16	1.00e+00	1.19e-04	2.90e-09
 2.40597e+16	1.00e+00	9.93e-05	2.03e-09
 2.45685e+16	1.00e+00	8.15e-05	1.37e-09
 2.51581e+16	1.00e+00	6.49e-05	8.70e-10
 2.58159e+16	1.00e+00	5.08e-05	5.32e-10
 2.64798e+16	1.00e+00	3.99e-05	3.29e-10
 2.71302e+16	1.00e+00	3.16e-05	2.06e-10
 2.77804e+16	1.00e+00	2.51e-05	1.30e-10
 2.84415e+16	1.00e+00	1.99e-05	8.24e-11
 2.91157e+16	1.00e+00	1.58e-05	5.21e-11
 2.98032e+16	1.00e+00	1.25e-05	3.28e-11
 3.05005e+16	1.00e+00	9.98e-06	2.08e-11
 3.12099e+16	1.00e+00	7.93e-06	1.32e-11
 3.19349e+16	1.00e+00	6.30e-06	8.32e-12
 3.26729e+16	1.00e+00	5.01e-06	5.28e-12
 3.34280e+16	1.00e+00	3.98e-06	3.34e-12
 3.42041e+16	1.00e+00	3.16e-06	2.10e-12
 3.49961e+16	1.00e+00	2.50e-06	1.32e-12
 3.58052e+16	1.00e+00	1.98e-06	8.30e-13
 3.66367e+16	1.00e+00	1.57e-06	5.19e-13
 3.74923e+16	1.00e+00	1.24e-06	3.24e-13
 3.83752e+16	1.00e+00	9.73e-07	2.00e-13
 3.92885e+16	1.00e+00	7.63e-07	1.23e-13
 4.02379e+16	1.00e+00	5.95e-07	7.51e-14
 4.12318e+16	1.00e+00	4.61e-07	4.51e-14
 4.22795e+16	1.00e+00	3.54e-07	2.66e-14
 4.33951e+16	1.00e+00	2.69e-07	1.54e-14
 4.45984e+16	1.00e+00	2.01e-07	8.59e-15
 4.59016e+16	1.00e+00	1.48e-07	4.65e-15
 4.72618e+16	1.00e+00	1.08e-07	2.50e-15
 4.86239e+16	1.00e+00	7.98e-08	1.36e-15
 4.99800e+16	1.00e+00	5.94e-08	7.55e-16
 5.13360e+16	1.00e+00	4.45e-08	4.24e-16
 5.26895e+16	1.00e+00	3.36e-08	2.42e-16
 5.40346e+16	1.00e+00	2.55e-08	1.40e-16
 5.53649e+16	1.00e+00	1.96e-08	8.25e-17
 5.66744e+16	1.00e+00	1.52e-08	4.96e-17
 5.79571e+16	1.00e+00	1.19e-08	3.04e-17
 5.92083e+16	1.00e+00	9.39e-09	1.91e-17
 6.04255e+16	1.00e+00	7.51e-09	1.22e-17
 6.16054e+16	1.00e+00	6.07e-09	7.99e-18
 6.27447e+16	1.00e+00	4.96e-09	5.34e-18
 6.38418e+16	1.00e+00	4.10e-09	3.65e-18
 6.48957e+16	1.00e+00	3.42e-09	2.54e-18
 6.59059e+16	1.00e+00	2.88e-09	1.81e-18
 6.68723e+16	1.00e+00	2.45e-09	1.31e-18
 6.77957e+16	1.00e+00	2.11e-09	9.69e-19
 6.86767e+16	1.00e+00	1.83e-09	7.28e-19
 6.95164e+16	1.00e+00	1.60e-09	5.56e-19
 7.03159e+16	1.00e+00	1.40e-09	4.32e-19
 7.10766e+16	1.00e+00	1.25e-09	3.40e-19
 7.18003e+16	1.00e+00	1.11e-09	2.72e-19
 7.24886e+16	1.00e+00	1.00e-09	2.20e-19
 7.31430e+16	1.00e+00	9.05e-10	1.80e-19
 7.37650e+16	1.00e+00	8.23e-10	1.49e-19
 7.43560e+16	1.00e+00	7.53e-10	1.25e-19
 7.49175e+16	1.00e+00	6.92e-10	1.05e-19
 7.54512e+16	1.00e+00	6.39e-10	9.00e-20
 7.59587e+16	1.00e+00	5.93e-10	7.75e-20
 7.64413e+16	1.00e+00	5.52e-10	6.73e-20
 7.68999e+16	1.00e+00	5.16e-10	5.88e-20
 7.73357e+16	1.00e+00	4.85e-10	5.18e-20
 7.77501e+16	1.00e+00	4.56e-10	4.60e-20
 7.81448e+16	1.00e+00	4.31e-10	4.11e-20
 7.85207e+16	1.00e+00	4.08e-10	3.69e-20
 7.88787e+16	1.00e+00	3.88e-10	3.33e-20
 7.92197e+16	1.00e+00	3.69e-10	3.02e-20
 7.95446e+16	1.00e+00	3.53e-10	2.76e-20
 7.98544e+16	1.00e+00	3.38e-10	2.53e-20
 8.01503e+16	1.00e+00	3.24e-10	2.32e-20
 8.04331e+16	1.00e+00	3.11e-10	2.15e-20
 8.07034e+16	1.00e+00	3.00e-10	1.99e-20
 8.09620e+16	1.00e+00	2.89e-10	1.85e-20
 8.12097e+16	1.00e+00	2.79e-10	1.73e-20
 8.14471e+16	1.00e+00	2.70e-10	1.62e-20
 8.16751e+16	1.00e+00	2.62e-10	1.52e-20
 8.18943e+16	1.00e+00	2.54e-10	1.43e-20
 8.21054e+16	1.00e+00	2.47e-10	1.35e-20
 8.23089e+16	1.00e+00	2.40e-10	1.28e-20
 8.25055e+16	1.00e+00	2.33e-10	1.21e-20
 8.26959e+16	1.00e+00	2.27e-10	1.15e-20
 8.28808e+16	1.00e+00	2.21e-10	1.09e-20
 8.30608e+16	1.00e+00	2.16e-10	1.04e-20
 8.32363e+16	1.00e+00	2.11e-10	9.90e-21
 8.34082e+16	1.00e+00	2.06e-10	0.00e+00
 8.35771e+16	1.00e+00	2.01e-10	0.00e+00
 8.37438e+16	1.00e+00	1.97e-10	0.00e+00
 8.39092e+16	1.00e+00	1.92e-10	0.00e+00
 8.40741e+16	1.00e+00	1.88e-10	0.00e+00
 8.42395e+16	1.00e+00	1.84e-10	0.00e+00
 8.44065e+16	1.00e+00	1.80e-10	0.00e+00
 8.45765e+16	1.00e+00	1.76e-10	0.00e+00
 8.47510e+16	1.00e+00	1.72e-10	0.00e+00
 8.49322e+16	1.00e+00	1.67e-10	0.00e+00
 8.51226e+16	1.00e+00	1.63e-10	0.00e+00
 8.53253e+16	1.00e+00	1.59e-10	0.00e+00
 8.55447e+16	1.00e+00	1.54e-10	0.00e+00
 8.57866e+16	1.00e+00	1.49e-10	0.00e+00
 8.60593e+16	1.00e+00	1.44e-10	0.00e+00
 8.63752e+16	1.00e+00	1.37e-10	0.00e+00
 8.67524e+16	1.00e+00	1.30e-10	0.00e+00
 8.72197e+16	1.00e+00	1.22e-10	0.00e+00
 8.78190e+16	1.00e+00	1.13e-10	0.00e+00
 8.85981e+16	1.00e+00	1.02e-10	0.00e+00
 8.96109e+16	1.00e+00	8.87e-11	0.00e+00
 9.09276e+16	1.00e+00	7.45e-11	0.00e+00
 9.26393e+16	1.00e+00	5.96e-11	0.00e+00
 9.48645e+16	1.00e+00	4.49e-11	0.00e+00
 9.76872e+16	1.00e+00	3.16e-11	0.00e+00
 1.00817e+17	1.00e+00	2.18e-11	0.00e+00
 1.03947e+17	1.00e+00	1.52e-11	0.00e+00
 1.07077e+17	1.00e+00	1.07e-11	0.00e+00
 1.10207e+17	1.00e+00	7.64e-12	0.00e+00
 1.13337e+17	1.00e+00	5.49e-12	0.00e+00
 1.16467e+17	1.00e+00	3.98e-12	0.00e+00
 1.19597e+17	1.00e+00	2.92e-12	0.00e+00
 1.22727e+17	1.00e+00	2.16e-12	0.00e+00
 1.25856e+17	1.00e+00	1.62e-12	0.00e+00
 1.28986e+17	1.00e+00	1.23e-12	0.00e+00
 1.32515e+17	1.00e+00	9.04e-13	0.00e+00
 1.36518e+17	1.00e+00	6.51e-13	0.00e+00
 1.40675e+17	1.00e+00	4.73e-13	0.00e+00
 1.45548e+17	1.00e+00	3.34e-13	0.00e+00
 1.51267e+17	1.00e+00	2.26e-13	0.00e+00
 1.57318e+17	1.00e+00	1.56e-13	0.00e+00
 1.63232e+17	1.00e+00	1.14e-13	0.00e+00
 1.68486e+17	1.00e+00	9.00e-14	0.00e+00
 1.73040e+17	1.00e+00	7.64e-14	0.00e+00
 1.77217e+17	1.00e+00	6.67e-14	0.00e+00
 1.81022e+17	1.00e+00	5.83e-14	0.00e+00
 1.83944e+17	1.00e+00	5.27e-14	0.00e+00
 1.85770e+17	1.00e+00	5.03e-14	0.00e+00
 1.86830e+17	1.00e+00	4.93e-14	0.00e+00
 1.87466e+17	1.00e+00	4.88e-14	0.00e+00
 1.87848e+17	1.00e+00	4.85e-14	0.00e+00
 1.88105e+17	1.00e+00	4.83e-14	0.00e+00
 1.88342e+17	1.00e+00	4.81e-14	0.00e+00
 1.88617e+17	1.00e+00	4.78e-14	0.00e+00
 1.88935e+17	1.00e+00	4.75e-14	0.00e+00
 1.89223e+17	1.00e+00	4.72e-14	0.00e+00
 1.89447e+17	1.00e+00	4.69e-14	0.00e+00
 1.89645e+17	1.00e+00	4.67e-14	0.00e+00
 1.89845e+17	1.00e+00	4.65e-14	0.00e+00
 1.90055e+17	1.00e+00	4.62e-14	0.00e+00
 1.90256e+17	1.00e+00	4.59e-14	0.00e+00
 1.90431e+17	1.00e+00	4.57e-14	0.00e+00
 1.90586e+17	1.00e+00	4.55e-14	0.00e+00
 1.90734e+17	1.00e+00	4.53e-14	0.00e+00
 1.90889e+17	1.00e+00	4.51e-14	0.00e+00
 1.91046e+17	1.00e+00	4.49e-14	0.00e+00
 1.91187e+17	1.00e+00	4.46e-14	0.00e+00
 1.91310e+17	1.00e+00	4.45e-14	0.00e+00
 1.91430e+17	1.00e+00	4.43e-14	0.00e+00
 1.91554e+17	1.00e+00	4.41e-14	0.00e+00
 1.91670e+17	1.00e+00	4.39e-14	0.00e+00
 1.91781e+17	1.00e+00	4.38e-14	0.00e+00
 1.91892e+17	1.00e+00	4.36e-14	0.00e+00
 1.92003e+17	1.00e+00	4.34e-14	0.00e+00
 1.92109e+17	1.00e+00	4.32e-14	0.00e+00
 1.92206e+17	1.00e+00	4.31e-14	0.00e+00
 1.92302e+17	1.00e+00	4.30e-14	0.00e+00
 1.92407e+17	1.00e+00	4.28e-14	0.00e+00
 1.92508e+17	1.00e+00	4.26e-14	0.00e+00
 1.92596e+17	1.00e+00	4.24e-14	0.00e+00
 1.92688e+17	1.00e+00	4.24e-14	0.00e+00
 1.92790e+17	1.00e+00	4.21e-14	0.00e+00
 1.92889e+17	1.00e+00	4.19e-14	0.00e+00
 1.92978e+17	1.00e+00	4.18e-14	0.00e+00
 1.93066e+17	1.00e+00	4.16e-14	0.00e+00
 1.93161e+17	1.00e+00	4.14e-14	0.00e+00
 1.93259e+17	1.00e+00	4.12e-14	0.00e+00
 1.93356e+17	1.00e+00	4.10e-14	0.00e+00
 1.93451e+17	1.00e+00	4.09e-14	0.00e+00
 1.93548e+17	1.00e+00	4.07e-14	0.00e+00
 1.93647e+17	1.00e+00	4.05e-14	0.00e+00
 1.93748e+17	1.00e+00	4.02e-14	0.00e+00
 1.93850e+17	1.00e+00	4.00e-14	0.00e+00
 1.93953e+17	1.00e+00	3.98e-14	0.00e+00
 1.94056e+17	1.00e+00	3.96e-14	0.00e+00
 1.94169e+17	1.00e+00	3.94e-14	0.00e+00
 1.94291e+17	1.00e+00	3.91e-14	0.00e+00
 1.94403e+17	1.00e+00	3.89e-14	0.00e+00
 1.94509e+17	1.00e+00	3.87e-14	0.00e+00
 1.94624e+17	1.00e+00	3.84e-14	0.00e+00
 1.94754e+17	1.00e+00	3.81e-14	0.00e+00
 1.94885e+17	1.00e+00	3.78e-14	0.00e+00
 1.95009e+17	1.00e+00	3.76e-14	0.00e+00
 1.95132e+17	1.00e+00	3.73e-14	0.00e+00
 1.95265e+17	1.00e+00	3.70e-14	0.00e+00
 1.95409e+17	1.00e+00	3.67e-14	0.00e+00
 1.95552e+17	1.00e+00	3.64e-14	0.00e+00
 1.95689e+17	1.00e+00	3.61e-14	0.00e+00
 1.95834e+17	1.00e+00	3.58e-14	0.00e+00
 1.95993e+17	1.00e+00	3.54e-14	0.00e+00
 1.96159e+17	1.00e+00	3.51e-14	0.00e+00
 1.96325e+17	1.00e+00	3.47e-14	0.00e+00
 1.96488e+17	1.00e+00	3.43e-14	0.00e+00
 1.96653e+17	1.00e+00	3.40e-14	0.00e+00
 1.96824e+17	1.00e+00	3.36e-14	0.00e+00
 1.97008e+17	1.00e+00	3.32e-14	0.00e+00
 1.97201e+17	1.00e+00	3.27e-14	0.00e+00
 1.97397e+17	1.00e+00	3.23e-14	0.00e+00
 1.97580e+17	1.00e+00	3.19e-14	0.00e+00
 1.97776e+17	1.00e+00	3.15e-14	0.00e+00
 1.98008e+17	1.00e+00	3.10e-14	0.00e+00
 1.98237e+17	1.00e+00	3.04e-14	0.00e+00
 1.98453e+17	1.00e+00	2.99e-14	0.00e+00
 1.98670e+17	1.00e+00	2.95e-14	0.00e+00
 1.98908e+17	1.00e+00	2.90e-14	0.00e+00
 1.99168e+17	1.00e+00	2.84e-14	0.00e+00
 1.99422e+17	1.00e+00	2.78e-14	0.00e+00
 1.99672e+17	1.00e+00	2.73e-14	0.00e+00
 1.99930e+17	1.00e+00	2.68e-14	0.00e+00
 2.00205e+17	1.00e+00	2.62e-14	0.00e+00
 2.00493e+17	1.00e+00	2.56e-14	0.00e+00
 2.00788e+17	1.00e+00	2.50e-14	0.00e+00
 2.01079e+17	1.00e+00	2.44e-14	0.00e+00
 2.01370e+17	1.00e+00	2.38e-14	0.00e+00
 2.01679e+17	1.00e+00	2.32e-14	0.00e+00
 2.02009e+17	1.00e+00	2.25e-14	0.00e+00
 2.02342e+17	1.00e+00	2.18e-14	0.00e+00
 2.02673e+17	1.00e+00	2.12e-14	0.00e+00
 2.03014e+17	1.00e+00	2.06e-14	0.00e+00
 2.03371e+17	1.00e+00	1.99e-14	0.00e+00
 2.03737e+17	1.00e+00	1.92e-14	0.00e+00
 2.04105e+17	1.00e+00	1.85e-14	0.00e+00
 2.04483e+17	1.00e+00	1.79e-14	0.00e+00
 2.04878e+17	1.00e+00	1.72e-14	0.00e+00
 2.05282e+17	1.00e+00	1.65e-14	0.00e+00
 2.05704e+17	1.00e+00	1.58e-14	0.00e+00
 2.06141e+17	1.00e+00	1.51e-14	0.00e+00
 2.06571e+17	1.00e+00	1.45e-14	0.00e+00
 2.07004e+17	1.00e+00	1.38e-14	0.00e+00
 2.07460e+17	1.00e+00	1.32e-14	0.00e+00
 2.07946e+17	1.00e+00	1.25e-14	0.00e+00
 2.08468e+17	1.00e+00	1.18e-14	0.00e+00
 2.08992e+17	1.00e+00	1.11e-14	0.00e+00
 2.09506e+17	1.00e+00	1.05e-14	0.00e+00
 2.10028e+17	1.00e+00	9.86e-15	0.00e+00
 2.10585e+17	1.00e+00	9.24e-15	0.00e+00
 2.11179e+17	1.00e+00	8.64e-15	0.00e+00
 2.11801e+17	1.00e+00	8.02e-15	0.00e+00
 2.12442e+17	1.00e+00	7.41e-15	0.00e+00
 2.13032e+17	1.00e+00	6.85e-15	0.00e+00
 2.13539e+17	1.00e+00	6.40e-15	0.00e+00
 2.13989e+17	1.00e+00	6.03e-15	0.00e+00
 2.14421e+17	1.00e+00	5.70e-15	0.00e+00
 2.14857e+17	1.00e+00	5.39e-15	0.00e+00
 2.15285e+17	1.00e+00	5.08e-15	0.00e+00
 2.15688e+17	1.00e+00	4.80e-15	0.00e+00
 2.16061e+17	1.00e+00	4.56e-15	0.00e+00
 2.16411e+17	1.00e+00	4.33e-15	0.00e+00
 2.16749e+17	1.00e+00	4.13e-15	0.00e+00
 2.17076e+17	1.00e+00	3.93e-15	0.00e+00
 2.17390e+17	1.00e+00	3.75e-15	0.00e+00
 2.17686e+17	1.00e+00	3.58e-15	0.00e+00
 2.17964e+17	1.00e+00	3.42e-15	0.00e+00
 2.18231e+17	1.00e+00	3.29e-15	0.00e+00
 2.18487e+17	1.00e+00	3.15e-15	0.00e+00
 2.18731e+17	1.00e+00	3.03e-15	0.00e+00
 2.18964e+17	1.00e+00	2.92e-15	0.00e+00
 2.19190e+17	1.00e+00	2.81e-15	0.00e+00
 2.19409e+17	1.00e+00	2.71e-15	0.00e+00
 2.19621e+17	1.00e+00	2.62e-15	0.00e+00
 2.19824e+17	1.00e+00	2.53e-15	0.00e+00
 2.20020e+17	1.00e+00	2.45e-15	0.00e+00
 2.20212e+17	1.00e+00	2.37e-15	0.00e+00
 2.20398e+17	1.00e+00	2.29e-15	0.00e+00
 2.20580e+17	1.00e+00	2.22e-15	0.00e+00
 2.20758e+17	1.00e+00	2.15e-15	0.00e+00
 2.20932e+17	1.00e+00	2.09e-15	0.00e+00
 2.21102e+17	1.00e+00	2.03e-15	0.00e+00
 2.21269e+17	1.00e+00	1.97e-15	0.00e+00
 2.21434e+17	1.00e+00	1.92e-15	0.00e+00
 2.21622e+17	1.00e+00	1.86e-15	0.00e+00
 2.21867e+17	1.00e+00	1.80e-15	0.00e+00
 2.22184e+17	1.00e+00	1.71e-15	0.00e+00
 2.22597e+17	1.00e+00	1.60e-15	0.00e+00
 2.23134e+17	1.00e+00	1.48e-15	0.00e+00
 2.23821e+17	1.00e+00	1.33e-15	0.00e+00
 2.24576e+17	1.00e+00	1.17e-15	0.00e+00
 2.25256e+17	1.00e+00	1.03e-15	0.00e+00
 2.25819e+17	1.00e+00	9.34e-16	0.00e+00
 2.26319e+17	1.00e+00	8.60e-16	0.00e+00
 2.26833e+17	1.00e+00	7.93e-16	0.00e+00
 2.27399e+17	1.00e+00	7.28e-16	0.00e+00
 2.27998e+17	1.00e+00	6.63e-16	0.00e+00
 2.28588e+17	1.00e+00	6.04e-16	0.00e+00
 2.29152e+17	1.00e+00	5.54e-16	0.00e+00
 2.29712e+17	1.00e+00	5.10e-16	0.00e+00
 2.30299e+17	1.00e+00	4.69e-16	0.00e+00
 2.30927e+17	1.00e+00	4.29e-16	0.00e+00
 2.31593e+17	1.00e+00	3.91e-16	0.00e+00
 2.32289e+17	1.00e+00	3.56e-16	0.00e+00
 2.33028e+17	1.00e+00	3.23e-16	0.00e+00
 2.33843e+17	1.00e+00	2.92e-16	0.00e+00
 2.34785e+17	1.00e+00	2.60e-16	0.00e+00
 2.35922e+17	1.00e+00	2.28e-16	0.00e+00
 2.37366e+17	1.00e+00	1.95e-16	0.00e+00
 2.39242e+17	1.00e+00	1.60e-16	0.00e+00
 2.41681e+17	1.00e+00	1.26e-16	0.00e+00
 2.44851e+17	1.00e+00	9.36e-17	0.00e+00
 2.48973e+17	1.00e+00	6.57e-17	0.00e+00
 2.54332e+17	1.00e+00	4.29e-17	0.00e+00
 2.61298e+17	1.00e+00	2.56e-17	0.00e+00
 2.70354e+17	1.00e+00	1.36e-17	0.00e+00
 2.80982e+17	1.00e+00	6.50e-18	0.00e+00
 2.91700e+17	1.00e+00	3.22e-18	0.00e+00
 3.01372e+17	1.00e+00	1.67e-18	0.00e+00
 3.09719e+17	1.00e+00	9.76e-19	0.00e+00
 3.17366e+17	1.00e+00	5.97e-19	0.00e+00
 3.26023e+17	1.00e+00	3.40e-19	0.00e+00
 3.35390e+17	1.00e+00	1.88e-19	0.00e+00
 3.43175e+17	1.00e+00	1.15e-19	0.00e+00
 3.49212e+17	1.00e+00	7.84e-20	0.00e+00
 3.55482e+17	1.00e+00	5.20e-20	0.00e+00
 3.62528e+17	1.00e+00	3.28e-20	0.00e+00
 3.69029e+17	1.00e+00	2.14e-20	0.00e+00
 3.75926e+17	1.00e+00	1.34e-20	0.00e+00
 3.84894e+17	1.00e+00	7.17e-21	0.00e+00
 3.93003e+17	1.00e+00	3.99e-21	0.00e+00
 3.97869e+17	1.00e+00	2.74e-21	0.00e+00
 4.00788e+17	1.00e+00	2.16e-21	0.00e+00
 4.02540e+17	1.00e+00	1.86e-21	0.00e+00
 4.03591e+17	1.00e+00	1.70e-21	0.00e+00
 4.04221e+17	1.00e+00	1.61e-21	0.00e+00
 4.04600e+17	1.00e+00	1.58e-21	0.00e+00
 4.04863e+17	1.00e+00	1.57e-21	0.00e+00
 4.05142e+17	1.00e+00	1.54e-21	0.00e+00
 4.05505e+17	1.00e+00	1.48e-21	0.00e+00
 4.05959e+17	1.00e+00	1.41e-21	0.00e+00
 4.06438e+17	1.00e+00	1.34e-21	0.00e+00
 4.06844e+17	1.00e+00	1.29e-21	0.00e+00
 4.07159e+17	1.00e+00	1.26e-21	0.00e+00
