#depth	N	N+	N+2	N+3	N+4	N+5	N+6	N+7
 1.49634e+10	5.99e-45	1.07e-34	2.21e-25	1.06e-16	5.81e-09	9.91e-01	8.55e-03	0.00e+00
 4.54887e+10	0.00e+00	1.49e-34	2.85e-25	1.25e-16	6.32e-09	9.92e-01	7.88e-03	3.09e-08
 7.72350e+10	1.38e-44	2.09e-34	3.67e-25	1.49e-16	6.89e-09	9.93e-01	7.21e-03	0.00e+00
 1.10251e+11	0.00e+00	2.92e-34	4.73e-25	1.76e-16	7.51e-09	9.93e-01	6.61e-03	0.00e+00
 1.43601e+11	3.15e-44	4.05e-34	6.05e-25	2.08e-16	8.17e-09	9.94e-01	6.08e-03	0.00e+00
 1.78284e+11	0.00e+00	5.63e-34	7.76e-25	2.46e-16	8.89e-09	9.94e-01	5.58e-03	0.00e+00
 2.12246e+11	6.99e-44	7.68e-34	9.81e-25	2.88e-16	9.63e-09	9.95e-01	5.16e-03	0.00e+00
 2.42881e+11	0.00e+00	1.01e-33	1.20e-24	3.31e-16	1.03e-08	9.95e-01	4.81e-03	0.00e+00
 2.77010e+11	1.41e-43	1.35e-33	1.51e-24	3.84e-16	1.11e-08	9.96e-01	4.45e-03	0.00e+00
 3.17189e+11	0.00e+00	1.89e-33	1.94e-24	4.56e-16	1.22e-08	9.96e-01	4.09e-03	0.00e+00
 3.57169e+11	3.20e-43	2.60e-33	2.47e-24	5.37e-16	1.32e-08	9.96e-01	3.76e-03	0.00e+00
 3.94600e+11	0.00e+00	3.48e-33	3.09e-24	6.24e-16	1.43e-08	9.97e-01	3.48e-03	0.00e+00
 4.36162e+11	6.77e-43	4.76e-33	3.91e-24	7.32e-16	1.55e-08	9.97e-01	3.21e-03	0.00e+00
 4.83535e+11	0.00e+00	6.71e-33	5.08e-24	8.73e-16	1.69e-08	9.97e-01	2.94e-03	0.00e+00
 5.30184e+11	1.56e-42	9.31e-33	6.52e-24	1.03e-15	1.84e-08	9.97e-01	2.69e-03	0.00e+00
 5.78699e+11	0.00e+00	1.29e-32	8.37e-24	1.22e-15	2.01e-08	9.98e-01	2.47e-03	0.00e+00
 6.31774e+11	3.60e-42	1.83e-32	1.09e-23	1.46e-15	2.20e-08	9.98e-01	2.26e-03	0.00e+00
 6.85130e+11	0.00e+00	2.55e-32	1.41e-23	1.74e-15	2.41e-08	9.98e-01	2.06e-03	0.00e+00
 7.40619e+11	8.28e-42	3.57e-32	1.82e-23	2.08e-15	2.64e-08	9.98e-01	1.89e-03	0.00e+00
 8.00171e+11	0.00e+00	5.06e-32	2.37e-23	2.49e-15	2.89e-08	9.98e-01	1.72e-03	0.00e+00
 8.59282e+11	1.92e-41	7.05e-32	3.06e-23	2.97e-15	3.17e-08	9.98e-01	1.57e-03	0.00e+00
 9.20757e+11	0.00e+00	9.83e-32	3.95e-23	3.53e-15	3.47e-08	9.99e-01	1.44e-03	0.00e+00
 9.87514e+11	4.46e-41	1.39e-31	5.17e-23	4.25e-15	3.81e-08	9.99e-01	1.31e-03	0.00e+00
 1.05694e+12	0.00e+00	1.97e-31	6.75e-23	5.11e-15	4.19e-08	9.99e-01	1.19e-03	0.00e+00
 1.12915e+12	1.05e-40	2.79e-31	8.83e-23	6.15e-15	4.62e-08	9.99e-01	1.08e-03	0.00e+00
 1.20424e+12	0.00e+00	3.94e-31	1.15e-22	7.40e-15	5.09e-08	9.99e-01	9.80e-04	0.00e+00
 1.27200e+12	2.32e-40	5.32e-31	1.46e-22	8.71e-15	5.54e-08	9.99e-01	9.01e-04	0.00e+00
 1.32821e+12	0.00e+00	6.77e-31	1.76e-22	9.92e-15	5.93e-08	9.99e-01	8.42e-04	0.00e+00
 1.38968e+12	4.27e-40	8.74e-31	2.14e-22	1.14e-14	6.38e-08	9.99e-01	7.83e-04	0.00e+00
 1.46787e+12	0.00e+00	1.19e-30	2.74e-22	1.35e-14	6.98e-08	9.99e-01	7.16e-04	0.00e+00
 1.54960e+12	9.22e-40	1.64e-30	3.50e-22	1.61e-14	7.65e-08	9.99e-01	6.53e-04	0.00e+00
 1.62169e+12	0.00e+00	2.14e-30	4.32e-22	1.86e-14	8.27e-08	9.99e-01	6.05e-04	0.00e+00
 1.68838e+12	1.71e-39	2.71e-30	5.21e-22	2.13e-14	8.87e-08	9.99e-01	5.64e-04	0.00e+00
 1.76401e+12	0.00e+00	3.52e-30	6.40e-22	2.46e-14	9.59e-08	9.99e-01	5.22e-04	0.00e+00
 1.85786e+12	3.42e-39	4.81e-30	8.18e-22	2.93e-14	1.05e-07	1.00e+00	4.76e-04	0.00e+00
 1.95161e+12	0.00e+00	6.48e-30	1.04e-21	3.47e-14	1.15e-07	1.00e+00	4.35e-04	0.00e+00
 2.03188e+12	6.61e-39	8.28e-30	1.26e-21	3.99e-14	1.24e-07	1.00e+00	4.04e-04	0.00e+00
 2.11842e+12	0.00e+00	1.07e-29	1.54e-21	4.61e-14	1.34e-07	1.00e+00	3.74e-04	0.00e+00
 2.22564e+12	1.30e-38	1.45e-29	1.96e-21	5.49e-14	1.47e-07	1.00e+00	3.41e-04	0.00e+00
 2.33590e+12	0.00e+00	1.95e-29	2.48e-21	6.51e-14	1.62e-07	1.00e+00	3.11e-04	0.00e+00
 2.43546e+12	2.53e-38	2.52e-29	3.05e-21	7.56e-14	1.75e-07	1.00e+00	2.87e-04	0.00e+00
 2.54498e+12	0.00e+00	3.31e-29	3.79e-21	8.85e-14	1.91e-07	1.00e+00	2.64e-04	0.00e+00
 2.67398e+12	5.07e-38	4.49e-29	4.84e-21	1.06e-13	2.10e-07	1.00e+00	2.40e-04	0.00e+00
 2.80297e+12	0.00e+00	6.02e-29	6.12e-21	1.25e-13	2.31e-07	1.00e+00	2.19e-04	0.00e+00
 2.92556e+12	9.91e-38	7.85e-29	7.57e-21	1.47e-13	2.51e-07	1.00e+00	2.01e-04	0.00e+00
 3.06095e+12	0.00e+00	1.04e-28	9.50e-21	1.73e-13	2.75e-07	1.00e+00	1.84e-04	0.00e+00
 3.21331e+12	2.00e-37	1.41e-28	1.21e-20	2.07e-13	3.03e-07	1.00e+00	1.67e-04	0.00e+00
 3.36571e+12	0.00e+00	1.88e-28	1.53e-20	2.45e-13	3.33e-07	1.00e+00	1.52e-04	0.00e+00
 3.50067e+12	3.80e-37	2.41e-28	1.86e-20	2.83e-13	3.60e-07	1.00e+00	1.40e-04	0.00e+00
 3.61385e+12	0.00e+00	2.94e-28	2.19e-20	3.19e-13	3.84e-07	1.00e+00	1.32e-04	0.00e+00
 3.73564e+12	6.19e-37	3.62e-28	2.59e-20	3.60e-13	4.11e-07	1.00e+00	1.23e-04	0.00e+00
 3.89396e+12	0.00e+00	4.70e-28	3.19e-20	4.20e-13	4.47e-07	1.00e+00	1.13e-04	0.00e+00
 4.05967e+12	1.16e-36	6.12e-28	3.95e-20	4.91e-13	4.87e-07	1.00e+00	1.04e-04	0.00e+00
 4.20113e+12	0.00e+00	7.59e-28	4.70e-20	5.58e-13	5.23e-07	1.00e+00	9.71e-05	0.00e+00
 4.35118e+12	1.96e-36	9.48e-28	5.62e-20	6.35e-13	5.62e-07	1.00e+00	9.04e-05	0.00e+00
 4.53968e+12	0.00e+00	1.24e-27	6.98e-20	7.45e-13	6.13e-07	1.00e+00	8.29e-05	0.00e+00
 4.73372e+12	3.72e-36	1.62e-27	8.65e-20	8.71e-13	6.69e-07	1.00e+00	7.61e-05	0.00e+00
 4.90496e+12	0.00e+00	2.03e-27	1.04e-19	9.95e-13	7.20e-07	1.00e+00	7.08e-05	0.00e+00
 5.09098e+12	6.48e-36	2.57e-27	1.26e-19	1.14e-12	7.77e-07	1.00e+00	6.56e-05	0.00e+00
 5.29616e+12	0.00e+00	3.31e-27	1.54e-19	1.33e-12	8.44e-07	1.00e+00	6.04e-05	0.00e+00
 5.48509e+12	1.15e-35	4.15e-27	1.85e-19	1.51e-12	9.07e-07	1.00e+00	5.62e-05	0.00e+00
 5.68953e+12	0.00e+00	5.25e-27	2.23e-19	1.74e-12	9.79e-07	1.00e+00	5.21e-05	0.00e+00
 5.91761e+12	2.06e-35	6.76e-27	2.74e-19	2.02e-12	1.06e-06	1.00e+00	4.81e-05	0.00e+00
 6.13141e+12	0.00e+00	8.51e-27	3.29e-19	2.31e-12	1.14e-06	1.00e+00	4.47e-05	0.00e+00
 6.36433e+12	3.63e-35	1.08e-26	4.00e-19	2.66e-12	1.24e-06	1.00e+00	4.13e-05	0.00e+00
 6.62307e+12	0.00e+00	1.40e-26	4.92e-19	3.09e-12	1.34e-06	1.00e+00	3.81e-05	0.00e+00
 6.86457e+12	6.55e-35	1.77e-26	5.94e-19	3.54e-12	1.45e-06	1.00e+00	3.53e-05	0.00e+00
 7.12770e+12	0.00e+00	2.27e-26	7.24e-19	4.08e-12	1.57e-06	1.00e+00	3.27e-05	0.00e+00
 7.42197e+12	1.21e-34	2.96e-26	8.96e-19	4.76e-12	1.71e-06	1.00e+00	3.01e-05	0.00e+00
 7.69961e+12	0.00e+00	3.77e-26	1.09e-18	5.47e-12	1.84e-06	1.00e+00	2.79e-05	0.00e+00
 8.00331e+12	2.21e-34	4.88e-26	1.34e-18	6.33e-12	1.99e-06	1.00e+00	2.57e-05	0.00e+00
 8.34340e+12	3.08e-34	6.43e-26	1.67e-18	7.42e-12	2.18e-06	1.00e+00	2.36e-05	0.00e+00
 8.66592e+12	4.18e-34	8.29e-26	2.04e-18	8.57e-12	2.36e-06	1.00e+00	2.18e-05	0.00e+00
 9.01131e+12	5.74e-34	1.08e-25	2.52e-18	9.95e-12	2.55e-06	1.00e+00	2.01e-05	0.00e+00
 9.40169e+12	8.10e-34	1.44e-25	3.16e-18	1.17e-11	2.79e-06	1.00e+00	1.84e-05	0.00e+00
 9.78873e+12	1.13e-33	1.89e-25	3.93e-18	1.36e-11	3.03e-06	1.00e+00	1.70e-05	0.00e+00
 1.01912e+13	1.57e-33	2.49e-25	4.89e-18	1.59e-11	3.30e-06	1.00e+00	1.56e-05	0.00e+00
 1.06288e+13	2.23e-33	3.32e-25	6.15e-18	1.87e-11	3.60e-06	1.00e+00	1.43e-05	0.00e+00
 1.10839e+13	3.19e-33	4.46e-25	7.74e-18	2.19e-11	3.92e-06	1.00e+00	1.31e-05	0.00e+00
 1.15158e+13	4.40e-33	5.80e-25	9.54e-18	2.54e-11	4.24e-06	1.00e+00	1.22e-05	0.00e+00
 1.19047e+13	5.82e-33	7.32e-25	1.14e-17	2.88e-11	4.54e-06	1.00e+00	1.14e-05	0.00e+00
 1.22676e+13	7.51e-33	9.02e-25	1.35e-17	3.23e-11	4.83e-06	1.00e+00	1.07e-05	0.00e+00
 1.26676e+13	9.91e-33	1.13e-24	1.61e-17	3.66e-11	5.16e-06	1.00e+00	1.00e-05	0.00e+00
 1.31183e+13	1.34e-32	1.45e-24	1.96e-17	4.18e-11	5.54e-06	1.00e+00	9.32e-06	0.00e+00
 1.35497e+13	1.78e-32	1.83e-24	2.35e-17	4.73e-11	5.91e-06	1.00e+00	8.73e-06	0.00e+00
 1.40257e+13	2.41e-32	2.34e-24	2.84e-17	5.41e-11	6.34e-06	1.00e+00	8.14e-06	0.00e+00
 1.45556e+13	3.34e-32	3.06e-24	3.50e-17	6.23e-11	6.84e-06	1.00e+00	7.55e-06	0.00e+00
 1.50428e+13	4.46e-32	3.88e-24	4.21e-17	7.08e-11	7.31e-06	1.00e+00	7.06e-06	0.00e+00
 1.54940e+13	5.81e-32	4.81e-24	4.97e-17	7.93e-11	7.76e-06	1.00e+00	6.66e-06	0.00e+00
 1.60112e+13	7.82e-32	6.12e-24	5.98e-17	9.00e-11	8.29e-06	1.00e+00	6.24e-06	0.00e+00
 1.66446e+13	1.11e-31	8.16e-24	7.46e-17	1.04e-10	8.95e-06	1.00e+00	5.77e-06	0.00e+00
 1.72774e+13	1.55e-31	1.07e-23	9.20e-17	1.21e-10	9.66e-06	1.00e+00	5.35e-06	0.00e+00
 1.78277e+13	2.07e-31	1.35e-23	1.10e-16	1.36e-10	1.03e-05	1.00e+00	5.03e-06	0.00e+00
 1.84224e+13	2.81e-31	1.73e-23	1.33e-16	1.55e-10	1.10e-05	1.00e+00	4.71e-06	0.00e+00
 1.91486e+13	4.04e-31	2.31e-23	1.66e-16	1.79e-10	1.18e-05	1.00e+00	4.37e-06	0.00e+00
 1.98896e+13	5.69e-31	3.06e-23	2.06e-16	2.08e-10	1.28e-05	1.00e+00	4.05e-06	0.00e+00
 2.05592e+13	7.79e-31	3.94e-23	2.49e-16	2.36e-10	1.36e-05	1.00e+00	3.80e-06	0.00e+00
 2.12923e+13	1.09e-30	5.15e-23	3.05e-16	2.71e-10	1.46e-05	1.00e+00	3.54e-06	0.00e+00
 2.21557e+13	1.59e-30	6.98e-23	3.83e-16	3.16e-10	1.58e-05	1.00e+00	3.28e-06	0.00e+00
 2.30181e+13	2.26e-30	9.30e-23	4.78e-16	3.66e-10	1.70e-05	1.00e+00	3.04e-06	0.00e+00
 2.38297e+13	3.16e-30	1.22e-22	5.84e-16	4.19e-10	1.82e-05	1.00e+00	2.84e-06	0.00e+00
 2.47276e+13	4.51e-30	1.62e-22	7.24e-16	4.83e-10	1.95e-05	1.00e+00	2.65e-06	0.00e+00
 2.57466e+13	6.68e-30	2.21e-22	9.17e-16	5.65e-10	2.11e-05	1.00e+00	2.45e-06	0.00e+00
 2.67724e+13	9.67e-30	2.98e-22	1.15e-15	6.58e-10	2.28e-05	1.00e+00	2.27e-06	0.00e+00
 2.78392e+13	1.42e-29	4.05e-22	1.45e-15	7.66e-10	2.46e-05	1.00e+00	2.10e-06	0.00e+00
 2.89827e+13	2.11e-29	5.55e-22	1.83e-15	8.96e-10	2.66e-05	1.00e+00	1.94e-06	0.00e+00
 3.01719e+13	3.11e-29	7.59e-22	2.32e-15	1.05e-09	2.88e-05	1.00e+00	1.80e-06	0.00e+00
 3.13205e+13	4.45e-29	1.01e-21	2.88e-15	1.21e-09	3.10e-05	1.00e+00	1.67e-06	0.00e+00
 3.23963e+13	6.20e-29	1.32e-21	3.51e-15	1.38e-09	3.30e-05	1.00e+00	1.57e-06	0.00e+00
 3.34116e+13	8.42e-29	1.68e-21	4.21e-15	1.56e-09	3.51e-05	1.00e+00	1.47e-06	0.00e+00
 3.45192e+13	1.16e-28	2.17e-21	5.10e-15	1.77e-09	3.74e-05	1.00e+00	1.38e-06	0.00e+00
 3.57510e+13	1.62e-28	2.84e-21	6.27e-15	2.03e-09	4.00e-05	1.00e+00	1.29e-06	0.00e+00
 3.69041e+13	2.21e-28	3.65e-21	7.56e-15	2.30e-09	4.25e-05	1.00e+00	1.21e-06	0.00e+00
 3.81632e+13	3.09e-28	4.76e-21	9.21e-15	2.63e-09	4.54e-05	1.00e+00	1.14e-06	0.00e+00
 3.95865e+13	4.42e-28	6.34e-21	1.14e-14	3.03e-09	4.88e-05	1.00e+00	1.06e-06	0.00e+00
 4.09544e+13	6.09e-28	8.22e-21	1.40e-14	3.46e-09	5.22e-05	1.00e+00	9.91e-07	0.00e+00
 4.24579e+13	8.68e-28	1.09e-20	1.73e-14	3.99e-09	5.59e-05	1.00e+00	0.00e+00	0.00e+00
 4.41448e+13	1.28e-27	1.49e-20	2.17e-14	4.65e-09	6.03e-05	1.00e+00	0.00e+00	0.00e+00
 4.57633e+13	1.79e-27	1.96e-20	2.69e-14	5.36e-09	6.48e-05	1.00e+00	0.00e+00	0.00e+00
 4.74880e+13	2.59e-27	2.62e-20	3.34e-14	6.20e-09	6.96e-05	1.00e+00	0.00e+00	0.00e+00
 4.94174e+13	3.77e-27	3.55e-20	4.23e-14	7.25e-09	7.54e-05	1.00e+00	0.00e+00	0.00e+00
 5.11997e+13	5.34e-27	4.70e-20	5.21e-14	8.34e-09	8.08e-05	1.00e+00	0.00e+00	0.00e+00
 5.27416e+13	7.02e-27	5.87e-20	6.20e-14	9.38e-09	8.58e-05	1.00e+00	0.00e+00	0.00e+00
 5.44508e+13	9.66e-27	7.57e-20	7.50e-14	1.06e-08	9.13e-05	1.00e+00	0.00e+00	0.00e+00
 5.65402e+13	1.37e-26	1.01e-19	9.35e-14	1.23e-08	9.85e-05	1.00e+00	0.00e+00	0.00e+00
 5.86547e+13	1.96e-26	1.34e-19	1.16e-13	1.43e-08	1.06e-04	1.00e+00	0.00e+00	0.00e+00
 6.05545e+13	2.63e-26	1.71e-19	1.40e-13	1.62e-08	1.13e-04	1.00e+00	0.00e+00	0.00e+00
 6.26445e+13	3.63e-26	2.22e-19	1.71e-13	1.85e-08	1.21e-04	1.00e+00	0.00e+00	0.00e+00
 6.51173e+13	5.22e-26	2.97e-19	2.15e-13	2.16e-08	1.31e-04	1.00e+00	0.00e+00	0.00e+00
 6.75470e+13	7.40e-26	3.95e-19	2.68e-13	2.49e-08	1.41e-04	1.00e+00	0.00e+00	0.00e+00
 6.97679e+13	1.02e-25	5.09e-19	3.24e-13	2.83e-08	1.50e-04	1.00e+00	0.00e+00	0.00e+00
 7.22582e+13	1.39e-25	6.60e-19	3.99e-13	3.26e-08	1.61e-04	1.00e+00	0.00e+00	0.00e+00
 7.51541e+13	2.05e-25	8.98e-19	5.03e-13	3.81e-08	1.74e-04	1.00e+00	0.00e+00	0.00e+00
 7.79985e+13	2.85e-25	1.18e-18	6.26e-13	4.41e-08	1.88e-04	1.00e+00	0.00e+00	0.00e+00
 8.06840e+13	3.92e-25	1.53e-18	7.65e-13	5.05e-08	2.01e-04	1.00e+00	0.00e+00	0.00e+00
 8.36684e+13	5.57e-25	2.03e-18	9.48e-13	5.83e-08	2.16e-04	1.00e+00	0.00e+00	0.00e+00
 8.70451e+13	7.91e-25	2.72e-18	1.20e-12	6.82e-08	2.34e-04	1.00e+00	0.00e+00	0.00e+00
 9.04227e+13	1.15e-24	3.66e-18	1.50e-12	7.94e-08	2.53e-04	1.00e+00	0.00e+00	0.00e+00
 9.35949e+13	1.55e-24	4.71e-18	1.84e-12	9.10e-08	2.71e-04	1.00e+00	0.00e+00	0.00e+00
 9.70280e+13	2.20e-24	6.23e-18	2.28e-12	1.05e-07	2.91e-04	1.00e+00	0.00e+00	0.00e+00
 1.00939e+14	3.11e-24	8.32e-18	2.88e-12	1.23e-07	3.16e-04	1.00e+00	0.00e+00	0.00e+00
 1.04631e+14	4.34e-24	1.09e-17	3.56e-12	1.42e-07	3.39e-04	1.00e+00	0.00e+00	0.00e+00
 1.07961e+14	5.86e-24	1.39e-17	4.29e-12	1.61e-07	3.62e-04	1.00e+00	0.00e+00	0.00e+00
 1.11114e+14	7.61e-24	1.72e-17	5.08e-12	1.80e-07	3.83e-04	1.00e+00	0.00e+00	0.00e+00
 1.14616e+14	1.01e-23	2.18e-17	6.11e-12	2.04e-07	4.08e-04	1.00e+00	0.00e+00	0.00e+00
 1.18518e+14	1.35e-23	2.78e-17	7.45e-12	2.33e-07	4.37e-04	1.00e+00	0.00e+00	0.00e+00
 1.22188e+14	1.82e-23	3.53e-17	8.93e-12	2.63e-07	4.64e-04	1.00e+00	0.00e+00	0.00e+00
 1.26204e+14	2.41e-23	4.45e-17	1.08e-11	2.99e-07	4.96e-04	1.00e+00	0.00e+00	0.00e+00
 1.30696e+14	3.36e-23	5.84e-17	1.33e-11	3.43e-07	5.32e-04	9.99e-01	0.00e+00	0.00e+00
 1.34962e+14	4.39e-23	7.32e-17	1.61e-11	3.90e-07	5.68e-04	9.99e-01	0.00e+00	0.00e+00
 1.39661e+14	6.04e-23	9.50e-17	1.97e-11	4.47e-07	6.08e-04	9.99e-01	0.00e+00	0.00e+00
 1.44851e+14	8.52e-23	1.26e-16	2.45e-11	5.17e-07	6.55e-04	9.99e-01	0.00e+00	0.00e+00
 1.49643e+14	1.12e-22	1.58e-16	2.97e-11	5.89e-07	6.99e-04	9.99e-01	0.00e+00	0.00e+00
 1.54834e+14	1.55e-22	2.06e-16	3.63e-11	6.74e-07	7.49e-04	9.99e-01	0.00e+00	0.00e+00
 1.60629e+14	2.12e-22	2.68e-16	4.51e-11	7.81e-07	8.08e-04	9.99e-01	0.00e+00	0.00e+00
 1.66068e+14	2.89e-22	3.45e-16	5.50e-11	8.92e-07	8.64e-04	9.99e-01	0.00e+00	0.00e+00
 1.71996e+14	3.89e-22	4.43e-16	6.76e-11	1.03e-06	9.28e-04	9.99e-01	0.00e+00	0.00e+00
 1.78583e+14	5.50e-22	5.89e-16	8.45e-11	1.19e-06	1.00e-03	9.99e-01	0.00e+00	0.00e+00
 1.84745e+14	7.23e-22	7.44e-16	1.03e-10	1.36e-06	1.07e-03	9.99e-01	0.00e+00	0.00e+00
 1.91440e+14	1.01e-21	9.78e-16	1.27e-10	1.57e-06	1.15e-03	9.99e-01	0.00e+00	0.00e+00
 1.98917e+14	1.38e-21	1.28e-15	1.60e-10	1.83e-06	1.25e-03	9.99e-01	0.00e+00	0.00e+00
 2.06003e+14	1.91e-21	1.66e-15	1.96e-10	2.11e-06	1.34e-03	9.99e-01	0.00e+00	0.00e+00
 2.13583e+14	2.57e-21	2.14e-15	2.43e-10	2.43e-06	1.45e-03	9.99e-01	0.00e+00	0.00e+00
 2.22156e+14	3.64e-21	2.86e-15	3.06e-10	2.85e-06	1.57e-03	9.98e-01	0.00e+00	0.00e+00
 2.30605e+14	4.87e-21	3.68e-15	3.81e-10	3.31e-06	1.70e-03	9.98e-01	0.00e+00	0.00e+00
 2.38749e+14	6.57e-21	4.74e-15	4.68e-10	3.80e-06	1.83e-03	9.98e-01	0.00e+00	0.00e+00
 2.47685e+14	8.93e-21	6.15e-15	5.81e-10	4.40e-06	1.97e-03	9.98e-01	0.00e+00	0.00e+00
 2.57623e+14	1.24e-20	8.10e-15	7.31e-10	5.15e-06	2.15e-03	9.98e-01	0.00e+00	0.00e+00
 2.66074e+14	1.64e-20	1.03e-14	8.84e-10	5.86e-06	2.30e-03	9.98e-01	0.00e+00	0.00e+00
 2.72349e+14	1.98e-20	1.21e-14	1.01e-09	6.43e-06	2.41e-03	9.98e-01	0.00e+00	0.00e+00
 2.78993e+14	2.41e-20	1.43e-14	1.17e-09	7.08e-06	2.54e-03	9.97e-01	0.00e+00	0.00e+00
 2.87632e+14	3.08e-20	1.76e-14	1.39e-09	8.00e-06	2.72e-03	9.97e-01	0.00e+00	0.00e+00
 2.97081e+14	4.02e-20	2.21e-14	1.69e-09	9.10e-06	2.91e-03	9.97e-01	0.00e+00	0.00e+00
 3.05772e+14	5.01e-20	2.68e-14	1.99e-09	1.02e-05	3.10e-03	9.97e-01	0.00e+00	0.00e+00
 3.15260e+14	6.49e-20	3.33e-14	2.38e-09	1.15e-05	3.31e-03	9.97e-01	0.00e+00	0.00e+00
 3.25958e+14	8.43e-20	4.19e-14	2.90e-09	1.32e-05	3.56e-03	9.96e-01	0.00e+00	0.00e+00
 3.36161e+14	1.08e-19	5.18e-14	3.47e-09	1.49e-05	3.80e-03	9.96e-01	0.00e+00	0.00e+00
 3.47355e+14	1.40e-19	6.48e-14	4.20e-09	1.70e-05	4.09e-03	9.96e-01	0.00e+00	0.00e+00
 3.59810e+14	1.85e-19	8.25e-14	5.16e-09	1.96e-05	4.42e-03	9.96e-01	0.00e+00	0.00e+00
 3.71495e+14	2.39e-19	1.03e-13	6.22e-09	2.23e-05	4.74e-03	9.95e-01	0.00e+00	0.00e+00
 3.84278e+14	3.11e-19	1.30e-13	7.58e-09	2.55e-05	5.10e-03	9.95e-01	0.00e+00	0.00e+00
 3.98488e+14	4.13e-19	1.66e-13	9.37e-09	2.95e-05	5.54e-03	9.94e-01	0.00e+00	0.00e+00
 4.11686e+14	5.35e-19	2.08e-13	1.14e-08	3.36e-05	5.94e-03	9.94e-01	0.00e+00	0.00e+00
 4.25978e+14	7.04e-19	2.63e-13	1.39e-08	3.85e-05	6.42e-03	9.94e-01	0.00e+00	0.00e+00
 4.41913e+14	9.37e-19	3.38e-13	1.72e-08	4.45e-05	6.97e-03	9.93e-01	0.00e+00	0.00e+00
 4.56827e+14	1.21e-18	4.24e-13	2.09e-08	5.08e-05	7.49e-03	9.92e-01	0.00e+00	0.00e+00
 4.73058e+14	1.62e-18	5.43e-13	2.57e-08	5.84e-05	8.10e-03	9.92e-01	0.00e+00	0.00e+00
 4.91166e+14	2.18e-18	7.04e-13	3.21e-08	6.79e-05	8.81e-03	9.91e-01	0.00e+00	0.00e+00
 5.08180e+14	2.87e-18	8.93e-13	3.92e-08	7.78e-05	9.50e-03	9.90e-01	0.00e+00	0.00e+00
 5.26602e+14	3.82e-18	1.14e-12	4.84e-08	8.96e-05	1.03e-02	9.90e-01	0.00e+00	0.00e+00
 5.47177e+14	5.21e-18	1.50e-12	6.07e-08	1.04e-04	1.12e-02	9.89e-01	0.00e+00	0.00e+00
 5.66863e+14	6.96e-18	1.92e-12	7.49e-08	1.20e-04	1.21e-02	9.88e-01	0.00e+00	0.00e+00
 5.87856e+14	9.36e-18	2.48e-12	9.30e-08	1.39e-04	1.31e-02	9.87e-01	0.00e+00	0.00e+00
 6.11400e+14	1.30e-17	3.29e-12	1.18e-07	1.62e-04	1.43e-02	9.86e-01	0.00e+00	0.00e+00
 6.31102e+14	1.65e-17	4.08e-12	1.42e-07	1.84e-04	1.54e-02	9.84e-01	0.00e+00	0.00e+00
 6.45225e+14	2.03e-17	4.82e-12	1.62e-07	2.01e-04	1.61e-02	9.84e-01	0.00e+00	0.00e+00
 6.60003e+14	2.45e-17	5.68e-12	1.86e-07	2.20e-04	1.70e-02	9.83e-01	0.00e+00	0.00e+00
 6.79213e+14	3.12e-17	6.98e-12	2.20e-07	2.47e-04	1.81e-02	9.82e-01	0.00e+00	0.00e+00
 7.00521e+14	4.04e-17	8.72e-12	2.65e-07	2.79e-04	1.93e-02	9.80e-01	0.00e+00	0.00e+00
 7.20386e+14	5.13e-17	1.07e-11	3.14e-07	3.12e-04	2.06e-02	9.79e-01	0.00e+00	0.00e+00
 7.42039e+14	6.48e-17	1.31e-11	3.75e-07	3.51e-04	2.19e-02	9.78e-01	0.00e+00	0.00e+00
 7.66315e+14	8.76e-17	1.69e-11	4.56e-07	3.99e-04	2.36e-02	9.76e-01	0.00e+00	0.00e+00
 7.89254e+14	1.13e-16	2.09e-11	5.45e-07	4.49e-04	2.51e-02	9.74e-01	0.00e+00	0.00e+00
 8.14327e+14	2.25e-16	2.60e-11	6.58e-07	5.09e-04	2.69e-02	9.73e-01	0.00e+00	0.00e+00
 8.42501e+14	2.18e-16	3.40e-11	8.09e-07	5.82e-04	2.90e-02	9.70e-01	0.00e+00	0.00e+00
 8.69262e+14	2.89e-16	4.29e-11	9.77e-07	6.59e-04	3.10e-02	9.68e-01	0.00e+00	0.00e+00
 8.98607e+14	3.76e-16	5.41e-11	1.19e-06	7.52e-04	3.33e-02	9.66e-01	0.00e+00	0.00e+00
 9.33511e+14	5.49e-16	7.33e-11	1.51e-06	8.76e-04	3.61e-02	9.63e-01	0.00e+00	0.00e+00
 9.67612e+14	7.31e-16	9.41e-11	1.87e-06	1.01e-03	3.90e-02	9.60e-01	0.00e+00	0.00e+00
 9.98062e+14	9.72e-16	1.19e-10	2.26e-06	1.14e-03	4.16e-02	9.57e-01	0.00e+00	0.00e+00
 1.03180e+15	1.31e-15	1.53e-10	2.76e-06	1.30e-03	4.47e-02	9.54e-01	0.00e+00	0.00e+00
 1.07190e+15	1.94e-15	2.09e-10	3.48e-06	1.52e-03	4.85e-02	9.50e-01	0.00e+00	0.00e+00
 1.11176e+15	2.70e-15	2.74e-10	4.35e-06	1.75e-03	5.23e-02	9.46e-01	0.00e+00	0.00e+00
 1.14854e+15	3.65e-15	3.52e-10	5.30e-06	1.99e-03	5.60e-02	9.42e-01	0.00e+00	0.00e+00
 1.18980e+15	4.92e-15	4.54e-10	6.56e-06	2.29e-03	6.03e-02	9.37e-01	0.00e+00	0.00e+00
 1.23741e+15	7.39e-15	6.27e-10	8.35e-06	2.68e-03	6.55e-02	9.32e-01	0.00e+00	0.00e+00
 1.28388e+15	1.05e-14	8.35e-10	1.04e-05	3.09e-03	7.06e-02	9.26e-01	0.00e+00	0.00e+00
 1.33221e+15	1.47e-14	1.10e-09	1.30e-05	3.58e-03	7.61e-02	9.20e-01	0.00e+00	0.00e+00
 1.37656e+15	2.03e-14	1.43e-09	1.59e-05	4.07e-03	8.13e-02	9.15e-01	0.00e+00	0.00e+00
 1.40928e+15	2.54e-14	1.72e-09	1.83e-05	4.46e-03	8.53e-02	9.10e-01	0.00e+00	0.00e+00
 1.44264e+15	3.18e-14	2.06e-09	2.11e-05	4.89e-03	8.94e-02	9.06e-01	0.00e+00	0.00e+00
 1.48600e+15	4.06e-14	2.54e-09	2.52e-05	5.48e-03	9.47e-02	9.00e-01	0.00e+00	0.00e+00
 1.53356e+15	5.70e-14	3.31e-09	3.06e-05	6.20e-03	1.01e-01	8.93e-01	0.00e+00	0.00e+00
 1.57685e+15	7.19e-14	4.04e-09	3.61e-05	6.91e-03	1.06e-01	8.87e-01	0.00e+00	0.00e+00
 1.62339e+15	9.73e-14	5.13e-09	4.31e-05	7.74e-03	1.13e-01	8.79e-01	0.00e+00	0.00e+00
 1.68270e+15	1.33e-13	6.67e-09	5.33e-05	8.88e-03	1.21e-01	8.70e-01	0.00e+00	0.00e+00
 1.74263e+15	1.92e-13	8.91e-09	6.59e-05	1.02e-02	1.29e-01	8.61e-01	0.00e+00	0.00e+00
 1.79228e+15	2.55e-13	1.12e-08	7.79e-05	1.13e-02	1.36e-01	8.52e-01	0.00e+00	0.00e+00
 1.84453e+15	3.36e-13	1.39e-08	9.25e-05	1.26e-02	1.44e-01	8.44e-01	0.00e+00	0.00e+00
 1.91156e+15	4.52e-13	1.80e-08	1.14e-04	1.45e-02	1.53e-01	8.32e-01	0.00e+00	0.00e+00
 1.98229e+15	6.63e-13	2.43e-08	1.42e-04	1.66e-02	1.64e-01	8.19e-01	0.00e+00	0.00e+00
 2.04436e+15	8.95e-13	3.09e-08	1.70e-04	1.86e-02	1.73e-01	8.08e-01	0.00e+00	0.00e+00
 2.11072e+15	1.18e-12	3.89e-08	2.05e-04	2.10e-02	1.83e-01	7.96e-01	0.00e+00	0.00e+00
 2.19120e+15	1.76e-12	5.32e-08	2.56e-04	2.42e-02	1.96e-01	7.80e-01	0.00e+00	0.00e+00
 2.27070e+15	2.45e-12	6.96e-08	3.15e-04	2.75e-02	2.08e-01	7.65e-01	0.00e+00	0.00e+00
 2.34104e+15	3.19e-12	8.68e-08	3.76e-04	3.08e-02	2.18e-01	7.51e-01	0.00e+00	0.00e+00
 2.41884e+15	4.34e-12	1.11e-07	4.55e-04	3.46e-02	2.30e-01	7.35e-01	0.00e+00	0.00e+00
 2.51208e+15	6.52e-12	1.53e-07	5.69e-04	3.98e-02	2.45e-01	7.15e-01	0.00e+00	0.00e+00
 2.60425e+15	9.18e-12	2.01e-07	6.99e-04	4.52e-02	2.59e-01	6.95e-01	0.00e+00	0.00e+00
 2.68463e+15	1.22e-11	2.54e-07	8.31e-04	5.03e-02	2.71e-01	6.78e-01	0.00e+00	0.00e+00
 2.77086e+15	1.63e-11	3.21e-07	9.95e-04	5.61e-02	2.83e-01	6.60e-01	0.00e+00	0.00e+00
 2.87600e+15	2.35e-11	4.29e-07	1.23e-03	6.39e-02	2.98e-01	6.36e-01	0.00e+00	0.00e+00
 2.98000e+15	3.23e-11	5.57e-07	1.50e-03	7.20e-02	3.13e-01	6.14e-01	0.00e+00	0.00e+00
 3.06244e+15	4.07e-11	6.75e-07	1.74e-03	7.88e-02	3.23e-01	5.96e-01	0.00e+00	0.00e+00
 3.14262e+15	5.19e-11	8.20e-07	2.01e-03	8.59e-02	3.34e-01	5.78e-01	0.00e+00	0.00e+00
 3.24685e+15	7.32e-11	1.07e-06	2.42e-03	9.57e-02	3.47e-01	5.55e-01	0.00e+00	0.00e+00
 3.34911e+15	9.61e-11	1.34e-06	2.86e-03	1.06e-01	3.59e-01	5.32e-01	0.00e+00	0.00e+00
 3.43217e+15	1.18e-10	1.59e-06	3.27e-03	1.14e-01	3.68e-01	5.15e-01	0.00e+00	0.00e+00
 3.52351e+15	1.50e-10	1.92e-06	3.77e-03	1.24e-01	3.78e-01	4.95e-01	0.00e+00	0.00e+00
 3.64226e+15	2.12e-10	2.52e-06	4.53e-03	1.37e-01	3.90e-01	4.68e-01	0.00e+00	0.00e+00
 3.76053e+15	2.83e-10	3.17e-06	5.36e-03	1.51e-01	4.00e-01	4.44e-01	0.00e+00	0.00e+00
 3.85660e+15	3.56e-10	3.82e-06	6.13e-03	1.62e-01	4.07e-01	4.24e-01	0.00e+00	0.00e+00
 3.95988e+15	4.55e-10	4.64e-06	7.05e-03	1.75e-01	4.15e-01	4.03e-01	0.00e+00	0.00e+00
 4.09414e+15	5.89e-10	5.76e-06	8.36e-03	1.92e-01	4.22e-01	3.77e-01	0.00e+00	0.00e+00
 4.23357e+15	8.40e-10	7.55e-06	9.99e-03	2.11e-01	4.29e-01	3.50e-01	0.00e+00	0.00e+00
 4.34886e+15	1.06e-09	9.08e-06	1.14e-02	2.26e-01	4.33e-01	3.29e-01	0.00e+00	0.00e+00
 4.46790e+15	1.31e-09	1.09e-05	1.31e-02	2.43e-01	4.36e-01	3.08e-01	0.00e+00	0.00e+00
 4.62265e+15	1.88e-09	1.43e-05	1.57e-02	2.65e-01	4.38e-01	2.81e-01	0.00e+00	0.00e+00
 4.77419e+15	2.47e-09	1.78e-05	1.84e-02	2.86e-01	4.38e-01	2.57e-01	0.00e+00	0.00e+00
 4.89123e+15	3.01e-09	2.09e-05	2.07e-02	3.03e-01	4.37e-01	2.40e-01	0.00e+00	0.00e+00
 5.01304e+15	3.76e-09	2.49e-05	2.34e-02	3.20e-01	4.34e-01	2.22e-01	0.00e+00	0.00e+00
 5.17139e+15	5.29e-09	3.22e-05	2.75e-02	3.43e-01	4.30e-01	1.99e-01	0.00e+00	0.00e+00
 5.32695e+15	6.81e-09	3.94e-05	3.17e-02	3.65e-01	4.23e-01	1.80e-01	0.00e+00	0.00e+00
 5.44828e+15	8.19e-09	4.57e-05	3.53e-02	3.82e-01	4.17e-01	1.66e-01	0.00e+00	0.00e+00
 5.55733e+15	9.88e-09	5.29e-05	3.90e-02	3.97e-01	4.11e-01	1.54e-01	0.00e+00	0.00e+00
 5.66485e+15	1.19e-08	6.10e-05	4.29e-02	4.11e-01	4.04e-01	1.42e-01	0.00e+00	0.00e+00
 5.78844e+15	1.54e-08	7.37e-05	4.79e-02	4.28e-01	3.95e-01	1.29e-01	0.00e+00	0.00e+00
 5.91133e+15	1.85e-08	8.53e-05	5.30e-02	4.44e-01	3.85e-01	1.18e-01	0.00e+00	0.00e+00
 6.01573e+15	2.14e-08	9.60e-05	5.77e-02	4.57e-01	3.77e-01	1.08e-01	0.00e+00	0.00e+00
 6.13386e+15	2.59e-08	1.11e-04	6.37e-02	4.72e-01	3.66e-01	9.86e-02	0.00e+00	0.00e+00
 6.26445e+15	3.40e-08	1.35e-04	7.11e-02	4.87e-01	3.54e-01	8.77e-02	0.00e+00	0.00e+00
 6.38523e+15	4.12e-08	1.57e-04	7.83e-02	5.01e-01	3.42e-01	7.91e-02	0.00e+00	0.00e+00
 6.49553e+15	4.95e-08	1.81e-04	8.54e-02	5.13e-01	3.30e-01	7.17e-02	0.00e+00	0.00e+00
 6.61818e+15	6.11e-08	2.12e-04	9.42e-02	5.25e-01	3.17e-01	6.39e-02	0.00e+00	0.00e+00
 6.74818e+15	7.18e-08	2.41e-04	1.04e-01	5.37e-01	3.02e-01	5.69e-02	0.00e+00	0.00e+00
 6.88773e+15	9.77e-08	3.01e-04	1.16e-01	5.49e-01	2.85e-01	4.88e-02	0.00e+00	0.00e+00
 7.03067e+15	1.24e-07	3.60e-04	1.30e-01	5.59e-01	2.68e-01	4.20e-02	0.00e+00	0.00e+00
 7.15000e+15	1.52e-07	4.19e-04	1.42e-01	5.67e-01	2.54e-01	3.69e-02	0.00e+00	0.00e+00
 7.25607e+15	1.84e-07	4.83e-04	1.54e-01	5.72e-01	2.41e-01	3.26e-02	0.00e+00	0.00e+00
 7.37292e+15	2.14e-07	5.44e-04	1.68e-01	5.77e-01	2.26e-01	2.85e-02	0.00e+00	0.00e+00
 7.52484e+15	2.97e-07	6.91e-04	1.90e-01	5.81e-01	2.05e-01	2.32e-02	0.00e+00	0.00e+00
 7.65575e+15	3.60e-07	8.01e-04	2.08e-01	5.82e-01	1.89e-01	1.96e-02	0.00e+00	0.00e+00
 7.73659e+15	4.57e-07	9.44e-04	2.23e-01	5.81e-01	1.78e-01	1.71e-02	0.00e+00	0.00e+00
 7.79984e+15	5.18e-07	1.03e-03	2.34e-01	5.80e-01	1.69e-01	1.55e-02	0.00e+00	0.00e+00
 7.86300e+15	5.93e-07	1.14e-03	2.46e-01	5.78e-01	1.61e-01	1.39e-02	0.00e+00	0.00e+00
 7.94510e+15	6.66e-07	1.25e-03	2.62e-01	5.75e-01	1.50e-01	1.23e-02	0.00e+00	0.00e+00
 8.03616e+15	8.47e-07	1.48e-03	2.82e-01	5.69e-01	1.37e-01	1.03e-02	0.00e+00	0.00e+00
 8.10447e+15	9.50e-07	1.62e-03	2.96e-01	5.65e-01	1.29e-01	9.13e-03	0.00e+00	0.00e+00
 8.15887e+15	1.08e-06	1.78e-03	3.09e-01	5.60e-01	1.21e-01	8.15e-03	0.00e+00	0.00e+00
 8.21938e+15	1.31e-06	2.03e-03	3.25e-01	5.53e-01	1.13e-01	7.05e-03	0.00e+00	0.00e+00
 8.26943e+15	1.46e-06	2.19e-03	3.37e-01	5.48e-01	1.06e-01	6.35e-03	0.00e+00	0.00e+00
 8.31608e+15	1.59e-06	2.33e-03	3.49e-01	5.43e-01	1.00e-01	5.71e-03	0.00e+00	0.00e+00
 8.37672e+15	1.92e-06	2.66e-03	3.67e-01	5.34e-01	9.20e-02	4.86e-03	0.00e+00	0.00e+00
 8.43399e+15	2.21e-06	2.94e-03	3.82e-01	5.25e-01	8.50e-02	4.20e-03	0.00e+00	0.00e+00
 8.47643e+15	2.40e-06	3.13e-03	3.94e-01	5.19e-01	7.99e-02	3.76e-03	0.00e+00	0.00e+00
 8.52118e+15	2.83e-06	3.50e-03	4.09e-01	5.10e-01	7.39e-02	3.25e-03	0.00e+00	0.00e+00
 8.56649e+15	3.06e-06	3.71e-03	4.21e-01	5.03e-01	6.89e-02	2.88e-03	0.00e+00	0.00e+00
 8.61256e+15	3.61e-06	4.16e-03	4.37e-01	4.93e-01	6.31e-02	2.45e-03	0.00e+00	0.00e+00
 8.65880e+15	3.98e-06	4.46e-03	4.50e-01	4.85e-01	5.82e-02	2.12e-03	0.00e+00	0.00e+00
 8.70528e+15	4.56e-06	4.90e-03	4.66e-01	4.75e-01	5.29e-02	1.79e-03	0.00e+00	0.00e+00
 8.75527e+15	5.27e-06	5.43e-03	4.82e-01	4.64e-01	4.77e-02	1.49e-03	0.00e+00	0.00e+00
 8.79911e+15	6.03e-06	5.96e-03	4.96e-01	4.53e-01	4.33e-02	1.25e-03	0.00e+00	0.00e+00
 8.83828e+15	6.81e-06	6.48e-03	5.09e-01	4.44e-01	3.95e-02	1.06e-03	0.00e+00	0.00e+00
 8.88206e+15	8.07e-06	7.27e-03	5.25e-01	4.32e-01	3.52e-02	8.59e-04	0.00e+00	0.00e+00
 8.92658e+15	9.17e-06	7.95e-03	5.39e-01	4.21e-01	3.15e-02	7.05e-04	0.00e+00	0.00e+00
 8.97205e+15	1.06e-05	8.80e-03	5.54e-01	4.09e-01	2.78e-02	5.62e-04	0.00e+00	0.00e+00
 9.02075e+15	1.23e-05	9.73e-03	5.69e-01	3.97e-01	2.42e-02	4.42e-04	0.00e+00	0.00e+00
 9.06506e+15	1.41e-05	1.07e-02	5.82e-01	3.86e-01	2.13e-02	3.50e-04	0.00e+00	0.00e+00
 9.11408e+15	1.65e-05	1.19e-02	5.97e-01	3.72e-01	1.82e-02	2.66e-04	0.00e+00	0.00e+00
 9.16743e+15	1.94e-05	1.33e-02	6.12e-01	3.59e-01	1.54e-02	1.97e-04	0.00e+00	0.00e+00
 9.20782e+15	2.18e-05	1.43e-02	6.23e-01	3.49e-01	1.36e-02	1.57e-04	0.00e+00	0.00e+00
 9.23508e+15	2.36e-05	1.51e-02	6.30e-01	3.42e-01	1.24e-02	1.34e-04	0.00e+00	0.00e+00
 9.26387e+15	2.58e-05	1.61e-02	6.38e-01	3.35e-01	1.12e-02	1.12e-04	0.00e+00	0.00e+00
 9.30129e+15	2.89e-05	1.74e-02	6.48e-01	3.25e-01	9.81e-03	8.82e-05	0.00e+00	0.00e+00
 9.34226e+15	3.26e-05	1.88e-02	6.58e-01	3.15e-01	8.50e-03	6.83e-05	0.00e+00	0.00e+00
 9.38007e+15	3.64e-05	2.02e-02	6.67e-01	3.06e-01	7.44e-03	5.39e-05	0.00e+00	0.00e+00
 9.42147e+15	4.11e-05	2.19e-02	6.76e-01	2.96e-01	6.38e-03	4.10e-05	0.00e+00	0.00e+00
 9.46696e+15	4.67e-05	2.39e-02	6.86e-01	2.85e-01	5.41e-03	3.06e-05	0.00e+00	0.00e+00
 9.50852e+15	5.26e-05	2.58e-02	6.94e-01	2.75e-01	4.65e-03	2.33e-05	0.00e+00	0.00e+00
 9.54736e+15	5.87e-05	2.77e-02	7.02e-01	2.66e-01	4.03e-03	1.80e-05	0.00e+00	0.00e+00
 9.59194e+15	6.66e-05	3.01e-02	7.11e-01	2.56e-01	3.40e-03	1.33e-05	0.00e+00	0.00e+00
 9.64072e+15	7.62e-05	3.29e-02	7.19e-01	2.45e-01	2.83e-03	9.64e-06	0.00e+00	0.00e+00
 9.68465e+15	8.61e-05	3.57e-02	7.27e-01	2.35e-01	2.40e-03	7.20e-06	0.00e+00	0.00e+00
 9.72487e+15	9.64e-05	3.84e-02	7.33e-01	2.26e-01	2.06e-03	5.49e-06	0.00e+00	0.00e+00
 9.77055e+15	1.10e-04	4.18e-02	7.40e-01	2.16e-01	1.73e-03	4.00e-06	0.00e+00	0.00e+00
 9.82059e+15	1.26e-04	4.58e-02	7.47e-01	2.05e-01	1.43e-03	2.85e-06	0.00e+00	0.00e+00
 9.86539e+15	1.43e-04	4.97e-02	7.53e-01	1.96e-01	1.20e-03	2.11e-06	0.00e+00	0.00e+00
 9.90629e+15	1.61e-04	5.37e-02	7.58e-01	1.87e-01	1.02e-03	1.59e-06	0.00e+00	0.00e+00
 9.95298e+15	1.85e-04	5.86e-02	7.63e-01	1.77e-01	8.50e-04	1.14e-06	0.00e+00	0.00e+00
 1.00033e+16	2.14e-04	6.45e-02	7.68e-01	1.66e-01	6.96e-04	8.08e-07	0.00e+00	0.00e+00
 1.00470e+16	2.44e-04	7.01e-02	7.72e-01	1.57e-01	5.86e-04	0.00e+00	0.00e+00	0.00e+00
 1.00863e+16	2.74e-04	7.57e-02	7.74e-01	1.49e-01	4.99e-04	0.00e+00	0.00e+00	0.00e+00
 1.01308e+16	3.15e-04	8.26e-02	7.76e-01	1.40e-01	4.13e-04	0.00e+00	0.00e+00	0.00e+00
 1.01793e+16	3.66e-04	9.10e-02	7.78e-01	1.31e-01	3.38e-04	0.00e+00	0.00e+00	0.00e+00
 1.02224e+16	4.20e-04	9.93e-02	7.78e-01	1.22e-01	2.81e-04	0.00e+00	0.00e+00	0.00e+00
 1.02603e+16	4.75e-04	1.08e-01	7.77e-01	1.15e-01	2.38e-04	0.00e+00	0.00e+00	0.00e+00
 1.03020e+16	5.45e-04	1.17e-01	7.75e-01	1.07e-01	1.97e-04	0.00e+00	0.00e+00	0.00e+00
 1.03485e+16	6.37e-04	1.29e-01	7.72e-01	9.84e-02	1.59e-04	0.00e+00	0.00e+00	0.00e+00
 1.03908e+16	7.36e-04	1.42e-01	7.67e-01	9.06e-02	1.31e-04	0.00e+00	0.00e+00	0.00e+00
 1.04277e+16	8.38e-04	1.54e-01	7.61e-01	8.40e-02	1.09e-04	0.00e+00	0.00e+00	0.00e+00
 1.04681e+16	9.68e-04	1.68e-01	7.54e-01	7.71e-02	8.95e-05	0.00e+00	0.00e+00	0.00e+00
 1.05133e+16	1.14e-03	1.86e-01	7.43e-01	6.95e-02	7.10e-05	0.00e+00	0.00e+00	0.00e+00
 1.05548e+16	1.33e-03	2.05e-01	7.31e-01	6.27e-02	5.69e-05	0.00e+00	0.00e+00	0.00e+00
 1.05915e+16	1.53e-03	2.23e-01	7.18e-01	5.69e-02	4.64e-05	0.00e+00	0.00e+00	0.00e+00
 1.06320e+16	1.80e-03	2.45e-01	7.02e-01	5.08e-02	3.67e-05	0.00e+00	0.00e+00	0.00e+00
 1.06775e+16	2.15e-03	2.73e-01	6.80e-01	4.42e-02	2.79e-05	0.00e+00	0.00e+00	0.00e+00
 1.07199e+16	2.56e-03	3.03e-01	6.56e-01	3.83e-02	2.13e-05	0.00e+00	0.00e+00	0.00e+00
 1.07585e+16	3.01e-03	3.32e-01	6.31e-01	3.33e-02	1.64e-05	0.00e+00	0.00e+00	0.00e+00
 1.08020e+16	3.61e-03	3.69e-01	6.00e-01	2.80e-02	1.20e-05	0.00e+00	0.00e+00	0.00e+00
 1.08493e+16	4.43e-03	4.13e-01	5.60e-01	2.27e-02	8.36e-06	0.00e+00	0.00e+00	0.00e+00
 1.08902e+16	5.33e-03	4.56e-01	5.21e-01	1.86e-02	5.94e-06	0.00e+00	0.00e+00	0.00e+00
 1.09247e+16	6.24e-03	4.94e-01	4.85e-01	1.54e-02	4.37e-06	0.00e+00	0.00e+00	0.00e+00
 1.09622e+16	7.42e-03	5.38e-01	4.43e-01	1.22e-02	3.03e-06	0.00e+00	0.00e+00	0.00e+00
 1.10036e+16	8.99e-03	5.89e-01	3.93e-01	9.24e-03	1.96e-06	0.00e+00	0.00e+00	0.00e+00
 1.10403e+16	1.07e-02	6.36e-01	3.46e-01	6.97e-03	1.28e-06	0.00e+00	0.00e+00	0.00e+00
 1.10686e+16	1.23e-02	6.73e-01	3.10e-01	5.49e-03	8.98e-07	0.00e+00	0.00e+00	0.00e+00
 1.10908e+16	1.37e-02	7.01e-01	2.81e-01	4.47e-03	0.00e+00	0.00e+00	0.00e+00	0.00e+00
 1.11151e+16	1.55e-02	7.31e-01	2.50e-01	3.51e-03	0.00e+00	0.00e+00	0.00e+00	0.00e+00
 1.11423e+16	1.77e-02	7.64e-01	2.16e-01	2.63e-03	0.00e+00	0.00e+00	0.00e+00	0.00e+00
 1.11669e+16	2.01e-02	7.92e-01	1.86e-01	1.97e-03	0.00e+00	0.00e+00	0.00e+00	0.00e+00
 1.11876e+16	2.24e-02	8.14e-01	1.62e-01	1.51e-03	0.00e+00	0.00e+00	0.00e+00	0.00e+00
 1.12067e+16	2.47e-02	8.32e-01	1.42e-01	1.17e-03	0.00e+00	0.00e+00	0.00e+00	0.00e+00
 1.12284e+16	2.78e-02	8.51e-01	1.20e-01	8.54e-04	0.00e+00	0.00e+00	0.00e+00	0.00e+00
 1.12517e+16	3.15e-02	8.69e-01	9.87e-02	5.96e-04	0.00e+00	0.00e+00	0.00e+00	0.00e+00
 1.12715e+16	3.52e-02	8.82e-01	8.21e-02	4.26e-04	0.00e+00	0.00e+00	0.00e+00	0.00e+00
 1.12882e+16	3.88e-02	8.91e-01	6.98e-02	3.18e-04	0.00e+00	0.00e+00	0.00e+00	0.00e+00
 1.13062e+16	4.30e-02	8.99e-01	5.79e-02	2.26e-04	0.00e+00	0.00e+00	0.00e+00	0.00e+00
 1.13262e+16	4.85e-02	9.05e-01	4.65e-02	1.53e-04	0.00e+00	0.00e+00	0.00e+00	0.00e+00
 1.13444e+16	5.41e-02	9.08e-01	3.75e-02	1.04e-04	0.00e+00	0.00e+00	0.00e+00	0.00e+00
 1.13604e+16	5.99e-02	9.09e-01	3.07e-02	7.31e-05	0.00e+00	0.00e+00	0.00e+00	0.00e+00
 1.13778e+16	6.70e-02	9.09e-01	2.44e-02	4.86e-05	0.00e+00	0.00e+00	0.00e+00	0.00e+00
 1.13967e+16	7.56e-02	9.06e-01	1.88e-02	3.07e-05	0.00e+00	0.00e+00	0.00e+00	0.00e+00
 1.14131e+16	8.44e-02	9.01e-01	1.48e-02	2.01e-05	0.00e+00	0.00e+00	0.00e+00	0.00e+00
 1.14270e+16	9.26e-02	8.95e-01	1.20e-02	1.38e-05	0.00e+00	0.00e+00	0.00e+00	0.00e+00
 1.14405e+16	1.01e-01	8.89e-01	9.65e-03	9.50e-06	0.00e+00	0.00e+00	0.00e+00	0.00e+00
 1.14547e+16	1.12e-01	8.81e-01	7.65e-03	6.32e-06	0.00e+00	0.00e+00	0.00e+00	0.00e+00
 1.14679e+16	1.22e-01	8.72e-01	6.11e-03	4.27e-06	0.00e+00	0.00e+00	0.00e+00	0.00e+00
 1.14790e+16	1.32e-01	8.63e-01	5.03e-03	3.04e-06	0.00e+00	0.00e+00	0.00e+00	0.00e+00
 1.14889e+16	1.41e-01	8.55e-01	4.21e-03	2.23e-06	0.00e+00	0.00e+00	0.00e+00	0.00e+00
 1.14984e+16	1.50e-01	8.46e-01	3.54e-03	1.64e-06	0.00e+00	0.00e+00	0.00e+00	0.00e+00
 1.15059e+16	1.57e-01	8.40e-01	3.09e-03	1.29e-06	0.00e+00	0.00e+00	0.00e+00	0.00e+00
 1.15107e+16	1.62e-01	8.35e-01	2.82e-03	1.10e-06	0.00e+00	0.00e+00	0.00e+00	0.00e+00
 1.15151e+16	1.67e-01	8.30e-01	2.59e-03	9.50e-07	0.00e+00	0.00e+00	0.00e+00	0.00e+00
 1.15203e+16	1.73e-01	8.24e-01	2.34e-03	0.00e+00	0.00e+00	0.00e+00	0.00e+00	0.00e+00
 1.15259e+16	1.80e-01	8.18e-01	2.09e-03	0.00e+00	0.00e+00	0.00e+00	0.00e+00	0.00e+00
 1.15314e+16	1.86e-01	8.12e-01	1.88e-03	0.00e+00	0.00e+00	0.00e+00	0.00e+00	0.00e+00
 1.15366e+16	1.92e-01	8.06e-01	1.69e-03	0.00e+00	0.00e+00	0.00e+00	0.00e+00	0.00e+00
 1.15416e+16	1.99e-01	8.00e-01	1.53e-03	0.00e+00	0.00e+00	0.00e+00	0.00e+00	0.00e+00
 1.15467e+16	2.05e-01	7.93e-01	1.38e-03	0.00e+00	0.00e+00	0.00e+00	0.00e+00	0.00e+00
 1.15519e+16	2.12e-01	7.87e-01	1.24e-03	0.00e+00	0.00e+00	0.00e+00	0.00e+00	0.00e+00
 1.15569e+16	2.19e-01	7.80e-01	1.11e-03	0.00e+00	0.00e+00	0.00e+00	0.00e+00	0.00e+00
 1.15618e+16	2.25e-01	7.74e-01	1.00e-03	0.00e+00	0.00e+00	0.00e+00	0.00e+00	0.00e+00
 1.15668e+16	2.32e-01	7.67e-01	9.01e-04	0.00e+00	0.00e+00	0.00e+00	0.00e+00	0.00e+00
 1.15718e+16	2.40e-01	7.60e-01	8.11e-04	0.00e+00	0.00e+00	0.00e+00	0.00e+00	0.00e+00
 1.15766e+16	2.47e-01	7.52e-01	7.28e-04	0.00e+00	0.00e+00	0.00e+00	0.00e+00	0.00e+00
 1.15815e+16	2.54e-01	7.45e-01	6.55e-04	0.00e+00	0.00e+00	0.00e+00	0.00e+00	0.00e+00
 1.15863e+16	2.62e-01	7.37e-01	5.87e-04	0.00e+00	0.00e+00	0.00e+00	0.00e+00	0.00e+00
 1.15911e+16	2.70e-01	7.30e-01	5.26e-04	0.00e+00	0.00e+00	0.00e+00	0.00e+00	0.00e+00
 1.15959e+16	2.78e-01	7.22e-01	4.73e-04	0.00e+00	0.00e+00	0.00e+00	0.00e+00	0.00e+00
 1.16005e+16	2.86e-01	7.14e-01	4.25e-04	0.00e+00	0.00e+00	0.00e+00	0.00e+00	0.00e+00
 1.16053e+16	2.94e-01	7.06e-01	3.80e-04	0.00e+00	0.00e+00	0.00e+00	0.00e+00	0.00e+00
 1.16099e+16	3.02e-01	6.97e-01	3.41e-04	0.00e+00	0.00e+00	0.00e+00	0.00e+00	0.00e+00
 1.16146e+16	3.11e-01	6.88e-01	3.05e-04	0.00e+00	0.00e+00	0.00e+00	0.00e+00	0.00e+00
 1.16192e+16	3.20e-01	6.80e-01	2.73e-04	0.00e+00	0.00e+00	0.00e+00	0.00e+00	0.00e+00
 1.16238e+16	3.29e-01	6.70e-01	2.44e-04	0.00e+00	0.00e+00	0.00e+00	0.00e+00	0.00e+00
 1.16283e+16	3.39e-01	6.61e-01	2.18e-04	0.00e+00	0.00e+00	0.00e+00	0.00e+00	0.00e+00
 1.16329e+16	3.48e-01	6.51e-01	1.95e-04	0.00e+00	0.00e+00	0.00e+00	0.00e+00	0.00e+00
 1.16375e+16	3.59e-01	6.41e-01	1.74e-04	0.00e+00	0.00e+00	0.00e+00	0.00e+00	0.00e+00
 1.16420e+16	3.69e-01	6.31e-01	1.55e-04	0.00e+00	0.00e+00	0.00e+00	0.00e+00	0.00e+00
 1.16465e+16	3.81e-01	6.19e-01	1.38e-04	0.00e+00	0.00e+00	0.00e+00	0.00e+00	0.00e+00
 1.16509e+16	3.92e-01	6.08e-01	1.23e-04	0.00e+00	0.00e+00	0.00e+00	0.00e+00	0.00e+00
 1.16553e+16	4.03e-01	5.97e-01	1.10e-04	0.00e+00	0.00e+00	0.00e+00	0.00e+00	0.00e+00
 1.16596e+16	4.15e-01	5.85e-01	9.79e-05	0.00e+00	0.00e+00	0.00e+00	0.00e+00	0.00e+00
 1.16639e+16	4.28e-01	5.72e-01	8.72e-05	0.00e+00	0.00e+00	0.00e+00	0.00e+00	0.00e+00
 1.16681e+16	4.40e-01	5.60e-01	7.79e-05	0.00e+00	0.00e+00	0.00e+00	0.00e+00	0.00e+00
 1.16723e+16	4.53e-01	5.47e-01	6.96e-05	0.00e+00	0.00e+00	0.00e+00	0.00e+00	0.00e+00
 1.16764e+16	4.67e-01	5.33e-01	6.20e-05	0.00e+00	0.00e+00	0.00e+00	0.00e+00	0.00e+00
 1.16806e+16	4.81e-01	5.19e-01	5.53e-05	0.00e+00	0.00e+00	0.00e+00	0.00e+00	0.00e+00
 1.16848e+16	4.95e-01	5.05e-01	4.93e-05	0.00e+00	0.00e+00	0.00e+00	0.00e+00	0.00e+00
 1.16889e+16	5.10e-01	4.90e-01	4.38e-05	0.00e+00	0.00e+00	0.00e+00	0.00e+00	0.00e+00
 1.16931e+16	5.26e-01	4.74e-01	3.90e-05	0.00e+00	0.00e+00	0.00e+00	0.00e+00	0.00e+00
 1.16974e+16	5.42e-01	4.57e-01	3.46e-05	0.00e+00	0.00e+00	0.00e+00	0.00e+00	0.00e+00
 1.17016e+16	5.59e-01	4.41e-01	3.07e-05	0.00e+00	0.00e+00	0.00e+00	0.00e+00	0.00e+00
 1.17059e+16	5.76e-01	4.24e-01	2.72e-05	0.00e+00	0.00e+00	0.00e+00	0.00e+00	0.00e+00
 1.17102e+16	5.97e-01	4.03e-01	2.38e-05	0.00e+00	0.00e+00	0.00e+00	0.00e+00	0.00e+00
 1.17146e+16	6.15e-01	3.85e-01	2.10e-05	0.00e+00	0.00e+00	0.00e+00	0.00e+00	0.00e+00
 1.17190e+16	6.34e-01	3.66e-01	1.85e-05	0.00e+00	0.00e+00	0.00e+00	0.00e+00	0.00e+00
 1.17237e+16	6.54e-01	3.46e-01	1.62e-05	0.00e+00	0.00e+00	0.00e+00	0.00e+00	0.00e+00
 1.17285e+16	6.74e-01	3.26e-01	1.42e-05	0.00e+00	0.00e+00	0.00e+00	0.00e+00	0.00e+00
 1.17329e+16	6.92e-01	3.08e-01	1.26e-05	0.00e+00	0.00e+00	0.00e+00	0.00e+00	0.00e+00
 1.17369e+16	7.06e-01	2.94e-01	1.14e-05	0.00e+00	0.00e+00	0.00e+00	0.00e+00	0.00e+00
 1.17407e+16	7.21e-01	2.79e-01	1.02e-05	0.00e+00	0.00e+00	0.00e+00	0.00e+00	0.00e+00
 1.17448e+16	7.38e-01	2.62e-01	9.15e-06	0.00e+00	0.00e+00	0.00e+00	0.00e+00	0.00e+00
 1.17488e+16	7.51e-01	2.49e-01	8.30e-06	0.00e+00	0.00e+00	0.00e+00	0.00e+00	0.00e+00
 1.17528e+16	7.64e-01	2.36e-01	7.51e-06	0.00e+00	0.00e+00	0.00e+00	0.00e+00	0.00e+00
 1.17570e+16	7.77e-01	2.23e-01	6.79e-06	0.00e+00	0.00e+00	0.00e+00	0.00e+00	0.00e+00
 1.17612e+16	7.90e-01	2.10e-01	6.14e-06	0.00e+00	0.00e+00	0.00e+00	0.00e+00	0.00e+00
 1.17654e+16	8.02e-01	1.98e-01	5.58e-06	0.00e+00	0.00e+00	0.00e+00	0.00e+00	0.00e+00
 1.17698e+16	8.13e-01	1.87e-01	5.08e-06	0.00e+00	0.00e+00	0.00e+00	0.00e+00	0.00e+00
 1.17743e+16	8.24e-01	1.76e-01	4.63e-06	0.00e+00	0.00e+00	0.00e+00	0.00e+00	0.00e+00
 1.17789e+16	8.34e-01	1.66e-01	4.22e-06	0.00e+00	0.00e+00	0.00e+00	0.00e+00	0.00e+00
 1.17837e+16	8.44e-01	1.56e-01	3.83e-06	0.00e+00	0.00e+00	0.00e+00	0.00e+00	0.00e+00
 1.17888e+16	8.52e-01	1.48e-01	3.52e-06	0.00e+00	0.00e+00	0.00e+00	0.00e+00	0.00e+00
 1.17942e+16	8.62e-01	1.38e-01	3.21e-06	0.00e+00	0.00e+00	0.00e+00	0.00e+00	0.00e+00
 1.17997e+16	8.69e-01	1.31e-01	2.94e-06	0.00e+00	0.00e+00	0.00e+00	0.00e+00	0.00e+00
 1.18057e+16	8.77e-01	1.23e-01	2.69e-06	0.00e+00	0.00e+00	0.00e+00	0.00e+00	0.00e+00
 1.18121e+16	8.84e-01	1.16e-01	2.47e-06	0.00e+00	0.00e+00	0.00e+00	0.00e+00	0.00e+00
 1.18189e+16	8.91e-01	1.09e-01	2.27e-06	0.00e+00	0.00e+00	0.00e+00	0.00e+00	0.00e+00
 1.18261e+16	8.97e-01	1.03e-01	2.09e-06	0.00e+00	0.00e+00	0.00e+00	0.00e+00	0.00e+00
 1.18339e+16	9.03e-01	9.71e-02	1.93e-06	0.00e+00	0.00e+00	0.00e+00	0.00e+00	0.00e+00
 1.18424e+16	9.08e-01	9.15e-02	1.78e-06	0.00e+00	0.00e+00	0.00e+00	0.00e+00	0.00e+00
 1.18516e+16	9.14e-01	8.63e-02	1.64e-06	0.00e+00	0.00e+00	0.00e+00	0.00e+00	0.00e+00
 1.18616e+16	9.19e-01	8.13e-02	1.51e-06	0.00e+00	0.00e+00	0.00e+00	0.00e+00	0.00e+00
 1.18723e+16	9.23e-01	7.65e-02	1.39e-06	0.00e+00	0.00e+00	0.00e+00	0.00e+00	0.00e+00
 1.18838e+16	9.28e-01	7.20e-02	1.27e-06	0.00e+00	0.00e+00	0.00e+00	0.00e+00	0.00e+00
 1.18959e+16	9.32e-01	6.77e-02	1.17e-06	0.00e+00	0.00e+00	0.00e+00	0.00e+00	0.00e+00
 1.19087e+16	9.36e-01	6.36e-02	1.08e-06	0.00e+00	0.00e+00	0.00e+00	0.00e+00	0.00e+00
 1.19220e+16	9.40e-01	5.98e-02	9.88e-07	0.00e+00	0.00e+00	0.00e+00	0.00e+00	0.00e+00
 1.19358e+16	9.44e-01	5.61e-02	9.06e-07	0.00e+00	0.00e+00	0.00e+00	0.00e+00	0.00e+00
 1.19498e+16	9.47e-01	5.27e-02	8.31e-07	0.00e+00	0.00e+00	0.00e+00	0.00e+00	0.00e+00
 1.19640e+16	9.51e-01	4.94e-02	7.62e-07	0.00e+00	0.00e+00	0.00e+00	0.00e+00	0.00e+00
 1.19785e+16	9.54e-01	4.64e-02	6.99e-07	0.00e+00	0.00e+00	0.00e+00	0.00e+00	0.00e+00
 1.19931e+16	9.56e-01	4.35e-02	6.42e-07	0.00e+00	0.00e+00	0.00e+00	0.00e+00	0.00e+00
 1.20078e+16	9.59e-01	4.09e-02	5.89e-07	0.00e+00	0.00e+00	0.00e+00	0.00e+00	0.00e+00
 1.20227e+16	9.62e-01	3.83e-02	5.40e-07	0.00e+00	0.00e+00	0.00e+00	0.00e+00	0.00e+00
 1.20378e+16	9.64e-01	3.60e-02	4.95e-07	0.00e+00	0.00e+00	0.00e+00	0.00e+00	0.00e+00
 1.20535e+16	9.66e-01	3.37e-02	4.52e-07	0.00e+00	0.00e+00	0.00e+00	0.00e+00	0.00e+00
 1.20699e+16	9.69e-01	3.14e-02	4.12e-07	0.00e+00	0.00e+00	0.00e+00	0.00e+00	0.00e+00
 1.20868e+16	9.71e-01	2.93e-02	3.75e-07	0.00e+00	0.00e+00	0.00e+00	0.00e+00	0.00e+00
 1.21043e+16	9.73e-01	2.74e-02	3.40e-07	0.00e+00	0.00e+00	0.00e+00	0.00e+00	0.00e+00
