#depth	O	O+	O+2	O+3	O+4	O+5	O+6	O+7	O+8	O[1]	O[2]	O[3]
 1.49634e+10	0.00e+00	0.00e+00	3.28e-31	1.37e-22	8.33e-15	6.64e-08	1.00e+00	0.00e+00	0.00e+00	0.00e+00	0.00e+00	0.00e+00
 4.54887e+10	0.00e+00	1.13e-40	4.56e-31	1.76e-22	9.85e-15	7.23e-08	1.00e+00	1.36e-07	0.00e+00	0.00e+00	0.00e+00	0.00e+00
 7.72350e+10	0.00e+00	0.00e+00	6.33e-31	2.25e-22	1.17e-14	7.87e-08	1.00e+00	0.00e+00	0.00e+00	0.00e+00	0.00e+00	0.00e+00
 1.10251e+11	0.00e+00	2.56e-40	8.79e-31	2.89e-22	1.38e-14	8.58e-08	1.00e+00	0.00e+00	0.00e+00	0.00e+00	0.00e+00	0.00e+00
 1.43601e+11	0.00e+00	0.00e+00	1.21e-30	3.68e-22	1.63e-14	9.32e-08	1.00e+00	0.00e+00	0.00e+00	0.00e+00	0.00e+00	0.00e+00
 1.78284e+11	0.00e+00	5.70e-40	1.67e-30	4.70e-22	1.92e-14	1.01e-07	1.00e+00	0.00e+00	0.00e+00	0.00e+00	0.00e+00	0.00e+00
 2.12246e+11	0.00e+00	0.00e+00	2.26e-30	5.92e-22	2.25e-14	1.10e-07	1.00e+00	0.00e+00	0.00e+00	0.00e+00	0.00e+00	0.00e+00
 2.42881e+11	0.00e+00	1.16e-39	2.95e-30	7.24e-22	2.57e-14	1.18e-07	1.00e+00	0.00e+00	0.00e+00	0.00e+00	0.00e+00	0.00e+00
 2.77010e+11	0.00e+00	0.00e+00	3.93e-30	9.01e-22	2.99e-14	1.27e-07	1.00e+00	0.00e+00	0.00e+00	0.00e+00	0.00e+00	0.00e+00
 3.17189e+11	0.00e+00	2.48e-39	5.44e-30	1.15e-21	3.54e-14	1.38e-07	1.00e+00	0.00e+00	0.00e+00	0.00e+00	0.00e+00	0.00e+00
 3.57169e+11	0.00e+00	0.00e+00	7.44e-30	1.47e-21	4.16e-14	1.50e-07	1.00e+00	0.00e+00	0.00e+00	0.00e+00	0.00e+00	0.00e+00
 3.94600e+11	0.00e+00	5.20e-39	9.88e-30	1.82e-21	4.83e-14	1.62e-07	1.00e+00	0.00e+00	0.00e+00	0.00e+00	0.00e+00	0.00e+00
 4.36162e+11	0.00e+00	0.00e+00	1.34e-29	2.29e-21	5.66e-14	1.76e-07	1.00e+00	0.00e+00	0.00e+00	0.00e+00	0.00e+00	0.00e+00
 4.83535e+11	0.00e+00	1.15e-38	1.87e-29	2.96e-21	6.74e-14	1.92e-07	1.00e+00	0.00e+00	0.00e+00	0.00e+00	0.00e+00	0.00e+00
 5.30184e+11	0.00e+00	0.00e+00	2.57e-29	3.78e-21	7.97e-14	2.09e-07	1.00e+00	0.00e+00	0.00e+00	0.00e+00	0.00e+00	0.00e+00
 5.78699e+11	0.00e+00	2.52e-38	3.53e-29	4.82e-21	9.43e-14	2.28e-07	1.00e+00	0.00e+00	0.00e+00	0.00e+00	0.00e+00	0.00e+00
 6.31774e+11	0.00e+00	0.00e+00	4.93e-29	6.23e-21	1.13e-13	2.50e-07	1.00e+00	0.00e+00	0.00e+00	0.00e+00	0.00e+00	0.00e+00
 6.85130e+11	0.00e+00	5.71e-38	6.82e-29	7.99e-21	1.34e-13	2.73e-07	1.00e+00	0.00e+00	0.00e+00	0.00e+00	0.00e+00	0.00e+00
 7.40619e+11	0.00e+00	0.00e+00	9.44e-29	1.03e-20	1.59e-13	2.99e-07	1.00e+00	0.00e+00	0.00e+00	0.00e+00	0.00e+00	0.00e+00
 8.00171e+11	0.00e+00	1.29e-37	1.32e-28	1.33e-20	1.90e-13	3.28e-07	1.00e+00	0.00e+00	0.00e+00	0.00e+00	0.00e+00	0.00e+00
 8.59282e+11	0.00e+00	0.00e+00	1.82e-28	1.70e-20	2.26e-13	3.59e-07	1.00e+00	0.00e+00	0.00e+00	0.00e+00	0.00e+00	0.00e+00
 9.20757e+11	0.00e+00	2.84e-37	2.51e-28	2.18e-20	2.69e-13	3.92e-07	1.00e+00	0.00e+00	0.00e+00	0.00e+00	0.00e+00	0.00e+00
 9.87514e+11	0.00e+00	0.00e+00	3.50e-28	2.83e-20	3.23e-13	4.31e-07	1.00e+00	0.00e+00	0.00e+00	0.00e+00	0.00e+00	0.00e+00
 1.05694e+12	0.00e+00	6.47e-37	4.89e-28	3.66e-20	3.88e-13	4.75e-07	1.00e+00	0.00e+00	0.00e+00	0.00e+00	0.00e+00	0.00e+00
 1.12915e+12	0.00e+00	0.00e+00	6.82e-28	4.74e-20	4.66e-13	5.22e-07	1.00e+00	0.00e+00	0.00e+00	0.00e+00	0.00e+00	0.00e+00
 1.20424e+12	0.00e+00	1.46e-36	9.50e-28	6.15e-20	5.59e-13	5.75e-07	1.00e+00	0.00e+00	0.00e+00	0.00e+00	0.00e+00	0.00e+00
 1.27200e+12	6.17e-46	2.08e-36	1.27e-27	7.70e-20	6.57e-13	6.26e-07	1.00e+00	0.00e+00	0.00e+00	0.00e+00	0.00e+00	0.00e+00
 1.32821e+12	0.00e+00	0.00e+00	1.60e-27	9.23e-20	7.47e-13	6.70e-07	1.00e+00	0.00e+00	0.00e+00	0.00e+00	0.00e+00	0.00e+00
 1.38968e+12	0.00e+00	3.71e-36	2.04e-27	1.12e-19	8.57e-13	7.20e-07	1.00e+00	0.00e+00	0.00e+00	0.00e+00	0.00e+00	0.00e+00
 1.46787e+12	1.90e-45	5.34e-36	2.75e-27	1.42e-19	1.01e-12	7.88e-07	1.00e+00	0.00e+00	0.00e+00	0.00e+00	0.00e+00	0.00e+00
 1.54960e+12	0.00e+00	0.00e+00	3.72e-27	1.79e-19	1.20e-12	8.63e-07	1.00e+00	0.00e+00	0.00e+00	0.00e+00	0.00e+00	0.00e+00
 1.62169e+12	0.00e+00	1.05e-35	4.80e-27	2.20e-19	1.39e-12	9.33e-07	1.00e+00	0.00e+00	0.00e+00	0.00e+00	0.00e+00	0.00e+00
 1.68838e+12	5.91e-45	1.38e-35	6.03e-27	2.63e-19	1.59e-12	1.00e-06	1.00e+00	0.00e+00	0.00e+00	0.00e+00	0.00e+00	0.00e+00
 1.76401e+12	0.00e+00	0.00e+00	7.74e-27	3.21e-19	1.83e-12	1.08e-06	1.00e+00	0.00e+00	0.00e+00	0.00e+00	0.00e+00	0.00e+00
 1.85786e+12	0.00e+00	2.68e-35	1.04e-26	4.07e-19	2.18e-12	1.19e-06	1.00e+00	0.00e+00	0.00e+00	0.00e+00	0.00e+00	0.00e+00
 1.95161e+12	1.95e-44	3.78e-35	1.39e-26	5.11e-19	2.57e-12	1.30e-06	1.00e+00	0.00e+00	0.00e+00	0.00e+00	0.00e+00	0.00e+00
 2.03188e+12	0.00e+00	5.01e-35	1.76e-26	6.16e-19	2.94e-12	1.40e-06	1.00e+00	0.00e+00	0.00e+00	0.00e+00	0.00e+00	0.00e+00
 2.11842e+12	3.85e-44	6.71e-35	2.24e-26	7.49e-19	3.40e-12	1.51e-06	1.00e+00	0.00e+00	0.00e+00	0.00e+00	0.00e+00	0.00e+00
 2.22564e+12	0.00e+00	9.50e-35	3.00e-26	9.46e-19	4.03e-12	1.66e-06	1.00e+00	0.00e+00	0.00e+00	0.00e+00	0.00e+00	0.00e+00
 2.33590e+12	8.68e-44	1.34e-34	3.99e-26	1.19e-18	4.76e-12	1.82e-06	1.00e+00	0.00e+00	0.00e+00	0.00e+00	0.00e+00	0.00e+00
 2.43546e+12	0.00e+00	1.80e-34	5.11e-26	1.45e-18	5.51e-12	1.97e-06	1.00e+00	0.00e+00	0.00e+00	0.00e+00	0.00e+00	0.00e+00
 2.54498e+12	1.78e-43	2.45e-34	6.64e-26	1.80e-18	6.43e-12	2.15e-06	1.00e+00	0.00e+00	0.00e+00	0.00e+00	0.00e+00	0.00e+00
 2.67398e+12	0.00e+00	3.49e-34	8.93e-26	2.28e-18	7.67e-12	2.36e-06	1.00e+00	0.00e+00	0.00e+00	0.00e+00	0.00e+00	0.00e+00
 2.80297e+12	3.98e-43	4.88e-34	1.19e-25	2.87e-18	9.06e-12	2.59e-06	1.00e+00	0.00e+00	0.00e+00	0.00e+00	0.00e+00	0.00e+00
 2.92556e+12	0.00e+00	6.62e-34	1.53e-25	3.53e-18	1.06e-11	2.82e-06	1.00e+00	0.00e+00	0.00e+00	0.00e+00	0.00e+00	0.00e+00
 3.06095e+12	8.33e-43	9.16e-34	2.02e-25	4.41e-18	1.24e-11	3.09e-06	1.00e+00	0.00e+00	0.00e+00	0.00e+00	0.00e+00	0.00e+00
 3.21331e+12	0.00e+00	1.30e-33	2.71e-25	5.61e-18	1.48e-11	3.40e-06	1.00e+00	0.00e+00	0.00e+00	0.00e+00	0.00e+00	0.00e+00
 3.36571e+12	1.85e-42	1.81e-33	3.59e-25	7.05e-18	1.75e-11	3.74e-06	1.00e+00	0.00e+00	0.00e+00	0.00e+00	0.00e+00	0.00e+00
 3.50067e+12	0.00e+00	2.40e-33	4.57e-25	8.58e-18	2.01e-11	4.04e-06	1.00e+00	0.00e+00	0.00e+00	0.00e+00	0.00e+00	0.00e+00
 3.61385e+12	3.37e-42	3.03e-33	5.56e-25	1.01e-17	2.26e-11	4.31e-06	1.00e+00	0.00e+00	0.00e+00	0.00e+00	0.00e+00	0.00e+00
 3.73564e+12	0.00e+00	3.85e-33	6.82e-25	1.19e-17	2.55e-11	4.61e-06	1.00e+00	0.00e+00	0.00e+00	0.00e+00	0.00e+00	0.00e+00
 3.89396e+12	6.34e-42	5.21e-33	8.81e-25	1.46e-17	2.96e-11	5.02e-06	1.00e+00	0.00e+00	0.00e+00	0.00e+00	0.00e+00	0.00e+00
 4.05967e+12	0.00e+00	7.06e-33	1.14e-24	1.80e-17	3.45e-11	5.47e-06	1.00e+00	0.00e+00	0.00e+00	0.00e+00	0.00e+00	0.00e+00
 4.20113e+12	1.21e-41	9.07e-33	1.41e-24	2.15e-17	3.90e-11	5.86e-06	1.00e+00	0.00e+00	0.00e+00	0.00e+00	0.00e+00	0.00e+00
 4.35118e+12	0.00e+00	1.17e-32	1.76e-24	2.57e-17	4.44e-11	6.30e-06	1.00e+00	0.00e+00	0.00e+00	0.00e+00	0.00e+00	0.00e+00
 4.53968e+12	2.34e-41	1.60e-32	2.29e-24	3.19e-17	5.18e-11	6.87e-06	1.00e+00	0.00e+00	0.00e+00	0.00e+00	0.00e+00	0.00e+00
 4.73372e+12	0.00e+00	2.19e-32	2.98e-24	3.95e-17	6.04e-11	7.49e-06	1.00e+00	0.00e+00	0.00e+00	0.00e+00	0.00e+00	0.00e+00
 4.90496e+12	4.55e-41	2.85e-32	3.74e-24	4.74e-17	6.88e-11	8.06e-06	1.00e+00	0.00e+00	0.00e+00	0.00e+00	0.00e+00	0.00e+00
 5.09098e+12	0.00e+00	3.76e-32	4.74e-24	5.75e-17	7.88e-11	8.70e-06	1.00e+00	0.00e+00	0.00e+00	0.00e+00	0.00e+00	0.00e+00
 5.29616e+12	8.83e-41	5.05e-32	6.09e-24	7.05e-17	9.12e-11	9.45e-06	1.00e+00	0.00e+00	0.00e+00	0.00e+00	0.00e+00	0.00e+00
 5.48509e+12	0.00e+00	6.56e-32	7.62e-24	8.47e-17	1.04e-10	1.02e-05	1.00e+00	0.00e+00	0.00e+00	0.00e+00	0.00e+00	0.00e+00
 5.68953e+12	1.65e-40	8.66e-32	9.65e-24	1.02e-16	1.19e-10	1.10e-05	1.00e+00	0.00e+00	0.00e+00	0.00e+00	0.00e+00	0.00e+00
 5.91761e+12	0.00e+00	1.17e-31	1.24e-23	1.26e-16	1.37e-10	1.19e-05	1.00e+00	0.00e+00	0.00e+00	0.00e+00	0.00e+00	0.00e+00
 6.13141e+12	3.18e-40	1.53e-31	1.57e-23	1.52e-16	1.56e-10	1.28e-05	1.00e+00	0.00e+00	0.00e+00	0.00e+00	0.00e+00	0.00e+00
 6.36433e+12	0.00e+00	2.03e-31	2.00e-23	1.85e-16	1.80e-10	1.38e-05	1.00e+00	0.00e+00	0.00e+00	0.00e+00	0.00e+00	0.00e+00
 6.62307e+12	6.29e-40	2.76e-31	2.59e-23	2.28e-16	2.08e-10	1.50e-05	1.00e+00	0.00e+00	0.00e+00	0.00e+00	0.00e+00	0.00e+00
 6.86457e+12	0.00e+00	3.64e-31	3.29e-23	2.76e-16	2.38e-10	1.62e-05	1.00e+00	0.00e+00	0.00e+00	0.00e+00	0.00e+00	0.00e+00
 7.12770e+12	1.22e-39	4.89e-31	4.22e-23	3.38e-16	2.73e-10	1.75e-05	1.00e+00	0.00e+00	0.00e+00	0.00e+00	0.00e+00	0.00e+00
 7.42197e+12	0.00e+00	6.69e-31	5.52e-23	4.20e-16	3.18e-10	1.91e-05	1.00e+00	0.00e+00	0.00e+00	0.00e+00	0.00e+00	0.00e+00
 7.69961e+12	2.44e-39	8.95e-31	7.06e-23	5.12e-16	3.64e-10	2.06e-05	1.00e+00	0.00e+00	0.00e+00	0.00e+00	0.00e+00	0.00e+00
 8.00331e+12	0.00e+00	1.22e-30	9.17e-23	6.31e-16	4.20e-10	2.23e-05	1.00e+00	0.00e+00	0.00e+00	0.00e+00	0.00e+00	0.00e+00
 8.34340e+12	5.10e-39	1.69e-30	1.21e-22	7.91e-16	4.91e-10	2.43e-05	1.00e+00	0.00e+00	0.00e+00	0.00e+00	0.00e+00	0.00e+00
 8.66592e+12	0.00e+00	2.30e-30	1.57e-22	9.72e-16	5.66e-10	2.63e-05	1.00e+00	0.00e+00	0.00e+00	0.00e+00	0.00e+00	0.00e+00
 9.01131e+12	1.05e-38	3.16e-30	2.06e-22	1.20e-15	6.55e-10	2.85e-05	1.00e+00	0.00e+00	0.00e+00	0.00e+00	0.00e+00	0.00e+00
 9.40169e+12	0.00e+00	4.46e-30	2.75e-22	1.52e-15	7.67e-10	3.12e-05	1.00e+00	0.00e+00	0.00e+00	0.00e+00	0.00e+00	0.00e+00
 9.78873e+12	2.29e-38	6.22e-30	3.64e-22	1.90e-15	8.93e-10	3.39e-05	1.00e+00	0.00e+00	0.00e+00	0.00e+00	0.00e+00	0.00e+00
 1.01912e+13	0.00e+00	8.69e-30	4.82e-22	2.37e-15	1.04e-09	3.68e-05	1.00e+00	0.00e+00	0.00e+00	0.00e+00	0.00e+00	0.00e+00
 1.06288e+13	5.07e-38	1.23e-29	6.48e-22	2.99e-15	1.22e-09	4.02e-05	1.00e+00	0.00e+00	0.00e+00	0.00e+00	0.00e+00	0.00e+00
 1.10839e+13	0.00e+00	1.77e-29	8.73e-22	3.78e-15	1.42e-09	4.37e-05	1.00e+00	0.00e+00	0.00e+00	0.00e+00	0.00e+00	0.00e+00
 1.15158e+13	1.12e-37	2.44e-29	1.14e-21	4.67e-15	1.64e-09	4.73e-05	1.00e+00	0.00e+00	0.00e+00	0.00e+00	0.00e+00	0.00e+00
 1.19047e+13	0.00e+00	3.24e-29	1.45e-21	5.63e-15	1.86e-09	5.07e-05	1.00e+00	0.00e+00	0.00e+00	0.00e+00	0.00e+00	0.00e+00
 1.22676e+13	2.10e-37	4.20e-29	1.80e-21	6.66e-15	2.09e-09	5.39e-05	1.00e+00	0.00e+00	0.00e+00	0.00e+00	0.00e+00	0.00e+00
 1.26676e+13	0.00e+00	5.55e-29	2.27e-21	7.97e-15	2.36e-09	5.75e-05	1.00e+00	0.00e+00	0.00e+00	0.00e+00	0.00e+00	0.00e+00
 1.31183e+13	4.18e-37	7.55e-29	2.92e-21	9.71e-15	2.69e-09	6.18e-05	1.00e+00	0.00e+00	0.00e+00	0.00e+00	0.00e+00	0.00e+00
 1.35497e+13	0.00e+00	1.00e-28	3.70e-21	1.17e-14	3.04e-09	6.60e-05	1.00e+00	0.00e+00	0.00e+00	0.00e+00	0.00e+00	0.00e+00
 1.40257e+13	8.32e-37	1.36e-28	4.76e-21	1.42e-14	3.47e-09	7.07e-05	1.00e+00	0.00e+00	0.00e+00	0.00e+00	0.00e+00	0.00e+00
 1.45556e+13	0.00e+00	1.89e-28	6.25e-21	1.75e-14	4.00e-09	7.63e-05	1.00e+00	0.00e+00	0.00e+00	0.00e+00	0.00e+00	0.00e+00
 1.50428e+13	1.73e-36	2.53e-28	7.96e-21	2.11e-14	4.53e-09	8.15e-05	1.00e+00	0.00e+00	0.00e+00	0.00e+00	0.00e+00	0.00e+00
 1.54940e+13	0.00e+00	3.31e-28	9.90e-21	2.49e-14	5.07e-09	8.65e-05	1.00e+00	0.00e+00	0.00e+00	0.00e+00	0.00e+00	0.00e+00
 1.60112e+13	3.36e-36	4.46e-28	1.26e-20	3.01e-14	5.75e-09	9.24e-05	1.00e+00	0.00e+00	0.00e+00	0.00e+00	0.00e+00	0.00e+00
 1.66446e+13	0.00e+00	6.37e-28	1.69e-20	3.76e-14	6.67e-09	9.98e-05	1.00e+00	0.00e+00	0.00e+00	0.00e+00	0.00e+00	0.00e+00
 1.72774e+13	7.57e-36	8.91e-28	2.23e-20	4.65e-14	7.70e-09	1.08e-04	1.00e+00	0.00e+00	0.00e+00	0.00e+00	0.00e+00	0.00e+00
 1.78277e+13	0.00e+00	1.19e-27	2.82e-20	5.57e-14	8.68e-09	1.15e-04	1.00e+00	0.00e+00	0.00e+00	0.00e+00	0.00e+00	0.00e+00
 1.84224e+13	1.54e-35	1.62e-27	3.62e-20	6.72e-14	9.84e-09	1.22e-04	1.00e+00	0.00e+00	0.00e+00	0.00e+00	0.00e+00	0.00e+00
 1.91486e+13	0.00e+00	2.33e-27	4.86e-20	8.40e-14	1.14e-08	1.32e-04	1.00e+00	0.00e+00	0.00e+00	0.00e+00	0.00e+00	0.00e+00
 1.98896e+13	3.57e-35	3.30e-27	6.46e-20	1.04e-13	1.32e-08	1.42e-04	1.00e+00	0.00e+00	0.00e+00	0.00e+00	0.00e+00	0.00e+00
 2.05592e+13	5.19e-35	4.51e-27	8.33e-20	1.27e-13	1.50e-08	1.52e-04	1.00e+00	0.00e+00	0.00e+00	0.00e+00	0.00e+00	0.00e+00
 2.12923e+13	7.73e-35	6.30e-27	1.09e-19	1.55e-13	1.72e-08	1.63e-04	1.00e+00	0.00e+00	0.00e+00	0.00e+00	0.00e+00	0.00e+00
 2.21557e+13	1.22e-34	9.22e-27	1.48e-19	1.95e-13	2.01e-08	1.76e-04	1.00e+00	0.00e+00	0.00e+00	0.00e+00	0.00e+00	0.00e+00
 2.30181e+13	1.86e-34	1.32e-26	1.98e-19	2.43e-13	2.32e-08	1.90e-04	1.00e+00	0.00e+00	0.00e+00	0.00e+00	0.00e+00	0.00e+00
 2.38297e+13	2.78e-34	1.84e-26	2.59e-19	2.98e-13	2.66e-08	2.03e-04	1.00e+00	0.00e+00	0.00e+00	0.00e+00	0.00e+00	0.00e+00
 2.47276e+13	4.26e-34	2.63e-26	3.45e-19	3.69e-13	3.07e-08	2.18e-04	1.00e+00	0.00e+00	0.00e+00	0.00e+00	0.00e+00	0.00e+00
 2.57466e+13	6.83e-34	3.90e-26	4.72e-19	4.67e-13	3.59e-08	2.35e-04	1.00e+00	0.00e+00	0.00e+00	0.00e+00	0.00e+00	0.00e+00
 2.67724e+13	1.06e-33	5.65e-26	6.38e-19	5.86e-13	4.18e-08	2.54e-04	1.00e+00	0.00e+00	0.00e+00	0.00e+00	0.00e+00	0.00e+00
 2.78392e+13	1.68e-33	8.28e-26	8.67e-19	7.37e-13	4.86e-08	2.74e-04	1.00e+00	0.00e+00	0.00e+00	0.00e+00	0.00e+00	0.00e+00
 2.89827e+13	2.71e-33	1.23e-25	1.19e-18	9.32e-13	5.69e-08	2.96e-04	1.00e+00	0.00e+00	0.00e+00	0.00e+00	0.00e+00	0.00e+00
 3.01719e+13	4.33e-33	1.82e-25	1.63e-18	1.18e-12	6.65e-08	3.20e-04	1.00e+00	0.00e+00	0.00e+00	0.00e+00	0.00e+00	0.00e+00
 3.13205e+13	6.66e-33	2.60e-25	2.17e-18	1.47e-12	7.70e-08	3.45e-04	1.00e+00	0.00e+00	0.00e+00	0.00e+00	0.00e+00	0.00e+00
 3.23963e+13	9.92e-33	3.63e-25	2.84e-18	1.79e-12	8.78e-08	3.68e-04	1.00e+00	0.00e+00	0.00e+00	0.00e+00	0.00e+00	0.00e+00
 3.34116e+13	1.43e-32	4.92e-25	3.61e-18	2.14e-12	9.91e-08	3.90e-04	1.00e+00	0.00e+00	0.00e+00	0.00e+00	0.00e+00	0.00e+00
 3.45192e+13	2.10e-32	6.77e-25	4.67e-18	2.60e-12	1.13e-07	4.16e-04	1.00e+00	0.00e+00	0.00e+00	0.00e+00	0.00e+00	0.00e+00
 3.57510e+13	3.14e-32	9.49e-25	6.14e-18	3.19e-12	1.29e-07	4.45e-04	1.00e+00	0.00e+00	0.00e+00	0.00e+00	0.00e+00	0.00e+00
 3.69041e+13	4.58e-32	1.30e-24	7.89e-18	3.84e-12	1.46e-07	4.74e-04	1.00e+00	0.00e+00	0.00e+00	0.00e+00	0.00e+00	0.00e+00
 3.81632e+13	6.84e-32	1.81e-24	1.03e-17	4.68e-12	1.67e-07	5.05e-04	9.99e-01	0.00e+00	0.00e+00	0.00e+00	0.00e+00	0.00e+00
 3.95865e+13	1.05e-31	2.59e-24	1.37e-17	5.81e-12	1.92e-07	5.43e-04	9.99e-01	0.00e+00	0.00e+00	0.00e+00	0.00e+00	0.00e+00
 4.09544e+13	1.55e-31	3.58e-24	1.79e-17	7.09e-12	2.20e-07	5.80e-04	9.99e-01	0.00e+00	0.00e+00	0.00e+00	0.00e+00	0.00e+00
 4.24579e+13	2.37e-31	5.11e-24	2.38e-17	8.77e-12	2.53e-07	6.22e-04	9.99e-01	0.00e+00	0.00e+00	0.00e+00	0.00e+00	0.00e+00
 4.41448e+13	3.76e-31	7.50e-24	3.23e-17	1.10e-11	2.95e-07	6.71e-04	9.99e-01	0.00e+00	0.00e+00	0.00e+00	0.00e+00	0.00e+00
 4.57633e+13	5.65e-31	1.06e-23	4.28e-17	1.36e-11	3.40e-07	7.21e-04	9.99e-01	0.00e+00	0.00e+00	0.00e+00	0.00e+00	0.00e+00
 4.74880e+13	8.81e-31	1.53e-23	5.74e-17	1.70e-11	3.93e-07	7.74e-04	9.99e-01	0.00e+00	0.00e+00	0.00e+00	0.00e+00	0.00e+00
 4.94174e+13	1.38e-30	2.23e-23	7.83e-17	2.15e-11	4.60e-07	8.38e-04	9.99e-01	0.00e+00	0.00e+00	0.00e+00	0.00e+00	0.00e+00
 5.11997e+13	2.10e-30	3.16e-23	1.04e-16	2.65e-11	5.28e-07	8.99e-04	9.99e-01	0.00e+00	0.00e+00	0.00e+00	0.00e+00	0.00e+00
 5.27416e+13	2.91e-30	4.18e-23	1.31e-16	3.15e-11	5.94e-07	9.54e-04	9.99e-01	0.00e+00	0.00e+00	0.00e+00	0.00e+00	0.00e+00
 5.44508e+13	4.27e-30	5.74e-23	1.68e-16	3.81e-11	6.73e-07	1.01e-03	9.99e-01	0.00e+00	0.00e+00	0.00e+00	0.00e+00	0.00e+00
 5.65402e+13	6.47e-30	8.17e-23	2.25e-16	4.75e-11	7.81e-07	1.09e-03	9.99e-01	0.00e+00	0.00e+00	0.00e+00	0.00e+00	0.00e+00
 5.86547e+13	9.99e-30	1.17e-22	3.01e-16	5.90e-11	9.02e-07	1.18e-03	9.99e-01	0.00e+00	0.00e+00	0.00e+00	0.00e+00	0.00e+00
 6.05545e+13	1.42e-29	1.58e-22	3.86e-16	7.13e-11	1.02e-06	1.25e-03	9.99e-01	0.00e+00	0.00e+00	0.00e+00	0.00e+00	0.00e+00
 6.26445e+13	2.09e-29	2.19e-22	5.04e-16	8.71e-11	1.17e-06	1.34e-03	9.99e-01	0.00e+00	0.00e+00	0.00e+00	0.00e+00	0.00e+00
 6.51173e+13	3.22e-29	3.16e-22	6.82e-16	1.09e-10	1.36e-06	1.45e-03	9.99e-01	0.00e+00	0.00e+00	0.00e+00	0.00e+00	0.00e+00
 6.75470e+13	4.90e-29	4.50e-22	9.11e-16	1.36e-10	1.57e-06	1.56e-03	9.98e-01	0.00e+00	0.00e+00	0.00e+00	0.00e+00	0.00e+00
 6.97679e+13	7.15e-29	6.17e-22	1.17e-15	1.65e-10	1.79e-06	1.66e-03	9.98e-01	0.00e+00	0.00e+00	0.00e+00	0.00e+00	0.00e+00
 7.22582e+13	1.05e-28	8.54e-22	1.54e-15	2.03e-10	2.05e-06	1.78e-03	9.98e-01	0.00e+00	0.00e+00	0.00e+00	0.00e+00	0.00e+00
 7.51541e+13	1.66e-28	1.25e-21	2.10e-15	2.56e-10	2.40e-06	1.93e-03	9.98e-01	0.00e+00	0.00e+00	0.00e+00	0.00e+00	0.00e+00
 7.79985e+13	2.46e-28	1.76e-21	2.81e-15	3.19e-10	2.78e-06	2.08e-03	9.98e-01	0.00e+00	0.00e+00	0.00e+00	0.00e+00	0.00e+00
 8.06840e+13	3.61e-28	2.44e-21	3.67e-15	3.90e-10	3.17e-06	2.23e-03	9.98e-01	0.00e+00	0.00e+00	0.00e+00	0.00e+00	0.00e+00
 8.36684e+13	5.50e-28	3.47e-21	4.88e-15	4.83e-10	3.66e-06	2.39e-03	9.98e-01	0.00e+00	0.00e+00	0.00e+00	0.00e+00	0.00e+00
 8.70451e+13	8.37e-28	4.98e-21	6.65e-15	6.11e-10	4.28e-06	2.59e-03	9.97e-01	0.00e+00	0.00e+00	0.00e+00	0.00e+00	0.00e+00
 9.04227e+13	1.31e-27	7.23e-21	8.98e-15	7.65e-10	4.98e-06	2.80e-03	9.97e-01	0.00e+00	0.00e+00	0.00e+00	0.00e+00	0.00e+00
 9.35949e+13	1.88e-27	9.89e-21	1.18e-14	9.39e-10	5.71e-06	3.00e-03	9.97e-01	0.00e+00	0.00e+00	0.00e+00	0.00e+00	0.00e+00
 9.70280e+13	2.85e-27	1.41e-20	1.56e-14	1.16e-09	6.58e-06	3.22e-03	9.97e-01	0.00e+00	0.00e+00	0.00e+00	0.00e+00	0.00e+00
 1.00939e+14	4.33e-27	2.01e-20	2.13e-14	1.47e-09	7.69e-06	3.49e-03	9.97e-01	0.00e+00	0.00e+00	0.00e+00	0.00e+00	0.00e+00
 1.04631e+14	6.45e-27	2.83e-20	2.82e-14	1.82e-09	8.86e-06	3.75e-03	9.96e-01	0.00e+00	0.00e+00	0.00e+00	0.00e+00	0.00e+00
 1.07961e+14	9.25e-27	3.83e-20	3.61e-14	2.19e-09	1.00e-05	3.99e-03	9.96e-01	0.00e+00	0.00e+00	0.00e+00	0.00e+00	0.00e+00
 1.11114e+14	1.27e-26	5.00e-20	4.53e-14	2.60e-09	1.12e-05	4.23e-03	9.96e-01	0.00e+00	0.00e+00	0.00e+00	0.00e+00	0.00e+00
 1.14616e+14	1.79e-26	6.70e-20	5.78e-14	3.12e-09	1.27e-05	4.50e-03	9.95e-01	0.00e+00	0.00e+00	0.00e+00	0.00e+00	0.00e+00
 1.18518e+14	2.53e-26	9.07e-20	7.51e-14	3.81e-09	1.45e-05	4.82e-03	9.95e-01	0.00e+00	0.00e+00	0.00e+00	0.00e+00	0.00e+00
 1.22188e+14	3.61e-26	1.22e-19	9.56e-14	4.56e-09	1.64e-05	5.12e-03	9.95e-01	0.00e+00	0.00e+00	0.00e+00	0.00e+00	0.00e+00
 1.26204e+14	5.06e-26	1.64e-19	1.23e-13	5.53e-09	1.86e-05	5.46e-03	9.95e-01	0.00e+00	0.00e+00	0.00e+00	0.00e+00	0.00e+00
 1.30696e+14	7.55e-26	2.29e-19	1.62e-13	6.81e-09	2.14e-05	5.86e-03	9.94e-01	0.00e+00	0.00e+00	0.00e+00	0.00e+00	0.00e+00
 1.34962e+14	1.04e-25	3.04e-19	2.09e-13	8.23e-09	2.43e-05	6.25e-03	9.94e-01	0.00e+00	0.00e+00	0.00e+00	0.00e+00	0.00e+00
 1.39661e+14	1.53e-25	4.21e-19	2.73e-13	1.01e-08	2.78e-05	6.69e-03	9.93e-01	0.00e+00	0.00e+00	0.00e+00	0.00e+00	0.00e+00
 1.44851e+14	2.31e-25	5.97e-19	3.64e-13	1.25e-08	3.21e-05	7.20e-03	9.93e-01	0.00e+00	0.00e+00	0.00e+00	0.00e+00	0.00e+00
 1.49643e+14	3.21e-25	7.97e-19	4.70e-13	1.52e-08	3.65e-05	7.69e-03	9.92e-01	0.00e+00	0.00e+00	0.00e+00	0.00e+00	0.00e+00
 1.54834e+14	4.75e-25	1.11e-18	6.15e-13	1.86e-08	4.18e-05	8.23e-03	9.92e-01	0.00e+00	0.00e+00	0.00e+00	0.00e+00	0.00e+00
 1.60629e+14	6.92e-25	1.54e-18	8.20e-13	2.31e-08	4.83e-05	8.87e-03	9.91e-01	0.00e+00	0.00e+00	0.00e+00	0.00e+00	0.00e+00
 1.66068e+14	1.00e-24	2.11e-18	1.07e-12	2.82e-08	5.51e-05	9.48e-03	9.90e-01	0.00e+00	0.00e+00	0.00e+00	0.00e+00	0.00e+00
 1.71996e+14	1.44e-24	2.89e-18	1.40e-12	3.47e-08	6.32e-05	1.02e-02	9.90e-01	0.00e+00	0.00e+00	0.00e+00	0.00e+00	0.00e+00
 1.78583e+14	2.18e-24	4.12e-18	1.88e-12	4.34e-08	7.34e-05	1.10e-02	9.89e-01	0.00e+00	0.00e+00	0.00e+00	0.00e+00	0.00e+00
 1.84745e+14	3.03e-24	5.53e-18	2.45e-12	5.31e-08	8.39e-05	1.18e-02	9.88e-01	0.00e+00	0.00e+00	0.00e+00	0.00e+00	0.00e+00
 1.91440e+14	4.54e-24	7.78e-18	3.24e-12	6.56e-08	9.65e-05	1.26e-02	9.87e-01	0.00e+00	0.00e+00	0.00e+00	0.00e+00	0.00e+00
 1.98917e+14	6.60e-24	1.09e-17	4.37e-12	8.23e-08	1.12e-04	1.37e-02	9.86e-01	0.00e+00	0.00e+00	0.00e+00	0.00e+00	0.00e+00
 2.06003e+14	9.72e-24	1.51e-17	5.74e-12	1.01e-07	1.29e-04	1.47e-02	9.85e-01	0.00e+00	0.00e+00	0.00e+00	0.00e+00	0.00e+00
 2.13583e+14	1.39e-23	2.07e-17	7.59e-12	1.25e-07	1.49e-04	1.58e-02	9.84e-01	0.00e+00	0.00e+00	0.00e+00	0.00e+00	0.00e+00
 2.22156e+14	2.11e-23	2.98e-17	1.03e-11	1.58e-07	1.74e-04	1.71e-02	9.83e-01	0.00e+00	0.00e+00	0.00e+00	0.00e+00	0.00e+00
 2.30605e+14	3.00e-23	4.09e-17	1.37e-11	1.97e-07	2.01e-04	1.85e-02	9.81e-01	0.00e+00	0.00e+00	0.00e+00	0.00e+00	0.00e+00
 2.38749e+14	4.31e-23	5.59e-17	1.80e-11	2.42e-07	2.30e-04	1.99e-02	9.80e-01	0.00e+00	0.00e+00	0.00e+00	0.00e+00	0.00e+00
 2.47685e+14	6.23e-23	7.75e-17	2.39e-11	3.01e-07	2.66e-04	2.14e-02	9.78e-01	0.00e+00	0.00e+00	0.00e+00	0.00e+00	0.00e+00
 2.57623e+14	9.20e-23	1.10e-16	3.24e-11	3.80e-07	3.10e-04	2.33e-02	9.76e-01	0.00e+00	0.00e+00	0.00e+00	0.00e+00	0.00e+00
 2.66074e+14	1.29e-22	1.47e-16	4.16e-11	4.60e-07	3.52e-04	2.48e-02	9.75e-01	0.00e+00	0.00e+00	0.00e+00	0.00e+00	0.00e+00
 2.72349e+14	1.62e-22	1.80e-16	4.97e-11	5.28e-07	3.86e-04	2.61e-02	9.74e-01	0.00e+00	0.00e+00	0.00e+00	0.00e+00	0.00e+00
 2.78993e+14	2.05e-22	2.22e-16	5.98e-11	6.09e-07	4.24e-04	2.74e-02	9.72e-01	0.00e+00	0.00e+00	0.00e+00	0.00e+00	0.00e+00
 2.87632e+14	2.74e-22	2.89e-16	7.54e-11	7.28e-07	4.78e-04	2.93e-02	9.70e-01	0.00e+00	0.00e+00	0.00e+00	0.00e+00	0.00e+00
 2.97081e+14	3.79e-22	3.85e-16	9.68e-11	8.81e-07	5.42e-04	3.13e-02	9.68e-01	0.00e+00	0.00e+00	0.00e+00	0.00e+00	0.00e+00
 3.05772e+14	4.94e-22	4.91e-16	1.20e-10	1.04e-06	6.06e-04	3.33e-02	9.66e-01	0.00e+00	0.00e+00	0.00e+00	0.00e+00	0.00e+00
 3.15260e+14	6.72e-22	6.45e-16	1.52e-10	1.25e-06	6.82e-04	3.54e-02	9.64e-01	0.00e+00	0.00e+00	0.00e+00	0.00e+00	0.00e+00
 3.25958e+14	9.22e-22	8.60e-16	1.96e-10	1.52e-06	7.77e-04	3.80e-02	9.61e-01	0.00e+00	0.00e+00	0.00e+00	0.00e+00	0.00e+00
 3.36161e+14	1.24e-21	1.13e-15	2.49e-10	1.82e-06	8.75e-04	4.05e-02	9.59e-01	0.00e+00	0.00e+00	0.00e+00	0.00e+00	0.00e+00
 3.47355e+14	1.70e-21	1.49e-15	3.19e-10	2.21e-06	9.94e-04	4.35e-02	9.56e-01	0.00e+00	0.00e+00	0.00e+00	0.00e+00	0.00e+00
 3.59810e+14	2.37e-21	2.02e-15	4.17e-10	2.72e-06	1.14e-03	4.69e-02	9.52e-01	0.00e+00	0.00e+00	0.00e+00	0.00e+00	0.00e+00
 3.71495e+14	3.24e-21	2.68e-15	5.33e-10	3.29e-06	1.29e-03	5.01e-02	9.49e-01	0.00e+00	0.00e+00	0.00e+00	0.00e+00	0.00e+00
 3.84278e+14	4.44e-21	3.59e-15	6.90e-10	4.01e-06	1.47e-03	5.37e-02	9.45e-01	0.00e+00	0.00e+00	0.00e+00	0.00e+00	0.00e+00
 3.98488e+14	6.27e-21	4.92e-15	9.11e-10	4.96e-06	1.69e-03	5.81e-02	9.40e-01	0.00e+00	0.00e+00	0.00e+00	0.00e+00	0.00e+00
 4.11686e+14	8.56e-21	6.54e-15	1.17e-09	6.00e-06	1.91e-03	6.21e-02	9.36e-01	0.00e+00	0.00e+00	0.00e+00	0.00e+00	0.00e+00
 4.25978e+14	1.19e-20	8.85e-15	1.52e-09	7.34e-06	2.18e-03	6.68e-02	9.31e-01	0.00e+00	0.00e+00	0.00e+00	0.00e+00	0.00e+00
 4.41913e+14	1.69e-20	1.22e-14	2.01e-09	9.10e-06	2.50e-03	7.21e-02	9.25e-01	0.00e+00	0.00e+00	0.00e+00	0.00e+00	0.00e+00
 4.56827e+14	2.32e-20	1.63e-14	2.59e-09	1.10e-05	2.84e-03	7.71e-02	9.20e-01	0.00e+00	0.00e+00	0.00e+00	0.00e+00	0.00e+00
 4.73058e+14	3.28e-20	2.24e-14	3.39e-09	1.35e-05	3.24e-03	8.30e-02	9.14e-01	0.00e+00	0.00e+00	0.00e+00	0.00e+00	0.00e+00
 4.91166e+14	4.73e-20	3.13e-14	4.52e-09	1.69e-05	3.73e-03	8.96e-02	9.07e-01	0.00e+00	0.00e+00	0.00e+00	0.00e+00	0.00e+00
 5.08180e+14	6.60e-20	4.24e-14	5.87e-09	2.06e-05	4.24e-03	9.60e-02	9.00e-01	0.00e+00	0.00e+00	0.00e+00	0.00e+00	0.00e+00
 5.26602e+14	9.34e-20	5.84e-14	7.72e-09	2.53e-05	4.84e-03	1.03e-01	8.92e-01	0.00e+00	0.00e+00	0.00e+00	0.00e+00	0.00e+00
 5.47177e+14	1.37e-19	8.25e-14	1.04e-08	3.16e-05	5.59e-03	1.11e-01	8.83e-01	0.00e+00	0.00e+00	0.00e+00	0.00e+00	0.00e+00
 5.66863e+14	1.95e-19	1.14e-13	1.36e-08	3.88e-05	6.37e-03	1.19e-01	8.74e-01	0.00e+00	0.00e+00	0.00e+00	0.00e+00	0.00e+00
 5.87856e+14	2.80e-19	1.58e-13	1.80e-08	4.79e-05	7.29e-03	1.28e-01	8.65e-01	0.00e+00	0.00e+00	0.00e+00	0.00e+00	0.00e+00
 6.11400e+14	4.17e-19	2.28e-13	2.44e-08	6.00e-05	8.42e-03	1.38e-01	8.53e-01	0.00e+00	0.00e+00	0.00e+00	0.00e+00	0.00e+00
 6.31102e+14	5.62e-19	3.00e-13	3.11e-08	7.20e-05	9.45e-03	1.47e-01	8.44e-01	0.00e+00	0.00e+00	0.00e+00	0.00e+00	0.00e+00
 6.45225e+14	7.19e-19	3.73e-13	3.69e-08	8.17e-05	1.02e-02	1.53e-01	8.37e-01	0.00e+00	0.00e+00	0.00e+00	0.00e+00	0.00e+00
 6.60003e+14	9.08e-19	4.60e-13	4.39e-08	9.30e-05	1.11e-02	1.60e-01	8.29e-01	0.00e+00	0.00e+00	0.00e+00	0.00e+00	0.00e+00
 6.79213e+14	1.22e-18	6.00e-13	5.47e-08	1.10e-04	1.23e-02	1.68e-01	8.19e-01	0.00e+00	0.00e+00	0.00e+00	0.00e+00	0.00e+00
 7.00521e+14	1.67e-18	7.98e-13	6.94e-08	1.31e-04	1.38e-02	1.78e-01	8.08e-01	0.00e+00	0.00e+00	0.00e+00	0.00e+00	0.00e+00
 7.20386e+14	2.24e-18	1.04e-12	8.60e-08	1.53e-04	1.52e-02	1.87e-01	7.98e-01	0.00e+00	0.00e+00	0.00e+00	0.00e+00	0.00e+00
 7.42039e+14	2.99e-18	1.35e-12	1.08e-07	1.81e-04	1.69e-02	1.97e-01	7.86e-01	0.00e+00	0.00e+00	0.00e+00	0.00e+00	0.00e+00
 7.66315e+14	4.30e-18	1.85e-12	1.38e-07	2.17e-04	1.89e-02	2.08e-01	7.72e-01	0.00e+00	0.00e+00	0.00e+00	0.00e+00	0.00e+00
 7.89254e+14	5.83e-18	2.43e-12	1.73e-07	2.56e-04	2.10e-02	2.19e-01	7.60e-01	0.00e+00	0.00e+00	0.00e+00	0.00e+00	0.00e+00
 8.14327e+14	7.93e-18	3.22e-12	2.19e-07	3.04e-04	2.34e-02	2.31e-01	7.46e-01	0.00e+00	0.00e+00	0.00e+00	0.00e+00	0.00e+00
 8.42501e+14	1.17e-17	4.51e-12	2.84e-07	3.68e-04	2.63e-02	2.44e-01	7.30e-01	0.00e+00	0.00e+00	0.00e+00	0.00e+00	0.00e+00
 8.69262e+14	1.64e-17	6.04e-12	3.60e-07	4.37e-04	2.92e-02	2.56e-01	7.14e-01	0.00e+00	0.00e+00	0.00e+00	0.00e+00	0.00e+00
 8.98607e+14	2.25e-17	8.08e-12	4.62e-07	5.23e-04	3.26e-02	2.69e-01	6.98e-01	0.00e+00	0.00e+00	1.32e-17	6.78e-18	2.08e-18
 9.33511e+14	3.56e-17	1.18e-11	6.16e-07	6.44e-04	3.70e-02	2.85e-01	6.77e-01	0.00e+00	0.00e+00	2.04e-17	1.09e-17	3.80e-18
 9.67612e+14	5.03e-17	1.61e-11	8.04e-07	7.81e-04	4.16e-02	2.99e-01	6.58e-01	0.00e+00	0.00e+00	2.88e-17	1.53e-17	5.34e-18
 9.98062e+14	7.06e-17	2.16e-11	1.01e-06	9.21e-04	4.60e-02	3.13e-01	6.41e-01	0.00e+00	0.00e+00	4.05e-17	2.15e-17	7.45e-18
 1.03180e+15	1.01e-16	2.93e-11	1.29e-06	1.10e-03	5.11e-02	3.27e-01	6.21e-01	0.00e+00	0.00e+00	5.78e-17	3.06e-17	1.06e-17
 1.07190e+15	1.58e-16	4.27e-11	1.71e-06	1.34e-03	5.76e-02	3.43e-01	5.98e-01	0.00e+00	0.00e+00	9.09e-17	4.80e-17	1.65e-17
 1.11176e+15	2.32e-16	5.95e-11	2.24e-06	1.62e-03	6.45e-02	3.58e-01	5.76e-01	0.00e+00	0.00e+00	1.34e-16	7.06e-17	2.42e-17
 1.14854e+15	3.31e-16	8.03e-11	2.83e-06	1.92e-03	7.11e-02	3.71e-01	5.56e-01	0.00e+00	0.00e+00	1.91e-16	1.00e-16	3.43e-17
 1.18980e+15	4.69e-16	1.09e-10	3.64e-06	2.29e-03	7.89e-02	3.85e-01	5.33e-01	0.00e+00	0.00e+00	2.70e-16	1.42e-16	4.84e-17
 1.23741e+15	7.49e-16	1.60e-10	4.83e-06	2.79e-03	8.85e-02	4.01e-01	5.08e-01	0.00e+00	0.00e+00	4.32e-16	2.27e-16	7.69e-17
 1.28388e+15	1.12e-15	2.23e-10	6.26e-06	3.35e-03	9.82e-02	4.15e-01	4.84e-01	0.00e+00	0.00e+00	6.45e-16	3.39e-16	1.14e-16
 1.33221e+15	1.65e-15	3.09e-10	8.11e-06	4.00e-03	1.09e-01	4.28e-01	4.60e-01	0.00e+00	0.00e+00	9.51e-16	5.00e-16	1.68e-16
 1.37656e+15	2.37e-15	4.18e-10	1.02e-05	4.69e-03	1.19e-01	4.38e-01	4.38e-01	0.00e+00	0.00e+00	1.37e-15	7.20e-16	2.41e-16
 1.40928e+15	3.06e-15	5.15e-10	1.20e-05	5.24e-03	1.26e-01	4.46e-01	4.23e-01	0.00e+00	0.00e+00	1.77e-15	9.28e-16	3.10e-16
 1.44264e+15	3.94e-15	6.34e-10	1.40e-05	5.84e-03	1.34e-01	4.53e-01	4.07e-01	0.00e+00	0.00e+00	2.28e-15	1.19e-15	3.98e-16
 1.48600e+15	5.21e-15	8.05e-10	1.71e-05	6.70e-03	1.45e-01	4.60e-01	3.88e-01	0.00e+00	0.00e+00	3.01e-15	1.58e-15	5.26e-16
 1.53356e+15	7.60e-15	1.09e-09	2.12e-05	7.75e-03	1.56e-01	4.68e-01	3.68e-01	0.00e+00	0.00e+00	4.40e-15	2.30e-15	7.66e-16
 1.57685e+15	9.87e-15	1.35e-09	2.55e-05	8.77e-03	1.67e-01	4.74e-01	3.50e-01	0.00e+00	0.00e+00	5.71e-15	2.99e-15	9.93e-16
 1.62339e+15	1.38e-14	1.77e-09	3.09e-05	9.99e-03	1.79e-01	4.79e-01	3.32e-01	0.00e+00	0.00e+00	8.02e-15	4.20e-15	1.39e-15
 1.68270e+15	1.95e-14	2.36e-09	3.90e-05	1.17e-02	1.94e-01	4.84e-01	3.10e-01	0.00e+00	0.00e+00	1.13e-14	5.93e-15	1.96e-15
 1.74263e+15	2.94e-14	3.24e-09	4.89e-05	1.36e-02	2.10e-01	4.88e-01	2.88e-01	0.00e+00	0.00e+00	1.70e-14	8.92e-15	2.94e-15
 1.79228e+15	4.01e-14	4.14e-09	5.85e-05	1.53e-02	2.23e-01	4.90e-01	2.72e-01	0.00e+00	0.00e+00	2.32e-14	1.22e-14	4.01e-15
 1.84453e+15	5.43e-14	5.27e-09	7.01e-05	1.73e-02	2.37e-01	4.91e-01	2.55e-01	0.00e+00	0.00e+00	3.15e-14	1.65e-14	5.42e-15
 1.91156e+15	7.53e-14	6.90e-09	8.75e-05	1.99e-02	2.54e-01	4.90e-01	2.36e-01	0.00e+00	0.00e+00	4.36e-14	2.28e-14	7.50e-15
 1.98229e+15	1.15e-13	9.51e-09	1.10e-04	2.31e-02	2.72e-01	4.88e-01	2.16e-01	0.00e+00	0.00e+00	6.64e-14	3.47e-14	1.14e-14
 2.04436e+15	1.58e-13	1.22e-08	1.32e-04	2.60e-02	2.88e-01	4.85e-01	2.00e-01	0.00e+00	0.00e+00	9.18e-14	4.80e-14	1.57e-14
 2.11072e+15	2.14e-13	1.56e-08	1.60e-04	2.94e-02	3.04e-01	4.81e-01	1.85e-01	0.00e+00	0.00e+00	1.24e-13	6.48e-14	2.12e-14
 2.19120e+15	3.31e-13	2.16e-08	2.00e-04	3.40e-02	3.24e-01	4.74e-01	1.67e-01	0.00e+00	0.00e+00	1.92e-13	1.00e-13	3.28e-14
 2.27070e+15	4.70e-13	2.85e-08	2.47e-04	3.87e-02	3.43e-01	4.66e-01	1.52e-01	0.00e+00	0.00e+00	2.73e-13	1.43e-13	4.66e-14
 2.34104e+15	6.25e-13	3.57e-08	2.94e-04	4.32e-02	3.59e-01	4.58e-01	1.39e-01	0.00e+00	0.00e+00	3.63e-13	1.90e-13	6.18e-14
 2.41884e+15	8.70e-13	4.60e-08	3.54e-04	4.85e-02	3.76e-01	4.49e-01	1.26e-01	0.00e+00	0.00e+00	5.05e-13	2.64e-13	8.60e-14
 2.51208e+15	1.35e-12	6.35e-08	4.40e-04	5.53e-02	3.96e-01	4.36e-01	1.12e-01	0.00e+00	0.00e+00	7.86e-13	4.11e-13	1.34e-13
 2.60425e+15	1.95e-12	8.37e-08	5.38e-04	6.24e-02	4.14e-01	4.23e-01	1.00e-01	0.00e+00	0.00e+00	1.13e-12	5.92e-13	1.92e-13
 2.68463e+15	2.65e-12	1.05e-07	6.36e-04	6.90e-02	4.29e-01	4.11e-01	9.08e-02	0.00e+00	0.00e+00	1.54e-12	8.04e-13	2.61e-13
 2.77086e+15	3.60e-12	1.33e-07	7.55e-04	7.64e-02	4.44e-01	3.98e-01	8.17e-02	0.00e+00	0.00e+00	2.09e-12	1.09e-12	3.55e-13
 2.87600e+15	5.32e-12	1.78e-07	9.24e-04	8.59e-02	4.60e-01	3.81e-01	7.16e-02	0.00e+00	0.00e+00	3.09e-12	1.62e-12	5.25e-13
 2.98000e+15	7.48e-12	2.29e-07	1.11e-03	9.57e-02	4.75e-01	3.65e-01	6.31e-02	0.00e+00	0.00e+00	4.35e-12	2.27e-12	7.37e-13
 3.06244e+15	9.56e-12	2.77e-07	1.28e-03	1.04e-01	4.86e-01	3.52e-01	5.70e-02	0.00e+00	0.00e+00	5.56e-12	2.91e-12	9.42e-13
 3.14262e+15	1.24e-11	3.35e-07	1.47e-03	1.12e-01	4.96e-01	3.39e-01	5.17e-02	0.00e+00	0.00e+00	7.20e-12	3.77e-12	1.22e-12
 3.24685e+15	1.80e-11	4.37e-07	1.75e-03	1.23e-01	5.07e-01	3.23e-01	4.53e-02	0.00e+00	0.00e+00	1.05e-11	5.47e-12	1.77e-12
 3.34911e+15	2.40e-11	5.42e-07	2.04e-03	1.34e-01	5.17e-01	3.07e-01	4.01e-02	0.00e+00	0.00e+00	1.40e-11	7.31e-12	2.37e-12
 3.43217e+15	2.99e-11	6.39e-07	2.31e-03	1.43e-01	5.23e-01	2.95e-01	3.62e-02	0.00e+00	0.00e+00	1.74e-11	9.09e-12	2.95e-12
 3.52351e+15	3.86e-11	7.71e-07	2.64e-03	1.54e-01	5.30e-01	2.81e-01	3.24e-02	0.00e+00	0.00e+00	2.24e-11	1.17e-11	3.81e-12
 3.64226e+15	5.66e-11	1.01e-06	3.13e-03	1.68e-01	5.37e-01	2.64e-01	2.79e-02	0.00e+00	0.00e+00	3.29e-11	1.72e-11	5.58e-12
 3.76053e+15	7.70e-11	1.26e-06	3.65e-03	1.82e-01	5.42e-01	2.48e-01	2.42e-02	0.00e+00	0.00e+00	4.48e-11	2.34e-11	7.59e-12
 3.85660e+15	9.88e-11	1.51e-06	4.14e-03	1.94e-01	5.45e-01	2.35e-01	2.16e-02	0.00e+00	0.00e+00	5.74e-11	3.00e-11	9.74e-12
 3.95988e+15	1.29e-10	1.83e-06	4.71e-03	2.07e-01	5.47e-01	2.22e-01	1.90e-02	0.00e+00	0.00e+00	7.48e-11	3.92e-11	1.27e-11
 4.09414e+15	1.69e-10	2.25e-06	5.53e-03	2.24e-01	5.48e-01	2.06e-01	1.62e-02	0.00e+00	0.00e+00	9.83e-11	5.15e-11	1.67e-11
 4.23357e+15	2.50e-10	2.95e-06	6.52e-03	2.42e-01	5.48e-01	1.90e-01	1.37e-02	0.00e+00	0.00e+00	1.46e-10	7.63e-11	2.47e-11
 4.34886e+15	3.21e-10	3.53e-06	7.41e-03	2.57e-01	5.46e-01	1.78e-01	1.19e-02	0.00e+00	0.00e+00	1.86e-10	9.76e-11	3.16e-11
 4.46790e+15	4.06e-10	4.21e-06	8.44e-03	2.73e-01	5.43e-01	1.66e-01	1.04e-02	0.00e+00	0.00e+00	2.36e-10	1.24e-10	4.01e-11
 4.62265e+15	6.08e-10	5.56e-06	1.00e-02	2.94e-01	5.37e-01	1.51e-01	8.55e-03	0.00e+00	0.00e+00	3.54e-10	1.85e-10	6.01e-11
 4.77419e+15	8.16e-10	6.90e-06	1.16e-02	3.13e-01	5.30e-01	1.37e-01	7.17e-03	0.00e+00	0.00e+00	4.74e-10	2.48e-10	8.06e-11
 4.89123e+15	1.01e-09	8.09e-06	1.30e-02	3.29e-01	5.24e-01	1.28e-01	6.25e-03	0.00e+00	0.00e+00	5.88e-10	3.08e-10	9.99e-11
 5.01304e+15	1.29e-09	9.67e-06	1.47e-02	3.45e-01	5.16e-01	1.18e-01	5.39e-03	0.00e+00	0.00e+00	7.53e-10	3.95e-10	1.28e-10
 5.17139e+15	1.91e-09	1.26e-05	1.72e-02	3.67e-01	5.05e-01	1.06e-01	4.42e-03	0.00e+00	0.00e+00	1.11e-09	5.82e-10	1.89e-10
 5.32695e+15	2.52e-09	1.54e-05	1.98e-02	3.87e-01	4.93e-01	9.63e-02	3.69e-03	0.00e+00	0.00e+00	1.46e-09	7.67e-10	2.49e-10
 5.44828e+15	3.09e-09	1.80e-05	2.21e-02	4.03e-01	4.83e-01	8.89e-02	3.19e-03	0.00e+00	0.00e+00	1.80e-09	9.43e-10	3.06e-10
 5.55733e+15	3.82e-09	2.10e-05	2.44e-02	4.17e-01	4.73e-01	8.25e-02	2.79e-03	0.00e+00	0.00e+00	2.22e-09	1.17e-09	3.79e-10
 5.66485e+15	4.71e-09	2.43e-05	2.68e-02	4.31e-01	4.64e-01	7.66e-02	2.45e-03	0.00e+00	0.00e+00	2.74e-09	1.44e-09	4.67e-10
 5.78844e+15	6.34e-09	2.97e-05	3.01e-02	4.46e-01	4.51e-01	7.00e-02	2.09e-03	0.00e+00	0.00e+00	3.69e-09	1.93e-09	6.29e-10
 5.91133e+15	7.80e-09	3.47e-05	3.34e-02	4.61e-01	4.39e-01	6.43e-02	1.80e-03	0.00e+00	0.00e+00	4.54e-09	2.38e-09	7.74e-10
 6.01573e+15	9.24e-09	3.93e-05	3.66e-02	4.74e-01	4.28e-01	5.96e-02	1.58e-03	0.00e+00	0.00e+00	5.38e-09	2.82e-09	9.17e-10
 6.13386e+15	1.15e-08	4.61e-05	4.06e-02	4.88e-01	4.15e-01	5.46e-02	1.36e-03	0.00e+00	0.00e+00	6.69e-09	3.51e-09	1.14e-09
 6.26445e+15	1.58e-08	5.71e-05	4.58e-02	5.03e-01	4.00e-01	4.93e-02	1.14e-03	0.00e+00	0.00e+00	9.19e-09	4.82e-09	1.57e-09
 6.38523e+15	1.98e-08	6.72e-05	5.08e-02	5.17e-01	3.87e-01	4.49e-02	9.79e-04	0.00e+00	0.00e+00	1.15e-08	6.04e-09	1.97e-09
 6.49553e+15	2.45e-08	7.84e-05	5.60e-02	5.29e-01	3.73e-01	4.11e-02	8.46e-04	0.00e+00	0.00e+00	1.43e-08	7.49e-09	2.44e-09
 6.61818e+15	3.14e-08	9.36e-05	6.25e-02	5.41e-01	3.58e-01	3.71e-02	7.16e-04	0.00e+00	0.00e+00	1.83e-08	9.59e-09	3.13e-09
 6.74818e+15	3.78e-08	1.08e-04	6.98e-02	5.53e-01	3.43e-01	3.34e-02	6.06e-04	0.00e+00	0.00e+00	2.20e-08	1.16e-08	3.77e-09
 6.88773e+15	5.49e-08	1.39e-04	7.99e-02	5.66e-01	3.24e-01	2.93e-02	4.89e-04	0.00e+00	0.00e+00	3.20e-08	1.68e-08	5.48e-09
 7.03067e+15	7.32e-08	1.72e-04	9.09e-02	5.77e-01	3.06e-01	2.57e-02	3.99e-04	0.00e+00	0.00e+00	4.26e-08	2.24e-08	7.31e-09
 7.15000e+15	9.37e-08	2.05e-04	1.02e-01	5.85e-01	2.90e-01	2.29e-02	3.34e-04	0.00e+00	0.00e+00	5.45e-08	2.86e-08	9.36e-09
 7.25607e+15	1.18e-07	2.43e-04	1.12e-01	5.91e-01	2.76e-01	2.06e-02	2.83e-04	0.00e+00	0.00e+00	6.87e-08	3.61e-08	1.18e-08
 7.37292e+15	1.43e-07	2.81e-04	1.26e-01	5.96e-01	2.59e-01	1.83e-02	2.37e-04	0.00e+00	0.00e+00	8.30e-08	4.36e-08	1.43e-08
 7.52484e+15	2.15e-07	3.75e-04	1.47e-01	6.00e-01	2.37e-01	1.53e-02	1.81e-04	0.00e+00	0.00e+00	1.25e-07	6.57e-08	2.15e-08
 7.65575e+15	2.75e-07	4.52e-04	1.67e-01	6.01e-01	2.19e-01	1.32e-02	1.45e-04	0.00e+00	0.00e+00	1.60e-07	8.41e-08	2.75e-08
 7.73659e+15	3.71e-07	5.52e-04	1.83e-01	5.98e-01	2.06e-01	1.18e-02	1.22e-04	0.00e+00	0.00e+00	2.16e-07	1.13e-07	3.71e-08
 7.79984e+15	4.35e-07	6.19e-04	1.96e-01	5.96e-01	1.97e-01	1.08e-02	1.08e-04	0.00e+00	0.00e+00	2.53e-07	1.33e-07	4.36e-08
 7.86300e+15	5.19e-07	7.02e-04	2.11e-01	5.92e-01	1.86e-01	9.85e-03	9.45e-05	0.00e+00	0.00e+00	3.02e-07	1.59e-07	5.21e-08
 7.94510e+15	6.07e-07	7.93e-04	2.30e-01	5.86e-01	1.74e-01	8.75e-03	8.02e-05	0.00e+00	0.00e+00	3.53e-07	1.86e-07	6.09e-08
 8.03616e+15	8.28e-07	9.85e-04	2.56e-01	5.76e-01	1.59e-01	7.51e-03	6.43e-05	0.00e+00	0.00e+00	4.82e-07	2.54e-07	8.31e-08
 8.10447e+15	9.67e-07	1.10e-03	2.76e-01	5.67e-01	1.48e-01	6.72e-03	5.51e-05	0.00e+00	0.00e+00	5.63e-07	2.96e-07	9.72e-08
 8.15887e+15	1.15e-06	1.25e-03	2.96e-01	5.58e-01	1.39e-01	6.05e-03	4.77e-05	0.00e+00	0.00e+00	6.70e-07	3.53e-07	1.16e-07
 8.21938e+15	1.48e-06	1.48e-03	3.19e-01	5.45e-01	1.29e-01	5.32e-03	3.97e-05	0.00e+00	0.00e+00	8.62e-07	4.54e-07	1.49e-07
 8.26943e+15	1.70e-06	1.64e-03	3.38e-01	5.34e-01	1.21e-01	4.82e-03	3.47e-05	0.00e+00	0.00e+00	9.90e-07	5.21e-07	1.71e-07
 8.31608e+15	1.92e-06	1.79e-03	3.58e-01	5.23e-01	1.13e-01	4.35e-03	3.03e-05	0.00e+00	0.00e+00	1.12e-06	5.89e-07	1.94e-07
 8.37672e+15	2.46e-06	2.13e-03	3.87e-01	5.05e-01	1.02e-01	3.73e-03	2.45e-05	0.00e+00	0.00e+00	1.43e-06	7.56e-07	2.48e-07
 8.43399e+15	2.98e-06	2.43e-03	4.15e-01	4.87e-01	9.33e-02	3.23e-03	2.03e-05	0.00e+00	0.00e+00	1.74e-06	9.15e-07	3.01e-07
 8.47643e+15	3.36e-06	2.65e-03	4.36e-01	4.72e-01	8.65e-02	2.89e-03	1.75e-05	0.00e+00	0.00e+00	1.95e-06	1.03e-06	3.39e-07
 8.52118e+15	4.17e-06	3.06e-03	4.63e-01	4.53e-01	7.87e-02	2.51e-03	1.44e-05	0.00e+00	0.00e+00	2.43e-06	1.28e-06	4.21e-07
 8.56649e+15	4.66e-06	3.32e-03	4.86e-01	4.36e-01	7.19e-02	2.20e-03	1.22e-05	0.00e+00	0.00e+00	2.71e-06	1.43e-06	4.71e-07
 8.61256e+15	5.80e-06	3.84e-03	5.16e-01	4.14e-01	6.44e-02	1.87e-03	9.83e-06	0.00e+00	0.00e+00	3.37e-06	1.78e-06	5.86e-07
 8.65880e+15	6.62e-06	4.22e-03	5.43e-01	3.94e-01	5.77e-02	1.60e-03	8.06e-06	0.00e+00	0.00e+00	3.85e-06	2.03e-06	6.70e-07
 8.70528e+15	7.95e-06	4.77e-03	5.73e-01	3.70e-01	5.08e-02	1.34e-03	6.38e-06	0.00e+00	0.00e+00	4.62e-06	2.44e-06	8.05e-07
 8.75527e+15	9.65e-06	5.43e-03	6.05e-01	3.44e-01	4.40e-02	1.09e-03	4.91e-06	0.00e+00	0.00e+00	5.61e-06	2.97e-06	9.79e-07
 8.79911e+15	1.16e-05	6.11e-03	6.34e-01	3.21e-01	3.84e-02	8.99e-04	3.83e-06	0.00e+00	0.00e+00	6.72e-06	3.55e-06	1.17e-06
 8.83828e+15	1.36e-05	6.79e-03	6.60e-01	2.99e-01	3.37e-02	7.48e-04	3.03e-06	0.00e+00	0.00e+00	7.89e-06	4.17e-06	1.38e-06
 8.88206e+15	1.69e-05	7.81e-03	6.90e-01	2.73e-01	2.85e-02	5.91e-04	2.24e-06	0.00e+00	0.00e+00	9.84e-06	5.20e-06	1.72e-06
 8.92658e+15	2.00e-05	8.69e-03	7.17e-01	2.49e-01	2.42e-02	4.70e-04	1.68e-06	0.00e+00	0.00e+00	1.16e-05	6.15e-06	2.04e-06
 8.97205e+15	2.42e-05	9.80e-03	7.46e-01	2.24e-01	2.00e-02	3.61e-04	1.20e-06	0.00e+00	0.00e+00	1.41e-05	7.45e-06	2.47e-06
 9.02075e+15	2.92e-05	1.10e-02	7.73e-01	2.00e-01	1.62e-02	2.71e-04	8.37e-07	0.00e+00	0.00e+00	1.70e-05	8.97e-06	2.98e-06
 9.06506e+15	3.47e-05	1.22e-02	7.96e-01	1.78e-01	1.32e-02	2.05e-04	0.00e+00	0.00e+00	0.00e+00	2.02e-05	1.07e-05	3.54e-06
 9.11408e+15	4.22e-05	1.37e-02	8.21e-01	1.55e-01	1.04e-02	1.47e-04	0.00e+00	0.00e+00	0.00e+00	2.45e-05	1.30e-05	4.31e-06
 9.16743e+15	5.14e-05	1.54e-02	8.44e-01	1.33e-01	7.95e-03	1.02e-04	0.00e+00	0.00e+00	0.00e+00	2.99e-05	1.58e-05	5.27e-06
 9.20782e+15	5.93e-05	1.68e-02	8.58e-01	1.18e-01	6.50e-03	7.74e-05	0.00e+00	0.00e+00	0.00e+00	3.45e-05	1.82e-05	6.08e-06
 9.23508e+15	6.53e-05	1.77e-02	8.68e-01	1.09e-01	5.64e-03	6.36e-05	0.00e+00	0.00e+00	0.00e+00	3.80e-05	2.01e-05	6.70e-06
 9.26387e+15	7.26e-05	1.88e-02	8.77e-01	9.92e-02	4.80e-03	5.10e-05	0.00e+00	0.00e+00	0.00e+00	4.22e-05	2.23e-05	7.45e-06
 9.30129e+15	8.30e-05	2.03e-02	8.88e-01	8.78e-02	3.88e-03	3.81e-05	0.00e+00	0.00e+00	0.00e+00	4.83e-05	2.56e-05	8.53e-06
 9.34226e+15	9.55e-05	2.19e-02	8.98e-01	7.70e-02	3.09e-03	2.78e-05	0.00e+00	0.00e+00	0.00e+00	5.55e-05	2.94e-05	9.82e-06
 9.38007e+15	1.08e-04	2.35e-02	9.06e-01	6.81e-02	2.51e-03	2.08e-05	0.00e+00	0.00e+00	0.00e+00	6.30e-05	3.34e-05	1.12e-05
 9.42147e+15	1.25e-04	2.54e-02	9.13e-01	5.92e-02	1.97e-03	1.48e-05	0.00e+00	0.00e+00	0.00e+00	7.24e-05	3.84e-05	1.28e-05
 9.46696e+15	1.44e-04	2.74e-02	9.20e-01	5.10e-02	1.52e-03	1.04e-05	0.00e+00	0.00e+00	0.00e+00	8.37e-05	4.43e-05	1.48e-05
 9.50852e+15	1.65e-04	2.94e-02	9.25e-01	4.45e-02	1.20e-03	7.45e-06	0.00e+00	0.00e+00	0.00e+00	9.57e-05	5.07e-05	1.70e-05
 9.54736e+15	1.86e-04	3.14e-02	9.28e-01	3.91e-02	9.62e-04	5.46e-06	0.00e+00	0.00e+00	0.00e+00	1.08e-04	5.73e-05	1.92e-05
 9.59194e+15	2.14e-04	3.38e-02	9.32e-01	3.37e-02	7.41e-04	3.78e-06	0.00e+00	0.00e+00	0.00e+00	1.24e-04	6.58e-05	2.21e-05
 9.64072e+15	2.48e-04	3.65e-02	9.34e-01	2.87e-02	5.64e-04	2.57e-06	0.00e+00	0.00e+00	0.00e+00	1.44e-04	7.63e-05	2.56e-05
 9.68465e+15	2.83e-04	3.91e-02	9.35e-01	2.49e-02	4.42e-04	1.82e-06	0.00e+00	0.00e+00	0.00e+00	1.65e-04	8.73e-05	2.93e-05
 9.72487e+15	3.20e-04	4.17e-02	9.36e-01	2.19e-02	3.54e-04	1.32e-06	0.00e+00	0.00e+00	0.00e+00	1.86e-04	9.86e-05	3.31e-05
 9.77055e+15	3.68e-04	4.48e-02	9.36e-01	1.88e-02	2.73e-04	9.06e-07	0.00e+00	0.00e+00	0.00e+00	2.14e-04	1.13e-04	3.81e-05
 9.82059e+15	4.27e-04	4.84e-02	9.35e-01	1.61e-02	2.08e-04	0.00e+00	0.00e+00	0.00e+00	0.00e+00	2.49e-04	1.32e-04	4.42e-05
 9.86539e+15	4.89e-04	5.19e-02	9.33e-01	1.40e-02	1.64e-04	0.00e+00	0.00e+00	0.00e+00	0.00e+00	2.84e-04	1.51e-04	5.06e-05
 9.90629e+15	5.55e-04	5.54e-02	9.32e-01	1.23e-02	1.31e-04	0.00e+00	0.00e+00	0.00e+00	0.00e+00	3.23e-04	1.71e-04	5.75e-05
 9.95298e+15	6.41e-04	5.97e-02	9.29e-01	1.05e-02	1.02e-04	0.00e+00	0.00e+00	0.00e+00	0.00e+00	3.73e-04	1.97e-04	6.63e-05
 1.00033e+16	7.49e-04	6.48e-02	9.25e-01	9.01e-03	7.82e-05	0.00e+00	0.00e+00	0.00e+00	0.00e+00	4.36e-04	2.31e-04	7.75e-05
