#depth	He	He+	He+2
 1.49634e+10	4.10e-23	2.97e-12	1.00e+00
 4.54887e+10	4.59e-23	3.22e-12	1.00e+00
 7.72350e+10	5.12e-23	3.48e-12	1.00e+00
 1.10251e+11	5.71e-23	3.77e-12	1.00e+00
 1.42831e+11	6.35e-23	4.07e-12	1.00e+00
 1.73908e+11	7.01e-23	4.36e-12	1.00e+00
 2.07985e+11	7.78e-23	4.70e-12	1.00e+00
 2.46231e+11	8.74e-23	5.09e-12	1.00e+00
 2.84375e+11	9.78e-23	5.50e-12	1.00e+00
 3.24044e+11	1.10e-22	5.94e-12	1.00e+00
 3.66932e+11	1.23e-22	6.44e-12	1.00e+00
 4.10591e+11	1.39e-22	6.97e-12	1.00e+00
 4.55995e+11	1.57e-22	7.55e-12	1.00e+00
 5.04162e+11	1.77e-22	8.20e-12	1.00e+00
 5.54255e+11	2.01e-22	8.89e-12	1.00e+00
 6.03097e+11	2.27e-22	9.60e-12	1.00e+00
 6.49029e+11	2.53e-22	1.03e-11	1.00e+00
 7.00053e+11	2.85e-22	1.11e-11	1.00e+00
 7.57982e+11	3.25e-22	1.21e-11	1.00e+00
 8.15023e+11	3.69e-22	1.31e-11	1.00e+00
 8.65678e+11	4.11e-22	1.40e-11	1.00e+00
 9.18916e+11	4.59e-22	1.50e-11	1.00e+00
 9.78266e+11	5.19e-22	1.61e-11	1.00e+00
 1.03407e+12	5.81e-22	1.73e-11	1.00e+00
 1.09512e+12	6.52e-22	1.86e-11	1.00e+00
 1.16279e+12	7.44e-22	2.01e-11	1.00e+00
 1.22567e+12	8.36e-22	2.15e-11	1.00e+00
 1.29405e+12	9.44e-22	2.32e-11	1.00e+00
 1.37066e+12	1.08e-21	2.51e-11	1.00e+00
 1.44257e+12	1.23e-21	2.70e-11	1.00e+00
 1.52066e+12	1.40e-21	2.92e-11	1.00e+00
 1.60800e+12	1.62e-21	3.18e-11	1.00e+00
 1.69063e+12	1.85e-21	3.43e-11	1.00e+00
 1.77963e+12	2.12e-21	3.72e-11	1.00e+00
 1.88074e+12	2.47e-21	4.06e-11	1.00e+00
 1.97964e+12	2.85e-21	4.41e-11	1.00e+00
 2.07020e+12	3.24e-21	4.75e-11	1.00e+00
 2.16958e+12	3.70e-21	5.14e-11	1.00e+00
 2.28007e+12	4.30e-21	5.60e-11	1.00e+00
 2.38400e+12	4.91e-21	6.05e-11	1.00e+00
 2.49725e+12	5.64e-21	6.57e-11	1.00e+00
 2.62189e+12	6.56e-21	7.16e-11	1.00e+00
 2.73540e+12	7.49e-21	7.74e-11	1.00e+00
 2.83378e+12	8.36e-21	8.26e-11	1.00e+00
 2.93930e+12	9.36e-21	8.84e-11	1.00e+00
 3.07388e+12	1.08e-20	9.62e-11	1.00e+00
 3.21308e+12	1.25e-20	1.05e-10	1.00e+00
 3.33370e+12	1.41e-20	1.12e-10	1.00e+00
 3.46333e+12	1.59e-20	1.21e-10	1.00e+00
 3.62229e+12	1.84e-20	1.32e-10	1.00e+00
 3.78554e+12	2.14e-20	1.44e-10	1.00e+00
 3.93588e+12	2.43e-20	1.56e-10	1.00e+00
 4.10325e+12	2.78e-20	1.70e-10	1.00e+00
 4.29678e+12	3.25e-20	1.87e-10	1.00e+00
 4.48771e+12	3.77e-20	2.05e-10	1.00e+00
 4.68628e+12	4.35e-20	2.24e-10	1.00e+00
 4.90365e+12	5.07e-20	2.47e-10	1.00e+00
 5.12406e+12	5.88e-20	2.71e-10	1.00e+00
 5.32759e+12	6.71e-20	2.95e-10	1.00e+00
 5.51422e+12	7.52e-20	3.17e-10	1.00e+00
 5.72740e+12	8.53e-20	3.45e-10	1.00e+00
 5.97981e+12	9.86e-20	3.79e-10	1.00e+00
 6.23138e+12	1.13e-19	4.16e-10	1.00e+00
 6.46658e+12	1.28e-19	4.52e-10	1.00e+00
 6.72873e+12	1.46e-19	4.94e-10	1.00e+00
 7.02780e+12	1.69e-19	5.45e-10	1.00e+00
 7.28845e+12	1.90e-19	5.93e-10	1.00e+00
 7.49081e+12	2.08e-19	6.31e-10	1.00e+00
 7.70744e+12	2.28e-19	6.74e-10	1.00e+00
 7.98907e+12	2.56e-19	7.33e-10	1.00e+00
 8.29254e+12	2.89e-19	8.00e-10	1.00e+00
 8.56279e+12	3.20e-19	8.62e-10	1.00e+00
 8.85250e+12	3.55e-19	9.33e-10	1.00e+00
 9.21153e+12	4.02e-19	1.03e-09	1.00e+00
 9.57057e+12	4.54e-19	1.12e-09	1.00e+00
 9.87875e+12	5.01e-19	1.21e-09	1.00e+00
 1.02110e+13	5.54e-19	1.32e-09	1.00e+00
 1.06217e+13	6.24e-19	1.45e-09	1.00e+00
 1.10424e+13	7.01e-19	1.59e-09	1.00e+00
 1.14206e+13	7.74e-19	1.73e-09	1.00e+00
 1.18358e+13	8.60e-19	1.89e-09	1.00e+00
 1.23269e+13	9.69e-19	2.09e-09	1.00e+00
 1.27947e+13	1.08e-18	2.30e-09	1.00e+00
 1.32004e+13	1.18e-18	2.48e-09	1.00e+00
 1.36470e+13	1.31e-18	2.69e-09	1.00e+00
 1.41923e+13	1.47e-18	2.97e-09	1.00e+00
 1.47483e+13	1.66e-18	3.27e-09	1.00e+00
 1.52273e+13	1.83e-18	3.54e-09	1.00e+00
 1.57240e+13	2.03e-18	3.83e-09	1.00e+00
 1.62561e+13	2.26e-18	4.16e-09	1.00e+00
 1.67244e+13	2.49e-18	4.46e-09	1.00e+00
 1.72232e+13	2.75e-18	4.78e-09	1.00e+00
 1.78702e+13	3.13e-18	5.23e-09	1.00e+00
 1.85372e+13	3.56e-18	5.72e-09	1.00e+00
 1.90951e+13	3.97e-18	6.14e-09	1.00e+00
 1.96835e+13	4.44e-18	6.59e-09	1.00e+00
 2.04314e+13	5.11e-18	7.20e-09	1.00e+00
 2.12216e+13	5.91e-18	7.88e-09	1.00e+00
 2.19362e+13	6.72e-18	8.51e-09	1.00e+00
 2.27176e+13	7.71e-18	9.22e-09	1.00e+00
 2.35876e+13	8.95e-18	1.01e-08	1.00e+00
 2.44032e+13	1.03e-17	1.09e-08	1.00e+00
 2.52939e+13	1.18e-17	1.18e-08	1.00e+00
 2.62898e+13	1.39e-17	1.29e-08	1.00e+00
 2.72303e+13	1.60e-17	1.39e-08	1.00e+00
 2.82468e+13	1.86e-17	1.51e-08	1.00e+00
 2.92899e+13	2.16e-17	1.64e-08	1.00e+00
 3.01173e+13	2.43e-17	1.74e-08	1.00e+00
 3.09288e+13	2.71e-17	1.85e-08	1.00e+00
 3.19839e+13	3.11e-17	1.99e-08	1.00e+00
 3.30920e+13	3.59e-17	2.15e-08	1.00e+00
 3.40378e+13	4.04e-17	2.29e-08	1.00e+00
 3.50359e+13	4.56e-17	2.44e-08	1.00e+00
 3.63271e+13	5.31e-17	2.64e-08	1.00e+00
 3.76654e+13	6.19e-17	2.86e-08	1.00e+00
 3.88002e+13	7.01e-17	3.05e-08	1.00e+00
 4.00039e+13	7.97e-17	3.26e-08	1.00e+00
 4.15129e+13	9.33e-17	3.54e-08	1.00e+00
 4.30391e+13	1.08e-16	3.83e-08	1.00e+00
 4.43496e+13	1.23e-16	4.09e-08	1.00e+00
 4.57594e+13	1.41e-16	4.38e-08	1.00e+00
 4.75023e+13	1.65e-16	4.75e-08	1.00e+00
 4.92554e+13	1.92e-16	5.14e-08	1.00e+00
 5.07883e+13	2.19e-16	5.50e-08	1.00e+00
 5.24579e+13	2.51e-16	5.90e-08	1.00e+00
 5.44847e+13	2.96e-16	6.41e-08	1.00e+00
 5.65088e+13	3.45e-16	6.93e-08	1.00e+00
 5.83274e+13	3.95e-16	7.43e-08	1.00e+00
 6.03455e+13	4.56e-16	7.99e-08	1.00e+00
 6.27308e+13	5.38e-16	8.70e-08	1.00e+00
 6.50922e+13	6.29e-16	9.41e-08	1.00e+00
 6.72974e+13	7.24e-16	1.01e-07	1.00e+00
 6.97685e+13	8.43e-16	1.09e-07	1.00e+00
 7.25892e+13	9.97e-16	1.19e-07	1.00e+00
 7.53559e+13	1.17e-15	1.29e-07	1.00e+00
 7.78373e+13	1.34e-15	1.38e-07	1.00e+00
 8.04887e+13	1.53e-15	1.48e-07	1.00e+00
 8.32128e+13	1.76e-15	1.59e-07	1.00e+00
 8.54666e+13	1.97e-15	1.68e-07	1.00e+00
 8.78315e+13	2.20e-15	1.78e-07	1.00e+00
 9.09058e+13	2.53e-15	1.91e-07	1.00e+00
 9.41316e+13	2.93e-15	2.06e-07	1.00e+00
 9.68853e+13	3.29e-15	2.19e-07	1.00e+00
 9.97960e+13	3.71e-15	2.32e-07	1.00e+00
 1.03485e+14	4.29e-15	2.50e-07	1.00e+00
 1.07317e+14	4.96e-15	2.69e-07	1.00e+00
 1.10681e+14	5.62e-15	2.87e-07	1.00e+00
 1.14303e+14	6.39e-15	3.06e-07	1.00e+00
 1.18693e+14	7.41e-15	3.30e-07	1.00e+00
 1.23085e+14	8.55e-15	3.55e-07	1.00e+00
 1.27021e+14	9.67e-15	3.79e-07	1.00e+00
 1.31361e+14	1.10e-14	4.05e-07	1.00e+00
 1.36505e+14	1.28e-14	4.37e-07	1.00e+00
 1.41619e+14	1.47e-14	4.70e-07	1.00e+00
 1.46361e+14	1.67e-14	5.02e-07	1.00e+00
 1.51669e+14	1.92e-14	5.38e-07	1.00e+00
 1.57766e+14	2.22e-14	5.81e-07	1.00e+00
 1.63786e+14	2.56e-14	6.25e-07	1.00e+00
 1.70047e+14	2.95e-14	6.73e-07	1.00e+00
 1.76879e+14	3.42e-14	7.27e-07	1.00e+00
 1.83984e+14	3.97e-14	7.85e-07	1.00e+00
 1.91374e+14	4.59e-14	8.48e-07	1.00e+00
 1.97783e+14	5.19e-14	9.04e-07	1.00e+00
 2.02738e+14	5.68e-14	9.49e-07	1.00e+00
 2.08056e+14	6.25e-14	9.98e-07	1.00e+00
 2.14969e+14	7.06e-14	1.06e-06	1.00e+00
 2.22456e+14	8.01e-14	1.14e-06	1.00e+00
 2.29253e+14	8.95e-14	1.21e-06	1.00e+00
 2.36656e+14	1.01e-13	1.29e-06	1.00e+00
 2.45672e+14	1.15e-13	1.38e-06	1.00e+00
 2.54711e+14	1.32e-13	1.49e-06	1.00e+00
 2.62773e+14	1.48e-13	1.58e-06	1.00e+00
 2.71640e+14	1.66e-13	1.69e-06	1.00e+00
 2.81521e+14	1.90e-13	1.81e-06	1.00e+00
 2.90766e+14	2.13e-13	1.94e-06	1.00e+00
 3.00832e+14	2.41e-13	2.07e-06	1.00e+00
 3.11987e+14	2.75e-13	2.23e-06	1.00e+00
 3.22336e+14	3.10e-13	2.38e-06	1.00e+00
 3.33565e+14	3.50e-13	2.55e-06	1.00e+00
 3.46090e+14	4.00e-13	2.75e-06	1.00e+00
 3.57829e+14	4.50e-13	2.94e-06	1.00e+00
 3.70619e+14	5.12e-13	3.16e-06	1.00e+00
 3.84851e+14	5.85e-13	3.41e-06	1.00e+00
 3.98153e+14	6.60e-13	3.66e-06	1.00e+00
 4.12556e+14	7.47e-13	3.93e-06	1.00e+00
 4.28658e+14	8.56e-13	4.25e-06	1.00e+00
 4.43982e+14	9.69e-13	4.56e-06	1.00e+00
 4.60350e+14	1.10e-12	4.92e-06	1.00e+00
 4.78794e+14	1.26e-12	5.33e-06	1.00e+00
 4.95872e+14	1.43e-12	5.73e-06	1.00e+00
 5.10656e+14	1.58e-12	6.09e-06	1.00e+00
 5.27007e+14	1.76e-12	6.49e-06	1.00e+00
 5.44170e+14	1.96e-12	6.94e-06	1.00e+00
 5.58796e+14	2.15e-12	7.32e-06	1.00e+00
 5.74216e+14	2.36e-12	7.75e-06	1.00e+00
 5.94261e+14	2.65e-12	8.31e-06	1.00e+00
 6.14955e+14	2.99e-12	8.94e-06	1.00e+00
 6.32122e+14	3.27e-12	9.45e-06	1.00e+00
 6.50068e+14	3.59e-12	1.00e-05	1.00e+00
 6.73397e+14	4.06e-12	1.08e-05	1.00e+00
 6.97899e+14	4.57e-12	1.16e-05	1.00e+00
 7.19026e+14	5.04e-12	1.23e-05	1.00e+00
 7.41589e+14	5.60e-12	1.32e-05	1.00e+00
 7.69445e+14	6.31e-12	1.42e-05	1.00e+00
 7.97835e+14	7.13e-12	1.53e-05	1.00e+00
 8.22958e+14	7.89e-12	1.63e-05	1.00e+00
 8.50175e+14	8.84e-12	1.75e-05	1.00e+00
 8.82885e+14	9.99e-12	1.89e-05	1.00e+00
 9.15481e+14	1.13e-11	2.04e-05	1.00e+00
 9.44903e+14	1.25e-11	2.18e-05	1.00e+00
 9.77452e+14	1.40e-11	2.34e-05	1.00e+00
 1.01578e+15	1.59e-11	2.54e-05	1.00e+00
 1.05366e+15	1.80e-11	2.74e-05	1.00e+00
 1.08911e+15	2.02e-11	2.94e-05	1.00e+00
 1.12876e+15	2.27e-11	3.17e-05	1.00e+00
 1.16661e+15	2.55e-11	3.41e-05	1.00e+00
 1.19443e+15	2.77e-11	3.58e-05	1.00e+00
 1.22229e+15	2.99e-11	3.76e-05	1.00e+00
 1.25850e+15	3.33e-11	4.01e-05	1.00e+00
 1.29774e+15	3.68e-11	4.28e-05	1.00e+00
 1.33323e+15	4.07e-11	4.55e-05	1.00e+00
 1.37168e+15	4.48e-11	4.84e-05	1.00e+00
 1.42129e+15	5.12e-11	5.24e-05	1.00e+00
 1.47109e+15	5.80e-11	5.65e-05	1.00e+00
 1.51118e+15	6.40e-11	6.00e-05	1.00e+00
 1.55300e+15	7.07e-11	6.37e-05	1.00e+00
 1.60737e+15	8.05e-11	6.88e-05	1.00e+00
 1.66529e+15	9.22e-11	7.46e-05	1.00e+00
 1.71627e+15	1.03e-10	7.98e-05	1.00e+00
 1.77095e+15	1.15e-10	8.55e-05	1.00e+00
 1.83791e+15	1.34e-10	9.32e-05	1.00e+00
 1.90519e+15	1.55e-10	1.01e-04	1.00e+00
 1.96452e+15	1.74e-10	1.08e-04	1.00e+00
 2.02913e+15	1.98e-10	1.17e-04	1.00e+00
 2.10699e+15	2.30e-10	1.27e-04	1.00e+00
 2.18472e+15	2.67e-10	1.38e-04	1.00e+00
 2.25486e+15	3.02e-10	1.49e-04	1.00e+00
 2.33244e+15	3.46e-10	1.61e-04	1.00e+00
 2.42384e+15	4.07e-10	1.76e-04	1.00e+00
 2.51432e+15	4.71e-10	1.91e-04	1.00e+00
 2.58595e+15	5.25e-10	2.04e-04	1.00e+00
 2.64089e+15	5.77e-10	2.14e-04	1.00e+00
 2.70128e+15	6.31e-10	2.25e-04	1.00e+00
 2.77979e+15	7.19e-10	2.41e-04	1.00e+00
 2.86467e+15	8.13e-10	2.58e-04	1.00e+00
 2.94084e+15	9.06e-10	2.74e-04	1.00e+00
 3.02285e+15	1.01e-09	2.91e-04	1.00e+00
 3.12947e+15	1.18e-09	3.16e-04	1.00e+00
 3.23738e+15	1.37e-09	3.42e-04	1.00e+00
 3.32450e+15	1.53e-09	3.63e-04	1.00e+00
 3.41528e+15	1.71e-09	3.86e-04	1.00e+00
 3.53328e+15	1.98e-09	4.17e-04	1.00e+00
 3.65893e+15	2.30e-09	4.51e-04	1.00e+00
 3.77025e+15	2.60e-09	4.83e-04	1.00e+00
 3.89068e+15	2.95e-09	5.19e-04	9.99e-01
 4.03794e+15	3.52e-09	5.65e-04	9.99e-01
 4.18658e+15	4.02e-09	6.13e-04	9.99e-01
 4.31955e+15	4.61e-09	6.58e-04	9.99e-01
 4.46562e+15	5.42e-09	7.10e-04	9.99e-01
 4.63916e+15	6.39e-09	7.75e-04	9.99e-01
 4.81091e+15	7.32e-09	8.40e-04	9.99e-01
 4.96887e+15	8.43e-09	9.04e-04	9.99e-01
 5.10530e+15	9.65e-09	9.61e-04	9.99e-01
 5.21962e+15	1.06e-08	1.01e-03	9.99e-01
 5.34634e+15	1.18e-08	1.07e-03	9.99e-01
 5.51109e+15	1.32e-08	1.14e-03	9.99e-01
 5.68383e+15	1.54e-08	1.23e-03	9.99e-01
 5.82951e+15	1.72e-08	1.30e-03	9.99e-01
 5.98143e+15	1.91e-08	1.38e-03	9.99e-01
 6.17892e+15	2.21e-08	1.48e-03	9.99e-01
 6.38304e+15	2.50e-08	1.59e-03	9.98e-01
 6.55370e+15	2.80e-08	1.69e-03	9.98e-01
 6.73350e+15	3.19e-08	1.80e-03	9.98e-01
 6.96723e+15	3.72e-08	1.95e-03	9.98e-01
 7.21009e+15	4.23e-08	2.10e-03	9.98e-01
 7.41660e+15	4.79e-08	2.25e-03	9.98e-01
 7.63685e+15	5.45e-08	2.41e-03	9.98e-01
 7.91658e+15	6.35e-08	2.61e-03	9.97e-01
 8.19547e+15	7.57e-08	2.84e-03	9.97e-01
 8.42868e+15	8.55e-08	3.03e-03	9.97e-01
 8.68065e+15	9.73e-08	3.25e-03	9.97e-01
 8.99954e+15	1.12e-07	3.54e-03	9.96e-01
 9.31884e+15	1.34e-07	3.85e-03	9.96e-01
 9.57701e+15	1.50e-07	4.11e-03	9.96e-01
 9.84233e+15	1.70e-07	4.40e-03	9.96e-01
 1.01872e+16	1.95e-07	4.79e-03	9.95e-01
 1.05134e+16	2.30e-07	5.19e-03	9.95e-01
 1.07382e+16	2.53e-07	5.48e-03	9.95e-01
 1.09533e+16	2.78e-07	5.77e-03	9.94e-01
 1.12330e+16	3.12e-07	6.18e-03	9.94e-01
 1.15346e+16	3.56e-07	6.64e-03	9.93e-01
 1.18068e+16	3.98e-07	7.07e-03	9.93e-01
 1.21027e+16	4.43e-07	7.58e-03	9.92e-01
 1.24360e+16	5.17e-07	8.22e-03	9.92e-01
 1.27374e+16	5.82e-07	8.81e-03	9.91e-01
 1.30486e+16	6.51e-07	9.48e-03	9.91e-01
 1.33862e+16	7.60e-07	1.03e-02	9.90e-01
 1.36834e+16	8.51e-07	1.10e-02	9.89e-01
 1.39950e+16	9.59e-07	1.19e-02	9.88e-01
 1.43372e+16	1.13e-06	1.30e-02	9.87e-01
 1.46425e+16	1.28e-06	1.41e-02	9.86e-01
 1.49088e+16	1.44e-06	1.51e-02	9.85e-01
 1.52008e+16	1.64e-06	1.64e-02	9.84e-01
 1.55148e+16	1.87e-06	1.79e-02	9.82e-01
 1.57925e+16	2.10e-06	1.94e-02	9.81e-01
 1.60469e+16	2.38e-06	2.09e-02	9.79e-01
 1.62977e+16	2.69e-06	2.27e-02	9.77e-01
 1.65460e+16	3.10e-06	2.46e-02	9.75e-01
 1.67839e+16	3.53e-06	2.67e-02	9.73e-01
 1.70119e+16	4.01e-06	2.90e-02	9.71e-01
 1.72289e+16	4.54e-06	3.14e-02	9.69e-01
 1.74308e+16	5.14e-06	3.40e-02	9.66e-01
 1.76264e+16	5.82e-06	3.69e-02	9.63e-01
 1.78210e+16	6.62e-06	4.02e-02	9.60e-01
 1.80133e+16	7.57e-06	4.39e-02	9.56e-01
 1.82001e+16	8.68e-06	4.81e-02	9.52e-01
 1.83807e+16	9.99e-06	5.28e-02	9.47e-01
 1.85574e+16	1.16e-05	5.82e-02	9.42e-01
 1.87273e+16	1.35e-05	6.42e-02	9.36e-01
 1.88864e+16	1.54e-05	7.07e-02	9.29e-01
 1.90640e+16	1.83e-05	7.95e-02	9.20e-01
 1.92451e+16	2.20e-05	9.02e-02	9.10e-01
 1.93868e+16	2.54e-05	1.00e-01	9.00e-01
 1.95074e+16	2.99e-05	1.11e-01	8.89e-01
 1.96120e+16	3.38e-05	1.20e-01	8.79e-01
 1.97156e+16	3.80e-05	1.32e-01	8.68e-01
 1.98502e+16	4.61e-05	1.50e-01	8.50e-01
 1.99747e+16	5.48e-05	1.69e-01	8.31e-01
 2.00611e+16	6.23e-05	1.84e-01	8.16e-01
 2.01268e+16	6.88e-05	1.97e-01	8.03e-01
 2.01815e+16	7.49e-05	2.09e-01	7.91e-01
 2.02435e+16	8.22e-05	2.24e-01	7.76e-01
 2.03241e+16	9.47e-05	2.46e-01	7.54e-01
 2.03976e+16	1.06e-04	2.67e-01	7.33e-01
 2.04520e+16	1.17e-04	2.84e-01	7.16e-01
 2.04999e+16	1.26e-04	3.00e-01	7.00e-01
 2.05489e+16	1.38e-04	3.18e-01	6.81e-01
 2.06125e+16	1.55e-04	3.44e-01	6.56e-01
 2.06748e+16	1.72e-04	3.69e-01	6.31e-01
 2.07243e+16	1.88e-04	3.91e-01	6.09e-01
 2.07777e+16	2.06e-04	4.16e-01	5.84e-01
 2.08381e+16	2.29e-04	4.45e-01	5.55e-01
 2.08950e+16	2.52e-04	4.74e-01	5.26e-01
 2.09563e+16	2.79e-04	5.06e-01	4.94e-01
 2.10228e+16	3.10e-04	5.41e-01	4.59e-01
 2.10835e+16	3.40e-04	5.72e-01	4.27e-01
 2.11499e+16	3.76e-04	6.07e-01	3.92e-01
 2.12237e+16	4.16e-04	6.45e-01	3.55e-01
 2.12937e+16	4.56e-04	6.79e-01	3.20e-01
 2.13713e+16	5.00e-04	7.15e-01	2.84e-01
 2.14722e+16	5.61e-04	7.58e-01	2.41e-01
 2.15762e+16	6.20e-04	7.96e-01	2.03e-01
 2.16664e+16	6.72e-04	8.25e-01	1.75e-01
 2.17655e+16	7.28e-04	8.52e-01	1.47e-01
 2.18591e+16	7.79e-04	8.73e-01	1.26e-01
 2.19250e+16	8.13e-04	8.86e-01	1.13e-01
 2.19903e+16	8.50e-04	8.98e-01	1.02e-01
 2.20751e+16	8.97e-04	9.11e-01	8.81e-02
 2.21680e+16	9.45e-04	9.23e-01	7.61e-02
 2.22522e+16	9.92e-04	9.32e-01	6.68e-02
 2.23427e+16	1.04e-03	9.41e-01	5.81e-02
 2.24411e+16	1.10e-03	9.49e-01	5.02e-02
 2.25284e+16	1.15e-03	9.54e-01	4.45e-02
 2.26019e+16	1.20e-03	9.59e-01	4.02e-02
 2.26787e+16	1.25e-03	9.63e-01	3.61e-02
 2.27624e+16	1.31e-03	9.66e-01	3.22e-02
 2.28364e+16	1.37e-03	9.69e-01	2.93e-02
 2.29020e+16	1.42e-03	9.72e-01	2.70e-02
 2.29755e+16	1.48e-03	9.74e-01	2.45e-02
 2.30552e+16	1.56e-03	9.76e-01	2.22e-02
 2.31249e+16	1.62e-03	9.78e-01	2.05e-02
 2.31845e+16	1.69e-03	9.79e-01	1.91e-02
 2.32492e+16	1.77e-03	9.81e-01	1.77e-02
 2.33216e+16	1.86e-03	9.82e-01	1.63e-02
 2.33869e+16	1.95e-03	9.83e-01	1.52e-02
 2.34422e+16	2.03e-03	9.84e-01	1.43e-02
 2.35018e+16	2.13e-03	9.85e-01	1.33e-02
 2.35681e+16	2.24e-03	9.85e-01	1.24e-02
 2.36278e+16	2.36e-03	9.86e-01	1.17e-02
 2.36785e+16	2.47e-03	9.86e-01	1.11e-02
 2.37332e+16	2.59e-03	9.87e-01	1.04e-02
 2.37942e+16	2.75e-03	9.87e-01	9.78e-03
 2.38492e+16	2.90e-03	9.88e-01	9.27e-03
 2.38963e+16	3.05e-03	9.88e-01	8.84e-03
 2.39473e+16	3.22e-03	9.88e-01	8.39e-03
 2.40039e+16	3.43e-03	9.89e-01	7.93e-03
 2.40551e+16	3.65e-03	9.89e-01	7.55e-03
 2.41003e+16	3.86e-03	9.89e-01	7.24e-03
 2.41503e+16	4.12e-03	9.89e-01	6.88e-03
 2.42056e+16	4.44e-03	9.89e-01	6.53e-03
 2.42557e+16	4.78e-03	9.89e-01	6.23e-03
 2.43008e+16	5.12e-03	9.89e-01	5.99e-03
 2.43512e+16	5.55e-03	9.89e-01	5.71e-03
 2.44071e+16	6.11e-03	9.88e-01	5.43e-03
 2.44568e+16	6.72e-03	9.88e-01	5.19e-03
 2.44984e+16	7.31e-03	9.88e-01	5.00e-03
 2.45429e+16	8.03e-03	9.87e-01	4.80e-03
 2.45888e+16	8.91e-03	9.86e-01	4.63e-03
 2.46246e+16	9.76e-03	9.86e-01	4.50e-03
 2.46530e+16	1.05e-02	9.85e-01	4.39e-03
 2.46835e+16	1.14e-02	9.84e-01	4.30e-03
 2.47233e+16	1.28e-02	9.83e-01	4.16e-03
 2.47619e+16	1.45e-02	9.81e-01	4.05e-03
 2.47887e+16	1.60e-02	9.80e-01	3.97e-03
 2.48089e+16	1.72e-02	9.79e-01	3.93e-03
 2.48309e+16	1.88e-02	9.77e-01	3.86e-03
 2.48595e+16	2.11e-02	9.75e-01	3.80e-03
 2.48891e+16	2.40e-02	9.72e-01	3.75e-03
 2.49123e+16	2.69e-02	9.69e-01	3.72e-03
 2.49307e+16	2.94e-02	9.67e-01	3.71e-03
 2.49505e+16	3.27e-02	9.64e-01	3.68e-03
 2.49728e+16	3.69e-02	9.59e-01	3.69e-03
 2.49933e+16	4.16e-02	9.55e-01	3.70e-03
 2.50109e+16	4.65e-02	9.50e-01	3.70e-03
 2.50266e+16	5.14e-02	9.45e-01	3.74e-03
 2.50435e+16	5.76e-02	9.39e-01	3.77e-03
 2.50611e+16	6.51e-02	9.31e-01	3.83e-03
 2.50766e+16	7.30e-02	9.23e-01	3.88e-03
 2.50902e+16	8.09e-02	9.15e-01	3.95e-03
 2.51030e+16	8.95e-02	9.06e-01	4.01e-03
 2.51153e+16	9.87e-02	8.97e-01	4.09e-03
 2.51268e+16	1.09e-01	8.87e-01	4.16e-03
 2.51372e+16	1.18e-01	8.77e-01	4.24e-03
 2.51452e+16	1.27e-01	8.69e-01	4.31e-03
 2.51503e+16	1.32e-01	8.63e-01	4.35e-03
 2.51549e+16	1.38e-01	8.58e-01	4.38e-03
 2.51603e+16	1.45e-01	8.51e-01	4.43e-03
 2.51663e+16	1.52e-01	8.43e-01	4.48e-03
 2.51720e+16	1.60e-01	8.35e-01	4.53e-03
 2.51774e+16	1.68e-01	8.27e-01	4.59e-03
 2.51827e+16	1.77e-01	8.19e-01	4.63e-03
 2.51881e+16	1.85e-01	8.10e-01	4.70e-03
 2.51934e+16	1.95e-01	8.01e-01	4.75e-03
 2.51987e+16	2.04e-01	7.91e-01	4.80e-03
 2.52039e+16	2.14e-01	7.81e-01	4.85e-03
 2.52090e+16	2.24e-01	7.71e-01	4.91e-03
 2.52141e+16	2.36e-01	7.59e-01	4.95e-03
 2.52192e+16	2.47e-01	7.48e-01	5.01e-03
 2.52242e+16	2.58e-01	7.36e-01	5.06e-03
 2.52293e+16	2.71e-01	7.24e-01	5.10e-03
 2.52342e+16	2.83e-01	7.11e-01	5.15e-03
 2.52390e+16	2.96e-01	6.99e-01	5.20e-03
 2.52439e+16	3.10e-01	6.85e-01	5.23e-03
 2.52487e+16	3.24e-01	6.71e-01	5.28e-03
 2.52535e+16	3.38e-01	6.56e-01	5.30e-03
 2.52583e+16	3.53e-01	6.42e-01	5.34e-03
 2.52630e+16	3.68e-01	6.27e-01	5.37e-03
 2.52677e+16	3.84e-01	6.11e-01	5.39e-03
 2.52724e+16	3.99e-01	5.95e-01	5.41e-03
 2.52769e+16	4.15e-01	5.79e-01	5.42e-03
 2.52816e+16	4.32e-01	5.63e-01	5.43e-03
 2.52862e+16	4.48e-01	5.46e-01	5.44e-03
 2.52908e+16	4.66e-01	5.29e-01	5.43e-03
 2.52953e+16	4.82e-01	5.12e-01	5.43e-03
 2.52997e+16	4.99e-01	4.96e-01	5.41e-03
 2.53040e+16	5.16e-01	4.79e-01	5.39e-03
 2.53083e+16	5.32e-01	4.62e-01	5.36e-03
 2.53125e+16	5.49e-01	4.46e-01	5.32e-03
 2.53168e+16	5.65e-01	4.30e-01	5.29e-03
 2.53209e+16	5.81e-01	4.14e-01	5.24e-03
 2.53250e+16	5.97e-01	3.98e-01	5.19e-03
 2.53291e+16	6.12e-01	3.82e-01	5.12e-03
 2.53333e+16	6.28e-01	3.67e-01	5.06e-03
 2.53374e+16	6.43e-01	3.52e-01	4.98e-03
 2.53415e+16	6.58e-01	3.37e-01	4.90e-03
 2.53456e+16	6.73e-01	3.23e-01	4.81e-03
 2.53498e+16	6.87e-01	3.08e-01	4.72e-03
 2.53540e+16	7.01e-01	2.95e-01	4.62e-03
 2.53582e+16	7.14e-01	2.81e-01	4.52e-03
 2.53625e+16	7.28e-01	2.68e-01	4.41e-03
 2.53669e+16	7.41e-01	2.55e-01	4.29e-03
 2.53714e+16	7.53e-01	2.43e-01	4.17e-03
 2.53761e+16	7.65e-01	2.30e-01	4.05e-03
 2.53809e+16	7.77e-01	2.19e-01	3.92e-03
 2.53858e+16	7.89e-01	2.07e-01	3.79e-03
 2.53911e+16	8.00e-01	1.96e-01	3.65e-03
 2.53966e+16	8.11e-01	1.85e-01	3.51e-03
 2.54015e+16	8.20e-01	1.77e-01	3.40e-03
 2.54052e+16	8.26e-01	1.71e-01	3.31e-03
 2.54089e+16	8.32e-01	1.65e-01	3.22e-03
 2.54132e+16	8.38e-01	1.59e-01	3.13e-03
 2.54176e+16	8.43e-01	1.54e-01	3.04e-03
 2.54221e+16	8.49e-01	1.48e-01	2.96e-03
 2.54267e+16	8.54e-01	1.44e-01	2.88e-03
 2.54314e+16	8.58e-01	1.39e-01	2.80e-03
 2.54365e+16	8.62e-01	1.35e-01	2.72e-03
 2.54419e+16	8.66e-01	1.31e-01	2.66e-03
 2.54478e+16	8.71e-01	1.27e-01	2.58e-03
 2.54542e+16	8.74e-01	1.23e-01	2.52e-03
 2.54609e+16	8.77e-01	1.20e-01	2.45e-03
 2.54685e+16	8.80e-01	1.17e-01	2.39e-03
 2.54770e+16	8.83e-01	1.14e-01	2.32e-03
 2.54863e+16	8.86e-01	1.12e-01	2.26e-03
 2.54967e+16	8.88e-01	1.09e-01	2.21e-03
 2.55086e+16	8.91e-01	1.07e-01	2.15e-03
 2.55227e+16	8.93e-01	1.05e-01	2.09e-03
 2.55390e+16	8.95e-01	1.03e-01	2.04e-03
 2.55575e+16	8.96e-01	1.02e-01	1.98e-03
 2.55781e+16	8.98e-01	9.99e-02	1.92e-03
 2.56005e+16	9.00e-01	9.83e-02	1.86e-03
 2.56242e+16	9.02e-01	9.67e-02	1.80e-03
 2.56490e+16	9.03e-01	9.51e-02	1.74e-03
 2.56741e+16	9.05e-01	9.36e-02	1.68e-03
 2.56996e+16	9.06e-01	9.21e-02	1.62e-03
 2.57257e+16	9.08e-01	9.06e-02	1.57e-03
 2.57526e+16	9.09e-01	8.90e-02	1.51e-03
 2.57805e+16	9.11e-01	8.75e-02	1.46e-03
 2.58098e+16	9.13e-01	8.59e-02	1.40e-03
 2.58407e+16	9.14e-01	8.43e-02	1.35e-03
 2.58735e+16	9.16e-01	8.25e-02	1.29e-03
 2.59087e+16	9.18e-01	8.08e-02	1.23e-03
 2.59475e+16	9.20e-01	7.88e-02	1.17e-03
 2.59917e+16	9.22e-01	7.67e-02	1.10e-03
 2.60406e+16	9.25e-01	7.44e-02	1.03e-03
 2.60895e+16	9.27e-01	7.22e-02	9.72e-04
 2.61357e+16	9.29e-01	7.02e-02	9.16e-04
 2.61791e+16	9.31e-01	6.84e-02	8.67e-04
 2.62185e+16	9.32e-01	6.68e-02	8.24e-04
 2.62544e+16	9.34e-01	6.53e-02	7.87e-04
 2.62871e+16	9.35e-01	6.41e-02	7.55e-04
 2.63168e+16	9.36e-01	6.29e-02	7.27e-04
 2.63439e+16	9.37e-01	6.19e-02	7.01e-04
 2.63685e+16	9.38e-01	6.10e-02	6.80e-04
 2.63955e+16	9.39e-01	6.00e-02	6.57e-04
 2.64246e+16	9.40e-01	5.89e-02	6.32e-04
 2.64511e+16	9.41e-01	5.79e-02	6.11e-04
 2.64752e+16	9.42e-01	5.70e-02	5.91e-04
 2.65017e+16	9.43e-01	5.61e-02	5.71e-04
 2.65302e+16	9.44e-01	5.51e-02	5.50e-04
 2.65562e+16	9.45e-01	5.42e-02	5.30e-04
 2.65798e+16	9.46e-01	5.34e-02	5.14e-04
 2.66057e+16	9.47e-01	5.25e-02	4.95e-04
 2.66336e+16	9.48e-01	5.15e-02	4.77e-04
 2.66591e+16	9.49e-01	5.07e-02	4.61e-04
 2.66822e+16	9.50e-01	4.99e-02	4.47e-04
 2.67033e+16	9.50e-01	4.92e-02	4.34e-04
 2.67263e+16	9.51e-01	4.85e-02	4.20e-04
 2.67513e+16	9.52e-01	4.77e-02	4.06e-04
 2.67739e+16	9.53e-01	4.70e-02	3.93e-04
 2.67946e+16	9.53e-01	4.63e-02	3.82e-04
 2.68134e+16	9.54e-01	4.57e-02	3.71e-04
 2.68304e+16	9.54e-01	4.52e-02	3.63e-04
 2.68492e+16	9.55e-01	4.46e-02	3.53e-04
 2.68694e+16	9.56e-01	4.40e-02	3.43e-04
 2.68878e+16	9.56e-01	4.34e-02	3.34e-04
 2.69079e+16	9.57e-01	4.28e-02	3.24e-04
 2.69297e+16	9.58e-01	4.21e-02	3.14e-04
 2.69495e+16	9.58e-01	4.16e-02	3.05e-04
 2.69675e+16	9.59e-01	4.10e-02	2.97e-04
 2.69873e+16	9.59e-01	4.04e-02	2.88e-04
 2.70086e+16	9.60e-01	3.98e-02	2.80e-04
 2.70280e+16	9.60e-01	3.93e-02	2.72e-04
 2.70456e+16	9.61e-01	3.88e-02	2.65e-04
 2.70650e+16	9.61e-01	3.83e-02	2.57e-04
 2.70859e+16	9.62e-01	3.77e-02	2.50e-04
 2.71049e+16	9.63e-01	3.72e-02	2.43e-04
 2.71222e+16	9.63e-01	3.67e-02	2.37e-04
 2.71411e+16	9.64e-01	3.62e-02	2.30e-04
 2.71616e+16	9.64e-01	3.57e-02	2.24e-04
 2.71802e+16	9.65e-01	3.52e-02	2.18e-04
 2.72006e+16	9.65e-01	3.47e-02	2.11e-04
 2.72226e+16	9.66e-01	3.42e-02	2.05e-04
 2.72427e+16	9.66e-01	3.37e-02	1.99e-04
 2.72609e+16	9.67e-01	3.33e-02	1.94e-04
 2.72809e+16	9.67e-01	3.28e-02	1.88e-04
 2.73025e+16	9.68e-01	3.23e-02	1.83e-04
 2.73221e+16	9.68e-01	3.19e-02	1.78e-04
 2.73436e+16	9.68e-01	3.14e-02	1.72e-04
 2.73668e+16	9.69e-01	3.09e-02	1.67e-04
 2.73880e+16	9.69e-01	3.05e-02	1.62e-04
 2.74111e+16	9.70e-01	3.00e-02	1.57e-04
 2.74361e+16	9.70e-01	2.95e-02	1.52e-04
 2.74589e+16	9.71e-01	2.90e-02	1.48e-04
 2.74796e+16	9.71e-01	2.86e-02	1.44e-04
 2.75023e+16	9.72e-01	2.82e-02	1.39e-04
 2.75268e+16	9.72e-01	2.77e-02	1.35e-04
 2.75491e+16	9.73e-01	2.74e-02	1.31e-04
 2.75735e+16	9.73e-01	2.69e-02	1.27e-04
 2.75999e+16	9.73e-01	2.64e-02	1.23e-04
 2.76239e+16	9.74e-01	2.60e-02	1.19e-04
 2.76457e+16	9.74e-01	2.57e-02	1.16e-04
 2.76696e+16	9.75e-01	2.53e-02	1.12e-04
 2.76955e+16	9.75e-01	2.49e-02	1.08e-04
 2.77190e+16	9.75e-01	2.45e-02	1.05e-04
 2.77447e+16	9.76e-01	2.41e-02	1.02e-04
 2.77726e+16	9.76e-01	2.37e-02	9.84e-05
 2.77979e+16	9.77e-01	2.33e-02	9.55e-05
 2.78256e+16	9.77e-01	2.29e-02	9.21e-05
 2.78555e+16	9.77e-01	2.25e-02	8.89e-05
 2.78828e+16	9.78e-01	2.21e-02	8.61e-05
 2.79076e+16	9.78e-01	2.18e-02	8.36e-05
 2.79347e+16	9.78e-01	2.14e-02	8.08e-05
 2.79641e+16	9.79e-01	2.11e-02	7.81e-05
 2.79908e+16	9.79e-01	2.07e-02	7.57e-05
 2.80200e+16	9.80e-01	2.04e-02	7.30e-05
 2.80516e+16	9.80e-01	2.00e-02	7.05e-05
 2.80803e+16	9.80e-01	1.97e-02	6.82e-05
 2.81118e+16	9.81e-01	1.93e-02	6.57e-05
 2.81458e+16	9.81e-01	1.89e-02	6.32e-05
 2.81767e+16	9.81e-01	1.86e-02	6.11e-05
 2.82106e+16	9.82e-01	1.82e-02	5.87e-05
 2.82472e+16	9.82e-01	1.79e-02	5.64e-05
 2.82805e+16	9.82e-01	1.76e-02	5.45e-05
 2.83108e+16	9.83e-01	1.73e-02	5.27e-05
 2.83440e+16	9.83e-01	1.70e-02	5.08e-05
 2.83799e+16	9.83e-01	1.66e-02	4.89e-05
 2.84125e+16	9.84e-01	1.63e-02	4.72e-05
 2.84482e+16	9.84e-01	1.60e-02	4.54e-05
 2.84868e+16	9.84e-01	1.57e-02	4.36e-05
 2.85219e+16	9.85e-01	1.54e-02	4.21e-05
 2.85604e+16	9.85e-01	1.51e-02	4.04e-05
 2.86020e+16	9.85e-01	1.48e-02	3.87e-05
 2.86398e+16	9.85e-01	1.45e-02	3.73e-05
 2.86812e+16	9.86e-01	1.42e-02	3.57e-05
 2.87259e+16	9.86e-01	1.39e-02	3.42e-05
 2.87666e+16	9.86e-01	1.36e-02	3.29e-05
 2.88112e+16	9.87e-01	1.33e-02	3.14e-05
 2.88594e+16	9.87e-01	1.30e-02	3.00e-05
 2.89032e+16	9.87e-01	1.27e-02	2.88e-05
 2.89512e+16	9.88e-01	1.24e-02	2.74e-05
 2.90030e+16	9.88e-01	1.21e-02	2.61e-05
 2.90502e+16	9.88e-01	1.18e-02	2.50e-05
 2.90931e+16	9.88e-01	1.16e-02	2.41e-05
 2.91401e+16	9.89e-01	1.13e-02	2.30e-05
 2.91909e+16	9.89e-01	1.11e-02	2.20e-05
 2.92371e+16	9.89e-01	1.09e-02	2.11e-05
 2.92878e+16	9.89e-01	1.06e-02	2.01e-05
 2.93424e+16	9.90e-01	1.03e-02	1.92e-05
 2.93922e+16	9.90e-01	1.01e-02	1.84e-05
 2.94467e+16	9.90e-01	9.87e-03	1.75e-05
 2.95055e+16	9.90e-01	9.62e-03	1.66e-05
 2.95591e+16	9.91e-01	9.41e-03	1.59e-05
 2.96177e+16	9.91e-01	9.16e-03	1.51e-05
 2.96811e+16	9.91e-01	8.92e-03	1.43e-05
 2.97387e+16	9.91e-01	8.71e-03	1.37e-05
 2.98019e+16	9.92e-01	8.48e-03	1.30e-05
 2.98701e+16	9.92e-01	8.24e-03	1.23e-05
 2.99322e+16	9.92e-01	8.04e-03	1.17e-05
 3.00002e+16	9.92e-01	7.81e-03	1.10e-05
 3.00736e+16	9.92e-01	7.59e-03	1.04e-05
 3.01404e+16	9.93e-01	7.39e-03	9.89e-06
 3.02136e+16	9.93e-01	7.17e-03	9.31e-06
 3.02926e+16	9.93e-01	6.95e-03	8.77e-06
 3.03792e+16	9.93e-01	6.71e-03	8.18e-06
 3.04844e+16	9.94e-01	6.44e-03	7.54e-06
 3.05983e+16	9.94e-01	6.17e-03	6.92e-06
 3.07158e+16	9.94e-01	5.90e-03	6.34e-06
 3.08381e+16	9.94e-01	5.64e-03	5.80e-06
 3.09653e+16	9.95e-01	5.38e-03	5.29e-06
 3.10971e+16	9.95e-01	5.13e-03	4.82e-06
 3.12330e+16	9.95e-01	4.89e-03	4.38e-06
 3.13715e+16	9.95e-01	4.66e-03	3.98e-06
 3.15122e+16	9.96e-01	4.44e-03	3.61e-06
 3.16553e+16	9.96e-01	4.22e-03	3.28e-06
 3.18012e+16	9.96e-01	4.02e-03	2.98e-06
 3.19500e+16	9.96e-01	3.83e-03	2.70e-06
 3.21014e+16	9.96e-01	3.64e-03	2.44e-06
 3.22556e+16	9.97e-01	3.46e-03	2.21e-06
 3.24125e+16	9.97e-01	3.29e-03	2.00e-06
 3.25723e+16	9.97e-01	3.12e-03	1.81e-06
 3.27349e+16	9.97e-01	2.97e-03	1.63e-06
 3.28978e+16	9.97e-01	2.82e-03	1.48e-06
 3.30631e+16	9.97e-01	2.68e-03	1.33e-06
 3.32350e+16	9.97e-01	2.54e-03	1.20e-06
 3.34107e+16	9.98e-01	2.41e-03	1.08e-06
 3.35889e+16	9.98e-01	2.28e-03	9.72e-07
 3.37700e+16	9.98e-01	2.16e-03	8.73e-07
 3.39546e+16	9.98e-01	2.05e-03	7.83e-07
 3.41429e+16	9.98e-01	1.94e-03	7.01e-07
 3.43348e+16	9.98e-01	1.83e-03	6.27e-07
 3.45304e+16	9.98e-01	1.73e-03	5.61e-07
 3.47299e+16	9.98e-01	1.63e-03	5.00e-07
 3.49335e+16	9.98e-01	1.54e-03	4.46e-07
 3.51412e+16	9.99e-01	1.45e-03	3.97e-07
 3.53532e+16	9.99e-01	1.37e-03	3.52e-07
 3.55698e+16	9.99e-01	1.29e-03	3.12e-07
 3.57911e+16	9.99e-01	1.21e-03	2.76e-07
 3.60172e+16	9.99e-01	1.14e-03	2.44e-07
 3.62485e+16	9.99e-01	1.07e-03	2.15e-07
 3.64852e+16	9.99e-01	1.00e-03	1.89e-07
 3.67277e+16	9.99e-01	9.38e-04	1.66e-07
 3.69761e+16	9.99e-01	8.77e-04	1.45e-07
 3.72308e+16	9.99e-01	8.19e-04	1.27e-07
 3.74923e+16	9.99e-01	7.64e-04	1.10e-07
 3.77611e+16	9.99e-01	7.12e-04	9.60e-08
 3.80336e+16	9.99e-01	6.63e-04	8.32e-08
 3.83114e+16	9.99e-01	6.17e-04	7.20e-08
 3.86029e+16	9.99e-01	5.71e-04	6.18e-08
 3.89081e+16	9.99e-01	5.28e-04	5.28e-08
 3.92233e+16	1.00e+00	4.86e-04	4.48e-08
 3.95488e+16	1.00e+00	4.47e-04	3.79e-08
 3.98868e+16	1.00e+00	4.10e-04	3.19e-08
 4.02392e+16	1.00e+00	3.75e-04	2.67e-08
 4.06074e+16	1.00e+00	3.42e-04	2.21e-08
 4.09930e+16	1.00e+00	3.10e-04	1.82e-08
 4.13993e+16	1.00e+00	2.80e-04	1.48e-08
 4.18286e+16	1.00e+00	2.51e-04	1.19e-08
 4.22824e+16	1.00e+00	2.24e-04	9.50e-09
 4.27687e+16	1.00e+00	1.99e-04	7.45e-09
 4.32919e+16	1.00e+00	1.74e-04	5.74e-09
 4.38541e+16	1.00e+00	1.52e-04	4.35e-09
 4.44652e+16	1.00e+00	1.31e-04	3.21e-09
 4.51391e+16	1.00e+00	1.11e-04	2.31e-09
 4.58925e+16	1.00e+00	9.20e-05	1.59e-09
 4.67711e+16	1.00e+00	7.42e-05	1.04e-09
 4.77848e+16	1.00e+00	5.83e-05	6.39e-10
 4.88578e+16	1.00e+00	4.53e-05	3.86e-10
 4.99172e+16	1.00e+00	3.54e-05	2.37e-10
 5.09553e+16	1.00e+00	2.79e-05	1.48e-10
 5.20005e+16	1.00e+00	2.20e-05	9.20e-11
 5.30660e+16	1.00e+00	1.73e-05	5.73e-11
 5.41533e+16	1.00e+00	1.36e-05	3.56e-11
 5.52596e+16	1.00e+00	1.07e-05	2.21e-11
 5.63827e+16	1.00e+00	8.43e-06	1.37e-11
 5.75300e+16	1.00e+00	6.62e-06	8.51e-12
 5.87039e+16	1.00e+00	5.20e-06	5.27e-12
 5.99079e+16	1.00e+00	4.08e-06	3.26e-12
 6.11493e+16	1.00e+00	3.20e-06	2.01e-12
 6.24328e+16	1.00e+00	2.50e-06	1.23e-12
 6.37577e+16	1.00e+00	1.94e-06	7.47e-13
 6.51235e+16	1.00e+00	1.51e-06	4.52e-13
 6.65319e+16	1.00e+00	1.17e-06	2.73e-13
 6.79934e+16	1.00e+00	9.03e-07	1.63e-13
 6.95211e+16	1.00e+00	6.93e-07	9.64e-14
 7.11235e+16	1.00e+00	5.29e-07	5.62e-14
 7.28095e+16	1.00e+00	4.01e-07	3.24e-14
 7.45926e+16	1.00e+00	3.01e-07	1.83e-14
 7.64919e+16	1.00e+00	2.24e-07	1.01e-14
 7.85322e+16	1.00e+00	1.64e-07	5.45e-15
 8.07459e+16	1.00e+00	1.18e-07	2.83e-15
 8.31634e+16	1.00e+00	8.33e-08	1.41e-15
 8.57329e+16	1.00e+00	5.83e-08	6.94e-16
 8.83516e+16	1.00e+00	4.10e-08	3.44e-16
 9.09946e+16	1.00e+00	2.91e-08	1.73e-16
 9.36877e+16	1.00e+00	2.06e-08	8.75e-17
 9.64419e+16	1.00e+00	1.47e-08	4.44e-17
 9.92460e+16	1.00e+00	1.05e-08	2.27e-17
 1.02080e+17	1.00e+00	7.53e-09	1.17e-17
 1.04922e+17	1.00e+00	5.45e-09	6.14e-18
 1.07764e+17	1.00e+00	3.98e-09	3.27e-18
 1.10635e+17	1.00e+00	2.91e-09	1.75e-18
 1.13546e+17	1.00e+00	2.14e-09	9.48e-19
 1.16459e+17	1.00e+00	1.58e-09	5.20e-19
 1.19342e+17	1.00e+00	1.18e-09	2.90e-19
 1.22183e+17	1.00e+00	8.93e-10	1.66e-19
 1.24980e+17	1.00e+00	6.82e-10	9.66e-20
 1.27720e+17	1.00e+00	5.26e-10	5.75e-20
 1.30392e+17	1.00e+00	4.10e-10	3.50e-20
 1.32986e+17	1.00e+00	3.24e-10	2.18e-20
 1.35494e+17	1.00e+00	2.59e-10	1.39e-20
 1.37909e+17	1.00e+00	2.09e-10	9.13e-21
 1.40228e+17	1.00e+00	1.71e-10	0.00e+00
 1.42450e+17	1.00e+00	1.42e-10	0.00e+00
 1.44573e+17	1.00e+00	1.19e-10	0.00e+00
 1.46597e+17	1.00e+00	1.00e-10	0.00e+00
 1.48524e+17	1.00e+00	8.59e-11	0.00e+00
 1.50357e+17	1.00e+00	7.43e-11	0.00e+00
 1.52097e+17	1.00e+00	6.48e-11	0.00e+00
 1.53749e+17	1.00e+00	5.70e-11	0.00e+00
 1.55316e+17	1.00e+00	5.06e-11	0.00e+00
 1.56801e+17	1.00e+00	4.53e-11	0.00e+00
 1.58210e+17	1.00e+00	4.08e-11	0.00e+00
 1.59545e+17	1.00e+00	3.71e-11	0.00e+00
 1.60810e+17	1.00e+00	3.38e-11	0.00e+00
 1.62010e+17	1.00e+00	3.11e-11	0.00e+00
 1.63148e+17	1.00e+00	2.87e-11	0.00e+00
 1.64226e+17	1.00e+00	2.67e-11	0.00e+00
 1.65248e+17	1.00e+00	2.49e-11	0.00e+00
 1.66216e+17	1.00e+00	2.33e-11	0.00e+00
 1.67136e+17	1.00e+00	2.20e-11	0.00e+00
 1.68008e+17	1.00e+00	2.08e-11	0.00e+00
 1.68837e+17	1.00e+00	1.97e-11	0.00e+00
 1.69624e+17	1.00e+00	1.87e-11	0.00e+00
 1.70371e+17	1.00e+00	1.79e-11	0.00e+00
 1.71081e+17	1.00e+00	1.72e-11	0.00e+00
 1.71756e+17	1.00e+00	1.64e-11	0.00e+00
 1.72398e+17	1.00e+00	1.58e-11	0.00e+00
 1.73010e+17	1.00e+00	1.53e-11	0.00e+00
 1.73592e+17	1.00e+00	1.48e-11	0.00e+00
 1.74146e+17	1.00e+00	1.43e-11	0.00e+00
 1.74675e+17	1.00e+00	1.39e-11	0.00e+00
 1.75179e+17	1.00e+00	1.35e-11	0.00e+00
 1.75660e+17	1.00e+00	1.31e-11	0.00e+00
 1.76120e+17	1.00e+00	1.28e-11	0.00e+00
 1.76560e+17	1.00e+00	1.25e-11	0.00e+00
 1.76981e+17	1.00e+00	1.22e-11	0.00e+00
 1.77384e+17	1.00e+00	1.20e-11	0.00e+00
 1.77771e+17	1.00e+00	1.17e-11	0.00e+00
 1.78142e+17	1.00e+00	1.15e-11	0.00e+00
 1.78499e+17	1.00e+00	1.13e-11	0.00e+00
 1.78844e+17	1.00e+00	1.11e-11	0.00e+00
 1.79176e+17	1.00e+00	1.09e-11	0.00e+00
 1.79497e+17	1.00e+00	1.07e-11	0.00e+00
 1.79807e+17	1.00e+00	1.05e-11	0.00e+00
 1.80109e+17	1.00e+00	1.04e-11	0.00e+00
 1.80403e+17	1.00e+00	1.02e-11	0.00e+00
 1.80690e+17	1.00e+00	1.01e-11	0.00e+00
 1.80971e+17	1.00e+00	9.96e-12	0.00e+00
 1.81247e+17	1.00e+00	9.83e-12	0.00e+00
 1.81519e+17	1.00e+00	9.70e-12	0.00e+00
 1.81789e+17	1.00e+00	9.57e-12	0.00e+00
 1.82058e+17	1.00e+00	9.45e-12	0.00e+00
 1.82328e+17	1.00e+00	9.33e-12	0.00e+00
 1.82600e+17	1.00e+00	9.22e-12	0.00e+00
 1.82876e+17	1.00e+00	9.09e-12	0.00e+00
 1.83159e+17	1.00e+00	8.97e-12	0.00e+00
 1.83452e+17	1.00e+00	8.85e-12	0.00e+00
 1.83758e+17	1.00e+00	8.73e-12	0.00e+00
 1.84082e+17	1.00e+00	8.60e-12	0.00e+00
 1.84430e+17	1.00e+00	8.47e-12	0.00e+00
 1.84810e+17	1.00e+00	8.32e-12	0.00e+00
 1.85234e+17	1.00e+00	8.16e-12	0.00e+00
 1.85716e+17	1.00e+00	7.98e-12	0.00e+00
 1.86280e+17	1.00e+00	7.78e-12	0.00e+00
 1.86959e+17	1.00e+00	7.55e-12	0.00e+00
 1.87807e+17	1.00e+00	7.26e-12	0.00e+00
 1.88898e+17	1.00e+00	6.92e-12	0.00e+00
 1.90316e+17	1.00e+00	6.49e-12	0.00e+00
 1.92159e+17	1.00e+00	5.98e-12	0.00e+00
 1.94555e+17	1.00e+00	5.39e-12	0.00e+00
 1.97670e+17	1.00e+00	4.73e-12	0.00e+00
 2.01719e+17	1.00e+00	4.01e-12	0.00e+00
 2.06984e+17	1.00e+00	3.26e-12	0.00e+00
 2.13091e+17	1.00e+00	2.57e-12	0.00e+00
 2.19447e+17	1.00e+00	2.16e-12	0.00e+00
 2.25956e+17	1.00e+00	1.91e-12	0.00e+00
 2.32559e+17	1.00e+00	1.75e-12	0.00e+00
 2.39193e+17	1.00e+00	1.63e-12	0.00e+00
 2.45827e+17	1.00e+00	1.55e-12	0.00e+00
 2.53457e+17	1.00e+00	1.48e-12	0.00e+00
 2.62925e+17	1.00e+00	1.18e-12	0.00e+00
 2.73442e+17	1.00e+00	9.18e-13	0.00e+00
 2.84379e+17	1.00e+00	8.09e-13	0.00e+00
 2.95755e+17	1.00e+00	7.24e-13	0.00e+00
 3.07585e+17	1.00e+00	6.47e-13	0.00e+00
 3.19888e+17	1.00e+00	5.74e-13	0.00e+00
 3.32684e+17	1.00e+00	5.05e-13	0.00e+00
 3.45991e+17	1.00e+00	4.39e-13	0.00e+00
 3.59831e+17	1.00e+00	3.77e-13	0.00e+00
 3.73578e+17	1.00e+00	3.19e-13	0.00e+00
 3.86135e+17	1.00e+00	3.12e-13	0.00e+00
 3.97095e+17	1.00e+00	3.40e-13	0.00e+00
 4.06922e+17	1.00e+00	3.67e-13	0.00e+00
 4.16317e+17	1.00e+00	3.64e-13	0.00e+00
 4.25522e+17	1.00e+00	3.35e-13	0.00e+00
 4.34155e+17	1.00e+00	3.06e-13	0.00e+00
 4.41666e+17	1.00e+00	2.94e-13	0.00e+00
 4.47331e+17	1.00e+00	2.94e-13	0.00e+00
 4.50768e+17	1.00e+00	3.18e-13	0.00e+00
 4.52614e+17	1.00e+00	3.40e-13	0.00e+00
 4.53659e+17	1.00e+00	3.53e-13	0.00e+00
 4.54286e+17	1.00e+00	3.60e-13	0.00e+00
 4.54700e+17	1.00e+00	3.64e-13	0.00e+00
 4.55077e+17	1.00e+00	3.67e-13	0.00e+00
 4.55511e+17	1.00e+00	3.70e-13	0.00e+00
 4.56001e+17	1.00e+00	3.72e-13	0.00e+00
 4.56463e+17	1.00e+00	3.73e-13	0.00e+00
 4.56828e+17	1.00e+00	3.74e-13	0.00e+00
 4.57128e+17	1.00e+00	3.75e-13	0.00e+00
 4.57422e+17	1.00e+00	3.75e-13	0.00e+00
 4.57748e+17	1.00e+00	3.75e-13	0.00e+00
 4.58090e+17	1.00e+00	3.75e-13	0.00e+00
 4.58372e+17	1.00e+00	3.75e-13	0.00e+00
 4.58586e+17	1.00e+00	3.74e-13	0.00e+00
 4.58796e+17	1.00e+00	3.74e-13	0.00e+00
 4.59041e+17	1.00e+00	3.73e-13	0.00e+00
 4.59300e+17	1.00e+00	3.73e-13	0.00e+00
 4.59529e+17	1.00e+00	3.72e-13	0.00e+00
 4.59725e+17	1.00e+00	3.71e-13	0.00e+00
 4.59907e+17	1.00e+00	3.70e-13	0.00e+00
 4.60084e+17	1.00e+00	3.70e-13	0.00e+00
 4.60267e+17	1.00e+00	3.69e-13	0.00e+00
 4.60455e+17	1.00e+00	3.68e-13	0.00e+00
 4.60640e+17	1.00e+00	3.67e-13	0.00e+00
 4.60808e+17	1.00e+00	3.66e-13	0.00e+00
 4.60961e+17	1.00e+00	3.65e-13	0.00e+00
 4.61116e+17	1.00e+00	3.64e-13	0.00e+00
 4.61275e+17	1.00e+00	3.63e-13	0.00e+00
 4.61436e+17	1.00e+00	3.62e-13	0.00e+00
 4.61589e+17	1.00e+00	3.61e-13	0.00e+00
 4.61737e+17	1.00e+00	3.60e-13	0.00e+00
 4.61888e+17	1.00e+00	3.59e-13	0.00e+00
 4.62039e+17	1.00e+00	3.57e-13	0.00e+00
 4.62192e+17	1.00e+00	3.56e-13	0.00e+00
 4.62344e+17	1.00e+00	3.55e-13	0.00e+00
 4.62489e+17	1.00e+00	3.54e-13	0.00e+00
 4.62630e+17	1.00e+00	3.52e-13	0.00e+00
 4.62775e+17	1.00e+00	3.51e-13	0.00e+00
 4.62936e+17	1.00e+00	3.50e-13	0.00e+00
 4.63105e+17	1.00e+00	3.48e-13	0.00e+00
 4.63259e+17	1.00e+00	3.46e-13	0.00e+00
 4.63409e+17	1.00e+00	3.45e-13	0.00e+00
 4.63568e+17	1.00e+00	3.43e-13	0.00e+00
 4.63736e+17	1.00e+00	3.42e-13	0.00e+00
 4.63923e+17	1.00e+00	3.40e-13	0.00e+00
 4.64118e+17	1.00e+00	3.37e-13	0.00e+00
 4.64293e+17	1.00e+00	3.35e-13	0.00e+00
 4.64451e+17	1.00e+00	3.34e-13	0.00e+00
 4.64623e+17	1.00e+00	3.32e-13	0.00e+00
 4.64817e+17	1.00e+00	3.30e-13	0.00e+00
 4.65019e+17	1.00e+00	3.27e-13	0.00e+00
 4.65216e+17	1.00e+00	3.25e-13	0.00e+00
 4.65418e+17	1.00e+00	3.23e-13	0.00e+00
 4.65640e+17	1.00e+00	3.20e-13	0.00e+00
 4.65862e+17	1.00e+00	3.17e-13	0.00e+00
 4.66079e+17	1.00e+00	3.14e-13	0.00e+00
 4.66295e+17	1.00e+00	3.12e-13	0.00e+00
 4.66520e+17	1.00e+00	3.09e-13	0.00e+00
 4.66767e+17	1.00e+00	3.06e-13	0.00e+00
 4.67022e+17	1.00e+00	3.03e-13	0.00e+00
 4.67278e+17	1.00e+00	2.99e-13	0.00e+00
 4.67542e+17	1.00e+00	2.96e-13	0.00e+00
 4.67811e+17	1.00e+00	2.92e-13	0.00e+00
 4.68078e+17	1.00e+00	2.89e-13	0.00e+00
 4.68353e+17	1.00e+00	2.85e-13	0.00e+00
 4.68646e+17	1.00e+00	2.81e-13	0.00e+00
 4.68956e+17	1.00e+00	2.77e-13	0.00e+00
 4.69280e+17	1.00e+00	2.73e-13	0.00e+00
 4.69602e+17	1.00e+00	2.69e-13	0.00e+00
 4.69922e+17	1.00e+00	2.64e-13	0.00e+00
 4.70249e+17	1.00e+00	2.60e-13	0.00e+00
 4.70593e+17	1.00e+00	2.55e-13	0.00e+00
 4.70954e+17	1.00e+00	2.50e-13	0.00e+00
 4.71317e+17	1.00e+00	2.46e-13	0.00e+00
 4.71699e+17	1.00e+00	2.41e-13	0.00e+00
 4.72097e+17	1.00e+00	2.36e-13	0.00e+00
 4.72500e+17	1.00e+00	2.30e-13	0.00e+00
 4.72905e+17	1.00e+00	2.25e-13	0.00e+00
 4.73309e+17	1.00e+00	2.19e-13	0.00e+00
 4.73733e+17	1.00e+00	2.14e-13	0.00e+00
 4.74181e+17	1.00e+00	2.08e-13	0.00e+00
 4.74639e+17	1.00e+00	2.02e-13	0.00e+00
 4.75095e+17	1.00e+00	1.96e-13	0.00e+00
 4.75546e+17	1.00e+00	1.91e-13	0.00e+00
 4.76019e+17	1.00e+00	1.85e-13	0.00e+00
 4.76526e+17	1.00e+00	1.79e-13	0.00e+00
 4.77046e+17	1.00e+00	1.73e-13	0.00e+00
 4.77559e+17	1.00e+00	1.67e-13	0.00e+00
 4.78063e+17	1.00e+00	1.61e-13	0.00e+00
 4.78584e+17	1.00e+00	1.55e-13	0.00e+00
 4.79140e+17	1.00e+00	1.49e-13	0.00e+00
 4.79719e+17	1.00e+00	1.42e-13	0.00e+00
 4.80291e+17	1.00e+00	1.36e-13	0.00e+00
 4.80869e+17	1.00e+00	1.30e-13	0.00e+00
 4.81461e+17	1.00e+00	1.24e-13	0.00e+00
 4.82063e+17	1.00e+00	1.18e-13	0.00e+00
 4.82678e+17	1.00e+00	1.12e-13	0.00e+00
 4.83329e+17	1.00e+00	1.06e-13	0.00e+00
 4.83997e+17	1.00e+00	1.00e-13	0.00e+00
 4.84667e+17	1.00e+00	9.42e-14	0.00e+00
 4.85344e+17	1.00e+00	8.85e-14	0.00e+00
 4.86028e+17	1.00e+00	8.30e-14	0.00e+00
 4.86737e+17	1.00e+00	7.78e-14	0.00e+00
 4.87504e+17	1.00e+00	7.21e-14	0.00e+00
 4.88301e+17	1.00e+00	6.66e-14	0.00e+00
 4.89054e+17	1.00e+00	6.14e-14	0.00e+00
 4.89733e+17	1.00e+00	5.69e-14	0.00e+00
 4.90323e+17	1.00e+00	5.32e-14	0.00e+00
 4.90848e+17	1.00e+00	5.01e-14	0.00e+00
 4.91344e+17	1.00e+00	4.74e-14	0.00e+00
 4.91832e+17	1.00e+00	4.49e-14	0.00e+00
 4.92307e+17	1.00e+00	4.25e-14	0.00e+00
 4.92755e+17	1.00e+00	4.02e-14	0.00e+00
 4.93170e+17	1.00e+00	3.83e-14	0.00e+00
 4.93560e+17	1.00e+00	3.65e-14	0.00e+00
 4.93937e+17	1.00e+00	3.49e-14	0.00e+00
 4.94305e+17	1.00e+00	3.33e-14	0.00e+00
 4.94663e+17	1.00e+00	3.19e-14	0.00e+00
 4.95007e+17	1.00e+00	3.05e-14	0.00e+00
 4.95334e+17	1.00e+00	2.92e-14	0.00e+00
 4.95648e+17	1.00e+00	2.81e-14	0.00e+00
 4.95953e+17	1.00e+00	2.69e-14	0.00e+00
 4.96250e+17	1.00e+00	2.59e-14	0.00e+00
 4.96538e+17	1.00e+00	2.49e-14	0.00e+00
 4.96815e+17	1.00e+00	2.39e-14	0.00e+00
 4.97083e+17	1.00e+00	2.31e-14	0.00e+00
 4.97342e+17	1.00e+00	2.22e-14	0.00e+00
 4.97594e+17	1.00e+00	2.14e-14	0.00e+00
 4.97838e+17	1.00e+00	2.06e-14	0.00e+00
 4.98074e+17	1.00e+00	1.99e-14	0.00e+00
 4.98305e+17	1.00e+00	1.92e-14	0.00e+00
 4.98530e+17	1.00e+00	1.86e-14	0.00e+00
 4.98749e+17	1.00e+00	1.79e-14	0.00e+00
 4.98963e+17	1.00e+00	1.73e-14	0.00e+00
 4.99172e+17	1.00e+00	1.67e-14	0.00e+00
 4.99408e+17	1.00e+00	1.62e-14	0.00e+00
 4.99715e+17	1.00e+00	1.55e-14	0.00e+00
 5.00115e+17	1.00e+00	1.46e-14	0.00e+00
 5.00634e+17	1.00e+00	1.36e-14	0.00e+00
 5.01309e+17	1.00e+00	1.22e-14	0.00e+00
 5.02186e+17	1.00e+00	1.07e-14	0.00e+00
 5.03272e+17	1.00e+00	8.86e-15	0.00e+00
 5.04336e+17	1.00e+00	7.06e-15	0.00e+00
 5.05110e+17	1.00e+00	5.88e-15	0.00e+00
 5.05625e+17	1.00e+00	5.23e-15	0.00e+00
 5.06060e+17	1.00e+00	4.81e-15	0.00e+00
 5.06564e+17	1.00e+00	4.40e-15	0.00e+00
 5.07187e+17	1.00e+00	3.93e-15	0.00e+00
 5.07855e+17	1.00e+00	3.43e-15	0.00e+00
