#depth	N	N+	N+2	N+3	N+4	N+5	N+6	N+7
 1.49634e+10	0.00e+00	0.00e+00	1.07e-29	6.22e-20	5.14e-11	1.57e-01	8.38e-01	4.53e-03
 4.54887e+10	0.00e+00	7.12e-40	1.45e-29	7.81e-20	5.97e-11	1.69e-01	8.27e-01	4.13e-03
 7.72350e+10	0.00e+00	0.00e+00	1.97e-29	9.82e-20	6.93e-11	1.81e-01	8.16e-01	3.76e-03
 1.10251e+11	0.00e+00	1.54e-39	2.68e-29	1.23e-19	8.04e-11	1.94e-01	8.03e-01	3.42e-03
 1.42831e+11	0.00e+00	0.00e+00	3.58e-29	1.53e-19	9.24e-11	2.06e-01	7.90e-01	3.12e-03
 1.73908e+11	0.00e+00	3.11e-39	4.68e-29	1.86e-19	1.05e-10	2.19e-01	7.78e-01	2.87e-03
 2.07985e+11	0.00e+00	0.00e+00	6.20e-29	2.29e-19	1.20e-10	2.33e-01	7.65e-01	2.62e-03
 2.46231e+11	0.00e+00	6.52e-39	8.41e-29	2.87e-19	1.39e-10	2.48e-01	7.49e-01	2.37e-03
 2.84375e+11	0.00e+00	0.00e+00	1.13e-28	3.56e-19	1.59e-10	2.64e-01	7.34e-01	2.15e-03
 3.24044e+11	0.00e+00	1.36e-38	1.51e-28	4.41e-19	1.83e-10	2.80e-01	7.18e-01	1.95e-03
 3.66932e+11	0.00e+00	0.00e+00	2.03e-28	5.49e-19	2.10e-10	2.98e-01	7.01e-01	1.75e-03
 4.10591e+11	0.00e+00	2.89e-38	2.73e-28	6.82e-19	2.41e-10	3.16e-01	6.83e-01	1.58e-03
 4.55995e+11	0.00e+00	0.00e+00	3.66e-28	8.45e-19	2.76e-10	3.34e-01	6.65e-01	1.42e-03
 5.04162e+11	0.00e+00	6.13e-38	4.94e-28	1.05e-18	3.17e-10	3.53e-01	6.45e-01	1.27e-03
 5.54255e+11	0.00e+00	0.00e+00	6.65e-28	1.30e-18	3.63e-10	3.73e-01	6.26e-01	1.14e-03
 6.03097e+11	0.00e+00	1.27e-37	8.77e-28	1.60e-18	4.12e-10	3.92e-01	6.07e-01	1.02e-03
 6.49029e+11	0.00e+00	0.00e+00	1.13e-27	1.91e-18	4.61e-10	4.10e-01	5.89e-01	9.26e-04
 7.00053e+11	0.00e+00	2.48e-37	1.48e-27	2.33e-18	5.20e-10	4.29e-01	5.70e-01	8.31e-04
 7.57982e+11	0.00e+00	0.00e+00	1.98e-27	2.87e-18	5.92e-10	4.50e-01	5.49e-01	7.38e-04
 8.15023e+11	0.00e+00	5.14e-37	2.62e-27	3.51e-18	6.69e-10	4.71e-01	5.29e-01	6.57e-04
 8.65678e+11	0.00e+00	0.00e+00	3.31e-27	4.16e-18	7.41e-10	4.88e-01	5.11e-01	5.95e-04
 9.18916e+11	0.00e+00	9.43e-37	4.20e-27	4.94e-18	8.23e-10	5.06e-01	4.94e-01	5.37e-04
 9.78266e+11	0.00e+00	0.00e+00	5.44e-27	5.94e-18	9.20e-10	5.25e-01	4.74e-01	4.79e-04
 1.03407e+12	0.00e+00	1.77e-36	6.87e-27	7.02e-18	1.02e-09	5.43e-01	4.57e-01	4.32e-04
 1.09512e+12	8.30e-47	2.43e-36	8.80e-27	8.36e-18	1.13e-09	5.61e-01	4.39e-01	3.86e-04
 1.16279e+12	0.00e+00	0.00e+00	1.14e-26	1.01e-17	1.26e-09	5.81e-01	4.19e-01	3.42e-04
 1.22567e+12	0.00e+00	4.63e-36	1.45e-26	1.19e-17	1.39e-09	5.98e-01	4.02e-01	3.06e-04
 1.29405e+12	2.70e-46	6.37e-36	1.86e-26	1.42e-17	1.54e-09	6.16e-01	3.84e-01	2.72e-04
 1.37066e+12	0.00e+00	0.00e+00	2.42e-26	1.71e-17	1.72e-09	6.35e-01	3.65e-01	2.39e-04
 1.44257e+12	0.00e+00	1.23e-35	3.08e-26	2.03e-17	1.90e-09	6.52e-01	3.48e-01	2.12e-04
 1.52066e+12	8.99e-46	1.70e-35	3.96e-26	2.42e-17	2.10e-09	6.70e-01	3.30e-01	1.86e-04
 1.60800e+12	0.00e+00	0.00e+00	5.20e-26	2.93e-17	2.34e-09	6.88e-01	3.12e-01	1.62e-04
 1.69063e+12	0.00e+00	3.32e-35	6.65e-26	3.48e-17	2.58e-09	7.04e-01	2.96e-01	1.43e-04
 1.77963e+12	3.09e-45	4.63e-35	8.59e-26	4.16e-17	2.86e-09	7.21e-01	2.79e-01	1.25e-04
 1.88074e+12	0.00e+00	0.00e+00	1.14e-25	5.06e-17	3.19e-09	7.38e-01	2.62e-01	1.07e-04
 1.97964e+12	0.00e+00	9.37e-35	1.48e-25	6.07e-17	3.53e-09	7.54e-01	2.46e-01	9.31e-05
 2.07020e+12	1.07e-44	1.27e-34	1.86e-25	7.12e-17	3.86e-09	7.67e-01	2.33e-01	8.19e-05
 2.16958e+12	0.00e+00	0.00e+00	2.38e-25	8.45e-17	4.25e-09	7.81e-01	2.19e-01	7.14e-05
 2.28007e+12	0.00e+00	2.46e-34	3.10e-25	1.01e-16	4.70e-09	7.95e-01	2.05e-01	6.15e-05
 2.38400e+12	3.56e-44	3.35e-34	3.93e-25	1.19e-16	5.14e-09	8.07e-01	1.93e-01	5.37e-05
 2.49725e+12	0.00e+00	4.66e-34	5.05e-25	1.42e-16	5.65e-09	8.19e-01	1.80e-01	4.64e-05
 2.62189e+12	8.20e-44	6.58e-34	6.59e-25	1.71e-16	6.24e-09	8.32e-01	1.68e-01	3.98e-05
 2.73540e+12	0.00e+00	8.93e-34	8.32e-25	2.00e-16	6.81e-09	8.42e-01	1.58e-01	3.46e-05
 2.83378e+12	1.64e-43	1.15e-33	1.01e-24	2.29e-16	7.32e-09	8.50e-01	1.49e-01	3.08e-05
 2.93930e+12	0.00e+00	1.50e-33	1.24e-24	2.64e-16	7.90e-09	8.59e-01	1.41e-01	2.73e-05
 3.07388e+12	3.43e-43	2.09e-33	1.60e-24	3.13e-16	8.67e-09	8.69e-01	1.31e-01	2.34e-05
 3.21308e+12	0.00e+00	2.90e-33	2.05e-24	3.72e-16	9.51e-09	8.78e-01	1.22e-01	2.01e-05
 3.33370e+12	7.24e-43	3.82e-33	2.53e-24	4.30e-16	1.03e-08	8.85e-01	1.15e-01	1.76e-05
 3.46333e+12	0.00e+00	5.08e-33	3.15e-24	4.99e-16	1.11e-08	8.92e-01	1.08e-01	1.54e-05
 3.62229e+12	1.57e-42	7.13e-33	4.08e-24	5.96e-16	1.22e-08	9.00e-01	9.99e-02	1.31e-05
 3.78554e+12	0.00e+00	9.97e-33	5.27e-24	7.10e-16	1.34e-08	9.08e-01	9.24e-02	1.11e-05
 3.93588e+12	3.44e-42	1.34e-32	6.62e-24	8.30e-16	1.46e-08	9.14e-01	8.62e-02	9.63e-06
 4.10325e+12	0.00e+00	1.85e-32	8.45e-24	9.82e-16	1.59e-08	9.20e-01	8.00e-02	8.23e-06
 4.29678e+12	7.94e-42	2.64e-32	1.11e-23	1.18e-15	1.76e-08	9.27e-01	7.35e-02	6.91e-06
 4.48771e+12	0.00e+00	3.70e-32	1.44e-23	1.41e-15	1.93e-08	9.32e-01	6.77e-02	5.84e-06
 4.68628e+12	1.83e-41	5.18e-32	1.86e-23	1.69e-15	2.12e-08	9.38e-01	6.24e-02	4.93e-06
 4.90365e+12	0.00e+00	7.39e-32	2.44e-23	2.03e-15	2.34e-08	9.43e-01	5.72e-02	4.12e-06
 5.12406e+12	4.36e-41	1.04e-31	3.19e-23	2.44e-15	2.57e-08	9.48e-01	5.25e-02	3.46e-06
 5.32759e+12	0.00e+00	1.42e-31	4.03e-23	2.87e-15	2.80e-08	9.51e-01	4.86e-02	2.95e-06
 5.51422e+12	8.94e-41	1.87e-31	4.97e-23	3.31e-15	3.02e-08	9.55e-01	4.54e-02	2.57e-06
 5.72740e+12	0.00e+00	2.52e-31	6.26e-23	3.88e-15	3.28e-08	9.58e-01	4.20e-02	2.20e-06
 5.97981e+12	1.98e-40	3.55e-31	8.16e-23	4.65e-15	3.61e-08	9.61e-01	3.85e-02	1.84e-06
 6.23138e+12	0.00e+00	4.94e-31	1.05e-22	5.54e-15	3.95e-08	9.65e-01	3.54e-02	1.55e-06
 6.46658e+12	4.29e-40	6.64e-31	1.32e-22	6.49e-15	4.29e-08	9.67e-01	3.27e-02	1.32e-06
 6.72873e+12	0.00e+00	9.12e-31	1.69e-22	7.68e-15	4.69e-08	9.70e-01	3.01e-02	1.12e-06
 7.02780e+12	9.76e-40	1.29e-30	2.21e-22	9.26e-15	5.18e-08	9.73e-01	2.75e-02	9.26e-07
 7.28845e+12	0.00e+00	1.73e-30	2.77e-22	1.08e-14	5.62e-08	9.75e-01	2.54e-02	0.00e+00
 7.49081e+12	1.84e-39	2.16e-30	3.28e-22	1.22e-14	5.98e-08	9.76e-01	2.39e-02	0.00e+00
 7.70744e+12	0.00e+00	2.71e-30	3.92e-22	1.38e-14	6.38e-08	9.77e-01	2.25e-02	0.00e+00
 7.98907e+12	3.46e-39	3.62e-30	4.90e-22	1.61e-14	6.93e-08	9.79e-01	2.08e-02	0.00e+00
 8.29254e+12	0.00e+00	4.88e-30	6.19e-22	1.90e-14	7.55e-08	9.81e-01	1.92e-02	0.00e+00
 8.56279e+12	6.87e-39	6.32e-30	7.56e-22	2.18e-14	8.14e-08	9.82e-01	1.79e-02	0.00e+00
 8.85250e+12	0.00e+00	8.24e-30	9.31e-22	2.53e-14	8.79e-08	9.83e-01	1.66e-02	0.00e+00
 9.21153e+12	1.40e-38	1.13e-29	1.19e-21	3.01e-14	9.64e-08	9.85e-01	1.52e-02	0.00e+00
 9.57057e+12	0.00e+00	1.54e-29	1.52e-21	3.57e-14	1.06e-07	9.86e-01	1.39e-02	0.00e+00
 9.87875e+12	2.78e-38	1.98e-29	1.85e-21	4.10e-14	1.14e-07	9.87e-01	1.29e-02	0.00e+00
 1.02110e+13	0.00e+00	2.58e-29	2.27e-21	4.75e-14	1.23e-07	9.88e-01	1.19e-02	0.00e+00
 1.06217e+13	5.59e-38	3.52e-29	2.91e-21	5.66e-14	1.35e-07	9.89e-01	1.09e-02	0.00e+00
 1.10424e+13	0.00e+00	4.79e-29	3.71e-21	6.74e-14	1.48e-07	9.90e-01	9.94e-03	0.00e+00
 1.14206e+13	1.12e-37	6.23e-29	4.57e-21	7.83e-14	1.61e-07	9.91e-01	9.19e-03	0.00e+00
 1.18358e+13	0.00e+00	8.24e-29	5.70e-21	9.17e-14	1.75e-07	9.92e-01	8.45e-03	0.00e+00
 1.23269e+13	2.29e-37	1.13e-28	7.33e-21	1.10e-13	1.93e-07	9.92e-01	7.68e-03	0.00e+00
 1.27947e+13	0.00e+00	1.51e-28	9.22e-21	1.30e-13	2.12e-07	9.93e-01	7.03e-03	0.00e+00
 1.32004e+13	4.31e-37	1.91e-28	1.12e-20	1.49e-13	2.28e-07	9.93e-01	6.53e-03	0.00e+00
 1.36470e+13	0.00e+00	2.46e-28	1.37e-20	1.73e-13	2.47e-07	9.94e-01	6.04e-03	0.00e+00
 1.41923e+13	8.33e-37	3.31e-28	1.73e-20	2.06e-13	2.72e-07	9.95e-01	5.50e-03	0.00e+00
 1.47483e+13	0.00e+00	4.42e-28	2.19e-20	2.44e-13	2.98e-07	9.95e-01	5.02e-03	0.00e+00
 1.52273e+13	1.57e-36	5.61e-28	2.65e-20	2.81e-13	3.22e-07	9.95e-01	4.65e-03	0.00e+00
 1.57240e+13	0.00e+00	7.12e-28	3.21e-20	3.23e-13	3.48e-07	9.96e-01	4.31e-03	0.00e+00
 1.62561e+13	2.80e-36	9.11e-28	3.91e-20	3.74e-13	3.77e-07	9.96e-01	3.99e-03	0.00e+00
 1.67244e+13	0.00e+00	1.12e-27	4.63e-20	4.23e-13	4.04e-07	9.96e-01	3.73e-03	0.00e+00
 1.72232e+13	4.65e-36	1.39e-27	5.51e-20	4.80e-13	4.33e-07	9.97e-01	3.48e-03	0.00e+00
 1.78702e+13	0.00e+00	1.82e-27	6.84e-20	5.63e-13	4.72e-07	9.97e-01	3.20e-03	0.00e+00
 1.85372e+13	8.83e-36	2.38e-27	8.48e-20	6.59e-13	5.15e-07	9.97e-01	2.93e-03	0.00e+00
 1.90951e+13	0.00e+00	2.95e-27	1.01e-19	7.48e-13	5.52e-07	9.97e-01	2.74e-03	0.00e+00
 1.96835e+13	1.49e-35	3.68e-27	1.20e-19	8.50e-13	5.92e-07	9.97e-01	2.56e-03	0.00e+00
 2.04314e+13	0.00e+00	4.82e-27	1.49e-19	9.95e-13	6.46e-07	9.98e-01	2.35e-03	0.00e+00
 2.12216e+13	2.87e-35	6.34e-27	1.86e-19	1.17e-12	7.05e-07	9.98e-01	2.15e-03	0.00e+00
 2.19362e+13	0.00e+00	8.06e-27	2.25e-19	1.34e-12	7.60e-07	9.98e-01	2.00e-03	0.00e+00
 2.27176e+13	5.20e-35	1.04e-26	2.76e-19	1.55e-12	8.23e-07	9.98e-01	1.85e-03	0.00e+00
 2.35876e+13	0.00e+00	1.36e-26	3.42e-19	1.82e-12	8.96e-07	9.98e-01	1.70e-03	0.00e+00
 2.44032e+13	9.71e-35	1.74e-26	4.16e-19	2.09e-12	9.67e-07	9.98e-01	1.57e-03	0.00e+00
 2.52939e+13	0.00e+00	2.26e-26	5.12e-19	2.42e-12	1.05e-06	9.99e-01	1.45e-03	0.00e+00
 2.62898e+13	1.87e-34	2.99e-26	6.39e-19	2.84e-12	1.14e-06	9.99e-01	1.33e-03	0.00e+00
 2.72303e+13	2.54e-34	3.86e-26	7.82e-19	3.28e-12	1.24e-06	9.99e-01	1.23e-03	0.00e+00
 2.82468e+13	3.52e-34	5.05e-26	9.66e-19	3.81e-12	1.34e-06	9.99e-01	1.14e-03	0.00e+00
 2.92899e+13	4.84e-34	6.56e-26	1.19e-18	4.43e-12	1.45e-06	9.99e-01	1.05e-03	0.00e+00
 3.01173e+13	6.19e-34	8.04e-26	1.40e-18	4.96e-12	1.54e-06	9.99e-01	9.90e-04	0.00e+00
 3.09288e+13	7.85e-34	9.77e-26	1.63e-18	5.52e-12	1.63e-06	9.99e-01	9.35e-04	0.00e+00
 3.19839e+13	1.06e-33	1.25e-25	1.97e-18	6.33e-12	1.76e-06	9.99e-01	8.70e-04	0.00e+00
 3.30920e+13	1.43e-33	1.60e-25	2.40e-18	7.28e-12	1.90e-06	9.99e-01	8.07e-04	0.00e+00
 3.40378e+13	1.83e-33	1.97e-25	2.82e-18	8.16e-12	2.02e-06	9.99e-01	7.59e-04	0.00e+00
 3.50359e+13	2.37e-33	2.43e-25	3.33e-18	9.18e-12	2.15e-06	9.99e-01	7.13e-04	0.00e+00
 3.63271e+13	3.27e-33	3.17e-25	4.11e-18	1.06e-11	2.32e-06	9.99e-01	6.59e-04	0.00e+00
 3.76654e+13	4.51e-33	4.12e-25	5.06e-18	1.23e-11	2.52e-06	9.99e-01	6.09e-04	0.00e+00
 3.88002e+13	5.88e-33	5.13e-25	6.00e-18	1.39e-11	2.68e-06	9.99e-01	5.72e-04	0.00e+00
 4.00039e+13	7.74e-33	6.42e-25	7.16e-18	1.57e-11	2.86e-06	9.99e-01	5.36e-04	0.00e+00
 4.15129e+13	1.07e-32	8.41e-25	8.86e-18	1.83e-11	3.11e-06	1.00e+00	4.94e-04	0.00e+00
 4.30391e+13	1.49e-32	1.10e-24	1.09e-17	2.11e-11	3.36e-06	1.00e+00	4.58e-04	0.00e+00
 4.43496e+13	1.94e-32	1.37e-24	1.30e-17	2.39e-11	3.58e-06	1.00e+00	4.29e-04	0.00e+00
 4.57594e+13	2.57e-32	1.72e-24	1.55e-17	2.71e-11	3.83e-06	1.00e+00	4.01e-04	0.00e+00
 4.75023e+13	3.57e-32	2.26e-24	1.93e-17	3.15e-11	4.16e-06	1.00e+00	3.70e-04	0.00e+00
 4.92554e+13	4.96e-32	2.96e-24	2.37e-17	3.65e-11	4.50e-06	1.00e+00	3.42e-04	0.00e+00
 5.07883e+13	6.52e-32	3.70e-24	2.83e-17	4.13e-11	4.80e-06	1.00e+00	3.20e-04	0.00e+00
 5.24579e+13	8.72e-32	4.70e-24	3.42e-17	4.70e-11	5.15e-06	1.00e+00	2.99e-04	0.00e+00
 5.44847e+13	1.22e-31	6.20e-24	4.25e-17	5.49e-11	5.59e-06	1.00e+00	2.75e-04	0.00e+00
 5.65088e+13	1.70e-31	8.13e-24	5.25e-17	6.35e-11	6.05e-06	1.00e+00	2.55e-04	0.00e+00
 5.83274e+13	2.25e-31	1.03e-23	6.31e-17	7.22e-11	6.47e-06	1.00e+00	2.38e-04	0.00e+00
 6.03455e+13	3.06e-31	1.32e-23	7.68e-17	8.28e-11	6.96e-06	1.00e+00	2.21e-04	0.00e+00
 6.27308e+13	4.32e-31	1.75e-23	9.61e-17	9.68e-11	7.57e-06	1.00e+00	2.04e-04	0.00e+00
 6.50922e+13	6.05e-31	2.31e-23	1.19e-16	1.12e-10	8.19e-06	1.00e+00	1.88e-04	0.00e+00
 6.72974e+13	8.18e-31	2.96e-23	1.45e-16	1.28e-10	8.80e-06	1.00e+00	1.75e-04	0.00e+00
 6.97685e+13	1.14e-30	3.87e-23	1.78e-16	1.48e-10	9.50e-06	1.00e+00	1.63e-04	0.00e+00
 7.25892e+13	1.62e-30	5.19e-23	2.24e-16	1.74e-10	1.03e-05	1.00e+00	1.49e-04	0.00e+00
 7.53559e+13	2.29e-30	6.88e-23	2.79e-16	2.02e-10	1.12e-05	1.00e+00	1.38e-04	0.00e+00
 7.78373e+13	3.08e-30	8.76e-23	3.37e-16	2.30e-10	1.20e-05	1.00e+00	1.29e-04	0.00e+00
 8.04887e+13	4.19e-30	1.13e-22	4.10e-16	2.63e-10	1.29e-05	1.00e+00	1.20e-04	0.00e+00
 8.32128e+13	5.72e-30	1.45e-22	4.98e-16	3.01e-10	1.38e-05	1.00e+00	1.12e-04	0.00e+00
 8.54666e+13	7.32e-30	1.77e-22	5.82e-16	3.35e-10	1.46e-05	1.00e+00	1.06e-04	0.00e+00
 8.78315e+13	9.44e-30	2.18e-22	6.84e-16	3.74e-10	1.54e-05	1.00e+00	1.00e-04	0.00e+00
 9.09058e+13	1.30e-29	2.84e-22	8.37e-16	4.29e-10	1.66e-05	1.00e+00	9.33e-05	0.00e+00
 9.41316e+13	1.79e-29	3.68e-22	1.03e-15	4.93e-10	1.78e-05	1.00e+00	8.67e-05	0.00e+00
 9.68853e+13	2.35e-29	4.59e-22	1.22e-15	5.53e-10	1.89e-05	1.00e+00	8.17e-05	0.00e+00
 9.97960e+13	3.12e-29	5.77e-22	1.45e-15	6.23e-10	2.01e-05	1.00e+00	7.69e-05	0.00e+00
 1.03485e+14	4.40e-29	7.63e-22	1.79e-15	7.20e-10	2.16e-05	1.00e+00	7.15e-05	0.00e+00
 1.07317e+14	6.25e-29	1.01e-21	2.22e-15	8.32e-10	2.33e-05	1.00e+00	6.64e-05	0.00e+00
 1.10681e+14	8.37e-29	1.28e-21	2.67e-15	9.41e-10	2.48e-05	1.00e+00	6.23e-05	0.00e+00
 1.14303e+14	1.14e-28	1.64e-21	3.23e-15	1.07e-09	2.65e-05	1.00e+00	5.84e-05	0.00e+00
 1.18693e+14	1.64e-28	2.21e-21	4.03e-15	1.24e-09	2.86e-05	1.00e+00	5.41e-05	0.00e+00
 1.23085e+14	2.34e-28	2.94e-21	5.01e-15	1.44e-09	3.07e-05	1.00e+00	5.03e-05	0.00e+00
 1.27021e+14	3.17e-28	3.75e-21	6.04e-15	1.63e-09	3.28e-05	1.00e+00	4.72e-05	0.00e+00
 1.31361e+14	4.39e-28	4.88e-21	7.37e-15	1.86e-09	3.50e-05	1.00e+00	4.41e-05	0.00e+00
 1.36505e+14	6.39e-28	6.60e-21	9.26e-15	2.17e-09	3.78e-05	1.00e+00	4.09e-05	0.00e+00
 1.41619e+14	9.16e-28	8.81e-21	1.15e-14	2.51e-09	4.07e-05	1.00e+00	3.80e-05	0.00e+00
 1.46361e+14	1.26e-27	1.14e-20	1.40e-14	2.86e-09	4.34e-05	1.00e+00	3.56e-05	0.00e+00
 1.51669e+14	1.80e-27	1.51e-20	1.74e-14	3.30e-09	4.66e-05	1.00e+00	3.32e-05	0.00e+00
 1.57766e+14	2.65e-27	2.07e-20	2.20e-14	3.85e-09	5.04e-05	1.00e+00	3.07e-05	0.00e+00
 1.63786e+14	3.84e-27	2.78e-20	2.75e-14	4.47e-09	5.42e-05	1.00e+00	2.85e-05	0.00e+00
 1.70047e+14	5.57e-27	3.75e-20	3.44e-14	5.19e-09	5.84e-05	1.00e+00	2.65e-05	0.00e+00
 1.76879e+14	8.21e-27	5.12e-20	4.36e-14	6.07e-09	6.30e-05	1.00e+00	2.45e-05	0.00e+00
 1.83984e+14	1.21e-26	6.99e-20	5.52e-14	7.10e-09	6.81e-05	1.00e+00	2.27e-05	0.00e+00
 1.91374e+14	1.79e-26	9.55e-20	6.98e-14	8.30e-09	7.36e-05	1.00e+00	2.10e-05	0.00e+00
 1.97783e+14	2.47e-26	1.24e-19	8.51e-14	9.46e-09	7.85e-05	1.00e+00	1.97e-05	0.00e+00
 2.02738e+14	3.12e-26	1.50e-19	9.87e-14	1.04e-08	8.24e-05	1.00e+00	1.87e-05	0.00e+00
 2.08056e+14	4.07e-26	1.85e-19	1.15e-13	1.16e-08	8.67e-05	1.00e+00	1.78e-05	0.00e+00
 2.14969e+14	5.54e-26	2.38e-19	1.40e-13	1.32e-08	9.25e-05	1.00e+00	1.67e-05	0.00e+00
 2.22456e+14	7.77e-26	3.12e-19	1.72e-13	1.51e-08	9.89e-05	1.00e+00	1.56e-05	0.00e+00
 2.29253e+14	1.04e-25	3.96e-19	2.06e-13	1.70e-08	1.05e-04	1.00e+00	1.47e-05	0.00e+00
 2.36656e+14	1.43e-25	5.09e-19	2.50e-13	1.93e-08	1.12e-04	1.00e+00	1.38e-05	0.00e+00
 2.45672e+14	2.08e-25	6.87e-19	3.13e-13	2.24e-08	1.20e-04	1.00e+00	1.28e-05	0.00e+00
 2.54711e+14	2.91e-25	9.05e-19	3.88e-13	2.59e-08	1.29e-04	1.00e+00	1.19e-05	0.00e+00
 2.62773e+14	3.94e-25	1.16e-18	4.68e-13	2.93e-08	1.37e-04	1.00e+00	1.12e-05	0.00e+00
 2.71640e+14	5.49e-25	1.51e-18	5.72e-13	3.34e-08	1.47e-04	1.00e+00	1.05e-05	0.00e+00
 2.81521e+14	7.73e-25	1.99e-18	7.08e-13	3.85e-08	1.57e-04	1.00e+00	9.79e-06	0.00e+00
 2.90766e+14	1.04e-24	2.54e-18	8.59e-13	4.38e-08	1.68e-04	1.00e+00	9.18e-06	0.00e+00
 3.00832e+14	1.46e-24	3.33e-18	1.05e-12	5.02e-08	1.79e-04	1.00e+00	8.58e-06	0.00e+00
 3.11987e+14	2.03e-24	4.38e-18	1.31e-12	5.80e-08	1.93e-04	1.00e+00	7.97e-06	0.00e+00
 3.22336e+14	2.80e-24	5.67e-18	1.59e-12	6.61e-08	2.06e-04	1.00e+00	7.47e-06	0.00e+00
 3.33565e+14	3.79e-24	7.30e-18	1.95e-12	7.58e-08	2.21e-04	1.00e+00	6.97e-06	0.00e+00
 3.46090e+14	5.46e-24	9.78e-18	2.43e-12	8.77e-08	2.38e-04	1.00e+00	6.47e-06	0.00e+00
 3.57829e+14	7.31e-24	1.25e-17	2.97e-12	1.00e-07	2.54e-04	1.00e+00	6.05e-06	0.00e+00
 3.70619e+14	1.01e-23	1.63e-17	3.66e-12	1.15e-07	2.73e-04	1.00e+00	5.63e-06	0.00e+00
 3.84851e+14	1.43e-23	2.16e-17	4.58e-12	1.34e-07	2.95e-04	1.00e+00	5.22e-06	0.00e+00
 3.98153e+14	1.96e-23	2.81e-17	5.61e-12	1.54e-07	3.16e-04	1.00e+00	4.87e-06	0.00e+00
 4.12556e+14	2.70e-23	3.66e-17	6.93e-12	1.77e-07	3.39e-04	1.00e+00	4.53e-06	0.00e+00
 4.28658e+14	3.83e-23	4.87e-17	8.70e-12	2.07e-07	3.67e-04	1.00e+00	4.19e-06	0.00e+00
 4.43982e+14	5.36e-23	6.40e-17	1.07e-11	2.38e-07	3.94e-04	1.00e+00	3.90e-06	0.00e+00
 4.60350e+14	7.27e-23	8.28e-17	1.33e-11	2.75e-07	4.24e-04	1.00e+00	3.62e-06	0.00e+00
 4.78794e+14	1.06e-22	1.12e-16	1.68e-11	3.22e-07	4.59e-04	1.00e+00	3.34e-06	0.00e+00
 4.95872e+14	1.41e-22	1.44e-16	2.06e-11	3.70e-07	4.94e-04	1.00e+00	3.11e-06	0.00e+00
 5.10656e+14	1.84e-22	1.79e-16	2.46e-11	4.16e-07	5.25e-04	9.99e-01	2.93e-06	0.00e+00
 5.27007e+14	2.48e-22	2.28e-16	2.97e-11	4.72e-07	5.59e-04	9.99e-01	2.74e-06	0.00e+00
 5.44170e+14	3.23e-22	2.86e-16	3.58e-11	5.37e-07	5.98e-04	9.99e-01	2.57e-06	0.00e+00
 5.58796e+14	4.15e-22	3.50e-16	4.20e-11	5.97e-07	6.31e-04	9.99e-01	2.43e-06	0.00e+00
 5.74216e+14	5.20e-22	4.25e-16	4.93e-11	6.66e-07	6.67e-04	9.99e-01	2.30e-06	0.00e+00
 5.94261e+14	7.17e-22	5.52e-16	6.04e-11	7.64e-07	7.16e-04	9.99e-01	2.14e-06	0.00e+00
 6.14955e+14	9.47e-22	7.01e-16	7.39e-11	8.77e-07	7.69e-04	9.99e-01	1.99e-06	0.00e+00
 6.32122e+14	1.21e-21	8.60e-16	8.71e-11	9.78e-07	8.13e-04	9.99e-01	1.88e-06	0.00e+00
 6.50068e+14	1.57e-21	1.06e-15	1.03e-10	1.09e-06	8.61e-04	9.99e-01	1.78e-06	0.00e+00
 6.73397e+14	2.13e-21	1.37e-15	1.27e-10	1.26e-06	9.26e-04	9.99e-01	1.65e-06	0.00e+00
 6.97899e+14	2.89e-21	1.77e-15	1.56e-10	1.45e-06	9.97e-04	9.99e-01	1.53e-06	0.00e+00
 7.19026e+14	3.80e-21	2.22e-15	1.87e-10	1.64e-06	1.06e-03	9.99e-01	1.44e-06	0.00e+00
 7.41589e+14	4.90e-21	2.76e-15	2.24e-10	1.85e-06	1.13e-03	9.99e-01	1.35e-06	0.00e+00
 7.69445e+14	6.87e-21	3.65e-15	2.79e-10	2.15e-06	1.22e-03	9.99e-01	1.25e-06	0.00e+00
 7.97835e+14	9.30e-21	4.72e-15	3.45e-10	2.48e-06	1.31e-03	9.99e-01	1.16e-06	0.00e+00
 8.22958e+14	1.23e-20	5.95e-15	4.15e-10	2.81e-06	1.40e-03	9.99e-01	1.09e-06	0.00e+00
 8.50175e+14	1.62e-20	7.50e-15	5.02e-10	3.20e-06	1.50e-03	9.98e-01	1.02e-06	0.00e+00
 8.82885e+14	2.26e-20	9.90e-15	6.28e-10	3.73e-06	1.62e-03	9.98e-01	9.41e-07	0.00e+00
 9.15481e+14	3.06e-20	1.28e-14	7.78e-10	4.31e-06	1.75e-03	9.98e-01	0.00e+00	0.00e+00
 9.44903e+14	4.03e-20	1.61e-14	9.38e-10	4.89e-06	1.86e-03	9.98e-01	0.00e+00	0.00e+00
 9.77452e+14	5.41e-20	2.06e-14	1.15e-09	5.60e-06	2.00e-03	9.98e-01	0.00e+00	0.00e+00
 1.01578e+15	7.47e-20	2.71e-14	1.44e-09	6.53e-06	2.17e-03	9.98e-01	0.00e+00	0.00e+00
 1.05366e+15	1.03e-19	3.54e-14	1.78e-09	7.56e-06	2.34e-03	9.98e-01	0.00e+00	0.00e+00
 1.08911e+15	1.35e-19	4.48e-14	2.16e-09	8.64e-06	2.51e-03	9.97e-01	0.00e+00	0.00e+00
 1.12876e+15	1.84e-19	5.81e-14	2.67e-09	9.97e-06	2.70e-03	9.97e-01	0.00e+00	0.00e+00
 1.16661e+15	2.44e-19	7.36e-14	3.25e-09	1.14e-05	2.90e-03	9.97e-01	0.00e+00	0.00e+00
 1.19443e+15	2.97e-19	8.70e-14	3.73e-09	1.25e-05	3.05e-03	9.97e-01	0.00e+00	0.00e+00
 1.22229e+15	3.60e-19	1.02e-13	4.27e-09	1.37e-05	3.20e-03	9.97e-01	0.00e+00	0.00e+00
 1.25850e+15	4.60e-19	1.26e-13	5.06e-09	1.54e-05	3.41e-03	9.97e-01	0.00e+00	0.00e+00
 1.29774e+15	5.93e-19	1.56e-13	6.06e-09	1.74e-05	3.64e-03	9.96e-01	0.00e+00	0.00e+00
 1.33323e+15	7.46e-19	1.90e-13	7.10e-09	1.94e-05	3.86e-03	9.96e-01	0.00e+00	0.00e+00
 1.37168e+15	9.39e-19	2.32e-13	8.39e-09	2.18e-05	4.10e-03	9.96e-01	0.00e+00	0.00e+00
 1.42129e+15	1.27e-18	2.98e-13	1.03e-08	2.51e-05	4.43e-03	9.96e-01	0.00e+00	0.00e+00
 1.47109e+15	1.68e-18	3.80e-13	1.26e-08	2.89e-05	4.78e-03	9.95e-01	0.00e+00	0.00e+00
 1.51118e+15	2.10e-18	4.59e-13	1.48e-08	3.22e-05	5.07e-03	9.95e-01	0.00e+00	0.00e+00
 1.55300e+15	2.62e-18	5.56e-13	1.73e-08	3.59e-05	5.38e-03	9.95e-01	0.00e+00	0.00e+00
 1.60737e+15	3.47e-18	7.07e-13	2.12e-08	4.12e-05	5.80e-03	9.94e-01	0.00e+00	0.00e+00
 1.66529e+15	4.60e-18	9.02e-13	2.61e-08	4.75e-05	6.28e-03	9.94e-01	0.00e+00	0.00e+00
 1.71627e+15	5.91e-18	1.12e-12	3.11e-08	5.36e-05	6.71e-03	9.93e-01	0.00e+00	0.00e+00
 1.77095e+15	7.49e-18	1.38e-12	3.74e-08	6.08e-05	7.19e-03	9.93e-01	0.00e+00	0.00e+00
 1.83791e+15	1.03e-17	1.80e-12	4.64e-08	7.05e-05	7.82e-03	9.92e-01	0.00e+00	0.00e+00
 1.90519e+15	1.37e-17	2.31e-12	5.73e-08	8.15e-05	8.48e-03	9.91e-01	0.00e+00	0.00e+00
 1.96452e+15	1.76e-17	2.86e-12	6.86e-08	9.21e-05	9.07e-03	9.91e-01	0.00e+00	0.00e+00
 2.02913e+15	2.27e-17	3.57e-12	8.29e-08	1.05e-04	9.76e-03	9.90e-01	0.00e+00	0.00e+00
 2.10699e+15	3.09e-17	4.65e-12	1.03e-07	1.22e-04	1.06e-02	9.89e-01	0.00e+00	0.00e+00
 2.18472e+15	4.16e-17	6.01e-12	1.28e-07	1.41e-04	1.15e-02	9.88e-01	0.00e+00	0.00e+00
 2.25486e+15	5.34e-17	7.47e-12	1.54e-07	1.60e-04	1.24e-02	9.87e-01	0.00e+00	0.00e+00
 2.33244e+15	7.05e-17	9.49e-12	1.88e-07	1.83e-04	1.33e-02	9.86e-01	0.00e+00	0.00e+00
 2.42384e+15	9.72e-17	1.25e-11	2.36e-07	2.14e-04	1.46e-02	9.85e-01	0.00e+00	0.00e+00
 2.51432e+15	1.30e-16	1.61e-11	2.94e-07	2.47e-04	1.58e-02	9.84e-01	0.00e+00	0.00e+00
 2.58595e+15	1.79e-16	1.95e-11	3.47e-07	2.77e-04	1.68e-02	9.83e-01	0.00e+00	0.00e+00
 2.64089e+15	2.19e-16	2.30e-11	3.93e-07	3.01e-04	1.76e-02	9.82e-01	0.00e+00	0.00e+00
 2.70128e+15	2.59e-16	2.67e-11	4.50e-07	3.29e-04	1.86e-02	9.81e-01	0.00e+00	0.00e+00
 2.77979e+15	3.38e-16	3.32e-11	5.34e-07	3.69e-04	1.98e-02	9.80e-01	0.00e+00	0.00e+00
 2.86467e+15	4.30e-16	4.10e-11	6.39e-07	4.16e-04	2.12e-02	9.78e-01	0.00e+00	0.00e+00
 2.94084e+15	5.40e-16	4.96e-11	7.47e-07	4.62e-04	2.24e-02	9.77e-01	0.00e+00	0.00e+00
 3.02285e+15	6.68e-16	5.99e-11	8.82e-07	5.16e-04	2.39e-02	9.76e-01	0.00e+00	0.00e+00
 3.12947e+15	9.27e-16	7.83e-11	1.09e-06	5.93e-04	2.58e-02	9.74e-01	0.00e+00	0.00e+00
 3.23738e+15	1.24e-15	1.00e-10	1.33e-06	6.78e-04	2.78e-02	9.71e-01	0.00e+00	0.00e+00
 3.32450e+15	1.56e-15	1.22e-10	1.56e-06	7.54e-04	2.95e-02	9.70e-01	0.00e+00	0.00e+00
 3.41528e+15	1.96e-15	1.48e-10	1.84e-06	8.39e-04	3.13e-02	9.68e-01	0.00e+00	0.00e+00
 3.53328e+15	2.62e-15	1.89e-10	2.26e-06	9.62e-04	3.37e-02	9.65e-01	0.00e+00	0.00e+00
 3.65893e+15	3.62e-15	2.47e-10	2.79e-06	1.11e-03	3.64e-02	9.62e-01	0.00e+00	0.00e+00
 3.77025e+15	4.66e-15	3.07e-10	3.35e-06	1.25e-03	3.89e-02	9.60e-01	0.00e+00	0.00e+00
 3.89068e+15	5.99e-15	3.84e-10	4.05e-06	1.41e-03	4.16e-02	9.57e-01	0.00e+00	0.00e+00
 4.03794e+15	8.67e-15	5.17e-10	5.09e-06	1.64e-03	4.52e-02	9.53e-01	0.00e+00	0.00e+00
 4.18658e+15	1.15e-14	6.64e-10	6.33e-06	1.89e-03	4.88e-02	9.49e-01	0.00e+00	0.00e+00
 4.31955e+15	1.52e-14	8.41e-10	7.66e-06	2.14e-03	5.22e-02	9.46e-01	0.00e+00	0.00e+00
 4.46562e+15	2.15e-14	1.11e-09	9.40e-06	2.45e-03	5.62e-02	9.41e-01	0.00e+00	0.00e+00
 4.63916e+15	3.02e-14	1.48e-09	1.19e-05	2.85e-03	6.10e-02	9.36e-01	0.00e+00	0.00e+00
 4.81091e+15	4.05e-14	1.91e-09	1.48e-05	3.29e-03	6.58e-02	9.31e-01	0.00e+00	0.00e+00
 4.96887e+15	5.43e-14	2.45e-09	1.81e-05	3.74e-03	7.04e-02	9.26e-01	0.00e+00	0.00e+00
 5.10530e+15	7.30e-14	3.09e-09	2.13e-05	4.16e-03	7.46e-02	9.21e-01	0.00e+00	0.00e+00
 5.21962e+15	8.93e-14	3.66e-09	2.45e-05	4.55e-03	7.82e-02	9.17e-01	0.00e+00	0.00e+00
 5.34634e+15	1.12e-13	4.40e-09	2.84e-05	5.00e-03	8.23e-02	9.13e-01	0.00e+00	0.00e+00
 5.51109e+15	1.42e-13	5.46e-09	3.41e-05	5.64e-03	8.75e-02	9.07e-01	0.00e+00	0.00e+00
 5.68383e+15	1.97e-13	7.08e-09	4.13e-05	6.38e-03	9.34e-02	9.00e-01	0.00e+00	0.00e+00
 5.82951e+15	2.50e-13	8.62e-09	4.83e-05	7.05e-03	9.84e-02	8.95e-01	0.00e+00	0.00e+00
 5.98143e+15	3.14e-13	1.05e-08	5.65e-05	7.80e-03	1.04e-01	8.88e-01	0.00e+00	0.00e+00
 6.17892e+15	4.32e-13	1.36e-08	6.92e-05	8.88e-03	1.11e-01	8.80e-01	0.00e+00	0.00e+00
 6.38304e+15	5.62e-13	1.72e-08	8.43e-05	1.01e-02	1.18e-01	8.72e-01	0.00e+00	0.00e+00
 6.55370e+15	7.21e-13	2.11e-08	9.92e-05	1.12e-02	1.25e-01	8.64e-01	0.00e+00	0.00e+00
 6.73350e+15	9.60e-13	2.65e-08	1.17e-04	1.25e-02	1.32e-01	8.56e-01	0.00e+00	0.00e+00
 6.96723e+15	1.34e-12	3.50e-08	1.45e-04	1.43e-02	1.41e-01	8.45e-01	0.00e+00	0.00e+00
 7.21009e+15	1.78e-12	4.48e-08	1.79e-04	1.63e-02	1.50e-01	8.33e-01	0.00e+00	0.00e+00
 7.41660e+15	2.33e-12	5.60e-08	2.13e-04	1.82e-02	1.59e-01	8.23e-01	0.00e+00	0.00e+00
 7.63685e+15	3.08e-12	7.07e-08	2.55e-04	2.04e-02	1.68e-01	8.11e-01	0.00e+00	0.00e+00
 7.91658e+15	4.32e-12	9.37e-08	3.19e-04	2.35e-02	1.80e-01	7.97e-01	0.00e+00	0.00e+00
 8.19547e+15	6.36e-12	1.27e-07	3.97e-04	2.69e-02	1.92e-01	7.81e-01	0.00e+00	0.00e+00
 8.42868e+15	8.32e-12	1.59e-07	4.72e-04	3.00e-02	2.02e-01	7.67e-01	0.00e+00	0.00e+00
 8.68065e+15	1.11e-11	2.01e-07	5.67e-04	3.37e-02	2.13e-01	7.53e-01	0.00e+00	0.00e+00
 8.99954e+15	1.50e-11	2.62e-07	7.07e-04	3.86e-02	2.27e-01	7.34e-01	0.00e+00	0.00e+00
 9.31884e+15	2.21e-11	3.57e-07	8.82e-04	4.43e-02	2.41e-01	7.13e-01	0.00e+00	0.00e+00
 9.57701e+15	2.87e-11	4.43e-07	1.04e-03	4.91e-02	2.53e-01	6.97e-01	0.00e+00	0.00e+00
 9.84233e+15	3.76e-11	5.54e-07	1.24e-03	5.46e-02	2.64e-01	6.80e-01	0.00e+00	0.00e+00
 1.01872e+16	5.05e-11	7.15e-07	1.53e-03	6.21e-02	2.79e-01	6.57e-01	0.00e+00	0.00e+00
 1.05134e+16	7.22e-11	9.49e-07	1.88e-03	7.01e-02	2.93e-01	6.34e-01	0.00e+00	0.00e+00
 1.07382e+16	8.86e-11	1.12e-06	2.14e-03	7.59e-02	3.03e-01	6.19e-01	0.00e+00	0.00e+00
 1.09533e+16	1.08e-10	1.33e-06	2.43e-03	8.18e-02	3.12e-01	6.04e-01	0.00e+00	0.00e+00
 1.12330e+16	1.38e-10	1.63e-06	2.85e-03	9.00e-02	3.23e-01	5.84e-01	0.00e+00	0.00e+00
 1.15346e+16	1.82e-10	2.04e-06	3.38e-03	9.94e-02	3.35e-01	5.62e-01	0.00e+00	0.00e+00
 1.18068e+16	2.30e-10	2.47e-06	3.92e-03	1.08e-01	3.45e-01	5.42e-01	0.00e+00	0.00e+00
 1.21027e+16	2.87e-10	2.98e-06	4.58e-03	1.19e-01	3.55e-01	5.21e-01	0.00e+00	0.00e+00
 1.24360e+16	3.95e-10	3.85e-06	5.50e-03	1.32e-01	3.68e-01	4.95e-01	0.00e+00	0.00e+00
 1.27374e+16	5.06e-10	4.72e-06	6.41e-03	1.43e-01	3.77e-01	4.73e-01	0.00e+00	0.00e+00
 1.30486e+16	6.29e-10	5.69e-06	7.50e-03	1.57e-01	3.85e-01	4.51e-01	0.00e+00	0.00e+00
 1.33862e+16	8.63e-10	7.30e-06	8.92e-03	1.72e-01	3.95e-01	4.24e-01	0.00e+00	0.00e+00
 1.36834e+16	1.08e-09	8.79e-06	1.03e-02	1.86e-01	4.01e-01	4.03e-01	0.00e+00	0.00e+00
 1.39950e+16	1.34e-09	1.06e-05	1.20e-02	2.02e-01	4.07e-01	3.80e-01	0.00e+00	0.00e+00
 1.43372e+16	1.87e-09	1.37e-05	1.42e-02	2.20e-01	4.13e-01	3.53e-01	0.00e+00	0.00e+00
 1.46425e+16	2.36e-09	1.66e-05	1.65e-02	2.37e-01	4.16e-01	3.30e-01	0.00e+00	0.00e+00
 1.49088e+16	2.92e-09	1.97e-05	1.87e-02	2.53e-01	4.18e-01	3.11e-01	0.00e+00	0.00e+00
 1.52008e+16	3.72e-09	2.39e-05	2.16e-02	2.71e-01	4.19e-01	2.89e-01	0.00e+00	0.00e+00
 1.55148e+16	4.71e-09	2.90e-05	2.50e-02	2.90e-01	4.18e-01	2.67e-01	0.00e+00	0.00e+00
 1.57925e+16	5.70e-09	3.41e-05	2.84e-02	3.08e-01	4.15e-01	2.48e-01	0.00e+00	0.00e+00
 1.60469e+16	7.01e-09	4.02e-05	3.20e-02	3.25e-01	4.12e-01	2.31e-01	0.00e+00	0.00e+00
 1.62977e+16	8.65e-09	4.76e-05	3.61e-02	3.42e-01	4.08e-01	2.14e-01	0.00e+00	0.00e+00
 1.65460e+16	1.12e-08	5.77e-05	4.09e-02	3.60e-01	4.02e-01	1.96e-01	0.00e+00	0.00e+00
 1.67839e+16	1.38e-08	6.81e-05	4.59e-02	3.78e-01	3.96e-01	1.81e-01	0.00e+00	0.00e+00
 1.70119e+16	1.69e-08	8.00e-05	5.13e-02	3.95e-01	3.88e-01	1.66e-01	0.00e+00	0.00e+00
 1.72289e+16	2.06e-08	9.34e-05	5.71e-02	4.11e-01	3.80e-01	1.52e-01	0.00e+00	0.00e+00
 1.74308e+16	2.49e-08	1.08e-04	6.31e-02	4.26e-01	3.71e-01	1.40e-01	0.00e+00	0.00e+00
 1.76264e+16	3.00e-08	1.25e-04	6.97e-02	4.41e-01	3.62e-01	1.28e-01	0.00e+00	0.00e+00
 1.78210e+16	3.64e-08	1.45e-04	7.70e-02	4.55e-01	3.51e-01	1.17e-01	0.00e+00	0.00e+00
 1.80133e+16	4.42e-08	1.69e-04	8.50e-02	4.70e-01	3.40e-01	1.06e-01	0.00e+00	0.00e+00
 1.82001e+16	5.37e-08	1.96e-04	9.36e-02	4.84e-01	3.27e-01	9.53e-02	0.00e+00	0.00e+00
 1.83807e+16	6.52e-08	2.28e-04	1.03e-01	4.97e-01	3.14e-01	8.57e-02	0.00e+00	0.00e+00
 1.85574e+16	8.12e-08	2.68e-04	1.13e-01	5.09e-01	3.01e-01	7.63e-02	0.00e+00	0.00e+00
 1.87273e+16	9.94e-08	3.12e-04	1.24e-01	5.21e-01	2.87e-01	6.77e-02	0.00e+00	0.00e+00
 1.88864e+16	1.16e-07	3.53e-04	1.35e-01	5.31e-01	2.73e-01	6.06e-02	0.00e+00	0.00e+00
 1.90640e+16	1.45e-07	4.17e-04	1.49e-01	5.42e-01	2.56e-01	5.24e-02	0.00e+00	0.00e+00
 1.92451e+16	1.82e-07	4.94e-04	1.65e-01	5.51e-01	2.38e-01	4.47e-02	0.00e+00	0.00e+00
 1.93868e+16	2.11e-07	5.53e-04	1.78e-01	5.58e-01	2.24e-01	3.92e-02	0.00e+00	0.00e+00
 1.95074e+16	2.69e-07	6.55e-04	1.92e-01	5.63e-01	2.10e-01	3.40e-02	0.00e+00	0.00e+00
 1.96120e+16	3.09e-07	7.26e-04	2.03e-01	5.67e-01	1.99e-01	3.03e-02	0.00e+00	0.00e+00
 1.97156e+16	3.40e-07	7.84e-04	2.15e-01	5.70e-01	1.87e-01	2.68e-02	0.00e+00	0.00e+00
 1.98502e+16	4.34e-07	9.33e-04	2.33e-01	5.73e-01	1.71e-01	2.22e-02	0.00e+00	0.00e+00
 1.99747e+16	5.24e-07	1.07e-03	2.50e-01	5.75e-01	1.56e-01	1.86e-02	0.00e+00	0.00e+00
 2.00611e+16	6.05e-07	1.19e-03	2.62e-01	5.75e-01	1.45e-01	1.62e-02	0.00e+00	0.00e+00
 2.01268e+16	6.74e-07	1.28e-03	2.72e-01	5.75e-01	1.37e-01	1.45e-02	0.00e+00	0.00e+00
 2.01815e+16	7.40e-07	1.37e-03	2.81e-01	5.74e-01	1.31e-01	1.31e-02	0.00e+00	0.00e+00
 2.02435e+16	7.99e-07	1.45e-03	2.90e-01	5.74e-01	1.23e-01	1.17e-02	0.00e+00	0.00e+00
 2.03241e+16	9.46e-07	1.63e-03	3.04e-01	5.72e-01	1.13e-01	9.87e-03	0.00e+00	0.00e+00
 2.03976e+16	1.04e-06	1.75e-03	3.16e-01	5.70e-01	1.04e-01	8.54e-03	0.00e+00	0.00e+00
 2.04520e+16	1.19e-06	1.92e-03	3.26e-01	5.67e-01	9.75e-02	7.46e-03	0.00e+00	0.00e+00
 2.04999e+16	1.26e-06	2.00e-03	3.33e-01	5.66e-01	9.22e-02	6.73e-03	0.00e+00	0.00e+00
 2.05489e+16	1.38e-06	2.13e-03	3.42e-01	5.63e-01	8.64e-02	5.94e-03	0.00e+00	0.00e+00
 2.06125e+16	1.59e-06	2.35e-03	3.54e-01	5.59e-01	7.89e-02	4.99e-03	0.00e+00	0.00e+00
 2.06748e+16	1.77e-06	2.54e-03	3.65e-01	5.56e-01	7.22e-02	4.22e-03	0.00e+00	0.00e+00
 2.07243e+16	1.94e-06	2.71e-03	3.74e-01	5.52e-01	6.70e-02	3.66e-03	0.00e+00	0.00e+00
 2.07777e+16	2.15e-06	2.91e-03	3.84e-01	5.48e-01	6.14e-02	3.10e-03	0.00e+00	0.00e+00
 2.08381e+16	2.42e-06	3.16e-03	3.96e-01	5.43e-01	5.55e-02	2.56e-03	0.00e+00	0.00e+00
 2.08950e+16	2.68e-06	3.39e-03	4.06e-01	5.38e-01	5.03e-02	2.13e-03	0.00e+00	0.00e+00
 2.09563e+16	3.01e-06	3.68e-03	4.17e-01	5.32e-01	4.49e-02	1.71e-03	0.00e+00	0.00e+00
 2.10228e+16	3.41e-06	4.00e-03	4.29e-01	5.26e-01	3.96e-02	1.35e-03	0.00e+00	0.00e+00
 2.10835e+16	3.81e-06	4.32e-03	4.40e-01	5.20e-01	3.51e-02	1.08e-03	0.00e+00	0.00e+00
 2.11499e+16	4.31e-06	4.70e-03	4.52e-01	5.12e-01	3.06e-02	8.31e-04	0.00e+00	0.00e+00
 2.12237e+16	4.92e-06	5.14e-03	4.64e-01	5.04e-01	2.63e-02	6.20e-04	0.00e+00	0.00e+00
 2.12937e+16	5.58e-06	5.61e-03	4.76e-01	4.95e-01	2.26e-02	4.66e-04	0.00e+00	0.00e+00
 2.13713e+16	6.38e-06	6.14e-03	4.88e-01	4.86e-01	1.90e-02	3.36e-04	0.00e+00	0.00e+00
 2.14722e+16	7.61e-06	6.92e-03	5.05e-01	4.73e-01	1.51e-02	2.17e-04	0.00e+00	0.00e+00
 2.15762e+16	9.06e-06	7.78e-03	5.20e-01	4.60e-01	1.20e-02	1.39e-04	0.00e+00	0.00e+00
 2.16664e+16	1.05e-05	8.60e-03	5.34e-01	4.48e-01	9.81e-03	9.44e-05	0.00e+00	0.00e+00
 2.17655e+16	1.24e-05	9.58e-03	5.48e-01	4.35e-01	7.82e-03	6.11e-05	0.00e+00	0.00e+00
 2.18591e+16	1.44e-05	1.06e-02	5.61e-01	4.22e-01	6.40e-03	4.14e-05	0.00e+00	0.00e+00
 2.19250e+16	1.60e-05	1.13e-02	5.70e-01	4.13e-01	5.55e-03	3.15e-05	0.00e+00	0.00e+00
 2.19903e+16	1.77e-05	1.22e-02	5.79e-01	4.04e-01	4.80e-03	2.38e-05	0.00e+00	0.00e+00
 2.20751e+16	2.03e-05	1.33e-02	5.90e-01	3.92e-01	3.98e-03	1.65e-05	0.00e+00	0.00e+00
 2.21680e+16	2.35e-05	1.47e-02	6.02e-01	3.80e-01	3.27e-03	1.13e-05	0.00e+00	0.00e+00
 2.22522e+16	2.68e-05	1.60e-02	6.14e-01	3.68e-01	2.74e-03	8.02e-06	0.00e+00	0.00e+00
 2.23427e+16	3.11e-05	1.77e-02	6.26e-01	3.54e-01	2.25e-03	5.51e-06	0.00e+00	0.00e+00
 2.24411e+16	3.66e-05	1.97e-02	6.39e-01	3.40e-01	1.83e-03	3.70e-06	0.00e+00	0.00e+00
 2.25284e+16	4.24e-05	2.17e-02	6.50e-01	3.27e-01	1.53e-03	2.62e-06	0.00e+00	0.00e+00
 2.26019e+16	4.80e-05	2.36e-02	6.60e-01	3.15e-01	1.31e-03	1.96e-06	0.00e+00	0.00e+00
 2.26787e+16	5.48e-05	2.58e-02	6.70e-01	3.03e-01	1.11e-03	1.43e-06	0.00e+00	0.00e+00
 2.27624e+16	6.36e-05	2.85e-02	6.80e-01	2.90e-01	9.29e-04	1.02e-06	0.00e+00	0.00e+00
 2.28364e+16	7.27e-05	3.11e-02	6.90e-01	2.78e-01	7.94e-04	7.66e-07	0.00e+00	0.00e+00
 2.29020e+16	8.21e-05	3.37e-02	6.98e-01	2.68e-01	6.89e-04	0.00e+00	0.00e+00	0.00e+00
 2.29755e+16	9.42e-05	3.70e-02	7.07e-01	2.56e-01	5.85e-04	0.00e+00	0.00e+00	0.00e+00
 2.30552e+16	1.10e-04	4.09e-02	7.16e-01	2.43e-01	4.91e-04	0.00e+00	0.00e+00	0.00e+00
 2.31249e+16	1.26e-04	4.49e-02	7.24e-01	2.31e-01	4.19e-04	0.00e+00	0.00e+00	0.00e+00
 2.31845e+16	1.42e-04	4.87e-02	7.30e-01	2.21e-01	3.66e-04	0.00e+00	0.00e+00	0.00e+00
 2.32492e+16	1.63e-04	5.31e-02	7.36e-01	2.10e-01	3.14e-04	0.00e+00	0.00e+00	0.00e+00
 2.33216e+16	1.89e-04	5.88e-02	7.43e-01	1.98e-01	2.64e-04	0.00e+00	0.00e+00	0.00e+00
 2.33869e+16	2.18e-04	6.47e-02	7.48e-01	1.86e-01	2.25e-04	0.00e+00	0.00e+00	0.00e+00
 2.34422e+16	2.47e-04	7.03e-02	7.52e-01	1.77e-01	1.96e-04	0.00e+00	0.00e+00	0.00e+00
 2.35018e+16	2.83e-04	7.69e-02	7.56e-01	1.67e-01	1.68e-04	0.00e+00	0.00e+00	0.00e+00
 2.35681e+16	3.31e-04	8.52e-02	7.59e-01	1.55e-01	1.41e-04	0.00e+00	0.00e+00	0.00e+00
 2.36278e+16	3.82e-04	9.38e-02	7.60e-01	1.45e-01	1.20e-04	0.00e+00	0.00e+00	0.00e+00
 2.36785e+16	4.33e-04	1.02e-01	7.61e-01	1.37e-01	1.04e-04	0.00e+00	0.00e+00	0.00e+00
 2.37332e+16	4.97e-04	1.12e-01	7.60e-01	1.27e-01	8.84e-05	0.00e+00	0.00e+00	0.00e+00
 2.37942e+16	5.83e-04	1.24e-01	7.58e-01	1.17e-01	7.36e-05	0.00e+00	0.00e+00	0.00e+00
 2.38492e+16	6.75e-04	1.36e-01	7.55e-01	1.08e-01	6.19e-05	0.00e+00	0.00e+00	0.00e+00
 2.38963e+16	7.69e-04	1.48e-01	7.50e-01	1.00e-01	5.30e-05	0.00e+00	0.00e+00	0.00e+00
 2.39473e+16	8.87e-04	1.63e-01	7.44e-01	9.23e-02	4.45e-05	0.00e+00	0.00e+00	0.00e+00
 2.40039e+16	1.04e-03	1.81e-01	7.35e-01	8.34e-02	3.64e-05	0.00e+00	0.00e+00	0.00e+00
 2.40551e+16	1.22e-03	1.99e-01	7.24e-01	7.55e-02	3.01e-05	0.00e+00	0.00e+00	0.00e+00
 2.41003e+16	1.40e-03	2.18e-01	7.12e-01	6.86e-02	2.52e-05	0.00e+00	0.00e+00	0.00e+00
 2.41503e+16	1.63e-03	2.40e-01	6.97e-01	6.13e-02	2.04e-05	0.00e+00	0.00e+00	0.00e+00
 2.42056e+16	1.96e-03	2.68e-01	6.77e-01	5.35e-02	1.60e-05	0.00e+00	0.00e+00	0.00e+00
 2.42557e+16	2.31e-03	2.97e-01	6.54e-01	4.66e-02	1.26e-05	0.00e+00	0.00e+00	0.00e+00
 2.43008e+16	2.69e-03	3.26e-01	6.31e-01	4.08e-02	1.01e-05	0.00e+00	0.00e+00	0.00e+00
 2.43512e+16	3.20e-03	3.61e-01	6.01e-01	3.45e-02	7.64e-06	0.00e+00	0.00e+00	0.00e+00
 2.44071e+16	3.91e-03	4.05e-01	5.63e-01	2.81e-02	5.50e-06	0.00e+00	0.00e+00	0.00e+00
 2.44568e+16	4.71e-03	4.50e-01	5.23e-01	2.28e-02	3.97e-06	0.00e+00	0.00e+00	0.00e+00
 2.44984e+16	5.53e-03	4.90e-01	4.86e-01	1.88e-02	2.95e-06	0.00e+00	0.00e+00	0.00e+00
 2.45429e+16	6.54e-03	5.34e-01	4.44e-01	1.50e-02	2.09e-06	0.00e+00	0.00e+00	0.00e+00
 2.45888e+16	7.80e-03	5.84e-01	3.97e-01	1.14e-02	1.41e-06	0.00e+00	0.00e+00	0.00e+00
 2.46246e+16	9.02e-03	6.25e-01	3.57e-01	9.00e-03	1.00e-06	0.00e+00	0.00e+00	0.00e+00
 2.46530e+16	1.02e-02	6.58e-01	3.25e-01	7.33e-03	7.50e-07	0.00e+00	0.00e+00	0.00e+00
 2.46835e+16	1.14e-02	6.92e-01	2.91e-01	5.77e-03	0.00e+00	0.00e+00	0.00e+00	0.00e+00
 2.47233e+16	1.34e-02	7.35e-01	2.47e-01	4.10e-03	0.00e+00	0.00e+00	0.00e+00	0.00e+00
 2.47619e+16	1.58e-02	7.77e-01	2.04e-01	2.80e-03	0.00e+00	0.00e+00	0.00e+00	0.00e+00
 2.47887e+16	1.78e-02	8.05e-01	1.75e-01	2.07e-03	0.00e+00	0.00e+00	0.00e+00	0.00e+00
 2.48089e+16	1.94e-02	8.24e-01	1.55e-01	1.64e-03	0.00e+00	0.00e+00	0.00e+00	0.00e+00
 2.48309e+16	2.14e-02	8.44e-01	1.34e-01	1.24e-03	0.00e+00	0.00e+00	0.00e+00	0.00e+00
 2.48595e+16	2.43e-02	8.65e-01	1.09e-01	8.45e-04	0.00e+00	0.00e+00	0.00e+00	0.00e+00
 2.48891e+16	2.78e-02	8.85e-01	8.65e-02	5.46e-04	0.00e+00	0.00e+00	0.00e+00	0.00e+00
 2.49123e+16	3.10e-02	8.98e-01	7.03e-02	3.73e-04	0.00e+00	0.00e+00	0.00e+00	0.00e+00
 2.49307e+16	3.40e-02	9.07e-01	5.91e-02	2.72e-04	0.00e+00	0.00e+00	0.00e+00	0.00e+00
 2.49505e+16	3.74e-02	9.14e-01	4.86e-02	1.90e-04	0.00e+00	0.00e+00	0.00e+00	0.00e+00
 2.49728e+16	4.19e-02	9.20e-01	3.84e-02	1.24e-04	0.00e+00	0.00e+00	0.00e+00	0.00e+00
 2.49933e+16	4.65e-02	9.23e-01	3.04e-02	8.11e-05	0.00e+00	0.00e+00	0.00e+00	0.00e+00
 2.50109e+16	5.10e-02	9.24e-01	2.45e-02	5.51e-05	0.00e+00	0.00e+00	0.00e+00	0.00e+00
 2.50266e+16	5.54e-02	9.24e-01	2.01e-02	3.86e-05	0.00e+00	0.00e+00	0.00e+00	0.00e+00
 2.50435e+16	6.08e-02	9.23e-01	1.61e-02	2.58e-05	0.00e+00	0.00e+00	0.00e+00	0.00e+00
 2.50611e+16	6.66e-02	9.21e-01	1.26e-02	1.67e-05	0.00e+00	0.00e+00	0.00e+00	0.00e+00
 2.50766e+16	7.29e-02	9.17e-01	1.00e-02	1.11e-05	0.00e+00	0.00e+00	0.00e+00	0.00e+00
 2.50902e+16	7.85e-02	9.13e-01	8.17e-03	7.69e-06	0.00e+00	0.00e+00	0.00e+00	0.00e+00
 2.51030e+16	8.43e-02	9.09e-01	6.69e-03	5.37e-06	0.00e+00	0.00e+00	0.00e+00	0.00e+00
 2.51153e+16	9.03e-02	9.04e-01	5.49e-03	3.77e-06	0.00e+00	0.00e+00	0.00e+00	0.00e+00
 2.51268e+16	9.63e-02	8.99e-01	4.54e-03	2.68e-06	0.00e+00	0.00e+00	0.00e+00	0.00e+00
 2.51372e+16	1.02e-01	8.94e-01	3.81e-03	1.96e-06	0.00e+00	0.00e+00	0.00e+00	0.00e+00
 2.51452e+16	1.06e-01	8.90e-01	3.33e-03	1.54e-06	0.00e+00	0.00e+00	0.00e+00	0.00e+00
 2.51503e+16	1.10e-01	8.87e-01	3.05e-03	1.32e-06	0.00e+00	0.00e+00	0.00e+00	0.00e+00
 2.51549e+16	1.12e-01	8.85e-01	2.81e-03	1.13e-06	0.00e+00	0.00e+00	0.00e+00	0.00e+00
 2.51603e+16	1.16e-01	8.82e-01	2.54e-03	9.50e-07	0.00e+00	0.00e+00	0.00e+00	0.00e+00
 2.51663e+16	1.20e-01	8.78e-01	2.28e-03	0.00e+00	0.00e+00	0.00e+00	0.00e+00	0.00e+00
 2.51720e+16	1.24e-01	8.74e-01	2.06e-03	0.00e+00	0.00e+00	0.00e+00	0.00e+00	0.00e+00
 2.51774e+16	1.27e-01	8.71e-01	1.86e-03	0.00e+00	0.00e+00	0.00e+00	0.00e+00	0.00e+00
 2.51827e+16	1.31e-01	8.67e-01	1.68e-03	0.00e+00	0.00e+00	0.00e+00	0.00e+00	0.00e+00
 2.51881e+16	1.35e-01	8.63e-01	1.52e-03	0.00e+00	0.00e+00	0.00e+00	0.00e+00	0.00e+00
 2.51934e+16	1.40e-01	8.59e-01	1.37e-03	0.00e+00	0.00e+00	0.00e+00	0.00e+00	0.00e+00
 2.51987e+16	1.44e-01	8.55e-01	1.24e-03	0.00e+00	0.00e+00	0.00e+00	0.00e+00	0.00e+00
 2.52039e+16	1.48e-01	8.51e-01	1.12e-03	0.00e+00	0.00e+00	0.00e+00	0.00e+00	0.00e+00
 2.52090e+16	1.52e-01	8.47e-01	1.01e-03	0.00e+00	0.00e+00	0.00e+00	0.00e+00	0.00e+00
 2.52141e+16	1.56e-01	8.43e-01	9.11e-04	0.00e+00	0.00e+00	0.00e+00	0.00e+00	0.00e+00
 2.52192e+16	1.61e-01	8.38e-01	8.22e-04	0.00e+00	0.00e+00	0.00e+00	0.00e+00	0.00e+00
 2.52242e+16	1.66e-01	8.33e-01	7.41e-04	0.00e+00	0.00e+00	0.00e+00	0.00e+00	0.00e+00
 2.52293e+16	1.71e-01	8.28e-01	6.67e-04	0.00e+00	0.00e+00	0.00e+00	0.00e+00	0.00e+00
 2.52342e+16	1.76e-01	8.24e-01	6.02e-04	0.00e+00	0.00e+00	0.00e+00	0.00e+00	0.00e+00
 2.52390e+16	1.81e-01	8.19e-01	5.43e-04	0.00e+00	0.00e+00	0.00e+00	0.00e+00	0.00e+00
 2.52439e+16	1.86e-01	8.13e-01	4.89e-04	0.00e+00	0.00e+00	0.00e+00	0.00e+00	0.00e+00
 2.52487e+16	1.92e-01	8.08e-01	4.40e-04	0.00e+00	0.00e+00	0.00e+00	0.00e+00	0.00e+00
 2.52535e+16	1.97e-01	8.02e-01	3.96e-04	0.00e+00	0.00e+00	0.00e+00	0.00e+00	0.00e+00
 2.52583e+16	2.04e-01	7.96e-01	3.57e-04	0.00e+00	0.00e+00	0.00e+00	0.00e+00	0.00e+00
 2.52630e+16	2.10e-01	7.89e-01	3.20e-04	0.00e+00	0.00e+00	0.00e+00	0.00e+00	0.00e+00
 2.52677e+16	2.16e-01	7.83e-01	2.88e-04	0.00e+00	0.00e+00	0.00e+00	0.00e+00	0.00e+00
 2.52724e+16	2.23e-01	7.76e-01	2.58e-04	0.00e+00	0.00e+00	0.00e+00	0.00e+00	0.00e+00
 2.52769e+16	2.31e-01	7.69e-01	2.32e-04	0.00e+00	0.00e+00	0.00e+00	0.00e+00	0.00e+00
 2.52816e+16	2.38e-01	7.62e-01	2.08e-04	0.00e+00	0.00e+00	0.00e+00	0.00e+00	0.00e+00
 2.52862e+16	2.46e-01	7.54e-01	1.87e-04	0.00e+00	0.00e+00	0.00e+00	0.00e+00	0.00e+00
 2.52908e+16	2.54e-01	7.45e-01	1.67e-04	0.00e+00	0.00e+00	0.00e+00	0.00e+00	0.00e+00
 2.52953e+16	2.64e-01	7.36e-01	1.50e-04	0.00e+00	0.00e+00	0.00e+00	0.00e+00	0.00e+00
 2.52997e+16	2.73e-01	7.27e-01	1.34e-04	0.00e+00	0.00e+00	0.00e+00	0.00e+00	0.00e+00
 2.53040e+16	2.83e-01	7.17e-01	1.21e-04	0.00e+00	0.00e+00	0.00e+00	0.00e+00	0.00e+00
 2.53083e+16	2.93e-01	7.07e-01	1.08e-04	0.00e+00	0.00e+00	0.00e+00	0.00e+00	0.00e+00
 2.53125e+16	3.03e-01	6.97e-01	9.72e-05	0.00e+00	0.00e+00	0.00e+00	0.00e+00	0.00e+00
 2.53168e+16	3.16e-01	6.84e-01	8.71e-05	0.00e+00	0.00e+00	0.00e+00	0.00e+00	0.00e+00
 2.53209e+16	3.26e-01	6.74e-01	7.84e-05	0.00e+00	0.00e+00	0.00e+00	0.00e+00	0.00e+00
 2.53250e+16	3.40e-01	6.59e-01	7.02e-05	0.00e+00	0.00e+00	0.00e+00	0.00e+00	0.00e+00
 2.53291e+16	3.53e-01	6.47e-01	6.31e-05	0.00e+00	0.00e+00	0.00e+00	0.00e+00	0.00e+00
 2.53333e+16	3.67e-01	6.33e-01	5.65e-05	0.00e+00	0.00e+00	0.00e+00	0.00e+00	0.00e+00
 2.53374e+16	3.82e-01	6.18e-01	5.06e-05	0.00e+00	0.00e+00	0.00e+00	0.00e+00	0.00e+00
 2.53415e+16	3.98e-01	6.02e-01	4.53e-05	0.00e+00	0.00e+00	0.00e+00	0.00e+00	0.00e+00
 2.53456e+16	4.14e-01	5.86e-01	4.05e-05	0.00e+00	0.00e+00	0.00e+00	0.00e+00	0.00e+00
 2.53498e+16	4.32e-01	5.68e-01	3.61e-05	0.00e+00	0.00e+00	0.00e+00	0.00e+00	0.00e+00
 2.53540e+16	4.53e-01	5.47e-01	3.21e-05	0.00e+00	0.00e+00	0.00e+00	0.00e+00	0.00e+00
 2.53582e+16	4.72e-01	5.28e-01	2.86e-05	0.00e+00	0.00e+00	0.00e+00	0.00e+00	0.00e+00
 2.53625e+16	4.92e-01	5.08e-01	2.54e-05	0.00e+00	0.00e+00	0.00e+00	0.00e+00	0.00e+00
