#depth	C	C+	C+2	C+3	C+4	C+5	C+6	C[1]	C[2]	C[3]	C+[1]	C+[2]	CO
 1.49634e+10	0.00e+00	7.85e-32	1.17e-21	3.07e-12	3.57e-02	9.57e-01	6.86e-03	0.00e+00	0.00e+00	0.00e+00	0.00e+00	0.00e+00	1.29e-162
 4.54887e+10	8.85e-43	1.07e-31	1.48e-21	3.59e-12	3.86e-02	9.55e-01	6.32e-03	0.00e+00	0.00e+00	0.00e+00	0.00e+00	0.00e+00	1.56e-227
 7.72350e+10	0.00e+00	1.47e-31	1.87e-21	4.20e-12	4.17e-02	9.52e-01	5.82e-03	0.00e+00	0.00e+00	0.00e+00	0.00e+00	0.00e+00	1.60e-161
 1.10251e+11	1.95e-42	2.02e-31	2.37e-21	4.92e-12	4.51e-02	9.50e-01	5.36e-03	0.00e+00	0.00e+00	0.00e+00	0.00e+00	0.00e+00	7.45e-227
 1.44588e+11	0.00e+00	2.77e-31	3.00e-21	5.76e-12	4.88e-02	9.46e-01	4.94e-03	0.00e+00	0.00e+00	0.00e+00	0.00e+00	0.00e+00	1.99e-160
 1.80298e+11	4.30e-42	3.80e-31	3.81e-21	6.75e-12	5.28e-02	9.43e-01	4.54e-03	0.00e+00	0.00e+00	0.00e+00	0.00e+00	0.00e+00	3.53e-226
 2.17437e+11	0.00e+00	5.22e-31	4.83e-21	7.90e-12	5.70e-02	9.39e-01	4.18e-03	0.00e+00	0.00e+00	0.00e+00	0.00e+00	0.00e+00	2.48e-159
 2.56061e+11	9.48e-42	7.16e-31	6.12e-21	9.24e-12	6.17e-02	9.34e-01	3.84e-03	0.00e+00	0.00e+00	0.00e+00	0.00e+00	0.00e+00	1.67e-225
 2.96231e+11	0.00e+00	9.82e-31	7.75e-21	1.08e-11	6.66e-02	9.30e-01	3.53e-03	0.00e+00	0.00e+00	0.00e+00	0.00e+00	0.00e+00	3.10e-158
 3.38007e+11	2.09e-41	1.35e-30	9.83e-21	1.27e-11	7.20e-02	9.25e-01	3.24e-03	0.00e+00	0.00e+00	0.00e+00	0.00e+00	0.00e+00	7.88e-225
 3.81454e+11	0.00e+00	1.85e-30	1.25e-20	1.48e-11	7.78e-02	9.19e-01	2.97e-03	0.00e+00	0.00e+00	0.00e+00	0.00e+00	0.00e+00	3.89e-157
 4.26639e+11	4.62e-41	2.54e-30	1.58e-20	1.73e-11	8.40e-02	9.13e-01	2.73e-03	0.00e+00	0.00e+00	0.00e+00	0.00e+00	0.00e+00	3.68e-224
 4.73631e+11	0.00e+00	3.49e-30	2.00e-20	2.03e-11	9.08e-02	9.07e-01	2.50e-03	0.00e+00	0.00e+00	0.00e+00	0.00e+00	0.00e+00	4.90e-156
 5.22503e+11	1.02e-40	4.79e-30	2.54e-20	2.38e-11	9.80e-02	9.00e-01	2.29e-03	0.00e+00	0.00e+00	0.00e+00	0.00e+00	0.00e+00	1.69e-223
 5.73330e+11	0.00e+00	6.58e-30	3.22e-20	2.78e-11	1.06e-01	8.92e-01	2.09e-03	0.00e+00	0.00e+00	0.00e+00	0.00e+00	0.00e+00	6.19e-155
 6.26190e+11	2.27e-40	9.04e-30	4.08e-20	3.25e-11	1.14e-01	8.84e-01	1.91e-03	0.00e+00	0.00e+00	0.00e+00	0.00e+00	0.00e+00	7.54e-223
 6.81164e+11	0.00e+00	1.24e-29	5.18e-20	3.80e-11	1.23e-01	8.75e-01	1.75e-03	0.00e+00	0.00e+00	0.00e+00	0.00e+00	0.00e+00	7.86e-154
 7.38337e+11	5.02e-40	1.71e-29	6.57e-20	4.45e-11	1.33e-01	8.66e-01	1.59e-03	0.00e+00	0.00e+00	0.00e+00	0.00e+00	0.00e+00	3.23e-222
 7.97798e+11	0.00e+00	2.35e-29	8.33e-20	5.20e-11	1.43e-01	8.56e-01	1.45e-03	0.00e+00	0.00e+00	0.00e+00	0.00e+00	0.00e+00	1.00e-152
 8.59636e+11	1.12e-39	3.22e-29	1.06e-19	6.08e-11	1.54e-01	8.45e-01	1.32e-03	0.00e+00	0.00e+00	0.00e+00	0.00e+00	0.00e+00	1.30e-221
 9.23949e+11	0.00e+00	4.43e-29	1.34e-19	7.10e-11	1.66e-01	8.33e-01	1.20e-03	0.00e+00	0.00e+00	0.00e+00	0.00e+00	0.00e+00	1.29e-151
 9.84284e+11	2.38e-39	5.91e-29	1.66e-19	8.17e-11	1.77e-01	8.22e-01	1.10e-03	0.00e+00	0.00e+00	0.00e+00	0.00e+00	0.00e+00	5.12e-221
 1.03799e+12	0.00e+00	7.57e-29	1.99e-19	9.21e-11	1.87e-01	8.12e-01	1.02e-03	0.00e+00	0.00e+00	0.00e+00	0.00e+00	0.00e+00	1.10e-150
 1.09817e+12	4.56e-39	9.91e-29	2.44e-19	1.05e-10	1.99e-01	8.00e-01	9.38e-04	0.00e+00	0.00e+00	0.00e+00	0.00e+00	0.00e+00	8.03e-221
 1.16978e+12	0.00e+00	1.35e-28	3.07e-19	1.22e-10	2.13e-01	7.86e-01	8.50e-04	0.00e+00	0.00e+00	0.00e+00	0.00e+00	0.00e+00	1.13e-149
 1.24145e+12	9.78e-39	1.82e-28	3.83e-19	1.41e-10	2.28e-01	7.72e-01	7.73e-04	0.00e+00	0.00e+00	0.00e+00	0.00e+00	0.00e+00	0.00e+00
 1.30815e+12	0.00e+00	2.37e-28	4.67e-19	1.60e-10	2.41e-01	7.58e-01	7.08e-04	0.00e+00	0.00e+00	0.00e+00	0.00e+00	0.00e+00	1.10e-148
 1.38255e+12	1.97e-38	3.17e-28	5.78e-19	1.84e-10	2.57e-01	7.43e-01	6.43e-04	0.00e+00	0.00e+00	0.00e+00	0.00e+00	0.00e+00	0.00e+00
 1.46778e+12	0.00e+00	4.35e-28	7.32e-19	2.14e-10	2.74e-01	7.25e-01	5.77e-04	0.00e+00	0.00e+00	0.00e+00	0.00e+00	0.00e+00	1.28e-147
 1.55177e+12	4.29e-38	5.88e-28	9.15e-19	2.47e-10	2.92e-01	7.07e-01	5.20e-04	0.00e+00	0.00e+00	0.00e+00	0.00e+00	0.00e+00	0.00e+00
 1.63190e+12	0.00e+00	7.74e-28	1.12e-18	2.81e-10	3.09e-01	6.91e-01	4.72e-04	0.00e+00	0.00e+00	0.00e+00	0.00e+00	0.00e+00	1.34e-146
 1.71989e+12	8.80e-38	1.04e-27	1.39e-18	3.23e-10	3.28e-01	6.72e-01	4.24e-04	0.00e+00	0.00e+00	0.00e+00	0.00e+00	0.00e+00	0.00e+00
 1.81861e+12	0.00e+00	1.42e-27	1.76e-18	3.75e-10	3.49e-01	6.51e-01	3.78e-04	0.00e+00	0.00e+00	0.00e+00	0.00e+00	0.00e+00	1.61e-145
 1.91697e+12	1.92e-37	1.93e-27	2.19e-18	4.31e-10	3.69e-01	6.30e-01	3.37e-04	0.00e+00	0.00e+00	0.00e+00	0.00e+00	0.00e+00	0.00e+00
 2.01927e+12	0.00e+00	2.60e-27	2.74e-18	4.95e-10	3.90e-01	6.09e-01	3.00e-04	0.00e+00	0.00e+00	0.00e+00	0.00e+00	0.00e+00	1.91e-144
 2.12996e+12	4.18e-37	3.56e-27	3.45e-18	5.72e-10	4.13e-01	5.87e-01	2.65e-04	0.00e+00	0.00e+00	0.00e+00	0.00e+00	0.00e+00	0.00e+00
 2.24242e+12	0.00e+00	4.82e-27	4.31e-18	6.58e-10	4.36e-01	5.64e-01	2.34e-04	0.00e+00	0.00e+00	0.00e+00	0.00e+00	0.00e+00	2.45e-143
 2.35936e+12	9.03e-37	6.53e-27	5.38e-18	7.54e-10	4.59e-01	5.41e-01	2.06e-04	0.00e+00	0.00e+00	0.00e+00	0.00e+00	0.00e+00	0.00e+00
 2.48366e+12	0.00e+00	8.89e-27	6.74e-18	8.67e-10	4.83e-01	5.17e-01	1.81e-04	0.00e+00	0.00e+00	0.00e+00	0.00e+00	0.00e+00	3.13e-142
 2.61294e+12	1.98e-36	1.21e-26	8.43e-18	9.94e-10	5.07e-01	4.93e-01	1.58e-04	0.00e+00	0.00e+00	0.00e+00	0.00e+00	0.00e+00	0.00e+00
 2.74738e+12	0.00e+00	1.64e-26	1.05e-17	1.14e-09	5.31e-01	4.69e-01	1.38e-04	0.00e+00	0.00e+00	0.00e+00	0.00e+00	0.00e+00	4.11e-141
 2.88720e+12	4.31e-36	2.22e-26	1.31e-17	1.30e-09	5.55e-01	4.45e-01	1.20e-04	0.00e+00	0.00e+00	0.00e+00	0.00e+00	0.00e+00	0.00e+00
 3.03262e+12	0.00e+00	3.01e-26	1.63e-17	1.48e-09	5.78e-01	4.22e-01	1.04e-04	0.00e+00	0.00e+00	0.00e+00	0.00e+00	0.00e+00	5.37e-140
 3.18385e+12	9.31e-36	4.06e-26	2.03e-17	1.69e-09	6.02e-01	3.98e-01	8.97e-05	0.00e+00	0.00e+00	0.00e+00	0.00e+00	0.00e+00	0.00e+00
 3.32960e+12	0.00e+00	5.36e-26	2.48e-17	1.90e-09	6.23e-01	3.77e-01	7.81e-05	0.00e+00	0.00e+00	0.00e+00	0.00e+00	0.00e+00	6.33e-139
 3.46530e+12	1.82e-35	6.87e-26	2.97e-17	2.12e-09	6.42e-01	3.58e-01	6.89e-05	0.00e+00	0.00e+00	0.00e+00	0.00e+00	0.00e+00	0.00e+00
 3.61796e+12	0.00e+00	8.98e-26	3.60e-17	2.37e-09	6.62e-01	3.38e-01	6.00e-05	0.00e+00	0.00e+00	0.00e+00	0.00e+00	0.00e+00	5.84e-138
 3.79261e+12	3.75e-35	1.21e-25	4.44e-17	2.68e-09	6.83e-01	3.17e-01	5.14e-05	0.00e+00	0.00e+00	0.00e+00	0.00e+00	0.00e+00	0.00e+00
 3.96143e+12	0.00e+00	1.58e-25	5.40e-17	3.00e-09	7.03e-01	2.97e-01	4.44e-05	0.00e+00	0.00e+00	0.00e+00	0.00e+00	0.00e+00	6.80e-137
 4.11993e+12	7.30e-35	2.02e-25	6.43e-17	3.32e-09	7.19e-01	2.81e-01	3.88e-05	0.00e+00	0.00e+00	0.00e+00	0.00e+00	0.00e+00	0.00e+00
 4.29756e+12	1.02e-34	2.63e-25	7.77e-17	3.70e-09	7.37e-01	2.63e-01	3.35e-05	0.00e+00	0.00e+00	0.00e+00	0.00e+00	0.00e+00	2.76e-117
 4.49939e+12	1.48e-34	3.50e-25	9.54e-17	4.16e-09	7.55e-01	2.45e-01	2.85e-05	0.00e+00	0.00e+00	0.00e+00	0.00e+00	0.00e+00	8.64e-99
 4.70028e+12	2.11e-34	4.60e-25	1.16e-16	4.65e-09	7.72e-01	2.28e-01	2.43e-05	0.00e+00	0.00e+00	0.00e+00	0.00e+00	0.00e+00	0.00e+00
 4.90920e+12	2.99e-34	6.04e-25	1.41e-16	5.19e-09	7.88e-01	2.12e-01	2.07e-05	0.00e+00	0.00e+00	0.00e+00	0.00e+00	0.00e+00	6.73e-116
 5.13549e+12	4.31e-34	8.01e-25	1.72e-16	5.81e-09	8.04e-01	1.96e-01	1.75e-05	0.00e+00	0.00e+00	0.00e+00	0.00e+00	0.00e+00	1.23e-97
 5.36538e+12	6.13e-34	1.05e-24	2.09e-16	6.48e-09	8.19e-01	1.81e-01	1.48e-05	0.00e+00	0.00e+00	0.00e+00	0.00e+00	0.00e+00	0.00e+00
 5.60446e+12	8.72e-34	1.38e-24	2.54e-16	7.22e-09	8.32e-01	1.68e-01	1.25e-05	0.00e+00	0.00e+00	0.00e+00	0.00e+00	0.00e+00	1.66e-114
 5.83243e+12	1.20e-33	1.77e-24	3.03e-16	7.97e-09	8.44e-01	1.56e-01	1.07e-05	0.00e+00	0.00e+00	0.00e+00	0.00e+00	0.00e+00	1.60e-96
 6.03104e+12	1.57e-33	2.18e-24	3.52e-16	8.65e-09	8.54e-01	1.46e-01	9.39e-06	0.00e+00	0.00e+00	0.00e+00	0.00e+00	0.00e+00	0.00e+00
 6.25003e+12	2.10e-33	2.73e-24	4.12e-16	9.44e-09	8.63e-01	1.37e-01	8.15e-06	0.00e+00	0.00e+00	0.00e+00	0.00e+00	0.00e+00	2.35e-113
 6.51625e+12	2.93e-33	3.53e-24	4.95e-16	1.05e-08	8.74e-01	1.26e-01	6.89e-06	0.00e+00	0.00e+00	0.00e+00	0.00e+00	0.00e+00	1.49e-95
 6.78579e+12	4.06e-33	4.54e-24	5.93e-16	1.15e-08	8.83e-01	1.17e-01	5.84e-06	0.00e+00	0.00e+00	0.00e+00	0.00e+00	0.00e+00	1.75e-112
 7.03095e+12	5.40e-33	5.66e-24	6.93e-16	1.26e-08	8.91e-01	1.09e-01	5.05e-06	0.00e+00	0.00e+00	0.00e+00	0.00e+00	0.00e+00	6.85e-95
 7.30250e+12	7.31e-33	7.16e-24	8.20e-16	1.38e-08	8.99e-01	1.01e-01	4.32e-06	0.00e+00	0.00e+00	0.00e+00	0.00e+00	0.00e+00	1.04e-111
 7.62007e+12	1.03e-32	9.31e-24	9.89e-16	1.53e-08	9.07e-01	9.25e-02	3.62e-06	0.00e+00	0.00e+00	0.00e+00	0.00e+00	0.00e+00	3.43e-94
 7.93299e+12	1.41e-32	1.19e-23	1.18e-15	1.68e-08	9.15e-01	8.52e-02	3.05e-06	0.00e+00	0.00e+00	0.00e+00	0.00e+00	0.00e+00	7.86e-111
 8.22734e+12	1.89e-32	1.49e-23	1.39e-15	1.84e-08	9.21e-01	7.90e-02	2.62e-06	0.00e+00	0.00e+00	0.00e+00	0.00e+00	0.00e+00	1.58e-93
 8.55527e+12	2.57e-32	1.90e-23	1.65e-15	2.02e-08	9.27e-01	7.29e-02	2.22e-06	0.00e+00	0.00e+00	0.00e+00	0.00e+00	0.00e+00	4.93e-110
 8.92741e+12	3.60e-32	2.46e-23	1.99e-15	2.23e-08	9.33e-01	6.66e-02	1.85e-06	0.00e+00	0.00e+00	0.00e+00	0.00e+00	0.00e+00	7.95e-93
 9.29916e+12	4.97e-32	3.16e-23	2.38e-15	2.46e-08	9.39e-01	6.11e-02	1.55e-06	0.00e+00	0.00e+00	0.00e+00	0.00e+00	0.00e+00	3.74e-109
 9.68578e+12	6.84e-32	4.05e-23	2.84e-15	2.71e-08	9.44e-01	5.60e-02	1.30e-06	0.00e+00	0.00e+00	0.00e+00	0.00e+00	0.00e+00	3.95e-92
 1.01031e+13	9.50e-32	5.23e-23	3.41e-15	3.00e-08	9.49e-01	5.12e-02	1.08e-06	0.00e+00	0.00e+00	0.00e+00	0.00e+00	0.00e+00	2.78e-108
 1.05372e+13	1.32e-31	6.75e-23	4.10e-15	3.31e-08	9.53e-01	4.67e-02	9.01e-07	0.00e+00	0.00e+00	0.00e+00	0.00e+00	0.00e+00	2.05e-91
 1.09886e+13	1.82e-31	8.69e-23	4.92e-15	3.65e-08	9.57e-01	4.27e-02	0.00e+00	0.00e+00	0.00e+00	0.00e+00	0.00e+00	0.00e+00	2.12e-107
 1.14581e+13	2.52e-31	1.12e-22	5.89e-15	4.03e-08	9.61e-01	3.90e-02	0.00e+00	0.00e+00	0.00e+00	0.00e+00	0.00e+00	0.00e+00	1.05e-90
 1.19463e+13	3.47e-31	1.43e-22	7.05e-15	4.44e-08	9.64e-01	3.56e-02	0.00e+00	0.00e+00	0.00e+00	0.00e+00	0.00e+00	0.00e+00	1.58e-106
 1.24541e+13	4.77e-31	1.84e-22	8.43e-15	4.89e-08	9.67e-01	3.25e-02	0.00e+00	0.00e+00	0.00e+00	0.00e+00	0.00e+00	0.00e+00	5.25e-90
 1.29651e+13	6.48e-31	2.33e-22	1.00e-14	5.37e-08	9.70e-01	2.98e-02	0.00e+00	0.00e+00	0.00e+00	0.00e+00	0.00e+00	0.00e+00	1.13e-105
 1.34965e+13	8.80e-31	2.95e-22	1.19e-14	5.89e-08	9.73e-01	2.73e-02	0.00e+00	0.00e+00	0.00e+00	0.00e+00	0.00e+00	0.00e+00	2.48e-89
 1.40359e+13	1.18e-30	3.72e-22	1.40e-14	6.44e-08	9.75e-01	2.51e-02	0.00e+00	0.00e+00	0.00e+00	0.00e+00	0.00e+00	0.00e+00	7.58e-105
 1.45485e+13	1.55e-30	4.59e-22	1.63e-14	6.99e-08	9.77e-01	2.32e-02	0.00e+00	0.00e+00	0.00e+00	0.00e+00	0.00e+00	0.00e+00	1.05e-88
 1.51121e+13	2.07e-30	5.74e-22	1.92e-14	7.62e-08	9.79e-01	2.14e-02	0.00e+00	0.00e+00	0.00e+00	0.00e+00	0.00e+00	0.00e+00	4.46e-104
 1.57465e+13	2.82e-30	7.30e-22	2.28e-14	8.37e-08	9.80e-01	1.95e-02	0.00e+00	0.00e+00	0.00e+00	0.00e+00	0.00e+00	0.00e+00	4.83e-88
 1.63362e+13	3.71e-30	9.04e-22	2.66e-14	9.09e-08	9.82e-01	1.80e-02	0.00e+00	0.00e+00	0.00e+00	0.00e+00	0.00e+00	0.00e+00	2.89e-103
 1.68553e+13	4.69e-30	1.08e-21	3.03e-14	9.75e-08	9.83e-01	1.69e-02	0.00e+00	0.00e+00	0.00e+00	0.00e+00	0.00e+00	0.00e+00	1.80e-87
 1.74367e+13	6.05e-30	1.32e-21	3.49e-14	1.05e-07	9.84e-01	1.57e-02	0.00e+00	0.00e+00	0.00e+00	0.00e+00	0.00e+00	0.00e+00	1.38e-102
 1.81356e+13	8.12e-30	1.66e-21	4.11e-14	1.15e-07	9.86e-01	1.44e-02	0.00e+00	0.00e+00	0.00e+00	0.00e+00	0.00e+00	0.00e+00	7.44e-87
 1.88501e+13	1.08e-29	2.07e-21	4.82e-14	1.25e-07	9.87e-01	1.33e-02	0.00e+00	0.00e+00	0.00e+00	0.00e+00	0.00e+00	0.00e+00	9.02e-102
 1.95271e+13	1.41e-29	2.54e-21	5.58e-14	1.35e-07	9.88e-01	1.23e-02	0.00e+00	0.00e+00	0.00e+00	0.00e+00	0.00e+00	0.00e+00	3.14e-86
 2.02720e+13	1.87e-29	3.16e-21	6.51e-14	1.47e-07	9.89e-01	1.14e-02	0.00e+00	0.00e+00	0.00e+00	0.00e+00	0.00e+00	0.00e+00	5.23e-101
 2.10348e+13	2.46e-29	3.91e-21	7.57e-14	1.59e-07	9.90e-01	1.05e-02	0.00e+00	0.00e+00	0.00e+00	0.00e+00	0.00e+00	0.00e+00	1.35e-85
 2.16895e+13	3.10e-29	4.67e-21	8.59e-14	1.70e-07	9.90e-01	9.83e-03	0.00e+00	0.00e+00	0.00e+00	0.00e+00	0.00e+00	0.00e+00	2.68e-100
 2.23891e+13	3.93e-29	5.61e-21	9.77e-14	1.82e-07	9.91e-01	9.20e-03	0.00e+00	0.00e+00	0.00e+00	0.00e+00	0.00e+00	0.00e+00	4.61e-85
 2.32552e+13	5.22e-29	6.98e-21	1.14e-13	1.97e-07	9.92e-01	8.49e-03	0.00e+00	0.00e+00	0.00e+00	0.00e+00	0.00e+00	0.00e+00	1.46e-99
 2.41339e+13	6.89e-29	8.65e-21	1.33e-13	2.14e-07	9.92e-01	7.85e-03	0.00e+00	0.00e+00	0.00e+00	0.00e+00	0.00e+00	0.00e+00	2.04e-84
 2.49093e+13	8.74e-29	1.04e-20	1.51e-13	2.29e-07	9.93e-01	7.35e-03	0.00e+00	0.00e+00	0.00e+00	0.00e+00	0.00e+00	0.00e+00	7.81e-99
 2.57544e+13	1.12e-28	1.26e-20	1.73e-13	2.46e-07	9.93e-01	6.85e-03	0.00e+00	0.00e+00	0.00e+00	0.00e+00	0.00e+00	0.00e+00	7.49e-84
 2.67716e+13	1.50e-28	1.57e-20	2.02e-13	2.67e-07	9.94e-01	6.32e-03	0.00e+00	0.00e+00	0.00e+00	0.00e+00	0.00e+00	0.00e+00	4.57e-98
 2.77928e+13	2.00e-28	1.95e-20	2.35e-13	2.89e-07	9.94e-01	5.84e-03	0.00e+00	0.00e+00	0.00e+00	0.00e+00	0.00e+00	0.00e+00	3.46e-83
 2.87291e+13	2.56e-28	2.37e-20	2.69e-13	3.09e-07	9.95e-01	5.45e-03	0.00e+00	0.00e+00	0.00e+00	0.00e+00	0.00e+00	0.00e+00	2.59e-97
 2.97748e+13	3.36e-28	2.91e-20	3.10e-13	3.33e-07	9.95e-01	5.07e-03	0.00e+00	0.00e+00	0.00e+00	0.00e+00	0.00e+00	0.00e+00	1.40e-82
 3.09881e+13	4.55e-28	3.67e-20	3.64e-13	3.63e-07	9.95e-01	4.66e-03	0.00e+00	0.00e+00	0.00e+00	0.00e+00	0.00e+00	0.00e+00	1.68e-96
 3.21866e+13	6.07e-28	4.58e-20	4.24e-13	3.92e-07	9.96e-01	4.31e-03	0.00e+00	0.00e+00	0.00e+00	0.00e+00	0.00e+00	0.00e+00	6.85e-82
 3.34330e+13	8.11e-28	5.70e-20	4.94e-13	4.24e-07	9.96e-01	3.99e-03	0.00e+00	0.00e+00	0.00e+00	0.00e+00	0.00e+00	0.00e+00	1.11e-95
 3.48002e+13	1.10e-27	7.20e-20	5.80e-13	4.61e-07	9.96e-01	3.67e-03	0.00e+00	0.00e+00	0.00e+00	0.00e+00	0.00e+00	0.00e+00	3.41e-81
 3.61863e+13	1.48e-27	9.04e-20	6.78e-13	5.00e-07	9.97e-01	3.39e-03	0.00e+00	0.00e+00	0.00e+00	0.00e+00	0.00e+00	0.00e+00	7.95e-95
 3.76278e+13	2.00e-27	1.13e-19	7.92e-13	5.42e-07	9.97e-01	3.13e-03	0.00e+00	0.00e+00	0.00e+00	0.00e+00	0.00e+00	0.00e+00	1.71e-80
 3.91628e+13	2.72e-27	1.43e-19	9.30e-13	5.88e-07	9.97e-01	2.89e-03	0.00e+00	0.00e+00	0.00e+00	0.00e+00	0.00e+00	0.00e+00	5.73e-94
 4.06899e+13	3.65e-27	1.79e-19	1.08e-12	6.37e-07	9.97e-01	2.67e-03	0.00e+00	0.00e+00	0.00e+00	0.00e+00	0.00e+00	0.00e+00	8.71e-80
 4.22780e+13	4.89e-27	2.24e-19	1.26e-12	6.88e-07	9.98e-01	2.47e-03	0.00e+00	0.00e+00	0.00e+00	0.00e+00	0.00e+00	0.00e+00	3.91e-93
 4.39990e+13	6.65e-27	2.82e-19	1.48e-12	7.47e-07	9.98e-01	2.28e-03	0.00e+00	0.00e+00	0.00e+00	0.00e+00	0.00e+00	0.00e+00	4.45e-79
 4.57465e+13	8.98e-27	3.55e-19	1.73e-12	8.09e-07	9.98e-01	2.10e-03	0.00e+00	0.00e+00	0.00e+00	0.00e+00	0.00e+00	0.00e+00	2.83e-92
 4.75639e+13	1.21e-26	4.45e-19	2.02e-12	8.76e-07	9.98e-01	1.94e-03	0.00e+00	0.00e+00	0.00e+00	0.00e+00	0.00e+00	0.00e+00	2.28e-78
 4.94964e+13	1.65e-26	5.62e-19	2.37e-12	9.50e-07	9.98e-01	1.79e-03	0.00e+00	0.00e+00	0.00e+00	0.00e+00	0.00e+00	0.00e+00	2.06e-91
 5.14246e+13	2.21e-26	7.03e-19	2.76e-12	1.03e-06	9.98e-01	1.66e-03	0.00e+00	0.00e+00	0.00e+00	0.00e+00	0.00e+00	0.00e+00	1.17e-77
 5.31835e+13	2.87e-26	8.56e-19	3.16e-12	1.10e-06	9.98e-01	1.55e-03	0.00e+00	0.00e+00	0.00e+00	0.00e+00	0.00e+00	0.00e+00	2.37e-77
 5.50601e+13	3.75e-26	1.05e-18	3.62e-12	1.18e-06	9.99e-01	1.44e-03	0.00e+00	0.00e+00	0.00e+00	0.00e+00	0.00e+00	0.00e+00	4.92e-77
 5.72582e+13	5.08e-26	1.32e-18	4.24e-12	1.28e-06	9.99e-01	1.33e-03	0.00e+00	0.00e+00	0.00e+00	0.00e+00	0.00e+00	0.00e+00	1.12e-76
 5.94160e+13	6.76e-26	1.64e-18	4.91e-12	1.38e-06	9.99e-01	1.23e-03	0.00e+00	0.00e+00	0.00e+00	0.00e+00	0.00e+00	0.00e+00	2.43e-76
 6.14376e+13	8.75e-26	1.99e-18	5.61e-12	1.48e-06	9.99e-01	1.15e-03	0.00e+00	0.00e+00	0.00e+00	0.00e+00	0.00e+00	0.00e+00	4.92e-76
 6.37025e+13	1.16e-25	2.46e-18	6.49e-12	1.59e-06	9.99e-01	1.07e-03	0.00e+00	0.00e+00	0.00e+00	0.00e+00	0.00e+00	0.00e+00	1.05e-75
 6.62806e+13	1.57e-25	3.11e-18	7.61e-12	1.73e-06	9.99e-01	9.87e-04	0.00e+00	0.00e+00	0.00e+00	0.00e+00	0.00e+00	0.00e+00	2.42e-75
 6.88662e+13	2.11e-25	3.89e-18	8.86e-12	1.87e-06	9.99e-01	9.13e-04	0.00e+00	0.00e+00	0.00e+00	0.00e+00	0.00e+00	0.00e+00	5.42e-75
 7.15553e+13	2.84e-25	4.86e-18	1.03e-11	2.02e-06	9.99e-01	8.44e-04	0.00e+00	0.00e+00	0.00e+00	0.00e+00	0.00e+00	0.00e+00	1.21e-74
 7.44474e+13	3.86e-25	6.13e-18	1.21e-11	2.19e-06	9.99e-01	7.78e-04	0.00e+00	0.00e+00	0.00e+00	0.00e+00	0.00e+00	0.00e+00	2.79e-74
 7.74552e+13	5.24e-25	7.74e-18	1.42e-11	2.38e-06	9.99e-01	7.18e-04	0.00e+00	0.00e+00	0.00e+00	0.00e+00	0.00e+00	0.00e+00	6.40e-74
 8.02535e+13	6.89e-25	9.52e-18	1.63e-11	2.55e-06	9.99e-01	6.68e-04	0.00e+00	0.00e+00	0.00e+00	0.00e+00	0.00e+00	0.00e+00	1.35e-73
 8.27049e+13	8.69e-25	1.14e-17	1.84e-11	2.72e-06	9.99e-01	6.28e-04	0.00e+00	0.00e+00	0.00e+00	0.00e+00	0.00e+00	0.00e+00	2.55e-73
 8.54339e+13	1.12e-24	1.37e-17	2.10e-11	2.90e-06	9.99e-01	5.87e-04	0.00e+00	0.00e+00	0.00e+00	0.00e+00	0.00e+00	0.00e+00	5.04e-73
 8.87309e+13	1.50e-24	1.72e-17	2.44e-11	3.14e-06	9.99e-01	5.43e-04	0.00e+00	0.00e+00	0.00e+00	0.00e+00	0.00e+00	0.00e+00	1.12e-72
 9.20512e+13	1.99e-24	2.13e-17	2.83e-11	3.38e-06	9.99e-01	5.04e-04	0.00e+00	0.00e+00	0.00e+00	0.00e+00	0.00e+00	0.00e+00	2.42e-72
 9.50771e+13	2.56e-24	2.57e-17	3.22e-11	3.61e-06	1.00e+00	4.72e-04	0.00e+00	0.00e+00	0.00e+00	0.00e+00	0.00e+00	0.00e+00	4.81e-72
 9.84350e+13	3.34e-24	3.15e-17	3.70e-11	3.88e-06	1.00e+00	4.39e-04	0.00e+00	0.00e+00	0.00e+00	0.00e+00	0.00e+00	0.00e+00	9.98e-72
 1.02355e+14	4.52e-24	3.97e-17	4.33e-11	4.20e-06	1.00e+00	4.06e-04	0.00e+00	0.00e+00	0.00e+00	0.00e+00	0.00e+00	0.00e+00	2.27e-71
 1.06195e+14	6.02e-24	4.93e-17	5.02e-11	4.53e-06	1.00e+00	3.76e-04	0.00e+00	0.00e+00	0.00e+00	0.00e+00	1.58e-17	3.34e-17	5.01e-71
 1.09784e+14	7.80e-24	5.99e-17	5.73e-11	4.85e-06	1.00e+00	3.52e-04	0.00e+00	0.00e+00	0.00e+00	0.00e+00	1.99e-17	4.00e-17	1.01e-70
 1.13800e+14	1.03e-23	7.41e-17	6.62e-11	5.22e-06	1.00e+00	3.27e-04	0.00e+00	0.00e+00	0.00e+00	0.00e+00	2.46e-17	4.95e-17	2.16e-70
 1.18382e+14	1.40e-23	9.35e-17	7.76e-11	5.66e-06	1.00e+00	3.01e-04	0.00e+00	0.00e+00	0.00e+00	0.00e+00	3.10e-17	6.24e-17	4.99e-70
 1.22915e+14	1.88e-23	1.17e-16	9.02e-11	6.11e-06	1.00e+00	2.79e-04	0.00e+00	0.00e+00	0.00e+00	0.00e+00	3.87e-17	7.79e-17	1.11e-69
 1.27629e+14	2.52e-23	1.46e-16	1.05e-10	6.60e-06	1.00e+00	2.59e-04	0.00e+00	0.00e+00	0.00e+00	0.00e+00	4.84e-17	9.74e-17	2.49e-69
 1.32764e+14	3.44e-23	1.84e-16	1.23e-10	7.15e-06	1.00e+00	2.39e-04	0.00e+00	0.00e+00	0.00e+00	0.00e+00	6.11e-17	1.23e-16	5.78e-69
 1.37989e+14	4.65e-23	2.31e-16	1.44e-10	7.74e-06	1.00e+00	2.21e-04	0.00e+00	0.00e+00	0.00e+00	0.00e+00	7.69e-17	1.55e-16	1.32e-68
 1.43423e+14	6.30e-23	2.91e-16	1.68e-10	8.37e-06	1.00e+00	2.04e-04	0.00e+00	0.00e+00	0.00e+00	0.00e+00	9.66e-17	1.94e-16	3.04e-68
 1.49190e+14	8.59e-23	3.68e-16	1.96e-10	9.07e-06	1.00e+00	1.89e-04	0.00e+00	0.00e+00	0.00e+00	0.00e+00	1.22e-16	2.46e-16	7.10e-68
 1.54981e+14	1.16e-22	4.61e-16	2.29e-10	9.80e-06	1.00e+00	1.75e-04	0.00e+00	0.00e+00	0.00e+00	0.00e+00	1.53e-16	3.08e-16	1.62e-67
 1.60479e+14	1.53e-22	5.68e-16	2.63e-10	1.05e-05	1.00e+00	1.63e-04	0.00e+00	0.00e+00	0.00e+00	0.00e+00	1.88e-16	3.79e-16	3.44e-67
 1.66402e+14	2.04e-22	7.05e-16	3.04e-10	1.13e-05	1.00e+00	1.51e-04	0.00e+00	0.00e+00	0.00e+00	0.00e+00	2.34e-16	4.71e-16	7.54e-67
 1.73088e+14	2.78e-22	8.91e-16	3.56e-10	1.23e-05	1.00e+00	1.40e-04	0.00e+00	0.00e+00	0.00e+00	0.00e+00	2.96e-16	5.95e-16	1.77e-66
 1.79664e+14	3.74e-22	1.11e-15	4.13e-10	1.32e-05	1.00e+00	1.30e-04	0.00e+00	0.00e+00	0.00e+00	0.00e+00	3.69e-16	7.44e-16	3.98e-66
 1.86503e+14	5.03e-22	1.39e-15	4.80e-10	1.42e-05	1.00e+00	1.20e-04	0.00e+00	0.00e+00	0.00e+00	0.00e+00	4.62e-16	9.29e-16	8.99e-66
 1.93993e+14	6.87e-22	1.76e-15	5.62e-10	1.54e-05	1.00e+00	1.11e-04	0.00e+00	0.00e+00	0.00e+00	0.00e+00	5.84e-16	1.17e-15	2.12e-65
 2.00885e+14	9.06e-22	2.17e-15	6.46e-10	1.65e-05	1.00e+00	1.04e-04	0.00e+00	0.00e+00	0.00e+00	0.00e+00	7.19e-16	1.45e-15	4.53e-65
 2.06850e+14	1.14e-21	2.58e-15	7.26e-10	1.75e-05	1.00e+00	9.78e-05	0.00e+00	0.00e+00	0.00e+00	0.00e+00	8.56e-16	1.72e-15	8.58e-65
 2.13497e+14	1.47e-21	3.11e-15	8.23e-10	1.87e-05	1.00e+00	9.18e-05	0.00e+00	0.00e+00	0.00e+00	0.00e+00	1.03e-15	2.08e-15	1.71e-64
 2.21614e+14	1.98e-21	3.89e-15	9.56e-10	2.01e-05	1.00e+00	8.52e-05	0.00e+00	0.00e+00	0.00e+00	0.00e+00	1.29e-15	2.60e-15	3.86e-64
 2.30006e+14	2.66e-21	4.86e-15	1.11e-09	2.17e-05	1.00e+00	7.91e-05	0.00e+00	0.00e+00	0.00e+00	0.00e+00	1.61e-15	3.24e-15	8.69e-64
 2.37872e+14	3.47e-21	5.93e-15	1.27e-09	2.32e-05	1.00e+00	7.40e-05	0.00e+00	0.00e+00	0.00e+00	0.00e+00	1.97e-15	3.96e-15	1.81e-63
 2.45424e+14	4.44e-21	7.15e-15	1.44e-09	2.47e-05	1.00e+00	6.95e-05	0.00e+00	0.00e+00	0.00e+00	0.00e+00	2.37e-15	4.78e-15	3.58e-63
 2.53974e+14	5.82e-21	8.76e-15	1.65e-09	2.64e-05	1.00e+00	6.49e-05	0.00e+00	0.00e+00	0.00e+00	0.00e+00	2.91e-15	5.85e-15	7.52e-63
 2.63443e+14	7.79e-21	1.09e-14	1.90e-09	2.84e-05	1.00e+00	6.03e-05	0.00e+00	0.00e+00	0.00e+00	0.00e+00	3.61e-15	7.28e-15	1.67e-62
 2.72231e+14	1.01e-20	1.32e-14	2.17e-09	3.04e-05	1.00e+00	5.64e-05	0.00e+00	0.00e+00	0.00e+00	0.00e+00	4.39e-15	8.85e-15	3.39e-62
 2.81778e+14	1.33e-20	1.63e-14	2.49e-09	3.25e-05	1.00e+00	5.27e-05	0.00e+00	0.00e+00	0.00e+00	0.00e+00	5.39e-15	1.09e-14	7.21e-62
 2.92433e+14	1.78e-20	2.03e-14	2.89e-09	3.51e-05	1.00e+00	4.88e-05	0.00e+00	0.00e+00	0.00e+00	0.00e+00	6.72e-15	1.35e-14	1.60e-61
 3.02433e+14	2.31e-20	2.47e-14	3.30e-09	3.75e-05	1.00e+00	4.56e-05	0.00e+00	0.00e+00	0.00e+00	0.00e+00	8.20e-15	1.65e-14	3.32e-61
 3.13335e+14	3.06e-20	3.05e-14	3.81e-09	4.03e-05	1.00e+00	4.25e-05	0.00e+00	0.00e+00	0.00e+00	0.00e+00	1.01e-14	2.04e-14	7.11e-61
 3.25474e+14	4.12e-20	3.82e-14	4.43e-09	4.35e-05	1.00e+00	3.93e-05	0.00e+00	0.00e+00	0.00e+00	0.00e+00	1.27e-14	2.55e-14	1.61e-60
 3.36873e+14	5.39e-20	4.68e-14	5.09e-09	4.67e-05	1.00e+00	3.67e-05	0.00e+00	0.00e+00	0.00e+00	0.00e+00	1.55e-14	3.13e-14	3.36e-60
 3.49151e+14	7.12e-20	5.78e-14	5.87e-09	5.02e-05	1.00e+00	3.41e-05	0.00e+00	0.00e+00	0.00e+00	0.00e+00	1.91e-14	3.86e-14	7.22e-60
 3.62842e+14	9.60e-20	7.24e-14	6.85e-09	5.44e-05	1.00e+00	3.15e-05	0.00e+00	0.00e+00	0.00e+00	0.00e+00	2.40e-14	4.84e-14	1.63e-59
 3.76028e+14	1.27e-19	8.93e-14	7.91e-09	5.85e-05	1.00e+00	2.92e-05	0.00e+00	0.00e+00	0.00e+00	0.00e+00	2.96e-14	5.97e-14	3.48e-59
 3.90047e+14	1.68e-19	1.11e-13	9.16e-09	6.31e-05	1.00e+00	2.71e-05	0.00e+00	0.00e+00	0.00e+00	0.00e+00	3.67e-14	7.41e-14	7.54e-59
 4.05679e+14	2.28e-19	1.40e-13	1.07e-08	6.84e-05	1.00e+00	2.50e-05	0.00e+00	0.00e+00	0.00e+00	0.00e+00	4.62e-14	9.33e-14	1.73e-58
 4.21266e+14	3.04e-19	1.74e-13	1.25e-08	7.40e-05	1.00e+00	2.31e-05	0.00e+00	0.00e+00	0.00e+00	0.00e+00	5.76e-14	1.16e-13	3.81e-58
 4.37476e+14	4.06e-19	2.17e-13	1.45e-08	8.00e-05	1.00e+00	2.14e-05	0.00e+00	0.00e+00	0.00e+00	0.00e+00	7.19e-14	1.45e-13	8.40e-58
 4.55005e+14	5.49e-19	2.73e-13	1.70e-08	8.69e-05	1.00e+00	1.97e-05	0.00e+00	0.00e+00	0.00e+00	0.00e+00	9.04e-14	1.83e-13	1.91e-57
 4.73235e+14	7.39e-19	3.43e-13	2.00e-08	9.44e-05	1.00e+00	1.81e-05	0.00e+00	0.00e+00	0.00e+00	0.00e+00	1.13e-13	2.29e-13	4.28e-57
 4.92195e+14	9.94e-19	4.31e-13	2.34e-08	1.03e-04	1.00e+00	1.67e-05	0.00e+00	0.00e+00	0.00e+00	0.00e+00	1.42e-13	2.88e-13	9.63e-57
 5.11912e+14	1.33e-18	5.40e-13	2.74e-08	1.12e-04	1.00e+00	1.53e-05	0.00e+00	0.00e+00	0.00e+00	0.00e+00	1.79e-13	3.61e-13	2.15e-56
 5.30804e+14	1.75e-18	6.66e-13	3.18e-08	1.20e-04	1.00e+00	1.42e-05	0.00e+00	0.00e+00	0.00e+00	0.00e+00	2.20e-13	4.46e-13	4.53e-56
 5.46748e+14	2.19e-18	7.90e-13	3.58e-08	1.28e-04	1.00e+00	1.33e-05	0.00e+00	0.00e+00	0.00e+00	0.00e+00	2.61e-13	5.29e-13	8.24e-56
 5.63089e+14	2.72e-18	9.35e-13	4.04e-08	1.37e-04	1.00e+00	1.25e-05	0.00e+00	0.00e+00	0.00e+00	0.00e+00	3.09e-13	6.26e-13	1.49e-55
 5.83787e+14	3.55e-18	1.15e-12	4.67e-08	1.48e-04	1.00e+00	1.16e-05	0.00e+00	0.00e+00	0.00e+00	0.00e+00	3.80e-13	7.70e-13	3.09e-55
 6.04987e+14	4.61e-18	1.41e-12	5.40e-08	1.60e-04	1.00e+00	1.08e-05	0.00e+00	0.00e+00	0.00e+00	0.00e+00	4.66e-13	9.44e-13	6.32e-55
 6.23272e+14	5.74e-18	1.67e-12	6.10e-08	1.71e-04	1.00e+00	1.01e-05	0.00e+00	0.00e+00	0.00e+00	0.00e+00	5.52e-13	1.12e-12	1.15e-54
 6.42930e+14	7.17e-18	1.99e-12	6.92e-08	1.83e-04	1.00e+00	9.48e-06	0.00e+00	0.00e+00	0.00e+00	0.00e+00	6.57e-13	1.33e-12	2.11e-54
 6.67136e+14	9.37e-18	2.45e-12	8.04e-08	1.98e-04	1.00e+00	8.77e-06	0.00e+00	0.00e+00	0.00e+00	0.00e+00	8.10e-13	1.64e-12	4.41e-54
 6.91556e+14	1.21e-17	3.01e-12	9.31e-08	2.15e-04	1.00e+00	8.13e-06	0.00e+00	0.00e+00	0.00e+00	0.00e+00	9.92e-13	2.01e-12	9.00e-54
 7.13016e+14	1.51e-17	3.57e-12	1.05e-07	2.30e-04	1.00e+00	7.63e-06	0.00e+00	0.00e+00	0.00e+00	0.00e+00	1.18e-12	2.39e-12	1.64e-53
 7.36332e+14	1.90e-17	4.27e-12	1.20e-07	2.47e-04	1.00e+00	7.13e-06	0.00e+00	0.00e+00	0.00e+00	0.00e+00	1.41e-12	2.86e-12	3.09e-53
 7.64515e+14	2.48e-17	5.27e-12	1.40e-07	2.68e-04	1.00e+00	6.59e-06	0.00e+00	0.00e+00	0.00e+00	0.00e+00	1.74e-12	3.53e-12	6.45e-53
 7.92506e+14	3.19e-17	6.43e-12	1.62e-07	2.91e-04	1.00e+00	6.11e-06	0.00e+00	0.00e+00	0.00e+00	0.00e+00	2.12e-12	4.31e-12	1.30e-52
 8.17354e+14	3.96e-17	7.64e-12	1.83e-07	3.11e-04	1.00e+00	5.74e-06	0.00e+00	0.00e+00	0.00e+00	0.00e+00	2.52e-12	5.12e-12	2.40e-52
 8.44639e+14	4.97e-17	9.14e-12	2.10e-07	3.35e-04	1.00e+00	5.36e-06	0.00e+00	4.15e-18	1.25e-17	2.08e-17	3.02e-12	6.13e-12	4.52e-52
 8.77277e+14	6.46e-17	1.13e-11	2.44e-07	3.65e-04	1.00e+00	4.96e-06	0.00e+00	5.40e-18	1.62e-17	2.71e-17	3.72e-12	7.55e-12	9.50e-52
 9.09626e+14	8.29e-17	1.38e-11	2.83e-07	3.96e-04	1.00e+00	4.61e-06	0.00e+00	6.94e-18	2.09e-17	3.48e-17	4.53e-12	9.22e-12	1.93e-51
 9.38889e+14	1.03e-16	1.63e-11	3.22e-07	4.25e-04	1.00e+00	4.32e-06	0.00e+00	8.63e-18	2.59e-17	4.33e-17	5.39e-12	1.10e-11	3.58e-51
 9.71389e+14	1.30e-16	1.97e-11	3.69e-07	4.59e-04	1.00e+00	4.04e-06	0.00e+00	1.09e-17	3.27e-17	5.47e-17	6.49e-12	1.32e-11	6.98e-51
 1.00957e+15	1.69e-16	2.43e-11	4.31e-07	5.01e-04	9.99e-01	3.74e-06	0.00e+00	1.42e-17	4.26e-17	7.12e-17	8.01e-12	1.63e-11	1.49e-50
 1.04711e+15	2.16e-16	2.97e-11	5.00e-07	5.45e-04	9.99e-01	3.49e-06	0.00e+00	1.82e-17	5.47e-17	9.13e-17	9.78e-12	1.99e-11	3.06e-50
 1.08194e+15	2.70e-16	3.55e-11	5.70e-07	5.87e-04	9.99e-01	3.28e-06	0.00e+00	2.27e-17	6.83e-17	1.14e-16	1.17e-11	2.38e-11	5.85e-50
 1.12103e+15	3.43e-16	4.30e-11	6.58e-07	6.36e-04	9.99e-01	3.07e-06	0.00e+00	2.89e-17	8.69e-17	1.45e-16	1.42e-11	2.88e-11	1.18e-49
 1.16590e+15	4.46e-16	5.32e-11	7.71e-07	6.95e-04	9.99e-01	2.85e-06	0.00e+00	3.77e-17	1.13e-16	1.89e-16	1.75e-11	3.57e-11	2.59e-49
 1.21002e+15	5.73e-16	6.51e-11	8.95e-07	7.57e-04	9.99e-01	2.67e-06	0.00e+00	4.84e-17	1.45e-16	2.43e-16	2.14e-11	4.36e-11	5.46e-49
 1.25590e+15	7.35e-16	7.96e-11	1.04e-06	8.23e-04	9.99e-01	2.50e-06	0.00e+00	6.22e-17	1.87e-16	3.12e-16	2.62e-11	5.34e-11	1.16e-48
 1.30617e+15	9.55e-16	9.84e-11	1.22e-06	9.00e-04	9.99e-01	2.34e-06	0.00e+00	8.10e-17	2.43e-16	4.06e-16	3.24e-11	6.60e-11	2.56e-48
 1.35710e+15	1.23e-15	1.21e-10	1.42e-06	9.81e-04	9.99e-01	2.20e-06	0.00e+00	1.05e-16	3.14e-16	5.25e-16	3.99e-11	8.12e-11	5.59e-48
 1.41008e+15	1.59e-15	1.49e-10	1.65e-06	1.07e-03	9.99e-01	2.07e-06	0.00e+00	1.35e-16	4.06e-16	6.78e-16	4.91e-11	9.99e-11	1.23e-47
 1.46651e+15	2.06e-15	1.84e-10	1.93e-06	1.17e-03	9.99e-01	1.95e-06	0.00e+00	1.76e-16	5.28e-16	8.82e-16	6.07e-11	1.24e-10	2.78e-47
 1.51534e+15	2.57e-15	2.20e-10	2.20e-06	1.26e-03	9.99e-01	1.86e-06	0.00e+00	2.19e-16	6.57e-16	1.10e-15	7.24e-11	1.48e-10	5.52e-47
 1.55287e+15	3.02e-15	2.51e-10	2.42e-06	1.33e-03	9.99e-01	1.80e-06	0.00e+00	2.58e-16	7.74e-16	1.29e-15	8.27e-11	1.68e-10	9.24e-47
 1.59302e+15	3.52e-15	2.89e-10	2.68e-06	1.41e-03	9.99e-01	1.74e-06	0.00e+00	3.01e-16	9.03e-16	1.51e-15	9.50e-11	1.94e-10	1.57e-46
 1.64521e+15	4.36e-15	3.44e-10	3.05e-06	1.52e-03	9.98e-01	1.66e-06	0.00e+00	3.73e-16	1.12e-15	1.87e-15	1.13e-10	2.31e-10	3.12e-46
 1.70200e+15	5.46e-15	4.14e-10	3.49e-06	1.63e-03	9.98e-01	1.60e-06	0.00e+00	4.67e-16	1.40e-15	2.34e-15	1.36e-10	2.78e-10	6.45e-46
 1.75369e+15	6.66e-15	4.88e-10	3.93e-06	1.75e-03	9.98e-01	1.54e-06	0.00e+00	5.71e-16	1.71e-15	2.86e-15	1.61e-10	3.27e-10	1.23e-45
 1.80981e+15	8.19e-15	5.79e-10	4.45e-06	1.88e-03	9.98e-01	1.49e-06	0.00e+00	7.03e-16	2.11e-15	3.52e-15	1.91e-10	3.88e-10	2.41e-45
 1.87837e+15	1.04e-14	7.08e-10	5.16e-06	2.04e-03	9.98e-01	1.43e-06	0.00e+00	8.95e-16	2.69e-15	4.49e-15	2.33e-10	4.74e-10	5.37e-45
 1.94677e+15	1.33e-14	8.64e-10	5.95e-06	2.21e-03	9.98e-01	1.39e-06	0.00e+00	1.14e-15	3.43e-15	5.73e-15	2.85e-10	5.79e-10	1.17e-44
 2.00713e+15	1.62e-14	1.02e-09	6.72e-06	2.36e-03	9.98e-01	1.35e-06	0.00e+00	1.40e-15	4.20e-15	7.01e-15	3.37e-10	6.85e-10	2.28e-44
 2.07340e+15	2.02e-14	1.22e-09	7.64e-06	2.54e-03	9.97e-01	1.32e-06	0.00e+00	1.74e-15	5.21e-15	8.70e-15	4.03e-10	8.19e-10	4.63e-44
 2.15309e+15	2.58e-14	1.50e-09	8.87e-06	2.76e-03	9.97e-01	1.29e-06	0.00e+00	2.23e-15	6.70e-15	1.12e-14	4.96e-10	1.01e-09	1.07e-43
 2.23248e+15	3.28e-14	1.84e-09	1.02e-05	2.99e-03	9.97e-01	1.26e-06	0.00e+00	2.84e-15	8.52e-15	1.42e-14	6.06e-10	1.23e-09	2.36e-43
 2.30412e+15	4.04e-14	2.19e-09	1.16e-05	3.21e-03	9.97e-01	1.24e-06	0.00e+00	3.50e-15	1.05e-14	1.75e-14	7.22e-10	1.47e-09	4.70e-43
 2.38343e+15	5.06e-14	2.64e-09	1.33e-05	3.46e-03	9.97e-01	1.22e-06	0.00e+00	4.38e-15	1.32e-14	2.20e-14	8.72e-10	1.77e-09	9.88e-43
 2.47684e+15	6.53e-14	3.28e-09	1.55e-05	3.76e-03	9.96e-01	1.20e-06	0.00e+00	5.66e-15	1.70e-14	2.83e-14	1.08e-09	2.20e-09	2.29e-42
 2.56888e+15	8.31e-14	4.02e-09	1.79e-05	4.08e-03	9.96e-01	1.19e-06	0.00e+00	7.21e-15	2.16e-14	3.61e-14	1.33e-09	2.69e-09	5.10e-42
 2.65410e+15	1.03e-13	4.82e-09	2.03e-05	4.38e-03	9.96e-01	1.18e-06	0.00e+00	8.96e-15	2.69e-14	4.49e-14	1.59e-09	3.23e-09	1.04e-41
 2.74978e+15	1.30e-13	5.89e-09	2.34e-05	4.73e-03	9.95e-01	1.17e-06	0.00e+00	1.13e-14	3.40e-14	5.67e-14	1.94e-09	3.95e-09	2.26e-41
 2.85980e+15	1.68e-13	7.35e-09	2.74e-05	5.16e-03	9.95e-01	1.16e-06	0.00e+00	1.47e-14	4.40e-14	7.34e-14	2.43e-09	4.92e-09	5.30e-41
 2.96769e+15	2.15e-13	9.05e-09	3.17e-05	5.59e-03	9.94e-01	1.16e-06	0.00e+00	1.88e-14	5.63e-14	9.40e-14	2.99e-09	6.06e-09	1.16e-40
 3.07991e+15	2.75e-13	1.12e-08	3.67e-05	6.06e-03	9.94e-01	1.16e-06	0.00e+00	2.40e-14	7.20e-14	1.20e-13	3.69e-09	7.48e-09	2.59e-40
 3.20313e+15	3.55e-13	1.39e-08	4.29e-05	6.61e-03	9.93e-01	1.16e-06	0.00e+00	3.10e-14	9.31e-14	1.55e-13	4.61e-09	9.34e-09	6.05e-40
 3.32771e+15	4.55e-13	1.74e-08	5.00e-05	7.18e-03	9.93e-01	1.17e-06	0.00e+00	3.98e-14	1.19e-13	1.99e-13	5.73e-09	1.16e-08	1.38e-39
 3.45727e+15	5.86e-13	2.16e-08	5.82e-05	7.80e-03	9.92e-01	1.18e-06	0.00e+00	5.12e-14	1.54e-13	2.57e-13	7.13e-09	1.44e-08	3.14e-39
 3.59559e+15	7.57e-13	2.70e-08	6.80e-05	8.50e-03	9.91e-01	1.18e-06	0.00e+00	6.63e-14	1.99e-13	3.32e-13	8.92e-09	1.81e-08	7.26e-39
 3.71502e+15	9.34e-13	3.25e-08	7.75e-05	9.12e-03	9.91e-01	1.19e-06	0.00e+00	8.18e-14	2.46e-13	4.10e-13	1.07e-08	2.17e-08	1.45e-38
 3.80636e+15	1.09e-12	3.73e-08	8.53e-05	9.61e-03	9.90e-01	1.20e-06	0.00e+00	9.57e-14	2.87e-13	4.79e-13	1.23e-08	2.50e-08	2.41e-38
 3.90392e+15	1.29e-12	4.31e-08	9.44e-05	1.02e-02	9.90e-01	1.21e-06	0.00e+00	1.13e-13	3.40e-13	5.67e-13	1.43e-08	2.89e-08	4.12e-38
 4.03075e+15	1.59e-12	5.18e-08	1.07e-04	1.09e-02	9.89e-01	1.21e-06	0.00e+00	1.40e-13	4.20e-13	7.01e-13	1.71e-08	3.47e-08	8.00e-38
 4.16937e+15	1.99e-12	6.29e-08	1.23e-04	1.17e-02	9.88e-01	1.21e-06	0.00e+00	1.75e-13	5.24e-13	8.74e-13	2.08e-08	4.21e-08	1.61e-37
 4.29576e+15	2.41e-12	7.46e-08	1.38e-04	1.25e-02	9.87e-01	1.22e-06	0.00e+00	2.12e-13	6.36e-13	1.06e-12	2.47e-08	4.99e-08	2.98e-37
 4.43250e+15	2.96e-12	8.94e-08	1.57e-04	1.34e-02	9.86e-01	1.23e-06	0.00e+00	2.60e-13	7.81e-13	1.30e-12	2.96e-08	5.98e-08	5.73e-37
 4.60000e+15	3.76e-12	1.11e-07	1.82e-04	1.45e-02	9.85e-01	1.24e-06	0.00e+00	3.31e-13	9.93e-13	1.66e-12	3.66e-08	7.40e-08	1.23e-36
 4.76684e+15	4.73e-12	1.36e-07	2.10e-04	1.57e-02	9.84e-01	1.25e-06	0.00e+00	4.17e-13	1.25e-12	2.09e-12	4.49e-08	9.08e-08	2.52e-36
 4.91223e+15	5.74e-12	1.61e-07	2.37e-04	1.67e-02	9.83e-01	1.26e-06	0.00e+00	5.06e-13	1.52e-12	2.53e-12	5.34e-08	1.08e-07	4.64e-36
 5.07039e+15	7.06e-12	1.94e-07	2.69e-04	1.79e-02	9.82e-01	1.27e-06	0.00e+00	6.24e-13	1.87e-12	3.12e-12	6.42e-08	1.30e-07	8.89e-36
 5.26299e+15	9.05e-12	2.41e-07	3.13e-04	1.95e-02	9.80e-01	1.28e-06	0.00e+00	7.99e-13	2.40e-12	4.00e-12	7.99e-08	1.61e-07	1.89e-35
 5.45402e+15	1.14e-11	2.96e-07	3.61e-04	2.10e-02	9.79e-01	1.29e-06	9.49e-13	1.00e-12	3.01e-12	5.03e-12	9.81e-08	1.98e-07	3.87e-35
 5.62339e+15	1.39e-11	3.54e-07	4.09e-04	2.25e-02	9.77e-01	1.30e-06	0.00e+00	1.23e-12	3.69e-12	6.15e-12	1.17e-07	2.37e-07	7.12e-35
 5.81094e+15	1.72e-11	4.29e-07	4.67e-04	2.42e-02	9.75e-01	1.30e-06	0.00e+00	1.52e-12	4.57e-12	7.63e-12	1.42e-07	2.87e-07	1.37e-34
 6.03531e+15	2.21e-11	5.35e-07	5.45e-04	2.63e-02	9.73e-01	1.31e-06	0.00e+00	1.96e-12	5.88e-12	9.80e-12	1.77e-07	3.58e-07	2.92e-34
 6.25673e+15	2.79e-11	6.59e-07	6.31e-04	2.85e-02	9.71e-01	1.32e-06	0.00e+00	2.47e-12	7.42e-12	1.24e-11	2.19e-07	4.41e-07	5.90e-34
 6.45693e+15	3.43e-11	7.93e-07	7.17e-04	3.06e-02	9.69e-01	1.33e-06	0.00e+00	3.05e-12	9.15e-12	1.53e-11	2.63e-07	5.30e-07	1.09e-33
 6.68034e+15	4.31e-11	9.70e-07	8.25e-04	3.30e-02	9.66e-01	1.33e-06	0.00e+00	3.83e-12	1.15e-11	1.92e-11	3.21e-07	6.48e-07	2.14e-33
 6.93232e+15	5.49e-11	1.20e-06	9.61e-04	3.59e-02	9.63e-01	1.33e-06	0.00e+00	4.89e-12	1.47e-11	2.45e-11	3.99e-07	8.05e-07	4.27e-33
 7.16320e+15	6.81e-11	1.46e-06	1.10e-03	3.87e-02	9.60e-01	1.34e-06	0.00e+00	6.07e-12	1.82e-11	3.04e-11	4.84e-07	9.75e-07	7.97e-33
 7.37001e+15	8.24e-11	1.73e-06	1.24e-03	4.13e-02	9.57e-01	1.34e-06	0.00e+00	7.34e-12	2.20e-11	3.67e-11	5.72e-07	1.15e-06	1.38e-32
 7.60376e+15	1.02e-10	2.08e-06	1.41e-03	4.44e-02	9.54e-01	1.35e-06	0.00e+00	9.10e-12	2.73e-11	4.55e-11	6.90e-07	1.39e-06	2.53e-32
 7.84399e+15	1.25e-10	2.50e-06	1.61e-03	4.77e-02	9.51e-01	1.34e-06	0.00e+00	1.12e-11	3.35e-11	5.58e-11	8.28e-07	1.67e-06	4.51e-32
 8.04541e+15	1.49e-10	2.90e-06	1.79e-03	5.06e-02	9.48e-01	1.35e-06	0.00e+00	1.33e-11	3.98e-11	6.64e-11	9.62e-07	1.94e-06	7.22e-32
 8.26006e+15	1.78e-10	3.40e-06	2.00e-03	5.39e-02	9.44e-01	1.35e-06	0.00e+00	1.59e-11	4.78e-11	7.97e-11	1.13e-06	2.27e-06	1.20e-31
 8.53909e+15	2.25e-10	4.16e-06	2.31e-03	5.83e-02	9.39e-01	1.34e-06	0.00e+00	2.01e-11	6.04e-11	1.01e-10	1.38e-06	2.78e-06	2.28e-31
 8.82211e+15	2.82e-10	5.05e-06	2.65e-03	6.31e-02	9.34e-01	1.35e-06	0.00e+00	2.53e-11	7.58e-11	1.26e-10	1.68e-06	3.38e-06	4.12e-31
 9.05489e+15	3.36e-10	5.90e-06	2.97e-03	6.71e-02	9.30e-01	1.34e-06	0.00e+00	3.01e-11	9.04e-11	1.51e-10	1.96e-06	3.94e-06	6.61e-31
 9.30208e+15	4.08e-10	6.98e-06	3.34e-03	7.17e-02	9.25e-01	1.34e-06	0.00e+00	3.67e-11	1.10e-10	1.83e-10	2.32e-06	4.66e-06	1.11e-30
 9.62342e+15	5.22e-10	8.63e-06	3.90e-03	7.80e-02	9.18e-01	1.33e-06	0.00e+00	4.69e-11	1.41e-10	2.35e-10	2.87e-06	5.76e-06	2.13e-30
 9.95315e+15	6.68e-10	1.06e-05	4.53e-03	8.48e-02	9.11e-01	1.33e-06	0.00e+00	6.02e-11	1.81e-10	3.01e-10	3.52e-06	7.08e-06	3.88e-30
 1.02177e+16	8.01e-10	1.24e-05	5.09e-03	9.06e-02	9.04e-01	1.33e-06	0.00e+00	7.22e-11	2.17e-10	3.61e-10	4.13e-06	8.30e-06	6.20e-30
 1.04854e+16	9.77e-10	1.47e-05	5.75e-03	9.68e-02	8.97e-01	1.32e-06	0.00e+00	8.81e-11	2.64e-10	4.41e-10	4.89e-06	9.81e-06	1.02e-29
 1.08335e+16	1.26e-09	1.82e-05	6.72e-03	1.05e-01	8.88e-01	1.31e-06	0.00e+00	1.14e-10	3.40e-10	5.68e-10	6.05e-06	1.21e-05	1.91e-29
 1.11828e+16	1.61e-09	2.23e-05	7.81e-03	1.15e-01	8.78e-01	1.30e-06	0.00e+00	1.46e-10	4.37e-10	7.28e-10	7.40e-06	1.49e-05	3.35e-29
 1.14590e+16	1.94e-09	2.61e-05	8.79e-03	1.22e-01	8.69e-01	1.30e-06	0.00e+00	1.76e-10	5.28e-10	8.80e-10	8.67e-06	1.74e-05	5.19e-29
 1.17430e+16	2.38e-09	3.08e-05	9.96e-03	1.31e-01	8.59e-01	1.29e-06	0.00e+00	2.16e-10	6.48e-10	1.08e-09	1.03e-05	2.06e-05	8.43e-29
 1.20531e+16	2.92e-09	3.67e-05	1.14e-02	1.40e-01	8.48e-01	1.28e-06	0.00e+00	2.65e-10	7.95e-10	1.32e-09	1.22e-05	2.45e-05	1.37e-28
 1.23337e+16	3.53e-09	4.30e-05	1.28e-02	1.50e-01	8.37e-01	1.27e-06	0.00e+00	3.21e-10	9.62e-10	1.60e-09	1.43e-05	2.87e-05	2.10e-28
 1.25935e+16	4.27e-09	4.99e-05	1.43e-02	1.59e-01	8.27e-01	1.27e-06	0.00e+00	3.89e-10	1.17e-09	1.94e-09	1.66e-05	3.33e-05	3.15e-28
 1.28892e+16	5.28e-09	5.93e-05	1.63e-02	1.70e-01	8.14e-01	1.27e-06	0.00e+00	4.81e-10	1.44e-09	2.40e-09	1.97e-05	3.96e-05	5.09e-28
 1.32063e+16	6.56e-09	7.09e-05	1.87e-02	1.83e-01	7.99e-01	1.26e-06	0.00e+00	5.98e-10	1.79e-09	2.99e-09	2.36e-05	4.73e-05	8.21e-28
 1.34842e+16	7.97e-09	8.29e-05	2.11e-02	1.94e-01	7.85e-01	1.25e-06	0.00e+00	7.27e-10	2.18e-09	3.64e-09	2.76e-05	5.53e-05	1.24e-27
 1.37385e+16	9.56e-09	9.59e-05	2.36e-02	2.06e-01	7.71e-01	1.25e-06	0.00e+00	8.73e-10	2.62e-09	4.36e-09	3.19e-05	6.40e-05	1.83e-27
 1.40289e+16	1.18e-08	1.14e-04	2.70e-02	2.20e-01	7.53e-01	1.24e-06	0.00e+00	1.08e-09	3.22e-09	5.37e-09	3.79e-05	7.60e-05	2.91e-27
 1.43396e+16	1.48e-08	1.37e-04	3.11e-02	2.36e-01	7.33e-01	1.24e-06	0.00e+00	1.36e-09	4.07e-09	6.78e-09	4.55e-05	9.11e-05	4.72e-27
 1.46079e+16	1.81e-08	1.60e-04	3.51e-02	2.50e-01	7.14e-01	1.24e-06	0.00e+00	1.66e-09	4.98e-09	8.30e-09	5.33e-05	1.07e-04	7.09e-27
 1.48476e+16	2.16e-08	1.84e-04	3.93e-02	2.64e-01	6.96e-01	1.24e-06	0.00e+00	1.98e-09	5.93e-09	9.88e-09	6.14e-05	1.23e-04	1.03e-26
 1.50811e+16	2.58e-08	2.13e-04	4.40e-02	2.78e-01	6.77e-01	1.24e-06	0.00e+00	2.37e-09	7.11e-09	1.18e-08	7.09e-05	1.42e-04	1.51e-26
 1.53093e+16	3.10e-08	2.45e-04	4.91e-02	2.93e-01	6.57e-01	1.25e-06	0.00e+00	2.84e-09	8.53e-09	1.42e-08	8.17e-05	1.64e-04	2.19e-26
 1.55322e+16	3.71e-08	2.83e-04	5.49e-02	3.08e-01	6.36e-01	1.25e-06	0.00e+00	3.41e-09	1.02e-08	1.71e-08	9.42e-05	1.88e-04	3.21e-26
 1.57508e+16	4.46e-08	3.26e-04	6.14e-02	3.24e-01	6.14e-01	1.26e-06	0.00e+00	4.10e-09	1.23e-08	2.05e-08	1.09e-04	2.17e-04	4.70e-26
 1.59655e+16	5.41e-08	3.77e-04	6.86e-02	3.41e-01	5.90e-01	1.29e-06	0.00e+00	4.98e-09	1.49e-08	2.49e-08	1.26e-04	2.52e-04	7.05e-26
 1.61729e+16	6.43e-08	4.32e-04	7.65e-02	3.57e-01	5.66e-01	1.30e-06	1.86e-12	5.92e-09	1.77e-08	2.96e-08	1.44e-04	2.88e-04	1.01e-25
 1.64057e+16	8.09e-08	5.14e-04	8.71e-02	3.77e-01	5.35e-01	1.33e-06	0.00e+00	7.46e-09	2.24e-08	3.73e-08	1.71e-04	3.42e-04	1.67e-25
 1.66450e+16	9.91e-08	6.04e-04	9.92e-02	3.98e-01	5.02e-01	1.34e-06	2.26e-12	9.15e-09	2.74e-08	4.57e-08	2.01e-04	4.03e-04	2.57e-25
 1.68391e+16	1.19e-07	6.96e-04	1.11e-01	4.16e-01	4.73e-01	1.37e-06	0.00e+00	1.10e-08	3.30e-08	5.50e-08	2.32e-04	4.64e-04	3.85e-25
 1.70051e+16	1.43e-07	7.92e-04	1.22e-01	4.32e-01	4.45e-01	1.43e-06	2.94e-12	1.32e-08	3.96e-08	6.60e-08	2.64e-04	5.28e-04	5.64e-25
 1.71885e+16	1.73e-07	9.13e-04	1.36e-01	4.50e-01	4.13e-01	1.45e-06	0.00e+00	1.60e-08	4.79e-08	7.98e-08	3.04e-04	6.09e-04	8.62e-25
 1.73808e+16	2.10e-07	1.04e-03	1.52e-01	4.69e-01	3.78e-01	1.47e-06	3.66e-12	1.94e-08	5.82e-08	9.70e-08	3.47e-04	6.94e-04	1.25e-24
 1.75397e+16	2.53e-07	1.21e-03	1.68e-01	4.86e-01	3.45e-01	1.56e-06	0.00e+00	2.35e-08	7.03e-08	1.17e-07	4.03e-04	8.06e-04	2.06e-24
 1.76684e+16	2.93e-07	1.34e-03	1.82e-01	4.99e-01	3.18e-01	1.61e-06	5.28e-12	2.72e-08	8.15e-08	1.36e-07	4.48e-04	8.96e-04	2.87e-24
 1.78026e+16	3.46e-07	1.51e-03	1.97e-01	5.13e-01	2.88e-01	1.64e-06	0.00e+00	3.22e-08	9.64e-08	1.61e-07	5.04e-04	1.01e-03	4.25e-24
 1.79454e+16	4.06e-07	1.69e-03	2.15e-01	5.27e-01	2.56e-01	1.68e-06	7.21e-12	3.78e-08	1.13e-07	1.89e-07	5.65e-04	1.13e-03	6.19e-24
 1.80660e+16	4.71e-07	1.85e-03	2.31e-01	5.39e-01	2.28e-01	1.69e-06	0.00e+00	4.38e-08	1.31e-07	2.19e-07	6.18e-04	1.23e-03	8.30e-24
 1.81594e+16	5.38e-07	2.04e-03	2.45e-01	5.48e-01	2.06e-01	1.75e-06	0.00e+00	5.01e-08	1.50e-07	2.50e-07	6.79e-04	1.36e-03	1.19e-23
 1.82263e+16	5.91e-07	2.16e-03	2.54e-01	5.54e-01	1.90e-01	1.79e-06	1.11e-11	5.51e-08	1.65e-07	2.75e-07	7.19e-04	1.44e-03	1.46e-23
 1.82885e+16	6.38e-07	2.26e-03	2.64e-01	5.59e-01	1.75e-01	1.77e-06	0.00e+00	5.95e-08	1.78e-07	2.97e-07	7.53e-04	1.50e-03	1.72e-23
 1.83692e+16	7.30e-07	2.45e-03	2.77e-01	5.66e-01	1.55e-01	1.78e-06	0.00e+00	6.82e-08	2.04e-07	3.41e-07	8.17e-04	1.63e-03	2.39e-23
 1.84472e+16	8.00e-07	2.59e-03	2.88e-01	5.72e-01	1.37e-01	1.72e-06	0.00e+00	7.48e-08	2.24e-07	3.73e-07	8.63e-04	1.72e-03	2.88e-23
 1.85113e+16	9.02e-07	2.76e-03	2.99e-01	5.76e-01	1.22e-01	1.73e-06	0.00e+00	8.44e-08	2.53e-07	4.22e-07	9.20e-04	1.84e-03	3.78e-23
