#depth	C	C+	C+2	C+3	C+4	C+5	C+6	C[1]	C[2]	C[3]	C+[1]	C+[2]	CO
 1.49634e+10	8.78e-48	1.49e-36	2.21e-26	1.17e-16	2.20e-06	3.84e-02	9.62e-01	0.00e+00	0.00e+00	0.00e+00	0.00e+00	0.00e+00	6.51e-147
 4.54887e+10	0.00e+00	2.19e-36	3.02e-26	1.47e-16	2.55e-06	4.15e-02	9.58e-01	0.00e+00	0.00e+00	0.00e+00	0.00e+00	0.00e+00	2.75e-191
 7.72350e+10	2.25e-47	3.26e-36	4.15e-26	1.86e-16	2.99e-06	4.48e-02	9.55e-01	0.00e+00	0.00e+00	0.00e+00	0.00e+00	0.00e+00	6.88e-146
 1.10251e+11	0.00e+00	4.85e-36	5.70e-26	2.36e-16	3.51e-06	4.84e-02	9.52e-01	0.00e+00	0.00e+00	0.00e+00	0.00e+00	0.00e+00	1.53e-190
 1.44588e+11	5.84e-47	7.22e-36	7.82e-26	3.00e-16	4.11e-06	5.21e-02	9.48e-01	0.00e+00	0.00e+00	0.00e+00	0.00e+00	0.00e+00	7.35e-145
 1.80298e+11	0.00e+00	1.08e-35	1.08e-25	3.80e-16	4.81e-06	5.63e-02	9.44e-01	0.00e+00	0.00e+00	0.00e+00	0.00e+00	0.00e+00	8.55e-190
 2.17437e+11	1.52e-46	1.60e-35	1.48e-25	4.83e-16	5.64e-06	6.07e-02	9.39e-01	0.00e+00	0.00e+00	0.00e+00	0.00e+00	0.00e+00	7.94e-144
 2.56061e+11	0.00e+00	2.39e-35	2.04e-25	6.13e-16	6.61e-06	6.54e-02	9.35e-01	0.00e+00	0.00e+00	0.00e+00	0.00e+00	0.00e+00	4.80e-189
 2.93359e+11	3.84e-46	3.46e-35	2.74e-25	7.64e-16	7.65e-06	7.01e-02	9.30e-01	0.00e+00	0.00e+00	0.00e+00	0.00e+00	0.00e+00	7.90e-143
 3.28451e+11	0.00e+00	0.00e+00	3.59e-25	9.36e-16	8.75e-06	7.47e-02	9.25e-01	0.00e+00	0.00e+00	0.00e+00	0.00e+00	0.00e+00	4.60e-211
 3.67818e+11	0.00e+00	7.01e-35	4.82e-25	1.17e-15	1.01e-05	7.99e-02	9.20e-01	0.00e+00	0.00e+00	0.00e+00	0.00e+00	0.00e+00	1.08e-162
 4.12458e+11	1.45e-45	1.05e-34	6.63e-25	1.48e-15	1.19e-05	8.61e-02	9.14e-01	0.00e+00	0.00e+00	0.00e+00	0.00e+00	0.00e+00	1.74e-208
 4.57269e+11	0.00e+00	1.54e-34	9.02e-25	1.86e-15	1.38e-05	9.24e-02	9.08e-01	0.00e+00	0.00e+00	0.00e+00	0.00e+00	0.00e+00	1.55e-161
 5.03873e+11	3.69e-45	2.27e-34	1.23e-24	2.35e-15	1.61e-05	9.92e-02	9.01e-01	0.00e+00	0.00e+00	0.00e+00	0.00e+00	0.00e+00	1.60e-207
 5.48805e+11	0.00e+00	3.25e-34	1.64e-24	2.91e-15	1.85e-05	1.06e-01	8.94e-01	0.00e+00	0.00e+00	0.00e+00	0.00e+00	0.00e+00	1.95e-160
 5.87674e+11	8.18e-45	4.40e-34	2.09e-24	3.48e-15	2.09e-05	1.12e-01	8.88e-01	0.00e+00	0.00e+00	0.00e+00	0.00e+00	0.00e+00	1.06e-206
 6.30194e+11	0.00e+00	6.09e-34	2.71e-24	4.23e-15	2.38e-05	1.18e-01	8.82e-01	0.00e+00	0.00e+00	0.00e+00	0.00e+00	0.00e+00	1.62e-159
 6.82275e+11	1.91e-44	8.92e-34	3.67e-24	5.30e-15	2.76e-05	1.27e-01	8.73e-01	0.00e+00	0.00e+00	0.00e+00	0.00e+00	0.00e+00	6.70e-206
 7.34672e+11	0.00e+00	1.29e-33	4.92e-24	6.59e-15	3.18e-05	1.35e-01	8.65e-01	0.00e+00	0.00e+00	0.00e+00	0.00e+00	0.00e+00	2.06e-158
 7.81462e+11	4.37e-44	1.77e-33	6.35e-24	7.97e-15	3.61e-05	1.43e-01	8.57e-01	0.00e+00	0.00e+00	0.00e+00	0.00e+00	0.00e+00	3.63e-206
 8.33075e+11	0.00e+00	2.50e-33	8.36e-24	9.78e-15	4.13e-05	1.52e-01	8.48e-01	0.00e+00	0.00e+00	0.00e+00	0.00e+00	0.00e+00	1.93e-157
 8.94456e+11	1.06e-43	3.71e-33	1.14e-23	1.23e-14	4.81e-05	1.62e-01	8.38e-01	0.00e+00	0.00e+00	0.00e+00	0.00e+00	0.00e+00	0.00e+00
 9.54842e+11	0.00e+00	5.37e-33	1.54e-23	1.53e-14	5.55e-05	1.73e-01	8.27e-01	0.00e+00	0.00e+00	0.00e+00	0.00e+00	0.00e+00	2.58e-156
 1.00966e+12	2.47e-43	7.46e-33	1.99e-23	1.86e-14	6.30e-05	1.82e-01	8.18e-01	0.00e+00	0.00e+00	0.00e+00	0.00e+00	0.00e+00	2.71e-203
 1.07092e+12	0.00e+00	1.07e-32	2.65e-23	2.30e-14	7.24e-05	1.93e-01	8.06e-01	0.00e+00	0.00e+00	0.00e+00	0.00e+00	0.00e+00	2.61e-155
 1.14262e+12	6.15e-43	1.59e-32	3.65e-23	2.91e-14	8.44e-05	2.07e-01	7.93e-01	0.00e+00	0.00e+00	0.00e+00	0.00e+00	0.00e+00	0.00e+00
 1.21335e+12	0.00e+00	2.32e-32	4.93e-23	3.64e-14	9.76e-05	2.20e-01	7.80e-01	0.00e+00	0.00e+00	0.00e+00	0.00e+00	0.00e+00	3.69e-154
 1.28010e+12	1.48e-42	3.29e-32	6.51e-23	4.46e-14	1.12e-04	2.32e-01	7.68e-01	0.00e+00	0.00e+00	0.00e+00	0.00e+00	0.00e+00	9.85e-202
 1.35442e+12	0.00e+00	4.80e-32	8.77e-23	5.57e-14	1.29e-04	2.46e-01	7.54e-01	0.00e+00	0.00e+00	0.00e+00	0.00e+00	0.00e+00	4.27e-153
 1.43561e+12	3.75e-42	7.12e-32	1.20e-22	7.01e-14	1.50e-04	2.61e-01	7.38e-01	0.00e+00	0.00e+00	0.00e+00	0.00e+00	0.00e+00	0.00e+00
 1.51282e+12	0.00e+00	1.02e-31	1.60e-22	8.66e-14	1.71e-04	2.76e-01	7.24e-01	0.00e+00	0.00e+00	0.00e+00	0.00e+00	0.00e+00	5.58e-152
 1.59604e+12	9.17e-42	1.49e-31	2.16e-22	1.08e-13	1.98e-04	2.92e-01	7.08e-01	0.00e+00	0.00e+00	0.00e+00	0.00e+00	0.00e+00	0.00e+00
 1.68675e+12	0.00e+00	2.22e-31	2.96e-22	1.36e-13	2.29e-04	3.09e-01	6.91e-01	0.00e+00	0.00e+00	0.00e+00	0.00e+00	0.00e+00	7.76e-151
 1.77345e+12	2.31e-41	3.20e-31	3.96e-22	1.68e-13	2.63e-04	3.26e-01	6.74e-01	0.00e+00	0.00e+00	0.00e+00	0.00e+00	0.00e+00	5.95e-211
 1.86668e+12	0.00e+00	4.68e-31	5.35e-22	2.10e-13	3.03e-04	3.43e-01	6.56e-01	0.00e+00	0.00e+00	0.00e+00	0.00e+00	0.00e+00	9.80e-150
 1.96827e+12	5.94e-41	6.98e-31	7.34e-22	2.64e-13	3.51e-04	3.62e-01	6.37e-01	0.00e+00	0.00e+00	0.00e+00	0.00e+00	0.00e+00	0.00e+00
 2.06160e+12	0.00e+00	9.93e-31	9.70e-22	3.24e-13	4.00e-04	3.79e-01	6.20e-01	0.00e+00	0.00e+00	0.00e+00	0.00e+00	0.00e+00	1.27e-148
 2.14727e+12	1.33e-40	1.36e-30	1.25e-21	3.89e-13	4.48e-04	3.95e-01	6.04e-01	0.00e+00	0.00e+00	0.00e+00	0.00e+00	0.00e+00	0.00e+00
 2.24538e+12	0.00e+00	1.93e-30	1.64e-21	4.76e-13	5.10e-04	4.13e-01	5.87e-01	0.00e+00	0.00e+00	0.00e+00	0.00e+00	0.00e+00	1.23e-147
 2.35210e+12	3.19e-40	2.79e-30	2.20e-21	5.87e-13	5.82e-04	4.32e-01	5.68e-01	0.00e+00	0.00e+00	0.00e+00	0.00e+00	0.00e+00	4.41e-195
 2.44924e+12	0.00e+00	3.85e-30	2.83e-21	7.05e-13	6.53e-04	4.49e-01	5.51e-01	0.00e+00	0.00e+00	0.00e+00	0.00e+00	0.00e+00	1.30e-146
 2.55476e+12	7.15e-40	5.42e-30	3.71e-21	8.58e-13	7.38e-04	4.67e-01	5.33e-01	0.00e+00	0.00e+00	0.00e+00	0.00e+00	0.00e+00	0.00e+00
 2.68165e+12	0.00e+00	8.04e-30	5.06e-21	1.07e-12	8.49e-04	4.88e-01	5.11e-01	0.00e+00	0.00e+00	0.00e+00	0.00e+00	0.00e+00	1.61e-145
 2.80846e+12	1.84e-39	1.17e-29	6.82e-21	1.33e-12	9.69e-04	5.08e-01	4.91e-01	0.00e+00	0.00e+00	0.00e+00	0.00e+00	0.00e+00	1.91e-205
 2.92420e+12	0.00e+00	1.64e-29	8.88e-21	1.61e-12	1.09e-03	5.26e-01	4.73e-01	0.00e+00	0.00e+00	0.00e+00	0.00e+00	0.00e+00	1.87e-144
 3.05340e+12	4.29e-39	2.36e-29	1.18e-20	1.97e-12	1.23e-03	5.45e-01	4.53e-01	0.00e+00	0.00e+00	0.00e+00	0.00e+00	0.00e+00	0.00e+00
 3.20393e+12	0.00e+00	3.53e-29	1.62e-20	2.48e-12	1.42e-03	5.67e-01	4.31e-01	0.00e+00	0.00e+00	0.00e+00	0.00e+00	0.00e+00	2.62e-143
 3.35389e+12	1.13e-38	5.20e-29	2.20e-20	3.07e-12	1.62e-03	5.88e-01	4.11e-01	0.00e+00	0.00e+00	0.00e+00	0.00e+00	0.00e+00	0.00e+00
 3.49875e+12	0.00e+00	7.45e-29	2.91e-20	3.76e-12	1.83e-03	6.07e-01	3.91e-01	0.00e+00	0.00e+00	0.00e+00	0.00e+00	0.00e+00	3.46e-142
 3.65752e+12	2.78e-38	1.09e-28	3.92e-20	4.65e-12	2.07e-03	6.26e-01	3.71e-01	0.00e+00	0.00e+00	0.00e+00	0.00e+00	0.00e+00	1.81e-202
 3.83375e+12	0.00e+00	1.63e-28	5.39e-20	5.82e-12	2.37e-03	6.47e-01	3.51e-01	0.00e+00	0.00e+00	0.00e+00	0.00e+00	0.00e+00	5.27e-141
 4.01702e+12	7.49e-38	2.45e-28	7.39e-20	7.27e-12	2.70e-03	6.67e-01	3.30e-01	0.00e+00	0.00e+00	0.00e+00	0.00e+00	0.00e+00	0.00e+00
 4.20763e+12	0.00e+00	3.66e-28	1.01e-19	9.08e-12	3.08e-03	6.87e-01	3.10e-01	0.00e+00	0.00e+00	0.00e+00	0.00e+00	0.00e+00	8.73e-140
 4.38617e+12	1.92e-37	5.26e-28	1.34e-19	1.11e-11	3.46e-03	7.04e-01	2.93e-01	0.00e+00	0.00e+00	0.00e+00	0.00e+00	0.00e+00	4.11e-214
 4.54487e+12	0.00e+00	7.18e-28	1.71e-19	1.31e-11	3.82e-03	7.18e-01	2.78e-01	0.00e+00	0.00e+00	0.00e+00	0.00e+00	0.00e+00	9.18e-139
 4.72275e+12	4.24e-37	1.00e-27	2.23e-19	1.58e-11	4.25e-03	7.33e-01	2.63e-01	0.00e+00	0.00e+00	0.00e+00	0.00e+00	0.00e+00	0.00e+00
 4.93472e+12	0.00e+00	1.48e-27	3.01e-19	1.95e-11	4.79e-03	7.50e-01	2.45e-01	0.00e+00	0.00e+00	0.00e+00	0.00e+00	0.00e+00	1.15e-137
 5.14864e+12	1.08e-36	2.15e-27	4.03e-19	2.39e-11	5.38e-03	7.65e-01	2.30e-01	0.00e+00	0.00e+00	0.00e+00	0.00e+00	0.00e+00	0.00e+00
 5.35024e+12	0.00e+00	3.02e-27	5.25e-19	2.87e-11	5.97e-03	7.78e-01	2.16e-01	0.00e+00	0.00e+00	0.00e+00	0.00e+00	0.00e+00	1.42e-136
 5.57331e+12	2.56e-36	4.34e-27	6.96e-19	3.50e-11	6.66e-03	7.92e-01	2.01e-01	0.00e+00	0.00e+00	0.00e+00	0.00e+00	0.00e+00	0.00e+00
 5.82069e+12	0.00e+00	6.39e-27	9.40e-19	4.31e-11	7.48e-03	8.06e-01	1.87e-01	0.00e+00	0.00e+00	0.00e+00	0.00e+00	0.00e+00	1.97e-135
 6.03642e+12	6.15e-36	8.84e-27	1.21e-18	5.13e-11	8.25e-03	8.16e-01	1.75e-01	0.00e+00	0.00e+00	0.00e+00	0.00e+00	0.00e+00	0.00e+00
 6.21327e+12	0.00e+00	1.14e-26	1.48e-18	5.89e-11	8.90e-03	8.25e-01	1.66e-01	0.00e+00	0.00e+00	0.00e+00	0.00e+00	0.00e+00	1.53e-134
 6.40775e+12	1.19e-35	1.50e-26	1.83e-18	6.83e-11	9.65e-03	8.33e-01	1.57e-01	0.00e+00	0.00e+00	0.00e+00	0.00e+00	0.00e+00	5.94e-99
 6.66056e+12	0.00e+00	2.13e-26	2.40e-18	8.23e-11	1.07e-02	8.43e-01	1.46e-01	0.00e+00	0.00e+00	0.00e+00	0.00e+00	0.00e+00	0.00e+00
 6.92838e+12	2.81e-35	3.03e-26	3.16e-18	9.96e-11	1.18e-02	8.52e-01	1.36e-01	0.00e+00	0.00e+00	0.00e+00	0.00e+00	0.00e+00	1.41e-115
 7.16075e+12	0.00e+00	4.08e-26	3.98e-18	1.17e-10	1.29e-02	8.60e-01	1.27e-01	0.00e+00	0.00e+00	0.00e+00	0.00e+00	0.00e+00	3.47e-99
 7.40789e+12	5.89e-35	5.53e-26	5.04e-18	1.37e-10	1.41e-02	8.67e-01	1.19e-01	0.00e+00	0.00e+00	0.00e+00	0.00e+00	0.00e+00	0.00e+00
 7.71349e+12	9.21e-35	7.96e-26	6.70e-18	1.67e-10	1.56e-02	8.75e-01	1.10e-01	0.00e+00	0.00e+00	0.00e+00	0.00e+00	0.00e+00	2.98e-114
 8.02209e+12	1.43e-34	1.13e-25	8.84e-18	2.02e-10	1.73e-02	8.81e-01	1.01e-01	0.00e+00	0.00e+00	0.00e+00	0.00e+00	0.00e+00	1.33e-96
 8.29257e+12	2.06e-34	1.53e-25	1.12e-17	2.37e-10	1.88e-02	8.87e-01	9.45e-02	0.00e+00	0.00e+00	0.00e+00	0.00e+00	0.00e+00	0.00e+00
 8.58649e+12	3.03e-34	2.09e-25	1.43e-17	2.81e-10	2.06e-02	8.92e-01	8.78e-02	0.00e+00	0.00e+00	0.00e+00	0.00e+00	0.00e+00	6.35e-113
 8.94264e+12	4.76e-34	3.02e-25	1.90e-17	3.42e-10	2.28e-02	8.97e-01	8.04e-02	0.00e+00	0.00e+00	0.00e+00	0.00e+00	0.00e+00	1.80e-95
 9.30196e+12	7.37e-34	4.32e-25	2.51e-17	4.14e-10	2.52e-02	9.01e-01	7.38e-02	0.00e+00	0.00e+00	0.00e+00	0.00e+00	0.00e+00	6.27e-112
 9.62919e+12	1.08e-33	5.90e-25	3.21e-17	4.90e-10	2.75e-02	9.04e-01	6.83e-02	0.00e+00	0.00e+00	0.00e+00	0.00e+00	0.00e+00	1.05e-94
 9.99240e+12	1.63e-33	8.23e-25	4.17e-17	5.86e-10	3.01e-02	9.07e-01	6.29e-02	0.00e+00	0.00e+00	0.00e+00	0.00e+00	0.00e+00	4.83e-111
 1.04166e+13	2.58e-33	1.20e-24	5.61e-17	7.18e-10	3.34e-02	9.09e-01	5.72e-02	0.00e+00	0.00e+00	0.00e+00	0.00e+00	0.00e+00	6.78e-94
 1.08216e+13	3.92e-33	1.69e-24	7.36e-17	8.65e-10	3.68e-02	9.11e-01	5.23e-02	0.00e+00	0.00e+00	0.00e+00	0.00e+00	0.00e+00	4.68e-110
 1.11836e+13	5.62e-33	2.27e-24	9.28e-17	1.01e-09	3.99e-02	9.12e-01	4.84e-02	0.00e+00	0.00e+00	0.00e+00	0.00e+00	0.00e+00	3.60e-93
 1.15880e+13	8.28e-33	3.11e-24	1.19e-16	1.20e-09	4.35e-02	9.12e-01	4.46e-02	0.00e+00	0.00e+00	0.00e+00	0.00e+00	0.00e+00	3.24e-109
 1.20678e+13	1.29e-32	4.47e-24	1.59e-16	1.47e-09	4.80e-02	9.12e-01	4.04e-02	0.00e+00	0.00e+00	0.00e+00	0.00e+00	0.00e+00	2.11e-92
 1.25474e+13	1.96e-32	6.31e-24	2.09e-16	1.77e-09	5.28e-02	9.10e-01	3.68e-02	0.00e+00	0.00e+00	0.00e+00	0.00e+00	0.00e+00	3.04e-108
 1.29623e+13	2.78e-32	8.41e-24	2.63e-16	2.07e-09	5.71e-02	9.09e-01	3.40e-02	0.00e+00	0.00e+00	0.00e+00	0.00e+00	0.00e+00	1.08e-91
 1.33915e+13	3.93e-32	1.12e-23	3.29e-16	2.42e-09	6.16e-02	9.07e-01	3.14e-02	0.00e+00	0.00e+00	0.00e+00	0.00e+00	0.00e+00	1.86e-107
 1.39218e+13	5.93e-32	1.57e-23	4.31e-16	2.91e-09	6.75e-02	9.04e-01	2.85e-02	0.00e+00	0.00e+00	0.00e+00	0.00e+00	0.00e+00	5.45e-91
 1.44202e+13	8.59e-32	2.12e-23	5.50e-16	3.44e-09	7.33e-02	9.01e-01	2.61e-02	0.00e+00	0.00e+00	0.00e+00	0.00e+00	0.00e+00	1.44e-106
 1.48061e+13	1.13e-31	2.66e-23	6.58e-16	3.90e-09	7.79e-02	8.98e-01	2.44e-02	0.00e+00	0.00e+00	0.00e+00	0.00e+00	0.00e+00	2.16e-90
 1.52086e+13	1.49e-31	3.34e-23	7.89e-16	4.41e-09	8.28e-02	8.94e-01	2.29e-02	0.00e+00	0.00e+00	0.00e+00	0.00e+00	0.00e+00	6.18e-106
 1.57319e+13	2.11e-31	4.45e-23	9.91e-16	5.16e-09	8.93e-02	8.90e-01	2.10e-02	0.00e+00	0.00e+00	0.00e+00	0.00e+00	0.00e+00	8.25e-90
 1.63011e+13	3.04e-31	6.01e-23	1.26e-15	6.08e-09	9.67e-02	8.84e-01	1.92e-02	0.00e+00	0.00e+00	0.00e+00	0.00e+00	0.00e+00	4.07e-105
 1.68181e+13	4.17e-31	7.79e-23	1.55e-15	7.01e-09	1.04e-01	8.79e-01	1.77e-02	0.00e+00	0.00e+00	0.00e+00	0.00e+00	0.00e+00	3.56e-89
 1.73781e+13	5.79e-31	1.02e-22	1.92e-15	8.12e-09	1.11e-01	8.73e-01	1.63e-02	0.00e+00	0.00e+00	0.00e+00	0.00e+00	0.00e+00	2.29e-104
 1.80635e+13	8.51e-31	1.40e-22	2.47e-15	9.65e-09	1.21e-01	8.65e-01	1.48e-02	0.00e+00	0.00e+00	0.00e+00	0.00e+00	0.00e+00	1.68e-88
 1.87555e+13	1.23e-30	1.90e-22	3.16e-15	1.14e-08	1.30e-01	8.56e-01	1.34e-02	0.00e+00	0.00e+00	0.00e+00	0.00e+00	0.00e+00	1.76e-103
 1.93680e+13	1.69e-30	2.47e-22	3.88e-15	1.31e-08	1.39e-01	8.48e-01	1.23e-02	0.00e+00	0.00e+00	0.00e+00	0.00e+00	0.00e+00	7.56e-88
 2.00337e+13	2.35e-30	3.23e-22	4.80e-15	1.52e-08	1.49e-01	8.40e-01	1.13e-02	0.00e+00	0.00e+00	0.00e+00	0.00e+00	0.00e+00	1.02e-102
 2.08331e+13	3.43e-30	4.41e-22	6.14e-15	1.79e-08	1.61e-01	8.29e-01	1.02e-02	0.00e+00	0.00e+00	0.00e+00	0.00e+00	0.00e+00	3.62e-87
 2.16313e+13	4.93e-30	5.93e-22	7.76e-15	2.10e-08	1.73e-01	8.18e-01	9.26e-03	0.00e+00	0.00e+00	0.00e+00	0.00e+00	0.00e+00	7.75e-102
 2.23578e+13	6.75e-30	7.67e-22	9.50e-15	2.41e-08	1.84e-01	8.07e-01	8.49e-03	0.00e+00	0.00e+00	0.00e+00	0.00e+00	0.00e+00	1.64e-86
 2.31663e+13	9.45e-30	1.01e-21	1.18e-14	2.78e-08	1.97e-01	7.96e-01	7.73e-03	0.00e+00	0.00e+00	0.00e+00	0.00e+00	0.00e+00	4.73e-101
 2.41107e+13	1.38e-29	1.38e-21	1.50e-14	3.28e-08	2.11e-01	7.82e-01	6.94e-03	0.00e+00	0.00e+00	0.00e+00	0.00e+00	0.00e+00	8.24e-86
 2.50421e+13	1.97e-29	1.84e-21	1.89e-14	3.81e-08	2.26e-01	7.68e-01	6.26e-03	0.00e+00	0.00e+00	0.00e+00	0.00e+00	0.00e+00	3.65e-100
 2.58461e+13	2.64e-29	2.34e-21	2.28e-14	4.32e-08	2.39e-01	7.55e-01	5.75e-03	0.00e+00	0.00e+00	0.00e+00	0.00e+00	0.00e+00	3.62e-85
 2.65265e+13	3.36e-29	2.84e-21	2.65e-14	4.78e-08	2.49e-01	7.45e-01	5.36e-03	0.00e+00	0.00e+00	0.00e+00	0.00e+00	0.00e+00	1.65e-99
 2.72629e+13	4.32e-29	3.49e-21	3.11e-14	5.32e-08	2.61e-01	7.34e-01	4.97e-03	0.00e+00	0.00e+00	0.00e+00	0.00e+00	0.00e+00	1.13e-84
 2.82202e+13	5.94e-29	4.52e-21	3.81e-14	6.08e-08	2.76e-01	7.19e-01	4.51e-03	0.00e+00	0.00e+00	0.00e+00	0.00e+00	0.00e+00	8.34e-99
 2.92164e+13	8.16e-29	5.85e-21	4.65e-14	6.94e-08	2.92e-01	7.04e-01	4.09e-03	0.00e+00	0.00e+00	0.00e+00	0.00e+00	0.00e+00	4.90e-84
 3.00591e+13	1.06e-28	7.22e-21	5.47e-14	7.72e-08	3.05e-01	6.91e-01	3.77e-03	0.00e+00	0.00e+00	0.00e+00	0.00e+00	0.00e+00	4.32e-98
 3.09505e+13	1.38e-28	8.95e-21	6.45e-14	8.60e-08	3.19e-01	6.78e-01	3.47e-03	0.00e+00	0.00e+00	0.00e+00	0.00e+00	0.00e+00	1.67e-83
 3.20984e+13	1.91e-28	1.17e-20	7.93e-14	9.84e-08	3.37e-01	6.60e-01	3.12e-03	0.00e+00	0.00e+00	0.00e+00	0.00e+00	0.00e+00	2.39e-97
 3.32914e+13	2.65e-28	1.52e-20	9.73e-14	1.12e-07	3.55e-01	6.42e-01	2.80e-03	0.00e+00	0.00e+00	0.00e+00	0.00e+00	0.00e+00	7.77e-83
 3.43170e+13	3.48e-28	1.89e-20	1.15e-13	1.25e-07	3.70e-01	6.27e-01	2.56e-03	0.00e+00	0.00e+00	0.00e+00	0.00e+00	0.00e+00	1.35e-96
 3.54134e+13	4.60e-28	2.37e-20	1.37e-13	1.40e-07	3.87e-01	6.11e-01	2.33e-03	0.00e+00	0.00e+00	0.00e+00	0.00e+00	0.00e+00	2.88e-82
 3.67688e+13	6.40e-28	3.10e-20	1.68e-13	1.60e-07	4.07e-01	5.91e-01	2.08e-03	0.00e+00	0.00e+00	0.00e+00	0.00e+00	0.00e+00	8.05e-96
 3.81140e+13	8.78e-28	4.00e-20	2.04e-13	1.81e-07	4.25e-01	5.73e-01	1.86e-03	0.00e+00	0.00e+00	0.00e+00	0.00e+00	0.00e+00	1.35e-81
 3.92646e+13	1.14e-27	4.93e-20	2.39e-13	2.00e-07	4.41e-01	5.57e-01	1.70e-03	0.00e+00	0.00e+00	0.00e+00	0.00e+00	0.00e+00	4.40e-95
 4.05089e+13	1.49e-27	6.13e-20	2.82e-13	2.23e-07	4.58e-01	5.40e-01	1.54e-03	0.00e+00	0.00e+00	0.00e+00	0.00e+00	0.00e+00	4.84e-81
 4.20513e+13	2.06e-27	7.93e-20	3.44e-13	2.52e-07	4.79e-01	5.20e-01	1.37e-03	0.00e+00	0.00e+00	0.00e+00	0.00e+00	0.00e+00	2.57e-94
 4.36117e+13	2.82e-27	1.02e-19	4.16e-13	2.84e-07	4.98e-01	5.00e-01	1.22e-03	0.00e+00	0.00e+00	0.00e+00	0.00e+00	0.00e+00	2.27e-80
 4.49812e+13	3.67e-27	1.26e-19	4.89e-13	3.14e-07	5.15e-01	4.84e-01	1.10e-03	0.00e+00	0.00e+00	0.00e+00	0.00e+00	0.00e+00	1.45e-93
 4.64727e+13	4.84e-27	1.57e-19	5.78e-13	3.49e-07	5.33e-01	4.66e-01	9.88e-04	0.00e+00	0.00e+00	0.00e+00	0.00e+00	0.00e+00	8.52e-80
 4.82770e+13	6.68e-27	2.04e-19	7.02e-13	3.94e-07	5.53e-01	4.46e-01	8.70e-04	0.00e+00	0.00e+00	0.00e+00	0.00e+00	0.00e+00	8.85e-93
 5.00812e+13	9.11e-27	2.61e-19	8.43e-13	4.41e-07	5.73e-01	4.26e-01	7.70e-04	0.00e+00	0.00e+00	0.00e+00	0.00e+00	0.00e+00	4.06e-79
 5.17117e+13	1.19e-26	3.23e-19	9.90e-13	4.87e-07	5.90e-01	4.10e-01	6.90e-04	0.00e+00	0.00e+00	0.00e+00	0.00e+00	0.00e+00	5.15e-92
 5.35229e+13	1.59e-26	4.05e-19	1.17e-12	5.40e-07	6.08e-01	3.92e-01	6.13e-04	0.00e+00	0.00e+00	0.00e+00	0.00e+00	0.00e+00	1.61e-78
 5.56526e+13	2.19e-26	5.23e-19	1.42e-12	6.07e-07	6.28e-01	3.72e-01	5.34e-04	0.00e+00	0.00e+00	0.00e+00	0.00e+00	0.00e+00	3.34e-91
 5.77566e+13	2.97e-26	6.67e-19	1.70e-12	6.76e-07	6.46e-01	3.54e-01	4.70e-04	0.00e+00	0.00e+00	0.00e+00	0.00e+00	0.00e+00	7.79e-78
 5.97331e+13	3.92e-26	8.30e-19	2.00e-12	7.45e-07	6.62e-01	3.37e-01	4.17e-04	0.00e+00	0.00e+00	0.00e+00	0.00e+00	0.00e+00	2.03e-90
 6.19407e+13	5.28e-26	1.05e-18	2.38e-12	8.26e-07	6.79e-01	3.20e-01	3.67e-04	0.00e+00	0.00e+00	0.00e+00	0.00e+00	0.00e+00	3.34e-77
 6.44483e+13	7.29e-26	1.36e-18	2.87e-12	9.23e-07	6.97e-01	3.02e-01	3.18e-04	0.00e+00	0.00e+00	0.00e+00	0.00e+00	0.00e+00	1.41e-89
 6.69379e+13	9.92e-26	1.73e-18	3.43e-12	1.02e-06	7.14e-01	2.86e-01	2.77e-04	0.00e+00	0.00e+00	0.00e+00	0.00e+00	0.00e+00	1.69e-76
 6.91935e+13	1.30e-25	2.13e-18	4.00e-12	1.12e-06	7.28e-01	2.71e-01	2.45e-04	0.00e+00	0.00e+00	0.00e+00	0.00e+00	0.00e+00	3.34e-76
 7.15956e+13	1.71e-25	2.65e-18	4.68e-12	1.23e-06	7.42e-01	2.57e-01	2.17e-04	0.00e+00	0.00e+00	0.00e+00	0.00e+00	0.00e+00	6.84e-76
 7.40563e+13	2.24e-25	3.28e-18	5.46e-12	1.34e-06	7.56e-01	2.44e-01	1.91e-04	0.00e+00	0.00e+00	0.00e+00	0.00e+00	0.00e+00	1.39e-75
 7.60781e+13	2.78e-25	3.88e-18	6.17e-12	1.44e-06	7.66e-01	2.34e-01	1.73e-04	0.00e+00	0.00e+00	0.00e+00	0.00e+00	0.00e+00	2.43e-75
 7.81912e+13	3.47e-25	4.61e-18	6.98e-12	1.54e-06	7.76e-01	2.24e-01	1.57e-04	0.00e+00	0.00e+00	0.00e+00	0.00e+00	0.00e+00	4.34e-75
 8.09381e+13	4.59e-25	5.73e-18	8.15e-12	1.68e-06	7.88e-01	2.12e-01	1.38e-04	0.00e+00	0.00e+00	0.00e+00	0.00e+00	0.00e+00	9.08e-75
 8.38359e+13	6.06e-25	7.11e-18	9.54e-12	1.84e-06	8.00e-01	1.99e-01	1.21e-04	0.00e+00	0.00e+00	0.00e+00	0.00e+00	0.00e+00	1.87e-74
 8.63255e+13	7.68e-25	8.54e-18	1.08e-11	1.98e-06	8.10e-01	1.90e-01	1.08e-04	0.00e+00	0.00e+00	0.00e+00	0.00e+00	0.00e+00	3.50e-74
 8.89578e+13	9.77e-25	1.03e-17	1.24e-11	2.13e-06	8.19e-01	1.81e-01	9.69e-05	0.00e+00	0.00e+00	0.00e+00	0.00e+00	0.00e+00	6.64e-74
 9.22696e+13	1.31e-24	1.29e-17	1.45e-11	2.32e-06	8.30e-01	1.70e-01	8.47e-05	0.00e+00	0.00e+00	0.00e+00	0.00e+00	0.00e+00	1.46e-73
 9.56863e+13	1.75e-24	1.61e-17	1.70e-11	2.54e-06	8.40e-01	1.59e-01	7.36e-05	0.00e+00	0.00e+00	0.00e+00	0.00e+00	0.00e+00	3.10e-73
 9.86474e+13	2.24e-24	1.95e-17	1.94e-11	2.72e-06	8.48e-01	1.51e-01	6.57e-05	0.00e+00	0.00e+00	0.00e+00	0.00e+00	0.00e+00	6.02e-73
 1.01794e+14	2.88e-24	2.36e-17	2.22e-11	2.93e-06	8.56e-01	1.43e-01	5.85e-05	0.00e+00	0.00e+00	0.00e+00	0.00e+00	0.00e+00	1.18e-72
 1.05660e+14	3.88e-24	2.97e-17	2.60e-11	3.19e-06	8.65e-01	1.34e-01	5.08e-05	0.00e+00	0.00e+00	0.00e+00	0.00e+00	0.00e+00	2.65e-72
 1.09594e+14	5.21e-24	3.73e-17	3.03e-11	3.47e-06	8.74e-01	1.26e-01	4.43e-05	0.00e+00	0.00e+00	0.00e+00	0.00e+00	0.00e+00	5.87e-72
 1.13135e+14	6.72e-24	4.52e-17	3.47e-11	3.73e-06	8.81e-01	1.19e-01	3.93e-05	0.00e+00	0.00e+00	0.00e+00	1.46e-17	3.07e-17	1.16e-71
 1.17028e+14	8.81e-24	5.56e-17	4.00e-11	4.02e-06	8.88e-01	1.12e-01	3.45e-05	0.00e+00	0.00e+00	0.00e+00	1.84e-17	3.71e-17	2.41e-71
 1.21628e+14	1.20e-23	7.03e-17	4.70e-11	4.38e-06	8.95e-01	1.05e-01	2.99e-05	0.00e+00	0.00e+00	0.00e+00	2.33e-17	4.70e-17	5.58e-71
 1.26188e+14	1.62e-23	8.82e-17	5.48e-11	4.74e-06	9.02e-01	9.82e-02	2.60e-05	0.00e+00	0.00e+00	0.00e+00	2.93e-17	5.89e-17	1.25e-70
 1.30426e+14	2.11e-23	1.08e-16	6.29e-11	5.09e-06	9.07e-01	9.25e-02	2.29e-05	0.00e+00	0.00e+00	0.00e+00	3.58e-17	7.20e-17	2.57e-70
 1.35167e+14	2.80e-23	1.34e-16	7.29e-11	5.50e-06	9.13e-01	8.67e-02	2.00e-05	0.00e+00	0.00e+00	0.00e+00	4.44e-17	8.95e-17	5.60e-70
 1.40604e+14	3.84e-23	1.70e-16	8.58e-11	5.99e-06	9.19e-01	8.07e-02	1.72e-05	0.00e+00	0.00e+00	0.00e+00	5.64e-17	1.14e-16	1.32e-69
 1.45966e+14	5.18e-23	2.13e-16	1.00e-10	6.48e-06	9.25e-01	7.54e-02	1.50e-05	0.00e+00	0.00e+00	0.00e+00	7.06e-17	1.42e-16	2.97e-69
 1.51543e+14	7.00e-23	2.67e-16	1.17e-10	7.02e-06	9.30e-01	7.04e-02	1.30e-05	0.00e+00	0.00e+00	0.00e+00	8.87e-17	1.79e-16	6.79e-69
 1.57634e+14	9.63e-23	3.40e-16	1.37e-10	7.62e-06	9.34e-01	6.55e-02	1.12e-05	0.00e+00	0.00e+00	0.00e+00	1.13e-16	2.27e-16	1.63e-68
 1.63970e+14	1.31e-22	4.30e-16	1.61e-10	8.28e-06	9.39e-01	6.09e-02	9.60e-06	0.00e+00	0.00e+00	0.00e+00	1.43e-16	2.87e-16	3.79e-68
 1.70558e+14	1.80e-22	5.46e-16	1.89e-10	8.98e-06	9.43e-01	5.66e-02	8.27e-06	0.00e+00	0.00e+00	0.00e+00	1.81e-16	3.65e-16	9.03e-68
 1.76291e+14	2.35e-22	6.67e-16	2.16e-10	9.61e-06	9.47e-01	5.33e-02	7.29e-06	0.00e+00	0.00e+00	0.00e+00	2.21e-16	4.46e-16	1.88e-67
 1.80733e+14	2.85e-22	7.72e-16	2.39e-10	1.01e-05	9.49e-01	5.08e-02	6.62e-06	0.00e+00	0.00e+00	0.00e+00	2.56e-16	5.16e-16	3.18e-67
 1.85492e+14	3.52e-22	9.05e-16	2.66e-10	1.07e-05	9.52e-01	4.84e-02	6.00e-06	0.00e+00	0.00e+00	0.00e+00	3.00e-16	6.05e-16	5.70e-67
 1.91677e+14	4.54e-22	1.10e-15	3.04e-10	1.14e-05	9.54e-01	4.55e-02	5.28e-06	0.00e+00	0.00e+00	0.00e+00	3.64e-16	7.34e-16	1.15e-66
 1.98377e+14	5.97e-22	1.35e-15	3.49e-10	1.23e-05	9.57e-01	4.27e-02	4.63e-06	0.00e+00	0.00e+00	0.00e+00	4.48e-16	9.02e-16	2.43e-66
 2.04456e+14	7.60e-22	1.62e-15	3.94e-10	1.30e-05	9.60e-01	4.03e-02	4.12e-06	0.00e+00	0.00e+00	0.00e+00	5.37e-16	1.08e-15	4.74e-66
 2.11069e+14	9.76e-22	1.96e-15	4.48e-10	1.39e-05	9.62e-01	3.80e-02	3.64e-06	0.00e+00	0.00e+00	0.00e+00	6.50e-16	1.31e-15	9.46e-66
 2.19117e+14	1.30e-21	2.44e-15	5.22e-10	1.50e-05	9.65e-01	3.53e-02	3.15e-06	0.00e+00	0.00e+00	0.00e+00	8.09e-16	1.63e-15	2.09e-65
 2.27157e+14	1.74e-21	3.04e-15	6.04e-10	1.62e-05	9.67e-01	3.30e-02	2.74e-06	0.00e+00	0.00e+00	0.00e+00	1.01e-15	2.03e-15	4.66e-65
 2.34374e+14	2.21e-21	3.64e-15	6.86e-10	1.72e-05	9.69e-01	3.10e-02	2.42e-06	0.00e+00	0.00e+00	0.00e+00	1.21e-15	2.43e-15	8.92e-65
 2.42398e+14	2.88e-21	4.44e-15	7.86e-10	1.85e-05	9.71e-01	2.91e-02	2.12e-06	0.00e+00	0.00e+00	0.00e+00	1.47e-15	2.97e-15	1.84e-64
 2.51286e+14	3.82e-21	5.52e-15	9.08e-10	1.99e-05	9.73e-01	2.72e-02	1.85e-06	0.00e+00	0.00e+00	0.00e+00	1.83e-15	3.69e-15	4.06e-64
 2.59506e+14	4.89e-21	6.66e-15	1.03e-09	2.12e-05	9.74e-01	2.55e-02	1.63e-06	0.00e+00	0.00e+00	0.00e+00	2.21e-15	4.46e-15	8.04e-64
 2.68399e+14	6.30e-21	8.08e-15	1.19e-09	2.27e-05	9.76e-01	2.39e-02	1.42e-06	0.00e+00	0.00e+00	0.00e+00	2.68e-15	5.41e-15	1.61e-63
 2.78309e+14	8.40e-21	1.01e-14	1.37e-09	2.45e-05	9.78e-01	2.23e-02	1.23e-06	0.00e+00	0.00e+00	0.00e+00	3.33e-15	6.72e-15	3.57e-63
 2.87572e+14	1.07e-20	1.21e-14	1.57e-09	2.62e-05	9.79e-01	2.08e-02	1.08e-06	0.00e+00	0.00e+00	0.00e+00	4.00e-15	8.09e-15	6.86e-63
 2.97644e+14	1.39e-20	1.48e-14	1.80e-09	2.81e-05	9.80e-01	1.95e-02	9.44e-07	0.00e+00	0.00e+00	0.00e+00	4.90e-15	9.90e-15	1.44e-62
 3.08845e+14	1.84e-20	1.83e-14	2.09e-09	3.03e-05	9.82e-01	1.81e-02	0.00e+00	0.00e+00	0.00e+00	0.00e+00	6.06e-15	1.22e-14	3.08e-62
 3.19271e+14	2.38e-20	2.23e-14	2.39e-09	3.24e-05	9.83e-01	1.70e-02	0.00e+00	0.00e+00	0.00e+00	0.00e+00	7.39e-15	1.49e-14	6.34e-62
 3.30582e+14	3.06e-20	2.71e-14	2.76e-09	3.49e-05	9.84e-01	1.58e-02	0.00e+00	0.00e+00	0.00e+00	0.00e+00	8.97e-15	1.81e-14	1.26e-61
 3.43201e+14	4.10e-20	3.39e-14	3.20e-09	3.76e-05	9.85e-01	1.47e-02	0.00e+00	0.00e+00	0.00e+00	0.00e+00	1.12e-14	2.27e-14	2.85e-61
 3.55077e+14	5.22e-20	4.09e-14	3.68e-09	4.04e-05	9.86e-01	1.37e-02	0.00e+00	0.00e+00	0.00e+00	0.00e+00	1.35e-14	2.74e-14	5.53e-61
 3.67956e+14	6.81e-20	5.01e-14	4.24e-09	4.34e-05	9.87e-01	1.28e-02	0.00e+00	0.00e+00	0.00e+00	0.00e+00	1.66e-14	3.36e-14	1.15e-60
 3.82272e+14	9.03e-20	6.24e-14	4.95e-09	4.70e-05	9.88e-01	1.18e-02	0.00e+00	0.00e+00	0.00e+00	0.00e+00	2.06e-14	4.17e-14	2.53e-60
 3.95839e+14	1.18e-19	7.66e-14	5.70e-09	5.04e-05	9.89e-01	1.10e-02	0.00e+00	0.00e+00	0.00e+00	0.00e+00	2.53e-14	5.13e-14	5.33e-60
 4.10381e+14	1.52e-19	9.34e-14	6.59e-09	5.44e-05	9.90e-01	1.02e-02	0.00e+00	0.00e+00	0.00e+00	0.00e+00	3.09e-14	6.26e-14	1.08e-59
 4.26826e+14	2.05e-19	1.18e-13	7.72e-09	5.89e-05	9.90e-01	9.47e-03	0.00e+00	0.00e+00	0.00e+00	0.00e+00	3.88e-14	7.87e-14	2.47e-59
 4.43047e+14	2.66e-19	1.44e-13	8.98e-09	6.37e-05	9.91e-01	8.77e-03	0.00e+00	0.00e+00	0.00e+00	0.00e+00	4.75e-14	9.65e-14	5.07e-59
 4.57671e+14	3.37e-19	1.73e-13	1.02e-08	6.80e-05	9.92e-01	8.21e-03	0.00e+00	0.00e+00	0.00e+00	0.00e+00	5.71e-14	1.16e-13	9.81e-59
 4.73281e+14	4.32e-19	2.10e-13	1.17e-08	7.29e-05	9.92e-01	7.67e-03	0.00e+00	0.00e+00	0.00e+00	0.00e+00	6.92e-14	1.41e-13	1.96e-58
 4.91762e+14	5.63e-19	2.58e-13	1.37e-08	7.89e-05	9.93e-01	7.09e-03	0.00e+00	0.00e+00	0.00e+00	0.00e+00	8.51e-14	1.73e-13	4.10e-58
 5.08100e+14	7.20e-19	3.12e-13	1.56e-08	8.43e-05	9.93e-01	6.64e-03	0.00e+00	0.00e+00	0.00e+00	0.00e+00	1.03e-13	2.09e-13	8.16e-58
 5.20433e+14	8.52e-19	3.56e-13	1.72e-08	8.86e-05	9.94e-01	6.32e-03	0.00e+00	0.00e+00	0.00e+00	0.00e+00	1.17e-13	2.39e-13	1.30e-57
 5.33431e+14	1.01e-18	4.07e-13	1.90e-08	9.33e-05	9.94e-01	6.00e-03	0.00e+00	0.00e+00	0.00e+00	0.00e+00	1.34e-13	2.73e-13	2.11e-57
 5.50329e+14	1.27e-18	4.87e-13	2.15e-08	9.94e-05	9.94e-01	5.63e-03	0.00e+00	0.00e+00	0.00e+00	0.00e+00	1.60e-13	3.26e-13	4.00e-57
 5.68741e+14	1.59e-18	5.80e-13	2.46e-08	1.06e-04	9.95e-01	5.26e-03	0.00e+00	0.00e+00	0.00e+00	0.00e+00	1.91e-13	3.89e-13	7.50e-57
 5.85414e+14	1.97e-18	6.86e-13	2.76e-08	1.13e-04	9.95e-01	4.96e-03	0.00e+00	0.00e+00	0.00e+00	0.00e+00	2.26e-13	4.60e-13	1.37e-56
 6.03384e+14	2.44e-18	8.08e-13	3.12e-08	1.20e-04	9.95e-01	4.66e-03	0.00e+00	0.00e+00	0.00e+00	0.00e+00	2.66e-13	5.42e-13	2.47e-56
 6.25826e+14	3.16e-18	9.94e-13	3.61e-08	1.30e-04	9.96e-01	4.33e-03	0.00e+00	0.00e+00	0.00e+00	0.00e+00	3.27e-13	6.67e-13	5.19e-56
 6.48452e+14	4.03e-18	1.20e-12	4.17e-08	1.40e-04	9.96e-01	4.02e-03	0.00e+00	0.00e+00	0.00e+00	0.00e+00	3.95e-13	8.06e-13	1.02e-55
 6.67871e+14	4.97e-18	1.41e-12	4.69e-08	1.48e-04	9.96e-01	3.78e-03	0.00e+00	0.00e+00	0.00e+00	0.00e+00	4.65e-13	9.50e-13	1.84e-55
 6.88750e+14	6.20e-18	1.69e-12	5.31e-08	1.58e-04	9.96e-01	3.55e-03	0.00e+00	0.00e+00	0.00e+00	0.00e+00	5.54e-13	1.13e-12	3.47e-55
 7.14577e+14	7.98e-18	2.05e-12	6.16e-08	1.71e-04	9.97e-01	3.29e-03	0.00e+00	0.00e+00	0.00e+00	0.00e+00	6.74e-13	1.38e-12	7.00e-55
 7.40887e+14	1.04e-17	2.52e-12	7.12e-08	1.84e-04	9.97e-01	3.05e-03	0.00e+00	0.00e+00	0.00e+00	0.00e+00	8.28e-13	1.69e-12	1.48e-54
 7.64292e+14	1.29e-17	2.98e-12	8.08e-08	1.96e-04	9.97e-01	2.86e-03	0.00e+00	0.00e+00	0.00e+00	0.00e+00	9.79e-13	2.00e-12	2.70e-54
 7.89874e+14	1.62e-17	3.58e-12	9.22e-08	2.10e-04	9.97e-01	2.67e-03	0.00e+00	0.00e+00	0.00e+00	0.00e+00	1.17e-12	2.40e-12	5.22e-54
 8.20435e+14	2.11e-17	4.41e-12	1.07e-07	2.27e-04	9.97e-01	2.47e-03	0.00e+00	0.00e+00	0.00e+00	0.00e+00	1.45e-12	2.96e-12	1.11e-53
 8.50627e+14	2.71e-17	5.38e-12	1.24e-07	2.45e-04	9.97e-01	2.29e-03	0.00e+00	0.00e+00	0.00e+00	0.00e+00	1.76e-12	3.62e-12	2.28e-53
 8.77957e+14	3.37e-17	6.38e-12	1.41e-07	2.62e-04	9.98e-01	2.14e-03	0.00e+00	0.00e+00	0.00e+00	0.00e+00	2.09e-12	4.29e-12	4.21e-53
 9.08410e+14	4.28e-17	7.69e-12	1.62e-07	2.80e-04	9.98e-01	1.99e-03	0.00e+00	0.00e+00	0.00e+00	0.00e+00	2.52e-12	5.17e-12	8.33e-53
 9.44150e+14	5.58e-17	9.50e-12	1.89e-07	3.04e-04	9.98e-01	1.84e-03	0.00e+00	4.62e-18	1.39e-17	2.32e-17	3.11e-12	6.39e-12	1.78e-52
 9.79355e+14	7.19e-17	1.16e-11	2.19e-07	3.28e-04	9.98e-01	1.70e-03	0.00e+00	5.96e-18	1.79e-17	2.99e-17	3.80e-12	7.80e-12	3.69e-52
 1.01225e+15	8.97e-17	1.38e-11	2.51e-07	3.52e-04	9.98e-01	1.59e-03	0.00e+00	7.44e-18	2.24e-17	3.74e-17	4.53e-12	9.31e-12	6.97e-52
 1.04904e+15	1.14e-16	1.68e-11	2.89e-07	3.80e-04	9.98e-01	1.47e-03	0.00e+00	9.47e-18	2.84e-17	4.75e-17	5.50e-12	1.13e-11	1.42e-51
 1.09104e+15	1.50e-16	2.08e-11	3.40e-07	4.13e-04	9.98e-01	1.35e-03	0.00e+00	1.24e-17	3.73e-17	6.23e-17	6.80e-12	1.40e-11	3.05e-51
 1.12610e+15	1.85e-16	2.47e-11	3.86e-07	4.41e-04	9.98e-01	1.26e-03	0.00e+00	1.53e-17	4.61e-17	7.70e-17	8.07e-12	1.66e-11	5.69e-51
 1.15112e+15	2.15e-16	2.78e-11	4.22e-07	4.63e-04	9.98e-01	1.20e-03	0.00e+00	1.79e-17	5.36e-17	8.96e-17	9.10e-12	1.87e-11	8.79e-51
 1.17727e+15	2.50e-16	3.14e-11	4.63e-07	4.86e-04	9.98e-01	1.15e-03	0.00e+00	2.08e-17	6.23e-17	1.04e-16	1.03e-11	2.11e-11	1.36e-50
 1.21125e+15	3.04e-16	3.67e-11	5.20e-07	5.17e-04	9.98e-01	1.08e-03	0.00e+00	2.53e-17	7.59e-17	1.27e-16	1.20e-11	2.47e-11	2.39e-50
 1.24894e+15	3.70e-16	4.31e-11	5.88e-07	5.52e-04	9.98e-01	1.01e-03	0.00e+00	3.08e-17	9.25e-17	1.55e-16	1.41e-11	2.90e-11	4.31e-50
 1.28417e+15	4.49e-16	5.02e-11	6.60e-07	5.87e-04	9.98e-01	9.49e-04	0.00e+00	3.74e-17	1.12e-16	1.87e-16	1.64e-11	3.38e-11	7.46e-50
 1.32272e+15	5.42e-16	5.87e-11	7.43e-07	6.26e-04	9.98e-01	8.91e-04	0.00e+00	4.52e-17	1.36e-16	2.27e-16	1.92e-11	3.95e-11	1.32e-49
 1.36580e+15	6.77e-16	6.99e-11	8.48e-07	6.72e-04	9.98e-01	8.29e-04	0.00e+00	5.65e-17	1.70e-16	2.83e-16	2.28e-11	4.71e-11	2.51e-49
 1.40620e+15	8.12e-16	8.14e-11	9.54e-07	7.16e-04	9.99e-01	7.78e-04	0.00e+00	6.78e-17	2.03e-16	3.40e-16	2.66e-11	5.48e-11	4.37e-49
 1.45011e+15	1.01e-15	9.64e-11	1.08e-06	7.67e-04	9.99e-01	7.26e-04	0.00e+00	8.42e-17	2.53e-16	4.22e-16	3.15e-11	6.49e-11	8.13e-49
 1.49924e+15	1.25e-15	1.15e-10	1.24e-06	8.26e-04	9.98e-01	6.74e-04	0.00e+00	1.04e-16	3.14e-16	5.24e-16	3.75e-11	7.74e-11	1.55e-48
 1.54577e+15	1.51e-15	1.34e-10	1.40e-06	8.83e-04	9.98e-01	6.30e-04	0.00e+00	1.26e-16	3.78e-16	6.32e-16	4.39e-11	9.06e-11	2.76e-48
 1.59690e+15	1.89e-15	1.61e-10	1.60e-06	9.50e-04	9.98e-01	5.85e-04	0.00e+00	1.58e-16	4.75e-16	7.94e-16	5.25e-11	1.08e-10	5.36e-48
 1.65418e+15	2.36e-15	1.93e-10	1.85e-06	1.03e-03	9.98e-01	5.40e-04	0.00e+00	1.97e-16	5.93e-16	9.91e-16	6.32e-11	1.30e-10	1.06e-47
 1.70833e+15	2.91e-15	2.30e-10	2.11e-06	1.10e-03	9.98e-01	5.02e-04	0.00e+00	2.44e-16	7.33e-16	1.22e-15	7.50e-11	1.55e-10	2.00e-47
 1.76758e+15	3.61e-15	2.74e-10	2.42e-06	1.19e-03	9.98e-01	4.65e-04	0.00e+00	3.03e-16	9.10e-16	1.52e-15	8.97e-11	1.85e-10	3.88e-47
 1.83342e+15	4.58e-15	3.33e-10	2.81e-06	1.30e-03	9.98e-01	4.27e-04	0.00e+00	3.85e-16	1.16e-15	1.93e-15	1.09e-10	2.24e-10	8.00e-47
 1.89446e+15	5.51e-15	3.92e-10	3.21e-06	1.39e-03	9.98e-01	3.97e-04	0.00e+00	4.64e-16	1.39e-15	2.33e-15	1.28e-10	2.64e-10	1.47e-46
 1.96047e+15	7.02e-15	4.75e-10	3.69e-06	1.51e-03	9.98e-01	3.67e-04	0.00e+00	5.92e-16	1.78e-15	2.97e-15	1.55e-10	3.20e-10	3.03e-46
 2.03446e+15	8.81e-15	5.75e-10	4.28e-06	1.64e-03	9.98e-01	3.37e-04	0.00e+00	7.43e-16	2.23e-15	3.73e-15	1.88e-10	3.87e-10	6.23e-46
 2.10416e+15	1.09e-14	6.87e-10	4.91e-06	1.77e-03	9.98e-01	3.12e-04	0.00e+00	9.22e-16	2.77e-15	4.62e-15	2.25e-10	4.62e-10	1.22e-45
 2.17994e+15	1.37e-14	8.29e-10	5.66e-06	1.92e-03	9.98e-01	2.88e-04	0.00e+00	1.16e-15	3.48e-15	5.82e-15	2.71e-10	5.58e-10	2.49e-45
 2.26468e+15	1.73e-14	1.01e-09	6.60e-06	2.09e-03	9.98e-01	2.63e-04	0.00e+00	1.47e-15	4.40e-15	7.35e-15	3.31e-10	6.80e-10	5.29e-45
 2.34476e+15	2.15e-14	1.22e-09	7.60e-06	2.27e-03	9.97e-01	2.43e-04	0.00e+00	1.83e-15	5.48e-15	9.16e-15	3.98e-10	8.17e-10	1.06e-44
 2.40985e+15	2.52e-14	1.39e-09	8.48e-06	2.41e-03	9.97e-01	2.28e-04	0.00e+00	2.14e-15	6.43e-15	1.07e-14	4.57e-10	9.37e-10	1.79e-44
 2.46213e+15	2.89e-14	1.56e-09	9.24e-06	2.53e-03	9.97e-01	2.17e-04	0.00e+00	2.45e-15	7.37e-15	1.23e-14	5.12e-10	1.05e-09	2.78e-44
 2.52031e+15	3.39e-14	1.78e-09	1.02e-05	2.67e-03	9.97e-01	2.06e-04	0.00e+00	2.89e-15	8.66e-15	1.45e-14	5.84e-10	1.20e-09	4.65e-44
 2.59593e+15	4.11e-14	2.09e-09	1.14e-05	2.86e-03	9.97e-01	1.92e-04	0.00e+00	3.50e-15	1.05e-14	1.75e-14	6.85e-10	1.40e-09	8.70e-44
 2.67628e+15	4.97e-14	2.46e-09	1.29e-05	3.06e-03	9.97e-01	1.79e-04	0.00e+00	4.24e-15	1.27e-14	2.13e-14	8.05e-10	1.65e-09	1.64e-43
 2.74629e+15	5.80e-14	2.81e-09	1.43e-05	3.25e-03	9.97e-01	1.69e-04	0.00e+00	4.95e-15	1.49e-14	2.48e-14	9.21e-10	1.89e-09	2.78e-43
 2.82083e+15	6.75e-14	3.21e-09	1.60e-05	3.45e-03	9.96e-01	1.59e-04	0.00e+00	5.77e-15	1.73e-14	2.89e-14	1.05e-09	2.16e-09	4.70e-43
 2.91774e+15	8.56e-14	3.89e-09	1.83e-05	3.73e-03	9.96e-01	1.47e-04	0.00e+00	7.32e-15	2.20e-14	3.67e-14	1.28e-09	2.61e-09	1.02e-42
 3.01661e+15	1.04e-13	4.62e-09	2.09e-05	4.02e-03	9.96e-01	1.36e-04	0.00e+00	8.89e-15	2.67e-14	4.45e-14	1.52e-09	3.11e-09	2.01e-42
 3.09757e+15	1.24e-13	5.36e-09	2.32e-05	4.27e-03	9.96e-01	1.28e-04	0.00e+00	1.06e-14	3.19e-14	5.32e-14	1.76e-09	3.60e-09	3.65e-42
 3.18237e+15	1.46e-13	6.18e-09	2.59e-05	4.54e-03	9.95e-01	1.20e-04	0.00e+00	1.25e-14	3.75e-14	6.27e-14	2.03e-09	4.15e-09	6.37e-42
 3.29261e+15	1.79e-13	7.40e-09	2.96e-05	4.90e-03	9.95e-01	1.11e-04	0.00e+00	1.54e-14	4.62e-14	7.71e-14	2.43e-09	4.97e-09	1.31e-41
 3.40895e+15	2.19e-13	8.83e-09	3.40e-05	5.30e-03	9.95e-01	1.02e-04	0.00e+00	1.88e-14	5.65e-14	9.44e-14	2.91e-09	5.93e-09	2.59e-41
 3.51074e+15	2.63e-13	1.04e-08	3.83e-05	5.66e-03	9.94e-01	9.57e-05	0.00e+00	2.27e-14	6.80e-14	1.14e-13	3.41e-09	6.96e-09	4.88e-41
 3.62061e+15	3.19e-13	1.23e-08	4.33e-05	6.07e-03	9.94e-01	8.91e-05	0.00e+00	2.75e-14	8.25e-14	1.38e-13	4.04e-09	8.23e-09	9.40e-41
 3.75638e+15	4.14e-13	1.53e-08	5.02e-05	6.60e-03	9.93e-01	8.18e-05	0.00e+00	3.57e-14	1.07e-13	1.79e-13	5.02e-09	1.02e-08	2.22e-40
 3.89520e+15	5.15e-13	1.86e-08	5.80e-05	7.16e-03	9.93e-01	7.53e-05	0.00e+00	4.46e-14	1.34e-13	2.23e-13	6.12e-09	1.25e-08	4.70e-40
 4.01920e+15	6.21e-13	2.20e-08	6.57e-05	7.67e-03	9.92e-01	7.01e-05	0.00e+00	5.38e-14	1.62e-13	2.70e-13	7.25e-09	1.48e-08	8.96e-40
 4.15455e+15	7.53e-13	2.61e-08	7.50e-05	8.26e-03	9.92e-01	6.50e-05	0.00e+00	6.53e-14	1.96e-13	3.27e-13	8.60e-09	1.75e-08	1.71e-39
 4.31569e+15	9.74e-13	3.28e-08	8.74e-05	9.01e-03	9.91e-01	5.94e-05	0.00e+00	8.46e-14	2.54e-13	4.24e-13	1.08e-08	2.20e-08	4.17e-39
 4.47491e+15	1.20e-12	3.94e-08	1.01e-04	9.76e-03	9.90e-01	5.48e-05	0.00e+00	1.04e-13	3.12e-13	5.21e-13	1.30e-08	2.64e-08	8.31e-39
 4.62050e+15	1.45e-12	4.71e-08	1.15e-04	1.05e-02	9.89e-01	5.09e-05	0.00e+00	1.26e-13	3.80e-13	6.33e-13	1.55e-08	3.16e-08	1.64e-38
 4.78381e+15	1.80e-12	5.71e-08	1.32e-04	1.13e-02	9.88e-01	4.70e-05	0.00e+00	1.57e-13	4.71e-13	7.87e-13	1.89e-08	3.83e-08	3.43e-38
 4.97365e+15	2.36e-12	7.27e-08	1.55e-04	1.24e-02	9.87e-01	4.30e-05	0.00e+00	2.06e-13	6.18e-13	1.03e-12	2.40e-08	4.87e-08	8.59e-38
 5.13174e+15	2.86e-12	8.67e-08	1.75e-04	1.33e-02	9.87e-01	4.01e-05	0.00e+00	2.50e-13	7.49e-13	1.25e-12	2.86e-08	5.81e-08	1.66e-37
 5.24101e+15	3.25e-12	9.77e-08	1.91e-04	1.39e-02	9.86e-01	3.82e-05	0.00e+00	2.84e-13	8.53e-13	1.42e-12	3.23e-08	6.54e-08	2.54e-37
 5.35304e+15	3.73e-12	1.10e-07	2.08e-04	1.46e-02	9.85e-01	3.64e-05	0.00e+00	3.26e-13	9.78e-13	1.63e-12	3.64e-08	7.38e-08	3.97e-37
 5.49868e+15	4.35e-12	1.27e-07	2.32e-04	1.54e-02	9.84e-01	3.43e-05	0.00e+00	3.81e-13	1.14e-12	1.91e-12	4.18e-08	8.47e-08	6.48e-37
 5.66316e+15	5.32e-12	1.52e-07	2.61e-04	1.65e-02	9.83e-01	3.21e-05	0.00e+00	4.66e-13	1.40e-12	2.34e-12	5.02e-08	1.02e-07	1.28e-36
 5.81890e+15	6.25e-12	1.75e-07	2.92e-04	1.75e-02	9.82e-01	3.02e-05	0.00e+00	5.48e-13	1.65e-12	2.75e-12	5.79e-08	1.17e-07	2.12e-36
 5.98813e+15	7.52e-12	2.08e-07	3.28e-04	1.87e-02	9.81e-01	2.83e-05	0.00e+00	6.61e-13	1.98e-12	3.31e-12	6.89e-08	1.40e-07	4.03e-36
 6.17614e+15	9.18e-12	2.49e-07	3.72e-04	2.00e-02	9.80e-01	2.64e-05	0.00e+00	8.07e-13	2.42e-12	4.04e-12	8.25e-08	1.67e-07	7.56e-36
 6.35134e+15	1.09e-11	2.90e-07	4.17e-04	2.13e-02	9.78e-01	2.49e-05	0.00e+00	9.61e-13	2.88e-12	4.81e-12	9.60e-08	1.94e-07	1.29e-35
 6.54186e+15	1.32e-11	3.44e-07	4.70e-04	2.27e-02	9.77e-01	2.33e-05	0.00e+00	1.16e-12	3.48e-12	5.80e-12	1.14e-07	2.30e-07	2.31e-35
 6.75584e+15	1.65e-11	4.23e-07	5.37e-04	2.44e-02	9.75e-01	2.17e-05	0.00e+00	1.46e-12	4.38e-12	7.30e-12	1.40e-07	2.83e-07	4.87e-35
 6.95770e+15	2.00e-11	5.02e-07	6.07e-04	2.61e-02	9.73e-01	2.03e-05	0.00e+00	1.76e-12	5.28e-12	8.81e-12	1.66e-07	3.36e-07	8.73e-35
 7.17748e+15	2.45e-11	6.01e-07	6.90e-04	2.79e-02	9.71e-01	1.90e-05	0.00e+00	2.16e-12	6.48e-12	1.08e-11	1.99e-07	4.02e-07	1.61e-34
 7.42092e+15	3.03e-11	7.22e-07	7.93e-04	3.01e-02	9.69e-01	1.77e-05	0.00e+00	2.68e-12	8.03e-12	1.34e-11	2.39e-07	4.83e-07	2.96e-34
 7.64871e+15	3.76e-11	8.81e-07	9.00e-04	3.22e-02	9.67e-01	1.66e-05	0.00e+00	3.32e-12	9.97e-12	1.66e-11	2.92e-07	5.89e-07	5.94e-34
 7.89844e+15	4.64e-11	1.06e-06	1.03e-03	3.46e-02	9.64e-01	1.55e-05	0.00e+00	4.11e-12	1.23e-11	2.05e-11	3.52e-07	7.10e-07	1.10e-33
 8.17027e+15	5.79e-11	1.28e-06	1.19e-03	3.73e-02	9.61e-01	1.45e-05	0.00e+00	5.13e-12	1.54e-11	2.57e-11	4.25e-07	8.57e-07	2.01e-33
 8.42056e+15	7.08e-11	1.54e-06	1.35e-03	4.00e-02	9.59e-01	1.36e-05	0.00e+00	6.28e-12	1.88e-11	3.14e-11	5.10e-07	1.03e-06	3.62e-33
 8.69565e+15	8.86e-11	1.87e-06	1.55e-03	4.30e-02	9.55e-01	1.27e-05	0.00e+00	7.87e-12	2.36e-11	3.94e-11	6.20e-07	1.25e-06	6.83e-33
 8.99600e+15	1.14e-10	2.35e-06	1.80e-03	4.66e-02	9.52e-01	1.19e-05	0.00e+00	1.01e-11	3.04e-11	5.07e-11	7.80e-07	1.57e-06	1.47e-32
 9.26183e+15	1.40e-10	2.81e-06	2.04e-03	4.98e-02	9.48e-01	1.12e-05	0.00e+00	1.24e-11	3.72e-11	6.21e-11	9.33e-07	1.88e-06	2.55e-32
 9.54003e+15	1.72e-10	3.36e-06	2.33e-03	5.33e-02	9.44e-01	1.06e-05	0.00e+00	1.53e-11	4.58e-11	7.64e-11	1.12e-06	2.25e-06	4.42e-32
 9.85313e+15	2.15e-10	4.05e-06	2.68e-03	5.74e-02	9.40e-01	9.94e-06	0.00e+00	1.92e-11	5.75e-11	9.59e-11	1.34e-06	2.71e-06	7.75e-32
 1.01263e+16	2.64e-10	4.91e-06	3.03e-03	6.13e-02	9.36e-01	9.43e-06	0.00e+00	2.35e-11	7.06e-11	1.18e-10	1.63e-06	3.28e-06	1.43e-31
 1.03406e+16	3.07e-10	5.61e-06	3.33e-03	6.44e-02	9.32e-01	9.07e-06	0.00e+00	2.74e-11	8.21e-11	1.37e-10	1.86e-06	3.75e-06	2.11e-31
 1.05638e+16	3.59e-10	6.43e-06	3.68e-03	6.78e-02	9.29e-01	8.72e-06	0.00e+00	3.21e-11	9.62e-11	1.60e-10	2.13e-06	4.30e-06	3.18e-31
 1.08539e+16	4.40e-10	7.54e-06	4.17e-03	7.23e-02	9.24e-01	8.30e-06	0.00e+00	3.93e-11	1.18e-10	1.97e-10	2.50e-06	5.04e-06	5.01e-31
 1.11664e+16	5.47e-10	9.24e-06	4.77e-03	7.76e-02	9.18e-01	7.88e-06	0.00e+00	4.89e-11	1.47e-10	2.45e-10	3.07e-06	6.17e-06	9.30e-31
 1.14320e+16	6.52e-10	1.07e-05	5.32e-03	8.21e-02	9.13e-01	7.57e-06	0.00e+00	5.83e-11	1.75e-10	2.92e-10	3.56e-06	7.16e-06	1.40e-30
 1.17012e+16	7.83e-10	1.24e-05	5.96e-03	8.70e-02	9.07e-01	7.28e-06	0.00e+00	7.01e-11	2.10e-10	3.51e-10	4.12e-06	8.28e-06	2.12e-30
 1.20511e+16	1.01e-09	1.55e-05	6.91e-03	9.41e-02	8.99e-01	6.91e-06	0.00e+00	9.02e-11	2.70e-10	4.51e-10	5.15e-06	1.04e-05	4.23e-30
 1.23899e+16	1.24e-09	1.87e-05	7.92e-03	1.01e-01	8.91e-01	6.62e-06	0.00e+00	1.12e-10	3.35e-10	5.58e-10	6.20e-06	1.25e-05	6.98e-30
 1.26526e+16	1.48e-09	2.16e-05	8.81e-03	1.07e-01	8.85e-01	6.40e-06	0.00e+00	1.33e-10	3.99e-10	6.65e-10	7.19e-06	1.44e-05	1.05e-29
 1.29322e+16	1.79e-09	2.54e-05	9.89e-03	1.13e-01	8.77e-01	6.18e-06	0.00e+00	1.61e-10	4.84e-10	8.06e-10	8.44e-06	1.70e-05	1.66e-29
 1.32958e+16	2.28e-09	3.05e-05	1.15e-02	1.22e-01	8.67e-01	5.92e-06	0.00e+00	2.05e-10	6.16e-10	1.03e-09	1.01e-05	2.03e-05	2.66e-29
 1.36634e+16	2.95e-09	3.84e-05	1.33e-02	1.32e-01	8.55e-01	5.71e-06	0.00e+00	2.66e-10	7.97e-10	1.33e-09	1.28e-05	2.56e-05	5.23e-29
 1.39516e+16	3.52e-09	4.48e-05	1.50e-02	1.39e-01	8.45e-01	5.54e-06	0.00e+00	3.18e-10	9.53e-10	1.59e-09	1.49e-05	2.99e-05	7.85e-29
 1.42414e+16	4.32e-09	5.27e-05	1.69e-02	1.48e-01	8.35e-01	5.39e-06	0.00e+00	3.90e-10	1.17e-09	1.95e-09	1.75e-05	3.52e-05	1.21e-28
 1.46182e+16	5.68e-09	6.63e-05	1.98e-02	1.60e-01	8.20e-01	5.21e-06	0.00e+00	5.13e-10	1.54e-09	2.56e-09	2.20e-05	4.42e-05	2.33e-28
 1.49780e+16	7.14e-09	7.86e-05	2.29e-02	1.72e-01	8.05e-01	5.05e-06	0.00e+00	6.45e-10	1.94e-09	3.23e-09	2.61e-05	5.25e-05	3.48e-28
 1.52410e+16	8.46e-09	9.16e-05	2.56e-02	1.82e-01	7.93e-01	4.95e-06	0.00e+00	7.65e-10	2.30e-09	3.83e-09	3.05e-05	6.11e-05	5.18e-28
 1.55081e+16	1.05e-08	1.10e-04	2.89e-02	1.93e-01	7.78e-01	4.86e-06	0.00e+00	9.50e-10	2.85e-09	4.75e-09	3.65e-05	7.31e-05	8.70e-28
 1.58046e+16	1.29e-08	1.28e-04	3.28e-02	2.05e-01	7.62e-01	4.76e-06	0.00e+00	1.17e-09	3.50e-09	5.84e-09	4.27e-05	8.57e-05	1.30e-27
 1.60788e+16	1.57e-08	1.51e-04	3.70e-02	2.17e-01	7.46e-01	4.68e-06	0.00e+00	1.42e-09	4.27e-09	7.12e-09	5.04e-05	1.01e-04	2.01e-27
 1.63265e+16	1.93e-08	1.81e-04	4.16e-02	2.29e-01	7.29e-01	4.64e-06	0.00e+00	1.76e-09	5.27e-09	8.78e-09	6.01e-05	1.21e-04	3.34e-27
