#depth	He	He+	He+2
 1.49634e+10	3.98e-23	3.03e-12	1.00e+00
 4.54887e+10	4.45e-23	3.27e-12	1.00e+00
 7.72350e+10	4.97e-23	3.55e-12	1.00e+00
 1.10251e+11	5.54e-23	3.84e-12	1.00e+00
 1.44588e+11	6.19e-23	4.16e-12	1.00e+00
 1.80298e+11	6.93e-23	4.51e-12	1.00e+00
 2.17437e+11	7.76e-23	4.88e-12	1.00e+00
 2.56061e+11	8.71e-23	5.29e-12	1.00e+00
 2.93359e+11	9.71e-23	5.70e-12	1.00e+00
 3.28451e+11	1.07e-22	6.10e-12	1.00e+00
 3.67818e+11	1.19e-22	6.57e-12	1.00e+00
 4.12458e+11	1.35e-22	7.13e-12	1.00e+00
 4.57269e+11	1.52e-22	7.71e-12	1.00e+00
 5.03873e+11	1.71e-22	8.34e-12	1.00e+00
 5.48805e+11	1.91e-22	8.97e-12	1.00e+00
 5.87674e+11	2.10e-22	9.55e-12	1.00e+00
 6.30194e+11	2.32e-22	1.02e-11	1.00e+00
 6.82275e+11	2.62e-22	1.10e-11	1.00e+00
 7.34672e+11	2.96e-22	1.19e-11	1.00e+00
 7.81462e+11	3.28e-22	1.27e-11	1.00e+00
 8.33075e+11	3.66e-22	1.36e-11	1.00e+00
 8.94456e+11	4.18e-22	1.48e-11	1.00e+00
 9.54842e+11	4.74e-22	1.59e-11	1.00e+00
 1.00966e+12	5.28e-22	1.70e-11	1.00e+00
 1.07092e+12	5.96e-22	1.83e-11	1.00e+00
 1.14262e+12	6.86e-22	1.99e-11	1.00e+00
 1.21335e+12	7.85e-22	2.16e-11	1.00e+00
 1.28010e+12	8.87e-22	2.32e-11	1.00e+00
 1.35442e+12	1.01e-21	2.51e-11	1.00e+00
 1.43561e+12	1.17e-21	2.73e-11	1.00e+00
 1.51282e+12	1.33e-21	2.94e-11	1.00e+00
 1.59604e+12	1.52e-21	3.19e-11	1.00e+00
 1.68675e+12	1.76e-21	3.47e-11	1.00e+00
 1.77345e+12	2.01e-21	3.75e-11	1.00e+00
 1.86668e+12	2.31e-21	4.06e-11	1.00e+00
 1.96827e+12	2.68e-21	4.43e-11	1.00e+00
 2.06160e+12	3.05e-21	4.78e-11	1.00e+00
 2.14727e+12	3.43e-21	5.11e-11	1.00e+00
 2.24538e+12	3.90e-21	5.52e-11	1.00e+00
 2.35210e+12	4.48e-21	5.98e-11	1.00e+00
 2.44924e+12	5.06e-21	6.41e-11	1.00e+00
 2.55476e+12	5.73e-21	6.92e-11	1.00e+00
 2.68165e+12	6.66e-21	7.54e-11	1.00e+00
 2.80846e+12	7.70e-21	8.21e-11	1.00e+00
 2.92420e+12	8.73e-21	8.85e-11	1.00e+00
 3.05340e+12	9.99e-21	9.60e-11	1.00e+00
 3.20393e+12	1.17e-20	1.05e-10	1.00e+00
 3.35389e+12	1.35e-20	1.15e-10	1.00e+00
 3.49875e+12	1.55e-20	1.25e-10	1.00e+00
 3.65752e+12	1.79e-20	1.36e-10	1.00e+00
 3.83375e+12	2.09e-20	1.50e-10	1.00e+00
 4.01702e+12	2.44e-20	1.64e-10	1.00e+00
 4.20763e+12	2.84e-20	1.81e-10	1.00e+00
 4.38617e+12	3.27e-20	1.97e-10	1.00e+00
 4.54487e+12	3.68e-20	2.12e-10	1.00e+00
 4.72275e+12	4.17e-20	2.30e-10	1.00e+00
 4.93472e+12	4.84e-20	2.52e-10	1.00e+00
 5.14864e+12	5.58e-20	2.76e-10	1.00e+00
 5.35024e+12	6.34e-20	3.00e-10	1.00e+00
 5.57331e+12	7.25e-20	3.28e-10	1.00e+00
 5.82069e+12	8.39e-20	3.61e-10	1.00e+00
 6.03642e+12	9.48e-20	3.91e-10	1.00e+00
 6.21327e+12	1.04e-19	4.17e-10	1.00e+00
 6.40775e+12	1.15e-19	4.47e-10	1.00e+00
 6.66056e+12	1.31e-19	4.88e-10	1.00e+00
 6.92838e+12	1.49e-19	5.34e-10	1.00e+00
 7.16075e+12	1.66e-19	5.76e-10	1.00e+00
 7.40789e+12	1.85e-19	6.23e-10	1.00e+00
 7.71349e+12	2.10e-19	6.85e-10	1.00e+00
 8.02209e+12	2.39e-19	7.51e-10	1.00e+00
 8.29257e+12	2.65e-19	8.12e-10	1.00e+00
 8.58649e+12	2.95e-19	8.82e-10	1.00e+00
 8.94264e+12	3.35e-19	9.72e-10	1.00e+00
 9.30196e+12	3.79e-19	1.07e-09	1.00e+00
 9.62919e+12	4.21e-19	1.16e-09	1.00e+00
 9.99240e+12	4.71e-19	1.27e-09	1.00e+00
 1.04166e+13	5.33e-19	1.41e-09	1.00e+00
 1.08216e+13	5.97e-19	1.55e-09	1.00e+00
 1.11836e+13	6.57e-19	1.68e-09	1.00e+00
 1.15880e+13	7.29e-19	1.83e-09	1.00e+00
 1.20678e+13	8.20e-19	2.03e-09	1.00e+00
 1.25474e+13	9.20e-19	2.23e-09	1.00e+00
 1.29623e+13	1.01e-18	2.42e-09	1.00e+00
 1.33915e+13	1.12e-18	2.63e-09	1.00e+00
 1.39218e+13	1.26e-18	2.89e-09	1.00e+00
 1.44202e+13	1.40e-18	3.16e-09	1.00e+00
 1.48061e+13	1.53e-18	3.37e-09	1.00e+00
 1.52086e+13	1.66e-18	3.60e-09	1.00e+00
 1.57319e+13	1.86e-18	3.91e-09	1.00e+00
 1.63011e+13	2.10e-18	4.26e-09	1.00e+00
 1.68181e+13	2.34e-18	4.60e-09	1.00e+00
 1.73781e+13	2.62e-18	4.97e-09	1.00e+00
 1.80635e+13	3.02e-18	5.46e-09	1.00e+00
 1.87555e+13	3.47e-18	5.97e-09	1.00e+00
 1.93680e+13	3.91e-18	6.44e-09	1.00e+00
 2.00337e+13	4.45e-18	6.97e-09	1.00e+00
 2.08331e+13	5.18e-18	7.64e-09	1.00e+00
 2.16313e+13	6.00e-18	8.34e-09	1.00e+00
 2.23578e+13	6.84e-18	8.99e-09	1.00e+00
 2.31663e+13	7.89e-18	9.75e-09	1.00e+00
 2.41107e+13	9.27e-18	1.07e-08	1.00e+00
 2.50421e+13	1.08e-17	1.17e-08	1.00e+00
 2.58461e+13	1.23e-17	1.25e-08	1.00e+00
 2.65265e+13	1.37e-17	1.33e-08	1.00e+00
 2.72629e+13	1.53e-17	1.41e-08	1.00e+00
 2.82202e+13	1.77e-17	1.52e-08	1.00e+00
 2.92164e+13	2.05e-17	1.65e-08	1.00e+00
 3.00591e+13	2.31e-17	1.76e-08	1.00e+00
 3.09505e+13	2.60e-17	1.87e-08	1.00e+00
 3.20984e+13	3.04e-17	2.03e-08	1.00e+00
 3.32914e+13	3.55e-17	2.20e-08	1.00e+00
 3.43170e+13	4.03e-17	2.36e-08	1.00e+00
 3.54134e+13	4.60e-17	2.52e-08	1.00e+00
 3.67688e+13	5.40e-17	2.75e-08	1.00e+00
 3.81140e+13	6.28e-17	2.97e-08	1.00e+00
 3.92646e+13	7.14e-17	3.17e-08	1.00e+00
 4.05089e+13	8.15e-17	3.40e-08	1.00e+00
 4.20513e+13	9.56e-17	3.69e-08	1.00e+00
 4.36117e+13	1.11e-16	4.00e-08	1.00e+00
 4.49812e+13	1.27e-16	4.28e-08	1.00e+00
 4.64727e+13	1.46e-16	4.59e-08	1.00e+00
 4.82770e+13	1.72e-16	5.00e-08	1.00e+00
 5.00812e+13	2.01e-16	5.41e-08	1.00e+00
 5.17117e+13	2.31e-16	5.80e-08	1.00e+00
 5.35229e+13	2.67e-16	6.25e-08	1.00e+00
 5.56526e+13	3.16e-16	6.81e-08	1.00e+00
 5.77566e+13	3.70e-16	7.38e-08	1.00e+00
 5.97331e+13	4.27e-16	7.93e-08	1.00e+00
 6.19407e+13	4.98e-16	8.57e-08	1.00e+00
 6.44483e+13	5.88e-16	9.33e-08	1.00e+00
 6.69379e+13	6.90e-16	1.01e-07	1.00e+00
 6.91935e+13	7.95e-16	1.09e-07	1.00e+00
 7.15956e+13	9.17e-16	1.17e-07	1.00e+00
 7.40563e+13	1.06e-15	1.26e-07	1.00e+00
 7.60781e+13	1.18e-15	1.33e-07	1.00e+00
 7.81912e+13	1.32e-15	1.41e-07	1.00e+00
 8.09381e+13	1.52e-15	1.51e-07	1.00e+00
 8.38359e+13	1.77e-15	1.63e-07	1.00e+00
 8.63255e+13	1.99e-15	1.73e-07	1.00e+00
 8.89578e+13	2.25e-15	1.84e-07	1.00e+00
 9.22696e+13	2.60e-15	1.98e-07	1.00e+00
 9.56863e+13	3.02e-15	2.14e-07	1.00e+00
 9.86474e+13	3.41e-15	2.28e-07	1.00e+00
 1.01794e+14	3.86e-15	2.43e-07	1.00e+00
 1.05660e+14	4.48e-15	2.61e-07	1.00e+00
 1.09594e+14	5.17e-15	2.81e-07	1.00e+00
 1.13135e+14	5.87e-15	3.00e-07	1.00e+00
 1.17028e+14	6.71e-15	3.21e-07	1.00e+00
 1.21628e+14	7.79e-15	3.47e-07	1.00e+00
 1.26188e+14	8.98e-15	3.73e-07	1.00e+00
 1.30426e+14	1.02e-14	3.98e-07	1.00e+00
 1.35167e+14	1.17e-14	4.27e-07	1.00e+00
 1.40604e+14	1.36e-14	4.62e-07	1.00e+00
 1.45966e+14	1.57e-14	4.97e-07	1.00e+00
 1.51543e+14	1.81e-14	5.35e-07	1.00e+00
 1.57634e+14	2.10e-14	5.77e-07	1.00e+00
 1.63970e+14	2.44e-14	6.24e-07	1.00e+00
 1.70558e+14	2.83e-14	6.74e-07	1.00e+00
 1.76291e+14	3.21e-14	7.19e-07	1.00e+00
 1.80733e+14	3.52e-14	7.55e-07	1.00e+00
 1.85492e+14	3.88e-14	7.93e-07	1.00e+00
 1.91677e+14	4.39e-14	8.47e-07	1.00e+00
 1.98377e+14	4.99e-14	9.05e-07	1.00e+00
 2.04456e+14	5.58e-14	9.60e-07	1.00e+00
 2.11069e+14	6.28e-14	1.02e-06	1.00e+00
 2.19117e+14	7.22e-14	1.10e-06	1.00e+00
 2.27157e+14	8.25e-14	1.18e-06	1.00e+00
 2.34374e+14	9.28e-14	1.26e-06	1.00e+00
 2.42398e+14	1.05e-13	1.35e-06	1.00e+00
 2.51286e+14	1.20e-13	1.44e-06	1.00e+00
 2.59506e+14	1.35e-13	1.54e-06	1.00e+00
 2.68399e+14	1.53e-13	1.65e-06	1.00e+00
 2.78309e+14	1.75e-13	1.77e-06	1.00e+00
 2.87572e+14	1.97e-13	1.90e-06	1.00e+00
 2.97644e+14	2.24e-13	2.03e-06	1.00e+00
 3.08845e+14	2.56e-13	2.19e-06	1.00e+00
 3.19271e+14	2.89e-13	2.34e-06	1.00e+00
 3.30582e+14	3.29e-13	2.51e-06	1.00e+00
 3.43201e+14	3.76e-13	2.71e-06	1.00e+00
 3.55077e+14	4.26e-13	2.91e-06	1.00e+00
 3.67956e+14	4.84e-13	3.12e-06	1.00e+00
 3.82272e+14	5.55e-13	3.38e-06	1.00e+00
 3.95839e+14	6.30e-13	3.62e-06	1.00e+00
 4.10381e+14	7.18e-13	3.90e-06	1.00e+00
 4.26826e+14	8.24e-13	4.22e-06	1.00e+00
 4.43047e+14	9.42e-13	4.57e-06	1.00e+00
 4.57671e+14	1.05e-12	4.88e-06	1.00e+00
 4.73281e+14	1.19e-12	5.22e-06	1.00e+00
 4.91762e+14	1.35e-12	5.65e-06	1.00e+00
 5.08100e+14	1.52e-12	6.04e-06	1.00e+00
 5.20433e+14	1.65e-12	6.35e-06	1.00e+00
 5.33431e+14	1.80e-12	6.68e-06	1.00e+00
 5.50329e+14	2.00e-12	7.12e-06	1.00e+00
 5.68741e+14	2.24e-12	7.62e-06	1.00e+00
 5.85414e+14	2.48e-12	8.09e-06	1.00e+00
 6.03384e+14	2.75e-12	8.61e-06	1.00e+00
 6.25826e+14	3.11e-12	9.28e-06	1.00e+00
 6.48452e+14	3.51e-12	1.00e-05	1.00e+00
 6.67871e+14	3.87e-12	1.06e-05	1.00e+00
 6.88750e+14	4.29e-12	1.13e-05	1.00e+00
 7.14577e+14	4.87e-12	1.22e-05	1.00e+00
 7.40887e+14	5.48e-12	1.31e-05	1.00e+00
 7.64292e+14	6.10e-12	1.40e-05	1.00e+00
 7.89874e+14	6.80e-12	1.50e-05	1.00e+00
 8.20435e+14	7.73e-12	1.63e-05	1.00e+00
 8.50627e+14	8.68e-12	1.75e-05	1.00e+00
 8.77957e+14	9.70e-12	1.87e-05	1.00e+00
 9.08410e+14	1.08e-11	2.01e-05	1.00e+00
 9.44150e+14	1.24e-11	2.18e-05	1.00e+00
 9.79355e+14	1.40e-11	2.35e-05	1.00e+00
 1.01225e+15	1.56e-11	2.53e-05	1.00e+00
 1.04904e+15	1.75e-11	2.72e-05	1.00e+00
 1.09104e+15	2.02e-11	2.96e-05	1.00e+00
 1.12610e+15	2.24e-11	3.17e-05	1.00e+00
 1.15112e+15	2.42e-11	3.32e-05	1.00e+00
 1.17727e+15	2.62e-11	3.49e-05	1.00e+00
 1.21125e+15	2.90e-11	3.71e-05	1.00e+00
 1.24894e+15	3.21e-11	3.97e-05	1.00e+00
 1.28417e+15	3.57e-11	4.22e-05	1.00e+00
 1.32272e+15	3.94e-11	4.50e-05	1.00e+00
 1.36580e+15	4.45e-11	4.83e-05	1.00e+00
 1.40620e+15	4.92e-11	5.15e-05	1.00e+00
 1.45011e+15	5.54e-11	5.52e-05	1.00e+00
 1.49924e+15	6.27e-11	5.95e-05	1.00e+00
 1.54577e+15	6.96e-11	6.36e-05	1.00e+00
 1.59690e+15	7.93e-11	6.85e-05	1.00e+00
 1.65418e+15	9.07e-11	7.42e-05	1.00e+00
 1.70833e+15	1.02e-10	7.97e-05	1.00e+00
 1.76758e+15	1.17e-10	8.62e-05	1.00e+00
 1.83342e+15	1.35e-10	9.37e-05	1.00e+00
 1.89446e+15	1.52e-10	1.01e-04	1.00e+00
 1.96047e+15	1.75e-10	1.09e-04	1.00e+00
 2.03446e+15	2.02e-10	1.19e-04	1.00e+00
 2.10416e+15	2.32e-10	1.28e-04	1.00e+00
 2.17994e+15	2.68e-10	1.39e-04	1.00e+00
 2.26468e+15	3.11e-10	1.52e-04	1.00e+00
 2.34476e+15	3.58e-10	1.64e-04	1.00e+00
 2.40985e+15	3.98e-10	1.75e-04	1.00e+00
 2.46213e+15	4.36e-10	1.84e-04	1.00e+00
 2.52031e+15	4.82e-10	1.94e-04	1.00e+00
 2.59593e+15	5.46e-10	2.08e-04	1.00e+00
 2.67628e+15	6.19e-10	2.23e-04	1.00e+00
 2.74629e+15	6.87e-10	2.36e-04	1.00e+00
 2.82083e+15	7.62e-10	2.51e-04	1.00e+00
 2.91774e+15	8.88e-10	2.72e-04	1.00e+00
 3.01661e+15	1.02e-09	2.93e-04	1.00e+00
 3.09757e+15	1.14e-09	3.11e-04	1.00e+00
 3.18237e+15	1.27e-09	3.31e-04	1.00e+00
 3.29261e+15	1.47e-09	3.58e-04	1.00e+00
 3.40895e+15	1.68e-09	3.87e-04	1.00e+00
 3.51074e+15	1.90e-09	4.14e-04	1.00e+00
 3.62061e+15	2.17e-09	4.44e-04	1.00e+00
 3.75638e+15	2.58e-09	4.83e-04	1.00e+00
 3.89520e+15	3.01e-09	5.24e-04	9.99e-01
 4.01920e+15	3.42e-09	5.62e-04	9.99e-01
 4.15455e+15	3.89e-09	6.06e-04	9.99e-01
 4.31569e+15	4.66e-09	6.61e-04	9.99e-01
 4.47491e+15	5.33e-09	7.17e-04	9.99e-01
 4.62050e+15	6.12e-09	7.71e-04	9.99e-01
 4.78381e+15	7.10e-09	8.34e-04	9.99e-01
 4.97365e+15	8.57e-09	9.11e-04	9.99e-01
 5.13174e+15	9.79e-09	9.77e-04	9.99e-01
 5.24101e+15	1.07e-08	1.02e-03	9.99e-01
 5.35304e+15	1.17e-08	1.07e-03	9.99e-01
 5.49868e+15	1.30e-08	1.14e-03	9.99e-01
 5.66316e+15	1.49e-08	1.22e-03	9.99e-01
 5.81890e+15	1.65e-08	1.30e-03	9.99e-01
 5.98813e+15	1.89e-08	1.38e-03	9.99e-01
 6.17614e+15	2.16e-08	1.48e-03	9.99e-01
 6.35134e+15	2.41e-08	1.58e-03	9.98e-01
 6.54186e+15	2.73e-08	1.69e-03	9.98e-01
 6.75584e+15	3.20e-08	1.82e-03	9.98e-01
 6.95770e+15	3.63e-08	1.94e-03	9.98e-01
 7.17748e+15	4.13e-08	2.09e-03	9.98e-01
 7.42092e+15	4.71e-08	2.25e-03	9.98e-01
 7.64871e+15	5.48e-08	2.42e-03	9.98e-01
 7.89844e+15	6.26e-08	2.60e-03	9.97e-01
 8.17027e+15	7.15e-08	2.81e-03	9.97e-01
 8.42056e+15	8.17e-08	3.02e-03	9.97e-01
 8.69565e+15	9.40e-08	3.26e-03	9.97e-01
 8.99600e+15	1.12e-07	3.54e-03	9.96e-01
 9.26183e+15	1.27e-07	3.79e-03	9.96e-01
 9.54003e+15	1.44e-07	4.07e-03	9.96e-01
 9.85313e+15	1.64e-07	4.40e-03	9.96e-01
 1.01263e+16	1.90e-07	4.72e-03	9.95e-01
 1.03406e+16	2.08e-07	4.97e-03	9.95e-01
 1.05638e+16	2.30e-07	5.25e-03	9.95e-01
 1.08539e+16	2.57e-07	5.63e-03	9.94e-01
 1.11664e+16	2.98e-07	6.07e-03	9.94e-01
 1.14320e+16	3.31e-07	6.46e-03	9.94e-01
 1.17012e+16	3.67e-07	6.89e-03	9.93e-01
 1.20511e+16	4.34e-07	7.51e-03	9.92e-01
 1.23899e+16	4.95e-07	8.11e-03	9.92e-01
 1.26526e+16	5.50e-07	8.63e-03	9.91e-01
 1.29322e+16	6.19e-07	9.23e-03	9.91e-01
 1.32958e+16	7.05e-07	1.01e-02	9.90e-01
 1.36634e+16	8.38e-07	1.10e-02	9.89e-01
 1.39516e+16	9.38e-07	1.18e-02	9.88e-01
 1.42414e+16	1.06e-06	1.27e-02	9.87e-01
 1.46182e+16	1.26e-06	1.41e-02	9.86e-01
 1.49780e+16	1.43e-06	1.54e-02	9.85e-01
 1.52410e+16	1.61e-06	1.66e-02	9.83e-01
 1.55081e+16	1.85e-06	1.79e-02	9.82e-01
 1.58046e+16	2.09e-06	1.96e-02	9.80e-01
 1.60788e+16	2.39e-06	2.13e-02	9.79e-01
 1.63265e+16	2.75e-06	2.31e-02	9.77e-01
 1.65594e+16	3.14e-06	2.49e-02	9.75e-01
 1.67702e+16	3.48e-06	2.68e-02	9.73e-01
 1.69933e+16	3.91e-06	2.91e-02	9.71e-01
 1.72833e+16	4.71e-06	3.26e-02	9.67e-01
 1.75643e+16	5.60e-06	3.65e-02	9.63e-01
 1.77688e+16	6.33e-06	3.99e-02	9.60e-01
 1.79700e+16	7.28e-06	4.39e-02	9.56e-01
 1.81932e+16	8.57e-06	4.90e-02	9.51e-01
 1.83941e+16	1.03e-05	5.45e-02	9.45e-01
 1.85586e+16	1.17e-05	5.97e-02	9.40e-01
 1.87266e+16	1.34e-05	6.61e-02	9.34e-01
 1.89160e+16	1.60e-05	7.46e-02	9.25e-01
 1.90869e+16	1.90e-05	8.38e-02	9.16e-01
 1.92273e+16	2.25e-05	9.30e-02	9.07e-01
 1.93473e+16	2.57e-05	1.02e-01	8.98e-01
 1.94763e+16	2.96e-05	1.13e-01	8.87e-01
 1.96222e+16	3.53e-05	1.29e-01	8.71e-01
 1.97507e+16	4.20e-05	1.45e-01	8.55e-01
 1.98495e+16	4.91e-05	1.60e-01	8.40e-01
 1.99264e+16	5.44e-05	1.72e-01	8.28e-01
 2.00041e+16	6.22e-05	1.87e-01	8.13e-01
 2.00763e+16	6.82e-05	2.02e-01	7.98e-01
 2.01413e+16	7.68e-05	2.18e-01	7.82e-01
 2.02061e+16	8.45e-05	2.34e-01	7.66e-01
 2.02704e+16	9.42e-05	2.52e-01	7.48e-01
 2.03395e+16	1.06e-04	2.73e-01	7.26e-01
 2.03991e+16	1.17e-04	2.93e-01	7.06e-01
 2.04508e+16	1.30e-04	3.12e-01	6.88e-01
 2.04977e+16	1.40e-04	3.30e-01	6.70e-01
 2.05486e+16	1.53e-04	3.52e-01	6.48e-01
 2.06149e+16	1.74e-04	3.81e-01	6.19e-01
 2.06778e+16	1.94e-04	4.10e-01	5.90e-01
 2.07258e+16	2.09e-04	4.33e-01	5.67e-01
 2.07776e+16	2.30e-04	4.60e-01	5.40e-01
 2.08342e+16	2.53e-04	4.90e-01	5.10e-01
 2.08968e+16	2.81e-04	5.23e-01	4.76e-01
 2.09648e+16	3.13e-04	5.60e-01	4.39e-01
 2.10268e+16	3.44e-04	5.94e-01	4.06e-01
 2.10943e+16	3.80e-04	6.31e-01	3.69e-01
 2.11693e+16	4.21e-04	6.69e-01	3.31e-01
 2.12411e+16	4.60e-04	7.04e-01	2.96e-01
 2.13214e+16	5.05e-04	7.41e-01	2.59e-01
 2.14258e+16	5.65e-04	7.83e-01	2.16e-01
 2.15349e+16	6.24e-04	8.20e-01	1.79e-01
 2.16318e+16	6.75e-04	8.48e-01	1.51e-01
 2.17396e+16	7.31e-04	8.75e-01	1.24e-01
 2.18407e+16	7.80e-04	8.94e-01	1.05e-01
 2.19111e+16	8.14e-04	9.06e-01	9.35e-02
 2.19806e+16	8.49e-04	9.16e-01	8.29e-02
 2.20709e+16	8.94e-04	9.28e-01	7.12e-02
 2.21700e+16	9.41e-04	9.38e-01	6.09e-02
 2.22599e+16	9.87e-04	9.46e-01	5.30e-02
 2.23436e+16	1.03e-03	9.52e-01	4.67e-02
 2.24396e+16	1.08e-03	9.59e-01	4.04e-02
 2.25447e+16	1.14e-03	9.64e-01	3.48e-02
 2.26316e+16	1.19e-03	9.68e-01	3.10e-02
 2.26990e+16	1.23e-03	9.70e-01	2.83e-02
 2.27708e+16	1.28e-03	9.73e-01	2.56e-02
 2.28642e+16	1.34e-03	9.76e-01	2.27e-02
 2.29565e+16	1.42e-03	9.78e-01	2.02e-02
 2.30250e+16	1.47e-03	9.80e-01	1.87e-02
 2.30824e+16	1.53e-03	9.81e-01	1.74e-02
 2.31478e+16	1.59e-03	9.82e-01	1.61e-02
 2.32329e+16	1.67e-03	9.84e-01	1.45e-02
 2.33169e+16	1.77e-03	9.85e-01	1.32e-02
 2.33790e+16	1.85e-03	9.86e-01	1.24e-02
 2.34300e+16	1.92e-03	9.86e-01	1.17e-02
 2.34873e+16	1.99e-03	9.87e-01	1.09e-02
 2.35617e+16	2.11e-03	9.88e-01	1.01e-02
 2.36358e+16	2.24e-03	9.88e-01	9.32e-03
 2.36915e+16	2.35e-03	9.89e-01	8.82e-03
 2.37376e+16	2.44e-03	9.89e-01	8.41e-03
 2.37893e+16	2.56e-03	9.89e-01	7.95e-03
 2.38565e+16	2.73e-03	9.90e-01	7.41e-03
 2.39233e+16	2.91e-03	9.90e-01	6.94e-03
 2.39733e+16	3.06e-03	9.90e-01	6.64e-03
 2.40147e+16	3.21e-03	9.90e-01	6.37e-03
 2.40615e+16	3.38e-03	9.91e-01	6.07e-03
 2.41225e+16	3.62e-03	9.91e-01	5.72e-03
 2.41838e+16	3.91e-03	9.91e-01	5.40e-03
 2.42310e+16	4.17e-03	9.91e-01	5.17e-03
 2.42775e+16	4.43e-03	9.91e-01	4.95e-03
 2.43379e+16	4.83e-03	9.90e-01	4.67e-03
 2.43992e+16	5.32e-03	9.90e-01	4.42e-03
 2.44475e+16	5.78e-03	9.90e-01	4.23e-03
 2.44891e+16	6.22e-03	9.90e-01	4.09e-03
 2.45361e+16	6.79e-03	9.89e-01	3.91e-03
 2.45878e+16	7.54e-03	9.89e-01	3.74e-03
 2.46333e+16	8.34e-03	9.88e-01	3.60e-03
 2.46692e+16	9.06e-03	9.87e-01	3.51e-03
 2.46994e+16	9.78e-03	9.87e-01	3.42e-03
 2.47330e+16	1.07e-02	9.86e-01	3.32e-03
 2.47698e+16	1.18e-02	9.85e-01	3.23e-03
 2.48018e+16	1.31e-02	9.84e-01	3.15e-03
 2.48281e+16	1.42e-02	9.83e-01	3.10e-03
 2.48558e+16	1.56e-02	9.81e-01	3.03e-03
 2.48864e+16	1.74e-02	9.80e-01	2.97e-03
 2.49132e+16	1.94e-02	9.78e-01	2.93e-03
 2.49356e+16	2.13e-02	9.76e-01	2.89e-03
 2.49563e+16	2.33e-02	9.74e-01	2.87e-03
 2.49801e+16	2.60e-02	9.71e-01	2.84e-03
 2.50060e+16	2.95e-02	9.68e-01	2.82e-03
 2.50285e+16	3.32e-02	9.64e-01	2.81e-03
 2.50470e+16	3.68e-02	9.60e-01	2.81e-03
 2.50668e+16	4.14e-02	9.56e-01	2.81e-03
 2.50878e+16	4.70e-02	9.50e-01	2.83e-03
 2.51056e+16	5.30e-02	9.44e-01	2.85e-03
 2.51204e+16	5.85e-02	9.39e-01	2.88e-03
 2.51351e+16	6.48e-02	9.32e-01	2.92e-03
 2.51514e+16	7.30e-02	9.24e-01	2.96e-03
 2.51673e+16	8.24e-02	9.15e-01	3.02e-03
 2.51808e+16	9.18e-02	9.05e-01	3.07e-03
 2.51924e+16	1.01e-01	8.96e-01	3.13e-03
 2.52030e+16	1.10e-01	8.87e-01	3.19e-03
 2.52129e+16	1.19e-01	8.77e-01	3.24e-03
 2.52207e+16	1.28e-01	8.69e-01	3.29e-03
 2.52258e+16	1.33e-01	8.63e-01	3.32e-03
 2.52304e+16	1.39e-01	8.58e-01	3.35e-03
 2.52358e+16	1.46e-01	8.51e-01	3.38e-03
 2.52417e+16	1.54e-01	8.43e-01	3.43e-03
 2.52475e+16	1.62e-01	8.35e-01	3.47e-03
 2.52528e+16	1.69e-01	8.27e-01	3.51e-03
 2.52581e+16	1.78e-01	8.19e-01	3.55e-03
 2.52634e+16	1.86e-01	8.10e-01	3.59e-03
 2.52687e+16	1.96e-01	8.01e-01	3.63e-03
 2.52740e+16	2.06e-01	7.91e-01	3.67e-03
 2.52791e+16	2.16e-01	7.81e-01	3.71e-03
 2.52841e+16	2.26e-01	7.71e-01	3.76e-03
 2.52892e+16	2.37e-01	7.59e-01	3.79e-03
 2.52943e+16	2.48e-01	7.48e-01	3.84e-03
 2.52992e+16	2.60e-01	7.36e-01	3.87e-03
 2.53041e+16	2.72e-01	7.24e-01	3.91e-03
 2.53090e+16	2.84e-01	7.12e-01	3.95e-03
 2.53139e+16	2.98e-01	6.98e-01	3.98e-03
 2.53187e+16	3.11e-01	6.85e-01	4.01e-03
 2.53233e+16	3.24e-01	6.72e-01	4.05e-03
 2.53281e+16	3.39e-01	6.57e-01	4.07e-03
 2.53327e+16	3.53e-01	6.43e-01	4.10e-03
 2.53374e+16	3.68e-01	6.28e-01	4.12e-03
 2.53419e+16	3.83e-01	6.13e-01	4.15e-03
 2.53465e+16	3.99e-01	5.97e-01	4.16e-03
 2.53511e+16	4.15e-01	5.81e-01	4.17e-03
 2.53555e+16	4.31e-01	5.65e-01	4.18e-03
 2.53599e+16	4.47e-01	5.49e-01	4.19e-03
 2.53643e+16	4.63e-01	5.33e-01	4.19e-03
 2.53687e+16	4.80e-01	5.16e-01	4.19e-03
 2.53730e+16	4.97e-01	4.99e-01	4.18e-03
 2.53772e+16	5.13e-01	4.83e-01	4.17e-03
 2.53813e+16	5.29e-01	4.67e-01	4.16e-03
 2.53854e+16	5.44e-01	4.51e-01	4.14e-03
 2.53893e+16	5.60e-01	4.36e-01	4.12e-03
 2.53933e+16	5.76e-01	4.20e-01	4.09e-03
 2.53972e+16	5.91e-01	4.05e-01	4.05e-03
 2.54012e+16	6.07e-01	3.89e-01	4.01e-03
 2.54050e+16	6.21e-01	3.75e-01	3.96e-03
 2.54089e+16	6.36e-01	3.60e-01	3.92e-03
 2.54127e+16	6.50e-01	3.46e-01	3.86e-03
 2.54165e+16	6.65e-01	3.32e-01	3.80e-03
 2.54203e+16	6.78e-01	3.18e-01	3.75e-03
 2.54241e+16	6.92e-01	3.05e-01	3.68e-03
 2.54279e+16	7.05e-01	2.92e-01	3.61e-03
 2.54317e+16	7.18e-01	2.79e-01	3.54e-03
 2.54356e+16	7.30e-01	2.66e-01	3.46e-03
 2.54396e+16	7.42e-01	2.54e-01	3.38e-03
 2.54435e+16	7.54e-01	2.43e-01	3.30e-03
 2.54476e+16	7.66e-01	2.31e-01	3.22e-03
 2.54517e+16	7.77e-01	2.20e-01	3.12e-03
 2.54559e+16	7.88e-01	2.09e-01	3.03e-03
 2.54597e+16	7.97e-01	2.00e-01	2.95e-03
 2.54626e+16	8.04e-01	1.94e-01	2.88e-03
 2.54653e+16	8.10e-01	1.87e-01	2.82e-03
 2.54683e+16	8.16e-01	1.81e-01	2.75e-03
 2.54713e+16	8.23e-01	1.75e-01	2.69e-03
 2.54744e+16	8.28e-01	1.69e-01	2.62e-03
 2.54773e+16	8.34e-01	1.64e-01	2.56e-03
 2.54804e+16	8.39e-01	1.58e-01	2.50e-03
 2.54834e+16	8.44e-01	1.54e-01	2.44e-03
 2.54864e+16	8.49e-01	1.49e-01	2.39e-03
 2.54895e+16	8.53e-01	1.45e-01	2.33e-03
 2.54926e+16	8.57e-01	1.40e-01	2.28e-03
 2.54958e+16	8.61e-01	1.36e-01	2.23e-03
 2.54991e+16	8.65e-01	1.33e-01	2.18e-03
 2.55025e+16	8.69e-01	1.29e-01	2.12e-03
 2.55060e+16	8.72e-01	1.26e-01	2.08e-03
 2.55096e+16	8.76e-01	1.22e-01	2.03e-03
 2.55135e+16	8.79e-01	1.19e-01	1.98e-03
 2.55175e+16	8.82e-01	1.16e-01	1.94e-03
 2.55217e+16	8.85e-01	1.13e-01	1.89e-03
 2.55261e+16	8.88e-01	1.10e-01	1.85e-03
 2.55309e+16	8.91e-01	1.08e-01	1.80e-03
 2.55361e+16	8.93e-01	1.05e-01	1.76e-03
 2.55418e+16	8.96e-01	1.03e-01	1.72e-03
 2.55481e+16	8.98e-01	1.00e-01	1.68e-03
 2.55551e+16	9.00e-01	9.79e-02	1.64e-03
 2.55631e+16	9.03e-01	9.58e-02	1.60e-03
 2.55723e+16	9.05e-01	9.37e-02	1.56e-03
 2.55832e+16	9.07e-01	9.18e-02	1.52e-03
 2.55963e+16	9.09e-01	8.99e-02	1.48e-03
 2.56125e+16	9.10e-01	8.81e-02	1.43e-03
 2.56325e+16	9.12e-01	8.63e-02	1.38e-03
 2.56570e+16	9.14e-01	8.45e-02	1.33e-03
 2.56868e+16	9.16e-01	8.26e-02	1.27e-03
 2.57218e+16	9.18e-01	8.06e-02	1.21e-03
 2.57632e+16	9.21e-01	7.83e-02	1.14e-03
 2.58098e+16	9.23e-01	7.59e-02	1.07e-03
 2.58559e+16	9.25e-01	7.37e-02	1.00e-03
 2.58993e+16	9.27e-01	7.16e-02	9.46e-04
 2.59401e+16	9.29e-01	6.98e-02	8.95e-04
 2.59772e+16	9.31e-01	6.81e-02	8.51e-04
 2.60110e+16	9.33e-01	6.66e-02	8.13e-04
 2.60417e+16	9.34e-01	6.53e-02	7.80e-04
 2.60697e+16	9.35e-01	6.42e-02	7.51e-04
 2.60952e+16	9.36e-01	6.31e-02	7.24e-04
 2.61183e+16	9.37e-01	6.22e-02	7.02e-04
 2.61437e+16	9.38e-01	6.11e-02	6.78e-04
 2.61711e+16	9.39e-01	6.01e-02	6.53e-04
 2.61960e+16	9.40e-01	5.91e-02	6.31e-04
 2.62187e+16	9.41e-01	5.82e-02	6.11e-04
 2.62436e+16	9.42e-01	5.72e-02	5.90e-04
 2.62704e+16	9.43e-01	5.62e-02	5.68e-04
 2.62948e+16	9.44e-01	5.52e-02	5.48e-04
 2.63170e+16	9.45e-01	5.44e-02	5.31e-04
 2.63414e+16	9.46e-01	5.35e-02	5.12e-04
 2.63677e+16	9.47e-01	5.25e-02	4.93e-04
 2.63916e+16	9.48e-01	5.17e-02	4.76e-04
 2.64134e+16	9.49e-01	5.09e-02	4.62e-04
 2.64332e+16	9.49e-01	5.02e-02	4.49e-04
 2.64549e+16	9.50e-01	4.94e-02	4.34e-04
 2.64783e+16	9.51e-01	4.86e-02	4.19e-04
 2.64997e+16	9.52e-01	4.79e-02	4.06e-04
 2.65191e+16	9.52e-01	4.72e-02	3.95e-04
 2.65367e+16	9.53e-01	4.66e-02	3.84e-04
 2.65528e+16	9.54e-01	4.61e-02	3.75e-04
 2.65704e+16	9.54e-01	4.54e-02	3.65e-04
 2.65894e+16	9.55e-01	4.48e-02	3.54e-04
 2.66067e+16	9.55e-01	4.43e-02	3.45e-04
 2.66257e+16	9.56e-01	4.36e-02	3.35e-04
 2.66462e+16	9.57e-01	4.29e-02	3.25e-04
 2.66648e+16	9.57e-01	4.24e-02	3.16e-04
 2.66817e+16	9.58e-01	4.18e-02	3.07e-04
 2.67003e+16	9.58e-01	4.12e-02	2.98e-04
 2.67204e+16	9.59e-01	4.06e-02	2.89e-04
 2.67386e+16	9.60e-01	4.00e-02	2.81e-04
 2.67552e+16	9.60e-01	3.96e-02	2.74e-04
 2.67734e+16	9.61e-01	3.90e-02	2.66e-04
 2.67931e+16	9.61e-01	3.84e-02	2.58e-04
 2.68109e+16	9.62e-01	3.79e-02	2.51e-04
 2.68272e+16	9.62e-01	3.74e-02	2.45e-04
 2.68450e+16	9.63e-01	3.69e-02	2.38e-04
 2.68643e+16	9.63e-01	3.64e-02	2.31e-04
 2.68818e+16	9.64e-01	3.59e-02	2.25e-04
 2.68977e+16	9.64e-01	3.55e-02	2.20e-04
 2.69152e+16	9.65e-01	3.50e-02	2.14e-04
 2.69340e+16	9.65e-01	3.45e-02	2.08e-04
 2.69512e+16	9.66e-01	3.41e-02	2.03e-04
 2.69700e+16	9.66e-01	3.36e-02	1.97e-04
 2.69903e+16	9.67e-01	3.31e-02	1.91e-04
 2.70088e+16	9.67e-01	3.26e-02	1.86e-04
 2.70256e+16	9.68e-01	3.22e-02	1.81e-04
 2.70440e+16	9.68e-01	3.18e-02	1.76e-04
 2.70639e+16	9.68e-01	3.13e-02	1.71e-04
 2.70820e+16	9.69e-01	3.09e-02	1.67e-04
 2.71018e+16	9.69e-01	3.05e-02	1.62e-04
 2.71232e+16	9.70e-01	3.00e-02	1.57e-04
 2.71427e+16	9.70e-01	2.96e-02	1.53e-04
 2.71640e+16	9.71e-01	2.91e-02	1.48e-04
 2.71871e+16	9.71e-01	2.87e-02	1.44e-04
 2.72080e+16	9.72e-01	2.83e-02	1.39e-04
 2.72310e+16	9.72e-01	2.78e-02	1.35e-04
 2.72558e+16	9.73e-01	2.73e-02	1.30e-04
 2.72784e+16	9.73e-01	2.69e-02	1.26e-04
 2.72989e+16	9.73e-01	2.65e-02	1.23e-04
 2.73214e+16	9.74e-01	2.61e-02	1.19e-04
 2.73457e+16	9.74e-01	2.57e-02	1.15e-04
 2.73678e+16	9.75e-01	2.53e-02	1.12e-04
 2.73921e+16	9.75e-01	2.49e-02	1.08e-04
 2.74182e+16	9.75e-01	2.45e-02	1.05e-04
 2.74420e+16	9.76e-01	2.41e-02	1.01e-04
 2.74637e+16	9.76e-01	2.38e-02	9.87e-05
 2.74874e+16	9.77e-01	2.34e-02	9.55e-05
 2.75131e+16	9.77e-01	2.30e-02	9.25e-05
 2.75364e+16	9.77e-01	2.26e-02	8.98e-05
 2.75619e+16	9.78e-01	2.23e-02	8.68e-05
 2.75895e+16	9.78e-01	2.19e-02	8.39e-05
 2.76146e+16	9.78e-01	2.15e-02	8.13e-05
 2.76375e+16	9.79e-01	2.12e-02	7.90e-05
 2.76625e+16	9.79e-01	2.09e-02	7.65e-05
 2.76895e+16	9.79e-01	2.05e-02	7.41e-05
 2.77141e+16	9.80e-01	2.02e-02	7.19e-05
 2.77411e+16	9.80e-01	1.99e-02	6.95e-05
 2.77702e+16	9.80e-01	1.95e-02	6.71e-05
 2.77967e+16	9.81e-01	1.92e-02	6.51e-05
 2.78257e+16	9.81e-01	1.89e-02	6.27e-05
 2.78570e+16	9.81e-01	1.85e-02	6.05e-05
 2.78855e+16	9.82e-01	1.82e-02	5.85e-05
 2.79167e+16	9.82e-01	1.79e-02	5.63e-05
 2.79504e+16	9.82e-01	1.75e-02	5.42e-05
 2.79811e+16	9.83e-01	1.72e-02	5.24e-05
 2.80148e+16	9.83e-01	1.69e-02	5.03e-05
 2.80511e+16	9.83e-01	1.65e-02	4.83e-05
 2.80841e+16	9.84e-01	1.62e-02	4.66e-05
 2.81203e+16	9.84e-01	1.59e-02	4.47e-05
 2.81594e+16	9.84e-01	1.56e-02	4.28e-05
 2.81949e+16	9.85e-01	1.53e-02	4.12e-05
 2.82273e+16	9.85e-01	1.50e-02	3.99e-05
 2.82627e+16	9.85e-01	1.47e-02	3.83e-05
 2.83010e+16	9.86e-01	1.44e-02	3.68e-05
 2.83359e+16	9.86e-01	1.42e-02	3.55e-05
 2.83740e+16	9.86e-01	1.39e-02	3.40e-05
 2.84152e+16	9.86e-01	1.36e-02	3.26e-05
 2.84527e+16	9.87e-01	1.33e-02	3.14e-05
 2.84938e+16	9.87e-01	1.30e-02	3.01e-05
 2.85382e+16	9.87e-01	1.27e-02	2.88e-05
 2.85786e+16	9.88e-01	1.25e-02	2.77e-05
 2.86228e+16	9.88e-01	1.22e-02	2.64e-05
 2.86706e+16	9.88e-01	1.19e-02	2.52e-05
 2.87140e+16	9.88e-01	1.17e-02	2.42e-05
 2.87617e+16	9.89e-01	1.14e-02	2.31e-05
 2.88131e+16	9.89e-01	1.11e-02	2.20e-05
 2.88599e+16	9.89e-01	1.09e-02	2.10e-05
 2.89111e+16	9.89e-01	1.06e-02	2.00e-05
 2.89665e+16	9.90e-01	1.03e-02	1.90e-05
 2.90169e+16	9.90e-01	1.01e-02	1.82e-05
 2.90721e+16	9.90e-01	9.81e-03	1.72e-05
 2.91316e+16	9.90e-01	9.54e-03	1.63e-05
 2.91859e+16	9.91e-01	9.32e-03	1.56e-05
 2.92453e+16	9.91e-01	9.06e-03	1.47e-05
 2.93094e+16	9.91e-01	8.81e-03	1.39e-05
 2.93678e+16	9.91e-01	8.59e-03	1.33e-05
 2.94318e+16	9.92e-01	8.34e-03	1.25e-05
 2.95008e+16	9.92e-01	8.10e-03	1.18e-05
 2.95637e+16	9.92e-01	7.89e-03	1.12e-05
 2.96325e+16	9.92e-01	7.65e-03	1.06e-05
 2.97069e+16	9.93e-01	7.42e-03	9.94e-06
 2.97745e+16	9.93e-01	7.22e-03	9.42e-06
 2.98487e+16	9.93e-01	6.99e-03	8.84e-06
 2.99430e+16	9.93e-01	6.71e-03	8.17e-06
 3.00490e+16	9.94e-01	6.43e-03	7.50e-06
 3.01577e+16	9.94e-01	6.16e-03	6.89e-06
 3.02706e+16	9.94e-01	5.89e-03	6.31e-06
 3.03882e+16	9.94e-01	5.63e-03	5.76e-06
 3.05101e+16	9.95e-01	5.37e-03	5.25e-06
 3.06365e+16	9.95e-01	5.12e-03	4.78e-06
 3.07665e+16	9.95e-01	4.88e-03	4.34e-06
 3.08986e+16	9.95e-01	4.64e-03	3.95e-06
 3.10326e+16	9.96e-01	4.42e-03	3.58e-06
 3.11691e+16	9.96e-01	4.21e-03	3.25e-06
 3.13085e+16	9.96e-01	4.01e-03	2.95e-06
 3.14505e+16	9.96e-01	3.81e-03	2.67e-06
 3.15949e+16	9.96e-01	3.63e-03	2.42e-06
 3.17420e+16	9.97e-01	3.45e-03	2.19e-06
 3.18918e+16	9.97e-01	3.28e-03	1.98e-06
 3.20443e+16	9.97e-01	3.12e-03	1.79e-06
 3.21971e+16	9.97e-01	2.96e-03	1.62e-06
 3.23522e+16	9.97e-01	2.81e-03	1.47e-06
 3.25133e+16	9.97e-01	2.67e-03	1.32e-06
 3.26782e+16	9.97e-01	2.53e-03	1.19e-06
 3.28453e+16	9.98e-01	2.40e-03	1.07e-06
 3.30152e+16	9.98e-01	2.27e-03	9.61e-07
 3.31884e+16	9.98e-01	2.15e-03	8.63e-07
 3.33651e+16	9.98e-01	2.04e-03	7.73e-07
 3.35452e+16	9.98e-01	1.93e-03	6.93e-07
 3.37287e+16	9.98e-01	1.82e-03	6.20e-07
 3.39159e+16	9.98e-01	1.72e-03	5.53e-07
 3.41069e+16	9.98e-01	1.63e-03	4.94e-07
 3.43018e+16	9.98e-01	1.53e-03	4.40e-07
 3.45008e+16	9.99e-01	1.45e-03	3.91e-07
 3.47040e+16	9.99e-01	1.36e-03	3.47e-07
 3.49115e+16	9.99e-01	1.28e-03	3.08e-07
 3.51237e+16	9.99e-01	1.20e-03	2.72e-07
 3.53406e+16	9.99e-01	1.13e-03	2.40e-07
 3.55626e+16	9.99e-01	1.06e-03	2.12e-07
 3.57899e+16	9.99e-01	9.95e-04	1.86e-07
 3.60228e+16	9.99e-01	9.31e-04	1.63e-07
 3.62616e+16	9.99e-01	8.70e-04	1.43e-07
 3.65065e+16	9.99e-01	8.13e-04	1.24e-07
 3.67581e+16	9.99e-01	7.58e-04	1.08e-07
 3.70169e+16	9.99e-01	7.06e-04	9.40e-08
 3.72794e+16	9.99e-01	6.57e-04	8.14e-08
 3.75473e+16	9.99e-01	6.11e-04	7.03e-08
 3.78285e+16	9.99e-01	5.66e-04	6.03e-08
 3.81231e+16	9.99e-01	5.22e-04	5.14e-08
 3.84277e+16	1.00e+00	4.81e-04	4.36e-08
 3.87425e+16	1.00e+00	4.42e-04	3.69e-08
 3.90697e+16	1.00e+00	4.05e-04	3.09e-08
 3.94112e+16	1.00e+00	3.70e-04	2.58e-08
 3.97684e+16	1.00e+00	3.37e-04	2.13e-08
 4.01432e+16	1.00e+00	3.05e-04	1.75e-08
 4.05386e+16	1.00e+00	2.75e-04	1.42e-08
 4.09566e+16	1.00e+00	2.47e-04	1.14e-08
 4.14021e+16	1.00e+00	2.20e-04	9.05e-09
 4.18756e+16	1.00e+00	1.94e-04	7.08e-09
 4.23843e+16	1.00e+00	1.70e-04	5.43e-09
 4.29396e+16	1.00e+00	1.48e-04	4.08e-09
 4.35447e+16	1.00e+00	1.27e-04	2.99e-09
 4.42118e+16	1.00e+00	1.07e-04	2.13e-09
 4.49513e+16	1.00e+00	8.85e-05	1.46e-09
 4.58263e+16	1.00e+00	7.08e-05	9.30e-10
 4.68354e+16	1.00e+00	5.52e-05	5.66e-10
 4.78725e+16	1.00e+00	4.28e-05	3.42e-10
 4.88842e+16	1.00e+00	3.36e-05	2.11e-10
 4.98819e+16	1.00e+00	2.65e-05	1.31e-10
 5.08932e+16	1.00e+00	2.08e-05	8.16e-11
 5.19283e+16	1.00e+00	1.64e-05	5.05e-11
 5.29850e+16	1.00e+00	1.28e-05	3.12e-11
 5.40547e+16	1.00e+00	1.01e-05	1.94e-11
 5.51476e+16	1.00e+00	7.90e-06	1.20e-11
 5.62698e+16	1.00e+00	6.18e-06	7.36e-12
 5.74180e+16	1.00e+00	4.83e-06	4.52e-12
 5.85940e+16	1.00e+00	3.78e-06	2.77e-12
 5.98040e+16	1.00e+00	2.95e-06	1.70e-12
 6.10604e+16	1.00e+00	2.29e-06	1.03e-12
 6.23626e+16	1.00e+00	1.77e-06	6.16e-13
 6.37051e+16	1.00e+00	1.37e-06	3.70e-13
 6.51004e+16	1.00e+00	1.05e-06	2.19e-13
 6.65584e+16	1.00e+00	8.04e-07	1.29e-13
 6.80865e+16	1.00e+00	6.10e-07	7.44e-14
 6.96954e+16	1.00e+00	4.60e-07	4.25e-14
 7.13982e+16	1.00e+00	3.44e-07	2.38e-14
 7.32126e+16	1.00e+00	2.54e-07	1.30e-14
 7.51615e+16	1.00e+00	1.85e-07	6.93e-15
 7.72735e+16	1.00e+00	1.33e-07	3.57e-15
 7.95887e+16	1.00e+00	9.30e-08	1.76e-15
 8.20760e+16	1.00e+00	6.44e-08	8.46e-16
 8.46341e+16	1.00e+00	4.47e-08	4.09e-16
 8.72243e+16	1.00e+00	3.13e-08	2.00e-16
 8.98660e+16	1.00e+00	2.19e-08	9.85e-17
 9.25752e+16	1.00e+00	1.54e-08	4.87e-17
 9.53491e+16	1.00e+00	1.08e-08	2.41e-17
 9.81724e+16	1.00e+00	7.65e-09	1.21e-17
 1.01014e+17	1.00e+00	5.45e-09	6.11e-18
 1.03856e+17	1.00e+00	3.91e-09	3.16e-18
 1.06698e+17	1.00e+00	2.83e-09	1.66e-18
 1.09540e+17	1.00e+00	2.06e-09	8.82e-19
 1.12453e+17	1.00e+00	1.50e-09	4.68e-19
 1.15465e+17	1.00e+00	1.09e-09	2.48e-19
 1.18489e+17	1.00e+00	8.00e-10	1.33e-19
 1.21471e+17	1.00e+00	5.92e-10	7.29e-20
 1.24406e+17	1.00e+00	4.44e-10	4.09e-20
 1.27295e+17	1.00e+00	3.36e-10	2.34e-20
 1.30136e+17	1.00e+00	2.57e-10	1.37e-20
 1.32912e+17	1.00e+00	1.99e-10	8.23e-21
 1.35607e+17	1.00e+00	1.56e-10	0.00e+00
 1.38213e+17	1.00e+00	1.24e-10	0.00e+00
 1.40723e+17	1.00e+00	9.95e-11	0.00e+00
 1.43132e+17	1.00e+00	8.11e-11	0.00e+00
 1.45442e+17	1.00e+00	6.69e-11	0.00e+00
 1.47651e+17	1.00e+00	5.59e-11	0.00e+00
 1.49758e+17	1.00e+00	4.72e-11	0.00e+00
 1.51763e+17	1.00e+00	4.04e-11	0.00e+00
 1.53668e+17	1.00e+00	3.49e-11	0.00e+00
 1.55477e+17	1.00e+00	3.05e-11	0.00e+00
 1.57194e+17	1.00e+00	2.69e-11	0.00e+00
 1.58823e+17	1.00e+00	2.39e-11	0.00e+00
 1.60368e+17	1.00e+00	2.14e-11	0.00e+00
 1.61831e+17	1.00e+00	1.94e-11	0.00e+00
 1.63217e+17	1.00e+00	1.77e-11	0.00e+00
 1.64531e+17	1.00e+00	1.62e-11	0.00e+00
 1.65775e+17	1.00e+00	1.50e-11	0.00e+00
 1.66955e+17	1.00e+00	1.39e-11	0.00e+00
 1.68074e+17	1.00e+00	1.30e-11	0.00e+00
 1.69134e+17	1.00e+00	1.22e-11	0.00e+00
 1.70139e+17	1.00e+00	1.15e-11	0.00e+00
 1.71092e+17	1.00e+00	1.09e-11	0.00e+00
 1.71996e+17	1.00e+00	1.04e-11	0.00e+00
 1.72854e+17	1.00e+00	9.90e-12	0.00e+00
 1.73670e+17	1.00e+00	9.48e-12	0.00e+00
 1.74444e+17	1.00e+00	9.10e-12	0.00e+00
 1.75179e+17	1.00e+00	8.77e-12	0.00e+00
 1.75878e+17	1.00e+00	8.47e-12	0.00e+00
 1.76542e+17	1.00e+00	8.20e-12	0.00e+00
 1.77174e+17	1.00e+00	7.95e-12	0.00e+00
 1.77776e+17	1.00e+00	7.73e-12	0.00e+00
 1.78349e+17	1.00e+00	7.53e-12	0.00e+00
 1.78896e+17	1.00e+00	7.35e-12	0.00e+00
 1.79416e+17	1.00e+00	7.18e-12	0.00e+00
 1.79913e+17	1.00e+00	7.03e-12	0.00e+00
 1.80388e+17	1.00e+00	6.89e-12	0.00e+00
 1.80842e+17	1.00e+00	6.76e-12	0.00e+00
 1.81276e+17	1.00e+00	6.64e-12	0.00e+00
 1.81692e+17	1.00e+00	6.52e-12	0.00e+00
 1.82090e+17	1.00e+00	6.42e-12	0.00e+00
 1.82473e+17	1.00e+00	6.32e-12	0.00e+00
 1.82840e+17	1.00e+00	6.23e-12	0.00e+00
 1.83194e+17	1.00e+00	6.15e-12	0.00e+00
 1.83535e+17	1.00e+00	6.07e-12	0.00e+00
 1.83865e+17	1.00e+00	5.99e-12	0.00e+00
 1.84184e+17	1.00e+00	5.93e-12	0.00e+00
 1.84493e+17	1.00e+00	5.86e-12	0.00e+00
 1.84793e+17	1.00e+00	5.79e-12	0.00e+00
 1.85086e+17	1.00e+00	5.73e-12	0.00e+00
 1.85373e+17	1.00e+00	5.67e-12	0.00e+00
 1.85654e+17	1.00e+00	5.62e-12	0.00e+00
 1.85930e+17	1.00e+00	5.57e-12	0.00e+00
 1.86204e+17	1.00e+00	5.51e-12	0.00e+00
 1.86476e+17	1.00e+00	5.46e-12	0.00e+00
 1.86748e+17	1.00e+00	5.41e-12	0.00e+00
 1.87021e+17	1.00e+00	5.36e-12	0.00e+00
 1.87297e+17	1.00e+00	5.31e-12	0.00e+00
 1.87579e+17	1.00e+00	5.26e-12	0.00e+00
 1.87869e+17	1.00e+00	5.21e-12	0.00e+00
 1.88171e+17	1.00e+00	5.16e-12	0.00e+00
 1.88488e+17	1.00e+00	5.10e-12	0.00e+00
 1.88827e+17	1.00e+00	5.05e-12	0.00e+00
 1.89193e+17	1.00e+00	4.99e-12	0.00e+00
 1.89597e+17	1.00e+00	4.93e-12	0.00e+00
 1.90051e+17	1.00e+00	4.85e-12	0.00e+00
 1.90575e+17	1.00e+00	4.77e-12	0.00e+00
 1.91196e+17	1.00e+00	4.68e-12	0.00e+00
 1.91957e+17	1.00e+00	4.56e-12	0.00e+00
 1.92924e+17	1.00e+00	4.42e-12	0.00e+00
 1.94177e+17	1.00e+00	4.24e-12	0.00e+00
 1.95806e+17	1.00e+00	4.01e-12	0.00e+00
 1.97925e+17	1.00e+00	3.74e-12	0.00e+00
 2.00678e+17	1.00e+00	3.41e-12	0.00e+00
 2.04258e+17	1.00e+00	3.02e-12	0.00e+00
 2.08912e+17	1.00e+00	2.60e-12	0.00e+00
 2.14645e+17	1.00e+00	2.15e-12	0.00e+00
 2.20909e+17	1.00e+00	1.79e-12	0.00e+00
 2.27326e+17	1.00e+00	1.61e-12	0.00e+00
 2.33897e+17	1.00e+00	1.48e-12	0.00e+00
 2.41527e+17	1.00e+00	1.39e-12	0.00e+00
 2.50756e+17	1.00e+00	1.10e-12	0.00e+00
 2.60786e+17	1.00e+00	8.98e-13	0.00e+00
 2.71218e+17	1.00e+00	8.00e-13	0.00e+00
 2.82067e+17	1.00e+00	7.23e-13	0.00e+00
 2.93349e+17	1.00e+00	6.51e-13	0.00e+00
 3.05083e+17	1.00e+00	5.83e-13	0.00e+00
 3.17287e+17	1.00e+00	5.18e-13	0.00e+00
 3.29978e+17	1.00e+00	4.57e-13	0.00e+00
 3.43177e+17	1.00e+00	3.98e-13	0.00e+00
 3.56904e+17	1.00e+00	3.43e-13	0.00e+00
 3.70666e+17	1.00e+00	2.91e-13	0.00e+00
 3.83447e+17	1.00e+00	2.76e-13	0.00e+00
 3.94719e+17	1.00e+00	2.95e-13	0.00e+00
 4.04798e+17	1.00e+00	3.18e-13	0.00e+00
 4.14313e+17	1.00e+00	3.20e-13	0.00e+00
 4.23560e+17	1.00e+00	2.99e-13	0.00e+00
 4.32287e+17	1.00e+00	2.74e-13	0.00e+00
 4.40023e+17	1.00e+00	2.61e-13	0.00e+00
 4.46149e+17	1.00e+00	2.59e-13	0.00e+00
 4.50168e+17	1.00e+00	2.74e-13	0.00e+00
 4.52437e+17	1.00e+00	2.94e-13	0.00e+00
 4.53731e+17	1.00e+00	3.06e-13	0.00e+00
 4.54507e+17	1.00e+00	3.14e-13	0.00e+00
 4.54991e+17	1.00e+00	3.18e-13	0.00e+00
 4.55349e+17	1.00e+00	3.20e-13	0.00e+00
 4.55725e+17	1.00e+00	3.22e-13	0.00e+00
 4.56210e+17	1.00e+00	3.24e-13	0.00e+00
 4.56738e+17	1.00e+00	3.25e-13	0.00e+00
 4.57185e+17	1.00e+00	3.26e-13	0.00e+00
 4.57528e+17	1.00e+00	3.26e-13	0.00e+00
 4.57810e+17	1.00e+00	3.27e-13	0.00e+00
 4.58082e+17	1.00e+00	3.27e-13	0.00e+00
 4.58387e+17	1.00e+00	3.27e-13	0.00e+00
 4.58719e+17	1.00e+00	3.26e-13	0.00e+00
 4.59001e+17	1.00e+00	3.26e-13	0.00e+00
 4.59221e+17	1.00e+00	3.25e-13	0.00e+00
 4.59427e+17	1.00e+00	3.25e-13	0.00e+00
 4.59654e+17	1.00e+00	3.24e-13	0.00e+00
 4.59902e+17	1.00e+00	3.23e-13	0.00e+00
 4.60131e+17	1.00e+00	3.22e-13	0.00e+00
 4.60316e+17	1.00e+00	3.22e-13	0.00e+00
 4.60479e+17	1.00e+00	3.21e-13	0.00e+00
 4.60656e+17	1.00e+00	3.21e-13	0.00e+00
 4.60857e+17	1.00e+00	3.20e-13	0.00e+00
 4.61056e+17	1.00e+00	3.19e-13	0.00e+00
 4.61230e+17	1.00e+00	3.18e-13	0.00e+00
 4.61381e+17	1.00e+00	3.17e-13	0.00e+00
 4.61528e+17	1.00e+00	3.16e-13	0.00e+00
 4.61678e+17	1.00e+00	3.15e-13	0.00e+00
 4.61835e+17	1.00e+00	3.14e-13	0.00e+00
 4.61998e+17	1.00e+00	3.13e-13	0.00e+00
 4.62153e+17	1.00e+00	3.12e-13	0.00e+00
 4.62298e+17	1.00e+00	3.11e-13	0.00e+00
 4.62442e+17	1.00e+00	3.10e-13	0.00e+00
 4.62590e+17	1.00e+00	3.09e-13	0.00e+00
 4.62740e+17	1.00e+00	3.08e-13	0.00e+00
 4.62889e+17	1.00e+00	3.07e-13	0.00e+00
 4.63033e+17	1.00e+00	3.06e-13	0.00e+00
 4.63174e+17	1.00e+00	3.05e-13	0.00e+00
 4.63324e+17	1.00e+00	3.03e-13	0.00e+00
 4.63481e+17	1.00e+00	3.02e-13	0.00e+00
 4.63637e+17	1.00e+00	3.01e-13	0.00e+00
 4.63790e+17	1.00e+00	2.99e-13	0.00e+00
 4.63947e+17	1.00e+00	2.98e-13	0.00e+00
 4.64108e+17	1.00e+00	2.96e-13	0.00e+00
 4.64268e+17	1.00e+00	2.95e-13	0.00e+00
 4.64440e+17	1.00e+00	2.93e-13	0.00e+00
 4.64631e+17	1.00e+00	2.92e-13	0.00e+00
 4.64815e+17	1.00e+00	2.90e-13	0.00e+00
 4.64988e+17	1.00e+00	2.88e-13	0.00e+00
 4.65155e+17	1.00e+00	2.86e-13	0.00e+00
 4.65335e+17	1.00e+00	2.85e-13	0.00e+00
 4.65539e+17	1.00e+00	2.82e-13	0.00e+00
 4.65749e+17	1.00e+00	2.80e-13	0.00e+00
 4.65948e+17	1.00e+00	2.78e-13	0.00e+00
 4.66140e+17	1.00e+00	2.76e-13	0.00e+00
 4.66347e+17	1.00e+00	2.74e-13	0.00e+00
 4.66580e+17	1.00e+00	2.71e-13	0.00e+00
 4.66825e+17	1.00e+00	2.69e-13	0.00e+00
 4.67058e+17	1.00e+00	2.66e-13	0.00e+00
 4.67281e+17	1.00e+00	2.63e-13	0.00e+00
 4.67515e+17	1.00e+00	2.61e-13	0.00e+00
 4.67768e+17	1.00e+00	2.58e-13	0.00e+00
 4.68038e+17	1.00e+00	2.55e-13	0.00e+00
 4.68315e+17	1.00e+00	2.52e-13	0.00e+00
 4.68590e+17	1.00e+00	2.48e-13	0.00e+00
 4.68864e+17	1.00e+00	2.45e-13	0.00e+00
 4.69123e+17	1.00e+00	2.42e-13	0.00e+00
 4.69402e+17	1.00e+00	2.39e-13	0.00e+00
 4.69732e+17	1.00e+00	2.35e-13	0.00e+00
 4.70078e+17	1.00e+00	2.31e-13	0.00e+00
 4.70412e+17	1.00e+00	2.27e-13	0.00e+00
 4.70728e+17	1.00e+00	2.23e-13	0.00e+00
 4.71054e+17	1.00e+00	2.20e-13	0.00e+00
 4.71412e+17	1.00e+00	2.15e-13	0.00e+00
 4.71795e+17	1.00e+00	2.11e-13	0.00e+00
 4.72173e+17	1.00e+00	2.06e-13	0.00e+00
 4.72540e+17	1.00e+00	2.02e-13	0.00e+00
 4.72922e+17	1.00e+00	1.98e-13	0.00e+00
 4.73326e+17	1.00e+00	1.93e-13	0.00e+00
 4.73750e+17	1.00e+00	1.88e-13	0.00e+00
 4.74191e+17	1.00e+00	1.83e-13	0.00e+00
 4.74624e+17	1.00e+00	1.78e-13	0.00e+00
 4.75046e+17	1.00e+00	1.74e-13	0.00e+00
 4.75483e+17	1.00e+00	1.69e-13	0.00e+00
 4.75952e+17	1.00e+00	1.64e-13	0.00e+00
 4.76445e+17	1.00e+00	1.58e-13	0.00e+00
 4.76942e+17	1.00e+00	1.53e-13	0.00e+00
 4.77427e+17	1.00e+00	1.48e-13	0.00e+00
 4.77915e+17	1.00e+00	1.43e-13	0.00e+00
 4.78433e+17	1.00e+00	1.38e-13	0.00e+00
 4.78978e+17	1.00e+00	1.32e-13	0.00e+00
 4.79524e+17	1.00e+00	1.27e-13	0.00e+00
 4.80069e+17	1.00e+00	1.22e-13	0.00e+00
 4.80624e+17	1.00e+00	1.16e-13	0.00e+00
 4.81202e+17	1.00e+00	1.11e-13	0.00e+00
 4.81796e+17	1.00e+00	1.06e-13	0.00e+00
 4.82407e+17	1.00e+00	1.01e-13	0.00e+00
 4.83022e+17	1.00e+00	9.55e-14	0.00e+00
 4.83645e+17	1.00e+00	9.04e-14	0.00e+00
 4.84290e+17	1.00e+00	8.52e-14	0.00e+00
 4.84938e+17	1.00e+00	8.03e-14	0.00e+00
 4.85600e+17	1.00e+00	7.56e-14	0.00e+00
 4.86304e+17	1.00e+00	7.08e-14	0.00e+00
 4.87042e+17	1.00e+00	6.59e-14	0.00e+00
 4.87787e+17	1.00e+00	6.11e-14	0.00e+00
 4.88540e+17	1.00e+00	5.66e-14	0.00e+00
 4.89275e+17	1.00e+00	5.22e-14	0.00e+00
 4.89941e+17	1.00e+00	4.84e-14	0.00e+00
 4.90514e+17	1.00e+00	4.52e-14	0.00e+00
 4.91018e+17	1.00e+00	4.27e-14	0.00e+00
 4.91496e+17	1.00e+00	4.05e-14	0.00e+00
 4.91971e+17	1.00e+00	3.83e-14	0.00e+00
 4.92437e+17	1.00e+00	3.63e-14	0.00e+00
 4.92876e+17	1.00e+00	3.44e-14	0.00e+00
 4.93281e+17	1.00e+00	3.27e-14	0.00e+00
 4.93660e+17	1.00e+00	3.12e-14	0.00e+00
 4.94027e+17	1.00e+00	2.99e-14	0.00e+00
 4.94389e+17	1.00e+00	2.85e-14	0.00e+00
 4.94742e+17	1.00e+00	2.73e-14	0.00e+00
 4.95079e+17	1.00e+00	2.61e-14	0.00e+00
 4.95399e+17	1.00e+00	2.50e-14	0.00e+00
 4.95705e+17	1.00e+00	2.40e-14	0.00e+00
 4.96004e+17	1.00e+00	2.31e-14	0.00e+00
 4.96296e+17	1.00e+00	2.22e-14	0.00e+00
 4.96579e+17	1.00e+00	2.13e-14	0.00e+00
 4.96851e+17	1.00e+00	2.05e-14	0.00e+00
 4.97113e+17	1.00e+00	1.98e-14	0.00e+00
 4.97367e+17	1.00e+00	1.90e-14	0.00e+00
 4.97613e+17	1.00e+00	1.83e-14	0.00e+00
 4.97852e+17	1.00e+00	1.77e-14	0.00e+00
 4.98086e+17	1.00e+00	1.71e-14	0.00e+00
 4.98313e+17	1.00e+00	1.65e-14	0.00e+00
 4.98534e+17	1.00e+00	1.59e-14	0.00e+00
 4.98750e+17	1.00e+00	1.54e-14	0.00e+00
 4.98958e+17	1.00e+00	1.49e-14	0.00e+00
 4.99161e+17	1.00e+00	1.44e-14	0.00e+00
 4.99393e+17	1.00e+00	1.39e-14	0.00e+00
 4.99694e+17	1.00e+00	1.33e-14	0.00e+00
 5.00086e+17	1.00e+00	1.26e-14	0.00e+00
 5.00595e+17	1.00e+00	1.17e-14	0.00e+00
 5.01257e+17	1.00e+00	1.05e-14	0.00e+00
 5.02117e+17	1.00e+00	9.18e-15	0.00e+00
 5.03173e+17	1.00e+00	7.64e-15	0.00e+00
 5.04198e+17	1.00e+00	6.14e-15	0.00e+00
 5.04950e+17	1.00e+00	5.15e-15	0.00e+00
 5.05468e+17	1.00e+00	4.58e-15	0.00e+00
 5.05916e+17	1.00e+00	4.20e-15	0.00e+00
 5.06436e+17	1.00e+00	3.83e-15	0.00e+00
 5.07066e+17	1.00e+00	3.40e-15	0.00e+00
 5.07723e+17	1.00e+00	2.98e-15	0.00e+00
