#depth	N	N+	N+2	N+3	N+4	N+5	N+6	N+7
 1.49634e+10	2.68e-44	3.55e-34	5.48e-25	1.95e-16	7.90e-09	9.94e-01	6.29e-03	0.00e+00
 4.54887e+10	0.00e+00	4.98e-34	7.07e-25	2.31e-16	8.61e-09	9.94e-01	5.79e-03	1.67e-08
 7.72350e+10	6.21e-44	6.98e-34	9.13e-25	2.74e-16	9.40e-09	9.95e-01	5.28e-03	0.00e+00
 1.10251e+11	0.00e+00	9.80e-34	1.18e-24	3.26e-16	1.03e-08	9.95e-01	4.84e-03	0.00e+00
 1.41594e+11	1.40e-43	1.34e-33	1.49e-24	3.82e-16	1.11e-08	9.96e-01	4.47e-03	0.00e+00
 1.69934e+11	0.00e+00	1.75e-33	1.83e-24	4.39e-16	1.19e-08	9.96e-01	4.16e-03	0.00e+00
 2.01743e+11	2.83e-43	2.36e-33	2.30e-24	5.11e-16	1.29e-08	9.96e-01	3.85e-03	0.00e+00
 2.39080e+11	0.00e+00	3.31e-33	2.97e-24	6.07e-16	1.41e-08	9.96e-01	3.53e-03	0.00e+00
 2.76487e+11	6.46e-43	4.58e-33	3.80e-24	7.17e-16	1.53e-08	9.97e-01	3.24e-03	0.00e+00
 3.12097e+11	0.00e+00	6.18e-33	4.77e-24	8.37e-16	1.66e-08	9.97e-01	3.00e-03	0.00e+00
 3.51213e+11	1.39e-42	8.50e-33	6.08e-24	9.86e-16	1.80e-08	9.97e-01	2.76e-03	0.00e+00
 3.95189e+11	0.00e+00	1.20e-32	7.91e-24	1.18e-15	1.97e-08	9.97e-01	2.52e-03	0.00e+00
 4.39020e+11	3.23e-42	1.67e-32	1.02e-23	1.40e-15	2.15e-08	9.98e-01	2.31e-03	0.00e+00
 4.84604e+11	0.00e+00	2.33e-32	1.31e-23	1.66e-15	2.35e-08	9.98e-01	2.11e-03	0.00e+00
 5.33915e+11	7.50e-42	3.30e-32	1.71e-23	1.99e-15	2.58e-08	9.98e-01	1.93e-03	0.00e+00
 5.84118e+11	0.00e+00	4.64e-32	2.22e-23	2.38e-15	2.83e-08	9.98e-01	1.76e-03	0.00e+00
 6.33332e+11	1.70e-41	6.39e-32	2.84e-23	2.82e-15	3.08e-08	9.98e-01	1.61e-03	0.00e+00
 6.85595e+11	0.00e+00	8.89e-32	3.66e-23	3.35e-15	3.37e-08	9.99e-01	1.48e-03	0.00e+00
 7.42946e+11	3.93e-41	1.26e-31	4.78e-23	4.03e-15	3.71e-08	9.99e-01	1.34e-03	0.00e+00
 8.02590e+11	0.00e+00	1.78e-31	6.25e-23	4.84e-15	4.08e-08	9.99e-01	1.22e-03	0.00e+00
 8.64621e+11	9.26e-41	2.52e-31	8.17e-23	5.82e-15	4.49e-08	9.99e-01	1.11e-03	0.00e+00
 9.29132e+11	0.00e+00	3.56e-31	1.07e-22	7.01e-15	4.95e-08	9.99e-01	1.01e-03	0.00e+00
 9.96224e+11	2.17e-40	5.03e-31	1.40e-22	8.45e-15	5.45e-08	9.99e-01	9.15e-04	0.00e+00
 1.05695e+12	0.00e+00	6.80e-31	1.76e-22	9.94e-15	5.94e-08	9.99e-01	8.41e-04	0.00e+00
 1.10762e+12	4.23e-40	8.66e-31	2.13e-22	1.13e-14	6.36e-08	9.99e-01	7.85e-04	0.00e+00
 1.16315e+12	0.00e+00	1.12e-30	2.60e-22	1.31e-14	6.85e-08	9.99e-01	7.29e-04	0.00e+00
 1.23340e+12	8.51e-40	1.53e-30	3.33e-22	1.55e-14	7.50e-08	9.99e-01	6.66e-04	0.00e+00
 1.30664e+12	0.00e+00	2.10e-30	4.25e-22	1.85e-14	8.23e-08	9.99e-01	6.08e-04	0.00e+00
 1.36889e+12	1.71e-39	2.71e-30	5.21e-22	2.13e-14	8.87e-08	9.99e-01	5.64e-04	0.00e+00
 1.43297e+12	0.00e+00	3.50e-30	6.36e-22	2.45e-14	9.57e-08	9.99e-01	5.23e-04	0.00e+00
 1.51353e+12	3.38e-39	4.76e-30	8.11e-22	2.92e-14	1.05e-07	1.00e+00	4.77e-04	0.00e+00
 1.59534e+12	0.00e+00	6.42e-30	1.03e-21	3.46e-14	1.15e-07	1.00e+00	4.36e-04	0.00e+00
 1.66563e+12	6.56e-39	8.22e-30	1.25e-21	3.98e-14	1.24e-07	1.00e+00	4.05e-04	0.00e+00
 1.74114e+12	0.00e+00	1.06e-29	1.53e-21	4.60e-14	1.34e-07	1.00e+00	3.75e-04	0.00e+00
 1.83446e+12	1.29e-38	1.44e-29	1.95e-21	5.47e-14	1.47e-07	1.00e+00	3.41e-04	0.00e+00
 1.93009e+12	0.00e+00	1.94e-29	2.47e-21	6.49e-14	1.61e-07	1.00e+00	3.12e-04	0.00e+00
 2.01635e+12	2.51e-38	2.50e-29	3.03e-21	7.53e-14	1.75e-07	1.00e+00	2.88e-04	0.00e+00
 2.11129e+12	0.00e+00	3.29e-29	3.77e-21	8.82e-14	1.90e-07	1.00e+00	2.64e-04	0.00e+00
 2.22322e+12	5.03e-38	4.46e-29	4.82e-21	1.05e-13	2.10e-07	1.00e+00	2.40e-04	0.00e+00
 2.33523e+12	0.00e+00	5.98e-29	6.09e-21	1.25e-13	2.30e-07	1.00e+00	2.19e-04	0.00e+00
 2.44168e+12	9.83e-38	7.81e-29	7.54e-21	1.46e-13	2.51e-07	1.00e+00	2.01e-04	0.00e+00
 2.55923e+12	0.00e+00	1.04e-28	9.45e-21	1.72e-13	2.74e-07	1.00e+00	1.84e-04	0.00e+00
 2.69152e+12	1.98e-37	1.40e-28	1.21e-20	2.06e-13	3.03e-07	1.00e+00	1.67e-04	0.00e+00
 2.82383e+12	0.00e+00	1.87e-28	1.52e-20	2.44e-13	3.32e-07	1.00e+00	1.52e-04	0.00e+00
 2.94096e+12	3.77e-37	2.39e-28	1.86e-20	2.82e-13	3.60e-07	1.00e+00	1.41e-04	0.00e+00
 3.03919e+12	0.00e+00	2.92e-28	2.18e-20	3.18e-13	3.84e-07	1.00e+00	1.32e-04	0.00e+00
 3.14488e+12	6.14e-37	3.60e-28	2.58e-20	3.59e-13	4.10e-07	1.00e+00	1.24e-04	0.00e+00
 3.28228e+12	0.00e+00	4.68e-28	3.18e-20	4.19e-13	4.47e-07	1.00e+00	1.14e-04	0.00e+00
 3.42609e+12	1.15e-36	6.08e-28	3.93e-20	4.89e-13	4.86e-07	1.00e+00	1.04e-04	0.00e+00
 3.54885e+12	0.00e+00	7.54e-28	4.68e-20	5.56e-13	5.22e-07	1.00e+00	9.73e-05	0.00e+00
 3.67907e+12	1.94e-36	9.42e-28	5.59e-20	6.33e-13	5.61e-07	1.00e+00	9.06e-05	0.00e+00
 3.84269e+12	0.00e+00	1.23e-27	6.94e-20	7.42e-13	6.12e-07	1.00e+00	8.31e-05	0.00e+00
 4.01113e+12	3.69e-36	1.61e-27	8.60e-20	8.68e-13	6.67e-07	1.00e+00	7.63e-05	0.00e+00
 4.15972e+12	0.00e+00	2.02e-27	1.03e-19	9.91e-13	7.18e-07	1.00e+00	7.09e-05	0.00e+00
 4.32112e+12	6.43e-36	2.56e-27	1.25e-19	1.14e-12	7.75e-07	1.00e+00	6.57e-05	0.00e+00
 4.49918e+12	0.00e+00	3.29e-27	1.53e-19	1.32e-12	8.42e-07	1.00e+00	6.06e-05	0.00e+00
 4.66320e+12	1.14e-35	4.12e-27	1.84e-19	1.51e-12	9.06e-07	1.00e+00	5.63e-05	0.00e+00
 4.84071e+12	0.00e+00	5.21e-27	2.22e-19	1.73e-12	9.77e-07	1.00e+00	5.22e-05	0.00e+00
 5.03871e+12	2.04e-35	6.71e-27	2.72e-19	2.01e-12	1.06e-06	1.00e+00	4.82e-05	0.00e+00
 5.22426e+12	0.00e+00	8.45e-27	3.27e-19	2.30e-12	1.14e-06	1.00e+00	4.48e-05	0.00e+00
 5.42639e+12	3.60e-35	1.08e-26	3.97e-19	2.64e-12	1.23e-06	1.00e+00	4.14e-05	0.00e+00
 5.65094e+12	0.00e+00	1.39e-26	4.89e-19	3.08e-12	1.34e-06	1.00e+00	3.81e-05	0.00e+00
 5.86054e+12	6.49e-35	1.76e-26	5.91e-19	3.52e-12	1.45e-06	1.00e+00	3.54e-05	0.00e+00
 6.08892e+12	0.00e+00	2.25e-26	7.20e-19	4.06e-12	1.56e-06	1.00e+00	3.28e-05	0.00e+00
 6.34431e+12	1.20e-34	2.94e-26	8.91e-19	4.74e-12	1.70e-06	1.00e+00	3.01e-05	0.00e+00
 6.58524e+12	0.00e+00	3.75e-26	1.08e-18	5.44e-12	1.84e-06	1.00e+00	2.79e-05	0.00e+00
 6.84883e+12	2.19e-34	4.85e-26	1.33e-18	6.31e-12	1.99e-06	1.00e+00	2.58e-05	0.00e+00
 7.14402e+12	3.05e-34	6.38e-26	1.66e-18	7.39e-12	2.17e-06	1.00e+00	2.36e-05	0.00e+00
 7.42389e+12	4.14e-34	8.23e-26	2.03e-18	8.54e-12	2.35e-06	1.00e+00	2.19e-05	0.00e+00
 7.72364e+12	5.69e-34	1.07e-25	2.50e-18	9.90e-12	2.55e-06	1.00e+00	2.02e-05	0.00e+00
 8.06251e+12	8.03e-34	1.43e-25	3.14e-18	1.16e-11	2.78e-06	1.00e+00	1.85e-05	0.00e+00
 8.39837e+12	1.12e-33	1.88e-25	3.91e-18	1.36e-11	3.03e-06	1.00e+00	1.70e-05	0.00e+00
 8.74766e+12	1.56e-33	2.47e-25	4.86e-18	1.58e-11	3.29e-06	1.00e+00	1.56e-05	0.00e+00
 9.12750e+12	2.21e-33	3.29e-25	6.11e-18	1.86e-11	3.59e-06	1.00e+00	1.43e-05	0.00e+00
 9.52252e+12	3.16e-33	4.42e-25	7.69e-18	2.18e-11	3.91e-06	1.00e+00	1.32e-05	0.00e+00
 9.89768e+12	4.36e-33	5.76e-25	9.48e-18	2.53e-11	4.23e-06	1.00e+00	1.22e-05	0.00e+00
 1.02354e+13	5.77e-33	7.26e-25	1.14e-17	2.87e-11	4.53e-06	1.00e+00	1.14e-05	0.00e+00
 1.05499e+13	7.44e-33	8.96e-25	1.34e-17	3.22e-11	4.82e-06	1.00e+00	1.07e-05	0.00e+00
 1.08962e+13	9.81e-33	1.12e-24	1.60e-17	3.64e-11	5.14e-06	1.00e+00	1.00e-05	0.00e+00
 1.12866e+13	1.33e-32	1.44e-24	1.95e-17	4.16e-11	5.52e-06	1.00e+00	9.34e-06	0.00e+00
 1.16611e+13	1.76e-32	1.81e-24	2.33e-17	4.71e-11	5.90e-06	1.00e+00	8.75e-06	0.00e+00
 1.20745e+13	2.38e-32	2.32e-24	2.82e-17	5.38e-11	6.33e-06	1.00e+00	8.16e-06	0.00e+00
 1.25343e+13	3.30e-32	3.04e-24	3.48e-17	6.20e-11	6.82e-06	1.00e+00	7.57e-06	0.00e+00
 1.29565e+13	4.41e-32	3.85e-24	4.18e-17	7.04e-11	7.29e-06	1.00e+00	7.08e-06	0.00e+00
 1.33476e+13	5.74e-32	4.77e-24	4.93e-17	7.89e-11	7.74e-06	1.00e+00	6.68e-06	0.00e+00
 1.37960e+13	7.72e-32	6.06e-24	5.94e-17	8.95e-11	8.26e-06	1.00e+00	6.25e-06	0.00e+00
 1.43454e+13	1.10e-31	8.08e-24	7.40e-17	1.04e-10	8.93e-06	1.00e+00	5.79e-06	0.00e+00
 1.48946e+13	1.53e-31	1.06e-23	9.13e-17	1.20e-10	9.63e-06	1.00e+00	5.37e-06	0.00e+00
 1.53718e+13	2.05e-31	1.34e-23	1.09e-16	1.35e-10	1.02e-05	1.00e+00	5.04e-06	0.00e+00
 1.58870e+13	2.77e-31	1.71e-23	1.32e-16	1.54e-10	1.09e-05	1.00e+00	4.73e-06	0.00e+00
 1.65168e+13	3.98e-31	2.29e-23	1.64e-16	1.78e-10	1.18e-05	1.00e+00	4.38e-06	0.00e+00
 1.71598e+13	5.61e-31	3.03e-23	2.04e-16	2.07e-10	1.27e-05	1.00e+00	4.06e-06	0.00e+00
 1.77404e+13	7.68e-31	3.90e-23	2.47e-16	2.35e-10	1.36e-05	1.00e+00	3.81e-06	0.00e+00
 1.83753e+13	1.07e-30	5.09e-23	3.02e-16	2.69e-10	1.45e-05	1.00e+00	3.56e-06	0.00e+00
 1.91238e+13	1.56e-30	6.90e-23	3.80e-16	3.14e-10	1.57e-05	1.00e+00	3.29e-06	0.00e+00
 1.98721e+13	2.23e-30	9.19e-23	4.73e-16	3.64e-10	1.70e-05	1.00e+00	3.05e-06	0.00e+00
 2.05752e+13	3.11e-30	1.20e-22	5.79e-16	4.16e-10	1.81e-05	1.00e+00	2.85e-06	0.00e+00
 2.13530e+13	4.46e-30	1.60e-22	7.18e-16	4.80e-10	1.95e-05	1.00e+00	2.66e-06	0.00e+00
 2.22370e+13	6.53e-30	2.18e-22	9.07e-16	5.62e-10	2.11e-05	1.00e+00	2.45e-06	0.00e+00
 2.31200e+13	9.53e-30	2.94e-22	1.14e-15	6.53e-10	2.27e-05	1.00e+00	2.28e-06	0.00e+00
 2.40383e+13	1.39e-29	3.99e-22	1.43e-15	7.60e-10	2.45e-05	1.00e+00	2.11e-06	0.00e+00
 2.50298e+13	2.06e-29	5.45e-22	1.81e-15	8.89e-10	2.65e-05	1.00e+00	1.95e-06	0.00e+00
 2.60609e+13	3.05e-29	7.46e-22	2.29e-15	1.04e-09	2.86e-05	1.00e+00	1.81e-06	0.00e+00
 2.70565e+13	4.35e-29	9.94e-22	2.84e-15	1.20e-09	3.08e-05	1.00e+00	1.68e-06	0.00e+00
 2.79881e+13	6.07e-29	1.30e-21	3.47e-15	1.37e-09	3.29e-05	1.00e+00	1.57e-06	0.00e+00
 2.88676e+13	8.24e-29	1.65e-21	4.16e-15	1.55e-09	3.49e-05	1.00e+00	1.48e-06	0.00e+00
 2.98284e+13	1.13e-28	2.13e-21	5.04e-15	1.76e-09	3.72e-05	1.00e+00	1.39e-06	0.00e+00
 3.08957e+13	1.58e-28	2.79e-21	6.18e-15	2.02e-09	3.98e-05	1.00e+00	1.30e-06	0.00e+00
 3.18930e+13	2.16e-28	3.59e-21	7.45e-15	2.28e-09	4.23e-05	1.00e+00	1.22e-06	0.00e+00
 3.29812e+13	3.02e-28	4.68e-21	9.08e-15	2.60e-09	4.52e-05	1.00e+00	1.14e-06	0.00e+00
 3.42831e+13	4.40e-28	6.32e-21	1.14e-14	3.03e-09	4.87e-05	1.00e+00	1.06e-06	0.00e+00
 3.55674e+13	6.24e-28	8.38e-21	1.41e-14	3.49e-09	5.24e-05	1.00e+00	9.87e-07	0.00e+00
 3.67247e+13	8.59e-28	1.08e-20	1.71e-14	3.96e-09	5.57e-05	1.00e+00	0.00e+00	0.00e+00
 3.80124e+13	1.19e-27	1.41e-20	2.09e-14	4.53e-09	5.96e-05	1.00e+00	0.00e+00	0.00e+00
 3.95300e+13	1.76e-27	1.92e-20	2.64e-14	5.28e-09	6.43e-05	1.00e+00	0.00e+00	0.00e+00
 4.10727e+13	2.50e-27	2.56e-20	3.30e-14	6.15e-09	6.94e-05	1.00e+00	0.00e+00	0.00e+00
 4.25604e+13	3.54e-27	3.38e-20	4.07e-14	7.07e-09	7.44e-05	1.00e+00	0.00e+00	0.00e+00
 4.39758e+13	4.88e-27	4.37e-20	4.93e-14	8.03e-09	7.93e-05	1.00e+00	0.00e+00	0.00e+00
 4.55412e+13	6.78e-27	5.70e-20	6.06e-14	9.22e-09	8.51e-05	1.00e+00	0.00e+00	0.00e+00
 4.72668e+13	9.66e-27	7.59e-20	7.54e-14	1.07e-08	9.16e-05	1.00e+00	0.00e+00	0.00e+00
 4.88566e+13	1.34e-26	9.85e-20	9.17e-14	1.22e-08	9.77e-05	1.00e+00	0.00e+00	0.00e+00
 5.05794e+13	1.84e-26	1.28e-19	1.12e-13	1.39e-08	1.05e-04	1.00e+00	0.00e+00	0.00e+00
 5.25043e+13	2.66e-26	1.72e-19	1.40e-13	1.62e-08	1.13e-04	1.00e+00	0.00e+00	0.00e+00
 5.43184e+13	3.62e-26	2.21e-19	1.71e-13	1.85e-08	1.21e-04	1.00e+00	0.00e+00	0.00e+00
 5.63000e+13	5.08e-26	2.91e-19	2.11e-13	2.13e-08	1.30e-04	1.00e+00	0.00e+00	0.00e+00
 5.84993e+13	7.29e-26	3.90e-19	2.65e-13	2.48e-08	1.40e-04	1.00e+00	0.00e+00	0.00e+00
 6.05565e+13	1.02e-25	5.12e-19	3.25e-13	2.84e-08	1.50e-04	1.00e+00	0.00e+00	0.00e+00
 6.27786e+13	1.42e-25	6.68e-19	4.02e-13	3.28e-08	1.61e-04	1.00e+00	0.00e+00	0.00e+00
 6.52565e+13	2.06e-25	9.05e-19	5.05e-13	3.82e-08	1.74e-04	1.00e+00	0.00e+00	0.00e+00
 6.76331e+13	2.82e-25	1.17e-18	6.24e-13	4.40e-08	1.88e-04	1.00e+00	0.00e+00	0.00e+00
 7.01678e+13	4.00e-25	1.56e-18	7.75e-13	5.09e-08	2.02e-04	1.00e+00	0.00e+00	0.00e+00
 7.30045e+13	5.88e-25	2.12e-18	9.80e-13	5.96e-08	2.18e-04	1.00e+00	0.00e+00	0.00e+00
 7.58209e+13	8.20e-25	2.80e-18	1.22e-12	6.93e-08	2.36e-04	1.00e+00	0.00e+00	0.00e+00
 7.87499e+13	1.19e-24	3.76e-18	1.53e-12	8.05e-08	2.54e-04	1.00e+00	0.00e+00	0.00e+00
 8.17457e+13	1.64e-24	4.93e-18	1.91e-12	9.34e-08	2.75e-04	1.00e+00	0.00e+00	0.00e+00
 8.45403e+13	2.25e-24	6.37e-18	2.33e-12	1.07e-07	2.94e-04	1.00e+00	0.00e+00	0.00e+00
 8.76308e+13	3.18e-24	8.42e-18	2.88e-12	1.23e-07	3.16e-04	1.00e+00	0.00e+00	0.00e+00
 9.10124e+13	4.41e-24	1.11e-17	3.60e-12	1.43e-07	3.41e-04	1.00e+00	0.00e+00	0.00e+00
 9.41544e+13	6.14e-24	1.44e-17	4.41e-12	1.64e-07	3.65e-04	1.00e+00	0.00e+00	0.00e+00
 9.69290e+13	7.85e-24	1.78e-17	5.23e-12	1.84e-07	3.87e-04	1.00e+00	0.00e+00	0.00e+00
 9.98758e+13	1.04e-23	2.23e-17	6.25e-12	2.07e-07	4.11e-04	1.00e+00	0.00e+00	0.00e+00
 1.03587e+14	1.47e-23	2.96e-17	7.76e-12	2.39e-07	4.42e-04	1.00e+00	0.00e+00	0.00e+00
 1.07335e+14	1.99e-23	3.82e-17	9.57e-12	2.75e-07	4.76e-04	1.00e+00	0.00e+00	0.00e+00
 1.10518e+14	2.65e-23	4.79e-17	1.14e-11	3.09e-07	5.04e-04	9.99e-01	0.00e+00	0.00e+00
 1.13925e+14	3.41e-23	5.94e-17	1.36e-11	3.49e-07	5.36e-04	9.99e-01	0.00e+00	0.00e+00
 1.18182e+14	4.88e-23	7.93e-17	1.69e-11	4.04e-07	5.77e-04	9.99e-01	0.00e+00	0.00e+00
 1.22564e+14	6.63e-23	1.03e-16	2.10e-11	4.67e-07	6.22e-04	9.99e-01	0.00e+00	0.00e+00
 1.26430e+14	8.76e-23	1.29e-16	2.52e-11	5.28e-07	6.62e-04	9.99e-01	0.00e+00	0.00e+00
 1.30608e+14	1.20e-22	1.66e-16	3.06e-11	6.01e-07	7.06e-04	9.99e-01	0.00e+00	0.00e+00
 1.35643e+14	1.64e-22	2.17e-16	3.83e-11	6.99e-07	7.63e-04	9.99e-01	0.00e+00	0.00e+00
 1.40641e+14	2.27e-22	2.84e-16	4.74e-11	8.07e-07	8.21e-04	9.99e-01	0.00e+00	0.00e+00
 1.45100e+14	3.06e-22	3.62e-16	5.71e-11	9.14e-07	8.75e-04	9.99e-01	0.00e+00	0.00e+00
 1.50011e+14	4.01e-22	4.56e-16	6.94e-11	1.04e-06	9.37e-04	9.99e-01	0.00e+00	0.00e+00
 1.55857e+14	5.77e-22	6.12e-16	8.71e-11	1.22e-06	1.01e-03	9.99e-01	0.00e+00	0.00e+00
 1.61661e+14	7.80e-22	7.91e-16	1.08e-10	1.41e-06	1.09e-03	9.99e-01	0.00e+00	0.00e+00
 1.66961e+14	1.04e-21	1.00e-15	1.31e-10	1.60e-06	1.17e-03	9.99e-01	0.00e+00	0.00e+00
 1.72863e+14	1.39e-21	1.28e-15	1.60e-10	1.84e-06	1.25e-03	9.99e-01	0.00e+00	0.00e+00
 1.79737e+14	1.99e-21	1.72e-15	2.02e-10	2.15e-06	1.36e-03	9.99e-01	0.00e+00	0.00e+00
 1.86510e+14	2.67e-21	2.22e-15	2.51e-10	2.49e-06	1.47e-03	9.99e-01	0.00e+00	0.00e+00
 1.92898e+14	3.60e-21	2.84e-15	3.06e-10	2.85e-06	1.57e-03	9.98e-01	0.00e+00	0.00e+00
 1.99989e+14	4.85e-21	3.66e-15	3.79e-10	3.29e-06	1.69e-03	9.98e-01	0.00e+00	0.00e+00
 2.08019e+14	6.88e-21	4.90e-15	4.77e-10	3.85e-06	1.84e-03	9.98e-01	0.00e+00	0.00e+00
 2.16045e+14	9.26e-21	6.34e-15	5.96e-10	4.48e-06	1.99e-03	9.98e-01	0.00e+00	0.00e+00
 2.23797e+14	1.27e-20	8.21e-15	7.33e-10	5.15e-06	2.14e-03	9.98e-01	0.00e+00	0.00e+00
 2.30531e+14	1.58e-20	1.00e-14	8.71e-10	5.80e-06	2.29e-03	9.98e-01	0.00e+00	0.00e+00
 2.36142e+14	1.94e-20	1.19e-14	1.00e-09	6.39e-06	2.41e-03	9.98e-01	0.00e+00	0.00e+00
 2.42338e+14	2.42e-20	1.43e-14	1.17e-09	7.08e-06	2.54e-03	9.97e-01	0.00e+00	0.00e+00
 2.50393e+14	3.14e-20	1.79e-14	1.41e-09	8.07e-06	2.73e-03	9.97e-01	0.00e+00	0.00e+00
 2.58899e+14	4.10e-20	2.25e-14	1.72e-09	9.23e-06	2.93e-03	9.97e-01	0.00e+00	0.00e+00
 2.66271e+14	5.20e-20	2.75e-14	2.03e-09	1.03e-05	3.11e-03	9.97e-01	0.00e+00	0.00e+00
 2.74135e+14	6.50e-20	3.35e-14	2.40e-09	1.16e-05	3.32e-03	9.97e-01	0.00e+00	0.00e+00
 2.84167e+14	8.66e-20	4.29e-14	2.96e-09	1.34e-05	3.59e-03	9.96e-01	0.00e+00	0.00e+00
 2.94461e+14	1.16e-19	5.50e-14	3.65e-09	1.54e-05	3.87e-03	9.96e-01	0.00e+00	0.00e+00
 3.03311e+14	1.47e-19	6.74e-14	4.33e-09	1.74e-05	4.13e-03	9.96e-01	0.00e+00	0.00e+00
 3.12837e+14	1.87e-19	8.33e-14	5.19e-09	1.97e-05	4.43e-03	9.96e-01	0.00e+00	0.00e+00
 3.24600e+14	2.49e-19	1.07e-13	6.44e-09	2.28e-05	4.80e-03	9.95e-01	0.00e+00	0.00e+00
 3.36521e+14	3.32e-19	1.37e-13	7.96e-09	2.63e-05	5.20e-03	9.95e-01	0.00e+00	0.00e+00
 3.47036e+14	4.24e-19	1.69e-13	9.52e-09	2.98e-05	5.56e-03	9.94e-01	0.00e+00	0.00e+00
 3.58474e+14	5.46e-19	2.11e-13	1.15e-08	3.39e-05	5.98e-03	9.94e-01	0.00e+00	0.00e+00
 3.72253e+14	7.39e-19	2.75e-13	1.44e-08	3.94e-05	6.50e-03	9.93e-01	0.00e+00	0.00e+00
 3.85920e+14	9.78e-19	3.51e-13	1.78e-08	4.55e-05	7.05e-03	9.93e-01	0.00e+00	0.00e+00
 3.98113e+14	1.26e-18	4.37e-13	2.13e-08	5.15e-05	7.55e-03	9.92e-01	0.00e+00	0.00e+00
 4.11545e+14	1.64e-18	5.48e-13	2.59e-08	5.88e-05	8.13e-03	9.92e-01	0.00e+00	0.00e+00
 4.27535e+14	2.22e-18	7.15e-13	3.25e-08	6.85e-05	8.85e-03	9.91e-01	0.00e+00	0.00e+00
 4.43429e+14	2.98e-18	9.22e-13	4.03e-08	7.92e-05	9.60e-03	9.90e-01	0.00e+00	0.00e+00
 4.58032e+14	3.84e-18	1.15e-12	4.88e-08	9.01e-05	1.03e-02	9.90e-01	0.00e+00	0.00e+00
 4.74379e+14	5.05e-18	1.46e-12	6.00e-08	1.04e-04	1.11e-02	9.89e-01	0.00e+00	0.00e+00
 4.93305e+14	7.05e-18	1.95e-12	7.57e-08	1.21e-04	1.22e-02	9.88e-01	0.00e+00	0.00e+00
 5.11849e+14	9.52e-18	2.52e-12	9.43e-08	1.40e-04	1.32e-02	9.87e-01	0.00e+00	0.00e+00
 5.29542e+14	1.24e-17	3.18e-12	1.15e-07	1.61e-04	1.42e-02	9.86e-01	0.00e+00	0.00e+00
 5.45134e+14	1.61e-17	3.95e-12	1.37e-07	1.80e-04	1.52e-02	9.85e-01	0.00e+00	0.00e+00
 5.58041e+14	1.95e-17	4.68e-12	1.58e-07	1.98e-04	1.60e-02	9.84e-01	0.00e+00	0.00e+00
 5.72187e+14	2.40e-17	5.59e-12	1.83e-07	2.18e-04	1.69e-02	9.83e-01	0.00e+00	0.00e+00
 5.90577e+14	3.13e-17	7.01e-12	2.22e-07	2.48e-04	1.81e-02	9.82e-01	0.00e+00	0.00e+00
 6.09922e+14	4.04e-17	8.78e-12	2.69e-07	2.82e-04	1.94e-02	9.80e-01	0.00e+00	0.00e+00
 6.26639e+14	5.10e-17	1.07e-11	3.16e-07	3.14e-04	2.06e-02	9.79e-01	0.00e+00	0.00e+00
 6.44502e+14	6.62e-17	1.33e-11	3.75e-07	3.51e-04	2.19e-02	9.78e-01	0.00e+00	0.00e+00
 6.67706e+14	8.99e-17	1.72e-11	4.64e-07	4.04e-04	2.37e-02	9.76e-01	0.00e+00	0.00e+00
 6.91538e+14	1.18e-16	2.19e-11	5.73e-07	4.65e-04	2.56e-02	9.74e-01	0.00e+00	0.00e+00
 7.11436e+14	1.69e-16	2.75e-11	6.81e-07	5.20e-04	2.72e-02	9.72e-01	0.00e+00	0.00e+00
 7.32536e+14	2.14e-16	3.37e-11	8.12e-07	5.84e-04	2.90e-02	9.70e-01	0.00e+00	0.00e+00
 7.59366e+14	3.04e-16	4.48e-11	1.01e-06	6.74e-04	3.14e-02	9.68e-01	0.00e+00	0.00e+00
 7.87503e+14	4.05e-16	5.76e-11	1.26e-06	7.79e-04	3.39e-02	9.65e-01	0.00e+00	0.00e+00
 8.12631e+14	5.55e-16	7.41e-11	1.52e-06	8.83e-04	3.63e-02	9.63e-01	0.00e+00	0.00e+00
 8.39989e+14	7.27e-16	9.37e-11	1.86e-06	1.01e-03	3.89e-02	9.60e-01	0.00e+00	0.00e+00
 8.72576e+14	1.07e-15	1.27e-10	2.35e-06	1.17e-03	4.22e-02	9.57e-01	0.00e+00	0.00e+00
 9.04765e+14	1.48e-15	1.67e-10	2.92e-06	1.35e-03	4.56e-02	9.53e-01	0.00e+00	0.00e+00
 9.33975e+14	1.98e-15	2.12e-10	3.54e-06	1.53e-03	4.88e-02	9.50e-01	0.00e+00	0.00e+00
 9.66509e+14	2.64e-15	2.72e-10	4.36e-06	1.76e-03	5.24e-02	9.46e-01	0.00e+00	0.00e+00
 1.00461e+15	3.88e-15	3.71e-10	5.52e-06	2.05e-03	5.68e-02	9.41e-01	0.00e+00	0.00e+00
 1.04220e+15	5.49e-15	4.92e-10	6.90e-06	2.37e-03	6.13e-02	9.36e-01	0.00e+00	0.00e+00
 1.07758e+15	7.52e-15	6.36e-10	8.45e-06	2.70e-03	6.57e-02	9.32e-01	0.00e+00	0.00e+00
 1.11699e+15	1.02e-14	8.25e-10	1.05e-05	3.11e-03	7.07e-02	9.26e-01	0.00e+00	0.00e+00
 1.16170e+15	1.54e-14	1.14e-09	1.33e-05	3.63e-03	7.67e-02	9.20e-01	0.00e+00	0.00e+00
 1.19913e+15	2.09e-14	1.46e-09	1.62e-05	4.11e-03	8.18e-02	9.14e-01	0.00e+00	0.00e+00
 1.22591e+15	2.58e-14	1.73e-09	1.85e-05	4.48e-03	8.55e-02	9.10e-01	0.00e+00	0.00e+00
 1.25387e+15	3.20e-14	2.06e-09	2.12e-05	4.89e-03	8.94e-02	9.06e-01	0.00e+00	0.00e+00
 1.29021e+15	4.05e-14	2.53e-09	2.51e-05	5.47e-03	9.45e-02	9.00e-01	0.00e+00	0.00e+00
 1.33086e+15	5.64e-14	3.28e-09	3.04e-05	6.18e-03	1.01e-01	8.93e-01	0.00e+00	0.00e+00
 1.36889e+15	7.39e-14	4.09e-09	3.59e-05	6.89e-03	1.06e-01	8.87e-01	0.00e+00	0.00e+00
 1.41013e+15	9.48e-14	5.05e-09	4.29e-05	7.72e-03	1.13e-01	8.80e-01	0.00e+00	0.00e+00
 1.45654e+15	1.34e-13	6.63e-09	5.22e-05	8.76e-03	1.20e-01	8.71e-01	0.00e+00	0.00e+00
 1.50044e+15	1.77e-13	8.30e-09	6.23e-05	9.81e-03	1.27e-01	8.63e-01	0.00e+00	0.00e+00
 1.54829e+15	2.32e-13	1.04e-08	7.51e-05	1.11e-02	1.34e-01	8.54e-01	0.00e+00	0.00e+00
 1.60202e+15	3.36e-13	1.39e-08	9.22e-05	1.26e-02	1.44e-01	8.44e-01	0.00e+00	0.00e+00
 1.65290e+15	4.49e-13	1.76e-08	1.11e-04	1.42e-02	1.52e-01	8.34e-01	0.00e+00	0.00e+00
 1.70854e+15	5.98e-13	2.24e-08	1.35e-04	1.61e-02	1.61e-01	8.23e-01	0.00e+00	0.00e+00
 1.77093e+15	8.82e-13	3.03e-08	1.67e-04	1.84e-02	1.72e-01	8.09e-01	0.00e+00	0.00e+00
 1.82923e+15	1.19e-12	3.87e-08	2.02e-04	2.08e-02	1.82e-01	7.97e-01	0.00e+00	0.00e+00
 1.89213e+15	1.60e-12	4.95e-08	2.46e-04	2.35e-02	1.93e-01	7.83e-01	0.00e+00	0.00e+00
 1.96249e+15	2.37e-12	6.71e-08	3.05e-04	2.70e-02	2.06e-01	7.67e-01	0.00e+00	0.00e+00
 2.02809e+15	3.20e-12	8.60e-08	3.69e-04	3.04e-02	2.17e-01	7.52e-01	0.00e+00	0.00e+00
 2.09889e+15	4.30e-12	1.10e-07	4.50e-04	3.44e-02	2.29e-01	7.36e-01	0.00e+00	0.00e+00
 2.17840e+15	6.42e-12	1.50e-07	5.59e-04	3.94e-02	2.44e-01	7.16e-01	0.00e+00	0.00e+00
 2.25322e+15	8.74e-12	1.93e-07	6.78e-04	4.44e-02	2.56e-01	6.99e-01	0.00e+00	0.00e+00
 2.32191e+15	1.13e-11	2.39e-07	8.03e-04	4.93e-02	2.68e-01	6.82e-01	0.00e+00	0.00e+00
 2.39864e+15	1.53e-11	3.05e-07	9.66e-04	5.52e-02	2.81e-01	6.63e-01	0.00e+00	0.00e+00
 2.48482e+15	2.24e-11	4.09e-07	1.18e-03	6.24e-02	2.95e-01	6.41e-01	0.00e+00	0.00e+00
 2.56567e+15	2.98e-11	5.17e-07	1.41e-03	6.95e-02	3.08e-01	6.21e-01	0.00e+00	0.00e+00
 2.63515e+15	3.73e-11	6.24e-07	1.64e-03	7.60e-02	3.19e-01	6.04e-01	0.00e+00	0.00e+00
 2.70748e+15	4.80e-11	7.64e-07	1.90e-03	8.31e-02	3.30e-01	5.85e-01	0.00e+00	0.00e+00
 2.78844e+15	6.56e-11	9.74e-07	2.25e-03	9.16e-02	3.42e-01	5.64e-01	0.00e+00	0.00e+00
 2.86182e+15	8.25e-11	1.17e-06	2.59e-03	9.96e-02	3.52e-01	5.46e-01	0.00e+00	0.00e+00
 2.93843e+15	1.03e-10	1.41e-06	2.98e-03	1.08e-01	3.62e-01	5.27e-01	0.00e+00	0.00e+00
 3.03802e+15	1.45e-10	1.84e-06	3.59e-03	1.20e-01	3.74e-01	5.02e-01	0.00e+00	0.00e+00
 3.13665e+15	1.86e-10	2.27e-06	4.23e-03	1.32e-01	3.85e-01	4.79e-01	0.00e+00	0.00e+00
 3.21794e+15	2.46e-10	2.81e-06	4.88e-03	1.43e-01	3.94e-01	4.58e-01	0.00e+00	0.00e+00
 3.30752e+15	3.16e-10	3.43e-06	5.64e-03	1.55e-01	4.03e-01	4.37e-01	0.00e+00	0.00e+00
 3.42398e+15	4.13e-10	4.29e-06	6.73e-03	1.71e-01	4.12e-01	4.10e-01	0.00e+00	0.00e+00
 3.54300e+15	5.91e-10	5.66e-06	8.07e-03	1.89e-01	4.21e-01	3.82e-01	0.00e+00	0.00e+00
 3.63875e+15	7.50e-10	6.84e-06	9.24e-03	2.03e-01	4.26e-01	3.62e-01	0.00e+00	0.00e+00
 3.73661e+15	9.45e-10	8.23e-06	1.06e-02	2.18e-01	4.31e-01	3.41e-01	0.00e+00	0.00e+00
 3.86383e+15	1.23e-09	1.02e-05	1.25e-02	2.37e-01	4.35e-01	3.16e-01	0.00e+00	0.00e+00
 3.99687e+15	1.76e-09	1.34e-05	1.49e-02	2.58e-01	4.38e-01	2.89e-01	0.00e+00	0.00e+00
 4.10455e+15	2.20e-09	1.61e-05	1.69e-02	2.75e-01	4.38e-01	2.70e-01	0.00e+00	0.00e+00
 4.21159e+15	2.70e-09	1.90e-05	1.92e-02	2.92e-01	4.38e-01	2.51e-01	0.00e+00	0.00e+00
 4.35075e+15	3.81e-09	2.46e-05	2.26e-02	3.15e-01	4.36e-01	2.26e-01	0.00e+00	0.00e+00
 4.49002e+15	5.02e-09	3.06e-05	2.63e-02	3.37e-01	4.31e-01	2.05e-01	0.00e+00	0.00e+00
 4.59914e+15	6.24e-09	3.63e-05	2.95e-02	3.54e-01	4.27e-01	1.89e-01	0.00e+00	0.00e+00
 4.71067e+15	7.81e-09	4.32e-05	3.32e-02	3.72e-01	4.21e-01	1.74e-01	0.00e+00	0.00e+00
 4.82654e+15	9.63e-09	5.09e-05	3.72e-02	3.90e-01	4.14e-01	1.59e-01	0.00e+00	0.00e+00
 4.92558e+15	1.13e-08	5.81e-05	4.09e-02	4.04e-01	4.08e-01	1.47e-01	0.00e+00	0.00e+00
 5.03187e+15	1.45e-08	6.96e-05	4.56e-02	4.21e-01	4.00e-01	1.34e-01	0.00e+00	0.00e+00
 5.14024e+15	1.74e-08	8.04e-05	5.03e-02	4.36e-01	3.91e-01	1.23e-01	0.00e+00	0.00e+00
 5.23612e+15	2.02e-08	9.07e-05	5.49e-02	4.49e-01	3.82e-01	1.13e-01	0.00e+00	0.00e+00
 5.34553e+15	2.59e-08	1.09e-04	6.09e-02	4.65e-01	3.72e-01	1.02e-01	0.00e+00	0.00e+00
 5.45631e+15	3.10e-08	1.25e-04	6.70e-02	4.79e-01	3.61e-01	9.29e-02	0.00e+00	0.00e+00
 5.55355e+15	3.60e-08	1.41e-04	7.29e-02	4.91e-01	3.51e-01	8.52e-02	0.00e+00	0.00e+00
 5.66463e+15	4.62e-08	1.69e-04	8.07e-02	5.05e-01	3.38e-01	7.60e-02	0.00e+00	0.00e+00
 5.78939e+15	5.46e-08	1.94e-04	8.92e-02	5.19e-01	3.24e-01	6.78e-02	0.00e+00	0.00e+00
 5.91253e+15	7.26e-08	2.38e-04	9.96e-02	5.32e-01	3.09e-01	5.92e-02	0.00e+00	0.00e+00
 6.02754e+15	8.75e-08	2.75e-04	1.09e-01	5.43e-01	2.95e-01	5.27e-02	0.00e+00	0.00e+00
 6.13292e+15	1.02e-07	3.11e-04	1.19e-01	5.51e-01	2.82e-01	4.71e-02	0.00e+00	0.00e+00
 6.25144e+15	1.26e-07	3.65e-04	1.31e-01	5.60e-01	2.67e-01	4.12e-02	0.00e+00	0.00e+00
 6.38433e+15	1.75e-07	4.59e-04	1.47e-01	5.69e-01	2.49e-01	3.46e-02	0.00e+00	0.00e+00
 6.50094e+15	2.16e-07	5.39e-04	1.62e-01	5.75e-01	2.33e-01	3.00e-02	0.00e+00	0.00e+00
 6.59763e+15	2.61e-07	6.19e-04	1.75e-01	5.78e-01	2.20e-01	2.64e-02	0.00e+00	0.00e+00
 6.68720e+15	3.12e-07	7.06e-04	1.88e-01	5.80e-01	2.08e-01	2.33e-02	0.00e+00	0.00e+00
 6.77273e+15	3.71e-07	8.02e-04	2.01e-01	5.81e-01	1.96e-01	2.06e-02	0.00e+00	0.00e+00
 6.85602e+15	4.17e-07	8.80e-04	2.15e-01	5.81e-01	1.85e-01	1.83e-02	0.00e+00	0.00e+00
 6.95121e+15	5.32e-07	1.05e-03	2.33e-01	5.79e-01	1.71e-01	1.56e-02	0.00e+00	0.00e+00
 7.04318e+15	6.19e-07	1.17e-03	2.50e-01	5.76e-01	1.59e-01	1.35e-02	0.00e+00	0.00e+00
 7.13098e+15	7.50e-07	1.35e-03	2.68e-01	5.72e-01	1.47e-01	1.15e-02	0.00e+00	0.00e+00
 7.21280e+15	9.06e-07	1.55e-03	2.87e-01	5.67e-01	1.35e-01	9.87e-03	0.00e+00	0.00e+00
 7.26660e+15	1.10e-06	1.76e-03	3.01e-01	5.61e-01	1.28e-01	8.72e-03	0.00e+00	0.00e+00
 7.30404e+15	1.19e-06	1.88e-03	3.10e-01	5.58e-01	1.22e-01	8.08e-03	0.00e+00	0.00e+00
 7.34044e+15	1.31e-06	2.00e-03	3.19e-01	5.54e-01	1.17e-01	7.45e-03	0.00e+00	0.00e+00
 7.38777e+15	1.42e-06	2.13e-03	3.31e-01	5.49e-01	1.11e-01	6.76e-03	0.00e+00	0.00e+00
 7.44929e+15	1.71e-06	2.43e-03	3.49e-01	5.41e-01	1.02e-01	5.79e-03	0.00e+00	0.00e+00
 7.50779e+15	1.98e-06	2.70e-03	3.65e-01	5.32e-01	9.48e-02	5.02e-03	0.00e+00	0.00e+00
 7.55131e+15	2.16e-06	2.88e-03	3.77e-01	5.26e-01	8.93e-02	4.51e-03	0.00e+00	0.00e+00
 7.59682e+15	2.44e-06	3.14e-03	3.91e-01	5.18e-01	8.33e-02	3.98e-03	0.00e+00	0.00e+00
 7.65600e+15	3.04e-06	3.65e-03	4.12e-01	5.06e-01	7.53e-02	3.28e-03	0.00e+00	0.00e+00
 7.70900e+15	3.33e-06	3.91e-03	4.27e-01	4.97e-01	6.94e-02	2.85e-03	0.00e+00	0.00e+00
 7.75398e+15	3.97e-06	4.41e-03	4.43e-01	4.86e-01	6.35e-02	2.42e-03	0.00e+00	0.00e+00
 7.79836e+15	4.51e-06	4.82e-03	4.58e-01	4.77e-01	5.85e-02	2.09e-03	0.00e+00	0.00e+00
 7.83602e+15	4.92e-06	5.14e-03	4.70e-01	4.69e-01	5.44e-02	1.84e-03	0.00e+00	0.00e+00
 7.87905e+15	5.82e-06	5.76e-03	4.86e-01	4.57e-01	4.93e-02	1.54e-03	0.00e+00	0.00e+00
 7.92275e+15	6.64e-06	6.31e-03	5.01e-01	4.47e-01	4.49e-02	1.30e-03	0.00e+00	0.00e+00
 7.96082e+15	7.28e-06	6.75e-03	5.14e-01	4.37e-01	4.12e-02	1.12e-03	0.00e+00	0.00e+00
 8.00382e+15	8.71e-06	7.62e-03	5.30e-01	4.25e-01	3.67e-02	9.11e-04	0.00e+00	0.00e+00
 8.04690e+15	9.98e-06	8.37e-03	5.45e-01	4.13e-01	3.29e-02	7.51e-04	0.00e+00	0.00e+00
 8.08381e+15	1.12e-05	9.07e-03	5.57e-01	4.03e-01	2.98e-02	6.31e-04	0.00e+00	0.00e+00
 8.12553e+15	1.29e-05	9.99e-03	5.72e-01	3.91e-01	2.64e-02	5.09e-04	0.00e+00	0.00e+00
 8.17191e+15	1.51e-05	1.11e-02	5.88e-01	3.78e-01	2.30e-02	3.99e-04	0.00e+00	0.00e+00
 8.21485e+15	1.73e-05	1.22e-02	6.02e-01	3.66e-01	2.02e-02	3.17e-04	0.00e+00	0.00e+00
 8.26119e+15	2.03e-05	1.36e-02	6.17e-01	3.52e-01	1.73e-02	2.41e-04	0.00e+00	0.00e+00
 8.30272e+15	2.32e-05	1.49e-02	6.29e-01	3.41e-01	1.52e-02	1.91e-04	0.00e+00	0.00e+00
 8.32916e+15	2.52e-05	1.58e-02	6.36e-01	3.34e-01	1.39e-02	1.64e-04	0.00e+00	0.00e+00
 8.35468e+15	2.75e-05	1.67e-02	6.44e-01	3.26e-01	1.27e-02	1.39e-04	0.00e+00	0.00e+00
 8.38785e+15	3.07e-05	1.80e-02	6.54e-01	3.17e-01	1.12e-02	1.12e-04	0.00e+00	0.00e+00
 8.42429e+15	3.45e-05	1.95e-02	6.64e-01	3.07e-01	9.86e-03	8.90e-05	0.00e+00	0.00e+00
 8.45798e+15	3.84e-05	2.09e-02	6.72e-01	2.98e-01	8.72e-03	7.17e-05	0.00e+00	0.00e+00
 8.49482e+15	4.33e-05	2.27e-02	6.82e-01	2.88e-01	7.56e-03	5.58e-05	0.00e+00	0.00e+00
 8.53509e+15	4.91e-05	2.46e-02	6.91e-01	2.77e-01	6.49e-03	4.26e-05	0.00e+00	0.00e+00
 8.57170e+15	5.50e-05	2.66e-02	7.00e-01	2.68e-01	5.64e-03	3.33e-05	0.00e+00	0.00e+00
 8.61116e+15	6.23e-05	2.89e-02	7.08e-01	2.58e-01	4.82e-03	2.52e-05	0.00e+00	0.00e+00
 8.65402e+15	7.11e-05	3.15e-02	7.17e-01	2.47e-01	4.07e-03	1.87e-05	0.00e+00	0.00e+00
 8.69259e+15	8.00e-05	3.40e-02	7.25e-01	2.38e-01	3.50e-03	1.43e-05	0.00e+00	0.00e+00
 8.72857e+15	8.93e-05	3.66e-02	7.31e-01	2.29e-01	3.02e-03	1.11e-05	0.00e+00	0.00e+00
 8.76985e+15	1.01e-04	3.97e-02	7.38e-01	2.19e-01	2.55e-03	8.22e-06	0.00e+00	0.00e+00
 8.81493e+15	1.16e-04	4.35e-02	7.46e-01	2.09e-01	2.12e-03	5.95e-06	0.00e+00	0.00e+00
 8.85544e+15	1.32e-04	4.71e-02	7.52e-01	1.99e-01	1.80e-03	4.46e-06	0.00e+00	0.00e+00
 8.89238e+15	1.47e-04	5.07e-02	7.57e-01	1.91e-01	1.55e-03	3.42e-06	0.00e+00	0.00e+00
 8.93423e+15	1.68e-04	5.51e-02	7.62e-01	1.81e-01	1.29e-03	2.50e-06	0.00e+00	0.00e+00
 8.97940e+15	1.93e-04	6.04e-02	7.67e-01	1.71e-01	1.07e-03	1.79e-06	0.00e+00	0.00e+00
 9.01951e+15	2.19e-04	6.55e-02	7.71e-01	1.62e-01	9.01e-04	1.34e-06	0.00e+00	0.00e+00
 9.05630e+15	2.46e-04	7.06e-02	7.74e-01	1.55e-01	7.69e-04	1.02e-06	0.00e+00	0.00e+00
 9.09816e+15	2.81e-04	7.70e-02	7.77e-01	1.45e-01	6.38e-04	7.37e-07	0.00e+00	0.00e+00
 9.14329e+15	3.26e-04	8.46e-02	7.79e-01	1.36e-01	5.22e-04	0.00e+00	0.00e+00	0.00e+00
 9.18299e+15	3.71e-04	9.19e-02	7.79e-01	1.28e-01	4.38e-04	0.00e+00	0.00e+00	0.00e+00
 9.21929e+15	4.19e-04	9.93e-02	7.79e-01	1.21e-01	3.71e-04	0.00e+00	0.00e+00	0.00e+00
 9.26084e+15	4.82e-04	1.09e-01	7.79e-01	1.12e-01	3.04e-04	0.00e+00	0.00e+00	0.00e+00
 9.30543e+15	5.63e-04	1.20e-01	7.76e-01	1.03e-01	2.46e-04	0.00e+00	0.00e+00	0.00e+00
 9.34425e+15	6.45e-04	1.30e-01	7.73e-01	9.61e-02	2.04e-04	0.00e+00	0.00e+00	0.00e+00
 9.37942e+15	7.31e-04	1.41e-01	7.68e-01	8.95e-02	1.72e-04	0.00e+00	0.00e+00	0.00e+00
 9.41956e+15	8.46e-04	1.55e-01	7.62e-01	8.21e-02	1.39e-04	0.00e+00	0.00e+00	0.00e+00
 9.46310e+15	9.95e-04	1.71e-01	7.53e-01	7.44e-02	1.11e-04	0.00e+00	0.00e+00	0.00e+00
 9.50164e+15	1.15e-03	1.87e-01	7.44e-01	6.79e-02	9.01e-05	0.00e+00	0.00e+00	0.00e+00
 9.53670e+15	1.32e-03	2.03e-01	7.33e-01	6.21e-02	7.40e-05	0.00e+00	0.00e+00	0.00e+00
 9.57667e+15	1.54e-03	2.24e-01	7.19e-01	5.57e-02	5.85e-05	0.00e+00	0.00e+00	0.00e+00
 9.62062e+15	1.84e-03	2.49e-01	7.01e-01	4.89e-02	4.49e-05	0.00e+00	0.00e+00	0.00e+00
 9.66035e+15	2.17e-03	2.74e-01	6.81e-01	4.31e-02	3.49e-05	0.00e+00	0.00e+00	0.00e+00
 9.69659e+15	2.53e-03	3.00e-01	6.59e-01	3.80e-02	2.73e-05	0.00e+00	0.00e+00	0.00e+00
 9.73766e+15	3.02e-03	3.32e-01	6.33e-01	3.27e-02	2.05e-05	0.00e+00	0.00e+00	0.00e+00
 9.78376e+15	3.69e-03	3.72e-01	5.98e-01	2.71e-02	1.45e-05	0.00e+00	0.00e+00	0.00e+00
 9.82558e+15	4.46e-03	4.12e-01	5.61e-01	2.23e-02	1.04e-05	0.00e+00	0.00e+00	0.00e+00
 9.86120e+15	5.25e-03	4.50e-01	5.26e-01	1.87e-02	7.66e-06	0.00e+00	0.00e+00	0.00e+00
 9.89960e+15	6.27e-03	4.93e-01	4.86e-01	1.51e-02	5.37e-06	0.00e+00	0.00e+00	0.00e+00
 9.94159e+15	7.62e-03	5.43e-01	4.38e-01	1.16e-02	3.54e-06	0.00e+00	0.00e+00	0.00e+00
 9.97844e+15	9.12e-03	5.90e-01	3.92e-01	8.98e-03	2.36e-06	0.00e+00	0.00e+00	0.00e+00
 1.00099e+16	1.07e-02	6.31e-01	3.51e-01	7.02e-03	1.62e-06	0.00e+00	0.00e+00	0.00e+00
 1.00370e+16	1.22e-02	6.67e-01	3.16e-01	5.57e-03	1.15e-06	0.00e+00	0.00e+00	0.00e+00
 1.00606e+16	1.37e-02	6.98e-01	2.84e-01	4.47e-03	8.29e-07	0.00e+00	0.00e+00	0.00e+00
 1.00868e+16	1.57e-02	7.31e-01	2.50e-01	3.43e-03	0.00e+00	0.00e+00	0.00e+00	0.00e+00
 1.01146e+16	1.81e-02	7.65e-01	2.15e-01	2.54e-03	0.00e+00	0.00e+00	0.00e+00	0.00e+00
 1.01377e+16	2.04e-02	7.92e-01	1.86e-01	1.92e-03	0.00e+00	0.00e+00	0.00e+00	0.00e+00
 1.01569e+16	2.26e-02	8.12e-01	1.64e-01	1.50e-03	0.00e+00	0.00e+00	0.00e+00	0.00e+00
 1.01777e+16	2.53e-02	8.33e-01	1.41e-01	1.13e-03	0.00e+00	0.00e+00	0.00e+00	0.00e+00
 1.02006e+16	2.86e-02	8.53e-01	1.18e-01	8.08e-04	0.00e+00	0.00e+00	0.00e+00	0.00e+00
 1.02209e+16	3.21e-02	8.68e-01	9.88e-02	5.85e-04	0.00e+00	0.00e+00	0.00e+00	0.00e+00
 1.02382e+16	3.55e-02	8.80e-01	8.43e-02	4.37e-04	0.00e+00	0.00e+00	0.00e+00	0.00e+00
 1.02568e+16	3.95e-02	8.90e-01	7.03e-02	3.14e-04	0.00e+00	0.00e+00	0.00e+00	0.00e+00
 1.02773e+16	4.46e-02	8.98e-01	5.67e-02	2.13e-04	0.00e+00	0.00e+00	0.00e+00	0.00e+00
 1.02953e+16	4.97e-02	9.04e-01	4.62e-02	1.48e-04	0.00e+00	0.00e+00	0.00e+00	0.00e+00
 1.03106e+16	5.48e-02	9.07e-01	3.85e-02	1.07e-04	0.00e+00	0.00e+00	0.00e+00	0.00e+00
 1.03272e+16	6.09e-02	9.08e-01	3.13e-02	7.39e-05	0.00e+00	0.00e+00	0.00e+00	0.00e+00
 1.03457e+16	6.85e-02	9.07e-01	2.45e-02	4.81e-05	0.00e+00	0.00e+00	0.00e+00	0.00e+00
 1.03628e+16	7.70e-02	9.04e-01	1.93e-02	3.16e-05	0.00e+00	0.00e+00	0.00e+00	0.00e+00
 1.03781e+16	8.54e-02	8.99e-01	1.54e-02	2.12e-05	0.00e+00	0.00e+00	0.00e+00	0.00e+00
 1.03921e+16	9.40e-02	8.94e-01	1.24e-02	1.46e-05	0.00e+00	0.00e+00	0.00e+00	0.00e+00
 1.04057e+16	1.03e-01	8.87e-01	9.99e-03	9.97e-06	0.00e+00	0.00e+00	0.00e+00	0.00e+00
 1.04196e+16	1.14e-01	8.78e-01	7.95e-03	6.69e-06	0.00e+00	0.00e+00	0.00e+00	0.00e+00
 1.04327e+16	1.25e-01	8.69e-01	6.35e-03	4.52e-06	0.00e+00	0.00e+00	0.00e+00	0.00e+00
 1.04442e+16	1.35e-01	8.60e-01	5.19e-03	3.18e-06	0.00e+00	0.00e+00	0.00e+00	0.00e+00
 1.04545e+16	1.45e-01	8.51e-01	4.32e-03	2.31e-06	0.00e+00	0.00e+00	0.00e+00	0.00e+00
 1.04640e+16	1.54e-01	8.42e-01	3.62e-03	1.70e-06	0.00e+00	0.00e+00	0.00e+00	0.00e+00
 1.04714e+16	1.62e-01	8.34e-01	3.16e-03	1.34e-06	0.00e+00	0.00e+00	0.00e+00	0.00e+00
 1.04762e+16	1.67e-01	8.30e-01	2.88e-03	1.15e-06	0.00e+00	0.00e+00	0.00e+00	0.00e+00
 1.04806e+16	1.73e-01	8.25e-01	2.65e-03	9.88e-07	0.00e+00	0.00e+00	0.00e+00	0.00e+00
 1.04857e+16	1.79e-01	8.19e-01	2.40e-03	0.00e+00	0.00e+00	0.00e+00	0.00e+00	0.00e+00
 1.04914e+16	1.86e-01	8.12e-01	2.14e-03	0.00e+00	0.00e+00	0.00e+00	0.00e+00	0.00e+00
 1.04969e+16	1.92e-01	8.06e-01	1.92e-03	0.00e+00	0.00e+00	0.00e+00	0.00e+00	0.00e+00
 1.05020e+16	1.99e-01	7.99e-01	1.73e-03	0.00e+00	0.00e+00	0.00e+00	0.00e+00	0.00e+00
 1.05070e+16	2.05e-01	7.93e-01	1.56e-03	0.00e+00	0.00e+00	0.00e+00	0.00e+00	0.00e+00
 1.05121e+16	2.12e-01	7.86e-01	1.41e-03	0.00e+00	0.00e+00	0.00e+00	0.00e+00	0.00e+00
 1.05173e+16	2.20e-01	7.79e-01	1.26e-03	0.00e+00	0.00e+00	0.00e+00	0.00e+00	0.00e+00
 1.05224e+16	2.27e-01	7.72e-01	1.13e-03	0.00e+00	0.00e+00	0.00e+00	0.00e+00	0.00e+00
 1.05274e+16	2.34e-01	7.65e-01	1.02e-03	0.00e+00	0.00e+00	0.00e+00	0.00e+00	0.00e+00
 1.05323e+16	2.41e-01	7.58e-01	9.20e-04	0.00e+00	0.00e+00	0.00e+00	0.00e+00	0.00e+00
 1.05372e+16	2.48e-01	7.51e-01	8.25e-04	0.00e+00	0.00e+00	0.00e+00	0.00e+00	0.00e+00
 1.05422e+16	2.56e-01	7.43e-01	7.41e-04	0.00e+00	0.00e+00	0.00e+00	0.00e+00	0.00e+00
 1.05470e+16	2.64e-01	7.35e-01	6.65e-04	0.00e+00	0.00e+00	0.00e+00	0.00e+00	0.00e+00
 1.05519e+16	2.72e-01	7.28e-01	5.98e-04	0.00e+00	0.00e+00	0.00e+00	0.00e+00	0.00e+00
 1.05567e+16	2.80e-01	7.19e-01	5.35e-04	0.00e+00	0.00e+00	0.00e+00	0.00e+00	0.00e+00
 1.05616e+16	2.88e-01	7.11e-01	4.79e-04	0.00e+00	0.00e+00	0.00e+00	0.00e+00	0.00e+00
 1.05663e+16	2.96e-01	7.03e-01	4.30e-04	0.00e+00	0.00e+00	0.00e+00	0.00e+00	0.00e+00
 1.05710e+16	3.05e-01	6.95e-01	3.86e-04	0.00e+00	0.00e+00	0.00e+00	0.00e+00	0.00e+00
 1.05757e+16	3.13e-01	6.86e-01	3.45e-04	0.00e+00	0.00e+00	0.00e+00	0.00e+00	0.00e+00
 1.05804e+16	3.22e-01	6.77e-01	3.09e-04	0.00e+00	0.00e+00	0.00e+00	0.00e+00	0.00e+00
 1.05851e+16	3.32e-01	6.68e-01	2.76e-04	0.00e+00	0.00e+00	0.00e+00	0.00e+00	0.00e+00
 1.05898e+16	3.41e-01	6.59e-01	2.46e-04	0.00e+00	0.00e+00	0.00e+00	0.00e+00	0.00e+00
 1.05944e+16	3.51e-01	6.49e-01	2.20e-04	0.00e+00	0.00e+00	0.00e+00	0.00e+00	0.00e+00
 1.05990e+16	3.61e-01	6.39e-01	1.97e-04	0.00e+00	0.00e+00	0.00e+00	0.00e+00	0.00e+00
 1.06036e+16	3.71e-01	6.29e-01	1.75e-04	0.00e+00	0.00e+00	0.00e+00	0.00e+00	0.00e+00
 1.06083e+16	3.81e-01	6.18e-01	1.56e-04	0.00e+00	0.00e+00	0.00e+00	0.00e+00	0.00e+00
 1.06129e+16	3.93e-01	6.07e-01	1.39e-04	0.00e+00	0.00e+00	0.00e+00	0.00e+00	0.00e+00
 1.06175e+16	4.04e-01	5.95e-01	1.24e-04	0.00e+00	0.00e+00	0.00e+00	0.00e+00	0.00e+00
 1.06220e+16	4.16e-01	5.84e-01	1.10e-04	0.00e+00	0.00e+00	0.00e+00	0.00e+00	0.00e+00
 1.06264e+16	4.27e-01	5.72e-01	9.84e-05	0.00e+00	0.00e+00	0.00e+00	0.00e+00	0.00e+00
 1.06308e+16	4.39e-01	5.61e-01	8.78e-05	0.00e+00	0.00e+00	0.00e+00	0.00e+00	0.00e+00
 1.06352e+16	4.52e-01	5.48e-01	7.82e-05	0.00e+00	0.00e+00	0.00e+00	0.00e+00	0.00e+00
 1.06396e+16	4.66e-01	5.34e-01	6.96e-05	0.00e+00	0.00e+00	0.00e+00	0.00e+00	0.00e+00
 1.06439e+16	4.79e-01	5.21e-01	6.22e-05	0.00e+00	0.00e+00	0.00e+00	0.00e+00	0.00e+00
 1.06481e+16	4.92e-01	5.08e-01	5.56e-05	0.00e+00	0.00e+00	0.00e+00	0.00e+00	0.00e+00
 1.06525e+16	5.08e-01	4.92e-01	4.93e-05	0.00e+00	0.00e+00	0.00e+00	0.00e+00	0.00e+00
 1.06569e+16	5.22e-01	4.78e-01	4.40e-05	0.00e+00	0.00e+00	0.00e+00	0.00e+00	0.00e+00
 1.06613e+16	5.37e-01	4.63e-01	3.91e-05	0.00e+00	0.00e+00	0.00e+00	0.00e+00	0.00e+00
 1.06657e+16	5.53e-01	4.47e-01	3.47e-05	0.00e+00	0.00e+00	0.00e+00	0.00e+00	0.00e+00
 1.06702e+16	5.69e-01	4.31e-01	3.08e-05	0.00e+00	0.00e+00	0.00e+00	0.00e+00	0.00e+00
 1.06748e+16	5.86e-01	4.14e-01	2.73e-05	0.00e+00	0.00e+00	0.00e+00	0.00e+00	0.00e+00
 1.06795e+16	6.04e-01	3.96e-01	2.41e-05	0.00e+00	0.00e+00	0.00e+00	0.00e+00	0.00e+00
 1.06843e+16	6.24e-01	3.76e-01	2.11e-05	0.00e+00	0.00e+00	0.00e+00	0.00e+00	0.00e+00
 1.06892e+16	6.43e-01	3.57e-01	1.86e-05	0.00e+00	0.00e+00	0.00e+00	0.00e+00	0.00e+00
 1.06942e+16	6.62e-01	3.38e-01	1.64e-05	0.00e+00	0.00e+00	0.00e+00	0.00e+00	0.00e+00
 1.06995e+16	6.81e-01	3.19e-01	1.44e-05	0.00e+00	0.00e+00	0.00e+00	0.00e+00	0.00e+00
 1.07046e+16	6.99e-01	3.01e-01	1.27e-05	0.00e+00	0.00e+00	0.00e+00	0.00e+00	0.00e+00
 1.07091e+16	7.12e-01	2.88e-01	1.15e-05	0.00e+00	0.00e+00	0.00e+00	0.00e+00	0.00e+00
 1.07135e+16	7.27e-01	2.73e-01	1.04e-05	0.00e+00	0.00e+00	0.00e+00	0.00e+00	0.00e+00
 1.07183e+16	7.41e-01	2.59e-01	9.37e-06	0.00e+00	0.00e+00	0.00e+00	0.00e+00	0.00e+00
 1.07231e+16	7.55e-01	2.45e-01	8.45e-06	0.00e+00	0.00e+00	0.00e+00	0.00e+00	0.00e+00
 1.07280e+16	7.68e-01	2.32e-01	7.65e-06	0.00e+00	0.00e+00	0.00e+00	0.00e+00	0.00e+00
 1.07330e+16	7.81e-01	2.19e-01	6.94e-06	0.00e+00	0.00e+00	0.00e+00	0.00e+00	0.00e+00
 1.07381e+16	7.93e-01	2.07e-01	6.31e-06	0.00e+00	0.00e+00	0.00e+00	0.00e+00	0.00e+00
 1.07435e+16	8.04e-01	1.96e-01	5.74e-06	0.00e+00	0.00e+00	0.00e+00	0.00e+00	0.00e+00
 1.07492e+16	8.15e-01	1.85e-01	5.23e-06	0.00e+00	0.00e+00	0.00e+00	0.00e+00	0.00e+00
 1.07551e+16	8.26e-01	1.74e-01	4.75e-06	0.00e+00	0.00e+00	0.00e+00	0.00e+00	0.00e+00
 1.07615e+16	8.35e-01	1.65e-01	4.36e-06	0.00e+00	0.00e+00	0.00e+00	0.00e+00	0.00e+00
 1.07682e+16	8.45e-01	1.55e-01	3.97e-06	0.00e+00	0.00e+00	0.00e+00	0.00e+00	0.00e+00
 1.07753e+16	8.54e-01	1.46e-01	3.64e-06	0.00e+00	0.00e+00	0.00e+00	0.00e+00	0.00e+00
 1.07830e+16	8.62e-01	1.38e-01	3.34e-06	0.00e+00	0.00e+00	0.00e+00	0.00e+00	0.00e+00
 1.07914e+16	8.70e-01	1.30e-01	3.07e-06	0.00e+00	0.00e+00	0.00e+00	0.00e+00	0.00e+00
 1.08003e+16	8.77e-01	1.23e-01	2.82e-06	0.00e+00	0.00e+00	0.00e+00	0.00e+00	0.00e+00
 1.08099e+16	8.84e-01	1.16e-01	2.59e-06	0.00e+00	0.00e+00	0.00e+00	0.00e+00	0.00e+00
 1.08203e+16	8.91e-01	1.09e-01	2.38e-06	0.00e+00	0.00e+00	0.00e+00	0.00e+00	0.00e+00
 1.08316e+16	8.97e-01	1.03e-01	2.18e-06	0.00e+00	0.00e+00	0.00e+00	0.00e+00	0.00e+00
 1.08436e+16	9.03e-01	9.68e-02	2.00e-06	0.00e+00	0.00e+00	0.00e+00	0.00e+00	0.00e+00
 1.08563e+16	9.09e-01	9.10e-02	1.83e-06	0.00e+00	0.00e+00	0.00e+00	0.00e+00	0.00e+00
 1.08695e+16	9.14e-01	8.55e-02	1.68e-06	0.00e+00	0.00e+00	0.00e+00	0.00e+00	0.00e+00
 1.08832e+16	9.20e-01	8.03e-02	1.54e-06	0.00e+00	0.00e+00	0.00e+00	0.00e+00	0.00e+00
 1.08972e+16	9.25e-01	7.54e-02	1.41e-06	0.00e+00	0.00e+00	0.00e+00	0.00e+00	0.00e+00
 1.09114e+16	9.29e-01	7.08e-02	1.29e-06	0.00e+00	0.00e+00	0.00e+00	0.00e+00	0.00e+00
 1.09257e+16	9.34e-01	6.65e-02	1.18e-06	0.00e+00	0.00e+00	0.00e+00	0.00e+00	0.00e+00
 1.09400e+16	9.38e-01	6.24e-02	1.08e-06	0.00e+00	0.00e+00	0.00e+00	0.00e+00	0.00e+00
 1.09544e+16	9.41e-01	5.86e-02	9.92e-07	0.00e+00	0.00e+00	0.00e+00	0.00e+00	0.00e+00
 1.09686e+16	9.45e-01	5.51e-02	9.10e-07	0.00e+00	0.00e+00	0.00e+00	0.00e+00	0.00e+00
 1.09828e+16	9.48e-01	5.17e-02	8.35e-07	0.00e+00	0.00e+00	0.00e+00	0.00e+00	0.00e+00
 1.09970e+16	9.51e-01	4.86e-02	7.67e-07	0.00e+00	0.00e+00	0.00e+00	0.00e+00	0.00e+00
 1.10113e+16	9.54e-01	4.57e-02	7.04e-07	0.00e+00	0.00e+00	0.00e+00	0.00e+00	0.00e+00
 1.10255e+16	9.57e-01	4.29e-02	6.46e-07	0.00e+00	0.00e+00	0.00e+00	0.00e+00	0.00e+00
 1.10398e+16	9.60e-01	4.03e-02	5.94e-07	0.00e+00	0.00e+00	0.00e+00	0.00e+00	0.00e+00
 1.10541e+16	9.62e-01	3.79e-02	5.46e-07	0.00e+00	0.00e+00	0.00e+00	0.00e+00	0.00e+00
 1.10686e+16	9.64e-01	3.56e-02	5.01e-07	0.00e+00	0.00e+00	0.00e+00	0.00e+00	0.00e+00
 1.10832e+16	9.67e-01	3.35e-02	4.60e-07	0.00e+00	0.00e+00	0.00e+00	0.00e+00	0.00e+00
 1.10982e+16	9.69e-01	3.14e-02	4.22e-07	0.00e+00	0.00e+00	0.00e+00	0.00e+00	0.00e+00
 1.11138e+16	9.71e-01	2.94e-02	3.85e-07	0.00e+00	0.00e+00	0.00e+00	0.00e+00	0.00e+00
 1.11299e+16	9.72e-01	2.75e-02	3.52e-07	0.00e+00	0.00e+00	0.00e+00	0.00e+00	0.00e+00
 1.11464e+16	9.74e-01	2.57e-02	3.21e-07	0.00e+00	0.00e+00	0.00e+00	0.00e+00	0.00e+00
 1.11637e+16	9.76e-01	2.40e-02	2.92e-07	0.00e+00	0.00e+00	0.00e+00	0.00e+00	0.00e+00
 1.11819e+16	9.78e-01	2.23e-02	2.64e-07	0.00e+00	0.00e+00	0.00e+00	0.00e+00	0.00e+00
