#depth	He	He+	He+2
 1.49634e+10	2.71e-21	5.41e-11	1.00e+00
 4.54887e+10	3.17e-21	5.91e-11	1.00e+00
 7.72350e+10	3.68e-21	6.46e-11	1.00e+00
 1.10251e+11	4.27e-21	7.07e-11	1.00e+00
 1.41594e+11	4.90e-21	7.67e-11	1.00e+00
 1.69934e+11	5.52e-21	8.25e-11	1.00e+00
 2.01743e+11	6.27e-21	8.93e-11	1.00e+00
 2.39080e+11	7.28e-21	9.77e-11	1.00e+00
 2.76487e+11	8.41e-21	1.07e-10	1.00e+00
 3.12097e+11	9.58e-21	1.16e-10	1.00e+00
 3.51213e+11	1.10e-20	1.26e-10	1.00e+00
 3.95189e+11	1.28e-20	1.39e-10	1.00e+00
 4.39020e+11	1.47e-20	1.52e-10	1.00e+00
 4.84604e+11	1.70e-20	1.66e-10	1.00e+00
 5.33915e+11	1.97e-20	1.83e-10	1.00e+00
 5.84118e+11	2.28e-20	2.01e-10	1.00e+00
 6.33332e+11	2.61e-20	2.20e-10	1.00e+00
 6.85595e+11	2.99e-20	2.42e-10	1.00e+00
 7.42946e+11	3.46e-20	2.67e-10	1.00e+00
 8.02590e+11	3.99e-20	2.95e-10	1.00e+00
 8.64621e+11	4.59e-20	3.26e-10	1.00e+00
 9.29132e+11	5.28e-20	3.60e-10	1.00e+00
 9.96224e+11	6.06e-20	3.99e-10	1.00e+00
 1.05695e+12	6.83e-20	4.36e-10	1.00e+00
 1.10762e+12	7.51e-20	4.68e-10	1.00e+00
 1.16315e+12	8.29e-20	5.06e-10	1.00e+00
 1.23340e+12	9.37e-20	5.56e-10	1.00e+00
 1.30664e+12	1.06e-19	6.12e-10	1.00e+00
 1.36889e+12	1.17e-19	6.62e-10	1.00e+00
 1.43297e+12	1.29e-19	7.17e-10	1.00e+00
 1.51353e+12	1.45e-19	7.89e-10	1.00e+00
 1.59534e+12	1.62e-19	8.67e-10	1.00e+00
 1.66563e+12	1.78e-19	9.38e-10	1.00e+00
 1.74114e+12	1.96e-19	1.02e-09	1.00e+00
 1.83446e+12	2.20e-19	1.12e-09	1.00e+00
 1.93009e+12	2.47e-19	1.23e-09	1.00e+00
 2.01635e+12	2.73e-19	1.34e-09	1.00e+00
 2.11129e+12	3.04e-19	1.47e-09	1.00e+00
 2.22322e+12	3.44e-19	1.62e-09	1.00e+00
 2.33523e+12	3.88e-19	1.78e-09	1.00e+00
 2.44168e+12	4.34e-19	1.95e-09	1.00e+00
 2.55923e+12	4.90e-19	2.14e-09	1.00e+00
 2.69152e+12	5.61e-19	2.36e-09	1.00e+00
 2.82383e+12	6.41e-19	2.60e-09	1.00e+00
 2.94096e+12	7.20e-19	2.83e-09	1.00e+00
 3.03919e+12	7.93e-19	3.02e-09	1.00e+00
 3.14488e+12	8.79e-19	3.24e-09	1.00e+00
 3.28228e+12	1.00e-18	3.53e-09	1.00e+00
 3.42609e+12	1.15e-18	3.85e-09	1.00e+00
 3.54885e+12	1.29e-18	4.14e-09	1.00e+00
 3.67907e+12	1.45e-18	4.46e-09	1.00e+00
 3.84269e+12	1.68e-18	4.87e-09	1.00e+00
 4.01113e+12	1.95e-18	5.33e-09	1.00e+00
 4.15972e+12	2.21e-18	5.74e-09	1.00e+00
 4.32112e+12	2.53e-18	6.21e-09	1.00e+00
 4.49918e+12	2.94e-18	6.76e-09	1.00e+00
 4.66320e+12	3.35e-18	7.28e-09	1.00e+00
 4.84071e+12	3.85e-18	7.86e-09	1.00e+00
 5.03871e+12	4.48e-18	8.55e-09	1.00e+00
 5.22426e+12	5.15e-18	9.22e-09	1.00e+00
 5.42639e+12	5.96e-18	9.98e-09	1.00e+00
 5.65094e+12	6.98e-18	1.09e-08	1.00e+00
 5.86054e+12	8.05e-18	1.17e-08	1.00e+00
 6.08892e+12	9.36e-18	1.27e-08	1.00e+00
 6.34431e+12	1.10e-17	1.38e-08	1.00e+00
 6.58524e+12	1.28e-17	1.50e-08	1.00e+00
 6.84883e+12	1.50e-17	1.62e-08	1.00e+00
 7.14402e+12	1.78e-17	1.77e-08	1.00e+00
 7.42389e+12	2.07e-17	1.92e-08	1.00e+00
 7.72364e+12	2.43e-17	2.08e-08	1.00e+00
 8.06251e+12	2.90e-17	2.28e-08	1.00e+00
 8.39837e+12	3.42e-17	2.48e-08	1.00e+00
 8.74766e+12	4.03e-17	2.70e-08	1.00e+00
 9.12750e+12	4.80e-17	2.95e-08	1.00e+00
 9.52252e+12	5.68e-17	3.21e-08	1.00e+00
 9.89768e+12	6.65e-17	3.48e-08	1.00e+00
 1.02354e+13	7.63e-17	3.73e-08	1.00e+00
 1.05499e+13	8.63e-17	3.97e-08	1.00e+00
 1.08962e+13	9.83e-17	4.24e-08	1.00e+00
 1.12866e+13	1.13e-16	4.55e-08	1.00e+00
 1.16611e+13	1.29e-16	4.87e-08	1.00e+00
 1.20745e+13	1.49e-16	5.22e-08	1.00e+00
 1.25343e+13	1.73e-16	5.63e-08	1.00e+00
 1.29565e+13	1.97e-16	6.02e-08	1.00e+00
 1.33476e+13	2.22e-16	6.40e-08	1.00e+00
 1.37960e+13	2.53e-16	6.83e-08	1.00e+00
 1.43454e+13	2.95e-16	7.38e-08	1.00e+00
 1.48946e+13	3.44e-16	7.97e-08	1.00e+00
 1.53718e+13	3.89e-16	8.48e-08	1.00e+00
 1.58870e+13	4.42e-16	9.05e-08	1.00e+00
 1.65168e+13	5.14e-16	9.76e-08	1.00e+00
 1.71598e+13	5.99e-16	1.05e-07	1.00e+00
 1.77404e+13	6.81e-16	1.12e-07	1.00e+00
 1.83753e+13	7.80e-16	1.20e-07	1.00e+00
 1.91238e+13	9.10e-16	1.30e-07	1.00e+00
 1.98721e+13	1.06e-15	1.40e-07	1.00e+00
 2.05752e+13	1.21e-15	1.50e-07	1.00e+00
 2.13530e+13	1.39e-15	1.61e-07	1.00e+00
 2.22370e+13	1.63e-15	1.75e-07	1.00e+00
 2.31200e+13	1.89e-15	1.88e-07	1.00e+00
 2.40383e+13	2.19e-15	2.03e-07	1.00e+00
 2.50298e+13	2.55e-15	2.19e-07	1.00e+00
 2.60609e+13	2.98e-15	2.37e-07	1.00e+00
 2.70565e+13	3.44e-15	2.55e-07	1.00e+00
 2.79881e+13	3.91e-15	2.72e-07	1.00e+00
 2.88676e+13	4.40e-15	2.89e-07	1.00e+00
 2.98284e+13	4.98e-15	3.08e-07	1.00e+00
 3.08957e+13	5.70e-15	3.30e-07	1.00e+00
 3.18930e+13	6.43e-15	3.50e-07	1.00e+00
 3.29812e+13	7.29e-15	3.74e-07	1.00e+00
 3.42831e+13	8.45e-15	4.03e-07	1.00e+00
 3.55674e+13	9.74e-15	4.33e-07	1.00e+00
 3.67247e+13	1.10e-14	4.60e-07	1.00e+00
 3.80124e+13	1.26e-14	4.93e-07	1.00e+00
 3.95300e+13	1.45e-14	5.32e-07	1.00e+00
 4.10727e+13	1.69e-14	5.74e-07	1.00e+00
 4.25604e+13	1.93e-14	6.15e-07	1.00e+00
 4.39758e+13	2.19e-14	6.56e-07	1.00e+00
 4.55412e+13	2.50e-14	7.03e-07	1.00e+00
 4.72668e+13	2.89e-14	7.57e-07	1.00e+00
 4.88566e+13	3.28e-14	8.08e-07	1.00e+00
 5.05794e+13	3.75e-14	8.67e-07	1.00e+00
 5.25043e+13	4.32e-14	9.33e-07	1.00e+00
 5.43184e+13	4.92e-14	1.00e-06	1.00e+00
 5.63000e+13	5.64e-14	1.07e-06	1.00e+00
 5.84993e+13	6.54e-14	1.16e-06	1.00e+00
 6.05565e+13	7.46e-14	1.24e-06	1.00e+00
 6.27786e+13	8.57e-14	1.34e-06	1.00e+00
 6.52565e+13	9.92e-14	1.44e-06	1.00e+00
 6.76331e+13	1.14e-13	1.56e-06	1.00e+00
 7.01678e+13	1.31e-13	1.67e-06	1.00e+00
 7.30045e+13	1.52e-13	1.81e-06	1.00e+00
 7.58209e+13	1.75e-13	1.96e-06	1.00e+00
 7.87499e+13	2.02e-13	2.11e-06	1.00e+00
 8.17457e+13	2.32e-13	2.28e-06	1.00e+00
 8.45403e+13	2.63e-13	2.44e-06	1.00e+00
 8.76308e+13	3.00e-13	2.62e-06	1.00e+00
 9.10124e+13	3.45e-13	2.83e-06	1.00e+00
 9.41544e+13	3.91e-13	3.03e-06	1.00e+00
 9.69290e+13	4.35e-13	3.22e-06	1.00e+00
 9.98758e+13	4.85e-13	3.42e-06	1.00e+00
 1.03587e+14	5.54e-13	3.68e-06	1.00e+00
 1.07335e+14	6.29e-13	3.95e-06	1.00e+00
 1.10518e+14	6.99e-13	4.19e-06	1.00e+00
 1.13925e+14	7.79e-13	4.46e-06	1.00e+00
 1.18182e+14	8.88e-13	4.80e-06	1.00e+00
 1.22564e+14	1.01e-12	5.17e-06	1.00e+00
 1.26430e+14	1.13e-12	5.51e-06	1.00e+00
 1.30608e+14	1.27e-12	5.88e-06	1.00e+00
 1.35643e+14	1.44e-12	6.35e-06	1.00e+00
 1.40641e+14	1.64e-12	6.84e-06	1.00e+00
 1.45100e+14	1.83e-12	7.28e-06	1.00e+00
 1.50011e+14	2.06e-12	7.81e-06	1.00e+00
 1.55857e+14	2.35e-12	8.43e-06	1.00e+00
 1.61661e+14	2.67e-12	9.10e-06	1.00e+00
 1.66961e+14	2.99e-12	9.72e-06	1.00e+00
 1.72863e+14	3.36e-12	1.04e-05	1.00e+00
 1.79737e+14	3.85e-12	1.13e-05	1.00e+00
 1.86510e+14	4.39e-12	1.22e-05	1.00e+00
 1.92898e+14	4.94e-12	1.31e-05	1.00e+00
 1.99989e+14	5.59e-12	1.42e-05	1.00e+00
 2.08019e+14	6.41e-12	1.54e-05	1.00e+00
 2.16045e+14	7.33e-12	1.67e-05	1.00e+00
 2.23797e+14	8.29e-12	1.80e-05	1.00e+00
 2.30531e+14	9.24e-12	1.92e-05	1.00e+00
 2.36142e+14	1.00e-11	2.02e-05	1.00e+00
 2.42338e+14	1.10e-11	2.13e-05	1.00e+00
 2.50393e+14	1.24e-11	2.29e-05	1.00e+00
 2.58899e+14	1.39e-11	2.46e-05	1.00e+00
 2.66271e+14	1.54e-11	2.62e-05	1.00e+00
 2.74135e+14	1.72e-11	2.79e-05	1.00e+00
 2.84167e+14	1.96e-11	3.02e-05	1.00e+00
 2.94461e+14	2.22e-11	3.26e-05	1.00e+00
 3.03311e+14	2.48e-11	3.49e-05	1.00e+00
 3.12837e+14	2.78e-11	3.74e-05	1.00e+00
 3.24600e+14	3.20e-11	4.06e-05	1.00e+00
 3.36521e+14	3.64e-11	4.40e-05	1.00e+00
 3.47036e+14	4.10e-11	4.71e-05	1.00e+00
 3.58474e+14	4.65e-11	5.08e-05	1.00e+00
 3.72253e+14	5.37e-11	5.53e-05	1.00e+00
 3.85920e+14	6.16e-11	6.00e-05	1.00e+00
 3.98113e+14	6.92e-11	6.43e-05	1.00e+00
 4.11545e+14	7.87e-11	6.94e-05	1.00e+00
 4.27535e+14	9.11e-11	7.57e-05	1.00e+00
 4.43429e+14	1.05e-10	8.22e-05	1.00e+00
 4.58032e+14	1.19e-10	8.86e-05	1.00e+00
 4.74379e+14	1.35e-10	9.57e-05	1.00e+00
 4.93305e+14	1.59e-10	1.05e-04	1.00e+00
 5.11849e+14	1.84e-10	1.14e-04	1.00e+00
 5.29542e+14	2.08e-10	1.23e-04	1.00e+00
 5.45134e+14	2.35e-10	1.31e-04	1.00e+00
 5.58041e+14	2.58e-10	1.38e-04	1.00e+00
 5.72187e+14	2.84e-10	1.47e-04	1.00e+00
 5.90577e+14	3.23e-10	1.58e-04	1.00e+00
 6.09922e+14	3.63e-10	1.69e-04	1.00e+00
 6.26639e+14	4.05e-10	1.80e-04	1.00e+00
 6.44502e+14	4.56e-10	1.92e-04	1.00e+00
 6.67706e+14	5.27e-10	2.08e-04	1.00e+00
 6.91538e+14	5.98e-10	2.24e-04	1.00e+00
 7.11436e+14	6.78e-10	2.39e-04	1.00e+00
 7.32536e+14	7.56e-10	2.55e-04	1.00e+00
 7.59366e+14	8.84e-10	2.77e-04	1.00e+00
 7.87503e+14	1.01e-09	3.00e-04	1.00e+00
 8.12631e+14	1.16e-09	3.22e-04	1.00e+00
 8.39989e+14	1.31e-09	3.47e-04	1.00e+00
 8.72576e+14	1.55e-09	3.78e-04	1.00e+00
 9.04765e+14	1.79e-09	4.09e-04	1.00e+00
 9.33975e+14	2.04e-09	4.39e-04	1.00e+00
 9.66509e+14	2.32e-09	4.73e-04	1.00e+00
 1.00461e+15	2.75e-09	5.16e-04	9.99e-01
 1.04220e+15	3.19e-09	5.59e-04	9.99e-01
 1.07758e+15	3.67e-09	6.02e-04	9.99e-01
 1.11699e+15	4.19e-09	6.51e-04	9.99e-01
 1.16170e+15	5.03e-09	7.11e-04	9.99e-01
 1.19913e+15	5.72e-09	7.61e-04	9.99e-01
 1.22591e+15	6.27e-09	7.99e-04	9.99e-01
 1.25387e+15	6.88e-09	8.39e-04	9.99e-01
 1.29021e+15	7.62e-09	8.92e-04	9.99e-01
 1.33086e+15	8.81e-09	9.56e-04	9.99e-01
 1.36889e+15	9.88e-09	1.02e-03	9.99e-01
 1.41013e+15	1.10e-08	1.08e-03	9.99e-01
 1.45654e+15	1.28e-08	1.16e-03	9.99e-01
 1.50044e+15	1.44e-08	1.24e-03	9.99e-01
 1.54829e+15	1.62e-08	1.32e-03	9.99e-01
 1.60202e+15	1.90e-08	1.43e-03	9.99e-01
 1.65290e+15	2.15e-08	1.53e-03	9.98e-01
 1.70854e+15	2.43e-08	1.64e-03	9.98e-01
 1.77093e+15	2.88e-08	1.77e-03	9.98e-01
 1.82923e+15	3.27e-08	1.90e-03	9.98e-01
 1.89213e+15	3.72e-08	2.04e-03	9.98e-01
 1.96249e+15	4.41e-08	2.21e-03	9.98e-01
 2.02809e+15	5.03e-08	2.37e-03	9.98e-01
 2.09889e+15	5.73e-08	2.55e-03	9.97e-01
 2.17840e+15	6.83e-08	2.77e-03	9.97e-01
 2.25322e+15	7.81e-08	2.98e-03	9.97e-01
 2.32191e+15	8.77e-08	3.18e-03	9.97e-01
 2.39864e+15	1.00e-07	3.41e-03	9.97e-01
 2.48482e+15	1.19e-07	3.69e-03	9.96e-01
 2.56567e+15	1.35e-07	3.95e-03	9.96e-01
 2.63515e+15	1.50e-07	4.19e-03	9.96e-01
 2.70748e+15	1.68e-07	4.45e-03	9.96e-01
 2.78844e+15	1.94e-07	4.76e-03	9.95e-01
 2.86182e+15	2.16e-07	5.03e-03	9.95e-01
 2.93843e+15	2.39e-07	5.34e-03	9.95e-01
 3.03802e+15	2.81e-07	5.76e-03	9.94e-01
 3.13665e+15	3.16e-07	6.18e-03	9.94e-01
 3.21794e+15	3.62e-07	6.57e-03	9.93e-01
 3.30752e+15	4.08e-07	7.00e-03	9.93e-01
 3.42398e+15	4.65e-07	7.57e-03	9.92e-01
 3.54300e+15	5.55e-07	8.22e-03	9.92e-01
 3.63875e+15	6.23e-07	8.75e-03	9.91e-01
 3.73661e+15	6.99e-07	9.32e-03	9.91e-01
 3.86383e+15	8.02e-07	1.01e-02	9.90e-01
 3.99687e+15	9.60e-07	1.10e-02	9.89e-01
 4.10455e+15	1.08e-06	1.18e-02	9.88e-01
 4.21159e+15	1.21e-06	1.26e-02	9.87e-01
 4.35075e+15	1.44e-06	1.37e-02	9.86e-01
 4.49002e+15	1.68e-06	1.49e-02	9.85e-01
 4.59914e+15	1.89e-06	1.59e-02	9.84e-01
 4.71067e+15	2.14e-06	1.70e-02	9.83e-01
 4.82654e+15	2.40e-06	1.82e-02	9.82e-01
 4.92558e+15	2.65e-06	1.94e-02	9.81e-01
 5.03187e+15	3.03e-06	2.07e-02	9.79e-01
 5.14024e+15	3.37e-06	2.21e-02	9.78e-01
 5.23612e+15	3.71e-06	2.34e-02	9.77e-01
 5.34553e+15	4.26e-06	2.51e-02	9.75e-01
 5.45631e+15	4.76e-06	2.69e-02	9.73e-01
 5.55355e+15	5.25e-06	2.86e-02	9.71e-01
 5.66463e+15	6.07e-06	3.09e-02	9.69e-01
 5.78939e+15	6.83e-06	3.35e-02	9.66e-01
 5.91253e+15	8.07e-06	3.65e-02	9.63e-01
 6.02754e+15	9.14e-06	3.96e-02	9.60e-01
 6.13292e+15	1.03e-05	4.27e-02	9.57e-01
 6.25144e+15	1.18e-05	4.68e-02	9.53e-01
 6.38433e+15	1.45e-05	5.20e-02	9.48e-01
 6.50094e+15	1.68e-05	5.71e-02	9.43e-01
 6.59763e+15	1.92e-05	6.20e-02	9.38e-01
 6.68720e+15	2.18e-05	6.71e-02	9.33e-01
 6.77273e+15	2.47e-05	7.26e-02	9.27e-01
 6.85602e+15	2.75e-05	7.86e-02	9.21e-01
 6.95121e+15	3.25e-05	8.66e-02	9.13e-01
 7.04318e+15	3.72e-05	9.52e-02	9.05e-01
 7.13098e+15	4.32e-05	1.05e-01	8.95e-01
 7.21280e+15	5.01e-05	1.15e-01	8.85e-01
 7.26660e+15	5.65e-05	1.23e-01	8.77e-01
 7.30404e+15	6.06e-05	1.29e-01	8.71e-01
 7.34044e+15	6.53e-05	1.35e-01	8.65e-01
 7.38777e+15	7.09e-05	1.43e-01	8.56e-01
 7.44929e+15	8.16e-05	1.56e-01	8.44e-01
 7.50779e+15	9.22e-05	1.69e-01	8.31e-01
 7.55131e+15	1.01e-04	1.80e-01	8.20e-01
 7.59682e+15	1.12e-04	1.93e-01	8.07e-01
 7.65600e+15	1.31e-04	2.11e-01	7.89e-01
 7.70900e+15	1.45e-04	2.28e-01	7.71e-01
 7.75398e+15	1.66e-04	2.46e-01	7.54e-01
 7.79836e+15	1.84e-04	2.64e-01	7.36e-01
 7.83602e+15	2.02e-04	2.81e-01	7.19e-01
 7.87905e+15	2.29e-04	3.03e-01	6.97e-01
 7.92275e+15	2.56e-04	3.25e-01	6.74e-01
 7.96082e+15	2.81e-04	3.47e-01	6.53e-01
 8.00382e+15	3.19e-04	3.74e-01	6.26e-01
 8.04690e+15	3.57e-04	4.01e-01	5.99e-01
 8.08381e+15	3.93e-04	4.26e-01	5.73e-01
 8.12553e+15	4.40e-04	4.57e-01	5.43e-01
 8.17191e+15	4.96e-04	4.91e-01	5.08e-01
 8.21485e+15	5.51e-04	5.24e-01	4.76e-01
 8.26119e+15	6.19e-04	5.60e-01	4.39e-01
 8.30272e+15	6.79e-04	5.91e-01	4.08e-01
 8.32916e+15	7.18e-04	6.10e-01	3.89e-01
 8.35468e+15	7.61e-04	6.30e-01	3.69e-01
 8.38785e+15	8.18e-04	6.55e-01	3.44e-01
 8.42429e+15	8.80e-04	6.81e-01	3.18e-01
 8.45798e+15	9.38e-04	7.04e-01	2.95e-01
 8.49482e+15	1.01e-03	7.28e-01	2.71e-01
 8.53509e+15	1.08e-03	7.53e-01	2.46e-01
 8.57170e+15	1.14e-03	7.73e-01	2.26e-01
 8.61116e+15	1.22e-03	7.94e-01	2.05e-01
 8.65402e+15	1.30e-03	8.15e-01	1.84e-01
 8.69259e+15	1.37e-03	8.31e-01	1.68e-01
 8.72857e+15	1.44e-03	8.45e-01	1.53e-01
 8.76985e+15	1.51e-03	8.61e-01	1.38e-01
 8.81493e+15	1.60e-03	8.75e-01	1.23e-01
 8.85544e+15	1.68e-03	8.86e-01	1.12e-01
 8.89238e+15	1.75e-03	8.96e-01	1.02e-01
 8.93423e+15	1.84e-03	9.06e-01	9.24e-02
 8.97940e+15	1.93e-03	9.15e-01	8.30e-02
 9.01951e+15	2.02e-03	9.22e-01	7.57e-02
 9.05630e+15	2.10e-03	9.28e-01	6.95e-02
 9.09816e+15	2.20e-03	9.35e-01	6.31e-02
 9.14329e+15	2.31e-03	9.41e-01	5.70e-02
 9.18299e+15	2.42e-03	9.45e-01	5.23e-02
 9.21929e+15	2.52e-03	9.49e-01	4.84e-02
 9.26084e+15	2.64e-03	9.53e-01	4.42e-02
 9.30543e+15	2.79e-03	9.57e-01	4.02e-02
 9.34425e+15	2.92e-03	9.60e-01	3.72e-02
 9.37942e+15	3.05e-03	9.62e-01	3.46e-02
 9.41956e+15	3.21e-03	9.65e-01	3.19e-02
 9.46310e+15	3.40e-03	9.67e-01	2.92e-02
 9.50164e+15	3.59e-03	9.69e-01	2.71e-02
 9.53670e+15	3.78e-03	9.71e-01	2.54e-02
 9.57667e+15	4.01e-03	9.73e-01	2.34e-02
 9.62062e+15	4.30e-03	9.74e-01	2.16e-02
 9.66035e+15	4.59e-03	9.75e-01	2.01e-02
 9.69659e+15	4.89e-03	9.76e-01	1.88e-02
 9.73766e+15	5.27e-03	9.77e-01	1.74e-02
 9.78376e+15	5.77e-03	9.78e-01	1.61e-02
 9.82558e+15	6.29e-03	9.79e-01	1.50e-02
 9.86120e+15	6.81e-03	9.79e-01	1.41e-02
 9.89960e+15	7.45e-03	9.79e-01	1.32e-02
 9.94159e+15	8.25e-03	9.79e-01	1.23e-02
 9.97844e+15	9.13e-03	9.79e-01	1.16e-02
 1.00099e+16	1.00e-02	9.79e-01	1.10e-02
 1.00370e+16	1.09e-02	9.79e-01	1.06e-02
 1.00606e+16	1.18e-02	9.78e-01	1.02e-02
 1.00868e+16	1.29e-02	9.77e-01	9.77e-03
 1.01146e+16	1.42e-02	9.76e-01	9.39e-03
 1.01377e+16	1.56e-02	9.75e-01	9.07e-03
 1.01569e+16	1.69e-02	9.74e-01	8.86e-03
 1.01777e+16	1.84e-02	9.73e-01	8.59e-03
 1.02006e+16	2.04e-02	9.71e-01	8.35e-03
 1.02209e+16	2.26e-02	9.69e-01	8.14e-03
 1.02382e+16	2.46e-02	9.67e-01	7.98e-03
 1.02568e+16	2.71e-02	9.65e-01	7.82e-03
 1.02773e+16	3.04e-02	9.62e-01	7.67e-03
 1.02953e+16	3.39e-02	9.59e-01	7.53e-03
 1.03106e+16	3.71e-02	9.55e-01	7.47e-03
 1.03272e+16	4.14e-02	9.51e-01	7.36e-03
 1.03457e+16	4.67e-02	9.46e-01	7.32e-03
 1.03628e+16	5.27e-02	9.40e-01	7.29e-03
 1.03781e+16	5.91e-02	9.34e-01	7.27e-03
 1.03921e+16	6.55e-02	9.27e-01	7.30e-03
 1.04057e+16	7.31e-02	9.20e-01	7.31e-03
 1.04196e+16	8.17e-02	9.11e-01	7.36e-03
 1.04327e+16	9.12e-02	9.01e-01	7.42e-03
 1.04442e+16	1.01e-01	8.92e-01	7.49e-03
 1.04545e+16	1.10e-01	8.82e-01	7.56e-03
 1.04640e+16	1.20e-01	8.73e-01	7.64e-03
 1.04714e+16	1.28e-01	8.64e-01	7.70e-03
 1.04762e+16	1.33e-01	8.59e-01	7.74e-03
 1.04806e+16	1.39e-01	8.53e-01	7.77e-03
 1.04857e+16	1.46e-01	8.46e-01	7.82e-03
 1.04914e+16	1.54e-01	8.38e-01	7.88e-03
 1.04969e+16	1.62e-01	8.30e-01	7.92e-03
 1.05020e+16	1.70e-01	8.22e-01	7.99e-03
 1.05070e+16	1.78e-01	8.14e-01	8.03e-03
 1.05121e+16	1.87e-01	8.05e-01	8.09e-03
 1.05173e+16	1.96e-01	7.96e-01	8.14e-03
 1.05224e+16	2.06e-01	7.86e-01	8.19e-03
 1.05274e+16	2.16e-01	7.75e-01	8.24e-03
 1.05323e+16	2.27e-01	7.65e-01	8.30e-03
 1.05372e+16	2.38e-01	7.54e-01	8.33e-03
 1.05422e+16	2.49e-01	7.42e-01	8.39e-03
 1.05470e+16	2.61e-01	7.30e-01	8.42e-03
 1.05519e+16	2.73e-01	7.18e-01	8.48e-03
 1.05567e+16	2.86e-01	7.05e-01	8.51e-03
 1.05616e+16	3.00e-01	6.92e-01	8.53e-03
 1.05663e+16	3.13e-01	6.78e-01	8.56e-03
 1.05710e+16	3.27e-01	6.64e-01	8.59e-03
 1.05757e+16	3.42e-01	6.49e-01	8.59e-03
 1.05804e+16	3.57e-01	6.34e-01	8.62e-03
 1.05851e+16	3.73e-01	6.19e-01	8.62e-03
 1.05898e+16	3.89e-01	6.03e-01	8.60e-03
 1.05944e+16	4.05e-01	5.87e-01	8.59e-03
 1.05990e+16	4.21e-01	5.70e-01	8.57e-03
 1.06036e+16	4.38e-01	5.53e-01	8.54e-03
 1.06083e+16	4.55e-01	5.36e-01	8.51e-03
 1.06129e+16	4.73e-01	5.19e-01	8.45e-03
 1.06175e+16	4.90e-01	5.02e-01	8.39e-03
 1.06220e+16	5.07e-01	4.85e-01	8.33e-03
 1.06264e+16	5.24e-01	4.68e-01	8.25e-03
 1.06308e+16	5.41e-01	4.51e-01	8.15e-03
 1.06352e+16	5.58e-01	4.34e-01	8.05e-03
 1.06396e+16	5.75e-01	4.17e-01	7.95e-03
 1.06439e+16	5.91e-01	4.01e-01	7.84e-03
 1.06481e+16	6.07e-01	3.85e-01	7.70e-03
 1.06525e+16	6.23e-01	3.69e-01	7.58e-03
 1.06569e+16	6.39e-01	3.54e-01	7.42e-03
 1.06613e+16	6.54e-01	3.39e-01	7.26e-03
 1.06657e+16	6.69e-01	3.24e-01	7.10e-03
 1.06702e+16	6.84e-01	3.09e-01	6.92e-03
 1.06748e+16	6.99e-01	2.95e-01	6.74e-03
 1.06795e+16	7.13e-01	2.81e-01	6.55e-03
 1.06843e+16	7.27e-01	2.67e-01	6.35e-03
 1.06892e+16	7.40e-01	2.54e-01	6.16e-03
 1.06942e+16	7.52e-01	2.42e-01	5.95e-03
 1.06995e+16	7.65e-01	2.29e-01	5.73e-03
 1.07046e+16	7.76e-01	2.19e-01	5.55e-03
 1.07091e+16	7.85e-01	2.10e-01	5.37e-03
 1.07135e+16	7.93e-01	2.02e-01	5.20e-03
 1.07183e+16	8.01e-01	1.94e-01	5.04e-03
 1.07231e+16	8.09e-01	1.86e-01	4.88e-03
 1.07280e+16	8.16e-01	1.79e-01	4.72e-03
 1.07330e+16	8.22e-01	1.73e-01	4.58e-03
 1.07381e+16	8.28e-01	1.67e-01	4.43e-03
 1.07435e+16	8.34e-01	1.62e-01	4.30e-03
 1.07492e+16	8.39e-01	1.56e-01	4.16e-03
 1.07551e+16	8.44e-01	1.52e-01	4.04e-03
 1.07615e+16	8.49e-01	1.47e-01	3.91e-03
 1.07682e+16	8.53e-01	1.43e-01	3.80e-03
 1.07753e+16	8.57e-01	1.39e-01	3.68e-03
 1.07830e+16	8.61e-01	1.36e-01	3.57e-03
 1.07914e+16	8.64e-01	1.32e-01	3.46e-03
 1.08003e+16	8.67e-01	1.29e-01	3.36e-03
 1.08099e+16	8.70e-01	1.26e-01	3.25e-03
 1.08203e+16	8.73e-01	1.24e-01	3.15e-03
 1.08316e+16	8.76e-01	1.21e-01	3.06e-03
 1.08436e+16	8.78e-01	1.19e-01	2.96e-03
 1.08563e+16	8.80e-01	1.17e-01	2.86e-03
 1.08695e+16	8.82e-01	1.15e-01	2.77e-03
 1.08832e+16	8.84e-01	1.13e-01	2.68e-03
 1.08972e+16	8.86e-01	1.11e-01	2.59e-03
 1.09114e+16	8.88e-01	1.09e-01	2.51e-03
 1.09257e+16	8.90e-01	1.07e-01	2.42e-03
 1.09400e+16	8.92e-01	1.06e-01	2.35e-03
 1.09544e+16	8.94e-01	1.04e-01	2.27e-03
 1.09686e+16	8.95e-01	1.02e-01	2.20e-03
 1.09828e+16	8.97e-01	1.01e-01	2.13e-03
 1.09970e+16	8.99e-01	9.93e-02	2.06e-03
 1.10113e+16	9.00e-01	9.78e-02	2.00e-03
 1.10255e+16	9.02e-01	9.63e-02	1.93e-03
 1.10398e+16	9.03e-01	9.48e-02	1.87e-03
 1.10541e+16	9.05e-01	9.34e-02	1.81e-03
 1.10686e+16	9.06e-01	9.19e-02	1.76e-03
 1.10832e+16	9.08e-01	9.05e-02	1.70e-03
 1.10982e+16	9.09e-01	8.91e-02	1.64e-03
 1.11138e+16	9.11e-01	8.76e-02	1.59e-03
 1.11299e+16	9.12e-01	8.62e-02	1.53e-03
 1.11464e+16	9.14e-01	8.47e-02	1.48e-03
 1.11637e+16	9.15e-01	8.32e-02	1.42e-03
 1.11819e+16	9.17e-01	8.16e-02	1.37e-03
 1.12018e+16	9.19e-01	7.99e-02	1.31e-03
 1.12234e+16	9.21e-01	7.81e-02	1.25e-03
 1.12472e+16	9.23e-01	7.61e-02	1.18e-03
 1.12748e+16	9.25e-01	7.39e-02	1.11e-03
 1.13038e+16	9.27e-01	7.17e-02	1.04e-03
 1.13310e+16	9.29e-01	6.97e-02	9.83e-04
 1.13558e+16	9.31e-01	6.80e-02	9.31e-04
 1.13783e+16	9.33e-01	6.64e-02	8.87e-04
 1.13988e+16	9.34e-01	6.50e-02	8.48e-04
 1.14174e+16	9.35e-01	6.38e-02	8.14e-04
 1.14344e+16	9.37e-01	6.26e-02	7.84e-04
 1.14498e+16	9.38e-01	6.16e-02	7.58e-04
 1.14667e+16	9.39e-01	6.05e-02	7.30e-04
 1.14850e+16	9.40e-01	5.94e-02	7.00e-04
 1.15016e+16	9.41e-01	5.83e-02	6.74e-04
 1.15168e+16	9.42e-01	5.74e-02	6.52e-04
 1.15333e+16	9.43e-01	5.63e-02	6.28e-04
 1.15512e+16	9.44e-01	5.52e-02	6.03e-04
 1.15675e+16	9.45e-01	5.43e-02	5.80e-04
 1.15823e+16	9.46e-01	5.34e-02	5.61e-04
 1.15958e+16	9.47e-01	5.26e-02	5.44e-04
 1.16081e+16	9.48e-01	5.19e-02	5.28e-04
 1.16216e+16	9.48e-01	5.10e-02	5.11e-04
 1.16361e+16	9.49e-01	5.02e-02	4.94e-04
 1.16493e+16	9.50e-01	4.95e-02	4.79e-04
 1.16613e+16	9.51e-01	4.88e-02	4.65e-04
 1.16745e+16	9.52e-01	4.80e-02	4.50e-04
 1.16887e+16	9.52e-01	4.73e-02	4.35e-04
 1.17016e+16	9.53e-01	4.65e-02	4.22e-04
 1.17134e+16	9.54e-01	4.59e-02	4.10e-04
 1.17241e+16	9.54e-01	4.53e-02	3.99e-04
 1.17359e+16	9.55e-01	4.46e-02	3.86e-04
 1.17486e+16	9.56e-01	4.40e-02	3.75e-04
 1.17601e+16	9.56e-01	4.34e-02	3.64e-04
 1.17706e+16	9.57e-01	4.28e-02	3.55e-04
 1.17821e+16	9.57e-01	4.22e-02	3.44e-04
 1.17945e+16	9.58e-01	4.16e-02	3.34e-04
 1.18058e+16	9.59e-01	4.10e-02	3.25e-04
 1.18161e+16	9.59e-01	4.05e-02	3.16e-04
 1.18274e+16	9.60e-01	3.99e-02	3.07e-04
 1.18396e+16	9.60e-01	3.93e-02	2.98e-04
 1.18506e+16	9.61e-01	3.88e-02	2.90e-04
 1.18607e+16	9.61e-01	3.83e-02	2.82e-04
 1.18717e+16	9.62e-01	3.77e-02	2.74e-04
 1.18837e+16	9.63e-01	3.72e-02	2.66e-04
 1.18945e+16	9.63e-01	3.67e-02	2.59e-04
 1.19044e+16	9.63e-01	3.63e-02	2.53e-04
 1.19152e+16	9.64e-01	3.58e-02	2.46e-04
 1.19269e+16	9.64e-01	3.53e-02	2.39e-04
 1.19375e+16	9.65e-01	3.48e-02	2.33e-04
 1.19472e+16	9.65e-01	3.44e-02	2.27e-04
 1.19578e+16	9.66e-01	3.39e-02	2.21e-04
 1.19692e+16	9.66e-01	3.35e-02	2.15e-04
 1.19796e+16	9.67e-01	3.31e-02	2.09e-04
 1.19910e+16	9.67e-01	3.26e-02	2.03e-04
 1.20033e+16	9.68e-01	3.21e-02	1.98e-04
 1.20146e+16	9.68e-01	3.17e-02	1.93e-04
 1.20268e+16	9.69e-01	3.12e-02	1.87e-04
 1.20401e+16	9.69e-01	3.08e-02	1.81e-04
 1.20522e+16	9.69e-01	3.03e-02	1.76e-04
 1.20654e+16	9.70e-01	2.98e-02	1.71e-04
 1.20796e+16	9.70e-01	2.94e-02	1.65e-04
 1.20926e+16	9.71e-01	2.89e-02	1.60e-04
 1.21045e+16	9.71e-01	2.85e-02	1.56e-04
 1.21174e+16	9.72e-01	2.81e-02	1.51e-04
 1.21314e+16	9.72e-01	2.77e-02	1.47e-04
 1.21441e+16	9.73e-01	2.73e-02	1.43e-04
 1.21581e+16	9.73e-01	2.68e-02	1.38e-04
 1.21731e+16	9.73e-01	2.64e-02	1.34e-04
 1.21868e+16	9.74e-01	2.60e-02	1.30e-04
 1.21993e+16	9.74e-01	2.56e-02	1.26e-04
 1.22129e+16	9.75e-01	2.52e-02	1.22e-04
 1.22277e+16	9.75e-01	2.49e-02	1.18e-04
 1.22411e+16	9.75e-01	2.45e-02	1.15e-04
 1.22558e+16	9.76e-01	2.41e-02	1.11e-04
 1.22717e+16	9.76e-01	2.37e-02	1.08e-04
 1.22861e+16	9.77e-01	2.33e-02	1.04e-04
 1.23019e+16	9.77e-01	2.29e-02	1.01e-04
 1.23190e+16	9.77e-01	2.25e-02	9.75e-05
 1.23346e+16	9.78e-01	2.22e-02	9.44e-05
 1.23487e+16	9.78e-01	2.18e-02	9.17e-05
 1.23642e+16	9.78e-01	2.15e-02	8.87e-05
 1.23810e+16	9.79e-01	2.11e-02	8.58e-05
 1.23962e+16	9.79e-01	2.08e-02	8.32e-05
 1.24129e+16	9.79e-01	2.04e-02	8.04e-05
 1.24309e+16	9.80e-01	2.01e-02	7.76e-05
 1.24473e+16	9.80e-01	1.98e-02	7.51e-05
 1.24653e+16	9.81e-01	1.94e-02	7.24e-05
 1.24847e+16	9.81e-01	1.90e-02	6.98e-05
 1.25024e+16	9.81e-01	1.87e-02	6.75e-05
 1.25184e+16	9.82e-01	1.84e-02	6.54e-05
 1.25360e+16	9.82e-01	1.81e-02	6.32e-05
 1.25550e+16	9.82e-01	1.78e-02	6.10e-05
 1.25723e+16	9.82e-01	1.75e-02	5.90e-05
 1.25913e+16	9.83e-01	1.72e-02	5.69e-05
 1.26117e+16	9.83e-01	1.68e-02	5.48e-05
 1.26304e+16	9.83e-01	1.66e-02	5.30e-05
 1.26508e+16	9.84e-01	1.62e-02	5.10e-05
 1.26728e+16	9.84e-01	1.59e-02	4.90e-05
 1.26928e+16	9.84e-01	1.56e-02	4.73e-05
 1.27148e+16	9.85e-01	1.53e-02	4.54e-05
 1.27385e+16	9.85e-01	1.50e-02	4.36e-05
 1.27601e+16	9.85e-01	1.47e-02	4.20e-05
 1.27837e+16	9.86e-01	1.44e-02	4.03e-05
 1.28093e+16	9.86e-01	1.41e-02	3.86e-05
 1.28325e+16	9.86e-01	1.38e-02	3.71e-05
 1.28536e+16	9.86e-01	1.36e-02	3.58e-05
 1.28768e+16	9.87e-01	1.33e-02	3.44e-05
 1.29018e+16	9.87e-01	1.30e-02	3.30e-05
 1.29246e+16	9.87e-01	1.28e-02	3.18e-05
 1.29495e+16	9.87e-01	1.25e-02	3.05e-05
 1.29764e+16	9.88e-01	1.22e-02	2.92e-05
 1.30009e+16	9.88e-01	1.20e-02	2.81e-05
 1.30278e+16	9.88e-01	1.17e-02	2.69e-05
 1.30568e+16	9.89e-01	1.15e-02	2.57e-05
 1.30831e+16	9.89e-01	1.12e-02	2.47e-05
 1.31120e+16	9.89e-01	1.10e-02	2.35e-05
 1.31432e+16	9.89e-01	1.07e-02	2.24e-05
 1.31716e+16	9.89e-01	1.05e-02	2.15e-05
 1.32027e+16	9.90e-01	1.02e-02	2.05e-05
 1.32363e+16	9.90e-01	9.97e-03	1.95e-05
 1.32669e+16	9.90e-01	9.75e-03	1.86e-05
 1.33004e+16	9.90e-01	9.50e-03	1.77e-05
 1.33365e+16	9.91e-01	9.25e-03	1.68e-05
 1.33694e+16	9.91e-01	9.04e-03	1.60e-05
 1.34055e+16	9.91e-01	8.79e-03	1.52e-05
 1.34444e+16	9.91e-01	8.55e-03	1.44e-05
 1.34798e+16	9.92e-01	8.34e-03	1.37e-05
 1.35187e+16	9.92e-01	8.11e-03	1.30e-05
 1.35606e+16	9.92e-01	7.88e-03	1.22e-05
 1.35987e+16	9.92e-01	7.68e-03	1.16e-05
 1.36405e+16	9.93e-01	7.45e-03	1.10e-05
 1.36948e+16	9.93e-01	7.17e-03	1.02e-05
 1.37574e+16	9.93e-01	6.87e-03	9.33e-06
 1.38208e+16	9.93e-01	6.59e-03	8.59e-06
 1.38844e+16	9.94e-01	6.32e-03	7.91e-06
 1.39507e+16	9.94e-01	6.05e-03	7.27e-06
 1.40199e+16	9.94e-01	5.79e-03	6.66e-06
 1.40915e+16	9.94e-01	5.53e-03	6.09e-06
 1.41654e+16	9.95e-01	5.28e-03	5.55e-06
 1.42420e+16	9.95e-01	5.04e-03	5.06e-06
 1.43211e+16	9.95e-01	4.80e-03	4.60e-06
 1.44020e+16	9.95e-01	4.57e-03	4.18e-06
 1.44841e+16	9.96e-01	4.36e-03	3.79e-06
 1.45676e+16	9.96e-01	4.15e-03	3.44e-06
 1.46526e+16	9.96e-01	3.95e-03	3.12e-06
 1.47392e+16	9.96e-01	3.76e-03	2.83e-06
 1.48262e+16	9.96e-01	3.58e-03	2.57e-06
 1.49144e+16	9.97e-01	3.41e-03	2.33e-06
 1.50056e+16	9.97e-01	3.24e-03	2.11e-06
 1.50989e+16	9.97e-01	3.08e-03	1.90e-06
 1.51936e+16	9.97e-01	2.92e-03	1.72e-06
 1.52898e+16	9.97e-01	2.77e-03	1.55e-06
 1.53877e+16	9.97e-01	2.63e-03	1.40e-06
 1.54877e+16	9.98e-01	2.50e-03	1.26e-06
 1.55897e+16	9.98e-01	2.37e-03	1.13e-06
 1.56933e+16	9.98e-01	2.24e-03	1.02e-06
 1.57988e+16	9.98e-01	2.13e-03	9.14e-07
 1.59064e+16	9.98e-01	2.01e-03	8.20e-07
 1.60162e+16	9.98e-01	1.90e-03	7.34e-07
 1.61282e+16	9.98e-01	1.80e-03	6.57e-07
 1.62424e+16	9.98e-01	1.70e-03	5.86e-07
 1.63590e+16	9.98e-01	1.60e-03	5.23e-07
 1.64779e+16	9.98e-01	1.51e-03	4.66e-07
 1.65994e+16	9.99e-01	1.43e-03	4.14e-07
 1.67235e+16	9.99e-01	1.34e-03	3.68e-07
 1.68504e+16	9.99e-01	1.26e-03	3.26e-07
 1.69802e+16	9.99e-01	1.19e-03	2.88e-07
 1.71130e+16	9.99e-01	1.12e-03	2.54e-07
 1.72490e+16	9.99e-01	1.05e-03	2.24e-07
 1.73884e+16	9.99e-01	9.81e-04	1.97e-07
 1.75314e+16	9.99e-01	9.18e-04	1.73e-07
 1.76782e+16	9.99e-01	8.58e-04	1.51e-07
 1.78290e+16	9.99e-01	8.00e-04	1.31e-07
 1.79840e+16	9.99e-01	7.46e-04	1.14e-07
 1.81437e+16	9.99e-01	6.94e-04	9.90e-08
 1.83049e+16	9.99e-01	6.46e-04	8.58e-08
 1.84703e+16	9.99e-01	6.00e-04	7.41e-08
 1.86459e+16	9.99e-01	5.55e-04	6.34e-08
 1.88294e+16	9.99e-01	5.12e-04	5.39e-08
 1.90189e+16	1.00e+00	4.71e-04	4.57e-08
 1.92152e+16	1.00e+00	4.32e-04	3.85e-08
 1.94199e+16	1.00e+00	3.96e-04	3.23e-08
 1.96343e+16	1.00e+00	3.61e-04	2.68e-08
 1.98592e+16	1.00e+00	3.27e-04	2.21e-08
 2.00960e+16	1.00e+00	2.96e-04	1.81e-08
 2.03466e+16	1.00e+00	2.66e-04	1.46e-08
 2.06151e+16	1.00e+00	2.37e-04	1.17e-08
 2.08980e+16	1.00e+00	2.11e-04	9.21e-09
 2.12002e+16	1.00e+00	1.86e-04	7.15e-09
 2.15317e+16	1.00e+00	1.62e-04	5.44e-09
 2.18926e+16	1.00e+00	1.40e-04	4.04e-09
 2.22882e+16	1.00e+00	1.19e-04	2.93e-09
 2.27290e+16	1.00e+00	9.95e-05	2.05e-09
 2.32244e+16	1.00e+00	8.16e-05	1.38e-09
 2.37976e+16	1.00e+00	6.50e-05	8.78e-10
 2.44338e+16	1.00e+00	5.09e-05	5.39e-10
 2.50764e+16	1.00e+00	4.00e-05	3.33e-10
 2.57071e+16	1.00e+00	3.17e-05	2.09e-10
 2.63378e+16	1.00e+00	2.52e-05	1.32e-10
 2.69791e+16	1.00e+00	2.00e-05	8.38e-11
 2.76340e+16	1.00e+00	1.59e-05	5.30e-11
 2.83014e+16	1.00e+00	1.26e-05	3.34e-11
 2.89783e+16	1.00e+00	1.00e-05	2.12e-11
 2.96670e+16	1.00e+00	7.99e-06	1.34e-11
 3.03712e+16	1.00e+00	6.36e-06	8.53e-12
 3.10909e+16	1.00e+00	5.06e-06	5.40e-12
 3.18267e+16	1.00e+00	4.01e-06	3.41e-12
 3.25767e+16	1.00e+00	3.19e-06	2.16e-12
 3.33440e+16	1.00e+00	2.53e-06	1.36e-12
 3.41319e+16	1.00e+00	2.01e-06	8.55e-13
 3.49406e+16	1.00e+00	1.59e-06	5.36e-13
 3.57738e+16	1.00e+00	1.25e-06	3.34e-13
 3.66347e+16	1.00e+00	9.86e-07	2.07e-13
 3.75264e+16	1.00e+00	7.73e-07	1.27e-13
 3.84539e+16	1.00e+00	6.03e-07	7.75e-14
 3.94258e+16	1.00e+00	4.67e-07	4.65e-14
 4.04530e+16	1.00e+00	3.58e-07	2.74e-14
 4.15509e+16	1.00e+00	2.71e-07	1.57e-14
 4.27341e+16	1.00e+00	2.02e-07	8.78e-15
 4.39661e+16	1.00e+00	1.51e-07	4.86e-15
 4.51936e+16	1.00e+00	1.13e-07	2.74e-15
 4.64076e+16	1.00e+00	8.55e-08	1.57e-15
 4.76137e+16	1.00e+00	6.52e-08	9.17e-16
 4.88114e+16	1.00e+00	5.01e-08	5.43e-16
 4.99965e+16	1.00e+00	3.89e-08	3.26e-16
 5.11612e+16	1.00e+00	3.04e-08	2.00e-16
 5.22993e+16	1.00e+00	2.40e-08	1.25e-16
 5.34100e+16	1.00e+00	1.92e-08	7.98e-17
 5.44908e+16	1.00e+00	1.55e-08	5.20e-17
 5.55369e+16	1.00e+00	1.26e-08	3.45e-17
 5.65455e+16	1.00e+00	1.04e-08	2.34e-17
 5.75173e+16	1.00e+00	8.62e-09	1.62e-17
 5.84515e+16	1.00e+00	7.24e-09	1.15e-17
 5.93469e+16	1.00e+00	6.14e-09	8.25e-18
 6.02029e+16	1.00e+00	5.25e-09	6.05e-18
 6.10209e+16	1.00e+00	4.54e-09	4.51e-18
 6.18020e+16	1.00e+00	3.95e-09	3.42e-18
 6.25468e+16	1.00e+00	3.46e-09	2.64e-18
 6.32562e+16	1.00e+00	3.06e-09	2.06e-18
 6.39314e+16	1.00e+00	2.73e-09	1.64e-18
 6.45738e+16	1.00e+00	2.44e-09	1.32e-18
 6.51850e+16	1.00e+00	2.20e-09	1.07e-18
 6.57665e+16	1.00e+00	2.00e-09	8.83e-19
 6.63196e+16	1.00e+00	1.82e-09	7.35e-19
 6.68454e+16	1.00e+00	1.67e-09	6.18e-19
 6.73451e+16	1.00e+00	1.54e-09	5.25e-19
 6.78203e+16	1.00e+00	1.43e-09	4.50e-19
 6.82724e+16	1.00e+00	1.33e-09	3.89e-19
 6.87023e+16	1.00e+00	1.24e-09	3.39e-19
 6.91110e+16	1.00e+00	1.16e-09	2.98e-19
 6.94997e+16	1.00e+00	1.09e-09	2.63e-19
 6.98698e+16	1.00e+00	1.03e-09	2.34e-19
 7.02224e+16	1.00e+00	9.71e-10	2.10e-19
 7.05584e+16	1.00e+00	9.21e-10	1.89e-19
 7.08785e+16	1.00e+00	8.76e-10	1.71e-19
 7.11834e+16	1.00e+00	8.35e-10	1.55e-19
 7.14743e+16	1.00e+00	7.98e-10	1.42e-19
 7.17521e+16	1.00e+00	7.65e-10	1.30e-19
 7.20177e+16	1.00e+00	7.34e-10	1.20e-19
 7.22716e+16	1.00e+00	7.06e-10	1.11e-19
 7.25146e+16	1.00e+00	6.80e-10	1.03e-19
 7.27473e+16	1.00e+00	6.56e-10	9.62e-20
 7.29704e+16	1.00e+00	6.34e-10	8.99e-20
 7.31846e+16	1.00e+00	6.14e-10	8.42e-20
 7.33907e+16	1.00e+00	5.95e-10	7.91e-20
 7.35892e+16	1.00e+00	5.77e-10	7.45e-20
 7.37808e+16	1.00e+00	5.61e-10	7.04e-20
 7.39659e+16	1.00e+00	5.45e-10	6.66e-20
 7.41451e+16	1.00e+00	5.31e-10	6.31e-20
 7.43191e+16	1.00e+00	5.17e-10	5.99e-20
 7.44886e+16	1.00e+00	5.04e-10	5.69e-20
 7.46541e+16	1.00e+00	4.92e-10	5.42e-20
 7.48163e+16	1.00e+00	4.80e-10	5.16e-20
 7.49758e+16	1.00e+00	4.69e-10	4.92e-20
 7.51334e+16	1.00e+00	4.58e-10	4.70e-20
 7.52897e+16	1.00e+00	4.47e-10	4.49e-20
 7.54457e+16	1.00e+00	4.37e-10	4.28e-20
 7.56025e+16	1.00e+00	4.27e-10	4.09e-20
 7.57611e+16	1.00e+00	4.17e-10	3.90e-20
 7.59227e+16	1.00e+00	4.07e-10	3.72e-20
 7.60891e+16	1.00e+00	3.97e-10	3.54e-20
 7.62622e+16	1.00e+00	3.87e-10	3.36e-20
 7.64445e+16	1.00e+00	3.77e-10	3.19e-20
 7.66393e+16	1.00e+00	3.66e-10	3.01e-20
 7.68510e+16	1.00e+00	3.55e-10	2.83e-20
 7.70856e+16	1.00e+00	3.42e-10	2.64e-20
 7.73517e+16	1.00e+00	3.29e-10	2.44e-20
 7.76620e+16	1.00e+00	3.14e-10	2.22e-20
 7.80357e+16	1.00e+00	2.97e-10	1.99e-20
 7.85035e+16	1.00e+00	2.77e-10	1.73e-20
 7.91062e+16	1.00e+00	2.53e-10	1.45e-20
 7.98898e+16	1.00e+00	2.26e-10	1.15e-20
 8.09084e+16	1.00e+00	1.95e-10	8.59e-21
 8.22326e+16	1.00e+00	1.61e-10	0.00e+00
 8.39541e+16	1.00e+00	1.26e-10	0.00e+00
 8.61920e+16	1.00e+00	9.28e-11	0.00e+00
 8.88780e+16	1.00e+00	6.50e-11	0.00e+00
 9.17200e+16	1.00e+00	4.53e-11	0.00e+00
 9.47060e+16	1.00e+00	3.11e-11	0.00e+00
 9.78360e+16	1.00e+00	2.13e-11	0.00e+00
 1.00966e+17	1.00e+00	1.47e-11	0.00e+00
 1.04096e+17	1.00e+00	1.03e-11	0.00e+00
 1.07226e+17	1.00e+00	7.27e-12	0.00e+00
 1.10356e+17	1.00e+00	5.18e-12	0.00e+00
 1.13486e+17	1.00e+00	3.72e-12	0.00e+00
 1.16616e+17	1.00e+00	2.70e-12	0.00e+00
 1.19746e+17	1.00e+00	1.98e-12	0.00e+00
 1.22876e+17	1.00e+00	1.47e-12	0.00e+00
 1.26006e+17	1.00e+00	1.10e-12	0.00e+00
 1.29136e+17	1.00e+00	8.30e-13	0.00e+00
 1.32664e+17	1.00e+00	6.11e-13	0.00e+00
 1.36667e+17	1.00e+00	4.38e-13	0.00e+00
 1.41358e+17	1.00e+00	3.03e-13	0.00e+00
 1.46889e+17	1.00e+00	2.00e-13	0.00e+00
 1.52329e+17	1.00e+00	1.37e-13	0.00e+00
 1.56908e+17	1.00e+00	1.03e-13	0.00e+00
 1.60576e+17	1.00e+00	8.56e-14	0.00e+00
 1.63499e+17	1.00e+00	7.44e-14	0.00e+00
 1.65632e+17	1.00e+00	6.76e-14	0.00e+00
 1.67039e+17	1.00e+00	6.38e-14	0.00e+00
 1.67917e+17	1.00e+00	6.16e-14	0.00e+00
 1.68444e+17	1.00e+00	6.04e-14	0.00e+00
 1.68763e+17	1.00e+00	5.97e-14	0.00e+00
 1.68992e+17	1.00e+00	5.92e-14	0.00e+00
 1.69239e+17	1.00e+00	5.86e-14	0.00e+00
 1.69536e+17	1.00e+00	5.80e-14	0.00e+00
 1.69837e+17	1.00e+00	5.72e-14	0.00e+00
 1.70088e+17	1.00e+00	5.67e-14	0.00e+00
 1.70298e+17	1.00e+00	5.62e-14	0.00e+00
 1.70501e+17	1.00e+00	5.57e-14	0.00e+00
 1.70706e+17	1.00e+00	5.52e-14	0.00e+00
 1.70910e+17	1.00e+00	5.47e-14	0.00e+00
 1.71096e+17	1.00e+00	5.43e-14	0.00e+00
 1.71257e+17	1.00e+00	5.39e-14	0.00e+00
 1.71409e+17	1.00e+00	5.35e-14	0.00e+00
 1.71566e+17	1.00e+00	5.31e-14	0.00e+00
 1.71719e+17	1.00e+00	5.28e-14	0.00e+00
 1.71857e+17	1.00e+00	5.24e-14	0.00e+00
 1.71981e+17	1.00e+00	5.21e-14	0.00e+00
 1.72101e+17	1.00e+00	5.19e-14	0.00e+00
 1.72227e+17	1.00e+00	5.15e-14	0.00e+00
 1.72354e+17	1.00e+00	5.12e-14	0.00e+00
 1.72466e+17	1.00e+00	5.09e-14	0.00e+00
 1.72567e+17	1.00e+00	5.07e-14	0.00e+00
 1.72668e+17	1.00e+00	5.05e-14	0.00e+00
 1.72772e+17	1.00e+00	5.02e-14	0.00e+00
 1.72877e+17	1.00e+00	4.99e-14	0.00e+00
 1.72975e+17	1.00e+00	4.97e-14	0.00e+00
 1.73069e+17	1.00e+00	4.95e-14	0.00e+00
 1.73163e+17	1.00e+00	4.92e-14	0.00e+00
 1.73257e+17	1.00e+00	4.90e-14	0.00e+00
 1.73350e+17	1.00e+00	4.87e-14	0.00e+00
 1.73442e+17	1.00e+00	4.85e-14	0.00e+00
 1.73529e+17	1.00e+00	4.83e-14	0.00e+00
 1.73613e+17	1.00e+00	4.81e-14	0.00e+00
 1.73702e+17	1.00e+00	4.78e-14	0.00e+00
 1.73795e+17	1.00e+00	4.75e-14	0.00e+00
 1.73887e+17	1.00e+00	4.73e-14	0.00e+00
 1.73976e+17	1.00e+00	4.71e-14	0.00e+00
 1.74066e+17	1.00e+00	4.68e-14	0.00e+00
 1.74158e+17	1.00e+00	4.66e-14	0.00e+00
 1.74249e+17	1.00e+00	4.63e-14	0.00e+00
 1.74339e+17	1.00e+00	4.61e-14	0.00e+00
 1.74434e+17	1.00e+00	4.58e-14	0.00e+00
 1.74534e+17	1.00e+00	4.55e-14	0.00e+00
 1.74633e+17	1.00e+00	4.52e-14	0.00e+00
 1.74729e+17	1.00e+00	4.50e-14	0.00e+00
 1.74832e+17	1.00e+00	4.47e-14	0.00e+00
 1.74948e+17	1.00e+00	4.43e-14	0.00e+00
 1.75068e+17	1.00e+00	4.40e-14	0.00e+00
 1.75178e+17	1.00e+00	4.36e-14	0.00e+00
 1.75272e+17	1.00e+00	4.34e-14	0.00e+00
 1.75369e+17	1.00e+00	4.32e-14	0.00e+00
 1.75491e+17	1.00e+00	4.28e-14	0.00e+00
 1.75625e+17	1.00e+00	4.24e-14	0.00e+00
 1.75750e+17	1.00e+00	4.20e-14	0.00e+00
 1.75871e+17	1.00e+00	4.17e-14	0.00e+00
 1.75997e+17	1.00e+00	4.13e-14	0.00e+00
 1.76132e+17	1.00e+00	4.09e-14	0.00e+00
 1.76277e+17	1.00e+00	4.05e-14	0.00e+00
 1.76423e+17	1.00e+00	4.01e-14	0.00e+00
 1.76567e+17	1.00e+00	3.97e-14	0.00e+00
 1.76710e+17	1.00e+00	3.93e-14	0.00e+00
 1.76857e+17	1.00e+00	3.89e-14	0.00e+00
 1.77012e+17	1.00e+00	3.85e-14	0.00e+00
 1.77177e+17	1.00e+00	3.80e-14	0.00e+00
 1.77348e+17	1.00e+00	3.75e-14	0.00e+00
 1.77518e+17	1.00e+00	3.71e-14	0.00e+00
 1.77689e+17	1.00e+00	3.66e-14	0.00e+00
 1.77871e+17	1.00e+00	3.61e-14	0.00e+00
 1.78061e+17	1.00e+00	3.55e-14	0.00e+00
 1.78256e+17	1.00e+00	3.50e-14	0.00e+00
 1.78454e+17	1.00e+00	3.45e-14	0.00e+00
 1.78655e+17	1.00e+00	3.39e-14	0.00e+00
 1.78862e+17	1.00e+00	3.34e-14	0.00e+00
 1.79079e+17	1.00e+00	3.28e-14	0.00e+00
 1.79311e+17	1.00e+00	3.22e-14	0.00e+00
 1.79548e+17	1.00e+00	3.16e-14	0.00e+00
 1.79771e+17	1.00e+00	3.10e-14	0.00e+00
 1.80006e+17	1.00e+00	3.04e-14	0.00e+00
 1.80275e+17	1.00e+00	2.97e-14	0.00e+00
 1.80543e+17	1.00e+00	2.91e-14	0.00e+00
 1.80801e+17	1.00e+00	2.84e-14	0.00e+00
 1.81065e+17	1.00e+00	2.78e-14	0.00e+00
 1.81344e+17	1.00e+00	2.71e-14	0.00e+00
 1.81639e+17	1.00e+00	2.64e-14	0.00e+00
 1.81941e+17	1.00e+00	2.57e-14	0.00e+00
 1.82242e+17	1.00e+00	2.50e-14	0.00e+00
 1.82544e+17	1.00e+00	2.43e-14	0.00e+00
 1.82859e+17	1.00e+00	2.36e-14	0.00e+00
 1.83194e+17	1.00e+00	2.29e-14	0.00e+00
 1.83535e+17	1.00e+00	2.21e-14	0.00e+00
 1.83871e+17	1.00e+00	2.14e-14	0.00e+00
 1.84222e+17	1.00e+00	2.07e-14	0.00e+00
 1.84601e+17	1.00e+00	2.00e-14	0.00e+00
 1.84992e+17	1.00e+00	1.92e-14	0.00e+00
 1.85379e+17	1.00e+00	1.84e-14	0.00e+00
 1.85760e+17	1.00e+00	1.77e-14	0.00e+00
 1.86148e+17	1.00e+00	1.71e-14	0.00e+00
 1.86576e+17	1.00e+00	1.63e-14	0.00e+00
 1.87027e+17	1.00e+00	1.56e-14	0.00e+00
 1.87479e+17	1.00e+00	1.48e-14	0.00e+00
 1.87935e+17	1.00e+00	1.41e-14	0.00e+00
 1.88385e+17	1.00e+00	1.34e-14	0.00e+00
 1.88854e+17	1.00e+00	1.28e-14	0.00e+00
 1.89379e+17	1.00e+00	1.21e-14	0.00e+00
 1.89931e+17	1.00e+00	1.13e-14	0.00e+00
 1.90473e+17	1.00e+00	1.06e-14	0.00e+00
 1.91018e+17	1.00e+00	1.00e-14	0.00e+00
 1.91583e+17	1.00e+00	9.38e-15	0.00e+00
 1.92187e+17	1.00e+00	8.76e-15	0.00e+00
 1.92808e+17	1.00e+00	8.14e-15	0.00e+00
 1.93391e+17	1.00e+00	7.58e-15	0.00e+00
 1.93900e+17	1.00e+00	7.11e-15	0.00e+00
 1.94354e+17	1.00e+00	6.72e-15	0.00e+00
 1.94787e+17	1.00e+00	6.38e-15	0.00e+00
 1.95221e+17	1.00e+00	6.05e-15	0.00e+00
 1.95647e+17	1.00e+00	5.74e-15	0.00e+00
 1.96049e+17	1.00e+00	5.45e-15	0.00e+00
 1.96421e+17	1.00e+00	5.19e-15	0.00e+00
 1.96769e+17	1.00e+00	4.96e-15	0.00e+00
 1.97103e+17	1.00e+00	4.74e-15	0.00e+00
 1.97426e+17	1.00e+00	4.54e-15	0.00e+00
 1.97732e+17	1.00e+00	4.36e-15	0.00e+00
 1.98021e+17	1.00e+00	4.18e-15	0.00e+00
 1.98292e+17	1.00e+00	4.02e-15	0.00e+00
 1.98549e+17	1.00e+00	3.88e-15	0.00e+00
 1.98797e+17	1.00e+00	3.74e-15	0.00e+00
 1.99036e+17	1.00e+00	3.62e-15	0.00e+00
 1.99265e+17	1.00e+00	3.50e-15	0.00e+00
 1.99485e+17	1.00e+00	3.39e-15	0.00e+00
 1.99695e+17	1.00e+00	3.29e-15	0.00e+00
 1.99900e+17	1.00e+00	3.19e-15	0.00e+00
 2.00098e+17	1.00e+00	3.10e-15	0.00e+00
 2.00290e+17	1.00e+00	3.02e-15	0.00e+00
 2.00477e+17	1.00e+00	2.94e-15	0.00e+00
 2.00659e+17	1.00e+00	2.86e-15	0.00e+00
 2.00836e+17	1.00e+00	2.78e-15	0.00e+00
 2.01010e+17	1.00e+00	2.71e-15	0.00e+00
 2.01181e+17	1.00e+00	2.65e-15	0.00e+00
 2.01348e+17	1.00e+00	2.58e-15	0.00e+00
 2.01511e+17	1.00e+00	2.52e-15	0.00e+00
 2.01673e+17	1.00e+00	2.46e-15	0.00e+00
 2.01857e+17	1.00e+00	2.40e-15	0.00e+00
 2.02096e+17	1.00e+00	2.33e-15	0.00e+00
 2.02407e+17	1.00e+00	2.24e-15	0.00e+00
 2.02811e+17	1.00e+00	2.12e-15	0.00e+00
 2.03337e+17	1.00e+00	1.98e-15	0.00e+00
 2.04003e+17	1.00e+00	1.81e-15	0.00e+00
 2.04731e+17	1.00e+00	1.64e-15	0.00e+00
 2.05384e+17	1.00e+00	1.50e-15	0.00e+00
 2.05930e+17	1.00e+00	1.39e-15	0.00e+00
 2.06432e+17	1.00e+00	1.30e-15	0.00e+00
 2.06961e+17	1.00e+00	1.22e-15	0.00e+00
 2.07537e+17	1.00e+00	1.14e-15	0.00e+00
 2.08130e+17	1.00e+00	1.06e-15	0.00e+00
 2.08706e+17	1.00e+00	9.86e-16	0.00e+00
 2.09263e+17	1.00e+00	9.23e-16	0.00e+00
 2.09828e+17	1.00e+00	8.66e-16	0.00e+00
 2.10426e+17	1.00e+00	8.11e-16	0.00e+00
 2.11063e+17	1.00e+00	7.56e-16	0.00e+00
 2.11733e+17	1.00e+00	7.04e-16	0.00e+00
 2.12435e+17	1.00e+00	6.54e-16	0.00e+00
 2.13188e+17	1.00e+00	6.06e-16	0.00e+00
 2.14030e+17	1.00e+00	5.57e-16	0.00e+00
 2.15014e+17	1.00e+00	5.07e-16	0.00e+00
 2.16214e+17	1.00e+00	4.54e-16	0.00e+00
 2.17745e+17	1.00e+00	3.95e-16	0.00e+00
 2.19736e+17	1.00e+00	3.31e-16	0.00e+00
 2.22325e+17	1.00e+00	2.66e-16	0.00e+00
 2.25690e+17	1.00e+00	2.02e-16	0.00e+00
 2.30064e+17	1.00e+00	1.44e-16	0.00e+00
 2.35750e+17	1.00e+00	9.35e-17	0.00e+00
 2.43143e+17	1.00e+00	5.46e-17	0.00e+00
 2.52268e+17	1.00e+00	2.87e-17	0.00e+00
 2.62359e+17	1.00e+00	1.44e-17	0.00e+00
 2.71955e+17	1.00e+00	7.41e-18	0.00e+00
 2.80095e+17	1.00e+00	4.32e-18	0.00e+00
 2.87126e+17	1.00e+00	2.71e-18	0.00e+00
 2.94814e+17	1.00e+00	1.56e-18	0.00e+00
 3.03393e+17	1.00e+00	8.84e-19	0.00e+00
 3.10951e+17	1.00e+00	5.39e-19	0.00e+00
 3.17038e+17	1.00e+00	3.61e-19	0.00e+00
 3.23389e+17	1.00e+00	2.35e-19	0.00e+00
 3.30333e+17	1.00e+00	1.47e-19	0.00e+00
 3.36556e+17	1.00e+00	9.55e-20	0.00e+00
 3.43157e+17	1.00e+00	5.97e-20	0.00e+00
 3.49126e+17	1.00e+00	3.87e-20	0.00e+00
 3.52707e+17	1.00e+00	2.94e-20	0.00e+00
 3.54856e+17	1.00e+00	2.48e-20	0.00e+00
 3.56146e+17	1.00e+00	2.23e-20	0.00e+00
 3.56919e+17	1.00e+00	2.10e-20	0.00e+00
 3.57383e+17	1.00e+00	2.02e-20	0.00e+00
 3.57688e+17	1.00e+00	1.97e-20	0.00e+00
 3.57981e+17	1.00e+00	1.92e-20	0.00e+00
 3.58355e+17	1.00e+00	1.86e-20	0.00e+00
 3.58836e+17	1.00e+00	1.79e-20	0.00e+00
 3.59364e+17	1.00e+00	1.70e-20	0.00e+00
 3.59818e+17	1.00e+00	1.64e-20	0.00e+00
 3.60163e+17	1.00e+00	1.59e-20	0.00e+00
 3.60462e+17	1.00e+00	1.55e-20	0.00e+00
 3.60801e+17	1.00e+00	1.51e-20	0.00e+00
 3.61226e+17	1.00e+00	1.45e-20	0.00e+00
 3.61696e+17	1.00e+00	1.39e-20	0.00e+00
 3.62109e+17	1.00e+00	1.33e-20	0.00e+00
 3.62429e+17	1.00e+00	1.30e-20	0.00e+00
 3.62707e+17	1.00e+00	1.26e-20	0.00e+00
 3.63010e+17	1.00e+00	1.23e-20	0.00e+00
