#depth	O	O+	O+2	O+3	O+4	O+5	O+6	O+7	O+8	O[1]	O[2]	O[3]
 1.49634e+10	0.00e+00	0.00e+00	1.06e-30	3.34e-22	1.52e-14	9.01e-08	1.00e+00	0.00e+00	0.00e+00	0.00e+00	0.00e+00	0.00e+00
 4.54887e+10	0.00e+00	4.91e-40	1.48e-30	4.29e-22	1.80e-14	9.82e-08	1.00e+00	9.99e-08	0.00e+00	0.00e+00	0.00e+00	0.00e+00
 7.72350e+10	0.00e+00	0.00e+00	2.06e-30	5.52e-22	2.14e-14	1.07e-07	1.00e+00	0.00e+00	0.00e+00	0.00e+00	0.00e+00	0.00e+00
 1.10251e+11	0.00e+00	1.12e-39	2.87e-30	7.10e-22	2.54e-14	1.17e-07	1.00e+00	0.00e+00	0.00e+00	0.00e+00	0.00e+00	0.00e+00
 1.41594e+11	0.00e+00	0.00e+00	3.89e-30	8.94e-22	2.97e-14	1.27e-07	1.00e+00	0.00e+00	0.00e+00	0.00e+00	0.00e+00	0.00e+00
 1.69934e+11	0.00e+00	2.27e-39	5.07e-30	1.09e-21	3.41e-14	1.36e-07	1.00e+00	0.00e+00	0.00e+00	0.00e+00	0.00e+00	0.00e+00
 2.01743e+11	0.00e+00	0.00e+00	6.77e-30	1.36e-21	3.97e-14	1.47e-07	1.00e+00	0.00e+00	0.00e+00	0.00e+00	0.00e+00	0.00e+00
 2.39080e+11	0.00e+00	4.89e-39	9.39e-30	1.75e-21	4.70e-14	1.60e-07	1.00e+00	0.00e+00	0.00e+00	0.00e+00	0.00e+00	0.00e+00
 2.76487e+11	0.00e+00	0.00e+00	1.29e-29	2.23e-21	5.55e-14	1.74e-07	1.00e+00	0.00e+00	0.00e+00	0.00e+00	0.00e+00	0.00e+00
 3.12097e+11	0.00e+00	1.04e-38	1.72e-29	2.79e-21	6.47e-14	1.88e-07	1.00e+00	0.00e+00	0.00e+00	0.00e+00	0.00e+00	0.00e+00
 3.51213e+11	0.00e+00	0.00e+00	2.35e-29	3.53e-21	7.61e-14	2.04e-07	1.00e+00	0.00e+00	0.00e+00	0.00e+00	0.00e+00	0.00e+00
 3.95189e+11	0.00e+00	2.31e-38	3.28e-29	4.56e-21	9.08e-14	2.24e-07	1.00e+00	0.00e+00	0.00e+00	0.00e+00	0.00e+00	0.00e+00
 4.39020e+11	0.00e+00	0.00e+00	4.53e-29	5.83e-21	1.08e-13	2.44e-07	1.00e+00	0.00e+00	0.00e+00	0.00e+00	0.00e+00	0.00e+00
 4.84604e+11	0.00e+00	5.12e-38	6.25e-29	7.47e-21	1.28e-13	2.67e-07	1.00e+00	0.00e+00	0.00e+00	0.00e+00	0.00e+00	0.00e+00
 5.33915e+11	0.00e+00	0.00e+00	8.74e-29	9.67e-21	1.53e-13	2.93e-07	1.00e+00	0.00e+00	0.00e+00	0.00e+00	0.00e+00	0.00e+00
 5.84118e+11	0.00e+00	1.16e-37	1.21e-28	1.25e-20	1.82e-13	3.20e-07	1.00e+00	0.00e+00	0.00e+00	0.00e+00	0.00e+00	0.00e+00
 6.33332e+11	0.00e+00	0.00e+00	1.65e-28	1.58e-20	2.15e-13	3.49e-07	1.00e+00	0.00e+00	0.00e+00	0.00e+00	0.00e+00	0.00e+00
 6.85595e+11	0.00e+00	2.52e-37	2.27e-28	2.02e-20	2.55e-13	3.82e-07	1.00e+00	0.00e+00	0.00e+00	0.00e+00	0.00e+00	0.00e+00
 7.42946e+11	0.00e+00	0.00e+00	3.18e-28	2.62e-20	3.06e-13	4.20e-07	1.00e+00	0.00e+00	0.00e+00	0.00e+00	0.00e+00	0.00e+00
 8.02590e+11	0.00e+00	5.74e-37	4.43e-28	3.39e-20	3.68e-13	4.61e-07	1.00e+00	0.00e+00	0.00e+00	0.00e+00	0.00e+00	0.00e+00
 8.64621e+11	0.00e+00	0.00e+00	6.19e-28	4.40e-20	4.41e-13	5.08e-07	1.00e+00	0.00e+00	0.00e+00	0.00e+00	0.00e+00	0.00e+00
 9.29132e+11	0.00e+00	1.30e-36	8.63e-28	5.70e-20	5.30e-13	5.59e-07	1.00e+00	0.00e+00	0.00e+00	0.00e+00	0.00e+00	0.00e+00
 9.96224e+11	5.70e-46	1.95e-36	1.20e-27	7.39e-20	6.37e-13	6.16e-07	1.00e+00	0.00e+00	0.00e+00	0.00e+00	0.00e+00	0.00e+00
 1.05695e+12	0.00e+00	0.00e+00	1.60e-27	9.26e-20	7.49e-13	6.71e-07	1.00e+00	0.00e+00	0.00e+00	0.00e+00	0.00e+00	0.00e+00
 1.10762e+12	0.00e+00	3.67e-36	2.02e-27	1.11e-19	8.53e-13	7.19e-07	1.00e+00	0.00e+00	0.00e+00	0.00e+00	0.00e+00	0.00e+00
 1.16315e+12	1.74e-45	4.95e-36	2.59e-27	1.35e-19	9.79e-13	7.74e-07	1.00e+00	0.00e+00	0.00e+00	0.00e+00	0.00e+00	0.00e+00
 1.23340e+12	0.00e+00	0.00e+00	3.49e-27	1.71e-19	1.16e-12	8.47e-07	1.00e+00	0.00e+00	0.00e+00	0.00e+00	0.00e+00	0.00e+00
 1.30664e+12	0.00e+00	1.03e-35	4.71e-27	2.16e-19	1.38e-12	9.28e-07	1.00e+00	0.00e+00	0.00e+00	0.00e+00	0.00e+00	0.00e+00
 1.36889e+12	5.90e-45	1.38e-35	6.03e-27	2.63e-19	1.59e-12	1.00e-06	1.00e+00	0.00e+00	0.00e+00	0.00e+00	0.00e+00	0.00e+00
 1.43297e+12	0.00e+00	0.00e+00	7.69e-27	3.19e-19	1.82e-12	1.08e-06	1.00e+00	0.00e+00	0.00e+00	0.00e+00	0.00e+00	0.00e+00
 1.51353e+12	0.00e+00	2.65e-35	1.03e-26	4.03e-19	2.16e-12	1.18e-06	1.00e+00	0.00e+00	0.00e+00	0.00e+00	0.00e+00	0.00e+00
 1.59534e+12	1.92e-44	3.74e-35	1.38e-26	5.07e-19	2.56e-12	1.29e-06	1.00e+00	0.00e+00	0.00e+00	0.00e+00	0.00e+00	0.00e+00
 1.66563e+12	0.00e+00	4.97e-35	1.74e-26	6.13e-19	2.93e-12	1.40e-06	1.00e+00	0.00e+00	0.00e+00	0.00e+00	0.00e+00	0.00e+00
 1.74114e+12	3.82e-44	6.67e-35	2.23e-26	7.46e-19	3.38e-12	1.51e-06	1.00e+00	0.00e+00	0.00e+00	0.00e+00	0.00e+00	0.00e+00
 1.83446e+12	0.00e+00	9.45e-35	2.98e-26	9.42e-19	4.02e-12	1.66e-06	1.00e+00	0.00e+00	0.00e+00	0.00e+00	0.00e+00	0.00e+00
 1.93009e+12	8.62e-44	1.33e-34	3.97e-26	1.19e-18	4.75e-12	1.82e-06	1.00e+00	0.00e+00	0.00e+00	0.00e+00	0.00e+00	0.00e+00
 2.01635e+12	0.00e+00	1.78e-34	5.08e-26	1.45e-18	5.50e-12	1.97e-06	1.00e+00	0.00e+00	0.00e+00	0.00e+00	0.00e+00	0.00e+00
 2.11129e+12	1.76e-43	2.44e-34	6.61e-26	1.79e-18	6.41e-12	2.14e-06	1.00e+00	0.00e+00	0.00e+00	0.00e+00	0.00e+00	0.00e+00
 2.22322e+12	0.00e+00	3.46e-34	8.88e-26	2.27e-18	7.64e-12	2.36e-06	1.00e+00	0.00e+00	0.00e+00	0.00e+00	0.00e+00	0.00e+00
 2.33523e+12	3.95e-43	4.84e-34	1.18e-25	2.85e-18	9.03e-12	2.59e-06	1.00e+00	0.00e+00	0.00e+00	0.00e+00	0.00e+00	0.00e+00
 2.44168e+12	0.00e+00	6.58e-34	1.52e-25	3.52e-18	1.05e-11	2.82e-06	1.00e+00	0.00e+00	0.00e+00	0.00e+00	0.00e+00	0.00e+00
 2.55923e+12	8.26e-43	9.10e-34	2.01e-25	4.39e-18	1.24e-11	3.08e-06	1.00e+00	0.00e+00	0.00e+00	0.00e+00	0.00e+00	0.00e+00
 2.69152e+12	0.00e+00	1.29e-33	2.69e-25	5.58e-18	1.47e-11	3.40e-06	1.00e+00	0.00e+00	0.00e+00	0.00e+00	0.00e+00	0.00e+00
 2.82383e+12	1.83e-42	1.80e-33	3.57e-25	7.02e-18	1.74e-11	3.73e-06	1.00e+00	0.00e+00	0.00e+00	0.00e+00	0.00e+00	0.00e+00
 2.94096e+12	0.00e+00	2.39e-33	4.54e-25	8.53e-18	2.01e-11	4.04e-06	1.00e+00	0.00e+00	0.00e+00	0.00e+00	0.00e+00	0.00e+00
 3.03919e+12	3.34e-42	3.01e-33	5.52e-25	1.00e-17	2.25e-11	4.31e-06	1.00e+00	0.00e+00	0.00e+00	0.00e+00	0.00e+00	0.00e+00
 3.14488e+12	0.00e+00	3.83e-33	6.77e-25	1.18e-17	2.54e-11	4.60e-06	1.00e+00	0.00e+00	0.00e+00	0.00e+00	0.00e+00	0.00e+00
 3.28228e+12	6.29e-42	5.17e-33	8.75e-25	1.45e-17	2.95e-11	5.01e-06	1.00e+00	0.00e+00	0.00e+00	0.00e+00	0.00e+00	0.00e+00
 3.42609e+12	0.00e+00	7.00e-33	1.13e-24	1.80e-17	3.43e-11	5.45e-06	1.00e+00	0.00e+00	0.00e+00	0.00e+00	0.00e+00	0.00e+00
 3.54885e+12	1.20e-41	9.00e-33	1.40e-24	2.14e-17	3.89e-11	5.85e-06	1.00e+00	0.00e+00	0.00e+00	0.00e+00	0.00e+00	0.00e+00
 3.67907e+12	0.00e+00	1.17e-32	1.75e-24	2.55e-17	4.42e-11	6.28e-06	1.00e+00	0.00e+00	0.00e+00	0.00e+00	0.00e+00	0.00e+00
 3.84269e+12	2.32e-41	1.59e-32	2.28e-24	3.17e-17	5.16e-11	6.86e-06	1.00e+00	0.00e+00	0.00e+00	0.00e+00	0.00e+00	0.00e+00
 4.01113e+12	0.00e+00	2.17e-32	2.96e-24	3.93e-17	6.02e-11	7.48e-06	1.00e+00	0.00e+00	0.00e+00	0.00e+00	0.00e+00	0.00e+00
 4.15972e+12	4.51e-41	2.82e-32	3.71e-24	4.72e-17	6.85e-11	8.04e-06	1.00e+00	0.00e+00	0.00e+00	0.00e+00	0.00e+00	0.00e+00
 4.32112e+12	0.00e+00	3.73e-32	4.70e-24	5.71e-17	7.85e-11	8.68e-06	1.00e+00	0.00e+00	0.00e+00	0.00e+00	0.00e+00	0.00e+00
 4.49918e+12	8.75e-41	5.00e-32	6.05e-24	7.01e-17	9.08e-11	9.43e-06	1.00e+00	0.00e+00	0.00e+00	0.00e+00	0.00e+00	0.00e+00
 4.66320e+12	0.00e+00	6.51e-32	7.57e-24	8.42e-17	1.03e-10	1.01e-05	1.00e+00	0.00e+00	0.00e+00	0.00e+00	0.00e+00	0.00e+00
 4.84071e+12	1.63e-40	8.59e-32	9.59e-24	1.02e-16	1.18e-10	1.09e-05	1.00e+00	0.00e+00	0.00e+00	0.00e+00	0.00e+00	0.00e+00
 5.03871e+12	0.00e+00	1.16e-31	1.24e-23	1.25e-16	1.37e-10	1.19e-05	1.00e+00	0.00e+00	0.00e+00	0.00e+00	0.00e+00	0.00e+00
 5.22426e+12	3.15e-40	1.51e-31	1.56e-23	1.51e-16	1.56e-10	1.28e-05	1.00e+00	0.00e+00	0.00e+00	0.00e+00	0.00e+00	0.00e+00
 5.42639e+12	0.00e+00	2.02e-31	1.98e-23	1.84e-16	1.79e-10	1.38e-05	1.00e+00	0.00e+00	0.00e+00	0.00e+00	0.00e+00	0.00e+00
 5.65094e+12	6.22e-40	2.74e-31	2.58e-23	2.27e-16	2.07e-10	1.50e-05	1.00e+00	0.00e+00	0.00e+00	0.00e+00	0.00e+00	0.00e+00
 5.86054e+12	0.00e+00	3.61e-31	3.26e-23	2.75e-16	2.37e-10	1.62e-05	1.00e+00	0.00e+00	0.00e+00	0.00e+00	0.00e+00	0.00e+00
 6.08892e+12	1.20e-39	4.85e-31	4.19e-23	3.36e-16	2.72e-10	1.75e-05	1.00e+00	0.00e+00	0.00e+00	0.00e+00	0.00e+00	0.00e+00
 6.34431e+12	0.00e+00	6.64e-31	5.48e-23	4.18e-16	3.16e-10	1.90e-05	1.00e+00	0.00e+00	0.00e+00	0.00e+00	0.00e+00	0.00e+00
 6.58524e+12	2.42e-39	8.87e-31	7.01e-23	5.09e-16	3.63e-10	2.05e-05	1.00e+00	0.00e+00	0.00e+00	0.00e+00	0.00e+00	0.00e+00
 6.84883e+12	0.00e+00	1.21e-30	9.10e-23	6.27e-16	4.19e-10	2.22e-05	1.00e+00	0.00e+00	0.00e+00	0.00e+00	0.00e+00	0.00e+00
 7.14402e+12	5.05e-39	1.68e-30	1.20e-22	7.86e-16	4.89e-10	2.43e-05	1.00e+00	0.00e+00	0.00e+00	0.00e+00	0.00e+00	0.00e+00
 7.42389e+12	0.00e+00	2.28e-30	1.56e-22	9.66e-16	5.63e-10	2.63e-05	1.00e+00	0.00e+00	0.00e+00	0.00e+00	0.00e+00	0.00e+00
 7.72364e+12	1.04e-38	3.13e-30	2.04e-22	1.20e-15	6.52e-10	2.85e-05	1.00e+00	0.00e+00	0.00e+00	0.00e+00	0.00e+00	0.00e+00
 8.06251e+12	0.00e+00	4.42e-30	2.73e-22	1.51e-15	7.64e-10	3.11e-05	1.00e+00	0.00e+00	0.00e+00	0.00e+00	0.00e+00	0.00e+00
 8.39837e+12	2.27e-38	6.17e-30	3.61e-22	1.88e-15	8.89e-10	3.38e-05	1.00e+00	0.00e+00	0.00e+00	0.00e+00	0.00e+00	0.00e+00
 8.74766e+12	0.00e+00	8.62e-30	4.79e-22	2.35e-15	1.03e-09	3.67e-05	1.00e+00	0.00e+00	0.00e+00	0.00e+00	0.00e+00	0.00e+00
 9.12750e+12	5.01e-38	1.22e-29	6.42e-22	2.97e-15	1.21e-09	4.01e-05	1.00e+00	0.00e+00	0.00e+00	0.00e+00	0.00e+00	0.00e+00
 9.52252e+12	0.00e+00	1.75e-29	8.67e-22	3.75e-15	1.42e-09	4.36e-05	1.00e+00	0.00e+00	0.00e+00	0.00e+00	0.00e+00	0.00e+00
 9.89768e+12	1.11e-37	2.42e-29	1.14e-21	4.64e-15	1.64e-09	4.72e-05	1.00e+00	0.00e+00	0.00e+00	0.00e+00	0.00e+00	0.00e+00
 1.02354e+13	0.00e+00	3.21e-29	1.44e-21	5.59e-15	1.86e-09	5.06e-05	1.00e+00	0.00e+00	0.00e+00	0.00e+00	0.00e+00	0.00e+00
 1.05499e+13	2.08e-37	4.16e-29	1.78e-21	6.62e-15	2.08e-09	5.38e-05	1.00e+00	0.00e+00	0.00e+00	0.00e+00	0.00e+00	0.00e+00
 1.08962e+13	0.00e+00	5.49e-29	2.25e-21	7.92e-15	2.35e-09	5.74e-05	1.00e+00	0.00e+00	0.00e+00	0.00e+00	0.00e+00	0.00e+00
 1.12866e+13	4.13e-37	7.47e-29	2.90e-21	9.64e-15	2.68e-09	6.16e-05	1.00e+00	0.00e+00	0.00e+00	0.00e+00	0.00e+00	0.00e+00
 1.16611e+13	0.00e+00	9.91e-29	3.66e-21	1.16e-14	3.03e-09	6.58e-05	1.00e+00	0.00e+00	0.00e+00	0.00e+00	0.00e+00	0.00e+00
 1.20745e+13	8.21e-37	1.34e-28	4.72e-21	1.41e-14	3.46e-09	7.06e-05	1.00e+00	0.00e+00	0.00e+00	0.00e+00	0.00e+00	0.00e+00
 1.25343e+13	0.00e+00	1.87e-28	6.19e-21	1.74e-14	3.98e-09	7.61e-05	1.00e+00	0.00e+00	0.00e+00	0.00e+00	0.00e+00	0.00e+00
 1.29565e+13	1.70e-36	2.51e-28	7.88e-21	2.09e-14	4.51e-09	8.13e-05	1.00e+00	0.00e+00	0.00e+00	0.00e+00	0.00e+00	0.00e+00
 1.33476e+13	0.00e+00	3.27e-28	9.80e-21	2.48e-14	5.05e-09	8.63e-05	1.00e+00	0.00e+00	0.00e+00	0.00e+00	0.00e+00	0.00e+00
 1.37960e+13	3.31e-36	4.41e-28	1.25e-20	2.99e-14	5.72e-09	9.21e-05	1.00e+00	0.00e+00	0.00e+00	0.00e+00	0.00e+00	0.00e+00
 1.43454e+13	0.00e+00	6.29e-28	1.67e-20	3.73e-14	6.64e-09	9.95e-05	1.00e+00	0.00e+00	0.00e+00	0.00e+00	0.00e+00	0.00e+00
 1.48946e+13	7.46e-36	8.79e-28	2.21e-20	4.61e-14	7.66e-09	1.07e-04	1.00e+00	0.00e+00	0.00e+00	0.00e+00	0.00e+00	0.00e+00
 1.53718e+13	0.00e+00	1.18e-27	2.80e-20	5.52e-14	8.63e-09	1.14e-04	1.00e+00	0.00e+00	0.00e+00	0.00e+00	0.00e+00	0.00e+00
 1.58870e+13	1.51e-35	1.60e-27	3.58e-20	6.67e-14	9.79e-09	1.22e-04	1.00e+00	0.00e+00	0.00e+00	0.00e+00	0.00e+00	0.00e+00
 1.65168e+13	0.00e+00	2.30e-27	4.80e-20	8.33e-14	1.14e-08	1.31e-04	1.00e+00	0.00e+00	0.00e+00	0.00e+00	0.00e+00	0.00e+00
 1.71598e+13	3.51e-35	3.25e-27	6.39e-20	1.04e-13	1.31e-08	1.42e-04	1.00e+00	0.00e+00	0.00e+00	0.00e+00	0.00e+00	0.00e+00
 1.77404e+13	5.11e-35	4.45e-27	8.24e-20	1.25e-13	1.49e-08	1.51e-04	1.00e+00	0.00e+00	0.00e+00	0.00e+00	0.00e+00	0.00e+00
 1.83753e+13	7.60e-35	6.21e-27	1.08e-19	1.54e-13	1.71e-08	1.62e-04	1.00e+00	0.00e+00	0.00e+00	0.00e+00	0.00e+00	0.00e+00
 1.91238e+13	1.20e-34	9.09e-27	1.46e-19	1.93e-13	1.99e-08	1.75e-04	1.00e+00	0.00e+00	0.00e+00	0.00e+00	0.00e+00	0.00e+00
 1.98721e+13	1.83e-34	1.30e-26	1.96e-19	2.41e-13	2.31e-08	1.89e-04	1.00e+00	0.00e+00	0.00e+00	0.00e+00	0.00e+00	0.00e+00
 2.05752e+13	2.73e-34	1.81e-26	2.56e-19	2.95e-13	2.64e-08	2.02e-04	1.00e+00	0.00e+00	0.00e+00	0.00e+00	0.00e+00	0.00e+00
 2.13530e+13	4.21e-34	2.60e-26	3.41e-19	3.66e-13	3.05e-08	2.17e-04	1.00e+00	0.00e+00	0.00e+00	0.00e+00	0.00e+00	0.00e+00
 2.22370e+13	6.63e-34	3.81e-26	4.65e-19	4.62e-13	3.57e-08	2.35e-04	1.00e+00	0.00e+00	0.00e+00	0.00e+00	0.00e+00	0.00e+00
 2.31200e+13	1.05e-33	5.56e-26	6.30e-19	5.80e-13	4.15e-08	2.53e-04	1.00e+00	0.00e+00	0.00e+00	0.00e+00	0.00e+00	0.00e+00
 2.40383e+13	1.65e-33	8.14e-26	8.52e-19	7.27e-13	4.82e-08	2.73e-04	1.00e+00	0.00e+00	0.00e+00	0.00e+00	0.00e+00	0.00e+00
 2.50298e+13	2.64e-33	1.20e-25	1.17e-18	9.20e-13	5.64e-08	2.95e-04	1.00e+00	0.00e+00	0.00e+00	0.00e+00	0.00e+00	0.00e+00
 2.60609e+13	4.23e-33	1.78e-25	1.60e-18	1.16e-12	6.60e-08	3.19e-04	1.00e+00	0.00e+00	0.00e+00	0.00e+00	0.00e+00	0.00e+00
 2.70565e+13	6.48e-33	2.55e-25	2.14e-18	1.45e-12	7.63e-08	3.43e-04	1.00e+00	0.00e+00	0.00e+00	0.00e+00	0.00e+00	0.00e+00
 2.79881e+13	9.67e-33	3.55e-25	2.79e-18	1.77e-12	8.71e-08	3.66e-04	1.00e+00	0.00e+00	0.00e+00	0.00e+00	0.00e+00	0.00e+00
 2.88676e+13	1.40e-32	4.82e-25	3.55e-18	2.12e-12	9.82e-08	3.89e-04	1.00e+00	0.00e+00	0.00e+00	0.00e+00	0.00e+00	0.00e+00
 2.98284e+13	2.05e-32	6.63e-25	4.59e-18	2.56e-12	1.12e-07	4.14e-04	1.00e+00	0.00e+00	0.00e+00	0.00e+00	0.00e+00	0.00e+00
 3.08957e+13	3.06e-32	9.28e-25	6.03e-18	3.15e-12	1.28e-07	4.44e-04	1.00e+00	0.00e+00	0.00e+00	0.00e+00	0.00e+00	0.00e+00
 3.18930e+13	4.46e-32	1.27e-24	7.74e-18	3.79e-12	1.45e-07	4.71e-04	1.00e+00	0.00e+00	0.00e+00	0.00e+00	0.00e+00	0.00e+00
 3.29812e+13	6.66e-32	1.77e-24	1.01e-17	4.62e-12	1.65e-07	5.03e-04	9.99e-01	0.00e+00	0.00e+00	0.00e+00	0.00e+00	0.00e+00
 3.42831e+13	1.05e-31	2.58e-24	1.37e-17	5.79e-12	1.92e-07	5.42e-04	9.99e-01	0.00e+00	0.00e+00	0.00e+00	0.00e+00	0.00e+00
 3.55674e+13	1.59e-31	3.67e-24	1.82e-17	7.19e-12	2.22e-07	5.83e-04	9.99e-01	0.00e+00	0.00e+00	0.00e+00	0.00e+00	0.00e+00
 3.67247e+13	2.34e-31	5.05e-24	2.35e-17	8.68e-12	2.51e-07	6.20e-04	9.99e-01	0.00e+00	0.00e+00	0.00e+00	0.00e+00	0.00e+00
 3.80124e+13	3.45e-31	7.00e-24	3.07e-17	1.06e-11	2.88e-07	6.63e-04	9.99e-01	0.00e+00	0.00e+00	0.00e+00	0.00e+00	0.00e+00
 3.95300e+13	5.52e-31	1.03e-23	4.18e-17	1.34e-11	3.35e-07	7.15e-04	9.99e-01	0.00e+00	0.00e+00	0.00e+00	0.00e+00	0.00e+00
 4.10727e+13	8.42e-31	1.48e-23	5.62e-17	1.67e-11	3.90e-07	7.72e-04	9.99e-01	0.00e+00	0.00e+00	0.00e+00	0.00e+00	0.00e+00
 4.25604e+13	1.28e-30	2.10e-23	7.45e-17	2.06e-11	4.48e-07	8.27e-04	9.99e-01	0.00e+00	0.00e+00	0.00e+00	0.00e+00	0.00e+00
 4.39758e+13	1.88e-30	2.89e-23	9.63e-17	2.50e-11	5.10e-07	8.82e-04	9.99e-01	0.00e+00	0.00e+00	0.00e+00	0.00e+00	0.00e+00
 4.55412e+13	2.79e-30	4.03e-23	1.27e-16	3.08e-11	5.84e-07	9.45e-04	9.99e-01	0.00e+00	0.00e+00	0.00e+00	0.00e+00	0.00e+00
 4.72668e+13	4.27e-30	5.76e-23	1.69e-16	3.83e-11	6.76e-07	1.02e-03	9.99e-01	0.00e+00	0.00e+00	0.00e+00	0.00e+00	0.00e+00
 4.88566e+13	6.31e-30	7.97e-23	2.20e-16	4.66e-11	7.70e-07	1.09e-03	9.99e-01	0.00e+00	0.00e+00	0.00e+00	0.00e+00	0.00e+00
 5.05794e+13	9.24e-30	1.10e-22	2.88e-16	5.71e-11	8.83e-07	1.16e-03	9.99e-01	0.00e+00	0.00e+00	0.00e+00	0.00e+00	0.00e+00
 5.25043e+13	1.44e-29	1.59e-22	3.86e-16	7.12e-11	1.02e-06	1.25e-03	9.99e-01	0.00e+00	0.00e+00	0.00e+00	0.00e+00	0.00e+00
 5.43184e+13	2.08e-29	2.18e-22	5.03e-16	8.70e-11	1.17e-06	1.34e-03	9.99e-01	0.00e+00	0.00e+00	0.00e+00	0.00e+00	0.00e+00
 5.63000e+13	3.12e-29	3.08e-22	6.67e-16	1.07e-10	1.35e-06	1.44e-03	9.99e-01	0.00e+00	0.00e+00	0.00e+00	0.00e+00	0.00e+00
 5.84993e+13	4.81e-29	4.43e-22	9.00e-16	1.35e-10	1.56e-06	1.55e-03	9.98e-01	0.00e+00	0.00e+00	0.00e+00	0.00e+00	0.00e+00
 6.05565e+13	7.22e-29	6.22e-22	1.18e-15	1.65e-10	1.79e-06	1.66e-03	9.98e-01	0.00e+00	0.00e+00	0.00e+00	0.00e+00	0.00e+00
 6.27786e+13	1.07e-28	8.68e-22	1.56e-15	2.05e-10	2.07e-06	1.79e-03	9.98e-01	0.00e+00	0.00e+00	0.00e+00	0.00e+00	0.00e+00
 6.52565e+13	1.67e-28	1.27e-21	2.12e-15	2.57e-10	2.41e-06	1.93e-03	9.98e-01	0.00e+00	0.00e+00	0.00e+00	0.00e+00	0.00e+00
 6.76331e+13	2.44e-28	1.75e-21	2.80e-15	3.18e-10	2.77e-06	2.08e-03	9.98e-01	0.00e+00	0.00e+00	0.00e+00	0.00e+00	0.00e+00
 7.01678e+13	3.70e-28	2.49e-21	3.74e-15	3.95e-10	3.20e-06	2.24e-03	9.98e-01	0.00e+00	0.00e+00	0.00e+00	0.00e+00	0.00e+00
 7.30045e+13	5.86e-28	3.66e-21	5.10e-15	4.99e-10	3.75e-06	2.42e-03	9.98e-01	0.00e+00	0.00e+00	0.00e+00	0.00e+00	0.00e+00
 7.58209e+13	8.75e-28	5.17e-21	6.86e-15	6.25e-10	4.35e-06	2.61e-03	9.97e-01	0.00e+00	0.00e+00	0.00e+00	0.00e+00	0.00e+00
 7.87499e+13	1.36e-27	7.49e-21	9.25e-15	7.82e-10	5.05e-06	2.82e-03	9.97e-01	0.00e+00	0.00e+00	0.00e+00	0.00e+00	0.00e+00
 8.17457e+13	2.01e-27	1.05e-20	1.24e-14	9.75e-10	5.85e-06	3.04e-03	9.97e-01	0.00e+00	0.00e+00	0.00e+00	0.00e+00	0.00e+00
 8.45403e+13	2.93e-27	1.44e-20	1.61e-14	1.19e-09	6.69e-06	3.25e-03	9.97e-01	0.00e+00	0.00e+00	0.00e+00	0.00e+00	0.00e+00
 8.76308e+13	4.44e-27	2.04e-20	2.14e-14	1.47e-09	7.70e-06	3.49e-03	9.97e-01	0.00e+00	0.00e+00	0.00e+00	0.00e+00	0.00e+00
 9.10124e+13	6.59e-27	2.88e-20	2.87e-14	1.84e-09	8.95e-06	3.77e-03	9.96e-01	0.00e+00	0.00e+00	0.00e+00	0.00e+00	0.00e+00
 9.41544e+13	9.80e-27	4.01e-20	3.75e-14	2.25e-09	1.02e-05	4.03e-03	9.96e-01	0.00e+00	0.00e+00	0.00e+00	0.00e+00	0.00e+00
 9.69290e+13	1.32e-26	5.19e-20	4.71e-14	2.68e-09	1.15e-05	4.28e-03	9.96e-01	0.00e+00	0.00e+00	0.00e+00	0.00e+00	0.00e+00
 9.98758e+13	1.84e-26	6.90e-20	5.96e-14	3.20e-09	1.29e-05	4.54e-03	9.95e-01	0.00e+00	0.00e+00	0.00e+00	0.00e+00	0.00e+00
 1.03587e+14	2.80e-26	9.81e-20	7.94e-14	3.97e-09	1.49e-05	4.88e-03	9.95e-01	0.00e+00	0.00e+00	0.00e+00	0.00e+00	0.00e+00
 1.07335e+14	4.03e-26	1.35e-19	1.05e-13	4.90e-09	1.72e-05	5.25e-03	9.95e-01	0.00e+00	0.00e+00	0.00e+00	0.00e+00	0.00e+00
 1.10518e+14	5.67e-26	1.79e-19	1.32e-13	5.83e-09	1.93e-05	5.56e-03	9.94e-01	0.00e+00	0.00e+00	0.00e+00	0.00e+00	0.00e+00
 1.13925e+14	7.70e-26	2.35e-19	1.67e-13	6.97e-09	2.17e-05	5.91e-03	9.94e-01	0.00e+00	0.00e+00	0.00e+00	0.00e+00	0.00e+00
 1.18182e+14	1.18e-25	3.36e-19	2.24e-13	8.67e-09	2.51e-05	6.36e-03	9.94e-01	0.00e+00	0.00e+00	0.00e+00	0.00e+00	0.00e+00
 1.22564e+14	1.71e-25	4.65e-19	2.97e-13	1.08e-08	2.90e-05	6.85e-03	9.93e-01	0.00e+00	0.00e+00	0.00e+00	0.00e+00	0.00e+00
 1.26430e+14	2.39e-25	6.20e-19	3.80e-13	1.29e-08	3.28e-05	7.28e-03	9.93e-01	0.00e+00	0.00e+00	0.00e+00	0.00e+00	0.00e+00
 1.30608e+14	3.48e-25	8.49e-19	4.91e-13	1.57e-08	3.73e-05	7.77e-03	9.92e-01	0.00e+00	0.00e+00	0.00e+00	0.00e+00	0.00e+00
 1.35643e+14	5.11e-25	1.19e-18	6.60e-13	1.96e-08	4.33e-05	8.39e-03	9.92e-01	0.00e+00	0.00e+00	0.00e+00	0.00e+00	0.00e+00
 1.40641e+14	7.53e-25	1.66e-18	8.76e-13	2.43e-08	4.99e-05	9.02e-03	9.91e-01	0.00e+00	0.00e+00	0.00e+00	0.00e+00	0.00e+00
 1.45100e+14	1.08e-24	2.24e-18	1.12e-12	2.93e-08	5.65e-05	9.60e-03	9.90e-01	0.00e+00	0.00e+00	0.00e+00	0.00e+00	0.00e+00
 1.50011e+14	1.49e-24	3.00e-18	1.45e-12	3.57e-08	6.44e-05	1.03e-02	9.90e-01	0.00e+00	0.00e+00	0.00e+00	0.00e+00	0.00e+00
 1.55857e+14	2.31e-24	4.33e-18	1.96e-12	4.48e-08	7.49e-05	1.11e-02	9.89e-01	0.00e+00	0.00e+00	0.00e+00	0.00e+00	0.00e+00
 1.61661e+14	3.32e-24	5.97e-18	2.60e-12	5.56e-08	8.65e-05	1.20e-02	9.88e-01	0.00e+00	0.00e+00	0.00e+00	0.00e+00	0.00e+00
 1.66961e+14	4.68e-24	8.02e-18	3.35e-12	6.73e-08	9.82e-05	1.28e-02	9.87e-01	0.00e+00	0.00e+00	0.00e+00	0.00e+00	0.00e+00
 1.72863e+14	6.67e-24	1.09e-17	4.39e-12	8.27e-08	1.13e-04	1.37e-02	9.86e-01	0.00e+00	0.00e+00	0.00e+00	0.00e+00	0.00e+00
 1.79737e+14	1.02e-23	1.58e-17	5.96e-12	1.04e-07	1.31e-04	1.48e-02	9.85e-01	0.00e+00	0.00e+00	0.00e+00	0.00e+00	0.00e+00
 1.86510e+14	1.46e-23	2.17e-17	7.93e-12	1.30e-07	1.52e-04	1.60e-02	9.84e-01	0.00e+00	0.00e+00	0.00e+00	0.00e+00	0.00e+00
 1.92898e+14	2.09e-23	2.96e-17	1.03e-11	1.58e-07	1.74e-04	1.71e-02	9.83e-01	0.00e+00	0.00e+00	0.00e+00	0.00e+00	0.00e+00
 1.99989e+14	2.99e-23	4.06e-17	1.36e-11	1.96e-07	2.00e-04	1.84e-02	9.81e-01	0.00e+00	0.00e+00	0.00e+00	0.00e+00	0.00e+00
 2.08019e+14	4.55e-23	5.83e-17	1.85e-11	2.47e-07	2.33e-04	2.00e-02	9.80e-01	0.00e+00	0.00e+00	0.00e+00	0.00e+00	0.00e+00
 2.16045e+14	6.51e-23	8.06e-17	2.47e-11	3.09e-07	2.71e-04	2.16e-02	9.78e-01	0.00e+00	0.00e+00	0.00e+00	0.00e+00	0.00e+00
 2.23797e+14	9.46e-23	1.11e-16	3.25e-11	3.81e-07	3.11e-04	2.32e-02	9.76e-01	0.00e+00	0.00e+00	0.00e+00	0.00e+00	0.00e+00
 2.30531e+14	1.24e-22	1.43e-16	4.08e-11	4.54e-07	3.49e-04	2.48e-02	9.75e-01	0.00e+00	0.00e+00	0.00e+00	0.00e+00	0.00e+00
 2.36142e+14	1.58e-22	1.77e-16	4.91e-11	5.23e-07	3.84e-04	2.60e-02	9.74e-01	0.00e+00	0.00e+00	0.00e+00	0.00e+00	0.00e+00
 2.42338e+14	2.06e-22	2.23e-16	5.99e-11	6.09e-07	4.24e-04	2.74e-02	9.72e-01	0.00e+00	0.00e+00	0.00e+00	0.00e+00	0.00e+00
 2.50393e+14	2.81e-22	2.95e-16	7.69e-11	7.39e-07	4.82e-04	2.94e-02	9.70e-01	0.00e+00	0.00e+00	0.00e+00	0.00e+00	0.00e+00
 2.58899e+14	3.88e-22	3.95e-16	9.93e-11	9.00e-07	5.49e-04	3.15e-02	9.68e-01	0.00e+00	0.00e+00	0.00e+00	0.00e+00	0.00e+00
 2.66271e+14	5.16e-22	5.07e-16	1.23e-10	1.06e-06	6.13e-04	3.34e-02	9.66e-01	0.00e+00	0.00e+00	0.00e+00	0.00e+00	0.00e+00
 2.74135e+14	6.75e-22	6.49e-16	1.54e-10	1.26e-06	6.86e-04	3.55e-02	9.64e-01	0.00e+00	0.00e+00	0.00e+00	0.00e+00	0.00e+00
 2.84167e+14	9.53e-22	8.87e-16	2.02e-10	1.56e-06	7.88e-04	3.84e-02	9.61e-01	0.00e+00	0.00e+00	0.00e+00	0.00e+00	0.00e+00
 2.94461e+14	1.35e-21	1.21e-15	2.66e-10	1.92e-06	9.05e-04	4.13e-02	9.58e-01	0.00e+00	0.00e+00	0.00e+00	0.00e+00	0.00e+00
 3.03311e+14	1.80e-21	1.57e-15	3.33e-10	2.28e-06	1.01e-03	4.39e-02	9.55e-01	0.00e+00	0.00e+00	0.00e+00	0.00e+00	0.00e+00
 3.12837e+14	2.41e-21	2.05e-15	4.21e-10	2.74e-06	1.14e-03	4.69e-02	9.52e-01	0.00e+00	0.00e+00	0.00e+00	0.00e+00	0.00e+00
 3.24600e+14	3.40e-21	2.81e-15	5.58e-10	3.40e-06	1.32e-03	5.07e-02	9.48e-01	0.00e+00	0.00e+00	0.00e+00	0.00e+00	0.00e+00
 3.36521e+14	4.81e-21	3.86e-15	7.35e-10	4.21e-06	1.51e-03	5.47e-02	9.44e-01	0.00e+00	0.00e+00	0.00e+00	0.00e+00	0.00e+00
 3.47036e+14	6.46e-21	5.05e-15	9.30e-10	5.04e-06	1.70e-03	5.83e-02	9.40e-01	0.00e+00	0.00e+00	0.00e+00	0.00e+00	0.00e+00
 3.58474e+14	8.77e-21	6.69e-15	1.19e-09	6.10e-06	1.93e-03	6.25e-02	9.36e-01	0.00e+00	0.00e+00	0.00e+00	0.00e+00	0.00e+00
 3.72253e+14	1.27e-20	9.35e-15	1.59e-09	7.61e-06	2.23e-03	6.76e-02	9.30e-01	0.00e+00	0.00e+00	0.00e+00	0.00e+00	0.00e+00
 3.85920e+14	1.78e-20	1.28e-14	2.09e-09	9.39e-06	2.55e-03	7.29e-02	9.25e-01	0.00e+00	0.00e+00	0.00e+00	0.00e+00	0.00e+00
 3.98113e+14	2.42e-20	1.69e-14	2.66e-09	1.13e-05	2.87e-03	7.77e-02	9.19e-01	0.00e+00	0.00e+00	0.00e+00	0.00e+00	0.00e+00
 4.11545e+14	3.33e-20	2.27e-14	3.43e-09	1.37e-05	3.26e-03	8.32e-02	9.14e-01	0.00e+00	0.00e+00	0.00e+00	0.00e+00	0.00e+00
 4.27535e+14	4.83e-20	3.19e-14	4.59e-09	1.71e-05	3.76e-03	8.99e-02	9.06e-01	0.00e+00	0.00e+00	0.00e+00	0.00e+00	0.00e+00
 4.43429e+14	6.90e-20	4.42e-14	6.08e-09	2.11e-05	4.31e-03	9.68e-02	8.99e-01	0.00e+00	0.00e+00	0.00e+00	0.00e+00	0.00e+00
 4.58032e+14	9.43e-20	5.89e-14	7.79e-09	2.55e-05	4.87e-03	1.03e-01	8.92e-01	0.00e+00	0.00e+00	0.00e+00	0.00e+00	0.00e+00
 4.74379e+14	1.32e-19	8.02e-14	1.02e-08	3.12e-05	5.55e-03	1.11e-01	8.84e-01	0.00e+00	0.00e+00	0.00e+00	0.00e+00	0.00e+00
 4.93305e+14	1.98e-19	1.16e-13	1.38e-08	3.92e-05	6.41e-03	1.20e-01	8.74e-01	0.00e+00	0.00e+00	0.00e+00	0.00e+00	0.00e+00
 5.11849e+14	2.86e-19	1.62e-13	1.83e-08	4.85e-05	7.35e-03	1.29e-01	8.64e-01	0.00e+00	0.00e+00	0.00e+00	0.00e+00	0.00e+00
 5.29542e+14	3.95e-19	2.18e-13	2.38e-08	5.90e-05	8.32e-03	1.37e-01	8.54e-01	0.00e+00	0.00e+00	0.00e+00	0.00e+00	0.00e+00
 5.45134e+14	5.42e-19	2.89e-13	2.98e-08	6.97e-05	9.25e-03	1.45e-01	8.45e-01	0.00e+00	0.00e+00	0.00e+00	0.00e+00	0.00e+00
 5.58041e+14	6.88e-19	3.58e-13	3.56e-08	7.97e-05	1.01e-02	1.52e-01	8.38e-01	0.00e+00	0.00e+00	0.00e+00	0.00e+00	0.00e+00
 5.72187e+14	8.87e-19	4.51e-13	4.32e-08	9.19e-05	1.10e-02	1.59e-01	8.30e-01	0.00e+00	0.00e+00	0.00e+00	0.00e+00	0.00e+00
 5.90577e+14	1.22e-18	6.04e-13	5.51e-08	1.10e-04	1.24e-02	1.69e-01	8.19e-01	0.00e+00	0.00e+00	0.00e+00	0.00e+00	0.00e+00
 6.09922e+14	1.68e-18	8.05e-13	7.05e-08	1.32e-04	1.39e-02	1.79e-01	8.07e-01	0.00e+00	0.00e+00	0.00e+00	0.00e+00	0.00e+00
 6.26639e+14	2.23e-18	1.04e-12	8.68e-08	1.54e-04	1.53e-02	1.87e-01	7.97e-01	0.00e+00	0.00e+00	0.00e+00	0.00e+00	0.00e+00
 6.44502e+14	3.05e-18	1.36e-12	1.08e-07	1.81e-04	1.69e-02	1.97e-01	7.86e-01	0.00e+00	0.00e+00	0.00e+00	0.00e+00	0.00e+00
 6.67706e+14	4.43e-18	1.90e-12	1.41e-07	2.20e-04	1.91e-02	2.09e-01	7.71e-01	0.00e+00	0.00e+00	0.00e+00	0.00e+00	0.00e+00
 6.91538e+14	6.20e-18	2.59e-12	1.84e-07	2.68e-04	2.16e-02	2.22e-01	7.56e-01	0.00e+00	0.00e+00	0.00e+00	0.00e+00	0.00e+00
 7.11436e+14	8.64e-18	3.44e-12	2.29e-07	3.14e-04	2.38e-02	2.33e-01	7.43e-01	0.00e+00	0.00e+00	0.00e+00	0.00e+00	0.00e+00
 7.32536e+14	1.15e-17	4.46e-12	2.86e-07	3.69e-04	2.63e-02	2.44e-01	7.30e-01	0.00e+00	0.00e+00	0.00e+00	0.00e+00	0.00e+00
 7.59366e+14	1.74e-17	6.36e-12	3.75e-07	4.50e-04	2.97e-02	2.58e-01	7.12e-01	0.00e+00	0.00e+00	0.00e+00	0.00e+00	0.00e+00
 7.87503e+14	2.51e-17	8.74e-12	4.93e-07	5.48e-04	3.36e-02	2.72e-01	6.93e-01	0.00e+00	0.00e+00	1.44e-17	7.61e-18	2.69e-18
 8.12631e+14	3.61e-17	1.19e-11	6.24e-07	6.51e-04	3.73e-02	2.86e-01	6.77e-01	0.00e+00	0.00e+00	2.07e-17	1.10e-17	3.85e-18
 8.39989e+14	5.00e-17	1.60e-11	7.99e-07	7.77e-04	4.15e-02	2.99e-01	6.59e-01	0.00e+00	0.00e+00	2.87e-17	1.52e-17	5.31e-18
 8.72576e+14	7.81e-17	2.33e-11	1.06e-06	9.52e-04	4.69e-02	3.15e-01	6.37e-01	0.00e+00	0.00e+00	4.48e-17	2.38e-17	8.23e-18
 9.04765e+14	1.15e-16	3.24e-11	1.38e-06	1.15e-03	5.26e-02	3.30e-01	6.16e-01	0.00e+00	0.00e+00	6.58e-17	3.48e-17	1.20e-17
 9.33975e+14	1.62e-16	4.36e-11	1.75e-06	1.36e-03	5.81e-02	3.44e-01	5.97e-01	0.00e+00	0.00e+00	9.29e-17	4.91e-17	1.69e-17
 9.66509e+14	2.27e-16	5.88e-11	2.24e-06	1.62e-03	6.45e-02	3.58e-01	5.76e-01	0.00e+00	0.00e+00	1.31e-16	6.89e-17	2.36e-17
 1.00461e+15	3.55e-16	8.54e-11	2.97e-06	1.98e-03	7.25e-02	3.74e-01	5.52e-01	0.00e+00	0.00e+00	2.05e-16	1.08e-16	3.67e-17
 1.04220e+15	5.29e-16	1.19e-10	3.86e-06	2.38e-03	8.08e-02	3.88e-01	5.28e-01	0.00e+00	0.00e+00	3.05e-16	1.61e-16	5.45e-17
 1.07758e+15	7.60e-16	1.62e-10	4.90e-06	2.82e-03	8.90e-02	4.01e-01	5.07e-01	0.00e+00	0.00e+00	4.38e-16	2.31e-16	7.80e-17
 1.11699e+15	1.08e-15	2.20e-10	6.31e-06	3.36e-03	9.84e-02	4.15e-01	4.84e-01	0.00e+00	0.00e+00	6.25e-16	3.29e-16	1.11e-16
 1.16170e+15	1.73e-15	3.22e-10	8.31e-06	4.07e-03	1.10e-01	4.29e-01	4.58e-01	0.00e+00	0.00e+00	1.00e-15	5.26e-16	1.76e-16
 1.19913e+15	2.44e-15	4.27e-10	1.03e-05	4.74e-03	1.19e-01	4.39e-01	4.37e-01	0.00e+00	0.00e+00	1.41e-15	7.41e-16	2.48e-16
 1.22591e+15	3.10e-15	5.20e-10	1.20e-05	5.26e-03	1.27e-01	4.46e-01	4.22e-01	0.00e+00	0.00e+00	1.79e-15	9.39e-16	3.14e-16
 1.25387e+15	3.95e-15	6.35e-10	1.40e-05	5.85e-03	1.34e-01	4.52e-01	4.08e-01	0.00e+00	0.00e+00	2.28e-15	1.20e-15	4.00e-16
 1.29021e+15	5.17e-15	8.00e-10	1.70e-05	6.67e-03	1.44e-01	4.60e-01	3.89e-01	0.00e+00	0.00e+00	2.99e-15	1.57e-15	5.22e-16
 1.33086e+15	7.50e-15	1.07e-09	2.10e-05	7.70e-03	1.56e-01	4.68e-01	3.69e-01	0.00e+00	0.00e+00	4.34e-15	2.27e-15	7.55e-16
 1.36889e+15	1.01e-14	1.37e-09	2.53e-05	8.73e-03	1.67e-01	4.73e-01	3.51e-01	0.00e+00	0.00e+00	5.87e-15	3.07e-15	1.02e-15
 1.41013e+15	1.34e-14	1.73e-09	3.07e-05	9.96e-03	1.79e-01	4.79e-01	3.33e-01	0.00e+00	0.00e+00	7.75e-15	4.06e-15	1.34e-15
 1.45654e+15	1.97e-14	2.34e-09	3.80e-05	1.15e-02	1.93e-01	4.84e-01	3.12e-01	0.00e+00	0.00e+00	1.14e-14	5.97e-15	1.97e-15
 1.50044e+15	2.67e-14	3.00e-09	4.60e-05	1.30e-02	2.06e-01	4.87e-01	2.94e-01	0.00e+00	0.00e+00	1.55e-14	8.10e-15	2.67e-15
 1.54829e+15	3.61e-14	3.84e-09	5.61e-05	1.49e-02	2.20e-01	4.89e-01	2.76e-01	0.00e+00	0.00e+00	2.09e-14	1.09e-14	3.60e-15
 1.60202e+15	5.40e-14	5.24e-09	6.98e-05	1.72e-02	2.36e-01	4.91e-01	2.56e-01	0.00e+00	0.00e+00	3.13e-14	1.64e-14	5.39e-15
 1.65290e+15	7.42e-14	6.75e-09	8.47e-05	1.95e-02	2.51e-01	4.90e-01	2.39e-01	0.00e+00	0.00e+00	4.30e-14	2.25e-14	7.39e-15
 1.70854e+15	1.02e-13	8.71e-09	1.04e-04	2.23e-02	2.68e-01	4.89e-01	2.21e-01	0.00e+00	0.00e+00	5.89e-14	3.08e-14	1.01e-14
 1.77093e+15	1.55e-13	1.20e-08	1.29e-04	2.57e-02	2.86e-01	4.86e-01	2.03e-01	0.00e+00	0.00e+00	8.99e-14	4.70e-14	1.54e-14
 1.82923e+15	2.14e-13	1.55e-08	1.57e-04	2.91e-02	3.03e-01	4.81e-01	1.87e-01	0.00e+00	0.00e+00	1.24e-13	6.51e-14	2.13e-14
 1.89213e+15	2.94e-13	1.99e-08	1.92e-04	3.30e-02	3.20e-01	4.76e-01	1.71e-01	0.00e+00	0.00e+00	1.71e-13	8.93e-14	2.91e-14
 1.96249e+15	4.51e-13	2.74e-08	2.38e-04	3.79e-02	3.39e-01	4.68e-01	1.55e-01	0.00e+00	0.00e+00	2.62e-13	1.37e-13	4.46e-14
 2.02809e+15	6.24e-13	3.52e-08	2.88e-04	4.26e-02	3.57e-01	4.59e-01	1.41e-01	0.00e+00	0.00e+00	3.62e-13	1.89e-13	6.17e-14
 2.09889e+15	8.56e-13	4.53e-08	3.50e-04	4.81e-02	3.74e-01	4.49e-01	1.28e-01	0.00e+00	0.00e+00	4.97e-13	2.60e-13	8.45e-14
 2.17840e+15	1.32e-12	6.21e-08	4.32e-04	5.47e-02	3.94e-01	4.37e-01	1.14e-01	0.00e+00	0.00e+00	7.65e-13	4.00e-13	1.30e-13
 2.25322e+15	1.83e-12	7.98e-08	5.21e-04	6.13e-02	4.11e-01	4.25e-01	1.03e-01	0.00e+00	0.00e+00	1.06e-12	5.56e-13	1.81e-13
 2.32191e+15	2.41e-12	9.88e-08	6.14e-04	6.76e-02	4.25e-01	4.13e-01	9.32e-02	0.00e+00	0.00e+00	1.40e-12	7.31e-13	2.37e-13
 2.39864e+15	3.33e-12	1.26e-07	7.33e-04	7.50e-02	4.40e-01	4.00e-01	8.36e-02	0.00e+00	0.00e+00	1.93e-12	1.01e-12	3.28e-13
 2.48482e+15	5.02e-12	1.69e-07	8.88e-04	8.40e-02	4.57e-01	3.85e-01	7.39e-02	0.00e+00	0.00e+00	2.91e-12	1.52e-12	4.94e-13
 2.56567e+15	6.80e-12	2.13e-07	1.05e-03	9.26e-02	4.70e-01	3.70e-01	6.60e-02	0.00e+00	0.00e+00	3.95e-12	2.07e-12	6.70e-13
 2.63515e+15	8.65e-12	2.56e-07	1.21e-03	1.00e-01	4.81e-01	3.58e-01	5.99e-02	0.00e+00	0.00e+00	5.03e-12	2.63e-12	8.52e-13
 2.70748e+15	1.13e-11	3.12e-07	1.39e-03	1.09e-01	4.91e-01	3.45e-01	5.41e-02	0.00e+00	0.00e+00	6.57e-12	3.44e-12	1.11e-12
 2.78844e+15	1.59e-11	3.96e-07	1.62e-03	1.18e-01	5.02e-01	3.30e-01	4.82e-02	0.00e+00	0.00e+00	9.24e-12	4.83e-12	1.57e-12
 2.86182e+15	2.03e-11	4.75e-07	1.85e-03	1.27e-01	5.10e-01	3.17e-01	4.36e-02	0.00e+00	0.00e+00	1.18e-11	6.17e-12	2.00e-12
 2.93843e+15	2.56e-11	5.67e-07	2.12e-03	1.37e-01	5.18e-01	3.04e-01	3.92e-02	0.00e+00	0.00e+00	1.49e-11	7.78e-12	2.52e-12
 3.03802e+15	3.73e-11	7.39e-07	2.51e-03	1.50e-01	5.27e-01	2.87e-01	3.40e-02	0.00e+00	0.00e+00	2.17e-11	1.13e-11	3.67e-12
 3.13665e+15	4.84e-11	9.02e-07	2.93e-03	1.63e-01	5.34e-01	2.71e-01	2.98e-02	0.00e+00	0.00e+00	2.81e-11	1.47e-11	4.76e-12
 3.21794e+15	6.58e-11	1.12e-06	3.34e-03	1.74e-01	5.38e-01	2.58e-01	2.65e-02	0.00e+00	0.00e+00	3.83e-11	2.00e-11	6.49e-12
 3.30752e+15	8.64e-11	1.36e-06	3.82e-03	1.86e-01	5.42e-01	2.44e-01	2.35e-02	0.00e+00	0.00e+00	5.02e-11	2.63e-11	8.51e-12
 3.42398e+15	1.14e-10	1.68e-06	4.50e-03	2.02e-01	5.46e-01	2.27e-01	2.01e-02	0.00e+00	0.00e+00	6.65e-11	3.48e-11	1.13e-11
 3.54300e+15	1.71e-10	2.21e-06	5.33e-03	2.20e-01	5.47e-01	2.10e-01	1.70e-02	0.00e+00	0.00e+00	9.92e-11	5.19e-11	1.68e-11
 3.63875e+15	2.21e-10	2.66e-06	6.05e-03	2.34e-01	5.47e-01	1.98e-01	1.49e-02	0.00e+00	0.00e+00	1.28e-10	6.72e-11	2.18e-11
 3.73661e+15	2.83e-10	3.19e-06	6.86e-03	2.48e-01	5.46e-01	1.86e-01	1.31e-02	0.00e+00	0.00e+00	1.65e-10	8.61e-11	2.79e-11
 3.86383e+15	3.77e-10	3.95e-06	8.03e-03	2.67e-01	5.44e-01	1.71e-01	1.10e-02	0.00e+00	0.00e+00	2.19e-10	1.15e-10	3.71e-11
 3.99687e+15	5.61e-10	5.19e-06	9.46e-03	2.87e-01	5.39e-01	1.56e-01	9.17e-03	0.00e+00	0.00e+00	3.26e-10	1.71e-10	5.54e-11
 4.10455e+15	7.15e-10	6.19e-06	1.07e-02	3.03e-01	5.34e-01	1.45e-01	7.95e-03	0.00e+00	0.00e+00	4.16e-10	2.18e-10	7.06e-11
 4.21159e+15	8.94e-10	7.31e-06	1.21e-02	3.19e-01	5.28e-01	1.34e-01	6.90e-03	0.00e+00	0.00e+00	5.20e-10	2.72e-10	8.83e-11
 4.35075e+15	1.32e-09	9.54e-06	1.42e-02	3.40e-01	5.19e-01	1.22e-01	5.67e-03	0.00e+00	0.00e+00	7.69e-10	4.03e-10	1.31e-10
 4.49002e+15	1.79e-09	1.19e-05	1.64e-02	3.60e-01	5.08e-01	1.10e-01	4.72e-03	0.00e+00	0.00e+00	1.04e-09	5.47e-10	1.77e-10
 4.59914e+15	2.28e-09	1.41e-05	1.84e-02	3.76e-01	4.99e-01	1.02e-01	4.07e-03	0.00e+00	0.00e+00	1.33e-09	6.97e-10	2.26e-10
 4.71067e+15	2.94e-09	1.69e-05	2.06e-02	3.93e-01	4.89e-01	9.36e-02	3.50e-03	0.00e+00	0.00e+00	1.71e-09	8.97e-10	2.91e-10
 4.82654e+15	3.71e-09	2.00e-05	2.31e-02	4.09e-01	4.79e-01	8.59e-02	3.00e-03	0.00e+00	0.00e+00	2.16e-09	1.13e-09	3.67e-10
 4.92558e+15	4.45e-09	2.29e-05	2.54e-02	4.23e-01	4.69e-01	7.98e-02	2.63e-03	0.00e+00	0.00e+00	2.59e-09	1.36e-09	4.41e-10
 5.03187e+15	5.90e-09	2.77e-05	2.84e-02	4.39e-01	4.57e-01	7.33e-02	2.26e-03	0.00e+00	0.00e+00	3.43e-09	1.80e-09	5.85e-10
 5.14024e+15	7.24e-09	3.22e-05	3.14e-02	4.53e-01	4.46e-01	6.74e-02	1.96e-03	0.00e+00	0.00e+00	4.21e-09	2.21e-09	7.18e-10
 5.23612e+15	8.60e-09	3.66e-05	3.44e-02	4.66e-01	4.35e-01	6.26e-02	1.72e-03	0.00e+00	0.00e+00	5.00e-09	2.62e-09	8.53e-10
 5.34553e+15	1.15e-08	4.44e-05	3.84e-02	4.81e-01	4.22e-01	5.70e-02	1.46e-03	0.00e+00	0.00e+00	6.67e-09	3.50e-09	1.14e-09
 5.45631e+15	1.41e-08	5.17e-05	4.25e-02	4.95e-01	4.09e-01	5.22e-02	1.26e-03	0.00e+00	0.00e+00	8.18e-09	4.29e-09	1.40e-09
 5.55355e+15	1.67e-08	5.88e-05	4.65e-02	5.07e-01	3.97e-01	4.82e-02	1.10e-03	0.00e+00	0.00e+00	9.72e-09	5.10e-09	1.66e-09
 5.66463e+15	2.24e-08	7.18e-05	5.19e-02	5.21e-01	3.83e-01	4.36e-02	9.30e-04	0.00e+00	0.00e+00	1.31e-08	6.85e-09	2.23e-09
 5.78939e+15	2.71e-08	8.33e-05	5.81e-02	5.35e-01	3.67e-01	3.92e-02	7.84e-04	0.00e+00	0.00e+00	1.58e-08	8.29e-09	2.70e-09
 5.91253e+15	3.80e-08	1.05e-04	6.56e-02	5.48e-01	3.51e-01	3.49e-02	6.46e-04	0.00e+00	0.00e+00	2.21e-08	1.16e-08	3.79e-09
 6.02754e+15	4.73e-08	1.23e-04	7.30e-02	5.59e-01	3.35e-01	3.15e-02	5.46e-04	0.00e+00	0.00e+00	2.75e-08	1.45e-08	4.71e-09
 6.13292e+15	5.71e-08	1.42e-04	8.06e-02	5.69e-01	3.21e-01	2.85e-02	4.67e-04	0.00e+00	0.00e+00	3.32e-08	1.74e-08	5.69e-09
 6.25144e+15	7.35e-08	1.70e-04	9.05e-02	5.79e-01	3.05e-01	2.53e-02	3.88e-04	0.00e+00	0.00e+00	4.27e-08	2.25e-08	7.33e-09
 6.38433e+15	1.09e-07	2.22e-04	1.04e-01	5.88e-01	2.85e-01	2.19e-02	3.07e-04	0.00e+00	0.00e+00	6.33e-08	3.32e-08	1.09e-08
 6.50094e+15	1.41e-07	2.68e-04	1.17e-01	5.95e-01	2.69e-01	1.93e-02	2.53e-04	0.00e+00	0.00e+00	8.21e-08	4.32e-08	1.41e-08
 6.59763e+15	1.78e-07	3.17e-04	1.29e-01	5.99e-01	2.54e-01	1.73e-02	2.14e-04	0.00e+00	0.00e+00	1.04e-07	5.44e-08	1.78e-08
 6.68720e+15	2.22e-07	3.71e-04	1.42e-01	6.01e-01	2.41e-01	1.55e-02	1.82e-04	0.00e+00	0.00e+00	1.29e-07	6.79e-08	2.22e-08
 6.77273e+15	2.75e-07	4.33e-04	1.55e-01	6.02e-01	2.28e-01	1.40e-02	1.55e-04	0.00e+00	0.00e+00	1.60e-07	8.42e-08	2.76e-08
 6.85602e+15	3.20e-07	4.87e-04	1.69e-01	6.02e-01	2.16e-01	1.26e-02	1.33e-04	0.00e+00	0.00e+00	1.86e-07	9.78e-08	3.20e-08
 6.95121e+15	4.33e-07	6.02e-04	1.89e-01	5.99e-01	2.00e-01	1.10e-02	1.08e-04	0.00e+00	0.00e+00	2.52e-07	1.33e-07	4.34e-08
 7.04318e+15	5.27e-07	6.97e-04	2.08e-01	5.95e-01	1.86e-01	9.64e-03	9.01e-05	0.00e+00	0.00e+00	3.07e-07	1.61e-07	5.29e-08
 7.13098e+15	6.76e-07	8.34e-04	2.31e-01	5.88e-01	1.72e-01	8.38e-03	7.37e-05	0.00e+00	0.00e+00	3.93e-07	2.07e-07	6.78e-08
 7.21280e+15	8.62e-07	9.92e-04	2.54e-01	5.79e-01	1.59e-01	7.31e-03	6.06e-05	0.00e+00	0.00e+00	5.02e-07	2.64e-07	8.67e-08
 7.26660e+15	1.10e-06	1.17e-03	2.72e-01	5.71e-01	1.49e-01	6.58e-03	5.19e-05	0.00e+00	0.00e+00	6.41e-07	3.37e-07	1.11e-07
 7.30404e+15	1.23e-06	1.26e-03	2.85e-01	5.65e-01	1.43e-01	6.14e-03	4.71e-05	0.00e+00	0.00e+00	7.16e-07	3.77e-07	1.24e-07
 7.34044e+15	1.39e-06	1.38e-03	2.98e-01	5.58e-01	1.37e-01	5.70e-03	4.24e-05	0.00e+00	0.00e+00	8.09e-07	4.26e-07	1.40e-07
 7.38777e+15	1.55e-06	1.49e-03	3.15e-01	5.49e-01	1.29e-01	5.20e-03	3.75e-05	0.00e+00	0.00e+00	9.00e-07	4.74e-07	1.56e-07
 7.44929e+15	1.98e-06	1.77e-03	3.41e-01	5.34e-01	1.18e-01	4.51e-03	3.08e-05	0.00e+00	0.00e+00	1.15e-06	6.06e-07	1.99e-07
 7.50779e+15	2.41e-06	2.03e-03	3.67e-01	5.18e-01	1.09e-01	3.94e-03	2.56e-05	0.00e+00	0.00e+00	1.40e-06	7.38e-07	2.43e-07
 7.55131e+15	2.72e-06	2.22e-03	3.87e-01	5.06e-01	1.01e-01	3.56e-03	2.23e-05	0.00e+00	0.00e+00	1.58e-06	8.33e-07	2.74e-07
 7.59682e+15	3.19e-06	2.49e-03	4.10e-01	4.91e-01	9.37e-02	3.15e-03	1.89e-05	0.00e+00	0.00e+00	1.86e-06	9.80e-07	3.22e-07
 7.65600e+15	4.24e-06	3.01e-03	4.44e-01	4.67e-01	8.33e-02	2.62e-03	1.47e-05	0.00e+00	0.00e+00	2.47e-06	1.30e-06	4.29e-07
 7.70900e+15	4.83e-06	3.31e-03	4.71e-01	4.48e-01	7.53e-02	2.27e-03	1.22e-05	0.00e+00	0.00e+00	2.81e-06	1.48e-06	4.88e-07
 7.75398e+15	6.09e-06	3.87e-03	5.01e-01	4.26e-01	6.76e-02	1.93e-03	9.80e-06	0.00e+00	0.00e+00	3.54e-06	1.87e-06	6.16e-07
 7.79836e+15	7.20e-06	4.34e-03	5.28e-01	4.05e-01	6.09e-02	1.66e-03	8.03e-06	0.00e+00	0.00e+00	4.19e-06	2.21e-06	7.29e-07
 7.83602e+15	8.12e-06	4.72e-03	5.51e-01	3.88e-01	5.54e-02	1.45e-03	6.74e-06	0.00e+00	0.00e+00	4.72e-06	2.49e-06	8.23e-07
 7.87905e+15	1.01e-05	5.45e-03	5.81e-01	3.63e-01	4.88e-02	1.20e-03	5.28e-06	0.00e+00	0.00e+00	5.87e-06	3.10e-06	1.02e-06
 7.92275e+15	1.20e-05	6.12e-03	6.10e-01	3.40e-01	4.30e-02	1.00e-03	4.17e-06	0.00e+00	0.00e+00	6.99e-06	3.69e-06	1.22e-06
 7.96082e+15	1.36e-05	6.66e-03	6.34e-01	3.20e-01	3.81e-02	8.48e-04	3.38e-06	0.00e+00	0.00e+00	7.93e-06	4.19e-06	1.38e-06
 8.00382e+15	1.72e-05	7.72e-03	6.65e-01	2.94e-01	3.26e-02	6.77e-04	2.52e-06	0.00e+00	0.00e+00	9.98e-06	5.27e-06	1.74e-06
 8.04690e+15	2.05e-05	8.65e-03	6.93e-01	2.70e-01	2.79e-02	5.45e-04	1.91e-06	0.00e+00	0.00e+00	1.19e-05	6.30e-06	2.08e-06
 8.08381e+15	2.38e-05	9.53e-03	7.17e-01	2.49e-01	2.42e-02	4.46e-04	1.48e-06	0.00e+00	0.00e+00	1.38e-05	7.31e-06	2.42e-06
 8.12553e+15	2.85e-05	1.07e-02	7.43e-01	2.26e-01	2.02e-02	3.48e-04	1.08e-06	0.00e+00	0.00e+00	1.66e-05	8.76e-06	2.90e-06
 8.17191e+15	3.48e-05	1.21e-02	7.71e-01	2.01e-01	1.65e-02	2.62e-04	7.56e-07	0.00e+00	0.00e+00	2.02e-05	1.07e-05	3.55e-06
 8.21485e+15	4.14e-05	1.34e-02	7.94e-01	1.79e-01	1.35e-02	1.99e-04	0.00e+00	0.00e+00	0.00e+00	2.40e-05	1.27e-05	4.22e-06
 8.26119e+15	5.03e-05	1.51e-02	8.18e-01	1.56e-01	1.07e-02	1.44e-04	0.00e+00	0.00e+00	0.00e+00	2.92e-05	1.55e-05	5.14e-06
 8.30272e+15	5.92e-05	1.67e-02	8.36e-01	1.39e-01	8.71e-03	1.09e-04	0.00e+00	0.00e+00	0.00e+00	3.44e-05	1.82e-05	6.06e-06
 8.32916e+15	6.55e-05	1.77e-02	8.46e-01	1.28e-01	7.61e-03	9.04e-05	0.00e+00	0.00e+00	0.00e+00	3.81e-05	2.02e-05	6.71e-06
 8.35468e+15	7.27e-05	1.88e-02	8.57e-01	1.18e-01	6.60e-03	7.43e-05	0.00e+00	0.00e+00	0.00e+00	4.23e-05	2.24e-05	7.45e-06
 8.38785e+15	8.30e-05	2.03e-02	8.68e-01	1.06e-01	5.47e-03	5.74e-05	0.00e+00	0.00e+00	0.00e+00	4.82e-05	2.55e-05	8.51e-06
 8.42429e+15	9.54e-05	2.19e-02	8.80e-01	9.37e-02	4.46e-03	4.33e-05	0.00e+00	0.00e+00	0.00e+00	5.55e-05	2.94e-05	9.79e-06
 8.45798e+15	1.08e-04	2.35e-02	8.89e-01	8.38e-02	3.69e-03	3.33e-05	0.00e+00	0.00e+00	0.00e+00	6.28e-05	3.33e-05	1.11e-05
 8.49482e+15	1.24e-04	2.54e-02	8.98e-01	7.36e-02	2.96e-03	2.45e-05	0.00e+00	0.00e+00	0.00e+00	7.22e-05	3.82e-05	1.28e-05
 8.53509e+15	1.44e-04	2.76e-02	9.06e-01	6.41e-02	2.34e-03	1.77e-05	0.00e+00	0.00e+00	0.00e+00	8.35e-05	4.42e-05	1.48e-05
 8.57170e+15	1.64e-04	2.96e-02	9.12e-01	5.65e-02	1.89e-03	1.31e-05	0.00e+00	0.00e+00	0.00e+00	9.52e-05	5.04e-05	1.69e-05
 8.61116e+15	1.88e-04	3.19e-02	9.17e-01	4.91e-02	1.48e-03	9.36e-06	0.00e+00	0.00e+00	0.00e+00	1.10e-04	5.80e-05	1.94e-05
 8.65402e+15	2.18e-04	3.46e-02	9.22e-01	4.22e-02	1.15e-03	6.55e-06	0.00e+00	0.00e+00	0.00e+00	1.27e-04	6.73e-05	2.25e-05
 8.69259e+15	2.49e-04	3.70e-02	9.25e-01	3.70e-02	9.17e-04	4.76e-06	0.00e+00	0.00e+00	0.00e+00	1.45e-04	7.67e-05	2.57e-05
 8.72857e+15	2.81e-04	3.95e-02	9.27e-01	3.26e-02	7.39e-04	3.51e-06	0.00e+00	0.00e+00	0.00e+00	1.64e-04	8.67e-05	2.91e-05
 8.76985e+15	3.23e-04	4.25e-02	9.28e-01	2.81e-02	5.75e-04	2.46e-06	0.00e+00	0.00e+00	0.00e+00	1.88e-04	9.95e-05	3.34e-05
 8.81493e+15	3.76e-04	4.60e-02	9.29e-01	2.40e-02	4.41e-04	1.68e-06	0.00e+00	0.00e+00	0.00e+00	2.19e-04	1.16e-04	3.89e-05
 8.85544e+15	4.30e-04	4.94e-02	9.29e-01	2.09e-02	3.49e-04	1.20e-06	0.00e+00	0.00e+00	0.00e+00	2.50e-04	1.32e-04	4.44e-05
 8.89238e+15	4.84e-04	5.26e-02	9.28e-01	1.84e-02	2.82e-04	8.84e-07	0.00e+00	0.00e+00	0.00e+00	2.82e-04	1.49e-04	5.01e-05
 8.93423e+15	5.58e-04	5.66e-02	9.27e-01	1.59e-02	2.20e-04	0.00e+00	0.00e+00	0.00e+00	0.00e+00	3.25e-04	1.72e-04	5.77e-05
 8.97940e+15	6.49e-04	6.13e-02	9.24e-01	1.36e-02	1.69e-04	0.00e+00	0.00e+00	0.00e+00	0.00e+00	3.78e-04	2.00e-04	6.72e-05
 9.01951e+15	7.42e-04	6.57e-02	9.22e-01	1.19e-02	1.35e-04	0.00e+00	0.00e+00	0.00e+00	0.00e+00	4.32e-04	2.29e-04	7.68e-05
 9.05630e+15	8.39e-04	7.00e-02	9.19e-01	1.05e-02	1.10e-04	0.00e+00	0.00e+00	0.00e+00	0.00e+00	4.88e-04	2.58e-04	8.68e-05
 9.09816e+15	9.68e-04	7.55e-02	9.14e-01	9.07e-03	8.62e-05	0.00e+00	0.00e+00	0.00e+00	0.00e+00	5.63e-04	2.98e-04	1.00e-04
 9.14329e+15	1.13e-03	8.20e-02	9.09e-01	7.78e-03	6.69e-05	0.00e+00	0.00e+00	0.00e+00	0.00e+00	6.58e-04	3.48e-04	1.17e-04
