#depth	He	He+	He+2
 1.49634e+10	4.14e-22	1.73e-11	1.00e+00
 4.54887e+10	4.76e-22	1.88e-11	1.00e+00
 7.72350e+10	5.44e-22	2.04e-11	1.00e+00
 1.10251e+11	6.24e-22	2.22e-11	1.00e+00
 1.44588e+11	7.15e-22	2.42e-11	1.00e+00
 1.76768e+11	8.12e-22	2.61e-11	1.00e+00
 2.05455e+11	9.05e-22	2.78e-11	1.00e+00
 2.37686e+11	1.02e-21	2.99e-11	1.00e+00
 2.75985e+11	1.17e-21	3.25e-11	1.00e+00
 3.14564e+11	1.34e-21	3.53e-11	1.00e+00
 3.50715e+11	1.51e-21	3.79e-11	1.00e+00
 3.90699e+11	1.72e-21	4.11e-11	1.00e+00
 4.36254e+11	1.99e-21	4.48e-11	1.00e+00
 4.81628e+11	2.30e-21	4.87e-11	1.00e+00
 5.28816e+11	2.64e-21	5.30e-11	1.00e+00
 5.79895e+11	3.06e-21	5.79e-11	1.00e+00
 6.31961e+11	3.54e-21	6.32e-11	1.00e+00
 6.80552e+11	4.05e-21	6.84e-11	1.00e+00
 7.25421e+11	4.55e-21	7.34e-11	1.00e+00
 7.76718e+11	5.17e-21	7.94e-11	1.00e+00
 8.36789e+11	6.01e-21	8.69e-11	1.00e+00
 8.96255e+11	6.92e-21	9.47e-11	1.00e+00
 9.52058e+11	7.86e-21	1.02e-10	1.00e+00
 1.01403e+12	9.00e-21	1.11e-10	1.00e+00
 1.08451e+12	1.05e-20	1.22e-10	1.00e+00
 1.15412e+12	1.21e-20	1.34e-10	1.00e+00
 1.22651e+12	1.39e-20	1.46e-10	1.00e+00
 1.30549e+12	1.62e-20	1.61e-10	1.00e+00
 1.38511e+12	1.87e-20	1.77e-10	1.00e+00
 1.46791e+12	2.15e-20	1.94e-10	1.00e+00
 1.55328e+12	2.48e-20	2.13e-10	1.00e+00
 1.63686e+12	2.83e-20	2.33e-10	1.00e+00
 1.72705e+12	3.24e-20	2.56e-10	1.00e+00
 1.82606e+12	3.75e-20	2.82e-10	1.00e+00
 1.92903e+12	4.32e-20	3.12e-10	1.00e+00
 2.03611e+12	4.97e-20	3.45e-10	1.00e+00
 2.14749e+12	5.71e-20	3.81e-10	1.00e+00
 2.24810e+12	6.44e-20	4.17e-10	1.00e+00
 2.33175e+12	7.08e-20	4.48e-10	1.00e+00
 2.42329e+12	7.81e-20	4.83e-10	1.00e+00
 2.53950e+12	8.83e-20	5.31e-10	1.00e+00
 2.66086e+12	9.98e-20	5.84e-10	1.00e+00
 2.76817e+12	1.11e-19	6.34e-10	1.00e+00
 2.86765e+12	1.21e-19	6.83e-10	1.00e+00
 2.98049e+12	1.34e-19	7.40e-10	1.00e+00
 3.12012e+12	1.51e-19	8.16e-10	1.00e+00
 3.25945e+12	1.69e-19	8.96e-10	1.00e+00
 3.37917e+12	1.85e-19	9.69e-10	1.00e+00
 3.50855e+12	2.04e-19	1.05e-09	1.00e+00
 3.66827e+12	2.29e-19	1.16e-09	1.00e+00
 3.83228e+12	2.57e-19	1.28e-09	1.00e+00
 3.98105e+12	2.85e-19	1.39e-09	1.00e+00
 4.14519e+12	3.17e-19	1.52e-09	1.00e+00
 4.33768e+12	3.59e-19	1.68e-09	1.00e+00
 4.52976e+12	4.06e-19	1.85e-09	1.00e+00
 4.71297e+12	4.55e-19	2.02e-09	1.00e+00
 4.91486e+12	5.14e-19	2.21e-09	1.00e+00
 5.14139e+12	5.89e-19	2.45e-09	1.00e+00
 5.34544e+12	6.65e-19	2.67e-09	1.00e+00
 5.51421e+12	7.34e-19	2.86e-09	1.00e+00
 5.69867e+12	8.17e-19	3.08e-09	1.00e+00
 5.93395e+12	9.35e-19	3.37e-09	1.00e+00
 6.17145e+12	1.07e-18	3.68e-09	1.00e+00
 6.36853e+12	1.19e-18	3.94e-09	1.00e+00
 6.57692e+12	1.34e-18	4.24e-09	1.00e+00
 6.84356e+12	1.54e-18	4.63e-09	1.00e+00
 7.12274e+12	1.79e-18	5.06e-09	1.00e+00
 7.36801e+12	2.03e-18	5.45e-09	1.00e+00
 7.63237e+12	2.32e-18	5.89e-09	1.00e+00
 7.92502e+12	2.68e-18	6.41e-09	1.00e+00
 8.19587e+12	3.05e-18	6.91e-09	1.00e+00
 8.48938e+12	3.51e-18	7.46e-09	1.00e+00
 8.81594e+12	4.08e-18	8.12e-09	1.00e+00
 9.12073e+12	4.68e-18	8.75e-09	1.00e+00
 9.45223e+12	5.40e-18	9.46e-09	1.00e+00
 9.82081e+12	6.32e-18	1.03e-08	1.00e+00
 1.01651e+13	7.29e-18	1.11e-08	1.00e+00
 1.05403e+13	8.46e-18	1.20e-08	1.00e+00
 1.09592e+13	9.96e-18	1.31e-08	1.00e+00
 1.13535e+13	1.15e-17	1.42e-08	1.00e+00
 1.17843e+13	1.35e-17	1.54e-08	1.00e+00
 1.22667e+13	1.60e-17	1.68e-08	1.00e+00
 1.27235e+13	1.86e-17	1.82e-08	1.00e+00
 1.32152e+13	2.18e-17	1.97e-08	1.00e+00
 1.37737e+13	2.60e-17	2.16e-08	1.00e+00
 1.43232e+13	3.07e-17	2.35e-08	1.00e+00
 1.48948e+13	3.62e-17	2.55e-08	1.00e+00
 1.55205e+13	4.30e-17	2.79e-08	1.00e+00
 1.61712e+13	5.11e-17	3.04e-08	1.00e+00
 1.68480e+13	6.05e-17	3.32e-08	1.00e+00
 1.74892e+13	7.08e-17	3.59e-08	1.00e+00
 1.80675e+13	8.12e-17	3.85e-08	1.00e+00
 1.86114e+13	9.19e-17	4.10e-08	1.00e+00
 1.92136e+13	1.05e-16	4.38e-08	1.00e+00
 1.98907e+13	1.21e-16	4.71e-08	1.00e+00
 2.05375e+13	1.38e-16	5.03e-08	1.00e+00
 2.12507e+13	1.59e-16	5.40e-08	1.00e+00
 2.20286e+13	1.84e-16	5.82e-08	1.00e+00
 2.27347e+13	2.10e-16	6.21e-08	1.00e+00
 2.34968e+13	2.40e-16	6.64e-08	1.00e+00
 2.43557e+13	2.77e-16	7.15e-08	1.00e+00
 2.51739e+13	3.17e-16	7.65e-08	1.00e+00
 2.60712e+13	3.65e-16	8.21e-08	1.00e+00
 2.70615e+13	4.24e-16	8.86e-08	1.00e+00
 2.79797e+13	4.85e-16	9.48e-08	1.00e+00
 2.89800e+13	5.57e-16	1.02e-07	1.00e+00
 3.01055e+13	6.48e-16	1.10e-07	1.00e+00
 3.11794e+13	7.45e-16	1.18e-07	1.00e+00
 3.23421e+13	8.60e-16	1.27e-07	1.00e+00
 3.36299e+13	1.00e-15	1.37e-07	1.00e+00
 3.48653e+13	1.16e-15	1.47e-07	1.00e+00
 3.61858e+13	1.34e-15	1.58e-07	1.00e+00
 3.76631e+13	1.56e-15	1.71e-07	1.00e+00
 3.91450e+13	1.81e-15	1.84e-07	1.00e+00
 4.06862e+13	2.10e-15	1.99e-07	1.00e+00
 4.23435e+13	2.46e-15	2.15e-07	1.00e+00
 4.40672e+13	2.86e-15	2.32e-07	1.00e+00
 4.58598e+13	3.34e-15	2.51e-07	1.00e+00
 4.76002e+13	3.86e-15	2.70e-07	1.00e+00
 4.92446e+13	4.39e-15	2.89e-07	1.00e+00
 5.07984e+13	4.95e-15	3.07e-07	1.00e+00
 5.24911e+13	5.61e-15	3.27e-07	1.00e+00
 5.43789e+13	6.42e-15	3.50e-07	1.00e+00
 5.61617e+13	7.28e-15	3.73e-07	1.00e+00
 5.81205e+13	8.30e-15	3.99e-07	1.00e+00
 6.03247e+13	9.57e-15	4.29e-07	1.00e+00
 6.24326e+13	1.09e-14	4.59e-07	1.00e+00
 6.47274e+13	1.26e-14	4.93e-07	1.00e+00
 6.72884e+13	1.46e-14	5.32e-07	1.00e+00
 6.97814e+13	1.68e-14	5.72e-07	1.00e+00
 7.24322e+13	1.94e-14	6.15e-07	1.00e+00
 7.51193e+13	2.23e-14	6.62e-07	1.00e+00
 7.74919e+13	2.51e-14	7.04e-07	1.00e+00
 8.00690e+13	2.85e-14	7.52e-07	1.00e+00
 8.31711e+13	3.30e-14	8.11e-07	1.00e+00
 8.62494e+13	3.80e-14	8.73e-07	1.00e+00
 8.90004e+13	4.29e-14	9.30e-07	1.00e+00
 9.20322e+13	4.88e-14	9.95e-07	1.00e+00
 9.56357e+13	5.65e-14	1.07e-06	1.00e+00
 9.92066e+13	6.53e-14	1.16e-06	1.00e+00
 1.02467e+14	7.38e-14	1.24e-06	1.00e+00
 1.06100e+14	8.43e-14	1.33e-06	1.00e+00
 1.10331e+14	9.79e-14	1.44e-06	1.00e+00
 1.14490e+14	1.13e-13	1.55e-06	1.00e+00
 1.18419e+14	1.28e-13	1.66e-06	1.00e+00
 1.22790e+14	1.47e-13	1.78e-06	1.00e+00
 1.27732e+14	1.71e-13	1.93e-06	1.00e+00
 1.32669e+14	1.97e-13	2.09e-06	1.00e+00
 1.37298e+14	2.24e-13	2.24e-06	1.00e+00
 1.42313e+14	2.56e-13	2.41e-06	1.00e+00
 1.47916e+14	2.96e-13	2.60e-06	1.00e+00
 1.53152e+14	3.37e-13	2.79e-06	1.00e+00
 1.58009e+14	3.77e-13	2.98e-06	1.00e+00
 1.62676e+14	4.20e-13	3.16e-06	1.00e+00
 1.67841e+14	4.71e-13	3.36e-06	1.00e+00
 1.73566e+14	5.32e-13	3.60e-06	1.00e+00
 1.78897e+14	5.94e-13	3.82e-06	1.00e+00
 1.84708e+14	6.66e-13	4.08e-06	1.00e+00
 1.91226e+14	7.55e-13	4.38e-06	1.00e+00
 1.97450e+14	8.47e-13	4.67e-06	1.00e+00
 2.04325e+14	9.56e-13	5.01e-06	1.00e+00
 2.11901e+14	1.09e-12	5.39e-06	1.00e+00
 2.18876e+14	1.22e-12	5.76e-06	1.00e+00
 2.26433e+14	1.38e-12	6.17e-06	1.00e+00
 2.34879e+14	1.57e-12	6.66e-06	1.00e+00
 2.42807e+14	1.76e-12	7.12e-06	1.00e+00
 2.51441e+14	1.99e-12	7.65e-06	1.00e+00
 2.61048e+14	2.27e-12	8.26e-06	1.00e+00
 2.70019e+14	2.55e-12	8.85e-06	1.00e+00
 2.79763e+14	2.89e-12	9.53e-06	1.00e+00
 2.90644e+14	3.30e-12	1.03e-05	1.00e+00
 3.00965e+14	3.73e-12	1.11e-05	1.00e+00
 3.12037e+14	4.22e-12	1.19e-05	1.00e+00
 3.24549e+14	4.84e-12	1.30e-05	1.00e+00
 3.36804e+14	5.51e-12	1.40e-05	1.00e+00
 3.49549e+14	6.27e-12	1.52e-05	1.00e+00
 3.63560e+14	7.20e-12	1.65e-05	1.00e+00
 3.77395e+14	8.23e-12	1.79e-05	1.00e+00
 3.88782e+14	9.13e-12	1.90e-05	1.00e+00
 3.97843e+14	9.91e-12	2.00e-05	1.00e+00
 4.07881e+14	1.08e-11	2.11e-05	1.00e+00
 4.20930e+14	1.21e-11	2.26e-05	1.00e+00
 4.34946e+14	1.36e-11	2.43e-05	1.00e+00
 4.47427e+14	1.51e-11	2.58e-05	1.00e+00
 4.60860e+14	1.68e-11	2.76e-05	1.00e+00
 4.77837e+14	1.92e-11	2.98e-05	1.00e+00
 4.95051e+14	2.19e-11	3.23e-05	1.00e+00
 5.09705e+14	2.43e-11	3.44e-05	1.00e+00
 5.25403e+14	2.71e-11	3.68e-05	1.00e+00
 5.44976e+14	3.12e-11	4.00e-05	1.00e+00
 5.65049e+14	3.57e-11	4.34e-05	1.00e+00
 5.82747e+14	4.01e-11	4.65e-05	1.00e+00
 6.01894e+14	4.51e-11	4.99e-05	1.00e+00
 6.24985e+14	5.23e-11	5.45e-05	1.00e+00
 6.47868e+14	6.00e-11	5.91e-05	1.00e+00
 6.68232e+14	6.74e-11	6.33e-05	1.00e+00
 6.90657e+14	7.67e-11	6.83e-05	1.00e+00
 7.17414e+14	8.88e-11	7.45e-05	1.00e+00
 7.44031e+14	1.02e-10	8.09e-05	1.00e+00
 7.68426e+14	1.15e-10	8.69e-05	1.00e+00
 7.95703e+14	1.32e-10	9.42e-05	1.00e+00
 8.27357e+14	1.54e-10	1.03e-04	1.00e+00
 8.58470e+14	1.78e-10	1.12e-04	1.00e+00
 8.88135e+14	2.03e-10	1.21e-04	1.00e+00
 9.14095e+14	2.28e-10	1.29e-04	1.00e+00
 9.35534e+14	2.50e-10	1.36e-04	1.00e+00
 9.59150e+14	2.76e-10	1.44e-04	1.00e+00
 9.89851e+14	3.12e-10	1.55e-04	1.00e+00
 1.02217e+15	3.55e-10	1.66e-04	1.00e+00
 1.04996e+15	3.95e-10	1.77e-04	1.00e+00
 1.07947e+15	4.40e-10	1.88e-04	1.00e+00
 1.11784e+15	5.07e-10	2.03e-04	1.00e+00
 1.15744e+15	5.83e-10	2.20e-04	1.00e+00
 1.19051e+15	6.53e-10	2.34e-04	1.00e+00
 1.22536e+15	7.33e-10	2.50e-04	1.00e+00
 1.26998e+15	8.48e-10	2.71e-04	1.00e+00
 1.31696e+15	9.65e-10	2.94e-04	1.00e+00
 1.35882e+15	1.10e-09	3.15e-04	1.00e+00
 1.40433e+15	1.26e-09	3.39e-04	1.00e+00
 1.45867e+15	1.49e-09	3.69e-04	1.00e+00
 1.51242e+15	1.69e-09	4.00e-04	1.00e+00
 1.56111e+15	1.93e-09	4.29e-04	1.00e+00
 1.61526e+15	2.22e-09	4.63e-04	1.00e+00
 1.67881e+15	2.64e-09	5.05e-04	9.99e-01
 1.74149e+15	3.05e-09	5.47e-04	9.99e-01
 1.80022e+15	3.50e-09	5.88e-04	9.99e-01
 1.86581e+15	4.00e-09	6.36e-04	9.99e-01
 1.94047e+15	4.80e-09	6.95e-04	9.99e-01
 2.01423e+15	5.59e-09	7.54e-04	9.99e-01
 2.07464e+15	6.31e-09	8.04e-04	9.99e-01
 2.12182e+15	6.92e-09	8.45e-04	9.99e-01
 2.17352e+15	7.64e-09	8.90e-04	9.99e-01
 2.24072e+15	8.53e-09	9.51e-04	9.99e-01
 2.31374e+15	9.90e-09	1.02e-03	9.99e-01
 2.37933e+15	1.11e-08	1.08e-03	9.99e-01
 2.44961e+15	1.23e-08	1.15e-03	9.99e-01
 2.53914e+15	1.46e-08	1.25e-03	9.99e-01
 2.62971e+15	1.67e-08	1.35e-03	9.99e-01
 2.70578e+15	1.87e-08	1.43e-03	9.99e-01
 2.78694e+15	2.11e-08	1.53e-03	9.98e-01
 2.88948e+15	2.50e-08	1.66e-03	9.98e-01
 2.99491e+15	2.89e-08	1.79e-03	9.98e-01
 3.08694e+15	3.27e-08	1.91e-03	9.98e-01
 3.18647e+15	3.68e-08	2.05e-03	9.98e-01
 3.30759e+15	4.36e-08	2.22e-03	9.98e-01
 3.42763e+15	5.06e-08	2.40e-03	9.98e-01
 3.53397e+15	5.69e-08	2.56e-03	9.97e-01
 3.65167e+15	6.52e-08	2.76e-03	9.97e-01
 3.79257e+15	7.81e-08	3.00e-03	9.97e-01
 3.92627e+15	8.97e-08	3.24e-03	9.97e-01
 4.03967e+15	1.00e-07	3.45e-03	9.97e-01
 4.16406e+15	1.14e-07	3.69e-03	9.96e-01
 4.31907e+15	1.36e-07	4.01e-03	9.96e-01
 4.47517e+15	1.57e-07	4.34e-03	9.96e-01
 4.59909e+15	1.75e-07	4.62e-03	9.95e-01
 4.71990e+15	1.96e-07	4.90e-03	9.95e-01
 4.87695e+15	2.31e-07	5.30e-03	9.95e-01
 5.03024e+15	2.63e-07	5.69e-03	9.94e-01
 5.15222e+15	2.93e-07	6.02e-03	9.94e-01
 5.28435e+15	3.27e-07	6.39e-03	9.94e-01
 5.45612e+15	3.80e-07	6.92e-03	9.93e-01
 5.63413e+15	4.36e-07	7.47e-03	9.93e-01
 5.78274e+15	4.86e-07	7.96e-03	9.92e-01
 5.93844e+15	5.50e-07	8.52e-03	9.91e-01
 6.14086e+15	6.58e-07	9.31e-03	9.91e-01
 6.34324e+15	7.60e-07	1.01e-02	9.90e-01
 6.50426e+15	8.51e-07	1.08e-02	9.89e-01
 6.67229e+15	9.65e-07	1.16e-02	9.88e-01
 6.85965e+15	1.13e-06	1.26e-02	9.87e-01
 7.03131e+15	1.28e-06	1.35e-02	9.86e-01
 7.21363e+15	1.47e-06	1.46e-02	9.85e-01
 7.40949e+15	1.67e-06	1.59e-02	9.84e-01
 7.58335e+15	1.94e-06	1.71e-02	9.83e-01
 7.73936e+15	2.18e-06	1.83e-02	9.82e-01
 7.88306e+15	2.43e-06	1.95e-02	9.80e-01
 8.02000e+15	2.70e-06	2.08e-02	9.79e-01
 8.17687e+15	3.00e-06	2.23e-02	9.78e-01
 8.38080e+15	3.62e-06	2.47e-02	9.75e-01
 8.58282e+15	4.19e-06	2.72e-02	9.73e-01
 8.74301e+15	4.73e-06	2.94e-02	9.71e-01
 8.88778e+15	5.36e-06	3.18e-02	9.68e-01
 9.02688e+15	6.05e-06	3.42e-02	9.66e-01
 9.16085e+15	6.83e-06	3.69e-02	9.63e-01
 9.31311e+15	8.09e-06	4.05e-02	9.60e-01
 9.47676e+15	9.35e-06	4.46e-02	9.55e-01
 9.62759e+15	1.10e-05	4.92e-02	9.51e-01
 9.76780e+15	1.27e-05	5.41e-02	9.46e-01
 9.89623e+15	1.44e-05	5.92e-02	9.41e-01
 1.00376e+16	1.69e-05	6.60e-02	9.34e-01
 1.01891e+16	2.03e-05	7.45e-02	9.26e-01
 1.03187e+16	2.40e-05	8.31e-02	9.17e-01
 1.04222e+16	2.78e-05	9.12e-02	9.09e-01
 1.05078e+16	3.15e-05	9.90e-02	9.01e-01
 1.06000e+16	3.62e-05	1.09e-01	8.91e-01
 1.07029e+16	4.25e-05	1.21e-01	8.79e-01
 1.07970e+16	4.97e-05	1.34e-01	8.65e-01
 1.08679e+16	5.63e-05	1.46e-01	8.54e-01
 1.09173e+16	6.23e-05	1.55e-01	8.45e-01
 1.09596e+16	6.73e-05	1.63e-01	8.37e-01
 1.10064e+16	7.30e-05	1.73e-01	8.27e-01
 1.10673e+16	8.33e-05	1.88e-01	8.12e-01
 1.11274e+16	9.36e-05	2.04e-01	7.96e-01
 1.11759e+16	1.03e-04	2.18e-01	7.82e-01
 1.12283e+16	1.16e-04	2.35e-01	7.65e-01
 1.12837e+16	1.29e-04	2.54e-01	7.45e-01
 1.13428e+16	1.49e-04	2.78e-01	7.21e-01
 1.13980e+16	1.67e-04	3.02e-01	6.98e-01
 1.14482e+16	1.88e-04	3.27e-01	6.73e-01
 1.15017e+16	2.12e-04	3.54e-01	6.45e-01
 1.15486e+16	2.38e-04	3.80e-01	6.19e-01
 1.15883e+16	2.60e-04	4.04e-01	5.96e-01
 1.16298e+16	2.88e-04	4.30e-01	5.70e-01
 1.16838e+16	3.25e-04	4.66e-01	5.34e-01
 1.17404e+16	3.68e-04	5.04e-01	4.96e-01
 1.17890e+16	4.08e-04	5.38e-01	4.62e-01
 1.18405e+16	4.55e-04	5.75e-01	4.24e-01
 1.18980e+16	5.09e-04	6.15e-01	3.84e-01
 1.19529e+16	5.61e-04	6.52e-01	3.48e-01
 1.20140e+16	6.24e-04	6.92e-01	3.07e-01
 1.20825e+16	6.95e-04	7.33e-01	2.66e-01
 1.21495e+16	7.64e-04	7.69e-01	2.30e-01
 1.22037e+16	8.18e-04	7.94e-01	2.05e-01
 1.22438e+16	8.59e-04	8.12e-01	1.87e-01
 1.22871e+16	9.03e-04	8.30e-01	1.69e-01
 1.23436e+16	9.61e-04	8.51e-01	1.48e-01
 1.24051e+16	1.02e-03	8.70e-01	1.29e-01
 1.24614e+16	1.07e-03	8.85e-01	1.14e-01
 1.25230e+16	1.13e-03	9.00e-01	9.88e-02
 1.25911e+16	1.20e-03	9.14e-01	8.51e-02
 1.26512e+16	1.25e-03	9.24e-01	7.51e-02
 1.27028e+16	1.31e-03	9.31e-01	6.73e-02
 1.27597e+16	1.36e-03	9.39e-01	5.96e-02
 1.28225e+16	1.43e-03	9.46e-01	5.24e-02
 1.28804e+16	1.49e-03	9.52e-01	4.69e-02
 1.29325e+16	1.55e-03	9.56e-01	4.24e-02
 1.29897e+16	1.61e-03	9.61e-01	3.78e-02
 1.30528e+16	1.69e-03	9.65e-01	3.37e-02
 1.31084e+16	1.76e-03	9.68e-01	3.05e-02
 1.31562e+16	1.82e-03	9.70e-01	2.81e-02
 1.32090e+16	1.90e-03	9.73e-01	2.55e-02
 1.32674e+16	1.99e-03	9.75e-01	2.30e-02
 1.33198e+16	2.08e-03	9.77e-01	2.11e-02
 1.33662e+16	2.16e-03	9.78e-01	1.96e-02
 1.34179e+16	2.27e-03	9.80e-01	1.79e-02
 1.34738e+16	2.39e-03	9.81e-01	1.64e-02
 1.35227e+16	2.50e-03	9.82e-01	1.52e-02
 1.35653e+16	2.61e-03	9.83e-01	1.42e-02
 1.36122e+16	2.73e-03	9.84e-01	1.32e-02
 1.36636e+16	2.89e-03	9.85e-01	1.22e-02
 1.37097e+16	3.04e-03	9.86e-01	1.14e-02
 1.37509e+16	3.19e-03	9.86e-01	1.07e-02
 1.37971e+16	3.37e-03	9.87e-01	1.00e-02
 1.38475e+16	3.59e-03	9.87e-01	9.31e-03
 1.38919e+16	3.81e-03	9.87e-01	8.76e-03
 1.39314e+16	4.02e-03	9.88e-01	8.30e-03
 1.39757e+16	4.29e-03	9.88e-01	7.78e-03
 1.40249e+16	4.63e-03	9.88e-01	7.26e-03
 1.40705e+16	4.99e-03	9.88e-01	6.83e-03
 1.41123e+16	5.35e-03	9.88e-01	6.48e-03
 1.41594e+16	5.83e-03	9.88e-01	6.07e-03
 1.42100e+16	6.43e-03	9.88e-01	5.68e-03
 1.42531e+16	7.05e-03	9.88e-01	5.38e-03
 1.42894e+16	7.66e-03	9.87e-01	5.14e-03
 1.43289e+16	8.42e-03	9.87e-01	4.87e-03
 1.43726e+16	9.39e-03	9.86e-01	4.63e-03
 1.44080e+16	1.04e-02	9.85e-01	4.44e-03
 1.44330e+16	1.12e-02	9.85e-01	4.32e-03
 1.44580e+16	1.21e-02	9.84e-01	4.19e-03
 1.44905e+16	1.34e-02	9.83e-01	4.03e-03
 1.45228e+16	1.50e-02	9.81e-01	3.90e-03
 1.45467e+16	1.65e-02	9.80e-01	3.80e-03
 1.45656e+16	1.78e-02	9.78e-01	3.74e-03
 1.45862e+16	1.94e-02	9.77e-01	3.65e-03
 1.46130e+16	2.18e-02	9.75e-01	3.57e-03
 1.46398e+16	2.47e-02	9.72e-01	3.50e-03
 1.46598e+16	2.74e-02	9.69e-01	3.45e-03
 1.46757e+16	2.99e-02	9.67e-01	3.41e-03
 1.46934e+16	3.29e-02	9.64e-01	3.38e-03
 1.47164e+16	3.76e-02	9.59e-01	3.35e-03
 1.47395e+16	4.34e-02	9.53e-01	3.33e-03
 1.47570e+16	4.89e-02	9.48e-01	3.32e-03
 1.47709e+16	5.36e-02	9.43e-01	3.34e-03
 1.47855e+16	5.96e-02	9.37e-01	3.35e-03
 1.48032e+16	6.79e-02	9.29e-01	3.38e-03
 1.48204e+16	7.74e-02	9.19e-01	3.42e-03
 1.48339e+16	8.66e-02	9.10e-01	3.45e-03
 1.48454e+16	9.50e-02	9.02e-01	3.51e-03
 1.48560e+16	1.04e-01	8.93e-01	3.55e-03
 1.48662e+16	1.13e-01	8.83e-01	3.60e-03
 1.48760e+16	1.24e-01	8.73e-01	3.65e-03
 1.48835e+16	1.32e-01	8.64e-01	3.69e-03
 1.48883e+16	1.38e-01	8.59e-01	3.72e-03
 1.48927e+16	1.43e-01	8.53e-01	3.75e-03
 1.48980e+16	1.51e-01	8.46e-01	3.77e-03
 1.49037e+16	1.59e-01	8.38e-01	3.81e-03
 1.49091e+16	1.67e-01	8.29e-01	3.85e-03
 1.49143e+16	1.75e-01	8.21e-01	3.89e-03
 1.49194e+16	1.84e-01	8.13e-01	3.91e-03
 1.49245e+16	1.92e-01	8.04e-01	3.96e-03
 1.49296e+16	2.02e-01	7.94e-01	3.99e-03
 1.49347e+16	2.12e-01	7.84e-01	4.02e-03
 1.49397e+16	2.22e-01	7.74e-01	4.06e-03
 1.49445e+16	2.33e-01	7.63e-01	4.10e-03
 1.49495e+16	2.44e-01	7.52e-01	4.12e-03
 1.49543e+16	2.55e-01	7.41e-01	4.16e-03
 1.49591e+16	2.67e-01	7.29e-01	4.19e-03
 1.49639e+16	2.80e-01	7.16e-01	4.22e-03
 1.49686e+16	2.93e-01	7.03e-01	4.25e-03
 1.49733e+16	3.06e-01	6.90e-01	4.27e-03
 1.49779e+16	3.19e-01	6.77e-01	4.30e-03
 1.49825e+16	3.33e-01	6.63e-01	4.32e-03
 1.49871e+16	3.48e-01	6.48e-01	4.34e-03
 1.49916e+16	3.62e-01	6.34e-01	4.36e-03
 1.49961e+16	3.77e-01	6.18e-01	4.37e-03
 1.50006e+16	3.93e-01	6.03e-01	4.38e-03
 1.50050e+16	4.08e-01	5.87e-01	4.39e-03
 1.50093e+16	4.24e-01	5.71e-01	4.39e-03
 1.50137e+16	4.40e-01	5.55e-01	4.39e-03
 1.50180e+16	4.57e-01	5.39e-01	4.39e-03
 1.50223e+16	4.73e-01	5.22e-01	4.38e-03
 1.50266e+16	4.90e-01	5.06e-01	4.37e-03
 1.50307e+16	5.06e-01	4.90e-01	4.35e-03
 1.50347e+16	5.22e-01	4.74e-01	4.33e-03
 1.50387e+16	5.38e-01	4.58e-01	4.31e-03
 1.50426e+16	5.53e-01	4.43e-01	4.28e-03
 1.50465e+16	5.69e-01	4.27e-01	4.25e-03
 1.50504e+16	5.84e-01	4.11e-01	4.20e-03
 1.50542e+16	5.99e-01	3.96e-01	4.16e-03
 1.50579e+16	6.14e-01	3.82e-01	4.11e-03
 1.50617e+16	6.29e-01	3.67e-01	4.06e-03
 1.50654e+16	6.43e-01	3.53e-01	4.00e-03
 1.50691e+16	6.57e-01	3.39e-01	3.94e-03
 1.50728e+16	6.71e-01	3.25e-01	3.88e-03
 1.50765e+16	6.85e-01	3.12e-01	3.81e-03
 1.50801e+16	6.98e-01	2.99e-01	3.74e-03
 1.50838e+16	7.10e-01	2.86e-01	3.67e-03
 1.50875e+16	7.23e-01	2.74e-01	3.59e-03
 1.50912e+16	7.35e-01	2.62e-01	3.51e-03
 1.50950e+16	7.47e-01	2.50e-01	3.42e-03
 1.50988e+16	7.58e-01	2.39e-01	3.34e-03
 1.51023e+16	7.68e-01	2.29e-01	3.26e-03
 1.51052e+16	7.76e-01	2.21e-01	3.18e-03
 1.51080e+16	7.84e-01	2.13e-01	3.11e-03
 1.51108e+16	7.91e-01	2.06e-01	3.04e-03
 1.51136e+16	7.98e-01	1.99e-01	2.97e-03
 1.51164e+16	8.05e-01	1.92e-01	2.91e-03
 1.51191e+16	8.11e-01	1.86e-01	2.84e-03
 1.51219e+16	8.17e-01	1.80e-01	2.78e-03
 1.51245e+16	8.23e-01	1.74e-01	2.72e-03
 1.51272e+16	8.28e-01	1.69e-01	2.66e-03
 1.51298e+16	8.33e-01	1.64e-01	2.60e-03
 1.51324e+16	8.38e-01	1.60e-01	2.54e-03
 1.51350e+16	8.42e-01	1.55e-01	2.48e-03
 1.51376e+16	8.47e-01	1.51e-01	2.43e-03
 1.51402e+16	8.51e-01	1.47e-01	2.38e-03
 1.51429e+16	8.55e-01	1.43e-01	2.32e-03
 1.51455e+16	8.59e-01	1.39e-01	2.28e-03
 1.51483e+16	8.63e-01	1.35e-01	2.22e-03
 1.51510e+16	8.66e-01	1.32e-01	2.18e-03
 1.51538e+16	8.69e-01	1.29e-01	2.13e-03
 1.51567e+16	8.72e-01	1.25e-01	2.08e-03
 1.51597e+16	8.76e-01	1.22e-01	2.04e-03
 1.51627e+16	8.79e-01	1.19e-01	1.99e-03
 1.51657e+16	8.81e-01	1.17e-01	1.95e-03
 1.51689e+16	8.84e-01	1.14e-01	1.91e-03
 1.51722e+16	8.87e-01	1.11e-01	1.86e-03
 1.51757e+16	8.89e-01	1.09e-01	1.82e-03
 1.51794e+16	8.92e-01	1.06e-01	1.78e-03
 1.51834e+16	8.94e-01	1.04e-01	1.74e-03
 1.51875e+16	8.97e-01	1.02e-01	1.70e-03
 1.51920e+16	8.99e-01	9.95e-02	1.66e-03
 1.51969e+16	9.01e-01	9.74e-02	1.62e-03
 1.52023e+16	9.03e-01	9.53e-02	1.59e-03
 1.52085e+16	9.05e-01	9.31e-02	1.55e-03
 1.52155e+16	9.07e-01	9.11e-02	1.50e-03
 1.52237e+16	9.09e-01	8.90e-02	1.46e-03
 1.52332e+16	9.12e-01	8.70e-02	1.42e-03
 1.52446e+16	9.14e-01	8.50e-02	1.37e-03
 1.52586e+16	9.16e-01	8.30e-02	1.32e-03
 1.52762e+16	9.18e-01	8.09e-02	1.26e-03
 1.52988e+16	9.20e-01	7.86e-02	1.20e-03
 1.53259e+16	9.23e-01	7.63e-02	1.13e-03
 1.53545e+16	9.25e-01	7.41e-02	1.07e-03
 1.53832e+16	9.27e-01	7.21e-02	1.01e-03
 1.54106e+16	9.29e-01	7.02e-02	9.55e-04
 1.54355e+16	9.31e-01	6.86e-02	9.09e-04
 1.54583e+16	9.32e-01	6.71e-02	8.69e-04
 1.54789e+16	9.33e-01	6.58e-02	8.34e-04
 1.54977e+16	9.35e-01	6.46e-02	8.04e-04
 1.55148e+16	9.36e-01	6.36e-02	7.76e-04
 1.55336e+16	9.37e-01	6.24e-02	7.48e-04
 1.55538e+16	9.38e-01	6.12e-02	7.17e-04
 1.55723e+16	9.39e-01	6.01e-02	6.90e-04
 1.55890e+16	9.40e-01	5.92e-02	6.68e-04
 1.56074e+16	9.41e-01	5.81e-02	6.43e-04
 1.56272e+16	9.42e-01	5.70e-02	6.18e-04
 1.56453e+16	9.43e-01	5.59e-02	5.94e-04
 1.56617e+16	9.44e-01	5.50e-02	5.74e-04
 1.56767e+16	9.45e-01	5.42e-02	5.57e-04
 1.56903e+16	9.46e-01	5.35e-02	5.41e-04
 1.57052e+16	9.47e-01	5.26e-02	5.23e-04
 1.57213e+16	9.48e-01	5.18e-02	5.06e-04
 1.57359e+16	9.48e-01	5.10e-02	4.91e-04
 1.57492e+16	9.49e-01	5.03e-02	4.77e-04
 1.57638e+16	9.50e-01	4.95e-02	4.61e-04
 1.57796e+16	9.51e-01	4.87e-02	4.46e-04
 1.57939e+16	9.52e-01	4.80e-02	4.32e-04
 1.58070e+16	9.52e-01	4.73e-02	4.20e-04
 1.58189e+16	9.53e-01	4.67e-02	4.08e-04
 1.58297e+16	9.53e-01	4.62e-02	3.99e-04
 1.58415e+16	9.54e-01	4.56e-02	3.88e-04
 1.58543e+16	9.55e-01	4.50e-02	3.78e-04
 1.58659e+16	9.55e-01	4.44e-02	3.68e-04
 1.58787e+16	9.56e-01	4.37e-02	3.57e-04
 1.58925e+16	9.57e-01	4.31e-02	3.46e-04
 1.59050e+16	9.57e-01	4.25e-02	3.36e-04
 1.59164e+16	9.58e-01	4.20e-02	3.28e-04
 1.59289e+16	9.58e-01	4.14e-02	3.18e-04
 1.59424e+16	9.59e-01	4.08e-02	3.09e-04
 1.59546e+16	9.59e-01	4.02e-02	3.00e-04
 1.59658e+16	9.60e-01	3.97e-02	2.93e-04
 1.59780e+16	9.61e-01	3.91e-02	2.84e-04
 1.59913e+16	9.61e-01	3.86e-02	2.76e-04
 1.60033e+16	9.62e-01	3.81e-02	2.69e-04
 1.60142e+16	9.62e-01	3.76e-02	2.62e-04
 1.60262e+16	9.63e-01	3.71e-02	2.54e-04
 1.60391e+16	9.63e-01	3.66e-02	2.47e-04
 1.60509e+16	9.64e-01	3.61e-02	2.41e-04
 1.60616e+16	9.64e-01	3.56e-02	2.35e-04
 1.60734e+16	9.65e-01	3.51e-02	2.29e-04
 1.60861e+16	9.65e-01	3.47e-02	2.23e-04
 1.60976e+16	9.66e-01	3.42e-02	2.17e-04
 1.61102e+16	9.66e-01	3.37e-02	2.10e-04
 1.61239e+16	9.67e-01	3.32e-02	2.04e-04
 1.61363e+16	9.67e-01	3.28e-02	1.99e-04
 1.61499e+16	9.68e-01	3.23e-02	1.93e-04
 1.61646e+16	9.68e-01	3.18e-02	1.87e-04
 1.61780e+16	9.68e-01	3.14e-02	1.82e-04
 1.61902e+16	9.69e-01	3.10e-02	1.77e-04
 1.62035e+16	9.69e-01	3.05e-02	1.72e-04
 1.62179e+16	9.70e-01	3.00e-02	1.67e-04
 1.62310e+16	9.70e-01	2.97e-02	1.63e-04
 1.62453e+16	9.71e-01	2.92e-02	1.58e-04
 1.62608e+16	9.71e-01	2.88e-02	1.53e-04
 1.62749e+16	9.72e-01	2.83e-02	1.49e-04
 1.62904e+16	9.72e-01	2.79e-02	1.44e-04
 1.63071e+16	9.72e-01	2.74e-02	1.39e-04
 1.63223e+16	9.73e-01	2.70e-02	1.35e-04
 1.63361e+16	9.73e-01	2.66e-02	1.31e-04
 1.63512e+16	9.74e-01	2.62e-02	1.27e-04
 1.63676e+16	9.74e-01	2.58e-02	1.23e-04
 1.63824e+16	9.74e-01	2.54e-02	1.20e-04
 1.63987e+16	9.75e-01	2.50e-02	1.16e-04
 1.64163e+16	9.75e-01	2.46e-02	1.12e-04
 1.64323e+16	9.76e-01	2.42e-02	1.09e-04
 1.64469e+16	9.76e-01	2.39e-02	1.06e-04
 1.64629e+16	9.76e-01	2.35e-02	1.02e-04
 1.64801e+16	9.77e-01	2.31e-02	9.92e-05
 1.64958e+16	9.77e-01	2.28e-02	9.63e-05
 1.65130e+16	9.78e-01	2.24e-02	9.32e-05
 1.65315e+16	9.78e-01	2.20e-02	9.01e-05
 1.65484e+16	9.78e-01	2.17e-02	8.74e-05
 1.65669e+16	9.79e-01	2.13e-02	8.43e-05
 1.65869e+16	9.79e-01	2.09e-02	8.14e-05
 1.66051e+16	9.79e-01	2.06e-02	7.88e-05
 1.66250e+16	9.80e-01	2.02e-02	7.59e-05
 1.66465e+16	9.80e-01	1.98e-02	7.31e-05
 1.66660e+16	9.80e-01	1.95e-02	7.07e-05
 1.66839e+16	9.81e-01	1.92e-02	6.85e-05
 1.67034e+16	9.81e-01	1.88e-02	6.62e-05
 1.67244e+16	9.81e-01	1.85e-02	6.39e-05
 1.67436e+16	9.82e-01	1.82e-02	6.18e-05
 1.67646e+16	9.82e-01	1.79e-02	5.95e-05
 1.67873e+16	9.82e-01	1.75e-02	5.74e-05
 1.68079e+16	9.83e-01	1.72e-02	5.54e-05
 1.68305e+16	9.83e-01	1.69e-02	5.33e-05
 1.68549e+16	9.83e-01	1.65e-02	5.12e-05
 1.68772e+16	9.84e-01	1.62e-02	4.95e-05
 1.69015e+16	9.84e-01	1.59e-02	4.75e-05
 1.69278e+16	9.84e-01	1.56e-02	4.56e-05
 1.69517e+16	9.85e-01	1.53e-02	4.39e-05
 1.69735e+16	9.85e-01	1.50e-02	4.24e-05
 1.69973e+16	9.85e-01	1.47e-02	4.08e-05
 1.70231e+16	9.86e-01	1.45e-02	3.92e-05
 1.70465e+16	9.86e-01	1.42e-02	3.79e-05
 1.70722e+16	9.86e-01	1.39e-02	3.64e-05
 1.70999e+16	9.86e-01	1.36e-02	3.49e-05
 1.71251e+16	9.87e-01	1.34e-02	3.36e-05
 1.71527e+16	9.87e-01	1.31e-02	3.22e-05
 1.71826e+16	9.87e-01	1.28e-02	3.08e-05
 1.72097e+16	9.87e-01	1.25e-02	2.97e-05
 1.72395e+16	9.88e-01	1.23e-02	2.84e-05
 1.72716e+16	9.88e-01	1.20e-02	2.71e-05
 1.73008e+16	9.88e-01	1.17e-02	2.60e-05
 1.73329e+16	9.89e-01	1.15e-02	2.48e-05
 1.73674e+16	9.89e-01	1.12e-02	2.37e-05
 1.73989e+16	9.89e-01	1.09e-02	2.27e-05
 1.74334e+16	9.89e-01	1.07e-02	2.16e-05
 1.74706e+16	9.90e-01	1.04e-02	2.05e-05
 1.75045e+16	9.90e-01	1.02e-02	1.96e-05
 1.75416e+16	9.90e-01	9.90e-03	1.86e-05
 1.75817e+16	9.90e-01	9.64e-03	1.77e-05
 1.76182e+16	9.91e-01	9.42e-03	1.69e-05
 1.76581e+16	9.91e-01	9.16e-03	1.60e-05
 1.77013e+16	9.91e-01	8.91e-03	1.51e-05
 1.77405e+16	9.91e-01	8.69e-03	1.44e-05
 1.77835e+16	9.92e-01	8.45e-03	1.36e-05
 1.78300e+16	9.92e-01	8.21e-03	1.29e-05
 1.78722e+16	9.92e-01	8.00e-03	1.22e-05
 1.79186e+16	9.92e-01	7.76e-03	1.15e-05
 1.79686e+16	9.92e-01	7.53e-03	1.08e-05
 1.80233e+16	9.93e-01	7.27e-03	1.01e-05
 1.80903e+16	9.93e-01	6.97e-03	9.33e-06
 1.81624e+16	9.93e-01	6.68e-03	8.57e-06
 1.82346e+16	9.94e-01	6.40e-03	7.88e-06
 1.83087e+16	9.94e-01	6.13e-03	7.24e-06
 1.83861e+16	9.94e-01	5.87e-03	6.63e-06
 1.84665e+16	9.94e-01	5.60e-03	6.06e-06
 1.85496e+16	9.95e-01	5.35e-03	5.53e-06
 1.86356e+16	9.95e-01	5.10e-03	5.03e-06
 1.87242e+16	9.95e-01	4.86e-03	4.57e-06
 1.88147e+16	9.95e-01	4.63e-03	4.15e-06
 1.89066e+16	9.96e-01	4.41e-03	3.77e-06
 1.90000e+16	9.96e-01	4.20e-03	3.42e-06
 1.90953e+16	9.96e-01	4.00e-03	3.10e-06
 1.91922e+16	9.96e-01	3.80e-03	2.81e-06
 1.92910e+16	9.96e-01	3.62e-03	2.55e-06
 1.93901e+16	9.97e-01	3.44e-03	2.31e-06
 1.94906e+16	9.97e-01	3.28e-03	2.09e-06
 1.95947e+16	9.97e-01	3.11e-03	1.89e-06
 1.97013e+16	9.97e-01	2.96e-03	1.71e-06
 1.98094e+16	9.97e-01	2.81e-03	1.54e-06
 1.99194e+16	9.97e-01	2.66e-03	1.39e-06
 2.00314e+16	9.97e-01	2.53e-03	1.25e-06
 2.01456e+16	9.98e-01	2.39e-03	1.12e-06
 2.02618e+16	9.98e-01	2.27e-03	1.01e-06
 2.03802e+16	9.98e-01	2.15e-03	9.07e-07
 2.05010e+16	9.98e-01	2.03e-03	8.13e-07
 2.06242e+16	9.98e-01	1.92e-03	7.28e-07
 2.07498e+16	9.98e-01	1.82e-03	6.51e-07
 2.08780e+16	9.98e-01	1.72e-03	5.82e-07
 2.10089e+16	9.98e-01	1.62e-03	5.19e-07
 2.11424e+16	9.98e-01	1.53e-03	4.62e-07
 2.12788e+16	9.99e-01	1.44e-03	4.11e-07
 2.14181e+16	9.99e-01	1.36e-03	3.64e-07
 2.15606e+16	9.99e-01	1.28e-03	3.23e-07
 2.17063e+16	9.99e-01	1.20e-03	2.86e-07
 2.18554e+16	9.99e-01	1.13e-03	2.52e-07
 2.20081e+16	9.99e-01	1.06e-03	2.22e-07
 2.21646e+16	9.99e-01	9.91e-04	1.95e-07
 2.23251e+16	9.99e-01	9.27e-04	1.71e-07
 2.24898e+16	9.99e-01	8.67e-04	1.49e-07
 2.26591e+16	9.99e-01	8.09e-04	1.30e-07
 2.28333e+16	9.99e-01	7.53e-04	1.13e-07
 2.30124e+16	9.99e-01	7.02e-04	9.81e-08
 2.31932e+16	9.99e-01	6.53e-04	8.51e-08
 2.33788e+16	9.99e-01	6.06e-04	7.34e-08
 2.35758e+16	9.99e-01	5.61e-04	6.28e-08
 2.37816e+16	9.99e-01	5.17e-04	5.34e-08
 2.39940e+16	1.00e+00	4.76e-04	4.53e-08
 2.42140e+16	1.00e+00	4.37e-04	3.82e-08
 2.44433e+16	1.00e+00	4.00e-04	3.20e-08
 2.46834e+16	1.00e+00	3.65e-04	2.66e-08
 2.49352e+16	1.00e+00	3.31e-04	2.19e-08
 2.52005e+16	1.00e+00	2.99e-04	1.79e-08
 2.54808e+16	1.00e+00	2.69e-04	1.45e-08
 2.57802e+16	1.00e+00	2.41e-04	1.16e-08
 2.60958e+16	1.00e+00	2.14e-04	9.15e-09
 2.64331e+16	1.00e+00	1.89e-04	7.11e-09
 2.68028e+16	1.00e+00	1.64e-04	5.41e-09
 2.72043e+16	1.00e+00	1.42e-04	4.03e-09
 2.76439e+16	1.00e+00	1.21e-04	2.92e-09
 2.81331e+16	1.00e+00	1.01e-04	2.05e-09
 2.86792e+16	1.00e+00	8.33e-05	1.39e-09
 2.93114e+16	1.00e+00	6.64e-05	8.84e-10
 3.00208e+16	1.00e+00	5.19e-05	5.41e-10
 3.07423e+16	1.00e+00	4.07e-05	3.32e-10
 3.14502e+16	1.00e+00	3.21e-05	2.08e-10
 3.21564e+16	1.00e+00	2.54e-05	1.31e-10
 3.28743e+16	1.00e+00	2.01e-05	8.20e-11
 3.36054e+16	1.00e+00	1.60e-05	5.16e-11
 3.43495e+16	1.00e+00	1.26e-05	3.24e-11
 3.51053e+16	1.00e+00	1.00e-05	2.04e-11
 3.58747e+16	1.00e+00	7.92e-06	1.28e-11
 3.66611e+16	1.00e+00	6.27e-06	8.04e-12
 3.74618e+16	1.00e+00	4.97e-06	5.07e-12
 3.82817e+16	1.00e+00	3.93e-06	3.18e-12
 3.91246e+16	1.00e+00	3.10e-06	1.99e-12
 3.99870e+16	1.00e+00	2.45e-06	1.24e-12
 4.08681e+16	1.00e+00	1.93e-06	7.70e-13
 4.17708e+16	1.00e+00	1.52e-06	4.78e-13
 4.27023e+16	1.00e+00	1.19e-06	2.95e-13
 4.36662e+16	1.00e+00	9.32e-07	1.81e-13
 4.46635e+16	1.00e+00	7.26e-07	1.10e-13
 4.56989e+16	1.00e+00	5.63e-07	6.61e-14
 4.67805e+16	1.00e+00	4.34e-07	3.93e-14
 4.79182e+16	1.00e+00	3.32e-07	2.30e-14
 4.91252e+16	1.00e+00	2.51e-07	1.32e-14
 5.04192e+16	1.00e+00	1.87e-07	7.35e-15
 5.18263e+16	1.00e+00	1.37e-07	3.94e-15
 5.33451e+16	1.00e+00	9.88e-08	2.05e-15
 5.49110e+16	1.00e+00	7.13e-08	1.07e-15
 5.64769e+16	1.00e+00	5.19e-08	5.67e-16
 5.80428e+16	1.00e+00	3.81e-08	3.05e-16
 5.96087e+16	1.00e+00	2.81e-08	1.67e-16
 6.11745e+16	1.00e+00	2.09e-08	9.25e-17
 6.27404e+16	1.00e+00	1.57e-08	5.20e-17
 6.44251e+16	1.00e+00	1.15e-08	2.81e-17
 6.62782e+16	1.00e+00	8.32e-09	1.47e-17
 6.81606e+16	1.00e+00	6.04e-09	7.74e-18
 7.00035e+16	1.00e+00	4.45e-09	4.20e-18
 7.18179e+16	1.00e+00	3.32e-09	2.34e-18
 7.36189e+16	1.00e+00	2.49e-09	1.32e-18
 7.54019e+16	1.00e+00	1.89e-09	7.64e-19
 7.71525e+16	1.00e+00	1.45e-09	4.50e-19
 7.88629e+16	1.00e+00	1.13e-09	2.72e-19
 8.05266e+16	1.00e+00	8.86e-10	1.68e-19
 8.21384e+16	1.00e+00	7.05e-10	1.06e-19
 8.36960e+16	1.00e+00	5.67e-10	6.88e-20
 8.51959e+16	1.00e+00	4.61e-10	4.56e-20
 8.66368e+16	1.00e+00	3.80e-10	3.09e-20
 8.80165e+16	1.00e+00	3.16e-10	2.14e-20
 8.93334e+16	1.00e+00	2.66e-10	1.52e-20
 9.05908e+16	1.00e+00	2.25e-10	1.09e-20
 9.17910e+16	1.00e+00	1.93e-10	8.06e-21
 9.29342e+16	1.00e+00	1.67e-10	0.00e+00
 9.40194e+16	1.00e+00	1.46e-10	0.00e+00
 9.50495e+16	1.00e+00	1.28e-10	0.00e+00
 9.60287e+16	1.00e+00	1.14e-10	0.00e+00
 9.69598e+16	1.00e+00	1.02e-10	0.00e+00
 9.78441e+16	1.00e+00	9.13e-11	0.00e+00
 9.86833e+16	1.00e+00	8.25e-11	0.00e+00
 9.94793e+16	1.00e+00	7.51e-11	0.00e+00
 1.00235e+17	1.00e+00	6.87e-11	0.00e+00
 1.00952e+17	1.00e+00	6.31e-11	0.00e+00
 1.01633e+17	1.00e+00	5.82e-11	0.00e+00
 1.02280e+17	1.00e+00	5.40e-11	0.00e+00
 1.02894e+17	1.00e+00	5.03e-11	0.00e+00
 1.03477e+17	1.00e+00	4.70e-11	0.00e+00
 1.04031e+17	1.00e+00	4.42e-11	0.00e+00
 1.04557e+17	1.00e+00	4.16e-11	0.00e+00
 1.05058e+17	1.00e+00	3.93e-11	0.00e+00
 1.05535e+17	1.00e+00	3.72e-11	0.00e+00
 1.05988e+17	1.00e+00	3.54e-11	0.00e+00
 1.06419e+17	1.00e+00	3.37e-11	0.00e+00
 1.06830e+17	1.00e+00	3.23e-11	0.00e+00
 1.07221e+17	1.00e+00	3.08e-11	0.00e+00
 1.07594e+17	1.00e+00	2.96e-11	0.00e+00
 1.07951e+17	1.00e+00	2.85e-11	0.00e+00
 1.08291e+17	1.00e+00	2.74e-11	0.00e+00
 1.08616e+17	1.00e+00	2.64e-11	0.00e+00
 1.08926e+17	1.00e+00	2.56e-11	0.00e+00
 1.09224e+17	1.00e+00	2.47e-11	0.00e+00
 1.09509e+17	1.00e+00	2.40e-11	0.00e+00
 1.09783e+17	1.00e+00	2.33e-11	0.00e+00
 1.10046e+17	1.00e+00	2.26e-11	0.00e+00
 1.10299e+17	1.00e+00	2.20e-11	0.00e+00
 1.10542e+17	1.00e+00	2.15e-11	0.00e+00
 1.10778e+17	1.00e+00	2.09e-11	0.00e+00
 1.11006e+17	1.00e+00	2.04e-11	0.00e+00
 1.11226e+17	1.00e+00	1.99e-11	0.00e+00
 1.11441e+17	1.00e+00	1.95e-11	0.00e+00
 1.11650e+17	1.00e+00	1.91e-11	0.00e+00
 1.11854e+17	1.00e+00	1.86e-11	0.00e+00
 1.12055e+17	1.00e+00	1.83e-11	0.00e+00
 1.12252e+17	1.00e+00	1.79e-11	0.00e+00
 1.12447e+17	1.00e+00	1.75e-11	0.00e+00
 1.12641e+17	1.00e+00	1.72e-11	0.00e+00
 1.12835e+17	1.00e+00	1.68e-11	0.00e+00
 1.13031e+17	1.00e+00	1.65e-11	0.00e+00
 1.13228e+17	1.00e+00	1.61e-11	0.00e+00
 1.13430e+17	1.00e+00	1.58e-11	0.00e+00
 1.13638e+17	1.00e+00	1.54e-11	0.00e+00
 1.13855e+17	1.00e+00	1.51e-11	0.00e+00
 1.14084e+17	1.00e+00	1.47e-11	0.00e+00
 1.14329e+17	1.00e+00	1.44e-11	0.00e+00
 1.14596e+17	1.00e+00	1.40e-11	0.00e+00
 1.14892e+17	1.00e+00	1.35e-11	0.00e+00
 1.15229e+17	1.00e+00	1.31e-11	0.00e+00
 1.15621e+17	1.00e+00	1.25e-11	0.00e+00
 1.16094e+17	1.00e+00	1.19e-11	0.00e+00
 1.16685e+17	1.00e+00	1.12e-11	0.00e+00
 1.17446e+17	1.00e+00	1.03e-11	0.00e+00
 1.18435e+17	1.00e+00	9.32e-12	0.00e+00
 1.19721e+17	1.00e+00	8.18e-12	0.00e+00
 1.21392e+17	1.00e+00	6.91e-12	0.00e+00
 1.23565e+17	1.00e+00	5.58e-12	0.00e+00
 1.26358e+17	1.00e+00	4.27e-12	0.00e+00
 1.29488e+17	1.00e+00	3.22e-12	0.00e+00
 1.32618e+17	1.00e+00	2.46e-12	0.00e+00
 1.36146e+17	1.00e+00	1.84e-12	0.00e+00
 1.40150e+17	1.00e+00	1.35e-12	0.00e+00
 1.44328e+17	1.00e+00	1.00e-12	0.00e+00
 1.48646e+17	1.00e+00	7.57e-13	0.00e+00
 1.53069e+17	1.00e+00	5.89e-13	0.00e+00
 1.58228e+17	1.00e+00	4.56e-13	0.00e+00
 1.64366e+17	1.00e+00	3.37e-13	0.00e+00
 1.70941e+17	1.00e+00	2.56e-13	0.00e+00
 1.77779e+17	1.00e+00	2.05e-13	0.00e+00
 1.84890e+17	1.00e+00	1.69e-13	0.00e+00
 1.92286e+17	1.00e+00	1.41e-13	0.00e+00
 1.99977e+17	1.00e+00	1.19e-13	0.00e+00
 2.07769e+17	1.00e+00	1.01e-13	0.00e+00
 2.15163e+17	1.00e+00	8.82e-14	0.00e+00
 2.21785e+17	1.00e+00	8.19e-14	0.00e+00
 2.27705e+17	1.00e+00	7.82e-14	0.00e+00
 2.33234e+17	1.00e+00	7.37e-14	0.00e+00
 2.38562e+17	1.00e+00	6.75e-14	0.00e+00
 2.43378e+17	1.00e+00	6.08e-14	0.00e+00
 2.46936e+17	1.00e+00	5.70e-14	0.00e+00
 2.49028e+17	1.00e+00	5.68e-14	0.00e+00
 2.50196e+17	1.00e+00	5.74e-14	0.00e+00
 2.50896e+17	1.00e+00	5.76e-14	0.00e+00
 2.51317e+17	1.00e+00	5.78e-14	0.00e+00
 2.51604e+17	1.00e+00	5.79e-14	0.00e+00
 2.51889e+17	1.00e+00	5.80e-14	0.00e+00
 2.52214e+17	1.00e+00	5.79e-14	0.00e+00
 2.52550e+17	1.00e+00	5.79e-14	0.00e+00
 2.52855e+17	1.00e+00	5.78e-14	0.00e+00
 2.53107e+17	1.00e+00	5.77e-14	0.00e+00
 2.53333e+17	1.00e+00	5.76e-14	0.00e+00
 2.53572e+17	1.00e+00	5.74e-14	0.00e+00
 2.53816e+17	1.00e+00	5.73e-14	0.00e+00
 2.54039e+17	1.00e+00	5.71e-14	0.00e+00
 2.54231e+17	1.00e+00	5.69e-14	0.00e+00
 2.54403e+17	1.00e+00	5.68e-14	0.00e+00
 2.54577e+17	1.00e+00	5.66e-14	0.00e+00
 2.54750e+17	1.00e+00	5.65e-14	0.00e+00
 2.54921e+17	1.00e+00	5.63e-14	0.00e+00
 2.55087e+17	1.00e+00	5.61e-14	0.00e+00
 2.55233e+17	1.00e+00	5.59e-14	0.00e+00
 2.55367e+17	1.00e+00	5.58e-14	0.00e+00
 2.55496e+17	1.00e+00	5.56e-14	0.00e+00
 2.55626e+17	1.00e+00	5.55e-14	0.00e+00
 2.55757e+17	1.00e+00	5.53e-14	0.00e+00
 2.55886e+17	1.00e+00	5.51e-14	0.00e+00
 2.56012e+17	1.00e+00	5.49e-14	0.00e+00
 2.56127e+17	1.00e+00	5.48e-14	0.00e+00
 2.56234e+17	1.00e+00	5.46e-14	0.00e+00
 2.56345e+17	1.00e+00	5.45e-14	0.00e+00
 2.56461e+17	1.00e+00	5.43e-14	0.00e+00
 2.56574e+17	1.00e+00	5.41e-14	0.00e+00
 2.56681e+17	1.00e+00	5.39e-14	0.00e+00
 2.56789e+17	1.00e+00	5.38e-14	0.00e+00
 2.56898e+17	1.00e+00	5.36e-14	0.00e+00
 2.57002e+17	1.00e+00	5.34e-14	0.00e+00
 2.57104e+17	1.00e+00	5.32e-14	0.00e+00
 2.57210e+17	1.00e+00	5.30e-14	0.00e+00
 2.57321e+17	1.00e+00	5.28e-14	0.00e+00
 2.57430e+17	1.00e+00	5.26e-14	0.00e+00
 2.57535e+17	1.00e+00	5.24e-14	0.00e+00
 2.57643e+17	1.00e+00	5.22e-14	0.00e+00
 2.57757e+17	1.00e+00	5.20e-14	0.00e+00
 2.57872e+17	1.00e+00	5.17e-14	0.00e+00
 2.57986e+17	1.00e+00	5.15e-14	0.00e+00
 2.58100e+17	1.00e+00	5.13e-14	0.00e+00
 2.58215e+17	1.00e+00	5.10e-14	0.00e+00
 2.58337e+17	1.00e+00	5.08e-14	0.00e+00
 2.58464e+17	1.00e+00	5.05e-14	0.00e+00
 2.58591e+17	1.00e+00	5.02e-14	0.00e+00
 2.58716e+17	1.00e+00	4.99e-14	0.00e+00
 2.58847e+17	1.00e+00	4.96e-14	0.00e+00
 2.58983e+17	1.00e+00	4.93e-14	0.00e+00
 2.59128e+17	1.00e+00	4.90e-14	0.00e+00
 2.59275e+17	1.00e+00	4.87e-14	0.00e+00
 2.59419e+17	1.00e+00	4.83e-14	0.00e+00
 2.59563e+17	1.00e+00	4.80e-14	0.00e+00
 2.59710e+17	1.00e+00	4.76e-14	0.00e+00
 2.59871e+17	1.00e+00	4.73e-14	0.00e+00
 2.60035e+17	1.00e+00	4.69e-14	0.00e+00
 2.60200e+17	1.00e+00	4.64e-14	0.00e+00
 2.60368e+17	1.00e+00	4.60e-14	0.00e+00
 2.60541e+17	1.00e+00	4.56e-14	0.00e+00
 2.60725e+17	1.00e+00	4.52e-14	0.00e+00
 2.60915e+17	1.00e+00	4.47e-14	0.00e+00
 2.61106e+17	1.00e+00	4.42e-14	0.00e+00
 2.61300e+17	1.00e+00	4.37e-14	0.00e+00
 2.61498e+17	1.00e+00	4.32e-14	0.00e+00
 2.61703e+17	1.00e+00	4.27e-14	0.00e+00
 2.61913e+17	1.00e+00	4.22e-14	0.00e+00
 2.62131e+17	1.00e+00	4.16e-14	0.00e+00
 2.62359e+17	1.00e+00	4.10e-14	0.00e+00
 2.62595e+17	1.00e+00	4.04e-14	0.00e+00
 2.62838e+17	1.00e+00	3.98e-14	0.00e+00
 2.63083e+17	1.00e+00	3.92e-14	0.00e+00
 2.63332e+17	1.00e+00	3.86e-14	0.00e+00
 2.63597e+17	1.00e+00	3.79e-14	0.00e+00
 2.63872e+17	1.00e+00	3.71e-14	0.00e+00
 2.64134e+17	1.00e+00	3.65e-14	0.00e+00
 2.64410e+17	1.00e+00	3.58e-14	0.00e+00
 2.64722e+17	1.00e+00	3.50e-14	0.00e+00
 2.65032e+17	1.00e+00	3.42e-14	0.00e+00
 2.65331e+17	1.00e+00	3.35e-14	0.00e+00
 2.65637e+17	1.00e+00	3.27e-14	0.00e+00
 2.65959e+17	1.00e+00	3.19e-14	0.00e+00
 2.66297e+17	1.00e+00	3.11e-14	0.00e+00
 2.66639e+17	1.00e+00	3.03e-14	0.00e+00
 2.66984e+17	1.00e+00	2.95e-14	0.00e+00
 2.67339e+17	1.00e+00	2.86e-14	0.00e+00
 2.67705e+17	1.00e+00	2.77e-14	0.00e+00
 2.68077e+17	1.00e+00	2.69e-14	0.00e+00
 2.68462e+17	1.00e+00	2.60e-14	0.00e+00
 2.68860e+17	1.00e+00	2.51e-14	0.00e+00
 2.69265e+17	1.00e+00	2.42e-14	0.00e+00
 2.69684e+17	1.00e+00	2.33e-14	0.00e+00
 2.70107e+17	1.00e+00	2.24e-14	0.00e+00
 2.70534e+17	1.00e+00	2.15e-14	0.00e+00
 2.70977e+17	1.00e+00	2.06e-14	0.00e+00
 2.71434e+17	1.00e+00	1.97e-14	0.00e+00
 2.71896e+17	1.00e+00	1.88e-14	0.00e+00
 2.72384e+17	1.00e+00	1.79e-14	0.00e+00
 2.72895e+17	1.00e+00	1.70e-14	0.00e+00
 2.73394e+17	1.00e+00	1.61e-14	0.00e+00
 2.73895e+17	1.00e+00	1.53e-14	0.00e+00
 2.74426e+17	1.00e+00	1.45e-14	0.00e+00
 2.75009e+17	1.00e+00	1.36e-14	0.00e+00
 2.75606e+17	1.00e+00	1.27e-14	0.00e+00
 2.76187e+17	1.00e+00	1.18e-14	0.00e+00
 2.76784e+17	1.00e+00	1.10e-14	0.00e+00
 2.77419e+17	1.00e+00	1.03e-14	0.00e+00
 2.78063e+17	1.00e+00	9.47e-15	0.00e+00
 2.78653e+17	1.00e+00	8.75e-15	0.00e+00
 2.79158e+17	1.00e+00	8.17e-15	0.00e+00
 2.79606e+17	1.00e+00	7.69e-15	0.00e+00
 2.80035e+17	1.00e+00	7.27e-15	0.00e+00
 2.80465e+17	1.00e+00	6.87e-15	0.00e+00
 2.80889e+17	1.00e+00	6.49e-15	0.00e+00
 2.81289e+17	1.00e+00	6.13e-15	0.00e+00
 2.81661e+17	1.00e+00	5.81e-15	0.00e+00
 2.82011e+17	1.00e+00	5.52e-15	0.00e+00
 2.82350e+17	1.00e+00	5.26e-15	0.00e+00
 2.82680e+17	1.00e+00	5.00e-15	0.00e+00
 2.83000e+17	1.00e+00	4.77e-15	0.00e+00
 2.83304e+17	1.00e+00	4.54e-15	0.00e+00
 2.83592e+17	1.00e+00	4.34e-15	0.00e+00
 2.83869e+17	1.00e+00	4.15e-15	0.00e+00
 2.84135e+17	1.00e+00	3.97e-15	0.00e+00
 2.84394e+17	1.00e+00	3.81e-15	0.00e+00
 2.84643e+17	1.00e+00	3.64e-15	0.00e+00
 2.84881e+17	1.00e+00	3.49e-15	0.00e+00
 2.85109e+17	1.00e+00	3.36e-15	0.00e+00
 2.85328e+17	1.00e+00	3.23e-15	0.00e+00
 2.85540e+17	1.00e+00	3.12e-15	0.00e+00
 2.85750e+17	1.00e+00	3.00e-15	0.00e+00
 2.85956e+17	1.00e+00	2.89e-15	0.00e+00
 2.86154e+17	1.00e+00	2.79e-15	0.00e+00
 2.86344e+17	1.00e+00	2.69e-15	0.00e+00
 2.86528e+17	1.00e+00	2.60e-15	0.00e+00
 2.86710e+17	1.00e+00	2.51e-15	0.00e+00
 2.86890e+17	1.00e+00	2.43e-15	0.00e+00
 2.87065e+17	1.00e+00	2.35e-15	0.00e+00
 2.87264e+17	1.00e+00	2.27e-15	0.00e+00
 2.87522e+17	1.00e+00	2.18e-15	0.00e+00
 2.87858e+17	1.00e+00	2.05e-15	0.00e+00
 2.88295e+17	1.00e+00	1.91e-15	0.00e+00
 2.88863e+17	1.00e+00	1.73e-15	0.00e+00
 2.89601e+17	1.00e+00	1.52e-15	0.00e+00
 2.90427e+17	1.00e+00	1.29e-15	0.00e+00
 2.91160e+17	1.00e+00	1.10e-15	0.00e+00
 2.91743e+17	1.00e+00	9.62e-16	0.00e+00
 2.92244e+17	1.00e+00	8.66e-16	0.00e+00
 2.92756e+17	1.00e+00	7.84e-16	0.00e+00
 2.93328e+17	1.00e+00	7.03e-16	0.00e+00
 2.93938e+17	1.00e+00	6.21e-16	0.00e+00
 2.94533e+17	1.00e+00	5.48e-16	0.00e+00
 2.95094e+17	1.00e+00	4.87e-16	0.00e+00
 2.95643e+17	1.00e+00	4.36e-16	0.00e+00
 2.96215e+17	1.00e+00	3.89e-16	0.00e+00
 2.96828e+17	1.00e+00	3.45e-16	0.00e+00
 2.97472e+17	1.00e+00	3.03e-16	0.00e+00
 2.98136e+17	1.00e+00	2.65e-16	0.00e+00
 2.98826e+17	1.00e+00	2.31e-16	0.00e+00
 2.99568e+17	1.00e+00	2.00e-16	0.00e+00
 3.00403e+17	1.00e+00	1.71e-16	0.00e+00
 3.01371e+17	1.00e+00	1.43e-16	0.00e+00
 3.02534e+17	1.00e+00	1.16e-16	0.00e+00
 3.04008e+17	1.00e+00	8.96e-17	0.00e+00
 3.05923e+17	1.00e+00	6.45e-17	0.00e+00
 3.08413e+17	1.00e+00	4.24e-17	0.00e+00
 3.11649e+17	1.00e+00	2.49e-17	0.00e+00
 3.15857e+17	1.00e+00	1.29e-17	0.00e+00
 3.21327e+17	1.00e+00	5.84e-18	0.00e+00
 3.28438e+17	1.00e+00	2.45e-18	0.00e+00
 3.37683e+17	1.00e+00	9.58e-19	0.00e+00
 3.49700e+17	1.00e+00	3.74e-19	0.00e+00
 3.63623e+17	1.00e+00	1.42e-19	0.00e+00
 3.77371e+17	1.00e+00	5.87e-20	0.00e+00
 3.89624e+17	1.00e+00	2.75e-20	0.00e+00
 4.00189e+17	1.00e+00	1.45e-20	0.00e+00
 4.09867e+17	1.00e+00	8.16e-21	0.00e+00
 4.19348e+17	1.00e+00	4.65e-21	0.00e+00
 4.28645e+17	1.00e+00	2.69e-21	0.00e+00
 4.37366e+17	1.00e+00	1.62e-21	0.00e+00
 4.45279e+17	1.00e+00	1.02e-21	0.00e+00
 4.52597e+17	1.00e+00	6.68e-22	0.00e+00
 4.60796e+17	1.00e+00	4.12e-22	0.00e+00
 4.69402e+17	1.00e+00	2.50e-22	0.00e+00
 4.76540e+17	1.00e+00	1.66e-22	0.00e+00
 4.82547e+17	1.00e+00	1.17e-22	0.00e+00
