#depth	C	C+	C+2	C+3	C+4	C+5	C+6	C[1]	C[2]	C[3]	C+[1]	C+[2]	CO
 1.49634e+10	0.00e+00	2.55e-31	7.71e-22	7.13e-13	2.22e-03	7.67e-01	2.30e-01	0.00e+00	0.00e+00	0.00e+00	0.00e+00	0.00e+00	3.40e-275
 4.54887e+10	1.07e-41	3.61e-31	1.01e-21	8.57e-13	2.46e-03	7.81e-01	2.16e-01	0.00e+00	0.00e+00	0.00e+00	0.00e+00	0.00e+00	4.92e-134
 7.72350e+10	0.00e+00	5.15e-31	1.32e-21	1.04e-12	2.74e-03	7.95e-01	2.02e-01	0.00e+00	0.00e+00	0.00e+00	0.00e+00	0.00e+00	5.03e-193
 1.10251e+11	2.56e-41	7.35e-31	1.74e-21	1.25e-12	3.05e-03	8.07e-01	1.89e-01	0.00e+00	0.00e+00	0.00e+00	0.00e+00	0.00e+00	5.02e-133
 1.44588e+11	0.00e+00	1.05e-30	2.29e-21	1.52e-12	3.39e-03	8.20e-01	1.77e-01	0.00e+00	0.00e+00	0.00e+00	0.00e+00	0.00e+00	7.24e-181
 1.76768e+11	5.89e-41	1.44e-30	2.92e-21	1.80e-12	3.73e-03	8.30e-01	1.66e-01	0.00e+00	0.00e+00	0.00e+00	0.00e+00	0.00e+00	4.59e-132
 2.05455e+11	0.00e+00	1.91e-30	3.62e-21	2.08e-12	4.06e-03	8.38e-01	1.58e-01	0.00e+00	0.00e+00	0.00e+00	0.00e+00	0.00e+00	0.00e+00
 2.37686e+11	1.21e-40	2.58e-30	4.57e-21	2.45e-12	4.44e-03	8.47e-01	1.48e-01	0.00e+00	0.00e+00	0.00e+00	0.00e+00	0.00e+00	3.08e-131
 2.75985e+11	0.00e+00	3.65e-30	5.96e-21	2.94e-12	4.92e-03	8.57e-01	1.38e-01	0.00e+00	0.00e+00	0.00e+00	0.00e+00	0.00e+00	0.00e+00
 3.14564e+11	2.81e-40	5.12e-30	7.72e-21	3.52e-12	5.43e-03	8.66e-01	1.29e-01	0.00e+00	0.00e+00	0.00e+00	0.00e+00	0.00e+00	2.91e-130
 3.50715e+11	0.00e+00	6.94e-30	9.76e-21	4.13e-12	5.94e-03	8.73e-01	1.21e-01	0.00e+00	0.00e+00	0.00e+00	0.00e+00	0.00e+00	0.00e+00
 3.90699e+11	6.16e-40	9.65e-30	1.26e-20	4.92e-12	6.54e-03	8.80e-01	1.13e-01	0.00e+00	0.00e+00	0.00e+00	0.00e+00	0.00e+00	2.32e-129
 4.36254e+11	0.00e+00	1.38e-29	1.65e-20	5.95e-12	7.26e-03	8.88e-01	1.05e-01	0.00e+00	0.00e+00	0.00e+00	0.00e+00	0.00e+00	0.00e+00
 4.81628e+11	1.47e-39	1.95e-29	2.16e-20	7.13e-12	8.02e-03	8.95e-01	9.73e-02	0.00e+00	0.00e+00	0.00e+00	0.00e+00	0.00e+00	2.34e-128
 5.28816e+11	0.00e+00	2.76e-29	2.81e-20	8.56e-12	8.87e-03	9.01e-01	9.03e-02	0.00e+00	0.00e+00	0.00e+00	0.00e+00	0.00e+00	0.00e+00
 5.79895e+11	3.54e-39	3.97e-29	3.71e-20	1.04e-11	9.84e-03	9.07e-01	8.34e-02	0.00e+00	0.00e+00	0.00e+00	0.00e+00	0.00e+00	2.40e-127
 6.31961e+11	0.00e+00	5.66e-29	4.87e-20	1.25e-11	1.09e-02	9.12e-01	7.70e-02	0.00e+00	0.00e+00	0.00e+00	0.00e+00	0.00e+00	0.00e+00
 6.80552e+11	8.18e-39	7.80e-29	6.23e-20	1.47e-11	1.19e-02	9.16e-01	7.17e-02	0.00e+00	0.00e+00	0.00e+00	0.00e+00	0.00e+00	2.21e-126
 7.25421e+11	0.00e+00	1.04e-28	7.76e-20	1.71e-11	1.29e-02	9.20e-01	6.72e-02	0.00e+00	0.00e+00	0.00e+00	0.00e+00	0.00e+00	0.00e+00
 7.76718e+11	1.74e-38	1.43e-28	9.92e-20	2.03e-11	1.42e-02	9.23e-01	6.25e-02	0.00e+00	0.00e+00	0.00e+00	0.00e+00	0.00e+00	1.62e-125
 8.36789e+11	0.00e+00	2.05e-28	1.31e-19	2.44e-11	1.57e-02	9.27e-01	5.75e-02	0.00e+00	0.00e+00	0.00e+00	0.00e+00	0.00e+00	0.00e+00
 8.96255e+11	4.17e-38	2.90e-28	1.70e-19	2.92e-11	1.72e-02	9.30e-01	5.31e-02	0.00e+00	0.00e+00	0.00e+00	0.00e+00	0.00e+00	1.64e-124
 9.52058e+11	0.00e+00	3.97e-28	2.16e-19	3.44e-11	1.88e-02	9.32e-01	4.93e-02	0.00e+00	0.00e+00	0.00e+00	0.00e+00	0.00e+00	0.00e+00
 1.01403e+12	9.35e-38	5.56e-28	2.80e-19	4.10e-11	2.07e-02	9.34e-01	4.56e-02	0.00e+00	0.00e+00	0.00e+00	0.00e+00	0.00e+00	1.37e-123
 1.08451e+12	0.00e+00	8.04e-28	3.71e-19	4.97e-11	2.29e-02	9.35e-01	4.17e-02	0.00e+00	0.00e+00	0.00e+00	0.00e+00	0.00e+00	0.00e+00
 1.15412e+12	2.29e-37	1.14e-27	4.86e-19	5.96e-11	2.52e-02	9.36e-01	3.83e-02	0.00e+00	0.00e+00	0.00e+00	0.00e+00	0.00e+00	1.46e-122
 1.22651e+12	0.00e+00	1.63e-27	6.38e-19	7.16e-11	2.77e-02	9.37e-01	3.52e-02	0.00e+00	0.00e+00	0.00e+00	0.00e+00	0.00e+00	0.00e+00
 1.30549e+12	5.65e-37	2.36e-27	8.48e-19	8.69e-11	3.07e-02	9.37e-01	3.21e-02	0.00e+00	0.00e+00	0.00e+00	0.00e+00	0.00e+00	1.57e-121
 1.38511e+12	0.00e+00	3.39e-27	1.12e-18	1.05e-10	3.38e-02	9.37e-01	2.94e-02	0.00e+00	0.00e+00	0.00e+00	0.00e+00	0.00e+00	0.00e+00
 1.46791e+12	1.39e-36	4.88e-27	1.48e-18	1.26e-10	3.73e-02	9.36e-01	2.68e-02	0.00e+00	0.00e+00	0.00e+00	0.00e+00	0.00e+00	1.67e-120
 1.55328e+12	0.00e+00	7.00e-27	1.95e-18	1.52e-10	4.10e-02	9.34e-01	2.45e-02	0.00e+00	0.00e+00	0.00e+00	0.00e+00	0.00e+00	0.00e+00
 1.63686e+12	3.32e-36	9.84e-27	2.53e-18	1.82e-10	4.49e-02	9.33e-01	2.24e-02	0.00e+00	0.00e+00	0.00e+00	0.00e+00	0.00e+00	1.65e-119
 1.72705e+12	0.00e+00	1.40e-26	3.33e-18	2.18e-10	4.93e-02	9.30e-01	2.05e-02	0.00e+00	0.00e+00	0.00e+00	0.00e+00	0.00e+00	0.00e+00
 1.82606e+12	8.24e-36	2.04e-26	4.44e-18	2.65e-10	5.45e-02	9.27e-01	1.85e-02	0.00e+00	0.00e+00	0.00e+00	0.00e+00	0.00e+00	1.79e-118
 1.92903e+12	0.00e+00	2.98e-26	5.93e-18	3.22e-10	6.01e-02	9.23e-01	1.68e-02	0.00e+00	0.00e+00	0.00e+00	0.00e+00	0.00e+00	0.00e+00
 2.03611e+12	2.10e-35	4.34e-26	7.92e-18	3.91e-10	6.63e-02	9.19e-01	1.52e-02	0.00e+00	0.00e+00	0.00e+00	0.00e+00	0.00e+00	2.06e-117
 2.14749e+12	0.00e+00	6.32e-26	1.06e-17	4.75e-10	7.30e-02	9.13e-01	1.37e-02	0.00e+00	0.00e+00	0.00e+00	0.00e+00	0.00e+00	0.00e+00
 2.24810e+12	5.02e-35	8.77e-26	1.36e-17	5.63e-10	7.94e-02	9.08e-01	1.25e-02	0.00e+00	0.00e+00	0.00e+00	0.00e+00	0.00e+00	2.02e-116
 2.33175e+12	6.95e-35	1.14e-25	1.67e-17	6.45e-10	8.50e-02	9.03e-01	1.16e-02	0.00e+00	0.00e+00	0.00e+00	0.00e+00	0.00e+00	3.41e-98
 2.42329e+12	9.83e-35	1.51e-25	2.07e-17	7.45e-10	9.12e-02	8.98e-01	1.08e-02	0.00e+00	0.00e+00	0.00e+00	0.00e+00	0.00e+00	0.00e+00
 2.53950e+12	1.50e-34	2.12e-25	2.70e-17	8.90e-10	9.95e-02	8.91e-01	9.75e-03	0.00e+00	0.00e+00	0.00e+00	0.00e+00	0.00e+00	3.58e-115
 2.66086e+12	2.30e-34	3.00e-25	3.53e-17	1.06e-09	1.09e-01	8.83e-01	8.82e-03	0.00e+00	0.00e+00	0.00e+00	0.00e+00	0.00e+00	4.72e-97
 2.76817e+12	3.31e-34	4.02e-25	4.43e-17	1.24e-09	1.17e-01	8.75e-01	8.09e-03	0.00e+00	0.00e+00	0.00e+00	0.00e+00	0.00e+00	0.00e+00
 2.86765e+12	4.58e-34	5.22e-25	5.43e-17	1.42e-09	1.25e-01	8.68e-01	7.48e-03	0.00e+00	0.00e+00	0.00e+00	0.00e+00	0.00e+00	6.65e-114
 2.98049e+12	6.54e-34	6.96e-25	6.79e-17	1.65e-09	1.34e-01	8.59e-01	6.85e-03	0.00e+00	0.00e+00	0.00e+00	0.00e+00	0.00e+00	4.62e-96
 3.12012e+12	9.98e-34	9.81e-25	8.86e-17	1.97e-09	1.46e-01	8.48e-01	6.16e-03	0.00e+00	0.00e+00	0.00e+00	0.00e+00	0.00e+00	0.00e+00
 3.25945e+12	1.50e-33	1.36e-24	1.14e-16	2.33e-09	1.58e-01	8.37e-01	5.56e-03	0.00e+00	0.00e+00	0.00e+00	0.00e+00	0.00e+00	1.50e-112
 3.37917e+12	2.09e-33	1.78e-24	1.41e-16	2.69e-09	1.68e-01	8.27e-01	5.10e-03	0.00e+00	0.00e+00	0.00e+00	0.00e+00	0.00e+00	5.81e-95
 3.50855e+12	2.95e-33	2.36e-24	1.76e-16	3.11e-09	1.80e-01	8.15e-01	4.65e-03	0.00e+00	0.00e+00	0.00e+00	0.00e+00	0.00e+00	9.06e-112
 3.66827e+12	4.45e-33	3.29e-24	2.28e-16	3.69e-09	1.95e-01	8.01e-01	4.16e-03	0.00e+00	0.00e+00	0.00e+00	0.00e+00	0.00e+00	3.03e-94
 3.83228e+12	6.65e-33	4.56e-24	2.94e-16	4.37e-09	2.10e-01	7.86e-01	3.73e-03	0.00e+00	0.00e+00	0.00e+00	0.00e+00	0.00e+00	7.87e-111
 3.98105e+12	9.43e-33	6.05e-24	3.66e-16	5.06e-09	2.24e-01	7.72e-01	3.38e-03	0.00e+00	0.00e+00	0.00e+00	0.00e+00	0.00e+00	1.56e-93
 4.14519e+12	1.36e-32	8.15e-24	4.62e-16	5.91e-09	2.40e-01	7.57e-01	3.04e-03	0.00e+00	0.00e+00	0.00e+00	0.00e+00	0.00e+00	5.36e-110
 4.33768e+12	2.05e-32	1.14e-23	6.00e-16	7.02e-09	2.59e-01	7.39e-01	2.69e-03	0.00e+00	0.00e+00	0.00e+00	0.00e+00	0.00e+00	8.62e-93
 4.52976e+12	3.03e-32	1.56e-23	7.69e-16	8.26e-09	2.77e-01	7.20e-01	2.39e-03	0.00e+00	0.00e+00	0.00e+00	0.00e+00	0.00e+00	4.68e-109
 4.71297e+12	4.32e-32	2.08e-23	9.62e-16	9.58e-09	2.95e-01	7.03e-01	2.15e-03	0.00e+00	0.00e+00	0.00e+00	0.00e+00	0.00e+00	4.45e-92
 4.91486e+12	6.28e-32	2.81e-23	1.22e-15	1.12e-08	3.15e-01	6.84e-01	1.91e-03	0.00e+00	0.00e+00	0.00e+00	0.00e+00	0.00e+00	3.40e-108
 5.14139e+12	9.34e-32	3.88e-23	1.57e-15	1.32e-08	3.36e-01	6.62e-01	1.68e-03	0.00e+00	0.00e+00	0.00e+00	0.00e+00	0.00e+00	2.46e-91
 5.34544e+12	1.31e-31	5.12e-23	1.94e-15	1.52e-08	3.56e-01	6.43e-01	1.50e-03	0.00e+00	0.00e+00	0.00e+00	0.00e+00	0.00e+00	2.61e-107
 5.51421e+12	1.72e-31	6.37e-23	2.30e-15	1.69e-08	3.71e-01	6.27e-01	1.37e-03	0.00e+00	0.00e+00	0.00e+00	0.00e+00	0.00e+00	9.63e-91
 5.69867e+12	2.29e-31	8.01e-23	2.76e-15	1.90e-08	3.88e-01	6.10e-01	1.24e-03	0.00e+00	0.00e+00	0.00e+00	0.00e+00	0.00e+00	1.23e-106
 5.93395e+12	3.23e-31	1.06e-22	3.43e-15	2.19e-08	4.10e-01	5.89e-01	1.10e-03	0.00e+00	0.00e+00	0.00e+00	0.00e+00	0.00e+00	4.00e-90
 6.17145e+12	4.52e-31	1.39e-22	4.24e-15	2.51e-08	4.31e-01	5.68e-01	9.73e-04	0.00e+00	0.00e+00	0.00e+00	0.00e+00	0.00e+00	8.36e-106
 6.36853e+12	5.90e-31	1.73e-22	5.00e-15	2.79e-08	4.48e-01	5.51e-01	8.82e-04	0.00e+00	0.00e+00	0.00e+00	0.00e+00	0.00e+00	1.56e-89
 6.57692e+12	7.73e-31	2.15e-22	5.93e-15	3.11e-08	4.65e-01	5.34e-01	7.98e-04	0.00e+00	0.00e+00	0.00e+00	0.00e+00	0.00e+00	3.86e-105
 6.84356e+12	1.08e-30	2.81e-22	7.29e-15	3.55e-08	4.87e-01	5.12e-01	7.03e-04	0.00e+00	0.00e+00	0.00e+00	0.00e+00	0.00e+00	6.23e-89
 7.12274e+12	1.50e-30	3.67e-22	8.97e-15	4.05e-08	5.09e-01	4.91e-01	6.17e-04	0.00e+00	0.00e+00	0.00e+00	0.00e+00	0.00e+00	2.61e-104
 7.36801e+12	1.98e-30	4.59e-22	1.07e-14	4.52e-08	5.27e-01	4.72e-01	5.52e-04	0.00e+00	0.00e+00	0.00e+00	0.00e+00	0.00e+00	2.55e-88
 7.63237e+12	2.65e-30	5.79e-22	1.28e-14	5.05e-08	5.46e-01	4.53e-01	4.91e-04	0.00e+00	0.00e+00	0.00e+00	0.00e+00	0.00e+00	1.36e-103
 7.92502e+12	3.59e-30	7.40e-22	1.54e-14	5.69e-08	5.67e-01	4.33e-01	4.32e-04	0.00e+00	0.00e+00	0.00e+00	0.00e+00	0.00e+00	1.02e-87
 8.19587e+12	4.71e-30	9.20e-22	1.82e-14	6.32e-08	5.85e-01	4.15e-01	3.86e-04	0.00e+00	0.00e+00	0.00e+00	0.00e+00	0.00e+00	7.44e-103
 8.48938e+12	6.24e-30	1.15e-21	2.17e-14	7.03e-08	6.03e-01	3.97e-01	3.42e-04	0.00e+00	0.00e+00	0.00e+00	0.00e+00	0.00e+00	3.77e-87
 8.81594e+12	8.43e-30	1.47e-21	2.61e-14	7.88e-08	6.23e-01	3.77e-01	2.99e-04	0.00e+00	0.00e+00	0.00e+00	0.00e+00	0.00e+00	4.23e-102
 9.12073e+12	1.10e-29	1.82e-21	3.08e-14	8.72e-08	6.40e-01	3.60e-01	2.66e-04	0.00e+00	0.00e+00	0.00e+00	0.00e+00	0.00e+00	1.46e-86
 9.45223e+12	1.46e-29	2.28e-21	3.65e-14	9.68e-08	6.58e-01	3.42e-01	2.34e-04	0.00e+00	0.00e+00	0.00e+00	0.00e+00	0.00e+00	2.22e-101
 9.82081e+12	1.97e-29	2.90e-21	4.38e-14	1.08e-07	6.76e-01	3.24e-01	2.04e-04	0.00e+00	0.00e+00	0.00e+00	0.00e+00	0.00e+00	5.91e-86
 1.01651e+13	2.58e-29	3.59e-21	5.16e-14	1.19e-07	6.92e-01	3.08e-01	1.80e-04	0.00e+00	0.00e+00	0.00e+00	0.00e+00	0.00e+00	1.25e-100
 1.05403e+13	3.41e-29	4.49e-21	6.10e-14	1.32e-07	7.09e-01	2.91e-01	1.58e-04	0.00e+00	0.00e+00	0.00e+00	0.00e+00	0.00e+00	2.25e-85
 1.09592e+13	4.60e-29	5.70e-21	7.32e-14	1.47e-07	7.26e-01	2.74e-01	1.36e-04	0.00e+00	0.00e+00	0.00e+00	0.00e+00	0.00e+00	7.45e-100
 1.13535e+13	6.04e-29	7.08e-21	8.61e-14	1.62e-07	7.41e-01	2.59e-01	1.20e-04	0.00e+00	0.00e+00	0.00e+00	0.00e+00	0.00e+00	9.15e-85
 1.17843e+13	8.02e-29	8.87e-21	1.02e-13	1.79e-07	7.56e-01	2.44e-01	1.04e-04	0.00e+00	0.00e+00	0.00e+00	0.00e+00	0.00e+00	4.20e-99
 1.22667e+13	1.09e-28	1.13e-20	1.22e-13	2.00e-07	7.71e-01	2.29e-01	8.93e-05	0.00e+00	0.00e+00	0.00e+00	0.00e+00	0.00e+00	3.95e-84
 1.27235e+13	1.43e-28	1.41e-20	1.44e-13	2.20e-07	7.85e-01	2.15e-01	7.77e-05	0.00e+00	0.00e+00	0.00e+00	0.00e+00	0.00e+00	2.60e-98
 1.32152e+13	1.91e-28	1.76e-20	1.70e-13	2.42e-07	7.98e-01	2.02e-01	6.73e-05	0.00e+00	0.00e+00	0.00e+00	0.00e+00	0.00e+00	1.64e-83
 1.37737e+13	2.61e-28	2.26e-20	2.05e-13	2.69e-07	8.12e-01	1.88e-01	5.74e-05	0.00e+00	0.00e+00	0.00e+00	0.00e+00	0.00e+00	1.73e-97
 1.43232e+13	3.49e-28	2.84e-20	2.43e-13	2.97e-07	8.25e-01	1.75e-01	4.93e-05	0.00e+00	0.00e+00	0.00e+00	0.00e+00	0.00e+00	7.59e-83
 1.48948e+13	4.68e-28	3.58e-20	2.88e-13	3.28e-07	8.36e-01	1.64e-01	4.24e-05	0.00e+00	0.00e+00	0.00e+00	0.00e+00	0.00e+00	1.12e-96
 1.55205e+13	6.37e-28	4.56e-20	3.43e-13	3.62e-07	8.48e-01	1.52e-01	3.61e-05	0.00e+00	0.00e+00	0.00e+00	0.00e+00	0.00e+00	3.56e-82
 1.61712e+13	8.66e-28	5.80e-20	4.10e-13	4.00e-07	8.59e-01	1.41e-01	3.08e-05	0.00e+00	0.00e+00	0.00e+00	0.00e+00	0.00e+00	8.12e-96
 1.68480e+13	1.18e-27	7.38e-20	4.87e-13	4.41e-07	8.69e-01	1.31e-01	2.62e-05	0.00e+00	0.00e+00	0.00e+00	0.00e+00	0.00e+00	1.77e-81
 1.74892e+13	1.56e-27	9.18e-20	5.71e-13	4.82e-07	8.77e-01	1.23e-01	2.26e-05	0.00e+00	0.00e+00	0.00e+00	0.00e+00	0.00e+00	5.40e-95
 1.80675e+13	1.99e-27	1.11e-19	6.55e-13	5.21e-07	8.85e-01	1.15e-01	1.99e-05	0.00e+00	0.00e+00	0.00e+00	0.00e+00	0.00e+00	6.90e-81
 1.86114e+13	2.48e-27	1.32e-19	7.42e-13	5.58e-07	8.91e-01	1.09e-01	1.77e-05	0.00e+00	0.00e+00	0.00e+00	0.00e+00	0.00e+00	2.44e-94
 1.92136e+13	3.15e-27	1.59e-19	8.47e-13	6.00e-07	8.97e-01	1.03e-01	1.56e-05	0.00e+00	0.00e+00	0.00e+00	0.00e+00	0.00e+00	2.32e-80
 1.98907e+13	4.08e-27	1.94e-19	9.78e-13	6.49e-07	9.03e-01	9.65e-02	1.37e-05	0.00e+00	0.00e+00	0.00e+00	0.00e+00	0.00e+00	1.24e-93
 2.05375e+13	5.19e-27	2.34e-19	1.12e-12	6.98e-07	9.09e-01	9.09e-02	1.20e-05	0.00e+00	0.00e+00	0.00e+00	0.00e+00	0.00e+00	8.76e-80
 2.12507e+13	6.71e-27	2.85e-19	1.29e-12	7.54e-07	9.15e-01	8.52e-02	1.05e-05	0.00e+00	0.00e+00	0.00e+00	0.00e+00	0.00e+00	6.23e-93
 2.20286e+13	8.79e-27	3.52e-19	1.49e-12	8.17e-07	9.20e-01	7.97e-02	9.14e-06	0.00e+00	0.00e+00	0.00e+00	0.00e+00	0.00e+00	3.58e-79
 2.27347e+13	1.12e-26	4.22e-19	1.70e-12	8.75e-07	9.25e-01	7.50e-02	8.07e-06	0.00e+00	0.00e+00	0.00e+00	0.00e+00	0.00e+00	3.27e-92
 2.34968e+13	1.43e-26	5.12e-19	1.94e-12	9.41e-07	9.29e-01	7.05e-02	7.09e-06	0.00e+00	0.00e+00	0.00e+00	0.00e+00	0.00e+00	1.32e-78
 2.43557e+13	1.88e-26	6.31e-19	2.25e-12	1.02e-06	9.34e-01	6.59e-02	6.16e-06	0.00e+00	0.00e+00	0.00e+00	0.00e+00	0.00e+00	1.80e-91
 2.51739e+13	2.42e-26	7.65e-19	2.57e-12	1.09e-06	9.38e-01	6.19e-02	5.41e-06	0.00e+00	0.00e+00	0.00e+00	0.00e+00	0.00e+00	5.42e-78
 2.60712e+13	3.16e-26	9.38e-19	2.96e-12	1.18e-06	9.42e-01	5.79e-02	4.71e-06	0.00e+00	0.00e+00	0.00e+00	0.00e+00	0.00e+00	9.73e-91
 2.70615e+13	4.19e-26	1.17e-18	3.44e-12	1.28e-06	9.46e-01	5.39e-02	4.07e-06	0.00e+00	0.00e+00	0.00e+00	0.00e+00	0.00e+00	2.41e-77
 2.79797e+13	5.41e-26	1.42e-18	3.94e-12	1.37e-06	9.49e-01	5.06e-02	3.57e-06	0.00e+00	0.00e+00	0.00e+00	0.00e+00	0.00e+00	5.66e-90
 2.89800e+13	7.10e-26	1.74e-18	4.54e-12	1.47e-06	9.53e-01	4.73e-02	3.12e-06	0.00e+00	0.00e+00	0.00e+00	0.00e+00	0.00e+00	1.00e-76
 3.01055e+13	9.53e-26	2.18e-18	5.28e-12	1.59e-06	9.56e-01	4.40e-02	2.69e-06	0.00e+00	0.00e+00	0.00e+00	0.00e+00	0.00e+00	2.24e-76
 3.11794e+13	1.25e-25	2.68e-18	6.08e-12	1.71e-06	9.59e-01	4.12e-02	2.34e-06	0.00e+00	0.00e+00	0.00e+00	0.00e+00	0.00e+00	4.67e-76
 3.23421e+13	1.66e-25	3.32e-18	7.04e-12	1.85e-06	9.62e-01	3.84e-02	2.03e-06	0.00e+00	0.00e+00	0.00e+00	0.00e+00	0.00e+00	1.01e-75
 3.36299e+13	2.24e-25	4.17e-18	8.23e-12	2.00e-06	9.64e-01	3.56e-02	1.75e-06	0.00e+00	0.00e+00	0.00e+00	0.00e+00	0.00e+00	2.32e-75
 3.48653e+13	2.97e-25	5.16e-18	9.50e-12	2.16e-06	9.67e-01	3.32e-02	1.52e-06	0.00e+00	0.00e+00	0.00e+00	0.00e+00	0.00e+00	4.98e-75
 3.61858e+13	3.97e-25	6.42e-18	1.10e-11	2.33e-06	9.69e-01	3.10e-02	1.31e-06	0.00e+00	0.00e+00	0.00e+00	0.00e+00	0.00e+00	1.10e-74
 3.76631e+13	5.43e-25	8.14e-18	1.29e-11	2.52e-06	9.71e-01	2.87e-02	1.13e-06	0.00e+00	0.00e+00	0.00e+00	0.00e+00	0.00e+00	2.61e-74
 3.91450e+13	7.35e-25	1.02e-17	1.51e-11	2.73e-06	9.73e-01	2.67e-02	9.69e-07	0.00e+00	0.00e+00	0.00e+00	0.00e+00	0.00e+00	5.97e-74
 4.06862e+13	9.95e-25	1.28e-17	1.75e-11	2.95e-06	9.75e-01	2.48e-02	0.00e+00	0.00e+00	0.00e+00	0.00e+00	0.00e+00	0.00e+00	1.37e-73
 4.23435e+13	1.36e-24	1.63e-17	2.06e-11	3.19e-06	9.77e-01	2.29e-02	0.00e+00	0.00e+00	0.00e+00	0.00e+00	0.00e+00	0.00e+00	3.24e-73
 4.40672e+13	1.86e-24	2.06e-17	2.41e-11	3.46e-06	9.79e-01	2.12e-02	0.00e+00	0.00e+00	0.00e+00	0.00e+00	0.00e+00	0.00e+00	7.67e-73
 4.58598e+13	2.55e-24	2.61e-17	2.82e-11	3.74e-06	9.80e-01	1.97e-02	0.00e+00	0.00e+00	0.00e+00	0.00e+00	0.00e+00	0.00e+00	1.81e-72
 4.76002e+13	3.41e-24	3.25e-17	3.27e-11	4.03e-06	9.82e-01	1.83e-02	0.00e+00	0.00e+00	0.00e+00	0.00e+00	0.00e+00	0.00e+00	4.06e-72
 4.92446e+13	4.45e-24	3.97e-17	3.74e-11	4.31e-06	9.83e-01	1.72e-02	0.00e+00	0.00e+00	0.00e+00	0.00e+00	0.00e+00	0.00e+00	8.47e-72
 5.07984e+13	5.69e-24	4.77e-17	4.23e-11	4.59e-06	9.84e-01	1.62e-02	0.00e+00	0.00e+00	0.00e+00	0.00e+00	1.54e-17	3.23e-17	1.66e-71
 5.24911e+13	7.37e-24	5.80e-17	4.81e-11	4.89e-06	9.85e-01	1.52e-02	0.00e+00	0.00e+00	0.00e+00	0.00e+00	1.92e-17	3.87e-17	3.39e-71
 5.43789e+13	9.73e-24	7.14e-17	5.53e-11	5.25e-06	9.86e-01	1.42e-02	0.00e+00	0.00e+00	0.00e+00	0.00e+00	2.37e-17	4.77e-17	7.29e-71
 5.61617e+13	1.25e-23	8.62e-17	6.29e-11	5.60e-06	9.87e-01	1.33e-02	0.00e+00	0.00e+00	0.00e+00	0.00e+00	2.86e-17	5.76e-17	1.45e-70
 5.81205e+13	1.64e-23	1.06e-16	7.20e-11	5.99e-06	9.88e-01	1.25e-02	0.00e+00	0.00e+00	0.00e+00	0.00e+00	3.51e-17	7.06e-17	3.06e-70
 6.03247e+13	2.20e-23	1.32e-16	8.34e-11	6.44e-06	9.88e-01	1.16e-02	0.00e+00	0.00e+00	0.00e+00	0.00e+00	4.38e-17	8.81e-17	6.89e-70
 6.24326e+13	2.88e-23	1.61e-16	9.56e-11	6.90e-06	9.89e-01	1.08e-02	0.00e+00	0.00e+00	0.00e+00	0.00e+00	5.36e-17	1.08e-16	1.44e-69
 6.47274e+13	3.80e-23	1.99e-16	1.10e-10	7.42e-06	9.90e-01	1.01e-02	0.00e+00	0.00e+00	0.00e+00	0.00e+00	6.61e-17	1.33e-16	3.10e-69
 6.72884e+13	5.17e-23	2.51e-16	1.29e-10	8.01e-06	9.91e-01	9.37e-03	0.00e+00	0.00e+00	0.00e+00	0.00e+00	8.33e-17	1.68e-16	7.25e-69
 6.97814e+13	6.83e-23	3.10e-16	1.49e-10	8.62e-06	9.91e-01	8.71e-03	0.00e+00	0.00e+00	0.00e+00	0.00e+00	1.03e-16	2.07e-16	1.55e-68
 7.24322e+13	9.15e-23	3.86e-16	1.72e-10	9.28e-06	9.92e-01	8.10e-03	0.00e+00	0.00e+00	0.00e+00	0.00e+00	1.28e-16	2.58e-16	3.46e-68
 7.51193e+13	1.21e-22	4.77e-16	1.99e-10	9.99e-06	9.92e-01	7.54e-03	0.00e+00	0.00e+00	0.00e+00	0.00e+00	1.58e-16	3.19e-16	7.50e-68
 7.74919e+13	1.55e-22	5.74e-16	2.25e-10	1.06e-05	9.93e-01	7.09e-03	0.00e+00	0.00e+00	0.00e+00	0.00e+00	1.91e-16	3.84e-16	1.48e-67
 8.00690e+13	1.98e-22	6.93e-16	2.57e-10	1.13e-05	9.93e-01	6.64e-03	0.00e+00	0.00e+00	0.00e+00	0.00e+00	2.30e-16	4.63e-16	2.91e-67
 8.31711e+13	2.67e-22	8.69e-16	2.99e-10	1.22e-05	9.94e-01	6.16e-03	0.00e+00	0.00e+00	0.00e+00	0.00e+00	2.88e-16	5.81e-16	6.65e-67
 8.62494e+13	3.52e-22	1.07e-15	3.46e-10	1.32e-05	9.94e-01	5.73e-03	0.00e+00	0.00e+00	0.00e+00	0.00e+00	3.55e-16	7.15e-16	1.41e-66
 8.90004e+13	4.48e-22	1.29e-15	3.92e-10	1.40e-05	9.95e-01	5.38e-03	0.00e+00	0.00e+00	0.00e+00	0.00e+00	4.26e-16	8.59e-16	2.73e-66
 9.20322e+13	5.79e-22	1.56e-15	4.48e-10	1.50e-05	9.95e-01	5.03e-03	0.00e+00	0.00e+00	0.00e+00	0.00e+00	5.18e-16	1.04e-15	5.53e-66
 9.56357e+13	7.81e-22	1.96e-15	5.22e-10	1.62e-05	9.95e-01	4.66e-03	0.00e+00	0.00e+00	0.00e+00	0.00e+00	6.51e-16	1.31e-15	1.27e-65
 9.92066e+13	1.03e-21	2.41e-15	6.05e-10	1.75e-05	9.96e-01	4.33e-03	0.00e+00	0.00e+00	0.00e+00	0.00e+00	8.00e-16	1.61e-15	2.67e-65
 1.02467e+14	1.31e-21	2.91e-15	6.88e-10	1.87e-05	9.96e-01	4.06e-03	0.00e+00	0.00e+00	0.00e+00	0.00e+00	9.66e-16	1.95e-15	5.28e-65
 1.06100e+14	1.72e-21	3.58e-15	7.91e-10	2.00e-05	9.96e-01	3.79e-03	0.00e+00	0.00e+00	0.00e+00	0.00e+00	1.19e-15	2.39e-15	1.11e-64
 1.10331e+14	2.30e-21	4.47e-15	9.25e-10	2.17e-05	9.96e-01	3.50e-03	0.00e+00	0.00e+00	0.00e+00	0.00e+00	1.48e-15	2.98e-15	2.46e-64
 1.14490e+14	3.06e-21	5.56e-15	1.07e-09	2.34e-05	9.97e-01	3.25e-03	0.00e+00	0.00e+00	0.00e+00	0.00e+00	1.84e-15	3.71e-15	5.44e-64
 1.18419e+14	3.92e-21	6.71e-15	1.23e-09	2.51e-05	9.97e-01	3.03e-03	0.00e+00	0.00e+00	0.00e+00	0.00e+00	2.22e-15	4.49e-15	1.07e-63
 1.22790e+14	5.19e-21	8.32e-15	1.42e-09	2.70e-05	9.97e-01	2.82e-03	0.00e+00	0.00e+00	0.00e+00	0.00e+00	2.76e-15	5.56e-15	2.33e-63
 1.27732e+14	6.92e-21	1.04e-14	1.66e-09	2.92e-05	9.97e-01	2.60e-03	0.00e+00	0.00e+00	0.00e+00	0.00e+00	3.44e-15	6.93e-15	5.12e-63
 1.32669e+14	9.21e-21	1.29e-14	1.94e-09	3.16e-05	9.98e-01	2.41e-03	0.00e+00	0.00e+00	0.00e+00	0.00e+00	4.27e-15	8.62e-15	1.13e-62
 1.37298e+14	1.20e-20	1.58e-14	2.22e-09	3.38e-05	9.98e-01	2.25e-03	0.00e+00	0.00e+00	0.00e+00	0.00e+00	5.22e-15	1.05e-14	2.33e-62
 1.42313e+14	1.56e-20	1.93e-14	2.56e-09	3.64e-05	9.98e-01	2.09e-03	0.00e+00	0.00e+00	0.00e+00	0.00e+00	6.41e-15	1.29e-14	4.87e-62
 1.47916e+14	2.06e-20	2.40e-14	2.99e-09	3.94e-05	9.98e-01	1.93e-03	0.00e+00	0.00e+00	0.00e+00	0.00e+00	7.93e-15	1.60e-14	1.05e-61
 1.53152e+14	2.70e-20	2.94e-14	3.43e-09	4.22e-05	9.98e-01	1.80e-03	0.00e+00	0.00e+00	0.00e+00	0.00e+00	9.74e-15	1.97e-14	2.21e-61
 1.58009e+14	3.36e-20	3.48e-14	3.89e-09	4.50e-05	9.98e-01	1.69e-03	0.00e+00	0.00e+00	0.00e+00	0.00e+00	1.15e-14	2.33e-14	4.02e-61
 1.62676e+14	4.18e-20	4.12e-14	4.37e-09	4.77e-05	9.98e-01	1.60e-03	0.00e+00	0.00e+00	0.00e+00	0.00e+00	1.36e-14	2.75e-14	7.38e-61
 1.67841e+14	5.29e-20	4.94e-14	4.95e-09	5.08e-05	9.98e-01	1.50e-03	0.00e+00	0.00e+00	0.00e+00	0.00e+00	1.64e-14	3.31e-14	1.43e-60
 1.73566e+14	6.71e-20	5.93e-14	5.67e-09	5.44e-05	9.99e-01	1.40e-03	0.00e+00	0.00e+00	0.00e+00	0.00e+00	1.96e-14	3.97e-14	2.75e-60
 1.78897e+14	8.46e-20	7.09e-14	6.39e-09	5.78e-05	9.99e-01	1.32e-03	0.00e+00	0.00e+00	0.00e+00	0.00e+00	2.35e-14	4.74e-14	5.25e-60
 1.84708e+14	1.06e-19	8.42e-14	7.27e-09	6.18e-05	9.99e-01	1.23e-03	0.00e+00	0.00e+00	0.00e+00	0.00e+00	2.78e-14	5.63e-14	9.69e-60
 1.91226e+14	1.37e-19	1.03e-13	8.34e-09	6.62e-05	9.99e-01	1.15e-03	0.00e+00	0.00e+00	0.00e+00	0.00e+00	3.39e-14	6.87e-14	1.99e-59
 1.97450e+14	1.74e-19	1.24e-13	9.48e-09	7.06e-05	9.99e-01	1.08e-03	0.00e+00	0.00e+00	0.00e+00	0.00e+00	4.08e-14	8.27e-14	3.88e-59
 2.04325e+14	2.21e-19	1.49e-13	1.09e-08	7.58e-05	9.99e-01	1.01e-03	0.00e+00	0.00e+00	0.00e+00	0.00e+00	4.91e-14	9.95e-14	7.52e-59
 2.11901e+14	2.91e-19	1.84e-13	1.26e-08	8.15e-05	9.99e-01	9.34e-04	0.00e+00	0.00e+00	0.00e+00	0.00e+00	6.07e-14	1.23e-13	1.63e-58
 2.18876e+14	3.63e-19	2.18e-13	1.43e-08	8.71e-05	9.99e-01	8.74e-04	0.00e+00	0.00e+00	0.00e+00	0.00e+00	7.21e-14	1.46e-13	3.00e-58
 2.26433e+14	4.69e-19	2.66e-13	1.64e-08	9.33e-05	9.99e-01	8.16e-04	0.00e+00	0.00e+00	0.00e+00	0.00e+00	8.79e-14	1.78e-13	6.17e-58
 2.34879e+14	6.05e-19	3.24e-13	1.90e-08	1.01e-04	9.99e-01	7.57e-04	0.00e+00	0.00e+00	0.00e+00	0.00e+00	1.07e-13	2.17e-13	1.24e-57
 2.42807e+14	7.68e-19	3.90e-13	2.17e-08	1.08e-04	9.99e-01	7.07e-04	0.00e+00	0.00e+00	0.00e+00	0.00e+00	1.29e-13	2.61e-13	2.43e-57
 2.51441e+14	9.90e-19	4.76e-13	2.49e-08	1.16e-04	9.99e-01	6.59e-04	0.00e+00	0.00e+00	0.00e+00	0.00e+00	1.57e-13	3.19e-13	4.97e-57
 2.61048e+14	1.28e-18	5.81e-13	2.90e-08	1.25e-04	9.99e-01	6.10e-04	0.00e+00	0.00e+00	0.00e+00	0.00e+00	1.92e-13	3.89e-13	1.01e-56
 2.70019e+14	1.64e-18	7.05e-13	3.32e-08	1.34e-04	9.99e-01	5.69e-04	0.00e+00	0.00e+00	0.00e+00	0.00e+00	2.33e-13	4.73e-13	2.04e-56
 2.79763e+14	2.08e-18	8.50e-13	3.83e-08	1.44e-04	9.99e-01	5.28e-04	0.00e+00	0.00e+00	0.00e+00	0.00e+00	2.80e-13	5.69e-13	3.95e-56
 2.90644e+14	2.75e-18	1.06e-12	4.46e-08	1.56e-04	9.99e-01	4.89e-04	0.00e+00	0.00e+00	0.00e+00	0.00e+00	3.49e-13	7.09e-13	8.71e-56
 3.00965e+14	3.48e-18	1.27e-12	5.13e-08	1.67e-04	9.99e-01	4.54e-04	0.00e+00	0.00e+00	0.00e+00	0.00e+00	4.19e-13	8.53e-13	1.68e-55
 3.12037e+14	4.50e-18	1.56e-12	5.93e-08	1.80e-04	9.99e-01	4.22e-04	0.00e+00	0.00e+00	0.00e+00	0.00e+00	5.13e-13	1.04e-12	3.48e-55
 3.24549e+14	5.84e-18	1.91e-12	6.95e-08	1.96e-04	9.99e-01	3.88e-04	0.00e+00	0.00e+00	0.00e+00	0.00e+00	6.30e-13	1.28e-12	7.23e-55
 3.36804e+14	7.59e-18	2.36e-12	8.06e-08	2.12e-04	9.99e-01	3.59e-04	0.00e+00	0.00e+00	0.00e+00	0.00e+00	7.75e-13	1.58e-12	1.52e-54
 3.49549e+14	9.68e-18	2.86e-12	9.37e-08	2.29e-04	9.99e-01	3.32e-04	0.00e+00	0.00e+00	0.00e+00	0.00e+00	9.39e-13	1.92e-12	3.02e-54
 3.63560e+14	1.27e-17	3.55e-12	1.10e-07	2.48e-04	9.99e-01	3.06e-04	0.00e+00	0.00e+00	0.00e+00	0.00e+00	1.17e-12	2.39e-12	6.63e-54
 3.77395e+14	1.62e-17	4.30e-12	1.28e-07	2.69e-04	9.99e-01	2.82e-04	0.00e+00	0.00e+00	0.00e+00	0.00e+00	1.41e-12	2.89e-12	1.30e-53
 3.88782e+14	1.99e-17	5.06e-12	1.44e-07	2.87e-04	9.99e-01	2.65e-04	0.00e+00	0.00e+00	0.00e+00	0.00e+00	1.66e-12	3.39e-12	2.33e-53
 3.97843e+14	2.31e-17	5.71e-12	1.58e-07	3.01e-04	9.99e-01	2.52e-04	0.00e+00	0.00e+00	0.00e+00	0.00e+00	1.88e-12	3.84e-12	3.60e-53
 4.07881e+14	2.74e-17	6.55e-12	1.74e-07	3.17e-04	9.99e-01	2.39e-04	0.00e+00	0.00e+00	0.00e+00	0.00e+00	2.15e-12	4.40e-12	5.86e-53
 4.20930e+14	3.37e-17	7.71e-12	1.98e-07	3.40e-04	9.99e-01	2.23e-04	0.00e+00	0.00e+00	0.00e+00	0.00e+00	2.53e-12	5.18e-12	1.05e-52
 4.34946e+14	4.16e-17	9.16e-12	2.26e-07	3.65e-04	9.99e-01	2.08e-04	0.00e+00	0.00e+00	0.00e+00	0.00e+00	3.01e-12	6.15e-12	1.94e-52
 4.47427e+14	5.02e-17	1.07e-11	2.54e-07	3.88e-04	9.99e-01	1.96e-04	0.00e+00	4.19e-18	1.26e-17	2.10e-17	3.50e-12	7.17e-12	3.37e-52
 4.60860e+14	6.07e-17	1.24e-11	2.86e-07	4.14e-04	9.99e-01	1.83e-04	0.00e+00	5.07e-18	1.52e-17	2.54e-17	4.08e-12	8.35e-12	5.81e-52
 4.77837e+14	7.71e-17	1.51e-11	3.31e-07	4.48e-04	9.99e-01	1.69e-04	0.00e+00	6.45e-18	1.94e-17	3.23e-17	4.95e-12	1.01e-11	1.17e-51
 4.95051e+14	9.67e-17	1.81e-11	3.82e-07	4.84e-04	9.99e-01	1.57e-04	0.00e+00	8.09e-18	2.43e-17	4.06e-17	5.95e-12	1.22e-11	2.26e-51
 5.09705e+14	1.16e-16	2.11e-11	4.30e-07	5.16e-04	9.99e-01	1.47e-04	0.00e+00	9.73e-18	2.92e-17	4.88e-17	6.91e-12	1.42e-11	3.89e-51
 5.25403e+14	1.41e-16	2.47e-11	4.86e-07	5.51e-04	9.99e-01	1.38e-04	0.00e+00	1.18e-17	3.54e-17	5.91e-17	8.10e-12	1.66e-11	6.91e-51
 5.44976e+14	1.78e-16	2.98e-11	5.64e-07	5.99e-04	9.99e-01	1.27e-04	0.00e+00	1.49e-17	4.49e-17	7.49e-17	9.79e-12	2.01e-11	1.38e-50
 5.65049e+14	2.25e-16	3.61e-11	6.53e-07	6.49e-04	9.99e-01	1.17e-04	0.00e+00	1.89e-17	5.67e-17	9.47e-17	1.18e-11	2.43e-11	2.76e-50
 5.82747e+14	2.73e-16	4.24e-11	7.40e-07	6.95e-04	9.99e-01	1.09e-04	0.00e+00	2.30e-17	6.90e-17	1.15e-16	1.39e-11	2.85e-11	4.98e-50
 6.01894e+14	3.31e-16	4.99e-11	8.43e-07	7.47e-04	9.99e-01	1.02e-04	0.00e+00	2.79e-17	8.38e-17	1.40e-16	1.64e-11	3.36e-11	9.06e-50
 6.24985e+14	4.24e-16	6.09e-11	9.83e-07	8.14e-04	9.99e-01	9.35e-05	0.00e+00	3.58e-17	1.07e-16	1.79e-16	2.00e-11	4.09e-11	1.89e-49
 6.47868e+14	5.31e-16	7.33e-11	1.14e-06	8.83e-04	9.99e-01	8.63e-05	0.00e+00	4.48e-17	1.34e-16	2.25e-16	2.40e-11	4.92e-11	3.77e-49
 6.68232e+14	6.47e-16	8.62e-11	1.29e-06	9.46e-04	9.99e-01	8.06e-05	0.00e+00	5.46e-17	1.64e-16	2.74e-16	2.83e-11	5.80e-11	6.92e-49
 6.90657e+14	7.94e-16	1.02e-10	1.47e-06	1.02e-03	9.99e-01	7.48e-05	0.00e+00	6.71e-17	2.01e-16	3.36e-16	3.35e-11	6.86e-11	1.31e-48
 7.17414e+14	1.00e-15	1.24e-10	1.71e-06	1.11e-03	9.99e-01	6.87e-05	0.00e+00	8.50e-17	2.55e-16	4.26e-16	4.08e-11	8.35e-11	2.75e-48
 7.44031e+14	1.27e-15	1.50e-10	1.99e-06	1.21e-03	9.99e-01	6.34e-05	0.00e+00	1.08e-16	3.23e-16	5.39e-16	4.94e-11	1.01e-10	5.66e-48
 7.68426e+14	1.53e-15	1.77e-10	2.26e-06	1.29e-03	9.99e-01	5.90e-05	0.00e+00	1.30e-16	3.90e-16	6.51e-16	5.80e-11	1.19e-10	1.04e-47
 7.95703e+14	1.94e-15	2.14e-10	2.60e-06	1.40e-03	9.99e-01	5.46e-05	0.00e+00	1.65e-16	4.95e-16	8.27e-16	7.01e-11	1.43e-10	2.16e-47
 8.27357e+14	2.47e-15	2.61e-10	3.04e-06	1.53e-03	9.98e-01	5.00e-05	0.00e+00	2.10e-16	6.31e-16	1.05e-15	8.58e-11	1.76e-10	4.75e-47
 8.58470e+14	3.12e-15	3.17e-10	3.52e-06	1.66e-03	9.98e-01	4.61e-05	0.00e+00	2.66e-16	7.99e-16	1.33e-15	1.04e-10	2.13e-10	1.01e-46
 8.88135e+14	3.87e-15	3.79e-10	4.04e-06	1.80e-03	9.98e-01	4.27e-05	0.00e+00	3.30e-16	9.90e-16	1.65e-15	1.24e-10	2.54e-10	2.04e-46
 9.14095e+14	4.65e-15	4.41e-10	4.53e-06	1.92e-03	9.98e-01	4.01e-05	0.00e+00	3.97e-16	1.19e-15	1.99e-15	1.45e-10	2.96e-10	3.73e-46
 9.35534e+14	5.40e-15	4.98e-10	4.97e-06	2.02e-03	9.98e-01	3.81e-05	0.00e+00	4.62e-16	1.39e-15	2.32e-15	1.64e-10	3.35e-10	6.08e-46
 9.59150e+14	6.34e-15	5.69e-10	5.49e-06	2.14e-03	9.98e-01	3.60e-05	0.00e+00	5.42e-16	1.63e-15	2.72e-15	1.87e-10	3.82e-10	1.03e-45
 9.89851e+14	7.69e-15	6.70e-10	6.22e-06	2.29e-03	9.98e-01	3.36e-05	0.00e+00	6.59e-16	1.98e-15	3.30e-15	2.20e-10	4.50e-10	1.98e-45
 1.02217e+15	9.51e-15	7.96e-10	7.08e-06	2.47e-03	9.97e-01	3.13e-05	0.00e+00	8.16e-16	2.45e-15	4.09e-15	2.62e-10	5.34e-10	3.94e-45
 1.04996e+15	1.13e-14	9.20e-10	7.87e-06	2.62e-03	9.97e-01	2.95e-05	0.00e+00	9.73e-16	2.92e-15	4.88e-15	3.03e-10	6.17e-10	7.01e-45
 1.07947e+15	1.35e-14	1.06e-09	8.79e-06	2.78e-03	9.97e-01	2.78e-05	0.00e+00	1.16e-15	3.48e-15	5.81e-15	3.50e-10	7.14e-10	1.25e-44
 1.11784e+15	1.70e-14	1.29e-09	1.01e-05	3.01e-03	9.97e-01	2.58e-05	0.00e+00	1.46e-15	4.39e-15	7.33e-15	4.24e-10	8.64e-10	2.69e-44
 1.15744e+15	2.10e-14	1.54e-09	1.16e-05	3.26e-03	9.97e-01	2.39e-05	0.00e+00	1.81e-15	5.43e-15	9.06e-15	5.08e-10	1.04e-09	5.58e-44
 1.19051e+15	2.56e-14	1.81e-09	1.30e-05	3.47e-03	9.96e-01	2.25e-05	0.00e+00	2.21e-15	6.62e-15	1.11e-14	5.95e-10	1.21e-09	1.04e-43
 1.22536e+15	3.09e-14	2.11e-09	1.46e-05	3.70e-03	9.96e-01	2.11e-05	0.00e+00	2.67e-15	8.00e-15	1.34e-14	6.95e-10	1.42e-09	1.95e-43
 1.26998e+15	3.90e-14	2.56e-09	1.68e-05	4.01e-03	9.96e-01	1.96e-05	0.00e+00	3.37e-15	1.01e-14	1.69e-14	8.44e-10	1.72e-09	4.22e-43
 1.31696e+15	4.81e-14	3.08e-09	1.94e-05	4.34e-03	9.96e-01	1.81e-05	0.00e+00	4.16e-15	1.25e-14	2.08e-14	1.01e-09	2.06e-09	8.63e-43
 1.35882e+15	5.93e-14	3.66e-09	2.20e-05	4.65e-03	9.95e-01	1.70e-05	0.00e+00	5.13e-15	1.54e-14	2.57e-14	1.21e-09	2.45e-09	1.75e-42
 1.40433e+15	7.36e-14	4.38e-09	2.50e-05	5.00e-03	9.95e-01	1.58e-05	0.00e+00	6.39e-15	1.92e-14	3.20e-14	1.44e-09	2.94e-09	3.57e-42
 1.45867e+15	9.80e-14	5.49e-09	2.91e-05	5.45e-03	9.95e-01	1.46e-05	0.00e+00	8.51e-15	2.56e-14	4.26e-14	1.81e-09	3.68e-09	8.75e-42
 1.51242e+15	1.21e-13	6.59e-09	3.36e-05	5.89e-03	9.94e-01	1.36e-05	0.00e+00	1.05e-14	3.15e-14	5.26e-14	2.17e-09	4.42e-09	1.77e-41
 1.56111e+15	1.50e-13	7.87e-09	3.81e-05	6.32e-03	9.94e-01	1.27e-05	0.00e+00	1.30e-14	3.91e-14	6.52e-14	2.60e-09	5.27e-09	3.57e-41
 1.61526e+15	1.88e-13	9.51e-09	4.37e-05	6.81e-03	9.93e-01	1.19e-05	0.00e+00	1.64e-14	4.91e-14	8.19e-14	3.14e-09	6.37e-09	7.47e-41
 1.67881e+15	2.52e-13	1.20e-08	5.09e-05	7.42e-03	9.93e-01	1.10e-05	0.00e+00	2.20e-14	6.59e-14	1.10e-13	3.96e-09	8.04e-09	1.87e-40
 1.74149e+15	3.19e-13	1.47e-08	5.89e-05	8.04e-03	9.92e-01	1.03e-05	0.00e+00	2.79e-14	8.37e-14	1.40e-13	4.85e-09	9.84e-09	4.05e-40
 1.80022e+15	4.00e-13	1.77e-08	6.73e-05	8.65e-03	9.91e-01	9.62e-06	0.00e+00	3.50e-14	1.05e-13	1.75e-13	5.86e-09	1.19e-08	8.34e-40
 1.86581e+15	4.99e-13	2.14e-08	7.75e-05	9.34e-03	9.91e-01	8.99e-06	0.00e+00	4.37e-14	1.31e-13	2.19e-13	7.07e-09	1.43e-08	1.70e-39
 1.94047e+15	6.71e-13	2.72e-08	9.07e-05	1.02e-02	9.90e-01	8.35e-06	0.00e+00	5.88e-14	1.77e-13	2.95e-13	9.00e-09	1.82e-08	4.32e-39
 2.01423e+15	8.70e-13	3.37e-08	1.05e-04	1.11e-02	9.89e-01	7.81e-06	0.00e+00	7.63e-14	2.29e-13	3.82e-13	1.12e-08	2.26e-08	9.67e-39
 2.07464e+15	1.06e-12	3.99e-08	1.19e-04	1.18e-02	9.88e-01	7.42e-06	0.00e+00	9.33e-14	2.80e-13	4.67e-13	1.32e-08	2.67e-08	1.82e-38
 2.12182e+15	1.24e-12	4.54e-08	1.30e-04	1.24e-02	9.87e-01	7.13e-06	0.00e+00	1.09e-13	3.26e-13	5.45e-13	1.50e-08	3.04e-08	2.89e-38
 2.17352e+15	1.46e-12	5.22e-08	1.43e-04	1.30e-02	9.87e-01	6.84e-06	0.00e+00	1.28e-13	3.85e-13	6.42e-13	1.73e-08	3.49e-08	4.84e-38
 2.24072e+15	1.76e-12	6.12e-08	1.61e-04	1.39e-02	9.86e-01	6.49e-06	0.00e+00	1.55e-13	4.64e-13	7.74e-13	2.02e-08	4.09e-08	8.58e-38
 2.31374e+15	2.24e-12	7.49e-08	1.83e-04	1.49e-02	9.85e-01	6.17e-06	0.00e+00	1.98e-13	5.93e-13	9.90e-13	2.48e-08	5.01e-08	1.83e-37
 2.37933e+15	2.69e-12	8.77e-08	2.05e-04	1.58e-02	9.84e-01	5.89e-06	0.00e+00	2.38e-13	7.13e-13	1.19e-12	2.90e-08	5.87e-08	3.25e-37
 2.44961e+15	3.25e-12	1.03e-07	2.31e-04	1.69e-02	9.83e-01	5.63e-06	0.00e+00	2.87e-13	8.60e-13	1.43e-12	3.40e-08	6.86e-08	5.74e-37
 2.53914e+15	4.25e-12	1.28e-07	2.66e-04	1.82e-02	9.81e-01	5.33e-06	0.00e+00	3.75e-13	1.13e-12	1.88e-12	4.25e-08	8.59e-08	1.32e-36
 2.62971e+15	5.36e-12	1.57e-07	3.07e-04	1.96e-02	9.80e-01	5.06e-06	0.00e+00	4.73e-13	1.42e-12	2.37e-12	5.20e-08	1.05e-07	2.68e-36
 2.70578e+15	6.45e-12	1.83e-07	3.44e-04	2.09e-02	9.79e-01	4.86e-06	0.00e+00	5.70e-13	1.71e-12	2.85e-12	6.08e-08	1.23e-07	4.65e-36
 2.78694e+15	7.90e-12	2.18e-07	3.87e-04	2.22e-02	9.77e-01	4.67e-06	0.00e+00	6.99e-13	2.10e-12	3.50e-12	7.22e-08	1.46e-07	8.58e-36
 2.88948e+15	1.04e-11	2.74e-07	4.49e-04	2.41e-02	9.75e-01	4.45e-06	0.00e+00	9.19e-13	2.76e-12	4.60e-12	9.07e-08	1.83e-07	1.97e-35
 2.99491e+15	1.33e-11	3.38e-07	5.19e-04	2.60e-02	9.74e-01	4.26e-06	0.00e+00	1.18e-12	3.54e-12	5.91e-12	1.12e-07	2.26e-07	4.08e-35
 3.08694e+15	1.63e-11	4.03e-07	5.86e-04	2.77e-02	9.72e-01	4.11e-06	0.00e+00	1.45e-12	4.34e-12	7.24e-12	1.34e-07	2.69e-07	7.37e-35
 3.18647e+15	2.01e-11	4.80e-07	6.67e-04	2.96e-02	9.70e-01	3.96e-06	0.00e+00	1.78e-12	5.35e-12	8.93e-12	1.59e-07	3.21e-07	1.34e-34
 3.30759e+15	2.63e-11	6.06e-07	7.77e-04	3.21e-02	9.67e-01	3.79e-06	0.00e+00	2.34e-12	7.01e-12	1.17e-11	2.01e-07	4.05e-07	3.05e-34
 3.42763e+15	3.38e-11	7.50e-07	8.98e-04	3.47e-02	9.64e-01	3.66e-06	0.00e+00	3.00e-12	9.01e-12	1.50e-11	2.49e-07	5.01e-07	6.21e-34
 3.53397e+15	4.13e-11	8.88e-07	1.02e-03	3.70e-02	9.62e-01	3.55e-06	0.00e+00	3.68e-12	1.10e-11	1.84e-11	2.95e-07	5.94e-07	1.10e-33
 3.65167e+15	5.18e-11	1.08e-06	1.16e-03	3.97e-02	9.59e-01	3.44e-06	0.00e+00	4.61e-12	1.38e-11	2.31e-11	3.58e-07	7.20e-07	2.10e-33
 3.79257e+15	6.92e-11	1.38e-06	1.36e-03	4.31e-02	9.56e-01	3.34e-06	0.00e+00	6.17e-12	1.85e-11	3.09e-11	4.58e-07	9.23e-07	4.95e-33
 3.92627e+15	8.71e-11	1.69e-06	1.57e-03	4.64e-02	9.52e-01	3.24e-06	0.00e+00	7.77e-12	2.33e-11	3.89e-11	5.61e-07	1.13e-06	9.45e-33
 4.03967e+15	1.06e-10	1.98e-06	1.77e-03	4.93e-02	9.49e-01	3.17e-06	0.00e+00	9.42e-12	2.83e-11	4.71e-11	6.58e-07	1.33e-06	1.59e-32
 4.16406e+15	1.30e-10	2.38e-06	2.00e-03	5.27e-02	9.45e-01	3.09e-06	0.00e+00	1.16e-11	3.49e-11	5.83e-11	7.89e-07	1.59e-06	2.86e-32
 4.31907e+15	1.73e-10	3.03e-06	2.34e-03	5.71e-02	9.41e-01	3.02e-06	0.00e+00	1.54e-11	4.63e-11	7.73e-11	1.01e-06	2.02e-06	6.42e-32
 4.47517e+15	2.20e-10	3.74e-06	2.71e-03	6.16e-02	9.36e-01	2.95e-06	0.00e+00	1.97e-11	5.92e-11	9.87e-11	1.24e-06	2.50e-06	1.23e-31
 4.59909e+15	2.66e-10	4.36e-06	3.04e-03	6.53e-02	9.32e-01	2.90e-06	0.00e+00	2.38e-11	7.13e-11	1.19e-10	1.45e-06	2.91e-06	2.01e-31
 4.71990e+15	3.20e-10	5.12e-06	3.39e-03	6.92e-02	9.27e-01	2.86e-06	0.00e+00	2.87e-11	8.60e-11	1.43e-10	1.70e-06	3.42e-06	3.32e-31
 4.87695e+15	4.15e-10	6.38e-06	3.91e-03	7.45e-02	9.22e-01	2.81e-06	0.00e+00	3.72e-11	1.12e-10	1.86e-10	2.12e-06	4.26e-06	6.85e-31
 5.03024e+15	5.15e-10	7.71e-06	4.46e-03	7.97e-02	9.16e-01	2.77e-06	0.00e+00	4.63e-11	1.39e-10	2.32e-10	2.56e-06	5.15e-06	1.22e-30
 5.15222e+15	6.14e-10	8.94e-06	4.94e-03	8.40e-02	9.11e-01	2.73e-06	0.00e+00	5.52e-11	1.66e-10	2.76e-10	2.97e-06	5.97e-06	1.87e-30
 5.28435e+15	7.41e-10	1.05e-05	5.52e-03	8.89e-02	9.06e-01	2.70e-06	0.00e+00	6.66e-11	2.00e-10	3.33e-10	3.47e-06	6.98e-06	3.00e-30
 5.45612e+15	9.47e-10	1.29e-05	6.36e-03	9.56e-02	8.98e-01	2.66e-06	0.00e+00	8.52e-11	2.56e-10	4.26e-10	4.27e-06	8.59e-06	5.74e-30
 5.63413e+15	1.20e-09	1.57e-05	7.32e-03	1.03e-01	8.90e-01	2.62e-06	0.00e+00	1.08e-10	3.23e-10	5.39e-10	5.21e-06	1.05e-05	1.02e-29
 5.78274e+15	1.44e-09	1.83e-05	8.20e-03	1.09e-01	8.83e-01	2.59e-06	0.00e+00	1.30e-10	3.91e-10	6.51e-10	6.07e-06	1.22e-05	1.58e-29
 5.93844e+15	1.77e-09	2.17e-05	9.25e-03	1.15e-01	8.75e-01	2.56e-06	0.00e+00	1.60e-10	4.79e-10	7.98e-10	7.20e-06	1.45e-05	2.62e-29
 6.14086e+15	2.36e-09	2.76e-05	1.08e-02	1.25e-01	8.64e-01	2.54e-06	0.00e+00	2.14e-10	6.41e-10	1.07e-09	9.18e-06	1.84e-05	5.56e-29
 6.34324e+15	3.01e-09	3.39e-05	1.25e-02	1.34e-01	8.53e-01	2.50e-06	0.00e+00	2.72e-10	8.17e-10	1.36e-09	1.13e-05	2.26e-05	9.77e-29
 6.50426e+15	3.66e-09	3.95e-05	1.41e-02	1.42e-01	8.43e-01	2.48e-06	0.00e+00	3.31e-10	9.92e-10	1.65e-09	1.31e-05	2.64e-05	1.50e-28
 6.67229e+15	4.50e-09	4.69e-05	1.59e-02	1.51e-01	8.33e-01	2.45e-06	0.00e+00	4.07e-10	1.22e-09	2.04e-09	1.56e-05	3.13e-05	2.45e-28
 6.85965e+15	5.81e-09	5.81e-05	1.82e-02	1.62e-01	8.20e-01	2.44e-06	0.00e+00	5.27e-10	1.58e-09	2.63e-09	1.93e-05	3.88e-05	4.67e-28
 7.03131e+15	7.12e-09	6.89e-05	2.05e-02	1.72e-01	8.08e-01	2.42e-06	0.00e+00	6.46e-10	1.94e-09	3.23e-09	2.29e-05	4.60e-05	7.46e-28
 7.21363e+15	8.91e-09	8.24e-05	2.34e-02	1.82e-01	7.94e-01	2.40e-06	0.00e+00	8.10e-10	2.43e-09	4.05e-09	2.74e-05	5.50e-05	1.22e-27
 7.40949e+15	1.11e-08	9.81e-05	2.67e-02	1.94e-01	7.79e-01	2.37e-06	0.00e+00	1.01e-09	3.03e-09	5.06e-09	3.27e-05	6.55e-05	1.94e-27
 7.58335e+15	1.41e-08	1.19e-04	3.02e-02	2.06e-01	7.64e-01	2.37e-06	0.00e+00	1.28e-09	3.84e-09	6.40e-09	3.97e-05	7.97e-05	3.47e-27
 7.73936e+15	1.69e-08	1.39e-04	3.36e-02	2.17e-01	7.50e-01	2.35e-06	0.00e+00	1.54e-09	4.62e-09	7.70e-09	4.62e-05	9.27e-05	5.21e-27
 7.88306e+15	2.02e-08	1.60e-04	3.71e-02	2.27e-01	7.36e-01	2.34e-06	0.00e+00	1.84e-09	5.51e-09	9.19e-09	5.32e-05	1.07e-04	7.66e-27
 8.02000e+15	2.39e-08	1.83e-04	4.08e-02	2.37e-01	7.22e-01	2.33e-06	0.00e+00	2.18e-09	6.53e-09	1.09e-08	6.10e-05	1.22e-04	1.11e-26
 8.17687e+15	2.86e-08	2.09e-04	4.54e-02	2.48e-01	7.06e-01	2.31e-06	0.00e+00	2.61e-09	7.84e-09	1.31e-08	6.98e-05	1.40e-04	1.56e-26
 8.38080e+15	3.82e-08	2.64e-04	5.27e-02	2.65e-01	6.82e-01	2.30e-06	0.00e+00	3.49e-09	1.05e-08	1.74e-08	8.81e-05	1.76e-04	3.11e-26
 8.58282e+15	4.81e-08	3.18e-04	6.04e-02	2.80e-01	6.59e-01	2.28e-06	0.00e+00	4.40e-09	1.32e-08	2.20e-08	1.06e-04	2.12e-04	4.95e-26
 8.74301e+15	5.81e-08	3.67e-04	6.73e-02	2.93e-01	6.39e-01	2.27e-06	0.00e+00	5.32e-09	1.59e-08	2.66e-08	1.22e-04	2.45e-04	7.22e-26
 8.88778e+15	6.99e-08	4.25e-04	7.46e-02	3.06e-01	6.19e-01	2.27e-06	0.00e+00	6.40e-09	1.92e-08	3.20e-08	1.42e-04	2.84e-04	1.08e-25
 9.02688e+15	8.40e-08	4.90e-04	8.23e-02	3.18e-01	5.99e-01	2.26e-06	0.00e+00	7.70e-09	2.31e-08	3.85e-08	1.63e-04	3.27e-04	1.60e-25
 9.16085e+15	1.00e-07	5.63e-04	9.05e-02	3.30e-01	5.79e-01	2.25e-06	0.00e+00	9.21e-09	2.76e-08	4.60e-08	1.88e-04	3.76e-04	2.34e-25
 9.31311e+15	1.28e-07	6.83e-04	1.02e-01	3.45e-01	5.52e-01	2.26e-06	0.00e+00	1.18e-08	3.53e-08	5.88e-08	2.28e-04	4.56e-04	4.25e-25
 9.47676e+15	1.58e-07	8.02e-04	1.14e-01	3.59e-01	5.26e-01	2.25e-06	0.00e+00	1.45e-08	4.36e-08	7.26e-08	2.67e-04	5.35e-04	6.45e-25
 9.62759e+15	1.99e-07	9.56e-04	1.28e-01	3.74e-01	4.97e-01	2.25e-06	0.00e+00	1.83e-08	5.48e-08	9.13e-08	3.19e-04	6.37e-04	1.10e-24
 9.76780e+15	2.41e-07	1.11e-03	1.42e-01	3.86e-01	4.71e-01	2.24e-06	0.00e+00	2.22e-08	6.66e-08	1.11e-07	3.71e-04	7.41e-04	1.68e-24
 9.89623e+15	2.85e-07	1.25e-03	1.55e-01	3.97e-01	4.46e-01	2.23e-06	0.00e+00	2.62e-08	7.87e-08	1.31e-07	4.15e-04	8.31e-04	2.26e-24
 1.00376e+16	3.48e-07	1.46e-03	1.73e-01	4.10e-01	4.16e-01	2.20e-06	0.00e+00	3.21e-08	9.64e-08	1.61e-07	4.85e-04	9.71e-04	3.55e-24
 1.01891e+16	4.39e-07	1.73e-03	1.94e-01	4.22e-01	3.83e-01	2.17e-06	0.00e+00	4.05e-08	1.22e-07	2.02e-07	5.76e-04	1.15e-03	5.94e-24
 1.03187e+16	5.42e-07	2.02e-03	2.14e-01	4.32e-01	3.53e-01	2.17e-06	0.00e+00	5.00e-08	1.50e-07	2.50e-07	6.73e-04	1.35e-03	9.58e-24
 1.04222e+16	6.43e-07	2.29e-03	2.31e-01	4.39e-01	3.28e-01	2.17e-06	0.00e+00	5.95e-08	1.78e-07	2.97e-07	7.65e-04	1.53e-03	1.44e-23
 1.05078e+16	7.45e-07	2.55e-03	2.47e-01	4.44e-01	3.07e-01	2.17e-06	0.00e+00	6.90e-08	2.07e-07	3.45e-07	8.52e-04	1.70e-03	2.04e-23
 1.06000e+16	8.70e-07	2.86e-03	2.65e-01	4.49e-01	2.84e-01	2.14e-06	0.00e+00	8.06e-08	2.42e-07	4.03e-07	9.53e-04	1.90e-03	2.94e-23
 1.07029e+16	1.04e-06	3.23e-03	2.86e-01	4.53e-01	2.58e-01	2.10e-06	0.00e+00	9.62e-08	2.88e-07	4.81e-07	1.08e-03	2.16e-03	4.41e-23
 1.07970e+16	1.23e-06	3.64e-03	3.07e-01	4.56e-01	2.34e-01	2.06e-06	0.00e+00	1.14e-07	3.41e-07	5.69e-07	1.21e-03	2.43e-03	6.63e-23
 1.08679e+16	1.40e-06	4.00e-03	3.23e-01	4.57e-01	2.16e-01	2.05e-06	0.00e+00	1.30e-07	3.91e-07	6.51e-07	1.33e-03	2.67e-03	9.25e-23
 1.09173e+16	1.57e-06	4.33e-03	3.36e-01	4.58e-01	2.02e-01	2.04e-06	0.00e+00	1.46e-07	4.37e-07	7.29e-07	1.45e-03	2.89e-03	1.26e-22
 1.09596e+16	1.70e-06	4.57e-03	3.46e-01	4.58e-01	1.92e-01	2.02e-06	0.00e+00	1.58e-07	4.74e-07	7.90e-07	1.53e-03	3.05e-03	1.52e-22
 1.10064e+16	1.84e-06	4.80e-03	3.58e-01	4.57e-01	1.80e-01	1.98e-06	0.00e+00	1.71e-07	5.12e-07	8.53e-07	1.60e-03	3.20e-03	1.80e-22
 1.10673e+16	2.09e-06	5.26e-03	3.74e-01	4.56e-01	1.64e-01	1.92e-06	0.00e+00	1.94e-07	5.83e-07	9.71e-07	1.76e-03	3.51e-03	2.57e-22
 1.11274e+16	2.36e-06	5.67e-03	3.90e-01	4.55e-01	1.50e-01	1.87e-06	0.00e+00	2.20e-07	6.58e-07	1.10e-06	1.89e-03	3.78e-03	3.39e-22
 1.11759e+16	2.60e-06	6.03e-03	4.03e-01	4.53e-01	1.38e-01	1.82e-06	0.00e+00	2.43e-07	7.27e-07	1.21e-06	2.01e-03	4.02e-03	4.31e-22
 1.12283e+16	2.94e-06	6.49e-03	4.18e-01	4.50e-01	1.26e-01	1.76e-06	0.00e+00	2.74e-07	8.21e-07	1.37e-06	2.17e-03	4.33e-03	5.80e-22
 1.12837e+16	3.21e-06	6.83e-03	4.32e-01	4.47e-01	1.14e-01	1.69e-06	0.00e+00	3.00e-07	8.98e-07	1.50e-06	2.28e-03	4.55e-03	6.92e-22
 1.13428e+16	3.71e-06	7.49e-03	4.49e-01	4.42e-01	1.01e-01	1.59e-06	0.00e+00	3.46e-07	1.04e-06	1.73e-06	2.50e-03	4.99e-03	1.02e-21
