#depth	N	N+	N+2	N+3	N+4	N+5	N+6	N+7
 1.49634e+10	1.07e-46	4.27e-36	1.95e-26	2.08e-17	2.55e-09	9.81e-01	1.94e-02	0.00e+00
 4.54887e+10	0.00e+00	5.91e-36	2.49e-26	2.45e-17	2.77e-09	9.82e-01	1.79e-02	1.59e-07
 7.72350e+10	2.43e-46	8.20e-36	3.19e-26	2.89e-17	3.01e-09	9.84e-01	1.64e-02	0.00e+00
 1.10251e+11	0.00e+00	1.14e-35	4.09e-26	3.42e-17	3.28e-09	9.85e-01	1.51e-02	0.00e+00
 1.44588e+11	5.51e-46	1.58e-35	5.23e-26	4.03e-17	3.56e-09	9.86e-01	1.39e-02	0.00e+00
 1.76768e+11	0.00e+00	2.13e-35	6.55e-26	4.68e-17	3.84e-09	9.87e-01	1.29e-02	0.00e+00
 2.05455e+11	1.10e-45	2.75e-35	7.94e-26	5.33e-17	4.10e-09	9.88e-01	1.21e-02	0.00e+00
 2.37686e+11	0.00e+00	3.64e-35	9.82e-26	6.14e-17	4.41e-09	9.89e-01	1.13e-02	0.00e+00
 2.75985e+11	2.33e-45	5.02e-35	1.25e-25	7.23e-17	4.79e-09	9.90e-01	1.04e-02	0.00e+00
 3.14564e+11	0.00e+00	0.00e+00	1.58e-25	8.47e-17	5.19e-09	9.90e-01	9.57e-03	0.00e+00
 3.50715e+11	0.00e+00	9.12e-35	1.96e-25	9.77e-17	5.57e-09	9.91e-01	8.91e-03	0.00e+00
 3.90699e+11	7.17e-45	1.24e-34	2.47e-25	1.14e-16	6.03e-09	9.92e-01	8.24e-03	0.00e+00
 4.36254e+11	0.00e+00	0.00e+00	3.18e-25	1.35e-16	6.57e-09	9.92e-01	7.56e-03	0.00e+00
 4.81628e+11	0.00e+00	2.38e-34	4.05e-25	1.59e-16	7.13e-09	9.93e-01	6.97e-03	0.00e+00
 5.28816e+11	2.43e-44	3.29e-34	5.17e-25	1.87e-16	7.74e-09	9.94e-01	6.41e-03	0.00e+00
 5.79895e+11	0.00e+00	4.61e-34	6.67e-25	2.22e-16	8.45e-09	9.94e-01	5.88e-03	0.00e+00
 6.31961e+11	5.59e-44	6.42e-34	8.57e-25	2.63e-16	9.20e-09	9.95e-01	5.40e-03	0.00e+00
 6.80552e+11	0.00e+00	8.65e-34	1.07e-24	3.06e-16	9.93e-09	9.95e-01	5.00e-03	0.00e+00
 7.25421e+11	1.13e-43	1.13e-33	1.31e-24	3.51e-16	1.06e-08	9.95e-01	4.67e-03	0.00e+00
 7.76718e+11	0.00e+00	1.52e-33	1.65e-24	4.08e-16	1.15e-08	9.96e-01	4.32e-03	0.00e+00
 8.36789e+11	2.49e-43	2.13e-33	2.13e-24	4.85e-16	1.25e-08	9.96e-01	3.96e-03	0.00e+00
 8.96255e+11	0.00e+00	2.94e-33	2.71e-24	5.71e-16	1.36e-08	9.96e-01	3.64e-03	0.00e+00
 9.52058e+11	5.34e-43	3.93e-33	3.38e-24	6.63e-16	1.47e-08	9.97e-01	3.38e-03	0.00e+00
 1.01403e+12	0.00e+00	5.38e-33	4.29e-24	7.79e-16	1.60e-08	9.97e-01	3.11e-03	0.00e+00
 1.08451e+12	1.21e-42	7.59e-33	5.58e-24	9.30e-16	1.75e-08	9.97e-01	2.84e-03	0.00e+00
 1.15412e+12	0.00e+00	1.05e-32	7.16e-24	1.10e-15	1.91e-08	9.97e-01	2.61e-03	0.00e+00
 1.22651e+12	2.74e-42	1.46e-32	9.20e-24	1.31e-15	2.08e-08	9.98e-01	2.39e-03	0.00e+00
 1.30549e+12	0.00e+00	2.07e-32	1.20e-23	1.56e-15	2.28e-08	9.98e-01	2.18e-03	0.00e+00
 1.38511e+12	6.39e-42	2.90e-32	1.55e-23	1.86e-15	2.49e-08	9.98e-01	1.99e-03	0.00e+00
 1.46791e+12	0.00e+00	4.06e-32	2.01e-23	2.22e-15	2.73e-08	9.98e-01	1.82e-03	0.00e+00
 1.55328e+12	1.47e-41	5.67e-32	2.59e-23	2.65e-15	2.99e-08	9.98e-01	1.67e-03	0.00e+00
 1.63686e+12	0.00e+00	7.78e-32	3.30e-23	3.12e-15	3.25e-08	9.98e-01	1.53e-03	0.00e+00
 1.72705e+12	3.26e-41	1.08e-31	4.26e-23	3.72e-15	3.56e-08	9.99e-01	1.40e-03	0.00e+00
 1.82606e+12	0.00e+00	1.53e-31	5.56e-23	4.47e-15	3.91e-08	9.99e-01	1.27e-03	0.00e+00
 1.92903e+12	7.69e-41	2.17e-31	7.27e-23	5.37e-15	4.31e-08	9.99e-01	1.16e-03	0.00e+00
 2.03611e+12	0.00e+00	3.06e-31	9.50e-23	6.47e-15	4.74e-08	9.99e-01	1.05e-03	0.00e+00
 2.14749e+12	1.80e-40	4.33e-31	1.24e-22	7.79e-15	5.23e-08	9.99e-01	9.54e-04	0.00e+00
 2.24810e+12	0.00e+00	5.85e-31	1.57e-22	9.17e-15	5.69e-08	9.99e-01	8.77e-04	0.00e+00
 2.33175e+12	3.51e-40	7.44e-31	1.89e-22	1.04e-14	6.09e-08	9.99e-01	8.19e-04	0.00e+00
 2.42329e+12	0.00e+00	9.62e-31	2.31e-22	1.20e-14	6.56e-08	9.99e-01	7.62e-04	0.00e+00
 2.53950e+12	7.06e-40	1.32e-30	2.95e-22	1.43e-14	7.18e-08	9.99e-01	6.96e-04	0.00e+00
 2.66086e+12	0.00e+00	1.80e-30	3.78e-22	1.70e-14	7.87e-08	9.99e-01	6.36e-04	0.00e+00
 2.76817e+12	1.44e-39	2.35e-30	4.66e-22	1.97e-14	8.51e-08	9.99e-01	5.88e-04	0.00e+00
 2.86765e+12	0.00e+00	2.99e-30	5.62e-22	2.25e-14	9.13e-08	9.99e-01	5.48e-04	0.00e+00
 2.98049e+12	2.64e-39	3.88e-30	6.91e-22	2.60e-14	9.87e-08	9.99e-01	5.07e-04	0.00e+00
 3.12012e+12	0.00e+00	5.30e-30	8.83e-22	3.10e-14	1.08e-07	1.00e+00	4.62e-04	0.00e+00
 3.25945e+12	5.53e-39	7.14e-30	1.12e-21	3.67e-14	1.19e-07	1.00e+00	4.23e-04	0.00e+00
 3.37917e+12	0.00e+00	9.13e-30	1.36e-21	4.22e-14	1.28e-07	1.00e+00	3.92e-04	0.00e+00
 3.50855e+12	1.01e-38	1.18e-29	1.66e-21	4.88e-14	1.38e-07	1.00e+00	3.63e-04	0.00e+00
 3.66827e+12	0.00e+00	1.60e-29	2.12e-21	5.81e-14	1.52e-07	1.00e+00	3.31e-04	0.00e+00
 3.83228e+12	2.09e-38	2.15e-29	2.68e-21	6.89e-14	1.67e-07	1.00e+00	3.02e-04	0.00e+00
 3.98105e+12	0.00e+00	2.78e-29	3.30e-21	8.01e-14	1.81e-07	1.00e+00	2.78e-04	0.00e+00
 4.14519e+12	3.96e-38	3.66e-29	4.10e-21	9.38e-14	1.97e-07	1.00e+00	2.56e-04	0.00e+00
 4.33768e+12	0.00e+00	4.97e-29	5.25e-21	1.12e-13	2.17e-07	1.00e+00	2.32e-04	0.00e+00
 4.52976e+12	8.12e-38	6.66e-29	6.63e-21	1.33e-13	2.38e-07	1.00e+00	2.12e-04	0.00e+00
 4.71297e+12	0.00e+00	8.70e-29	8.22e-21	1.56e-13	2.60e-07	1.00e+00	1.95e-04	0.00e+00
 4.91486e+12	1.57e-37	1.15e-28	1.03e-20	1.84e-13	2.84e-07	1.00e+00	1.78e-04	0.00e+00
 5.14139e+12	0.00e+00	1.56e-28	1.31e-20	2.19e-13	3.13e-07	1.00e+00	1.62e-04	0.00e+00
 5.34544e+12	3.08e-37	2.02e-28	1.62e-20	2.56e-13	3.41e-07	1.00e+00	1.49e-04	0.00e+00
 5.51421e+12	0.00e+00	2.49e-28	1.92e-20	2.89e-13	3.64e-07	1.00e+00	1.39e-04	0.00e+00
 5.69867e+12	5.15e-37	3.11e-28	2.29e-20	3.29e-13	3.91e-07	1.00e+00	1.30e-04	0.00e+00
 5.93395e+12	0.00e+00	4.07e-28	2.84e-20	3.86e-13	4.27e-07	1.00e+00	1.19e-04	0.00e+00
 6.17145e+12	9.75e-37	5.29e-28	3.51e-20	4.51e-13	4.65e-07	1.00e+00	1.09e-04	0.00e+00
 6.36853e+12	0.00e+00	6.53e-28	4.16e-20	5.10e-13	4.98e-07	1.00e+00	1.02e-04	0.00e+00
 6.57692e+12	1.62e-36	8.10e-28	4.95e-20	5.79e-13	5.34e-07	1.00e+00	9.52e-05	0.00e+00
 6.84356e+12	0.00e+00	1.06e-27	6.13e-20	6.77e-13	5.82e-07	1.00e+00	8.74e-05	0.00e+00
 7.12274e+12	3.07e-36	1.38e-27	7.60e-20	7.93e-13	6.35e-07	1.00e+00	8.02e-05	0.00e+00
 7.36801e+12	0.00e+00	1.73e-27	9.12e-20	9.05e-13	6.83e-07	1.00e+00	7.45e-05	0.00e+00
 7.63237e+12	5.34e-36	2.19e-27	1.10e-19	1.04e-12	7.37e-07	1.00e+00	6.91e-05	0.00e+00
 7.92502e+12	0.00e+00	2.82e-27	1.35e-19	1.21e-12	8.00e-07	1.00e+00	6.37e-05	0.00e+00
 8.19587e+12	9.45e-36	3.52e-27	1.62e-19	1.38e-12	8.61e-07	1.00e+00	5.93e-05	0.00e+00
 8.48938e+12	0.00e+00	4.46e-27	1.96e-19	1.58e-12	9.29e-07	1.00e+00	5.49e-05	0.00e+00
 8.81594e+12	1.70e-35	5.75e-27	2.40e-19	1.83e-12	1.01e-06	1.00e+00	5.06e-05	0.00e+00
 9.12073e+12	0.00e+00	7.22e-27	2.88e-19	2.10e-12	1.09e-06	1.00e+00	4.71e-05	0.00e+00
 9.45223e+12	2.97e-35	9.18e-27	3.50e-19	2.41e-12	1.17e-06	1.00e+00	4.36e-05	0.00e+00
 9.82081e+12	0.00e+00	1.19e-26	4.30e-19	2.80e-12	1.27e-06	1.00e+00	4.01e-05	0.00e+00
 1.01651e+13	5.35e-35	1.50e-26	5.19e-19	3.21e-12	1.37e-06	1.00e+00	3.73e-05	0.00e+00
 1.05403e+13	0.00e+00	1.92e-26	6.32e-19	3.70e-12	1.48e-06	1.00e+00	3.45e-05	0.00e+00
 1.09592e+13	9.85e-35	2.49e-26	7.81e-19	4.31e-12	1.61e-06	1.00e+00	3.17e-05	0.00e+00
 1.13535e+13	0.00e+00	3.17e-26	9.46e-19	4.95e-12	1.74e-06	1.00e+00	2.94e-05	0.00e+00
 1.17843e+13	1.79e-34	4.09e-26	1.16e-18	5.72e-12	1.89e-06	1.00e+00	2.72e-05	0.00e+00
 1.22667e+13	2.48e-34	5.37e-26	1.44e-18	6.70e-12	2.06e-06	1.00e+00	2.49e-05	0.00e+00
 1.27235e+13	3.35e-34	6.91e-26	1.77e-18	7.73e-12	2.23e-06	1.00e+00	2.31e-05	0.00e+00
 1.32152e+13	4.60e-34	8.98e-26	2.17e-18	8.96e-12	2.41e-06	1.00e+00	2.13e-05	0.00e+00
 1.37737e+13	6.48e-34	1.19e-25	2.73e-18	1.05e-11	2.64e-06	1.00e+00	1.95e-05	0.00e+00
 1.43232e+13	8.99e-34	1.57e-25	3.39e-18	1.23e-11	2.87e-06	1.00e+00	1.79e-05	0.00e+00
 1.48948e+13	1.25e-33	2.06e-25	4.21e-18	1.43e-11	3.12e-06	1.00e+00	1.65e-05	0.00e+00
 1.55205e+13	1.77e-33	2.75e-25	5.29e-18	1.68e-11	3.40e-06	1.00e+00	1.51e-05	0.00e+00
 1.61712e+13	2.52e-33	3.67e-25	6.65e-18	1.97e-11	3.71e-06	1.00e+00	1.39e-05	0.00e+00
 1.68480e+13	3.60e-33	4.92e-25	8.37e-18	2.32e-11	4.04e-06	1.00e+00	1.28e-05	0.00e+00
 1.74892e+13	4.95e-33	6.41e-25	1.03e-17	2.68e-11	4.37e-06	1.00e+00	1.18e-05	0.00e+00
 1.80675e+13	6.56e-33	8.08e-25	1.24e-17	3.04e-11	4.68e-06	1.00e+00	1.10e-05	0.00e+00
 1.86114e+13	8.49e-33	9.98e-25	1.46e-17	3.42e-11	4.98e-06	1.00e+00	1.04e-05	0.00e+00
 1.92136e+13	1.12e-32	1.26e-24	1.75e-17	3.87e-11	5.32e-06	1.00e+00	9.70e-06	0.00e+00
 1.98907e+13	1.53e-32	1.62e-24	2.13e-17	4.43e-11	5.71e-06	1.00e+00	9.04e-06	0.00e+00
 2.05375e+13	2.03e-32	2.04e-24	2.55e-17	5.02e-11	6.10e-06	1.00e+00	8.46e-06	0.00e+00
 2.12507e+13	2.76e-32	2.62e-24	3.10e-17	5.74e-11	6.55e-06	1.00e+00	7.89e-06	0.00e+00
 2.20286e+13	3.81e-32	3.41e-24	3.80e-17	6.60e-11	7.05e-06	1.00e+00	7.32e-06	0.00e+00
 2.27347e+13	5.06e-32	4.30e-24	4.55e-17	7.47e-11	7.52e-06	1.00e+00	6.87e-06	0.00e+00
 2.34968e+13	6.83e-32	5.49e-24	5.50e-17	8.50e-11	8.04e-06	1.00e+00	6.42e-06	0.00e+00
 2.43557e+13	9.51e-32	7.18e-24	6.76e-17	9.78e-11	8.65e-06	1.00e+00	5.97e-06	0.00e+00
 2.51739e+13	1.29e-31	9.18e-24	8.17e-17	1.11e-10	9.25e-06	1.00e+00	5.58e-06	0.00e+00
 2.60712e+13	1.78e-31	1.19e-23	1.00e-16	1.28e-10	9.93e-06	1.00e+00	5.20e-06	0.00e+00
 2.70615e+13	2.51e-31	1.58e-23	1.24e-16	1.48e-10	1.07e-05	1.00e+00	4.83e-06	0.00e+00
 2.79797e+13	3.43e-31	2.03e-23	1.50e-16	1.68e-10	1.15e-05	1.00e+00	4.51e-06	0.00e+00
 2.89800e+13	4.78e-31	2.66e-23	1.84e-16	1.93e-10	1.23e-05	1.00e+00	4.21e-06	0.00e+00
 3.01055e+13	6.87e-31	3.56e-23	2.30e-16	2.24e-10	1.33e-05	1.00e+00	3.90e-06	0.00e+00
 3.11794e+13	9.58e-31	4.65e-23	2.82e-16	2.57e-10	1.42e-05	1.00e+00	3.64e-06	0.00e+00
 3.23421e+13	1.36e-30	6.16e-23	3.49e-16	2.97e-10	1.53e-05	1.00e+00	3.38e-06	0.00e+00
 3.36299e+13	1.97e-30	8.33e-23	4.39e-16	3.46e-10	1.65e-05	1.00e+00	3.13e-06	0.00e+00
 3.48653e+13	2.79e-30	1.10e-22	5.42e-16	3.98e-10	1.77e-05	1.00e+00	2.91e-06	0.00e+00
 3.61858e+13	4.00e-30	1.47e-22	6.74e-16	4.61e-10	1.91e-05	1.00e+00	2.71e-06	0.00e+00
 3.76631e+13	5.91e-30	2.01e-22	8.52e-16	5.39e-10	2.06e-05	1.00e+00	2.50e-06	0.00e+00
 3.91450e+13	8.61e-30	2.71e-22	1.07e-15	6.27e-10	2.23e-05	1.00e+00	2.32e-06	0.00e+00
 4.06862e+13	1.26e-29	3.67e-22	1.34e-15	7.30e-10	2.40e-05	1.00e+00	2.15e-06	0.00e+00
 4.23435e+13	1.85e-29	5.02e-22	1.70e-15	8.53e-10	2.60e-05	1.00e+00	1.99e-06	0.00e+00
 4.40672e+13	2.74e-29	6.86e-22	2.15e-15	9.98e-10	2.81e-05	1.00e+00	1.84e-06	0.00e+00
 4.58598e+13	4.05e-29	9.38e-22	2.72e-15	1.17e-09	3.04e-05	1.00e+00	1.70e-06	0.00e+00
 4.76002e+13	5.84e-29	1.26e-21	3.39e-15	1.35e-09	3.27e-05	1.00e+00	1.58e-06	0.00e+00
 4.92446e+13	8.15e-29	1.64e-21	4.14e-15	1.55e-09	3.49e-05	1.00e+00	1.48e-06	0.00e+00
 5.07984e+13	1.11e-28	2.10e-21	4.98e-15	1.75e-09	3.71e-05	1.00e+00	1.39e-06	0.00e+00
 5.24911e+13	1.53e-28	2.72e-21	6.05e-15	1.99e-09	3.95e-05	1.00e+00	1.31e-06	0.00e+00
 5.43789e+13	2.17e-28	3.59e-21	7.45e-15	2.28e-09	4.24e-05	1.00e+00	1.22e-06	0.00e+00
 5.61617e+13	2.95e-28	4.61e-21	9.02e-15	2.59e-09	4.52e-05	1.00e+00	1.14e-06	0.00e+00
 5.81205e+13	4.15e-28	6.04e-21	1.11e-14	2.97e-09	4.83e-05	1.00e+00	1.07e-06	0.00e+00
 6.03247e+13	6.01e-28	8.12e-21	1.38e-14	3.44e-09	5.19e-05	1.00e+00	9.95e-07	0.00e+00
 6.24326e+13	8.40e-28	1.06e-20	1.69e-14	3.94e-09	5.56e-05	1.00e+00	0.00e+00	0.00e+00
 6.47274e+13	1.19e-27	1.40e-20	2.09e-14	4.54e-09	5.97e-05	1.00e+00	0.00e+00	0.00e+00
 6.72884e+13	1.75e-27	1.91e-20	2.64e-14	5.29e-09	6.44e-05	1.00e+00	0.00e+00	0.00e+00
 6.97814e+13	2.46e-27	2.52e-20	3.27e-14	6.11e-09	6.93e-05	1.00e+00	0.00e+00	0.00e+00
 7.24322e+13	3.55e-27	3.39e-20	4.08e-14	7.08e-09	7.45e-05	1.00e+00	0.00e+00	0.00e+00
 7.51193e+13	5.03e-27	4.49e-20	5.06e-14	8.18e-09	8.02e-05	1.00e+00	0.00e+00	0.00e+00
 7.74919e+13	6.85e-27	5.75e-20	6.08e-14	9.25e-09	8.52e-05	1.00e+00	0.00e+00	0.00e+00
 8.00690e+13	9.30e-27	7.37e-20	7.38e-14	1.05e-08	9.10e-05	1.00e+00	0.00e+00	0.00e+00
 8.31711e+13	1.36e-26	9.96e-20	9.25e-14	1.23e-08	9.81e-05	1.00e+00	0.00e+00	0.00e+00
 8.62494e+13	1.90e-26	1.31e-19	1.15e-13	1.42e-08	1.06e-04	1.00e+00	0.00e+00	0.00e+00
 8.90004e+13	2.56e-26	1.67e-19	1.38e-13	1.60e-08	1.12e-04	1.00e+00	0.00e+00	0.00e+00
 9.20322e+13	3.52e-26	2.16e-19	1.69e-13	1.83e-08	1.20e-04	1.00e+00	0.00e+00	0.00e+00
 9.56357e+13	5.15e-26	2.93e-19	2.12e-13	2.13e-08	1.30e-04	1.00e+00	0.00e+00	0.00e+00
 9.92066e+13	7.17e-26	3.85e-19	2.63e-13	2.47e-08	1.40e-04	1.00e+00	0.00e+00	0.00e+00
 1.02467e+14	9.77e-26	4.95e-19	3.19e-13	2.81e-08	1.49e-04	1.00e+00	0.00e+00	0.00e+00
 1.06100e+14	1.37e-25	6.50e-19	3.92e-13	3.22e-08	1.60e-04	1.00e+00	0.00e+00	0.00e+00
 1.10331e+14	1.96e-25	8.70e-19	4.94e-13	3.77e-08	1.73e-04	1.00e+00	0.00e+00	0.00e+00
 1.14490e+14	2.81e-25	1.16e-18	6.16e-13	4.36e-08	1.87e-04	1.00e+00	0.00e+00	0.00e+00
 1.18419e+14	3.79e-25	1.49e-18	7.52e-13	4.99e-08	2.00e-04	1.00e+00	0.00e+00	0.00e+00
 1.22790e+14	5.41e-25	1.99e-18	9.33e-13	5.77e-08	2.15e-04	1.00e+00	0.00e+00	0.00e+00
 1.27732e+14	7.68e-25	2.65e-18	1.18e-12	6.75e-08	2.33e-04	1.00e+00	0.00e+00	0.00e+00
 1.32669e+14	1.10e-24	3.54e-18	1.48e-12	7.85e-08	2.52e-04	1.00e+00	0.00e+00	0.00e+00
 1.37298e+14	1.53e-24	4.63e-18	1.81e-12	9.00e-08	2.70e-04	1.00e+00	0.00e+00	0.00e+00
 1.42313e+14	2.13e-24	6.07e-18	2.24e-12	1.04e-07	2.90e-04	1.00e+00	0.00e+00	0.00e+00
 1.47916e+14	2.99e-24	8.06e-18	2.81e-12	1.21e-07	3.13e-04	1.00e+00	0.00e+00	0.00e+00
 1.53152e+14	4.20e-24	1.06e-17	3.46e-12	1.39e-07	3.36e-04	1.00e+00	0.00e+00	0.00e+00
 1.58009e+14	5.48e-24	1.32e-17	4.16e-12	1.58e-07	3.58e-04	1.00e+00	0.00e+00	0.00e+00
 1.62676e+14	7.20e-24	1.65e-17	4.95e-12	1.77e-07	3.80e-04	1.00e+00	0.00e+00	0.00e+00
 1.67841e+14	9.73e-24	2.11e-17	5.96e-12	2.00e-07	4.05e-04	1.00e+00	0.00e+00	0.00e+00
 1.73566e+14	1.30e-23	2.69e-17	7.26e-12	2.29e-07	4.33e-04	1.00e+00	0.00e+00	0.00e+00
 1.78897e+14	1.74e-23	3.41e-17	8.70e-12	2.58e-07	4.60e-04	1.00e+00	0.00e+00	0.00e+00
 1.84708e+14	2.29e-23	4.28e-17	1.05e-11	2.93e-07	4.91e-04	1.00e+00	0.00e+00	0.00e+00
 1.91226e+14	3.16e-23	5.57e-17	1.29e-11	3.37e-07	5.27e-04	9.99e-01	0.00e+00	0.00e+00
 1.97450e+14	4.28e-23	7.13e-17	1.56e-11	3.83e-07	5.62e-04	9.99e-01	0.00e+00	0.00e+00
 2.04325e+14	5.73e-23	9.11e-17	1.91e-11	4.39e-07	6.02e-04	9.99e-01	0.00e+00	0.00e+00
 2.11901e+14	8.13e-23	1.21e-16	2.38e-11	5.07e-07	6.48e-04	9.99e-01	0.00e+00	0.00e+00
 2.18876e+14	1.07e-22	1.52e-16	2.88e-11	5.77e-07	6.93e-04	9.99e-01	0.00e+00	0.00e+00
 2.26433e+14	1.48e-22	1.98e-16	3.52e-11	6.61e-07	7.41e-04	9.99e-01	0.00e+00	0.00e+00
 2.34879e+14	2.01e-22	2.57e-16	4.37e-11	7.65e-07	8.00e-04	9.99e-01	0.00e+00	0.00e+00
 2.42807e+14	2.71e-22	3.29e-16	5.32e-11	8.73e-07	8.55e-04	9.99e-01	0.00e+00	0.00e+00
 2.51441e+14	3.74e-22	4.28e-16	6.55e-11	1.00e-06	9.18e-04	9.99e-01	0.00e+00	0.00e+00
 2.61048e+14	5.11e-22	5.58e-16	8.18e-11	1.17e-06	9.92e-04	9.99e-01	0.00e+00	0.00e+00
 2.70019e+14	7.02e-22	7.22e-16	9.99e-11	1.33e-06	1.06e-03	9.99e-01	0.00e+00	0.00e+00
 2.79763e+14	9.36e-22	9.24e-16	1.23e-10	1.54e-06	1.14e-03	9.99e-01	0.00e+00	0.00e+00
 2.90644e+14	1.34e-21	1.24e-15	1.54e-10	1.79e-06	1.24e-03	9.99e-01	0.00e+00	0.00e+00
 3.00965e+14	1.78e-21	1.58e-15	1.90e-10	2.06e-06	1.33e-03	9.99e-01	0.00e+00	0.00e+00
 3.12037e+14	2.46e-21	2.06e-15	2.35e-10	2.38e-06	1.43e-03	9.99e-01	0.00e+00	0.00e+00
 3.24549e+14	3.38e-21	2.71e-15	2.96e-10	2.78e-06	1.55e-03	9.98e-01	0.00e+00	0.00e+00
 3.36804e+14	4.72e-21	3.57e-15	3.68e-10	3.23e-06	1.68e-03	9.98e-01	0.00e+00	0.00e+00
 3.49549e+14	6.34e-21	4.60e-15	4.58e-10	3.74e-06	1.81e-03	9.98e-01	0.00e+00	0.00e+00
 3.63560e+14	8.98e-21	6.15e-15	5.77e-10	4.38e-06	1.97e-03	9.98e-01	0.00e+00	0.00e+00
 3.77395e+14	1.20e-20	7.91e-15	7.18e-10	5.09e-06	2.13e-03	9.98e-01	0.00e+00	0.00e+00
 3.88782e+14	1.54e-20	9.78e-15	8.55e-10	5.73e-06	2.27e-03	9.98e-01	0.00e+00	0.00e+00
 3.97843e+14	1.87e-20	1.15e-14	9.79e-10	6.28e-06	2.39e-03	9.98e-01	0.00e+00	0.00e+00
 4.07881e+14	2.31e-20	1.38e-14	1.13e-09	6.94e-06	2.52e-03	9.97e-01	0.00e+00	0.00e+00
 4.20930e+14	2.97e-20	1.71e-14	1.36e-09	7.87e-06	2.69e-03	9.97e-01	0.00e+00	0.00e+00
 4.34946e+14	3.86e-20	2.14e-14	1.65e-09	8.98e-06	2.89e-03	9.97e-01	0.00e+00	0.00e+00
 4.47427e+14	4.90e-20	2.62e-14	1.95e-09	1.01e-05	3.07e-03	9.97e-01	0.00e+00	0.00e+00
 4.60860e+14	6.16e-20	3.20e-14	2.31e-09	1.13e-05	3.28e-03	9.97e-01	0.00e+00	0.00e+00
 4.77837e+14	8.31e-20	4.13e-14	2.86e-09	1.31e-05	3.54e-03	9.96e-01	0.00e+00	0.00e+00
 4.95051e+14	1.10e-19	5.26e-14	3.52e-09	1.51e-05	3.83e-03	9.96e-01	0.00e+00	0.00e+00
 5.09705e+14	1.38e-19	6.42e-14	4.17e-09	1.69e-05	4.08e-03	9.96e-01	0.00e+00	0.00e+00
 5.25403e+14	1.76e-19	7.92e-14	4.98e-09	1.91e-05	4.36e-03	9.96e-01	0.00e+00	0.00e+00
 5.44976e+14	2.35e-19	1.02e-13	6.17e-09	2.21e-05	4.73e-03	9.95e-01	0.00e+00	0.00e+00
 5.65049e+14	3.14e-19	1.31e-13	7.63e-09	2.56e-05	5.12e-03	9.95e-01	0.00e+00	0.00e+00
 5.82747e+14	4.02e-19	1.62e-13	9.14e-09	2.89e-05	5.48e-03	9.94e-01	0.00e+00	0.00e+00
 6.01894e+14	5.15e-19	2.01e-13	1.10e-08	3.29e-05	5.88e-03	9.94e-01	0.00e+00	0.00e+00
 6.24985e+14	6.96e-19	2.61e-13	1.38e-08	3.83e-05	6.40e-03	9.94e-01	0.00e+00	0.00e+00
 6.47868e+14	9.23e-19	3.34e-13	1.70e-08	4.42e-05	6.94e-03	9.93e-01	0.00e+00	0.00e+00
 6.68232e+14	1.19e-18	4.15e-13	2.04e-08	5.00e-05	7.42e-03	9.93e-01	0.00e+00	0.00e+00
 6.90657e+14	1.54e-18	5.20e-13	2.48e-08	5.71e-05	8.00e-03	9.92e-01	0.00e+00	0.00e+00
 7.17414e+14	2.08e-18	6.76e-13	3.10e-08	6.64e-05	8.71e-03	9.91e-01	0.00e+00	0.00e+00
 7.44031e+14	2.79e-18	8.73e-13	3.85e-08	7.68e-05	9.44e-03	9.90e-01	0.00e+00	0.00e+00
 7.68426e+14	3.58e-18	1.09e-12	4.66e-08	8.74e-05	1.01e-02	9.90e-01	0.00e+00	0.00e+00
 7.95703e+14	4.82e-18	1.40e-12	5.73e-08	1.00e-04	1.10e-02	9.89e-01	0.00e+00	0.00e+00
 8.27357e+14	6.61e-18	1.84e-12	7.23e-08	1.17e-04	1.19e-02	9.88e-01	0.00e+00	0.00e+00
 8.58470e+14	8.95e-18	2.39e-12	9.00e-08	1.36e-04	1.30e-02	9.87e-01	0.00e+00	0.00e+00
 8.88135e+14	1.18e-17	3.04e-12	1.10e-07	1.56e-04	1.40e-02	9.86e-01	0.00e+00	0.00e+00
 9.14095e+14	1.50e-17	3.73e-12	1.31e-07	1.74e-04	1.49e-02	9.85e-01	0.00e+00	0.00e+00
 9.35534e+14	1.82e-17	4.41e-12	1.50e-07	1.91e-04	1.57e-02	9.84e-01	0.00e+00	0.00e+00
 9.59150e+14	2.25e-17	5.27e-12	1.75e-07	2.11e-04	1.66e-02	9.83e-01	0.00e+00	0.00e+00
 9.89851e+14	2.91e-17	6.60e-12	2.11e-07	2.40e-04	1.78e-02	9.82e-01	0.00e+00	0.00e+00
 1.02217e+15	3.84e-17	8.35e-12	2.56e-07	2.72e-04	1.91e-02	9.81e-01	0.00e+00	0.00e+00
 1.04996e+15	4.83e-17	1.02e-11	3.01e-07	3.03e-04	2.02e-02	9.79e-01	0.00e+00	0.00e+00
 1.07947e+15	6.10e-17	1.24e-11	3.55e-07	3.38e-04	2.15e-02	9.78e-01	0.00e+00	0.00e+00
 1.11784e+15	8.29e-17	1.61e-11	4.39e-07	3.89e-04	2.32e-02	9.76e-01	0.00e+00	0.00e+00
 1.15744e+15	1.11e-16	2.07e-11	5.41e-07	4.47e-04	2.51e-02	9.74e-01	0.00e+00	0.00e+00
 1.19051e+15	1.55e-16	2.56e-11	6.42e-07	5.00e-04	2.66e-02	9.73e-01	0.00e+00	0.00e+00
 1.22536e+15	2.00e-16	3.17e-11	7.64e-07	5.61e-04	2.84e-02	9.71e-01	0.00e+00	0.00e+00
 1.26998e+15	2.75e-16	4.13e-11	9.49e-07	6.47e-04	3.07e-02	9.69e-01	0.00e+00	0.00e+00
 1.31696e+15	3.68e-16	5.32e-11	1.18e-06	7.47e-04	3.31e-02	9.66e-01	0.00e+00	0.00e+00
 1.35882e+15	4.89e-16	6.75e-11	1.43e-06	8.46e-04	3.54e-02	9.64e-01	0.00e+00	0.00e+00
 1.40433e+15	6.57e-16	8.64e-11	1.75e-06	9.64e-04	3.80e-02	9.61e-01	0.00e+00	0.00e+00
 1.45867e+15	9.65e-16	1.17e-10	2.20e-06	1.12e-03	4.13e-02	9.58e-01	0.00e+00	0.00e+00
 1.51242e+15	1.29e-15	1.51e-10	2.74e-06	1.29e-03	4.45e-02	9.54e-01	0.00e+00	0.00e+00
 1.56111e+15	1.73e-15	1.93e-10	3.32e-06	1.47e-03	4.76e-02	9.51e-01	0.00e+00	0.00e+00
 1.61526e+15	2.37e-15	2.50e-10	4.08e-06	1.68e-03	5.12e-02	9.47e-01	0.00e+00	0.00e+00
 1.67881e+15	3.52e-15	3.42e-10	5.17e-06	1.96e-03	5.56e-02	9.42e-01	0.00e+00	0.00e+00
 1.74149e+15	4.91e-15	4.51e-10	6.46e-06	2.26e-03	5.99e-02	9.38e-01	0.00e+00	0.00e+00
 1.80022e+15	6.71e-15	5.83e-10	7.90e-06	2.58e-03	6.42e-02	9.33e-01	0.00e+00	0.00e+00
 1.86581e+15	9.09e-15	7.56e-10	9.82e-06	2.97e-03	6.91e-02	9.28e-01	0.00e+00	0.00e+00
 1.94047e+15	1.37e-14	1.05e-09	1.25e-05	3.47e-03	7.50e-02	9.21e-01	0.00e+00	0.00e+00
 2.01423e+15	1.96e-14	1.40e-09	1.57e-05	4.02e-03	8.09e-02	9.15e-01	0.00e+00	0.00e+00
 2.07464e+15	2.59e-14	1.76e-09	1.87e-05	4.51e-03	8.59e-02	9.10e-01	0.00e+00	0.00e+00
 2.12182e+15	3.21e-14	2.09e-09	2.14e-05	4.93e-03	8.98e-02	9.05e-01	0.00e+00	0.00e+00
 2.17352e+15	4.04e-14	2.52e-09	2.48e-05	5.42e-03	9.42e-02	9.00e-01	0.00e+00	0.00e+00
 2.24072e+15	5.20e-14	3.14e-09	2.98e-05	6.10e-03	1.00e-01	8.94e-01	0.00e+00	0.00e+00
 2.31374e+15	7.35e-14	4.11e-09	3.62e-05	6.91e-03	1.07e-01	8.86e-01	0.00e+00	0.00e+00
 2.37933e+15	9.51e-14	5.08e-09	4.28e-05	7.70e-03	1.13e-01	8.80e-01	0.00e+00	0.00e+00
 2.44961e+15	1.22e-13	6.29e-09	5.10e-05	8.62e-03	1.19e-01	8.72e-01	0.00e+00	0.00e+00
 2.53914e+15	1.79e-13	8.48e-09	6.34e-05	9.91e-03	1.28e-01	8.62e-01	0.00e+00	0.00e+00
 2.62971e+15	2.48e-13	1.11e-08	7.81e-05	1.13e-02	1.36e-01	8.52e-01	0.00e+00	0.00e+00
 2.70578e+15	3.19e-13	1.37e-08	9.26e-05	1.26e-02	1.44e-01	8.44e-01	0.00e+00	0.00e+00
 2.78694e+15	4.22e-13	1.72e-08	1.10e-04	1.41e-02	1.52e-01	8.34e-01	0.00e+00	0.00e+00
 2.88948e+15	6.21e-13	2.32e-08	1.37e-04	1.62e-02	1.62e-01	8.21e-01	0.00e+00	0.00e+00
 2.99491e+15	8.77e-13	3.07e-08	1.70e-04	1.86e-02	1.73e-01	8.08e-01	0.00e+00	0.00e+00
 3.08694e+15	1.16e-12	3.87e-08	2.03e-04	2.08e-02	1.83e-01	7.96e-01	0.00e+00	0.00e+00
 3.18647e+15	1.53e-12	4.87e-08	2.45e-04	2.34e-02	1.93e-01	7.83e-01	0.00e+00	0.00e+00
 3.30759e+15	2.25e-12	6.62e-08	3.06e-04	2.70e-02	2.06e-01	7.67e-01	0.00e+00	0.00e+00
 3.42763e+15	3.17e-12	8.72e-08	3.76e-04	3.07e-02	2.18e-01	7.50e-01	0.00e+00	0.00e+00
 3.53397e+15	4.13e-12	1.09e-07	4.49e-04	3.43e-02	2.30e-01	7.36e-01	0.00e+00	0.00e+00
 3.65167e+15	5.62e-12	1.40e-07	5.44e-04	3.87e-02	2.42e-01	7.19e-01	0.00e+00	0.00e+00
 3.79257e+15	8.47e-12	1.92e-07	6.81e-04	4.44e-02	2.57e-01	6.98e-01	0.00e+00	0.00e+00
 3.92627e+15	1.16e-11	2.49e-07	8.30e-04	5.02e-02	2.71e-01	6.78e-01	0.00e+00	0.00e+00
 4.03967e+15	1.48e-11	3.06e-07	9.76e-04	5.55e-02	2.82e-01	6.62e-01	0.00e+00	0.00e+00
 4.16406e+15	1.97e-11	3.85e-07	1.16e-03	6.17e-02	2.94e-01	6.43e-01	0.00e+00	0.00e+00
 4.31907e+15	2.91e-11	5.21e-07	1.44e-03	7.01e-02	3.10e-01	6.18e-01	0.00e+00	0.00e+00
 4.47517e+15	4.01e-11	6.78e-07	1.76e-03	7.91e-02	3.24e-01	5.95e-01	0.00e+00	0.00e+00
 4.59909e+15	5.05e-11	8.23e-07	2.05e-03	8.66e-02	3.35e-01	5.76e-01	0.00e+00	0.00e+00
 4.71990e+15	6.45e-11	1.00e-06	2.37e-03	9.44e-02	3.46e-01	5.57e-01	0.00e+00	0.00e+00
 4.87695e+15	9.16e-11	1.32e-06	2.86e-03	1.05e-01	3.60e-01	5.32e-01	0.00e+00	0.00e+00
 5.03024e+15	1.22e-10	1.66e-06	3.39e-03	1.16e-01	3.71e-01	5.09e-01	0.00e+00	0.00e+00
 5.15222e+15	1.52e-10	1.98e-06	3.87e-03	1.26e-01	3.80e-01	4.90e-01	0.00e+00	0.00e+00
 5.28435e+15	1.92e-10	2.39e-06	4.45e-03	1.36e-01	3.89e-01	4.71e-01	0.00e+00	0.00e+00
 5.45612e+15	2.62e-10	3.06e-06	5.33e-03	1.50e-01	4.00e-01	4.45e-01	0.00e+00	0.00e+00
 5.63413e+15	3.48e-10	3.86e-06	6.33e-03	1.65e-01	4.09e-01	4.19e-01	0.00e+00	0.00e+00
 5.78274e+15	4.33e-10	4.62e-06	7.28e-03	1.78e-01	4.16e-01	3.98e-01	0.00e+00	0.00e+00
 5.93844e+15	5.53e-10	5.64e-06	8.42e-03	1.93e-01	4.22e-01	3.76e-01	0.00e+00	0.00e+00
 6.14086e+15	7.98e-10	7.46e-06	1.01e-02	2.13e-01	4.30e-01	3.47e-01	0.00e+00	0.00e+00
 6.34324e+15	1.06e-09	9.39e-06	1.20e-02	2.32e-01	4.34e-01	3.21e-01	0.00e+00	0.00e+00
 6.50426e+15	1.31e-09	1.12e-05	1.37e-02	2.48e-01	4.36e-01	3.01e-01	0.00e+00	0.00e+00
 6.67229e+15	1.66e-09	1.35e-05	1.58e-02	2.66e-01	4.38e-01	2.81e-01	0.00e+00	0.00e+00
 6.85965e+15	2.28e-09	1.72e-05	1.84e-02	2.86e-01	4.38e-01	2.58e-01	0.00e+00	0.00e+00
 7.03131e+15	2.87e-09	2.06e-05	2.09e-02	3.04e-01	4.36e-01	2.39e-01	0.00e+00	0.00e+00
 7.21363e+15	3.66e-09	2.50e-05	2.40e-02	3.24e-01	4.33e-01	2.19e-01	0.00e+00	0.00e+00
 7.40949e+15	4.58e-09	3.01e-05	2.76e-02	3.44e-01	4.28e-01	2.00e-01	0.00e+00	0.00e+00
 7.58335e+15	6.09e-09	3.72e-05	3.14e-02	3.64e-01	4.23e-01	1.82e-01	0.00e+00	0.00e+00
 7.73936e+15	7.45e-09	4.36e-05	3.51e-02	3.80e-01	4.17e-01	1.68e-01	0.00e+00	0.00e+00
 7.88306e+15	8.99e-09	5.04e-05	3.87e-02	3.96e-01	4.10e-01	1.55e-01	0.00e+00	0.00e+00
 8.02000e+15	1.08e-08	5.80e-05	4.26e-02	4.10e-01	4.03e-01	1.44e-01	0.00e+00	0.00e+00
 8.17687e+15	1.27e-08	6.63e-05	4.72e-02	4.27e-01	3.94e-01	1.32e-01	0.00e+00	0.00e+00
 8.38080e+15	1.76e-08	8.46e-05	5.46e-02	4.48e-01	3.81e-01	1.15e-01	0.00e+00	0.00e+00
 8.58282e+15	2.22e-08	1.02e-04	6.21e-02	4.68e-01	3.68e-01	1.02e-01	0.00e+00	0.00e+00
 8.74301e+15	2.65e-08	1.17e-04	6.88e-02	4.83e-01	3.56e-01	9.23e-02	0.00e+00	0.00e+00
 8.88778e+15	3.21e-08	1.36e-04	7.56e-02	4.97e-01	3.44e-01	8.35e-02	0.00e+00	0.00e+00
 9.02688e+15	3.88e-08	1.57e-04	8.28e-02	5.09e-01	3.32e-01	7.56e-02	0.00e+00	0.00e+00
 9.16085e+15	4.66e-08	1.80e-04	9.04e-02	5.21e-01	3.20e-01	6.84e-02	0.00e+00	0.00e+00
 9.31311e+15	6.14e-08	2.20e-04	1.01e-01	5.34e-01	3.05e-01	6.00e-02	0.00e+00	0.00e+00
 9.47676e+15	7.52e-08	2.57e-04	1.12e-01	5.46e-01	2.90e-01	5.27e-02	0.00e+00	0.00e+00
 9.62759e+15	9.60e-08	3.07e-04	1.24e-01	5.56e-01	2.74e-01	4.60e-02	0.00e+00	0.00e+00
 9.76780e+15	1.18e-07	3.58e-04	1.35e-01	5.65e-01	2.59e-01	4.04e-02	0.00e+00	0.00e+00
 9.89623e+15	1.34e-07	3.98e-04	1.47e-01	5.71e-01	2.46e-01	3.60e-02	0.00e+00	0.00e+00
 1.00376e+16	1.65e-07	4.66e-04	1.61e-01	5.78e-01	2.29e-01	3.10e-02	0.00e+00	0.00e+00
 1.01891e+16	2.09e-07	5.56e-04	1.79e-01	5.83e-01	2.12e-01	2.62e-02	0.00e+00	0.00e+00
 1.03187e+16	2.61e-07	6.53e-04	1.95e-01	5.85e-01	1.97e-01	2.24e-02	0.00e+00	0.00e+00
 1.04222e+16	3.16e-07	7.49e-04	2.09e-01	5.86e-01	1.84e-01	1.96e-02	0.00e+00	0.00e+00
 1.05078e+16	3.70e-07	8.41e-04	2.22e-01	5.86e-01	1.74e-01	1.74e-02	0.00e+00	0.00e+00
 1.06000e+16	4.37e-07	9.49e-04	2.37e-01	5.85e-01	1.62e-01	1.52e-02	0.00e+00	0.00e+00
 1.07029e+16	5.26e-07	1.09e-03	2.54e-01	5.83e-01	1.49e-01	1.29e-02	0.00e+00	0.00e+00
 1.07970e+16	6.33e-07	1.24e-03	2.71e-01	5.79e-01	1.38e-01	1.10e-02	0.00e+00	0.00e+00
 1.08679e+16	7.37e-07	1.38e-03	2.85e-01	5.75e-01	1.29e-01	9.72e-03	0.00e+00	0.00e+00
 1.09173e+16	8.50e-07	1.53e-03	2.95e-01	5.72e-01	1.22e-01	8.77e-03	0.00e+00	0.00e+00
 1.09596e+16	9.28e-07	1.62e-03	3.04e-01	5.69e-01	1.17e-01	8.06e-03	0.00e+00	0.00e+00
 1.10064e+16	9.98e-07	1.72e-03	3.14e-01	5.66e-01	1.11e-01	7.35e-03	0.00e+00	0.00e+00
 1.10673e+16	1.17e-06	1.92e-03	3.28e-01	5.60e-01	1.03e-01	6.37e-03	0.00e+00	0.00e+00
 1.11274e+16	1.34e-06	2.11e-03	3.41e-01	5.55e-01	9.60e-02	5.57e-03	0.00e+00	0.00e+00
 1.11759e+16	1.49e-06	2.28e-03	3.53e-01	5.50e-01	9.01e-02	4.96e-03	0.00e+00	0.00e+00
 1.12283e+16	1.70e-06	2.50e-03	3.66e-01	5.44e-01	8.35e-02	4.30e-03	0.00e+00	0.00e+00
 1.12837e+16	1.85e-06	2.66e-03	3.78e-01	5.38e-01	7.74e-02	3.76e-03	0.00e+00	0.00e+00
 1.13428e+16	2.22e-06	3.02e-03	3.94e-01	5.29e-01	7.02e-02	3.13e-03	0.00e+00	0.00e+00
 1.13980e+16	2.44e-06	3.23e-03	4.07e-01	5.22e-01	6.43e-02	2.68e-03	0.00e+00	0.00e+00
 1.14482e+16	2.78e-06	3.54e-03	4.21e-01	5.15e-01	5.87e-02	2.27e-03	0.00e+00	0.00e+00
 1.15017e+16	3.17e-06	3.88e-03	4.35e-01	5.06e-01	5.31e-02	1.89e-03	0.00e+00	0.00e+00
 1.15486e+16	3.68e-06	4.30e-03	4.48e-01	4.98e-01	4.83e-02	1.59e-03	0.00e+00	0.00e+00
 1.15883e+16	4.06e-06	4.60e-03	4.58e-01	4.91e-01	4.45e-02	1.37e-03	0.00e+00	0.00e+00
 1.16298e+16	4.55e-06	4.98e-03	4.70e-01	4.84e-01	4.05e-02	1.15e-03	0.00e+00	0.00e+00
 1.16838e+16	5.23e-06	5.48e-03	4.84e-01	4.74e-01	3.58e-02	9.19e-04	0.00e+00	0.00e+00
 1.17404e+16	6.03e-06	6.04e-03	4.99e-01	4.63e-01	3.13e-02	7.20e-04	0.00e+00	0.00e+00
 1.17890e+16	6.81e-06	6.57e-03	5.11e-01	4.54e-01	2.77e-02	5.78e-04	0.00e+00	0.00e+00
 1.18405e+16	7.79e-06	7.20e-03	5.24e-01	4.44e-01	2.41e-02	4.50e-04	0.00e+00	0.00e+00
 1.18980e+16	9.00e-06	7.95e-03	5.38e-01	4.33e-01	2.06e-02	3.39e-04	0.00e+00	0.00e+00
 1.19529e+16	1.03e-05	8.69e-03	5.51e-01	4.23e-01	1.77e-02	2.57e-04	0.00e+00	0.00e+00
 1.20140e+16	1.20e-05	9.63e-03	5.65e-01	4.11e-01	1.48e-02	1.85e-04	0.00e+00	0.00e+00
 1.20825e+16	1.41e-05	1.07e-02	5.80e-01	3.97e-01	1.20e-02	1.27e-04	0.00e+00	0.00e+00
 1.21495e+16	1.65e-05	1.19e-02	5.94e-01	3.84e-01	9.83e-03	8.79e-05	0.00e+00	0.00e+00
 1.22037e+16	1.86e-05	1.29e-02	6.04e-01	3.74e-01	8.37e-03	6.56e-05	0.00e+00	0.00e+00
 1.22438e+16	2.04e-05	1.37e-02	6.12e-01	3.67e-01	7.41e-03	5.25e-05	0.00e+00	0.00e+00
 1.22871e+16	2.25e-05	1.47e-02	6.20e-01	3.58e-01	6.46e-03	4.08e-05	0.00e+00	0.00e+00
 1.23436e+16	2.55e-05	1.60e-02	6.31e-01	3.48e-01	5.40e-03	2.94e-05	0.00e+00	0.00e+00
 1.24051e+16	2.91e-05	1.74e-02	6.42e-01	3.36e-01	4.48e-03	2.08e-05	0.00e+00	0.00e+00
 1.24614e+16	3.30e-05	1.89e-02	6.51e-01	3.26e-01	3.77e-03	1.51e-05	0.00e+00	0.00e+00
 1.25230e+16	3.77e-05	2.06e-02	6.62e-01	3.14e-01	3.10e-03	1.06e-05	0.00e+00	0.00e+00
 1.25911e+16	4.37e-05	2.27e-02	6.73e-01	3.02e-01	2.52e-03	7.22e-06	0.00e+00	0.00e+00
 1.26512e+16	4.97e-05	2.47e-02	6.82e-01	2.91e-01	2.10e-03	5.18e-06	0.00e+00	0.00e+00
 1.27028e+16	5.57e-05	2.66e-02	6.90e-01	2.81e-01	1.80e-03	3.88e-06	0.00e+00	0.00e+00
 1.27597e+16	6.32e-05	2.89e-02	6.99e-01	2.71e-01	1.50e-03	2.79e-06	0.00e+00	0.00e+00
 1.28225e+16	7.26e-05	3.17e-02	7.08e-01	2.59e-01	1.24e-03	1.97e-06	0.00e+00	0.00e+00
 1.28804e+16	8.28e-05	3.45e-02	7.16e-01	2.48e-01	1.04e-03	1.42e-06	0.00e+00	0.00e+00
 1.29325e+16	9.33e-05	3.73e-02	7.24e-01	2.38e-01	8.88e-04	1.06e-06	0.00e+00	0.00e+00
 1.29897e+16	1.06e-04	4.07e-02	7.31e-01	2.27e-01	7.41e-04	7.65e-07	0.00e+00	0.00e+00
 1.30528e+16	1.24e-04	4.48e-02	7.39e-01	2.16e-01	6.09e-04	0.00e+00	0.00e+00	0.00e+00
 1.31084e+16	1.41e-04	4.90e-02	7.45e-01	2.05e-01	5.12e-04	0.00e+00	0.00e+00	0.00e+00
 1.31562e+16	1.59e-04	5.28e-02	7.51e-01	1.96e-01	4.40e-04	0.00e+00	0.00e+00	0.00e+00
 1.32090e+16	1.81e-04	5.76e-02	7.56e-01	1.86e-01	3.70e-04	0.00e+00	0.00e+00	0.00e+00
 1.32674e+16	2.10e-04	6.34e-02	7.61e-01	1.75e-01	3.06e-04	0.00e+00	0.00e+00	0.00e+00
 1.33198e+16	2.41e-04	6.93e-02	7.65e-01	1.65e-01	2.57e-04	0.00e+00	0.00e+00	0.00e+00
 1.33662e+16	2.73e-04	7.51e-02	7.68e-01	1.56e-01	2.20e-04	0.00e+00	0.00e+00	0.00e+00
 1.34179e+16	3.14e-04	8.23e-02	7.71e-01	1.47e-01	1.83e-04	0.00e+00	0.00e+00	0.00e+00
 1.34738e+16	3.67e-04	9.09e-02	7.72e-01	1.36e-01	1.51e-04	0.00e+00	0.00e+00	0.00e+00
 1.35227e+16	4.22e-04	9.95e-02	7.72e-01	1.28e-01	1.26e-04	0.00e+00	0.00e+00	0.00e+00
 1.35653e+16	4.78e-04	1.08e-01	7.72e-01	1.20e-01	1.08e-04	0.00e+00	0.00e+00	0.00e+00
 1.36122e+16	5.49e-04	1.18e-01	7.70e-01	1.11e-01	9.01e-05	0.00e+00	0.00e+00	0.00e+00
 1.36636e+16	6.42e-04	1.30e-01	7.67e-01	1.02e-01	7.36e-05	0.00e+00	0.00e+00	0.00e+00
 1.37097e+16	7.42e-04	1.43e-01	7.62e-01	9.46e-02	6.13e-05	0.00e+00	0.00e+00	0.00e+00
 1.37509e+16	8.47e-04	1.55e-01	7.56e-01	8.76e-02	5.16e-05	0.00e+00	0.00e+00	0.00e+00
 1.37971e+16	9.85e-04	1.71e-01	7.48e-01	7.99e-02	4.21e-05	0.00e+00	0.00e+00	0.00e+00
 1.38475e+16	1.17e-03	1.90e-01	7.37e-01	7.18e-02	3.36e-05	0.00e+00	0.00e+00	0.00e+00
 1.38919e+16	1.36e-03	2.09e-01	7.25e-01	6.49e-02	2.73e-05	0.00e+00	0.00e+00	0.00e+00
 1.39314e+16	1.56e-03	2.27e-01	7.12e-01	5.88e-02	2.25e-05	0.00e+00	0.00e+00	0.00e+00
 1.39757e+16	1.83e-03	2.51e-01	6.95e-01	5.23e-02	1.78e-05	0.00e+00	0.00e+00	0.00e+00
 1.40249e+16	2.20e-03	2.79e-01	6.73e-01	4.54e-02	1.37e-05	0.00e+00	0.00e+00	0.00e+00
 1.40705e+16	2.61e-03	3.10e-01	6.48e-01	3.93e-02	1.05e-05	0.00e+00	0.00e+00	0.00e+00
 1.41123e+16	3.06e-03	3.40e-01	6.22e-01	3.40e-02	8.13e-06	0.00e+00	0.00e+00	0.00e+00
 1.41594e+16	3.70e-03	3.79e-01	5.89e-01	2.84e-02	5.95e-06	0.00e+00	0.00e+00	0.00e+00
 1.42100e+16	4.54e-03	4.25e-01	5.48e-01	2.29e-02	4.15e-06	0.00e+00	0.00e+00	0.00e+00
 1.42531e+16	5.45e-03	4.68e-01	5.08e-01	1.86e-02	2.97e-06	0.00e+00	0.00e+00	0.00e+00
 1.42894e+16	6.38e-03	5.07e-01	4.71e-01	1.53e-02	2.19e-06	0.00e+00	0.00e+00	0.00e+00
 1.43289e+16	7.56e-03	5.52e-01	4.29e-01	1.21e-02	1.52e-06	0.00e+00	0.00e+00	0.00e+00
 1.43726e+16	9.13e-03	6.03e-01	3.78e-01	9.07e-03	9.82e-07	0.00e+00	0.00e+00	0.00e+00
 1.44080e+16	1.07e-02	6.48e-01	3.35e-01	6.94e-03	0.00e+00	0.00e+00	0.00e+00	0.00e+00
 1.44330e+16	1.20e-02	6.78e-01	3.04e-01	5.65e-03	0.00e+00	0.00e+00	0.00e+00	0.00e+00
 1.44580e+16	1.35e-02	7.09e-01	2.73e-01	4.51e-03	0.00e+00	0.00e+00	0.00e+00	0.00e+00
 1.44905e+16	1.57e-02	7.47e-01	2.34e-01	3.29e-03	0.00e+00	0.00e+00	0.00e+00	0.00e+00
 1.45228e+16	1.83e-02	7.83e-01	1.96e-01	2.33e-03	0.00e+00	0.00e+00	0.00e+00	0.00e+00
 1.45467e+16	2.05e-02	8.09e-01	1.69e-01	1.74e-03	0.00e+00	0.00e+00	0.00e+00	0.00e+00
 1.45656e+16	2.25e-02	8.27e-01	1.49e-01	1.37e-03	0.00e+00	0.00e+00	0.00e+00	0.00e+00
 1.45862e+16	2.50e-02	8.45e-01	1.28e-01	1.03e-03	0.00e+00	0.00e+00	0.00e+00	0.00e+00
 1.46130e+16	2.86e-02	8.66e-01	1.05e-01	7.02e-04	0.00e+00	0.00e+00	0.00e+00	0.00e+00
 1.46398e+16	3.29e-02	8.84e-01	8.30e-02	4.59e-04	0.00e+00	0.00e+00	0.00e+00	0.00e+00
 1.46598e+16	3.66e-02	8.94e-01	6.86e-02	3.25e-04	0.00e+00	0.00e+00	0.00e+00	0.00e+00
 1.46757e+16	4.00e-02	9.01e-01	5.84e-02	2.43e-04	0.00e+00	0.00e+00	0.00e+00	0.00e+00
 1.46934e+16	4.40e-02	9.07e-01	4.85e-02	1.73e-04	0.00e+00	0.00e+00	0.00e+00	0.00e+00
 1.47164e+16	5.02e-02	9.12e-01	3.75e-02	1.09e-04	0.00e+00	0.00e+00	0.00e+00	0.00e+00
 1.47395e+16	5.74e-02	9.14e-01	2.83e-02	6.58e-05	0.00e+00	0.00e+00	0.00e+00	0.00e+00
 1.47570e+16	6.38e-02	9.14e-01	2.24e-02	4.37e-05	0.00e+00	0.00e+00	0.00e+00	0.00e+00
 1.47709e+16	6.95e-02	9.12e-01	1.86e-02	3.13e-05	0.00e+00	0.00e+00	0.00e+00	0.00e+00
 1.47855e+16	7.61e-02	9.09e-01	1.51e-02	2.16e-05	0.00e+00	0.00e+00	0.00e+00	0.00e+00
 1.48032e+16	8.50e-02	9.03e-01	1.16e-02	1.36e-05	0.00e+00	0.00e+00	0.00e+00	0.00e+00
 1.48204e+16	9.48e-02	8.96e-01	8.91e-03	8.49e-06	0.00e+00	0.00e+00	0.00e+00	0.00e+00
 1.48339e+16	1.03e-01	8.90e-01	7.14e-03	5.75e-06	0.00e+00	0.00e+00	0.00e+00	0.00e+00
 1.48454e+16	1.11e-01	8.83e-01	5.90e-03	4.10e-06	0.00e+00	0.00e+00	0.00e+00	0.00e+00
 1.48560e+16	1.19e-01	8.76e-01	4.91e-03	2.96e-06	0.00e+00	0.00e+00	0.00e+00	0.00e+00
 1.48662e+16	1.27e-01	8.69e-01	4.11e-03	2.16e-06	0.00e+00	0.00e+00	0.00e+00	0.00e+00
 1.48760e+16	1.35e-01	8.61e-01	3.44e-03	1.58e-06	0.00e+00	0.00e+00	0.00e+00	0.00e+00
 1.48835e+16	1.41e-01	8.56e-01	3.01e-03	1.25e-06	0.00e+00	0.00e+00	0.00e+00	0.00e+00
 1.48883e+16	1.46e-01	8.52e-01	2.75e-03	1.07e-06	0.00e+00	0.00e+00	0.00e+00	0.00e+00
 1.48927e+16	1.50e-01	8.48e-01	2.53e-03	9.20e-07	0.00e+00	0.00e+00	0.00e+00	0.00e+00
 1.48980e+16	1.55e-01	8.43e-01	2.29e-03	0.00e+00	0.00e+00	0.00e+00	0.00e+00	0.00e+00
 1.49037e+16	1.60e-01	8.38e-01	2.05e-03	0.00e+00	0.00e+00	0.00e+00	0.00e+00	0.00e+00
 1.49091e+16	1.66e-01	8.32e-01	1.84e-03	0.00e+00	0.00e+00	0.00e+00	0.00e+00	0.00e+00
 1.49143e+16	1.71e-01	8.27e-01	1.67e-03	0.00e+00	0.00e+00	0.00e+00	0.00e+00	0.00e+00
 1.49194e+16	1.77e-01	8.22e-01	1.50e-03	0.00e+00	0.00e+00	0.00e+00	0.00e+00	0.00e+00
 1.49245e+16	1.82e-01	8.17e-01	1.36e-03	0.00e+00	0.00e+00	0.00e+00	0.00e+00	0.00e+00
 1.49296e+16	1.88e-01	8.11e-01	1.22e-03	0.00e+00	0.00e+00	0.00e+00	0.00e+00	0.00e+00
 1.49347e+16	1.94e-01	8.05e-01	1.10e-03	0.00e+00	0.00e+00	0.00e+00	0.00e+00	0.00e+00
 1.49397e+16	2.00e-01	7.99e-01	9.90e-04	0.00e+00	0.00e+00	0.00e+00	0.00e+00	0.00e+00
 1.49445e+16	2.06e-01	7.93e-01	8.93e-04	0.00e+00	0.00e+00	0.00e+00	0.00e+00	0.00e+00
 1.49495e+16	2.12e-01	7.87e-01	8.03e-04	0.00e+00	0.00e+00	0.00e+00	0.00e+00	0.00e+00
 1.49543e+16	2.19e-01	7.81e-01	7.23e-04	0.00e+00	0.00e+00	0.00e+00	0.00e+00	0.00e+00
 1.49591e+16	2.25e-01	7.74e-01	6.50e-04	0.00e+00	0.00e+00	0.00e+00	0.00e+00	0.00e+00
 1.49639e+16	2.32e-01	7.67e-01	5.84e-04	0.00e+00	0.00e+00	0.00e+00	0.00e+00	0.00e+00
 1.49686e+16	2.39e-01	7.61e-01	5.26e-04	0.00e+00	0.00e+00	0.00e+00	0.00e+00	0.00e+00
 1.49733e+16	2.46e-01	7.54e-01	4.73e-04	0.00e+00	0.00e+00	0.00e+00	0.00e+00	0.00e+00
 1.49779e+16	2.53e-01	7.47e-01	4.25e-04	0.00e+00	0.00e+00	0.00e+00	0.00e+00	0.00e+00
 1.49825e+16	2.60e-01	7.39e-01	3.82e-04	0.00e+00	0.00e+00	0.00e+00	0.00e+00	0.00e+00
 1.49871e+16	2.68e-01	7.32e-01	3.42e-04	0.00e+00	0.00e+00	0.00e+00	0.00e+00	0.00e+00
 1.49916e+16	2.76e-01	7.23e-01	3.07e-04	0.00e+00	0.00e+00	0.00e+00	0.00e+00	0.00e+00
 1.49961e+16	2.85e-01	7.15e-01	2.75e-04	0.00e+00	0.00e+00	0.00e+00	0.00e+00	0.00e+00
 1.50006e+16	2.93e-01	7.07e-01	2.47e-04	0.00e+00	0.00e+00	0.00e+00	0.00e+00	0.00e+00
 1.50050e+16	3.02e-01	6.98e-01	2.21e-04	0.00e+00	0.00e+00	0.00e+00	0.00e+00	0.00e+00
 1.50093e+16	3.11e-01	6.89e-01	1.98e-04	0.00e+00	0.00e+00	0.00e+00	0.00e+00	0.00e+00
 1.50137e+16	3.21e-01	6.79e-01	1.77e-04	0.00e+00	0.00e+00	0.00e+00	0.00e+00	0.00e+00
 1.50180e+16	3.31e-01	6.69e-01	1.58e-04	0.00e+00	0.00e+00	0.00e+00	0.00e+00	0.00e+00
 1.50223e+16	3.41e-01	6.58e-01	1.41e-04	0.00e+00	0.00e+00	0.00e+00	0.00e+00	0.00e+00
 1.50266e+16	3.53e-01	6.47e-01	1.26e-04	0.00e+00	0.00e+00	0.00e+00	0.00e+00	0.00e+00
 1.50307e+16	3.64e-01	6.36e-01	1.13e-04	0.00e+00	0.00e+00	0.00e+00	0.00e+00	0.00e+00
 1.50347e+16	3.77e-01	6.23e-01	1.00e-04	0.00e+00	0.00e+00	0.00e+00	0.00e+00	0.00e+00
 1.50387e+16	3.88e-01	6.12e-01	9.00e-05	0.00e+00	0.00e+00	0.00e+00	0.00e+00	0.00e+00
 1.50426e+16	4.01e-01	5.99e-01	8.05e-05	0.00e+00	0.00e+00	0.00e+00	0.00e+00	0.00e+00
 1.50465e+16	4.14e-01	5.86e-01	7.18e-05	0.00e+00	0.00e+00	0.00e+00	0.00e+00	0.00e+00
 1.50504e+16	4.27e-01	5.73e-01	6.42e-05	0.00e+00	0.00e+00	0.00e+00	0.00e+00	0.00e+00
 1.50542e+16	4.43e-01	5.57e-01	5.71e-05	0.00e+00	0.00e+00	0.00e+00	0.00e+00	0.00e+00
 1.50579e+16	4.57e-01	5.43e-01	5.11e-05	0.00e+00	0.00e+00	0.00e+00	0.00e+00	0.00e+00
 1.50617e+16	4.73e-01	5.27e-01	4.54e-05	0.00e+00	0.00e+00	0.00e+00	0.00e+00	0.00e+00
 1.50654e+16	4.89e-01	5.11e-01	4.04e-05	0.00e+00	0.00e+00	0.00e+00	0.00e+00	0.00e+00
 1.50691e+16	5.05e-01	4.95e-01	3.59e-05	0.00e+00	0.00e+00	0.00e+00	0.00e+00	0.00e+00
 1.50728e+16	5.23e-01	4.77e-01	3.19e-05	0.00e+00	0.00e+00	0.00e+00	0.00e+00	0.00e+00
 1.50765e+16	5.44e-01	4.56e-01	2.80e-05	0.00e+00	0.00e+00	0.00e+00	0.00e+00	0.00e+00
 1.50801e+16	5.63e-01	4.37e-01	2.48e-05	0.00e+00	0.00e+00	0.00e+00	0.00e+00	0.00e+00
 1.50838e+16	5.82e-01	4.18e-01	2.19e-05	0.00e+00	0.00e+00	0.00e+00	0.00e+00	0.00e+00
 1.50875e+16	6.02e-01	3.98e-01	1.92e-05	0.00e+00	0.00e+00	0.00e+00	0.00e+00	0.00e+00
 1.50912e+16	6.23e-01	3.77e-01	1.68e-05	0.00e+00	0.00e+00	0.00e+00	0.00e+00	0.00e+00
 1.50950e+16	6.44e-01	3.56e-01	1.47e-05	0.00e+00	0.00e+00	0.00e+00	0.00e+00	0.00e+00
 1.50988e+16	6.66e-01	3.34e-01	1.28e-05	0.00e+00	0.00e+00	0.00e+00	0.00e+00	0.00e+00
 1.51023e+16	6.85e-01	3.15e-01	1.13e-05	0.00e+00	0.00e+00	0.00e+00	0.00e+00	0.00e+00
 1.51052e+16	6.99e-01	3.01e-01	1.02e-05	0.00e+00	0.00e+00	0.00e+00	0.00e+00	0.00e+00
 1.51080e+16	7.17e-01	2.83e-01	9.15e-06	0.00e+00	0.00e+00	0.00e+00	0.00e+00	0.00e+00
 1.51108e+16	7.31e-01	2.69e-01	8.29e-06	0.00e+00	0.00e+00	0.00e+00	0.00e+00	0.00e+00
 1.51136e+16	7.47e-01	2.53e-01	7.40e-06	0.00e+00	0.00e+00	0.00e+00	0.00e+00	0.00e+00
 1.51164e+16	7.60e-01	2.40e-01	6.71e-06	0.00e+00	0.00e+00	0.00e+00	0.00e+00	0.00e+00
 1.51191e+16	7.74e-01	2.26e-01	6.06e-06	0.00e+00	0.00e+00	0.00e+00	0.00e+00	0.00e+00
 1.51219e+16	7.87e-01	2.13e-01	5.47e-06	0.00e+00	0.00e+00	0.00e+00	0.00e+00	0.00e+00
 1.51245e+16	7.99e-01	2.01e-01	4.95e-06	0.00e+00	0.00e+00	0.00e+00	0.00e+00	0.00e+00
 1.51272e+16	8.11e-01	1.89e-01	4.49e-06	0.00e+00	0.00e+00	0.00e+00	0.00e+00	0.00e+00
 1.51298e+16	8.22e-01	1.78e-01	4.07e-06	0.00e+00	0.00e+00	0.00e+00	0.00e+00	0.00e+00
 1.51324e+16	8.32e-01	1.68e-01	3.71e-06	0.00e+00	0.00e+00	0.00e+00	0.00e+00	0.00e+00
 1.51350e+16	8.43e-01	1.57e-01	3.37e-06	0.00e+00	0.00e+00	0.00e+00	0.00e+00	0.00e+00
 1.51376e+16	8.52e-01	1.48e-01	3.07e-06	0.00e+00	0.00e+00	0.00e+00	0.00e+00	0.00e+00
 1.51402e+16	8.61e-01	1.39e-01	2.79e-06	0.00e+00	0.00e+00	0.00e+00	0.00e+00	0.00e+00
 1.51429e+16	8.69e-01	1.31e-01	2.55e-06	0.00e+00	0.00e+00	0.00e+00	0.00e+00	0.00e+00
 1.51455e+16	8.78e-01	1.22e-01	2.32e-06	0.00e+00	0.00e+00	0.00e+00	0.00e+00	0.00e+00
 1.51483e+16	8.84e-01	1.16e-01	2.13e-06	0.00e+00	0.00e+00	0.00e+00	0.00e+00	0.00e+00
 1.51510e+16	8.92e-01	1.08e-01	1.94e-06	0.00e+00	0.00e+00	0.00e+00	0.00e+00	0.00e+00
 1.51538e+16	8.98e-01	1.02e-01	1.78e-06	0.00e+00	0.00e+00	0.00e+00	0.00e+00	0.00e+00
 1.51567e+16	9.04e-01	9.57e-02	1.63e-06	0.00e+00	0.00e+00	0.00e+00	0.00e+00	0.00e+00
 1.51597e+16	9.10e-01	9.00e-02	1.50e-06	0.00e+00	0.00e+00	0.00e+00	0.00e+00	0.00e+00
 1.51627e+16	9.15e-01	8.48e-02	1.38e-06	0.00e+00	0.00e+00	0.00e+00	0.00e+00	0.00e+00
 1.51657e+16	9.20e-01	8.00e-02	1.27e-06	0.00e+00	0.00e+00	0.00e+00	0.00e+00	0.00e+00
 1.51689e+16	9.25e-01	7.55e-02	1.18e-06	0.00e+00	0.00e+00	0.00e+00	0.00e+00	0.00e+00
 1.51722e+16	9.29e-01	7.12e-02	1.09e-06	0.00e+00	0.00e+00	0.00e+00	0.00e+00	0.00e+00
 1.51757e+16	9.33e-01	6.71e-02	1.00e-06	0.00e+00	0.00e+00	0.00e+00	0.00e+00	0.00e+00
 1.51794e+16	9.37e-01	6.33e-02	9.26e-07	0.00e+00	0.00e+00	0.00e+00	0.00e+00	0.00e+00
 1.51834e+16	9.40e-01	5.97e-02	8.56e-07	0.00e+00	0.00e+00	0.00e+00	0.00e+00	0.00e+00
 1.51875e+16	9.44e-01	5.63e-02	7.91e-07	0.00e+00	0.00e+00	0.00e+00	0.00e+00	0.00e+00
