#depth	He	He+	He+2
 1.49634e+10	1.07e-22	8.21e-12	1.00e+00
 4.54887e+10	1.21e-22	8.89e-12	1.00e+00
 7.72350e+10	1.36e-22	9.62e-12	1.00e+00
 1.10251e+11	1.52e-22	1.04e-11	1.00e+00
 1.44588e+11	1.71e-22	1.13e-11	1.00e+00
 1.80298e+11	1.92e-22	1.22e-11	1.00e+00
 2.17437e+11	2.17e-22	1.32e-11	1.00e+00
 2.53739e+11	2.43e-22	1.43e-11	1.00e+00
 2.87207e+11	2.69e-22	1.53e-11	1.00e+00
 3.24236e+11	3.00e-22	1.64e-11	1.00e+00
 3.67033e+11	3.40e-22	1.78e-11	1.00e+00
 4.09140e+11	3.83e-22	1.92e-11	1.00e+00
 4.52931e+11	4.31e-22	2.07e-11	1.00e+00
 5.00975e+11	4.91e-22	2.25e-11	1.00e+00
 5.49599e+11	5.57e-22	2.43e-11	1.00e+00
 6.00168e+11	6.33e-22	2.63e-11	1.00e+00
 6.54101e+11	7.23e-22	2.86e-11	1.00e+00
 7.10192e+11	8.27e-22	3.10e-11	1.00e+00
 7.68526e+11	9.47e-22	3.36e-11	1.00e+00
 8.29194e+11	1.09e-21	3.65e-11	1.00e+00
 8.92289e+11	1.25e-21	3.97e-11	1.00e+00
 9.57907e+11	1.43e-21	4.31e-11	1.00e+00
 1.02615e+12	1.65e-21	4.68e-11	1.00e+00
 1.09031e+12	1.88e-21	5.05e-11	1.00e+00
 1.14765e+12	2.10e-21	5.39e-11	1.00e+00
 1.21199e+12	2.36e-21	5.79e-11	1.00e+00
 1.28829e+12	2.73e-21	6.28e-11	1.00e+00
 1.36466e+12	3.13e-21	6.80e-11	1.00e+00
 1.43628e+12	3.54e-21	7.31e-11	1.00e+00
 1.51586e+12	4.04e-21	7.90e-11	1.00e+00
 1.60642e+12	4.69e-21	8.60e-11	1.00e+00
 1.69653e+12	5.41e-21	9.34e-11	1.00e+00
 1.79024e+12	6.23e-21	1.01e-10	1.00e+00
 1.89177e+12	7.24e-21	1.11e-10	1.00e+00
 1.99737e+12	8.41e-21	1.21e-10	1.00e+00
 2.09684e+12	9.65e-21	1.31e-10	1.00e+00
 2.18611e+12	1.09e-20	1.40e-10	1.00e+00
 2.28648e+12	1.23e-20	1.51e-10	1.00e+00
 2.40504e+12	1.43e-20	1.65e-10	1.00e+00
 2.52334e+12	1.65e-20	1.79e-10	1.00e+00
 2.63430e+12	1.88e-20	1.93e-10	1.00e+00
 2.75753e+12	2.15e-20	2.10e-10	1.00e+00
 2.89776e+12	2.50e-20	2.30e-10	1.00e+00
 3.03620e+12	2.89e-20	2.50e-10	1.00e+00
 3.18017e+12	3.33e-20	2.73e-10	1.00e+00
 3.33731e+12	3.87e-20	2.99e-10	1.00e+00
 3.49516e+12	4.47e-20	3.28e-10	1.00e+00
 3.65933e+12	5.16e-20	3.58e-10	1.00e+00
 3.82930e+12	5.96e-20	3.92e-10	1.00e+00
 3.99578e+12	6.81e-20	4.27e-10	1.00e+00
 4.17525e+12	7.81e-20	4.67e-10	1.00e+00
 4.37219e+12	9.04e-20	5.14e-10	1.00e+00
 4.57701e+12	1.04e-19	5.66e-10	1.00e+00
 4.79001e+12	1.20e-19	6.23e-10	1.00e+00
 5.01154e+12	1.38e-19	6.86e-10	1.00e+00
 5.21175e+12	1.57e-19	7.46e-10	1.00e+00
 5.37831e+12	1.73e-19	7.99e-10	1.00e+00
 5.56069e+12	1.91e-19	8.59e-10	1.00e+00
 5.79201e+12	2.16e-19	9.40e-10	1.00e+00
 6.03338e+12	2.46e-19	1.03e-09	1.00e+00
 6.24684e+12	2.73e-19	1.11e-09	1.00e+00
 6.44609e+12	3.01e-19	1.19e-09	1.00e+00
 6.67359e+12	3.34e-19	1.29e-09	1.00e+00
 6.95318e+12	3.79e-19	1.41e-09	1.00e+00
 7.23172e+12	4.29e-19	1.55e-09	1.00e+00
 7.47370e+12	4.74e-19	1.67e-09	1.00e+00
 7.73693e+12	5.27e-19	1.80e-09	1.00e+00
 8.05840e+12	5.98e-19	1.98e-09	1.00e+00
 8.38674e+12	6.77e-19	2.17e-09	1.00e+00
 8.68824e+12	7.56e-19	2.35e-09	1.00e+00
 9.02366e+12	8.50e-19	2.56e-09	1.00e+00
 9.41248e+12	9.72e-19	2.81e-09	1.00e+00
 9.79581e+12	1.11e-18	3.08e-09	1.00e+00
 1.01628e+13	1.25e-18	3.35e-09	1.00e+00
 1.05676e+13	1.42e-18	3.65e-09	1.00e+00
 1.10202e+13	1.63e-18	4.01e-09	1.00e+00
 1.14317e+13	1.85e-18	4.36e-09	1.00e+00
 1.17780e+13	2.04e-18	4.66e-09	1.00e+00
 1.21587e+13	2.28e-18	5.00e-09	1.00e+00
 1.25885e+13	2.58e-18	5.40e-09	1.00e+00
 1.29998e+13	2.89e-18	5.80e-09	1.00e+00
 1.34525e+13	3.27e-18	6.25e-09	1.00e+00
 1.39554e+13	3.74e-18	6.78e-09	1.00e+00
 1.44267e+13	4.23e-18	7.30e-09	1.00e+00
 1.49426e+13	4.81e-18	7.88e-09	1.00e+00
 1.55227e+13	5.55e-18	8.57e-09	1.00e+00
 1.60768e+13	6.34e-18	9.25e-09	1.00e+00
 1.66841e+13	7.30e-18	1.00e-08	1.00e+00
 1.73277e+13	8.45e-18	1.09e-08	1.00e+00
 1.78909e+13	9.57e-18	1.17e-08	1.00e+00
 1.84922e+13	1.09e-17	1.25e-08	1.00e+00
 1.92236e+13	1.27e-17	1.36e-08	1.00e+00
 1.99521e+13	1.47e-17	1.48e-08	1.00e+00
 2.05949e+13	1.66e-17	1.58e-08	1.00e+00
 2.12985e+13	1.90e-17	1.70e-08	1.00e+00
 2.21451e+13	2.22e-17	1.85e-08	1.00e+00
 2.29921e+13	2.58e-17	2.00e-08	1.00e+00
 2.37624e+13	2.95e-17	2.15e-08	1.00e+00
 2.46186e+13	3.39e-17	2.32e-08	1.00e+00
 2.56195e+13	3.99e-17	2.52e-08	1.00e+00
 2.66075e+13	4.65e-17	2.73e-08	1.00e+00
 2.75411e+13	5.35e-17	2.94e-08	1.00e+00
 2.85789e+13	6.21e-17	3.18e-08	1.00e+00
 2.97519e+13	7.32e-17	3.46e-08	1.00e+00
 3.09306e+13	8.57e-17	3.76e-08	1.00e+00
 3.21564e+13	1.00e-16	4.07e-08	1.00e+00
 3.34726e+13	1.18e-16	4.43e-08	1.00e+00
 3.48414e+13	1.39e-16	4.82e-08	1.00e+00
 3.61892e+13	1.62e-16	5.22e-08	1.00e+00
 3.74430e+13	1.86e-16	5.60e-08	1.00e+00
 3.85746e+13	2.10e-16	5.96e-08	1.00e+00
 3.97883e+13	2.38e-16	6.35e-08	1.00e+00
 4.12987e+13	2.77e-16	6.86e-08	1.00e+00
 4.28129e+13	3.21e-16	7.39e-08	1.00e+00
 4.41154e+13	3.62e-16	7.85e-08	1.00e+00
 4.55247e+13	4.11e-16	8.37e-08	1.00e+00
 4.72626e+13	4.78e-16	9.04e-08	1.00e+00
 4.89993e+13	5.53e-16	9.74e-08	1.00e+00
 5.04997e+13	6.25e-16	1.03e-07	1.00e+00
 5.21212e+13	7.09e-16	1.10e-07	1.00e+00
 5.41135e+13	8.25e-16	1.19e-07	1.00e+00
 5.61231e+13	9.55e-16	1.28e-07	1.00e+00
 5.79048e+13	1.08e-15	1.37e-07	1.00e+00
 5.98544e+13	1.23e-15	1.46e-07	1.00e+00
 6.21905e+13	1.44e-15	1.58e-07	1.00e+00
 6.45168e+13	1.67e-15	1.70e-07	1.00e+00
 6.66370e+13	1.89e-15	1.81e-07	1.00e+00
 6.90015e+13	2.18e-15	1.94e-07	1.00e+00
 7.17597e+13	2.54e-15	2.10e-07	1.00e+00
 7.44774e+13	2.95e-15	2.26e-07	1.00e+00
 7.70518e+13	3.38e-15	2.42e-07	1.00e+00
 7.99116e+13	3.90e-15	2.61e-07	1.00e+00
 8.31380e+13	4.57e-15	2.82e-07	1.00e+00
 8.63817e+13	5.31e-15	3.05e-07	1.00e+00
 8.97552e+13	6.18e-15	3.29e-07	1.00e+00
 9.33753e+13	7.23e-15	3.56e-07	1.00e+00
 9.68837e+13	8.37e-15	3.83e-07	1.00e+00
 1.00188e+14	9.56e-15	4.10e-07	1.00e+00
 1.03881e+14	1.10e-14	4.41e-07	1.00e+00
 1.07602e+14	1.27e-14	4.73e-07	1.00e+00
 1.10697e+14	1.42e-14	5.01e-07	1.00e+00
 1.13976e+14	1.60e-14	5.31e-07	1.00e+00
 1.18162e+14	1.84e-14	5.71e-07	1.00e+00
 1.22548e+14	2.13e-14	6.15e-07	1.00e+00
 1.26433e+14	2.41e-14	6.55e-07	1.00e+00
 1.30641e+14	2.75e-14	7.00e-07	1.00e+00
 1.35695e+14	3.20e-14	7.56e-07	1.00e+00
 1.40814e+14	3.71e-14	8.15e-07	1.00e+00
 1.45617e+14	4.24e-14	8.73e-07	1.00e+00
 1.50252e+14	4.81e-14	9.31e-07	1.00e+00
 1.55487e+14	5.52e-14	9.99e-07	1.00e+00
 1.61260e+14	6.39e-14	1.08e-06	1.00e+00
 1.66584e+14	7.27e-14	1.15e-06	1.00e+00
 1.72354e+14	8.34e-14	1.24e-06	1.00e+00
 1.78801e+14	9.67e-14	1.33e-06	1.00e+00
 1.84864e+14	1.10e-13	1.43e-06	1.00e+00
 1.91480e+14	1.27e-13	1.54e-06	1.00e+00
 1.98825e+14	1.48e-13	1.66e-06	1.00e+00
 2.05680e+14	1.69e-13	1.78e-06	1.00e+00
 2.13123e+14	1.95e-13	1.92e-06	1.00e+00
 2.21450e+14	2.27e-13	2.08e-06	1.00e+00
 2.29372e+14	2.62e-13	2.23e-06	1.00e+00
 2.37839e+14	3.02e-13	2.41e-06	1.00e+00
 2.47382e+14	3.53e-13	2.61e-06	1.00e+00
 2.56793e+14	4.09e-13	2.82e-06	1.00e+00
 2.66581e+14	4.73e-13	3.04e-06	1.00e+00
 2.76618e+14	5.47e-13	3.28e-06	1.00e+00
 2.85921e+14	6.23e-13	3.51e-06	1.00e+00
 2.96250e+14	7.15e-13	3.78e-06	1.00e+00
 3.07597e+14	8.27e-13	4.08e-06	1.00e+00
 3.18085e+14	9.41e-13	4.37e-06	1.00e+00
 3.27291e+14	1.05e-12	4.64e-06	1.00e+00
 3.37042e+14	1.18e-12	4.92e-06	1.00e+00
 3.49420e+14	1.35e-12	5.30e-06	1.00e+00
 3.61959e+14	1.54e-12	5.69e-06	1.00e+00
 3.72542e+14	1.72e-12	6.04e-06	1.00e+00
 3.83838e+14	1.93e-12	6.42e-06	1.00e+00
 3.98042e+14	2.21e-12	6.91e-06	1.00e+00
 4.12720e+14	2.54e-12	7.44e-06	1.00e+00
 4.25633e+14	2.84e-12	7.92e-06	1.00e+00
 4.39556e+14	3.21e-12	8.46e-06	1.00e+00
 4.56390e+14	3.70e-12	9.13e-06	1.00e+00
 4.73092e+14	4.22e-12	9.82e-06	1.00e+00
 4.87903e+14	4.74e-12	1.05e-05	1.00e+00
 5.04168e+14	5.35e-12	1.12e-05	1.00e+00
 5.23643e+14	6.16e-12	1.21e-05	1.00e+00
 5.43003e+14	7.05e-12	1.30e-05	1.00e+00
 5.60575e+14	7.93e-12	1.39e-05	1.00e+00
 5.80109e+14	9.00e-12	1.49e-05	1.00e+00
 6.02989e+14	1.04e-11	1.61e-05	1.00e+00
 6.25530e+14	1.19e-11	1.74e-05	1.00e+00
 6.46647e+14	1.35e-11	1.87e-05	1.00e+00
 6.70217e+14	1.54e-11	2.01e-05	1.00e+00
 6.97056e+14	1.79e-11	2.18e-05	1.00e+00
 7.23779e+14	2.06e-11	2.36e-05	1.00e+00
 7.49486e+14	2.35e-11	2.54e-05	1.00e+00
 7.71811e+14	2.63e-11	2.70e-05	1.00e+00
 7.90524e+14	2.88e-11	2.84e-05	1.00e+00
 8.11351e+14	3.18e-11	3.00e-05	1.00e+00
 8.38427e+14	3.61e-11	3.22e-05	1.00e+00
 8.66938e+14	4.11e-11	3.46e-05	1.00e+00
 8.91498e+14	4.59e-11	3.68e-05	1.00e+00
 9.17607e+14	5.14e-11	3.92e-05	1.00e+00
 9.51027e+14	5.92e-11	4.23e-05	1.00e+00
 9.85457e+14	6.82e-11	4.57e-05	1.00e+00
 1.01491e+15	7.67e-11	4.88e-05	1.00e+00
 1.04640e+15	8.69e-11	5.22e-05	1.00e+00
 1.08550e+15	1.01e-10	5.66e-05	1.00e+00
 1.12558e+15	1.17e-10	6.14e-05	1.00e+00
 1.16119e+15	1.33e-10	6.58e-05	1.00e+00
 1.19991e+15	1.53e-10	7.08e-05	1.00e+00
 1.24624e+15	1.78e-10	7.71e-05	1.00e+00
 1.29198e+15	2.07e-10	8.36e-05	1.00e+00
 1.33303e+15	2.37e-10	8.97e-05	1.00e+00
 1.37848e+15	2.72e-10	9.67e-05	1.00e+00
 1.43226e+15	3.21e-10	1.05e-04	1.00e+00
 1.48546e+15	3.74e-10	1.14e-04	1.00e+00
 1.53450e+15	4.30e-10	1.23e-04	1.00e+00
 1.58955e+15	5.00e-10	1.33e-04	1.00e+00
 1.65310e+15	5.91e-10	1.46e-04	1.00e+00
 1.71522e+15	6.93e-10	1.59e-04	1.00e+00
 1.77459e+15	8.03e-10	1.71e-04	1.00e+00
 1.84035e+15	9.40e-10	1.86e-04	1.00e+00
 1.90227e+15	1.08e-09	2.00e-04	1.00e+00
 1.94884e+15	1.20e-09	2.11e-04	1.00e+00
 1.99657e+15	1.34e-09	2.23e-04	1.00e+00
 2.05862e+15	1.53e-09	2.39e-04	1.00e+00
 2.12564e+15	1.75e-09	2.57e-04	1.00e+00
 2.18573e+15	1.98e-09	2.74e-04	1.00e+00
 2.25046e+15	2.25e-09	2.92e-04	1.00e+00
 2.33280e+15	2.63e-09	3.17e-04	1.00e+00
 2.41591e+15	3.06e-09	3.43e-04	1.00e+00
 2.48566e+15	3.46e-09	3.65e-04	1.00e+00
 2.56015e+15	3.93e-09	3.90e-04	1.00e+00
 2.65431e+15	4.60e-09	4.23e-04	1.00e+00
 2.75329e+15	5.38e-09	4.58e-04	1.00e+00
 2.84250e+15	6.18e-09	4.92e-04	1.00e+00
 2.93976e+15	7.14e-09	5.30e-04	9.99e-01
 3.05464e+15	8.43e-09	5.76e-04	9.99e-01
 3.16704e+15	9.84e-09	6.24e-04	9.99e-01
 3.26941e+15	1.13e-08	6.69e-04	9.99e-01
 3.38413e+15	1.31e-08	7.21e-04	9.99e-01
 3.51797e+15	1.54e-08	7.85e-04	9.99e-01
 3.64974e+15	1.80e-08	8.50e-04	9.99e-01
 3.77384e+15	2.08e-08	9.13e-04	9.99e-01
 3.91189e+15	2.42e-08	9.87e-04	9.99e-01
 4.04345e+15	2.78e-08	1.06e-03	9.99e-01
 4.14146e+15	3.07e-08	1.12e-03	9.99e-01
 4.24075e+15	3.40e-08	1.17e-03	9.99e-01
 4.36982e+15	3.85e-08	1.25e-03	9.99e-01
 4.50986e+15	4.39e-08	1.34e-03	9.99e-01
 4.63569e+15	4.92e-08	1.42e-03	9.99e-01
 4.77081e+15	5.54e-08	1.51e-03	9.98e-01
 4.94414e+15	6.44e-08	1.63e-03	9.98e-01
 5.11886e+15	7.43e-08	1.75e-03	9.98e-01
 5.26252e+15	8.33e-08	1.85e-03	9.98e-01
 5.41412e+15	9.38e-08	1.97e-03	9.98e-01
 5.60982e+15	1.09e-07	2.12e-03	9.98e-01
 5.81462e+15	1.26e-07	2.29e-03	9.98e-01
 5.99227e+15	1.43e-07	2.44e-03	9.98e-01
 6.18287e+15	1.62e-07	2.60e-03	9.97e-01
 6.41642e+15	1.90e-07	2.82e-03	9.97e-01
 6.64710e+15	2.19e-07	3.03e-03	9.97e-01
 6.84593e+15	2.47e-07	3.22e-03	9.97e-01
 7.06209e+15	2.81e-07	3.44e-03	9.97e-01
 7.32796e+15	3.27e-07	3.73e-03	9.96e-01
 7.58713e+15	3.77e-07	4.01e-03	9.96e-01
 7.78554e+15	4.17e-07	4.22e-03	9.96e-01
 7.97630e+15	4.62e-07	4.45e-03	9.96e-01
 8.22429e+15	5.25e-07	4.76e-03	9.95e-01
 8.47512e+15	5.92e-07	5.08e-03	9.95e-01
 8.68454e+15	6.54e-07	5.35e-03	9.95e-01
 8.91168e+15	7.29e-07	5.67e-03	9.94e-01
 9.16692e+15	8.19e-07	6.03e-03	9.94e-01
 9.41389e+15	9.14e-07	6.40e-03	9.94e-01
 9.69014e+15	1.03e-06	6.85e-03	9.93e-01
 9.98674e+15	1.17e-06	7.35e-03	9.93e-01
 1.02456e+16	1.30e-06	7.80e-03	9.92e-01
 1.05179e+16	1.46e-06	8.32e-03	9.92e-01
 1.08174e+16	1.66e-06	8.94e-03	9.91e-01
 1.10909e+16	1.84e-06	9.51e-03	9.90e-01
 1.13848e+16	2.08e-06	1.02e-02	9.90e-01
 1.17026e+16	2.36e-06	1.10e-02	9.89e-01
 1.19849e+16	2.62e-06	1.18e-02	9.88e-01
 1.22336e+16	2.89e-06	1.25e-02	9.87e-01
 1.25050e+16	3.24e-06	1.34e-02	9.87e-01
 1.27982e+16	3.65e-06	1.45e-02	9.86e-01
 1.30571e+16	4.05e-06	1.55e-02	9.84e-01
 1.32914e+16	4.46e-06	1.65e-02	9.83e-01
 1.35562e+16	5.01e-06	1.79e-02	9.82e-01
 1.38405e+16	5.69e-06	1.94e-02	9.81e-01
 1.40872e+16	6.33e-06	2.09e-02	9.79e-01
 1.43089e+16	7.01e-06	2.25e-02	9.78e-01
 1.45607e+16	7.99e-06	2.45e-02	9.75e-01
 1.48263e+16	9.08e-06	2.69e-02	9.73e-01
 1.50548e+16	1.02e-05	2.94e-02	9.71e-01
 1.52609e+16	1.15e-05	3.19e-02	9.68e-01
 1.54609e+16	1.29e-05	3.47e-02	9.65e-01
 1.56894e+16	1.50e-05	3.86e-02	9.61e-01
 1.59238e+16	1.74e-05	4.32e-02	9.57e-01
 1.61137e+16	1.98e-05	4.76e-02	9.52e-01
 1.62806e+16	2.23e-05	5.22e-02	9.48e-01
 1.64697e+16	2.60e-05	5.85e-02	9.41e-01
 1.66675e+16	3.03e-05	6.64e-02	9.34e-01
 1.68336e+16	3.55e-05	7.45e-02	9.25e-01
 1.69727e+16	4.07e-05	8.26e-02	9.17e-01
 1.70968e+16	4.63e-05	9.11e-02	9.09e-01
 1.72352e+16	5.37e-05	1.02e-01	8.97e-01
 1.73854e+16	6.32e-05	1.17e-01	8.83e-01
 1.75175e+16	7.55e-05	1.33e-01	8.66e-01
 1.76070e+16	8.45e-05	1.46e-01	8.54e-01
 1.76636e+16	9.14e-05	1.56e-01	8.44e-01
 1.77268e+16	9.94e-05	1.67e-01	8.33e-01
 1.78090e+16	1.12e-04	1.84e-01	8.16e-01
 1.78958e+16	1.28e-04	2.04e-01	7.96e-01
 1.79678e+16	1.44e-04	2.23e-01	7.77e-01
 1.80229e+16	1.57e-04	2.39e-01	7.61e-01
 1.80769e+16	1.72e-04	2.56e-01	7.43e-01
 1.81472e+16	1.95e-04	2.82e-01	7.18e-01
 1.82167e+16	2.20e-04	3.09e-01	6.91e-01
 1.82727e+16	2.42e-04	3.33e-01	6.67e-01
 1.83330e+16	2.70e-04	3.62e-01	6.38e-01
 1.83992e+16	3.03e-04	3.95e-01	6.04e-01
 1.84601e+16	3.37e-04	4.28e-01	5.71e-01
 1.85262e+16	3.79e-04	4.67e-01	5.33e-01
 1.85958e+16	4.25e-04	5.09e-01	4.91e-01
 1.86568e+16	4.69e-04	5.46e-01	4.53e-01
 1.87228e+16	5.20e-04	5.88e-01	4.12e-01
 1.87964e+16	5.78e-04	6.32e-01	3.67e-01
 1.88672e+16	6.36e-04	6.74e-01	3.26e-01
 1.89465e+16	7.02e-04	7.18e-01	2.82e-01
 1.90496e+16	7.88e-04	7.69e-01	2.30e-01
 1.91578e+16	8.73e-04	8.13e-01	1.86e-01
 1.92553e+16	9.48e-04	8.47e-01	1.52e-01
 1.93648e+16	1.03e-03	8.78e-01	1.21e-01
 1.95071e+16	1.13e-03	9.08e-01	9.05e-02
 1.96322e+16	1.21e-03	9.27e-01	7.17e-02
 1.97076e+16	1.26e-03	9.36e-01	6.25e-02
 1.97782e+16	1.31e-03	9.44e-01	5.46e-02
 1.98699e+16	1.37e-03	9.53e-01	4.61e-02
 1.99892e+16	1.46e-03	9.61e-01	3.71e-02
 2.01099e+16	1.55e-03	9.68e-01	3.05e-02
 2.02048e+16	1.62e-03	9.72e-01	2.62e-02
 2.02874e+16	1.69e-03	9.75e-01	2.30e-02
 2.03689e+16	1.76e-03	9.78e-01	2.04e-02
 2.04476e+16	1.84e-03	9.80e-01	1.81e-02
 2.05235e+16	1.92e-03	9.82e-01	1.62e-02
 2.06098e+16	2.01e-03	9.84e-01	1.43e-02
 2.06997e+16	2.11e-03	9.85e-01	1.26e-02
 2.07730e+16	2.21e-03	9.86e-01	1.15e-02
 2.08354e+16	2.29e-03	9.87e-01	1.06e-02
 2.09050e+16	2.39e-03	9.88e-01	9.63e-03
 2.09822e+16	2.51e-03	9.89e-01	8.72e-03
 2.10514e+16	2.63e-03	9.89e-01	8.00e-03
 2.11118e+16	2.74e-03	9.90e-01	7.44e-03
 2.11782e+16	2.87e-03	9.90e-01	6.83e-03
 2.12501e+16	3.03e-03	9.91e-01	6.27e-03
 2.13124e+16	3.18e-03	9.91e-01	5.84e-03
 2.13657e+16	3.32e-03	9.91e-01	5.49e-03
 2.14241e+16	3.48e-03	9.91e-01	5.12e-03
 2.14883e+16	3.68e-03	9.92e-01	4.76e-03
 2.15455e+16	3.88e-03	9.92e-01	4.47e-03
 2.15948e+16	4.06e-03	9.92e-01	4.24e-03
 2.16485e+16	4.27e-03	9.92e-01	3.98e-03
 2.17074e+16	4.54e-03	9.92e-01	3.73e-03
 2.17595e+16	4.79e-03	9.92e-01	3.53e-03
 2.18045e+16	5.04e-03	9.92e-01	3.37e-03
 2.18540e+16	5.33e-03	9.91e-01	3.19e-03
 2.19087e+16	5.69e-03	9.91e-01	3.01e-03
 2.19580e+16	6.06e-03	9.91e-01	2.86e-03
 2.20012e+16	6.42e-03	9.91e-01	2.74e-03
 2.20488e+16	6.85e-03	9.91e-01	2.60e-03
 2.21021e+16	7.41e-03	9.90e-01	2.46e-03
 2.21510e+16	8.00e-03	9.90e-01	2.34e-03
 2.21952e+16	8.61e-03	9.89e-01	2.24e-03
 2.22445e+16	9.37e-03	9.89e-01	2.13e-03
 2.22981e+16	1.04e-02	9.88e-01	2.02e-03
 2.23439e+16	1.14e-02	9.87e-01	1.93e-03
 2.23815e+16	1.23e-02	9.86e-01	1.86e-03
 2.24159e+16	1.34e-02	9.85e-01	1.80e-03
 2.24494e+16	1.45e-02	9.84e-01	1.74e-03
 2.24824e+16	1.58e-02	9.82e-01	1.68e-03
 2.25140e+16	1.73e-02	9.81e-01	1.63e-03
 2.25434e+16	1.89e-02	9.80e-01	1.59e-03
 2.25710e+16	2.06e-02	9.78e-01	1.54e-03
 2.25976e+16	2.26e-02	9.76e-01	1.51e-03
 2.26234e+16	2.47e-02	9.74e-01	1.47e-03
 2.26480e+16	2.72e-02	9.71e-01	1.44e-03
 2.26713e+16	2.98e-02	9.69e-01	1.41e-03
 2.26939e+16	3.28e-02	9.66e-01	1.39e-03
 2.27159e+16	3.63e-02	9.62e-01	1.36e-03
 2.27369e+16	4.02e-02	9.58e-01	1.34e-03
 2.27568e+16	4.45e-02	9.54e-01	1.32e-03
 2.27761e+16	4.93e-02	9.49e-01	1.31e-03
 2.27948e+16	5.48e-02	9.44e-01	1.30e-03
 2.28125e+16	6.10e-02	9.38e-01	1.29e-03
 2.28291e+16	6.77e-02	9.31e-01	1.28e-03
 2.28448e+16	7.48e-02	9.24e-01	1.28e-03
 2.28601e+16	8.31e-02	9.16e-01	1.28e-03
 2.28749e+16	9.24e-02	9.06e-01	1.28e-03
 2.28887e+16	1.02e-01	8.97e-01	1.29e-03
 2.29015e+16	1.13e-01	8.86e-01	1.30e-03
 2.29137e+16	1.24e-01	8.75e-01	1.31e-03
 2.29252e+16	1.36e-01	8.63e-01	1.32e-03
 2.29355e+16	1.47e-01	8.51e-01	1.33e-03
 2.29449e+16	1.59e-01	8.39e-01	1.35e-03
 2.29535e+16	1.71e-01	8.27e-01	1.36e-03
 2.29602e+16	1.81e-01	8.18e-01	1.37e-03
 2.29647e+16	1.88e-01	8.11e-01	1.38e-03
 2.29690e+16	1.95e-01	8.03e-01	1.39e-03
 2.29739e+16	2.04e-01	7.95e-01	1.39e-03
 2.29792e+16	2.13e-01	7.85e-01	1.40e-03
 2.29842e+16	2.23e-01	7.76e-01	1.42e-03
 2.29890e+16	2.32e-01	7.67e-01	1.43e-03
 2.29938e+16	2.42e-01	7.56e-01	1.43e-03
 2.29985e+16	2.52e-01	7.46e-01	1.45e-03
 2.30032e+16	2.63e-01	7.36e-01	1.45e-03
 2.30079e+16	2.74e-01	7.25e-01	1.47e-03
 2.30125e+16	2.85e-01	7.14e-01	1.48e-03
 2.30171e+16	2.97e-01	7.02e-01	1.48e-03
 2.30215e+16	3.08e-01	6.90e-01	1.49e-03
 2.30259e+16	3.20e-01	6.78e-01	1.50e-03
 2.30304e+16	3.33e-01	6.65e-01	1.51e-03
 2.30348e+16	3.45e-01	6.53e-01	1.52e-03
 2.30391e+16	3.59e-01	6.40e-01	1.53e-03
 2.30433e+16	3.72e-01	6.27e-01	1.54e-03
 2.30476e+16	3.85e-01	6.13e-01	1.54e-03
 2.30518e+16	3.99e-01	5.99e-01	1.55e-03
 2.30560e+16	4.13e-01	5.85e-01	1.55e-03
 2.30601e+16	4.27e-01	5.71e-01	1.56e-03
 2.30641e+16	4.42e-01	5.57e-01	1.56e-03
 2.30682e+16	4.56e-01	5.42e-01	1.56e-03
 2.30722e+16	4.71e-01	5.28e-01	1.56e-03
 2.30762e+16	4.85e-01	5.13e-01	1.57e-03
 2.30801e+16	5.00e-01	4.98e-01	1.57e-03
 2.30841e+16	5.15e-01	4.84e-01	1.56e-03
 2.30879e+16	5.30e-01	4.69e-01	1.56e-03
 2.30917e+16	5.44e-01	4.54e-01	1.56e-03
 2.30953e+16	5.58e-01	4.40e-01	1.55e-03
 2.30990e+16	5.72e-01	4.26e-01	1.55e-03
 2.31025e+16	5.86e-01	4.12e-01	1.54e-03
 2.31060e+16	6.00e-01	3.99e-01	1.53e-03
 2.31095e+16	6.13e-01	3.85e-01	1.53e-03
 2.31129e+16	6.26e-01	3.72e-01	1.51e-03
 2.31163e+16	6.39e-01	3.59e-01	1.50e-03
 2.31196e+16	6.52e-01	3.47e-01	1.49e-03
 2.31229e+16	6.64e-01	3.34e-01	1.48e-03
 2.31261e+16	6.76e-01	3.22e-01	1.46e-03
 2.31294e+16	6.88e-01	3.10e-01	1.45e-03
 2.31325e+16	7.00e-01	2.99e-01	1.43e-03
 2.31357e+16	7.11e-01	2.87e-01	1.41e-03
 2.31388e+16	7.22e-01	2.77e-01	1.39e-03
 2.31419e+16	7.33e-01	2.66e-01	1.37e-03
 2.31450e+16	7.43e-01	2.56e-01	1.35e-03
 2.31481e+16	7.53e-01	2.45e-01	1.33e-03
 2.31512e+16	7.63e-01	2.35e-01	1.31e-03
 2.31543e+16	7.73e-01	2.26e-01	1.29e-03
 2.31573e+16	7.82e-01	2.17e-01	1.26e-03
 2.31604e+16	7.91e-01	2.08e-01	1.24e-03
 2.31635e+16	8.00e-01	1.99e-01	1.21e-03
 2.31666e+16	8.09e-01	1.90e-01	1.18e-03
 2.31693e+16	8.16e-01	1.83e-01	1.16e-03
 2.31713e+16	8.21e-01	1.78e-01	1.14e-03
 2.31731e+16	8.26e-01	1.73e-01	1.12e-03
 2.31750e+16	8.31e-01	1.68e-01	1.10e-03
 2.31771e+16	8.36e-01	1.63e-01	1.08e-03
 2.31791e+16	8.40e-01	1.59e-01	1.07e-03
 2.31809e+16	8.45e-01	1.54e-01	1.05e-03
 2.31827e+16	8.49e-01	1.50e-01	1.03e-03
 2.31845e+16	8.53e-01	1.46e-01	1.01e-03
 2.31863e+16	8.57e-01	1.42e-01	9.95e-04
 2.31881e+16	8.60e-01	1.39e-01	9.78e-04
 2.31898e+16	8.64e-01	1.35e-01	9.62e-04
 2.31915e+16	8.67e-01	1.32e-01	9.46e-04
 2.31932e+16	8.70e-01	1.29e-01	9.30e-04
 2.31948e+16	8.73e-01	1.26e-01	9.14e-04
 2.31965e+16	8.77e-01	1.23e-01	8.98e-04
 2.31981e+16	8.79e-01	1.20e-01	8.83e-04
 2.31998e+16	8.82e-01	1.17e-01	8.67e-04
 2.32015e+16	8.85e-01	1.14e-01	8.52e-04
 2.32032e+16	8.88e-01	1.11e-01	8.37e-04
 2.32049e+16	8.90e-01	1.09e-01	8.21e-04
 2.32066e+16	8.93e-01	1.06e-01	8.06e-04
 2.32084e+16	8.96e-01	1.03e-01	7.90e-04
 2.32102e+16	8.98e-01	1.01e-01	7.74e-04
 2.32121e+16	9.01e-01	9.83e-02	7.58e-04
 2.32142e+16	9.04e-01	9.56e-02	7.42e-04
 2.32163e+16	9.06e-01	9.30e-02	7.25e-04
 2.32188e+16	9.09e-01	9.01e-02	7.06e-04
 2.32215e+16	9.12e-01	8.70e-02	6.86e-04
 2.32246e+16	9.16e-01	8.37e-02	6.64e-04
 2.32281e+16	9.19e-01	8.04e-02	6.40e-04
 2.32317e+16	9.22e-01	7.72e-02	6.18e-04
 2.32352e+16	9.25e-01	7.43e-02	5.96e-04
 2.32387e+16	9.28e-01	7.16e-02	5.75e-04
 2.32424e+16	9.30e-01	6.90e-02	5.55e-04
 2.32459e+16	9.33e-01	6.68e-02	5.37e-04
 2.32492e+16	9.35e-01	6.48e-02	5.22e-04
 2.32521e+16	9.36e-01	6.32e-02	5.08e-04
 2.32548e+16	9.38e-01	6.18e-02	4.96e-04
 2.32577e+16	9.39e-01	6.03e-02	4.83e-04
 2.32609e+16	9.41e-01	5.90e-02	4.72e-04
 2.32638e+16	9.42e-01	5.78e-02	4.62e-04
 2.32669e+16	9.43e-01	5.65e-02	4.51e-04
 2.32711e+16	9.44e-01	5.51e-02	4.38e-04
 2.32755e+16	9.46e-01	5.38e-02	4.27e-04
 2.32795e+16	9.47e-01	5.27e-02	4.17e-04
 2.32832e+16	9.48e-01	5.17e-02	4.07e-04
 2.32872e+16	9.49e-01	5.08e-02	3.98e-04
 2.32925e+16	9.50e-01	4.96e-02	3.88e-04
 2.32981e+16	9.51e-01	4.87e-02	3.79e-04
 2.33033e+16	9.52e-01	4.79e-02	3.71e-04
 2.33089e+16	9.53e-01	4.70e-02	3.61e-04
 2.33163e+16	9.54e-01	4.61e-02	3.52e-04
 2.33242e+16	9.54e-01	4.53e-02	3.44e-04
 2.33314e+16	9.55e-01	4.47e-02	3.37e-04
 2.33393e+16	9.56e-01	4.40e-02	3.28e-04
 2.33495e+16	9.56e-01	4.33e-02	3.20e-04
 2.33606e+16	9.57e-01	4.27e-02	3.12e-04
 2.33707e+16	9.58e-01	4.21e-02	3.05e-04
 2.33817e+16	9.58e-01	4.15e-02	2.97e-04
 2.33961e+16	9.59e-01	4.09e-02	2.88e-04
 2.34116e+16	9.59e-01	4.02e-02	2.79e-04
 2.34257e+16	9.60e-01	3.97e-02	2.72e-04
 2.34385e+16	9.61e-01	3.92e-02	2.65e-04
 2.34526e+16	9.61e-01	3.86e-02	2.57e-04
 2.34678e+16	9.62e-01	3.81e-02	2.50e-04
 2.34816e+16	9.62e-01	3.76e-02	2.43e-04
 2.34942e+16	9.63e-01	3.71e-02	2.37e-04
 2.35080e+16	9.63e-01	3.66e-02	2.31e-04
 2.35228e+16	9.64e-01	3.61e-02	2.24e-04
 2.35364e+16	9.64e-01	3.57e-02	2.19e-04
 2.35487e+16	9.65e-01	3.53e-02	2.14e-04
 2.35622e+16	9.65e-01	3.48e-02	2.08e-04
 2.35768e+16	9.65e-01	3.43e-02	2.02e-04
 2.35900e+16	9.66e-01	3.39e-02	1.97e-04
 2.36021e+16	9.66e-01	3.35e-02	1.92e-04
 2.36153e+16	9.67e-01	3.31e-02	1.87e-04
 2.36296e+16	9.67e-01	3.26e-02	1.82e-04
 2.36426e+16	9.68e-01	3.22e-02	1.78e-04
 2.36568e+16	9.68e-01	3.18e-02	1.73e-04
 2.36722e+16	9.68e-01	3.13e-02	1.68e-04
 2.36862e+16	9.69e-01	3.09e-02	1.64e-04
 2.36989e+16	9.69e-01	3.06e-02	1.60e-04
 2.37129e+16	9.70e-01	3.02e-02	1.55e-04
 2.37279e+16	9.70e-01	2.97e-02	1.51e-04
 2.37416e+16	9.70e-01	2.94e-02	1.47e-04
 2.37567e+16	9.71e-01	2.89e-02	1.43e-04
 2.37729e+16	9.71e-01	2.85e-02	1.39e-04
 2.37876e+16	9.72e-01	2.82e-02	1.35e-04
 2.38038e+16	9.72e-01	2.77e-02	1.31e-04
 2.38212e+16	9.73e-01	2.73e-02	1.27e-04
 2.38371e+16	9.73e-01	2.69e-02	1.24e-04
 2.38516e+16	9.73e-01	2.66e-02	1.21e-04
 2.38674e+16	9.74e-01	2.62e-02	1.17e-04
 2.38845e+16	9.74e-01	2.58e-02	1.14e-04
 2.39000e+16	9.74e-01	2.55e-02	1.11e-04
 2.39171e+16	9.75e-01	2.51e-02	1.07e-04
 2.39355e+16	9.75e-01	2.47e-02	1.04e-04
 2.39522e+16	9.76e-01	2.43e-02	1.01e-04
 2.39675e+16	9.76e-01	2.40e-02	9.83e-05
 2.39842e+16	9.76e-01	2.37e-02	9.54e-05
 2.40022e+16	9.77e-01	2.33e-02	9.26e-05
 2.40186e+16	9.77e-01	2.30e-02	9.01e-05
 2.40366e+16	9.77e-01	2.26e-02	8.73e-05
 2.40560e+16	9.78e-01	2.23e-02	8.46e-05
 2.40737e+16	9.78e-01	2.20e-02	8.22e-05
 2.40930e+16	9.78e-01	2.16e-02	7.94e-05
 2.41139e+16	9.79e-01	2.12e-02	7.68e-05
 2.41329e+16	9.79e-01	2.09e-02	7.45e-05
 2.41502e+16	9.79e-01	2.06e-02	7.25e-05
 2.41692e+16	9.80e-01	2.03e-02	7.02e-05
 2.41897e+16	9.80e-01	2.00e-02	6.80e-05
 2.42083e+16	9.80e-01	1.97e-02	6.61e-05
 2.42287e+16	9.81e-01	1.93e-02	6.39e-05
 2.42507e+16	9.81e-01	1.90e-02	6.17e-05
 2.42708e+16	9.81e-01	1.87e-02	5.99e-05
 2.42928e+16	9.82e-01	1.84e-02	5.78e-05
 2.43165e+16	9.82e-01	1.81e-02	5.58e-05
 2.43381e+16	9.82e-01	1.78e-02	5.40e-05
 2.43577e+16	9.82e-01	1.75e-02	5.24e-05
 2.43792e+16	9.83e-01	1.72e-02	5.07e-05
 2.44025e+16	9.83e-01	1.69e-02	4.90e-05
 2.44236e+16	9.83e-01	1.67e-02	4.75e-05
 2.44468e+16	9.84e-01	1.64e-02	4.58e-05
 2.44718e+16	9.84e-01	1.61e-02	4.42e-05
 2.44946e+16	9.84e-01	1.58e-02	4.28e-05
 2.45195e+16	9.84e-01	1.55e-02	4.12e-05
 2.45465e+16	9.85e-01	1.52e-02	3.97e-05
 2.45710e+16	9.85e-01	1.50e-02	3.84e-05
 2.45978e+16	9.85e-01	1.47e-02	3.69e-05
 2.46268e+16	9.86e-01	1.44e-02	3.55e-05
 2.46532e+16	9.86e-01	1.41e-02	3.42e-05
 2.46821e+16	9.86e-01	1.38e-02	3.28e-05
 2.47133e+16	9.86e-01	1.35e-02	3.15e-05
 2.47417e+16	9.87e-01	1.33e-02	3.03e-05
 2.47676e+16	9.87e-01	1.31e-02	2.93e-05
 2.47959e+16	9.87e-01	1.28e-02	2.82e-05
 2.48265e+16	9.87e-01	1.25e-02	2.71e-05
 2.48543e+16	9.88e-01	1.23e-02	2.62e-05
 2.48848e+16	9.88e-01	1.21e-02	2.51e-05
 2.49177e+16	9.88e-01	1.18e-02	2.41e-05
 2.49476e+16	9.88e-01	1.16e-02	2.32e-05
 2.49805e+16	9.89e-01	1.13e-02	2.22e-05
 2.50159e+16	9.89e-01	1.11e-02	2.13e-05
 2.50482e+16	9.89e-01	1.09e-02	2.05e-05
 2.50835e+16	9.89e-01	1.06e-02	1.95e-05
 2.51216e+16	9.90e-01	1.04e-02	1.87e-05
 2.51563e+16	9.90e-01	1.02e-02	1.79e-05
 2.51944e+16	9.90e-01	9.93e-03	1.71e-05
 2.52355e+16	9.90e-01	9.69e-03	1.63e-05
 2.52728e+16	9.91e-01	9.48e-03	1.56e-05
 2.53138e+16	9.91e-01	9.25e-03	1.48e-05
 2.53580e+16	9.91e-01	9.01e-03	1.41e-05
 2.53982e+16	9.91e-01	8.81e-03	1.35e-05
 2.54423e+16	9.91e-01	8.58e-03	1.28e-05
 2.54899e+16	9.92e-01	8.36e-03	1.22e-05
 2.55332e+16	9.92e-01	8.16e-03	1.16e-05
 2.55807e+16	9.92e-01	7.94e-03	1.10e-05
 2.56319e+16	9.92e-01	7.72e-03	1.04e-05
 2.56785e+16	9.92e-01	7.53e-03	9.89e-06
 2.57296e+16	9.93e-01	7.31e-03	9.34e-06
 2.57848e+16	9.93e-01	7.10e-03	8.82e-06
 2.58350e+16	9.93e-01	6.92e-03	8.37e-06
 2.58900e+16	9.93e-01	6.71e-03	7.89e-06
 2.59615e+16	9.94e-01	6.46e-03	7.30e-06
 2.60432e+16	9.94e-01	6.19e-03	6.71e-06
 2.61257e+16	9.94e-01	5.93e-03	6.18e-06
 2.62098e+16	9.94e-01	5.69e-03	5.68e-06
 2.62976e+16	9.95e-01	5.44e-03	5.21e-06
 2.63889e+16	9.95e-01	5.20e-03	4.77e-06
 2.64834e+16	9.95e-01	4.97e-03	4.36e-06
 2.65814e+16	9.95e-01	4.74e-03	3.97e-06
 2.66825e+16	9.95e-01	4.52e-03	3.61e-06
 2.67858e+16	9.96e-01	4.31e-03	3.29e-06
 2.68908e+16	9.96e-01	4.11e-03	2.99e-06
 2.69976e+16	9.96e-01	3.91e-03	2.71e-06
 2.71065e+16	9.96e-01	3.73e-03	2.46e-06
 2.72175e+16	9.96e-01	3.55e-03	2.24e-06
 2.73305e+16	9.97e-01	3.38e-03	2.03e-06
 2.74456e+16	9.97e-01	3.21e-03	1.84e-06
 2.75628e+16	9.97e-01	3.06e-03	1.66e-06
 2.76805e+16	9.97e-01	2.91e-03	1.51e-06
 2.77998e+16	9.97e-01	2.77e-03	1.37e-06
 2.79235e+16	9.97e-01	2.63e-03	1.23e-06
 2.80503e+16	9.98e-01	2.49e-03	1.11e-06
 2.81792e+16	9.98e-01	2.37e-03	1.00e-06
 2.83102e+16	9.98e-01	2.24e-03	9.02e-07
 2.84436e+16	9.98e-01	2.13e-03	8.12e-07
 2.85796e+16	9.98e-01	2.02e-03	7.29e-07
 2.87183e+16	9.98e-01	1.91e-03	6.55e-07
 2.88598e+16	9.98e-01	1.81e-03	5.87e-07
 2.90042e+16	9.98e-01	1.71e-03	5.26e-07
 2.91516e+16	9.98e-01	1.62e-03	4.70e-07
 2.93021e+16	9.98e-01	1.53e-03	4.20e-07
 2.94557e+16	9.99e-01	1.44e-03	3.74e-07
 2.96126e+16	9.99e-01	1.36e-03	3.33e-07
 2.97729e+16	9.99e-01	1.28e-03	2.96e-07
 2.99368e+16	9.99e-01	1.21e-03	2.62e-07
 3.01046e+16	9.99e-01	1.13e-03	2.32e-07
 3.02763e+16	9.99e-01	1.07e-03	2.05e-07
 3.04521e+16	9.99e-01	1.00e-03	1.81e-07
 3.06323e+16	9.99e-01	9.39e-04	1.59e-07
 3.08172e+16	9.99e-01	8.80e-04	1.40e-07
 3.10070e+16	9.99e-01	8.22e-04	1.22e-07
 3.12019e+16	9.99e-01	7.69e-04	1.07e-07
 3.14024e+16	9.99e-01	7.17e-04	9.29e-08
 3.16090e+16	9.99e-01	6.69e-04	8.09e-08
 3.18175e+16	9.99e-01	6.23e-04	7.01e-08
 3.20315e+16	9.99e-01	5.79e-04	6.06e-08
 3.22585e+16	9.99e-01	5.36e-04	5.20e-08
 3.24955e+16	1.00e+00	4.95e-04	4.43e-08
 3.27400e+16	1.00e+00	4.57e-04	3.76e-08
 3.29933e+16	1.00e+00	4.20e-04	3.18e-08
 3.32574e+16	1.00e+00	3.85e-04	2.67e-08
 3.35338e+16	1.00e+00	3.52e-04	2.22e-08
 3.38234e+16	1.00e+00	3.20e-04	1.84e-08
 3.41286e+16	1.00e+00	2.90e-04	1.51e-08
 3.44506e+16	1.00e+00	2.61e-04	1.22e-08
 3.47911e+16	1.00e+00	2.34e-04	9.80e-09
 3.51557e+16	1.00e+00	2.08e-04	7.75e-09
 3.55476e+16	1.00e+00	1.84e-04	6.03e-09
 3.59678e+16	1.00e+00	1.61e-04	4.61e-09
 3.64236e+16	1.00e+00	1.40e-04	3.45e-09
 3.69245e+16	1.00e+00	1.19e-04	2.52e-09
 3.74821e+16	1.00e+00	1.00e-04	1.77e-09
 3.81006e+16	1.00e+00	8.28e-05	1.21e-09
 3.88133e+16	1.00e+00	6.63e-05	7.74e-10
 3.96278e+16	1.00e+00	5.18e-05	4.72e-10
 4.04772e+16	1.00e+00	4.02e-05	2.85e-10
 4.13178e+16	1.00e+00	3.14e-05	1.74e-10
 4.21548e+16	1.00e+00	2.45e-05	1.07e-10
 4.30034e+16	1.00e+00	1.92e-05	6.57e-11
 4.38733e+16	1.00e+00	1.50e-05	4.02e-11
 4.47676e+16	1.00e+00	1.16e-05	2.44e-11
 4.56820e+16	1.00e+00	9.05e-06	1.49e-11
 4.66194e+16	1.00e+00	7.01e-06	8.99e-12
 4.75889e+16	1.00e+00	5.41e-06	5.39e-12
 4.85894e+16	1.00e+00	4.16e-06	3.21e-12
 4.96195e+16	1.00e+00	3.20e-06	1.90e-12
 5.06879e+16	1.00e+00	2.45e-06	1.12e-12
 5.18081e+16	1.00e+00	1.86e-06	6.50e-13
 5.29840e+16	1.00e+00	1.40e-06	3.71e-13
 5.42162e+16	1.00e+00	1.05e-06	2.09e-13
 5.55104e+16	1.00e+00	7.78e-07	1.16e-13
 5.68790e+16	1.00e+00	5.72e-07	6.28e-14
 5.83401e+16	1.00e+00	4.15e-07	3.32e-14
 5.98789e+16	1.00e+00	2.99e-07	1.73e-14
 6.14449e+16	1.00e+00	2.16e-07	9.11e-15
 6.30110e+16	1.00e+00	1.58e-07	4.86e-15
 6.45770e+16	1.00e+00	1.16e-07	2.64e-15
 6.61430e+16	1.00e+00	8.60e-08	1.45e-15
 6.77090e+16	1.00e+00	6.42e-08	8.10e-16
 6.92751e+16	1.00e+00	4.82e-08	4.58e-16
 7.10760e+16	1.00e+00	3.47e-08	2.38e-16
 7.31425e+16	1.00e+00	2.42e-08	1.16e-16
 7.53459e+16	1.00e+00	1.67e-08	5.52e-17
 7.77004e+16	1.00e+00	1.14e-08	2.56e-17
 8.01354e+16	1.00e+00	7.73e-09	1.19e-17
 8.26055e+16	1.00e+00	5.30e-09	5.60e-18
 8.50756e+16	1.00e+00	3.67e-09	2.70e-18
 8.76613e+16	1.00e+00	2.52e-09	1.27e-18
 9.04059e+16	1.00e+00	1.72e-09	5.91e-19
 9.32208e+16	1.00e+00	1.17e-09	2.75e-19
 9.60628e+16	1.00e+00	8.06e-10	1.30e-19
 9.89048e+16	1.00e+00	5.60e-10	6.30e-20
 1.01747e+17	1.00e+00	3.93e-10	3.11e-20
 1.04589e+17	1.00e+00	2.78e-10	1.56e-20
 1.07431e+17	1.00e+00	1.99e-10	7.94e-21
 1.10273e+17	1.00e+00	1.43e-10	0.00e+00
 1.13115e+17	1.00e+00	1.04e-10	0.00e+00
 1.16101e+17	1.00e+00	7.44e-11	0.00e+00
 1.19231e+17	1.00e+00	5.32e-11	0.00e+00
 1.22356e+17	1.00e+00	3.84e-11	0.00e+00
 1.25465e+17	1.00e+00	2.80e-11	0.00e+00
 1.28534e+17	1.00e+00	2.07e-11	0.00e+00
 1.31539e+17	1.00e+00	1.56e-11	0.00e+00
 1.34466e+17	1.00e+00	1.19e-11	0.00e+00
 1.37307e+17	1.00e+00	9.29e-12	0.00e+00
 1.40054e+17	1.00e+00	7.36e-12	0.00e+00
 1.42702e+17	1.00e+00	5.95e-12	0.00e+00
 1.45245e+17	1.00e+00	4.90e-12	0.00e+00
 1.47680e+17	1.00e+00	4.11e-12	0.00e+00
 1.50005e+17	1.00e+00	3.50e-12	0.00e+00
 1.52219e+17	1.00e+00	3.04e-12	0.00e+00
 1.54326e+17	1.00e+00	2.68e-12	0.00e+00
 1.56326e+17	1.00e+00	2.40e-12	0.00e+00
 1.58223e+17	1.00e+00	2.18e-12	0.00e+00
 1.60021e+17	1.00e+00	2.00e-12	0.00e+00
 1.61726e+17	1.00e+00	1.86e-12	0.00e+00
 1.63341e+17	1.00e+00	1.74e-12	0.00e+00
 1.64870e+17	1.00e+00	1.64e-12	0.00e+00
 1.66317e+17	1.00e+00	1.56e-12	0.00e+00
 1.67687e+17	1.00e+00	1.49e-12	0.00e+00
 1.68985e+17	1.00e+00	1.44e-12	0.00e+00
 1.70214e+17	1.00e+00	1.39e-12	0.00e+00
 1.71378e+17	1.00e+00	1.35e-12	0.00e+00
 1.72481e+17	1.00e+00	1.31e-12	0.00e+00
 1.73527e+17	1.00e+00	1.28e-12	0.00e+00
 1.74517e+17	1.00e+00	1.26e-12	0.00e+00
 1.75456e+17	1.00e+00	1.23e-12	0.00e+00
 1.76347e+17	1.00e+00	1.21e-12	0.00e+00
 1.77193e+17	1.00e+00	1.20e-12	0.00e+00
 1.77996e+17	1.00e+00	1.18e-12	0.00e+00
 1.78758e+17	1.00e+00	1.17e-12	0.00e+00
 1.79482e+17	1.00e+00	1.16e-12	0.00e+00
 1.80170e+17	1.00e+00	1.14e-12	0.00e+00
 1.80824e+17	1.00e+00	1.13e-12	0.00e+00
 1.81447e+17	1.00e+00	1.13e-12	0.00e+00
 1.82040e+17	1.00e+00	1.12e-12	0.00e+00
 1.82605e+17	1.00e+00	1.11e-12	0.00e+00
 1.83143e+17	1.00e+00	1.10e-12	0.00e+00
 1.83656e+17	1.00e+00	1.10e-12	0.00e+00
 1.84145e+17	1.00e+00	1.09e-12	0.00e+00
 1.84613e+17	1.00e+00	1.09e-12	0.00e+00
 1.85060e+17	1.00e+00	1.08e-12	0.00e+00
 1.85488e+17	1.00e+00	1.08e-12	0.00e+00
 1.85898e+17	1.00e+00	1.07e-12	0.00e+00
 1.86291e+17	1.00e+00	1.07e-12	0.00e+00
 1.86668e+17	1.00e+00	1.07e-12	0.00e+00
 1.87031e+17	1.00e+00	1.06e-12	0.00e+00
 1.87380e+17	1.00e+00	1.06e-12	0.00e+00
 1.87717e+17	1.00e+00	1.06e-12	0.00e+00
 1.88042e+17	1.00e+00	1.06e-12	0.00e+00
 1.88357e+17	1.00e+00	1.05e-12	0.00e+00
 1.88663e+17	1.00e+00	1.05e-12	0.00e+00
 1.88960e+17	1.00e+00	1.05e-12	0.00e+00
 1.89250e+17	1.00e+00	1.05e-12	0.00e+00
 1.89534e+17	1.00e+00	1.04e-12	0.00e+00
 1.89812e+17	1.00e+00	1.04e-12	0.00e+00
 1.90086e+17	1.00e+00	1.04e-12	0.00e+00
 1.90358e+17	1.00e+00	1.04e-12	0.00e+00
 1.90628e+17	1.00e+00	1.04e-12	0.00e+00
 1.90898e+17	1.00e+00	1.03e-12	0.00e+00
 1.91170e+17	1.00e+00	1.03e-12	0.00e+00
 1.91445e+17	1.00e+00	1.03e-12	0.00e+00
 1.91726e+17	1.00e+00	1.03e-12	0.00e+00
 1.92016e+17	1.00e+00	1.02e-12	0.00e+00
 1.92318e+17	1.00e+00	1.02e-12	0.00e+00
 1.92637e+17	1.00e+00	1.02e-12	0.00e+00
 1.92977e+17	1.00e+00	1.02e-12	0.00e+00
 1.93346e+17	1.00e+00	1.01e-12	0.00e+00
 1.93754e+17	1.00e+00	1.01e-12	0.00e+00
 1.94214e+17	1.00e+00	1.01e-12	0.00e+00
 1.94746e+17	1.00e+00	1.00e-12	0.00e+00
 1.95380e+17	1.00e+00	9.93e-13	0.00e+00
 1.96159e+17	1.00e+00	9.84e-13	0.00e+00
 1.97154e+17	1.00e+00	9.71e-13	0.00e+00
 1.98445e+17	1.00e+00	9.52e-13	0.00e+00
 2.00125e+17	1.00e+00	9.24e-13	0.00e+00
 2.02308e+17	1.00e+00	8.85e-13	0.00e+00
 2.05146e+17	1.00e+00	8.33e-13	0.00e+00
 2.08836e+17	1.00e+00	7.64e-13	0.00e+00
 2.13632e+17	1.00e+00	6.78e-13	0.00e+00
 2.19867e+17	1.00e+00	5.76e-13	0.00e+00
 2.27860e+17	1.00e+00	4.63e-13	0.00e+00
 2.36974e+17	1.00e+00	3.53e-13	0.00e+00
 2.46453e+17	1.00e+00	3.11e-13	0.00e+00
 2.56311e+17	1.00e+00	2.82e-13	0.00e+00
 2.66564e+17	1.00e+00	2.56e-13	0.00e+00
 2.77226e+17	1.00e+00	2.31e-13	0.00e+00
 2.88315e+17	1.00e+00	2.06e-13	0.00e+00
 2.99848e+17	1.00e+00	1.83e-13	0.00e+00
 3.11842e+17	1.00e+00	1.61e-13	0.00e+00
 3.24315e+17	1.00e+00	1.40e-13	0.00e+00
 3.37032e+17	1.00e+00	1.20e-13	0.00e+00
 3.49299e+17	1.00e+00	1.08e-13	0.00e+00
 3.60427e+17	1.00e+00	1.07e-13	0.00e+00
 3.70356e+17	1.00e+00	1.13e-13	0.00e+00
 3.79517e+17	1.00e+00	1.15e-13	0.00e+00
 3.88258e+17	1.00e+00	1.10e-13	0.00e+00
 3.96554e+17	1.00e+00	1.02e-13	0.00e+00
 4.04101e+17	1.00e+00	9.57e-14	0.00e+00
 4.10708e+17	1.00e+00	9.24e-14	0.00e+00
 4.15970e+17	1.00e+00	8.97e-14	0.00e+00
 4.19386e+17	1.00e+00	9.21e-14	0.00e+00
 4.21273e+17	1.00e+00	9.65e-14	0.00e+00
 4.22339e+17	1.00e+00	9.93e-14	0.00e+00
 4.22978e+17	1.00e+00	1.01e-13	0.00e+00
 4.23388e+17	1.00e+00	1.02e-13	0.00e+00
 4.23718e+17	1.00e+00	1.02e-13	0.00e+00
 4.24081e+17	1.00e+00	1.03e-13	0.00e+00
 4.24500e+17	1.00e+00	1.03e-13	0.00e+00
 4.24915e+17	1.00e+00	1.03e-13	0.00e+00
 4.25270e+17	1.00e+00	1.04e-13	0.00e+00
 4.25563e+17	1.00e+00	1.04e-13	0.00e+00
 4.25838e+17	1.00e+00	1.04e-13	0.00e+00
 4.26123e+17	1.00e+00	1.04e-13	0.00e+00
 4.26396e+17	1.00e+00	1.03e-13	0.00e+00
 4.26638e+17	1.00e+00	1.03e-13	0.00e+00
 4.26871e+17	1.00e+00	1.03e-13	0.00e+00
 4.27097e+17	1.00e+00	1.03e-13	0.00e+00
 4.27308e+17	1.00e+00	1.03e-13	0.00e+00
 4.27508e+17	1.00e+00	1.03e-13	0.00e+00
 4.27711e+17	1.00e+00	1.02e-13	0.00e+00
 4.27910e+17	1.00e+00	1.02e-13	0.00e+00
 4.28089e+17	1.00e+00	1.02e-13	0.00e+00
 4.28252e+17	1.00e+00	1.02e-13	0.00e+00
 4.28411e+17	1.00e+00	1.01e-13	0.00e+00
 4.28569e+17	1.00e+00	1.01e-13	0.00e+00
 4.28728e+17	1.00e+00	1.01e-13	0.00e+00
 4.28885e+17	1.00e+00	1.01e-13	0.00e+00
 4.29039e+17	1.00e+00	1.00e-13	0.00e+00
 4.29181e+17	1.00e+00	9.99e-14	0.00e+00
 4.29315e+17	1.00e+00	9.97e-14	0.00e+00
 4.29453e+17	1.00e+00	9.94e-14	0.00e+00
 4.29597e+17	1.00e+00	9.91e-14	0.00e+00
 4.29737e+17	1.00e+00	9.88e-14	0.00e+00
 4.29871e+17	1.00e+00	9.85e-14	0.00e+00
 4.30006e+17	1.00e+00	9.81e-14	0.00e+00
 4.30144e+17	1.00e+00	9.78e-14	0.00e+00
 4.30276e+17	1.00e+00	9.74e-14	0.00e+00
 4.30405e+17	1.00e+00	9.71e-14	0.00e+00
 4.30540e+17	1.00e+00	9.68e-14	0.00e+00
 4.30682e+17	1.00e+00	9.64e-14	0.00e+00
 4.30821e+17	1.00e+00	9.60e-14	0.00e+00
 4.30956e+17	1.00e+00	9.56e-14	0.00e+00
 4.31092e+17	1.00e+00	9.52e-14	0.00e+00
 4.31232e+17	1.00e+00	9.48e-14	0.00e+00
 4.31382e+17	1.00e+00	9.43e-14	0.00e+00
 4.31537e+17	1.00e+00	9.38e-14	0.00e+00
 4.31686e+17	1.00e+00	9.34e-14	0.00e+00
 4.31842e+17	1.00e+00	9.29e-14	0.00e+00
 4.32011e+17	1.00e+00	9.23e-14	0.00e+00
 4.32175e+17	1.00e+00	9.18e-14	0.00e+00
 4.32333e+17	1.00e+00	9.13e-14	0.00e+00
 4.32490e+17	1.00e+00	9.07e-14	0.00e+00
 4.32660e+17	1.00e+00	9.02e-14	0.00e+00
 4.32843e+17	1.00e+00	8.95e-14	0.00e+00
 4.33020e+17	1.00e+00	8.89e-14	0.00e+00
 4.33202e+17	1.00e+00	8.82e-14	0.00e+00
 4.33397e+17	1.00e+00	8.75e-14	0.00e+00
 4.33594e+17	1.00e+00	8.68e-14	0.00e+00
 4.33796e+17	1.00e+00	8.61e-14	0.00e+00
 4.34008e+17	1.00e+00	8.53e-14	0.00e+00
 4.34225e+17	1.00e+00	8.45e-14	0.00e+00
 4.34442e+17	1.00e+00	8.36e-14	0.00e+00
 4.34661e+17	1.00e+00	8.28e-14	0.00e+00
 4.34885e+17	1.00e+00	8.19e-14	0.00e+00
 4.35113e+17	1.00e+00	8.11e-14	0.00e+00
 4.35352e+17	1.00e+00	8.01e-14	0.00e+00
 4.35606e+17	1.00e+00	7.92e-14	0.00e+00
 4.35870e+17	1.00e+00	7.81e-14	0.00e+00
 4.36141e+17	1.00e+00	7.70e-14	0.00e+00
 4.36411e+17	1.00e+00	7.60e-14	0.00e+00
 4.36683e+17	1.00e+00	7.49e-14	0.00e+00
 4.36965e+17	1.00e+00	7.38e-14	0.00e+00
 4.37260e+17	1.00e+00	7.26e-14	0.00e+00
 4.37566e+17	1.00e+00	7.13e-14	0.00e+00
 4.37871e+17	1.00e+00	7.02e-14	0.00e+00
 4.38193e+17	1.00e+00	6.89e-14	0.00e+00
 4.38537e+17	1.00e+00	6.75e-14	0.00e+00
 4.38874e+17	1.00e+00	6.61e-14	0.00e+00
 4.39206e+17	1.00e+00	6.48e-14	0.00e+00
 4.39557e+17	1.00e+00	6.35e-14	0.00e+00
 4.39930e+17	1.00e+00	6.20e-14	0.00e+00
 4.40312e+17	1.00e+00	6.05e-14	0.00e+00
 4.40696e+17	1.00e+00	5.90e-14	0.00e+00
 4.41078e+17	1.00e+00	5.75e-14	0.00e+00
 4.41463e+17	1.00e+00	5.60e-14	0.00e+00
 4.41871e+17	1.00e+00	5.45e-14	0.00e+00
 4.42302e+17	1.00e+00	5.29e-14	0.00e+00
 4.42738e+17	1.00e+00	5.12e-14	0.00e+00
 4.43169e+17	1.00e+00	4.96e-14	0.00e+00
 4.43607e+17	1.00e+00	4.80e-14	0.00e+00
 4.44066e+17	1.00e+00	4.64e-14	0.00e+00
 4.44544e+17	1.00e+00	4.47e-14	0.00e+00
 4.45027e+17	1.00e+00	4.30e-14	0.00e+00
 4.45507e+17	1.00e+00	4.14e-14	0.00e+00
 4.45994e+17	1.00e+00	3.98e-14	0.00e+00
 4.46499e+17	1.00e+00	3.82e-14	0.00e+00
 4.47036e+17	1.00e+00	3.65e-14	0.00e+00
 4.47585e+17	1.00e+00	3.47e-14	0.00e+00
 4.48133e+17	1.00e+00	3.31e-14	0.00e+00
 4.48685e+17	1.00e+00	3.14e-14	0.00e+00
 4.49238e+17	1.00e+00	2.98e-14	0.00e+00
 4.49809e+17	1.00e+00	2.83e-14	0.00e+00
 4.50419e+17	1.00e+00	2.67e-14	0.00e+00
 4.51051e+17	1.00e+00	2.51e-14	0.00e+00
 4.51701e+17	1.00e+00	2.35e-14	0.00e+00
 4.52371e+17	1.00e+00	2.19e-14	0.00e+00
 4.53028e+17	1.00e+00	2.04e-14	0.00e+00
 4.53693e+17	1.00e+00	1.90e-14	0.00e+00
 4.54383e+17	1.00e+00	1.76e-14	0.00e+00
 4.55035e+17	1.00e+00	1.63e-14	0.00e+00
 4.55594e+17	1.00e+00	1.52e-14	0.00e+00
 4.56072e+17	1.00e+00	1.44e-14	0.00e+00
 4.56519e+17	1.00e+00	1.36e-14	0.00e+00
 4.56965e+17	1.00e+00	1.29e-14	0.00e+00
 4.57407e+17	1.00e+00	1.22e-14	0.00e+00
 4.57826e+17	1.00e+00	1.16e-14	0.00e+00
 4.58215e+17	1.00e+00	1.10e-14	0.00e+00
 4.58580e+17	1.00e+00	1.05e-14	0.00e+00
 4.58933e+17	1.00e+00	1.00e-14	0.00e+00
 4.59279e+17	1.00e+00	9.60e-15	0.00e+00
 4.59614e+17	1.00e+00	9.18e-15	0.00e+00
 4.59934e+17	1.00e+00	8.78e-15	0.00e+00
 4.60240e+17	1.00e+00	8.42e-15	0.00e+00
 4.60534e+17	1.00e+00	8.08e-15	0.00e+00
 4.60820e+17	1.00e+00	7.75e-15	0.00e+00
 4.61098e+17	1.00e+00	7.45e-15	0.00e+00
 4.61366e+17	1.00e+00	7.16e-15	0.00e+00
 4.61625e+17	1.00e+00	6.87e-15	0.00e+00
 4.61873e+17	1.00e+00	6.62e-15	0.00e+00
 4.62114e+17	1.00e+00	6.38e-15	0.00e+00
 4.62349e+17	1.00e+00	6.14e-15	0.00e+00
 4.62578e+17	1.00e+00	5.92e-15	0.00e+00
 4.62802e+17	1.00e+00	5.71e-15	0.00e+00
 4.63019e+17	1.00e+00	5.52e-15	0.00e+00
 4.63228e+17	1.00e+00	5.32e-15	0.00e+00
 4.63430e+17	1.00e+00	5.14e-15	0.00e+00
 4.63626e+17	1.00e+00	4.97e-15	0.00e+00
 4.63820e+17	1.00e+00	4.81e-15	0.00e+00
 4.64010e+17	1.00e+00	4.65e-15	0.00e+00
 4.64228e+17	1.00e+00	4.50e-15	0.00e+00
 4.64510e+17	1.00e+00	4.32e-15	0.00e+00
 4.64877e+17	1.00e+00	4.07e-15	0.00e+00
 4.65354e+17	1.00e+00	3.78e-15	0.00e+00
 4.65975e+17	1.00e+00	3.42e-15	0.00e+00
 4.66781e+17	1.00e+00	2.99e-15	0.00e+00
 4.67723e+17	1.00e+00	2.51e-15	0.00e+00
 4.68591e+17	1.00e+00	2.07e-15	0.00e+00
 4.69252e+17	1.00e+00	1.78e-15	0.00e+00
 4.69770e+17	1.00e+00	1.60e-15	0.00e+00
 4.70272e+17	1.00e+00	1.45e-15	0.00e+00
 4.70833e+17	1.00e+00	1.30e-15	0.00e+00
 4.71443e+17	1.00e+00	1.15e-15	0.00e+00
 4.72053e+17	1.00e+00	1.02e-15	0.00e+00
 4.72626e+17	1.00e+00	9.00e-16	0.00e+00
 4.73167e+17	1.00e+00	8.04e-16	0.00e+00
 4.73710e+17	1.00e+00	7.21e-16	0.00e+00
 4.74289e+17	1.00e+00	6.44e-16	0.00e+00
 4.74907e+17	1.00e+00	5.70e-16	0.00e+00
 4.75547e+17	1.00e+00	5.00e-16	0.00e+00
 4.76199e+17	1.00e+00	4.38e-16	0.00e+00
 4.76875e+17	1.00e+00	3.83e-16	0.00e+00
 4.77606e+17	1.00e+00	3.32e-16	0.00e+00
 4.78426e+17	1.00e+00	2.84e-16	0.00e+00
 4.79367e+17	1.00e+00	2.37e-16	0.00e+00
