#depth	C	C+	C+2	C+3	C+4	C+5	C+6	C[1]	C[2]	C[3]	C+[1]	C+[2]	CO
 1.49634e+10	1.55e-44	1.33e-33	1.44e-23	3.58e-14	4.65e-04	5.47e-01	4.53e-01	0.00e+00	0.00e+00	0.00e+00	0.00e+00	0.00e+00	9.03e-142
 4.54887e+10	0.00e+00	1.90e-33	1.90e-23	4.35e-14	5.23e-04	5.66e-01	4.33e-01	0.00e+00	0.00e+00	0.00e+00	0.00e+00	0.00e+00	2.87e-208
 7.72350e+10	3.70e-44	2.70e-33	2.50e-23	5.29e-14	5.87e-04	5.86e-01	4.14e-01	0.00e+00	0.00e+00	0.00e+00	0.00e+00	0.00e+00	8.89e-141
 1.10251e+11	0.00e+00	3.85e-33	3.29e-23	6.42e-14	6.58e-04	6.05e-01	3.95e-01	0.00e+00	0.00e+00	0.00e+00	0.00e+00	0.00e+00	1.06e-207
 1.44588e+11	8.78e-44	5.46e-33	4.32e-23	7.79e-14	7.37e-04	6.24e-01	3.76e-01	0.00e+00	0.00e+00	0.00e+00	0.00e+00	0.00e+00	8.70e-140
 1.80298e+11	0.00e+00	7.77e-33	5.67e-23	9.44e-14	8.25e-04	6.42e-01	3.57e-01	0.00e+00	0.00e+00	0.00e+00	0.00e+00	0.00e+00	3.86e-207
 2.17437e+11	2.08e-43	1.10e-32	7.43e-23	1.14e-13	9.21e-04	6.60e-01	3.39e-01	0.00e+00	0.00e+00	0.00e+00	0.00e+00	0.00e+00	8.54e-139
 2.53739e+11	0.00e+00	1.53e-32	9.58e-23	1.37e-13	1.02e-03	6.77e-01	3.22e-01	0.00e+00	0.00e+00	0.00e+00	0.00e+00	0.00e+00	1.40e-206
 2.87207e+11	4.46e-43	2.05e-32	1.20e-22	1.60e-13	1.12e-03	6.91e-01	3.08e-01	0.00e+00	0.00e+00	0.00e+00	0.00e+00	0.00e+00	6.50e-138
 3.24236e+11	0.00e+00	2.81e-32	1.53e-22	1.90e-13	1.23e-03	7.06e-01	2.93e-01	0.00e+00	0.00e+00	0.00e+00	0.00e+00	0.00e+00	4.32e-206
 3.67033e+11	1.00e-42	3.97e-32	2.00e-22	2.29e-13	1.37e-03	7.22e-01	2.77e-01	0.00e+00	0.00e+00	0.00e+00	0.00e+00	0.00e+00	5.65e-137
 4.09140e+11	0.00e+00	5.52e-32	2.57e-22	2.73e-13	1.52e-03	7.37e-01	2.62e-01	0.00e+00	0.00e+00	0.00e+00	0.00e+00	0.00e+00	1.32e-205
 4.52931e+11	2.26e-42	7.67e-32	3.31e-22	3.26e-13	1.68e-03	7.51e-01	2.47e-01	0.00e+00	0.00e+00	0.00e+00	0.00e+00	0.00e+00	4.90e-136
 5.00975e+11	0.00e+00	1.09e-31	4.32e-22	3.92e-13	1.87e-03	7.66e-01	2.32e-01	0.00e+00	0.00e+00	0.00e+00	0.00e+00	0.00e+00	3.74e-205
 5.49599e+11	5.24e-42	1.52e-31	5.60e-22	4.69e-13	2.06e-03	7.79e-01	2.19e-01	0.00e+00	0.00e+00	0.00e+00	0.00e+00	0.00e+00	4.67e-135
 6.00168e+11	0.00e+00	2.13e-31	7.26e-22	5.62e-13	2.28e-03	7.92e-01	2.05e-01	0.00e+00	0.00e+00	0.00e+00	0.00e+00	0.00e+00	9.79e-205
 6.54101e+11	1.22e-41	3.02e-31	9.46e-22	6.76e-13	2.53e-03	8.05e-01	1.93e-01	0.00e+00	0.00e+00	0.00e+00	0.00e+00	0.00e+00	4.48e-134
 7.10192e+11	0.00e+00	4.26e-31	1.23e-21	8.13e-13	2.81e-03	8.17e-01	1.80e-01	0.00e+00	0.00e+00	0.00e+00	0.00e+00	0.00e+00	1.42e-204
 7.68526e+11	2.87e-41	6.03e-31	1.61e-21	9.77e-13	3.11e-03	8.28e-01	1.68e-01	0.00e+00	0.00e+00	0.00e+00	0.00e+00	0.00e+00	4.43e-133
 8.29194e+11	0.00e+00	8.53e-31	2.10e-21	1.17e-12	3.44e-03	8.39e-01	1.57e-01	0.00e+00	0.00e+00	0.00e+00	0.00e+00	0.00e+00	0.00e+00
 8.92289e+11	6.76e-41	1.21e-30	2.74e-21	1.41e-12	3.81e-03	8.49e-01	1.47e-01	0.00e+00	0.00e+00	0.00e+00	0.00e+00	0.00e+00	4.41e-132
 9.57907e+11	0.00e+00	1.71e-30	3.57e-21	1.69e-12	4.21e-03	8.59e-01	1.37e-01	0.00e+00	0.00e+00	0.00e+00	0.00e+00	0.00e+00	0.00e+00
 1.02615e+12	1.59e-40	2.42e-30	4.66e-21	2.03e-12	4.66e-03	8.68e-01	1.27e-01	0.00e+00	0.00e+00	0.00e+00	0.00e+00	0.00e+00	4.42e-131
 1.09031e+12	0.00e+00	3.31e-30	5.93e-21	2.40e-12	5.10e-03	8.76e-01	1.19e-01	0.00e+00	0.00e+00	0.00e+00	0.00e+00	0.00e+00	0.00e+00
 1.14765e+12	3.30e-40	4.35e-30	7.30e-21	2.77e-12	5.52e-03	8.82e-01	1.13e-01	0.00e+00	0.00e+00	0.00e+00	0.00e+00	0.00e+00	3.10e-130
 1.21199e+12	0.00e+00	5.86e-30	9.17e-21	3.24e-12	6.01e-03	8.88e-01	1.06e-01	0.00e+00	0.00e+00	0.00e+00	0.00e+00	0.00e+00	0.00e+00
 1.28829e+12	7.27e-40	8.25e-30	1.19e-20	3.88e-12	6.63e-03	8.95e-01	9.81e-02	0.00e+00	0.00e+00	0.00e+00	0.00e+00	0.00e+00	2.58e-129
 1.36466e+12	0.00e+00	1.15e-29	1.53e-20	4.61e-12	7.28e-03	9.01e-01	9.14e-02	0.00e+00	0.00e+00	0.00e+00	0.00e+00	0.00e+00	0.00e+00
 1.43628e+12	1.58e-39	1.54e-29	1.92e-20	5.39e-12	7.92e-03	9.06e-01	8.56e-02	0.00e+00	0.00e+00	0.00e+00	0.00e+00	0.00e+00	2.05e-128
 1.51586e+12	0.00e+00	2.13e-29	2.45e-20	6.37e-12	8.67e-03	9.12e-01	7.98e-02	0.00e+00	0.00e+00	0.00e+00	0.00e+00	0.00e+00	0.00e+00
 1.60642e+12	3.63e-39	3.03e-29	3.21e-20	7.66e-12	9.58e-03	9.17e-01	7.38e-02	0.00e+00	0.00e+00	0.00e+00	0.00e+00	0.00e+00	1.91e-127
 1.69653e+12	0.00e+00	4.25e-29	4.16e-20	9.16e-12	1.05e-02	9.21e-01	6.84e-02	0.00e+00	0.00e+00	0.00e+00	0.00e+00	0.00e+00	0.00e+00
 1.79024e+12	8.39e-39	5.96e-29	5.39e-20	1.09e-11	1.16e-02	9.25e-01	6.33e-02	0.00e+00	0.00e+00	0.00e+00	0.00e+00	0.00e+00	1.80e-126
 1.89177e+12	0.00e+00	8.51e-29	7.07e-20	1.32e-11	1.28e-02	9.29e-01	5.84e-02	0.00e+00	0.00e+00	0.00e+00	0.00e+00	0.00e+00	0.00e+00
 1.99737e+12	2.03e-38	1.21e-28	9.28e-20	1.58e-11	1.42e-02	9.32e-01	5.38e-02	0.00e+00	0.00e+00	0.00e+00	0.00e+00	0.00e+00	1.89e-125
 2.09684e+12	0.00e+00	1.68e-28	1.19e-19	1.88e-11	1.55e-02	9.35e-01	4.99e-02	0.00e+00	0.00e+00	0.00e+00	0.00e+00	0.00e+00	0.00e+00
 2.18611e+12	4.28e-38	2.22e-28	1.47e-19	2.17e-11	1.67e-02	9.37e-01	4.67e-02	0.00e+00	0.00e+00	0.00e+00	0.00e+00	0.00e+00	1.39e-124
 2.28648e+12	0.00e+00	3.03e-28	1.86e-19	2.55e-11	1.82e-02	9.38e-01	4.35e-02	0.00e+00	0.00e+00	0.00e+00	0.00e+00	0.00e+00	0.00e+00
 2.40504e+12	9.68e-38	4.30e-28	2.44e-19	3.06e-11	2.01e-02	9.40e-01	4.00e-02	0.00e+00	0.00e+00	0.00e+00	0.00e+00	0.00e+00	1.23e-123
 2.52334e+12	0.00e+00	6.03e-28	3.16e-19	3.65e-11	2.20e-02	9.41e-01	3.69e-02	0.00e+00	0.00e+00	0.00e+00	0.00e+00	0.00e+00	0.00e+00
 2.63430e+12	2.16e-37	8.21e-28	3.99e-19	4.29e-11	2.40e-02	9.42e-01	3.43e-02	0.00e+00	0.00e+00	0.00e+00	0.00e+00	0.00e+00	1.03e-122
 2.75753e+12	0.00e+00	1.14e-27	5.13e-19	5.09e-11	2.62e-02	9.42e-01	3.17e-02	0.00e+00	0.00e+00	0.00e+00	0.00e+00	0.00e+00	0.00e+00
 2.89776e+12	5.08e-37	1.64e-27	6.77e-19	6.15e-11	2.90e-02	9.42e-01	2.90e-02	0.00e+00	0.00e+00	0.00e+00	0.00e+00	0.00e+00	1.01e-121
 3.03620e+12	0.00e+00	2.32e-27	8.82e-19	7.35e-11	3.18e-02	9.42e-01	2.66e-02	0.00e+00	0.00e+00	0.00e+00	0.00e+00	0.00e+00	0.00e+00
 3.18017e+12	1.19e-36	3.27e-27	1.15e-18	8.79e-11	3.49e-02	9.41e-01	2.44e-02	0.00e+00	0.00e+00	0.00e+00	0.00e+00	0.00e+00	9.70e-121
 3.33731e+12	0.00e+00	4.72e-27	1.52e-18	1.06e-10	3.85e-02	9.39e-01	2.23e-02	0.00e+00	0.00e+00	0.00e+00	0.00e+00	0.00e+00	0.00e+00
 3.49516e+12	2.91e-36	6.73e-27	1.99e-18	1.28e-10	4.23e-02	9.37e-01	2.04e-02	0.00e+00	0.00e+00	0.00e+00	0.00e+00	0.00e+00	1.03e-119
 3.65933e+12	0.00e+00	9.59e-27	2.61e-18	1.54e-10	4.65e-02	9.35e-01	1.86e-02	0.00e+00	0.00e+00	0.00e+00	0.00e+00	0.00e+00	0.00e+00
 3.82930e+12	7.00e-36	1.37e-26	3.43e-18	1.85e-10	5.11e-02	9.32e-01	1.70e-02	0.00e+00	0.00e+00	0.00e+00	0.00e+00	0.00e+00	1.05e-118
 3.99578e+12	0.00e+00	1.91e-26	4.43e-18	2.19e-10	5.58e-02	9.29e-01	1.56e-02	0.00e+00	0.00e+00	0.00e+00	0.00e+00	0.00e+00	0.00e+00
 4.17525e+12	1.63e-35	2.70e-26	5.77e-18	2.63e-10	6.11e-02	9.25e-01	1.42e-02	0.00e+00	0.00e+00	0.00e+00	0.00e+00	0.00e+00	9.77e-118
 4.37219e+12	0.00e+00	3.90e-26	7.66e-18	3.18e-10	6.72e-02	9.20e-01	1.29e-02	0.00e+00	0.00e+00	0.00e+00	0.00e+00	0.00e+00	0.00e+00
 4.57701e+12	4.04e-35	5.64e-26	1.01e-17	3.85e-10	7.39e-02	9.14e-01	1.17e-02	0.00e+00	0.00e+00	0.00e+00	0.00e+00	0.00e+00	1.08e-116
 4.79001e+12	0.00e+00	8.14e-26	1.34e-17	4.65e-10	8.12e-02	9.08e-01	1.06e-02	0.00e+00	0.00e+00	0.00e+00	0.00e+00	0.00e+00	0.00e+00
 5.01154e+12	9.99e-35	1.17e-25	1.78e-17	5.62e-10	8.92e-02	9.01e-01	9.56e-03	0.00e+00	0.00e+00	0.00e+00	0.00e+00	0.00e+00	1.18e-115
 5.21175e+12	1.48e-34	1.62e-25	2.28e-17	6.64e-10	9.67e-02	8.95e-01	8.74e-03	0.00e+00	0.00e+00	0.00e+00	0.00e+00	0.00e+00	5.96e-98
 5.37831e+12	2.03e-34	2.09e-25	2.78e-17	7.58e-10	1.03e-01	8.89e-01	8.13e-03	0.00e+00	0.00e+00	0.00e+00	0.00e+00	0.00e+00	0.00e+00
 5.56069e+12	2.85e-34	2.74e-25	3.42e-17	8.72e-10	1.10e-01	8.82e-01	7.52e-03	0.00e+00	0.00e+00	0.00e+00	0.00e+00	0.00e+00	1.89e-114
 5.79201e+12	4.30e-34	3.83e-25	4.42e-17	1.04e-09	1.20e-01	8.73e-01	6.82e-03	0.00e+00	0.00e+00	0.00e+00	0.00e+00	0.00e+00	6.42e-97
 6.03338e+12	6.49e-34	5.35e-25	5.73e-17	1.23e-09	1.30e-01	8.63e-01	6.17e-03	0.00e+00	0.00e+00	0.00e+00	0.00e+00	0.00e+00	0.00e+00
 6.24684e+12	9.22e-34	7.11e-25	7.13e-17	1.43e-09	1.40e-01	8.55e-01	5.67e-03	0.00e+00	0.00e+00	0.00e+00	0.00e+00	0.00e+00	4.24e-113
 6.44609e+12	1.27e-33	9.19e-25	8.69e-17	1.63e-09	1.49e-01	8.46e-01	5.24e-03	0.00e+00	0.00e+00	0.00e+00	0.00e+00	0.00e+00	7.13e-96
 6.67359e+12	1.79e-33	1.22e-24	1.08e-16	1.89e-09	1.59e-01	8.36e-01	4.80e-03	0.00e+00	0.00e+00	0.00e+00	0.00e+00	0.00e+00	1.00e-283
 6.95318e+12	2.71e-33	1.70e-24	1.40e-16	2.24e-09	1.72e-01	8.23e-01	4.32e-03	0.00e+00	0.00e+00	0.00e+00	0.00e+00	0.00e+00	7.44e-112
 7.23172e+12	4.01e-33	2.34e-24	1.79e-16	2.64e-09	1.86e-01	8.10e-01	3.90e-03	0.00e+00	0.00e+00	0.00e+00	0.00e+00	0.00e+00	9.32e-95
 7.47370e+12	5.56e-33	3.05e-24	2.20e-16	3.03e-09	1.98e-01	7.99e-01	3.57e-03	0.00e+00	0.00e+00	0.00e+00	0.00e+00	0.00e+00	5.10e-111
 7.73693e+12	7.83e-33	4.03e-24	2.72e-16	3.49e-09	2.11e-01	7.86e-01	3.26e-03	0.00e+00	0.00e+00	0.00e+00	0.00e+00	0.00e+00	4.16e-94
 8.05840e+12	1.17e-32	5.58e-24	3.50e-16	4.13e-09	2.27e-01	7.70e-01	2.92e-03	0.00e+00	0.00e+00	0.00e+00	0.00e+00	0.00e+00	3.76e-110
 8.38674e+12	1.73e-32	7.66e-24	4.47e-16	4.86e-09	2.44e-01	7.53e-01	2.61e-03	0.00e+00	0.00e+00	0.00e+00	0.00e+00	0.00e+00	2.45e-93
 8.68824e+12	2.43e-32	1.01e-23	5.54e-16	5.60e-09	2.59e-01	7.38e-01	2.37e-03	0.00e+00	0.00e+00	0.00e+00	0.00e+00	0.00e+00	2.74e-109
 9.02366e+12	3.50e-32	1.36e-23	6.95e-16	6.50e-09	2.76e-01	7.21e-01	2.13e-03	0.00e+00	0.00e+00	0.00e+00	0.00e+00	0.00e+00	1.20e-92
 9.41248e+12	5.24e-32	1.88e-23	8.95e-16	7.67e-09	2.96e-01	7.02e-01	1.88e-03	0.00e+00	0.00e+00	0.00e+00	0.00e+00	0.00e+00	2.23e-108
 9.79581e+12	7.65e-32	2.56e-23	1.13e-15	8.95e-09	3.16e-01	6.82e-01	1.68e-03	0.00e+00	0.00e+00	0.00e+00	0.00e+00	0.00e+00	7.06e-92
 1.01628e+13	1.08e-31	3.38e-23	1.40e-15	1.03e-08	3.34e-01	6.64e-01	1.51e-03	0.00e+00	0.00e+00	0.00e+00	0.00e+00	0.00e+00	1.65e-107
 1.05676e+13	1.55e-31	4.54e-23	1.76e-15	1.19e-08	3.54e-01	6.44e-01	1.34e-03	0.00e+00	0.00e+00	0.00e+00	0.00e+00	0.00e+00	3.57e-91
 1.10202e+13	2.29e-31	6.20e-23	2.24e-15	1.39e-08	3.77e-01	6.22e-01	1.18e-03	0.00e+00	0.00e+00	0.00e+00	0.00e+00	0.00e+00	1.34e-106
 1.14317e+13	3.21e-31	8.13e-23	2.75e-15	1.59e-08	3.96e-01	6.03e-01	1.05e-03	0.00e+00	0.00e+00	0.00e+00	0.00e+00	0.00e+00	1.89e-90
 1.17780e+13	4.20e-31	1.01e-22	3.25e-15	1.77e-08	4.12e-01	5.87e-01	9.62e-04	0.00e+00	0.00e+00	0.00e+00	0.00e+00	0.00e+00	7.40e-106
 1.21587e+13	5.60e-31	1.27e-22	3.87e-15	1.98e-08	4.30e-01	5.69e-01	8.71e-04	0.00e+00	0.00e+00	0.00e+00	0.00e+00	0.00e+00	6.93e-90
 1.25885e+13	7.65e-31	1.64e-22	4.69e-15	2.24e-08	4.49e-01	5.50e-01	7.80e-04	0.00e+00	0.00e+00	0.00e+00	0.00e+00	0.00e+00	4.07e-105
 1.29998e+13	1.02e-30	2.06e-22	5.58e-15	2.50e-08	4.67e-01	5.32e-01	7.03e-04	0.00e+00	0.00e+00	0.00e+00	0.00e+00	0.00e+00	2.82e-89
 1.34525e+13	1.38e-30	2.63e-22	6.71e-15	2.80e-08	4.86e-01	5.13e-01	6.30e-04	0.00e+00	0.00e+00	0.00e+00	0.00e+00	0.00e+00	2.21e-104
 1.39554e+13	1.91e-30	3.40e-22	8.16e-15	3.17e-08	5.06e-01	4.93e-01	5.58e-04	0.00e+00	0.00e+00	0.00e+00	0.00e+00	0.00e+00	1.24e-88
 1.44267e+13	2.55e-30	4.29e-22	9.71e-15	3.54e-08	5.25e-01	4.75e-01	5.00e-04	0.00e+00	0.00e+00	0.00e+00	0.00e+00	0.00e+00	1.31e-103
 1.49426e+13	3.45e-30	5.47e-22	1.17e-14	3.96e-08	5.44e-01	4.56e-01	4.45e-04	0.00e+00	0.00e+00	0.00e+00	0.00e+00	0.00e+00	5.12e-88
 1.55227e+13	4.79e-30	7.11e-22	1.42e-14	4.47e-08	5.65e-01	4.35e-01	3.91e-04	0.00e+00	0.00e+00	0.00e+00	0.00e+00	0.00e+00	8.33e-103
 1.60768e+13	6.47e-30	9.02e-22	1.70e-14	4.99e-08	5.84e-01	4.16e-01	3.47e-04	0.00e+00	0.00e+00	0.00e+00	0.00e+00	0.00e+00	2.32e-87
 1.66841e+13	8.87e-30	1.16e-21	2.05e-14	5.59e-08	6.03e-01	3.97e-01	3.05e-04	0.00e+00	0.00e+00	0.00e+00	0.00e+00	0.00e+00	5.15e-102
 1.73277e+13	1.22e-29	1.49e-21	2.47e-14	6.27e-08	6.23e-01	3.77e-01	2.68e-04	0.00e+00	0.00e+00	0.00e+00	0.00e+00	0.00e+00	1.09e-86
 1.78909e+13	1.60e-29	1.85e-21	2.90e-14	6.90e-08	6.39e-01	3.61e-01	2.39e-04	0.00e+00	0.00e+00	0.00e+00	0.00e+00	0.00e+00	2.98e-101
 1.84922e+13	2.11e-29	2.30e-21	3.40e-14	7.61e-08	6.55e-01	3.44e-01	2.13e-04	0.00e+00	0.00e+00	0.00e+00	0.00e+00	0.00e+00	4.16e-86
 1.92236e+13	2.91e-29	2.97e-21	4.11e-14	8.51e-08	6.74e-01	3.26e-01	1.85e-04	0.00e+00	0.00e+00	0.00e+00	0.00e+00	0.00e+00	1.82e-100
 1.99521e+13	3.96e-29	3.78e-21	4.91e-14	9.47e-08	6.92e-01	3.08e-01	1.62e-04	0.00e+00	0.00e+00	0.00e+00	0.00e+00	0.00e+00	1.98e-85
 2.05949e+13	5.15e-29	4.65e-21	5.71e-14	1.03e-07	7.06e-01	2.94e-01	1.44e-04	0.00e+00	0.00e+00	0.00e+00	0.00e+00	0.00e+00	1.02e-99
 2.12985e+13	6.78e-29	5.77e-21	6.70e-14	1.14e-07	7.21e-01	2.79e-01	1.28e-04	0.00e+00	0.00e+00	0.00e+00	0.00e+00	0.00e+00	7.59e-85
 2.21451e+13	9.32e-29	7.41e-21	8.04e-14	1.26e-07	7.37e-01	2.63e-01	1.10e-04	0.00e+00	0.00e+00	0.00e+00	0.00e+00	0.00e+00	6.30e-99
 2.29921e+13	1.26e-28	9.42e-21	9.57e-14	1.40e-07	7.53e-01	2.47e-01	9.60e-05	0.00e+00	0.00e+00	0.00e+00	0.00e+00	0.00e+00	3.64e-84
 2.37624e+13	1.65e-28	1.16e-20	1.11e-13	1.53e-07	7.65e-01	2.34e-01	8.49e-05	0.00e+00	0.00e+00	0.00e+00	0.00e+00	0.00e+00	3.68e-98
 2.46186e+13	2.20e-28	1.45e-20	1.31e-13	1.67e-07	7.79e-01	2.21e-01	7.44e-05	0.00e+00	0.00e+00	0.00e+00	0.00e+00	0.00e+00	1.49e-83
 2.56195e+13	3.03e-28	1.86e-20	1.57e-13	1.86e-07	7.93e-01	2.07e-01	6.39e-05	0.00e+00	0.00e+00	0.00e+00	0.00e+00	0.00e+00	2.42e-97
 2.66075e+13	4.10e-28	2.36e-20	1.86e-13	2.05e-07	8.06e-01	1.94e-01	5.54e-05	0.00e+00	0.00e+00	0.00e+00	0.00e+00	0.00e+00	7.30e-83
 2.75411e+13	5.41e-28	2.93e-20	2.17e-13	2.23e-07	8.17e-01	1.83e-01	4.85e-05	0.00e+00	0.00e+00	0.00e+00	0.00e+00	0.00e+00	1.48e-96
 2.85789e+13	7.26e-28	3.68e-20	2.56e-13	2.45e-07	8.28e-01	1.71e-01	4.21e-05	0.00e+00	0.00e+00	0.00e+00	0.00e+00	0.00e+00	3.18e-82
 2.97519e+13	1.00e-27	4.72e-20	3.05e-13	2.70e-07	8.40e-01	1.60e-01	3.61e-05	0.00e+00	0.00e+00	0.00e+00	0.00e+00	0.00e+00	1.02e-95
 3.09306e+13	1.36e-27	5.99e-20	3.62e-13	2.97e-07	8.51e-01	1.49e-01	3.10e-05	0.00e+00	0.00e+00	0.00e+00	0.00e+00	0.00e+00	1.62e-81
 3.21564e+13	1.85e-27	7.60e-20	4.29e-13	3.26e-07	8.61e-01	1.39e-01	2.67e-05	0.00e+00	0.00e+00	0.00e+00	0.00e+00	0.00e+00	7.19e-95
 3.34726e+13	2.55e-27	9.71e-20	5.10e-13	3.59e-07	8.71e-01	1.29e-01	2.28e-05	0.00e+00	0.00e+00	0.00e+00	0.00e+00	0.00e+00	8.32e-81
 3.48414e+13	3.49e-27	1.24e-19	6.06e-13	3.94e-07	8.80e-01	1.20e-01	1.95e-05	0.00e+00	0.00e+00	0.00e+00	0.00e+00	0.00e+00	5.39e-94
 3.61892e+13	4.71e-27	1.56e-19	7.12e-13	4.31e-07	8.88e-01	1.12e-01	1.68e-05	0.00e+00	0.00e+00	0.00e+00	0.00e+00	0.00e+00	4.21e-80
 3.74430e+13	6.16e-27	1.92e-19	8.24e-13	4.66e-07	8.95e-01	1.05e-01	1.47e-05	0.00e+00	0.00e+00	0.00e+00	0.00e+00	0.00e+00	3.29e-93
 3.85746e+13	7.80e-27	2.30e-19	9.34e-13	4.99e-07	9.00e-01	9.95e-02	1.31e-05	0.00e+00	0.00e+00	0.00e+00	0.00e+00	0.00e+00	1.59e-79
 3.97883e+13	9.95e-27	2.77e-19	1.06e-12	5.35e-07	9.06e-01	9.39e-02	1.16e-05	0.00e+00	0.00e+00	0.00e+00	0.00e+00	0.00e+00	1.52e-92
 4.12987e+13	1.33e-26	3.47e-19	1.25e-12	5.82e-07	9.12e-01	8.76e-02	1.00e-05	0.00e+00	0.00e+00	0.00e+00	0.00e+00	0.00e+00	6.62e-79
 4.28129e+13	1.77e-26	4.31e-19	1.45e-12	6.31e-07	9.18e-01	8.18e-02	8.69e-06	0.00e+00	0.00e+00	0.00e+00	0.00e+00	0.00e+00	9.69e-92
 4.41154e+13	2.24e-26	5.16e-19	1.64e-12	6.74e-07	9.23e-01	7.73e-02	7.73e-06	0.00e+00	0.00e+00	0.00e+00	0.00e+00	0.00e+00	2.64e-78
 4.55247e+13	2.88e-26	6.24e-19	1.87e-12	7.23e-07	9.27e-01	7.29e-02	6.83e-06	0.00e+00	0.00e+00	0.00e+00	0.00e+00	0.00e+00	4.59e-91
 4.72626e+13	3.86e-26	7.81e-19	2.19e-12	7.85e-07	9.32e-01	6.78e-02	5.89e-06	0.00e+00	0.00e+00	0.00e+00	0.00e+00	0.00e+00	1.13e-77
 4.89993e+13	5.13e-26	9.70e-19	2.54e-12	8.49e-07	9.37e-01	6.33e-02	5.11e-06	0.00e+00	0.00e+00	0.00e+00	0.00e+00	0.00e+00	2.96e-90
 5.04997e+13	6.51e-26	1.16e-18	2.87e-12	9.06e-07	9.40e-01	5.98e-02	4.54e-06	0.00e+00	0.00e+00	0.00e+00	0.00e+00	0.00e+00	4.61e-77
 5.21212e+13	8.35e-26	1.40e-18	3.27e-12	9.70e-07	9.44e-01	5.63e-02	4.01e-06	0.00e+00	0.00e+00	0.00e+00	0.00e+00	0.00e+00	1.43e-89
 5.41135e+13	1.12e-25	1.76e-18	3.82e-12	1.05e-06	9.48e-01	5.24e-02	3.45e-06	0.00e+00	0.00e+00	0.00e+00	0.00e+00	0.00e+00	2.00e-76
 5.61231e+13	1.50e-25	2.19e-18	4.43e-12	1.14e-06	9.51e-01	4.88e-02	2.99e-06	0.00e+00	0.00e+00	0.00e+00	0.00e+00	0.00e+00	4.35e-76
 5.79048e+13	1.92e-25	2.64e-18	5.03e-12	1.21e-06	9.54e-01	4.60e-02	2.65e-06	0.00e+00	0.00e+00	0.00e+00	0.00e+00	0.00e+00	8.50e-76
 5.98544e+13	2.49e-25	3.22e-18	5.76e-12	1.30e-06	9.57e-01	4.31e-02	2.32e-06	0.00e+00	0.00e+00	0.00e+00	0.00e+00	0.00e+00	1.73e-75
 6.21905e+13	3.37e-25	4.04e-18	6.73e-12	1.41e-06	9.60e-01	4.00e-02	1.99e-06	0.00e+00	0.00e+00	0.00e+00	0.00e+00	0.00e+00	3.91e-75
 6.45168e+13	4.50e-25	5.04e-18	7.81e-12	1.52e-06	9.63e-01	3.73e-02	1.73e-06	0.00e+00	0.00e+00	0.00e+00	0.00e+00	0.00e+00	8.61e-75
 6.66370e+13	5.82e-25	6.11e-18	8.90e-12	1.63e-06	9.65e-01	3.50e-02	1.52e-06	0.00e+00	0.00e+00	0.00e+00	0.00e+00	0.00e+00	1.73e-74
 6.90015e+13	7.66e-25	7.52e-18	1.02e-11	1.75e-06	9.67e-01	3.27e-02	1.32e-06	0.00e+00	0.00e+00	0.00e+00	0.00e+00	0.00e+00	3.66e-74
 7.17597e+13	1.04e-24	9.51e-18	1.20e-11	1.90e-06	9.70e-01	3.03e-02	1.13e-06	0.00e+00	0.00e+00	0.00e+00	0.00e+00	0.00e+00	8.51e-74
 7.44774e+13	1.40e-24	1.19e-17	1.39e-11	2.05e-06	9.72e-01	2.82e-02	9.79e-07	0.00e+00	0.00e+00	0.00e+00	0.00e+00	0.00e+00	1.90e-73
 7.70518e+13	1.84e-24	1.45e-17	1.60e-11	2.20e-06	9.74e-01	2.64e-02	0.00e+00	0.00e+00	0.00e+00	0.00e+00	0.00e+00	0.00e+00	3.96e-73
 7.99116e+13	2.45e-24	1.81e-17	1.85e-11	2.37e-06	9.75e-01	2.46e-02	0.00e+00	0.00e+00	0.00e+00	0.00e+00	0.00e+00	0.00e+00	8.71e-73
 8.31380e+13	3.35e-24	2.29e-17	2.17e-11	2.57e-06	9.77e-01	2.28e-02	0.00e+00	0.00e+00	0.00e+00	0.00e+00	0.00e+00	0.00e+00	2.05e-72
 8.63817e+13	4.54e-24	2.88e-17	2.53e-11	2.78e-06	9.79e-01	2.11e-02	0.00e+00	0.00e+00	0.00e+00	0.00e+00	0.00e+00	0.00e+00	4.69e-72
 8.97552e+13	6.15e-24	3.62e-17	2.95e-11	3.00e-06	9.80e-01	1.96e-02	0.00e+00	0.00e+00	0.00e+00	0.00e+00	0.00e+00	0.00e+00	1.07e-71
 9.33753e+13	8.40e-24	4.58e-17	3.46e-11	3.26e-06	9.82e-01	1.81e-02	0.00e+00	0.00e+00	0.00e+00	0.00e+00	1.47e-17	3.11e-17	2.52e-71
 9.68837e+13	1.13e-23	5.70e-17	4.02e-11	3.51e-06	9.83e-01	1.68e-02	0.00e+00	0.00e+00	0.00e+00	0.00e+00	1.89e-17	3.81e-17	5.60e-71
 1.00188e+14	1.47e-23	6.97e-17	4.59e-11	3.76e-06	9.84e-01	1.58e-02	0.00e+00	0.00e+00	0.00e+00	0.00e+00	2.31e-17	4.65e-17	1.16e-70
 1.03881e+14	1.95e-23	8.64e-17	5.31e-11	4.05e-06	9.85e-01	1.47e-02	0.00e+00	0.00e+00	0.00e+00	0.00e+00	2.87e-17	5.77e-17	2.53e-70
 1.07602e+14	2.58e-23	1.07e-16	6.12e-11	4.35e-06	9.86e-01	1.37e-02	0.00e+00	0.00e+00	0.00e+00	0.00e+00	3.54e-17	7.12e-17	5.40e-70
 1.10697e+14	3.23e-23	1.26e-16	6.86e-11	4.61e-06	9.87e-01	1.29e-02	0.00e+00	0.00e+00	0.00e+00	0.00e+00	4.19e-17	8.43e-17	9.96e-70
 1.13976e+14	4.06e-23	1.50e-16	7.71e-11	4.89e-06	9.88e-01	1.22e-02	0.00e+00	0.00e+00	0.00e+00	0.00e+00	4.98e-17	1.00e-16	1.87e-69
 1.18162e+14	5.40e-23	1.86e-16	8.91e-11	5.26e-06	9.89e-01	1.14e-02	0.00e+00	0.00e+00	0.00e+00	0.00e+00	6.17e-17	1.24e-16	4.05e-69
 1.22548e+14	7.20e-23	2.31e-16	1.03e-10	5.67e-06	9.89e-01	1.06e-02	0.00e+00	0.00e+00	0.00e+00	0.00e+00	7.67e-17	1.54e-16	8.96e-69
 1.26433e+14	9.21e-23	2.78e-16	1.17e-10	6.05e-06	9.90e-01	9.91e-03	0.00e+00	0.00e+00	0.00e+00	0.00e+00	9.24e-17	1.86e-16	1.74e-68
 1.30641e+14	1.19e-22	3.38e-16	1.34e-10	6.47e-06	9.91e-01	9.28e-03	0.00e+00	0.00e+00	0.00e+00	0.00e+00	1.12e-16	2.26e-16	3.51e-68
 1.35695e+14	1.60e-22	4.24e-16	1.56e-10	6.99e-06	9.91e-01	8.59e-03	0.00e+00	0.00e+00	0.00e+00	0.00e+00	1.41e-16	2.83e-16	7.89e-68
 1.40814e+14	2.15e-22	5.28e-16	1.81e-10	7.55e-06	9.92e-01	7.97e-03	0.00e+00	0.00e+00	0.00e+00	0.00e+00	1.75e-16	3.53e-16	1.74e-67
 1.45617e+14	2.79e-22	6.44e-16	2.07e-10	8.08e-06	9.93e-01	7.45e-03	0.00e+00	0.00e+00	0.00e+00	0.00e+00	2.14e-16	4.31e-16	3.57e-67
 1.50252e+14	3.57e-22	7.76e-16	2.35e-10	8.62e-06	9.93e-01	6.99e-03	0.00e+00	0.00e+00	0.00e+00	0.00e+00	2.58e-16	5.19e-16	6.98e-67
 1.55487e+14	4.67e-22	9.52e-16	2.70e-10	9.26e-06	9.93e-01	6.52e-03	0.00e+00	0.00e+00	0.00e+00	0.00e+00	3.16e-16	6.36e-16	1.45e-66
 1.61260e+14	6.22e-22	1.18e-15	3.13e-10	9.99e-06	9.94e-01	6.05e-03	0.00e+00	0.00e+00	0.00e+00	0.00e+00	3.92e-16	7.90e-16	3.15e-66
 1.66584e+14	8.03e-22	1.43e-15	3.57e-10	1.07e-05	9.94e-01	5.67e-03	0.00e+00	0.00e+00	0.00e+00	0.00e+00	4.76e-16	9.58e-16	6.29e-66
 1.72354e+14	1.05e-21	1.75e-15	4.10e-10	1.15e-05	9.95e-01	5.29e-03	0.00e+00	0.00e+00	0.00e+00	0.00e+00	5.82e-16	1.17e-15	1.30e-65
 1.78801e+14	1.40e-21	2.18e-15	4.75e-10	1.24e-05	9.95e-01	4.90e-03	0.00e+00	0.00e+00	0.00e+00	0.00e+00	7.24e-16	1.46e-15	2.83e-65
 1.84864e+14	1.81e-21	2.66e-15	5.44e-10	1.33e-05	9.95e-01	4.58e-03	0.00e+00	0.00e+00	0.00e+00	0.00e+00	8.82e-16	1.78e-15	5.76e-65
 1.91480e+14	2.39e-21	3.28e-15	6.28e-10	1.43e-05	9.96e-01	4.26e-03	0.00e+00	0.00e+00	0.00e+00	0.00e+00	1.09e-15	2.19e-15	1.21e-64
 1.98825e+14	3.21e-21	4.10e-15	7.32e-10	1.54e-05	9.96e-01	3.94e-03	0.00e+00	0.00e+00	0.00e+00	0.00e+00	1.36e-15	2.74e-15	2.70e-64
 2.05680e+14	4.18e-21	5.01e-15	8.40e-10	1.66e-05	9.96e-01	3.68e-03	0.00e+00	0.00e+00	0.00e+00	0.00e+00	1.66e-15	3.35e-15	5.55e-64
 2.13123e+14	5.51e-21	6.19e-15	9.70e-10	1.78e-05	9.97e-01	3.42e-03	0.00e+00	0.00e+00	0.00e+00	0.00e+00	2.05e-15	4.14e-15	1.18e-63
 2.21450e+14	7.44e-21	7.77e-15	1.13e-09	1.93e-05	9.97e-01	3.16e-03	0.00e+00	0.00e+00	0.00e+00	0.00e+00	2.57e-15	5.19e-15	2.66e-63
 2.29372e+14	9.79e-21	9.57e-15	1.31e-09	2.08e-05	9.97e-01	2.94e-03	0.00e+00	0.00e+00	0.00e+00	0.00e+00	3.17e-15	6.39e-15	5.62e-63
 2.37839e+14	1.30e-20	1.19e-14	1.51e-09	2.24e-05	9.97e-01	2.73e-03	0.00e+00	0.00e+00	0.00e+00	0.00e+00	3.93e-15	7.93e-15	1.21e-62
 2.47382e+14	1.77e-20	1.50e-14	1.77e-09	2.43e-05	9.97e-01	2.52e-03	0.00e+00	0.00e+00	0.00e+00	0.00e+00	4.96e-15	1.00e-14	2.80e-62
 2.56793e+14	2.36e-20	1.87e-14	2.06e-09	2.62e-05	9.98e-01	2.33e-03	0.00e+00	0.00e+00	0.00e+00	0.00e+00	6.18e-15	1.25e-14	6.19e-62
 2.66581e+14	3.17e-20	2.33e-14	2.40e-09	2.83e-05	9.98e-01	2.16e-03	0.00e+00	0.00e+00	0.00e+00	0.00e+00	7.71e-15	1.56e-14	1.37e-61
 2.76618e+14	4.23e-20	2.90e-14	2.78e-09	3.06e-05	9.98e-01	2.00e-03	0.00e+00	0.00e+00	0.00e+00	0.00e+00	9.60e-15	1.94e-14	3.02e-61
 2.85921e+14	5.47e-20	3.53e-14	3.18e-09	3.27e-05	9.98e-01	1.87e-03	0.00e+00	0.00e+00	0.00e+00	0.00e+00	1.17e-14	2.36e-14	6.11e-61
 2.96250e+14	7.22e-20	4.35e-14	3.67e-09	3.52e-05	9.98e-01	1.74e-03	0.00e+00	0.00e+00	0.00e+00	0.00e+00	1.44e-14	2.91e-14	1.30e-60
 3.07597e+14	9.69e-20	5.43e-14	4.27e-09	3.81e-05	9.98e-01	1.61e-03	0.00e+00	0.00e+00	0.00e+00	0.00e+00	1.80e-14	3.64e-14	2.90e-60
 3.18085e+14	1.26e-19	6.63e-14	4.89e-09	4.08e-05	9.98e-01	1.50e-03	0.00e+00	0.00e+00	0.00e+00	0.00e+00	2.19e-14	4.44e-14	5.96e-60
 3.27291e+14	1.58e-19	7.85e-14	5.48e-09	4.32e-05	9.99e-01	1.42e-03	0.00e+00	0.00e+00	0.00e+00	0.00e+00	2.60e-14	5.25e-14	1.10e-59
 3.37042e+14	1.98e-19	9.34e-14	6.17e-09	4.59e-05	9.99e-01	1.34e-03	0.00e+00	0.00e+00	0.00e+00	0.00e+00	3.09e-14	6.25e-14	2.06e-59
 3.49420e+14	2.63e-19	1.16e-13	7.13e-09	4.94e-05	9.99e-01	1.24e-03	0.00e+00	0.00e+00	0.00e+00	0.00e+00	3.82e-14	7.74e-14	4.45e-59
 3.61959e+14	3.47e-19	1.43e-13	8.22e-09	5.31e-05	9.99e-01	1.15e-03	0.00e+00	0.00e+00	0.00e+00	0.00e+00	4.71e-14	9.54e-14	9.50e-59
 3.72542e+14	4.34e-19	1.69e-13	9.22e-09	5.63e-05	9.99e-01	1.09e-03	0.00e+00	0.00e+00	0.00e+00	0.00e+00	5.59e-14	1.13e-13	1.76e-58
 3.83838e+14	5.49e-19	2.02e-13	1.04e-08	5.99e-05	9.99e-01	1.02e-03	0.00e+00	0.00e+00	0.00e+00	0.00e+00	6.67e-14	1.35e-13	3.35e-58
 3.98042e+14	7.30e-19	2.50e-13	1.20e-08	6.45e-05	9.99e-01	9.51e-04	0.00e+00	0.00e+00	0.00e+00	0.00e+00	8.27e-14	1.68e-13	7.32e-58
 4.12720e+14	9.70e-19	3.10e-13	1.39e-08	6.95e-05	9.99e-01	8.83e-04	0.00e+00	0.00e+00	0.00e+00	0.00e+00	1.02e-13	2.08e-13	1.60e-57
 4.25633e+14	1.24e-18	3.73e-13	1.58e-08	7.39e-05	9.99e-01	8.30e-04	0.00e+00	0.00e+00	0.00e+00	0.00e+00	1.23e-13	2.50e-13	3.11e-57
 4.39556e+14	1.59e-18	4.51e-13	1.79e-08	7.90e-05	9.99e-01	7.77e-04	0.00e+00	0.00e+00	0.00e+00	0.00e+00	1.49e-13	3.02e-13	6.21e-57
 4.56390e+14	2.14e-18	5.64e-13	2.09e-08	8.53e-05	9.99e-01	7.19e-04	0.00e+00	0.00e+00	0.00e+00	0.00e+00	1.86e-13	3.78e-13	1.39e-56
 4.73092e+14	2.84e-18	6.98e-13	2.41e-08	9.18e-05	9.99e-01	6.68e-04	0.00e+00	0.00e+00	0.00e+00	0.00e+00	2.30e-13	4.68e-13	3.04e-56
 4.87903e+14	3.61e-18	8.38e-13	2.73e-08	9.77e-05	9.99e-01	6.27e-04	0.00e+00	0.00e+00	0.00e+00	0.00e+00	2.76e-13	5.61e-13	5.89e-56
 5.04168e+14	4.67e-18	1.02e-12	3.11e-08	1.05e-04	9.99e-01	5.87e-04	0.00e+00	0.00e+00	0.00e+00	0.00e+00	3.35e-13	6.82e-13	1.19e-55
 5.23643e+14	6.27e-18	1.27e-12	3.62e-08	1.13e-04	9.99e-01	5.43e-04	0.00e+00	0.00e+00	0.00e+00	0.00e+00	4.20e-13	8.53e-13	2.69e-55
 5.43003e+14	8.34e-18	1.58e-12	4.19e-08	1.22e-04	9.99e-01	5.04e-04	0.00e+00	0.00e+00	0.00e+00	0.00e+00	5.20e-13	1.06e-12	5.90e-55
 5.60575e+14	1.07e-17	1.91e-12	4.76e-08	1.30e-04	9.99e-01	4.72e-04	0.00e+00	0.00e+00	0.00e+00	0.00e+00	6.27e-13	1.28e-12	1.17e-54
 5.80109e+14	1.40e-17	2.33e-12	5.47e-08	1.39e-04	9.99e-01	4.40e-04	0.00e+00	0.00e+00	0.00e+00	0.00e+00	7.68e-13	1.56e-12	2.44e-54
 6.02989e+14	1.88e-17	2.93e-12	6.39e-08	1.51e-04	9.99e-01	4.06e-04	0.00e+00	0.00e+00	0.00e+00	0.00e+00	9.64e-13	1.97e-12	5.56e-54
 6.25530e+14	2.51e-17	3.64e-12	7.41e-08	1.63e-04	9.99e-01	3.76e-04	0.00e+00	0.00e+00	0.00e+00	0.00e+00	1.20e-12	2.44e-12	1.23e-53
 6.46647e+14	3.24e-17	4.42e-12	8.47e-08	1.74e-04	9.99e-01	3.51e-04	0.00e+00	0.00e+00	0.00e+00	0.00e+00	1.45e-12	2.97e-12	2.48e-53
 6.70217e+14	4.27e-17	5.46e-12	9.78e-08	1.88e-04	9.99e-01	3.26e-04	0.00e+00	0.00e+00	0.00e+00	0.00e+00	1.79e-12	3.67e-12	5.34e-53
 6.97056e+14	5.78e-17	6.87e-12	1.15e-07	2.04e-04	9.99e-01	3.00e-04	0.00e+00	4.75e-18	1.43e-17	2.39e-17	2.26e-12	4.62e-12	1.23e-52
 7.23779e+14	7.70e-17	8.57e-12	1.34e-07	2.21e-04	1.00e+00	2.77e-04	0.00e+00	6.34e-18	1.90e-17	3.18e-17	2.81e-12	5.75e-12	2.72e-52
 7.49486e+14	1.00e-16	1.05e-11	1.54e-07	2.38e-04	1.00e+00	2.57e-04	0.00e+00	8.27e-18	2.48e-17	4.15e-17	3.44e-12	7.05e-12	5.67e-52
 7.71811e+14	1.26e-16	1.25e-11	1.73e-07	2.53e-04	1.00e+00	2.42e-04	0.00e+00	1.03e-17	3.11e-17	5.19e-17	4.09e-12	8.37e-12	1.06e-51
 7.90524e+14	1.51e-16	1.43e-11	1.91e-07	2.66e-04	1.00e+00	2.30e-04	0.00e+00	1.24e-17	3.73e-17	6.23e-17	4.70e-12	9.63e-12	1.75e-51
 8.11351e+14	1.83e-16	1.67e-11	2.12e-07	2.81e-04	1.00e+00	2.17e-04	0.00e+00	1.51e-17	4.53e-17	7.57e-17	5.46e-12	1.12e-11	3.00e-51
 8.38427e+14	2.34e-16	2.01e-11	2.43e-07	3.02e-04	9.99e-01	2.03e-04	0.00e+00	1.93e-17	5.80e-17	9.70e-17	6.60e-12	1.35e-11	5.97e-51
 8.66938e+14	3.01e-16	2.44e-11	2.78e-07	3.25e-04	9.99e-01	1.89e-04	0.00e+00	2.48e-17	7.46e-17	1.25e-16	8.01e-12	1.64e-11	1.20e-50
 8.91498e+14	3.70e-16	2.87e-11	3.12e-07	3.45e-04	9.99e-01	1.78e-04	0.00e+00	3.06e-17	9.19e-17	1.53e-16	9.41e-12	1.93e-11	2.14e-50
 9.17607e+14	4.58e-16	3.39e-11	3.51e-07	3.67e-04	9.99e-01	1.67e-04	0.00e+00	3.78e-17	1.14e-16	1.90e-16	1.11e-11	2.28e-11	3.87e-50
 9.51027e+14	5.97e-16	4.16e-11	4.06e-07	3.97e-04	9.99e-01	1.54e-04	0.00e+00	4.93e-17	1.48e-16	2.48e-16	1.36e-11	2.80e-11	8.12e-50
 9.85457e+14	7.74e-16	5.10e-11	4.70e-07	4.30e-04	9.99e-01	1.43e-04	0.00e+00	6.40e-17	1.92e-16	3.21e-16	1.67e-11	3.43e-11	1.69e-49
 1.01491e+15	9.59e-16	6.03e-11	5.30e-07	4.59e-04	9.99e-01	1.34e-04	0.00e+00	7.94e-17	2.39e-16	3.99e-16	1.97e-11	4.06e-11	3.10e-49
 1.04640e+15	1.19e-15	7.17e-11	6.01e-07	4.91e-04	9.99e-01	1.25e-04	0.00e+00	9.89e-17	2.97e-16	4.96e-16	2.34e-11	4.82e-11	5.74e-49
 1.08550e+15	1.55e-15	8.82e-11	6.98e-07	5.33e-04	9.99e-01	1.15e-04	0.00e+00	1.29e-16	3.87e-16	6.47e-16	2.89e-11	5.94e-11	1.22e-48
 1.12558e+15	2.01e-15	1.08e-10	8.10e-07	5.78e-04	9.99e-01	1.06e-04	0.00e+00	1.67e-16	5.02e-16	8.38e-16	3.54e-11	7.28e-11	2.55e-48
 1.16119e+15	2.51e-15	1.29e-10	9.20e-07	6.20e-04	9.99e-01	9.93e-05	0.00e+00	2.08e-16	6.26e-16	1.05e-15	4.21e-11	8.67e-11	4.80e-48
 1.19991e+15	3.15e-15	1.54e-10	1.05e-06	6.68e-04	9.99e-01	9.22e-05	0.00e+00	2.62e-16	7.86e-16	1.31e-15	5.05e-11	1.04e-10	9.24e-48
 1.24624e+15	4.11e-15	1.91e-10	1.23e-06	7.28e-04	9.99e-01	8.48e-05	0.00e+00	3.42e-16	1.03e-15	1.72e-15	6.24e-11	1.28e-10	2.00e-47
 1.29198e+15	5.26e-15	2.33e-10	1.42e-06	7.90e-04	9.99e-01	7.82e-05	0.00e+00	4.39e-16	1.32e-15	2.20e-15	7.61e-11	1.57e-10	4.15e-47
 1.33303e+15	6.51e-15	2.76e-10	1.62e-06	8.48e-04	9.99e-01	7.28e-05	0.00e+00	5.43e-16	1.63e-15	2.73e-15	9.04e-11	1.86e-10	7.78e-47
 1.37848e+15	8.19e-15	3.32e-10	1.85e-06	9.16e-04	9.99e-01	6.76e-05	0.00e+00	6.84e-16	2.05e-15	3.43e-15	1.09e-10	2.24e-10	1.54e-46
 1.43226e+15	1.06e-14	4.10e-10	2.17e-06	9.99e-04	9.99e-01	6.20e-05	0.00e+00	8.88e-16	2.67e-15	4.45e-15	1.34e-10	2.76e-10	3.33e-46
 1.48546e+15	1.36e-14	5.00e-10	2.51e-06	1.09e-03	9.99e-01	5.71e-05	0.00e+00	1.14e-15	3.41e-15	5.70e-15	1.63e-10	3.36e-10	6.96e-46
 1.53450e+15	1.68e-14	5.96e-10	2.87e-06	1.17e-03	9.99e-01	5.30e-05	0.00e+00	1.41e-15	4.24e-15	7.08e-15	1.95e-10	4.01e-10	1.34e-45
 1.58955e+15	2.13e-14	7.22e-10	3.31e-06	1.27e-03	9.99e-01	4.90e-05	0.00e+00	1.79e-15	5.37e-15	8.96e-15	2.36e-10	4.86e-10	2.74e-45
 1.65310e+15	2.66e-14	8.92e-10	3.87e-06	1.39e-03	9.99e-01	4.48e-05	0.00e+00	2.24e-15	6.71e-15	1.12e-14	2.92e-10	6.00e-10	6.00e-45
 1.71522e+15	3.37e-14	1.09e-09	4.50e-06	1.51e-03	9.98e-01	4.12e-05	0.00e+00	2.84e-15	8.51e-15	1.42e-14	3.56e-10	7.32e-10	1.27e-44
 1.77459e+15	4.19e-14	1.31e-09	5.16e-06	1.63e-03	9.98e-01	3.82e-05	0.00e+00	3.53e-15	1.06e-14	1.77e-14	4.28e-10	8.79e-10	2.54e-44
 1.84035e+15	5.28e-14	1.59e-09	5.97e-06	1.78e-03	9.98e-01	3.52e-05	0.00e+00	4.45e-15	1.34e-14	2.23e-14	5.20e-10	1.07e-09	5.35e-44
 1.90227e+15	6.48e-14	1.90e-09	6.83e-06	1.92e-03	9.98e-01	3.27e-05	0.00e+00	5.48e-15	1.65e-14	2.75e-14	6.21e-10	1.28e-09	1.05e-43
 1.94884e+15	7.55e-14	2.16e-09	7.52e-06	2.03e-03	9.98e-01	3.10e-05	0.00e+00	6.39e-15	1.92e-14	3.20e-14	7.07e-10	1.45e-09	1.72e-43
 1.99657e+15	8.78e-14	2.46e-09	8.29e-06	2.14e-03	9.98e-01	2.93e-05	0.00e+00	7.43e-15	2.23e-14	3.73e-14	8.06e-10	1.65e-09	2.84e-43
 2.05862e+15	1.06e-13	2.90e-09	9.37e-06	2.30e-03	9.98e-01	2.74e-05	0.00e+00	9.00e-15	2.70e-14	4.51e-14	9.50e-10	1.95e-09	5.32e-43
 2.12564e+15	1.29e-13	3.44e-09	1.07e-05	2.48e-03	9.97e-01	2.55e-05	0.00e+00	1.10e-14	3.29e-14	5.50e-14	1.13e-09	2.31e-09	1.05e-42
 2.18573e+15	1.53e-13	3.99e-09	1.19e-05	2.64e-03	9.97e-01	2.40e-05	0.00e+00	1.30e-14	3.91e-14	6.53e-14	1.31e-09	2.68e-09	1.85e-42
 2.25046e+15	1.83e-13	4.67e-09	1.34e-05	2.82e-03	9.97e-01	2.25e-05	0.00e+00	1.56e-14	4.68e-14	7.81e-14	1.53e-09	3.14e-09	3.42e-42
 2.33280e+15	2.28e-13	5.67e-09	1.55e-05	3.06e-03	9.97e-01	2.08e-05	0.00e+00	1.94e-14	5.83e-14	9.74e-14	1.86e-09	3.81e-09	7.38e-42
 2.41591e+15	2.81e-13	6.84e-09	1.78e-05	3.32e-03	9.97e-01	1.92e-05	0.00e+00	2.40e-14	7.20e-14	1.20e-13	2.24e-09	4.60e-09	1.55e-41
 2.48566e+15	3.33e-13	7.96e-09	1.99e-05	3.54e-03	9.96e-01	1.81e-05	0.00e+00	2.85e-14	8.55e-14	1.43e-13	2.61e-09	5.35e-09	2.84e-41
 2.56015e+15	3.98e-13	9.34e-09	2.24e-05	3.79e-03	9.96e-01	1.70e-05	0.00e+00	3.40e-14	1.02e-13	1.70e-13	3.07e-09	6.27e-09	5.34e-41
 2.65431e+15	4.94e-13	1.14e-08	2.59e-05	4.11e-03	9.96e-01	1.57e-05	0.00e+00	4.23e-14	1.27e-13	2.12e-13	3.73e-09	7.63e-09	1.14e-40
 2.75329e+15	6.12e-13	1.38e-08	3.00e-05	4.47e-03	9.95e-01	1.45e-05	0.00e+00	5.24e-14	1.57e-13	2.63e-13	4.55e-09	9.29e-09	2.49e-40
 2.84250e+15	7.38e-13	1.64e-08	3.40e-05	4.81e-03	9.95e-01	1.36e-05	0.00e+00	6.34e-14	1.90e-13	3.18e-13	5.40e-09	1.10e-08	4.92e-40
 2.93976e+15	9.01e-13	1.97e-08	3.89e-05	5.19e-03	9.95e-01	1.26e-05	0.00e+00	7.74e-14	2.32e-13	3.88e-13	6.48e-09	1.32e-08	1.01e-39
 3.05464e+15	1.12e-12	2.43e-08	4.53e-05	5.66e-03	9.94e-01	1.17e-05	0.00e+00	9.68e-14	2.91e-13	4.85e-13	8.00e-09	1.63e-08	2.31e-39
 3.16704e+15	1.38e-12	2.96e-08	5.23e-05	6.15e-03	9.94e-01	1.09e-05	0.00e+00	1.19e-13	3.57e-13	5.97e-13	9.74e-09	1.99e-08	5.00e-39
 3.26941e+15	1.67e-12	3.52e-08	5.94e-05	6.60e-03	9.93e-01	1.02e-05	0.00e+00	1.44e-13	4.32e-13	7.21e-13	1.16e-08	2.36e-08	9.85e-39
 3.38413e+15	2.04e-12	4.25e-08	6.81e-05	7.14e-03	9.93e-01	9.51e-06	0.00e+00	1.76e-13	5.28e-13	8.81e-13	1.40e-08	2.85e-08	2.06e-38
 3.51797e+15	2.55e-12	5.25e-08	7.95e-05	7.80e-03	9.92e-01	8.81e-06	0.00e+00	2.20e-13	6.61e-13	1.10e-12	1.73e-08	3.52e-08	4.72e-38
 3.64974e+15	3.14e-12	6.43e-08	9.21e-05	8.47e-03	9.91e-01	8.22e-06	0.00e+00	2.72e-13	8.16e-13	1.36e-12	2.12e-08	4.31e-08	1.02e-37
 3.77384e+15	3.79e-12	7.74e-08	1.05e-04	9.14e-03	9.91e-01	7.72e-06	0.00e+00	3.29e-13	9.87e-13	1.65e-12	2.55e-08	5.19e-08	2.06e-37
 3.91189e+15	4.66e-12	9.43e-08	1.22e-04	9.91e-03	9.90e-01	7.23e-06	0.00e+00	4.04e-13	1.21e-12	2.03e-12	3.11e-08	6.32e-08	4.43e-37
 4.04345e+15	5.59e-12	1.13e-07	1.39e-04	1.07e-02	9.89e-01	6.82e-06	0.00e+00	4.86e-13	1.46e-12	2.44e-12	3.73e-08	7.58e-08	8.83e-37
 4.14146e+15	6.30e-12	1.29e-07	1.53e-04	1.13e-02	9.89e-01	6.56e-06	0.00e+00	5.48e-13	1.64e-12	2.74e-12	4.26e-08	8.65e-08	1.44e-36
 4.24075e+15	7.25e-12	1.47e-07	1.68e-04	1.19e-02	9.88e-01	6.30e-06	0.00e+00	6.31e-13	1.89e-12	3.16e-12	4.86e-08	9.87e-08	2.38e-36
 4.36982e+15	8.67e-12	1.74e-07	1.89e-04	1.27e-02	9.87e-01	5.98e-06	0.00e+00	7.56e-13	2.27e-12	3.78e-12	5.74e-08	1.17e-07	4.46e-36
 4.50986e+15	1.04e-11	2.07e-07	2.15e-04	1.37e-02	9.86e-01	5.67e-06	0.00e+00	9.06e-13	2.72e-12	4.54e-12	6.84e-08	1.39e-07	8.55e-36
 4.63569e+15	1.22e-11	2.41e-07	2.40e-04	1.45e-02	9.85e-01	5.44e-06	0.00e+00	1.06e-12	3.19e-12	5.33e-12	7.97e-08	1.62e-07	1.49e-35
 4.77081e+15	1.44e-11	2.83e-07	2.69e-04	1.55e-02	9.84e-01	5.20e-06	0.00e+00	1.26e-12	3.78e-12	6.30e-12	9.36e-08	1.90e-07	2.71e-35
 4.94414e+15	1.78e-11	3.47e-07	3.11e-04	1.68e-02	9.83e-01	4.94e-06	0.00e+00	1.56e-12	4.68e-12	7.80e-12	1.15e-07	2.32e-07	5.69e-35
 5.11886e+15	2.17e-11	4.21e-07	3.58e-04	1.82e-02	9.81e-01	4.70e-06	0.00e+00	1.90e-12	5.70e-12	9.52e-12	1.39e-07	2.82e-07	1.15e-34
 5.26252e+15	2.55e-11	4.92e-07	4.00e-04	1.94e-02	9.80e-01	4.53e-06	0.00e+00	2.23e-12	6.70e-12	1.12e-11	1.63e-07	3.29e-07	2.01e-34
 5.41412e+15	3.03e-11	5.78e-07	4.49e-04	2.07e-02	9.79e-01	4.36e-06	0.00e+00	2.66e-12	7.98e-12	1.33e-11	1.91e-07	3.87e-07	3.59e-34
 5.60982e+15	3.76e-11	7.08e-07	5.19e-04	2.24e-02	9.77e-01	4.15e-06	0.00e+00	3.30e-12	9.92e-12	1.65e-11	2.34e-07	4.74e-07	7.45e-34
 5.81462e+15	4.65e-11	8.67e-07	6.00e-04	2.43e-02	9.75e-01	3.97e-06	0.00e+00	4.09e-12	1.23e-11	2.05e-11	2.87e-07	5.80e-07	1.52e-33
 5.99227e+15	5.59e-11	1.03e-06	6.78e-04	2.61e-02	9.73e-01	3.85e-06	0.00e+00	4.92e-12	1.48e-11	2.46e-11	3.41e-07	6.89e-07	2.76e-33
 6.18287e+15	6.81e-11	1.23e-06	7.71e-04	2.80e-02	9.71e-01	3.71e-06	0.00e+00	6.00e-12	1.80e-11	3.00e-11	4.08e-07	8.25e-07	5.16e-33
 6.41642e+15	8.59e-11	1.53e-06	8.99e-04	3.05e-02	9.69e-01	3.57e-06	0.00e+00	7.58e-12	2.27e-11	3.79e-11	5.06e-07	1.02e-06	1.09e-32
 6.64710e+15	1.06e-10	1.86e-06	1.04e-03	3.31e-02	9.66e-01	3.44e-06	0.00e+00	9.36e-12	2.81e-11	4.68e-11	6.17e-07	1.25e-06	2.14e-32
 6.84593e+15	1.28e-10	2.21e-06	1.17e-03	3.55e-02	9.63e-01	3.36e-06	0.00e+00	1.13e-11	3.39e-11	5.65e-11	7.32e-07	1.48e-06	3.77e-32
 7.06209e+15	1.57e-10	2.65e-06	1.33e-03	3.81e-02	9.61e-01	3.26e-06	0.00e+00	1.39e-11	4.16e-11	6.94e-11	8.78e-07	1.77e-06	6.83e-32
 7.32796e+15	1.97e-10	3.29e-06	1.56e-03	4.16e-02	9.57e-01	3.14e-06	0.00e+00	1.75e-11	5.25e-11	8.76e-11	1.09e-06	2.20e-06	1.40e-31
 7.58713e+15	2.45e-10	4.01e-06	1.80e-03	4.51e-02	9.53e-01	3.05e-06	0.00e+00	2.18e-11	6.53e-11	1.09e-10	1.33e-06	2.68e-06	2.68e-31
 7.78554e+15	2.89e-10	4.65e-06	2.00e-03	4.80e-02	9.50e-01	3.01e-06	0.00e+00	2.57e-11	7.71e-11	1.29e-10	1.54e-06	3.11e-06	4.28e-31
 7.97630e+15	3.41e-10	5.37e-06	2.22e-03	5.08e-02	9.47e-01	2.96e-06	0.00e+00	3.03e-11	9.09e-11	1.52e-10	1.78e-06	3.59e-06	6.84e-31
 8.22429e+15	4.20e-10	6.45e-06	2.54e-03	5.48e-02	9.43e-01	2.89e-06	0.00e+00	3.74e-11	1.12e-10	1.87e-10	2.14e-06	4.31e-06	1.23e-30
 8.47512e+15	5.05e-10	7.66e-06	2.88e-03	5.88e-02	9.38e-01	2.82e-06	0.00e+00	4.50e-11	1.35e-10	2.25e-10	2.54e-06	5.12e-06	2.12e-30
 8.68454e+15	6.00e-10	8.85e-06	3.20e-03	6.24e-02	9.34e-01	2.78e-06	0.00e+00	5.35e-11	1.60e-10	2.67e-10	2.94e-06	5.91e-06	3.29e-30
 8.91168e+15	7.14e-10	1.04e-05	3.58e-03	6.65e-02	9.30e-01	2.73e-06	0.00e+00	6.37e-11	1.91e-10	3.19e-10	3.43e-06	6.92e-06	5.39e-30
 9.16692e+15	8.61e-10	1.22e-05	4.06e-03	7.13e-02	9.25e-01	2.67e-06	0.00e+00	7.69e-11	2.31e-10	3.85e-10	4.06e-06	8.18e-06	9.04e-30
 9.41389e+15	1.04e-09	1.44e-05	4.57e-03	7.62e-02	9.19e-01	2.64e-06	0.00e+00	9.33e-11	2.80e-10	4.67e-10	4.77e-06	9.60e-06	1.46e-29
 9.69014e+15	1.29e-09	1.72e-05	5.21e-03	8.20e-02	9.13e-01	2.60e-06	0.00e+00	1.15e-10	3.46e-10	5.78e-10	5.71e-06	1.15e-05	2.53e-29
 9.98674e+15	1.59e-09	2.07e-05	5.98e-03	8.86e-02	9.05e-01	2.55e-06	0.00e+00	1.42e-10	4.27e-10	7.12e-10	6.86e-06	1.38e-05	4.34e-29
 1.02456e+16	1.90e-09	2.41e-05	6.72e-03	9.45e-02	8.99e-01	2.52e-06	0.00e+00	1.71e-10	5.12e-10	8.54e-10	8.02e-06	1.61e-05	6.80e-29
 1.05179e+16	2.31e-09	2.86e-05	7.61e-03	1.01e-01	8.91e-01	2.47e-06	0.00e+00	2.08e-10	6.22e-10	1.04e-09	9.50e-06	1.91e-05	1.12e-28
 1.08174e+16	2.86e-09	3.41e-05	8.71e-03	1.09e-01	8.82e-01	2.43e-06	0.00e+00	2.57e-10	7.71e-10	1.29e-09	1.13e-05	2.28e-05	1.87e-28
 1.10909e+16	3.45e-09	4.00e-05	9.82e-03	1.16e-01	8.74e-01	2.41e-06	0.00e+00	3.11e-10	9.33e-10	1.55e-09	1.33e-05	2.67e-05	2.90e-28
 1.13848e+16	4.23e-09	4.77e-05	1.12e-02	1.25e-01	8.64e-01	2.37e-06	0.00e+00	3.82e-10	1.15e-09	1.91e-09	1.59e-05	3.18e-05	4.81e-28
 1.17026e+16	5.30e-09	5.72e-05	1.29e-02	1.35e-01	8.52e-01	2.34e-06	0.00e+00	4.79e-10	1.44e-09	2.40e-09	1.90e-05	3.82e-05	7.97e-28
 1.19849e+16	6.38e-09	6.70e-05	1.46e-02	1.44e-01	8.41e-01	2.31e-06	0.00e+00	5.76e-10	1.73e-09	2.88e-09	2.23e-05	4.48e-05	1.22e-27
 1.22336e+16	7.54e-09	7.72e-05	1.63e-02	1.53e-01	8.31e-01	2.29e-06	0.00e+00	6.82e-10	2.05e-09	3.41e-09	2.57e-05	5.15e-05	1.79e-27
 1.25050e+16	9.19e-09	9.08e-05	1.84e-02	1.63e-01	8.19e-01	2.26e-06	0.00e+00	8.33e-10	2.50e-09	4.16e-09	3.02e-05	6.06e-05	2.80e-27
 1.27982e+16	1.14e-08	1.07e-04	2.09e-02	1.74e-01	8.05e-01	2.25e-06	0.00e+00	1.03e-09	3.09e-09	5.15e-09	3.57e-05	7.17e-05	4.41e-27
 1.30571e+16	1.37e-08	1.24e-04	2.35e-02	1.85e-01	7.92e-01	2.23e-06	0.00e+00	1.24e-09	3.72e-09	6.20e-09	4.14e-05	8.30e-05	6.48e-27
 1.32914e+16	1.62e-08	1.43e-04	2.61e-02	1.95e-01	7.79e-01	2.22e-06	0.00e+00	1.47e-09	4.40e-09	7.34e-09	4.74e-05	9.51e-05	9.31e-27
 1.35562e+16	1.95e-08	1.67e-04	2.96e-02	2.07e-01	7.63e-01	2.20e-06	0.00e+00	1.77e-09	5.32e-09	8.87e-09	5.56e-05	1.11e-04	1.43e-26
 1.38405e+16	2.42e-08	1.98e-04	3.37e-02	2.21e-01	7.45e-01	2.19e-06	0.00e+00	2.20e-09	6.61e-09	1.10e-08	6.59e-05	1.32e-04	2.25e-26
 1.40872e+16	2.92e-08	2.29e-04	3.78e-02	2.34e-01	7.28e-01	2.19e-06	0.00e+00	2.66e-09	7.98e-09	1.33e-08	7.63e-05	1.53e-04	3.29e-26
 1.43089e+16	3.42e-08	2.62e-04	4.21e-02	2.46e-01	7.12e-01	2.18e-06	0.00e+00	3.12e-09	9.36e-09	1.56e-08	8.71e-05	1.74e-04	4.64e-26
 1.45607e+16	4.24e-08	3.09e-04	4.78e-02	2.61e-01	6.91e-01	2.17e-06	0.00e+00	3.87e-09	1.16e-08	1.94e-08	1.03e-04	2.06e-04	7.38e-26
 1.48263e+16	5.18e-08	3.63e-04	5.44e-02	2.77e-01	6.68e-01	2.16e-06	0.00e+00	4.73e-09	1.42e-08	2.37e-08	1.21e-04	2.42e-04	1.11e-25
 1.50548e+16	6.23e-08	4.20e-04	6.10e-02	2.92e-01	6.47e-01	2.17e-06	0.00e+00	5.70e-09	1.71e-08	2.85e-08	1.40e-04	2.80e-04	1.64e-25
 1.52609e+16	7.54e-08	4.84e-04	6.80e-02	3.06e-01	6.26e-01	2.19e-06	0.00e+00	6.90e-09	2.07e-08	3.45e-08	1.61e-04	3.23e-04	2.42e-25
 1.54609e+16	8.86e-08	5.52e-04	7.55e-02	3.20e-01	6.04e-01	2.19e-06	4.87e-12	8.11e-09	2.43e-08	4.05e-08	1.84e-04	3.68e-04	3.42e-25
 1.56894e+16	1.10e-07	6.55e-04	8.58e-02	3.38e-01	5.76e-01	2.20e-06	0.00e+00	1.01e-08	3.02e-08	5.04e-08	2.18e-04	4.37e-04	5.58e-25
 1.59238e+16	1.36e-07	7.71e-04	9.76e-02	3.55e-01	5.46e-01	2.23e-06	0.00e+00	1.25e-08	3.75e-08	6.26e-08	2.57e-04	5.15e-04	8.74e-25
 1.61137e+16	1.63e-07	8.84e-04	1.09e-01	3.70e-01	5.20e-01	2.25e-06	6.12e-12	1.50e-08	4.49e-08	7.48e-08	2.94e-04	5.89e-04	1.26e-24
 1.62806e+16	1.93e-07	9.97e-04	1.19e-01	3.84e-01	4.96e-01	2.28e-06	0.00e+00	1.77e-08	5.30e-08	8.84e-08	3.32e-04	6.65e-04	1.76e-24
 1.64697e+16	2.32e-07	1.16e-03	1.34e-01	4.00e-01	4.65e-01	2.29e-06	7.16e-12	2.13e-08	6.40e-08	1.07e-07	3.86e-04	7.72e-04	2.72e-24
 1.66675e+16	2.84e-07	1.32e-03	1.50e-01	4.16e-01	4.33e-01	2.28e-06	0.00e+00	2.61e-08	7.84e-08	1.31e-07	4.41e-04	8.83e-04	3.95e-24
 1.68336e+16	3.41e-07	1.54e-03	1.66e-01	4.30e-01	4.02e-01	2.35e-06	0.00e+00	3.14e-08	9.42e-08	1.57e-07	5.13e-04	1.03e-03	6.33e-24
 1.69727e+16	3.97e-07	1.74e-03	1.81e-01	4.42e-01	3.75e-01	2.39e-06	9.87e-12	3.65e-08	1.10e-07	1.83e-07	5.79e-04	1.16e-03	9.21e-24
