#depth	O	O+	O+2	O+3	O+4	O+5	O+6	O+7	O+8	O[1]	O[2]	O[3]
 1.49634e+10	7.23e-25	5.76e-12	6.82e-04	9.99e-01	7.60e-04	3.68e-15	0.00e+00	0.00e+00	0.00e+00	0.00e+00	0.00e+00	0.00e+00
 4.54887e+10	9.48e-25	6.99e-12	7.66e-04	9.99e-01	7.02e-04	0.00e+00	0.00e+00	0.00e+00	0.00e+00	0.00e+00	0.00e+00	0.00e+00
 7.72350e+10	1.20e-24	8.20e-12	8.30e-04	9.99e-01	6.48e-04	0.00e+00	0.00e+00	0.00e+00	0.00e+00	0.00e+00	0.00e+00	0.00e+00
 1.10251e+11	1.53e-24	9.69e-12	9.06e-04	9.98e-01	5.99e-04	0.00e+00	0.00e+00	0.00e+00	0.00e+00	0.00e+00	0.00e+00	0.00e+00
 1.44588e+11	1.97e-24	1.16e-11	1.00e-03	9.98e-01	5.54e-04	0.00e+00	0.00e+00	0.00e+00	0.00e+00	0.00e+00	0.00e+00	0.00e+00
 1.80298e+11	2.52e-24	1.37e-11	1.09e-03	9.98e-01	5.11e-04	0.00e+00	0.00e+00	0.00e+00	0.00e+00	0.00e+00	0.00e+00	0.00e+00
 2.17437e+11	3.20e-24	1.61e-11	1.19e-03	9.98e-01	4.72e-04	0.00e+00	0.00e+00	0.00e+00	0.00e+00	0.00e+00	0.00e+00	0.00e+00
 2.56061e+11	4.08e-24	1.90e-11	1.30e-03	9.98e-01	4.36e-04	0.00e+00	0.00e+00	0.00e+00	0.00e+00	0.00e+00	0.00e+00	0.00e+00
 2.96231e+11	5.19e-24	2.24e-11	1.41e-03	9.98e-01	4.03e-04	0.00e+00	0.00e+00	0.00e+00	0.00e+00	0.00e+00	0.00e+00	0.00e+00
 3.38007e+11	6.60e-24	2.64e-11	1.54e-03	9.98e-01	3.72e-04	0.00e+00	0.00e+00	0.00e+00	0.00e+00	0.00e+00	0.00e+00	0.00e+00
 3.81454e+11	8.41e-24	3.11e-11	1.67e-03	9.98e-01	3.44e-04	0.00e+00	0.00e+00	0.00e+00	0.00e+00	0.00e+00	0.00e+00	0.00e+00
 4.26639e+11	1.07e-23	3.66e-11	1.82e-03	9.98e-01	3.18e-04	0.00e+00	0.00e+00	0.00e+00	0.00e+00	0.00e+00	0.00e+00	0.00e+00
 4.73631e+11	1.36e-23	4.32e-11	1.99e-03	9.98e-01	2.94e-04	0.00e+00	0.00e+00	0.00e+00	0.00e+00	0.00e+00	0.00e+00	0.00e+00
 5.22503e+11	1.73e-23	5.09e-11	2.16e-03	9.98e-01	2.71e-04	0.00e+00	0.00e+00	0.00e+00	0.00e+00	0.00e+00	0.00e+00	0.00e+00
 5.73330e+11	2.21e-23	6.00e-11	2.36e-03	9.97e-01	2.51e-04	0.00e+00	0.00e+00	0.00e+00	0.00e+00	0.00e+00	0.00e+00	0.00e+00
 6.26190e+11	2.81e-23	7.07e-11	2.57e-03	9.97e-01	2.31e-04	0.00e+00	0.00e+00	0.00e+00	0.00e+00	0.00e+00	0.00e+00	0.00e+00
 6.81164e+11	3.58e-23	8.34e-11	2.80e-03	9.97e-01	2.14e-04	0.00e+00	0.00e+00	0.00e+00	0.00e+00	0.00e+00	0.00e+00	0.00e+00
 7.38337e+11	4.55e-23	9.83e-11	3.05e-03	9.97e-01	1.97e-04	0.00e+00	0.00e+00	0.00e+00	0.00e+00	0.00e+00	0.00e+00	0.00e+00
 7.97798e+11	5.80e-23	1.16e-10	3.32e-03	9.96e-01	1.82e-04	0.00e+00	0.00e+00	0.00e+00	0.00e+00	0.00e+00	0.00e+00	0.00e+00
 8.59636e+11	7.38e-23	1.37e-10	3.62e-03	9.96e-01	1.68e-04	0.00e+00	0.00e+00	0.00e+00	0.00e+00	0.00e+00	0.00e+00	0.00e+00
 9.23949e+11	9.39e-23	1.61e-10	3.94e-03	9.96e-01	1.55e-04	0.00e+00	0.00e+00	0.00e+00	0.00e+00	0.00e+00	0.00e+00	0.00e+00
 9.90833e+11	1.19e-22	1.90e-10	4.29e-03	9.96e-01	1.43e-04	0.00e+00	0.00e+00	0.00e+00	0.00e+00	0.00e+00	0.00e+00	0.00e+00
 1.06039e+12	1.52e-22	2.24e-10	4.67e-03	9.95e-01	1.32e-04	0.00e+00	0.00e+00	0.00e+00	0.00e+00	0.00e+00	0.00e+00	0.00e+00
 1.13274e+12	1.93e-22	2.64e-10	5.08e-03	9.95e-01	1.22e-04	0.00e+00	0.00e+00	0.00e+00	0.00e+00	0.00e+00	0.00e+00	0.00e+00
 1.20797e+12	2.46e-22	3.11e-10	5.53e-03	9.94e-01	1.13e-04	0.00e+00	0.00e+00	0.00e+00	0.00e+00	0.00e+00	0.00e+00	0.00e+00
 1.28622e+12	3.13e-22	3.66e-10	6.02e-03	9.94e-01	1.04e-04	0.00e+00	0.00e+00	0.00e+00	0.00e+00	0.00e+00	0.00e+00	0.00e+00
 1.36759e+12	3.97e-22	4.31e-10	6.55e-03	9.93e-01	9.61e-05	0.00e+00	0.00e+00	0.00e+00	0.00e+00	0.00e+00	0.00e+00	0.00e+00
 1.45222e+12	5.05e-22	5.08e-10	7.13e-03	9.93e-01	8.86e-05	0.00e+00	0.00e+00	0.00e+00	0.00e+00	0.00e+00	0.00e+00	0.00e+00
 1.54024e+12	6.42e-22	5.99e-10	7.75e-03	9.92e-01	8.18e-05	0.00e+00	0.00e+00	0.00e+00	0.00e+00	0.00e+00	0.00e+00	0.00e+00
 1.63178e+12	8.16e-22	7.06e-10	8.43e-03	9.91e-01	7.54e-05	0.00e+00	0.00e+00	0.00e+00	0.00e+00	0.00e+00	0.00e+00	0.00e+00
 1.72697e+12	1.04e-21	8.31e-10	9.17e-03	9.91e-01	6.96e-05	0.00e+00	0.00e+00	0.00e+00	0.00e+00	0.00e+00	0.00e+00	0.00e+00
 1.82598e+12	1.32e-21	9.79e-10	9.97e-03	9.90e-01	6.41e-05	0.00e+00	0.00e+00	0.00e+00	0.00e+00	0.00e+00	0.00e+00	0.00e+00
 1.92895e+12	1.67e-21	1.15e-09	1.08e-02	9.89e-01	5.91e-05	0.00e+00	0.00e+00	0.00e+00	0.00e+00	0.00e+00	0.00e+00	0.00e+00
 2.03603e+12	2.13e-21	1.36e-09	1.18e-02	9.88e-01	5.45e-05	0.00e+00	0.00e+00	0.00e+00	0.00e+00	0.00e+00	0.00e+00	0.00e+00
 2.14740e+12	2.70e-21	1.60e-09	1.28e-02	9.87e-01	5.02e-05	0.00e+00	0.00e+00	0.00e+00	0.00e+00	0.00e+00	0.00e+00	0.00e+00
 2.26322e+12	3.44e-21	1.89e-09	1.39e-02	9.86e-01	4.63e-05	0.00e+00	0.00e+00	0.00e+00	0.00e+00	0.00e+00	0.00e+00	0.00e+00
 2.38368e+12	4.37e-21	2.22e-09	1.51e-02	9.85e-01	4.26e-05	0.00e+00	0.00e+00	0.00e+00	0.00e+00	0.00e+00	0.00e+00	0.00e+00
 2.50895e+12	5.55e-21	2.62e-09	1.64e-02	9.84e-01	3.92e-05	0.00e+00	0.00e+00	0.00e+00	0.00e+00	0.00e+00	0.00e+00	0.00e+00
 2.63924e+12	7.05e-21	3.08e-09	1.78e-02	9.82e-01	3.61e-05	0.00e+00	0.00e+00	0.00e+00	0.00e+00	0.00e+00	0.00e+00	0.00e+00
 2.77473e+12	8.96e-21	3.63e-09	1.94e-02	9.81e-01	3.32e-05	0.00e+00	0.00e+00	0.00e+00	0.00e+00	0.00e+00	0.00e+00	0.00e+00
 2.91565e+12	1.14e-20	4.28e-09	2.10e-02	9.79e-01	3.06e-05	0.00e+00	0.00e+00	0.00e+00	0.00e+00	0.00e+00	0.00e+00	0.00e+00
 3.06220e+12	1.45e-20	5.05e-09	2.29e-02	9.77e-01	2.81e-05	0.00e+00	0.00e+00	0.00e+00	0.00e+00	0.00e+00	0.00e+00	0.00e+00
 3.21461e+12	1.84e-20	5.94e-09	2.48e-02	9.75e-01	2.59e-05	0.00e+00	0.00e+00	0.00e+00	0.00e+00	0.00e+00	0.00e+00	0.00e+00
 3.37313e+12	2.34e-20	7.00e-09	2.69e-02	9.73e-01	2.38e-05	0.00e+00	0.00e+00	0.00e+00	0.00e+00	0.00e+00	0.00e+00	0.00e+00
 3.53798e+12	2.98e-20	8.25e-09	2.92e-02	9.71e-01	2.19e-05	0.00e+00	0.00e+00	0.00e+00	0.00e+00	0.00e+00	0.00e+00	0.00e+00
 3.70942e+12	3.79e-20	9.73e-09	3.17e-02	9.68e-01	2.01e-05	0.00e+00	0.00e+00	0.00e+00	0.00e+00	0.00e+00	0.00e+00	0.00e+00
 3.88773e+12	4.82e-20	1.15e-08	3.44e-02	9.66e-01	1.85e-05	0.00e+00	0.00e+00	0.00e+00	0.00e+00	0.00e+00	0.00e+00	0.00e+00
 4.07316e+12	6.14e-20	1.35e-08	3.74e-02	9.63e-01	1.69e-05	0.00e+00	0.00e+00	0.00e+00	0.00e+00	0.00e+00	0.00e+00	0.00e+00
 4.26602e+12	7.82e-20	1.59e-08	4.05e-02	9.59e-01	1.56e-05	0.00e+00	0.00e+00	0.00e+00	0.00e+00	0.00e+00	0.00e+00	0.00e+00
 4.46658e+12	9.95e-20	1.87e-08	4.39e-02	9.56e-01	1.43e-05	0.00e+00	0.00e+00	0.00e+00	0.00e+00	0.00e+00	0.00e+00	0.00e+00
 4.67517e+12	1.27e-19	2.21e-08	4.76e-02	9.52e-01	1.31e-05	0.00e+00	0.00e+00	0.00e+00	0.00e+00	0.00e+00	0.00e+00	0.00e+00
 4.89211e+12	1.61e-19	2.60e-08	5.16e-02	9.48e-01	1.20e-05	0.00e+00	0.00e+00	0.00e+00	0.00e+00	0.00e+00	0.00e+00	0.00e+00
 5.11772e+12	2.05e-19	3.06e-08	5.59e-02	9.44e-01	1.10e-05	0.00e+00	0.00e+00	0.00e+00	0.00e+00	0.00e+00	0.00e+00	0.00e+00
 5.35235e+12	2.61e-19	3.60e-08	6.05e-02	9.39e-01	1.01e-05	0.00e+00	0.00e+00	0.00e+00	0.00e+00	0.00e+00	0.00e+00	0.00e+00
 5.59638e+12	3.33e-19	4.23e-08	6.55e-02	9.35e-01	9.22e-06	0.00e+00	0.00e+00	0.00e+00	0.00e+00	0.00e+00	0.00e+00	0.00e+00
 5.85016e+12	4.24e-19	4.98e-08	7.08e-02	9.29e-01	8.43e-06	0.00e+00	0.00e+00	0.00e+00	0.00e+00	0.00e+00	0.00e+00	0.00e+00
 6.11409e+12	5.39e-19	5.85e-08	7.66e-02	9.23e-01	7.71e-06	0.00e+00	0.00e+00	0.00e+00	0.00e+00	0.00e+00	0.00e+00	0.00e+00
 6.38858e+12	6.86e-19	6.87e-08	8.27e-02	9.17e-01	7.05e-06	0.00e+00	0.00e+00	0.00e+00	0.00e+00	0.00e+00	0.00e+00	0.00e+00
 6.67405e+12	8.72e-19	8.07e-08	8.93e-02	9.11e-01	6.44e-06	0.00e+00	0.00e+00	0.00e+00	0.00e+00	0.00e+00	0.00e+00	0.00e+00
 6.97094e+12	1.11e-18	9.46e-08	9.64e-02	9.04e-01	5.88e-06	0.00e+00	0.00e+00	0.00e+00	0.00e+00	0.00e+00	0.00e+00	0.00e+00
 7.27970e+12	1.41e-18	1.11e-07	1.04e-01	8.96e-01	5.37e-06	0.00e+00	0.00e+00	0.00e+00	0.00e+00	0.00e+00	0.00e+00	0.00e+00
 7.60082e+12	1.79e-18	1.30e-07	1.12e-01	8.88e-01	4.90e-06	0.00e+00	0.00e+00	0.00e+00	0.00e+00	0.00e+00	0.00e+00	0.00e+00
 7.93478e+12	2.27e-18	1.52e-07	1.20e-01	8.80e-01	4.46e-06	0.00e+00	0.00e+00	0.00e+00	0.00e+00	0.00e+00	0.00e+00	0.00e+00
 8.28210e+12	2.87e-18	1.78e-07	1.30e-01	8.70e-01	4.07e-06	0.00e+00	0.00e+00	0.00e+00	0.00e+00	0.00e+00	0.00e+00	0.00e+00
 8.64331e+12	3.63e-18	2.07e-07	1.39e-01	8.61e-01	3.70e-06	0.00e+00	0.00e+00	0.00e+00	0.00e+00	0.00e+00	0.00e+00	0.00e+00
 9.01897e+12	4.59e-18	2.42e-07	1.49e-01	8.51e-01	3.37e-06	0.00e+00	0.00e+00	0.00e+00	0.00e+00	0.00e+00	0.00e+00	0.00e+00
 9.40965e+12	5.80e-18	2.82e-07	1.60e-01	8.40e-01	3.06e-06	0.00e+00	0.00e+00	0.00e+00	0.00e+00	0.00e+00	0.00e+00	0.00e+00
 9.81596e+12	7.31e-18	3.28e-07	1.72e-01	8.28e-01	2.78e-06	0.00e+00	0.00e+00	0.00e+00	0.00e+00	0.00e+00	0.00e+00	0.00e+00
 1.02385e+13	9.21e-18	3.81e-07	1.84e-01	8.16e-01	2.53e-06	0.00e+00	0.00e+00	0.00e+00	0.00e+00	0.00e+00	0.00e+00	0.00e+00
 1.06780e+13	1.16e-17	4.42e-07	1.96e-01	8.04e-01	2.29e-06	0.00e+00	0.00e+00	0.00e+00	0.00e+00	0.00e+00	0.00e+00	0.00e+00
 1.11350e+13	1.45e-17	5.12e-07	2.10e-01	7.90e-01	2.08e-06	0.00e+00	0.00e+00	0.00e+00	0.00e+00	0.00e+00	0.00e+00	0.00e+00
 1.16104e+13	1.82e-17	5.93e-07	2.24e-01	7.76e-01	1.88e-06	0.00e+00	0.00e+00	0.00e+00	0.00e+00	0.00e+00	0.00e+00	0.00e+00
 1.21047e+13	2.25e-17	6.86e-07	2.38e-01	7.62e-01	1.70e-06	0.00e+00	0.00e+00	0.00e+00	0.00e+00	1.27e-17	6.99e-18	2.82e-18
 1.26188e+13	2.86e-17	7.92e-07	2.54e-01	7.46e-01	1.54e-06	0.00e+00	0.00e+00	0.00e+00	0.00e+00	1.60e-17	9.46e-18	3.15e-18
 1.31535e+13	3.58e-17	9.15e-07	2.70e-01	7.30e-01	1.39e-06	0.00e+00	0.00e+00	0.00e+00	0.00e+00	2.00e-17	1.18e-17	3.94e-18
 1.37096e+13	4.47e-17	1.05e-06	2.88e-01	7.12e-01	1.25e-06	0.00e+00	0.00e+00	0.00e+00	0.00e+00	2.50e-17	1.48e-17	4.91e-18
 1.42879e+13	5.59e-17	1.22e-06	3.06e-01	6.94e-01	1.12e-06	0.00e+00	0.00e+00	0.00e+00	0.00e+00	3.13e-17	1.85e-17	6.15e-18
 1.48893e+13	6.97e-17	1.40e-06	3.25e-01	6.75e-01	1.00e-06	0.00e+00	0.00e+00	0.00e+00	0.00e+00	3.90e-17	2.31e-17	7.67e-18
 1.55148e+13	8.72e-17	1.62e-06	3.45e-01	6.55e-01	8.98e-07	0.00e+00	0.00e+00	0.00e+00	0.00e+00	4.88e-17	2.88e-17	9.59e-18
 1.61653e+13	1.09e-16	1.86e-06	3.66e-01	6.34e-01	0.00e+00	0.00e+00	0.00e+00	0.00e+00	0.00e+00	6.10e-17	3.61e-17	1.20e-17
 1.68419e+13	1.36e-16	2.15e-06	3.89e-01	6.11e-01	0.00e+00	0.00e+00	0.00e+00	0.00e+00	0.00e+00	7.63e-17	4.51e-17	1.50e-17
 1.75455e+13	1.70e-16	2.47e-06	4.11e-01	5.89e-01	0.00e+00	0.00e+00	0.00e+00	0.00e+00	0.00e+00	9.53e-17	5.63e-17	1.87e-17
 1.82772e+13	2.12e-16	2.84e-06	4.34e-01	5.66e-01	0.00e+00	0.00e+00	0.00e+00	0.00e+00	0.00e+00	1.19e-16	7.03e-17	2.34e-17
 1.90383e+13	2.65e-16	3.25e-06	4.58e-01	5.42e-01	0.00e+00	0.00e+00	0.00e+00	0.00e+00	0.00e+00	1.48e-16	8.75e-17	2.91e-17
 1.98297e+13	3.29e-16	3.72e-06	4.82e-01	5.18e-01	0.00e+00	0.00e+00	0.00e+00	0.00e+00	0.00e+00	1.84e-16	1.09e-16	3.62e-17
 2.06528e+13	4.08e-16	4.25e-06	5.05e-01	4.95e-01	0.00e+00	0.00e+00	0.00e+00	0.00e+00	0.00e+00	2.28e-16	1.35e-16	4.49e-17
 2.15089e+13	5.06e-16	4.84e-06	5.29e-01	4.71e-01	0.00e+00	0.00e+00	0.00e+00	0.00e+00	0.00e+00	2.83e-16	1.67e-16	5.56e-17
 2.23991e+13	6.25e-16	5.50e-06	5.53e-01	4.47e-01	0.00e+00	0.00e+00	0.00e+00	0.00e+00	0.00e+00	3.50e-16	2.07e-16	6.88e-17
 2.33250e+13	7.72e-16	6.24e-06	5.77e-01	4.23e-01	0.00e+00	0.00e+00	0.00e+00	0.00e+00	0.00e+00	4.32e-16	2.55e-16	8.49e-17
 2.42880e+13	9.52e-16	7.07e-06	6.00e-01	4.00e-01	0.00e+00	0.00e+00	0.00e+00	0.00e+00	0.00e+00	5.33e-16	3.15e-16	1.05e-16
 2.52894e+13	1.17e-15	8.00e-06	6.23e-01	3.77e-01	0.00e+00	0.00e+00	0.00e+00	0.00e+00	0.00e+00	6.56e-16	3.88e-16	1.29e-16
 2.63309e+13	1.44e-15	9.02e-06	6.45e-01	3.55e-01	0.00e+00	0.00e+00	0.00e+00	0.00e+00	0.00e+00	8.06e-16	4.76e-16	1.58e-16
 2.74141e+13	1.77e-15	1.02e-05	6.67e-01	3.33e-01	0.00e+00	0.00e+00	0.00e+00	0.00e+00	0.00e+00	9.89e-16	5.85e-16	1.95e-16
 2.85406e+13	2.17e-15	1.14e-05	6.88e-01	3.12e-01	0.00e+00	0.00e+00	0.00e+00	0.00e+00	0.00e+00	1.21e-15	7.17e-16	2.38e-16
 2.97121e+13	2.65e-15	1.28e-05	7.09e-01	2.91e-01	0.00e+00	0.00e+00	0.00e+00	0.00e+00	0.00e+00	1.48e-15	8.77e-16	2.92e-16
 3.09305e+13	3.24e-15	1.44e-05	7.29e-01	2.71e-01	0.00e+00	0.00e+00	0.00e+00	0.00e+00	0.00e+00	1.81e-15	1.07e-15	3.56e-16
 3.21977e+13	3.95e-15	1.61e-05	7.48e-01	2.52e-01	0.00e+00	0.00e+00	0.00e+00	0.00e+00	0.00e+00	2.21e-15	1.31e-15	4.34e-16
 3.35155e+13	4.80e-15	1.79e-05	7.66e-01	2.34e-01	0.00e+00	0.00e+00	0.00e+00	0.00e+00	0.00e+00	2.69e-15	1.59e-15	5.28e-16
 3.48861e+13	5.83e-15	2.00e-05	7.83e-01	2.17e-01	0.00e+00	0.00e+00	0.00e+00	0.00e+00	0.00e+00	3.26e-15	1.93e-15	6.41e-16
 3.63114e+13	7.07e-15	2.22e-05	7.99e-01	2.01e-01	0.00e+00	0.00e+00	0.00e+00	0.00e+00	0.00e+00	3.96e-15	2.34e-15	7.78e-16
 3.77938e+13	8.56e-15	2.47e-05	8.14e-01	1.85e-01	0.00e+00	0.00e+00	0.00e+00	0.00e+00	0.00e+00	4.79e-15	2.83e-15	9.41e-16
 3.93355e+13	1.03e-14	2.74e-05	8.29e-01	1.71e-01	0.00e+00	0.00e+00	0.00e+00	0.00e+00	0.00e+00	5.79e-15	3.42e-15	1.14e-15
 4.09388e+13	1.25e-14	3.03e-05	8.43e-01	1.57e-01	0.00e+00	0.00e+00	0.00e+00	0.00e+00	0.00e+00	6.98e-15	4.13e-15	1.37e-15
 4.26063e+13	1.50e-14	3.36e-05	8.56e-01	1.44e-01	0.00e+00	0.00e+00	0.00e+00	0.00e+00	0.00e+00	8.41e-15	4.97e-15	1.65e-15
 4.43405e+13	1.81e-14	3.71e-05	8.68e-01	1.32e-01	0.00e+00	0.00e+00	0.00e+00	0.00e+00	0.00e+00	1.01e-14	5.99e-15	1.99e-15
 4.61441e+13	2.18e-14	4.09e-05	8.79e-01	1.21e-01	0.00e+00	0.00e+00	0.00e+00	0.00e+00	0.00e+00	1.22e-14	7.20e-15	2.39e-15
 4.80197e+13	2.61e-14	4.51e-05	8.90e-01	1.10e-01	0.00e+00	0.00e+00	0.00e+00	0.00e+00	0.00e+00	1.46e-14	8.64e-15	2.87e-15
 4.99705e+13	3.13e-14	4.97e-05	9.00e-01	1.00e-01	0.00e+00	0.00e+00	0.00e+00	0.00e+00	0.00e+00	1.75e-14	1.04e-14	3.44e-15
 5.19992e+13	3.75e-14	5.47e-05	9.09e-01	9.11e-02	0.00e+00	0.00e+00	0.00e+00	0.00e+00	0.00e+00	2.10e-14	1.24e-14	4.13e-15
 5.41091e+13	4.49e-14	6.01e-05	9.17e-01	8.26e-02	0.00e+00	0.00e+00	0.00e+00	0.00e+00	0.00e+00	2.51e-14	1.48e-14	4.94e-15
 5.63034e+13	5.37e-14	6.60e-05	9.25e-01	7.47e-02	0.00e+00	0.00e+00	0.00e+00	0.00e+00	0.00e+00	3.00e-14	1.78e-14	5.90e-15
 5.85854e+13	6.41e-14	7.25e-05	9.32e-01	6.75e-02	0.00e+00	0.00e+00	0.00e+00	0.00e+00	0.00e+00	3.59e-14	2.12e-14	7.05e-15
 6.09588e+13	7.66e-14	7.95e-05	9.39e-01	6.08e-02	0.00e+00	0.00e+00	0.00e+00	0.00e+00	0.00e+00	4.28e-14	2.53e-14	8.42e-15
 6.34271e+13	9.13e-14	8.72e-05	9.45e-01	5.47e-02	0.00e+00	0.00e+00	0.00e+00	0.00e+00	0.00e+00	5.11e-14	3.02e-14	1.00e-14
 6.59941e+13	1.09e-13	9.55e-05	9.51e-01	4.90e-02	0.00e+00	0.00e+00	0.00e+00	0.00e+00	0.00e+00	6.09e-14	3.60e-14	1.20e-14
 6.86638e+13	1.30e-13	1.05e-04	9.56e-01	4.39e-02	0.00e+00	0.00e+00	0.00e+00	0.00e+00	0.00e+00	7.26e-14	4.29e-14	1.43e-14
 7.14402e+13	1.54e-13	1.14e-04	9.61e-01	3.92e-02	0.00e+00	0.00e+00	0.00e+00	0.00e+00	0.00e+00	8.64e-14	5.11e-14	1.70e-14
 7.43278e+13	1.84e-13	1.25e-04	9.65e-01	3.49e-02	0.00e+00	0.00e+00	0.00e+00	0.00e+00	0.00e+00	1.03e-13	6.08e-14	2.02e-14
 7.73308e+13	2.19e-13	1.37e-04	9.69e-01	3.11e-02	0.00e+00	0.00e+00	0.00e+00	0.00e+00	0.00e+00	1.22e-13	7.23e-14	2.41e-14
 8.04540e+13	2.60e-13	1.50e-04	9.72e-01	2.76e-02	0.00e+00	0.00e+00	0.00e+00	0.00e+00	0.00e+00	1.45e-13	8.60e-14	2.86e-14
 8.37021e+13	3.10e-13	1.64e-04	9.75e-01	2.44e-02	0.00e+00	0.00e+00	0.00e+00	0.00e+00	0.00e+00	1.73e-13	1.02e-13	3.40e-14
 8.70801e+13	3.67e-13	1.79e-04	9.78e-01	2.15e-02	0.00e+00	0.00e+00	0.00e+00	0.00e+00	0.00e+00	2.05e-13	1.21e-13	4.04e-14
 9.05932e+13	4.36e-13	1.95e-04	9.81e-01	1.90e-02	0.00e+00	0.00e+00	0.00e+00	0.00e+00	0.00e+00	2.44e-13	1.44e-13	4.79e-14
 9.42469e+13	5.18e-13	2.13e-04	9.83e-01	1.67e-02	0.00e+00	0.00e+00	0.00e+00	0.00e+00	0.00e+00	2.89e-13	1.71e-13	5.69e-14
 9.80467e+13	6.14e-13	2.32e-04	9.85e-01	1.46e-02	0.00e+00	0.00e+00	0.00e+00	0.00e+00	0.00e+00	3.44e-13	2.03e-13	6.75e-14
 1.01998e+14	7.28e-13	2.53e-04	9.87e-01	1.28e-02	0.00e+00	0.00e+00	0.00e+00	0.00e+00	0.00e+00	4.07e-13	2.41e-13	8.01e-14
 1.06108e+14	8.63e-13	2.76e-04	9.89e-01	1.12e-02	0.00e+00	0.00e+00	0.00e+00	0.00e+00	0.00e+00	4.83e-13	2.85e-13	9.49e-14
 1.10383e+14	1.02e-12	3.01e-04	9.90e-01	9.70e-03	0.00e+00	0.00e+00	0.00e+00	0.00e+00	0.00e+00	5.72e-13	3.38e-13	1.12e-13
 1.14828e+14	1.21e-12	3.27e-04	9.91e-01	8.42e-03	0.00e+00	0.00e+00	0.00e+00	0.00e+00	0.00e+00	6.76e-13	4.00e-13	1.33e-13
 1.19451e+14	1.43e-12	3.57e-04	9.92e-01	7.29e-03	0.00e+00	0.00e+00	0.00e+00	0.00e+00	0.00e+00	8.01e-13	4.73e-13	1.57e-13
 1.24259e+14	1.69e-12	3.88e-04	9.93e-01	6.29e-03	0.00e+00	0.00e+00	0.00e+00	0.00e+00	0.00e+00	9.46e-13	5.59e-13	1.86e-13
 1.29259e+14	2.00e-12	4.23e-04	9.94e-01	5.42e-03	0.00e+00	0.00e+00	0.00e+00	0.00e+00	0.00e+00	1.12e-12	6.61e-13	2.20e-13
 1.34459e+14	2.36e-12	4.60e-04	9.95e-01	4.65e-03	0.00e+00	0.00e+00	0.00e+00	0.00e+00	0.00e+00	1.32e-12	7.81e-13	2.60e-13
 1.39868e+14	2.79e-12	5.00e-04	9.96e-01	3.98e-03	0.00e+00	0.00e+00	0.00e+00	0.00e+00	0.00e+00	1.56e-12	9.22e-13	3.07e-13
 1.45492e+14	3.29e-12	5.43e-04	9.96e-01	3.40e-03	0.00e+00	0.00e+00	0.00e+00	0.00e+00	0.00e+00	1.84e-12	1.09e-12	3.62e-13
 1.51342e+14	3.88e-12	5.91e-04	9.97e-01	2.89e-03	0.00e+00	0.00e+00	0.00e+00	0.00e+00	0.00e+00	2.17e-12	1.28e-12	4.26e-13
 1.57426e+14	4.57e-12	6.42e-04	9.97e-01	2.45e-03	0.00e+00	0.00e+00	0.00e+00	0.00e+00	0.00e+00	2.56e-12	1.51e-12	5.02e-13
 1.63752e+14	5.38e-12	6.97e-04	9.97e-01	2.07e-03	0.00e+00	0.00e+00	0.00e+00	0.00e+00	0.00e+00	3.01e-12	1.78e-12	5.92e-13
 1.70333e+14	6.33e-12	7.57e-04	9.97e-01	1.74e-03	0.00e+00	0.00e+00	0.00e+00	0.00e+00	0.00e+00	3.54e-12	2.09e-12	6.96e-13
 1.77176e+14	7.44e-12	8.21e-04	9.98e-01	1.47e-03	0.00e+00	0.00e+00	0.00e+00	0.00e+00	0.00e+00	4.16e-12	2.46e-12	8.19e-13
 1.84293e+14	8.75e-12	8.91e-04	9.98e-01	1.23e-03	0.00e+00	0.00e+00	0.00e+00	0.00e+00	0.00e+00	4.90e-12	2.89e-12	9.63e-13
 1.91694e+14	1.03e-11	9.67e-04	9.98e-01	1.02e-03	0.00e+00	0.00e+00	0.00e+00	0.00e+00	0.00e+00	5.75e-12	3.40e-12	1.13e-12
 1.99392e+14	1.21e-11	1.05e-03	9.98e-01	8.49e-04	0.00e+00	0.00e+00	0.00e+00	0.00e+00	0.00e+00	6.76e-12	4.00e-12	1.33e-12
 2.07398e+14	1.42e-11	1.14e-03	9.98e-01	7.03e-04	0.00e+00	0.00e+00	0.00e+00	0.00e+00	0.00e+00	7.95e-12	4.70e-12	1.56e-12
 2.15723e+14	1.67e-11	1.23e-03	9.98e-01	5.79e-04	0.00e+00	0.00e+00	0.00e+00	0.00e+00	0.00e+00	9.33e-12	5.52e-12	1.84e-12
 2.24382e+14	1.96e-11	1.34e-03	9.98e-01	4.76e-04	0.00e+00	0.00e+00	0.00e+00	0.00e+00	0.00e+00	1.10e-11	6.48e-12	2.15e-12
 2.33388e+14	2.30e-11	1.45e-03	9.98e-01	3.89e-04	0.00e+00	0.00e+00	0.00e+00	0.00e+00	0.00e+00	1.29e-11	7.60e-12	2.53e-12
 2.42753e+14	2.70e-11	1.57e-03	9.98e-01	3.18e-04	0.00e+00	0.00e+00	0.00e+00	0.00e+00	0.00e+00	1.51e-11	8.92e-12	2.97e-12
 2.52493e+14	3.17e-11	1.70e-03	9.98e-01	2.58e-04	0.00e+00	0.00e+00	0.00e+00	0.00e+00	0.00e+00	1.77e-11	1.05e-11	3.48e-12
 2.62623e+14	3.72e-11	1.85e-03	9.98e-01	2.09e-04	0.00e+00	0.00e+00	0.00e+00	0.00e+00	0.00e+00	2.08e-11	1.23e-11	4.09e-12
 2.73158e+14	4.36e-11	2.00e-03	9.98e-01	1.68e-04	0.00e+00	0.00e+00	0.00e+00	0.00e+00	0.00e+00	2.44e-11	1.44e-11	4.80e-12
 2.84114e+14	5.12e-11	2.17e-03	9.98e-01	1.35e-04	0.00e+00	0.00e+00	0.00e+00	0.00e+00	0.00e+00	2.87e-11	1.69e-11	5.63e-12
 2.95508e+14	6.01e-11	2.35e-03	9.98e-01	1.08e-04	0.00e+00	0.00e+00	0.00e+00	0.00e+00	0.00e+00	3.36e-11	1.99e-11	6.61e-12
 3.07358e+14	7.06e-11	2.55e-03	9.97e-01	8.64e-05	0.00e+00	0.00e+00	0.00e+00	0.00e+00	0.00e+00	3.95e-11	2.33e-11	7.76e-12
 3.19683e+14	8.29e-11	2.76e-03	9.97e-01	6.89e-05	0.00e+00	0.00e+00	0.00e+00	0.00e+00	0.00e+00	4.64e-11	2.74e-11	9.12e-12
 3.32500e+14	9.72e-11	2.99e-03	9.97e-01	5.48e-05	0.00e+00	0.00e+00	0.00e+00	0.00e+00	0.00e+00	5.44e-11	3.21e-11	1.07e-11
 3.45830e+14	1.14e-10	3.24e-03	9.97e-01	4.35e-05	0.00e+00	0.00e+00	0.00e+00	0.00e+00	0.00e+00	6.38e-11	3.77e-11	1.25e-11
 3.59693e+14	1.34e-10	3.51e-03	9.96e-01	3.45e-05	0.00e+00	0.00e+00	0.00e+00	0.00e+00	0.00e+00	7.50e-11	4.43e-11	1.47e-11
 3.74111e+14	1.57e-10	3.80e-03	9.96e-01	2.74e-05	0.00e+00	0.00e+00	0.00e+00	0.00e+00	0.00e+00	8.79e-11	5.20e-11	1.73e-11
 3.89105e+14	1.85e-10	4.12e-03	9.96e-01	2.18e-05	0.00e+00	0.00e+00	0.00e+00	0.00e+00	0.00e+00	1.03e-10	6.10e-11	2.03e-11
 4.04699e+14	2.17e-10	4.46e-03	9.96e-01	1.74e-05	0.00e+00	0.00e+00	0.00e+00	0.00e+00	0.00e+00	1.21e-10	7.16e-11	2.38e-11
 4.20917e+14	2.55e-10	4.84e-03	9.95e-01	1.39e-05	0.00e+00	0.00e+00	0.00e+00	0.00e+00	0.00e+00	1.42e-10	8.42e-11	2.80e-11
 4.37784e+14	2.98e-10	5.24e-03	9.95e-01	1.12e-05	0.00e+00	0.00e+00	0.00e+00	0.00e+00	0.00e+00	1.67e-10	9.87e-11	3.28e-11
 4.55325e+14	3.50e-10	5.67e-03	9.94e-01	9.08e-06	0.00e+00	0.00e+00	0.00e+00	0.00e+00	0.00e+00	1.96e-10	1.16e-10	3.85e-11
 4.73568e+14	4.11e-10	6.14e-03	9.94e-01	7.43e-06	0.00e+00	0.00e+00	0.00e+00	0.00e+00	0.00e+00	2.30e-10	1.36e-10	4.52e-11
 4.92541e+14	4.83e-10	6.66e-03	9.93e-01	6.10e-06	0.00e+00	0.00e+00	0.00e+00	0.00e+00	0.00e+00	2.70e-10	1.60e-10	5.31e-11
 5.12272e+14	5.66e-10	7.21e-03	9.93e-01	5.07e-06	0.00e+00	0.00e+00	0.00e+00	0.00e+00	0.00e+00	3.17e-10	1.87e-10	6.23e-11
 5.32793e+14	6.64e-10	7.80e-03	9.92e-01	4.24e-06	0.00e+00	0.00e+00	0.00e+00	0.00e+00	0.00e+00	3.72e-10	2.20e-10	7.30e-11
 5.54135e+14	7.79e-10	8.45e-03	9.92e-01	3.59e-06	0.00e+00	0.00e+00	0.00e+00	0.00e+00	0.00e+00	4.36e-10	2.58e-10	8.57e-11
 5.76330e+14	9.15e-10	9.15e-03	9.91e-01	3.06e-06	0.00e+00	0.00e+00	0.00e+00	0.00e+00	0.00e+00	5.12e-10	3.03e-10	1.01e-10
 5.99413e+14	1.07e-09	9.90e-03	9.90e-01	2.64e-06	0.00e+00	0.00e+00	0.00e+00	0.00e+00	0.00e+00	6.00e-10	3.55e-10	1.18e-10
 6.23419e+14	1.26e-09	1.07e-02	9.89e-01	2.28e-06	0.00e+00	0.00e+00	0.00e+00	0.00e+00	0.00e+00	7.03e-10	4.16e-10	1.38e-10
 6.48386e+14	1.47e-09	1.16e-02	9.88e-01	2.00e-06	0.00e+00	0.00e+00	0.00e+00	0.00e+00	0.00e+00	8.25e-10	4.87e-10	1.62e-10
 6.74351e+14	1.73e-09	1.26e-02	9.87e-01	1.75e-06	0.00e+00	0.00e+00	0.00e+00	0.00e+00	0.00e+00	9.68e-10	5.72e-10	1.90e-10
 7.01355e+14	2.02e-09	1.36e-02	9.86e-01	1.55e-06	0.00e+00	0.00e+00	0.00e+00	0.00e+00	0.00e+00	1.13e-09	6.69e-10	2.23e-10
 7.29440e+14	2.38e-09	1.47e-02	9.85e-01	1.38e-06	0.00e+00	0.00e+00	0.00e+00	0.00e+00	0.00e+00	1.33e-09	7.87e-10	2.62e-10
 7.58647e+14	2.79e-09	1.59e-02	9.84e-01	1.23e-06	0.00e+00	0.00e+00	0.00e+00	0.00e+00	0.00e+00	1.56e-09	9.21e-10	3.06e-10
 7.89023e+14	3.26e-09	1.72e-02	9.83e-01	1.09e-06	0.00e+00	0.00e+00	0.00e+00	0.00e+00	0.00e+00	1.82e-09	1.08e-09	3.59e-10
 8.20614e+14	3.82e-09	1.86e-02	9.81e-01	9.82e-07	0.00e+00	0.00e+00	0.00e+00	0.00e+00	0.00e+00	2.14e-09	1.26e-09	4.20e-10
 8.53468e+14	4.48e-09	2.02e-02	9.80e-01	0.00e+00	0.00e+00	0.00e+00	0.00e+00	0.00e+00	0.00e+00	2.51e-09	1.48e-09	4.93e-10
 8.87637e+14	5.25e-09	2.18e-02	9.78e-01	0.00e+00	0.00e+00	0.00e+00	0.00e+00	0.00e+00	0.00e+00	2.94e-09	1.73e-09	5.77e-10
 9.23172e+14	6.14e-09	2.36e-02	9.76e-01	0.00e+00	0.00e+00	0.00e+00	0.00e+00	0.00e+00	0.00e+00	3.44e-09	2.03e-09	6.75e-10
 9.60129e+14	7.19e-09	2.55e-02	9.75e-01	0.00e+00	0.00e+00	0.00e+00	0.00e+00	0.00e+00	0.00e+00	4.03e-09	2.38e-09	7.91e-10
 9.98564e+14	8.43e-09	2.75e-02	9.72e-01	0.00e+00	0.00e+00	0.00e+00	0.00e+00	0.00e+00	0.00e+00	4.72e-09	2.79e-09	9.27e-10
 1.03854e+15	9.86e-09	2.98e-02	9.70e-01	0.00e+00	0.00e+00	0.00e+00	0.00e+00	0.00e+00	0.00e+00	5.52e-09	3.26e-09	1.08e-09
 1.08011e+15	1.15e-08	3.21e-02	9.68e-01	0.00e+00	0.00e+00	0.00e+00	0.00e+00	0.00e+00	0.00e+00	6.45e-09	3.81e-09	1.27e-09
 1.12334e+15	1.35e-08	3.47e-02	9.65e-01	0.00e+00	0.00e+00	0.00e+00	0.00e+00	0.00e+00	0.00e+00	7.55e-09	4.45e-09	1.48e-09
 1.16831e+15	1.58e-08	3.75e-02	9.62e-01	0.00e+00	0.00e+00	0.00e+00	0.00e+00	0.00e+00	0.00e+00	8.82e-09	5.20e-09	1.73e-09
 1.21507e+15	1.84e-08	4.05e-02	9.60e-01	0.00e+00	0.00e+00	0.00e+00	0.00e+00	0.00e+00	0.00e+00	1.03e-08	6.08e-09	2.02e-09
 1.26370e+15	2.15e-08	4.37e-02	9.56e-01	0.00e+00	0.00e+00	0.00e+00	0.00e+00	0.00e+00	0.00e+00	1.21e-08	7.11e-09	2.37e-09
 1.31428e+15	2.51e-08	4.72e-02	9.53e-01	0.00e+00	0.00e+00	0.00e+00	0.00e+00	0.00e+00	0.00e+00	1.41e-08	8.30e-09	2.76e-09
 1.36688e+15	2.93e-08	5.09e-02	9.49e-01	0.00e+00	0.00e+00	0.00e+00	0.00e+00	0.00e+00	0.00e+00	1.64e-08	9.68e-09	3.22e-09
 1.42158e+15	3.42e-08	5.49e-02	9.45e-01	0.00e+00	0.00e+00	0.00e+00	0.00e+00	0.00e+00	0.00e+00	1.92e-08	1.13e-08	3.76e-09
 1.47848e+15	3.99e-08	5.92e-02	9.41e-01	0.00e+00	0.00e+00	0.00e+00	0.00e+00	0.00e+00	0.00e+00	2.23e-08	1.32e-08	4.38e-09
 1.53765e+15	4.65e-08	6.38e-02	9.36e-01	0.00e+00	0.00e+00	0.00e+00	0.00e+00	0.00e+00	0.00e+00	2.61e-08	1.53e-08	5.11e-09
 1.59918e+15	5.42e-08	6.87e-02	9.31e-01	0.00e+00	0.00e+00	0.00e+00	0.00e+00	0.00e+00	0.00e+00	3.04e-08	1.79e-08	5.95e-09
 1.66318e+15	6.32e-08	7.40e-02	9.26e-01	0.00e+00	0.00e+00	0.00e+00	0.00e+00	0.00e+00	0.00e+00	3.54e-08	2.08e-08	6.94e-09
 1.72974e+15	7.36e-08	7.97e-02	9.20e-01	0.00e+00	0.00e+00	0.00e+00	0.00e+00	0.00e+00	0.00e+00	4.13e-08	2.42e-08	8.08e-09
 1.79896e+15	8.56e-08	8.58e-02	9.14e-01	0.00e+00	0.00e+00	0.00e+00	0.00e+00	0.00e+00	0.00e+00	4.80e-08	2.82e-08	9.40e-09
 1.87095e+15	9.95e-08	9.23e-02	9.08e-01	0.00e+00	0.00e+00	0.00e+00	0.00e+00	0.00e+00	0.00e+00	5.58e-08	3.28e-08	1.09e-08
 1.94581e+15	1.16e-07	9.93e-02	9.01e-01	0.00e+00	0.00e+00	0.00e+00	0.00e+00	0.00e+00	0.00e+00	6.50e-08	3.81e-08	1.27e-08
 2.02368e+15	1.35e-07	1.07e-01	8.93e-01	0.00e+00	0.00e+00	0.00e+00	0.00e+00	0.00e+00	0.00e+00	7.55e-08	4.43e-08	1.48e-08
 2.10465e+15	1.56e-07	1.15e-01	8.85e-01	0.00e+00	0.00e+00	0.00e+00	0.00e+00	0.00e+00	0.00e+00	8.78e-08	5.14e-08	1.72e-08
 2.18887e+15	1.82e-07	1.23e-01	8.77e-01	0.00e+00	0.00e+00	0.00e+00	0.00e+00	0.00e+00	0.00e+00	1.02e-07	5.97e-08	1.99e-08
 2.27645e+15	2.11e-07	1.32e-01	8.68e-01	0.00e+00	0.00e+00	0.00e+00	0.00e+00	0.00e+00	0.00e+00	1.19e-07	6.93e-08	2.31e-08
 2.36754e+15	2.45e-07	1.42e-01	8.58e-01	0.00e+00	0.00e+00	0.00e+00	0.00e+00	0.00e+00	0.00e+00	1.38e-07	8.03e-08	2.68e-08
 2.46227e+15	2.83e-07	1.52e-01	8.48e-01	0.00e+00	0.00e+00	0.00e+00	0.00e+00	0.00e+00	0.00e+00	1.59e-07	9.29e-08	3.10e-08
 2.56079e+15	3.29e-07	1.63e-01	8.37e-01	0.00e+00	0.00e+00	0.00e+00	0.00e+00	0.00e+00	0.00e+00	1.85e-07	1.08e-07	3.60e-08
 2.66326e+15	3.81e-07	1.75e-01	8.25e-01	0.00e+00	0.00e+00	0.00e+00	0.00e+00	0.00e+00	0.00e+00	2.14e-07	1.25e-07	4.17e-08
 2.76982e+15	4.40e-07	1.87e-01	8.13e-01	0.00e+00	0.00e+00	0.00e+00	0.00e+00	0.00e+00	0.00e+00	2.48e-07	1.44e-07	4.82e-08
 2.88064e+15	5.10e-07	2.01e-01	7.99e-01	0.00e+00	0.00e+00	0.00e+00	0.00e+00	0.00e+00	0.00e+00	2.87e-07	1.67e-07	5.58e-08
 2.99589e+15	5.88e-07	2.14e-01	7.86e-01	0.00e+00	0.00e+00	0.00e+00	0.00e+00	0.00e+00	0.00e+00	3.31e-07	1.93e-07	6.44e-08
 3.11576e+15	6.79e-07	2.29e-01	7.71e-01	0.00e+00	0.00e+00	0.00e+00	0.00e+00	0.00e+00	0.00e+00	3.82e-07	2.22e-07	7.43e-08
 3.24042e+15	7.83e-07	2.45e-01	7.55e-01	0.00e+00	0.00e+00	0.00e+00	0.00e+00	0.00e+00	0.00e+00	4.41e-07	2.56e-07	8.57e-08
 3.37007e+15	9.04e-07	2.61e-01	7.39e-01	0.00e+00	0.00e+00	0.00e+00	0.00e+00	0.00e+00	0.00e+00	5.09e-07	2.96e-07	9.90e-08
 3.50490e+15	1.04e-06	2.79e-01	7.21e-01	0.00e+00	0.00e+00	0.00e+00	0.00e+00	0.00e+00	0.00e+00	5.87e-07	3.41e-07	1.14e-07
 3.64512e+15	1.20e-06	2.97e-01	7.03e-01	0.00e+00	0.00e+00	0.00e+00	0.00e+00	0.00e+00	0.00e+00	6.75e-07	3.92e-07	1.31e-07
 3.79096e+15	1.38e-06	3.16e-01	6.84e-01	0.00e+00	0.00e+00	0.00e+00	0.00e+00	0.00e+00	0.00e+00	7.76e-07	4.51e-07	1.51e-07
 3.94263e+15	1.58e-06	3.36e-01	6.64e-01	0.00e+00	0.00e+00	0.00e+00	0.00e+00	0.00e+00	0.00e+00	8.91e-07	5.19e-07	1.73e-07
 4.10036e+15	1.82e-06	3.58e-01	6.42e-01	0.00e+00	0.00e+00	0.00e+00	0.00e+00	0.00e+00	0.00e+00	1.02e-06	5.97e-07	1.99e-07
 4.26441e+15	2.09e-06	3.80e-01	6.20e-01	0.00e+00	0.00e+00	0.00e+00	0.00e+00	0.00e+00	0.00e+00	1.17e-06	6.86e-07	2.28e-07
 4.43501e+15	2.39e-06	4.03e-01	5.97e-01	0.00e+00	0.00e+00	0.00e+00	0.00e+00	0.00e+00	0.00e+00	1.34e-06	7.87e-07	2.62e-07
 4.61244e+15	2.74e-06	4.28e-01	5.72e-01	0.00e+00	0.00e+00	0.00e+00	0.00e+00	0.00e+00	0.00e+00	1.54e-06	9.03e-07	3.00e-07
 4.79697e+15	3.13e-06	4.53e-01	5.47e-01	0.00e+00	0.00e+00	0.00e+00	0.00e+00	0.00e+00	0.00e+00	1.75e-06	1.03e-06	3.43e-07
 4.98888e+15	3.58e-06	4.79e-01	5.21e-01	0.00e+00	0.00e+00	0.00e+00	0.00e+00	0.00e+00	0.00e+00	2.00e-06	1.18e-06	3.92e-07
 5.18847e+15	4.08e-06	5.07e-01	4.93e-01	0.00e+00	0.00e+00	0.00e+00	0.00e+00	0.00e+00	0.00e+00	2.28e-06	1.35e-06	4.48e-07
 5.39603e+15	4.66e-06	5.35e-01	4.65e-01	0.00e+00	0.00e+00	0.00e+00	0.00e+00	0.00e+00	0.00e+00	2.59e-06	1.55e-06	5.12e-07
 5.61190e+15	5.30e-06	5.64e-01	4.36e-01	0.00e+00	0.00e+00	0.00e+00	0.00e+00	0.00e+00	0.00e+00	2.95e-06	1.77e-06	5.83e-07
 5.83641e+15	6.02e-06	5.94e-01	4.06e-01	0.00e+00	0.00e+00	0.00e+00	0.00e+00	0.00e+00	0.00e+00	3.34e-06	2.01e-06	6.63e-07
 6.06990e+15	6.84e-06	6.24e-01	3.76e-01	0.00e+00	0.00e+00	0.00e+00	0.00e+00	0.00e+00	0.00e+00	3.79e-06	2.29e-06	7.55e-07
 6.31272e+15	7.74e-06	6.55e-01	3.45e-01	0.00e+00	0.00e+00	0.00e+00	0.00e+00	0.00e+00	0.00e+00	4.28e-06	2.60e-06	8.56e-07
 6.56526e+15	8.74e-06	6.86e-01	3.14e-01	0.00e+00	0.00e+00	0.00e+00	0.00e+00	0.00e+00	0.00e+00	4.83e-06	2.94e-06	9.69e-07
 6.82790e+15	9.87e-06	7.16e-01	2.84e-01	0.00e+00	0.00e+00	0.00e+00	0.00e+00	0.00e+00	0.00e+00	5.44e-06	3.33e-06	1.10e-06
 7.10105e+15	1.11e-05	7.47e-01	2.53e-01	0.00e+00	0.00e+00	0.00e+00	0.00e+00	0.00e+00	0.00e+00	6.11e-06	3.75e-06	1.24e-06
 7.38512e+15	1.25e-05	7.76e-01	2.24e-01	0.00e+00	0.00e+00	0.00e+00	0.00e+00	0.00e+00	0.00e+00	6.86e-06	4.22e-06	1.39e-06
 7.68056e+15	1.40e-05	8.05e-01	1.95e-01	0.00e+00	0.00e+00	0.00e+00	0.00e+00	0.00e+00	0.00e+00	7.68e-06	4.74e-06	1.57e-06
 7.98781e+15	1.56e-05	8.32e-01	1.68e-01	0.00e+00	0.00e+00	0.00e+00	0.00e+00	0.00e+00	0.00e+00	8.57e-06	5.30e-06	1.76e-06
 8.30735e+15	1.74e-05	8.57e-01	1.43e-01	0.00e+00	0.00e+00	0.00e+00	0.00e+00	0.00e+00	0.00e+00	9.53e-06	5.91e-06	1.97e-06
 8.63967e+15	1.94e-05	8.81e-01	1.19e-01	0.00e+00	0.00e+00	0.00e+00	0.00e+00	0.00e+00	0.00e+00	1.06e-05	6.59e-06	2.20e-06
 8.98529e+15	2.15e-05	9.01e-01	9.87e-02	0.00e+00	0.00e+00	0.00e+00	0.00e+00	0.00e+00	0.00e+00	1.17e-05	7.30e-06	2.44e-06
 9.34473e+15	2.38e-05	9.20e-01	8.00e-02	0.00e+00	0.00e+00	0.00e+00	0.00e+00	0.00e+00	0.00e+00	1.30e-05	8.10e-06	2.72e-06
 9.71855e+15	2.63e-05	9.36e-01	6.41e-02	0.00e+00	0.00e+00	0.00e+00	0.00e+00	0.00e+00	0.00e+00	1.43e-05	8.93e-06	3.01e-06
 1.01073e+16	2.90e-05	9.50e-01	5.03e-02	0.00e+00	0.00e+00	0.00e+00	0.00e+00	0.00e+00	0.00e+00	1.58e-05	9.87e-06	3.35e-06
 1.05116e+16	3.19e-05	9.61e-01	3.90e-02	0.00e+00	0.00e+00	0.00e+00	0.00e+00	0.00e+00	0.00e+00	1.73e-05	1.08e-05	3.69e-06
 1.09321e+16	3.52e-05	9.70e-01	2.96e-02	0.00e+00	0.00e+00	0.00e+00	0.00e+00	0.00e+00	0.00e+00	1.91e-05	1.20e-05	4.09e-06
 1.13695e+16	3.86e-05	9.78e-01	2.22e-02	0.00e+00	0.00e+00	0.00e+00	0.00e+00	0.00e+00	0.00e+00	2.10e-05	1.31e-05	4.51e-06
 1.18243e+16	4.25e-05	9.84e-01	1.63e-02	0.00e+00	0.00e+00	0.00e+00	0.00e+00	0.00e+00	0.00e+00	2.30e-05	1.44e-05	4.99e-06
 1.22856e+16	4.65e-05	9.88e-01	1.18e-02	0.00e+00	0.00e+00	0.00e+00	0.00e+00	0.00e+00	0.00e+00	2.52e-05	1.58e-05	5.48e-06
 1.27298e+16	5.08e-05	9.91e-01	8.58e-03	0.00e+00	0.00e+00	0.00e+00	0.00e+00	0.00e+00	0.00e+00	2.75e-05	1.72e-05	6.02e-06
 1.31401e+16	5.49e-05	9.94e-01	6.34e-03	0.00e+00	0.00e+00	0.00e+00	0.00e+00	0.00e+00	0.00e+00	2.97e-05	1.86e-05	6.53e-06
 1.35223e+16	5.89e-05	9.95e-01	4.77e-03	0.00e+00	0.00e+00	0.00e+00	0.00e+00	0.00e+00	0.00e+00	3.19e-05	1.99e-05	7.03e-06
 1.38895e+16	6.29e-05	9.96e-01	3.61e-03	0.00e+00	0.00e+00	0.00e+00	0.00e+00	0.00e+00	0.00e+00	3.41e-05	2.12e-05	7.54e-06
 1.42373e+16	6.70e-05	9.97e-01	2.74e-03	0.00e+00	0.00e+00	0.00e+00	0.00e+00	0.00e+00	0.00e+00	3.63e-05	2.26e-05	8.06e-06
 1.45615e+16	7.09e-05	9.98e-01	2.11e-03	0.00e+00	0.00e+00	0.00e+00	0.00e+00	0.00e+00	0.00e+00	3.85e-05	2.38e-05	8.55e-06
 1.48617e+16	7.48e-05	9.98e-01	1.64e-03	0.00e+00	0.00e+00	0.00e+00	0.00e+00	0.00e+00	0.00e+00	4.06e-05	2.51e-05	9.04e-06
 1.51364e+16	7.84e-05	9.99e-01	1.29e-03	0.00e+00	0.00e+00	0.00e+00	0.00e+00	0.00e+00	0.00e+00	4.26e-05	2.63e-05	9.50e-06
 1.53866e+16	8.20e-05	9.99e-01	1.03e-03	0.00e+00	0.00e+00	0.00e+00	0.00e+00	0.00e+00	0.00e+00	4.45e-05	2.75e-05	9.95e-06
 1.56128e+16	8.52e-05	9.99e-01	8.27e-04	0.00e+00	0.00e+00	0.00e+00	0.00e+00	0.00e+00	0.00e+00	4.63e-05	2.85e-05	1.04e-05
 1.58166e+16	8.83e-05	9.99e-01	6.72e-04	0.00e+00	0.00e+00	0.00e+00	0.00e+00	0.00e+00	0.00e+00	4.80e-05	2.95e-05	1.07e-05
 1.59991e+16	9.11e-05	9.99e-01	5.53e-04	0.00e+00	0.00e+00	0.00e+00	0.00e+00	0.00e+00	0.00e+00	4.95e-05	3.04e-05	1.11e-05
 1.61617e+16	9.37e-05	9.99e-01	4.58e-04	0.00e+00	0.00e+00	0.00e+00	0.00e+00	0.00e+00	0.00e+00	5.09e-05	3.12e-05	1.14e-05
 1.63058e+16	9.60e-05	1.00e+00	3.83e-04	0.00e+00	0.00e+00	0.00e+00	0.00e+00	0.00e+00	0.00e+00	5.22e-05	3.20e-05	1.17e-05
 1.64330e+16	9.81e-05	1.00e+00	3.23e-04	0.00e+00	0.00e+00	0.00e+00	0.00e+00	0.00e+00	0.00e+00	5.34e-05	3.26e-05	1.20e-05
 1.65451e+16	1.00e-04	1.00e+00	2.74e-04	0.00e+00	0.00e+00	0.00e+00	0.00e+00	0.00e+00	0.00e+00	5.44e-05	3.32e-05	1.22e-05
 1.66442e+16	1.02e-04	1.00e+00	2.33e-04	0.00e+00	0.00e+00	0.00e+00	0.00e+00	0.00e+00	0.00e+00	5.54e-05	3.38e-05	1.24e-05
 1.67307e+16	1.03e-04	1.00e+00	2.00e-04	0.00e+00	0.00e+00	0.00e+00	0.00e+00	0.00e+00	0.00e+00	5.62e-05	3.43e-05	1.26e-05
 1.68053e+16	1.04e-04	1.00e+00	1.72e-04	0.00e+00	0.00e+00	0.00e+00	0.00e+00	0.00e+00	0.00e+00	5.69e-05	3.47e-05	1.28e-05
 1.68709e+16	1.06e-04	1.00e+00	1.48e-04	0.00e+00	0.00e+00	0.00e+00	0.00e+00	0.00e+00	0.00e+00	5.76e-05	3.50e-05	1.29e-05
 1.69285e+16	1.07e-04	1.00e+00	1.28e-04	0.00e+00	0.00e+00	0.00e+00	0.00e+00	0.00e+00	0.00e+00	5.81e-05	3.54e-05	1.30e-05
 1.69786e+16	1.08e-04	1.00e+00	1.10e-04	0.00e+00	0.00e+00	0.00e+00	0.00e+00	0.00e+00	0.00e+00	5.86e-05	3.57e-05	1.32e-05
 1.70219e+16	1.08e-04	1.00e+00	9.50e-05	0.00e+00	0.00e+00	0.00e+00	0.00e+00	0.00e+00	0.00e+00	5.91e-05	3.59e-05	1.33e-05
 1.70593e+16	1.09e-04	1.00e+00	8.20e-05	0.00e+00	0.00e+00	0.00e+00	0.00e+00	0.00e+00	0.00e+00	5.94e-05	3.61e-05	1.33e-05
 1.70922e+16	1.09e-04	1.00e+00	7.05e-05	0.00e+00	0.00e+00	0.00e+00	0.00e+00	0.00e+00	0.00e+00	5.97e-05	3.63e-05	1.34e-05
 1.71211e+16	1.10e-04	1.00e+00	6.04e-05	0.00e+00	0.00e+00	0.00e+00	0.00e+00	0.00e+00	0.00e+00	6.00e-05	3.64e-05	1.35e-05
 1.71462e+16	1.10e-04	1.00e+00	5.15e-05	0.00e+00	0.00e+00	0.00e+00	0.00e+00	0.00e+00	0.00e+00	6.02e-05	3.65e-05	1.35e-05
 1.71682e+16	1.11e-04	1.00e+00	4.37e-05	0.00e+00	0.00e+00	0.00e+00	0.00e+00	0.00e+00	0.00e+00	6.03e-05	3.66e-05	1.35e-05
 1.71875e+16	1.11e-04	1.00e+00	3.69e-05	0.00e+00	0.00e+00	0.00e+00	0.00e+00	0.00e+00	0.00e+00	6.05e-05	3.67e-05	1.36e-05
 1.72045e+16	1.11e-04	1.00e+00	3.10e-05	0.00e+00	0.00e+00	0.00e+00	0.00e+00	0.00e+00	0.00e+00	6.06e-05	3.67e-05	1.36e-05
 1.72196e+16	1.11e-04	1.00e+00	2.58e-05	0.00e+00	0.00e+00	0.00e+00	0.00e+00	0.00e+00	0.00e+00	6.06e-05	3.68e-05	1.36e-05
 1.72330e+16	1.11e-04	1.00e+00	2.13e-05	0.00e+00	0.00e+00	0.00e+00	0.00e+00	0.00e+00	0.00e+00	6.06e-05	3.68e-05	1.36e-05
 1.72451e+16	1.11e-04	1.00e+00	1.74e-05	0.00e+00	0.00e+00	0.00e+00	0.00e+00	0.00e+00	0.00e+00	6.06e-05	3.68e-05	1.36e-05
 1.72561e+16	1.11e-04	1.00e+00	1.41e-05	0.00e+00	0.00e+00	0.00e+00	0.00e+00	0.00e+00	0.00e+00	6.06e-05	3.67e-05	1.36e-05
 1.72662e+16	1.11e-04	1.00e+00	1.13e-05	0.00e+00	0.00e+00	0.00e+00	0.00e+00	0.00e+00	0.00e+00	6.04e-05	3.66e-05	1.36e-05
 1.72755e+16	1.10e-04	1.00e+00	8.90e-06	0.00e+00	0.00e+00	0.00e+00	0.00e+00	0.00e+00	0.00e+00	6.03e-05	3.66e-05	1.35e-05
 1.72842e+16	1.10e-04	1.00e+00	6.98e-06	0.00e+00	0.00e+00	0.00e+00	0.00e+00	0.00e+00	0.00e+00	6.01e-05	3.65e-05	1.35e-05
 1.72940e+16	1.10e-04	1.00e+00	5.18e-06	0.00e+00	0.00e+00	0.00e+00	0.00e+00	0.00e+00	0.00e+00	6.00e-05	3.64e-05	1.35e-05
 1.73046e+16	1.09e-04	1.00e+00	3.63e-06	0.00e+00	0.00e+00	0.00e+00	0.00e+00	0.00e+00	0.00e+00	5.97e-05	3.62e-05	1.34e-05
 1.73145e+16	1.09e-04	1.00e+00	2.53e-06	0.00e+00	0.00e+00	0.00e+00	0.00e+00	0.00e+00	0.00e+00	5.95e-05	3.61e-05	1.34e-05
 1.73257e+16	1.09e-04	1.00e+00	1.69e-06	0.00e+00	0.00e+00	0.00e+00	0.00e+00	0.00e+00	0.00e+00	5.94e-05	3.60e-05	1.34e-05
 1.73403e+16	1.09e-04	1.00e+00	1.00e-06	0.00e+00	0.00e+00	0.00e+00	0.00e+00	0.00e+00	0.00e+00	5.92e-05	3.59e-05	1.33e-05
 1.73592e+16	1.09e-04	1.00e+00	5.11e-07	0.00e+00	0.00e+00	0.00e+00	0.00e+00	0.00e+00	0.00e+00	5.92e-05	3.59e-05	1.33e-05
 1.73837e+16	1.09e-04	1.00e+00	2.14e-07	0.00e+00	0.00e+00	0.00e+00	0.00e+00	0.00e+00	0.00e+00	5.94e-05	3.60e-05	1.34e-05
 1.74157e+16	1.09e-04	1.00e+00	7.06e-08	0.00e+00	0.00e+00	0.00e+00	0.00e+00	0.00e+00	0.00e+00	5.97e-05	3.61e-05	1.34e-05
 1.74572e+16	1.10e-04	1.00e+00	1.71e-08	0.00e+00	0.00e+00	0.00e+00	0.00e+00	0.00e+00	0.00e+00	6.01e-05	3.64e-05	1.35e-05
 1.75112e+16	1.11e-04	1.00e+00	2.87e-09	0.00e+00	0.00e+00	0.00e+00	0.00e+00	0.00e+00	0.00e+00	6.06e-05	3.67e-05	1.36e-05
 1.75814e+16	1.12e-04	1.00e+00	3.11e-10	0.00e+00	0.00e+00	0.00e+00	0.00e+00	0.00e+00	0.00e+00	6.13e-05	3.71e-05	1.38e-05
 1.76726e+16	1.14e-04	1.00e+00	2.15e-11	0.00e+00	0.00e+00	0.00e+00	0.00e+00	0.00e+00	0.00e+00	6.23e-05	3.76e-05	1.40e-05
 1.77912e+16	1.16e-04	1.00e+00	9.99e-13	0.00e+00	0.00e+00	0.00e+00	0.00e+00	0.00e+00	0.00e+00	6.35e-05	3.82e-05	1.42e-05
 1.79454e+16	1.19e-04	1.00e+00	3.23e-14	0.00e+00	0.00e+00	0.00e+00	0.00e+00	0.00e+00	0.00e+00	6.51e-05	3.91e-05	1.46e-05
 1.81459e+16	1.23e-04	1.00e+00	6.16e-16	0.00e+00	0.00e+00	0.00e+00	0.00e+00	0.00e+00	0.00e+00	6.73e-05	4.03e-05	1.50e-05
 1.84065e+16	1.28e-04	1.00e+00	5.21e-18	0.00e+00	0.00e+00	0.00e+00	0.00e+00	0.00e+00	0.00e+00	7.02e-05	4.19e-05	1.56e-05
 1.87452e+16	1.35e-04	1.00e+00	1.41e-20	0.00e+00	0.00e+00	0.00e+00	0.00e+00	0.00e+00	0.00e+00	7.42e-05	4.41e-05	1.64e-05
 1.91856e+16	1.45e-04	1.00e+00	1.34e-23	0.00e+00	0.00e+00	0.00e+00	0.00e+00	0.00e+00	0.00e+00	7.98e-05	4.71e-05	1.76e-05
 1.97582e+16	1.59e-04	1.00e+00	0.00e+00	0.00e+00	0.00e+00	0.00e+00	0.00e+00	0.00e+00	0.00e+00	8.80e-05	5.14e-05	1.92e-05
 2.04834e+16	1.79e-04	1.00e+00	0.00e+00	0.00e+00	0.00e+00	0.00e+00	0.00e+00	0.00e+00	0.00e+00	9.96e-05	5.75e-05	2.14e-05
 2.13028e+16	2.05e-04	1.00e+00	0.00e+00	0.00e+00	0.00e+00	0.00e+00	0.00e+00	0.00e+00	0.00e+00	1.15e-04	6.56e-05	2.44e-05
 2.21347e+16	2.38e-04	1.00e+00	0.00e+00	0.00e+00	0.00e+00	0.00e+00	0.00e+00	0.00e+00	0.00e+00	1.34e-04	7.54e-05	2.79e-05
 2.29345e+16	2.76e-04	1.00e+00	0.00e+00	0.00e+00	0.00e+00	0.00e+00	0.00e+00	0.00e+00	0.00e+00	1.57e-04	8.69e-05	3.19e-05
 2.36734e+16	3.20e-04	1.00e+00	0.00e+00	0.00e+00	0.00e+00	0.00e+00	0.00e+00	0.00e+00	0.00e+00	1.83e-04	1.00e-04	3.65e-05
 2.43553e+16	3.70e-04	1.00e+00	0.00e+00	0.00e+00	0.00e+00	0.00e+00	0.00e+00	0.00e+00	0.00e+00	2.13e-04	1.15e-04	4.17e-05
 2.49940e+16	4.30e-04	1.00e+00	0.00e+00	0.00e+00	0.00e+00	0.00e+00	0.00e+00	0.00e+00	0.00e+00	2.48e-04	1.34e-04	4.79e-05
 2.55894e+16	5.02e-04	9.99e-01	0.00e+00	0.00e+00	0.00e+00	0.00e+00	0.00e+00	0.00e+00	0.00e+00	2.90e-04	1.56e-04	5.52e-05
 2.61330e+16	5.86e-04	9.99e-01	0.00e+00	0.00e+00	0.00e+00	0.00e+00	0.00e+00	0.00e+00	0.00e+00	3.40e-04	1.82e-04	6.39e-05
 2.66227e+16	6.86e-04	9.99e-01	0.00e+00	0.00e+00	0.00e+00	0.00e+00	0.00e+00	0.00e+00	0.00e+00	3.99e-04	2.12e-04	7.41e-05
 2.70612e+16	8.02e-04	9.99e-01	0.00e+00	0.00e+00	0.00e+00	0.00e+00	0.00e+00	0.00e+00	0.00e+00	4.67e-04	2.48e-04	8.59e-05
 2.74560e+16	9.39e-04	9.99e-01	0.00e+00	0.00e+00	0.00e+00	0.00e+00	0.00e+00	0.00e+00	0.00e+00	5.47e-04	2.91e-04	1.00e-04
 2.78247e+16	1.11e-03	9.99e-01	0.00e+00	0.00e+00	0.00e+00	0.00e+00	0.00e+00	0.00e+00	0.00e+00	6.48e-04	3.44e-04	1.18e-04
 2.81646e+16	1.33e-03	9.99e-01	0.00e+00	0.00e+00	0.00e+00	0.00e+00	0.00e+00	0.00e+00	0.00e+00	7.74e-04	4.10e-04	1.40e-04
 2.84519e+16	1.57e-03	9.98e-01	0.00e+00	0.00e+00	0.00e+00	0.00e+00	0.00e+00	0.00e+00	0.00e+00	9.18e-04	4.86e-04	1.66e-04
 2.86852e+16	1.84e-03	9.98e-01	0.00e+00	0.00e+00	0.00e+00	0.00e+00	0.00e+00	0.00e+00	0.00e+00	1.07e-03	5.69e-04	1.94e-04
 2.88805e+16	2.14e-03	9.98e-01	0.00e+00	0.00e+00	0.00e+00	0.00e+00	0.00e+00	0.00e+00	0.00e+00	1.25e-03	6.61e-04	2.25e-04
 2.90521e+16	2.48e-03	9.98e-01	0.00e+00	0.00e+00	0.00e+00	0.00e+00	0.00e+00	0.00e+00	0.00e+00	1.45e-03	7.67e-04	2.60e-04
 2.92052e+16	2.88e-03	9.97e-01	0.00e+00	0.00e+00	0.00e+00	0.00e+00	0.00e+00	0.00e+00	0.00e+00	1.68e-03	8.90e-04	3.02e-04
 2.93399e+16	3.34e-03	9.97e-01	0.00e+00	0.00e+00	0.00e+00	0.00e+00	0.00e+00	0.00e+00	0.00e+00	1.95e-03	1.03e-03	3.50e-04
 2.94570e+16	3.86e-03	9.96e-01	0.00e+00	0.00e+00	0.00e+00	0.00e+00	0.00e+00	0.00e+00	0.00e+00	2.26e-03	1.19e-03	4.05e-04
 2.95595e+16	4.45e-03	9.96e-01	0.00e+00	0.00e+00	0.00e+00	0.00e+00	0.00e+00	0.00e+00	0.00e+00	2.60e-03	1.38e-03	4.67e-04
 2.96504e+16	5.13e-03	9.95e-01	0.00e+00	0.00e+00	0.00e+00	0.00e+00	0.00e+00	0.00e+00	0.00e+00	3.00e-03	1.59e-03	5.38e-04
 2.97318e+16	5.93e-03	9.94e-01	0.00e+00	0.00e+00	0.00e+00	0.00e+00	0.00e+00	0.00e+00	0.00e+00	3.46e-03	1.83e-03	6.21e-04
 2.98048e+16	6.85e-03	9.93e-01	0.00e+00	0.00e+00	0.00e+00	0.00e+00	0.00e+00	0.00e+00	0.00e+00	4.00e-03	2.12e-03	7.19e-04
 2.98704e+16	7.93e-03	9.92e-01	0.00e+00	0.00e+00	0.00e+00	0.00e+00	0.00e+00	0.00e+00	0.00e+00	4.63e-03	2.45e-03	8.32e-04
