#depth	He	He+	He+2
 1.49634e+10	9.51e-24	1.33e-12	1.00e+00
 4.54887e+10	1.07e-23	1.44e-12	1.00e+00
 7.72350e+10	1.18e-23	1.55e-12	1.00e+00
 1.10251e+11	1.31e-23	1.68e-12	1.00e+00
 1.44588e+11	1.45e-23	1.82e-12	1.00e+00
 1.80298e+11	1.61e-23	1.96e-12	1.00e+00
 2.17437e+11	1.78e-23	2.12e-12	1.00e+00
 2.52088e+11	1.96e-23	2.28e-12	1.00e+00
 2.82611e+11	2.11e-23	2.42e-12	1.00e+00
 3.16661e+11	2.30e-23	2.58e-12	1.00e+00
 3.57589e+11	2.53e-23	2.79e-12	1.00e+00
 3.98743e+11	2.79e-23	3.00e-12	1.00e+00
 4.36541e+11	3.04e-23	3.20e-12	1.00e+00
 4.78687e+11	3.32e-23	3.43e-12	1.00e+00
 5.27523e+11	3.69e-23	3.71e-12	1.00e+00
 5.75291e+11	4.07e-23	4.00e-12	1.00e+00
 6.20523e+11	4.45e-23	4.28e-12	1.00e+00
 6.70824e+11	4.89e-23	4.60e-12	1.00e+00
 7.27584e+11	5.44e-23	4.98e-12	1.00e+00
 7.84601e+11	6.03e-23	5.37e-12	1.00e+00
 8.43898e+11	6.68e-23	5.80e-12	1.00e+00
 9.07581e+11	7.45e-23	6.28e-12	1.00e+00
 9.73811e+11	8.30e-23	6.79e-12	1.00e+00
 1.04269e+12	9.27e-23	7.35e-12	1.00e+00
 1.11432e+12	1.04e-22	7.96e-12	1.00e+00
 1.18882e+12	1.16e-22	8.62e-12	1.00e+00
 1.26630e+12	1.30e-22	9.33e-12	1.00e+00
 1.34688e+12	1.46e-22	1.01e-11	1.00e+00
 1.43068e+12	1.63e-22	1.09e-11	1.00e+00
 1.51784e+12	1.84e-22	1.19e-11	1.00e+00
 1.60848e+12	2.07e-22	1.28e-11	1.00e+00
 1.69685e+12	2.32e-22	1.38e-11	1.00e+00
 1.78078e+12	2.57e-22	1.48e-11	1.00e+00
 1.87396e+12	2.88e-22	1.60e-11	1.00e+00
 1.97569e+12	3.25e-22	1.73e-11	1.00e+00
 2.07365e+12	3.64e-22	1.86e-11	1.00e+00
 2.17867e+12	4.09e-22	2.00e-11	1.00e+00
 2.29575e+12	4.65e-22	2.17e-11	1.00e+00
 2.41370e+12	5.27e-22	2.35e-11	1.00e+00
 2.53636e+12	5.98e-22	2.54e-11	1.00e+00
 2.66775e+12	6.83e-22	2.76e-11	1.00e+00
 2.80438e+12	7.81e-22	2.99e-11	1.00e+00
 2.94648e+12	8.94e-22	3.25e-11	1.00e+00
 3.09427e+12	1.02e-21	3.52e-11	1.00e+00
 3.24797e+12	1.18e-21	3.83e-11	1.00e+00
 3.40781e+12	1.35e-21	4.16e-11	1.00e+00
 3.57405e+12	1.55e-21	4.52e-11	1.00e+00
 3.74694e+12	1.79e-21	4.91e-11	1.00e+00
 3.90999e+12	2.04e-21	5.29e-11	1.00e+00
 4.05655e+12	2.28e-21	5.65e-11	1.00e+00
 4.22135e+12	2.57e-21	6.08e-11	1.00e+00
 4.41576e+12	2.97e-21	6.60e-11	1.00e+00
 4.60983e+12	3.41e-21	7.15e-11	1.00e+00
 4.79305e+12	3.87e-21	7.69e-11	1.00e+00
 4.99609e+12	4.42e-21	8.32e-11	1.00e+00
 5.22586e+12	5.13e-21	9.06e-11	1.00e+00
 5.45606e+12	5.92e-21	9.84e-11	1.00e+00
 5.69547e+12	6.83e-21	1.07e-10	1.00e+00
 5.95322e+12	7.94e-21	1.17e-10	1.00e+00
 6.19518e+12	9.11e-21	1.26e-10	1.00e+00
 6.41151e+12	1.02e-20	1.35e-10	1.00e+00
 6.65475e+12	1.16e-20	1.46e-10	1.00e+00
 6.94304e+12	1.35e-20	1.59e-10	1.00e+00
 7.23124e+12	1.55e-20	1.73e-10	1.00e+00
 7.50067e+12	1.77e-20	1.86e-10	1.00e+00
 7.80033e+12	2.02e-20	2.02e-10	1.00e+00
 8.14227e+12	2.35e-20	2.21e-10	1.00e+00
 8.47888e+12	2.72e-20	2.41e-10	1.00e+00
 8.82896e+12	3.13e-20	2.63e-10	1.00e+00
 9.21205e+12	3.64e-20	2.88e-10	1.00e+00
 9.59723e+12	4.21e-20	3.15e-10	1.00e+00
 9.99782e+12	4.86e-20	3.45e-10	1.00e+00
 1.04277e+13	5.63e-20	3.79e-10	1.00e+00
 1.08540e+13	6.49e-20	4.14e-10	1.00e+00
 1.12974e+13	7.45e-20	4.53e-10	1.00e+00
 1.17793e+13	8.62e-20	4.98e-10	1.00e+00
 1.22804e+13	9.96e-20	5.48e-10	1.00e+00
 1.28015e+13	1.15e-19	6.04e-10	1.00e+00
 1.33435e+13	1.32e-19	6.65e-10	1.00e+00
 1.39072e+13	1.52e-19	7.32e-10	1.00e+00
 1.44181e+13	1.72e-19	7.97e-10	1.00e+00
 1.48457e+13	1.90e-19	8.54e-10	1.00e+00
 1.53149e+13	2.10e-19	9.19e-10	1.00e+00
 1.59067e+13	2.38e-19	1.01e-09	1.00e+00
 1.65227e+13	2.70e-19	1.10e-09	1.00e+00
 1.70508e+13	2.99e-19	1.19e-09	1.00e+00
 1.75995e+13	3.31e-19	1.28e-09	1.00e+00
 1.82829e+13	3.75e-19	1.40e-09	1.00e+00
 1.89750e+13	4.25e-19	1.54e-09	1.00e+00
 1.95784e+13	4.71e-19	1.66e-09	1.00e+00
 2.02324e+13	5.23e-19	1.79e-09	1.00e+00
 2.10291e+13	5.94e-19	1.96e-09	1.00e+00
 2.18400e+13	6.73e-19	2.15e-09	1.00e+00
 2.25839e+13	7.50e-19	2.33e-09	1.00e+00
 2.34121e+13	8.44e-19	2.54e-09	1.00e+00
 2.43727e+13	9.65e-19	2.79e-09	1.00e+00
 2.53206e+13	1.10e-18	3.06e-09	1.00e+00
 2.62282e+13	1.24e-18	3.32e-09	1.00e+00
 2.72289e+13	1.41e-18	3.63e-09	1.00e+00
 2.83480e+13	1.62e-18	3.99e-09	1.00e+00
 2.94752e+13	1.85e-18	4.36e-09	1.00e+00
 3.04884e+13	2.09e-18	4.72e-09	1.00e+00
 3.13479e+13	2.31e-18	5.03e-09	1.00e+00
 3.22749e+13	2.57e-18	5.38e-09	1.00e+00
 3.34697e+13	2.94e-18	5.85e-09	1.00e+00
 3.47147e+13	3.37e-18	6.36e-09	1.00e+00
 3.57862e+13	3.78e-18	6.82e-09	1.00e+00
 3.69305e+13	4.25e-18	7.32e-09	1.00e+00
 3.83438e+13	4.91e-18	7.97e-09	1.00e+00
 3.97923e+13	5.67e-18	8.67e-09	1.00e+00
 4.11021e+13	6.43e-18	9.32e-09	1.00e+00
 4.23508e+13	7.23e-18	9.97e-09	1.00e+00
 4.37788e+13	8.24e-18	1.07e-08	1.00e+00
 4.53736e+13	9.50e-18	1.16e-08	1.00e+00
 4.68708e+13	1.08e-17	1.25e-08	1.00e+00
 4.85028e+13	1.24e-17	1.35e-08	1.00e+00
 5.03140e+13	1.44e-17	1.46e-08	1.00e+00
 5.20019e+13	1.64e-17	1.57e-08	1.00e+00
 5.38404e+13	1.89e-17	1.70e-08	1.00e+00
 5.58925e+13	2.20e-17	1.84e-08	1.00e+00
 5.78227e+13	2.53e-17	1.98e-08	1.00e+00
 5.99296e+13	2.93e-17	2.14e-08	1.00e+00
 6.22832e+13	3.43e-17	2.33e-08	1.00e+00
 6.45094e+13	3.97e-17	2.51e-08	1.00e+00
 6.68981e+13	4.60e-17	2.72e-08	1.00e+00
 6.96040e+13	5.42e-17	2.96e-08	1.00e+00
 7.22700e+13	6.33e-17	3.21e-08	1.00e+00
 7.50427e+13	7.39e-17	3.48e-08	1.00e+00
 7.80744e+13	8.71e-17	3.79e-08	1.00e+00
 8.11610e+13	1.02e-16	4.11e-08	1.00e+00
 8.43710e+13	1.20e-16	4.46e-08	1.00e+00
 8.77758e+13	1.41e-16	4.85e-08	1.00e+00
 9.10199e+13	1.64e-16	5.24e-08	1.00e+00
 9.39845e+13	1.87e-16	5.61e-08	1.00e+00
 9.67851e+13	2.11e-16	5.96e-08	1.00e+00
 9.98775e+13	2.40e-16	6.36e-08	1.00e+00
 1.03343e+14	2.76e-16	6.84e-08	1.00e+00
 1.06618e+14	3.14e-16	7.29e-08	1.00e+00
 1.10201e+14	3.59e-16	7.81e-08	1.00e+00
 1.14221e+14	4.16e-16	8.42e-08	1.00e+00
 1.17953e+14	4.74e-16	8.99e-08	1.00e+00
 1.21417e+14	5.33e-16	9.55e-08	1.00e+00
 1.25393e+14	6.07e-16	1.02e-07	1.00e+00
 1.30208e+14	7.08e-16	1.10e-07	1.00e+00
 1.34948e+14	8.18e-16	1.19e-07	1.00e+00
 1.39103e+14	9.25e-16	1.26e-07	1.00e+00
 1.43660e+14	1.05e-15	1.35e-07	1.00e+00
 1.49176e+14	1.23e-15	1.45e-07	1.00e+00
 1.54707e+14	1.42e-15	1.57e-07	1.00e+00
 1.59710e+14	1.61e-15	1.67e-07	1.00e+00
 1.65257e+14	1.85e-15	1.79e-07	1.00e+00
 1.71775e+14	2.16e-15	1.93e-07	1.00e+00
 1.78211e+14	2.50e-15	2.08e-07	1.00e+00
 1.84236e+14	2.86e-15	2.23e-07	1.00e+00
 1.90968e+14	3.29e-15	2.39e-07	1.00e+00
 1.98636e+14	3.86e-15	2.59e-07	1.00e+00
 2.06255e+14	4.48e-15	2.79e-07	1.00e+00
 2.14179e+14	5.20e-15	3.01e-07	1.00e+00
 2.22776e+14	6.09e-15	3.26e-07	1.00e+00
 2.31717e+14	7.12e-15	3.53e-07	1.00e+00
 2.40378e+14	8.24e-15	3.80e-07	1.00e+00
 2.48527e+14	9.41e-15	4.06e-07	1.00e+00
 2.57639e+14	1.09e-14	4.36e-07	1.00e+00
 2.66823e+14	1.25e-14	4.68e-07	1.00e+00
 2.74451e+14	1.40e-14	4.96e-07	1.00e+00
 2.82522e+14	1.57e-14	5.26e-07	1.00e+00
 2.92841e+14	1.81e-14	5.65e-07	1.00e+00
 3.03655e+14	2.09e-14	6.09e-07	1.00e+00
 3.13207e+14	2.37e-14	6.48e-07	1.00e+00
 3.23543e+14	2.70e-14	6.92e-07	1.00e+00
 3.35987e+14	3.14e-14	7.48e-07	1.00e+00
 3.48607e+14	3.64e-14	8.06e-07	1.00e+00
 3.60418e+14	4.16e-14	8.63e-07	1.00e+00
 3.73550e+14	4.81e-14	9.30e-07	1.00e+00
 3.87482e+14	5.57e-14	1.00e-06	1.00e+00
 3.99862e+14	6.32e-14	1.07e-06	1.00e+00
 4.13173e+14	7.21e-14	1.15e-06	1.00e+00
 4.29125e+14	8.40e-14	1.24e-06	1.00e+00
 4.44829e+14	9.71e-14	1.34e-06	1.00e+00
 4.58814e+14	1.10e-13	1.42e-06	1.00e+00
 4.74249e+14	1.26e-13	1.53e-06	1.00e+00
 4.92648e+14	1.46e-13	1.65e-06	1.00e+00
 5.10892e+14	1.69e-13	1.78e-06	1.00e+00
 5.27546e+14	1.92e-13	1.90e-06	1.00e+00
 5.46140e+14	2.21e-13	2.05e-06	1.00e+00
 5.67797e+14	2.58e-13	2.22e-06	1.00e+00
 5.89079e+14	2.99e-13	2.39e-06	1.00e+00
 6.09183e+14	3.41e-13	2.56e-06	1.00e+00
 6.31551e+14	3.93e-13	2.76e-06	1.00e+00
 6.56843e+14	4.59e-13	3.00e-06	1.00e+00
 6.80804e+14	5.28e-13	3.22e-06	1.00e+00
 7.02587e+14	5.98e-13	3.44e-06	1.00e+00
 7.27233e+14	6.84e-13	3.69e-06	1.00e+00
 7.56001e+14	7.95e-13	4.00e-06	1.00e+00
 7.83604e+14	9.13e-13	4.30e-06	1.00e+00
 8.08520e+14	1.03e-12	4.59e-06	1.00e+00
 8.31978e+14	1.15e-12	4.86e-06	1.00e+00
 8.57985e+14	1.29e-12	5.18e-06	1.00e+00
 8.87061e+14	1.47e-12	5.55e-06	1.00e+00
 9.14525e+14	1.65e-12	5.90e-06	1.00e+00
 9.44626e+14	1.87e-12	6.31e-06	1.00e+00
 9.78324e+14	2.13e-12	6.77e-06	1.00e+00
 1.01012e+15	2.41e-12	7.23e-06	1.00e+00
 1.04487e+15	2.73e-12	7.75e-06	1.00e+00
 1.08328e+15	3.13e-12	8.34e-06	1.00e+00
 1.11874e+15	3.53e-12	8.90e-06	1.00e+00
 1.15714e+15	4.00e-12	9.54e-06	1.00e+00
 1.20006e+15	4.59e-12	1.03e-05	1.00e+00
 1.24040e+15	5.18e-12	1.10e-05	1.00e+00
 1.28433e+15	5.91e-12	1.18e-05	1.00e+00
 1.33321e+15	6.77e-12	1.27e-05	1.00e+00
 1.37890e+15	7.68e-12	1.36e-05	1.00e+00
 1.42857e+15	8.75e-12	1.47e-05	1.00e+00
 1.48414e+15	1.01e-11	1.59e-05	1.00e+00
 1.53680e+15	1.15e-11	1.70e-05	1.00e+00
 1.59318e+15	1.32e-11	1.84e-05	1.00e+00
 1.65694e+15	1.52e-11	1.99e-05	1.00e+00
 1.71970e+15	1.75e-11	2.15e-05	1.00e+00
 1.78497e+15	2.01e-11	2.33e-05	1.00e+00
 1.85640e+15	2.33e-11	2.53e-05	1.00e+00
 1.92689e+15	2.69e-11	2.74e-05	1.00e+00
 1.98543e+15	3.01e-11	2.92e-05	1.00e+00
 2.03273e+15	3.30e-11	3.07e-05	1.00e+00
 2.08526e+15	3.65e-11	3.24e-05	1.00e+00
 2.15354e+15	4.14e-11	3.47e-05	1.00e+00
 2.22670e+15	4.71e-11	3.73e-05	1.00e+00
 2.29156e+15	5.28e-11	3.97e-05	1.00e+00
 2.36123e+15	5.94e-11	4.24e-05	1.00e+00
 2.44864e+15	6.87e-11	4.59e-05	1.00e+00
 2.53736e+15	7.93e-11	4.97e-05	1.00e+00
 2.61414e+15	8.93e-11	5.30e-05	1.00e+00
 2.69713e+15	1.02e-10	5.69e-05	1.00e+00
 2.79893e+15	1.18e-10	6.17e-05	1.00e+00
 2.90181e+15	1.37e-10	6.69e-05	1.00e+00
 2.99316e+15	1.56e-10	7.17e-05	1.00e+00
 3.09290e+15	1.78e-10	7.72e-05	1.00e+00
 3.21227e+15	2.09e-10	8.40e-05	1.00e+00
 3.33043e+15	2.43e-10	9.12e-05	1.00e+00
 3.43694e+15	2.78e-10	9.79e-05	1.00e+00
 3.55506e+15	3.21e-10	1.06e-04	1.00e+00
 3.69427e+15	3.78e-10	1.15e-04	1.00e+00
 3.83169e+15	4.41e-10	1.25e-04	1.00e+00
 3.95919e+15	5.07e-10	1.35e-04	1.00e+00
 4.10218e+15	5.91e-10	1.46e-04	1.00e+00
 4.26630e+15	7.00e-10	1.60e-04	1.00e+00
 4.42770e+15	8.21e-10	1.74e-04	1.00e+00
 4.59555e+15	9.64e-10	1.89e-04	1.00e+00
 4.74852e+15	1.11e-09	2.03e-04	1.00e+00
 4.86260e+15	1.23e-09	2.14e-04	1.00e+00
 4.98043e+15	1.36e-09	2.26e-04	1.00e+00
 5.13361e+15	1.55e-09	2.42e-04	1.00e+00
 5.29937e+15	1.78e-09	2.60e-04	1.00e+00
 5.44889e+15	2.01e-09	2.77e-04	1.00e+00
 5.61069e+15	2.28e-09	2.96e-04	1.00e+00
 5.81621e+15	2.67e-09	3.20e-04	1.00e+00
 6.02313e+15	3.10e-09	3.46e-04	1.00e+00
 6.19673e+15	3.50e-09	3.69e-04	1.00e+00
 6.38240e+15	3.98e-09	3.94e-04	1.00e+00
 6.61711e+15	4.65e-09	4.27e-04	1.00e+00
 6.86313e+15	5.44e-09	4.63e-04	1.00e+00
 7.08395e+15	6.23e-09	4.96e-04	1.00e+00
 7.32442e+15	7.18e-09	5.34e-04	9.99e-01
 7.60956e+15	8.45e-09	5.81e-04	9.99e-01
 7.88869e+15	9.84e-09	6.28e-04	9.99e-01
 8.14139e+15	1.12e-08	6.73e-04	9.99e-01
 8.42384e+15	1.30e-08	7.25e-04	9.99e-01
 8.75517e+15	1.53e-08	7.88e-04	9.99e-01
 9.08054e+15	1.78e-08	8.53e-04	9.99e-01
 9.38361e+15	2.04e-08	9.15e-04	9.99e-01
 9.72366e+15	2.37e-08	9.89e-04	9.99e-01
 1.00502e+16	2.72e-08	1.06e-03	9.99e-01
 1.02922e+16	3.01e-08	1.12e-03	9.99e-01
 1.05362e+16	3.32e-08	1.17e-03	9.99e-01
 1.08533e+16	3.76e-08	1.25e-03	9.99e-01
 1.11966e+16	4.28e-08	1.34e-03	9.99e-01
 1.15031e+16	4.79e-08	1.41e-03	9.99e-01
 1.18306e+16	5.38e-08	1.50e-03	9.98e-01
 1.22561e+16	6.25e-08	1.62e-03	9.98e-01
 1.26862e+16	7.19e-08	1.74e-03	9.98e-01
 1.30345e+16	8.03e-08	1.85e-03	9.98e-01
 1.33993e+16	9.01e-08	1.96e-03	9.98e-01
 1.38735e+16	1.04e-07	2.11e-03	9.98e-01
 1.43670e+16	1.20e-07	2.28e-03	9.98e-01
 1.47846e+16	1.35e-07	2.42e-03	9.98e-01
 1.52262e+16	1.52e-07	2.58e-03	9.97e-01
 1.57853e+16	1.77e-07	2.79e-03	9.97e-01
 1.63405e+16	2.04e-07	3.01e-03	9.97e-01
 1.67933e+16	2.27e-07	3.19e-03	9.97e-01
 1.72699e+16	2.56e-07	3.41e-03	9.97e-01
 1.78895e+16	2.98e-07	3.70e-03	9.96e-01
 1.85113e+16	3.41e-07	3.99e-03	9.96e-01
 1.89712e+16	3.76e-07	4.22e-03	9.96e-01
 1.94042e+16	4.15e-07	4.46e-03	9.96e-01
 1.99670e+16	4.71e-07	4.80e-03	9.95e-01
 2.05320e+16	5.30e-07	5.14e-03	9.95e-01
 2.09958e+16	5.82e-07	5.44e-03	9.95e-01
 2.14949e+16	6.50e-07	5.81e-03	9.94e-01
 2.20458e+16	7.28e-07	6.22e-03	9.94e-01
 2.25691e+16	8.13e-07	6.66e-03	9.93e-01
 2.31540e+16	9.23e-07	7.21e-03	9.93e-01
 2.37711e+16	1.05e-06	7.84e-03	9.92e-01
 2.42759e+16	1.16e-06	8.39e-03	9.92e-01
 2.47052e+16	1.28e-06	8.92e-03	9.91e-01
 2.51906e+16	1.43e-06	9.60e-03	9.90e-01
 2.57280e+16	1.62e-06	1.04e-02	9.90e-01
 2.62161e+16	1.81e-06	1.13e-02	9.89e-01
 2.66568e+16	2.01e-06	1.22e-02	9.88e-01
 2.70717e+16	2.24e-06	1.31e-02	9.87e-01
 2.74639e+16	2.49e-06	1.41e-02	9.86e-01
 2.78494e+16	2.76e-06	1.52e-02	9.85e-01
 2.82924e+16	3.16e-06	1.67e-02	9.83e-01
 2.87410e+16	3.61e-06	1.84e-02	9.82e-01
 2.90963e+16	4.03e-06	2.01e-02	9.80e-01
 2.94083e+16	4.49e-06	2.17e-02	9.78e-01
 2.97648e+16	5.05e-06	2.39e-02	9.76e-01
 3.01483e+16	5.84e-06	2.67e-02	9.73e-01
 3.04747e+16	6.77e-06	2.96e-02	9.70e-01
 3.07410e+16	7.59e-06	3.24e-02	9.68e-01
 3.10213e+16	8.57e-06	3.59e-02	9.64e-01
 3.13315e+16	9.98e-06	4.05e-02	9.60e-01
 3.16049e+16	1.17e-05	4.55e-02	9.55e-01
 3.18238e+16	1.32e-05	5.03e-02	9.50e-01
 3.20476e+16	1.52e-05	5.62e-02	9.44e-01
 3.22899e+16	1.78e-05	6.40e-02	9.36e-01
 3.24986e+16	2.07e-05	7.23e-02	9.28e-01
 3.26714e+16	2.41e-05	8.06e-02	9.19e-01
 3.28248e+16	2.71e-05	8.95e-02	9.10e-01
 3.29935e+16	3.15e-05	1.01e-01	8.99e-01
 3.31726e+16	3.73e-05	1.16e-01	8.84e-01
 3.33216e+16	4.36e-05	1.32e-01	8.68e-01
 3.34430e+16	5.03e-05	1.47e-01	8.53e-01
 3.35520e+16	5.67e-05	1.63e-01	8.37e-01
 3.36733e+16	6.58e-05	1.84e-01	8.16e-01
 3.38028e+16	7.77e-05	2.11e-01	7.89e-01
 3.39120e+16	9.03e-05	2.38e-01	7.62e-01
 3.39921e+16	1.01e-04	2.61e-01	7.39e-01
 3.40486e+16	1.09e-04	2.79e-01	7.21e-01
 3.41052e+16	1.19e-04	2.98e-01	7.02e-01
 3.41789e+16	1.33e-04	3.26e-01	6.74e-01
 3.42582e+16	1.50e-04	3.58e-01	6.42e-01
 3.43280e+16	1.66e-04	3.89e-01	6.11e-01
 3.43910e+16	1.82e-04	4.19e-01	5.80e-01
 3.44620e+16	2.03e-04	4.56e-01	5.44e-01
 3.45395e+16	2.26e-04	4.97e-01	5.03e-01
 3.46101e+16	2.50e-04	5.36e-01	4.64e-01
 3.46865e+16	2.77e-04	5.80e-01	4.20e-01
 3.47710e+16	3.07e-04	6.27e-01	3.73e-01
 3.48508e+16	3.36e-04	6.70e-01	3.30e-01
 3.49395e+16	3.70e-04	7.16e-01	2.84e-01
 3.50548e+16	4.12e-04	7.69e-01	2.31e-01
 3.51771e+16	4.52e-04	8.16e-01	1.84e-01
 3.52909e+16	4.87e-04	8.52e-01	1.47e-01
 3.54215e+16	5.24e-04	8.86e-01	1.14e-01
 3.55912e+16	5.66e-04	9.18e-01	8.19e-02
 3.58119e+16	6.12e-04	9.45e-01	5.43e-02
 3.60987e+16	6.65e-04	9.66e-01	3.31e-02
 3.64716e+16	7.29e-04	9.81e-01	1.86e-02
 3.68644e+16	7.96e-04	9.88e-01	1.10e-02
 3.71921e+16	8.61e-04	9.92e-01	7.45e-03
 3.74726e+16	9.22e-04	9.94e-01	5.48e-03
 3.77825e+16	9.99e-04	9.95e-01	3.95e-03
 3.81161e+16	1.09e-03	9.96e-01	2.88e-03
 3.83472e+16	1.17e-03	9.96e-01	2.38e-03
 3.84649e+16	1.22e-03	9.97e-01	2.16e-03
 3.85687e+16	1.26e-03	9.97e-01	1.97e-03
 3.87037e+16	1.32e-03	9.97e-01	1.75e-03
 3.88792e+16	1.40e-03	9.97e-01	1.51e-03
 3.90580e+16	1.49e-03	9.97e-01	1.32e-03
 3.91963e+16	1.57e-03	9.97e-01	1.19e-03
 3.93092e+16	1.65e-03	9.97e-01	1.09e-03
 3.94338e+16	1.74e-03	9.97e-01	9.90e-04
 3.95603e+16	1.83e-03	9.97e-01	9.05e-04
 3.96569e+16	1.92e-03	9.97e-01	8.45e-04
 3.97358e+16	1.99e-03	9.97e-01	8.00e-04
 3.98242e+16	2.08e-03	9.97e-01	7.48e-04
 3.99390e+16	2.20e-03	9.97e-01	6.89e-04
 4.00503e+16	2.34e-03	9.97e-01	6.39e-04
 4.01289e+16	2.44e-03	9.97e-01	6.07e-04
 4.01928e+16	2.53e-03	9.97e-01	5.82e-04
 4.02657e+16	2.64e-03	9.97e-01	5.52e-04
 4.03606e+16	2.80e-03	9.97e-01	5.17e-04
 4.04542e+16	2.98e-03	9.97e-01	4.87e-04
 4.05222e+16	3.12e-03	9.96e-01	4.66e-04
 4.05773e+16	3.24e-03	9.96e-01	4.50e-04
 4.06397e+16	3.39e-03	9.96e-01	4.31e-04
 4.07209e+16	3.60e-03	9.96e-01	4.08e-04
 4.08010e+16	3.84e-03	9.96e-01	3.88e-04
 4.08596e+16	4.04e-03	9.96e-01	3.74e-04
 4.09076e+16	4.21e-03	9.95e-01	3.63e-04
 4.09620e+16	4.41e-03	9.95e-01	3.50e-04
 4.10327e+16	4.71e-03	9.95e-01	3.34e-04
 4.11028e+16	5.05e-03	9.95e-01	3.20e-04
 4.11545e+16	5.34e-03	9.94e-01	3.10e-04
 4.11973e+16	5.59e-03	9.94e-01	3.02e-04
 4.12461e+16	5.90e-03	9.94e-01	2.92e-04
 4.13094e+16	6.35e-03	9.93e-01	2.80e-04
 4.13731e+16	6.89e-03	9.93e-01	2.70e-04
 4.14218e+16	7.37e-03	9.92e-01	2.62e-04
 4.14696e+16	7.87e-03	9.92e-01	2.54e-04
 4.15318e+16	8.63e-03	9.91e-01	2.44e-04
 4.15958e+16	9.58e-03	9.90e-01	2.34e-04
 4.16455e+16	1.05e-02	9.89e-01	2.27e-04
 4.16848e+16	1.13e-02	9.88e-01	2.22e-04
 4.17269e+16	1.23e-02	9.87e-01	2.16e-04
 4.17743e+16	1.36e-02	9.86e-01	2.10e-04
 4.18165e+16	1.50e-02	9.85e-01	2.05e-04
 4.18508e+16	1.64e-02	9.83e-01	2.00e-04
 4.18819e+16	1.78e-02	9.82e-01	1.97e-04
 4.19172e+16	1.97e-02	9.80e-01	1.93e-04
 4.19550e+16	2.21e-02	9.78e-01	1.88e-04
 4.19862e+16	2.46e-02	9.75e-01	1.85e-04
 4.20110e+16	2.69e-02	9.73e-01	1.83e-04
 4.20336e+16	2.93e-02	9.71e-01	1.81e-04
 4.20594e+16	3.24e-02	9.67e-01	1.79e-04
 4.20882e+16	3.67e-02	9.63e-01	1.76e-04
 4.21137e+16	4.13e-02	9.59e-01	1.75e-04
 4.21342e+16	4.57e-02	9.54e-01	1.74e-04
 4.21523e+16	5.03e-02	9.50e-01	1.74e-04
 4.21727e+16	5.61e-02	9.44e-01	1.73e-04
 4.21944e+16	6.36e-02	9.36e-01	1.73e-04
 4.22122e+16	7.12e-02	9.29e-01	1.73e-04
 4.22267e+16	7.80e-02	9.22e-01	1.75e-04
 4.22414e+16	8.61e-02	9.14e-01	1.76e-04
 4.22573e+16	9.58e-02	9.04e-01	1.78e-04
 4.22722e+16	1.07e-01	8.93e-01	1.80e-04
 4.22857e+16	1.18e-01	8.82e-01	1.82e-04
 4.22980e+16	1.29e-01	8.70e-01	1.85e-04
 4.23090e+16	1.41e-01	8.59e-01	1.87e-04
 4.23188e+16	1.52e-01	8.47e-01	1.90e-04
 4.23280e+16	1.64e-01	8.36e-01	1.93e-04
 4.23354e+16	1.74e-01	8.26e-01	1.95e-04
 4.23402e+16	1.81e-01	8.19e-01	1.97e-04
 4.23445e+16	1.88e-01	8.12e-01	1.98e-04
 4.23495e+16	1.96e-01	8.04e-01	1.99e-04
 4.23550e+16	2.05e-01	7.95e-01	2.01e-04
 4.23604e+16	2.15e-01	7.85e-01	2.03e-04
 4.23654e+16	2.24e-01	7.76e-01	2.06e-04
 4.23702e+16	2.33e-01	7.67e-01	2.07e-04
 4.23751e+16	2.43e-01	7.57e-01	2.09e-04
 4.23800e+16	2.53e-01	7.47e-01	2.11e-04
 4.23848e+16	2.64e-01	7.36e-01	2.13e-04
 4.23895e+16	2.75e-01	7.25e-01	2.15e-04
 4.23941e+16	2.86e-01	7.14e-01	2.17e-04
 4.23988e+16	2.97e-01	7.02e-01	2.19e-04
 4.24034e+16	3.09e-01	6.91e-01	2.21e-04
 4.24079e+16	3.21e-01	6.79e-01	2.22e-04
 4.24123e+16	3.33e-01	6.67e-01	2.25e-04
 4.24167e+16	3.46e-01	6.54e-01	2.26e-04
 4.24212e+16	3.59e-01	6.41e-01	2.28e-04
 4.24254e+16	3.72e-01	6.28e-01	2.30e-04
 4.24296e+16	3.85e-01	6.15e-01	2.31e-04
 4.24339e+16	3.99e-01	6.01e-01	2.33e-04
 4.24380e+16	4.12e-01	5.88e-01	2.34e-04
 4.24421e+16	4.26e-01	5.73e-01	2.35e-04
 4.24462e+16	4.40e-01	5.60e-01	2.37e-04
 4.24502e+16	4.54e-01	5.46e-01	2.38e-04
 4.24542e+16	4.69e-01	5.31e-01	2.39e-04
 4.24581e+16	4.83e-01	5.17e-01	2.40e-04
 4.24619e+16	4.97e-01	5.03e-01	2.40e-04
 4.24658e+16	5.11e-01	4.89e-01	2.41e-04
 4.24695e+16	5.25e-01	4.75e-01	2.41e-04
 4.24732e+16	5.39e-01	4.61e-01	2.42e-04
 4.24768e+16	5.53e-01	4.47e-01	2.42e-04
 4.24803e+16	5.66e-01	4.34e-01	2.42e-04
 4.24838e+16	5.79e-01	4.21e-01	2.42e-04
 4.24871e+16	5.92e-01	4.08e-01	2.42e-04
 4.24904e+16	6.05e-01	3.95e-01	2.42e-04
 4.24937e+16	6.17e-01	3.83e-01	2.41e-04
 4.24969e+16	6.29e-01	3.70e-01	2.40e-04
 4.25000e+16	6.42e-01	3.58e-01	2.39e-04
 4.25031e+16	6.53e-01	3.46e-01	2.38e-04
 4.25062e+16	6.65e-01	3.35e-01	2.37e-04
 4.25092e+16	6.76e-01	3.24e-01	2.36e-04
 4.25121e+16	6.87e-01	3.13e-01	2.35e-04
 4.25150e+16	6.97e-01	3.02e-01	2.33e-04
 4.25179e+16	7.08e-01	2.92e-01	2.32e-04
 4.25207e+16	7.17e-01	2.82e-01	2.30e-04
 4.25234e+16	7.27e-01	2.73e-01	2.29e-04
 4.25262e+16	7.36e-01	2.63e-01	2.27e-04
 4.25289e+16	7.46e-01	2.54e-01	2.25e-04
 4.25316e+16	7.54e-01	2.45e-01	2.23e-04
 4.25342e+16	7.63e-01	2.37e-01	2.21e-04
 4.25368e+16	7.71e-01	2.28e-01	2.19e-04
 4.25394e+16	7.79e-01	2.20e-01	2.17e-04
 4.25419e+16	7.87e-01	2.12e-01	2.14e-04
 4.25445e+16	7.95e-01	2.05e-01	2.12e-04
 4.25470e+16	8.02e-01	1.97e-01	2.09e-04
 4.25494e+16	8.09e-01	1.90e-01	2.07e-04
 4.25515e+16	8.15e-01	1.85e-01	2.04e-04
 4.25530e+16	8.19e-01	1.81e-01	2.03e-04
 4.25545e+16	8.23e-01	1.76e-01	2.01e-04
 4.25559e+16	8.27e-01	1.72e-01	1.99e-04
 4.25575e+16	8.32e-01	1.68e-01	1.97e-04
 4.25590e+16	8.36e-01	1.64e-01	1.95e-04
 4.25604e+16	8.39e-01	1.61e-01	1.93e-04
 4.25619e+16	8.43e-01	1.57e-01	1.91e-04
 4.25633e+16	8.46e-01	1.53e-01	1.89e-04
 4.25647e+16	8.50e-01	1.50e-01	1.87e-04
 4.25661e+16	8.53e-01	1.47e-01	1.85e-04
 4.25674e+16	8.57e-01	1.43e-01	1.83e-04
 4.25688e+16	8.60e-01	1.40e-01	1.81e-04
 4.25702e+16	8.63e-01	1.37e-01	1.79e-04
 4.25716e+16	8.66e-01	1.34e-01	1.77e-04
 4.25731e+16	8.69e-01	1.30e-01	1.75e-04
 4.25745e+16	8.73e-01	1.27e-01	1.73e-04
 4.25761e+16	8.76e-01	1.24e-01	1.71e-04
 4.25778e+16	8.80e-01	1.20e-01	1.68e-04
 4.25797e+16	8.84e-01	1.16e-01	1.66e-04
 4.25818e+16	8.88e-01	1.12e-01	1.62e-04
 4.25839e+16	8.92e-01	1.08e-01	1.59e-04
 4.25860e+16	8.96e-01	1.04e-01	1.56e-04
 4.25880e+16	8.99e-01	1.00e-01	1.53e-04
 4.25899e+16	9.03e-01	9.71e-02	1.49e-04
 4.25917e+16	9.06e-01	9.39e-02	1.46e-04
 4.25935e+16	9.09e-01	9.08e-02	1.43e-04
 4.25951e+16	9.12e-01	8.80e-02	1.40e-04
 4.25967e+16	9.14e-01	8.55e-02	1.37e-04
 4.25981e+16	9.17e-01	8.32e-02	1.34e-04
 4.25993e+16	9.19e-01	8.12e-02	1.32e-04
 4.26005e+16	9.20e-01	7.94e-02	1.29e-04
 4.26015e+16	9.22e-01	7.78e-02	1.27e-04
 4.26025e+16	9.24e-01	7.63e-02	1.25e-04
 4.26034e+16	9.25e-01	7.49e-02	1.23e-04
 4.26043e+16	9.26e-01	7.35e-02	1.22e-04
 4.26054e+16	9.28e-01	7.20e-02	1.19e-04
 4.26063e+16	9.29e-01	7.07e-02	1.18e-04
 4.26071e+16	9.30e-01	6.94e-02	1.16e-04
 4.26079e+16	9.32e-01	6.83e-02	1.14e-04
 4.26088e+16	9.33e-01	6.71e-02	1.12e-04
 4.26097e+16	9.34e-01	6.58e-02	1.11e-04
 4.26105e+16	9.35e-01	6.47e-02	1.09e-04
 4.26113e+16	9.36e-01	6.36e-02	1.07e-04
 4.26120e+16	9.37e-01	6.27e-02	1.06e-04
 4.26127e+16	9.38e-01	6.17e-02	1.04e-04
 4.26135e+16	9.39e-01	6.06e-02	1.03e-04
 4.26143e+16	9.40e-01	5.96e-02	1.01e-04
 4.26150e+16	9.41e-01	5.87e-02	9.94e-05
 4.26156e+16	9.42e-01	5.79e-02	9.81e-05
 4.26163e+16	9.43e-01	5.70e-02	9.67e-05
 4.26170e+16	9.44e-01	5.61e-02	9.52e-05
 4.26176e+16	9.45e-01	5.53e-02	9.38e-05
 4.26182e+16	9.45e-01	5.45e-02	9.24e-05
 4.26188e+16	9.46e-01	5.38e-02	9.12e-05
 4.26194e+16	9.47e-01	5.31e-02	9.00e-05
 4.26200e+16	9.48e-01	5.23e-02	8.86e-05
 4.26206e+16	9.48e-01	5.16e-02	8.73e-05
 4.26212e+16	9.49e-01	5.09e-02	8.62e-05
 4.26218e+16	9.50e-01	5.02e-02	8.50e-05
 4.26224e+16	9.50e-01	4.95e-02	8.37e-05
 4.26230e+16	9.51e-01	4.88e-02	8.24e-05
 4.26235e+16	9.52e-01	4.82e-02	8.13e-05
 4.26241e+16	9.52e-01	4.75e-02	8.02e-05
 4.26247e+16	9.53e-01	4.69e-02	7.90e-05
 4.26253e+16	9.54e-01	4.62e-02	7.78e-05
 4.26258e+16	9.54e-01	4.56e-02	7.68e-05
 4.26264e+16	9.55e-01	4.50e-02	7.57e-05
 4.26270e+16	9.56e-01	4.44e-02	7.46e-05
 4.26275e+16	9.56e-01	4.38e-02	7.34e-05
 4.26280e+16	9.57e-01	4.33e-02	7.25e-05
 4.26286e+16	9.57e-01	4.27e-02	7.15e-05
 4.26293e+16	9.58e-01	4.19e-02	7.01e-05
 4.26301e+16	9.59e-01	4.12e-02	6.88e-05
 4.26308e+16	9.59e-01	4.05e-02	6.76e-05
 4.26314e+16	9.60e-01	3.99e-02	6.65e-05
 4.26320e+16	9.61e-01	3.93e-02	6.54e-05
 4.26326e+16	9.61e-01	3.88e-02	6.45e-05
 4.26331e+16	9.62e-01	3.83e-02	6.36e-05
 4.26338e+16	9.62e-01	3.77e-02	6.26e-05
 4.26345e+16	9.63e-01	3.71e-02	6.16e-05
 4.26352e+16	9.63e-01	3.65e-02	6.05e-05
 4.26359e+16	9.64e-01	3.60e-02	5.95e-05
 4.26365e+16	9.64e-01	3.54e-02	5.86e-05
 4.26372e+16	9.65e-01	3.49e-02	5.77e-05
 4.26379e+16	9.66e-01	3.43e-02	5.67e-05
 4.26386e+16	9.66e-01	3.38e-02	5.58e-05
 4.26393e+16	9.67e-01	3.33e-02	5.49e-05
 4.26401e+16	9.67e-01	3.27e-02	5.39e-05
 4.26408e+16	9.68e-01	3.22e-02	5.30e-05
 4.26415e+16	9.68e-01	3.18e-02	5.22e-05
 4.26422e+16	9.69e-01	3.13e-02	5.14e-05
 4.26430e+16	9.69e-01	3.08e-02	5.05e-05
 4.26437e+16	9.70e-01	3.03e-02	4.97e-05
 4.26444e+16	9.70e-01	2.98e-02	4.88e-05
 4.26453e+16	9.71e-01	2.93e-02	4.80e-05
 4.26460e+16	9.71e-01	2.88e-02	4.71e-05
 4.26468e+16	9.72e-01	2.83e-02	4.63e-05
 4.26477e+16	9.72e-01	2.78e-02	4.55e-05
 4.26485e+16	9.73e-01	2.74e-02	4.47e-05
 4.26494e+16	9.73e-01	2.69e-02	4.38e-05
 4.26504e+16	9.74e-01	2.64e-02	4.30e-05
 4.26513e+16	9.74e-01	2.59e-02	4.22e-05
 4.26521e+16	9.74e-01	2.56e-02	4.16e-05
 4.26529e+16	9.75e-01	2.51e-02	4.08e-05
 4.26541e+16	9.75e-01	2.46e-02	3.99e-05
 4.26553e+16	9.76e-01	2.40e-02	3.90e-05
 4.26564e+16	9.76e-01	2.36e-02	3.82e-05
 4.26574e+16	9.77e-01	2.31e-02	3.75e-05
 4.26586e+16	9.77e-01	2.27e-02	3.67e-05
 4.26598e+16	9.78e-01	2.22e-02	3.60e-05
 4.26608e+16	9.78e-01	2.18e-02	3.53e-05
 4.26620e+16	9.79e-01	2.14e-02	3.45e-05
 4.26633e+16	9.79e-01	2.09e-02	3.38e-05
 4.26645e+16	9.79e-01	2.05e-02	3.32e-05
 4.26658e+16	9.80e-01	2.01e-02	3.24e-05
 4.26672e+16	9.80e-01	1.97e-02	3.17e-05
 4.26685e+16	9.81e-01	1.93e-02	3.11e-05
 4.26698e+16	9.81e-01	1.89e-02	3.04e-05
 4.26713e+16	9.81e-01	1.85e-02	2.98e-05
 4.26727e+16	9.82e-01	1.82e-02	2.92e-05
 4.26742e+16	9.82e-01	1.78e-02	2.85e-05
 4.26758e+16	9.83e-01	1.74e-02	2.79e-05
 4.26773e+16	9.83e-01	1.71e-02	2.74e-05
 4.26789e+16	9.83e-01	1.67e-02	2.68e-05
 4.26810e+16	9.84e-01	1.63e-02	2.61e-05
 4.26832e+16	9.84e-01	1.59e-02	2.55e-05
 4.26853e+16	9.84e-01	1.56e-02	2.49e-05
 4.26872e+16	9.85e-01	1.53e-02	2.44e-05
 4.26892e+16	9.85e-01	1.49e-02	2.38e-05
 4.26919e+16	9.85e-01	1.45e-02	2.32e-05
 4.26947e+16	9.86e-01	1.42e-02	2.26e-05
 4.26974e+16	9.86e-01	1.39e-02	2.21e-05
 4.27002e+16	9.86e-01	1.35e-02	2.15e-05
 4.27033e+16	9.87e-01	1.32e-02	2.10e-05
 4.27067e+16	9.87e-01	1.29e-02	2.05e-05
 4.27104e+16	9.87e-01	1.26e-02	2.00e-05
 4.27144e+16	9.88e-01	1.23e-02	1.95e-05
 4.27187e+16	9.88e-01	1.21e-02	1.90e-05
 4.27235e+16	9.88e-01	1.18e-02	1.85e-05
 4.27296e+16	9.89e-01	1.15e-02	1.80e-05
 4.27363e+16	9.89e-01	1.12e-02	1.76e-05
 4.27423e+16	9.89e-01	1.10e-02	1.72e-05
 4.27490e+16	9.89e-01	1.08e-02	1.68e-05
 4.27576e+16	9.89e-01	1.06e-02	1.65e-05
 4.27688e+16	9.90e-01	1.04e-02	1.61e-05
 4.27834e+16	9.90e-01	1.02e-02	1.56e-05
 4.28024e+16	9.90e-01	1.00e-02	1.52e-05
 4.28270e+16	9.90e-01	9.81e-03	1.47e-05
 4.28591e+16	9.90e-01	9.60e-03	1.42e-05
 4.29008e+16	9.91e-01	9.36e-03	1.35e-05
 4.29458e+16	9.91e-01	9.15e-03	1.30e-05
 4.29950e+16	9.91e-01	8.91e-03	1.23e-05
 4.30483e+16	9.91e-01	8.68e-03	1.17e-05
 4.30967e+16	9.92e-01	8.49e-03	1.12e-05
 4.31498e+16	9.92e-01	8.26e-03	1.06e-05
 4.32070e+16	9.92e-01	8.04e-03	1.01e-05
 4.32592e+16	9.92e-01	7.85e-03	9.58e-06
 4.33163e+16	9.92e-01	7.63e-03	9.06e-06
 4.33906e+16	9.93e-01	7.35e-03	8.43e-06
 4.34783e+16	9.93e-01	7.05e-03	7.77e-06
 4.35707e+16	9.93e-01	6.76e-03	7.15e-06
 4.36656e+16	9.94e-01	6.48e-03	6.57e-06
 4.37642e+16	9.94e-01	6.20e-03	6.03e-06
 4.38669e+16	9.94e-01	5.93e-03	5.51e-06
 4.39735e+16	9.94e-01	5.66e-03	5.03e-06
 4.40833e+16	9.95e-01	5.40e-03	4.59e-06
 4.41954e+16	9.95e-01	5.16e-03	4.18e-06
 4.43094e+16	9.95e-01	4.92e-03	3.81e-06
 4.44257e+16	9.95e-01	4.69e-03	3.47e-06
 4.45446e+16	9.96e-01	4.47e-03	3.15e-06
 4.46659e+16	9.96e-01	4.26e-03	2.86e-06
 4.47896e+16	9.96e-01	4.06e-03	2.60e-06
 4.49158e+16	9.96e-01	3.87e-03	2.36e-06
 4.50445e+16	9.96e-01	3.68e-03	2.14e-06
 4.51757e+16	9.96e-01	3.51e-03	1.94e-06
 4.53096e+16	9.97e-01	3.34e-03	1.76e-06
 4.54461e+16	9.97e-01	3.17e-03	1.59e-06
 4.55832e+16	9.97e-01	3.02e-03	1.44e-06
 4.57225e+16	9.97e-01	2.87e-03	1.30e-06
 4.58671e+16	9.97e-01	2.73e-03	1.18e-06
 4.60155e+16	9.97e-01	2.59e-03	1.06e-06
 4.61666e+16	9.98e-01	2.46e-03	9.55e-07
 4.63204e+16	9.98e-01	2.33e-03	8.59e-07
 4.64772e+16	9.98e-01	2.21e-03	7.72e-07
 4.66373e+16	9.98e-01	2.10e-03	6.93e-07
 4.68008e+16	9.98e-01	1.99e-03	6.21e-07
 4.69679e+16	9.98e-01	1.88e-03	5.57e-07
 4.71388e+16	9.98e-01	1.78e-03	4.98e-07
 4.73134e+16	9.98e-01	1.68e-03	4.44e-07
 4.74920e+16	9.98e-01	1.59e-03	3.96e-07
 4.76746e+16	9.98e-01	1.50e-03	3.53e-07
 4.78616e+16	9.99e-01	1.42e-03	3.14e-07
 4.80529e+16	9.99e-01	1.34e-03	2.78e-07
 4.82490e+16	9.99e-01	1.26e-03	2.46e-07
 4.84500e+16	9.99e-01	1.19e-03	2.18e-07
 4.86562e+16	9.99e-01	1.12e-03	1.92e-07
 4.88681e+16	9.99e-01	1.05e-03	1.69e-07
 4.90858e+16	9.99e-01	9.84e-04	1.49e-07
 4.93096e+16	9.99e-01	9.23e-04	1.30e-07
 4.95401e+16	9.99e-01	8.64e-04	1.14e-07
 4.97776e+16	9.99e-01	8.09e-04	9.90e-08
 5.00226e+16	9.99e-01	7.56e-04	8.60e-08
 5.02706e+16	9.99e-01	7.06e-04	7.47e-08
 5.05259e+16	9.99e-01	6.58e-04	6.45e-08
 5.07970e+16	9.99e-01	6.12e-04	5.53e-08
 5.10804e+16	9.99e-01	5.67e-04	4.72e-08
 5.13735e+16	9.99e-01	5.25e-04	4.01e-08
 5.16778e+16	1.00e+00	4.84e-04	3.39e-08
 5.19967e+16	1.00e+00	4.46e-04	2.84e-08
 5.23316e+16	1.00e+00	4.09e-04	2.37e-08
 5.26825e+16	1.00e+00	3.74e-04	1.96e-08
 5.30541e+16	1.00e+00	3.40e-04	1.60e-08
 5.34458e+16	1.00e+00	3.08e-04	1.30e-08
 5.38616e+16	1.00e+00	2.77e-04	1.04e-08
 5.43088e+16	1.00e+00	2.47e-04	8.16e-09
 5.47880e+16	1.00e+00	2.19e-04	6.32e-09
 5.53052e+16	1.00e+00	1.92e-04	4.79e-09
 5.58697e+16	1.00e+00	1.65e-04	3.53e-09
 5.65163e+16	1.00e+00	1.40e-04	2.49e-09
 5.72502e+16	1.00e+00	1.16e-04	1.70e-09
 5.80247e+16	1.00e+00	9.47e-05	1.13e-09
 5.88739e+16	1.00e+00	7.57e-05	7.18e-10
 5.99150e+16	1.00e+00	5.73e-05	4.12e-10
 6.10982e+16	1.00e+00	4.22e-05	2.24e-10
 6.23559e+16	1.00e+00	3.05e-05	1.18e-10
 6.37305e+16	1.00e+00	2.15e-05	5.93e-11
 6.51999e+16	1.00e+00	1.50e-05	2.89e-11
 6.67358e+16	1.00e+00	1.03e-05	1.39e-11
 6.83019e+16	1.00e+00	7.10e-06	6.72e-12
 6.98680e+16	1.00e+00	4.94e-06	3.30e-12
 7.14341e+16	1.00e+00	3.46e-06	1.65e-12
 7.30002e+16	1.00e+00	2.45e-06	8.37e-13
 7.45663e+16	1.00e+00	1.74e-06	4.31e-13
 7.61324e+16	1.00e+00	1.25e-06	2.26e-13
 7.76985e+16	1.00e+00	9.04e-07	1.20e-13
 7.92646e+16	1.00e+00	6.59e-07	6.46e-14
 8.08307e+16	1.00e+00	4.83e-07	3.53e-14
 8.23967e+16	1.00e+00	3.57e-07	1.96e-14
 8.39628e+16	1.00e+00	2.65e-07	1.10e-14
 8.57639e+16	1.00e+00	1.89e-07	5.64e-15
 8.78304e+16	1.00e+00	1.30e-07	2.72e-15
 8.99277e+16	1.00e+00	9.05e-08	1.34e-15
 9.20249e+16	1.00e+00	6.34e-08	6.68e-16
 9.42970e+16	1.00e+00	4.35e-08	3.19e-16
 9.67558e+16	1.00e+00	2.95e-08	1.48e-16
 9.92265e+16	1.00e+00	2.02e-08	7.03e-17
 1.01790e+17	1.00e+00	1.37e-08	3.30e-17
 1.04486e+17	1.00e+00	9.31e-09	1.53e-17
 1.07260e+17	1.00e+00	6.31e-09	7.12e-18
 1.10089e+17	1.00e+00	4.30e-09	3.34e-18
 1.12930e+17	1.00e+00	2.97e-09	1.60e-18
 1.15772e+17	1.00e+00	2.06e-09	7.79e-19
 1.18615e+17	1.00e+00	1.45e-09	3.87e-19
 1.21458e+17	1.00e+00	1.03e-09	1.96e-19
 1.24301e+17	1.00e+00	7.35e-10	1.01e-19
 1.27144e+17	1.00e+00	5.30e-10	5.26e-20
 1.29986e+17	1.00e+00	3.85e-10	2.79e-20
 1.32829e+17	1.00e+00	2.82e-10	1.50e-20
 1.35672e+17	1.00e+00	2.08e-10	8.21e-21
 1.38514e+17	1.00e+00	1.55e-10	0.00e+00
 1.41357e+17	1.00e+00	1.16e-10	0.00e+00
 1.44199e+17	1.00e+00	8.71e-11	0.00e+00
 1.47185e+17	1.00e+00	6.50e-11	0.00e+00
 1.50316e+17	1.00e+00	4.83e-11	0.00e+00
 1.53845e+17	1.00e+00	3.47e-11	0.00e+00
 1.57774e+17	1.00e+00	2.45e-11	0.00e+00
 1.61857e+17	1.00e+00	1.73e-11	0.00e+00
 1.66135e+17	1.00e+00	1.23e-11	0.00e+00
 1.70516e+17	1.00e+00	8.80e-12	0.00e+00
 1.74981e+17	1.00e+00	6.44e-12	0.00e+00
 1.79554e+17	1.00e+00	4.82e-12	0.00e+00
 1.84215e+17	1.00e+00	3.70e-12	0.00e+00
 1.88876e+17	1.00e+00	2.95e-12	0.00e+00
 1.93536e+17	1.00e+00	2.44e-12	0.00e+00
 1.98404e+17	1.00e+00	2.07e-12	0.00e+00
 2.03555e+17	1.00e+00	1.78e-12	0.00e+00
 2.08804e+17	1.00e+00	1.58e-12	0.00e+00
 2.14155e+17	1.00e+00	1.45e-12	0.00e+00
 2.19635e+17	1.00e+00	1.34e-12	0.00e+00
 2.25555e+17	1.00e+00	1.27e-12	0.00e+00
 2.31993e+17	1.00e+00	1.15e-12	0.00e+00
 2.38497e+17	1.00e+00	1.08e-12	0.00e+00
 2.44859e+17	1.00e+00	1.06e-12	0.00e+00
 2.51114e+17	1.00e+00	1.06e-12	0.00e+00
 2.57307e+17	1.00e+00	1.06e-12	0.00e+00
 2.63418e+17	1.00e+00	1.06e-12	0.00e+00
 2.69408e+17	1.00e+00	1.06e-12	0.00e+00
 2.75230e+17	1.00e+00	1.07e-12	0.00e+00
 2.80854e+17	1.00e+00	1.09e-12	0.00e+00
 2.86253e+17	1.00e+00	1.11e-12	0.00e+00
 2.91406e+17	1.00e+00	1.13e-12	0.00e+00
 2.96319e+17	1.00e+00	1.15e-12	0.00e+00
 3.01000e+17	1.00e+00	1.18e-12	0.00e+00
 3.05454e+17	1.00e+00	1.20e-12	0.00e+00
 3.09680e+17	1.00e+00	1.23e-12	0.00e+00
 3.13674e+17	1.00e+00	1.25e-12	0.00e+00
 3.17443e+17	1.00e+00	1.28e-12	0.00e+00
 3.21001e+17	1.00e+00	1.30e-12	0.00e+00
 3.24361e+17	1.00e+00	1.33e-12	0.00e+00
 3.27531e+17	1.00e+00	1.35e-12	0.00e+00
 3.30521e+17	1.00e+00	1.37e-12	0.00e+00
 3.33340e+17	1.00e+00	1.39e-12	0.00e+00
 3.35998e+17	1.00e+00	1.41e-12	0.00e+00
 3.38507e+17	1.00e+00	1.43e-12	0.00e+00
 3.40876e+17	1.00e+00	1.45e-12	0.00e+00
 3.43114e+17	1.00e+00	1.46e-12	0.00e+00
 3.45229e+17	1.00e+00	1.48e-12	0.00e+00
 3.47227e+17	1.00e+00	1.49e-12	0.00e+00
 3.49116e+17	1.00e+00	1.51e-12	0.00e+00
 3.50903e+17	1.00e+00	1.52e-12	0.00e+00
 3.52594e+17	1.00e+00	1.53e-12	0.00e+00
 3.54196e+17	1.00e+00	1.55e-12	0.00e+00
 3.55713e+17	1.00e+00	1.56e-12	0.00e+00
 3.57152e+17	1.00e+00	1.57e-12	0.00e+00
 3.58516e+17	1.00e+00	1.58e-12	0.00e+00
 3.59810e+17	1.00e+00	1.59e-12	0.00e+00
 3.61038e+17	1.00e+00	1.59e-12	0.00e+00
 3.62205e+17	1.00e+00	1.60e-12	0.00e+00
 3.63315e+17	1.00e+00	1.61e-12	0.00e+00
 3.64369e+17	1.00e+00	1.62e-12	0.00e+00
 3.65373e+17	1.00e+00	1.62e-12	0.00e+00
 3.66327e+17	1.00e+00	1.63e-12	0.00e+00
 3.67235e+17	1.00e+00	1.64e-12	0.00e+00
 3.68101e+17	1.00e+00	1.64e-12	0.00e+00
 3.68927e+17	1.00e+00	1.65e-12	0.00e+00
 3.69717e+17	1.00e+00	1.65e-12	0.00e+00
 3.70471e+17	1.00e+00	1.66e-12	0.00e+00
 3.71192e+17	1.00e+00	1.66e-12	0.00e+00
 3.71882e+17	1.00e+00	1.67e-12	0.00e+00
 3.72543e+17	1.00e+00	1.67e-12	0.00e+00
 3.73177e+17	1.00e+00	1.67e-12	0.00e+00
 3.73787e+17	1.00e+00	1.68e-12	0.00e+00
 3.74374e+17	1.00e+00	1.68e-12	0.00e+00
 3.74938e+17	1.00e+00	1.68e-12	0.00e+00
 3.75483e+17	1.00e+00	1.69e-12	0.00e+00
 3.76010e+17	1.00e+00	1.69e-12	0.00e+00
 3.76520e+17	1.00e+00	1.69e-12	0.00e+00
 3.77015e+17	1.00e+00	1.69e-12	0.00e+00
 3.77497e+17	1.00e+00	1.70e-12	0.00e+00
 3.77967e+17	1.00e+00	1.70e-12	0.00e+00
 3.78427e+17	1.00e+00	1.70e-12	0.00e+00
 3.78879e+17	1.00e+00	1.70e-12	0.00e+00
 3.79324e+17	1.00e+00	1.70e-12	0.00e+00
 3.79765e+17	1.00e+00	1.70e-12	0.00e+00
 3.80203e+17	1.00e+00	1.71e-12	0.00e+00
 3.80640e+17	1.00e+00	1.71e-12	0.00e+00
 3.81080e+17	1.00e+00	1.71e-12	0.00e+00
 3.81525e+17	1.00e+00	1.71e-12	0.00e+00
 3.81979e+17	1.00e+00	1.71e-12	0.00e+00
 3.82444e+17	1.00e+00	1.71e-12	0.00e+00
 3.82928e+17	1.00e+00	1.71e-12	0.00e+00
 3.83434e+17	1.00e+00	1.71e-12	0.00e+00
 3.83971e+17	1.00e+00	1.71e-12	0.00e+00
 3.84549e+17	1.00e+00	1.71e-12	0.00e+00
 3.85180e+17	1.00e+00	1.70e-12	0.00e+00
 3.85881e+17	1.00e+00	1.70e-12	0.00e+00
 3.86676e+17	1.00e+00	1.70e-12	0.00e+00
 3.87599e+17	1.00e+00	1.69e-12	0.00e+00
 3.88697e+17	1.00e+00	1.68e-12	0.00e+00
 3.90043e+17	1.00e+00	1.66e-12	0.00e+00
 3.91744e+17	1.00e+00	1.63e-12	0.00e+00
 3.93941e+17	1.00e+00	1.58e-12	0.00e+00
 3.96797e+17	1.00e+00	1.51e-12	0.00e+00
 4.00510e+17	1.00e+00	1.40e-12	0.00e+00
 4.05337e+17	1.00e+00	1.26e-12	0.00e+00
 4.11613e+17	1.00e+00	1.09e-12	0.00e+00
 4.19771e+17	1.00e+00	8.96e-13	0.00e+00
 4.30376e+17	1.00e+00	6.83e-13	0.00e+00
 4.44163e+17	1.00e+00	4.71e-13	0.00e+00
 4.60994e+17	1.00e+00	2.84e-13	0.00e+00
 4.79434e+17	1.00e+00	1.93e-13	0.00e+00
 4.98612e+17	1.00e+00	1.68e-13	0.00e+00
 5.18556e+17	1.00e+00	1.46e-13	0.00e+00
 5.39298e+17	1.00e+00	1.26e-13	0.00e+00
 5.60870e+17	1.00e+00	1.08e-13	0.00e+00
 5.83305e+17	1.00e+00	9.09e-14	0.00e+00
 6.06637e+17	1.00e+00	7.59e-14	0.00e+00
 6.30903e+17	1.00e+00	6.25e-14	0.00e+00
 6.55454e+17	1.00e+00	5.07e-14	0.00e+00
 6.78636e+17	1.00e+00	4.95e-14	0.00e+00
 6.99388e+17	1.00e+00	6.40e-14	0.00e+00
 7.18076e+17	1.00e+00	8.38e-14	0.00e+00
 7.35588e+17	1.00e+00	9.64e-14	0.00e+00
 7.52406e+17	1.00e+00	9.74e-14	0.00e+00
 7.68231e+17	1.00e+00	9.62e-14	0.00e+00
 7.82445e+17	1.00e+00	1.03e-13	0.00e+00
 7.94756e+17	1.00e+00	1.16e-13	0.00e+00
 8.05487e+17	1.00e+00	1.31e-13	0.00e+00
 8.15182e+17	1.00e+00	1.36e-13	0.00e+00
 8.23530e+17	1.00e+00	1.34e-13	0.00e+00
 8.29483e+17	1.00e+00	1.44e-13	0.00e+00
 8.32933e+17	1.00e+00	1.66e-13	0.00e+00
 8.34854e+17	1.00e+00	1.82e-13	0.00e+00
 8.36007e+17	1.00e+00	1.91e-13	0.00e+00
 8.36698e+17	1.00e+00	1.97e-13	0.00e+00
 8.37167e+17	1.00e+00	2.00e-13	0.00e+00
 8.37563e+17	1.00e+00	2.02e-13	0.00e+00
 8.37992e+17	1.00e+00	2.04e-13	0.00e+00
 8.38548e+17	1.00e+00	2.06e-13	0.00e+00
 8.39141e+17	1.00e+00	2.07e-13	0.00e+00
 8.39649e+17	1.00e+00	2.08e-13	0.00e+00
 8.40064e+17	1.00e+00	2.09e-13	0.00e+00
 8.40405e+17	1.00e+00	2.09e-13	0.00e+00
 8.40724e+17	1.00e+00	2.09e-13	0.00e+00
 8.41089e+17	1.00e+00	2.10e-13	0.00e+00
 8.41483e+17	1.00e+00	2.10e-13	0.00e+00
 8.41817e+17	1.00e+00	2.09e-13	0.00e+00
 8.42075e+17	1.00e+00	2.09e-13	0.00e+00
 8.42322e+17	1.00e+00	2.09e-13	0.00e+00
 8.42596e+17	1.00e+00	2.09e-13	0.00e+00
 8.42879e+17	1.00e+00	2.08e-13	0.00e+00
 8.43138e+17	1.00e+00	2.08e-13	0.00e+00
 8.43372e+17	1.00e+00	2.08e-13	0.00e+00
 8.43597e+17	1.00e+00	2.07e-13	0.00e+00
 8.43818e+17	1.00e+00	2.07e-13	0.00e+00
 8.44040e+17	1.00e+00	2.06e-13	0.00e+00
 8.44262e+17	1.00e+00	2.06e-13	0.00e+00
 8.44472e+17	1.00e+00	2.05e-13	0.00e+00
 8.44669e+17	1.00e+00	2.04e-13	0.00e+00
 8.44870e+17	1.00e+00	2.04e-13	0.00e+00
 8.45075e+17	1.00e+00	2.03e-13	0.00e+00
 8.45273e+17	1.00e+00	2.03e-13	0.00e+00
 8.45462e+17	1.00e+00	2.02e-13	0.00e+00
 8.45655e+17	1.00e+00	2.01e-13	0.00e+00
 8.45853e+17	1.00e+00	2.01e-13	0.00e+00
 8.46052e+17	1.00e+00	2.00e-13	0.00e+00
 8.46247e+17	1.00e+00	1.99e-13	0.00e+00
 8.46426e+17	1.00e+00	1.98e-13	0.00e+00
 8.46611e+17	1.00e+00	1.97e-13	0.00e+00
 8.46819e+17	1.00e+00	1.97e-13	0.00e+00
 8.47030e+17	1.00e+00	1.96e-13	0.00e+00
 8.47227e+17	1.00e+00	1.95e-13	0.00e+00
 8.47418e+17	1.00e+00	1.94e-13	0.00e+00
 8.47618e+17	1.00e+00	1.93e-13	0.00e+00
 8.47829e+17	1.00e+00	1.92e-13	0.00e+00
 8.48043e+17	1.00e+00	1.91e-13	0.00e+00
 8.48274e+17	1.00e+00	1.90e-13	0.00e+00
 8.48523e+17	1.00e+00	1.88e-13	0.00e+00
 8.48758e+17	1.00e+00	1.87e-13	0.00e+00
 8.48970e+17	1.00e+00	1.86e-13	0.00e+00
 8.49189e+17	1.00e+00	1.85e-13	0.00e+00
 8.49443e+17	1.00e+00	1.83e-13	0.00e+00
 8.49710e+17	1.00e+00	1.82e-13	0.00e+00
 8.49966e+17	1.00e+00	1.80e-13	0.00e+00
 8.50213e+17	1.00e+00	1.79e-13	0.00e+00
 8.50474e+17	1.00e+00	1.77e-13	0.00e+00
 8.50763e+17	1.00e+00	1.76e-13	0.00e+00
 8.51058e+17	1.00e+00	1.74e-13	0.00e+00
 8.51350e+17	1.00e+00	1.72e-13	0.00e+00
 8.51641e+17	1.00e+00	1.70e-13	0.00e+00
 8.51939e+17	1.00e+00	1.68e-13	0.00e+00
 8.52259e+17	1.00e+00	1.66e-13	0.00e+00
 8.52594e+17	1.00e+00	1.64e-13	0.00e+00
 8.52933e+17	1.00e+00	1.62e-13	0.00e+00
 8.53273e+17	1.00e+00	1.60e-13	0.00e+00
 8.53617e+17	1.00e+00	1.58e-13	0.00e+00
 8.53972e+17	1.00e+00	1.55e-13	0.00e+00
 8.54329e+17	1.00e+00	1.53e-13	0.00e+00
 8.54718e+17	1.00e+00	1.51e-13	0.00e+00
 8.55145e+17	1.00e+00	1.48e-13	0.00e+00
 8.55558e+17	1.00e+00	1.45e-13	0.00e+00
 8.55937e+17	1.00e+00	1.43e-13	0.00e+00
 8.56340e+17	1.00e+00	1.40e-13	0.00e+00
 8.56815e+17	1.00e+00	1.37e-13	0.00e+00
 8.57300e+17	1.00e+00	1.34e-13	0.00e+00
 8.57734e+17	1.00e+00	1.31e-13	0.00e+00
 8.58169e+17	1.00e+00	1.28e-13	0.00e+00
 8.58663e+17	1.00e+00	1.25e-13	0.00e+00
 8.59190e+17	1.00e+00	1.22e-13	0.00e+00
 8.59694e+17	1.00e+00	1.19e-13	0.00e+00
 8.60180e+17	1.00e+00	1.16e-13	0.00e+00
 8.60690e+17	1.00e+00	1.13e-13	0.00e+00
 8.61237e+17	1.00e+00	1.09e-13	0.00e+00
 8.61808e+17	1.00e+00	1.06e-13	0.00e+00
 8.62371e+17	1.00e+00	1.02e-13	0.00e+00
 8.62922e+17	1.00e+00	9.92e-14	0.00e+00
 8.63488e+17	1.00e+00	9.59e-14	0.00e+00
 8.64089e+17	1.00e+00	9.25e-14	0.00e+00
 8.64708e+17	1.00e+00	8.90e-14	0.00e+00
 8.65328e+17	1.00e+00	8.56e-14	0.00e+00
 8.65953e+17	1.00e+00	8.21e-14	0.00e+00
 8.66588e+17	1.00e+00	7.87e-14	0.00e+00
 8.67232e+17	1.00e+00	7.53e-14	0.00e+00
 8.67900e+17	1.00e+00	7.20e-14	0.00e+00
 8.68589e+17	1.00e+00	6.85e-14	0.00e+00
 8.69281e+17	1.00e+00	6.52e-14	0.00e+00
 8.69969e+17	1.00e+00	6.18e-14	0.00e+00
 8.70671e+17	1.00e+00	5.87e-14	0.00e+00
 8.71400e+17	1.00e+00	5.55e-14	0.00e+00
 8.72171e+17	1.00e+00	5.22e-14	0.00e+00
 8.72962e+17	1.00e+00	4.89e-14	0.00e+00
 8.73742e+17	1.00e+00	4.57e-14	0.00e+00
 8.74503e+17	1.00e+00	4.28e-14	0.00e+00
 8.75301e+17	1.00e+00	3.99e-14	0.00e+00
 8.76136e+17	1.00e+00	3.70e-14	0.00e+00
 8.76956e+17	1.00e+00	3.43e-14	0.00e+00
 8.77740e+17	1.00e+00	3.16e-14	0.00e+00
 8.78434e+17	1.00e+00	2.94e-14	0.00e+00
 8.79031e+17	1.00e+00	2.75e-14	0.00e+00
 8.79565e+17	1.00e+00	2.61e-14	0.00e+00
 8.80081e+17	1.00e+00	2.47e-14	0.00e+00
 8.80596e+17	1.00e+00	2.34e-14	0.00e+00
 8.81090e+17	1.00e+00	2.22e-14	0.00e+00
 8.81542e+17	1.00e+00	2.11e-14	0.00e+00
 8.81957e+17	1.00e+00	2.01e-14	0.00e+00
 8.82354e+17	1.00e+00	1.92e-14	0.00e+00
 8.82744e+17	1.00e+00	1.84e-14	0.00e+00
 8.83125e+17	1.00e+00	1.76e-14	0.00e+00
 8.83488e+17	1.00e+00	1.69e-14	0.00e+00
 8.83834e+17	1.00e+00	1.62e-14	0.00e+00
