#depth	C	C+	C+2	C+3	C+4	C+5	C+6	C[1]	C[2]	C[3]	C+[1]	C+[2]	CO
 1.49634e+10	0.00e+00	0.00e+00	1.73e-26	2.66e-16	2.15e-05	1.62e-01	8.38e-01	0.00e+00	0.00e+00	0.00e+00	0.00e+00	0.00e+00	0.00e+00
 4.54887e+10	0.00e+00	3.76e-37	2.34e-26	3.33e-16	2.48e-05	1.73e-01	8.27e-01	0.00e+00	0.00e+00	0.00e+00	0.00e+00	0.00e+00	0.00e+00
 7.72350e+10	0.00e+00	0.00e+00	3.16e-26	4.16e-16	2.87e-05	1.85e-01	8.15e-01	0.00e+00	0.00e+00	0.00e+00	0.00e+00	0.00e+00	0.00e+00
 1.10251e+11	0.00e+00	8.05e-37	4.27e-26	5.19e-16	3.31e-05	1.97e-01	8.03e-01	0.00e+00	0.00e+00	0.00e+00	0.00e+00	0.00e+00	0.00e+00
 1.44588e+11	0.00e+00	0.00e+00	5.77e-26	6.48e-16	3.82e-05	2.10e-01	7.90e-01	0.00e+00	0.00e+00	0.00e+00	0.00e+00	0.00e+00	0.00e+00
 1.80298e+11	0.00e+00	1.71e-36	7.78e-26	8.08e-16	4.40e-05	2.23e-01	7.77e-01	0.00e+00	0.00e+00	0.00e+00	0.00e+00	0.00e+00	0.00e+00
 2.17437e+11	7.56e-48	2.50e-36	1.05e-25	1.01e-15	5.07e-05	2.37e-01	7.63e-01	0.00e+00	0.00e+00	0.00e+00	0.00e+00	0.00e+00	0.00e+00
 2.52088e+11	0.00e+00	3.50e-36	1.37e-25	1.22e-15	5.74e-05	2.50e-01	7.50e-01	0.00e+00	0.00e+00	0.00e+00	0.00e+00	0.00e+00	0.00e+00
 2.82611e+11	1.61e-47	4.67e-36	1.72e-25	1.45e-15	6.39e-05	2.62e-01	7.38e-01	0.00e+00	0.00e+00	0.00e+00	0.00e+00	0.00e+00	0.00e+00
 3.16661e+11	0.00e+00	0.00e+00	2.19e-25	1.73e-15	7.16e-05	2.75e-01	7.25e-01	0.00e+00	0.00e+00	0.00e+00	0.00e+00	0.00e+00	0.00e+00
 3.57589e+11	0.00e+00	9.12e-36	2.91e-25	2.13e-15	8.17e-05	2.90e-01	7.10e-01	0.00e+00	0.00e+00	0.00e+00	0.00e+00	0.00e+00	0.00e+00
 3.98743e+11	5.51e-47	1.29e-35	3.83e-25	2.60e-15	9.27e-05	3.05e-01	6.94e-01	0.00e+00	0.00e+00	0.00e+00	0.00e+00	0.00e+00	0.00e+00
 4.36541e+11	0.00e+00	0.00e+00	4.87e-25	3.10e-15	1.04e-04	3.19e-01	6.80e-01	0.00e+00	0.00e+00	0.00e+00	0.00e+00	0.00e+00	0.00e+00
 4.78687e+11	0.00e+00	2.44e-35	6.32e-25	3.75e-15	1.17e-04	3.35e-01	6.65e-01	0.00e+00	0.00e+00	0.00e+00	0.00e+00	0.00e+00	0.00e+00
 5.27523e+11	1.86e-46	3.52e-35	8.43e-25	4.62e-15	1.33e-04	3.53e-01	6.47e-01	0.00e+00	0.00e+00	0.00e+00	0.00e+00	0.00e+00	9.14e-147
 5.75291e+11	0.00e+00	0.00e+00	1.10e-24	5.63e-15	1.50e-04	3.70e-01	6.30e-01	0.00e+00	0.00e+00	0.00e+00	0.00e+00	0.00e+00	3.61e-211
 6.20523e+11	0.00e+00	6.79e-35	1.41e-24	6.73e-15	1.68e-04	3.86e-01	6.14e-01	0.00e+00	0.00e+00	0.00e+00	0.00e+00	0.00e+00	9.50e-276
 6.70824e+11	6.23e-46	9.51e-35	1.84e-24	8.15e-15	1.89e-04	4.03e-01	5.97e-01	0.00e+00	0.00e+00	0.00e+00	0.00e+00	0.00e+00	2.07e-145
 7.27584e+11	0.00e+00	1.37e-34	2.45e-24	1.00e-14	2.15e-04	4.22e-01	5.77e-01	0.00e+00	0.00e+00	0.00e+00	0.00e+00	0.00e+00	2.20e-210
 7.84601e+11	1.49e-45	1.94e-34	3.22e-24	1.22e-14	2.43e-04	4.41e-01	5.59e-01	0.00e+00	0.00e+00	0.00e+00	0.00e+00	0.00e+00	1.51e-275
 8.43898e+11	0.00e+00	2.76e-34	4.23e-24	1.49e-14	2.74e-04	4.60e-01	5.40e-01	0.00e+00	0.00e+00	0.00e+00	0.00e+00	0.00e+00	1.03e-165
 9.07581e+11	3.54e-45	3.96e-34	5.61e-24	1.82e-14	3.10e-04	4.80e-01	5.20e-01	0.00e+00	0.00e+00	0.00e+00	0.00e+00	0.00e+00	2.69e-231
 9.73811e+11	0.00e+00	5.67e-34	7.42e-24	2.23e-14	3.50e-04	5.00e-01	5.00e-01	0.00e+00	0.00e+00	0.00e+00	0.00e+00	0.00e+00	4.53e-297
 1.04269e+12	8.49e-45	8.11e-34	9.81e-24	2.72e-14	3.94e-04	5.19e-01	4.80e-01	0.00e+00	0.00e+00	0.00e+00	0.00e+00	0.00e+00	1.86e-142
 1.11432e+12	0.00e+00	1.16e-33	1.30e-23	3.31e-14	4.44e-04	5.39e-01	4.60e-01	0.00e+00	0.00e+00	0.00e+00	0.00e+00	0.00e+00	1.15e-208
 1.18882e+12	2.03e-44	1.65e-33	1.71e-23	4.04e-14	5.00e-04	5.59e-01	4.41e-01	0.00e+00	0.00e+00	0.00e+00	0.00e+00	0.00e+00	1.83e-141
 1.26630e+12	0.00e+00	2.36e-33	2.25e-23	4.91e-14	5.61e-04	5.78e-01	4.21e-01	0.00e+00	0.00e+00	0.00e+00	0.00e+00	0.00e+00	4.30e-208
 1.34688e+12	4.83e-44	3.36e-33	2.96e-23	5.96e-14	6.30e-04	5.97e-01	4.02e-01	0.00e+00	0.00e+00	0.00e+00	0.00e+00	0.00e+00	1.80e-140
 1.43068e+12	0.00e+00	4.78e-33	3.89e-23	7.24e-14	7.06e-04	6.16e-01	3.83e-01	0.00e+00	0.00e+00	0.00e+00	0.00e+00	0.00e+00	1.58e-207
 1.51784e+12	1.15e-43	6.79e-33	5.11e-23	8.77e-14	7.90e-04	6.35e-01	3.64e-01	0.00e+00	0.00e+00	0.00e+00	0.00e+00	0.00e+00	1.76e-139
 1.60848e+12	0.00e+00	9.65e-33	6.70e-23	1.06e-13	8.84e-04	6.53e-01	3.46e-01	0.00e+00	0.00e+00	0.00e+00	0.00e+00	0.00e+00	5.73e-207
 1.69685e+12	2.64e-43	1.34e-32	8.64e-23	1.27e-13	9.80e-04	6.70e-01	3.29e-01	0.00e+00	0.00e+00	0.00e+00	0.00e+00	0.00e+00	1.61e-138
 1.78078e+12	0.00e+00	1.81e-32	1.09e-22	1.50e-13	1.08e-03	6.85e-01	3.14e-01	0.00e+00	0.00e+00	0.00e+00	0.00e+00	0.00e+00	2.05e-206
 1.87396e+12	5.68e-43	2.50e-32	1.40e-22	1.78e-13	1.19e-03	7.00e-01	2.98e-01	0.00e+00	0.00e+00	0.00e+00	0.00e+00	0.00e+00	1.23e-137
 1.97569e+12	0.00e+00	3.50e-32	1.81e-22	2.14e-13	1.32e-03	7.16e-01	2.82e-01	0.00e+00	0.00e+00	0.00e+00	0.00e+00	0.00e+00	5.92e-206
 2.07365e+12	1.26e-42	4.79e-32	2.31e-22	2.53e-13	1.46e-03	7.31e-01	2.68e-01	0.00e+00	0.00e+00	0.00e+00	0.00e+00	0.00e+00	1.04e-136
 2.17867e+12	0.00e+00	6.63e-32	2.96e-22	3.01e-13	1.61e-03	7.45e-01	2.53e-01	0.00e+00	0.00e+00	0.00e+00	0.00e+00	0.00e+00	1.82e-205
 2.29575e+12	2.89e-42	9.38e-32	3.86e-22	3.63e-13	1.79e-03	7.60e-01	2.39e-01	0.00e+00	0.00e+00	0.00e+00	0.00e+00	0.00e+00	9.48e-136
 2.41370e+12	0.00e+00	1.31e-31	5.00e-22	4.34e-13	1.98e-03	7.73e-01	2.25e-01	0.00e+00	0.00e+00	0.00e+00	0.00e+00	0.00e+00	5.14e-205
 2.53636e+12	6.62e-42	1.84e-31	6.47e-22	5.19e-13	2.19e-03	7.87e-01	2.11e-01	0.00e+00	0.00e+00	0.00e+00	0.00e+00	0.00e+00	8.71e-135
 2.66775e+12	0.00e+00	2.60e-31	8.44e-22	6.25e-13	2.42e-03	8.00e-01	1.98e-01	0.00e+00	0.00e+00	0.00e+00	0.00e+00	0.00e+00	1.18e-204
 2.80438e+12	1.56e-41	3.67e-31	1.10e-21	7.51e-13	2.69e-03	8.12e-01	1.85e-01	0.00e+00	0.00e+00	0.00e+00	0.00e+00	0.00e+00	8.60e-134
 2.94648e+12	0.00e+00	5.20e-31	1.44e-21	9.03e-13	2.98e-03	8.24e-01	1.73e-01	0.00e+00	0.00e+00	0.00e+00	0.00e+00	0.00e+00	9.51e-205
 3.09427e+12	3.66e-41	7.35e-31	1.87e-21	1.08e-12	3.29e-03	8.35e-01	1.62e-01	0.00e+00	0.00e+00	0.00e+00	0.00e+00	0.00e+00	8.53e-133
 3.24797e+12	0.00e+00	1.04e-30	2.44e-21	1.30e-12	3.65e-03	8.45e-01	1.51e-01	0.00e+00	0.00e+00	0.00e+00	0.00e+00	0.00e+00	0.00e+00
 3.40781e+12	8.63e-41	1.47e-30	3.19e-21	1.57e-12	4.03e-03	8.55e-01	1.41e-01	0.00e+00	0.00e+00	0.00e+00	0.00e+00	0.00e+00	8.50e-132
 3.57405e+12	0.00e+00	2.08e-30	4.16e-21	1.88e-12	4.46e-03	8.64e-01	1.31e-01	0.00e+00	0.00e+00	0.00e+00	0.00e+00	0.00e+00	0.00e+00
 3.74694e+12	2.04e-40	2.95e-30	5.42e-21	2.26e-12	4.93e-03	8.73e-01	1.22e-01	0.00e+00	0.00e+00	0.00e+00	0.00e+00	0.00e+00	8.53e-131
 3.90999e+12	0.00e+00	4.05e-30	6.91e-21	2.67e-12	5.41e-03	8.80e-01	1.14e-01	0.00e+00	0.00e+00	0.00e+00	0.00e+00	0.00e+00	0.00e+00
 4.05655e+12	4.23e-40	5.33e-30	8.52e-21	3.08e-12	5.85e-03	8.86e-01	1.08e-01	0.00e+00	0.00e+00	0.00e+00	0.00e+00	0.00e+00	6.06e-130
 4.22135e+12	0.00e+00	7.20e-30	1.07e-20	3.61e-12	6.37e-03	8.93e-01	1.01e-01	0.00e+00	0.00e+00	0.00e+00	0.00e+00	0.00e+00	0.00e+00
 4.41576e+12	9.39e-40	1.02e-29	1.39e-20	4.33e-12	7.03e-03	8.99e-01	9.38e-02	0.00e+00	0.00e+00	0.00e+00	0.00e+00	0.00e+00	5.13e-129
 4.60983e+12	0.00e+00	1.41e-29	1.79e-20	5.14e-12	7.72e-03	9.05e-01	8.73e-02	0.00e+00	0.00e+00	0.00e+00	0.00e+00	0.00e+00	0.00e+00
 4.79305e+12	2.05e-39	1.91e-29	2.26e-20	6.02e-12	8.41e-03	9.10e-01	8.17e-02	0.00e+00	0.00e+00	0.00e+00	0.00e+00	0.00e+00	4.14e-128
 4.99609e+12	0.00e+00	2.64e-29	2.89e-20	7.13e-12	9.22e-03	9.15e-01	7.61e-02	0.00e+00	0.00e+00	0.00e+00	0.00e+00	0.00e+00	0.00e+00
 5.22586e+12	4.73e-39	3.75e-29	3.78e-20	8.58e-12	1.02e-02	9.20e-01	7.03e-02	0.00e+00	0.00e+00	0.00e+00	0.00e+00	0.00e+00	3.89e-127
 5.45606e+12	0.00e+00	5.28e-29	4.91e-20	1.03e-11	1.12e-02	9.24e-01	6.51e-02	0.00e+00	0.00e+00	0.00e+00	0.00e+00	0.00e+00	0.00e+00
 5.69547e+12	1.10e-38	7.43e-29	6.38e-20	1.23e-11	1.23e-02	9.27e-01	6.02e-02	0.00e+00	0.00e+00	0.00e+00	0.00e+00	0.00e+00	3.73e-126
 5.95322e+12	0.00e+00	1.06e-28	8.37e-20	1.48e-11	1.36e-02	9.31e-01	5.55e-02	0.00e+00	0.00e+00	0.00e+00	0.00e+00	0.00e+00	0.00e+00
 6.19518e+12	2.55e-38	1.46e-28	1.07e-19	1.75e-11	1.49e-02	9.34e-01	5.15e-02	0.00e+00	0.00e+00	0.00e+00	0.00e+00	0.00e+00	3.51e-125
 6.41151e+12	0.00e+00	1.93e-28	1.32e-19	2.02e-11	1.61e-02	9.36e-01	4.83e-02	0.00e+00	0.00e+00	0.00e+00	0.00e+00	0.00e+00	0.00e+00
 6.65475e+12	5.26e-38	2.63e-28	1.67e-19	2.37e-11	1.75e-02	9.38e-01	4.49e-02	0.00e+00	0.00e+00	0.00e+00	0.00e+00	0.00e+00	2.42e-124
 6.94304e+12	0.00e+00	3.73e-28	2.18e-19	2.84e-11	1.93e-02	9.39e-01	4.14e-02	0.00e+00	0.00e+00	0.00e+00	0.00e+00	0.00e+00	0.00e+00
 7.23124e+12	1.23e-37	5.23e-28	2.83e-19	3.39e-11	2.12e-02	9.41e-01	3.82e-02	0.00e+00	0.00e+00	0.00e+00	0.00e+00	0.00e+00	2.33e-123
 7.50067e+12	0.00e+00	7.10e-28	3.57e-19	3.98e-11	2.31e-02	9.41e-01	3.55e-02	0.00e+00	0.00e+00	0.00e+00	0.00e+00	0.00e+00	0.00e+00
 7.80033e+12	2.70e-37	9.85e-28	4.59e-19	4.71e-11	2.52e-02	9.42e-01	3.28e-02	0.00e+00	0.00e+00	0.00e+00	0.00e+00	0.00e+00	1.88e-122
 8.14227e+12	0.00e+00	1.42e-27	6.05e-19	5.69e-11	2.78e-02	9.42e-01	3.00e-02	0.00e+00	0.00e+00	0.00e+00	0.00e+00	0.00e+00	0.00e+00
 8.47888e+12	6.46e-37	1.99e-27	7.86e-19	6.80e-11	3.05e-02	9.42e-01	2.76e-02	0.00e+00	0.00e+00	0.00e+00	0.00e+00	0.00e+00	1.91e-121
 8.82896e+12	0.00e+00	2.82e-27	1.03e-18	8.15e-11	3.35e-02	9.41e-01	2.54e-02	0.00e+00	0.00e+00	0.00e+00	0.00e+00	0.00e+00	0.00e+00
 9.21205e+12	1.56e-36	4.06e-27	1.36e-18	9.85e-11	3.70e-02	9.40e-01	2.32e-02	0.00e+00	0.00e+00	0.00e+00	0.00e+00	0.00e+00	1.98e-120
 9.59723e+12	0.00e+00	5.77e-27	1.77e-18	1.18e-10	4.06e-02	9.38e-01	2.12e-02	0.00e+00	0.00e+00	0.00e+00	0.00e+00	0.00e+00	0.00e+00
 9.99782e+12	3.75e-36	8.25e-27	2.33e-18	1.42e-10	4.47e-02	9.36e-01	1.94e-02	0.00e+00	0.00e+00	0.00e+00	0.00e+00	0.00e+00	2.01e-119
 1.04277e+13	0.00e+00	1.19e-26	3.08e-18	1.72e-10	4.92e-02	9.33e-01	1.76e-02	0.00e+00	0.00e+00	0.00e+00	0.00e+00	0.00e+00	0.00e+00
 1.08540e+13	9.10e-36	1.69e-26	4.03e-18	2.06e-10	5.40e-02	9.30e-01	1.61e-02	0.00e+00	0.00e+00	0.00e+00	0.00e+00	0.00e+00	2.11e-118
 1.12974e+13	0.00e+00	2.40e-26	5.27e-18	2.47e-10	5.92e-02	9.26e-01	1.47e-02	0.00e+00	0.00e+00	0.00e+00	0.00e+00	0.00e+00	0.00e+00
 1.17793e+13	2.21e-35	3.47e-26	6.99e-18	2.99e-10	6.52e-02	9.22e-01	1.33e-02	0.00e+00	0.00e+00	0.00e+00	0.00e+00	0.00e+00	2.21e-117
 1.22804e+13	0.00e+00	5.01e-26	9.26e-18	3.62e-10	7.17e-02	9.16e-01	1.21e-02	0.00e+00	0.00e+00	0.00e+00	0.00e+00	0.00e+00	0.00e+00
 1.28015e+13	5.48e-35	7.23e-26	1.23e-17	4.38e-10	7.88e-02	9.10e-01	1.09e-02	0.00e+00	0.00e+00	0.00e+00	0.00e+00	0.00e+00	2.43e-116
 1.33435e+13	8.63e-35	1.04e-25	1.63e-17	5.29e-10	8.65e-02	9.04e-01	9.88e-03	0.00e+00	0.00e+00	0.00e+00	0.00e+00	0.00e+00	0.00e+00
 1.39072e+13	1.36e-34	1.50e-25	2.16e-17	6.40e-10	9.50e-02	8.96e-01	8.92e-03	0.00e+00	0.00e+00	0.00e+00	0.00e+00	0.00e+00	2.66e-115
 1.44181e+13	2.01e-34	2.07e-25	2.76e-17	7.55e-10	1.03e-01	8.89e-01	8.14e-03	0.00e+00	0.00e+00	0.00e+00	0.00e+00	0.00e+00	1.18e-97
 1.48457e+13	2.77e-34	2.68e-25	3.36e-17	8.62e-10	1.10e-01	8.83e-01	7.56e-03	0.00e+00	0.00e+00	0.00e+00	0.00e+00	0.00e+00	0.00e+00
 1.53149e+13	3.88e-34	3.52e-25	4.15e-17	9.94e-10	1.18e-01	8.75e-01	6.98e-03	0.00e+00	0.00e+00	0.00e+00	0.00e+00	0.00e+00	4.29e-114
 1.59067e+13	5.86e-34	4.92e-25	5.37e-17	1.18e-09	1.28e-01	8.66e-01	6.33e-03	0.00e+00	0.00e+00	0.00e+00	0.00e+00	0.00e+00	1.28e-96
 1.65227e+13	8.85e-34	6.87e-25	6.95e-17	1.40e-09	1.39e-01	8.56e-01	5.72e-03	0.00e+00	0.00e+00	0.00e+00	0.00e+00	0.00e+00	5.81e-286
 1.70508e+13	1.24e-33	9.05e-25	8.59e-17	1.62e-09	1.48e-01	8.46e-01	5.26e-03	0.00e+00	0.00e+00	0.00e+00	0.00e+00	0.00e+00	9.38e-113
 1.75995e+13	1.74e-33	1.19e-24	1.06e-16	1.87e-09	1.58e-01	8.37e-01	4.83e-03	0.00e+00	0.00e+00	0.00e+00	0.00e+00	0.00e+00	1.46e-95
 1.82829e+13	2.62e-33	1.66e-24	1.37e-16	2.21e-09	1.71e-01	8.24e-01	4.35e-03	0.00e+00	0.00e+00	0.00e+00	0.00e+00	0.00e+00	3.03e-283
 1.89750e+13	3.89e-33	2.29e-24	1.76e-16	2.61e-09	1.85e-01	8.11e-01	3.93e-03	0.00e+00	0.00e+00	0.00e+00	0.00e+00	0.00e+00	1.97e-111
 1.95784e+13	5.41e-33	2.99e-24	2.16e-16	3.00e-09	1.97e-01	7.99e-01	3.60e-03	0.00e+00	0.00e+00	0.00e+00	0.00e+00	0.00e+00	1.83e-94
 2.02324e+13	7.63e-33	3.95e-24	2.68e-16	3.46e-09	2.10e-01	7.87e-01	3.28e-03	0.00e+00	0.00e+00	0.00e+00	0.00e+00	0.00e+00	1.20e-110
 2.10291e+13	1.14e-32	5.47e-24	3.44e-16	4.09e-09	2.26e-01	7.71e-01	2.94e-03	0.00e+00	0.00e+00	0.00e+00	0.00e+00	0.00e+00	9.68e-94
 2.18400e+13	1.68e-32	7.50e-24	4.40e-16	4.81e-09	2.43e-01	7.55e-01	2.63e-03	0.00e+00	0.00e+00	0.00e+00	0.00e+00	0.00e+00	1.02e-109
 2.25839e+13	2.37e-32	9.90e-24	5.45e-16	5.54e-09	2.58e-01	7.39e-01	2.38e-03	0.00e+00	0.00e+00	0.00e+00	0.00e+00	0.00e+00	5.01e-93
 2.34121e+13	3.41e-32	1.33e-23	6.84e-16	6.43e-09	2.75e-01	7.23e-01	2.14e-03	0.00e+00	0.00e+00	0.00e+00	0.00e+00	0.00e+00	6.93e-109
 2.43727e+13	5.11e-32	1.84e-23	8.80e-16	7.59e-09	2.95e-01	7.03e-01	1.90e-03	0.00e+00	0.00e+00	0.00e+00	0.00e+00	0.00e+00	2.84e-92
 2.53206e+13	7.46e-32	2.50e-23	1.11e-15	8.86e-09	3.15e-01	6.84e-01	1.69e-03	0.00e+00	0.00e+00	0.00e+00	0.00e+00	0.00e+00	5.93e-108
 2.62282e+13	1.05e-31	3.31e-23	1.38e-15	1.02e-08	3.33e-01	6.66e-01	1.52e-03	0.00e+00	0.00e+00	0.00e+00	0.00e+00	0.00e+00	1.47e-91
 2.72289e+13	1.52e-31	4.44e-23	1.73e-15	1.18e-08	3.53e-01	6.46e-01	1.35e-03	0.00e+00	0.00e+00	0.00e+00	0.00e+00	0.00e+00	4.24e-107
 2.83480e+13	2.23e-31	6.08e-23	2.20e-15	1.38e-08	3.75e-01	6.24e-01	1.19e-03	0.00e+00	0.00e+00	0.00e+00	0.00e+00	0.00e+00	8.26e-91
 2.94752e+13	3.24e-31	8.20e-23	2.77e-15	1.60e-08	3.97e-01	6.02e-01	1.05e-03	0.00e+00	0.00e+00	0.00e+00	0.00e+00	0.00e+00	3.56e-106
 3.04884e+13	4.46e-31	1.06e-22	3.37e-15	1.81e-08	4.16e-01	5.83e-01	9.42e-04	0.00e+00	0.00e+00	0.00e+00	0.00e+00	0.00e+00	4.08e-90
 3.13479e+13	5.78e-31	1.31e-22	3.95e-15	2.01e-08	4.32e-01	5.67e-01	8.60e-04	0.00e+00	0.00e+00	0.00e+00	0.00e+00	0.00e+00	1.84e-105
 3.22749e+13	7.58e-31	1.62e-22	4.66e-15	2.23e-08	4.48e-01	5.51e-01	7.82e-04	0.00e+00	0.00e+00	0.00e+00	0.00e+00	0.00e+00	1.41e-89
 3.34697e+13	1.06e-30	2.12e-22	5.71e-15	2.54e-08	4.69e-01	5.30e-01	6.93e-04	0.00e+00	0.00e+00	0.00e+00	0.00e+00	0.00e+00	1.04e-104
 3.47147e+13	1.48e-30	2.78e-22	7.00e-15	2.88e-08	4.91e-01	5.09e-01	6.13e-04	0.00e+00	0.00e+00	0.00e+00	0.00e+00	0.00e+00	6.81e-89
 3.57862e+13	1.95e-30	3.46e-22	8.27e-15	3.20e-08	5.08e-01	4.92e-01	5.53e-04	0.00e+00	0.00e+00	0.00e+00	0.00e+00	0.00e+00	6.03e-104
 3.69305e+13	2.59e-30	4.34e-22	9.80e-15	3.56e-08	5.26e-01	4.74e-01	4.97e-04	0.00e+00	0.00e+00	0.00e+00	0.00e+00	0.00e+00	2.57e-88
 3.83438e+13	3.62e-30	5.67e-22	1.20e-14	4.03e-08	5.47e-01	4.52e-01	4.36e-04	0.00e+00	0.00e+00	0.00e+00	0.00e+00	0.00e+00	3.66e-103
 3.97923e+13	5.02e-30	7.37e-22	1.46e-14	4.55e-08	5.68e-01	4.32e-01	3.83e-04	0.00e+00	0.00e+00	0.00e+00	0.00e+00	0.00e+00	1.26e-87
 4.11021e+13	6.68e-30	9.25e-22	1.73e-14	5.05e-08	5.86e-01	4.14e-01	3.42e-04	0.00e+00	0.00e+00	0.00e+00	0.00e+00	0.00e+00	2.22e-102
 4.23508e+13	8.67e-30	1.14e-21	2.02e-14	5.56e-08	6.02e-01	3.98e-01	3.08e-04	0.00e+00	0.00e+00	0.00e+00	0.00e+00	0.00e+00	4.72e-87
 4.37788e+13	1.16e-29	1.43e-21	2.39e-14	6.16e-08	6.20e-01	3.80e-01	2.73e-04	0.00e+00	0.00e+00	0.00e+00	0.00e+00	0.00e+00	1.14e-101
 4.53736e+13	1.57e-29	1.83e-21	2.87e-14	6.87e-08	6.38e-01	3.61e-01	2.40e-04	0.00e+00	0.00e+00	0.00e+00	0.00e+00	0.00e+00	2.03e-86
 4.68708e+13	2.08e-29	2.28e-21	3.38e-14	7.59e-08	6.55e-01	3.45e-01	2.13e-04	0.00e+00	0.00e+00	0.00e+00	0.00e+00	0.00e+00	6.59e-101
 4.85028e+13	2.78e-29	2.87e-21	4.01e-14	8.40e-08	6.72e-01	3.28e-01	1.88e-04	0.00e+00	0.00e+00	0.00e+00	0.00e+00	0.00e+00	8.25e-86
 5.03140e+13	3.80e-29	3.66e-21	4.80e-14	9.34e-08	6.90e-01	3.10e-01	1.64e-04	0.00e+00	0.00e+00	0.00e+00	0.00e+00	0.00e+00	4.07e-100
 5.20019e+13	5.01e-29	4.56e-21	5.64e-14	1.03e-07	7.05e-01	2.95e-01	1.45e-04	0.00e+00	0.00e+00	0.00e+00	0.00e+00	0.00e+00	3.55e-85
 5.38404e+13	6.71e-29	5.73e-21	6.66e-14	1.13e-07	7.21e-01	2.79e-01	1.28e-04	0.00e+00	0.00e+00	0.00e+00	0.00e+00	0.00e+00	2.31e-99
 5.58925e+13	9.16e-29	7.32e-21	7.97e-14	1.26e-07	7.37e-01	2.63e-01	1.11e-04	0.00e+00	0.00e+00	0.00e+00	0.00e+00	0.00e+00	1.61e-84
 5.78227e+13	1.21e-28	9.12e-21	9.36e-14	1.38e-07	7.51e-01	2.49e-01	9.75e-05	0.00e+00	0.00e+00	0.00e+00	0.00e+00	0.00e+00	1.43e-98
 5.99296e+13	1.63e-28	1.15e-20	1.11e-13	1.52e-07	7.65e-01	2.35e-01	8.51e-05	0.00e+00	0.00e+00	0.00e+00	0.00e+00	0.00e+00	6.93e-84
 6.22832e+13	2.24e-28	1.47e-20	1.33e-13	1.69e-07	7.80e-01	2.20e-01	7.34e-05	0.00e+00	0.00e+00	0.00e+00	0.00e+00	0.00e+00	9.48e-98
 6.45094e+13	2.98e-28	1.84e-20	1.56e-13	1.85e-07	7.93e-01	2.07e-01	6.41e-05	0.00e+00	0.00e+00	0.00e+00	0.00e+00	0.00e+00	3.22e-83
 6.68981e+13	4.01e-28	2.32e-20	1.84e-13	2.04e-07	8.05e-01	1.95e-01	5.57e-05	0.00e+00	0.00e+00	0.00e+00	0.00e+00	0.00e+00	5.85e-97
 6.96040e+13	5.54e-28	2.98e-20	2.20e-13	2.25e-07	8.18e-01	1.82e-01	4.77e-05	0.00e+00	0.00e+00	0.00e+00	0.00e+00	0.00e+00	1.58e-82
 7.22700e+13	7.51e-28	3.78e-20	2.61e-13	2.48e-07	8.30e-01	1.70e-01	4.12e-05	0.00e+00	0.00e+00	0.00e+00	0.00e+00	0.00e+00	4.17e-96
 7.50427e+13	1.02e-27	4.78e-20	3.09e-13	2.72e-07	8.41e-01	1.59e-01	3.56e-05	0.00e+00	0.00e+00	0.00e+00	0.00e+00	0.00e+00	7.61e-82
 7.80744e+13	1.40e-27	6.12e-20	3.68e-13	3.00e-07	8.52e-01	1.48e-01	3.05e-05	0.00e+00	0.00e+00	0.00e+00	0.00e+00	0.00e+00	2.98e-95
 8.11610e+13	1.91e-27	7.78e-20	4.37e-13	3.30e-07	8.62e-01	1.38e-01	2.61e-05	0.00e+00	0.00e+00	0.00e+00	0.00e+00	0.00e+00	3.92e-81
 8.43710e+13	2.61e-27	9.89e-20	5.17e-13	3.62e-07	8.72e-01	1.28e-01	2.24e-05	0.00e+00	0.00e+00	0.00e+00	0.00e+00	0.00e+00	2.14e-94
 8.77758e+13	3.58e-27	1.26e-19	6.15e-13	3.98e-07	8.81e-01	1.19e-01	1.92e-05	0.00e+00	0.00e+00	0.00e+00	0.00e+00	0.00e+00	2.03e-80
 9.10199e+13	4.78e-27	1.58e-19	7.19e-13	4.34e-07	8.89e-01	1.11e-01	1.66e-05	0.00e+00	0.00e+00	0.00e+00	0.00e+00	0.00e+00	1.47e-93
 9.39845e+13	6.17e-27	1.92e-19	8.25e-13	4.67e-07	8.95e-01	1.05e-01	1.46e-05	0.00e+00	0.00e+00	0.00e+00	0.00e+00	0.00e+00	8.54e-80
 9.67851e+13	7.80e-27	2.30e-19	9.36e-13	5.00e-07	9.01e-01	9.92e-02	1.30e-05	0.00e+00	0.00e+00	0.00e+00	0.00e+00	0.00e+00	7.04e-93
 9.98775e+13	1.00e-26	2.79e-19	1.07e-12	5.37e-07	9.06e-01	9.35e-02	1.15e-05	0.00e+00	0.00e+00	0.00e+00	0.00e+00	0.00e+00	3.09e-79
 1.03343e+14	1.31e-26	3.43e-19	1.24e-12	5.81e-07	9.12e-01	8.76e-02	1.00e-05	0.00e+00	0.00e+00	0.00e+00	0.00e+00	0.00e+00	3.74e-92
 1.06618e+14	1.69e-26	4.15e-19	1.41e-12	6.24e-07	9.17e-01	8.26e-02	8.86e-06	0.00e+00	0.00e+00	0.00e+00	0.00e+00	0.00e+00	1.23e-78
 1.10201e+14	2.19e-26	5.07e-19	1.62e-12	6.72e-07	9.22e-01	7.75e-02	7.77e-06	0.00e+00	0.00e+00	0.00e+00	0.00e+00	0.00e+00	1.93e-91
 1.14221e+14	2.91e-26	6.30e-19	1.89e-12	7.28e-07	9.28e-01	7.24e-02	6.73e-06	0.00e+00	0.00e+00	0.00e+00	0.00e+00	0.00e+00	5.30e-78
 1.17953e+14	3.76e-26	7.66e-19	2.16e-12	7.81e-07	9.32e-01	6.80e-02	5.93e-06	0.00e+00	0.00e+00	0.00e+00	0.00e+00	0.00e+00	1.10e-90
 1.21417e+14	4.73e-26	9.13e-19	2.44e-12	8.33e-07	9.36e-01	6.43e-02	5.28e-06	0.00e+00	0.00e+00	0.00e+00	0.00e+00	0.00e+00	1.95e-77
 1.25393e+14	6.12e-26	1.11e-18	2.79e-12	8.93e-07	9.40e-01	6.05e-02	4.64e-06	0.00e+00	0.00e+00	0.00e+00	0.00e+00	0.00e+00	5.27e-90
 1.30208e+14	8.24e-26	1.39e-18	3.26e-12	9.70e-07	9.44e-01	5.62e-02	3.99e-06	0.00e+00	0.00e+00	0.00e+00	0.00e+00	0.00e+00	8.66e-77
 1.34948e+14	1.10e-25	1.73e-18	3.78e-12	1.05e-06	9.48e-01	5.24e-02	3.46e-06	0.00e+00	0.00e+00	0.00e+00	0.00e+00	0.00e+00	1.87e-76
 1.39103e+14	1.39e-25	2.07e-18	4.28e-12	1.12e-06	9.51e-01	4.95e-02	3.07e-06	0.00e+00	0.00e+00	0.00e+00	0.00e+00	0.00e+00	3.58e-76
 1.43660e+14	1.80e-25	2.52e-18	4.89e-12	1.20e-06	9.54e-01	4.65e-02	2.70e-06	0.00e+00	0.00e+00	0.00e+00	0.00e+00	0.00e+00	7.17e-76
 1.49176e+14	2.43e-25	3.16e-18	5.71e-12	1.30e-06	9.57e-01	4.32e-02	2.32e-06	0.00e+00	0.00e+00	0.00e+00	0.00e+00	0.00e+00	1.61e-75
 1.54707e+14	3.25e-25	3.93e-18	6.62e-12	1.40e-06	9.60e-01	4.02e-02	2.01e-06	0.00e+00	0.00e+00	0.00e+00	0.00e+00	0.00e+00	3.53e-75
 1.59710e+14	4.18e-25	4.76e-18	7.54e-12	1.50e-06	9.62e-01	3.78e-02	1.77e-06	0.00e+00	0.00e+00	0.00e+00	0.00e+00	0.00e+00	7.03e-75
 1.65257e+14	5.49e-25	5.85e-18	8.66e-12	1.61e-06	9.65e-01	3.54e-02	1.55e-06	0.00e+00	0.00e+00	0.00e+00	0.00e+00	0.00e+00	1.47e-74
 1.71775e+14	7.46e-25	7.38e-18	1.01e-11	1.74e-06	9.67e-01	3.28e-02	1.33e-06	0.00e+00	0.00e+00	0.00e+00	0.00e+00	0.00e+00	3.39e-74
 1.78211e+14	1.00e-24	9.20e-18	1.18e-11	1.88e-06	9.69e-01	3.05e-02	1.15e-06	0.00e+00	0.00e+00	0.00e+00	0.00e+00	0.00e+00	7.54e-74
 1.84236e+14	1.30e-24	1.12e-17	1.35e-11	2.02e-06	9.71e-01	2.86e-02	1.00e-06	0.00e+00	0.00e+00	0.00e+00	0.00e+00	0.00e+00	1.55e-73
 1.90968e+14	1.73e-24	1.39e-17	1.56e-11	2.17e-06	9.73e-01	2.66e-02	8.71e-07	0.00e+00	0.00e+00	0.00e+00	0.00e+00	0.00e+00	3.38e-73
 1.98636e+14	2.37e-24	1.76e-17	1.83e-11	2.36e-06	9.75e-01	2.47e-02	0.00e+00	0.00e+00	0.00e+00	0.00e+00	0.00e+00	0.00e+00	7.94e-73
 2.06255e+14	3.20e-24	2.21e-17	2.13e-11	2.55e-06	9.77e-01	2.29e-02	0.00e+00	0.00e+00	0.00e+00	0.00e+00	0.00e+00	0.00e+00	1.80e-72
 2.14179e+14	4.32e-24	2.77e-17	2.47e-11	2.75e-06	9.79e-01	2.13e-02	0.00e+00	0.00e+00	0.00e+00	0.00e+00	0.00e+00	0.00e+00	4.08e-72
 2.22776e+14	5.90e-24	3.51e-17	2.90e-11	2.98e-06	9.80e-01	1.97e-02	0.00e+00	0.00e+00	0.00e+00	0.00e+00	0.00e+00	0.00e+00	9.59e-72
 2.31717e+14	8.06e-24	4.44e-17	3.40e-11	3.23e-06	9.82e-01	1.82e-02	0.00e+00	0.00e+00	0.00e+00	0.00e+00	0.00e+00	0.00e+00	2.25e-71
 2.40378e+14	1.08e-23	5.53e-17	3.94e-11	3.48e-06	9.83e-01	1.69e-02	0.00e+00	0.00e+00	0.00e+00	0.00e+00	1.77e-17	3.76e-17	5.00e-71
 2.48527e+14	1.41e-23	6.75e-17	4.51e-11	3.73e-06	9.84e-01	1.58e-02	0.00e+00	0.00e+00	0.00e+00	0.00e+00	2.24e-17	4.51e-17	1.03e-70
 2.57639e+14	1.87e-23	8.37e-17	5.21e-11	4.01e-06	9.85e-01	1.47e-02	0.00e+00	0.00e+00	0.00e+00	0.00e+00	2.78e-17	5.59e-17	2.24e-70
 2.66823e+14	2.47e-23	1.03e-16	6.00e-11	4.31e-06	9.86e-01	1.37e-02	0.00e+00	0.00e+00	0.00e+00	0.00e+00	3.42e-17	6.89e-17	4.78e-70
 2.74451e+14	3.09e-23	1.22e-16	6.72e-11	4.57e-06	9.87e-01	1.30e-02	0.00e+00	0.00e+00	0.00e+00	0.00e+00	4.05e-17	8.15e-17	8.81e-70
 2.82522e+14	3.88e-23	1.45e-16	7.55e-11	4.85e-06	9.88e-01	1.23e-02	0.00e+00	0.00e+00	0.00e+00	0.00e+00	4.81e-17	9.69e-17	1.65e-69
 2.92841e+14	5.15e-23	1.80e-16	8.73e-11	5.22e-06	9.89e-01	1.14e-02	0.00e+00	0.00e+00	0.00e+00	0.00e+00	5.96e-17	1.20e-16	3.56e-69
 3.03655e+14	6.87e-23	2.23e-16	1.01e-10	5.63e-06	9.89e-01	1.06e-02	0.00e+00	0.00e+00	0.00e+00	0.00e+00	7.41e-17	1.49e-16	7.87e-69
 3.13207e+14	8.77e-23	2.69e-16	1.15e-10	6.00e-06	9.90e-01	9.95e-03	0.00e+00	0.00e+00	0.00e+00	0.00e+00	8.91e-17	1.79e-16	1.52e-68
 3.23543e+14	1.13e-22	3.26e-16	1.31e-10	6.41e-06	9.91e-01	9.32e-03	0.00e+00	0.00e+00	0.00e+00	0.00e+00	1.08e-16	2.18e-16	3.05e-68
 3.35987e+14	1.53e-22	4.08e-16	1.52e-10	6.93e-06	9.91e-01	8.63e-03	0.00e+00	0.00e+00	0.00e+00	0.00e+00	1.35e-16	2.73e-16	6.85e-68
 3.48607e+14	2.04e-22	5.09e-16	1.77e-10	7.48e-06	9.92e-01	8.01e-03	0.00e+00	0.00e+00	0.00e+00	0.00e+00	1.69e-16	3.40e-16	1.51e-67
 3.60418e+14	2.66e-22	6.21e-16	2.03e-10	8.01e-06	9.93e-01	7.49e-03	0.00e+00	0.00e+00	0.00e+00	0.00e+00	2.06e-16	4.15e-16	3.10e-67
 3.73550e+14	3.52e-22	7.69e-16	2.34e-10	8.63e-06	9.93e-01	6.96e-03	0.00e+00	0.00e+00	0.00e+00	0.00e+00	2.55e-16	5.14e-16	6.66e-67
 3.87482e+14	4.70e-22	9.57e-16	2.72e-10	9.31e-06	9.94e-01	6.46e-03	0.00e+00	0.00e+00	0.00e+00	0.00e+00	3.17e-16	6.39e-16	1.46e-66
 3.99862e+14	6.02e-22	1.15e-15	3.09e-10	9.94e-06	9.94e-01	6.06e-03	0.00e+00	0.00e+00	0.00e+00	0.00e+00	3.83e-16	7.71e-16	2.86e-66
 4.13173e+14	7.79e-22	1.40e-15	3.53e-10	1.06e-05	9.94e-01	5.66e-03	0.00e+00	0.00e+00	0.00e+00	0.00e+00	4.65e-16	9.37e-16	5.76e-66
 4.29125e+14	1.05e-21	1.76e-15	4.12e-10	1.15e-05	9.95e-01	5.24e-03	0.00e+00	0.00e+00	0.00e+00	0.00e+00	5.84e-16	1.18e-15	1.30e-65
 4.44829e+14	1.39e-21	2.18e-15	4.77e-10	1.24e-05	9.95e-01	4.87e-03	0.00e+00	0.00e+00	0.00e+00	0.00e+00	7.23e-16	1.46e-15	2.79e-65
 4.58814e+14	1.78e-21	2.62e-15	5.41e-10	1.32e-05	9.95e-01	4.57e-03	0.00e+00	0.00e+00	0.00e+00	0.00e+00	8.70e-16	1.75e-15	5.43e-65
 4.74249e+14	2.31e-21	3.20e-15	6.19e-10	1.42e-05	9.96e-01	4.27e-03	0.00e+00	0.00e+00	0.00e+00	0.00e+00	1.06e-15	2.14e-15	1.10e-64
 4.92648e+14	3.11e-21	4.01e-15	7.23e-10	1.54e-05	9.96e-01	3.95e-03	0.00e+00	0.00e+00	0.00e+00	0.00e+00	1.33e-15	2.68e-15	2.47e-64
 5.10892e+14	4.14e-21	4.98e-15	8.39e-10	1.66e-05	9.96e-01	3.66e-03	0.00e+00	0.00e+00	0.00e+00	0.00e+00	1.65e-15	3.33e-15	5.38e-64
 5.27546e+14	5.32e-21	6.03e-15	9.55e-10	1.77e-05	9.97e-01	3.43e-03	0.00e+00	0.00e+00	0.00e+00	0.00e+00	2.00e-15	4.03e-15	1.07e-63
 5.46140e+14	6.98e-21	7.40e-15	1.10e-09	1.90e-05	9.97e-01	3.19e-03	0.00e+00	0.00e+00	0.00e+00	0.00e+00	2.45e-15	4.95e-15	2.23e-63
 5.67797e+14	9.46e-21	9.33e-15	1.29e-09	2.06e-05	9.97e-01	2.95e-03	0.00e+00	0.00e+00	0.00e+00	0.00e+00	3.09e-15	6.24e-15	5.11e-63
 5.89079e+14	1.26e-20	1.16e-14	1.49e-09	2.23e-05	9.97e-01	2.73e-03	0.00e+00	0.00e+00	0.00e+00	0.00e+00	3.85e-15	7.76e-15	1.12e-62
 6.09183e+14	1.64e-20	1.42e-14	1.71e-09	2.39e-05	9.97e-01	2.55e-03	0.00e+00	0.00e+00	0.00e+00	0.00e+00	4.69e-15	9.47e-15	2.29e-62
 6.31551e+14	2.18e-20	1.75e-14	1.98e-09	2.57e-05	9.98e-01	2.37e-03	0.00e+00	0.00e+00	0.00e+00	0.00e+00	5.81e-15	1.17e-14	4.94e-62
 6.56843e+14	2.96e-20	2.21e-14	2.32e-09	2.79e-05	9.98e-01	2.18e-03	0.00e+00	0.00e+00	0.00e+00	0.00e+00	7.33e-15	1.48e-14	1.14e-61
 6.80804e+14	3.92e-20	2.74e-14	2.68e-09	3.00e-05	9.98e-01	2.03e-03	0.00e+00	0.00e+00	0.00e+00	0.00e+00	9.07e-15	1.83e-14	2.46e-61
 7.02587e+14	5.01e-20	3.30e-14	3.04e-09	3.20e-05	9.98e-01	1.90e-03	0.00e+00	0.00e+00	0.00e+00	0.00e+00	1.09e-14	2.21e-14	4.80e-61
 7.27233e+14	6.56e-20	4.05e-14	3.50e-09	3.44e-05	9.98e-01	1.77e-03	0.00e+00	0.00e+00	0.00e+00	0.00e+00	1.34e-14	2.71e-14	1.00e-60
 7.56001e+14	8.89e-20	5.09e-14	4.09e-09	3.73e-05	9.98e-01	1.63e-03	0.00e+00	0.00e+00	0.00e+00	0.00e+00	1.69e-14	3.41e-14	2.30e-60
 7.83604e+14	1.18e-19	6.30e-14	4.73e-09	4.01e-05	9.98e-01	1.52e-03	0.00e+00	0.00e+00	0.00e+00	0.00e+00	2.08e-14	4.21e-14	4.96e-60
 8.08520e+14	1.50e-19	7.58e-14	5.36e-09	4.28e-05	9.99e-01	1.42e-03	0.00e+00	0.00e+00	0.00e+00	0.00e+00	2.51e-14	5.07e-14	9.67e-60
 8.31978e+14	1.88e-19	8.98e-14	6.02e-09	4.53e-05	9.99e-01	1.34e-03	0.00e+00	0.00e+00	0.00e+00	0.00e+00	2.97e-14	6.01e-14	1.78e-59
 8.57985e+14	2.39e-19	1.08e-13	6.81e-09	4.83e-05	9.99e-01	1.26e-03	0.00e+00	0.00e+00	0.00e+00	0.00e+00	3.56e-14	7.21e-14	3.45e-59
 8.87061e+14	3.11e-19	1.31e-13	7.78e-09	5.17e-05	9.99e-01	1.18e-03	0.00e+00	0.00e+00	0.00e+00	0.00e+00	4.34e-14	8.78e-14	7.04e-59
 9.14525e+14	3.95e-19	1.57e-13	8.80e-09	5.50e-05	9.99e-01	1.11e-03	0.00e+00	0.00e+00	0.00e+00	0.00e+00	5.20e-14	1.05e-13	1.36e-58
 9.44626e+14	5.09e-19	1.91e-13	1.00e-08	5.88e-05	9.99e-01	1.03e-03	0.00e+00	0.00e+00	0.00e+00	0.00e+00	6.30e-14	1.28e-13	2.72e-58
 9.78324e+14	6.70e-19	2.35e-13	1.15e-08	6.32e-05	9.99e-01	9.63e-04	0.00e+00	0.00e+00	0.00e+00	0.00e+00	7.76e-14	1.57e-13	5.79e-58
 1.01012e+15	8.62e-19	2.84e-13	1.31e-08	6.74e-05	9.99e-01	9.02e-04	0.00e+00	0.00e+00	0.00e+00	0.00e+00	9.38e-14	1.90e-13	1.15e-57
 1.04487e+15	1.12e-18	3.47e-13	1.50e-08	7.23e-05	9.99e-01	8.41e-04	0.00e+00	0.00e+00	0.00e+00	0.00e+00	1.15e-13	2.32e-13	2.39e-57
 1.08328e+15	1.49e-18	4.30e-13	1.74e-08	7.78e-05	9.99e-01	7.81e-04	0.00e+00	0.00e+00	0.00e+00	0.00e+00	1.42e-13	2.88e-13	5.22e-57
 1.11874e+15	1.92e-18	5.21e-13	1.98e-08	8.31e-05	9.99e-01	7.31e-04	0.00e+00	0.00e+00	0.00e+00	0.00e+00	1.72e-13	3.49e-13	1.04e-56
 1.15714e+15	2.51e-18	6.36e-13	2.27e-08	8.90e-05	9.99e-01	6.82e-04	0.00e+00	0.00e+00	0.00e+00	0.00e+00	2.10e-13	4.26e-13	2.17e-56
 1.20006e+15	3.34e-18	7.90e-13	2.62e-08	9.59e-05	9.99e-01	6.33e-04	0.00e+00	0.00e+00	0.00e+00	0.00e+00	2.60e-13	5.29e-13	4.74e-56
 1.24040e+15	4.33e-18	9.61e-13	2.99e-08	1.03e-04	9.99e-01	5.92e-04	0.00e+00	0.00e+00	0.00e+00	0.00e+00	3.17e-13	6.44e-13	9.72e-56
 1.28433e+15	5.67e-18	1.18e-12	3.45e-08	1.10e-04	9.99e-01	5.50e-04	0.00e+00	0.00e+00	0.00e+00	0.00e+00	3.89e-13	7.91e-13	2.04e-55
 1.33321e+15	7.62e-18	1.47e-12	4.00e-08	1.19e-04	9.99e-01	5.10e-04	0.00e+00	0.00e+00	0.00e+00	0.00e+00	4.86e-13	9.89e-13	4.61e-55
 1.37890e+15	9.90e-18	1.80e-12	4.58e-08	1.27e-04	9.99e-01	4.75e-04	0.00e+00	0.00e+00	0.00e+00	0.00e+00	5.93e-13	1.21e-12	9.48e-55
 1.42857e+15	1.31e-17	2.22e-12	5.28e-08	1.37e-04	9.99e-01	4.42e-04	0.00e+00	0.00e+00	0.00e+00	0.00e+00	7.30e-13	1.49e-12	2.03e-54
 1.48414e+15	1.76e-17	2.78e-12	6.16e-08	1.48e-04	9.99e-01	4.08e-04	0.00e+00	0.00e+00	0.00e+00	0.00e+00	9.14e-13	1.86e-12	4.59e-54
 1.53680e+15	2.30e-17	3.42e-12	7.09e-08	1.59e-04	9.99e-01	3.80e-04	0.00e+00	0.00e+00	0.00e+00	0.00e+00	1.12e-12	2.29e-12	9.74e-54
 1.59318e+15	3.04e-17	4.22e-12	8.21e-08	1.72e-04	9.99e-01	3.52e-04	0.00e+00	0.00e+00	0.00e+00	0.00e+00	1.39e-12	2.83e-12	2.08e-53
 1.65694e+15	4.13e-17	5.32e-12	9.61e-08	1.86e-04	9.99e-01	3.24e-04	0.00e+00	0.00e+00	0.00e+00	0.00e+00	1.75e-12	3.57e-12	4.87e-53
 1.71970e+15	5.49e-17	6.62e-12	1.12e-07	2.01e-04	9.99e-01	3.00e-04	0.00e+00	4.52e-18	1.36e-17	2.27e-17	2.17e-12	4.45e-12	1.07e-52
 1.78497e+15	7.30e-17	8.24e-12	1.30e-07	2.18e-04	1.00e+00	2.77e-04	0.00e+00	6.01e-18	1.80e-17	3.02e-17	2.70e-12	5.53e-12	2.35e-52
 1.85640e+15	9.85e-17	1.04e-11	1.52e-07	2.37e-04	1.00e+00	2.55e-04	0.00e+00	8.11e-18	2.44e-17	4.07e-17	3.40e-12	6.96e-12	5.40e-52
 1.92689e+15	1.31e-16	1.29e-11	1.77e-07	2.56e-04	1.00e+00	2.35e-04	0.00e+00	1.08e-17	3.23e-17	5.40e-17	4.23e-12	8.66e-12	1.18e-51
 1.98543e+15	1.64e-16	1.54e-11	2.00e-07	2.73e-04	1.00e+00	2.21e-04	0.00e+00	1.35e-17	4.06e-17	6.79e-17	5.03e-12	1.03e-11	2.23e-51
 2.03273e+15	1.96e-16	1.76e-11	2.20e-07	2.87e-04	1.00e+00	2.10e-04	0.00e+00	1.61e-17	4.84e-17	8.10e-17	5.76e-12	1.18e-11	3.62e-51
 2.08526e+15	2.37e-16	2.04e-11	2.45e-07	3.03e-04	9.99e-01	1.98e-04	0.00e+00	1.95e-17	5.87e-17	9.81e-17	6.68e-12	1.37e-11	6.16e-51
 2.15354e+15	3.01e-16	2.46e-11	2.79e-07	3.25e-04	9.99e-01	1.85e-04	0.00e+00	2.49e-17	7.47e-17	1.25e-16	8.05e-12	1.65e-11	1.20e-50
 2.22670e+15	3.86e-16	2.98e-11	3.20e-07	3.50e-04	9.99e-01	1.72e-04	0.00e+00	3.19e-17	9.58e-17	1.60e-16	9.76e-12	2.00e-11	2.41e-50
 2.29156e+15	4.77e-16	3.52e-11	3.60e-07	3.73e-04	9.99e-01	1.61e-04	0.00e+00	3.94e-17	1.18e-16	1.98e-16	1.15e-11	2.36e-11	4.36e-50
 2.36123e+15	5.94e-16	4.17e-11	4.07e-07	3.98e-04	9.99e-01	1.51e-04	0.00e+00	4.91e-17	1.47e-16	2.46e-16	1.37e-11	2.81e-11	8.07e-50
 2.44864e+15	7.74e-16	5.14e-11	4.72e-07	4.31e-04	9.99e-01	1.39e-04	0.00e+00	6.41e-17	1.92e-16	3.22e-16	1.68e-11	3.46e-11	1.70e-49
 2.53736e+15	1.00e-15	6.29e-11	5.47e-07	4.67e-04	9.99e-01	1.29e-04	0.00e+00	8.29e-17	2.49e-16	4.16e-16	2.06e-11	4.23e-11	3.53e-49
 2.61414e+15	1.24e-15	7.45e-11	6.17e-07	4.99e-04	9.99e-01	1.21e-04	0.00e+00	1.03e-16	3.09e-16	5.16e-16	2.44e-11	5.01e-11	6.49e-49
 2.69713e+15	1.55e-15	8.87e-11	7.02e-07	5.35e-04	9.99e-01	1.12e-04	0.00e+00	1.28e-16	3.85e-16	6.44e-16	2.90e-11	5.97e-11	1.22e-48
 2.79893e+15	2.01e-15	1.09e-10	8.17e-07	5.82e-04	9.99e-01	1.03e-04	0.00e+00	1.67e-16	5.02e-16	8.39e-16	3.58e-11	7.36e-11	2.59e-48
 2.90181e+15	2.59e-15	1.34e-10	9.47e-07	6.31e-04	9.99e-01	9.54e-05	0.00e+00	2.15e-16	6.47e-16	1.08e-15	4.37e-11	9.01e-11	5.37e-48
 2.99316e+15	3.14e-15	1.59e-10	1.08e-06	6.77e-04	9.99e-01	8.89e-05	0.00e+00	2.61e-16	7.83e-16	1.31e-15	5.19e-11	1.07e-10	9.86e-48
 3.09290e+15	3.93e-15	1.91e-10	1.23e-06	7.29e-04	9.99e-01	8.25e-05	0.00e+00	3.27e-16	9.81e-16	1.64e-15	6.23e-11	1.28e-10	1.91e-47
 3.21227e+15	5.07e-15	2.35e-10	1.43e-06	7.95e-04	9.99e-01	7.57e-05	0.00e+00	4.23e-16	1.27e-15	2.12e-15	7.68e-11	1.58e-10	4.10e-47
 3.33043e+15	6.45e-15	2.87e-10	1.66e-06	8.63e-04	9.99e-01	6.97e-05	0.00e+00	5.38e-16	1.62e-15	2.70e-15	9.37e-11	1.93e-10	8.46e-47
 3.43694e+15	7.93e-15	3.40e-10	1.89e-06	9.28e-04	9.99e-01	6.49e-05	0.00e+00	6.63e-16	1.99e-15	3.32e-15	1.11e-10	2.29e-10	1.59e-46
 3.55506e+15	9.90e-15	4.09e-10	2.17e-06	1.00e-03	9.99e-01	6.00e-05	0.00e+00	8.28e-16	2.49e-15	4.15e-15	1.34e-10	2.76e-10	3.13e-46
 3.69427e+15	1.27e-14	5.05e-10	2.54e-06	1.09e-03	9.99e-01	5.50e-05	0.00e+00	1.06e-15	3.19e-15	5.33e-15	1.65e-10	3.40e-10	6.78e-46
 3.83169e+15	1.60e-14	6.15e-10	2.94e-06	1.19e-03	9.99e-01	5.05e-05	0.00e+00	1.34e-15	4.03e-15	6.74e-15	2.01e-10	4.14e-10	1.41e-45
 3.95919e+15	1.98e-14	7.35e-10	3.36e-06	1.28e-03	9.99e-01	4.69e-05	0.00e+00	1.66e-15	4.98e-15	8.32e-15	2.40e-10	4.95e-10	2.74e-45
 4.10218e+15	2.46e-14	8.88e-10	3.88e-06	1.39e-03	9.99e-01	4.32e-05	0.00e+00	2.07e-15	6.21e-15	1.04e-14	2.91e-10	5.98e-10	5.57e-45
 4.26630e+15	3.13e-14	1.10e-09	4.54e-06	1.53e-03	9.98e-01	3.95e-05	0.00e+00	2.64e-15	7.92e-15	1.32e-14	3.59e-10	7.38e-10	1.23e-44
 4.42770e+15	3.92e-14	1.34e-09	5.28e-06	1.66e-03	9.98e-01	3.62e-05	0.00e+00	3.31e-15	9.94e-15	1.66e-14	4.38e-10	9.00e-10	2.61e-44
 4.59555e+15	4.91e-14	1.63e-09	6.13e-06	1.81e-03	9.98e-01	3.33e-05	0.00e+00	4.15e-15	1.25e-14	2.08e-14	5.35e-10	1.10e-09	5.55e-44
 4.74852e+15	5.94e-14	1.95e-09	7.00e-06	1.95e-03	9.98e-01	3.09e-05	0.00e+00	5.03e-15	1.51e-14	2.52e-14	6.37e-10	1.31e-09	1.07e-43
 4.86260e+15	6.85e-14	2.21e-09	7.69e-06	2.06e-03	9.98e-01	2.93e-05	0.00e+00	5.79e-15	1.74e-14	2.91e-14	7.23e-10	1.48e-09	1.74e-43
 4.98043e+15	7.88e-14	2.51e-09	8.47e-06	2.18e-03	9.98e-01	2.77e-05	0.00e+00	6.67e-15	2.00e-14	3.35e-14	8.21e-10	1.69e-09	2.82e-43
 5.13361e+15	9.39e-14	2.95e-09	9.57e-06	2.34e-03	9.98e-01	2.58e-05	0.00e+00	7.96e-15	2.39e-14	3.99e-14	9.66e-10	1.98e-09	5.16e-43
 5.29937e+15	1.12e-13	3.49e-09	1.09e-05	2.52e-03	9.97e-01	2.40e-05	0.00e+00	9.55e-15	2.87e-14	4.79e-14	1.14e-09	2.35e-09	9.99e-43
 5.44889e+15	1.32e-13	4.04e-09	1.21e-05	2.68e-03	9.97e-01	2.26e-05	0.00e+00	1.12e-14	3.37e-14	5.62e-14	1.33e-09	2.72e-09	1.76e-42
 5.61069e+15	1.56e-13	4.73e-09	1.36e-05	2.87e-03	9.97e-01	2.11e-05	0.00e+00	1.33e-14	3.98e-14	6.65e-14	1.55e-09	3.18e-09	3.25e-42
 5.81621e+15	1.91e-13	5.74e-09	1.58e-05	3.12e-03	9.97e-01	1.95e-05	0.00e+00	1.63e-14	4.88e-14	8.15e-14	1.88e-09	3.85e-09	6.94e-42
 6.02313e+15	2.30e-13	6.91e-09	1.81e-05	3.38e-03	9.97e-01	1.80e-05	0.00e+00	1.97e-14	5.90e-14	9.85e-14	2.27e-09	4.64e-09	1.44e-41
 6.19673e+15	2.70e-13	8.03e-09	2.03e-05	3.61e-03	9.96e-01	1.69e-05	0.00e+00	2.31e-14	6.92e-14	1.16e-13	2.64e-09	5.39e-09	2.60e-41
 6.38240e+15	3.17e-13	9.40e-09	2.28e-05	3.86e-03	9.96e-01	1.58e-05	0.00e+00	2.72e-14	8.15e-14	1.36e-13	3.09e-09	6.31e-09	4.85e-41
 6.61711e+15	3.86e-13	1.14e-08	2.64e-05	4.20e-03	9.96e-01	1.46e-05	0.00e+00	3.30e-14	9.92e-14	1.66e-13	3.75e-09	7.67e-09	1.04e-40
 6.86313e+15	4.67e-13	1.39e-08	3.05e-05	4.56e-03	9.95e-01	1.35e-05	0.00e+00	4.01e-14	1.20e-13	2.01e-13	4.56e-09	9.32e-09	2.23e-40
 7.08395e+15	5.55e-13	1.64e-08	3.46e-05	4.91e-03	9.95e-01	1.26e-05	0.00e+00	4.77e-14	1.43e-13	2.39e-13	5.40e-09	1.10e-08	4.26e-40
 7.32442e+15	6.65e-13	1.96e-08	3.95e-05	5.30e-03	9.95e-01	1.17e-05	0.00e+00	5.72e-14	1.72e-13	2.87e-13	6.46e-09	1.32e-08	8.56e-40
 7.60956e+15	8.11e-13	2.42e-08	4.61e-05	5.78e-03	9.94e-01	1.08e-05	0.00e+00	6.99e-14	2.10e-13	3.50e-13	7.95e-09	1.62e-08	1.91e-39
 7.88869e+15	9.81e-13	2.93e-08	5.31e-05	6.28e-03	9.94e-01	1.00e-05	0.00e+00	8.47e-14	2.54e-13	4.24e-13	9.64e-09	1.97e-08	4.03e-39
 8.14139e+15	1.17e-12	3.47e-08	6.02e-05	6.75e-03	9.93e-01	9.39e-06	0.00e+00	1.01e-13	3.02e-13	5.05e-13	1.14e-08	2.32e-08	7.72e-39
 8.42384e+15	1.41e-12	4.17e-08	6.90e-05	7.30e-03	9.93e-01	8.76e-06	0.00e+00	1.22e-13	3.66e-13	6.10e-13	1.37e-08	2.79e-08	1.56e-38
 8.75517e+15	1.73e-12	5.14e-08	8.06e-05	7.98e-03	9.92e-01	8.12e-06	0.00e+00	1.50e-13	4.51e-13	7.53e-13	1.69e-08	3.45e-08	3.48e-38
 9.08054e+15	2.10e-12	6.26e-08	9.32e-05	8.67e-03	9.91e-01	7.56e-06	0.00e+00	1.83e-13	5.48e-13	9.14e-13	2.06e-08	4.19e-08	7.18e-38
 9.38361e+15	2.52e-12	7.47e-08	1.06e-04	9.35e-03	9.91e-01	7.09e-06	0.00e+00	2.19e-13	6.58e-13	1.10e-12	2.46e-08	5.01e-08	1.40e-37
 9.72366e+15	3.08e-12	9.09e-08	1.23e-04	1.01e-02	9.90e-01	6.63e-06	0.00e+00	2.68e-13	8.04e-13	1.34e-12	3.00e-08	6.09e-08	2.93e-37
 1.00502e+16	3.69e-12	1.09e-07	1.40e-04	1.09e-02	9.89e-01	6.24e-06	0.00e+00	3.22e-13	9.65e-13	1.61e-12	3.59e-08	7.28e-08	5.65e-37
 1.02922e+16	4.18e-12	1.24e-07	1.54e-04	1.16e-02	9.88e-01	6.00e-06	0.00e+00	3.64e-13	1.09e-12	1.82e-12	4.08e-08	8.28e-08	9.16e-37
 1.05362e+16	4.82e-12	1.41e-07	1.69e-04	1.22e-02	9.88e-01	5.76e-06	0.00e+00	4.21e-13	1.26e-12	2.11e-12	4.66e-08	9.45e-08	1.48e-36
 1.08533e+16	5.74e-12	1.66e-07	1.91e-04	1.31e-02	9.87e-01	5.46e-06	0.00e+00	5.01e-13	1.50e-12	2.51e-12	5.49e-08	1.11e-07	2.71e-36
 1.11966e+16	6.86e-12	1.98e-07	2.16e-04	1.41e-02	9.86e-01	5.19e-06	0.00e+00	6.00e-13	1.80e-12	3.00e-12	6.54e-08	1.33e-07	5.07e-36
 1.15031e+16	8.00e-12	2.29e-07	2.41e-04	1.50e-02	9.85e-01	4.97e-06	0.00e+00	7.00e-13	2.10e-12	3.51e-12	7.58e-08	1.54e-07	8.61e-36
 1.18306e+16	9.48e-12	2.69e-07	2.70e-04	1.60e-02	9.84e-01	4.75e-06	0.00e+00	8.31e-13	2.49e-12	4.16e-12	8.89e-08	1.80e-07	1.53e-35
 1.22561e+16	1.18e-11	3.29e-07	3.13e-04	1.74e-02	9.82e-01	4.51e-06	0.00e+00	1.03e-12	3.09e-12	5.16e-12	1.09e-07	2.20e-07	3.12e-35
 1.26862e+16	1.43e-11	3.98e-07	3.60e-04	1.88e-02	9.81e-01	4.29e-06	0.00e+00	1.26e-12	3.77e-12	6.30e-12	1.32e-07	2.67e-07	6.05e-35
 1.30345e+16	1.68e-11	4.63e-07	4.01e-04	2.00e-02	9.80e-01	4.13e-06	0.00e+00	1.48e-12	4.43e-12	7.39e-12	1.53e-07	3.10e-07	1.02e-34
 1.33993e+16	1.99e-11	5.43e-07	4.50e-04	2.14e-02	9.78e-01	3.98e-06	0.00e+00	1.75e-12	5.26e-12	8.78e-12	1.80e-07	3.63e-07	1.77e-34
 1.38735e+16	2.47e-11	6.63e-07	5.21e-04	2.32e-02	9.76e-01	3.79e-06	0.00e+00	2.18e-12	6.54e-12	1.09e-11	2.19e-07	4.43e-07	3.54e-34
 1.43670e+16	3.06e-11	8.09e-07	6.02e-04	2.53e-02	9.74e-01	3.64e-06	0.00e+00	2.70e-12	8.10e-12	1.35e-11	2.68e-07	5.41e-07	6.83e-34
 1.47846e+16	3.64e-11	9.50e-07	6.78e-04	2.71e-02	9.72e-01	3.51e-06	0.00e+00	3.21e-12	9.64e-12	1.61e-11	3.15e-07	6.36e-07	1.16e-33
 1.52262e+16	4.39e-11	1.13e-06	7.70e-04	2.91e-02	9.70e-01	3.39e-06	0.00e+00	3.88e-12	1.16e-11	1.94e-11	3.74e-07	7.56e-07	2.09e-33
 1.57853e+16	5.54e-11	1.40e-06	8.99e-04	3.18e-02	9.67e-01	3.25e-06	0.00e+00	4.90e-12	1.47e-11	2.45e-11	4.63e-07	9.34e-07	4.18e-33
 1.63405e+16	6.87e-11	1.70e-06	1.04e-03	3.46e-02	9.64e-01	3.14e-06	0.00e+00	6.09e-12	1.83e-11	3.05e-11	5.64e-07	1.14e-06	7.84e-33
 1.67933e+16	8.18e-11	2.00e-06	1.17e-03	3.70e-02	9.62e-01	3.07e-06	0.00e+00	7.26e-12	2.18e-11	3.63e-11	6.62e-07	1.34e-06	1.30e-32
 1.72699e+16	9.93e-11	2.37e-06	1.33e-03	3.98e-02	9.59e-01	3.00e-06	0.00e+00	8.82e-12	2.64e-11	4.41e-11	7.85e-07	1.58e-06	2.22e-32
 1.78895e+16	1.26e-10	2.94e-06	1.56e-03	4.36e-02	9.55e-01	2.89e-06	0.00e+00	1.12e-11	3.36e-11	5.61e-11	9.74e-07	1.96e-06	4.41e-32
 1.85113e+16	1.58e-10	3.60e-06	1.82e-03	4.76e-02	9.51e-01	2.81e-06	0.00e+00	1.41e-11	4.23e-11	7.05e-11	1.19e-06	2.41e-06	8.04e-32
 1.89712e+16	1.85e-10	4.16e-06	2.03e-03	5.07e-02	9.47e-01	2.76e-06	0.00e+00	1.65e-11	4.95e-11	8.26e-11	1.38e-06	2.78e-06	1.23e-31
 1.94042e+16	2.19e-10	4.80e-06	2.27e-03	5.39e-02	9.44e-01	2.71e-06	0.00e+00	1.95e-11	5.85e-11	9.76e-11	1.59e-06	3.21e-06	1.90e-31
 1.99670e+16	2.70e-10	5.78e-06	2.60e-03	5.83e-02	9.39e-01	2.65e-06	0.00e+00	2.41e-11	7.22e-11	1.20e-10	1.92e-06	3.86e-06	3.33e-31
 2.05320e+16	3.27e-10	6.86e-06	2.98e-03	6.31e-02	9.34e-01	2.59e-06	0.00e+00	2.93e-11	8.78e-11	1.46e-10	2.28e-06	4.58e-06	5.45e-31
 2.09958e+16	3.86e-10	7.92e-06	3.33e-03	6.71e-02	9.30e-01	2.56e-06	0.00e+00	3.46e-11	1.04e-10	1.73e-10	2.63e-06	5.29e-06	8.17e-31
 2.14949e+16	4.68e-10	9.31e-06	3.76e-03	7.19e-02	9.24e-01	2.52e-06	0.00e+00	4.20e-11	1.26e-10	2.10e-10	3.09e-06	6.22e-06	1.31e-30
 2.20458e+16	5.64e-10	1.10e-05	4.29e-03	7.74e-02	9.18e-01	2.48e-06	0.00e+00	5.06e-11	1.52e-10	2.53e-10	3.66e-06	7.35e-06	2.09e-30
 2.25691e+16	6.84e-10	1.29e-05	4.87e-03	8.31e-02	9.12e-01	2.45e-06	0.00e+00	6.14e-11	1.84e-10	3.07e-10	4.30e-06	8.64e-06	3.30e-30
 2.31540e+16	8.51e-10	1.56e-05	5.63e-03	9.00e-02	9.04e-01	2.41e-06	0.00e+00	7.65e-11	2.29e-10	3.83e-10	5.19e-06	1.04e-05	5.59e-30
 2.37711e+16	1.06e-09	1.89e-05	6.54e-03	9.79e-02	8.96e-01	2.38e-06	0.00e+00	9.56e-11	2.87e-10	4.78e-10	6.27e-06	1.26e-05	9.37e-30
 2.42759e+16	1.27e-09	2.20e-05	7.39e-03	1.05e-01	8.88e-01	2.37e-06	0.00e+00	1.15e-10	3.44e-10	5.73e-10	7.31e-06	1.47e-05	1.40e-29
 2.47052e+16	1.50e-09	2.52e-05	8.24e-03	1.11e-01	8.81e-01	2.36e-06	0.00e+00	1.35e-10	4.05e-10	6.76e-10	8.38e-06	1.68e-05	2.01e-29
 2.51906e+16	1.81e-09	2.96e-05	9.35e-03	1.19e-01	8.72e-01	2.34e-06	0.00e+00	1.63e-10	4.90e-10	8.18e-10	9.83e-06	1.97e-05	3.12e-29
 2.57280e+16	2.26e-09	3.53e-05	1.08e-02	1.28e-01	8.61e-01	2.34e-06	0.00e+00	2.04e-10	6.12e-10	1.02e-09	1.17e-05	2.36e-05	5.03e-29
 2.62161e+16	2.70e-09	4.13e-05	1.22e-02	1.38e-01	8.50e-01	2.32e-06	0.00e+00	2.44e-10	7.32e-10	1.22e-09	1.37e-05	2.76e-05	7.47e-29
