#depth	N	N+	N+2	N+3	N+4	N+5	N+6	N+7
 1.49634e+10	0.00e+00	0.00e+00	1.26e-30	2.19e-20	6.91e-11	6.89e-01	3.11e-01	5.23e-05
 4.54887e+10	0.00e+00	1.83e-41	1.63e-30	2.62e-20	7.66e-11	7.05e-01	2.94e-01	4.58e-05
 7.72350e+10	0.00e+00	0.00e+00	2.12e-30	3.14e-20	8.47e-11	7.22e-01	2.78e-01	4.00e-05
 1.10251e+11	0.00e+00	3.59e-41	2.74e-30	3.76e-20	9.37e-11	7.38e-01	2.62e-01	3.48e-05
 1.44588e+11	0.00e+00	0.00e+00	3.54e-30	4.49e-20	1.03e-10	7.53e-01	2.47e-01	3.03e-05
 1.80298e+11	0.00e+00	7.01e-41	4.57e-30	5.36e-20	1.14e-10	7.67e-01	2.33e-01	2.64e-05
 2.17437e+11	0.00e+00	0.00e+00	5.89e-30	6.38e-20	1.26e-10	7.81e-01	2.19e-01	2.29e-05
 2.52088e+11	0.00e+00	1.32e-40	7.39e-30	7.47e-20	1.37e-10	7.94e-01	2.06e-01	2.02e-05
 2.82611e+11	0.00e+00	0.00e+00	8.97e-30	8.53e-20	1.47e-10	8.03e-01	1.96e-01	1.81e-05
 3.16661e+11	0.00e+00	2.23e-40	1.10e-29	9.84e-20	1.59e-10	8.14e-01	1.86e-01	1.60e-05
 3.57589e+11	0.00e+00	0.00e+00	1.41e-29	1.16e-19	1.74e-10	8.25e-01	1.75e-01	1.39e-05
 3.98743e+11	0.00e+00	4.16e-40	1.77e-29	1.36e-19	1.90e-10	8.36e-01	1.64e-01	1.22e-05
 4.36541e+11	0.00e+00	0.00e+00	2.18e-29	1.57e-19	2.05e-10	8.45e-01	1.55e-01	1.08e-05
 4.78687e+11	0.00e+00	7.31e-40	2.72e-29	1.83e-19	2.22e-10	8.54e-01	1.46e-01	9.45e-06
 5.27523e+11	0.00e+00	0.00e+00	3.48e-29	2.16e-19	2.43e-10	8.64e-01	1.36e-01	8.15e-06
 5.75291e+11	0.00e+00	1.37e-39	4.39e-29	2.53e-19	2.64e-10	8.73e-01	1.27e-01	7.08e-06
 6.20523e+11	0.00e+00	0.00e+00	5.42e-29	2.92e-19	2.85e-10	8.80e-01	1.20e-01	6.23e-06
 6.70824e+11	0.00e+00	2.45e-39	6.80e-29	3.41e-19	3.10e-10	8.88e-01	1.12e-01	5.42e-06
 7.27584e+11	0.00e+00	0.00e+00	8.69e-29	4.03e-19	3.38e-10	8.96e-01	1.04e-01	4.66e-06
 7.84601e+11	0.00e+00	4.63e-39	1.10e-28	4.73e-19	3.68e-10	9.03e-01	9.71e-02	4.02e-06
 8.43898e+11	0.00e+00	0.00e+00	1.40e-28	5.55e-19	4.00e-10	9.10e-01	9.03e-02	3.46e-06
 9.07581e+11	0.00e+00	8.74e-39	1.78e-28	6.55e-19	4.36e-10	9.16e-01	8.38e-02	2.97e-06
 9.73811e+11	0.00e+00	0.00e+00	2.27e-28	7.72e-19	4.75e-10	9.22e-01	7.77e-02	2.54e-06
 1.04269e+12	0.00e+00	1.67e-38	2.90e-28	9.10e-19	5.17e-10	9.28e-01	7.20e-02	2.18e-06
 1.11432e+12	0.00e+00	0.00e+00	3.70e-28	1.07e-18	5.63e-10	9.33e-01	6.66e-02	1.86e-06
 1.18882e+12	0.00e+00	3.17e-38	4.72e-28	1.26e-18	6.13e-10	9.38e-01	6.17e-02	1.59e-06
 1.26630e+12	0.00e+00	0.00e+00	6.02e-28	1.49e-18	6.67e-10	9.43e-01	5.70e-02	1.36e-06
 1.34688e+12	0.00e+00	6.04e-38	7.67e-28	1.75e-18	7.26e-10	9.47e-01	5.27e-02	1.16e-06
 1.43068e+12	0.00e+00	0.00e+00	9.77e-28	2.07e-18	7.89e-10	9.51e-01	4.87e-02	9.90e-07
 1.51784e+12	0.00e+00	1.15e-37	1.25e-27	2.43e-18	8.58e-10	9.55e-01	4.50e-02	0.00e+00
 1.60848e+12	0.00e+00	0.00e+00	1.59e-27	2.86e-18	9.33e-10	9.58e-01	4.15e-02	0.00e+00
 1.69685e+12	0.00e+00	2.14e-37	1.99e-27	3.34e-18	1.01e-09	9.61e-01	3.85e-02	0.00e+00
 1.78078e+12	0.00e+00	0.00e+00	2.45e-27	3.84e-18	1.08e-09	9.64e-01	3.59e-02	0.00e+00
 1.87396e+12	0.00e+00	3.81e-37	3.07e-27	4.46e-18	1.17e-09	9.67e-01	3.34e-02	0.00e+00
 1.97569e+12	0.00e+00	0.00e+00	3.89e-27	5.22e-18	1.27e-09	9.69e-01	3.08e-02	0.00e+00
 2.07365e+12	0.00e+00	6.95e-37	4.83e-27	6.05e-18	1.37e-09	9.71e-01	2.86e-02	0.00e+00
 2.17867e+12	0.00e+00	0.00e+00	6.06e-27	7.04e-18	1.48e-09	9.73e-01	2.65e-02	0.00e+00
 2.29575e+12	0.00e+00	1.30e-36	7.73e-27	8.29e-18	1.60e-09	9.76e-01	2.44e-02	0.00e+00
 2.41370e+12	3.37e-47	1.77e-36	9.78e-27	9.71e-18	1.74e-09	9.77e-01	2.26e-02	0.00e+00
 2.53636e+12	0.00e+00	0.00e+00	1.24e-26	1.14e-17	1.88e-09	9.79e-01	2.08e-02	0.00e+00
 2.66775e+12	0.00e+00	3.35e-36	1.58e-26	1.34e-17	2.05e-09	9.81e-01	1.92e-02	0.00e+00
 2.80438e+12	1.12e-46	4.63e-36	2.02e-26	1.58e-17	2.22e-09	9.82e-01	1.77e-02	0.00e+00
 2.94648e+12	0.00e+00	0.00e+00	2.58e-26	1.86e-17	2.41e-09	9.84e-01	1.62e-02	0.00e+00
 3.09427e+12	0.00e+00	8.87e-36	3.29e-26	2.19e-17	2.62e-09	9.85e-01	1.49e-02	0.00e+00
 3.24797e+12	3.78e-46	1.23e-35	4.20e-26	2.59e-17	2.85e-09	9.86e-01	1.37e-02	0.00e+00
 3.40781e+12	0.00e+00	0.00e+00	5.37e-26	3.05e-17	3.10e-09	9.87e-01	1.26e-02	0.00e+00
 3.57405e+12	0.00e+00	2.36e-35	6.87e-26	3.60e-17	3.37e-09	9.88e-01	1.16e-02	0.00e+00
 3.74694e+12	1.28e-45	3.27e-35	8.79e-26	4.25e-17	3.66e-09	9.89e-01	1.07e-02	0.00e+00
 3.90999e+12	0.00e+00	0.00e+00	1.10e-25	4.94e-17	3.95e-09	9.90e-01	9.89e-03	0.00e+00
 4.05655e+12	0.00e+00	5.70e-35	1.34e-25	5.63e-17	4.22e-09	9.91e-01	9.25e-03	0.00e+00
 4.22135e+12	3.66e-45	7.57e-35	1.66e-25	6.50e-17	4.54e-09	9.91e-01	8.60e-03	0.00e+00
 4.41576e+12	0.00e+00	0.00e+00	2.11e-25	7.66e-17	4.93e-09	9.92e-01	7.91e-03	0.00e+00
 4.60983e+12	0.00e+00	1.43e-34	2.67e-25	8.97e-17	5.34e-09	9.93e-01	7.31e-03	0.00e+00
 4.79305e+12	1.15e-44	1.89e-34	3.31e-25	1.04e-16	5.75e-09	9.93e-01	6.79e-03	0.00e+00
 4.99609e+12	0.00e+00	2.57e-34	4.16e-25	1.21e-16	6.21e-09	9.94e-01	6.28e-03	0.00e+00
 5.22586e+12	2.54e-44	3.58e-34	5.35e-25	1.43e-16	6.77e-09	9.94e-01	5.76e-03	0.00e+00
 5.45606e+12	0.00e+00	4.93e-34	6.82e-25	1.69e-16	7.35e-09	9.95e-01	5.30e-03	0.00e+00
 5.69547e+12	5.67e-44	6.81e-34	8.70e-25	1.99e-16	7.99e-09	9.95e-01	4.88e-03	0.00e+00
 5.95322e+12	0.00e+00	9.52e-34	1.12e-24	2.36e-16	8.72e-09	9.96e-01	4.47e-03	0.00e+00
 6.19518e+12	1.26e-43	1.29e-33	1.41e-24	2.76e-16	9.43e-09	9.96e-01	4.13e-03	0.00e+00
 6.41151e+12	0.00e+00	1.67e-33	1.72e-24	3.16e-16	1.01e-08	9.96e-01	3.86e-03	0.00e+00
 6.65475e+12	2.49e-43	2.23e-33	2.14e-24	3.66e-16	1.09e-08	9.96e-01	3.58e-03	0.00e+00
 6.94304e+12	0.00e+00	3.10e-33	2.74e-24	4.33e-16	1.18e-08	9.97e-01	3.29e-03	0.00e+00
 7.23124e+12	5.58e-43	4.26e-33	3.49e-24	5.10e-16	1.29e-08	9.97e-01	3.03e-03	0.00e+00
 7.50067e+12	0.00e+00	5.68e-33	4.34e-24	5.92e-16	1.39e-08	9.97e-01	2.81e-03	0.00e+00
 7.80033e+12	1.17e-42	7.72e-33	5.48e-24	6.94e-16	1.51e-08	9.97e-01	2.59e-03	0.00e+00
 8.14227e+12	0.00e+00	1.09e-32	7.10e-24	8.28e-16	1.65e-08	9.98e-01	2.37e-03	0.00e+00
 8.47888e+12	2.67e-42	1.50e-32	9.07e-24	9.78e-16	1.79e-08	9.98e-01	2.18e-03	0.00e+00
 8.82896e+12	0.00e+00	2.07e-32	1.16e-23	1.16e-15	1.96e-08	9.98e-01	2.00e-03	0.00e+00
 9.21205e+12	6.11e-42	2.92e-32	1.51e-23	1.39e-15	2.14e-08	9.98e-01	1.82e-03	0.00e+00
 9.59723e+12	0.00e+00	4.05e-32	1.94e-23	1.65e-15	2.34e-08	9.98e-01	1.67e-03	0.00e+00
 9.99782e+12	1.39e-41	5.66e-32	2.51e-23	1.96e-15	2.56e-08	9.98e-01	1.53e-03	0.00e+00
 1.04277e+13	0.00e+00	7.97e-32	3.26e-23	2.35e-15	2.81e-08	9.99e-01	1.39e-03	0.00e+00
 1.08540e+13	3.20e-41	1.11e-31	4.19e-23	2.80e-15	3.07e-08	9.99e-01	1.28e-03	0.00e+00
 1.12974e+13	0.00e+00	1.54e-31	5.39e-23	3.33e-15	3.36e-08	9.99e-01	1.17e-03	0.00e+00
 1.17793e+13	7.33e-41	2.16e-31	7.01e-23	4.00e-15	3.69e-08	9.99e-01	1.06e-03	0.00e+00
 1.22804e+13	0.00e+00	3.05e-31	9.13e-23	4.80e-15	4.06e-08	9.99e-01	9.70e-04	0.00e+00
 1.28015e+13	1.71e-40	4.29e-31	1.19e-22	5.77e-15	4.46e-08	9.99e-01	8.83e-04	0.00e+00
 1.33435e+13	0.00e+00	6.03e-31	1.55e-22	6.94e-15	4.91e-08	9.99e-01	8.03e-04	0.00e+00
 1.39072e+13	3.95e-40	8.47e-31	2.01e-22	8.35e-15	5.41e-08	9.99e-01	7.30e-04	0.00e+00
 1.44181e+13	0.00e+00	1.14e-30	2.54e-22	9.81e-15	5.89e-08	9.99e-01	6.72e-04	0.00e+00
 1.48457e+13	7.65e-40	1.45e-30	3.06e-22	1.12e-14	6.31e-08	9.99e-01	6.28e-04	0.00e+00
 1.53149e+13	0.00e+00	1.87e-30	3.73e-22	1.29e-14	6.79e-08	9.99e-01	5.84e-04	0.00e+00
 1.59067e+13	1.53e-39	2.55e-30	4.75e-22	1.53e-14	7.43e-08	9.99e-01	5.35e-04	0.00e+00
 1.65227e+13	0.00e+00	3.47e-30	6.05e-22	1.81e-14	8.13e-08	1.00e+00	4.89e-04	0.00e+00
 1.70508e+13	3.05e-39	4.48e-30	7.38e-22	2.09e-14	8.76e-08	1.00e+00	4.55e-04	0.00e+00
 1.75995e+13	0.00e+00	5.79e-30	9.03e-22	2.41e-14	9.45e-08	1.00e+00	4.22e-04	0.00e+00
 1.82829e+13	6.07e-39	7.87e-30	1.15e-21	2.87e-14	1.04e-07	1.00e+00	3.86e-04	0.00e+00
 1.89750e+13	0.00e+00	1.06e-29	1.45e-21	3.39e-14	1.13e-07	1.00e+00	3.53e-04	0.00e+00
 1.95784e+13	1.18e-38	1.36e-29	1.77e-21	3.91e-14	1.22e-07	1.00e+00	3.28e-04	0.00e+00
 2.02324e+13	0.00e+00	1.77e-29	2.17e-21	4.53e-14	1.32e-07	1.00e+00	3.04e-04	0.00e+00
 2.10291e+13	2.35e-38	2.39e-29	2.76e-21	5.39e-14	1.45e-07	1.00e+00	2.78e-04	0.00e+00
 2.18400e+13	0.00e+00	3.22e-29	3.50e-21	6.38e-14	1.59e-07	1.00e+00	2.54e-04	0.00e+00
 2.25839e+13	4.62e-38	4.19e-29	4.30e-21	7.41e-14	1.72e-07	1.00e+00	2.35e-04	0.00e+00
 2.34121e+13	0.00e+00	5.54e-29	5.37e-21	8.69e-14	1.87e-07	1.00e+00	2.16e-04	0.00e+00
 2.43727e+13	9.46e-38	7.56e-29	6.87e-21	1.04e-13	2.06e-07	1.00e+00	1.96e-04	0.00e+00
 2.53206e+13	0.00e+00	1.01e-28	8.67e-21	1.23e-13	2.25e-07	1.00e+00	1.80e-04	0.00e+00
 2.62282e+13	1.87e-37	1.33e-28	1.07e-20	1.44e-13	2.45e-07	1.00e+00	1.66e-04	0.00e+00
 2.72289e+13	0.00e+00	1.77e-28	1.35e-20	1.69e-13	2.67e-07	1.00e+00	1.52e-04	0.00e+00
 2.83480e+13	3.83e-37	2.40e-28	1.72e-20	2.02e-13	2.94e-07	1.00e+00	1.38e-04	0.00e+00
 2.94752e+13	0.00e+00	3.23e-28	2.17e-20	2.39e-13	3.22e-07	1.00e+00	1.27e-04	0.00e+00
 3.04884e+13	7.47e-37	4.17e-28	2.65e-20	2.76e-13	3.48e-07	1.00e+00	1.17e-04	0.00e+00
 3.13479e+13	0.00e+00	5.14e-28	3.13e-20	3.11e-13	3.71e-07	1.00e+00	1.10e-04	0.00e+00
 3.22749e+13	1.26e-36	6.40e-28	3.73e-20	3.53e-13	3.97e-07	1.00e+00	1.03e-04	0.00e+00
 3.34697e+13	0.00e+00	8.41e-28	4.63e-20	4.12e-13	4.32e-07	1.00e+00	9.48e-05	0.00e+00
 3.47147e+13	2.44e-36	1.11e-27	5.74e-20	4.82e-13	4.70e-07	1.00e+00	8.73e-05	0.00e+00
 3.57862e+13	0.00e+00	1.39e-27	6.87e-20	5.49e-13	5.03e-07	1.00e+00	8.15e-05	0.00e+00
 3.69305e+13	4.28e-36	1.76e-27	8.28e-20	6.27e-13	5.41e-07	1.00e+00	7.60e-05	0.00e+00
 3.83438e+13	0.00e+00	2.33e-27	1.03e-19	7.35e-13	5.89e-07	1.00e+00	6.98e-05	0.00e+00
 3.97923e+13	8.41e-36	3.07e-27	1.29e-19	8.60e-13	6.40e-07	1.00e+00	6.43e-05	0.00e+00
 4.11021e+13	0.00e+00	3.91e-27	1.55e-19	9.85e-13	6.89e-07	1.00e+00	5.98e-05	0.00e+00
 4.23508e+13	1.48e-35	4.88e-27	1.85e-19	1.12e-12	7.37e-07	1.00e+00	5.59e-05	0.00e+00
 4.37788e+13	0.00e+00	6.25e-27	2.25e-19	1.28e-12	7.94e-07	1.00e+00	5.20e-05	0.00e+00
 4.53736e+13	2.76e-35	8.16e-27	2.78e-19	1.49e-12	8.60e-07	1.00e+00	4.80e-05	0.00e+00
 4.68708e+13	0.00e+00	1.04e-26	3.36e-19	1.71e-12	9.25e-07	1.00e+00	4.47e-05	0.00e+00
 4.85028e+13	5.06e-35	1.34e-26	4.10e-19	1.97e-12	9.98e-07	1.00e+00	4.15e-05	0.00e+00
 5.03140e+13	0.00e+00	1.76e-26	5.08e-19	2.29e-12	1.08e-06	1.00e+00	3.83e-05	0.00e+00
 5.20019e+13	9.53e-35	2.26e-26	6.16e-19	2.63e-12	1.16e-06	1.00e+00	3.56e-05	0.00e+00
 5.38404e+13	0.00e+00	2.92e-26	7.55e-19	3.04e-12	1.26e-06	1.00e+00	3.30e-05	0.00e+00
 5.58925e+13	1.84e-34	3.86e-26	9.39e-19	3.54e-12	1.36e-06	1.00e+00	3.04e-05	0.00e+00
 5.78227e+13	2.51e-34	4.98e-26	1.15e-18	4.08e-12	1.47e-06	1.00e+00	2.83e-05	0.00e+00
 5.99296e+13	3.48e-34	6.51e-26	1.41e-18	4.72e-12	1.59e-06	1.00e+00	2.62e-05	0.00e+00
 6.22832e+13	4.94e-34	8.68e-26	1.77e-18	5.54e-12	1.73e-06	1.00e+00	2.41e-05	0.00e+00
 6.45094e+13	6.83e-34	1.13e-25	2.17e-18	6.39e-12	1.86e-06	1.00e+00	2.23e-05	0.00e+00
 6.68981e+13	9.54e-34	1.48e-25	2.68e-18	7.42e-12	2.02e-06	1.00e+00	2.07e-05	0.00e+00
 6.96040e+13	1.37e-33	2.00e-25	3.38e-18	8.73e-12	2.20e-06	1.00e+00	1.90e-05	0.00e+00
 7.22700e+13	1.94e-33	2.65e-25	4.21e-18	1.02e-11	2.38e-06	1.00e+00	1.75e-05	0.00e+00
 7.50427e+13	2.75e-33	3.53e-25	5.25e-18	1.19e-11	2.58e-06	1.00e+00	1.62e-05	0.00e+00
 7.80744e+13	3.97e-33	4.75e-25	6.62e-18	1.39e-11	2.81e-06	1.00e+00	1.49e-05	0.00e+00
 8.11610e+13	5.70e-33	6.37e-25	8.31e-18	1.63e-11	3.05e-06	1.00e+00	1.37e-05	0.00e+00
 8.43710e+13	8.18e-33	8.56e-25	1.04e-17	1.91e-11	3.32e-06	1.00e+00	1.26e-05	0.00e+00
 8.77758e+13	1.18e-32	1.16e-24	1.31e-17	2.24e-11	3.61e-06	1.00e+00	1.16e-05	0.00e+00
 9.10199e+13	1.66e-32	1.52e-24	1.63e-17	2.60e-11	3.89e-06	1.00e+00	1.07e-05	0.00e+00
 9.39845e+13	2.25e-32	1.94e-24	1.96e-17	2.96e-11	4.17e-06	1.00e+00	1.00e-05	0.00e+00
 9.67851e+13	2.96e-32	2.43e-24	2.33e-17	3.33e-11	4.43e-06	1.00e+00	9.45e-06	0.00e+00
 9.98775e+13	3.99e-32	3.10e-24	2.81e-17	3.78e-11	4.73e-06	1.00e+00	8.85e-06	0.00e+00
 1.03343e+14	5.50e-32	4.02e-24	3.43e-17	4.34e-11	5.09e-06	1.00e+00	8.24e-06	0.00e+00
 1.06618e+14	7.40e-32	5.11e-24	4.12e-17	4.93e-11	5.43e-06	1.00e+00	7.73e-06	0.00e+00
 1.10201e+14	1.01e-31	6.59e-24	5.01e-17	5.63e-11	5.81e-06	1.00e+00	7.22e-06	0.00e+00
 1.14221e+14	1.42e-31	8.68e-24	6.19e-17	6.50e-11	6.26e-06	1.00e+00	6.70e-06	0.00e+00
 1.17953e+14	1.94e-31	1.11e-23	7.48e-17	7.40e-11	6.69e-06	1.00e+00	6.27e-06	0.00e+00
 1.21417e+14	2.56e-31	1.39e-23	8.87e-17	8.31e-11	7.11e-06	1.00e+00	5.91e-06	0.00e+00
 1.25393e+14	3.49e-31	1.79e-23	1.07e-16	9.46e-11	7.59e-06	1.00e+00	5.53e-06	0.00e+00
 1.30208e+14	5.00e-31	2.39e-23	1.34e-16	1.10e-10	8.21e-06	1.00e+00	5.12e-06	0.00e+00
 1.34948e+14	7.07e-31	3.16e-23	1.66e-16	1.27e-10	8.83e-06	1.00e+00	4.76e-06	0.00e+00
 1.39103e+14	9.49e-31	4.01e-23	1.98e-16	1.44e-10	9.39e-06	1.00e+00	4.47e-06	0.00e+00
 1.43660e+14	1.30e-30	5.16e-23	2.40e-16	1.63e-10	1.00e-05	1.00e+00	4.19e-06	0.00e+00
 1.49176e+14	1.87e-30	6.92e-23	3.00e-16	1.90e-10	1.08e-05	1.00e+00	3.88e-06	0.00e+00
 1.54707e+14	2.67e-30	9.21e-23	3.72e-16	2.20e-10	1.17e-05	1.00e+00	3.60e-06	0.00e+00
 1.59710e+14	3.64e-30	1.18e-22	4.50e-16	2.50e-10	1.24e-05	1.00e+00	3.38e-06	0.00e+00
 1.65257e+14	5.08e-30	1.55e-22	5.51e-16	2.86e-10	1.33e-05	1.00e+00	3.15e-06	0.00e+00
 1.71775e+14	7.41e-30	2.09e-22	6.93e-16	3.34e-10	1.44e-05	1.00e+00	2.91e-06	0.00e+00
 1.78211e+14	1.06e-29	2.80e-22	8.63e-16	3.87e-10	1.55e-05	1.00e+00	2.71e-06	0.00e+00
 1.84236e+14	1.48e-29	3.64e-22	1.05e-15	4.42e-10	1.66e-05	1.00e+00	2.53e-06	0.00e+00
 1.90968e+14	2.10e-29	4.83e-22	1.30e-15	5.10e-10	1.78e-05	1.00e+00	2.35e-06	0.00e+00
 1.98636e+14	3.09e-29	6.58e-22	1.65e-15	5.97e-10	1.93e-05	1.00e+00	2.17e-06	0.00e+00
 2.06255e+14	4.48e-29	8.87e-22	2.06e-15	6.94e-10	2.08e-05	1.00e+00	2.02e-06	0.00e+00
 2.14179e+14	6.49e-29	1.19e-21	2.58e-15	8.07e-10	2.25e-05	1.00e+00	1.87e-06	0.00e+00
 2.22776e+14	9.56e-29	1.63e-21	3.26e-15	9.44e-10	2.43e-05	1.00e+00	1.73e-06	0.00e+00
 2.31717e+14	1.41e-28	2.22e-21	4.12e-15	1.10e-09	2.64e-05	1.00e+00	1.59e-06	0.00e+00
 2.40378e+14	2.02e-28	2.97e-21	5.12e-15	1.28e-09	2.84e-05	1.00e+00	1.48e-06	0.00e+00
 2.48527e+14	2.80e-28	3.86e-21	6.25e-15	1.46e-09	3.04e-05	1.00e+00	1.38e-06	0.00e+00
 2.57639e+14	3.99e-28	5.13e-21	7.74e-15	1.69e-09	3.26e-05	1.00e+00	1.29e-06	0.00e+00
 2.66823e+14	5.62e-28	6.76e-21	9.53e-15	1.94e-09	3.51e-05	1.00e+00	1.20e-06	0.00e+00
 2.74451e+14	7.42e-28	8.44e-21	1.13e-14	2.18e-09	3.71e-05	1.00e+00	1.13e-06	0.00e+00
 2.82522e+14	9.85e-28	1.06e-20	1.34e-14	2.44e-09	3.94e-05	1.00e+00	1.07e-06	0.00e+00
 2.92841e+14	1.40e-27	1.40e-20	1.66e-14	2.82e-09	4.23e-05	1.00e+00	9.92e-07	0.00e+00
 3.03655e+14	1.99e-27	1.87e-20	2.06e-14	3.26e-09	4.56e-05	1.00e+00	0.00e+00	0.00e+00
 3.13207e+14	2.69e-27	2.38e-20	2.47e-14	3.69e-09	4.86e-05	1.00e+00	0.00e+00	0.00e+00
 3.23543e+14	3.69e-27	3.07e-20	3.00e-14	4.21e-09	5.19e-05	1.00e+00	0.00e+00	0.00e+00
 3.35987e+14	5.33e-27	4.12e-20	3.75e-14	4.90e-09	5.61e-05	1.00e+00	0.00e+00	0.00e+00
 3.48607e+14	7.62e-27	5.50e-20	4.67e-14	5.68e-09	6.05e-05	1.00e+00	0.00e+00	0.00e+00
 3.60418e+14	1.06e-26	7.15e-20	5.70e-14	6.49e-09	6.47e-05	1.00e+00	0.00e+00	0.00e+00
 3.73550e+14	1.49e-26	9.46e-20	7.05e-14	7.50e-09	6.97e-05	1.00e+00	0.00e+00	0.00e+00
 3.87482e+14	2.13e-26	1.26e-19	8.77e-14	8.69e-09	7.51e-05	1.00e+00	0.00e+00	0.00e+00
 3.99862e+14	2.89e-26	1.61e-19	1.06e-13	9.86e-09	8.01e-05	1.00e+00	0.00e+00	0.00e+00
 4.13173e+14	3.96e-26	2.08e-19	1.28e-13	1.12e-08	8.57e-05	1.00e+00	0.00e+00	0.00e+00
 4.29125e+14	5.72e-26	2.80e-19	1.61e-13	1.31e-08	9.26e-05	1.00e+00	0.00e+00	0.00e+00
 4.44829e+14	8.09e-26	3.70e-19	1.99e-13	1.51e-08	9.98e-05	1.00e+00	0.00e+00	0.00e+00
 4.58814e+14	1.09e-25	4.72e-19	2.40e-13	1.71e-08	1.06e-04	1.00e+00	0.00e+00	0.00e+00
 4.74249e+14	1.50e-25	6.10e-19	2.91e-13	1.96e-08	1.14e-04	1.00e+00	0.00e+00	0.00e+00
 4.92648e+14	2.17e-25	8.21e-19	3.65e-13	2.28e-08	1.23e-04	1.00e+00	0.00e+00	0.00e+00
 5.10892e+14	3.08e-25	1.09e-18	4.54e-13	2.64e-08	1.33e-04	1.00e+00	0.00e+00	0.00e+00
 5.27546e+14	4.20e-25	1.40e-18	5.49e-13	3.01e-08	1.42e-04	1.00e+00	0.00e+00	0.00e+00
 5.46140e+14	5.86e-25	1.83e-18	6.74e-13	3.46e-08	1.52e-04	1.00e+00	0.00e+00	0.00e+00
 5.67797e+14	8.52e-25	2.48e-18	8.48e-13	4.04e-08	1.65e-04	1.00e+00	0.00e+00	0.00e+00
 5.89079e+14	1.22e-24	3.30e-18	1.06e-12	4.69e-08	1.78e-04	1.00e+00	0.00e+00	0.00e+00
 6.09183e+14	1.68e-24	4.28e-18	1.29e-12	5.36e-08	1.91e-04	1.00e+00	0.00e+00	0.00e+00
 6.31551e+14	2.38e-24	5.67e-18	1.59e-12	6.20e-08	2.06e-04	1.00e+00	0.00e+00	0.00e+00
 6.56843e+14	3.46e-24	7.69e-18	2.01e-12	7.26e-08	2.23e-04	1.00e+00	0.00e+00	0.00e+00
 6.80804e+14	4.91e-24	1.02e-17	2.49e-12	8.38e-08	2.40e-04	1.00e+00	0.00e+00	0.00e+00
 7.02587e+14	6.64e-24	1.30e-17	3.00e-12	9.51e-08	2.56e-04	1.00e+00	0.00e+00	0.00e+00
 7.27233e+14	9.26e-24	1.70e-17	3.68e-12	1.09e-07	2.75e-04	1.00e+00	0.00e+00	0.00e+00
 7.56001e+14	1.35e-23	2.30e-17	4.63e-12	1.28e-07	2.98e-04	1.00e+00	0.00e+00	0.00e+00
 7.83604e+14	1.91e-23	3.04e-17	5.73e-12	1.47e-07	3.20e-04	1.00e+00	0.00e+00	0.00e+00
 8.08520e+14	2.58e-23	3.88e-17	6.90e-12	1.67e-07	3.42e-04	1.00e+00	0.00e+00	0.00e+00
 8.31978e+14	3.40e-23	4.85e-17	8.17e-12	1.87e-07	3.62e-04	1.00e+00	0.00e+00	0.00e+00
 8.57985e+14	4.58e-23	6.17e-17	9.81e-12	2.12e-07	3.86e-04	1.00e+00	0.00e+00	0.00e+00
 8.87061e+14	6.32e-23	8.00e-17	1.19e-11	2.42e-07	4.13e-04	1.00e+00	0.00e+00	0.00e+00
 9.14525e+14	8.51e-23	1.02e-16	1.43e-11	2.74e-07	4.39e-04	1.00e+00	0.00e+00	0.00e+00
 9.44626e+14	1.16e-22	1.31e-16	1.73e-11	3.12e-07	4.69e-04	1.00e+00	0.00e+00	0.00e+00
 9.78324e+14	1.64e-22	1.72e-16	2.14e-11	3.59e-07	5.04e-04	9.99e-01	0.00e+00	0.00e+00
 1.01012e+15	2.23e-22	2.21e-16	2.58e-11	4.08e-07	5.38e-04	9.99e-01	0.00e+00	0.00e+00
 1.04487e+15	3.11e-22	2.88e-16	3.16e-11	4.67e-07	5.77e-04	9.99e-01	0.00e+00	0.00e+00
 1.08328e+15	4.42e-22	3.83e-16	3.91e-11	5.39e-07	6.21e-04	9.99e-01	0.00e+00	0.00e+00
 1.11874e+15	6.04e-22	4.92e-16	4.74e-11	6.13e-07	6.63e-04	9.99e-01	0.00e+00	0.00e+00
 1.15714e+15	8.39e-22	6.41e-16	5.79e-11	7.02e-07	7.10e-04	9.99e-01	0.00e+00	0.00e+00
 1.20006e+15	1.19e-21	8.53e-16	7.18e-11	8.12e-07	7.64e-04	9.99e-01	0.00e+00	0.00e+00
 1.24040e+15	1.65e-21	1.11e-15	8.74e-11	9.27e-07	8.17e-04	9.99e-01	0.00e+00	0.00e+00
 1.28433e+15	2.30e-21	1.45e-15	1.07e-10	1.07e-06	8.78e-04	9.99e-01	0.00e+00	0.00e+00
 1.33321e+15	3.33e-21	1.94e-15	1.34e-10	1.24e-06	9.47e-04	9.99e-01	0.00e+00	0.00e+00
 1.37890e+15	4.60e-21	2.53e-15	1.64e-10	1.42e-06	1.01e-03	9.99e-01	0.00e+00	0.00e+00
 1.42857e+15	6.47e-21	3.33e-15	2.02e-10	1.63e-06	1.09e-03	9.99e-01	0.00e+00	0.00e+00
 1.48414e+15	9.33e-21	4.47e-15	2.53e-10	1.90e-06	1.18e-03	9.99e-01	0.00e+00	0.00e+00
 1.53680e+15	1.31e-20	5.87e-15	3.11e-10	2.19e-06	1.27e-03	9.99e-01	0.00e+00	0.00e+00
 1.59318e+15	1.83e-20	7.73e-15	3.84e-10	2.53e-06	1.37e-03	9.99e-01	0.00e+00	0.00e+00
 1.65694e+15	2.68e-20	1.05e-14	4.85e-10	2.96e-06	1.48e-03	9.99e-01	0.00e+00	0.00e+00
 1.71970e+15	3.80e-20	1.40e-14	6.04e-10	3.44e-06	1.60e-03	9.98e-01	0.00e+00	0.00e+00
 1.78497e+15	5.39e-20	1.86e-14	7.52e-10	3.99e-06	1.73e-03	9.98e-01	0.00e+00	0.00e+00
 1.85640e+15	7.80e-20	2.50e-14	9.47e-10	4.68e-06	1.88e-03	9.98e-01	0.00e+00	0.00e+00
 1.92689e+15	1.10e-19	3.32e-14	1.18e-09	5.43e-06	2.04e-03	9.98e-01	0.00e+00	0.00e+00
 1.98543e+15	1.46e-19	4.17e-14	1.41e-09	6.13e-06	2.17e-03	9.98e-01	0.00e+00	0.00e+00
 2.03273e+15	1.80e-19	4.97e-14	1.61e-09	6.74e-06	2.28e-03	9.98e-01	0.00e+00	0.00e+00
 2.08526e+15	2.28e-19	6.02e-14	1.87e-09	7.47e-06	2.41e-03	9.98e-01	0.00e+00	0.00e+00
 2.15354e+15	3.06e-19	7.66e-14	2.26e-09	8.51e-06	2.58e-03	9.97e-01	0.00e+00	0.00e+00
 2.22670e+15	4.13e-19	9.82e-14	2.75e-09	9.74e-06	2.78e-03	9.97e-01	0.00e+00	0.00e+00
 2.29156e+15	5.35e-19	1.21e-13	3.25e-09	1.09e-05	2.95e-03	9.97e-01	0.00e+00	0.00e+00
 2.36123e+15	6.99e-19	1.51e-13	3.87e-09	1.23e-05	3.15e-03	9.97e-01	0.00e+00	0.00e+00
 2.44864e+15	9.65e-19	1.98e-13	4.78e-09	1.43e-05	3.42e-03	9.97e-01	0.00e+00	0.00e+00
 2.53736e+15	1.32e-18	2.57e-13	5.88e-09	1.65e-05	3.69e-03	9.96e-01	0.00e+00	0.00e+00
 2.61414e+15	1.72e-18	3.19e-13	6.98e-09	1.86e-05	3.94e-03	9.96e-01	0.00e+00	0.00e+00
 2.69713e+15	2.24e-18	3.99e-13	8.37e-09	2.11e-05	4.23e-03	9.96e-01	0.00e+00	0.00e+00
 2.79893e+15	3.09e-18	5.22e-13	1.04e-08	2.45e-05	4.59e-03	9.95e-01	0.00e+00	0.00e+00
 2.90181e+15	4.22e-18	6.77e-13	1.28e-08	2.84e-05	4.98e-03	9.95e-01	0.00e+00	0.00e+00
 2.99316e+15	5.48e-18	8.43e-13	1.53e-08	3.22e-05	5.34e-03	9.95e-01	0.00e+00	0.00e+00
 3.09290e+15	7.24e-18	1.07e-12	1.85e-08	3.68e-05	5.75e-03	9.94e-01	0.00e+00	0.00e+00
 3.21227e+15	9.98e-18	1.40e-12	2.30e-08	4.28e-05	6.26e-03	9.94e-01	0.00e+00	0.00e+00
 3.33043e+15	1.35e-17	1.81e-12	2.84e-08	4.96e-05	6.80e-03	9.93e-01	0.00e+00	0.00e+00
 3.43694e+15	1.76e-17	2.26e-12	3.40e-08	5.63e-05	7.30e-03	9.93e-01	0.00e+00	0.00e+00
 3.55506e+15	2.33e-17	2.86e-12	4.14e-08	6.45e-05	7.88e-03	9.92e-01	0.00e+00	0.00e+00
 3.69427e+15	3.21e-17	3.76e-12	5.18e-08	7.53e-05	8.60e-03	9.91e-01	0.00e+00	0.00e+00
 3.83169e+15	4.35e-17	4.86e-12	6.40e-08	8.73e-05	9.35e-03	9.91e-01	0.00e+00	0.00e+00
 3.95919e+15	5.74e-17	6.14e-12	7.74e-08	9.95e-05	1.01e-02	9.90e-01	0.00e+00	0.00e+00
 4.10218e+15	7.66e-17	7.87e-12	9.52e-08	1.15e-04	1.09e-02	9.89e-01	0.00e+00	0.00e+00
 4.26630e+15	1.06e-16	1.04e-11	1.20e-07	1.34e-04	1.19e-02	9.88e-01	0.00e+00	0.00e+00
 4.42770e+15	1.65e-16	1.35e-11	1.49e-07	1.56e-04	1.30e-02	9.87e-01	0.00e+00	0.00e+00
 4.59555e+15	2.26e-16	1.76e-11	1.85e-07	1.81e-04	1.41e-02	9.86e-01	0.00e+00	0.00e+00
 4.74852e+15	2.96e-16	2.22e-11	2.24e-07	2.07e-04	1.52e-02	9.85e-01	0.00e+00	0.00e+00
 4.86260e+15	3.61e-16	2.62e-11	2.58e-07	2.27e-04	1.61e-02	9.84e-01	0.00e+00	0.00e+00
 4.98043e+15	4.41e-16	3.11e-11	2.96e-07	2.50e-04	1.70e-02	9.83e-01	0.00e+00	0.00e+00
 5.13361e+15	5.69e-16	3.86e-11	3.55e-07	2.83e-04	1.82e-02	9.82e-01	0.00e+00	0.00e+00
 5.29937e+15	7.42e-16	4.85e-11	4.28e-07	3.21e-04	1.96e-02	9.80e-01	0.00e+00	0.00e+00
 5.44889e+15	9.34e-16	5.91e-11	5.05e-07	3.59e-04	2.08e-02	9.79e-01	0.00e+00	0.00e+00
 5.61069e+15	1.19e-15	7.29e-11	6.01e-07	4.03e-04	2.22e-02	9.77e-01	0.00e+00	0.00e+00
 5.81621e+15	1.62e-15	9.47e-11	7.45e-07	4.67e-04	2.41e-02	9.75e-01	0.00e+00	0.00e+00
 6.02313e+15	2.17e-15	1.22e-10	9.18e-07	5.37e-04	2.61e-02	9.73e-01	0.00e+00	0.00e+00
 6.19673e+15	2.75e-15	1.49e-10	1.09e-06	6.01e-04	2.78e-02	9.72e-01	0.00e+00	0.00e+00
 6.38240e+15	3.54e-15	1.85e-10	1.30e-06	6.77e-04	2.98e-02	9.70e-01	0.00e+00	0.00e+00
 6.61711e+15	4.83e-15	2.42e-10	1.62e-06	7.83e-04	3.23e-02	9.67e-01	0.00e+00	0.00e+00
 6.86313e+15	6.58e-15	3.15e-10	2.01e-06	9.07e-04	3.50e-02	9.64e-01	0.00e+00	0.00e+00
 7.08395e+15	8.58e-15	3.97e-10	2.43e-06	1.03e-03	3.76e-02	9.61e-01	0.00e+00	0.00e+00
 7.32442e+15	1.14e-14	5.07e-10	2.98e-06	1.18e-03	4.05e-02	9.58e-01	0.00e+00	0.00e+00
 7.60956e+15	1.59e-14	6.74e-10	3.76e-06	1.38e-03	4.41e-02	9.55e-01	0.00e+00	0.00e+00
 7.88869e+15	2.17e-14	8.78e-10	4.68e-06	1.59e-03	4.78e-02	9.51e-01	0.00e+00	0.00e+00
 8.14139e+15	2.84e-14	1.11e-09	5.66e-06	1.80e-03	5.12e-02	9.47e-01	0.00e+00	0.00e+00
 8.42384e+15	3.82e-14	1.43e-09	6.97e-06	2.07e-03	5.52e-02	9.43e-01	0.00e+00	0.00e+00
 8.75517e+15	5.35e-14	1.91e-09	8.84e-06	2.42e-03	6.01e-02	9.37e-01	0.00e+00	0.00e+00
 9.08054e+15	7.32e-14	2.50e-09	1.10e-05	2.80e-03	6.51e-02	9.32e-01	0.00e+00	0.00e+00
 9.38361e+15	9.73e-14	3.19e-09	1.35e-05	3.20e-03	6.99e-02	9.27e-01	0.00e+00	0.00e+00
 9.72366e+15	1.34e-13	4.17e-09	1.68e-05	3.69e-03	7.56e-02	9.21e-01	0.00e+00	0.00e+00
 1.00502e+16	1.78e-13	5.34e-09	2.06e-05	4.22e-03	8.12e-02	9.15e-01	0.00e+00	0.00e+00
 1.02922e+16	2.19e-13	6.39e-09	2.38e-05	4.65e-03	8.56e-02	9.10e-01	0.00e+00	0.00e+00
 1.05362e+16	2.72e-13	7.66e-09	2.75e-05	5.11e-03	8.99e-02	9.05e-01	0.00e+00	0.00e+00
 1.08533e+16	3.55e-13	9.60e-09	3.30e-05	5.76e-03	9.58e-02	8.98e-01	0.00e+00	0.00e+00
 1.11966e+16	4.70e-13	1.22e-08	4.01e-05	6.55e-03	1.02e-01	8.91e-01	0.00e+00	0.00e+00
 1.15031e+16	5.97e-13	1.49e-08	4.73e-05	7.30e-03	1.08e-01	8.84e-01	0.00e+00	0.00e+00
 1.18306e+16	7.72e-13	1.86e-08	5.63e-05	8.18e-03	1.15e-01	8.77e-01	0.00e+00	0.00e+00
 1.22561e+16	1.07e-12	2.45e-08	7.04e-05	9.47e-03	1.24e-01	8.66e-01	0.00e+00	0.00e+00
 1.26862e+16	1.46e-12	3.19e-08	8.71e-05	1.09e-02	1.33e-01	8.56e-01	0.00e+00	0.00e+00
 1.30345e+16	1.86e-12	3.92e-08	1.03e-04	1.21e-02	1.41e-01	8.47e-01	0.00e+00	0.00e+00
 1.33993e+16	2.40e-12	4.86e-08	1.22e-04	1.36e-02	1.50e-01	8.37e-01	0.00e+00	0.00e+00
 1.38735e+16	3.31e-12	6.38e-08	1.52e-04	1.57e-02	1.61e-01	8.24e-01	0.00e+00	0.00e+00
 1.43670e+16	4.56e-12	8.37e-08	1.90e-04	1.81e-02	1.72e-01	8.09e-01	0.00e+00	0.00e+00
 1.47846e+16	5.90e-12	1.04e-07	2.27e-04	2.03e-02	1.83e-01	7.97e-01	0.00e+00	0.00e+00
 1.52262e+16	7.79e-12	1.32e-07	2.73e-04	2.30e-02	1.94e-01	7.83e-01	0.00e+00	0.00e+00
 1.57853e+16	1.09e-11	1.75e-07	3.44e-04	2.66e-02	2.08e-01	7.65e-01	0.00e+00	0.00e+00
 1.63405e+16	1.49e-11	2.29e-07	4.28e-04	3.07e-02	2.23e-01	7.46e-01	0.00e+00	0.00e+00
 1.67933e+16	1.92e-11	2.83e-07	5.10e-04	3.44e-02	2.35e-01	7.31e-01	0.00e+00	0.00e+00
 1.72699e+16	2.52e-11	3.55e-07	6.12e-04	3.86e-02	2.47e-01	7.13e-01	0.00e+00	0.00e+00
 1.78895e+16	3.53e-11	4.73e-07	7.70e-04	4.47e-02	2.64e-01	6.90e-01	0.00e+00	0.00e+00
 1.85113e+16	4.83e-11	6.18e-07	9.60e-04	5.15e-02	2.81e-01	6.67e-01	0.00e+00	0.00e+00
 1.89712e+16	6.02e-11	7.46e-07	1.12e-03	5.69e-02	2.93e-01	6.49e-01	0.00e+00	0.00e+00
 1.94042e+16	7.52e-11	9.00e-07	1.31e-03	6.26e-02	3.05e-01	6.31e-01	0.00e+00	0.00e+00
 1.99670e+16	9.99e-11	1.14e-06	1.58e-03	7.06e-02	3.20e-01	6.08e-01	0.00e+00	0.00e+00
 2.05320e+16	1.30e-10	1.43e-06	1.91e-03	7.94e-02	3.35e-01	5.84e-01	0.00e+00	0.00e+00
 2.09958e+16	1.60e-10	1.71e-06	2.22e-03	8.71e-02	3.46e-01	5.65e-01	0.00e+00	0.00e+00
 2.14949e+16	2.04e-10	2.10e-06	2.61e-03	9.63e-02	3.59e-01	5.42e-01	0.00e+00	0.00e+00
 2.20458e+16	2.61e-10	2.58e-06	3.11e-03	1.07e-01	3.72e-01	5.18e-01	0.00e+00	0.00e+00
 2.25691e+16	3.31e-10	3.16e-06	3.67e-03	1.18e-01	3.84e-01	4.94e-01	0.00e+00	0.00e+00
 2.31540e+16	4.35e-10	3.97e-06	4.42e-03	1.32e-01	3.96e-01	4.67e-01	0.00e+00	0.00e+00
 2.37711e+16	5.71e-10	5.00e-06	5.35e-03	1.48e-01	4.08e-01	4.38e-01	0.00e+00	0.00e+00
 2.42759e+16	7.07e-10	6.00e-06	6.22e-03	1.61e-01	4.17e-01	4.15e-01	0.00e+00	0.00e+00
 2.47052e+16	8.55e-10	7.04e-06	7.10e-03	1.74e-01	4.24e-01	3.95e-01	0.00e+00	0.00e+00
 2.51906e+16	1.07e-09	8.48e-06	8.26e-03	1.90e-01	4.30e-01	3.72e-01	0.00e+00	0.00e+00
 2.57280e+16	1.37e-09	1.04e-05	9.76e-03	2.08e-01	4.36e-01	3.46e-01	0.00e+00	0.00e+00
 2.62161e+16	1.68e-09	1.24e-05	1.13e-02	2.25e-01	4.40e-01	3.24e-01	0.00e+00	0.00e+00
 2.66568e+16	2.06e-09	1.47e-05	1.30e-02	2.42e-01	4.42e-01	3.03e-01	0.00e+00	0.00e+00
 2.70717e+16	2.50e-09	1.73e-05	1.48e-02	2.59e-01	4.43e-01	2.83e-01	0.00e+00	0.00e+00
 2.74639e+16	3.01e-09	2.01e-05	1.67e-02	2.76e-01	4.43e-01	2.64e-01	0.00e+00	0.00e+00
 2.78494e+16	3.59e-09	2.33e-05	1.89e-02	2.93e-01	4.41e-01	2.47e-01	0.00e+00	0.00e+00
 2.82924e+16	4.55e-09	2.82e-05	2.19e-02	3.15e-01	4.38e-01	2.25e-01	0.00e+00	0.00e+00
 2.87410e+16	5.65e-09	3.37e-05	2.53e-02	3.37e-01	4.33e-01	2.05e-01	0.00e+00	0.00e+00
 2.90963e+16	6.74e-09	3.90e-05	2.84e-02	3.55e-01	4.27e-01	1.89e-01	0.00e+00	0.00e+00
 2.94083e+16	7.95e-09	4.45e-05	3.16e-02	3.73e-01	4.21e-01	1.75e-01	0.00e+00	0.00e+00
 2.97648e+16	9.30e-09	5.10e-05	3.57e-02	3.93e-01	4.12e-01	1.60e-01	0.00e+00	0.00e+00
 3.01483e+16	1.14e-08	6.02e-05	4.07e-02	4.15e-01	4.01e-01	1.43e-01	0.00e+00	0.00e+00
 3.04747e+16	1.44e-08	7.20e-05	4.59e-02	4.36e-01	3.89e-01	1.29e-01	0.00e+00	0.00e+00
 3.07410e+16	1.68e-08	8.15e-05	5.05e-02	4.52e-01	3.79e-01	1.18e-01	0.00e+00	0.00e+00
 3.10213e+16	1.92e-08	9.13e-05	5.60e-02	4.71e-01	3.66e-01	1.07e-01	0.00e+00	0.00e+00
 3.13315e+16	2.32e-08	1.06e-04	6.28e-02	4.91e-01	3.51e-01	9.47e-02	0.00e+00	0.00e+00
 3.16049e+16	2.93e-08	1.26e-04	7.01e-02	5.10e-01	3.36e-01	8.37e-02	0.00e+00	0.00e+00
 3.18238e+16	3.24e-08	1.38e-04	7.61e-02	5.25e-01	3.23e-01	7.58e-02	0.00e+00	0.00e+00
 3.20476e+16	3.80e-08	1.56e-04	8.33e-02	5.41e-01	3.08e-01	6.75e-02	0.00e+00	0.00e+00
 3.22899e+16	4.50e-08	1.78e-04	9.18e-02	5.58e-01	2.91e-01	5.89e-02	0.00e+00	0.00e+00
 3.24986e+16	5.29e-08	2.01e-04	1.00e-01	5.73e-01	2.75e-01	5.17e-02	0.00e+00	0.00e+00
 3.26714e+16	6.38e-08	2.30e-04	1.08e-01	5.86e-01	2.60e-01	4.56e-02	0.00e+00	0.00e+00
 3.28248e+16	6.92e-08	2.47e-04	1.15e-01	5.97e-01	2.47e-01	4.09e-02	0.00e+00	0.00e+00
 3.29935e+16	7.96e-08	2.75e-04	1.24e-01	6.09e-01	2.32e-01	3.55e-02	0.00e+00	0.00e+00
 3.31726e+16	9.25e-08	3.08e-04	1.34e-01	6.21e-01	2.14e-01	3.02e-02	0.00e+00	0.00e+00
 3.33216e+16	1.06e-07	3.42e-04	1.43e-01	6.32e-01	1.99e-01	2.60e-02	0.00e+00	0.00e+00
 3.34430e+16	1.24e-07	3.81e-04	1.51e-01	6.40e-01	1.86e-01	2.25e-02	0.00e+00	0.00e+00
 3.35520e+16	1.33e-07	4.03e-04	1.58e-01	6.47e-01	1.74e-01	1.98e-02	0.00e+00	0.00e+00
 3.36733e+16	1.50e-07	4.41e-04	1.67e-01	6.56e-01	1.60e-01	1.68e-02	0.00e+00	0.00e+00
 3.38028e+16	1.70e-07	4.84e-04	1.77e-01	6.64e-01	1.45e-01	1.39e-02	0.00e+00	0.00e+00
 3.39120e+16	1.92e-07	5.28e-04	1.85e-01	6.70e-01	1.32e-01	1.16e-02	0.00e+00	0.00e+00
 3.39921e+16	2.15e-07	5.71e-04	1.92e-01	6.74e-01	1.23e-01	9.99e-03	0.00e+00	0.00e+00
 3.40486e+16	2.24e-07	5.90e-04	1.97e-01	6.77e-01	1.16e-01	9.00e-03	0.00e+00	0.00e+00
 3.41052e+16	2.44e-07	6.25e-04	2.02e-01	6.80e-01	1.09e-01	7.96e-03	0.00e+00	0.00e+00
 3.41789e+16	2.65e-07	6.64e-04	2.09e-01	6.84e-01	1.00e-01	6.76e-03	0.00e+00	0.00e+00
 3.42582e+16	2.89e-07	7.07e-04	2.16e-01	6.87e-01	9.11e-02	5.63e-03	0.00e+00	0.00e+00
 3.43280e+16	3.13e-07	7.48e-04	2.22e-01	6.90e-01	8.31e-02	4.73e-03	0.00e+00	0.00e+00
 3.43910e+16	3.36e-07	7.87e-04	2.27e-01	6.92e-01	7.60e-02	4.00e-03	0.00e+00	0.00e+00
 3.44620e+16	3.65e-07	8.35e-04	2.34e-01	6.94e-01	6.83e-02	3.26e-03	0.00e+00	0.00e+00
 3.45395e+16	3.98e-07	8.88e-04	2.41e-01	6.95e-01	6.04e-02	2.58e-03	0.00e+00	0.00e+00
 3.46101e+16	4.31e-07	9.40e-04	2.47e-01	6.96e-01	5.35e-02	2.06e-03	0.00e+00	0.00e+00
 3.46865e+16	4.70e-07	1.00e-03	2.54e-01	6.97e-01	4.66e-02	1.58e-03	0.00e+00	0.00e+00
 3.47710e+16	5.15e-07	1.07e-03	2.61e-01	6.97e-01	3.98e-02	1.17e-03	0.00e+00	0.00e+00
 3.48508e+16	5.61e-07	1.13e-03	2.68e-01	6.96e-01	3.40e-02	8.74e-04	0.00e+00	0.00e+00
 3.49395e+16	6.17e-07	1.21e-03	2.76e-01	6.94e-01	2.83e-02	6.17e-04	0.00e+00	0.00e+00
 3.50548e+16	6.94e-07	1.31e-03	2.85e-01	6.92e-01	2.22e-02	3.88e-04	0.00e+00	0.00e+00
 3.51771e+16	7.79e-07	1.42e-03	2.93e-01	6.88e-01	1.72e-02	2.39e-04	0.00e+00	0.00e+00
 3.52909e+16	8.64e-07	1.53e-03	3.01e-01	6.84e-01	1.35e-02	1.51e-04	0.00e+00	0.00e+00
 3.54215e+16	9.67e-07	1.65e-03	3.09e-01	6.79e-01	1.03e-02	8.87e-05	0.00e+00	0.00e+00
 3.55912e+16	1.11e-06	1.81e-03	3.19e-01	6.71e-01	7.27e-03	4.55e-05	0.00e+00	0.00e+00
 3.58119e+16	1.32e-06	2.03e-03	3.32e-01	6.61e-01	4.77e-03	1.99e-05	0.00e+00	0.00e+00
 3.60987e+16	1.62e-06	2.33e-03	3.47e-01	6.47e-01	2.88e-03	7.29e-06	0.00e+00	0.00e+00
 3.64716e+16	2.12e-06	2.78e-03	3.68e-01	6.28e-01	1.59e-03	2.22e-06	0.00e+00	0.00e+00
 3.68644e+16	2.84e-06	3.38e-03	3.90e-01	6.06e-01	9.18e-04	7.29e-07	0.00e+00	0.00e+00
 3.71921e+16	3.69e-06	4.02e-03	4.11e-01	5.85e-01	6.02e-04	0.00e+00	0.00e+00	0.00e+00
 3.74726e+16	4.67e-06	4.70e-03	4.30e-01	5.65e-01	4.25e-04	0.00e+00	0.00e+00	0.00e+00
 3.77825e+16	6.11e-06	5.64e-03	4.52e-01	5.42e-01	2.91e-04	0.00e+00	0.00e+00	0.00e+00
 3.81161e+16	8.30e-06	6.95e-03	4.79e-01	5.14e-01	1.98e-04	0.00e+00	0.00e+00	0.00e+00
 3.83472e+16	1.05e-05	8.16e-03	4.99e-01	4.93e-01	1.54e-04	0.00e+00	0.00e+00	0.00e+00
 3.84649e+16	1.19e-05	8.90e-03	5.10e-01	4.81e-01	1.35e-04	0.00e+00	0.00e+00	0.00e+00
 3.85687e+16	1.33e-05	9.59e-03	5.20e-01	4.71e-01	1.19e-04	0.00e+00	0.00e+00	0.00e+00
 3.87037e+16	1.54e-05	1.06e-02	5.33e-01	4.57e-01	1.01e-04	0.00e+00	0.00e+00	0.00e+00
 3.88792e+16	1.87e-05	1.21e-02	5.50e-01	4.37e-01	8.20e-05	0.00e+00	0.00e+00	0.00e+00
 3.90580e+16	2.31e-05	1.40e-02	5.69e-01	4.17e-01	6.65e-05	0.00e+00	0.00e+00	0.00e+00
 3.91963e+16	2.74e-05	1.58e-02	5.84e-01	4.00e-01	5.63e-05	0.00e+00	0.00e+00	0.00e+00
 3.93092e+16	3.17e-05	1.75e-02	5.97e-01	3.86e-01	4.89e-05	0.00e+00	0.00e+00	0.00e+00
 3.94338e+16	3.73e-05	1.96e-02	6.11e-01	3.70e-01	4.17e-05	0.00e+00	0.00e+00	0.00e+00
 3.95603e+16	4.43e-05	2.21e-02	6.25e-01	3.53e-01	3.54e-05	0.00e+00	0.00e+00	0.00e+00
 3.96569e+16	5.10e-05	2.43e-02	6.36e-01	3.39e-01	3.12e-05	0.00e+00	0.00e+00	0.00e+00
 3.97358e+16	5.71e-05	2.63e-02	6.46e-01	3.28e-01	2.80e-05	0.00e+00	0.00e+00	0.00e+00
 3.98242e+16	6.51e-05	2.89e-02	6.56e-01	3.15e-01	2.47e-05	0.00e+00	0.00e+00	0.00e+00
 3.99390e+16	7.73e-05	3.26e-02	6.69e-01	2.98e-01	2.09e-05	0.00e+00	0.00e+00	0.00e+00
 4.00503e+16	9.26e-05	3.69e-02	6.82e-01	2.81e-01	1.77e-05	0.00e+00	0.00e+00	0.00e+00
 4.01289e+16	1.06e-04	4.05e-02	6.91e-01	2.69e-01	1.57e-05	0.00e+00	0.00e+00	0.00e+00
 4.01928e+16	1.18e-04	4.36e-02	6.98e-01	2.59e-01	1.42e-05	0.00e+00	0.00e+00	0.00e+00
 4.02657e+16	1.33e-04	4.76e-02	7.05e-01	2.47e-01	1.26e-05	0.00e+00	0.00e+00	0.00e+00
 4.03606e+16	1.58e-04	5.35e-02	7.15e-01	2.31e-01	1.07e-05	0.00e+00	0.00e+00	0.00e+00
 4.04542e+16	1.88e-04	6.05e-02	7.23e-01	2.16e-01	9.09e-06	0.00e+00	0.00e+00	0.00e+00
 4.05222e+16	2.15e-04	6.63e-02	7.29e-01	2.05e-01	8.03e-06	0.00e+00	0.00e+00	0.00e+00
 4.05773e+16	2.39e-04	7.14e-02	7.33e-01	1.95e-01	7.23e-06	0.00e+00	0.00e+00	0.00e+00
 4.06397e+16	2.71e-04	7.79e-02	7.37e-01	1.85e-01	6.38e-06	0.00e+00	0.00e+00	0.00e+00
 4.07209e+16	3.20e-04	8.74e-02	7.42e-01	1.71e-01	5.39e-06	0.00e+00	0.00e+00	0.00e+00
 4.08010e+16	3.82e-04	9.86e-02	7.44e-01	1.57e-01	4.54e-06	0.00e+00	0.00e+00	0.00e+00
 4.08596e+16	4.37e-04	1.08e-01	7.44e-01	1.47e-01	3.97e-06	0.00e+00	0.00e+00	0.00e+00
 4.09076e+16	4.87e-04	1.17e-01	7.44e-01	1.39e-01	3.54e-06	0.00e+00	0.00e+00	0.00e+00
 4.09620e+16	5.53e-04	1.27e-01	7.43e-01	1.29e-01	3.09e-06	0.00e+00	0.00e+00	0.00e+00
 4.10327e+16	6.54e-04	1.42e-01	7.39e-01	1.17e-01	2.57e-06	0.00e+00	0.00e+00	0.00e+00
 4.11028e+16	7.82e-04	1.61e-01	7.33e-01	1.06e-01	2.12e-06	0.00e+00	0.00e+00	0.00e+00
 4.11545e+16	8.98e-04	1.76e-01	7.26e-01	9.71e-02	1.82e-06	0.00e+00	0.00e+00	0.00e+00
 4.11973e+16	1.00e-03	1.90e-01	7.19e-01	9.00e-02	1.59e-06	0.00e+00	0.00e+00	0.00e+00
 4.12461e+16	1.15e-03	2.07e-01	7.09e-01	8.22e-02	1.35e-06	0.00e+00	0.00e+00	0.00e+00
 4.13094e+16	1.37e-03	2.32e-01	6.94e-01	7.22e-02	1.09e-06	0.00e+00	0.00e+00	0.00e+00
 4.13731e+16	1.65e-03	2.62e-01	6.73e-01	6.24e-02	8.54e-07	0.00e+00	0.00e+00	0.00e+00
 4.14218e+16	1.92e-03	2.89e-01	6.54e-01	5.52e-02	0.00e+00	0.00e+00	0.00e+00	0.00e+00
 4.14696e+16	2.21e-03	3.17e-01	6.33e-01	4.84e-02	0.00e+00	0.00e+00	0.00e+00	0.00e+00
 4.15318e+16	2.68e-03	3.57e-01	6.00e-01	4.00e-02	0.00e+00	0.00e+00	0.00e+00	0.00e+00
 4.15958e+16	3.32e-03	4.06e-01	5.59e-01	3.19e-02	0.00e+00	0.00e+00	0.00e+00	0.00e+00
 4.16455e+16	3.95e-03	4.49e-01	5.21e-01	2.61e-02	0.00e+00	0.00e+00	0.00e+00	0.00e+00
 4.16848e+16	4.51e-03	4.85e-01	4.88e-01	2.19e-02	0.00e+00	0.00e+00	0.00e+00	0.00e+00
 4.17269e+16	5.24e-03	5.26e-01	4.51e-01	1.78e-02	0.00e+00	0.00e+00	0.00e+00	0.00e+00
 4.17743e+16	6.18e-03	5.76e-01	4.05e-01	1.36e-02	0.00e+00	0.00e+00	0.00e+00	0.00e+00
 4.18165e+16	7.22e-03	6.22e-01	3.60e-01	1.04e-02	0.00e+00	0.00e+00	0.00e+00	0.00e+00
 4.18508e+16	8.19e-03	6.61e-01	3.22e-01	8.14e-03	0.00e+00	0.00e+00	0.00e+00	0.00e+00
 4.18819e+16	9.20e-03	6.96e-01	2.88e-01	6.40e-03	0.00e+00	0.00e+00	0.00e+00	0.00e+00
 4.19172e+16	1.05e-02	7.35e-01	2.50e-01	4.73e-03	0.00e+00	0.00e+00	0.00e+00	0.00e+00
 4.19550e+16	1.21e-02	7.75e-01	2.09e-01	3.29e-03	0.00e+00	0.00e+00	0.00e+00	0.00e+00
 4.19862e+16	1.37e-02	8.08e-01	1.76e-01	2.33e-03	0.00e+00	0.00e+00	0.00e+00	0.00e+00
 4.20110e+16	1.51e-02	8.32e-01	1.51e-01	1.73e-03	0.00e+00	0.00e+00	0.00e+00	0.00e+00
 4.20336e+16	1.66e-02	8.52e-01	1.30e-01	1.29e-03	0.00e+00	0.00e+00	0.00e+00	0.00e+00
 4.20594e+16	1.84e-02	8.72e-01	1.08e-01	9.10e-04	0.00e+00	0.00e+00	0.00e+00	0.00e+00
 4.20882e+16	2.07e-02	8.93e-01	8.62e-02	5.92e-04	0.00e+00	0.00e+00	0.00e+00	0.00e+00
 4.21137e+16	2.30e-02	9.08e-01	6.87e-02	3.88e-04	0.00e+00	0.00e+00	0.00e+00	0.00e+00
 4.21342e+16	2.52e-02	9.18e-01	5.63e-02	2.69e-04	0.00e+00	0.00e+00	0.00e+00	0.00e+00
 4.21523e+16	2.73e-02	9.26e-01	4.68e-02	1.91e-04	0.00e+00	0.00e+00	0.00e+00	0.00e+00
 4.21727e+16	2.99e-02	9.32e-01	3.76e-02	1.27e-04	0.00e+00	0.00e+00	0.00e+00	0.00e+00
 4.21944e+16	3.29e-02	9.38e-01	2.92e-02	8.00e-05	0.00e+00	0.00e+00	0.00e+00	0.00e+00
 4.22122e+16	3.58e-02	9.41e-01	2.32e-02	5.29e-05	0.00e+00	0.00e+00	0.00e+00	0.00e+00
 4.22267e+16	3.84e-02	9.42e-01	1.92e-02	3.75e-05	0.00e+00	0.00e+00	0.00e+00	0.00e+00
 4.22414e+16	4.13e-02	9.43e-01	1.57e-02	2.58e-05	0.00e+00	0.00e+00	0.00e+00	0.00e+00
 4.22573e+16	4.46e-02	9.43e-01	1.25e-02	1.71e-05	0.00e+00	0.00e+00	0.00e+00	0.00e+00
 4.22722e+16	4.79e-02	9.42e-01	9.98e-03	1.13e-05	0.00e+00	0.00e+00	0.00e+00	0.00e+00
 4.22857e+16	5.15e-02	9.40e-01	8.06e-03	7.70e-06	0.00e+00	0.00e+00	0.00e+00	0.00e+00
 4.22980e+16	5.48e-02	9.39e-01	6.60e-03	5.34e-06	0.00e+00	0.00e+00	0.00e+00	0.00e+00
 4.23090e+16	5.80e-02	9.37e-01	5.48e-03	3.81e-06	0.00e+00	0.00e+00	0.00e+00	0.00e+00
 4.23188e+16	6.09e-02	9.34e-01	4.63e-03	2.80e-06	0.00e+00	0.00e+00	0.00e+00	0.00e+00
 4.23280e+16	6.40e-02	9.32e-01	3.93e-03	2.07e-06	0.00e+00	0.00e+00	0.00e+00	0.00e+00
 4.23354e+16	6.64e-02	9.30e-01	3.45e-03	1.64e-06	0.00e+00	0.00e+00	0.00e+00	0.00e+00
 4.23402e+16	6.80e-02	9.29e-01	3.16e-03	1.40e-06	0.00e+00	0.00e+00	0.00e+00	0.00e+00
 4.23445e+16	6.97e-02	9.27e-01	2.91e-03	1.20e-06	0.00e+00	0.00e+00	0.00e+00	0.00e+00
 4.23495e+16	7.18e-02	9.26e-01	2.65e-03	1.01e-06	0.00e+00	0.00e+00	0.00e+00	0.00e+00
 4.23550e+16	7.40e-02	9.24e-01	2.38e-03	8.32e-07	0.00e+00	0.00e+00	0.00e+00	0.00e+00
 4.23604e+16	7.62e-02	9.22e-01	2.15e-03	0.00e+00	0.00e+00	0.00e+00	0.00e+00	0.00e+00
 4.23654e+16	7.83e-02	9.20e-01	1.95e-03	0.00e+00	0.00e+00	0.00e+00	0.00e+00	0.00e+00
 4.23702e+16	8.04e-02	9.18e-01	1.77e-03	0.00e+00	0.00e+00	0.00e+00	0.00e+00	0.00e+00
 4.23751e+16	8.27e-02	9.16e-01	1.60e-03	0.00e+00	0.00e+00	0.00e+00	0.00e+00	0.00e+00
 4.23800e+16	8.52e-02	9.13e-01	1.45e-03	0.00e+00	0.00e+00	0.00e+00	0.00e+00	0.00e+00
 4.23848e+16	8.76e-02	9.11e-01	1.31e-03	0.00e+00	0.00e+00	0.00e+00	0.00e+00	0.00e+00
 4.23895e+16	9.00e-02	9.09e-01	1.19e-03	0.00e+00	0.00e+00	0.00e+00	0.00e+00	0.00e+00
 4.23941e+16	9.25e-02	9.06e-01	1.08e-03	0.00e+00	0.00e+00	0.00e+00	0.00e+00	0.00e+00
 4.23988e+16	9.51e-02	9.04e-01	9.75e-04	0.00e+00	0.00e+00	0.00e+00	0.00e+00	0.00e+00
 4.24034e+16	9.79e-02	9.01e-01	8.83e-04	0.00e+00	0.00e+00	0.00e+00	0.00e+00	0.00e+00
 4.24079e+16	1.01e-01	8.99e-01	7.99e-04	0.00e+00	0.00e+00	0.00e+00	0.00e+00	0.00e+00
 4.24123e+16	1.04e-01	8.96e-01	7.24e-04	0.00e+00	0.00e+00	0.00e+00	0.00e+00	0.00e+00
 4.24167e+16	1.07e-01	8.92e-01	6.54e-04	0.00e+00	0.00e+00	0.00e+00	0.00e+00	0.00e+00
 4.24212e+16	1.10e-01	8.89e-01	5.92e-04	0.00e+00	0.00e+00	0.00e+00	0.00e+00	0.00e+00
 4.24254e+16	1.13e-01	8.86e-01	5.36e-04	0.00e+00	0.00e+00	0.00e+00	0.00e+00	0.00e+00
 4.24296e+16	1.17e-01	8.83e-01	4.85e-04	0.00e+00	0.00e+00	0.00e+00	0.00e+00	0.00e+00
 4.24339e+16	1.20e-01	8.79e-01	4.39e-04	0.00e+00	0.00e+00	0.00e+00	0.00e+00	0.00e+00
 4.24380e+16	1.24e-01	8.75e-01	3.97e-04	0.00e+00	0.00e+00	0.00e+00	0.00e+00	0.00e+00
 4.24421e+16	1.28e-01	8.71e-01	3.59e-04	0.00e+00	0.00e+00	0.00e+00	0.00e+00	0.00e+00
 4.24462e+16	1.33e-01	8.67e-01	3.24e-04	0.00e+00	0.00e+00	0.00e+00	0.00e+00	0.00e+00
 4.24502e+16	1.38e-01	8.62e-01	2.93e-04	0.00e+00	0.00e+00	0.00e+00	0.00e+00	0.00e+00
 4.24542e+16	1.42e-01	8.58e-01	2.64e-04	0.00e+00	0.00e+00	0.00e+00	0.00e+00	0.00e+00
 4.24581e+16	1.47e-01	8.52e-01	2.39e-04	0.00e+00	0.00e+00	0.00e+00	0.00e+00	0.00e+00
 4.24619e+16	1.53e-01	8.47e-01	2.16e-04	0.00e+00	0.00e+00	0.00e+00	0.00e+00	0.00e+00
 4.24658e+16	1.59e-01	8.41e-01	1.95e-04	0.00e+00	0.00e+00	0.00e+00	0.00e+00	0.00e+00
 4.24695e+16	1.65e-01	8.35e-01	1.76e-04	0.00e+00	0.00e+00	0.00e+00	0.00e+00	0.00e+00
 4.24732e+16	1.71e-01	8.29e-01	1.59e-04	0.00e+00	0.00e+00	0.00e+00	0.00e+00	0.00e+00
 4.24768e+16	1.78e-01	8.22e-01	1.44e-04	0.00e+00	0.00e+00	0.00e+00	0.00e+00	0.00e+00
 4.24803e+16	1.86e-01	8.14e-01	1.30e-04	0.00e+00	0.00e+00	0.00e+00	0.00e+00	0.00e+00
 4.24838e+16	1.94e-01	8.06e-01	1.18e-04	0.00e+00	0.00e+00	0.00e+00	0.00e+00	0.00e+00
 4.24871e+16	2.03e-01	7.97e-01	1.07e-04	0.00e+00	0.00e+00	0.00e+00	0.00e+00	0.00e+00
 4.24904e+16	2.12e-01	7.88e-01	9.64e-05	0.00e+00	0.00e+00	0.00e+00	0.00e+00	0.00e+00
 4.24937e+16	2.21e-01	7.79e-01	8.71e-05	0.00e+00	0.00e+00	0.00e+00	0.00e+00	0.00e+00
 4.24969e+16	2.32e-01	7.68e-01	7.88e-05	0.00e+00	0.00e+00	0.00e+00	0.00e+00	0.00e+00
 4.25000e+16	2.42e-01	7.58e-01	7.13e-05	0.00e+00	0.00e+00	0.00e+00	0.00e+00	0.00e+00
