#depth	He	He+	He+2
 1.49634e+10	1.04e-23	1.42e-12	1.00e+00
 4.54887e+10	1.17e-23	1.54e-12	1.00e+00
 7.72350e+10	1.29e-23	1.66e-12	1.00e+00
 1.10251e+11	1.43e-23	1.80e-12	1.00e+00
 1.44588e+11	1.59e-23	1.95e-12	1.00e+00
 1.80298e+11	1.76e-23	2.10e-12	1.00e+00
 2.13595e+11	1.93e-23	2.26e-12	1.00e+00
 2.42899e+11	2.09e-23	2.40e-12	1.00e+00
 2.75586e+11	2.27e-23	2.56e-12	1.00e+00
 3.14906e+11	2.50e-23	2.76e-12	1.00e+00
 3.54458e+11	2.76e-23	2.97e-12	1.00e+00
 3.90749e+11	3.00e-23	3.17e-12	1.00e+00
 4.31192e+11	3.28e-23	3.40e-12	1.00e+00
 4.78096e+11	3.64e-23	3.68e-12	1.00e+00
 5.23989e+11	4.02e-23	3.96e-12	1.00e+00
 5.67385e+11	4.39e-23	4.23e-12	1.00e+00
 6.15675e+11	4.82e-23	4.55e-12	1.00e+00
 6.70228e+11	5.37e-23	4.93e-12	1.00e+00
 7.24954e+11	5.95e-23	5.32e-12	1.00e+00
 7.81868e+11	6.59e-23	5.74e-12	1.00e+00
 8.43070e+11	7.34e-23	6.21e-12	1.00e+00
 9.06720e+11	8.18e-23	6.72e-12	1.00e+00
 9.72915e+11	9.13e-23	7.28e-12	1.00e+00
 1.04176e+12	1.02e-22	7.88e-12	1.00e+00
 1.11336e+12	1.14e-22	8.53e-12	1.00e+00
 1.18782e+12	1.28e-22	9.24e-12	1.00e+00
 1.26526e+12	1.43e-22	1.00e-11	1.00e+00
 1.34579e+12	1.61e-22	1.08e-11	1.00e+00
 1.42955e+12	1.81e-22	1.17e-11	1.00e+00
 1.51666e+12	2.04e-22	1.27e-11	1.00e+00
 1.60152e+12	2.28e-22	1.37e-11	1.00e+00
 1.68201e+12	2.53e-22	1.47e-11	1.00e+00
 1.77145e+12	2.83e-22	1.58e-11	1.00e+00
 1.86912e+12	3.19e-22	1.71e-11	1.00e+00
 1.96296e+12	3.57e-22	1.84e-11	1.00e+00
 2.06368e+12	4.01e-22	1.98e-11	1.00e+00
 2.17616e+12	4.57e-22	2.15e-11	1.00e+00
 2.28929e+12	5.18e-22	2.32e-11	1.00e+00
 2.40696e+12	5.87e-22	2.51e-11	1.00e+00
 2.53316e+12	6.70e-22	2.72e-11	1.00e+00
 2.66442e+12	7.66e-22	2.96e-11	1.00e+00
 2.80092e+12	8.76e-22	3.21e-11	1.00e+00
 2.94289e+12	1.00e-21	3.48e-11	1.00e+00
 3.09053e+12	1.15e-21	3.78e-11	1.00e+00
 3.24408e+12	1.32e-21	4.11e-11	1.00e+00
 3.40377e+12	1.52e-21	4.46e-11	1.00e+00
 3.56984e+12	1.75e-21	4.85e-11	1.00e+00
 3.72634e+12	2.00e-21	5.23e-11	1.00e+00
 3.86681e+12	2.23e-21	5.59e-11	1.00e+00
 4.02468e+12	2.52e-21	6.00e-11	1.00e+00
 4.21115e+12	2.91e-21	6.52e-11	1.00e+00
 4.39742e+12	3.34e-21	7.06e-11	1.00e+00
 4.57299e+12	3.78e-21	7.59e-11	1.00e+00
 4.76768e+12	4.32e-21	8.21e-11	1.00e+00
 4.98831e+12	5.01e-21	8.94e-11	1.00e+00
 5.20897e+12	5.79e-21	9.71e-11	1.00e+00
 5.43845e+12	6.67e-21	1.06e-10	1.00e+00
 5.68591e+12	7.75e-21	1.15e-10	1.00e+00
 5.91800e+12	8.90e-21	1.25e-10	1.00e+00
 6.12515e+12	9.99e-21	1.33e-10	1.00e+00
 6.35796e+12	1.13e-20	1.44e-10	1.00e+00
 6.63430e+12	1.31e-20	1.57e-10	1.00e+00
 6.91083e+12	1.52e-20	1.70e-10	1.00e+00
 7.16901e+12	1.72e-20	1.84e-10	1.00e+00
 7.45629e+12	1.97e-20	1.99e-10	1.00e+00
 7.78447e+12	2.30e-20	2.18e-10	1.00e+00
 8.10749e+12	2.65e-20	2.38e-10	1.00e+00
 8.41757e+12	3.02e-20	2.57e-10	1.00e+00
 8.75835e+12	3.47e-20	2.80e-10	1.00e+00
 9.13861e+12	4.04e-20	3.07e-10	1.00e+00
 9.52147e+12	4.67e-20	3.36e-10	1.00e+00
 9.91964e+12	5.38e-20	3.68e-10	1.00e+00
 1.03320e+13	6.21e-20	4.03e-10	1.00e+00
 1.07376e+13	7.11e-20	4.39e-10	1.00e+00
 1.11739e+13	8.15e-20	4.81e-10	1.00e+00
 1.16508e+13	9.43e-20	5.29e-10	1.00e+00
 1.21467e+13	1.09e-19	5.82e-10	1.00e+00
 1.26625e+13	1.25e-19	6.41e-10	1.00e+00
 1.31990e+13	1.44e-19	7.06e-10	1.00e+00
 1.36844e+13	1.63e-19	7.68e-10	1.00e+00
 1.40893e+13	1.80e-19	8.22e-10	1.00e+00
 1.45331e+13	1.99e-19	8.85e-10	1.00e+00
 1.50945e+13	2.26e-19	9.68e-10	1.00e+00
 1.56798e+13	2.56e-19	1.06e-09	1.00e+00
 1.61796e+13	2.84e-19	1.14e-09	1.00e+00
 1.66978e+13	3.14e-19	1.23e-09	1.00e+00
 1.73454e+13	3.55e-19	1.35e-09	1.00e+00
 1.80022e+13	4.02e-19	1.48e-09	1.00e+00
 1.85720e+13	4.45e-19	1.59e-09	1.00e+00
 1.91876e+13	4.95e-19	1.72e-09	1.00e+00
 1.99412e+13	5.61e-19	1.89e-09	1.00e+00
 2.07099e+13	6.36e-19	2.06e-09	1.00e+00
 2.14106e+13	7.08e-19	2.23e-09	1.00e+00
 2.21876e+13	7.95e-19	2.43e-09	1.00e+00
 2.30942e+13	9.08e-19	2.68e-09	1.00e+00
 2.39937e+13	1.03e-18	2.93e-09	1.00e+00
 2.48518e+13	1.16e-18	3.18e-09	1.00e+00
 2.57984e+13	1.32e-18	3.47e-09	1.00e+00
 2.68603e+13	1.52e-18	3.82e-09	1.00e+00
 2.79256e+13	1.74e-18	4.18e-09	1.00e+00
 2.88790e+13	1.96e-18	4.52e-09	1.00e+00
 2.97262e+13	2.17e-18	4.83e-09	1.00e+00
 3.06872e+13	2.43e-18	5.20e-09	1.00e+00
 3.17558e+13	2.76e-18	5.62e-09	1.00e+00
 3.27573e+13	3.09e-18	6.04e-09	1.00e+00
 3.38524e+13	3.50e-18	6.51e-09	1.00e+00
 3.50802e+13	4.00e-18	7.06e-09	1.00e+00
 3.62466e+13	4.53e-18	7.60e-09	1.00e+00
 3.75286e+13	5.18e-18	8.22e-09	1.00e+00
 3.89634e+13	5.99e-18	8.95e-09	1.00e+00
 4.03245e+13	6.85e-18	9.66e-09	1.00e+00
 4.15809e+13	7.73e-18	1.03e-08	1.00e+00
 4.29733e+13	8.80e-18	1.11e-08	1.00e+00
 4.45363e+13	1.01e-17	1.21e-08	1.00e+00
 4.60154e+13	1.16e-17	1.30e-08	1.00e+00
 4.76327e+13	1.33e-17	1.40e-08	1.00e+00
 4.94228e+13	1.54e-17	1.52e-08	1.00e+00
 5.10849e+13	1.76e-17	1.63e-08	1.00e+00
 5.28932e+13	2.03e-17	1.76e-08	1.00e+00
 5.49159e+13	2.37e-17	1.91e-08	1.00e+00
 5.68256e+13	2.72e-17	2.06e-08	1.00e+00
 5.89042e+13	3.15e-17	2.23e-08	1.00e+00
 6.12223e+13	3.69e-17	2.42e-08	1.00e+00
 6.34250e+13	4.27e-17	2.61e-08	1.00e+00
 6.57839e+13	4.96e-17	2.83e-08	1.00e+00
 6.84452e+13	5.84e-17	3.08e-08	1.00e+00
 7.10799e+13	6.83e-17	3.34e-08	1.00e+00
 7.38201e+13	7.98e-17	3.62e-08	1.00e+00
 7.68028e+13	9.40e-17	3.94e-08	1.00e+00
 7.99048e+13	1.11e-16	4.28e-08	1.00e+00
 8.31309e+13	1.30e-16	4.66e-08	1.00e+00
 8.62983e+13	1.52e-16	5.04e-08	1.00e+00
 8.92480e+13	1.74e-16	5.41e-08	1.00e+00
 9.25034e+13	2.02e-16	5.83e-08	1.00e+00
 9.58444e+13	2.34e-16	6.28e-08	1.00e+00
 9.86432e+13	2.63e-16	6.67e-08	1.00e+00
 1.01602e+14	2.97e-16	7.09e-08	1.00e+00
 1.05354e+14	3.44e-16	7.65e-08	1.00e+00
 1.09269e+14	4.00e-16	8.25e-08	1.00e+00
 1.12746e+14	4.54e-16	8.80e-08	1.00e+00
 1.16524e+14	5.19e-16	9.42e-08	1.00e+00
 1.20734e+14	6.00e-16	1.01e-07	1.00e+00
 1.24666e+14	6.83e-16	1.08e-07	1.00e+00
 1.28939e+14	7.83e-16	1.16e-07	1.00e+00
 1.33702e+14	9.07e-16	1.25e-07	1.00e+00
 1.38162e+14	1.04e-15	1.34e-07	1.00e+00
 1.43016e+14	1.19e-15	1.43e-07	1.00e+00
 1.48438e+14	1.38e-15	1.54e-07	1.00e+00
 1.53533e+14	1.58e-15	1.65e-07	1.00e+00
 1.59084e+14	1.82e-15	1.78e-07	1.00e+00
 1.65296e+14	2.13e-15	1.92e-07	1.00e+00
 1.71177e+14	2.45e-15	2.06e-07	1.00e+00
 1.77476e+14	2.83e-15	2.21e-07	1.00e+00
 1.84605e+14	3.31e-15	2.40e-07	1.00e+00
 1.91619e+14	3.84e-15	2.58e-07	1.00e+00
 1.98913e+14	4.45e-15	2.78e-07	1.00e+00
 2.06899e+14	5.21e-15	3.01e-07	1.00e+00
 2.15014e+14	6.07e-15	3.25e-07	1.00e+00
 2.23453e+14	7.07e-15	3.52e-07	1.00e+00
 2.31904e+14	8.20e-15	3.79e-07	1.00e+00
 2.39904e+14	9.39e-15	4.05e-07	1.00e+00
 2.48740e+14	1.08e-14	4.36e-07	1.00e+00
 2.57588e+14	1.25e-14	4.68e-07	1.00e+00
 2.64923e+14	1.39e-14	4.95e-07	1.00e+00
 2.72697e+14	1.56e-14	5.25e-07	1.00e+00
 2.82647e+14	1.81e-14	5.65e-07	1.00e+00
 2.93090e+14	2.09e-14	6.08e-07	1.00e+00
 3.02314e+14	2.36e-14	6.47e-07	1.00e+00
 3.12292e+14	2.69e-14	6.91e-07	1.00e+00
 3.24306e+14	3.13e-14	7.46e-07	1.00e+00
 3.36486e+14	3.63e-14	8.05e-07	1.00e+00
 3.47880e+14	4.15e-14	8.62e-07	1.00e+00
 3.60551e+14	4.79e-14	9.29e-07	1.00e+00
 3.74000e+14	5.55e-14	1.00e-06	1.00e+00
 3.85952e+14	6.30e-14	1.07e-06	1.00e+00
 3.98802e+14	7.19e-14	1.14e-06	1.00e+00
 4.14201e+14	8.38e-14	1.24e-06	1.00e+00
 4.29354e+14	9.68e-14	1.33e-06	1.00e+00
 4.42848e+14	1.10e-13	1.42e-06	1.00e+00
 4.57746e+14	1.25e-13	1.52e-06	1.00e+00
 4.75505e+14	1.46e-13	1.65e-06	1.00e+00
 4.93115e+14	1.69e-13	1.78e-06	1.00e+00
 5.09189e+14	1.92e-13	1.90e-06	1.00e+00
 5.27134e+14	2.20e-13	2.04e-06	1.00e+00
 5.48037e+14	2.57e-13	2.21e-06	1.00e+00
 5.68580e+14	2.98e-13	2.39e-06	1.00e+00
 5.87983e+14	3.40e-13	2.56e-06	1.00e+00
 6.09570e+14	3.92e-13	2.76e-06	1.00e+00
 6.33983e+14	4.58e-13	2.99e-06	1.00e+00
 6.58433e+14	5.31e-13	3.23e-06	1.00e+00
 6.81364e+14	6.07e-13	3.47e-06	1.00e+00
 7.06152e+14	6.97e-13	3.73e-06	1.00e+00
 7.34428e+14	8.13e-13	4.05e-06	1.00e+00
 7.61097e+14	9.32e-13	4.35e-06	1.00e+00
 7.83071e+14	1.04e-12	4.61e-06	1.00e+00
 8.05429e+14	1.16e-12	4.89e-06	1.00e+00
 8.34442e+14	1.33e-12	5.25e-06	1.00e+00
 8.64547e+14	1.52e-12	5.65e-06	1.00e+00
 8.90012e+14	1.70e-12	5.99e-06	1.00e+00
 9.17009e+14	1.90e-12	6.37e-06	1.00e+00
 9.50928e+14	2.18e-12	6.86e-06	1.00e+00
 9.85873e+14	2.50e-12	7.38e-06	1.00e+00
 1.01651e+15	2.81e-12	7.86e-06	1.00e+00
 1.04953e+15	3.17e-12	8.39e-06	1.00e+00
 1.08957e+15	3.64e-12	9.06e-06	1.00e+00
 1.12938e+15	4.16e-12	9.74e-06	1.00e+00
 1.16459e+15	4.67e-12	1.04e-05	1.00e+00
 1.20317e+15	5.26e-12	1.11e-05	1.00e+00
 1.24950e+15	6.07e-12	1.20e-05	1.00e+00
 1.29563e+15	6.93e-12	1.29e-05	1.00e+00
 1.33739e+15	7.79e-12	1.37e-05	1.00e+00
 1.38374e+15	8.84e-12	1.47e-05	1.00e+00
 1.43814e+15	1.02e-11	1.60e-05	1.00e+00
 1.49184e+15	1.17e-11	1.72e-05	1.00e+00
 1.54205e+15	1.32e-11	1.84e-05	1.00e+00
 1.59813e+15	1.51e-11	1.99e-05	1.00e+00
 1.66208e+15	1.75e-11	2.16e-05	1.00e+00
 1.72565e+15	2.02e-11	2.33e-05	1.00e+00
 1.79176e+15	2.33e-11	2.53e-05	1.00e+00
 1.86145e+15	2.69e-11	2.74e-05	1.00e+00
 1.92014e+15	3.03e-11	2.92e-05	1.00e+00
 1.96591e+15	3.32e-11	3.07e-05	1.00e+00
 2.01567e+15	3.66e-11	3.24e-05	1.00e+00
 2.08035e+15	4.14e-11	3.47e-05	1.00e+00
 2.15038e+15	4.71e-11	3.73e-05	1.00e+00
 2.21349e+15	5.28e-11	3.97e-05	1.00e+00
 2.28165e+15	5.95e-11	4.24e-05	1.00e+00
 2.36659e+15	6.88e-11	4.60e-05	1.00e+00
 2.45208e+15	7.94e-11	4.97e-05	1.00e+00
 2.52594e+15	8.94e-11	5.31e-05	1.00e+00
 2.60594e+15	1.02e-10	5.69e-05	1.00e+00
 2.70420e+15	1.18e-10	6.18e-05	1.00e+00
 2.80366e+15	1.37e-10	6.69e-05	1.00e+00
 2.89204e+15	1.56e-10	7.18e-05	1.00e+00
 2.98851e+15	1.79e-10	7.72e-05	1.00e+00
 3.10392e+15	2.09e-10	8.41e-05	1.00e+00
 3.21808e+15	2.44e-10	9.12e-05	1.00e+00
 3.32099e+15	2.78e-10	9.79e-05	1.00e+00
 3.43514e+15	3.21e-10	1.06e-04	1.00e+00
 3.56967e+15	3.78e-10	1.15e-04	1.00e+00
 3.70247e+15	4.42e-10	1.25e-04	1.00e+00
 3.82570e+15	5.07e-10	1.35e-04	1.00e+00
 3.96388e+15	5.92e-10	1.46e-04	1.00e+00
 4.12247e+15	7.01e-10	1.60e-04	1.00e+00
 4.27845e+15	8.22e-10	1.74e-04	1.00e+00
 4.44067e+15	9.66e-10	1.89e-04	1.00e+00
 4.58849e+15	1.11e-09	2.03e-04	1.00e+00
 4.69875e+15	1.23e-09	2.14e-04	1.00e+00
 4.81264e+15	1.36e-09	2.26e-04	1.00e+00
 4.96071e+15	1.56e-09	2.42e-04	1.00e+00
 5.12093e+15	1.79e-09	2.60e-04	1.00e+00
 5.26547e+15	2.02e-09	2.77e-04	1.00e+00
 5.42188e+15	2.29e-09	2.96e-04	1.00e+00
 5.62051e+15	2.67e-09	3.21e-04	1.00e+00
 5.82051e+15	3.11e-09	3.47e-04	1.00e+00
 5.98834e+15	3.51e-09	3.69e-04	1.00e+00
 6.16786e+15	3.99e-09	3.94e-04	1.00e+00
 6.39474e+15	4.66e-09	4.27e-04	1.00e+00
 6.63255e+15	5.45e-09	4.63e-04	1.00e+00
 6.84607e+15	6.24e-09	4.97e-04	1.00e+00
 7.07861e+15	7.20e-09	5.35e-04	9.99e-01
 7.35427e+15	8.47e-09	5.81e-04	9.99e-01
 7.62409e+15	9.87e-09	6.29e-04	9.99e-01
 7.86851e+15	1.13e-08	6.74e-04	9.99e-01
 8.14179e+15	1.30e-08	7.26e-04	9.99e-01
 8.46219e+15	1.53e-08	7.89e-04	9.99e-01
 8.77676e+15	1.79e-08	8.54e-04	9.99e-01
 9.06997e+15	2.05e-08	9.16e-04	9.99e-01
 9.39885e+15	2.38e-08	9.90e-04	9.99e-01
 9.71457e+15	2.73e-08	1.06e-03	9.99e-01
 9.94863e+15	3.02e-08	1.12e-03	9.99e-01
 1.01847e+16	3.33e-08	1.17e-03	9.99e-01
 1.04916e+16	3.78e-08	1.25e-03	9.99e-01
 1.08238e+16	4.30e-08	1.34e-03	9.99e-01
 1.11204e+16	4.81e-08	1.42e-03	9.99e-01
 1.14375e+16	5.41e-08	1.50e-03	9.98e-01
 1.18491e+16	6.28e-08	1.62e-03	9.98e-01
 1.22651e+16	7.22e-08	1.75e-03	9.98e-01
 1.26025e+16	8.07e-08	1.85e-03	9.98e-01
 1.29560e+16	9.06e-08	1.96e-03	9.98e-01
 1.34157e+16	1.05e-07	2.12e-03	9.98e-01
 1.38940e+16	1.21e-07	2.28e-03	9.98e-01
 1.42987e+16	1.36e-07	2.42e-03	9.98e-01
 1.47268e+16	1.53e-07	2.58e-03	9.97e-01
 1.52682e+16	1.78e-07	2.80e-03	9.97e-01
 1.58060e+16	2.05e-07	3.01e-03	9.97e-01
 1.62461e+16	2.29e-07	3.20e-03	9.97e-01
 1.67099e+16	2.58e-07	3.41e-03	9.97e-01
 1.72338e+16	2.93e-07	3.66e-03	9.96e-01
 1.77363e+16	3.30e-07	3.91e-03	9.96e-01
 1.81755e+16	3.64e-07	4.13e-03	9.96e-01
 1.86318e+16	4.05e-07	4.39e-03	9.96e-01
 1.91252e+16	4.52e-07	4.67e-03	9.95e-01
 1.95798e+16	4.99e-07	4.94e-03	9.95e-01
 2.00841e+16	5.60e-07	5.29e-03	9.95e-01
 2.06213e+16	6.27e-07	5.66e-03	9.94e-01
 2.11040e+16	6.94e-07	6.01e-03	9.94e-01
 2.16341e+16	7.83e-07	6.47e-03	9.94e-01
 2.22026e+16	8.81e-07	6.96e-03	9.93e-01
 2.27234e+16	9.85e-07	7.47e-03	9.93e-01
 2.32022e+16	1.09e-06	7.98e-03	9.92e-01
 2.36531e+16	1.21e-06	8.51e-03	9.91e-01
 2.41679e+16	1.36e-06	9.20e-03	9.91e-01
 2.47166e+16	1.54e-06	1.00e-02	9.90e-01
 2.51884e+16	1.72e-06	1.08e-02	9.89e-01
 2.56124e+16	1.90e-06	1.16e-02	9.88e-01
 2.60953e+16	2.16e-06	1.26e-02	9.87e-01
 2.65878e+16	2.45e-06	1.38e-02	9.86e-01
 2.69795e+16	2.72e-06	1.49e-02	9.85e-01
 2.73220e+16	3.00e-06	1.60e-02	9.84e-01
 2.77140e+16	3.38e-06	1.74e-02	9.83e-01
 2.81349e+16	3.87e-06	1.92e-02	9.81e-01
 2.84954e+16	4.35e-06	2.10e-02	9.79e-01
 2.88077e+16	4.84e-06	2.27e-02	9.77e-01
 2.91552e+16	5.48e-06	2.51e-02	9.75e-01
 2.95264e+16	6.33e-06	2.81e-02	9.72e-01
 2.98401e+16	7.34e-06	3.11e-02	9.69e-01
 3.00967e+16	8.21e-06	3.40e-02	9.66e-01
 3.03677e+16	9.30e-06	3.77e-02	9.62e-01
 3.06662e+16	1.08e-05	4.26e-02	9.57e-01
 3.09285e+16	1.28e-05	4.78e-02	9.52e-01
 3.11395e+16	1.43e-05	5.29e-02	9.47e-01
 3.13560e+16	1.65e-05	5.92e-02	9.41e-01
 3.15903e+16	1.94e-05	6.74e-02	9.33e-01
 3.17916e+16	2.26e-05	7.63e-02	9.24e-01
 3.19583e+16	2.62e-05	8.51e-02	9.15e-01
 3.21062e+16	2.95e-05	9.44e-02	9.06e-01
 3.22686e+16	3.43e-05	1.07e-01	8.93e-01
 3.24414e+16	4.07e-05	1.23e-01	8.77e-01
 3.25855e+16	4.76e-05	1.39e-01	8.61e-01
 3.27030e+16	5.48e-05	1.55e-01	8.45e-01
 3.28085e+16	6.22e-05	1.72e-01	8.28e-01
 3.29261e+16	7.23e-05	1.94e-01	8.05e-01
 3.30512e+16	8.52e-05	2.22e-01	7.78e-01
 3.31438e+16	9.61e-05	2.47e-01	7.53e-01
 3.32116e+16	1.07e-04	2.67e-01	7.33e-01
 3.32748e+16	1.16e-04	2.87e-01	7.12e-01
 3.33426e+16	1.29e-04	3.12e-01	6.88e-01
 3.34188e+16	1.44e-04	3.42e-01	6.58e-01
 3.34894e+16	1.61e-04	3.72e-01	6.28e-01
 3.35535e+16	1.76e-04	4.02e-01	5.98e-01
 3.36254e+16	1.97e-04	4.38e-01	5.62e-01
 3.36993e+16	2.19e-04	4.77e-01	5.23e-01
 3.37635e+16	2.40e-04	5.12e-01	4.88e-01
 3.38347e+16	2.65e-04	5.52e-01	4.48e-01
 3.39148e+16	2.94e-04	5.97e-01	4.03e-01
 3.39925e+16	3.23e-04	6.40e-01	3.60e-01
 3.40794e+16	3.57e-04	6.87e-01	3.13e-01
 3.41763e+16	3.93e-04	7.34e-01	2.65e-01
 3.42712e+16	4.28e-04	7.76e-01	2.23e-01
 3.43794e+16	4.66e-04	8.18e-01	1.81e-01
 3.45201e+16	5.10e-04	8.62e-01	1.38e-01
 3.47031e+16	5.60e-04	9.03e-01	9.61e-02
 3.49064e+16	6.08e-04	9.34e-01	6.56e-02
 3.51362e+16	6.54e-04	9.56e-01	4.33e-02
 3.54350e+16	7.10e-04	9.73e-01	2.65e-02
 3.58234e+16	7.79e-04	9.84e-01	1.49e-02
 3.62200e+16	8.55e-04	9.90e-01	9.03e-03
 3.65298e+16	9.24e-04	9.93e-01	6.37e-03
 3.67852e+16	9.88e-04	9.94e-01	4.86e-03
 3.70672e+16	1.07e-03	9.95e-01	3.63e-03
 3.73167e+16	1.15e-03	9.96e-01	2.91e-03
 3.74592e+16	1.20e-03	9.96e-01	2.58e-03
 3.75802e+16	1.25e-03	9.96e-01	2.31e-03
 3.77374e+16	1.31e-03	9.97e-01	2.00e-03
 3.79093e+16	1.39e-03	9.97e-01	1.73e-03
 3.80597e+16	1.47e-03	9.97e-01	1.54e-03
 3.81863e+16	1.55e-03	9.97e-01	1.39e-03
 3.83228e+16	1.63e-03	9.97e-01	1.25e-03
 3.84729e+16	1.74e-03	9.97e-01	1.11e-03
 3.85915e+16	1.83e-03	9.97e-01	1.02e-03
 3.86721e+16	1.90e-03	9.97e-01	9.63e-04
 3.87525e+16	1.97e-03	9.97e-01	9.06e-04
 3.88572e+16	2.08e-03	9.97e-01	8.37e-04
 3.89652e+16	2.19e-03	9.97e-01	7.75e-04
 3.90514e+16	2.30e-03	9.97e-01	7.31e-04
 3.91229e+16	2.39e-03	9.97e-01	6.96e-04
 3.92019e+16	2.50e-03	9.97e-01	6.56e-04
 3.92901e+16	2.63e-03	9.97e-01	6.17e-04
 3.93701e+16	2.76e-03	9.97e-01	5.85e-04
 3.94387e+16	2.89e-03	9.97e-01	5.59e-04
 3.95125e+16	3.03e-03	9.96e-01	5.30e-04
 3.95925e+16	3.20e-03	9.96e-01	5.03e-04
 3.96615e+16	3.37e-03	9.96e-01	4.80e-04
 3.97202e+16	3.52e-03	9.96e-01	4.63e-04
 3.97846e+16	3.70e-03	9.96e-01	4.42e-04
 3.98553e+16	3.92e-03	9.96e-01	4.22e-04
 3.99172e+16	4.13e-03	9.95e-01	4.06e-04
 3.99700e+16	4.33e-03	9.95e-01	3.92e-04
 4.00275e+16	4.56e-03	9.95e-01	3.77e-04
 4.00907e+16	4.85e-03	9.95e-01	3.62e-04
 4.01467e+16	5.14e-03	9.95e-01	3.49e-04
 4.01952e+16	5.40e-03	9.94e-01	3.39e-04
 4.02486e+16	5.73e-03	9.94e-01	3.27e-04
 4.03077e+16	6.14e-03	9.94e-01	3.14e-04
 4.03604e+16	6.55e-03	9.93e-01	3.04e-04
 4.04063e+16	6.94e-03	9.93e-01	2.96e-04
 4.04567e+16	7.43e-03	9.92e-01	2.86e-04
 4.05134e+16	8.06e-03	9.92e-01	2.76e-04
 4.05662e+16	8.75e-03	9.91e-01	2.67e-04
 4.06139e+16	9.45e-03	9.90e-01	2.59e-04
 4.06674e+16	1.04e-02	9.89e-01	2.50e-04
 4.07234e+16	1.15e-02	9.88e-01	2.41e-04
 4.07682e+16	1.27e-02	9.87e-01	2.35e-04
 4.08035e+16	1.37e-02	9.86e-01	2.30e-04
 4.08412e+16	1.49e-02	9.85e-01	2.24e-04
 4.08831e+16	1.66e-02	9.83e-01	2.18e-04
 4.09200e+16	1.84e-02	9.81e-01	2.14e-04
 4.09503e+16	2.01e-02	9.80e-01	2.10e-04
 4.09776e+16	2.19e-02	9.78e-01	2.06e-04
 4.10084e+16	2.43e-02	9.76e-01	2.02e-04
 4.10415e+16	2.72e-02	9.73e-01	1.99e-04
 4.10686e+16	3.03e-02	9.70e-01	1.97e-04
 4.10903e+16	3.31e-02	9.67e-01	1.95e-04
 4.11136e+16	3.66e-02	9.63e-01	1.93e-04
 4.11398e+16	4.13e-02	9.59e-01	1.91e-04
 4.11633e+16	4.64e-02	9.53e-01	1.90e-04
 4.11825e+16	5.14e-02	9.48e-01	1.89e-04
 4.11997e+16	5.65e-02	9.43e-01	1.89e-04
 4.12190e+16	6.32e-02	9.37e-01	1.89e-04
 4.12394e+16	7.15e-02	9.28e-01	1.89e-04
 4.12562e+16	8.00e-02	9.20e-01	1.90e-04
 4.12699e+16	8.75e-02	9.12e-01	1.92e-04
 4.12834e+16	9.61e-02	9.04e-01	1.94e-04
 4.12986e+16	1.07e-01	8.93e-01	1.96e-04
 4.13136e+16	1.20e-01	8.80e-01	1.99e-04
 4.13261e+16	1.32e-01	8.68e-01	2.01e-04
 4.13367e+16	1.43e-01	8.57e-01	2.04e-04
 4.13463e+16	1.55e-01	8.45e-01	2.07e-04
 4.13553e+16	1.66e-01	8.34e-01	2.10e-04
 4.13626e+16	1.76e-01	8.24e-01	2.13e-04
 4.13674e+16	1.83e-01	8.16e-01	2.14e-04
 4.13717e+16	1.90e-01	8.10e-01	2.16e-04
 4.13767e+16	1.98e-01	8.01e-01	2.18e-04
 4.13822e+16	2.07e-01	7.92e-01	2.20e-04
 4.13876e+16	2.17e-01	7.83e-01	2.22e-04
 4.13925e+16	2.26e-01	7.74e-01	2.24e-04
 4.13973e+16	2.36e-01	7.64e-01	2.26e-04
 4.14023e+16	2.46e-01	7.54e-01	2.28e-04
 4.14071e+16	2.56e-01	7.44e-01	2.30e-04
 4.14118e+16	2.67e-01	7.33e-01	2.32e-04
 4.14165e+16	2.78e-01	7.22e-01	2.34e-04
 4.14212e+16	2.89e-01	7.11e-01	2.37e-04
 4.14258e+16	3.01e-01	6.99e-01	2.38e-04
 4.14303e+16	3.12e-01	6.88e-01	2.41e-04
 4.14348e+16	3.24e-01	6.75e-01	2.43e-04
 4.14393e+16	3.37e-01	6.63e-01	2.44e-04
 4.14437e+16	3.50e-01	6.50e-01	2.46e-04
 4.14480e+16	3.62e-01	6.38e-01	2.48e-04
 4.14523e+16	3.76e-01	6.24e-01	2.50e-04
 4.14565e+16	3.89e-01	6.11e-01	2.52e-04
 4.14607e+16	4.03e-01	5.97e-01	2.53e-04
 4.14649e+16	4.17e-01	5.83e-01	2.55e-04
 4.14690e+16	4.30e-01	5.69e-01	2.56e-04
 4.14730e+16	4.44e-01	5.56e-01	2.57e-04
 4.14770e+16	4.58e-01	5.41e-01	2.59e-04
 4.14810e+16	4.72e-01	5.27e-01	2.60e-04
 4.14849e+16	4.87e-01	5.13e-01	2.60e-04
 4.14887e+16	5.01e-01	4.99e-01	2.61e-04
 4.14925e+16	5.15e-01	4.85e-01	2.62e-04
 4.14962e+16	5.29e-01	4.71e-01	2.62e-04
 4.14999e+16	5.43e-01	4.57e-01	2.62e-04
 4.15035e+16	5.57e-01	4.43e-01	2.62e-04
 4.15070e+16	5.70e-01	4.30e-01	2.63e-04
 4.15104e+16	5.83e-01	4.17e-01	2.63e-04
 4.15137e+16	5.96e-01	4.04e-01	2.62e-04
 4.15170e+16	6.08e-01	3.91e-01	2.62e-04
 4.15203e+16	6.21e-01	3.79e-01	2.61e-04
 4.15235e+16	6.33e-01	3.67e-01	2.60e-04
 4.15266e+16	6.45e-01	3.55e-01	2.59e-04
 4.15297e+16	6.57e-01	3.43e-01	2.58e-04
 4.15327e+16	6.68e-01	3.32e-01	2.57e-04
 4.15357e+16	6.79e-01	3.20e-01	2.55e-04
 4.15386e+16	6.90e-01	3.10e-01	2.54e-04
 4.15415e+16	7.01e-01	2.99e-01	2.52e-04
 4.15444e+16	7.11e-01	2.89e-01	2.51e-04
 4.15472e+16	7.20e-01	2.79e-01	2.49e-04
 4.15499e+16	7.30e-01	2.70e-01	2.47e-04
 4.15526e+16	7.39e-01	2.60e-01	2.45e-04
 4.15554e+16	7.48e-01	2.51e-01	2.43e-04
 4.15580e+16	7.57e-01	2.42e-01	2.41e-04
 4.15607e+16	7.66e-01	2.34e-01	2.38e-04
 4.15633e+16	7.74e-01	2.26e-01	2.36e-04
 4.15658e+16	7.82e-01	2.18e-01	2.34e-04
 4.15684e+16	7.90e-01	2.10e-01	2.31e-04
 4.15709e+16	7.97e-01	2.02e-01	2.28e-04
 4.15734e+16	8.05e-01	1.95e-01	2.26e-04
 4.15759e+16	8.12e-01	1.88e-01	2.23e-04
 4.15780e+16	8.17e-01	1.82e-01	2.20e-04
 4.15795e+16	8.22e-01	1.78e-01	2.18e-04
 4.15809e+16	8.26e-01	1.74e-01	2.16e-04
 4.15823e+16	8.30e-01	1.70e-01	2.14e-04
 4.15839e+16	8.34e-01	1.66e-01	2.11e-04
 4.15854e+16	8.38e-01	1.62e-01	2.10e-04
 4.15868e+16	8.41e-01	1.59e-01	2.07e-04
 4.15882e+16	8.45e-01	1.55e-01	2.05e-04
 4.15896e+16	8.48e-01	1.51e-01	2.03e-04
 4.15910e+16	8.52e-01	1.48e-01	2.01e-04
 4.15924e+16	8.55e-01	1.45e-01	1.99e-04
 4.15938e+16	8.58e-01	1.41e-01	1.97e-04
 4.15952e+16	8.62e-01	1.38e-01	1.95e-04
 4.15966e+16	8.65e-01	1.35e-01	1.93e-04
 4.15980e+16	8.68e-01	1.32e-01	1.91e-04
 4.15994e+16	8.71e-01	1.29e-01	1.88e-04
 4.16009e+16	8.74e-01	1.26e-01	1.86e-04
 4.16025e+16	8.78e-01	1.22e-01	1.83e-04
 4.16043e+16	8.81e-01	1.18e-01	1.80e-04
 4.16062e+16	8.85e-01	1.15e-01	1.77e-04
 4.16083e+16	8.89e-01	1.10e-01	1.74e-04
 4.16104e+16	8.94e-01	1.06e-01	1.70e-04
 4.16125e+16	8.97e-01	1.02e-01	1.67e-04
 4.16144e+16	9.01e-01	9.90e-02	1.63e-04
 4.16163e+16	9.04e-01	9.57e-02	1.59e-04
 4.16181e+16	9.07e-01	9.25e-02	1.56e-04
 4.16199e+16	9.10e-01	8.95e-02	1.52e-04
 4.16216e+16	9.13e-01	8.67e-02	1.49e-04
 4.16231e+16	9.16e-01	8.42e-02	1.46e-04
 4.16245e+16	9.18e-01	8.20e-02	1.43e-04
 4.16258e+16	9.20e-01	8.00e-02	1.40e-04
 4.16269e+16	9.22e-01	7.83e-02	1.38e-04
 4.16280e+16	9.23e-01	7.67e-02	1.36e-04
 4.16289e+16	9.25e-01	7.52e-02	1.33e-04
 4.16298e+16	9.26e-01	7.39e-02	1.31e-04
 4.16307e+16	9.27e-01	7.25e-02	1.29e-04
 4.16318e+16	9.29e-01	7.10e-02	1.27e-04
 4.16327e+16	9.30e-01	6.97e-02	1.25e-04
 4.16335e+16	9.31e-01	6.85e-02	1.23e-04
 4.16343e+16	9.32e-01	6.74e-02	1.22e-04
 4.16352e+16	9.34e-01	6.62e-02	1.20e-04
 4.16361e+16	9.35e-01	6.50e-02	1.18e-04
 4.16369e+16	9.36e-01	6.39e-02	1.16e-04
 4.16377e+16	9.37e-01	6.28e-02	1.14e-04
 4.16383e+16	9.38e-01	6.19e-02	1.13e-04
 4.16391e+16	9.39e-01	6.09e-02	1.11e-04
 4.16399e+16	9.40e-01	5.99e-02	1.09e-04
 4.16407e+16	9.41e-01	5.89e-02	1.07e-04
 4.16413e+16	9.42e-01	5.80e-02	1.06e-04
 4.16419e+16	9.43e-01	5.72e-02	1.04e-04
 4.16426e+16	9.44e-01	5.64e-02	1.03e-04
 4.16433e+16	9.44e-01	5.55e-02	1.01e-04
 4.16440e+16	9.45e-01	5.47e-02	9.98e-05
 4.16446e+16	9.46e-01	5.39e-02	9.82e-05
 4.16453e+16	9.47e-01	5.31e-02	9.69e-05
 4.16460e+16	9.48e-01	5.23e-02	9.53e-05
 4.16466e+16	9.48e-01	5.15e-02	9.39e-05
 4.16472e+16	9.49e-01	5.08e-02	9.24e-05
 4.16479e+16	9.50e-01	5.01e-02	9.11e-05
 4.16486e+16	9.51e-01	4.93e-02	8.96e-05
 4.16492e+16	9.51e-01	4.85e-02	8.82e-05
 4.16498e+16	9.52e-01	4.79e-02	8.68e-05
 4.16504e+16	9.53e-01	4.72e-02	8.56e-05
 4.16511e+16	9.53e-01	4.64e-02	8.42e-05
 4.16517e+16	9.54e-01	4.58e-02	8.29e-05
 4.16523e+16	9.55e-01	4.51e-02	8.16e-05
 4.16529e+16	9.55e-01	4.45e-02	8.04e-05
 4.16536e+16	9.56e-01	4.38e-02	7.91e-05
 4.16542e+16	9.57e-01	4.32e-02	7.79e-05
 4.16547e+16	9.57e-01	4.26e-02	7.66e-05
 4.16553e+16	9.58e-01	4.20e-02	7.56e-05
 4.16560e+16	9.59e-01	4.14e-02	7.43e-05
 4.16566e+16	9.59e-01	4.08e-02	7.32e-05
 4.16571e+16	9.60e-01	4.03e-02	7.21e-05
 4.16577e+16	9.60e-01	3.97e-02	7.11e-05
 4.16584e+16	9.61e-01	3.91e-02	7.00e-05
 4.16589e+16	9.61e-01	3.86e-02	6.89e-05
 4.16596e+16	9.62e-01	3.80e-02	6.78e-05
 4.16603e+16	9.62e-01	3.74e-02	6.67e-05
 4.16609e+16	9.63e-01	3.69e-02	6.57e-05
 4.16616e+16	9.64e-01	3.63e-02	6.46e-05
 4.16623e+16	9.64e-01	3.58e-02	6.35e-05
 4.16630e+16	9.65e-01	3.52e-02	6.25e-05
 4.16638e+16	9.65e-01	3.46e-02	6.14e-05
 4.16646e+16	9.66e-01	3.41e-02	6.03e-05
 4.16653e+16	9.66e-01	3.35e-02	5.93e-05
 4.16660e+16	9.67e-01	3.30e-02	5.84e-05
 4.16667e+16	9.67e-01	3.25e-02	5.75e-05
 4.16675e+16	9.68e-01	3.20e-02	5.65e-05
 4.16682e+16	9.68e-01	3.15e-02	5.55e-05
 4.16690e+16	9.69e-01	3.10e-02	5.46e-05
 4.16698e+16	9.69e-01	3.05e-02	5.36e-05
 4.16706e+16	9.70e-01	3.00e-02	5.27e-05
 4.16714e+16	9.70e-01	2.95e-02	5.17e-05
 4.16723e+16	9.71e-01	2.89e-02	5.07e-05
 4.16732e+16	9.71e-01	2.85e-02	4.99e-05
 4.16739e+16	9.72e-01	2.81e-02	4.91e-05
 4.16747e+16	9.72e-01	2.76e-02	4.82e-05
 4.16756e+16	9.73e-01	2.71e-02	4.74e-05
 4.16764e+16	9.73e-01	2.67e-02	4.67e-05
 4.16773e+16	9.74e-01	2.62e-02	4.58e-05
 4.16783e+16	9.74e-01	2.58e-02	4.49e-05
 4.16792e+16	9.75e-01	2.54e-02	4.42e-05
 4.16801e+16	9.75e-01	2.49e-02	4.33e-05
 4.16811e+16	9.75e-01	2.45e-02	4.25e-05
 4.16821e+16	9.76e-01	2.41e-02	4.18e-05
 4.16831e+16	9.76e-01	2.36e-02	4.10e-05
 4.16842e+16	9.77e-01	2.32e-02	4.02e-05
 4.16852e+16	9.77e-01	2.28e-02	3.95e-05
 4.16863e+16	9.78e-01	2.24e-02	3.87e-05
 4.16875e+16	9.78e-01	2.19e-02	3.79e-05
 4.16886e+16	9.78e-01	2.16e-02	3.73e-05
 4.16898e+16	9.79e-01	2.11e-02	3.65e-05
 4.16911e+16	9.79e-01	2.07e-02	3.58e-05
 4.16923e+16	9.80e-01	2.04e-02	3.52e-05
 4.16936e+16	9.80e-01	2.00e-02	3.44e-05
 4.16950e+16	9.80e-01	1.96e-02	3.37e-05
 4.16962e+16	9.81e-01	1.93e-02	3.31e-05
 4.16976e+16	9.81e-01	1.89e-02	3.24e-05
 4.16994e+16	9.82e-01	1.84e-02	3.16e-05
 4.17013e+16	9.82e-01	1.80e-02	3.08e-05
 4.17031e+16	9.82e-01	1.76e-02	3.01e-05
 4.17047e+16	9.83e-01	1.73e-02	2.96e-05
 4.17065e+16	9.83e-01	1.69e-02	2.89e-05
 4.17084e+16	9.83e-01	1.66e-02	2.83e-05
 4.17105e+16	9.84e-01	1.62e-02	2.76e-05
 4.17127e+16	9.84e-01	1.58e-02	2.70e-05
 4.17148e+16	9.84e-01	1.55e-02	2.64e-05
 4.17170e+16	9.85e-01	1.52e-02	2.58e-05
 4.17199e+16	9.85e-01	1.48e-02	2.51e-05
 4.17231e+16	9.86e-01	1.44e-02	2.45e-05
 4.17259e+16	9.86e-01	1.41e-02	2.39e-05
 4.17291e+16	9.86e-01	1.38e-02	2.33e-05
 4.17325e+16	9.86e-01	1.35e-02	2.28e-05
 4.17362e+16	9.87e-01	1.32e-02	2.22e-05
 4.17402e+16	9.87e-01	1.29e-02	2.17e-05
 4.17446e+16	9.87e-01	1.26e-02	2.12e-05
 4.17503e+16	9.88e-01	1.23e-02	2.06e-05
 4.17564e+16	9.88e-01	1.20e-02	2.01e-05
 4.17621e+16	9.88e-01	1.18e-02	1.97e-05
 4.17682e+16	9.88e-01	1.16e-02	1.92e-05
 4.17762e+16	9.89e-01	1.13e-02	1.88e-05
 4.17866e+16	9.89e-01	1.11e-02	1.83e-05
 4.18001e+16	9.89e-01	1.09e-02	1.78e-05
 4.18176e+16	9.89e-01	1.07e-02	1.73e-05
 4.18405e+16	9.90e-01	1.04e-02	1.67e-05
 4.18701e+16	9.90e-01	1.02e-02	1.61e-05
 4.19087e+16	9.90e-01	9.97e-03	1.54e-05
 4.19504e+16	9.90e-01	9.75e-03	1.48e-05
 4.19960e+16	9.90e-01	9.51e-03	1.41e-05
 4.20453e+16	9.91e-01	9.28e-03	1.34e-05
 4.20901e+16	9.91e-01	9.08e-03	1.28e-05
 4.21392e+16	9.91e-01	8.85e-03	1.22e-05
 4.21923e+16	9.91e-01	8.62e-03	1.16e-05
 4.22405e+16	9.92e-01	8.42e-03	1.11e-05
 4.22934e+16	9.92e-01	8.20e-03	1.05e-05
 4.23505e+16	9.92e-01	7.98e-03	9.97e-06
 4.24025e+16	9.92e-01	7.79e-03	9.50e-06
 4.24594e+16	9.92e-01	7.57e-03	8.99e-06
 4.25334e+16	9.93e-01	7.30e-03	8.36e-06
 4.26209e+16	9.93e-01	7.00e-03	7.70e-06
 4.27129e+16	9.93e-01	6.71e-03	7.09e-06
 4.28074e+16	9.94e-01	6.43e-03	6.51e-06
 4.29057e+16	9.94e-01	6.15e-03	5.97e-06
 4.30079e+16	9.94e-01	5.88e-03	5.46e-06
 4.31139e+16	9.94e-01	5.62e-03	4.99e-06
 4.32235e+16	9.95e-01	5.36e-03	4.55e-06
 4.33355e+16	9.95e-01	5.12e-03	4.14e-06
 4.34495e+16	9.95e-01	4.88e-03	3.77e-06
 4.35656e+16	9.95e-01	4.66e-03	3.43e-06
 4.36842e+16	9.96e-01	4.44e-03	3.12e-06
 4.38053e+16	9.96e-01	4.23e-03	2.84e-06
 4.39289e+16	9.96e-01	4.03e-03	2.58e-06
 4.40548e+16	9.96e-01	3.84e-03	2.34e-06
 4.41832e+16	9.96e-01	3.65e-03	2.12e-06
 4.43141e+16	9.97e-01	3.48e-03	1.92e-06
 4.44476e+16	9.97e-01	3.31e-03	1.74e-06
 4.45817e+16	9.97e-01	3.15e-03	1.58e-06
 4.47179e+16	9.97e-01	3.00e-03	1.43e-06
 4.48593e+16	9.97e-01	2.85e-03	1.29e-06
 4.50044e+16	9.97e-01	2.71e-03	1.16e-06
 4.51518e+16	9.97e-01	2.57e-03	1.05e-06
 4.53020e+16	9.98e-01	2.44e-03	9.44e-07
 4.54554e+16	9.98e-01	2.31e-03	8.49e-07
 4.56119e+16	9.98e-01	2.19e-03	7.63e-07
 4.57715e+16	9.98e-01	2.08e-03	6.85e-07
 4.59345e+16	9.98e-01	1.97e-03	6.14e-07
 4.61011e+16	9.98e-01	1.86e-03	5.50e-07
 4.62713e+16	9.98e-01	1.76e-03	4.92e-07
 4.64454e+16	9.98e-01	1.67e-03	4.39e-07
 4.66233e+16	9.98e-01	1.58e-03	3.92e-07
 4.68053e+16	9.99e-01	1.49e-03	3.49e-07
 4.69916e+16	9.99e-01	1.40e-03	3.10e-07
 4.71823e+16	9.99e-01	1.32e-03	2.75e-07
 4.73777e+16	9.99e-01	1.25e-03	2.43e-07
 4.75779e+16	9.99e-01	1.17e-03	2.15e-07
 4.77834e+16	9.99e-01	1.10e-03	1.90e-07
 4.79944e+16	9.99e-01	1.04e-03	1.67e-07
 4.82112e+16	9.99e-01	9.73e-04	1.47e-07
 4.84342e+16	9.99e-01	9.13e-04	1.28e-07
 4.86637e+16	9.99e-01	8.54e-04	1.12e-07
 4.89002e+16	9.99e-01	7.99e-04	9.76e-08
 4.91442e+16	9.99e-01	7.47e-04	8.48e-08
 4.93912e+16	9.99e-01	6.98e-04	7.36e-08
 4.96454e+16	9.99e-01	6.50e-04	6.36e-08
 4.99153e+16	9.99e-01	6.04e-04	5.45e-08
 5.01975e+16	9.99e-01	5.60e-04	4.65e-08
 5.04893e+16	9.99e-01	5.18e-04	3.95e-08
 5.07923e+16	1.00e+00	4.78e-04	3.33e-08
 5.11099e+16	1.00e+00	4.39e-04	2.80e-08
 5.14433e+16	1.00e+00	4.03e-04	2.33e-08
 5.17927e+16	1.00e+00	3.68e-04	1.92e-08
 5.21627e+16	1.00e+00	3.35e-04	1.57e-08
 5.25527e+16	1.00e+00	3.03e-04	1.27e-08
 5.29669e+16	1.00e+00	2.72e-04	1.02e-08
 5.34123e+16	1.00e+00	2.43e-04	8.01e-09
 5.38897e+16	1.00e+00	2.15e-04	6.20e-09
 5.44050e+16	1.00e+00	1.89e-04	4.70e-09
 5.49676e+16	1.00e+00	1.63e-04	3.47e-09
 5.56117e+16	1.00e+00	1.38e-04	2.46e-09
 5.63043e+16	1.00e+00	1.16e-04	1.71e-09
 5.70451e+16	1.00e+00	9.50e-05	1.15e-09
 5.79338e+16	1.00e+00	7.50e-05	7.13e-10
 5.90125e+16	1.00e+00	5.63e-05	4.02e-10
 6.02003e+16	1.00e+00	4.14e-05	2.18e-10
 6.14418e+16	1.00e+00	3.00e-05	1.15e-10
 6.27778e+16	1.00e+00	2.14e-05	5.90e-11
 6.42116e+16	1.00e+00	1.49e-05	2.91e-11
 6.57343e+16	1.00e+00	1.03e-05	1.40e-11
 6.73004e+16	1.00e+00	7.07e-06	6.72e-12
 6.88666e+16	1.00e+00	4.90e-06	3.29e-12
 7.04327e+16	1.00e+00	3.43e-06	1.64e-12
 7.19988e+16	1.00e+00	2.42e-06	8.28e-13
 7.35648e+16	1.00e+00	1.72e-06	4.26e-13
 7.51309e+16	1.00e+00	1.23e-06	2.22e-13
 7.66970e+16	1.00e+00	8.90e-07	1.18e-13
 7.82631e+16	1.00e+00	6.45e-07	6.31e-14
 7.98292e+16	1.00e+00	4.74e-07	3.45e-14
 8.13952e+16	1.00e+00	3.49e-07	1.90e-14
 8.29613e+16	1.00e+00	2.60e-07	1.07e-14
 8.47623e+16	1.00e+00	1.84e-07	5.46e-15
 8.68289e+16	1.00e+00	1.27e-07	2.63e-15
 8.89260e+16	1.00e+00	8.83e-08	1.29e-15
 9.10232e+16	1.00e+00	6.19e-08	6.44e-16
 9.32954e+16	1.00e+00	4.24e-08	3.07e-16
 9.57542e+16	1.00e+00	2.87e-08	1.42e-16
 9.82249e+16	1.00e+00	1.96e-08	6.74e-17
 1.00789e+17	1.00e+00	1.34e-08	3.16e-17
 1.03471e+17	1.00e+00	9.08e-09	1.47e-17
 1.06232e+17	1.00e+00	6.16e-09	6.85e-18
 1.09061e+17	1.00e+00	4.20e-09	3.21e-18
 1.11903e+17	1.00e+00	2.89e-09	1.53e-18
 1.14745e+17	1.00e+00	2.01e-09	7.46e-19
 1.17587e+17	1.00e+00	1.41e-09	3.70e-19
 1.20430e+17	1.00e+00	1.00e-09	1.87e-19
 1.23273e+17	1.00e+00	7.15e-10	9.61e-20
 1.26116e+17	1.00e+00	5.16e-10	5.02e-20
 1.28958e+17	1.00e+00	3.75e-10	2.66e-20
 1.31801e+17	1.00e+00	2.74e-10	1.43e-20
 1.34643e+17	1.00e+00	2.02e-10	7.80e-21
 1.37486e+17	1.00e+00	1.50e-10	0.00e+00
 1.40328e+17	1.00e+00	1.12e-10	0.00e+00
 1.43171e+17	1.00e+00	8.46e-11	0.00e+00
 1.46157e+17	1.00e+00	6.31e-11	0.00e+00
 1.49287e+17	1.00e+00	4.69e-11	0.00e+00
 1.52817e+17	1.00e+00	3.37e-11	0.00e+00
 1.56746e+17	1.00e+00	2.38e-11	0.00e+00
 1.60829e+17	1.00e+00	1.68e-11	0.00e+00
 1.65106e+17	1.00e+00	1.19e-11	0.00e+00
 1.69487e+17	1.00e+00	8.53e-12	0.00e+00
 1.73952e+17	1.00e+00	6.24e-12	0.00e+00
 1.78526e+17	1.00e+00	4.67e-12	0.00e+00
 1.83186e+17	1.00e+00	3.59e-12	0.00e+00
 1.87846e+17	1.00e+00	2.86e-12	0.00e+00
 1.92507e+17	1.00e+00	2.37e-12	0.00e+00
 1.97375e+17	1.00e+00	2.02e-12	0.00e+00
 2.02501e+17	1.00e+00	1.73e-12	0.00e+00
 2.07725e+17	1.00e+00	1.54e-12	0.00e+00
 2.13076e+17	1.00e+00	1.41e-12	0.00e+00
 2.18556e+17	1.00e+00	1.31e-12	0.00e+00
 2.24404e+17	1.00e+00	1.24e-12	0.00e+00
 2.30678e+17	1.00e+00	1.14e-12	0.00e+00
 2.36994e+17	1.00e+00	1.08e-12	0.00e+00
 2.43154e+17	1.00e+00	1.06e-12	0.00e+00
 2.49187e+17	1.00e+00	1.06e-12	0.00e+00
 2.55138e+17	1.00e+00	1.06e-12	0.00e+00
 2.60988e+17	1.00e+00	1.06e-12	0.00e+00
 2.66693e+17	1.00e+00	1.07e-12	0.00e+00
 2.72214e+17	1.00e+00	1.08e-12	0.00e+00
 2.77525e+17	1.00e+00	1.10e-12	0.00e+00
 2.82603e+17	1.00e+00	1.12e-12	0.00e+00
 2.87438e+17	1.00e+00	1.14e-12	0.00e+00
 2.92042e+17	1.00e+00	1.16e-12	0.00e+00
 2.96427e+17	1.00e+00	1.19e-12	0.00e+00
 3.00594e+17	1.00e+00	1.21e-12	0.00e+00
 3.04537e+17	1.00e+00	1.23e-12	0.00e+00
 3.08257e+17	1.00e+00	1.26e-12	0.00e+00
 3.11769e+17	1.00e+00	1.28e-12	0.00e+00
 3.15085e+17	1.00e+00	1.30e-12	0.00e+00
 3.18216e+17	1.00e+00	1.32e-12	0.00e+00
 3.21169e+17	1.00e+00	1.34e-12	0.00e+00
 3.23954e+17	1.00e+00	1.36e-12	0.00e+00
 3.26581e+17	1.00e+00	1.38e-12	0.00e+00
 3.29060e+17	1.00e+00	1.40e-12	0.00e+00
 3.31401e+17	1.00e+00	1.42e-12	0.00e+00
 3.33613e+17	1.00e+00	1.43e-12	0.00e+00
 3.35702e+17	1.00e+00	1.45e-12	0.00e+00
 3.37677e+17	1.00e+00	1.46e-12	0.00e+00
 3.39544e+17	1.00e+00	1.48e-12	0.00e+00
 3.41309e+17	1.00e+00	1.49e-12	0.00e+00
 3.42980e+17	1.00e+00	1.50e-12	0.00e+00
 3.44563e+17	1.00e+00	1.51e-12	0.00e+00
 3.46063e+17	1.00e+00	1.52e-12	0.00e+00
 3.47484e+17	1.00e+00	1.53e-12	0.00e+00
 3.48832e+17	1.00e+00	1.54e-12	0.00e+00
 3.50110e+17	1.00e+00	1.55e-12	0.00e+00
 3.51324e+17	1.00e+00	1.56e-12	0.00e+00
 3.52477e+17	1.00e+00	1.57e-12	0.00e+00
 3.53572e+17	1.00e+00	1.57e-12	0.00e+00
 3.54614e+17	1.00e+00	1.58e-12	0.00e+00
 3.55605e+17	1.00e+00	1.59e-12	0.00e+00
 3.56548e+17	1.00e+00	1.59e-12	0.00e+00
 3.57446e+17	1.00e+00	1.60e-12	0.00e+00
 3.58303e+17	1.00e+00	1.60e-12	0.00e+00
 3.59119e+17	1.00e+00	1.61e-12	0.00e+00
 3.59899e+17	1.00e+00	1.61e-12	0.00e+00
 3.60644e+17	1.00e+00	1.62e-12	0.00e+00
 3.61356e+17	1.00e+00	1.62e-12	0.00e+00
 3.62038e+17	1.00e+00	1.63e-12	0.00e+00
 3.62691e+17	1.00e+00	1.63e-12	0.00e+00
 3.63318e+17	1.00e+00	1.63e-12	0.00e+00
 3.63920e+17	1.00e+00	1.64e-12	0.00e+00
 3.64498e+17	1.00e+00	1.64e-12	0.00e+00
 3.65056e+17	1.00e+00	1.64e-12	0.00e+00
 3.65593e+17	1.00e+00	1.64e-12	0.00e+00
 3.66112e+17	1.00e+00	1.65e-12	0.00e+00
 3.66615e+17	1.00e+00	1.65e-12	0.00e+00
 3.67102e+17	1.00e+00	1.65e-12	0.00e+00
 3.67577e+17	1.00e+00	1.65e-12	0.00e+00
 3.68040e+17	1.00e+00	1.66e-12	0.00e+00
 3.68493e+17	1.00e+00	1.66e-12	0.00e+00
 3.68938e+17	1.00e+00	1.66e-12	0.00e+00
 3.69375e+17	1.00e+00	1.66e-12	0.00e+00
 3.69808e+17	1.00e+00	1.66e-12	0.00e+00
 3.70238e+17	1.00e+00	1.66e-12	0.00e+00
 3.70668e+17	1.00e+00	1.67e-12	0.00e+00
 3.71100e+17	1.00e+00	1.67e-12	0.00e+00
 3.71536e+17	1.00e+00	1.67e-12	0.00e+00
 3.71980e+17	1.00e+00	1.67e-12	0.00e+00
 3.72436e+17	1.00e+00	1.67e-12	0.00e+00
 3.72908e+17	1.00e+00	1.67e-12	0.00e+00
 3.73402e+17	1.00e+00	1.67e-12	0.00e+00
 3.73926e+17	1.00e+00	1.67e-12	0.00e+00
 3.74489e+17	1.00e+00	1.67e-12	0.00e+00
 3.75102e+17	1.00e+00	1.66e-12	0.00e+00
 3.75782e+17	1.00e+00	1.66e-12	0.00e+00
 3.76552e+17	1.00e+00	1.66e-12	0.00e+00
 3.77444e+17	1.00e+00	1.65e-12	0.00e+00
 3.78503e+17	1.00e+00	1.64e-12	0.00e+00
 3.79798e+17	1.00e+00	1.62e-12	0.00e+00
 3.81431e+17	1.00e+00	1.59e-12	0.00e+00
 3.83539e+17	1.00e+00	1.55e-12	0.00e+00
 3.86279e+17	1.00e+00	1.48e-12	0.00e+00
 3.89842e+17	1.00e+00	1.38e-12	0.00e+00
 3.94473e+17	1.00e+00	1.26e-12	0.00e+00
 4.00494e+17	1.00e+00	1.09e-12	0.00e+00
 4.08320e+17	1.00e+00	9.04e-13	0.00e+00
 4.18495e+17	1.00e+00	6.98e-13	0.00e+00
 4.31723e+17	1.00e+00	4.90e-13	0.00e+00
 4.47983e+17	1.00e+00	3.03e-13	0.00e+00
 4.65902e+17	1.00e+00	2.03e-13	0.00e+00
 4.84539e+17	1.00e+00	1.77e-13	0.00e+00
 5.03920e+17	1.00e+00	1.54e-13	0.00e+00
 5.24077e+17	1.00e+00	1.33e-13	0.00e+00
 5.45040e+17	1.00e+00	1.14e-13	0.00e+00
 5.66842e+17	1.00e+00	9.70e-14	0.00e+00
 5.89515e+17	1.00e+00	8.13e-14	0.00e+00
 6.13096e+17	1.00e+00	6.72e-14	0.00e+00
 6.36989e+17	1.00e+00	5.48e-14	0.00e+00
 6.59802e+17	1.00e+00	5.28e-14	0.00e+00
 6.80389e+17	1.00e+00	6.35e-14	0.00e+00
 6.98795e+17	1.00e+00	8.39e-14	0.00e+00
 7.15918e+17	1.00e+00	9.83e-14	0.00e+00
 7.32368e+17	1.00e+00	1.00e-13	0.00e+00
 7.47939e+17	1.00e+00	9.77e-14	0.00e+00
 7.61960e+17	1.00e+00	1.02e-13	0.00e+00
 7.74157e+17	1.00e+00	1.16e-13	0.00e+00
 7.84806e+17	1.00e+00	1.28e-13	0.00e+00
 7.94348e+17	1.00e+00	1.34e-13	0.00e+00
 8.02517e+17	1.00e+00	1.33e-13	0.00e+00
 8.08343e+17	1.00e+00	1.43e-13	0.00e+00
 8.11742e+17	1.00e+00	1.63e-13	0.00e+00
 8.13643e+17	1.00e+00	1.78e-13	0.00e+00
 8.14784e+17	1.00e+00	1.87e-13	0.00e+00
 8.15469e+17	1.00e+00	1.92e-13	0.00e+00
 8.15935e+17	1.00e+00	1.95e-13	0.00e+00
 8.16377e+17	1.00e+00	1.97e-13	0.00e+00
 8.16901e+17	1.00e+00	1.99e-13	0.00e+00
 8.17474e+17	1.00e+00	2.01e-13	0.00e+00
 8.18008e+17	1.00e+00	2.02e-13	0.00e+00
 8.18474e+17	1.00e+00	2.03e-13	0.00e+00
 8.18871e+17	1.00e+00	2.03e-13	0.00e+00
 8.19228e+17	1.00e+00	2.04e-13	0.00e+00
 8.19565e+17	1.00e+00	2.04e-13	0.00e+00
 8.19907e+17	1.00e+00	2.04e-13	0.00e+00
 8.20265e+17	1.00e+00	2.04e-13	0.00e+00
 8.20599e+17	1.00e+00	2.04e-13	0.00e+00
 8.20882e+17	1.00e+00	2.03e-13	0.00e+00
 8.21132e+17	1.00e+00	2.03e-13	0.00e+00
 8.21385e+17	1.00e+00	2.03e-13	0.00e+00
 8.21660e+17	1.00e+00	2.03e-13	0.00e+00
 8.21932e+17	1.00e+00	2.02e-13	0.00e+00
 8.22179e+17	1.00e+00	2.02e-13	0.00e+00
 8.22394e+17	1.00e+00	2.01e-13	0.00e+00
 8.22603e+17	1.00e+00	2.01e-13	0.00e+00
 8.22825e+17	1.00e+00	2.00e-13	0.00e+00
 8.23046e+17	1.00e+00	2.00e-13	0.00e+00
 8.23254e+17	1.00e+00	1.99e-13	0.00e+00
 8.23451e+17	1.00e+00	1.99e-13	0.00e+00
 8.23649e+17	1.00e+00	1.98e-13	0.00e+00
 8.23846e+17	1.00e+00	1.97e-13	0.00e+00
 8.24043e+17	1.00e+00	1.97e-13	0.00e+00
 8.24239e+17	1.00e+00	1.96e-13	0.00e+00
 8.24424e+17	1.00e+00	1.95e-13	0.00e+00
 8.24604e+17	1.00e+00	1.95e-13	0.00e+00
 8.24792e+17	1.00e+00	1.94e-13	0.00e+00
 8.24990e+17	1.00e+00	1.93e-13	0.00e+00
 8.25192e+17	1.00e+00	1.93e-13	0.00e+00
 8.25382e+17	1.00e+00	1.92e-13	0.00e+00
 8.25557e+17	1.00e+00	1.91e-13	0.00e+00
 8.25749e+17	1.00e+00	1.90e-13	0.00e+00
 8.25963e+17	1.00e+00	1.89e-13	0.00e+00
 8.26170e+17	1.00e+00	1.88e-13	0.00e+00
 8.26360e+17	1.00e+00	1.87e-13	0.00e+00
 8.26561e+17	1.00e+00	1.86e-13	0.00e+00
 8.26781e+17	1.00e+00	1.85e-13	0.00e+00
 8.27015e+17	1.00e+00	1.84e-13	0.00e+00
 8.27254e+17	1.00e+00	1.83e-13	0.00e+00
 8.27474e+17	1.00e+00	1.82e-13	0.00e+00
 8.27681e+17	1.00e+00	1.81e-13	0.00e+00
 8.27902e+17	1.00e+00	1.79e-13	0.00e+00
 8.28143e+17	1.00e+00	1.78e-13	0.00e+00
 8.28391e+17	1.00e+00	1.77e-13	0.00e+00
 8.28653e+17	1.00e+00	1.75e-13	0.00e+00
 8.28917e+17	1.00e+00	1.74e-13	0.00e+00
 8.29170e+17	1.00e+00	1.72e-13	0.00e+00
 8.29433e+17	1.00e+00	1.71e-13	0.00e+00
 8.29722e+17	1.00e+00	1.69e-13	0.00e+00
 8.30024e+17	1.00e+00	1.67e-13	0.00e+00
 8.30310e+17	1.00e+00	1.65e-13	0.00e+00
 8.30591e+17	1.00e+00	1.64e-13	0.00e+00
 8.30895e+17	1.00e+00	1.62e-13	0.00e+00
 8.31227e+17	1.00e+00	1.60e-13	0.00e+00
 8.31579e+17	1.00e+00	1.58e-13	0.00e+00
 8.31925e+17	1.00e+00	1.55e-13	0.00e+00
 8.32262e+17	1.00e+00	1.53e-13	0.00e+00
 8.32600e+17	1.00e+00	1.51e-13	0.00e+00
 8.32956e+17	1.00e+00	1.49e-13	0.00e+00
 8.33335e+17	1.00e+00	1.47e-13	0.00e+00
 8.33723e+17	1.00e+00	1.44e-13	0.00e+00
 8.34117e+17	1.00e+00	1.42e-13	0.00e+00
 8.34520e+17	1.00e+00	1.39e-13	0.00e+00
 8.34949e+17	1.00e+00	1.36e-13	0.00e+00
 8.35394e+17	1.00e+00	1.34e-13	0.00e+00
 8.35821e+17	1.00e+00	1.31e-13	0.00e+00
 8.36247e+17	1.00e+00	1.28e-13	0.00e+00
 8.36708e+17	1.00e+00	1.25e-13	0.00e+00
 8.37207e+17	1.00e+00	1.22e-13	0.00e+00
 8.37699e+17	1.00e+00	1.19e-13	0.00e+00
 8.38166e+17	1.00e+00	1.16e-13	0.00e+00
 8.38655e+17	1.00e+00	1.13e-13	0.00e+00
 8.39192e+17	1.00e+00	1.10e-13	0.00e+00
 8.39743e+17	1.00e+00	1.07e-13	0.00e+00
 8.40276e+17	1.00e+00	1.04e-13	0.00e+00
 8.40804e+17	1.00e+00	1.00e-13	0.00e+00
 8.41354e+17	1.00e+00	9.74e-14	0.00e+00
 8.41938e+17	1.00e+00	9.40e-14	0.00e+00
 8.42540e+17	1.00e+00	9.06e-14	0.00e+00
 8.43135e+17	1.00e+00	8.72e-14	0.00e+00
 8.43726e+17	1.00e+00	8.41e-14	0.00e+00
 8.44341e+17	1.00e+00	8.08e-14	0.00e+00
 8.44985e+17	1.00e+00	7.74e-14	0.00e+00
 8.45637e+17	1.00e+00	7.40e-14	0.00e+00
 8.46290e+17	1.00e+00	7.08e-14	0.00e+00
 8.46952e+17	1.00e+00	6.75e-14	0.00e+00
 8.47636e+17	1.00e+00	6.42e-14	0.00e+00
 8.48335e+17	1.00e+00	6.09e-14	0.00e+00
 8.49031e+17	1.00e+00	5.78e-14	0.00e+00
 8.49730e+17	1.00e+00	5.47e-14	0.00e+00
 8.50477e+17	1.00e+00	5.16e-14	0.00e+00
 8.51263e+17	1.00e+00	4.83e-14	0.00e+00
 8.52037e+17	1.00e+00	4.52e-14	0.00e+00
 8.52796e+17	1.00e+00	4.23e-14	0.00e+00
 8.53572e+17	1.00e+00	3.95e-14	0.00e+00
 8.54393e+17	1.00e+00	3.67e-14	0.00e+00
 8.55242e+17	1.00e+00	3.39e-14	0.00e+00
 8.56061e+17	1.00e+00	3.12e-14	0.00e+00
 8.56775e+17	1.00e+00	2.89e-14	0.00e+00
 8.57372e+17	1.00e+00	2.71e-14	0.00e+00
 8.57903e+17	1.00e+00	2.56e-14	0.00e+00
 8.58415e+17	1.00e+00	2.43e-14	0.00e+00
 8.58929e+17	1.00e+00	2.30e-14	0.00e+00
 8.59427e+17	1.00e+00	2.18e-14	0.00e+00
 8.59886e+17	1.00e+00	2.07e-14	0.00e+00
 8.60305e+17	1.00e+00	1.97e-14	0.00e+00
 8.60702e+17	1.00e+00	1.89e-14	0.00e+00
 8.61090e+17	1.00e+00	1.81e-14	0.00e+00
 8.61470e+17	1.00e+00	1.73e-14	0.00e+00
 8.61836e+17	1.00e+00	1.66e-14	0.00e+00
 8.62183e+17	1.00e+00	1.59e-14	0.00e+00
 8.62515e+17	1.00e+00	1.53e-14	0.00e+00
