#depth	N	N+	N+2	N+3	N+4	N+5	N+6	N+7
 1.49634e+10	0.00e+00	0.00e+00	1.58e-30	2.57e-20	7.56e-11	7.04e-01	2.96e-01	4.65e-05
 4.54887e+10	0.00e+00	2.47e-41	2.05e-30	3.08e-20	8.37e-11	7.20e-01	2.80e-01	4.06e-05
 7.72350e+10	0.00e+00	0.00e+00	2.66e-30	3.68e-20	9.26e-11	7.36e-01	2.64e-01	3.54e-05
 1.10251e+11	0.00e+00	4.83e-41	3.43e-30	4.40e-20	1.02e-10	7.51e-01	2.49e-01	3.08e-05
 1.44588e+11	0.00e+00	0.00e+00	4.43e-30	5.24e-20	1.13e-10	7.66e-01	2.34e-01	2.68e-05
 1.80298e+11	0.00e+00	9.40e-41	5.71e-30	6.25e-20	1.24e-10	7.80e-01	2.20e-01	2.33e-05
 2.13595e+11	0.00e+00	0.00e+00	7.17e-30	7.31e-20	1.35e-10	7.92e-01	2.08e-01	2.05e-05
 2.42899e+11	0.00e+00	1.63e-40	8.70e-30	8.35e-20	1.46e-10	8.02e-01	1.98e-01	1.84e-05
 2.75586e+11	0.00e+00	0.00e+00	1.07e-29	9.64e-20	1.57e-10	8.12e-01	1.88e-01	1.63e-05
 3.14906e+11	0.00e+00	2.94e-40	1.36e-29	1.14e-19	1.72e-10	8.24e-01	1.76e-01	1.42e-05
 3.54458e+11	0.00e+00	0.00e+00	1.72e-29	1.33e-19	1.88e-10	8.35e-01	1.65e-01	1.24e-05
 3.90749e+11	0.00e+00	5.24e-40	2.11e-29	1.54e-19	2.03e-10	8.44e-01	1.56e-01	1.10e-05
 4.31192e+11	0.00e+00	0.00e+00	2.64e-29	1.79e-19	2.20e-10	8.53e-01	1.47e-01	9.63e-06
 4.78096e+11	0.00e+00	9.70e-40	3.37e-29	2.11e-19	2.40e-10	8.63e-01	1.37e-01	8.31e-06
 5.23989e+11	0.00e+00	0.00e+00	4.25e-29	2.48e-19	2.61e-10	8.71e-01	1.29e-01	7.22e-06
 5.67385e+11	0.00e+00	1.74e-39	5.25e-29	2.86e-19	2.82e-10	8.79e-01	1.21e-01	6.35e-06
 6.15675e+11	0.00e+00	0.00e+00	6.59e-29	3.33e-19	3.06e-10	8.87e-01	1.13e-01	5.53e-06
 6.70228e+11	0.00e+00	3.24e-39	8.42e-29	3.94e-19	3.34e-10	8.95e-01	1.05e-01	4.75e-06
 7.24954e+11	0.00e+00	0.00e+00	1.07e-28	4.62e-19	3.64e-10	9.02e-01	9.80e-02	4.10e-06
 7.81868e+11	0.00e+00	6.06e-39	1.35e-28	5.43e-19	3.95e-10	9.09e-01	9.12e-02	3.53e-06
 8.43070e+11	0.00e+00	0.00e+00	1.73e-28	6.41e-19	4.31e-10	9.15e-01	8.46e-02	3.03e-06
 9.06720e+11	0.00e+00	1.16e-38	2.20e-28	7.56e-19	4.70e-10	9.22e-01	7.85e-02	2.60e-06
 9.72915e+11	0.00e+00	0.00e+00	2.81e-28	8.91e-19	5.12e-10	9.27e-01	7.27e-02	2.22e-06
 1.04176e+12	0.00e+00	2.20e-38	3.58e-28	1.05e-18	5.57e-10	9.33e-01	6.73e-02	1.90e-06
 1.11336e+12	0.00e+00	0.00e+00	4.57e-28	1.24e-18	6.06e-10	9.38e-01	6.23e-02	1.62e-06
 1.18782e+12	0.00e+00	4.20e-38	5.83e-28	1.46e-18	6.60e-10	9.42e-01	5.76e-02	1.39e-06
 1.26526e+12	0.00e+00	0.00e+00	7.43e-28	1.72e-18	7.18e-10	9.47e-01	5.33e-02	1.18e-06
 1.34579e+12	0.00e+00	7.99e-38	9.47e-28	2.02e-18	7.81e-10	9.51e-01	4.92e-02	1.01e-06
 1.42955e+12	0.00e+00	0.00e+00	1.21e-27	2.38e-18	8.49e-10	9.55e-01	4.55e-02	8.63e-07
 1.51666e+12	0.00e+00	1.52e-37	1.54e-27	2.80e-18	9.23e-10	9.58e-01	4.20e-02	0.00e+00
 1.60152e+12	0.00e+00	0.00e+00	1.93e-27	3.26e-18	9.98e-10	9.61e-01	3.89e-02	0.00e+00
 1.68201e+12	0.00e+00	2.71e-37	2.38e-27	3.75e-18	1.07e-09	9.64e-01	3.63e-02	0.00e+00
 1.77145e+12	0.00e+00	0.00e+00	2.97e-27	4.36e-18	1.16e-09	9.66e-01	3.37e-02	0.00e+00
 1.86912e+12	0.00e+00	4.98e-37	3.76e-27	5.11e-18	1.25e-09	9.69e-01	3.12e-02	0.00e+00
 1.96296e+12	0.00e+00	0.00e+00	4.67e-27	5.91e-18	1.35e-09	9.71e-01	2.90e-02	0.00e+00
 2.06368e+12	0.00e+00	8.97e-37	5.86e-27	6.88e-18	1.46e-09	9.73e-01	2.69e-02	0.00e+00
 2.17616e+12	0.00e+00	0.00e+00	7.47e-27	8.10e-18	1.58e-09	9.75e-01	2.47e-02	0.00e+00
 2.28929e+12	0.00e+00	1.69e-36	9.45e-27	9.49e-18	1.72e-09	9.77e-01	2.28e-02	0.00e+00
 2.40696e+12	4.70e-47	2.32e-36	1.20e-26	1.11e-17	1.86e-09	9.79e-01	2.11e-02	0.00e+00
 2.53316e+12	0.00e+00	0.00e+00	1.53e-26	1.31e-17	2.02e-09	9.81e-01	1.94e-02	0.00e+00
 2.66442e+12	0.00e+00	4.42e-36	1.95e-26	1.54e-17	2.20e-09	9.82e-01	1.79e-02	0.00e+00
 2.80092e+12	1.58e-46	6.12e-36	2.49e-26	1.82e-17	2.39e-09	9.84e-01	1.64e-02	0.00e+00
 2.94289e+12	0.00e+00	0.00e+00	3.18e-26	2.14e-17	2.59e-09	9.85e-01	1.51e-02	0.00e+00
 3.09053e+12	0.00e+00	1.17e-35	4.06e-26	2.53e-17	2.82e-09	9.86e-01	1.39e-02	0.00e+00
 3.24408e+12	5.35e-46	1.62e-35	5.19e-26	2.98e-17	3.06e-09	9.87e-01	1.28e-02	0.00e+00
 3.40377e+12	0.00e+00	0.00e+00	6.63e-26	3.51e-17	3.33e-09	9.88e-01	1.18e-02	0.00e+00
 3.56984e+12	0.00e+00	3.12e-35	8.49e-26	4.15e-17	3.62e-09	9.89e-01	1.08e-02	0.00e+00
 3.72634e+12	1.75e-45	4.20e-35	1.06e-25	4.82e-17	3.90e-09	9.90e-01	1.00e-02	0.00e+00
 3.86681e+12	0.00e+00	0.00e+00	1.29e-25	5.50e-17	4.17e-09	9.91e-01	9.37e-03	0.00e+00
 4.02468e+12	0.00e+00	7.21e-35	1.60e-25	6.34e-17	4.49e-09	9.91e-01	8.71e-03	0.00e+00
 4.21115e+12	5.14e-45	9.95e-35	2.04e-25	7.47e-17	4.87e-09	9.92e-01	8.02e-03	0.00e+00
 4.39742e+12	0.00e+00	0.00e+00	2.57e-25	8.75e-17	5.27e-09	9.93e-01	7.40e-03	0.00e+00
 4.57299e+12	0.00e+00	1.80e-34	3.18e-25	1.01e-16	5.67e-09	9.93e-01	6.88e-03	0.00e+00
 4.76768e+12	1.58e-44	2.44e-34	4.00e-25	1.18e-16	6.13e-09	9.94e-01	6.36e-03	0.00e+00
 4.98831e+12	0.00e+00	3.40e-34	5.14e-25	1.40e-16	6.68e-09	9.94e-01	5.84e-03	0.00e+00
 5.20897e+12	3.56e-44	4.68e-34	6.56e-25	1.64e-16	7.26e-09	9.95e-01	5.37e-03	0.00e+00
 5.43845e+12	0.00e+00	6.46e-34	8.36e-25	1.94e-16	7.88e-09	9.95e-01	4.94e-03	0.00e+00
 5.68591e+12	8.06e-44	9.03e-34	1.08e-24	2.30e-16	8.60e-09	9.95e-01	4.53e-03	0.00e+00
 5.91800e+12	0.00e+00	1.22e-33	1.35e-24	2.68e-16	9.30e-09	9.96e-01	4.19e-03	0.00e+00
 6.12515e+12	1.63e-43	1.59e-33	1.65e-24	3.07e-16	9.95e-09	9.96e-01	3.91e-03	0.00e+00
 6.35796e+12	0.00e+00	2.11e-33	2.05e-24	3.56e-16	1.07e-08	9.96e-01	3.63e-03	0.00e+00
 6.63430e+12	3.50e-43	2.93e-33	2.63e-24	4.21e-16	1.17e-08	9.97e-01	3.34e-03	0.00e+00
 6.91083e+12	0.00e+00	4.03e-33	3.34e-24	4.96e-16	1.27e-08	9.97e-01	3.07e-03	0.00e+00
 7.16901e+12	7.44e-43	5.37e-33	4.16e-24	5.75e-16	1.37e-08	9.97e-01	2.85e-03	0.00e+00
 7.45629e+12	0.00e+00	7.29e-33	5.25e-24	6.73e-16	1.48e-08	9.97e-01	2.63e-03	0.00e+00
 7.78447e+12	1.66e-42	1.02e-32	6.79e-24	8.02e-16	1.62e-08	9.98e-01	2.41e-03	0.00e+00
 8.10749e+12	0.00e+00	1.42e-32	8.70e-24	9.51e-16	1.77e-08	9.98e-01	2.21e-03	0.00e+00
 8.41757e+12	3.61e-42	1.91e-32	1.09e-23	1.11e-15	1.91e-08	9.98e-01	2.04e-03	0.00e+00
 8.75835e+12	0.00e+00	2.62e-32	1.39e-23	1.31e-15	2.08e-08	9.98e-01	1.88e-03	0.00e+00
 9.13861e+12	8.20e-42	3.70e-32	1.81e-23	1.57e-15	2.28e-08	9.98e-01	1.71e-03	0.00e+00
 9.52147e+12	0.00e+00	5.15e-32	2.33e-23	1.87e-15	2.50e-08	9.98e-01	1.57e-03	0.00e+00
 9.91964e+12	1.87e-41	7.18e-32	3.01e-23	2.22e-15	2.73e-08	9.99e-01	1.43e-03	0.00e+00
 1.03320e+13	0.00e+00	1.00e-31	3.88e-23	2.65e-15	2.99e-08	9.99e-01	1.31e-03	0.00e+00
 1.07376e+13	4.16e-41	1.37e-31	4.93e-23	3.13e-15	3.26e-08	9.99e-01	1.21e-03	0.00e+00
 1.11739e+13	0.00e+00	1.90e-31	6.34e-23	3.73e-15	3.56e-08	9.99e-01	1.10e-03	0.00e+00
 1.16508e+13	9.52e-41	2.67e-31	8.25e-23	4.47e-15	3.91e-08	9.99e-01	1.00e-03	0.00e+00
 1.21467e+13	0.00e+00	3.76e-31	1.07e-22	5.38e-15	4.30e-08	9.99e-01	9.15e-04	0.00e+00
 1.26625e+13	2.21e-40	5.29e-31	1.40e-22	6.47e-15	4.74e-08	9.99e-01	8.33e-04	0.00e+00
 1.31990e+13	0.00e+00	7.44e-31	1.82e-22	7.78e-15	5.22e-08	9.99e-01	7.57e-04	0.00e+00
 1.36844e+13	4.85e-40	1.00e-30	2.29e-22	9.14e-15	5.67e-08	9.99e-01	6.97e-04	0.00e+00
 1.40893e+13	0.00e+00	1.27e-30	2.76e-22	1.04e-14	6.07e-08	9.99e-01	6.52e-04	0.00e+00
 1.45331e+13	8.89e-40	1.64e-30	3.36e-22	1.20e-14	6.53e-08	9.99e-01	6.07e-04	0.00e+00
 1.50945e+13	0.00e+00	2.23e-30	4.28e-22	1.42e-14	7.15e-08	9.99e-01	5.56e-04	0.00e+00
 1.56798e+13	1.90e-39	3.04e-30	5.45e-22	1.69e-14	7.82e-08	9.99e-01	5.08e-04	0.00e+00
 1.61796e+13	0.00e+00	3.93e-30	6.66e-22	1.94e-14	8.43e-08	1.00e+00	4.72e-04	0.00e+00
 1.66978e+13	3.55e-39	5.06e-30	8.13e-22	2.24e-14	9.09e-08	1.00e+00	4.39e-04	0.00e+00
 1.73454e+13	0.00e+00	6.88e-30	1.03e-21	2.66e-14	9.95e-08	1.00e+00	4.01e-04	0.00e+00
 1.80022e+13	7.41e-39	9.27e-30	1.31e-21	3.15e-14	1.09e-07	1.00e+00	3.68e-04	0.00e+00
 1.85720e+13	0.00e+00	1.19e-29	1.59e-21	3.62e-14	1.17e-07	1.00e+00	3.42e-04	0.00e+00
 1.91876e+13	1.37e-38	1.54e-29	1.95e-21	4.19e-14	1.27e-07	1.00e+00	3.16e-04	0.00e+00
 1.99412e+13	0.00e+00	2.09e-29	2.48e-21	4.98e-14	1.39e-07	1.00e+00	2.89e-04	0.00e+00
 2.07099e+13	2.86e-38	2.81e-29	3.14e-21	5.90e-14	1.52e-07	1.00e+00	2.64e-04	0.00e+00
 2.14106e+13	0.00e+00	3.65e-29	3.86e-21	6.85e-14	1.65e-07	1.00e+00	2.45e-04	0.00e+00
 2.21876e+13	5.48e-38	4.82e-29	4.80e-21	8.03e-14	1.79e-07	1.00e+00	2.25e-04	0.00e+00
 2.30942e+13	0.00e+00	6.57e-29	6.14e-21	9.59e-14	1.97e-07	1.00e+00	2.05e-04	0.00e+00
 2.39937e+13	1.14e-37	8.82e-29	7.76e-21	1.13e-13	2.16e-07	1.00e+00	1.87e-04	0.00e+00
 2.48518e+13	0.00e+00	1.15e-28	9.60e-21	1.32e-13	2.35e-07	1.00e+00	1.73e-04	0.00e+00
 2.57984e+13	2.23e-37	1.54e-28	1.20e-20	1.56e-13	2.56e-07	1.00e+00	1.59e-04	0.00e+00
 2.68603e+13	0.00e+00	2.09e-28	1.54e-20	1.86e-13	2.82e-07	1.00e+00	1.44e-04	0.00e+00
 2.79256e+13	4.62e-37	2.81e-28	1.94e-20	2.20e-13	3.08e-07	1.00e+00	1.32e-04	0.00e+00
 2.88790e+13	0.00e+00	3.62e-28	2.37e-20	2.55e-13	3.33e-07	1.00e+00	1.22e-04	0.00e+00
 2.97262e+13	8.19e-37	4.50e-28	2.82e-20	2.89e-13	3.56e-07	1.00e+00	1.15e-04	0.00e+00
 3.06872e+13	0.00e+00	5.72e-28	3.41e-20	3.31e-13	3.84e-07	1.00e+00	1.07e-04	0.00e+00
 3.17558e+13	1.49e-36	7.39e-28	4.18e-20	3.83e-13	4.15e-07	1.00e+00	9.86e-05	0.00e+00
 3.27573e+13	0.00e+00	9.33e-28	5.02e-20	4.38e-13	4.46e-07	1.00e+00	9.19e-05	0.00e+00
 3.38524e+13	2.67e-36	1.19e-27	6.10e-20	5.03e-13	4.81e-07	1.00e+00	8.53e-05	0.00e+00
 3.50802e+13	0.00e+00	1.56e-27	7.53e-20	5.86e-13	5.21e-07	1.00e+00	7.87e-05	0.00e+00
 3.62466e+13	4.97e-36	1.99e-27	9.13e-20	6.73e-13	5.61e-07	1.00e+00	7.32e-05	0.00e+00
 3.75286e+13	0.00e+00	2.58e-27	1.12e-19	7.79e-13	6.07e-07	1.00e+00	6.77e-05	0.00e+00
 3.89634e+13	9.56e-36	3.41e-27	1.40e-19	9.12e-13	6.61e-07	1.00e+00	6.23e-05	0.00e+00
 4.03245e+13	0.00e+00	4.41e-27	1.71e-19	1.05e-12	7.14e-07	1.00e+00	5.77e-05	0.00e+00
 4.15809e+13	1.72e-35	5.54e-27	2.05e-19	1.20e-12	7.65e-07	1.00e+00	5.39e-05	0.00e+00
 4.29733e+13	0.00e+00	7.08e-27	2.48e-19	1.38e-12	8.24e-07	1.00e+00	5.01e-05	0.00e+00
 4.45363e+13	3.21e-35	9.23e-27	3.06e-19	1.60e-12	8.92e-07	1.00e+00	4.63e-05	0.00e+00
 4.60154e+13	0.00e+00	1.18e-26	3.70e-19	1.83e-12	9.60e-07	1.00e+00	4.31e-05	0.00e+00
 4.76327e+13	5.91e-35	1.52e-26	4.53e-19	2.11e-12	1.04e-06	1.00e+00	4.00e-05	0.00e+00
 4.94228e+13	0.00e+00	2.01e-26	5.62e-19	2.46e-12	1.12e-06	1.00e+00	3.69e-05	0.00e+00
 5.10849e+13	1.12e-34	2.57e-26	6.82e-19	2.82e-12	1.21e-06	1.00e+00	3.43e-05	0.00e+00
 5.28932e+13	0.00e+00	3.33e-26	8.35e-19	3.26e-12	1.30e-06	1.00e+00	3.18e-05	0.00e+00
 5.49159e+13	2.16e-34	4.40e-26	1.04e-18	3.81e-12	1.42e-06	1.00e+00	2.93e-05	0.00e+00
 5.68256e+13	2.95e-34	5.68e-26	1.27e-18	4.38e-12	1.53e-06	1.00e+00	2.72e-05	0.00e+00
 5.89042e+13	4.10e-34	7.44e-26	1.57e-18	5.08e-12	1.65e-06	1.00e+00	2.52e-05	0.00e+00
 6.12223e+13	5.82e-34	9.92e-26	1.96e-18	5.95e-12	1.80e-06	1.00e+00	2.32e-05	0.00e+00
 6.34250e+13	8.06e-34	1.29e-25	2.41e-18	6.88e-12	1.94e-06	1.00e+00	2.15e-05	0.00e+00
 6.57839e+13	1.13e-33	1.70e-25	2.98e-18	7.99e-12	2.10e-06	1.00e+00	1.99e-05	0.00e+00
 6.84452e+13	1.62e-33	2.29e-25	3.76e-18	9.40e-12	2.29e-06	1.00e+00	1.83e-05	0.00e+00
 7.10799e+13	2.30e-33	3.05e-25	4.69e-18	1.10e-11	2.48e-06	1.00e+00	1.68e-05	0.00e+00
 7.38201e+13	3.27e-33	4.06e-25	5.85e-18	1.28e-11	2.69e-06	1.00e+00	1.55e-05	0.00e+00
 7.68028e+13	4.72e-33	5.47e-25	7.38e-18	1.50e-11	2.92e-06	1.00e+00	1.43e-05	0.00e+00
 7.99048e+13	6.82e-33	7.38e-25	9.30e-18	1.76e-11	3.18e-06	1.00e+00	1.31e-05	0.00e+00
 8.31309e+13	9.87e-33	9.97e-25	1.17e-17	2.07e-11	3.46e-06	1.00e+00	1.21e-05	0.00e+00
 8.62983e+13	1.40e-32	1.32e-24	1.46e-17	2.41e-11	3.74e-06	1.00e+00	1.12e-05	0.00e+00
 8.92480e+13	1.92e-32	1.71e-24	1.78e-17	2.76e-11	4.02e-06	1.00e+00	1.04e-05	0.00e+00
 9.25034e+13	2.69e-32	2.25e-24	2.19e-17	3.19e-11	4.34e-06	1.00e+00	9.66e-06	0.00e+00
 9.58444e+13	3.75e-32	2.95e-24	2.70e-17	3.69e-11	4.67e-06	1.00e+00	8.97e-06	0.00e+00
 9.86432e+13	4.93e-32	3.68e-24	3.20e-17	4.14e-11	4.96e-06	1.00e+00	8.45e-06	0.00e+00
 1.01602e+14	6.52e-32	4.61e-24	3.81e-17	4.67e-11	5.28e-06	1.00e+00	7.95e-06	0.00e+00
 1.05354e+14	9.20e-32	6.10e-24	4.72e-17	5.40e-11	5.69e-06	1.00e+00	7.37e-06	0.00e+00
 1.09269e+14	1.30e-31	8.07e-24	5.85e-17	6.26e-11	6.14e-06	1.00e+00	6.83e-06	0.00e+00
 1.12746e+14	1.76e-31	1.03e-23	7.04e-17	7.10e-11	6.55e-06	1.00e+00	6.41e-06	0.00e+00
 1.16524e+14	2.41e-31	1.33e-23	8.55e-17	8.10e-11	7.01e-06	1.00e+00	5.99e-06	0.00e+00
 1.20734e+14	3.38e-31	1.75e-23	1.05e-16	9.35e-11	7.55e-06	1.00e+00	5.56e-06	0.00e+00
 1.24666e+14	4.61e-31	2.24e-23	1.27e-16	1.06e-10	8.06e-06	1.00e+00	5.21e-06	0.00e+00
 1.28939e+14	6.38e-31	2.91e-23	1.56e-16	1.22e-10	8.63e-06	1.00e+00	4.86e-06	0.00e+00
 1.33702e+14	9.05e-31	3.86e-23	1.93e-16	1.41e-10	9.30e-06	1.00e+00	4.51e-06	0.00e+00
 1.38162e+14	1.24e-30	4.99e-23	2.34e-16	1.61e-10	9.94e-06	1.00e+00	4.22e-06	0.00e+00
 1.43016e+14	1.74e-30	6.54e-23	2.87e-16	1.84e-10	1.07e-05	1.00e+00	3.94e-06	0.00e+00
 1.48438e+14	2.50e-30	8.74e-23	3.58e-16	2.14e-10	1.15e-05	1.00e+00	3.65e-06	0.00e+00
 1.53533e+14	3.48e-30	1.14e-22	4.38e-16	2.45e-10	1.23e-05	1.00e+00	3.41e-06	0.00e+00
 1.59084e+14	4.92e-30	1.51e-22	5.40e-16	2.82e-10	1.32e-05	1.00e+00	3.17e-06	0.00e+00
 1.65296e+14	7.15e-30	2.03e-22	6.78e-16	3.29e-10	1.43e-05	1.00e+00	2.94e-06	0.00e+00
 1.71177e+14	1.01e-29	2.68e-22	8.35e-16	3.78e-10	1.54e-05	1.00e+00	2.74e-06	0.00e+00
 1.77476e+14	1.44e-29	3.56e-22	1.04e-15	4.37e-10	1.65e-05	1.00e+00	2.54e-06	0.00e+00
 1.84605e+14	2.12e-29	4.86e-22	1.31e-15	5.12e-10	1.79e-05	1.00e+00	2.35e-06	0.00e+00
 1.91619e+14	3.06e-29	6.52e-22	1.63e-15	5.94e-10	1.93e-05	1.00e+00	2.18e-06	0.00e+00
 1.98913e+14	4.42e-29	8.77e-22	2.04e-15	6.89e-10	2.08e-05	1.00e+00	2.02e-06	0.00e+00
 2.06899e+14	6.50e-29	1.20e-21	2.58e-15	8.07e-10	2.25e-05	1.00e+00	1.87e-06	0.00e+00
 2.15014e+14	9.50e-29	1.62e-21	3.24e-15	9.41e-10	2.43e-05	1.00e+00	1.73e-06	0.00e+00
 2.23453e+14	1.39e-28	2.20e-21	4.08e-15	1.10e-09	2.63e-05	1.00e+00	1.60e-06	0.00e+00
 2.31904e+14	2.00e-28	2.94e-21	5.09e-15	1.27e-09	2.83e-05	1.00e+00	1.48e-06	0.00e+00
 2.39904e+14	2.79e-28	3.85e-21	6.22e-15	1.46e-09	3.03e-05	1.00e+00	1.39e-06	0.00e+00
 2.48740e+14	3.98e-28	5.11e-21	7.72e-15	1.69e-09	3.26e-05	1.00e+00	1.29e-06	0.00e+00
 2.57588e+14	5.60e-28	6.73e-21	9.50e-15	1.94e-09	3.50e-05	1.00e+00	1.20e-06	0.00e+00
 2.64923e+14	7.38e-28	8.40e-21	1.12e-14	2.17e-09	3.70e-05	1.00e+00	1.13e-06	0.00e+00
 2.72697e+14	9.79e-28	1.05e-20	1.33e-14	2.44e-09	3.93e-05	1.00e+00	1.07e-06	0.00e+00
 2.82647e+14	1.39e-27	1.40e-20	1.65e-14	2.81e-09	4.23e-05	1.00e+00	9.94e-07	0.00e+00
 2.93090e+14	1.98e-27	1.86e-20	2.05e-14	3.25e-09	4.55e-05	1.00e+00	0.00e+00	0.00e+00
 3.02314e+14	2.68e-27	2.37e-20	2.46e-14	3.68e-09	4.85e-05	1.00e+00	0.00e+00	0.00e+00
 3.12292e+14	3.67e-27	3.05e-20	2.99e-14	4.20e-09	5.18e-05	1.00e+00	0.00e+00	0.00e+00
 3.24306e+14	5.29e-27	4.10e-20	3.74e-14	4.88e-09	5.60e-05	1.00e+00	0.00e+00	0.00e+00
 3.36486e+14	7.57e-27	5.48e-20	4.65e-14	5.66e-09	6.04e-05	1.00e+00	0.00e+00	0.00e+00
 3.47880e+14	1.05e-26	7.11e-20	5.68e-14	6.47e-09	6.46e-05	1.00e+00	0.00e+00	0.00e+00
 3.60551e+14	1.48e-26	9.40e-20	7.02e-14	7.47e-09	6.95e-05	1.00e+00	0.00e+00	0.00e+00
 3.74000e+14	2.11e-26	1.25e-19	8.73e-14	8.66e-09	7.50e-05	1.00e+00	0.00e+00	0.00e+00
 3.85952e+14	2.87e-26	1.60e-19	1.05e-13	9.83e-09	8.00e-05	1.00e+00	0.00e+00	0.00e+00
 3.98802e+14	3.94e-26	2.07e-19	1.28e-13	1.12e-08	8.55e-05	1.00e+00	0.00e+00	0.00e+00
 4.14201e+14	5.67e-26	2.78e-19	1.60e-13	1.31e-08	9.25e-05	1.00e+00	0.00e+00	0.00e+00
 4.29354e+14	8.04e-26	3.68e-19	1.98e-13	1.51e-08	9.96e-05	1.00e+00	0.00e+00	0.00e+00
 4.42848e+14	1.09e-25	4.69e-19	2.38e-13	1.71e-08	1.06e-04	1.00e+00	0.00e+00	0.00e+00
 4.57746e+14	1.49e-25	6.06e-19	2.90e-13	1.95e-08	1.14e-04	1.00e+00	0.00e+00	0.00e+00
 4.75505e+14	2.15e-25	8.16e-19	3.64e-13	2.28e-08	1.23e-04	1.00e+00	0.00e+00	0.00e+00
 4.93115e+14	3.06e-25	1.08e-18	4.51e-13	2.63e-08	1.33e-04	1.00e+00	0.00e+00	0.00e+00
 5.09189e+14	4.17e-25	1.39e-18	5.46e-13	3.00e-08	1.42e-04	1.00e+00	0.00e+00	0.00e+00
 5.27134e+14	5.81e-25	1.82e-18	6.70e-13	3.45e-08	1.52e-04	1.00e+00	0.00e+00	0.00e+00
 5.48037e+14	8.46e-25	2.46e-18	8.44e-13	4.03e-08	1.65e-04	1.00e+00	0.00e+00	0.00e+00
 5.68580e+14	1.21e-24	3.28e-18	1.05e-12	4.67e-08	1.78e-04	1.00e+00	0.00e+00	0.00e+00
 5.87983e+14	1.67e-24	4.26e-18	1.28e-12	5.35e-08	1.91e-04	1.00e+00	0.00e+00	0.00e+00
 6.09570e+14	2.36e-24	5.64e-18	1.59e-12	6.18e-08	2.05e-04	1.00e+00	0.00e+00	0.00e+00
 6.33983e+14	3.44e-24	7.65e-18	2.00e-12	7.24e-08	2.23e-04	1.00e+00	0.00e+00	0.00e+00
 6.58433e+14	4.96e-24	1.03e-17	2.51e-12	8.42e-08	2.41e-04	1.00e+00	0.00e+00	0.00e+00
 6.81364e+14	6.90e-24	1.34e-17	3.07e-12	9.67e-08	2.58e-04	1.00e+00	0.00e+00	0.00e+00
 7.06152e+14	9.74e-24	1.77e-17	3.79e-12	1.12e-07	2.78e-04	1.00e+00	0.00e+00	0.00e+00
 7.34428e+14	1.42e-23	2.40e-17	4.79e-12	1.31e-07	3.01e-04	1.00e+00	0.00e+00	0.00e+00
 7.61097e+14	2.01e-23	3.18e-17	5.92e-12	1.51e-07	3.24e-04	1.00e+00	0.00e+00	0.00e+00
 7.83071e+14	2.65e-23	3.96e-17	7.00e-12	1.69e-07	3.43e-04	1.00e+00	0.00e+00	0.00e+00
 8.05429e+14	3.48e-23	4.94e-17	8.28e-12	1.89e-07	3.64e-04	1.00e+00	0.00e+00	0.00e+00
 8.34442e+14	4.89e-23	6.50e-17	1.02e-11	2.18e-07	3.91e-04	1.00e+00	0.00e+00	0.00e+00
 8.64547e+14	6.90e-23	8.58e-17	1.26e-11	2.51e-07	4.20e-04	1.00e+00	0.00e+00	0.00e+00
 8.90012e+14	9.15e-23	1.08e-16	1.50e-11	2.82e-07	4.46e-04	1.00e+00	0.00e+00	0.00e+00
 9.17009e+14	1.22e-22	1.36e-16	1.79e-11	3.18e-07	4.74e-04	1.00e+00	0.00e+00	0.00e+00
 9.50928e+14	1.74e-22	1.81e-16	2.22e-11	3.68e-07	5.11e-04	9.99e-01	0.00e+00	0.00e+00
 9.85873e+14	2.47e-22	2.40e-16	2.75e-11	4.25e-07	5.50e-04	9.99e-01	0.00e+00	0.00e+00
 1.01651e+15	3.33e-22	3.05e-16	3.29e-11	4.80e-07	5.85e-04	9.99e-01	0.00e+00	0.00e+00
 1.04953e+15	4.55e-22	3.92e-16	3.98e-11	5.46e-07	6.24e-04	9.99e-01	0.00e+00	0.00e+00
 1.08957e+15	6.53e-22	5.25e-16	4.97e-11	6.34e-07	6.74e-04	9.99e-01	0.00e+00	0.00e+00
 1.12938e+15	9.29e-22	6.96e-16	6.15e-11	7.32e-07	7.25e-04	9.99e-01	0.00e+00	0.00e+00
 1.16459e+15	1.25e-21	8.84e-16	7.38e-11	8.27e-07	7.71e-04	9.99e-01	0.00e+00	0.00e+00
 1.20317e+15	1.72e-21	1.14e-15	8.95e-11	9.42e-07	8.24e-04	9.99e-01	0.00e+00	0.00e+00
 1.24950e+15	2.46e-21	1.53e-15	1.12e-10	1.10e-06	8.91e-04	9.99e-01	0.00e+00	0.00e+00
 1.29563e+15	3.52e-21	2.04e-15	1.39e-10	1.27e-06	9.59e-04	9.99e-01	0.00e+00	0.00e+00
 1.33739e+15	4.78e-21	2.61e-15	1.68e-10	1.44e-06	1.02e-03	9.99e-01	0.00e+00	0.00e+00
 1.38374e+15	6.64e-21	3.40e-15	2.05e-10	1.65e-06	1.10e-03	9.99e-01	0.00e+00	0.00e+00
 1.43814e+15	9.62e-21	4.58e-15	2.58e-10	1.93e-06	1.19e-03	9.99e-01	0.00e+00	0.00e+00
 1.49184e+15	1.37e-20	6.09e-15	3.20e-10	2.23e-06	1.28e-03	9.99e-01	0.00e+00	0.00e+00
 1.54205e+15	1.88e-20	7.88e-15	3.89e-10	2.55e-06	1.37e-03	9.99e-01	0.00e+00	0.00e+00
 1.59813e+15	2.62e-20	1.03e-14	4.80e-10	2.94e-06	1.48e-03	9.99e-01	0.00e+00	0.00e+00
 1.66208e+15	3.83e-20	1.40e-14	6.06e-10	3.44e-06	1.60e-03	9.98e-01	0.00e+00	0.00e+00
 1.72565e+15	5.44e-20	1.87e-14	7.56e-10	4.00e-06	1.74e-03	9.98e-01	0.00e+00	0.00e+00
 1.79176e+15	7.73e-20	2.49e-14	9.42e-10	4.66e-06	1.88e-03	9.98e-01	0.00e+00	0.00e+00
 1.86145e+15	1.10e-19	3.32e-14	1.18e-09	5.43e-06	2.04e-03	9.98e-01	0.00e+00	0.00e+00
 1.92014e+15	1.47e-19	4.20e-14	1.42e-09	6.16e-06	2.17e-03	9.98e-01	0.00e+00	0.00e+00
 1.96591e+15	1.83e-19	5.02e-14	1.62e-09	6.77e-06	2.29e-03	9.98e-01	0.00e+00	0.00e+00
 2.01567e+15	2.29e-19	6.05e-14	1.88e-09	7.49e-06	2.41e-03	9.98e-01	0.00e+00	0.00e+00
 2.08035e+15	3.06e-19	7.66e-14	2.26e-09	8.51e-06	2.58e-03	9.97e-01	0.00e+00	0.00e+00
 2.15038e+15	4.12e-19	9.80e-14	2.74e-09	9.73e-06	2.77e-03	9.97e-01	0.00e+00	0.00e+00
 2.21349e+15	5.34e-19	1.21e-13	3.25e-09	1.09e-05	2.96e-03	9.97e-01	0.00e+00	0.00e+00
 2.28165e+15	7.02e-19	1.52e-13	3.87e-09	1.24e-05	3.16e-03	9.97e-01	0.00e+00	0.00e+00
 2.36659e+15	9.70e-19	1.99e-13	4.79e-09	1.43e-05	3.42e-03	9.97e-01	0.00e+00	0.00e+00
 2.45208e+15	1.33e-18	2.57e-13	5.89e-09	1.65e-05	3.70e-03	9.96e-01	0.00e+00	0.00e+00
 2.52594e+15	1.72e-18	3.20e-13	6.99e-09	1.86e-05	3.95e-03	9.96e-01	0.00e+00	0.00e+00
 2.60594e+15	2.25e-18	4.00e-13	8.38e-09	2.11e-05	4.23e-03	9.96e-01	0.00e+00	0.00e+00
 2.70420e+15	3.10e-18	5.23e-13	1.04e-08	2.46e-05	4.59e-03	9.95e-01	0.00e+00	0.00e+00
 2.80366e+15	4.22e-18	6.78e-13	1.28e-08	2.84e-05	4.98e-03	9.95e-01	0.00e+00	0.00e+00
 2.89204e+15	5.49e-18	8.45e-13	1.53e-08	3.22e-05	5.34e-03	9.95e-01	0.00e+00	0.00e+00
 2.98851e+15	7.26e-18	1.07e-12	1.85e-08	3.68e-05	5.75e-03	9.94e-01	0.00e+00	0.00e+00
 3.10392e+15	1.00e-17	1.40e-12	2.31e-08	4.29e-05	6.27e-03	9.94e-01	0.00e+00	0.00e+00
 3.21808e+15	1.36e-17	1.81e-12	2.84e-08	4.96e-05	6.80e-03	9.93e-01	0.00e+00	0.00e+00
 3.32099e+15	1.76e-17	2.26e-12	3.41e-08	5.63e-05	7.30e-03	9.93e-01	0.00e+00	0.00e+00
 3.43514e+15	2.34e-17	2.87e-12	4.15e-08	6.46e-05	7.89e-03	9.92e-01	0.00e+00	0.00e+00
 3.56967e+15	3.22e-17	3.77e-12	5.18e-08	7.54e-05	8.61e-03	9.91e-01	0.00e+00	0.00e+00
 3.70247e+15	4.36e-17	4.87e-12	6.41e-08	8.74e-05	9.35e-03	9.91e-01	0.00e+00	0.00e+00
 3.82570e+15	5.75e-17	6.16e-12	7.76e-08	9.97e-05	1.01e-02	9.90e-01	0.00e+00	0.00e+00
 3.96388e+15	7.68e-17	7.89e-12	9.53e-08	1.15e-04	1.09e-02	9.89e-01	0.00e+00	0.00e+00
 4.12247e+15	1.06e-16	1.04e-11	1.20e-07	1.35e-04	1.20e-02	9.88e-01	0.00e+00	0.00e+00
 4.27845e+15	1.66e-16	1.35e-11	1.49e-07	1.56e-04	1.30e-02	9.87e-01	0.00e+00	0.00e+00
 4.44067e+15	2.27e-16	1.76e-11	1.85e-07	1.81e-04	1.42e-02	9.86e-01	0.00e+00	0.00e+00
 4.58849e+15	2.98e-16	2.22e-11	2.25e-07	2.07e-04	1.53e-02	9.85e-01	0.00e+00	0.00e+00
 4.69875e+15	3.63e-16	2.63e-11	2.58e-07	2.27e-04	1.61e-02	9.84e-01	0.00e+00	0.00e+00
 4.81264e+15	4.43e-16	3.12e-11	2.97e-07	2.50e-04	1.70e-02	9.83e-01	0.00e+00	0.00e+00
 4.96071e+15	5.72e-16	3.88e-11	3.56e-07	2.83e-04	1.82e-02	9.82e-01	0.00e+00	0.00e+00
 5.12093e+15	7.46e-16	4.87e-11	4.29e-07	3.22e-04	1.96e-02	9.80e-01	0.00e+00	0.00e+00
 5.26547e+15	9.39e-16	5.93e-11	5.06e-07	3.59e-04	2.08e-02	9.79e-01	0.00e+00	0.00e+00
 5.42188e+15	1.20e-15	7.32e-11	6.02e-07	4.04e-04	2.23e-02	9.77e-01	0.00e+00	0.00e+00
 5.62051e+15	1.63e-15	9.51e-11	7.47e-07	4.67e-04	2.42e-02	9.75e-01	0.00e+00	0.00e+00
 5.82051e+15	2.19e-15	1.22e-10	9.21e-07	5.38e-04	2.61e-02	9.73e-01	0.00e+00	0.00e+00
 5.98834e+15	2.77e-15	1.50e-10	1.09e-06	6.02e-04	2.79e-02	9.72e-01	0.00e+00	0.00e+00
 6.16786e+15	3.57e-15	1.86e-10	1.30e-06	6.78e-04	2.98e-02	9.70e-01	0.00e+00	0.00e+00
 6.39474e+15	4.87e-15	2.43e-10	1.62e-06	7.85e-04	3.23e-02	9.67e-01	0.00e+00	0.00e+00
 6.63255e+15	6.63e-15	3.17e-10	2.02e-06	9.09e-04	3.51e-02	9.64e-01	0.00e+00	0.00e+00
 6.84607e+15	8.66e-15	3.98e-10	2.44e-06	1.03e-03	3.76e-02	9.61e-01	0.00e+00	0.00e+00
 7.07861e+15	1.15e-14	5.10e-10	2.99e-06	1.18e-03	4.05e-02	9.58e-01	0.00e+00	0.00e+00
 7.35427e+15	1.61e-14	6.78e-10	3.77e-06	1.38e-03	4.41e-02	9.54e-01	0.00e+00	0.00e+00
 7.62409e+15	2.19e-14	8.83e-10	4.69e-06	1.59e-03	4.78e-02	9.51e-01	0.00e+00	0.00e+00
 7.86851e+15	2.87e-14	1.11e-09	5.68e-06	1.81e-03	5.12e-02	9.47e-01	0.00e+00	0.00e+00
 8.14179e+15	3.86e-14	1.44e-09	6.99e-06	2.07e-03	5.52e-02	9.43e-01	0.00e+00	0.00e+00
 8.46219e+15	5.41e-14	1.92e-09	8.87e-06	2.43e-03	6.02e-02	9.37e-01	0.00e+00	0.00e+00
 8.77676e+15	7.41e-14	2.51e-09	1.11e-05	2.81e-03	6.52e-02	9.32e-01	0.00e+00	0.00e+00
 9.06997e+15	9.84e-14	3.21e-09	1.35e-05	3.21e-03	7.00e-02	9.27e-01	0.00e+00	0.00e+00
 9.39885e+15	1.35e-13	4.20e-09	1.68e-05	3.70e-03	7.56e-02	9.21e-01	0.00e+00	0.00e+00
 9.71457e+15	1.80e-13	5.38e-09	2.06e-05	4.23e-03	8.12e-02	9.15e-01	0.00e+00	0.00e+00
 9.94863e+15	2.23e-13	6.45e-09	2.39e-05	4.66e-03	8.56e-02	9.10e-01	0.00e+00	0.00e+00
 1.01847e+16	2.75e-13	7.71e-09	2.76e-05	5.12e-03	9.00e-02	9.05e-01	0.00e+00	0.00e+00
 1.04916e+16	3.60e-13	9.67e-09	3.31e-05	5.78e-03	9.59e-02	8.98e-01	0.00e+00	0.00e+00
 1.08238e+16	4.76e-13	1.23e-08	4.02e-05	6.56e-03	1.03e-01	8.91e-01	0.00e+00	0.00e+00
 1.11204e+16	6.05e-13	1.51e-08	4.75e-05	7.31e-03	1.09e-01	8.84e-01	0.00e+00	0.00e+00
 1.14375e+16	7.83e-13	1.87e-08	5.65e-05	8.20e-03	1.15e-01	8.77e-01	0.00e+00	0.00e+00
 1.18491e+16	1.09e-12	2.47e-08	7.06e-05	9.48e-03	1.24e-01	8.66e-01	0.00e+00	0.00e+00
 1.22651e+16	1.48e-12	3.21e-08	8.74e-05	1.09e-02	1.33e-01	8.56e-01	0.00e+00	0.00e+00
 1.26025e+16	1.88e-12	3.95e-08	1.03e-04	1.22e-02	1.41e-01	8.47e-01	0.00e+00	0.00e+00
 1.29560e+16	2.43e-12	4.91e-08	1.23e-04	1.36e-02	1.50e-01	8.37e-01	0.00e+00	0.00e+00
 1.34157e+16	3.36e-12	6.44e-08	1.53e-04	1.57e-02	1.61e-01	8.24e-01	0.00e+00	0.00e+00
 1.38940e+16	4.63e-12	8.45e-08	1.91e-04	1.81e-02	1.73e-01	8.09e-01	0.00e+00	0.00e+00
 1.42987e+16	6.00e-12	1.05e-07	2.27e-04	2.04e-02	1.83e-01	7.97e-01	0.00e+00	0.00e+00
 1.47268e+16	7.92e-12	1.33e-07	2.74e-04	2.30e-02	1.94e-01	7.83e-01	0.00e+00	0.00e+00
 1.52682e+16	1.11e-11	1.77e-07	3.46e-04	2.67e-02	2.08e-01	7.65e-01	0.00e+00	0.00e+00
 1.58060e+16	1.52e-11	2.31e-07	4.29e-04	3.07e-02	2.23e-01	7.46e-01	0.00e+00	0.00e+00
 1.62461e+16	1.96e-11	2.86e-07	5.12e-04	3.44e-02	2.35e-01	7.31e-01	0.00e+00	0.00e+00
 1.67099e+16	2.56e-11	3.60e-07	6.14e-04	3.87e-02	2.47e-01	7.13e-01	0.00e+00	0.00e+00
 1.72338e+16	3.41e-11	4.58e-07	7.48e-04	4.39e-02	2.62e-01	6.94e-01	0.00e+00	0.00e+00
 1.77363e+16	4.46e-11	5.76e-07	9.01e-04	4.94e-02	2.76e-01	6.74e-01	0.00e+00	0.00e+00
 1.81755e+16	5.59e-11	6.97e-07	1.05e-03	5.46e-02	2.88e-01	6.56e-01	0.00e+00	0.00e+00
 1.86318e+16	7.13e-11	8.55e-07	1.24e-03	6.06e-02	3.01e-01	6.38e-01	0.00e+00	0.00e+00
 1.91252e+16	9.09e-11	1.05e-06	1.47e-03	6.74e-02	3.14e-01	6.17e-01	0.00e+00	0.00e+00
 1.95798e+16	1.14e-10	1.27e-06	1.72e-03	7.44e-02	3.26e-01	5.98e-01	0.00e+00	0.00e+00
 2.00841e+16	1.47e-10	1.57e-06	2.05e-03	8.28e-02	3.40e-01	5.76e-01	0.00e+00	0.00e+00
 2.06213e+16	1.89e-10	1.95e-06	2.45e-03	9.24e-02	3.53e-01	5.52e-01	0.00e+00	0.00e+00
 2.11040e+16	2.36e-10	2.36e-06	2.86e-03	1.02e-01	3.65e-01	5.30e-01	0.00e+00	0.00e+00
 2.16341e+16	3.06e-10	2.94e-06	3.41e-03	1.13e-01	3.78e-01	5.05e-01	0.00e+00	0.00e+00
 2.22026e+16	3.95e-10	3.64e-06	4.09e-03	1.26e-01	3.91e-01	4.79e-01	0.00e+00	0.00e+00
 2.27234e+16	5.00e-10	4.45e-06	4.82e-03	1.39e-01	4.02e-01	4.55e-01	0.00e+00	0.00e+00
 2.32022e+16	6.21e-10	5.34e-06	5.60e-03	1.52e-01	4.11e-01	4.32e-01	0.00e+00	0.00e+00
 2.36531e+16	7.62e-10	6.35e-06	6.45e-03	1.65e-01	4.19e-01	4.10e-01	0.00e+00	0.00e+00
 2.41679e+16	9.69e-10	7.76e-06	7.60e-03	1.81e-01	4.27e-01	3.85e-01	0.00e+00	0.00e+00
 2.47166e+16	1.24e-09	9.57e-06	9.03e-03	1.99e-01	4.34e-01	3.58e-01	0.00e+00	0.00e+00
 2.51884e+16	1.53e-09	1.14e-05	1.04e-02	2.15e-01	4.38e-01	3.36e-01	0.00e+00	0.00e+00
 2.56124e+16	1.87e-09	1.34e-05	1.19e-02	2.31e-01	4.41e-01	3.15e-01	0.00e+00	0.00e+00
 2.60953e+16	2.35e-09	1.63e-05	1.39e-02	2.51e-01	4.43e-01	2.92e-01	0.00e+00	0.00e+00
 2.65878e+16	2.96e-09	1.97e-05	1.63e-02	2.72e-01	4.43e-01	2.69e-01	0.00e+00	0.00e+00
 2.69795e+16	3.56e-09	2.30e-05	1.84e-02	2.89e-01	4.42e-01	2.50e-01	0.00e+00	0.00e+00
 2.73220e+16	4.21e-09	2.64e-05	2.06e-02	3.05e-01	4.40e-01	2.34e-01	0.00e+00	0.00e+00
 2.77140e+16	5.13e-09	3.10e-05	2.35e-02	3.25e-01	4.36e-01	2.16e-01	0.00e+00	0.00e+00
 2.81349e+16	6.40e-09	3.71e-05	2.70e-02	3.47e-01	4.30e-01	1.96e-01	0.00e+00	0.00e+00
 2.84954e+16	7.70e-09	4.32e-05	3.05e-02	3.66e-01	4.23e-01	1.80e-01	0.00e+00	0.00e+00
 2.88077e+16	9.02e-09	4.91e-05	3.39e-02	3.84e-01	4.16e-01	1.66e-01	0.00e+00	0.00e+00
 2.91552e+16	1.07e-08	5.66e-05	3.83e-02	4.04e-01	4.07e-01	1.51e-01	0.00e+00	0.00e+00
 2.95264e+16	1.31e-08	6.67e-05	4.36e-02	4.26e-01	3.95e-01	1.35e-01	0.00e+00	0.00e+00
 2.98401e+16	1.65e-08	7.96e-05	4.91e-02	4.46e-01	3.83e-01	1.22e-01	0.00e+00	0.00e+00
 3.00967e+16	1.90e-08	8.93e-05	5.39e-02	4.63e-01	3.72e-01	1.11e-01	0.00e+00	0.00e+00
 3.03677e+16	2.19e-08	1.01e-04	5.96e-02	4.81e-01	3.59e-01	1.00e-01	0.00e+00	0.00e+00
 3.06662e+16	2.64e-08	1.17e-04	6.68e-02	5.01e-01	3.44e-01	8.88e-02	0.00e+00	0.00e+00
 3.09285e+16	3.32e-08	1.38e-04	7.44e-02	5.19e-01	3.28e-01	7.84e-02	0.00e+00	0.00e+00
 3.11395e+16	3.67e-08	1.51e-04	8.06e-02	5.33e-01	3.15e-01	7.10e-02	0.00e+00	0.00e+00
 3.13560e+16	4.30e-08	1.71e-04	8.81e-02	5.49e-01	3.00e-01	6.30e-02	0.00e+00	0.00e+00
 3.15903e+16	5.09e-08	1.95e-04	9.69e-02	5.65e-01	2.83e-01	5.49e-02	0.00e+00	0.00e+00
 3.17916e+16	5.97e-08	2.20e-04	1.06e-01	5.80e-01	2.67e-01	4.81e-02	0.00e+00	0.00e+00
 3.19583e+16	7.19e-08	2.51e-04	1.14e-01	5.92e-01	2.52e-01	4.23e-02	0.00e+00	0.00e+00
 3.21062e+16	7.80e-08	2.69e-04	1.21e-01	6.02e-01	2.39e-01	3.78e-02	0.00e+00	0.00e+00
 3.22686e+16	8.95e-08	2.99e-04	1.30e-01	6.14e-01	2.23e-01	3.28e-02	0.00e+00	0.00e+00
 3.24414e+16	1.04e-07	3.35e-04	1.40e-01	6.25e-01	2.06e-01	2.79e-02	0.00e+00	0.00e+00
 3.25855e+16	1.19e-07	3.71e-04	1.49e-01	6.35e-01	1.91e-01	2.39e-02	0.00e+00	0.00e+00
 3.27030e+16	1.39e-07	4.13e-04	1.58e-01	6.43e-01	1.78e-01	2.06e-02	0.00e+00	0.00e+00
 3.28085e+16	1.53e-07	4.45e-04	1.65e-01	6.50e-01	1.67e-01	1.80e-02	0.00e+00	0.00e+00
 3.29261e+16	1.73e-07	4.87e-04	1.74e-01	6.57e-01	1.53e-01	1.52e-02	0.00e+00	0.00e+00
 3.30512e+16	1.99e-07	5.37e-04	1.84e-01	6.64e-01	1.38e-01	1.25e-02	0.00e+00	0.00e+00
 3.31438e+16	2.12e-07	5.64e-04	1.92e-01	6.69e-01	1.28e-01	1.08e-02	0.00e+00	0.00e+00
 3.32116e+16	2.35e-07	6.07e-04	1.98e-01	6.73e-01	1.19e-01	9.41e-03	0.00e+00	0.00e+00
 3.32748e+16	2.50e-07	6.36e-04	2.03e-01	6.76e-01	1.12e-01	8.33e-03	0.00e+00	0.00e+00
 3.33426e+16	2.71e-07	6.73e-04	2.09e-01	6.79e-01	1.04e-01	7.18e-03	0.00e+00	0.00e+00
 3.34188e+16	2.96e-07	7.17e-04	2.16e-01	6.82e-01	9.47e-02	6.04e-03	0.00e+00	0.00e+00
 3.34894e+16	3.21e-07	7.60e-04	2.23e-01	6.85e-01	8.66e-02	5.09e-03	0.00e+00	0.00e+00
 3.35535e+16	3.39e-07	7.93e-04	2.28e-01	6.87e-01	7.94e-02	4.33e-03	0.00e+00	0.00e+00
 3.36254e+16	3.75e-07	8.51e-04	2.36e-01	6.89e-01	7.12e-02	3.52e-03	0.00e+00	0.00e+00
 3.36993e+16	4.08e-07	9.03e-04	2.42e-01	6.90e-01	6.36e-02	2.84e-03	0.00e+00	0.00e+00
 3.37635e+16	4.39e-07	9.52e-04	2.48e-01	6.91e-01	5.72e-02	2.33e-03	0.00e+00	0.00e+00
 3.38347e+16	4.78e-07	1.01e-03	2.55e-01	6.92e-01	5.04e-02	1.83e-03	0.00e+00	0.00e+00
 3.39148e+16	5.22e-07	1.08e-03	2.62e-01	6.92e-01	4.36e-02	1.39e-03	0.00e+00	0.00e+00
 3.39925e+16	5.69e-07	1.14e-03	2.69e-01	6.91e-01	3.75e-02	1.05e-03	0.00e+00	0.00e+00
 3.40794e+16	6.26e-07	1.22e-03	2.76e-01	6.90e-01	3.14e-02	7.52e-04	0.00e+00	0.00e+00
 3.41763e+16	6.93e-07	1.31e-03	2.84e-01	6.88e-01	2.58e-02	5.16e-04	0.00e+00	0.00e+00
 3.42712e+16	7.62e-07	1.40e-03	2.92e-01	6.85e-01	2.11e-02	3.53e-04	0.00e+00	0.00e+00
 3.43794e+16	8.48e-07	1.51e-03	3.00e-01	6.82e-01	1.67e-02	2.26e-04	0.00e+00	0.00e+00
 3.45201e+16	9.66e-07	1.65e-03	3.10e-01	6.76e-01	1.24e-02	1.27e-04	0.00e+00	0.00e+00
 3.47031e+16	1.13e-06	1.83e-03	3.21e-01	6.68e-01	8.46e-03	6.10e-05	0.00e+00	0.00e+00
 3.49064e+16	1.33e-06	2.04e-03	3.33e-01	6.59e-01	5.70e-03	2.82e-05	0.00e+00	0.00e+00
 3.51362e+16	1.58e-06	2.30e-03	3.46e-01	6.48e-01	3.73e-03	1.22e-05	0.00e+00	0.00e+00
 3.54350e+16	1.98e-06	2.66e-03	3.63e-01	6.32e-01	2.25e-03	4.44e-06	0.00e+00	0.00e+00
 3.58234e+16	2.64e-06	3.22e-03	3.86e-01	6.10e-01	1.24e-03	1.34e-06	0.00e+00	0.00e+00
 3.62200e+16	3.61e-06	3.97e-03	4.10e-01	5.85e-01	7.23e-04	4.51e-07	0.00e+00	0.00e+00
 3.65298e+16	4.70e-06	4.73e-03	4.31e-01	5.63e-01	4.89e-04	0.00e+00	0.00e+00	0.00e+00
 3.67852e+16	5.89e-06	5.51e-03	4.50e-01	5.44e-01	3.57e-04	0.00e+00	0.00e+00	0.00e+00
 3.70672e+16	7.63e-06	6.57e-03	4.73e-01	5.20e-01	2.52e-04	0.00e+00	0.00e+00	0.00e+00
 3.73167e+16	9.80e-06	7.78e-03	4.94e-01	4.98e-01	1.90e-04	0.00e+00	0.00e+00	0.00e+00
 3.74592e+16	1.14e-05	8.61e-03	5.07e-01	4.85e-01	1.61e-04	0.00e+00	0.00e+00	0.00e+00
 3.75802e+16	1.29e-05	9.40e-03	5.18e-01	4.72e-01	1.39e-04	0.00e+00	0.00e+00	0.00e+00
 3.77374e+16	1.53e-05	1.06e-02	5.33e-01	4.56e-01	1.15e-04	0.00e+00	0.00e+00	0.00e+00
 3.79093e+16	1.86e-05	1.21e-02	5.51e-01	4.37e-01	9.36e-05	0.00e+00	0.00e+00	0.00e+00
 3.80597e+16	2.22e-05	1.37e-02	5.66e-01	4.20e-01	7.81e-05	0.00e+00	0.00e+00	0.00e+00
 3.81863e+16	2.59e-05	1.52e-02	5.80e-01	4.05e-01	6.69e-05	0.00e+00	0.00e+00	0.00e+00
 3.83228e+16	3.08e-05	1.71e-02	5.95e-01	3.88e-01	5.61e-05	0.00e+00	0.00e+00	0.00e+00
 3.84729e+16	3.75e-05	1.96e-02	6.12e-01	3.68e-01	4.62e-05	0.00e+00	0.00e+00	0.00e+00
 3.85915e+16	4.42e-05	2.20e-02	6.26e-01	3.52e-01	3.97e-05	0.00e+00	0.00e+00	0.00e+00
 3.86721e+16	4.97e-05	2.39e-02	6.35e-01	3.41e-01	3.57e-05	0.00e+00	0.00e+00	0.00e+00
 3.87525e+16	5.57e-05	2.59e-02	6.45e-01	3.29e-01	3.18e-05	0.00e+00	0.00e+00	0.00e+00
 3.88572e+16	6.50e-05	2.88e-02	6.57e-01	3.14e-01	2.74e-05	0.00e+00	0.00e+00	0.00e+00
 3.89652e+16	7.68e-05	3.23e-02	6.69e-01	2.98e-01	2.35e-05	0.00e+00	0.00e+00	0.00e+00
 3.90514e+16	8.83e-05	3.56e-02	6.79e-01	2.85e-01	2.06e-05	0.00e+00	0.00e+00	0.00e+00
 3.91229e+16	9.92e-05	3.87e-02	6.87e-01	2.74e-01	1.85e-05	0.00e+00	0.00e+00	0.00e+00
 3.92019e+16	1.13e-04	4.24e-02	6.96e-01	2.61e-01	1.63e-05	0.00e+00	0.00e+00	0.00e+00
 3.92901e+16	1.32e-04	4.71e-02	7.05e-01	2.47e-01	1.41e-05	0.00e+00	0.00e+00	0.00e+00
 3.93701e+16	1.52e-04	5.21e-02	7.14e-01	2.34e-01	1.23e-05	0.00e+00	0.00e+00	0.00e+00
 3.94387e+16	1.73e-04	5.69e-02	7.20e-01	2.23e-01	1.09e-05	0.00e+00	0.00e+00	0.00e+00
 3.95125e+16	1.98e-04	6.27e-02	7.27e-01	2.10e-01	9.51e-06	0.00e+00	0.00e+00	0.00e+00
 3.95925e+16	2.32e-04	6.99e-02	7.33e-01	1.97e-01	8.18e-06	0.00e+00	0.00e+00	0.00e+00
 3.96615e+16	2.68e-04	7.70e-02	7.37e-01	1.85e-01	7.14e-06	0.00e+00	0.00e+00	0.00e+00
 3.97202e+16	3.02e-04	8.37e-02	7.41e-01	1.75e-01	6.33e-06	0.00e+00	0.00e+00	0.00e+00
 3.97846e+16	3.46e-04	9.20e-02	7.43e-01	1.64e-01	5.51e-06	0.00e+00	0.00e+00	0.00e+00
 3.98553e+16	4.04e-04	1.02e-01	7.45e-01	1.52e-01	4.70e-06	0.00e+00	0.00e+00	0.00e+00
 3.99172e+16	4.66e-04	1.13e-01	7.45e-01	1.42e-01	4.07e-06	0.00e+00	0.00e+00	0.00e+00
 3.99700e+16	5.28e-04	1.23e-01	7.44e-01	1.33e-01	3.57e-06	0.00e+00	0.00e+00	0.00e+00
 4.00275e+16	6.04e-04	1.35e-01	7.42e-01	1.23e-01	3.08e-06	0.00e+00	0.00e+00	0.00e+00
 4.00907e+16	7.08e-04	1.50e-01	7.37e-01	1.12e-01	2.59e-06	0.00e+00	0.00e+00	0.00e+00
 4.01467e+16	8.19e-04	1.65e-01	7.31e-01	1.03e-01	2.21e-06	0.00e+00	0.00e+00	0.00e+00
 4.01952e+16	9.29e-04	1.80e-01	7.25e-01	9.47e-02	1.91e-06	0.00e+00	0.00e+00	0.00e+00
 4.02486e+16	1.07e-03	1.98e-01	7.15e-01	8.60e-02	1.61e-06	0.00e+00	0.00e+00	0.00e+00
 4.03077e+16	1.27e-03	2.20e-01	7.02e-01	7.66e-02	1.32e-06	0.00e+00	0.00e+00	0.00e+00
 4.03604e+16	1.48e-03	2.43e-01	6.87e-01	6.83e-02	1.09e-06	0.00e+00	0.00e+00	0.00e+00
 4.04063e+16	1.68e-03	2.65e-01	6.72e-01	6.13e-02	9.10e-07	0.00e+00	0.00e+00	0.00e+00
 4.04567e+16	1.96e-03	2.92e-01	6.52e-01	5.39e-02	0.00e+00	0.00e+00	0.00e+00	0.00e+00
 4.05134e+16	2.34e-03	3.27e-01	6.25e-01	4.59e-02	0.00e+00	0.00e+00	0.00e+00	0.00e+00
 4.05662e+16	2.78e-03	3.63e-01	5.95e-01	3.89e-02	0.00e+00	0.00e+00	0.00e+00	0.00e+00
 4.06139e+16	3.24e-03	3.99e-01	5.65e-01	3.28e-02	0.00e+00	0.00e+00	0.00e+00	0.00e+00
 4.06674e+16	3.88e-03	4.43e-01	5.26e-01	2.66e-02	0.00e+00	0.00e+00	0.00e+00	0.00e+00
 4.07234e+16	4.71e-03	4.95e-01	4.80e-01	2.07e-02	0.00e+00	0.00e+00	0.00e+00	0.00e+00
 4.07682e+16	5.56e-03	5.41e-01	4.37e-01	1.64e-02	0.00e+00	0.00e+00	0.00e+00	0.00e+00
 4.08035e+16	6.29e-03	5.79e-01	4.02e-01	1.34e-02	0.00e+00	0.00e+00	0.00e+00	0.00e+00
 4.08412e+16	7.20e-03	6.20e-01	3.63e-01	1.05e-02	0.00e+00	0.00e+00	0.00e+00	0.00e+00
 4.08831e+16	8.41e-03	6.67e-01	3.17e-01	7.79e-03	0.00e+00	0.00e+00	0.00e+00	0.00e+00
 4.09200e+16	9.69e-03	7.09e-01	2.76e-01	5.79e-03	0.00e+00	0.00e+00	0.00e+00	0.00e+00
 4.09503e+16	1.09e-02	7.42e-01	2.42e-01	4.42e-03	0.00e+00	0.00e+00	0.00e+00	0.00e+00
 4.09776e+16	1.21e-02	7.72e-01	2.12e-01	3.37e-03	0.00e+00	0.00e+00	0.00e+00	0.00e+00
 4.10084e+16	1.36e-02	8.04e-01	1.80e-01	2.43e-03	0.00e+00	0.00e+00	0.00e+00	0.00e+00
 4.10415e+16	1.55e-02	8.35e-01	1.48e-01	1.65e-03	0.00e+00	0.00e+00	0.00e+00	0.00e+00
 4.10686e+16	1.73e-02	8.59e-01	1.23e-01	1.15e-03	0.00e+00	0.00e+00	0.00e+00	0.00e+00
 4.10903e+16	1.90e-02	8.76e-01	1.04e-01	8.45e-04	0.00e+00	0.00e+00	0.00e+00	0.00e+00
 4.11136e+16	2.09e-02	8.92e-01	8.65e-02	5.94e-04	0.00e+00	0.00e+00	0.00e+00	0.00e+00
 4.11398e+16	2.33e-02	9.08e-01	6.88e-02	3.87e-04	0.00e+00	0.00e+00	0.00e+00	0.00e+00
 4.11633e+16	2.59e-02	9.19e-01	5.47e-02	2.54e-04	0.00e+00	0.00e+00	0.00e+00	0.00e+00
 4.11825e+16	2.81e-02	9.27e-01	4.48e-02	1.75e-04	0.00e+00	0.00e+00	0.00e+00	0.00e+00
 4.11997e+16	3.04e-02	9.32e-01	3.70e-02	1.24e-04	0.00e+00	0.00e+00	0.00e+00	0.00e+00
 4.12190e+16	3.33e-02	9.37e-01	2.96e-02	8.18e-05	0.00e+00	0.00e+00	0.00e+00	0.00e+00
 4.12394e+16	3.66e-02	9.40e-01	2.30e-02	5.15e-05	0.00e+00	0.00e+00	0.00e+00	0.00e+00
 4.12562e+16	3.96e-02	9.42e-01	1.83e-02	3.42e-05	0.00e+00	0.00e+00	0.00e+00	0.00e+00
 4.12699e+16	4.24e-02	9.42e-01	1.51e-02	2.42e-05	0.00e+00	0.00e+00	0.00e+00	0.00e+00
 4.12834e+16	4.54e-02	9.42e-01	1.24e-02	1.69e-05	0.00e+00	0.00e+00	0.00e+00	0.00e+00
 4.12986e+16	4.90e-02	9.41e-01	9.90e-03	1.11e-05	0.00e+00	0.00e+00	0.00e+00	0.00e+00
 4.13136e+16	5.28e-02	9.39e-01	7.81e-03	7.24e-06	0.00e+00	0.00e+00	0.00e+00	0.00e+00
 4.13261e+16	5.63e-02	9.37e-01	6.34e-03	4.97e-06	0.00e+00	0.00e+00	0.00e+00	0.00e+00
 4.13367e+16	5.94e-02	9.35e-01	5.30e-03	3.58e-06	0.00e+00	0.00e+00	0.00e+00	0.00e+00
 4.13463e+16	6.27e-02	9.33e-01	4.49e-03	2.64e-06	0.00e+00	0.00e+00	0.00e+00	0.00e+00
 4.13553e+16	6.55e-02	9.31e-01	3.82e-03	1.97e-06	0.00e+00	0.00e+00	0.00e+00	0.00e+00
 4.13626e+16	6.81e-02	9.29e-01	3.35e-03	1.56e-06	0.00e+00	0.00e+00	0.00e+00	0.00e+00
 4.13674e+16	6.97e-02	9.27e-01	3.07e-03	1.33e-06	0.00e+00	0.00e+00	0.00e+00	0.00e+00
 4.13717e+16	7.15e-02	9.26e-01	2.83e-03	1.14e-06	0.00e+00	0.00e+00	0.00e+00	0.00e+00
 4.13767e+16	7.36e-02	9.24e-01	2.57e-03	9.57e-07	0.00e+00	0.00e+00	0.00e+00	0.00e+00
 4.13822e+16	7.60e-02	9.22e-01	2.31e-03	0.00e+00	0.00e+00	0.00e+00	0.00e+00	0.00e+00
 4.13876e+16	7.81e-02	9.20e-01	2.09e-03	0.00e+00	0.00e+00	0.00e+00	0.00e+00	0.00e+00
 4.13925e+16	8.03e-02	9.18e-01	1.89e-03	0.00e+00	0.00e+00	0.00e+00	0.00e+00	0.00e+00
 4.13973e+16	8.26e-02	9.16e-01	1.72e-03	0.00e+00	0.00e+00	0.00e+00	0.00e+00	0.00e+00
 4.14023e+16	8.49e-02	9.14e-01	1.55e-03	0.00e+00	0.00e+00	0.00e+00	0.00e+00	0.00e+00
 4.14071e+16	8.73e-02	9.11e-01	1.41e-03	0.00e+00	0.00e+00	0.00e+00	0.00e+00	0.00e+00
 4.14118e+16	8.97e-02	9.09e-01	1.28e-03	0.00e+00	0.00e+00	0.00e+00	0.00e+00	0.00e+00
 4.14165e+16	9.22e-02	9.07e-01	1.15e-03	0.00e+00	0.00e+00	0.00e+00	0.00e+00	0.00e+00
 4.14212e+16	9.49e-02	9.04e-01	1.05e-03	0.00e+00	0.00e+00	0.00e+00	0.00e+00	0.00e+00
 4.14258e+16	9.75e-02	9.02e-01	9.47e-04	0.00e+00	0.00e+00	0.00e+00	0.00e+00	0.00e+00
 4.14303e+16	1.00e-01	8.99e-01	8.58e-04	0.00e+00	0.00e+00	0.00e+00	0.00e+00	0.00e+00
 4.14348e+16	1.03e-01	8.96e-01	7.76e-04	0.00e+00	0.00e+00	0.00e+00	0.00e+00	0.00e+00
 4.14393e+16	1.06e-01	8.93e-01	7.01e-04	0.00e+00	0.00e+00	0.00e+00	0.00e+00	0.00e+00
 4.14437e+16	1.10e-01	8.90e-01	6.35e-04	0.00e+00	0.00e+00	0.00e+00	0.00e+00	0.00e+00
 4.14480e+16	1.13e-01	8.87e-01	5.76e-04	0.00e+00	0.00e+00	0.00e+00	0.00e+00	0.00e+00
 4.14523e+16	1.16e-01	8.83e-01	5.20e-04	0.00e+00	0.00e+00	0.00e+00	0.00e+00	0.00e+00
 4.14565e+16	1.20e-01	8.80e-01	4.71e-04	0.00e+00	0.00e+00	0.00e+00	0.00e+00	0.00e+00
 4.14607e+16	1.24e-01	8.76e-01	4.26e-04	0.00e+00	0.00e+00	0.00e+00	0.00e+00	0.00e+00
 4.14649e+16	1.28e-01	8.72e-01	3.85e-04	0.00e+00	0.00e+00	0.00e+00	0.00e+00	0.00e+00
 4.14690e+16	1.32e-01	8.68e-01	3.48e-04	0.00e+00	0.00e+00	0.00e+00	0.00e+00	0.00e+00
 4.14730e+16	1.36e-01	8.63e-01	3.15e-04	0.00e+00	0.00e+00	0.00e+00	0.00e+00	0.00e+00
 4.14770e+16	1.41e-01	8.59e-01	2.84e-04	0.00e+00	0.00e+00	0.00e+00	0.00e+00	0.00e+00
 4.14810e+16	1.46e-01	8.54e-01	2.57e-04	0.00e+00	0.00e+00	0.00e+00	0.00e+00	0.00e+00
 4.14849e+16	1.51e-01	8.49e-01	2.32e-04	0.00e+00	0.00e+00	0.00e+00	0.00e+00	0.00e+00
 4.14887e+16	1.57e-01	8.43e-01	2.09e-04	0.00e+00	0.00e+00	0.00e+00	0.00e+00	0.00e+00
 4.14925e+16	1.63e-01	8.37e-01	1.89e-04	0.00e+00	0.00e+00	0.00e+00	0.00e+00	0.00e+00
 4.14962e+16	1.69e-01	8.31e-01	1.71e-04	0.00e+00	0.00e+00	0.00e+00	0.00e+00	0.00e+00
 4.14999e+16	1.76e-01	8.24e-01	1.54e-04	0.00e+00	0.00e+00	0.00e+00	0.00e+00	0.00e+00
 4.15035e+16	1.83e-01	8.17e-01	1.39e-04	0.00e+00	0.00e+00	0.00e+00	0.00e+00	0.00e+00
 4.15070e+16	1.91e-01	8.09e-01	1.26e-04	0.00e+00	0.00e+00	0.00e+00	0.00e+00	0.00e+00
 4.15104e+16	1.99e-01	8.01e-01	1.14e-04	0.00e+00	0.00e+00	0.00e+00	0.00e+00	0.00e+00
 4.15137e+16	2.08e-01	7.92e-01	1.03e-04	0.00e+00	0.00e+00	0.00e+00	0.00e+00	0.00e+00
 4.15170e+16	2.17e-01	7.82e-01	9.34e-05	0.00e+00	0.00e+00	0.00e+00	0.00e+00	0.00e+00
 4.15203e+16	2.27e-01	7.72e-01	8.44e-05	0.00e+00	0.00e+00	0.00e+00	0.00e+00	0.00e+00
 4.15235e+16	2.37e-01	7.63e-01	7.64e-05	0.00e+00	0.00e+00	0.00e+00	0.00e+00	0.00e+00
 4.15266e+16	2.49e-01	7.51e-01	6.90e-05	0.00e+00	0.00e+00	0.00e+00	0.00e+00	0.00e+00
