#depth	He	He+	He+2
 1.49634e+10	2.40e-24	4.09e-13	1.00e+00
 4.54887e+10	2.71e-24	4.41e-13	1.00e+00
 7.72350e+10	3.01e-24	4.77e-13	1.00e+00
 1.10251e+11	3.35e-24	5.15e-13	1.00e+00
 1.44588e+11	3.72e-24	5.57e-13	1.00e+00
 1.80298e+11	4.12e-24	6.02e-13	1.00e+00
 2.17437e+11	4.57e-24	6.51e-13	1.00e+00
 2.56061e+11	5.07e-24	7.04e-13	1.00e+00
 2.96231e+11	5.61e-24	7.61e-13	1.00e+00
 3.38007e+11	6.21e-24	8.23e-13	1.00e+00
 3.81454e+11	6.87e-24	8.90e-13	1.00e+00
 4.26639e+11	7.60e-24	9.62e-13	1.00e+00
 4.73631e+11	8.40e-24	1.04e-12	1.00e+00
 5.17467e+11	9.20e-24	1.12e-12	1.00e+00
 5.56069e+11	9.93e-24	1.19e-12	1.00e+00
 5.99129e+11	1.08e-23	1.27e-12	1.00e+00
 6.50900e+11	1.19e-23	1.37e-12	1.00e+00
 7.02867e+11	1.30e-23	1.47e-12	1.00e+00
 7.50462e+11	1.41e-23	1.57e-12	1.00e+00
 8.03500e+11	1.54e-23	1.68e-12	1.00e+00
 8.65111e+11	1.71e-23	1.82e-12	1.00e+00
 9.25388e+11	1.88e-23	1.96e-12	1.00e+00
 9.82236e+11	2.04e-23	2.09e-12	1.00e+00
 1.04561e+12	2.24e-23	2.25e-12	1.00e+00
 1.11736e+12	2.48e-23	2.43e-12	1.00e+00
 1.18909e+12	2.74e-23	2.63e-12	1.00e+00
 1.26368e+12	3.03e-23	2.83e-12	1.00e+00
 1.34415e+12	3.36e-23	3.07e-12	1.00e+00
 1.42784e+12	3.73e-23	3.32e-12	1.00e+00
 1.51489e+12	4.14e-23	3.60e-12	1.00e+00
 1.60541e+12	4.61e-23	3.89e-12	1.00e+00
 1.69955e+12	5.14e-23	4.22e-12	1.00e+00
 1.79746e+12	5.73e-23	4.57e-12	1.00e+00
 1.89928e+12	6.39e-23	4.94e-12	1.00e+00
 2.00518e+12	7.15e-23	5.36e-12	1.00e+00
 2.11532e+12	8.00e-23	5.80e-12	1.00e+00
 2.22986e+12	8.96e-23	6.29e-12	1.00e+00
 2.34898e+12	1.01e-22	6.81e-12	1.00e+00
 2.46439e+12	1.12e-22	7.34e-12	1.00e+00
 2.57016e+12	1.24e-22	7.85e-12	1.00e+00
 2.68768e+12	1.37e-22	8.44e-12	1.00e+00
 2.82415e+12	1.55e-22	9.14e-12	1.00e+00
 2.95917e+12	1.74e-22	9.87e-12	1.00e+00
 3.09958e+12	1.95e-22	1.07e-11	1.00e+00
 3.25349e+12	2.21e-22	1.16e-11	1.00e+00
 3.40908e+12	2.50e-22	1.25e-11	1.00e+00
 3.57090e+12	2.83e-22	1.36e-11	1.00e+00
 3.74366e+12	3.22e-22	1.47e-11	1.00e+00
 3.92333e+12	3.67e-22	1.60e-11	1.00e+00
 4.11019e+12	4.19e-22	1.74e-11	1.00e+00
 4.30453e+12	4.79e-22	1.89e-11	1.00e+00
 4.50663e+12	5.48e-22	2.05e-11	1.00e+00
 4.71683e+12	6.28e-22	2.23e-11	1.00e+00
 4.93543e+12	7.20e-22	2.43e-11	1.00e+00
 5.14085e+12	8.18e-22	2.62e-11	1.00e+00
 5.32438e+12	9.12e-22	2.80e-11	1.00e+00
 5.53032e+12	1.03e-21	3.01e-11	1.00e+00
 5.77463e+12	1.18e-21	3.27e-11	1.00e+00
 6.02027e+12	1.35e-21	3.55e-11	1.00e+00
 6.25055e+12	1.53e-21	3.81e-11	1.00e+00
 6.50530e+12	1.74e-21	4.13e-11	1.00e+00
 6.79544e+12	2.01e-21	4.50e-11	1.00e+00
 7.08464e+12	2.32e-21	4.90e-11	1.00e+00
 7.38541e+12	2.67e-21	5.33e-11	1.00e+00
 7.71075e+12	3.09e-21	5.82e-11	1.00e+00
 8.04911e+12	3.59e-21	6.36e-11	1.00e+00
 8.36803e+12	4.11e-21	6.90e-11	1.00e+00
 8.65487e+12	4.62e-21	7.41e-11	1.00e+00
 8.97782e+12	5.25e-21	8.01e-11	1.00e+00
 9.35853e+12	6.09e-21	8.76e-11	1.00e+00
 9.73924e+12	7.02e-21	9.55e-11	1.00e+00
 1.00976e+13	7.98e-21	1.03e-10	1.00e+00
 1.04938e+13	9.14e-21	1.12e-10	1.00e+00
 1.09434e+13	1.06e-20	1.23e-10	1.00e+00
 1.13878e+13	1.23e-20	1.35e-10	1.00e+00
 1.18500e+13	1.41e-20	1.48e-10	1.00e+00
 1.23539e+13	1.64e-20	1.62e-10	1.00e+00
 1.28623e+13	1.89e-20	1.78e-10	1.00e+00
 1.33910e+13	2.18e-20	1.96e-10	1.00e+00
 1.39362e+13	2.52e-20	2.15e-10	1.00e+00
 1.44709e+13	2.87e-20	2.35e-10	1.00e+00
 1.50472e+13	3.29e-20	2.58e-10	1.00e+00
 1.56791e+13	3.80e-20	2.85e-10	1.00e+00
 1.63361e+13	4.38e-20	3.15e-10	1.00e+00
 1.70195e+13	5.04e-20	3.48e-10	1.00e+00
 1.77302e+13	5.79e-20	3.85e-10	1.00e+00
 1.83727e+13	6.53e-20	4.21e-10	1.00e+00
 1.89073e+13	7.18e-20	4.52e-10	1.00e+00
 1.94926e+13	7.92e-20	4.88e-10	1.00e+00
 2.02349e+13	8.95e-20	5.37e-10	1.00e+00
 2.10098e+13	1.01e-19	5.90e-10	1.00e+00
 2.16668e+13	1.12e-19	6.38e-10	1.00e+00
 2.23421e+13	1.23e-19	6.90e-10	1.00e+00
 2.31932e+13	1.38e-19	7.60e-10	1.00e+00
 2.40583e+13	1.55e-19	8.35e-10	1.00e+00
 2.47994e+13	1.71e-19	9.02e-10	1.00e+00
 2.55939e+13	1.88e-19	9.78e-10	1.00e+00
 2.65788e+13	2.11e-19	1.08e-09	1.00e+00
 2.75892e+13	2.36e-19	1.19e-09	1.00e+00
 2.84972e+13	2.61e-19	1.29e-09	1.00e+00
 2.94941e+13	2.90e-19	1.41e-09	1.00e+00
 3.06737e+13	3.28e-19	1.55e-09	1.00e+00
 3.18558e+13	3.70e-19	1.71e-09	1.00e+00
 3.29747e+13	4.13e-19	1.87e-09	1.00e+00
 3.42133e+13	4.66e-19	2.05e-09	1.00e+00
 3.56117e+13	5.33e-19	2.27e-09	1.00e+00
 3.70058e+13	6.07e-19	2.49e-09	1.00e+00
 3.82359e+13	6.81e-19	2.71e-09	1.00e+00
 3.93181e+13	7.52e-19	2.90e-09	1.00e+00
 4.05443e+13	8.40e-19	3.13e-09	1.00e+00
 4.19113e+13	9.49e-19	3.40e-09	1.00e+00
 4.31956e+13	1.06e-18	3.66e-09	1.00e+00
 4.45991e+13	1.20e-18	3.96e-09	1.00e+00
 4.61676e+13	1.37e-18	4.31e-09	1.00e+00
 4.76476e+13	1.56e-18	4.65e-09	1.00e+00
 4.92687e+13	1.78e-18	5.04e-09	1.00e+00
 5.10832e+13	2.06e-18	5.50e-09	1.00e+00
 5.28016e+13	2.36e-18	5.96e-09	1.00e+00
 5.43915e+13	2.68e-18	6.40e-09	1.00e+00
 5.61621e+13	3.06e-18	6.91e-09	1.00e+00
 5.81476e+13	3.55e-18	7.51e-09	1.00e+00
 6.00215e+13	4.07e-18	8.10e-09	1.00e+00
 6.20663e+13	4.70e-18	8.76e-09	1.00e+00
 6.43288e+13	5.49e-18	9.54e-09	1.00e+00
 6.64253e+13	6.32e-18	1.03e-08	1.00e+00
 6.87017e+13	7.32e-18	1.11e-08	1.00e+00
 7.12479e+13	8.59e-18	1.21e-08	1.00e+00
 7.36495e+13	9.95e-18	1.31e-08	1.00e+00
 7.62763e+13	1.16e-17	1.42e-08	1.00e+00
 7.92092e+13	1.37e-17	1.55e-08	1.00e+00
 8.19728e+13	1.60e-17	1.68e-08	1.00e+00
 8.49691e+13	1.87e-17	1.82e-08	1.00e+00
 8.83296e+13	2.22e-17	1.99e-08	1.00e+00
 9.15733e+13	2.60e-17	2.16e-08	1.00e+00
 9.50150e+13	3.06e-17	2.34e-08	1.00e+00
 9.88455e+13	3.64e-17	2.56e-08	1.00e+00
 1.02708e+14	4.31e-17	2.79e-08	1.00e+00
 1.06725e+14	5.09e-17	3.03e-08	1.00e+00
 1.11024e+14	6.07e-17	3.32e-08	1.00e+00
 1.15081e+14	7.08e-17	3.59e-08	1.00e+00
 1.18752e+14	8.11e-17	3.84e-08	1.00e+00
 1.22239e+14	9.19e-17	4.09e-08	1.00e+00
 1.26106e+14	1.05e-16	4.37e-08	1.00e+00
 1.30432e+14	1.21e-16	4.71e-08	1.00e+00
 1.34521e+14	1.38e-16	5.03e-08	1.00e+00
 1.39006e+14	1.59e-16	5.39e-08	1.00e+00
 1.43935e+14	1.84e-16	5.81e-08	1.00e+00
 1.48457e+14	2.10e-16	6.21e-08	1.00e+00
 1.53349e+14	2.41e-16	6.65e-08	1.00e+00
 1.58819e+14	2.79e-16	7.16e-08	1.00e+00
 1.63985e+14	3.18e-16	7.65e-08	1.00e+00
 1.69645e+14	3.66e-16	8.21e-08	1.00e+00
 1.75932e+14	4.25e-16	8.85e-08	1.00e+00
 1.81811e+14	4.87e-16	9.48e-08	1.00e+00
 1.88234e+14	5.60e-16	1.02e-07	1.00e+00
 1.95411e+14	6.52e-16	1.10e-07	1.00e+00
 2.02202e+14	7.48e-16	1.18e-07	1.00e+00
 2.09571e+14	8.64e-16	1.27e-07	1.00e+00
 2.17784e+14	1.01e-15	1.37e-07	1.00e+00
 2.25695e+14	1.16e-15	1.47e-07	1.00e+00
 2.34121e+14	1.34e-15	1.58e-07	1.00e+00
 2.43516e+14	1.57e-15	1.71e-07	1.00e+00
 2.52940e+14	1.82e-15	1.84e-07	1.00e+00
 2.62742e+14	2.11e-15	1.99e-07	1.00e+00
 2.73281e+14	2.46e-15	2.15e-07	1.00e+00
 2.84242e+14	2.87e-15	2.32e-07	1.00e+00
 2.95642e+14	3.35e-15	2.51e-07	1.00e+00
 3.06713e+14	3.87e-15	2.70e-07	1.00e+00
 3.17177e+14	4.40e-15	2.88e-07	1.00e+00
 3.27057e+14	4.96e-15	3.06e-07	1.00e+00
 3.37809e+14	5.63e-15	3.26e-07	1.00e+00
 3.49791e+14	6.45e-15	3.50e-07	1.00e+00
 3.61071e+14	7.29e-15	3.72e-07	1.00e+00
 3.73433e+14	8.31e-15	3.98e-07	1.00e+00
 3.87318e+14	9.58e-15	4.28e-07	1.00e+00
 4.00611e+14	1.09e-14	4.58e-07	1.00e+00
 4.15161e+14	1.25e-14	4.91e-07	1.00e+00
 4.31798e+14	1.46e-14	5.31e-07	1.00e+00
 4.48004e+14	1.69e-14	5.71e-07	1.00e+00
 4.64858e+14	1.95e-14	6.15e-07	1.00e+00
 4.81922e+14	2.24e-14	6.62e-07	1.00e+00
 4.96988e+14	2.52e-14	7.03e-07	1.00e+00
 5.13393e+14	2.87e-14	7.52e-07	1.00e+00
 5.33134e+14	3.31e-14	8.10e-07	1.00e+00
 5.52717e+14	3.82e-14	8.73e-07	1.00e+00
 5.70221e+14	4.31e-14	9.30e-07	1.00e+00
 5.89515e+14	4.91e-14	9.96e-07	1.00e+00
 6.12443e+14	5.68e-14	1.07e-06	1.00e+00
 6.35153e+14	6.55e-14	1.16e-06	1.00e+00
 6.55843e+14	7.42e-14	1.24e-06	1.00e+00
 6.78850e+14	8.47e-14	1.33e-06	1.00e+00
 7.05706e+14	9.83e-14	1.44e-06	1.00e+00
 7.32167e+14	1.13e-13	1.55e-06	1.00e+00
 7.57158e+14	1.29e-13	1.66e-06	1.00e+00
 7.84947e+14	1.47e-13	1.78e-06	1.00e+00
 8.16375e+14	1.71e-13	1.93e-06	1.00e+00
 8.47702e+14	1.97e-13	2.09e-06	1.00e+00
 8.77037e+14	2.25e-13	2.24e-06	1.00e+00
 9.08903e+14	2.56e-13	2.40e-06	1.00e+00
 9.45289e+14	2.98e-13	2.61e-06	1.00e+00
 9.79454e+14	3.39e-13	2.80e-06	1.00e+00
 1.01005e+15	3.80e-13	2.98e-06	1.00e+00
 1.03915e+15	4.22e-13	3.16e-06	1.00e+00
 1.07162e+15	4.72e-13	3.37e-06	1.00e+00
 1.10766e+15	5.33e-13	3.60e-06	1.00e+00
 1.14155e+15	5.95e-13	3.83e-06	1.00e+00
 1.17879e+15	6.69e-13	4.09e-06	1.00e+00
 1.22045e+15	7.59e-13	4.38e-06	1.00e+00
 1.25998e+15	8.51e-13	4.68e-06	1.00e+00
 1.30348e+15	9.59e-13	5.01e-06	1.00e+00
 1.35133e+15	1.09e-12	5.39e-06	1.00e+00
 1.39543e+15	1.22e-12	5.76e-06	1.00e+00
 1.44336e+15	1.38e-12	6.17e-06	1.00e+00
 1.49693e+15	1.57e-12	6.65e-06	1.00e+00
 1.54708e+15	1.76e-12	7.11e-06	1.00e+00
 1.60152e+15	1.99e-12	7.63e-06	1.00e+00
 1.66228e+15	2.26e-12	8.24e-06	1.00e+00
 1.71914e+15	2.54e-12	8.82e-06	1.00e+00
 1.78095e+15	2.88e-12	9.50e-06	1.00e+00
 1.84993e+15	3.28e-12	1.03e-05	1.00e+00
 1.91522e+15	3.71e-12	1.10e-05	1.00e+00
 1.98541e+15	4.20e-12	1.19e-05	1.00e+00
 2.06486e+15	4.82e-12	1.29e-05	1.00e+00
 2.14265e+15	5.47e-12	1.40e-05	1.00e+00
 2.22356e+15	6.23e-12	1.51e-05	1.00e+00
 2.31254e+15	7.15e-12	1.64e-05	1.00e+00
 2.40024e+15	8.16e-12	1.78e-05	1.00e+00
 2.47233e+15	9.06e-12	1.89e-05	1.00e+00
 2.52970e+15	9.82e-12	1.99e-05	1.00e+00
 2.59325e+15	1.07e-11	2.10e-05	1.00e+00
 2.67586e+15	1.20e-11	2.25e-05	1.00e+00
 2.76457e+15	1.35e-11	2.41e-05	1.00e+00
 2.84351e+15	1.49e-11	2.56e-05	1.00e+00
 2.92844e+15	1.66e-11	2.74e-05	1.00e+00
 3.03599e+15	1.90e-11	2.97e-05	1.00e+00
 3.14512e+15	2.16e-11	3.21e-05	1.00e+00
 3.23775e+15	2.40e-11	3.42e-05	1.00e+00
 3.33676e+15	2.67e-11	3.66e-05	1.00e+00
 3.46060e+15	3.07e-11	3.97e-05	1.00e+00
 3.58754e+15	3.52e-11	4.31e-05	1.00e+00
 3.69889e+15	3.94e-11	4.62e-05	1.00e+00
 3.81913e+15	4.42e-11	4.96e-05	1.00e+00
 3.96485e+15	5.13e-11	5.40e-05	1.00e+00
 4.10964e+15	5.88e-11	5.86e-05	1.00e+00
 4.23795e+15	6.59e-11	6.28e-05	1.00e+00
 4.37888e+15	7.50e-11	6.78e-05	1.00e+00
 4.54772e+15	8.66e-11	7.39e-05	1.00e+00
 4.71601e+15	9.95e-11	8.02e-05	1.00e+00
 4.86965e+15	1.12e-10	8.62e-05	1.00e+00
 5.04111e+15	1.29e-10	9.34e-05	1.00e+00
 5.24079e+15	1.50e-10	1.02e-04	1.00e+00
 5.43714e+15	1.73e-10	1.11e-04	1.00e+00
 5.62306e+15	1.95e-10	1.20e-04	1.00e+00
 5.78595e+15	2.21e-10	1.28e-04	1.00e+00
 5.92128e+15	2.42e-10	1.35e-04	1.00e+00
 6.07030e+15	2.66e-10	1.43e-04	1.00e+00
 6.26402e+15	3.02e-10	1.53e-04	1.00e+00
 6.46696e+15	3.39e-10	1.65e-04	1.00e+00
 6.64122e+15	3.80e-10	1.75e-04	1.00e+00
 6.82707e+15	4.24e-10	1.86e-04	1.00e+00
 7.06868e+15	4.88e-10	2.02e-04	1.00e+00
 7.31718e+15	5.62e-10	2.18e-04	1.00e+00
 7.52396e+15	6.27e-10	2.32e-04	1.00e+00
 7.74209e+15	7.01e-10	2.48e-04	1.00e+00
 8.02270e+15	8.10e-10	2.69e-04	1.00e+00
 8.31804e+15	9.41e-10	2.92e-04	1.00e+00
 8.57868e+15	1.06e-09	3.13e-04	1.00e+00
 8.86069e+15	1.21e-09	3.37e-04	1.00e+00
 9.20050e+15	1.42e-09	3.67e-04	1.00e+00
 9.53818e+15	1.63e-09	3.98e-04	1.00e+00
 9.84085e+15	1.84e-09	4.27e-04	1.00e+00
 1.01753e+16	2.11e-09	4.60e-04	1.00e+00
 1.05716e+16	2.51e-09	5.03e-04	9.99e-01
 1.09632e+16	2.91e-09	5.46e-04	9.99e-01
 1.13240e+16	3.33e-09	5.87e-04	9.99e-01
 1.17303e+16	3.84e-09	6.36e-04	9.99e-01
 1.21991e+16	4.56e-09	6.96e-04	9.99e-01
 1.26552e+16	5.31e-09	7.56e-04	9.99e-01
 1.30203e+16	5.97e-09	8.06e-04	9.99e-01
 1.33057e+16	6.54e-09	8.47e-04	9.99e-01
 1.36207e+16	7.21e-09	8.93e-04	9.99e-01
 1.40303e+16	8.06e-09	9.55e-04	9.99e-01
 1.44724e+16	9.34e-09	1.03e-03	9.99e-01
 1.48649e+16	1.04e-08	1.09e-03	9.99e-01
 1.52835e+16	1.17e-08	1.16e-03	9.99e-01
 1.58276e+16	1.37e-08	1.26e-03	9.99e-01
 1.63793e+16	1.55e-08	1.37e-03	9.99e-01
 1.68289e+16	1.75e-08	1.46e-03	9.99e-01
 1.73013e+16	2.00e-08	1.56e-03	9.98e-01
 1.79154e+16	2.34e-08	1.69e-03	9.98e-01
 1.85435e+16	2.69e-08	1.84e-03	9.98e-01
 1.90709e+16	3.02e-08	1.97e-03	9.98e-01
 1.96377e+16	3.43e-08	2.11e-03	9.98e-01
 2.02750e+16	4.03e-08	2.29e-03	9.98e-01
 2.08742e+16	4.58e-08	2.46e-03	9.98e-01
 2.14372e+16	5.18e-08	2.64e-03	9.97e-01
 2.20833e+16	5.91e-08	2.85e-03	9.97e-01
 2.27974e+16	6.90e-08	3.10e-03	9.97e-01
 2.34356e+16	7.79e-08	3.34e-03	9.97e-01
 2.40090e+16	8.67e-08	3.57e-03	9.96e-01
 2.46626e+16	9.87e-08	3.86e-03	9.96e-01
 2.53873e+16	1.16e-07	4.21e-03	9.96e-01
 2.60485e+16	1.32e-07	4.54e-03	9.95e-01
 2.66131e+16	1.48e-07	4.85e-03	9.95e-01
 2.72081e+16	1.67e-07	5.22e-03	9.95e-01
 2.78507e+16	1.88e-07	5.63e-03	9.94e-01
 2.84411e+16	2.10e-07	6.05e-03	9.94e-01
 2.90945e+16	2.46e-07	6.60e-03	9.93e-01
 2.97490e+16	2.78e-07	7.16e-03	9.93e-01
 3.02829e+16	3.09e-07	7.68e-03	9.92e-01
 3.08545e+16	3.50e-07	8.33e-03	9.92e-01
 3.14766e+16	4.12e-07	9.11e-03	9.91e-01
 3.20243e+16	4.65e-07	9.88e-03	9.90e-01
 3.25147e+16	5.24e-07	1.07e-02	9.89e-01
 3.30707e+16	6.01e-07	1.17e-02	9.88e-01
 3.36691e+16	6.92e-07	1.29e-02	9.87e-01
 3.41673e+16	8.12e-07	1.42e-02	9.86e-01
 3.45649e+16	9.03e-07	1.53e-02	9.85e-01
 3.49870e+16	1.03e-06	1.67e-02	9.83e-01
 3.54519e+16	1.20e-06	1.85e-02	9.82e-01
 3.58671e+16	1.36e-06	2.03e-02	9.80e-01
 3.62315e+16	1.57e-06	2.22e-02	9.78e-01
 3.65759e+16	1.79e-06	2.43e-02	9.76e-01
 3.69132e+16	2.03e-06	2.68e-02	9.73e-01
 3.72486e+16	2.35e-06	2.96e-02	9.70e-01
 3.75710e+16	2.73e-06	3.29e-02	9.67e-01
 3.78684e+16	3.24e-06	3.65e-02	9.63e-01
 3.81358e+16	3.65e-06	4.04e-02	9.60e-01
 3.84243e+16	4.29e-06	4.55e-02	9.55e-01
 3.87249e+16	5.15e-06	5.19e-02	9.48e-01
 3.89673e+16	6.09e-06	5.84e-02	9.42e-01
 3.91637e+16	7.19e-06	6.49e-02	9.35e-01
 3.93434e+16	8.20e-06	7.18e-02	9.28e-01
 3.95458e+16	9.55e-06	8.12e-02	9.19e-01
 3.97617e+16	1.15e-05	9.35e-02	9.06e-01
 3.99399e+16	1.37e-05	1.06e-01	8.94e-01
 4.00810e+16	1.62e-05	1.19e-01	8.81e-01
 4.02069e+16	1.86e-05	1.32e-01	8.68e-01
 4.03485e+16	2.19e-05	1.49e-01	8.51e-01
 4.04987e+16	2.63e-05	1.71e-01	8.29e-01
 4.06228e+16	3.06e-05	1.94e-01	8.06e-01
 4.07253e+16	3.57e-05	2.16e-01	7.84e-01
 4.08210e+16	4.06e-05	2.40e-01	7.60e-01
 4.09293e+16	4.83e-05	2.71e-01	7.29e-01
 4.10403e+16	5.70e-05	3.08e-01	6.92e-01
 4.11201e+16	6.41e-05	3.39e-01	6.61e-01
 4.11800e+16	7.09e-05	3.64e-01	6.36e-01
 4.12378e+16	7.76e-05	3.89e-01	6.10e-01
 4.13018e+16	8.62e-05	4.21e-01	5.79e-01
 4.13737e+16	9.65e-05	4.57e-01	5.43e-01
 4.14417e+16	1.07e-04	4.93e-01	5.07e-01
 4.15058e+16	1.18e-04	5.29e-01	4.71e-01
 4.15787e+16	1.31e-04	5.70e-01	4.29e-01
 4.16592e+16	1.46e-04	6.16e-01	3.84e-01
 4.17345e+16	1.61e-04	6.58e-01	3.42e-01
 4.18174e+16	1.78e-04	7.02e-01	2.97e-01
 4.19253e+16	1.99e-04	7.55e-01	2.45e-01
 4.20387e+16	2.20e-04	8.02e-01	1.98e-01
 4.21426e+16	2.38e-04	8.39e-01	1.61e-01
 4.22606e+16	2.56e-04	8.73e-01	1.27e-01
 4.24140e+16	2.77e-04	9.07e-01	9.29e-02
 4.26134e+16	2.99e-04	9.37e-01	6.28e-02
 4.28727e+16	3.22e-04	9.61e-01	3.90e-02
 4.32098e+16	3.45e-04	9.77e-01	2.23e-02
 4.36479e+16	3.71e-04	9.88e-01	1.18e-02
 4.41248e+16	3.98e-04	9.93e-01	6.54e-03
 4.45584e+16	4.25e-04	9.95e-01	4.11e-03
 4.49648e+16	4.53e-04	9.97e-01	2.77e-03
 4.54293e+16	4.90e-04	9.98e-01	1.82e-03
 4.59103e+16	5.33e-04	9.98e-01	1.24e-03
 4.62890e+16	5.76e-04	9.98e-01	9.46e-04
 4.65875e+16	6.15e-04	9.99e-01	7.69e-04
 4.69051e+16	6.62e-04	9.99e-01	6.16e-04
 4.71840e+16	7.11e-04	9.99e-01	5.19e-04
 4.73411e+16	7.42e-04	9.99e-01	4.74e-04
 4.74739e+16	7.70e-04	9.99e-01	4.35e-04
 4.76466e+16	8.11e-04	9.99e-01	3.89e-04
 4.78344e+16	8.60e-04	9.99e-01	3.48e-04
 4.79980e+16	9.06e-04	9.99e-01	3.17e-04
 4.81360e+16	9.51e-04	9.99e-01	2.92e-04
 4.82849e+16	1.00e-03	9.99e-01	2.67e-04
 4.84475e+16	1.07e-03	9.99e-01	2.44e-04
 4.85763e+16	1.12e-03	9.99e-01	2.28e-04
 4.86651e+16	1.17e-03	9.99e-01	2.17e-04
 4.87536e+16	1.21e-03	9.99e-01	2.07e-04
 4.88688e+16	1.28e-03	9.99e-01	1.93e-04
 4.89865e+16	1.35e-03	9.98e-01	1.82e-04
 4.90783e+16	1.41e-03	9.98e-01	1.73e-04
 4.91547e+16	1.46e-03	9.98e-01	1.67e-04
 4.92406e+16	1.53e-03	9.98e-01	1.59e-04
 4.93359e+16	1.62e-03	9.98e-01	1.51e-04
 4.94216e+16	1.70e-03	9.98e-01	1.44e-04
 4.94954e+16	1.77e-03	9.98e-01	1.39e-04
 4.95753e+16	1.86e-03	9.98e-01	1.33e-04
 4.96613e+16	1.97e-03	9.98e-01	1.27e-04
 4.97354e+16	2.07e-03	9.98e-01	1.23e-04
 4.97987e+16	2.16e-03	9.98e-01	1.19e-04
 4.98681e+16	2.27e-03	9.98e-01	1.15e-04
 4.99436e+16	2.41e-03	9.97e-01	1.10e-04
 5.00096e+16	2.54e-03	9.97e-01	1.07e-04
 5.00662e+16	2.66e-03	9.97e-01	1.04e-04
 5.01284e+16	2.81e-03	9.97e-01	1.01e-04
 5.01962e+16	2.99e-03	9.97e-01	9.71e-05
 5.02559e+16	3.16e-03	9.97e-01	9.44e-05
 5.03077e+16	3.33e-03	9.97e-01	9.19e-05
 5.03644e+16	3.52e-03	9.96e-01	8.94e-05
 5.04265e+16	3.77e-03	9.96e-01	8.67e-05
 5.04817e+16	4.02e-03	9.96e-01	8.43e-05
 5.05307e+16	4.26e-03	9.96e-01	8.25e-05
 5.05855e+16	4.57e-03	9.95e-01	8.02e-05
 5.06459e+16	4.96e-03	9.95e-01	7.78e-05
 5.07009e+16	5.37e-03	9.95e-01	7.58e-05
 5.07510e+16	5.78e-03	9.94e-01	7.42e-05
 5.08076e+16	6.34e-03	9.94e-01	7.21e-05
 5.08678e+16	7.04e-03	9.93e-01	7.02e-05
 5.09173e+16	7.75e-03	9.92e-01	6.86e-05
 5.09565e+16	8.39e-03	9.92e-01	6.76e-05
 5.09979e+16	9.18e-03	9.91e-01	6.63e-05
 5.10437e+16	1.02e-02	9.90e-01	6.50e-05
 5.10840e+16	1.13e-02	9.89e-01	6.40e-05
 5.11170e+16	1.24e-02	9.88e-01	6.33e-05
 5.11520e+16	1.37e-02	9.86e-01	6.24e-05
 5.11898e+16	1.54e-02	9.85e-01	6.18e-05
 5.12221e+16	1.72e-02	9.83e-01	6.12e-05
 5.12487e+16	1.90e-02	9.81e-01	6.09e-05
 5.12769e+16	2.11e-02	9.79e-01	6.07e-05
 5.13080e+16	2.40e-02	9.76e-01	6.06e-05
 5.13352e+16	2.71e-02	9.73e-01	6.06e-05
 5.13569e+16	3.01e-02	9.70e-01	6.09e-05
 5.13765e+16	3.32e-02	9.67e-01	6.11e-05
 5.13989e+16	3.74e-02	9.63e-01	6.17e-05
 5.14225e+16	4.26e-02	9.57e-01	6.25e-05
 5.14417e+16	4.79e-02	9.52e-01	6.31e-05
 5.14572e+16	5.26e-02	9.47e-01	6.42e-05
 5.14733e+16	5.85e-02	9.41e-01	6.51e-05
 5.14905e+16	6.56e-02	9.34e-01	6.66e-05
 5.15063e+16	7.35e-02	9.26e-01	6.79e-05
 5.15204e+16	8.12e-02	9.19e-01	6.98e-05
 5.15330e+16	8.94e-02	9.11e-01	7.12e-05
 5.15451e+16	9.80e-02	9.02e-01	7.31e-05
 5.15568e+16	1.08e-01	8.92e-01	7.48e-05
 5.15675e+16	1.17e-01	8.83e-01	7.66e-05
 5.15756e+16	1.25e-01	8.75e-01	7.80e-05
 5.15807e+16	1.30e-01	8.70e-01	7.90e-05
 5.15856e+16	1.36e-01	8.64e-01	7.99e-05
 5.15912e+16	1.43e-01	8.57e-01	8.09e-05
 5.15973e+16	1.50e-01	8.49e-01	8.22e-05
 5.16031e+16	1.58e-01	8.42e-01	8.34e-05
 5.16085e+16	1.66e-01	8.34e-01	8.48e-05
 5.16140e+16	1.74e-01	8.26e-01	8.59e-05
 5.16194e+16	1.82e-01	8.18e-01	8.73e-05
 5.16248e+16	1.91e-01	8.09e-01	8.86e-05
 5.16301e+16	2.01e-01	7.99e-01	8.98e-05
 5.16353e+16	2.10e-01	7.90e-01	9.11e-05
 5.16404e+16	2.20e-01	7.80e-01	9.25e-05
 5.16455e+16	2.31e-01	7.69e-01	9.36e-05
 5.16506e+16	2.41e-01	7.59e-01	9.51e-05
 5.16555e+16	2.53e-01	7.47e-01	9.62e-05
 5.16604e+16	2.64e-01	7.36e-01	9.77e-05
 5.16653e+16	2.76e-01	7.24e-01	9.89e-05
 5.16701e+16	2.88e-01	7.12e-01	1.00e-04
 5.16748e+16	3.01e-01	6.99e-01	1.01e-04
 5.16794e+16	3.14e-01	6.86e-01	1.02e-04
 5.16840e+16	3.27e-01	6.73e-01	1.04e-04
 5.16886e+16	3.40e-01	6.60e-01	1.05e-04
 5.16931e+16	3.54e-01	6.45e-01	1.06e-04
 5.16974e+16	3.68e-01	6.32e-01	1.07e-04
 5.17017e+16	3.83e-01	6.17e-01	1.08e-04
 5.17061e+16	3.97e-01	6.03e-01	1.09e-04
 5.17103e+16	4.12e-01	5.88e-01	1.09e-04
 5.17145e+16	4.27e-01	5.73e-01	1.10e-04
 5.17185e+16	4.41e-01	5.59e-01	1.11e-04
 5.17226e+16	4.56e-01	5.44e-01	1.11e-04
 5.17266e+16	4.71e-01	5.29e-01	1.12e-04
 5.17304e+16	4.86e-01	5.14e-01	1.13e-04
 5.17342e+16	5.00e-01	5.00e-01	1.13e-04
 5.17379e+16	5.15e-01	4.85e-01	1.13e-04
 5.17416e+16	5.29e-01	4.71e-01	1.14e-04
 5.17451e+16	5.43e-01	4.57e-01	1.14e-04
 5.17486e+16	5.57e-01	4.43e-01	1.14e-04
 5.17520e+16	5.71e-01	4.29e-01	1.14e-04
 5.17554e+16	5.84e-01	4.16e-01	1.14e-04
 5.17587e+16	5.97e-01	4.03e-01	1.14e-04
 5.17619e+16	6.10e-01	3.90e-01	1.13e-04
 5.17650e+16	6.22e-01	3.78e-01	1.13e-04
 5.17681e+16	6.35e-01	3.65e-01	1.13e-04
 5.17711e+16	6.46e-01	3.54e-01	1.12e-04
 5.17741e+16	6.58e-01	3.42e-01	1.12e-04
 5.17770e+16	6.69e-01	3.31e-01	1.11e-04
 5.17799e+16	6.80e-01	3.20e-01	1.11e-04
 5.17827e+16	6.90e-01	3.10e-01	1.10e-04
 5.17855e+16	7.01e-01	2.99e-01	1.09e-04
 5.17882e+16	7.11e-01	2.89e-01	1.08e-04
 5.17909e+16	7.21e-01	2.79e-01	1.08e-04
 5.17936e+16	7.30e-01	2.70e-01	1.07e-04
 5.17962e+16	7.39e-01	2.61e-01	1.06e-04
 5.17988e+16	7.48e-01	2.52e-01	1.05e-04
 5.18013e+16	7.57e-01	2.43e-01	1.04e-04
 5.18038e+16	7.65e-01	2.35e-01	1.03e-04
 5.18059e+16	7.72e-01	2.28e-01	1.02e-04
 5.18075e+16	7.77e-01	2.23e-01	1.01e-04
 5.18089e+16	7.81e-01	2.18e-01	1.00e-04
 5.18105e+16	7.86e-01	2.13e-01	9.96e-05
 5.18120e+16	7.91e-01	2.08e-01	9.87e-05
 5.18136e+16	7.96e-01	2.04e-01	9.80e-05
 5.18151e+16	8.01e-01	1.99e-01	9.71e-05
 5.18166e+16	8.05e-01	1.95e-01	9.63e-05
 5.18180e+16	8.09e-01	1.91e-01	9.55e-05
 5.18194e+16	8.14e-01	1.86e-01	9.46e-05
 5.18209e+16	8.18e-01	1.82e-01	9.38e-05
 5.18223e+16	8.22e-01	1.78e-01	9.30e-05
 5.18238e+16	8.26e-01	1.74e-01	9.21e-05
 5.18253e+16	8.30e-01	1.70e-01	9.12e-05
 5.18268e+16	8.34e-01	1.66e-01	9.02e-05
 5.18284e+16	8.39e-01	1.61e-01	8.92e-05
 5.18301e+16	8.43e-01	1.57e-01	8.83e-05
 5.18319e+16	8.48e-01	1.52e-01	8.70e-05
 5.18340e+16	8.53e-01	1.47e-01	8.57e-05
 5.18362e+16	8.58e-01	1.42e-01	8.42e-05
 5.18384e+16	8.63e-01	1.37e-01	8.27e-05
 5.18404e+16	8.68e-01	1.32e-01	8.12e-05
 5.18424e+16	8.73e-01	1.27e-01	7.97e-05
 5.18443e+16	8.77e-01	1.23e-01	7.81e-05
 5.18461e+16	8.81e-01	1.19e-01	7.66e-05
 5.18479e+16	8.85e-01	1.15e-01	7.51e-05
 5.18496e+16	8.88e-01	1.12e-01	7.36e-05
 5.18511e+16	8.91e-01	1.08e-01	7.23e-05
 5.18525e+16	8.94e-01	1.06e-01	7.10e-05
 5.18537e+16	8.97e-01	1.03e-01	6.98e-05
 5.18549e+16	8.99e-01	1.01e-01	6.87e-05
 5.18559e+16	9.01e-01	9.87e-02	6.76e-05
 5.18568e+16	9.03e-01	9.68e-02	6.67e-05
 5.18577e+16	9.05e-01	9.51e-02	6.57e-05
 5.18586e+16	9.07e-01	9.32e-02	6.47e-05
 5.18597e+16	9.09e-01	9.13e-02	6.37e-05
 5.18606e+16	9.10e-01	8.95e-02	6.28e-05
 5.18614e+16	9.12e-01	8.80e-02	6.19e-05
 5.18622e+16	9.13e-01	8.65e-02	6.10e-05
 5.18629e+16	9.15e-01	8.52e-02	6.02e-05
 5.18637e+16	9.16e-01	8.38e-02	5.95e-05
 5.18645e+16	9.18e-01	8.22e-02	5.85e-05
 5.18652e+16	9.19e-01	8.09e-02	5.77e-05
 5.18659e+16	9.20e-01	7.97e-02	5.69e-05
 5.18665e+16	9.21e-01	7.85e-02	5.61e-05
 5.18672e+16	9.23e-01	7.73e-02	5.54e-05
 5.18680e+16	9.24e-01	7.60e-02	5.46e-05
 5.18686e+16	9.25e-01	7.48e-02	5.38e-05
 5.18692e+16	9.26e-01	7.37e-02	5.31e-05
 5.18698e+16	9.27e-01	7.27e-02	5.23e-05
 5.18703e+16	9.28e-01	7.18e-02	5.17e-05
 5.18709e+16	9.29e-01	7.07e-02	5.09e-05
 5.18716e+16	9.30e-01	6.96e-02	5.03e-05
 5.18721e+16	9.31e-01	6.86e-02	4.95e-05
 5.18727e+16	9.32e-01	6.76e-02	4.88e-05
 5.18732e+16	9.33e-01	6.67e-02	4.82e-05
 5.18738e+16	9.34e-01	6.57e-02	4.74e-05
 5.18744e+16	9.35e-01	6.46e-02	4.67e-05
 5.18750e+16	9.36e-01	6.37e-02	4.60e-05
 5.18756e+16	9.37e-01	6.28e-02	4.54e-05
 5.18761e+16	9.38e-01	6.20e-02	4.48e-05
 5.18766e+16	9.39e-01	6.11e-02	4.41e-05
 5.18771e+16	9.40e-01	6.03e-02	4.35e-05
 5.18776e+16	9.41e-01	5.94e-02	4.29e-05
 5.18782e+16	9.41e-01	5.86e-02	4.23e-05
 5.18787e+16	9.42e-01	5.78e-02	4.17e-05
 5.18792e+16	9.43e-01	5.70e-02	4.10e-05
 5.18797e+16	9.44e-01	5.62e-02	4.04e-05
 5.18802e+16	9.45e-01	5.54e-02	3.99e-05
 5.18808e+16	9.45e-01	5.46e-02	3.93e-05
 5.18813e+16	9.46e-01	5.38e-02	3.87e-05
 5.18818e+16	9.47e-01	5.30e-02	3.81e-05
 5.18823e+16	9.48e-01	5.23e-02	3.76e-05
 5.18828e+16	9.48e-01	5.15e-02	3.70e-05
 5.18834e+16	9.49e-01	5.08e-02	3.64e-05
 5.18839e+16	9.50e-01	5.01e-02	3.59e-05
 5.18844e+16	9.51e-01	4.93e-02	3.54e-05
 5.18849e+16	9.51e-01	4.87e-02	3.49e-05
 5.18854e+16	9.52e-01	4.80e-02	3.44e-05
 5.18859e+16	9.53e-01	4.73e-02	3.39e-05
 5.18865e+16	9.53e-01	4.65e-02	3.34e-05
 5.18872e+16	9.54e-01	4.57e-02	3.28e-05
 5.18878e+16	9.55e-01	4.50e-02	3.23e-05
 5.18883e+16	9.56e-01	4.44e-02	3.19e-05
 5.18888e+16	9.56e-01	4.37e-02	3.14e-05
 5.18893e+16	9.57e-01	4.31e-02	3.09e-05
 5.18899e+16	9.58e-01	4.24e-02	3.05e-05
 5.18906e+16	9.58e-01	4.17e-02	3.00e-05
 5.18912e+16	9.59e-01	4.11e-02	2.95e-05
 5.18917e+16	9.60e-01	4.05e-02	2.90e-05
 5.18922e+16	9.60e-01	3.99e-02	2.87e-05
 5.18928e+16	9.61e-01	3.93e-02	2.82e-05
 5.18935e+16	9.61e-01	3.86e-02	2.78e-05
 5.18941e+16	9.62e-01	3.80e-02	2.74e-05
 5.18946e+16	9.63e-01	3.75e-02	2.69e-05
 5.18952e+16	9.63e-01	3.69e-02	2.66e-05
 5.18958e+16	9.64e-01	3.63e-02	2.61e-05
 5.18964e+16	9.64e-01	3.57e-02	2.57e-05
 5.18970e+16	9.65e-01	3.52e-02	2.54e-05
 5.18976e+16	9.65e-01	3.47e-02	2.50e-05
 5.18983e+16	9.66e-01	3.40e-02	2.45e-05
 5.18992e+16	9.67e-01	3.33e-02	2.41e-05
 5.18999e+16	9.67e-01	3.27e-02	2.36e-05
 5.19006e+16	9.68e-01	3.21e-02	2.32e-05
 5.19013e+16	9.68e-01	3.16e-02	2.29e-05
 5.19020e+16	9.69e-01	3.10e-02	2.25e-05
 5.19027e+16	9.70e-01	3.05e-02	2.21e-05
 5.19034e+16	9.70e-01	2.99e-02	2.17e-05
 5.19041e+16	9.71e-01	2.94e-02	2.14e-05
 5.19049e+16	9.71e-01	2.88e-02	2.10e-05
 5.19057e+16	9.72e-01	2.83e-02	2.06e-05
 5.19063e+16	9.72e-01	2.79e-02	2.03e-05
 5.19071e+16	9.73e-01	2.74e-02	2.00e-05
 5.19078e+16	9.73e-01	2.69e-02	1.96e-05
 5.19086e+16	9.74e-01	2.64e-02	1.93e-05
 5.19093e+16	9.74e-01	2.59e-02	1.90e-05
 5.19102e+16	9.75e-01	2.54e-02	1.86e-05
 5.19110e+16	9.75e-01	2.50e-02	1.84e-05
 5.19118e+16	9.76e-01	2.44e-02	1.80e-05
 5.19127e+16	9.76e-01	2.40e-02	1.77e-05
 5.19136e+16	9.76e-01	2.35e-02	1.74e-05
 5.19145e+16	9.77e-01	2.30e-02	1.70e-05
 5.19154e+16	9.77e-01	2.25e-02	1.67e-05
 5.19163e+16	9.78e-01	2.21e-02	1.64e-05
 5.19173e+16	9.78e-01	2.16e-02	1.61e-05
 5.19184e+16	9.79e-01	2.11e-02	1.57e-05
 5.19193e+16	9.79e-01	2.07e-02	1.54e-05
 5.19204e+16	9.80e-01	2.02e-02	1.51e-05
 5.19215e+16	9.80e-01	1.97e-02	1.48e-05
 5.19226e+16	9.81e-01	1.93e-02	1.45e-05
 5.19237e+16	9.81e-01	1.88e-02	1.42e-05
 5.19249e+16	9.82e-01	1.84e-02	1.39e-05
 5.19260e+16	9.82e-01	1.80e-02	1.36e-05
 5.19273e+16	9.82e-01	1.75e-02	1.33e-05
 5.19286e+16	9.83e-01	1.71e-02	1.30e-05
 5.19298e+16	9.83e-01	1.67e-02	1.27e-05
 5.19311e+16	9.84e-01	1.63e-02	1.24e-05
 5.19325e+16	9.84e-01	1.58e-02	1.21e-05
 5.19338e+16	9.85e-01	1.55e-02	1.19e-05
 5.19352e+16	9.85e-01	1.50e-02	1.16e-05
 5.19368e+16	9.85e-01	1.46e-02	1.13e-05
 5.19382e+16	9.86e-01	1.43e-02	1.10e-05
 5.19397e+16	9.86e-01	1.39e-02	1.07e-05
 5.19413e+16	9.86e-01	1.35e-02	1.05e-05
 5.19428e+16	9.87e-01	1.32e-02	1.03e-05
 5.19445e+16	9.87e-01	1.28e-02	9.99e-06
 5.19462e+16	9.87e-01	1.25e-02	9.75e-06
 5.19479e+16	9.88e-01	1.22e-02	9.53e-06
 5.19496e+16	9.88e-01	1.19e-02	9.28e-06
 5.19519e+16	9.89e-01	1.14e-02	8.99e-06
 5.19544e+16	9.89e-01	1.11e-02	8.72e-06
 5.19567e+16	9.89e-01	1.07e-02	8.48e-06
 5.19587e+16	9.90e-01	1.05e-02	8.27e-06
 5.19610e+16	9.90e-01	1.01e-02	8.04e-06
 5.19639e+16	9.90e-01	9.79e-03	7.78e-06
 5.19676e+16	9.91e-01	9.37e-03	7.47e-06
 5.19718e+16	9.91e-01	8.97e-03	7.18e-06
 5.19761e+16	9.91e-01	8.60e-03	6.90e-06
 5.19809e+16	9.92e-01	8.25e-03	6.62e-06
 5.19863e+16	9.92e-01	7.89e-03	6.35e-06
 5.19925e+16	9.92e-01	7.56e-03	6.09e-06
 5.19996e+16	9.93e-01	7.24e-03	5.84e-06
 5.20079e+16	9.93e-01	6.95e-03	5.60e-06
 5.20174e+16	9.93e-01	6.68e-03	5.39e-06
 5.20274e+16	9.94e-01	6.48e-03	5.21e-06
 5.20374e+16	9.94e-01	6.32e-03	5.08e-06
 5.20474e+16	9.94e-01	6.17e-03	4.94e-06
 5.20574e+16	9.94e-01	6.07e-03	4.84e-06
 5.20689e+16	9.94e-01	5.99e-03	4.78e-06
 5.20839e+16	9.94e-01	5.90e-03	4.68e-06
 5.21033e+16	9.94e-01	5.79e-03	4.56e-06
 5.21285e+16	9.94e-01	5.70e-03	4.46e-06
 5.21614e+16	9.94e-01	5.59e-03	4.32e-06
 5.22040e+16	9.95e-01	5.47e-03	4.17e-06
 5.22595e+16	9.95e-01	5.32e-03	3.97e-06
 5.23316e+16	9.95e-01	5.14e-03	3.74e-06
 5.24254e+16	9.95e-01	4.92e-03	3.46e-06
 5.25397e+16	9.95e-01	4.69e-03	3.16e-06
 5.26630e+16	9.96e-01	4.46e-03	2.88e-06
 5.27872e+16	9.96e-01	4.25e-03	2.62e-06
 5.29136e+16	9.96e-01	4.04e-03	2.39e-06
 5.30446e+16	9.96e-01	3.85e-03	2.17e-06
 5.31782e+16	9.96e-01	3.67e-03	1.97e-06
 5.33148e+16	9.97e-01	3.49e-03	1.79e-06
 5.34571e+16	9.97e-01	3.32e-03	1.62e-06
 5.36039e+16	9.97e-01	3.15e-03	1.46e-06
 5.37538e+16	9.97e-01	2.99e-03	1.32e-06
 5.39072e+16	9.97e-01	2.84e-03	1.19e-06
 5.40643e+16	9.97e-01	2.70e-03	1.07e-06
 5.42253e+16	9.97e-01	2.56e-03	9.63e-07
 5.43901e+16	9.98e-01	2.42e-03	8.64e-07
 5.45591e+16	9.98e-01	2.30e-03	7.75e-07
 5.47322e+16	9.98e-01	2.18e-03	6.94e-07
 5.49090e+16	9.98e-01	2.06e-03	6.20e-07
 5.50901e+16	9.98e-01	1.95e-03	5.53e-07
 5.52754e+16	9.98e-01	1.84e-03	4.94e-07
 5.54653e+16	9.98e-01	1.74e-03	4.39e-07
 5.56602e+16	9.98e-01	1.65e-03	3.90e-07
 5.58602e+16	9.98e-01	1.55e-03	3.46e-07
 5.60654e+16	9.99e-01	1.47e-03	3.06e-07
 5.62760e+16	9.99e-01	1.38e-03	2.71e-07
 5.64926e+16	9.99e-01	1.30e-03	2.39e-07
 5.67153e+16	9.99e-01	1.22e-03	2.10e-07
 5.69445e+16	9.99e-01	1.15e-03	1.84e-07
 5.71808e+16	9.99e-01	1.08e-03	1.61e-07
 5.74248e+16	9.99e-01	1.01e-03	1.41e-07
 5.76767e+16	9.99e-01	9.50e-04	1.22e-07
 5.79336e+16	9.99e-01	8.90e-04	1.06e-07
 5.81992e+16	9.99e-01	8.32e-04	9.19e-08
 5.84792e+16	9.99e-01	7.76e-04	7.90e-08
 5.87713e+16	9.99e-01	7.22e-04	6.75e-08
 5.90746e+16	9.99e-01	6.71e-04	5.75e-08
 5.93899e+16	9.99e-01	6.22e-04	4.87e-08
 5.97194e+16	9.99e-01	5.75e-04	4.10e-08
 6.00668e+16	9.99e-01	5.30e-04	3.42e-08
 6.04306e+16	1.00e+00	4.86e-04	2.83e-08
 6.08135e+16	1.00e+00	4.44e-04	2.32e-08
 6.12212e+16	1.00e+00	4.03e-04	1.88e-08
 6.16527e+16	1.00e+00	3.63e-04	1.51e-08
 6.21109e+16	1.00e+00	3.24e-04	1.19e-08
 6.26026e+16	1.00e+00	2.87e-04	9.18e-09
 6.31363e+16	1.00e+00	2.50e-04	6.90e-09
 6.37443e+16	1.00e+00	2.14e-04	5.01e-09
 6.43982e+16	1.00e+00	1.81e-04	3.56e-09
 6.50895e+16	1.00e+00	1.51e-04	2.47e-09
 6.58878e+16	1.00e+00	1.22e-04	1.62e-09
 6.68104e+16	1.00e+00	9.55e-05	9.96e-10
 6.78818e+16	1.00e+00	7.20e-05	5.70e-10
 6.90615e+16	1.00e+00	5.33e-05	3.15e-10
 7.03777e+16	1.00e+00	3.82e-05	1.63e-10
 7.18471e+16	1.00e+00	2.67e-05	8.00e-11
 7.33831e+16	1.00e+00	1.85e-05	3.88e-11
 7.49493e+16	1.00e+00	1.28e-05	1.89e-11
 7.65155e+16	1.00e+00	9.00e-06	9.39e-12
 7.80816e+16	1.00e+00	6.37e-06	4.74e-12
 7.96477e+16	1.00e+00	4.54e-06	2.43e-12
 8.12138e+16	1.00e+00	3.26e-06	1.27e-12
 8.27799e+16	1.00e+00	2.36e-06	6.68e-13
 8.43460e+16	1.00e+00	1.71e-06	3.57e-13
 8.59121e+16	1.00e+00	1.26e-06	1.94e-13
 8.74782e+16	1.00e+00	9.25e-07	1.06e-13
 8.90443e+16	1.00e+00	6.86e-07	5.92e-14
 9.06104e+16	1.00e+00	5.12e-07	3.34e-14
 9.24114e+16	1.00e+00	3.63e-07	1.71e-14
 9.44780e+16	1.00e+00	2.50e-07	8.27e-15
 9.65753e+16	1.00e+00	1.74e-07	4.04e-15
 9.86725e+16	1.00e+00	1.22e-07	2.02e-15
 1.00770e+17	1.00e+00	8.54e-08	1.02e-15
 1.03054e+17	1.00e+00	5.88e-08	4.90e-16
 1.05525e+17	1.00e+00	3.98e-08	2.29e-16
 1.07995e+17	1.00e+00	2.73e-08	1.10e-16
 1.10585e+17	1.00e+00	1.84e-08	5.12e-17
 1.13333e+17	1.00e+00	1.24e-08	2.37e-17
 1.16147e+17	1.00e+00	8.35e-09	1.10e-17
 1.18989e+17	1.00e+00	5.66e-09	5.15e-18
 1.21831e+17	1.00e+00	3.88e-09	2.47e-18
 1.24673e+17	1.00e+00	2.69e-09	1.21e-18
 1.27514e+17	1.00e+00	1.88e-09	6.00e-19
 1.30356e+17	1.00e+00	1.33e-09	3.06e-19
 1.33198e+17	1.00e+00	9.52e-10	1.58e-19
 1.36040e+17	1.00e+00	6.84e-10	8.28e-20
 1.38882e+17	1.00e+00	4.98e-10	4.42e-20
 1.41725e+17	1.00e+00	3.64e-10	2.39e-20
 1.44568e+17	1.00e+00	2.69e-10	1.31e-20
 1.47411e+17	1.00e+00	1.99e-10	7.30e-21
 1.50254e+17	1.00e+00	1.49e-10	0.00e+00
 1.53096e+17	1.00e+00	1.13e-10	0.00e+00
 1.55939e+17	1.00e+00	8.54e-11	0.00e+00
 1.59209e+17	1.00e+00	6.22e-11	0.00e+00
 1.63022e+17	1.00e+00	4.36e-11	0.00e+00
 1.67085e+17	1.00e+00	3.04e-11	0.00e+00
 1.71343e+17	1.00e+00	2.11e-11	0.00e+00
 1.75704e+17	1.00e+00	1.48e-11	0.00e+00
 1.80149e+17	1.00e+00	1.06e-11	0.00e+00
 1.84701e+17	1.00e+00	7.62e-12	0.00e+00
 1.89341e+17	1.00e+00	5.62e-12	0.00e+00
 1.94002e+17	1.00e+00	4.26e-12	0.00e+00
 1.98662e+17	1.00e+00	3.34e-12	0.00e+00
 2.03531e+17	1.00e+00	2.68e-12	0.00e+00
 2.08657e+17	1.00e+00	2.19e-12	0.00e+00
 2.13882e+17	1.00e+00	1.85e-12	0.00e+00
 2.19233e+17	1.00e+00	1.62e-12	0.00e+00
 2.24713e+17	1.00e+00	1.46e-12	0.00e+00
 2.30246e+17	1.00e+00	1.34e-12	0.00e+00
 2.36461e+17	1.00e+00	1.26e-12	0.00e+00
 2.43703e+17	1.00e+00	1.09e-12	0.00e+00
 2.51235e+17	1.00e+00	9.64e-13	0.00e+00
 2.58620e+17	1.00e+00	9.33e-13	0.00e+00
 2.65956e+17	1.00e+00	9.31e-13	0.00e+00
 2.73426e+17	1.00e+00	9.18e-13	0.00e+00
 2.81030e+17	1.00e+00	8.95e-13	0.00e+00
 2.88660e+17	1.00e+00	8.80e-13	0.00e+00
 2.96261e+17	1.00e+00	8.76e-13	0.00e+00
 3.03819e+17	1.00e+00	8.75e-13	0.00e+00
 3.11301e+17	1.00e+00	8.77e-13	0.00e+00
 3.18665e+17	1.00e+00	8.83e-13	0.00e+00
 3.25878e+17	1.00e+00	8.92e-13	0.00e+00
 3.32902e+17	1.00e+00	9.05e-13	0.00e+00
 3.39704e+17	1.00e+00	9.23e-13	0.00e+00
 3.46256e+17	1.00e+00	9.43e-13	0.00e+00
 3.52540e+17	1.00e+00	9.67e-13	0.00e+00
 3.58546e+17	1.00e+00	9.92e-13	0.00e+00
 3.64266e+17	1.00e+00	1.02e-12	0.00e+00
 3.69692e+17	1.00e+00	1.05e-12	0.00e+00
 3.74821e+17	1.00e+00	1.08e-12	0.00e+00
 3.79657e+17	1.00e+00	1.11e-12	0.00e+00
 3.84211e+17	1.00e+00	1.14e-12	0.00e+00
 3.88505e+17	1.00e+00	1.17e-12	0.00e+00
 3.92559e+17	1.00e+00	1.20e-12	0.00e+00
 3.96385e+17	1.00e+00	1.22e-12	0.00e+00
 3.99991e+17	1.00e+00	1.25e-12	0.00e+00
 4.03387e+17	1.00e+00	1.27e-12	0.00e+00
 4.06584e+17	1.00e+00	1.30e-12	0.00e+00
 4.09598e+17	1.00e+00	1.32e-12	0.00e+00
 4.12442e+17	1.00e+00	1.34e-12	0.00e+00
 4.15128e+17	1.00e+00	1.36e-12	0.00e+00
 4.17663e+17	1.00e+00	1.38e-12	0.00e+00
 4.20056e+17	1.00e+00	1.40e-12	0.00e+00
 4.22316e+17	1.00e+00	1.42e-12	0.00e+00
 4.24452e+17	1.00e+00	1.43e-12	0.00e+00
 4.26474e+17	1.00e+00	1.45e-12	0.00e+00
 4.28388e+17	1.00e+00	1.46e-12	0.00e+00
 4.30200e+17	1.00e+00	1.47e-12	0.00e+00
 4.31917e+17	1.00e+00	1.49e-12	0.00e+00
 4.33543e+17	1.00e+00	1.50e-12	0.00e+00
 4.35085e+17	1.00e+00	1.51e-12	0.00e+00
 4.36549e+17	1.00e+00	1.52e-12	0.00e+00
 4.37938e+17	1.00e+00	1.53e-12	0.00e+00
 4.39259e+17	1.00e+00	1.54e-12	0.00e+00
 4.40513e+17	1.00e+00	1.55e-12	0.00e+00
 4.41706e+17	1.00e+00	1.56e-12	0.00e+00
 4.42841e+17	1.00e+00	1.56e-12	0.00e+00
 4.43921e+17	1.00e+00	1.57e-12	0.00e+00
 4.44951e+17	1.00e+00	1.58e-12	0.00e+00
 4.45933e+17	1.00e+00	1.58e-12	0.00e+00
 4.46870e+17	1.00e+00	1.59e-12	0.00e+00
 4.47764e+17	1.00e+00	1.60e-12	0.00e+00
 4.48619e+17	1.00e+00	1.60e-12	0.00e+00
 4.49437e+17	1.00e+00	1.61e-12	0.00e+00
 4.50220e+17	1.00e+00	1.61e-12	0.00e+00
 4.50970e+17	1.00e+00	1.62e-12	0.00e+00
 4.51691e+17	1.00e+00	1.62e-12	0.00e+00
 4.52383e+17	1.00e+00	1.63e-12	0.00e+00
 4.53049e+17	1.00e+00	1.63e-12	0.00e+00
 4.53691e+17	1.00e+00	1.63e-12	0.00e+00
 4.54311e+17	1.00e+00	1.64e-12	0.00e+00
 4.54910e+17	1.00e+00	1.64e-12	0.00e+00
 4.55491e+17	1.00e+00	1.64e-12	0.00e+00
 4.56055e+17	1.00e+00	1.65e-12	0.00e+00
 4.56604e+17	1.00e+00	1.65e-12	0.00e+00
 4.57140e+17	1.00e+00	1.65e-12	0.00e+00
 4.57665e+17	1.00e+00	1.65e-12	0.00e+00
 4.58181e+17	1.00e+00	1.65e-12	0.00e+00
 4.58690e+17	1.00e+00	1.66e-12	0.00e+00
 4.59194e+17	1.00e+00	1.66e-12	0.00e+00
 4.59695e+17	1.00e+00	1.66e-12	0.00e+00
 4.60196e+17	1.00e+00	1.66e-12	0.00e+00
 4.60700e+17	1.00e+00	1.66e-12	0.00e+00
 4.61211e+17	1.00e+00	1.66e-12	0.00e+00
 4.61732e+17	1.00e+00	1.66e-12	0.00e+00
 4.62267e+17	1.00e+00	1.66e-12	0.00e+00
 4.62822e+17	1.00e+00	1.66e-12	0.00e+00
 4.63405e+17	1.00e+00	1.66e-12	0.00e+00
 4.64023e+17	1.00e+00	1.66e-12	0.00e+00
 4.64688e+17	1.00e+00	1.66e-12	0.00e+00
 4.65415e+17	1.00e+00	1.66e-12	0.00e+00
 4.66221e+17	1.00e+00	1.65e-12	0.00e+00
 4.67135e+17	1.00e+00	1.65e-12	0.00e+00
 4.68193e+17	1.00e+00	1.64e-12	0.00e+00
 4.69449e+17	1.00e+00	1.62e-12	0.00e+00
 4.70980e+17	1.00e+00	1.60e-12	0.00e+00
 4.72903e+17	1.00e+00	1.57e-12	0.00e+00
 4.75379e+17	1.00e+00	1.51e-12	0.00e+00
 4.78597e+17	1.00e+00	1.43e-12	0.00e+00
 4.82782e+17	1.00e+00	1.32e-12	0.00e+00
 4.88221e+17	1.00e+00	1.17e-12	0.00e+00
 4.95293e+17	1.00e+00	9.90e-13	0.00e+00
 5.04486e+17	1.00e+00	7.88e-13	0.00e+00
 5.16436e+17	1.00e+00	5.78e-13	0.00e+00
 5.31972e+17	1.00e+00	3.79e-13	0.00e+00
 5.51569e+17	1.00e+00	2.13e-13	0.00e+00
 5.73631e+17	1.00e+00	1.15e-13	0.00e+00
 5.96577e+17	1.00e+00	9.80e-14	0.00e+00
 6.20440e+17	1.00e+00	8.33e-14	0.00e+00
 6.45257e+17	1.00e+00	7.03e-14	0.00e+00
 6.71068e+17	1.00e+00	5.86e-14	0.00e+00
 6.97911e+17	1.00e+00	4.84e-14	0.00e+00
 7.25827e+17	1.00e+00	3.95e-14	0.00e+00
 7.54860e+17	1.00e+00	3.18e-14	0.00e+00
 7.84240e+17	1.00e+00	2.51e-14	0.00e+00
 8.11912e+17	1.00e+00	2.50e-14	0.00e+00
 8.36557e+17	1.00e+00	3.62e-14	0.00e+00
 8.58596e+17	1.00e+00	5.28e-14	0.00e+00
 8.79316e+17	1.00e+00	6.64e-14	0.00e+00
 8.99445e+17	1.00e+00	6.57e-14	0.00e+00
 9.18390e+17	1.00e+00	6.56e-14	0.00e+00
 9.35275e+17	1.00e+00	7.45e-14	0.00e+00
 9.49767e+17	1.00e+00	9.21e-14	0.00e+00
 9.62372e+17	1.00e+00	1.12e-13	0.00e+00
 9.73844e+17	1.00e+00	1.20e-13	0.00e+00
 9.84490e+17	1.00e+00	1.20e-13	0.00e+00
 9.93195e+17	1.00e+00	1.17e-13	0.00e+00
 9.98664e+17	1.00e+00	1.39e-13	0.00e+00
 1.00151e+18	1.00e+00	1.66e-13	0.00e+00
 1.00305e+18	1.00e+00	1.82e-13	0.00e+00
 1.00398e+18	1.00e+00	1.91e-13	0.00e+00
 1.00457e+18	1.00e+00	1.96e-13	0.00e+00
 1.00507e+18	1.00e+00	1.99e-13	0.00e+00
 1.00563e+18	1.00e+00	2.02e-13	0.00e+00
 1.00625e+18	1.00e+00	2.04e-13	0.00e+00
 1.00683e+18	1.00e+00	2.06e-13	0.00e+00
 1.00730e+18	1.00e+00	2.08e-13	0.00e+00
 1.00770e+18	1.00e+00	2.09e-13	0.00e+00
 1.00812e+18	1.00e+00	2.09e-13	0.00e+00
 1.00856e+18	1.00e+00	2.10e-13	0.00e+00
 1.00899e+18	1.00e+00	2.10e-13	0.00e+00
 1.00935e+18	1.00e+00	2.10e-13	0.00e+00
 1.00965e+18	1.00e+00	2.10e-13	0.00e+00
 1.00994e+18	1.00e+00	2.10e-13	0.00e+00
 1.01026e+18	1.00e+00	2.10e-13	0.00e+00
 1.01059e+18	1.00e+00	2.10e-13	0.00e+00
 1.01087e+18	1.00e+00	2.09e-13	0.00e+00
 1.01112e+18	1.00e+00	2.09e-13	0.00e+00
 1.01136e+18	1.00e+00	2.09e-13	0.00e+00
 1.01163e+18	1.00e+00	2.08e-13	0.00e+00
 1.01190e+18	1.00e+00	2.08e-13	0.00e+00
 1.01215e+18	1.00e+00	2.07e-13	0.00e+00
 1.01237e+18	1.00e+00	2.07e-13	0.00e+00
 1.01259e+18	1.00e+00	2.06e-13	0.00e+00
 1.01280e+18	1.00e+00	2.06e-13	0.00e+00
 1.01303e+18	1.00e+00	2.05e-13	0.00e+00
 1.01326e+18	1.00e+00	2.04e-13	0.00e+00
 1.01348e+18	1.00e+00	2.04e-13	0.00e+00
 1.01368e+18	1.00e+00	2.03e-13	0.00e+00
 1.01388e+18	1.00e+00	2.02e-13	0.00e+00
 1.01409e+18	1.00e+00	2.02e-13	0.00e+00
 1.01431e+18	1.00e+00	2.01e-13	0.00e+00
 1.01453e+18	1.00e+00	2.00e-13	0.00e+00
 1.01475e+18	1.00e+00	1.99e-13	0.00e+00
 1.01495e+18	1.00e+00	1.98e-13	0.00e+00
 1.01515e+18	1.00e+00	1.97e-13	0.00e+00
 1.01536e+18	1.00e+00	1.96e-13	0.00e+00
 1.01559e+18	1.00e+00	1.95e-13	0.00e+00
 1.01584e+18	1.00e+00	1.94e-13	0.00e+00
 1.01607e+18	1.00e+00	1.93e-13	0.00e+00
 1.01628e+18	1.00e+00	1.92e-13	0.00e+00
 1.01651e+18	1.00e+00	1.91e-13	0.00e+00
 1.01678e+18	1.00e+00	1.90e-13	0.00e+00
 1.01705e+18	1.00e+00	1.88e-13	0.00e+00
 1.01729e+18	1.00e+00	1.87e-13	0.00e+00
 1.01752e+18	1.00e+00	1.86e-13	0.00e+00
 1.01776e+18	1.00e+00	1.84e-13	0.00e+00
 1.01804e+18	1.00e+00	1.83e-13	0.00e+00
 1.01833e+18	1.00e+00	1.81e-13	0.00e+00
 1.01860e+18	1.00e+00	1.80e-13	0.00e+00
 1.01888e+18	1.00e+00	1.78e-13	0.00e+00
 1.01919e+18	1.00e+00	1.76e-13	0.00e+00
 1.01950e+18	1.00e+00	1.74e-13	0.00e+00
 1.01980e+18	1.00e+00	1.73e-13	0.00e+00
 1.02012e+18	1.00e+00	1.71e-13	0.00e+00
 1.02046e+18	1.00e+00	1.69e-13	0.00e+00
 1.02080e+18	1.00e+00	1.66e-13	0.00e+00
 1.02114e+18	1.00e+00	1.64e-13	0.00e+00
 1.02149e+18	1.00e+00	1.62e-13	0.00e+00
 1.02186e+18	1.00e+00	1.60e-13	0.00e+00
 1.02223e+18	1.00e+00	1.58e-13	0.00e+00
 1.02261e+18	1.00e+00	1.55e-13	0.00e+00
 1.02301e+18	1.00e+00	1.53e-13	0.00e+00
 1.02343e+18	1.00e+00	1.50e-13	0.00e+00
 1.02384e+18	1.00e+00	1.47e-13	0.00e+00
 1.02426e+18	1.00e+00	1.45e-13	0.00e+00
 1.02470e+18	1.00e+00	1.42e-13	0.00e+00
 1.02516e+18	1.00e+00	1.39e-13	0.00e+00
 1.02562e+18	1.00e+00	1.36e-13	0.00e+00
 1.02610e+18	1.00e+00	1.33e-13	0.00e+00
 1.02660e+18	1.00e+00	1.30e-13	0.00e+00
 1.02709e+18	1.00e+00	1.27e-13	0.00e+00
 1.02758e+18	1.00e+00	1.24e-13	0.00e+00
 1.02811e+18	1.00e+00	1.21e-13	0.00e+00
 1.02867e+18	1.00e+00	1.18e-13	0.00e+00
 1.02923e+18	1.00e+00	1.14e-13	0.00e+00
 1.02976e+18	1.00e+00	1.11e-13	0.00e+00
 1.03031e+18	1.00e+00	1.08e-13	0.00e+00
 1.03090e+18	1.00e+00	1.05e-13	0.00e+00
 1.03151e+18	1.00e+00	1.01e-13	0.00e+00
 1.03212e+18	1.00e+00	9.78e-14	0.00e+00
 1.03273e+18	1.00e+00	9.44e-14	0.00e+00
 1.03335e+18	1.00e+00	9.11e-14	0.00e+00
 1.03399e+18	1.00e+00	8.78e-14	0.00e+00
 1.03464e+18	1.00e+00	8.44e-14	0.00e+00
 1.03532e+18	1.00e+00	8.09e-14	0.00e+00
 1.03602e+18	1.00e+00	7.75e-14	0.00e+00
 1.03671e+18	1.00e+00	7.40e-14	0.00e+00
 1.03740e+18	1.00e+00	7.07e-14	0.00e+00
 1.03811e+18	1.00e+00	6.74e-14	0.00e+00
 1.03884e+18	1.00e+00	6.42e-14	0.00e+00
 1.03960e+18	1.00e+00	6.07e-14	0.00e+00
 1.04035e+18	1.00e+00	5.75e-14	0.00e+00
 1.04110e+18	1.00e+00	5.43e-14	0.00e+00
 1.04188e+18	1.00e+00	5.13e-14	0.00e+00
