#depth	N	N+	N+2	N+3	N+4	N+5	N+6	N+7
 1.49634e+10	0.00e+00	0.00e+00	1.39e-31	6.21e-21	3.19e-11	5.19e-01	4.81e-01	1.95e-04
 4.54887e+10	0.00e+00	1.03e-42	1.82e-31	7.53e-21	3.58e-11	5.38e-01	4.62e-01	1.73e-04
 7.72350e+10	0.00e+00	0.00e+00	2.39e-31	9.13e-21	4.02e-11	5.58e-01	4.42e-01	1.53e-04
 1.10251e+11	0.00e+00	2.08e-42	3.13e-31	1.11e-20	4.50e-11	5.78e-01	4.22e-01	1.35e-04
 1.44588e+11	0.00e+00	0.00e+00	4.09e-31	1.34e-20	5.03e-11	5.97e-01	4.03e-01	1.19e-04
 1.80298e+11	0.00e+00	4.16e-42	5.34e-31	1.62e-20	5.61e-11	6.16e-01	3.84e-01	1.05e-04
 2.17437e+11	0.00e+00	0.00e+00	6.97e-31	1.95e-20	6.25e-11	6.35e-01	3.65e-01	9.23e-05
 2.56061e+11	0.00e+00	8.27e-42	9.08e-31	2.34e-20	6.96e-11	6.53e-01	3.47e-01	8.10e-05
 2.96231e+11	0.00e+00	0.00e+00	1.18e-30	2.82e-20	7.74e-11	6.71e-01	3.29e-01	7.11e-05
 3.38007e+11	0.00e+00	1.63e-41	1.53e-30	3.38e-20	8.59e-11	6.88e-01	3.12e-01	6.22e-05
 3.81454e+11	0.00e+00	0.00e+00	1.99e-30	4.06e-20	9.52e-11	7.05e-01	2.95e-01	5.44e-05
 4.26639e+11	0.00e+00	3.21e-41	2.58e-30	4.86e-20	1.05e-10	7.21e-01	2.79e-01	4.75e-05
 4.73631e+11	0.00e+00	0.00e+00	3.34e-30	5.81e-20	1.16e-10	7.37e-01	2.63e-01	4.14e-05
 5.17467e+11	0.00e+00	6.08e-41	4.20e-30	6.82e-20	1.27e-10	7.51e-01	2.49e-01	3.66e-05
 5.56069e+11	0.00e+00	0.00e+00	5.11e-30	7.81e-20	1.37e-10	7.62e-01	2.38e-01	3.29e-05
 5.99129e+11	0.00e+00	1.04e-40	6.31e-30	9.04e-20	1.49e-10	7.74e-01	2.26e-01	2.92e-05
 6.50900e+11	0.00e+00	0.00e+00	8.05e-30	1.07e-19	1.63e-10	7.87e-01	2.13e-01	2.55e-05
 7.02867e+11	0.00e+00	1.94e-40	1.02e-29	1.26e-19	1.78e-10	8.00e-01	2.00e-01	2.24e-05
 7.50462e+11	0.00e+00	0.00e+00	1.25e-29	1.45e-19	1.93e-10	8.10e-01	1.90e-01	1.99e-05
 8.03500e+11	0.00e+00	3.41e-40	1.57e-29	1.69e-19	2.10e-10	8.21e-01	1.79e-01	1.75e-05
 8.65111e+11	0.00e+00	0.00e+00	2.01e-29	2.00e-19	2.30e-10	8.32e-01	1.68e-01	1.51e-05
 9.25388e+11	0.00e+00	6.44e-40	2.54e-29	2.35e-19	2.51e-10	8.43e-01	1.57e-01	1.32e-05
 9.82236e+11	0.00e+00	0.00e+00	3.14e-29	2.72e-19	2.71e-10	8.52e-01	1.48e-01	1.16e-05
 1.04561e+12	0.00e+00	1.15e-39	3.94e-29	3.18e-19	2.94e-10	8.61e-01	1.39e-01	1.01e-05
 1.11736e+12	0.00e+00	0.00e+00	5.05e-29	3.76e-19	3.22e-10	8.70e-01	1.30e-01	8.73e-06
 1.18909e+12	0.00e+00	2.18e-39	6.40e-29	4.42e-19	3.51e-10	8.79e-01	1.21e-01	7.56e-06
 1.26368e+12	0.00e+00	0.00e+00	8.12e-29	5.20e-19	3.82e-10	8.87e-01	1.13e-01	6.53e-06
 1.34415e+12	0.00e+00	4.13e-39	1.04e-28	6.14e-19	4.17e-10	8.95e-01	1.05e-01	5.61e-06
 1.42784e+12	0.00e+00	0.00e+00	1.33e-28	7.25e-19	4.55e-10	9.02e-01	9.77e-02	4.82e-06
 1.51489e+12	0.00e+00	7.90e-39	1.70e-28	8.56e-19	4.97e-10	9.09e-01	9.07e-02	4.13e-06
 1.60541e+12	0.00e+00	0.00e+00	2.17e-28	1.01e-18	5.42e-10	9.16e-01	8.42e-02	3.54e-06
 1.69955e+12	0.00e+00	1.51e-38	2.77e-28	1.19e-18	5.90e-10	9.22e-01	7.80e-02	3.03e-06
 1.79746e+12	0.00e+00	0.00e+00	3.53e-28	1.41e-18	6.43e-10	9.28e-01	7.23e-02	2.60e-06
 1.89928e+12	0.00e+00	2.88e-38	4.51e-28	1.66e-18	7.00e-10	9.33e-01	6.70e-02	2.22e-06
 2.00518e+12	0.00e+00	0.00e+00	5.76e-28	1.95e-18	7.62e-10	9.38e-01	6.20e-02	1.90e-06
 2.11532e+12	0.00e+00	5.50e-38	7.35e-28	2.30e-18	8.30e-10	9.43e-01	5.74e-02	1.62e-06
 2.22986e+12	0.00e+00	0.00e+00	9.38e-28	2.71e-18	9.03e-10	9.47e-01	5.28e-02	1.38e-06
 2.34898e+12	0.00e+00	1.05e-37	1.20e-27	3.20e-18	9.82e-10	9.51e-01	4.88e-02	1.17e-06
 2.46439e+12	0.00e+00	0.00e+00	1.50e-27	3.73e-18	1.06e-09	9.55e-01	4.54e-02	1.01e-06
 2.57016e+12	0.00e+00	1.85e-37	1.84e-27	4.26e-18	1.14e-09	9.58e-01	4.25e-02	8.87e-07
 2.68768e+12	0.00e+00	0.00e+00	2.28e-27	4.93e-18	1.23e-09	9.60e-01	3.96e-02	0.00e+00
 2.82415e+12	0.00e+00	3.40e-37	2.90e-27	5.80e-18	1.33e-09	9.63e-01	3.66e-02	0.00e+00
 2.95917e+12	0.00e+00	0.00e+00	3.65e-27	6.77e-18	1.44e-09	9.66e-01	3.39e-02	0.00e+00
 3.09958e+12	0.00e+00	6.28e-37	4.61e-27	7.91e-18	1.56e-09	9.69e-01	3.14e-02	0.00e+00
 3.25349e+12	0.00e+00	0.00e+00	5.88e-27	9.32e-18	1.70e-09	9.71e-01	2.90e-02	0.00e+00
 3.40908e+12	0.00e+00	1.19e-36	7.46e-27	1.09e-17	1.84e-09	9.73e-01	2.68e-02	0.00e+00
 3.57090e+12	3.24e-47	1.63e-36	9.46e-27	1.28e-17	1.99e-09	9.75e-01	2.47e-02	0.00e+00
 3.74366e+12	0.00e+00	0.00e+00	1.21e-26	1.51e-17	2.17e-09	9.77e-01	2.28e-02	0.00e+00
 3.92333e+12	0.00e+00	3.13e-36	1.54e-26	1.78e-17	2.36e-09	9.79e-01	2.10e-02	0.00e+00
 4.11019e+12	1.10e-46	4.34e-36	1.97e-26	2.10e-17	2.56e-09	9.81e-01	1.93e-02	0.00e+00
 4.30453e+12	0.00e+00	0.00e+00	2.53e-26	2.48e-17	2.78e-09	9.82e-01	1.78e-02	0.00e+00
 4.50663e+12	0.00e+00	8.34e-36	3.23e-26	2.92e-17	3.03e-09	9.84e-01	1.64e-02	0.00e+00
 4.71683e+12	3.73e-46	1.16e-35	4.14e-26	3.45e-17	3.29e-09	9.85e-01	1.51e-02	0.00e+00
 4.93543e+12	0.00e+00	0.00e+00	5.30e-26	4.07e-17	3.58e-09	9.86e-01	1.39e-02	0.00e+00
 5.14085e+12	0.00e+00	2.17e-35	6.63e-26	4.73e-17	3.86e-09	9.87e-01	1.28e-02	0.00e+00
 5.32438e+12	1.12e-45	2.80e-35	8.06e-26	5.38e-17	4.12e-09	9.88e-01	1.20e-02	0.00e+00
 5.53032e+12	0.00e+00	0.00e+00	9.96e-26	6.21e-17	4.43e-09	9.89e-01	1.12e-02	0.00e+00
 5.77463e+12	0.00e+00	5.13e-35	1.27e-25	7.31e-17	4.81e-09	9.90e-01	1.03e-02	0.00e+00
 6.02027e+12	3.53e-45	7.01e-35	1.61e-25	8.56e-17	5.21e-09	9.90e-01	9.52e-03	0.00e+00
 6.25055e+12	0.00e+00	0.00e+00	1.99e-25	9.88e-17	5.60e-09	9.91e-01	8.86e-03	0.00e+00
 6.50530e+12	0.00e+00	1.26e-34	2.51e-25	1.15e-16	6.06e-09	9.92e-01	8.19e-03	0.00e+00
 6.79544e+12	1.12e-44	1.76e-34	3.23e-25	1.37e-16	6.60e-09	9.92e-01	7.52e-03	0.00e+00
 7.08464e+12	0.00e+00	2.43e-34	4.11e-25	1.61e-16	7.17e-09	9.93e-01	6.93e-03	0.00e+00
 7.38541e+12	2.49e-44	3.36e-34	5.25e-25	1.89e-16	7.79e-09	9.94e-01	6.38e-03	0.00e+00
 7.71075e+12	0.00e+00	4.71e-34	6.78e-25	2.25e-16	8.49e-09	9.94e-01	5.85e-03	0.00e+00
 8.04911e+12	5.78e-44	6.60e-34	8.75e-25	2.67e-16	9.26e-09	9.95e-01	5.36e-03	0.00e+00
 8.36803e+12	0.00e+00	8.97e-34	1.10e-24	3.12e-16	1.00e-08	9.95e-01	4.95e-03	0.00e+00
 8.65487e+12	1.18e-43	1.17e-33	1.35e-24	3.58e-16	1.07e-08	9.95e-01	4.62e-03	0.00e+00
 8.97782e+12	0.00e+00	1.57e-33	1.69e-24	4.15e-16	1.16e-08	9.96e-01	4.28e-03	0.00e+00
 9.35853e+12	2.59e-43	2.20e-33	2.18e-24	4.93e-16	1.26e-08	9.96e-01	3.93e-03	0.00e+00
 9.73924e+12	0.00e+00	3.03e-33	2.78e-24	5.81e-16	1.38e-08	9.96e-01	3.61e-03	0.00e+00
 1.00976e+13	5.57e-43	4.07e-33	3.47e-24	6.76e-16	1.48e-08	9.97e-01	3.34e-03	0.00e+00
 1.04938e+13	0.00e+00	5.57e-33	4.41e-24	7.94e-16	1.61e-08	9.97e-01	3.08e-03	0.00e+00
 1.09434e+13	1.26e-42	7.86e-33	5.73e-24	9.48e-16	1.76e-08	9.97e-01	2.81e-03	0.00e+00
 1.13878e+13	0.00e+00	1.09e-32	7.36e-24	1.12e-15	1.92e-08	9.97e-01	2.58e-03	0.00e+00
 1.18500e+13	2.86e-42	1.52e-32	9.46e-24	1.33e-15	2.10e-08	9.98e-01	2.37e-03	0.00e+00
 1.23539e+13	0.00e+00	2.14e-32	1.23e-23	1.59e-15	2.30e-08	9.98e-01	2.16e-03	0.00e+00
 1.28623e+13	6.67e-42	3.00e-32	1.59e-23	1.90e-15	2.52e-08	9.98e-01	1.97e-03	0.00e+00
 1.33910e+13	0.00e+00	4.21e-32	2.06e-23	2.26e-15	2.76e-08	9.98e-01	1.80e-03	0.00e+00
 1.39362e+13	1.54e-41	5.88e-32	2.67e-23	2.70e-15	3.02e-08	9.98e-01	1.65e-03	0.00e+00
 1.44709e+13	0.00e+00	8.07e-32	3.40e-23	3.19e-15	3.29e-08	9.98e-01	1.51e-03	0.00e+00
 1.50472e+13	3.41e-41	1.12e-31	4.38e-23	3.79e-15	3.59e-08	9.99e-01	1.38e-03	0.00e+00
 1.56791e+13	0.00e+00	1.59e-31	5.72e-23	4.56e-15	3.95e-08	9.99e-01	1.26e-03	0.00e+00
 1.63361e+13	8.04e-41	2.25e-31	7.48e-23	5.49e-15	4.35e-08	9.99e-01	1.14e-03	0.00e+00
 1.70195e+13	0.00e+00	3.18e-31	9.78e-23	6.60e-15	4.79e-08	9.99e-01	1.04e-03	0.00e+00
 1.77302e+13	1.89e-40	4.49e-31	1.28e-22	7.95e-15	5.28e-08	9.99e-01	9.44e-04	0.00e+00
 1.83727e+13	0.00e+00	6.06e-31	1.61e-22	9.36e-15	5.75e-08	9.99e-01	8.67e-04	0.00e+00
 1.89073e+13	3.67e-40	7.71e-31	1.95e-22	1.07e-14	6.16e-08	9.99e-01	8.10e-04	0.00e+00
 1.94926e+13	0.00e+00	9.96e-31	2.38e-22	1.23e-14	6.63e-08	9.99e-01	7.53e-04	0.00e+00
 2.02349e+13	7.37e-40	1.36e-30	3.04e-22	1.46e-14	7.26e-08	9.99e-01	6.88e-04	0.00e+00
 2.10098e+13	0.00e+00	1.87e-30	3.88e-22	1.73e-14	7.96e-08	9.99e-01	6.28e-04	0.00e+00
 2.16668e+13	1.48e-39	2.41e-30	4.75e-22	2.00e-14	8.58e-08	9.99e-01	5.83e-04	0.00e+00
 2.23421e+13	0.00e+00	3.11e-30	5.80e-22	2.30e-14	9.25e-08	9.99e-01	5.41e-04	0.00e+00
 2.31932e+13	2.93e-39	4.23e-30	7.39e-22	2.73e-14	1.01e-07	1.00e+00	4.94e-04	0.00e+00
 2.40583e+13	0.00e+00	5.71e-30	9.37e-22	3.24e-14	1.11e-07	1.00e+00	4.52e-04	0.00e+00
 2.47994e+13	5.68e-39	7.30e-30	1.14e-21	3.72e-14	1.20e-07	1.00e+00	4.19e-04	0.00e+00
 2.55939e+13	0.00e+00	9.42e-30	1.39e-21	4.31e-14	1.29e-07	1.00e+00	3.88e-04	0.00e+00
 2.65788e+13	1.12e-38	1.28e-29	1.77e-21	5.12e-14	1.42e-07	1.00e+00	3.54e-04	0.00e+00
 2.75892e+13	0.00e+00	1.72e-29	2.25e-21	6.08e-14	1.56e-07	1.00e+00	3.23e-04	0.00e+00
 2.84972e+13	2.18e-38	2.22e-29	2.76e-21	7.04e-14	1.69e-07	1.00e+00	2.98e-04	0.00e+00
 2.94941e+13	0.00e+00	2.91e-29	3.42e-21	8.23e-14	1.83e-07	1.00e+00	2.74e-04	0.00e+00
 3.06737e+13	4.36e-38	3.96e-29	4.37e-21	9.84e-14	2.02e-07	1.00e+00	2.49e-04	0.00e+00
 3.18558e+13	0.00e+00	5.31e-29	5.53e-21	1.17e-13	2.22e-07	1.00e+00	2.27e-04	0.00e+00
 3.29747e+13	8.52e-38	6.92e-29	6.84e-21	1.36e-13	2.41e-07	1.00e+00	2.09e-04	0.00e+00
 3.42133e+13	0.00e+00	9.18e-29	8.58e-21	1.61e-13	2.64e-07	1.00e+00	1.91e-04	0.00e+00
 3.56117e+13	1.72e-37	1.24e-28	1.10e-20	1.92e-13	2.91e-07	1.00e+00	1.74e-04	0.00e+00
 3.70058e+13	0.00e+00	1.66e-28	1.38e-20	2.28e-13	3.20e-07	1.00e+00	1.58e-04	0.00e+00
 3.82359e+13	3.27e-37	2.12e-28	1.68e-20	2.63e-13	3.46e-07	1.00e+00	1.46e-04	0.00e+00
 3.93181e+13	0.00e+00	2.62e-28	1.99e-20	2.98e-13	3.70e-07	1.00e+00	1.37e-04	0.00e+00
 4.05443e+13	5.52e-37	3.29e-28	2.39e-20	3.41e-13	3.98e-07	1.00e+00	1.27e-04	0.00e+00
 4.19113e+13	0.00e+00	4.20e-28	2.92e-20	3.94e-13	4.32e-07	1.00e+00	1.17e-04	0.00e+00
 4.31956e+13	9.66e-37	5.25e-28	3.49e-20	4.49e-13	4.64e-07	1.00e+00	1.09e-04	0.00e+00
 4.45991e+13	0.00e+00	6.64e-28	4.22e-20	5.16e-13	5.01e-07	1.00e+00	1.01e-04	0.00e+00
 4.61676e+13	1.73e-36	8.55e-28	5.17e-20	5.99e-13	5.44e-07	1.00e+00	9.34e-05	0.00e+00
 4.76476e+13	0.00e+00	1.08e-27	6.23e-20	6.87e-13	5.86e-07	1.00e+00	8.67e-05	0.00e+00
 4.92687e+13	3.05e-36	1.37e-27	7.58e-20	7.93e-13	6.35e-07	1.00e+00	8.01e-05	0.00e+00
 5.10832e+13	0.00e+00	1.78e-27	9.36e-20	9.26e-13	6.91e-07	1.00e+00	7.36e-05	0.00e+00
 5.28016e+13	5.56e-36	2.27e-27	1.14e-19	1.07e-12	7.47e-07	1.00e+00	6.81e-05	0.00e+00
 5.43915e+13	0.00e+00	2.81e-27	1.35e-19	1.21e-12	8.01e-07	1.00e+00	6.36e-05	0.00e+00
 5.61621e+13	9.47e-36	3.53e-27	1.63e-19	1.39e-12	8.64e-07	1.00e+00	5.90e-05	0.00e+00
 5.81476e+13	0.00e+00	4.53e-27	1.99e-19	1.60e-12	9.37e-07	1.00e+00	5.44e-05	0.00e+00
 6.00215e+13	1.68e-35	5.69e-27	2.39e-19	1.83e-12	1.01e-06	1.00e+00	5.06e-05	0.00e+00
 6.20663e+13	0.00e+00	7.24e-27	2.90e-19	2.11e-12	1.09e-06	1.00e+00	4.68e-05	0.00e+00
 6.43288e+13	3.04e-35	9.35e-27	3.56e-19	2.45e-12	1.19e-06	1.00e+00	4.31e-05	0.00e+00
 6.64253e+13	0.00e+00	1.18e-26	4.29e-19	2.81e-12	1.28e-06	1.00e+00	4.00e-05	0.00e+00
 6.87017e+13	5.34e-35	1.50e-26	5.21e-19	3.23e-12	1.38e-06	1.00e+00	3.71e-05	0.00e+00
 7.12479e+13	0.00e+00	1.94e-26	6.42e-19	3.76e-12	1.50e-06	1.00e+00	3.41e-05	0.00e+00
 7.36495e+13	9.70e-35	2.47e-26	7.77e-19	4.31e-12	1.62e-06	1.00e+00	3.16e-05	0.00e+00
 7.62763e+13	0.00e+00	3.17e-26	9.51e-19	4.98e-12	1.75e-06	1.00e+00	2.92e-05	0.00e+00
 7.92092e+13	1.81e-34	4.15e-26	1.18e-18	5.83e-12	1.91e-06	1.00e+00	2.68e-05	0.00e+00
 8.19728e+13	2.44e-34	5.31e-26	1.44e-18	6.71e-12	2.06e-06	1.00e+00	2.49e-05	0.00e+00
 8.49691e+13	3.33e-34	6.89e-26	1.77e-18	7.77e-12	2.24e-06	1.00e+00	2.29e-05	0.00e+00
 8.83296e+13	4.66e-34	9.10e-26	2.21e-18	9.12e-12	2.44e-06	1.00e+00	2.10e-05	0.00e+00
 9.15733e+13	6.38e-34	1.18e-25	2.72e-18	1.06e-11	2.65e-06	1.00e+00	1.94e-05	0.00e+00
 9.50150e+13	8.81e-34	1.54e-25	3.37e-18	1.23e-11	2.87e-06	1.00e+00	1.79e-05	0.00e+00
 9.88455e+13	1.24e-33	2.05e-25	4.23e-18	1.44e-11	3.14e-06	1.00e+00	1.64e-05	0.00e+00
 1.02708e+14	1.74e-33	2.72e-25	5.28e-18	1.69e-11	3.41e-06	1.00e+00	1.51e-05	0.00e+00
 1.06725e+14	2.46e-33	3.61e-25	6.60e-18	1.97e-11	3.71e-06	1.00e+00	1.39e-05	0.00e+00
 1.11024e+14	3.46e-33	4.80e-25	8.28e-18	2.31e-11	4.05e-06	1.00e+00	1.27e-05	0.00e+00
 1.15081e+14	4.79e-33	6.26e-25	1.02e-17	2.68e-11	4.38e-06	1.00e+00	1.18e-05	0.00e+00
 1.18752e+14	6.36e-33	7.90e-25	1.22e-17	3.04e-11	4.69e-06	1.00e+00	1.10e-05	0.00e+00
 1.22239e+14	8.25e-33	9.78e-25	1.45e-17	3.42e-11	4.99e-06	1.00e+00	1.03e-05	0.00e+00
 1.26106e+14	1.10e-32	1.23e-24	1.74e-17	3.87e-11	5.33e-06	1.00e+00	9.66e-06	0.00e+00
 1.30432e+14	1.49e-32	1.59e-24	2.12e-17	4.44e-11	5.73e-06	1.00e+00	8.99e-06	0.00e+00
 1.34521e+14	1.97e-32	2.00e-24	2.53e-17	5.03e-11	6.12e-06	1.00e+00	8.42e-06	0.00e+00
 1.39006e+14	2.67e-32	2.56e-24	3.07e-17	5.73e-11	6.57e-06	1.00e+00	7.85e-06	0.00e+00
 1.43935e+14	3.68e-32	3.33e-24	3.76e-17	6.60e-11	7.07e-06	1.00e+00	7.30e-06	0.00e+00
 1.48457e+14	4.89e-32	4.20e-24	4.51e-17	7.47e-11	7.55e-06	1.00e+00	6.83e-06	0.00e+00
 1.53349e+14	6.62e-32	5.38e-24	5.46e-17	8.51e-11	8.08e-06	1.00e+00	6.38e-06	0.00e+00
 1.58819e+14	9.19e-32	7.03e-24	6.71e-17	9.79e-11	8.69e-06	1.00e+00	5.93e-06	0.00e+00
 1.63985e+14	1.24e-31	8.97e-24	8.10e-17	1.11e-10	9.30e-06	1.00e+00	5.55e-06	0.00e+00
 1.69645e+14	1.71e-31	1.16e-23	9.90e-17	1.28e-10	9.97e-06	1.00e+00	5.18e-06	0.00e+00
 1.75932e+14	2.42e-31	1.54e-23	1.23e-16	1.48e-10	1.07e-05	1.00e+00	4.80e-06	0.00e+00
 1.81811e+14	3.31e-31	1.99e-23	1.49e-16	1.68e-10	1.15e-05	1.00e+00	4.49e-06	0.00e+00
 1.88234e+14	4.62e-31	2.60e-23	1.83e-16	1.93e-10	1.24e-05	1.00e+00	4.18e-06	0.00e+00
 1.95411e+14	6.63e-31	3.48e-23	2.28e-16	2.25e-10	1.33e-05	1.00e+00	3.87e-06	0.00e+00
 2.02202e+14	9.22e-31	4.54e-23	2.80e-16	2.57e-10	1.43e-05	1.00e+00	3.61e-06	0.00e+00
 2.09571e+14	1.31e-30	6.01e-23	3.46e-16	2.97e-10	1.54e-05	1.00e+00	3.36e-06	0.00e+00
 2.17784e+14	1.90e-30	8.13e-23	4.35e-16	3.46e-10	1.66e-05	1.00e+00	3.11e-06	0.00e+00
 2.25695e+14	2.70e-30	1.08e-22	5.38e-16	3.99e-10	1.78e-05	1.00e+00	2.89e-06	0.00e+00
 2.34121e+14	3.87e-30	1.44e-22	6.69e-16	4.62e-10	1.92e-05	1.00e+00	2.69e-06	0.00e+00
 2.43516e+14	5.70e-30	1.96e-22	8.46e-16	5.41e-10	2.08e-05	1.00e+00	2.48e-06	0.00e+00
 2.52940e+14	8.30e-30	2.65e-22	1.06e-15	6.29e-10	2.24e-05	1.00e+00	2.30e-06	0.00e+00
 2.62742e+14	1.21e-29	3.58e-22	1.33e-15	7.32e-10	2.42e-05	1.00e+00	2.13e-06	0.00e+00
 2.73281e+14	1.79e-29	4.90e-22	1.68e-15	8.56e-10	2.61e-05	1.00e+00	1.97e-06	0.00e+00
 2.84242e+14	2.64e-29	6.70e-22	2.13e-15	1.00e-09	2.82e-05	1.00e+00	1.83e-06	0.00e+00
 2.95642e+14	3.90e-29	9.15e-22	2.70e-15	1.17e-09	3.05e-05	1.00e+00	1.69e-06	0.00e+00
 3.06713e+14	5.62e-29	1.23e-21	3.36e-15	1.36e-09	3.28e-05	1.00e+00	1.57e-06	0.00e+00
 3.17177e+14	7.84e-29	1.60e-21	4.11e-15	1.55e-09	3.51e-05	1.00e+00	1.47e-06	0.00e+00
 3.27057e+14	1.06e-28	2.04e-21	4.93e-15	1.75e-09	3.73e-05	1.00e+00	1.38e-06	0.00e+00
 3.37809e+14	1.47e-28	2.64e-21	5.99e-15	1.99e-09	3.98e-05	1.00e+00	1.29e-06	0.00e+00
 3.49791e+14	2.05e-28	3.47e-21	7.37e-15	2.29e-09	4.26e-05	1.00e+00	1.21e-06	0.00e+00
 3.61071e+14	2.83e-28	4.48e-21	8.92e-15	2.60e-09	4.54e-05	1.00e+00	1.13e-06	0.00e+00
 3.73433e+14	3.95e-28	5.84e-21	1.09e-14	2.97e-09	4.85e-05	1.00e+00	1.06e-06	0.00e+00
 3.87318e+14	5.66e-28	7.80e-21	1.36e-14	3.44e-09	5.22e-05	1.00e+00	9.86e-07	0.00e+00
 4.00611e+14	7.82e-28	1.01e-20	1.66e-14	3.93e-09	5.59e-05	1.00e+00	0.00e+00	0.00e+00
 4.15161e+14	1.12e-27	1.35e-20	2.05e-14	4.53e-09	5.99e-05	1.00e+00	0.00e+00	0.00e+00
 4.31798e+14	1.63e-27	1.83e-20	2.60e-14	5.30e-09	6.49e-05	1.00e+00	0.00e+00	0.00e+00
 4.48004e+14	2.35e-27	2.45e-20	3.24e-14	6.14e-09	6.98e-05	1.00e+00	0.00e+00	0.00e+00
 4.64858e+14	3.40e-27	3.29e-20	4.04e-14	7.12e-09	7.51e-05	1.00e+00	0.00e+00	0.00e+00
 4.81922e+14	4.79e-27	4.36e-20	5.02e-14	8.22e-09	8.08e-05	1.00e+00	0.00e+00	0.00e+00
 4.96988e+14	6.53e-27	5.58e-20	6.03e-14	9.29e-09	8.58e-05	1.00e+00	0.00e+00	0.00e+00
 5.13393e+14	8.88e-27	7.16e-20	7.33e-14	1.06e-08	9.17e-05	1.00e+00	0.00e+00	0.00e+00
 5.33134e+14	1.30e-26	9.69e-20	9.19e-14	1.23e-08	9.88e-05	1.00e+00	0.00e+00	0.00e+00
 5.52717e+14	1.82e-26	1.28e-19	1.14e-13	1.42e-08	1.06e-04	1.00e+00	0.00e+00	0.00e+00
 5.70221e+14	2.46e-26	1.63e-19	1.38e-13	1.61e-08	1.13e-04	1.00e+00	0.00e+00	0.00e+00
 5.89515e+14	3.40e-26	2.12e-19	1.68e-13	1.84e-08	1.21e-04	1.00e+00	0.00e+00	0.00e+00
 6.12443e+14	4.97e-26	2.87e-19	2.11e-13	2.14e-08	1.31e-04	1.00e+00	0.00e+00	0.00e+00
 6.35153e+14	6.96e-26	3.78e-19	2.62e-13	2.48e-08	1.41e-04	1.00e+00	0.00e+00	0.00e+00
 6.55843e+14	9.46e-26	4.85e-19	3.18e-13	2.81e-08	1.50e-04	1.00e+00	0.00e+00	0.00e+00
 6.78850e+14	1.31e-25	6.32e-19	3.90e-13	3.23e-08	1.61e-04	1.00e+00	0.00e+00	0.00e+00
 7.05706e+14	1.90e-25	8.56e-19	4.92e-13	3.77e-08	1.74e-04	1.00e+00	0.00e+00	0.00e+00
 7.32167e+14	2.73e-25	1.14e-18	6.13e-13	4.37e-08	1.87e-04	1.00e+00	0.00e+00	0.00e+00
 7.57158e+14	3.69e-25	1.47e-18	7.49e-13	5.00e-08	2.01e-04	1.00e+00	0.00e+00	0.00e+00
 7.84947e+14	5.28e-25	1.95e-18	9.29e-13	5.77e-08	2.15e-04	1.00e+00	0.00e+00	0.00e+00
 8.16375e+14	7.51e-25	2.62e-18	1.17e-12	6.75e-08	2.34e-04	1.00e+00	0.00e+00	0.00e+00
 8.47702e+14	1.09e-24	3.52e-18	1.47e-12	7.85e-08	2.52e-04	1.00e+00	0.00e+00	0.00e+00
 8.77037e+14	1.47e-24	4.52e-18	1.80e-12	8.99e-08	2.70e-04	1.00e+00	0.00e+00	0.00e+00
 9.08903e+14	2.08e-24	5.98e-18	2.23e-12	1.04e-07	2.90e-04	1.00e+00	0.00e+00	0.00e+00
 9.45289e+14	2.94e-24	7.97e-18	2.81e-12	1.21e-07	3.15e-04	1.00e+00	0.00e+00	0.00e+00
 9.79454e+14	4.09e-24	1.04e-17	3.47e-12	1.40e-07	3.38e-04	1.00e+00	0.00e+00	0.00e+00
 1.01005e+15	5.50e-24	1.33e-17	4.17e-12	1.58e-07	3.59e-04	1.00e+00	0.00e+00	0.00e+00
 1.03915e+15	7.12e-24	1.64e-17	4.93e-12	1.77e-07	3.81e-04	1.00e+00	0.00e+00	0.00e+00
 1.07162e+15	9.31e-24	2.05e-17	5.92e-12	2.00e-07	4.06e-04	1.00e+00	0.00e+00	0.00e+00
 1.10766e+15	1.28e-23	2.66e-17	7.21e-12	2.29e-07	4.33e-04	1.00e+00	0.00e+00	0.00e+00
 1.14155e+15	1.65e-23	3.29e-17	8.62e-12	2.58e-07	4.61e-04	1.00e+00	0.00e+00	0.00e+00
 1.17879e+15	2.23e-23	4.21e-17	1.04e-11	2.93e-07	4.92e-04	1.00e+00	0.00e+00	0.00e+00
 1.22045e+15	3.11e-23	5.50e-17	1.28e-11	3.37e-07	5.28e-04	9.99e-01	0.00e+00	0.00e+00
 1.25998e+15	4.14e-23	6.97e-17	1.55e-11	3.82e-07	5.63e-04	9.99e-01	0.00e+00	0.00e+00
 1.30348e+15	5.53e-23	8.90e-17	1.89e-11	4.38e-07	6.03e-04	9.99e-01	0.00e+00	0.00e+00
 1.35133e+15	7.85e-23	1.18e-16	2.35e-11	5.05e-07	6.49e-04	9.99e-01	0.00e+00	0.00e+00
 1.39543e+15	1.03e-22	1.48e-16	2.84e-11	5.74e-07	6.93e-04	9.99e-01	0.00e+00	0.00e+00
 1.44336e+15	1.42e-22	1.92e-16	3.47e-11	6.57e-07	7.41e-04	9.99e-01	0.00e+00	0.00e+00
 1.49693e+15	1.94e-22	2.50e-16	4.31e-11	7.60e-07	7.99e-04	9.99e-01	0.00e+00	0.00e+00
 1.54708e+15	2.61e-22	3.20e-16	5.24e-11	8.67e-07	8.54e-04	9.99e-01	0.00e+00	0.00e+00
 1.60152e+15	3.59e-22	4.15e-16	6.44e-11	9.95e-07	9.16e-04	9.99e-01	0.00e+00	0.00e+00
 1.66228e+15	4.90e-22	5.41e-16	8.03e-11	1.16e-06	9.89e-04	9.99e-01	0.00e+00	0.00e+00
 1.71914e+15	6.74e-22	7.01e-16	9.80e-11	1.32e-06	1.06e-03	9.99e-01	0.00e+00	0.00e+00
 1.78095e+15	9.06e-22	9.00e-16	1.21e-10	1.52e-06	1.14e-03	9.99e-01	0.00e+00	0.00e+00
 1.84993e+15	1.28e-21	1.20e-15	1.51e-10	1.77e-06	1.23e-03	9.99e-01	0.00e+00	0.00e+00
 1.91522e+15	1.71e-21	1.53e-15	1.86e-10	2.03e-06	1.32e-03	9.99e-01	0.00e+00	0.00e+00
 1.98541e+15	2.34e-21	1.99e-15	2.30e-10	2.35e-06	1.42e-03	9.99e-01	0.00e+00	0.00e+00
 2.06486e+15	3.28e-21	2.64e-15	2.90e-10	2.75e-06	1.55e-03	9.98e-01	0.00e+00	0.00e+00
 2.14265e+15	4.54e-21	3.46e-15	3.60e-10	3.19e-06	1.67e-03	9.98e-01	0.00e+00	0.00e+00
 2.22356e+15	6.11e-21	4.47e-15	4.48e-10	3.70e-06	1.80e-03	9.98e-01	0.00e+00	0.00e+00
 2.31254e+15	8.65e-21	5.97e-15	5.65e-10	4.32e-06	1.96e-03	9.98e-01	0.00e+00	0.00e+00
 2.40024e+15	1.16e-20	7.70e-15	7.04e-10	5.02e-06	2.12e-03	9.98e-01	0.00e+00	0.00e+00
 2.47233e+15	1.49e-20	9.51e-15	8.38e-10	5.65e-06	2.26e-03	9.98e-01	0.00e+00	0.00e+00
 2.52970e+15	1.80e-20	1.12e-14	9.58e-10	6.20e-06	2.37e-03	9.98e-01	0.00e+00	0.00e+00
 2.59325e+15	2.23e-20	1.34e-14	1.11e-09	6.84e-06	2.50e-03	9.97e-01	0.00e+00	0.00e+00
 2.67586e+15	2.86e-20	1.66e-14	1.33e-09	7.76e-06	2.67e-03	9.97e-01	0.00e+00	0.00e+00
 2.76457e+15	3.74e-20	2.09e-14	1.62e-09	8.85e-06	2.87e-03	9.97e-01	0.00e+00	0.00e+00
 2.84351e+15	4.73e-20	2.55e-14	1.91e-09	9.91e-06	3.05e-03	9.97e-01	0.00e+00	0.00e+00
 2.92844e+15	5.94e-20	3.11e-14	2.26e-09	1.11e-05	3.25e-03	9.97e-01	0.00e+00	0.00e+00
 3.03599e+15	7.98e-20	4.00e-14	2.80e-09	1.29e-05	3.51e-03	9.96e-01	0.00e+00	0.00e+00
 3.14512e+15	1.06e-19	5.12e-14	3.44e-09	1.48e-05	3.80e-03	9.96e-01	0.00e+00	0.00e+00
 3.23775e+15	1.34e-19	6.24e-14	4.08e-09	1.67e-05	4.04e-03	9.96e-01	0.00e+00	0.00e+00
 3.33676e+15	1.70e-19	7.69e-14	4.87e-09	1.88e-05	4.32e-03	9.96e-01	0.00e+00	0.00e+00
 3.46060e+15	2.27e-19	9.89e-14	6.03e-09	2.18e-05	4.68e-03	9.95e-01	0.00e+00	0.00e+00
 3.58754e+15	3.02e-19	1.27e-13	7.45e-09	2.52e-05	5.07e-03	9.95e-01	0.00e+00	0.00e+00
 3.69889e+15	3.85e-19	1.56e-13	8.91e-09	2.84e-05	5.43e-03	9.95e-01	0.00e+00	0.00e+00
 3.81913e+15	4.94e-19	1.94e-13	1.08e-08	3.23e-05	5.82e-03	9.94e-01	0.00e+00	0.00e+00
 3.96485e+15	6.68e-19	2.52e-13	1.34e-08	3.75e-05	6.33e-03	9.94e-01	0.00e+00	0.00e+00
 4.10964e+15	8.86e-19	3.23e-13	1.66e-08	4.33e-05	6.86e-03	9.93e-01	0.00e+00	0.00e+00
 4.23795e+15	1.13e-18	4.00e-13	1.98e-08	4.90e-05	7.34e-03	9.93e-01	0.00e+00	0.00e+00
 4.37888e+15	1.47e-18	5.00e-13	2.41e-08	5.58e-05	7.90e-03	9.92e-01	0.00e+00	0.00e+00
 4.54772e+15	1.98e-18	6.50e-13	3.01e-08	6.50e-05	8.60e-03	9.91e-01	0.00e+00	0.00e+00
 4.71601e+15	2.66e-18	8.38e-13	3.73e-08	7.51e-05	9.32e-03	9.91e-01	0.00e+00	0.00e+00
 4.86965e+15	3.40e-18	1.04e-12	4.51e-08	8.54e-05	1.00e-02	9.90e-01	0.00e+00	0.00e+00
 5.04111e+15	4.55e-18	1.34e-12	5.54e-08	9.80e-05	1.08e-02	9.89e-01	0.00e+00	0.00e+00
 5.24079e+15	6.24e-18	1.76e-12	6.99e-08	1.14e-04	1.18e-02	9.88e-01	0.00e+00	0.00e+00
 5.43714e+15	8.41e-18	2.28e-12	8.69e-08	1.32e-04	1.28e-02	9.87e-01	0.00e+00	0.00e+00
 5.62306e+15	1.09e-17	2.87e-12	1.06e-07	1.52e-04	1.38e-02	9.86e-01	0.00e+00	0.00e+00
 5.78595e+15	1.41e-17	3.54e-12	1.26e-07	1.70e-04	1.47e-02	9.85e-01	0.00e+00	0.00e+00
 5.92128e+15	1.71e-17	4.19e-12	1.45e-07	1.86e-04	1.55e-02	9.84e-01	0.00e+00	0.00e+00
 6.07030e+15	2.10e-17	5.00e-12	1.68e-07	2.05e-04	1.63e-02	9.83e-01	0.00e+00	0.00e+00
 6.26402e+15	2.72e-17	6.26e-12	2.03e-07	2.33e-04	1.75e-02	9.82e-01	0.00e+00	0.00e+00
 6.46696e+15	3.50e-17	7.82e-12	2.46e-07	2.64e-04	1.88e-02	9.81e-01	0.00e+00	0.00e+00
 6.64122e+15	4.48e-17	9.58e-12	2.89e-07	2.94e-04	1.99e-02	9.80e-01	0.00e+00	0.00e+00
 6.82707e+15	5.67e-17	1.17e-11	3.41e-07	3.28e-04	2.12e-02	9.79e-01	0.00e+00	0.00e+00
 7.06868e+15	7.69e-17	1.52e-11	4.21e-07	3.77e-04	2.29e-02	9.77e-01	0.00e+00	0.00e+00
 7.31718e+15	1.03e-16	1.95e-11	5.19e-07	4.33e-04	2.47e-02	9.75e-01	0.00e+00	0.00e+00
 7.52396e+15	1.41e-16	2.40e-11	6.14e-07	4.84e-04	2.62e-02	9.73e-01	0.00e+00	0.00e+00
 7.74209e+15	1.81e-16	2.96e-11	7.31e-07	5.42e-04	2.79e-02	9.72e-01	0.00e+00	0.00e+00
 8.02270e+15	2.47e-16	3.86e-11	9.08e-07	6.25e-04	3.02e-02	9.69e-01	0.00e+00	0.00e+00
 8.31804e+15	3.42e-16	5.07e-11	1.13e-06	7.23e-04	3.27e-02	9.67e-01	0.00e+00	0.00e+00
 8.57868e+15	4.53e-16	6.41e-11	1.37e-06	8.17e-04	3.49e-02	9.64e-01	0.00e+00	0.00e+00
 8.86069e+15	6.01e-16	8.14e-11	1.66e-06	9.30e-04	3.74e-02	9.62e-01	0.00e+00	0.00e+00
 9.20050e+15	8.49e-16	1.09e-10	2.10e-06	1.08e-03	4.06e-02	9.58e-01	0.00e+00	0.00e+00
 9.53818e+15	1.17e-15	1.42e-10	2.61e-06	1.25e-03	4.39e-02	9.55e-01	0.00e+00	0.00e+00
 9.84085e+15	1.52e-15	1.79e-10	3.17e-06	1.41e-03	4.69e-02	9.52e-01	0.00e+00	0.00e+00
 1.01753e+16	2.06e-15	2.30e-10	3.89e-06	1.62e-03	5.04e-02	9.48e-01	0.00e+00	0.00e+00
 1.05716e+16	3.03e-15	3.15e-10	4.93e-06	1.89e-03	5.47e-02	9.43e-01	0.00e+00	0.00e+00
 1.09632e+16	4.26e-15	4.18e-10	6.17e-06	2.18e-03	5.91e-02	9.39e-01	0.00e+00	0.00e+00
 1.13240e+16	5.75e-15	5.37e-10	7.53e-06	2.48e-03	6.33e-02	9.34e-01	0.00e+00	0.00e+00
 1.17303e+16	7.94e-15	7.03e-10	9.36e-06	2.86e-03	6.81e-02	9.29e-01	0.00e+00	0.00e+00
 1.21991e+16	1.16e-14	9.62e-10	1.20e-05	3.35e-03	7.41e-02	9.23e-01	0.00e+00	0.00e+00
 1.26552e+16	1.64e-14	1.28e-09	1.50e-05	3.87e-03	7.99e-02	9.16e-01	0.00e+00	0.00e+00
 1.30203e+16	2.15e-14	1.60e-09	1.79e-05	4.34e-03	8.48e-02	9.11e-01	0.00e+00	0.00e+00
 1.33057e+16	2.64e-14	1.90e-09	2.04e-05	4.73e-03	8.87e-02	9.07e-01	0.00e+00	0.00e+00
 1.36207e+16	3.30e-14	2.29e-09	2.37e-05	5.20e-03	9.31e-02	9.02e-01	0.00e+00	0.00e+00
 1.40303e+16	4.24e-14	2.84e-09	2.84e-05	5.85e-03	9.89e-02	8.95e-01	0.00e+00	0.00e+00
 1.44724e+16	5.92e-14	3.71e-09	3.46e-05	6.64e-03	1.06e-01	8.88e-01	0.00e+00	0.00e+00
 1.48649e+16	7.67e-14	4.59e-09	4.09e-05	7.39e-03	1.11e-01	8.81e-01	0.00e+00	0.00e+00
 1.52835e+16	9.95e-14	5.71e-09	4.86e-05	8.27e-03	1.18e-01	8.74e-01	0.00e+00	0.00e+00
 1.58276e+16	1.42e-13	7.63e-09	6.08e-05	9.53e-03	1.27e-01	8.64e-01	0.00e+00	0.00e+00
 1.63793e+16	1.90e-13	9.81e-09	7.51e-05	1.09e-02	1.36e-01	8.53e-01	0.00e+00	0.00e+00
 1.68289e+16	2.49e-13	1.23e-08	8.92e-05	1.22e-02	1.43e-01	8.44e-01	0.00e+00	0.00e+00
 1.73013e+16	3.37e-13	1.56e-08	1.07e-04	1.37e-02	1.52e-01	8.35e-01	0.00e+00	0.00e+00
 1.79154e+16	4.84e-13	2.10e-08	1.34e-04	1.58e-02	1.63e-01	8.21e-01	0.00e+00	0.00e+00
 1.85435e+16	6.71e-13	2.76e-08	1.66e-04	1.81e-02	1.74e-01	8.08e-01	0.00e+00	0.00e+00
 1.90709e+16	8.67e-13	3.43e-08	1.99e-04	2.03e-02	1.84e-01	7.96e-01	0.00e+00	0.00e+00
 1.96377e+16	1.16e-12	4.38e-08	2.41e-04	2.29e-02	1.95e-01	7.82e-01	0.00e+00	0.00e+00
 2.02750e+16	1.68e-12	5.87e-08	2.98e-04	2.62e-02	2.07e-01	7.66e-01	0.00e+00	0.00e+00
 2.08742e+16	2.26e-12	7.49e-08	3.60e-04	2.96e-02	2.19e-01	7.51e-01	0.00e+00	0.00e+00
 2.14372e+16	2.98e-12	9.39e-08	4.30e-04	3.31e-02	2.31e-01	7.36e-01	0.00e+00	0.00e+00
 2.20833e+16	4.03e-12	1.21e-07	5.24e-04	3.75e-02	2.44e-01	7.18e-01	0.00e+00	0.00e+00
 2.27974e+16	5.71e-12	1.60e-07	6.51e-04	4.29e-02	2.59e-01	6.98e-01	0.00e+00	0.00e+00
 2.34356e+16	7.53e-12	2.02e-07	7.84e-04	4.81e-02	2.72e-01	6.79e-01	0.00e+00	0.00e+00
 2.40090e+16	9.50e-12	2.47e-07	9.24e-04	5.33e-02	2.84e-01	6.62e-01	0.00e+00	0.00e+00
 2.46626e+16	1.27e-11	3.14e-07	1.12e-03	5.99e-02	2.97e-01	6.42e-01	0.00e+00	0.00e+00
 2.53873e+16	1.83e-11	4.20e-07	1.38e-03	6.80e-02	3.13e-01	6.17e-01	0.00e+00	0.00e+00
 2.60485e+16	2.43e-11	5.30e-07	1.65e-03	7.60e-02	3.27e-01	5.96e-01	0.00e+00	0.00e+00
 2.66131e+16	3.09e-11	6.47e-07	1.93e-03	8.35e-02	3.38e-01	5.76e-01	0.00e+00	0.00e+00
 2.72081e+16	4.02e-11	8.02e-07	2.28e-03	9.23e-02	3.51e-01	5.55e-01	0.00e+00	0.00e+00
 2.78507e+16	5.21e-11	9.97e-07	2.71e-03	1.02e-01	3.63e-01	5.32e-01	0.00e+00	0.00e+00
 2.84411e+16	6.49e-11	1.20e-06	3.17e-03	1.12e-01	3.74e-01	5.11e-01	0.00e+00	0.00e+00
 2.90945e+16	9.06e-11	1.56e-06	3.82e-03	1.25e-01	3.86e-01	4.85e-01	0.00e+00	0.00e+00
 2.97490e+16	1.17e-10	1.94e-06	4.53e-03	1.38e-01	3.97e-01	4.60e-01	0.00e+00	0.00e+00
 3.02829e+16	1.43e-10	2.30e-06	5.23e-03	1.50e-01	4.05e-01	4.40e-01	0.00e+00	0.00e+00
 3.08545e+16	1.82e-10	2.81e-06	6.12e-03	1.64e-01	4.13e-01	4.16e-01	0.00e+00	0.00e+00
 3.14766e+16	2.53e-10	3.63e-06	7.29e-03	1.81e-01	4.22e-01	3.90e-01	0.00e+00	0.00e+00
 3.20243e+16	3.20e-10	4.40e-06	8.47e-03	1.96e-01	4.28e-01	3.68e-01	0.00e+00	0.00e+00
 3.25147e+16	3.99e-10	5.27e-06	9.71e-03	2.11e-01	4.32e-01	3.47e-01	0.00e+00	0.00e+00
 3.30707e+16	5.09e-10	6.45e-06	1.14e-02	2.30e-01	4.35e-01	3.24e-01	0.00e+00	0.00e+00
 3.36691e+16	6.41e-10	7.86e-06	1.34e-02	2.51e-01	4.37e-01	2.99e-01	0.00e+00	0.00e+00
 3.41673e+16	8.71e-10	9.89e-06	1.55e-02	2.70e-01	4.38e-01	2.77e-01	0.00e+00	0.00e+00
 3.45649e+16	1.04e-09	1.14e-05	1.74e-02	2.86e-01	4.36e-01	2.60e-01	0.00e+00	0.00e+00
 3.49870e+16	1.29e-09	1.36e-05	1.98e-02	3.05e-01	4.34e-01	2.41e-01	0.00e+00	0.00e+00
 3.54519e+16	1.63e-09	1.65e-05	2.28e-02	3.26e-01	4.30e-01	2.21e-01	0.00e+00	0.00e+00
 3.58671e+16	1.95e-09	1.91e-05	2.58e-02	3.46e-01	4.24e-01	2.04e-01	0.00e+00	0.00e+00
 3.62315e+16	2.49e-09	2.30e-05	2.90e-02	3.65e-01	4.18e-01	1.88e-01	0.00e+00	0.00e+00
 3.65759e+16	3.04e-09	2.69e-05	3.24e-02	3.83e-01	4.11e-01	1.73e-01	0.00e+00	0.00e+00
 3.69132e+16	3.55e-09	3.07e-05	3.61e-02	4.02e-01	4.03e-01	1.59e-01	0.00e+00	0.00e+00
 3.72486e+16	4.32e-09	3.58e-05	4.04e-02	4.22e-01	3.93e-01	1.45e-01	0.00e+00	0.00e+00
 3.75710e+16	5.30e-09	4.20e-05	4.51e-02	4.42e-01	3.82e-01	1.31e-01	0.00e+00	0.00e+00
 3.78684e+16	6.95e-09	5.09e-05	5.02e-02	4.61e-01	3.70e-01	1.18e-01	0.00e+00	0.00e+00
 3.81358e+16	7.78e-09	5.63e-05	5.50e-02	4.79e-01	3.58e-01	1.08e-01	0.00e+00	0.00e+00
 3.84243e+16	9.45e-09	6.56e-05	6.11e-02	4.99e-01	3.44e-01	9.62e-02	0.00e+00	0.00e+00
 3.87249e+16	1.17e-08	7.73e-05	6.81e-02	5.20e-01	3.27e-01	8.45e-02	0.00e+00	0.00e+00
 3.89673e+16	1.42e-08	8.96e-05	7.47e-02	5.38e-01	3.12e-01	7.51e-02	0.00e+00	0.00e+00
 3.91637e+16	1.80e-08	1.05e-04	8.09e-02	5.53e-01	2.99e-01	6.71e-02	0.00e+00	0.00e+00
 3.93434e+16	2.05e-08	1.16e-04	8.67e-02	5.67e-01	2.86e-01	6.06e-02	0.00e+00	0.00e+00
 3.95458e+16	2.32e-08	1.29e-04	9.38e-02	5.83e-01	2.70e-01	5.33e-02	0.00e+00	0.00e+00
 3.97617e+16	2.77e-08	1.48e-04	1.02e-01	6.00e-01	2.52e-01	4.58e-02	0.00e+00	0.00e+00
 3.99399e+16	3.30e-08	1.68e-04	1.10e-01	6.14e-01	2.36e-01	3.97e-02	0.00e+00	0.00e+00
 4.00810e+16	3.99e-08	1.91e-04	1.17e-01	6.26e-01	2.22e-01	3.49e-02	0.00e+00	0.00e+00
 4.02069e+16	4.57e-08	2.11e-04	1.23e-01	6.36e-01	2.09e-01	3.08e-02	0.00e+00	0.00e+00
 4.03485e+16	5.20e-08	2.32e-04	1.30e-01	6.48e-01	1.94e-01	2.65e-02	0.00e+00	0.00e+00
 4.04987e+16	6.06e-08	2.60e-04	1.39e-01	6.61e-01	1.78e-01	2.22e-02	0.00e+00	0.00e+00
 4.06228e+16	6.65e-08	2.80e-04	1.46e-01	6.71e-01	1.64e-01	1.89e-02	0.00e+00	0.00e+00
 4.07253e+16	7.75e-08	3.11e-04	1.53e-01	6.79e-01	1.52e-01	1.62e-02	0.00e+00	0.00e+00
 4.08210e+16	8.34e-08	3.29e-04	1.59e-01	6.87e-01	1.41e-01	1.40e-02	0.00e+00	0.00e+00
 4.09293e+16	9.81e-08	3.68e-04	1.66e-01	6.95e-01	1.27e-01	1.14e-02	0.00e+00	0.00e+00
 4.10403e+16	1.11e-07	4.01e-04	1.74e-01	7.03e-01	1.14e-01	9.26e-03	0.00e+00	0.00e+00
 4.11201e+16	1.17e-07	4.20e-04	1.79e-01	7.08e-01	1.04e-01	7.87e-03	0.00e+00	0.00e+00
 4.11800e+16	1.29e-07	4.47e-04	1.83e-01	7.12e-01	9.69e-02	6.83e-03	0.00e+00	0.00e+00
 4.12378e+16	1.37e-07	4.68e-04	1.87e-01	7.16e-01	9.01e-02	5.95e-03	0.00e+00	0.00e+00
 4.13018e+16	1.48e-07	4.94e-04	1.92e-01	7.20e-01	8.24e-02	5.02e-03	0.00e+00	0.00e+00
 4.13737e+16	1.60e-07	5.23e-04	1.98e-01	7.24e-01	7.43e-02	4.13e-03	0.00e+00	0.00e+00
 4.14417e+16	1.72e-07	5.52e-04	2.02e-01	7.27e-01	6.69e-02	3.39e-03	0.00e+00	0.00e+00
 4.15058e+16	1.85e-07	5.81e-04	2.07e-01	7.29e-01	6.02e-02	2.78e-03	0.00e+00	0.00e+00
 4.15787e+16	2.00e-07	6.13e-04	2.12e-01	7.32e-01	5.30e-02	2.19e-03	0.00e+00	0.00e+00
 4.16592e+16	2.18e-07	6.52e-04	2.18e-01	7.34e-01	4.58e-02	1.66e-03	0.00e+00	0.00e+00
 4.17345e+16	2.35e-07	6.88e-04	2.23e-01	7.35e-01	3.96e-02	1.27e-03	0.00e+00	0.00e+00
 4.18174e+16	2.56e-07	7.30e-04	2.29e-01	7.36e-01	3.35e-02	9.26e-04	0.00e+00	0.00e+00
 4.19253e+16	2.84e-07	7.84e-04	2.36e-01	7.36e-01	2.68e-02	6.07e-04	0.00e+00	0.00e+00
 4.20387e+16	3.14e-07	8.39e-04	2.42e-01	7.36e-01	2.12e-02	3.89e-04	0.00e+00	0.00e+00
 4.21426e+16	3.43e-07	8.90e-04	2.48e-01	7.34e-01	1.70e-02	2.57e-04	0.00e+00	0.00e+00
 4.22606e+16	3.76e-07	9.46e-04	2.54e-01	7.32e-01	1.32e-02	1.59e-04	0.00e+00	0.00e+00
 4.24140e+16	4.20e-07	1.02e-03	2.61e-01	7.29e-01	9.67e-03	8.66e-05	0.00e+00	0.00e+00
 4.26134e+16	4.78e-07	1.10e-03	2.69e-01	7.24e-01	6.55e-03	4.06e-05	0.00e+00	0.00e+00
 4.28727e+16	5.55e-07	1.21e-03	2.78e-01	7.17e-01	4.10e-03	1.62e-05	0.00e+00	0.00e+00
 4.32098e+16	6.65e-07	1.36e-03	2.89e-01	7.07e-01	2.38e-03	5.44e-06	0.00e+00	0.00e+00
 4.36479e+16	8.34e-07	1.56e-03	3.03e-01	6.94e-01	1.28e-03	1.55e-06	0.00e+00	0.00e+00
 4.41248e+16	1.07e-06	1.83e-03	3.19e-01	6.78e-01	7.11e-04	4.71e-07	0.00e+00	0.00e+00
 4.45584e+16	1.37e-06	2.13e-03	3.35e-01	6.62e-01	4.42e-04	0.00e+00	0.00e+00	0.00e+00
 4.49648e+16	1.74e-06	2.48e-03	3.52e-01	6.45e-01	2.92e-04	0.00e+00	0.00e+00	0.00e+00
 4.54293e+16	2.33e-06	3.00e-03	3.73e-01	6.24e-01	1.86e-04	0.00e+00	0.00e+00	0.00e+00
 4.59103e+16	3.23e-06	3.71e-03	3.97e-01	5.99e-01	1.20e-04	0.00e+00	0.00e+00	0.00e+00
 4.62890e+16	4.30e-06	4.48e-03	4.19e-01	5.76e-01	8.66e-05	0.00e+00	0.00e+00	0.00e+00
 4.65875e+16	5.45e-06	5.25e-03	4.39e-01	5.56e-01	6.68e-05	0.00e+00	0.00e+00	0.00e+00
 4.69051e+16	7.09e-06	6.27e-03	4.61e-01	5.33e-01	5.01e-05	0.00e+00	0.00e+00	0.00e+00
 4.71840e+16	9.12e-06	7.44e-03	4.82e-01	5.11e-01	3.95e-05	0.00e+00	0.00e+00	0.00e+00
 4.73411e+16	1.06e-05	8.24e-03	4.95e-01	4.97e-01	3.45e-05	0.00e+00	0.00e+00	0.00e+00
 4.74739e+16	1.20e-05	9.00e-03	5.06e-01	4.85e-01	3.05e-05	0.00e+00	0.00e+00	0.00e+00
 4.76466e+16	1.43e-05	1.01e-02	5.21e-01	4.69e-01	2.59e-05	0.00e+00	0.00e+00	0.00e+00
 4.78344e+16	1.74e-05	1.16e-02	5.38e-01	4.50e-01	2.17e-05	0.00e+00	0.00e+00	0.00e+00
 4.79980e+16	2.07e-05	1.31e-02	5.54e-01	4.33e-01	1.86e-05	0.00e+00	0.00e+00	0.00e+00
 4.81360e+16	2.42e-05	1.46e-02	5.67e-01	4.18e-01	1.62e-05	0.00e+00	0.00e+00	0.00e+00
 4.82849e+16	2.88e-05	1.65e-02	5.83e-01	4.01e-01	1.39e-05	0.00e+00	0.00e+00	0.00e+00
 4.84475e+16	3.51e-05	1.89e-02	5.99e-01	3.82e-01	1.17e-05	0.00e+00	0.00e+00	0.00e+00
 4.85763e+16	4.13e-05	2.11e-02	6.13e-01	3.66e-01	1.02e-05	0.00e+00	0.00e+00	0.00e+00
 4.86651e+16	4.64e-05	2.30e-02	6.23e-01	3.54e-01	9.26e-06	0.00e+00	0.00e+00	0.00e+00
 4.87536e+16	5.23e-05	2.49e-02	6.33e-01	3.42e-01	8.36e-06	0.00e+00	0.00e+00	0.00e+00
 4.88688e+16	6.12e-05	2.78e-02	6.45e-01	3.27e-01	7.28e-06	0.00e+00	0.00e+00	0.00e+00
 4.89865e+16	7.24e-05	3.13e-02	6.58e-01	3.10e-01	6.31e-06	0.00e+00	0.00e+00	0.00e+00
 4.90783e+16	8.31e-05	3.45e-02	6.68e-01	2.97e-01	5.63e-06	0.00e+00	0.00e+00	0.00e+00
 4.91547e+16	9.31e-05	3.74e-02	6.76e-01	2.86e-01	5.09e-06	0.00e+00	0.00e+00	0.00e+00
 4.92406e+16	1.07e-04	4.11e-02	6.86e-01	2.73e-01	4.52e-06	0.00e+00	0.00e+00	0.00e+00
 4.93359e+16	1.24e-04	4.57e-02	6.95e-01	2.59e-01	3.96e-06	0.00e+00	0.00e+00	0.00e+00
 4.94216e+16	1.43e-04	5.05e-02	7.04e-01	2.46e-01	3.49e-06	0.00e+00	0.00e+00	0.00e+00
 4.94954e+16	1.63e-04	5.52e-02	7.11e-01	2.34e-01	3.12e-06	0.00e+00	0.00e+00	0.00e+00
 4.95753e+16	1.87e-04	6.09e-02	7.18e-01	2.21e-01	2.75e-06	0.00e+00	0.00e+00	0.00e+00
 4.96613e+16	2.19e-04	6.78e-02	7.24e-01	2.08e-01	2.39e-06	0.00e+00	0.00e+00	0.00e+00
 4.97354e+16	2.52e-04	7.48e-02	7.29e-01	1.96e-01	2.10e-06	0.00e+00	0.00e+00	0.00e+00
 4.97987e+16	2.84e-04	8.14e-02	7.33e-01	1.85e-01	1.88e-06	0.00e+00	0.00e+00	0.00e+00
 4.98681e+16	3.26e-04	8.96e-02	7.37e-01	1.74e-01	1.64e-06	0.00e+00	0.00e+00	0.00e+00
 4.99436e+16	3.80e-04	9.97e-02	7.39e-01	1.61e-01	1.42e-06	0.00e+00	0.00e+00	0.00e+00
 5.00096e+16	4.37e-04	1.10e-01	7.40e-01	1.50e-01	1.24e-06	0.00e+00	0.00e+00	0.00e+00
 5.00662e+16	4.95e-04	1.19e-01	7.39e-01	1.41e-01	1.09e-06	0.00e+00	0.00e+00	0.00e+00
 5.01284e+16	5.69e-04	1.31e-01	7.38e-01	1.31e-01	9.47e-07	0.00e+00	0.00e+00	0.00e+00
 5.01962e+16	6.66e-04	1.46e-01	7.34e-01	1.19e-01	0.00e+00	0.00e+00	0.00e+00	0.00e+00
 5.02559e+16	7.66e-04	1.61e-01	7.29e-01	1.10e-01	0.00e+00	0.00e+00	0.00e+00	0.00e+00
 5.03077e+16	8.71e-04	1.75e-01	7.23e-01	1.01e-01	0.00e+00	0.00e+00	0.00e+00	0.00e+00
 5.03644e+16	1.00e-03	1.93e-01	7.14e-01	9.22e-02	0.00e+00	0.00e+00	0.00e+00	0.00e+00
 5.04265e+16	1.18e-03	2.14e-01	7.02e-01	8.25e-02	0.00e+00	0.00e+00	0.00e+00	0.00e+00
 5.04817e+16	1.37e-03	2.36e-01	6.88e-01	7.41e-02	0.00e+00	0.00e+00	0.00e+00	0.00e+00
 5.05307e+16	1.56e-03	2.58e-01	6.74e-01	6.67e-02	0.00e+00	0.00e+00	0.00e+00	0.00e+00
 5.05855e+16	1.82e-03	2.85e-01	6.55e-01	5.86e-02	0.00e+00	0.00e+00	0.00e+00	0.00e+00
 5.06459e+16	2.17e-03	3.18e-01	6.30e-01	5.02e-02	0.00e+00	0.00e+00	0.00e+00	0.00e+00
 5.07009e+16	2.56e-03	3.52e-01	6.02e-01	4.29e-02	0.00e+00	0.00e+00	0.00e+00	0.00e+00
 5.07510e+16	2.96e-03	3.87e-01	5.74e-01	3.66e-02	0.00e+00	0.00e+00	0.00e+00	0.00e+00
 5.08076e+16	3.53e-03	4.30e-01	5.37e-01	2.99e-02	0.00e+00	0.00e+00	0.00e+00	0.00e+00
 5.08678e+16	4.27e-03	4.80e-01	4.92e-01	2.34e-02	0.00e+00	0.00e+00	0.00e+00	0.00e+00
 5.09173e+16	5.03e-03	5.26e-01	4.50e-01	1.86e-02	0.00e+00	0.00e+00	0.00e+00	0.00e+00
 5.09565e+16	5.72e-03	5.64e-01	4.15e-01	1.52e-02	0.00e+00	0.00e+00	0.00e+00	0.00e+00
 5.09979e+16	6.58e-03	6.06e-01	3.75e-01	1.20e-02	0.00e+00	0.00e+00	0.00e+00	0.00e+00
 5.10437e+16	7.67e-03	6.54e-01	3.29e-01	8.95e-03	0.00e+00	0.00e+00	0.00e+00	0.00e+00
 5.10840e+16	8.82e-03	6.97e-01	2.88e-01	6.68e-03	0.00e+00	0.00e+00	0.00e+00	0.00e+00
 5.11170e+16	9.90e-03	7.31e-01	2.54e-01	5.12e-03	0.00e+00	0.00e+00	0.00e+00	0.00e+00
 5.11520e+16	1.12e-02	7.67e-01	2.18e-01	3.75e-03	0.00e+00	0.00e+00	0.00e+00	0.00e+00
 5.11898e+16	1.28e-02	8.03e-01	1.82e-01	2.60e-03	0.00e+00	0.00e+00	0.00e+00	0.00e+00
 5.12221e+16	1.44e-02	8.33e-01	1.51e-01	1.82e-03	0.00e+00	0.00e+00	0.00e+00	0.00e+00
 5.12487e+16	1.58e-02	8.54e-01	1.28e-01	1.32e-03	0.00e+00	0.00e+00	0.00e+00	0.00e+00
 5.12769e+16	1.76e-02	8.75e-01	1.06e-01	9.18e-04	0.00e+00	0.00e+00	0.00e+00	0.00e+00
 5.13080e+16	1.97e-02	8.95e-01	8.43e-02	5.94e-04	0.00e+00	0.00e+00	0.00e+00	0.00e+00
 5.13352e+16	2.19e-02	9.10e-01	6.74e-02	3.91e-04	0.00e+00	0.00e+00	0.00e+00	0.00e+00
 5.13569e+16	2.39e-02	9.20e-01	5.55e-02	2.73e-04	0.00e+00	0.00e+00	0.00e+00	0.00e+00
 5.13765e+16	2.58e-02	9.28e-01	4.61e-02	1.93e-04	0.00e+00	0.00e+00	0.00e+00	0.00e+00
 5.13989e+16	2.83e-02	9.35e-01	3.68e-02	1.27e-04	0.00e+00	0.00e+00	0.00e+00	0.00e+00
 5.14225e+16	3.12e-02	9.40e-01	2.86e-02	8.00e-05	0.00e+00	0.00e+00	0.00e+00	0.00e+00
 5.14417e+16	3.38e-02	9.43e-01	2.28e-02	5.32e-05	0.00e+00	0.00e+00	0.00e+00	0.00e+00
 5.14572e+16	3.62e-02	9.45e-01	1.90e-02	3.78e-05	0.00e+00	0.00e+00	0.00e+00	0.00e+00
 5.14733e+16	3.88e-02	9.46e-01	1.54e-02	2.60e-05	0.00e+00	0.00e+00	0.00e+00	0.00e+00
 5.14905e+16	4.19e-02	9.46e-01	1.23e-02	1.72e-05	0.00e+00	0.00e+00	0.00e+00	0.00e+00
 5.15063e+16	4.50e-02	9.45e-01	9.89e-03	1.15e-05	0.00e+00	0.00e+00	0.00e+00	0.00e+00
 5.15204e+16	4.80e-02	9.44e-01	8.10e-03	7.99e-06	0.00e+00	0.00e+00	0.00e+00	0.00e+00
 5.15330e+16	5.09e-02	9.42e-01	6.72e-03	5.68e-06	0.00e+00	0.00e+00	0.00e+00	0.00e+00
 5.15451e+16	5.38e-02	9.41e-01	5.59e-03	4.04e-06	0.00e+00	0.00e+00	0.00e+00	0.00e+00
 5.15568e+16	5.70e-02	9.38e-01	4.65e-03	2.89e-06	0.00e+00	0.00e+00	0.00e+00	0.00e+00
 5.15675e+16	5.99e-02	9.36e-01	3.92e-03	2.11e-06	0.00e+00	0.00e+00	0.00e+00	0.00e+00
 5.15756e+16	6.21e-02	9.34e-01	3.44e-03	1.67e-06	0.00e+00	0.00e+00	0.00e+00	0.00e+00
 5.15807e+16	6.38e-02	9.33e-01	3.16e-03	1.43e-06	0.00e+00	0.00e+00	0.00e+00	0.00e+00
 5.15856e+16	6.53e-02	9.32e-01	2.91e-03	1.23e-06	0.00e+00	0.00e+00	0.00e+00	0.00e+00
 5.15912e+16	6.73e-02	9.30e-01	2.64e-03	1.02e-06	0.00e+00	0.00e+00	0.00e+00	0.00e+00
 5.15973e+16	6.93e-02	9.28e-01	2.37e-03	8.44e-07	0.00e+00	0.00e+00	0.00e+00	0.00e+00
 5.16031e+16	7.14e-02	9.26e-01	2.14e-03	0.00e+00	0.00e+00	0.00e+00	0.00e+00	0.00e+00
 5.16085e+16	7.35e-02	9.25e-01	1.95e-03	0.00e+00	0.00e+00	0.00e+00	0.00e+00	0.00e+00
 5.16140e+16	7.55e-02	9.23e-01	1.76e-03	0.00e+00	0.00e+00	0.00e+00	0.00e+00	0.00e+00
 5.16194e+16	7.78e-02	9.21e-01	1.60e-03	0.00e+00	0.00e+00	0.00e+00	0.00e+00	0.00e+00
 5.16248e+16	8.03e-02	9.18e-01	1.44e-03	0.00e+00	0.00e+00	0.00e+00	0.00e+00	0.00e+00
 5.16301e+16	8.25e-02	9.16e-01	1.31e-03	0.00e+00	0.00e+00	0.00e+00	0.00e+00	0.00e+00
 5.16353e+16	8.49e-02	9.14e-01	1.18e-03	0.00e+00	0.00e+00	0.00e+00	0.00e+00	0.00e+00
 5.16404e+16	8.74e-02	9.12e-01	1.07e-03	0.00e+00	0.00e+00	0.00e+00	0.00e+00	0.00e+00
 5.16455e+16	9.00e-02	9.09e-01	9.69e-04	0.00e+00	0.00e+00	0.00e+00	0.00e+00	0.00e+00
 5.16506e+16	9.28e-02	9.06e-01	8.77e-04	0.00e+00	0.00e+00	0.00e+00	0.00e+00	0.00e+00
 5.16555e+16	9.55e-02	9.04e-01	7.93e-04	0.00e+00	0.00e+00	0.00e+00	0.00e+00	0.00e+00
 5.16604e+16	9.86e-02	9.01e-01	7.18e-04	0.00e+00	0.00e+00	0.00e+00	0.00e+00	0.00e+00
 5.16653e+16	1.02e-01	8.98e-01	6.49e-04	0.00e+00	0.00e+00	0.00e+00	0.00e+00	0.00e+00
 5.16701e+16	1.05e-01	8.95e-01	5.86e-04	0.00e+00	0.00e+00	0.00e+00	0.00e+00	0.00e+00
 5.16748e+16	1.08e-01	8.91e-01	5.30e-04	0.00e+00	0.00e+00	0.00e+00	0.00e+00	0.00e+00
 5.16794e+16	1.12e-01	8.88e-01	4.80e-04	0.00e+00	0.00e+00	0.00e+00	0.00e+00	0.00e+00
 5.16840e+16	1.16e-01	8.84e-01	4.34e-04	0.00e+00	0.00e+00	0.00e+00	0.00e+00	0.00e+00
 5.16886e+16	1.19e-01	8.80e-01	3.92e-04	0.00e+00	0.00e+00	0.00e+00	0.00e+00	0.00e+00
 5.16931e+16	1.24e-01	8.76e-01	3.54e-04	0.00e+00	0.00e+00	0.00e+00	0.00e+00	0.00e+00
 5.16974e+16	1.28e-01	8.71e-01	3.20e-04	0.00e+00	0.00e+00	0.00e+00	0.00e+00	0.00e+00
 5.17017e+16	1.33e-01	8.67e-01	2.89e-04	0.00e+00	0.00e+00	0.00e+00	0.00e+00	0.00e+00
 5.17061e+16	1.38e-01	8.62e-01	2.61e-04	0.00e+00	0.00e+00	0.00e+00	0.00e+00	0.00e+00
 5.17103e+16	1.43e-01	8.57e-01	2.35e-04	0.00e+00	0.00e+00	0.00e+00	0.00e+00	0.00e+00
