#depth	C	C+	C+2	C+3	C+4	C+5	C+6	C[1]	C[2]	C[3]	C+[1]	C+[2]	CO
 1.49634e+10	0.00e+00	0.00e+00	9.00e-28	3.56e-17	4.68e-06	7.28e-02	9.27e-01	0.00e+00	0.00e+00	0.00e+00	0.00e+00	0.00e+00	0.00e+00
 4.54887e+10	0.00e+00	1.03e-38	1.21e-27	4.44e-17	5.40e-06	7.83e-02	9.22e-01	0.00e+00	0.00e+00	0.00e+00	0.00e+00	0.00e+00	0.00e+00
 7.72350e+10	0.00e+00	0.00e+00	1.65e-27	5.59e-17	6.28e-06	8.42e-02	9.16e-01	0.00e+00	0.00e+00	0.00e+00	0.00e+00	0.00e+00	0.00e+00
 1.10251e+11	0.00e+00	2.23e-38	2.25e-27	7.03e-17	7.31e-06	9.04e-02	9.10e-01	0.00e+00	0.00e+00	0.00e+00	0.00e+00	0.00e+00	0.00e+00
 1.44588e+11	0.00e+00	0.00e+00	3.05e-27	8.83e-17	8.49e-06	9.71e-02	9.03e-01	0.00e+00	0.00e+00	0.00e+00	0.00e+00	0.00e+00	0.00e+00
 1.80298e+11	0.00e+00	4.82e-38	4.15e-27	1.11e-16	9.86e-06	1.04e-01	8.96e-01	0.00e+00	0.00e+00	0.00e+00	0.00e+00	0.00e+00	0.00e+00
 2.17437e+11	0.00e+00	0.00e+00	5.64e-27	1.39e-16	1.14e-05	1.12e-01	8.88e-01	0.00e+00	0.00e+00	0.00e+00	0.00e+00	0.00e+00	0.00e+00
 2.56061e+11	0.00e+00	1.04e-37	7.65e-27	1.75e-16	1.33e-05	1.20e-01	8.80e-01	0.00e+00	0.00e+00	0.00e+00	0.00e+00	0.00e+00	0.00e+00
 2.96231e+11	0.00e+00	0.00e+00	1.04e-26	2.19e-16	1.54e-05	1.28e-01	8.72e-01	0.00e+00	0.00e+00	0.00e+00	0.00e+00	0.00e+00	0.00e+00
 3.38007e+11	0.00e+00	2.24e-37	1.41e-26	2.74e-16	1.78e-05	1.38e-01	8.62e-01	0.00e+00	0.00e+00	0.00e+00	0.00e+00	0.00e+00	0.00e+00
 3.81454e+11	0.00e+00	0.00e+00	1.91e-26	3.44e-16	2.06e-05	1.47e-01	8.53e-01	0.00e+00	0.00e+00	0.00e+00	0.00e+00	0.00e+00	0.00e+00
 4.26639e+11	0.00e+00	4.80e-37	2.58e-26	4.30e-16	2.38e-05	1.57e-01	8.43e-01	0.00e+00	0.00e+00	0.00e+00	0.00e+00	0.00e+00	0.00e+00
 4.73631e+11	0.00e+00	0.00e+00	3.49e-26	5.37e-16	2.75e-05	1.68e-01	8.32e-01	0.00e+00	0.00e+00	0.00e+00	0.00e+00	0.00e+00	0.00e+00
 5.17467e+11	0.00e+00	9.86e-37	4.56e-26	6.54e-16	3.12e-05	1.78e-01	8.22e-01	0.00e+00	0.00e+00	0.00e+00	0.00e+00	0.00e+00	0.00e+00
 5.56069e+11	0.00e+00	0.00e+00	5.74e-26	7.76e-16	3.49e-05	1.87e-01	8.13e-01	0.00e+00	0.00e+00	0.00e+00	0.00e+00	0.00e+00	0.00e+00
 5.99129e+11	0.00e+00	1.81e-36	7.38e-26	9.34e-16	3.93e-05	1.97e-01	8.03e-01	0.00e+00	0.00e+00	0.00e+00	0.00e+00	0.00e+00	0.00e+00
 6.50900e+11	5.60e-48	2.60e-36	9.82e-26	1.15e-15	4.50e-05	2.10e-01	7.90e-01	0.00e+00	0.00e+00	0.00e+00	0.00e+00	0.00e+00	0.00e+00
 7.02867e+11	0.00e+00	0.00e+00	1.29e-25	1.41e-15	5.11e-05	2.22e-01	7.78e-01	0.00e+00	0.00e+00	0.00e+00	0.00e+00	0.00e+00	0.00e+00
 7.50462e+11	0.00e+00	5.01e-36	1.65e-25	1.69e-15	5.73e-05	2.34e-01	7.66e-01	0.00e+00	0.00e+00	0.00e+00	0.00e+00	0.00e+00	0.00e+00
 8.03500e+11	1.86e-47	7.00e-36	2.15e-25	2.05e-15	6.50e-05	2.46e-01	7.54e-01	0.00e+00	0.00e+00	0.00e+00	0.00e+00	0.00e+00	0.00e+00
 8.65111e+11	0.00e+00	0.00e+00	2.88e-25	2.53e-15	7.43e-05	2.61e-01	7.39e-01	0.00e+00	0.00e+00	0.00e+00	0.00e+00	0.00e+00	2.31e-190
 9.25388e+11	0.00e+00	1.43e-35	3.78e-25	3.09e-15	8.42e-05	2.76e-01	7.24e-01	0.00e+00	0.00e+00	0.00e+00	0.00e+00	0.00e+00	0.00e+00
 9.82236e+11	6.52e-47	1.97e-35	4.86e-25	3.71e-15	9.45e-05	2.89e-01	7.11e-01	0.00e+00	0.00e+00	0.00e+00	0.00e+00	0.00e+00	0.00e+00
 1.04561e+12	0.00e+00	0.00e+00	6.36e-25	4.52e-15	1.07e-04	3.04e-01	6.96e-01	0.00e+00	0.00e+00	0.00e+00	0.00e+00	0.00e+00	4.96e-189
 1.11736e+12	0.00e+00	4.00e-35	8.49e-25	5.58e-15	1.22e-04	3.21e-01	6.79e-01	0.00e+00	0.00e+00	0.00e+00	0.00e+00	0.00e+00	0.00e+00
 1.18909e+12	2.37e-46	5.70e-35	1.12e-24	6.83e-15	1.38e-04	3.38e-01	6.62e-01	0.00e+00	0.00e+00	0.00e+00	0.00e+00	0.00e+00	2.55e-261
 1.26368e+12	0.00e+00	8.14e-35	1.48e-24	8.36e-15	1.57e-04	3.55e-01	6.44e-01	0.00e+00	0.00e+00	0.00e+00	0.00e+00	0.00e+00	1.46e-167
 1.34415e+12	5.70e-46	1.17e-34	1.97e-24	1.03e-14	1.79e-04	3.74e-01	6.26e-01	0.00e+00	0.00e+00	0.00e+00	0.00e+00	0.00e+00	3.20e-211
 1.42784e+12	0.00e+00	1.69e-34	2.63e-24	1.27e-14	2.03e-04	3.92e-01	6.07e-01	0.00e+00	0.00e+00	0.00e+00	0.00e+00	0.00e+00	5.18e-255
 1.51489e+12	1.39e-45	2.44e-34	3.50e-24	1.56e-14	2.30e-04	4.12e-01	5.88e-01	0.00e+00	0.00e+00	0.00e+00	0.00e+00	0.00e+00	3.02e-144
 1.60541e+12	0.00e+00	3.50e-34	4.65e-24	1.91e-14	2.61e-04	4.31e-01	5.69e-01	0.00e+00	0.00e+00	0.00e+00	0.00e+00	0.00e+00	2.55e-188
 1.69955e+12	3.36e-45	5.04e-34	6.17e-24	2.34e-14	2.96e-04	4.50e-01	5.49e-01	0.00e+00	0.00e+00	0.00e+00	0.00e+00	0.00e+00	3.00e-143
 1.79746e+12	0.00e+00	7.23e-34	8.19e-24	2.87e-14	3.35e-04	4.70e-01	5.30e-01	0.00e+00	0.00e+00	0.00e+00	0.00e+00	0.00e+00	1.34e-187
 1.89928e+12	8.11e-45	1.04e-33	1.08e-23	3.51e-14	3.78e-04	4.90e-01	5.10e-01	0.00e+00	0.00e+00	0.00e+00	0.00e+00	0.00e+00	2.98e-142
 2.00518e+12	0.00e+00	1.49e-33	1.44e-23	4.29e-14	4.27e-04	5.10e-01	4.90e-01	0.00e+00	0.00e+00	0.00e+00	0.00e+00	0.00e+00	6.98e-187
 2.11532e+12	1.95e-44	2.13e-33	1.90e-23	5.23e-14	4.81e-04	5.30e-01	4.70e-01	0.00e+00	0.00e+00	0.00e+00	0.00e+00	0.00e+00	2.96e-141
 2.22986e+12	0.00e+00	3.05e-33	2.51e-23	6.38e-14	5.42e-04	5.50e-01	4.50e-01	0.00e+00	0.00e+00	0.00e+00	0.00e+00	0.00e+00	3.62e-186
 2.34898e+12	4.70e-44	4.36e-33	3.32e-23	7.78e-14	6.10e-04	5.69e-01	4.30e-01	0.00e+00	0.00e+00	0.00e+00	0.00e+00	0.00e+00	2.95e-140
 2.46439e+12	0.00e+00	6.08e-33	4.29e-23	9.34e-14	6.79e-04	5.87e-01	4.12e-01	0.00e+00	0.00e+00	0.00e+00	0.00e+00	0.00e+00	1.89e-185
 2.57016e+12	1.01e-43	8.17e-33	5.39e-23	1.10e-13	7.48e-04	6.03e-01	3.96e-01	0.00e+00	0.00e+00	0.00e+00	0.00e+00	0.00e+00	2.22e-139
 2.68768e+12	0.00e+00	1.12e-32	6.91e-23	1.31e-13	8.30e-04	6.20e-01	3.79e-01	0.00e+00	0.00e+00	0.00e+00	0.00e+00	0.00e+00	8.00e-185
 2.82415e+12	2.31e-43	1.60e-32	9.08e-23	1.59e-13	9.29e-04	6.39e-01	3.60e-01	0.00e+00	0.00e+00	0.00e+00	0.00e+00	0.00e+00	1.93e-138
 2.95917e+12	0.00e+00	2.23e-32	1.18e-22	1.91e-13	1.03e-03	6.56e-01	3.43e-01	0.00e+00	0.00e+00	0.00e+00	0.00e+00	0.00e+00	3.64e-184
 3.09958e+12	5.27e-43	3.13e-32	1.53e-22	2.29e-13	1.15e-03	6.73e-01	3.26e-01	0.00e+00	0.00e+00	0.00e+00	0.00e+00	0.00e+00	1.71e-137
 3.25349e+12	0.00e+00	4.47e-32	2.01e-22	2.78e-13	1.29e-03	6.90e-01	3.08e-01	0.00e+00	0.00e+00	0.00e+00	0.00e+00	0.00e+00	1.64e-183
 3.40908e+12	1.24e-42	6.30e-32	2.62e-22	3.35e-13	1.43e-03	7.07e-01	2.92e-01	0.00e+00	0.00e+00	0.00e+00	0.00e+00	0.00e+00	1.66e-136
 3.57090e+12	0.00e+00	8.91e-32	3.42e-22	4.04e-13	1.60e-03	7.23e-01	2.76e-01	0.00e+00	0.00e+00	0.00e+00	0.00e+00	0.00e+00	7.81e-183
 3.74366e+12	2.94e-42	1.27e-31	4.50e-22	4.89e-13	1.78e-03	7.38e-01	2.60e-01	0.00e+00	0.00e+00	0.00e+00	0.00e+00	0.00e+00	1.62e-135
 3.92333e+12	0.00e+00	1.81e-31	5.91e-22	5.92e-13	1.99e-03	7.54e-01	2.44e-01	0.00e+00	0.00e+00	0.00e+00	0.00e+00	0.00e+00	3.51e-182
 4.11019e+12	7.04e-42	2.58e-31	7.77e-22	7.16e-13	2.22e-03	7.68e-01	2.30e-01	0.00e+00	0.00e+00	0.00e+00	0.00e+00	0.00e+00	1.64e-134
 4.30453e+12	0.00e+00	3.68e-31	1.02e-21	8.66e-13	2.47e-03	7.82e-01	2.15e-01	0.00e+00	0.00e+00	0.00e+00	0.00e+00	0.00e+00	1.48e-181
 4.50663e+12	1.69e-41	5.25e-31	1.34e-21	1.05e-12	2.75e-03	7.95e-01	2.02e-01	0.00e+00	0.00e+00	0.00e+00	0.00e+00	0.00e+00	1.66e-133
 4.71683e+12	0.00e+00	7.48e-31	1.76e-21	1.27e-12	3.07e-03	8.08e-01	1.89e-01	0.00e+00	0.00e+00	0.00e+00	0.00e+00	0.00e+00	5.00e-181
 4.93543e+12	4.06e-41	1.07e-30	2.32e-21	1.53e-12	3.41e-03	8.20e-01	1.76e-01	0.00e+00	0.00e+00	0.00e+00	0.00e+00	0.00e+00	1.70e-132
 5.14085e+12	0.00e+00	1.47e-30	2.97e-21	1.82e-12	3.76e-03	8.31e-01	1.66e-01	0.00e+00	0.00e+00	0.00e+00	0.00e+00	0.00e+00	6.47e-181
 5.32438e+12	8.52e-41	1.95e-30	3.68e-21	2.11e-12	4.08e-03	8.39e-01	1.57e-01	0.00e+00	0.00e+00	0.00e+00	0.00e+00	0.00e+00	1.22e-131
 5.53032e+12	0.00e+00	2.64e-30	4.65e-21	2.48e-12	4.47e-03	8.48e-01	1.48e-01	0.00e+00	0.00e+00	0.00e+00	0.00e+00	0.00e+00	0.00e+00
 5.77463e+12	1.91e-40	3.74e-30	6.07e-21	2.98e-12	4.96e-03	8.57e-01	1.38e-01	0.00e+00	0.00e+00	0.00e+00	0.00e+00	0.00e+00	1.03e-130
 6.02027e+12	0.00e+00	5.24e-30	7.86e-21	3.56e-12	5.47e-03	8.66e-01	1.28e-01	0.00e+00	0.00e+00	0.00e+00	0.00e+00	0.00e+00	0.00e+00
 6.25055e+12	4.21e-40	7.10e-30	9.93e-21	4.18e-12	5.98e-03	8.73e-01	1.21e-01	0.00e+00	0.00e+00	0.00e+00	0.00e+00	0.00e+00	8.50e-130
 6.50530e+12	0.00e+00	9.87e-30	1.28e-20	4.98e-12	6.59e-03	8.81e-01	1.13e-01	0.00e+00	0.00e+00	0.00e+00	0.00e+00	0.00e+00	0.00e+00
 6.79544e+12	9.87e-40	1.41e-29	1.68e-20	6.02e-12	7.31e-03	8.88e-01	1.04e-01	0.00e+00	0.00e+00	0.00e+00	0.00e+00	0.00e+00	8.13e-129
 7.08464e+12	0.00e+00	2.00e-29	2.19e-20	7.22e-12	8.08e-03	8.95e-01	9.68e-02	0.00e+00	0.00e+00	0.00e+00	0.00e+00	0.00e+00	0.00e+00
 7.38541e+12	2.33e-39	2.83e-29	2.86e-20	8.67e-12	8.93e-03	9.01e-01	8.98e-02	0.00e+00	0.00e+00	0.00e+00	0.00e+00	0.00e+00	7.89e-128
 7.71075e+12	0.00e+00	4.06e-29	3.78e-20	1.05e-11	9.91e-03	9.07e-01	8.29e-02	0.00e+00	0.00e+00	0.00e+00	0.00e+00	0.00e+00	0.00e+00
 8.04911e+12	5.71e-39	5.84e-29	4.99e-20	1.27e-11	1.10e-02	9.12e-01	7.65e-02	0.00e+00	0.00e+00	0.00e+00	0.00e+00	0.00e+00	8.52e-127
 8.36803e+12	0.00e+00	8.12e-29	6.42e-20	1.51e-11	1.21e-02	9.17e-01	7.11e-02	0.00e+00	0.00e+00	0.00e+00	0.00e+00	0.00e+00	0.00e+00
 8.65487e+12	1.23e-38	1.08e-28	8.00e-20	1.75e-11	1.31e-02	9.20e-01	6.66e-02	0.00e+00	0.00e+00	0.00e+00	0.00e+00	0.00e+00	6.46e-126
 8.97782e+12	0.00e+00	1.48e-28	1.02e-19	2.06e-11	1.43e-02	9.24e-01	6.20e-02	0.00e+00	0.00e+00	0.00e+00	0.00e+00	0.00e+00	0.00e+00
 9.35853e+12	2.84e-38	2.12e-28	1.34e-19	2.49e-11	1.58e-02	9.27e-01	5.71e-02	0.00e+00	0.00e+00	0.00e+00	0.00e+00	0.00e+00	5.90e-125
 9.73924e+12	0.00e+00	3.00e-28	1.75e-19	2.98e-11	1.74e-02	9.30e-01	5.27e-02	0.00e+00	0.00e+00	0.00e+00	0.00e+00	0.00e+00	0.00e+00
 1.00976e+13	6.45e-38	4.12e-28	2.23e-19	3.51e-11	1.90e-02	9.32e-01	4.89e-02	0.00e+00	0.00e+00	0.00e+00	0.00e+00	0.00e+00	5.15e-124
 1.04938e+13	0.00e+00	5.77e-28	2.88e-19	4.18e-11	2.09e-02	9.34e-01	4.52e-02	0.00e+00	0.00e+00	0.00e+00	0.00e+00	0.00e+00	0.00e+00
 1.09434e+13	1.55e-37	8.35e-28	3.82e-19	5.07e-11	2.31e-02	9.36e-01	4.13e-02	0.00e+00	0.00e+00	0.00e+00	0.00e+00	0.00e+00	5.22e-123
 1.13878e+13	0.00e+00	1.19e-27	5.01e-19	6.09e-11	2.55e-02	9.37e-01	3.80e-02	0.00e+00	0.00e+00	0.00e+00	0.00e+00	0.00e+00	0.00e+00
 1.18500e+13	3.73e-37	1.69e-27	6.57e-19	7.31e-11	2.80e-02	9.37e-01	3.48e-02	0.00e+00	0.00e+00	0.00e+00	0.00e+00	0.00e+00	5.26e-122
 1.23539e+13	0.00e+00	2.46e-27	8.74e-19	8.87e-11	3.10e-02	9.37e-01	3.18e-02	0.00e+00	0.00e+00	0.00e+00	0.00e+00	0.00e+00	0.00e+00
 1.28623e+13	9.28e-37	3.53e-27	1.15e-18	1.07e-10	3.42e-02	9.37e-01	2.91e-02	0.00e+00	0.00e+00	0.00e+00	0.00e+00	0.00e+00	5.80e-121
 1.33910e+13	0.00e+00	5.07e-27	1.52e-18	1.29e-10	3.77e-02	9.36e-01	2.65e-02	0.00e+00	0.00e+00	0.00e+00	0.00e+00	0.00e+00	0.00e+00
 1.39362e+13	2.28e-36	7.28e-27	2.01e-18	1.56e-10	4.15e-02	9.34e-01	2.42e-02	0.00e+00	0.00e+00	0.00e+00	0.00e+00	0.00e+00	6.17e-120
 1.44709e+13	0.00e+00	1.02e-26	2.61e-18	1.86e-10	4.54e-02	9.32e-01	2.22e-02	0.00e+00	0.00e+00	0.00e+00	0.00e+00	0.00e+00	0.00e+00
 1.50472e+13	5.43e-36	1.46e-26	3.43e-18	2.23e-10	4.99e-02	9.30e-01	2.02e-02	0.00e+00	0.00e+00	0.00e+00	0.00e+00	0.00e+00	5.99e-119
 1.56791e+13	0.00e+00	2.13e-26	4.58e-18	2.71e-10	5.51e-02	9.27e-01	1.83e-02	0.00e+00	0.00e+00	0.00e+00	0.00e+00	0.00e+00	0.00e+00
 1.63361e+13	1.38e-35	3.10e-26	6.12e-18	3.29e-10	6.08e-02	9.23e-01	1.66e-02	0.00e+00	0.00e+00	0.00e+00	0.00e+00	0.00e+00	6.92e-118
 1.70195e+13	0.00e+00	4.51e-26	8.17e-18	4.00e-10	6.70e-02	9.18e-01	1.50e-02	0.00e+00	0.00e+00	0.00e+00	0.00e+00	0.00e+00	0.00e+00
 1.77302e+13	3.51e-35	6.57e-26	1.09e-17	4.85e-10	7.38e-02	9.13e-01	1.35e-02	0.00e+00	0.00e+00	0.00e+00	0.00e+00	0.00e+00	7.96e-117
 1.83727e+13	0.00e+00	9.12e-26	1.41e-17	5.75e-10	8.03e-02	9.07e-01	1.24e-02	0.00e+00	0.00e+00	0.00e+00	0.00e+00	0.00e+00	7.48e-100
 1.89073e+13	7.30e-35	1.19e-25	1.72e-17	6.59e-10	8.59e-02	9.03e-01	1.15e-02	0.00e+00	0.00e+00	0.00e+00	0.00e+00	0.00e+00	0.00e+00
 1.94926e+13	1.03e-34	1.57e-25	2.14e-17	7.62e-10	9.22e-02	8.97e-01	1.06e-02	0.00e+00	0.00e+00	0.00e+00	0.00e+00	0.00e+00	1.34e-115
 2.02349e+13	1.58e-34	2.21e-25	2.79e-17	9.10e-10	1.01e-01	8.90e-01	9.63e-03	0.00e+00	0.00e+00	0.00e+00	0.00e+00	0.00e+00	2.07e-97
 2.10098e+13	2.42e-34	3.12e-25	3.64e-17	1.09e-09	1.10e-01	8.82e-01	8.71e-03	0.00e+00	0.00e+00	0.00e+00	0.00e+00	0.00e+00	0.00e+00
 2.16668e+13	3.42e-34	4.12e-25	4.52e-17	1.26e-09	1.18e-01	8.74e-01	8.01e-03	0.00e+00	0.00e+00	0.00e+00	0.00e+00	0.00e+00	3.10e-114
 2.23421e+13	4.83e-34	5.45e-25	5.61e-17	1.45e-09	1.26e-01	8.67e-01	7.37e-03	0.00e+00	0.00e+00	0.00e+00	0.00e+00	0.00e+00	2.39e-96
 2.31932e+13	7.33e-34	7.64e-25	7.30e-17	1.73e-09	1.37e-01	8.56e-01	6.65e-03	0.00e+00	0.00e+00	0.00e+00	0.00e+00	0.00e+00	0.00e+00
 2.40583e+13	1.10e-33	1.06e-24	9.43e-17	2.06e-09	1.49e-01	8.45e-01	6.00e-03	0.00e+00	0.00e+00	0.00e+00	0.00e+00	0.00e+00	6.75e-113
 2.47994e+13	1.54e-33	1.39e-24	1.17e-16	2.37e-09	1.59e-01	8.36e-01	5.51e-03	0.00e+00	0.00e+00	0.00e+00	0.00e+00	0.00e+00	3.01e-95
 2.55939e+13	2.18e-33	1.84e-24	1.45e-16	2.74e-09	1.70e-01	8.25e-01	5.03e-03	0.00e+00	0.00e+00	0.00e+00	0.00e+00	0.00e+00	4.08e-112
 2.65788e+13	3.29e-33	2.57e-24	1.88e-16	3.26e-09	1.84e-01	8.12e-01	4.51e-03	0.00e+00	0.00e+00	0.00e+00	0.00e+00	0.00e+00	1.57e-94
 2.75892e+13	4.92e-33	3.57e-24	2.43e-16	3.86e-09	1.99e-01	7.97e-01	4.05e-03	0.00e+00	0.00e+00	0.00e+00	0.00e+00	0.00e+00	3.55e-111
 2.84972e+13	6.96e-33	4.72e-24	3.02e-16	4.46e-09	2.12e-01	7.84e-01	3.68e-03	0.00e+00	0.00e+00	0.00e+00	0.00e+00	0.00e+00	8.09e-94
 2.94941e+13	1.00e-32	6.34e-24	3.80e-16	5.20e-09	2.27e-01	7.70e-01	3.32e-03	0.00e+00	0.00e+00	0.00e+00	0.00e+00	0.00e+00	2.37e-110
 3.06737e+13	1.51e-32	8.86e-24	4.93e-16	6.18e-09	2.45e-01	7.52e-01	2.95e-03	0.00e+00	0.00e+00	0.00e+00	0.00e+00	0.00e+00	4.43e-93
 3.18558e+13	2.24e-32	1.22e-23	6.33e-16	7.28e-09	2.63e-01	7.35e-01	2.62e-03	0.00e+00	0.00e+00	0.00e+00	0.00e+00	0.00e+00	2.07e-109
 3.29747e+13	3.19e-32	1.62e-23	7.92e-16	8.44e-09	2.80e-01	7.18e-01	2.36e-03	0.00e+00	0.00e+00	0.00e+00	0.00e+00	0.00e+00	2.29e-92
 3.42133e+13	4.63e-32	2.20e-23	1.00e-15	9.86e-09	2.99e-01	6.99e-01	2.10e-03	0.00e+00	0.00e+00	0.00e+00	0.00e+00	0.00e+00	1.50e-108
 3.56117e+13	6.92e-32	3.04e-23	1.29e-15	1.17e-08	3.20e-01	6.78e-01	1.85e-03	0.00e+00	0.00e+00	0.00e+00	0.00e+00	0.00e+00	1.27e-91
 3.70058e+13	1.01e-31	4.14e-23	1.65e-15	1.36e-08	3.41e-01	6.57e-01	1.63e-03	0.00e+00	0.00e+00	0.00e+00	0.00e+00	0.00e+00	1.28e-107
 3.82359e+13	1.39e-31	5.36e-23	2.01e-15	1.56e-08	3.59e-01	6.39e-01	1.47e-03	0.00e+00	0.00e+00	0.00e+00	0.00e+00	0.00e+00	6.06e-91
 3.93181e+13	1.83e-31	6.67e-23	2.39e-15	1.74e-08	3.75e-01	6.23e-01	1.34e-03	0.00e+00	0.00e+00	0.00e+00	0.00e+00	0.00e+00	6.60e-107
 4.05443e+13	2.45e-31	8.47e-23	2.88e-15	1.96e-08	3.93e-01	6.06e-01	1.21e-03	0.00e+00	0.00e+00	0.00e+00	0.00e+00	0.00e+00	2.16e-90
 4.19113e+13	3.36e-31	1.09e-22	3.51e-15	2.23e-08	4.12e-01	5.86e-01	1.08e-03	0.00e+00	0.00e+00	0.00e+00	0.00e+00	0.00e+00	3.65e-106
 4.31956e+13	4.46e-31	1.38e-22	4.20e-15	2.50e-08	4.30e-01	5.69e-01	9.76e-04	0.00e+00	0.00e+00	0.00e+00	0.00e+00	0.00e+00	8.34e-90
 4.45991e+13	6.01e-31	1.75e-22	5.06e-15	2.82e-08	4.49e-01	5.50e-01	8.75e-04	0.00e+00	0.00e+00	0.00e+00	0.00e+00	0.00e+00	1.90e-105
 4.61676e+13	8.26e-31	2.26e-22	6.18e-15	3.20e-08	4.70e-01	5.29e-01	7.75e-04	0.00e+00	0.00e+00	0.00e+00	0.00e+00	0.00e+00	3.40e-89
 4.76476e+13	1.10e-30	2.86e-22	7.40e-15	3.59e-08	4.89e-01	5.10e-01	6.94e-04	0.00e+00	0.00e+00	0.00e+00	0.00e+00	0.00e+00	1.08e-104
 4.92687e+13	1.49e-30	3.64e-22	8.93e-15	4.05e-08	5.09e-01	4.90e-01	6.17e-04	0.00e+00	0.00e+00	0.00e+00	0.00e+00	0.00e+00	1.32e-88
 5.10832e+13	2.06e-30	4.73e-22	1.09e-14	4.60e-08	5.30e-01	4.69e-01	5.41e-04	0.00e+00	0.00e+00	0.00e+00	0.00e+00	0.00e+00	6.60e-104
 5.28016e+13	2.76e-30	5.99e-22	1.31e-14	5.15e-08	5.50e-01	4.50e-01	4.80e-04	0.00e+00	0.00e+00	0.00e+00	0.00e+00	0.00e+00	5.52e-88
 5.43915e+13	3.58e-30	7.38e-22	1.54e-14	5.70e-08	5.67e-01	4.32e-01	4.31e-04	0.00e+00	0.00e+00	0.00e+00	0.00e+00	0.00e+00	3.33e-103
 5.61621e+13	4.73e-30	9.23e-22	1.83e-14	6.34e-08	5.86e-01	4.14e-01	3.83e-04	0.00e+00	0.00e+00	0.00e+00	0.00e+00	0.00e+00	1.95e-87
 5.81476e+13	6.38e-30	1.17e-21	2.20e-14	7.11e-08	6.05e-01	3.94e-01	3.36e-04	0.00e+00	0.00e+00	0.00e+00	0.00e+00	0.00e+00	1.85e-102
 6.00215e+13	8.36e-30	1.46e-21	2.60e-14	7.88e-08	6.23e-01	3.77e-01	2.99e-04	0.00e+00	0.00e+00	0.00e+00	0.00e+00	0.00e+00	7.50e-87
 6.20663e+13	1.11e-29	1.83e-21	3.09e-14	8.77e-08	6.41e-01	3.59e-01	2.63e-04	0.00e+00	0.00e+00	0.00e+00	0.00e+00	0.00e+00	9.72e-102
 6.43288e+13	1.50e-29	2.33e-21	3.72e-14	9.82e-08	6.60e-01	3.40e-01	2.30e-04	0.00e+00	0.00e+00	0.00e+00	0.00e+00	0.00e+00	3.03e-86
 6.64253e+13	1.96e-29	2.88e-21	4.37e-14	1.08e-07	6.77e-01	3.23e-01	2.03e-04	0.00e+00	0.00e+00	0.00e+00	0.00e+00	0.00e+00	5.43e-101
 6.87017e+13	2.58e-29	3.60e-21	5.18e-14	1.20e-07	6.93e-01	3.06e-01	1.78e-04	0.00e+00	0.00e+00	0.00e+00	0.00e+00	0.00e+00	1.14e-85
 7.12479e+13	3.48e-29	4.57e-21	6.20e-14	1.34e-07	7.11e-01	2.89e-01	1.55e-04	0.00e+00	0.00e+00	0.00e+00	0.00e+00	0.00e+00	3.17e-100
 7.36495e+13	4.56e-29	5.66e-21	7.30e-14	1.47e-07	7.26e-01	2.74e-01	1.36e-04	0.00e+00	0.00e+00	0.00e+00	0.00e+00	0.00e+00	4.55e-85
 7.62763e+13	6.05e-29	7.10e-21	8.65e-14	1.63e-07	7.42e-01	2.58e-01	1.18e-04	0.00e+00	0.00e+00	0.00e+00	0.00e+00	0.00e+00	1.76e-99
 7.92092e+13	8.19e-29	9.02e-21	1.04e-13	1.82e-07	7.58e-01	2.42e-01	1.02e-04	0.00e+00	0.00e+00	0.00e+00	0.00e+00	0.00e+00	1.94e-84
 8.19728e+13	1.08e-28	1.12e-20	1.22e-13	2.00e-07	7.72e-01	2.28e-01	8.88e-05	0.00e+00	0.00e+00	0.00e+00	0.00e+00	0.00e+00	1.07e-98
 8.49691e+13	1.43e-28	1.41e-20	1.44e-13	2.21e-07	7.86e-01	2.14e-01	7.70e-05	0.00e+00	0.00e+00	0.00e+00	0.00e+00	0.00e+00	7.87e-84
 8.83296e+13	1.94e-28	1.79e-20	1.73e-13	2.45e-07	8.00e-01	2.00e-01	6.58e-05	0.00e+00	0.00e+00	0.00e+00	0.00e+00	0.00e+00	6.89e-98
 9.15733e+13	2.58e-28	2.24e-20	2.04e-13	2.70e-07	8.13e-01	1.87e-01	5.69e-05	0.00e+00	0.00e+00	0.00e+00	0.00e+00	0.00e+00	3.48e-83
 9.50150e+13	3.45e-28	2.81e-20	2.42e-13	2.97e-07	8.25e-01	1.75e-01	4.91e-05	0.00e+00	0.00e+00	0.00e+00	0.00e+00	0.00e+00	4.27e-97
 9.88455e+13	4.69e-28	3.59e-20	2.89e-13	3.30e-07	8.37e-01	1.63e-01	4.18e-05	0.00e+00	0.00e+00	0.00e+00	0.00e+00	0.00e+00	1.60e-82
 1.02708e+14	6.31e-28	4.53e-20	3.43e-13	3.64e-07	8.48e-01	1.51e-01	3.58e-05	0.00e+00	0.00e+00	0.00e+00	0.00e+00	0.00e+00	2.98e-96
 1.06725e+14	8.52e-28	5.73e-20	4.07e-13	4.00e-07	8.59e-01	1.41e-01	3.07e-05	0.00e+00	0.00e+00	0.00e+00	0.00e+00	0.00e+00	7.56e-82
 1.11024e+14	1.15e-27	7.27e-20	4.85e-13	4.42e-07	8.69e-01	1.31e-01	2.60e-05	0.00e+00	0.00e+00	0.00e+00	0.00e+00	0.00e+00	2.08e-95
 1.15081e+14	1.52e-27	9.03e-20	5.68e-13	4.82e-07	8.78e-01	1.22e-01	2.25e-05	0.00e+00	0.00e+00	0.00e+00	0.00e+00	0.00e+00	3.42e-81
 1.18752e+14	1.94e-27	1.09e-19	6.51e-13	5.21e-07	8.85e-01	1.15e-01	1.98e-05	0.00e+00	0.00e+00	0.00e+00	0.00e+00	0.00e+00	1.13e-94
 1.22239e+14	2.43e-27	1.30e-19	7.38e-13	5.58e-07	8.91e-01	1.09e-01	1.76e-05	0.00e+00	0.00e+00	0.00e+00	0.00e+00	0.00e+00	1.16e-80
 1.26106e+14	3.09e-27	1.57e-19	8.43e-13	6.01e-07	8.97e-01	1.03e-01	1.55e-05	0.00e+00	0.00e+00	0.00e+00	0.00e+00	0.00e+00	5.10e-94
 1.30432e+14	4.01e-27	1.92e-19	9.75e-13	6.50e-07	9.04e-01	9.61e-02	1.35e-05	0.00e+00	0.00e+00	0.00e+00	0.00e+00	0.00e+00	4.40e-80
 1.34521e+14	5.08e-27	2.31e-19	1.11e-12	6.99e-07	9.10e-01	9.05e-02	1.19e-05	0.00e+00	0.00e+00	0.00e+00	0.00e+00	0.00e+00	2.59e-93
 1.39006e+14	6.56e-27	2.81e-19	1.28e-12	7.54e-07	9.15e-01	8.49e-02	1.04e-05	0.00e+00	0.00e+00	0.00e+00	0.00e+00	0.00e+00	1.62e-79
 1.43935e+14	8.59e-27	3.46e-19	1.48e-12	8.17e-07	9.21e-01	7.94e-02	9.07e-06	0.00e+00	0.00e+00	0.00e+00	0.00e+00	0.00e+00	1.43e-92
 1.48457e+14	1.09e-26	4.16e-19	1.69e-12	8.77e-07	9.25e-01	7.47e-02	7.99e-06	0.00e+00	0.00e+00	0.00e+00	0.00e+00	0.00e+00	6.32e-79
 1.53349e+14	1.40e-26	5.05e-19	1.93e-12	9.43e-07	9.30e-01	7.01e-02	7.01e-06	0.00e+00	0.00e+00	0.00e+00	0.00e+00	0.00e+00	7.08e-92
 1.58819e+14	1.84e-26	6.22e-19	2.24e-12	1.02e-06	9.35e-01	6.55e-02	6.08e-06	0.00e+00	0.00e+00	0.00e+00	0.00e+00	0.00e+00	2.58e-78
 1.63985e+14	2.36e-26	7.53e-19	2.56e-12	1.10e-06	9.39e-01	6.15e-02	5.34e-06	0.00e+00	0.00e+00	0.00e+00	0.00e+00	0.00e+00	3.88e-91
 1.69645e+14	3.07e-26	9.23e-19	2.95e-12	1.18e-06	9.42e-01	5.76e-02	4.66e-06	0.00e+00	0.00e+00	0.00e+00	0.00e+00	0.00e+00	1.03e-77
 1.75932e+14	4.08e-26	1.15e-18	3.42e-12	1.28e-06	9.46e-01	5.36e-02	4.03e-06	0.00e+00	0.00e+00	0.00e+00	0.00e+00	0.00e+00	2.33e-90
 1.81811e+14	5.28e-26	1.39e-18	3.92e-12	1.37e-06	9.50e-01	5.03e-02	3.53e-06	0.00e+00	0.00e+00	0.00e+00	0.00e+00	0.00e+00	4.47e-77
 1.88234e+14	6.93e-26	1.72e-18	4.52e-12	1.48e-06	9.53e-01	4.70e-02	3.07e-06	0.00e+00	0.00e+00	0.00e+00	0.00e+00	0.00e+00	1.30e-89
 1.95411e+14	9.29e-26	2.14e-18	5.27e-12	1.60e-06	9.56e-01	4.37e-02	2.65e-06	0.00e+00	0.00e+00	0.00e+00	0.00e+00	0.00e+00	2.08e-76
 2.02202e+14	1.22e-25	2.63e-18	6.06e-12	1.72e-06	9.59e-01	4.09e-02	2.31e-06	0.00e+00	0.00e+00	0.00e+00	0.00e+00	0.00e+00	4.33e-76
 2.09571e+14	1.61e-25	3.26e-18	7.01e-12	1.85e-06	9.62e-01	3.81e-02	2.00e-06	0.00e+00	0.00e+00	0.00e+00	0.00e+00	0.00e+00	9.38e-76
 2.17784e+14	2.19e-25	4.10e-18	8.19e-12	2.01e-06	9.65e-01	3.54e-02	1.72e-06	0.00e+00	0.00e+00	0.00e+00	0.00e+00	0.00e+00	2.15e-75
 2.25695e+14	2.90e-25	5.08e-18	9.46e-12	2.16e-06	9.67e-01	3.30e-02	1.49e-06	0.00e+00	0.00e+00	0.00e+00	0.00e+00	0.00e+00	4.65e-75
 2.34121e+14	3.87e-25	6.32e-18	1.10e-11	2.33e-06	9.69e-01	3.07e-02	1.29e-06	0.00e+00	0.00e+00	0.00e+00	0.00e+00	0.00e+00	1.03e-74
 2.43516e+14	5.29e-25	8.00e-18	1.29e-11	2.53e-06	9.72e-01	2.84e-02	1.11e-06	0.00e+00	0.00e+00	0.00e+00	0.00e+00	0.00e+00	2.43e-74
 2.52940e+14	7.15e-25	1.00e-17	1.50e-11	2.73e-06	9.74e-01	2.64e-02	9.53e-07	0.00e+00	0.00e+00	0.00e+00	0.00e+00	0.00e+00	5.55e-74
 2.62742e+14	9.68e-25	1.26e-17	1.74e-11	2.95e-06	9.75e-01	2.45e-02	0.00e+00	0.00e+00	0.00e+00	0.00e+00	0.00e+00	0.00e+00	1.27e-73
 2.73281e+14	1.32e-24	1.60e-17	2.04e-11	3.19e-06	9.77e-01	2.27e-02	0.00e+00	0.00e+00	0.00e+00	0.00e+00	0.00e+00	0.00e+00	3.01e-73
 2.84242e+14	1.81e-24	2.02e-17	2.39e-11	3.46e-06	9.79e-01	2.11e-02	0.00e+00	0.00e+00	0.00e+00	0.00e+00	0.00e+00	0.00e+00	7.10e-73
 2.95642e+14	2.47e-24	2.55e-17	2.80e-11	3.74e-06	9.81e-01	1.95e-02	0.00e+00	0.00e+00	0.00e+00	0.00e+00	0.00e+00	0.00e+00	1.68e-72
 3.06713e+14	3.31e-24	3.18e-17	3.24e-11	4.03e-06	9.82e-01	1.81e-02	0.00e+00	0.00e+00	0.00e+00	0.00e+00	0.00e+00	0.00e+00	3.75e-72
 3.17177e+14	4.32e-24	3.88e-17	3.71e-11	4.31e-06	9.83e-01	1.70e-02	0.00e+00	0.00e+00	0.00e+00	0.00e+00	0.00e+00	0.00e+00	7.80e-72
 3.27057e+14	5.51e-24	4.66e-17	4.19e-11	4.59e-06	9.84e-01	1.60e-02	0.00e+00	0.00e+00	0.00e+00	0.00e+00	1.51e-17	3.16e-17	1.52e-71
 3.37809e+14	7.12e-24	5.66e-17	4.77e-11	4.89e-06	9.85e-01	1.50e-02	0.00e+00	0.00e+00	0.00e+00	0.00e+00	1.88e-17	3.78e-17	3.09e-71
 3.49791e+14	9.36e-24	6.95e-17	5.48e-11	5.25e-06	9.86e-01	1.40e-02	0.00e+00	0.00e+00	0.00e+00	0.00e+00	2.31e-17	4.64e-17	6.53e-71
 3.61071e+14	1.21e-23	8.41e-17	6.22e-11	5.59e-06	9.87e-01	1.32e-02	0.00e+00	0.00e+00	0.00e+00	0.00e+00	2.79e-17	5.62e-17	1.32e-70
 3.73433e+14	1.57e-23	1.03e-16	7.12e-11	5.98e-06	9.88e-01	1.23e-02	0.00e+00	0.00e+00	0.00e+00	0.00e+00	3.41e-17	6.87e-17	2.74e-70
 3.87318e+14	2.10e-23	1.28e-16	8.24e-11	6.44e-06	9.89e-01	1.15e-02	0.00e+00	0.00e+00	0.00e+00	0.00e+00	4.24e-17	8.53e-17	6.06e-70
 4.00611e+14	2.73e-23	1.56e-16	9.43e-11	6.90e-06	9.89e-01	1.07e-02	0.00e+00	0.00e+00	0.00e+00	0.00e+00	5.16e-17	1.04e-16	1.24e-69
 4.15161e+14	3.64e-23	1.93e-16	1.09e-10	7.40e-06	9.90e-01	1.00e-02	0.00e+00	0.00e+00	0.00e+00	0.00e+00	6.41e-17	1.29e-16	2.75e-69
 4.31798e+14	4.92e-23	2.43e-16	1.27e-10	8.02e-06	9.91e-01	9.23e-03	0.00e+00	0.00e+00	0.00e+00	0.00e+00	8.05e-17	1.62e-16	6.26e-69
 4.48004e+14	6.59e-23	3.02e-16	1.48e-10	8.63e-06	9.91e-01	8.59e-03	0.00e+00	0.00e+00	0.00e+00	0.00e+00	1.00e-16	2.02e-16	1.40e-68
 4.64858e+14	8.82e-23	3.77e-16	1.71e-10	9.30e-06	9.92e-01	7.98e-03	0.00e+00	0.00e+00	0.00e+00	0.00e+00	1.25e-16	2.52e-16	3.15e-68
 4.81922e+14	1.17e-22	4.66e-16	1.98e-10	1.00e-05	9.93e-01	7.42e-03	0.00e+00	0.00e+00	0.00e+00	0.00e+00	1.55e-16	3.11e-16	6.77e-68
 4.96988e+14	1.49e-22	5.61e-16	2.24e-10	1.06e-05	9.93e-01	6.99e-03	0.00e+00	0.00e+00	0.00e+00	0.00e+00	1.86e-16	3.75e-16	1.33e-67
 5.13393e+14	1.92e-22	6.78e-16	2.56e-10	1.14e-05	9.93e-01	6.54e-03	0.00e+00	0.00e+00	0.00e+00	0.00e+00	2.25e-16	4.53e-16	2.64e-67
 5.33134e+14	2.58e-22	8.50e-16	2.97e-10	1.23e-05	9.94e-01	6.07e-03	0.00e+00	0.00e+00	0.00e+00	0.00e+00	2.82e-16	5.68e-16	6.05e-67
 5.52717e+14	3.41e-22	1.05e-15	3.44e-10	1.32e-05	9.94e-01	5.64e-03	0.00e+00	0.00e+00	0.00e+00	0.00e+00	3.48e-16	7.01e-16	1.29e-66
 5.70221e+14	4.35e-22	1.26e-15	3.90e-10	1.41e-05	9.95e-01	5.30e-03	0.00e+00	0.00e+00	0.00e+00	0.00e+00	4.18e-16	8.43e-16	2.51e-66
 5.89515e+14	5.63e-22	1.53e-15	4.47e-10	1.51e-05	9.95e-01	4.96e-03	0.00e+00	0.00e+00	0.00e+00	0.00e+00	5.09e-16	1.03e-15	5.10e-66
 6.12443e+14	7.60e-22	1.93e-15	5.20e-10	1.63e-05	9.95e-01	4.59e-03	0.00e+00	0.00e+00	0.00e+00	0.00e+00	6.39e-16	1.29e-15	1.17e-65
 6.35153e+14	1.00e-21	2.38e-15	6.04e-10	1.75e-05	9.96e-01	4.27e-03	0.00e+00	0.00e+00	0.00e+00	0.00e+00	7.89e-16	1.59e-15	2.49e-65
 6.55843e+14	1.28e-21	2.87e-15	6.87e-10	1.87e-05	9.96e-01	4.00e-03	0.00e+00	0.00e+00	0.00e+00	0.00e+00	9.52e-16	1.92e-15	4.92e-65
 6.78850e+14	1.67e-21	3.51e-15	7.90e-10	2.01e-05	9.96e-01	3.73e-03	0.00e+00	0.00e+00	0.00e+00	0.00e+00	1.16e-15	2.34e-15	1.01e-64
 7.05706e+14	2.25e-21	4.41e-15	9.23e-10	2.17e-05	9.97e-01	3.45e-03	0.00e+00	0.00e+00	0.00e+00	0.00e+00	1.46e-15	2.94e-15	2.32e-64
 7.32167e+14	3.00e-21	5.48e-15	1.07e-09	2.34e-05	9.97e-01	3.20e-03	0.00e+00	0.00e+00	0.00e+00	0.00e+00	1.82e-15	3.66e-15	5.11e-64
 7.57158e+14	3.84e-21	6.62e-15	1.23e-09	2.51e-05	9.97e-01	2.99e-03	0.00e+00	0.00e+00	0.00e+00	0.00e+00	2.19e-15	4.43e-15	1.01e-63
 7.84947e+14	5.09e-21	8.21e-15	1.41e-09	2.70e-05	9.97e-01	2.78e-03	0.00e+00	0.00e+00	0.00e+00	0.00e+00	2.72e-15	5.49e-15	2.20e-63
 8.16375e+14	6.80e-21	1.02e-14	1.66e-09	2.92e-05	9.97e-01	2.56e-03	0.00e+00	0.00e+00	0.00e+00	0.00e+00	3.39e-15	6.85e-15	4.87e-63
 8.47702e+14	9.09e-21	1.28e-14	1.93e-09	3.15e-05	9.98e-01	2.37e-03	0.00e+00	0.00e+00	0.00e+00	0.00e+00	4.24e-15	8.55e-15	1.09e-62
 8.77037e+14	1.16e-20	1.55e-14	2.21e-09	3.38e-05	9.98e-01	2.21e-03	0.00e+00	0.00e+00	0.00e+00	0.00e+00	5.12e-15	1.03e-14	2.15e-62
 9.08903e+14	1.53e-20	1.91e-14	2.55e-09	3.63e-05	9.98e-01	2.06e-03	0.00e+00	0.00e+00	0.00e+00	0.00e+00	6.32e-15	1.28e-14	4.62e-62
 9.45289e+14	2.04e-20	2.37e-14	2.99e-09	3.94e-05	9.98e-01	1.90e-03	0.00e+00	0.00e+00	0.00e+00	0.00e+00	7.86e-15	1.59e-14	1.01e-61
 9.79454e+14	2.66e-20	2.91e-14	3.44e-09	4.23e-05	9.98e-01	1.77e-03	0.00e+00	0.00e+00	0.00e+00	0.00e+00	9.63e-15	1.94e-14	2.10e-61
 1.01005e+15	3.35e-20	3.48e-14	3.89e-09	4.50e-05	9.98e-01	1.66e-03	0.00e+00	0.00e+00	0.00e+00	0.00e+00	1.15e-14	2.33e-14	4.02e-61
 1.03915e+15	4.13e-20	4.09e-14	4.36e-09	4.77e-05	9.98e-01	1.56e-03	0.00e+00	0.00e+00	0.00e+00	0.00e+00	1.35e-14	2.73e-14	7.15e-61
 1.07162e+15	5.14e-20	4.84e-14	4.93e-09	5.08e-05	9.98e-01	1.47e-03	0.00e+00	0.00e+00	0.00e+00	0.00e+00	1.60e-14	3.24e-14	1.31e-60
 1.10766e+15	6.62e-20	5.88e-14	5.63e-09	5.43e-05	9.99e-01	1.37e-03	0.00e+00	0.00e+00	0.00e+00	0.00e+00	1.95e-14	3.93e-14	2.66e-60
 1.14155e+15	8.16e-20	6.91e-14	6.36e-09	5.78e-05	9.99e-01	1.29e-03	0.00e+00	0.00e+00	0.00e+00	0.00e+00	2.29e-14	4.62e-14	4.72e-60
 1.17879e+15	1.04e-19	8.30e-14	7.22e-09	6.17e-05	9.99e-01	1.21e-03	0.00e+00	0.00e+00	0.00e+00	0.00e+00	2.75e-14	5.56e-14	9.20e-60
 1.22045e+15	1.35e-19	1.02e-13	8.30e-09	6.62e-05	9.99e-01	1.12e-03	0.00e+00	0.00e+00	0.00e+00	0.00e+00	3.36e-14	6.80e-14	1.90e-59
 1.25998e+15	1.70e-19	1.21e-13	9.43e-09	7.06e-05	9.99e-01	1.05e-03	0.00e+00	0.00e+00	0.00e+00	0.00e+00	4.02e-14	8.13e-14	3.62e-59
 1.30348e+15	2.15e-19	1.46e-13	1.08e-08	7.57e-05	9.99e-01	9.81e-04	0.00e+00	0.00e+00	0.00e+00	0.00e+00	4.82e-14	9.76e-14	6.98e-59
 1.35133e+15	2.83e-19	1.80e-13	1.25e-08	8.14e-05	9.99e-01	9.12e-04	0.00e+00	0.00e+00	0.00e+00	0.00e+00	5.96e-14	1.21e-13	1.51e-58
 1.39543e+15	3.54e-19	2.14e-13	1.42e-08	8.69e-05	9.99e-01	8.52e-04	0.00e+00	0.00e+00	0.00e+00	0.00e+00	7.08e-14	1.43e-13	2.79e-58
 1.44336e+15	4.54e-19	2.60e-13	1.62e-08	9.30e-05	9.99e-01	7.96e-04	0.00e+00	0.00e+00	0.00e+00	0.00e+00	8.60e-14	1.74e-13	5.66e-58
 1.49693e+15	5.87e-19	3.17e-13	1.88e-08	1.00e-04	9.99e-01	7.37e-04	0.00e+00	0.00e+00	0.00e+00	0.00e+00	1.05e-13	2.13e-13	1.15e-57
 1.54708e+15	7.45e-19	3.82e-13	2.15e-08	1.07e-04	9.99e-01	6.89e-04	0.00e+00	0.00e+00	0.00e+00	0.00e+00	1.26e-13	2.56e-13	2.24e-57
 1.60152e+15	9.58e-19	4.65e-13	2.46e-08	1.15e-04	9.99e-01	6.41e-04	0.00e+00	0.00e+00	0.00e+00	0.00e+00	1.53e-13	3.11e-13	4.55e-57
 1.66228e+15	1.24e-18	5.67e-13	2.86e-08	1.24e-04	9.99e-01	5.93e-04	0.00e+00	0.00e+00	0.00e+00	0.00e+00	1.87e-13	3.80e-13	9.23e-57
 1.71914e+15	1.59e-18	6.89e-13	3.27e-08	1.33e-04	9.99e-01	5.54e-04	0.00e+00	0.00e+00	0.00e+00	0.00e+00	2.27e-13	4.62e-13	1.87e-56
 1.78095e+15	2.03e-18	8.33e-13	3.78e-08	1.43e-04	9.99e-01	5.14e-04	0.00e+00	0.00e+00	0.00e+00	0.00e+00	2.75e-13	5.58e-13	3.67e-56
 1.84993e+15	2.66e-18	1.03e-12	4.39e-08	1.55e-04	9.99e-01	4.75e-04	0.00e+00	0.00e+00	0.00e+00	0.00e+00	3.40e-13	6.92e-13	7.97e-56
 1.91522e+15	3.37e-18	1.24e-12	5.06e-08	1.66e-04	9.99e-01	4.41e-04	0.00e+00	0.00e+00	0.00e+00	0.00e+00	4.09e-13	8.33e-13	1.54e-55
 1.98541e+15	4.34e-18	1.51e-12	5.84e-08	1.79e-04	9.99e-01	4.09e-04	0.00e+00	0.00e+00	0.00e+00	0.00e+00	4.99e-13	1.02e-12	3.13e-55
 2.06486e+15	5.69e-18	1.88e-12	6.84e-08	1.94e-04	9.99e-01	3.76e-04	0.00e+00	0.00e+00	0.00e+00	0.00e+00	6.17e-13	1.26e-12	6.73e-55
 2.14265e+15	7.35e-18	2.30e-12	7.94e-08	2.10e-04	9.99e-01	3.48e-04	0.00e+00	0.00e+00	0.00e+00	0.00e+00	7.57e-13	1.54e-12	1.40e-54
 2.22356e+15	9.40e-18	2.79e-12	9.22e-08	2.27e-04	9.99e-01	3.21e-04	0.00e+00	0.00e+00	0.00e+00	0.00e+00	9.18e-13	1.87e-12	2.78e-54
 2.31254e+15	1.23e-17	3.47e-12	1.08e-07	2.46e-04	9.99e-01	2.95e-04	0.00e+00	0.00e+00	0.00e+00	0.00e+00	1.14e-12	2.33e-12	6.08e-54
 2.40024e+15	1.57e-17	4.21e-12	1.26e-07	2.67e-04	9.99e-01	2.72e-04	0.00e+00	0.00e+00	0.00e+00	0.00e+00	1.38e-12	2.83e-12	1.21e-53
 2.47233e+15	1.92e-17	4.94e-12	1.42e-07	2.84e-04	9.99e-01	2.55e-04	0.00e+00	0.00e+00	0.00e+00	0.00e+00	1.62e-12	3.32e-12	2.13e-53
 2.52970e+15	2.24e-17	5.59e-12	1.55e-07	2.98e-04	9.99e-01	2.43e-04	0.00e+00	0.00e+00	0.00e+00	0.00e+00	1.84e-12	3.75e-12	3.30e-53
 2.59325e+15	2.65e-17	6.40e-12	1.72e-07	3.15e-04	9.99e-01	2.30e-04	0.00e+00	0.00e+00	0.00e+00	0.00e+00	2.10e-12	4.30e-12	5.37e-53
 2.67586e+15	3.26e-17	7.54e-12	1.95e-07	3.37e-04	9.99e-01	2.14e-04	0.00e+00	0.00e+00	0.00e+00	0.00e+00	2.48e-12	5.06e-12	9.64e-53
 2.76457e+15	4.04e-17	8.97e-12	2.23e-07	3.61e-04	9.99e-01	2.00e-04	0.00e+00	0.00e+00	0.00e+00	0.00e+00	2.95e-12	6.03e-12	1.79e-52
 2.84351e+15	4.85e-17	1.04e-11	2.49e-07	3.84e-04	9.99e-01	1.88e-04	0.00e+00	4.05e-18	1.22e-17	2.03e-17	3.42e-12	7.01e-12	3.08e-52
 2.92844e+15	5.87e-17	1.22e-11	2.81e-07	4.10e-04	9.99e-01	1.75e-04	0.00e+00	4.91e-18	1.47e-17	2.46e-17	3.99e-12	8.16e-12	5.29e-52
 3.03599e+15	7.45e-17	1.47e-11	3.26e-07	4.44e-04	9.99e-01	1.62e-04	0.00e+00	6.23e-18	1.87e-17	3.12e-17	4.83e-12	9.89e-12	1.05e-51
 3.14512e+15	9.37e-17	1.78e-11	3.76e-07	4.80e-04	9.99e-01	1.50e-04	0.00e+00	7.85e-18	2.36e-17	3.94e-17	5.83e-12	1.19e-11	2.07e-51
 3.23775e+15	1.13e-16	2.06e-11	4.24e-07	5.12e-04	9.99e-01	1.40e-04	0.00e+00	9.44e-18	2.83e-17	4.73e-17	6.77e-12	1.39e-11	3.55e-51
 3.33676e+15	1.36e-16	2.42e-11	4.78e-07	5.46e-04	9.99e-01	1.31e-04	0.00e+00	1.14e-17	3.42e-17	5.71e-17	7.93e-12	1.62e-11	6.27e-51
 3.46060e+15	1.72e-16	2.93e-11	5.55e-07	5.93e-04	9.99e-01	1.21e-04	0.00e+00	1.45e-17	4.35e-17	7.26e-17	9.60e-12	1.97e-11	1.25e-50
 3.58754e+15	2.16e-16	3.53e-11	6.43e-07	6.44e-04	9.99e-01	1.11e-04	0.00e+00	1.82e-17	5.45e-17	9.11e-17	1.16e-11	2.37e-11	2.48e-50
 3.69889e+15	2.62e-16	4.14e-11	7.28e-07	6.89e-04	9.99e-01	1.04e-04	0.00e+00	2.21e-17	6.63e-17	1.11e-16	1.36e-11	2.78e-11	4.43e-50
 3.81913e+15	3.17e-16	4.87e-11	8.28e-07	7.39e-04	9.99e-01	9.63e-05	0.00e+00	2.67e-17	8.02e-17	1.34e-16	1.60e-11	3.28e-11	8.04e-50
 3.96485e+15	4.06e-16	5.94e-11	9.66e-07	8.05e-04	9.99e-01	8.83e-05	0.00e+00	3.42e-17	1.03e-16	1.72e-16	1.95e-11	3.99e-11	1.67e-49
 4.10964e+15	5.05e-16	7.15e-11	1.12e-06	8.74e-04	9.99e-01	8.13e-05	0.00e+00	4.26e-17	1.28e-16	2.14e-16	2.35e-11	4.81e-11	3.31e-49
 4.23795e+15	6.14e-16	8.40e-11	1.26e-06	9.36e-04	9.99e-01	7.58e-05	0.00e+00	5.18e-17	1.56e-16	2.60e-16	2.75e-11	5.64e-11	6.02e-49
 4.37888e+15	7.50e-16	9.93e-11	1.44e-06	1.01e-03	9.99e-01	7.02e-05	0.00e+00	6.34e-17	1.90e-16	3.18e-16	3.26e-11	6.67e-11	1.13e-48
 4.54772e+15	9.46e-16	1.21e-10	1.68e-06	1.10e-03	9.99e-01	6.44e-05	0.00e+00	8.01e-17	2.40e-16	4.02e-16	3.97e-11	8.12e-11	2.35e-48
 4.71601e+15	1.19e-15	1.46e-10	1.95e-06	1.19e-03	9.99e-01	5.92e-05	0.00e+00	1.01e-16	3.02e-16	5.05e-16	4.79e-11	9.81e-11	4.80e-48
 4.86965e+15	1.43e-15	1.72e-10	2.21e-06	1.28e-03	9.99e-01	5.50e-05	0.00e+00	1.21e-16	3.65e-16	6.09e-16	5.63e-11	1.15e-10	8.79e-48
 5.04111e+15	1.80e-15	2.07e-10	2.55e-06	1.39e-03	9.99e-01	5.07e-05	0.00e+00	1.53e-16	4.59e-16	7.67e-16	6.79e-11	1.39e-10	1.79e-47
 5.24079e+15	2.29e-15	2.53e-10	2.98e-06	1.51e-03	9.98e-01	4.64e-05	0.00e+00	1.95e-16	5.85e-16	9.77e-16	8.31e-11	1.70e-10	3.92e-47
 5.43714e+15	2.87e-15	3.07e-10	3.45e-06	1.65e-03	9.98e-01	4.26e-05	0.00e+00	2.44e-16	7.33e-16	1.22e-15	1.01e-10	2.06e-10	8.25e-47
 5.62306e+15	3.47e-15	3.63e-10	3.95e-06	1.77e-03	9.98e-01	3.94e-05	0.00e+00	2.96e-16	8.88e-16	1.48e-15	1.19e-10	2.44e-10	1.58e-46
 5.78595e+15	4.21e-15	4.25e-10	4.43e-06	1.89e-03	9.98e-01	3.69e-05	0.00e+00	3.60e-16	1.08e-15	1.80e-15	1.40e-10	2.85e-10	2.95e-46
 5.92128e+15	4.87e-15	4.81e-10	4.86e-06	1.99e-03	9.98e-01	3.50e-05	0.00e+00	4.16e-16	1.25e-15	2.09e-15	1.58e-10	3.23e-10	4.77e-46
 6.07030e+15	5.66e-15	5.48e-10	5.36e-06	2.11e-03	9.98e-01	3.30e-05	0.00e+00	4.84e-16	1.45e-15	2.43e-15	1.80e-10	3.68e-10	7.94e-46
 6.26402e+15	6.85e-15	6.46e-10	6.08e-06	2.27e-03	9.98e-01	3.07e-05	0.00e+00	5.87e-16	1.76e-15	2.94e-15	2.12e-10	4.33e-10	1.53e-45
 6.46696e+15	8.24e-15	7.59e-10	6.91e-06	2.43e-03	9.98e-01	2.85e-05	0.00e+00	7.07e-16	2.12e-15	3.54e-15	2.49e-10	5.09e-10	2.87e-45
 6.64122e+15	9.87e-15	8.83e-10	7.69e-06	2.58e-03	9.97e-01	2.68e-05	0.00e+00	8.48e-16	2.54e-15	4.25e-15	2.90e-10	5.93e-10	5.25e-45
 6.82707e+15	1.17e-14	1.02e-09	8.59e-06	2.75e-03	9.97e-01	2.52e-05	0.00e+00	1.01e-15	3.02e-15	5.05e-15	3.37e-10	6.87e-10	9.39e-45
 7.06868e+15	1.46e-14	1.24e-09	9.87e-06	2.97e-03	9.97e-01	2.33e-05	0.00e+00	1.26e-15	3.78e-15	6.32e-15	4.07e-10	8.29e-10	1.99e-44
 7.31718e+15	1.81e-14	1.49e-09	1.13e-05	3.22e-03	9.97e-01	2.15e-05	0.00e+00	1.56e-15	4.67e-15	7.80e-15	4.89e-10	9.97e-10	4.12e-44
 7.52396e+15	2.15e-14	1.73e-09	1.27e-05	3.42e-03	9.97e-01	2.02e-05	0.00e+00	1.85e-15	5.56e-15	9.29e-15	5.69e-10	1.16e-09	7.44e-44
 7.74209e+15	2.55e-14	2.01e-09	1.42e-05	3.65e-03	9.96e-01	1.89e-05	0.00e+00	2.20e-15	6.61e-15	1.10e-14	6.63e-10	1.35e-09	1.35e-43
 8.02270e+15	3.17e-14	2.44e-09	1.64e-05	3.96e-03	9.96e-01	1.74e-05	0.00e+00	2.74e-15	8.23e-15	1.37e-14	8.04e-10	1.64e-09	2.88e-43
 8.31804e+15	3.99e-14	2.98e-09	1.89e-05	4.29e-03	9.96e-01	1.61e-05	0.00e+00	3.45e-15	1.04e-14	1.73e-14	9.83e-10	2.00e-09	6.24e-43
 8.57868e+15	4.85e-14	3.54e-09	2.14e-05	4.60e-03	9.95e-01	1.50e-05	0.00e+00	4.20e-15	1.26e-14	2.11e-14	1.17e-09	2.37e-09	1.17e-42
 8.86069e+15	5.90e-14	4.21e-09	2.44e-05	4.94e-03	9.95e-01	1.40e-05	0.00e+00	5.12e-15	1.54e-14	2.56e-14	1.39e-09	2.82e-09	2.31e-42
 9.20050e+15	7.50e-14	5.20e-09	2.83e-05	5.38e-03	9.95e-01	1.29e-05	0.00e+00	6.52e-15	1.96e-14	3.26e-14	1.71e-09	3.48e-09	5.18e-42
 9.53818e+15	9.35e-14	6.33e-09	3.28e-05	5.82e-03	9.94e-01	1.19e-05	0.00e+00	8.13e-15	2.44e-14	4.07e-14	2.09e-09	4.24e-09	1.10e-41
 9.84085e+15	1.12e-13	7.45e-09	3.71e-05	6.24e-03	9.94e-01	1.11e-05	0.00e+00	9.78e-15	2.94e-14	4.90e-14	2.46e-09	4.99e-09	2.05e-41
 1.01753e+16	1.38e-13	8.97e-09	4.25e-05	6.73e-03	9.93e-01	1.03e-05	0.00e+00	1.21e-14	3.62e-14	6.04e-14	2.96e-09	6.01e-09	4.16e-41
 1.05716e+16	1.80e-13	1.13e-08	4.96e-05	7.34e-03	9.93e-01	9.53e-06	0.00e+00	1.57e-14	4.71e-14	7.86e-14	3.73e-09	7.57e-09	1.01e-40
 1.09632e+16	2.27e-13	1.39e-08	5.74e-05	7.95e-03	9.92e-01	8.85e-06	0.00e+00	1.98e-14	5.94e-14	9.92e-14	4.59e-09	9.30e-09	2.18e-40
 1.13240e+16	2.78e-13	1.67e-08	6.54e-05	8.55e-03	9.91e-01	8.28e-06	0.00e+00	2.44e-14	7.31e-14	1.22e-13	5.52e-09	1.12e-08	4.32e-40
 1.17303e+16	3.48e-13	2.03e-08	7.55e-05	9.24e-03	9.91e-01	7.71e-06	0.00e+00	3.04e-14	9.14e-14	1.52e-13	6.72e-09	1.36e-08	8.96e-40
 1.21991e+16	4.50e-13	2.56e-08	8.86e-05	1.01e-02	9.90e-01	7.13e-06	0.00e+00	3.95e-14	1.18e-13	1.98e-13	8.45e-09	1.71e-08	2.05e-39
 1.26552e+16	5.71e-13	3.16e-08	1.03e-04	1.10e-02	9.89e-01	6.65e-06	0.00e+00	5.02e-14	1.51e-13	2.51e-13	1.05e-08	2.12e-08	4.36e-39
 1.30203e+16	6.83e-13	3.72e-08	1.15e-04	1.17e-02	9.88e-01	6.31e-06	0.00e+00	6.00e-14	1.80e-13	3.01e-13	1.23e-08	2.49e-08	7.79e-39
 1.33057e+16	7.85e-13	4.22e-08	1.26e-04	1.22e-02	9.88e-01	6.06e-06	0.00e+00	6.91e-14	2.07e-13	3.46e-13	1.40e-08	2.82e-08	1.22e-38
 1.36207e+16	9.15e-13	4.84e-08	1.39e-04	1.29e-02	9.87e-01	5.81e-06	0.00e+00	8.05e-14	2.42e-13	4.03e-13	1.60e-08	3.24e-08	1.99e-38
 1.40303e+16	1.10e-12	5.66e-08	1.57e-04	1.38e-02	9.86e-01	5.50e-06	0.00e+00	9.66e-14	2.90e-13	4.84e-13	1.87e-08	3.79e-08	3.46e-38
 1.44724e+16	1.36e-12	6.90e-08	1.79e-04	1.48e-02	9.85e-01	5.22e-06	0.00e+00	1.20e-13	3.61e-13	6.02e-13	2.28e-08	4.62e-08	6.91e-38
 1.48649e+16	1.63e-12	8.09e-08	2.00e-04	1.57e-02	9.84e-01	4.99e-06	0.00e+00	1.44e-13	4.32e-13	7.21e-13	2.68e-08	5.41e-08	1.19e-37
 1.52835e+16	1.96e-12	9.50e-08	2.24e-04	1.67e-02	9.83e-01	4.77e-06	0.00e+00	1.73e-13	5.18e-13	8.65e-13	3.15e-08	6.36e-08	2.07e-37
 1.58276e+16	2.50e-12	1.18e-07	2.60e-04	1.81e-02	9.82e-01	4.51e-06	0.00e+00	2.21e-13	6.64e-13	1.11e-12	3.90e-08	7.88e-08	4.38e-37
 1.63793e+16	3.10e-12	1.42e-07	3.00e-04	1.95e-02	9.80e-01	4.28e-06	0.00e+00	2.74e-13	8.23e-13	1.37e-12	4.70e-08	9.48e-08	7.91e-37
 1.68289e+16	3.71e-12	1.67e-07	3.36e-04	2.07e-02	9.79e-01	4.11e-06	0.00e+00	3.29e-13	9.86e-13	1.64e-12	5.54e-08	1.12e-07	1.37e-36
 1.73013e+16	4.55e-12	2.01e-07	3.79e-04	2.21e-02	9.78e-01	3.96e-06	0.00e+00	4.03e-13	1.21e-12	2.02e-12	6.65e-08	1.34e-07	2.50e-36
 1.79154e+16	5.86e-12	2.50e-07	4.41e-04	2.40e-02	9.76e-01	3.78e-06	0.00e+00	5.20e-13	1.56e-12	2.60e-12	8.29e-08	1.67e-07	5.26e-36
 1.85435e+16	7.37e-12	3.07e-07	5.12e-04	2.59e-02	9.74e-01	3.61e-06	0.00e+00	6.54e-13	1.96e-12	3.27e-12	1.02e-07	2.05e-07	9.95e-36
 1.90709e+16	8.95e-12	3.61e-07	5.79e-04	2.77e-02	9.72e-01	3.49e-06	0.00e+00	7.95e-13	2.39e-12	3.98e-12	1.20e-07	2.42e-07	1.65e-35
 1.96377e+16	1.10e-11	4.34e-07	6.60e-04	2.97e-02	9.70e-01	3.37e-06	0.00e+00	9.80e-13	2.94e-12	4.90e-12	1.44e-07	2.90e-07	2.94e-35
 2.02750e+16	1.41e-11	5.42e-07	7.63e-04	3.21e-02	9.67e-01	3.27e-06	0.00e+00	1.26e-12	3.77e-12	6.29e-12	1.80e-07	3.62e-07	6.00e-35
 2.08742e+16	1.74e-11	6.52e-07	8.70e-04	3.44e-02	9.65e-01	3.17e-06	0.00e+00	1.55e-12	4.64e-12	7.73e-12	2.16e-07	4.36e-07	1.05e-34
 2.14372e+16	2.12e-11	7.75e-07	9.84e-04	3.67e-02	9.62e-01	3.09e-06	0.00e+00	1.89e-12	5.66e-12	9.44e-12	2.57e-07	5.18e-07	1.78e-34
 2.20833e+16	2.66e-11	9.39e-07	1.13e-03	3.95e-02	9.59e-01	3.00e-06	0.00e+00	2.37e-12	7.11e-12	1.19e-11	3.11e-07	6.27e-07	3.13e-34
 2.27974e+16	3.41e-11	1.17e-06	1.32e-03	4.28e-02	9.56e-01	2.92e-06	0.00e+00	3.04e-12	9.13e-12	1.52e-11	3.87e-07	7.80e-07	6.12e-34
 2.34356e+16	4.19e-11	1.39e-06	1.50e-03	4.59e-02	9.53e-01	2.85e-06	0.00e+00	3.74e-12	1.12e-11	1.87e-11	4.63e-07	9.32e-07	1.01e-33
 2.40090e+16	5.06e-11	1.63e-06	1.69e-03	4.88e-02	9.50e-01	2.80e-06	0.00e+00	4.53e-12	1.36e-11	2.26e-11	5.40e-07	1.09e-06	1.56e-33
 2.46626e+16	6.28e-11	1.96e-06	1.94e-03	5.24e-02	9.46e-01	2.74e-06	0.00e+00	5.62e-12	1.69e-11	2.81e-11	6.50e-07	1.31e-06	2.67e-33
 2.53873e+16	8.10e-11	2.46e-06	2.26e-03	5.69e-02	9.41e-01	2.70e-06	0.00e+00	7.26e-12	2.18e-11	3.63e-11	8.18e-07	1.64e-06	5.30e-33
 2.60485e+16	9.99e-11	2.96e-06	2.58e-03	6.11e-02	9.36e-01	2.66e-06	0.00e+00	8.95e-12	2.69e-11	4.48e-11	9.83e-07	1.98e-06	8.79e-33
 2.66131e+16	1.20e-10	3.47e-06	2.90e-03	6.49e-02	9.32e-01	2.63e-06	0.00e+00	1.08e-11	3.23e-11	5.39e-11	1.15e-06	2.31e-06	1.36e-32
 2.72081e+16	1.47e-10	4.12e-06	3.29e-03	6.94e-02	9.27e-01	2.60e-06	0.00e+00	1.32e-11	3.97e-11	6.62e-11	1.37e-06	2.75e-06	2.23e-32
 2.78507e+16	1.82e-10	4.91e-06	3.75e-03	7.43e-02	9.22e-01	2.57e-06	0.00e+00	1.64e-11	4.91e-11	8.19e-11	1.63e-06	3.28e-06	3.52e-32
