#depth	He	He+	He+2
 1.49634e+10	1.19e-22	5.92e-12	1.00e+00
 4.54887e+10	1.35e-22	6.40e-12	1.00e+00
 7.72350e+10	1.52e-22	6.93e-12	1.00e+00
 1.10251e+11	1.72e-22	7.50e-12	1.00e+00
 1.41386e+11	1.92e-22	8.05e-12	1.00e+00
 1.69366e+11	2.11e-22	8.57e-12	1.00e+00
 2.00822e+11	2.34e-22	9.17e-12	1.00e+00
 2.37938e+11	2.65e-22	9.90e-12	1.00e+00
 2.74924e+11	2.99e-22	1.07e-11	1.00e+00
 3.09703e+11	3.33e-22	1.14e-11	1.00e+00
 3.48332e+11	3.74e-22	1.23e-11	1.00e+00
 3.92192e+11	4.27e-22	1.33e-11	1.00e+00
 4.35879e+11	4.85e-22	1.43e-11	1.00e+00
 4.81314e+11	5.50e-22	1.54e-11	1.00e+00
 5.28184e+11	6.26e-22	1.67e-11	1.00e+00
 5.72268e+11	7.04e-22	1.78e-11	1.00e+00
 6.20425e+11	7.95e-22	1.92e-11	1.00e+00
 6.75168e+11	9.14e-22	2.08e-11	1.00e+00
 7.29034e+11	1.04e-21	2.24e-11	1.00e+00
 7.85054e+11	1.19e-21	2.41e-11	1.00e+00
 8.39149e+11	1.35e-21	2.59e-11	1.00e+00
 8.84436e+11	1.49e-21	2.74e-11	1.00e+00
 9.33324e+11	1.66e-21	2.91e-11	1.00e+00
 9.95138e+11	1.89e-21	3.14e-11	1.00e+00
 1.06001e+12	2.17e-21	3.38e-11	1.00e+00
 1.11857e+12	2.44e-21	3.61e-11	1.00e+00
 1.18270e+12	2.76e-21	3.87e-11	1.00e+00
 1.25829e+12	3.20e-21	4.18e-11	1.00e+00
 1.33392e+12	3.68e-21	4.52e-11	1.00e+00
 1.40603e+12	4.19e-21	4.85e-11	1.00e+00
 1.48565e+12	4.80e-21	5.23e-11	1.00e+00
 1.57501e+12	5.59e-21	5.67e-11	1.00e+00
 1.65640e+12	6.40e-21	6.10e-11	1.00e+00
 1.72502e+12	7.13e-21	6.47e-11	1.00e+00
 1.80040e+12	7.98e-21	6.90e-11	1.00e+00
 1.89483e+12	9.21e-21	7.46e-11	1.00e+00
 1.99175e+12	1.07e-20	8.06e-11	1.00e+00
 2.07552e+12	1.20e-20	8.60e-11	1.00e+00
 2.16449e+12	1.35e-20	9.20e-11	1.00e+00
 2.27404e+12	1.57e-20	9.98e-11	1.00e+00
 2.38446e+12	1.82e-20	1.08e-10	1.00e+00
 2.48178e+12	2.06e-20	1.16e-10	1.00e+00
 2.58798e+12	2.34e-20	1.25e-10	1.00e+00
 2.70787e+12	2.71e-20	1.35e-10	1.00e+00
 2.82239e+12	3.09e-20	1.46e-10	1.00e+00
 2.93086e+12	3.50e-20	1.56e-10	1.00e+00
 3.05467e+12	3.99e-20	1.69e-10	1.00e+00
 3.19404e+12	4.65e-20	1.84e-10	1.00e+00
 3.32667e+12	5.33e-20	1.99e-10	1.00e+00
 3.47209e+12	6.14e-20	2.17e-10	1.00e+00
 3.63295e+12	7.19e-20	2.38e-10	1.00e+00
 3.78269e+12	8.26e-20	2.59e-10	1.00e+00
 3.94581e+12	9.56e-20	2.83e-10	1.00e+00
 4.12940e+12	1.13e-19	3.12e-10	1.00e+00
 4.28468e+12	1.30e-19	3.38e-10	1.00e+00
 4.40546e+12	1.43e-19	3.59e-10	1.00e+00
 4.53665e+12	1.59e-19	3.83e-10	1.00e+00
 4.70720e+12	1.82e-19	4.15e-10	1.00e+00
 4.89404e+12	2.10e-19	4.53e-10	1.00e+00
 5.05743e+12	2.36e-19	4.87e-10	1.00e+00
 5.20155e+12	2.61e-19	5.18e-10	1.00e+00
 5.36525e+12	2.91e-19	5.55e-10	1.00e+00
 5.57805e+12	3.33e-19	6.05e-10	1.00e+00
 5.79682e+12	3.83e-19	6.59e-10	1.00e+00
 5.97744e+12	4.27e-19	7.05e-10	1.00e+00
 6.16636e+12	4.74e-19	7.55e-10	1.00e+00
 6.41195e+12	5.43e-19	8.24e-10	1.00e+00
 6.66728e+12	6.25e-19	8.98e-10	1.00e+00
 6.88263e+12	6.97e-19	9.64e-10	1.00e+00
 7.10993e+12	7.77e-19	1.04e-09	1.00e+00
 7.39814e+12	8.91e-19	1.13e-09	1.00e+00
 7.69561e+12	1.02e-18	1.23e-09	1.00e+00
 7.95503e+12	1.15e-18	1.33e-09	1.00e+00
 8.23491e+12	1.29e-18	1.43e-09	1.00e+00
 8.54961e+12	1.46e-18	1.56e-09	1.00e+00
 8.85988e+12	1.65e-18	1.68e-09	1.00e+00
 9.16283e+12	1.86e-18	1.81e-09	1.00e+00
 9.50597e+12	2.10e-18	1.97e-09	1.00e+00
 9.86125e+12	2.38e-18	2.13e-09	1.00e+00
 1.01396e+13	2.62e-18	2.27e-09	1.00e+00
 1.04088e+13	2.85e-18	2.40e-09	1.00e+00
 1.07587e+13	3.19e-18	2.58e-09	1.00e+00
 1.11254e+13	3.58e-18	2.78e-09	1.00e+00
 1.14391e+13	3.94e-18	2.96e-09	1.00e+00
 1.17719e+13	4.33e-18	3.15e-09	1.00e+00
 1.22045e+13	4.89e-18	3.41e-09	1.00e+00
 1.26552e+13	5.53e-18	3.71e-09	1.00e+00
 1.30346e+13	6.12e-18	3.95e-09	1.00e+00
 1.34329e+13	6.75e-18	4.23e-09	1.00e+00
 1.39462e+13	7.66e-18	4.60e-09	1.00e+00
 1.44864e+13	8.71e-18	5.02e-09	1.00e+00
 1.49610e+13	9.70e-18	5.39e-09	1.00e+00
 1.54728e+13	1.08e-17	5.82e-09	1.00e+00
 1.60922e+13	1.24e-17	6.36e-09	1.00e+00
 1.67262e+13	1.41e-17	6.95e-09	1.00e+00
 1.73221e+13	1.58e-17	7.52e-09	1.00e+00
 1.78953e+13	1.76e-17	8.11e-09	1.00e+00
 1.85418e+13	1.97e-17	8.79e-09	1.00e+00
 1.92577e+13	2.23e-17	9.59e-09	1.00e+00
 1.99226e+13	2.50e-17	1.04e-08	1.00e+00
 2.04847e+13	2.74e-17	1.11e-08	1.00e+00
 2.09788e+13	2.96e-17	1.17e-08	1.00e+00
 2.15452e+13	3.24e-17	1.24e-08	1.00e+00
 2.22816e+13	3.62e-17	1.34e-08	1.00e+00
 2.30421e+13	4.06e-17	1.45e-08	1.00e+00
 2.36790e+13	4.45e-17	1.55e-08	1.00e+00
 2.43518e+13	4.90e-17	1.65e-08	1.00e+00
 2.52264e+13	5.53e-17	1.79e-08	1.00e+00
 2.61381e+13	6.26e-17	1.94e-08	1.00e+00
 2.69166e+13	6.94e-17	2.07e-08	1.00e+00
 2.77470e+13	7.74e-17	2.22e-08	1.00e+00
 2.87956e+13	8.85e-17	2.42e-08	1.00e+00
 2.98937e+13	1.01e-16	2.63e-08	1.00e+00
 3.08852e+13	1.14e-16	2.83e-08	1.00e+00
 3.19721e+13	1.30e-16	3.05e-08	1.00e+00
 3.32532e+13	1.51e-16	3.33e-08	1.00e+00
 3.44037e+13	1.72e-16	3.59e-08	1.00e+00
 3.53089e+13	1.90e-16	3.80e-08	1.00e+00
 3.62779e+13	2.11e-16	4.02e-08	1.00e+00
 3.75377e+13	2.40e-16	4.33e-08	1.00e+00
 3.89052e+13	2.76e-16	4.68e-08	1.00e+00
 4.01397e+13	3.12e-16	5.00e-08	1.00e+00
 4.12694e+13	3.47e-16	5.30e-08	1.00e+00
 4.25357e+13	3.90e-16	5.65e-08	1.00e+00
 4.41315e+13	4.51e-16	6.10e-08	1.00e+00
 4.57542e+13	5.20e-16	6.58e-08	1.00e+00
 4.71555e+13	5.85e-16	7.00e-08	1.00e+00
 4.86701e+13	6.62e-16	7.47e-08	1.00e+00
 5.05316e+13	7.67e-16	8.07e-08	1.00e+00
 5.24368e+13	8.88e-16	8.71e-08	1.00e+00
 5.41625e+13	1.01e-15	9.31e-08	1.00e+00
 5.60626e+13	1.15e-15	9.99e-08	1.00e+00
 5.82942e+13	1.35e-15	1.08e-07	1.00e+00
 6.04140e+13	1.55e-15	1.16e-07	1.00e+00
 6.22357e+13	1.74e-15	1.24e-07	1.00e+00
 6.42127e+13	1.97e-15	1.32e-07	1.00e+00
 6.66517e+13	2.28e-15	1.42e-07	1.00e+00
 6.91349e+13	2.64e-15	1.53e-07	1.00e+00
 7.12314e+13	2.97e-15	1.63e-07	1.00e+00
 7.30036e+13	3.27e-15	1.71e-07	1.00e+00
 7.49298e+13	3.62e-15	1.81e-07	1.00e+00
 7.74338e+13	4.12e-15	1.93e-07	1.00e+00
 8.00268e+13	4.70e-15	2.07e-07	1.00e+00
 8.21943e+13	5.22e-15	2.18e-07	1.00e+00
 8.44708e+13	5.81e-15	2.31e-07	1.00e+00
 8.74302e+13	6.66e-15	2.48e-07	1.00e+00
 9.05025e+13	7.64e-15	2.66e-07	1.00e+00
 9.30949e+13	8.54e-15	2.82e-07	1.00e+00
 9.58381e+13	9.57e-15	2.99e-07	1.00e+00
 9.93514e+13	1.10e-14	3.22e-07	1.00e+00
 1.02999e+14	1.27e-14	3.47e-07	1.00e+00
 1.06169e+14	1.44e-14	3.69e-07	1.00e+00
 1.09583e+14	1.63e-14	3.94e-07	1.00e+00
 1.13758e+14	1.89e-14	4.26e-07	1.00e+00
 1.17947e+14	2.18e-14	4.59e-07	1.00e+00
 1.21652e+14	2.46e-14	4.89e-07	1.00e+00
 1.25703e+14	2.80e-14	5.23e-07	1.00e+00
 1.30568e+14	3.25e-14	5.66e-07	1.00e+00
 1.35410e+14	3.75e-14	6.11e-07	1.00e+00
 1.39796e+14	4.25e-14	6.52e-07	1.00e+00
 1.44669e+14	4.86e-14	7.00e-07	1.00e+00
 1.50386e+14	5.66e-14	7.58e-07	1.00e+00
 1.56035e+14	6.54e-14	8.18e-07	1.00e+00
 1.61336e+14	7.45e-14	8.75e-07	1.00e+00
 1.66325e+14	8.39e-14	9.32e-07	1.00e+00
 1.70721e+14	9.28e-14	9.83e-07	1.00e+00
 1.75371e+14	1.03e-13	1.04e-06	1.00e+00
 1.81417e+14	1.17e-13	1.11e-06	1.00e+00
 1.87524e+14	1.33e-13	1.19e-06	1.00e+00
 1.92419e+14	1.47e-13	1.25e-06	1.00e+00
 1.97490e+14	1.63e-13	1.32e-06	1.00e+00
 2.04082e+14	1.84e-13	1.41e-06	1.00e+00
 2.11052e+14	2.09e-13	1.51e-06	1.00e+00
 2.17105e+14	2.33e-13	1.60e-06	1.00e+00
 2.23570e+14	2.60e-13	1.70e-06	1.00e+00
 2.31783e+14	2.98e-13	1.83e-06	1.00e+00
 2.40239e+14	3.41e-13	1.96e-06	1.00e+00
 2.47581e+14	3.82e-13	2.09e-06	1.00e+00
 2.55505e+14	4.29e-13	2.22e-06	1.00e+00
 2.65199e+14	4.93e-13	2.40e-06	1.00e+00
 2.75031e+14	5.64e-13	2.58e-06	1.00e+00
 2.83875e+14	6.34e-13	2.75e-06	1.00e+00
 2.93598e+14	7.17e-13	2.94e-06	1.00e+00
 3.05091e+14	8.25e-13	3.17e-06	1.00e+00
 3.16462e+14	9.42e-13	3.41e-06	1.00e+00
 3.26993e+14	1.06e-12	3.65e-06	1.00e+00
 3.38808e+14	1.21e-12	3.92e-06	1.00e+00
 3.50894e+14	1.37e-12	4.20e-06	1.00e+00
 3.60260e+14	1.50e-12	4.43e-06	1.00e+00
 3.69320e+14	1.64e-12	4.66e-06	1.00e+00
 3.81097e+14	1.84e-12	4.96e-06	1.00e+00
 3.93440e+14	2.06e-12	5.29e-06	1.00e+00
 4.03957e+14	2.26e-12	5.58e-06	1.00e+00
 4.15069e+14	2.49e-12	5.90e-06	1.00e+00
 4.29514e+14	2.82e-12	6.32e-06	1.00e+00
 4.44428e+14	3.18e-12	6.77e-06	1.00e+00
 4.56862e+14	3.51e-12	7.16e-06	1.00e+00
 4.69936e+14	3.88e-12	7.59e-06	1.00e+00
 4.86887e+14	4.41e-12	8.16e-06	1.00e+00
 5.04698e+14	5.01e-12	8.79e-06	1.00e+00
 5.20118e+14	5.58e-12	9.35e-06	1.00e+00
 5.36612e+14	6.24e-12	9.97e-06	1.00e+00
 5.56868e+14	7.13e-12	1.08e-05	1.00e+00
 5.77202e+14	8.11e-12	1.16e-05	1.00e+00
 5.94998e+14	9.04e-12	1.24e-05	1.00e+00
 6.14309e+14	1.02e-11	1.32e-05	1.00e+00
 6.37744e+14	1.16e-11	1.43e-05	1.00e+00
 6.61215e+14	1.33e-11	1.54e-05	1.00e+00
 6.82085e+14	1.49e-11	1.65e-05	1.00e+00
 7.04899e+14	1.68e-11	1.76e-05	1.00e+00
 7.32165e+14	1.93e-11	1.91e-05	1.00e+00
 7.59097e+14	2.21e-11	2.07e-05	1.00e+00
 7.82061e+14	2.47e-11	2.20e-05	1.00e+00
 8.05986e+14	2.77e-11	2.35e-05	1.00e+00
 8.30966e+14	3.10e-11	2.50e-05	1.00e+00
 8.51944e+14	3.41e-11	2.64e-05	1.00e+00
 8.73841e+14	3.76e-11	2.79e-05	1.00e+00
 9.02307e+14	4.24e-11	2.99e-05	1.00e+00
 9.31579e+14	4.79e-11	3.20e-05	1.00e+00
 9.55727e+14	5.29e-11	3.38e-05	1.00e+00
 9.80944e+14	5.84e-11	3.57e-05	1.00e+00
 1.01373e+15	6.64e-11	3.83e-05	1.00e+00
 1.04797e+15	7.55e-11	4.12e-05	1.00e+00
 1.07708e+15	8.39e-11	4.36e-05	1.00e+00
 1.10788e+15	9.37e-11	4.64e-05	1.00e+00
 1.14781e+15	1.08e-10	5.01e-05	1.00e+00
 1.18928e+15	1.24e-10	5.40e-05	1.00e+00
 1.22468e+15	1.39e-10	5.75e-05	1.00e+00
 1.26251e+15	1.57e-10	6.15e-05	1.00e+00
 1.30959e+15	1.82e-10	6.65e-05	1.00e+00
 1.35803e+15	2.11e-10	7.20e-05	1.00e+00
 1.40151e+15	2.39e-10	7.70e-05	1.00e+00
 1.44922e+15	2.74e-10	8.28e-05	1.00e+00
 1.50573e+15	3.20e-10	9.00e-05	1.00e+00
 1.56116e+15	3.71e-10	9.74e-05	1.00e+00
 1.60435e+15	4.16e-10	1.03e-04	1.00e+00
 1.63730e+15	4.52e-10	1.08e-04	1.00e+00
 1.67330e+15	4.95e-10	1.13e-04	1.00e+00
 1.72009e+15	5.55e-10	1.20e-04	1.00e+00
 1.77116e+15	6.27e-10	1.28e-04	1.00e+00
 1.81728e+15	6.98e-10	1.36e-04	1.00e+00
 1.86676e+15	7.82e-10	1.44e-04	1.00e+00
 1.93107e+15	9.03e-10	1.55e-04	1.00e+00
 1.99556e+15	1.04e-09	1.67e-04	1.00e+00
 2.04645e+15	1.16e-09	1.77e-04	1.00e+00
 2.09880e+15	1.29e-09	1.87e-04	1.00e+00
 2.16684e+15	1.48e-09	2.01e-04	1.00e+00
 2.23951e+15	1.71e-09	2.16e-04	1.00e+00
 2.30344e+15	1.94e-09	2.30e-04	1.00e+00
 2.37177e+15	2.21e-09	2.46e-04	1.00e+00
 2.45861e+15	2.58e-09	2.67e-04	1.00e+00
 2.54805e+15	3.03e-09	2.90e-04	1.00e+00
 2.62559e+15	3.46e-09	3.10e-04	1.00e+00
 2.70913e+15	3.98e-09	3.33e-04	1.00e+00
 2.81148e+15	4.71e-09	3.62e-04	1.00e+00
 2.91492e+15	5.54e-09	3.94e-04	1.00e+00
 3.00681e+15	6.37e-09	4.22e-04	1.00e+00
 3.08453e+15	7.15e-09	4.48e-04	1.00e+00
 3.15183e+15	7.88e-09	4.70e-04	1.00e+00
 3.22812e+15	8.79e-09	4.97e-04	1.00e+00
 3.32731e+15	1.01e-08	5.33e-04	9.99e-01
 3.42873e+15	1.16e-08	5.71e-04	9.99e-01
 3.51121e+15	1.29e-08	6.03e-04	9.99e-01
 3.59655e+15	1.43e-08	6.37e-04	9.99e-01
 3.70751e+15	1.65e-08	6.82e-04	9.99e-01
 3.82263e+15	1.89e-08	7.32e-04	9.99e-01
 3.91904e+15	2.12e-08	7.74e-04	9.99e-01
 4.02024e+15	2.37e-08	8.21e-04	9.99e-01
 4.15180e+15	2.74e-08	8.83e-04	9.99e-01
 4.28803e+15	3.17e-08	9.50e-04	9.99e-01
 4.40247e+15	3.56e-08	1.01e-03	9.99e-01
 4.52341e+15	4.01e-08	1.07e-03	9.99e-01
 4.68062e+15	4.67e-08	1.16e-03	9.99e-01
 4.84585e+15	5.44e-08	1.25e-03	9.99e-01
 4.98823e+15	6.16e-08	1.33e-03	9.99e-01
 5.14004e+15	7.03e-08	1.43e-03	9.99e-01
 5.33038e+15	8.23e-08	1.55e-03	9.98e-01
 5.52469e+15	9.59e-08	1.67e-03	9.98e-01
 5.67114e+15	1.07e-07	1.77e-03	9.98e-01
 5.77998e+15	1.16e-07	1.85e-03	9.98e-01
 5.89996e+15	1.27e-07	1.93e-03	9.98e-01
 6.05592e+15	1.43e-07	2.05e-03	9.98e-01
 6.22657e+15	1.61e-07	2.18e-03	9.98e-01
 6.37999e+15	1.78e-07	2.29e-03	9.98e-01
 6.54313e+15	1.99e-07	2.43e-03	9.98e-01
 6.75520e+15	2.28e-07	2.60e-03	9.97e-01
 6.96718e+15	2.59e-07	2.78e-03	9.97e-01
 7.13253e+15	2.86e-07	2.92e-03	9.97e-01
 7.30100e+15	3.16e-07	3.08e-03	9.97e-01
 7.52002e+15	3.58e-07	3.29e-03	9.97e-01
 7.75153e+15	4.05e-07	3.51e-03	9.96e-01
 7.95186e+15	4.50e-07	3.70e-03	9.96e-01
 8.16490e+15	5.02e-07	3.92e-03	9.96e-01
 8.44184e+15	5.79e-07	4.23e-03	9.96e-01
 8.72002e+15	6.58e-07	4.53e-03	9.95e-01
 8.94533e+15	7.29e-07	4.78e-03	9.95e-01
 9.18377e+15	8.14e-07	5.07e-03	9.95e-01
 9.49375e+15	9.35e-07	5.47e-03	9.95e-01
 9.77266e+15	1.04e-06	5.81e-03	9.94e-01
 9.96077e+15	1.12e-06	6.05e-03	9.94e-01
 1.01549e+16	1.22e-06	6.33e-03	9.94e-01
 1.04073e+16	1.35e-06	6.71e-03	9.93e-01
 1.06662e+16	1.49e-06	7.09e-03	9.93e-01
 1.08981e+16	1.62e-06	7.45e-03	9.93e-01
 1.11637e+16	1.80e-06	7.90e-03	9.92e-01
 1.14423e+16	1.98e-06	8.38e-03	9.92e-01
 1.16962e+16	2.17e-06	8.84e-03	9.91e-01
 1.19847e+16	2.41e-06	9.41e-03	9.91e-01
 1.22876e+16	2.68e-06	1.00e-02	9.90e-01
 1.25561e+16	2.93e-06	1.06e-02	9.89e-01
 1.28518e+16	3.27e-06	1.13e-02	9.89e-01
 1.31701e+16	3.64e-06	1.21e-02	9.88e-01
 1.34546e+16	4.01e-06	1.29e-02	9.87e-01
 1.37198e+16	4.40e-06	1.37e-02	9.86e-01
 1.40233e+16	4.93e-06	1.47e-02	9.85e-01
 1.43497e+16	5.52e-06	1.59e-02	9.84e-01
 1.46410e+16	6.12e-06	1.71e-02	9.83e-01
 1.48950e+16	6.72e-06	1.82e-02	9.82e-01
 1.51279e+16	7.33e-06	1.93e-02	9.81e-01
 1.53934e+16	8.22e-06	2.08e-02	9.79e-01
 1.56747e+16	9.18e-06	2.25e-02	9.77e-01
 1.59197e+16	1.01e-05	2.42e-02	9.76e-01
 1.61419e+16	1.12e-05	2.59e-02	9.74e-01
 1.63909e+16	1.26e-05	2.81e-02	9.72e-01
 1.66468e+16	1.41e-05	3.06e-02	9.69e-01
 1.68610e+16	1.58e-05	3.31e-02	9.67e-01
 1.70524e+16	1.74e-05	3.55e-02	9.64e-01
 1.72646e+16	1.96e-05	3.86e-02	9.61e-01
 1.74917e+16	2.21e-05	4.24e-02	9.58e-01
 1.76914e+16	2.47e-05	4.62e-02	9.54e-01
 1.78737e+16	2.77e-05	5.03e-02	9.50e-01
 1.80519e+16	3.18e-05	5.50e-02	9.45e-01
 1.82128e+16	3.54e-05	5.97e-02	9.40e-01
 1.83798e+16	3.95e-05	6.54e-02	9.35e-01
 1.85969e+16	4.66e-05	7.41e-02	9.26e-01
 1.88040e+16	5.53e-05	8.42e-02	9.16e-01
 1.89438e+16	6.37e-05	9.24e-02	9.08e-01
 1.90401e+16	6.99e-05	9.88e-02	9.01e-01
 1.91341e+16	7.65e-05	1.06e-01	8.94e-01
 1.92563e+16	8.57e-05	1.16e-01	8.84e-01
 1.94151e+16	1.03e-04	1.31e-01	8.69e-01
 1.95598e+16	1.20e-04	1.47e-01	8.52e-01
 1.96425e+16	1.33e-04	1.58e-01	8.42e-01
 1.96929e+16	1.41e-04	1.65e-01	8.34e-01
 1.97447e+16	1.51e-04	1.73e-01	8.27e-01
 1.98120e+16	1.63e-04	1.84e-01	8.16e-01
 1.98995e+16	1.82e-04	2.00e-01	8.00e-01
 1.99882e+16	2.04e-04	2.17e-01	7.83e-01
 2.00557e+16	2.25e-04	2.31e-01	7.68e-01
 2.01052e+16	2.40e-04	2.43e-01	7.57e-01
 2.01539e+16	2.58e-04	2.55e-01	7.45e-01
 2.02171e+16	2.83e-04	2.71e-01	7.28e-01
 2.02862e+16	3.10e-04	2.91e-01	7.09e-01
 2.03628e+16	3.47e-04	3.14e-01	6.86e-01
 2.04390e+16	3.87e-04	3.38e-01	6.62e-01
 2.04967e+16	4.23e-04	3.57e-01	6.42e-01
 2.05420e+16	4.52e-04	3.73e-01	6.26e-01
 2.05894e+16	4.83e-04	3.91e-01	6.09e-01
 2.06510e+16	5.31e-04	4.15e-01	5.85e-01
 2.07156e+16	5.82e-04	4.40e-01	5.59e-01
 2.07738e+16	6.30e-04	4.64e-01	5.36e-01
 2.08390e+16	6.95e-04	4.91e-01	5.08e-01
 2.09059e+16	7.60e-04	5.19e-01	4.81e-01
 2.09749e+16	8.36e-04	5.48e-01	4.51e-01
 2.10499e+16	9.20e-04	5.80e-01	4.19e-01
 2.11078e+16	9.89e-04	6.03e-01	3.96e-01
 2.11470e+16	1.04e-03	6.18e-01	3.81e-01
 2.11868e+16	1.09e-03	6.35e-01	3.64e-01
 2.12385e+16	1.16e-03	6.55e-01	3.43e-01
 2.12950e+16	1.24e-03	6.77e-01	3.22e-01
 2.13467e+16	1.31e-03	6.95e-01	3.03e-01
 2.14031e+16	1.40e-03	7.16e-01	2.83e-01
 2.14648e+16	1.49e-03	7.36e-01	2.63e-01
 2.15197e+16	1.58e-03	7.53e-01	2.46e-01
 2.15695e+16	1.66e-03	7.68e-01	2.31e-01
 2.16262e+16	1.76e-03	7.84e-01	2.14e-01
 2.16866e+16	1.87e-03	8.00e-01	1.98e-01
 2.17405e+16	1.97e-03	8.13e-01	1.85e-01
 2.17994e+16	2.08e-03	8.27e-01	1.71e-01
 2.18632e+16	2.21e-03	8.40e-01	1.58e-01
 2.19210e+16	2.33e-03	8.51e-01	1.47e-01
 2.19721e+16	2.45e-03	8.60e-01	1.38e-01
 2.20269e+16	2.58e-03	8.69e-01	1.28e-01
 2.20883e+16	2.73e-03	8.79e-01	1.18e-01
 2.21459e+16	2.88e-03	8.87e-01	1.10e-01
 2.21962e+16	3.03e-03	8.93e-01	1.03e-01
 2.22496e+16	3.19e-03	9.00e-01	9.67e-02
 2.23082e+16	3.38e-03	9.07e-01	9.00e-02
 2.23608e+16	3.57e-03	9.12e-01	8.45e-02
 2.24073e+16	3.75e-03	9.16e-01	7.98e-02
 2.24588e+16	3.95e-03	9.21e-01	7.50e-02
 2.25152e+16	4.20e-03	9.26e-01	7.01e-02
 2.25652e+16	4.45e-03	9.29e-01	6.62e-02
 2.26088e+16	4.68e-03	9.32e-01	6.29e-02
 2.26570e+16	4.95e-03	9.36e-01	5.94e-02
 2.27105e+16	5.30e-03	9.39e-01	5.58e-02
 2.27588e+16	5.64e-03	9.41e-01	5.29e-02
 2.28017e+16	5.98e-03	9.44e-01	5.04e-02
 2.28495e+16	6.38e-03	9.46e-01	4.77e-02
 2.29028e+16	6.91e-03	9.48e-01	4.49e-02
 2.29518e+16	7.46e-03	9.50e-01	4.26e-02
 2.29953e+16	8.01e-03	9.51e-01	4.07e-02
 2.30433e+16	8.68e-03	9.53e-01	3.85e-02
 2.30969e+16	9.58e-03	9.54e-01	3.64e-02
 2.31447e+16	1.06e-02	9.55e-01	3.46e-02
 2.31841e+16	1.15e-02	9.55e-01	3.32e-02
 2.32191e+16	1.24e-02	9.56e-01	3.20e-02
 2.32579e+16	1.36e-02	9.56e-01	3.07e-02
 2.32998e+16	1.51e-02	9.55e-01	2.94e-02
 2.33348e+16	1.67e-02	9.55e-01	2.84e-02
 2.33621e+16	1.81e-02	9.54e-01	2.76e-02
 2.33905e+16	1.98e-02	9.53e-01	2.68e-02
 2.34274e+16	2.23e-02	9.52e-01	2.58e-02
 2.34638e+16	2.55e-02	9.50e-01	2.49e-02
 2.34893e+16	2.85e-02	9.47e-01	2.43e-02
 2.35075e+16	3.07e-02	9.45e-01	2.40e-02
 2.35266e+16	3.33e-02	9.43e-01	2.36e-02
 2.35514e+16	3.72e-02	9.40e-01	2.31e-02
 2.35783e+16	4.25e-02	9.35e-01	2.26e-02
 2.36008e+16	4.81e-02	9.30e-01	2.23e-02
 2.36181e+16	5.31e-02	9.25e-01	2.21e-02
 2.36358e+16	5.88e-02	9.19e-01	2.19e-02
 2.36557e+16	6.65e-02	9.12e-01	2.17e-02
 2.36735e+16	7.50e-02	9.03e-01	2.16e-02
 2.36882e+16	8.28e-02	8.96e-01	2.16e-02
 2.37021e+16	9.14e-02	8.87e-01	2.16e-02
 2.37181e+16	1.02e-01	8.76e-01	2.17e-02
 2.37344e+16	1.16e-01	8.62e-01	2.18e-02
 2.37478e+16	1.29e-01	8.49e-01	2.20e-02
 2.37585e+16	1.40e-01	8.38e-01	2.22e-02
 2.37681e+16	1.52e-01	8.26e-01	2.23e-02
 2.37778e+16	1.64e-01	8.14e-01	2.25e-02
 2.37875e+16	1.78e-01	8.00e-01	2.26e-02
 2.37950e+16	1.89e-01	7.88e-01	2.28e-02
 2.37998e+16	1.97e-01	7.80e-01	2.29e-02
 2.38042e+16	2.04e-01	7.73e-01	2.30e-02
 2.38095e+16	2.14e-01	7.63e-01	2.30e-02
 2.38154e+16	2.24e-01	7.52e-01	2.31e-02
 2.38211e+16	2.35e-01	7.41e-01	2.32e-02
 2.38265e+16	2.46e-01	7.31e-01	2.34e-02
 2.38318e+16	2.57e-01	7.19e-01	2.34e-02
 2.38373e+16	2.69e-01	7.08e-01	2.35e-02
 2.38428e+16	2.82e-01	6.95e-01	2.35e-02
 2.38482e+16	2.94e-01	6.82e-01	2.36e-02
 2.38537e+16	3.08e-01	6.68e-01	2.36e-02
 2.38593e+16	3.22e-01	6.54e-01	2.37e-02
 2.38649e+16	3.37e-01	6.39e-01	2.36e-02
 2.38706e+16	3.52e-01	6.24e-01	2.36e-02
 2.38763e+16	3.68e-01	6.08e-01	2.35e-02
 2.38821e+16	3.84e-01	5.92e-01	2.35e-02
 2.38881e+16	4.02e-01	5.74e-01	2.33e-02
 2.38942e+16	4.20e-01	5.57e-01	2.32e-02
 2.39005e+16	4.39e-01	5.38e-01	2.30e-02
 2.39070e+16	4.59e-01	5.19e-01	2.27e-02
 2.39137e+16	4.79e-01	4.99e-01	2.24e-02
 2.39205e+16	4.99e-01	4.79e-01	2.20e-02
 2.39276e+16	5.20e-01	4.58e-01	2.16e-02
 2.39350e+16	5.41e-01	4.37e-01	2.11e-02
 2.39427e+16	5.63e-01	4.17e-01	2.06e-02
 2.39507e+16	5.84e-01	3.96e-01	2.00e-02
 2.39593e+16	6.05e-01	3.75e-01	1.94e-02
 2.39686e+16	6.26e-01	3.55e-01	1.87e-02
 2.39788e+16	6.47e-01	3.35e-01	1.80e-02
 2.39902e+16	6.66e-01	3.17e-01	1.73e-02
 2.40030e+16	6.85e-01	2.99e-01	1.65e-02
 2.40163e+16	7.00e-01	2.84e-01	1.58e-02
 2.40294e+16	7.12e-01	2.73e-01	1.52e-02
 2.40423e+16	7.21e-01	2.64e-01	1.47e-02
 2.40552e+16	7.29e-01	2.57e-01	1.43e-02
 2.40699e+16	7.35e-01	2.51e-01	1.39e-02
 2.40890e+16	7.42e-01	2.44e-01	1.34e-02
 2.41138e+16	7.49e-01	2.38e-01	1.29e-02
 2.41461e+16	7.55e-01	2.32e-01	1.23e-02
 2.41881e+16	7.62e-01	2.26e-01	1.16e-02
 2.42427e+16	7.70e-01	2.19e-01	1.09e-02
 2.43136e+16	7.79e-01	2.11e-01	9.95e-03
 2.43962e+16	7.90e-01	2.01e-01	9.00e-03
 2.44798e+16	7.99e-01	1.93e-01	8.17e-03
 2.45606e+16	8.08e-01	1.85e-01	7.45e-03
 2.46404e+16	8.16e-01	1.77e-01	6.80e-03
 2.47218e+16	8.24e-01	1.70e-01	6.22e-03
 2.48037e+16	8.31e-01	1.63e-01	5.68e-03
 2.48857e+16	8.38e-01	1.57e-01	5.21e-03
 2.49686e+16	8.45e-01	1.50e-01	4.76e-03
 2.50530e+16	8.51e-01	1.44e-01	4.35e-03
 2.51385e+16	8.58e-01	1.38e-01	3.97e-03
 2.52239e+16	8.63e-01	1.33e-01	3.64e-03
 2.53094e+16	8.69e-01	1.28e-01	3.33e-03
 2.53955e+16	8.74e-01	1.23e-01	3.06e-03
 2.54822e+16	8.80e-01	1.18e-01	2.80e-03
 2.55694e+16	8.84e-01	1.13e-01	2.57e-03
 2.56401e+16	8.88e-01	1.10e-01	2.41e-03
 2.56882e+16	8.90e-01	1.07e-01	2.30e-03
 2.57320e+16	8.93e-01	1.05e-01	2.21e-03
 2.57794e+16	8.95e-01	1.03e-01	2.11e-03
 2.58287e+16	8.97e-01	1.01e-01	2.01e-03
 2.58763e+16	8.99e-01	9.86e-02	1.92e-03
 2.59216e+16	9.01e-01	9.68e-02	1.85e-03
 2.59657e+16	9.03e-01	9.49e-02	1.77e-03
 2.60093e+16	9.05e-01	9.31e-02	1.70e-03
 2.60520e+16	9.07e-01	9.14e-02	1.63e-03
 2.60939e+16	9.09e-01	8.97e-02	1.57e-03
 2.61353e+16	9.10e-01	8.81e-02	1.51e-03
 2.61762e+16	9.12e-01	8.65e-02	1.46e-03
 2.62164e+16	9.14e-01	8.51e-02	1.40e-03
 2.62559e+16	9.15e-01	8.36e-02	1.35e-03
 2.62948e+16	9.16e-01	8.22e-02	1.31e-03
 2.63331e+16	9.18e-01	8.09e-02	1.26e-03
 2.63708e+16	9.19e-01	7.96e-02	1.22e-03
 2.64081e+16	9.20e-01	7.84e-02	1.18e-03
 2.64449e+16	9.22e-01	7.71e-02	1.14e-03
 2.64814e+16	9.23e-01	7.60e-02	1.10e-03
 2.65174e+16	9.24e-01	7.48e-02	1.07e-03
 2.65532e+16	9.25e-01	7.37e-02	1.04e-03
 2.65888e+16	9.26e-01	7.26e-02	1.00e-03
 2.66241e+16	9.27e-01	7.15e-02	9.73e-04
 2.66593e+16	9.29e-01	7.05e-02	9.43e-04
 2.66945e+16	9.30e-01	6.95e-02	9.14e-04
 2.67297e+16	9.31e-01	6.85e-02	8.86e-04
 2.67650e+16	9.32e-01	6.75e-02	8.59e-04
 2.68005e+16	9.33e-01	6.65e-02	8.32e-04
 2.68364e+16	9.34e-01	6.55e-02	8.06e-04
 2.68732e+16	9.35e-01	6.45e-02	7.81e-04
 2.69113e+16	9.36e-01	6.35e-02	7.55e-04
 2.69506e+16	9.37e-01	6.25e-02	7.29e-04
 2.69912e+16	9.38e-01	6.14e-02	7.04e-04
 2.70335e+16	9.39e-01	6.04e-02	6.78e-04
 2.70782e+16	9.40e-01	5.93e-02	6.52e-04
 2.71262e+16	9.41e-01	5.81e-02	6.25e-04
 2.71787e+16	9.43e-01	5.68e-02	5.97e-04
 2.72368e+16	9.44e-01	5.55e-02	5.67e-04
 2.73026e+16	9.45e-01	5.40e-02	5.35e-04
 2.73732e+16	9.47e-01	5.24e-02	5.03e-04
 2.74404e+16	9.48e-01	5.10e-02	4.75e-04
 2.75015e+16	9.50e-01	4.98e-02	4.51e-04
 2.75571e+16	9.51e-01	4.87e-02	4.30e-04
 2.76077e+16	9.52e-01	4.77e-02	4.12e-04
 2.76538e+16	9.53e-01	4.68e-02	3.96e-04
 2.76957e+16	9.54e-01	4.61e-02	3.83e-04
 2.77339e+16	9.54e-01	4.54e-02	3.70e-04
 2.77757e+16	9.55e-01	4.46e-02	3.56e-04
 2.78208e+16	9.56e-01	4.37e-02	3.43e-04
 2.78618e+16	9.57e-01	4.30e-02	3.31e-04
 2.78992e+16	9.57e-01	4.24e-02	3.21e-04
 2.79402e+16	9.58e-01	4.16e-02	3.08e-04
 2.79844e+16	9.59e-01	4.08e-02	2.97e-04
 2.80246e+16	9.60e-01	4.02e-02	2.87e-04
 2.80612e+16	9.60e-01	3.96e-02	2.78e-04
 2.80945e+16	9.61e-01	3.90e-02	2.69e-04
 2.81248e+16	9.61e-01	3.85e-02	2.62e-04
 2.81580e+16	9.62e-01	3.79e-02	2.54e-04
 2.81939e+16	9.62e-01	3.74e-02	2.46e-04
 2.82265e+16	9.63e-01	3.68e-02	2.39e-04
 2.82562e+16	9.63e-01	3.63e-02	2.32e-04
 2.82888e+16	9.64e-01	3.58e-02	2.25e-04
 2.83239e+16	9.65e-01	3.52e-02	2.18e-04
 2.83559e+16	9.65e-01	3.47e-02	2.12e-04
 2.83850e+16	9.65e-01	3.43e-02	2.06e-04
 2.84168e+16	9.66e-01	3.38e-02	2.00e-04
 2.84513e+16	9.67e-01	3.33e-02	1.93e-04
 2.84826e+16	9.67e-01	3.28e-02	1.88e-04
 2.85111e+16	9.67e-01	3.24e-02	1.83e-04
 2.85423e+16	9.68e-01	3.19e-02	1.77e-04
 2.85760e+16	9.68e-01	3.14e-02	1.72e-04
 2.86067e+16	9.69e-01	3.10e-02	1.67e-04
 2.86346e+16	9.69e-01	3.06e-02	1.63e-04
 2.86652e+16	9.70e-01	3.01e-02	1.58e-04
 2.86982e+16	9.70e-01	2.97e-02	1.53e-04
 2.87283e+16	9.71e-01	2.93e-02	1.49e-04
 2.87556e+16	9.71e-01	2.89e-02	1.45e-04
 2.87856e+16	9.71e-01	2.85e-02	1.41e-04
 2.88180e+16	9.72e-01	2.80e-02	1.36e-04
 2.88474e+16	9.72e-01	2.77e-02	1.33e-04
 2.88742e+16	9.73e-01	2.73e-02	1.29e-04
 2.89036e+16	9.73e-01	2.69e-02	1.26e-04
 2.89353e+16	9.73e-01	2.66e-02	1.22e-04
 2.89641e+16	9.74e-01	2.62e-02	1.19e-04
 2.89957e+16	9.74e-01	2.58e-02	1.15e-04
 2.90298e+16	9.74e-01	2.54e-02	1.12e-04
 2.90609e+16	9.75e-01	2.51e-02	1.08e-04
 2.90891e+16	9.75e-01	2.47e-02	1.06e-04
 2.91201e+16	9.76e-01	2.44e-02	1.03e-04
 2.91535e+16	9.76e-01	2.40e-02	9.96e-05
 2.91840e+16	9.76e-01	2.37e-02	9.70e-05
 2.92173e+16	9.77e-01	2.33e-02	9.40e-05
 2.92533e+16	9.77e-01	2.30e-02	9.11e-05
 2.92860e+16	9.77e-01	2.27e-02	8.86e-05
 2.93219e+16	9.78e-01	2.23e-02	8.56e-05
 2.93607e+16	9.78e-01	2.19e-02	8.28e-05
 2.93959e+16	9.78e-01	2.16e-02	8.04e-05
 2.94280e+16	9.79e-01	2.13e-02	7.83e-05
 2.94631e+16	9.79e-01	2.10e-02	7.58e-05
 2.95011e+16	9.79e-01	2.06e-02	7.34e-05
 2.95356e+16	9.80e-01	2.03e-02	7.13e-05
 2.95735e+16	9.80e-01	2.00e-02	6.89e-05
 2.96143e+16	9.80e-01	1.96e-02	6.66e-05
 2.96515e+16	9.81e-01	1.93e-02	6.46e-05
 2.96853e+16	9.81e-01	1.91e-02	6.28e-05
 2.97224e+16	9.81e-01	1.88e-02	6.08e-05
 2.97624e+16	9.81e-01	1.85e-02	5.89e-05
 2.97989e+16	9.82e-01	1.82e-02	5.72e-05
 2.98388e+16	9.82e-01	1.79e-02	5.52e-05
 2.98819e+16	9.82e-01	1.76e-02	5.34e-05
 2.99211e+16	9.83e-01	1.73e-02	5.17e-05
 2.99640e+16	9.83e-01	1.70e-02	4.99e-05
 3.00104e+16	9.83e-01	1.67e-02	4.81e-05
 3.00526e+16	9.84e-01	1.64e-02	4.65e-05
 3.00911e+16	9.84e-01	1.62e-02	4.52e-05
 3.01331e+16	9.84e-01	1.59e-02	4.37e-05
 3.01786e+16	9.84e-01	1.56e-02	4.22e-05
 3.02199e+16	9.85e-01	1.54e-02	4.09e-05
 3.02652e+16	9.85e-01	1.51e-02	3.94e-05
 3.03142e+16	9.85e-01	1.48e-02	3.80e-05
 3.03587e+16	9.85e-01	1.46e-02	3.68e-05
 3.04075e+16	9.86e-01	1.43e-02	3.53e-05
 3.04601e+16	9.86e-01	1.40e-02	3.40e-05
 3.05080e+16	9.86e-01	1.37e-02	3.29e-05
 3.05606e+16	9.87e-01	1.35e-02	3.15e-05
 3.06173e+16	9.87e-01	1.32e-02	3.03e-05
 3.06688e+16	9.87e-01	1.30e-02	2.92e-05
 3.07158e+16	9.87e-01	1.27e-02	2.83e-05
 3.07672e+16	9.87e-01	1.25e-02	2.72e-05
 3.08228e+16	9.88e-01	1.22e-02	2.61e-05
 3.08733e+16	9.88e-01	1.20e-02	2.53e-05
 3.09287e+16	9.88e-01	1.18e-02	2.42e-05
 3.09885e+16	9.88e-01	1.15e-02	2.33e-05
 3.10429e+16	9.89e-01	1.13e-02	2.24e-05
 3.11025e+16	9.89e-01	1.11e-02	2.15e-05
 3.11669e+16	9.89e-01	1.09e-02	2.06e-05
 3.12255e+16	9.89e-01	1.06e-02	1.98e-05
 3.12896e+16	9.90e-01	1.04e-02	1.89e-05
 3.13589e+16	9.90e-01	1.02e-02	1.81e-05
 3.14220e+16	9.90e-01	9.96e-03	1.74e-05
 3.14911e+16	9.90e-01	9.73e-03	1.66e-05
 3.15657e+16	9.90e-01	9.50e-03	1.58e-05
 3.16335e+16	9.91e-01	9.30e-03	1.52e-05
 3.17079e+16	9.91e-01	9.06e-03	1.44e-05
 3.17882e+16	9.91e-01	8.84e-03	1.37e-05
 3.18613e+16	9.91e-01	8.64e-03	1.32e-05
 3.19414e+16	9.92e-01	8.42e-03	1.25e-05
 3.20278e+16	9.92e-01	8.20e-03	1.19e-05
 3.21065e+16	9.92e-01	8.01e-03	1.13e-05
 3.21927e+16	9.92e-01	7.79e-03	1.07e-05
 3.22858e+16	9.92e-01	7.58e-03	1.01e-05
 3.23704e+16	9.93e-01	7.39e-03	9.67e-06
 3.24632e+16	9.93e-01	7.18e-03	9.13e-06
 3.25634e+16	9.93e-01	6.98e-03	8.63e-06
 3.26546e+16	9.93e-01	6.80e-03	8.20e-06
 3.27545e+16	9.93e-01	6.60e-03	7.72e-06
 3.28624e+16	9.94e-01	6.40e-03	7.28e-06
 3.29605e+16	9.94e-01	6.23e-03	6.90e-06
 3.30681e+16	9.94e-01	6.04e-03	6.48e-06
 3.31842e+16	9.94e-01	5.85e-03	6.09e-06
 3.32898e+16	9.94e-01	5.69e-03	5.76e-06
 3.34056e+16	9.94e-01	5.50e-03	5.40e-06
 3.35306e+16	9.95e-01	5.32e-03	5.06e-06
 3.36676e+16	9.95e-01	5.12e-03	4.69e-06
 3.38245e+16	9.95e-01	4.91e-03	4.32e-06
 3.39887e+16	9.95e-01	4.70e-03	3.96e-06
 3.41612e+16	9.95e-01	4.50e-03	3.63e-06
 3.43405e+16	9.96e-01	4.30e-03	3.31e-06
 3.45267e+16	9.96e-01	4.10e-03	3.02e-06
 3.47188e+16	9.96e-01	3.91e-03	2.75e-06
 3.49144e+16	9.96e-01	3.72e-03	2.50e-06
 3.51130e+16	9.96e-01	3.55e-03	2.27e-06
 3.53146e+16	9.97e-01	3.38e-03	2.06e-06
 3.55198e+16	9.97e-01	3.22e-03	1.87e-06
 3.57288e+16	9.97e-01	3.06e-03	1.70e-06
 3.59414e+16	9.97e-01	2.91e-03	1.54e-06
 3.61576e+16	9.97e-01	2.77e-03	1.39e-06
 3.63774e+16	9.97e-01	2.63e-03	1.26e-06
 3.66009e+16	9.97e-01	2.50e-03	1.14e-06
 3.68241e+16	9.98e-01	2.38e-03	1.03e-06
 3.70506e+16	9.98e-01	2.26e-03	9.35e-07
 3.72858e+16	9.98e-01	2.15e-03	8.43e-07
 3.75262e+16	9.98e-01	2.04e-03	7.59e-07
 3.77695e+16	9.98e-01	1.93e-03	6.84e-07
 3.80165e+16	9.98e-01	1.83e-03	6.15e-07
 3.82680e+16	9.98e-01	1.73e-03	5.52e-07
 3.85241e+16	9.98e-01	1.64e-03	4.95e-07
 3.87848e+16	9.98e-01	1.55e-03	4.44e-07
 3.90502e+16	9.99e-01	1.47e-03	3.97e-07
 3.93204e+16	9.99e-01	1.39e-03	3.55e-07
 3.95957e+16	9.99e-01	1.31e-03	3.17e-07
 3.98762e+16	9.99e-01	1.23e-03	2.82e-07
 4.01623e+16	9.99e-01	1.16e-03	2.51e-07
 4.04541e+16	9.99e-01	1.10e-03	2.23e-07
 4.07519e+16	9.99e-01	1.03e-03	1.98e-07
 4.10560e+16	9.99e-01	9.69e-04	1.75e-07
 4.13665e+16	9.99e-01	9.10e-04	1.54e-07
 4.16838e+16	9.99e-01	8.54e-04	1.36e-07
 4.20083e+16	9.99e-01	8.00e-04	1.19e-07
 4.23404e+16	9.99e-01	7.48e-04	1.05e-07
 4.26804e+16	9.99e-01	7.00e-04	9.16e-08
 4.30290e+16	9.99e-01	6.52e-04	7.98e-08
 4.33869e+16	9.99e-01	6.09e-04	6.95e-08
 4.37494e+16	9.99e-01	5.67e-04	6.04e-08
 4.41208e+16	9.99e-01	5.27e-04	5.23e-08
 4.45078e+16	1.00e+00	4.89e-04	4.50e-08
 4.49087e+16	1.00e+00	4.52e-04	3.85e-08
 4.53248e+16	1.00e+00	4.17e-04	3.28e-08
 4.57556e+16	1.00e+00	3.84e-04	2.78e-08
 4.62020e+16	1.00e+00	3.52e-04	2.34e-08
 4.66662e+16	1.00e+00	3.22e-04	1.96e-08
 4.71505e+16	1.00e+00	2.94e-04	1.63e-08
 4.76572e+16	1.00e+00	2.67e-04	1.35e-08
 4.81893e+16	1.00e+00	2.41e-04	1.10e-08
 4.87515e+16	1.00e+00	2.16e-04	8.90e-09
 4.93468e+16	1.00e+00	1.93e-04	7.11e-09
 4.99824e+16	1.00e+00	1.72e-04	5.60e-09
 5.06643e+16	1.00e+00	1.51e-04	4.34e-09
 5.13960e+16	1.00e+00	1.32e-04	3.31e-09
 5.21903e+16	1.00e+00	1.14e-04	2.46e-09
 5.30645e+16	1.00e+00	9.66e-05	1.78e-09
 5.40391e+16	1.00e+00	8.08e-05	1.25e-09
 5.51261e+16	1.00e+00	6.63e-05	8.40e-10
 5.63823e+16	1.00e+00	5.27e-05	5.33e-10
 5.77835e+16	1.00e+00	4.12e-05	3.26e-10
 5.91984e+16	1.00e+00	3.23e-05	2.01e-10
 6.05849e+16	1.00e+00	2.55e-05	1.26e-10
 6.19688e+16	1.00e+00	2.02e-05	7.91e-11
 6.33749e+16	1.00e+00	1.61e-05	4.99e-11
 6.48128e+16	1.00e+00	1.27e-05	3.14e-11
 6.62772e+16	1.00e+00	1.01e-05	1.98e-11
 6.77671e+16	1.00e+00	8.01e-06	1.25e-11
 6.92906e+16	1.00e+00	6.36e-06	7.89e-12
 7.08444e+16	1.00e+00	5.05e-06	4.98e-12
 7.24284e+16	1.00e+00	4.01e-06	3.15e-12
 7.40506e+16	1.00e+00	3.18e-06	1.98e-12
 7.57023e+16	1.00e+00	2.52e-06	1.25e-12
 7.73866e+16	1.00e+00	2.00e-06	7.90e-13
 7.91236e+16	1.00e+00	1.59e-06	4.98e-13
 8.09203e+16	1.00e+00	1.26e-06	3.12e-13
 8.27714e+16	1.00e+00	9.92e-07	1.94e-13
 8.46731e+16	1.00e+00	7.82e-07	1.21e-13
 8.66327e+16	1.00e+00	6.15e-07	7.50e-14
 8.86638e+16	1.00e+00	4.82e-07	4.61e-14
 9.07769e+16	1.00e+00	3.76e-07	2.81e-14
 9.29854e+16	1.00e+00	2.92e-07	1.69e-14
 9.52989e+16	1.00e+00	2.25e-07	1.01e-14
 9.76561e+16	1.00e+00	1.74e-07	6.03e-15
 9.99770e+16	1.00e+00	1.36e-07	3.68e-15
 1.02242e+17	1.00e+00	1.07e-07	2.29e-15
 1.04463e+17	1.00e+00	8.53e-08	1.45e-15
 1.06649e+17	1.00e+00	6.84e-08	9.34e-16
 1.08790e+17	1.00e+00	5.53e-08	6.12e-16
 1.10872e+17	1.00e+00	4.52e-08	4.08e-16
 1.12887e+17	1.00e+00	3.72e-08	2.77e-16
 1.14830e+17	1.00e+00	3.10e-08	1.92e-16
 1.16699e+17	1.00e+00	2.60e-08	1.36e-16
 1.18495e+17	1.00e+00	2.21e-08	9.76e-17
 1.20219e+17	1.00e+00	1.89e-08	7.14e-17
 1.21870e+17	1.00e+00	1.63e-08	5.31e-17
 1.23446e+17	1.00e+00	1.41e-08	4.01e-17
 1.24950e+17	1.00e+00	1.24e-08	3.08e-17
 1.26382e+17	1.00e+00	1.09e-08	2.40e-17
 1.27746e+17	1.00e+00	9.71e-09	1.90e-17
 1.29043e+17	1.00e+00	8.69e-09	1.52e-17
 1.30278e+17	1.00e+00	7.82e-09	1.23e-17
 1.31451e+17	1.00e+00	7.08e-09	1.01e-17
 1.32566e+17	1.00e+00	6.45e-09	8.38e-18
 1.33625e+17	1.00e+00	5.90e-09	7.02e-18
 1.34630e+17	1.00e+00	5.43e-09	5.94e-18
 1.35584e+17	1.00e+00	5.02e-09	5.08e-18
 1.36491e+17	1.00e+00	4.66e-09	4.38e-18
 1.37353e+17	1.00e+00	4.34e-09	3.80e-18
 1.38172e+17	1.00e+00	4.06e-09	3.33e-18
 1.38949e+17	1.00e+00	3.81e-09	2.94e-18
 1.39688e+17	1.00e+00	3.59e-09	2.61e-18
 1.40391e+17	1.00e+00	3.40e-09	2.33e-18
 1.41059e+17	1.00e+00	3.22e-09	2.09e-18
 1.41695e+17	1.00e+00	3.06e-09	1.89e-18
 1.42300e+17	1.00e+00	2.91e-09	1.72e-18
 1.42877e+17	1.00e+00	2.78e-09	1.57e-18
 1.43425e+17	1.00e+00	2.67e-09	1.44e-18
 1.43948e+17	1.00e+00	2.56e-09	1.32e-18
 1.44447e+17	1.00e+00	2.46e-09	1.22e-18
 1.44923e+17	1.00e+00	2.37e-09	1.13e-18
 1.45378e+17	1.00e+00	2.29e-09	1.06e-18
 1.45813e+17	1.00e+00	2.21e-09	9.87e-19
 1.46229e+17	1.00e+00	2.14e-09	9.25e-19
 1.46627e+17	1.00e+00	2.07e-09	8.69e-19
 1.47008e+17	1.00e+00	2.01e-09	8.19e-19
 1.47374e+17	1.00e+00	1.96e-09	7.74e-19
 1.47726e+17	1.00e+00	1.90e-09	7.33e-19
 1.48065e+17	1.00e+00	1.85e-09	6.95e-19
 1.48391e+17	1.00e+00	1.81e-09	6.61e-19
 1.48706e+17	1.00e+00	1.76e-09	6.30e-19
 1.49010e+17	1.00e+00	1.72e-09	6.01e-19
 1.49305e+17	1.00e+00	1.68e-09	5.74e-19
 1.49592e+17	1.00e+00	1.65e-09	5.49e-19
 1.49872e+17	1.00e+00	1.61e-09	5.26e-19
 1.50145e+17	1.00e+00	1.58e-09	5.05e-19
 1.50413e+17	1.00e+00	1.55e-09	4.84e-19
 1.50677e+17	1.00e+00	1.51e-09	4.65e-19
 1.50937e+17	1.00e+00	1.48e-09	4.47e-19
 1.51196e+17	1.00e+00	1.46e-09	4.29e-19
 1.51454e+17	1.00e+00	1.43e-09	4.13e-19
 1.51713e+17	1.00e+00	1.40e-09	3.97e-19
 1.51976e+17	1.00e+00	1.37e-09	3.81e-19
 1.52243e+17	1.00e+00	1.34e-09	3.66e-19
 1.52518e+17	1.00e+00	1.32e-09	3.51e-19
 1.52804e+17	1.00e+00	1.29e-09	3.36e-19
 1.53104e+17	1.00e+00	1.26e-09	3.20e-19
 1.53424e+17	1.00e+00	1.23e-09	3.05e-19
 1.53771e+17	1.00e+00	1.19e-09	2.89e-19
 1.54152e+17	1.00e+00	1.16e-09	2.73e-19
 1.54581e+17	1.00e+00	1.12e-09	2.55e-19
 1.55076e+17	1.00e+00	1.08e-09	2.37e-19
 1.55664e+17	1.00e+00	1.03e-09	2.16e-19
 1.56384e+17	1.00e+00	9.76e-10	1.93e-19
 1.57301e+17	1.00e+00	9.08e-10	1.68e-19
 1.58491e+17	1.00e+00	8.29e-10	1.39e-19
 1.60038e+17	1.00e+00	7.36e-10	1.10e-19
 1.62050e+17	1.00e+00	6.31e-10	8.10e-20
 1.64664e+17	1.00e+00	5.18e-10	5.47e-20
 1.68063e+17	1.00e+00	4.02e-10	3.30e-20
 1.72482e+17	1.00e+00	2.91e-10	1.73e-20
 1.78082e+17	1.00e+00	1.95e-10	7.78e-21
 1.84346e+17	1.00e+00	1.27e-10	0.00e+00
 1.90794e+17	1.00e+00	8.24e-11	0.00e+00
 1.97397e+17	1.00e+00	5.36e-11	0.00e+00
 2.04031e+17	1.00e+00	3.53e-11	0.00e+00
 2.10666e+17	1.00e+00	2.36e-11	0.00e+00
 2.17300e+17	1.00e+00	1.61e-11	0.00e+00
 2.23935e+17	1.00e+00	1.12e-11	0.00e+00
 2.30569e+17	1.00e+00	8.05e-12	0.00e+00
 2.37203e+17	1.00e+00	5.95e-12	0.00e+00
 2.43838e+17	1.00e+00	4.55e-12	0.00e+00
 2.50472e+17	1.00e+00	3.61e-12	0.00e+00
 2.57107e+17	1.00e+00	2.98e-12	0.00e+00
 2.63741e+17	1.00e+00	2.54e-12	0.00e+00
 2.70375e+17	1.00e+00	2.23e-12	0.00e+00
 2.77010e+17	1.00e+00	2.00e-12	0.00e+00
 2.83644e+17	1.00e+00	1.84e-12	0.00e+00
 2.90278e+17	1.00e+00	1.71e-12	0.00e+00
 2.96913e+17	1.00e+00	1.61e-12	0.00e+00
 3.03547e+17	1.00e+00	1.53e-12	0.00e+00
 3.10182e+17	1.00e+00	1.45e-12	0.00e+00
 3.16816e+17	1.00e+00	1.39e-12	0.00e+00
 3.23450e+17	1.00e+00	1.33e-12	0.00e+00
 3.31080e+17	1.00e+00	1.27e-12	0.00e+00
 3.40998e+17	1.00e+00	1.02e-12	0.00e+00
 3.53537e+17	1.00e+00	7.06e-13	0.00e+00
 3.67678e+17	1.00e+00	4.61e-13	0.00e+00
 3.81305e+17	1.00e+00	3.77e-13	0.00e+00
 3.92904e+17	1.00e+00	4.00e-13	0.00e+00
 4.02508e+17	1.00e+00	4.71e-13	0.00e+00
 4.11262e+17	1.00e+00	5.09e-13	0.00e+00
 4.21222e+17	1.00e+00	4.83e-13	0.00e+00
 4.32287e+17	1.00e+00	3.32e-13	0.00e+00
 4.40688e+17	1.00e+00	2.84e-13	0.00e+00
 4.44699e+17	1.00e+00	3.67e-13	0.00e+00
 4.46135e+17	1.00e+00	4.24e-13	0.00e+00
 4.46758e+17	1.00e+00	4.46e-13	0.00e+00
 4.47162e+17	1.00e+00	4.59e-13	0.00e+00
 4.47504e+17	1.00e+00	4.67e-13	0.00e+00
 4.47863e+17	1.00e+00	4.74e-13	0.00e+00
 4.48263e+17	1.00e+00	4.81e-13	0.00e+00
 4.48678e+17	1.00e+00	4.88e-13	0.00e+00
 4.49026e+17	1.00e+00	4.94e-13	0.00e+00
 4.49321e+17	1.00e+00	4.97e-13	0.00e+00
 4.49623e+17	1.00e+00	5.01e-13	0.00e+00
 4.49936e+17	1.00e+00	5.04e-13	0.00e+00
 4.50233e+17	1.00e+00	5.06e-13	0.00e+00
 4.50489e+17	1.00e+00	5.08e-13	0.00e+00
 4.50716e+17	1.00e+00	5.10e-13	0.00e+00
 4.50944e+17	1.00e+00	5.11e-13	0.00e+00
 4.51188e+17	1.00e+00	5.12e-13	0.00e+00
 4.51427e+17	1.00e+00	5.12e-13	0.00e+00
 4.51641e+17	1.00e+00	5.13e-13	0.00e+00
 4.51832e+17	1.00e+00	5.13e-13	0.00e+00
 4.52012e+17	1.00e+00	5.14e-13	0.00e+00
 4.52200e+17	1.00e+00	5.14e-13	0.00e+00
 4.52398e+17	1.00e+00	5.13e-13	0.00e+00
 4.52590e+17	1.00e+00	5.13e-13	0.00e+00
 4.52770e+17	1.00e+00	5.13e-13	0.00e+00
 4.52939e+17	1.00e+00	5.12e-13	0.00e+00
 4.53093e+17	1.00e+00	5.12e-13	0.00e+00
 4.53239e+17	1.00e+00	5.12e-13	0.00e+00
 4.53407e+17	1.00e+00	5.11e-13	0.00e+00
 4.53593e+17	1.00e+00	5.10e-13	0.00e+00
 4.53772e+17	1.00e+00	5.09e-13	0.00e+00
 4.53931e+17	1.00e+00	5.08e-13	0.00e+00
 4.54082e+17	1.00e+00	5.07e-13	0.00e+00
 4.54240e+17	1.00e+00	5.06e-13	0.00e+00
 4.54404e+17	1.00e+00	5.05e-13	0.00e+00
 4.54575e+17	1.00e+00	5.04e-13	0.00e+00
 4.54756e+17	1.00e+00	5.02e-13	0.00e+00
 4.54931e+17	1.00e+00	5.01e-13	0.00e+00
 4.55093e+17	1.00e+00	4.99e-13	0.00e+00
 4.55256e+17	1.00e+00	4.98e-13	0.00e+00
 4.55434e+17	1.00e+00	4.96e-13	0.00e+00
 4.55625e+17	1.00e+00	4.94e-13	0.00e+00
 4.55821e+17	1.00e+00	4.92e-13	0.00e+00
 4.56019e+17	1.00e+00	4.90e-13	0.00e+00
 4.56217e+17	1.00e+00	4.88e-13	0.00e+00
 4.56410e+17	1.00e+00	4.85e-13	0.00e+00
 4.56597e+17	1.00e+00	4.83e-13	0.00e+00
 4.56797e+17	1.00e+00	4.81e-13	0.00e+00
 4.57031e+17	1.00e+00	4.78e-13	0.00e+00
 4.57274e+17	1.00e+00	4.74e-13	0.00e+00
 4.57486e+17	1.00e+00	4.72e-13	0.00e+00
 4.57692e+17	1.00e+00	4.69e-13	0.00e+00
 4.57931e+17	1.00e+00	4.66e-13	0.00e+00
 4.58203e+17	1.00e+00	4.62e-13	0.00e+00
 4.58468e+17	1.00e+00	4.58e-13	0.00e+00
 4.58707e+17	1.00e+00	4.54e-13	0.00e+00
 4.58955e+17	1.00e+00	4.51e-13	0.00e+00
 4.59235e+17	1.00e+00	4.47e-13	0.00e+00
 4.59532e+17	1.00e+00	4.42e-13	0.00e+00
 4.59833e+17	1.00e+00	4.37e-13	0.00e+00
 4.60138e+17	1.00e+00	4.33e-13	0.00e+00
 4.60441e+17	1.00e+00	4.27e-13	0.00e+00
 4.60740e+17	1.00e+00	4.23e-13	0.00e+00
 4.61051e+17	1.00e+00	4.18e-13	0.00e+00
 4.61397e+17	1.00e+00	4.12e-13	0.00e+00
 4.61766e+17	1.00e+00	4.06e-13	0.00e+00
 4.62129e+17	1.00e+00	4.00e-13	0.00e+00
 4.62482e+17	1.00e+00	3.94e-13	0.00e+00
 4.62841e+17	1.00e+00	3.88e-13	0.00e+00
 4.63238e+17	1.00e+00	3.82e-13	0.00e+00
 4.63671e+17	1.00e+00	3.74e-13	0.00e+00
 4.64092e+17	1.00e+00	3.67e-13	0.00e+00
 4.64493e+17	1.00e+00	3.60e-13	0.00e+00
 4.64912e+17	1.00e+00	3.53e-13	0.00e+00
 4.65369e+17	1.00e+00	3.45e-13	0.00e+00
 4.65840e+17	1.00e+00	3.37e-13	0.00e+00
 4.66311e+17	1.00e+00	3.30e-13	0.00e+00
 4.66792e+17	1.00e+00	3.21e-13	0.00e+00
 4.67284e+17	1.00e+00	3.13e-13	0.00e+00
 4.67785e+17	1.00e+00	3.05e-13	0.00e+00
 4.68287e+17	1.00e+00	2.97e-13	0.00e+00
 4.68812e+17	1.00e+00	2.89e-13	0.00e+00
 4.69375e+17	1.00e+00	2.80e-13	0.00e+00
 4.69953e+17	1.00e+00	2.70e-13	0.00e+00
 4.70524e+17	1.00e+00	2.61e-13	0.00e+00
 4.71084e+17	1.00e+00	2.52e-13	0.00e+00
 4.71656e+17	1.00e+00	2.44e-13	0.00e+00
 4.72267e+17	1.00e+00	2.35e-13	0.00e+00
 4.72915e+17	1.00e+00	2.25e-13	0.00e+00
 4.73566e+17	1.00e+00	2.16e-13	0.00e+00
 4.74205e+17	1.00e+00	2.07e-13	0.00e+00
 4.74844e+17	1.00e+00	1.98e-13	0.00e+00
 4.75505e+17	1.00e+00	1.89e-13	0.00e+00
 4.76211e+17	1.00e+00	1.80e-13	0.00e+00
 4.76939e+17	1.00e+00	1.70e-13	0.00e+00
 4.77658e+17	1.00e+00	1.61e-13	0.00e+00
 4.78370e+17	1.00e+00	1.53e-13	0.00e+00
 4.79109e+17	1.00e+00	1.44e-13	0.00e+00
 4.79912e+17	1.00e+00	1.35e-13	0.00e+00
 4.80717e+17	1.00e+00	1.26e-13	0.00e+00
 4.81517e+17	1.00e+00	1.18e-13	0.00e+00
 4.82359e+17	1.00e+00	1.09e-13	0.00e+00
 4.83203e+17	1.00e+00	1.02e-13	0.00e+00
 4.84008e+17	1.00e+00	9.40e-14	0.00e+00
 4.84758e+17	1.00e+00	8.73e-14	0.00e+00
 4.85433e+17	1.00e+00	8.14e-14	0.00e+00
 4.86038e+17	1.00e+00	7.66e-14	0.00e+00
 4.86594e+17	1.00e+00	7.23e-14	0.00e+00
 4.87123e+17	1.00e+00	6.86e-14	0.00e+00
 4.87634e+17	1.00e+00	6.50e-14	0.00e+00
 4.88125e+17	1.00e+00	6.17e-14	0.00e+00
 4.88589e+17	1.00e+00	5.86e-14	0.00e+00
 4.89024e+17	1.00e+00	5.58e-14	0.00e+00
 4.89435e+17	1.00e+00	5.33e-14	0.00e+00
 4.89831e+17	1.00e+00	5.10e-14	0.00e+00
 4.90217e+17	1.00e+00	4.88e-14	0.00e+00
 4.90591e+17	1.00e+00	4.68e-14	0.00e+00
 4.90950e+17	1.00e+00	4.48e-14	0.00e+00
 4.91294e+17	1.00e+00	4.30e-14	0.00e+00
 4.91625e+17	1.00e+00	4.14e-14	0.00e+00
 4.91946e+17	1.00e+00	3.98e-14	0.00e+00
 4.92258e+17	1.00e+00	3.83e-14	0.00e+00
 4.92560e+17	1.00e+00	3.68e-14	0.00e+00
 4.92853e+17	1.00e+00	3.55e-14	0.00e+00
 4.93135e+17	1.00e+00	3.42e-14	0.00e+00
 4.93408e+17	1.00e+00	3.30e-14	0.00e+00
 4.93674e+17	1.00e+00	3.18e-14	0.00e+00
 4.93932e+17	1.00e+00	3.07e-14	0.00e+00
 4.94183e+17	1.00e+00	2.96e-14	0.00e+00
 4.94425e+17	1.00e+00	2.87e-14	0.00e+00
 4.94659e+17	1.00e+00	2.77e-14	0.00e+00
 4.94888e+17	1.00e+00	2.68e-14	0.00e+00
 4.95112e+17	1.00e+00	2.59e-14	0.00e+00
 4.95367e+17	1.00e+00	2.51e-14	0.00e+00
 4.95699e+17	1.00e+00	2.41e-14	0.00e+00
 4.96131e+17	1.00e+00	2.27e-14	0.00e+00
 4.96692e+17	1.00e+00	2.10e-14	0.00e+00
 4.97417e+17	1.00e+00	1.90e-14	0.00e+00
 4.98274e+17	1.00e+00	1.65e-14	0.00e+00
 4.99189e+17	1.00e+00	1.41e-14	0.00e+00
 5.00110e+17	1.00e+00	1.19e-14	0.00e+00
 5.00937e+17	1.00e+00	1.01e-14	0.00e+00
 5.01593e+17	1.00e+00	8.80e-15	0.00e+00
 5.02121e+17	1.00e+00	7.91e-15	0.00e+00
 5.02619e+17	1.00e+00	7.21e-15	0.00e+00
 5.03170e+17	1.00e+00	6.55e-15	0.00e+00
 5.03793e+17	1.00e+00	5.85e-15	0.00e+00
