#depth	N	N+	N+2	N+3	N+4	N+5	N+6	N+7
 1.49634e+10	0.00e+00	0.00e+00	1.34e-31	4.95e-22	5.30e-13	2.45e-03	6.49e-01	3.48e-01
 4.54887e+10	0.00e+00	1.33e-41	1.90e-31	6.48e-22	6.41e-13	2.75e-03	6.67e-01	3.30e-01
 7.72350e+10	0.00e+00	0.00e+00	2.69e-31	8.47e-22	7.75e-13	3.07e-03	6.84e-01	3.13e-01
 1.10251e+11	0.00e+00	3.11e-41	3.80e-31	1.11e-21	9.35e-13	3.42e-03	7.00e-01	2.96e-01
 1.41386e+11	0.00e+00	0.00e+00	5.20e-31	1.41e-21	1.11e-12	3.78e-03	7.15e-01	2.82e-01
 1.69366e+11	0.00e+00	6.38e-41	6.82e-31	1.74e-21	1.28e-12	4.11e-03	7.27e-01	2.69e-01
 2.00822e+11	0.00e+00	0.00e+00	9.15e-31	2.18e-21	1.51e-12	4.50e-03	7.39e-01	2.56e-01
 2.37938e+11	0.00e+00	1.38e-40	1.28e-30	2.82e-21	1.80e-12	4.99e-03	7.53e-01	2.42e-01
 2.74924e+11	0.00e+00	0.00e+00	1.76e-30	3.60e-21	2.14e-12	5.51e-03	7.66e-01	2.28e-01
 3.09703e+11	0.00e+00	2.93e-40	2.35e-30	4.50e-21	2.50e-12	6.02e-03	7.78e-01	2.16e-01
 3.48332e+11	0.00e+00	0.00e+00	3.21e-30	5.71e-21	2.95e-12	6.61e-03	7.89e-01	2.04e-01
 3.92192e+11	0.00e+00	6.51e-40	4.50e-30	7.40e-21	3.54e-12	7.31e-03	8.01e-01	1.92e-01
 4.35879e+11	0.00e+00	0.00e+00	6.22e-30	9.48e-21	4.20e-12	8.05e-03	8.12e-01	1.80e-01
 4.81314e+11	0.00e+00	1.45e-39	8.59e-30	1.21e-20	4.99e-12	8.86e-03	8.22e-01	1.69e-01
 5.28184e+11	0.00e+00	0.00e+00	1.18e-29	1.55e-20	5.91e-12	9.74e-03	8.32e-01	1.59e-01
 5.72268e+11	0.00e+00	3.08e-39	1.58e-29	1.94e-20	6.89e-12	1.06e-02	8.40e-01	1.50e-01
 6.20425e+11	0.00e+00	0.00e+00	2.15e-29	2.44e-20	8.09e-12	1.16e-02	8.48e-01	1.41e-01
 6.75168e+11	0.00e+00	6.78e-39	3.00e-29	3.15e-20	9.64e-12	1.28e-02	8.56e-01	1.31e-01
 7.29034e+11	0.00e+00	0.00e+00	4.11e-29	4.01e-20	1.14e-11	1.40e-02	8.63e-01	1.23e-01
 7.85054e+11	0.00e+00	1.48e-38	5.64e-29	5.10e-20	1.34e-11	1.53e-02	8.70e-01	1.15e-01
 8.39149e+11	0.00e+00	0.00e+00	7.57e-29	6.38e-20	1.56e-11	1.66e-02	8.76e-01	1.08e-01
 8.84436e+11	0.00e+00	2.86e-38	9.60e-29	7.65e-20	1.77e-11	1.77e-02	8.80e-01	1.02e-01
 9.33324e+11	0.00e+00	0.00e+00	1.23e-28	9.24e-20	2.01e-11	1.90e-02	8.84e-01	9.67e-02
 9.95138e+11	0.00e+00	5.70e-38	1.67e-28	1.17e-19	2.36e-11	2.07e-02	8.89e-01	9.03e-02
 1.06001e+12	0.00e+00	0.00e+00	2.28e-28	1.47e-19	2.77e-11	2.25e-02	8.93e-01	8.42e-02
 1.11857e+12	0.00e+00	1.17e-37	2.98e-28	1.81e-19	3.18e-11	2.42e-02	8.97e-01	7.92e-02
 1.18270e+12	0.00e+00	0.00e+00	3.96e-28	2.24e-19	3.68e-11	2.62e-02	9.00e-01	7.42e-02
 1.25829e+12	0.00e+00	2.49e-37	5.48e-28	2.87e-19	4.35e-11	2.86e-02	9.03e-01	6.88e-02
 1.33392e+12	0.00e+00	0.00e+00	7.48e-28	3.63e-19	5.11e-11	3.11e-02	9.05e-01	6.40e-02
 1.40603e+12	0.00e+00	5.24e-37	9.97e-28	4.51e-19	5.91e-11	3.36e-02	9.07e-01	5.97e-02
 1.48565e+12	0.00e+00	0.00e+00	1.36e-27	5.69e-19	6.91e-11	3.64e-02	9.08e-01	5.55e-02
 1.57501e+12	0.00e+00	1.16e-36	1.89e-27	7.31e-19	8.19e-11	3.97e-02	9.09e-01	5.12e-02
 1.65640e+12	0.00e+00	0.00e+00	2.53e-27	9.12e-19	9.50e-11	4.29e-02	9.09e-01	4.77e-02
 1.72502e+12	0.00e+00	2.25e-36	3.21e-27	1.09e-18	1.07e-10	4.56e-02	9.09e-01	4.50e-02
 1.80040e+12	2.76e-46	3.10e-36	4.15e-27	1.32e-18	1.22e-10	4.87e-02	9.09e-01	4.22e-02
 1.89483e+12	0.00e+00	0.00e+00	5.67e-27	1.67e-18	1.43e-10	5.27e-02	9.08e-01	3.91e-02
 1.99175e+12	0.00e+00	6.71e-36	7.72e-27	2.11e-18	1.67e-10	5.71e-02	9.07e-01	3.61e-02
 2.07552e+12	1.03e-45	9.28e-36	1.00e-26	2.57e-18	1.90e-10	6.09e-02	9.05e-01	3.38e-02
 2.16449e+12	0.00e+00	0.00e+00	1.31e-26	3.15e-18	2.17e-10	6.52e-02	9.03e-01	3.16e-02
 2.27404e+12	0.00e+00	1.94e-35	1.81e-26	4.00e-18	2.55e-10	7.06e-02	9.00e-01	2.91e-02
 2.38446e+12	3.98e-45	2.87e-35	2.47e-26	5.07e-18	2.99e-10	7.63e-02	8.97e-01	2.68e-02
 2.48178e+12	0.00e+00	0.00e+00	3.24e-26	6.22e-18	3.42e-10	8.15e-02	8.94e-01	2.49e-02
 2.58798e+12	0.00e+00	5.75e-35	4.32e-26	7.71e-18	3.94e-10	8.74e-02	8.89e-01	2.31e-02
 2.70787e+12	1.47e-44	8.53e-35	5.92e-26	9.77e-18	4.61e-10	9.43e-02	8.84e-01	2.12e-02
 2.82239e+12	0.00e+00	0.00e+00	7.95e-26	1.22e-17	5.33e-10	1.01e-01	8.79e-01	1.96e-02
 2.93086e+12	0.00e+00	1.73e-34	1.04e-25	1.49e-17	6.10e-10	1.08e-01	8.74e-01	1.82e-02
 3.05467e+12	5.41e-44	2.52e-34	1.41e-25	1.87e-17	7.08e-10	1.16e-01	8.67e-01	1.67e-02
 3.19404e+12	0.00e+00	3.81e-34	1.96e-25	2.40e-17	8.33e-10	1.25e-01	8.60e-01	1.52e-02
 3.32667e+12	1.41e-43	5.58e-34	2.67e-25	3.02e-17	9.69e-10	1.34e-01	8.52e-01	1.40e-02
 3.47209e+12	0.00e+00	8.38e-34	3.70e-25	3.86e-17	1.14e-09	1.45e-01	8.42e-01	1.27e-02
 3.63295e+12	3.89e-43	1.30e-33	5.24e-25	5.02e-17	1.35e-09	1.57e-01	8.32e-01	1.15e-02
 3.78269e+12	0.00e+00	1.92e-33	7.18e-25	6.36e-17	1.58e-09	1.68e-01	8.21e-01	1.04e-02
 3.94581e+12	1.03e-42	2.90e-33	1.00e-24	8.16e-17	1.85e-09	1.81e-01	8.09e-01	9.45e-03
 4.12940e+12	0.00e+00	4.55e-33	1.43e-24	1.07e-16	2.21e-09	1.96e-01	7.96e-01	8.45e-03
 4.28468e+12	2.74e-42	6.56e-33	1.92e-24	1.33e-16	2.55e-09	2.09e-01	7.83e-01	7.71e-03
 4.40546e+12	0.00e+00	8.64e-33	2.40e-24	1.57e-16	2.84e-09	2.19e-01	7.74e-01	7.18e-03
 4.53665e+12	5.43e-42	1.16e-32	3.03e-24	1.88e-16	3.18e-09	2.30e-01	7.63e-01	6.66e-03
 4.70720e+12	0.00e+00	1.67e-32	4.07e-24	2.34e-16	3.66e-09	2.45e-01	7.49e-01	6.04e-03
 4.89404e+12	1.34e-41	2.45e-32	5.54e-24	2.95e-16	4.25e-09	2.61e-01	7.34e-01	5.45e-03
 5.05743e+12	0.00e+00	3.39e-32	7.18e-24	3.58e-16	4.82e-09	2.75e-01	7.20e-01	4.98e-03
 5.20155e+12	2.77e-41	4.47e-32	8.97e-24	4.23e-16	5.36e-09	2.87e-01	7.08e-01	4.61e-03
 5.36525e+12	0.00e+00	6.05e-32	1.14e-23	5.08e-16	6.02e-09	3.02e-01	6.94e-01	4.23e-03
 5.57805e+12	6.32e-41	8.84e-32	1.55e-23	6.37e-16	6.96e-09	3.20e-01	6.76e-01	3.79e-03
 5.79682e+12	0.00e+00	1.28e-31	2.09e-23	7.97e-16	8.03e-09	3.39e-01	6.58e-01	3.39e-03
 5.97744e+12	1.42e-40	1.73e-31	2.65e-23	9.51e-16	8.98e-09	3.54e-01	6.43e-01	3.10e-03
 6.16636e+12	0.00e+00	2.33e-31	3.36e-23	1.14e-15	1.01e-08	3.70e-01	6.27e-01	2.83e-03
 6.41195e+12	3.18e-40	3.37e-31	4.53e-23	1.42e-15	1.16e-08	3.90e-01	6.08e-01	2.52e-03
 6.66728e+12	0.00e+00	4.88e-31	6.09e-23	1.77e-15	1.33e-08	4.11e-01	5.87e-01	2.24e-03
 6.88263e+12	7.13e-40	6.59e-31	7.73e-23	2.11e-15	1.48e-08	4.28e-01	5.70e-01	2.03e-03
 7.10993e+12	0.00e+00	8.92e-31	9.85e-23	2.53e-15	1.66e-08	4.45e-01	5.53e-01	1.84e-03
 7.39814e+12	1.61e-39	1.29e-30	1.32e-22	3.14e-15	1.90e-08	4.67e-01	5.32e-01	1.62e-03
 7.69561e+12	0.00e+00	1.86e-30	1.77e-22	3.90e-15	2.17e-08	4.88e-01	5.10e-01	1.43e-03
 7.95503e+12	3.60e-39	2.51e-30	2.25e-22	4.66e-15	2.42e-08	5.06e-01	4.93e-01	1.28e-03
 8.23491e+12	0.00e+00	3.44e-30	2.89e-22	5.60e-15	2.71e-08	5.25e-01	4.74e-01	1.15e-03
 8.54961e+12	7.94e-39	4.83e-30	3.78e-22	6.83e-15	3.05e-08	5.45e-01	4.54e-01	1.01e-03
 8.85988e+12	0.00e+00	6.66e-30	4.88e-22	8.24e-15	3.42e-08	5.65e-01	4.34e-01	8.97e-04
 9.16283e+12	1.68e-38	8.97e-30	6.18e-22	9.79e-15	3.80e-08	5.82e-01	4.17e-01	8.02e-04
 9.50597e+12	0.00e+00	1.25e-29	8.02e-22	1.19e-14	4.26e-08	6.02e-01	3.97e-01	7.05e-04
 9.86125e+12	3.71e-38	1.72e-29	1.04e-21	1.43e-14	4.76e-08	6.21e-01	3.78e-01	6.20e-04
 1.01396e+13	0.00e+00	2.20e-29	1.26e-21	1.65e-14	5.18e-08	6.35e-01	3.64e-01	5.62e-04
 1.04088e+13	6.60e-38	2.77e-29	1.51e-21	1.88e-14	5.60e-08	6.48e-01	3.51e-01	5.12e-04
 1.07587e+13	0.00e+00	3.69e-29	1.90e-21	2.22e-14	6.18e-08	6.65e-01	3.35e-01	4.55e-04
 1.11254e+13	1.33e-37	4.94e-29	2.39e-21	2.63e-14	6.82e-08	6.81e-01	3.19e-01	4.02e-04
 1.14391e+13	0.00e+00	6.27e-29	2.88e-21	3.01e-14	7.39e-08	6.94e-01	3.06e-01	3.64e-04
 1.17719e+13	2.41e-37	8.04e-29	3.51e-21	3.47e-14	8.03e-08	7.07e-01	2.93e-01	3.27e-04
 1.22045e+13	0.00e+00	1.09e-28	4.47e-21	4.14e-14	8.89e-08	7.23e-01	2.77e-01	2.86e-04
 1.26552e+13	5.11e-37	1.49e-28	5.72e-21	4.95e-14	9.86e-08	7.39e-01	2.61e-01	2.49e-04
 1.30346e+13	0.00e+00	1.91e-28	6.95e-21	5.70e-14	1.07e-07	7.51e-01	2.49e-01	2.22e-04
 1.34329e+13	9.45e-37	2.47e-28	8.51e-21	6.61e-14	1.16e-07	7.63e-01	2.36e-01	1.98e-04
 1.39462e+13	0.00e+00	3.39e-28	1.09e-20	7.92e-14	1.29e-07	7.78e-01	2.22e-01	1.71e-04
 1.44864e+13	2.04e-36	4.66e-28	1.40e-20	9.50e-14	1.43e-07	7.92e-01	2.07e-01	1.47e-04
 1.49610e+13	0.00e+00	6.10e-28	1.74e-20	1.11e-13	1.56e-07	8.04e-01	1.96e-01	1.29e-04
 1.54728e+13	3.97e-36	8.07e-28	2.17e-20	1.30e-13	1.71e-07	8.16e-01	1.84e-01	1.13e-04
 1.60922e+13	0.00e+00	1.12e-27	2.80e-20	1.56e-13	1.90e-07	8.28e-01	1.72e-01	9.62e-05
 1.67262e+13	8.67e-36	1.53e-27	3.60e-20	1.88e-13	2.11e-07	8.40e-01	1.60e-01	8.21e-05
 1.73221e+13	0.00e+00	2.04e-27	4.51e-20	2.21e-13	2.31e-07	8.51e-01	1.49e-01	7.10e-05
 1.78953e+13	1.69e-35	2.66e-27	5.57e-20	2.57e-13	2.52e-07	8.60e-01	1.40e-01	6.20e-05
 1.85418e+13	0.00e+00	3.55e-27	6.99e-20	3.04e-13	2.76e-07	8.69e-01	1.31e-01	5.34e-05
 1.92577e+13	3.47e-35	4.82e-27	8.90e-20	3.62e-13	3.04e-07	8.79e-01	1.21e-01	4.55e-05
 1.99226e+13	0.00e+00	6.33e-27	1.11e-19	4.24e-13	3.32e-07	8.87e-01	1.13e-01	3.93e-05
 2.04847e+13	6.31e-35	7.90e-27	1.32e-19	4.82e-13	3.57e-07	8.93e-01	1.07e-01	3.49e-05
 2.09788e+13	0.00e+00	9.55e-27	1.53e-19	5.37e-13	3.79e-07	8.98e-01	1.02e-01	3.15e-05
 2.15452e+13	1.02e-34	1.18e-26	1.81e-19	6.06e-13	4.05e-07	9.03e-01	9.67e-02	2.82e-05
 2.22816e+13	0.00e+00	1.54e-26	2.23e-19	7.07e-13	4.42e-07	9.10e-01	9.01e-02	2.43e-05
 2.30421e+13	1.94e-34	2.00e-26	2.76e-19	8.24e-13	4.81e-07	9.16e-01	8.40e-02	2.10e-05
 2.36790e+13	2.51e-34	2.48e-26	3.26e-19	9.32e-13	5.15e-07	9.21e-01	7.93e-02	1.86e-05
 2.43518e+13	3.27e-34	3.08e-26	3.88e-19	1.06e-12	5.51e-07	9.25e-01	7.49e-02	1.65e-05
 2.52264e+13	4.54e-34	4.05e-26	4.82e-19	1.24e-12	6.02e-07	9.31e-01	6.94e-02	1.41e-05
 2.61381e+13	6.33e-34	5.33e-26	6.00e-19	1.45e-12	6.57e-07	9.36e-01	6.44e-02	1.21e-05
 2.69166e+13	8.31e-34	6.68e-26	7.17e-19	1.65e-12	7.06e-07	9.39e-01	6.05e-02	1.06e-05
 2.77470e+13	1.10e-33	8.44e-26	8.63e-19	1.89e-12	7.59e-07	9.43e-01	5.68e-02	9.33e-06
 2.87956e+13	1.56e-33	1.12e-25	1.08e-18	2.22e-12	8.30e-07	9.48e-01	5.25e-02	7.94e-06
 2.98937e+13	2.20e-33	1.49e-25	1.35e-18	2.61e-12	9.07e-07	9.52e-01	4.84e-02	6.74e-06
 3.08852e+13	2.98e-33	1.91e-25	1.65e-18	3.01e-12	9.80e-07	9.55e-01	4.52e-02	5.86e-06
 3.19721e+13	4.11e-33	2.49e-25	2.03e-18	3.49e-12	1.06e-06	9.58e-01	4.21e-02	5.05e-06
 3.32532e+13	5.91e-33	3.36e-25	2.56e-18	4.13e-12	1.16e-06	9.61e-01	3.87e-02	4.27e-06
 3.44037e+13	8.11e-33	4.35e-25	3.14e-18	4.77e-12	1.26e-06	9.64e-01	3.60e-02	3.69e-06
 3.53089e+13	1.03e-32	5.31e-25	3.67e-18	5.32e-12	1.33e-06	9.66e-01	3.42e-02	3.31e-06
 3.62779e+13	1.33e-32	6.53e-25	4.31e-18	5.96e-12	1.41e-06	9.68e-01	3.23e-02	2.95e-06
 3.75377e+13	1.83e-32	8.48e-25	5.28e-18	6.88e-12	1.53e-06	9.70e-01	3.01e-02	2.56e-06
 3.89052e+13	2.56e-32	1.11e-24	6.53e-18	7.99e-12	1.65e-06	9.72e-01	2.79e-02	2.20e-06
 4.01397e+13	3.44e-32	1.42e-24	7.86e-18	9.10e-12	1.77e-06	9.74e-01	2.62e-02	1.93e-06
 4.12694e+13	4.47e-32	1.75e-24	9.26e-18	1.02e-11	1.88e-06	9.75e-01	2.47e-02	1.72e-06
 4.25357e+13	5.96e-32	2.21e-24	1.11e-17	1.16e-11	2.01e-06	9.77e-01	2.33e-02	1.52e-06
 4.41315e+13	8.45e-32	2.94e-24	1.38e-17	1.34e-11	2.17e-06	9.78e-01	2.16e-02	1.30e-06
 4.57542e+13	1.19e-31	3.88e-24	1.71e-17	1.56e-11	2.35e-06	9.80e-01	2.00e-02	1.12e-06
 4.71555e+13	1.59e-31	4.90e-24	2.04e-17	1.76e-11	2.50e-06	9.81e-01	1.89e-02	9.93e-07
 4.86701e+13	2.15e-31	6.26e-24	2.46e-17	2.00e-11	2.67e-06	9.82e-01	1.77e-02	0.00e+00
 5.05316e+13	3.08e-31	8.37e-24	3.07e-17	2.33e-11	2.89e-06	9.84e-01	1.64e-02	0.00e+00
 5.24368e+13	4.40e-31	1.12e-23	3.83e-17	2.71e-11	3.13e-06	9.85e-01	1.52e-02	0.00e+00
 5.41625e+13	6.01e-31	1.44e-23	4.64e-17	3.09e-11	3.35e-06	9.86e-01	1.43e-02	0.00e+00
 5.60626e+13	8.39e-31	1.88e-23	5.69e-17	3.56e-11	3.59e-06	9.87e-01	1.33e-02	0.00e+00
 5.82942e+13	1.22e-30	2.54e-23	7.17e-17	4.16e-11	3.90e-06	9.88e-01	1.23e-02	0.00e+00
 6.04140e+13	1.72e-30	3.36e-23	8.86e-17	4.81e-11	4.20e-06	9.89e-01	1.14e-02	0.00e+00
 6.22357e+13	2.30e-30	4.24e-23	1.06e-16	5.42e-11	4.46e-06	9.89e-01	1.08e-02	0.00e+00
 6.42127e+13	3.12e-30	5.41e-23	1.27e-16	6.15e-11	4.76e-06	9.90e-01	1.01e-02	0.00e+00
 6.66517e+13	4.46e-30	7.23e-23	1.59e-16	7.15e-11	5.14e-06	9.91e-01	9.38e-03	0.00e+00
 6.91349e+13	6.37e-30	9.62e-23	1.97e-16	8.28e-11	5.54e-06	9.91e-01	8.71e-03	0.00e+00
 7.12314e+13	8.51e-30	1.22e-22	2.35e-16	9.34e-11	5.89e-06	9.92e-01	8.21e-03	0.00e+00
 7.30036e+13	1.08e-29	1.47e-22	2.72e-16	1.03e-10	6.20e-06	9.92e-01	7.81e-03	0.00e+00
 7.49298e+13	1.39e-29	1.80e-22	3.18e-16	1.15e-10	6.54e-06	9.93e-01	7.41e-03	0.00e+00
 7.74338e+13	1.91e-29	2.33e-22	3.86e-16	1.31e-10	7.00e-06	9.93e-01	6.93e-03	0.00e+00
 8.00268e+13	2.63e-29	3.01e-22	4.70e-16	1.49e-10	7.50e-06	9.94e-01	6.48e-03	0.00e+00
 8.21943e+13	3.40e-29	3.71e-22	5.50e-16	1.66e-10	7.92e-06	9.94e-01	6.14e-03	0.00e+00
 8.44708e+13	4.43e-29	4.60e-22	6.47e-16	1.86e-10	8.38e-06	9.94e-01	5.81e-03	0.00e+00
 8.74302e+13	6.18e-29	6.01e-22	7.94e-16	2.14e-10	9.00e-06	9.95e-01	5.41e-03	0.00e+00
 9.05025e+13	8.63e-29	7.86e-22	9.74e-16	2.46e-10	9.67e-06	9.95e-01	5.05e-03	0.00e+00
 9.30949e+13	1.13e-28	9.81e-22	1.15e-15	2.75e-10	1.02e-05	9.95e-01	4.76e-03	0.00e+00
 9.58381e+13	1.50e-28	1.23e-21	1.37e-15	3.09e-10	1.09e-05	9.95e-01	4.49e-03	0.00e+00
 9.93514e+13	2.12e-28	1.63e-21	1.69e-15	3.58e-10	1.17e-05	9.96e-01	4.17e-03	0.00e+00
 1.02999e+14	3.01e-28	2.15e-21	2.10e-15	4.14e-10	1.26e-05	9.96e-01	3.87e-03	0.00e+00
 1.06169e+14	4.04e-28	2.73e-21	2.51e-15	4.68e-10	1.35e-05	9.96e-01	3.64e-03	0.00e+00
 1.09583e+14	5.48e-28	3.49e-21	3.03e-15	5.32e-10	1.44e-05	9.97e-01	3.41e-03	0.00e+00
 1.13758e+14	7.85e-28	4.67e-21	3.78e-15	6.19e-10	1.55e-05	9.97e-01	3.16e-03	0.00e+00
 1.17947e+14	1.11e-27	6.19e-21	4.68e-15	7.17e-10	1.67e-05	9.97e-01	2.93e-03	0.00e+00
 1.21652e+14	1.50e-27	7.87e-21	5.63e-15	8.12e-10	1.78e-05	9.97e-01	2.74e-03	0.00e+00
 1.25703e+14	2.06e-27	1.02e-20	6.83e-15	9.27e-10	1.91e-05	9.97e-01	2.56e-03	0.00e+00
 1.30568e+14	2.96e-27	1.36e-20	8.56e-15	1.08e-09	2.07e-05	9.98e-01	2.37e-03	0.00e+00
 1.35410e+14	4.21e-27	1.81e-20	1.06e-14	1.25e-09	2.23e-05	9.98e-01	2.20e-03	0.00e+00
 1.39796e+14	5.74e-27	2.32e-20	1.28e-14	1.42e-09	2.38e-05	9.98e-01	2.06e-03	0.00e+00
 1.44669e+14	7.98e-27	3.03e-20	1.57e-14	1.64e-09	2.56e-05	9.98e-01	1.92e-03	0.00e+00
 1.50386e+14	1.16e-26	4.10e-20	1.98e-14	1.91e-09	2.77e-05	9.98e-01	1.77e-03	0.00e+00
 1.56035e+14	1.66e-26	5.47e-20	2.46e-14	2.22e-09	2.99e-05	9.98e-01	1.64e-03	0.00e+00
 1.61336e+14	2.30e-26	7.11e-20	3.00e-14	2.54e-09	3.20e-05	9.98e-01	1.53e-03	0.00e+00
 1.66325e+14	3.09e-26	9.02e-20	3.60e-14	2.87e-09	3.41e-05	9.99e-01	1.44e-03	0.00e+00
 1.70721e+14	3.98e-26	1.11e-19	4.20e-14	3.19e-09	3.59e-05	9.99e-01	1.37e-03	0.00e+00
 1.75371e+14	5.17e-26	1.37e-19	4.93e-14	3.55e-09	3.80e-05	9.99e-01	1.29e-03	0.00e+00
 1.81417e+14	7.20e-26	1.78e-19	6.03e-14	4.07e-09	4.07e-05	9.99e-01	1.21e-03	0.00e+00
 1.87524e+14	9.95e-26	2.31e-19	7.35e-14	4.65e-09	4.36e-05	9.99e-01	1.13e-03	0.00e+00
 1.92419e+14	1.28e-25	2.84e-19	8.57e-14	5.16e-09	4.59e-05	9.99e-01	1.07e-03	0.00e+00
 1.97490e+14	1.65e-25	3.48e-19	1.00e-13	5.73e-09	4.84e-05	9.99e-01	1.02e-03	0.00e+00
 2.04082e+14	2.28e-25	4.51e-19	1.22e-13	6.54e-09	5.17e-05	9.99e-01	9.50e-04	0.00e+00
 2.11052e+14	3.17e-25	5.88e-19	1.49e-13	7.48e-09	5.54e-05	9.99e-01	8.88e-04	0.00e+00
 2.17105e+14	4.19e-25	7.35e-19	1.76e-13	8.37e-09	5.86e-05	9.99e-01	8.38e-04	0.00e+00
 2.23570e+14	5.60e-25	9.26e-19	2.09e-13	9.42e-09	6.22e-05	9.99e-01	7.90e-04	0.00e+00
 2.31783e+14	7.99e-25	1.23e-18	2.60e-13	1.09e-08	6.69e-05	9.99e-01	7.35e-04	0.00e+00
 2.40239e+14	1.14e-24	1.64e-18	3.22e-13	1.26e-08	7.19e-05	9.99e-01	6.84e-04	0.00e+00
 2.47581e+14	1.54e-24	2.08e-18	3.86e-13	1.42e-08	7.64e-05	9.99e-01	6.44e-04	0.00e+00
 2.55505e+14	2.11e-24	2.68e-18	4.66e-13	1.61e-08	8.14e-05	9.99e-01	6.04e-04	0.00e+00
 2.65199e+14	3.05e-24	3.60e-18	5.82e-13	1.86e-08	8.77e-05	9.99e-01	5.61e-04	0.00e+00
 2.75031e+14	4.38e-24	4.82e-18	7.24e-13	2.16e-08	9.44e-05	9.99e-01	5.21e-04	0.00e+00
 2.83875e+14	6.00e-24	6.20e-18	8.74e-13	2.45e-08	1.01e-04	9.99e-01	4.89e-04	0.00e+00
 2.93598e+14	8.39e-24	8.11e-18	1.07e-12	2.80e-08	1.08e-04	9.99e-01	4.57e-04	0.00e+00
 3.05091e+14	1.23e-23	1.10e-17	1.35e-12	3.26e-08	1.16e-04	9.99e-01	4.23e-04	0.00e+00
 3.16462e+14	1.77e-23	1.47e-17	1.68e-12	3.78e-08	1.25e-04	9.99e-01	3.93e-04	0.00e+00
 3.26993e+14	2.45e-23	1.91e-17	2.04e-12	4.30e-08	1.33e-04	9.99e-01	3.68e-04	0.00e+00
 3.38808e+14	3.49e-23	2.54e-17	2.52e-12	4.96e-08	1.43e-04	1.00e+00	3.43e-04	0.00e+00
 3.50894e+14	4.95e-23	3.36e-17	3.11e-12	5.70e-08	1.54e-04	1.00e+00	3.20e-04	0.00e+00
 3.60260e+14	6.43e-23	4.14e-17	3.64e-12	6.34e-08	1.62e-04	1.00e+00	3.03e-04	0.00e+00
 3.69320e+14	8.23e-23	5.04e-17	4.22e-12	7.00e-08	1.70e-04	1.00e+00	2.89e-04	0.00e+00
 3.81097e+14	1.12e-22	6.47e-17	5.09e-12	7.94e-08	1.81e-04	1.00e+00	2.71e-04	0.00e+00
 3.93440e+14	1.54e-22	8.34e-17	6.16e-12	9.02e-08	1.93e-04	1.00e+00	2.54e-04	0.00e+00
 4.03957e+14	2.00e-22	1.03e-16	7.21e-12	1.00e-07	2.04e-04	1.00e+00	2.41e-04	0.00e+00
 4.15069e+14	2.61e-22	1.27e-16	8.48e-12	1.12e-07	2.16e-04	1.00e+00	2.28e-04	0.00e+00
 4.29514e+14	3.66e-22	1.67e-16	1.04e-11	1.28e-07	2.31e-04	1.00e+00	2.13e-04	0.00e+00
 4.44428e+14	5.12e-22	2.19e-16	1.28e-11	1.47e-07	2.48e-04	1.00e+00	1.98e-04	0.00e+00
 4.56862e+14	6.71e-22	2.72e-16	1.50e-11	1.64e-07	2.62e-04	1.00e+00	1.87e-04	0.00e+00
 4.69936e+14	8.85e-22	3.40e-16	1.78e-11	1.84e-07	2.78e-04	1.00e+00	1.77e-04	0.00e+00
 4.86887e+14	1.25e-21	4.49e-16	2.20e-11	2.12e-07	2.99e-04	1.00e+00	1.65e-04	0.00e+00
 5.04698e+14	1.78e-21	5.95e-16	2.72e-11	2.45e-07	3.21e-04	1.00e+00	1.53e-04	0.00e+00
 5.20118e+14	2.38e-21	7.54e-16	3.26e-11	2.77e-07	3.42e-04	1.00e+00	1.44e-04	0.00e+00
 5.36612e+14	3.22e-21	9.62e-16	3.92e-11	3.15e-07	3.65e-04	1.00e+00	1.35e-04	0.00e+00
 5.56868e+14	4.61e-21	1.28e-15	4.89e-11	3.65e-07	3.94e-04	9.99e-01	1.25e-04	0.00e+00
 5.77202e+14	6.51e-21	1.70e-15	6.05e-11	4.23e-07	4.25e-04	9.99e-01	1.16e-04	0.00e+00
 5.94998e+14	8.73e-21	2.15e-15	7.25e-11	4.78e-07	4.52e-04	9.99e-01	1.09e-04	0.00e+00
 6.14309e+14	1.18e-20	2.76e-15	8.76e-11	5.44e-07	4.84e-04	9.99e-01	1.02e-04	0.00e+00
 6.37744e+14	1.69e-20	3.68e-15	1.09e-10	6.34e-07	5.24e-04	9.99e-01	9.39e-05	0.00e+00
 6.61215e+14	2.39e-20	4.87e-15	1.35e-10	7.34e-07	5.65e-04	9.99e-01	8.70e-05	0.00e+00
 6.82085e+14	3.22e-20	6.19e-15	1.63e-10	8.33e-07	6.03e-04	9.99e-01	8.15e-05	0.00e+00
 7.04899e+14	4.39e-20	7.97e-15	1.98e-10	9.52e-07	6.47e-04	9.99e-01	7.60e-05	0.00e+00
 7.32165e+14	6.28e-20	1.07e-14	2.48e-10	1.11e-06	7.01e-04	9.99e-01	7.01e-05	0.00e+00
 7.59097e+14	8.81e-20	1.41e-14	3.06e-10	1.29e-06	7.57e-04	9.99e-01	6.49e-05	0.00e+00
 7.82061e+14	1.17e-19	1.77e-14	3.65e-10	1.45e-06	8.07e-04	9.99e-01	6.09e-05	0.00e+00
 8.05986e+14	1.55e-19	2.22e-14	4.36e-10	1.65e-06	8.61e-04	9.99e-01	5.72e-05	0.00e+00
 8.30966e+14	2.06e-19	2.80e-14	5.22e-10	1.86e-06	9.19e-04	9.99e-01	5.35e-05	0.00e+00
 8.51944e+14	2.60e-19	3.39e-14	6.05e-10	2.06e-06	9.69e-04	9.99e-01	5.08e-05	0.00e+00
 8.73841e+14	3.29e-19	4.11e-14	7.02e-10	2.29e-06	1.02e-03	9.99e-01	4.81e-05	0.00e+00
 9.02307e+14	4.43e-19	5.24e-14	8.48e-10	2.61e-06	1.10e-03	9.99e-01	4.48e-05	0.00e+00
 9.31579e+14	5.96e-19	6.68e-14	1.02e-09	2.97e-06	1.18e-03	9.99e-01	4.19e-05	0.00e+00
 9.55727e+14	7.56e-19	8.10e-14	1.19e-09	3.30e-06	1.24e-03	9.99e-01	3.96e-05	0.00e+00
 9.80944e+14	9.63e-19	9.88e-14	1.39e-09	3.67e-06	1.31e-03	9.99e-01	3.75e-05	0.00e+00
 1.01373e+15	1.30e-18	1.27e-13	1.68e-09	4.20e-06	1.41e-03	9.99e-01	3.49e-05	0.00e+00
 1.04797e+15	1.77e-18	1.63e-13	2.04e-09	4.81e-06	1.52e-03	9.98e-01	3.25e-05	0.00e+00
 1.07708e+15	2.28e-18	2.00e-13	2.40e-09	5.37e-06	1.61e-03	9.98e-01	3.06e-05	0.00e+00
 1.10788e+15	2.95e-18	2.47e-13	2.83e-09	6.03e-06	1.71e-03	9.98e-01	2.88e-05	0.00e+00
 1.14781e+15	4.09e-18	3.23e-13	3.49e-09	6.97e-06	1.85e-03	9.98e-01	2.67e-05	0.00e+00
 1.18928e+15	5.67e-18	4.22e-13	4.30e-09	8.06e-06	1.99e-03	9.98e-01	2.47e-05	0.00e+00
 1.22468e+15	7.42e-18	5.26e-13	5.10e-09	9.08e-06	2.12e-03	9.98e-01	2.32e-05	0.00e+00
 1.26251e+15	9.79e-18	6.60e-13	6.09e-09	1.03e-05	2.27e-03	9.98e-01	2.17e-05	0.00e+00
 1.30959e+15	1.37e-17	8.70e-13	7.56e-09	1.19e-05	2.46e-03	9.98e-01	2.00e-05	0.00e+00
 1.35803e+15	1.90e-17	1.14e-12	9.34e-09	1.38e-05	2.66e-03	9.97e-01	1.85e-05	0.00e+00
 1.40151e+15	2.54e-17	1.44e-12	1.12e-08	1.58e-05	2.85e-03	9.97e-01	1.73e-05	0.00e+00
 1.44922e+15	3.43e-17	1.85e-12	1.37e-08	1.81e-05	3.07e-03	9.97e-01	1.60e-05	0.00e+00
 1.50573e+15	4.86e-17	2.47e-12	1.71e-08	2.11e-05	3.34e-03	9.97e-01	1.47e-05	0.00e+00
 1.56116e+15	6.70e-17	3.22e-12	2.11e-08	2.45e-05	3.61e-03	9.96e-01	1.36e-05	0.00e+00
 1.60435e+15	8.57e-17	3.94e-12	2.48e-08	2.74e-05	3.84e-03	9.96e-01	1.28e-05	0.00e+00
 1.63730e+15	1.03e-16	4.58e-12	2.79e-08	2.98e-05	4.01e-03	9.96e-01	1.22e-05	0.00e+00
 1.67330e+15	1.25e-16	5.38e-12	3.17e-08	3.25e-05	4.21e-03	9.96e-01	1.17e-05	0.00e+00
 1.72009e+15	1.97e-16	6.60e-12	3.72e-08	3.64e-05	4.48e-03	9.95e-01	1.10e-05	0.00e+00
 1.77116e+15	2.51e-16	8.18e-12	4.42e-08	4.11e-05	4.78e-03	9.95e-01	1.03e-05	0.00e+00
 1.81728e+15	3.15e-16	9.86e-12	5.13e-08	4.56e-05	5.06e-03	9.95e-01	9.69e-06	0.00e+00
 1.86676e+15	3.99e-16	1.20e-11	6.00e-08	5.09e-05	5.38e-03	9.95e-01	9.12e-06	0.00e+00
 1.93107e+15	5.38e-16	1.54e-11	7.31e-08	5.85e-05	5.81e-03	9.94e-01	8.45e-06	0.00e+00
 1.99556e+15	7.16e-16	1.95e-11	8.86e-08	6.70e-05	6.26e-03	9.94e-01	7.84e-06	0.00e+00
 2.04645e+15	8.89e-16	2.34e-11	1.03e-07	7.43e-05	6.63e-03	9.93e-01	7.40e-06	0.00e+00
 2.09880e+15	1.11e-15	2.81e-11	1.19e-07	8.24e-05	7.02e-03	9.93e-01	6.98e-06	0.00e+00
 2.16684e+15	1.45e-15	3.53e-11	1.43e-07	9.40e-05	7.56e-03	9.92e-01	6.49e-06	0.00e+00
 2.23951e+15	1.92e-15	4.47e-11	1.73e-07	1.08e-04	8.15e-03	9.92e-01	6.01e-06	0.00e+00
 2.30344e+15	2.43e-15	5.46e-11	2.04e-07	1.21e-04	8.70e-03	9.91e-01	5.63e-06	0.00e+00
 2.37177e+15	3.10e-15	6.72e-11	2.42e-07	1.36e-04	9.32e-03	9.91e-01	5.28e-06	0.00e+00
 2.45861e+15	4.20e-15	8.69e-11	2.98e-07	1.58e-04	1.01e-02	9.90e-01	4.96e-06	0.00e+00
 2.54805e+15	5.63e-15	1.12e-10	3.67e-07	1.83e-04	1.10e-02	9.89e-01	4.64e-06	0.00e+00
 2.62559e+15	7.19e-15	1.38e-10	4.38e-07	2.07e-04	1.18e-02	9.88e-01	4.39e-06	0.00e+00
 2.70913e+15	9.30e-15	1.72e-10	5.26e-07	2.36e-04	1.27e-02	9.87e-01	4.14e-06	0.00e+00
 2.81148e+15	1.26e-14	2.24e-10	6.53e-07	2.75e-04	1.39e-02	9.86e-01	3.87e-06	0.00e+00
 2.91492e+15	1.67e-14	2.88e-10	8.07e-07	3.19e-04	1.52e-02	9.85e-01	3.63e-06	0.00e+00
 3.00681e+15	2.14e-14	3.57e-10	9.68e-07	3.62e-04	1.63e-02	9.83e-01	3.45e-06	0.00e+00
 3.08453e+15	2.62e-14	4.27e-10	1.12e-06	4.03e-04	1.74e-02	9.82e-01	3.30e-06	0.00e+00
 3.15183e+15	3.10e-14	4.96e-10	1.28e-06	4.40e-04	1.83e-02	9.81e-01	3.19e-06	0.00e+00
 3.22812e+15	3.74e-14	5.86e-10	1.47e-06	4.85e-04	1.94e-02	9.80e-01	3.06e-06	0.00e+00
 3.32731e+15	4.78e-14	7.27e-10	1.76e-06	5.50e-04	2.08e-02	9.79e-01	2.93e-06	0.00e+00
 3.42873e+15	6.04e-14	8.96e-10	2.10e-06	6.23e-04	2.24e-02	9.77e-01	2.81e-06	0.00e+00
 3.51121e+15	7.25e-14	1.06e-09	2.42e-06	6.87e-04	2.37e-02	9.76e-01	2.71e-06	0.00e+00
 3.59655e+15	8.78e-14	1.25e-09	2.79e-06	7.58e-04	2.51e-02	9.74e-01	2.63e-06	0.00e+00
 3.70751e+15	1.12e-13	1.55e-09	3.35e-06	8.60e-04	2.70e-02	9.72e-01	2.53e-06	0.00e+00
 3.82263e+15	1.42e-13	1.93e-09	4.03e-06	9.76e-04	2.91e-02	9.70e-01	2.45e-06	0.00e+00
 3.91904e+15	1.72e-13	2.29e-09	4.68e-06	1.08e-03	3.09e-02	9.68e-01	2.38e-06	0.00e+00
 4.02024e+15	2.11e-13	2.75e-09	5.45e-06	1.20e-03	3.28e-02	9.66e-01	2.31e-06	0.00e+00
 4.15180e+15	2.73e-13	3.46e-09	6.64e-06	1.37e-03	3.55e-02	9.63e-01	2.25e-06	0.00e+00
 4.28803e+15	3.52e-13	4.35e-09	8.07e-06	1.57e-03	3.83e-02	9.60e-01	2.19e-06	0.00e+00
 4.40247e+15	4.32e-13	5.25e-09	9.47e-06	1.75e-03	4.08e-02	9.57e-01	2.15e-06	0.00e+00
 4.52341e+15	5.37e-13	6.38e-09	1.12e-05	1.95e-03	4.36e-02	9.54e-01	2.11e-06	0.00e+00
 4.68062e+15	7.08e-13	8.17e-09	1.38e-05	2.25e-03	4.73e-02	9.50e-01	2.07e-06	0.00e+00
 4.84585e+15	9.31e-13	1.05e-08	1.71e-05	2.60e-03	5.13e-02	9.46e-01	2.03e-06	0.00e+00
 4.98823e+15	1.17e-12	1.29e-08	2.04e-05	2.93e-03	5.50e-02	9.42e-01	2.00e-06	0.00e+00
 5.14004e+15	1.50e-12	1.60e-08	2.45e-05	3.31e-03	5.90e-02	9.38e-01	1.98e-06	0.00e+00
 5.33038e+15	2.01e-12	2.09e-08	3.08e-05	3.85e-03	6.43e-02	9.32e-01	1.96e-06	0.00e+00
 5.52469e+15	2.68e-12	2.71e-08	3.84e-05	4.46e-03	6.98e-02	9.26e-01	1.94e-06	0.00e+00
 5.67114e+15	3.30e-12	3.27e-08	4.51e-05	4.97e-03	7.42e-02	9.21e-01	1.92e-06	0.00e+00
 5.77998e+15	3.87e-12	3.77e-08	5.07e-05	5.37e-03	7.75e-02	9.17e-01	1.93e-06	0.00e+00
 5.89996e+15	4.61e-12	4.40e-08	5.77e-05	5.85e-03	8.13e-02	9.13e-01	1.92e-06	0.00e+00
 6.05592e+15	5.76e-12	5.35e-08	6.80e-05	6.52e-03	8.63e-02	9.07e-01	1.90e-06	0.00e+00
 6.22657e+15	7.29e-12	6.59e-08	8.10e-05	7.31e-03	9.20e-02	9.01e-01	1.91e-06	0.00e+00
 6.37999e+15	8.94e-12	7.89e-08	9.41e-05	8.08e-03	9.72e-02	8.95e-01	1.90e-06	0.00e+00
 6.54313e+15	1.11e-11	9.57e-08	1.10e-04	8.97e-03	1.03e-01	8.88e-01	1.90e-06	0.00e+00
 6.75520e+15	1.47e-11	1.22e-07	1.35e-04	1.03e-02	1.11e-01	8.79e-01	1.91e-06	0.00e+00
 6.96718e+15	1.91e-11	1.54e-07	1.64e-04	1.16e-02	1.19e-01	8.70e-01	1.91e-06	0.00e+00
 7.13253e+15	2.33e-11	1.83e-07	1.90e-04	1.28e-02	1.25e-01	8.62e-01	1.91e-06	0.00e+00
 7.30100e+15	2.86e-11	2.20e-07	2.20e-04	1.41e-02	1.31e-01	8.54e-01	1.92e-06	0.00e+00
 7.52002e+15	3.73e-11	2.76e-07	2.66e-04	1.59e-02	1.40e-01	8.44e-01	1.90e-06	0.00e+00
 7.75153e+15	4.85e-11	3.48e-07	3.22e-04	1.80e-02	1.50e-01	8.32e-01	1.91e-06	0.00e+00
 7.95186e+15	6.03e-11	4.21e-07	3.78e-04	2.00e-02	1.58e-01	8.22e-01	1.91e-06	0.00e+00
 8.16490e+15	7.67e-11	5.18e-07	4.47e-04	2.23e-02	1.67e-01	8.10e-01	1.90e-06	0.00e+00
 8.44184e+15	1.04e-10	6.74e-07	5.54e-04	2.56e-02	1.79e-01	7.95e-01	1.90e-06	0.00e+00
 8.72002e+15	1.37e-10	8.58e-07	6.78e-04	2.92e-02	1.91e-01	7.79e-01	1.88e-06	0.00e+00
 8.94533e+15	1.71e-10	1.04e-06	7.96e-04	3.24e-02	2.01e-01	7.66e-01	1.89e-06	0.00e+00
 9.18377e+15	2.18e-10	1.29e-06	9.43e-04	3.61e-02	2.12e-01	7.51e-01	1.88e-06	0.00e+00
 9.49375e+15	2.96e-10	1.67e-06	1.17e-03	4.13e-02	2.26e-01	7.31e-01	1.85e-06	0.00e+00
 9.77266e+15	3.76e-10	2.06e-06	1.39e-03	4.62e-02	2.38e-01	7.14e-01	1.83e-06	0.00e+00
 9.96077e+15	4.43e-10	2.38e-06	1.57e-03	4.99e-02	2.47e-01	7.02e-01	1.83e-06	0.00e+00
 1.01549e+16	5.31e-10	2.78e-06	1.78e-03	5.40e-02	2.56e-01	6.88e-01	1.82e-06	0.00e+00
 1.04073e+16	6.69e-10	3.39e-06	2.09e-03	5.96e-02	2.68e-01	6.71e-01	1.80e-06	0.00e+00
 1.06662e+16	8.26e-10	4.08e-06	2.44e-03	6.56e-02	2.79e-01	6.53e-01	1.76e-06	0.00e+00
 1.08981e+16	1.01e-09	4.83e-06	2.80e-03	7.15e-02	2.89e-01	6.36e-01	1.75e-06	0.00e+00
 1.11637e+16	1.26e-09	5.87e-06	3.28e-03	7.88e-02	3.01e-01	6.17e-01	1.71e-06	0.00e+00
 1.14423e+16	1.57e-09	7.11e-06	3.85e-03	8.68e-02	3.13e-01	5.96e-01	1.69e-06	0.00e+00
 1.16962e+16	1.93e-09	8.45e-06	4.44e-03	9.46e-02	3.24e-01	5.77e-01	1.66e-06	0.00e+00
 1.19847e+16	2.44e-09	1.03e-05	5.22e-03	1.04e-01	3.35e-01	5.55e-01	1.61e-06	0.00e+00
 1.22876e+16	3.06e-09	1.26e-05	6.14e-03	1.15e-01	3.47e-01	5.32e-01	1.58e-06	0.00e+00
 1.25561e+16	3.73e-09	1.49e-05	7.07e-03	1.25e-01	3.56e-01	5.12e-01	1.54e-06	0.00e+00
 1.28518e+16	4.73e-09	1.82e-05	8.30e-03	1.37e-01	3.67e-01	4.87e-01	1.49e-06	0.00e+00
 1.31701e+16	5.93e-09	2.21e-05	9.76e-03	1.50e-01	3.77e-01	4.63e-01	1.44e-06	0.00e+00
 1.34546e+16	7.29e-09	2.64e-05	1.13e-02	1.63e-01	3.85e-01	4.40e-01	1.40e-06	0.00e+00
 1.37198e+16	8.85e-09	3.12e-05	1.29e-02	1.76e-01	3.92e-01	4.19e-01	1.36e-06	0.00e+00
 1.40233e+16	1.12e-08	3.80e-05	1.51e-02	1.91e-01	3.99e-01	3.94e-01	1.32e-06	0.00e+00
 1.43497e+16	1.40e-08	4.60e-05	1.77e-02	2.08e-01	4.05e-01	3.69e-01	1.25e-06	0.00e+00
 1.46410e+16	1.73e-08	5.48e-05	2.04e-02	2.24e-01	4.09e-01	3.46e-01	1.20e-06	0.00e+00
 1.48950e+16	2.08e-08	6.42e-05	2.32e-02	2.39e-01	4.11e-01	3.26e-01	1.17e-06	0.00e+00
 1.51279e+16	2.45e-08	7.37e-05	2.59e-02	2.53e-01	4.13e-01	3.09e-01	1.13e-06	0.00e+00
 1.53934e+16	3.05e-08	8.82e-05	2.98e-02	2.70e-01	4.13e-01	2.87e-01	1.08e-06	0.00e+00
 1.56747e+16	3.75e-08	1.05e-04	3.42e-02	2.88e-01	4.12e-01	2.65e-01	1.04e-06	0.00e+00
 1.59197e+16	4.46e-08	1.21e-04	3.85e-02	3.04e-01	4.10e-01	2.48e-01	9.95e-07	0.00e+00
 1.61419e+16	5.30e-08	1.40e-04	4.30e-02	3.20e-01	4.06e-01	2.31e-01	0.00e+00	0.00e+00
 1.63909e+16	6.59e-08	1.67e-04	4.90e-02	3.38e-01	4.01e-01	2.11e-01	0.00e+00	0.00e+00
 1.66468e+16	7.94e-08	1.94e-04	5.56e-02	3.56e-01	3.95e-01	1.94e-01	0.00e+00	0.00e+00
 1.68610e+16	9.61e-08	2.27e-04	6.22e-02	3.72e-01	3.88e-01	1.78e-01	0.00e+00	0.00e+00
 1.70524e+16	1.12e-07	2.58e-04	6.87e-02	3.86e-01	3.81e-01	1.65e-01	0.00e+00	0.00e+00
 1.72646e+16	1.37e-07	3.01e-04	7.69e-02	4.02e-01	3.71e-01	1.50e-01	0.00e+00	0.00e+00
 1.74917e+16	1.64e-07	3.49e-04	8.64e-02	4.18e-01	3.60e-01	1.35e-01	0.00e+00	0.00e+00
 1.76914e+16	1.90e-07	3.96e-04	9.57e-02	4.32e-01	3.49e-01	1.23e-01	0.00e+00	0.00e+00
 1.78737e+16	2.25e-07	4.53e-04	1.06e-01	4.45e-01	3.37e-01	1.11e-01	0.00e+00	0.00e+00
 1.80519e+16	2.85e-07	5.41e-04	1.18e-01	4.59e-01	3.24e-01	9.87e-02	0.00e+00	0.00e+00
 1.82128e+16	3.31e-07	6.09e-04	1.28e-01	4.69e-01	3.12e-01	8.96e-02	0.00e+00	0.00e+00
 1.83798e+16	3.76e-07	6.78e-04	1.40e-01	4.80e-01	2.99e-01	8.05e-02	0.00e+00	0.00e+00
 1.85969e+16	4.66e-07	8.03e-04	1.58e-01	4.93e-01	2.79e-01	6.88e-02	0.00e+00	0.00e+00
 1.88040e+16	5.82e-07	9.54e-04	1.78e-01	5.03e-01	2.60e-01	5.83e-02	0.00e+00	0.00e+00
 1.89438e+16	7.26e-07	1.12e-03	1.94e-01	5.09e-01	2.45e-01	5.06e-02	0.00e+00	0.00e+00
 1.90401e+16	8.27e-07	1.24e-03	2.06e-01	5.13e-01	2.34e-01	4.57e-02	0.00e+00	0.00e+00
 1.91341e+16	9.23e-07	1.35e-03	2.18e-01	5.16e-01	2.24e-01	4.15e-02	0.00e+00	0.00e+00
 1.92563e+16	1.04e-06	1.48e-03	2.33e-01	5.19e-01	2.10e-01	3.66e-02	0.00e+00	0.00e+00
 1.94151e+16	1.32e-06	1.77e-03	2.56e-01	5.21e-01	1.91e-01	2.98e-02	0.00e+00	0.00e+00
 1.95598e+16	1.60e-06	2.05e-03	2.79e-01	5.21e-01	1.73e-01	2.46e-02	0.00e+00	0.00e+00
 1.96425e+16	1.83e-06	2.26e-03	2.93e-01	5.20e-01	1.63e-01	2.17e-02	0.00e+00	0.00e+00
 1.96929e+16	1.97e-06	2.38e-03	3.02e-01	5.19e-01	1.57e-01	2.00e-02	0.00e+00	0.00e+00
 1.97447e+16	2.14e-06	2.53e-03	3.11e-01	5.18e-01	1.50e-01	1.84e-02	0.00e+00	0.00e+00
 1.98120e+16	2.28e-06	2.66e-03	3.22e-01	5.16e-01	1.42e-01	1.66e-02	0.00e+00	0.00e+00
 1.98995e+16	2.58e-06	2.91e-03	3.38e-01	5.13e-01	1.31e-01	1.43e-02	0.00e+00	0.00e+00
 1.99882e+16	2.95e-06	3.22e-03	3.55e-01	5.09e-01	1.21e-01	1.21e-02	0.00e+00	0.00e+00
 2.00557e+16	3.41e-06	3.57e-03	3.70e-01	5.04e-01	1.12e-01	1.04e-02	0.00e+00	0.00e+00
 2.01052e+16	3.63e-06	3.74e-03	3.80e-01	5.01e-01	1.06e-01	9.48e-03	0.00e+00	0.00e+00
 2.01539e+16	4.02e-06	4.03e-03	3.91e-01	4.97e-01	1.00e-01	8.43e-03	0.00e+00	0.00e+00
 2.02171e+16	4.48e-06	4.36e-03	4.04e-01	4.91e-01	9.26e-02	7.27e-03	0.00e+00	0.00e+00
 2.02862e+16	4.91e-06	4.66e-03	4.18e-01	4.86e-01	8.52e-02	6.23e-03	0.00e+00	0.00e+00
 2.03628e+16	5.60e-06	5.12e-03	4.35e-01	4.78e-01	7.68e-02	5.13e-03	0.00e+00	0.00e+00
 2.04390e+16	6.42e-06	5.64e-03	4.52e-01	4.70e-01	6.89e-02	4.18e-03	0.00e+00	0.00e+00
 2.04967e+16	7.37e-06	6.22e-03	4.66e-01	4.61e-01	6.28e-02	3.50e-03	0.00e+00	0.00e+00
 2.05420e+16	8.02e-06	6.60e-03	4.77e-01	4.55e-01	5.85e-02	3.06e-03	0.00e+00	0.00e+00
 2.05894e+16	8.61e-06	6.96e-03	4.87e-01	4.50e-01	5.43e-02	2.67e-03	0.00e+00	0.00e+00
 2.06510e+16	9.89e-06	7.67e-03	5.02e-01	4.40e-01	4.86e-02	2.16e-03	0.00e+00	0.00e+00
 2.07156e+16	1.12e-05	8.37e-03	5.16e-01	4.30e-01	4.34e-02	1.75e-03	0.00e+00	0.00e+00
 2.07738e+16	1.23e-05	8.95e-03	5.29e-01	4.22e-01	3.92e-02	1.45e-03	0.00e+00	0.00e+00
 2.08390e+16	1.44e-05	1.00e-02	5.45e-01	4.09e-01	3.42e-02	1.12e-03	0.00e+00	0.00e+00
 2.09059e+16	1.64e-05	1.09e-02	5.59e-01	3.99e-01	3.01e-02	8.84e-04	0.00e+00	0.00e+00
 2.09749e+16	1.90e-05	1.21e-02	5.75e-01	3.86e-01	2.60e-02	6.73e-04	0.00e+00	0.00e+00
 2.10499e+16	2.20e-05	1.34e-02	5.91e-01	3.73e-01	2.22e-02	5.04e-04	0.00e+00	0.00e+00
 2.11078e+16	2.48e-05	1.46e-02	6.03e-01	3.62e-01	1.96e-02	4.00e-04	0.00e+00	0.00e+00
 2.11470e+16	2.69e-05	1.54e-02	6.11e-01	3.55e-01	1.80e-02	3.42e-04	0.00e+00	0.00e+00
 2.11868e+16	2.92e-05	1.63e-02	6.19e-01	3.48e-01	1.64e-02	2.89e-04	0.00e+00	0.00e+00
 2.12385e+16	3.26e-05	1.77e-02	6.30e-01	3.38e-01	1.46e-02	2.31e-04	0.00e+00	0.00e+00
 2.12950e+16	3.66e-05	1.92e-02	6.41e-01	3.27e-01	1.28e-02	1.81e-04	0.00e+00	0.00e+00
 2.13467e+16	4.07e-05	2.06e-02	6.50e-01	3.18e-01	1.13e-02	1.45e-04	0.00e+00	0.00e+00
 2.14031e+16	4.59e-05	2.24e-02	6.61e-01	3.07e-01	9.87e-03	1.13e-04	0.00e+00	0.00e+00
 2.14648e+16	5.24e-05	2.45e-02	6.72e-01	2.95e-01	8.50e-03	8.58e-05	0.00e+00	0.00e+00
 2.15197e+16	5.88e-05	2.65e-02	6.81e-01	2.85e-01	7.44e-03	6.73e-05	0.00e+00	0.00e+00
 2.15695e+16	6.49e-05	2.84e-02	6.89e-01	2.76e-01	6.61e-03	5.42e-05	0.00e+00	0.00e+00
 2.16262e+16	7.38e-05	3.10e-02	6.99e-01	2.65e-01	5.70e-03	4.13e-05	0.00e+00	0.00e+00
 2.16866e+16	8.40e-05	3.39e-02	7.08e-01	2.53e-01	4.90e-03	3.14e-05	0.00e+00	0.00e+00
 2.17405e+16	9.45e-05	3.67e-02	7.16e-01	2.43e-01	4.27e-03	2.46e-05	0.00e+00	0.00e+00
 2.17994e+16	1.07e-04	4.00e-02	7.24e-01	2.32e-01	3.66e-03	1.86e-05	0.00e+00	0.00e+00
 2.18632e+16	1.23e-04	4.39e-02	7.32e-01	2.21e-01	3.11e-03	1.39e-05	0.00e+00	0.00e+00
 2.19210e+16	1.41e-04	4.81e-02	7.39e-01	2.10e-01	2.66e-03	1.05e-05	0.00e+00	0.00e+00
 2.19721e+16	1.58e-04	5.20e-02	7.45e-01	2.01e-01	2.32e-03	8.29e-06	0.00e+00	0.00e+00
 2.20269e+16	1.79e-04	5.66e-02	7.50e-01	1.91e-01	2.00e-03	6.35e-06	0.00e+00	0.00e+00
 2.20883e+16	2.06e-04	6.22e-02	7.56e-01	1.80e-01	1.69e-03	4.75e-06	0.00e+00	0.00e+00
 2.21459e+16	2.38e-04	6.84e-02	7.61e-01	1.69e-01	1.43e-03	3.57e-06	0.00e+00	0.00e+00
 2.21962e+16	2.68e-04	7.42e-02	7.64e-01	1.61e-01	1.25e-03	2.80e-06	0.00e+00	0.00e+00
 2.22496e+16	3.06e-04	8.10e-02	7.66e-01	1.51e-01	1.06e-03	2.13e-06	0.00e+00	0.00e+00
 2.23082e+16	3.55e-04	8.94e-02	7.68e-01	1.41e-01	8.90e-04	1.58e-06	0.00e+00	0.00e+00
 2.23608e+16	4.07e-04	9.78e-02	7.69e-01	1.32e-01	7.58e-04	1.21e-06	0.00e+00	0.00e+00
 2.24073e+16	4.59e-04	1.06e-01	7.69e-01	1.24e-01	6.56e-04	9.48e-07	0.00e+00	0.00e+00
 2.24588e+16	5.26e-04	1.16e-01	7.67e-01	1.16e-01	5.53e-04	0.00e+00	0.00e+00	0.00e+00
 2.25152e+16	6.15e-04	1.28e-01	7.64e-01	1.06e-01	4.58e-04	0.00e+00	0.00e+00	0.00e+00
 2.25652e+16	7.09e-04	1.41e-01	7.60e-01	9.81e-02	3.85e-04	0.00e+00	0.00e+00	0.00e+00
 2.26088e+16	8.05e-04	1.53e-01	7.55e-01	9.12e-02	3.30e-04	0.00e+00	0.00e+00	0.00e+00
 2.26570e+16	9.24e-04	1.67e-01	7.48e-01	8.36e-02	2.76e-04	0.00e+00	0.00e+00	0.00e+00
 2.27105e+16	1.09e-03	1.86e-01	7.37e-01	7.54e-02	2.24e-04	0.00e+00	0.00e+00	0.00e+00
 2.27588e+16	1.27e-03	2.05e-01	7.26e-01	6.83e-02	1.84e-04	0.00e+00	0.00e+00	0.00e+00
 2.28017e+16	1.45e-03	2.23e-01	7.13e-01	6.19e-02	1.53e-04	0.00e+00	0.00e+00	0.00e+00
 2.28495e+16	1.69e-03	2.46e-01	6.97e-01	5.53e-02	1.24e-04	0.00e+00	0.00e+00	0.00e+00
 2.29028e+16	2.02e-03	2.74e-01	6.76e-01	4.81e-02	9.64e-05	0.00e+00	0.00e+00	0.00e+00
 2.29518e+16	2.40e-03	3.04e-01	6.51e-01	4.17e-02	7.51e-05	0.00e+00	0.00e+00	0.00e+00
 2.29953e+16	2.80e-03	3.34e-01	6.27e-01	3.62e-02	5.91e-05	0.00e+00	0.00e+00	0.00e+00
 2.30433e+16	3.32e-03	3.69e-01	5.97e-01	3.07e-02	4.49e-05	0.00e+00	0.00e+00	0.00e+00
 2.30969e+16	4.05e-03	4.14e-01	5.57e-01	2.49e-02	3.20e-05	0.00e+00	0.00e+00	0.00e+00
 2.31447e+16	4.89e-03	4.59e-01	5.16e-01	2.01e-02	2.29e-05	0.00e+00	0.00e+00	0.00e+00
 2.31841e+16	5.72e-03	5.00e-01	4.78e-01	1.65e-02	1.69e-05	0.00e+00	0.00e+00	0.00e+00
 2.32191e+16	6.60e-03	5.38e-01	4.42e-01	1.36e-02	1.27e-05	0.00e+00	0.00e+00	0.00e+00
 2.32579e+16	7.69e-03	5.80e-01	4.02e-01	1.08e-02	8.99e-06	0.00e+00	0.00e+00	0.00e+00
 2.32998e+16	9.12e-03	6.29e-01	3.54e-01	8.09e-03	5.94e-06	0.00e+00	0.00e+00	0.00e+00
 2.33348e+16	1.06e-02	6.72e-01	3.11e-01	6.12e-03	4.01e-06	0.00e+00	0.00e+00	0.00e+00
 2.33621e+16	1.20e-02	7.05e-01	2.78e-01	4.84e-03	2.89e-06	0.00e+00	0.00e+00	0.00e+00
 2.33905e+16	1.35e-02	7.38e-01	2.45e-01	3.72e-03	2.01e-06	0.00e+00	0.00e+00	0.00e+00
 2.34274e+16	1.58e-02	7.77e-01	2.04e-01	2.58e-03	1.22e-06	0.00e+00	0.00e+00	0.00e+00
 2.34638e+16	1.87e-02	8.16e-01	1.64e-01	1.68e-03	6.90e-07	0.00e+00	0.00e+00	0.00e+00
 2.34893e+16	2.11e-02	8.42e-01	1.36e-01	1.18e-03	0.00e+00	0.00e+00	0.00e+00	0.00e+00
 2.35075e+16	2.31e-02	8.57e-01	1.19e-01	9.17e-04	0.00e+00	0.00e+00	0.00e+00	0.00e+00
 2.35266e+16	2.52e-02	8.72e-01	1.02e-01	6.91e-04	0.00e+00	0.00e+00	0.00e+00	0.00e+00
 2.35514e+16	2.83e-02	8.88e-01	8.32e-02	4.72e-04	0.00e+00	0.00e+00	0.00e+00	0.00e+00
 2.35783e+16	3.24e-02	9.03e-01	6.45e-02	2.96e-04	0.00e+00	0.00e+00	0.00e+00	0.00e+00
 2.36008e+16	3.65e-02	9.13e-01	5.06e-02	1.92e-04	0.00e+00	0.00e+00	0.00e+00	0.00e+00
 2.36181e+16	4.00e-02	9.18e-01	4.16e-02	1.35e-04	0.00e+00	0.00e+00	0.00e+00	0.00e+00
 2.36358e+16	4.39e-02	9.22e-01	3.39e-02	9.33e-05	0.00e+00	0.00e+00	0.00e+00	0.00e+00
 2.36557e+16	4.90e-02	9.24e-01	2.64e-02	5.98e-05	0.00e+00	0.00e+00	0.00e+00	0.00e+00
 2.36735e+16	5.41e-02	9.25e-01	2.07e-02	3.89e-05	0.00e+00	0.00e+00	0.00e+00	0.00e+00
 2.36882e+16	5.88e-02	9.24e-01	1.68e-02	2.70e-05	0.00e+00	0.00e+00	0.00e+00	0.00e+00
 2.37021e+16	6.37e-02	9.23e-01	1.37e-02	1.88e-05	0.00e+00	0.00e+00	0.00e+00	0.00e+00
 2.37181e+16	6.95e-02	9.20e-01	1.08e-02	1.23e-05	0.00e+00	0.00e+00	0.00e+00	0.00e+00
 2.37344e+16	7.62e-02	9.15e-01	8.34e-03	7.80e-06	0.00e+00	0.00e+00	0.00e+00	0.00e+00
 2.37478e+16	8.26e-02	9.11e-01	6.66e-03	5.28e-06	0.00e+00	0.00e+00	0.00e+00	0.00e+00
 2.37585e+16	8.77e-02	9.07e-01	5.55e-03	3.85e-06	0.00e+00	0.00e+00	0.00e+00	0.00e+00
 2.37681e+16	9.25e-02	9.03e-01	4.70e-03	2.88e-06	0.00e+00	0.00e+00	0.00e+00	0.00e+00
 2.37778e+16	9.76e-02	8.98e-01	3.96e-03	2.14e-06	0.00e+00	0.00e+00	0.00e+00	0.00e+00
 2.37875e+16	1.03e-01	8.94e-01	3.33e-03	1.59e-06	0.00e+00	0.00e+00	0.00e+00	0.00e+00
 2.37950e+16	1.07e-01	8.90e-01	2.91e-03	1.27e-06	0.00e+00	0.00e+00	0.00e+00	0.00e+00
 2.37998e+16	1.10e-01	8.87e-01	2.66e-03	1.09e-06	0.00e+00	0.00e+00	0.00e+00	0.00e+00
 2.38042e+16	1.12e-01	8.85e-01	2.46e-03	9.54e-07	0.00e+00	0.00e+00	0.00e+00	0.00e+00
 2.38095e+16	1.16e-01	8.82e-01	2.23e-03	0.00e+00	0.00e+00	0.00e+00	0.00e+00	0.00e+00
 2.38154e+16	1.19e-01	8.79e-01	2.00e-03	0.00e+00	0.00e+00	0.00e+00	0.00e+00	0.00e+00
 2.38211e+16	1.23e-01	8.76e-01	1.80e-03	0.00e+00	0.00e+00	0.00e+00	0.00e+00	0.00e+00
 2.38265e+16	1.26e-01	8.73e-01	1.63e-03	0.00e+00	0.00e+00	0.00e+00	0.00e+00	0.00e+00
 2.38318e+16	1.29e-01	8.69e-01	1.47e-03	0.00e+00	0.00e+00	0.00e+00	0.00e+00	0.00e+00
 2.38373e+16	1.33e-01	8.66e-01	1.33e-03	0.00e+00	0.00e+00	0.00e+00	0.00e+00	0.00e+00
 2.38428e+16	1.36e-01	8.63e-01	1.20e-03	0.00e+00	0.00e+00	0.00e+00	0.00e+00	0.00e+00
 2.38482e+16	1.39e-01	8.60e-01	1.08e-03	0.00e+00	0.00e+00	0.00e+00	0.00e+00	0.00e+00
 2.38537e+16	1.43e-01	8.56e-01	9.78e-04	0.00e+00	0.00e+00	0.00e+00	0.00e+00	0.00e+00
 2.38593e+16	1.47e-01	8.52e-01	8.83e-04	0.00e+00	0.00e+00	0.00e+00	0.00e+00	0.00e+00
 2.38649e+16	1.50e-01	8.49e-01	7.95e-04	0.00e+00	0.00e+00	0.00e+00	0.00e+00	0.00e+00
 2.38706e+16	1.54e-01	8.45e-01	7.18e-04	0.00e+00	0.00e+00	0.00e+00	0.00e+00	0.00e+00
 2.38763e+16	1.58e-01	8.41e-01	6.47e-04	0.00e+00	0.00e+00	0.00e+00	0.00e+00	0.00e+00
 2.38821e+16	1.62e-01	8.37e-01	5.83e-04	0.00e+00	0.00e+00	0.00e+00	0.00e+00	0.00e+00
 2.38881e+16	1.66e-01	8.34e-01	5.24e-04	0.00e+00	0.00e+00	0.00e+00	0.00e+00	0.00e+00
 2.38942e+16	1.70e-01	8.30e-01	4.73e-04	0.00e+00	0.00e+00	0.00e+00	0.00e+00	0.00e+00
 2.39005e+16	1.74e-01	8.25e-01	4.25e-04	0.00e+00	0.00e+00	0.00e+00	0.00e+00	0.00e+00
 2.39070e+16	1.78e-01	8.21e-01	3.82e-04	0.00e+00	0.00e+00	0.00e+00	0.00e+00	0.00e+00
 2.39137e+16	1.83e-01	8.17e-01	3.43e-04	0.00e+00	0.00e+00	0.00e+00	0.00e+00	0.00e+00
 2.39205e+16	1.87e-01	8.13e-01	3.09e-04	0.00e+00	0.00e+00	0.00e+00	0.00e+00	0.00e+00
 2.39276e+16	1.91e-01	8.08e-01	2.79e-04	0.00e+00	0.00e+00	0.00e+00	0.00e+00	0.00e+00
 2.39350e+16	1.96e-01	8.04e-01	2.51e-04	0.00e+00	0.00e+00	0.00e+00	0.00e+00	0.00e+00
 2.39427e+16	2.01e-01	7.99e-01	2.28e-04	0.00e+00	0.00e+00	0.00e+00	0.00e+00	0.00e+00
 2.39507e+16	2.06e-01	7.94e-01	2.07e-04	0.00e+00	0.00e+00	0.00e+00	0.00e+00	0.00e+00
 2.39593e+16	2.10e-01	7.90e-01	1.88e-04	0.00e+00	0.00e+00	0.00e+00	0.00e+00	0.00e+00
 2.39686e+16	2.15e-01	7.85e-01	1.71e-04	0.00e+00	0.00e+00	0.00e+00	0.00e+00	0.00e+00
 2.39788e+16	2.20e-01	7.80e-01	1.57e-04	0.00e+00	0.00e+00	0.00e+00	0.00e+00	0.00e+00
 2.39902e+16	2.25e-01	7.75e-01	1.44e-04	0.00e+00	0.00e+00	0.00e+00	0.00e+00	0.00e+00
 2.40030e+16	2.30e-01	7.70e-01	1.32e-04	0.00e+00	0.00e+00	0.00e+00	0.00e+00	0.00e+00
 2.40163e+16	2.35e-01	7.65e-01	1.24e-04	0.00e+00	0.00e+00	0.00e+00	0.00e+00	0.00e+00
 2.40294e+16	2.40e-01	7.60e-01	1.17e-04	0.00e+00	0.00e+00	0.00e+00	0.00e+00	0.00e+00
 2.40423e+16	2.43e-01	7.57e-01	1.12e-04	0.00e+00	0.00e+00	0.00e+00	0.00e+00	0.00e+00
 2.40552e+16	2.46e-01	7.54e-01	1.08e-04	0.00e+00	0.00e+00	0.00e+00	0.00e+00	0.00e+00
 2.40699e+16	2.48e-01	7.52e-01	1.04e-04	0.00e+00	0.00e+00	0.00e+00	0.00e+00	0.00e+00
