#depth	He	He+	He+2
 1.49634e+10	5.15e-23	2.77e-12	1.00e+00
 4.54887e+10	5.79e-23	3.00e-12	1.00e+00
 7.72350e+10	6.50e-23	3.24e-12	1.00e+00
 1.10251e+11	7.29e-23	3.51e-12	1.00e+00
 1.42324e+11	8.14e-23	3.78e-12	1.00e+00
 1.72571e+11	9.00e-23	4.04e-12	1.00e+00
 2.06292e+11	1.00e-22	4.34e-12	1.00e+00
 2.41578e+11	1.12e-22	4.67e-12	1.00e+00
 2.72629e+11	1.24e-22	4.97e-12	1.00e+00
 3.05936e+11	1.37e-22	5.30e-12	1.00e+00
 3.46220e+11	1.54e-22	5.72e-12	1.00e+00
 3.86208e+11	1.73e-22	6.15e-12	1.00e+00
 4.21552e+11	1.91e-22	6.54e-12	1.00e+00
 4.60225e+11	2.12e-22	6.99e-12	1.00e+00
 5.06689e+11	2.41e-22	7.54e-12	1.00e+00
 5.53136e+11	2.72e-22	8.11e-12	1.00e+00
 5.95300e+11	3.04e-22	8.66e-12	1.00e+00
 6.42040e+11	3.40e-22	9.28e-12	1.00e+00
 6.96790e+11	3.89e-22	1.00e-11	1.00e+00
 7.50874e+11	4.43e-22	1.08e-11	1.00e+00
 8.01663e+11	4.97e-22	1.16e-11	1.00e+00
 8.58198e+11	5.63e-22	1.24e-11	1.00e+00
 9.22453e+11	6.48e-22	1.35e-11	1.00e+00
 9.82821e+11	7.38e-22	1.45e-11	1.00e+00
 1.03681e+12	8.22e-22	1.54e-11	1.00e+00
 1.09749e+12	9.27e-22	1.65e-11	1.00e+00
 1.16939e+12	1.07e-21	1.79e-11	1.00e+00
 1.24171e+12	1.23e-21	1.93e-11	1.00e+00
 1.30269e+12	1.37e-21	2.05e-11	1.00e+00
 1.35431e+12	1.50e-21	2.16e-11	1.00e+00
 1.41263e+12	1.66e-21	2.29e-11	1.00e+00
 1.48845e+12	1.89e-21	2.46e-11	1.00e+00
 1.56922e+12	2.17e-21	2.64e-11	1.00e+00
 1.64027e+12	2.44e-21	2.82e-11	1.00e+00
 1.71645e+12	2.75e-21	3.01e-11	1.00e+00
 1.80966e+12	3.17e-21	3.25e-11	1.00e+00
 1.90448e+12	3.66e-21	3.51e-11	1.00e+00
 1.99066e+12	4.15e-21	3.76e-11	1.00e+00
 2.08613e+12	4.74e-21	4.05e-11	1.00e+00
 2.19786e+12	5.53e-21	4.40e-11	1.00e+00
 2.31002e+12	6.43e-21	4.78e-11	1.00e+00
 2.40714e+12	7.30e-21	5.11e-11	1.00e+00
 2.49126e+12	8.09e-21	5.42e-11	1.00e+00
 2.58647e+12	9.10e-21	5.78e-11	1.00e+00
 2.70805e+12	1.05e-20	6.26e-11	1.00e+00
 2.83265e+12	1.22e-20	6.79e-11	1.00e+00
 2.93751e+12	1.37e-20	7.25e-11	1.00e+00
 3.04797e+12	1.55e-20	7.77e-11	1.00e+00
 3.18757e+12	1.80e-20	8.46e-11	1.00e+00
 3.32962e+12	2.10e-20	9.22e-11	1.00e+00
 3.45031e+12	2.38e-20	9.89e-11	1.00e+00
 3.57870e+12	2.69e-20	1.07e-10	1.00e+00
 3.73925e+12	3.15e-20	1.17e-10	1.00e+00
 3.89940e+12	3.67e-20	1.28e-10	1.00e+00
 4.03339e+12	4.15e-20	1.38e-10	1.00e+00
 4.17562e+12	4.69e-20	1.49e-10	1.00e+00
 4.35609e+12	5.47e-20	1.64e-10	1.00e+00
 4.54112e+12	6.40e-20	1.80e-10	1.00e+00
 4.69979e+12	7.29e-20	1.95e-10	1.00e+00
 4.86937e+12	8.33e-20	2.13e-10	1.00e+00
 5.07949e+12	9.79e-20	2.35e-10	1.00e+00
 5.29441e+12	1.15e-19	2.60e-10	1.00e+00
 5.48724e+12	1.31e-19	2.84e-10	1.00e+00
 5.65789e+12	1.47e-19	3.06e-10	1.00e+00
 5.83839e+12	1.65e-19	3.31e-10	1.00e+00
 6.07304e+12	1.91e-19	3.65e-10	1.00e+00
 6.31383e+12	2.21e-19	4.01e-10	1.00e+00
 6.50530e+12	2.46e-19	4.32e-10	1.00e+00
 6.69689e+12	2.72e-19	4.64e-10	1.00e+00
 6.94596e+12	3.09e-19	5.07e-10	1.00e+00
 7.20536e+12	3.52e-19	5.54e-10	1.00e+00
 7.42408e+12	3.91e-19	5.96e-10	1.00e+00
 7.65431e+12	4.33e-19	6.41e-10	1.00e+00
 7.95360e+12	4.94e-19	7.03e-10	1.00e+00
 8.26235e+12	5.65e-19	7.70e-10	1.00e+00
 8.51904e+12	6.26e-19	8.28e-10	1.00e+00
 8.78838e+12	6.95e-19	8.92e-10	1.00e+00
 9.13439e+12	7.92e-19	9.77e-10	1.00e+00
 9.49427e+12	9.03e-19	1.07e-09	1.00e+00
 9.80450e+12	1.01e-18	1.15e-09	1.00e+00
 1.01360e+13	1.12e-18	1.25e-09	1.00e+00
 1.05448e+13	1.28e-18	1.37e-09	1.00e+00
 1.09616e+13	1.46e-18	1.50e-09	1.00e+00
 1.13358e+13	1.63e-18	1.62e-09	1.00e+00
 1.16686e+13	1.80e-18	1.73e-09	1.00e+00
 1.20227e+13	1.98e-18	1.86e-09	1.00e+00
 1.23974e+13	2.20e-18	2.00e-09	1.00e+00
 1.27212e+13	2.39e-18	2.12e-09	1.00e+00
 1.30644e+13	2.61e-18	2.26e-09	1.00e+00
 1.35106e+13	2.91e-18	2.44e-09	1.00e+00
 1.39672e+13	3.25e-18	2.64e-09	1.00e+00
 1.43414e+13	3.54e-18	2.81e-09	1.00e+00
 1.47320e+13	3.86e-18	3.00e-09	1.00e+00
 1.52398e+13	4.30e-18	3.25e-09	1.00e+00
 1.57739e+13	4.80e-18	3.52e-09	1.00e+00
 1.62333e+13	5.26e-18	3.77e-09	1.00e+00
 1.67218e+13	5.77e-18	4.05e-09	1.00e+00
 1.73528e+13	6.47e-18	4.43e-09	1.00e+00
 1.80088e+13	7.26e-18	4.85e-09	1.00e+00
 1.85697e+13	7.99e-18	5.23e-09	1.00e+00
 1.91675e+13	8.80e-18	5.64e-09	1.00e+00
 1.99104e+13	9.90e-18	6.20e-09	1.00e+00
 2.06826e+13	1.11e-17	6.82e-09	1.00e+00
 2.13553e+13	1.23e-17	7.38e-09	1.00e+00
 2.20580e+13	1.36e-17	8.00e-09	1.00e+00
 2.29192e+13	1.54e-17	8.81e-09	1.00e+00
 2.36727e+13	1.71e-17	9.57e-09	1.00e+00
 2.41812e+13	1.83e-17	1.01e-08	1.00e+00
 2.46853e+13	1.96e-17	1.06e-08	1.00e+00
 2.53406e+13	2.14e-17	1.14e-08	1.00e+00
 2.61925e+13	2.40e-17	1.23e-08	1.00e+00
 2.70559e+13	2.70e-17	1.34e-08	1.00e+00
 2.77501e+13	2.96e-17	1.43e-08	1.00e+00
 2.84685e+13	3.25e-17	1.52e-08	1.00e+00
 2.94024e+13	3.67e-17	1.65e-08	1.00e+00
 3.04025e+13	4.18e-17	1.79e-08	1.00e+00
 3.12897e+13	4.68e-17	1.92e-08	1.00e+00
 3.22437e+13	5.27e-17	2.06e-08	1.00e+00
 3.34536e+13	6.11e-17	2.25e-08	1.00e+00
 3.47141e+13	7.10e-17	2.45e-08	1.00e+00
 3.58379e+13	8.09e-17	2.64e-08	1.00e+00
 3.70662e+13	9.28e-17	2.84e-08	1.00e+00
 3.85306e+13	1.09e-16	3.10e-08	1.00e+00
 3.98495e+13	1.25e-16	3.34e-08	1.00e+00
 4.08696e+13	1.39e-16	3.54e-08	1.00e+00
 4.19540e+13	1.54e-16	3.74e-08	1.00e+00
 4.33637e+13	1.76e-16	4.02e-08	1.00e+00
 4.48534e+13	2.03e-16	4.32e-08	1.00e+00
 4.61324e+13	2.27e-16	4.59e-08	1.00e+00
 4.74804e+13	2.55e-16	4.88e-08	1.00e+00
 4.92221e+13	2.95e-16	5.26e-08	1.00e+00
 5.10636e+13	3.42e-16	5.67e-08	1.00e+00
 5.26802e+13	3.87e-16	6.05e-08	1.00e+00
 5.44162e+13	4.41e-16	6.46e-08	1.00e+00
 5.65203e+13	5.14e-16	7.00e-08	1.00e+00
 5.86233e+13	5.94e-16	7.54e-08	1.00e+00
 6.05113e+13	6.73e-16	8.04e-08	1.00e+00
 6.25993e+13	7.70e-16	8.61e-08	1.00e+00
 6.50700e+13	8.99e-16	9.32e-08	1.00e+00
 6.75146e+13	1.04e-15	1.00e-07	1.00e+00
 6.96778e+13	1.18e-15	1.07e-07	1.00e+00
 7.19990e+13	1.34e-15	1.14e-07	1.00e+00
 7.45943e+13	1.54e-15	1.23e-07	1.00e+00
 7.70400e+13	1.75e-15	1.31e-07	1.00e+00
 7.92579e+13	1.96e-15	1.39e-07	1.00e+00
 8.12985e+13	2.17e-15	1.47e-07	1.00e+00
 8.35640e+13	2.42e-15	1.55e-07	1.00e+00
 8.61009e+13	2.73e-15	1.65e-07	1.00e+00
 8.85010e+13	3.05e-15	1.75e-07	1.00e+00
 9.07778e+13	3.37e-15	1.84e-07	1.00e+00
 9.33838e+13	3.77e-15	1.95e-07	1.00e+00
 9.63293e+13	4.27e-15	2.08e-07	1.00e+00
 9.91343e+13	4.79e-15	2.21e-07	1.00e+00
 1.02199e+14	5.42e-15	2.35e-07	1.00e+00
 1.05584e+14	6.16e-15	2.52e-07	1.00e+00
 1.08744e+14	6.96e-15	2.68e-07	1.00e+00
 1.12212e+14	7.88e-15	2.86e-07	1.00e+00
 1.16110e+14	9.03e-15	3.07e-07	1.00e+00
 1.19818e+14	1.03e-14	3.29e-07	1.00e+00
 1.23892e+14	1.17e-14	3.52e-07	1.00e+00
 1.28437e+14	1.36e-14	3.81e-07	1.00e+00
 1.32666e+14	1.55e-14	4.08e-07	1.00e+00
 1.37231e+14	1.77e-14	4.38e-07	1.00e+00
 1.42333e+14	2.05e-14	4.74e-07	1.00e+00
 1.47105e+14	2.34e-14	5.08e-07	1.00e+00
 1.52282e+14	2.68e-14	5.46e-07	1.00e+00
 1.58088e+14	3.12e-14	5.92e-07	1.00e+00
 1.63555e+14	3.57e-14	6.35e-07	1.00e+00
 1.69481e+14	4.10e-14	6.85e-07	1.00e+00
 1.76143e+14	4.78e-14	7.43e-07	1.00e+00
 1.81923e+14	5.42e-14	7.95e-07	1.00e+00
 1.86305e+14	5.95e-14	8.36e-07	1.00e+00
 1.90736e+14	6.52e-14	8.78e-07	1.00e+00
 1.96497e+14	7.31e-14	9.34e-07	1.00e+00
 2.02668e+14	8.24e-14	9.97e-07	1.00e+00
 2.08077e+14	9.10e-14	1.05e-06	1.00e+00
 2.13811e+14	1.01e-13	1.11e-06	1.00e+00
 2.21265e+14	1.15e-13	1.19e-06	1.00e+00
 2.28905e+14	1.30e-13	1.28e-06	1.00e+00
 2.35175e+14	1.44e-13	1.35e-06	1.00e+00
 2.41713e+14	1.59e-13	1.43e-06	1.00e+00
 2.50213e+14	1.81e-13	1.54e-06	1.00e+00
 2.59246e+14	2.06e-13	1.65e-06	1.00e+00
 2.67142e+14	2.30e-13	1.75e-06	1.00e+00
 2.75579e+14	2.56e-13	1.87e-06	1.00e+00
 2.85969e+14	2.93e-13	2.01e-06	1.00e+00
 2.96622e+14	3.33e-13	2.17e-06	1.00e+00
 3.06209e+14	3.72e-13	2.31e-06	1.00e+00
 3.16688e+14	4.18e-13	2.47e-06	1.00e+00
 3.29078e+14	4.77e-13	2.66e-06	1.00e+00
 3.41405e+14	5.40e-13	2.87e-06	1.00e+00
 3.52913e+14	6.04e-13	3.06e-06	1.00e+00
 3.65749e+14	6.82e-13	3.29e-06	1.00e+00
 3.78061e+14	7.61e-13	3.51e-06	1.00e+00
 3.87207e+14	8.22e-13	3.68e-06	1.00e+00
 3.96452e+14	8.89e-13	3.86e-06	1.00e+00
 4.08470e+14	9.81e-13	4.09e-06	1.00e+00
 4.21464e+14	1.09e-12	4.35e-06	1.00e+00
 4.33135e+14	1.19e-12	4.60e-06	1.00e+00
 4.45719e+14	1.30e-12	4.86e-06	1.00e+00
 4.61903e+14	1.46e-12	5.22e-06	1.00e+00
 4.78302e+14	1.63e-12	5.60e-06	1.00e+00
 4.91739e+14	1.79e-12	5.91e-06	1.00e+00
 5.05793e+14	1.96e-12	6.26e-06	1.00e+00
 5.24027e+14	2.19e-12	6.71e-06	1.00e+00
 5.43478e+14	2.46e-12	7.22e-06	1.00e+00
 5.60509e+14	2.71e-12	7.69e-06	1.00e+00
 5.78608e+14	3.00e-12	8.19e-06	1.00e+00
 6.00630e+14	3.37e-12	8.84e-06	1.00e+00
 6.22487e+14	3.78e-12	9.50e-06	1.00e+00
 6.41575e+14	4.15e-12	1.01e-05	1.00e+00
 6.62328e+14	4.59e-12	1.08e-05	1.00e+00
 6.87554e+14	5.19e-12	1.16e-05	1.00e+00
 7.12778e+14	5.80e-12	1.25e-05	1.00e+00
 7.35289e+14	6.41e-12	1.34e-05	1.00e+00
 7.60089e+14	7.11e-12	1.43e-05	1.00e+00
 7.89603e+14	8.05e-12	1.55e-05	1.00e+00
 8.18620e+14	9.02e-12	1.67e-05	1.00e+00
 8.43676e+14	9.97e-12	1.78e-05	1.00e+00
 8.66462e+14	1.09e-11	1.88e-05	1.00e+00
 8.88556e+14	1.18e-11	1.98e-05	1.00e+00
 9.13499e+14	1.29e-11	2.10e-05	1.00e+00
 9.40816e+14	1.41e-11	2.23e-05	1.00e+00
 9.65734e+14	1.55e-11	2.36e-05	1.00e+00
 9.92642e+14	1.69e-11	2.50e-05	1.00e+00
 1.02289e+15	1.87e-11	2.66e-05	1.00e+00
 1.05137e+15	2.04e-11	2.82e-05	1.00e+00
 1.08225e+15	2.25e-11	3.00e-05	1.00e+00
 1.11659e+15	2.48e-11	3.20e-05	1.00e+00
 1.14882e+15	2.75e-11	3.41e-05	1.00e+00
 1.18410e+15	3.04e-11	3.63e-05	1.00e+00
 1.22365e+15	3.40e-11	3.90e-05	1.00e+00
 1.26102e+15	3.76e-11	4.15e-05	1.00e+00
 1.30185e+15	4.19e-11	4.45e-05	1.00e+00
 1.34785e+15	4.69e-11	4.79e-05	1.00e+00
 1.39207e+15	5.28e-11	5.14e-05	1.00e+00
 1.44104e+15	5.91e-11	5.53e-05	1.00e+00
 1.49567e+15	6.78e-11	6.00e-05	1.00e+00
 1.54623e+15	7.61e-11	6.44e-05	1.00e+00
 1.60053e+15	8.63e-11	6.95e-05	1.00e+00
 1.66386e+15	9.93e-11	7.56e-05	1.00e+00
 1.71623e+15	1.11e-10	8.09e-05	1.00e+00
 1.75139e+15	1.20e-10	8.46e-05	1.00e+00
 1.78687e+15	1.29e-10	8.84e-05	1.00e+00
 1.83298e+15	1.42e-10	9.35e-05	1.00e+00
 1.89294e+15	1.59e-10	1.00e-04	1.00e+00
 1.95353e+15	1.79e-10	1.08e-04	1.00e+00
 2.00173e+15	1.97e-10	1.14e-04	1.00e+00
 2.05115e+15	2.15e-10	1.20e-04	1.00e+00
 2.11540e+15	2.44e-10	1.28e-04	1.00e+00
 2.18324e+15	2.77e-10	1.38e-04	1.00e+00
 2.24156e+15	3.07e-10	1.46e-04	1.00e+00
 2.30322e+15	3.41e-10	1.55e-04	1.00e+00
 2.38338e+15	3.93e-10	1.68e-04	1.00e+00
 2.46646e+15	4.53e-10	1.82e-04	1.00e+00
 2.53612e+15	5.07e-10	1.94e-04	1.00e+00
 2.60947e+15	5.64e-10	2.07e-04	1.00e+00
 2.70396e+15	6.65e-10	2.24e-04	1.00e+00
 2.80380e+15	7.70e-10	2.44e-04	1.00e+00
 2.89112e+15	8.79e-10	2.62e-04	1.00e+00
 2.98430e+15	1.01e-09	2.82e-04	1.00e+00
 3.09771e+15	1.19e-09	3.07e-04	1.00e+00
 3.21134e+15	1.40e-09	3.34e-04	1.00e+00
 3.29817e+15	1.55e-09	3.55e-04	1.00e+00
 3.36333e+15	1.71e-09	3.72e-04	1.00e+00
 3.43512e+15	1.87e-09	3.91e-04	1.00e+00
 3.52845e+15	2.13e-09	4.16e-04	1.00e+00
 3.62970e+15	2.43e-09	4.45e-04	1.00e+00
 3.72022e+15	2.70e-09	4.71e-04	1.00e+00
 3.81687e+15	3.00e-09	5.00e-04	9.99e-01
 3.94251e+15	3.54e-09	5.40e-04	9.99e-01
 4.06860e+15	4.09e-09	5.82e-04	9.99e-01
 4.16828e+15	4.54e-09	6.15e-04	9.99e-01
 4.27086e+15	5.01e-09	6.51e-04	9.99e-01
 4.40421e+15	5.86e-09	7.00e-04	9.99e-01
 4.54577e+15	6.77e-09	7.54e-04	9.99e-01
 4.66977e+15	7.59e-09	8.02e-04	9.99e-01
 4.80275e+15	8.68e-09	8.57e-04	9.99e-01
 4.97548e+15	1.01e-08	9.30e-04	9.99e-01
 5.15541e+15	1.20e-08	1.01e-03	9.99e-01
 5.30819e+15	1.35e-08	1.08e-03	9.99e-01
 5.47019e+15	1.57e-08	1.16e-03	9.99e-01
 5.67300e+15	1.86e-08	1.27e-03	9.99e-01
 5.85653e+15	2.15e-08	1.36e-03	9.99e-01
 5.97957e+15	2.36e-08	1.43e-03	9.99e-01
 6.09634e+15	2.58e-08	1.50e-03	9.99e-01
 6.24813e+15	2.83e-08	1.58e-03	9.98e-01
 6.41969e+15	3.26e-08	1.69e-03	9.98e-01
 6.58036e+15	3.61e-08	1.79e-03	9.98e-01
 6.72993e+15	3.97e-08	1.89e-03	9.98e-01
 6.90164e+15	4.44e-08	2.00e-03	9.98e-01
 7.12487e+15	5.23e-08	2.16e-03	9.98e-01
 7.34757e+15	5.88e-08	2.32e-03	9.98e-01
 7.52123e+15	6.55e-08	2.46e-03	9.98e-01
 7.69862e+15	7.40e-08	2.60e-03	9.97e-01
 7.92924e+15	8.31e-08	2.78e-03	9.97e-01
 8.17543e+15	9.72e-08	3.00e-03	9.97e-01
 8.38852e+15	1.09e-07	3.19e-03	9.97e-01
 8.61221e+15	1.22e-07	3.40e-03	9.97e-01
 8.90301e+15	1.44e-07	3.69e-03	9.96e-01
 9.19349e+15	1.64e-07	3.99e-03	9.96e-01
 9.42885e+15	1.84e-07	4.25e-03	9.96e-01
 9.68008e+15	2.08e-07	4.54e-03	9.95e-01
 1.00067e+16	2.44e-07	4.94e-03	9.95e-01
 1.03308e+16	2.80e-07	5.35e-03	9.95e-01
 1.05840e+16	3.14e-07	5.70e-03	9.94e-01
 1.08069e+16	3.48e-07	6.02e-03	9.94e-01
 1.10584e+16	3.89e-07	6.41e-03	9.94e-01
 1.13226e+16	4.32e-07	6.82e-03	9.93e-01
 1.15627e+16	4.74e-07	7.22e-03	9.93e-01
 1.18341e+16	5.37e-07	7.71e-03	9.92e-01
 1.21134e+16	5.90e-07	8.22e-03	9.92e-01
 1.24028e+16	6.69e-07	8.82e-03	9.91e-01
 1.27007e+16	7.52e-07	9.45e-03	9.91e-01
 1.29641e+16	8.29e-07	1.01e-02	9.90e-01
 1.32614e+16	9.32e-07	1.08e-02	9.89e-01
 1.35808e+16	1.08e-06	1.17e-02	9.88e-01
 1.38547e+16	1.20e-06	1.25e-02	9.88e-01
 1.41362e+16	1.34e-06	1.34e-02	9.87e-01
 1.44533e+16	1.51e-06	1.45e-02	9.86e-01
 1.47534e+16	1.74e-06	1.56e-02	9.84e-01
 1.50258e+16	1.95e-06	1.68e-02	9.83e-01
 1.52788e+16	2.17e-06	1.79e-02	9.82e-01
 1.55229e+16	2.41e-06	1.92e-02	9.81e-01
 1.58019e+16	2.70e-06	2.08e-02	9.79e-01
 1.61064e+16	3.16e-06	2.27e-02	9.77e-01
 1.63682e+16	3.51e-06	2.46e-02	9.75e-01
 1.65969e+16	3.92e-06	2.64e-02	9.74e-01
 1.68588e+16	4.48e-06	2.89e-02	9.71e-01
 1.71307e+16	5.37e-06	3.18e-02	9.68e-01
 1.73419e+16	5.99e-06	3.42e-02	9.66e-01
 1.75426e+16	6.77e-06	3.70e-02	9.63e-01
 1.77687e+16	7.71e-06	4.05e-02	9.59e-01
 1.79827e+16	8.72e-06	4.43e-02	9.56e-01
 1.81798e+16	9.92e-06	4.83e-02	9.52e-01
 1.83665e+16	1.13e-05	5.27e-02	9.47e-01
 1.85439e+16	1.31e-05	5.75e-02	9.42e-01
 1.87072e+16	1.48e-05	6.25e-02	9.37e-01
 1.88840e+16	1.70e-05	6.89e-02	9.31e-01
 1.90730e+16	2.00e-05	7.67e-02	9.23e-01
 1.92329e+16	2.36e-05	8.47e-02	9.15e-01
 1.93603e+16	2.70e-05	9.19e-02	9.08e-01
 1.94734e+16	3.01e-05	9.90e-02	9.01e-01
 1.96030e+16	3.40e-05	1.08e-01	8.92e-01
 1.97715e+16	4.15e-05	1.23e-01	8.77e-01
 1.99191e+16	4.92e-05	1.37e-01	8.63e-01
 2.00076e+16	5.53e-05	1.48e-01	8.52e-01
 2.00907e+16	6.16e-05	1.58e-01	8.42e-01
 2.01987e+16	6.96e-05	1.74e-01	8.26e-01
 2.03180e+16	8.13e-05	1.93e-01	8.07e-01
 2.04080e+16	9.36e-05	2.09e-01	7.91e-01
 2.04562e+16	1.01e-04	2.18e-01	7.82e-01
 2.04941e+16	1.07e-04	2.27e-01	7.73e-01
 2.05433e+16	1.13e-04	2.37e-01	7.63e-01
 2.06074e+16	1.26e-04	2.52e-01	7.47e-01
 2.06719e+16	1.38e-04	2.68e-01	7.31e-01
 2.07252e+16	1.49e-04	2.82e-01	7.17e-01
 2.07824e+16	1.63e-04	2.99e-01	7.01e-01
 2.08463e+16	1.81e-04	3.18e-01	6.82e-01
 2.09004e+16	1.96e-04	3.35e-01	6.65e-01
 2.09522e+16	2.12e-04	3.52e-01	6.48e-01
 2.10195e+16	2.38e-04	3.76e-01	6.24e-01
 2.10817e+16	2.58e-04	3.98e-01	6.02e-01
 2.11373e+16	2.82e-04	4.19e-01	5.80e-01
 2.11987e+16	3.10e-04	4.43e-01	5.57e-01
 2.12558e+16	3.38e-04	4.66e-01	5.34e-01
 2.13090e+16	3.66e-04	4.87e-01	5.12e-01
 2.13694e+16	4.02e-04	5.13e-01	4.87e-01
 2.14318e+16	4.38e-04	5.38e-01	4.61e-01
 2.14966e+16	4.80e-04	5.66e-01	4.34e-01
 2.15682e+16	5.28e-04	5.95e-01	4.04e-01
 2.16348e+16	5.76e-04	6.22e-01	3.78e-01
 2.17077e+16	6.31e-04	6.51e-01	3.49e-01
 2.17737e+16	6.80e-04	6.75e-01	3.25e-01
 2.18165e+16	7.15e-04	6.90e-01	3.10e-01
 2.18581e+16	7.50e-04	7.05e-01	2.95e-01
 2.19122e+16	7.96e-04	7.23e-01	2.76e-01
 2.19714e+16	8.47e-04	7.42e-01	2.57e-01
 2.20253e+16	8.94e-04	7.58e-01	2.41e-01
 2.20753e+16	9.39e-04	7.73e-01	2.26e-01
 2.21325e+16	9.94e-04	7.89e-01	2.10e-01
 2.21935e+16	1.05e-03	8.04e-01	1.95e-01
 2.22482e+16	1.11e-03	8.17e-01	1.82e-01
 2.23080e+16	1.17e-03	8.30e-01	1.69e-01
 2.23737e+16	1.24e-03	8.43e-01	1.56e-01
 2.24320e+16	1.30e-03	8.54e-01	1.45e-01
 2.24833e+16	1.36e-03	8.63e-01	1.36e-01
 2.25408e+16	1.43e-03	8.72e-01	1.26e-01
 2.26154e+16	1.52e-03	8.84e-01	1.15e-01
 2.26886e+16	1.62e-03	8.93e-01	1.06e-01
 2.27405e+16	1.70e-03	8.99e-01	9.94e-02
 2.27888e+16	1.77e-03	9.04e-01	9.38e-02
 2.28515e+16	1.87e-03	9.11e-01	8.69e-02
 2.29171e+16	1.98e-03	9.17e-01	8.06e-02
 2.29711e+16	2.08e-03	9.22e-01	7.60e-02
 2.30165e+16	2.18e-03	9.26e-01	7.21e-02
 2.30658e+16	2.28e-03	9.30e-01	6.82e-02
 2.31298e+16	2.43e-03	9.34e-01	6.33e-02
 2.31939e+16	2.60e-03	9.38e-01	5.91e-02
 2.32427e+16	2.73e-03	9.41e-01	5.62e-02
 2.32829e+16	2.86e-03	9.43e-01	5.38e-02
 2.33275e+16	3.00e-03	9.46e-01	5.13e-02
 2.33854e+16	3.21e-03	9.49e-01	4.82e-02
 2.34447e+16	3.46e-03	9.51e-01	4.53e-02
 2.34913e+16	3.68e-03	9.53e-01	4.33e-02
 2.35309e+16	3.88e-03	9.54e-01	4.16e-02
 2.35759e+16	4.13e-03	9.56e-01	3.97e-02
 2.36345e+16	4.49e-03	9.58e-01	3.73e-02
 2.36941e+16	4.94e-03	9.60e-01	3.53e-02
 2.37410e+16	5.34e-03	9.61e-01	3.38e-02
 2.37814e+16	5.74e-03	9.62e-01	3.24e-02
 2.38275e+16	6.25e-03	9.63e-01	3.10e-02
 2.38792e+16	6.91e-03	9.64e-01	2.95e-02
 2.39254e+16	7.66e-03	9.64e-01	2.83e-02
 2.39640e+16	8.38e-03	9.64e-01	2.73e-02
 2.39976e+16	9.07e-03	9.64e-01	2.67e-02
 2.40288e+16	9.86e-03	9.64e-01	2.59e-02
 2.40643e+16	1.08e-02	9.64e-01	2.51e-02
 2.41016e+16	1.21e-02	9.64e-01	2.44e-02
 2.41318e+16	1.33e-02	9.63e-01	2.38e-02
 2.41560e+16	1.45e-02	9.62e-01	2.34e-02
 2.41819e+16	1.58e-02	9.61e-01	2.29e-02
 2.42155e+16	1.79e-02	9.60e-01	2.24e-02
 2.42486e+16	2.05e-02	9.58e-01	2.20e-02
 2.42720e+16	2.30e-02	9.55e-01	2.16e-02
 2.42895e+16	2.49e-02	9.54e-01	2.15e-02
 2.43082e+16	2.72e-02	9.51e-01	2.13e-02
 2.43324e+16	3.07e-02	9.48e-01	2.12e-02
 2.43581e+16	3.53e-02	9.44e-01	2.11e-02
 2.43788e+16	4.00e-02	9.39e-01	2.11e-02
 2.43950e+16	4.41e-02	9.35e-01	2.12e-02
 2.44119e+16	4.91e-02	9.30e-01	2.13e-02
 2.44310e+16	5.56e-02	9.23e-01	2.15e-02
 2.44486e+16	6.29e-02	9.15e-01	2.17e-02
 2.44636e+16	7.02e-02	9.08e-01	2.20e-02
 2.44775e+16	7.79e-02	9.00e-01	2.23e-02
 2.44915e+16	8.69e-02	8.91e-01	2.26e-02
 2.45054e+16	9.67e-02	8.80e-01	2.30e-02
 2.45178e+16	1.07e-01	8.70e-01	2.34e-02
 2.45287e+16	1.17e-01	8.59e-01	2.38e-02
 2.45387e+16	1.27e-01	8.49e-01	2.41e-02
 2.45466e+16	1.36e-01	8.40e-01	2.45e-02
 2.45519e+16	1.42e-01	8.33e-01	2.47e-02
 2.45569e+16	1.49e-01	8.27e-01	2.48e-02
 2.45628e+16	1.56e-01	8.19e-01	2.50e-02
 2.45693e+16	1.65e-01	8.09e-01	2.53e-02
 2.45755e+16	1.75e-01	8.00e-01	2.55e-02
 2.45814e+16	1.84e-01	7.91e-01	2.58e-02
 2.45873e+16	1.93e-01	7.81e-01	2.60e-02
 2.45933e+16	2.04e-01	7.70e-01	2.62e-02
 2.45993e+16	2.15e-01	7.59e-01	2.64e-02
 2.46053e+16	2.26e-01	7.47e-01	2.67e-02
 2.46113e+16	2.39e-01	7.35e-01	2.68e-02
 2.46174e+16	2.51e-01	7.22e-01	2.70e-02
 2.46236e+16	2.65e-01	7.08e-01	2.71e-02
 2.46297e+16	2.79e-01	6.94e-01	2.73e-02
 2.46359e+16	2.94e-01	6.78e-01	2.74e-02
 2.46422e+16	3.10e-01	6.63e-01	2.75e-02
 2.46487e+16	3.27e-01	6.46e-01	2.74e-02
 2.46552e+16	3.44e-01	6.28e-01	2.75e-02
 2.46619e+16	3.63e-01	6.10e-01	2.74e-02
 2.46688e+16	3.82e-01	5.90e-01	2.73e-02
 2.46757e+16	4.02e-01	5.71e-01	2.72e-02
 2.46829e+16	4.23e-01	5.50e-01	2.69e-02
 2.46904e+16	4.45e-01	5.28e-01	2.66e-02
 2.46982e+16	4.68e-01	5.06e-01	2.63e-02
 2.47062e+16	4.90e-01	4.84e-01	2.58e-02
 2.47143e+16	5.13e-01	4.62e-01	2.54e-02
 2.47229e+16	5.35e-01	4.40e-01	2.48e-02
 2.47320e+16	5.58e-01	4.18e-01	2.41e-02
 2.47418e+16	5.80e-01	3.97e-01	2.34e-02
 2.47525e+16	6.01e-01	3.76e-01	2.27e-02
 2.47644e+16	6.23e-01	3.56e-01	2.19e-02
 2.47776e+16	6.42e-01	3.37e-01	2.11e-02
 2.47913e+16	6.58e-01	3.22e-01	2.03e-02
 2.48048e+16	6.70e-01	3.10e-01	1.97e-02
 2.48182e+16	6.80e-01	3.01e-01	1.92e-02
 2.48314e+16	6.88e-01	2.93e-01	1.86e-02
 2.48465e+16	6.95e-01	2.87e-01	1.82e-02
 2.48661e+16	7.03e-01	2.80e-01	1.76e-02
 2.48917e+16	7.10e-01	2.73e-01	1.70e-02
 2.49249e+16	7.17e-01	2.67e-01	1.63e-02
 2.49680e+16	7.25e-01	2.60e-01	1.55e-02
 2.50242e+16	7.33e-01	2.52e-01	1.45e-02
 2.50971e+16	7.44e-01	2.43e-01	1.33e-02
 2.51831e+16	7.56e-01	2.32e-01	1.21e-02
 2.52703e+16	7.66e-01	2.22e-01	1.11e-02
 2.53537e+16	7.76e-01	2.14e-01	1.01e-02
 2.54362e+16	7.85e-01	2.05e-01	9.30e-03
 2.55193e+16	7.94e-01	1.97e-01	8.53e-03
 2.56037e+16	8.03e-01	1.89e-01	7.84e-03
 2.56893e+16	8.11e-01	1.82e-01	7.18e-03
 2.57761e+16	8.19e-01	1.75e-01	6.58e-03
 2.58641e+16	8.26e-01	1.68e-01	6.03e-03
 2.59520e+16	8.34e-01	1.61e-01	5.53e-03
 2.60403e+16	8.40e-01	1.55e-01	5.07e-03
 2.61292e+16	8.47e-01	1.49e-01	4.66e-03
 2.62188e+16	8.53e-01	1.43e-01	4.28e-03
 2.62928e+16	8.58e-01	1.38e-01	4.01e-03
 2.63456e+16	8.61e-01	1.35e-01	3.82e-03
 2.63939e+16	8.64e-01	1.32e-01	3.65e-03
 2.64449e+16	8.67e-01	1.29e-01	3.48e-03
 2.64976e+16	8.70e-01	1.26e-01	3.31e-03
 2.65490e+16	8.73e-01	1.24e-01	3.16e-03
 2.65985e+16	8.76e-01	1.21e-01	3.02e-03
 2.66466e+16	8.79e-01	1.19e-01	2.89e-03
 2.66938e+16	8.81e-01	1.16e-01	2.77e-03
 2.67405e+16	8.83e-01	1.14e-01	2.66e-03
 2.67863e+16	8.86e-01	1.12e-01	2.56e-03
 2.68312e+16	8.88e-01	1.10e-01	2.45e-03
 2.68751e+16	8.90e-01	1.08e-01	2.36e-03
 2.69183e+16	8.92e-01	1.06e-01	2.27e-03
 2.69611e+16	8.94e-01	1.04e-01	2.19e-03
 2.70032e+16	8.96e-01	1.02e-01	2.11e-03
 2.70447e+16	8.98e-01	1.00e-01	2.03e-03
 2.70854e+16	8.99e-01	9.86e-02	1.96e-03
 2.71256e+16	9.01e-01	9.70e-02	1.89e-03
 2.71652e+16	9.03e-01	9.54e-02	1.83e-03
 2.72043e+16	9.04e-01	9.39e-02	1.77e-03
 2.72429e+16	9.06e-01	9.25e-02	1.71e-03
 2.72811e+16	9.07e-01	9.10e-02	1.65e-03
 2.73189e+16	9.09e-01	8.96e-02	1.60e-03
 2.73564e+16	9.10e-01	8.83e-02	1.55e-03
 2.73936e+16	9.12e-01	8.70e-02	1.50e-03
 2.74305e+16	9.13e-01	8.57e-02	1.45e-03
 2.74673e+16	9.14e-01	8.44e-02	1.41e-03
 2.75040e+16	9.15e-01	8.32e-02	1.37e-03
 2.75406e+16	9.17e-01	8.20e-02	1.32e-03
 2.75773e+16	9.18e-01	8.08e-02	1.28e-03
 2.76141e+16	9.19e-01	7.96e-02	1.24e-03
 2.76512e+16	9.20e-01	7.84e-02	1.20e-03
 2.76890e+16	9.22e-01	7.73e-02	1.17e-03
 2.77280e+16	9.23e-01	7.61e-02	1.13e-03
 2.77680e+16	9.24e-01	7.49e-02	1.09e-03
 2.78089e+16	9.25e-01	7.37e-02	1.05e-03
 2.78512e+16	9.27e-01	7.24e-02	1.02e-03
 2.78953e+16	9.28e-01	7.12e-02	9.79e-04
 2.79420e+16	9.29e-01	6.99e-02	9.41e-04
 2.79908e+16	9.31e-01	6.85e-02	9.03e-04
 2.80440e+16	9.32e-01	6.71e-02	8.63e-04
 2.81055e+16	9.34e-01	6.54e-02	8.19e-04
 2.81767e+16	9.36e-01	6.36e-02	7.70e-04
 2.82520e+16	9.38e-01	6.17e-02	7.23e-04
 2.83230e+16	9.39e-01	6.00e-02	6.82e-04
 2.83877e+16	9.41e-01	5.86e-02	6.47e-04
 2.84466e+16	9.42e-01	5.72e-02	6.16e-04
 2.85001e+16	9.43e-01	5.61e-02	5.90e-04
 2.85488e+16	9.44e-01	5.50e-02	5.67e-04
 2.85932e+16	9.45e-01	5.41e-02	5.46e-04
 2.86335e+16	9.46e-01	5.32e-02	5.27e-04
 2.86703e+16	9.47e-01	5.25e-02	5.12e-04
 2.87105e+16	9.48e-01	5.16e-02	4.94e-04
 2.87539e+16	9.49e-01	5.07e-02	4.77e-04
 2.87935e+16	9.50e-01	4.99e-02	4.60e-04
 2.88295e+16	9.50e-01	4.92e-02	4.47e-04
 2.88689e+16	9.51e-01	4.84e-02	4.32e-04
 2.89114e+16	9.52e-01	4.76e-02	4.17e-04
 2.89502e+16	9.53e-01	4.68e-02	4.02e-04
 2.89854e+16	9.53e-01	4.61e-02	3.90e-04
 2.90240e+16	9.54e-01	4.54e-02	3.77e-04
 2.90657e+16	9.55e-01	4.46e-02	3.63e-04
 2.91037e+16	9.56e-01	4.39e-02	3.51e-04
 2.91382e+16	9.56e-01	4.32e-02	3.41e-04
 2.91696e+16	9.57e-01	4.27e-02	3.32e-04
 2.92040e+16	9.58e-01	4.20e-02	3.21e-04
 2.92412e+16	9.58e-01	4.13e-02	3.10e-04
 2.92750e+16	9.59e-01	4.08e-02	3.01e-04
 2.93058e+16	9.59e-01	4.02e-02	2.93e-04
 2.93395e+16	9.60e-01	3.96e-02	2.83e-04
 2.93759e+16	9.61e-01	3.90e-02	2.74e-04
 2.94091e+16	9.61e-01	3.84e-02	2.66e-04
 2.94392e+16	9.62e-01	3.79e-02	2.59e-04
 2.94723e+16	9.62e-01	3.73e-02	2.50e-04
 2.95079e+16	9.63e-01	3.67e-02	2.42e-04
 2.95404e+16	9.64e-01	3.62e-02	2.35e-04
 2.95699e+16	9.64e-01	3.57e-02	2.29e-04
 2.96023e+16	9.65e-01	3.52e-02	2.22e-04
 2.96372e+16	9.65e-01	3.46e-02	2.15e-04
 2.96690e+16	9.66e-01	3.41e-02	2.09e-04
 2.96980e+16	9.66e-01	3.37e-02	2.03e-04
 2.97297e+16	9.67e-01	3.32e-02	1.97e-04
 2.97639e+16	9.67e-01	3.27e-02	1.91e-04
 2.97951e+16	9.68e-01	3.22e-02	1.85e-04
 2.98234e+16	9.68e-01	3.18e-02	1.81e-04
 2.98545e+16	9.68e-01	3.13e-02	1.75e-04
 2.98880e+16	9.69e-01	3.09e-02	1.70e-04
 2.99185e+16	9.69e-01	3.04e-02	1.65e-04
 2.99463e+16	9.70e-01	3.01e-02	1.61e-04
 2.99767e+16	9.70e-01	2.96e-02	1.57e-04
 3.00096e+16	9.71e-01	2.92e-02	1.52e-04
 3.00395e+16	9.71e-01	2.88e-02	1.48e-04
 3.00722e+16	9.71e-01	2.84e-02	1.43e-04
 3.01076e+16	9.72e-01	2.79e-02	1.39e-04
 3.01398e+16	9.72e-01	2.75e-02	1.35e-04
 3.01751e+16	9.73e-01	2.71e-02	1.31e-04
 3.02131e+16	9.73e-01	2.67e-02	1.27e-04
 3.02478e+16	9.74e-01	2.63e-02	1.23e-04
 3.02857e+16	9.74e-01	2.58e-02	1.19e-04
 3.03267e+16	9.75e-01	2.54e-02	1.15e-04
 3.03640e+16	9.75e-01	2.50e-02	1.11e-04
 3.03980e+16	9.75e-01	2.46e-02	1.08e-04
 3.04352e+16	9.76e-01	2.42e-02	1.05e-04
 3.04753e+16	9.76e-01	2.38e-02	1.01e-04
 3.05119e+16	9.76e-01	2.35e-02	9.82e-05
 3.05519e+16	9.77e-01	2.31e-02	9.48e-05
 3.05951e+16	9.77e-01	2.27e-02	9.15e-05
 3.06345e+16	9.78e-01	2.23e-02	8.87e-05
 3.06703e+16	9.78e-01	2.20e-02	8.62e-05
 3.07095e+16	9.78e-01	2.16e-02	8.33e-05
 3.07518e+16	9.79e-01	2.12e-02	8.05e-05
 3.07904e+16	9.79e-01	2.09e-02	7.81e-05
 3.08326e+16	9.79e-01	2.06e-02	7.54e-05
 3.08782e+16	9.80e-01	2.02e-02	7.27e-05
 3.09197e+16	9.80e-01	1.99e-02	7.05e-05
 3.09651e+16	9.80e-01	1.95e-02	6.79e-05
 3.10142e+16	9.81e-01	1.91e-02	6.54e-05
 3.10588e+16	9.81e-01	1.88e-02	6.32e-05
 3.10995e+16	9.81e-01	1.85e-02	6.14e-05
 3.11440e+16	9.82e-01	1.82e-02	5.92e-05
 3.11921e+16	9.82e-01	1.79e-02	5.71e-05
 3.12358e+16	9.82e-01	1.76e-02	5.53e-05
 3.12838e+16	9.83e-01	1.72e-02	5.32e-05
 3.13355e+16	9.83e-01	1.69e-02	5.13e-05
 3.13826e+16	9.83e-01	1.66e-02	4.96e-05
 3.14342e+16	9.84e-01	1.63e-02	4.76e-05
 3.14900e+16	9.84e-01	1.60e-02	4.57e-05
 3.15407e+16	9.84e-01	1.57e-02	4.42e-05
 3.15962e+16	9.85e-01	1.53e-02	4.23e-05
 3.16562e+16	9.85e-01	1.50e-02	4.06e-05
 3.17108e+16	9.85e-01	1.47e-02	3.91e-05
 3.17605e+16	9.85e-01	1.45e-02	3.78e-05
 3.18149e+16	9.86e-01	1.42e-02	3.63e-05
 3.18736e+16	9.86e-01	1.39e-02	3.49e-05
 3.19271e+16	9.86e-01	1.37e-02	3.37e-05
 3.19857e+16	9.87e-01	1.34e-02	3.23e-05
 3.20490e+16	9.87e-01	1.31e-02	3.10e-05
 3.21065e+16	9.87e-01	1.29e-02	2.98e-05
 3.21696e+16	9.87e-01	1.26e-02	2.85e-05
 3.22377e+16	9.88e-01	1.23e-02	2.73e-05
 3.22997e+16	9.88e-01	1.21e-02	2.63e-05
 3.23676e+16	9.88e-01	1.18e-02	2.51e-05
 3.24409e+16	9.88e-01	1.15e-02	2.40e-05
 3.25076e+16	9.89e-01	1.13e-02	2.30e-05
 3.25807e+16	9.89e-01	1.10e-02	2.19e-05
 3.26596e+16	9.89e-01	1.07e-02	2.09e-05
 3.27314e+16	9.89e-01	1.05e-02	2.00e-05
 3.28101e+16	9.90e-01	1.02e-02	1.90e-05
 3.28951e+16	9.90e-01	9.97e-03	1.81e-05
 3.29724e+16	9.90e-01	9.74e-03	1.73e-05
 3.30571e+16	9.91e-01	9.48e-03	1.64e-05
 3.31486e+16	9.91e-01	9.22e-03	1.55e-05
 3.32318e+16	9.91e-01	9.00e-03	1.48e-05
 3.33230e+16	9.91e-01	8.75e-03	1.40e-05
 3.34215e+16	9.91e-01	8.51e-03	1.32e-05
 3.35111e+16	9.92e-01	8.30e-03	1.26e-05
 3.36092e+16	9.92e-01	8.05e-03	1.19e-05
 3.37152e+16	9.92e-01	7.82e-03	1.12e-05
 3.38117e+16	9.92e-01	7.62e-03	1.07e-05
 3.39174e+16	9.93e-01	7.39e-03	1.00e-05
 3.40315e+16	9.93e-01	7.16e-03	9.43e-06
 3.41353e+16	9.93e-01	6.97e-03	8.93e-06
 3.42491e+16	9.93e-01	6.74e-03	8.38e-06
 3.43720e+16	9.93e-01	6.53e-03	7.86e-06
 3.44837e+16	9.94e-01	6.35e-03	7.43e-06
 3.46062e+16	9.94e-01	6.13e-03	6.95e-06
 3.47385e+16	9.94e-01	5.93e-03	6.50e-06
 3.48834e+16	9.94e-01	5.70e-03	6.02e-06
 3.50491e+16	9.95e-01	5.46e-03	5.53e-06
 3.52225e+16	9.95e-01	5.23e-03	5.07e-06
 3.54050e+16	9.95e-01	4.99e-03	4.64e-06
 3.55947e+16	9.95e-01	4.77e-03	4.23e-06
 3.57916e+16	9.95e-01	4.54e-03	3.84e-06
 3.59940e+16	9.96e-01	4.33e-03	3.49e-06
 3.61995e+16	9.96e-01	4.12e-03	3.17e-06
 3.64080e+16	9.96e-01	3.92e-03	2.88e-06
 3.66200e+16	9.96e-01	3.73e-03	2.61e-06
 3.68357e+16	9.96e-01	3.55e-03	2.37e-06
 3.70552e+16	9.97e-01	3.38e-03	2.15e-06
 3.72785e+16	9.97e-01	3.21e-03	1.94e-06
 3.75056e+16	9.97e-01	3.05e-03	1.76e-06
 3.77364e+16	9.97e-01	2.90e-03	1.59e-06
 3.79711e+16	9.97e-01	2.76e-03	1.44e-06
 3.82057e+16	9.97e-01	2.62e-03	1.30e-06
 3.84435e+16	9.98e-01	2.49e-03	1.17e-06
 3.86904e+16	9.98e-01	2.36e-03	1.06e-06
 3.89426e+16	9.98e-01	2.24e-03	9.50e-07
 3.91979e+16	9.98e-01	2.12e-03	8.54e-07
 3.94570e+16	9.98e-01	2.01e-03	7.67e-07
 3.97208e+16	9.98e-01	1.90e-03	6.88e-07
 3.99894e+16	9.98e-01	1.80e-03	6.17e-07
 4.02628e+16	9.98e-01	1.70e-03	5.52e-07
 4.05411e+16	9.98e-01	1.61e-03	4.93e-07
 4.08245e+16	9.98e-01	1.52e-03	4.40e-07
 4.11131e+16	9.99e-01	1.43e-03	3.92e-07
 4.14072e+16	9.99e-01	1.35e-03	3.49e-07
 4.17071e+16	9.99e-01	1.27e-03	3.10e-07
 4.20130e+16	9.99e-01	1.20e-03	2.75e-07
 4.23251e+16	9.99e-01	1.12e-03	2.44e-07
 4.26438e+16	9.99e-01	1.06e-03	2.15e-07
 4.29692e+16	9.99e-01	9.92e-04	1.90e-07
 4.33017e+16	9.99e-01	9.30e-04	1.67e-07
 4.36416e+16	9.99e-01	8.71e-04	1.47e-07
 4.39896e+16	9.99e-01	8.14e-04	1.28e-07
 4.43458e+16	9.99e-01	7.61e-04	1.12e-07
 4.47109e+16	9.99e-01	7.09e-04	9.76e-08
 4.50804e+16	9.99e-01	6.62e-04	8.51e-08
 4.54587e+16	9.99e-01	6.16e-04	7.38e-08
 4.58548e+16	9.99e-01	5.72e-04	6.36e-08
 4.62625e+16	9.99e-01	5.30e-04	5.47e-08
 4.66808e+16	1.00e+00	4.90e-04	4.68e-08
 4.71154e+16	1.00e+00	4.52e-04	3.98e-08
 4.75668e+16	1.00e+00	4.15e-04	3.37e-08
 4.80347e+16	1.00e+00	3.81e-04	2.84e-08
 4.85208e+16	1.00e+00	3.48e-04	2.37e-08
 4.90276e+16	1.00e+00	3.17e-04	1.97e-08
 4.95579e+16	1.00e+00	2.88e-04	1.63e-08
 5.01161e+16	1.00e+00	2.60e-04	1.33e-08
 5.07048e+16	1.00e+00	2.34e-04	1.07e-08
 5.13261e+16	1.00e+00	2.09e-04	8.57e-09
 5.19903e+16	1.00e+00	1.85e-04	6.75e-09
 5.27036e+16	1.00e+00	1.63e-04	5.23e-09
 5.34687e+16	1.00e+00	1.42e-04	3.98e-09
 5.42984e+16	1.00e+00	1.23e-04	2.97e-09
 5.52107e+16	1.00e+00	1.05e-04	2.15e-09
 5.62267e+16	1.00e+00	8.75e-05	1.51e-09
 5.73558e+16	1.00e+00	7.20e-05	1.02e-09
 5.86610e+16	1.00e+00	5.74e-05	6.51e-10
 6.01301e+16	1.00e+00	4.49e-05	3.98e-10
 6.16265e+16	1.00e+00	3.51e-05	2.45e-10
 6.30945e+16	1.00e+00	2.77e-05	1.53e-10
 6.45567e+16	1.00e+00	2.20e-05	9.62e-11
 6.60407e+16	1.00e+00	1.74e-05	6.07e-11
 6.75585e+16	1.00e+00	1.38e-05	3.81e-11
 6.91045e+16	1.00e+00	1.10e-05	2.41e-11
 7.06777e+16	1.00e+00	8.71e-06	1.52e-11
 7.22863e+16	1.00e+00	6.91e-06	9.60e-12
 7.39262e+16	1.00e+00	5.48e-06	6.06e-12
 7.55970e+16	1.00e+00	4.36e-06	3.83e-12
 7.73075e+16	1.00e+00	3.45e-06	2.41e-12
 7.90476e+16	1.00e+00	2.74e-06	1.53e-12
 8.08216e+16	1.00e+00	2.18e-06	9.66e-13
 8.26504e+16	1.00e+00	1.73e-06	6.10e-13
 8.45390e+16	1.00e+00	1.37e-06	3.83e-13
 8.64826e+16	1.00e+00	1.08e-06	2.39e-13
 8.84783e+16	1.00e+00	8.55e-07	1.49e-13
 9.05331e+16	1.00e+00	6.74e-07	9.28e-14
 9.26599e+16	1.00e+00	5.29e-07	5.73e-14
 9.48497e+16	1.00e+00	4.15e-07	3.53e-14
 9.70419e+16	1.00e+00	3.27e-07	2.19e-14
 9.91840e+16	1.00e+00	2.61e-07	1.39e-14
 1.01270e+17	1.00e+00	2.10e-07	9.04e-15
 1.03313e+17	1.00e+00	1.70e-07	5.95e-15
 1.05316e+17	1.00e+00	1.39e-07	3.98e-15
 1.07269e+17	1.00e+00	1.15e-07	2.71e-15
 1.09163e+17	1.00e+00	9.53e-08	1.87e-15
 1.10992e+17	1.00e+00	7.99e-08	1.32e-15
 1.12754e+17	1.00e+00	6.76e-08	9.45e-16
 1.14449e+17	1.00e+00	5.77e-08	6.89e-16
 1.16077e+17	1.00e+00	4.97e-08	5.10e-16
 1.17636e+17	1.00e+00	4.31e-08	3.84e-16
 1.19127e+17	1.00e+00	3.76e-08	2.93e-16
 1.20550e+17	1.00e+00	3.31e-08	2.28e-16
 1.21907e+17	1.00e+00	2.94e-08	1.79e-16
 1.23201e+17	1.00e+00	2.62e-08	1.43e-16
 1.24433e+17	1.00e+00	2.35e-08	1.15e-16
 1.25605e+17	1.00e+00	2.13e-08	9.39e-17
 1.26721e+17	1.00e+00	1.93e-08	7.76e-17
 1.27782e+17	1.00e+00	1.77e-08	6.47e-17
 1.28791e+17	1.00e+00	1.62e-08	5.45e-17
 1.29750e+17	1.00e+00	1.49e-08	4.64e-17
 1.30661e+17	1.00e+00	1.38e-08	3.98e-17
 1.31526e+17	1.00e+00	1.29e-08	3.45e-17
 1.32349e+17	1.00e+00	1.20e-08	3.01e-17
 1.33132e+17	1.00e+00	1.13e-08	2.64e-17
 1.33876e+17	1.00e+00	1.06e-08	2.34e-17
 1.34584e+17	1.00e+00	1.00e-08	2.08e-17
 1.35257e+17	1.00e+00	9.46e-09	1.86e-17
 1.35898e+17	1.00e+00	8.98e-09	1.68e-17
 1.36508e+17	1.00e+00	8.55e-09	1.52e-17
 1.37089e+17	1.00e+00	8.15e-09	1.39e-17
 1.37642e+17	1.00e+00	7.80e-09	1.27e-17
 1.38170e+17	1.00e+00	7.47e-09	1.16e-17
 1.38674e+17	1.00e+00	7.18e-09	1.07e-17
 1.39154e+17	1.00e+00	6.90e-09	9.94e-18
 1.39613e+17	1.00e+00	6.66e-09	9.24e-18
 1.40052e+17	1.00e+00	6.43e-09	8.61e-18
 1.40472e+17	1.00e+00	6.21e-09	8.06e-18
 1.40874e+17	1.00e+00	6.02e-09	7.56e-18
 1.41259e+17	1.00e+00	5.84e-09	7.11e-18
 1.41629e+17	1.00e+00	5.67e-09	6.71e-18
 1.41985e+17	1.00e+00	5.51e-09	6.34e-18
 1.42328e+17	1.00e+00	5.36e-09	6.01e-18
 1.42658e+17	1.00e+00	5.23e-09	5.70e-18
 1.42976e+17	1.00e+00	5.10e-09	5.42e-18
 1.43284e+17	1.00e+00	4.97e-09	5.17e-18
 1.43584e+17	1.00e+00	4.86e-09	4.93e-18
 1.43874e+17	1.00e+00	4.75e-09	4.71e-18
 1.44158e+17	1.00e+00	4.64e-09	4.50e-18
 1.44435e+17	1.00e+00	4.54e-09	4.31e-18
 1.44707e+17	1.00e+00	4.45e-09	4.13e-18
 1.44974e+17	1.00e+00	4.36e-09	3.96e-18
 1.45239e+17	1.00e+00	4.27e-09	3.80e-18
 1.45503e+17	1.00e+00	4.18e-09	3.65e-18
 1.45766e+17	1.00e+00	4.09e-09	3.50e-18
 1.46030e+17	1.00e+00	4.01e-09	3.36e-18
 1.46298e+17	1.00e+00	3.93e-09	3.22e-18
 1.46572e+17	1.00e+00	3.84e-09	3.09e-18
 1.46854e+17	1.00e+00	3.76e-09	2.96e-18
 1.47147e+17	1.00e+00	3.68e-09	2.82e-18
 1.47456e+17	1.00e+00	3.59e-09	2.69e-18
 1.47787e+17	1.00e+00	3.50e-09	2.56e-18
 1.48145e+17	1.00e+00	3.40e-09	2.42e-18
 1.48541e+17	1.00e+00	3.29e-09	2.27e-18
 1.48989e+17	1.00e+00	3.18e-09	2.12e-18
 1.49508e+17	1.00e+00	3.05e-09	1.95e-18
 1.50127e+17	1.00e+00	2.91e-09	1.77e-18
 1.50891e+17	1.00e+00	2.74e-09	1.57e-18
 1.51867e+17	1.00e+00	2.53e-09	1.35e-18
 1.53137e+17	1.00e+00	2.29e-09	1.10e-18
 1.54787e+17	1.00e+00	2.02e-09	8.53e-19
 1.56932e+17	1.00e+00	1.71e-09	6.13e-19
 1.59721e+17	1.00e+00	1.38e-09	4.01e-19
 1.63346e+17	1.00e+00	1.05e-09	2.32e-19
 1.68059e+17	1.00e+00	7.41e-10	1.16e-19
 1.73825e+17	1.00e+00	4.90e-10	5.06e-20
 1.80120e+17	1.00e+00	3.16e-10	2.12e-20
 1.86599e+17	1.00e+00	2.04e-10	8.79e-21
 1.93201e+17	1.00e+00	1.31e-10	0.00e+00
 1.99836e+17	1.00e+00	8.56e-11	0.00e+00
 2.06470e+17	1.00e+00	5.63e-11	0.00e+00
 2.13105e+17	1.00e+00	3.76e-11	0.00e+00
 2.19739e+17	1.00e+00	2.55e-11	0.00e+00
 2.26374e+17	1.00e+00	1.76e-11	0.00e+00
 2.33008e+17	1.00e+00	1.24e-11	0.00e+00
 2.39642e+17	1.00e+00	8.99e-12	0.00e+00
 2.46277e+17	1.00e+00	6.72e-12	0.00e+00
 2.52911e+17	1.00e+00	5.20e-12	0.00e+00
 2.59546e+17	1.00e+00	4.16e-12	0.00e+00
 2.66180e+17	1.00e+00	3.45e-12	0.00e+00
 2.72814e+17	1.00e+00	2.96e-12	0.00e+00
 2.79449e+17	1.00e+00	2.61e-12	0.00e+00
 2.86083e+17	1.00e+00	2.36e-12	0.00e+00
 2.92717e+17	1.00e+00	2.17e-12	0.00e+00
 2.99352e+17	1.00e+00	2.02e-12	0.00e+00
 3.05986e+17	1.00e+00	1.90e-12	0.00e+00
 3.12621e+17	1.00e+00	1.80e-12	0.00e+00
 3.19255e+17	1.00e+00	1.71e-12	0.00e+00
 3.25889e+17	1.00e+00	1.64e-12	0.00e+00
 3.32524e+17	1.00e+00	1.57e-12	0.00e+00
 3.39158e+17	1.00e+00	1.50e-12	0.00e+00
 3.46788e+17	1.00e+00	1.43e-12	0.00e+00
 3.56706e+17	1.00e+00	1.15e-12	0.00e+00
 3.69558e+17	1.00e+00	7.95e-13	0.00e+00
 3.84341e+17	1.00e+00	4.81e-13	0.00e+00
 3.98088e+17	1.00e+00	3.87e-13	0.00e+00
 4.10260e+17	1.00e+00	4.56e-13	0.00e+00
 4.21115e+17	1.00e+00	4.36e-13	0.00e+00
 4.29862e+17	1.00e+00	4.80e-13	0.00e+00
 4.36865e+17	1.00e+00	5.29e-13	0.00e+00
 4.42296e+17	1.00e+00	5.56e-13	0.00e+00
 4.45996e+17	1.00e+00	5.91e-13	0.00e+00
 4.48270e+17	1.00e+00	6.26e-13	0.00e+00
 4.49634e+17	1.00e+00	6.50e-13	0.00e+00
 4.50452e+17	1.00e+00	6.65e-13	0.00e+00
 4.50966e+17	1.00e+00	6.74e-13	0.00e+00
 4.51368e+17	1.00e+00	6.80e-13	0.00e+00
 4.51815e+17	1.00e+00	6.85e-13	0.00e+00
 4.52391e+17	1.00e+00	6.88e-13	0.00e+00
 4.53011e+17	1.00e+00	6.91e-13	0.00e+00
 4.53514e+17	1.00e+00	6.92e-13	0.00e+00
 4.53873e+17	1.00e+00	6.93e-13	0.00e+00
 4.54173e+17	1.00e+00	6.94e-13	0.00e+00
 4.54505e+17	1.00e+00	6.94e-13	0.00e+00
 4.54887e+17	1.00e+00	6.93e-13	0.00e+00
 4.55251e+17	1.00e+00	6.92e-13	0.00e+00
 4.55552e+17	1.00e+00	6.91e-13	0.00e+00
 4.55804e+17	1.00e+00	6.90e-13	0.00e+00
 4.56047e+17	1.00e+00	6.89e-13	0.00e+00
 4.56304e+17	1.00e+00	6.88e-13	0.00e+00
 4.56576e+17	1.00e+00	6.87e-13	0.00e+00
 4.56845e+17	1.00e+00	6.85e-13	0.00e+00
 4.57073e+17	1.00e+00	6.83e-13	0.00e+00
 4.57268e+17	1.00e+00	6.82e-13	0.00e+00
 4.57467e+17	1.00e+00	6.80e-13	0.00e+00
 4.57677e+17	1.00e+00	6.78e-13	0.00e+00
 4.57885e+17	1.00e+00	6.77e-13	0.00e+00
 4.58084e+17	1.00e+00	6.75e-13	0.00e+00
 4.58267e+17	1.00e+00	6.73e-13	0.00e+00
 4.58439e+17	1.00e+00	6.71e-13	0.00e+00
 4.58612e+17	1.00e+00	6.69e-13	0.00e+00
 4.58793e+17	1.00e+00	6.67e-13	0.00e+00
 4.58979e+17	1.00e+00	6.65e-13	0.00e+00
 4.59156e+17	1.00e+00	6.63e-13	0.00e+00
 4.59321e+17	1.00e+00	6.61e-13	0.00e+00
 4.59487e+17	1.00e+00	6.59e-13	0.00e+00
 4.59656e+17	1.00e+00	6.56e-13	0.00e+00
 4.59828e+17	1.00e+00	6.54e-13	0.00e+00
 4.60000e+17	1.00e+00	6.52e-13	0.00e+00
 4.60165e+17	1.00e+00	6.49e-13	0.00e+00
 4.60327e+17	1.00e+00	6.47e-13	0.00e+00
 4.60498e+17	1.00e+00	6.44e-13	0.00e+00
 4.60677e+17	1.00e+00	6.41e-13	0.00e+00
 4.60861e+17	1.00e+00	6.38e-13	0.00e+00
 4.61046e+17	1.00e+00	6.35e-13	0.00e+00
 4.61221e+17	1.00e+00	6.32e-13	0.00e+00
 4.61392e+17	1.00e+00	6.29e-13	0.00e+00
 4.61568e+17	1.00e+00	6.26e-13	0.00e+00
 4.61773e+17	1.00e+00	6.23e-13	0.00e+00
 4.62008e+17	1.00e+00	6.19e-13	0.00e+00
 4.62231e+17	1.00e+00	6.14e-13	0.00e+00
 4.62409e+17	1.00e+00	6.11e-13	0.00e+00
 4.62585e+17	1.00e+00	6.08e-13	0.00e+00
 4.62809e+17	1.00e+00	6.04e-13	0.00e+00
 4.63063e+17	1.00e+00	5.99e-13	0.00e+00
 4.63305e+17	1.00e+00	5.94e-13	0.00e+00
 4.63527e+17	1.00e+00	5.89e-13	0.00e+00
 4.63755e+17	1.00e+00	5.85e-13	0.00e+00
 4.64009e+17	1.00e+00	5.80e-13	0.00e+00
 4.64285e+17	1.00e+00	5.75e-13	0.00e+00
 4.64556e+17	1.00e+00	5.69e-13	0.00e+00
 4.64809e+17	1.00e+00	5.63e-13	0.00e+00
 4.65070e+17	1.00e+00	5.58e-13	0.00e+00
 4.65362e+17	1.00e+00	5.52e-13	0.00e+00
 4.65679e+17	1.00e+00	5.46e-13	0.00e+00
 4.66003e+17	1.00e+00	5.39e-13	0.00e+00
 4.66309e+17	1.00e+00	5.32e-13	0.00e+00
 4.66607e+17	1.00e+00	5.26e-13	0.00e+00
 4.66928e+17	1.00e+00	5.19e-13	0.00e+00
 4.67275e+17	1.00e+00	5.12e-13	0.00e+00
 4.67644e+17	1.00e+00	5.04e-13	0.00e+00
 4.68029e+17	1.00e+00	4.96e-13	0.00e+00
 4.68409e+17	1.00e+00	4.87e-13	0.00e+00
 4.68770e+17	1.00e+00	4.79e-13	0.00e+00
 4.69151e+17	1.00e+00	4.71e-13	0.00e+00
 4.69577e+17	1.00e+00	4.63e-13	0.00e+00
 4.70016e+17	1.00e+00	4.53e-13	0.00e+00
 4.70456e+17	1.00e+00	4.43e-13	0.00e+00
 4.70887e+17	1.00e+00	4.34e-13	0.00e+00
 4.71335e+17	1.00e+00	4.25e-13	0.00e+00
 4.71820e+17	1.00e+00	4.15e-13	0.00e+00
 4.72315e+17	1.00e+00	4.04e-13	0.00e+00
 4.72782e+17	1.00e+00	3.95e-13	0.00e+00
 4.73266e+17	1.00e+00	3.85e-13	0.00e+00
 4.73817e+17	1.00e+00	3.74e-13	0.00e+00
 4.74381e+17	1.00e+00	3.63e-13	0.00e+00
 4.74926e+17	1.00e+00	3.51e-13	0.00e+00
 4.75460e+17	1.00e+00	3.41e-13	0.00e+00
 4.76011e+17	1.00e+00	3.31e-13	0.00e+00
 4.76603e+17	1.00e+00	3.20e-13	0.00e+00
 4.77225e+17	1.00e+00	3.08e-13	0.00e+00
 4.77850e+17	1.00e+00	2.96e-13	0.00e+00
 4.78461e+17	1.00e+00	2.85e-13	0.00e+00
 4.79076e+17	1.00e+00	2.74e-13	0.00e+00
 4.79724e+17	1.00e+00	2.63e-13	0.00e+00
 4.80401e+17	1.00e+00	2.52e-13	0.00e+00
 4.81086e+17	1.00e+00	2.40e-13	0.00e+00
 4.81783e+17	1.00e+00	2.29e-13	0.00e+00
 4.82497e+17	1.00e+00	2.17e-13	0.00e+00
 4.83213e+17	1.00e+00	2.06e-13	0.00e+00
 4.83936e+17	1.00e+00	1.96e-13	0.00e+00
 4.84683e+17	1.00e+00	1.85e-13	0.00e+00
 4.85453e+17	1.00e+00	1.74e-13	0.00e+00
 4.86266e+17	1.00e+00	1.64e-13	0.00e+00
 4.87106e+17	1.00e+00	1.53e-13	0.00e+00
 4.87934e+17	1.00e+00	1.42e-13	0.00e+00
 4.88777e+17	1.00e+00	1.32e-13	0.00e+00
 4.89623e+17	1.00e+00	1.23e-13	0.00e+00
 4.90464e+17	1.00e+00	1.14e-13	0.00e+00
 4.91283e+17	1.00e+00	1.05e-13	0.00e+00
 4.92022e+17	1.00e+00	9.73e-14	0.00e+00
 4.92654e+17	1.00e+00	9.11e-14	0.00e+00
 4.93206e+17	1.00e+00	8.62e-14	0.00e+00
 4.93729e+17	1.00e+00	8.18e-14	0.00e+00
 4.94260e+17	1.00e+00	7.76e-14	0.00e+00
 4.94786e+17	1.00e+00	7.34e-14	0.00e+00
 4.95276e+17	1.00e+00	6.95e-14	0.00e+00
 4.95720e+17	1.00e+00	6.62e-14	0.00e+00
 4.96132e+17	1.00e+00	6.33e-14	0.00e+00
 4.96532e+17	1.00e+00	6.05e-14	0.00e+00
 4.96932e+17	1.00e+00	5.79e-14	0.00e+00
 4.97324e+17	1.00e+00	5.54e-14	0.00e+00
 4.97695e+17	1.00e+00	5.30e-14	0.00e+00
 4.98044e+17	1.00e+00	5.09e-14	0.00e+00
 4.98378e+17	1.00e+00	4.89e-14	0.00e+00
 4.98705e+17	1.00e+00	4.70e-14	0.00e+00
 4.99027e+17	1.00e+00	4.52e-14	0.00e+00
 4.99341e+17	1.00e+00	4.35e-14	0.00e+00
 4.99641e+17	1.00e+00	4.19e-14	0.00e+00
 4.99927e+17	1.00e+00	4.04e-14	0.00e+00
 5.00205e+17	1.00e+00	3.90e-14	0.00e+00
 5.00477e+17	1.00e+00	3.76e-14	0.00e+00
 5.00743e+17	1.00e+00	3.63e-14	0.00e+00
 5.01001e+17	1.00e+00	3.50e-14	0.00e+00
 5.01250e+17	1.00e+00	3.38e-14	0.00e+00
 5.01489e+17	1.00e+00	3.27e-14	0.00e+00
 5.01721e+17	1.00e+00	3.16e-14	0.00e+00
 5.01949e+17	1.00e+00	3.06e-14	0.00e+00
 5.02210e+17	1.00e+00	2.96e-14	0.00e+00
 5.02549e+17	1.00e+00	2.84e-14	0.00e+00
