#depth	C	C+	C+2	C+3	C+4	C+5	C+6	C[1]	C[2]	C[3]	C+[1]	C+[2]	CO
 1.49634e+10	0.00e+00	0.00e+00	2.96e-30	1.75e-20	4.06e-10	3.25e-04	1.00e+00	0.00e+00	0.00e+00	0.00e+00	0.00e+00	0.00e+00	0.00e+00
 4.54887e+10	0.00e+00	3.26e-40	4.05e-30	2.21e-20	4.75e-10	3.53e-04	1.00e+00	0.00e+00	0.00e+00	0.00e+00	0.00e+00	0.00e+00	0.00e+00
 7.72350e+10	0.00e+00	0.00e+00	5.56e-30	2.80e-20	5.57e-10	3.81e-04	1.00e+00	0.00e+00	0.00e+00	0.00e+00	0.00e+00	0.00e+00	0.00e+00
 1.10251e+11	0.00e+00	7.20e-40	7.63e-30	3.55e-20	6.53e-10	4.12e-04	1.00e+00	0.00e+00	0.00e+00	0.00e+00	0.00e+00	0.00e+00	0.00e+00
 1.42324e+11	0.00e+00	0.00e+00	1.03e-29	4.44e-20	7.57e-10	4.43e-04	1.00e+00	0.00e+00	0.00e+00	0.00e+00	0.00e+00	0.00e+00	1.17e-241
 1.72571e+11	0.00e+00	1.46e-39	1.35e-29	5.44e-20	8.68e-10	4.73e-04	1.00e+00	0.00e+00	0.00e+00	0.00e+00	0.00e+00	0.00e+00	0.00e+00
 2.06292e+11	0.00e+00	0.00e+00	1.80e-29	6.78e-20	1.01e-09	5.08e-04	9.99e-01	0.00e+00	0.00e+00	0.00e+00	0.00e+00	0.00e+00	1.07e-210
 2.41578e+11	0.00e+00	3.04e-39	2.42e-29	8.45e-20	1.17e-09	5.46e-04	9.99e-01	0.00e+00	0.00e+00	0.00e+00	0.00e+00	0.00e+00	0.00e+00
 2.72629e+11	0.00e+00	0.00e+00	3.11e-29	1.02e-19	1.32e-09	5.80e-04	9.99e-01	0.00e+00	0.00e+00	0.00e+00	0.00e+00	0.00e+00	4.83e-210
 3.05936e+11	0.00e+00	5.77e-39	4.05e-29	1.25e-19	1.51e-09	6.18e-04	9.99e-01	0.00e+00	0.00e+00	0.00e+00	0.00e+00	0.00e+00	1.93e-214
 3.46220e+11	0.00e+00	0.00e+00	5.50e-29	1.57e-19	1.77e-09	6.67e-04	9.99e-01	0.00e+00	0.00e+00	0.00e+00	0.00e+00	0.00e+00	2.80e-273
 3.86208e+11	0.00e+00	1.22e-38	7.36e-29	1.95e-19	2.05e-09	7.17e-04	9.99e-01	0.00e+00	0.00e+00	0.00e+00	0.00e+00	0.00e+00	9.10e-166
 4.21552e+11	0.00e+00	0.00e+00	9.46e-29	2.36e-19	2.33e-09	7.62e-04	9.99e-01	0.00e+00	0.00e+00	0.00e+00	0.00e+00	0.00e+00	1.46e-212
 4.60225e+11	0.00e+00	2.33e-38	1.24e-28	2.89e-19	2.67e-09	8.13e-04	9.99e-01	0.00e+00	0.00e+00	0.00e+00	0.00e+00	0.00e+00	2.37e-259
 5.06689e+11	0.00e+00	0.00e+00	1.69e-28	3.65e-19	3.13e-09	8.78e-04	9.99e-01	0.00e+00	0.00e+00	0.00e+00	0.00e+00	0.00e+00	1.82e-207
 5.53136e+11	0.00e+00	4.96e-38	2.28e-28	4.57e-19	3.64e-09	9.45e-04	9.99e-01	0.00e+00	0.00e+00	0.00e+00	0.00e+00	0.00e+00	0.00e+00
 5.95300e+11	0.00e+00	0.00e+00	2.96e-28	5.56e-19	4.15e-09	1.01e-03	9.99e-01	0.00e+00	0.00e+00	0.00e+00	0.00e+00	0.00e+00	2.23e-254
 6.42040e+11	0.00e+00	9.82e-38	3.94e-28	6.91e-19	4.81e-09	1.08e-03	9.99e-01	0.00e+00	0.00e+00	0.00e+00	0.00e+00	0.00e+00	1.72e-210
 6.96790e+11	0.00e+00	0.00e+00	5.42e-28	8.80e-19	5.67e-09	1.17e-03	9.99e-01	0.00e+00	0.00e+00	0.00e+00	0.00e+00	0.00e+00	6.55e-234
 7.50874e+11	0.00e+00	2.13e-37	7.34e-28	1.11e-18	6.62e-09	1.26e-03	9.99e-01	0.00e+00	0.00e+00	0.00e+00	0.00e+00	0.00e+00	0.00e+00
 8.01663e+11	0.00e+00	0.00e+00	9.71e-28	1.37e-18	7.64e-09	1.35e-03	9.99e-01	0.00e+00	0.00e+00	0.00e+00	0.00e+00	0.00e+00	3.03e-252
 8.58198e+11	0.00e+00	4.39e-37	1.31e-27	1.71e-18	8.91e-09	1.45e-03	9.99e-01	0.00e+00	0.00e+00	0.00e+00	0.00e+00	0.00e+00	0.00e+00
 9.22453e+11	0.00e+00	0.00e+00	1.82e-27	2.20e-18	1.06e-08	1.57e-03	9.98e-01	0.00e+00	0.00e+00	0.00e+00	0.00e+00	0.00e+00	0.00e+00
 9.82821e+11	0.00e+00	9.55e-37	2.45e-27	2.75e-18	1.23e-08	1.69e-03	9.98e-01	0.00e+00	0.00e+00	0.00e+00	0.00e+00	0.00e+00	2.08e-219
 1.03681e+12	0.00e+00	0.00e+00	3.18e-27	3.34e-18	1.41e-08	1.80e-03	9.98e-01	0.00e+00	0.00e+00	0.00e+00	0.00e+00	0.00e+00	0.00e+00
 1.09749e+12	0.00e+00	1.87e-36	4.22e-27	4.15e-18	1.63e-08	1.93e-03	9.98e-01	0.00e+00	0.00e+00	0.00e+00	0.00e+00	0.00e+00	3.77e-206
 1.16939e+12	1.35e-46	2.80e-36	5.83e-27	5.30e-18	1.92e-08	2.09e-03	9.98e-01	0.00e+00	0.00e+00	0.00e+00	0.00e+00	0.00e+00	1.62e-138
 1.24171e+12	0.00e+00	0.00e+00	7.98e-27	6.72e-18	2.26e-08	2.26e-03	9.98e-01	0.00e+00	0.00e+00	0.00e+00	0.00e+00	0.00e+00	0.00e+00
 1.30269e+12	0.00e+00	5.69e-36	1.03e-26	8.15e-18	2.58e-08	2.40e-03	9.98e-01	0.00e+00	0.00e+00	0.00e+00	0.00e+00	0.00e+00	7.32e-157
 1.35431e+12	4.32e-46	7.41e-36	1.28e-26	9.58e-18	2.88e-08	2.53e-03	9.97e-01	0.00e+00	0.00e+00	0.00e+00	0.00e+00	0.00e+00	8.10e-205
 1.41263e+12	0.00e+00	0.00e+00	1.61e-26	1.14e-17	3.25e-08	2.68e-03	9.97e-01	0.00e+00	0.00e+00	0.00e+00	0.00e+00	0.00e+00	8.81e-237
 1.48845e+12	0.00e+00	1.44e-35	2.17e-26	1.43e-17	3.80e-08	2.88e-03	9.97e-01	0.00e+00	0.00e+00	0.00e+00	0.00e+00	0.00e+00	1.30e-203
 1.56922e+12	1.50e-45	2.10e-35	2.95e-26	1.81e-17	4.45e-08	3.11e-03	9.97e-01	0.00e+00	0.00e+00	0.00e+00	0.00e+00	0.00e+00	5.81e-136
 1.64027e+12	0.00e+00	0.00e+00	3.83e-26	2.20e-17	5.09e-08	3.31e-03	9.97e-01	0.00e+00	0.00e+00	0.00e+00	0.00e+00	0.00e+00	0.00e+00
 1.71645e+12	0.00e+00	4.07e-35	5.04e-26	2.71e-17	5.87e-08	3.54e-03	9.96e-01	0.00e+00	0.00e+00	0.00e+00	0.00e+00	0.00e+00	4.64e-154
 1.80966e+12	5.35e-45	6.08e-35	6.96e-26	3.46e-17	6.95e-08	3.83e-03	9.96e-01	0.00e+00	0.00e+00	0.00e+00	0.00e+00	0.00e+00	3.46e-201
 1.90448e+12	0.00e+00	9.05e-35	9.59e-26	4.40e-17	8.19e-08	4.14e-03	9.96e-01	0.00e+00	0.00e+00	0.00e+00	0.00e+00	0.00e+00	6.27e-153
 1.99066e+12	1.30e-44	1.28e-34	1.27e-25	5.44e-17	9.48e-08	4.43e-03	9.96e-01	0.00e+00	0.00e+00	0.00e+00	0.00e+00	0.00e+00	0.00e+00
 2.08613e+12	0.00e+00	1.87e-34	1.72e-25	6.86e-17	1.11e-07	4.77e-03	9.95e-01	0.00e+00	0.00e+00	0.00e+00	0.00e+00	0.00e+00	6.68e-152
 2.19786e+12	3.44e-44	2.87e-34	2.43e-25	8.90e-17	1.33e-07	5.19e-03	9.95e-01	0.00e+00	0.00e+00	0.00e+00	0.00e+00	0.00e+00	0.00e+00
 2.31002e+12	0.00e+00	4.36e-34	3.41e-25	1.15e-16	1.58e-07	5.63e-03	9.94e-01	0.00e+00	0.00e+00	0.00e+00	0.00e+00	0.00e+00	1.03e-150
 2.40714e+12	8.58e-44	6.17e-34	4.50e-25	1.42e-16	1.82e-07	6.02e-03	9.94e-01	0.00e+00	0.00e+00	0.00e+00	0.00e+00	0.00e+00	0.00e+00
 2.49126e+12	0.00e+00	8.30e-34	5.72e-25	1.70e-16	2.06e-07	6.38e-03	9.94e-01	0.00e+00	0.00e+00	0.00e+00	0.00e+00	0.00e+00	8.18e-150
 2.58647e+12	1.83e-43	1.16e-33	7.48e-25	2.08e-16	2.37e-07	6.81e-03	9.93e-01	0.00e+00	0.00e+00	0.00e+00	0.00e+00	0.00e+00	0.00e+00
 2.70805e+12	0.00e+00	1.74e-33	1.04e-24	2.66e-16	2.81e-07	7.37e-03	9.93e-01	0.00e+00	0.00e+00	0.00e+00	0.00e+00	0.00e+00	8.81e-149
 2.83265e+12	4.87e-43	2.62e-33	1.44e-24	3.41e-16	3.33e-07	7.98e-03	9.92e-01	0.00e+00	0.00e+00	0.00e+00	0.00e+00	0.00e+00	0.00e+00
 2.93751e+12	0.00e+00	3.68e-33	1.89e-24	4.18e-16	3.83e-07	8.52e-03	9.91e-01	0.00e+00	0.00e+00	0.00e+00	0.00e+00	0.00e+00	9.55e-148
 3.04797e+12	1.11e-42	5.22e-33	2.51e-24	5.17e-16	4.42e-07	9.11e-03	9.91e-01	0.00e+00	0.00e+00	0.00e+00	0.00e+00	0.00e+00	0.00e+00
 3.18757e+12	0.00e+00	8.03e-33	3.55e-24	6.70e-16	5.28e-07	9.91e-03	9.90e-01	0.00e+00	0.00e+00	0.00e+00	0.00e+00	0.00e+00	1.14e-146
 3.32962e+12	3.12e-42	1.23e-32	5.02e-24	8.68e-16	6.30e-07	1.08e-02	9.89e-01	0.00e+00	0.00e+00	0.00e+00	0.00e+00	0.00e+00	2.95e-220
 3.45031e+12	0.00e+00	1.76e-32	6.69e-24	1.08e-15	7.29e-07	1.15e-02	9.88e-01	0.00e+00	0.00e+00	0.00e+00	0.00e+00	0.00e+00	1.36e-145
 3.57870e+12	7.50e-42	2.56e-32	9.03e-24	1.35e-15	8.50e-07	1.24e-02	9.88e-01	0.00e+00	0.00e+00	0.00e+00	0.00e+00	0.00e+00	0.00e+00
 3.73925e+12	0.00e+00	4.05e-32	1.30e-23	1.78e-15	1.03e-06	1.35e-02	9.86e-01	0.00e+00	0.00e+00	0.00e+00	0.00e+00	0.00e+00	1.82e-144
 3.89940e+12	2.22e-41	6.33e-32	1.87e-23	2.32e-15	1.23e-06	1.47e-02	9.85e-01	0.00e+00	0.00e+00	0.00e+00	0.00e+00	0.00e+00	8.58e-232
 4.03339e+12	0.00e+00	9.13e-32	2.51e-23	2.89e-15	1.43e-06	1.58e-02	9.84e-01	0.00e+00	0.00e+00	0.00e+00	0.00e+00	0.00e+00	2.28e-143
 4.17562e+12	5.46e-41	1.34e-31	3.41e-23	3.64e-15	1.67e-06	1.70e-02	9.83e-01	0.00e+00	0.00e+00	0.00e+00	0.00e+00	0.00e+00	0.00e+00
 4.35609e+12	0.00e+00	2.15e-31	4.99e-23	4.84e-15	2.02e-06	1.86e-02	9.81e-01	0.00e+00	0.00e+00	0.00e+00	0.00e+00	0.00e+00	3.18e-142
 4.54112e+12	1.70e-40	3.44e-31	7.31e-23	6.43e-15	2.45e-06	2.04e-02	9.80e-01	0.00e+00	0.00e+00	0.00e+00	0.00e+00	0.00e+00	2.04e-257
 4.69979e+12	0.00e+00	5.11e-31	1.01e-22	8.15e-15	2.88e-06	2.20e-02	9.78e-01	0.00e+00	0.00e+00	0.00e+00	0.00e+00	0.00e+00	4.55e-141
 4.86937e+12	4.50e-40	7.72e-31	1.40e-22	1.04e-14	3.40e-06	2.38e-02	9.76e-01	0.00e+00	0.00e+00	0.00e+00	0.00e+00	0.00e+00	3.07e-256
 5.07949e+12	0.00e+00	1.27e-30	2.09e-22	1.41e-14	4.16e-06	2.62e-02	9.74e-01	0.00e+00	0.00e+00	0.00e+00	0.00e+00	0.00e+00	7.20e-140
 5.29441e+12	1.47e-39	2.06e-30	3.10e-22	1.89e-14	5.07e-06	2.88e-02	9.71e-01	0.00e+00	0.00e+00	0.00e+00	0.00e+00	0.00e+00	0.00e+00
 5.48724e+12	0.00e+00	3.15e-30	4.36e-22	2.43e-14	6.01e-06	3.12e-02	9.69e-01	0.00e+00	0.00e+00	0.00e+00	0.00e+00	0.00e+00	1.15e-138
 5.65789e+12	3.76e-39	4.52e-30	5.84e-22	3.03e-14	6.96e-06	3.34e-02	9.67e-01	0.00e+00	0.00e+00	0.00e+00	0.00e+00	0.00e+00	9.57e-255
 5.83839e+12	0.00e+00	6.56e-30	7.89e-22	3.79e-14	8.09e-06	3.59e-02	9.64e-01	0.00e+00	0.00e+00	0.00e+00	0.00e+00	0.00e+00	1.06e-137
 6.07304e+12	1.02e-38	1.04e-29	1.15e-21	5.02e-14	9.77e-06	3.92e-02	9.61e-01	0.00e+00	0.00e+00	0.00e+00	0.00e+00	0.00e+00	0.00e+00
 6.31383e+12	0.00e+00	1.65e-29	1.67e-21	6.63e-14	1.18e-05	4.28e-02	9.57e-01	0.00e+00	0.00e+00	0.00e+00	0.00e+00	0.00e+00	1.73e-136
 6.50530e+12	2.70e-38	2.34e-29	2.21e-21	8.19e-14	1.36e-05	4.58e-02	9.54e-01	0.00e+00	0.00e+00	0.00e+00	0.00e+00	0.00e+00	0.00e+00
 6.69689e+12	0.00e+00	3.28e-29	2.91e-21	1.01e-13	1.55e-05	4.88e-02	9.51e-01	0.00e+00	0.00e+00	0.00e+00	0.00e+00	0.00e+00	1.39e-135
 6.94596e+12	6.71e-38	5.01e-29	4.10e-21	1.30e-13	1.85e-05	5.29e-02	9.47e-01	0.00e+00	0.00e+00	0.00e+00	0.00e+00	0.00e+00	0.00e+00
 7.20536e+12	0.00e+00	7.65e-29	5.78e-21	1.68e-13	2.19e-05	5.74e-02	9.43e-01	0.00e+00	0.00e+00	0.00e+00	0.00e+00	0.00e+00	1.82e-134
 7.42408e+12	1.68e-37	1.08e-28	7.64e-21	2.07e-13	2.52e-05	6.12e-02	9.39e-01	0.00e+00	0.00e+00	0.00e+00	0.00e+00	0.00e+00	3.98e-100
 7.65431e+12	0.00e+00	1.53e-28	1.01e-20	2.56e-13	2.90e-05	6.54e-02	9.35e-01	0.00e+00	0.00e+00	0.00e+00	0.00e+00	0.00e+00	0.00e+00
 7.95360e+12	4.28e-37	2.36e-28	1.44e-20	3.33e-13	3.45e-05	7.10e-02	9.29e-01	0.00e+00	0.00e+00	0.00e+00	0.00e+00	0.00e+00	4.74e-116
 8.26235e+12	0.00e+00	3.62e-28	2.04e-20	4.33e-13	4.11e-05	7.70e-02	9.23e-01	0.00e+00	0.00e+00	0.00e+00	0.00e+00	0.00e+00	2.99e-100
 8.51904e+12	1.08e-36	5.10e-28	2.70e-20	5.34e-13	4.72e-05	8.21e-02	9.18e-01	0.00e+00	0.00e+00	0.00e+00	0.00e+00	0.00e+00	0.00e+00
 8.78838e+12	0.00e+00	7.22e-28	3.58e-20	6.59e-13	5.42e-05	8.77e-02	9.12e-01	0.00e+00	0.00e+00	0.00e+00	0.00e+00	0.00e+00	1.72e-131
 9.13439e+12	2.72e-36	1.11e-27	5.07e-20	8.55e-13	6.44e-05	9.49e-02	9.05e-01	0.00e+00	0.00e+00	0.00e+00	0.00e+00	0.00e+00	1.09e-97
 9.49427e+12	0.00e+00	1.70e-27	7.17e-20	1.11e-12	7.65e-05	1.03e-01	8.97e-01	0.00e+00	0.00e+00	0.00e+00	0.00e+00	0.00e+00	0.00e+00
 9.80450e+12	6.89e-36	2.41e-27	9.54e-20	1.37e-12	8.81e-05	1.10e-01	8.90e-01	0.00e+00	0.00e+00	0.00e+00	0.00e+00	0.00e+00	3.27e-113
 1.01360e+13	0.00e+00	3.47e-27	1.28e-19	1.71e-12	1.02e-04	1.17e-01	8.83e-01	0.00e+00	0.00e+00	0.00e+00	0.00e+00	0.00e+00	6.96e-98
 1.05448e+13	1.78e-35	5.33e-27	1.82e-19	2.22e-12	1.21e-04	1.27e-01	8.73e-01	0.00e+00	0.00e+00	0.00e+00	0.00e+00	0.00e+00	3.09e-112
 1.09616e+13	0.00e+00	8.11e-27	2.56e-19	2.87e-12	1.43e-04	1.37e-01	8.63e-01	0.00e+00	0.00e+00	0.00e+00	0.00e+00	0.00e+00	5.47e-97
 1.13358e+13	4.52e-35	1.16e-26	3.43e-19	3.58e-12	1.65e-04	1.46e-01	8.54e-01	0.00e+00	0.00e+00	0.00e+00	0.00e+00	0.00e+00	2.85e-111
 1.16686e+13	0.00e+00	1.59e-26	4.42e-19	4.32e-12	1.87e-04	1.54e-01	8.45e-01	0.00e+00	0.00e+00	0.00e+00	0.00e+00	0.00e+00	2.81e-96
 1.20227e+13	9.59e-35	2.19e-26	5.73e-19	5.25e-12	2.12e-04	1.63e-01	8.36e-01	0.00e+00	0.00e+00	0.00e+00	0.00e+00	0.00e+00	1.72e-110
 1.23974e+13	1.42e-34	3.04e-26	7.49e-19	6.41e-12	2.41e-04	1.73e-01	8.27e-01	0.00e+00	0.00e+00	0.00e+00	0.00e+00	0.00e+00	3.34e-94
 1.27212e+13	1.97e-34	4.00e-26	9.36e-19	7.57e-12	2.68e-04	1.82e-01	8.18e-01	0.00e+00	0.00e+00	0.00e+00	0.00e+00	0.00e+00	9.65e-110
 1.30644e+13	2.76e-34	5.31e-26	1.18e-18	8.99e-12	3.00e-04	1.91e-01	8.09e-01	0.00e+00	0.00e+00	0.00e+00	0.00e+00	0.00e+00	1.30e-93
 1.35106e+13	4.23e-34	7.58e-26	1.57e-18	1.12e-11	3.45e-04	2.03e-01	7.97e-01	0.00e+00	0.00e+00	0.00e+00	0.00e+00	0.00e+00	6.03e-109
 1.39672e+13	6.45e-34	1.08e-25	2.10e-18	1.38e-11	3.96e-04	2.15e-01	7.84e-01	0.00e+00	0.00e+00	0.00e+00	0.00e+00	0.00e+00	7.31e-93
 1.43414e+13	9.00e-34	1.43e-25	2.63e-18	1.64e-11	4.41e-04	2.26e-01	7.74e-01	0.00e+00	0.00e+00	0.00e+00	0.00e+00	0.00e+00	3.71e-108
 1.47320e+13	1.26e-33	1.90e-25	3.32e-18	1.94e-11	4.93e-04	2.37e-01	7.63e-01	0.00e+00	0.00e+00	0.00e+00	0.00e+00	0.00e+00	2.87e-92
 1.52398e+13	1.93e-33	2.71e-25	4.44e-18	2.41e-11	5.66e-04	2.51e-01	7.49e-01	0.00e+00	0.00e+00	0.00e+00	0.00e+00	0.00e+00	2.34e-107
 1.57739e+13	2.98e-33	3.90e-25	5.97e-18	3.01e-11	6.51e-04	2.66e-01	7.33e-01	0.00e+00	0.00e+00	0.00e+00	0.00e+00	0.00e+00	1.65e-91
 1.62333e+13	4.27e-33	5.27e-25	7.63e-18	3.61e-11	7.31e-04	2.79e-01	7.20e-01	0.00e+00	0.00e+00	0.00e+00	0.00e+00	0.00e+00	1.58e-106
 1.67218e+13	6.18e-33	7.18e-25	9.82e-18	4.36e-11	8.23e-04	2.93e-01	7.06e-01	0.00e+00	0.00e+00	0.00e+00	0.00e+00	0.00e+00	7.29e-91
 1.73528e+13	9.80e-33	1.06e-24	1.35e-17	5.51e-11	9.54e-04	3.11e-01	6.88e-01	0.00e+00	0.00e+00	0.00e+00	0.00e+00	0.00e+00	1.19e-105
 1.80088e+13	1.56e-32	1.56e-24	1.85e-17	6.98e-11	1.11e-03	3.30e-01	6.69e-01	0.00e+00	0.00e+00	0.00e+00	0.00e+00	0.00e+00	4.75e-90
 1.85697e+13	2.28e-32	2.15e-24	2.41e-17	8.48e-11	1.25e-03	3.46e-01	6.52e-01	0.00e+00	0.00e+00	0.00e+00	0.00e+00	0.00e+00	9.14e-105
 1.91675e+13	3.37e-32	2.98e-24	3.15e-17	1.03e-10	1.41e-03	3.63e-01	6.35e-01	0.00e+00	0.00e+00	0.00e+00	0.00e+00	0.00e+00	2.26e-89
 1.99104e+13	5.38e-32	4.43e-24	4.35e-17	1.31e-10	1.64e-03	3.85e-01	6.14e-01	0.00e+00	0.00e+00	0.00e+00	0.00e+00	0.00e+00	7.38e-104
 2.06826e+13	8.59e-32	6.57e-24	6.02e-17	1.67e-10	1.90e-03	4.06e-01	5.92e-01	0.00e+00	0.00e+00	0.00e+00	0.00e+00	0.00e+00	1.49e-88
 2.13553e+13	1.27e-31	9.13e-24	7.89e-17	2.04e-10	2.15e-03	4.25e-01	5.73e-01	0.00e+00	0.00e+00	0.00e+00	0.00e+00	0.00e+00	5.95e-103
 2.20580e+13	1.88e-31	1.27e-23	1.04e-16	2.50e-10	2.43e-03	4.44e-01	5.54e-01	0.00e+00	0.00e+00	0.00e+00	0.00e+00	0.00e+00	7.19e-88
 2.29192e+13	2.98e-31	1.88e-23	1.43e-16	3.17e-10	2.81e-03	4.67e-01	5.31e-01	0.00e+00	0.00e+00	0.00e+00	0.00e+00	0.00e+00	4.80e-102
 2.36727e+13	4.40e-31	2.61e-23	1.88e-16	3.88e-10	3.17e-03	4.86e-01	5.11e-01	0.00e+00	0.00e+00	0.00e+00	0.00e+00	0.00e+00	3.94e-87
 2.41812e+13	5.66e-31	3.23e-23	2.24e-16	4.42e-10	3.43e-03	4.99e-01	4.98e-01	0.00e+00	0.00e+00	0.00e+00	0.00e+00	0.00e+00	2.31e-101
 2.46853e+13	7.21e-31	3.96e-23	2.65e-16	5.00e-10	3.69e-03	5.11e-01	4.85e-01	0.00e+00	0.00e+00	0.00e+00	0.00e+00	0.00e+00	1.06e-86
 2.53406e+13	9.81e-31	5.14e-23	3.29e-16	5.87e-10	4.06e-03	5.27e-01	4.69e-01	0.00e+00	0.00e+00	0.00e+00	0.00e+00	0.00e+00	8.96e-101
 2.61925e+13	1.44e-30	7.12e-23	4.31e-16	7.16e-10	4.57e-03	5.46e-01	4.49e-01	0.00e+00	0.00e+00	0.00e+00	0.00e+00	0.00e+00	4.27e-86
 2.70559e+13	2.10e-30	9.79e-23	5.61e-16	8.71e-10	5.12e-03	5.66e-01	4.29e-01	0.00e+00	0.00e+00	0.00e+00	0.00e+00	0.00e+00	5.89e-100
 2.77501e+13	2.80e-30	1.25e-22	6.87e-16	1.01e-09	5.59e-03	5.80e-01	4.14e-01	0.00e+00	0.00e+00	0.00e+00	0.00e+00	0.00e+00	1.62e-85
 2.84685e+13	3.74e-30	1.59e-22	8.40e-16	1.17e-09	6.09e-03	5.95e-01	3.99e-01	0.00e+00	0.00e+00	0.00e+00	0.00e+00	0.00e+00	2.50e-99
 2.94024e+13	5.36e-30	2.16e-22	1.08e-15	1.41e-09	6.78e-03	6.12e-01	3.81e-01	0.00e+00	0.00e+00	0.00e+00	0.00e+00	0.00e+00	6.08e-85
 3.04025e+13	7.77e-30	2.96e-22	1.40e-15	1.70e-09	7.56e-03	6.31e-01	3.62e-01	0.00e+00	0.00e+00	0.00e+00	0.00e+00	0.00e+00	1.59e-98
 3.12897e+13	1.07e-29	3.86e-22	1.74e-15	2.00e-09	8.29e-03	6.45e-01	3.46e-01	0.00e+00	0.00e+00	0.00e+00	0.00e+00	0.00e+00	2.49e-84
 3.22437e+13	1.48e-29	5.08e-22	2.18e-15	2.35e-09	9.09e-03	6.60e-01	3.31e-01	0.00e+00	0.00e+00	0.00e+00	0.00e+00	0.00e+00	8.20e-98
 3.34536e+13	2.19e-29	7.09e-22	2.87e-15	2.87e-09	1.02e-02	6.78e-01	3.12e-01	0.00e+00	0.00e+00	0.00e+00	0.00e+00	0.00e+00	1.13e-83
 3.47141e+13	3.26e-29	9.87e-22	3.76e-15	3.49e-09	1.14e-02	6.95e-01	2.94e-01	0.00e+00	0.00e+00	0.00e+00	0.00e+00	0.00e+00	6.35e-97
 3.58379e+13	4.56e-29	1.31e-21	4.72e-15	4.11e-09	1.24e-02	7.09e-01	2.79e-01	0.00e+00	0.00e+00	0.00e+00	0.00e+00	0.00e+00	5.35e-83
 3.70662e+13	6.49e-29	1.75e-21	5.98e-15	4.86e-09	1.37e-02	7.23e-01	2.64e-01	0.00e+00	0.00e+00	0.00e+00	0.00e+00	0.00e+00	3.88e-96
 3.85306e+13	9.72e-29	2.46e-21	7.84e-15	5.91e-09	1.52e-02	7.38e-01	2.47e-01	0.00e+00	0.00e+00	0.00e+00	0.00e+00	0.00e+00	2.76e-82
 3.98495e+13	1.38e-28	3.28e-21	9.87e-15	6.95e-09	1.67e-02	7.50e-01	2.33e-01	0.00e+00	0.00e+00	0.00e+00	0.00e+00	0.00e+00	2.85e-95
 4.08696e+13	1.79e-28	4.07e-21	1.17e-14	7.86e-09	1.78e-02	7.59e-01	2.23e-01	0.00e+00	0.00e+00	0.00e+00	0.00e+00	0.00e+00	1.06e-81
 4.19540e+13	2.34e-28	5.08e-21	1.40e-14	8.89e-09	1.91e-02	7.67e-01	2.14e-01	0.00e+00	0.00e+00	0.00e+00	0.00e+00	0.00e+00	1.18e-94
 4.33637e+13	3.28e-28	6.71e-21	1.74e-14	1.04e-08	2.07e-02	7.77e-01	2.02e-01	0.00e+00	0.00e+00	0.00e+00	0.00e+00	0.00e+00	4.14e-81
 4.48534e+13	4.63e-28	8.92e-21	2.18e-14	1.22e-08	2.26e-02	7.87e-01	1.90e-01	0.00e+00	0.00e+00	0.00e+00	0.00e+00	0.00e+00	7.39e-94
 4.61324e+13	6.15e-28	1.13e-20	2.62e-14	1.38e-08	2.42e-02	7.95e-01	1.81e-01	0.00e+00	0.00e+00	0.00e+00	0.00e+00	0.00e+00	1.70e-80
 4.74804e+13	8.24e-28	1.43e-20	3.16e-14	1.58e-08	2.59e-02	8.02e-01	1.72e-01	0.00e+00	0.00e+00	0.00e+00	0.00e+00	0.00e+00	3.54e-93
 4.92221e+13	1.19e-27	1.93e-20	3.98e-14	1.85e-08	2.82e-02	8.11e-01	1.61e-01	0.00e+00	0.00e+00	0.00e+00	0.00e+00	0.00e+00	7.64e-80
 5.10636e+13	1.72e-27	2.61e-20	5.03e-14	2.17e-08	3.07e-02	8.18e-01	1.51e-01	0.00e+00	0.00e+00	0.00e+00	0.00e+00	0.00e+00	2.64e-92
 5.26802e+13	2.35e-27	3.37e-20	6.13e-14	2.49e-08	3.31e-02	8.24e-01	1.42e-01	0.00e+00	0.00e+00	0.00e+00	0.00e+00	0.00e+00	3.70e-79
 5.44162e+13	3.25e-27	4.38e-20	7.50e-14	2.86e-08	3.55e-02	8.30e-01	1.34e-01	0.00e+00	0.00e+00	0.00e+00	0.00e+00	0.00e+00	1.52e-91
 5.65203e+13	4.75e-27	5.96e-20	9.53e-14	3.37e-08	3.87e-02	8.36e-01	1.25e-01	0.00e+00	0.00e+00	0.00e+00	0.00e+00	0.00e+00	1.90e-78
 5.86233e+13	6.83e-27	8.01e-20	1.20e-13	3.93e-08	4.20e-02	8.41e-01	1.17e-01	0.00e+00	0.00e+00	0.00e+00	0.00e+00	0.00e+00	1.18e-90
 6.05113e+13	9.37e-27	1.04e-19	1.45e-13	4.49e-08	4.50e-02	8.45e-01	1.10e-01	0.00e+00	0.00e+00	0.00e+00	0.00e+00	0.00e+00	9.40e-78
 6.25993e+13	1.31e-26	1.36e-19	1.79e-13	5.17e-08	4.84e-02	8.48e-01	1.03e-01	0.00e+00	0.00e+00	0.00e+00	0.00e+00	0.00e+00	7.24e-90
 6.50700e+13	1.93e-26	1.85e-19	2.27e-13	6.09e-08	5.26e-02	8.52e-01	9.57e-02	0.00e+00	0.00e+00	0.00e+00	0.00e+00	0.00e+00	5.10e-77
 6.75146e+13	2.77e-26	2.49e-19	2.84e-13	7.09e-08	5.68e-02	8.54e-01	8.91e-02	0.00e+00	0.00e+00	0.00e+00	0.00e+00	0.00e+00	5.79e-89
 6.96778e+13	3.79e-26	3.20e-19	3.44e-13	8.06e-08	6.06e-02	8.56e-01	8.37e-02	0.00e+00	0.00e+00	0.00e+00	0.00e+00	0.00e+00	2.53e-76
 7.19990e+13	5.23e-26	4.16e-19	4.20e-13	9.22e-08	6.49e-02	8.57e-01	7.85e-02	0.00e+00	0.00e+00	0.00e+00	0.00e+00	0.00e+00	5.44e-76
 7.45943e+13	7.40e-26	5.51e-19	5.21e-13	1.07e-07	6.98e-02	8.57e-01	7.30e-02	0.00e+00	0.00e+00	0.00e+00	0.00e+00	0.00e+00	1.23e-75
 7.70400e+13	1.02e-25	7.11e-19	6.33e-13	1.22e-07	7.45e-02	8.57e-01	6.84e-02	0.00e+00	0.00e+00	0.00e+00	0.00e+00	0.00e+00	2.62e-75
 7.92579e+13	1.34e-25	8.91e-19	7.51e-13	1.36e-07	7.89e-02	8.57e-01	6.45e-02	0.00e+00	0.00e+00	0.00e+00	0.00e+00	0.00e+00	5.08e-75
 8.12985e+13	1.72e-25	1.09e-18	8.75e-13	1.51e-07	8.30e-02	8.56e-01	6.12e-02	0.00e+00	0.00e+00	0.00e+00	0.00e+00	0.00e+00	9.15e-75
 8.35640e+13	2.25e-25	1.35e-18	1.03e-12	1.69e-07	8.77e-02	8.54e-01	5.78e-02	0.00e+00	0.00e+00	0.00e+00	0.00e+00	0.00e+00	1.72e-74
 8.61009e+13	3.01e-25	1.71e-18	1.23e-12	1.90e-07	9.30e-02	8.53e-01	5.43e-02	0.00e+00	0.00e+00	0.00e+00	0.00e+00	0.00e+00	3.46e-74
 8.85010e+13	3.93e-25	2.12e-18	1.46e-12	2.13e-07	9.83e-02	8.51e-01	5.11e-02	0.00e+00	0.00e+00	0.00e+00	0.00e+00	0.00e+00	6.44e-74
 9.07778e+13	5.03e-25	2.59e-18	1.70e-12	2.36e-07	1.03e-01	8.48e-01	4.84e-02	0.00e+00	0.00e+00	0.00e+00	0.00e+00	0.00e+00	1.16e-73
 9.33838e+13	6.61e-25	3.23e-18	2.01e-12	2.64e-07	1.09e-01	8.45e-01	4.55e-02	0.00e+00	0.00e+00	0.00e+00	0.00e+00	0.00e+00	2.24e-73
 9.63293e+13	8.92e-25	4.11e-18	2.42e-12	2.99e-07	1.16e-01	8.42e-01	4.25e-02	0.00e+00	0.00e+00	0.00e+00	0.00e+00	0.00e+00	4.51e-73
 9.91343e+13	1.18e-24	5.15e-18	2.87e-12	3.34e-07	1.22e-01	8.38e-01	3.99e-02	0.00e+00	0.00e+00	0.00e+00	0.00e+00	0.00e+00	8.77e-73
 1.02199e+14	1.57e-24	6.52e-18	3.44e-12	3.78e-07	1.30e-01	8.33e-01	3.72e-02	0.00e+00	0.00e+00	0.00e+00	0.00e+00	0.00e+00	1.74e-72
 1.05584e+14	2.15e-24	8.40e-18	4.17e-12	4.29e-07	1.38e-01	8.28e-01	3.46e-02	0.00e+00	0.00e+00	0.00e+00	0.00e+00	0.00e+00	3.69e-72
 1.08744e+14	2.85e-24	1.05e-17	4.98e-12	4.84e-07	1.46e-01	8.22e-01	3.22e-02	0.00e+00	0.00e+00	0.00e+00	0.00e+00	0.00e+00	7.07e-72
 1.12212e+14	3.84e-24	1.34e-17	5.98e-12	5.46e-07	1.54e-01	8.16e-01	3.00e-02	0.00e+00	0.00e+00	0.00e+00	0.00e+00	0.00e+00	1.45e-71
 1.16110e+14	5.32e-24	1.75e-17	7.30e-12	6.24e-07	1.64e-01	8.08e-01	2.77e-02	0.00e+00	0.00e+00	0.00e+00	0.00e+00	0.00e+00	3.16e-71
 1.19818e+14	7.15e-24	2.22e-17	8.80e-12	7.07e-07	1.74e-01	8.01e-01	2.56e-02	0.00e+00	0.00e+00	0.00e+00	0.00e+00	0.00e+00	6.32e-71
 1.23892e+14	9.81e-24	2.87e-17	1.07e-11	8.02e-07	1.84e-01	7.92e-01	2.37e-02	0.00e+00	0.00e+00	0.00e+00	0.00e+00	0.00e+00	1.36e-70
 1.28437e+14	1.37e-23	3.76e-17	1.32e-11	9.24e-07	1.96e-01	7.82e-01	2.17e-02	0.00e+00	0.00e+00	0.00e+00	0.00e+00	0.00e+00	2.99e-70
 1.32666e+14	1.86e-23	4.80e-17	1.59e-11	1.05e-06	2.08e-01	7.72e-01	2.00e-02	0.00e+00	0.00e+00	0.00e+00	1.54e-17	3.27e-17	6.17e-70
 1.37231e+14	2.55e-23	6.21e-17	1.93e-11	1.19e-06	2.20e-01	7.62e-01	1.84e-02	0.00e+00	0.00e+00	0.00e+00	2.06e-17	4.15e-17	1.32e-69
 1.42333e+14	3.55e-23	8.14e-17	2.39e-11	1.37e-06	2.34e-01	7.50e-01	1.67e-02	0.00e+00	0.00e+00	0.00e+00	2.70e-17	5.44e-17	2.91e-69
 1.47105e+14	4.82e-23	1.04e-16	2.88e-11	1.54e-06	2.47e-01	7.38e-01	1.54e-02	0.00e+00	0.00e+00	0.00e+00	3.45e-17	6.96e-17	6.07e-69
 1.52282e+14	6.63e-23	1.35e-16	3.50e-11	1.75e-06	2.60e-01	7.25e-01	1.41e-02	0.00e+00	0.00e+00	0.00e+00	4.47e-17	9.01e-17	1.32e-68
 1.58088e+14	9.28e-23	1.77e-16	4.33e-11	2.02e-06	2.77e-01	7.11e-01	1.27e-02	0.00e+00	0.00e+00	0.00e+00	5.87e-17	1.18e-16	2.94e-68
 1.63555e+14	1.27e-22	2.27e-16	5.23e-11	2.28e-06	2.91e-01	6.97e-01	1.16e-02	0.00e+00	0.00e+00	0.00e+00	7.52e-17	1.52e-16	6.25e-68
 1.69481e+14	1.75e-22	2.95e-16	6.37e-11	2.59e-06	3.07e-01	6.83e-01	1.06e-02	0.00e+00	0.00e+00	0.00e+00	9.78e-17	1.97e-16	1.38e-67
 1.76143e+14	2.46e-22	3.89e-16	7.89e-11	2.97e-06	3.25e-01	6.66e-01	9.49e-03	0.00e+00	0.00e+00	0.00e+00	1.29e-16	2.60e-16	3.15e-67
 1.81923e+14	3.28e-22	4.91e-16	9.42e-11	3.33e-06	3.40e-01	6.51e-01	8.69e-03	0.00e+00	0.00e+00	0.00e+00	1.62e-16	3.28e-16	6.41e-67
 1.86305e+14	4.05e-22	5.81e-16	1.07e-10	3.61e-06	3.51e-01	6.40e-01	8.13e-03	0.00e+00	0.00e+00	0.00e+00	1.93e-16	3.89e-16	1.07e-66
 1.90736e+14	4.99e-22	6.87e-16	1.22e-10	3.92e-06	3.63e-01	6.30e-01	7.60e-03	0.00e+00	0.00e+00	0.00e+00	2.28e-16	4.60e-16	1.79e-66
 1.96497e+14	6.52e-22	8.52e-16	1.43e-10	4.33e-06	3.77e-01	6.16e-01	7.00e-03	0.00e+00	0.00e+00	0.00e+00	2.82e-16	5.70e-16	3.50e-66
 2.02668e+14	8.51e-22	1.06e-15	1.69e-10	4.81e-06	3.93e-01	6.01e-01	6.40e-03	0.00e+00	0.00e+00	0.00e+00	3.50e-16	7.07e-16	6.72e-66
 2.08077e+14	1.07e-21	1.27e-15	1.94e-10	5.25e-06	4.06e-01	5.88e-01	5.93e-03	0.00e+00	0.00e+00	0.00e+00	4.21e-16	8.51e-16	1.20e-65
 2.13811e+14	1.37e-21	1.54e-15	2.23e-10	5.73e-06	4.19e-01	5.75e-01	5.49e-03	0.00e+00	0.00e+00	0.00e+00	5.11e-16	1.03e-15	2.20e-65
 2.21265e+14	1.84e-21	1.96e-15	2.67e-10	6.41e-06	4.37e-01	5.58e-01	4.96e-03	0.00e+00	0.00e+00	0.00e+00	6.48e-16	1.31e-15	4.67e-65
 2.28905e+14	2.45e-21	2.47e-15	3.19e-10	7.16e-06	4.55e-01	5.41e-01	4.48e-03	0.00e+00	0.00e+00	0.00e+00	8.16e-16	1.65e-15	9.53e-65
 2.35175e+14	3.09e-21	2.97e-15	3.66e-10	7.79e-06	4.68e-01	5.27e-01	4.14e-03	0.00e+00	0.00e+00	0.00e+00	9.82e-16	1.99e-15	1.72e-64
 2.41713e+14	3.92e-21	3.58e-15	4.21e-10	8.48e-06	4.82e-01	5.14e-01	3.81e-03	0.00e+00	0.00e+00	0.00e+00	1.19e-15	2.40e-15	3.14e-64
 2.50213e+14	5.30e-21	4.55e-15	5.01e-10	9.43e-06	5.00e-01	4.97e-01	3.43e-03	0.00e+00	0.00e+00	0.00e+00	1.51e-15	3.05e-15	6.80e-64
 2.59246e+14	7.10e-21	5.76e-15	5.99e-10	1.05e-05	5.18e-01	4.79e-01	3.08e-03	0.00e+00	0.00e+00	0.00e+00	1.90e-15	3.86e-15	1.43e-63
 2.67142e+14	9.19e-21	7.06e-15	6.95e-10	1.15e-05	5.33e-01	4.64e-01	2.81e-03	0.00e+00	0.00e+00	0.00e+00	2.33e-15	4.72e-15	2.78e-63
 2.75579e+14	1.20e-20	8.72e-15	8.10e-10	1.26e-05	5.49e-01	4.48e-01	2.55e-03	0.00e+00	0.00e+00	0.00e+00	2.88e-15	5.84e-15	5.56e-63
 2.85969e+14	1.64e-20	1.12e-14	9.71e-10	1.40e-05	5.68e-01	4.30e-01	2.27e-03	0.00e+00	0.00e+00	0.00e+00	3.69e-15	7.48e-15	1.25e-62
 2.96622e+14	2.21e-20	1.42e-14	1.16e-09	1.56e-05	5.86e-01	4.12e-01	2.02e-03	0.00e+00	0.00e+00	0.00e+00	4.68e-15	9.49e-15	2.70e-62
 3.06209e+14	2.89e-20	1.75e-14	1.35e-09	1.70e-05	6.01e-01	3.97e-01	1.83e-03	0.00e+00	0.00e+00	0.00e+00	5.77e-15	1.17e-14	5.44e-62
 3.16688e+14	3.83e-20	2.19e-14	1.59e-09	1.87e-05	6.17e-01	3.81e-01	1.64e-03	0.00e+00	0.00e+00	0.00e+00	7.22e-15	1.47e-14	1.15e-61
 3.29078e+14	5.27e-20	2.81e-14	1.90e-09	2.08e-05	6.35e-01	3.63e-01	1.45e-03	0.00e+00	0.00e+00	0.00e+00	9.26e-15	1.88e-14	2.65e-61
 3.41405e+14	7.12e-20	3.56e-14	2.26e-09	2.29e-05	6.52e-01	3.47e-01	1.28e-03	0.00e+00	0.00e+00	0.00e+00	1.17e-14	2.39e-14	5.88e-61
 3.52913e+14	9.32e-20	4.40e-14	2.64e-09	2.50e-05	6.67e-01	3.32e-01	1.15e-03	0.00e+00	0.00e+00	0.00e+00	1.45e-14	2.95e-14	1.20e-60
 3.65749e+14	1.25e-19	5.53e-14	3.12e-09	2.75e-05	6.83e-01	3.16e-01	1.02e-03	0.00e+00	0.00e+00	0.00e+00	1.82e-14	3.71e-14	2.60e-60
 3.78061e+14	1.62e-19	6.82e-14	3.63e-09	3.00e-05	6.97e-01	3.02e-01	9.14e-04	0.00e+00	0.00e+00	0.00e+00	2.25e-14	4.58e-14	5.29e-60
 3.87207e+14	1.96e-19	7.90e-14	4.06e-09	3.19e-05	7.07e-01	2.92e-01	8.43e-04	0.00e+00	0.00e+00	0.00e+00	2.60e-14	5.30e-14	8.68e-60
 3.96452e+14	2.38e-19	9.20e-14	4.51e-09	3.38e-05	7.16e-01	2.83e-01	7.79e-04	0.00e+00	0.00e+00	0.00e+00	3.03e-14	6.17e-14	1.47e-59
 4.08470e+14	3.00e-19	1.10e-13	5.17e-09	3.65e-05	7.28e-01	2.71e-01	7.02e-04	0.00e+00	0.00e+00	0.00e+00	3.63e-14	7.41e-14	2.74e-59
 4.21464e+14	3.87e-19	1.35e-13	5.95e-09	3.95e-05	7.41e-01	2.59e-01	6.31e-04	0.00e+00	0.00e+00	0.00e+00	4.43e-14	9.04e-14	5.43e-59
 4.33135e+14	4.80e-19	1.60e-13	6.72e-09	4.23e-05	7.51e-01	2.49e-01	5.74e-04	0.00e+00	0.00e+00	0.00e+00	5.25e-14	1.07e-13	9.80e-59
 4.45719e+14	6.01e-19	1.91e-13	7.64e-09	4.54e-05	7.61e-01	2.38e-01	5.19e-04	0.00e+00	0.00e+00	0.00e+00	6.27e-14	1.28e-13	1.81e-58
 4.61903e+14	7.96e-19	2.38e-13	8.95e-09	4.95e-05	7.74e-01	2.25e-01	4.58e-04	0.00e+00	0.00e+00	0.00e+00	7.81e-14	1.60e-13	3.88e-58
 4.78302e+14	1.04e-18	2.93e-13	1.05e-08	5.39e-05	7.86e-01	2.13e-01	4.04e-04	0.00e+00	0.00e+00	0.00e+00	9.61e-14	1.97e-13	7.92e-58
 4.91739e+14	1.29e-18	3.48e-13	1.18e-08	5.76e-05	7.95e-01	2.04e-01	3.67e-04	0.00e+00	0.00e+00	0.00e+00	1.14e-13	2.34e-13	1.46e-57
 5.05793e+14	1.59e-18	4.11e-13	1.34e-08	6.17e-05	8.04e-01	1.95e-01	3.31e-04	0.00e+00	0.00e+00	0.00e+00	1.35e-13	2.76e-13	2.58e-57
 5.24027e+14	2.11e-18	5.11e-13	1.56e-08	6.71e-05	8.15e-01	1.84e-01	2.91e-04	0.00e+00	0.00e+00	0.00e+00	1.67e-13	3.43e-13	5.54e-57
 5.43478e+14	2.78e-18	6.37e-13	1.83e-08	7.31e-05	8.26e-01	1.74e-01	2.55e-04	0.00e+00	0.00e+00	0.00e+00	2.09e-13	4.28e-13	1.20e-56
 5.60509e+14	3.49e-18	7.62e-13	2.09e-08	7.86e-05	8.35e-01	1.65e-01	2.27e-04	0.00e+00	0.00e+00	0.00e+00	2.49e-13	5.12e-13	2.23e-56
 5.78608e+14	4.46e-18	9.25e-13	2.39e-08	8.46e-05	8.43e-01	1.56e-01	2.02e-04	0.00e+00	0.00e+00	0.00e+00	3.03e-13	6.22e-13	4.42e-56
 6.00630e+14	5.87e-18	1.15e-12	2.82e-08	9.23e-05	8.53e-01	1.46e-01	1.75e-04	0.00e+00	0.00e+00	0.00e+00	3.75e-13	7.72e-13	9.40e-56
 6.22487e+14	7.68e-18	1.42e-12	3.28e-08	1.00e-04	8.62e-01	1.38e-01	1.53e-04	0.00e+00	0.00e+00	0.00e+00	4.64e-13	9.55e-13	1.98e-55
 6.41575e+14	9.60e-18	1.69e-12	3.74e-08	1.07e-04	8.69e-01	1.30e-01	1.37e-04	0.00e+00	0.00e+00	0.00e+00	5.53e-13	1.14e-12	3.69e-55
 6.62328e+14	1.22e-17	2.05e-12	4.28e-08	1.16e-04	8.76e-01	1.23e-01	1.21e-04	0.00e+00	0.00e+00	0.00e+00	6.69e-13	1.38e-12	7.23e-55
 6.87554e+14	1.61e-17	2.55e-12	5.02e-08	1.26e-04	8.85e-01	1.15e-01	1.05e-04	0.00e+00	0.00e+00	0.00e+00	8.31e-13	1.71e-12	1.56e-54
 7.12778e+14	2.08e-17	3.14e-12	5.85e-08	1.37e-04	8.92e-01	1.08e-01	9.12e-05	0.00e+00	0.00e+00	0.00e+00	1.02e-12	2.11e-12	3.25e-54
 7.35289e+14	2.61e-17	3.74e-12	6.68e-08	1.47e-04	8.98e-01	1.02e-01	8.07e-05	0.00e+00	0.00e+00	0.00e+00	1.22e-12	2.52e-12	6.05e-54
 7.60089e+14	3.33e-17	4.54e-12	7.68e-08	1.58e-04	9.04e-01	9.58e-02	7.10e-05	0.00e+00	0.00e+00	0.00e+00	1.48e-12	3.06e-12	1.21e-53
 7.89603e+14	4.38e-17	5.64e-12	9.03e-08	1.72e-04	9.11e-01	8.91e-02	6.09e-05	0.00e+00	0.00e+00	0.00e+00	1.84e-12	3.80e-12	2.59e-53
 8.18620e+14	5.67e-17	6.95e-12	1.05e-07	1.87e-04	9.17e-01	8.32e-02	5.28e-05	4.65e-18	1.40e-17	2.33e-17	2.26e-12	4.69e-12	5.43e-53
 8.43676e+14	7.06e-17	8.24e-12	1.19e-07	2.00e-04	9.21e-01	7.85e-02	4.68e-05	5.79e-18	1.74e-17	2.91e-17	2.68e-12	5.56e-12	9.94e-53
 8.66462e+14	8.57e-17	9.62e-12	1.34e-07	2.12e-04	9.25e-01	7.46e-02	4.20e-05	7.03e-18	2.11e-17	3.53e-17	3.13e-12	6.49e-12	1.73e-52
 8.88556e+14	1.02e-16	1.11e-11	1.48e-07	2.24e-04	9.29e-01	7.10e-02	3.80e-05	8.37e-18	2.51e-17	4.20e-17	3.60e-12	7.48e-12	2.85e-52
 9.13499e+14	1.25e-16	1.30e-11	1.67e-07	2.39e-04	9.32e-01	6.72e-02	3.39e-05	1.02e-17	3.07e-17	5.14e-17	4.22e-12	8.75e-12	4.99e-52
 9.40816e+14	1.53e-16	1.53e-11	1.89e-07	2.55e-04	9.36e-01	6.35e-02	3.01e-05	1.25e-17	3.76e-17	6.29e-17	4.98e-12	1.03e-11	9.00e-52
 9.65734e+14	1.85e-16	1.78e-11	2.11e-07	2.70e-04	9.39e-01	6.02e-02	2.70e-05	1.52e-17	4.57e-17	7.63e-17	5.78e-12	1.20e-11	1.53e-51
 9.92642e+14	2.23e-16	2.07e-11	2.36e-07	2.87e-04	9.43e-01	5.71e-02	2.42e-05	1.83e-17	5.51e-17	9.21e-17	6.73e-12	1.40e-11	2.66e-51
 1.02289e+15	2.79e-16	2.46e-11	2.68e-07	3.07e-04	9.46e-01	5.37e-02	2.14e-05	2.29e-17	6.87e-17	1.15e-16	8.00e-12	1.66e-11	4.92e-51
 1.05137e+15	3.34e-16	2.86e-11	3.00e-07	3.26e-04	9.49e-01	5.08e-02	1.91e-05	2.75e-17	8.26e-17	1.38e-16	9.30e-12	1.93e-11	8.44e-51
 1.08225e+15	4.14e-16	3.38e-11	3.39e-07	3.48e-04	9.52e-01	4.79e-02	1.69e-05	3.40e-17	1.02e-16	1.71e-16	1.10e-11	2.28e-11	1.53e-50
 1.11659e+15	5.10e-16	4.02e-11	3.86e-07	3.73e-04	9.55e-01	4.50e-02	1.49e-05	4.20e-17	1.26e-16	2.11e-16	1.30e-11	2.71e-11	2.84e-50
 1.14882e+15	6.29e-16	4.73e-11	4.35e-07	3.98e-04	9.57e-01	4.24e-02	1.32e-05	5.17e-17	1.55e-16	2.60e-16	1.54e-11	3.20e-11	5.09e-50
 1.18410e+15	7.78e-16	5.61e-11	4.93e-07	4.25e-04	9.60e-01	3.99e-02	1.16e-05	6.40e-17	1.92e-16	3.21e-16	1.82e-11	3.79e-11	9.41e-50
 1.22365e+15	9.78e-16	6.74e-11	5.65e-07	4.57e-04	9.62e-01	3.73e-02	1.01e-05	8.05e-17	2.42e-16	4.04e-16	2.19e-11	4.55e-11	1.82e-49
 1.26102e+15	1.21e-15	7.98e-11	6.40e-07	4.88e-04	9.64e-01	3.50e-02	8.93e-06	9.95e-17	2.99e-16	4.99e-16	2.59e-11	5.39e-11	3.35e-49
 1.30185e+15	1.51e-15	9.53e-11	7.31e-07	5.24e-04	9.67e-01	3.28e-02	7.80e-06	1.24e-16	3.73e-16	6.24e-16	3.09e-11	6.44e-11	6.36e-49
 1.34785e+15	1.89e-15	1.15e-10	8.43e-07	5.65e-04	9.69e-01	3.05e-02	6.74e-06	1.56e-16	4.68e-16	7.83e-16	3.73e-11	7.77e-11	1.25e-48
 1.39207e+15	2.41e-15	1.39e-10	9.65e-07	6.07e-04	9.71e-01	2.85e-02	5.87e-06	1.99e-16	5.98e-16	9.99e-16	4.50e-11	9.38e-11	2.47e-48
 1.44104e+15	3.01e-15	1.67e-10	1.11e-06	6.55e-04	9.73e-01	2.65e-02	5.07e-06	2.48e-16	7.45e-16	1.25e-15	5.42e-11	1.13e-10	4.80e-48
 1.49567e+15	3.95e-15	2.07e-10	1.30e-06	7.11e-04	9.75e-01	2.45e-02	4.32e-06	3.26e-16	9.80e-16	1.64e-15	6.71e-11	1.40e-10	1.05e-47
 1.54623e+15	4.98e-15	2.49e-10	1.49e-06	7.65e-04	9.76e-01	2.28e-02	3.75e-06	4.11e-16	1.24e-15	2.07e-15	8.08e-11	1.68e-10	2.05e-47
 1.60053e+15	6.36e-15	3.03e-10	1.72e-06	8.26e-04	9.78e-01	2.12e-02	3.23e-06	5.25e-16	1.58e-15	2.64e-15	9.81e-11	2.04e-10	4.14e-47
 1.66386e+15	8.30e-15	3.76e-10	2.02e-06	9.00e-04	9.80e-01	1.95e-02	2.73e-06	6.87e-16	2.06e-15	3.45e-15	1.22e-10	2.54e-10	9.03e-47
 1.71623e+15	1.02e-14	4.45e-10	2.29e-06	9.63e-04	9.81e-01	1.82e-02	2.39e-06	8.42e-16	2.53e-15	4.23e-15	1.44e-10	3.01e-10	1.67e-46
 1.75139e+15	1.18e-14	4.99e-10	2.49e-06	1.01e-03	9.82e-01	1.75e-02	2.19e-06	9.73e-16	2.92e-15	4.88e-15	1.62e-10	3.37e-10	2.53e-46
 1.78687e+15	1.35e-14	5.58e-10	2.71e-06	1.05e-03	9.82e-01	1.67e-02	2.00e-06	1.12e-15	3.35e-15	5.60e-15	1.81e-10	3.77e-10	3.78e-46
 1.83298e+15	1.60e-14	6.43e-10	3.01e-06	1.11e-03	9.83e-01	1.58e-02	1.79e-06	1.33e-15	3.99e-15	6.67e-15	2.08e-10	4.34e-10	6.30e-46
 1.89294e+15	1.98e-14	7.66e-10	3.44e-06	1.20e-03	9.84e-01	1.47e-02	1.56e-06	1.64e-15	4.93e-15	8.25e-15	2.49e-10	5.18e-10	1.19e-45
 1.95353e+15	2.45e-14	9.12e-10	3.92e-06	1.28e-03	9.85e-01	1.37e-02	1.35e-06	2.03e-15	6.11e-15	1.02e-14	2.96e-10	6.16e-10	2.23e-45
 2.00173e+15	2.89e-14	1.04e-09	4.33e-06	1.36e-03	9.86e-01	1.30e-02	1.22e-06	2.40e-15	7.21e-15	1.20e-14	3.39e-10	7.05e-10	3.63e-45
 2.05115e+15	3.36e-14	1.19e-09	4.79e-06	1.43e-03	9.86e-01	1.23e-02	1.09e-06	2.79e-15	8.37e-15	1.40e-14	3.85e-10	8.01e-10	5.74e-45
 2.11540e+15	4.21e-14	1.42e-09	5.44e-06	1.54e-03	9.87e-01	1.15e-02	9.50e-07	3.50e-15	1.05e-14	1.76e-14	4.60e-10	9.58e-10	1.10e-44
 2.18324e+15	5.18e-14	1.68e-09	6.20e-06	1.65e-03	9.88e-01	1.07e-02	0.00e+00	4.31e-15	1.29e-14	2.16e-14	5.47e-10	1.14e-09	2.05e-44
 2.24156e+15	6.17e-14	1.95e-09	6.90e-06	1.75e-03	9.88e-01	1.01e-02	0.00e+00	5.14e-15	1.54e-14	2.58e-14	6.33e-10	1.32e-09	3.48e-44
 2.30322e+15	7.32e-14	2.25e-09	7.72e-06	1.86e-03	9.89e-01	9.51e-03	0.00e+00	6.10e-15	1.83e-14	3.06e-14	7.31e-10	1.52e-09	5.87e-44
 2.38338e+15	9.24e-14	2.72e-09	8.89e-06	2.01e-03	9.89e-01	8.80e-03	0.00e+00	7.71e-15	2.31e-14	3.87e-14	8.85e-10	1.84e-09	1.17e-43
 2.46646e+15	1.15e-13	3.28e-09	1.02e-05	2.18e-03	9.90e-01	8.13e-03	0.00e+00	9.60e-15	2.88e-14	4.82e-14	1.07e-09	2.21e-09	2.29e-43
 2.53612e+15	1.37e-13	3.81e-09	1.15e-05	2.32e-03	9.90e-01	7.63e-03	0.00e+00	1.15e-14	3.45e-14	5.76e-14	1.24e-09	2.57e-09	3.97e-43
 2.60947e+15	1.61e-13	4.39e-09	1.29e-05	2.47e-03	9.90e-01	7.15e-03	0.00e+00	1.35e-14	4.04e-14	6.75e-14	1.43e-09	2.96e-09	6.59e-43
 2.70396e+15	2.08e-13	5.40e-09	1.49e-05	2.68e-03	9.91e-01	6.58e-03	0.00e+00	1.74e-14	5.22e-14	8.73e-14	1.76e-09	3.64e-09	1.41e-42
 2.80380e+15	2.57e-13	6.52e-09	1.73e-05	2.92e-03	9.91e-01	6.05e-03	0.00e+00	2.15e-14	6.46e-14	1.08e-13	2.12e-09	4.40e-09	2.79e-42
 2.89112e+15	3.11e-13	7.70e-09	1.97e-05	3.13e-03	9.91e-01	5.63e-03	0.00e+00	2.61e-14	7.84e-14	1.31e-13	2.51e-09	5.19e-09	5.10e-42
 2.98430e+15	3.82e-13	9.17e-09	2.24e-05	3.37e-03	9.91e-01	5.22e-03	0.00e+00	3.21e-14	9.65e-14	1.61e-13	2.99e-09	6.18e-09	9.67e-42
 3.09771e+15	4.82e-13	1.12e-08	2.61e-05	3.68e-03	9.92e-01	4.78e-03	0.00e+00	4.06e-14	1.22e-13	2.03e-13	3.65e-09	7.55e-09	2.05e-41
 3.21134e+15	6.00e-13	1.36e-08	3.02e-05	4.00e-03	9.92e-01	4.39e-03	0.00e+00	5.06e-14	1.52e-13	2.54e-13	4.44e-09	9.16e-09	4.18e-41
 3.29817e+15	6.89e-13	1.55e-08	3.37e-05	4.25e-03	9.92e-01	4.13e-03	0.00e+00	5.81e-14	1.75e-13	2.92e-13	5.05e-09	1.04e-08	6.69e-41
 3.36333e+15	7.91e-13	1.74e-08	3.65e-05	4.44e-03	9.92e-01	3.94e-03	0.00e+00	6.68e-14	2.00e-13	3.35e-13	5.68e-09	1.17e-08	1.03e-40
 3.43512e+15	8.85e-13	1.93e-08	3.97e-05	4.67e-03	9.92e-01	3.74e-03	0.00e+00	7.48e-14	2.25e-13	3.75e-13	6.31e-09	1.30e-08	1.51e-40
 3.52845e+15	1.06e-12	2.25e-08	4.44e-05	4.97e-03	9.91e-01	3.51e-03	0.00e+00	8.97e-14	2.69e-13	4.50e-13	7.36e-09	1.52e-08	2.69e-40
 3.62970e+15	1.25e-12	2.62e-08	4.98e-05	5.32e-03	9.91e-01	3.27e-03	0.00e+00	1.06e-13	3.19e-13	5.33e-13	8.57e-09	1.76e-08	4.67e-40
 3.72022e+15	1.44e-12	2.98e-08	5.50e-05	5.63e-03	9.91e-01	3.09e-03	0.00e+00	1.22e-13	3.66e-13	6.11e-13	9.75e-09	2.01e-08	7.45e-40
 3.81687e+15	1.65e-12	3.38e-08	6.10e-05	5.97e-03	9.91e-01	2.91e-03	0.00e+00	1.40e-13	4.21e-13	7.03e-13	1.11e-08	2.28e-08	1.19e-39
 3.94251e+15	2.06e-12	4.10e-08	6.97e-05	6.44e-03	9.91e-01	2.68e-03	0.00e+00	1.75e-13	5.26e-13	8.78e-13	1.34e-08	2.76e-08	2.45e-39
 4.06860e+15	2.45e-12	4.83e-08	7.91e-05	6.94e-03	9.90e-01	2.49e-03	0.00e+00	2.08e-13	6.26e-13	1.04e-12	1.58e-08	3.25e-08	4.64e-39
 4.16828e+15	2.81e-12	5.50e-08	8.73e-05	7.34e-03	9.90e-01	2.35e-03	0.00e+00	2.39e-13	7.18e-13	1.20e-12	1.80e-08	3.70e-08	7.61e-39
 4.27086e+15	3.19e-12	6.19e-08	9.63e-05	7.76e-03	9.90e-01	2.21e-03	0.00e+00	2.72e-13	8.16e-13	1.36e-12	2.03e-08	4.16e-08	1.19e-38
 4.40421e+15	3.88e-12	7.41e-08	1.09e-04	8.34e-03	9.89e-01	2.05e-03	0.00e+00	3.32e-13	9.95e-13	1.66e-12	2.43e-08	4.98e-08	2.42e-38
 4.54577e+15	4.62e-12	8.77e-08	1.24e-04	8.99e-03	9.89e-01	1.90e-03	0.00e+00	3.95e-13	1.19e-12	1.98e-12	2.88e-08	5.89e-08	4.65e-38
 4.66977e+15	5.32e-12	1.01e-07	1.38e-04	9.56e-03	9.89e-01	1.78e-03	0.00e+00	4.56e-13	1.37e-12	2.28e-12	3.31e-08	6.78e-08	7.88e-38
 4.80275e+15	6.28e-12	1.18e-07	1.55e-04	1.02e-02	9.88e-01	1.66e-03	0.00e+00	5.39e-13	1.62e-12	2.70e-12	3.87e-08	7.91e-08	1.44e-37
 4.97548e+15	7.62e-12	1.42e-07	1.79e-04	1.11e-02	9.87e-01	1.52e-03	0.00e+00	6.54e-13	1.96e-12	3.28e-12	4.66e-08	9.51e-08	2.92e-37
 5.15541e+15	9.34e-12	1.73e-07	2.07e-04	1.20e-02	9.86e-01	1.39e-03	0.00e+00	8.04e-13	2.41e-12	4.03e-12	5.68e-08	1.16e-07	6.19e-37
 5.30819e+15	1.09e-11	2.00e-07	2.33e-04	1.29e-02	9.86e-01	1.30e-03	0.00e+00	9.39e-13	2.82e-12	4.71e-12	6.56e-08	1.34e-07	1.05e-36
 5.47019e+15	1.31e-11	2.39e-07	2.63e-04	1.38e-02	9.85e-01	1.20e-03	0.00e+00	1.13e-12	3.39e-12	5.66e-12	7.87e-08	1.60e-07	2.12e-36
 5.67300e+15	1.61e-11	2.92e-07	3.05e-04	1.50e-02	9.84e-01	1.10e-03	0.00e+00	1.39e-12	4.18e-12	6.98e-12	9.62e-08	1.96e-07	4.54e-36
 5.85653e+15	1.90e-11	3.47e-07	3.47e-04	1.62e-02	9.82e-01	1.01e-03	0.00e+00	1.64e-12	4.93e-12	8.22e-12	1.14e-07	2.33e-07	8.65e-36
 5.97957e+15	2.12e-11	3.89e-07	3.78e-04	1.70e-02	9.82e-01	9.63e-04	0.00e+00	1.84e-12	5.51e-12	9.19e-12	1.28e-07	2.61e-07	1.31e-35
 6.09634e+15	2.37e-11	4.34e-07	4.09e-04	1.78e-02	9.81e-01	9.18e-04	0.00e+00	2.05e-12	6.16e-12	1.03e-11	1.43e-07	2.91e-07	1.95e-35
 6.24813e+15	2.72e-11	4.90e-07	4.52e-04	1.88e-02	9.80e-01	8.64e-04	0.00e+00	2.36e-12	7.07e-12	1.18e-11	1.61e-07	3.28e-07	3.02e-35
 6.41969e+15	3.17e-11	5.77e-07	5.06e-04	2.00e-02	9.79e-01	8.05e-04	0.00e+00	2.75e-12	8.26e-12	1.38e-11	1.90e-07	3.87e-07	5.61e-35
 6.58036e+15	3.61e-11	6.59e-07	5.60e-04	2.12e-02	9.77e-01	7.57e-04	0.00e+00	3.14e-12	9.42e-12	1.57e-11	2.17e-07	4.42e-07	8.93e-35
 6.72993e+15	4.13e-11	7.41e-07	6.14e-04	2.23e-02	9.76e-01	7.16e-04	0.00e+00	3.59e-12	1.08e-11	1.80e-11	2.44e-07	4.96e-07	1.36e-34
 6.90164e+15	4.77e-11	8.50e-07	6.81e-04	2.37e-02	9.75e-01	6.72e-04	0.00e+00	4.16e-12	1.25e-11	2.08e-11	2.81e-07	5.70e-07	2.21e-34
 7.12487e+15	5.88e-11	1.04e-06	7.78e-04	2.55e-02	9.73e-01	6.18e-04	0.00e+00	5.13e-12	1.54e-11	2.57e-11	3.43e-07	6.96e-07	4.60e-34
 7.34757e+15	7.00e-11	1.21e-06	8.83e-04	2.73e-02	9.71e-01	5.73e-04	0.00e+00	6.11e-12	1.83e-11	3.06e-11	4.00e-07	8.12e-07	7.75e-34
 7.52123e+15	7.95e-11	1.38e-06	9.73e-04	2.89e-02	9.70e-01	5.39e-04	0.00e+00	6.95e-12	2.08e-11	3.48e-11	4.57e-07	9.27e-07	1.23e-33
 7.69862e+15	9.19e-11	1.61e-06	1.07e-03	3.05e-02	9.68e-01	5.06e-04	0.00e+00	8.03e-12	2.41e-11	4.02e-11	5.31e-07	1.08e-06	2.12e-33
 7.92924e+15	1.11e-10	1.88e-06	1.22e-03	3.26e-02	9.66e-01	4.70e-04	0.00e+00	9.71e-12	2.91e-11	4.86e-11	6.20e-07	1.26e-06	3.54e-33
 8.17543e+15	1.34e-10	2.28e-06	1.39e-03	3.51e-02	9.63e-01	4.33e-04	0.00e+00	1.17e-11	3.51e-11	5.86e-11	7.54e-07	1.53e-06	7.06e-33
 8.38852e+15	1.55e-10	2.64e-06	1.55e-03	3.73e-02	9.61e-01	4.05e-04	0.00e+00	1.36e-11	4.08e-11	6.81e-11	8.73e-07	1.77e-06	1.15e-32
 8.61221e+15	1.84e-10	3.07e-06	1.73e-03	3.96e-02	9.58e-01	3.78e-04	0.00e+00	1.61e-11	4.84e-11	8.08e-11	1.01e-06	2.05e-06	1.88e-32
 8.90301e+15	2.31e-10	3.77e-06	2.00e-03	4.29e-02	9.55e-01	3.45e-04	0.00e+00	2.03e-11	6.08e-11	1.02e-10	1.25e-06	2.52e-06	3.83e-32
 9.19349e+15	2.79e-10	4.51e-06	2.29e-03	4.62e-02	9.51e-01	3.18e-04	0.00e+00	2.46e-11	7.38e-11	1.23e-10	1.49e-06	3.02e-06	6.70e-32
 9.42885e+15	3.29e-10	5.24e-06	2.56e-03	4.90e-02	9.48e-01	2.97e-04	0.00e+00	2.90e-11	8.71e-11	1.45e-10	1.73e-06	3.51e-06	1.09e-31
 9.68008e+15	3.94e-10	6.15e-06	2.88e-03	5.22e-02	9.45e-01	2.77e-04	0.00e+00	3.47e-11	1.04e-10	1.74e-10	2.04e-06	4.11e-06	1.82e-31
 1.00067e+16	4.95e-10	7.58e-06	3.34e-03	5.66e-02	9.40e-01	2.52e-04	0.00e+00	4.37e-11	1.31e-10	2.19e-10	2.51e-06	5.07e-06	3.60e-31
 1.03308e+16	6.09e-10	9.13e-06	3.85e-03	6.10e-02	9.35e-01	2.32e-04	0.00e+00	5.39e-11	1.62e-10	2.70e-10	3.02e-06	6.11e-06	6.30e-31
 1.05840e+16	7.19e-10	1.07e-05	4.30e-03	6.47e-02	9.31e-01	2.16e-04	0.00e+00	6.36e-11	1.91e-10	3.19e-10	3.53e-06	7.13e-06	1.02e-30
