#depth	N	N+	N+2	N+3	N+4	N+5	N+6	N+7
 1.49634e+10	0.00e+00	0.00e+00	2.78e-30	1.02e-20	9.53e-12	3.53e-02	9.34e-01	3.11e-02
 4.54887e+10	0.00e+00	2.48e-40	3.83e-30	1.30e-20	1.12e-11	3.84e-02	9.33e-01	2.87e-02
 7.72350e+10	0.00e+00	0.00e+00	5.28e-30	1.65e-20	1.32e-11	4.18e-02	9.32e-01	2.65e-02
 1.10251e+11	0.00e+00	5.51e-40	7.27e-30	2.11e-20	1.55e-11	4.54e-02	9.30e-01	2.45e-02
 1.44588e+11	0.00e+00	0.00e+00	1.00e-29	2.68e-20	1.82e-11	4.93e-02	9.28e-01	2.26e-02
 1.80298e+11	0.00e+00	1.22e-39	1.38e-29	3.41e-20	2.14e-11	5.36e-02	9.26e-01	2.08e-02
 2.17437e+11	0.00e+00	0.00e+00	1.89e-29	4.33e-20	2.52e-11	5.82e-02	9.23e-01	1.91e-02
 2.51821e+11	0.00e+00	2.60e-39	2.52e-29	5.37e-20	2.91e-11	6.26e-02	9.20e-01	1.78e-02
 2.81677e+11	0.00e+00	0.00e+00	3.20e-29	6.43e-20	3.28e-11	6.65e-02	9.17e-01	1.67e-02
 3.14811e+11	0.00e+00	4.83e-39	4.14e-29	7.80e-20	3.73e-11	7.10e-02	9.13e-01	1.56e-02
 3.55173e+11	0.00e+00	0.00e+00	5.61e-29	9.80e-20	4.35e-11	7.67e-02	9.09e-01	1.44e-02
 3.96032e+11	0.00e+00	1.02e-38	7.53e-29	1.22e-19	5.04e-11	8.26e-02	9.04e-01	1.33e-02
 4.32306e+11	0.00e+00	0.00e+00	9.71e-29	1.48e-19	5.73e-11	8.80e-02	9.00e-01	1.24e-02
 4.71520e+11	0.00e+00	1.95e-38	1.27e-28	1.80e-19	6.54e-11	9.40e-02	8.94e-01	1.16e-02
 5.18522e+11	0.00e+00	0.00e+00	1.72e-28	2.27e-19	7.62e-11	1.01e-01	8.88e-01	1.06e-02
 5.65210e+11	0.00e+00	4.13e-38	2.31e-28	2.83e-19	8.82e-11	1.09e-01	8.81e-01	9.81e-03
 6.07515e+11	0.00e+00	0.00e+00	2.98e-28	3.43e-19	1.00e-10	1.16e-01	8.75e-01	9.13e-03
 6.54558e+11	0.00e+00	8.06e-38	3.94e-28	4.22e-19	1.15e-10	1.24e-01	8.67e-01	8.44e-03
 7.09735e+11	0.00e+00	0.00e+00	5.38e-28	5.34e-19	1.34e-10	1.34e-01	8.59e-01	7.72e-03
 7.63887e+11	0.00e+00	1.73e-37	7.24e-28	6.65e-19	1.55e-10	1.43e-01	8.49e-01	7.08e-03
 8.14086e+11	0.00e+00	0.00e+00	9.42e-28	8.11e-19	1.77e-10	1.53e-01	8.41e-01	6.55e-03
 8.70458e+11	0.00e+00	3.45e-37	1.26e-27	1.00e-18	2.03e-10	1.63e-01	8.31e-01	6.02e-03
 9.33192e+11	0.00e+00	0.00e+00	1.71e-27	1.26e-18	2.36e-10	1.75e-01	8.19e-01	5.48e-03
 9.92613e+11	0.00e+00	7.24e-37	2.27e-27	1.56e-18	2.71e-10	1.87e-01	8.08e-01	5.03e-03
 1.05642e+12	0.00e+00	0.00e+00	3.04e-27	1.94e-18	3.12e-10	1.99e-01	7.96e-01	4.60e-03
 1.12860e+12	0.00e+00	1.56e-36	4.18e-27	2.45e-18	3.63e-10	2.14e-01	7.82e-01	4.16e-03
 1.19941e+12	1.06e-46	2.28e-36	5.64e-27	3.06e-18	4.19e-10	2.28e-01	7.68e-01	3.78e-03
 1.27305e+12	0.00e+00	0.00e+00	7.62e-27	3.83e-18	4.84e-10	2.43e-01	7.53e-01	3.42e-03
 1.35390e+12	0.00e+00	4.97e-36	1.05e-26	4.84e-18	5.63e-10	2.60e-01	7.37e-01	3.08e-03
 1.43500e+12	4.34e-46	7.32e-36	1.42e-26	6.07e-18	6.51e-10	2.77e-01	7.21e-01	2.78e-03
 1.51935e+12	0.00e+00	0.00e+00	1.94e-26	7.61e-18	7.52e-10	2.94e-01	7.03e-01	2.50e-03
 1.61005e+12	0.00e+00	1.61e-35	2.66e-26	9.62e-18	8.72e-10	3.13e-01	6.85e-01	2.23e-03
 1.69320e+12	1.73e-45	2.30e-35	3.52e-26	1.18e-17	9.92e-10	3.30e-01	6.68e-01	2.02e-03
 1.76476e+12	0.00e+00	0.00e+00	4.44e-26	1.40e-17	1.10e-09	3.45e-01	6.53e-01	1.86e-03
 1.84446e+12	0.00e+00	4.25e-35	5.72e-26	1.69e-17	1.24e-09	3.61e-01	6.37e-01	1.69e-03
 1.94227e+12	5.78e-45	6.20e-35	7.70e-26	2.10e-17	1.42e-09	3.81e-01	6.17e-01	1.51e-03
 2.04380e+12	0.00e+00	0.00e+00	1.04e-25	2.61e-17	1.63e-09	4.02e-01	5.97e-01	1.35e-03
 2.13111e+12	0.00e+00	1.24e-34	1.33e-25	3.12e-17	1.82e-09	4.19e-01	5.80e-01	1.22e-03
 2.20718e+12	1.85e-44	1.61e-34	1.64e-25	3.63e-17	2.00e-09	4.34e-01	5.65e-01	1.12e-03
 2.29348e+12	0.00e+00	2.16e-34	2.06e-25	4.29e-17	2.21e-09	4.50e-01	5.49e-01	1.02e-03
 2.40407e+12	4.10e-44	3.10e-34	2.74e-25	5.28e-17	2.51e-09	4.71e-01	5.29e-01	9.09e-04
 2.51755e+12	0.00e+00	4.43e-34	3.62e-25	6.47e-17	2.84e-09	4.91e-01	5.08e-01	8.07e-04
 2.61323e+12	9.05e-44	5.94e-34	4.55e-25	7.63e-17	3.14e-09	5.08e-01	4.91e-01	7.31e-04
 2.71444e+12	0.00e+00	8.00e-34	5.75e-25	9.04e-17	3.47e-09	5.25e-01	4.74e-01	6.60e-04
 2.84204e+12	2.03e-43	1.15e-33	7.63e-25	1.11e-16	3.93e-09	5.46e-01	4.53e-01	5.81e-04
 2.97244e+12	0.00e+00	1.64e-33	1.01e-24	1.35e-16	4.42e-09	5.67e-01	4.33e-01	5.12e-04
 3.08491e+12	4.50e-43	2.20e-33	1.27e-24	1.60e-16	4.88e-09	5.84e-01	4.16e-01	4.60e-04
 3.20556e+12	0.00e+00	3.00e-33	1.62e-24	1.90e-16	5.40e-09	6.01e-01	3.98e-01	4.10e-04
 3.35419e+12	1.02e-42	4.31e-33	2.15e-24	2.33e-16	6.09e-09	6.22e-01	3.78e-01	3.58e-04
 3.50511e+12	0.00e+00	6.15e-33	2.83e-24	2.84e-16	6.84e-09	6.41e-01	3.58e-01	3.12e-04
 3.63997e+12	2.30e-42	8.34e-33	3.59e-24	3.36e-16	7.54e-09	6.58e-01	3.42e-01	2.77e-04
 3.78804e+12	0.00e+00	1.15e-32	4.62e-24	4.02e-16	8.37e-09	6.75e-01	3.24e-01	2.44e-04
 3.95270e+12	5.22e-42	1.63e-32	6.04e-24	4.87e-16	9.34e-09	6.93e-01	3.06e-01	2.12e-04
 4.11332e+12	0.00e+00	2.25e-32	7.77e-24	5.83e-16	1.04e-08	7.10e-01	2.90e-01	1.86e-04
 4.26998e+12	1.13e-41	3.05e-32	9.84e-24	6.89e-16	1.14e-08	7.25e-01	2.75e-01	1.64e-04
 4.44712e+12	0.00e+00	4.24e-32	1.27e-23	8.27e-16	1.26e-08	7.41e-01	2.59e-01	1.42e-04
 4.64283e+12	2.61e-41	6.03e-32	1.67e-23	1.00e-15	1.41e-08	7.57e-01	2.43e-01	1.22e-04
 4.81670e+12	0.00e+00	8.14e-32	2.11e-23	1.18e-15	1.55e-08	7.71e-01	2.29e-01	1.08e-04
 4.97178e+12	5.18e-41	1.05e-31	2.57e-23	1.36e-15	1.67e-08	7.82e-01	2.18e-01	9.61e-05
 5.14842e+12	0.00e+00	1.40e-31	3.22e-23	1.59e-15	1.83e-08	7.94e-01	2.06e-01	8.46e-05
 5.33836e+12	1.06e-40	1.88e-31	4.05e-23	1.87e-15	2.00e-08	8.06e-01	1.94e-01	7.40e-05
 5.50843e+12	0.00e+00	2.43e-31	4.92e-23	2.15e-15	2.16e-08	8.16e-01	1.84e-01	6.60e-05
 5.69235e+12	2.02e-40	3.18e-31	6.07e-23	2.50e-15	2.34e-08	8.26e-01	1.74e-01	5.83e-05
 5.92719e+12	0.00e+00	4.43e-31	7.84e-23	2.99e-15	2.58e-08	8.38e-01	1.62e-01	5.00e-05
 6.16648e+12	4.52e-40	6.11e-31	1.01e-22	3.57e-15	2.85e-08	8.48e-01	1.51e-01	4.29e-05
 6.36873e+12	0.00e+00	7.95e-31	1.24e-22	4.12e-15	3.08e-08	8.57e-01	1.43e-01	3.79e-05
 6.58460e+12	8.73e-40	1.04e-30	1.52e-22	4.77e-15	3.34e-08	8.65e-01	1.35e-01	3.33e-05
 6.85571e+12	0.00e+00	1.45e-30	1.97e-22	5.71e-15	3.68e-08	8.75e-01	1.25e-01	2.84e-05
 7.13903e+12	1.96e-39	2.02e-30	2.54e-22	6.84e-15	4.06e-08	8.84e-01	1.16e-01	2.42e-05
 7.39633e+12	0.00e+00	2.69e-30	3.18e-22	8.00e-15	4.42e-08	8.92e-01	1.08e-01	2.10e-05
 7.67944e+12	4.08e-39	3.65e-30	4.02e-22	9.45e-15	4.83e-08	8.99e-01	1.01e-01	1.80e-05
 8.01121e+12	0.00e+00	5.15e-30	5.25e-22	1.14e-14	5.35e-08	9.07e-01	9.28e-02	1.51e-05
 8.34285e+12	9.33e-39	7.15e-30	6.78e-22	1.36e-14	5.89e-08	9.14e-01	8.56e-02	1.28e-05
 8.66152e+12	0.00e+00	9.69e-30	8.59e-22	1.61e-14	6.44e-08	9.21e-01	7.95e-02	1.10e-05
 9.01168e+12	2.01e-38	1.33e-29	1.10e-21	1.92e-14	7.08e-08	9.27e-01	7.34e-02	9.30e-06
 9.37619e+12	0.00e+00	1.84e-29	1.41e-21	2.29e-14	7.78e-08	9.32e-01	6.76e-02	7.86e-06
 9.70700e+12	4.20e-38	2.43e-29	1.76e-21	2.67e-14	8.45e-08	9.37e-01	6.30e-02	6.79e-06
 1.00696e+13	0.00e+00	3.27e-29	2.21e-21	3.14e-14	9.22e-08	9.42e-01	5.84e-02	5.81e-06
 1.04950e+13	9.08e-38	4.56e-29	2.87e-21	3.78e-14	1.02e-07	9.46e-01	5.35e-02	4.86e-06
 1.09122e+13	0.00e+00	6.23e-29	3.66e-21	4.50e-14	1.12e-07	9.51e-01	4.93e-02	4.10e-06
 1.12937e+13	1.86e-37	8.20e-29	4.54e-21	5.24e-14	1.21e-07	9.54e-01	4.58e-02	3.53e-06
 1.16351e+13	0.00e+00	1.04e-28	5.46e-21	5.97e-14	1.30e-07	9.57e-01	4.30e-02	3.11e-06
 1.19952e+13	3.35e-37	1.33e-28	6.61e-21	6.84e-14	1.40e-07	9.60e-01	4.02e-02	2.72e-06
 1.23974e+13	0.00e+00	1.72e-28	8.12e-21	7.92e-14	1.51e-07	9.63e-01	3.75e-02	2.35e-06
 1.27768e+13	6.18e-37	2.19e-28	9.79e-21	9.06e-14	1.63e-07	9.65e-01	3.51e-02	2.05e-06
 1.31927e+13	0.00e+00	2.82e-28	1.19e-20	1.04e-13	1.75e-07	9.67e-01	3.27e-02	1.78e-06
 1.36559e+13	1.17e-36	3.70e-28	1.48e-20	1.22e-13	1.91e-07	9.70e-01	3.03e-02	1.53e-06
 1.40891e+13	0.00e+00	4.72e-28	1.79e-20	1.40e-13	2.05e-07	9.72e-01	2.83e-02	1.33e-06
 1.45606e+13	2.15e-36	6.11e-28	2.20e-20	1.62e-13	2.22e-07	9.74e-01	2.63e-02	1.15e-06
 1.50897e+13	0.00e+00	8.07e-28	2.74e-20	1.89e-13	2.42e-07	9.76e-01	2.43e-02	9.76e-07
 1.55905e+13	4.10e-36	1.04e-27	3.34e-20	2.19e-13	2.61e-07	9.77e-01	2.26e-02	0.00e+00
 1.61385e+13	0.00e+00	1.36e-27	4.13e-20	2.55e-13	2.83e-07	9.79e-01	2.09e-02	0.00e+00
 1.67543e+13	8.04e-36	1.81e-27	5.19e-20	3.00e-13	3.10e-07	9.81e-01	1.92e-02	0.00e+00
 1.73402e+13	0.00e+00	2.36e-27	6.39e-20	3.49e-13	3.36e-07	9.82e-01	1.78e-02	0.00e+00
 1.79837e+13	1.55e-35	3.11e-27	7.96e-20	4.09e-13	3.66e-07	9.84e-01	1.64e-02	0.00e+00
 1.87294e+13	0.00e+00	4.24e-27	1.02e-19	4.89e-13	4.03e-07	9.85e-01	1.50e-02	0.00e+00
 1.94435e+13	3.17e-35	5.63e-27	1.27e-19	5.75e-13	4.40e-07	9.86e-01	1.38e-02	0.00e+00
 2.00537e+13	0.00e+00	7.11e-27	1.53e-19	6.57e-13	4.72e-07	9.87e-01	1.29e-02	0.00e+00
 2.06930e+13	5.62e-35	9.01e-27	1.84e-19	7.51e-13	5.08e-07	9.88e-01	1.20e-02	0.00e+00
 2.14903e+13	0.00e+00	1.20e-26	2.31e-19	8.83e-13	5.54e-07	9.89e-01	1.10e-02	0.00e+00
 2.23069e+13	1.11e-34	1.58e-26	2.88e-19	1.04e-12	6.04e-07	9.90e-01	1.02e-02	0.00e+00
 2.30306e+13	0.00e+00	2.01e-26	3.48e-19	1.19e-12	6.49e-07	9.91e-01	9.47e-03	0.00e+00
 2.38199e+13	2.03e-34	2.59e-26	4.25e-19	1.37e-12	7.00e-07	9.91e-01	8.80e-03	0.00e+00
 2.46554e+13	2.78e-34	3.36e-26	5.20e-19	1.58e-12	7.57e-07	9.92e-01	8.16e-03	0.00e+00
 2.53784e+13	3.61e-34	4.17e-26	6.17e-19	1.78e-12	8.08e-07	9.92e-01	7.66e-03	0.00e+00
 2.61460e+13	4.75e-34	5.22e-26	7.34e-19	2.02e-12	8.62e-07	9.93e-01	7.19e-03	0.00e+00
 2.71264e+13	6.66e-34	6.88e-26	9.12e-19	2.36e-12	9.36e-07	9.93e-01	6.63e-03	0.00e+00
 2.81416e+13	9.32e-34	9.06e-26	1.13e-18	2.74e-12	1.02e-06	9.94e-01	6.11e-03	0.00e+00
 2.90216e+13	1.24e-33	1.14e-25	1.35e-18	3.12e-12	1.09e-06	9.94e-01	5.72e-03	0.00e+00
 2.99679e+13	1.67e-33	1.46e-25	1.63e-18	3.56e-12	1.16e-06	9.95e-01	5.34e-03	0.00e+00
 3.11278e+13	2.36e-33	1.94e-25	2.04e-18	4.16e-12	1.26e-06	9.95e-01	4.92e-03	0.00e+00
 3.23179e+13	3.34e-33	2.57e-25	2.54e-18	4.85e-12	1.37e-06	9.95e-01	4.55e-03	0.00e+00
 3.34098e+13	4.55e-33	3.30e-25	3.09e-18	5.56e-12	1.47e-06	9.96e-01	4.24e-03	0.00e+00
 3.46214e+13	6.35e-33	4.33e-25	3.81e-18	6.43e-12	1.59e-06	9.96e-01	3.94e-03	0.00e+00
 3.59400e+13	8.98e-33	5.74e-25	4.74e-18	7.49e-12	1.72e-06	9.96e-01	3.64e-03	0.00e+00
 3.71352e+13	1.22e-32	7.36e-25	5.74e-18	8.55e-12	1.84e-06	9.97e-01	3.40e-03	0.00e+00
 3.84267e+13	1.68e-32	9.55e-25	7.01e-18	9.82e-12	1.98e-06	9.97e-01	3.16e-03	0.00e+00
 3.99547e+13	2.42e-32	1.28e-24	8.81e-18	1.15e-11	2.15e-06	9.97e-01	2.92e-03	0.00e+00
 4.14518e+13	3.42e-32	1.70e-24	1.09e-17	1.34e-11	2.33e-06	9.97e-01	2.70e-03	0.00e+00
 4.28128e+13	4.64e-32	2.18e-24	1.32e-17	1.52e-11	2.49e-06	9.97e-01	2.53e-03	0.00e+00
 4.41090e+13	6.14e-32	2.73e-24	1.57e-17	1.72e-11	2.65e-06	9.98e-01	2.37e-03	0.00e+00
 4.53309e+13	7.95e-32	3.37e-24	1.85e-17	1.92e-11	2.81e-06	9.98e-01	2.24e-03	0.00e+00
 4.66825e+13	1.05e-31	4.22e-24	2.19e-17	2.16e-11	2.98e-06	9.98e-01	2.11e-03	0.00e+00
 4.81886e+13	1.41e-31	5.37e-24	2.64e-17	2.46e-11	3.19e-06	9.98e-01	1.98e-03	0.00e+00
 4.95958e+13	1.86e-31	6.70e-24	3.13e-17	2.76e-11	3.39e-06	9.98e-01	1.86e-03	0.00e+00
 5.11255e+13	2.48e-31	8.46e-24	3.74e-17	3.12e-11	3.61e-06	9.98e-01	1.75e-03	0.00e+00
 5.28355e+13	3.38e-31	1.09e-23	4.54e-17	3.57e-11	3.87e-06	9.98e-01	1.63e-03	0.00e+00
 5.44480e+13	4.51e-31	1.37e-23	5.42e-17	4.03e-11	4.12e-06	9.98e-01	1.53e-03	0.00e+00
 5.62121e+13	6.10e-31	1.75e-23	6.54e-17	4.58e-11	4.40e-06	9.99e-01	1.44e-03	0.00e+00
 5.81860e+13	8.45e-31	2.28e-23	8.01e-17	5.27e-11	4.73e-06	9.99e-01	1.34e-03	0.00e+00
 6.00525e+13	1.14e-30	2.91e-23	9.64e-17	5.98e-11	5.05e-06	9.99e-01	1.25e-03	0.00e+00
 6.20990e+13	1.57e-30	3.77e-23	1.17e-16	6.85e-11	5.41e-06	9.99e-01	1.17e-03	0.00e+00
 6.43698e+13	2.20e-30	4.96e-23	1.45e-16	7.92e-11	5.84e-06	9.99e-01	1.09e-03	0.00e+00
 6.64786e+13	3.00e-30	6.36e-23	1.75e-16	9.02e-11	6.24e-06	9.99e-01	1.02e-03	0.00e+00
 6.87661e+13	4.14e-30	8.25e-23	2.14e-16	1.03e-10	6.70e-06	9.99e-01	9.47e-04	0.00e+00
 7.13136e+13	5.83e-30	1.09e-22	2.65e-16	1.20e-10	7.23e-06	9.99e-01	8.78e-04	0.00e+00
 7.36946e+13	7.98e-30	1.40e-22	3.22e-16	1.37e-10	7.74e-06	9.99e-01	8.20e-04	0.00e+00
 7.62855e+13	1.11e-29	1.83e-22	3.94e-16	1.57e-10	8.31e-06	9.99e-01	7.64e-04	0.00e+00
 7.91717e+13	1.58e-29	2.44e-22	4.91e-16	1.83e-10	8.98e-06	9.99e-01	7.07e-04	0.00e+00
 8.18741e+13	2.18e-29	3.16e-22	5.98e-16	2.09e-10	9.63e-06	9.99e-01	6.60e-04	0.00e+00
 8.48197e+13	3.05e-29	4.15e-22	7.37e-16	2.41e-10	1.04e-05	9.99e-01	6.13e-04	0.00e+00
 8.81083e+13	4.38e-29	5.57e-22	9.22e-16	2.81e-10	1.12e-05	9.99e-01	5.67e-04	0.00e+00
 9.12044e+13	6.10e-29	7.27e-22	1.13e-15	3.23e-10	1.21e-05	9.99e-01	5.28e-04	0.00e+00
 9.45453e+13	8.61e-29	9.60e-22	1.40e-15	3.74e-10	1.30e-05	9.99e-01	4.90e-04	0.00e+00
 9.82776e+13	1.25e-28	1.29e-21	1.76e-15	4.37e-10	1.41e-05	1.00e+00	4.52e-04	0.00e+00
 1.01879e+14	1.76e-28	1.71e-21	2.17e-15	5.05e-10	1.52e-05	1.00e+00	4.20e-04	0.00e+00
 1.05704e+14	2.51e-28	2.28e-21	2.70e-15	5.86e-10	1.63e-05	1.00e+00	3.90e-04	0.00e+00
 1.09570e+14	3.55e-28	3.01e-21	3.34e-15	6.77e-10	1.76e-05	1.00e+00	3.62e-04	0.00e+00
 1.12939e+14	4.76e-28	3.81e-21	3.99e-15	7.64e-10	1.87e-05	1.00e+00	3.40e-04	0.00e+00
 1.15957e+14	6.13e-28	4.68e-21	4.67e-15	8.50e-10	1.98e-05	1.00e+00	3.22e-04	0.00e+00
 1.19241e+14	8.04e-28	5.82e-21	5.51e-15	9.50e-10	2.09e-05	1.00e+00	3.05e-04	0.00e+00
 1.23511e+14	1.13e-27	7.65e-21	6.78e-15	1.09e-09	2.25e-05	1.00e+00	2.83e-04	0.00e+00
 1.27830e+14	1.58e-27	1.00e-20	8.31e-15	1.26e-09	2.41e-05	1.00e+00	2.64e-04	0.00e+00
 1.31316e+14	2.05e-27	1.24e-20	9.76e-15	1.40e-09	2.55e-05	1.00e+00	2.50e-04	0.00e+00
 1.34948e+14	2.68e-27	1.53e-20	1.15e-14	1.56e-09	2.69e-05	1.00e+00	2.37e-04	0.00e+00
 1.39671e+14	3.75e-27	2.01e-20	1.41e-14	1.79e-09	2.89e-05	1.00e+00	2.21e-04	0.00e+00
 1.44674e+14	5.29e-27	2.65e-20	1.73e-14	2.06e-09	3.10e-05	1.00e+00	2.06e-04	0.00e+00
 1.49044e+14	7.09e-27	3.35e-20	2.07e-14	2.32e-09	3.29e-05	1.00e+00	1.94e-04	0.00e+00
 1.53728e+14	9.61e-27	4.27e-20	2.49e-14	2.63e-09	3.51e-05	1.00e+00	1.82e-04	0.00e+00
 1.59517e+14	1.38e-26	5.72e-20	3.10e-14	3.05e-09	3.78e-05	1.00e+00	1.69e-04	0.00e+00
 1.65401e+14	1.98e-26	7.62e-20	3.85e-14	3.52e-09	4.06e-05	1.00e+00	1.57e-04	0.00e+00
 1.70609e+14	2.69e-26	9.75e-20	4.63e-14	3.98e-09	4.32e-05	1.00e+00	1.48e-04	0.00e+00
 1.76282e+14	3.72e-26	1.26e-19	5.63e-14	4.54e-09	4.61e-05	1.00e+00	1.38e-04	0.00e+00
 1.83093e+14	5.41e-26	1.71e-19	7.06e-14	5.28e-09	4.98e-05	1.00e+00	1.28e-04	0.00e+00
 1.89870e+14	7.77e-26	2.28e-19	8.77e-14	6.10e-09	5.35e-05	1.00e+00	1.19e-04	0.00e+00
 1.96005e+14	1.07e-25	2.94e-19	1.06e-13	6.92e-09	5.70e-05	1.00e+00	1.12e-04	0.00e+00
 2.02820e+14	1.50e-25	3.86e-19	1.30e-13	7.93e-09	6.10e-05	1.00e+00	1.05e-04	0.00e+00
 2.10820e+14	2.20e-25	5.25e-19	1.64e-13	9.26e-09	6.59e-05	1.00e+00	9.67e-05	0.00e+00
 2.18724e+14	3.18e-25	7.05e-19	2.04e-13	1.07e-08	7.09e-05	1.00e+00	8.99e-05	0.00e+00
 2.26134e+14	4.44e-25	9.20e-19	2.50e-13	1.22e-08	7.58e-05	1.00e+00	8.41e-05	0.00e+00
 2.34401e+14	6.35e-25	1.23e-18	3.09e-13	1.41e-08	8.14e-05	1.00e+00	7.83e-05	0.00e+00
 2.43807e+14	9.41e-25	1.68e-18	3.92e-13	1.65e-08	8.80e-05	1.00e+00	7.24e-05	0.00e+00
 2.53178e+14	1.37e-24	2.27e-18	4.91e-13	1.92e-08	9.49e-05	1.00e+00	6.71e-05	0.00e+00
 2.60925e+14	1.85e-24	2.88e-18	5.88e-13	2.16e-08	1.01e-04	1.00e+00	6.32e-05	0.00e+00
 2.66963e+14	2.32e-24	3.46e-18	6.74e-13	2.37e-08	1.06e-04	1.00e+00	6.04e-05	0.00e+00
 2.73558e+14	2.96e-24	4.20e-18	7.80e-13	2.61e-08	1.11e-04	1.00e+00	5.75e-05	0.00e+00
 2.82132e+14	4.02e-24	5.37e-18	9.38e-13	2.96e-08	1.18e-04	1.00e+00	5.40e-05	0.00e+00
 2.91428e+14	5.55e-24	6.95e-18	1.14e-12	3.37e-08	1.26e-04	1.00e+00	5.06e-05	0.00e+00
 2.99796e+14	7.35e-24	8.70e-18	1.35e-12	3.77e-08	1.33e-04	1.00e+00	4.78e-05	0.00e+00
 3.08808e+14	9.84e-24	1.10e-17	1.61e-12	4.24e-08	1.41e-04	1.00e+00	4.51e-05	0.00e+00
 3.20194e+14	1.41e-23	1.47e-17	2.00e-12	4.91e-08	1.52e-04	1.00e+00	4.19e-05	0.00e+00
 3.31679e+14	1.99e-23	1.94e-17	2.47e-12	5.65e-08	1.63e-04	1.00e+00	3.90e-05	0.00e+00
 3.41387e+14	2.64e-23	2.43e-17	2.93e-12	6.35e-08	1.73e-04	1.00e+00	3.68e-05	0.00e+00
 3.51774e+14	3.55e-23	3.08e-17	3.50e-12	7.16e-08	1.84e-04	1.00e+00	3.46e-05	0.00e+00
 3.64813e+14	5.06e-23	4.10e-17	4.35e-12	8.29e-08	1.98e-04	1.00e+00	3.21e-05	0.00e+00
 3.78208e+14	7.20e-23	5.44e-17	5.39e-12	9.58e-08	2.14e-04	1.00e+00	2.98e-05	0.00e+00
 3.89908e+14	9.69e-23	6.92e-17	6.46e-12	1.08e-07	2.27e-04	1.00e+00	2.80e-05	0.00e+00
 4.02498e+14	1.32e-22	8.87e-17	7.80e-12	1.23e-07	2.43e-04	1.00e+00	2.62e-05	0.00e+00
 4.17821e+14	1.89e-22	1.19e-16	9.74e-12	1.43e-07	2.62e-04	1.00e+00	2.43e-05	0.00e+00
 4.33105e+14	2.68e-22	1.57e-16	1.21e-11	1.66e-07	2.82e-04	1.00e+00	2.25e-05	0.00e+00
 4.46597e+14	3.60e-22	2.00e-16	1.45e-11	1.87e-07	3.01e-04	1.00e+00	2.12e-05	0.00e+00
 4.61350e+14	4.92e-22	2.57e-16	1.75e-11	2.14e-07	3.22e-04	1.00e+00	1.98e-05	0.00e+00
 4.79097e+14	7.06e-22	3.44e-16	2.19e-11	2.49e-07	3.49e-04	1.00e+00	1.83e-05	0.00e+00
 4.96741e+14	9.99e-22	4.55e-16	2.72e-11	2.88e-07	3.76e-04	1.00e+00	1.70e-05	0.00e+00
 5.12612e+14	1.35e-21	5.81e-16	3.28e-11	3.27e-07	4.01e-04	1.00e+00	1.59e-05	0.00e+00
 5.30174e+14	1.86e-21	7.53e-16	4.00e-11	3.75e-07	4.31e-04	1.00e+00	1.48e-05	0.00e+00
 5.50916e+14	2.67e-21	1.01e-15	5.01e-11	4.39e-07	4.67e-04	1.00e+00	1.36e-05	0.00e+00
 5.71353e+14	3.79e-21	1.34e-15	6.22e-11	5.08e-07	5.04e-04	9.99e-01	1.26e-05	0.00e+00
 5.90192e+14	5.15e-21	1.72e-15	7.53e-11	5.80e-07	5.40e-04	9.99e-01	1.18e-05	0.00e+00
 6.08195e+14	6.84e-21	2.17e-15	8.99e-11	6.55e-07	5.75e-04	9.99e-01	1.11e-05	0.00e+00
 6.28399e+14	9.30e-21	2.78e-15	1.09e-10	7.48e-07	6.16e-04	9.99e-01	1.03e-05	0.00e+00
 6.50885e+14	1.30e-20	3.64e-15	1.34e-10	8.62e-07	6.64e-04	9.99e-01	9.60e-06	0.00e+00
 6.70073e+14	1.71e-20	4.56e-15	1.59e-10	9.70e-07	7.06e-04	9.99e-01	9.04e-06	0.00e+00
 6.85698e+14	2.12e-20	5.43e-15	1.82e-10	1.06e-06	7.41e-04	9.99e-01	8.60e-06	0.00e+00
 7.02954e+14	2.68e-20	6.57e-15	2.11e-10	1.18e-06	7.81e-04	9.99e-01	8.16e-06	0.00e+00
 7.25386e+14	3.60e-20	8.35e-15	2.54e-10	1.34e-06	8.35e-04	9.99e-01	7.64e-06	0.00e+00
 7.49215e+14	4.88e-20	1.07e-14	3.07e-10	1.53e-06	8.94e-04	9.99e-01	7.13e-06	0.00e+00
 7.70020e+14	6.33e-20	1.32e-14	3.61e-10	1.70e-06	9.47e-04	9.99e-01	6.73e-06	0.00e+00
 7.92227e+14	8.25e-20	1.64e-14	4.27e-10	1.91e-06	1.01e-03	9.99e-01	6.34e-06	0.00e+00
 8.20890e+14	1.15e-19	2.15e-14	5.27e-10	2.21e-06	1.08e-03	9.99e-01	5.88e-06	0.00e+00
 8.50282e+14	1.61e-19	2.81e-14	6.48e-10	2.55e-06	1.17e-03	9.99e-01	5.46e-06	0.00e+00
 8.74905e+14	2.11e-19	3.51e-14	7.67e-10	2.86e-06	1.24e-03	9.99e-01	5.14e-06	0.00e+00
 9.00992e+14	2.76e-19	4.38e-14	9.11e-10	3.22e-06	1.32e-03	9.99e-01	4.83e-06	0.00e+00
 9.34067e+14	3.87e-19	5.77e-14	1.13e-09	3.73e-06	1.43e-03	9.99e-01	4.47e-06	0.00e+00
 9.68764e+14	5.46e-19	7.62e-14	1.40e-09	4.32e-06	1.54e-03	9.98e-01	4.14e-06	0.00e+00
 9.99579e+14	7.32e-19	9.68e-14	1.68e-09	4.90e-06	1.64e-03	9.98e-01	3.87e-06	0.00e+00
 1.03281e+15	9.95e-19	1.24e-13	2.04e-09	5.59e-06	1.76e-03	9.98e-01	3.61e-06	0.00e+00
 1.07264e+15	1.42e-18	1.66e-13	2.54e-09	6.52e-06	1.91e-03	9.98e-01	3.33e-06	0.00e+00
 1.11208e+15	1.98e-18	2.18e-13	3.15e-09	7.55e-06	2.06e-03	9.98e-01	3.08e-06	0.00e+00
 1.14753e+15	2.66e-18	2.77e-13	3.79e-09	8.56e-06	2.20e-03	9.98e-01	2.89e-06	0.00e+00
 1.18677e+15	3.63e-18	3.57e-13	4.61e-09	9.82e-06	2.37e-03	9.98e-01	2.68e-06	0.00e+00
 1.23315e+15	5.17e-18	4.77e-13	5.78e-09	1.15e-05	2.57e-03	9.97e-01	2.47e-06	0.00e+00
 1.27920e+15	7.25e-18	6.29e-13	7.16e-09	1.33e-05	2.78e-03	9.97e-01	2.28e-06	0.00e+00
 1.32212e+15	9.83e-18	8.07e-13	8.69e-09	1.52e-05	2.98e-03	9.97e-01	2.13e-06	0.00e+00
 1.35940e+15	1.27e-17	9.93e-13	1.02e-08	1.70e-05	3.17e-03	9.97e-01	2.00e-06	0.00e+00
 1.39063e+15	1.56e-17	1.18e-12	1.17e-08	1.87e-05	3.33e-03	9.97e-01	1.91e-06	0.00e+00
 1.42517e+15	1.94e-17	1.41e-12	1.35e-08	2.06e-05	3.51e-03	9.96e-01	1.81e-06	0.00e+00
 1.47006e+15	2.58e-17	1.78e-12	1.62e-08	2.34e-05	3.76e-03	9.96e-01	1.69e-06	0.00e+00
 1.51685e+15	3.42e-17	2.25e-12	1.94e-08	2.66e-05	4.03e-03	9.96e-01	1.58e-06	0.00e+00
 1.55641e+15	4.29e-17	2.72e-12	2.26e-08	2.95e-05	4.26e-03	9.96e-01	1.49e-06	0.00e+00
 1.59816e+15	5.44e-17	3.31e-12	2.63e-08	3.29e-05	4.52e-03	9.95e-01	1.40e-06	0.00e+00
 1.65242e+15	7.31e-17	4.22e-12	3.20e-08	3.77e-05	4.86e-03	9.95e-01	1.30e-06	0.00e+00
 1.70858e+15	9.81e-17	5.39e-12	3.89e-08	4.32e-05	5.24e-03	9.95e-01	1.21e-06	0.00e+00
 1.75552e+15	1.24e-16	6.58e-12	4.55e-08	4.82e-05	5.57e-03	9.94e-01	1.14e-06	0.00e+00
 1.80483e+15	2.81e-16	8.03e-12	5.35e-08	5.40e-05	5.92e-03	9.94e-01	1.07e-06	0.00e+00
 1.86894e+15	2.63e-16	1.03e-11	6.55e-08	6.23e-05	6.41e-03	9.94e-01	9.87e-07	0.00e+00
 1.93617e+15	3.58e-16	1.33e-11	8.04e-08	7.20e-05	6.95e-03	9.93e-01	0.00e+00	0.00e+00
 1.99388e+15	4.60e-16	1.64e-11	9.53e-08	8.11e-05	7.43e-03	9.92e-01	0.00e+00	0.00e+00
 2.05532e+15	5.95e-16	2.04e-11	1.14e-07	9.19e-05	7.97e-03	9.92e-01	0.00e+00	0.00e+00
 2.13186e+15	8.13e-16	2.65e-11	1.41e-07	1.07e-04	8.66e-03	9.91e-01	0.00e+00	0.00e+00
 2.21082e+15	1.10e-15	3.42e-11	1.73e-07	1.24e-04	9.42e-03	9.90e-01	0.00e+00	0.00e+00
 2.28116e+15	1.43e-15	4.27e-11	2.08e-07	1.41e-04	1.01e-02	9.90e-01	0.00e+00	0.00e+00
 2.35750e+15	1.89e-15	5.41e-11	2.52e-07	1.61e-04	1.09e-02	9.89e-01	0.00e+00	0.00e+00
 2.44868e+15	2.57e-15	7.03e-11	3.14e-07	1.88e-04	1.19e-02	9.88e-01	0.00e+00	0.00e+00
 2.53884e+15	3.45e-15	9.06e-11	3.88e-07	2.18e-04	1.30e-02	9.87e-01	0.00e+00	0.00e+00
 2.62035e+15	4.49e-15	1.14e-10	4.67e-07	2.48e-04	1.40e-02	9.86e-01	0.00e+00	0.00e+00
 2.71093e+15	5.88e-15	1.44e-10	5.69e-07	2.85e-04	1.52e-02	9.85e-01	0.00e+00	0.00e+00
 2.79943e+15	7.60e-15	1.80e-10	6.86e-07	3.25e-04	1.64e-02	9.83e-01	0.00e+00	0.00e+00
 2.86534e+15	9.15e-15	2.11e-10	7.86e-07	3.57e-04	1.73e-02	9.82e-01	0.00e+00	0.00e+00
 2.93113e+15	1.10e-14	2.48e-10	8.98e-07	3.91e-04	1.82e-02	9.81e-01	0.00e+00	0.00e+00
 3.01666e+15	1.39e-14	3.04e-10	1.07e-06	4.41e-04	1.95e-02	9.80e-01	0.00e+00	0.00e+00
 3.10811e+15	1.76e-14	3.74e-10	1.27e-06	4.98e-04	2.09e-02	9.79e-01	0.00e+00	0.00e+00
 3.18851e+15	2.15e-14	4.47e-10	1.48e-06	5.52e-04	2.23e-02	9.77e-01	0.00e+00	0.00e+00
 3.27426e+15	2.66e-14	5.40e-10	1.73e-06	6.15e-04	2.37e-02	9.76e-01	0.00e+00	0.00e+00
 3.38574e+15	3.50e-14	6.86e-10	2.11e-06	7.06e-04	2.56e-02	9.74e-01	0.00e+00	0.00e+00
 3.49863e+15	4.54e-14	8.65e-10	2.57e-06	8.07e-04	2.77e-02	9.71e-01	0.00e+00	0.00e+00
 3.58973e+15	5.55e-14	1.04e-09	3.00e-06	8.96e-04	2.94e-02	9.70e-01	0.00e+00	0.00e+00
 3.68451e+15	6.86e-14	1.25e-09	3.50e-06	9.96e-04	3.13e-02	9.68e-01	0.00e+00	0.00e+00
 3.80774e+15	8.98e-14	1.58e-09	4.28e-06	1.14e-03	3.38e-02	9.65e-01	0.00e+00	0.00e+00
 3.93799e+15	1.18e-13	2.01e-09	5.24e-06	1.31e-03	3.66e-02	9.62e-01	0.00e+00	0.00e+00
 4.05160e+15	1.48e-13	2.47e-09	6.22e-06	1.47e-03	3.91e-02	9.59e-01	0.00e+00	0.00e+00
 4.17353e+15	1.88e-13	3.06e-09	7.45e-06	1.66e-03	4.19e-02	9.56e-01	0.00e+00	0.00e+00
 4.32732e+15	2.54e-13	3.98e-09	9.30e-06	1.92e-03	4.56e-02	9.52e-01	0.00e+00	0.00e+00
 4.48570e+15	3.38e-13	5.16e-09	1.16e-05	2.23e-03	4.96e-02	9.48e-01	0.00e+00	0.00e+00
 4.62439e+15	4.34e-13	6.43e-09	1.39e-05	2.52e-03	5.32e-02	9.44e-01	0.00e+00	0.00e+00
 4.77427e+15	5.67e-13	8.15e-09	1.70e-05	2.88e-03	5.73e-02	9.40e-01	0.00e+00	0.00e+00
 4.95618e+15	7.74e-13	1.07e-08	2.14e-05	3.35e-03	6.25e-02	9.34e-01	0.00e+00	0.00e+00
 5.13881e+15	1.04e-12	1.40e-08	2.67e-05	3.89e-03	6.78e-02	9.28e-01	0.00e+00	0.00e+00
 5.27968e+15	1.29e-12	1.70e-08	3.15e-05	4.34e-03	7.21e-02	9.24e-01	0.00e+00	0.00e+00
 5.38600e+15	1.52e-12	1.96e-08	3.56e-05	4.71e-03	7.55e-02	9.20e-01	0.00e+00	0.00e+00
 5.50302e+15	1.83e-12	2.31e-08	4.07e-05	5.14e-03	7.92e-02	9.16e-01	0.00e+00	0.00e+00
 5.65515e+15	2.32e-12	2.83e-08	4.83e-05	5.75e-03	8.42e-02	9.10e-01	0.00e+00	0.00e+00
 5.82077e+15	2.97e-12	3.52e-08	5.78e-05	6.47e-03	8.99e-02	9.04e-01	0.00e+00	0.00e+00
 5.96897e+15	3.67e-12	4.25e-08	6.75e-05	7.16e-03	9.50e-02	8.98e-01	0.00e+00	0.00e+00
 6.12668e+15	4.62e-12	5.19e-08	7.95e-05	7.98e-03	1.01e-01	8.91e-01	0.00e+00	0.00e+00
 6.33170e+15	6.19e-12	6.68e-08	9.78e-05	9.14e-03	1.08e-01	8.82e-01	0.00e+00	0.00e+00
 6.53794e+15	8.13e-12	8.50e-08	1.19e-04	1.04e-02	1.16e-01	8.73e-01	0.00e+00	0.00e+00
 6.70133e+15	1.00e-11	1.02e-07	1.39e-04	1.15e-02	1.23e-01	8.66e-01	0.00e+00	0.00e+00
 6.86930e+15	1.25e-11	1.24e-07	1.62e-04	1.27e-02	1.29e-01	8.58e-01	0.00e+00	0.00e+00
 7.08765e+15	1.66e-11	1.58e-07	1.98e-04	1.45e-02	1.38e-01	8.47e-01	0.00e+00	0.00e+00
 7.31823e+15	2.20e-11	2.01e-07	2.42e-04	1.65e-02	1.48e-01	8.35e-01	0.00e+00	0.00e+00
 7.51754e+15	2.78e-11	2.47e-07	2.85e-04	1.84e-02	1.57e-01	8.25e-01	0.00e+00	0.00e+00
 7.72947e+15	3.57e-11	3.07e-07	3.40e-04	2.06e-02	1.66e-01	8.13e-01	0.00e+00	0.00e+00
 8.00497e+15	4.92e-11	4.04e-07	4.25e-04	2.38e-02	1.78e-01	7.97e-01	0.00e+00	0.00e+00
 8.28193e+15	6.62e-11	5.22e-07	5.25e-04	2.72e-02	1.91e-01	7.81e-01	0.00e+00	0.00e+00
 8.50633e+15	8.36e-11	6.39e-07	6.19e-04	3.03e-02	2.01e-01	7.68e-01	0.00e+00	0.00e+00
 8.74361e+15	1.08e-10	7.94e-07	7.37e-04	3.38e-02	2.12e-01	7.53e-01	0.00e+00	0.00e+00
 9.05208e+15	1.48e-10	1.04e-06	9.18e-04	3.89e-02	2.27e-01	7.33e-01	0.00e+00	0.00e+00
 9.36500e+15	1.99e-10	1.35e-06	1.13e-03	4.45e-02	2.42e-01	7.13e-01	0.00e+00	0.00e+00
 9.59961e+15	2.46e-10	1.62e-06	1.32e-03	4.90e-02	2.53e-01	6.97e-01	0.00e+00	0.00e+00
 9.82052e+15	3.05e-10	1.94e-06	1.53e-03	5.37e-02	2.63e-01	6.82e-01	0.00e+00	0.00e+00
 1.00680e+16	3.81e-10	2.35e-06	1.78e-03	5.92e-02	2.74e-01	6.65e-01	0.00e+00	0.00e+00
 1.03067e+16	4.70e-10	2.82e-06	2.07e-03	6.49e-02	2.86e-01	6.47e-01	0.00e+00	0.00e+00
 1.05739e+16	5.99e-10	3.46e-06	2.43e-03	7.18e-02	2.98e-01	6.28e-01	0.00e+00	0.00e+00
 1.08542e+16	7.53e-10	4.21e-06	2.87e-03	7.94e-02	3.10e-01	6.07e-01	0.00e+00	0.00e+00
 1.11078e+16	9.30e-10	5.05e-06	3.32e-03	8.69e-02	3.22e-01	5.88e-01	0.00e+00	0.00e+00
 1.13937e+16	1.19e-09	6.21e-06	3.92e-03	9.60e-02	3.34e-01	5.66e-01	0.00e+00	0.00e+00
 1.16969e+16	1.50e-09	7.58e-06	4.61e-03	1.06e-01	3.46e-01	5.43e-01	0.00e+00	0.00e+00
 1.19767e+16	1.86e-09	9.13e-06	5.37e-03	1.16e-01	3.57e-01	5.22e-01	0.00e+00	0.00e+00
 1.22945e+16	2.42e-09	1.14e-05	6.39e-03	1.29e-01	3.69e-01	4.96e-01	0.00e+00	0.00e+00
 1.26286e+16	3.09e-09	1.40e-05	7.59e-03	1.42e-01	3.80e-01	4.70e-01	0.00e+00	0.00e+00
 1.29153e+16	3.80e-09	1.67e-05	8.77e-03	1.54e-01	3.89e-01	4.48e-01	0.00e+00	0.00e+00
 1.32194e+16	4.80e-09	2.03e-05	1.03e-02	1.69e-01	3.98e-01	4.24e-01	0.00e+00	0.00e+00
 1.35497e+16	6.10e-09	2.49e-05	1.21e-02	1.85e-01	4.06e-01	3.97e-01	0.00e+00	0.00e+00
 1.38456e+16	7.52e-09	2.98e-05	1.40e-02	2.00e-01	4.12e-01	3.75e-01	0.00e+00	0.00e+00
 1.41117e+16	9.10e-09	3.49e-05	1.59e-02	2.14e-01	4.16e-01	3.54e-01	0.00e+00	0.00e+00
 1.44074e+16	1.13e-08	4.20e-05	1.84e-02	2.31e-01	4.20e-01	3.31e-01	0.00e+00	0.00e+00
 1.47170e+16	1.42e-08	5.06e-05	2.14e-02	2.49e-01	4.22e-01	3.07e-01	0.00e+00	0.00e+00
 1.49762e+16	1.70e-08	5.90e-05	2.42e-02	2.65e-01	4.23e-01	2.88e-01	0.00e+00	0.00e+00
 1.52442e+16	2.08e-08	6.96e-05	2.76e-02	2.82e-01	4.22e-01	2.68e-01	0.00e+00	0.00e+00
 1.55369e+16	2.60e-08	8.35e-05	3.18e-02	3.02e-01	4.20e-01	2.46e-01	0.00e+00	0.00e+00
 1.57956e+16	3.13e-08	9.76e-05	3.59e-02	3.19e-01	4.17e-01	2.28e-01	0.00e+00	0.00e+00
 1.60212e+16	3.69e-08	1.12e-04	4.00e-02	3.34e-01	4.13e-01	2.13e-01	0.00e+00	0.00e+00
 1.62696e+16	4.57e-08	1.33e-04	4.55e-02	3.53e-01	4.07e-01	1.94e-01	0.00e+00	0.00e+00
 1.65296e+16	5.50e-08	1.54e-04	5.14e-02	3.71e-01	4.00e-01	1.78e-01	0.00e+00	0.00e+00
 1.67552e+16	6.58e-08	1.79e-04	5.75e-02	3.88e-01	3.92e-01	1.63e-01	0.00e+00	0.00e+00
 1.69630e+16	7.91e-08	2.07e-04	6.40e-02	4.03e-01	3.83e-01	1.49e-01	0.00e+00	0.00e+00
 1.71650e+16	9.28e-08	2.35e-04	7.08e-02	4.18e-01	3.74e-01	1.37e-01	0.00e+00	0.00e+00
 1.73954e+16	1.10e-07	2.71e-04	7.94e-02	4.35e-01	3.62e-01	1.23e-01	0.00e+00	0.00e+00
 1.76395e+16	1.35e-07	3.20e-04	8.99e-02	4.53e-01	3.48e-01	1.09e-01	0.00e+00	0.00e+00
 1.78425e+16	1.70e-07	3.80e-04	1.01e-01	4.68e-01	3.34e-01	9.70e-02	0.00e+00	0.00e+00
 1.80064e+16	1.99e-07	4.30e-04	1.10e-01	4.79e-01	3.23e-01	8.80e-02	0.00e+00	0.00e+00
 1.81785e+16	2.40e-07	4.98e-04	1.21e-01	4.91e-01	3.09e-01	7.84e-02	0.00e+00	0.00e+00
 1.83650e+16	2.74e-07	5.56e-04	1.33e-01	5.03e-01	2.94e-01	6.98e-02	0.00e+00	0.00e+00
 1.85390e+16	3.27e-07	6.38e-04	1.46e-01	5.13e-01	2.79e-01	6.15e-02	0.00e+00	0.00e+00
 1.86998e+16	4.15e-07	7.61e-04	1.62e-01	5.22e-01	2.62e-01	5.31e-02	0.00e+00	0.00e+00
 1.88304e+16	4.76e-07	8.46e-04	1.74e-01	5.28e-01	2.50e-01	4.76e-02	0.00e+00	0.00e+00
 1.89562e+16	5.28e-07	9.21e-04	1.86e-01	5.34e-01	2.37e-01	4.26e-02	0.00e+00	0.00e+00
 1.91198e+16	6.32e-07	1.06e-03	2.03e-01	5.40e-01	2.19e-01	3.62e-02	0.00e+00	0.00e+00
 1.92846e+16	7.70e-07	1.23e-03	2.23e-01	5.45e-01	2.00e-01	3.01e-02	0.00e+00	0.00e+00
 1.94094e+16	9.55e-07	1.44e-03	2.42e-01	5.46e-01	1.85e-01	2.54e-02	0.00e+00	0.00e+00
 1.95001e+16	1.08e-06	1.57e-03	2.55e-01	5.47e-01	1.74e-01	2.25e-02	0.00e+00	0.00e+00
 1.95709e+16	1.19e-06	1.69e-03	2.65e-01	5.47e-01	1.66e-01	2.03e-02	0.00e+00	0.00e+00
 1.96457e+16	1.29e-06	1.80e-03	2.76e-01	5.47e-01	1.57e-01	1.82e-02	0.00e+00	0.00e+00
 1.97428e+16	1.47e-06	1.98e-03	2.92e-01	5.46e-01	1.45e-01	1.56e-02	0.00e+00	0.00e+00
 1.98385e+16	1.69e-06	2.20e-03	3.08e-01	5.43e-01	1.33e-01	1.33e-02	0.00e+00	0.00e+00
 1.99079e+16	1.95e-06	2.43e-03	3.22e-01	5.40e-01	1.24e-01	1.15e-02	0.00e+00	0.00e+00
 1.99583e+16	2.07e-06	2.54e-03	3.30e-01	5.39e-01	1.18e-01	1.05e-02	0.00e+00	0.00e+00
 2.00085e+16	2.31e-06	2.75e-03	3.41e-01	5.36e-01	1.11e-01	9.35e-03	0.00e+00	0.00e+00
 2.00738e+16	2.54e-06	2.95e-03	3.53e-01	5.32e-01	1.04e-01	8.15e-03	0.00e+00	0.00e+00
 2.01475e+16	2.87e-06	3.22e-03	3.68e-01	5.28e-01	9.48e-02	6.90e-03	0.00e+00	0.00e+00
 2.02141e+16	3.12e-06	3.43e-03	3.80e-01	5.23e-01	8.75e-02	5.95e-03	0.00e+00	0.00e+00
 2.02828e+16	3.51e-06	3.73e-03	3.94e-01	5.18e-01	7.97e-02	4.98e-03	0.00e+00	0.00e+00
 2.03546e+16	3.97e-06	4.07e-03	4.08e-01	5.11e-01	7.20e-02	4.12e-03	0.00e+00	0.00e+00
 2.04143e+16	4.54e-06	4.47e-03	4.22e-01	5.04e-01	6.55e-02	3.43e-03	0.00e+00	0.00e+00
 2.04634e+16	4.94e-06	4.75e-03	4.32e-01	4.99e-01	6.07e-02	2.97e-03	0.00e+00	0.00e+00
 2.05146e+16	5.47e-06	5.11e-03	4.44e-01	4.93e-01	5.56e-02	2.52e-03	0.00e+00	0.00e+00
 2.05812e+16	6.20e-06	5.58e-03	4.58e-01	4.85e-01	4.95e-02	2.02e-03	0.00e+00	0.00e+00
 2.06521e+16	7.06e-06	6.12e-03	4.73e-01	4.75e-01	4.36e-02	1.59e-03	0.00e+00	0.00e+00
 2.07146e+16	7.89e-06	6.62e-03	4.86e-01	4.67e-01	3.88e-02	1.28e-03	0.00e+00	0.00e+00
 2.07815e+16	8.98e-06	7.26e-03	5.01e-01	4.57e-01	3.39e-02	9.97e-04	0.00e+00	0.00e+00
 2.08547e+16	1.03e-05	8.00e-03	5.16e-01	4.46e-01	2.93e-02	7.55e-04	0.00e+00	0.00e+00
 2.09224e+16	1.18e-05	8.76e-03	5.30e-01	4.36e-01	2.54e-02	5.79e-04	0.00e+00	0.00e+00
 2.09964e+16	1.36e-05	9.69e-03	5.45e-01	4.24e-01	2.15e-02	4.25e-04	0.00e+00	0.00e+00
 2.10788e+16	1.59e-05	1.08e-02	5.61e-01	4.10e-01	1.79e-02	3.02e-04	0.00e+00	0.00e+00
 2.11431e+16	1.79e-05	1.18e-02	5.73e-01	4.00e-01	1.56e-02	2.32e-04	0.00e+00	0.00e+00
 2.11867e+16	1.95e-05	1.24e-02	5.81e-01	3.92e-01	1.41e-02	1.93e-04	0.00e+00	0.00e+00
 2.12323e+16	2.13e-05	1.32e-02	5.89e-01	3.85e-01	1.26e-02	1.57e-04	0.00e+00	0.00e+00
 2.12915e+16	2.38e-05	1.43e-02	6.00e-01	3.74e-01	1.10e-02	1.21e-04	0.00e+00	0.00e+00
 2.13569e+16	2.70e-05	1.56e-02	6.12e-01	3.63e-01	9.41e-03	9.04e-05	0.00e+00	0.00e+00
 2.14179e+16	3.03e-05	1.69e-02	6.22e-01	3.53e-01	8.15e-03	6.91e-05	0.00e+00	0.00e+00
 2.14847e+16	3.44e-05	1.84e-02	6.34e-01	3.41e-01	6.93e-03	5.10e-05	0.00e+00	0.00e+00
 2.15578e+16	3.95e-05	2.03e-02	6.46e-01	3.28e-01	5.81e-03	3.68e-05	0.00e+00	0.00e+00
 2.16228e+16	4.48e-05	2.21e-02	6.56e-01	3.17e-01	4.98e-03	2.76e-05	0.00e+00	0.00e+00
 2.16806e+16	4.99e-05	2.38e-02	6.65e-01	3.07e-01	4.34e-03	2.14e-05	0.00e+00	0.00e+00
 2.17452e+16	5.67e-05	2.59e-02	6.75e-01	2.96e-01	3.69e-03	1.58e-05	0.00e+00	0.00e+00
 2.18159e+16	6.52e-05	2.85e-02	6.85e-01	2.83e-01	3.11e-03	1.15e-05	0.00e+00	0.00e+00
 2.18800e+16	7.39e-05	3.11e-02	6.94e-01	2.72e-01	2.66e-03	8.68e-06	0.00e+00	0.00e+00
 2.19387e+16	8.30e-05	3.36e-02	7.02e-01	2.62e-01	2.31e-03	6.67e-06	0.00e+00	0.00e+00
 2.20053e+16	9.48e-05	3.68e-02	7.11e-01	2.50e-01	1.95e-03	4.91e-06	0.00e+00	0.00e+00
 2.20769e+16	1.10e-04	4.07e-02	7.20e-01	2.37e-01	1.63e-03	3.55e-06	0.00e+00	0.00e+00
 2.21393e+16	1.25e-04	4.44e-02	7.28e-01	2.26e-01	1.40e-03	2.68e-06	0.00e+00	0.00e+00
 2.21948e+16	1.41e-04	4.80e-02	7.34e-01	2.17e-01	1.21e-03	2.09e-06	0.00e+00	0.00e+00
 2.22570e+16	1.61e-04	5.25e-02	7.41e-01	2.06e-01	1.03e-03	1.56e-06	0.00e+00	0.00e+00
 2.23249e+16	1.87e-04	5.81e-02	7.47e-01	1.94e-01	8.61e-04	1.14e-06	0.00e+00	0.00e+00
 2.23849e+16	2.14e-04	6.36e-02	7.52e-01	1.83e-01	7.35e-04	8.62e-07	0.00e+00	0.00e+00
 2.24381e+16	2.42e-04	6.91e-02	7.56e-01	1.74e-01	6.35e-04	0.00e+00	0.00e+00	0.00e+00
 2.24975e+16	2.78e-04	7.58e-02	7.60e-01	1.64e-01	5.37e-04	0.00e+00	0.00e+00	0.00e+00
 2.25624e+16	3.24e-04	8.40e-02	7.63e-01	1.52e-01	4.47e-04	0.00e+00	0.00e+00	0.00e+00
 2.26195e+16	3.74e-04	9.24e-02	7.64e-01	1.42e-01	3.78e-04	0.00e+00	0.00e+00	0.00e+00
 2.26680e+16	4.24e-04	1.00e-01	7.65e-01	1.34e-01	3.27e-04	0.00e+00	0.00e+00	0.00e+00
 2.27203e+16	4.83e-04	1.10e-01	7.64e-01	1.25e-01	2.77e-04	0.00e+00	0.00e+00	0.00e+00
 2.27786e+16	5.64e-04	1.21e-01	7.62e-01	1.15e-01	2.30e-04	0.00e+00	0.00e+00	0.00e+00
 2.28316e+16	6.52e-04	1.33e-01	7.59e-01	1.07e-01	1.93e-04	0.00e+00	0.00e+00	0.00e+00
 2.28777e+16	7.43e-04	1.45e-01	7.55e-01	9.90e-02	1.65e-04	0.00e+00	0.00e+00	0.00e+00
 2.29281e+16	8.57e-04	1.59e-01	7.49e-01	9.10e-02	1.38e-04	0.00e+00	0.00e+00	0.00e+00
 2.29843e+16	1.01e-03	1.77e-01	7.39e-01	8.21e-02	1.12e-04	0.00e+00	0.00e+00	0.00e+00
 2.30348e+16	1.18e-03	1.96e-01	7.29e-01	7.42e-02	9.15e-05	0.00e+00	0.00e+00	0.00e+00
 2.30778e+16	1.35e-03	2.14e-01	7.17e-01	6.77e-02	7.68e-05	0.00e+00	0.00e+00	0.00e+00
 2.31242e+16	1.56e-03	2.34e-01	7.03e-01	6.08e-02	6.28e-05	0.00e+00	0.00e+00	0.00e+00
 2.31847e+16	1.89e-03	2.64e-01	6.82e-01	5.24e-02	4.77e-05	0.00e+00	0.00e+00	0.00e+00
 2.32450e+16	2.34e-03	3.00e-01	6.53e-01	4.41e-02	3.54e-05	0.00e+00	0.00e+00	0.00e+00
 2.32904e+16	2.76e-03	3.31e-01	6.28e-01	3.82e-02	2.77e-05	0.00e+00	0.00e+00	0.00e+00
 2.33346e+16	3.21e-03	3.63e-01	6.01e-01	3.29e-02	2.16e-05	0.00e+00	0.00e+00	0.00e+00
 2.33921e+16	3.94e-03	4.09e-01	5.61e-01	2.65e-02	1.52e-05	0.00e+00	0.00e+00	0.00e+00
 2.34501e+16	4.93e-03	4.63e-01	5.11e-01	2.05e-02	1.02e-05	0.00e+00	0.00e+00	0.00e+00
 2.34933e+16	5.88e-03	5.09e-01	4.69e-01	1.64e-02	7.24e-06	0.00e+00	0.00e+00	0.00e+00
 2.35254e+16	6.72e-03	5.44e-01	4.35e-01	1.36e-02	5.51e-06	0.00e+00	0.00e+00	0.00e+00
 2.35587e+16	7.67e-03	5.81e-01	4.00e-01	1.11e-02	4.09e-06	0.00e+00	0.00e+00	0.00e+00
 2.36020e+16	9.11e-03	6.30e-01	3.52e-01	8.31e-03	2.68e-06	0.00e+00	0.00e+00	0.00e+00
 2.36447e+16	1.10e-02	6.82e-01	3.01e-01	5.93e-03	1.67e-06	0.00e+00	0.00e+00	0.00e+00
 2.36754e+16	1.25e-02	7.20e-01	2.63e-01	4.48e-03	1.13e-06	0.00e+00	0.00e+00	0.00e+00
 2.36984e+16	1.39e-02	7.47e-01	2.36e-01	3.58e-03	8.32e-07	0.00e+00	0.00e+00	0.00e+00
 2.37230e+16	1.54e-02	7.74e-01	2.08e-01	2.78e-03	0.00e+00	0.00e+00	0.00e+00	0.00e+00
 2.37551e+16	1.78e-02	8.06e-01	1.74e-01	1.95e-03	0.00e+00	0.00e+00	0.00e+00	0.00e+00
 2.37878e+16	2.07e-02	8.38e-01	1.40e-01	1.28e-03	0.00e+00	0.00e+00	0.00e+00	0.00e+00
 2.38126e+16	2.33e-02	8.60e-01	1.15e-01	8.95e-04	0.00e+00	0.00e+00	0.00e+00	0.00e+00
 2.38313e+16	2.55e-02	8.75e-01	9.90e-02	6.74e-04	0.00e+00	0.00e+00	0.00e+00	0.00e+00
 2.38511e+16	2.81e-02	8.88e-01	8.36e-02	4.91e-04	0.00e+00	0.00e+00	0.00e+00	0.00e+00
 2.38767e+16	3.18e-02	9.02e-01	6.63e-02	3.19e-04	0.00e+00	0.00e+00	0.00e+00	0.00e+00
 2.39030e+16	3.64e-02	9.13e-01	5.04e-02	1.94e-04	0.00e+00	0.00e+00	0.00e+00	0.00e+00
 2.39230e+16	4.05e-02	9.20e-01	3.99e-02	1.27e-04	0.00e+00	0.00e+00	0.00e+00	0.00e+00
 2.39381e+16	4.40e-02	9.23e-01	3.32e-02	9.18e-05	0.00e+00	0.00e+00	0.00e+00	0.00e+00
 2.39539e+16	4.79e-02	9.25e-01	2.73e-02	6.43e-05	0.00e+00	0.00e+00	0.00e+00	0.00e+00
 2.39744e+16	5.36e-02	9.25e-01	2.10e-02	3.98e-05	0.00e+00	0.00e+00	0.00e+00	0.00e+00
 2.39948e+16	6.03e-02	9.24e-01	1.56e-02	2.37e-05	0.00e+00	0.00e+00	0.00e+00	0.00e+00
 2.40096e+16	6.58e-02	9.22e-01	1.24e-02	1.57e-05	0.00e+00	0.00e+00	0.00e+00	0.00e+00
 2.40211e+16	7.03e-02	9.19e-01	1.03e-02	1.14e-05	0.00e+00	0.00e+00	0.00e+00	0.00e+00
 2.40325e+16	7.52e-02	9.16e-01	8.62e-03	8.23e-06	0.00e+00	0.00e+00	0.00e+00	0.00e+00
 2.40449e+16	8.10e-02	9.12e-01	7.01e-03	5.69e-06	0.00e+00	0.00e+00	0.00e+00	0.00e+00
 2.40574e+16	8.68e-02	9.08e-01	5.66e-03	3.89e-06	0.00e+00	0.00e+00	0.00e+00	0.00e+00
 2.40683e+16	9.28e-02	9.03e-01	4.65e-03	2.75e-06	0.00e+00	0.00e+00	0.00e+00	0.00e+00
 2.40777e+16	9.76e-02	8.98e-01	3.93e-03	2.04e-06	0.00e+00	0.00e+00	0.00e+00	0.00e+00
 2.40862e+16	1.03e-01	8.94e-01	3.35e-03	1.54e-06	0.00e+00	0.00e+00	0.00e+00	0.00e+00
 2.40928e+16	1.06e-01	8.91e-01	2.96e-03	1.24e-06	0.00e+00	0.00e+00	0.00e+00	0.00e+00
 2.40975e+16	1.09e-01	8.88e-01	2.71e-03	1.06e-06	0.00e+00	0.00e+00	0.00e+00	0.00e+00
 2.41019e+16	1.12e-01	8.85e-01	2.49e-03	9.13e-07	0.00e+00	0.00e+00	0.00e+00	0.00e+00
 2.41070e+16	1.16e-01	8.82e-01	2.26e-03	0.00e+00	0.00e+00	0.00e+00	0.00e+00	0.00e+00
 2.41125e+16	1.19e-01	8.79e-01	2.03e-03	0.00e+00	0.00e+00	0.00e+00	0.00e+00	0.00e+00
 2.41178e+16	1.23e-01	8.75e-01	1.82e-03	0.00e+00	0.00e+00	0.00e+00	0.00e+00	0.00e+00
 2.41228e+16	1.26e-01	8.72e-01	1.65e-03	0.00e+00	0.00e+00	0.00e+00	0.00e+00	0.00e+00
 2.41277e+16	1.30e-01	8.69e-01	1.50e-03	0.00e+00	0.00e+00	0.00e+00	0.00e+00	0.00e+00
 2.41328e+16	1.33e-01	8.65e-01	1.35e-03	0.00e+00	0.00e+00	0.00e+00	0.00e+00	0.00e+00
 2.41378e+16	1.37e-01	8.62e-01	1.22e-03	0.00e+00	0.00e+00	0.00e+00	0.00e+00	0.00e+00
 2.41427e+16	1.41e-01	8.58e-01	1.10e-03	0.00e+00	0.00e+00	0.00e+00	0.00e+00	0.00e+00
 2.41477e+16	1.45e-01	8.54e-01	9.95e-04	0.00e+00	0.00e+00	0.00e+00	0.00e+00	0.00e+00
 2.41527e+16	1.49e-01	8.50e-01	8.98e-04	0.00e+00	0.00e+00	0.00e+00	0.00e+00	0.00e+00
 2.41575e+16	1.53e-01	8.47e-01	8.11e-04	0.00e+00	0.00e+00	0.00e+00	0.00e+00	0.00e+00
 2.41624e+16	1.57e-01	8.43e-01	7.33e-04	0.00e+00	0.00e+00	0.00e+00	0.00e+00	0.00e+00
 2.41673e+16	1.61e-01	8.39e-01	6.61e-04	0.00e+00	0.00e+00	0.00e+00	0.00e+00	0.00e+00
 2.41722e+16	1.65e-01	8.34e-01	5.96e-04	0.00e+00	0.00e+00	0.00e+00	0.00e+00	0.00e+00
 2.41771e+16	1.69e-01	8.30e-01	5.37e-04	0.00e+00	0.00e+00	0.00e+00	0.00e+00	0.00e+00
 2.41820e+16	1.74e-01	8.26e-01	4.84e-04	0.00e+00	0.00e+00	0.00e+00	0.00e+00	0.00e+00
 2.41870e+16	1.79e-01	8.21e-01	4.36e-04	0.00e+00	0.00e+00	0.00e+00	0.00e+00	0.00e+00
 2.41920e+16	1.84e-01	8.16e-01	3.92e-04	0.00e+00	0.00e+00	0.00e+00	0.00e+00	0.00e+00
 2.41969e+16	1.89e-01	8.11e-01	3.53e-04	0.00e+00	0.00e+00	0.00e+00	0.00e+00	0.00e+00
 2.42019e+16	1.94e-01	8.06e-01	3.18e-04	0.00e+00	0.00e+00	0.00e+00	0.00e+00	0.00e+00
 2.42070e+16	1.99e-01	8.01e-01	2.86e-04	0.00e+00	0.00e+00	0.00e+00	0.00e+00	0.00e+00
 2.42122e+16	2.05e-01	7.95e-01	2.56e-04	0.00e+00	0.00e+00	0.00e+00	0.00e+00	0.00e+00
 2.42174e+16	2.11e-01	7.89e-01	2.30e-04	0.00e+00	0.00e+00	0.00e+00	0.00e+00	0.00e+00
 2.42226e+16	2.17e-01	7.83e-01	2.07e-04	0.00e+00	0.00e+00	0.00e+00	0.00e+00	0.00e+00
 2.42277e+16	2.23e-01	7.77e-01	1.87e-04	0.00e+00	0.00e+00	0.00e+00	0.00e+00	0.00e+00
 2.42329e+16	2.30e-01	7.70e-01	1.68e-04	0.00e+00	0.00e+00	0.00e+00	0.00e+00	0.00e+00
 2.42382e+16	2.36e-01	7.63e-01	1.52e-04	0.00e+00	0.00e+00	0.00e+00	0.00e+00	0.00e+00
 2.42435e+16	2.44e-01	7.56e-01	1.37e-04	0.00e+00	0.00e+00	0.00e+00	0.00e+00	0.00e+00
 2.42490e+16	2.51e-01	7.48e-01	1.24e-04	0.00e+00	0.00e+00	0.00e+00	0.00e+00	0.00e+00
 2.42545e+16	2.59e-01	7.41e-01	1.12e-04	0.00e+00	0.00e+00	0.00e+00	0.00e+00	0.00e+00
 2.42602e+16	2.68e-01	7.32e-01	1.02e-04	0.00e+00	0.00e+00	0.00e+00	0.00e+00	0.00e+00
 2.42661e+16	2.76e-01	7.24e-01	9.20e-05	0.00e+00	0.00e+00	0.00e+00	0.00e+00	0.00e+00
 2.42723e+16	2.86e-01	7.14e-01	8.34e-05	0.00e+00	0.00e+00	0.00e+00	0.00e+00	0.00e+00
 2.42788e+16	2.95e-01	7.05e-01	7.57e-05	0.00e+00	0.00e+00	0.00e+00	0.00e+00	0.00e+00
 2.42858e+16	3.07e-01	6.93e-01	6.86e-05	0.00e+00	0.00e+00	0.00e+00	0.00e+00	0.00e+00
 2.42932e+16	3.18e-01	6.82e-01	6.24e-05	0.00e+00	0.00e+00	0.00e+00	0.00e+00	0.00e+00
 2.43011e+16	3.30e-01	6.70e-01	5.68e-05	0.00e+00	0.00e+00	0.00e+00	0.00e+00	0.00e+00
 2.43100e+16	3.42e-01	6.58e-01	5.17e-05	0.00e+00	0.00e+00	0.00e+00	0.00e+00	0.00e+00
 2.43202e+16	3.55e-01	6.45e-01	4.72e-05	0.00e+00	0.00e+00	0.00e+00	0.00e+00	0.00e+00
 2.43315e+16	3.69e-01	6.31e-01	4.31e-05	0.00e+00	0.00e+00	0.00e+00	0.00e+00	0.00e+00
 2.43434e+16	3.82e-01	6.18e-01	3.99e-05	0.00e+00	0.00e+00	0.00e+00	0.00e+00	0.00e+00
 2.43552e+16	3.93e-01	6.07e-01	3.75e-05	0.00e+00	0.00e+00	0.00e+00	0.00e+00	0.00e+00
 2.43670e+16	4.02e-01	5.98e-01	3.56e-05	0.00e+00	0.00e+00	0.00e+00	0.00e+00	0.00e+00
