#depth	C	C+	C+2	C+3	C+4	C+5	C+6	C[1]	C[2]	C[3]	C+[1]	C+[2]	CO
 1.49634e+10	0.00e+00	0.00e+00	1.29e-27	4.44e-18	9.34e-08	6.94e-03	9.93e-01	0.00e+00	0.00e+00	0.00e+00	0.00e+00	0.00e+00	0.00e+00
 4.54887e+10	0.00e+00	1.64e-37	1.77e-27	5.64e-18	1.10e-07	7.51e-03	9.92e-01	0.00e+00	0.00e+00	0.00e+00	0.00e+00	0.00e+00	0.00e+00
 7.72350e+10	0.00e+00	0.00e+00	2.43e-27	7.16e-18	1.28e-07	8.12e-03	9.92e-01	0.00e+00	0.00e+00	0.00e+00	0.00e+00	0.00e+00	7.58e-231
 1.10251e+11	0.00e+00	3.61e-37	3.34e-27	9.09e-18	1.51e-07	8.79e-03	9.91e-01	0.00e+00	0.00e+00	0.00e+00	0.00e+00	0.00e+00	0.00e+00
 1.44588e+11	0.00e+00	0.00e+00	4.59e-27	1.15e-17	1.77e-07	9.50e-03	9.90e-01	0.00e+00	0.00e+00	0.00e+00	0.00e+00	0.00e+00	0.00e+00
 1.80298e+11	0.00e+00	8.00e-37	6.31e-27	1.47e-17	2.08e-07	1.03e-02	9.90e-01	0.00e+00	0.00e+00	0.00e+00	0.00e+00	0.00e+00	4.69e-236
 2.17437e+11	0.00e+00	0.00e+00	8.68e-27	1.86e-17	2.44e-07	1.11e-02	9.89e-01	0.00e+00	0.00e+00	0.00e+00	0.00e+00	0.00e+00	1.71e-229
 2.51821e+11	0.00e+00	1.70e-36	1.15e-26	2.31e-17	2.81e-07	1.19e-02	9.88e-01	0.00e+00	0.00e+00	0.00e+00	0.00e+00	0.00e+00	3.15e-235
 2.81677e+11	5.10e-47	2.29e-36	1.47e-26	2.76e-17	3.17e-07	1.26e-02	9.87e-01	0.00e+00	0.00e+00	0.00e+00	0.00e+00	0.00e+00	7.34e-143
 3.14811e+11	0.00e+00	0.00e+00	1.90e-26	3.35e-17	3.62e-07	1.35e-02	9.87e-01	0.00e+00	0.00e+00	0.00e+00	0.00e+00	0.00e+00	9.76e-212
 3.55173e+11	0.00e+00	4.63e-36	2.58e-26	4.22e-17	4.22e-07	1.45e-02	9.86e-01	0.00e+00	0.00e+00	0.00e+00	0.00e+00	0.00e+00	1.65e-162
 3.96032e+11	1.85e-46	6.71e-36	3.47e-26	5.27e-17	4.90e-07	1.56e-02	9.84e-01	0.00e+00	0.00e+00	0.00e+00	0.00e+00	0.00e+00	7.25e-232
 4.32306e+11	0.00e+00	0.00e+00	4.48e-26	6.39e-17	5.57e-07	1.66e-02	9.83e-01	0.00e+00	0.00e+00	0.00e+00	0.00e+00	0.00e+00	1.93e-264
 4.71520e+11	0.00e+00	1.29e-35	5.86e-26	7.83e-17	6.38e-07	1.77e-02	9.82e-01	0.00e+00	0.00e+00	0.00e+00	0.00e+00	0.00e+00	0.00e+00
 5.18522e+11	6.46e-46	1.90e-35	8.01e-26	9.89e-17	7.47e-07	1.91e-02	9.81e-01	0.00e+00	0.00e+00	0.00e+00	0.00e+00	0.00e+00	3.97e-140
 5.65210e+11	0.00e+00	0.00e+00	1.08e-25	1.24e-16	8.68e-07	2.05e-02	9.79e-01	0.00e+00	0.00e+00	0.00e+00	0.00e+00	0.00e+00	1.46e-210
 6.07515e+11	0.00e+00	3.84e-35	1.40e-25	1.51e-16	9.91e-07	2.19e-02	9.78e-01	0.00e+00	0.00e+00	0.00e+00	0.00e+00	0.00e+00	2.01e-159
 6.54558e+11	2.29e-45	5.46e-35	1.86e-25	1.87e-16	1.14e-06	2.34e-02	9.77e-01	0.00e+00	0.00e+00	0.00e+00	0.00e+00	0.00e+00	0.00e+00
 7.09735e+11	0.00e+00	8.17e-35	2.57e-25	2.38e-16	1.35e-06	2.53e-02	9.75e-01	0.00e+00	0.00e+00	0.00e+00	0.00e+00	0.00e+00	2.51e-158
 7.63887e+11	5.83e-45	1.19e-34	3.49e-25	2.99e-16	1.57e-06	2.72e-02	9.73e-01	0.00e+00	0.00e+00	0.00e+00	0.00e+00	0.00e+00	0.00e+00
 8.14086e+11	0.00e+00	1.68e-34	4.59e-25	3.68e-16	1.80e-06	2.91e-02	9.71e-01	0.00e+00	0.00e+00	0.00e+00	0.00e+00	0.00e+00	2.79e-157
 8.70458e+11	1.37e-44	2.44e-34	6.19e-25	4.61e-16	2.10e-06	3.12e-02	9.69e-01	0.00e+00	0.00e+00	0.00e+00	0.00e+00	0.00e+00	0.00e+00
 9.33192e+11	0.00e+00	3.65e-34	8.55e-25	5.87e-16	2.47e-06	3.37e-02	9.66e-01	0.00e+00	0.00e+00	0.00e+00	0.00e+00	0.00e+00	3.67e-156
 9.92613e+11	3.45e-44	5.27e-34	1.15e-24	7.33e-16	2.86e-06	3.61e-02	9.64e-01	0.00e+00	0.00e+00	0.00e+00	0.00e+00	0.00e+00	0.00e+00
 1.05642e+12	0.00e+00	7.74e-34	1.56e-24	9.23e-16	3.34e-06	3.89e-02	9.61e-01	0.00e+00	0.00e+00	0.00e+00	0.00e+00	0.00e+00	4.43e-155
 1.12860e+12	9.06e-44	1.18e-33	2.19e-24	1.19e-15	3.96e-06	4.21e-02	9.58e-01	0.00e+00	0.00e+00	0.00e+00	0.00e+00	0.00e+00	0.00e+00
 1.19941e+12	0.00e+00	1.75e-33	3.01e-24	1.51e-15	4.66e-06	4.53e-02	9.55e-01	0.00e+00	0.00e+00	0.00e+00	0.00e+00	0.00e+00	6.64e-154
 1.27305e+12	2.36e-43	2.62e-33	4.15e-24	1.93e-15	5.48e-06	4.89e-02	9.51e-01	0.00e+00	0.00e+00	0.00e+00	0.00e+00	0.00e+00	0.00e+00
 1.35390e+12	0.00e+00	4.02e-33	5.85e-24	2.49e-15	6.51e-06	5.29e-02	9.47e-01	0.00e+00	0.00e+00	0.00e+00	0.00e+00	0.00e+00	1.02e-152
 1.43500e+12	6.46e-43	6.07e-33	8.15e-24	3.20e-15	7.70e-06	5.71e-02	9.43e-01	0.00e+00	0.00e+00	0.00e+00	0.00e+00	0.00e+00	1.08e-224
 1.51935e+12	0.00e+00	9.21e-33	1.14e-23	4.11e-15	9.10e-06	6.17e-02	9.38e-01	0.00e+00	0.00e+00	0.00e+00	0.00e+00	0.00e+00	1.55e-151
 1.61005e+12	1.79e-42	1.42e-32	1.61e-23	5.33e-15	1.08e-05	6.68e-02	9.33e-01	0.00e+00	0.00e+00	0.00e+00	0.00e+00	0.00e+00	1.77e-223
 1.69320e+12	0.00e+00	2.08e-32	2.19e-23	6.71e-15	1.27e-05	7.17e-02	9.28e-01	0.00e+00	0.00e+00	0.00e+00	0.00e+00	0.00e+00	2.24e-150
 1.76476e+12	4.15e-42	2.87e-32	2.83e-23	8.14e-15	1.44e-05	7.60e-02	9.24e-01	0.00e+00	0.00e+00	0.00e+00	0.00e+00	0.00e+00	0.00e+00
 1.84446e+12	0.00e+00	4.08e-32	3.75e-23	1.00e-14	1.66e-05	8.09e-02	9.19e-01	0.00e+00	0.00e+00	0.00e+00	0.00e+00	0.00e+00	2.00e-149
 1.94227e+12	1.04e-41	6.17e-32	5.24e-23	1.29e-14	1.96e-05	8.72e-02	9.13e-01	0.00e+00	0.00e+00	0.00e+00	0.00e+00	0.00e+00	0.00e+00
 2.04380e+12	0.00e+00	9.37e-32	7.32e-23	1.66e-14	2.32e-05	9.40e-02	9.06e-01	0.00e+00	0.00e+00	0.00e+00	0.00e+00	0.00e+00	3.00e-148
 2.13111e+12	2.60e-41	1.33e-31	9.67e-23	2.04e-14	2.66e-05	9.99e-02	9.00e-01	0.00e+00	0.00e+00	0.00e+00	0.00e+00	0.00e+00	3.61e-222
 2.20718e+12	0.00e+00	1.78e-31	1.22e-22	2.44e-14	2.99e-05	1.05e-01	8.95e-01	0.00e+00	0.00e+00	0.00e+00	0.00e+00	0.00e+00	2.41e-147
 2.29348e+12	5.46e-41	2.46e-31	1.59e-22	2.96e-14	3.41e-05	1.12e-01	8.88e-01	0.00e+00	0.00e+00	0.00e+00	0.00e+00	0.00e+00	0.00e+00
 2.40407e+12	0.00e+00	3.70e-31	2.20e-22	3.78e-14	4.01e-05	1.20e-01	8.80e-01	0.00e+00	0.00e+00	0.00e+00	0.00e+00	0.00e+00	2.59e-146
 2.51755e+12	1.44e-40	5.53e-31	3.04e-22	4.81e-14	4.71e-05	1.28e-01	8.72e-01	0.00e+00	0.00e+00	0.00e+00	0.00e+00	0.00e+00	0.00e+00
 2.61323e+12	0.00e+00	7.69e-31	3.96e-22	5.86e-14	5.36e-05	1.36e-01	8.64e-01	0.00e+00	0.00e+00	0.00e+00	0.00e+00	0.00e+00	2.77e-145
 2.71444e+12	3.21e-40	1.08e-30	5.19e-22	7.17e-14	6.13e-05	1.44e-01	8.56e-01	0.00e+00	0.00e+00	0.00e+00	0.00e+00	0.00e+00	3.46e-218
 2.84204e+12	0.00e+00	1.63e-30	7.21e-22	9.17e-14	7.21e-05	1.54e-01	8.46e-01	0.00e+00	0.00e+00	0.00e+00	0.00e+00	0.00e+00	3.14e-144
 2.97244e+12	8.56e-40	2.44e-30	1.00e-21	1.17e-13	8.47e-05	1.65e-01	8.35e-01	0.00e+00	0.00e+00	0.00e+00	0.00e+00	0.00e+00	0.00e+00
 3.08491e+12	0.00e+00	3.43e-30	1.31e-21	1.43e-13	9.68e-05	1.75e-01	8.25e-01	0.00e+00	0.00e+00	0.00e+00	0.00e+00	0.00e+00	3.51e-143
 3.20556e+12	1.96e-39	4.88e-30	1.74e-21	1.77e-13	1.11e-04	1.85e-01	8.15e-01	0.00e+00	0.00e+00	0.00e+00	0.00e+00	0.00e+00	0.00e+00
 3.35419e+12	0.00e+00	7.43e-30	2.43e-21	2.27e-13	1.31e-04	1.98e-01	8.02e-01	0.00e+00	0.00e+00	0.00e+00	0.00e+00	0.00e+00	4.28e-142
 3.50511e+12	5.32e-39	1.12e-29	3.38e-21	2.90e-13	1.54e-04	2.12e-01	7.88e-01	0.00e+00	0.00e+00	0.00e+00	0.00e+00	0.00e+00	0.00e+00
 3.63997e+12	0.00e+00	1.60e-29	4.49e-21	3.58e-13	1.76e-04	2.24e-01	7.76e-01	0.00e+00	0.00e+00	0.00e+00	0.00e+00	0.00e+00	5.08e-141
 3.78804e+12	1.28e-38	2.32e-29	6.06e-21	4.47e-13	2.03e-04	2.37e-01	7.62e-01	0.00e+00	0.00e+00	0.00e+00	0.00e+00	0.00e+00	0.00e+00
 3.95270e+12	0.00e+00	3.47e-29	8.36e-21	5.67e-13	2.37e-04	2.53e-01	7.47e-01	0.00e+00	0.00e+00	0.00e+00	0.00e+00	0.00e+00	6.33e-140
 4.11332e+12	3.26e-38	5.07e-29	1.13e-20	7.09e-13	2.74e-04	2.68e-01	7.32e-01	0.00e+00	0.00e+00	0.00e+00	0.00e+00	0.00e+00	0.00e+00
 4.26998e+12	0.00e+00	7.23e-29	1.50e-20	8.74e-13	3.14e-04	2.82e-01	7.18e-01	0.00e+00	0.00e+00	0.00e+00	0.00e+00	0.00e+00	6.86e-139
 4.44712e+12	7.98e-38	1.06e-28	2.05e-20	1.10e-12	3.63e-04	2.99e-01	7.01e-01	0.00e+00	0.00e+00	0.00e+00	0.00e+00	0.00e+00	0.00e+00
 4.64283e+12	0.00e+00	1.61e-28	2.84e-20	1.40e-12	4.24e-04	3.17e-01	6.83e-01	0.00e+00	0.00e+00	0.00e+00	0.00e+00	0.00e+00	9.27e-138
 4.81670e+12	2.00e-37	2.29e-28	3.76e-20	1.72e-12	4.84e-04	3.33e-01	6.67e-01	0.00e+00	0.00e+00	0.00e+00	0.00e+00	0.00e+00	0.00e+00
 4.97178e+12	0.00e+00	3.08e-28	4.77e-20	2.05e-12	5.40e-04	3.47e-01	6.52e-01	0.00e+00	0.00e+00	0.00e+00	0.00e+00	0.00e+00	7.79e-137
 5.14842e+12	4.31e-37	4.32e-28	6.25e-20	2.50e-12	6.12e-04	3.63e-01	6.36e-01	0.00e+00	0.00e+00	0.00e+00	0.00e+00	0.00e+00	0.00e+00
 5.33836e+12	0.00e+00	6.12e-28	8.25e-20	3.06e-12	6.96e-04	3.81e-01	6.19e-01	0.00e+00	0.00e+00	0.00e+00	0.00e+00	0.00e+00	7.33e-136
 5.50843e+12	9.38e-37	8.24e-28	1.04e-19	3.63e-12	7.75e-04	3.95e-01	6.04e-01	0.00e+00	0.00e+00	0.00e+00	0.00e+00	0.00e+00	0.00e+00
 5.69235e+12	0.00e+00	1.13e-27	1.34e-19	4.37e-12	8.69e-04	4.12e-01	5.87e-01	0.00e+00	0.00e+00	0.00e+00	0.00e+00	0.00e+00	5.53e-135
 5.92719e+12	2.20e-36	1.67e-27	1.83e-19	5.47e-12	9.99e-04	4.32e-01	5.67e-01	0.00e+00	0.00e+00	0.00e+00	0.00e+00	0.00e+00	0.00e+00
 6.16648e+12	0.00e+00	2.44e-27	2.47e-19	6.82e-12	1.14e-03	4.52e-01	5.47e-01	0.00e+00	0.00e+00	0.00e+00	0.00e+00	0.00e+00	6.90e-134
 6.36873e+12	5.05e-36	3.32e-27	3.16e-19	8.14e-12	1.28e-03	4.69e-01	5.30e-01	0.00e+00	0.00e+00	0.00e+00	0.00e+00	0.00e+00	0.00e+00
 6.58460e+12	0.00e+00	4.56e-27	4.06e-19	9.77e-12	1.43e-03	4.86e-01	5.12e-01	0.00e+00	0.00e+00	0.00e+00	0.00e+00	0.00e+00	5.48e-133
 6.85571e+12	1.18e-35	6.70e-27	5.51e-19	1.22e-11	1.63e-03	5.07e-01	4.91e-01	0.00e+00	0.00e+00	0.00e+00	0.00e+00	0.00e+00	1.62e-98
 7.13903e+12	0.00e+00	9.85e-27	7.48e-19	1.52e-11	1.86e-03	5.28e-01	4.70e-01	0.00e+00	0.00e+00	0.00e+00	0.00e+00	0.00e+00	0.00e+00
 7.39633e+12	2.83e-35	1.38e-26	9.76e-19	1.84e-11	2.09e-03	5.47e-01	4.51e-01	0.00e+00	0.00e+00	0.00e+00	0.00e+00	0.00e+00	3.86e-114
 7.67944e+12	0.00e+00	1.97e-26	1.29e-18	2.25e-11	2.36e-03	5.66e-01	4.31e-01	0.00e+00	0.00e+00	0.00e+00	0.00e+00	0.00e+00	1.55e-98
 8.01121e+12	7.06e-35	2.94e-26	1.77e-18	2.83e-11	2.70e-03	5.88e-01	4.09e-01	0.00e+00	0.00e+00	0.00e+00	0.00e+00	0.00e+00	0.00e+00
 8.34285e+12	1.12e-34	4.31e-26	2.40e-18	3.51e-11	3.06e-03	6.09e-01	3.88e-01	0.00e+00	0.00e+00	0.00e+00	0.00e+00	0.00e+00	1.23e-112
 8.66152e+12	1.72e-34	6.12e-26	3.17e-18	4.29e-11	3.44e-03	6.28e-01	3.69e-01	0.00e+00	0.00e+00	0.00e+00	0.00e+00	0.00e+00	5.12e-96
 9.01168e+12	2.70e-34	8.88e-26	4.25e-18	5.29e-11	3.88e-03	6.47e-01	3.49e-01	0.00e+00	0.00e+00	0.00e+00	0.00e+00	0.00e+00	4.13e-281
 9.37619e+12	4.25e-34	1.29e-25	5.71e-18	6.52e-11	4.38e-03	6.66e-01	3.30e-01	0.00e+00	0.00e+00	0.00e+00	0.00e+00	0.00e+00	3.51e-111
 9.70700e+12	6.29e-34	1.78e-25	7.37e-18	7.81e-11	4.86e-03	6.82e-01	3.13e-01	0.00e+00	0.00e+00	0.00e+00	0.00e+00	0.00e+00	8.34e-95
 1.00696e+13	9.52e-34	2.50e-25	9.63e-18	9.45e-11	5.42e-03	6.99e-01	2.96e-01	0.00e+00	0.00e+00	0.00e+00	0.00e+00	0.00e+00	2.72e-110
 1.04950e+13	1.52e-33	3.68e-25	1.31e-17	1.17e-10	6.12e-03	7.17e-01	2.77e-01	0.00e+00	0.00e+00	0.00e+00	0.00e+00	0.00e+00	5.59e-94
 1.09122e+13	2.36e-33	5.28e-25	1.74e-17	1.43e-10	6.85e-03	7.33e-01	2.60e-01	0.00e+00	0.00e+00	0.00e+00	0.00e+00	0.00e+00	2.73e-109
 1.12937e+13	3.46e-33	7.25e-25	2.23e-17	1.71e-10	7.56e-03	7.47e-01	2.45e-01	0.00e+00	0.00e+00	0.00e+00	0.00e+00	0.00e+00	3.32e-93
 1.16351e+13	4.82e-33	9.51e-25	2.76e-17	1.99e-10	8.22e-03	7.59e-01	2.33e-01	0.00e+00	0.00e+00	0.00e+00	0.00e+00	0.00e+00	1.71e-108
 1.19952e+13	6.78e-33	1.26e-24	3.45e-17	2.33e-10	8.96e-03	7.70e-01	2.21e-01	0.00e+00	0.00e+00	0.00e+00	0.00e+00	0.00e+00	1.42e-92
 1.23974e+13	9.80e-33	1.71e-24	4.38e-17	2.76e-10	9.82e-03	7.82e-01	2.08e-01	0.00e+00	0.00e+00	0.00e+00	0.00e+00	0.00e+00	1.05e-107
 1.27768e+13	1.37e-32	2.25e-24	5.45e-17	3.21e-10	1.07e-02	7.92e-01	1.97e-01	0.00e+00	0.00e+00	0.00e+00	0.00e+00	0.00e+00	6.47e-92
 1.31927e+13	1.95e-32	3.01e-24	6.85e-17	3.77e-10	1.17e-02	8.02e-01	1.86e-01	0.00e+00	0.00e+00	0.00e+00	0.00e+00	0.00e+00	6.16e-107
 1.36559e+13	2.86e-32	4.12e-24	8.78e-17	4.49e-10	1.28e-02	8.13e-01	1.74e-01	0.00e+00	0.00e+00	0.00e+00	0.00e+00	0.00e+00	3.17e-91
 1.40891e+13	4.02e-32	5.46e-24	1.10e-16	5.26e-10	1.39e-02	8.22e-01	1.64e-01	0.00e+00	0.00e+00	0.00e+00	0.00e+00	0.00e+00	3.98e-106
 1.45606e+13	5.76e-32	7.34e-24	1.39e-16	6.19e-10	1.52e-02	8.31e-01	1.54e-01	0.00e+00	0.00e+00	0.00e+00	0.00e+00	0.00e+00	1.45e-90
 1.50897e+13	8.50e-32	1.01e-23	1.79e-16	7.39e-10	1.67e-02	8.40e-01	1.43e-01	0.00e+00	0.00e+00	0.00e+00	0.00e+00	0.00e+00	2.76e-105
 1.55905e+13	1.21e-31	1.36e-23	2.25e-16	8.69e-10	1.82e-02	8.47e-01	1.34e-01	0.00e+00	0.00e+00	0.00e+00	0.00e+00	0.00e+00	7.23e-90
 1.61385e+13	1.76e-31	1.84e-23	2.87e-16	1.03e-09	1.99e-02	8.55e-01	1.25e-01	0.00e+00	0.00e+00	0.00e+00	0.00e+00	0.00e+00	1.82e-104
 1.67543e+13	2.63e-31	2.56e-23	3.73e-16	1.24e-09	2.19e-02	8.62e-01	1.16e-01	0.00e+00	0.00e+00	0.00e+00	0.00e+00	0.00e+00	3.87e-89
 1.73402e+13	3.79e-31	3.47e-23	4.74e-16	1.46e-09	2.39e-02	8.68e-01	1.08e-01	0.00e+00	0.00e+00	0.00e+00	0.00e+00	0.00e+00	1.36e-103
 1.79837e+13	5.57e-31	4.77e-23	6.09e-16	1.74e-09	2.61e-02	8.74e-01	1.00e-01	0.00e+00	0.00e+00	0.00e+00	0.00e+00	0.00e+00	1.99e-88
 1.87294e+13	8.56e-31	6.79e-23	8.06e-16	2.11e-09	2.89e-02	8.79e-01	9.20e-02	0.00e+00	0.00e+00	0.00e+00	0.00e+00	0.00e+00	1.15e-102
 1.94435e+13	1.27e-30	9.38e-23	1.04e-15	2.53e-09	3.16e-02	8.83e-01	8.49e-02	0.00e+00	0.00e+00	0.00e+00	0.00e+00	0.00e+00	1.19e-87
 2.00537e+13	1.75e-30	1.22e-22	1.28e-15	2.92e-09	3.41e-02	8.86e-01	7.95e-02	0.00e+00	0.00e+00	0.00e+00	0.00e+00	0.00e+00	7.61e-102
 2.06930e+13	2.42e-30	1.59e-22	1.58e-15	3.38e-09	3.67e-02	8.89e-01	7.43e-02	0.00e+00	0.00e+00	0.00e+00	0.00e+00	0.00e+00	4.94e-87
 2.14903e+13	3.57e-30	2.20e-22	2.04e-15	4.02e-09	4.01e-02	8.91e-01	6.85e-02	0.00e+00	0.00e+00	0.00e+00	0.00e+00	0.00e+00	5.08e-101
 2.23069e+13	5.23e-30	3.01e-22	2.61e-15	4.78e-09	4.37e-02	8.93e-01	6.31e-02	0.00e+00	0.00e+00	0.00e+00	0.00e+00	0.00e+00	2.71e-86
 2.30306e+13	7.24e-30	3.93e-22	3.22e-15	5.52e-09	4.70e-02	8.94e-01	5.89e-02	0.00e+00	0.00e+00	0.00e+00	0.00e+00	0.00e+00	3.37e-100
 2.38199e+13	1.02e-29	5.20e-22	4.01e-15	6.42e-09	5.07e-02	8.95e-01	5.47e-02	0.00e+00	0.00e+00	0.00e+00	0.00e+00	0.00e+00	1.20e-85
 2.46554e+13	1.44e-29	6.92e-22	5.02e-15	7.50e-09	5.48e-02	8.94e-01	5.07e-02	0.00e+00	0.00e+00	0.00e+00	0.00e+00	0.00e+00	2.16e-99
 2.53784e+13	1.93e-29	8.77e-22	6.05e-15	8.52e-09	5.84e-02	8.94e-01	4.76e-02	0.00e+00	0.00e+00	0.00e+00	0.00e+00	0.00e+00	5.00e-85
 2.61460e+13	2.60e-29	1.12e-21	7.30e-15	9.69e-09	6.22e-02	8.93e-01	4.46e-02	0.00e+00	0.00e+00	0.00e+00	0.00e+00	0.00e+00	1.06e-98
 2.71264e+13	3.75e-29	1.51e-21	9.23e-15	1.14e-08	6.74e-02	8.92e-01	4.11e-02	0.00e+00	0.00e+00	0.00e+00	0.00e+00	0.00e+00	2.25e-84
 2.81416e+13	5.40e-29	2.03e-21	1.17e-14	1.33e-08	7.28e-02	8.89e-01	3.78e-02	0.00e+00	0.00e+00	0.00e+00	0.00e+00	0.00e+00	7.82e-98
 2.90216e+13	7.32e-29	2.61e-21	1.41e-14	1.52e-08	7.76e-02	8.87e-01	3.53e-02	0.00e+00	0.00e+00	0.00e+00	0.00e+00	0.00e+00	1.03e-83
 2.99679e+13	1.00e-28	3.37e-21	1.72e-14	1.74e-08	8.29e-02	8.84e-01	3.29e-02	0.00e+00	0.00e+00	0.00e+00	0.00e+00	0.00e+00	4.29e-97
 3.11278e+13	1.46e-28	4.57e-21	2.18e-14	2.04e-08	8.96e-02	8.80e-01	3.02e-02	0.00e+00	0.00e+00	0.00e+00	0.00e+00	0.00e+00	5.01e-83
 3.23179e+13	2.11e-28	6.16e-21	2.75e-14	2.39e-08	9.66e-02	8.76e-01	2.77e-02	0.00e+00	0.00e+00	0.00e+00	0.00e+00	0.00e+00	3.31e-96
 3.34098e+13	2.91e-28	8.01e-21	3.36e-14	2.74e-08	1.03e-01	8.71e-01	2.57e-02	0.00e+00	0.00e+00	0.00e+00	0.00e+00	0.00e+00	2.48e-82
 3.46214e+13	4.12e-28	1.06e-20	4.17e-14	3.16e-08	1.11e-01	8.66e-01	2.37e-02	0.00e+00	0.00e+00	0.00e+00	0.00e+00	0.00e+00	2.13e-95
 3.59400e+13	5.92e-28	1.42e-20	5.23e-14	3.68e-08	1.19e-01	8.59e-01	2.18e-02	0.00e+00	0.00e+00	0.00e+00	0.00e+00	0.00e+00	1.29e-81
 3.71352e+13	8.13e-28	1.84e-20	6.36e-14	4.20e-08	1.26e-01	8.53e-01	2.02e-02	0.00e+00	0.00e+00	0.00e+00	0.00e+00	0.00e+00	1.42e-94
 3.84267e+13	1.13e-27	2.40e-20	7.79e-14	4.81e-08	1.35e-01	8.47e-01	1.86e-02	0.00e+00	0.00e+00	0.00e+00	0.00e+00	0.00e+00	5.88e-81
 3.99547e+13	1.65e-27	3.25e-20	9.83e-14	5.61e-08	1.45e-01	8.38e-01	1.70e-02	0.00e+00	0.00e+00	0.00e+00	0.00e+00	0.00e+00	1.02e-93
 4.14518e+13	2.34e-27	4.32e-20	1.22e-13	6.48e-08	1.55e-01	8.30e-01	1.56e-02	0.00e+00	0.00e+00	0.00e+00	0.00e+00	0.00e+00	3.26e-80
 4.28128e+13	3.19e-27	5.54e-20	1.48e-13	7.35e-08	1.64e-01	8.22e-01	1.44e-02	0.00e+00	0.00e+00	0.00e+00	0.00e+00	0.00e+00	6.60e-93
 4.41090e+13	4.24e-27	6.97e-20	1.76e-13	8.24e-08	1.73e-01	8.14e-01	1.34e-02	0.00e+00	0.00e+00	0.00e+00	0.00e+00	0.00e+00	1.33e-79
 4.53309e+13	5.51e-27	8.59e-20	2.06e-13	9.15e-08	1.81e-01	8.06e-01	1.26e-02	0.00e+00	0.00e+00	0.00e+00	0.00e+00	0.00e+00	3.09e-92
 4.66825e+13	7.28e-27	1.07e-19	2.44e-13	1.02e-07	1.91e-01	7.98e-01	1.17e-02	0.00e+00	0.00e+00	0.00e+00	0.00e+00	0.00e+00	4.82e-79
 4.81886e+13	9.85e-27	1.37e-19	2.93e-13	1.16e-07	2.01e-01	7.88e-01	1.08e-02	0.00e+00	0.00e+00	0.00e+00	0.00e+00	0.00e+00	1.61e-91
 4.95958e+13	1.29e-26	1.70e-19	3.45e-13	1.29e-07	2.11e-01	7.79e-01	1.01e-02	0.00e+00	0.00e+00	0.00e+00	0.00e+00	0.00e+00	1.90e-78
 5.11255e+13	1.72e-26	2.14e-19	4.11e-13	1.44e-07	2.22e-01	7.69e-01	9.35e-03	0.00e+00	0.00e+00	0.00e+00	0.00e+00	0.00e+00	7.92e-91
 5.28355e+13	2.35e-26	2.75e-19	4.96e-13	1.63e-07	2.34e-01	7.57e-01	8.60e-03	0.00e+00	0.00e+00	0.00e+00	0.00e+00	0.00e+00	7.91e-78
 5.44480e+13	3.12e-26	3.45e-19	5.87e-13	1.82e-07	2.46e-01	7.46e-01	7.97e-03	0.00e+00	0.00e+00	0.00e+00	0.00e+00	0.00e+00	4.31e-90
 5.62121e+13	4.20e-26	4.38e-19	7.03e-13	2.04e-07	2.58e-01	7.34e-01	7.34e-03	0.00e+00	0.00e+00	0.00e+00	0.00e+00	0.00e+00	3.21e-77
 5.81860e+13	5.80e-26	5.67e-19	8.53e-13	2.32e-07	2.73e-01	7.21e-01	6.70e-03	0.00e+00	0.00e+00	0.00e+00	0.00e+00	0.00e+00	2.57e-89
 6.00525e+13	7.79e-26	7.16e-19	1.02e-12	2.59e-07	2.86e-01	7.08e-01	6.17e-03	0.00e+00	0.00e+00	0.00e+00	0.00e+00	0.00e+00	1.42e-76
 6.20990e+13	1.06e-25	9.18e-19	1.22e-12	2.92e-07	3.00e-01	6.94e-01	5.64e-03	0.00e+00	0.00e+00	0.00e+00	0.00e+00	0.00e+00	3.03e-76
 6.43698e+13	1.48e-25	1.20e-18	1.49e-12	3.32e-07	3.17e-01	6.78e-01	5.12e-03	0.00e+00	0.00e+00	0.00e+00	0.00e+00	0.00e+00	6.77e-76
 6.64786e+13	2.00e-25	1.52e-18	1.78e-12	3.71e-07	3.31e-01	6.64e-01	4.69e-03	0.00e+00	0.00e+00	0.00e+00	0.00e+00	0.00e+00	1.40e-75
 6.87661e+13	2.72e-25	1.94e-18	2.14e-12	4.18e-07	3.47e-01	6.49e-01	4.27e-03	0.00e+00	0.00e+00	0.00e+00	0.00e+00	0.00e+00	2.99e-75
 7.13136e+13	3.80e-25	2.53e-18	2.61e-12	4.73e-07	3.65e-01	6.32e-01	3.86e-03	0.00e+00	0.00e+00	0.00e+00	0.00e+00	0.00e+00	6.73e-75
 7.36946e+13	5.12e-25	3.21e-18	3.11e-12	5.29e-07	3.81e-01	6.16e-01	3.51e-03	0.00e+00	0.00e+00	0.00e+00	0.00e+00	0.00e+00	1.40e-74
 7.62855e+13	7.02e-25	4.11e-18	3.73e-12	5.94e-07	3.98e-01	5.99e-01	3.18e-03	0.00e+00	0.00e+00	0.00e+00	0.00e+00	0.00e+00	3.04e-74
 7.91717e+13	9.82e-25	5.37e-18	4.55e-12	6.72e-07	4.16e-01	5.81e-01	2.86e-03	0.00e+00	0.00e+00	0.00e+00	0.00e+00	0.00e+00	6.96e-74
 8.18741e+13	1.33e-24	6.82e-18	5.43e-12	7.50e-07	4.33e-01	5.64e-01	2.59e-03	0.00e+00	0.00e+00	0.00e+00	0.00e+00	0.00e+00	1.47e-73
 8.48197e+13	1.83e-24	8.76e-18	6.52e-12	8.41e-07	4.52e-01	5.46e-01	2.33e-03	0.00e+00	0.00e+00	0.00e+00	0.00e+00	0.00e+00	3.24e-73
 8.81083e+13	2.57e-24	1.15e-17	7.95e-12	9.50e-07	4.71e-01	5.27e-01	2.08e-03	0.00e+00	0.00e+00	0.00e+00	0.00e+00	0.00e+00	7.54e-73
 9.12044e+13	3.49e-24	1.46e-17	9.48e-12	1.06e-06	4.89e-01	5.09e-01	1.87e-03	0.00e+00	0.00e+00	0.00e+00	0.00e+00	0.00e+00	1.63e-72
 9.45453e+13	4.80e-24	1.88e-17	1.14e-11	1.18e-06	5.08e-01	4.91e-01	1.67e-03	0.00e+00	0.00e+00	0.00e+00	0.00e+00	0.00e+00	3.62e-72
 9.82776e+13	6.75e-24	2.45e-17	1.38e-11	1.33e-06	5.28e-01	4.71e-01	1.48e-03	0.00e+00	0.00e+00	0.00e+00	0.00e+00	0.00e+00	8.52e-72
 1.01879e+14	9.26e-24	3.14e-17	1.66e-11	1.49e-06	5.46e-01	4.52e-01	1.32e-03	0.00e+00	0.00e+00	0.00e+00	0.00e+00	0.00e+00	1.90e-71
 1.05704e+14	1.28e-23	4.04e-17	1.99e-11	1.66e-06	5.65e-01	4.34e-01	1.18e-03	0.00e+00	0.00e+00	0.00e+00	0.00e+00	0.00e+00	4.29e-71
 1.09570e+14	1.75e-23	5.16e-17	2.37e-11	1.84e-06	5.83e-01	4.16e-01	1.05e-03	0.00e+00	0.00e+00	0.00e+00	1.65e-17	3.52e-17	9.50e-71
 1.12939e+14	2.28e-23	6.34e-17	2.75e-11	2.01e-06	5.98e-01	4.01e-01	9.49e-04	0.00e+00	0.00e+00	0.00e+00	2.10e-17	4.23e-17	1.86e-70
 1.15957e+14	2.86e-23	7.57e-17	3.12e-11	2.17e-06	6.11e-01	3.88e-01	8.70e-04	0.00e+00	0.00e+00	0.00e+00	2.51e-17	5.06e-17	3.34e-70
 1.19241e+14	3.64e-23	9.13e-17	3.57e-11	2.35e-06	6.25e-01	3.75e-01	7.94e-04	0.00e+00	0.00e+00	0.00e+00	3.03e-17	6.10e-17	6.20e-70
 1.23511e+14	4.92e-23	1.16e-16	4.22e-11	2.59e-06	6.41e-01	3.58e-01	7.06e-04	0.00e+00	0.00e+00	0.00e+00	3.83e-17	7.72e-17	1.35e-69
 1.27830e+14	6.61e-23	1.45e-16	4.97e-11	2.85e-06	6.57e-01	3.42e-01	6.29e-04	0.00e+00	0.00e+00	0.00e+00	4.82e-17	9.70e-17	2.89e-69
 1.31316e+14	8.33e-23	1.74e-16	5.64e-11	3.06e-06	6.69e-01	3.30e-01	5.75e-04	0.00e+00	0.00e+00	0.00e+00	5.76e-17	1.16e-16	5.26e-69
 1.34948e+14	1.05e-22	2.08e-16	6.40e-11	3.30e-06	6.82e-01	3.18e-01	5.24e-04	0.00e+00	0.00e+00	0.00e+00	6.89e-17	1.39e-16	9.63e-69
 1.39671e+14	1.41e-22	2.61e-16	7.51e-11	3.61e-06	6.97e-01	3.03e-01	4.66e-04	0.00e+00	0.00e+00	0.00e+00	8.65e-17	1.74e-16	2.06e-68
 1.44674e+14	1.90e-22	3.28e-16	8.84e-11	3.96e-06	7.11e-01	2.88e-01	4.12e-04	0.00e+00	0.00e+00	0.00e+00	1.09e-16	2.19e-16	4.51e-68
 1.49044e+14	2.45e-22	3.99e-16	1.01e-10	4.28e-06	7.24e-01	2.76e-01	3.72e-04	0.00e+00	0.00e+00	0.00e+00	1.32e-16	2.67e-16	8.74e-68
 1.53728e+14	3.18e-22	4.88e-16	1.17e-10	4.63e-06	7.36e-01	2.64e-01	3.34e-04	0.00e+00	0.00e+00	0.00e+00	1.62e-16	3.26e-16	1.74e-67
 1.59517e+14	4.34e-22	6.19e-16	1.38e-10	5.08e-06	7.50e-01	2.50e-01	2.93e-04	0.00e+00	0.00e+00	0.00e+00	2.05e-16	4.14e-16	3.95e-67
 1.65401e+14	5.89e-22	7.82e-16	1.62e-10	5.56e-06	7.64e-01	2.36e-01	2.58e-04	0.00e+00	0.00e+00	0.00e+00	2.59e-16	5.23e-16	8.95e-67
 1.70609e+14	7.65e-22	9.55e-16	1.86e-10	6.00e-06	7.75e-01	2.25e-01	2.31e-04	0.00e+00	0.00e+00	0.00e+00	3.16e-16	6.38e-16	1.77e-66
 1.76282e+14	1.01e-21	1.18e-15	2.15e-10	6.50e-06	7.86e-01	2.14e-01	2.06e-04	0.00e+00	0.00e+00	0.00e+00	3.90e-16	7.87e-16	3.66e-66
 1.83093e+14	1.38e-21	1.50e-15	2.54e-10	7.13e-06	7.98e-01	2.02e-01	1.80e-04	0.00e+00	0.00e+00	0.00e+00	4.97e-16	1.00e-15	8.49e-66
 1.89870e+14	1.87e-21	1.89e-15	2.97e-10	7.77e-06	8.10e-01	1.90e-01	1.58e-04	0.00e+00	0.00e+00	0.00e+00	6.26e-16	1.26e-15	1.91e-65
 1.96005e+14	2.44e-21	2.31e-15	3.42e-10	8.38e-06	8.19e-01	1.81e-01	1.41e-04	0.00e+00	0.00e+00	0.00e+00	7.66e-16	1.55e-15	3.87e-65
 2.02820e+14	3.24e-21	2.87e-15	3.96e-10	9.08e-06	8.29e-01	1.71e-01	1.24e-04	0.00e+00	0.00e+00	0.00e+00	9.51e-16	1.92e-15	8.29e-65
 2.10820e+14	4.47e-21	3.67e-15	4.69e-10	9.93e-06	8.40e-01	1.60e-01	1.08e-04	0.00e+00	0.00e+00	0.00e+00	1.21e-15	2.45e-15	1.96e-64
 2.18724e+14	6.07e-21	4.62e-15	5.49e-10	1.08e-05	8.49e-01	1.50e-01	9.41e-05	0.00e+00	0.00e+00	0.00e+00	1.53e-15	3.09e-15	4.45e-64
 2.26134e+14	8.00e-21	5.70e-15	6.34e-10	1.17e-05	8.58e-01	1.42e-01	8.32e-05	0.00e+00	0.00e+00	0.00e+00	1.89e-15	3.81e-15	9.35e-64
 2.34401e+14	1.08e-20	7.14e-15	7.39e-10	1.27e-05	8.66e-01	1.34e-01	7.28e-05	0.00e+00	0.00e+00	0.00e+00	2.36e-15	4.78e-15	2.07e-63
 2.43807e+14	1.49e-20	9.13e-15	8.74e-10	1.38e-05	8.75e-01	1.25e-01	6.29e-05	0.00e+00	0.00e+00	0.00e+00	3.02e-15	6.11e-15	4.98e-63
 2.53178e+14	2.03e-20	1.16e-14	1.03e-09	1.50e-05	8.83e-01	1.17e-01	5.46e-05	0.00e+00	0.00e+00	0.00e+00	3.82e-15	7.73e-15	1.15e-62
 2.60925e+14	2.60e-20	1.39e-14	1.16e-09	1.61e-05	8.89e-01	1.11e-01	4.87e-05	0.00e+00	0.00e+00	0.00e+00	4.61e-15	9.33e-15	2.24e-62
 2.66963e+14	3.13e-20	1.61e-14	1.28e-09	1.69e-05	8.94e-01	1.06e-01	4.47e-05	0.00e+00	0.00e+00	0.00e+00	5.31e-15	1.08e-14	3.71e-62
 2.73558e+14	3.82e-20	1.87e-14	1.42e-09	1.79e-05	8.98e-01	1.02e-01	4.07e-05	0.00e+00	0.00e+00	0.00e+00	6.18e-15	1.25e-14	6.37e-62
 2.82132e+14	4.92e-20	2.26e-14	1.62e-09	1.91e-05	9.04e-01	9.62e-02	3.62e-05	0.00e+00	0.00e+00	0.00e+00	7.48e-15	1.51e-14	1.26e-61
 2.91428e+14	6.41e-20	2.76e-14	1.85e-09	2.05e-05	9.09e-01	9.07e-02	3.19e-05	0.00e+00	0.00e+00	0.00e+00	9.13e-15	1.85e-14	2.57e-61
 2.99796e+14	8.07e-20	3.29e-14	2.09e-09	2.18e-05	9.14e-01	8.61e-02	2.87e-05	0.00e+00	0.00e+00	0.00e+00	1.09e-14	2.20e-14	4.80e-61
 3.08808e+14	1.03e-19	3.95e-14	2.36e-09	2.33e-05	9.18e-01	8.15e-02	2.56e-05	0.00e+00	0.00e+00	0.00e+00	1.30e-14	2.64e-14	9.20e-61
 3.20194e+14	1.38e-19	4.93e-14	2.75e-09	2.52e-05	9.24e-01	7.62e-02	2.22e-05	0.00e+00	0.00e+00	0.00e+00	1.63e-14	3.30e-14	2.03e-60
 3.31679e+14	1.83e-19	6.12e-14	3.19e-09	2.72e-05	9.29e-01	7.13e-02	1.93e-05	0.00e+00	0.00e+00	0.00e+00	2.02e-14	4.10e-14	4.40e-60
 3.41387e+14	2.31e-19	7.30e-14	3.59e-09	2.90e-05	9.32e-01	6.75e-02	1.73e-05	0.00e+00	0.00e+00	0.00e+00	2.41e-14	4.89e-14	8.27e-60
 3.51774e+14	2.94e-19	8.77e-14	4.07e-09	3.09e-05	9.36e-01	6.38e-02	1.53e-05	0.00e+00	0.00e+00	0.00e+00	2.89e-14	5.88e-14	1.59e-59
 3.64813e+14	3.94e-19	1.10e-13	4.74e-09	3.35e-05	9.40e-01	5.95e-02	1.33e-05	0.00e+00	0.00e+00	0.00e+00	3.61e-14	7.34e-14	3.51e-59
 3.78208e+14	5.26e-19	1.36e-13	5.50e-09	3.62e-05	9.44e-01	5.55e-02	1.15e-05	0.00e+00	0.00e+00	0.00e+00	4.50e-14	9.14e-14	7.68e-59
 3.89908e+14	6.72e-19	1.64e-13	6.24e-09	3.87e-05	9.48e-01	5.23e-02	1.02e-05	0.00e+00	0.00e+00	0.00e+00	5.41e-14	1.10e-13	1.49e-58
 4.02498e+14	8.66e-19	1.99e-13	7.13e-09	4.14e-05	9.51e-01	4.91e-02	8.97e-06	0.00e+00	0.00e+00	0.00e+00	6.56e-14	1.33e-13	2.96e-58
 4.17821e+14	1.17e-18	2.50e-13	8.32e-09	4.49e-05	9.54e-01	4.56e-02	7.72e-06	0.00e+00	0.00e+00	0.00e+00	8.22e-14	1.67e-13	6.61e-58
 4.33105e+14	1.55e-18	3.10e-13	9.66e-09	4.86e-05	9.57e-01	4.25e-02	6.67e-06	0.00e+00	0.00e+00	0.00e+00	1.02e-13	2.08e-13	1.44e-57
 4.46597e+14	1.98e-18	3.74e-13	1.10e-08	5.19e-05	9.60e-01	4.00e-02	5.89e-06	0.00e+00	0.00e+00	0.00e+00	1.23e-13	2.51e-13	2.78e-57
 4.61350e+14	2.56e-18	4.54e-13	1.26e-08	5.57e-05	9.62e-01	3.75e-02	5.16e-06	0.00e+00	0.00e+00	0.00e+00	1.49e-13	3.05e-13	5.58e-57
 4.79097e+14	3.45e-18	5.71e-13	1.47e-08	6.04e-05	9.65e-01	3.47e-02	4.42e-06	0.00e+00	0.00e+00	0.00e+00	1.88e-13	3.83e-13	1.25e-56
 4.96741e+14	4.59e-18	7.09e-13	1.71e-08	6.53e-05	9.68e-01	3.23e-02	3.81e-06	0.00e+00	0.00e+00	0.00e+00	2.33e-13	4.76e-13	2.72e-56
 5.12612e+14	5.88e-18	8.57e-13	1.94e-08	6.99e-05	9.70e-01	3.03e-02	3.35e-06	0.00e+00	0.00e+00	0.00e+00	2.81e-13	5.75e-13	5.33e-56
 5.30174e+14	7.66e-18	1.05e-12	2.23e-08	7.52e-05	9.72e-01	2.83e-02	2.92e-06	0.00e+00	0.00e+00	0.00e+00	3.44e-13	7.04e-13	1.09e-55
 5.50916e+14	1.03e-17	1.32e-12	2.62e-08	8.17e-05	9.74e-01	2.62e-02	2.49e-06	0.00e+00	0.00e+00	0.00e+00	4.33e-13	8.87e-13	2.47e-55
 5.71353e+14	1.38e-17	1.64e-12	3.04e-08	8.84e-05	9.76e-01	2.43e-02	2.14e-06	0.00e+00	0.00e+00	0.00e+00	5.38e-13	1.10e-12	5.40e-55
 5.90192e+14	1.77e-17	1.99e-12	3.48e-08	9.48e-05	9.77e-01	2.27e-02	1.87e-06	0.00e+00	0.00e+00	0.00e+00	6.53e-13	1.34e-12	1.08e-54
 6.08195e+14	2.24e-17	2.38e-12	3.94e-08	1.01e-04	9.79e-01	2.14e-02	1.65e-06	0.00e+00	0.00e+00	0.00e+00	7.81e-13	1.60e-12	2.04e-54
 6.28399e+14	2.89e-17	2.89e-12	4.51e-08	1.08e-04	9.80e-01	2.00e-02	1.44e-06	0.00e+00	0.00e+00	0.00e+00	9.48e-13	1.95e-12	4.09e-54
 6.50885e+14	3.80e-17	3.57e-12	5.21e-08	1.17e-04	9.81e-01	1.86e-02	1.24e-06	0.00e+00	0.00e+00	0.00e+00	1.17e-12	2.40e-12	8.64e-54
 6.70073e+14	4.77e-17	4.24e-12	5.87e-08	1.25e-04	9.82e-01	1.75e-02	1.10e-06	3.88e-18	1.17e-17	1.95e-17	1.39e-12	2.86e-12	1.61e-53
 6.85698e+14	5.70e-17	4.87e-12	6.46e-08	1.31e-04	9.83e-01	1.67e-02	9.99e-07	4.64e-18	1.40e-17	2.33e-17	1.59e-12	3.27e-12	2.63e-53
 7.02954e+14	6.90e-17	5.64e-12	7.16e-08	1.38e-04	9.84e-01	1.58e-02	0.00e+00	5.63e-18	1.69e-17	2.83e-17	1.84e-12	3.80e-12	4.46e-53
 7.25386e+14	8.80e-17	6.80e-12	8.15e-08	1.48e-04	9.85e-01	1.48e-02	0.00e+00	7.18e-18	2.16e-17	3.61e-17	2.22e-12	4.58e-12	8.69e-53
 7.49215e+14	1.13e-16	8.23e-12	9.31e-08	1.58e-04	9.86e-01	1.38e-02	0.00e+00	9.23e-18	2.77e-17	4.64e-17	2.69e-12	5.55e-12	1.73e-52
 7.70020e+14	1.40e-16	9.69e-12	1.04e-07	1.68e-04	9.87e-01	1.31e-02	0.00e+00	1.14e-17	3.43e-17	5.73e-17	3.16e-12	6.53e-12	3.13e-52
 7.92227e+14	1.74e-16	1.15e-11	1.17e-07	1.79e-04	9.87e-01	1.23e-02	0.00e+00	1.42e-17	4.27e-17	7.14e-17	3.74e-12	7.72e-12	5.72e-52
 8.20890e+14	2.29e-16	1.41e-11	1.35e-07	1.93e-04	9.88e-01	1.14e-02	0.00e+00	1.87e-17	5.62e-17	9.39e-17	4.61e-12	9.53e-12	1.22e-51
 8.50282e+14	3.01e-16	1.74e-11	1.56e-07	2.08e-04	9.89e-01	1.06e-02	0.00e+00	2.46e-17	7.38e-17	1.23e-16	5.68e-12	1.17e-11	2.60e-51
 8.74905e+14	3.75e-16	2.06e-11	1.76e-07	2.21e-04	9.90e-01	1.00e-02	0.00e+00	3.07e-17	9.21e-17	1.54e-16	6.73e-12	1.39e-11	4.83e-51
 9.00992e+14	4.69e-16	2.45e-11	1.98e-07	2.35e-04	9.90e-01	9.41e-03	0.00e+00	3.84e-17	1.15e-16	1.93e-16	7.99e-12	1.65e-11	8.99e-51
 9.34067e+14	6.19e-16	3.04e-11	2.30e-07	2.54e-04	9.91e-01	8.72e-03	0.00e+00	5.07e-17	1.52e-16	2.54e-16	9.89e-12	2.05e-11	1.95e-50
 9.68764e+14	8.19e-16	3.77e-11	2.67e-07	2.75e-04	9.92e-01	8.08e-03	0.00e+00	6.71e-17	2.01e-16	3.37e-16	1.23e-11	2.54e-11	4.27e-50
 9.99579e+14	1.04e-15	4.53e-11	3.04e-07	2.94e-04	9.92e-01	7.56e-03	0.00e+00	8.53e-17	2.56e-16	4.28e-16	1.47e-11	3.06e-11	8.38e-50
 1.03281e+15	1.34e-15	5.50e-11	3.47e-07	3.15e-04	9.93e-01	7.06e-03	0.00e+00	1.10e-16	3.29e-16	5.50e-16	1.79e-11	3.71e-11	1.69e-49
 1.07264e+15	1.79e-15	6.87e-11	4.06e-07	3.42e-04	9.93e-01	6.51e-03	0.00e+00	1.46e-16	4.40e-16	7.35e-16	2.23e-11	4.64e-11	3.82e-49
 1.11208e+15	2.35e-15	8.50e-11	4.70e-07	3.69e-04	9.94e-01	6.03e-03	0.00e+00	1.93e-16	5.79e-16	9.68e-16	2.76e-11	5.74e-11	8.29e-49
 1.14753e+15	2.99e-15	1.02e-10	5.35e-07	3.95e-04	9.94e-01	5.65e-03	0.00e+00	2.45e-16	7.36e-16	1.23e-15	3.32e-11	6.90e-11	1.63e-48
 1.18677e+15	3.85e-15	1.24e-10	6.14e-07	4.25e-04	9.94e-01	5.25e-03	0.00e+00	3.16e-16	9.49e-16	1.59e-15	4.04e-11	8.40e-11	3.35e-48
 1.23315e+15	5.14e-15	1.56e-10	7.19e-07	4.61e-04	9.95e-01	4.84e-03	0.00e+00	4.22e-16	1.27e-15	2.12e-15	5.06e-11	1.05e-10	7.59e-48
 1.27920e+15	6.77e-15	1.93e-10	8.35e-07	4.99e-04	9.95e-01	4.47e-03	0.00e+00	5.56e-16	1.67e-15	2.79e-15	6.27e-11	1.30e-10	1.67e-47
 1.32212e+15	8.68e-15	2.34e-10	9.55e-07	5.36e-04	9.95e-01	4.17e-03	0.00e+00	7.13e-16	2.14e-15	3.58e-15	7.59e-11	1.58e-10	3.37e-47
 1.35940e+15	1.07e-14	2.75e-10	1.07e-06	5.70e-04	9.96e-01	3.92e-03	0.00e+00	8.76e-16	2.63e-15	4.40e-15	8.92e-11	1.86e-10	6.07e-47
 1.39063e+15	1.26e-14	3.14e-10	1.18e-06	5.99e-04	9.96e-01	3.73e-03	0.00e+00	1.04e-15	3.12e-15	5.21e-15	1.02e-10	2.12e-10	9.86e-47
 1.42517e+15	1.51e-14	3.62e-10	1.30e-06	6.32e-04	9.96e-01	3.54e-03	0.00e+00	1.24e-15	3.74e-15	6.25e-15	1.17e-10	2.45e-10	1.66e-46
 1.47006e+15	1.90e-14	4.34e-10	1.48e-06	6.76e-04	9.96e-01	3.31e-03	0.00e+00	1.57e-15	4.70e-15	7.86e-15	1.41e-10	2.93e-10	3.20e-46
 1.51685e+15	2.39e-14	5.20e-10	1.68e-06	7.25e-04	9.96e-01	3.09e-03	0.00e+00	1.97e-15	5.92e-15	9.90e-15	1.69e-10	3.51e-10	6.20e-46
 1.55641e+15	2.89e-14	6.02e-10	1.87e-06	7.67e-04	9.96e-01	2.92e-03	0.00e+00	2.38e-15	7.14e-15	1.19e-14	1.95e-10	4.07e-10	1.06e-45
 1.59816e+15	3.50e-14	7.02e-10	2.09e-06	8.14e-04	9.96e-01	2.75e-03	0.00e+00	2.88e-15	8.66e-15	1.45e-14	2.28e-10	4.74e-10	1.85e-45
 1.65242e+15	4.45e-14	8.50e-10	2.39e-06	8.77e-04	9.97e-01	2.55e-03	0.00e+00	3.67e-15	1.10e-14	1.84e-14	2.76e-10	5.74e-10	3.71e-45
 1.70858e+15	5.65e-14	1.03e-09	2.75e-06	9.45e-04	9.97e-01	2.37e-03	0.00e+00	4.66e-15	1.40e-14	2.34e-14	3.34e-10	6.95e-10	7.44e-45
 1.75552e+15	6.85e-14	1.20e-09	3.07e-06	1.00e-03	9.97e-01	2.23e-03	0.00e+00	5.66e-15	1.70e-14	2.84e-14	3.89e-10	8.11e-10	1.30e-44
 1.80483e+15	7.86e-14	1.40e-09	3.44e-06	1.07e-03	9.97e-01	2.10e-03	0.00e+00	6.50e-15	1.95e-14	3.26e-14	4.55e-10	9.48e-10	2.25e-44
 1.86894e+15	9.98e-14	1.71e-09	3.98e-06	1.16e-03	9.97e-01	1.94e-03	0.00e+00	8.25e-15	2.48e-14	4.14e-14	5.55e-10	1.16e-09	4.61e-44
 1.93617e+15	1.26e-13	2.09e-09	4.60e-06	1.25e-03	9.97e-01	1.78e-03	0.00e+00	1.05e-14	3.14e-14	5.25e-14	6.77e-10	1.41e-09	9.48e-44
 1.99388e+15	1.53e-13	2.46e-09	5.20e-06	1.34e-03	9.97e-01	1.67e-03	0.00e+00	1.27e-14	3.81e-14	6.38e-14	7.98e-10	1.66e-09	1.72e-43
 2.05532e+15	1.87e-13	2.91e-09	5.89e-06	1.44e-03	9.97e-01	1.56e-03	0.00e+00	1.55e-14	4.66e-14	7.78e-14	9.44e-10	1.96e-09	3.17e-43
 2.13186e+15	2.37e-13	3.57e-09	6.85e-06	1.56e-03	9.97e-01	1.43e-03	0.00e+00	1.97e-14	5.92e-14	9.89e-14	1.16e-09	2.41e-09	6.66e-43
 2.21082e+15	2.99e-13	4.36e-09	7.96e-06	1.70e-03	9.97e-01	1.31e-03	0.00e+00	2.48e-14	7.46e-14	1.25e-13	1.42e-09	2.94e-09	1.38e-42
 2.28116e+15	3.63e-13	5.18e-09	9.06e-06	1.83e-03	9.97e-01	1.22e-03	0.00e+00	3.02e-14	9.07e-14	1.52e-13	1.68e-09	3.50e-09	2.59e-42
 2.35750e+15	4.47e-13	6.21e-09	1.04e-05	1.97e-03	9.97e-01	1.13e-03	0.00e+00	3.73e-14	1.12e-13	1.87e-13	2.02e-09	4.19e-09	5.16e-42
 2.44868e+15	5.61e-13	7.62e-09	1.21e-05	2.16e-03	9.97e-01	1.03e-03	0.00e+00	4.68e-14	1.41e-13	2.35e-13	2.48e-09	5.14e-09	1.09e-41
 2.53884e+15	6.94e-13	9.27e-09	1.41e-05	2.35e-03	9.97e-01	9.49e-04	0.00e+00	5.80e-14	1.74e-13	2.91e-13	3.02e-09	6.25e-09	2.21e-41
 2.62035e+15	8.38e-13	1.10e-08	1.60e-05	2.53e-03	9.97e-01	8.81e-04	0.00e+00	7.01e-14	2.10e-13	3.52e-13	3.59e-09	7.43e-09	4.18e-41
 2.71093e+15	1.02e-12	1.32e-08	1.84e-05	2.74e-03	9.96e-01	8.12e-04	0.00e+00	8.52e-14	2.56e-13	4.27e-13	4.30e-09	8.90e-09	8.12e-41
 2.79943e+15	1.21e-12	1.57e-08	2.10e-05	2.96e-03	9.96e-01	7.52e-04	0.00e+00	1.02e-13	3.06e-13	5.10e-13	5.11e-09	1.06e-08	1.53e-40
 2.86534e+15	1.38e-12	1.77e-08	2.31e-05	3.13e-03	9.96e-01	7.11e-04	0.00e+00	1.16e-13	3.47e-13	5.80e-13	5.78e-09	1.20e-08	2.43e-40
 2.93113e+15	1.57e-12	2.00e-08	2.53e-05	3.30e-03	9.96e-01	6.73e-04	0.00e+00	1.32e-13	3.95e-13	6.60e-13	6.52e-09	1.35e-08	3.81e-40
 3.01666e+15	1.83e-12	2.33e-08	2.85e-05	3.53e-03	9.96e-01	6.28e-04	0.00e+00	1.54e-13	4.64e-13	7.75e-13	7.61e-09	1.57e-08	6.79e-40
 3.10811e+15	2.15e-12	2.73e-08	3.22e-05	3.79e-03	9.96e-01	5.85e-04	0.00e+00	1.81e-13	5.44e-13	9.09e-13	8.92e-09	1.84e-08	1.23e-39
 3.18851e+15	2.46e-12	3.12e-08	3.57e-05	4.03e-03	9.95e-01	5.49e-04	0.00e+00	2.08e-13	6.23e-13	1.04e-12	1.02e-08	2.10e-08	2.03e-39
 3.27426e+15	2.84e-12	3.59e-08	3.97e-05	4.29e-03	9.95e-01	5.15e-04	0.00e+00	2.40e-13	7.20e-13	1.20e-12	1.17e-08	2.42e-08	3.45e-39
 3.38574e+15	3.39e-12	4.30e-08	4.55e-05	4.65e-03	9.95e-01	4.75e-04	0.00e+00	2.87e-13	8.62e-13	1.44e-12	1.40e-08	2.89e-08	6.77e-39
 3.49863e+15	4.00e-12	5.10e-08	5.20e-05	5.02e-03	9.94e-01	4.39e-04	0.00e+00	3.39e-13	1.02e-12	1.70e-12	1.67e-08	3.43e-08	1.30e-38
 3.58973e+15	4.56e-12	5.83e-08	5.77e-05	5.34e-03	9.94e-01	4.12e-04	0.00e+00	3.87e-13	1.16e-12	1.94e-12	1.91e-08	3.92e-08	2.14e-38
 3.68451e+15	5.22e-12	6.70e-08	6.41e-05	5.68e-03	9.94e-01	3.87e-04	0.00e+00	4.43e-13	1.33e-12	2.22e-12	2.19e-08	4.50e-08	3.61e-38
 3.80774e+15	6.18e-12	7.97e-08	7.33e-05	6.14e-03	9.93e-01	3.57e-04	0.00e+00	5.25e-13	1.58e-12	2.63e-12	2.61e-08	5.36e-08	7.04e-38
 3.93799e+15	7.29e-12	9.51e-08	8.39e-05	6.65e-03	9.93e-01	3.29e-04	0.00e+00	6.21e-13	1.86e-12	3.11e-12	3.12e-08	6.39e-08	1.41e-37
 4.05160e+15	8.36e-12	1.10e-07	9.41e-05	7.12e-03	9.92e-01	3.06e-04	0.00e+00	7.13e-13	2.14e-12	3.57e-12	3.62e-08	7.42e-08	2.53e-37
 4.17353e+15	9.74e-12	1.29e-07	1.06e-04	7.64e-03	9.92e-01	2.85e-04	0.00e+00	8.31e-13	2.50e-12	4.17e-12	4.23e-08	8.67e-08	4.69e-37
 4.32732e+15	1.17e-11	1.56e-07	1.23e-04	8.32e-03	9.91e-01	2.61e-04	0.00e+00	1.00e-12	3.01e-12	5.02e-12	5.13e-08	1.05e-07	9.92e-37
 4.48570e+15	1.38e-11	1.88e-07	1.42e-04	9.07e-03	9.91e-01	2.38e-04	0.00e+00	1.19e-12	3.56e-12	5.95e-12	6.18e-08	1.26e-07	2.07e-36
 4.62439e+15	1.62e-11	2.21e-07	1.60e-04	9.74e-03	9.90e-01	2.21e-04	0.00e+00	1.39e-12	4.18e-12	6.97e-12	7.26e-08	1.48e-07	3.86e-36
 4.77427e+15	1.89e-11	2.62e-07	1.83e-04	1.05e-02	9.89e-01	2.04e-04	0.00e+00	1.62e-12	4.87e-12	8.14e-12	8.61e-08	1.76e-07	7.49e-36
 4.95618e+15	2.28e-11	3.19e-07	2.12e-04	1.15e-02	9.88e-01	1.86e-04	0.00e+00	1.96e-12	5.89e-12	9.83e-12	1.05e-07	2.14e-07	1.62e-35
 5.13881e+15	2.70e-11	3.86e-07	2.46e-04	1.25e-02	9.87e-01	1.70e-04	0.00e+00	2.33e-12	6.99e-12	1.17e-11	1.27e-07	2.59e-07	3.36e-35
 5.27968e+15	3.09e-11	4.44e-07	2.74e-04	1.33e-02	9.86e-01	1.59e-04	0.00e+00	2.67e-12	8.00e-12	1.34e-11	1.46e-07	2.98e-07	5.72e-35
 5.38600e+15	3.33e-11	4.92e-07	2.97e-04	1.40e-02	9.86e-01	1.52e-04	0.00e+00	2.87e-12	8.63e-12	1.44e-11	1.62e-07	3.30e-07	8.50e-35
 5.50302e+15	3.74e-11	5.54e-07	3.24e-04	1.47e-02	9.85e-01	1.44e-04	0.00e+00	3.23e-12	9.70e-12	1.62e-11	1.82e-07	3.71e-07	1.33e-34
 5.65515e+15	4.35e-11	6.41e-07	3.61e-04	1.57e-02	9.84e-01	1.34e-04	0.00e+00	3.76e-12	1.13e-11	1.88e-11	2.11e-07	4.30e-07	2.34e-34
 5.82077e+15	4.98e-11	7.49e-07	4.07e-04	1.68e-02	9.83e-01	1.25e-04	0.00e+00	4.32e-12	1.30e-11	2.16e-11	2.47e-07	5.02e-07	4.21e-34
 5.96897e+15	5.70e-11	8.57e-07	4.50e-04	1.78e-02	9.82e-01	1.17e-04	0.00e+00	4.95e-12	1.48e-11	2.48e-11	2.82e-07	5.74e-07	6.97e-34
 6.12668e+15	6.57e-11	9.89e-07	5.01e-04	1.90e-02	9.80e-01	1.10e-04	0.00e+00	5.71e-12	1.71e-11	2.86e-11	3.26e-07	6.63e-07	1.20e-33
 6.33170e+15	7.89e-11	1.18e-06	5.73e-04	2.05e-02	9.79e-01	1.01e-04	0.00e+00	6.86e-12	2.06e-11	3.44e-11	3.91e-07	7.94e-07	2.35e-33
 6.53794e+15	9.31e-11	1.41e-06	6.52e-04	2.22e-02	9.77e-01	9.34e-05	0.00e+00	8.11e-12	2.43e-11	4.06e-11	4.64e-07	9.43e-07	4.42e-33
 6.70133e+15	1.06e-10	1.61e-06	7.21e-04	2.35e-02	9.76e-01	8.78e-05	0.00e+00	9.25e-12	2.77e-11	4.63e-11	5.30e-07	1.08e-06	7.15e-33
 6.86930e+15	1.22e-10	1.84e-06	7.98e-04	2.49e-02	9.74e-01	8.25e-05	0.00e+00	1.06e-11	3.20e-11	5.33e-11	6.09e-07	1.24e-06	1.19e-32
 7.08765e+15	1.46e-10	2.19e-06	9.08e-04	2.69e-02	9.72e-01	7.62e-05	0.00e+00	1.28e-11	3.84e-11	6.40e-11	7.25e-07	1.47e-06	2.19e-32
 7.31823e+15	1.74e-10	2.62e-06	1.04e-03	2.90e-02	9.70e-01	7.03e-05	0.00e+00	1.52e-11	4.56e-11	7.61e-11	8.64e-07	1.75e-06	4.08e-32
 7.51754e+15	2.03e-10	3.03e-06	1.16e-03	3.09e-02	9.68e-01	6.58e-05	0.00e+00	1.77e-11	5.32e-11	8.89e-11	1.00e-06	2.03e-06	6.81e-32
 7.72947e+15	2.38e-10	3.55e-06	1.30e-03	3.31e-02	9.66e-01	6.13e-05	0.00e+00	2.09e-11	6.27e-11	1.05e-10	1.17e-06	2.37e-06	1.19e-31
 8.00497e+15	2.96e-10	4.33e-06	1.51e-03	3.60e-02	9.62e-01	5.60e-05	0.00e+00	2.60e-11	7.80e-11	1.30e-10	1.43e-06	2.90e-06	2.38e-31
 8.28193e+15	3.59e-10	5.21e-06	1.73e-03	3.91e-02	9.59e-01	5.15e-05	0.00e+00	3.16e-11	9.48e-11	1.58e-10	1.72e-06	3.49e-06	4.46e-31
 8.50633e+15	4.21e-10	6.05e-06	1.94e-03	4.17e-02	9.56e-01	4.81e-05	0.00e+00	3.70e-11	1.11e-10	1.85e-10	2.00e-06	4.05e-06	7.30e-31
 8.74361e+15	5.01e-10	7.09e-06	2.18e-03	4.46e-02	9.53e-01	4.49e-05	0.00e+00	4.42e-11	1.33e-10	2.21e-10	2.35e-06	4.74e-06	1.25e-30
 9.05208e+15	6.20e-10	8.66e-06	2.53e-03	4.86e-02	9.49e-01	4.10e-05	0.00e+00	5.47e-11	1.64e-10	2.74e-10	2.87e-06	5.79e-06	2.45e-30
 9.36500e+15	7.59e-10	1.05e-05	2.92e-03	5.28e-02	9.44e-01	3.77e-05	0.00e+00	6.71e-11	2.01e-10	3.36e-10	3.46e-06	6.99e-06	4.48e-30
 9.59961e+15	8.81e-10	1.20e-05	3.25e-03	5.61e-02	9.41e-01	3.55e-05	0.00e+00	7.79e-11	2.34e-10	3.90e-10	3.97e-06	8.02e-06	6.87e-30
 9.82052e+15	1.03e-09	1.37e-05	3.59e-03	5.94e-02	9.37e-01	3.34e-05	0.00e+00	9.09e-11	2.73e-10	4.55e-10	4.55e-06	9.19e-06	1.06e-29
 1.00680e+16	1.20e-09	1.59e-05	4.01e-03	6.32e-02	9.33e-01	3.14e-05	0.00e+00	1.06e-10	3.19e-10	5.32e-10	5.25e-06	1.06e-05	1.66e-29
 1.03067e+16	1.40e-09	1.82e-05	4.44e-03	6.71e-02	9.28e-01	2.96e-05	0.00e+00	1.24e-10	3.71e-10	6.20e-10	6.02e-06	1.21e-05	2.53e-29
 1.05739e+16	1.66e-09	2.12e-05	5.00e-03	7.16e-02	9.23e-01	2.77e-05	0.00e+00	1.48e-10	4.43e-10	7.39e-10	7.04e-06	1.42e-05	4.10e-29
 1.08542e+16	1.95e-09	2.47e-05	5.62e-03	7.65e-02	9.18e-01	2.59e-05	0.00e+00	1.74e-10	5.21e-10	8.70e-10	8.18e-06	1.65e-05	6.45e-29
 1.11078e+16	2.31e-09	2.83e-05	6.25e-03	8.13e-02	9.12e-01	2.44e-05	0.00e+00	2.05e-10	6.16e-10	1.03e-09	9.40e-06	1.89e-05	9.76e-29
 1.13937e+16	2.77e-09	3.33e-05	7.05e-03	8.70e-02	9.06e-01	2.29e-05	0.00e+00	2.47e-10	7.40e-10	1.23e-09	1.10e-05	2.22e-05	1.59e-28
 1.16969e+16	3.28e-09	3.89e-05	7.97e-03	9.31e-02	8.99e-01	2.14e-05	0.00e+00	2.92e-10	8.77e-10	1.46e-09	1.29e-05	2.60e-05	2.49e-28
 1.19767e+16	3.87e-09	4.50e-05	8.93e-03	9.92e-02	8.92e-01	2.01e-05	0.00e+00	3.45e-10	1.04e-09	1.73e-09	1.49e-05	3.01e-05	3.80e-28
 1.22945e+16	4.77e-09	5.35e-05	1.02e-02	1.07e-01	8.83e-01	1.88e-05	0.00e+00	4.27e-10	1.28e-09	2.14e-09	1.78e-05	3.58e-05	6.35e-28
 1.26286e+16	5.79e-09	6.33e-05	1.16e-02	1.15e-01	8.74e-01	1.75e-05	0.00e+00	5.18e-10	1.55e-09	2.59e-09	2.10e-05	4.23e-05	1.02e-27
 1.29153e+16	6.85e-09	7.31e-05	1.30e-02	1.22e-01	8.65e-01	1.65e-05	0.00e+00	6.14e-10	1.84e-09	3.07e-09	2.43e-05	4.88e-05	1.50e-27
 1.32194e+16	8.20e-09	8.59e-05	1.48e-02	1.30e-01	8.55e-01	1.55e-05	0.00e+00	7.35e-10	2.20e-09	3.68e-09	2.85e-05	5.73e-05	2.38e-27
 1.35497e+16	1.01e-08	1.02e-04	1.69e-02	1.40e-01	8.43e-01	1.45e-05	0.00e+00	9.03e-10	2.71e-09	4.52e-09	3.38e-05	6.79e-05	3.78e-27
 1.38456e+16	1.20e-08	1.18e-04	1.90e-02	1.49e-01	8.32e-01	1.37e-05	0.00e+00	1.08e-09	3.24e-09	5.41e-09	3.92e-05	7.87e-05	5.63e-27
 1.41117e+16	1.41e-08	1.35e-04	2.12e-02	1.58e-01	8.21e-01	1.31e-05	0.00e+00	1.27e-09	3.82e-09	6.37e-09	4.49e-05	9.02e-05	8.11e-27
