#depth	He	He+	He+2
 1.49634e+10	1.03e-22	5.98e-12	1.00e+00
 4.54887e+10	1.16e-22	6.47e-12	1.00e+00
 7.72350e+10	1.30e-22	7.00e-12	1.00e+00
 1.10251e+11	1.46e-22	7.57e-12	1.00e+00
 1.44588e+11	1.65e-22	8.19e-12	1.00e+00
 1.80298e+11	1.86e-22	8.87e-12	1.00e+00
 2.17437e+11	2.10e-22	9.60e-12	1.00e+00
 2.51821e+11	2.34e-22	1.03e-11	1.00e+00
 2.81677e+11	2.57e-22	1.09e-11	1.00e+00
 3.14811e+11	2.83e-22	1.17e-11	1.00e+00
 3.55173e+11	3.20e-22	1.26e-11	1.00e+00
 3.96032e+11	3.61e-22	1.35e-11	1.00e+00
 4.32306e+11	3.99e-22	1.44e-11	1.00e+00
 4.71520e+11	4.44e-22	1.54e-11	1.00e+00
 5.18522e+11	5.04e-22	1.67e-11	1.00e+00
 5.65210e+11	5.71e-22	1.79e-11	1.00e+00
 6.07515e+11	6.36e-22	1.91e-11	1.00e+00
 6.54558e+11	7.13e-22	2.05e-11	1.00e+00
 7.09735e+11	8.16e-22	2.22e-11	1.00e+00
 7.63887e+11	9.29e-22	2.40e-11	1.00e+00
 8.14086e+11	1.04e-21	2.57e-11	1.00e+00
 8.70458e+11	1.18e-21	2.77e-11	1.00e+00
 9.33192e+11	1.36e-21	2.99e-11	1.00e+00
 9.92613e+11	1.54e-21	3.22e-11	1.00e+00
 1.05642e+12	1.75e-21	3.48e-11	1.00e+00
 1.12860e+12	2.02e-21	3.78e-11	1.00e+00
 1.19941e+12	2.32e-21	4.09e-11	1.00e+00
 1.27305e+12	2.66e-21	4.43e-11	1.00e+00
 1.35390e+12	3.09e-21	4.82e-11	1.00e+00
 1.43500e+12	3.57e-21	5.24e-11	1.00e+00
 1.51935e+12	4.12e-21	5.69e-11	1.00e+00
 1.61005e+12	4.79e-21	6.21e-11	1.00e+00
 1.69320e+12	5.49e-21	6.70e-11	1.00e+00
 1.76476e+12	6.12e-21	7.14e-11	1.00e+00
 1.84446e+12	6.89e-21	7.66e-11	1.00e+00
 1.94227e+12	7.96e-21	8.32e-11	1.00e+00
 2.04380e+12	9.23e-21	9.05e-11	1.00e+00
 2.13111e+12	1.04e-20	9.70e-11	1.00e+00
 2.20718e+12	1.15e-20	1.03e-10	1.00e+00
 2.29348e+12	1.29e-20	1.10e-10	1.00e+00
 2.40407e+12	1.49e-20	1.19e-10	1.00e+00
 2.51755e+12	1.73e-20	1.29e-10	1.00e+00
 2.61323e+12	1.95e-20	1.38e-10	1.00e+00
 2.71444e+12	2.19e-20	1.48e-10	1.00e+00
 2.84204e+12	2.54e-20	1.61e-10	1.00e+00
 2.97244e+12	2.95e-20	1.75e-10	1.00e+00
 3.08491e+12	3.33e-20	1.88e-10	1.00e+00
 3.20556e+12	3.77e-20	2.02e-10	1.00e+00
 3.35419e+12	4.38e-20	2.20e-10	1.00e+00
 3.50511e+12	5.09e-20	2.39e-10	1.00e+00
 3.63997e+12	5.77e-20	2.58e-10	1.00e+00
 3.78804e+12	6.57e-20	2.79e-10	1.00e+00
 3.95270e+12	7.61e-20	3.03e-10	1.00e+00
 4.11332e+12	8.71e-20	3.28e-10	1.00e+00
 4.26998e+12	9.88e-20	3.54e-10	1.00e+00
 4.44712e+12	1.13e-19	3.84e-10	1.00e+00
 4.64283e+12	1.31e-19	4.19e-10	1.00e+00
 4.81670e+12	1.49e-19	4.52e-10	1.00e+00
 4.97178e+12	1.66e-19	4.82e-10	1.00e+00
 5.14842e+12	1.86e-19	5.18e-10	1.00e+00
 5.33836e+12	2.12e-19	5.59e-10	1.00e+00
 5.50843e+12	2.36e-19	5.96e-10	1.00e+00
 5.69235e+12	2.63e-19	6.39e-10	1.00e+00
 5.92719e+12	3.02e-19	6.96e-10	1.00e+00
 6.16648e+12	3.46e-19	7.57e-10	1.00e+00
 6.36873e+12	3.86e-19	8.11e-10	1.00e+00
 6.58460e+12	4.32e-19	8.71e-10	1.00e+00
 6.85571e+12	4.95e-19	9.50e-10	1.00e+00
 7.13903e+12	5.69e-19	1.04e-09	1.00e+00
 7.39633e+12	6.42e-19	1.12e-09	1.00e+00
 7.67944e+12	7.26e-19	1.21e-09	1.00e+00
 8.01121e+12	8.39e-19	1.33e-09	1.00e+00
 8.34285e+12	9.62e-19	1.46e-09	1.00e+00
 8.66152e+12	1.09e-18	1.58e-09	1.00e+00
 9.01168e+12	1.24e-18	1.73e-09	1.00e+00
 9.37619e+12	1.42e-18	1.89e-09	1.00e+00
 9.70700e+12	1.59e-18	2.04e-09	1.00e+00
 1.00696e+13	1.79e-18	2.21e-09	1.00e+00
 1.04950e+13	2.06e-18	2.43e-09	1.00e+00
 1.09122e+13	2.34e-18	2.65e-09	1.00e+00
 1.12937e+13	2.61e-18	2.87e-09	1.00e+00
 1.16351e+13	2.88e-18	3.07e-09	1.00e+00
 1.19952e+13	3.18e-18	3.29e-09	1.00e+00
 1.23974e+13	3.54e-18	3.55e-09	1.00e+00
 1.27768e+13	3.90e-18	3.80e-09	1.00e+00
 1.31927e+13	4.33e-18	4.09e-09	1.00e+00
 1.36559e+13	4.84e-18	4.43e-09	1.00e+00
 1.40891e+13	5.35e-18	4.77e-09	1.00e+00
 1.45606e+13	5.94e-18	5.14e-09	1.00e+00
 1.50897e+13	6.67e-18	5.59e-09	1.00e+00
 1.55905e+13	7.41e-18	6.02e-09	1.00e+00
 1.61385e+13	8.28e-18	6.52e-09	1.00e+00
 1.67543e+13	9.36e-18	7.12e-09	1.00e+00
 1.73402e+13	1.05e-17	7.71e-09	1.00e+00
 1.79837e+13	1.18e-17	8.38e-09	1.00e+00
 1.87294e+13	1.35e-17	9.20e-09	1.00e+00
 1.94435e+13	1.54e-17	1.00e-08	1.00e+00
 2.00537e+13	1.71e-17	1.08e-08	1.00e+00
 2.06930e+13	1.91e-17	1.16e-08	1.00e+00
 2.14903e+13	2.18e-17	1.26e-08	1.00e+00
 2.23069e+13	2.49e-17	1.37e-08	1.00e+00
 2.30306e+13	2.80e-17	1.47e-08	1.00e+00
 2.38199e+13	3.16e-17	1.59e-08	1.00e+00
 2.46554e+13	3.59e-17	1.71e-08	1.00e+00
 2.53784e+13	4.00e-17	1.83e-08	1.00e+00
 2.61460e+13	4.47e-17	1.95e-08	1.00e+00
 2.71264e+13	5.14e-17	2.11e-08	1.00e+00
 2.81416e+13	5.91e-17	2.29e-08	1.00e+00
 2.90216e+13	6.65e-17	2.45e-08	1.00e+00
 2.99679e+13	7.52e-17	2.62e-08	1.00e+00
 3.11278e+13	8.71e-17	2.84e-08	1.00e+00
 3.23179e+13	1.01e-16	3.08e-08	1.00e+00
 3.34098e+13	1.15e-16	3.31e-08	1.00e+00
 3.46214e+13	1.32e-16	3.57e-08	1.00e+00
 3.59400e+13	1.53e-16	3.86e-08	1.00e+00
 3.71352e+13	1.74e-16	4.14e-08	1.00e+00
 3.84267e+13	1.99e-16	4.44e-08	1.00e+00
 3.99547e+13	2.32e-16	4.82e-08	1.00e+00
 4.14518e+13	2.68e-16	5.21e-08	1.00e+00
 4.28128e+13	3.04e-16	5.57e-08	1.00e+00
 4.41090e+13	3.43e-16	5.93e-08	1.00e+00
 4.53309e+13	3.82e-16	6.28e-08	1.00e+00
 4.66825e+13	4.29e-16	6.67e-08	1.00e+00
 4.81886e+13	4.87e-16	7.13e-08	1.00e+00
 4.95958e+13	5.46e-16	7.57e-08	1.00e+00
 5.11255e+13	6.16e-16	8.06e-08	1.00e+00
 5.28355e+13	7.03e-16	8.64e-08	1.00e+00
 5.44480e+13	7.93e-16	9.19e-08	1.00e+00
 5.62121e+13	9.00e-16	9.82e-08	1.00e+00
 5.81860e+13	1.03e-15	1.06e-07	1.00e+00
 6.00525e+13	1.17e-15	1.13e-07	1.00e+00
 6.20990e+13	1.34e-15	1.21e-07	1.00e+00
 6.43698e+13	1.55e-15	1.30e-07	1.00e+00
 6.64786e+13	1.76e-15	1.39e-07	1.00e+00
 6.87661e+13	2.02e-15	1.49e-07	1.00e+00
 7.13136e+13	2.34e-15	1.61e-07	1.00e+00
 7.36946e+13	2.67e-15	1.72e-07	1.00e+00
 7.62855e+13	3.06e-15	1.85e-07	1.00e+00
 7.91717e+13	3.56e-15	2.00e-07	1.00e+00
 8.18741e+13	4.07e-15	2.14e-07	1.00e+00
 8.48197e+13	4.69e-15	2.31e-07	1.00e+00
 8.81083e+13	5.47e-15	2.50e-07	1.00e+00
 9.12044e+13	6.29e-15	2.68e-07	1.00e+00
 9.45453e+13	7.26e-15	2.89e-07	1.00e+00
 9.82776e+13	8.48e-15	3.13e-07	1.00e+00
 1.01879e+14	9.80e-15	3.37e-07	1.00e+00
 1.05704e+14	1.14e-14	3.64e-07	1.00e+00
 1.09570e+14	1.31e-14	3.92e-07	1.00e+00
 1.12939e+14	1.48e-14	4.16e-07	1.00e+00
 1.15957e+14	1.64e-14	4.40e-07	1.00e+00
 1.19241e+14	1.84e-14	4.65e-07	1.00e+00
 1.23511e+14	2.11e-14	5.00e-07	1.00e+00
 1.27830e+14	2.42e-14	5.36e-07	1.00e+00
 1.31316e+14	2.69e-14	5.66e-07	1.00e+00
 1.34948e+14	3.00e-14	5.99e-07	1.00e+00
 1.39671e+14	3.43e-14	6.42e-07	1.00e+00
 1.44674e+14	3.94e-14	6.89e-07	1.00e+00
 1.49044e+14	4.42e-14	7.31e-07	1.00e+00
 1.53728e+14	4.99e-14	7.78e-07	1.00e+00
 1.59517e+14	5.77e-14	8.38e-07	1.00e+00
 1.65401e+14	6.64e-14	9.01e-07	1.00e+00
 1.70609e+14	7.48e-14	9.59e-07	1.00e+00
 1.76282e+14	8.49e-14	1.02e-06	1.00e+00
 1.83093e+14	9.82e-14	1.10e-06	1.00e+00
 1.89870e+14	1.13e-13	1.19e-06	1.00e+00
 1.96005e+14	1.28e-13	1.26e-06	1.00e+00
 2.02820e+14	1.45e-13	1.35e-06	1.00e+00
 2.10820e+14	1.68e-13	1.46e-06	1.00e+00
 2.18724e+14	1.94e-13	1.57e-06	1.00e+00
 2.26134e+14	2.20e-13	1.68e-06	1.00e+00
 2.34401e+14	2.52e-13	1.81e-06	1.00e+00
 2.43807e+14	2.92e-13	1.95e-06	1.00e+00
 2.53178e+14	3.37e-13	2.11e-06	1.00e+00
 2.60925e+14	3.77e-13	2.24e-06	1.00e+00
 2.66963e+14	4.11e-13	2.34e-06	1.00e+00
 2.73558e+14	4.51e-13	2.46e-06	1.00e+00
 2.82132e+14	5.06e-13	2.62e-06	1.00e+00
 2.91428e+14	5.71e-13	2.80e-06	1.00e+00
 2.99796e+14	6.35e-13	2.96e-06	1.00e+00
 3.08808e+14	7.09e-13	3.14e-06	1.00e+00
 3.20194e+14	8.11e-13	3.38e-06	1.00e+00
 3.31679e+14	9.25e-13	3.63e-06	1.00e+00
 3.41387e+14	1.03e-12	3.85e-06	1.00e+00
 3.51774e+14	1.15e-12	4.10e-06	1.00e+00
 3.64813e+14	1.32e-12	4.41e-06	1.00e+00
 3.78208e+14	1.51e-12	4.75e-06	1.00e+00
 3.89908e+14	1.68e-12	5.06e-06	1.00e+00
 4.02498e+14	1.89e-12	5.40e-06	1.00e+00
 4.17821e+14	2.18e-12	5.83e-06	1.00e+00
 4.33105e+14	2.48e-12	6.28e-06	1.00e+00
 4.46597e+14	2.78e-12	6.69e-06	1.00e+00
 4.61350e+14	3.14e-12	7.16e-06	1.00e+00
 4.79097e+14	3.61e-12	7.75e-06	1.00e+00
 4.96741e+14	4.12e-12	8.36e-06	1.00e+00
 5.12612e+14	4.63e-12	8.93e-06	1.00e+00
 5.30174e+14	5.24e-12	9.58e-06	1.00e+00
 5.50916e+14	6.05e-12	1.04e-05	1.00e+00
 5.71353e+14	6.91e-12	1.12e-05	1.00e+00
 5.90192e+14	7.79e-12	1.20e-05	1.00e+00
 6.08195e+14	8.70e-12	1.28e-05	1.00e+00
 6.28399e+14	9.82e-12	1.37e-05	1.00e+00
 6.50885e+14	1.12e-11	1.47e-05	1.00e+00
 6.70073e+14	1.24e-11	1.57e-05	1.00e+00
 6.85698e+14	1.36e-11	1.64e-05	1.00e+00
 7.02954e+14	1.49e-11	1.73e-05	1.00e+00
 7.25386e+14	1.67e-11	1.85e-05	1.00e+00
 7.49215e+14	1.89e-11	1.98e-05	1.00e+00
 7.70020e+14	2.09e-11	2.10e-05	1.00e+00
 7.92227e+14	2.32e-11	2.23e-05	1.00e+00
 8.20890e+14	2.65e-11	2.41e-05	1.00e+00
 8.50282e+14	3.02e-11	2.59e-05	1.00e+00
 8.74905e+14	3.36e-11	2.75e-05	1.00e+00
 9.00992e+14	3.76e-11	2.93e-05	1.00e+00
 9.34067e+14	4.31e-11	3.16e-05	1.00e+00
 9.68764e+14	4.94e-11	3.41e-05	1.00e+00
 9.99579e+14	5.56e-11	3.64e-05	1.00e+00
 1.03281e+15	6.30e-11	3.90e-05	1.00e+00
 1.07264e+15	7.28e-11	4.23e-05	1.00e+00
 1.11208e+15	8.37e-11	4.57e-05	1.00e+00
 1.14753e+15	9.43e-11	4.88e-05	1.00e+00
 1.18677e+15	1.08e-10	5.24e-05	1.00e+00
 1.23315e+15	1.25e-10	5.69e-05	1.00e+00
 1.27920e+15	1.44e-10	6.15e-05	1.00e+00
 1.32212e+15	1.64e-10	6.59e-05	1.00e+00
 1.35940e+15	1.83e-10	7.00e-05	1.00e+00
 1.39063e+15	2.01e-10	7.36e-05	1.00e+00
 1.42517e+15	2.21e-10	7.75e-05	1.00e+00
 1.47006e+15	2.51e-10	8.29e-05	1.00e+00
 1.51685e+15	2.85e-10	8.88e-05	1.00e+00
 1.55641e+15	3.17e-10	9.39e-05	1.00e+00
 1.59816e+15	3.53e-10	9.95e-05	1.00e+00
 1.65242e+15	4.06e-10	1.07e-04	1.00e+00
 1.70858e+15	4.66e-10	1.15e-04	1.00e+00
 1.75552e+15	5.22e-10	1.22e-04	1.00e+00
 1.80483e+15	5.86e-10	1.30e-04	1.00e+00
 1.86894e+15	6.80e-10	1.41e-04	1.00e+00
 1.93617e+15	7.91e-10	1.52e-04	1.00e+00
 1.99388e+15	8.98e-10	1.62e-04	1.00e+00
 2.05532e+15	1.02e-09	1.74e-04	1.00e+00
 2.13186e+15	1.20e-09	1.89e-04	1.00e+00
 2.21082e+15	1.41e-09	2.05e-04	1.00e+00
 2.28116e+15	1.62e-09	2.20e-04	1.00e+00
 2.35750e+15	1.86e-09	2.37e-04	1.00e+00
 2.44868e+15	2.21e-09	2.59e-04	1.00e+00
 2.53884e+15	2.60e-09	2.81e-04	1.00e+00
 2.62035e+15	2.99e-09	3.01e-04	1.00e+00
 2.71093e+15	3.49e-09	3.26e-04	1.00e+00
 2.79943e+15	4.03e-09	3.51e-04	1.00e+00
 2.86534e+15	4.47e-09	3.70e-04	1.00e+00
 2.93113e+15	4.95e-09	3.90e-04	1.00e+00
 3.01666e+15	5.63e-09	4.16e-04	1.00e+00
 3.10811e+15	6.44e-09	4.46e-04	1.00e+00
 3.18851e+15	7.23e-09	4.73e-04	1.00e+00
 3.27426e+15	8.15e-09	5.02e-04	9.99e-01
 3.38574e+15	9.47e-09	5.42e-04	9.99e-01
 3.49863e+15	1.10e-08	5.84e-04	9.99e-01
 3.58973e+15	1.23e-08	6.19e-04	9.99e-01
 3.68451e+15	1.38e-08	6.56e-04	9.99e-01
 3.80774e+15	1.60e-08	7.07e-04	9.99e-01
 3.93799e+15	1.86e-08	7.63e-04	9.99e-01
 4.05160e+15	2.11e-08	8.13e-04	9.99e-01
 4.17353e+15	2.41e-08	8.69e-04	9.99e-01
 4.32732e+15	2.83e-08	9.43e-04	9.99e-01
 4.48570e+15	3.31e-08	1.02e-03	9.99e-01
 4.62439e+15	3.78e-08	1.09e-03	9.99e-01
 4.77427e+15	4.34e-08	1.17e-03	9.99e-01
 4.95618e+15	5.11e-08	1.27e-03	9.99e-01
 5.13881e+15	5.96e-08	1.38e-03	9.99e-01
 5.27968e+15	6.68e-08	1.46e-03	9.99e-01
 5.38600e+15	7.28e-08	1.53e-03	9.98e-01
 5.50302e+15	7.97e-08	1.60e-03	9.98e-01
 5.65515e+15	8.98e-08	1.70e-03	9.98e-01
 5.82077e+15	1.02e-07	1.81e-03	9.98e-01
 5.96897e+15	1.13e-07	1.91e-03	9.98e-01
 6.12668e+15	1.26e-07	2.02e-03	9.98e-01
 6.33170e+15	1.46e-07	2.18e-03	9.98e-01
 6.53794e+15	1.67e-07	2.33e-03	9.98e-01
 6.70133e+15	1.85e-07	2.46e-03	9.98e-01
 6.86930e+15	2.05e-07	2.59e-03	9.97e-01
 7.08765e+15	2.35e-07	2.78e-03	9.97e-01
 7.31823e+15	2.68e-07	2.97e-03	9.97e-01
 7.51754e+15	2.99e-07	3.14e-03	9.97e-01
 7.72947e+15	3.36e-07	3.34e-03	9.97e-01
 8.00497e+15	3.90e-07	3.61e-03	9.96e-01
 8.28193e+15	4.47e-07	3.88e-03	9.96e-01
 8.50633e+15	4.98e-07	4.10e-03	9.96e-01
 8.74361e+15	5.59e-07	4.36e-03	9.96e-01
 9.05208e+15	6.46e-07	4.71e-03	9.95e-01
 9.36500e+15	7.40e-07	5.07e-03	9.95e-01
 9.59961e+15	8.14e-07	5.34e-03	9.95e-01
 9.82052e+15	8.96e-07	5.62e-03	9.94e-01
 1.00680e+16	9.90e-07	5.94e-03	9.94e-01
 1.03067e+16	1.09e-06	6.26e-03	9.94e-01
 1.05739e+16	1.21e-06	6.65e-03	9.93e-01
 1.08542e+16	1.35e-06	7.05e-03	9.93e-01
 1.11078e+16	1.48e-06	7.45e-03	9.93e-01
 1.13937e+16	1.65e-06	7.93e-03	9.92e-01
 1.16969e+16	1.84e-06	8.44e-03	9.92e-01
 1.19767e+16	2.03e-06	8.96e-03	9.91e-01
 1.22945e+16	2.29e-06	9.61e-03	9.90e-01
 1.26286e+16	2.57e-06	1.03e-02	9.90e-01
 1.29153e+16	2.83e-06	1.09e-02	9.89e-01
 1.32194e+16	3.16e-06	1.17e-02	9.88e-01
 1.35497e+16	3.55e-06	1.26e-02	9.87e-01
 1.38456e+16	3.93e-06	1.35e-02	9.87e-01
 1.41117e+16	4.32e-06	1.43e-02	9.86e-01
 1.44074e+16	4.83e-06	1.54e-02	9.85e-01
 1.47170e+16	5.42e-06	1.66e-02	9.83e-01
 1.49762e+16	5.95e-06	1.78e-02	9.82e-01
 1.52442e+16	6.63e-06	1.91e-02	9.81e-01
 1.55369e+16	7.48e-06	2.07e-02	9.79e-01
 1.57956e+16	8.30e-06	2.23e-02	9.78e-01
 1.60212e+16	9.12e-06	2.39e-02	9.76e-01
 1.62696e+16	1.03e-05	2.59e-02	9.74e-01
 1.65296e+16	1.15e-05	2.82e-02	9.72e-01
 1.67552e+16	1.29e-05	3.05e-02	9.69e-01
 1.69630e+16	1.44e-05	3.29e-02	9.67e-01
 1.71650e+16	1.60e-05	3.56e-02	9.64e-01
 1.73954e+16	1.80e-05	3.92e-02	9.61e-01
 1.76395e+16	2.08e-05	4.36e-02	9.56e-01
 1.78425e+16	2.39e-05	4.79e-02	9.52e-01
 1.80064e+16	2.67e-05	5.20e-02	9.48e-01
 1.81785e+16	3.04e-05	5.69e-02	9.43e-01
 1.83650e+16	3.43e-05	6.31e-02	9.37e-01
 1.85390e+16	3.92e-05	6.99e-02	9.30e-01
 1.86998e+16	4.58e-05	7.74e-02	9.23e-01
 1.88304e+16	5.12e-05	8.43e-02	9.16e-01
 1.89562e+16	5.69e-05	9.22e-02	9.08e-01
 1.91198e+16	6.66e-05	1.04e-01	8.96e-01
 1.92846e+16	7.90e-05	1.18e-01	8.82e-01
 1.94094e+16	9.22e-05	1.31e-01	8.68e-01
 1.95001e+16	1.02e-04	1.42e-01	8.58e-01
 1.95709e+16	1.11e-04	1.52e-01	8.48e-01
 1.96457e+16	1.22e-04	1.63e-01	8.37e-01
 1.97428e+16	1.38e-04	1.79e-01	8.21e-01
 1.98385e+16	1.56e-04	1.96e-01	8.04e-01
 1.99079e+16	1.73e-04	2.10e-01	7.90e-01
 1.99583e+16	1.85e-04	2.21e-01	7.78e-01
 2.00085e+16	2.00e-04	2.34e-01	7.66e-01
 2.00738e+16	2.20e-04	2.51e-01	7.49e-01
 2.01475e+16	2.45e-04	2.71e-01	7.29e-01
 2.02141e+16	2.69e-04	2.91e-01	7.08e-01
 2.02828e+16	2.99e-04	3.14e-01	6.85e-01
 2.03546e+16	3.33e-04	3.40e-01	6.60e-01
 2.04143e+16	3.67e-04	3.62e-01	6.38e-01
 2.04634e+16	3.94e-04	3.81e-01	6.19e-01
 2.05146e+16	4.27e-04	4.02e-01	5.97e-01
 2.05812e+16	4.74e-04	4.32e-01	5.68e-01
 2.06521e+16	5.26e-04	4.63e-01	5.36e-01
 2.07146e+16	5.76e-04	4.92e-01	5.07e-01
 2.07815e+16	6.35e-04	5.24e-01	4.75e-01
 2.08547e+16	7.03e-04	5.59e-01	4.41e-01
 2.09224e+16	7.67e-04	5.90e-01	4.09e-01
 2.09964e+16	8.46e-04	6.25e-01	3.74e-01
 2.10788e+16	9.35e-04	6.62e-01	3.37e-01
 2.11431e+16	1.00e-03	6.88e-01	3.11e-01
 2.11867e+16	1.05e-03	7.05e-01	2.94e-01
 2.12323e+16	1.11e-03	7.24e-01	2.75e-01
 2.12915e+16	1.18e-03	7.46e-01	2.53e-01
 2.13569e+16	1.26e-03	7.69e-01	2.30e-01
 2.14179e+16	1.33e-03	7.88e-01	2.11e-01
 2.14847e+16	1.42e-03	8.08e-01	1.91e-01
 2.15578e+16	1.51e-03	8.27e-01	1.71e-01
 2.16228e+16	1.60e-03	8.43e-01	1.56e-01
 2.16806e+16	1.68e-03	8.55e-01	1.43e-01
 2.17452e+16	1.77e-03	8.69e-01	1.30e-01
 2.18159e+16	1.87e-03	8.81e-01	1.17e-01
 2.18800e+16	1.97e-03	8.91e-01	1.07e-01
 2.19387e+16	2.06e-03	9.00e-01	9.80e-02
 2.20053e+16	2.17e-03	9.09e-01	8.89e-02
 2.20769e+16	2.29e-03	9.17e-01	8.05e-02
 2.21393e+16	2.40e-03	9.24e-01	7.40e-02
 2.21948e+16	2.51e-03	9.29e-01	6.85e-02
 2.22570e+16	2.63e-03	9.34e-01	6.29e-02
 2.23249e+16	2.79e-03	9.40e-01	5.75e-02
 2.23849e+16	2.93e-03	9.44e-01	5.32e-02
 2.24381e+16	3.06e-03	9.47e-01	4.98e-02
 2.24975e+16	3.22e-03	9.51e-01	4.60e-02
 2.25624e+16	3.41e-03	9.54e-01	4.24e-02
 2.26195e+16	3.60e-03	9.57e-01	3.96e-02
 2.26680e+16	3.77e-03	9.59e-01	3.73e-02
 2.27203e+16	3.96e-03	9.61e-01	3.50e-02
 2.27786e+16	4.20e-03	9.63e-01	3.26e-02
 2.28316e+16	4.44e-03	9.65e-01	3.07e-02
 2.28777e+16	4.67e-03	9.66e-01	2.91e-02
 2.29281e+16	4.94e-03	9.68e-01	2.74e-02
 2.29843e+16	5.28e-03	9.69e-01	2.57e-02
 2.30348e+16	5.61e-03	9.70e-01	2.43e-02
 2.30778e+16	5.94e-03	9.71e-01	2.31e-02
 2.31242e+16	6.30e-03	9.72e-01	2.19e-02
 2.31847e+16	6.85e-03	9.73e-01	2.05e-02
 2.32450e+16	7.51e-03	9.73e-01	1.92e-02
 2.32904e+16	8.10e-03	9.74e-01	1.83e-02
 2.33346e+16	8.69e-03	9.74e-01	1.75e-02
 2.33921e+16	9.60e-03	9.74e-01	1.64e-02
 2.34501e+16	1.08e-02	9.74e-01	1.54e-02
 2.34933e+16	1.18e-02	9.73e-01	1.48e-02
 2.35254e+16	1.27e-02	9.73e-01	1.43e-02
 2.35587e+16	1.38e-02	9.72e-01	1.38e-02
 2.36020e+16	1.53e-02	9.71e-01	1.32e-02
 2.36447e+16	1.73e-02	9.70e-01	1.27e-02
 2.36754e+16	1.90e-02	9.69e-01	1.23e-02
 2.36984e+16	2.05e-02	9.68e-01	1.20e-02
 2.37230e+16	2.22e-02	9.66e-01	1.17e-02
 2.37551e+16	2.48e-02	9.64e-01	1.13e-02
 2.37878e+16	2.81e-02	9.61e-01	1.10e-02
 2.38126e+16	3.13e-02	9.58e-01	1.08e-02
 2.38313e+16	3.40e-02	9.55e-01	1.06e-02
 2.38511e+16	3.73e-02	9.52e-01	1.04e-02
 2.38767e+16	4.21e-02	9.48e-01	1.02e-02
 2.39030e+16	4.84e-02	9.42e-01	1.01e-02
 2.39230e+16	5.45e-02	9.36e-01	9.96e-03
 2.39381e+16	5.96e-02	9.31e-01	9.91e-03
 2.39539e+16	6.57e-02	9.24e-01	9.85e-03
 2.39744e+16	7.46e-02	9.16e-01	9.80e-03
 2.39948e+16	8.59e-02	9.04e-01	9.81e-03
 2.40096e+16	9.61e-02	8.94e-01	9.83e-03
 2.40211e+16	1.04e-01	8.86e-01	9.88e-03
 2.40325e+16	1.14e-01	8.76e-01	9.93e-03
 2.40449e+16	1.25e-01	8.65e-01	9.99e-03
 2.40574e+16	1.38e-01	8.52e-01	1.01e-02
 2.40683e+16	1.52e-01	8.38e-01	1.02e-02
 2.40777e+16	1.63e-01	8.26e-01	1.03e-02
 2.40862e+16	1.76e-01	8.14e-01	1.04e-02
 2.40928e+16	1.86e-01	8.04e-01	1.05e-02
 2.40975e+16	1.93e-01	7.96e-01	1.05e-02
 2.41019e+16	2.00e-01	7.89e-01	1.06e-02
 2.41070e+16	2.09e-01	7.80e-01	1.06e-02
 2.41125e+16	2.20e-01	7.70e-01	1.07e-02
 2.41178e+16	2.30e-01	7.60e-01	1.07e-02
 2.41228e+16	2.39e-01	7.50e-01	1.08e-02
 2.41277e+16	2.50e-01	7.39e-01	1.08e-02
 2.41328e+16	2.61e-01	7.28e-01	1.09e-02
 2.41378e+16	2.73e-01	7.16e-01	1.10e-02
 2.41427e+16	2.84e-01	7.05e-01	1.10e-02
 2.41477e+16	2.96e-01	6.93e-01	1.11e-02
 2.41527e+16	3.09e-01	6.80e-01	1.11e-02
 2.41575e+16	3.22e-01	6.67e-01	1.12e-02
 2.41624e+16	3.35e-01	6.54e-01	1.12e-02
 2.41673e+16	3.50e-01	6.39e-01	1.12e-02
 2.41722e+16	3.64e-01	6.25e-01	1.13e-02
 2.41771e+16	3.79e-01	6.10e-01	1.12e-02
 2.41820e+16	3.94e-01	5.95e-01	1.13e-02
 2.41870e+16	4.09e-01	5.79e-01	1.13e-02
 2.41920e+16	4.26e-01	5.63e-01	1.12e-02
 2.41969e+16	4.42e-01	5.47e-01	1.12e-02
 2.42019e+16	4.59e-01	5.30e-01	1.12e-02
 2.42070e+16	4.76e-01	5.13e-01	1.11e-02
 2.42122e+16	4.94e-01	4.95e-01	1.10e-02
 2.42174e+16	5.12e-01	4.77e-01	1.09e-02
 2.42226e+16	5.30e-01	4.59e-01	1.08e-02
 2.42277e+16	5.48e-01	4.41e-01	1.07e-02
 2.42329e+16	5.66e-01	4.24e-01	1.05e-02
 2.42382e+16	5.84e-01	4.06e-01	1.03e-02
 2.42435e+16	6.02e-01	3.88e-01	1.01e-02
 2.42490e+16	6.20e-01	3.70e-01	9.94e-03
 2.42545e+16	6.37e-01	3.53e-01	9.71e-03
 2.42602e+16	6.55e-01	3.36e-01	9.46e-03
 2.42661e+16	6.72e-01	3.19e-01	9.20e-03
 2.42723e+16	6.89e-01	3.02e-01	8.91e-03
 2.42788e+16	7.06e-01	2.85e-01	8.61e-03
 2.42858e+16	7.22e-01	2.70e-01	8.30e-03
 2.42932e+16	7.38e-01	2.54e-01	7.98e-03
 2.43011e+16	7.53e-01	2.39e-01	7.64e-03
 2.43100e+16	7.68e-01	2.25e-01	7.29e-03
 2.43202e+16	7.82e-01	2.11e-01	6.92e-03
 2.43315e+16	7.95e-01	1.98e-01	6.59e-03
 2.43434e+16	8.06e-01	1.88e-01	6.28e-03
 2.43552e+16	8.14e-01	1.80e-01	6.03e-03
 2.43670e+16	8.20e-01	1.74e-01	5.82e-03
 2.43786e+16	8.25e-01	1.70e-01	5.65e-03
 2.43920e+16	8.29e-01	1.65e-01	5.47e-03
 2.44093e+16	8.34e-01	1.61e-01	5.28e-03
 2.44319e+16	8.38e-01	1.57e-01	5.08e-03
 2.44613e+16	8.42e-01	1.53e-01	4.85e-03
 2.44995e+16	8.47e-01	1.48e-01	4.59e-03
 2.45491e+16	8.52e-01	1.44e-01	4.28e-03
 2.46131e+16	8.58e-01	1.38e-01	3.94e-03
 2.46863e+16	8.64e-01	1.32e-01	3.59e-03
 2.47583e+16	8.70e-01	1.27e-01	3.28e-03
 2.48275e+16	8.75e-01	1.22e-01	3.02e-03
 2.48969e+16	8.80e-01	1.17e-01	2.77e-03
 2.49540e+16	8.84e-01	1.14e-01	2.60e-03
 2.49932e+16	8.86e-01	1.11e-01	2.48e-03
 2.50287e+16	8.88e-01	1.09e-01	2.38e-03
 2.50670e+16	8.91e-01	1.07e-01	2.27e-03
 2.51069e+16	8.93e-01	1.05e-01	2.17e-03
 2.51455e+16	8.95e-01	1.02e-01	2.07e-03
 2.51823e+16	8.98e-01	1.00e-01	1.99e-03
 2.52179e+16	8.99e-01	9.86e-02	1.91e-03
 2.52531e+16	9.01e-01	9.67e-02	1.83e-03
 2.52879e+16	9.03e-01	9.49e-02	1.76e-03
 2.53220e+16	9.05e-01	9.32e-02	1.70e-03
 2.53556e+16	9.07e-01	9.16e-02	1.63e-03
 2.53889e+16	9.08e-01	9.00e-02	1.57e-03
 2.54216e+16	9.10e-01	8.84e-02	1.52e-03
 2.54537e+16	9.12e-01	8.69e-02	1.46e-03
 2.54854e+16	9.13e-01	8.55e-02	1.41e-03
 2.55167e+16	9.15e-01	8.41e-02	1.36e-03
 2.55476e+16	9.16e-01	8.28e-02	1.32e-03
 2.55781e+16	9.17e-01	8.15e-02	1.27e-03
 2.56084e+16	9.19e-01	8.02e-02	1.23e-03
 2.56385e+16	9.20e-01	7.90e-02	1.19e-03
 2.56683e+16	9.21e-01	7.77e-02	1.15e-03
 2.56981e+16	9.22e-01	7.66e-02	1.11e-03
 2.57278e+16	9.24e-01	7.54e-02	1.08e-03
 2.57576e+16	9.25e-01	7.43e-02	1.04e-03
 2.57874e+16	9.26e-01	7.31e-02	1.01e-03
 2.58173e+16	9.27e-01	7.20e-02	9.79e-04
 2.58475e+16	9.28e-01	7.09e-02	9.47e-04
 2.58782e+16	9.29e-01	6.98e-02	9.16e-04
 2.59096e+16	9.30e-01	6.87e-02	8.85e-04
 2.59423e+16	9.32e-01	6.76e-02	8.54e-04
 2.59766e+16	9.33e-01	6.64e-02	8.23e-04
 2.60127e+16	9.34e-01	6.52e-02	7.92e-04
 2.60506e+16	9.35e-01	6.40e-02	7.60e-04
 2.60913e+16	9.37e-01	6.27e-02	7.27e-04
 2.61361e+16	9.38e-01	6.12e-02	6.92e-04
 2.61871e+16	9.40e-01	5.96e-02	6.55e-04
 2.62437e+16	9.41e-01	5.80e-02	6.16e-04
 2.63006e+16	9.43e-01	5.63e-02	5.80e-04
 2.63545e+16	9.45e-01	5.49e-02	5.48e-04
 2.64052e+16	9.46e-01	5.35e-02	5.20e-04
 2.64513e+16	9.47e-01	5.23e-02	4.95e-04
 2.64932e+16	9.48e-01	5.12e-02	4.74e-04
 2.65314e+16	9.49e-01	5.03e-02	4.56e-04
 2.65662e+16	9.50e-01	4.94e-02	4.39e-04
 2.65978e+16	9.51e-01	4.86e-02	4.24e-04
 2.66265e+16	9.52e-01	4.79e-02	4.12e-04
 2.66581e+16	9.52e-01	4.72e-02	3.98e-04
 2.66921e+16	9.53e-01	4.64e-02	3.84e-04
 2.67231e+16	9.54e-01	4.57e-02	3.71e-04
 2.67512e+16	9.55e-01	4.50e-02	3.60e-04
 2.67769e+16	9.55e-01	4.44e-02	3.50e-04
 2.68050e+16	9.56e-01	4.38e-02	3.40e-04
 2.68353e+16	9.57e-01	4.31e-02	3.29e-04
 2.68629e+16	9.57e-01	4.25e-02	3.19e-04
 2.68932e+16	9.58e-01	4.18e-02	3.08e-04
 2.69259e+16	9.59e-01	4.11e-02	2.97e-04
 2.69556e+16	9.59e-01	4.04e-02	2.87e-04
 2.69826e+16	9.60e-01	3.98e-02	2.79e-04
 2.70072e+16	9.60e-01	3.93e-02	2.71e-04
 2.70342e+16	9.61e-01	3.87e-02	2.63e-04
 2.70633e+16	9.62e-01	3.81e-02	2.54e-04
 2.70898e+16	9.62e-01	3.76e-02	2.47e-04
 2.71139e+16	9.63e-01	3.71e-02	2.40e-04
 2.71359e+16	9.63e-01	3.67e-02	2.34e-04
 2.71599e+16	9.64e-01	3.61e-02	2.28e-04
 2.71859e+16	9.64e-01	3.56e-02	2.21e-04
 2.72095e+16	9.65e-01	3.52e-02	2.15e-04
 2.72310e+16	9.65e-01	3.47e-02	2.10e-04
 2.72545e+16	9.66e-01	3.43e-02	2.04e-04
 2.72800e+16	9.66e-01	3.38e-02	1.98e-04
 2.73031e+16	9.66e-01	3.33e-02	1.93e-04
 2.73242e+16	9.67e-01	3.29e-02	1.88e-04
 2.73472e+16	9.67e-01	3.25e-02	1.83e-04
 2.73721e+16	9.68e-01	3.20e-02	1.77e-04
 2.73948e+16	9.68e-01	3.16e-02	1.73e-04
 2.74154e+16	9.69e-01	3.13e-02	1.69e-04
 2.74380e+16	9.69e-01	3.08e-02	1.64e-04
 2.74624e+16	9.69e-01	3.04e-02	1.59e-04
 2.74847e+16	9.70e-01	3.00e-02	1.55e-04
 2.75090e+16	9.70e-01	2.96e-02	1.51e-04
 2.75353e+16	9.71e-01	2.91e-02	1.46e-04
 2.75592e+16	9.71e-01	2.87e-02	1.42e-04
 2.75809e+16	9.71e-01	2.84e-02	1.39e-04
 2.76048e+16	9.72e-01	2.80e-02	1.35e-04
 2.76305e+16	9.72e-01	2.76e-02	1.31e-04
 2.76539e+16	9.73e-01	2.72e-02	1.27e-04
 2.76752e+16	9.73e-01	2.69e-02	1.24e-04
 2.76986e+16	9.73e-01	2.65e-02	1.21e-04
 2.77238e+16	9.74e-01	2.62e-02	1.18e-04
 2.77467e+16	9.74e-01	2.58e-02	1.15e-04
 2.77719e+16	9.74e-01	2.55e-02	1.11e-04
 2.77990e+16	9.75e-01	2.51e-02	1.08e-04
 2.78237e+16	9.75e-01	2.47e-02	1.05e-04
 2.78508e+16	9.76e-01	2.44e-02	1.02e-04
 2.78800e+16	9.76e-01	2.40e-02	9.87e-05
 2.79066e+16	9.76e-01	2.36e-02	9.60e-05
 2.79308e+16	9.77e-01	2.34e-02	9.35e-05
 2.79573e+16	9.77e-01	2.30e-02	9.07e-05
 2.79859e+16	9.77e-01	2.27e-02	8.80e-05
 2.80120e+16	9.78e-01	2.23e-02	8.57e-05
 2.80405e+16	9.78e-01	2.20e-02	8.30e-05
 2.80713e+16	9.78e-01	2.16e-02	8.04e-05
 2.80994e+16	9.79e-01	2.13e-02	7.81e-05
 2.81301e+16	9.79e-01	2.10e-02	7.55e-05
 2.81633e+16	9.79e-01	2.06e-02	7.30e-05
 2.81935e+16	9.80e-01	2.03e-02	7.08e-05
 2.82209e+16	9.80e-01	2.00e-02	6.89e-05
 2.82510e+16	9.80e-01	1.97e-02	6.67e-05
 2.82835e+16	9.81e-01	1.94e-02	6.45e-05
 2.83131e+16	9.81e-01	1.91e-02	6.27e-05
 2.83455e+16	9.81e-01	1.88e-02	6.06e-05
 2.83805e+16	9.81e-01	1.85e-02	5.85e-05
 2.84123e+16	9.82e-01	1.82e-02	5.67e-05
 2.84472e+16	9.82e-01	1.78e-02	5.47e-05
 2.84849e+16	9.82e-01	1.75e-02	5.28e-05
 2.85191e+16	9.83e-01	1.72e-02	5.11e-05
 2.85503e+16	9.83e-01	1.70e-02	4.96e-05
 2.85845e+16	9.83e-01	1.67e-02	4.79e-05
 2.86214e+16	9.84e-01	1.64e-02	4.63e-05
 2.86550e+16	9.84e-01	1.61e-02	4.49e-05
 2.86918e+16	9.84e-01	1.59e-02	4.33e-05
 2.87315e+16	9.84e-01	1.56e-02	4.17e-05
 2.87676e+16	9.85e-01	1.53e-02	4.04e-05
 2.88072e+16	9.85e-01	1.50e-02	3.89e-05
 2.88500e+16	9.85e-01	1.47e-02	3.74e-05
 2.88889e+16	9.85e-01	1.45e-02	3.61e-05
 2.89315e+16	9.86e-01	1.42e-02	3.47e-05
 2.89776e+16	9.86e-01	1.39e-02	3.33e-05
 2.90195e+16	9.86e-01	1.36e-02	3.21e-05
 2.90576e+16	9.87e-01	1.34e-02	3.11e-05
 2.90993e+16	9.87e-01	1.32e-02	2.99e-05
 2.91444e+16	9.87e-01	1.29e-02	2.88e-05
 2.91855e+16	9.87e-01	1.27e-02	2.78e-05
 2.92304e+16	9.88e-01	1.24e-02	2.67e-05
 2.92790e+16	9.88e-01	1.22e-02	2.57e-05
 2.93232e+16	9.88e-01	1.19e-02	2.48e-05
 2.93716e+16	9.88e-01	1.17e-02	2.37e-05
 2.94238e+16	9.89e-01	1.14e-02	2.28e-05
 2.94714e+16	9.89e-01	1.12e-02	2.19e-05
 2.95235e+16	9.89e-01	1.10e-02	2.10e-05
 2.95798e+16	9.89e-01	1.07e-02	2.00e-05
 2.96309e+16	9.89e-01	1.05e-02	1.93e-05
 2.96870e+16	9.90e-01	1.03e-02	1.84e-05
 2.97476e+16	9.90e-01	1.00e-02	1.75e-05
 2.98027e+16	9.90e-01	9.82e-03	1.68e-05
 2.98631e+16	9.90e-01	9.58e-03	1.60e-05
 2.99283e+16	9.91e-01	9.34e-03	1.53e-05
 2.99876e+16	9.91e-01	9.14e-03	1.46e-05
 3.00527e+16	9.91e-01	8.91e-03	1.39e-05
 3.01229e+16	9.91e-01	8.67e-03	1.32e-05
 3.01867e+16	9.92e-01	8.48e-03	1.26e-05
 3.02567e+16	9.92e-01	8.25e-03	1.19e-05
 3.03323e+16	9.92e-01	8.03e-03	1.13e-05
 3.04010e+16	9.92e-01	7.83e-03	1.08e-05
 3.04764e+16	9.92e-01	7.61e-03	1.02e-05
 3.05577e+16	9.93e-01	7.40e-03	9.63e-06
 3.06317e+16	9.93e-01	7.21e-03	9.16e-06
 3.07129e+16	9.93e-01	7.00e-03	8.63e-06
 3.08004e+16	9.93e-01	6.80e-03	8.14e-06
 3.08801e+16	9.93e-01	6.62e-03	7.73e-06
 3.09674e+16	9.94e-01	6.42e-03	7.27e-06
 3.10617e+16	9.94e-01	6.22e-03	6.83e-06
 3.11475e+16	9.94e-01	6.05e-03	6.47e-06
 3.12415e+16	9.94e-01	5.85e-03	6.06e-06
 3.13430e+16	9.94e-01	5.66e-03	5.69e-06
 3.14542e+16	9.95e-01	5.46e-03	5.28e-06
 3.15837e+16	9.95e-01	5.23e-03	4.86e-06
 3.17197e+16	9.95e-01	5.01e-03	4.46e-06
 3.18615e+16	9.95e-01	4.79e-03	4.09e-06
 3.20093e+16	9.95e-01	4.58e-03	3.73e-06
 3.21625e+16	9.96e-01	4.37e-03	3.40e-06
 3.23209e+16	9.96e-01	4.16e-03	3.10e-06
 3.24827e+16	9.96e-01	3.97e-03	2.82e-06
 3.26470e+16	9.96e-01	3.78e-03	2.56e-06
 3.28138e+16	9.96e-01	3.60e-03	2.33e-06
 3.29838e+16	9.97e-01	3.43e-03	2.11e-06
 3.31570e+16	9.97e-01	3.27e-03	1.92e-06
 3.33334e+16	9.97e-01	3.11e-03	1.74e-06
 3.35128e+16	9.97e-01	2.96e-03	1.57e-06
 3.36954e+16	9.97e-01	2.81e-03	1.43e-06
 3.38811e+16	9.97e-01	2.67e-03	1.29e-06
 3.40701e+16	9.97e-01	2.54e-03	1.17e-06
 3.42591e+16	9.98e-01	2.41e-03	1.06e-06
 3.44509e+16	9.98e-01	2.29e-03	9.55e-07
 3.46502e+16	9.98e-01	2.18e-03	8.60e-07
 3.48540e+16	9.98e-01	2.06e-03	7.74e-07
 3.50605e+16	9.98e-01	1.96e-03	6.97e-07
 3.52702e+16	9.98e-01	1.85e-03	6.26e-07
 3.54839e+16	9.98e-01	1.75e-03	5.62e-07
 3.57018e+16	9.98e-01	1.66e-03	5.04e-07
 3.59236e+16	9.98e-01	1.57e-03	4.51e-07
 3.61496e+16	9.99e-01	1.48e-03	4.04e-07
 3.63800e+16	9.99e-01	1.40e-03	3.60e-07
 3.66149e+16	9.99e-01	1.32e-03	3.21e-07
 3.68546e+16	9.99e-01	1.25e-03	2.86e-07
 3.70991e+16	9.99e-01	1.18e-03	2.54e-07
 3.73486e+16	9.99e-01	1.11e-03	2.26e-07
 3.76035e+16	9.99e-01	1.04e-03	2.00e-07
 3.78638e+16	9.99e-01	9.78e-04	1.76e-07
 3.81300e+16	9.99e-01	9.18e-04	1.56e-07
 3.84023e+16	9.99e-01	8.60e-04	1.37e-07
 3.86810e+16	9.99e-01	8.06e-04	1.20e-07
 3.89665e+16	9.99e-01	7.53e-04	1.05e-07
 3.92590e+16	9.99e-01	7.04e-04	9.19e-08
 3.95592e+16	9.99e-01	6.56e-04	7.99e-08
 3.98678e+16	9.99e-01	6.11e-04	6.95e-08
 4.01804e+16	9.99e-01	5.69e-04	6.03e-08
 4.05013e+16	9.99e-01	5.29e-04	5.21e-08
 4.08360e+16	1.00e+00	4.90e-04	4.47e-08
 4.11833e+16	1.00e+00	4.52e-04	3.82e-08
 4.15440e+16	1.00e+00	4.17e-04	3.24e-08
 4.19179e+16	1.00e+00	3.83e-04	2.74e-08
 4.23061e+16	1.00e+00	3.51e-04	2.30e-08
 4.27103e+16	1.00e+00	3.20e-04	1.92e-08
 4.31328e+16	1.00e+00	2.91e-04	1.59e-08
 4.35756e+16	1.00e+00	2.64e-04	1.31e-08
 4.40428e+16	1.00e+00	2.38e-04	1.06e-08
 4.45367e+16	1.00e+00	2.13e-04	8.52e-09
 4.50596e+16	1.00e+00	1.90e-04	6.76e-09
 4.56207e+16	1.00e+00	1.68e-04	5.28e-09
 4.62258e+16	1.00e+00	1.47e-04	4.05e-09
 4.68778e+16	1.00e+00	1.27e-04	3.04e-09
 4.75888e+16	1.00e+00	1.09e-04	2.23e-09
 4.83764e+16	1.00e+00	9.17e-05	1.58e-09
 4.92486e+16	1.00e+00	7.60e-05	1.09e-09
 5.02480e+16	1.00e+00	6.12e-05	7.07e-10
 5.13891e+16	1.00e+00	4.81e-05	4.36e-10
 5.25844e+16	1.00e+00	3.75e-05	2.67e-10
 5.37648e+16	1.00e+00	2.95e-05	1.65e-10
 5.49300e+16	1.00e+00	2.33e-05	1.03e-10
 5.61060e+16	1.00e+00	1.85e-05	6.50e-11
 5.73077e+16	1.00e+00	1.46e-05	4.07e-11
 5.85315e+16	1.00e+00	1.15e-05	2.54e-11
 5.97718e+16	1.00e+00	9.12e-06	1.60e-11
 6.10357e+16	1.00e+00	7.22e-06	1.00e-11
 6.23326e+16	1.00e+00	5.69e-06	6.26e-12
 6.36514e+16	1.00e+00	4.50e-06	3.92e-12
 6.49905e+16	1.00e+00	3.57e-06	2.47e-12
 6.63731e+16	1.00e+00	2.82e-06	1.54e-12
 6.78024e+16	1.00e+00	2.22e-06	9.59e-13
 6.92665e+16	1.00e+00	1.75e-06	5.97e-13
 7.07732e+16	1.00e+00	1.37e-06	3.69e-13
 7.23289e+16	1.00e+00	1.08e-06	2.28e-13
 7.39368e+16	1.00e+00	8.42e-07	1.39e-13
 7.56039e+16	1.00e+00	6.57e-07	8.50e-14
 7.73371e+16	1.00e+00	5.10e-07	5.13e-14
 7.91469e+16	1.00e+00	3.94e-07	3.07e-14
 8.10453e+16	1.00e+00	3.03e-07	1.81e-14
 8.30482e+16	1.00e+00	2.30e-07	1.05e-14
 8.51781e+16	1.00e+00	1.74e-07	5.97e-15
 8.74638e+16	1.00e+00	1.29e-07	3.31e-15
 8.99408e+16	1.00e+00	9.44e-08	1.77e-15
 9.25620e+16	1.00e+00	6.85e-08	9.33e-16
 9.52104e+16	1.00e+00	5.00e-08	4.98e-16
 9.78527e+16	1.00e+00	3.68e-08	2.71e-16
 1.00508e+17	1.00e+00	2.73e-08	1.49e-16
 1.03185e+17	1.00e+00	2.03e-08	8.24e-17
 1.05864e+17	1.00e+00	1.52e-08	4.63e-17
 1.08527e+17	1.00e+00	1.15e-08	2.65e-17
 1.11171e+17	1.00e+00	8.76e-09	1.54e-17
 1.13785e+17	1.00e+00	6.73e-09	9.08e-18
 1.16352e+17	1.00e+00	5.22e-09	5.47e-18
 1.18862e+17	1.00e+00	4.09e-09	3.36e-18
 1.21311e+17	1.00e+00	3.24e-09	2.11e-18
 1.23688e+17	1.00e+00	2.60e-09	1.35e-18
 1.25983e+17	1.00e+00	2.10e-09	8.88e-19
 1.28191e+17	1.00e+00	1.72e-09	5.96e-19
 1.30313e+17	1.00e+00	1.42e-09	4.08e-19
 1.32351e+17	1.00e+00	1.19e-09	2.85e-19
 1.34300e+17	1.00e+00	1.00e-09	2.03e-19
 1.36159e+17	1.00e+00	8.55e-10	1.48e-19
 1.37929e+17	1.00e+00	7.35e-10	1.09e-19
 1.39614e+17	1.00e+00	6.38e-10	8.23e-20
 1.41216e+17	1.00e+00	5.58e-10	6.30e-20
 1.42739e+17	1.00e+00	4.92e-10	4.90e-20
 1.44184e+17	1.00e+00	4.38e-10	3.87e-20
 1.45556e+17	1.00e+00	3.91e-10	3.10e-20
 1.46857e+17	1.00e+00	3.52e-10	2.52e-20
 1.48092e+17	1.00e+00	3.19e-10	2.07e-20
 1.49264e+17	1.00e+00	2.91e-10	1.72e-20
 1.50375e+17	1.00e+00	2.67e-10	1.44e-20
 1.51428e+17	1.00e+00	2.45e-10	1.22e-20
 1.52426e+17	1.00e+00	2.27e-10	1.05e-20
 1.53374e+17	1.00e+00	2.11e-10	9.04e-21
 1.54274e+17	1.00e+00	1.97e-10	0.00e+00
 1.55128e+17	1.00e+00	1.84e-10	0.00e+00
 1.55939e+17	1.00e+00	1.73e-10	0.00e+00
 1.56709e+17	1.00e+00	1.64e-10	0.00e+00
 1.57440e+17	1.00e+00	1.55e-10	0.00e+00
 1.58135e+17	1.00e+00	1.47e-10	0.00e+00
 1.58797e+17	1.00e+00	1.40e-10	0.00e+00
 1.59426e+17	1.00e+00	1.33e-10	0.00e+00
 1.60024e+17	1.00e+00	1.28e-10	0.00e+00
 1.60594e+17	1.00e+00	1.22e-10	0.00e+00
 1.61137e+17	1.00e+00	1.18e-10	0.00e+00
 1.61654e+17	1.00e+00	1.13e-10	0.00e+00
 1.62148e+17	1.00e+00	1.09e-10	0.00e+00
 1.62619e+17	1.00e+00	1.05e-10	0.00e+00
 1.63069e+17	1.00e+00	1.02e-10	0.00e+00
 1.63500e+17	1.00e+00	9.89e-11	0.00e+00
 1.63911e+17	1.00e+00	9.60e-11	0.00e+00
 1.64306e+17	1.00e+00	9.33e-11	0.00e+00
 1.64684e+17	1.00e+00	9.08e-11	0.00e+00
 1.65047e+17	1.00e+00	8.84e-11	0.00e+00
 1.65397e+17	1.00e+00	8.63e-11	0.00e+00
 1.65733e+17	1.00e+00	8.42e-11	0.00e+00
 1.66058e+17	1.00e+00	8.23e-11	0.00e+00
 1.66371e+17	1.00e+00	8.04e-11	0.00e+00
 1.66675e+17	1.00e+00	7.87e-11	0.00e+00
 1.66969e+17	1.00e+00	7.71e-11	0.00e+00
 1.67256e+17	1.00e+00	7.56e-11	0.00e+00
 1.67535e+17	1.00e+00	7.41e-11	0.00e+00
 1.67809e+17	1.00e+00	7.27e-11	0.00e+00
 1.68078e+17	1.00e+00	7.13e-11	0.00e+00
 1.68343e+17	1.00e+00	7.00e-11	0.00e+00
 1.68606e+17	1.00e+00	6.87e-11	0.00e+00
 1.68867e+17	1.00e+00	6.75e-11	0.00e+00
 1.69129e+17	1.00e+00	6.62e-11	0.00e+00
 1.69392e+17	1.00e+00	6.50e-11	0.00e+00
 1.69660e+17	1.00e+00	6.38e-11	0.00e+00
 1.69934e+17	1.00e+00	6.26e-11	0.00e+00
 1.70217e+17	1.00e+00	6.14e-11	0.00e+00
 1.70512e+17	1.00e+00	6.01e-11	0.00e+00
 1.70824e+17	1.00e+00	5.88e-11	0.00e+00
 1.71159e+17	1.00e+00	5.75e-11	0.00e+00
 1.71524e+17	1.00e+00	5.60e-11	0.00e+00
 1.71930e+17	1.00e+00	5.44e-11	0.00e+00
 1.72391e+17	1.00e+00	5.27e-11	0.00e+00
 1.72929e+17	1.00e+00	5.08e-11	0.00e+00
 1.73575e+17	1.00e+00	4.85e-11	0.00e+00
 1.74380e+17	1.00e+00	4.59e-11	0.00e+00
 1.75413e+17	1.00e+00	4.27e-11	0.00e+00
 1.76756e+17	1.00e+00	3.89e-11	0.00e+00
 1.78503e+17	1.00e+00	3.45e-11	0.00e+00
 1.80773e+17	1.00e+00	2.96e-11	0.00e+00
 1.83724e+17	1.00e+00	2.43e-11	0.00e+00
 1.87561e+17	1.00e+00	1.90e-11	0.00e+00
 1.92549e+17	1.00e+00	1.39e-11	0.00e+00
 1.98500e+17	1.00e+00	9.73e-12	0.00e+00
 2.04856e+17	1.00e+00	6.90e-12	0.00e+00
 2.11396e+17	1.00e+00	5.08e-12	0.00e+00
 2.18031e+17	1.00e+00	3.89e-12	0.00e+00
 2.24665e+17	1.00e+00	3.13e-12	0.00e+00
 2.31299e+17	1.00e+00	2.64e-12	0.00e+00
 2.37934e+17	1.00e+00	2.30e-12	0.00e+00
 2.44568e+17	1.00e+00	2.07e-12	0.00e+00
 2.51203e+17	1.00e+00	1.91e-12	0.00e+00
 2.57837e+17	1.00e+00	1.78e-12	0.00e+00
 2.64471e+17	1.00e+00	1.69e-12	0.00e+00
 2.71106e+17	1.00e+00	1.61e-12	0.00e+00
 2.77740e+17	1.00e+00	1.54e-12	0.00e+00
 2.85370e+17	1.00e+00	1.48e-12	0.00e+00
 2.95288e+17	1.00e+00	1.19e-12	0.00e+00
 3.06912e+17	1.00e+00	8.29e-13	0.00e+00
 3.19189e+17	1.00e+00	6.81e-13	0.00e+00
 3.31956e+17	1.00e+00	5.93e-13	0.00e+00
 3.45234e+17	1.00e+00	5.15e-13	0.00e+00
 3.59044e+17	1.00e+00	4.43e-13	0.00e+00
 3.72685e+17	1.00e+00	3.75e-13	0.00e+00
 3.85031e+17	1.00e+00	3.72e-13	0.00e+00
 3.95749e+17	1.00e+00	4.08e-13	0.00e+00
 4.05361e+17	1.00e+00	4.40e-13	0.00e+00
 4.14610e+17	1.00e+00	4.35e-13	0.00e+00
 4.23729e+17	1.00e+00	3.97e-13	0.00e+00
 4.32279e+17	1.00e+00	3.60e-13	0.00e+00
 4.39201e+17	1.00e+00	3.46e-13	0.00e+00
 4.43702e+17	1.00e+00	3.74e-13	0.00e+00
 4.46152e+17	1.00e+00	4.10e-13	0.00e+00
 4.47482e+17	1.00e+00	4.34e-13	0.00e+00
 4.48280e+17	1.00e+00	4.46e-13	0.00e+00
 4.48759e+17	1.00e+00	4.54e-13	0.00e+00
 4.49102e+17	1.00e+00	4.58e-13	0.00e+00
 4.49480e+17	1.00e+00	4.62e-13	0.00e+00
 4.49971e+17	1.00e+00	4.65e-13	0.00e+00
 4.50520e+17	1.00e+00	4.68e-13	0.00e+00
 4.51006e+17	1.00e+00	4.69e-13	0.00e+00
 4.51365e+17	1.00e+00	4.71e-13	0.00e+00
 4.51648e+17	1.00e+00	4.71e-13	0.00e+00
 4.51949e+17	1.00e+00	4.72e-13	0.00e+00
 4.52287e+17	1.00e+00	4.72e-13	0.00e+00
 4.52624e+17	1.00e+00	4.72e-13	0.00e+00
 4.52909e+17	1.00e+00	4.71e-13	0.00e+00
 4.53134e+17	1.00e+00	4.71e-13	0.00e+00
 4.53353e+17	1.00e+00	4.71e-13	0.00e+00
 4.53589e+17	1.00e+00	4.70e-13	0.00e+00
 4.53844e+17	1.00e+00	4.69e-13	0.00e+00
 4.54088e+17	1.00e+00	4.68e-13	0.00e+00
 4.54289e+17	1.00e+00	4.67e-13	0.00e+00
 4.54470e+17	1.00e+00	4.67e-13	0.00e+00
 4.54662e+17	1.00e+00	4.66e-13	0.00e+00
 4.54866e+17	1.00e+00	4.64e-13	0.00e+00
 4.55061e+17	1.00e+00	4.63e-13	0.00e+00
 4.55236e+17	1.00e+00	4.62e-13	0.00e+00
 4.55396e+17	1.00e+00	4.61e-13	0.00e+00
 4.55557e+17	1.00e+00	4.60e-13	0.00e+00
 4.55723e+17	1.00e+00	4.59e-13	0.00e+00
 4.55894e+17	1.00e+00	4.58e-13	0.00e+00
 4.56065e+17	1.00e+00	4.56e-13	0.00e+00
 4.56224e+17	1.00e+00	4.55e-13	0.00e+00
 4.56373e+17	1.00e+00	4.53e-13	0.00e+00
 4.56523e+17	1.00e+00	4.52e-13	0.00e+00
 4.56681e+17	1.00e+00	4.51e-13	0.00e+00
 4.56843e+17	1.00e+00	4.49e-13	0.00e+00
 4.57000e+17	1.00e+00	4.47e-13	0.00e+00
 4.57152e+17	1.00e+00	4.46e-13	0.00e+00
 4.57309e+17	1.00e+00	4.44e-13	0.00e+00
 4.57471e+17	1.00e+00	4.43e-13	0.00e+00
 4.57635e+17	1.00e+00	4.41e-13	0.00e+00
 4.57800e+17	1.00e+00	4.39e-13	0.00e+00
 4.57964e+17	1.00e+00	4.37e-13	0.00e+00
 4.58129e+17	1.00e+00	4.35e-13	0.00e+00
 4.58296e+17	1.00e+00	4.33e-13	0.00e+00
 4.58462e+17	1.00e+00	4.31e-13	0.00e+00
 4.58646e+17	1.00e+00	4.29e-13	0.00e+00
 4.58853e+17	1.00e+00	4.26e-13	0.00e+00
 4.59055e+17	1.00e+00	4.23e-13	0.00e+00
 4.59237e+17	1.00e+00	4.21e-13	0.00e+00
 4.59407e+17	1.00e+00	4.18e-13	0.00e+00
 4.59592e+17	1.00e+00	4.16e-13	0.00e+00
 4.59810e+17	1.00e+00	4.13e-13	0.00e+00
 4.60060e+17	1.00e+00	4.10e-13	0.00e+00
 4.60300e+17	1.00e+00	4.06e-13	0.00e+00
 4.60508e+17	1.00e+00	4.03e-13	0.00e+00
 4.60701e+17	1.00e+00	4.00e-13	0.00e+00
 4.60915e+17	1.00e+00	3.97e-13	0.00e+00
 4.61175e+17	1.00e+00	3.94e-13	0.00e+00
 4.61466e+17	1.00e+00	3.89e-13	0.00e+00
 4.61743e+17	1.00e+00	3.85e-13	0.00e+00
 4.61980e+17	1.00e+00	3.81e-13	0.00e+00
 4.62217e+17	1.00e+00	3.77e-13	0.00e+00
 4.62498e+17	1.00e+00	3.74e-13	0.00e+00
 4.62820e+17	1.00e+00	3.69e-13	0.00e+00
 4.63151e+17	1.00e+00	3.63e-13	0.00e+00
 4.63461e+17	1.00e+00	3.58e-13	0.00e+00
 4.63750e+17	1.00e+00	3.53e-13	0.00e+00
 4.64045e+17	1.00e+00	3.49e-13	0.00e+00
 4.64363e+17	1.00e+00	3.44e-13	0.00e+00
 4.64731e+17	1.00e+00	3.39e-13	0.00e+00
 4.65129e+17	1.00e+00	3.32e-13	0.00e+00
 4.65485e+17	1.00e+00	3.26e-13	0.00e+00
 4.65826e+17	1.00e+00	3.21e-13	0.00e+00
 4.66218e+17	1.00e+00	3.15e-13	0.00e+00
 4.66622e+17	1.00e+00	3.08e-13	0.00e+00
 4.67028e+17	1.00e+00	3.02e-13	0.00e+00
 4.67446e+17	1.00e+00	2.95e-13	0.00e+00
 4.67873e+17	1.00e+00	2.89e-13	0.00e+00
 4.68315e+17	1.00e+00	2.82e-13	0.00e+00
 4.68766e+17	1.00e+00	2.75e-13	0.00e+00
 4.69229e+17	1.00e+00	2.68e-13	0.00e+00
 4.69697e+17	1.00e+00	2.61e-13	0.00e+00
 4.70167e+17	1.00e+00	2.54e-13	0.00e+00
 4.70653e+17	1.00e+00	2.46e-13	0.00e+00
 4.71167e+17	1.00e+00	2.39e-13	0.00e+00
 4.71694e+17	1.00e+00	2.31e-13	0.00e+00
 4.72217e+17	1.00e+00	2.23e-13	0.00e+00
 4.72746e+17	1.00e+00	2.16e-13	0.00e+00
 4.73294e+17	1.00e+00	2.08e-13	0.00e+00
 4.73866e+17	1.00e+00	2.01e-13	0.00e+00
 4.74453e+17	1.00e+00	1.93e-13	0.00e+00
 4.75041e+17	1.00e+00	1.85e-13	0.00e+00
 4.75637e+17	1.00e+00	1.77e-13	0.00e+00
 4.76248e+17	1.00e+00	1.69e-13	0.00e+00
 4.76869e+17	1.00e+00	1.62e-13	0.00e+00
 4.77495e+17	1.00e+00	1.54e-13	0.00e+00
 4.78149e+17	1.00e+00	1.47e-13	0.00e+00
 4.78846e+17	1.00e+00	1.39e-13	0.00e+00
 4.79543e+17	1.00e+00	1.31e-13	0.00e+00
 4.80213e+17	1.00e+00	1.23e-13	0.00e+00
 4.80886e+17	1.00e+00	1.17e-13	0.00e+00
 4.81635e+17	1.00e+00	1.10e-13	0.00e+00
 4.82453e+17	1.00e+00	1.02e-13	0.00e+00
 4.83277e+17	1.00e+00	9.43e-14	0.00e+00
 4.84069e+17	1.00e+00	8.72e-14	0.00e+00
 4.84818e+17	1.00e+00	8.10e-14	0.00e+00
 4.85535e+17	1.00e+00	7.53e-14	0.00e+00
 4.86196e+17	1.00e+00	7.01e-14	0.00e+00
 4.86786e+17	1.00e+00	6.58e-14	0.00e+00
 4.87315e+17	1.00e+00	6.21e-14	0.00e+00
 4.87811e+17	1.00e+00	5.88e-14	0.00e+00
 4.88294e+17	1.00e+00	5.58e-14	0.00e+00
 4.88765e+17	1.00e+00	5.30e-14	0.00e+00
 4.89213e+17	1.00e+00	5.03e-14	0.00e+00
 4.89633e+17	1.00e+00	4.79e-14	0.00e+00
 4.90027e+17	1.00e+00	4.57e-14	0.00e+00
 4.90406e+17	1.00e+00	4.38e-14	0.00e+00
 4.90775e+17	1.00e+00	4.19e-14	0.00e+00
 4.91135e+17	1.00e+00	4.01e-14	0.00e+00
 4.91482e+17	1.00e+00	3.84e-14	0.00e+00
 4.91814e+17	1.00e+00	3.69e-14	0.00e+00
 4.92132e+17	1.00e+00	3.54e-14	0.00e+00
 4.92439e+17	1.00e+00	3.40e-14	0.00e+00
 4.92738e+17	1.00e+00	3.27e-14	0.00e+00
 4.93030e+17	1.00e+00	3.15e-14	0.00e+00
 4.93312e+17	1.00e+00	3.03e-14	0.00e+00
 4.93583e+17	1.00e+00	2.92e-14	0.00e+00
 4.93845e+17	1.00e+00	2.82e-14	0.00e+00
 4.94100e+17	1.00e+00	2.71e-14	0.00e+00
 4.94347e+17	1.00e+00	2.62e-14	0.00e+00
 4.94588e+17	1.00e+00	2.53e-14	0.00e+00
 4.94824e+17	1.00e+00	2.45e-14	0.00e+00
 4.95052e+17	1.00e+00	2.36e-14	0.00e+00
 4.95270e+17	1.00e+00	2.28e-14	0.00e+00
 4.95481e+17	1.00e+00	2.21e-14	0.00e+00
 4.95724e+17	1.00e+00	2.14e-14	0.00e+00
 4.96040e+17	1.00e+00	2.05e-14	0.00e+00
 4.96451e+17	1.00e+00	1.93e-14	0.00e+00
 4.96985e+17	1.00e+00	1.79e-14	0.00e+00
 4.97680e+17	1.00e+00	1.62e-14	0.00e+00
 4.98581e+17	1.00e+00	1.41e-14	0.00e+00
 4.99688e+17	1.00e+00	1.17e-14	0.00e+00
 5.00779e+17	1.00e+00	9.35e-15	0.00e+00
 5.01580e+17	1.00e+00	7.76e-15	0.00e+00
 5.02106e+17	1.00e+00	6.89e-15	0.00e+00
 5.02542e+17	1.00e+00	6.34e-15	0.00e+00
 5.03043e+17	1.00e+00	5.81e-15	0.00e+00
 5.03664e+17	1.00e+00	5.20e-15	0.00e+00
