#depth	N	N+	N+2	N+3	N+4	N+5	N+6	N+7
 1.49634e+10	5.61e-44	6.44e-34	8.59e-25	2.63e-16	9.20e-09	9.95e-01	5.40e-03	0.00e+00
 4.54887e+10	0.00e+00	9.04e-34	1.11e-24	3.13e-16	1.00e-08	9.95e-01	4.96e-03	1.23e-08
 7.72350e+10	1.31e-43	1.27e-33	1.44e-24	3.72e-16	1.10e-08	9.95e-01	4.53e-03	0.00e+00
 1.10251e+11	0.00e+00	1.78e-33	1.86e-24	4.43e-16	1.20e-08	9.96e-01	4.15e-03	0.00e+00
 1.41951e+11	2.96e-43	2.45e-33	2.36e-24	5.20e-16	1.30e-08	9.96e-01	3.82e-03	0.00e+00
 1.71313e+11	0.00e+00	3.25e-33	2.93e-24	6.02e-16	1.40e-08	9.96e-01	3.55e-03	0.00e+00
 2.04488e+11	6.20e-43	4.43e-33	3.71e-24	7.05e-16	1.52e-08	9.97e-01	3.27e-03	0.00e+00
 2.42594e+11	0.00e+00	6.25e-33	4.81e-24	8.42e-16	1.66e-08	9.97e-01	2.99e-03	0.00e+00
 2.80063e+11	1.43e-42	8.66e-33	6.17e-24	9.96e-16	1.81e-08	9.97e-01	2.75e-03	0.00e+00
 3.19031e+11	0.00e+00	1.20e-32	7.92e-24	1.18e-15	1.97e-08	9.97e-01	2.52e-03	0.00e+00
 3.61719e+11	3.29e-42	1.70e-32	1.03e-23	1.41e-15	2.16e-08	9.98e-01	2.30e-03	0.00e+00
 4.04568e+11	0.00e+00	2.37e-32	1.33e-23	1.68e-15	2.36e-08	9.98e-01	2.10e-03	0.00e+00
 4.49130e+11	7.56e-42	3.32e-32	1.72e-23	2.00e-15	2.58e-08	9.98e-01	1.92e-03	0.00e+00
 4.97022e+11	0.00e+00	4.70e-32	2.24e-23	2.40e-15	2.84e-08	9.98e-01	1.75e-03	0.00e+00
 5.44446e+11	1.75e-41	6.54e-32	2.89e-23	2.85e-15	3.10e-08	9.98e-01	1.60e-03	0.00e+00
 5.93767e+11	0.00e+00	9.12e-32	3.73e-23	3.40e-15	3.39e-08	9.99e-01	1.47e-03	0.00e+00
 6.47445e+11	4.06e-41	1.29e-31	4.88e-23	4.08e-15	3.73e-08	9.99e-01	1.33e-03	0.00e+00
 7.03269e+11	0.00e+00	1.83e-31	6.37e-23	4.91e-15	4.11e-08	9.99e-01	1.21e-03	0.00e+00
 7.61327e+11	9.56e-41	2.58e-31	8.33e-23	5.90e-15	4.52e-08	9.99e-01	1.10e-03	0.00e+00
 8.21706e+11	0.00e+00	3.65e-31	1.09e-22	7.11e-15	4.98e-08	9.99e-01	1.00e-03	0.00e+00
 8.84502e+11	2.24e-40	5.16e-31	1.42e-22	8.56e-15	5.49e-08	9.99e-01	9.09e-04	0.00e+00
 9.41356e+11	0.00e+00	6.97e-31	1.80e-22	1.01e-14	5.98e-08	9.99e-01	8.35e-04	0.00e+00
 9.88824e+11	4.36e-40	8.88e-31	2.17e-22	1.15e-14	6.41e-08	9.99e-01	7.79e-04	0.00e+00
 1.04087e+12	0.00e+00	1.15e-30	2.66e-22	1.32e-14	6.90e-08	9.99e-01	7.24e-04	0.00e+00
 1.10665e+12	8.78e-40	1.57e-30	3.39e-22	1.57e-14	7.56e-08	9.99e-01	6.61e-04	0.00e+00
 1.17523e+12	0.00e+00	2.15e-30	4.34e-22	1.87e-14	8.29e-08	9.99e-01	6.03e-04	0.00e+00
 1.23355e+12	1.76e-39	2.78e-30	5.31e-22	2.16e-14	8.94e-08	9.99e-01	5.60e-04	0.00e+00
 1.29360e+12	0.00e+00	3.59e-30	6.49e-22	2.49e-14	9.64e-08	9.99e-01	5.19e-04	0.00e+00
 1.36906e+12	3.49e-39	4.88e-30	8.28e-22	2.96e-14	1.06e-07	1.00e+00	4.74e-04	0.00e+00
 1.44567e+12	0.00e+00	6.59e-30	1.05e-21	3.51e-14	1.16e-07	1.00e+00	4.33e-04	0.00e+00
 1.51156e+12	6.77e-39	8.44e-30	1.28e-21	4.04e-14	1.25e-07	1.00e+00	4.02e-04	0.00e+00
 1.58237e+12	0.00e+00	1.09e-29	1.56e-21	4.67e-14	1.35e-07	1.00e+00	3.72e-04	0.00e+00
 1.66981e+12	1.33e-38	1.48e-29	1.99e-21	5.56e-14	1.48e-07	1.00e+00	3.39e-04	0.00e+00
 1.75937e+12	0.00e+00	1.99e-29	2.52e-21	6.59e-14	1.63e-07	1.00e+00	3.09e-04	0.00e+00
 1.84027e+12	2.59e-38	2.57e-29	3.10e-21	7.65e-14	1.76e-07	1.00e+00	2.85e-04	0.00e+00
 1.92936e+12	0.00e+00	3.38e-29	3.85e-21	8.95e-14	1.92e-07	1.00e+00	2.62e-04	0.00e+00
 2.03428e+12	5.19e-38	4.59e-29	4.92e-21	1.07e-13	2.12e-07	1.00e+00	2.38e-04	0.00e+00
 2.13922e+12	0.00e+00	6.14e-29	6.22e-21	1.27e-13	2.32e-07	1.00e+00	2.17e-04	0.00e+00
 2.23904e+12	1.02e-37	8.02e-29	7.70e-21	1.48e-13	2.53e-07	1.00e+00	2.00e-04	0.00e+00
 2.34921e+12	0.00e+00	1.06e-28	9.66e-21	1.75e-13	2.77e-07	1.00e+00	1.82e-04	0.00e+00
 2.47311e+12	2.05e-37	1.44e-28	1.23e-20	2.09e-13	3.05e-07	1.00e+00	1.66e-04	0.00e+00
 2.59710e+12	0.00e+00	1.92e-28	1.56e-20	2.48e-13	3.35e-07	1.00e+00	1.51e-04	0.00e+00
 2.70697e+12	3.89e-37	2.46e-28	1.90e-20	2.87e-13	3.63e-07	1.00e+00	1.40e-04	0.00e+00
 2.79912e+12	0.00e+00	3.00e-28	2.23e-20	3.23e-13	3.87e-07	1.00e+00	1.31e-04	0.00e+00
 2.89828e+12	6.35e-37	3.70e-28	2.63e-20	3.65e-13	4.14e-07	1.00e+00	1.22e-04	0.00e+00
 3.02720e+12	0.00e+00	4.81e-28	3.25e-20	4.26e-13	4.51e-07	1.00e+00	1.13e-04	0.00e+00
 3.16213e+12	1.19e-36	6.25e-28	4.02e-20	4.97e-13	4.91e-07	1.00e+00	1.03e-04	0.00e+00
 3.27734e+12	0.00e+00	7.76e-28	4.78e-20	5.65e-13	5.27e-07	1.00e+00	9.64e-05	0.00e+00
 3.39957e+12	2.01e-36	9.70e-28	5.72e-20	6.44e-13	5.66e-07	1.00e+00	8.98e-05	0.00e+00
 3.55298e+12	0.00e+00	1.27e-27	7.11e-20	7.54e-13	6.18e-07	1.00e+00	8.23e-05	0.00e+00
 3.71089e+12	3.82e-36	1.65e-27	8.80e-20	8.83e-13	6.74e-07	1.00e+00	7.56e-05	0.00e+00
 3.85039e+12	0.00e+00	2.08e-27	1.06e-19	1.01e-12	7.25e-07	1.00e+00	7.02e-05	0.00e+00
 3.98216e+12	6.42e-36	2.55e-27	1.25e-19	1.14e-12	7.75e-07	1.00e+00	6.57e-05	0.00e+00
 4.13359e+12	0.00e+00	3.22e-27	1.50e-19	1.30e-12	8.35e-07	1.00e+00	6.10e-05	0.00e+00
 4.30345e+12	1.14e-35	4.13e-27	1.84e-19	1.51e-12	9.06e-07	1.00e+00	5.63e-05	0.00e+00
 4.46387e+12	0.00e+00	5.18e-27	2.21e-19	1.73e-12	9.76e-07	1.00e+00	5.23e-05	0.00e+00
 4.63902e+12	2.00e-35	6.60e-27	2.68e-19	1.99e-12	1.05e-06	1.00e+00	4.84e-05	0.00e+00
 4.83263e+12	0.00e+00	8.52e-27	3.30e-19	2.31e-12	1.15e-06	1.00e+00	4.46e-05	0.00e+00
 5.01177e+12	3.58e-35	1.07e-26	3.96e-19	2.64e-12	1.23e-06	1.00e+00	4.15e-05	0.00e+00
 5.20619e+12	0.00e+00	1.36e-26	4.81e-19	3.04e-12	1.33e-06	1.00e+00	3.84e-05	0.00e+00
 5.42358e+12	6.53e-35	1.77e-26	5.93e-19	3.53e-12	1.45e-06	1.00e+00	3.54e-05	0.00e+00
 5.62855e+12	0.00e+00	2.24e-26	7.17e-19	4.05e-12	1.56e-06	1.00e+00	3.28e-05	0.00e+00
 5.85271e+12	1.17e-34	2.88e-26	8.77e-19	4.68e-12	1.69e-06	1.00e+00	3.03e-05	0.00e+00
 6.10278e+12	0.00e+00	3.77e-26	1.09e-18	5.47e-12	1.84e-06	1.00e+00	2.78e-05	0.00e+00
 6.33804e+12	2.18e-34	4.82e-26	1.32e-18	6.29e-12	1.99e-06	1.00e+00	2.58e-05	0.00e+00
 6.59390e+12	2.97e-34	6.25e-26	1.63e-18	7.29e-12	2.16e-06	1.00e+00	2.38e-05	0.00e+00
 6.88099e+12	4.15e-34	8.25e-26	2.03e-18	8.55e-12	2.35e-06	1.00e+00	2.18e-05	0.00e+00
 7.15652e+12	5.67e-34	1.07e-25	2.50e-18	9.90e-12	2.55e-06	1.00e+00	2.02e-05	0.00e+00
 7.44966e+12	7.82e-34	1.40e-25	3.09e-18	1.15e-11	2.76e-06	1.00e+00	1.86e-05	0.00e+00
 7.77757e+12	1.10e-33	1.86e-25	3.88e-18	1.35e-11	3.02e-06	1.00e+00	1.70e-05	0.00e+00
 8.10652e+12	1.55e-33	2.45e-25	4.84e-18	1.58e-11	3.29e-06	1.00e+00	1.57e-05	0.00e+00
 8.44862e+12	2.18e-33	3.26e-25	6.04e-18	1.84e-11	3.57e-06	1.00e+00	1.44e-05	0.00e+00
 8.81649e+12	3.07e-33	4.33e-25	7.59e-18	2.16e-11	3.90e-06	1.00e+00	1.32e-05	0.00e+00
 9.16178e+12	4.24e-33	5.64e-25	9.34e-18	2.50e-11	4.21e-06	1.00e+00	1.22e-05	0.00e+00
 9.47173e+12	5.61e-33	7.10e-25	1.12e-17	2.84e-11	4.50e-06	1.00e+00	1.14e-05	0.00e+00
 9.76620e+12	7.25e-33	8.77e-25	1.32e-17	3.18e-11	4.79e-06	1.00e+00	1.08e-05	0.00e+00
 1.00934e+13	9.61e-33	1.10e-24	1.58e-17	3.60e-11	5.12e-06	1.00e+00	1.01e-05	0.00e+00
 1.04593e+13	1.30e-32	1.42e-24	1.92e-17	4.12e-11	5.50e-06	1.00e+00	9.39e-06	0.00e+00
 1.08056e+13	1.72e-32	1.78e-24	2.30e-17	4.67e-11	5.87e-06	1.00e+00	8.79e-06	0.00e+00
 1.11855e+13	2.32e-32	2.27e-24	2.78e-17	5.32e-11	6.29e-06	1.00e+00	8.21e-06	0.00e+00
 1.16109e+13	3.22e-32	2.97e-24	3.42e-17	6.13e-11	6.77e-06	1.00e+00	7.62e-06	0.00e+00
 1.20067e+13	4.31e-32	3.77e-24	4.11e-17	6.96e-11	7.25e-06	1.00e+00	7.13e-06	0.00e+00
 1.23741e+13	5.62e-32	4.68e-24	4.86e-17	7.81e-11	7.70e-06	1.00e+00	6.71e-06	0.00e+00
 1.27931e+13	7.56e-32	5.96e-24	5.86e-17	8.86e-11	8.22e-06	1.00e+00	6.28e-06	0.00e+00
 1.33054e+13	1.08e-31	7.94e-24	7.30e-17	1.03e-10	8.88e-06	1.00e+00	5.82e-06	0.00e+00
 1.38159e+13	1.50e-31	1.04e-23	9.01e-17	1.19e-10	9.58e-06	1.00e+00	5.39e-06	0.00e+00
 1.42595e+13	2.00e-31	1.31e-23	1.08e-16	1.34e-10	1.02e-05	1.00e+00	5.07e-06	0.00e+00
 1.47392e+13	2.71e-31	1.68e-23	1.30e-16	1.52e-10	1.09e-05	1.00e+00	4.75e-06	0.00e+00
 1.53256e+13	3.89e-31	2.25e-23	1.62e-16	1.77e-10	1.17e-05	1.00e+00	4.41e-06	0.00e+00
 1.59239e+13	5.49e-31	2.97e-23	2.01e-16	2.05e-10	1.27e-05	1.00e+00	4.08e-06	0.00e+00
 1.64644e+13	7.50e-31	3.82e-23	2.43e-16	2.33e-10	1.35e-05	1.00e+00	3.83e-06	0.00e+00
 1.70562e+13	1.05e-30	4.99e-23	2.98e-16	2.66e-10	1.45e-05	1.00e+00	3.57e-06	0.00e+00
 1.77534e+13	1.53e-30	6.77e-23	3.75e-16	3.11e-10	1.56e-05	1.00e+00	3.31e-06	0.00e+00
 1.84496e+13	2.18e-30	9.03e-23	4.67e-16	3.60e-10	1.69e-05	1.00e+00	3.07e-06	0.00e+00
 1.91045e+13	3.04e-30	1.18e-22	5.71e-16	4.12e-10	1.80e-05	1.00e+00	2.87e-06	0.00e+00
 1.98296e+13	4.36e-30	1.57e-22	7.08e-16	4.76e-10	1.94e-05	1.00e+00	2.67e-06	0.00e+00
 2.06527e+13	6.38e-30	2.14e-22	8.95e-16	5.57e-10	2.10e-05	1.00e+00	2.46e-06	0.00e+00
 2.14750e+13	9.37e-30	2.90e-22	1.12e-15	6.47e-10	2.26e-05	1.00e+00	2.29e-06	0.00e+00
 2.23302e+13	1.35e-29	3.90e-22	1.41e-15	7.53e-10	2.44e-05	1.00e+00	2.12e-06	0.00e+00
 2.32534e+13	2.01e-29	5.34e-22	1.78e-15	8.80e-10	2.64e-05	1.00e+00	1.96e-06	0.00e+00
 2.42134e+13	2.98e-29	7.33e-22	2.25e-15	1.03e-09	2.85e-05	1.00e+00	1.81e-06	0.00e+00
 2.51397e+13	4.28e-29	9.80e-22	2.81e-15	1.19e-09	3.07e-05	1.00e+00	1.69e-06	0.00e+00
 2.60059e+13	5.92e-29	1.27e-21	3.42e-15	1.36e-09	3.27e-05	1.00e+00	1.58e-06	0.00e+00
 2.68189e+13	7.99e-29	1.62e-21	4.09e-15	1.53e-09	3.47e-05	1.00e+00	1.49e-06	0.00e+00
 2.77013e+13	1.10e-28	2.08e-21	4.95e-15	1.74e-09	3.70e-05	1.00e+00	1.40e-06	0.00e+00
 2.86902e+13	1.55e-28	2.74e-21	6.07e-15	1.99e-09	3.96e-05	1.00e+00	1.31e-06	0.00e+00
 2.96269e+13	2.10e-28	3.50e-21	7.33e-15	2.26e-09	4.21e-05	1.00e+00	1.23e-06	0.00e+00
 3.06542e+13	2.93e-28	4.57e-21	8.95e-15	2.58e-09	4.50e-05	1.00e+00	1.15e-06	0.00e+00
 3.18077e+13	4.22e-28	6.12e-21	1.11e-14	2.98e-09	4.83e-05	1.00e+00	1.07e-06	0.00e+00
 3.29070e+13	5.87e-28	7.96e-21	1.36e-14	3.40e-09	5.16e-05	1.00e+00	1.00e-06	0.00e+00
 3.41170e+13	8.27e-28	1.05e-20	1.68e-14	3.91e-09	5.54e-05	1.00e+00	9.33e-07	0.00e+00
 3.54697e+13	1.22e-27	1.43e-20	2.11e-14	4.56e-09	5.97e-05	1.00e+00	0.00e+00	0.00e+00
 3.67657e+13	1.70e-27	1.87e-20	2.60e-14	5.24e-09	6.41e-05	1.00e+00	0.00e+00	0.00e+00
 3.81556e+13	2.44e-27	2.50e-20	3.24e-14	6.06e-09	6.89e-05	1.00e+00	0.00e+00	0.00e+00
 3.97117e+13	3.61e-27	3.43e-20	4.09e-14	7.09e-09	7.45e-05	1.00e+00	0.00e+00	0.00e+00
 4.11492e+13	5.02e-27	4.48e-20	5.04e-14	8.16e-09	8.00e-05	1.00e+00	0.00e+00	0.00e+00
 4.23902e+13	6.75e-27	5.67e-20	6.01e-14	9.17e-09	8.48e-05	1.00e+00	0.00e+00	0.00e+00
 4.37633e+13	9.07e-27	7.21e-20	7.25e-14	1.04e-08	9.03e-05	1.00e+00	0.00e+00	0.00e+00
 4.54452e+13	1.31e-26	9.70e-20	9.05e-14	1.21e-08	9.73e-05	1.00e+00	0.00e+00	0.00e+00
 4.71526e+13	1.84e-26	1.28e-19	1.12e-13	1.39e-08	1.05e-04	1.00e+00	0.00e+00	0.00e+00
 4.86842e+13	2.52e-26	1.65e-19	1.36e-13	1.58e-08	1.12e-04	1.00e+00	0.00e+00	0.00e+00
 5.03631e+13	3.43e-26	2.12e-19	1.66e-13	1.81e-08	1.19e-04	1.00e+00	0.00e+00	0.00e+00
 5.23532e+13	5.03e-26	2.87e-19	2.08e-13	2.11e-08	1.29e-04	1.00e+00	0.00e+00	0.00e+00
 5.43180e+13	6.98e-26	3.77e-19	2.59e-13	2.44e-08	1.39e-04	1.00e+00	0.00e+00	0.00e+00
 5.61099e+13	9.64e-26	4.87e-19	3.13e-13	2.77e-08	1.48e-04	1.00e+00	0.00e+00	0.00e+00
 5.81070e+13	1.32e-25	6.31e-19	3.85e-13	3.18e-08	1.59e-04	1.00e+00	0.00e+00	0.00e+00
 6.04355e+13	1.91e-25	8.52e-19	4.85e-13	3.72e-08	1.72e-04	1.00e+00	0.00e+00	0.00e+00
 6.27273e+13	2.70e-25	1.13e-18	6.04e-13	4.31e-08	1.85e-04	1.00e+00	0.00e+00	0.00e+00
 6.48897e+13	3.71e-25	1.46e-18	7.38e-13	4.93e-08	1.98e-04	1.00e+00	0.00e+00	0.00e+00
 6.72942e+13	5.27e-25	1.94e-18	9.15e-13	5.69e-08	2.13e-04	1.00e+00	0.00e+00	0.00e+00
 7.00159e+13	7.48e-25	2.59e-18	1.16e-12	6.66e-08	2.31e-04	1.00e+00	0.00e+00	0.00e+00
 7.27339e+13	1.09e-24	3.50e-18	1.45e-12	7.74e-08	2.50e-04	1.00e+00	0.00e+00	0.00e+00
 7.52816e+13	1.47e-24	4.49e-18	1.77e-12	8.88e-08	2.68e-04	1.00e+00	0.00e+00	0.00e+00
 7.80438e+13	2.08e-24	5.95e-18	2.20e-12	1.02e-07	2.88e-04	1.00e+00	0.00e+00	0.00e+00
 8.11331e+13	2.92e-24	7.89e-18	2.76e-12	1.20e-07	3.11e-04	1.00e+00	0.00e+00	0.00e+00
 8.40181e+13	4.03e-24	1.03e-17	3.39e-12	1.37e-07	3.34e-04	1.00e+00	0.00e+00	0.00e+00
 8.66866e+13	5.44e-24	1.31e-17	4.08e-12	1.55e-07	3.56e-04	1.00e+00	0.00e+00	0.00e+00
 8.92531e+13	7.09e-24	1.63e-17	4.85e-12	1.75e-07	3.77e-04	1.00e+00	0.00e+00	0.00e+00
 9.21021e+13	9.32e-24	2.04e-17	5.84e-12	1.98e-07	4.02e-04	1.00e+00	0.00e+00	0.00e+00
 9.52501e+13	1.29e-23	2.66e-17	7.13e-12	2.26e-07	4.30e-04	1.00e+00	0.00e+00	0.00e+00
 9.81810e+13	1.67e-23	3.30e-17	8.53e-12	2.55e-07	4.57e-04	1.00e+00	0.00e+00	0.00e+00
 1.01386e+14	2.28e-23	4.24e-17	1.03e-11	2.90e-07	4.87e-04	1.00e+00	0.00e+00	0.00e+00
 1.04989e+14	3.08e-23	5.45e-17	1.27e-11	3.33e-07	5.23e-04	9.99e-01	0.00e+00	0.00e+00
 1.08420e+14	4.13e-23	6.93e-17	1.53e-11	3.78e-07	5.58e-04	9.99e-01	0.00e+00	0.00e+00
 1.12189e+14	5.70e-23	9.02e-17	1.88e-11	4.33e-07	5.98e-04	9.99e-01	0.00e+00	0.00e+00
 1.16352e+14	7.76e-23	1.17e-16	2.33e-11	5.01e-07	6.44e-04	9.99e-01	0.00e+00	0.00e+00
 1.20195e+14	1.06e-22	1.50e-16	2.83e-11	5.70e-07	6.87e-04	9.99e-01	0.00e+00	0.00e+00
 1.24360e+14	1.42e-22	1.92e-16	3.45e-11	6.52e-07	7.37e-04	9.99e-01	0.00e+00	0.00e+00
 1.29009e+14	2.00e-22	2.54e-16	4.29e-11	7.55e-07	7.93e-04	9.99e-01	0.00e+00	0.00e+00
 1.33378e+14	2.62e-22	3.20e-16	5.22e-11	8.62e-07	8.50e-04	9.99e-01	0.00e+00	0.00e+00
 1.38145e+14	3.62e-22	4.17e-16	6.44e-11	9.91e-07	9.12e-04	9.99e-01	0.00e+00	0.00e+00
 1.43446e+14	5.00e-22	5.47e-16	8.04e-11	1.15e-06	9.85e-04	9.99e-01	0.00e+00	0.00e+00
 1.48392e+14	6.88e-22	7.10e-16	9.83e-11	1.32e-06	1.05e-03	9.99e-01	0.00e+00	0.00e+00
 1.53762e+14	9.25e-22	9.11e-16	1.21e-10	1.52e-06	1.14e-03	9.99e-01	0.00e+00	0.00e+00
 1.59759e+14	1.31e-21	1.21e-15	1.52e-10	1.77e-06	1.23e-03	9.99e-01	0.00e+00	0.00e+00
 1.65448e+14	1.75e-21	1.55e-15	1.87e-10	2.03e-06	1.32e-03	9.99e-01	0.00e+00	0.00e+00
 1.71548e+14	2.42e-21	2.03e-15	2.31e-10	2.35e-06	1.42e-03	9.99e-01	0.00e+00	0.00e+00
 1.78440e+14	3.32e-21	2.67e-15	2.91e-10	2.75e-06	1.54e-03	9.98e-01	0.00e+00	0.00e+00
 1.85197e+14	4.64e-21	3.51e-15	3.63e-10	3.19e-06	1.67e-03	9.98e-01	0.00e+00	0.00e+00
 1.92224e+14	6.21e-21	4.52e-15	4.51e-10	3.70e-06	1.80e-03	9.98e-01	0.00e+00	0.00e+00
 1.99943e+14	8.78e-21	6.03e-15	5.69e-10	4.33e-06	1.96e-03	9.98e-01	0.00e+00	0.00e+00
 2.07548e+14	1.18e-20	7.79e-15	7.07e-10	5.03e-06	2.12e-03	9.98e-01	0.00e+00	0.00e+00
 2.13812e+14	1.52e-20	9.63e-15	8.42e-10	5.67e-06	2.26e-03	9.98e-01	0.00e+00	0.00e+00
 2.18817e+14	1.84e-20	1.14e-14	9.64e-10	6.21e-06	2.37e-03	9.98e-01	0.00e+00	0.00e+00
 2.24364e+14	2.27e-20	1.36e-14	1.12e-09	6.87e-06	2.50e-03	9.97e-01	0.00e+00	0.00e+00
 2.31577e+14	2.92e-20	1.68e-14	1.34e-09	7.80e-06	2.68e-03	9.97e-01	0.00e+00	0.00e+00
 2.39310e+14	3.80e-20	2.11e-14	1.63e-09	8.89e-06	2.87e-03	9.97e-01	0.00e+00	0.00e+00
 2.46175e+14	4.83e-20	2.58e-14	1.92e-09	9.96e-06	3.05e-03	9.97e-01	0.00e+00	0.00e+00
 2.53554e+14	6.06e-20	3.15e-14	2.28e-09	1.12e-05	3.26e-03	9.97e-01	0.00e+00	0.00e+00
 2.62894e+14	8.12e-20	4.05e-14	2.82e-09	1.29e-05	3.52e-03	9.96e-01	0.00e+00	0.00e+00
 2.72377e+14	1.07e-19	5.16e-14	3.47e-09	1.49e-05	3.81e-03	9.96e-01	0.00e+00	0.00e+00
 2.80439e+14	1.36e-19	6.32e-14	4.11e-09	1.68e-05	4.05e-03	9.96e-01	0.00e+00	0.00e+00
 2.89058e+14	1.73e-19	7.79e-14	4.91e-09	1.89e-05	4.33e-03	9.96e-01	0.00e+00	0.00e+00
 2.99823e+14	2.30e-19	9.99e-14	6.07e-09	2.19e-05	4.70e-03	9.95e-01	0.00e+00	0.00e+00
 3.10888e+14	3.07e-19	1.28e-13	7.51e-09	2.53e-05	5.09e-03	9.95e-01	0.00e+00	0.00e+00
 3.20650e+14	3.94e-19	1.59e-13	9.00e-09	2.86e-05	5.45e-03	9.95e-01	0.00e+00	0.00e+00
 3.31210e+14	5.05e-19	1.98e-13	1.09e-08	3.26e-05	5.85e-03	9.94e-01	0.00e+00	0.00e+00
 3.43937e+14	6.83e-19	2.57e-13	1.36e-08	3.79e-05	6.37e-03	9.94e-01	0.00e+00	0.00e+00
 3.56547e+14	9.04e-19	3.28e-13	1.68e-08	4.38e-05	6.90e-03	9.93e-01	0.00e+00	0.00e+00
 3.67769e+14	1.16e-18	4.07e-13	2.01e-08	4.95e-05	7.38e-03	9.93e-01	0.00e+00	0.00e+00
 3.80118e+14	1.50e-18	5.10e-13	2.44e-08	5.65e-05	7.95e-03	9.92e-01	0.00e+00	0.00e+00
 3.94855e+14	2.04e-18	6.65e-13	3.05e-08	6.57e-05	8.65e-03	9.91e-01	0.00e+00	0.00e+00
 4.09533e+14	2.75e-18	8.59e-13	3.79e-08	7.60e-05	9.38e-03	9.91e-01	0.00e+00	0.00e+00
 4.22999e+14	3.55e-18	1.07e-12	4.59e-08	8.65e-05	1.01e-02	9.90e-01	0.00e+00	0.00e+00
 4.38054e+14	4.70e-18	1.37e-12	5.64e-08	9.94e-05	1.09e-02	9.89e-01	0.00e+00	0.00e+00
 4.55510e+14	6.48e-18	1.81e-12	7.12e-08	1.16e-04	1.19e-02	9.88e-01	0.00e+00	0.00e+00
 4.72652e+14	8.77e-18	2.35e-12	8.87e-08	1.35e-04	1.29e-02	9.87e-01	0.00e+00	0.00e+00
 4.88991e+14	1.16e-17	2.98e-12	1.09e-07	1.54e-04	1.39e-02	9.86e-01	0.00e+00	0.00e+00
 5.03286e+14	1.47e-17	3.67e-12	1.29e-07	1.73e-04	1.48e-02	9.85e-01	0.00e+00	0.00e+00
 5.15097e+14	1.79e-17	4.33e-12	1.48e-07	1.89e-04	1.56e-02	9.84e-01	0.00e+00	0.00e+00
 5.28110e+14	2.20e-17	5.18e-12	1.72e-07	2.09e-04	1.65e-02	9.83e-01	0.00e+00	0.00e+00
 5.45027e+14	2.85e-17	6.48e-12	2.08e-07	2.37e-04	1.77e-02	9.82e-01	0.00e+00	0.00e+00
 5.62829e+14	3.68e-17	8.10e-12	2.52e-07	2.70e-04	1.90e-02	9.81e-01	0.00e+00	0.00e+00
 5.78187e+14	4.63e-17	9.86e-12	2.96e-07	3.00e-04	2.01e-02	9.80e-01	0.00e+00	0.00e+00
 5.94556e+14	5.99e-17	1.22e-11	3.50e-07	3.35e-04	2.14e-02	9.78e-01	0.00e+00	0.00e+00
 6.15836e+14	8.14e-17	1.58e-11	4.33e-07	3.86e-04	2.31e-02	9.77e-01	0.00e+00	0.00e+00
 6.37733e+14	1.10e-16	2.04e-11	5.34e-07	4.43e-04	2.50e-02	9.75e-01	0.00e+00	0.00e+00
 6.55915e+14	1.53e-16	2.52e-11	6.33e-07	4.96e-04	2.65e-02	9.73e-01	0.00e+00	0.00e+00
 6.75034e+14	1.97e-16	3.12e-11	7.53e-07	5.56e-04	2.82e-02	9.71e-01	0.00e+00	0.00e+00
 6.99573e+14	2.71e-16	4.06e-11	9.35e-07	6.41e-04	3.05e-02	9.69e-01	0.00e+00	0.00e+00
 7.25496e+14	3.75e-16	5.33e-11	1.17e-06	7.41e-04	3.30e-02	9.66e-01	0.00e+00	0.00e+00
 7.48583e+14	4.98e-16	6.75e-11	1.41e-06	8.39e-04	3.53e-02	9.64e-01	0.00e+00	0.00e+00
 7.73644e+14	6.65e-16	8.61e-11	1.72e-06	9.56e-04	3.78e-02	9.61e-01	0.00e+00	0.00e+00
 8.03580e+14	9.44e-16	1.15e-10	2.17e-06	1.11e-03	4.11e-02	9.58e-01	0.00e+00	0.00e+00
 8.33208e+14	1.31e-15	1.51e-10	2.70e-06	1.28e-03	4.43e-02	9.54e-01	0.00e+00	0.00e+00
 8.60034e+14	1.75e-15	1.92e-10	3.27e-06	1.45e-03	4.74e-02	9.51e-01	0.00e+00	0.00e+00
 8.89865e+14	2.33e-15	2.45e-10	4.02e-06	1.66e-03	5.09e-02	9.47e-01	0.00e+00	0.00e+00
 9.24876e+14	3.47e-15	3.36e-10	5.09e-06	1.94e-03	5.52e-02	9.43e-01	0.00e+00	0.00e+00
 9.59436e+14	4.84e-15	4.43e-10	6.35e-06	2.24e-03	5.96e-02	9.38e-01	0.00e+00	0.00e+00
 9.91836e+14	6.61e-15	5.72e-10	7.77e-06	2.56e-03	6.39e-02	9.34e-01	0.00e+00	0.00e+00
 1.02800e+15	8.96e-15	7.41e-10	9.65e-06	2.94e-03	6.87e-02	9.28e-01	0.00e+00	0.00e+00
 1.06915e+15	1.35e-14	1.03e-09	1.23e-05	3.44e-03	7.45e-02	9.22e-01	0.00e+00	0.00e+00
 1.10986e+15	1.93e-14	1.37e-09	1.54e-05	3.98e-03	8.04e-02	9.16e-01	0.00e+00	0.00e+00
 1.14323e+15	2.56e-14	1.72e-09	1.84e-05	4.47e-03	8.53e-02	9.10e-01	0.00e+00	0.00e+00
 1.16925e+15	3.18e-14	2.05e-09	2.11e-05	4.88e-03	8.93e-02	9.06e-01	0.00e+00	0.00e+00
 1.19771e+15	3.99e-14	2.47e-09	2.44e-05	5.36e-03	9.36e-02	9.01e-01	0.00e+00	0.00e+00
 1.23472e+15	5.15e-14	3.07e-09	2.92e-05	6.03e-03	9.94e-02	8.95e-01	0.00e+00	0.00e+00
 1.27498e+15	7.28e-14	4.03e-09	3.55e-05	6.84e-03	1.06e-01	8.87e-01	0.00e+00	0.00e+00
 1.31121e+15	9.43e-14	4.98e-09	4.20e-05	7.62e-03	1.12e-01	8.81e-01	0.00e+00	0.00e+00
 1.35004e+15	1.22e-13	6.17e-09	5.00e-05	8.52e-03	1.18e-01	8.73e-01	0.00e+00	0.00e+00
 1.39944e+15	1.78e-13	8.31e-09	6.22e-05	9.80e-03	1.27e-01	8.63e-01	0.00e+00	0.00e+00
 1.44939e+15	2.47e-13	1.09e-08	7.65e-05	1.12e-02	1.35e-01	8.53e-01	0.00e+00	0.00e+00
 1.49139e+15	3.17e-13	1.34e-08	9.07e-05	1.25e-02	1.43e-01	8.45e-01	0.00e+00	0.00e+00
 1.53625e+15	4.20e-13	1.68e-08	1.08e-04	1.40e-02	1.51e-01	8.35e-01	0.00e+00	0.00e+00
 1.59286e+15	6.19e-13	2.28e-08	1.34e-04	1.60e-02	1.61e-01	8.23e-01	0.00e+00	0.00e+00
 1.65136e+15	8.78e-13	3.01e-08	1.66e-04	1.84e-02	1.72e-01	8.10e-01	0.00e+00	0.00e+00
 1.70272e+15	1.18e-12	3.82e-08	1.99e-04	2.06e-02	1.81e-01	7.98e-01	0.00e+00	0.00e+00
 1.75818e+15	1.58e-12	4.87e-08	2.40e-04	2.32e-02	1.92e-01	7.85e-01	0.00e+00	0.00e+00
 1.82534e+15	2.29e-12	6.54e-08	2.99e-04	2.66e-02	2.04e-01	7.69e-01	0.00e+00	0.00e+00
 1.89199e+15	3.20e-12	8.57e-08	3.68e-04	3.03e-02	2.17e-01	7.52e-01	0.00e+00	0.00e+00
 1.95149e+15	4.18e-12	1.07e-07	4.40e-04	3.39e-02	2.28e-01	7.38e-01	0.00e+00	0.00e+00
 2.01737e+15	5.71e-12	1.38e-07	5.32e-04	3.82e-02	2.40e-01	7.21e-01	0.00e+00	0.00e+00
 2.09572e+15	8.60e-12	1.89e-07	6.65e-04	4.38e-02	2.55e-01	7.00e-01	0.00e+00	0.00e+00
 2.16976e+15	1.19e-11	2.47e-07	8.10e-04	4.95e-02	2.69e-01	6.81e-01	0.00e+00	0.00e+00
 2.23296e+15	1.56e-11	3.06e-07	9.53e-04	5.47e-02	2.80e-01	6.64e-01	0.00e+00	0.00e+00
 2.30255e+15	2.07e-11	3.85e-07	1.13e-03	6.08e-02	2.92e-01	6.46e-01	0.00e+00	0.00e+00
 2.38874e+15	2.95e-11	5.11e-07	1.39e-03	6.89e-02	3.07e-01	6.22e-01	0.00e+00	0.00e+00
 2.47607e+15	4.08e-11	6.64e-07	1.70e-03	7.76e-02	3.21e-01	5.99e-01	0.00e+00	0.00e+00
 2.54613e+15	5.16e-11	8.07e-07	1.98e-03	8.50e-02	3.32e-01	5.81e-01	0.00e+00	0.00e+00
 2.61420e+15	6.60e-11	9.83e-07	2.29e-03	9.27e-02	3.43e-01	5.62e-01	0.00e+00	0.00e+00
 2.70268e+15	9.36e-11	1.29e-06	2.76e-03	1.03e-01	3.56e-01	5.38e-01	0.00e+00	0.00e+00
 2.78937e+15	1.23e-10	1.61e-06	3.26e-03	1.14e-01	3.68e-01	5.15e-01	0.00e+00	0.00e+00
 2.85913e+15	1.51e-10	1.91e-06	3.72e-03	1.23e-01	3.77e-01	4.97e-01	0.00e+00	0.00e+00
 2.93522e+15	1.92e-10	2.31e-06	4.28e-03	1.33e-01	3.86e-01	4.77e-01	0.00e+00	0.00e+00
 3.03413e+15	2.70e-10	3.01e-06	5.12e-03	1.47e-01	3.97e-01	4.51e-01	0.00e+00	0.00e+00
 3.13391e+15	3.47e-10	3.71e-06	6.03e-03	1.61e-01	4.06e-01	4.27e-01	0.00e+00	0.00e+00
 3.21632e+15	4.58e-10	4.59e-06	6.93e-03	1.74e-01	4.14e-01	4.06e-01	0.00e+00	0.00e+00
 3.30497e+15	5.86e-10	5.59e-06	7.98e-03	1.88e-01	4.20e-01	3.84e-01	0.00e+00	0.00e+00
 3.42021e+15	7.62e-10	6.96e-06	9.47e-03	2.05e-01	4.27e-01	3.58e-01	0.00e+00	0.00e+00
 3.53945e+15	1.09e-09	9.15e-06	1.13e-02	2.25e-01	4.33e-01	3.31e-01	0.00e+00	0.00e+00
 3.63757e+15	1.37e-09	1.10e-05	1.29e-02	2.41e-01	4.36e-01	3.10e-01	0.00e+00	0.00e+00
 3.73881e+15	1.71e-09	1.32e-05	1.48e-02	2.58e-01	4.37e-01	2.90e-01	0.00e+00	0.00e+00
 3.87043e+15	2.45e-09	1.73e-05	1.77e-02	2.81e-01	4.39e-01	2.63e-01	0.00e+00	0.00e+00
 3.99956e+15	3.25e-09	2.17e-05	2.07e-02	3.02e-01	4.37e-01	2.40e-01	0.00e+00	0.00e+00
 4.09929e+15	4.05e-09	2.58e-05	2.33e-02	3.19e-01	4.35e-01	2.22e-01	0.00e+00	0.00e+00
 4.20277e+15	5.10e-09	3.08e-05	2.63e-02	3.37e-01	4.32e-01	2.05e-01	0.00e+00	0.00e+00
 4.33728e+15	6.45e-09	3.74e-05	3.05e-02	3.59e-01	4.25e-01	1.85e-01	0.00e+00	0.00e+00
 4.47525e+15	9.05e-09	4.82e-05	3.55e-02	3.82e-01	4.18e-01	1.65e-01	0.00e+00	0.00e+00
 4.58367e+15	1.12e-08	5.68e-05	3.97e-02	3.99e-01	4.10e-01	1.51e-01	0.00e+00	0.00e+00
 4.67074e+15	1.33e-08	6.50e-05	4.34e-02	4.13e-01	4.04e-01	1.40e-01	0.00e+00	0.00e+00
 4.76409e+15	1.61e-08	7.51e-05	4.77e-02	4.28e-01	3.96e-01	1.29e-01	0.00e+00	0.00e+00
 4.86943e+15	1.89e-08	8.57e-05	5.26e-02	4.43e-01	3.86e-01	1.18e-01	0.00e+00	0.00e+00
 4.99038e+15	2.50e-08	1.06e-04	5.94e-02	4.61e-01	3.75e-01	1.05e-01	0.00e+00	0.00e+00
 5.11999e+15	3.04e-08	1.23e-04	6.67e-02	4.78e-01	3.61e-01	9.33e-02	0.00e+00	0.00e+00
 5.23705e+15	4.01e-08	1.51e-04	7.46e-02	4.94e-01	3.48e-01	8.26e-02	0.00e+00	0.00e+00
 5.34257e+15	4.87e-08	1.75e-04	8.20e-02	5.07e-01	3.36e-01	7.44e-02	0.00e+00	0.00e+00
 5.43910e+15	5.84e-08	2.01e-04	8.93e-02	5.18e-01	3.25e-01	6.73e-02	0.00e+00	0.00e+00
 5.54675e+15	7.23e-08	2.36e-04	9.83e-02	5.30e-01	3.11e-01	5.99e-02	0.00e+00	0.00e+00
 5.66070e+15	8.45e-08	2.68e-04	1.08e-01	5.41e-01	2.97e-01	5.34e-02	0.00e+00	0.00e+00
 5.78286e+15	1.13e-07	3.31e-04	1.21e-01	5.52e-01	2.81e-01	4.59e-02	0.00e+00	0.00e+00
 5.91056e+15	1.35e-07	3.81e-04	1.34e-01	5.62e-01	2.64e-01	3.99e-02	0.00e+00	0.00e+00
 6.02539e+15	1.82e-07	4.70e-04	1.48e-01	5.69e-01	2.48e-01	3.41e-02	0.00e+00	0.00e+00
 6.13024e+15	2.22e-07	5.46e-04	1.62e-01	5.74e-01	2.34e-01	2.98e-02	0.00e+00	0.00e+00
 6.22663e+15	2.71e-07	6.33e-04	1.75e-01	5.78e-01	2.20e-01	2.61e-02	0.00e+00	0.00e+00
 6.31739e+15	3.25e-07	7.23e-04	1.89e-01	5.80e-01	2.07e-01	2.29e-02	0.00e+00	0.00e+00
 6.40104e+15	3.87e-07	8.22e-04	2.03e-01	5.81e-01	1.96e-01	2.03e-02	0.00e+00	0.00e+00
 6.48162e+15	4.52e-07	9.23e-04	2.16e-01	5.81e-01	1.84e-01	1.79e-02	0.00e+00	0.00e+00
 6.57353e+15	5.54e-07	1.07e-03	2.34e-01	5.79e-01	1.71e-01	1.54e-02	0.00e+00	0.00e+00
 6.66809e+15	6.81e-07	1.25e-03	2.53e-01	5.75e-01	1.58e-01	1.31e-02	0.00e+00	0.00e+00
 6.74495e+15	7.80e-07	1.38e-03	2.69e-01	5.71e-01	1.47e-01	1.15e-02	0.00e+00	0.00e+00
 6.80963e+15	9.48e-07	1.58e-03	2.84e-01	5.66e-01	1.38e-01	1.00e-02	0.00e+00	0.00e+00
 6.86132e+15	1.07e-06	1.73e-03	2.97e-01	5.62e-01	1.30e-01	9.03e-03	0.00e+00	0.00e+00
 6.91019e+15	1.17e-06	1.85e-03	3.09e-01	5.58e-01	1.24e-01	8.17e-03	0.00e+00	0.00e+00
 6.97372e+15	1.45e-06	2.14e-03	3.27e-01	5.50e-01	1.14e-01	6.98e-03	0.00e+00	0.00e+00
 7.03215e+15	1.58e-06	2.30e-03	3.41e-01	5.44e-01	1.07e-01	6.22e-03	0.00e+00	0.00e+00
 7.08394e+15	1.90e-06	2.60e-03	3.57e-01	5.35e-01	9.93e-02	5.40e-03	0.00e+00	0.00e+00
 7.13498e+15	2.17e-06	2.86e-03	3.72e-01	5.28e-01	9.26e-02	4.75e-03	0.00e+00	0.00e+00
 7.17748e+15	2.36e-06	3.05e-03	3.84e-01	5.21e-01	8.71e-02	4.26e-03	0.00e+00	0.00e+00
 7.22517e+15	2.84e-06	3.46e-03	4.01e-01	5.11e-01	8.04e-02	3.66e-03	0.00e+00	0.00e+00
 7.27173e+15	3.07e-06	3.68e-03	4.15e-01	5.03e-01	7.50e-02	3.25e-03	0.00e+00	0.00e+00
 7.31681e+15	3.51e-06	4.04e-03	4.30e-01	4.94e-01	6.93e-02	2.81e-03	0.00e+00	0.00e+00
 7.36632e+15	4.06e-06	4.48e-03	4.47e-01	4.83e-01	6.33e-02	2.39e-03	0.00e+00	0.00e+00
 7.41093e+15	4.67e-06	4.94e-03	4.62e-01	4.73e-01	5.80e-02	2.05e-03	0.00e+00	0.00e+00
 7.45024e+15	5.47e-06	5.50e-03	4.77e-01	4.62e-01	5.33e-02	1.75e-03	0.00e+00	0.00e+00
 7.48506e+15	5.93e-06	5.83e-03	4.89e-01	4.54e-01	4.97e-02	1.55e-03	0.00e+00	0.00e+00
 7.52202e+15	6.68e-06	6.33e-03	5.02e-01	4.44e-01	4.57e-02	1.33e-03	0.00e+00	0.00e+00
 7.57007e+15	8.16e-06	7.26e-03	5.21e-01	4.30e-01	4.04e-02	1.07e-03	0.00e+00	0.00e+00
 7.61557e+15	9.44e-06	8.03e-03	5.37e-01	4.18e-01	3.62e-02	8.77e-04	0.00e+00	0.00e+00
 7.65043e+15	1.06e-05	8.69e-03	5.50e-01	4.08e-01	3.30e-02	7.48e-04	0.00e+00	0.00e+00
 7.68845e+15	1.20e-05	9.48e-03	5.63e-01	3.97e-01	2.97e-02	6.21e-04	0.00e+00	0.00e+00
 7.73787e+15	1.43e-05	1.07e-02	5.82e-01	3.82e-01	2.56e-02	4.78e-04	0.00e+00	0.00e+00
 7.78713e+15	1.69e-05	1.20e-02	5.98e-01	3.67e-01	2.22e-02	3.70e-04	0.00e+00	0.00e+00
 7.82662e+15	1.93e-05	1.31e-02	6.11e-01	3.56e-01	1.96e-02	2.98e-04	0.00e+00	0.00e+00
 7.86841e+15	2.23e-05	1.45e-02	6.25e-01	3.43e-01	1.70e-02	2.32e-04	0.00e+00	0.00e+00
 7.90709e+15	2.54e-05	1.58e-02	6.37e-01	3.32e-01	1.49e-02	1.85e-04	0.00e+00	0.00e+00
 7.93357e+15	2.78e-05	1.68e-02	6.45e-01	3.24e-01	1.36e-02	1.58e-04	0.00e+00	0.00e+00
 7.95982e+15	3.04e-05	1.79e-02	6.53e-01	3.17e-01	1.24e-02	1.33e-04	0.00e+00	0.00e+00
 7.99395e+15	3.42e-05	1.94e-02	6.63e-01	3.06e-01	1.09e-02	1.06e-04	0.00e+00	0.00e+00
 8.03026e+15	3.86e-05	2.10e-02	6.73e-01	2.96e-01	9.54e-03	8.41e-05	0.00e+00	0.00e+00
 8.06245e+15	4.30e-05	2.25e-02	6.82e-01	2.87e-01	8.45e-03	6.79e-05	0.00e+00	0.00e+00
 8.09731e+15	4.84e-05	2.44e-02	6.91e-01	2.77e-01	7.36e-03	5.33e-05	0.00e+00	0.00e+00
 8.13584e+15	5.49e-05	2.65e-02	7.00e-01	2.67e-01	6.33e-03	4.09e-05	0.00e+00	0.00e+00
 8.17139e+15	6.15e-05	2.86e-02	7.08e-01	2.58e-01	5.50e-03	3.20e-05	0.00e+00	0.00e+00
 8.20472e+15	6.86e-05	3.07e-02	7.16e-01	2.49e-01	4.81e-03	2.52e-05	0.00e+00	0.00e+00
 8.24289e+15	7.78e-05	3.34e-02	7.24e-01	2.39e-01	4.10e-03	1.91e-05	0.00e+00	0.00e+00
 8.28447e+15	8.87e-05	3.64e-02	7.32e-01	2.28e-01	3.46e-03	1.42e-05	0.00e+00	0.00e+00
 8.32181e+15	1.00e-04	3.94e-02	7.39e-01	2.19e-01	2.96e-03	1.08e-05	0.00e+00	0.00e+00
 8.35638e+15	1.12e-04	4.23e-02	7.45e-01	2.10e-01	2.56e-03	8.39e-06	0.00e+00	0.00e+00
 8.39604e+15	1.27e-04	4.60e-02	7.51e-01	2.01e-01	2.16e-03	6.21e-06	0.00e+00	0.00e+00
 8.43942e+15	1.46e-04	5.03e-02	7.57e-01	1.90e-01	1.79e-03	4.50e-06	0.00e+00	0.00e+00
 8.47833e+15	1.64e-04	5.45e-02	7.62e-01	1.82e-01	1.52e-03	3.38e-06	0.00e+00	0.00e+00
 8.51957e+15	1.88e-04	5.95e-02	7.67e-01	1.72e-01	1.26e-03	2.46e-06	0.00e+00	0.00e+00
 8.56339e+15	2.17e-04	6.51e-02	7.72e-01	1.62e-01	1.05e-03	1.77e-06	0.00e+00	0.00e+00
 8.60198e+15	2.46e-04	7.07e-02	7.75e-01	1.53e-01	8.80e-04	1.31e-06	0.00e+00	0.00e+00
 8.63713e+15	2.76e-04	7.62e-02	7.77e-01	1.46e-01	7.51e-04	1.00e-06	0.00e+00	0.00e+00
 8.67640e+15	3.15e-04	8.29e-02	7.79e-01	1.37e-01	6.25e-04	7.32e-07	0.00e+00	0.00e+00
 8.71978e+15	3.65e-04	9.10e-02	7.80e-01	1.28e-01	5.11e-04	0.00e+00	0.00e+00	0.00e+00
 8.75909e+15	4.17e-04	9.91e-02	7.80e-01	1.20e-01	4.26e-04	0.00e+00	0.00e+00	0.00e+00
 8.79428e+15	4.72e-04	1.07e-01	7.79e-01	1.13e-01	3.59e-04	0.00e+00	0.00e+00	0.00e+00
 8.83355e+15	5.41e-04	1.17e-01	7.77e-01	1.05e-01	2.96e-04	0.00e+00	0.00e+00	0.00e+00
 8.87705e+15	6.32e-04	1.29e-01	7.74e-01	9.64e-02	2.38e-04	0.00e+00	0.00e+00	0.00e+00
 8.91615e+15	7.29e-04	1.41e-01	7.69e-01	8.89e-02	1.95e-04	0.00e+00	0.00e+00	0.00e+00
 8.95023e+15	8.28e-04	1.53e-01	7.64e-01	8.26e-02	1.63e-04	0.00e+00	0.00e+00	0.00e+00
 8.98768e+15	9.54e-04	1.67e-01	7.56e-01	7.58e-02	1.33e-04	0.00e+00	0.00e+00	0.00e+00
 9.02956e+15	1.12e-03	1.84e-01	7.46e-01	6.86e-02	1.06e-04	0.00e+00	0.00e+00	0.00e+00
 9.06854e+15	1.31e-03	2.02e-01	7.35e-01	6.19e-02	8.45e-05	0.00e+00	0.00e+00	0.00e+00
 9.10365e+15	1.50e-03	2.20e-01	7.22e-01	5.62e-02	6.86e-05	0.00e+00	0.00e+00	0.00e+00
 9.14236e+15	1.76e-03	2.42e-01	7.06e-01	5.02e-02	5.40e-05	0.00e+00	0.00e+00	0.00e+00
 9.18571e+15	2.11e-03	2.69e-01	6.85e-01	4.38e-02	4.09e-05	0.00e+00	0.00e+00	0.00e+00
 9.22581e+15	2.50e-03	2.98e-01	6.62e-01	3.81e-02	3.12e-05	0.00e+00	0.00e+00	0.00e+00
 9.26236e+15	2.93e-03	3.26e-01	6.38e-01	3.32e-02	2.40e-05	0.00e+00	0.00e+00	0.00e+00
 9.30356e+15	3.51e-03	3.61e-01	6.07e-01	2.81e-02	1.76e-05	0.00e+00	0.00e+00	0.00e+00
 9.34852e+15	4.30e-03	4.04e-01	5.69e-01	2.29e-02	1.23e-05	0.00e+00	0.00e+00	0.00e+00
 9.38793e+15	5.17e-03	4.46e-01	5.30e-01	1.88e-02	8.74e-06	0.00e+00	0.00e+00	0.00e+00
 9.42172e+15	6.07e-03	4.84e-01	4.94e-01	1.56e-02	6.37e-06	0.00e+00	0.00e+00	0.00e+00
 9.45867e+15	7.26e-03	5.28e-01	4.52e-01	1.24e-02	4.41e-06	0.00e+00	0.00e+00	0.00e+00
 9.49923e+15	8.83e-03	5.80e-01	4.02e-01	9.40e-03	2.83e-06	0.00e+00	0.00e+00	0.00e+00
 9.53474e+15	1.05e-02	6.26e-01	3.56e-01	7.14e-03	1.85e-06	0.00e+00	0.00e+00	0.00e+00
 9.56199e+15	1.21e-02	6.63e-01	3.20e-01	5.66e-03	1.31e-06	0.00e+00	0.00e+00	0.00e+00
 9.58375e+15	1.35e-02	6.91e-01	2.91e-01	4.64e-03	9.75e-07	0.00e+00	0.00e+00	0.00e+00
 9.60759e+15	1.52e-02	7.22e-01	2.59e-01	3.65e-03	0.00e+00	0.00e+00	0.00e+00	0.00e+00
 9.63399e+15	1.75e-02	7.55e-01	2.25e-01	2.74e-03	0.00e+00	0.00e+00	0.00e+00	0.00e+00
 9.65748e+15	1.98e-02	7.83e-01	1.95e-01	2.08e-03	0.00e+00	0.00e+00	0.00e+00	0.00e+00
 9.67738e+15	2.20e-02	8.05e-01	1.71e-01	1.62e-03	0.00e+00	0.00e+00	0.00e+00	0.00e+00
 9.69886e+15	2.47e-02	8.27e-01	1.47e-01	1.21e-03	0.00e+00	0.00e+00	0.00e+00	0.00e+00
 9.72209e+15	2.81e-02	8.48e-01	1.23e-01	8.66e-04	0.00e+00	0.00e+00	0.00e+00	0.00e+00
 9.74214e+15	3.15e-02	8.64e-01	1.04e-01	6.31e-04	0.00e+00	0.00e+00	0.00e+00	0.00e+00
 9.75908e+15	3.47e-02	8.76e-01	8.88e-02	4.76e-04	0.00e+00	0.00e+00	0.00e+00	0.00e+00
 9.77744e+15	3.86e-02	8.87e-01	7.44e-02	3.45e-04	0.00e+00	0.00e+00	0.00e+00	0.00e+00
 9.79771e+15	4.35e-02	8.96e-01	6.03e-02	2.36e-04	0.00e+00	0.00e+00	0.00e+00	0.00e+00
 9.81561e+15	4.86e-02	9.02e-01	4.93e-02	1.65e-04	0.00e+00	0.00e+00	0.00e+00	0.00e+00
 9.83079e+15	5.35e-02	9.05e-01	4.13e-02	1.20e-04	0.00e+00	0.00e+00	0.00e+00	0.00e+00
 9.84732e+15	5.94e-02	9.07e-01	3.36e-02	8.33e-05	0.00e+00	0.00e+00	0.00e+00	0.00e+00
 9.86567e+15	6.71e-02	9.06e-01	2.65e-02	5.47e-05	0.00e+00	0.00e+00	0.00e+00	0.00e+00
 9.88259e+15	7.51e-02	9.04e-01	2.09e-02	3.61e-05	0.00e+00	0.00e+00	0.00e+00	0.00e+00
 9.89760e+15	8.32e-02	9.00e-01	1.68e-02	2.47e-05	0.00e+00	0.00e+00	0.00e+00	0.00e+00
 9.91246e+15	9.23e-02	8.94e-01	1.34e-02	1.66e-05	0.00e+00	0.00e+00	0.00e+00	0.00e+00
 9.92766e+15	1.02e-01	8.87e-01	1.06e-02	1.09e-05	0.00e+00	0.00e+00	0.00e+00	0.00e+00
 9.94192e+15	1.13e-01	8.79e-01	8.36e-03	7.27e-06	0.00e+00	0.00e+00	0.00e+00	0.00e+00
 9.95474e+15	1.24e-01	8.69e-01	6.71e-03	4.96e-06	0.00e+00	0.00e+00	0.00e+00	0.00e+00
 9.96642e+15	1.34e-01	8.60e-01	5.47e-03	3.47e-06	0.00e+00	0.00e+00	0.00e+00	0.00e+00
 9.97700e+15	1.45e-01	8.51e-01	4.52e-03	2.49e-06	0.00e+00	0.00e+00	0.00e+00	0.00e+00
 9.98658e+15	1.55e-01	8.42e-01	3.79e-03	1.83e-06	0.00e+00	0.00e+00	0.00e+00	0.00e+00
 9.99578e+15	1.65e-01	8.32e-01	3.19e-03	1.36e-06	0.00e+00	0.00e+00	0.00e+00	0.00e+00
 1.00031e+16	1.73e-01	8.24e-01	2.78e-03	1.07e-06	0.00e+00	0.00e+00	0.00e+00	0.00e+00
 1.00079e+16	1.79e-01	8.19e-01	2.53e-03	9.14e-07	0.00e+00	0.00e+00	0.00e+00	0.00e+00
 1.00123e+16	1.84e-01	8.14e-01	2.32e-03	0.00e+00	0.00e+00	0.00e+00	0.00e+00	0.00e+00
 1.00173e+16	1.90e-01	8.08e-01	2.10e-03	0.00e+00	0.00e+00	0.00e+00	0.00e+00	0.00e+00
 1.00229e+16	1.98e-01	8.00e-01	1.88e-03	0.00e+00	0.00e+00	0.00e+00	0.00e+00	0.00e+00
 1.00284e+16	2.05e-01	7.94e-01	1.68e-03	0.00e+00	0.00e+00	0.00e+00	0.00e+00	0.00e+00
 1.00334e+16	2.12e-01	7.87e-01	1.52e-03	0.00e+00	0.00e+00	0.00e+00	0.00e+00	0.00e+00
 1.00384e+16	2.18e-01	7.80e-01	1.37e-03	0.00e+00	0.00e+00	0.00e+00	0.00e+00	0.00e+00
 1.00435e+16	2.26e-01	7.73e-01	1.23e-03	0.00e+00	0.00e+00	0.00e+00	0.00e+00	0.00e+00
 1.00486e+16	2.33e-01	7.66e-01	1.10e-03	0.00e+00	0.00e+00	0.00e+00	0.00e+00	0.00e+00
 1.00536e+16	2.41e-01	7.58e-01	9.91e-04	0.00e+00	0.00e+00	0.00e+00	0.00e+00	0.00e+00
 1.00586e+16	2.48e-01	7.51e-01	8.91e-04	0.00e+00	0.00e+00	0.00e+00	0.00e+00	0.00e+00
 1.00634e+16	2.56e-01	7.44e-01	8.02e-04	0.00e+00	0.00e+00	0.00e+00	0.00e+00	0.00e+00
 1.00684e+16	2.63e-01	7.36e-01	7.19e-04	0.00e+00	0.00e+00	0.00e+00	0.00e+00	0.00e+00
 1.00733e+16	2.71e-01	7.28e-01	6.45e-04	0.00e+00	0.00e+00	0.00e+00	0.00e+00	0.00e+00
 1.00781e+16	2.80e-01	7.20e-01	5.78e-04	0.00e+00	0.00e+00	0.00e+00	0.00e+00	0.00e+00
 1.00830e+16	2.88e-01	7.12e-01	5.18e-04	0.00e+00	0.00e+00	0.00e+00	0.00e+00	0.00e+00
 1.00878e+16	2.96e-01	7.03e-01	4.65e-04	0.00e+00	0.00e+00	0.00e+00	0.00e+00	0.00e+00
 1.00925e+16	3.05e-01	6.95e-01	4.17e-04	0.00e+00	0.00e+00	0.00e+00	0.00e+00	0.00e+00
 1.00972e+16	3.13e-01	6.86e-01	3.73e-04	0.00e+00	0.00e+00	0.00e+00	0.00e+00	0.00e+00
 1.01020e+16	3.22e-01	6.77e-01	3.34e-04	0.00e+00	0.00e+00	0.00e+00	0.00e+00	0.00e+00
 1.01068e+16	3.31e-01	6.68e-01	2.98e-04	0.00e+00	0.00e+00	0.00e+00	0.00e+00	0.00e+00
 1.01114e+16	3.41e-01	6.59e-01	2.67e-04	0.00e+00	0.00e+00	0.00e+00	0.00e+00	0.00e+00
 1.01161e+16	3.51e-01	6.49e-01	2.38e-04	0.00e+00	0.00e+00	0.00e+00	0.00e+00	0.00e+00
 1.01208e+16	3.60e-01	6.39e-01	2.12e-04	0.00e+00	0.00e+00	0.00e+00	0.00e+00	0.00e+00
 1.01255e+16	3.71e-01	6.29e-01	1.89e-04	0.00e+00	0.00e+00	0.00e+00	0.00e+00	0.00e+00
 1.01301e+16	3.81e-01	6.19e-01	1.69e-04	0.00e+00	0.00e+00	0.00e+00	0.00e+00	0.00e+00
 1.01348e+16	3.92e-01	6.08e-01	1.50e-04	0.00e+00	0.00e+00	0.00e+00	0.00e+00	0.00e+00
 1.01395e+16	4.03e-01	5.97e-01	1.34e-04	0.00e+00	0.00e+00	0.00e+00	0.00e+00	0.00e+00
 1.01441e+16	4.15e-01	5.85e-01	1.19e-04	0.00e+00	0.00e+00	0.00e+00	0.00e+00	0.00e+00
 1.01486e+16	4.26e-01	5.73e-01	1.06e-04	0.00e+00	0.00e+00	0.00e+00	0.00e+00	0.00e+00
 1.01531e+16	4.38e-01	5.62e-01	9.46e-05	0.00e+00	0.00e+00	0.00e+00	0.00e+00	0.00e+00
 1.01575e+16	4.50e-01	5.49e-01	8.43e-05	0.00e+00	0.00e+00	0.00e+00	0.00e+00	0.00e+00
 1.01620e+16	4.64e-01	5.36e-01	7.51e-05	0.00e+00	0.00e+00	0.00e+00	0.00e+00	0.00e+00
 1.01664e+16	4.77e-01	5.23e-01	6.71e-05	0.00e+00	0.00e+00	0.00e+00	0.00e+00	0.00e+00
 1.01708e+16	4.90e-01	5.10e-01	5.99e-05	0.00e+00	0.00e+00	0.00e+00	0.00e+00	0.00e+00
 1.01752e+16	5.04e-01	4.96e-01	5.33e-05	0.00e+00	0.00e+00	0.00e+00	0.00e+00	0.00e+00
 1.01797e+16	5.19e-01	4.81e-01	4.74e-05	0.00e+00	0.00e+00	0.00e+00	0.00e+00	0.00e+00
 1.01842e+16	5.33e-01	4.67e-01	4.23e-05	0.00e+00	0.00e+00	0.00e+00	0.00e+00	0.00e+00
 1.01887e+16	5.48e-01	4.52e-01	3.75e-05	0.00e+00	0.00e+00	0.00e+00	0.00e+00	0.00e+00
 1.01934e+16	5.64e-01	4.36e-01	3.33e-05	0.00e+00	0.00e+00	0.00e+00	0.00e+00	0.00e+00
 1.01981e+16	5.80e-01	4.19e-01	2.96e-05	0.00e+00	0.00e+00	0.00e+00	0.00e+00	0.00e+00
 1.02028e+16	5.97e-01	4.03e-01	2.62e-05	0.00e+00	0.00e+00	0.00e+00	0.00e+00	0.00e+00
 1.02078e+16	6.15e-01	3.85e-01	2.31e-05	0.00e+00	0.00e+00	0.00e+00	0.00e+00	0.00e+00
 1.02128e+16	6.35e-01	3.65e-01	2.03e-05	0.00e+00	0.00e+00	0.00e+00	0.00e+00	0.00e+00
 1.02180e+16	6.53e-01	3.47e-01	1.79e-05	0.00e+00	0.00e+00	0.00e+00	0.00e+00	0.00e+00
 1.02234e+16	6.72e-01	3.28e-01	1.57e-05	0.00e+00	0.00e+00	0.00e+00	0.00e+00	0.00e+00
 1.02291e+16	6.91e-01	3.09e-01	1.38e-05	0.00e+00	0.00e+00	0.00e+00	0.00e+00	0.00e+00
 1.02346e+16	7.08e-01	2.92e-01	1.22e-05	0.00e+00	0.00e+00	0.00e+00	0.00e+00	0.00e+00
 1.02395e+16	7.22e-01	2.78e-01	1.11e-05	0.00e+00	0.00e+00	0.00e+00	0.00e+00	0.00e+00
 1.02443e+16	7.35e-01	2.65e-01	1.00e-05	0.00e+00	0.00e+00	0.00e+00	0.00e+00	0.00e+00
 1.02495e+16	7.49e-01	2.51e-01	9.05e-06	0.00e+00	0.00e+00	0.00e+00	0.00e+00	0.00e+00
 1.02549e+16	7.63e-01	2.37e-01	8.18e-06	0.00e+00	0.00e+00	0.00e+00	0.00e+00	0.00e+00
 1.02604e+16	7.76e-01	2.24e-01	7.42e-06	0.00e+00	0.00e+00	0.00e+00	0.00e+00	0.00e+00
 1.02661e+16	7.88e-01	2.12e-01	6.75e-06	0.00e+00	0.00e+00	0.00e+00	0.00e+00	0.00e+00
 1.02721e+16	7.99e-01	2.01e-01	6.15e-06	0.00e+00	0.00e+00	0.00e+00	0.00e+00	0.00e+00
 1.02784e+16	8.10e-01	1.90e-01	5.61e-06	0.00e+00	0.00e+00	0.00e+00	0.00e+00	0.00e+00
 1.02851e+16	8.21e-01	1.79e-01	5.09e-06	0.00e+00	0.00e+00	0.00e+00	0.00e+00	0.00e+00
 1.02923e+16	8.30e-01	1.70e-01	4.68e-06	0.00e+00	0.00e+00	0.00e+00	0.00e+00	0.00e+00
 1.03000e+16	8.41e-01	1.59e-01	4.26e-06	0.00e+00	0.00e+00	0.00e+00	0.00e+00	0.00e+00
 1.03082e+16	8.49e-01	1.51e-01	3.90e-06	0.00e+00	0.00e+00	0.00e+00	0.00e+00	0.00e+00
 1.03172e+16	8.58e-01	1.42e-01	3.58e-06	0.00e+00	0.00e+00	0.00e+00	0.00e+00	0.00e+00
 1.03269e+16	8.66e-01	1.34e-01	3.28e-06	0.00e+00	0.00e+00	0.00e+00	0.00e+00	0.00e+00
 1.03373e+16	8.73e-01	1.27e-01	3.01e-06	0.00e+00	0.00e+00	0.00e+00	0.00e+00	0.00e+00
 1.03484e+16	8.80e-01	1.20e-01	2.76e-06	0.00e+00	0.00e+00	0.00e+00	0.00e+00	0.00e+00
 1.03604e+16	8.87e-01	1.13e-01	2.53e-06	0.00e+00	0.00e+00	0.00e+00	0.00e+00	0.00e+00
 1.03731e+16	8.94e-01	1.06e-01	2.32e-06	0.00e+00	0.00e+00	0.00e+00	0.00e+00	0.00e+00
 1.03865e+16	9.00e-01	9.96e-02	2.12e-06	0.00e+00	0.00e+00	0.00e+00	0.00e+00	0.00e+00
 1.04004e+16	9.06e-01	9.36e-02	1.94e-06	0.00e+00	0.00e+00	0.00e+00	0.00e+00	0.00e+00
 1.04146e+16	9.12e-01	8.79e-02	1.77e-06	0.00e+00	0.00e+00	0.00e+00	0.00e+00	0.00e+00
 1.04290e+16	9.17e-01	8.25e-02	1.62e-06	0.00e+00	0.00e+00	0.00e+00	0.00e+00	0.00e+00
 1.04434e+16	9.23e-01	7.74e-02	1.48e-06	0.00e+00	0.00e+00	0.00e+00	0.00e+00	0.00e+00
 1.04580e+16	9.27e-01	7.27e-02	1.36e-06	0.00e+00	0.00e+00	0.00e+00	0.00e+00	0.00e+00
 1.04724e+16	9.32e-01	6.82e-02	1.24e-06	0.00e+00	0.00e+00	0.00e+00	0.00e+00	0.00e+00
 1.04868e+16	9.36e-01	6.41e-02	1.14e-06	0.00e+00	0.00e+00	0.00e+00	0.00e+00	0.00e+00
 1.05011e+16	9.40e-01	6.02e-02	1.04e-06	0.00e+00	0.00e+00	0.00e+00	0.00e+00	0.00e+00
 1.05152e+16	9.43e-01	5.66e-02	9.58e-07	0.00e+00	0.00e+00	0.00e+00	0.00e+00	0.00e+00
 1.05294e+16	9.47e-01	5.32e-02	8.79e-07	0.00e+00	0.00e+00	0.00e+00	0.00e+00	0.00e+00
 1.05435e+16	9.50e-01	5.00e-02	8.07e-07	0.00e+00	0.00e+00	0.00e+00	0.00e+00	0.00e+00
 1.05575e+16	9.53e-01	4.70e-02	7.41e-07	0.00e+00	0.00e+00	0.00e+00	0.00e+00	0.00e+00
 1.05716e+16	9.56e-01	4.42e-02	6.81e-07	0.00e+00	0.00e+00	0.00e+00	0.00e+00	0.00e+00
 1.05856e+16	9.58e-01	4.15e-02	6.26e-07	0.00e+00	0.00e+00	0.00e+00	0.00e+00	0.00e+00
 1.05996e+16	9.61e-01	3.91e-02	5.76e-07	0.00e+00	0.00e+00	0.00e+00	0.00e+00	0.00e+00
 1.06136e+16	9.63e-01	3.68e-02	5.30e-07	0.00e+00	0.00e+00	0.00e+00	0.00e+00	0.00e+00
 1.06277e+16	9.65e-01	3.46e-02	4.87e-07	0.00e+00	0.00e+00	0.00e+00	0.00e+00	0.00e+00
 1.06420e+16	9.67e-01	3.25e-02	4.48e-07	0.00e+00	0.00e+00	0.00e+00	0.00e+00	0.00e+00
 1.06567e+16	9.69e-01	3.05e-02	4.11e-07	0.00e+00	0.00e+00	0.00e+00	0.00e+00	0.00e+00
 1.06719e+16	9.71e-01	2.86e-02	3.76e-07	0.00e+00	0.00e+00	0.00e+00	0.00e+00	0.00e+00
 1.06875e+16	9.73e-01	2.68e-02	3.44e-07	0.00e+00	0.00e+00	0.00e+00	0.00e+00	0.00e+00
 1.07036e+16	9.75e-01	2.51e-02	3.14e-07	0.00e+00	0.00e+00	0.00e+00	0.00e+00	0.00e+00
 1.07203e+16	9.77e-01	2.35e-02	2.86e-07	0.00e+00	0.00e+00	0.00e+00	0.00e+00	0.00e+00
 1.07379e+16	9.78e-01	2.19e-02	2.60e-07	0.00e+00	0.00e+00	0.00e+00	0.00e+00	0.00e+00
 1.07570e+16	9.80e-01	2.03e-02	2.34e-07	0.00e+00	0.00e+00	0.00e+00	0.00e+00	0.00e+00
 1.07776e+16	9.81e-01	1.88e-02	2.10e-07	0.00e+00	0.00e+00	0.00e+00	0.00e+00	0.00e+00
 1.08000e+16	9.83e-01	1.73e-02	1.87e-07	0.00e+00	0.00e+00	0.00e+00	0.00e+00	0.00e+00
 1.08263e+16	9.84e-01	1.58e-02	1.64e-07	0.00e+00	0.00e+00	0.00e+00	0.00e+00	0.00e+00
