#depth	He	He+	He+2
 1.49634e+10	8.56e-22	2.71e-11	1.00e+00
 4.54887e+10	9.93e-22	2.95e-11	1.00e+00
 7.72350e+10	1.14e-21	3.21e-11	1.00e+00
 1.10251e+11	1.32e-21	3.50e-11	1.00e+00
 1.42238e+11	1.51e-21	3.79e-11	1.00e+00
 1.72255e+11	1.70e-21	4.07e-11	1.00e+00
 2.05823e+11	1.94e-21	4.41e-11	1.00e+00
 2.43982e+11	2.25e-21	4.81e-11	1.00e+00
 2.82336e+11	2.60e-21	5.24e-11	1.00e+00
 3.22223e+11	2.99e-21	5.71e-11	1.00e+00
 3.65039e+11	3.47e-21	6.24e-11	1.00e+00
 4.05266e+11	3.98e-21	6.76e-11	1.00e+00
 4.41356e+11	4.47e-21	7.26e-11	1.00e+00
 4.82043e+11	5.07e-21	7.85e-11	1.00e+00
 5.30104e+11	5.88e-21	8.58e-11	1.00e+00
 5.78206e+11	6.78e-21	9.35e-11	1.00e+00
 6.23377e+11	7.70e-21	1.01e-10	1.00e+00
 6.73383e+11	8.82e-21	1.10e-10	1.00e+00
 7.30245e+11	1.03e-20	1.21e-10	1.00e+00
 7.86325e+11	1.18e-20	1.32e-10	1.00e+00
 8.44649e+11	1.36e-20	1.44e-10	1.00e+00
 9.08362e+11	1.58e-20	1.59e-10	1.00e+00
 9.72517e+11	1.83e-20	1.74e-10	1.00e+00
 1.03924e+12	2.11e-20	1.91e-10	1.00e+00
 1.11073e+12	2.44e-20	2.11e-10	1.00e+00
 1.18188e+12	2.81e-20	2.32e-10	1.00e+00
 1.25588e+12	3.23e-20	2.55e-10	1.00e+00
 1.33604e+12	3.73e-20	2.81e-10	1.00e+00
 1.41941e+12	4.29e-20	3.11e-10	1.00e+00
 1.50611e+12	4.94e-20	3.43e-10	1.00e+00
 1.59628e+12	5.68e-20	3.80e-10	1.00e+00
 1.67773e+12	6.40e-20	4.15e-10	1.00e+00
 1.74541e+12	7.04e-20	4.46e-10	1.00e+00
 1.81949e+12	7.77e-20	4.81e-10	1.00e+00
 1.91355e+12	8.78e-20	5.29e-10	1.00e+00
 2.01179e+12	9.93e-20	5.82e-10	1.00e+00
 2.09862e+12	1.10e-19	6.31e-10	1.00e+00
 2.17909e+12	1.21e-19	6.79e-10	1.00e+00
 2.27036e+12	1.33e-19	7.37e-10	1.00e+00
 2.38335e+12	1.50e-19	8.12e-10	1.00e+00
 2.49612e+12	1.68e-19	8.92e-10	1.00e+00
 2.59297e+12	1.84e-19	9.65e-10	1.00e+00
 2.69758e+12	2.03e-19	1.05e-09	1.00e+00
 2.82680e+12	2.28e-19	1.15e-09	1.00e+00
 2.95953e+12	2.56e-19	1.27e-09	1.00e+00
 3.07984e+12	2.83e-19	1.38e-09	1.00e+00
 3.21251e+12	3.15e-19	1.51e-09	1.00e+00
 3.36821e+12	3.57e-19	1.67e-09	1.00e+00
 3.52362e+12	4.03e-19	1.84e-09	1.00e+00
 3.67177e+12	4.51e-19	2.01e-09	1.00e+00
 3.83509e+12	5.11e-19	2.20e-09	1.00e+00
 4.01843e+12	5.85e-19	2.44e-09	1.00e+00
 4.18353e+12	6.61e-19	2.66e-09	1.00e+00
 4.32001e+12	7.29e-19	2.85e-09	1.00e+00
 4.46915e+12	8.11e-19	3.06e-09	1.00e+00
 4.65948e+12	9.27e-19	3.35e-09	1.00e+00
 4.85162e+12	1.06e-18	3.66e-09	1.00e+00
 5.01092e+12	1.18e-18	3.92e-09	1.00e+00
 5.17928e+12	1.32e-18	4.21e-09	1.00e+00
 5.39489e+12	1.53e-18	4.60e-09	1.00e+00
 5.62075e+12	1.77e-18	5.03e-09	1.00e+00
 5.81901e+12	2.01e-18	5.43e-09	1.00e+00
 6.03258e+12	2.29e-18	5.86e-09	1.00e+00
 6.26916e+12	2.65e-18	6.38e-09	1.00e+00
 6.48831e+12	3.02e-18	6.87e-09	1.00e+00
 6.72588e+12	3.47e-18	7.42e-09	1.00e+00
 6.99007e+12	4.04e-18	8.07e-09	1.00e+00
 7.23648e+12	4.63e-18	8.70e-09	1.00e+00
 7.50443e+12	5.35e-18	9.42e-09	1.00e+00
 7.80242e+12	6.26e-18	1.02e-08	1.00e+00
 8.08088e+12	7.21e-18	1.11e-08	1.00e+00
 8.38428e+12	8.38e-18	1.20e-08	1.00e+00
 8.72300e+12	9.86e-18	1.30e-08	1.00e+00
 9.04162e+12	1.14e-17	1.41e-08	1.00e+00
 9.38982e+12	1.33e-17	1.53e-08	1.00e+00
 9.77965e+12	1.58e-17	1.67e-08	1.00e+00
 1.01487e+13	1.84e-17	1.81e-08	1.00e+00
 1.05463e+13	2.16e-17	1.96e-08	1.00e+00
 1.09980e+13	2.57e-17	2.14e-08	1.00e+00
 1.14422e+13	3.03e-17	2.33e-08	1.00e+00
 1.19041e+13	3.58e-17	2.54e-08	1.00e+00
 1.24102e+13	4.25e-17	2.77e-08	1.00e+00
 1.29366e+13	5.04e-17	3.02e-08	1.00e+00
 1.34839e+13	6.00e-17	3.30e-08	1.00e+00
 1.40014e+13	7.01e-17	3.57e-08	1.00e+00
 1.44687e+13	8.03e-17	3.83e-08	1.00e+00
 1.49097e+13	9.09e-17	4.07e-08	1.00e+00
 1.53977e+13	1.04e-16	4.35e-08	1.00e+00
 1.59454e+13	1.20e-16	4.68e-08	1.00e+00
 1.64670e+13	1.37e-16	5.00e-08	1.00e+00
 1.70415e+13	1.57e-16	5.37e-08	1.00e+00
 1.76689e+13	1.82e-16	5.78e-08	1.00e+00
 1.82399e+13	2.07e-16	6.17e-08	1.00e+00
 1.88568e+13	2.37e-16	6.60e-08	1.00e+00
 1.95509e+13	2.74e-16	7.11e-08	1.00e+00
 2.02108e+13	3.13e-16	7.60e-08	1.00e+00
 2.09344e+13	3.61e-16	8.16e-08	1.00e+00
 2.17335e+13	4.19e-16	8.80e-08	1.00e+00
 2.24753e+13	4.79e-16	9.42e-08	1.00e+00
 2.32838e+13	5.50e-16	1.01e-07	1.00e+00
 2.41933e+13	6.40e-16	1.09e-07	1.00e+00
 2.50600e+13	7.35e-16	1.17e-07	1.00e+00
 2.59989e+13	8.49e-16	1.26e-07	1.00e+00
 2.70394e+13	9.90e-16	1.36e-07	1.00e+00
 2.80365e+13	1.14e-15	1.46e-07	1.00e+00
 2.91028e+13	1.32e-15	1.57e-07	1.00e+00
 3.02968e+13	1.54e-15	1.70e-07	1.00e+00
 3.14934e+13	1.79e-15	1.83e-07	1.00e+00
 3.27378e+13	2.08e-15	1.97e-07	1.00e+00
 3.40773e+13	2.42e-15	2.13e-07	1.00e+00
 3.54703e+13	2.83e-15	2.31e-07	1.00e+00
 3.69190e+13	3.30e-15	2.50e-07	1.00e+00
 3.83260e+13	3.80e-15	2.68e-07	1.00e+00
 3.96547e+13	4.33e-15	2.87e-07	1.00e+00
 4.09093e+13	4.89e-15	3.05e-07	1.00e+00
 4.22758e+13	5.54e-15	3.25e-07	1.00e+00
 4.38026e+13	6.34e-15	3.48e-07	1.00e+00
 4.52449e+13	7.18e-15	3.71e-07	1.00e+00
 4.68270e+13	8.19e-15	3.96e-07	1.00e+00
 4.85968e+13	9.43e-15	4.26e-07	1.00e+00
 5.02870e+13	1.08e-14	4.56e-07	1.00e+00
 5.21386e+13	1.24e-14	4.89e-07	1.00e+00
 5.42541e+13	1.44e-14	5.29e-07	1.00e+00
 5.63275e+13	1.67e-14	5.70e-07	1.00e+00
 5.83160e+13	1.90e-14	6.09e-07	1.00e+00
 6.02498e+13	2.16e-14	6.51e-07	1.00e+00
 6.24121e+13	2.47e-14	6.97e-07	1.00e+00
 6.47809e+13	2.85e-14	7.52e-07	1.00e+00
 6.69416e+13	3.23e-14	8.02e-07	1.00e+00
 6.92742e+13	3.69e-14	8.60e-07	1.00e+00
 7.18914e+13	4.25e-14	9.25e-07	1.00e+00
 7.43715e+13	4.85e-14	9.92e-07	1.00e+00
 7.70789e+13	5.56e-14	1.06e-06	1.00e+00
 8.00771e+13	6.45e-14	1.15e-06	1.00e+00
 8.28755e+13	7.35e-14	1.23e-06	1.00e+00
 8.59007e+13	8.43e-14	1.33e-06	1.00e+00
 8.92823e+13	9.77e-14	1.43e-06	1.00e+00
 9.25203e+13	1.12e-13	1.54e-06	1.00e+00
 9.59722e+13	1.29e-13	1.66e-06	1.00e+00
 9.98410e+13	1.50e-13	1.80e-06	1.00e+00
 1.03674e+14	1.72e-13	1.94e-06	1.00e+00
 1.07660e+14	1.99e-13	2.10e-06	1.00e+00
 1.11735e+14	2.28e-13	2.26e-06	1.00e+00
 1.15536e+14	2.59e-13	2.42e-06	1.00e+00
 1.19751e+14	2.96e-13	2.60e-06	1.00e+00
 1.24355e+14	3.39e-13	2.81e-06	1.00e+00
 1.28627e+14	3.84e-13	3.00e-06	1.00e+00
 1.32402e+14	4.27e-13	3.19e-06	1.00e+00
 1.36413e+14	4.77e-13	3.38e-06	1.00e+00
 1.41468e+14	5.44e-13	3.64e-06	1.00e+00
 1.46572e+14	6.18e-13	3.92e-06	1.00e+00
 1.50896e+14	6.87e-13	4.15e-06	1.00e+00
 1.55517e+14	7.65e-13	4.42e-06	1.00e+00
 1.61306e+14	8.72e-13	4.75e-06	1.00e+00
 1.67281e+14	9.95e-13	5.12e-06	1.00e+00
 1.72551e+14	1.11e-12	5.45e-06	1.00e+00
 1.78240e+14	1.24e-12	5.82e-06	1.00e+00
 1.85099e+14	1.42e-12	6.29e-06	1.00e+00
 1.91904e+14	1.61e-12	6.76e-06	1.00e+00
 1.97973e+14	1.80e-12	7.21e-06	1.00e+00
 2.04663e+14	2.02e-12	7.72e-06	1.00e+00
 2.12628e+14	2.31e-12	8.35e-06	1.00e+00
 2.20508e+14	2.62e-12	8.99e-06	1.00e+00
 2.27705e+14	2.93e-12	9.62e-06	1.00e+00
 2.35756e+14	3.30e-12	1.03e-05	1.00e+00
 2.45127e+14	3.78e-12	1.12e-05	1.00e+00
 2.54305e+14	4.30e-12	1.21e-05	1.00e+00
 2.62965e+14	4.84e-12	1.30e-05	1.00e+00
 2.72628e+14	5.49e-12	1.40e-05	1.00e+00
 2.83563e+14	6.32e-12	1.52e-05	1.00e+00
 2.94446e+14	7.18e-12	1.65e-05	1.00e+00
 3.04970e+14	8.16e-12	1.78e-05	1.00e+00
 3.14116e+14	9.03e-12	1.89e-05	1.00e+00
 3.21717e+14	9.84e-12	1.99e-05	1.00e+00
 3.30158e+14	1.08e-11	2.10e-05	1.00e+00
 3.41132e+14	1.21e-11	2.26e-05	1.00e+00
 3.52697e+14	1.36e-11	2.43e-05	1.00e+00
 3.62687e+14	1.51e-11	2.58e-05	1.00e+00
 3.73330e+14	1.68e-11	2.75e-05	1.00e+00
 3.86947e+14	1.90e-11	2.97e-05	1.00e+00
 4.01006e+14	2.18e-11	3.22e-05	1.00e+00
 4.13007e+14	2.43e-11	3.44e-05	1.00e+00
 4.25759e+14	2.71e-11	3.68e-05	1.00e+00
 4.41642e+14	3.12e-11	3.99e-05	1.00e+00
 4.57907e+14	3.57e-11	4.33e-05	1.00e+00
 4.72250e+14	4.00e-11	4.64e-05	1.00e+00
 4.87778e+14	4.50e-11	4.99e-05	1.00e+00
 5.06500e+14	5.23e-11	5.44e-05	1.00e+00
 5.25058e+14	6.00e-11	5.91e-05	1.00e+00
 5.41580e+14	6.74e-11	6.33e-05	1.00e+00
 5.59773e+14	7.67e-11	6.83e-05	1.00e+00
 5.81472e+14	8.87e-11	7.45e-05	1.00e+00
 6.03059e+14	1.02e-10	8.09e-05	1.00e+00
 6.22845e+14	1.15e-10	8.69e-05	1.00e+00
 6.44961e+14	1.32e-10	9.42e-05	1.00e+00
 6.70625e+14	1.54e-10	1.03e-04	1.00e+00
 6.95852e+14	1.78e-10	1.12e-04	1.00e+00
 7.19910e+14	2.03e-10	1.21e-04	1.00e+00
 7.40967e+14	2.28e-10	1.29e-04	1.00e+00
 7.58360e+14	2.50e-10	1.36e-04	1.00e+00
 7.77525e+14	2.76e-10	1.44e-04	1.00e+00
 8.02439e+14	3.12e-10	1.55e-04	1.00e+00
 8.28654e+14	3.51e-10	1.66e-04	1.00e+00
 8.51268e+14	3.95e-10	1.77e-04	1.00e+00
 8.75374e+14	4.42e-10	1.88e-04	1.00e+00
 9.06713e+14	5.08e-10	2.04e-04	1.00e+00
 9.38980e+14	5.86e-10	2.20e-04	1.00e+00
 9.65812e+14	6.55e-10	2.35e-04	1.00e+00
 9.94051e+14	7.35e-10	2.50e-04	1.00e+00
 1.03023e+15	8.49e-10	2.71e-04	1.00e+00
 1.06841e+15	9.85e-10	2.94e-04	1.00e+00
 1.10243e+15	1.12e-09	3.16e-04	1.00e+00
 1.13935e+15	1.27e-09	3.40e-04	1.00e+00
 1.18344e+15	1.49e-09	3.70e-04	1.00e+00
 1.22706e+15	1.72e-09	4.00e-04	1.00e+00
 1.26656e+15	1.96e-09	4.30e-04	1.00e+00
 1.31048e+15	2.22e-09	4.63e-04	1.00e+00
 1.36203e+15	2.64e-09	5.05e-04	9.99e-01
 1.41291e+15	3.06e-09	5.47e-04	9.99e-01
 1.46063e+15	3.51e-09	5.89e-04	9.99e-01
 1.51388e+15	4.01e-09	6.37e-04	9.99e-01
 1.57447e+15	4.81e-09	6.95e-04	9.99e-01
 1.63435e+15	5.61e-09	7.54e-04	9.99e-01
 1.68344e+15	6.33e-09	8.04e-04	9.99e-01
 1.72180e+15	6.95e-09	8.45e-04	9.99e-01
 1.76381e+15	7.64e-09	8.90e-04	9.99e-01
 1.81843e+15	8.72e-09	9.53e-04	9.99e-01
 1.87751e+15	9.88e-09	1.02e-03	9.99e-01
 1.93069e+15	1.10e-08	1.08e-03	9.99e-01
 1.98816e+15	1.24e-08	1.15e-03	9.99e-01
 2.06107e+15	1.47e-08	1.25e-03	9.99e-01
 2.13449e+15	1.69e-08	1.35e-03	9.99e-01
 2.19613e+15	1.90e-08	1.43e-03	9.99e-01
 2.26200e+15	2.15e-08	1.53e-03	9.98e-01
 2.34523e+15	2.45e-08	1.65e-03	9.98e-01
 2.43145e+15	2.91e-08	1.79e-03	9.98e-01
 2.50694e+15	3.30e-08	1.91e-03	9.98e-01
 2.58804e+15	3.75e-08	2.05e-03	9.98e-01
 2.68658e+15	4.32e-08	2.22e-03	9.98e-01
 2.78485e+15	5.13e-08	2.40e-03	9.98e-01
 2.87201e+15	5.83e-08	2.57e-03	9.97e-01
 2.96766e+15	6.65e-08	2.76e-03	9.97e-01
 3.08217e+15	7.68e-08	2.99e-03	9.97e-01
 3.19266e+15	9.13e-08	3.24e-03	9.97e-01
 3.28622e+15	1.03e-07	3.45e-03	9.97e-01
 3.38629e+15	1.16e-07	3.68e-03	9.96e-01
 3.51173e+15	1.34e-07	3.99e-03	9.96e-01
 3.63034e+15	1.58e-07	4.31e-03	9.96e-01
 3.71567e+15	1.74e-07	4.53e-03	9.95e-01
 3.79756e+15	1.91e-07	4.76e-03	9.95e-01
 3.90401e+15	2.12e-07	5.06e-03	9.95e-01
 4.04241e+15	2.51e-07	5.49e-03	9.95e-01
 4.17477e+15	2.83e-07	5.90e-03	9.94e-01
 4.27717e+15	3.21e-07	6.26e-03	9.94e-01
 4.38815e+15	3.60e-07	6.64e-03	9.93e-01
 4.53242e+15	4.08e-07	7.17e-03	9.93e-01
 4.68661e+15	4.85e-07	7.78e-03	9.92e-01
 4.81689e+15	5.47e-07	8.31e-03	9.92e-01
 4.94946e+15	6.18e-07	8.89e-03	9.91e-01
 5.12181e+15	7.13e-07	9.69e-03	9.90e-01
 5.29682e+15	8.57e-07	1.06e-02	9.89e-01
 5.43628e+15	9.68e-07	1.13e-02	9.89e-01
 5.57855e+15	1.10e-06	1.21e-02	9.88e-01
 5.73841e+15	1.26e-06	1.31e-02	9.87e-01
 5.88996e+15	1.44e-06	1.41e-02	9.86e-01
 6.03089e+15	1.63e-06	1.51e-02	9.85e-01
 6.18921e+15	1.83e-06	1.63e-02	9.84e-01
 6.36250e+15	2.18e-06	1.78e-02	9.82e-01
 6.51311e+15	2.46e-06	1.91e-02	9.81e-01
 6.63783e+15	2.71e-06	2.04e-02	9.80e-01
 6.77107e+15	3.05e-06	2.18e-02	9.78e-01
 6.91689e+15	3.53e-06	2.36e-02	9.76e-01
 7.05589e+15	3.97e-06	2.54e-02	9.75e-01
 7.18812e+15	4.43e-06	2.72e-02	9.73e-01
 7.33475e+15	5.19e-06	2.96e-02	9.70e-01
 7.49394e+15	5.88e-06	3.24e-02	9.68e-01
 7.64493e+15	6.99e-06	3.55e-02	9.65e-01
 7.78463e+15	8.02e-06	3.86e-02	9.61e-01
 7.91153e+15	9.16e-06	4.19e-02	9.58e-01
 8.03144e+15	1.04e-05	4.54e-02	9.55e-01
 8.14712e+15	1.17e-05	4.91e-02	9.51e-01
 8.27968e+15	1.37e-05	5.41e-02	9.46e-01
 8.42590e+15	1.60e-05	6.04e-02	9.40e-01
 8.56155e+15	1.96e-05	6.74e-02	9.33e-01
 8.67114e+15	2.25e-05	7.39e-02	9.26e-01
 8.75928e+15	2.54e-05	7.99e-02	9.20e-01
 8.85801e+15	2.93e-05	8.78e-02	9.12e-01
 8.96256e+15	3.34e-05	9.71e-02	9.03e-01
 9.07468e+15	4.08e-05	1.09e-01	8.91e-01
 9.17627e+15	4.74e-05	1.22e-01	8.78e-01
 9.24215e+15	5.44e-05	1.32e-01	8.68e-01
 9.28764e+15	5.88e-05	1.39e-01	8.61e-01
 9.32865e+15	6.37e-05	1.46e-01	8.54e-01
 9.38197e+15	6.96e-05	1.56e-01	8.44e-01
 9.45129e+15	8.08e-05	1.72e-01	8.28e-01
 9.51535e+15	9.18e-05	1.87e-01	8.13e-01
 9.56030e+15	1.00e-04	1.99e-01	8.01e-01
 9.60645e+15	1.11e-04	2.13e-01	7.87e-01
 9.66645e+15	1.28e-04	2.33e-01	7.67e-01
 9.72253e+15	1.44e-04	2.53e-01	7.47e-01
 9.77351e+15	1.62e-04	2.74e-01	7.26e-01
 9.82695e+15	1.84e-04	2.98e-01	7.02e-01
 9.87210e+15	2.05e-04	3.20e-01	6.80e-01
 9.91220e+15	2.27e-04	3.41e-01	6.59e-01
 9.95721e+15	2.56e-04	3.67e-01	6.33e-01
 1.00036e+16	2.86e-04	3.94e-01	6.06e-01
 1.00443e+16	3.15e-04	4.20e-01	5.80e-01
 1.00897e+16	3.54e-04	4.51e-01	5.49e-01
 1.01393e+16	3.96e-04	4.85e-01	5.15e-01
 1.01857e+16	4.41e-04	5.18e-01	4.81e-01
 1.02374e+16	4.96e-04	5.56e-01	4.43e-01
 1.02926e+16	5.57e-04	5.96e-01	4.03e-01
 1.03426e+16	6.15e-04	6.32e-01	3.67e-01
 1.03978e+16	6.85e-04	6.71e-01	3.28e-01
 1.04481e+16	7.44e-04	7.02e-01	2.97e-01
 1.04819e+16	7.87e-04	7.23e-01	2.77e-01
 1.05156e+16	8.32e-04	7.43e-01	2.56e-01
 1.05593e+16	8.90e-04	7.68e-01	2.31e-01
 1.06073e+16	9.51e-04	7.92e-01	2.07e-01
 1.06516e+16	1.01e-03	8.12e-01	1.87e-01
 1.07001e+16	1.07e-03	8.32e-01	1.67e-01
 1.07538e+16	1.14e-03	8.52e-01	1.47e-01
 1.08028e+16	1.20e-03	8.68e-01	1.31e-01
 1.08475e+16	1.26e-03	8.81e-01	1.18e-01
 1.08981e+16	1.32e-03	8.94e-01	1.05e-01
 1.09536e+16	1.39e-03	9.06e-01	9.24e-02
 1.10037e+16	1.46e-03	9.16e-01	8.26e-02
 1.10498e+16	1.52e-03	9.24e-01	7.47e-02
 1.11026e+16	1.59e-03	9.32e-01	6.63e-02
 1.11594e+16	1.67e-03	9.40e-01	5.88e-02
 1.12087e+16	1.74e-03	9.45e-01	5.32e-02
 1.12523e+16	1.81e-03	9.50e-01	4.86e-02
 1.13013e+16	1.89e-03	9.54e-01	4.39e-02
 1.13552e+16	1.98e-03	9.59e-01	3.94e-02
 1.14039e+16	2.07e-03	9.62e-01	3.60e-02
 1.14468e+16	2.15e-03	9.65e-01	3.31e-02
 1.14937e+16	2.24e-03	9.67e-01	3.03e-02
 1.15449e+16	2.36e-03	9.70e-01	2.75e-02
 1.15904e+16	2.47e-03	9.72e-01	2.54e-02
 1.16313e+16	2.57e-03	9.74e-01	2.36e-02
 1.16773e+16	2.70e-03	9.76e-01	2.17e-02
 1.17272e+16	2.85e-03	9.77e-01	1.99e-02
 1.17710e+16	2.99e-03	9.78e-01	1.85e-02
 1.18096e+16	3.13e-03	9.80e-01	1.74e-02
 1.18522e+16	3.30e-03	9.81e-01	1.61e-02
 1.18997e+16	3.51e-03	9.82e-01	1.49e-02
 1.19430e+16	3.71e-03	9.82e-01	1.39e-02
 1.19813e+16	3.92e-03	9.83e-01	1.31e-02
 1.20234e+16	4.18e-03	9.84e-01	1.22e-02
 1.20707e+16	4.49e-03	9.84e-01	1.14e-02
 1.21145e+16	4.82e-03	9.85e-01	1.07e-02
 1.21542e+16	5.16e-03	9.85e-01	1.00e-02
 1.21985e+16	5.60e-03	9.85e-01	9.36e-03
 1.22472e+16	6.15e-03	9.85e-01	8.71e-03
 1.22900e+16	6.74e-03	9.85e-01	8.19e-03
 1.23265e+16	7.31e-03	9.85e-01	7.78e-03
 1.23663e+16	8.03e-03	9.85e-01	7.33e-03
 1.24098e+16	8.94e-03	9.84e-01	6.92e-03
 1.24477e+16	9.93e-03	9.83e-01	6.58e-03
 1.24767e+16	1.08e-02	9.83e-01	6.33e-03
 1.24997e+16	1.16e-02	9.82e-01	6.16e-03
 1.25246e+16	1.26e-02	9.81e-01	5.95e-03
 1.25526e+16	1.39e-02	9.80e-01	5.74e-03
 1.25781e+16	1.53e-02	9.79e-01	5.57e-03
 1.25997e+16	1.66e-02	9.78e-01	5.44e-03
 1.26227e+16	1.83e-02	9.76e-01	5.28e-03
 1.26474e+16	2.03e-02	9.75e-01	5.15e-03
 1.26684e+16	2.25e-02	9.72e-01	5.02e-03
 1.26861e+16	2.44e-02	9.71e-01	4.96e-03
 1.27051e+16	2.70e-02	9.68e-01	4.87e-03
 1.27261e+16	3.02e-02	9.65e-01	4.79e-03
 1.27453e+16	3.37e-02	9.62e-01	4.74e-03
 1.27621e+16	3.72e-02	9.58e-01	4.70e-03
 1.27806e+16	4.17e-02	9.54e-01	4.66e-03
 1.28007e+16	4.76e-02	9.48e-01	4.65e-03
 1.28180e+16	5.37e-02	9.42e-01	4.64e-03
 1.28324e+16	5.96e-02	9.36e-01	4.66e-03
 1.28470e+16	6.65e-02	9.29e-01	4.67e-03
 1.28623e+16	7.49e-02	9.20e-01	4.71e-03
 1.28766e+16	8.40e-02	9.11e-01	4.76e-03
 1.28890e+16	9.32e-02	9.02e-01	4.81e-03
 1.29001e+16	1.02e-01	8.93e-01	4.87e-03
 1.29103e+16	1.12e-01	8.83e-01	4.93e-03
 1.29198e+16	1.21e-01	8.74e-01	4.99e-03
 1.29273e+16	1.30e-01	8.65e-01	5.04e-03
 1.29322e+16	1.35e-01	8.60e-01	5.08e-03
 1.29366e+16	1.41e-01	8.54e-01	5.11e-03
 1.29418e+16	1.48e-01	8.47e-01	5.14e-03
 1.29475e+16	1.56e-01	8.39e-01	5.19e-03
 1.29530e+16	1.64e-01	8.31e-01	5.23e-03
 1.29581e+16	1.72e-01	8.23e-01	5.28e-03
 1.29632e+16	1.81e-01	8.14e-01	5.31e-03
 1.29683e+16	1.89e-01	8.05e-01	5.36e-03
 1.29734e+16	1.99e-01	7.96e-01	5.39e-03
 1.29784e+16	2.08e-01	7.86e-01	5.45e-03
 1.29834e+16	2.19e-01	7.76e-01	5.49e-03
 1.29884e+16	2.29e-01	7.65e-01	5.52e-03
 1.29933e+16	2.40e-01	7.54e-01	5.57e-03
 1.29981e+16	2.52e-01	7.43e-01	5.61e-03
 1.30030e+16	2.64e-01	7.31e-01	5.64e-03
 1.30078e+16	2.76e-01	7.18e-01	5.68e-03
 1.30126e+16	2.89e-01	7.05e-01	5.71e-03
 1.30173e+16	3.02e-01	6.93e-01	5.75e-03
 1.30220e+16	3.15e-01	6.79e-01	5.77e-03
 1.30267e+16	3.30e-01	6.64e-01	5.79e-03
 1.30313e+16	3.44e-01	6.50e-01	5.81e-03
 1.30358e+16	3.58e-01	6.36e-01	5.84e-03
 1.30404e+16	3.74e-01	6.20e-01	5.84e-03
 1.30449e+16	3.89e-01	6.05e-01	5.86e-03
 1.30494e+16	4.05e-01	5.89e-01	5.85e-03
 1.30539e+16	4.21e-01	5.73e-01	5.86e-03
 1.30583e+16	4.37e-01	5.57e-01	5.85e-03
 1.30627e+16	4.54e-01	5.40e-01	5.83e-03
 1.30671e+16	4.71e-01	5.23e-01	5.82e-03
 1.30714e+16	4.87e-01	5.07e-01	5.79e-03
 1.30757e+16	5.04e-01	4.90e-01	5.76e-03
 1.30799e+16	5.21e-01	4.74e-01	5.72e-03
 1.30840e+16	5.37e-01	4.57e-01	5.68e-03
 1.30881e+16	5.53e-01	4.41e-01	5.63e-03
 1.30922e+16	5.69e-01	4.25e-01	5.58e-03
 1.30962e+16	5.85e-01	4.10e-01	5.51e-03
 1.31002e+16	6.00e-01	3.94e-01	5.45e-03
 1.31041e+16	6.16e-01	3.79e-01	5.37e-03
 1.31081e+16	6.31e-01	3.64e-01	5.29e-03
 1.31120e+16	6.46e-01	3.49e-01	5.21e-03
 1.31160e+16	6.60e-01	3.35e-01	5.11e-03
 1.31199e+16	6.74e-01	3.21e-01	5.01e-03
 1.31239e+16	6.88e-01	3.07e-01	4.91e-03
 1.31279e+16	7.02e-01	2.93e-01	4.80e-03
 1.31319e+16	7.15e-01	2.80e-01	4.69e-03
 1.31359e+16	7.28e-01	2.68e-01	4.58e-03
 1.31400e+16	7.40e-01	2.55e-01	4.45e-03
 1.31443e+16	7.52e-01	2.43e-01	4.33e-03
 1.31486e+16	7.64e-01	2.32e-01	4.20e-03
 1.31526e+16	7.74e-01	2.22e-01	4.08e-03
 1.31560e+16	7.83e-01	2.13e-01	3.98e-03
 1.31591e+16	7.90e-01	2.06e-01	3.88e-03
 1.31625e+16	7.98e-01	1.98e-01	3.77e-03
 1.31660e+16	8.05e-01	1.91e-01	3.68e-03
 1.31694e+16	8.12e-01	1.84e-01	3.58e-03
 1.31727e+16	8.19e-01	1.78e-01	3.49e-03
 1.31761e+16	8.24e-01	1.72e-01	3.40e-03
 1.31794e+16	8.30e-01	1.67e-01	3.31e-03
 1.31828e+16	8.35e-01	1.61e-01	3.22e-03
 1.31862e+16	8.40e-01	1.56e-01	3.14e-03
 1.31897e+16	8.45e-01	1.52e-01	3.06e-03
 1.31932e+16	8.50e-01	1.47e-01	2.99e-03
 1.31969e+16	8.54e-01	1.43e-01	2.92e-03
 1.32006e+16	8.58e-01	1.39e-01	2.83e-03
 1.32045e+16	8.62e-01	1.35e-01	2.77e-03
 1.32085e+16	8.65e-01	1.32e-01	2.70e-03
 1.32126e+16	8.69e-01	1.28e-01	2.63e-03
 1.32169e+16	8.72e-01	1.25e-01	2.57e-03
 1.32214e+16	8.75e-01	1.22e-01	2.50e-03
 1.32261e+16	8.78e-01	1.19e-01	2.44e-03
 1.32311e+16	8.81e-01	1.17e-01	2.38e-03
 1.32364e+16	8.84e-01	1.14e-01	2.33e-03
 1.32421e+16	8.86e-01	1.12e-01	2.27e-03
 1.32482e+16	8.89e-01	1.09e-01	2.22e-03
 1.32548e+16	8.91e-01	1.07e-01	2.16e-03
 1.32619e+16	8.93e-01	1.05e-01	2.11e-03
 1.32697e+16	8.95e-01	1.03e-01	2.06e-03
 1.32782e+16	8.97e-01	1.01e-01	2.00e-03
 1.32876e+16	8.99e-01	9.94e-02	1.95e-03
 1.32978e+16	9.00e-01	9.77e-02	1.90e-03
 1.33089e+16	9.02e-01	9.61e-02	1.85e-03
 1.33210e+16	9.04e-01	9.45e-02	1.80e-03
 1.33341e+16	9.05e-01	9.30e-02	1.74e-03
 1.33482e+16	9.07e-01	9.15e-02	1.69e-03
 1.33634e+16	9.08e-01	9.00e-02	1.63e-03
 1.33798e+16	9.10e-01	8.84e-02	1.58e-03
 1.33974e+16	9.12e-01	8.68e-02	1.52e-03
 1.34159e+16	9.13e-01	8.52e-02	1.46e-03
 1.34356e+16	9.15e-01	8.35e-02	1.40e-03
 1.34567e+16	9.17e-01	8.17e-02	1.34e-03
 1.34799e+16	9.19e-01	7.98e-02	1.28e-03
 1.35066e+16	9.21e-01	7.77e-02	1.21e-03
 1.35370e+16	9.23e-01	7.54e-02	1.13e-03
 1.35678e+16	9.26e-01	7.32e-02	1.06e-03
 1.35969e+16	9.28e-01	7.11e-02	1.00e-03
 1.36239e+16	9.30e-01	6.93e-02	9.47e-04
 1.36484e+16	9.31e-01	6.76e-02	9.01e-04
 1.36708e+16	9.33e-01	6.62e-02	8.61e-04
 1.36911e+16	9.34e-01	6.49e-02	8.26e-04
 1.37096e+16	9.36e-01	6.37e-02	7.95e-04
 1.37265e+16	9.37e-01	6.26e-02	7.67e-04
 1.37449e+16	9.38e-01	6.15e-02	7.38e-04
 1.37648e+16	9.39e-01	6.03e-02	7.09e-04
 1.37829e+16	9.40e-01	5.92e-02	6.82e-04
 1.37994e+16	9.41e-01	5.82e-02	6.58e-04
 1.38144e+16	9.42e-01	5.73e-02	6.37e-04
 1.38309e+16	9.43e-01	5.64e-02	6.15e-04
 1.38487e+16	9.44e-01	5.53e-02	5.92e-04
 1.38648e+16	9.45e-01	5.44e-02	5.71e-04
 1.38795e+16	9.46e-01	5.36e-02	5.53e-04
 1.38929e+16	9.47e-01	5.28e-02	5.37e-04
 1.39076e+16	9.47e-01	5.20e-02	5.19e-04
 1.39234e+16	9.48e-01	5.12e-02	5.02e-04
 1.39378e+16	9.49e-01	5.04e-02	4.86e-04
 1.39509e+16	9.50e-01	4.97e-02	4.72e-04
 1.39628e+16	9.51e-01	4.90e-02	4.60e-04
 1.39759e+16	9.51e-01	4.83e-02	4.46e-04
 1.39900e+16	9.52e-01	4.76e-02	4.32e-04
 1.40029e+16	9.53e-01	4.69e-02	4.19e-04
 1.40145e+16	9.53e-01	4.63e-02	4.07e-04
 1.40252e+16	9.54e-01	4.57e-02	3.98e-04
 1.40368e+16	9.55e-01	4.51e-02	3.87e-04
 1.40494e+16	9.55e-01	4.45e-02	3.76e-04
 1.40609e+16	9.56e-01	4.39e-02	3.66e-04
 1.40734e+16	9.56e-01	4.33e-02	3.55e-04
 1.40869e+16	9.57e-01	4.26e-02	3.44e-04
 1.40993e+16	9.58e-01	4.20e-02	3.34e-04
 1.41105e+16	9.58e-01	4.15e-02	3.25e-04
 1.41228e+16	9.59e-01	4.09e-02	3.16e-04
 1.41360e+16	9.59e-01	4.03e-02	3.06e-04
 1.41481e+16	9.60e-01	3.97e-02	2.98e-04
 1.41591e+16	9.61e-01	3.92e-02	2.90e-04
 1.41711e+16	9.61e-01	3.86e-02	2.81e-04
 1.41841e+16	9.62e-01	3.81e-02	2.73e-04
 1.41960e+16	9.62e-01	3.75e-02	2.66e-04
 1.42067e+16	9.63e-01	3.71e-02	2.59e-04
 1.42185e+16	9.63e-01	3.65e-02	2.51e-04
 1.42312e+16	9.64e-01	3.60e-02	2.44e-04
 1.42428e+16	9.64e-01	3.55e-02	2.38e-04
 1.42534e+16	9.65e-01	3.51e-02	2.32e-04
 1.42649e+16	9.65e-01	3.46e-02	2.25e-04
 1.42774e+16	9.66e-01	3.41e-02	2.19e-04
 1.42888e+16	9.66e-01	3.37e-02	2.13e-04
 1.43012e+16	9.67e-01	3.32e-02	2.07e-04
 1.43146e+16	9.67e-01	3.27e-02	2.01e-04
 1.43268e+16	9.68e-01	3.23e-02	1.96e-04
 1.43402e+16	9.68e-01	3.18e-02	1.90e-04
 1.43547e+16	9.69e-01	3.13e-02	1.84e-04
 1.43678e+16	9.69e-01	3.08e-02	1.79e-04
 1.43798e+16	9.69e-01	3.04e-02	1.74e-04
 1.43929e+16	9.70e-01	3.00e-02	1.69e-04
 1.44071e+16	9.70e-01	2.95e-02	1.64e-04
 1.44200e+16	9.71e-01	2.91e-02	1.59e-04
 1.44341e+16	9.71e-01	2.87e-02	1.54e-04
 1.44493e+16	9.72e-01	2.82e-02	1.50e-04
 1.44632e+16	9.72e-01	2.78e-02	1.45e-04
 1.44758e+16	9.72e-01	2.74e-02	1.41e-04
 1.44897e+16	9.73e-01	2.70e-02	1.37e-04
 1.45046e+16	9.73e-01	2.66e-02	1.33e-04
 1.45182e+16	9.74e-01	2.62e-02	1.29e-04
 1.45331e+16	9.74e-01	2.58e-02	1.25e-04
 1.45492e+16	9.74e-01	2.54e-02	1.21e-04
 1.45638e+16	9.75e-01	2.50e-02	1.18e-04
 1.45798e+16	9.75e-01	2.46e-02	1.14e-04
 1.45971e+16	9.76e-01	2.42e-02	1.10e-04
 1.46129e+16	9.76e-01	2.38e-02	1.07e-04
 1.46272e+16	9.76e-01	2.35e-02	1.04e-04
 1.46429e+16	9.77e-01	2.31e-02	1.00e-04
 1.46599e+16	9.77e-01	2.27e-02	9.72e-05
 1.46753e+16	9.78e-01	2.24e-02	9.44e-05
 1.46922e+16	9.78e-01	2.20e-02	9.12e-05
 1.47105e+16	9.78e-01	2.16e-02	8.82e-05
 1.47271e+16	9.79e-01	2.13e-02	8.54e-05
 1.47453e+16	9.79e-01	2.09e-02	8.24e-05
 1.47649e+16	9.79e-01	2.05e-02	7.95e-05
 1.47828e+16	9.80e-01	2.02e-02	7.69e-05
 1.47991e+16	9.80e-01	1.99e-02	7.46e-05
 1.48169e+16	9.80e-01	1.95e-02	7.21e-05
 1.48362e+16	9.81e-01	1.92e-02	6.97e-05
 1.48537e+16	9.81e-01	1.89e-02	6.75e-05
 1.48729e+16	9.81e-01	1.85e-02	6.51e-05
 1.48936e+16	9.82e-01	1.82e-02	6.28e-05
 1.49125e+16	9.82e-01	1.79e-02	6.08e-05
 1.49331e+16	9.82e-01	1.76e-02	5.85e-05
 1.49554e+16	9.83e-01	1.72e-02	5.63e-05
 1.49757e+16	9.83e-01	1.69e-02	5.44e-05
 1.49980e+16	9.83e-01	1.66e-02	5.23e-05
 1.50220e+16	9.84e-01	1.63e-02	5.02e-05
 1.50439e+16	9.84e-01	1.60e-02	4.84e-05
 1.50637e+16	9.84e-01	1.57e-02	4.69e-05
 1.50855e+16	9.85e-01	1.54e-02	4.51e-05
 1.51091e+16	9.85e-01	1.51e-02	4.34e-05
 1.51305e+16	9.85e-01	1.48e-02	4.20e-05
 1.51539e+16	9.85e-01	1.45e-02	4.03e-05
 1.51793e+16	9.86e-01	1.43e-02	3.87e-05
 1.52023e+16	9.86e-01	1.40e-02	3.74e-05
 1.52276e+16	9.86e-01	1.37e-02	3.58e-05
 1.52548e+16	9.87e-01	1.34e-02	3.44e-05
 1.52796e+16	9.87e-01	1.32e-02	3.31e-05
 1.53068e+16	9.87e-01	1.29e-02	3.17e-05
 1.53362e+16	9.87e-01	1.26e-02	3.03e-05
 1.53629e+16	9.88e-01	1.23e-02	2.91e-05
 1.53922e+16	9.88e-01	1.20e-02	2.78e-05
 1.54238e+16	9.88e-01	1.18e-02	2.65e-05
 1.54525e+16	9.88e-01	1.15e-02	2.54e-05
 1.54840e+16	9.89e-01	1.12e-02	2.43e-05
 1.55181e+16	9.89e-01	1.10e-02	2.31e-05
 1.55490e+16	9.89e-01	1.07e-02	2.21e-05
 1.55829e+16	9.90e-01	1.05e-02	2.10e-05
 1.56196e+16	9.90e-01	1.02e-02	2.00e-05
 1.56529e+16	9.90e-01	9.95e-03	1.91e-05
 1.56894e+16	9.90e-01	9.69e-03	1.81e-05
 1.57288e+16	9.91e-01	9.43e-03	1.72e-05
 1.57647e+16	9.91e-01	9.21e-03	1.64e-05
 1.58040e+16	9.91e-01	8.96e-03	1.55e-05
 1.58464e+16	9.91e-01	8.70e-03	1.46e-05
 1.58851e+16	9.91e-01	8.49e-03	1.39e-05
 1.59274e+16	9.92e-01	8.24e-03	1.32e-05
 1.59731e+16	9.92e-01	8.00e-03	1.24e-05
 1.60147e+16	9.92e-01	7.79e-03	1.18e-05
 1.60602e+16	9.92e-01	7.56e-03	1.11e-05
 1.61193e+16	9.93e-01	7.27e-03	1.03e-05
 1.61866e+16	9.93e-01	6.96e-03	9.43e-06
 1.62537e+16	9.93e-01	6.68e-03	8.68e-06
 1.63215e+16	9.94e-01	6.41e-03	8.00e-06
 1.63923e+16	9.94e-01	6.14e-03	7.34e-06
 1.64662e+16	9.94e-01	5.87e-03	6.73e-06
 1.65426e+16	9.94e-01	5.61e-03	6.15e-06
 1.66215e+16	9.95e-01	5.36e-03	5.61e-06
 1.67032e+16	9.95e-01	5.11e-03	5.11e-06
 1.67877e+16	9.95e-01	4.87e-03	4.65e-06
 1.68741e+16	9.95e-01	4.64e-03	4.22e-06
 1.69619e+16	9.96e-01	4.42e-03	3.84e-06
 1.70511e+16	9.96e-01	4.21e-03	3.48e-06
 1.71419e+16	9.96e-01	4.00e-03	3.16e-06
 1.72345e+16	9.96e-01	3.81e-03	2.86e-06
 1.73287e+16	9.96e-01	3.63e-03	2.60e-06
 1.74233e+16	9.97e-01	3.45e-03	2.35e-06
 1.75192e+16	9.97e-01	3.28e-03	2.13e-06
 1.76185e+16	9.97e-01	3.12e-03	1.93e-06
 1.77202e+16	9.97e-01	2.96e-03	1.74e-06
 1.78233e+16	9.97e-01	2.81e-03	1.57e-06
 1.79280e+16	9.97e-01	2.67e-03	1.41e-06
 1.80349e+16	9.97e-01	2.53e-03	1.27e-06
 1.81439e+16	9.98e-01	2.40e-03	1.15e-06
 1.82547e+16	9.98e-01	2.28e-03	1.03e-06
 1.83676e+16	9.98e-01	2.16e-03	9.25e-07
 1.84827e+16	9.98e-01	2.04e-03	8.29e-07
 1.86001e+16	9.98e-01	1.93e-03	7.43e-07
 1.87199e+16	9.98e-01	1.82e-03	6.64e-07
 1.88421e+16	9.98e-01	1.72e-03	5.94e-07
 1.89667e+16	9.98e-01	1.63e-03	5.29e-07
 1.90940e+16	9.98e-01	1.54e-03	4.72e-07
 1.92239e+16	9.99e-01	1.45e-03	4.19e-07
 1.93566e+16	9.99e-01	1.36e-03	3.72e-07
 1.94923e+16	9.99e-01	1.28e-03	3.30e-07
 1.96311e+16	9.99e-01	1.21e-03	2.92e-07
 1.97731e+16	9.99e-01	1.13e-03	2.58e-07
 1.99185e+16	9.99e-01	1.06e-03	2.27e-07
 2.00675e+16	9.99e-01	9.96e-04	2.00e-07
 2.02203e+16	9.99e-01	9.32e-04	1.75e-07
 2.03771e+16	9.99e-01	8.71e-04	1.53e-07
 2.05382e+16	9.99e-01	8.13e-04	1.33e-07
 2.07039e+16	9.99e-01	7.58e-04	1.16e-07
 2.08743e+16	9.99e-01	7.06e-04	1.01e-07
 2.10462e+16	9.99e-01	6.57e-04	8.73e-08
 2.12227e+16	9.99e-01	6.10e-04	7.54e-08
 2.14100e+16	9.99e-01	5.65e-04	6.45e-08
 2.16057e+16	9.99e-01	5.21e-04	5.50e-08
 2.18076e+16	1.00e+00	4.80e-04	4.66e-08
 2.20165e+16	1.00e+00	4.41e-04	3.93e-08
 2.22344e+16	1.00e+00	4.03e-04	3.30e-08
 2.24625e+16	1.00e+00	3.68e-04	2.75e-08
 2.27014e+16	1.00e+00	3.34e-04	2.27e-08
 2.29527e+16	1.00e+00	3.02e-04	1.86e-08
 2.32185e+16	1.00e+00	2.72e-04	1.50e-08
 2.35029e+16	1.00e+00	2.43e-04	1.20e-08
 2.38021e+16	1.00e+00	2.16e-04	9.52e-09
 2.41214e+16	1.00e+00	1.91e-04	7.42e-09
 2.44708e+16	1.00e+00	1.67e-04	5.66e-09
 2.48503e+16	1.00e+00	1.44e-04	4.23e-09
 2.52653e+16	1.00e+00	1.23e-04	3.08e-09
 2.57263e+16	1.00e+00	1.03e-04	2.17e-09
 2.62476e+16	1.00e+00	8.49e-05	1.47e-09
 2.68527e+16	1.00e+00	6.78e-05	9.37e-10
 2.75265e+16	1.00e+00	5.31e-05	5.76e-10
 2.82145e+16	1.00e+00	4.16e-05	3.55e-10
 2.88913e+16	1.00e+00	3.29e-05	2.22e-10
 2.95653e+16	1.00e+00	2.61e-05	1.40e-10
 3.02497e+16	1.00e+00	2.07e-05	8.82e-11
 3.09470e+16	1.00e+00	1.64e-05	5.56e-11
 3.16563e+16	1.00e+00	1.30e-05	3.51e-11
 3.23788e+16	1.00e+00	1.03e-05	2.21e-11
 3.31149e+16	1.00e+00	8.21e-06	1.40e-11
 3.38645e+16	1.00e+00	6.52e-06	8.81e-12
 3.46283e+16	1.00e+00	5.17e-06	5.56e-12
 3.54079e+16	1.00e+00	4.11e-06	3.51e-12
 3.62063e+16	1.00e+00	3.25e-06	2.21e-12
 3.70227e+16	1.00e+00	2.58e-06	1.39e-12
 3.78571e+16	1.00e+00	2.04e-06	8.70e-13
 3.87150e+16	1.00e+00	1.61e-06	5.43e-13
 3.95986e+16	1.00e+00	1.27e-06	3.37e-13
 4.05085e+16	1.00e+00	9.97e-07	2.09e-13
 4.14486e+16	1.00e+00	7.81e-07	1.28e-13
 4.24243e+16	1.00e+00	6.09e-07	7.80e-14
 4.34428e+16	1.00e+00	4.72e-07	4.69e-14
 4.45129e+16	1.00e+00	3.63e-07	2.78e-14
 4.56467e+16	1.00e+00	2.76e-07	1.61e-14
 4.68616e+16	1.00e+00	2.07e-07	9.10e-15
 4.81842e+16	1.00e+00	1.53e-07	4.95e-15
 4.96284e+16	1.00e+00	1.10e-07	2.59e-15
 5.11461e+16	1.00e+00	7.94e-08	1.34e-15
 5.26759e+16	1.00e+00	5.74e-08	7.01e-16
 5.42084e+16	1.00e+00	4.19e-08	3.73e-16
 5.57532e+16	1.00e+00	3.07e-08	2.00e-16
 5.73099e+16	1.00e+00	2.26e-08	1.09e-16
 5.88688e+16	1.00e+00	1.67e-08	5.99e-17
 6.04222e+16	1.00e+00	1.25e-08	3.35e-17
 6.19632e+16	1.00e+00	9.45e-09	1.91e-17
 6.34852e+16	1.00e+00	7.21e-09	1.11e-17
 6.49831e+16	1.00e+00	5.55e-09	6.60e-18
 6.64506e+16	1.00e+00	4.32e-09	4.00e-18
 6.78816e+16	1.00e+00	3.40e-09	2.48e-18
 6.92716e+16	1.00e+00	2.71e-09	1.58e-18
 7.06173e+16	1.00e+00	2.18e-09	1.02e-18
 7.19161e+16	1.00e+00	1.77e-09	6.79e-19
 7.31653e+16	1.00e+00	1.46e-09	4.61e-19
 7.43640e+16	1.00e+00	1.22e-09	3.20e-19
 7.55120e+16	1.00e+00	1.02e-09	2.26e-19
 7.66093e+16	1.00e+00	8.68e-10	1.63e-19
 7.76568e+16	1.00e+00	7.44e-10	1.20e-19
 7.86554e+16	1.00e+00	6.44e-10	9.00e-20
 7.96063e+16	1.00e+00	5.61e-10	6.85e-20
 8.05109e+16	1.00e+00	4.94e-10	5.30e-20
 8.13710e+16	1.00e+00	4.37e-10	4.16e-20
 8.21887e+16	1.00e+00	3.90e-10	3.32e-20
 8.29659e+16	1.00e+00	3.50e-10	2.68e-20
 8.37042e+16	1.00e+00	3.17e-10	2.19e-20
 8.44054e+16	1.00e+00	2.88e-10	1.81e-20
 8.50715e+16	1.00e+00	2.63e-10	1.51e-20
 8.57042e+16	1.00e+00	2.42e-10	1.28e-20
 8.63053e+16	1.00e+00	2.23e-10	1.09e-20
 8.68765e+16	1.00e+00	2.07e-10	9.35e-21
 8.74190e+16	1.00e+00	1.92e-10	0.00e+00
 8.79342e+16	1.00e+00	1.80e-10	0.00e+00
 8.84238e+16	1.00e+00	1.69e-10	0.00e+00
 8.88894e+16	1.00e+00	1.59e-10	0.00e+00
 8.93324e+16	1.00e+00	1.50e-10	0.00e+00
 8.97542e+16	1.00e+00	1.42e-10	0.00e+00
 9.01557e+16	1.00e+00	1.35e-10	0.00e+00
 9.05378e+16	1.00e+00	1.28e-10	0.00e+00
 9.09017e+16	1.00e+00	1.23e-10	0.00e+00
 9.12486e+16	1.00e+00	1.17e-10	0.00e+00
 9.15796e+16	1.00e+00	1.12e-10	0.00e+00
 9.18958e+16	1.00e+00	1.08e-10	0.00e+00
 9.21979e+16	1.00e+00	1.04e-10	0.00e+00
 9.24867e+16	1.00e+00	1.00e-10	0.00e+00
 9.27629e+16	1.00e+00	9.68e-11	0.00e+00
 9.30273e+16	1.00e+00	9.37e-11	0.00e+00
 9.32811e+16	1.00e+00	9.07e-11	0.00e+00
 9.35250e+16	1.00e+00	8.80e-11	0.00e+00
 9.37595e+16	1.00e+00	8.55e-11	0.00e+00
 9.39852e+16	1.00e+00	8.31e-11	0.00e+00
 9.42029e+16	1.00e+00	8.09e-11	0.00e+00
 9.44132e+16	1.00e+00	7.88e-11	0.00e+00
 9.46170e+16	1.00e+00	7.69e-11	0.00e+00
 9.48150e+16	1.00e+00	7.50e-11	0.00e+00
 9.50078e+16	1.00e+00	7.33e-11	0.00e+00
 9.51959e+16	1.00e+00	7.16e-11	0.00e+00
 9.53802e+16	1.00e+00	7.00e-11	0.00e+00
 9.55613e+16	1.00e+00	6.85e-11	0.00e+00
 9.57403e+16	1.00e+00	6.70e-11	0.00e+00
 9.59178e+16	1.00e+00	6.55e-11	0.00e+00
 9.60950e+16	1.00e+00	6.41e-11	0.00e+00
 9.62727e+16	1.00e+00	6.27e-11	0.00e+00
 9.64524e+16	1.00e+00	6.14e-11	0.00e+00
 9.66353e+16	1.00e+00	6.00e-11	0.00e+00
 9.68233e+16	1.00e+00	5.87e-11	0.00e+00
 9.70187e+16	1.00e+00	5.73e-11	0.00e+00
 9.72241e+16	1.00e+00	5.59e-11	0.00e+00
 9.74430e+16	1.00e+00	5.44e-11	0.00e+00
 9.76801e+16	1.00e+00	5.28e-11	0.00e+00
 9.79419e+16	1.00e+00	5.12e-11	0.00e+00
 9.82374e+16	1.00e+00	4.94e-11	0.00e+00
 9.85797e+16	1.00e+00	4.73e-11	0.00e+00
 9.89889e+16	1.00e+00	4.50e-11	0.00e+00
 9.94959e+16	1.00e+00	4.23e-11	0.00e+00
 1.00146e+17	1.00e+00	3.90e-11	0.00e+00
 1.00992e+17	1.00e+00	3.52e-11	0.00e+00
 1.02091e+17	1.00e+00	3.09e-11	0.00e+00
 1.03520e+17	1.00e+00	2.61e-11	0.00e+00
 1.05377e+17	1.00e+00	2.10e-11	0.00e+00
 1.07792e+17	1.00e+00	1.59e-11	0.00e+00
 1.10722e+17	1.00e+00	1.15e-11	0.00e+00
 1.13852e+17	1.00e+00	8.27e-12	0.00e+00
 1.16982e+17	1.00e+00	6.00e-12	0.00e+00
 1.20112e+17	1.00e+00	4.40e-12	0.00e+00
 1.23242e+17	1.00e+00	3.26e-12	0.00e+00
 1.26372e+17	1.00e+00	2.45e-12	0.00e+00
 1.29502e+17	1.00e+00	1.86e-12	0.00e+00
 1.33030e+17	1.00e+00	1.37e-12	0.00e+00
 1.37033e+17	1.00e+00	9.95e-13	0.00e+00
 1.41191e+17	1.00e+00	7.29e-13	0.00e+00
 1.45468e+17	1.00e+00	5.44e-13	0.00e+00
 1.50434e+17	1.00e+00	4.00e-13	0.00e+00
 1.56306e+17	1.00e+00	2.82e-13	0.00e+00
 1.62558e+17	1.00e+00	2.04e-13	0.00e+00
 1.69061e+17	1.00e+00	1.54e-13	0.00e+00
 1.75823e+17	1.00e+00	1.20e-13	0.00e+00
 1.82512e+17	1.00e+00	9.51e-14	0.00e+00
 1.88579e+17	1.00e+00	8.12e-14	0.00e+00
 1.93903e+17	1.00e+00	7.38e-14	0.00e+00
 1.98779e+17	1.00e+00	6.80e-14	0.00e+00
 2.03496e+17	1.00e+00	6.16e-14	0.00e+00
 2.07729e+17	1.00e+00	5.48e-14	0.00e+00
 2.10774e+17	1.00e+00	5.11e-14	0.00e+00
 2.12535e+17	1.00e+00	5.03e-14	0.00e+00
 2.13509e+17	1.00e+00	5.02e-14	0.00e+00
 2.14094e+17	1.00e+00	5.02e-14	0.00e+00
 2.14445e+17	1.00e+00	5.02e-14	0.00e+00
 2.14689e+17	1.00e+00	5.01e-14	0.00e+00
 2.14937e+17	1.00e+00	5.01e-14	0.00e+00
 2.15248e+17	1.00e+00	5.00e-14	0.00e+00
 2.15593e+17	1.00e+00	4.98e-14	0.00e+00
 2.15892e+17	1.00e+00	4.96e-14	0.00e+00
 2.16123e+17	1.00e+00	4.95e-14	0.00e+00
 2.16324e+17	1.00e+00	4.93e-14	0.00e+00
 2.16536e+17	1.00e+00	4.92e-14	0.00e+00
 2.16764e+17	1.00e+00	4.90e-14	0.00e+00
 2.16979e+17	1.00e+00	4.88e-14	0.00e+00
 2.17159e+17	1.00e+00	4.86e-14	0.00e+00
 2.17316e+17	1.00e+00	4.85e-14	0.00e+00
 2.17475e+17	1.00e+00	4.83e-14	0.00e+00
 2.17638e+17	1.00e+00	4.82e-14	0.00e+00
 2.17788e+17	1.00e+00	4.80e-14	0.00e+00
 2.17929e+17	1.00e+00	4.78e-14	0.00e+00
 2.18068e+17	1.00e+00	4.77e-14	0.00e+00
 2.18204e+17	1.00e+00	4.75e-14	0.00e+00
 2.18333e+17	1.00e+00	4.74e-14	0.00e+00
 2.18453e+17	1.00e+00	4.72e-14	0.00e+00
 2.18567e+17	1.00e+00	4.71e-14	0.00e+00
 2.18683e+17	1.00e+00	4.69e-14	0.00e+00
 2.18800e+17	1.00e+00	4.68e-14	0.00e+00
 2.18911e+17	1.00e+00	4.66e-14	0.00e+00
 2.19016e+17	1.00e+00	4.65e-14	0.00e+00
 2.19122e+17	1.00e+00	4.63e-14	0.00e+00
 2.19226e+17	1.00e+00	4.62e-14	0.00e+00
 2.19329e+17	1.00e+00	4.60e-14	0.00e+00
 2.19431e+17	1.00e+00	4.58e-14	0.00e+00
 2.19528e+17	1.00e+00	4.57e-14	0.00e+00
 2.19622e+17	1.00e+00	4.56e-14	0.00e+00
 2.19721e+17	1.00e+00	4.54e-14	0.00e+00
 2.19825e+17	1.00e+00	4.52e-14	0.00e+00
 2.19927e+17	1.00e+00	4.50e-14	0.00e+00
 2.20024e+17	1.00e+00	4.49e-14	0.00e+00
 2.20123e+17	1.00e+00	4.47e-14	0.00e+00
 2.20226e+17	1.00e+00	4.45e-14	0.00e+00
 2.20327e+17	1.00e+00	4.43e-14	0.00e+00
 2.20426e+17	1.00e+00	4.41e-14	0.00e+00
 2.20531e+17	1.00e+00	4.39e-14	0.00e+00
 2.20642e+17	1.00e+00	4.37e-14	0.00e+00
 2.20750e+17	1.00e+00	4.35e-14	0.00e+00
 2.20856e+17	1.00e+00	4.33e-14	0.00e+00
 2.20967e+17	1.00e+00	4.31e-14	0.00e+00
 2.21092e+17	1.00e+00	4.29e-14	0.00e+00
 2.21226e+17	1.00e+00	4.26e-14	0.00e+00
 2.21351e+17	1.00e+00	4.23e-14	0.00e+00
 2.21457e+17	1.00e+00	4.21e-14	0.00e+00
 2.21565e+17	1.00e+00	4.19e-14	0.00e+00
 2.21700e+17	1.00e+00	4.16e-14	0.00e+00
 2.21846e+17	1.00e+00	4.13e-14	0.00e+00
 2.21982e+17	1.00e+00	4.10e-14	0.00e+00
 2.22114e+17	1.00e+00	4.07e-14	0.00e+00
 2.22254e+17	1.00e+00	4.04e-14	0.00e+00
 2.22404e+17	1.00e+00	4.01e-14	0.00e+00
 2.22564e+17	1.00e+00	3.98e-14	0.00e+00
 2.22725e+17	1.00e+00	3.94e-14	0.00e+00
 2.22882e+17	1.00e+00	3.90e-14	0.00e+00
 2.23039e+17	1.00e+00	3.87e-14	0.00e+00
 2.23201e+17	1.00e+00	3.83e-14	0.00e+00
 2.23372e+17	1.00e+00	3.80e-14	0.00e+00
 2.23554e+17	1.00e+00	3.76e-14	0.00e+00
 2.23742e+17	1.00e+00	3.71e-14	0.00e+00
 2.23931e+17	1.00e+00	3.67e-14	0.00e+00
 2.24122e+17	1.00e+00	3.62e-14	0.00e+00
 2.24304e+17	1.00e+00	3.58e-14	0.00e+00
 2.24504e+17	1.00e+00	3.54e-14	0.00e+00
 2.24734e+17	1.00e+00	3.49e-14	0.00e+00
 2.24967e+17	1.00e+00	3.44e-14	0.00e+00
 2.25191e+17	1.00e+00	3.38e-14	0.00e+00
 2.25407e+17	1.00e+00	3.33e-14	0.00e+00
 2.25639e+17	1.00e+00	3.28e-14	0.00e+00
 2.25898e+17	1.00e+00	3.22e-14	0.00e+00
 2.26160e+17	1.00e+00	3.16e-14	0.00e+00
 2.26404e+17	1.00e+00	3.11e-14	0.00e+00
 2.26658e+17	1.00e+00	3.05e-14	0.00e+00
 2.26938e+17	1.00e+00	2.99e-14	0.00e+00
 2.27233e+17	1.00e+00	2.92e-14	0.00e+00
 2.27529e+17	1.00e+00	2.86e-14	0.00e+00
 2.27819e+17	1.00e+00	2.79e-14	0.00e+00
 2.28112e+17	1.00e+00	2.73e-14	0.00e+00
 2.28422e+17	1.00e+00	2.66e-14	0.00e+00
 2.28751e+17	1.00e+00	2.59e-14	0.00e+00
 2.29084e+17	1.00e+00	2.52e-14	0.00e+00
 2.29416e+17	1.00e+00	2.45e-14	0.00e+00
 2.29756e+17	1.00e+00	2.38e-14	0.00e+00
 2.30113e+17	1.00e+00	2.31e-14	0.00e+00
 2.30483e+17	1.00e+00	2.23e-14	0.00e+00
 2.30857e+17	1.00e+00	2.16e-14	0.00e+00
 2.31229e+17	1.00e+00	2.09e-14	0.00e+00
 2.31617e+17	1.00e+00	2.01e-14	0.00e+00
 2.32034e+17	1.00e+00	1.93e-14	0.00e+00
 2.32456e+17	1.00e+00	1.86e-14	0.00e+00
 2.32872e+17	1.00e+00	1.78e-14	0.00e+00
 2.33293e+17	1.00e+00	1.71e-14	0.00e+00
 2.33730e+17	1.00e+00	1.63e-14	0.00e+00
 2.34198e+17	1.00e+00	1.56e-14	0.00e+00
 2.34681e+17	1.00e+00	1.48e-14	0.00e+00
 2.35164e+17	1.00e+00	1.41e-14	0.00e+00
 2.35663e+17	1.00e+00	1.33e-14	0.00e+00
 2.36191e+17	1.00e+00	1.25e-14	0.00e+00
 2.36723e+17	1.00e+00	1.18e-14	0.00e+00
 2.37258e+17	1.00e+00	1.11e-14	0.00e+00
 2.37825e+17	1.00e+00	1.04e-14	0.00e+00
 2.38422e+17	1.00e+00	9.71e-15	0.00e+00
 2.39039e+17	1.00e+00	9.02e-15	0.00e+00
 2.39665e+17	1.00e+00	8.36e-15	0.00e+00
 2.40269e+17	1.00e+00	7.72e-15	0.00e+00
 2.40807e+17	1.00e+00	7.17e-15	0.00e+00
 2.41279e+17	1.00e+00	6.73e-15	0.00e+00
 2.41718e+17	1.00e+00	6.34e-15	0.00e+00
 2.42149e+17	1.00e+00	5.99e-15	0.00e+00
 2.42577e+17	1.00e+00	5.65e-15	0.00e+00
 2.42986e+17	1.00e+00	5.33e-15	0.00e+00
 2.43369e+17	1.00e+00	5.04e-15	0.00e+00
 2.43728e+17	1.00e+00	4.78e-15	0.00e+00
 2.44071e+17	1.00e+00	4.54e-15	0.00e+00
 2.44404e+17	1.00e+00	4.32e-15	0.00e+00
 2.44726e+17	1.00e+00	4.11e-15	0.00e+00
 2.45033e+17	1.00e+00	3.92e-15	0.00e+00
 2.45323e+17	1.00e+00	3.74e-15	0.00e+00
 2.45599e+17	1.00e+00	3.57e-15	0.00e+00
 2.45863e+17	1.00e+00	3.41e-15	0.00e+00
 2.46117e+17	1.00e+00	3.27e-15	0.00e+00
 2.46361e+17	1.00e+00	3.13e-15	0.00e+00
 2.46599e+17	1.00e+00	3.01e-15	0.00e+00
 2.46828e+17	1.00e+00	2.89e-15	0.00e+00
 2.47046e+17	1.00e+00	2.78e-15	0.00e+00
 2.47255e+17	1.00e+00	2.68e-15	0.00e+00
 2.47461e+17	1.00e+00	2.59e-15	0.00e+00
 2.47662e+17	1.00e+00	2.49e-15	0.00e+00
 2.47856e+17	1.00e+00	2.40e-15	0.00e+00
 2.48043e+17	1.00e+00	2.32e-15	0.00e+00
 2.48224e+17	1.00e+00	2.24e-15	0.00e+00
 2.48403e+17	1.00e+00	2.17e-15	0.00e+00
 2.48580e+17	1.00e+00	2.10e-15	0.00e+00
 2.48753e+17	1.00e+00	2.03e-15	0.00e+00
 2.48921e+17	1.00e+00	1.97e-15	0.00e+00
 2.49113e+17	1.00e+00	1.91e-15	0.00e+00
 2.49363e+17	1.00e+00	1.83e-15	0.00e+00
 2.49688e+17	1.00e+00	1.73e-15	0.00e+00
 2.50110e+17	1.00e+00	1.62e-15	0.00e+00
 2.50658e+17	1.00e+00	1.47e-15	0.00e+00
 2.51368e+17	1.00e+00	1.30e-15	0.00e+00
 2.52157e+17	1.00e+00	1.12e-15	0.00e+00
 2.52857e+17	1.00e+00	9.62e-16	0.00e+00
 2.53420e+17	1.00e+00	8.53e-16	0.00e+00
 2.53916e+17	1.00e+00	7.74e-16	0.00e+00
 2.54432e+17	1.00e+00	7.04e-16	0.00e+00
 2.55008e+17	1.00e+00	6.34e-16	0.00e+00
 2.55617e+17	1.00e+00	5.64e-16	0.00e+00
 2.56206e+17	1.00e+00	5.02e-16	0.00e+00
 2.56764e+17	1.00e+00	4.50e-16	0.00e+00
 2.57317e+17	1.00e+00	4.06e-16	0.00e+00
 2.57899e+17	1.00e+00	3.65e-16	0.00e+00
 2.58523e+17	1.00e+00	3.27e-16	0.00e+00
 2.59178e+17	1.00e+00	2.90e-16	0.00e+00
 2.59857e+17	1.00e+00	2.57e-16	0.00e+00
 2.60569e+17	1.00e+00	2.26e-16	0.00e+00
 2.61348e+17	1.00e+00	1.98e-16	0.00e+00
 2.62237e+17	1.00e+00	1.71e-16	0.00e+00
 2.63289e+17	1.00e+00	1.45e-16	0.00e+00
 2.64587e+17	1.00e+00	1.19e-16	0.00e+00
 2.66253e+17	1.00e+00	9.37e-17	0.00e+00
 2.68419e+17	1.00e+00	6.94e-17	0.00e+00
 2.71235e+17	1.00e+00	4.80e-17	0.00e+00
 2.74895e+17	1.00e+00	3.10e-17	0.00e+00
 2.79654e+17	1.00e+00	1.87e-17	0.00e+00
 2.85841e+17	1.00e+00	1.07e-17	0.00e+00
 2.93883e+17	1.00e+00	5.55e-18	0.00e+00
 3.04339e+17	1.00e+00	2.66e-18	0.00e+00
 3.16453e+17	1.00e+00	1.15e-18	0.00e+00
 3.28382e+17	1.00e+00	5.41e-19	0.00e+00
 3.38986e+17	1.00e+00	2.80e-19	0.00e+00
 3.48170e+17	1.00e+00	1.59e-19	0.00e+00
 3.56677e+17	1.00e+00	9.40e-20	0.00e+00
 3.66344e+17	1.00e+00	5.14e-20	0.00e+00
 3.76672e+17	1.00e+00	2.73e-20	0.00e+00
 3.85015e+17	1.00e+00	1.65e-20	0.00e+00
 3.91285e+17	1.00e+00	1.13e-20	0.00e+00
 3.97707e+17	1.00e+00	7.55e-21	0.00e+00
 4.05228e+17	1.00e+00	4.73e-21	0.00e+00
 4.12419e+17	1.00e+00	3.02e-21	0.00e+00
 4.18553e+17	1.00e+00	2.05e-21	0.00e+00
 4.25072e+17	1.00e+00	1.33e-21	0.00e+00
 4.33547e+17	1.00e+00	7.59e-22	0.00e+00
 4.44565e+17	1.00e+00	3.59e-22	0.00e+00
 4.54529e+17	1.00e+00	1.74e-22	0.00e+00
 4.60109e+17	1.00e+00	1.11e-22	0.00e+00
 4.63059e+17	1.00e+00	8.65e-23	0.00e+00
 4.64829e+17	1.00e+00	7.38e-23	0.00e+00
 4.65891e+17	1.00e+00	6.72e-23	0.00e+00
 4.66528e+17	1.00e+00	6.61e-23	0.00e+00
 4.66910e+17	1.00e+00	7.31e-23	0.00e+00
