#depth	N	N+	N+2	N+3	N+4	N+5	N+6	N+7
 1.49634e+10	0.00e+00	0.00e+00	4.13e-32	1.87e-21	1.54e-11	4.44e-01	5.56e-01	2.70e-04
 4.54887e+10	0.00e+00	2.25e-43	5.47e-32	2.29e-21	1.74e-11	4.64e-01	5.36e-01	2.41e-04
 7.72350e+10	0.00e+00	0.00e+00	7.22e-32	2.79e-21	1.96e-11	4.85e-01	5.15e-01	2.14e-04
 1.10251e+11	0.00e+00	4.58e-43	9.53e-32	3.41e-21	2.21e-11	5.05e-01	4.95e-01	1.90e-04
 1.43424e+11	0.00e+00	0.00e+00	1.24e-31	4.12e-21	2.48e-11	5.25e-01	4.75e-01	1.69e-04
 1.77924e+11	0.00e+00	9.07e-43	1.62e-31	4.98e-21	2.78e-11	5.45e-01	4.55e-01	1.50e-04
 2.14968e+11	0.00e+00	0.00e+00	2.13e-31	6.04e-21	3.12e-11	5.65e-01	4.35e-01	1.33e-04
 2.53493e+11	0.00e+00	1.83e-42	2.79e-31	7.32e-21	3.49e-11	5.85e-01	4.15e-01	1.17e-04
 2.93560e+11	0.00e+00	0.00e+00	3.65e-31	8.86e-21	3.90e-11	6.05e-01	3.95e-01	1.03e-04
 3.35229e+11	0.00e+00	3.65e-42	4.77e-31	1.07e-20	4.36e-11	6.24e-01	3.75e-01	9.04e-05
 3.78565e+11	0.00e+00	0.00e+00	6.22e-31	1.29e-20	4.86e-11	6.44e-01	3.56e-01	7.93e-05
 4.23634e+11	0.00e+00	7.26e-42	8.10e-31	1.55e-20	5.41e-11	6.62e-01	3.38e-01	6.95e-05
 4.70506e+11	0.00e+00	0.00e+00	1.05e-30	1.87e-20	6.01e-11	6.80e-01	3.19e-01	6.08e-05
 5.19253e+11	0.00e+00	1.43e-41	1.37e-30	2.24e-20	6.67e-11	6.98e-01	3.02e-01	5.31e-05
 5.69950e+11	0.00e+00	0.00e+00	1.77e-30	2.69e-20	7.40e-11	7.15e-01	2.85e-01	4.63e-05
 6.22675e+11	0.00e+00	2.82e-41	2.30e-30	3.22e-20	8.19e-11	7.32e-01	2.68e-01	4.03e-05
 6.77509e+11	0.00e+00	0.00e+00	2.97e-30	3.85e-20	9.05e-11	7.48e-01	2.52e-01	3.51e-05
 7.34536e+11	0.00e+00	5.51e-41	3.84e-30	4.60e-20	9.99e-11	7.63e-01	2.37e-01	3.05e-05
 7.93844e+11	0.00e+00	0.00e+00	4.95e-30	5.48e-20	1.10e-10	7.77e-01	2.23e-01	2.64e-05
 8.55525e+11	0.00e+00	1.07e-40	6.38e-30	6.53e-20	1.21e-10	7.91e-01	2.09e-01	2.29e-05
 9.19672e+11	0.00e+00	0.00e+00	8.22e-30	7.77e-20	1.33e-10	8.04e-01	1.96e-01	1.98e-05
 9.79611e+11	0.00e+00	2.01e-40	1.03e-29	9.08e-20	1.45e-10	8.16e-01	1.84e-01	1.74e-05
 1.03255e+12	0.00e+00	0.00e+00	1.25e-29	1.04e-19	1.56e-10	8.25e-01	1.75e-01	1.56e-05
 1.09168e+12	0.00e+00	3.41e-40	1.54e-29	1.20e-19	1.69e-10	8.35e-01	1.65e-01	1.38e-05
 1.16256e+12	0.00e+00	0.00e+00	1.96e-29	1.41e-19	1.84e-10	8.45e-01	1.55e-01	1.19e-05
 1.23375e+12	0.00e+00	6.34e-40	2.47e-29	1.65e-19	2.00e-10	8.55e-01	1.45e-01	1.04e-05
 1.29932e+12	0.00e+00	0.00e+00	3.03e-29	1.90e-19	2.16e-10	8.63e-01	1.37e-01	9.19e-06
 1.37260e+12	0.00e+00	1.11e-39	3.78e-29	2.21e-19	2.34e-10	8.72e-01	1.28e-01	8.04e-06
 1.45726e+12	0.00e+00	0.00e+00	4.84e-29	2.61e-19	2.56e-10	8.80e-01	1.20e-01	6.92e-06
 1.53998e+12	0.00e+00	2.09e-39	6.10e-29	3.06e-19	2.78e-10	8.88e-01	1.12e-01	6.01e-06
 1.61866e+12	0.00e+00	0.00e+00	7.53e-29	3.53e-19	3.00e-10	8.95e-01	1.05e-01	5.27e-06
 1.70599e+12	0.00e+00	3.73e-39	9.45e-29	4.12e-19	3.25e-10	9.02e-01	9.81e-02	4.58e-06
 1.80416e+12	0.00e+00	0.00e+00	1.21e-28	4.86e-19	3.55e-10	9.09e-01	9.12e-02	3.93e-06
 1.90321e+12	0.00e+00	7.04e-39	1.53e-28	5.71e-19	3.85e-10	9.15e-01	8.48e-02	3.39e-06
 2.00622e+12	0.00e+00	0.00e+00	1.94e-28	6.70e-19	4.19e-10	9.21e-01	7.89e-02	2.92e-06
 2.11640e+12	0.00e+00	1.33e-38	2.47e-28	7.90e-19	4.56e-10	9.27e-01	7.32e-02	2.50e-06
 2.23098e+12	0.00e+00	0.00e+00	3.15e-28	9.31e-19	4.97e-10	9.32e-01	6.79e-02	2.15e-06
 2.35015e+12	0.00e+00	2.53e-38	4.02e-28	1.10e-18	5.41e-10	9.37e-01	6.30e-02	1.84e-06
 2.47408e+12	0.00e+00	0.00e+00	5.12e-28	1.29e-18	5.88e-10	9.42e-01	5.84e-02	1.57e-06
 2.60297e+12	0.00e+00	4.82e-38	6.53e-28	1.52e-18	6.40e-10	9.46e-01	5.41e-02	1.35e-06
 2.73702e+12	0.00e+00	0.00e+00	8.32e-28	1.79e-18	6.96e-10	9.50e-01	5.01e-02	1.15e-06
 2.87642e+12	0.00e+00	9.17e-38	1.06e-27	2.11e-18	7.56e-10	9.54e-01	4.64e-02	9.85e-07
 3.02141e+12	0.00e+00	0.00e+00	1.35e-27	2.48e-18	8.22e-10	9.57e-01	4.29e-02	0.00e+00
 3.17219e+12	0.00e+00	1.74e-37	1.72e-27	2.92e-18	8.93e-10	9.60e-01	3.97e-02	0.00e+00
 3.32900e+12	0.00e+00	0.00e+00	2.19e-27	3.44e-18	9.70e-10	9.63e-01	3.68e-02	0.00e+00
 3.48228e+12	0.00e+00	3.25e-37	2.75e-27	4.00e-18	1.05e-09	9.66e-01	3.42e-02	0.00e+00
 3.62367e+12	0.00e+00	0.00e+00	3.37e-27	4.59e-18	1.12e-09	9.68e-01	3.20e-02	0.00e+00
 3.78020e+12	0.00e+00	5.69e-37	4.19e-27	5.31e-18	1.21e-09	9.70e-01	2.98e-02	0.00e+00
 3.96102e+12	0.00e+00	0.00e+00	5.35e-27	6.25e-18	1.32e-09	9.72e-01	2.76e-02	0.00e+00
 4.13883e+12	0.00e+00	1.06e-36	6.72e-27	7.29e-18	1.42e-09	9.74e-01	2.56e-02	0.00e+00
 4.32376e+12	0.00e+00	0.00e+00	8.46e-27	8.51e-18	1.54e-09	9.76e-01	2.37e-02	0.00e+00
 4.52663e+12	0.00e+00	1.99e-36	1.08e-26	1.00e-17	1.67e-09	9.78e-01	2.19e-02	0.00e+00
 4.73203e+12	5.46e-47	2.73e-36	1.37e-26	1.18e-17	1.81e-09	9.80e-01	2.03e-02	0.00e+00
 4.94565e+12	0.00e+00	0.00e+00	1.74e-26	1.38e-17	1.96e-09	9.81e-01	1.88e-02	0.00e+00
 5.17340e+12	0.00e+00	5.18e-36	2.22e-26	1.62e-17	2.13e-09	9.83e-01	1.73e-02	0.00e+00
 5.41026e+12	1.82e-46	7.17e-36	2.83e-26	1.92e-17	2.32e-09	9.84e-01	1.60e-02	0.00e+00
 5.65660e+12	0.00e+00	0.00e+00	3.62e-26	2.26e-17	2.52e-09	9.85e-01	1.47e-02	0.00e+00
 5.91279e+12	0.00e+00	1.38e-35	4.62e-26	2.66e-17	2.74e-09	9.86e-01	1.36e-02	0.00e+00
 6.17923e+12	6.17e-46	1.91e-35	5.92e-26	3.14e-17	2.97e-09	9.87e-01	1.25e-02	0.00e+00
 6.45632e+12	0.00e+00	0.00e+00	7.57e-26	3.71e-17	3.23e-09	9.88e-01	1.15e-02	0.00e+00
 6.74450e+12	0.00e+00	3.67e-35	9.70e-26	4.38e-17	3.52e-09	9.89e-01	1.06e-02	0.00e+00
 7.01547e+12	2.02e-45	4.94e-35	1.21e-25	5.09e-17	3.79e-09	9.90e-01	9.88e-03	0.00e+00
 7.25775e+12	0.00e+00	0.00e+00	1.47e-25	5.81e-17	4.05e-09	9.91e-01	9.26e-03	0.00e+00
 7.52966e+12	0.00e+00	8.48e-35	1.82e-25	6.70e-17	4.36e-09	9.91e-01	8.63e-03	0.00e+00
 7.85198e+12	5.92e-45	1.17e-34	2.32e-25	7.89e-17	4.73e-09	9.92e-01	7.96e-03	0.00e+00
 8.17462e+12	0.00e+00	0.00e+00	2.94e-25	9.25e-17	5.13e-09	9.93e-01	7.36e-03	0.00e+00
 8.47744e+12	0.00e+00	2.12e-34	3.64e-25	1.07e-16	5.51e-09	9.93e-01	6.85e-03	0.00e+00
 8.81374e+12	1.82e-44	2.87e-34	4.59e-25	1.25e-16	5.96e-09	9.94e-01	6.35e-03	0.00e+00
 9.19622e+12	0.00e+00	0.00e+00	5.90e-25	1.48e-16	6.49e-09	9.94e-01	5.83e-03	0.00e+00
 9.57720e+12	0.00e+00	5.53e-34	7.52e-25	1.74e-16	7.05e-09	9.95e-01	5.38e-03	0.00e+00
 9.97343e+12	6.14e-44	7.64e-34	9.61e-25	2.06e-16	7.67e-09	9.95e-01	4.95e-03	0.00e+00
 1.04023e+13	0.00e+00	0.00e+00	1.24e-24	2.45e-16	8.36e-09	9.95e-01	4.55e-03	0.00e+00
 1.08483e+13	0.00e+00	1.50e-33	1.60e-24	2.91e-16	9.13e-09	9.96e-01	4.17e-03	0.00e+00
 1.12673e+13	2.08e-43	2.04e-33	2.02e-24	3.41e-16	9.89e-09	9.96e-01	3.86e-03	0.00e+00
 1.16414e+13	0.00e+00	2.65e-33	2.47e-24	3.90e-16	1.06e-08	9.96e-01	3.61e-03	0.00e+00
 1.20612e+13	4.15e-43	3.55e-33	3.08e-24	4.53e-16	1.14e-08	9.97e-01	3.35e-03	0.00e+00
 1.25594e+13	0.00e+00	4.93e-33	3.95e-24	5.37e-16	1.24e-08	9.97e-01	3.08e-03	0.00e+00
 1.30601e+13	9.35e-43	6.82e-33	5.06e-24	6.36e-16	1.36e-08	9.97e-01	2.83e-03	0.00e+00
 1.35267e+13	0.00e+00	9.11e-33	6.31e-24	7.39e-16	1.46e-08	9.97e-01	2.62e-03	0.00e+00
 1.40434e+13	1.97e-42	1.24e-32	8.00e-24	8.69e-16	1.59e-08	9.98e-01	2.42e-03	0.00e+00
 1.46351e+13	0.00e+00	1.75e-32	1.04e-23	1.04e-15	1.74e-08	9.98e-01	2.21e-03	0.00e+00
 1.52164e+13	4.51e-42	2.42e-32	1.33e-23	1.23e-15	1.90e-08	9.98e-01	2.03e-03	0.00e+00
 1.58210e+13	0.00e+00	3.37e-32	1.71e-23	1.47e-15	2.07e-08	9.98e-01	1.86e-03	0.00e+00
 1.64838e+13	1.04e-41	4.75e-32	2.23e-23	1.76e-15	2.27e-08	9.98e-01	1.70e-03	0.00e+00
 1.71484e+13	0.00e+00	6.63e-32	2.88e-23	2.10e-15	2.49e-08	9.98e-01	1.56e-03	0.00e+00
 1.78397e+13	2.38e-41	9.26e-32	3.72e-23	2.50e-15	2.72e-08	9.99e-01	1.42e-03	0.00e+00
 1.85587e+13	0.00e+00	1.29e-31	4.81e-23	2.99e-15	2.99e-08	9.99e-01	1.30e-03	0.00e+00
 1.92654e+13	5.32e-41	1.78e-31	6.14e-23	3.55e-15	3.26e-08	9.99e-01	1.20e-03	0.00e+00
 2.00250e+13	0.00e+00	2.46e-31	7.91e-23	4.23e-15	3.57e-08	9.99e-01	1.09e-03	0.00e+00
 2.08559e+13	1.22e-40	3.48e-31	1.03e-22	5.09e-15	3.93e-08	9.99e-01	9.95e-04	0.00e+00
 2.17201e+13	0.00e+00	4.90e-31	1.35e-22	6.14e-15	4.33e-08	9.99e-01	9.05e-04	0.00e+00
 2.26188e+13	2.84e-40	6.90e-31	1.76e-22	7.40e-15	4.77e-08	9.99e-01	8.23e-04	0.00e+00
 2.35535e+13	0.00e+00	9.71e-31	2.29e-22	8.93e-15	5.26e-08	9.99e-01	7.48e-04	0.00e+00
 2.43977e+13	6.21e-40	1.31e-30	2.89e-22	1.05e-14	5.73e-08	9.99e-01	6.88e-04	0.00e+00
 2.50995e+13	0.00e+00	1.66e-30	3.48e-22	1.20e-14	6.14e-08	9.99e-01	6.43e-04	0.00e+00
 2.58677e+13	1.13e-39	2.13e-30	4.24e-22	1.38e-14	6.61e-08	9.99e-01	5.98e-04	0.00e+00
 2.68429e+13	0.00e+00	2.89e-30	5.39e-22	1.64e-14	7.23e-08	9.99e-01	5.47e-04	0.00e+00
 2.78617e+13	2.40e-39	3.94e-30	6.87e-22	1.95e-14	7.93e-08	9.99e-01	5.00e-04	0.00e+00
 2.87246e+13	0.00e+00	5.06e-30	8.37e-22	2.25e-14	8.55e-08	1.00e+00	4.65e-04	0.00e+00
 2.96102e+13	4.42e-39	6.49e-30	1.02e-21	2.59e-14	9.21e-08	1.00e+00	4.32e-04	0.00e+00
 3.07280e+13	0.00e+00	8.77e-30	1.29e-21	3.07e-14	1.01e-07	1.00e+00	3.95e-04	0.00e+00
 3.18675e+13	9.13e-39	1.18e-29	1.63e-21	3.63e-14	1.10e-07	1.00e+00	3.62e-04	0.00e+00
 3.28474e+13	0.00e+00	1.50e-29	1.98e-21	4.18e-14	1.19e-07	1.00e+00	3.36e-04	0.00e+00
 3.38998e+13	1.67e-38	1.93e-29	2.41e-21	4.83e-14	1.29e-07	1.00e+00	3.12e-04	0.00e+00
 3.51995e+13	0.00e+00	2.60e-29	3.05e-21	5.73e-14	1.41e-07	1.00e+00	2.85e-04	0.00e+00
 3.65338e+13	3.42e-38	3.48e-29	3.85e-21	6.79e-14	1.54e-07	1.00e+00	2.60e-04	0.00e+00
 3.77441e+13	0.00e+00	4.49e-29	4.72e-21	7.87e-14	1.67e-07	1.00e+00	2.41e-04	0.00e+00
 3.90803e+13	6.47e-38	5.89e-29	5.85e-21	9.20e-14	1.82e-07	1.00e+00	2.22e-04	0.00e+00
 4.06472e+13	0.00e+00	7.98e-29	7.45e-21	1.10e-13	2.00e-07	1.00e+00	2.02e-04	0.00e+00
 4.22082e+13	1.33e-37	1.07e-28	9.38e-21	1.30e-13	2.19e-07	1.00e+00	1.85e-04	0.00e+00
 4.36923e+13	0.00e+00	1.39e-28	1.16e-20	1.51e-13	2.38e-07	1.00e+00	1.70e-04	0.00e+00
 4.53306e+13	2.57e-37	1.84e-28	1.44e-20	1.78e-13	2.60e-07	1.00e+00	1.56e-04	0.00e+00
 4.71738e+13	0.00e+00	2.48e-28	1.84e-20	2.12e-13	2.86e-07	1.00e+00	1.42e-04	0.00e+00
 4.90174e+13	5.26e-37	3.31e-28	2.31e-20	2.51e-13	3.13e-07	1.00e+00	1.30e-04	0.00e+00
 5.06557e+13	0.00e+00	4.24e-28	2.81e-20	2.89e-13	3.38e-07	1.00e+00	1.21e-04	0.00e+00
 5.21043e+13	9.17e-37	5.24e-28	3.33e-20	3.27e-13	3.61e-07	1.00e+00	1.13e-04	0.00e+00
 5.37470e+13	0.00e+00	6.61e-28	4.00e-20	3.73e-13	3.88e-07	1.00e+00	1.05e-04	0.00e+00
 5.55763e+13	1.65e-36	8.49e-28	4.88e-20	4.31e-13	4.20e-07	1.00e+00	9.75e-05	0.00e+00
 5.72940e+13	0.00e+00	1.07e-27	5.84e-20	4.91e-13	4.50e-07	1.00e+00	9.10e-05	0.00e+00
 5.91727e+13	2.90e-36	1.35e-27	7.06e-20	5.63e-13	4.85e-07	1.00e+00	8.45e-05	0.00e+00
 6.12756e+13	0.00e+00	1.76e-27	8.67e-20	6.54e-13	5.26e-07	1.00e+00	7.81e-05	0.00e+00
 6.32675e+13	5.30e-36	2.23e-27	1.05e-19	7.49e-13	5.66e-07	1.00e+00	7.26e-05	0.00e+00
 6.54544e+13	0.00e+00	2.86e-27	1.28e-19	8.65e-13	6.11e-07	1.00e+00	6.73e-05	0.00e+00
 6.79019e+13	1.00e-35	3.76e-27	1.58e-19	1.01e-12	6.65e-07	1.00e+00	6.19e-05	0.00e+00
 7.02225e+13	0.00e+00	4.82e-27	1.93e-19	1.16e-12	7.18e-07	1.00e+00	5.74e-05	0.00e+00
 7.23692e+13	1.77e-35	6.01e-27	2.30e-19	1.32e-12	7.69e-07	1.00e+00	5.37e-05	0.00e+00
 7.47554e+13	0.00e+00	7.64e-27	2.77e-19	1.51e-12	8.27e-07	1.00e+00	4.99e-05	0.00e+00
 7.74317e+13	3.25e-35	9.90e-27	3.40e-19	1.75e-12	8.96e-07	1.00e+00	4.61e-05	0.00e+00
 7.99607e+13	0.00e+00	1.26e-26	4.10e-19	2.00e-12	9.63e-07	1.00e+00	4.30e-05	0.00e+00
 8.27237e+13	5.87e-35	1.61e-26	5.00e-19	2.31e-12	1.04e-06	1.00e+00	3.98e-05	0.00e+00
 8.57799e+13	0.00e+00	2.11e-26	6.17e-19	2.68e-12	1.13e-06	1.00e+00	3.68e-05	0.00e+00
 8.86138e+13	1.09e-34	2.68e-26	7.45e-19	3.07e-12	1.21e-06	1.00e+00	3.42e-05	0.00e+00
 9.16945e+13	0.00e+00	3.45e-26	9.09e-19	3.54e-12	1.31e-06	1.00e+00	3.17e-05	0.00e+00
 9.51422e+13	2.06e-34	4.52e-26	1.13e-18	4.12e-12	1.42e-06	1.00e+00	2.93e-05	0.00e+00
 9.83999e+13	0.00e+00	5.80e-26	1.37e-18	4.73e-12	1.53e-06	1.00e+00	2.72e-05	0.00e+00
 1.01965e+14	3.85e-34	7.56e-26	1.68e-18	5.48e-12	1.66e-06	1.00e+00	2.51e-05	0.00e+00
 1.05941e+14	0.00e+00	1.00e-25	2.10e-18	6.41e-12	1.80e-06	1.00e+00	2.31e-05	0.00e+00
 1.09688e+14	7.47e-34	1.30e-25	2.57e-18	7.39e-12	1.94e-06	1.00e+00	2.15e-05	0.00e+00
 1.13718e+14	0.00e+00	1.70e-25	3.18e-18	8.56e-12	2.10e-06	1.00e+00	1.99e-05	0.00e+00
 1.18297e+14	1.49e-33	2.29e-25	4.00e-18	1.01e-11	2.29e-06	1.00e+00	1.82e-05	0.00e+00
 1.22800e+14	0.00e+00	3.03e-25	4.97e-18	1.17e-11	2.48e-06	1.00e+00	1.68e-05	0.00e+00
 1.27484e+14	2.96e-33	4.01e-25	6.18e-18	1.36e-11	2.69e-06	1.00e+00	1.55e-05	0.00e+00
 1.32613e+14	4.28e-33	5.41e-25	7.79e-18	1.60e-11	2.92e-06	1.00e+00	1.43e-05	0.00e+00
 1.37948e+14	6.18e-33	7.29e-25	9.80e-18	1.88e-11	3.18e-06	1.00e+00	1.32e-05	0.00e+00
 1.43495e+14	8.95e-33	9.85e-25	1.24e-17	2.20e-11	3.46e-06	1.00e+00	1.21e-05	0.00e+00
 1.49265e+14	1.30e-32	1.33e-24	1.56e-17	2.58e-11	3.75e-06	1.00e+00	1.12e-05	0.00e+00
 1.54794e+14	1.83e-32	1.76e-24	1.93e-17	2.99e-11	4.05e-06	1.00e+00	1.03e-05	0.00e+00
 1.59888e+14	2.49e-32	2.26e-24	2.33e-17	3.41e-11	4.33e-06	1.00e+00	9.67e-06	0.00e+00
 1.64695e+14	3.30e-32	2.84e-24	2.78e-17	3.84e-11	4.61e-06	1.00e+00	9.10e-06	0.00e+00
 1.69989e+14	4.49e-32	3.63e-24	3.35e-17	4.36e-11	4.92e-06	1.00e+00	8.53e-06	0.00e+00
 1.75919e+14	6.22e-32	4.73e-24	4.10e-17	5.00e-11	5.28e-06	1.00e+00	7.94e-06	0.00e+00
 1.81530e+14	8.45e-32	6.05e-24	4.94e-17	5.67e-11	5.63e-06	1.00e+00	7.45e-06	0.00e+00
 1.87679e+14	1.17e-31	7.84e-24	6.02e-17	6.48e-11	6.03e-06	1.00e+00	6.96e-06	0.00e+00
 1.94578e+14	1.66e-31	1.04e-23	7.46e-17	7.49e-11	6.49e-06	1.00e+00	6.47e-06	0.00e+00
 2.00999e+14	2.28e-31	1.34e-23	9.04e-17	8.53e-11	6.93e-06	1.00e+00	6.06e-06	0.00e+00
 2.06969e+14	3.04e-31	1.69e-23	1.08e-16	9.59e-11	7.35e-06	1.00e+00	5.71e-06	0.00e+00
 2.13806e+14	4.18e-31	2.19e-23	1.31e-16	1.09e-10	7.85e-06	1.00e+00	5.35e-06	0.00e+00
 2.22038e+14	6.06e-31	2.95e-23	1.64e-16	1.27e-10	8.47e-06	1.00e+00	4.96e-06	0.00e+00
 2.30159e+14	8.64e-31	3.91e-23	2.03e-16	1.47e-10	9.10e-06	1.00e+00	4.61e-06	0.00e+00
 2.37356e+14	1.17e-30	5.00e-23	2.43e-16	1.66e-10	9.68e-06	1.00e+00	4.34e-06	0.00e+00
 2.45277e+14	1.62e-30	6.49e-23	2.96e-16	1.89e-10	1.03e-05	1.00e+00	4.06e-06	0.00e+00
 2.54764e+14	2.37e-30	8.78e-23	3.72e-16	2.20e-10	1.12e-05	1.00e+00	3.76e-06	0.00e+00
 2.64230e+14	3.41e-30	1.17e-22	4.62e-16	2.54e-10	1.20e-05	1.00e+00	3.50e-06	0.00e+00
 2.72880e+14	4.70e-30	1.52e-22	5.60e-16	2.89e-10	1.28e-05	1.00e+00	3.28e-06	0.00e+00
 2.82523e+14	6.64e-30	2.00e-22	6.90e-16	3.32e-10	1.37e-05	1.00e+00	3.06e-06	0.00e+00
 2.93748e+14	9.81e-30	2.73e-22	8.71e-16	3.88e-10	1.48e-05	1.00e+00	2.83e-06	0.00e+00
 3.04779e+14	1.42e-29	3.67e-22	1.09e-15	4.49e-10	1.59e-05	1.00e+00	2.63e-06	0.00e+00
 3.15202e+14	1.99e-29	4.80e-22	1.33e-15	5.14e-10	1.70e-05	1.00e+00	2.46e-06	0.00e+00
 3.26790e+14	2.85e-29	6.41e-22	1.65e-15	5.93e-10	1.83e-05	1.00e+00	2.29e-06	0.00e+00
 3.39891e+14	4.22e-29	8.78e-22	2.09e-15	6.94e-10	1.98e-05	1.00e+00	2.12e-06	0.00e+00
 3.53019e+14	6.17e-29	1.19e-21	2.62e-15	8.07e-10	2.14e-05	1.00e+00	1.97e-06	0.00e+00
 3.66671e+14	9.01e-29	1.61e-21	3.29e-15	9.39e-10	2.30e-05	1.00e+00	1.82e-06	0.00e+00
 3.81368e+14	1.33e-28	2.20e-21	4.16e-15	1.10e-09	2.49e-05	1.00e+00	1.68e-06	0.00e+00
 3.96652e+14	1.98e-28	3.02e-21	5.27e-15	1.28e-09	2.69e-05	1.00e+00	1.56e-06	0.00e+00
 4.11484e+14	2.85e-28	4.04e-21	6.56e-15	1.49e-09	2.90e-05	1.00e+00	1.45e-06	0.00e+00
 4.25481e+14	3.98e-28	5.28e-21	8.01e-15	1.70e-09	3.10e-05	1.00e+00	1.35e-06	0.00e+00
 4.38516e+14	5.37e-28	6.72e-21	9.60e-15	1.92e-09	3.29e-05	1.00e+00	1.27e-06	0.00e+00
 4.50644e+14	7.04e-28	8.34e-21	1.13e-14	2.14e-09	3.48e-05	1.00e+00	1.21e-06	0.00e+00
 4.64558e+14	9.52e-28	1.06e-20	1.36e-14	2.42e-09	3.70e-05	1.00e+00	1.14e-06	0.00e+00
 4.81885e+14	1.37e-27	1.42e-20	1.69e-14	2.80e-09	3.98e-05	1.00e+00	1.05e-06	0.00e+00
 4.99372e+14	1.95e-27	1.89e-20	2.09e-14	3.23e-09	4.27e-05	1.00e+00	9.82e-07	0.00e+00
 5.14565e+14	2.62e-27	2.39e-20	2.50e-14	3.64e-09	4.54e-05	1.00e+00	0.00e+00	0.00e+00
 5.31057e+14	3.57e-27	3.07e-20	3.01e-14	4.13e-09	4.84e-05	1.00e+00	0.00e+00	0.00e+00
 5.51200e+14	5.15e-27	4.12e-20	3.76e-14	4.79e-09	5.22e-05	1.00e+00	0.00e+00	0.00e+00
 5.71862e+14	7.40e-27	5.50e-20	4.69e-14	5.55e-09	5.62e-05	1.00e+00	0.00e+00	0.00e+00
 5.91003e+14	1.02e-26	7.14e-20	5.70e-14	6.34e-09	6.01e-05	1.00e+00	0.00e+00	0.00e+00
 6.12327e+14	1.44e-26	9.43e-20	7.04e-14	7.30e-09	6.46e-05	1.00e+00	0.00e+00	0.00e+00
 6.36850e+14	2.12e-26	1.28e-19	8.89e-14	8.55e-09	7.00e-05	1.00e+00	0.00e+00	0.00e+00
 6.59462e+14	2.98e-26	1.69e-19	1.09e-13	9.84e-09	7.52e-05	1.00e+00	0.00e+00	0.00e+00
 6.78951e+14	3.95e-26	2.12e-19	1.30e-13	1.11e-08	7.98e-05	1.00e+00	0.00e+00	0.00e+00
 7.00523e+14	5.35e-26	2.71e-19	1.57e-13	1.25e-08	8.51e-05	1.00e+00	0.00e+00	0.00e+00
 7.26985e+14	7.66e-26	3.61e-19	1.95e-13	1.46e-08	9.19e-05	1.00e+00	0.00e+00	0.00e+00
 7.53858e+14	1.09e-25	4.80e-19	2.42e-13	1.68e-08	9.90e-05	1.00e+00	0.00e+00	0.00e+00
 7.77953e+14	1.48e-25	6.14e-19	2.92e-13	1.91e-08	1.06e-04	1.00e+00	0.00e+00	0.00e+00
 8.04382e+14	2.04e-25	7.96e-19	3.56e-13	2.19e-08	1.13e-04	1.00e+00	0.00e+00	0.00e+00
 8.35721e+14	2.94e-25	1.07e-18	4.46e-13	2.55e-08	1.22e-04	1.00e+00	0.00e+00	0.00e+00
 8.66614e+14	4.18e-25	1.42e-18	5.53e-13	2.95e-08	1.32e-04	1.00e+00	0.00e+00	0.00e+00
 8.94823e+14	5.70e-25	1.82e-18	6.69e-13	3.36e-08	1.41e-04	1.00e+00	0.00e+00	0.00e+00
 9.26374e+14	7.94e-25	2.39e-18	8.21e-13	3.86e-08	1.52e-04	1.00e+00	0.00e+00	0.00e+00
 9.63106e+14	1.15e-24	3.23e-18	1.03e-12	4.51e-08	1.64e-04	1.00e+00	0.00e+00	0.00e+00
 9.99222e+14	1.65e-24	4.30e-18	1.29e-12	5.23e-08	1.77e-04	1.00e+00	0.00e+00	0.00e+00
 1.03338e+15	2.28e-24	5.58e-18	1.57e-12	5.99e-08	1.90e-04	1.00e+00	0.00e+00	0.00e+00
 1.07134e+15	3.22e-24	7.39e-18	1.94e-12	6.92e-08	2.05e-04	1.00e+00	0.00e+00	0.00e+00
 1.11422e+15	4.70e-24	1.00e-17	2.45e-12	8.11e-08	2.22e-04	1.00e+00	0.00e+00	0.00e+00
 1.15493e+15	6.64e-24	1.33e-17	3.03e-12	9.36e-08	2.39e-04	1.00e+00	0.00e+00	0.00e+00
 1.19200e+15	9.01e-24	1.70e-17	3.66e-12	1.06e-07	2.55e-04	1.00e+00	0.00e+00	0.00e+00
 1.23392e+15	1.26e-23	2.22e-17	4.49e-12	1.22e-07	2.74e-04	1.00e+00	0.00e+00	0.00e+00
 1.28278e+15	1.83e-23	3.00e-17	5.65e-12	1.43e-07	2.96e-04	1.00e+00	0.00e+00	0.00e+00
 1.32970e+15	2.60e-23	3.98e-17	7.00e-12	1.65e-07	3.19e-04	1.00e+00	0.00e+00	0.00e+00
 1.37220e+15	3.52e-23	5.09e-17	8.43e-12	1.87e-07	3.40e-04	1.00e+00	0.00e+00	0.00e+00
 1.41216e+15	4.65e-23	6.37e-17	1.00e-11	2.10e-07	3.61e-04	1.00e+00	0.00e+00	0.00e+00
 1.45633e+15	6.27e-23	8.10e-17	1.20e-11	2.37e-07	3.84e-04	1.00e+00	0.00e+00	0.00e+00
 1.50573e+15	8.67e-23	1.05e-16	1.46e-11	2.71e-07	4.12e-04	1.00e+00	0.00e+00	0.00e+00
 1.55247e+15	1.17e-22	1.34e-16	1.76e-11	3.07e-07	4.38e-04	1.00e+00	0.00e+00	0.00e+00
 1.60376e+15	1.60e-22	1.72e-16	2.13e-11	3.50e-07	4.68e-04	1.00e+00	0.00e+00	0.00e+00
 1.66113e+15	2.26e-22	2.27e-16	2.62e-11	4.02e-07	5.03e-04	9.99e-01	0.00e+00	0.00e+00
 1.71527e+15	3.09e-22	2.92e-16	3.18e-11	4.58e-07	5.37e-04	9.99e-01	0.00e+00	0.00e+00
 1.77453e+15	4.30e-22	3.81e-16	3.89e-11	5.24e-07	5.76e-04	9.99e-01	0.00e+00	0.00e+00
 1.84007e+15	6.12e-22	5.07e-16	4.82e-11	6.06e-07	6.20e-04	9.99e-01	0.00e+00	0.00e+00
 1.90067e+15	8.40e-22	6.54e-16	5.85e-11	6.91e-07	6.62e-04	9.99e-01	0.00e+00	0.00e+00
 1.96636e+15	1.17e-21	8.53e-16	7.15e-11	7.91e-07	7.10e-04	9.99e-01	0.00e+00	0.00e+00
 2.03970e+15	1.67e-21	1.14e-15	8.89e-11	9.16e-07	7.65e-04	9.99e-01	0.00e+00	0.00e+00
 2.10856e+15	2.31e-21	1.48e-15	1.08e-10	1.05e-06	8.19e-04	9.99e-01	0.00e+00	0.00e+00
 2.18363e+15	3.24e-21	1.94e-15	1.33e-10	1.20e-06	8.79e-04	9.99e-01	0.00e+00	0.00e+00
 2.26713e+15	4.66e-21	2.60e-15	1.67e-10	1.40e-06	9.50e-04	9.99e-01	0.00e+00	0.00e+00
 2.34522e+15	6.46e-21	3.38e-15	2.04e-10	1.60e-06	1.02e-03	9.99e-01	0.00e+00	0.00e+00
 2.42990e+15	9.09e-21	4.46e-15	2.51e-10	1.85e-06	1.10e-03	9.99e-01	0.00e+00	0.00e+00
 2.52450e+15	1.31e-20	5.99e-15	3.15e-10	2.15e-06	1.19e-03	9.99e-01	0.00e+00	0.00e+00
 2.61448e+15	1.84e-20	7.87e-15	3.87e-10	2.48e-06	1.27e-03	9.99e-01	0.00e+00	0.00e+00
 2.71068e+15	2.59e-20	1.04e-14	4.79e-10	2.87e-06	1.37e-03	9.99e-01	0.00e+00	0.00e+00
 2.81914e+15	3.75e-20	1.40e-14	6.04e-10	3.36e-06	1.49e-03	9.99e-01	0.00e+00	0.00e+00
 2.92616e+15	5.33e-20	1.87e-14	7.52e-10	3.90e-06	1.61e-03	9.98e-01	0.00e+00	0.00e+00
 3.03747e+15	7.56e-20	2.48e-14	9.36e-10	4.53e-06	1.74e-03	9.98e-01	0.00e+00	0.00e+00
 3.15598e+15	1.08e-19	3.32e-14	1.17e-09	5.28e-06	1.89e-03	9.98e-01	0.00e+00	0.00e+00
 3.25537e+15	1.44e-19	4.20e-14	1.40e-09	5.98e-06	2.02e-03	9.98e-01	0.00e+00	0.00e+00
 3.33146e+15	1.78e-19	5.00e-14	1.61e-09	6.56e-06	2.12e-03	9.98e-01	0.00e+00	0.00e+00
 3.41348e+15	2.23e-19	5.99e-14	1.85e-09	7.24e-06	2.23e-03	9.98e-01	0.00e+00	0.00e+00
 3.52010e+15	2.95e-19	7.54e-14	2.22e-09	8.19e-06	2.38e-03	9.98e-01	0.00e+00	0.00e+00
 3.63614e+15	3.95e-19	9.59e-14	2.68e-09	9.33e-06	2.56e-03	9.97e-01	0.00e+00	0.00e+00
 3.74137e+15	5.11e-19	1.18e-13	3.16e-09	1.05e-05	2.72e-03	9.97e-01	0.00e+00	0.00e+00
 3.85510e+15	6.67e-19	1.48e-13	3.76e-09	1.18e-05	2.90e-03	9.97e-01	0.00e+00	0.00e+00
 3.99778e+15	9.22e-19	1.93e-13	4.64e-09	1.37e-05	3.14e-03	9.97e-01	0.00e+00	0.00e+00
 4.14106e+15	1.26e-18	2.49e-13	5.68e-09	1.58e-05	3.39e-03	9.97e-01	0.00e+00	0.00e+00
 4.26273e+15	1.62e-18	3.08e-13	6.72e-09	1.77e-05	3.62e-03	9.96e-01	0.00e+00	0.00e+00
 4.39335e+15	2.10e-18	3.82e-13	7.99e-09	2.00e-05	3.87e-03	9.96e-01	0.00e+00	0.00e+00
 4.55654e+15	2.88e-18	4.97e-13	9.86e-09	2.31e-05	4.19e-03	9.96e-01	0.00e+00	0.00e+00
 4.72538e+15	3.93e-18	6.45e-13	1.21e-08	2.68e-05	4.55e-03	9.95e-01	0.00e+00	0.00e+00
 4.87595e+15	5.13e-18	8.05e-13	1.45e-08	3.04e-05	4.88e-03	9.95e-01	0.00e+00	0.00e+00
 5.03944e+15	6.78e-18	1.02e-12	1.76e-08	3.47e-05	5.25e-03	9.95e-01	0.00e+00	0.00e+00
 5.23451e+15	9.34e-18	1.33e-12	2.19e-08	4.04e-05	5.72e-03	9.94e-01	0.00e+00	0.00e+00
 5.42657e+15	1.26e-17	1.72e-12	2.69e-08	4.67e-05	6.21e-03	9.94e-01	0.00e+00	0.00e+00
 5.59913e+15	1.64e-17	2.14e-12	3.21e-08	5.29e-05	6.66e-03	9.93e-01	0.00e+00	0.00e+00
 5.79037e+15	2.16e-17	2.71e-12	3.90e-08	6.05e-05	7.19e-03	9.93e-01	0.00e+00	0.00e+00
 6.01644e+15	2.97e-17	3.54e-12	4.86e-08	7.05e-05	7.85e-03	9.92e-01	0.00e+00	0.00e+00
 6.23994e+15	4.01e-17	4.57e-12	5.99e-08	8.16e-05	8.52e-03	9.91e-01	0.00e+00	0.00e+00
 6.44618e+15	5.24e-17	5.74e-12	7.22e-08	9.29e-05	9.18e-03	9.91e-01	0.00e+00	0.00e+00
 6.67785e+15	7.00e-17	7.34e-12	8.85e-08	1.07e-04	9.95e-03	9.90e-01	0.00e+00	0.00e+00
 6.94499e+15	9.66e-17	9.66e-12	1.11e-07	1.25e-04	1.09e-02	9.89e-01	0.00e+00	0.00e+00
 7.20604e+15	1.53e-16	1.25e-11	1.37e-07	1.45e-04	1.18e-02	9.88e-01	0.00e+00	0.00e+00
 7.45576e+15	2.05e-16	1.59e-11	1.67e-07	1.66e-04	1.28e-02	9.87e-01	0.00e+00	0.00e+00
 7.73224e+15	2.78e-16	2.05e-11	2.07e-07	1.92e-04	1.39e-02	9.86e-01	0.00e+00	0.00e+00
 7.99224e+15	3.67e-16	2.59e-11	2.51e-07	2.19e-04	1.50e-02	9.85e-01	0.00e+00	0.00e+00
 8.18763e+15	4.51e-16	3.08e-11	2.89e-07	2.41e-04	1.58e-02	9.84e-01	0.00e+00	0.00e+00
 8.38778e+15	5.52e-16	3.65e-11	3.33e-07	2.65e-04	1.67e-02	9.83e-01	0.00e+00	0.00e+00
 8.64797e+15	7.15e-16	4.54e-11	3.98e-07	2.99e-04	1.79e-02	9.82e-01	0.00e+00	0.00e+00
 8.92927e+15	9.39e-16	5.70e-11	4.81e-07	3.40e-04	1.93e-02	9.80e-01	0.00e+00	0.00e+00
 9.18169e+15	1.19e-15	6.95e-11	5.66e-07	3.80e-04	2.05e-02	9.79e-01	0.00e+00	0.00e+00
 9.45352e+15	1.53e-15	8.57e-11	6.73e-07	4.27e-04	2.19e-02	9.78e-01	0.00e+00	0.00e+00
 9.79933e+15	2.08e-15	1.11e-10	8.33e-07	4.93e-04	2.38e-02	9.76e-01	0.00e+00	0.00e+00
 1.01492e+16	2.76e-15	1.43e-10	1.03e-06	5.67e-04	2.57e-02	9.74e-01	0.00e+00	0.00e+00
 1.04428e+16	3.52e-15	1.76e-10	1.21e-06	6.34e-04	2.74e-02	9.72e-01	0.00e+00	0.00e+00
 1.07553e+16	4.54e-15	2.18e-10	1.45e-06	7.13e-04	2.93e-02	9.70e-01	0.00e+00	0.00e+00
 1.11507e+16	6.22e-15	2.84e-10	1.80e-06	8.25e-04	3.18e-02	9.67e-01	0.00e+00	0.00e+00
 1.15652e+16	8.54e-15	3.71e-10	2.24e-06	9.54e-04	3.44e-02	9.65e-01	0.00e+00	0.00e+00
 1.19386e+16	1.13e-14	4.68e-10	2.70e-06	1.08e-03	3.70e-02	9.62e-01	0.00e+00	0.00e+00
 1.23469e+16	1.51e-14	6.00e-10	3.31e-06	1.24e-03	3.98e-02	9.59e-01	0.00e+00	0.00e+00
 1.28293e+16	2.13e-14	8.00e-10	4.18e-06	1.44e-03	4.34e-02	9.55e-01	0.00e+00	0.00e+00
 1.33023e+16	2.93e-14	1.05e-09	5.20e-06	1.67e-03	4.70e-02	9.51e-01	0.00e+00	0.00e+00
 1.37344e+16	3.89e-14	1.33e-09	6.30e-06	1.89e-03	5.04e-02	9.48e-01	0.00e+00	0.00e+00
 1.42190e+16	5.30e-14	1.73e-09	7.78e-06	2.17e-03	5.44e-02	9.43e-01	0.00e+00	0.00e+00
 1.47828e+16	7.52e-14	2.32e-09	9.85e-06	2.54e-03	5.92e-02	9.38e-01	0.00e+00	0.00e+00
 1.53378e+16	1.05e-13	3.06e-09	1.23e-05	2.94e-03	6.41e-02	9.33e-01	0.00e+00	0.00e+00
 1.58658e+16	1.42e-13	3.95e-09	1.51e-05	3.37e-03	6.89e-02	9.28e-01	0.00e+00	0.00e+00
 1.64514e+16	1.97e-13	5.21e-09	1.89e-05	3.89e-03	7.45e-02	9.22e-01	0.00e+00	0.00e+00
 1.70031e+16	2.66e-13	6.70e-09	2.30e-05	4.43e-03	8.00e-02	9.16e-01	0.00e+00	0.00e+00
 1.74135e+16	3.30e-13	8.04e-09	2.67e-05	4.88e-03	8.42e-02	9.11e-01	0.00e+00	0.00e+00
 1.78306e+16	4.10e-13	9.65e-09	3.08e-05	5.36e-03	8.85e-02	9.06e-01	0.00e+00	0.00e+00
 1.83729e+16	5.39e-13	1.21e-08	3.69e-05	6.03e-03	9.43e-02	9.00e-01	0.00e+00	0.00e+00
 1.89630e+16	7.19e-13	1.55e-08	4.48e-05	6.84e-03	1.01e-01	8.92e-01	0.00e+00	0.00e+00
 1.94957e+16	9.28e-13	1.92e-08	5.30e-05	7.64e-03	1.07e-01	8.86e-01	0.00e+00	0.00e+00
 2.00686e+16	1.21e-12	2.40e-08	6.33e-05	8.56e-03	1.13e-01	8.78e-01	0.00e+00	0.00e+00
 2.08003e+16	1.69e-12	3.16e-08	7.88e-05	9.87e-03	1.22e-01	8.68e-01	0.00e+00	0.00e+00
 2.15377e+16	2.32e-12	4.13e-08	9.72e-05	1.13e-02	1.31e-01	8.58e-01	0.00e+00	0.00e+00
 2.21489e+16	3.00e-12	5.13e-08	1.15e-04	1.26e-02	1.39e-01	8.49e-01	0.00e+00	0.00e+00
 2.27967e+16	3.92e-12	6.42e-08	1.37e-04	1.41e-02	1.47e-01	8.39e-01	0.00e+00	0.00e+00
 2.36261e+16	5.44e-12	8.45e-08	1.70e-04	1.62e-02	1.57e-01	8.26e-01	0.00e+00	0.00e+00
 2.44980e+16	7.59e-12	1.12e-07	2.12e-04	1.87e-02	1.69e-01	8.12e-01	0.00e+00	0.00e+00
 2.52622e+16	1.01e-11	1.42e-07	2.55e-04	2.11e-02	1.79e-01	7.99e-01	0.00e+00	0.00e+00
 2.60803e+16	1.35e-11	1.81e-07	3.09e-04	2.38e-02	1.90e-01	7.86e-01	0.00e+00	0.00e+00
 2.70735e+16	1.90e-11	2.42e-07	3.87e-04	2.75e-02	2.04e-01	7.68e-01	0.00e+00	0.00e+00
 2.80567e+16	2.62e-11	3.16e-07	4.78e-04	3.14e-02	2.18e-01	7.51e-01	0.00e+00	0.00e+00
 2.89285e+16	3.47e-11	4.00e-07	5.74e-04	3.52e-02	2.30e-01	7.34e-01	0.00e+00	0.00e+00
 2.98932e+16	4.70e-11	5.15e-07	6.96e-04	3.98e-02	2.43e-01	7.16e-01	0.00e+00	0.00e+00
 3.09486e+16	6.45e-11	6.71e-07	8.54e-04	4.52e-02	2.58e-01	6.96e-01	0.00e+00	0.00e+00
 3.19088e+16	8.52e-11	8.46e-07	1.02e-03	5.05e-02	2.71e-01	6.78e-01	0.00e+00	0.00e+00
 3.27298e+16	1.07e-10	1.03e-06	1.18e-03	5.54e-02	2.82e-01	6.61e-01	0.00e+00	0.00e+00
 3.35829e+16	1.36e-10	1.25e-06	1.37e-03	6.07e-02	2.94e-01	6.44e-01	0.00e+00	0.00e+00
 3.45442e+16	1.75e-10	1.54e-06	1.62e-03	6.71e-02	3.06e-01	6.25e-01	0.00e+00	0.00e+00
 3.54626e+16	2.22e-10	1.88e-06	1.88e-03	7.35e-02	3.18e-01	6.07e-01	0.00e+00	0.00e+00
 3.64731e+16	2.87e-10	2.33e-06	2.21e-03	8.10e-02	3.31e-01	5.86e-01	0.00e+00	0.00e+00
 3.75745e+16	3.75e-10	2.90e-06	2.61e-03	8.96e-02	3.44e-01	5.64e-01	0.00e+00	0.00e+00
 3.85837e+16	4.75e-10	3.53e-06	3.02e-03	9.79e-02	3.56e-01	5.44e-01	0.00e+00	0.00e+00
 3.96857e+16	6.13e-10	4.35e-06	3.54e-03	1.07e-01	3.68e-01	5.21e-01	0.00e+00	0.00e+00
 4.09107e+16	8.03e-10	5.44e-06	4.18e-03	1.18e-01	3.80e-01	4.97e-01	0.00e+00	0.00e+00
 4.20703e+16	1.03e-09	6.66e-06	4.86e-03	1.29e-01	3.91e-01	4.74e-01	0.00e+00	0.00e+00
 4.33525e+16	1.35e-09	8.31e-06	5.73e-03	1.42e-01	4.03e-01	4.50e-01	0.00e+00	0.00e+00
 4.47554e+16	1.78e-09	1.04e-05	6.79e-03	1.56e-01	4.14e-01	4.23e-01	0.00e+00	0.00e+00
 4.60252e+16	2.26e-09	1.27e-05	7.85e-03	1.70e-01	4.22e-01	4.00e-01	0.00e+00	0.00e+00
 4.73859e+16	2.93e-09	1.57e-05	9.16e-03	1.85e-01	4.30e-01	3.76e-01	0.00e+00	0.00e+00
 4.88929e+16	3.84e-09	1.95e-05	1.08e-02	2.01e-01	4.38e-01	3.50e-01	0.00e+00	0.00e+00
 5.03051e+16	4.89e-09	2.38e-05	1.24e-02	2.18e-01	4.43e-01	3.27e-01	0.00e+00	0.00e+00
 5.18559e+16	6.40e-09	2.94e-05	1.45e-02	2.36e-01	4.47e-01	3.02e-01	0.00e+00	0.00e+00
 5.34723e+16	8.28e-09	3.62e-05	1.69e-02	2.55e-01	4.50e-01	2.78e-01	0.00e+00	0.00e+00
 5.48373e+16	1.02e-08	4.29e-05	1.91e-02	2.71e-01	4.51e-01	2.59e-01	0.00e+00	0.00e+00
 5.60396e+16	1.22e-08	4.95e-05	2.12e-02	2.85e-01	4.51e-01	2.43e-01	0.00e+00	0.00e+00
 5.73670e+16	1.50e-08	5.83e-05	2.37e-02	3.01e-01	4.49e-01	2.26e-01	0.00e+00	0.00e+00
 5.88264e+16	1.85e-08	6.87e-05	2.67e-02	3.19e-01	4.47e-01	2.08e-01	0.00e+00	0.00e+00
 6.01802e+16	2.24e-08	7.98e-05	2.97e-02	3.35e-01	4.43e-01	1.93e-01	0.00e+00	0.00e+00
 6.16629e+16	2.77e-08	9.43e-05	3.34e-02	3.52e-01	4.38e-01	1.76e-01	0.00e+00	0.00e+00
 6.33311e+16	3.46e-08	1.12e-04	3.78e-02	3.72e-01	4.31e-01	1.60e-01	0.00e+00	0.00e+00
 6.49204e+16	4.24e-08	1.32e-04	4.23e-02	3.89e-01	4.23e-01	1.45e-01	0.00e+00	0.00e+00
 6.64348e+16	5.15e-08	1.53e-04	4.70e-02	4.06e-01	4.15e-01	1.32e-01	0.00e+00	0.00e+00
 6.79061e+16	6.19e-08	1.77e-04	5.19e-02	4.22e-01	4.06e-01	1.20e-01	0.00e+00	0.00e+00
 6.95531e+16	7.65e-08	2.08e-04	5.80e-02	4.40e-01	3.94e-01	1.08e-01	0.00e+00	0.00e+00
 7.13774e+16	9.54e-08	2.46e-04	6.52e-02	4.58e-01	3.81e-01	9.52e-02	0.00e+00	0.00e+00
 7.30649e+16	1.16e-07	2.86e-04	7.23e-02	4.74e-01	3.68e-01	8.51e-02	0.00e+00	0.00e+00
 7.45908e+16	1.38e-07	3.27e-04	7.94e-02	4.88e-01	3.56e-01	7.65e-02	0.00e+00	0.00e+00
 7.62740e+16	1.69e-07	3.83e-04	8.81e-02	5.03e-01	3.41e-01	6.75e-02	0.00e+00	0.00e+00
 7.81432e+16	2.11e-07	4.51e-04	9.84e-02	5.18e-01	3.25e-01	5.87e-02	0.00e+00	0.00e+00
 7.98693e+16	2.55e-07	5.22e-04	1.09e-01	5.30e-01	3.09e-01	5.15e-02	0.00e+00	0.00e+00
 8.14694e+16	3.06e-07	6.00e-04	1.19e-01	5.40e-01	2.95e-01	4.54e-02	0.00e+00	0.00e+00
 8.30297e+16	3.65e-07	6.86e-04	1.30e-01	5.49e-01	2.80e-01	4.00e-02	0.00e+00	0.00e+00
 8.45640e+16	4.32e-07	7.80e-04	1.42e-01	5.57e-01	2.65e-01	3.52e-02	0.00e+00	0.00e+00
 8.63250e+16	5.40e-07	9.19e-04	1.57e-01	5.65e-01	2.48e-01	2.99e-02	0.00e+00	0.00e+00
 8.80847e+16	6.54e-07	1.06e-03	1.72e-01	5.70e-01	2.31e-01	2.56e-02	0.00e+00	0.00e+00
 8.95004e+16	7.69e-07	1.20e-03	1.86e-01	5.73e-01	2.17e-01	2.24e-02	0.00e+00	0.00e+00
 9.09987e+16	9.21e-07	1.37e-03	2.03e-01	5.75e-01	2.02e-01	1.92e-02	0.00e+00	0.00e+00
 9.24373e+16	1.08e-06	1.55e-03	2.19e-01	5.75e-01	1.88e-01	1.66e-02	0.00e+00	0.00e+00
 9.34799e+16	1.23e-06	1.71e-03	2.32e-01	5.74e-01	1.78e-01	1.48e-02	0.00e+00	0.00e+00
 9.45170e+16	1.41e-06	1.89e-03	2.45e-01	5.72e-01	1.68e-01	1.31e-02	0.00e+00	0.00e+00
 9.56525e+16	1.58e-06	2.07e-03	2.61e-01	5.69e-01	1.57e-01	1.15e-02	0.00e+00	0.00e+00
 9.69161e+16	1.86e-06	2.33e-03	2.80e-01	5.64e-01	1.44e-01	9.81e-03	0.00e+00	0.00e+00
 9.81593e+16	2.19e-06	2.63e-03	2.99e-01	5.58e-01	1.32e-01	8.34e-03	0.00e+00	0.00e+00
 9.90857e+16	2.57e-06	2.95e-03	3.15e-01	5.51e-01	1.23e-01	7.25e-03	0.00e+00	0.00e+00
 9.98075e+16	2.76e-06	3.12e-03	3.27e-01	5.46e-01	1.17e-01	6.58e-03	0.00e+00	0.00e+00
 1.00554e+17	3.08e-06	3.38e-03	3.41e-01	5.40e-01	1.10e-01	5.86e-03	0.00e+00	0.00e+00
 1.01524e+17	3.67e-06	3.83e-03	3.61e-01	5.30e-01	1.00e-01	4.93e-03	0.00e+00	0.00e+00
 1.02464e+17	4.05e-06	4.13e-03	3.78e-01	5.21e-01	9.23e-02	4.27e-03	0.00e+00	0.00e+00
 1.03363e+17	4.67e-06	4.58e-03	3.97e-01	5.10e-01	8.41e-02	3.61e-03	0.00e+00	0.00e+00
 1.04305e+17	5.41e-06	5.10e-03	4.17e-01	4.98e-01	7.61e-02	3.01e-03	0.00e+00	0.00e+00
 1.05096e+17	6.38e-06	5.72e-03	4.36e-01	4.86e-01	6.91e-02	2.53e-03	0.00e+00	0.00e+00
 1.05739e+17	6.89e-06	6.05e-03	4.50e-01	4.78e-01	6.42e-02	2.23e-03	0.00e+00	0.00e+00
 1.06392e+17	7.73e-06	6.58e-03	4.65e-01	4.67e-01	5.89e-02	1.91e-03	0.00e+00	0.00e+00
 1.07241e+17	9.26e-06	7.46e-03	4.87e-01	4.52e-01	5.20e-02	1.53e-03	0.00e+00	0.00e+00
 1.08067e+17	1.04e-05	8.12e-03	5.06e-01	4.39e-01	4.64e-02	1.26e-03	0.00e+00	0.00e+00
 1.08863e+17	1.21e-05	9.04e-03	5.25e-01	4.24e-01	4.08e-02	1.00e-03	0.00e+00	0.00e+00
 1.09687e+17	1.42e-05	1.01e-02	5.45e-01	4.08e-01	3.55e-02	7.90e-04	0.00e+00	0.00e+00
 1.10370e+17	1.67e-05	1.13e-02	5.63e-01	3.94e-01	3.13e-02	6.28e-04	0.00e+00	0.00e+00
 1.10943e+17	1.83e-05	1.21e-02	5.76e-01	3.83e-01	2.82e-02	5.27e-04	0.00e+00	0.00e+00
 1.11552e+17	2.13e-05	1.34e-02	5.92e-01	3.69e-01	2.48e-02	4.19e-04	0.00e+00	0.00e+00
 1.12104e+17	2.37e-05	1.44e-02	6.05e-01	3.58e-01	2.22e-02	3.46e-04	0.00e+00	0.00e+00
 1.12501e+17	2.57e-05	1.53e-02	6.14e-01	3.50e-01	2.04e-02	2.99e-04	0.00e+00	0.00e+00
 1.12936e+17	2.83e-05	1.63e-02	6.24e-01	3.41e-01	1.85e-02	2.51e-04	0.00e+00	0.00e+00
 1.13502e+17	3.20e-05	1.78e-02	6.37e-01	3.29e-01	1.62e-02	1.99e-04	0.00e+00	0.00e+00
 1.14078e+17	3.62e-05	1.93e-02	6.49e-01	3.17e-01	1.41e-02	1.58e-04	0.00e+00	0.00e+00
 1.14550e+17	4.00e-05	2.07e-02	6.59e-01	3.08e-01	1.26e-02	1.30e-04	0.00e+00	0.00e+00
 1.15045e+17	4.47e-05	2.24e-02	6.69e-01	2.97e-01	1.11e-02	1.04e-04	0.00e+00	0.00e+00
 1.15596e+17	5.05e-05	2.43e-02	6.80e-01	2.86e-01	9.62e-03	8.10e-05	0.00e+00	0.00e+00
 1.16120e+17	5.65e-05	2.62e-02	6.90e-01	2.76e-01	8.38e-03	6.39e-05	0.00e+00	0.00e+00
 1.16620e+17	6.32e-05	2.83e-02	6.98e-01	2.66e-01	7.32e-03	5.05e-05	0.00e+00	0.00e+00
 1.17190e+17	7.19e-05	3.08e-02	7.08e-01	2.54e-01	6.22e-03	3.81e-05	0.00e+00	0.00e+00
 1.17797e+17	8.22e-05	3.37e-02	7.18e-01	2.43e-01	5.25e-03	2.85e-05	0.00e+00	0.00e+00
 1.18327e+17	9.21e-05	3.64e-02	7.26e-01	2.33e-01	4.53e-03	2.20e-05	0.00e+00	0.00e+00
 1.18891e+17	1.05e-04	3.97e-02	7.34e-01	2.23e-01	3.82e-03	1.64e-05	0.00e+00	0.00e+00
 1.19505e+17	1.20e-04	4.35e-02	7.42e-01	2.11e-01	3.19e-03	1.20e-05	0.00e+00	0.00e+00
 1.20059e+17	1.36e-04	4.72e-02	7.48e-01	2.02e-01	2.71e-03	9.10e-06	0.00e+00	0.00e+00
 1.20571e+17	1.52e-04	5.09e-02	7.54e-01	1.93e-01	2.32e-03	6.98e-06	0.00e+00	0.00e+00
 1.21154e+17	1.74e-04	5.55e-02	7.60e-01	1.83e-01	1.94e-03	5.10e-06	0.00e+00	0.00e+00
 1.21789e+17	2.01e-04	6.10e-02	7.65e-01	1.72e-01	1.59e-03	3.65e-06	0.00e+00	0.00e+00
 1.22354e+17	2.28e-04	6.63e-02	7.69e-01	1.63e-01	1.34e-03	2.72e-06	0.00e+00	0.00e+00
 1.22875e+17	2.57e-04	7.18e-02	7.72e-01	1.55e-01	1.13e-03	2.05e-06	0.00e+00	0.00e+00
 1.23474e+17	2.96e-04	7.87e-02	7.75e-01	1.45e-01	9.32e-04	1.47e-06	0.00e+00	0.00e+00
 1.24119e+17	3.44e-04	8.67e-02	7.77e-01	1.35e-01	7.58e-04	1.04e-06	0.00e+00	0.00e+00
 1.24687e+17	3.94e-04	9.47e-02	7.78e-01	1.27e-01	6.28e-04	7.57e-07	0.00e+00	0.00e+00
 1.25192e+17	4.46e-04	1.02e-01	7.78e-01	1.19e-01	5.31e-04	0.00e+00	0.00e+00	0.00e+00
 1.25750e+17	5.11e-04	1.12e-01	7.76e-01	1.11e-01	4.37e-04	0.00e+00	0.00e+00	0.00e+00
 1.26370e+17	5.97e-04	1.23e-01	7.73e-01	1.02e-01	3.52e-04	0.00e+00	0.00e+00	0.00e+00
 1.26935e+17	6.91e-04	1.35e-01	7.69e-01	9.45e-02	2.88e-04	0.00e+00	0.00e+00	0.00e+00
 1.27442e+17	7.88e-04	1.47e-01	7.65e-01	8.76e-02	2.39e-04	0.00e+00	0.00e+00	0.00e+00
 1.28009e+17	9.15e-04	1.61e-01	7.58e-01	8.01e-02	1.93e-04	0.00e+00	0.00e+00	0.00e+00
 1.28628e+17	1.08e-03	1.79e-01	7.48e-01	7.23e-02	1.52e-04	0.00e+00	0.00e+00	0.00e+00
 1.29177e+17	1.26e-03	1.96e-01	7.37e-01	6.55e-02	1.22e-04	0.00e+00	0.00e+00	0.00e+00
 1.29665e+17	1.45e-03	2.14e-01	7.25e-01	5.97e-02	9.98e-05	0.00e+00	0.00e+00	0.00e+00
 1.30211e+17	1.69e-03	2.35e-01	7.10e-01	5.35e-02	7.87e-05	0.00e+00	0.00e+00	0.00e+00
 1.30822e+17	2.03e-03	2.61e-01	6.90e-01	4.68e-02	5.99e-05	0.00e+00	0.00e+00	0.00e+00
 1.31386e+17	2.41e-03	2.89e-01	6.67e-01	4.08e-02	4.59e-05	0.00e+00	0.00e+00	0.00e+00
 1.31898e+17	2.82e-03	3.17e-01	6.44e-01	3.57e-02	3.56e-05	0.00e+00	0.00e+00	0.00e+00
 1.32474e+17	3.38e-03	3.51e-01	6.15e-01	3.04e-02	2.62e-05	0.00e+00	0.00e+00	0.00e+00
 1.33108e+17	4.14e-03	3.93e-01	5.78e-01	2.49e-02	1.84e-05	0.00e+00	0.00e+00	0.00e+00
 1.33668e+17	5.00e-03	4.35e-01	5.40e-01	2.04e-02	1.31e-05	0.00e+00	0.00e+00	0.00e+00
 1.34142e+17	5.89e-03	4.73e-01	5.04e-01	1.70e-02	9.63e-06	0.00e+00	0.00e+00	0.00e+00
 1.34653e+17	7.01e-03	5.16e-01	4.64e-01	1.37e-02	6.74e-06	0.00e+00	0.00e+00	0.00e+00
 1.35217e+17	8.53e-03	5.66e-01	4.15e-01	1.05e-02	4.39e-06	0.00e+00	0.00e+00	0.00e+00
 1.35684e+17	1.01e-02	6.11e-01	3.71e-01	8.12e-03	2.97e-06	0.00e+00	0.00e+00	0.00e+00
 1.36024e+17	1.15e-02	6.43e-01	3.38e-01	6.64e-03	2.19e-06	0.00e+00	0.00e+00	0.00e+00
 1.36368e+17	1.30e-02	6.75e-01	3.06e-01	5.35e-03	1.59e-06	0.00e+00	0.00e+00	0.00e+00
 1.36814e+17	1.53e-02	7.16e-01	2.65e-01	3.93e-03	1.01e-06	0.00e+00	0.00e+00	0.00e+00
 1.37253e+17	1.81e-02	7.56e-01	2.23e-01	2.79e-03	6.17e-07	0.00e+00	0.00e+00	0.00e+00
 1.37567e+17	2.05e-02	7.84e-01	1.93e-01	2.11e-03	0.00e+00	0.00e+00	0.00e+00	0.00e+00
 1.37809e+17	2.26e-02	8.03e-01	1.72e-01	1.70e-03	0.00e+00	0.00e+00	0.00e+00	0.00e+00
 1.38074e+17	2.51e-02	8.23e-01	1.51e-01	1.31e-03	0.00e+00	0.00e+00	0.00e+00	0.00e+00
 1.38418e+17	2.88e-02	8.45e-01	1.25e-01	9.17e-04	0.00e+00	0.00e+00	0.00e+00	0.00e+00
 1.38767e+17	3.33e-02	8.66e-01	1.00e-01	6.14e-04	0.00e+00	0.00e+00	0.00e+00	0.00e+00
 1.39032e+17	3.75e-02	8.79e-01	8.35e-02	4.39e-04	0.00e+00	0.00e+00	0.00e+00	0.00e+00
 1.39240e+17	4.11e-02	8.87e-01	7.18e-02	3.34e-04	0.00e+00	0.00e+00	0.00e+00	0.00e+00
 1.39467e+17	4.55e-02	8.94e-01	6.06e-02	2.45e-04	0.00e+00	0.00e+00	0.00e+00	0.00e+00
 1.39761e+17	5.20e-02	9.00e-01	4.78e-02	1.60e-04	0.00e+00	0.00e+00	0.00e+00	0.00e+00
 1.40058e+17	6.02e-02	9.03e-01	3.67e-02	9.98e-05	0.00e+00	0.00e+00	0.00e+00	0.00e+00
 1.40284e+17	6.76e-02	9.03e-01	2.94e-02	6.78e-05	0.00e+00	0.00e+00	0.00e+00	0.00e+00
 1.40467e+17	7.44e-02	9.01e-01	2.45e-02	4.92e-05	0.00e+00	0.00e+00	0.00e+00	0.00e+00
 1.40670e+17	8.28e-02	8.97e-01	1.99e-02	3.39e-05	0.00e+00	0.00e+00	0.00e+00	0.00e+00
 1.40935e+17	9.54e-02	8.90e-01	1.49e-02	2.04e-05	0.00e+00	0.00e+00	0.00e+00	0.00e+00
 1.41178e+17	1.10e-01	8.79e-01	1.12e-02	1.24e-05	0.00e+00	0.00e+00	0.00e+00	0.00e+00
 1.41336e+17	1.20e-01	8.71e-01	9.16e-03	8.82e-06	0.00e+00	0.00e+00	0.00e+00	0.00e+00
 1.41468e+17	1.30e-01	8.63e-01	7.74e-03	6.60e-06	0.00e+00	0.00e+00	0.00e+00	0.00e+00
 1.41620e+17	1.42e-01	8.52e-01	6.36e-03	4.69e-06	0.00e+00	0.00e+00	0.00e+00	0.00e+00
 1.41783e+17	1.56e-01	8.39e-01	5.10e-03	3.20e-06	0.00e+00	0.00e+00	0.00e+00	0.00e+00
 1.41929e+17	1.71e-01	8.25e-01	4.15e-03	2.25e-06	0.00e+00	0.00e+00	0.00e+00	0.00e+00
 1.42051e+17	1.83e-01	8.13e-01	3.48e-03	1.66e-06	0.00e+00	0.00e+00	0.00e+00	0.00e+00
 1.42144e+17	1.94e-01	8.03e-01	3.04e-03	1.33e-06	0.00e+00	0.00e+00	0.00e+00	0.00e+00
 1.42207e+17	2.01e-01	7.96e-01	2.77e-03	1.13e-06	0.00e+00	0.00e+00	0.00e+00	0.00e+00
 1.42266e+17	2.08e-01	7.89e-01	2.54e-03	9.74e-07	0.00e+00	0.00e+00	0.00e+00	0.00e+00
 1.42337e+17	2.18e-01	7.80e-01	2.28e-03	0.00e+00	0.00e+00	0.00e+00	0.00e+00	0.00e+00
 1.42413e+17	2.28e-01	7.70e-01	2.02e-03	0.00e+00	0.00e+00	0.00e+00	0.00e+00	0.00e+00
 1.42484e+17	2.38e-01	7.61e-01	1.81e-03	0.00e+00	0.00e+00	0.00e+00	0.00e+00	0.00e+00
 1.42550e+17	2.47e-01	7.51e-01	1.63e-03	0.00e+00	0.00e+00	0.00e+00	0.00e+00	0.00e+00
 1.42615e+17	2.57e-01	7.42e-01	1.47e-03	0.00e+00	0.00e+00	0.00e+00	0.00e+00	0.00e+00
 1.42683e+17	2.67e-01	7.31e-01	1.31e-03	0.00e+00	0.00e+00	0.00e+00	0.00e+00	0.00e+00
 1.42750e+17	2.78e-01	7.21e-01	1.17e-03	0.00e+00	0.00e+00	0.00e+00	0.00e+00	0.00e+00
 1.42815e+17	2.89e-01	7.10e-01	1.05e-03	0.00e+00	0.00e+00	0.00e+00	0.00e+00	0.00e+00
 1.42880e+17	3.01e-01	6.99e-01	9.42e-04	0.00e+00	0.00e+00	0.00e+00	0.00e+00	0.00e+00
 1.42945e+17	3.12e-01	6.87e-01	8.42e-04	0.00e+00	0.00e+00	0.00e+00	0.00e+00	0.00e+00
 1.43009e+17	3.24e-01	6.75e-01	7.52e-04	0.00e+00	0.00e+00	0.00e+00	0.00e+00	0.00e+00
 1.43073e+17	3.37e-01	6.63e-01	6.72e-04	0.00e+00	0.00e+00	0.00e+00	0.00e+00	0.00e+00
 1.43137e+17	3.49e-01	6.50e-01	5.99e-04	0.00e+00	0.00e+00	0.00e+00	0.00e+00	0.00e+00
 1.43200e+17	3.62e-01	6.37e-01	5.34e-04	0.00e+00	0.00e+00	0.00e+00	0.00e+00	0.00e+00
 1.43264e+17	3.76e-01	6.24e-01	4.75e-04	0.00e+00	0.00e+00	0.00e+00	0.00e+00	0.00e+00
 1.43326e+17	3.90e-01	6.10e-01	4.22e-04	0.00e+00	0.00e+00	0.00e+00	0.00e+00	0.00e+00
 1.43389e+17	4.04e-01	5.96e-01	3.75e-04	0.00e+00	0.00e+00	0.00e+00	0.00e+00	0.00e+00
 1.43451e+17	4.19e-01	5.81e-01	3.33e-04	0.00e+00	0.00e+00	0.00e+00	0.00e+00	0.00e+00
 1.43514e+17	4.34e-01	5.66e-01	2.94e-04	0.00e+00	0.00e+00	0.00e+00	0.00e+00	0.00e+00
 1.43576e+17	4.49e-01	5.50e-01	2.60e-04	0.00e+00	0.00e+00	0.00e+00	0.00e+00	0.00e+00
 1.43638e+17	4.65e-01	5.35e-01	2.30e-04	0.00e+00	0.00e+00	0.00e+00	0.00e+00	0.00e+00
 1.43701e+17	4.82e-01	5.18e-01	2.02e-04	0.00e+00	0.00e+00	0.00e+00	0.00e+00	0.00e+00
 1.43764e+17	4.99e-01	5.01e-01	1.78e-04	0.00e+00	0.00e+00	0.00e+00	0.00e+00	0.00e+00
 1.43826e+17	5.16e-01	4.84e-01	1.56e-04	0.00e+00	0.00e+00	0.00e+00	0.00e+00	0.00e+00
 1.43888e+17	5.34e-01	4.66e-01	1.37e-04	0.00e+00	0.00e+00	0.00e+00	0.00e+00	0.00e+00
 1.43951e+17	5.51e-01	4.49e-01	1.20e-04	0.00e+00	0.00e+00	0.00e+00	0.00e+00	0.00e+00
 1.44013e+17	5.71e-01	4.29e-01	1.04e-04	0.00e+00	0.00e+00	0.00e+00	0.00e+00	0.00e+00
 1.44074e+17	5.88e-01	4.12e-01	9.13e-05	0.00e+00	0.00e+00	0.00e+00	0.00e+00	0.00e+00
