#depth	He	He+	He+2
 1.49634e+10	9.54e-24	1.16e-12	1.00e+00
 4.54887e+10	1.06e-23	1.25e-12	1.00e+00
 7.72350e+10	1.17e-23	1.35e-12	1.00e+00
 1.10251e+11	1.29e-23	1.46e-12	1.00e+00
 1.41678e+11	1.42e-23	1.57e-12	1.00e+00
 1.70389e+11	1.54e-23	1.67e-12	1.00e+00
 2.02856e+11	1.68e-23	1.80e-12	1.00e+00
 2.40594e+11	1.86e-23	1.94e-12	1.00e+00
 2.77786e+11	2.04e-23	2.09e-12	1.00e+00
 3.13249e+11	2.23e-23	2.24e-12	1.00e+00
 3.52491e+11	2.45e-23	2.41e-12	1.00e+00
 3.96517e+11	2.72e-23	2.61e-12	1.00e+00
 4.40918e+11	3.00e-23	2.82e-12	1.00e+00
 4.87094e+11	3.32e-23	3.04e-12	1.00e+00
 5.36505e+11	3.69e-23	3.29e-12	1.00e+00
 5.87892e+11	4.10e-23	3.56e-12	1.00e+00
 6.41334e+11	4.56e-23	3.86e-12	1.00e+00
 6.96914e+11	5.08e-23	4.18e-12	1.00e+00
 7.54718e+11	5.66e-23	4.53e-12	1.00e+00
 8.14833e+11	6.32e-23	4.90e-12	1.00e+00
 8.77353e+11	7.06e-23	5.31e-12	1.00e+00
 9.42374e+11	7.90e-23	5.75e-12	1.00e+00
 1.01000e+12	8.85e-23	6.23e-12	1.00e+00
 1.08032e+12	9.93e-23	6.75e-12	1.00e+00
 1.14841e+12	1.11e-22	7.28e-12	1.00e+00
 1.21072e+12	1.22e-22	7.78e-12	1.00e+00
 1.27988e+12	1.35e-22	8.36e-12	1.00e+00
 1.36031e+12	1.53e-22	9.06e-12	1.00e+00
 1.43996e+12	1.71e-22	9.78e-12	1.00e+00
 1.51653e+12	1.91e-22	1.05e-11	1.00e+00
 1.60086e+12	2.14e-22	1.13e-11	1.00e+00
 1.69482e+12	2.43e-22	1.23e-11	1.00e+00
 1.79034e+12	2.75e-22	1.33e-11	1.00e+00
 1.88967e+12	3.12e-22	1.44e-11	1.00e+00
 1.99519e+12	3.56e-22	1.57e-11	1.00e+00
 2.10492e+12	4.06e-22	1.70e-11	1.00e+00
 2.21904e+12	4.63e-22	1.85e-11	1.00e+00
 2.33773e+12	5.30e-22	2.01e-11	1.00e+00
 2.46117e+12	6.07e-22	2.19e-11	1.00e+00
 2.58954e+12	6.97e-22	2.38e-11	1.00e+00
 2.71002e+12	7.90e-22	2.56e-11	1.00e+00
 2.81737e+12	8.81e-22	2.74e-11	1.00e+00
 2.93774e+12	9.90e-22	2.95e-11	1.00e+00
 3.08085e+12	1.14e-21	3.20e-11	1.00e+00
 3.22490e+12	1.30e-21	3.47e-11	1.00e+00
 3.35957e+12	1.47e-21	3.73e-11	1.00e+00
 3.50872e+12	1.67e-21	4.04e-11	1.00e+00
 3.67900e+12	1.94e-21	4.40e-11	1.00e+00
 3.84822e+12	2.23e-21	4.79e-11	1.00e+00
 4.02421e+12	2.56e-21	5.21e-11	1.00e+00
 4.21510e+12	2.97e-21	5.69e-11	1.00e+00
 4.40941e+12	3.44e-21	6.20e-11	1.00e+00
 4.59041e+12	3.92e-21	6.71e-11	1.00e+00
 4.75751e+12	4.41e-21	7.20e-11	1.00e+00
 4.94863e+12	5.01e-21	7.79e-11	1.00e+00
 5.17275e+12	5.81e-21	8.52e-11	1.00e+00
 5.39476e+12	6.70e-21	9.28e-11	1.00e+00
 5.60274e+12	7.61e-21	1.00e-10	1.00e+00
 5.83386e+12	8.71e-21	1.09e-10	1.00e+00
 6.09714e+12	1.01e-20	1.20e-10	1.00e+00
 6.35665e+12	1.17e-20	1.31e-10	1.00e+00
 6.62655e+12	1.35e-20	1.43e-10	1.00e+00
 6.92154e+12	1.56e-20	1.58e-10	1.00e+00
 7.21841e+12	1.80e-20	1.73e-10	1.00e+00
 7.52715e+12	2.08e-20	1.90e-10	1.00e+00
 7.85816e+12	2.41e-20	2.09e-10	1.00e+00
 8.18726e+12	2.77e-20	2.30e-10	1.00e+00
 8.52953e+12	3.18e-20	2.52e-10	1.00e+00
 8.90063e+12	3.68e-20	2.78e-10	1.00e+00
 9.28658e+12	4.24e-20	3.08e-10	1.00e+00
 9.68798e+12	4.88e-20	3.40e-10	1.00e+00
 1.01054e+13	5.60e-20	3.76e-10	1.00e+00
 1.04824e+13	6.32e-20	4.11e-10	1.00e+00
 1.07954e+13	6.95e-20	4.41e-10	1.00e+00
 1.11379e+13	7.67e-20	4.76e-10	1.00e+00
 1.15731e+13	8.67e-20	5.23e-10	1.00e+00
 1.20278e+13	9.80e-20	5.76e-10	1.00e+00
 1.24294e+13	1.09e-19	6.25e-10	1.00e+00
 1.28014e+13	1.19e-19	6.72e-10	1.00e+00
 1.32235e+13	1.31e-19	7.29e-10	1.00e+00
 1.37463e+13	1.48e-19	8.04e-10	1.00e+00
 1.42681e+13	1.66e-19	8.83e-10	1.00e+00
 1.47161e+13	1.82e-19	9.54e-10	1.00e+00
 1.51999e+13	2.01e-19	1.03e-09	1.00e+00
 1.57977e+13	2.25e-19	1.14e-09	1.00e+00
 1.64118e+13	2.53e-19	1.26e-09	1.00e+00
 1.69682e+13	2.80e-19	1.36e-09	1.00e+00
 1.75815e+13	3.11e-19	1.49e-09	1.00e+00
 1.83017e+13	3.53e-19	1.65e-09	1.00e+00
 1.90206e+13	3.98e-19	1.82e-09	1.00e+00
 1.97054e+13	4.46e-19	1.98e-09	1.00e+00
 2.04606e+13	5.04e-19	2.18e-09	1.00e+00
 2.13089e+13	5.77e-19	2.41e-09	1.00e+00
 2.20728e+13	6.51e-19	2.62e-09	1.00e+00
 2.27042e+13	7.18e-19	2.81e-09	1.00e+00
 2.33940e+13	7.98e-19	3.02e-09	1.00e+00
 2.42745e+13	9.13e-19	3.31e-09	1.00e+00
 2.51630e+13	1.04e-18	3.61e-09	1.00e+00
 2.58988e+13	1.16e-18	3.87e-09	1.00e+00
 2.66760e+13	1.30e-18	4.16e-09	1.00e+00
 2.76725e+13	1.50e-18	4.54e-09	1.00e+00
 2.87168e+13	1.74e-18	4.97e-09	1.00e+00
 2.96321e+13	1.97e-18	5.35e-09	1.00e+00
 3.06171e+13	2.25e-18	5.79e-09	1.00e+00
 3.18123e+13	2.63e-18	6.34e-09	1.00e+00
 3.29677e+13	3.05e-18	6.90e-09	1.00e+00
 3.39395e+13	3.45e-18	7.39e-09	1.00e+00
 3.49856e+13	3.92e-18	7.93e-09	1.00e+00
 3.63033e+13	4.59e-18	8.66e-09	1.00e+00
 3.76567e+13	5.38e-18	9.44e-09	1.00e+00
 3.88347e+13	6.15e-18	1.01e-08	1.00e+00
 4.01024e+13	7.06e-18	1.09e-08	1.00e+00
 4.16503e+13	8.33e-18	1.19e-08	1.00e+00
 4.32072e+13	9.79e-18	1.30e-08	1.00e+00
 4.45969e+13	1.13e-17	1.40e-08	1.00e+00
 4.61243e+13	1.30e-17	1.51e-08	1.00e+00
 4.79423e+13	1.55e-17	1.65e-08	1.00e+00
 4.97584e+13	1.82e-17	1.79e-08	1.00e+00
 5.14477e+13	2.11e-17	1.93e-08	1.00e+00
 5.33361e+13	2.47e-17	2.10e-08	1.00e+00
 5.54994e+13	2.94e-17	2.29e-08	1.00e+00
 5.76476e+13	3.47e-17	2.50e-08	1.00e+00
 5.98818e+13	4.09e-17	2.72e-08	1.00e+00
 6.23070e+13	4.87e-17	2.97e-08	1.00e+00
 6.48292e+13	5.77e-17	3.24e-08	1.00e+00
 6.72246e+13	6.75e-17	3.50e-08	1.00e+00
 6.93886e+13	7.75e-17	3.76e-08	1.00e+00
 7.14104e+13	8.77e-17	4.00e-08	1.00e+00
 7.36356e+13	9.99e-17	4.27e-08	1.00e+00
 7.61405e+13	1.15e-16	4.59e-08	1.00e+00
 7.85351e+13	1.31e-16	4.90e-08	1.00e+00
 8.11743e+13	1.51e-16	5.26e-08	1.00e+00
 8.41139e+13	1.76e-16	5.68e-08	1.00e+00
 8.68189e+13	2.01e-16	6.07e-08	1.00e+00
 8.93235e+13	2.26e-16	6.45e-08	1.00e+00
 9.21929e+13	2.58e-16	6.89e-08	1.00e+00
 9.57060e+13	3.01e-16	7.44e-08	1.00e+00
 9.92148e+13	3.50e-16	8.03e-08	1.00e+00
 1.02270e+14	3.96e-16	8.55e-08	1.00e+00
 1.05577e+14	4.51e-16	9.13e-08	1.00e+00
 1.09609e+14	5.25e-16	9.85e-08	1.00e+00
 1.13717e+14	6.11e-16	1.06e-07	1.00e+00
 1.17436e+14	6.95e-16	1.13e-07	1.00e+00
 1.21516e+14	7.97e-16	1.22e-07	1.00e+00
 1.26314e+14	9.29e-16	1.31e-07	1.00e+00
 1.31097e+14	1.08e-15	1.42e-07	1.00e+00
 1.35607e+14	1.23e-15	1.52e-07	1.00e+00
 1.40596e+14	1.42e-15	1.63e-07	1.00e+00
 1.46250e+14	1.66e-15	1.76e-07	1.00e+00
 1.51914e+14	1.93e-15	1.90e-07	1.00e+00
 1.57804e+14	2.24e-15	2.05e-07	1.00e+00
 1.64146e+14	2.61e-15	2.21e-07	1.00e+00
 1.70742e+14	3.04e-15	2.39e-07	1.00e+00
 1.77119e+14	3.51e-15	2.57e-07	1.00e+00
 1.83107e+14	3.99e-15	2.75e-07	1.00e+00
 1.88769e+14	4.49e-15	2.91e-07	1.00e+00
 1.94953e+14	5.09e-15	3.11e-07	1.00e+00
 2.01814e+14	5.83e-15	3.33e-07	1.00e+00
 2.08224e+14	6.58e-15	3.54e-07	1.00e+00
 2.15226e+14	7.47e-15	3.77e-07	1.00e+00
 2.23130e+14	8.60e-15	4.05e-07	1.00e+00
 2.30726e+14	9.81e-15	4.34e-07	1.00e+00
 2.39078e+14	1.12e-14	4.65e-07	1.00e+00
 2.48449e+14	1.30e-14	5.02e-07	1.00e+00
 2.57443e+14	1.50e-14	5.39e-07	1.00e+00
 2.67020e+14	1.73e-14	5.79e-07	1.00e+00
 2.77731e+14	2.01e-14	6.27e-07	1.00e+00
 2.87632e+14	2.31e-14	6.72e-07	1.00e+00
 2.96202e+14	2.59e-14	7.14e-07	1.00e+00
 3.05700e+14	2.92e-14	7.60e-07	1.00e+00
 3.17305e+14	3.38e-14	8.20e-07	1.00e+00
 3.29064e+14	3.90e-14	8.83e-07	1.00e+00
 3.39633e+14	4.41e-14	9.42e-07	1.00e+00
 3.51241e+14	5.01e-14	1.01e-06	1.00e+00
 3.64973e+14	5.82e-14	1.09e-06	1.00e+00
 3.78458e+14	6.71e-14	1.17e-06	1.00e+00
 3.90762e+14	7.58e-14	1.25e-06	1.00e+00
 4.04539e+14	8.66e-14	1.34e-06	1.00e+00
 4.20587e+14	1.01e-13	1.46e-06	1.00e+00
 4.36358e+14	1.16e-13	1.57e-06	1.00e+00
 4.51293e+14	1.32e-13	1.68e-06	1.00e+00
 4.67907e+14	1.51e-13	1.81e-06	1.00e+00
 4.86653e+14	1.75e-13	1.96e-06	1.00e+00
 5.05427e+14	2.02e-13	2.11e-06	1.00e+00
 5.23080e+14	2.30e-13	2.27e-06	1.00e+00
 5.42162e+14	2.63e-13	2.44e-06	1.00e+00
 5.63878e+14	3.05e-13	2.64e-06	1.00e+00
 5.84334e+14	3.47e-13	2.84e-06	1.00e+00
 6.02783e+14	3.90e-13	3.03e-06	1.00e+00
 6.20276e+14	4.33e-13	3.21e-06	1.00e+00
 6.39664e+14	4.85e-13	3.41e-06	1.00e+00
 6.61326e+14	5.47e-13	3.66e-06	1.00e+00
 6.81701e+14	6.12e-13	3.89e-06	1.00e+00
 7.03947e+14	6.88e-13	4.15e-06	1.00e+00
 7.28821e+14	7.79e-13	4.45e-06	1.00e+00
 7.52447e+14	8.74e-13	4.76e-06	1.00e+00
 7.78495e+14	9.87e-13	5.09e-06	1.00e+00
 8.07253e+14	1.13e-12	5.49e-06	1.00e+00
 8.33665e+14	1.26e-12	5.86e-06	1.00e+00
 8.62132e+14	1.42e-12	6.27e-06	1.00e+00
 8.94076e+14	1.61e-12	6.76e-06	1.00e+00
 9.24192e+14	1.81e-12	7.23e-06	1.00e+00
 9.56995e+14	2.05e-12	7.77e-06	1.00e+00
 9.93351e+14	2.33e-12	8.38e-06	1.00e+00
 1.02734e+15	2.62e-12	8.99e-06	1.00e+00
 1.06440e+15	2.96e-12	9.66e-06	1.00e+00
 1.10584e+15	3.38e-12	1.05e-05	1.00e+00
 1.14499e+15	3.82e-12	1.12e-05	1.00e+00
 1.18687e+15	4.34e-12	1.21e-05	1.00e+00
 1.23437e+15	4.96e-12	1.32e-05	1.00e+00
 1.28117e+15	5.67e-12	1.42e-05	1.00e+00
 1.32621e+15	6.37e-12	1.53e-05	1.00e+00
 1.37565e+15	7.26e-12	1.66e-05	1.00e+00
 1.43071e+15	8.32e-12	1.80e-05	1.00e+00
 1.47765e+15	9.35e-12	1.93e-05	1.00e+00
 1.51234e+15	1.01e-11	2.03e-05	1.00e+00
 1.54872e+15	1.11e-11	2.13e-05	1.00e+00
 1.59601e+15	1.23e-11	2.28e-05	1.00e+00
 1.64806e+15	1.38e-11	2.44e-05	1.00e+00
 1.69635e+15	1.53e-11	2.61e-05	1.00e+00
 1.74919e+15	1.71e-11	2.78e-05	1.00e+00
 1.80860e+15	1.93e-11	3.00e-05	1.00e+00
 1.86489e+15	2.16e-11	3.21e-05	1.00e+00
 1.92644e+15	2.44e-11	3.45e-05	1.00e+00
 1.99513e+15	2.76e-11	3.73e-05	1.00e+00
 2.05994e+15	3.13e-11	4.01e-05	1.00e+00
 2.13101e+15	3.53e-11	4.32e-05	1.00e+00
 2.20972e+15	4.08e-11	4.70e-05	1.00e+00
 2.28233e+15	4.57e-11	5.05e-05	1.00e+00
 2.36074e+15	5.24e-11	5.46e-05	1.00e+00
 2.44826e+15	6.02e-11	5.93e-05	1.00e+00
 2.53042e+15	6.77e-11	6.38e-05	1.00e+00
 2.61999e+15	7.79e-11	6.92e-05	1.00e+00
 2.71972e+15	9.01e-11	7.54e-05	1.00e+00
 2.81309e+15	1.01e-10	8.12e-05	1.00e+00
 2.91451e+15	1.18e-10	8.81e-05	1.00e+00
 3.02804e+15	1.36e-10	9.62e-05	1.00e+00
 3.13615e+15	1.56e-10	1.04e-04	1.00e+00
 3.25168e+15	1.80e-10	1.13e-04	1.00e+00
 3.38178e+15	2.10e-10	1.24e-04	1.00e+00
 3.49054e+15	2.37e-10	1.33e-04	1.00e+00
 3.56838e+15	2.59e-10	1.40e-04	1.00e+00
 3.64981e+15	2.84e-10	1.47e-04	1.00e+00
 3.75568e+15	3.18e-10	1.57e-04	1.00e+00
 3.87294e+15	3.59e-10	1.68e-04	1.00e+00
 3.98202e+15	4.00e-10	1.79e-04	1.00e+00
 4.10085e+15	4.46e-10	1.91e-04	1.00e+00
 4.23408e+15	5.13e-10	2.06e-04	1.00e+00
 4.36007e+15	5.74e-10	2.20e-04	1.00e+00
 4.49788e+15	6.45e-10	2.36e-04	1.00e+00
 4.65253e+15	7.49e-10	2.55e-04	1.00e+00
 4.79938e+15	8.47e-10	2.73e-04	1.00e+00
 4.96059e+15	9.55e-10	2.94e-04	1.00e+00
 5.15276e+15	1.13e-09	3.21e-04	1.00e+00
 5.34048e+15	1.30e-09	3.48e-04	1.00e+00
 5.50718e+15	1.46e-09	3.72e-04	1.00e+00
 5.69122e+15	1.67e-09	4.01e-04	1.00e+00
 5.91116e+15	1.98e-09	4.37e-04	1.00e+00
 6.13034e+15	2.30e-09	4.74e-04	1.00e+00
 6.33122e+15	2.62e-09	5.10e-04	9.99e-01
 6.55573e+15	3.01e-09	5.51e-04	9.99e-01
 6.81630e+15	3.56e-09	6.02e-04	9.99e-01
 7.07126e+15	4.12e-09	6.52e-04	9.99e-01
 7.31264e+15	4.73e-09	7.03e-04	9.99e-01
 7.52396e+15	5.35e-09	7.50e-04	9.99e-01
 7.69894e+15	5.89e-09	7.89e-04	9.99e-01
 7.89155e+15	6.53e-09	8.34e-04	9.99e-01
 8.14195e+15	7.32e-09	8.94e-04	9.99e-01
 8.40571e+15	8.51e-09	9.61e-04	9.99e-01
 8.63113e+15	9.49e-09	1.02e-03	9.99e-01
 8.86848e+15	1.06e-08	1.08e-03	9.99e-01
 9.17702e+15	1.21e-08	1.17e-03	9.99e-01
 9.49613e+15	1.42e-08	1.26e-03	9.99e-01
 9.76162e+15	1.59e-08	1.34e-03	9.99e-01
 1.00394e+16	1.79e-08	1.43e-03	9.99e-01
 1.04004e+16	2.05e-08	1.55e-03	9.98e-01
 1.07746e+16	2.43e-08	1.68e-03	9.98e-01
 1.10919e+16	2.74e-08	1.80e-03	9.98e-01
 1.14302e+16	3.11e-08	1.93e-03	9.98e-01
 1.18538e+16	3.58e-08	2.10e-03	9.98e-01
 1.22772e+16	4.26e-08	2.28e-03	9.98e-01
 1.26327e+16	4.81e-08	2.44e-03	9.98e-01
 1.30112e+16	5.48e-08	2.62e-03	9.97e-01
 1.34897e+16	6.30e-08	2.86e-03	9.97e-01
 1.39770e+16	7.54e-08	3.12e-03	9.97e-01
 1.43743e+16	8.51e-08	3.34e-03	9.97e-01
 1.47756e+16	9.62e-08	3.58e-03	9.96e-01
 1.52973e+16	1.11e-07	3.92e-03	9.96e-01
 1.58311e+16	1.33e-07	4.29e-03	9.96e-01
 1.62161e+16	1.49e-07	4.57e-03	9.95e-01
 1.65521e+16	1.64e-07	4.84e-03	9.95e-01
 1.69889e+16	1.86e-07	5.21e-03	9.95e-01
 1.74533e+16	2.14e-07	5.63e-03	9.94e-01
 1.78566e+16	2.38e-07	6.01e-03	9.94e-01
 1.82841e+16	2.67e-07	6.47e-03	9.94e-01
 1.88399e+16	3.21e-07	7.13e-03	9.93e-01
 1.93634e+16	3.69e-07	7.78e-03	9.92e-01
 1.97416e+16	4.11e-07	8.32e-03	9.92e-01
 2.01301e+16	4.58e-07	8.93e-03	9.91e-01
 2.06352e+16	5.45e-07	9.83e-03	9.90e-01
 2.11395e+16	6.22e-07	1.08e-02	9.89e-01
 2.15379e+16	7.20e-07	1.17e-02	9.88e-01
 2.18816e+16	8.04e-07	1.25e-02	9.87e-01
 2.22593e+16	9.10e-07	1.36e-02	9.86e-01
 2.26757e+16	1.06e-06	1.49e-02	9.85e-01
 2.30475e+16	1.19e-06	1.62e-02	9.84e-01
 2.33799e+16	1.36e-06	1.76e-02	9.82e-01
 2.37039e+16	1.55e-06	1.91e-02	9.81e-01
 2.40733e+16	1.78e-06	2.12e-02	9.79e-01
 2.44591e+16	2.10e-06	2.37e-02	9.76e-01
 2.47743e+16	2.43e-06	2.61e-02	9.74e-01
 2.50392e+16	2.84e-06	2.85e-02	9.72e-01
 2.52908e+16	3.20e-06	3.11e-02	9.69e-01
 2.55781e+16	3.70e-06	3.46e-02	9.65e-01
 2.58856e+16	4.41e-06	3.91e-02	9.61e-01
 2.61441e+16	5.29e-06	4.38e-02	9.56e-01
 2.63521e+16	6.13e-06	4.83e-02	9.52e-01
 2.65405e+16	6.96e-06	5.31e-02	9.47e-01
 2.67564e+16	8.23e-06	5.97e-02	9.40e-01
 2.69847e+16	9.90e-06	6.81e-02	9.32e-01
 2.71740e+16	1.15e-05	7.66e-02	9.23e-01
 2.73334e+16	1.36e-05	8.55e-02	9.15e-01
 2.74820e+16	1.56e-05	9.52e-02	9.05e-01
 2.76478e+16	1.91e-05	1.09e-01	8.91e-01
 2.78131e+16	2.29e-05	1.25e-01	8.75e-01
 2.79421e+16	2.70e-05	1.40e-01	8.60e-01
 2.80517e+16	3.10e-05	1.56e-01	8.44e-01
 2.81719e+16	3.68e-05	1.76e-01	8.24e-01
 2.82993e+16	4.42e-05	2.02e-01	7.98e-01
 2.84058e+16	5.15e-05	2.28e-01	7.72e-01
 2.84944e+16	6.00e-05	2.53e-01	7.47e-01
 2.85610e+16	6.67e-05	2.74e-01	7.26e-01
 2.86187e+16	7.32e-05	2.94e-01	7.06e-01
 2.86937e+16	8.40e-05	3.23e-01	6.77e-01
 2.87653e+16	9.45e-05	3.53e-01	6.47e-01
 2.88206e+16	1.04e-04	3.79e-01	6.21e-01
 2.88804e+16	1.15e-04	4.09e-01	5.91e-01
 2.89478e+16	1.30e-04	4.44e-01	5.56e-01
 2.90112e+16	1.44e-04	4.78e-01	5.22e-01
 2.90698e+16	1.58e-04	5.12e-01	4.88e-01
 2.91363e+16	1.77e-04	5.51e-01	4.49e-01
 2.92098e+16	1.97e-04	5.94e-01	4.05e-01
 2.92794e+16	2.17e-04	6.35e-01	3.65e-01
 2.93570e+16	2.41e-04	6.79e-01	3.21e-01
 2.94437e+16	2.67e-04	7.24e-01	2.75e-01
 2.95284e+16	2.93e-04	7.65e-01	2.35e-01
 2.96249e+16	3.20e-04	8.06e-01	1.94e-01
 2.97504e+16	3.54e-04	8.49e-01	1.50e-01
 2.98904e+16	3.87e-04	8.86e-01	1.13e-01
 3.00493e+16	4.19e-04	9.17e-01	8.24e-02
 3.02558e+16	4.56e-04	9.44e-01	5.54e-02
 3.05243e+16	4.96e-04	9.65e-01	3.43e-02
 3.08252e+16	5.36e-04	9.78e-01	2.12e-02
 3.11187e+16	5.75e-04	9.85e-01	1.40e-02
 3.14070e+16	6.15e-04	9.90e-01	9.58e-03
 3.16946e+16	6.59e-04	9.93e-01	6.79e-03
 3.19747e+16	7.07e-04	9.94e-01	4.99e-03
 3.22381e+16	7.61e-04	9.95e-01	3.80e-03
 3.24311e+16	8.05e-04	9.96e-01	3.19e-03
 3.25440e+16	8.33e-04	9.96e-01	2.88e-03
 3.26513e+16	8.61e-04	9.97e-01	2.60e-03
 3.27907e+16	9.02e-04	9.97e-01	2.28e-03
 3.29464e+16	9.50e-04	9.97e-01	1.99e-03
 3.30858e+16	1.00e-03	9.97e-01	1.77e-03
 3.32034e+16	1.05e-03	9.97e-01	1.60e-03
 3.33301e+16	1.10e-03	9.97e-01	1.44e-03
 3.34550e+16	1.16e-03	9.98e-01	1.30e-03
 3.35466e+16	1.21e-03	9.98e-01	1.22e-03
 3.36221e+16	1.25e-03	9.98e-01	1.15e-03
 3.37075e+16	1.30e-03	9.98e-01	1.07e-03
 3.38186e+16	1.38e-03	9.98e-01	9.80e-04
 3.39277e+16	1.46e-03	9.98e-01	9.05e-04
 3.40068e+16	1.52e-03	9.98e-01	8.56e-04
 3.40708e+16	1.57e-03	9.98e-01	8.16e-04
 3.41426e+16	1.64e-03	9.98e-01	7.72e-04
 3.42360e+16	1.74e-03	9.98e-01	7.20e-04
 3.43284e+16	1.84e-03	9.97e-01	6.76e-04
 3.43964e+16	1.93e-03	9.97e-01	6.45e-04
 3.44522e+16	2.00e-03	9.97e-01	6.20e-04
 3.45156e+16	2.10e-03	9.97e-01	5.91e-04
 3.45981e+16	2.23e-03	9.97e-01	5.57e-04
 3.46789e+16	2.38e-03	9.97e-01	5.28e-04
 3.47377e+16	2.49e-03	9.97e-01	5.08e-04
 3.47863e+16	2.60e-03	9.97e-01	4.92e-04
 3.48415e+16	2.73e-03	9.97e-01	4.73e-04
 3.49132e+16	2.91e-03	9.97e-01	4.49e-04
 3.49844e+16	3.13e-03	9.96e-01	4.29e-04
 3.50371e+16	3.30e-03	9.96e-01	4.15e-04
 3.50809e+16	3.45e-03	9.96e-01	4.03e-04
 3.51305e+16	3.65e-03	9.96e-01	3.90e-04
 3.51950e+16	3.93e-03	9.96e-01	3.73e-04
 3.52597e+16	4.27e-03	9.95e-01	3.58e-04
 3.53093e+16	4.56e-03	9.95e-01	3.47e-04
 3.53583e+16	4.87e-03	9.95e-01	3.36e-04
 3.54220e+16	5.35e-03	9.94e-01	3.22e-04
 3.54870e+16	5.93e-03	9.94e-01	3.09e-04
 3.55376e+16	6.49e-03	9.93e-01	2.99e-04
 3.55792e+16	6.99e-03	9.93e-01	2.93e-04
 3.56250e+16	7.65e-03	9.92e-01	2.84e-04
 3.56743e+16	8.48e-03	9.91e-01	2.76e-04
 3.57155e+16	9.33e-03	9.90e-01	2.69e-04
 3.57488e+16	1.01e-02	9.90e-01	2.64e-04
 3.57842e+16	1.11e-02	9.89e-01	2.59e-04
 3.58231e+16	1.24e-02	9.87e-01	2.53e-04
 3.58568e+16	1.37e-02	9.86e-01	2.49e-04
 3.58847e+16	1.49e-02	9.85e-01	2.47e-04
 3.59144e+16	1.65e-02	9.83e-01	2.44e-04
 3.59470e+16	1.85e-02	9.81e-01	2.41e-04
 3.59754e+16	2.07e-02	9.79e-01	2.39e-04
 3.59988e+16	2.29e-02	9.77e-01	2.36e-04
 3.60205e+16	2.52e-02	9.75e-01	2.37e-04
 3.60453e+16	2.83e-02	9.72e-01	2.36e-04
 3.60717e+16	3.22e-02	9.68e-01	2.36e-04
 3.60935e+16	3.63e-02	9.63e-01	2.36e-04
 3.61110e+16	4.00e-02	9.60e-01	2.39e-04
 3.61296e+16	4.47e-02	9.55e-01	2.40e-04
 3.61497e+16	5.05e-02	9.49e-01	2.43e-04
 3.61673e+16	5.67e-02	9.43e-01	2.46e-04
 3.61824e+16	6.27e-02	9.37e-01	2.51e-04
 3.61969e+16	6.97e-02	9.30e-01	2.55e-04
 3.62118e+16	7.74e-02	9.22e-01	2.61e-04
 3.62256e+16	8.60e-02	9.14e-01	2.66e-04
 3.62382e+16	9.50e-02	9.05e-01	2.71e-04
 3.62500e+16	1.04e-01	8.96e-01	2.78e-04
 3.62608e+16	1.14e-01	8.86e-01	2.84e-04
 3.62705e+16	1.23e-01	8.76e-01	2.90e-04
 3.62781e+16	1.31e-01	8.68e-01	2.94e-04
 3.62832e+16	1.37e-01	8.63e-01	2.98e-04
 3.62879e+16	1.43e-01	8.57e-01	3.01e-04
 3.62934e+16	1.50e-01	8.50e-01	3.05e-04
 3.62993e+16	1.58e-01	8.41e-01	3.09e-04
 3.63050e+16	1.66e-01	8.33e-01	3.13e-04
 3.63103e+16	1.74e-01	8.26e-01	3.18e-04
 3.63156e+16	1.83e-01	8.17e-01	3.21e-04
 3.63209e+16	1.92e-01	8.08e-01	3.26e-04
 3.63261e+16	2.01e-01	7.99e-01	3.30e-04
 3.63312e+16	2.11e-01	7.89e-01	3.35e-04
 3.63363e+16	2.21e-01	7.79e-01	3.38e-04
 3.63413e+16	2.31e-01	7.69e-01	3.43e-04
 3.63463e+16	2.42e-01	7.58e-01	3.48e-04
 3.63513e+16	2.53e-01	7.46e-01	3.52e-04
 3.63561e+16	2.65e-01	7.35e-01	3.56e-04
 3.63609e+16	2.77e-01	7.23e-01	3.60e-04
 3.63656e+16	2.89e-01	7.11e-01	3.64e-04
 3.63703e+16	3.02e-01	6.98e-01	3.68e-04
 3.63750e+16	3.15e-01	6.85e-01	3.72e-04
 3.63795e+16	3.28e-01	6.72e-01	3.76e-04
 3.63840e+16	3.42e-01	6.58e-01	3.79e-04
 3.63884e+16	3.56e-01	6.44e-01	3.83e-04
 3.63928e+16	3.70e-01	6.30e-01	3.86e-04
 3.63972e+16	3.85e-01	6.15e-01	3.88e-04
 3.64014e+16	3.99e-01	6.00e-01	3.91e-04
 3.64056e+16	4.14e-01	5.86e-01	3.94e-04
 3.64097e+16	4.29e-01	5.71e-01	3.96e-04
 3.64139e+16	4.44e-01	5.55e-01	3.98e-04
 3.64179e+16	4.59e-01	5.40e-01	4.00e-04
 3.64218e+16	4.74e-01	5.25e-01	4.01e-04
 3.64257e+16	4.89e-01	5.10e-01	4.03e-04
 3.64296e+16	5.04e-01	4.95e-01	4.03e-04
 3.64332e+16	5.19e-01	4.81e-01	4.04e-04
 3.64368e+16	5.33e-01	4.67e-01	4.05e-04
 3.64404e+16	5.47e-01	4.52e-01	4.05e-04
 3.64439e+16	5.62e-01	4.38e-01	4.04e-04
 3.64473e+16	5.75e-01	4.24e-01	4.03e-04
 3.64507e+16	5.89e-01	4.11e-01	4.02e-04
 3.64539e+16	6.02e-01	3.97e-01	4.01e-04
 3.64571e+16	6.15e-01	3.84e-01	3.99e-04
 3.64603e+16	6.28e-01	3.72e-01	3.98e-04
 3.64634e+16	6.40e-01	3.60e-01	3.96e-04
 3.64664e+16	6.52e-01	3.48e-01	3.94e-04
 3.64694e+16	6.64e-01	3.36e-01	3.91e-04
 3.64723e+16	6.75e-01	3.25e-01	3.89e-04
 3.64752e+16	6.86e-01	3.14e-01	3.86e-04
 3.64781e+16	6.97e-01	3.03e-01	3.83e-04
 3.64809e+16	7.07e-01	2.92e-01	3.80e-04
 3.64837e+16	7.17e-01	2.82e-01	3.77e-04
 3.64864e+16	7.27e-01	2.72e-01	3.73e-04
 3.64891e+16	7.37e-01	2.63e-01	3.70e-04
 3.64917e+16	7.46e-01	2.54e-01	3.66e-04
 3.64944e+16	7.55e-01	2.45e-01	3.62e-04
 3.64970e+16	7.64e-01	2.36e-01	3.57e-04
 3.64992e+16	7.71e-01	2.29e-01	3.54e-04
 3.65008e+16	7.76e-01	2.24e-01	3.50e-04
 3.65024e+16	7.81e-01	2.18e-01	3.47e-04
 3.65040e+16	7.86e-01	2.13e-01	3.44e-04
 3.65056e+16	7.92e-01	2.08e-01	3.40e-04
 3.65072e+16	7.96e-01	2.03e-01	3.37e-04
 3.65087e+16	8.01e-01	1.98e-01	3.34e-04
 3.65102e+16	8.06e-01	1.94e-01	3.31e-04
 3.65117e+16	8.10e-01	1.90e-01	3.27e-04
 3.65131e+16	8.14e-01	1.85e-01	3.24e-04
 3.65146e+16	8.18e-01	1.81e-01	3.21e-04
 3.65159e+16	8.22e-01	1.77e-01	3.18e-04
 3.65173e+16	8.26e-01	1.74e-01	3.15e-04
 3.65187e+16	8.30e-01	1.70e-01	3.11e-04
 3.65201e+16	8.34e-01	1.66e-01	3.08e-04
 3.65215e+16	8.37e-01	1.62e-01	3.05e-04
 3.65229e+16	8.41e-01	1.59e-01	3.01e-04
 3.65243e+16	8.45e-01	1.55e-01	2.98e-04
 3.65257e+16	8.48e-01	1.51e-01	2.94e-04
 3.65272e+16	8.52e-01	1.48e-01	2.90e-04
 3.65288e+16	8.56e-01	1.44e-01	2.87e-04
 3.65305e+16	8.60e-01	1.40e-01	2.82e-04
 3.65324e+16	8.64e-01	1.35e-01	2.77e-04
 3.65346e+16	8.69e-01	1.30e-01	2.71e-04
 3.65369e+16	8.74e-01	1.25e-01	2.66e-04
 3.65390e+16	8.79e-01	1.21e-01	2.60e-04
 3.65410e+16	8.83e-01	1.17e-01	2.54e-04
 3.65429e+16	8.87e-01	1.13e-01	2.48e-04
 3.65448e+16	8.91e-01	1.09e-01	2.42e-04
 3.65466e+16	8.94e-01	1.06e-01	2.37e-04
 3.65483e+16	8.97e-01	1.02e-01	2.32e-04
 3.65497e+16	9.00e-01	9.97e-02	2.27e-04
 3.65511e+16	9.03e-01	9.72e-02	2.23e-04
 3.65523e+16	9.05e-01	9.49e-02	2.19e-04
 3.65534e+16	9.07e-01	9.29e-02	2.15e-04
 3.65544e+16	9.09e-01	9.11e-02	2.11e-04
 3.65554e+16	9.10e-01	8.95e-02	2.08e-04
 3.65564e+16	9.12e-01	8.77e-02	2.05e-04
 3.65575e+16	9.14e-01	8.58e-02	2.01e-04
 3.65585e+16	9.16e-01	8.42e-02	1.98e-04
 3.65594e+16	9.17e-01	8.27e-02	1.94e-04
 3.65602e+16	9.18e-01	8.13e-02	1.92e-04
 3.65611e+16	9.20e-01	7.98e-02	1.89e-04
 3.65621e+16	9.22e-01	7.83e-02	1.85e-04
 3.65630e+16	9.23e-01	7.69e-02	1.82e-04
 3.65638e+16	9.24e-01	7.56e-02	1.79e-04
 3.65645e+16	9.25e-01	7.45e-02	1.77e-04
 3.65653e+16	9.27e-01	7.32e-02	1.74e-04
 3.65662e+16	9.28e-01	7.19e-02	1.71e-04
 3.65670e+16	9.29e-01	7.07e-02	1.68e-04
 3.65677e+16	9.30e-01	6.96e-02	1.65e-04
 3.65685e+16	9.31e-01	6.84e-02	1.63e-04
 3.65693e+16	9.33e-01	6.72e-02	1.60e-04
 3.65701e+16	9.34e-01	6.61e-02	1.57e-04
 3.65708e+16	9.35e-01	6.51e-02	1.55e-04
 3.65715e+16	9.36e-01	6.41e-02	1.52e-04
 3.65722e+16	9.37e-01	6.31e-02	1.50e-04
 3.65729e+16	9.38e-01	6.21e-02	1.47e-04
 3.65736e+16	9.39e-01	6.11e-02	1.45e-04
 3.65742e+16	9.40e-01	6.02e-02	1.43e-04
 3.65749e+16	9.41e-01	5.93e-02	1.40e-04
 3.65757e+16	9.42e-01	5.83e-02	1.38e-04
 3.65764e+16	9.42e-01	5.74e-02	1.36e-04
 3.65770e+16	9.43e-01	5.66e-02	1.33e-04
 3.65775e+16	9.44e-01	5.59e-02	1.32e-04
 3.65782e+16	9.45e-01	5.51e-02	1.30e-04
 3.65788e+16	9.46e-01	5.43e-02	1.28e-04
 3.65794e+16	9.46e-01	5.35e-02	1.25e-04
 3.65800e+16	9.47e-01	5.28e-02	1.24e-04
 3.65806e+16	9.48e-01	5.21e-02	1.22e-04
 3.65812e+16	9.49e-01	5.13e-02	1.20e-04
 3.65818e+16	9.49e-01	5.06e-02	1.18e-04
 3.65825e+16	9.50e-01	4.98e-02	1.16e-04
 3.65832e+16	9.51e-01	4.91e-02	1.14e-04
 3.65838e+16	9.52e-01	4.84e-02	1.12e-04
 3.65844e+16	9.52e-01	4.77e-02	1.11e-04
 3.65850e+16	9.53e-01	4.70e-02	1.09e-04
 3.65857e+16	9.54e-01	4.63e-02	1.07e-04
 3.65863e+16	9.54e-01	4.56e-02	1.05e-04
 3.65870e+16	9.55e-01	4.49e-02	1.03e-04
 3.65877e+16	9.56e-01	4.42e-02	1.02e-04
 3.65884e+16	9.56e-01	4.35e-02	1.00e-04
 3.65891e+16	9.57e-01	4.28e-02	9.83e-05
 3.65899e+16	9.58e-01	4.21e-02	9.65e-05
 3.65907e+16	9.58e-01	4.15e-02	9.48e-05
 3.65913e+16	9.59e-01	4.09e-02	9.36e-05
 3.65920e+16	9.60e-01	4.03e-02	9.19e-05
 3.65928e+16	9.60e-01	3.96e-02	9.03e-05
 3.65935e+16	9.61e-01	3.90e-02	8.88e-05
 3.65943e+16	9.62e-01	3.84e-02	8.73e-05
 3.65951e+16	9.62e-01	3.77e-02	8.57e-05
 3.65959e+16	9.63e-01	3.71e-02	8.42e-05
 3.65967e+16	9.63e-01	3.65e-02	8.27e-05
 3.65976e+16	9.64e-01	3.59e-02	8.11e-05
 3.65985e+16	9.65e-01	3.53e-02	7.97e-05
 3.65992e+16	9.65e-01	3.48e-02	7.86e-05
 3.66000e+16	9.66e-01	3.42e-02	7.71e-05
 3.66009e+16	9.66e-01	3.36e-02	7.57e-05
 3.66017e+16	9.67e-01	3.31e-02	7.45e-05
 3.66026e+16	9.67e-01	3.26e-02	7.31e-05
 3.66035e+16	9.68e-01	3.20e-02	7.18e-05
 3.66044e+16	9.68e-01	3.15e-02	7.06e-05
 3.66054e+16	9.69e-01	3.09e-02	6.92e-05
 3.66064e+16	9.70e-01	3.04e-02	6.79e-05
 3.66073e+16	9.70e-01	2.99e-02	6.68e-05
 3.66083e+16	9.71e-01	2.94e-02	6.54e-05
 3.66094e+16	9.71e-01	2.88e-02	6.42e-05
 3.66104e+16	9.72e-01	2.84e-02	6.31e-05
 3.66115e+16	9.72e-01	2.78e-02	6.18e-05
 3.66127e+16	9.73e-01	2.73e-02	6.06e-05
 3.66138e+16	9.73e-01	2.68e-02	5.95e-05
 3.66150e+16	9.74e-01	2.63e-02	5.83e-05
 3.66163e+16	9.74e-01	2.58e-02	5.71e-05
 3.66174e+16	9.75e-01	2.54e-02	5.61e-05
 3.66187e+16	9.75e-01	2.49e-02	5.49e-05
 3.66201e+16	9.76e-01	2.44e-02	5.38e-05
 3.66213e+16	9.76e-01	2.40e-02	5.29e-05
 3.66227e+16	9.76e-01	2.36e-02	5.18e-05
 3.66245e+16	9.77e-01	2.30e-02	5.04e-05
 3.66264e+16	9.78e-01	2.24e-02	4.92e-05
 3.66282e+16	9.78e-01	2.20e-02	4.81e-05
 3.66297e+16	9.78e-01	2.16e-02	4.72e-05
 3.66315e+16	9.79e-01	2.11e-02	4.61e-05
 3.66334e+16	9.79e-01	2.07e-02	4.51e-05
 3.66351e+16	9.80e-01	2.03e-02	4.43e-05
 3.66370e+16	9.80e-01	1.99e-02	4.33e-05
 3.66394e+16	9.81e-01	1.94e-02	4.22e-05
 3.66421e+16	9.81e-01	1.90e-02	4.12e-05
 3.66445e+16	9.81e-01	1.86e-02	4.03e-05
 3.66471e+16	9.82e-01	1.82e-02	3.93e-05
 3.66499e+16	9.82e-01	1.78e-02	3.84e-05
 3.66525e+16	9.83e-01	1.75e-02	3.76e-05
 3.66553e+16	9.83e-01	1.71e-02	3.68e-05
 3.66590e+16	9.83e-01	1.67e-02	3.58e-05
 3.66630e+16	9.84e-01	1.63e-02	3.50e-05
 3.66666e+16	9.84e-01	1.60e-02	3.43e-05
 3.66706e+16	9.84e-01	1.57e-02	3.35e-05
 3.66757e+16	9.85e-01	1.54e-02	3.27e-05
 3.66813e+16	9.85e-01	1.51e-02	3.20e-05
 3.66874e+16	9.85e-01	1.47e-02	3.12e-05
 3.66953e+16	9.86e-01	1.44e-02	3.04e-05
 3.67039e+16	9.86e-01	1.42e-02	2.97e-05
 3.67132e+16	9.86e-01	1.39e-02	2.90e-05
 3.67254e+16	9.86e-01	1.36e-02	2.82e-05
 3.67413e+16	9.87e-01	1.33e-02	2.74e-05
 3.67619e+16	9.87e-01	1.31e-02	2.66e-05
 3.67886e+16	9.87e-01	1.28e-02	2.56e-05
 3.68234e+16	9.88e-01	1.25e-02	2.44e-05
 3.68610e+16	9.88e-01	1.22e-02	2.34e-05
 3.69022e+16	9.88e-01	1.18e-02	2.23e-05
 3.69466e+16	9.88e-01	1.15e-02	2.12e-05
 3.69871e+16	9.89e-01	1.13e-02	2.03e-05
 3.70314e+16	9.89e-01	1.10e-02	1.93e-05
 3.70793e+16	9.89e-01	1.07e-02	1.83e-05
 3.71228e+16	9.90e-01	1.04e-02	1.75e-05
 3.71705e+16	9.90e-01	1.01e-02	1.66e-05
 3.72220e+16	9.90e-01	9.85e-03	1.57e-05
 3.72689e+16	9.90e-01	9.61e-03	1.50e-05
 3.73203e+16	9.91e-01	9.34e-03	1.42e-05
 3.73757e+16	9.91e-01	9.07e-03	1.34e-05
 3.74262e+16	9.91e-01	8.84e-03	1.27e-05
 3.74815e+16	9.91e-01	8.58e-03	1.20e-05
 3.75412e+16	9.92e-01	8.32e-03	1.13e-05
 3.76066e+16	9.92e-01	8.04e-03	1.06e-05
 3.76888e+16	9.92e-01	7.70e-03	9.75e-06
 3.77801e+16	9.93e-01	7.36e-03	8.94e-06
 3.78728e+16	9.93e-01	7.04e-03	8.19e-06
 3.79683e+16	9.93e-01	6.73e-03	7.49e-06
 3.80680e+16	9.94e-01	6.42e-03	6.84e-06
 3.81716e+16	9.94e-01	6.12e-03	6.23e-06
 3.82782e+16	9.94e-01	5.83e-03	5.66e-06
 3.83867e+16	9.94e-01	5.56e-03	5.15e-06
 3.84971e+16	9.95e-01	5.30e-03	4.68e-06
 3.86097e+16	9.95e-01	5.05e-03	4.26e-06
 3.87247e+16	9.95e-01	4.81e-03	3.86e-06
 3.88421e+16	9.95e-01	4.58e-03	3.51e-06
 3.89618e+16	9.96e-01	4.36e-03	3.18e-06
 3.90837e+16	9.96e-01	4.14e-03	2.88e-06
 3.92080e+16	9.96e-01	3.94e-03	2.61e-06
 3.93348e+16	9.96e-01	3.75e-03	2.36e-06
 3.94640e+16	9.96e-01	3.57e-03	2.14e-06
 3.95938e+16	9.97e-01	3.39e-03	1.93e-06
 3.97256e+16	9.97e-01	3.22e-03	1.75e-06
 3.98624e+16	9.97e-01	3.06e-03	1.58e-06
 4.00026e+16	9.97e-01	2.90e-03	1.42e-06
 4.01453e+16	9.97e-01	2.76e-03	1.28e-06
 4.02906e+16	9.97e-01	2.61e-03	1.15e-06
 4.04386e+16	9.98e-01	2.48e-03	1.03e-06
 4.05896e+16	9.98e-01	2.35e-03	9.27e-07
 4.07438e+16	9.98e-01	2.22e-03	8.31e-07
 4.09012e+16	9.98e-01	2.10e-03	7.44e-07
 4.10620e+16	9.98e-01	1.99e-03	6.65e-07
 4.12264e+16	9.98e-01	1.88e-03	5.94e-07
 4.13943e+16	9.98e-01	1.78e-03	5.30e-07
 4.15659e+16	9.98e-01	1.68e-03	4.71e-07
 4.17414e+16	9.98e-01	1.58e-03	4.19e-07
 4.19209e+16	9.99e-01	1.49e-03	3.72e-07
 4.21047e+16	9.99e-01	1.40e-03	3.30e-07
 4.22930e+16	9.99e-01	1.32e-03	2.91e-07
 4.24859e+16	9.99e-01	1.24e-03	2.57e-07
 4.26837e+16	9.99e-01	1.17e-03	2.27e-07
 4.28868e+16	9.99e-01	1.10e-03	1.99e-07
 4.30955e+16	9.99e-01	1.03e-03	1.74e-07
 4.33100e+16	9.99e-01	9.63e-04	1.53e-07
 4.35308e+16	9.99e-01	9.01e-04	1.33e-07
 4.37583e+16	9.99e-01	8.42e-04	1.16e-07
 4.39893e+16	9.99e-01	7.86e-04	1.01e-07
 4.42257e+16	9.99e-01	7.34e-04	8.71e-08
 4.44743e+16	9.99e-01	6.82e-04	7.50e-08
 4.47350e+16	9.99e-01	6.33e-04	6.41e-08
 4.50049e+16	9.99e-01	5.86e-04	5.46e-08
 4.52844e+16	9.99e-01	5.42e-04	4.64e-08
 4.55755e+16	1.00e+00	4.99e-04	3.91e-08
 4.58805e+16	1.00e+00	4.59e-04	3.27e-08
 4.62004e+16	1.00e+00	4.20e-04	2.72e-08
 4.65354e+16	1.00e+00	3.84e-04	2.25e-08
 4.68881e+16	1.00e+00	3.49e-04	1.84e-08
 4.72637e+16	1.00e+00	3.16e-04	1.49e-08
 4.76639e+16	1.00e+00	2.84e-04	1.19e-08
 4.80890e+16	1.00e+00	2.54e-04	9.36e-09
 4.85447e+16	1.00e+00	2.25e-04	7.27e-09
 4.90383e+16	1.00e+00	1.98e-04	5.53e-09
 4.95778e+16	1.00e+00	1.71e-04	4.09e-09
 5.01925e+16	1.00e+00	1.46e-04	2.92e-09
 5.08651e+16	1.00e+00	1.23e-04	2.04e-09
 5.15786e+16	1.00e+00	1.02e-04	1.38e-09
 5.24127e+16	1.00e+00	8.14e-05	8.72e-10
 5.34141e+16	1.00e+00	6.22e-05	5.06e-10
 5.45113e+16	1.00e+00	4.65e-05	2.82e-10
 5.56234e+16	1.00e+00	3.46e-05	1.57e-10
 5.67446e+16	1.00e+00	2.58e-05	8.78e-11
 5.79051e+16	1.00e+00	1.90e-05	4.83e-11
 5.91292e+16	1.00e+00	1.38e-05	2.60e-11
 6.04199e+16	1.00e+00	9.96e-06	1.37e-11
 6.17831e+16	1.00e+00	7.07e-06	7.02e-12
 6.32344e+16	1.00e+00	4.95e-06	3.51e-12
 6.47671e+16	1.00e+00	3.42e-06	1.72e-12
 6.63332e+16	1.00e+00	2.38e-06	8.47e-13
 6.78993e+16	1.00e+00	1.67e-06	4.25e-13
 6.94654e+16	1.00e+00	1.17e-06	2.16e-13
 7.10315e+16	1.00e+00	8.39e-07	1.12e-13
 7.25976e+16	1.00e+00	6.02e-07	5.91e-14
 7.41637e+16	1.00e+00	4.37e-07	3.17e-14
 7.57298e+16	1.00e+00	3.20e-07	1.72e-14
 7.72959e+16	1.00e+00	2.36e-07	9.51e-15
 7.88619e+16	1.00e+00	1.75e-07	5.32e-15
 8.06629e+16	1.00e+00	1.25e-07	2.73e-15
 8.27295e+16	1.00e+00	8.59e-08	1.32e-15
 8.48268e+16	1.00e+00	5.97e-08	6.45e-16
 8.69240e+16	1.00e+00	4.20e-08	3.22e-16
 8.91961e+16	1.00e+00	2.88e-08	1.54e-16
 9.16548e+16	1.00e+00	1.96e-08	7.14e-17
 9.41254e+16	1.00e+00	1.34e-08	3.39e-17
 9.66890e+16	1.00e+00	9.15e-09	1.59e-17
 9.93846e+16	1.00e+00	6.21e-09	7.39e-18
 1.02159e+17	1.00e+00	4.22e-09	3.44e-18
 1.04988e+17	1.00e+00	2.88e-09	1.61e-18
 1.07830e+17	1.00e+00	1.99e-09	7.72e-19
 1.10672e+17	1.00e+00	1.39e-09	3.77e-19
 1.13514e+17	1.00e+00	9.75e-10	1.88e-19
 1.16357e+17	1.00e+00	6.93e-10	9.50e-20
 1.19199e+17	1.00e+00	4.96e-10	4.89e-20
 1.22042e+17	1.00e+00	3.58e-10	2.56e-20
 1.24884e+17	1.00e+00	2.61e-10	1.36e-20
 1.27727e+17	1.00e+00	1.91e-10	7.33e-21
 1.30569e+17	1.00e+00	1.41e-10	0.00e+00
 1.33412e+17	1.00e+00	1.05e-10	0.00e+00
 1.36398e+17	1.00e+00	7.74e-11	0.00e+00
 1.39528e+17	1.00e+00	5.68e-11	0.00e+00
 1.42658e+17	1.00e+00	4.21e-11	0.00e+00
 1.45789e+17	1.00e+00	3.15e-11	0.00e+00
 1.49318e+17	1.00e+00	2.27e-11	0.00e+00
 1.53247e+17	1.00e+00	1.62e-11	0.00e+00
 1.57329e+17	1.00e+00	1.15e-11	0.00e+00
 1.61606e+17	1.00e+00	8.26e-12	0.00e+00
 1.65987e+17	1.00e+00	6.03e-12	0.00e+00
 1.70452e+17	1.00e+00	4.50e-12	0.00e+00
 1.75025e+17	1.00e+00	3.45e-12	0.00e+00
 1.79685e+17	1.00e+00	2.72e-12	0.00e+00
 1.84345e+17	1.00e+00	2.23e-12	0.00e+00
 1.89006e+17	1.00e+00	1.90e-12	0.00e+00
 1.93859e+17	1.00e+00	1.66e-12	0.00e+00
 1.98989e+17	1.00e+00	1.46e-12	0.00e+00
 2.04127e+17	1.00e+00	1.32e-12	0.00e+00
 2.09110e+17	1.00e+00	1.25e-12	0.00e+00
 2.13955e+17	1.00e+00	1.21e-12	0.00e+00
 2.18695e+17	1.00e+00	1.18e-12	0.00e+00
 2.23324e+17	1.00e+00	1.17e-12	0.00e+00
 2.27808e+17	1.00e+00	1.16e-12	0.00e+00
 2.32122e+17	1.00e+00	1.16e-12	0.00e+00
 2.36251e+17	1.00e+00	1.16e-12	0.00e+00
 2.40194e+17	1.00e+00	1.17e-12	0.00e+00
 2.43951e+17	1.00e+00	1.19e-12	0.00e+00
 2.47523e+17	1.00e+00	1.20e-12	0.00e+00
 2.50915e+17	1.00e+00	1.21e-12	0.00e+00
 2.54127e+17	1.00e+00	1.23e-12	0.00e+00
 2.57165e+17	1.00e+00	1.24e-12	0.00e+00
 2.60038e+17	1.00e+00	1.26e-12	0.00e+00
 2.62751e+17	1.00e+00	1.27e-12	0.00e+00
 2.65315e+17	1.00e+00	1.29e-12	0.00e+00
 2.67738e+17	1.00e+00	1.30e-12	0.00e+00
 2.70025e+17	1.00e+00	1.31e-12	0.00e+00
 2.72185e+17	1.00e+00	1.33e-12	0.00e+00
 2.74226e+17	1.00e+00	1.34e-12	0.00e+00
 2.76155e+17	1.00e+00	1.35e-12	0.00e+00
 2.77979e+17	1.00e+00	1.36e-12	0.00e+00
 2.79704e+17	1.00e+00	1.37e-12	0.00e+00
 2.81336e+17	1.00e+00	1.38e-12	0.00e+00
 2.82881e+17	1.00e+00	1.39e-12	0.00e+00
 2.84342e+17	1.00e+00	1.40e-12	0.00e+00
 2.85727e+17	1.00e+00	1.41e-12	0.00e+00
 2.87039e+17	1.00e+00	1.41e-12	0.00e+00
 2.88284e+17	1.00e+00	1.42e-12	0.00e+00
 2.89464e+17	1.00e+00	1.43e-12	0.00e+00
 2.90584e+17	1.00e+00	1.43e-12	0.00e+00
 2.91647e+17	1.00e+00	1.44e-12	0.00e+00
 2.92656e+17	1.00e+00	1.45e-12	0.00e+00
 2.93616e+17	1.00e+00	1.45e-12	0.00e+00
 2.94528e+17	1.00e+00	1.46e-12	0.00e+00
 2.95396e+17	1.00e+00	1.46e-12	0.00e+00
 2.96223e+17	1.00e+00	1.46e-12	0.00e+00
 2.97009e+17	1.00e+00	1.47e-12	0.00e+00
 2.97760e+17	1.00e+00	1.47e-12	0.00e+00
 2.98475e+17	1.00e+00	1.48e-12	0.00e+00
 2.99158e+17	1.00e+00	1.48e-12	0.00e+00
 2.99810e+17	1.00e+00	1.48e-12	0.00e+00
 3.00434e+17	1.00e+00	1.48e-12	0.00e+00
 3.01031e+17	1.00e+00	1.49e-12	0.00e+00
 3.01603e+17	1.00e+00	1.49e-12	0.00e+00
 3.02151e+17	1.00e+00	1.49e-12	0.00e+00
 3.02678e+17	1.00e+00	1.50e-12	0.00e+00
 3.03185e+17	1.00e+00	1.50e-12	0.00e+00
 3.03673e+17	1.00e+00	1.50e-12	0.00e+00
 3.04143e+17	1.00e+00	1.50e-12	0.00e+00
 3.04598e+17	1.00e+00	1.50e-12	0.00e+00
 3.05038e+17	1.00e+00	1.50e-12	0.00e+00
 3.05465e+17	1.00e+00	1.51e-12	0.00e+00
 3.05881e+17	1.00e+00	1.51e-12	0.00e+00
 3.06286e+17	1.00e+00	1.51e-12	0.00e+00
 3.06682e+17	1.00e+00	1.51e-12	0.00e+00
 3.07072e+17	1.00e+00	1.51e-12	0.00e+00
 3.07455e+17	1.00e+00	1.51e-12	0.00e+00
 3.07834e+17	1.00e+00	1.51e-12	0.00e+00
 3.08211e+17	1.00e+00	1.51e-12	0.00e+00
 3.08588e+17	1.00e+00	1.51e-12	0.00e+00
 3.08966e+17	1.00e+00	1.52e-12	0.00e+00
 3.09349e+17	1.00e+00	1.52e-12	0.00e+00
 3.09740e+17	1.00e+00	1.52e-12	0.00e+00
 3.10141e+17	1.00e+00	1.52e-12	0.00e+00
 3.10557e+17	1.00e+00	1.52e-12	0.00e+00
 3.10994e+17	1.00e+00	1.52e-12	0.00e+00
 3.11458e+17	1.00e+00	1.52e-12	0.00e+00
 3.11957e+17	1.00e+00	1.51e-12	0.00e+00
 3.12505e+17	1.00e+00	1.51e-12	0.00e+00
 3.13115e+17	1.00e+00	1.51e-12	0.00e+00
 3.13810e+17	1.00e+00	1.51e-12	0.00e+00
 3.14622e+17	1.00e+00	1.50e-12	0.00e+00
 3.15597e+17	1.00e+00	1.49e-12	0.00e+00
 3.16803e+17	1.00e+00	1.47e-12	0.00e+00
 3.18349e+17	1.00e+00	1.45e-12	0.00e+00
 3.20358e+17	1.00e+00	1.41e-12	0.00e+00
 3.22969e+17	1.00e+00	1.35e-12	0.00e+00
 3.26364e+17	1.00e+00	1.27e-12	0.00e+00
 3.30778e+17	1.00e+00	1.15e-12	0.00e+00
 3.36516e+17	1.00e+00	1.01e-12	0.00e+00
 3.43974e+17	1.00e+00	8.42e-13	0.00e+00
 3.53671e+17	1.00e+00	6.56e-13	0.00e+00
 3.66277e+17	1.00e+00	4.68e-13	0.00e+00
 3.80870e+17	1.00e+00	2.95e-13	0.00e+00
 3.96104e+17	1.00e+00	2.53e-13	0.00e+00
 4.11949e+17	1.00e+00	2.25e-13	0.00e+00
 4.28427e+17	1.00e+00	1.99e-13	0.00e+00
 4.45564e+17	1.00e+00	1.74e-13	0.00e+00
 4.63386e+17	1.00e+00	1.51e-13	0.00e+00
 4.81922e+17	1.00e+00	1.30e-13	0.00e+00
 5.01199e+17	1.00e+00	1.10e-13	0.00e+00
 5.21247e+17	1.00e+00	9.25e-14	0.00e+00
 5.41310e+17	1.00e+00	7.63e-14	0.00e+00
 5.59903e+17	1.00e+00	7.73e-14	0.00e+00
 5.76380e+17	1.00e+00	9.49e-14	0.00e+00
 5.91284e+17	1.00e+00	1.14e-13	0.00e+00
 6.05428e+17	1.00e+00	1.20e-13	0.00e+00
 6.19064e+17	1.00e+00	1.15e-13	0.00e+00
 6.31763e+17	1.00e+00	1.11e-13	0.00e+00
 6.42980e+17	1.00e+00	1.15e-13	0.00e+00
 6.52658e+17	1.00e+00	1.24e-13	0.00e+00
 6.61164e+17	1.00e+00	1.30e-13	0.00e+00
 6.68388e+17	1.00e+00	1.29e-13	0.00e+00
 6.73632e+17	1.00e+00	1.35e-13	0.00e+00
 6.76807e+17	1.00e+00	1.48e-13	0.00e+00
 6.78635e+17	1.00e+00	1.58e-13	0.00e+00
 6.79732e+17	1.00e+00	1.64e-13	0.00e+00
 6.80390e+17	1.00e+00	1.67e-13	0.00e+00
 6.80834e+17	1.00e+00	1.69e-13	0.00e+00
 6.81257e+17	1.00e+00	1.71e-13	0.00e+00
 6.81733e+17	1.00e+00	1.72e-13	0.00e+00
 6.82251e+17	1.00e+00	1.73e-13	0.00e+00
 6.82752e+17	1.00e+00	1.74e-13	0.00e+00
 6.83166e+17	1.00e+00	1.74e-13	0.00e+00
 6.83513e+17	1.00e+00	1.75e-13	0.00e+00
 6.83845e+17	1.00e+00	1.75e-13	0.00e+00
 6.84182e+17	1.00e+00	1.75e-13	0.00e+00
 6.84522e+17	1.00e+00	1.75e-13	0.00e+00
 6.84832e+17	1.00e+00	1.75e-13	0.00e+00
 6.85098e+17	1.00e+00	1.74e-13	0.00e+00
 6.85350e+17	1.00e+00	1.74e-13	0.00e+00
 6.85607e+17	1.00e+00	1.74e-13	0.00e+00
 6.85869e+17	1.00e+00	1.74e-13	0.00e+00
 6.86123e+17	1.00e+00	1.73e-13	0.00e+00
 6.86350e+17	1.00e+00	1.73e-13	0.00e+00
 6.86551e+17	1.00e+00	1.72e-13	0.00e+00
 6.86751e+17	1.00e+00	1.72e-13	0.00e+00
 6.86964e+17	1.00e+00	1.71e-13	0.00e+00
 6.87171e+17	1.00e+00	1.71e-13	0.00e+00
 6.87369e+17	1.00e+00	1.71e-13	0.00e+00
 6.87556e+17	1.00e+00	1.70e-13	0.00e+00
 6.87730e+17	1.00e+00	1.70e-13	0.00e+00
 6.87897e+17	1.00e+00	1.69e-13	0.00e+00
 6.88074e+17	1.00e+00	1.69e-13	0.00e+00
 6.88262e+17	1.00e+00	1.68e-13	0.00e+00
 6.88445e+17	1.00e+00	1.67e-13	0.00e+00
 6.88616e+17	1.00e+00	1.67e-13	0.00e+00
 6.88779e+17	1.00e+00	1.66e-13	0.00e+00
 6.88943e+17	1.00e+00	1.66e-13	0.00e+00
 6.89115e+17	1.00e+00	1.65e-13	0.00e+00
 6.89293e+17	1.00e+00	1.64e-13	0.00e+00
 6.89465e+17	1.00e+00	1.64e-13	0.00e+00
 6.89633e+17	1.00e+00	1.63e-13	0.00e+00
 6.89807e+17	1.00e+00	1.62e-13	0.00e+00
 6.89986e+17	1.00e+00	1.61e-13	0.00e+00
 6.90162e+17	1.00e+00	1.61e-13	0.00e+00
 6.90338e+17	1.00e+00	1.60e-13	0.00e+00
 6.90522e+17	1.00e+00	1.59e-13	0.00e+00
 6.90713e+17	1.00e+00	1.58e-13	0.00e+00
 6.90904e+17	1.00e+00	1.57e-13	0.00e+00
 6.91099e+17	1.00e+00	1.56e-13	0.00e+00
 6.91312e+17	1.00e+00	1.55e-13	0.00e+00
 6.91529e+17	1.00e+00	1.54e-13	0.00e+00
 6.91734e+17	1.00e+00	1.53e-13	0.00e+00
 6.91929e+17	1.00e+00	1.52e-13	0.00e+00
 6.92138e+17	1.00e+00	1.51e-13	0.00e+00
 6.92373e+17	1.00e+00	1.50e-13	0.00e+00
 6.92608e+17	1.00e+00	1.49e-13	0.00e+00
 6.92830e+17	1.00e+00	1.47e-13	0.00e+00
 6.93067e+17	1.00e+00	1.46e-13	0.00e+00
 6.93329e+17	1.00e+00	1.45e-13	0.00e+00
 6.93593e+17	1.00e+00	1.43e-13	0.00e+00
 6.93844e+17	1.00e+00	1.42e-13	0.00e+00
 6.94100e+17	1.00e+00	1.41e-13	0.00e+00
 6.94381e+17	1.00e+00	1.39e-13	0.00e+00
 6.94670e+17	1.00e+00	1.37e-13	0.00e+00
 6.94963e+17	1.00e+00	1.36e-13	0.00e+00
 6.95266e+17	1.00e+00	1.34e-13	0.00e+00
 6.95575e+17	1.00e+00	1.32e-13	0.00e+00
 6.95880e+17	1.00e+00	1.30e-13	0.00e+00
 6.96194e+17	1.00e+00	1.28e-13	0.00e+00
 6.96534e+17	1.00e+00	1.26e-13	0.00e+00
 6.96889e+17	1.00e+00	1.24e-13	0.00e+00
 6.97239e+17	1.00e+00	1.22e-13	0.00e+00
 6.97589e+17	1.00e+00	1.20e-13	0.00e+00
 6.97952e+17	1.00e+00	1.18e-13	0.00e+00
 6.98347e+17	1.00e+00	1.16e-13	0.00e+00
 6.98764e+17	1.00e+00	1.13e-13	0.00e+00
 6.99161e+17	1.00e+00	1.11e-13	0.00e+00
 6.99543e+17	1.00e+00	1.09e-13	0.00e+00
 6.99955e+17	1.00e+00	1.06e-13	0.00e+00
 7.00418e+17	1.00e+00	1.04e-13	0.00e+00
 7.00882e+17	1.00e+00	1.01e-13	0.00e+00
 7.01316e+17	1.00e+00	9.85e-14	0.00e+00
 7.01759e+17	1.00e+00	9.60e-14	0.00e+00
 7.02243e+17	1.00e+00	9.34e-14	0.00e+00
 7.02745e+17	1.00e+00	9.05e-14	0.00e+00
 7.03240e+17	1.00e+00	8.78e-14	0.00e+00
 7.03733e+17	1.00e+00	8.51e-14	0.00e+00
 7.04242e+17	1.00e+00	8.24e-14	0.00e+00
 7.04771e+17	1.00e+00	7.96e-14	0.00e+00
 7.05317e+17	1.00e+00	7.68e-14	0.00e+00
 7.05872e+17	1.00e+00	7.39e-14	0.00e+00
 7.06434e+17	1.00e+00	7.11e-14	0.00e+00
 7.07002e+17	1.00e+00	6.83e-14	0.00e+00
 7.07580e+17	1.00e+00	6.55e-14	0.00e+00
 7.08171e+17	1.00e+00	6.27e-14	0.00e+00
 7.08778e+17	1.00e+00	5.99e-14	0.00e+00
 7.09388e+17	1.00e+00	5.71e-14	0.00e+00
 7.10001e+17	1.00e+00	5.43e-14	0.00e+00
 7.10626e+17	1.00e+00	5.17e-14	0.00e+00
 7.11285e+17	1.00e+00	4.90e-14	0.00e+00
 7.11961e+17	1.00e+00	4.61e-14	0.00e+00
 7.12620e+17	1.00e+00	4.35e-14	0.00e+00
 7.13277e+17	1.00e+00	4.11e-14	0.00e+00
 7.13987e+17	1.00e+00	3.87e-14	0.00e+00
 7.14763e+17	1.00e+00	3.59e-14	0.00e+00
 7.15517e+17	1.00e+00	3.34e-14	0.00e+00
 7.16255e+17	1.00e+00	3.11e-14	0.00e+00
 7.17046e+17	1.00e+00	2.88e-14	0.00e+00
 7.17837e+17	1.00e+00	2.65e-14	0.00e+00
 7.18526e+17	1.00e+00	2.44e-14	0.00e+00
 7.19088e+17	1.00e+00	2.29e-14	0.00e+00
 7.19581e+17	1.00e+00	2.17e-14	0.00e+00
 7.20063e+17	1.00e+00	2.05e-14	0.00e+00
 7.20555e+17	1.00e+00	1.95e-14	0.00e+00
 7.21033e+17	1.00e+00	1.84e-14	0.00e+00
 7.21470e+17	1.00e+00	1.75e-14	0.00e+00
 7.21868e+17	1.00e+00	1.67e-14	0.00e+00
 7.22247e+17	1.00e+00	1.60e-14	0.00e+00
 7.22620e+17	1.00e+00	1.53e-14	0.00e+00
 7.22987e+17	1.00e+00	1.46e-14	0.00e+00
 7.23338e+17	1.00e+00	1.40e-14	0.00e+00
 7.23670e+17	1.00e+00	1.34e-14	0.00e+00
 7.23987e+17	1.00e+00	1.29e-14	0.00e+00
 7.24295e+17	1.00e+00	1.24e-14	0.00e+00
 7.24595e+17	1.00e+00	1.19e-14	0.00e+00
 7.24887e+17	1.00e+00	1.14e-14	0.00e+00
 7.25168e+17	1.00e+00	1.10e-14	0.00e+00
 7.25439e+17	1.00e+00	1.06e-14	0.00e+00
 7.25701e+17	1.00e+00	1.02e-14	0.00e+00
 7.25958e+17	1.00e+00	9.88e-15	0.00e+00
 7.26208e+17	1.00e+00	9.53e-15	0.00e+00
