#depth	He	He+	He+2
 1.49634e+10	1.24e-22	2.27e-10	1.00e+00
 4.54887e+10	1.39e-22	2.46e-10	1.00e+00
 7.72350e+10	1.57e-22	2.66e-10	1.00e+00
 1.10251e+11	1.78e-22	2.88e-10	1.00e+00
 1.44588e+11	2.01e-22	3.12e-10	1.00e+00
 1.80298e+11	2.27e-22	3.38e-10	1.00e+00
 2.17437e+11	2.57e-22	3.66e-10	1.00e+00
 2.56061e+11	2.91e-22	3.96e-10	1.00e+00
 2.96231e+11	3.30e-22	4.29e-10	1.00e+00
 3.38007e+11	3.74e-22	4.64e-10	1.00e+00
 3.81454e+11	4.25e-22	5.03e-10	1.00e+00
 4.26639e+11	4.83e-22	5.45e-10	1.00e+00
 4.73631e+11	5.50e-22	5.90e-10	1.00e+00
 5.22503e+11	6.27e-22	6.40e-10	1.00e+00
 5.73330e+11	7.15e-22	6.93e-10	1.00e+00
 6.26190e+11	8.17e-22	7.52e-10	1.00e+00
 6.81164e+11	9.35e-22	8.15e-10	1.00e+00
 7.38337e+11	1.07e-21	8.84e-10	1.00e+00
 7.97798e+11	1.23e-21	9.59e-10	1.00e+00
 8.59636e+11	1.41e-21	1.04e-09	1.00e+00
 9.23949e+11	1.62e-21	1.13e-09	1.00e+00
 9.90833e+11	1.87e-21	1.23e-09	1.00e+00
 1.06039e+12	2.16e-21	1.33e-09	1.00e+00
 1.13274e+12	2.49e-21	1.45e-09	1.00e+00
 1.20797e+12	2.89e-21	1.58e-09	1.00e+00
 1.28622e+12	3.35e-21	1.72e-09	1.00e+00
 1.36759e+12	3.89e-21	1.87e-09	1.00e+00
 1.45222e+12	4.53e-21	2.04e-09	1.00e+00
 1.54024e+12	5.28e-21	2.22e-09	1.00e+00
 1.63178e+12	6.18e-21	2.42e-09	1.00e+00
 1.72697e+12	7.24e-21	2.65e-09	1.00e+00
 1.82598e+12	8.51e-21	2.89e-09	1.00e+00
 1.92895e+12	1.00e-20	3.17e-09	1.00e+00
 2.03603e+12	1.19e-20	3.47e-09	1.00e+00
 2.14740e+12	1.41e-20	3.80e-09	1.00e+00
 2.26322e+12	1.67e-20	4.17e-09	1.00e+00
 2.38368e+12	2.00e-20	4.58e-09	1.00e+00
 2.50895e+12	2.39e-20	5.04e-09	1.00e+00
 2.63924e+12	2.87e-20	5.54e-09	1.00e+00
 2.77473e+12	3.46e-20	6.11e-09	1.00e+00
 2.91565e+12	4.17e-20	6.73e-09	1.00e+00
 3.06220e+12	5.04e-20	7.43e-09	1.00e+00
 3.21461e+12	6.11e-20	8.20e-09	1.00e+00
 3.37313e+12	7.40e-20	9.05e-09	1.00e+00
 3.53798e+12	8.99e-20	1.00e-08	1.00e+00
 3.70902e+12	1.09e-19	1.10e-08	1.00e+00
 3.88581e+12	1.32e-19	1.22e-08	1.00e+00
 4.06899e+12	1.60e-19	1.34e-08	1.00e+00
 4.26059e+12	1.95e-19	1.48e-08	1.00e+00
 4.46094e+12	2.36e-19	1.64e-08	1.00e+00
 4.66930e+12	2.87e-19	1.81e-08	1.00e+00
 4.88600e+12	3.48e-19	1.99e-08	1.00e+00
 5.11137e+12	4.21e-19	2.20e-08	1.00e+00
 5.34575e+12	5.09e-19	2.42e-08	1.00e+00
 5.58951e+12	6.15e-19	2.66e-08	1.00e+00
 5.84301e+12	7.43e-19	2.93e-08	1.00e+00
 6.10666e+12	8.96e-19	3.22e-08	1.00e+00
 6.38085e+12	1.08e-18	3.54e-08	1.00e+00
 6.66601e+12	1.30e-18	3.89e-08	1.00e+00
 6.96258e+12	1.56e-18	4.26e-08	1.00e+00
 7.27101e+12	1.87e-18	4.68e-08	1.00e+00
 7.59178e+12	2.24e-18	5.13e-08	1.00e+00
 7.92538e+12	2.69e-18	5.62e-08	1.00e+00
 8.27232e+12	3.22e-18	6.15e-08	1.00e+00
 8.63314e+12	3.85e-18	6.74e-08	1.00e+00
 9.00839e+12	4.59e-18	7.37e-08	1.00e+00
 9.39865e+12	5.48e-18	8.06e-08	1.00e+00
 9.80453e+12	6.54e-18	8.82e-08	1.00e+00
 1.02266e+13	7.80e-18	9.64e-08	1.00e+00
 1.06656e+13	9.28e-18	1.05e-07	1.00e+00
 1.11222e+13	1.11e-17	1.15e-07	1.00e+00
 1.15970e+13	1.32e-17	1.26e-07	1.00e+00
 1.20908e+13	1.56e-17	1.37e-07	1.00e+00
 1.26044e+13	1.86e-17	1.50e-07	1.00e+00
 1.31385e+13	2.21e-17	1.63e-07	1.00e+00
 1.36939e+13	2.62e-17	1.78e-07	1.00e+00
 1.42716e+13	3.11e-17	1.94e-07	1.00e+00
 1.48724e+13	3.69e-17	2.12e-07	1.00e+00
 1.54972e+13	4.37e-17	2.31e-07	1.00e+00
 1.61470e+13	5.18e-17	2.52e-07	1.00e+00
 1.68228e+13	6.15e-17	2.74e-07	1.00e+00
 1.75257e+13	7.28e-17	2.99e-07	1.00e+00
 1.82566e+13	8.63e-17	3.26e-07	1.00e+00
 1.90168e+13	1.02e-16	3.55e-07	1.00e+00
 1.98074e+13	1.21e-16	3.87e-07	1.00e+00
 2.06297e+13	1.43e-16	4.22e-07	1.00e+00
 2.14848e+13	1.70e-16	4.59e-07	1.00e+00
 2.23741e+13	2.01e-16	5.00e-07	1.00e+00
 2.32990e+13	2.37e-16	5.44e-07	1.00e+00
 2.42609e+13	2.81e-16	5.93e-07	1.00e+00
 2.52612e+13	3.32e-16	6.45e-07	1.00e+00
 2.63016e+13	3.92e-16	7.02e-07	1.00e+00
 2.73836e+13	4.64e-16	7.64e-07	1.00e+00
 2.85089e+13	5.48e-16	8.31e-07	1.00e+00
 2.96791e+13	6.47e-16	9.04e-07	1.00e+00
 3.08962e+13	7.64e-16	9.83e-07	1.00e+00
 3.21620e+13	9.01e-16	1.07e-06	1.00e+00
 3.34784e+13	1.06e-15	1.16e-06	1.00e+00
 3.48475e+13	1.25e-15	1.26e-06	1.00e+00
 3.62713e+13	1.48e-15	1.37e-06	1.00e+00
 3.77521e+13	1.74e-15	1.49e-06	1.00e+00
 3.92921e+13	2.05e-15	1.62e-06	1.00e+00
 4.08937e+13	2.42e-15	1.76e-06	1.00e+00
 4.25594e+13	2.84e-15	1.91e-06	1.00e+00
 4.42917e+13	3.34e-15	2.07e-06	1.00e+00
 4.60933e+13	3.93e-15	2.24e-06	1.00e+00
 4.79669e+13	4.62e-15	2.43e-06	1.00e+00
 4.99155e+13	5.44e-15	2.64e-06	1.00e+00
 5.19421e+13	6.39e-15	2.86e-06	1.00e+00
 5.40497e+13	7.51e-15	3.10e-06	1.00e+00
 5.62416e+13	8.82e-15	3.37e-06	1.00e+00
 5.85212e+13	1.04e-14	3.65e-06	1.00e+00
 6.08920e+13	1.22e-14	3.96e-06	1.00e+00
 6.33576e+13	1.43e-14	4.29e-06	1.00e+00
 6.59218e+13	1.68e-14	4.65e-06	1.00e+00
 6.85886e+13	1.97e-14	5.04e-06	1.00e+00
 7.13621e+13	2.31e-14	5.46e-06	1.00e+00
 7.42465e+13	2.72e-14	5.92e-06	1.00e+00
 7.72463e+13	3.19e-14	6.41e-06	1.00e+00
 8.03661e+13	3.74e-14	6.95e-06	1.00e+00
 8.36106e+13	4.39e-14	7.53e-06	1.00e+00
 8.69850e+13	5.15e-14	8.16e-06	1.00e+00
 9.04943e+13	6.05e-14	8.84e-06	1.00e+00
 9.41440e+13	7.10e-14	9.58e-06	1.00e+00
 9.79397e+13	8.33e-14	1.04e-05	1.00e+00
 1.01887e+14	9.78e-14	1.12e-05	1.00e+00
 1.05993e+14	1.15e-13	1.22e-05	1.00e+00
 1.10262e+14	1.35e-13	1.32e-05	1.00e+00
 1.14703e+14	1.58e-13	1.43e-05	1.00e+00
 1.19321e+14	1.86e-13	1.55e-05	1.00e+00
 1.24123e+14	2.18e-13	1.68e-05	1.00e+00
 1.29118e+14	2.56e-13	1.82e-05	1.00e+00
 1.34313e+14	3.00e-13	1.97e-05	1.00e+00
 1.39715e+14	3.52e-13	2.13e-05	1.00e+00
 1.45334e+14	4.13e-13	2.31e-05	1.00e+00
 1.51177e+14	4.86e-13	2.50e-05	1.00e+00
 1.57254e+14	5.69e-13	2.71e-05	1.00e+00
 1.63574e+14	6.69e-13	2.94e-05	1.00e+00
 1.70147e+14	7.84e-13	3.18e-05	1.00e+00
 1.76983e+14	9.21e-13	3.45e-05	1.00e+00
 1.84092e+14	1.08e-12	3.73e-05	1.00e+00
 1.91486e+14	1.27e-12	4.05e-05	1.00e+00
 1.99175e+14	1.49e-12	4.38e-05	1.00e+00
 2.07172e+14	1.74e-12	4.75e-05	1.00e+00
 2.15489e+14	2.05e-12	5.14e-05	1.00e+00
 2.24139e+14	2.40e-12	5.57e-05	1.00e+00
 2.33134e+14	2.81e-12	6.03e-05	1.00e+00
 2.42489e+14	3.30e-12	6.53e-05	1.00e+00
 2.52219e+14	3.87e-12	7.07e-05	1.00e+00
 2.62338e+14	4.54e-12	7.66e-05	1.00e+00
 2.72861e+14	5.32e-12	8.29e-05	1.00e+00
 2.83805e+14	6.24e-12	8.97e-05	1.00e+00
 2.95187e+14	7.30e-12	9.71e-05	1.00e+00
 3.07025e+14	8.56e-12	1.05e-04	1.00e+00
 3.19336e+14	1.00e-11	1.14e-04	1.00e+00
 3.32139e+14	1.18e-11	1.23e-04	1.00e+00
 3.45455e+14	1.38e-11	1.33e-04	1.00e+00
 3.59303e+14	1.61e-11	1.44e-04	1.00e+00
 3.73705e+14	1.89e-11	1.56e-04	1.00e+00
 3.88683e+14	2.21e-11	1.69e-04	1.00e+00
 4.04260e+14	2.59e-11	1.83e-04	1.00e+00
 4.20460e+14	3.03e-11	1.98e-04	1.00e+00
 4.37309e+14	3.54e-11	2.14e-04	1.00e+00
 4.54831e+14	4.15e-11	2.31e-04	1.00e+00
 4.73054e+14	4.85e-11	2.50e-04	1.00e+00
 4.92006e+14	5.68e-11	2.70e-04	1.00e+00
 5.11717e+14	6.64e-11	2.92e-04	1.00e+00
 5.32215e+14	7.77e-11	3.16e-04	1.00e+00
 5.53534e+14	9.09e-11	3.42e-04	1.00e+00
 5.75705e+14	1.06e-10	3.70e-04	1.00e+00
 5.98763e+14	1.24e-10	4.00e-04	1.00e+00
 6.22744e+14	1.46e-10	4.33e-04	1.00e+00
 6.47683e+14	1.70e-10	4.68e-04	1.00e+00
 6.73620e+14	1.99e-10	5.06e-04	9.99e-01
 7.00595e+14	2.33e-10	5.47e-04	9.99e-01
 7.28649e+14	2.73e-10	5.92e-04	9.99e-01
 7.57825e+14	3.20e-10	6.40e-04	9.99e-01
 7.88168e+14	3.74e-10	6.92e-04	9.99e-01
 8.19724e+14	4.38e-10	7.48e-04	9.99e-01
 8.52543e+14	5.12e-10	8.09e-04	9.99e-01
 8.86675e+14	6.00e-10	8.75e-04	9.99e-01
 9.22172e+14	7.03e-10	9.46e-04	9.99e-01
 9.59089e+14	8.22e-10	1.02e-03	9.99e-01
 9.94839e+14	9.52e-10	1.10e-03	9.99e-01
 1.02816e+15	1.09e-09	1.17e-03	9.99e-01
 1.06546e+15	1.25e-09	1.26e-03	9.99e-01
 1.10725e+15	1.46e-09	1.36e-03	9.99e-01
 1.14739e+15	1.69e-09	1.46e-03	9.99e-01
 1.18998e+15	1.96e-09	1.57e-03	9.98e-01
 1.23624e+15	2.28e-09	1.70e-03	9.98e-01
 1.28051e+15	2.63e-09	1.82e-03	9.98e-01
 1.32793e+15	3.05e-09	1.95e-03	9.98e-01
 1.37964e+15	3.56e-09	2.11e-03	9.98e-01
 1.42930e+15	4.11e-09	2.26e-03	9.98e-01
 1.48239e+15	4.76e-09	2.43e-03	9.98e-01
 1.54014e+15	5.57e-09	2.63e-03	9.97e-01
 1.59570e+15	6.43e-09	2.82e-03	9.97e-01
 1.65507e+15	7.46e-09	3.04e-03	9.97e-01
 1.71965e+15	8.73e-09	3.28e-03	9.97e-01
 1.78200e+15	1.01e-08	3.52e-03	9.96e-01
 1.84851e+15	1.17e-08	3.79e-03	9.96e-01
 1.92069e+15	1.38e-08	4.10e-03	9.96e-01
 1.99058e+15	1.59e-08	4.40e-03	9.96e-01
 2.06505e+15	1.85e-08	4.74e-03	9.95e-01
 2.14583e+15	2.17e-08	5.13e-03	9.95e-01
 2.22445e+15	2.53e-08	5.52e-03	9.94e-01
 2.30808e+15	2.95e-08	5.95e-03	9.94e-01
 2.39855e+15	3.46e-08	6.44e-03	9.94e-01
 2.48701e+15	4.03e-08	6.94e-03	9.93e-01
 2.58090e+15	4.72e-08	7.50e-03	9.92e-01
 2.68416e+15	5.57e-08	8.15e-03	9.92e-01
 2.78701e+15	6.54e-08	8.82e-03	9.91e-01
 2.89397e+15	7.68e-08	9.56e-03	9.90e-01
 3.00733e+15	9.08e-08	1.04e-02	9.90e-01
 3.11934e+15	1.06e-07	1.13e-02	9.89e-01
 3.23827e+15	1.26e-07	1.23e-02	9.88e-01
 3.36783e+15	1.50e-07	1.34e-02	9.87e-01
 3.49776e+15	1.77e-07	1.47e-02	9.85e-01
 3.63288e+15	2.11e-07	1.61e-02	9.84e-01
 3.77822e+15	2.54e-07	1.77e-02	9.82e-01
 3.92425e+15	3.04e-07	1.96e-02	9.80e-01
 4.07611e+15	3.66e-07	2.17e-02	9.78e-01
 4.23919e+15	4.47e-07	2.43e-02	9.76e-01
 4.40279e+15	5.45e-07	2.73e-02	9.73e-01
 4.57293e+15	6.71e-07	3.10e-02	9.69e-01
 4.75148e+15	8.37e-07	3.55e-02	9.64e-01
 4.92915e+15	1.05e-06	4.11e-02	9.59e-01
 5.10480e+15	1.32e-06	4.80e-02	9.52e-01
 5.27448e+15	1.68e-06	5.64e-02	9.44e-01
 5.43512e+15	2.13e-06	6.70e-02	9.33e-01
 5.58548e+15	2.71e-06	8.00e-02	9.20e-01
 5.72516e+15	3.46e-06	9.65e-02	9.03e-01
 5.85360e+15	4.44e-06	1.17e-01	8.83e-01
 5.97023e+15	5.72e-06	1.44e-01	8.56e-01
 6.06227e+15	7.14e-06	1.73e-01	8.27e-01
 6.12640e+15	8.46e-06	1.99e-01	8.01e-01
 6.18058e+15	9.87e-06	2.27e-01	7.73e-01
 6.24208e+15	1.19e-05	2.67e-01	7.33e-01
 6.30688e+15	1.46e-05	3.20e-01	6.80e-01
 6.35973e+15	1.75e-05	3.74e-01	6.26e-01
 6.40248e+15	2.03e-05	4.28e-01	5.72e-01
 6.44830e+15	2.40e-05	4.95e-01	5.05e-01
 6.49914e+15	2.85e-05	5.77e-01	4.23e-01
 6.54655e+15	3.31e-05	6.59e-01	3.41e-01
 6.59825e+15	3.82e-05	7.47e-01	2.53e-01
 6.66546e+15	4.42e-05	8.41e-01	1.59e-01
 6.74981e+15	4.98e-05	9.20e-01	8.01e-02
 6.85353e+15	5.42e-05	9.67e-01	3.32e-02
 6.98547e+15	5.77e-05	9.89e-01	1.14e-02
 7.15698e+15	6.12e-05	9.97e-01	3.33e-03
 7.37995e+15	6.53e-05	9.99e-01	8.48e-04
 7.65612e+15	7.04e-05	1.00e+00	2.03e-04
 7.96239e+15	7.62e-05	1.00e+00	5.32e-05
 8.28092e+15	8.22e-05	1.00e+00	1.61e-05
 8.61218e+15	8.89e-05	1.00e+00	5.48e-06
 8.95670e+15	9.62e-05	1.00e+00	2.05e-06
 9.31500e+15	1.04e-04	1.00e+00	8.47e-07
 9.68763e+15	1.13e-04	1.00e+00	3.91e-07
 1.00752e+16	1.22e-04	1.00e+00	2.04e-07
 1.04782e+16	1.32e-04	1.00e+00	1.20e-07
 1.08974e+16	1.44e-04	1.00e+00	7.91e-08
 1.12952e+16	1.55e-04	1.00e+00	5.80e-08
 1.16556e+16	1.65e-04	1.00e+00	4.64e-08
 1.20609e+16	1.78e-04	1.00e+00	3.79e-08
 1.25359e+16	1.93e-04	1.00e+00	3.02e-08
 1.30015e+16	2.09e-04	1.00e+00	2.47e-08
 1.34320e+16	2.25e-04	1.00e+00	2.10e-08
 1.39156e+16	2.44e-04	1.00e+00	1.79e-08
 1.44603e+16	2.66e-04	1.00e+00	1.47e-08
 1.49805e+16	2.88e-04	1.00e+00	1.24e-08
 1.55334e+16	3.15e-04	1.00e+00	1.06e-08
 1.61339e+16	3.45e-04	1.00e+00	8.74e-09
 1.67040e+16	3.77e-04	1.00e+00	7.39e-09
 1.73177e+16	4.15e-04	1.00e+00	6.32e-09
 1.79831e+16	4.61e-04	1.00e+00	5.19e-09
 1.86017e+16	5.08e-04	9.99e-01	4.39e-09
 1.92724e+16	5.68e-04	9.99e-01	3.77e-09
 1.99972e+16	6.39e-04	9.99e-01	3.07e-09
 2.06395e+16	7.12e-04	9.99e-01	2.61e-09
 2.12152e+16	7.89e-04	9.99e-01	2.29e-09
 2.18601e+16	8.92e-04	9.99e-01	1.99e-09
 2.25385e+16	1.02e-03	9.99e-01	1.65e-09
 2.30974e+16	1.14e-03	9.99e-01	1.44e-09
 2.35617e+16	1.27e-03	9.99e-01	1.30e-09
 2.39609e+16	1.40e-03	9.99e-01	1.18e-09
 2.42968e+16	1.54e-03	9.98e-01	1.09e-09
 2.45262e+16	1.65e-03	9.98e-01	1.02e-09
 2.46501e+16	1.72e-03	9.98e-01	1.01e-09
 2.47656e+16	1.78e-03	9.98e-01	9.86e-10
 2.49159e+16	1.87e-03	9.98e-01	9.50e-10
 2.50767e+16	1.98e-03	9.98e-01	9.05e-10
 2.52082e+16	2.08e-03	9.98e-01	8.73e-10
 2.53123e+16	2.16e-03	9.98e-01	8.52e-10
 2.54239e+16	2.26e-03	9.98e-01	8.32e-10
 2.55434e+16	2.38e-03	9.98e-01	8.01e-10
 2.56448e+16	2.49e-03	9.98e-01	7.77e-10
 2.57310e+16	2.60e-03	9.97e-01	7.60e-10
 2.58258e+16	2.73e-03	9.97e-01	7.43e-10
 2.59253e+16	2.87e-03	9.97e-01	7.17e-10
 2.60069e+16	3.00e-03	9.97e-01	6.99e-10
 2.60757e+16	3.12e-03	9.97e-01	6.86e-10
 2.61516e+16	3.27e-03	9.97e-01	6.72e-10
 2.62321e+16	3.45e-03	9.97e-01	6.51e-10
 2.62997e+16	3.61e-03	9.96e-01	6.35e-10
 2.63574e+16	3.76e-03	9.96e-01	6.24e-10
 2.64213e+16	3.95e-03	9.96e-01	6.12e-10
 2.64889e+16	4.17e-03	9.96e-01	5.93e-10
 2.65453e+16	4.37e-03	9.96e-01	5.80e-10
 2.65939e+16	4.56e-03	9.95e-01	5.69e-10
 2.66479e+16	4.81e-03	9.95e-01	5.58e-10
 2.67052e+16	5.09e-03	9.95e-01	5.42e-10
 2.67535e+16	5.36e-03	9.95e-01	5.29e-10
 2.67955e+16	5.62e-03	9.94e-01	5.19e-10
 2.68423e+16	5.95e-03	9.94e-01	5.09e-10
 2.68922e+16	6.34e-03	9.94e-01	4.93e-10
 2.69349e+16	6.72e-03	9.93e-01	4.80e-10
 2.69724e+16	7.10e-03	9.93e-01	4.70e-10
 2.70146e+16	7.60e-03	9.92e-01	4.59e-10
 2.70600e+16	8.21e-03	9.92e-01	4.42e-10
 2.70996e+16	8.83e-03	9.91e-01	4.29e-10
 2.71340e+16	9.46e-03	9.91e-01	4.17e-10
 2.71667e+16	1.01e-02	9.90e-01	4.06e-10
 2.72043e+16	1.11e-02	9.89e-01	3.93e-10
 2.72428e+16	1.23e-02	9.88e-01	3.74e-10
 2.72732e+16	1.33e-02	9.87e-01	3.60e-10
 2.72987e+16	1.44e-02	9.86e-01	3.50e-10
 2.73270e+16	1.59e-02	9.84e-01	3.37e-10
 2.73575e+16	1.78e-02	9.82e-01	3.18e-10
 2.73835e+16	1.98e-02	9.80e-01	3.02e-10
 2.74058e+16	2.19e-02	9.78e-01	2.90e-10
 2.74306e+16	2.47e-02	9.75e-01	2.75e-10
 2.74529e+16	2.78e-02	9.72e-01	2.54e-10
 2.74664e+16	3.01e-02	9.70e-01	2.46e-10
 2.74767e+16	3.21e-02	9.68e-01	2.40e-10
 2.74885e+16	3.47e-02	9.65e-01	2.31e-10
 2.75017e+16	3.80e-02	9.62e-01	2.19e-10
 2.75139e+16	4.14e-02	9.59e-01	2.08e-10
 2.75246e+16	4.49e-02	9.55e-01	1.99e-10
 2.75347e+16	4.86e-02	9.51e-01	1.90e-10
 2.75446e+16	5.28e-02	9.47e-01	1.80e-10
 2.75543e+16	5.74e-02	9.43e-01	1.71e-10
 2.75637e+16	6.25e-02	9.37e-01	1.62e-10
 2.75728e+16	6.80e-02	9.32e-01	1.52e-10
 2.75815e+16	7.39e-02	9.26e-01	1.44e-10
 2.75900e+16	8.05e-02	9.20e-01	1.35e-10
 2.75984e+16	8.77e-02	9.12e-01	1.26e-10
 2.76067e+16	9.57e-02	9.04e-01	1.17e-10
 2.76147e+16	1.04e-01	8.96e-01	1.09e-10
 2.76227e+16	1.14e-01	8.86e-01	1.00e-10
 2.76306e+16	1.25e-01	8.75e-01	9.24e-11
 2.76385e+16	1.36e-01	8.64e-01	8.45e-11
 2.76459e+16	1.49e-01	8.51e-01	7.69e-11
 2.76527e+16	1.61e-01	8.39e-01	7.04e-11
 2.76587e+16	1.72e-01	8.28e-01	6.49e-11
 2.76643e+16	1.84e-01	8.16e-01	6.01e-11
 2.76689e+16	1.94e-01	8.06e-01	5.55e-11
 2.76720e+16	2.02e-01	7.98e-01	5.33e-11
 2.76750e+16	2.09e-01	7.91e-01	5.12e-11
 2.76783e+16	2.18e-01	7.82e-01	4.84e-11
 2.76819e+16	2.27e-01	7.73e-01	4.54e-11
 2.76854e+16	2.37e-01	7.63e-01	4.26e-11
 2.76886e+16	2.46e-01	7.54e-01	4.02e-11
 2.76919e+16	2.56e-01	7.44e-01	3.79e-11
 2.76952e+16	2.66e-01	7.34e-01	3.55e-11
 2.76985e+16	2.77e-01	7.23e-01	3.33e-11
 2.77017e+16	2.87e-01	7.13e-01	3.11e-11
 2.77049e+16	2.99e-01	7.01e-01	2.91e-11
 2.77081e+16	3.09e-01	6.91e-01	2.72e-11
 2.77113e+16	3.21e-01	6.79e-01	2.54e-11
 2.77145e+16	3.33e-01	6.67e-01	2.35e-11
 2.77175e+16	3.45e-01	6.55e-01	2.19e-11
 2.77206e+16	3.57e-01	6.43e-01	2.03e-11
 2.77237e+16	3.70e-01	6.30e-01	1.88e-11
 2.77268e+16	3.82e-01	6.18e-01	1.74e-11
 2.77298e+16	3.96e-01	6.04e-01	1.61e-11
 2.77328e+16	4.08e-01	5.92e-01	1.48e-11
 2.77358e+16	4.22e-01	5.78e-01	1.37e-11
 2.77388e+16	4.35e-01	5.65e-01	1.25e-11
 2.77417e+16	4.49e-01	5.51e-01	1.15e-11
 2.77446e+16	4.62e-01	5.38e-01	1.06e-11
 2.77475e+16	4.75e-01	5.25e-01	9.68e-12
 2.77504e+16	4.89e-01	5.11e-01	8.83e-12
 2.77533e+16	5.03e-01	4.97e-01	8.05e-12
 2.77561e+16	5.16e-01	4.84e-01	7.35e-12
 2.77589e+16	5.30e-01	4.70e-01	6.69e-12
 2.77617e+16	5.43e-01	4.57e-01	6.09e-12
 2.77644e+16	5.57e-01	4.43e-01	5.54e-12
 2.77671e+16	5.69e-01	4.31e-01	5.04e-12
 2.77697e+16	5.82e-01	4.18e-01	4.58e-12
 2.77722e+16	5.94e-01	4.06e-01	4.17e-12
 2.77747e+16	6.06e-01	3.94e-01	3.79e-12
 2.77772e+16	6.18e-01	3.82e-01	3.44e-12
 2.77797e+16	6.30e-01	3.70e-01	3.12e-12
 2.77821e+16	6.42e-01	3.58e-01	2.83e-12
 2.77845e+16	6.53e-01	3.47e-01	2.57e-12
 2.77869e+16	6.64e-01	3.36e-01	2.33e-12
 2.77892e+16	6.75e-01	3.25e-01	2.11e-12
 2.77916e+16	6.85e-01	3.15e-01	1.91e-12
 2.77938e+16	6.95e-01	3.05e-01	1.73e-12
 2.77961e+16	7.05e-01	2.95e-01	1.57e-12
 2.77983e+16	7.15e-01	2.85e-01	1.42e-12
 2.78005e+16	7.24e-01	2.76e-01	1.29e-12
 2.78027e+16	7.33e-01	2.67e-01	1.17e-12
 2.78048e+16	7.42e-01	2.58e-01	1.05e-12
 2.78069e+16	7.51e-01	2.49e-01	9.53e-13
 2.78090e+16	7.59e-01	2.41e-01	8.62e-13
 2.78111e+16	7.67e-01	2.33e-01	7.79e-13
 2.78132e+16	7.75e-01	2.25e-01	7.04e-13
 2.78153e+16	7.83e-01	2.17e-01	6.36e-13
 2.78173e+16	7.90e-01	2.10e-01	5.74e-13
 2.78193e+16	7.98e-01	2.02e-01	5.18e-13
 2.78213e+16	8.05e-01	1.95e-01	4.67e-13
 2.78233e+16	8.11e-01	1.89e-01	4.21e-13
 2.78252e+16	8.18e-01	1.82e-01	3.81e-13
 2.78272e+16	8.24e-01	1.76e-01	3.42e-13
 2.78291e+16	8.31e-01	1.69e-01	3.07e-13
 2.78311e+16	8.37e-01	1.63e-01	2.76e-13
 2.78330e+16	8.43e-01	1.57e-01	2.48e-13
 2.78349e+16	8.48e-01	1.52e-01	2.23e-13
 2.78369e+16	8.54e-01	1.46e-01	2.00e-13
 2.78388e+16	8.59e-01	1.41e-01	1.79e-13
 2.78407e+16	8.65e-01	1.35e-01	1.60e-13
 2.78426e+16	8.70e-01	1.30e-01	1.43e-13
 2.78444e+16	8.75e-01	1.25e-01	1.28e-13
 2.78463e+16	8.79e-01	1.21e-01	1.14e-13
 2.78481e+16	8.84e-01	1.16e-01	1.02e-13
 2.78499e+16	8.88e-01	1.12e-01	9.17e-14
 2.78516e+16	8.92e-01	1.08e-01	8.25e-14
 2.78532e+16	8.95e-01	1.05e-01	7.43e-14
 2.78547e+16	8.99e-01	1.01e-01	6.71e-14
 2.78563e+16	9.02e-01	9.78e-02	6.08e-14
 2.78577e+16	9.05e-01	9.48e-02	5.52e-14
 2.78590e+16	9.08e-01	9.21e-02	5.06e-14
 2.78601e+16	9.10e-01	8.97e-02	4.67e-14
 2.78612e+16	9.12e-01	8.76e-02	4.34e-14
 2.78622e+16	9.14e-01	8.57e-02	4.05e-14
 2.78630e+16	9.16e-01	8.39e-02	3.80e-14
 2.78639e+16	9.18e-01	8.24e-02	3.58e-14
 2.78646e+16	9.19e-01	8.09e-02	3.39e-14
 2.78653e+16	9.20e-01	7.96e-02	3.22e-14
 2.78660e+16	9.22e-01	7.82e-02	3.05e-14
 2.78668e+16	9.23e-01	7.68e-02	2.87e-14
 2.78675e+16	9.25e-01	7.55e-02	2.71e-14
 2.78681e+16	9.26e-01	7.42e-02	2.57e-14
 2.78687e+16	9.27e-01	7.32e-02	2.45e-14
 2.78694e+16	9.28e-01	7.20e-02	2.33e-14
 2.78701e+16	9.29e-01	7.07e-02	2.18e-14
 2.78707e+16	9.30e-01	6.97e-02	2.07e-14
 2.78713e+16	9.31e-01	6.86e-02	1.97e-14
 2.78718e+16	9.32e-01	6.77e-02	1.88e-14
 2.78723e+16	9.33e-01	6.69e-02	1.80e-14
 2.78728e+16	9.34e-01	6.59e-02	1.72e-14
 2.78735e+16	9.35e-01	6.47e-02	1.61e-14
 2.78743e+16	9.37e-01	6.35e-02	1.49e-14
 2.78749e+16	9.38e-01	6.23e-02	1.40e-14
 2.78756e+16	9.39e-01	6.13e-02	1.31e-14
 2.78761e+16	9.40e-01	6.04e-02	1.24e-14
 2.78766e+16	9.40e-01	5.96e-02	1.18e-14
 2.78771e+16	9.41e-01	5.89e-02	1.13e-14
 2.78775e+16	9.42e-01	5.81e-02	1.08e-14
 2.78779e+16	9.42e-01	5.75e-02	1.03e-14
 2.78783e+16	9.43e-01	5.68e-02	9.88e-15
 2.78788e+16	9.44e-01	5.61e-02	9.38e-15
 2.78792e+16	9.45e-01	5.55e-02	8.97e-15
 2.78796e+16	9.45e-01	5.47e-02	8.52e-15
 2.78801e+16	9.46e-01	5.40e-02	8.04e-15
 2.78805e+16	9.47e-01	5.33e-02	7.65e-15
 2.78809e+16	9.47e-01	5.27e-02	7.31e-15
 2.78813e+16	9.48e-01	5.21e-02	6.98e-15
 2.78817e+16	9.48e-01	5.16e-02	6.72e-15
 2.78820e+16	9.49e-01	5.10e-02	6.44e-15
 2.78825e+16	9.50e-01	5.03e-02	6.07e-15
 2.78830e+16	9.50e-01	4.96e-02	5.69e-15
 2.78835e+16	9.51e-01	4.89e-02	5.38e-15
 2.78839e+16	9.52e-01	4.83e-02	5.11e-15
 2.78843e+16	9.52e-01	4.78e-02	4.88e-15
 2.78847e+16	9.53e-01	4.71e-02	4.63e-15
 2.78852e+16	9.54e-01	4.65e-02	4.36e-15
 2.78856e+16	9.54e-01	4.59e-02	4.15e-15
 2.78860e+16	9.55e-01	4.55e-02	3.97e-15
 2.78864e+16	9.55e-01	4.49e-02	3.78e-15
 2.78868e+16	9.56e-01	4.43e-02	3.56e-15
 2.78872e+16	9.56e-01	4.38e-02	3.36e-15
 2.78876e+16	9.57e-01	4.33e-02	3.21e-15
 2.78880e+16	9.57e-01	4.28e-02	3.04e-15
 2.78885e+16	9.58e-01	4.21e-02	2.83e-15
 2.78891e+16	9.59e-01	4.15e-02	2.62e-15
 2.78896e+16	9.59e-01	4.09e-02	2.46e-15
 2.78901e+16	9.60e-01	4.04e-02	2.32e-15
 2.78905e+16	9.60e-01	3.99e-02	2.20e-15
 2.78909e+16	9.61e-01	3.94e-02	2.09e-15
 2.78914e+16	9.61e-01	3.89e-02	1.98e-15
 2.78919e+16	9.62e-01	3.83e-02	1.85e-15
 2.78925e+16	9.62e-01	3.77e-02	1.72e-15
 2.78931e+16	9.63e-01	3.71e-02	1.62e-15
 2.78936e+16	9.63e-01	3.66e-02	1.53e-15
 2.78940e+16	9.64e-01	3.62e-02	1.45e-15
 2.78944e+16	9.64e-01	3.58e-02	1.39e-15
 2.78949e+16	9.65e-01	3.53e-02	1.33e-15
 2.78955e+16	9.65e-01	3.47e-02	1.25e-15
 2.78961e+16	9.66e-01	3.41e-02	1.17e-15
 2.78967e+16	9.66e-01	3.36e-02	1.11e-15
 2.78972e+16	9.67e-01	3.32e-02	1.05e-15
 2.78977e+16	9.67e-01	3.27e-02	1.01e-15
 2.78981e+16	9.68e-01	3.24e-02	9.71e-16
 2.78986e+16	9.68e-01	3.20e-02	9.34e-16
 2.78992e+16	9.69e-01	3.14e-02	8.83e-16
 2.78999e+16	9.69e-01	3.09e-02	8.36e-16
 2.79005e+16	9.70e-01	3.04e-02	8.00e-16
 2.79011e+16	9.70e-01	3.00e-02	7.69e-16
 2.79016e+16	9.70e-01	2.96e-02	7.41e-16
 2.79021e+16	9.71e-01	2.92e-02	7.15e-16
 2.79027e+16	9.71e-01	2.88e-02	6.86e-16
 2.79033e+16	9.72e-01	2.84e-02	6.62e-16
 2.79038e+16	9.72e-01	2.80e-02	6.43e-16
 2.79043e+16	9.72e-01	2.77e-02	6.24e-16
 2.79050e+16	9.73e-01	2.71e-02	5.98e-16
 2.79058e+16	9.73e-01	2.67e-02	5.75e-16
 2.79065e+16	9.74e-01	2.62e-02	5.55e-16
 2.79071e+16	9.74e-01	2.58e-02	5.39e-16
 2.79077e+16	9.75e-01	2.55e-02	5.24e-16
 2.79083e+16	9.75e-01	2.51e-02	5.10e-16
 2.79090e+16	9.75e-01	2.47e-02	4.96e-16
 2.79096e+16	9.76e-01	2.44e-02	4.83e-16
 2.79103e+16	9.76e-01	2.40e-02	4.71e-16
 2.79110e+16	9.76e-01	2.36e-02	4.59e-16
 2.79117e+16	9.77e-01	2.32e-02	4.48e-16
 2.79124e+16	9.77e-01	2.28e-02	4.37e-16
 2.79132e+16	9.78e-01	2.24e-02	4.26e-16
 2.79139e+16	9.78e-01	2.21e-02	4.16e-16
 2.79145e+16	9.78e-01	2.18e-02	4.09e-16
 2.79153e+16	9.79e-01	2.14e-02	4.00e-16
 2.79160e+16	9.79e-01	2.10e-02	3.91e-16
 2.79167e+16	9.79e-01	2.07e-02	3.84e-16
 2.79175e+16	9.80e-01	2.04e-02	3.76e-16
 2.79183e+16	9.80e-01	2.00e-02	3.68e-16
 2.79191e+16	9.80e-01	1.97e-02	3.61e-16
 2.79199e+16	9.81e-01	1.93e-02	3.53e-16
 2.79208e+16	9.81e-01	1.90e-02	3.46e-16
 2.79216e+16	9.81e-01	1.86e-02	3.40e-16
 2.79225e+16	9.82e-01	1.83e-02	3.32e-16
 2.79235e+16	9.82e-01	1.79e-02	3.25e-16
 2.79243e+16	9.82e-01	1.76e-02	3.19e-16
 2.79253e+16	9.83e-01	1.72e-02	3.12e-16
 2.79263e+16	9.83e-01	1.68e-02	3.05e-16
 2.79273e+16	9.84e-01	1.65e-02	2.99e-16
 2.79283e+16	9.84e-01	1.61e-02	2.92e-16
 2.79294e+16	9.84e-01	1.57e-02	2.86e-16
 2.79304e+16	9.85e-01	1.54e-02	2.80e-16
 2.79315e+16	9.85e-01	1.50e-02	2.72e-16
 2.79327e+16	9.85e-01	1.46e-02	2.65e-16
 2.79338e+16	9.86e-01	1.42e-02	2.59e-16
 2.79350e+16	9.86e-01	1.37e-02	2.51e-16
 2.79363e+16	9.87e-01	1.33e-02	2.43e-16
 2.79375e+16	9.87e-01	1.29e-02	2.36e-16
 2.79388e+16	9.88e-01	1.24e-02	2.27e-16
 2.79404e+16	9.88e-01	1.18e-02	2.17e-16
 2.79424e+16	9.89e-01	1.12e-02	2.05e-16
 2.79443e+16	9.89e-01	1.05e-02	1.93e-16
 2.79463e+16	9.90e-01	9.90e-03	1.82e-16
 2.79483e+16	9.91e-01	9.28e-03	1.71e-16
 2.79504e+16	9.91e-01	8.66e-03	1.59e-16
 2.79527e+16	9.92e-01	8.05e-03	1.48e-16
 2.79550e+16	9.93e-01	7.46e-03	1.37e-16
 2.79574e+16	9.93e-01	6.89e-03	1.27e-16
 2.79599e+16	9.94e-01	6.34e-03	1.17e-16
 2.79626e+16	9.94e-01	5.80e-03	1.07e-16
 2.79654e+16	9.95e-01	5.28e-03	9.73e-17
 2.79683e+16	9.95e-01	4.78e-03	8.82e-17
 2.79714e+16	9.96e-01	4.31e-03	7.94e-17
 2.79747e+16	9.96e-01	3.86e-03	7.11e-17
 2.79782e+16	9.97e-01	3.43e-03	6.32e-17
 2.79820e+16	9.97e-01	3.03e-03	5.57e-17
 2.79860e+16	9.97e-01	2.65e-03	4.87e-17
 2.79903e+16	9.98e-01	2.29e-03	4.21e-17
 2.79950e+16	9.98e-01	1.95e-03	3.59e-17
 2.80001e+16	9.98e-01	1.64e-03	3.02e-17
 2.80058e+16	9.99e-01	1.36e-03	2.49e-17
 2.80122e+16	9.99e-01	1.10e-03	2.01e-17
 2.80194e+16	9.99e-01	8.60e-04	1.58e-17
 2.80278e+16	9.99e-01	6.51e-04	1.19e-17
 2.80372e+16	1.00e+00	4.75e-04	8.71e-18
 2.80472e+16	1.00e+00	3.43e-04	6.29e-18
 2.80572e+16	1.00e+00	2.49e-04	4.55e-18
 2.80671e+16	1.00e+00	1.80e-04	3.29e-18
 2.80771e+16	1.00e+00	1.30e-04	2.38e-18
 2.80870e+16	1.00e+00	9.43e-05	1.71e-18
 2.80970e+16	1.00e+00	6.85e-05	1.24e-18
 2.81070e+16	1.00e+00	4.99e-05	9.06e-19
 2.81169e+16	1.00e+00	3.63e-05	6.58e-19
 2.81269e+16	1.00e+00	2.64e-05	4.78e-19
 2.81368e+16	1.00e+00	1.92e-05	3.47e-19
 2.81468e+16	1.00e+00	1.40e-05	2.52e-19
 2.81568e+16	1.00e+00	1.02e-05	1.82e-19
 2.81667e+16	1.00e+00	7.40e-06	1.32e-19
 2.81767e+16	1.00e+00	5.39e-06	9.58e-20
 2.81866e+16	1.00e+00	3.93e-06	6.96e-20
 2.81966e+16	1.00e+00	2.86e-06	5.05e-20
 2.82065e+16	1.00e+00	2.09e-06	3.69e-20
 2.82165e+16	1.00e+00	1.53e-06	2.68e-20
 2.82265e+16	1.00e+00	1.11e-06	1.94e-20
 2.82364e+16	1.00e+00	8.10e-07	1.41e-20
 2.82464e+16	1.00e+00	5.93e-07	1.03e-20
 2.82563e+16	1.00e+00	4.33e-07	7.47e-21
 2.82663e+16	1.00e+00	3.15e-07	0.00e+00
 2.82762e+16	1.00e+00	2.31e-07	0.00e+00
 2.82862e+16	1.00e+00	1.69e-07	0.00e+00
 2.82962e+16	1.00e+00	1.23e-07	0.00e+00
 2.83061e+16	1.00e+00	8.98e-08	0.00e+00
 2.83161e+16	1.00e+00	6.58e-08	0.00e+00
 2.83260e+16	1.00e+00	4.81e-08	0.00e+00
 2.83360e+16	1.00e+00	3.51e-08	0.00e+00
 2.83459e+16	1.00e+00	2.57e-08	0.00e+00
 2.83559e+16	1.00e+00	1.88e-08	0.00e+00
 2.83658e+16	1.00e+00	1.38e-08	0.00e+00
 2.83758e+16	1.00e+00	1.01e-08	0.00e+00
 2.83858e+16	1.00e+00	7.38e-09	0.00e+00
 2.83957e+16	1.00e+00	5.41e-09	0.00e+00
 2.84057e+16	1.00e+00	3.96e-09	0.00e+00
 2.84156e+16	1.00e+00	2.90e-09	0.00e+00
 2.84256e+16	1.00e+00	2.13e-09	0.00e+00
 2.84355e+16	1.00e+00	1.56e-09	0.00e+00
 2.84455e+16	1.00e+00	1.14e-09	0.00e+00
 2.84554e+16	1.00e+00	8.37e-10	0.00e+00
 2.84654e+16	1.00e+00	6.14e-10	0.00e+00
 2.84754e+16	1.00e+00	4.51e-10	0.00e+00
 2.84853e+16	1.00e+00	3.31e-10	0.00e+00
 2.84953e+16	1.00e+00	2.42e-10	0.00e+00
 2.85052e+16	1.00e+00	1.78e-10	0.00e+00
 2.85152e+16	1.00e+00	1.31e-10	0.00e+00
 2.85251e+16	1.00e+00	9.59e-11	0.00e+00
 2.85351e+16	1.00e+00	7.05e-11	0.00e+00
 2.85451e+16	1.00e+00	5.18e-11	0.00e+00
 2.85550e+16	1.00e+00	3.80e-11	0.00e+00
 2.85650e+16	1.00e+00	2.80e-11	0.00e+00
 2.85749e+16	1.00e+00	2.06e-11	0.00e+00
 2.85849e+16	1.00e+00	1.52e-11	0.00e+00
 2.85948e+16	1.00e+00	1.12e-11	0.00e+00
 2.86048e+16	1.00e+00	8.28e-12	0.00e+00
 2.86147e+16	1.00e+00	6.12e-12	0.00e+00
 2.86247e+16	1.00e+00	4.54e-12	0.00e+00
 2.86346e+16	1.00e+00	3.38e-12	0.00e+00
 2.86446e+16	1.00e+00	2.53e-12	0.00e+00
 2.86546e+16	1.00e+00	1.91e-12	0.00e+00
 2.86645e+16	1.00e+00	1.45e-12	0.00e+00
 2.86745e+16	1.00e+00	1.11e-12	0.00e+00
 2.86844e+16	1.00e+00	8.58e-13	0.00e+00
 2.86944e+16	1.00e+00	6.75e-13	0.00e+00
 2.87043e+16	1.00e+00	5.40e-13	0.00e+00
 2.87143e+16	1.00e+00	4.40e-13	0.00e+00
 2.87257e+16	1.00e+00	3.56e-13	0.00e+00
 2.87406e+16	1.00e+00	2.83e-13	0.00e+00
 2.87600e+16	1.00e+00	2.26e-13	0.00e+00
 2.87851e+16	1.00e+00	1.89e-13	0.00e+00
 2.88178e+16	1.00e+00	1.66e-13	0.00e+00
 2.88603e+16	1.00e+00	1.54e-13	0.00e+00
 2.89156e+16	1.00e+00	1.46e-13	0.00e+00
 2.89874e+16	1.00e+00	1.38e-13	0.00e+00
 2.90808e+16	1.00e+00	1.29e-13	0.00e+00
 2.92022e+16	1.00e+00	1.19e-13	0.00e+00
 2.93542e+16	1.00e+00	1.07e-13	0.00e+00
 2.95238e+16	1.00e+00	9.55e-14	0.00e+00
 2.96980e+16	1.00e+00	8.48e-14	0.00e+00
 2.98811e+16	1.00e+00	7.48e-14	0.00e+00
 3.00792e+16	1.00e+00	6.53e-14	0.00e+00
 3.02938e+16	1.00e+00	5.63e-14	0.00e+00
 3.05260e+16	1.00e+00	4.80e-14	0.00e+00
 3.07765e+16	1.00e+00	4.04e-14	0.00e+00
 3.10455e+16	1.00e+00	3.36e-14	0.00e+00
 3.13326e+16	1.00e+00	2.76e-14	0.00e+00
 3.16408e+16	1.00e+00	2.24e-14	0.00e+00
 3.19734e+16	1.00e+00	1.79e-14	0.00e+00
 3.23319e+16	1.00e+00	1.41e-14	0.00e+00
 3.27187e+16	1.00e+00	1.09e-14	0.00e+00
 3.31348e+16	1.00e+00	8.33e-15	0.00e+00
 3.35830e+16	1.00e+00	6.24e-15	0.00e+00
 3.40730e+16	1.00e+00	4.56e-15	0.00e+00
 3.46112e+16	1.00e+00	3.25e-15	0.00e+00
 3.51956e+16	1.00e+00	2.26e-15	0.00e+00
 3.58282e+16	1.00e+00	1.54e-15	0.00e+00
 3.65163e+16	1.00e+00	1.02e-15	0.00e+00
 3.72668e+16	1.00e+00	6.60e-16	0.00e+00
 3.80828e+16	1.00e+00	4.14e-16	0.00e+00
 3.89677e+16	1.00e+00	2.53e-16	0.00e+00
 3.99291e+16	1.00e+00	1.50e-16	0.00e+00
 4.09761e+16	1.00e+00	8.64e-17	0.00e+00
 4.21182e+16	1.00e+00	4.76e-17	0.00e+00
 4.33657e+16	1.00e+00	2.56e-17	0.00e+00
 4.47310e+16	1.00e+00	1.32e-17	0.00e+00
 4.62332e+16	1.00e+00	6.59e-18	0.00e+00
 4.78955e+16	1.00e+00	3.16e-18	0.00e+00
 4.97365e+16	1.00e+00	1.47e-18	0.00e+00
 5.17179e+16	1.00e+00	6.91e-19	0.00e+00
 5.37866e+16	1.00e+00	3.50e-19	0.00e+00
 5.59381e+16	1.00e+00	2.03e-19	0.00e+00
 5.81757e+16	1.00e+00	1.39e-19	0.00e+00
 6.05027e+16	1.00e+00	1.12e-19	0.00e+00
 6.29229e+16	1.00e+00	1.00e-19	0.00e+00
 6.54398e+16	1.00e+00	9.53e-20	0.00e+00
 6.80574e+16	1.00e+00	9.33e-20	0.00e+00
 7.07798e+16	1.00e+00	9.25e-20	0.00e+00
 7.36110e+16	1.00e+00	9.21e-20	0.00e+00
 7.65555e+16	1.00e+00	9.18e-20	0.00e+00
 7.96177e+16	1.00e+00	9.16e-20	0.00e+00
 8.28024e+16	1.00e+00	9.11e-20	0.00e+00
 8.61146e+16	1.00e+00	9.05e-20	0.00e+00
 8.95592e+16	1.00e+00	8.97e-20	0.00e+00
 9.31416e+16	1.00e+00	8.86e-20	0.00e+00
 9.68673e+16	1.00e+00	8.72e-20	0.00e+00
 1.00742e+17	1.00e+00	8.54e-20	0.00e+00
 1.04772e+17	1.00e+00	8.32e-20	0.00e+00
 1.08963e+17	1.00e+00	7.92e-20	0.00e+00
 1.13068e+17	1.00e+00	7.64e-20	0.00e+00
 1.17328e+17	1.00e+00	7.38e-20	0.00e+00
 1.22010e+17	1.00e+00	6.97e-20	0.00e+00
 1.26828e+17	1.00e+00	6.44e-20	0.00e+00
 1.31517e+17	1.00e+00	5.82e-20	0.00e+00
 1.35885e+17	1.00e+00	4.95e-20	0.00e+00
 1.38834e+17	1.00e+00	4.53e-20	0.00e+00
 1.40779e+17	1.00e+00	3.98e-20	0.00e+00
 1.42780e+17	1.00e+00	3.80e-20	0.00e+00
 1.44853e+17	1.00e+00	3.60e-20	0.00e+00
 1.47549e+17	1.00e+00	3.45e-20	0.00e+00
 1.51053e+17	1.00e+00	3.21e-20	0.00e+00
 1.55608e+17	1.00e+00	2.79e-20	0.00e+00
 1.60706e+17	1.00e+00	2.27e-20	0.00e+00
 1.65103e+17	1.00e+00	2.02e-20	0.00e+00
 1.69411e+17	1.00e+00	1.87e-20	0.00e+00
 1.75012e+17	1.00e+00	1.72e-20	0.00e+00
 1.81741e+17	1.00e+00	1.40e-20	0.00e+00
 1.88378e+17	1.00e+00	1.16e-20	0.00e+00
 1.95281e+17	1.00e+00	1.07e-20	0.00e+00
 2.03092e+17	1.00e+00	8.76e-21	0.00e+00
 2.11216e+17	1.00e+00	7.41e-21	0.00e+00
 2.19665e+17	1.00e+00	6.47e-21	0.00e+00
 2.28451e+17	1.00e+00	5.61e-21	0.00e+00
 2.37589e+17	1.00e+00	4.90e-21	0.00e+00
 2.47093e+17	1.00e+00	4.32e-21	0.00e+00
 2.56349e+17	1.00e+00	3.83e-21	0.00e+00
 2.65169e+17	1.00e+00	3.44e-21	0.00e+00
 2.74226e+17	1.00e+00	3.10e-21	0.00e+00
 2.83666e+17	1.00e+00	2.81e-21	0.00e+00
 2.93361e+17	1.00e+00	2.55e-21	0.00e+00
 3.03236e+17	1.00e+00	2.31e-21	0.00e+00
 3.13276e+17	1.00e+00	2.11e-21	0.00e+00
 3.23358e+17	1.00e+00	1.93e-21	0.00e+00
 3.33438e+17	1.00e+00	1.76e-21	0.00e+00
 3.43362e+17	1.00e+00	1.62e-21	0.00e+00
 3.52853e+17	1.00e+00	1.50e-21	0.00e+00
 3.62060e+17	1.00e+00	1.39e-21	0.00e+00
 3.71152e+17	1.00e+00	1.30e-21	0.00e+00
 3.80097e+17	1.00e+00	1.22e-21	0.00e+00
 3.88792e+17	1.00e+00	1.15e-21	0.00e+00
 3.97156e+17	1.00e+00	1.08e-21	0.00e+00
 4.05141e+17	1.00e+00	1.02e-21	0.00e+00
 4.12746e+17	1.00e+00	9.75e-22	0.00e+00
 4.19959e+17	1.00e+00	9.30e-22	0.00e+00
 4.26760e+17	1.00e+00	8.91e-22	0.00e+00
 4.33176e+17	1.00e+00	8.57e-22	0.00e+00
 4.39205e+17	1.00e+00	8.26e-22	0.00e+00
 4.44855e+17	1.00e+00	7.99e-22	0.00e+00
 4.50147e+17	1.00e+00	7.75e-22	0.00e+00
 4.55105e+17	1.00e+00	7.53e-22	0.00e+00
 4.59746e+17	1.00e+00	7.33e-22	0.00e+00
 4.64092e+17	1.00e+00	7.15e-22	0.00e+00
 4.68171e+17	1.00e+00	6.99e-22	0.00e+00
 4.72006e+17	1.00e+00	6.85e-22	0.00e+00
 4.75606e+17	1.00e+00	6.71e-22	0.00e+00
 4.78980e+17	1.00e+00	6.59e-22	0.00e+00
 4.82144e+17	1.00e+00	6.48e-22	0.00e+00
 4.85119e+17	1.00e+00	6.38e-22	0.00e+00
 4.87921e+17	1.00e+00	6.28e-22	0.00e+00
 4.90564e+17	1.00e+00	6.19e-22	0.00e+00
 4.93057e+17	1.00e+00	6.12e-22	0.00e+00
 4.95406e+17	1.00e+00	6.04e-22	0.00e+00
 4.97621e+17	1.00e+00	5.98e-22	0.00e+00
 4.99713e+17	1.00e+00	5.91e-22	0.00e+00
 5.01691e+17	1.00e+00	5.86e-22	0.00e+00
 5.03563e+17	1.00e+00	5.79e-22	0.00e+00
 5.05336e+17	1.00e+00	5.75e-22	0.00e+00
 5.07014e+17	1.00e+00	5.71e-22	0.00e+00
 5.08603e+17	1.00e+00	5.67e-22	0.00e+00
 5.10110e+17	1.00e+00	5.64e-22	0.00e+00
 5.11540e+17	1.00e+00	5.62e-22	0.00e+00
 5.12898e+17	1.00e+00	5.59e-22	0.00e+00
 5.14188e+17	1.00e+00	5.59e-22	0.00e+00
 5.15415e+17	1.00e+00	5.60e-22	0.00e+00
 5.16581e+17	1.00e+00	5.62e-22	0.00e+00
 5.17691e+17	1.00e+00	5.65e-22	0.00e+00
 5.18748e+17	1.00e+00	5.70e-22	0.00e+00
 5.19756e+17	1.00e+00	5.77e-22	0.00e+00
 5.20717e+17	1.00e+00	5.85e-22	0.00e+00
 5.21635e+17	1.00e+00	5.95e-22	0.00e+00
 5.22512e+17	1.00e+00	6.08e-22	0.00e+00
 5.23351e+17	1.00e+00	6.22e-22	0.00e+00
 5.24154e+17	1.00e+00	6.39e-22	0.00e+00
 5.24923e+17	1.00e+00	6.56e-22	0.00e+00
 5.25662e+17	1.00e+00	6.76e-22	0.00e+00
 5.26371e+17	1.00e+00	6.97e-22	0.00e+00
 5.27054e+17	1.00e+00	7.20e-22	0.00e+00
 5.27711e+17	1.00e+00	7.43e-22	0.00e+00
 5.28346e+17	1.00e+00	7.67e-22	0.00e+00
 5.28959e+17	1.00e+00	7.92e-22	0.00e+00
 5.29554e+17	1.00e+00	8.16e-22	0.00e+00
 5.30131e+17	1.00e+00	8.40e-22	0.00e+00
 5.30692e+17	1.00e+00	8.63e-22	0.00e+00
 5.31240e+17	1.00e+00	8.84e-22	0.00e+00
 5.31776e+17	1.00e+00	9.04e-22	0.00e+00
 5.32303e+17	1.00e+00	9.22e-22	0.00e+00
 5.32821e+17	1.00e+00	9.36e-22	0.00e+00
 5.33334e+17	1.00e+00	9.48e-22	0.00e+00
 5.33844e+17	1.00e+00	9.55e-22	0.00e+00
 5.34353e+17	1.00e+00	9.58e-22	0.00e+00
 5.34864e+17	1.00e+00	9.56e-22	0.00e+00
 5.35380e+17	1.00e+00	9.49e-22	0.00e+00
 5.35905e+17	1.00e+00	9.35e-22	0.00e+00
 5.36443e+17	1.00e+00	9.14e-22	0.00e+00
 5.36999e+17	1.00e+00	8.87e-22	0.00e+00
 5.37579e+17	1.00e+00	8.52e-22	0.00e+00
 5.38191e+17	1.00e+00	8.10e-22	0.00e+00
 5.38845e+17	1.00e+00	7.62e-22	0.00e+00
 5.39553e+17	1.00e+00	7.09e-22	0.00e+00
 5.40331e+17	1.00e+00	6.53e-22	0.00e+00
 5.41202e+17	1.00e+00	5.99e-22	0.00e+00
 5.42196e+17	1.00e+00	5.51e-22	0.00e+00
 5.43354e+17	1.00e+00	5.14e-22	0.00e+00
 5.44737e+17	1.00e+00	4.88e-22	0.00e+00
 5.46431e+17	1.00e+00	4.74e-22	0.00e+00
 5.48564e+17	1.00e+00	4.66e-22	0.00e+00
 5.51313e+17	1.00e+00	4.60e-22	0.00e+00
 5.54886e+17	1.00e+00	4.52e-22	0.00e+00
 5.59531e+17	1.00e+00	4.43e-22	0.00e+00
 5.65570e+17	1.00e+00	4.32e-22	0.00e+00
 5.73420e+17	1.00e+00	4.17e-22	0.00e+00
 5.83626e+17	1.00e+00	3.99e-22	0.00e+00
 5.96893e+17	1.00e+00	3.77e-22	0.00e+00
 6.14140e+17	1.00e+00	3.50e-22	0.00e+00
 6.36367e+17	1.00e+00	3.20e-22	0.00e+00
 6.60431e+17	1.00e+00	2.90e-22	0.00e+00
 6.81861e+17	1.00e+00	2.66e-22	0.00e+00
 7.00990e+17	1.00e+00	2.49e-22	0.00e+00
 7.18960e+17	1.00e+00	2.33e-22	0.00e+00
 7.35633e+17	1.00e+00	2.20e-22	0.00e+00
 7.50963e+17	1.00e+00	2.09e-22	0.00e+00
 7.64870e+17	1.00e+00	1.99e-22	0.00e+00
 7.77319e+17	1.00e+00	1.91e-22	0.00e+00
 7.88456e+17	1.00e+00	1.84e-22	0.00e+00
 7.98439e+17	1.00e+00	1.78e-22	0.00e+00
 8.07391e+17	1.00e+00	1.73e-22	0.00e+00
 8.15324e+17	1.00e+00	1.69e-22	0.00e+00
 8.21942e+17	1.00e+00	1.66e-22	0.00e+00
 8.26757e+17	1.00e+00	1.63e-22	0.00e+00
 8.29811e+17	1.00e+00	1.62e-22	0.00e+00
 8.31644e+17	1.00e+00	1.61e-22	0.00e+00
 8.32743e+17	1.00e+00	1.68e-22	0.00e+00
 8.33408e+17	1.00e+00	2.69e-22	0.00e+00
 8.33876e+17	1.00e+00	5.97e-22	0.00e+00
 8.34342e+17	1.00e+00	7.54e-22	0.00e+00
 8.34851e+17	1.00e+00	6.34e-22	0.00e+00
 8.35338e+17	1.00e+00	5.85e-22	0.00e+00
 8.35739e+17	1.00e+00	7.11e-22	0.00e+00
 8.36137e+17	1.00e+00	9.68e-22	0.00e+00
 8.36558e+17	1.00e+00	7.52e-22	0.00e+00
 8.36935e+17	1.00e+00	8.54e-22	0.00e+00
 8.37264e+17	1.00e+00	9.59e-22	0.00e+00
 8.37563e+17	1.00e+00	1.15e-21	0.00e+00
 8.37861e+17	1.00e+00	1.17e-21	0.00e+00
 8.38152e+17	1.00e+00	1.19e-21	0.00e+00
 8.38413e+17	1.00e+00	1.23e-21	0.00e+00
 8.38659e+17	1.00e+00	1.39e-21	0.00e+00
 8.38903e+17	1.00e+00	1.36e-21	0.00e+00
 8.39129e+17	1.00e+00	1.44e-21	0.00e+00
 8.39347e+17	1.00e+00	1.50e-21	0.00e+00
 8.39569e+17	1.00e+00	1.54e-21	0.00e+00
 8.39779e+17	1.00e+00	1.48e-21	0.00e+00
 8.39967e+17	1.00e+00	1.61e-21	0.00e+00
 8.40155e+17	1.00e+00	1.66e-21	0.00e+00
 8.40354e+17	1.00e+00	1.67e-21	0.00e+00
 8.40544e+17	1.00e+00	1.60e-21	0.00e+00
 8.40713e+17	1.00e+00	1.71e-21	0.00e+00
 8.40882e+17	1.00e+00	1.76e-21	0.00e+00
 8.41055e+17	1.00e+00	1.77e-21	0.00e+00
 8.41227e+17	1.00e+00	1.75e-21	0.00e+00
 8.41395e+17	1.00e+00	1.76e-21	0.00e+00
 8.41558e+17	1.00e+00	1.78e-21	0.00e+00
 8.41722e+17	1.00e+00	1.80e-21	0.00e+00
 8.41886e+17	1.00e+00	1.79e-21	0.00e+00
 8.42048e+17	1.00e+00	1.80e-21	0.00e+00
 8.42206e+17	1.00e+00	1.80e-21	0.00e+00
 8.42372e+17	1.00e+00	1.83e-21	0.00e+00
 8.42542e+17	1.00e+00	1.74e-21	0.00e+00
 8.42702e+17	1.00e+00	1.79e-21	0.00e+00
 8.42866e+17	1.00e+00	1.79e-21	0.00e+00
 8.43037e+17	1.00e+00	1.77e-21	0.00e+00
 8.43211e+17	1.00e+00	1.74e-21	0.00e+00
 8.43384e+17	1.00e+00	1.73e-21	0.00e+00
 8.43553e+17	1.00e+00	1.72e-21	0.00e+00
 8.43734e+17	1.00e+00	1.75e-21	0.00e+00
 8.43926e+17	1.00e+00	1.64e-21	0.00e+00
 8.44110e+17	1.00e+00	1.64e-21	0.00e+00
 8.44287e+17	1.00e+00	1.66e-21	0.00e+00
 8.44479e+17	1.00e+00	1.69e-21	0.00e+00
 8.44684e+17	1.00e+00	1.56e-21	0.00e+00
 8.44883e+17	1.00e+00	1.56e-21	0.00e+00
 8.45081e+17	1.00e+00	1.57e-21	0.00e+00
 8.45295e+17	1.00e+00	1.56e-21	0.00e+00
 8.45516e+17	1.00e+00	1.46e-21	0.00e+00
 8.45730e+17	1.00e+00	1.47e-21	0.00e+00
 8.45947e+17	1.00e+00	1.47e-21	0.00e+00
 8.46183e+17	1.00e+00	1.44e-21	0.00e+00
 8.46424e+17	1.00e+00	1.34e-21	0.00e+00
 8.46663e+17	1.00e+00	1.36e-21	0.00e+00
 8.46906e+17	1.00e+00	1.33e-21	0.00e+00
 8.47158e+17	1.00e+00	1.33e-21	0.00e+00
 8.47421e+17	1.00e+00	1.25e-21	0.00e+00
 8.47686e+17	1.00e+00	1.23e-21	0.00e+00
 8.47949e+17	1.00e+00	1.21e-21	0.00e+00
 8.48223e+17	1.00e+00	1.23e-21	0.00e+00
 8.48508e+17	1.00e+00	1.14e-21	0.00e+00
 8.48796e+17	1.00e+00	1.13e-21	0.00e+00
 8.49089e+17	1.00e+00	1.10e-21	0.00e+00
 8.49394e+17	1.00e+00	1.08e-21	0.00e+00
 8.49705e+17	1.00e+00	1.02e-21	0.00e+00
 8.50019e+17	1.00e+00	1.01e-21	0.00e+00
 8.50339e+17	1.00e+00	9.85e-22	0.00e+00
 8.50670e+17	1.00e+00	9.70e-22	0.00e+00
 8.51012e+17	1.00e+00	9.06e-22	0.00e+00
 8.51357e+17	1.00e+00	8.91e-22	0.00e+00
 8.51705e+17	1.00e+00	8.74e-22	0.00e+00
 8.52072e+17	1.00e+00	8.57e-22	0.00e+00
 8.52448e+17	1.00e+00	7.66e-22	0.00e+00
 8.52824e+17	1.00e+00	7.93e-22	0.00e+00
 8.53203e+17	1.00e+00	7.48e-22	0.00e+00
 8.53593e+17	1.00e+00	7.67e-22	0.00e+00
 8.54003e+17	1.00e+00	6.85e-22	0.00e+00
 8.54413e+17	1.00e+00	6.67e-22	0.00e+00
 8.54825e+17	1.00e+00	6.61e-22	0.00e+00
 8.55245e+17	1.00e+00	6.50e-22	0.00e+00
 8.55678e+17	1.00e+00	6.10e-22	0.00e+00
 8.56115e+17	1.00e+00	5.91e-22	0.00e+00
 8.56565e+17	1.00e+00	5.76e-22	0.00e+00
 8.57027e+17	1.00e+00	5.35e-22	0.00e+00
 8.57490e+17	1.00e+00	5.17e-22	0.00e+00
 8.57954e+17	1.00e+00	5.15e-22	0.00e+00
 8.58429e+17	1.00e+00	5.00e-22	0.00e+00
 8.58915e+17	1.00e+00	4.70e-22	0.00e+00
 8.59428e+17	1.00e+00	4.54e-22	0.00e+00
 8.59954e+17	1.00e+00	3.87e-22	0.00e+00
 8.60464e+17	1.00e+00	4.03e-22	0.00e+00
 8.60979e+17	1.00e+00	4.10e-22	0.00e+00
 8.61516e+17	1.00e+00	3.83e-22	0.00e+00
 8.62074e+17	1.00e+00	3.45e-22	0.00e+00
 8.62647e+17	1.00e+00	3.27e-22	0.00e+00
 8.63223e+17	1.00e+00	3.03e-22	0.00e+00
 8.63811e+17	1.00e+00	3.09e-22	0.00e+00
 8.64419e+17	1.00e+00	2.72e-22	0.00e+00
 8.65026e+17	1.00e+00	2.64e-22	0.00e+00
 8.65638e+17	1.00e+00	2.63e-22	0.00e+00
 8.66270e+17	1.00e+00	2.49e-22	0.00e+00
 8.66923e+17	1.00e+00	2.25e-22	0.00e+00
 8.67552e+17	1.00e+00	2.14e-22	0.00e+00
 8.68116e+17	1.00e+00	2.48e-22	0.00e+00
 8.68623e+17	1.00e+00	3.04e-22	0.00e+00
 8.69096e+17	1.00e+00	3.49e-22	0.00e+00
 8.69550e+17	1.00e+00	3.73e-22	0.00e+00
 8.69986e+17	1.00e+00	3.92e-22	0.00e+00
 8.70401e+17	1.00e+00	4.16e-22	0.00e+00
 8.70796e+17	1.00e+00	4.43e-22	0.00e+00
 8.71174e+17	1.00e+00	4.70e-22	0.00e+00
 8.71538e+17	1.00e+00	4.93e-22	0.00e+00
 8.71887e+17	1.00e+00	5.15e-22	0.00e+00
 8.72224e+17	1.00e+00	5.38e-22	0.00e+00
 8.72547e+17	1.00e+00	5.61e-22	0.00e+00
 8.72858e+17	1.00e+00	5.83e-22	0.00e+00
 8.73157e+17	1.00e+00	6.05e-22	0.00e+00
 8.73444e+17	1.00e+00	6.28e-22	0.00e+00
 8.73721e+17	1.00e+00	6.50e-22	0.00e+00
 8.73988e+17	1.00e+00	6.71e-22	0.00e+00
 8.74245e+17	1.00e+00	6.92e-22	0.00e+00
 8.74494e+17	1.00e+00	7.09e-22	0.00e+00
 8.74734e+17	1.00e+00	7.28e-22	0.00e+00
 8.74967e+17	1.00e+00	7.44e-22	0.00e+00
 8.75190e+17	1.00e+00	7.65e-22	0.00e+00
 8.75408e+17	1.00e+00	7.83e-22	0.00e+00
 8.75621e+17	1.00e+00	7.91e-22	0.00e+00
 8.75825e+17	1.00e+00	8.09e-22	0.00e+00
 8.76024e+17	1.00e+00	8.26e-22	0.00e+00
 8.76219e+17	1.00e+00	8.37e-22	0.00e+00
 8.76409e+17	1.00e+00	8.46e-22	0.00e+00
 8.76595e+17	1.00e+00	8.55e-22	0.00e+00
 8.76775e+17	1.00e+00	8.67e-22	0.00e+00
 8.76952e+17	1.00e+00	8.78e-22	0.00e+00
 8.77126e+17	1.00e+00	8.85e-22	0.00e+00
 8.77325e+17	1.00e+00	8.91e-22	0.00e+00
 8.77583e+17	1.00e+00	7.85e-22	0.00e+00
 8.77919e+17	1.00e+00	6.23e-22	0.00e+00
 8.78355e+17	1.00e+00	4.53e-22	0.00e+00
 8.78923e+17	1.00e+00	2.99e-22	0.00e+00
 8.79621e+17	1.00e+00	1.84e-22	0.00e+00
