#depth	He	He+	He+2
 1.49634e+10	1.27e-22	5.94e-12	1.00e+00
 4.54887e+10	1.44e-22	6.42e-12	1.00e+00
 7.72350e+10	1.63e-22	6.95e-12	1.00e+00
 1.10251e+11	1.84e-22	7.52e-12	1.00e+00
 1.41853e+11	2.06e-22	8.08e-12	1.00e+00
 1.71185e+11	2.28e-22	8.62e-12	1.00e+00
 2.04425e+11	2.55e-22	9.26e-12	1.00e+00
 2.42529e+11	2.90e-22	1.00e-11	1.00e+00
 2.77515e+11	3.26e-22	1.07e-11	1.00e+00
 3.07436e+11	3.57e-22	1.14e-11	1.00e+00
 3.40464e+11	3.95e-22	1.21e-11	1.00e+00
 3.81279e+11	4.47e-22	1.30e-11	1.00e+00
 4.22899e+11	5.07e-22	1.40e-11	1.00e+00
 4.59964e+11	5.63e-22	1.49e-11	1.00e+00
 5.00421e+11	6.29e-22	1.60e-11	1.00e+00
 5.48717e+11	7.18e-22	1.72e-11	1.00e+00
 5.96496e+11	8.17e-22	1.85e-11	1.00e+00
 6.39792e+11	9.12e-22	1.98e-11	1.00e+00
 6.87969e+11	1.03e-21	2.12e-11	1.00e+00
 7.44466e+11	1.18e-21	2.29e-11	1.00e+00
 8.00233e+11	1.35e-21	2.47e-11	1.00e+00
 8.52514e+11	1.52e-21	2.64e-11	1.00e+00
 9.10827e+11	1.73e-21	2.84e-11	1.00e+00
 9.77187e+11	2.00e-21	3.07e-11	1.00e+00
 1.04080e+12	2.29e-21	3.31e-11	1.00e+00
 1.09873e+12	2.58e-21	3.53e-11	1.00e+00
 1.16346e+12	2.92e-21	3.78e-11	1.00e+00
 1.23901e+12	3.38e-21	4.10e-11	1.00e+00
 1.31368e+12	3.90e-21	4.42e-11	1.00e+00
 1.38452e+12	4.43e-21	4.73e-11	1.00e+00
 1.44948e+12	4.97e-21	5.04e-11	1.00e+00
 1.50869e+12	5.49e-21	5.32e-11	1.00e+00
 1.57627e+12	6.14e-21	5.65e-11	1.00e+00
 1.66172e+12	7.06e-21	6.09e-11	1.00e+00
 1.74900e+12	8.14e-21	6.56e-11	1.00e+00
 1.82436e+12	9.13e-21	6.98e-11	1.00e+00
 1.90562e+12	1.03e-20	7.45e-11	1.00e+00
 2.00555e+12	1.19e-20	8.05e-11	1.00e+00
 2.10822e+12	1.38e-20	8.70e-11	1.00e+00
 2.20247e+12	1.57e-20	9.32e-11	1.00e+00
 2.30730e+12	1.79e-20	1.00e-10	1.00e+00
 2.42884e+12	2.10e-20	1.09e-10	1.00e+00
 2.53928e+12	2.42e-20	1.18e-10	1.00e+00
 2.63038e+12	2.69e-20	1.25e-10	1.00e+00
 2.72921e+12	3.02e-20	1.33e-10	1.00e+00
 2.85573e+12	3.49e-20	1.44e-10	1.00e+00
 2.98698e+12	4.06e-20	1.56e-10	1.00e+00
 3.09950e+12	4.58e-20	1.67e-10	1.00e+00
 3.21894e+12	5.18e-20	1.79e-10	1.00e+00
 3.36714e+12	6.03e-20	1.95e-10	1.00e+00
 3.51595e+12	7.02e-20	2.12e-10	1.00e+00
 3.64393e+12	7.94e-20	2.27e-10	1.00e+00
 3.78159e+12	8.99e-20	2.45e-10	1.00e+00
 3.95156e+12	1.05e-19	2.68e-10	1.00e+00
 4.11812e+12	1.22e-19	2.92e-10	1.00e+00
 4.25665e+12	1.37e-19	3.13e-10	1.00e+00
 4.40413e+12	1.54e-19	3.37e-10	1.00e+00
 4.59220e+12	1.79e-19	3.69e-10	1.00e+00
 4.78588e+12	2.09e-19	4.05e-10	1.00e+00
 4.95186e+12	2.38e-19	4.38e-10	1.00e+00
 5.12901e+12	2.72e-19	4.74e-10	1.00e+00
 5.34869e+12	3.19e-19	5.23e-10	1.00e+00
 5.57333e+12	3.73e-19	5.75e-10	1.00e+00
 5.77458e+12	4.26e-19	6.25e-10	1.00e+00
 5.95207e+12	4.76e-19	6.71e-10	1.00e+00
 6.13916e+12	5.31e-19	7.22e-10	1.00e+00
 6.38238e+12	6.12e-19	7.91e-10	1.00e+00
 6.63148e+12	7.05e-19	8.65e-10	1.00e+00
 6.82986e+12	7.83e-19	9.26e-10	1.00e+00
 7.02938e+12	8.64e-19	9.91e-10	1.00e+00
 7.28876e+12	9.80e-19	1.08e-09	1.00e+00
 7.55887e+12	1.12e-18	1.17e-09	1.00e+00
 7.78674e+12	1.24e-18	1.26e-09	1.00e+00
 8.02680e+12	1.37e-18	1.35e-09	1.00e+00
 8.33888e+12	1.56e-18	1.47e-09	1.00e+00
 8.66067e+12	1.78e-18	1.60e-09	1.00e+00
 8.92827e+12	1.98e-18	1.72e-09	1.00e+00
 9.20930e+12	2.19e-18	1.84e-09	1.00e+00
 9.57048e+12	2.50e-18	2.01e-09	1.00e+00
 9.94616e+12	2.86e-18	2.19e-09	1.00e+00
 1.02702e+13	3.18e-18	2.35e-09	1.00e+00
 1.06167e+13	3.56e-18	2.53e-09	1.00e+00
 1.10437e+13	4.07e-18	2.77e-09	1.00e+00
 1.14777e+13	4.64e-18	3.01e-09	1.00e+00
 1.18658e+13	5.20e-18	3.25e-09	1.00e+00
 1.22151e+13	5.74e-18	3.46e-09	1.00e+00
 1.25921e+13	6.35e-18	3.70e-09	1.00e+00
 1.30163e+13	7.12e-18	3.98e-09	1.00e+00
 1.33947e+13	7.86e-18	4.24e-09	1.00e+00
 1.37218e+13	8.51e-18	4.48e-09	1.00e+00
 1.40893e+13	9.30e-18	4.75e-09	1.00e+00
 1.45670e+13	1.04e-17	5.11e-09	1.00e+00
 1.50653e+13	1.17e-17	5.51e-09	1.00e+00
 1.54850e+13	1.29e-17	5.86e-09	1.00e+00
 1.59256e+13	1.41e-17	6.24e-09	1.00e+00
 1.64984e+13	1.59e-17	6.75e-09	1.00e+00
 1.70975e+13	1.80e-17	7.31e-09	1.00e+00
 1.76097e+13	1.99e-17	7.80e-09	1.00e+00
 1.81545e+13	2.20e-17	8.36e-09	1.00e+00
 1.88466e+13	2.50e-17	9.09e-09	1.00e+00
 1.95680e+13	2.83e-17	9.90e-09	1.00e+00
 2.02072e+13	3.16e-17	1.06e-08	1.00e+00
 2.09022e+13	3.53e-17	1.15e-08	1.00e+00
 2.17359e+13	4.03e-17	1.26e-08	1.00e+00
 2.25427e+13	4.55e-17	1.37e-08	1.00e+00
 2.32386e+13	5.04e-17	1.46e-08	1.00e+00
 2.39976e+13	5.61e-17	1.58e-08	1.00e+00
 2.47759e+13	6.25e-17	1.70e-08	1.00e+00
 2.54126e+13	6.82e-17	1.80e-08	1.00e+00
 2.60735e+13	7.43e-17	1.91e-08	1.00e+00
 2.69326e+13	8.31e-17	2.05e-08	1.00e+00
 2.78299e+13	9.30e-17	2.21e-08	1.00e+00
 2.85901e+13	1.02e-16	2.35e-08	1.00e+00
 2.93918e+13	1.13e-16	2.51e-08	1.00e+00
 3.04341e+13	1.27e-16	2.71e-08	1.00e+00
 3.15197e+13	1.44e-16	2.94e-08	1.00e+00
 3.24391e+13	1.60e-16	3.14e-08	1.00e+00
 3.34121e+13	1.78e-16	3.35e-08	1.00e+00
 3.46562e+13	2.04e-16	3.64e-08	1.00e+00
 3.59635e+13	2.34e-16	3.96e-08	1.00e+00
 3.71250e+13	2.64e-16	4.24e-08	1.00e+00
 3.83863e+13	2.99e-16	4.57e-08	1.00e+00
 3.98961e+13	3.47e-16	4.97e-08	1.00e+00
 4.14462e+13	4.02e-16	5.40e-08	1.00e+00
 4.27550e+13	4.53e-16	5.77e-08	1.00e+00
 4.38390e+13	4.99e-16	6.09e-08	1.00e+00
 4.50540e+13	5.55e-16	6.45e-08	1.00e+00
 4.66334e+13	6.34e-16	6.94e-08	1.00e+00
 4.83255e+13	7.29e-16	7.49e-08	1.00e+00
 4.97665e+13	8.18e-16	7.96e-08	1.00e+00
 5.12423e+13	9.17e-16	8.45e-08	1.00e+00
 5.31330e+13	1.06e-15	9.11e-08	1.00e+00
 5.50872e+13	1.22e-15	9.82e-08	1.00e+00
 5.67648e+13	1.37e-15	1.04e-07	1.00e+00
 5.85584e+13	1.55e-15	1.11e-07	1.00e+00
 6.07785e+13	1.79e-15	1.20e-07	1.00e+00
 6.30654e+13	2.07e-15	1.29e-07	1.00e+00
 6.51292e+13	2.35e-15	1.38e-07	1.00e+00
 6.73907e+13	2.69e-15	1.48e-07	1.00e+00
 7.00573e+13	3.13e-15	1.60e-07	1.00e+00
 7.26833e+13	3.61e-15	1.73e-07	1.00e+00
 7.49695e+13	4.08e-15	1.84e-07	1.00e+00
 7.73810e+13	4.62e-15	1.96e-07	1.00e+00
 8.03339e+13	5.35e-15	2.11e-07	1.00e+00
 8.32854e+13	6.17e-15	2.27e-07	1.00e+00
 8.57408e+13	6.91e-15	2.41e-07	1.00e+00
 8.78333e+13	7.59e-15	2.53e-07	1.00e+00
 9.01302e+13	8.40e-15	2.67e-07	1.00e+00
 9.31163e+13	9.55e-15	2.85e-07	1.00e+00
 9.62013e+13	1.08e-14	3.05e-07	1.00e+00
 9.87694e+13	1.20e-14	3.22e-07	1.00e+00
 1.01463e+14	1.34e-14	3.40e-07	1.00e+00
 1.04964e+14	1.53e-14	3.64e-07	1.00e+00
 1.08596e+14	1.75e-14	3.91e-07	1.00e+00
 1.11657e+14	1.95e-14	4.14e-07	1.00e+00
 1.14898e+14	2.18e-14	4.39e-07	1.00e+00
 1.19079e+14	2.50e-14	4.72e-07	1.00e+00
 1.23422e+14	2.88e-14	5.08e-07	1.00e+00
 1.27148e+14	3.24e-14	5.40e-07	1.00e+00
 1.31130e+14	3.65e-14	5.76e-07	1.00e+00
 1.36063e+14	4.22e-14	6.21e-07	1.00e+00
 1.41094e+14	4.86e-14	6.70e-07	1.00e+00
 1.45553e+14	5.49e-14	7.14e-07	1.00e+00
 1.50408e+14	6.23e-14	7.64e-07	1.00e+00
 1.56230e+14	7.23e-14	8.27e-07	1.00e+00
 1.62010e+14	8.32e-14	8.91e-07	1.00e+00
 1.67236e+14	9.41e-14	9.51e-07	1.00e+00
 1.73042e+14	1.07e-13	1.02e-06	1.00e+00
 1.79865e+14	1.25e-13	1.11e-06	1.00e+00
 1.86614e+14	1.43e-13	1.19e-06	1.00e+00
 1.92341e+14	1.61e-13	1.27e-06	1.00e+00
 1.96994e+14	1.76e-13	1.33e-06	1.00e+00
 2.01902e+14	1.94e-13	1.40e-06	1.00e+00
 2.08283e+14	2.18e-13	1.49e-06	1.00e+00
 2.14949e+14	2.46e-13	1.59e-06	1.00e+00
 2.20599e+14	2.71e-13	1.68e-06	1.00e+00
 2.26559e+14	3.00e-13	1.77e-06	1.00e+00
 2.34307e+14	3.40e-13	1.90e-06	1.00e+00
 2.42313e+14	3.86e-13	2.03e-06	1.00e+00
 2.48996e+14	4.27e-13	2.15e-06	1.00e+00
 2.56023e+14	4.73e-13	2.27e-06	1.00e+00
 2.65159e+14	5.39e-13	2.44e-06	1.00e+00
 2.74747e+14	6.14e-13	2.62e-06	1.00e+00
 2.82993e+14	6.84e-13	2.78e-06	1.00e+00
 2.91786e+14	7.65e-13	2.96e-06	1.00e+00
 3.02705e+14	8.75e-13	3.19e-06	1.00e+00
 3.13960e+14	9.98e-13	3.43e-06	1.00e+00
 3.24048e+14	1.12e-12	3.65e-06	1.00e+00
 3.35053e+14	1.26e-12	3.91e-06	1.00e+00
 3.48113e+14	1.45e-12	4.22e-06	1.00e+00
 3.61039e+14	1.65e-12	4.54e-06	1.00e+00
 3.72907e+14	1.85e-12	4.85e-06	1.00e+00
 3.86207e+14	2.09e-12	5.20e-06	1.00e+00
 3.99095e+14	2.35e-12	5.56e-06	1.00e+00
 4.08602e+14	2.56e-12	5.83e-06	1.00e+00
 4.18118e+14	2.77e-12	6.11e-06	1.00e+00
 4.30487e+14	3.07e-12	6.48e-06	1.00e+00
 4.43863e+14	3.42e-12	6.89e-06	1.00e+00
 4.55825e+14	3.76e-12	7.27e-06	1.00e+00
 4.68653e+14	4.14e-12	7.69e-06	1.00e+00
 4.85331e+14	4.69e-12	8.26e-06	1.00e+00
 5.02237e+14	5.29e-12	8.86e-06	1.00e+00
 5.15877e+14	5.81e-12	9.36e-06	1.00e+00
 5.30047e+14	6.40e-12	9.89e-06	1.00e+00
 5.48466e+14	7.23e-12	1.06e-05	1.00e+00
 5.68047e+14	8.18e-12	1.14e-05	1.00e+00
 5.85251e+14	9.10e-12	1.21e-05	1.00e+00
 6.03729e+14	1.02e-11	1.29e-05	1.00e+00
 6.26471e+14	1.16e-11	1.40e-05	1.00e+00
 6.49336e+14	1.32e-11	1.51e-05	1.00e+00
 6.69293e+14	1.47e-11	1.60e-05	1.00e+00
 6.90893e+14	1.66e-11	1.72e-05	1.00e+00
 7.17178e+14	1.90e-11	1.86e-05	1.00e+00
 7.43357e+14	2.17e-11	2.00e-05	1.00e+00
 7.66422e+14	2.43e-11	2.13e-05	1.00e+00
 7.91635e+14	2.74e-11	2.29e-05	1.00e+00
 8.22019e+14	3.16e-11	2.48e-05	1.00e+00
 8.52248e+14	3.61e-11	2.68e-05	1.00e+00
 8.77943e+14	4.04e-11	2.85e-05	1.00e+00
 8.99324e+14	4.43e-11	3.00e-05	1.00e+00
 9.21825e+14	4.87e-11	3.17e-05	1.00e+00
 9.51076e+14	5.50e-11	3.39e-05	1.00e+00
 9.81147e+14	6.20e-11	3.62e-05	1.00e+00
 1.00587e+15	6.83e-11	3.82e-05	1.00e+00
 1.03160e+15	7.53e-11	4.03e-05	1.00e+00
 1.06505e+15	8.53e-11	4.32e-05	1.00e+00
 1.09989e+15	9.68e-11	4.64e-05	1.00e+00
 1.12928e+15	1.07e-10	4.90e-05	1.00e+00
 1.16023e+15	1.20e-10	5.20e-05	1.00e+00
 1.20046e+15	1.37e-10	5.60e-05	1.00e+00
 1.24217e+15	1.57e-10	6.03e-05	1.00e+00
 1.27741e+15	1.76e-10	6.41e-05	1.00e+00
 1.31481e+15	1.97e-10	6.83e-05	1.00e+00
 1.36268e+15	2.28e-10	7.38e-05	1.00e+00
 1.41278e+15	2.65e-10	7.98e-05	1.00e+00
 1.45685e+15	3.00e-10	8.53e-05	1.00e+00
 1.50448e+15	3.42e-10	9.16e-05	1.00e+00
 1.56205e+15	4.00e-10	9.94e-05	1.00e+00
 1.61955e+15	4.65e-10	1.08e-04	1.00e+00
 1.67157e+15	5.30e-10	1.15e-04	1.00e+00
 1.71593e+15	5.91e-10	1.22e-04	1.00e+00
 1.75331e+15	6.47e-10	1.28e-04	1.00e+00
 1.79514e+15	7.14e-10	1.35e-04	1.00e+00
 1.84954e+15	8.11e-10	1.44e-04	1.00e+00
 1.90606e+15	9.21e-10	1.54e-04	1.00e+00
 1.95332e+15	1.02e-09	1.63e-04	1.00e+00
 2.00271e+15	1.14e-09	1.72e-04	1.00e+00
 2.06691e+15	1.30e-09	1.84e-04	1.00e+00
 2.13318e+15	1.49e-09	1.98e-04	1.00e+00
 2.18809e+15	1.67e-09	2.09e-04	1.00e+00
 2.24542e+15	1.87e-09	2.22e-04	1.00e+00
 2.31996e+15	2.16e-09	2.39e-04	1.00e+00
 2.39798e+15	2.49e-09	2.57e-04	1.00e+00
 2.46435e+15	2.82e-09	2.74e-04	1.00e+00
 2.53443e+15	3.19e-09	2.92e-04	1.00e+00
 2.62553e+15	3.73e-09	3.16e-04	1.00e+00
 2.72111e+15	4.38e-09	3.43e-04	1.00e+00
 2.80319e+15	5.00e-09	3.67e-04	1.00e+00
 2.89056e+15	5.74e-09	3.94e-04	1.00e+00
 2.99876e+15	6.79e-09	4.28e-04	1.00e+00
 3.10914e+15	7.99e-09	4.65e-04	1.00e+00
 3.20661e+15	9.19e-09	4.99e-04	1.00e+00
 3.28838e+15	1.03e-08	5.29e-04	9.99e-01
 3.35935e+15	1.13e-08	5.55e-04	9.99e-01
 3.44012e+15	1.26e-08	5.86e-04	9.99e-01
 3.54512e+15	1.45e-08	6.28e-04	9.99e-01
 3.65237e+15	1.66e-08	6.72e-04	9.99e-01
 3.73934e+15	1.85e-08	7.10e-04	9.99e-01
 3.82918e+15	2.06e-08	7.49e-04	9.99e-01
 3.94597e+15	2.36e-08	8.03e-04	9.99e-01
 4.06728e+15	2.70e-08	8.60e-04	9.99e-01
 4.16902e+15	3.02e-08	9.09e-04	9.99e-01
 4.27584e+15	3.38e-08	9.63e-04	9.99e-01
 4.41472e+15	3.90e-08	1.04e-03	9.99e-01
 4.55852e+15	4.49e-08	1.11e-03	9.99e-01
 4.67936e+15	5.04e-08	1.18e-03	9.99e-01
 4.80710e+15	5.68e-08	1.25e-03	9.99e-01
 4.97316e+15	6.60e-08	1.35e-03	9.99e-01
 5.14729e+15	7.66e-08	1.46e-03	9.99e-01
 5.29662e+15	8.66e-08	1.56e-03	9.98e-01
 5.45546e+15	9.84e-08	1.66e-03	9.98e-01
 5.65615e+15	1.15e-07	1.80e-03	9.98e-01
 5.83652e+15	1.32e-07	1.93e-03	9.98e-01
 5.95528e+15	1.44e-07	2.02e-03	9.98e-01
 6.06872e+15	1.56e-07	2.10e-03	9.98e-01
 6.21618e+15	1.73e-07	2.22e-03	9.98e-01
 6.40788e+15	1.98e-07	2.37e-03	9.98e-01
 6.60054e+15	2.24e-07	2.53e-03	9.97e-01
 6.75144e+15	2.46e-07	2.66e-03	9.97e-01
 6.90460e+15	2.71e-07	2.79e-03	9.97e-01
 7.10371e+15	3.06e-07	2.97e-03	9.97e-01
 7.31277e+15	3.45e-07	3.16e-03	9.97e-01
 7.49079e+15	3.81e-07	3.33e-03	9.97e-01
 7.67823e+15	4.23e-07	3.52e-03	9.96e-01
 7.92190e+15	4.83e-07	3.77e-03	9.96e-01
 8.17030e+15	5.47e-07	4.03e-03	9.96e-01
 8.37419e+15	6.04e-07	4.25e-03	9.96e-01
 8.58858e+15	6.72e-07	4.49e-03	9.96e-01
 8.86729e+15	7.69e-07	4.82e-03	9.95e-01
 9.15027e+15	8.70e-07	5.16e-03	9.95e-01
 9.38496e+15	9.61e-07	5.45e-03	9.95e-01
 9.63619e+15	1.07e-06	5.79e-03	9.94e-01
 9.88677e+15	1.18e-06	6.12e-03	9.94e-01
 1.00928e+16	1.28e-06	6.40e-03	9.94e-01
 1.03168e+16	1.41e-06	6.74e-03	9.93e-01
 1.05605e+16	1.55e-06	7.11e-03	9.93e-01
 1.07900e+16	1.68e-06	7.47e-03	9.93e-01
 1.10487e+16	1.86e-06	7.92e-03	9.92e-01
 1.13187e+16	2.05e-06	8.37e-03	9.92e-01
 1.15639e+16	2.24e-06	8.82e-03	9.91e-01
 1.18433e+16	2.48e-06	9.38e-03	9.91e-01
 1.21339e+16	2.74e-06	9.97e-03	9.90e-01
 1.23916e+16	2.99e-06	1.05e-02	9.89e-01
 1.26790e+16	3.32e-06	1.12e-02	9.89e-01
 1.29874e+16	3.70e-06	1.20e-02	9.88e-01
 1.32664e+16	4.06e-06	1.27e-02	9.87e-01
 1.35724e+16	4.53e-06	1.37e-02	9.86e-01
 1.38983e+16	5.08e-06	1.47e-02	9.85e-01
 1.41811e+16	5.59e-06	1.57e-02	9.84e-01
 1.44796e+16	6.25e-06	1.69e-02	9.83e-01
 1.48037e+16	7.06e-06	1.84e-02	9.82e-01
 1.50734e+16	7.77e-06	1.97e-02	9.80e-01
 1.52948e+16	8.46e-06	2.09e-02	9.79e-01
 1.55409e+16	9.35e-06	2.24e-02	9.78e-01
 1.58163e+16	1.05e-05	2.42e-02	9.76e-01
 1.60655e+16	1.16e-05	2.61e-02	9.74e-01
 1.62835e+16	1.28e-05	2.80e-02	9.72e-01
 1.64932e+16	1.42e-05	3.00e-02	9.70e-01
 1.67008e+16	1.56e-05	3.22e-02	9.68e-01
 1.69373e+16	1.78e-05	3.52e-02	9.65e-01
 1.71767e+16	2.01e-05	3.85e-02	9.61e-01
 1.73697e+16	2.22e-05	4.16e-02	9.58e-01
 1.75705e+16	2.49e-05	4.54e-02	9.55e-01
 1.77912e+16	2.84e-05	5.01e-02	9.50e-01
 1.79855e+16	3.26e-05	5.51e-02	9.45e-01
 1.81430e+16	3.64e-05	5.96e-02	9.40e-01
 1.83050e+16	4.10e-05	6.51e-02	9.35e-01
 1.84831e+16	4.64e-05	7.18e-02	9.28e-01
 1.86484e+16	5.28e-05	7.91e-02	9.21e-01
 1.87970e+16	6.12e-05	8.69e-02	9.13e-01
 1.89150e+16	6.79e-05	9.39e-02	9.06e-01
 1.90258e+16	7.43e-05	1.01e-01	8.99e-01
 1.91699e+16	8.73e-05	1.12e-01	8.88e-01
 1.93041e+16	9.87e-05	1.24e-01	8.76e-01
 1.94081e+16	1.10e-04	1.34e-01	8.66e-01
 1.95042e+16	1.23e-04	1.45e-01	8.55e-01
 1.95792e+16	1.33e-04	1.54e-01	8.46e-01
 1.96482e+16	1.45e-04	1.64e-01	8.36e-01
 1.97211e+16	1.58e-04	1.74e-01	8.26e-01
 1.97990e+16	1.73e-04	1.87e-01	8.13e-01
 1.98824e+16	1.92e-04	2.01e-01	7.99e-01
 1.99531e+16	2.13e-04	2.14e-01	7.85e-01
 2.00076e+16	2.29e-04	2.25e-01	7.74e-01
 2.00608e+16	2.46e-04	2.37e-01	7.63e-01
 2.01299e+16	2.71e-04	2.54e-01	7.46e-01
 2.02025e+16	2.97e-04	2.71e-01	7.29e-01
 2.02693e+16	3.28e-04	2.89e-01	7.11e-01
 2.03270e+16	3.55e-04	3.05e-01	6.95e-01
 2.03834e+16	3.86e-04	3.22e-01	6.77e-01
 2.04566e+16	4.29e-04	3.46e-01	6.54e-01
 2.05297e+16	4.76e-04	3.70e-01	6.29e-01
 2.05868e+16	5.13e-04	3.90e-01	6.10e-01
 2.06450e+16	5.59e-04	4.12e-01	5.88e-01
 2.07207e+16	6.27e-04	4.40e-01	5.59e-01
 2.07916e+16	6.90e-04	4.67e-01	5.32e-01
 2.08451e+16	7.42e-04	4.88e-01	5.11e-01
 2.09034e+16	8.05e-04	5.12e-01	4.87e-01
 2.09793e+16	8.92e-04	5.43e-01	4.56e-01
 2.10446e+16	9.68e-04	5.68e-01	4.31e-01
 2.10835e+16	1.02e-03	5.83e-01	4.16e-01
 2.11211e+16	1.07e-03	5.99e-01	4.00e-01
 2.11700e+16	1.13e-03	6.18e-01	3.81e-01
 2.12243e+16	1.21e-03	6.39e-01	3.60e-01
 2.12746e+16	1.29e-03	6.57e-01	3.42e-01
 2.13211e+16	1.36e-03	6.74e-01	3.25e-01
 2.13735e+16	1.44e-03	6.92e-01	3.06e-01
 2.14287e+16	1.53e-03	7.11e-01	2.88e-01
 2.14784e+16	1.62e-03	7.26e-01	2.72e-01
 2.15339e+16	1.72e-03	7.44e-01	2.55e-01
 2.15939e+16	1.83e-03	7.61e-01	2.37e-01
 2.16469e+16	1.93e-03	7.75e-01	2.23e-01
 2.17027e+16	2.05e-03	7.90e-01	2.08e-01
 2.17614e+16	2.17e-03	8.04e-01	1.94e-01
 2.18141e+16	2.29e-03	8.16e-01	1.82e-01
 2.18629e+16	2.41e-03	8.26e-01	1.71e-01
 2.19161e+16	2.54e-03	8.37e-01	1.60e-01
 2.19757e+16	2.69e-03	8.48e-01	1.49e-01
 2.20315e+16	2.85e-03	8.58e-01	1.40e-01
 2.20800e+16	3.00e-03	8.65e-01	1.32e-01
 2.21310e+16	3.16e-03	8.73e-01	1.24e-01
 2.21872e+16	3.35e-03	8.81e-01	1.16e-01
 2.22383e+16	3.53e-03	8.88e-01	1.09e-01
 2.22840e+16	3.72e-03	8.93e-01	1.03e-01
 2.23348e+16	3.92e-03	8.99e-01	9.70e-02
 2.23901e+16	4.18e-03	9.05e-01	9.09e-02
 2.24388e+16	4.43e-03	9.09e-01	8.61e-02
 2.24814e+16	4.66e-03	9.13e-01	8.19e-02
 2.25287e+16	4.93e-03	9.18e-01	7.75e-02
 2.25813e+16	5.28e-03	9.22e-01	7.30e-02
 2.26290e+16	5.63e-03	9.25e-01	6.92e-02
 2.26716e+16	5.97e-03	9.28e-01	6.61e-02
 2.27194e+16	6.38e-03	9.31e-01	6.25e-02
 2.27726e+16	6.92e-03	9.34e-01	5.89e-02
 2.28213e+16	7.48e-03	9.37e-01	5.59e-02
 2.28646e+16	8.04e-03	9.39e-01	5.34e-02
 2.29123e+16	8.72e-03	9.41e-01	5.06e-02
 2.29656e+16	9.63e-03	9.43e-01	4.78e-02
 2.30129e+16	1.06e-02	9.44e-01	4.55e-02
 2.30518e+16	1.16e-02	9.45e-01	4.38e-02
 2.30866e+16	1.25e-02	9.45e-01	4.22e-02
 2.31252e+16	1.37e-02	9.46e-01	4.05e-02
 2.31670e+16	1.53e-02	9.46e-01	3.87e-02
 2.32021e+16	1.69e-02	9.46e-01	3.74e-02
 2.32294e+16	1.84e-02	9.45e-01	3.64e-02
 2.32574e+16	2.01e-02	9.45e-01	3.53e-02
 2.32938e+16	2.26e-02	9.43e-01	3.41e-02
 2.33298e+16	2.59e-02	9.41e-01	3.29e-02
 2.33553e+16	2.89e-02	9.39e-01	3.21e-02
 2.33737e+16	3.12e-02	9.37e-01	3.17e-02
 2.33930e+16	3.40e-02	9.35e-01	3.11e-02
 2.34180e+16	3.80e-02	9.32e-01	3.05e-02
 2.34450e+16	4.35e-02	9.27e-01	2.99e-02
 2.34673e+16	4.94e-02	9.21e-01	2.95e-02
 2.34843e+16	5.45e-02	9.16e-01	2.92e-02
 2.35016e+16	6.03e-02	9.11e-01	2.89e-02
 2.35211e+16	6.81e-02	9.03e-01	2.87e-02
 2.35389e+16	7.68e-02	8.95e-01	2.86e-02
 2.35538e+16	8.50e-02	8.86e-01	2.86e-02
 2.35678e+16	9.39e-02	8.77e-01	2.86e-02
 2.35833e+16	1.05e-01	8.66e-01	2.87e-02
 2.35991e+16	1.18e-01	8.53e-01	2.89e-02
 2.36123e+16	1.31e-01	8.40e-01	2.91e-02
 2.36232e+16	1.43e-01	8.28e-01	2.93e-02
 2.36330e+16	1.55e-01	8.16e-01	2.95e-02
 2.36427e+16	1.68e-01	8.03e-01	2.96e-02
 2.36525e+16	1.82e-01	7.88e-01	2.98e-02
 2.36601e+16	1.93e-01	7.77e-01	3.00e-02
 2.36650e+16	2.01e-01	7.68e-01	3.02e-02
 2.36696e+16	2.09e-01	7.61e-01	3.02e-02
 2.36751e+16	2.19e-01	7.51e-01	3.03e-02
 2.36813e+16	2.30e-01	7.39e-01	3.04e-02
 2.36872e+16	2.42e-01	7.28e-01	3.05e-02
 2.36928e+16	2.53e-01	7.16e-01	3.06e-02
 2.36984e+16	2.65e-01	7.04e-01	3.06e-02
 2.37042e+16	2.77e-01	6.92e-01	3.07e-02
 2.37100e+16	2.91e-01	6.78e-01	3.07e-02
 2.37159e+16	3.05e-01	6.65e-01	3.07e-02
 2.37218e+16	3.19e-01	6.50e-01	3.07e-02
 2.37278e+16	3.34e-01	6.35e-01	3.07e-02
 2.37341e+16	3.51e-01	6.19e-01	3.05e-02
 2.37403e+16	3.67e-01	6.03e-01	3.04e-02
 2.37467e+16	3.85e-01	5.85e-01	3.02e-02
 2.37533e+16	4.03e-01	5.67e-01	3.00e-02
 2.37602e+16	4.22e-01	5.48e-01	2.96e-02
 2.37674e+16	4.42e-01	5.29e-01	2.93e-02
 2.37748e+16	4.63e-01	5.09e-01	2.88e-02
 2.37826e+16	4.84e-01	4.87e-01	2.83e-02
 2.37909e+16	5.07e-01	4.66e-01	2.77e-02
 2.37997e+16	5.29e-01	4.44e-01	2.70e-02
 2.38088e+16	5.52e-01	4.22e-01	2.62e-02
 2.38186e+16	5.74e-01	4.01e-01	2.54e-02
 2.38294e+16	5.96e-01	3.80e-01	2.44e-02
 2.38415e+16	6.17e-01	3.59e-01	2.35e-02
 2.38550e+16	6.37e-01	3.40e-01	2.25e-02
 2.38690e+16	6.54e-01	3.24e-01	2.16e-02
 2.38828e+16	6.67e-01	3.12e-01	2.09e-02
 2.38964e+16	6.78e-01	3.02e-01	2.02e-02
 2.39098e+16	6.86e-01	2.94e-01	1.96e-02
 2.39252e+16	6.94e-01	2.87e-01	1.91e-02
 2.39452e+16	7.01e-01	2.80e-01	1.84e-02
 2.39711e+16	7.09e-01	2.74e-01	1.77e-02
 2.40049e+16	7.16e-01	2.67e-01	1.69e-02
 2.40488e+16	7.24e-01	2.60e-01	1.60e-02
 2.41059e+16	7.33e-01	2.52e-01	1.49e-02
 2.41802e+16	7.44e-01	2.42e-01	1.36e-02
 2.42665e+16	7.56e-01	2.32e-01	1.23e-02
 2.43532e+16	7.67e-01	2.22e-01	1.12e-02
 2.44368e+16	7.77e-01	2.13e-01	1.02e-02
 2.45205e+16	7.86e-01	2.05e-01	9.34e-03
 2.46062e+16	7.96e-01	1.96e-01	8.49e-03
 2.46943e+16	8.04e-01	1.88e-01	7.73e-03
 2.47837e+16	8.13e-01	1.80e-01	7.04e-03
 2.48729e+16	8.21e-01	1.72e-01	6.41e-03
 2.49625e+16	8.29e-01	1.66e-01	5.87e-03
 2.50512e+16	8.36e-01	1.59e-01	5.36e-03
 2.51402e+16	8.43e-01	1.53e-01	4.91e-03
 2.52314e+16	8.49e-01	1.46e-01	4.48e-03
 2.53241e+16	8.56e-01	1.40e-01	4.10e-03
 2.54174e+16	8.62e-01	1.35e-01	3.75e-03
 2.55105e+16	8.67e-01	1.29e-01	3.43e-03
 2.56037e+16	8.73e-01	1.24e-01	3.14e-03
 2.56977e+16	8.78e-01	1.19e-01	2.88e-03
 2.57924e+16	8.83e-01	1.14e-01	2.64e-03
 2.58698e+16	8.87e-01	1.11e-01	2.47e-03
 2.59235e+16	8.89e-01	1.08e-01	2.36e-03
 2.59727e+16	8.91e-01	1.06e-01	2.26e-03
 2.60258e+16	8.94e-01	1.04e-01	2.15e-03
 2.60795e+16	8.96e-01	1.02e-01	2.05e-03
 2.61317e+16	8.99e-01	9.94e-02	1.96e-03
 2.61834e+16	9.01e-01	9.74e-02	1.88e-03
 2.62333e+16	9.03e-01	9.55e-02	1.80e-03
 2.62816e+16	9.05e-01	9.36e-02	1.72e-03
 2.63287e+16	9.07e-01	9.18e-02	1.66e-03
 2.63752e+16	9.08e-01	9.01e-02	1.59e-03
 2.64210e+16	9.10e-01	8.85e-02	1.53e-03
 2.64660e+16	9.12e-01	8.69e-02	1.47e-03
 2.65105e+16	9.13e-01	8.53e-02	1.42e-03
 2.65543e+16	9.15e-01	8.39e-02	1.37e-03
 2.65974e+16	9.16e-01	8.24e-02	1.32e-03
 2.66397e+16	9.18e-01	8.11e-02	1.27e-03
 2.66814e+16	9.19e-01	7.97e-02	1.23e-03
 2.67224e+16	9.20e-01	7.85e-02	1.19e-03
 2.67629e+16	9.22e-01	7.72e-02	1.15e-03
 2.68029e+16	9.23e-01	7.60e-02	1.11e-03
 2.68424e+16	9.24e-01	7.49e-02	1.07e-03
 2.68815e+16	9.25e-01	7.37e-02	1.04e-03
 2.69203e+16	9.26e-01	7.26e-02	1.01e-03
 2.69587e+16	9.27e-01	7.16e-02	9.76e-04
 2.69968e+16	9.29e-01	7.05e-02	9.46e-04
 2.70347e+16	9.30e-01	6.95e-02	9.17e-04
 2.70724e+16	9.31e-01	6.85e-02	8.90e-04
 2.71101e+16	9.32e-01	6.75e-02	8.63e-04
 2.71478e+16	9.33e-01	6.65e-02	8.37e-04
 2.71855e+16	9.34e-01	6.56e-02	8.11e-04
 2.72235e+16	9.35e-01	6.46e-02	7.87e-04
 2.72618e+16	9.36e-01	6.37e-02	7.63e-04
 2.73012e+16	9.37e-01	6.28e-02	7.39e-04
 2.73418e+16	9.37e-01	6.18e-02	7.15e-04
 2.73835e+16	9.38e-01	6.08e-02	6.91e-04
 2.74263e+16	9.39e-01	5.98e-02	6.68e-04
 2.74708e+16	9.41e-01	5.88e-02	6.44e-04
 2.75175e+16	9.42e-01	5.78e-02	6.20e-04
 2.75672e+16	9.43e-01	5.67e-02	5.96e-04
 2.76200e+16	9.44e-01	5.56e-02	5.71e-04
 2.76784e+16	9.45e-01	5.43e-02	5.45e-04
 2.77474e+16	9.47e-01	5.29e-02	5.15e-04
 2.78237e+16	9.48e-01	5.14e-02	4.84e-04
 2.78975e+16	9.50e-01	5.00e-02	4.57e-04
 2.79646e+16	9.51e-01	4.88e-02	4.33e-04
 2.80257e+16	9.52e-01	4.77e-02	4.13e-04
 2.80813e+16	9.53e-01	4.67e-02	3.96e-04
 2.81319e+16	9.54e-01	4.59e-02	3.80e-04
 2.81779e+16	9.55e-01	4.51e-02	3.67e-04
 2.82198e+16	9.55e-01	4.44e-02	3.55e-04
 2.82657e+16	9.56e-01	4.36e-02	3.42e-04
 2.83153e+16	9.57e-01	4.28e-02	3.28e-04
 2.83604e+16	9.58e-01	4.21e-02	3.17e-04
 2.84015e+16	9.58e-01	4.14e-02	3.07e-04
 2.84388e+16	9.59e-01	4.08e-02	2.97e-04
 2.84797e+16	9.60e-01	4.02e-02	2.88e-04
 2.85239e+16	9.60e-01	3.95e-02	2.77e-04
 2.85641e+16	9.61e-01	3.89e-02	2.69e-04
 2.86007e+16	9.61e-01	3.83e-02	2.60e-04
 2.86340e+16	9.62e-01	3.78e-02	2.54e-04
 2.86705e+16	9.62e-01	3.73e-02	2.46e-04
 2.87099e+16	9.63e-01	3.67e-02	2.38e-04
 2.87457e+16	9.64e-01	3.62e-02	2.31e-04
 2.87784e+16	9.64e-01	3.57e-02	2.25e-04
 2.88141e+16	9.65e-01	3.51e-02	2.17e-04
 2.88527e+16	9.65e-01	3.46e-02	2.11e-04
 2.88878e+16	9.66e-01	3.41e-02	2.05e-04
 2.89198e+16	9.66e-01	3.37e-02	1.99e-04
 2.89548e+16	9.67e-01	3.32e-02	1.93e-04
 2.89926e+16	9.67e-01	3.27e-02	1.87e-04
 2.90270e+16	9.68e-01	3.22e-02	1.81e-04
 2.90583e+16	9.68e-01	3.18e-02	1.77e-04
 2.90926e+16	9.69e-01	3.13e-02	1.71e-04
 2.91296e+16	9.69e-01	3.08e-02	1.66e-04
 2.91633e+16	9.69e-01	3.04e-02	1.61e-04
 2.91940e+16	9.70e-01	3.00e-02	1.57e-04
 2.92276e+16	9.70e-01	2.96e-02	1.52e-04
 2.92639e+16	9.71e-01	2.91e-02	1.47e-04
 2.92969e+16	9.71e-01	2.87e-02	1.43e-04
 2.93269e+16	9.72e-01	2.83e-02	1.40e-04
 2.93598e+16	9.72e-01	2.79e-02	1.35e-04
 2.93954e+16	9.72e-01	2.75e-02	1.31e-04
 2.94277e+16	9.73e-01	2.71e-02	1.28e-04
 2.94572e+16	9.73e-01	2.68e-02	1.25e-04
 2.94894e+16	9.73e-01	2.64e-02	1.21e-04
 2.95242e+16	9.74e-01	2.60e-02	1.17e-04
 2.95559e+16	9.74e-01	2.57e-02	1.14e-04
 2.95847e+16	9.75e-01	2.54e-02	1.12e-04
 2.96163e+16	9.75e-01	2.50e-02	1.08e-04
 2.96504e+16	9.75e-01	2.47e-02	1.05e-04
 2.96815e+16	9.76e-01	2.43e-02	1.03e-04
 2.97155e+16	9.76e-01	2.40e-02	9.95e-05
 2.97522e+16	9.76e-01	2.36e-02	9.65e-05
 2.97856e+16	9.77e-01	2.33e-02	9.40e-05
 2.98222e+16	9.77e-01	2.29e-02	9.10e-05
 2.98618e+16	9.77e-01	2.26e-02	8.81e-05
 2.98977e+16	9.78e-01	2.22e-02	8.56e-05
 2.99305e+16	9.78e-01	2.20e-02	8.35e-05
 2.99663e+16	9.78e-01	2.16e-02	8.09e-05
 3.00051e+16	9.79e-01	2.13e-02	7.85e-05
 3.00403e+16	9.79e-01	2.10e-02	7.64e-05
 3.00789e+16	9.79e-01	2.07e-02	7.39e-05
 3.01206e+16	9.80e-01	2.03e-02	7.15e-05
 3.01585e+16	9.80e-01	2.00e-02	6.95e-05
 3.02001e+16	9.80e-01	1.97e-02	6.71e-05
 3.02450e+16	9.81e-01	1.93e-02	6.48e-05
 3.02858e+16	9.81e-01	1.91e-02	6.28e-05
 3.03230e+16	9.81e-01	1.88e-02	6.11e-05
 3.03637e+16	9.81e-01	1.85e-02	5.91e-05
 3.04077e+16	9.82e-01	1.82e-02	5.72e-05
 3.04477e+16	9.82e-01	1.79e-02	5.55e-05
 3.04915e+16	9.82e-01	1.76e-02	5.36e-05
 3.05388e+16	9.83e-01	1.73e-02	5.17e-05
 3.05819e+16	9.83e-01	1.70e-02	5.01e-05
 3.06291e+16	9.83e-01	1.67e-02	4.83e-05
 3.06801e+16	9.84e-01	1.64e-02	4.65e-05
 3.07264e+16	9.84e-01	1.61e-02	4.50e-05
 3.07686e+16	9.84e-01	1.59e-02	4.37e-05
 3.08148e+16	9.84e-01	1.56e-02	4.22e-05
 3.08648e+16	9.85e-01	1.53e-02	4.07e-05
 3.09102e+16	9.85e-01	1.51e-02	3.95e-05
 3.09599e+16	9.85e-01	1.48e-02	3.80e-05
 3.10137e+16	9.85e-01	1.45e-02	3.66e-05
 3.10626e+16	9.86e-01	1.43e-02	3.55e-05
 3.11071e+16	9.86e-01	1.41e-02	3.44e-05
 3.11558e+16	9.86e-01	1.38e-02	3.32e-05
 3.12085e+16	9.86e-01	1.36e-02	3.20e-05
 3.12564e+16	9.87e-01	1.33e-02	3.10e-05
 3.13089e+16	9.87e-01	1.31e-02	2.99e-05
 3.13655e+16	9.87e-01	1.28e-02	2.88e-05
 3.14171e+16	9.87e-01	1.26e-02	2.78e-05
 3.14736e+16	9.88e-01	1.24e-02	2.68e-05
 3.15346e+16	9.88e-01	1.21e-02	2.57e-05
 3.15901e+16	9.88e-01	1.19e-02	2.48e-05
 3.16510e+16	9.88e-01	1.17e-02	2.38e-05
 3.17166e+16	9.89e-01	1.14e-02	2.28e-05
 3.17764e+16	9.89e-01	1.12e-02	2.20e-05
 3.18419e+16	9.89e-01	1.10e-02	2.11e-05
 3.19126e+16	9.89e-01	1.07e-02	2.02e-05
 3.19769e+16	9.89e-01	1.05e-02	1.94e-05
 3.20474e+16	9.90e-01	1.03e-02	1.85e-05
 3.21235e+16	9.90e-01	1.00e-02	1.77e-05
 3.21928e+16	9.90e-01	9.83e-03	1.70e-05
 3.22687e+16	9.90e-01	9.60e-03	1.62e-05
 3.23506e+16	9.91e-01	9.36e-03	1.54e-05
 3.24252e+16	9.91e-01	9.16e-03	1.48e-05
 3.25069e+16	9.91e-01	8.92e-03	1.40e-05
 3.25951e+16	9.91e-01	8.70e-03	1.33e-05
 3.26753e+16	9.91e-01	8.50e-03	1.28e-05
 3.27633e+16	9.92e-01	8.28e-03	1.21e-05
 3.28583e+16	9.92e-01	8.06e-03	1.15e-05
 3.29447e+16	9.92e-01	7.87e-03	1.09e-05
 3.30394e+16	9.92e-01	7.65e-03	1.03e-05
 3.31416e+16	9.93e-01	7.43e-03	9.79e-06
 3.32346e+16	9.93e-01	7.25e-03	9.32e-06
 3.33365e+16	9.93e-01	7.04e-03	8.79e-06
 3.34466e+16	9.93e-01	6.83e-03	8.30e-06
 3.35467e+16	9.93e-01	6.66e-03	7.88e-06
 3.36564e+16	9.94e-01	6.46e-03	7.41e-06
 3.37749e+16	9.94e-01	6.26e-03	6.98e-06
 3.38827e+16	9.94e-01	6.09e-03	6.61e-06
 3.40008e+16	9.94e-01	5.90e-03	6.20e-06
 3.41284e+16	9.94e-01	5.71e-03	5.82e-06
 3.42444e+16	9.94e-01	5.55e-03	5.50e-06
 3.43716e+16	9.95e-01	5.36e-03	5.14e-06
 3.45089e+16	9.95e-01	5.18e-03	4.81e-06
 3.46593e+16	9.95e-01	4.98e-03	4.45e-06
 3.48300e+16	9.95e-01	4.78e-03	4.10e-06
 3.50072e+16	9.95e-01	4.58e-03	3.76e-06
 3.51937e+16	9.96e-01	4.38e-03	3.45e-06
 3.53874e+16	9.96e-01	4.18e-03	3.15e-06
 3.55884e+16	9.96e-01	3.99e-03	2.87e-06
 3.57953e+16	9.96e-01	3.80e-03	2.61e-06
 3.60058e+16	9.96e-01	3.62e-03	2.37e-06
 3.62195e+16	9.97e-01	3.45e-03	2.15e-06
 3.64366e+16	9.97e-01	3.28e-03	1.96e-06
 3.66575e+16	9.97e-01	3.13e-03	1.78e-06
 3.68823e+16	9.97e-01	2.98e-03	1.61e-06
 3.71110e+16	9.97e-01	2.83e-03	1.46e-06
 3.73435e+16	9.97e-01	2.69e-03	1.32e-06
 3.75798e+16	9.97e-01	2.56e-03	1.20e-06
 3.78201e+16	9.98e-01	2.43e-03	1.08e-06
 3.80601e+16	9.98e-01	2.31e-03	9.80e-07
 3.83034e+16	9.98e-01	2.20e-03	8.86e-07
 3.85562e+16	9.98e-01	2.09e-03	7.99e-07
 3.88144e+16	9.98e-01	1.98e-03	7.19e-07
 3.90757e+16	9.98e-01	1.88e-03	6.47e-07
 3.93410e+16	9.98e-01	1.78e-03	5.82e-07
 3.96111e+16	9.98e-01	1.68e-03	5.22e-07
 3.98861e+16	9.98e-01	1.59e-03	4.68e-07
 4.01659e+16	9.98e-01	1.51e-03	4.20e-07
 4.04506e+16	9.99e-01	1.42e-03	3.75e-07
 4.07407e+16	9.99e-01	1.35e-03	3.35e-07
 4.10362e+16	9.99e-01	1.27e-03	2.99e-07
 4.13373e+16	9.99e-01	1.20e-03	2.67e-07
 4.16444e+16	9.99e-01	1.13e-03	2.37e-07
 4.19576e+16	9.99e-01	1.06e-03	2.10e-07
 4.22774e+16	9.99e-01	1.00e-03	1.86e-07
 4.26038e+16	9.99e-01	9.39e-04	1.65e-07
 4.29371e+16	9.99e-01	8.82e-04	1.45e-07
 4.32777e+16	9.99e-01	8.27e-04	1.28e-07
 4.36261e+16	9.99e-01	7.75e-04	1.12e-07
 4.39828e+16	9.99e-01	7.24e-04	9.84e-08
 4.43481e+16	9.99e-01	6.77e-04	8.61e-08
 4.47225e+16	9.99e-01	6.32e-04	7.51e-08
 4.51015e+16	9.99e-01	5.90e-04	6.55e-08
 4.54897e+16	9.99e-01	5.49e-04	5.68e-08
 4.58964e+16	9.99e-01	5.09e-04	4.90e-08
 4.63152e+16	1.00e+00	4.72e-04	4.21e-08
 4.67450e+16	1.00e+00	4.37e-04	3.60e-08
 4.71918e+16	1.00e+00	4.03e-04	3.07e-08
 4.76562e+16	1.00e+00	3.70e-04	2.60e-08
 4.81380e+16	1.00e+00	3.39e-04	2.19e-08
 4.86389e+16	1.00e+00	3.10e-04	1.83e-08
 4.91615e+16	1.00e+00	2.82e-04	1.52e-08
 4.97090e+16	1.00e+00	2.56e-04	1.25e-08
 5.02858e+16	1.00e+00	2.31e-04	1.02e-08
 5.08950e+16	1.00e+00	2.08e-04	8.22e-09
 5.15389e+16	1.00e+00	1.85e-04	6.55e-09
 5.22286e+16	1.00e+00	1.64e-04	5.14e-09
 5.29708e+16	1.00e+00	1.44e-04	3.97e-09
 5.37688e+16	1.00e+00	1.25e-04	3.01e-09
 5.46366e+16	1.00e+00	1.08e-04	2.23e-09
 5.55939e+16	1.00e+00	9.14e-05	1.60e-09
 5.66927e+16	1.00e+00	7.57e-05	1.10e-09
 5.79038e+16	1.00e+00	6.19e-05	7.36e-10
 5.92435e+16	1.00e+00	4.94e-05	4.70e-10
 6.07351e+16	1.00e+00	3.87e-05	2.89e-10
 6.22551e+16	1.00e+00	3.04e-05	1.78e-10
 6.37513e+16	1.00e+00	2.40e-05	1.12e-10
 6.52480e+16	1.00e+00	1.91e-05	7.06e-11
 6.67719e+16	1.00e+00	1.51e-05	4.45e-11
 6.83269e+16	1.00e+00	1.20e-05	2.81e-11
 6.99085e+16	1.00e+00	9.53e-06	1.77e-11
 7.15209e+16	1.00e+00	7.57e-06	1.12e-11
 7.31666e+16	1.00e+00	6.01e-06	7.07e-12
 7.48387e+16	1.00e+00	4.78e-06	4.48e-12
 7.65453e+16	1.00e+00	3.80e-06	2.84e-12
 7.82981e+16	1.00e+00	3.02e-06	1.79e-12
 8.00843e+16	1.00e+00	2.40e-06	1.13e-12
 8.19096e+16	1.00e+00	1.91e-06	7.18e-13
 8.37903e+16	1.00e+00	1.51e-06	4.52e-13
 8.57250e+16	1.00e+00	1.20e-06	2.84e-13
 8.77137e+16	1.00e+00	9.47e-07	1.78e-13
 8.97587e+16	1.00e+00	7.48e-07	1.11e-13
 9.18684e+16	1.00e+00	5.89e-07	6.89e-14
 9.40391e+16	1.00e+00	4.63e-07	4.26e-14
 9.62165e+16	1.00e+00	3.66e-07	2.67e-14
 9.83428e+16	1.00e+00	2.92e-07	1.70e-14
 1.00405e+17	1.00e+00	2.36e-07	1.11e-14
 1.02417e+17	1.00e+00	1.92e-07	7.37e-15
 1.04386e+17	1.00e+00	1.58e-07	4.96e-15
 1.06306e+17	1.00e+00	1.30e-07	3.40e-15
 1.08166e+17	1.00e+00	1.09e-07	2.37e-15
 1.09960e+17	1.00e+00	9.17e-08	1.68e-15
 1.11683e+17	1.00e+00	7.79e-08	1.21e-15
 1.13337e+17	1.00e+00	6.67e-08	8.91e-16
 1.14923e+17	1.00e+00	5.76e-08	6.65e-16
 1.16444e+17	1.00e+00	5.01e-08	5.04e-16
 1.17899e+17	1.00e+00	4.40e-08	3.87e-16
 1.19286e+17	1.00e+00	3.88e-08	3.02e-16
 1.20609e+17	1.00e+00	3.45e-08	2.39e-16
 1.21869e+17	1.00e+00	3.09e-08	1.92e-16
 1.23068e+17	1.00e+00	2.78e-08	1.55e-16
 1.24210e+17	1.00e+00	2.52e-08	1.28e-16
 1.25297e+17	1.00e+00	2.30e-08	1.06e-16
 1.26330e+17	1.00e+00	2.10e-08	8.87e-17
 1.27313e+17	1.00e+00	1.93e-08	7.51e-17
 1.28247e+17	1.00e+00	1.79e-08	6.41e-17
 1.29133e+17	1.00e+00	1.66e-08	5.53e-17
 1.29976e+17	1.00e+00	1.54e-08	4.80e-17
 1.30777e+17	1.00e+00	1.44e-08	4.20e-17
 1.31539e+17	1.00e+00	1.36e-08	3.70e-17
 1.32264e+17	1.00e+00	1.28e-08	3.28e-17
 1.32954e+17	1.00e+00	1.21e-08	2.93e-17
 1.33609e+17	1.00e+00	1.14e-08	2.63e-17
 1.34233e+17	1.00e+00	1.09e-08	2.38e-17
 1.34828e+17	1.00e+00	1.04e-08	2.16e-17
 1.35394e+17	1.00e+00	9.89e-09	1.97e-17
 1.35934e+17	1.00e+00	9.46e-09	1.81e-17
 1.36448e+17	1.00e+00	9.08e-09	1.66e-17
 1.36939e+17	1.00e+00	8.73e-09	1.54e-17
 1.37408e+17	1.00e+00	8.40e-09	1.42e-17
 1.37855e+17	1.00e+00	8.11e-09	1.33e-17
 1.38284e+17	1.00e+00	7.83e-09	1.24e-17
 1.38694e+17	1.00e+00	7.58e-09	1.16e-17
 1.39087e+17	1.00e+00	7.35e-09	1.09e-17
 1.39464e+17	1.00e+00	7.13e-09	1.03e-17
 1.39825e+17	1.00e+00	6.93e-09	9.68e-18
 1.40173e+17	1.00e+00	6.74e-09	9.17e-18
 1.40508e+17	1.00e+00	6.56e-09	8.69e-18
 1.40831e+17	1.00e+00	6.40e-09	8.26e-18
 1.41143e+17	1.00e+00	6.24e-09	7.86e-18
 1.41446e+17	1.00e+00	6.09e-09	7.50e-18
 1.41739e+17	1.00e+00	5.95e-09	7.16e-18
 1.42025e+17	1.00e+00	5.82e-09	6.84e-18
 1.42304e+17	1.00e+00	5.69e-09	6.55e-18
 1.42577e+17	1.00e+00	5.57e-09	6.27e-18
 1.42845e+17	1.00e+00	5.46e-09	6.02e-18
 1.43109e+17	1.00e+00	5.34e-09	5.77e-18
 1.43371e+17	1.00e+00	5.24e-09	5.54e-18
 1.43632e+17	1.00e+00	5.13e-09	5.32e-18
 1.43893e+17	1.00e+00	5.02e-09	5.10e-18
 1.44157e+17	1.00e+00	4.92e-09	4.90e-18
 1.44424e+17	1.00e+00	4.82e-09	4.70e-18
 1.44698e+17	1.00e+00	4.72e-09	4.50e-18
 1.44982e+17	1.00e+00	4.61e-09	4.30e-18
 1.45278e+17	1.00e+00	4.51e-09	4.11e-18
 1.45591e+17	1.00e+00	4.40e-09	3.91e-18
 1.45928e+17	1.00e+00	4.28e-09	3.71e-18
 1.46296e+17	1.00e+00	4.16e-09	3.50e-18
 1.46706e+17	1.00e+00	4.03e-09	3.28e-18
 1.47174e+17	1.00e+00	3.88e-09	3.05e-18
 1.47721e+17	1.00e+00	3.72e-09	2.80e-18
 1.48382e+17	1.00e+00	3.53e-09	2.52e-18
 1.49208e+17	1.00e+00	3.30e-09	2.21e-18
 1.50272e+17	1.00e+00	3.04e-09	1.87e-18
 1.51654e+17	1.00e+00	2.73e-09	1.51e-18
 1.53452e+17	1.00e+00	2.37e-09	1.14e-18
 1.55789e+17	1.00e+00	1.98e-09	7.94e-19
 1.58826e+17	1.00e+00	1.57e-09	5.00e-19
 1.62775e+17	1.00e+00	1.17e-09	2.76e-19
 1.67909e+17	1.00e+00	7.98e-10	1.30e-19
 1.73943e+17	1.00e+00	5.20e-10	5.51e-20
 1.80298e+17	1.00e+00	3.35e-10	2.29e-20
 1.86839e+17	1.00e+00	2.15e-10	9.47e-21
 1.93473e+17	1.00e+00	1.39e-10	0.00e+00
 2.00107e+17	1.00e+00	9.03e-11	0.00e+00
 2.06742e+17	1.00e+00	5.94e-11	0.00e+00
 2.13376e+17	1.00e+00	3.96e-11	0.00e+00
 2.20011e+17	1.00e+00	2.67e-11	0.00e+00
 2.26645e+17	1.00e+00	1.84e-11	0.00e+00
 2.33280e+17	1.00e+00	1.29e-11	0.00e+00
 2.39914e+17	1.00e+00	9.25e-12	0.00e+00
 2.46548e+17	1.00e+00	6.83e-12	0.00e+00
 2.53183e+17	1.00e+00	5.21e-12	0.00e+00
 2.59817e+17	1.00e+00	4.12e-12	0.00e+00
 2.66451e+17	1.00e+00	3.37e-12	0.00e+00
 2.73086e+17	1.00e+00	2.84e-12	0.00e+00
 2.79720e+17	1.00e+00	2.47e-12	0.00e+00
 2.86354e+17	1.00e+00	2.21e-12	0.00e+00
 2.92989e+17	1.00e+00	2.01e-12	0.00e+00
 2.99623e+17	1.00e+00	1.86e-12	0.00e+00
 3.06258e+17	1.00e+00	1.74e-12	0.00e+00
 3.12892e+17	1.00e+00	1.64e-12	0.00e+00
 3.19526e+17	1.00e+00	1.56e-12	0.00e+00
 3.26161e+17	1.00e+00	1.48e-12	0.00e+00
 3.32795e+17	1.00e+00	1.41e-12	0.00e+00
 3.39430e+17	1.00e+00	1.35e-12	0.00e+00
 3.47059e+17	1.00e+00	1.28e-12	0.00e+00
 3.56978e+17	1.00e+00	1.02e-12	0.00e+00
 3.69836e+17	1.00e+00	7.08e-13	0.00e+00
 3.84629e+17	1.00e+00	4.26e-13	0.00e+00
 3.99642e+17	1.00e+00	3.39e-13	0.00e+00
 4.13749e+17	1.00e+00	2.96e-13	0.00e+00
 4.25795e+17	1.00e+00	3.06e-13	0.00e+00
 4.34543e+17	1.00e+00	3.42e-13	0.00e+00
 4.39444e+17	1.00e+00	4.36e-13	0.00e+00
 4.41723e+17	1.00e+00	5.15e-13	0.00e+00
 4.42870e+17	1.00e+00	5.54e-13	0.00e+00
 4.43558e+17	1.00e+00	5.75e-13	0.00e+00
 4.44037e+17	1.00e+00	5.87e-13	0.00e+00
 4.44481e+17	1.00e+00	5.96e-13	0.00e+00
 4.44993e+17	1.00e+00	6.04e-13	0.00e+00
 4.45608e+17	1.00e+00	6.11e-13	0.00e+00
 4.46194e+17	1.00e+00	6.17e-13	0.00e+00
 4.46623e+17	1.00e+00	6.21e-13	0.00e+00
 4.46940e+17	1.00e+00	6.23e-13	0.00e+00
 4.47246e+17	1.00e+00	6.25e-13	0.00e+00
 4.47603e+17	1.00e+00	6.27e-13	0.00e+00
 4.48008e+17	1.00e+00	6.27e-13	0.00e+00
 4.48374e+17	1.00e+00	6.28e-13	0.00e+00
 4.48662e+17	1.00e+00	6.28e-13	0.00e+00
 4.48896e+17	1.00e+00	6.28e-13	0.00e+00
 4.49115e+17	1.00e+00	6.28e-13	0.00e+00
 4.49369e+17	1.00e+00	6.28e-13	0.00e+00
 4.49648e+17	1.00e+00	6.27e-13	0.00e+00
 4.49893e+17	1.00e+00	6.26e-13	0.00e+00
 4.50096e+17	1.00e+00	6.25e-13	0.00e+00
 4.50294e+17	1.00e+00	6.25e-13	0.00e+00
 4.50504e+17	1.00e+00	6.24e-13	0.00e+00
 4.50716e+17	1.00e+00	6.22e-13	0.00e+00
 4.50922e+17	1.00e+00	6.21e-13	0.00e+00
 4.51111e+17	1.00e+00	6.20e-13	0.00e+00
 4.51286e+17	1.00e+00	6.19e-13	0.00e+00
 4.51460e+17	1.00e+00	6.17e-13	0.00e+00
 4.51639e+17	1.00e+00	6.16e-13	0.00e+00
 4.51823e+17	1.00e+00	6.14e-13	0.00e+00
 4.51999e+17	1.00e+00	6.13e-13	0.00e+00
 4.52166e+17	1.00e+00	6.11e-13	0.00e+00
 4.52333e+17	1.00e+00	6.10e-13	0.00e+00
 4.52504e+17	1.00e+00	6.08e-13	0.00e+00
 4.52670e+17	1.00e+00	6.06e-13	0.00e+00
 4.52832e+17	1.00e+00	6.04e-13	0.00e+00
 4.53001e+17	1.00e+00	6.02e-13	0.00e+00
 4.53177e+17	1.00e+00	6.00e-13	0.00e+00
 4.53349e+17	1.00e+00	5.98e-13	0.00e+00
 4.53515e+17	1.00e+00	5.96e-13	0.00e+00
 4.53687e+17	1.00e+00	5.94e-13	0.00e+00
 4.53866e+17	1.00e+00	5.91e-13	0.00e+00
 4.54049e+17	1.00e+00	5.89e-13	0.00e+00
 4.54234e+17	1.00e+00	5.86e-13	0.00e+00
 4.54412e+17	1.00e+00	5.83e-13	0.00e+00
 4.54589e+17	1.00e+00	5.81e-13	0.00e+00
 4.54792e+17	1.00e+00	5.78e-13	0.00e+00
 4.55019e+17	1.00e+00	5.74e-13	0.00e+00
 4.55226e+17	1.00e+00	5.70e-13	0.00e+00
 4.55412e+17	1.00e+00	5.68e-13	0.00e+00
 4.55616e+17	1.00e+00	5.65e-13	0.00e+00
 4.55851e+17	1.00e+00	5.61e-13	0.00e+00
 4.56089e+17	1.00e+00	5.56e-13	0.00e+00
 4.56309e+17	1.00e+00	5.53e-13	0.00e+00
 4.56536e+17	1.00e+00	5.49e-13	0.00e+00
 4.56785e+17	1.00e+00	5.44e-13	0.00e+00
 4.57034e+17	1.00e+00	5.40e-13	0.00e+00
 4.57284e+17	1.00e+00	5.35e-13	0.00e+00
 4.57556e+17	1.00e+00	5.31e-13	0.00e+00
 4.57843e+17	1.00e+00	5.25e-13	0.00e+00
 4.58132e+17	1.00e+00	5.20e-13	0.00e+00
 4.58408e+17	1.00e+00	5.14e-13	0.00e+00
 4.58682e+17	1.00e+00	5.09e-13	0.00e+00
 4.58983e+17	1.00e+00	5.04e-13	0.00e+00
 4.59299e+17	1.00e+00	4.98e-13	0.00e+00
 4.59630e+17	1.00e+00	4.92e-13	0.00e+00
 4.59986e+17	1.00e+00	4.85e-13	0.00e+00
 4.60347e+17	1.00e+00	4.77e-13	0.00e+00
 4.60684e+17	1.00e+00	4.70e-13	0.00e+00
 4.61020e+17	1.00e+00	4.64e-13	0.00e+00
 4.61398e+17	1.00e+00	4.57e-13	0.00e+00
 4.61817e+17	1.00e+00	4.49e-13	0.00e+00
 4.62243e+17	1.00e+00	4.40e-13	0.00e+00
 4.62649e+17	1.00e+00	4.32e-13	0.00e+00
 4.63037e+17	1.00e+00	4.25e-13	0.00e+00
 4.63454e+17	1.00e+00	4.17e-13	0.00e+00
 4.63938e+17	1.00e+00	4.08e-13	0.00e+00
 4.64435e+17	1.00e+00	3.97e-13	0.00e+00
 4.64889e+17	1.00e+00	3.89e-13	0.00e+00
 4.65335e+17	1.00e+00	3.80e-13	0.00e+00
 4.65824e+17	1.00e+00	3.71e-13	0.00e+00
 4.66362e+17	1.00e+00	3.61e-13	0.00e+00
 4.66921e+17	1.00e+00	3.51e-13	0.00e+00
 4.67459e+17	1.00e+00	3.40e-13	0.00e+00
 4.67968e+17	1.00e+00	3.31e-13	0.00e+00
 4.68495e+17	1.00e+00	3.21e-13	0.00e+00
 4.69074e+17	1.00e+00	3.12e-13	0.00e+00
 4.69698e+17	1.00e+00	3.01e-13	0.00e+00
 4.70320e+17	1.00e+00	2.89e-13	0.00e+00
 4.70910e+17	1.00e+00	2.79e-13	0.00e+00
 4.71501e+17	1.00e+00	2.69e-13	0.00e+00
 4.72137e+17	1.00e+00	2.59e-13	0.00e+00
 4.72821e+17	1.00e+00	2.48e-13	0.00e+00
 4.73512e+17	1.00e+00	2.37e-13	0.00e+00
 4.74187e+17	1.00e+00	2.26e-13	0.00e+00
 4.74859e+17	1.00e+00	2.16e-13	0.00e+00
 4.75553e+17	1.00e+00	2.06e-13	0.00e+00
 4.76277e+17	1.00e+00	1.95e-13	0.00e+00
 4.77035e+17	1.00e+00	1.85e-13	0.00e+00
 4.77813e+17	1.00e+00	1.74e-13	0.00e+00
 4.78593e+17	1.00e+00	1.64e-13	0.00e+00
 4.79363e+17	1.00e+00	1.54e-13	0.00e+00
 4.80162e+17	1.00e+00	1.45e-13	0.00e+00
 4.81002e+17	1.00e+00	1.35e-13	0.00e+00
 4.81878e+17	1.00e+00	1.25e-13	0.00e+00
 4.82772e+17	1.00e+00	1.16e-13	0.00e+00
 4.83608e+17	1.00e+00	1.07e-13	0.00e+00
 4.84362e+17	1.00e+00	9.93e-14	0.00e+00
 4.85032e+17	1.00e+00	9.28e-14	0.00e+00
 4.85635e+17	1.00e+00	8.74e-14	0.00e+00
 4.86199e+17	1.00e+00	8.26e-14	0.00e+00
 4.86743e+17	1.00e+00	7.82e-14	0.00e+00
 4.87272e+17	1.00e+00	7.39e-14	0.00e+00
 4.87767e+17	1.00e+00	7.03e-14	0.00e+00
 4.88228e+17	1.00e+00	6.69e-14	0.00e+00
 4.88667e+17	1.00e+00	6.38e-14	0.00e+00
 4.89089e+17	1.00e+00	6.09e-14	0.00e+00
 4.89498e+17	1.00e+00	5.83e-14	0.00e+00
 4.89890e+17	1.00e+00	5.57e-14	0.00e+00
 4.90265e+17	1.00e+00	5.34e-14	0.00e+00
 4.90625e+17	1.00e+00	5.12e-14	0.00e+00
 4.90974e+17	1.00e+00	4.92e-14	0.00e+00
 4.91313e+17	1.00e+00	4.73e-14	0.00e+00
 4.91641e+17	1.00e+00	4.55e-14	0.00e+00
 4.91958e+17	1.00e+00	4.37e-14	0.00e+00
 4.92263e+17	1.00e+00	4.21e-14	0.00e+00
 4.92558e+17	1.00e+00	4.06e-14	0.00e+00
 4.92845e+17	1.00e+00	3.91e-14	0.00e+00
 4.93123e+17	1.00e+00	3.78e-14	0.00e+00
 4.93394e+17	1.00e+00	3.64e-14	0.00e+00
 4.93656e+17	1.00e+00	3.52e-14	0.00e+00
 4.93909e+17	1.00e+00	3.40e-14	0.00e+00
 4.94155e+17	1.00e+00	3.28e-14	0.00e+00
 4.94394e+17	1.00e+00	3.18e-14	0.00e+00
 4.94625e+17	1.00e+00	3.07e-14	0.00e+00
 4.94851e+17	1.00e+00	2.97e-14	0.00e+00
 4.95108e+17	1.00e+00	2.88e-14	0.00e+00
 4.95443e+17	1.00e+00	2.76e-14	0.00e+00
 4.95878e+17	1.00e+00	2.61e-14	0.00e+00
 4.96443e+17	1.00e+00	2.42e-14	0.00e+00
 4.97178e+17	1.00e+00	2.18e-14	0.00e+00
 4.98035e+17	1.00e+00	1.90e-14	0.00e+00
 4.98927e+17	1.00e+00	1.63e-14	0.00e+00
 4.99832e+17	1.00e+00	1.39e-14	0.00e+00
 5.00674e+17	1.00e+00	1.18e-14	0.00e+00
 5.01362e+17	1.00e+00	1.03e-14	0.00e+00
 5.01916e+17	1.00e+00	9.17e-15	0.00e+00
