#depth	N	N+	N+2	N+3	N+4	N+5	N+6	N+7
 1.49634e+10	0.00e+00	0.00e+00	2.96e-32	1.09e-22	1.22e-13	6.14e-04	3.92e-01	6.08e-01
 4.54887e+10	0.00e+00	3.10e-42	4.28e-32	1.45e-22	1.51e-13	7.01e-04	4.10e-01	5.89e-01
 7.72350e+10	0.00e+00	0.00e+00	6.19e-32	1.94e-22	1.87e-13	8.00e-04	4.30e-01	5.70e-01
 1.10251e+11	0.00e+00	7.55e-42	8.92e-32	2.59e-22	2.30e-13	9.11e-04	4.49e-01	5.50e-01
 1.41853e+11	0.00e+00	0.00e+00	1.25e-31	3.37e-22	2.78e-13	1.03e-03	4.67e-01	5.32e-01
 1.71185e+11	0.00e+00	1.64e-41	1.69e-31	4.26e-22	3.30e-13	1.14e-03	4.83e-01	5.16e-01
 2.04425e+11	0.00e+00	0.00e+00	2.34e-31	5.51e-22	3.97e-13	1.28e-03	5.01e-01	4.98e-01
 2.42529e+11	0.00e+00	3.79e-41	3.36e-31	7.31e-22	4.87e-13	1.45e-03	5.20e-01	4.78e-01
 2.77515e+11	0.00e+00	0.00e+00	4.62e-31	9.38e-22	5.83e-13	1.62e-03	5.37e-01	4.61e-01
 3.07436e+11	0.00e+00	7.70e-41	6.01e-31	1.15e-21	6.75e-13	1.77e-03	5.52e-01	4.47e-01
 3.40464e+11	0.00e+00	0.00e+00	7.96e-31	1.43e-21	7.90e-13	1.94e-03	5.67e-01	4.31e-01
 3.81279e+11	0.00e+00	1.63e-40	1.11e-30	1.86e-21	9.53e-13	2.18e-03	5.85e-01	4.13e-01
 4.22899e+11	0.00e+00	0.00e+00	1.55e-30	2.40e-21	1.14e-12	2.43e-03	6.02e-01	3.96e-01
 4.59964e+11	0.00e+00	3.44e-40	2.05e-30	2.99e-21	1.34e-12	2.66e-03	6.17e-01	3.81e-01
 5.00421e+11	0.00e+00	0.00e+00	2.75e-30	3.76e-21	1.57e-12	2.94e-03	6.32e-01	3.65e-01
 5.48717e+11	0.00e+00	7.50e-40	3.87e-30	4.90e-21	1.90e-12	3.28e-03	6.49e-01	3.47e-01
 5.96496e+11	0.00e+00	0.00e+00	5.35e-30	6.30e-21	2.27e-12	3.65e-03	6.65e-01	3.31e-01
 6.39792e+11	0.00e+00	1.58e-39	7.09e-30	7.83e-21	2.65e-12	3.99e-03	6.79e-01	3.17e-01
 6.87969e+11	0.00e+00	0.00e+00	9.60e-30	9.90e-21	3.12e-12	4.39e-03	6.93e-01	3.02e-01
 7.44466e+11	0.00e+00	3.48e-39	1.35e-29	1.29e-20	3.76e-12	4.89e-03	7.09e-01	2.86e-01
 8.00233e+11	0.00e+00	0.00e+00	1.87e-29	1.65e-20	4.48e-12	5.42e-03	7.24e-01	2.71e-01
 8.52514e+11	0.00e+00	7.41e-39	2.50e-29	2.07e-20	5.24e-12	5.93e-03	7.36e-01	2.58e-01
 9.10827e+11	0.00e+00	0.00e+00	3.42e-29	2.64e-20	6.21e-12	6.53e-03	7.49e-01	2.44e-01
 9.77187e+11	0.00e+00	1.66e-38	4.82e-29	3.43e-20	7.46e-12	7.25e-03	7.63e-01	2.30e-01
 1.04080e+12	0.00e+00	0.00e+00	6.62e-29	4.37e-20	8.84e-12	7.97e-03	7.75e-01	2.17e-01
 1.09873e+12	0.00e+00	3.46e-38	8.73e-29	5.41e-20	1.02e-11	8.66e-03	7.85e-01	2.06e-01
 1.16346e+12	0.00e+00	0.00e+00	1.18e-28	6.80e-20	1.20e-11	9.47e-03	7.96e-01	1.95e-01
 1.23901e+12	0.00e+00	7.57e-38	1.65e-28	8.80e-20	1.43e-11	1.05e-02	8.07e-01	1.82e-01
 1.31368e+12	0.00e+00	0.00e+00	2.27e-28	1.12e-19	1.70e-11	1.15e-02	8.17e-01	1.71e-01
 1.38452e+12	0.00e+00	1.61e-37	3.04e-28	1.40e-19	1.98e-11	1.25e-02	8.26e-01	1.62e-01
 1.44948e+12	0.00e+00	0.00e+00	3.93e-28	1.71e-19	2.27e-11	1.34e-02	8.33e-01	1.53e-01
 1.50869e+12	0.00e+00	2.95e-37	4.95e-28	2.04e-19	2.56e-11	1.44e-02	8.39e-01	1.46e-01
 1.57627e+12	0.00e+00	0.00e+00	6.38e-28	2.47e-19	2.92e-11	1.54e-02	8.46e-01	1.39e-01
 1.66172e+12	0.00e+00	5.94e-37	8.71e-28	3.13e-19	3.43e-11	1.68e-02	8.53e-01	1.30e-01
 1.74900e+12	0.00e+00	0.00e+00	1.18e-27	3.95e-19	4.03e-11	1.83e-02	8.60e-01	1.22e-01
 1.82436e+12	0.00e+00	1.19e-36	1.53e-27	4.80e-19	4.60e-11	1.97e-02	8.65e-01	1.15e-01
 1.90562e+12	1.68e-46	1.66e-36	2.00e-27	5.89e-19	5.28e-11	2.12e-02	8.70e-01	1.09e-01
 2.00555e+12	0.00e+00	0.00e+00	2.75e-27	7.51e-19	6.23e-11	2.31e-02	8.76e-01	1.01e-01
 2.10822e+12	0.00e+00	3.67e-36	3.78e-27	9.54e-19	7.33e-11	2.52e-02	8.81e-01	9.42e-02
 2.20247e+12	6.55e-46	5.20e-36	5.00e-27	1.18e-18	8.47e-11	2.72e-02	8.84e-01	8.84e-02
 2.30730e+12	0.00e+00	0.00e+00	6.78e-27	1.49e-18	9.89e-11	2.95e-02	8.88e-01	8.24e-02
 2.42884e+12	0.00e+00	1.16e-35	9.53e-27	1.92e-18	1.18e-10	3.23e-02	8.92e-01	7.62e-02
 2.53928e+12	2.67e-45	1.68e-35	1.29e-26	2.41e-18	1.37e-10	3.49e-02	8.94e-01	7.10e-02
 2.63038e+12	0.00e+00	0.00e+00	1.63e-26	2.89e-18	1.55e-10	3.71e-02	8.96e-01	6.71e-02
 2.72921e+12	0.00e+00	3.12e-35	2.11e-26	3.51e-18	1.76e-10	3.97e-02	8.97e-01	6.31e-02
 2.85573e+12	8.98e-45	4.63e-35	2.90e-26	4.46e-18	2.07e-10	4.31e-02	8.98e-01	5.85e-02
 2.98698e+12	0.00e+00	0.00e+00	4.00e-26	5.68e-18	2.43e-10	4.68e-02	8.99e-01	5.41e-02
 3.09950e+12	0.00e+00	9.64e-35	5.23e-26	6.95e-18	2.79e-10	5.01e-02	8.99e-01	5.06e-02
 3.21894e+12	3.28e-44	1.36e-34	6.91e-26	8.58e-18	3.21e-10	5.37e-02	8.99e-01	4.73e-02
 3.36714e+12	0.00e+00	0.00e+00	9.67e-26	1.10e-17	3.79e-10	5.85e-02	8.98e-01	4.35e-02
 3.51595e+12	0.00e+00	3.12e-34	1.34e-25	1.42e-17	4.48e-10	6.35e-02	8.97e-01	4.00e-02
 3.64393e+12	1.34e-43	4.40e-34	1.77e-25	1.74e-17	5.14e-10	6.79e-02	8.95e-01	3.73e-02
 3.78159e+12	0.00e+00	6.32e-34	2.37e-25	2.17e-17	5.95e-10	7.30e-02	8.92e-01	3.46e-02
 3.95156e+12	3.49e-43	9.79e-34	3.37e-25	2.83e-17	7.09e-10	7.95e-02	8.89e-01	3.16e-02
 4.11812e+12	0.00e+00	1.48e-33	4.71e-25	3.65e-17	8.38e-10	8.63e-02	8.85e-01	2.89e-02
 4.25665e+12	8.64e-43	2.08e-33	6.18e-25	4.48e-17	9.59e-10	9.21e-02	8.81e-01	2.69e-02
 4.40413e+12	0.00e+00	2.96e-33	8.20e-25	5.54e-17	1.10e-09	9.85e-02	8.77e-01	2.49e-02
 4.59220e+12	2.23e-42	4.58e-33	1.17e-24	7.23e-17	1.32e-09	1.07e-01	8.70e-01	2.26e-02
 4.78588e+12	0.00e+00	7.08e-33	1.66e-24	9.43e-17	1.57e-09	1.16e-01	8.63e-01	2.05e-02
 4.95186e+12	5.80e-42	1.02e-32	2.22e-24	1.18e-16	1.81e-09	1.25e-01	8.56e-01	1.89e-02
 5.12901e+12	0.00e+00	1.48e-32	3.00e-24	1.48e-16	2.11e-09	1.34e-01	8.49e-01	1.73e-02
 5.34869e+12	1.56e-41	2.31e-32	4.30e-24	1.94e-16	2.53e-09	1.45e-01	8.39e-01	1.56e-02
 5.57333e+12	0.00e+00	3.59e-32	6.14e-24	2.55e-16	3.02e-09	1.58e-01	8.28e-01	1.40e-02
 5.77458e+12	4.16e-41	5.24e-32	8.33e-24	3.21e-16	3.51e-09	1.69e-01	8.18e-01	1.28e-02
 5.95207e+12	0.00e+00	7.23e-32	1.08e-23	3.91e-16	4.00e-09	1.79e-01	8.09e-01	1.18e-02
 6.13916e+12	9.07e-41	1.00e-31	1.41e-23	4.78e-16	4.56e-09	1.90e-01	7.99e-01	1.09e-02
 6.38238e+12	0.00e+00	1.51e-31	1.96e-23	6.14e-16	5.37e-09	2.04e-01	7.86e-01	9.79e-03
 6.63148e+12	2.39e-40	2.25e-31	2.70e-23	7.84e-16	6.30e-09	2.19e-01	7.72e-01	8.82e-03
 6.82986e+12	0.00e+00	3.05e-31	3.46e-23	9.45e-16	7.12e-09	2.31e-01	7.61e-01	8.13e-03
 7.02938e+12	4.91e-40	4.09e-31	4.39e-23	1.13e-15	8.01e-09	2.43e-01	7.49e-01	7.51e-03
 7.28876e+12	0.00e+00	5.92e-31	5.92e-23	1.42e-15	9.27e-09	2.59e-01	7.34e-01	6.78e-03
 7.55887e+12	1.19e-39	8.55e-31	7.96e-23	1.78e-15	1.07e-08	2.75e-01	7.18e-01	6.11e-03
 7.78674e+12	0.00e+00	1.15e-30	1.01e-22	2.13e-15	1.21e-08	2.89e-01	7.05e-01	5.61e-03
 8.02680e+12	2.43e-39	1.56e-30	1.29e-22	2.56e-15	1.36e-08	3.04e-01	6.91e-01	5.14e-03
 8.33888e+12	0.00e+00	2.26e-30	1.75e-22	3.22e-15	1.57e-08	3.22e-01	6.73e-01	4.60e-03
 8.66067e+12	5.94e-39	3.27e-30	2.35e-22	4.03e-15	1.82e-08	3.41e-01	6.55e-01	4.11e-03
 8.92827e+12	0.00e+00	4.39e-30	2.98e-22	4.82e-15	2.03e-08	3.57e-01	6.40e-01	3.75e-03
 9.20930e+12	1.21e-38	5.91e-30	3.79e-22	5.77e-15	2.28e-08	3.73e-01	6.24e-01	3.42e-03
 9.57048e+12	0.00e+00	8.52e-30	5.08e-22	7.19e-15	2.62e-08	3.93e-01	6.04e-01	3.04e-03
 9.94616e+12	2.90e-38	1.23e-29	6.81e-22	8.95e-15	3.01e-08	4.14e-01	5.84e-01	2.70e-03
 1.02702e+13	0.00e+00	1.65e-29	8.66e-22	1.07e-14	3.37e-08	4.31e-01	5.66e-01	2.44e-03
 1.06167e+13	6.04e-38	2.25e-29	1.11e-21	1.29e-14	3.78e-08	4.49e-01	5.49e-01	2.20e-03
 1.10437e+13	0.00e+00	3.24e-29	1.48e-21	1.60e-14	4.33e-08	4.71e-01	5.27e-01	1.94e-03
 1.14777e+13	1.43e-37	4.61e-29	1.97e-21	1.98e-14	4.93e-08	4.92e-01	5.06e-01	1.71e-03
 1.18658e+13	0.00e+00	6.24e-29	2.51e-21	2.36e-14	5.51e-08	5.10e-01	4.88e-01	1.54e-03
 1.22151e+13	2.83e-37	8.10e-29	3.08e-21	2.75e-14	6.05e-08	5.26e-01	4.72e-01	1.40e-03
 1.25921e+13	0.00e+00	1.07e-28	3.84e-21	3.24e-14	6.68e-08	5.43e-01	4.56e-01	1.26e-03
 1.30163e+13	5.63e-37	1.43e-28	4.87e-21	3.86e-14	7.43e-08	5.61e-01	4.38e-01	1.13e-03
 1.33947e+13	0.00e+00	1.85e-28	5.96e-21	4.48e-14	8.13e-08	5.76e-01	4.23e-01	1.02e-03
 1.37218e+13	9.92e-37	2.29e-28	7.07e-21	5.09e-14	8.78e-08	5.89e-01	4.10e-01	9.40e-04
 1.40893e+13	0.00e+00	2.89e-28	8.51e-21	5.83e-14	9.53e-08	6.03e-01	3.96e-01	8.58e-04
 1.45670e+13	1.87e-36	3.87e-28	1.07e-20	6.90e-14	1.06e-07	6.20e-01	3.79e-01	7.63e-04
 1.50653e+13	0.00e+00	5.20e-28	1.36e-20	8.21e-14	1.17e-07	6.38e-01	3.61e-01	6.76e-04
 1.54850e+13	3.57e-36	6.60e-28	1.64e-20	9.43e-14	1.27e-07	6.52e-01	3.48e-01	6.13e-04
 1.59256e+13	0.00e+00	8.42e-28	1.99e-20	1.09e-13	1.38e-07	6.66e-01	3.34e-01	5.53e-04
 1.64984e+13	6.91e-36	1.14e-27	2.53e-20	1.30e-13	1.53e-07	6.83e-01	3.17e-01	4.86e-04
 1.70975e+13	0.00e+00	1.55e-27	3.23e-20	1.55e-13	1.70e-07	7.00e-01	3.00e-01	4.25e-04
 1.76097e+13	1.36e-35	1.99e-27	3.94e-20	1.79e-13	1.85e-07	7.13e-01	2.87e-01	3.81e-04
 1.81545e+13	0.00e+00	2.58e-27	4.84e-20	2.08e-13	2.02e-07	7.27e-01	2.73e-01	3.39e-04
 1.88466e+13	2.72e-35	3.54e-27	6.22e-20	2.50e-13	2.25e-07	7.43e-01	2.57e-01	2.94e-04
 1.95680e+13	0.00e+00	4.85e-27	7.99e-20	3.00e-13	2.50e-07	7.59e-01	2.41e-01	2.54e-04
 2.02072e+13	5.51e-35	6.35e-27	9.89e-20	3.51e-13	2.74e-07	7.72e-01	2.28e-01	2.23e-04
 2.09022e+13	0.00e+00	8.41e-27	1.24e-19	4.13e-13	3.01e-07	7.85e-01	2.15e-01	1.95e-04
 2.17359e+13	1.14e-34	1.16e-26	1.60e-19	4.98e-13	3.35e-07	7.99e-01	2.00e-01	1.67e-04
 2.25427e+13	0.00e+00	1.57e-26	2.03e-19	5.93e-13	3.70e-07	8.12e-01	1.88e-01	1.44e-04
 2.32386e+13	2.21e-34	2.01e-26	2.47e-19	6.84e-13	4.02e-07	8.23e-01	1.77e-01	1.27e-04
 2.39976e+13	3.04e-34	2.61e-26	3.04e-19	7.96e-13	4.38e-07	8.33e-01	1.67e-01	1.11e-04
 2.47759e+13	4.14e-34	3.38e-26	3.73e-19	9.26e-13	4.77e-07	8.43e-01	1.57e-01	9.75e-05
 2.54126e+13	5.31e-34	4.14e-26	4.39e-19	1.04e-12	5.10e-07	8.50e-01	1.50e-01	8.78e-05
 2.60735e+13	6.80e-34	5.09e-26	5.17e-19	1.17e-12	5.46e-07	8.57e-01	1.42e-01	7.88e-05
 2.69326e+13	9.29e-34	6.59e-26	6.35e-19	1.36e-12	5.94e-07	8.66e-01	1.34e-01	6.88e-05
 2.78299e+13	1.27e-33	8.55e-26	7.81e-19	1.59e-12	6.47e-07	8.75e-01	1.25e-01	5.98e-05
 2.85901e+13	1.64e-33	1.06e-25	9.25e-19	1.80e-12	6.94e-07	8.81e-01	1.19e-01	5.34e-05
 2.93918e+13	2.14e-33	1.31e-25	1.10e-18	2.04e-12	7.44e-07	8.88e-01	1.12e-01	4.75e-05
 3.04341e+13	2.98e-33	1.73e-25	1.37e-18	2.39e-12	8.13e-07	8.95e-01	1.05e-01	4.09e-05
 3.15197e+13	4.14e-33	2.27e-25	1.70e-18	2.80e-12	8.89e-07	9.02e-01	9.76e-02	3.52e-05
 3.24391e+13	5.43e-33	2.84e-25	2.03e-18	3.18e-12	9.54e-07	9.08e-01	9.20e-02	3.12e-05
 3.34121e+13	7.17e-33	3.57e-25	2.43e-18	3.63e-12	1.03e-06	9.13e-01	8.67e-02	2.75e-05
 3.46562e+13	1.01e-32	4.74e-25	3.04e-18	4.26e-12	1.12e-06	9.20e-01	8.05e-02	2.35e-05
 3.59635e+13	1.43e-32	6.31e-25	3.81e-18	5.02e-12	1.23e-06	9.25e-01	7.46e-02	2.01e-05
 3.71250e+13	1.92e-32	8.07e-25	4.62e-18	5.77e-12	1.32e-06	9.30e-01	6.99e-02	1.76e-05
 3.83863e+13	2.64e-32	1.04e-24	5.66e-18	6.66e-12	1.43e-06	9.35e-01	6.53e-02	1.53e-05
 3.98961e+13	3.79e-32	1.41e-24	7.14e-18	7.86e-12	1.57e-06	9.40e-01	6.04e-02	1.30e-05
 4.14462e+13	5.42e-32	1.89e-24	8.99e-18	9.26e-12	1.71e-06	9.44e-01	5.59e-02	1.11e-05
 4.27550e+13	7.27e-32	2.40e-24	1.08e-17	1.06e-11	1.84e-06	9.48e-01	5.25e-02	9.72e-06
 4.38390e+13	9.23e-32	2.91e-24	1.26e-17	1.17e-11	1.94e-06	9.50e-01	4.99e-02	8.77e-06
 4.50540e+13	1.20e-31	3.60e-24	1.48e-17	1.32e-11	2.07e-06	9.53e-01	4.72e-02	7.83e-06
 4.66334e+13	1.66e-31	4.70e-24	1.82e-17	1.52e-11	2.23e-06	9.56e-01	4.40e-02	6.79e-06
 4.83255e+13	2.33e-31	6.19e-24	2.26e-17	1.76e-11	2.41e-06	9.59e-01	4.10e-02	5.87e-06
 4.97665e+13	3.09e-31	7.78e-24	2.69e-17	1.99e-11	2.57e-06	9.61e-01	3.87e-02	5.21e-06
 5.12423e+13	4.09e-31	9.77e-24	3.20e-17	2.25e-11	2.74e-06	9.64e-01	3.65e-02	4.62e-06
 5.31330e+13	5.80e-31	1.30e-23	3.98e-17	2.61e-11	2.96e-06	9.66e-01	3.39e-02	3.99e-06
 5.50872e+13	8.21e-31	1.72e-23	4.93e-17	3.03e-11	3.20e-06	9.68e-01	3.16e-02	3.45e-06
 5.67648e+13	1.10e-30	2.17e-23	5.90e-17	3.42e-11	3.41e-06	9.70e-01	2.97e-02	3.05e-06
 5.85584e+13	1.48e-30	2.77e-23	7.10e-17	3.88e-11	3.64e-06	9.72e-01	2.80e-02	2.70e-06
 6.07785e+13	2.13e-30	3.70e-23	8.86e-17	4.52e-11	3.94e-06	9.74e-01	2.60e-02	2.32e-06
 6.30654e+13	3.05e-30	4.95e-23	1.10e-16	5.25e-11	4.26e-06	9.76e-01	2.41e-02	2.00e-06
 6.51292e+13	4.18e-30	6.37e-23	1.34e-16	5.98e-11	4.55e-06	9.77e-01	2.27e-02	1.76e-06
 6.73907e+13	5.83e-30	8.33e-23	1.64e-16	6.87e-11	4.88e-06	9.79e-01	2.12e-02	1.53e-06
 7.00573e+13	8.50e-30	1.13e-22	2.07e-16	8.04e-11	5.29e-06	9.80e-01	1.96e-02	1.31e-06
 7.26833e+13	1.22e-29	1.51e-22	2.57e-16	9.32e-11	5.71e-06	9.82e-01	1.82e-02	1.13e-06
 7.49695e+13	1.65e-29	1.93e-22	3.10e-16	1.06e-10	6.09e-06	9.83e-01	1.71e-02	1.00e-06
 7.73810e+13	2.25e-29	2.47e-22	3.74e-16	1.20e-10	6.50e-06	9.84e-01	1.61e-02	8.82e-07
 8.03339e+13	3.24e-29	3.31e-22	4.67e-16	1.40e-10	7.02e-06	9.85e-01	1.49e-02	0.00e+00
 8.32854e+13	4.61e-29	4.40e-22	5.80e-16	1.62e-10	7.56e-06	9.86e-01	1.39e-02	0.00e+00
 8.57408e+13	6.13e-29	5.53e-22	6.89e-16	1.82e-10	8.03e-06	9.87e-01	1.31e-02	0.00e+00
 8.78333e+13	7.76e-29	6.69e-22	7.95e-16	2.00e-10	8.43e-06	9.87e-01	1.25e-02	0.00e+00
 9.01302e+13	9.98e-29	8.19e-22	9.28e-16	2.22e-10	8.90e-06	9.88e-01	1.19e-02	0.00e+00
 9.31163e+13	1.37e-28	1.06e-21	1.13e-15	2.53e-10	9.51e-06	9.89e-01	1.11e-02	0.00e+00
 9.62013e+13	1.88e-28	1.37e-21	1.37e-15	2.89e-10	1.02e-05	9.90e-01	1.04e-02	0.00e+00
 9.87694e+13	2.44e-28	1.68e-21	1.60e-15	3.21e-10	1.07e-05	9.90e-01	9.87e-03	0.00e+00
 1.01463e+14	3.16e-28	2.07e-21	1.88e-15	3.58e-10	1.14e-05	9.91e-01	9.35e-03	0.00e+00
 1.04964e+14	4.40e-28	2.70e-21	2.30e-15	4.11e-10	1.22e-05	9.91e-01	8.73e-03	0.00e+00
 1.08596e+14	6.13e-28	3.53e-21	2.81e-15	4.72e-10	1.31e-05	9.92e-01	8.15e-03	0.00e+00
 1.11657e+14	8.03e-28	4.39e-21	3.32e-15	5.28e-10	1.38e-05	9.92e-01	7.70e-03	0.00e+00
 1.14898e+14	1.06e-27	5.50e-21	3.94e-15	5.93e-10	1.47e-05	9.93e-01	7.27e-03	0.00e+00
 1.19079e+14	1.50e-27	7.27e-21	4.87e-15	6.85e-10	1.58e-05	9.93e-01	6.75e-03	0.00e+00
 1.23422e+14	2.12e-27	9.61e-21	6.02e-15	7.92e-10	1.70e-05	9.94e-01	6.28e-03	0.00e+00
 1.27148e+14	2.83e-27	1.21e-20	7.19e-15	8.93e-10	1.81e-05	9.94e-01	5.91e-03	0.00e+00
 1.31130e+14	3.82e-27	1.54e-20	8.64e-15	1.01e-09	1.93e-05	9.94e-01	5.55e-03	0.00e+00
 1.36063e+14	5.45e-27	2.06e-20	1.08e-14	1.18e-09	2.09e-05	9.95e-01	5.14e-03	0.00e+00
 1.41094e+14	7.75e-27	2.73e-20	1.33e-14	1.36e-09	2.25e-05	9.95e-01	4.77e-03	0.00e+00
 1.45553e+14	1.05e-26	3.49e-20	1.61e-14	1.55e-09	2.40e-05	9.95e-01	4.48e-03	0.00e+00
 1.50408e+14	1.44e-26	4.50e-20	1.95e-14	1.76e-09	2.57e-05	9.96e-01	4.19e-03	0.00e+00
 1.56230e+14	2.08e-26	6.05e-20	2.44e-14	2.06e-09	2.78e-05	9.96e-01	3.87e-03	0.00e+00
 1.62010e+14	2.96e-26	8.04e-20	3.03e-14	2.38e-09	3.00e-05	9.96e-01	3.59e-03	0.00e+00
 1.67236e+14	4.02e-26	1.03e-19	3.66e-14	2.71e-09	3.20e-05	9.97e-01	3.37e-03	0.00e+00
 1.73042e+14	5.60e-26	1.35e-19	4.49e-14	3.11e-09	3.44e-05	9.97e-01	3.14e-03	0.00e+00
 1.79865e+14	8.15e-26	1.82e-19	5.65e-14	3.64e-09	3.72e-05	9.97e-01	2.90e-03	0.00e+00
 1.86614e+14	1.17e-25	2.43e-19	7.04e-14	4.22e-09	4.02e-05	9.97e-01	2.69e-03	0.00e+00
 1.92341e+14	1.57e-25	3.08e-19	8.42e-14	4.77e-09	4.28e-05	9.97e-01	2.53e-03	0.00e+00
 1.96994e+14	1.98e-25	3.72e-19	9.71e-14	5.25e-09	4.49e-05	9.98e-01	2.41e-03	0.00e+00
 2.01902e+14	2.51e-25	4.51e-19	1.12e-13	5.80e-09	4.72e-05	9.98e-01	2.29e-03	0.00e+00
 2.08283e+14	3.40e-25	5.76e-19	1.35e-13	6.58e-09	5.04e-05	9.98e-01	2.15e-03	0.00e+00
 2.14949e+14	4.63e-25	7.38e-19	1.63e-13	7.47e-09	5.37e-05	9.98e-01	2.00e-03	0.00e+00
 2.20599e+14	5.98e-25	9.06e-19	1.91e-13	8.29e-09	5.66e-05	9.98e-01	1.90e-03	0.00e+00
 2.26559e+14	7.75e-25	1.12e-18	2.23e-13	9.23e-09	5.98e-05	9.98e-01	1.80e-03	0.00e+00
 2.34307e+14	1.08e-24	1.46e-18	2.73e-13	1.06e-08	6.41e-05	9.98e-01	1.68e-03	0.00e+00
 2.42313e+14	1.50e-24	1.90e-18	3.34e-13	1.21e-08	6.86e-05	9.98e-01	1.57e-03	0.00e+00
 2.48996e+14	1.96e-24	2.36e-18	3.93e-13	1.35e-08	7.25e-05	9.98e-01	1.49e-03	0.00e+00
 2.56023e+14	2.58e-24	2.94e-18	4.64e-13	1.51e-08	7.67e-05	9.99e-01	1.41e-03	0.00e+00
 2.65159e+14	3.65e-24	3.88e-18	5.72e-13	1.74e-08	8.24e-05	9.99e-01	1.31e-03	0.00e+00
 2.74747e+14	5.19e-24	5.14e-18	7.07e-13	2.00e-08	8.85e-05	9.99e-01	1.22e-03	0.00e+00
 2.82993e+14	6.96e-24	6.51e-18	8.44e-13	2.25e-08	9.39e-05	9.99e-01	1.15e-03	0.00e+00
 2.91786e+14	9.42e-24	8.29e-18	1.01e-12	2.55e-08	9.99e-05	9.99e-01	1.08e-03	0.00e+00
 3.02705e+14	1.36e-23	1.11e-17	1.26e-12	2.95e-08	1.08e-04	9.99e-01	1.00e-03	0.00e+00
 3.13960e+14	1.95e-23	1.48e-17	1.57e-12	3.41e-08	1.16e-04	9.99e-01	9.31e-04	0.00e+00
 3.24048e+14	2.67e-23	1.91e-17	1.90e-12	3.87e-08	1.23e-04	9.99e-01	8.74e-04	0.00e+00
 3.35053e+14	3.71e-23	2.49e-17	2.32e-12	4.43e-08	1.32e-04	9.99e-01	8.17e-04	0.00e+00
 3.48113e+14	5.43e-23	3.38e-17	2.91e-12	5.16e-08	1.43e-04	9.99e-01	7.57e-04	0.00e+00
 3.61039e+14	7.80e-23	4.51e-17	3.62e-12	5.97e-08	1.53e-04	9.99e-01	7.03e-04	0.00e+00
 3.72907e+14	1.08e-22	5.84e-17	4.40e-12	6.80e-08	1.64e-04	9.99e-01	6.59e-04	0.00e+00
 3.86207e+14	1.52e-22	7.71e-17	5.42e-12	7.82e-08	1.76e-04	9.99e-01	6.14e-04	0.00e+00
 3.99095e+14	2.11e-22	1.00e-16	6.60e-12	8.92e-08	1.88e-04	9.99e-01	5.75e-04	0.00e+00
 4.08602e+14	2.66e-22	1.21e-16	7.59e-12	9.80e-08	1.97e-04	9.99e-01	5.48e-04	0.00e+00
 4.18118e+14	3.34e-22	1.45e-16	8.71e-12	1.07e-07	2.06e-04	9.99e-01	5.23e-04	0.00e+00
 4.30487e+14	4.46e-22	1.83e-16	1.04e-11	1.21e-07	2.19e-04	9.99e-01	4.93e-04	0.00e+00
 4.43863e+14	6.03e-22	2.33e-16	1.25e-11	1.37e-07	2.33e-04	9.99e-01	4.64e-04	0.00e+00
 4.55825e+14	7.84e-22	2.87e-16	1.46e-11	1.52e-07	2.46e-04	9.99e-01	4.39e-04	0.00e+00
 4.68653e+14	1.03e-21	3.58e-16	1.72e-11	1.70e-07	2.60e-04	9.99e-01	4.15e-04	0.00e+00
 4.85331e+14	1.45e-21	4.71e-16	2.12e-11	1.96e-07	2.79e-04	9.99e-01	3.86e-04	0.00e+00
 5.02237e+14	2.03e-21	6.18e-16	2.60e-11	2.25e-07	2.99e-04	9.99e-01	3.60e-04	0.00e+00
 5.15877e+14	2.64e-21	7.63e-16	3.05e-11	2.50e-07	3.16e-04	9.99e-01	3.41e-04	0.00e+00
 5.30047e+14	3.44e-21	9.44e-16	3.59e-11	2.79e-07	3.34e-04	9.99e-01	3.23e-04	0.00e+00
 5.48466e+14	4.80e-21	1.23e-15	4.40e-11	3.20e-07	3.59e-04	9.99e-01	3.01e-04	0.00e+00
 5.68047e+14	6.75e-21	1.62e-15	5.42e-11	3.69e-07	3.86e-04	9.99e-01	2.80e-04	0.00e+00
 5.85251e+14	9.03e-21	2.05e-15	6.48e-11	4.16e-07	4.10e-04	9.99e-01	2.63e-04	0.00e+00
 6.03729e+14	1.22e-20	2.61e-15	7.79e-11	4.73e-07	4.38e-04	9.99e-01	2.46e-04	0.00e+00
 6.26471e+14	1.74e-20	3.49e-15	9.71e-11	5.49e-07	4.73e-04	9.99e-01	2.28e-04	0.00e+00
 6.49336e+14	2.45e-20	4.61e-15	1.20e-10	6.35e-07	5.10e-04	9.99e-01	2.12e-04	0.00e+00
 6.69293e+14	3.29e-20	5.84e-15	1.44e-10	7.18e-07	5.43e-04	9.99e-01	1.99e-04	0.00e+00
 6.90893e+14	4.45e-20	7.46e-15	1.74e-10	8.17e-07	5.81e-04	9.99e-01	1.86e-04	0.00e+00
 7.17178e+14	6.35e-20	9.95e-15	2.17e-10	9.52e-07	6.28e-04	9.99e-01	1.72e-04	0.00e+00
 7.43357e+14	8.92e-20	1.31e-14	2.68e-10	1.10e-06	6.78e-04	9.99e-01	1.59e-04	0.00e+00
 7.66422e+14	1.19e-19	1.66e-14	3.21e-10	1.25e-06	7.23e-04	9.99e-01	1.49e-04	0.00e+00
 7.91635e+14	1.62e-19	2.13e-14	3.89e-10	1.42e-06	7.75e-04	9.99e-01	1.39e-04	0.00e+00
 8.22019e+14	2.30e-19	2.84e-14	4.86e-10	1.66e-06	8.40e-04	9.99e-01	1.28e-04	0.00e+00
 8.52248e+14	3.23e-19	3.74e-14	6.01e-10	1.93e-06	9.08e-04	9.99e-01	1.19e-04	0.00e+00
 8.77943e+14	4.27e-19	4.69e-14	7.16e-10	2.18e-06	9.68e-04	9.99e-01	1.12e-04	0.00e+00
 8.99324e+14	5.34e-19	5.63e-14	8.25e-10	2.40e-06	1.02e-03	9.99e-01	1.06e-04	0.00e+00
 9.21825e+14	6.72e-19	6.79e-14	9.55e-10	2.66e-06	1.08e-03	9.99e-01	1.01e-04	0.00e+00
 9.51076e+14	8.97e-19	8.61e-14	1.15e-09	3.02e-06	1.15e-03	9.99e-01	9.39e-05	0.00e+00
 9.81147e+14	1.20e-18	1.09e-13	1.38e-09	3.43e-06	1.23e-03	9.99e-01	8.78e-05	0.00e+00
 1.00587e+15	1.51e-18	1.31e-13	1.60e-09	3.80e-06	1.30e-03	9.99e-01	8.32e-05	0.00e+00
 1.03160e+15	1.90e-18	1.59e-13	1.85e-09	4.21e-06	1.37e-03	9.99e-01	7.88e-05	0.00e+00
 1.06505e+15	2.55e-18	2.02e-13	2.23e-09	4.80e-06	1.47e-03	9.98e-01	7.35e-05	0.00e+00
 1.09989e+15	3.43e-18	2.58e-13	2.70e-09	5.48e-06	1.58e-03	9.98e-01	6.85e-05	0.00e+00
 1.12928e+15	4.37e-18	3.14e-13	3.15e-09	6.10e-06	1.67e-03	9.98e-01	6.47e-05	0.00e+00
 1.16023e+15	5.59e-18	3.85e-13	3.69e-09	6.82e-06	1.77e-03	9.98e-01	6.10e-05	0.00e+00
 1.20046e+15	7.63e-18	4.97e-13	4.51e-09	7.84e-06	1.91e-03	9.98e-01	5.66e-05	0.00e+00
 1.24217e+15	1.04e-17	6.42e-13	5.50e-09	9.02e-06	2.06e-03	9.98e-01	5.25e-05	0.00e+00
 1.27741e+15	1.34e-17	7.91e-13	6.48e-09	1.01e-05	2.19e-03	9.98e-01	4.94e-05	0.00e+00
 1.31481e+15	1.74e-17	9.81e-13	7.67e-09	1.14e-05	2.33e-03	9.98e-01	4.64e-05	0.00e+00
 1.36268e+15	2.41e-17	1.28e-12	9.47e-09	1.32e-05	2.52e-03	9.97e-01	4.28e-05	0.00e+00
 1.41278e+15	3.35e-17	1.68e-12	1.17e-08	1.53e-05	2.73e-03	9.97e-01	3.96e-05	0.00e+00
 1.45685e+15	4.41e-17	2.11e-12	1.40e-08	1.73e-05	2.92e-03	9.97e-01	3.70e-05	0.00e+00
 1.50448e+15	5.88e-17	2.67e-12	1.69e-08	1.98e-05	3.14e-03	9.97e-01	3.44e-05	0.00e+00
 1.56205e+15	8.25e-17	3.53e-12	2.10e-08	2.31e-05	3.41e-03	9.97e-01	3.17e-05	0.00e+00
 1.61955e+15	1.14e-16	4.61e-12	2.60e-08	2.68e-05	3.70e-03	9.96e-01	2.92e-05	0.00e+00
 1.67157e+15	1.81e-16	5.83e-12	3.13e-08	3.05e-05	3.97e-03	9.96e-01	2.72e-05	0.00e+00
 1.71593e+15	2.29e-16	7.06e-12	3.64e-08	3.40e-05	4.21e-03	9.96e-01	2.57e-05	0.00e+00
 1.75331e+15	2.78e-16	8.27e-12	4.13e-08	3.71e-05	4.42e-03	9.96e-01	2.45e-05	0.00e+00
 1.79514e+15	3.36e-16	9.84e-12	4.74e-08	4.08e-05	4.65e-03	9.95e-01	2.32e-05	0.00e+00
 1.84954e+15	4.37e-16	1.22e-11	5.64e-08	4.62e-05	4.98e-03	9.95e-01	2.17e-05	0.00e+00
 1.90606e+15	5.68e-16	1.52e-11	6.72e-08	5.23e-05	5.33e-03	9.95e-01	2.03e-05	0.00e+00
 1.95332e+15	7.03e-16	1.82e-11	7.75e-08	5.78e-05	5.63e-03	9.94e-01	1.92e-05	0.00e+00
 2.00271e+15	8.74e-16	2.18e-11	8.96e-08	6.41e-05	5.96e-03	9.94e-01	1.81e-05	0.00e+00
 2.06691e+15	1.15e-15	2.75e-11	1.08e-07	7.30e-05	6.41e-03	9.93e-01	1.68e-05	0.00e+00
 2.13318e+15	1.50e-15	3.45e-11	1.30e-07	8.32e-05	6.89e-03	9.93e-01	1.57e-05	0.00e+00
 2.18809e+15	1.87e-15	4.14e-11	1.50e-07	9.23e-05	7.30e-03	9.93e-01	1.48e-05	0.00e+00
 2.24542e+15	2.33e-15	4.99e-11	1.75e-07	1.03e-04	7.76e-03	9.92e-01	1.39e-05	0.00e+00
 2.31996e+15	3.07e-15	6.30e-11	2.11e-07	1.18e-04	8.37e-03	9.91e-01	1.29e-05	0.00e+00
 2.39798e+15	4.04e-15	7.97e-11	2.56e-07	1.35e-04	9.04e-03	9.91e-01	1.19e-05	0.00e+00
 2.46435e+15	5.06e-15	9.67e-11	3.00e-07	1.51e-04	9.64e-03	9.90e-01	1.12e-05	0.00e+00
 2.53443e+15	6.38e-15	1.18e-10	3.54e-07	1.69e-04	1.03e-02	9.90e-01	1.05e-05	0.00e+00
 2.62553e+15	8.57e-15	1.52e-10	4.35e-07	1.96e-04	1.12e-02	9.89e-01	9.77e-06	0.00e+00
 2.72111e+15	1.15e-14	1.95e-10	5.36e-07	2.27e-04	1.22e-02	9.88e-01	9.06e-06	0.00e+00
 2.80319e+15	1.46e-14	2.41e-10	6.38e-07	2.57e-04	1.31e-02	9.87e-01	8.51e-06	0.00e+00
 2.89056e+15	1.87e-14	2.99e-10	7.64e-07	2.92e-04	1.41e-02	9.86e-01	7.98e-06	0.00e+00
 2.99876e+15	2.51e-14	3.86e-10	9.48e-07	3.40e-04	1.54e-02	9.84e-01	7.40e-06	0.00e+00
 3.10914e+15	3.34e-14	4.97e-10	1.17e-06	3.95e-04	1.68e-02	9.83e-01	6.87e-06	0.00e+00
 3.20661e+15	4.26e-14	6.17e-10	1.41e-06	4.48e-04	1.81e-02	9.81e-01	6.45e-06	0.00e+00
 3.28838e+15	5.19e-14	7.35e-10	1.63e-06	4.98e-04	1.92e-02	9.80e-01	6.14e-06	0.00e+00
 3.35935e+15	6.13e-14	8.54e-10	1.85e-06	5.43e-04	2.02e-02	9.79e-01	5.88e-06	0.00e+00
 3.44012e+15	7.38e-14	1.01e-09	2.13e-06	6.00e-04	2.14e-02	9.78e-01	5.61e-06	0.00e+00
 3.54512e+15	9.41e-14	1.25e-09	2.55e-06	6.80e-04	2.30e-02	9.76e-01	5.31e-06	0.00e+00
 3.65237e+15	1.19e-13	1.54e-09	3.05e-06	7.69e-04	2.48e-02	9.74e-01	5.03e-06	0.00e+00
 3.73934e+15	1.42e-13	1.81e-09	3.50e-06	8.47e-04	2.62e-02	9.73e-01	4.81e-06	0.00e+00
 3.82918e+15	1.71e-13	2.14e-09	4.04e-06	9.35e-04	2.78e-02	9.71e-01	4.61e-06	0.00e+00
 3.94597e+15	2.18e-13	2.65e-09	4.85e-06	1.06e-03	2.99e-02	9.69e-01	4.39e-06	0.00e+00
 4.06728e+15	2.75e-13	3.28e-09	5.82e-06	1.20e-03	3.21e-02	9.67e-01	4.18e-06	0.00e+00
 4.16902e+15	3.33e-13	3.89e-09	6.75e-06	1.33e-03	3.41e-02	9.65e-01	4.01e-06	0.00e+00
 4.27584e+15	4.07e-13	4.66e-09	7.88e-06	1.48e-03	3.63e-02	9.62e-01	3.85e-06	0.00e+00
 4.41472e+15	5.27e-13	5.87e-09	9.58e-06	1.69e-03	3.92e-02	9.59e-01	3.69e-06	0.00e+00
 4.55852e+15	6.76e-13	7.37e-09	1.16e-05	1.93e-03	4.23e-02	9.56e-01	3.53e-06	0.00e+00
 4.67936e+15	8.29e-13	8.87e-09	1.37e-05	2.15e-03	4.51e-02	9.53e-01	3.40e-06	0.00e+00
 4.80710e+15	1.03e-12	1.08e-08	1.61e-05	2.40e-03	4.81e-02	9.49e-01	3.29e-06	0.00e+00
 4.97316e+15	1.36e-12	1.38e-08	1.99e-05	2.77e-03	5.22e-02	9.45e-01	3.17e-06	0.00e+00
 5.14729e+15	1.78e-12	1.76e-08	2.46e-05	3.19e-03	5.66e-02	9.40e-01	3.05e-06	0.00e+00
 5.29662e+15	2.22e-12	2.16e-08	2.93e-05	3.59e-03	6.06e-02	9.36e-01	2.96e-06	0.00e+00
 5.45546e+15	2.83e-12	2.68e-08	3.53e-05	4.06e-03	6.50e-02	9.31e-01	2.88e-06	0.00e+00
 5.65615e+15	3.83e-12	3.50e-08	4.42e-05	4.71e-03	7.08e-02	9.24e-01	2.79e-06	0.00e+00
 5.83652e+15	4.92e-12	4.40e-08	5.37e-05	5.36e-03	7.61e-02	9.18e-01	2.72e-06	0.00e+00
 5.95528e+15	5.78e-12	5.09e-08	6.08e-05	5.82e-03	7.97e-02	9.14e-01	2.68e-06	0.00e+00
 6.06872e+15	6.79e-12	5.87e-08	6.84e-05	6.30e-03	8.33e-02	9.10e-01	2.65e-06	0.00e+00
 6.21618e+15	8.35e-12	7.03e-08	7.96e-05	6.96e-03	8.81e-02	9.05e-01	2.60e-06	0.00e+00
 6.40788e+15	1.09e-11	8.86e-08	9.66e-05	7.91e-03	9.46e-02	8.97e-01	2.55e-06	0.00e+00
 6.60054e+15	1.39e-11	1.10e-07	1.16e-04	8.93e-03	1.01e-01	8.90e-01	2.51e-06	0.00e+00
 6.75144e+15	1.67e-11	1.30e-07	1.34e-04	9.80e-03	1.06e-01	8.84e-01	2.49e-06	0.00e+00
 6.90460e+15	2.04e-11	1.55e-07	1.54e-04	1.08e-02	1.12e-01	8.77e-01	2.46e-06	0.00e+00
 7.10371e+15	2.61e-11	1.92e-07	1.85e-04	1.21e-02	1.19e-01	8.68e-01	2.42e-06	0.00e+00
 7.31277e+15	3.35e-11	2.40e-07	2.22e-04	1.36e-02	1.27e-01	8.59e-01	2.40e-06	0.00e+00
 7.49079e+15	4.11e-11	2.87e-07	2.58e-04	1.51e-02	1.34e-01	8.51e-01	2.38e-06	0.00e+00
 7.67823e+15	5.13e-11	3.47e-07	3.02e-04	1.67e-02	1.42e-01	8.41e-01	2.35e-06	0.00e+00
 7.92190e+15	6.79e-11	4.44e-07	3.70e-04	1.90e-02	1.52e-01	8.29e-01	2.33e-06	0.00e+00
 8.17030e+15	8.80e-11	5.58e-07	4.48e-04	2.15e-02	1.62e-01	8.16e-01	2.29e-06	0.00e+00
 8.37419e+15	1.09e-10	6.73e-07	5.23e-04	2.38e-02	1.70e-01	8.05e-01	2.29e-06	0.00e+00
 8.58858e+15	1.37e-10	8.22e-07	6.16e-04	2.65e-02	1.80e-01	7.93e-01	2.26e-06	0.00e+00
 8.86729e+15	1.84e-10	1.06e-06	7.57e-04	3.02e-02	1.92e-01	7.77e-01	2.22e-06	0.00e+00
 9.15027e+15	2.40e-10	1.34e-06	9.21e-04	3.43e-02	2.04e-01	7.60e-01	2.19e-06	0.00e+00
 9.38496e+15	3.00e-10	1.62e-06	1.08e-03	3.80e-02	2.15e-01	7.46e-01	2.19e-06	0.00e+00
 9.63619e+15	3.84e-10	2.00e-06	1.29e-03	4.23e-02	2.26e-01	7.30e-01	2.16e-06	0.00e+00
 9.88677e+15	4.77e-10	2.42e-06	1.51e-03	4.68e-02	2.37e-01	7.14e-01	2.12e-06	0.00e+00
 1.00928e+16	5.72e-10	2.84e-06	1.72e-03	5.09e-02	2.46e-01	7.01e-01	2.10e-06	0.00e+00
 1.03168e+16	7.02e-10	3.39e-06	1.98e-03	5.57e-02	2.57e-01	6.86e-01	2.07e-06	0.00e+00
 1.05605e+16	8.64e-10	4.06e-06	2.31e-03	6.12e-02	2.68e-01	6.69e-01	2.04e-06	0.00e+00
 1.07900e+16	1.05e-09	4.79e-06	2.64e-03	6.66e-02	2.78e-01	6.53e-01	2.01e-06	0.00e+00
 1.10487e+16	1.31e-09	5.81e-06	3.09e-03	7.34e-02	2.89e-01	6.34e-01	1.97e-06	0.00e+00
 1.13187e+16	1.62e-09	6.99e-06	3.61e-03	8.06e-02	3.01e-01	6.15e-01	1.93e-06	0.00e+00
 1.15639e+16	1.97e-09	8.28e-06	4.15e-03	8.78e-02	3.11e-01	5.97e-01	1.90e-06	0.00e+00
 1.18433e+16	2.49e-09	1.01e-05	4.87e-03	9.67e-02	3.23e-01	5.75e-01	1.85e-06	0.00e+00
 1.21339e+16	3.09e-09	1.22e-05	5.71e-03	1.06e-01	3.34e-01	5.53e-01	1.82e-06	0.00e+00
 1.23916e+16	3.76e-09	1.44e-05	6.56e-03	1.15e-01	3.44e-01	5.34e-01	1.78e-06	0.00e+00
 1.26790e+16	4.71e-09	1.75e-05	7.67e-03	1.26e-01	3.55e-01	5.11e-01	1.72e-06	0.00e+00
 1.29874e+16	5.92e-09	2.13e-05	9.02e-03	1.39e-01	3.65e-01	4.87e-01	1.67e-06	0.00e+00
 1.32664e+16	7.25e-09	2.54e-05	1.04e-02	1.51e-01	3.74e-01	4.65e-01	1.62e-06	0.00e+00
 1.35724e+16	9.15e-09	3.09e-05	1.22e-02	1.65e-01	3.83e-01	4.40e-01	1.56e-06	0.00e+00
 1.38983e+16	1.16e-08	3.79e-05	1.44e-02	1.80e-01	3.91e-01	4.14e-01	1.51e-06	0.00e+00
 1.41811e+16	1.41e-08	4.49e-05	1.66e-02	1.95e-01	3.97e-01	3.92e-01	1.46e-06	0.00e+00
 1.44796e+16	1.77e-08	5.42e-05	1.93e-02	2.11e-01	4.02e-01	3.68e-01	1.40e-06	0.00e+00
 1.48037e+16	2.26e-08	6.65e-05	2.27e-02	2.29e-01	4.06e-01	3.41e-01	1.34e-06	0.00e+00
 1.50734e+16	2.72e-08	7.79e-05	2.59e-02	2.45e-01	4.08e-01	3.21e-01	1.30e-06	0.00e+00
 1.52948e+16	3.20e-08	8.94e-05	2.89e-02	2.58e-01	4.09e-01	3.03e-01	1.26e-06	0.00e+00
 1.55409e+16	3.86e-08	1.04e-04	3.27e-02	2.74e-01	4.09e-01	2.84e-01	1.21e-06	0.00e+00
 1.58163e+16	4.83e-08	1.25e-04	3.77e-02	2.93e-01	4.08e-01	2.62e-01	1.16e-06	0.00e+00
 1.60655e+16	5.74e-08	1.45e-04	4.26e-02	3.09e-01	4.05e-01	2.44e-01	1.11e-06	0.00e+00
 1.62835e+16	6.80e-08	1.67e-04	4.75e-02	3.24e-01	4.01e-01	2.27e-01	1.07e-06	0.00e+00
 1.64932e+16	8.15e-08	1.93e-04	5.31e-02	3.39e-01	3.97e-01	2.11e-01	1.03e-06	0.00e+00
 1.67008e+16	9.55e-08	2.21e-04	5.89e-02	3.54e-01	3.91e-01	1.96e-01	9.93e-07	0.00e+00
 1.69373e+16	1.19e-07	2.64e-04	6.71e-02	3.72e-01	3.83e-01	1.77e-01	0.00e+00	0.00e+00
 1.71767e+16	1.46e-07	3.10e-04	7.59e-02	3.90e-01	3.73e-01	1.61e-01	0.00e+00	0.00e+00
 1.73697e+16	1.70e-07	3.51e-04	8.39e-02	4.03e-01	3.64e-01	1.48e-01	0.00e+00	0.00e+00
 1.75705e+16	1.98e-07	4.00e-04	9.32e-02	4.18e-01	3.54e-01	1.34e-01	0.00e+00	0.00e+00
 1.77912e+16	2.41e-07	4.68e-04	1.05e-01	4.34e-01	3.41e-01	1.20e-01	0.00e+00	0.00e+00
 1.79855e+16	3.03e-07	5.58e-04	1.17e-01	4.48e-01	3.28e-01	1.07e-01	0.00e+00	0.00e+00
 1.81430e+16	3.55e-07	6.33e-04	1.28e-01	4.58e-01	3.16e-01	9.66e-02	0.00e+00	0.00e+00
 1.83050e+16	4.23e-07	7.26e-04	1.41e-01	4.69e-01	3.03e-01	8.65e-02	0.00e+00	0.00e+00
 1.84831e+16	4.90e-07	8.18e-04	1.55e-01	4.80e-01	2.88e-01	7.68e-02	0.00e+00	0.00e+00
 1.86484e+16	5.82e-07	9.38e-04	1.70e-01	4.89e-01	2.73e-01	6.76e-02	0.00e+00	0.00e+00
 1.87970e+16	7.37e-07	1.12e-03	1.87e-01	4.96e-01	2.57e-01	5.85e-02	0.00e+00	0.00e+00
 1.89150e+16	8.49e-07	1.25e-03	2.01e-01	5.01e-01	2.45e-01	5.24e-02	0.00e+00	0.00e+00
 1.90258e+16	9.27e-07	1.34e-03	2.13e-01	5.05e-01	2.33e-01	4.75e-02	0.00e+00	0.00e+00
 1.91699e+16	1.18e-06	1.60e-03	2.34e-01	5.09e-01	2.16e-01	3.99e-02	0.00e+00	0.00e+00
 1.93041e+16	1.35e-06	1.78e-03	2.51e-01	5.11e-01	2.01e-01	3.47e-02	0.00e+00	0.00e+00
 1.94081e+16	1.51e-06	1.94e-03	2.66e-01	5.12e-01	1.89e-01	3.06e-02	0.00e+00	0.00e+00
 1.95042e+16	1.78e-06	2.19e-03	2.83e-01	5.11e-01	1.77e-01	2.67e-02	0.00e+00	0.00e+00
 1.95792e+16	1.93e-06	2.33e-03	2.95e-01	5.11e-01	1.68e-01	2.42e-02	0.00e+00	0.00e+00
 1.96482e+16	2.20e-06	2.56e-03	3.08e-01	5.09e-01	1.59e-01	2.15e-02	0.00e+00	0.00e+00
 1.97211e+16	2.38e-06	2.72e-03	3.20e-01	5.08e-01	1.50e-01	1.94e-02	0.00e+00	0.00e+00
 1.97990e+16	2.66e-06	2.96e-03	3.34e-01	5.05e-01	1.41e-01	1.70e-02	0.00e+00	0.00e+00
 1.98824e+16	3.01e-06	3.24e-03	3.50e-01	5.01e-01	1.31e-01	1.47e-02	0.00e+00	0.00e+00
 1.99531e+16	3.49e-06	3.60e-03	3.66e-01	4.97e-01	1.21e-01	1.27e-02	0.00e+00	0.00e+00
 2.00076e+16	3.81e-06	3.85e-03	3.77e-01	4.93e-01	1.15e-01	1.14e-02	0.00e+00	0.00e+00
 2.00608e+16	4.17e-06	4.11e-03	3.88e-01	4.89e-01	1.08e-01	1.02e-02	0.00e+00	0.00e+00
 2.01299e+16	4.69e-06	4.47e-03	4.04e-01	4.83e-01	9.97e-02	8.71e-03	0.00e+00	0.00e+00
 2.02025e+16	5.15e-06	4.79e-03	4.18e-01	4.78e-01	9.19e-02	7.50e-03	0.00e+00	0.00e+00
 2.02693e+16	5.95e-06	5.31e-03	4.34e-01	4.70e-01	8.40e-02	6.29e-03	0.00e+00	0.00e+00
 2.03270e+16	6.59e-06	5.71e-03	4.47e-01	4.64e-01	7.78e-02	5.45e-03	0.00e+00	0.00e+00
 2.03834e+16	7.31e-06	6.16e-03	4.60e-01	4.57e-01	7.17e-02	4.67e-03	0.00e+00	0.00e+00
 2.04566e+16	8.38e-06	6.79e-03	4.77e-01	4.48e-01	6.43e-02	3.80e-03	0.00e+00	0.00e+00
 2.05297e+16	9.60e-06	7.48e-03	4.94e-01	4.38e-01	5.74e-02	3.08e-03	0.00e+00	0.00e+00
 2.05868e+16	1.05e-05	7.97e-03	5.06e-01	4.31e-01	5.26e-02	2.62e-03	0.00e+00	0.00e+00
 2.06450e+16	1.17e-05	8.62e-03	5.20e-01	4.22e-01	4.76e-02	2.18e-03	0.00e+00	0.00e+00
 2.07207e+16	1.41e-05	9.83e-03	5.40e-01	4.08e-01	4.11e-02	1.65e-03	0.00e+00	0.00e+00
 2.07916e+16	1.62e-05	1.08e-02	5.55e-01	3.96e-01	3.62e-02	1.30e-03	0.00e+00	0.00e+00
 2.08451e+16	1.80e-05	1.16e-02	5.67e-01	3.87e-01	3.27e-02	1.08e-03	0.00e+00	0.00e+00
 2.09034e+16	2.02e-05	1.27e-02	5.81e-01	3.77e-01	2.90e-02	8.66e-04	0.00e+00	0.00e+00
 2.09793e+16	2.39e-05	1.42e-02	5.98e-01	3.62e-01	2.47e-02	6.42e-04	0.00e+00	0.00e+00
 2.10446e+16	2.71e-05	1.55e-02	6.11e-01	3.51e-01	2.16e-02	5.04e-04	0.00e+00	0.00e+00
 2.10835e+16	2.96e-05	1.65e-02	6.20e-01	3.44e-01	1.99e-02	4.32e-04	0.00e+00	0.00e+00
 2.11211e+16	3.20e-05	1.74e-02	6.28e-01	3.36e-01	1.83e-02	3.69e-04	0.00e+00	0.00e+00
 2.11700e+16	3.55e-05	1.87e-02	6.38e-01	3.27e-01	1.63e-02	3.00e-04	0.00e+00	0.00e+00
 2.12243e+16	3.99e-05	2.03e-02	6.49e-01	3.16e-01	1.44e-02	2.39e-04	0.00e+00	0.00e+00
 2.12746e+16	4.45e-05	2.19e-02	6.59e-01	3.06e-01	1.28e-02	1.93e-04	0.00e+00	0.00e+00
 2.13211e+16	4.86e-05	2.33e-02	6.67e-01	2.98e-01	1.16e-02	1.60e-04	0.00e+00	0.00e+00
 2.13735e+16	5.52e-05	2.54e-02	6.77e-01	2.87e-01	1.01e-02	1.25e-04	0.00e+00	0.00e+00
 2.14287e+16	6.20e-05	2.75e-02	6.87e-01	2.77e-01	8.86e-03	9.83e-05	0.00e+00	0.00e+00
 2.14784e+16	6.92e-05	2.97e-02	6.95e-01	2.67e-01	7.84e-03	7.89e-05	0.00e+00	0.00e+00
 2.15339e+16	7.83e-05	3.23e-02	7.04e-01	2.56e-01	6.81e-03	6.10e-05	0.00e+00	0.00e+00
 2.15939e+16	8.97e-05	3.54e-02	7.14e-01	2.45e-01	5.85e-03	4.64e-05	0.00e+00	0.00e+00
 2.16469e+16	1.00e-04	3.82e-02	7.21e-01	2.35e-01	5.14e-03	3.68e-05	0.00e+00	0.00e+00
 2.17027e+16	1.14e-04	4.18e-02	7.29e-01	2.24e-01	4.41e-03	2.80e-05	0.00e+00	0.00e+00
 2.17614e+16	1.30e-04	4.56e-02	7.37e-01	2.14e-01	3.80e-03	2.15e-05	0.00e+00	0.00e+00
 2.18141e+16	1.48e-04	4.97e-02	7.43e-01	2.03e-01	3.28e-03	1.66e-05	0.00e+00	0.00e+00
 2.18629e+16	1.66e-04	5.37e-02	7.49e-01	1.94e-01	2.88e-03	1.32e-05	0.00e+00	0.00e+00
 2.19161e+16	1.87e-04	5.84e-02	7.54e-01	1.85e-01	2.48e-03	1.02e-05	0.00e+00	0.00e+00
 2.19757e+16	2.15e-04	6.40e-02	7.59e-01	1.74e-01	2.11e-03	7.66e-06	0.00e+00	0.00e+00
 2.20315e+16	2.48e-04	7.04e-02	7.64e-01	1.64e-01	1.79e-03	5.79e-06	0.00e+00	0.00e+00
 2.20800e+16	2.79e-04	7.62e-02	7.66e-01	1.56e-01	1.56e-03	4.57e-06	0.00e+00	0.00e+00
 2.21310e+16	3.17e-04	8.31e-02	7.69e-01	1.46e-01	1.34e-03	3.51e-06	0.00e+00	0.00e+00
 2.21872e+16	3.67e-04	9.15e-02	7.70e-01	1.37e-01	1.13e-03	2.63e-06	0.00e+00	0.00e+00
 2.22383e+16	4.20e-04	1.00e-01	7.71e-01	1.28e-01	9.61e-04	2.01e-06	0.00e+00	0.00e+00
 2.22840e+16	4.74e-04	1.08e-01	7.70e-01	1.20e-01	8.33e-04	1.59e-06	0.00e+00	0.00e+00
 2.23348e+16	5.43e-04	1.19e-01	7.68e-01	1.12e-01	7.02e-04	1.20e-06	0.00e+00	0.00e+00
 2.23901e+16	6.34e-04	1.31e-01	7.65e-01	1.03e-01	5.82e-04	8.84e-07	0.00e+00	0.00e+00
 2.24388e+16	7.30e-04	1.44e-01	7.60e-01	9.48e-02	4.90e-04	0.00e+00	0.00e+00	0.00e+00
 2.24814e+16	8.26e-04	1.56e-01	7.55e-01	8.82e-02	4.21e-04	0.00e+00	0.00e+00	0.00e+00
 2.25287e+16	9.49e-04	1.70e-01	7.47e-01	8.09e-02	3.52e-04	0.00e+00	0.00e+00	0.00e+00
 2.25813e+16	1.11e-03	1.89e-01	7.37e-01	7.29e-02	2.86e-04	0.00e+00	0.00e+00	0.00e+00
 2.26290e+16	1.30e-03	2.08e-01	7.25e-01	6.60e-02	2.36e-04	0.00e+00	0.00e+00	0.00e+00
 2.26716e+16	1.49e-03	2.27e-01	7.12e-01	5.97e-02	1.95e-04	0.00e+00	0.00e+00	0.00e+00
 2.27194e+16	1.73e-03	2.50e-01	6.95e-01	5.32e-02	1.58e-04	0.00e+00	0.00e+00	0.00e+00
 2.27726e+16	2.07e-03	2.79e-01	6.73e-01	4.63e-02	1.23e-04	0.00e+00	0.00e+00	0.00e+00
 2.28213e+16	2.46e-03	3.09e-01	6.48e-01	4.00e-02	9.52e-05	0.00e+00	0.00e+00	0.00e+00
 2.28646e+16	2.87e-03	3.40e-01	6.22e-01	3.47e-02	7.48e-05	0.00e+00	0.00e+00	0.00e+00
 2.29123e+16	3.41e-03	3.75e-01	5.92e-01	2.94e-02	5.67e-05	0.00e+00	0.00e+00	0.00e+00
 2.29656e+16	4.16e-03	4.21e-01	5.51e-01	2.38e-02	4.03e-05	0.00e+00	0.00e+00	0.00e+00
 2.30129e+16	5.02e-03	4.66e-01	5.10e-01	1.92e-02	2.89e-05	0.00e+00	0.00e+00	0.00e+00
 2.30518e+16	5.86e-03	5.07e-01	4.72e-01	1.57e-02	2.12e-05	0.00e+00	0.00e+00	0.00e+00
 2.30866e+16	6.76e-03	5.45e-01	4.36e-01	1.29e-02	1.59e-05	0.00e+00	0.00e+00	0.00e+00
 2.31252e+16	7.84e-03	5.87e-01	3.95e-01	1.02e-02	1.13e-05	0.00e+00	0.00e+00	0.00e+00
 2.31670e+16	9.33e-03	6.36e-01	3.47e-01	7.63e-03	7.42e-06	0.00e+00	0.00e+00	0.00e+00
 2.32021e+16	1.09e-02	6.80e-01	3.04e-01	5.74e-03	4.96e-06	0.00e+00	0.00e+00	0.00e+00
 2.32294e+16	1.23e-02	7.12e-01	2.71e-01	4.52e-03	3.57e-06	0.00e+00	0.00e+00	0.00e+00
 2.32574e+16	1.38e-02	7.44e-01	2.38e-01	3.47e-03	2.49e-06	0.00e+00	0.00e+00	0.00e+00
 2.32938e+16	1.62e-02	7.83e-01	1.99e-01	2.40e-03	1.51e-06	0.00e+00	0.00e+00	0.00e+00
 2.33298e+16	1.90e-02	8.21e-01	1.59e-01	1.56e-03	8.55e-07	0.00e+00	0.00e+00	0.00e+00
 2.33553e+16	2.16e-02	8.46e-01	1.31e-01	1.09e-03	0.00e+00	0.00e+00	0.00e+00	0.00e+00
 2.33737e+16	2.36e-02	8.62e-01	1.14e-01	8.42e-04	0.00e+00	0.00e+00	0.00e+00	0.00e+00
 2.33930e+16	2.58e-02	8.76e-01	9.78e-02	6.32e-04	0.00e+00	0.00e+00	0.00e+00	0.00e+00
 2.34180e+16	2.91e-02	8.91e-01	7.93e-02	4.28e-04	0.00e+00	0.00e+00	0.00e+00	0.00e+00
 2.34450e+16	3.33e-02	9.05e-01	6.11e-02	2.67e-04	0.00e+00	0.00e+00	0.00e+00	0.00e+00
 2.34673e+16	3.75e-02	9.14e-01	4.79e-02	1.72e-04	0.00e+00	0.00e+00	0.00e+00	0.00e+00
 2.34843e+16	4.10e-02	9.19e-01	3.93e-02	1.21e-04	0.00e+00	0.00e+00	0.00e+00	0.00e+00
 2.35016e+16	4.49e-02	9.23e-01	3.21e-02	8.43e-05	0.00e+00	0.00e+00	0.00e+00	0.00e+00
 2.35211e+16	5.01e-02	9.25e-01	2.51e-02	5.45e-05	0.00e+00	0.00e+00	0.00e+00	0.00e+00
 2.35389e+16	5.52e-02	9.25e-01	1.97e-02	3.55e-05	0.00e+00	0.00e+00	0.00e+00	0.00e+00
 2.35538e+16	6.00e-02	9.24e-01	1.59e-02	2.45e-05	0.00e+00	0.00e+00	0.00e+00	0.00e+00
 2.35678e+16	6.50e-02	9.22e-01	1.30e-02	1.71e-05	0.00e+00	0.00e+00	0.00e+00	0.00e+00
 2.35833e+16	7.07e-02	9.19e-01	1.03e-02	1.13e-05	0.00e+00	0.00e+00	0.00e+00	0.00e+00
 2.35991e+16	7.72e-02	9.15e-01	8.00e-03	7.34e-06	0.00e+00	0.00e+00	0.00e+00	0.00e+00
 2.36123e+16	8.34e-02	9.10e-01	6.41e-03	5.03e-06	0.00e+00	0.00e+00	0.00e+00	0.00e+00
 2.36232e+16	8.85e-02	9.06e-01	5.34e-03	3.68e-06	0.00e+00	0.00e+00	0.00e+00	0.00e+00
 2.36330e+16	9.33e-02	9.02e-01	4.52e-03	2.77e-06	0.00e+00	0.00e+00	0.00e+00	0.00e+00
 2.36427e+16	9.82e-02	8.98e-01	3.82e-03	2.08e-06	0.00e+00	0.00e+00	0.00e+00	0.00e+00
 2.36525e+16	1.04e-01	8.93e-01	3.22e-03	1.57e-06	0.00e+00	0.00e+00	0.00e+00	0.00e+00
 2.36601e+16	1.07e-01	8.90e-01	2.81e-03	1.26e-06	0.00e+00	0.00e+00	0.00e+00	0.00e+00
 2.36650e+16	1.10e-01	8.87e-01	2.58e-03	1.09e-06	0.00e+00	0.00e+00	0.00e+00	0.00e+00
 2.36696e+16	1.13e-01	8.85e-01	2.37e-03	9.59e-07	0.00e+00	0.00e+00	0.00e+00	0.00e+00
 2.36751e+16	1.16e-01	8.82e-01	2.15e-03	0.00e+00	0.00e+00	0.00e+00	0.00e+00	0.00e+00
 2.36813e+16	1.19e-01	8.79e-01	1.93e-03	0.00e+00	0.00e+00	0.00e+00	0.00e+00	0.00e+00
 2.36872e+16	1.23e-01	8.76e-01	1.73e-03	0.00e+00	0.00e+00	0.00e+00	0.00e+00	0.00e+00
 2.36928e+16	1.26e-01	8.73e-01	1.57e-03	0.00e+00	0.00e+00	0.00e+00	0.00e+00	0.00e+00
 2.36984e+16	1.29e-01	8.70e-01	1.42e-03	0.00e+00	0.00e+00	0.00e+00	0.00e+00	0.00e+00
 2.37042e+16	1.32e-01	8.66e-01	1.28e-03	0.00e+00	0.00e+00	0.00e+00	0.00e+00	0.00e+00
 2.37100e+16	1.36e-01	8.63e-01	1.16e-03	0.00e+00	0.00e+00	0.00e+00	0.00e+00	0.00e+00
 2.37159e+16	1.39e-01	8.60e-01	1.05e-03	0.00e+00	0.00e+00	0.00e+00	0.00e+00	0.00e+00
 2.37218e+16	1.43e-01	8.56e-01	9.44e-04	0.00e+00	0.00e+00	0.00e+00	0.00e+00	0.00e+00
 2.37278e+16	1.46e-01	8.53e-01	8.52e-04	0.00e+00	0.00e+00	0.00e+00	0.00e+00	0.00e+00
 2.37341e+16	1.50e-01	8.50e-01	7.67e-04	0.00e+00	0.00e+00	0.00e+00	0.00e+00	0.00e+00
 2.37403e+16	1.53e-01	8.46e-01	6.92e-04	0.00e+00	0.00e+00	0.00e+00	0.00e+00	0.00e+00
 2.37467e+16	1.57e-01	8.43e-01	6.24e-04	0.00e+00	0.00e+00	0.00e+00	0.00e+00	0.00e+00
 2.37533e+16	1.60e-01	8.39e-01	5.62e-04	0.00e+00	0.00e+00	0.00e+00	0.00e+00	0.00e+00
 2.37602e+16	1.64e-01	8.35e-01	5.06e-04	0.00e+00	0.00e+00	0.00e+00	0.00e+00	0.00e+00
 2.37674e+16	1.68e-01	8.32e-01	4.56e-04	0.00e+00	0.00e+00	0.00e+00	0.00e+00	0.00e+00
 2.37748e+16	1.72e-01	8.28e-01	4.10e-04	0.00e+00	0.00e+00	0.00e+00	0.00e+00	0.00e+00
 2.37826e+16	1.76e-01	8.24e-01	3.69e-04	0.00e+00	0.00e+00	0.00e+00	0.00e+00	0.00e+00
 2.37909e+16	1.80e-01	8.20e-01	3.33e-04	0.00e+00	0.00e+00	0.00e+00	0.00e+00	0.00e+00
 2.37997e+16	1.84e-01	8.16e-01	3.01e-04	0.00e+00	0.00e+00	0.00e+00	0.00e+00	0.00e+00
 2.38088e+16	1.88e-01	8.12e-01	2.73e-04	0.00e+00	0.00e+00	0.00e+00	0.00e+00	0.00e+00
 2.38186e+16	1.92e-01	8.08e-01	2.48e-04	0.00e+00	0.00e+00	0.00e+00	0.00e+00	0.00e+00
 2.38294e+16	1.96e-01	8.04e-01	2.27e-04	0.00e+00	0.00e+00	0.00e+00	0.00e+00	0.00e+00
 2.38415e+16	2.00e-01	8.00e-01	2.08e-04	0.00e+00	0.00e+00	0.00e+00	0.00e+00	0.00e+00
 2.38550e+16	2.04e-01	7.96e-01	1.91e-04	0.00e+00	0.00e+00	0.00e+00	0.00e+00	0.00e+00
 2.38690e+16	2.07e-01	7.93e-01	1.79e-04	0.00e+00	0.00e+00	0.00e+00	0.00e+00	0.00e+00
 2.38828e+16	2.11e-01	7.89e-01	1.69e-04	0.00e+00	0.00e+00	0.00e+00	0.00e+00	0.00e+00
 2.38964e+16	2.13e-01	7.87e-01	1.61e-04	0.00e+00	0.00e+00	0.00e+00	0.00e+00	0.00e+00
 2.39098e+16	2.15e-01	7.84e-01	1.56e-04	0.00e+00	0.00e+00	0.00e+00	0.00e+00	0.00e+00
 2.39252e+16	2.18e-01	7.82e-01	1.50e-04	0.00e+00	0.00e+00	0.00e+00	0.00e+00	0.00e+00
 2.39452e+16	2.21e-01	7.79e-01	1.44e-04	0.00e+00	0.00e+00	0.00e+00	0.00e+00	0.00e+00
