#depth	O	O+	O+2	O+3	O+4	O+5	O+6	O+7	O+8	O[1]	O[2]	O[3]
 1.49634e+10	0.00e+00	0.00e+00	1.83e-32	1.55e-23	1.92e-15	3.17e-08	1.00e+00	0.00e+00	0.00e+00	0.00e+00	0.00e+00	0.00e+00
 4.54887e+10	0.00e+00	3.05e-42	2.52e-32	1.97e-23	2.26e-15	3.44e-08	1.00e+00	2.85e-07	0.00e+00	0.00e+00	0.00e+00	0.00e+00
 7.72350e+10	0.00e+00	0.00e+00	3.49e-32	2.52e-23	2.66e-15	3.74e-08	1.00e+00	0.00e+00	0.00e+00	0.00e+00	0.00e+00	0.00e+00
 1.10251e+11	0.00e+00	6.85e-42	4.82e-32	3.21e-23	3.13e-15	4.06e-08	1.00e+00	0.00e+00	0.00e+00	0.00e+00	0.00e+00	0.00e+00
 1.41258e+11	0.00e+00	0.00e+00	6.46e-32	4.01e-23	3.64e-15	4.38e-08	1.00e+00	0.00e+00	0.00e+00	0.00e+00	0.00e+00	0.00e+00
 1.68827e+11	0.00e+00	1.35e-41	8.31e-32	4.85e-23	4.13e-15	4.67e-08	1.00e+00	0.00e+00	0.00e+00	0.00e+00	0.00e+00	0.00e+00
 1.99632e+11	0.00e+00	0.00e+00	1.09e-31	5.97e-23	4.76e-15	5.01e-08	1.00e+00	0.00e+00	0.00e+00	0.00e+00	0.00e+00	0.00e+00
 2.36348e+11	0.00e+00	2.82e-41	1.50e-31	7.58e-23	5.59e-15	5.43e-08	1.00e+00	0.00e+00	0.00e+00	0.00e+00	0.00e+00	0.00e+00
 2.73317e+11	0.00e+00	0.00e+00	2.04e-31	9.55e-23	6.53e-15	5.88e-08	1.00e+00	0.00e+00	0.00e+00	0.00e+00	0.00e+00	0.00e+00
 3.07995e+11	0.00e+00	5.85e-41	2.69e-31	1.18e-22	7.52e-15	6.31e-08	1.00e+00	0.00e+00	0.00e+00	0.00e+00	0.00e+00	0.00e+00
 3.46473e+11	0.00e+00	0.00e+00	3.63e-31	1.48e-22	8.77e-15	6.82e-08	1.00e+00	0.00e+00	0.00e+00	0.00e+00	0.00e+00	0.00e+00
 3.90258e+11	0.00e+00	1.28e-40	5.03e-31	1.89e-22	1.04e-14	7.42e-08	1.00e+00	0.00e+00	0.00e+00	0.00e+00	0.00e+00	0.00e+00
 4.33988e+11	0.00e+00	0.00e+00	6.90e-31	2.41e-22	1.22e-14	8.06e-08	1.00e+00	0.00e+00	0.00e+00	0.00e+00	0.00e+00	0.00e+00
 4.79466e+11	0.00e+00	2.81e-40	9.47e-31	3.06e-22	1.43e-14	8.75e-08	1.00e+00	0.00e+00	0.00e+00	0.00e+00	0.00e+00	0.00e+00
 5.28572e+11	0.00e+00	0.00e+00	1.32e-30	3.93e-22	1.70e-14	9.53e-08	1.00e+00	0.00e+00	0.00e+00	0.00e+00	0.00e+00	0.00e+00
 5.78579e+11	0.00e+00	6.35e-40	1.82e-30	5.02e-22	2.01e-14	1.04e-07	1.00e+00	0.00e+00	0.00e+00	0.00e+00	0.00e+00	0.00e+00
 6.25221e+11	0.00e+00	0.00e+00	2.44e-30	6.27e-22	2.33e-14	1.12e-07	1.00e+00	0.00e+00	0.00e+00	0.00e+00	0.00e+00	0.00e+00
 6.68279e+11	0.00e+00	1.26e-39	3.16e-30	7.64e-22	2.67e-14	1.20e-07	1.00e+00	0.00e+00	0.00e+00	0.00e+00	0.00e+00	0.00e+00
 7.17469e+11	0.00e+00	0.00e+00	4.23e-30	9.52e-22	3.10e-14	1.29e-07	1.00e+00	0.00e+00	0.00e+00	0.00e+00	0.00e+00	0.00e+00
 7.75141e+11	0.00e+00	2.72e-39	5.86e-30	1.22e-21	3.68e-14	1.41e-07	1.00e+00	0.00e+00	0.00e+00	0.00e+00	0.00e+00	0.00e+00
 8.32277e+11	0.00e+00	0.00e+00	8.01e-30	1.55e-21	4.33e-14	1.53e-07	1.00e+00	0.00e+00	0.00e+00	0.00e+00	0.00e+00	0.00e+00
 8.85836e+11	0.00e+00	5.70e-39	1.06e-29	1.92e-21	5.02e-14	1.65e-07	1.00e+00	0.00e+00	0.00e+00	0.00e+00	0.00e+00	0.00e+00
 9.45334e+11	0.00e+00	0.00e+00	1.44e-29	2.43e-21	5.89e-14	1.79e-07	1.00e+00	0.00e+00	0.00e+00	0.00e+00	0.00e+00	0.00e+00
 1.01307e+12	0.00e+00	1.26e-38	2.01e-29	3.14e-21	7.02e-14	1.96e-07	1.00e+00	0.00e+00	0.00e+00	0.00e+00	0.00e+00	0.00e+00
 1.07988e+12	0.00e+00	0.00e+00	2.77e-29	4.00e-21	8.29e-14	2.14e-07	1.00e+00	0.00e+00	0.00e+00	0.00e+00	0.00e+00	0.00e+00
 1.14936e+12	0.00e+00	2.77e-38	3.81e-29	5.11e-21	9.81e-14	2.33e-07	1.00e+00	0.00e+00	0.00e+00	0.00e+00	0.00e+00	0.00e+00
 1.22527e+12	0.00e+00	0.00e+00	5.32e-29	6.60e-21	1.17e-13	2.55e-07	1.00e+00	0.00e+00	0.00e+00	0.00e+00	0.00e+00	0.00e+00
 1.30170e+12	0.00e+00	6.28e-38	7.37e-29	8.48e-21	1.39e-13	2.79e-07	1.00e+00	0.00e+00	0.00e+00	0.00e+00	0.00e+00	0.00e+00
 1.38118e+12	0.00e+00	0.00e+00	1.02e-28	1.09e-20	1.66e-13	3.05e-07	1.00e+00	0.00e+00	0.00e+00	0.00e+00	0.00e+00	0.00e+00
 1.46313e+12	0.00e+00	1.40e-37	1.41e-28	1.40e-20	1.97e-13	3.34e-07	1.00e+00	0.00e+00	0.00e+00	0.00e+00	0.00e+00	0.00e+00
 1.54318e+12	0.00e+00	0.00e+00	1.91e-28	1.77e-20	2.32e-13	3.63e-07	1.00e+00	0.00e+00	0.00e+00	0.00e+00	0.00e+00	0.00e+00
 1.62967e+12	0.00e+00	3.00e-37	2.62e-28	2.26e-20	2.76e-13	3.97e-07	1.00e+00	0.00e+00	0.00e+00	0.00e+00	0.00e+00	0.00e+00
 1.72478e+12	0.00e+00	0.00e+00	3.66e-28	2.92e-20	3.31e-13	4.37e-07	1.00e+00	0.00e+00	0.00e+00	0.00e+00	0.00e+00	0.00e+00
 1.82370e+12	0.00e+00	6.82e-37	5.11e-28	3.79e-20	3.97e-13	4.81e-07	1.00e+00	0.00e+00	0.00e+00	0.00e+00	0.00e+00	0.00e+00
 1.92657e+12	0.00e+00	0.00e+00	7.12e-28	4.91e-20	4.77e-13	5.29e-07	1.00e+00	0.00e+00	0.00e+00	0.00e+00	0.00e+00	0.00e+00
 2.03356e+12	0.00e+00	1.54e-36	9.93e-28	6.36e-20	5.73e-13	5.83e-07	1.00e+00	0.00e+00	0.00e+00	0.00e+00	0.00e+00	0.00e+00
 2.13016e+12	6.57e-46	2.19e-36	1.32e-27	7.97e-20	6.73e-13	6.34e-07	1.00e+00	0.00e+00	0.00e+00	0.00e+00	0.00e+00	0.00e+00
 2.21037e+12	0.00e+00	0.00e+00	1.67e-27	9.55e-20	7.65e-13	6.79e-07	1.00e+00	0.00e+00	0.00e+00	0.00e+00	0.00e+00	0.00e+00
 2.29813e+12	0.00e+00	3.91e-36	2.13e-27	1.16e-19	8.78e-13	7.30e-07	1.00e+00	0.00e+00	0.00e+00	0.00e+00	0.00e+00	0.00e+00
 2.40964e+12	2.03e-45	5.64e-36	2.88e-27	1.47e-19	1.04e-12	7.99e-07	1.00e+00	0.00e+00	0.00e+00	0.00e+00	0.00e+00	0.00e+00
 2.52616e+12	0.00e+00	0.00e+00	3.89e-27	1.86e-19	1.23e-12	8.75e-07	1.00e+00	0.00e+00	0.00e+00	0.00e+00	0.00e+00	0.00e+00
 2.62905e+12	0.00e+00	1.11e-35	5.02e-27	2.27e-19	1.43e-12	9.46e-07	1.00e+00	0.00e+00	0.00e+00	0.00e+00	0.00e+00	0.00e+00
 2.72433e+12	6.30e-45	1.46e-35	6.31e-27	2.73e-19	1.63e-12	1.01e-06	1.00e+00	0.00e+00	0.00e+00	0.00e+00	0.00e+00	0.00e+00
 2.83240e+12	0.00e+00	0.00e+00	8.10e-27	3.32e-19	1.88e-12	1.10e-06	1.00e+00	0.00e+00	0.00e+00	0.00e+00	0.00e+00	0.00e+00
 2.96631e+12	0.00e+00	2.83e-35	1.09e-26	4.22e-19	2.23e-12	1.20e-06	1.00e+00	0.00e+00	0.00e+00	0.00e+00	0.00e+00	0.00e+00
 3.10001e+12	2.07e-44	3.98e-35	1.45e-26	5.29e-19	2.64e-12	1.32e-06	1.00e+00	0.00e+00	0.00e+00	0.00e+00	0.00e+00	0.00e+00
 3.21470e+12	0.00e+00	5.28e-35	1.84e-26	6.39e-19	3.02e-12	1.42e-06	1.00e+00	0.00e+00	0.00e+00	0.00e+00	0.00e+00	0.00e+00
 3.33847e+12	4.10e-44	7.09e-35	2.35e-26	7.77e-19	3.49e-12	1.53e-06	1.00e+00	0.00e+00	0.00e+00	0.00e+00	0.00e+00	0.00e+00
 3.49157e+12	0.00e+00	1.00e-34	3.14e-26	9.81e-19	4.14e-12	1.68e-06	1.00e+00	0.00e+00	0.00e+00	0.00e+00	0.00e+00	0.00e+00
 3.64888e+12	9.25e-44	1.41e-34	4.18e-26	1.24e-18	4.89e-12	1.85e-06	1.00e+00	0.00e+00	0.00e+00	0.00e+00	0.00e+00	0.00e+00
 3.79126e+12	0.00e+00	1.90e-34	5.35e-26	1.51e-18	5.66e-12	2.00e-06	1.00e+00	0.00e+00	0.00e+00	0.00e+00	0.00e+00	0.00e+00
 3.94809e+12	1.90e-43	2.59e-34	6.96e-26	1.86e-18	6.61e-12	2.18e-06	1.00e+00	0.00e+00	0.00e+00	0.00e+00	0.00e+00	0.00e+00
 4.13243e+12	0.00e+00	3.69e-34	9.36e-26	2.37e-18	7.88e-12	2.40e-06	1.00e+00	0.00e+00	0.00e+00	0.00e+00	0.00e+00	0.00e+00
 4.31657e+12	4.25e-43	5.16e-34	1.24e-25	2.98e-18	9.32e-12	2.63e-06	1.00e+00	0.00e+00	0.00e+00	0.00e+00	0.00e+00	0.00e+00
 4.49188e+12	0.00e+00	7.01e-34	1.61e-25	3.67e-18	1.09e-11	2.87e-06	1.00e+00	0.00e+00	0.00e+00	0.00e+00	0.00e+00	0.00e+00
 4.68528e+12	8.90e-43	9.69e-34	2.12e-25	4.59e-18	1.28e-11	3.14e-06	1.00e+00	0.00e+00	0.00e+00	0.00e+00	0.00e+00	0.00e+00
 4.90262e+12	0.00e+00	1.37e-33	2.84e-25	5.83e-18	1.52e-11	3.46e-06	1.00e+00	0.00e+00	0.00e+00	0.00e+00	0.00e+00	0.00e+00
 5.09825e+12	1.90e-42	1.85e-33	3.66e-25	7.16e-18	1.77e-11	3.76e-06	1.00e+00	0.00e+00	0.00e+00	0.00e+00	0.00e+00	0.00e+00
 5.25980e+12	0.00e+00	2.36e-33	4.49e-25	8.45e-18	1.99e-11	4.02e-06	1.00e+00	0.00e+00	0.00e+00	0.00e+00	0.00e+00	0.00e+00
 5.43626e+12	3.38e-42	3.04e-33	5.57e-25	1.01e-17	2.26e-11	4.31e-06	1.00e+00	0.00e+00	0.00e+00	0.00e+00	0.00e+00	0.00e+00
 5.66168e+12	0.00e+00	4.15e-33	7.26e-25	1.25e-17	2.64e-11	4.71e-06	1.00e+00	0.00e+00	0.00e+00	0.00e+00	0.00e+00	0.00e+00
 5.88925e+12	6.92e-42	5.62e-33	9.39e-25	1.54e-17	3.07e-11	5.13e-06	1.00e+00	0.00e+00	0.00e+00	0.00e+00	0.00e+00	0.00e+00
 6.07759e+12	0.00e+00	7.16e-33	1.15e-24	1.82e-17	3.47e-11	5.48e-06	1.00e+00	0.00e+00	0.00e+00	0.00e+00	0.00e+00	0.00e+00
 6.27644e+12	1.23e-41	9.19e-33	1.43e-24	2.16e-17	3.92e-11	5.88e-06	1.00e+00	0.00e+00	0.00e+00	0.00e+00	0.00e+00	0.00e+00
 6.53157e+12	0.00e+00	1.25e-32	1.85e-24	2.68e-17	4.57e-11	6.40e-06	1.00e+00	0.00e+00	0.00e+00	0.00e+00	0.00e+00	0.00e+00
 6.79906e+12	2.51e-41	1.70e-32	2.41e-24	3.32e-17	5.33e-11	6.98e-06	1.00e+00	0.00e+00	0.00e+00	0.00e+00	0.00e+00	0.00e+00
 7.03346e+12	0.00e+00	2.21e-32	3.02e-24	3.98e-17	6.07e-11	7.51e-06	1.00e+00	0.00e+00	0.00e+00	0.00e+00	0.00e+00	0.00e+00
 7.28563e+12	4.68e-41	2.91e-32	3.81e-24	4.81e-17	6.95e-11	8.11e-06	1.00e+00	0.00e+00	0.00e+00	0.00e+00	0.00e+00	0.00e+00
 7.59170e+12	0.00e+00	4.01e-32	5.01e-24	6.01e-17	8.14e-11	8.86e-06	1.00e+00	0.00e+00	0.00e+00	0.00e+00	0.00e+00	0.00e+00
 7.88772e+12	9.56e-41	5.40e-32	6.46e-24	7.39e-17	9.43e-11	9.62e-06	1.00e+00	0.00e+00	0.00e+00	0.00e+00	0.00e+00	0.00e+00
 8.13680e+12	0.00e+00	6.90e-32	7.95e-24	8.75e-17	1.06e-10	1.03e-05	1.00e+00	0.00e+00	0.00e+00	0.00e+00	0.00e+00	0.00e+00
 8.40495e+12	1.70e-40	8.90e-32	9.88e-24	1.04e-16	1.20e-10	1.10e-05	1.00e+00	0.00e+00	0.00e+00	0.00e+00	0.00e+00	0.00e+00
 8.74261e+12	0.00e+00	1.21e-31	1.29e-23	1.29e-16	1.40e-10	1.20e-05	1.00e+00	0.00e+00	0.00e+00	0.00e+00	0.00e+00	0.00e+00
 9.08925e+12	3.46e-40	1.65e-31	1.67e-23	1.60e-16	1.62e-10	1.31e-05	1.00e+00	0.00e+00	0.00e+00	0.00e+00	0.00e+00	0.00e+00
 9.39101e+12	0.00e+00	2.13e-31	2.08e-23	1.91e-16	1.84e-10	1.40e-05	1.00e+00	0.00e+00	0.00e+00	0.00e+00	0.00e+00	0.00e+00
 9.71580e+12	6.40e-40	2.80e-31	2.63e-23	2.31e-16	2.09e-10	1.51e-05	1.00e+00	0.00e+00	0.00e+00	0.00e+00	0.00e+00	0.00e+00
 1.01123e+13	0.00e+00	3.85e-31	3.45e-23	2.87e-16	2.44e-10	1.64e-05	1.00e+00	0.00e+00	0.00e+00	0.00e+00	0.00e+00	0.00e+00
 1.05111e+13	1.32e-39	5.25e-31	4.49e-23	3.56e-16	2.83e-10	1.79e-05	1.00e+00	0.00e+00	0.00e+00	0.00e+00	0.00e+00	0.00e+00
 1.08671e+13	0.00e+00	6.87e-31	5.64e-23	4.27e-16	3.21e-10	1.92e-05	1.00e+00	0.00e+00	0.00e+00	0.00e+00	0.00e+00	0.00e+00
 1.12584e+13	2.52e-39	9.17e-31	7.20e-23	5.20e-16	3.68e-10	2.07e-05	1.00e+00	0.00e+00	0.00e+00	0.00e+00	0.00e+00	0.00e+00
 1.17240e+13	0.00e+00	1.27e-30	9.53e-23	6.51e-16	4.30e-10	2.26e-05	1.00e+00	0.00e+00	0.00e+00	0.00e+00	0.00e+00	0.00e+00
 1.21891e+13	5.31e-39	1.75e-30	1.25e-22	8.09e-16	4.99e-10	2.45e-05	1.00e+00	0.00e+00	0.00e+00	0.00e+00	0.00e+00	0.00e+00
 1.26216e+13	0.00e+00	2.34e-30	1.59e-22	9.83e-16	5.70e-10	2.64e-05	1.00e+00	0.00e+00	0.00e+00	0.00e+00	0.00e+00	0.00e+00
 1.31051e+13	1.06e-38	3.20e-30	2.08e-22	1.21e-15	6.58e-10	2.86e-05	1.00e+00	0.00e+00	0.00e+00	0.00e+00	0.00e+00	0.00e+00
 1.36592e+13	0.00e+00	4.52e-30	2.78e-22	1.53e-15	7.72e-10	3.13e-05	1.00e+00	0.00e+00	0.00e+00	0.00e+00	0.00e+00	0.00e+00
 1.42092e+13	2.33e-38	6.30e-30	3.68e-22	1.91e-15	8.98e-10	3.40e-05	1.00e+00	0.00e+00	0.00e+00	0.00e+00	0.00e+00	0.00e+00
 1.47812e+13	0.00e+00	8.80e-30	4.88e-22	2.39e-15	1.04e-09	3.69e-05	1.00e+00	0.00e+00	0.00e+00	0.00e+00	0.00e+00	0.00e+00
 1.54023e+13	5.19e-38	1.26e-29	6.56e-22	3.02e-15	1.22e-09	4.03e-05	1.00e+00	0.00e+00	0.00e+00	0.00e+00	0.00e+00	0.00e+00
 1.60484e+13	0.00e+00	1.78e-29	8.80e-22	3.81e-15	1.43e-09	4.39e-05	1.00e+00	0.00e+00	0.00e+00	0.00e+00	0.00e+00	0.00e+00
 1.66567e+13	1.13e-37	2.46e-29	1.15e-21	4.71e-15	1.65e-09	4.75e-05	1.00e+00	0.00e+00	0.00e+00	0.00e+00	0.00e+00	0.00e+00
 1.72039e+13	0.00e+00	3.26e-29	1.46e-21	5.66e-15	1.87e-09	5.08e-05	1.00e+00	0.00e+00	0.00e+00	0.00e+00	0.00e+00	0.00e+00
 1.77222e+13	2.13e-37	4.24e-29	1.81e-21	6.70e-15	2.10e-09	5.40e-05	1.00e+00	0.00e+00	0.00e+00	0.00e+00	0.00e+00	0.00e+00
 1.82971e+13	0.00e+00	5.63e-29	2.29e-21	8.05e-15	2.37e-09	5.77e-05	1.00e+00	0.00e+00	0.00e+00	0.00e+00	0.00e+00	0.00e+00
 1.89412e+13	4.25e-37	7.66e-29	2.96e-21	9.81e-15	2.71e-09	6.20e-05	1.00e+00	0.00e+00	0.00e+00	0.00e+00	0.00e+00	0.00e+00
 1.95520e+13	0.00e+00	1.02e-28	3.74e-21	1.18e-14	3.06e-09	6.62e-05	1.00e+00	0.00e+00	0.00e+00	0.00e+00	0.00e+00	0.00e+00
 2.02228e+13	8.42e-37	1.38e-28	4.81e-21	1.43e-14	3.49e-09	7.10e-05	1.00e+00	0.00e+00	0.00e+00	0.00e+00	0.00e+00	0.00e+00
 2.09738e+13	0.00e+00	1.92e-28	6.31e-21	1.76e-14	4.02e-09	7.64e-05	1.00e+00	0.00e+00	0.00e+00	0.00e+00	0.00e+00	0.00e+00
 2.16708e+13	1.76e-36	2.58e-28	8.06e-21	2.13e-14	4.56e-09	8.18e-05	1.00e+00	0.00e+00	0.00e+00	0.00e+00	0.00e+00	0.00e+00
 2.23157e+13	0.00e+00	3.37e-28	1.00e-20	2.52e-14	5.11e-09	8.68e-05	1.00e+00	0.00e+00	0.00e+00	0.00e+00	0.00e+00	0.00e+00
 2.30512e+13	3.44e-36	4.55e-28	1.28e-20	3.04e-14	5.79e-09	9.27e-05	1.00e+00	0.00e+00	0.00e+00	0.00e+00	0.00e+00	0.00e+00
 2.39512e+13	0.00e+00	6.42e-28	1.71e-20	3.80e-14	6.72e-09	1.00e-04	1.00e+00	0.00e+00	0.00e+00	0.00e+00	0.00e+00	0.00e+00
 2.48396e+13	7.71e-36	9.03e-28	2.25e-20	4.69e-14	7.74e-09	1.08e-04	1.00e+00	0.00e+00	0.00e+00	0.00e+00	0.00e+00	0.00e+00
 2.56148e+13	0.00e+00	1.20e-27	2.85e-20	5.61e-14	8.72e-09	1.15e-04	1.00e+00	0.00e+00	0.00e+00	0.00e+00	0.00e+00	0.00e+00
 2.64680e+13	1.56e-35	1.64e-27	3.66e-20	6.78e-14	9.90e-09	1.23e-04	1.00e+00	0.00e+00	0.00e+00	0.00e+00	0.00e+00	0.00e+00
 2.75042e+13	0.00e+00	2.36e-27	4.92e-20	8.48e-14	1.15e-08	1.32e-04	1.00e+00	0.00e+00	0.00e+00	0.00e+00	0.00e+00	0.00e+00
 2.85536e+13	3.65e-35	3.35e-27	6.55e-20	1.05e-13	1.33e-08	1.43e-04	1.00e+00	0.00e+00	0.00e+00	0.00e+00	0.00e+00	0.00e+00
 2.95034e+13	5.29e-35	4.58e-27	8.43e-20	1.28e-13	1.51e-08	1.52e-04	1.00e+00	0.00e+00	0.00e+00	0.00e+00	0.00e+00	0.00e+00
 3.05484e+13	7.88e-35	6.40e-27	1.10e-19	1.57e-13	1.73e-08	1.63e-04	1.00e+00	0.00e+00	0.00e+00	0.00e+00	0.00e+00	0.00e+00
 3.17768e+13	1.24e-34	9.37e-27	1.50e-19	1.97e-13	2.02e-08	1.76e-04	1.00e+00	0.00e+00	0.00e+00	0.00e+00	0.00e+00	0.00e+00
 3.30000e+13	1.92e-34	1.35e-26	2.01e-19	2.46e-13	2.34e-08	1.90e-04	1.00e+00	0.00e+00	0.00e+00	0.00e+00	0.00e+00	0.00e+00
 3.41572e+13	2.85e-34	1.88e-26	2.63e-19	3.01e-13	2.68e-08	2.03e-04	1.00e+00	0.00e+00	0.00e+00	0.00e+00	0.00e+00	0.00e+00
 3.54385e+13	4.35e-34	2.68e-26	3.50e-19	3.74e-13	3.09e-08	2.19e-04	1.00e+00	0.00e+00	0.00e+00	0.00e+00	0.00e+00	0.00e+00
 3.68859e+13	6.95e-34	3.96e-26	4.79e-19	4.73e-13	3.62e-08	2.37e-04	1.00e+00	0.00e+00	0.00e+00	0.00e+00	0.00e+00	0.00e+00
 3.83434e+13	1.10e-33	5.79e-26	6.50e-19	5.94e-13	4.21e-08	2.55e-04	1.00e+00	0.00e+00	0.00e+00	0.00e+00	0.00e+00	0.00e+00
 3.98591e+13	1.73e-33	8.46e-26	8.81e-19	7.46e-13	4.90e-08	2.75e-04	1.00e+00	0.00e+00	0.00e+00	0.00e+00	0.00e+00	0.00e+00
 4.14834e+13	2.76e-33	1.25e-25	1.21e-18	9.43e-13	5.73e-08	2.98e-04	1.00e+00	0.00e+00	0.00e+00	0.00e+00	0.00e+00	0.00e+00
 4.31727e+13	4.42e-33	1.85e-25	1.65e-18	1.19e-12	6.71e-08	3.22e-04	1.00e+00	0.00e+00	0.00e+00	0.00e+00	0.00e+00	0.00e+00
 4.48048e+13	6.83e-33	2.66e-25	2.21e-18	1.49e-12	7.76e-08	3.46e-04	1.00e+00	0.00e+00	0.00e+00	0.00e+00	0.00e+00	0.00e+00
 4.63346e+13	1.01e-32	3.69e-25	2.88e-18	1.81e-12	8.85e-08	3.69e-04	1.00e+00	0.00e+00	0.00e+00	0.00e+00	0.00e+00	0.00e+00
 4.77767e+13	1.47e-32	5.02e-25	3.67e-18	2.17e-12	9.99e-08	3.92e-04	1.00e+00	0.00e+00	0.00e+00	0.00e+00	0.00e+00	0.00e+00
 4.93480e+13	2.13e-32	6.86e-25	4.73e-18	2.63e-12	1.13e-07	4.18e-04	1.00e+00	0.00e+00	0.00e+00	0.00e+00	0.00e+00	0.00e+00
 5.10921e+13	3.22e-32	9.67e-25	6.23e-18	3.22e-12	1.30e-07	4.47e-04	1.00e+00	0.00e+00	0.00e+00	0.00e+00	0.00e+00	0.00e+00
 5.27331e+13	4.70e-32	1.32e-24	8.01e-18	3.89e-12	1.47e-07	4.75e-04	1.00e+00	0.00e+00	0.00e+00	0.00e+00	0.00e+00	0.00e+00
 5.45390e+13	7.00e-32	1.85e-24	1.05e-17	4.74e-12	1.68e-07	5.08e-04	9.99e-01	0.00e+00	0.00e+00	0.00e+00	0.00e+00	0.00e+00
 5.65665e+13	1.06e-31	2.62e-24	1.39e-17	5.89e-12	1.94e-07	5.46e-04	9.99e-01	0.00e+00	0.00e+00	0.00e+00	0.00e+00	0.00e+00
 5.84950e+13	1.58e-31	3.66e-24	1.82e-17	7.18e-12	2.22e-07	5.82e-04	9.99e-01	0.00e+00	0.00e+00	0.00e+00	0.00e+00	0.00e+00
 6.06149e+13	2.43e-31	5.21e-24	2.41e-17	8.86e-12	2.55e-07	6.24e-04	9.99e-01	0.00e+00	0.00e+00	0.00e+00	0.00e+00	0.00e+00
 6.30072e+13	3.82e-31	7.61e-24	3.27e-17	1.11e-11	2.97e-07	6.74e-04	9.99e-01	0.00e+00	0.00e+00	0.00e+00	0.00e+00	0.00e+00
 6.53095e+13	5.73e-31	1.07e-23	4.33e-17	1.38e-11	3.42e-07	7.24e-04	9.99e-01	0.00e+00	0.00e+00	0.00e+00	0.00e+00	0.00e+00
 6.77609e+13	8.86e-31	1.54e-23	5.81e-17	1.71e-11	3.96e-07	7.77e-04	9.99e-01	0.00e+00	0.00e+00	0.00e+00	0.00e+00	0.00e+00
 7.05013e+13	1.42e-30	2.28e-23	7.94e-17	2.17e-11	4.63e-07	8.41e-04	9.99e-01	0.00e+00	0.00e+00	0.00e+00	0.00e+00	0.00e+00
 7.30336e+13	2.10e-30	3.18e-23	1.05e-16	2.67e-11	5.32e-07	9.02e-04	9.99e-01	0.00e+00	0.00e+00	0.00e+00	0.00e+00	0.00e+00
 7.52225e+13	3.00e-30	4.28e-23	1.32e-16	3.18e-11	5.98e-07	9.56e-04	9.99e-01	0.00e+00	0.00e+00	0.00e+00	0.00e+00	0.00e+00
 7.76457e+13	4.28e-30	5.77e-23	1.70e-16	3.84e-11	6.77e-07	1.02e-03	9.99e-01	0.00e+00	0.00e+00	0.00e+00	0.00e+00	0.00e+00
 8.06106e+13	6.67e-30	8.36e-23	2.28e-16	4.80e-11	7.86e-07	1.10e-03	9.99e-01	0.00e+00	0.00e+00	0.00e+00	0.00e+00	0.00e+00
 8.36186e+13	9.97e-30	1.18e-22	3.04e-16	5.96e-11	9.08e-07	1.18e-03	9.99e-01	0.00e+00	0.00e+00	0.00e+00	0.00e+00	0.00e+00
 8.63197e+13	1.46e-29	1.62e-22	3.92e-16	7.20e-11	1.03e-06	1.26e-03	9.99e-01	0.00e+00	0.00e+00	0.00e+00	0.00e+00	0.00e+00
 8.92828e+13	2.12e-29	2.22e-22	5.10e-16	8.79e-11	1.18e-06	1.35e-03	9.99e-01	0.00e+00	0.00e+00	0.00e+00	0.00e+00	0.00e+00
 9.27917e+13	3.27e-29	3.21e-22	6.91e-16	1.11e-10	1.37e-06	1.45e-03	9.99e-01	0.00e+00	0.00e+00	0.00e+00	0.00e+00	0.00e+00
 9.62464e+13	4.95e-29	4.55e-22	9.21e-16	1.37e-10	1.58e-06	1.56e-03	9.98e-01	0.00e+00	0.00e+00	0.00e+00	0.00e+00	0.00e+00
 9.94036e+13	7.17e-29	6.21e-22	1.19e-15	1.66e-10	1.80e-06	1.67e-03	9.98e-01	0.00e+00	0.00e+00	0.00e+00	0.00e+00	0.00e+00
 1.02938e+14	1.08e-28	8.74e-22	1.57e-15	2.05e-10	2.07e-06	1.79e-03	9.98e-01	0.00e+00	0.00e+00	0.00e+00	0.00e+00	0.00e+00
 1.07049e+14	1.65e-28	1.26e-21	2.13e-15	2.58e-10	2.41e-06	1.94e-03	9.98e-01	0.00e+00	0.00e+00	0.00e+00	0.00e+00	0.00e+00
 1.11086e+14	2.54e-28	1.81e-21	2.85e-15	3.22e-10	2.79e-06	2.09e-03	9.98e-01	0.00e+00	0.00e+00	0.00e+00	0.00e+00	0.00e+00
 1.14904e+14	3.65e-28	2.46e-21	3.71e-15	3.93e-10	3.19e-06	2.23e-03	9.98e-01	0.00e+00	0.00e+00	0.00e+00	0.00e+00	0.00e+00
 1.19150e+14	5.50e-28	3.48e-21	4.94e-15	4.88e-10	3.69e-06	2.40e-03	9.98e-01	0.00e+00	0.00e+00	0.00e+00	0.00e+00	0.00e+00
 1.23946e+14	8.68e-28	5.11e-21	6.74e-15	6.17e-10	4.31e-06	2.60e-03	9.97e-01	0.00e+00	0.00e+00	0.00e+00	0.00e+00	0.00e+00
 1.28748e+14	1.30e-27	7.24e-21	9.09e-15	7.73e-10	5.01e-06	2.81e-03	9.97e-01	0.00e+00	0.00e+00	0.00e+00	0.00e+00	0.00e+00
 1.33249e+14	1.94e-27	1.01e-20	1.19e-14	9.48e-10	5.74e-06	3.01e-03	9.97e-01	0.00e+00	0.00e+00	0.00e+00	0.00e+00	0.00e+00
 1.38116e+14	2.83e-27	1.40e-20	1.58e-14	1.17e-09	6.62e-06	3.23e-03	9.97e-01	0.00e+00	0.00e+00	0.00e+00	0.00e+00	0.00e+00
 1.43554e+14	4.46e-27	2.05e-20	2.14e-14	1.48e-09	7.71e-06	3.49e-03	9.97e-01	0.00e+00	0.00e+00	0.00e+00	0.00e+00	0.00e+00
 1.48647e+14	6.40e-27	2.81e-20	2.81e-14	1.82e-09	8.85e-06	3.75e-03	9.96e-01	0.00e+00	0.00e+00	0.00e+00	0.00e+00	0.00e+00
 1.53369e+14	9.06e-27	3.78e-20	3.60e-14	2.19e-09	1.00e-05	3.99e-03	9.96e-01	0.00e+00	0.00e+00	0.00e+00	0.00e+00	0.00e+00
 1.57900e+14	1.27e-26	5.01e-20	4.53e-14	2.60e-09	1.12e-05	4.23e-03	9.96e-01	0.00e+00	0.00e+00	0.00e+00	0.00e+00	0.00e+00
 1.62934e+14	1.79e-26	6.73e-20	5.80e-14	3.13e-09	1.27e-05	4.50e-03	9.95e-01	0.00e+00	0.00e+00	0.00e+00	0.00e+00	0.00e+00
 1.68502e+14	2.54e-26	9.11e-20	7.55e-14	3.82e-09	1.45e-05	4.82e-03	9.95e-01	0.00e+00	0.00e+00	0.00e+00	0.00e+00	0.00e+00
 1.73679e+14	3.63e-26	1.23e-19	9.61e-14	4.58e-09	1.64e-05	5.12e-03	9.95e-01	0.00e+00	0.00e+00	0.00e+00	0.00e+00	0.00e+00
 1.79323e+14	5.04e-26	1.63e-19	1.23e-13	5.54e-09	1.86e-05	5.46e-03	9.95e-01	0.00e+00	0.00e+00	0.00e+00	0.00e+00	0.00e+00
 1.85665e+14	7.36e-26	2.26e-19	1.62e-13	6.81e-09	2.14e-05	5.86e-03	9.94e-01	0.00e+00	0.00e+00	0.00e+00	0.00e+00	0.00e+00
 1.91724e+14	1.05e-25	3.05e-19	2.09e-13	8.24e-09	2.43e-05	6.25e-03	9.94e-01	0.00e+00	0.00e+00	0.00e+00	0.00e+00	0.00e+00
 1.98407e+14	1.56e-25	4.26e-19	2.74e-13	1.01e-08	2.78e-05	6.69e-03	9.93e-01	0.00e+00	0.00e+00	0.00e+00	0.00e+00	0.00e+00
 2.05776e+14	2.26e-25	5.90e-19	3.64e-13	1.26e-08	3.21e-05	7.21e-03	9.93e-01	0.00e+00	0.00e+00	0.00e+00	0.00e+00	0.00e+00
 2.12549e+14	3.23e-25	8.00e-19	4.71e-13	1.52e-08	3.65e-05	7.69e-03	9.92e-01	0.00e+00	0.00e+00	0.00e+00	0.00e+00	0.00e+00
 2.19867e+14	4.72e-25	1.10e-18	6.15e-13	1.86e-08	4.17e-05	8.23e-03	9.92e-01	0.00e+00	0.00e+00	0.00e+00	0.00e+00	0.00e+00
 2.28059e+14	6.84e-25	1.53e-18	8.19e-13	2.31e-08	4.82e-05	8.86e-03	9.91e-01	0.00e+00	0.00e+00	0.00e+00	0.00e+00	0.00e+00
 2.35777e+14	9.99e-25	2.11e-18	1.06e-12	2.82e-08	5.50e-05	9.47e-03	9.90e-01	0.00e+00	0.00e+00	0.00e+00	0.00e+00	0.00e+00
 2.44201e+14	1.42e-24	2.87e-18	1.40e-12	3.47e-08	6.32e-05	1.02e-02	9.90e-01	0.00e+00	0.00e+00	0.00e+00	0.00e+00	0.00e+00
 2.53543e+14	2.17e-24	4.11e-18	1.88e-12	4.34e-08	7.33e-05	1.10e-02	9.89e-01	0.00e+00	0.00e+00	0.00e+00	0.00e+00	0.00e+00
 2.62263e+14	3.01e-24	5.50e-18	2.44e-12	5.30e-08	8.38e-05	1.18e-02	9.88e-01	0.00e+00	0.00e+00	0.00e+00	0.00e+00	0.00e+00
 2.71746e+14	4.44e-24	7.67e-18	3.23e-12	6.55e-08	9.64e-05	1.26e-02	9.87e-01	0.00e+00	0.00e+00	0.00e+00	0.00e+00	0.00e+00
 2.82343e+14	6.53e-24	1.08e-17	4.35e-12	8.22e-08	1.12e-04	1.37e-02	9.86e-01	0.00e+00	0.00e+00	0.00e+00	0.00e+00	0.00e+00
 2.92381e+14	9.53e-24	1.49e-17	5.72e-12	1.01e-07	1.29e-04	1.47e-02	9.85e-01	0.00e+00	0.00e+00	0.00e+00	0.00e+00	0.00e+00
 3.03122e+14	1.38e-23	2.06e-17	7.57e-12	1.25e-07	1.48e-04	1.58e-02	9.84e-01	0.00e+00	0.00e+00	0.00e+00	0.00e+00	0.00e+00
 3.15277e+14	2.05e-23	2.92e-17	1.03e-11	1.58e-07	1.73e-04	1.71e-02	9.83e-01	0.00e+00	0.00e+00	0.00e+00	0.00e+00	0.00e+00
 3.27219e+14	3.06e-23	4.13e-17	1.37e-11	1.97e-07	2.01e-04	1.85e-02	9.81e-01	0.00e+00	0.00e+00	0.00e+00	0.00e+00	0.00e+00
 3.39639e+14	4.37e-23	5.68e-17	1.83e-11	2.46e-07	2.32e-04	2.00e-02	9.80e-01	0.00e+00	0.00e+00	0.00e+00	0.00e+00	0.00e+00
 3.53255e+14	6.64e-23	8.16e-17	2.48e-11	3.10e-07	2.71e-04	2.16e-02	9.78e-01	0.00e+00	0.00e+00	0.00e+00	0.00e+00	0.00e+00
 3.66711e+14	9.44e-23	1.12e-16	3.31e-11	3.87e-07	3.14e-04	2.34e-02	9.76e-01	0.00e+00	0.00e+00	0.00e+00	0.00e+00	0.00e+00
 3.77812e+14	1.27e-22	1.46e-16	4.16e-11	4.61e-07	3.53e-04	2.49e-02	9.75e-01	0.00e+00	0.00e+00	0.00e+00	0.00e+00	0.00e+00
 3.86650e+14	1.60e-22	1.79e-16	4.97e-11	5.28e-07	3.86e-04	2.61e-02	9.73e-01	0.00e+00	0.00e+00	0.00e+00	0.00e+00	0.00e+00
 3.96431e+14	2.07e-22	2.24e-16	6.03e-11	6.13e-07	4.26e-04	2.75e-02	9.72e-01	0.00e+00	0.00e+00	0.00e+00	0.00e+00	0.00e+00
 4.09145e+14	2.79e-22	2.94e-16	7.67e-11	7.38e-07	4.82e-04	2.94e-02	9.70e-01	0.00e+00	0.00e+00	0.00e+00	0.00e+00	0.00e+00
 4.22806e+14	3.84e-22	3.91e-16	9.87e-11	8.96e-07	5.47e-04	3.15e-02	9.68e-01	0.00e+00	0.00e+00	0.00e+00	0.00e+00	0.00e+00
 4.34979e+14	5.11e-22	5.05e-16	1.23e-10	1.06e-06	6.11e-04	3.34e-02	9.66e-01	0.00e+00	0.00e+00	0.00e+00	0.00e+00	0.00e+00
 4.48086e+14	6.74e-22	6.49e-16	1.54e-10	1.26e-06	6.86e-04	3.56e-02	9.64e-01	0.00e+00	0.00e+00	0.00e+00	0.00e+00	0.00e+00
 4.64619e+14	9.64e-22	8.94e-16	2.03e-10	1.56e-06	7.90e-04	3.84e-02	9.61e-01	0.00e+00	0.00e+00	0.00e+00	0.00e+00	0.00e+00
 4.81378e+14	1.35e-21	1.21e-15	2.66e-10	1.92e-06	9.06e-04	4.14e-02	9.58e-01	0.00e+00	0.00e+00	0.00e+00	0.00e+00	0.00e+00
 4.95679e+14	1.78e-21	1.56e-15	3.33e-10	2.29e-06	1.01e-03	4.40e-02	9.55e-01	0.00e+00	0.00e+00	0.00e+00	0.00e+00	0.00e+00
 5.11013e+14	2.39e-21	2.04e-15	4.20e-10	2.74e-06	1.14e-03	4.69e-02	9.52e-01	0.00e+00	0.00e+00	0.00e+00	0.00e+00	0.00e+00
 5.30089e+14	3.38e-21	2.80e-15	5.56e-10	3.39e-06	1.31e-03	5.07e-02	9.48e-01	0.00e+00	0.00e+00	0.00e+00	0.00e+00	0.00e+00
 5.49603e+14	4.80e-21	3.85e-15	7.33e-10	4.20e-06	1.51e-03	5.47e-02	9.44e-01	0.00e+00	0.00e+00	0.00e+00	0.00e+00	0.00e+00
 5.66810e+14	6.46e-21	5.05e-15	9.28e-10	5.03e-06	1.70e-03	5.84e-02	9.40e-01	0.00e+00	0.00e+00	0.00e+00	0.00e+00	0.00e+00
 5.85444e+14	8.73e-21	6.67e-15	1.19e-09	6.08e-06	1.93e-03	6.24e-02	9.36e-01	0.00e+00	0.00e+00	0.00e+00	0.00e+00	0.00e+00
 6.07911e+14	1.26e-20	9.32e-15	1.59e-09	7.59e-06	2.22e-03	6.76e-02	9.30e-01	0.00e+00	0.00e+00	0.00e+00	0.00e+00	0.00e+00
 6.30188e+14	1.78e-20	1.28e-14	2.09e-09	9.37e-06	2.55e-03	7.29e-02	9.25e-01	0.00e+00	0.00e+00	0.00e+00	0.00e+00	0.00e+00
 6.50039e+14	2.41e-20	1.69e-14	2.65e-09	1.12e-05	2.87e-03	7.77e-02	9.19e-01	0.00e+00	0.00e+00	0.00e+00	0.00e+00	0.00e+00
 6.71908e+14	3.30e-20	2.25e-14	3.42e-09	1.36e-05	3.25e-03	8.33e-02	9.13e-01	0.00e+00	0.00e+00	0.00e+00	0.00e+00	0.00e+00
 6.97968e+14	4.79e-20	3.17e-14	4.58e-09	1.70e-05	3.75e-03	9.00e-02	9.06e-01	0.00e+00	0.00e+00	0.00e+00	0.00e+00	0.00e+00
 7.23899e+14	6.85e-20	4.40e-14	6.06e-09	2.11e-05	4.31e-03	9.69e-02	8.99e-01	0.00e+00	0.00e+00	0.00e+00	0.00e+00	0.00e+00
 7.47720e+14	9.31e-20	5.84e-14	7.78e-09	2.54e-05	4.86e-03	1.03e-01	8.92e-01	0.00e+00	0.00e+00	0.00e+00	0.00e+00	0.00e+00
 7.74381e+14	1.34e-19	8.08e-14	1.02e-08	3.12e-05	5.54e-03	1.11e-01	8.84e-01	0.00e+00	0.00e+00	0.00e+00	0.00e+00	0.00e+00
 8.05254e+14	1.97e-19	1.15e-13	1.38e-08	3.91e-05	6.41e-03	1.20e-01	8.74e-01	0.00e+00	0.00e+00	0.00e+00	0.00e+00	0.00e+00
 8.35558e+14	2.86e-19	1.62e-13	1.83e-08	4.84e-05	7.34e-03	1.29e-01	8.64e-01	0.00e+00	0.00e+00	0.00e+00	0.00e+00	0.00e+00
 8.64530e+14	4.03e-19	2.21e-13	2.38e-08	5.90e-05	8.32e-03	1.38e-01	8.54e-01	0.00e+00	0.00e+00	0.00e+00	0.00e+00	0.00e+00
 8.89929e+14	5.41e-19	2.88e-13	2.97e-08	6.97e-05	9.25e-03	1.45e-01	8.45e-01	0.00e+00	0.00e+00	0.00e+00	0.00e+00	0.00e+00
 9.10878e+14	6.87e-19	3.58e-13	3.56e-08	7.96e-05	1.01e-02	1.52e-01	8.38e-01	0.00e+00	0.00e+00	0.00e+00	0.00e+00	0.00e+00
 9.33930e+14	8.87e-19	4.51e-13	4.31e-08	9.19e-05	1.10e-02	1.59e-01	8.30e-01	0.00e+00	0.00e+00	0.00e+00	0.00e+00	0.00e+00
 9.63898e+14	1.22e-18	6.03e-13	5.50e-08	1.10e-04	1.24e-02	1.69e-01	8.19e-01	0.00e+00	0.00e+00	0.00e+00	0.00e+00	0.00e+00
 9.95468e+14	1.72e-18	8.17e-13	7.05e-08	1.32e-04	1.39e-02	1.79e-01	8.07e-01	0.00e+00	0.00e+00	0.00e+00	0.00e+00	0.00e+00
 1.02268e+15	2.27e-18	1.05e-12	8.67e-08	1.54e-04	1.53e-02	1.88e-01	7.97e-01	0.00e+00	0.00e+00	0.00e+00	0.00e+00	0.00e+00
 1.05161e+15	3.03e-18	1.36e-12	1.07e-07	1.80e-04	1.69e-02	1.97e-01	7.86e-01	0.00e+00	0.00e+00	0.00e+00	0.00e+00	0.00e+00
 1.08922e+15	4.41e-18	1.90e-12	1.41e-07	2.20e-04	1.91e-02	2.09e-01	7.71e-01	0.00e+00	0.00e+00	0.00e+00	0.00e+00	0.00e+00
 1.12802e+15	6.32e-18	2.62e-12	1.84e-07	2.68e-04	2.16e-02	2.22e-01	7.56e-01	0.00e+00	0.00e+00	0.00e+00	0.00e+00	0.00e+00
 1.16044e+15	8.60e-18	3.43e-12	2.28e-07	3.13e-04	2.38e-02	2.33e-01	7.43e-01	0.00e+00	0.00e+00	0.00e+00	0.00e+00	0.00e+00
 1.19465e+15	1.17e-17	4.51e-12	2.84e-07	3.68e-04	2.63e-02	2.44e-01	7.29e-01	0.00e+00	0.00e+00	0.00e+00	0.00e+00	0.00e+00
 1.23827e+15	1.72e-17	6.31e-12	3.73e-07	4.49e-04	2.97e-02	2.58e-01	7.12e-01	0.00e+00	0.00e+00	0.00e+00	0.00e+00	0.00e+00
 1.28421e+15	2.57e-17	8.88e-12	4.91e-07	5.47e-04	3.36e-02	2.73e-01	6.93e-01	0.00e+00	0.00e+00	1.47e-17	7.79e-18	2.75e-18
 1.32521e+15	3.60e-17	1.19e-11	6.22e-07	6.49e-04	3.72e-02	2.86e-01	6.76e-01	0.00e+00	0.00e+00	2.06e-17	1.10e-17	3.84e-18
 1.36973e+15	5.10e-17	1.62e-11	7.96e-07	7.75e-04	4.15e-02	2.99e-01	6.58e-01	0.00e+00	0.00e+00	2.92e-17	1.55e-17	5.41e-18
 1.42280e+15	7.74e-17	2.32e-11	1.06e-06	9.50e-04	4.69e-02	3.16e-01	6.37e-01	0.00e+00	0.00e+00	4.44e-17	2.35e-17	8.17e-18
 1.47524e+15	1.13e-16	3.23e-11	1.38e-06	1.15e-03	5.26e-02	3.31e-01	6.16e-01	0.00e+00	0.00e+00	6.52e-17	3.45e-17	1.19e-17
 1.52279e+15	1.60e-16	4.33e-11	1.74e-06	1.36e-03	5.81e-02	3.44e-01	5.96e-01	0.00e+00	0.00e+00	9.20e-17	4.86e-17	1.68e-17
 1.57575e+15	2.25e-16	5.84e-11	2.23e-06	1.62e-03	6.45e-02	3.58e-01	5.76e-01	0.00e+00	0.00e+00	1.29e-16	6.83e-17	2.34e-17
 1.63781e+15	3.56e-16	8.54e-11	2.96e-06	1.98e-03	7.25e-02	3.74e-01	5.51e-01	0.00e+00	0.00e+00	2.05e-16	1.08e-16	3.69e-17
 1.69904e+15	5.24e-16	1.19e-10	3.85e-06	2.38e-03	8.09e-02	3.89e-01	5.28e-01	0.00e+00	0.00e+00	3.02e-16	1.59e-16	5.41e-17
 1.75659e+15	7.53e-16	1.61e-10	4.88e-06	2.81e-03	8.90e-02	4.02e-01	5.06e-01	0.00e+00	0.00e+00	4.34e-16	2.28e-16	7.74e-17
 1.82076e+15	1.07e-15	2.19e-10	6.29e-06	3.36e-03	9.85e-02	4.15e-01	4.83e-01	0.00e+00	0.00e+00	6.19e-16	3.25e-16	1.10e-16
 1.89362e+15	1.72e-15	3.20e-10	8.30e-06	4.07e-03	1.10e-01	4.29e-01	4.57e-01	0.00e+00	0.00e+00	9.91e-16	5.21e-16	1.75e-16
 1.95458e+15	2.42e-15	4.25e-10	1.03e-05	4.74e-03	1.20e-01	4.40e-01	4.36e-01	0.00e+00	0.00e+00	1.40e-15	7.33e-16	2.46e-16
 1.99812e+15	3.07e-15	5.17e-10	1.20e-05	5.26e-03	1.27e-01	4.47e-01	4.21e-01	0.00e+00	0.00e+00	1.77e-15	9.30e-16	3.12e-16
 2.04351e+15	3.91e-15	6.32e-10	1.40e-05	5.84e-03	1.34e-01	4.53e-01	4.06e-01	0.00e+00	0.00e+00	2.26e-15	1.18e-15	3.96e-16
 2.10251e+15	5.11e-15	7.95e-10	1.70e-05	6.67e-03	1.45e-01	4.61e-01	3.88e-01	0.00e+00	0.00e+00	2.95e-15	1.55e-15	5.18e-16
 2.16853e+15	7.33e-15	1.06e-09	2.10e-05	7.69e-03	1.56e-01	4.68e-01	3.68e-01	0.00e+00	0.00e+00	4.24e-15	2.22e-15	7.41e-16
 2.23043e+15	9.66e-15	1.33e-09	2.52e-05	8.73e-03	1.67e-01	4.74e-01	3.50e-01	0.00e+00	0.00e+00	5.59e-15	2.93e-15	9.74e-16
 2.29766e+15	1.36e-14	1.76e-09	3.08e-05	9.97e-03	1.79e-01	4.80e-01	3.31e-01	0.00e+00	0.00e+00	7.89e-15	4.14e-15	1.37e-15
 2.37272e+15	1.92e-14	2.31e-09	3.79e-05	1.15e-02	1.93e-01	4.84e-01	3.11e-01	0.00e+00	0.00e+00	1.11e-14	5.82e-15	1.93e-15
 2.44355e+15	2.55e-14	2.93e-09	4.59e-05	1.30e-02	2.06e-01	4.88e-01	2.93e-01	0.00e+00	0.00e+00	1.48e-14	7.74e-15	2.56e-15
 2.52122e+15	3.54e-14	3.81e-09	5.61e-05	1.49e-02	2.21e-01	4.90e-01	2.74e-01	0.00e+00	0.00e+00	2.05e-14	1.08e-14	3.55e-15
 2.60825e+15	5.31e-14	5.20e-09	6.97e-05	1.72e-02	2.37e-01	4.91e-01	2.54e-01	0.00e+00	0.00e+00	3.08e-14	1.61e-14	5.31e-15
 2.69050e+15	7.28e-14	6.69e-09	8.46e-05	1.95e-02	2.52e-01	4.91e-01	2.37e-01	0.00e+00	0.00e+00	4.22e-14	2.21e-14	7.27e-15
 2.78049e+15	9.95e-14	8.64e-09	1.04e-04	2.23e-02	2.69e-01	4.90e-01	2.20e-01	0.00e+00	0.00e+00	5.77e-14	3.02e-14	9.93e-15
 2.88097e+15	1.51e-13	1.19e-08	1.29e-04	2.57e-02	2.87e-01	4.86e-01	2.01e-01	0.00e+00	0.00e+00	8.78e-14	4.59e-14	1.51e-14
 2.97462e+15	2.09e-13	1.53e-08	1.57e-04	2.91e-02	3.04e-01	4.82e-01	1.85e-01	0.00e+00	0.00e+00	1.21e-13	6.33e-14	2.08e-14
 3.07587e+15	2.85e-13	1.97e-08	1.91e-04	3.30e-02	3.21e-01	4.76e-01	1.69e-01	0.00e+00	0.00e+00	1.66e-13	8.66e-14	2.84e-14
 3.18873e+15	4.36e-13	2.70e-08	2.37e-04	3.78e-02	3.41e-01	4.68e-01	1.53e-01	0.00e+00	0.00e+00	2.53e-13	1.32e-13	4.33e-14
 3.29384e+15	6.01e-13	3.46e-08	2.86e-04	4.25e-02	3.58e-01	4.60e-01	1.40e-01	0.00e+00	0.00e+00	3.49e-13	1.82e-13	5.96e-14
 3.40763e+15	8.22e-13	4.44e-08	3.48e-04	4.80e-02	3.76e-01	4.50e-01	1.26e-01	0.00e+00	0.00e+00	4.77e-13	2.50e-13	8.15e-14
 3.53484e+15	1.26e-12	6.09e-08	4.31e-04	5.46e-02	3.95e-01	4.37e-01	1.12e-01	0.00e+00	0.00e+00	7.32e-13	3.83e-13	1.25e-13
 3.65427e+15	1.77e-12	7.86e-08	5.19e-04	6.11e-02	4.12e-01	4.25e-01	1.01e-01	0.00e+00	0.00e+00	1.03e-12	5.37e-13	1.75e-13
 3.76422e+15	2.36e-12	9.82e-08	6.12e-04	6.74e-02	4.27e-01	4.13e-01	9.17e-02	0.00e+00	0.00e+00	1.37e-12	7.18e-13	2.34e-13
 3.88709e+15	3.16e-12	1.23e-07	7.30e-04	7.49e-02	4.42e-01	4.00e-01	8.22e-02	0.00e+00	0.00e+00	1.84e-12	9.60e-13	3.12e-13
 4.02558e+15	4.75e-12	1.65e-07	8.86e-04	8.38e-02	4.59e-01	3.84e-01	7.24e-02	0.00e+00	0.00e+00	2.76e-12	1.44e-12	4.70e-13
 4.15546e+15	6.43e-12	2.08e-07	1.05e-03	9.25e-02	4.73e-01	3.69e-01	6.45e-02	0.00e+00	0.00e+00	3.74e-12	1.95e-12	6.36e-13
 4.26666e+15	8.17e-12	2.50e-07	1.21e-03	1.00e-01	4.84e-01	3.56e-01	5.85e-02	0.00e+00	0.00e+00	4.74e-12	2.48e-12	8.07e-13
 4.38251e+15	1.07e-11	3.05e-07	1.39e-03	1.09e-01	4.94e-01	3.43e-01	5.27e-02	0.00e+00	0.00e+00	6.20e-12	3.24e-12	1.05e-12
 4.51149e+15	1.50e-11	3.88e-07	1.63e-03	1.18e-01	5.05e-01	3.28e-01	4.68e-02	0.00e+00	0.00e+00	8.70e-12	4.55e-12	1.48e-12
 4.62783e+15	1.90e-11	4.65e-07	1.86e-03	1.27e-01	5.13e-01	3.15e-01	4.22e-02	0.00e+00	0.00e+00	1.11e-11	5.79e-12	1.88e-12
 4.74938e+15	2.40e-11	5.55e-07	2.13e-03	1.37e-01	5.21e-01	3.02e-01	3.79e-02	0.00e+00	0.00e+00	1.39e-11	7.29e-12	2.37e-12
 4.90739e+15	3.49e-11	7.24e-07	2.53e-03	1.50e-01	5.30e-01	2.84e-01	3.28e-02	0.00e+00	0.00e+00	2.03e-11	1.06e-11	3.45e-12
 5.06332e+15	4.51e-11	8.85e-07	2.95e-03	1.63e-01	5.37e-01	2.68e-01	2.87e-02	0.00e+00	0.00e+00	2.62e-11	1.37e-11	4.46e-12
 5.19105e+15	6.13e-11	1.09e-06	3.37e-03	1.75e-01	5.41e-01	2.55e-01	2.55e-02	0.00e+00	0.00e+00	3.56e-11	1.86e-11	6.05e-12
 5.33162e+15	8.03e-11	1.33e-06	3.86e-03	1.87e-01	5.45e-01	2.41e-01	2.24e-02	0.00e+00	0.00e+00	4.67e-11	2.44e-11	7.93e-12
 5.51435e+15	1.06e-10	1.65e-06	4.57e-03	2.04e-01	5.49e-01	2.24e-01	1.91e-02	0.00e+00	0.00e+00	6.16e-11	3.23e-11	1.05e-11
 5.69963e+15	1.58e-10	2.18e-06	5.43e-03	2.21e-01	5.50e-01	2.07e-01	1.61e-02	0.00e+00	0.00e+00	9.17e-11	4.80e-11	1.56e-11
 5.84654e+15	2.03e-10	2.62e-06	6.16e-03	2.35e-01	5.50e-01	1.94e-01	1.42e-02	0.00e+00	0.00e+00	1.18e-10	6.17e-11	2.00e-11
 5.99583e+15	2.63e-10	3.15e-06	7.00e-03	2.50e-01	5.49e-01	1.82e-01	1.24e-02	0.00e+00	0.00e+00	1.53e-10	8.00e-11	2.60e-11
 6.18991e+15	3.43e-10	3.88e-06	8.21e-03	2.69e-01	5.45e-01	1.67e-01	1.04e-02	0.00e+00	0.00e+00	1.99e-10	1.04e-10	3.39e-11
 6.39221e+15	5.08e-10	5.09e-06	9.69e-03	2.89e-01	5.40e-01	1.52e-01	8.66e-03	0.00e+00	0.00e+00	2.95e-10	1.55e-10	5.02e-11
 6.55443e+15	6.47e-10	6.08e-06	1.10e-02	3.05e-01	5.35e-01	1.41e-01	7.50e-03	0.00e+00	0.00e+00	3.76e-10	1.97e-10	6.40e-11
 6.71453e+15	8.06e-10	7.18e-06	1.24e-02	3.22e-01	5.28e-01	1.31e-01	6.50e-03	0.00e+00	0.00e+00	4.69e-10	2.46e-10	7.98e-11
 6.92267e+15	1.20e-09	9.43e-06	1.47e-02	3.44e-01	5.18e-01	1.18e-01	5.33e-03	0.00e+00	0.00e+00	6.97e-10	3.65e-10	1.19e-10
 7.12837e+15	1.62e-09	1.18e-05	1.70e-02	3.64e-01	5.07e-01	1.07e-01	4.42e-03	0.00e+00	0.00e+00	9.42e-10	4.94e-10	1.60e-10
 7.28610e+15	2.06e-09	1.40e-05	1.91e-02	3.81e-01	4.98e-01	9.87e-02	3.82e-03	0.00e+00	0.00e+00	1.20e-09	6.27e-10	2.04e-10
 7.44635e+15	2.65e-09	1.68e-05	2.15e-02	3.97e-01	4.87e-01	9.07e-02	3.28e-03	0.00e+00	0.00e+00	1.54e-09	8.07e-10	2.62e-10
 7.61251e+15	3.33e-09	1.99e-05	2.42e-02	4.14e-01	4.76e-01	8.32e-02	2.82e-03	0.00e+00	0.00e+00	1.94e-09	1.02e-09	3.30e-10
 7.75419e+15	3.99e-09	2.28e-05	2.68e-02	4.28e-01	4.65e-01	7.71e-02	2.47e-03	0.00e+00	0.00e+00	2.32e-09	1.22e-09	3.96e-10
 7.90621e+15	5.36e-09	2.79e-05	3.01e-02	4.44e-01	4.53e-01	7.06e-02	2.11e-03	0.00e+00	0.00e+00	3.12e-09	1.64e-09	5.32e-10
 8.05823e+15	6.56e-09	3.24e-05	3.35e-02	4.59e-01	4.41e-01	6.49e-02	1.83e-03	0.00e+00	0.00e+00	3.82e-09	2.00e-09	6.52e-10
 8.18950e+15	7.78e-09	3.69e-05	3.68e-02	4.72e-01	4.30e-01	6.02e-02	1.61e-03	0.00e+00	0.00e+00	4.53e-09	2.37e-09	7.73e-10
 8.33940e+15	1.05e-08	4.52e-05	4.13e-02	4.87e-01	4.16e-01	5.48e-02	1.37e-03	0.00e+00	0.00e+00	6.09e-09	3.20e-09	1.04e-09
 8.48923e+15	1.23e-08	5.16e-05	4.58e-02	5.00e-01	4.02e-01	5.02e-02	1.19e-03	0.00e+00	0.00e+00	7.18e-09	3.77e-09	1.23e-09
 8.63899e+15	1.64e-08	6.30e-05	5.15e-02	5.15e-01	3.87e-01	4.55e-02	1.01e-03	0.00e+00	0.00e+00	9.57e-09	5.02e-09	1.64e-09
 8.79015e+15	2.13e-08	7.58e-05	5.77e-02	5.28e-01	3.72e-01	4.12e-02	8.58e-04	0.00e+00	0.00e+00	1.24e-08	6.52e-09	2.13e-09
 8.91980e+15	2.60e-08	8.77e-05	6.36e-02	5.39e-01	3.59e-01	3.77e-02	7.46e-04	0.00e+00	0.00e+00	1.51e-08	7.94e-09	2.59e-09
 9.06498e+15	3.18e-08	1.02e-04	7.12e-02	5.51e-01	3.43e-01	3.41e-02	6.35e-04	0.00e+00	0.00e+00	1.85e-08	9.70e-09	3.16e-09
 9.25372e+15	4.81e-08	1.36e-04	8.34e-02	5.65e-01	3.22e-01	2.94e-02	5.02e-04	0.00e+00	0.00e+00	2.80e-08	1.47e-08	4.79e-09
 9.43475e+15	6.02e-08	1.63e-04	9.61e-02	5.76e-01	3.01e-01	2.56e-02	4.08e-04	0.00e+00	0.00e+00	3.50e-08	1.84e-08	6.01e-09
 9.57177e+15	8.35e-08	2.04e-04	1.08e-01	5.84e-01	2.85e-01	2.28e-02	3.39e-04	0.00e+00	0.00e+00	4.86e-08	2.55e-08	8.34e-09
 9.69285e+15	1.06e-07	2.43e-04	1.21e-01	5.89e-01	2.70e-01	2.04e-02	2.88e-04	0.00e+00	0.00e+00	6.18e-08	3.25e-08	1.06e-08
 9.82720e+15	1.32e-07	2.87e-04	1.36e-01	5.93e-01	2.52e-01	1.80e-02	2.39e-04	0.00e+00	0.00e+00	7.67e-08	4.03e-08	1.32e-08
 9.97757e+15	1.78e-07	3.58e-04	1.56e-01	5.95e-01	2.32e-01	1.54e-02	1.91e-04	0.00e+00	0.00e+00	1.04e-07	5.44e-08	1.78e-08
 1.01057e+16	2.39e-07	4.41e-04	1.77e-01	5.94e-01	2.15e-01	1.34e-02	1.55e-04	0.00e+00	0.00e+00	1.39e-07	7.30e-08	2.39e-08
 1.01980e+16	3.26e-07	5.43e-04	1.95e-01	5.91e-01	2.01e-01	1.19e-02	1.30e-04	0.00e+00	0.00e+00	1.89e-07	9.96e-08	3.26e-08
 1.02653e+16	3.82e-07	6.10e-04	2.09e-01	5.87e-01	1.92e-01	1.09e-02	1.15e-04	0.00e+00	0.00e+00	2.22e-07	1.17e-07	3.83e-08
 1.03312e+16	4.53e-07	6.89e-04	2.25e-01	5.83e-01	1.82e-01	9.97e-03	1.01e-04	0.00e+00	0.00e+00	2.63e-07	1.39e-07	4.54e-08
 1.04169e+16	5.25e-07	7.75e-04	2.45e-01	5.76e-01	1.69e-01	8.86e-03	8.64e-05	0.00e+00	0.00e+00	3.06e-07	1.61e-07	5.27e-08
 1.05133e+16	7.15e-07	9.61e-04	2.73e-01	5.64e-01	1.54e-01	7.58e-03	6.94e-05	0.00e+00	0.00e+00	4.16e-07	2.19e-07	7.18e-08
 1.05866e+16	8.34e-07	1.08e-03	2.95e-01	5.54e-01	1.43e-01	6.75e-03	5.93e-05	0.00e+00	0.00e+00	4.85e-07	2.55e-07	8.38e-08
 1.06450e+16	9.94e-07	1.22e-03	3.16e-01	5.43e-01	1.33e-01	6.05e-03	5.11e-05	0.00e+00	0.00e+00	5.79e-07	3.05e-07	1.00e-07
 1.07092e+16	1.19e-06	1.39e-03	3.40e-01	5.30e-01	1.23e-01	5.34e-03	4.33e-05	0.00e+00	0.00e+00	6.95e-07	3.66e-07	1.20e-07
 1.07678e+16	1.43e-06	1.58e-03	3.64e-01	5.16e-01	1.13e-01	4.72e-03	3.67e-05	0.00e+00	0.00e+00	8.32e-07	4.38e-07	1.44e-07
 1.08203e+16	1.69e-06	1.77e-03	3.87e-01	5.02e-01	1.05e-01	4.20e-03	3.14e-05	0.00e+00	0.00e+00	9.82e-07	5.18e-07	1.70e-07
 1.08700e+16	1.98e-06	1.98e-03	4.11e-01	4.87e-01	9.66e-02	3.72e-03	2.68e-05	0.00e+00	0.00e+00	1.15e-06	6.07e-07	1.99e-07
 1.09268e+16	2.48e-06	2.31e-03	4.40e-01	4.67e-01	8.71e-02	3.19e-03	2.18e-05	0.00e+00	0.00e+00	1.44e-06	7.61e-07	2.50e-07
 1.09822e+16	2.84e-06	2.55e-03	4.68e-01	4.48e-01	7.87e-02	2.76e-03	1.81e-05	0.00e+00	0.00e+00	1.65e-06	8.72e-07	2.87e-07
 1.10359e+16	3.41e-06	2.89e-03	4.98e-01	4.27e-01	7.02e-02	2.35e-03	1.47e-05	0.00e+00	0.00e+00	1.98e-06	1.05e-06	3.44e-07
 1.10925e+16	4.13e-06	3.29e-03	5.30e-01	4.03e-01	6.18e-02	1.96e-03	1.16e-05	0.00e+00	0.00e+00	2.40e-06	1.27e-06	4.17e-07
 1.11405e+16	4.90e-06	3.69e-03	5.58e-01	3.81e-01	5.50e-02	1.66e-03	9.39e-06	0.00e+00	0.00e+00	2.85e-06	1.50e-06	4.96e-07
 1.11825e+16	5.70e-06	4.09e-03	5.84e-01	3.61e-01	4.92e-02	1.42e-03	7.69e-06	0.00e+00	0.00e+00	3.32e-06	1.75e-06	5.77e-07
 1.12293e+16	6.97e-06	4.66e-03	6.14e-01	3.37e-01	4.28e-02	1.17e-03	5.98e-06	0.00e+00	0.00e+00	4.05e-06	2.14e-06	7.06e-07
 1.12776e+16	8.24e-06	5.19e-03	6.44e-01	3.13e-01	3.70e-02	9.52e-04	4.63e-06	0.00e+00	0.00e+00	4.79e-06	2.53e-06	8.35e-07
 1.13207e+16	9.59e-06	5.73e-03	6.70e-01	2.91e-01	3.21e-02	7.84e-04	3.63e-06	0.00e+00	0.00e+00	5.58e-06	2.95e-06	9.74e-07
 1.13695e+16	1.15e-05	6.43e-03	7.01e-01	2.65e-01	2.70e-02	6.17e-04	2.68e-06	0.00e+00	0.00e+00	6.68e-06	3.53e-06	1.17e-06
 1.14222e+16	1.38e-05	7.21e-03	7.31e-01	2.39e-01	2.22e-02	4.72e-04	1.92e-06	0.00e+00	0.00e+00	8.01e-06	4.23e-06	1.40e-06
 1.14698e+16	1.61e-05	7.96e-03	7.57e-01	2.16e-01	1.84e-02	3.66e-04	1.40e-06	0.00e+00	0.00e+00	9.37e-06	4.96e-06	1.64e-06
 1.15216e+16	1.93e-05	8.88e-03	7.85e-01	1.92e-01	1.47e-02	2.70e-04	9.61e-07	0.00e+00	0.00e+00	1.12e-05	5.93e-06	1.97e-06
 1.15780e+16	2.32e-05	9.92e-03	8.11e-01	1.67e-01	1.15e-02	1.93e-04	0.00e+00	0.00e+00	0.00e+00	1.35e-05	7.14e-06	2.37e-06
 1.16299e+16	2.74e-05	1.09e-02	8.33e-01	1.46e-01	9.04e-03	1.39e-04	0.00e+00	0.00e+00	0.00e+00	1.59e-05	8.44e-06	2.80e-06
 1.16868e+16	3.28e-05	1.21e-02	8.55e-01	1.25e-01	6.84e-03	9.54e-05	0.00e+00	0.00e+00	0.00e+00	1.91e-05	1.01e-05	3.36e-06
 1.17510e+16	3.97e-05	1.35e-02	8.76e-01	1.05e-01	4.98e-03	6.20e-05	0.00e+00	0.00e+00	0.00e+00	2.31e-05	1.22e-05	4.07e-06
 1.18141e+16	4.76e-05	1.49e-02	8.93e-01	8.80e-02	3.61e-03	4.00e-05	0.00e+00	0.00e+00	0.00e+00	2.77e-05	1.46e-05	4.89e-06
 1.18651e+16	5.48e-05	1.61e-02	9.05e-01	7.64e-02	2.80e-03	2.82e-05	0.00e+00	0.00e+00	0.00e+00	3.19e-05	1.69e-05	5.63e-06
 1.19027e+16	6.07e-05	1.70e-02	9.12e-01	6.86e-02	2.31e-03	2.16e-05	0.00e+00	0.00e+00	0.00e+00	3.53e-05	1.87e-05	6.25e-06
 1.19432e+16	6.78e-05	1.80e-02	9.19e-01	6.08e-02	1.86e-03	1.61e-05	0.00e+00	0.00e+00	0.00e+00	3.94e-05	2.09e-05	6.98e-06
 1.19957e+16	7.79e-05	1.94e-02	9.27e-01	5.20e-02	1.41e-03	1.09e-05	0.00e+00	0.00e+00	0.00e+00	4.53e-05	2.40e-05	8.04e-06
 1.20531e+16	9.00e-05	2.09e-02	9.34e-01	4.42e-02	1.05e-03	7.25e-06	0.00e+00	0.00e+00	0.00e+00	5.24e-05	2.77e-05	9.29e-06
 1.21058e+16	1.03e-04	2.24e-02	9.39e-01	3.81e-02	8.03e-04	4.98e-06	0.00e+00	0.00e+00	0.00e+00	5.97e-05	3.16e-05	1.06e-05
 1.21635e+16	1.18e-04	2.41e-02	9.43e-01	3.22e-02	5.95e-04	3.26e-06	0.00e+00	0.00e+00	0.00e+00	6.88e-05	3.65e-05	1.22e-05
 1.22275e+16	1.38e-04	2.60e-02	9.46e-01	2.70e-02	4.33e-04	2.08e-06	0.00e+00	0.00e+00	0.00e+00	8.03e-05	4.25e-05	1.43e-05
 1.22851e+16	1.58e-04	2.79e-02	9.49e-01	2.31e-02	3.28e-04	1.40e-06	0.00e+00	0.00e+00	0.00e+00	9.22e-05	4.88e-05	1.64e-05
