#depth	He	He+	He+2
 1.49634e+10	4.65e-22	1.86e-11	1.00e+00
 4.54887e+10	5.36e-22	2.02e-11	1.00e+00
 7.72350e+10	6.14e-22	2.20e-11	1.00e+00
 1.10251e+11	7.04e-22	2.39e-11	1.00e+00
 1.41258e+11	7.99e-22	2.58e-11	1.00e+00
 1.68827e+11	8.90e-22	2.76e-11	1.00e+00
 1.99632e+11	1.00e-21	2.96e-11	1.00e+00
 2.36348e+11	1.15e-21	3.22e-11	1.00e+00
 2.73317e+11	1.31e-21	3.49e-11	1.00e+00
 3.07995e+11	1.48e-21	3.75e-11	1.00e+00
 3.46473e+11	1.69e-21	4.06e-11	1.00e+00
 3.90258e+11	1.96e-21	4.43e-11	1.00e+00
 4.33988e+11	2.25e-21	4.82e-11	1.00e+00
 4.79466e+11	2.59e-21	5.24e-11	1.00e+00
 5.28572e+11	3.01e-21	5.73e-11	1.00e+00
 5.78579e+11	3.48e-21	6.25e-11	1.00e+00
 6.25221e+11	3.97e-21	6.76e-11	1.00e+00
 6.68279e+11	4.46e-21	7.25e-11	1.00e+00
 7.17469e+11	5.07e-21	7.85e-11	1.00e+00
 7.75141e+11	5.89e-21	8.58e-11	1.00e+00
 8.32277e+11	6.79e-21	9.35e-11	1.00e+00
 8.85836e+11	7.71e-21	1.01e-10	1.00e+00
 9.45334e+11	8.82e-21	1.10e-10	1.00e+00
 1.01307e+12	1.03e-20	1.21e-10	1.00e+00
 1.07988e+12	1.18e-20	1.32e-10	1.00e+00
 1.14936e+12	1.36e-20	1.44e-10	1.00e+00
 1.22527e+12	1.58e-20	1.59e-10	1.00e+00
 1.30170e+12	1.83e-20	1.74e-10	1.00e+00
 1.38118e+12	2.11e-20	1.91e-10	1.00e+00
 1.46313e+12	2.43e-20	2.10e-10	1.00e+00
 1.54318e+12	2.77e-20	2.30e-10	1.00e+00
 1.62967e+12	3.18e-20	2.52e-10	1.00e+00
 1.72478e+12	3.67e-20	2.78e-10	1.00e+00
 1.82370e+12	4.23e-20	3.07e-10	1.00e+00
 1.92657e+12	4.87e-20	3.40e-10	1.00e+00
 2.03356e+12	5.60e-20	3.76e-10	1.00e+00
 2.13016e+12	6.32e-20	4.11e-10	1.00e+00
 2.21037e+12	6.94e-20	4.41e-10	1.00e+00
 2.29813e+12	7.66e-20	4.76e-10	1.00e+00
 2.40964e+12	8.66e-20	5.23e-10	1.00e+00
 2.52616e+12	9.79e-20	5.75e-10	1.00e+00
 2.62905e+12	1.09e-19	6.24e-10	1.00e+00
 2.72433e+12	1.19e-19	6.72e-10	1.00e+00
 2.83240e+12	1.31e-19	7.29e-10	1.00e+00
 2.96631e+12	1.48e-19	8.03e-10	1.00e+00
 3.10001e+12	1.66e-19	8.82e-10	1.00e+00
 3.21470e+12	1.82e-19	9.54e-10	1.00e+00
 3.33847e+12	2.00e-19	1.03e-09	1.00e+00
 3.49157e+12	2.25e-19	1.14e-09	1.00e+00
 3.64888e+12	2.52e-19	1.25e-09	1.00e+00
 3.79126e+12	2.79e-19	1.36e-09	1.00e+00
 3.94809e+12	3.10e-19	1.49e-09	1.00e+00
 4.13243e+12	3.51e-19	1.65e-09	1.00e+00
 4.31657e+12	3.97e-19	1.82e-09	1.00e+00
 4.49188e+12	4.44e-19	1.98e-09	1.00e+00
 4.68528e+12	5.02e-19	2.18e-09	1.00e+00
 4.90262e+12	5.75e-19	2.41e-09	1.00e+00
 5.09825e+12	6.49e-19	2.62e-09	1.00e+00
 5.25980e+12	7.16e-19	2.81e-09	1.00e+00
 5.43626e+12	7.96e-19	3.02e-09	1.00e+00
 5.66168e+12	9.10e-19	3.31e-09	1.00e+00
 5.88925e+12	1.04e-18	3.61e-09	1.00e+00
 6.07759e+12	1.16e-18	3.87e-09	1.00e+00
 6.27644e+12	1.30e-18	4.16e-09	1.00e+00
 6.53157e+12	1.50e-18	4.54e-09	1.00e+00
 6.79906e+12	1.73e-18	4.97e-09	1.00e+00
 7.03346e+12	1.96e-18	5.35e-09	1.00e+00
 7.28563e+12	2.24e-18	5.79e-09	1.00e+00
 7.59170e+12	2.63e-18	6.34e-09	1.00e+00
 7.88772e+12	3.05e-18	6.90e-09	1.00e+00
 8.13680e+12	3.44e-18	7.39e-09	1.00e+00
 8.40495e+12	3.91e-18	7.93e-09	1.00e+00
 8.74261e+12	4.58e-18	8.65e-09	1.00e+00
 9.08925e+12	5.37e-18	9.43e-09	1.00e+00
 9.39101e+12	6.13e-18	1.01e-08	1.00e+00
 9.71580e+12	7.05e-18	1.09e-08	1.00e+00
 1.01123e+13	8.31e-18	1.19e-08	1.00e+00
 1.05111e+13	9.77e-18	1.30e-08	1.00e+00
 1.08671e+13	1.12e-17	1.40e-08	1.00e+00
 1.12584e+13	1.30e-17	1.51e-08	1.00e+00
 1.17240e+13	1.54e-17	1.65e-08	1.00e+00
 1.21891e+13	1.81e-17	1.79e-08	1.00e+00
 1.26216e+13	2.10e-17	1.93e-08	1.00e+00
 1.31051e+13	2.46e-17	2.10e-08	1.00e+00
 1.36592e+13	2.93e-17	2.29e-08	1.00e+00
 1.42092e+13	3.45e-17	2.49e-08	1.00e+00
 1.47812e+13	4.08e-17	2.71e-08	1.00e+00
 1.54023e+13	4.84e-17	2.96e-08	1.00e+00
 1.60484e+13	5.76e-17	3.23e-08	1.00e+00
 1.66567e+13	6.73e-17	3.50e-08	1.00e+00
 1.72039e+13	7.70e-17	3.75e-08	1.00e+00
 1.77222e+13	8.71e-17	3.99e-08	1.00e+00
 1.82971e+13	9.93e-17	4.26e-08	1.00e+00
 1.89412e+13	1.15e-16	4.58e-08	1.00e+00
 1.95520e+13	1.31e-16	4.89e-08	1.00e+00
 2.02228e+13	1.50e-16	5.25e-08	1.00e+00
 2.09738e+13	1.74e-16	5.66e-08	1.00e+00
 2.16708e+13	1.99e-16	6.05e-08	1.00e+00
 2.23157e+13	2.25e-16	6.43e-08	1.00e+00
 2.30512e+13	2.56e-16	6.87e-08	1.00e+00
 2.39512e+13	3.00e-16	7.44e-08	1.00e+00
 2.48396e+13	3.47e-16	8.01e-08	1.00e+00
 2.56148e+13	3.93e-16	8.52e-08	1.00e+00
 2.64680e+13	4.48e-16	9.10e-08	1.00e+00
 2.75042e+13	5.21e-16	9.82e-08	1.00e+00
 2.85536e+13	6.06e-16	1.06e-07	1.00e+00
 2.95034e+13	6.89e-16	1.13e-07	1.00e+00
 3.05484e+13	7.90e-16	1.21e-07	1.00e+00
 3.17768e+13	9.22e-16	1.31e-07	1.00e+00
 3.30000e+13	1.07e-15	1.41e-07	1.00e+00
 3.41572e+13	1.22e-15	1.51e-07	1.00e+00
 3.54385e+13	1.41e-15	1.63e-07	1.00e+00
 3.68859e+13	1.65e-15	1.76e-07	1.00e+00
 3.83434e+13	1.92e-15	1.90e-07	1.00e+00
 3.98591e+13	2.23e-15	2.05e-07	1.00e+00
 4.14834e+13	2.60e-15	2.21e-07	1.00e+00
 4.31727e+13	3.03e-15	2.39e-07	1.00e+00
 4.48048e+13	3.50e-15	2.57e-07	1.00e+00
 4.63346e+13	3.98e-15	2.74e-07	1.00e+00
 4.77767e+13	4.47e-15	2.91e-07	1.00e+00
 4.93480e+13	5.07e-15	3.10e-07	1.00e+00
 5.10921e+13	5.79e-15	3.32e-07	1.00e+00
 5.27331e+13	6.53e-15	3.53e-07	1.00e+00
 5.45390e+13	7.43e-15	3.77e-07	1.00e+00
 5.65665e+13	8.57e-15	4.05e-07	1.00e+00
 5.84950e+13	9.73e-15	4.33e-07	1.00e+00
 6.06149e+13	1.11e-14	4.64e-07	1.00e+00
 6.30072e+13	1.29e-14	5.01e-07	1.00e+00
 6.53095e+13	1.49e-14	5.38e-07	1.00e+00
 6.77609e+13	1.71e-14	5.78e-07	1.00e+00
 7.05013e+13	1.99e-14	6.25e-07	1.00e+00
 7.30336e+13	2.29e-14	6.71e-07	1.00e+00
 7.52225e+13	2.56e-14	7.11e-07	1.00e+00
 7.76457e+13	2.90e-14	7.58e-07	1.00e+00
 8.06106e+13	3.34e-14	8.16e-07	1.00e+00
 8.36186e+13	3.86e-14	8.80e-07	1.00e+00
 8.63197e+13	4.36e-14	9.37e-07	1.00e+00
 8.92828e+13	4.97e-14	1.00e-06	1.00e+00
 9.27917e+13	5.77e-14	1.09e-06	1.00e+00
 9.62464e+13	6.63e-14	1.17e-06	1.00e+00
 9.94036e+13	7.50e-14	1.25e-06	1.00e+00
 1.02938e+14	8.58e-14	1.34e-06	1.00e+00
 1.07049e+14	9.96e-14	1.45e-06	1.00e+00
 1.11086e+14	1.15e-13	1.56e-06	1.00e+00
 1.14904e+14	1.31e-13	1.67e-06	1.00e+00
 1.19150e+14	1.50e-13	1.80e-06	1.00e+00
 1.23946e+14	1.74e-13	1.95e-06	1.00e+00
 1.28748e+14	2.01e-13	2.11e-06	1.00e+00
 1.33249e+14	2.28e-13	2.26e-06	1.00e+00
 1.38116e+14	2.61e-13	2.43e-06	1.00e+00
 1.43554e+14	3.01e-13	2.63e-06	1.00e+00
 1.48647e+14	3.43e-13	2.82e-06	1.00e+00
 1.53369e+14	3.84e-13	3.00e-06	1.00e+00
 1.57900e+14	4.28e-13	3.19e-06	1.00e+00
 1.62934e+14	4.80e-13	3.40e-06	1.00e+00
 1.68502e+14	5.42e-13	3.64e-06	1.00e+00
 1.73679e+14	6.05e-13	3.86e-06	1.00e+00
 1.79323e+14	6.78e-13	4.13e-06	1.00e+00
 1.85665e+14	7.68e-13	4.43e-06	1.00e+00
 1.91724e+14	8.62e-13	4.72e-06	1.00e+00
 1.98407e+14	9.75e-13	5.06e-06	1.00e+00
 2.05776e+14	1.11e-12	5.46e-06	1.00e+00
 2.12549e+14	1.24e-12	5.83e-06	1.00e+00
 2.19867e+14	1.40e-12	6.24e-06	1.00e+00
 2.28059e+14	1.59e-12	6.73e-06	1.00e+00
 2.35777e+14	1.79e-12	7.20e-06	1.00e+00
 2.44201e+14	2.02e-12	7.74e-06	1.00e+00
 2.53543e+14	2.31e-12	8.35e-06	1.00e+00
 2.62263e+14	2.60e-12	8.97e-06	1.00e+00
 2.71746e+14	2.94e-12	9.64e-06	1.00e+00
 2.82343e+14	3.37e-12	1.04e-05	1.00e+00
 2.92381e+14	3.80e-12	1.12e-05	1.00e+00
 3.03122e+14	4.31e-12	1.21e-05	1.00e+00
 3.15277e+14	4.94e-12	1.31e-05	1.00e+00
 3.27219e+14	5.62e-12	1.42e-05	1.00e+00
 3.39639e+14	6.41e-12	1.54e-05	1.00e+00
 3.53255e+14	7.35e-12	1.67e-05	1.00e+00
 3.66711e+14	8.40e-12	1.81e-05	1.00e+00
 3.77812e+14	9.33e-12	1.93e-05	1.00e+00
 3.86650e+14	1.01e-11	2.03e-05	1.00e+00
 3.96431e+14	1.11e-11	2.14e-05	1.00e+00
 4.09145e+14	1.24e-11	2.29e-05	1.00e+00
 4.22806e+14	1.39e-11	2.46e-05	1.00e+00
 4.34979e+14	1.54e-11	2.62e-05	1.00e+00
 4.48086e+14	1.72e-11	2.79e-05	1.00e+00
 4.64619e+14	1.97e-11	3.03e-05	1.00e+00
 4.81378e+14	2.24e-11	3.28e-05	1.00e+00
 4.95679e+14	2.49e-11	3.49e-05	1.00e+00
 5.11013e+14	2.78e-11	3.74e-05	1.00e+00
 5.30089e+14	3.20e-11	4.06e-05	1.00e+00
 5.49603e+14	3.67e-11	4.40e-05	1.00e+00
 5.66810e+14	4.11e-11	4.72e-05	1.00e+00
 5.85444e+14	4.63e-11	5.07e-05	1.00e+00
 6.07911e+14	5.37e-11	5.53e-05	1.00e+00
 6.30188e+14	6.16e-11	6.00e-05	1.00e+00
 6.50039e+14	6.92e-11	6.43e-05	1.00e+00
 6.71908e+14	7.89e-11	6.95e-05	1.00e+00
 6.97968e+14	9.13e-11	7.57e-05	1.00e+00
 7.23899e+14	1.05e-10	8.22e-05	1.00e+00
 7.47720e+14	1.18e-10	8.84e-05	1.00e+00
 7.74381e+14	1.36e-10	9.58e-05	1.00e+00
 8.05254e+14	1.59e-10	1.05e-04	1.00e+00
 8.35558e+14	1.83e-10	1.14e-04	1.00e+00
 8.64530e+14	2.09e-10	1.23e-04	1.00e+00
 8.89929e+14	2.35e-10	1.31e-04	1.00e+00
 9.10878e+14	2.58e-10	1.38e-04	1.00e+00
 9.33930e+14	2.85e-10	1.47e-04	1.00e+00
 9.63898e+14	3.22e-10	1.57e-04	1.00e+00
 9.95468e+14	3.67e-10	1.69e-04	1.00e+00
 1.02268e+15	4.08e-10	1.80e-04	1.00e+00
 1.05161e+15	4.55e-10	1.92e-04	1.00e+00
 1.08922e+15	5.25e-10	2.07e-04	1.00e+00
 1.12802e+15	6.03e-10	2.25e-04	1.00e+00
 1.16044e+15	6.77e-10	2.39e-04	1.00e+00
 1.19465e+15	7.61e-10	2.55e-04	1.00e+00
 1.23827e+15	8.80e-10	2.77e-04	1.00e+00
 1.28421e+15	1.02e-09	3.00e-04	1.00e+00
 1.32521e+15	1.16e-09	3.22e-04	1.00e+00
 1.36973e+15	1.32e-09	3.46e-04	1.00e+00
 1.42280e+15	1.55e-09	3.78e-04	1.00e+00
 1.47524e+15	1.78e-09	4.09e-04	1.00e+00
 1.52279e+15	2.03e-09	4.39e-04	1.00e+00
 1.57575e+15	2.31e-09	4.73e-04	1.00e+00
 1.63781e+15	2.75e-09	5.16e-04	9.99e-01
 1.69904e+15	3.18e-09	5.59e-04	9.99e-01
 1.75659e+15	3.64e-09	6.01e-04	9.99e-01
 1.82076e+15	4.17e-09	6.51e-04	9.99e-01
 1.89362e+15	4.99e-09	7.10e-04	9.99e-01
 1.95458e+15	5.69e-09	7.61e-04	9.99e-01
 1.99812e+15	6.23e-09	7.99e-04	9.99e-01
 2.04351e+15	6.84e-09	8.39e-04	9.99e-01
 2.10251e+15	7.57e-09	8.92e-04	9.99e-01
 2.16853e+15	8.70e-09	9.55e-04	9.99e-01
 2.23043e+15	9.66e-09	1.01e-03	9.99e-01
 2.29766e+15	1.11e-08	1.08e-03	9.99e-01
 2.37272e+15	1.26e-08	1.16e-03	9.99e-01
 2.44355e+15	1.41e-08	1.24e-03	9.99e-01
 2.52122e+15	1.60e-08	1.32e-03	9.99e-01
 2.60825e+15	1.88e-08	1.43e-03	9.99e-01
 2.69050e+15	2.13e-08	1.53e-03	9.98e-01
 2.78049e+15	2.41e-08	1.64e-03	9.98e-01
 2.88097e+15	2.84e-08	1.77e-03	9.98e-01
 2.97462e+15	3.23e-08	1.90e-03	9.98e-01
 3.07587e+15	3.67e-08	2.04e-03	9.98e-01
 3.18873e+15	4.35e-08	2.21e-03	9.98e-01
 3.29384e+15	4.95e-08	2.37e-03	9.98e-01
 3.40763e+15	5.63e-08	2.55e-03	9.97e-01
 3.53484e+15	6.71e-08	2.77e-03	9.97e-01
 3.65427e+15	7.71e-08	2.98e-03	9.97e-01
 3.76422e+15	8.69e-08	3.18e-03	9.97e-01
 3.88709e+15	9.83e-08	3.41e-03	9.97e-01
 4.02558e+15	1.16e-07	3.69e-03	9.96e-01
 4.15546e+15	1.32e-07	3.96e-03	9.96e-01
 4.26666e+15	1.47e-07	4.20e-03	9.96e-01
 4.38251e+15	1.65e-07	4.47e-03	9.96e-01
 4.51149e+15	1.90e-07	4.78e-03	9.95e-01
 4.62783e+15	2.11e-07	5.06e-03	9.95e-01
 4.74938e+15	2.34e-07	5.37e-03	9.95e-01
 4.90739e+15	2.75e-07	5.81e-03	9.94e-01
 5.06332e+15	3.09e-07	6.24e-03	9.94e-01
 5.19105e+15	3.54e-07	6.64e-03	9.93e-01
 5.33162e+15	3.99e-07	7.08e-03	9.93e-01
 5.51435e+15	4.55e-07	7.68e-03	9.92e-01
 5.69963e+15	5.43e-07	8.36e-03	9.92e-01
 5.84654e+15	6.09e-07	8.90e-03	9.91e-01
 5.99583e+15	6.87e-07	9.51e-03	9.90e-01
 6.18991e+15	7.84e-07	1.03e-02	9.90e-01
 6.39221e+15	9.37e-07	1.13e-02	9.89e-01
 6.55443e+15	1.05e-06	1.21e-02	9.88e-01
 6.71453e+15	1.18e-06	1.29e-02	9.87e-01
 6.92267e+15	1.42e-06	1.42e-02	9.86e-01
 7.12837e+15	1.65e-06	1.55e-02	9.84e-01
 7.28610e+15	1.86e-06	1.66e-02	9.83e-01
 7.44635e+15	2.11e-06	1.79e-02	9.82e-01
 7.61251e+15	2.37e-06	1.92e-02	9.81e-01
 7.75419e+15	2.62e-06	2.05e-02	9.80e-01
 7.90621e+15	3.02e-06	2.20e-02	9.78e-01
 8.05823e+15	3.37e-06	2.37e-02	9.76e-01
 8.18950e+15	3.72e-06	2.52e-02	9.75e-01
 8.33940e+15	4.30e-06	2.72e-02	9.73e-01
 8.48923e+15	4.76e-06	2.93e-02	9.71e-01
 8.63899e+15	5.52e-06	3.19e-02	9.68e-01
 8.79015e+15	6.33e-06	3.46e-02	9.65e-01
 8.91980e+15	7.09e-06	3.72e-02	9.63e-01
 9.06498e+15	8.03e-06	4.06e-02	9.59e-01
 9.25372e+15	9.95e-06	4.57e-02	9.54e-01
 9.43475e+15	1.16e-05	5.14e-02	9.49e-01
 9.57177e+15	1.38e-05	5.66e-02	9.43e-01
 9.69285e+15	1.58e-05	6.19e-02	9.38e-01
 9.82720e+15	1.83e-05	6.88e-02	9.31e-01
 9.97757e+15	2.20e-05	7.79e-02	9.22e-01
 1.01057e+16	2.62e-05	8.71e-02	9.13e-01
 1.01980e+16	3.06e-05	9.50e-02	9.05e-01
 1.02653e+16	3.38e-05	1.01e-01	8.99e-01
 1.03312e+16	3.75e-05	1.09e-01	8.91e-01
 1.04169e+16	4.21e-05	1.19e-01	8.81e-01
 1.05133e+16	5.02e-05	1.32e-01	8.68e-01
 1.05866e+16	5.61e-05	1.44e-01	8.56e-01
 1.06450e+16	6.26e-05	1.55e-01	8.45e-01
 1.07092e+16	7.05e-05	1.67e-01	8.32e-01
 1.07678e+16	7.90e-05	1.81e-01	8.19e-01
 1.08203e+16	8.78e-05	1.94e-01	8.06e-01
 1.08700e+16	9.72e-05	2.08e-01	7.92e-01
 1.09268e+16	1.11e-04	2.25e-01	7.75e-01
 1.09822e+16	1.23e-04	2.44e-01	7.56e-01
 1.10359e+16	1.39e-04	2.64e-01	7.36e-01
 1.10925e+16	1.58e-04	2.88e-01	7.12e-01
 1.11405e+16	1.77e-04	3.09e-01	6.90e-01
 1.11825e+16	1.95e-04	3.30e-01	6.70e-01
 1.12293e+16	2.19e-04	3.55e-01	6.45e-01
 1.12776e+16	2.45e-04	3.82e-01	6.18e-01
 1.13207e+16	2.71e-04	4.08e-01	5.92e-01
 1.13695e+16	3.04e-04	4.40e-01	5.60e-01
 1.14222e+16	3.42e-04	4.75e-01	5.25e-01
 1.14698e+16	3.80e-04	5.07e-01	4.92e-01
 1.15216e+16	4.26e-04	5.45e-01	4.55e-01
 1.15780e+16	4.78e-04	5.84e-01	4.15e-01
 1.16299e+16	5.28e-04	6.20e-01	3.79e-01
 1.16868e+16	5.87e-04	6.59e-01	3.40e-01
 1.17510e+16	6.53e-04	7.00e-01	2.99e-01
 1.18141e+16	7.20e-04	7.38e-01	2.62e-01
 1.18651e+16	7.74e-04	7.64e-01	2.35e-01
 1.19027e+16	8.14e-04	7.83e-01	2.16e-01
 1.19432e+16	8.58e-04	8.02e-01	1.97e-01
 1.19957e+16	9.15e-04	8.25e-01	1.74e-01
 1.20531e+16	9.73e-04	8.46e-01	1.53e-01
 1.21058e+16	1.03e-03	8.63e-01	1.35e-01
 1.21635e+16	1.09e-03	8.81e-01	1.18e-01
 1.22275e+16	1.15e-03	8.96e-01	1.03e-01
 1.22851e+16	1.21e-03	9.08e-01	9.05e-02
 1.23359e+16	1.26e-03	9.18e-01	8.11e-02
 1.23925e+16	1.32e-03	9.27e-01	7.14e-02
 1.24561e+16	1.38e-03	9.36e-01	6.26e-02
 1.25136e+16	1.44e-03	9.43e-01	5.57e-02
 1.25637e+16	1.50e-03	9.48e-01	5.04e-02
 1.26191e+16	1.56e-03	9.53e-01	4.50e-02
 1.26803e+16	1.64e-03	9.58e-01	4.00e-02
 1.27355e+16	1.71e-03	9.62e-01	3.61e-02
 1.27842e+16	1.77e-03	9.65e-01	3.30e-02
 1.28382e+16	1.85e-03	9.68e-01	2.98e-02
 1.28966e+16	1.94e-03	9.71e-01	2.68e-02
 1.29480e+16	2.02e-03	9.73e-01	2.46e-02
 1.29934e+16	2.10e-03	9.75e-01	2.27e-02
 1.30441e+16	2.19e-03	9.77e-01	2.08e-02
 1.30992e+16	2.30e-03	9.79e-01	1.90e-02
 1.31476e+16	2.41e-03	9.80e-01	1.76e-02
 1.31905e+16	2.51e-03	9.81e-01	1.64e-02
 1.32383e+16	2.63e-03	9.82e-01	1.52e-02
 1.32903e+16	2.78e-03	9.83e-01	1.40e-02
 1.33362e+16	2.92e-03	9.84e-01	1.30e-02
 1.33771e+16	3.06e-03	9.85e-01	1.23e-02
 1.34231e+16	3.23e-03	9.85e-01	1.14e-02
 1.34732e+16	3.43e-03	9.86e-01	1.06e-02
 1.35176e+16	3.63e-03	9.86e-01	9.94e-03
 1.35570e+16	3.82e-03	9.87e-01	9.39e-03
 1.36009e+16	4.06e-03	9.87e-01	8.80e-03
 1.36496e+16	4.37e-03	9.87e-01	8.21e-03
 1.36940e+16	4.69e-03	9.88e-01	7.72e-03
 1.37348e+16	5.00e-03	9.88e-01	7.32e-03
 1.37811e+16	5.42e-03	9.88e-01	6.85e-03
 1.38319e+16	5.96e-03	9.88e-01	6.40e-03
 1.38766e+16	6.51e-03	9.87e-01	6.04e-03
 1.39146e+16	7.07e-03	9.87e-01	5.74e-03
 1.39559e+16	7.77e-03	9.87e-01	5.42e-03
 1.40009e+16	8.67e-03	9.86e-01	5.12e-03
 1.40400e+16	9.61e-03	9.86e-01	4.88e-03
 1.40700e+16	1.04e-02	9.85e-01	4.73e-03
 1.40944e+16	1.12e-02	9.84e-01	4.59e-03
 1.41217e+16	1.22e-02	9.83e-01	4.44e-03
 1.41518e+16	1.35e-02	9.82e-01	4.29e-03
 1.41783e+16	1.49e-02	9.81e-01	4.16e-03
 1.42004e+16	1.62e-02	9.80e-01	4.06e-03
 1.42239e+16	1.78e-02	9.78e-01	3.95e-03
 1.42493e+16	1.97e-02	9.76e-01	3.87e-03
 1.42717e+16	2.18e-02	9.74e-01	3.79e-03
 1.42907e+16	2.39e-02	9.72e-01	3.74e-03
 1.43113e+16	2.64e-02	9.70e-01	3.67e-03
 1.43337e+16	2.97e-02	9.67e-01	3.62e-03
 1.43535e+16	3.32e-02	9.63e-01	3.58e-03
 1.43704e+16	3.66e-02	9.60e-01	3.56e-03
 1.43889e+16	4.10e-02	9.55e-01	3.53e-03
 1.44091e+16	4.67e-02	9.50e-01	3.53e-03
 1.44268e+16	5.28e-02	9.44e-01	3.53e-03
 1.44415e+16	5.85e-02	9.38e-01	3.54e-03
 1.44563e+16	6.54e-02	9.31e-01	3.56e-03
 1.44720e+16	7.36e-02	9.23e-01	3.60e-03
 1.44865e+16	8.25e-02	9.14e-01	3.64e-03
 1.44992e+16	9.17e-02	9.05e-01	3.68e-03
 1.45106e+16	1.01e-01	8.96e-01	3.74e-03
 1.45210e+16	1.10e-01	8.86e-01	3.78e-03
 1.45308e+16	1.20e-01	8.76e-01	3.84e-03
 1.45385e+16	1.28e-01	8.68e-01	3.88e-03
 1.45435e+16	1.34e-01	8.62e-01	3.91e-03
 1.45479e+16	1.39e-01	8.57e-01	3.93e-03
 1.45530e+16	1.46e-01	8.50e-01	3.97e-03
 1.45588e+16	1.54e-01	8.42e-01	4.00e-03
 1.45644e+16	1.63e-01	8.33e-01	4.03e-03
 1.45696e+16	1.70e-01	8.26e-01	4.08e-03
 1.45746e+16	1.79e-01	8.17e-01	4.10e-03
 1.45797e+16	1.87e-01	8.09e-01	4.15e-03
 1.45849e+16	1.97e-01	7.99e-01	4.19e-03
 1.45901e+16	2.07e-01	7.89e-01	4.22e-03
 1.45950e+16	2.16e-01	7.79e-01	4.25e-03
 1.45999e+16	2.26e-01	7.69e-01	4.30e-03
 1.46048e+16	2.38e-01	7.58e-01	4.32e-03
 1.46097e+16	2.49e-01	7.47e-01	4.36e-03
 1.46146e+16	2.61e-01	7.35e-01	4.39e-03
 1.46193e+16	2.73e-01	7.23e-01	4.43e-03
 1.46241e+16	2.85e-01	7.10e-01	4.46e-03
 1.46288e+16	2.98e-01	6.97e-01	4.48e-03
 1.46335e+16	3.12e-01	6.84e-01	4.51e-03
 1.46381e+16	3.25e-01	6.70e-01	4.53e-03
 1.46427e+16	3.40e-01	6.56e-01	4.55e-03
 1.46472e+16	3.54e-01	6.41e-01	4.58e-03
 1.46518e+16	3.69e-01	6.26e-01	4.58e-03
 1.46562e+16	3.84e-01	6.11e-01	4.61e-03
 1.46607e+16	4.00e-01	5.96e-01	4.60e-03
 1.46651e+16	4.15e-01	5.80e-01	4.62e-03
 1.46694e+16	4.31e-01	5.64e-01	4.62e-03
 1.46738e+16	4.48e-01	5.48e-01	4.61e-03
 1.46781e+16	4.64e-01	5.31e-01	4.60e-03
 1.46823e+16	4.80e-01	5.15e-01	4.59e-03
 1.46865e+16	4.97e-01	4.99e-01	4.58e-03
 1.46907e+16	5.13e-01	4.82e-01	4.55e-03
 1.46947e+16	5.29e-01	4.66e-01	4.53e-03
 1.46987e+16	5.45e-01	4.50e-01	4.50e-03
 1.47026e+16	5.61e-01	4.35e-01	4.47e-03
 1.47065e+16	5.76e-01	4.19e-01	4.42e-03
 1.47103e+16	5.91e-01	4.04e-01	4.39e-03
 1.47141e+16	6.07e-01	3.89e-01	4.33e-03
 1.47179e+16	6.21e-01	3.74e-01	4.28e-03
 1.47217e+16	6.36e-01	3.60e-01	4.22e-03
 1.47255e+16	6.50e-01	3.45e-01	4.16e-03
 1.47292e+16	6.64e-01	3.32e-01	4.09e-03
 1.47329e+16	6.78e-01	3.18e-01	4.02e-03
 1.47366e+16	6.91e-01	3.05e-01	3.95e-03
 1.47403e+16	7.04e-01	2.92e-01	3.87e-03
 1.47440e+16	7.17e-01	2.79e-01	3.79e-03
 1.47478e+16	7.29e-01	2.67e-01	3.70e-03
 1.47516e+16	7.41e-01	2.55e-01	3.61e-03
 1.47555e+16	7.53e-01	2.44e-01	3.53e-03
 1.47593e+16	7.64e-01	2.32e-01	3.43e-03
 1.47628e+16	7.74e-01	2.23e-01	3.34e-03
 1.47657e+16	7.82e-01	2.15e-01	3.27e-03
 1.47684e+16	7.89e-01	2.08e-01	3.20e-03
 1.47714e+16	7.96e-01	2.01e-01	3.12e-03
 1.47744e+16	8.03e-01	1.94e-01	3.05e-03
 1.47772e+16	8.10e-01	1.87e-01	2.98e-03
 1.47800e+16	8.16e-01	1.81e-01	2.91e-03
 1.47828e+16	8.22e-01	1.76e-01	2.84e-03
 1.47855e+16	8.27e-01	1.70e-01	2.78e-03
 1.47882e+16	8.32e-01	1.65e-01	2.71e-03
 1.47909e+16	8.37e-01	1.60e-01	2.65e-03
 1.47936e+16	8.42e-01	1.56e-01	2.59e-03
 1.47964e+16	8.46e-01	1.51e-01	2.53e-03
 1.47991e+16	8.50e-01	1.47e-01	2.48e-03
 1.48019e+16	8.54e-01	1.43e-01	2.42e-03
 1.48047e+16	8.58e-01	1.39e-01	2.37e-03
 1.48076e+16	8.62e-01	1.36e-01	2.31e-03
 1.48105e+16	8.66e-01	1.32e-01	2.27e-03
 1.48134e+16	8.69e-01	1.29e-01	2.21e-03
 1.48165e+16	8.72e-01	1.26e-01	2.17e-03
 1.48196e+16	8.75e-01	1.23e-01	2.12e-03
 1.48228e+16	8.78e-01	1.20e-01	2.07e-03
 1.48261e+16	8.81e-01	1.17e-01	2.02e-03
 1.48295e+16	8.84e-01	1.14e-01	1.98e-03
 1.48331e+16	8.87e-01	1.12e-01	1.93e-03
 1.48369e+16	8.89e-01	1.09e-01	1.89e-03
 1.48408e+16	8.92e-01	1.07e-01	1.85e-03
 1.48451e+16	8.94e-01	1.04e-01	1.81e-03
 1.48496e+16	8.96e-01	1.02e-01	1.77e-03
 1.48545e+16	8.98e-01	9.99e-02	1.73e-03
 1.48598e+16	9.01e-01	9.78e-02	1.68e-03
 1.48657e+16	9.03e-01	9.57e-02	1.64e-03
 1.48722e+16	9.05e-01	9.37e-02	1.60e-03
 1.48798e+16	9.07e-01	9.18e-02	1.56e-03
 1.48885e+16	9.09e-01	8.99e-02	1.52e-03
 1.48986e+16	9.11e-01	8.80e-02	1.47e-03
 1.49105e+16	9.12e-01	8.61e-02	1.43e-03
 1.49247e+16	9.14e-01	8.42e-02	1.38e-03
 1.49421e+16	9.16e-01	8.23e-02	1.32e-03
 1.49634e+16	9.19e-01	8.02e-02	1.26e-03
 1.49897e+16	9.21e-01	7.79e-02	1.19e-03
 1.50200e+16	9.23e-01	7.56e-02	1.12e-03
 1.50502e+16	9.26e-01	7.34e-02	1.05e-03
 1.50782e+16	9.28e-01	7.14e-02	9.95e-04
 1.51036e+16	9.29e-01	6.98e-02	9.46e-04
 1.51267e+16	9.31e-01	6.82e-02	9.04e-04
 1.51478e+16	9.32e-01	6.69e-02	8.67e-04
 1.51669e+16	9.33e-01	6.57e-02	8.34e-04
 1.51844e+16	9.35e-01	6.46e-02	8.05e-04
 1.52035e+16	9.36e-01	6.34e-02	7.75e-04
 1.52241e+16	9.37e-01	6.22e-02	7.44e-04
 1.52428e+16	9.38e-01	6.11e-02	7.16e-04
 1.52599e+16	9.39e-01	6.00e-02	6.90e-04
 1.52755e+16	9.40e-01	5.91e-02	6.69e-04
 1.52925e+16	9.41e-01	5.81e-02	6.46e-04
 1.53109e+16	9.42e-01	5.71e-02	6.22e-04
 1.53276e+16	9.43e-01	5.61e-02	6.00e-04
 1.53428e+16	9.44e-01	5.53e-02	5.81e-04
 1.53595e+16	9.45e-01	5.43e-02	5.60e-04
 1.53775e+16	9.46e-01	5.33e-02	5.40e-04
 1.53939e+16	9.47e-01	5.25e-02	5.21e-04
 1.54088e+16	9.48e-01	5.17e-02	5.05e-04
 1.54224e+16	9.49e-01	5.09e-02	4.91e-04
 1.54372e+16	9.49e-01	5.01e-02	4.74e-04
 1.54533e+16	9.50e-01	4.93e-02	4.58e-04
 1.54679e+16	9.51e-01	4.86e-02	4.44e-04
 1.54812e+16	9.52e-01	4.79e-02	4.31e-04
 1.54933e+16	9.52e-01	4.72e-02	4.19e-04
 1.55043e+16	9.53e-01	4.67e-02	4.09e-04
 1.55164e+16	9.54e-01	4.61e-02	3.98e-04
 1.55294e+16	9.54e-01	4.54e-02	3.87e-04
 1.55412e+16	9.55e-01	4.48e-02	3.76e-04
 1.55542e+16	9.55e-01	4.41e-02	3.65e-04
 1.55683e+16	9.56e-01	4.35e-02	3.54e-04
 1.55810e+16	9.57e-01	4.29e-02	3.44e-04
 1.55926e+16	9.57e-01	4.23e-02	3.35e-04
 1.56053e+16	9.58e-01	4.17e-02	3.24e-04
 1.56191e+16	9.59e-01	4.11e-02	3.15e-04
 1.56316e+16	9.59e-01	4.05e-02	3.06e-04
 1.56429e+16	9.60e-01	4.00e-02	2.98e-04
 1.56554e+16	9.60e-01	3.94e-02	2.89e-04
 1.56689e+16	9.61e-01	3.88e-02	2.81e-04
 1.56811e+16	9.61e-01	3.83e-02	2.73e-04
 1.56923e+16	9.62e-01	3.78e-02	2.66e-04
 1.57045e+16	9.62e-01	3.73e-02	2.58e-04
 1.57176e+16	9.63e-01	3.67e-02	2.51e-04
 1.57296e+16	9.64e-01	3.62e-02	2.44e-04
 1.57406e+16	9.64e-01	3.58e-02	2.38e-04
 1.57525e+16	9.64e-01	3.53e-02	2.31e-04
 1.57654e+16	9.65e-01	3.48e-02	2.25e-04
 1.57772e+16	9.65e-01	3.44e-02	2.19e-04
 1.57901e+16	9.66e-01	3.38e-02	2.12e-04
 1.58040e+16	9.66e-01	3.33e-02	2.06e-04
 1.58166e+16	9.67e-01	3.29e-02	2.01e-04
 1.58305e+16	9.67e-01	3.24e-02	1.94e-04
 1.58454e+16	9.68e-01	3.19e-02	1.88e-04
 1.58590e+16	9.68e-01	3.14e-02	1.83e-04
 1.58714e+16	9.69e-01	3.10e-02	1.78e-04
 1.58850e+16	9.69e-01	3.05e-02	1.73e-04
 1.58997e+16	9.70e-01	3.01e-02	1.68e-04
 1.59130e+16	9.70e-01	2.97e-02	1.63e-04
 1.59276e+16	9.71e-01	2.92e-02	1.58e-04
 1.59434e+16	9.71e-01	2.87e-02	1.53e-04
 1.59578e+16	9.72e-01	2.83e-02	1.49e-04
 1.59709e+16	9.72e-01	2.79e-02	1.45e-04
 1.59852e+16	9.72e-01	2.75e-02	1.40e-04
 1.60006e+16	9.73e-01	2.71e-02	1.36e-04
 1.60147e+16	9.73e-01	2.67e-02	1.32e-04
 1.60301e+16	9.74e-01	2.63e-02	1.28e-04
 1.60468e+16	9.74e-01	2.58e-02	1.24e-04
 1.60619e+16	9.74e-01	2.55e-02	1.20e-04
 1.60785e+16	9.75e-01	2.50e-02	1.16e-04
 1.60964e+16	9.75e-01	2.46e-02	1.12e-04
 1.61127e+16	9.76e-01	2.42e-02	1.09e-04
 1.61276e+16	9.76e-01	2.39e-02	1.06e-04
 1.61438e+16	9.76e-01	2.35e-02	1.03e-04
 1.61614e+16	9.77e-01	2.31e-02	9.93e-05
 1.61774e+16	9.77e-01	2.27e-02	9.63e-05
 1.61949e+16	9.78e-01	2.24e-02	9.31e-05
 1.62138e+16	9.78e-01	2.20e-02	8.99e-05
 1.62309e+16	9.78e-01	2.16e-02	8.72e-05
 1.62498e+16	9.79e-01	2.12e-02	8.40e-05
 1.62701e+16	9.79e-01	2.08e-02	8.11e-05
 1.62886e+16	9.79e-01	2.05e-02	7.84e-05
 1.63055e+16	9.80e-01	2.02e-02	7.61e-05
 1.63240e+16	9.80e-01	1.98e-02	7.35e-05
 1.63439e+16	9.80e-01	1.95e-02	7.10e-05
 1.63620e+16	9.81e-01	1.92e-02	6.88e-05
 1.63819e+16	9.81e-01	1.88e-02	6.64e-05
 1.64033e+16	9.81e-01	1.85e-02	6.40e-05
 1.64229e+16	9.82e-01	1.82e-02	6.19e-05
 1.64443e+16	9.82e-01	1.78e-02	5.96e-05
 1.64673e+16	9.82e-01	1.75e-02	5.73e-05
 1.64884e+16	9.83e-01	1.72e-02	5.54e-05
 1.65075e+16	9.83e-01	1.69e-02	5.36e-05
 1.65284e+16	9.83e-01	1.66e-02	5.17e-05
 1.65511e+16	9.84e-01	1.63e-02	4.99e-05
 1.65717e+16	9.84e-01	1.60e-02	4.83e-05
 1.65942e+16	9.84e-01	1.57e-02	4.65e-05
 1.66186e+16	9.85e-01	1.54e-02	4.47e-05
 1.66407e+16	9.85e-01	1.52e-02	4.32e-05
 1.66650e+16	9.85e-01	1.48e-02	4.15e-05
 1.66913e+16	9.85e-01	1.45e-02	3.99e-05
 1.67151e+16	9.86e-01	1.43e-02	3.84e-05
 1.67413e+16	9.86e-01	1.40e-02	3.69e-05
 1.67695e+16	9.86e-01	1.37e-02	3.53e-05
 1.67952e+16	9.87e-01	1.34e-02	3.40e-05
 1.68233e+16	9.87e-01	1.31e-02	3.25e-05
 1.68537e+16	9.87e-01	1.28e-02	3.11e-05
 1.68814e+16	9.87e-01	1.26e-02	2.99e-05
 1.69117e+16	9.88e-01	1.23e-02	2.85e-05
 1.69444e+16	9.88e-01	1.20e-02	2.72e-05
 1.69741e+16	9.88e-01	1.17e-02	2.61e-05
 1.70068e+16	9.89e-01	1.15e-02	2.49e-05
 1.70420e+16	9.89e-01	1.12e-02	2.37e-05
 1.70740e+16	9.89e-01	1.09e-02	2.27e-05
 1.71091e+16	9.89e-01	1.07e-02	2.16e-05
 1.71471e+16	9.90e-01	1.04e-02	2.05e-05
 1.71816e+16	9.90e-01	1.01e-02	1.96e-05
 1.72130e+16	9.90e-01	9.93e-03	1.88e-05
 1.72474e+16	9.90e-01	9.69e-03	1.79e-05
 1.72845e+16	9.91e-01	9.45e-03	1.70e-05
 1.73183e+16	9.91e-01	9.25e-03	1.63e-05
 1.73553e+16	9.91e-01	9.02e-03	1.55e-05
 1.73953e+16	9.91e-01	8.79e-03	1.48e-05
 1.74317e+16	9.91e-01	8.59e-03	1.41e-05
 1.74716e+16	9.92e-01	8.36e-03	1.34e-05
 1.75146e+16	9.92e-01	8.14e-03	1.27e-05
 1.75538e+16	9.92e-01	7.94e-03	1.21e-05
 1.75967e+16	9.92e-01	7.73e-03	1.14e-05
 1.76430e+16	9.92e-01	7.51e-03	1.08e-05
 1.76938e+16	9.93e-01	7.27e-03	1.01e-05
 1.77583e+16	9.93e-01	6.98e-03	9.36e-06
 1.78303e+16	9.93e-01	6.68e-03	8.60e-06
 1.79024e+16	9.94e-01	6.40e-03	7.90e-06
 1.79757e+16	9.94e-01	6.13e-03	7.26e-06
 1.80523e+16	9.94e-01	5.87e-03	6.65e-06
 1.81321e+16	9.94e-01	5.61e-03	6.08e-06
 1.82145e+16	9.95e-01	5.35e-03	5.54e-06
 1.82998e+16	9.95e-01	5.10e-03	5.05e-06
 1.83877e+16	9.95e-01	4.86e-03	4.59e-06
 1.84775e+16	9.95e-01	4.63e-03	4.17e-06
 1.85687e+16	9.96e-01	4.41e-03	3.78e-06
 1.86614e+16	9.96e-01	4.20e-03	3.44e-06
 1.87559e+16	9.96e-01	4.00e-03	3.12e-06
 1.88521e+16	9.96e-01	3.81e-03	2.82e-06
 1.89501e+16	9.96e-01	3.62e-03	2.56e-06
 1.90485e+16	9.97e-01	3.45e-03	2.32e-06
 1.91482e+16	9.97e-01	3.28e-03	2.10e-06
 1.92514e+16	9.97e-01	3.11e-03	1.90e-06
 1.93572e+16	9.97e-01	2.96e-03	1.71e-06
 1.94645e+16	9.97e-01	2.81e-03	1.55e-06
 1.95734e+16	9.97e-01	2.66e-03	1.39e-06
 1.96846e+16	9.97e-01	2.53e-03	1.26e-06
 1.97980e+16	9.98e-01	2.40e-03	1.13e-06
 1.99134e+16	9.98e-01	2.27e-03	1.01e-06
 2.00309e+16	9.98e-01	2.15e-03	9.11e-07
 2.01506e+16	9.98e-01	2.04e-03	8.17e-07
 2.02728e+16	9.98e-01	1.93e-03	7.31e-07
 2.03975e+16	9.98e-01	1.82e-03	6.54e-07
 2.05247e+16	9.98e-01	1.72e-03	5.84e-07
 2.06545e+16	9.98e-01	1.62e-03	5.21e-07
 2.07869e+16	9.98e-01	1.53e-03	4.64e-07
 2.09222e+16	9.99e-01	1.44e-03	4.12e-07
 2.10604e+16	9.99e-01	1.36e-03	3.66e-07
 2.12017e+16	9.99e-01	1.28e-03	3.24e-07
 2.13463e+16	9.99e-01	1.20e-03	2.87e-07
 2.14942e+16	9.99e-01	1.13e-03	2.53e-07
 2.16456e+16	9.99e-01	1.06e-03	2.23e-07
 2.18008e+16	9.99e-01	9.92e-04	1.96e-07
 2.19600e+16	9.99e-01	9.29e-04	1.72e-07
 2.21234e+16	9.99e-01	8.68e-04	1.50e-07
 2.22913e+16	9.99e-01	8.10e-04	1.31e-07
 2.24640e+16	9.99e-01	7.54e-04	1.14e-07
 2.26416e+16	9.99e-01	7.03e-04	9.87e-08
 2.28209e+16	9.99e-01	6.54e-04	8.55e-08
 2.30049e+16	9.99e-01	6.07e-04	7.38e-08
 2.32002e+16	9.99e-01	5.62e-04	6.31e-08
 2.34043e+16	9.99e-01	5.18e-04	5.37e-08
 2.36149e+16	1.00e+00	4.77e-04	4.55e-08
 2.38329e+16	1.00e+00	4.38e-04	3.84e-08
 2.40603e+16	1.00e+00	4.01e-04	3.22e-08
 2.42983e+16	1.00e+00	3.65e-04	2.68e-08
 2.45477e+16	1.00e+00	3.32e-04	2.21e-08
 2.48101e+16	1.00e+00	3.00e-04	1.81e-08
 2.50878e+16	1.00e+00	2.70e-04	1.46e-08
 2.53850e+16	1.00e+00	2.41e-04	1.17e-08
 2.56980e+16	1.00e+00	2.14e-04	9.22e-09
 2.60319e+16	1.00e+00	1.89e-04	7.18e-09
 2.63977e+16	1.00e+00	1.65e-04	5.46e-09
 2.67953e+16	1.00e+00	1.42e-04	4.07e-09
 2.72304e+16	1.00e+00	1.21e-04	2.96e-09
 2.77143e+16	1.00e+00	1.02e-04	2.08e-09
 2.82567e+16	1.00e+00	8.36e-05	1.41e-09
 2.88824e+16	1.00e+00	6.68e-05	8.97e-10
 2.95817e+16	1.00e+00	5.23e-05	5.50e-10
 3.02963e+16	1.00e+00	4.10e-05	3.39e-10
 3.09993e+16	1.00e+00	3.24e-05	2.12e-10
 3.17007e+16	1.00e+00	2.56e-05	1.33e-10
 3.24128e+16	1.00e+00	2.03e-05	8.36e-11
 3.31378e+16	1.00e+00	1.61e-05	5.26e-11
 3.38758e+16	1.00e+00	1.27e-05	3.30e-11
 3.46255e+16	1.00e+00	1.01e-05	2.08e-11
 3.53884e+16	1.00e+00	8.00e-06	1.31e-11
 3.61682e+16	1.00e+00	6.33e-06	8.23e-12
 3.69619e+16	1.00e+00	5.02e-06	5.19e-12
 3.77745e+16	1.00e+00	3.98e-06	3.26e-12
 3.86098e+16	1.00e+00	3.14e-06	2.04e-12
 3.94642e+16	1.00e+00	2.48e-06	1.27e-12
 4.03368e+16	1.00e+00	1.96e-06	7.93e-13
 4.12317e+16	1.00e+00	1.54e-06	4.93e-13
 4.21544e+16	1.00e+00	1.21e-06	3.04e-13
 4.31067e+16	1.00e+00	9.47e-07	1.87e-13
 4.40920e+16	1.00e+00	7.39e-07	1.14e-13
 4.51152e+16	1.00e+00	5.74e-07	6.88e-14
 4.61837e+16	1.00e+00	4.43e-07	4.10e-14
 4.73076e+16	1.00e+00	3.39e-07	2.41e-14
 4.84984e+16	1.00e+00	2.57e-07	1.38e-14
 4.97744e+16	1.00e+00	1.92e-07	7.75e-15
 5.11618e+16	1.00e+00	1.41e-07	4.17e-15
 5.26702e+16	1.00e+00	1.02e-07	2.17e-15
 5.42361e+16	1.00e+00	7.31e-08	1.13e-15
 5.58020e+16	1.00e+00	5.31e-08	5.94e-16
 5.73679e+16	1.00e+00	3.88e-08	3.18e-16
 5.89337e+16	1.00e+00	2.86e-08	1.73e-16
 6.04996e+16	1.00e+00	2.13e-08	9.57e-17
 6.20654e+16	1.00e+00	1.59e-08	5.36e-17
 6.37309e+16	1.00e+00	1.17e-08	2.91e-17
 6.55369e+16	1.00e+00	8.51e-09	1.54e-17
 6.73654e+16	1.00e+00	6.22e-09	8.22e-18
 6.91541e+16	1.00e+00	4.61e-09	4.52e-18
 7.09119e+16	1.00e+00	3.46e-09	2.55e-18
 7.26519e+16	1.00e+00	2.62e-09	1.46e-18
 7.43703e+16	1.00e+00	2.00e-09	8.57e-19
 7.60551e+16	1.00e+00	1.55e-09	5.13e-19
 7.76962e+16	1.00e+00	1.21e-09	3.14e-19
 7.92880e+16	1.00e+00	9.60e-10	1.97e-19
 8.08279e+16	1.00e+00	7.69e-10	1.27e-19
 8.23135e+16	1.00e+00	6.23e-10	8.34e-20
 8.37427e+16	1.00e+00	5.11e-10	5.61e-20
 8.51130e+16	1.00e+00	4.23e-10	3.85e-20
 8.64231e+16	1.00e+00	3.55e-10	2.71e-20
 8.76746e+16	1.00e+00	3.00e-10	1.94e-20
 8.88690e+16	1.00e+00	2.56e-10	1.42e-20
 9.00068e+16	1.00e+00	2.21e-10	1.06e-20
 9.10894e+16	1.00e+00	1.92e-10	7.99e-21
 9.21181e+16	1.00e+00	1.69e-10	0.00e+00
 9.30956e+16	1.00e+00	1.49e-10	0.00e+00
 9.40244e+16	1.00e+00	1.33e-10	0.00e+00
 9.49064e+16	1.00e+00	1.19e-10	0.00e+00
 9.57440e+16	1.00e+00	1.07e-10	0.00e+00
 9.65392e+16	1.00e+00	9.74e-11	0.00e+00
 9.72939e+16	1.00e+00	8.89e-11	0.00e+00
 9.80102e+16	1.00e+00	8.15e-11	0.00e+00
 9.86901e+16	1.00e+00	7.51e-11	0.00e+00
 9.93360e+16	1.00e+00	6.95e-11	0.00e+00
 9.99498e+16	1.00e+00	6.47e-11	0.00e+00
 1.00533e+17	1.00e+00	6.04e-11	0.00e+00
 1.01086e+17	1.00e+00	5.66e-11	0.00e+00
 1.01611e+17	1.00e+00	5.32e-11	0.00e+00
 1.02111e+17	1.00e+00	5.02e-11	0.00e+00
 1.02587e+17	1.00e+00	4.75e-11	0.00e+00
 1.03039e+17	1.00e+00	4.51e-11	0.00e+00
 1.03470e+17	1.00e+00	4.30e-11	0.00e+00
 1.03880e+17	1.00e+00	4.09e-11	0.00e+00
 1.04270e+17	1.00e+00	3.92e-11	0.00e+00
 1.04643e+17	1.00e+00	3.76e-11	0.00e+00
 1.04998e+17	1.00e+00	3.61e-11	0.00e+00
 1.05338e+17	1.00e+00	3.47e-11	0.00e+00
 1.05662e+17	1.00e+00	3.35e-11	0.00e+00
 1.05972e+17	1.00e+00	3.23e-11	0.00e+00
 1.06268e+17	1.00e+00	3.13e-11	0.00e+00
 1.06552e+17	1.00e+00	3.03e-11	0.00e+00
 1.06825e+17	1.00e+00	2.94e-11	0.00e+00
 1.07087e+17	1.00e+00	2.85e-11	0.00e+00
 1.07338e+17	1.00e+00	2.78e-11	0.00e+00
 1.07581e+17	1.00e+00	2.71e-11	0.00e+00
 1.07815e+17	1.00e+00	2.63e-11	0.00e+00
 1.08041e+17	1.00e+00	2.57e-11	0.00e+00
 1.08260e+17	1.00e+00	2.51e-11	0.00e+00
 1.08473e+17	1.00e+00	2.45e-11	0.00e+00
 1.08681e+17	1.00e+00	2.40e-11	0.00e+00
 1.08883e+17	1.00e+00	2.34e-11	0.00e+00
 1.09082e+17	1.00e+00	2.29e-11	0.00e+00
 1.09277e+17	1.00e+00	2.25e-11	0.00e+00
 1.09469e+17	1.00e+00	2.20e-11	0.00e+00
 1.09661e+17	1.00e+00	2.15e-11	0.00e+00
 1.09852e+17	1.00e+00	2.11e-11	0.00e+00
 1.10044e+17	1.00e+00	2.07e-11	0.00e+00
 1.10238e+17	1.00e+00	2.02e-11	0.00e+00
 1.10435e+17	1.00e+00	1.98e-11	0.00e+00
 1.10638e+17	1.00e+00	1.94e-11	0.00e+00
 1.10849e+17	1.00e+00	1.89e-11	0.00e+00
 1.11071e+17	1.00e+00	1.85e-11	0.00e+00
 1.11308e+17	1.00e+00	1.80e-11	0.00e+00
 1.11565e+17	1.00e+00	1.75e-11	0.00e+00
 1.11848e+17	1.00e+00	1.70e-11	0.00e+00
 1.12168e+17	1.00e+00	1.64e-11	0.00e+00
 1.12538e+17	1.00e+00	1.58e-11	0.00e+00
 1.12981e+17	1.00e+00	1.50e-11	0.00e+00
 1.13528e+17	1.00e+00	1.41e-11	0.00e+00
 1.14230e+17	1.00e+00	1.31e-11	0.00e+00
 1.15142e+17	1.00e+00	1.19e-11	0.00e+00
 1.16328e+17	1.00e+00	1.05e-11	0.00e+00
 1.17869e+17	1.00e+00	8.93e-12	0.00e+00
 1.19873e+17	1.00e+00	7.27e-12	0.00e+00
 1.22479e+17	1.00e+00	5.60e-12	0.00e+00
 1.25516e+17	1.00e+00	4.20e-12	0.00e+00
 1.28646e+17	1.00e+00	3.16e-12	0.00e+00
 1.31776e+17	1.00e+00	2.41e-12	0.00e+00
 1.35305e+17	1.00e+00	1.80e-12	0.00e+00
 1.39308e+17	1.00e+00	1.31e-12	0.00e+00
 1.43486e+17	1.00e+00	9.71e-13	0.00e+00
 1.47805e+17	1.00e+00	7.32e-13	0.00e+00
 1.52227e+17	1.00e+00	5.67e-13	0.00e+00
 1.57386e+17	1.00e+00	4.36e-13	0.00e+00
 1.63508e+17	1.00e+00	3.20e-13	0.00e+00
 1.70048e+17	1.00e+00	2.42e-13	0.00e+00
 1.76850e+17	1.00e+00	1.92e-13	0.00e+00
 1.83924e+17	1.00e+00	1.58e-13	0.00e+00
 1.91281e+17	1.00e+00	1.31e-13	0.00e+00
 1.98932e+17	1.00e+00	1.10e-13	0.00e+00
 2.06505e+17	1.00e+00	9.22e-14	0.00e+00
 2.13367e+17	1.00e+00	8.27e-14	0.00e+00
 2.19388e+17	1.00e+00	7.87e-14	0.00e+00
 2.24906e+17	1.00e+00	7.49e-14	0.00e+00
 2.30228e+17	1.00e+00	6.92e-14	0.00e+00
 2.35324e+17	1.00e+00	6.23e-14	0.00e+00
 2.39501e+17	1.00e+00	5.63e-14	0.00e+00
 2.42122e+17	1.00e+00	5.48e-14	0.00e+00
 2.43513e+17	1.00e+00	5.53e-14	0.00e+00
 2.44287e+17	1.00e+00	5.57e-14	0.00e+00
 2.44751e+17	1.00e+00	5.60e-14	0.00e+00
 2.45061e+17	1.00e+00	5.61e-14	0.00e+00
 2.45332e+17	1.00e+00	5.61e-14	0.00e+00
 2.45631e+17	1.00e+00	5.61e-14	0.00e+00
 2.45980e+17	1.00e+00	5.61e-14	0.00e+00
 2.46306e+17	1.00e+00	5.60e-14	0.00e+00
 2.46558e+17	1.00e+00	5.59e-14	0.00e+00
 2.46780e+17	1.00e+00	5.58e-14	0.00e+00
 2.47021e+17	1.00e+00	5.57e-14	0.00e+00
 2.47275e+17	1.00e+00	5.55e-14	0.00e+00
 2.47498e+17	1.00e+00	5.54e-14	0.00e+00
 2.47683e+17	1.00e+00	5.52e-14	0.00e+00
 2.47856e+17	1.00e+00	5.51e-14	0.00e+00
 2.48036e+17	1.00e+00	5.49e-14	0.00e+00
 2.48212e+17	1.00e+00	5.48e-14	0.00e+00
 2.48374e+17	1.00e+00	5.46e-14	0.00e+00
 2.48526e+17	1.00e+00	5.45e-14	0.00e+00
 2.48670e+17	1.00e+00	5.43e-14	0.00e+00
 2.48809e+17	1.00e+00	5.42e-14	0.00e+00
 2.48947e+17	1.00e+00	5.40e-14	0.00e+00
 2.49083e+17	1.00e+00	5.38e-14	0.00e+00
 2.49214e+17	1.00e+00	5.37e-14	0.00e+00
 2.49338e+17	1.00e+00	5.35e-14	0.00e+00
 2.49456e+17	1.00e+00	5.34e-14	0.00e+00
 2.49572e+17	1.00e+00	5.32e-14	0.00e+00
 2.49686e+17	1.00e+00	5.31e-14	0.00e+00
 2.49798e+17	1.00e+00	5.29e-14	0.00e+00
 2.49909e+17	1.00e+00	5.27e-14	0.00e+00
 2.50019e+17	1.00e+00	5.26e-14	0.00e+00
 2.50124e+17	1.00e+00	5.24e-14	0.00e+00
 2.50225e+17	1.00e+00	5.23e-14	0.00e+00
 2.50330e+17	1.00e+00	5.21e-14	0.00e+00
 2.50441e+17	1.00e+00	5.19e-14	0.00e+00
 2.50548e+17	1.00e+00	5.17e-14	0.00e+00
 2.50651e+17	1.00e+00	5.15e-14	0.00e+00
 2.50755e+17	1.00e+00	5.13e-14	0.00e+00
 2.50863e+17	1.00e+00	5.11e-14	0.00e+00
 2.50969e+17	1.00e+00	5.09e-14	0.00e+00
 2.51072e+17	1.00e+00	5.08e-14	0.00e+00
 2.51182e+17	1.00e+00	5.05e-14	0.00e+00
 2.51297e+17	1.00e+00	5.03e-14	0.00e+00
 2.51413e+17	1.00e+00	5.01e-14	0.00e+00
 2.51528e+17	1.00e+00	4.98e-14	0.00e+00
 2.51638e+17	1.00e+00	4.96e-14	0.00e+00
 2.51749e+17	1.00e+00	4.94e-14	0.00e+00
 2.51878e+17	1.00e+00	4.91e-14	0.00e+00
 2.52020e+17	1.00e+00	4.88e-14	0.00e+00
 2.52151e+17	1.00e+00	4.85e-14	0.00e+00
 2.52270e+17	1.00e+00	4.83e-14	0.00e+00
 2.52391e+17	1.00e+00	4.80e-14	0.00e+00
 2.52529e+17	1.00e+00	4.77e-14	0.00e+00
 2.52684e+17	1.00e+00	4.74e-14	0.00e+00
 2.52837e+17	1.00e+00	4.70e-14	0.00e+00
 2.52975e+17	1.00e+00	4.67e-14	0.00e+00
 2.53114e+17	1.00e+00	4.64e-14	0.00e+00
 2.53267e+17	1.00e+00	4.60e-14	0.00e+00
 2.53433e+17	1.00e+00	4.56e-14	0.00e+00
 2.53606e+17	1.00e+00	4.52e-14	0.00e+00
 2.53771e+17	1.00e+00	4.48e-14	0.00e+00
 2.53928e+17	1.00e+00	4.44e-14	0.00e+00
 2.54098e+17	1.00e+00	4.40e-14	0.00e+00
 2.54291e+17	1.00e+00	4.36e-14	0.00e+00
 2.54493e+17	1.00e+00	4.31e-14	0.00e+00
 2.54691e+17	1.00e+00	4.26e-14	0.00e+00
 2.54882e+17	1.00e+00	4.21e-14	0.00e+00
 2.55075e+17	1.00e+00	4.16e-14	0.00e+00
 2.55278e+17	1.00e+00	4.11e-14	0.00e+00
 2.55499e+17	1.00e+00	4.06e-14	0.00e+00
 2.55730e+17	1.00e+00	4.00e-14	0.00e+00
 2.55962e+17	1.00e+00	3.94e-14	0.00e+00
 2.56181e+17	1.00e+00	3.89e-14	0.00e+00
 2.56417e+17	1.00e+00	3.83e-14	0.00e+00
 2.56680e+17	1.00e+00	3.77e-14	0.00e+00
 2.56947e+17	1.00e+00	3.70e-14	0.00e+00
 2.57212e+17	1.00e+00	3.63e-14	0.00e+00
 2.57481e+17	1.00e+00	3.56e-14	0.00e+00
 2.57762e+17	1.00e+00	3.50e-14	0.00e+00
 2.58051e+17	1.00e+00	3.42e-14	0.00e+00
 2.58346e+17	1.00e+00	3.35e-14	0.00e+00
 2.58642e+17	1.00e+00	3.28e-14	0.00e+00
 2.58947e+17	1.00e+00	3.21e-14	0.00e+00
 2.59268e+17	1.00e+00	3.13e-14	0.00e+00
 2.59602e+17	1.00e+00	3.05e-14	0.00e+00
 2.59936e+17	1.00e+00	2.97e-14	0.00e+00
 2.60270e+17	1.00e+00	2.89e-14	0.00e+00
 2.60620e+17	1.00e+00	2.81e-14	0.00e+00
 2.60989e+17	1.00e+00	2.72e-14	0.00e+00
 2.61364e+17	1.00e+00	2.64e-14	0.00e+00
 2.61740e+17	1.00e+00	2.55e-14	0.00e+00
 2.62119e+17	1.00e+00	2.47e-14	0.00e+00
 2.62515e+17	1.00e+00	2.38e-14	0.00e+00
 2.62934e+17	1.00e+00	2.29e-14	0.00e+00
 2.63356e+17	1.00e+00	2.20e-14	0.00e+00
 2.63773e+17	1.00e+00	2.12e-14	0.00e+00
 2.64211e+17	1.00e+00	2.03e-14	0.00e+00
 2.64676e+17	1.00e+00	1.94e-14	0.00e+00
 2.65141e+17	1.00e+00	1.85e-14	0.00e+00
 2.65596e+17	1.00e+00	1.77e-14	0.00e+00
 2.66082e+17	1.00e+00	1.69e-14	0.00e+00
 2.66606e+17	1.00e+00	1.59e-14	0.00e+00
 2.67126e+17	1.00e+00	1.51e-14	0.00e+00
 2.67657e+17	1.00e+00	1.42e-14	0.00e+00
 2.68192e+17	1.00e+00	1.34e-14	0.00e+00
 2.68750e+17	1.00e+00	1.26e-14	0.00e+00
 2.69358e+17	1.00e+00	1.18e-14	0.00e+00
 2.69975e+17	1.00e+00	1.09e-14	0.00e+00
 2.70592e+17	1.00e+00	1.02e-14	0.00e+00
 2.71214e+17	1.00e+00	9.41e-15	0.00e+00
 2.71809e+17	1.00e+00	8.72e-15	0.00e+00
 2.72340e+17	1.00e+00	8.12e-15	0.00e+00
 2.72809e+17	1.00e+00	7.62e-15	0.00e+00
 2.73246e+17	1.00e+00	7.19e-15	0.00e+00
 2.73673e+17	1.00e+00	6.79e-15	0.00e+00
 2.74096e+17	1.00e+00	6.42e-15	0.00e+00
 2.74502e+17	1.00e+00	6.06e-15	0.00e+00
 2.74883e+17	1.00e+00	5.74e-15	0.00e+00
 2.75240e+17	1.00e+00	5.45e-15	0.00e+00
 2.75582e+17	1.00e+00	5.18e-15	0.00e+00
 2.75913e+17	1.00e+00	4.93e-15	0.00e+00
 2.76235e+17	1.00e+00	4.70e-15	0.00e+00
 2.76543e+17	1.00e+00	4.48e-15	0.00e+00
 2.76835e+17	1.00e+00	4.27e-15	0.00e+00
 2.77114e+17	1.00e+00	4.08e-15	0.00e+00
 2.77382e+17	1.00e+00	3.90e-15	0.00e+00
 2.77642e+17	1.00e+00	3.74e-15	0.00e+00
 2.77892e+17	1.00e+00	3.58e-15	0.00e+00
 2.78131e+17	1.00e+00	3.44e-15	0.00e+00
 2.78362e+17	1.00e+00	3.30e-15	0.00e+00
 2.78584e+17	1.00e+00	3.18e-15	0.00e+00
 2.78798e+17	1.00e+00	3.06e-15	0.00e+00
 2.79009e+17	1.00e+00	2.95e-15	0.00e+00
 2.79213e+17	1.00e+00	2.84e-15	0.00e+00
 2.79411e+17	1.00e+00	2.74e-15	0.00e+00
 2.79602e+17	1.00e+00	2.64e-15	0.00e+00
 2.79787e+17	1.00e+00	2.55e-15	0.00e+00
 2.79969e+17	1.00e+00	2.46e-15	0.00e+00
 2.80148e+17	1.00e+00	2.38e-15	0.00e+00
 2.80324e+17	1.00e+00	2.30e-15	0.00e+00
 2.80496e+17	1.00e+00	2.23e-15	0.00e+00
 2.80691e+17	1.00e+00	2.16e-15	0.00e+00
 2.80945e+17	1.00e+00	2.07e-15	0.00e+00
 2.81275e+17	1.00e+00	1.95e-15	0.00e+00
 2.81704e+17	1.00e+00	1.82e-15	0.00e+00
 2.82262e+17	1.00e+00	1.65e-15	0.00e+00
 2.82987e+17	1.00e+00	1.46e-15	0.00e+00
 2.83799e+17	1.00e+00	1.24e-15	0.00e+00
 2.84523e+17	1.00e+00	1.05e-15	0.00e+00
 2.85102e+17	1.00e+00	9.25e-16	0.00e+00
 2.85601e+17	1.00e+00	8.34e-16	0.00e+00
 2.86113e+17	1.00e+00	7.56e-16	0.00e+00
 2.86686e+17	1.00e+00	6.77e-16	0.00e+00
 2.87297e+17	1.00e+00	5.99e-16	0.00e+00
 2.87892e+17	1.00e+00	5.28e-16	0.00e+00
 2.88451e+17	1.00e+00	4.70e-16	0.00e+00
 2.89001e+17	1.00e+00	4.20e-16	0.00e+00
 2.89577e+17	1.00e+00	3.76e-16	0.00e+00
 2.90194e+17	1.00e+00	3.33e-16	0.00e+00
 2.90844e+17	1.00e+00	2.92e-16	0.00e+00
 2.91514e+17	1.00e+00	2.56e-16	0.00e+00
 2.92212e+17	1.00e+00	2.23e-16	0.00e+00
 2.92969e+17	1.00e+00	1.93e-16	0.00e+00
 2.93824e+17	1.00e+00	1.64e-16	0.00e+00
 2.94824e+17	1.00e+00	1.37e-16	0.00e+00
 2.96037e+17	1.00e+00	1.10e-16	0.00e+00
 2.97581e+17	1.00e+00	8.48e-17	0.00e+00
 2.99587e+17	1.00e+00	6.05e-17	0.00e+00
 3.02195e+17	1.00e+00	3.93e-17	0.00e+00
 3.05586e+17	1.00e+00	2.30e-17	0.00e+00
 3.09994e+17	1.00e+00	1.20e-17	0.00e+00
 3.15725e+17	1.00e+00	5.51e-18	0.00e+00
 3.23174e+17	1.00e+00	2.42e-18	0.00e+00
 3.32859e+17	1.00e+00	9.91e-19	0.00e+00
 3.45099e+17	1.00e+00	4.03e-19	0.00e+00
 3.58903e+17	1.00e+00	1.61e-19	0.00e+00
 3.72246e+17	1.00e+00	6.93e-20	0.00e+00
 3.83837e+17	1.00e+00	3.40e-20	0.00e+00
 3.93779e+17	1.00e+00	1.87e-20	0.00e+00
 4.03027e+17	1.00e+00	1.08e-20	0.00e+00
 4.13585e+17	1.00e+00	5.69e-21	0.00e+00
 4.24810e+17	1.00e+00	2.94e-21	0.00e+00
 4.33758e+17	1.00e+00	1.75e-21	0.00e+00
 4.40354e+17	1.00e+00	1.20e-21	0.00e+00
 4.47034e+17	1.00e+00	8.01e-22	0.00e+00
 4.55000e+17	1.00e+00	4.99e-22	0.00e+00
 4.62719e+17	1.00e+00	3.18e-22	0.00e+00
