#depth	N	N+	N+2	N+3	N+4	N+5	N+6	N+7
 1.49634e+10	1.54e-46	5.69e-36	2.42e-26	2.41e-17	2.74e-09	9.82e-01	1.80e-02	0.00e+00
 4.54887e+10	0.00e+00	7.89e-36	3.10e-26	2.84e-17	2.98e-09	9.83e-01	1.67e-02	1.37e-07
 7.72350e+10	3.48e-46	1.09e-35	3.97e-26	3.35e-17	3.24e-09	9.85e-01	1.53e-02	0.00e+00
 1.10251e+11	0.00e+00	1.52e-35	5.08e-26	3.95e-17	3.53e-09	9.86e-01	1.41e-02	0.00e+00
 1.41258e+11	7.60e-46	2.05e-35	6.36e-26	4.59e-17	3.81e-09	9.87e-01	1.30e-02	0.00e+00
 1.68827e+11	0.00e+00	2.64e-35	7.71e-26	5.23e-17	4.06e-09	9.88e-01	1.22e-02	0.00e+00
 1.99632e+11	1.48e-45	3.50e-35	9.52e-26	6.02e-17	4.36e-09	9.89e-01	1.14e-02	0.00e+00
 2.36348e+11	0.00e+00	4.82e-35	1.21e-25	7.08e-17	4.74e-09	9.90e-01	1.05e-02	0.00e+00
 2.73317e+11	3.26e-45	6.58e-35	1.53e-25	8.29e-17	5.13e-09	9.90e-01	9.68e-03	0.00e+00
 3.07995e+11	0.00e+00	0.00e+00	1.90e-25	9.56e-17	5.51e-09	9.91e-01	9.01e-03	0.00e+00
 3.46473e+11	0.00e+00	1.18e-34	2.39e-25	1.12e-16	5.96e-09	9.92e-01	8.33e-03	0.00e+00
 3.90258e+11	1.03e-44	1.65e-34	3.07e-25	1.32e-16	6.49e-09	9.92e-01	7.65e-03	0.00e+00
 4.33988e+11	0.00e+00	2.28e-34	3.92e-25	1.56e-16	7.05e-09	9.93e-01	7.04e-03	0.00e+00
 4.79466e+11	2.30e-44	3.15e-34	5.01e-25	1.83e-16	7.66e-09	9.94e-01	6.48e-03	0.00e+00
 5.28572e+11	0.00e+00	4.42e-34	6.46e-25	2.18e-16	8.36e-09	9.94e-01	5.94e-03	0.00e+00
 5.78579e+11	5.30e-44	6.15e-34	8.29e-25	2.57e-16	9.10e-09	9.95e-01	5.46e-03	0.00e+00
 6.25221e+11	0.00e+00	8.28e-34	1.04e-24	2.99e-16	9.82e-09	9.95e-01	5.06e-03	0.00e+00
 6.68279e+11	1.07e-43	1.08e-33	1.27e-24	3.43e-16	1.05e-08	9.95e-01	4.72e-03	0.00e+00
 7.17469e+11	0.00e+00	1.46e-33	1.59e-24	3.99e-16	1.14e-08	9.96e-01	4.37e-03	0.00e+00
 7.75141e+11	2.36e-43	2.04e-33	2.05e-24	4.74e-16	1.24e-08	9.96e-01	4.01e-03	0.00e+00
 8.32277e+11	0.00e+00	2.81e-33	2.62e-24	5.58e-16	1.35e-08	9.96e-01	3.69e-03	0.00e+00
 8.85836e+11	5.05e-43	3.76e-33	3.27e-24	6.48e-16	1.45e-08	9.97e-01	3.42e-03	0.00e+00
 9.45334e+11	0.00e+00	5.14e-33	4.15e-24	7.61e-16	1.58e-08	9.97e-01	3.15e-03	0.00e+00
 1.01307e+12	1.14e-42	7.25e-33	5.39e-24	9.09e-16	1.73e-08	9.97e-01	2.88e-03	0.00e+00
 1.07988e+12	0.00e+00	1.01e-32	6.91e-24	1.08e-15	1.88e-08	9.97e-01	2.64e-03	0.00e+00
 1.14936e+12	2.58e-42	1.40e-32	8.88e-24	1.28e-15	2.05e-08	9.98e-01	2.42e-03	0.00e+00
 1.22527e+12	0.00e+00	1.97e-32	1.16e-23	1.53e-15	2.25e-08	9.98e-01	2.21e-03	0.00e+00
 1.30170e+12	6.02e-42	2.76e-32	1.49e-23	1.82e-15	2.46e-08	9.98e-01	2.02e-03	0.00e+00
 1.38118e+12	0.00e+00	3.87e-32	1.93e-23	2.17e-15	2.69e-08	9.98e-01	1.85e-03	0.00e+00
 1.46313e+12	1.38e-41	5.41e-32	2.50e-23	2.58e-15	2.95e-08	9.98e-01	1.69e-03	0.00e+00
 1.54318e+12	0.00e+00	7.41e-32	3.18e-23	3.04e-15	3.21e-08	9.98e-01	1.55e-03	0.00e+00
 1.62967e+12	3.07e-41	1.03e-31	4.10e-23	3.62e-15	3.51e-08	9.99e-01	1.42e-03	0.00e+00
 1.72478e+12	0.00e+00	1.46e-31	5.35e-23	4.35e-15	3.86e-08	9.99e-01	1.29e-03	0.00e+00
 1.82370e+12	7.24e-41	2.06e-31	7.00e-23	5.23e-15	4.25e-08	9.99e-01	1.17e-03	0.00e+00
 1.92657e+12	0.00e+00	2.92e-31	9.15e-23	6.30e-15	4.68e-08	9.99e-01	1.07e-03	0.00e+00
 2.03356e+12	1.70e-40	4.12e-31	1.20e-22	7.59e-15	5.15e-08	9.99e-01	9.68e-04	0.00e+00
 2.13016e+12	0.00e+00	5.57e-31	1.51e-22	8.92e-15	5.61e-08	9.99e-01	8.89e-04	0.00e+00
 2.21037e+12	3.30e-40	7.08e-31	1.82e-22	1.02e-14	6.01e-08	9.99e-01	8.31e-04	0.00e+00
 2.29813e+12	0.00e+00	9.15e-31	2.22e-22	1.17e-14	6.46e-08	9.99e-01	7.73e-04	0.00e+00
 2.40964e+12	6.64e-40	1.25e-30	2.84e-22	1.39e-14	7.07e-08	9.99e-01	7.06e-04	0.00e+00
 2.52616e+12	0.00e+00	1.71e-30	3.63e-22	1.65e-14	7.75e-08	9.99e-01	6.45e-04	0.00e+00
 2.62905e+12	1.35e-39	2.24e-30	4.48e-22	1.91e-14	8.38e-08	9.99e-01	5.97e-04	0.00e+00
 2.72433e+12	0.00e+00	2.84e-30	5.40e-22	2.19e-14	9.00e-08	9.99e-01	5.56e-04	0.00e+00
 2.83240e+12	2.48e-39	3.69e-30	6.64e-22	2.53e-14	9.72e-08	9.99e-01	5.15e-04	0.00e+00
 2.96631e+12	0.00e+00	5.04e-30	8.49e-22	3.01e-14	1.07e-07	1.00e+00	4.69e-04	0.00e+00
 3.10001e+12	5.20e-39	6.79e-30	1.07e-21	3.57e-14	1.17e-07	1.00e+00	4.29e-04	0.00e+00
 3.21470e+12	0.00e+00	8.68e-30	1.30e-21	4.10e-14	1.26e-07	1.00e+00	3.98e-04	0.00e+00
 3.33847e+12	9.52e-39	1.12e-29	1.60e-21	4.74e-14	1.36e-07	1.00e+00	3.69e-04	0.00e+00
 3.49157e+12	0.00e+00	1.52e-29	2.03e-21	5.64e-14	1.50e-07	1.00e+00	3.36e-04	0.00e+00
 3.64888e+12	1.96e-38	2.04e-29	2.58e-21	6.69e-14	1.64e-07	1.00e+00	3.07e-04	0.00e+00
 3.79126e+12	0.00e+00	2.64e-29	3.17e-21	7.77e-14	1.78e-07	1.00e+00	2.83e-04	0.00e+00
 3.94809e+12	3.72e-38	3.47e-29	3.94e-21	9.10e-14	1.94e-07	1.00e+00	2.60e-04	0.00e+00
 4.13243e+12	0.00e+00	4.71e-29	5.03e-21	1.09e-13	2.13e-07	1.00e+00	2.36e-04	0.00e+00
 4.31657e+12	7.63e-38	6.32e-29	6.36e-21	1.29e-13	2.34e-07	1.00e+00	2.15e-04	0.00e+00
 4.49188e+12	0.00e+00	8.25e-29	7.88e-21	1.51e-13	2.55e-07	1.00e+00	1.98e-04	0.00e+00
 4.68528e+12	1.47e-37	1.09e-28	9.88e-21	1.78e-13	2.79e-07	1.00e+00	1.81e-04	0.00e+00
 4.90262e+12	0.00e+00	1.48e-28	1.26e-20	2.13e-13	3.08e-07	1.00e+00	1.64e-04	0.00e+00
 5.09825e+12	2.89e-37	1.92e-28	1.55e-20	2.48e-13	3.35e-07	1.00e+00	1.51e-04	0.00e+00
 5.25980e+12	0.00e+00	2.37e-28	1.84e-20	2.80e-13	3.58e-07	1.00e+00	1.41e-04	0.00e+00
 5.43626e+12	4.83e-37	2.95e-28	2.19e-20	3.19e-13	3.84e-07	1.00e+00	1.32e-04	0.00e+00
 5.66168e+12	0.00e+00	3.86e-28	2.73e-20	3.74e-13	4.20e-07	1.00e+00	1.21e-04	0.00e+00
 5.88925e+12	9.15e-37	5.02e-28	3.37e-20	4.37e-13	4.57e-07	1.00e+00	1.11e-04	0.00e+00
 6.07759e+12	0.00e+00	6.19e-28	3.99e-20	4.94e-13	4.89e-07	1.00e+00	1.04e-04	0.00e+00
 6.27644e+12	1.52e-36	7.67e-28	4.74e-20	5.61e-13	5.24e-07	1.00e+00	9.69e-05	0.00e+00
 6.53157e+12	0.00e+00	1.00e-27	5.86e-20	6.55e-13	5.71e-07	1.00e+00	8.89e-05	0.00e+00
 6.79906e+12	2.87e-36	1.31e-27	7.27e-20	7.67e-13	6.23e-07	1.00e+00	8.16e-05	0.00e+00
 7.03346e+12	0.00e+00	1.64e-27	8.72e-20	8.76e-13	6.71e-07	1.00e+00	7.59e-05	0.00e+00
 7.28563e+12	4.99e-36	2.07e-27	1.05e-19	1.01e-12	7.24e-07	1.00e+00	7.04e-05	0.00e+00
 7.59170e+12	0.00e+00	2.72e-27	1.31e-19	1.18e-12	7.91e-07	1.00e+00	6.44e-05	0.00e+00
 7.88772e+12	9.40e-36	3.51e-27	1.61e-19	1.37e-12	8.60e-07	1.00e+00	5.93e-05	0.00e+00
 8.13680e+12	0.00e+00	4.32e-27	1.91e-19	1.55e-12	9.19e-07	1.00e+00	5.55e-05	0.00e+00
 8.40495e+12	1.57e-35	5.37e-27	2.27e-19	1.76e-12	9.86e-07	1.00e+00	5.18e-05	0.00e+00
 8.74261e+12	0.00e+00	6.99e-27	2.81e-19	2.06e-12	1.07e-06	1.00e+00	4.76e-05	0.00e+00
 9.08925e+12	2.93e-35	9.06e-27	3.46e-19	2.39e-12	1.17e-06	1.00e+00	4.38e-05	0.00e+00
 9.39101e+12	0.00e+00	1.13e-26	4.13e-19	2.72e-12	1.25e-06	1.00e+00	4.08e-05	0.00e+00
 9.71580e+12	5.02e-35	1.42e-26	4.97e-19	3.11e-12	1.35e-06	1.00e+00	3.79e-05	0.00e+00
 1.01123e+13	0.00e+00	1.86e-26	6.17e-19	3.63e-12	1.47e-06	1.00e+00	3.48e-05	0.00e+00
 1.05111e+13	9.47e-35	2.41e-26	7.60e-19	4.23e-12	1.60e-06	1.00e+00	3.21e-05	0.00e+00
 1.08671e+13	0.00e+00	3.02e-26	9.11e-19	4.81e-12	1.72e-06	1.00e+00	2.99e-05	0.00e+00
 1.12584e+13	1.66e-34	3.85e-26	1.11e-18	5.53e-12	1.85e-06	1.00e+00	2.77e-05	0.00e+00
 1.17240e+13	2.31e-34	5.07e-26	1.38e-18	6.48e-12	2.02e-06	1.00e+00	2.54e-05	0.00e+00
 1.21891e+13	3.18e-34	6.62e-26	1.71e-18	7.54e-12	2.20e-06	1.00e+00	2.34e-05	0.00e+00
 1.26216e+13	4.25e-34	8.40e-26	2.06e-18	8.64e-12	2.37e-06	1.00e+00	2.17e-05	0.00e+00
 1.31051e+13	5.81e-34	1.09e-25	2.54e-18	1.00e-11	2.56e-06	1.00e+00	2.01e-05	0.00e+00
 1.36592e+13	8.20e-34	1.45e-25	3.19e-18	1.18e-11	2.80e-06	1.00e+00	1.84e-05	0.00e+00
 1.42092e+13	1.14e-33	1.91e-25	3.97e-18	1.37e-11	3.04e-06	1.00e+00	1.69e-05	0.00e+00
 1.47812e+13	1.59e-33	2.51e-25	4.93e-18	1.60e-11	3.31e-06	1.00e+00	1.56e-05	0.00e+00
 1.54023e+13	2.27e-33	3.37e-25	6.21e-18	1.88e-11	3.61e-06	1.00e+00	1.43e-05	0.00e+00
 1.60484e+13	3.21e-33	4.48e-25	7.79e-18	2.21e-11	3.94e-06	1.00e+00	1.31e-05	0.00e+00
 1.66567e+13	4.42e-33	5.84e-25	9.60e-18	2.55e-11	4.26e-06	1.00e+00	1.21e-05	0.00e+00
 1.72039e+13	5.86e-33	7.36e-25	1.15e-17	2.89e-11	4.55e-06	1.00e+00	1.13e-05	0.00e+00
 1.77222e+13	7.58e-33	9.10e-25	1.36e-17	3.25e-11	4.84e-06	1.00e+00	1.06e-05	0.00e+00
 1.82971e+13	1.00e-32	1.15e-24	1.63e-17	3.68e-11	5.17e-06	1.00e+00	9.97e-06	0.00e+00
 1.89412e+13	1.36e-32	1.47e-24	1.98e-17	4.21e-11	5.56e-06	1.00e+00	9.28e-06	0.00e+00
 1.95520e+13	1.80e-32	1.85e-24	2.37e-17	4.77e-11	5.94e-06	1.00e+00	8.69e-06	0.00e+00
 2.02228e+13	2.44e-32	2.37e-24	2.87e-17	5.44e-11	6.36e-06	1.00e+00	8.11e-06	0.00e+00
 2.09738e+13	3.39e-32	3.10e-24	3.53e-17	6.27e-11	6.86e-06	1.00e+00	7.53e-06	0.00e+00
 2.16708e+13	4.54e-32	3.93e-24	4.25e-17	7.12e-11	7.33e-06	1.00e+00	7.04e-06	0.00e+00
 2.23157e+13	5.92e-32	4.88e-24	5.02e-17	7.99e-11	7.79e-06	1.00e+00	6.63e-06	0.00e+00
 2.30512e+13	7.99e-32	6.22e-24	6.05e-17	9.06e-11	8.31e-06	1.00e+00	6.22e-06	0.00e+00
 2.39512e+13	1.12e-31	8.22e-24	7.52e-17	1.05e-10	9.00e-06	1.00e+00	5.74e-06	0.00e+00
 2.48396e+13	1.57e-31	1.08e-23	9.28e-17	1.21e-10	9.68e-06	1.00e+00	5.34e-06	0.00e+00
 2.56148e+13	2.09e-31	1.36e-23	1.11e-16	1.37e-10	1.03e-05	1.00e+00	5.02e-06	0.00e+00
 2.64680e+13	2.84e-31	1.75e-23	1.34e-16	1.56e-10	1.10e-05	1.00e+00	4.70e-06	0.00e+00
 2.75042e+13	4.10e-31	2.34e-23	1.67e-16	1.81e-10	1.19e-05	1.00e+00	4.35e-06	0.00e+00
 2.85536e+13	5.79e-31	3.10e-23	2.08e-16	2.09e-10	1.28e-05	1.00e+00	4.04e-06	0.00e+00
 2.95034e+13	7.91e-31	3.99e-23	2.51e-16	2.38e-10	1.37e-05	1.00e+00	3.78e-06	0.00e+00
 3.05484e+13	1.10e-30	5.21e-23	3.08e-16	2.73e-10	1.46e-05	1.00e+00	3.53e-06	0.00e+00
 3.17768e+13	1.61e-30	7.07e-23	3.87e-16	3.18e-10	1.58e-05	1.00e+00	3.27e-06	0.00e+00
 3.30000e+13	2.32e-30	9.46e-23	4.83e-16	3.69e-10	1.71e-05	1.00e+00	3.03e-06	0.00e+00
 3.41572e+13	3.22e-30	1.23e-22	5.91e-16	4.22e-10	1.83e-05	1.00e+00	2.83e-06	0.00e+00
 3.54385e+13	4.59e-30	1.64e-22	7.33e-16	4.87e-10	1.96e-05	1.00e+00	2.63e-06	0.00e+00
 3.68859e+13	6.78e-30	2.24e-22	9.27e-16	5.70e-10	2.12e-05	1.00e+00	2.43e-06	0.00e+00
 3.83434e+13	9.93e-30	3.04e-22	1.16e-15	6.64e-10	2.29e-05	1.00e+00	2.26e-06	0.00e+00
 3.98591e+13	1.45e-29	4.12e-22	1.46e-15	7.73e-10	2.47e-05	1.00e+00	2.09e-06	0.00e+00
 4.14834e+13	2.14e-29	5.63e-22	1.85e-15	9.04e-10	2.67e-05	1.00e+00	1.93e-06	0.00e+00
 4.31727e+13	3.16e-29	7.70e-22	2.34e-15	1.06e-09	2.89e-05	1.00e+00	1.79e-06	0.00e+00
 4.48048e+13	4.55e-29	1.03e-21	2.92e-15	1.22e-09	3.11e-05	1.00e+00	1.66e-06	0.00e+00
 4.63346e+13	6.31e-29	1.34e-21	3.56e-15	1.40e-09	3.32e-05	1.00e+00	1.56e-06	0.00e+00
 4.77767e+13	8.58e-29	1.71e-21	4.26e-15	1.57e-09	3.52e-05	1.00e+00	1.47e-06	0.00e+00
 4.93480e+13	1.17e-28	2.20e-21	5.16e-15	1.79e-09	3.75e-05	1.00e+00	1.38e-06	0.00e+00
 5.10921e+13	1.65e-28	2.89e-21	6.34e-15	2.05e-09	4.02e-05	1.00e+00	1.29e-06	0.00e+00
 5.27331e+13	2.26e-28	3.71e-21	7.65e-15	2.32e-09	4.27e-05	1.00e+00	1.21e-06	0.00e+00
 5.45390e+13	3.15e-28	4.84e-21	9.33e-15	2.65e-09	4.56e-05	1.00e+00	1.13e-06	0.00e+00
 5.65665e+13	4.47e-28	6.42e-21	1.16e-14	3.06e-09	4.91e-05	1.00e+00	1.05e-06	0.00e+00
 5.84950e+13	6.22e-28	8.36e-21	1.41e-14	3.49e-09	5.24e-05	1.00e+00	9.87e-07	0.00e+00
 6.06149e+13	8.88e-28	1.11e-20	1.75e-14	4.02e-09	5.61e-05	1.00e+00	0.00e+00	0.00e+00
 6.30072e+13	1.29e-27	1.50e-20	2.20e-14	4.69e-09	6.06e-05	1.00e+00	0.00e+00	0.00e+00
 6.53095e+13	1.82e-27	1.98e-20	2.71e-14	5.40e-09	6.51e-05	1.00e+00	0.00e+00	0.00e+00
 6.77609e+13	2.61e-27	2.64e-20	3.38e-14	6.25e-09	7.00e-05	1.00e+00	0.00e+00	0.00e+00
 7.05013e+13	3.86e-27	3.62e-20	4.27e-14	7.31e-09	7.57e-05	1.00e+00	0.00e+00	0.00e+00
 7.30336e+13	5.36e-27	4.73e-20	5.26e-14	8.41e-09	8.13e-05	1.00e+00	0.00e+00	0.00e+00
 7.52225e+13	7.21e-27	5.99e-20	6.28e-14	9.45e-09	8.61e-05	1.00e+00	0.00e+00	0.00e+00
 7.76457e+13	9.69e-27	7.62e-20	7.57e-14	1.07e-08	9.18e-05	1.00e+00	0.00e+00	0.00e+00
 8.06106e+13	1.40e-26	1.02e-19	9.46e-14	1.24e-08	9.88e-05	1.00e+00	0.00e+00	0.00e+00
 8.36186e+13	1.97e-26	1.35e-19	1.17e-13	1.44e-08	1.06e-04	1.00e+00	0.00e+00	0.00e+00
 8.63197e+13	2.70e-26	1.74e-19	1.42e-13	1.63e-08	1.13e-04	1.00e+00	0.00e+00	0.00e+00
 8.92828e+13	3.68e-26	2.24e-19	1.73e-13	1.86e-08	1.21e-04	1.00e+00	0.00e+00	0.00e+00
 9.27917e+13	5.30e-26	3.01e-19	2.18e-13	2.17e-08	1.31e-04	1.00e+00	0.00e+00	0.00e+00
 9.62464e+13	7.48e-26	3.99e-19	2.70e-13	2.51e-08	1.41e-04	1.00e+00	0.00e+00	0.00e+00
 9.94036e+13	1.02e-25	5.12e-19	3.27e-13	2.86e-08	1.51e-04	1.00e+00	0.00e+00	0.00e+00
 1.02938e+14	1.43e-25	6.73e-19	4.03e-13	3.28e-08	1.62e-04	1.00e+00	0.00e+00	0.00e+00
 1.07049e+14	2.04e-25	9.01e-19	5.08e-13	3.84e-08	1.75e-04	1.00e+00	0.00e+00	0.00e+00
 1.11086e+14	2.93e-25	1.21e-18	6.33e-13	4.44e-08	1.88e-04	1.00e+00	0.00e+00	0.00e+00
 1.14904e+14	3.96e-25	1.55e-18	7.73e-13	5.09e-08	2.02e-04	1.00e+00	0.00e+00	0.00e+00
 1.19150e+14	5.58e-25	2.04e-18	9.59e-13	5.88e-08	2.17e-04	1.00e+00	0.00e+00	0.00e+00
 1.23946e+14	8.17e-25	2.78e-18	1.21e-12	6.88e-08	2.35e-04	1.00e+00	0.00e+00	0.00e+00
 1.28748e+14	1.14e-24	3.67e-18	1.52e-12	8.00e-08	2.54e-04	1.00e+00	0.00e+00	0.00e+00
 1.33249e+14	1.60e-24	4.81e-18	1.86e-12	9.17e-08	2.72e-04	1.00e+00	0.00e+00	0.00e+00
 1.38116e+14	2.18e-24	6.24e-18	2.30e-12	1.06e-07	2.93e-04	1.00e+00	0.00e+00	0.00e+00
 1.43554e+14	3.19e-24	8.46e-18	2.90e-12	1.23e-07	3.16e-04	1.00e+00	0.00e+00	0.00e+00
 1.48647e+14	4.31e-24	1.09e-17	3.56e-12	1.42e-07	3.40e-04	1.00e+00	0.00e+00	0.00e+00
 1.53369e+14	5.77e-24	1.38e-17	4.28e-12	1.61e-07	3.62e-04	1.00e+00	0.00e+00	0.00e+00
 1.57900e+14	7.63e-24	1.73e-17	5.09e-12	1.80e-07	3.84e-04	1.00e+00	0.00e+00	0.00e+00
 1.62934e+14	1.02e-23	2.19e-17	6.14e-12	2.04e-07	4.09e-04	1.00e+00	0.00e+00	0.00e+00
 1.68502e+14	1.36e-23	2.79e-17	7.49e-12	2.34e-07	4.38e-04	1.00e+00	0.00e+00	0.00e+00
 1.73679e+14	1.83e-23	3.54e-17	8.97e-12	2.64e-07	4.65e-04	1.00e+00	0.00e+00	0.00e+00
 1.79323e+14	2.40e-23	4.45e-17	1.08e-11	2.99e-07	4.96e-04	1.00e+00	0.00e+00	0.00e+00
 1.85665e+14	3.29e-23	5.77e-17	1.33e-11	3.44e-07	5.32e-04	9.99e-01	0.00e+00	0.00e+00
 1.91724e+14	4.41e-23	7.34e-17	1.61e-11	3.91e-07	5.68e-04	9.99e-01	0.00e+00	0.00e+00
 1.98407e+14	6.15e-23	9.60e-17	1.98e-11	4.48e-07	6.08e-04	9.99e-01	0.00e+00	0.00e+00
 2.05776e+14	8.37e-23	1.25e-16	2.45e-11	5.18e-07	6.56e-04	9.99e-01	0.00e+00	0.00e+00
 2.12549e+14	1.12e-22	1.59e-16	2.97e-11	5.90e-07	7.00e-04	9.99e-01	0.00e+00	0.00e+00
 2.19867e+14	1.54e-22	2.06e-16	3.63e-11	6.75e-07	7.50e-04	9.99e-01	0.00e+00	0.00e+00
 2.28059e+14	2.10e-22	2.66e-16	4.51e-11	7.81e-07	8.08e-04	9.99e-01	0.00e+00	0.00e+00
 2.35777e+14	2.88e-22	3.44e-16	5.50e-11	8.92e-07	8.64e-04	9.99e-01	0.00e+00	0.00e+00
 2.44201e+14	3.85e-22	4.41e-16	6.76e-11	1.03e-06	9.29e-04	9.99e-01	0.00e+00	0.00e+00
 2.53543e+14	5.49e-22	5.88e-16	8.45e-11	1.19e-06	1.00e-03	9.99e-01	0.00e+00	0.00e+00
 2.62263e+14	7.19e-22	7.42e-16	1.03e-10	1.36e-06	1.08e-03	9.99e-01	0.00e+00	0.00e+00
 2.71746e+14	9.94e-22	9.68e-16	1.27e-10	1.57e-06	1.16e-03	9.99e-01	0.00e+00	0.00e+00
 2.82343e+14	1.37e-21	1.27e-15	1.59e-10	1.83e-06	1.25e-03	9.99e-01	0.00e+00	0.00e+00
 2.92381e+14	1.88e-21	1.65e-15	1.96e-10	2.11e-06	1.34e-03	9.99e-01	0.00e+00	0.00e+00
 3.03122e+14	2.56e-21	2.14e-15	2.43e-10	2.43e-06	1.45e-03	9.99e-01	0.00e+00	0.00e+00
 3.15277e+14	3.54e-21	2.82e-15	3.06e-10	2.85e-06	1.57e-03	9.98e-01	0.00e+00	0.00e+00
 3.27219e+14	4.96e-21	3.72e-15	3.81e-10	3.30e-06	1.70e-03	9.98e-01	0.00e+00	0.00e+00
 3.39639e+14	6.66e-21	4.80e-15	4.74e-10	3.83e-06	1.84e-03	9.98e-01	0.00e+00	0.00e+00
 3.53255e+14	9.44e-21	6.41e-15	5.97e-10	4.48e-06	1.99e-03	9.98e-01	0.00e+00	0.00e+00
 3.66711e+14	1.26e-20	8.26e-15	7.44e-10	5.21e-06	2.16e-03	9.98e-01	0.00e+00	0.00e+00
 3.77812e+14	1.62e-20	1.02e-14	8.86e-10	5.87e-06	2.30e-03	9.98e-01	0.00e+00	0.00e+00
 3.86650e+14	1.96e-20	1.20e-14	1.01e-09	6.44e-06	2.42e-03	9.98e-01	0.00e+00	0.00e+00
 3.96431e+14	2.43e-20	1.44e-14	1.18e-09	7.11e-06	2.55e-03	9.97e-01	0.00e+00	0.00e+00
 4.09145e+14	3.12e-20	1.78e-14	1.41e-09	8.07e-06	2.73e-03	9.97e-01	0.00e+00	0.00e+00
 4.22806e+14	4.06e-20	2.24e-14	1.71e-09	9.21e-06	2.93e-03	9.97e-01	0.00e+00	0.00e+00
 4.34979e+14	5.16e-20	2.74e-14	2.02e-09	1.03e-05	3.11e-03	9.97e-01	0.00e+00	0.00e+00
 4.48086e+14	6.50e-20	3.35e-14	2.40e-09	1.16e-05	3.32e-03	9.97e-01	0.00e+00	0.00e+00
 4.64619e+14	8.76e-20	4.32e-14	2.97e-09	1.34e-05	3.59e-03	9.96e-01	0.00e+00	0.00e+00
 4.81378e+14	1.16e-19	5.51e-14	3.66e-09	1.55e-05	3.89e-03	9.96e-01	0.00e+00	0.00e+00
 4.95679e+14	1.46e-19	6.72e-14	4.34e-09	1.74e-05	4.14e-03	9.96e-01	0.00e+00	0.00e+00
 5.11013e+14	1.86e-19	8.31e-14	5.19e-09	1.97e-05	4.42e-03	9.96e-01	0.00e+00	0.00e+00
 5.30089e+14	2.48e-19	1.07e-13	6.43e-09	2.28e-05	4.80e-03	9.95e-01	0.00e+00	0.00e+00
 5.49603e+14	3.32e-19	1.37e-13	7.94e-09	2.63e-05	5.20e-03	9.95e-01	0.00e+00	0.00e+00
 5.66810e+14	4.24e-19	1.70e-13	9.52e-09	2.98e-05	5.56e-03	9.94e-01	0.00e+00	0.00e+00
 5.85444e+14	5.44e-19	2.11e-13	1.15e-08	3.39e-05	5.97e-03	9.94e-01	0.00e+00	0.00e+00
 6.07911e+14	7.36e-19	2.74e-13	1.44e-08	3.94e-05	6.50e-03	9.93e-01	0.00e+00	0.00e+00
 6.30188e+14	9.79e-19	3.51e-13	1.77e-08	4.55e-05	7.04e-03	9.93e-01	0.00e+00	0.00e+00
 6.50039e+14	1.26e-18	4.35e-13	2.13e-08	5.14e-05	7.54e-03	9.92e-01	0.00e+00	0.00e+00
 6.71908e+14	1.62e-18	5.45e-13	2.59e-08	5.87e-05	8.13e-03	9.92e-01	0.00e+00	0.00e+00
 6.97968e+14	2.21e-18	7.12e-13	3.24e-08	6.83e-05	8.84e-03	9.91e-01	0.00e+00	0.00e+00
 7.23899e+14	2.96e-18	9.18e-13	4.02e-08	7.90e-05	9.59e-03	9.90e-01	0.00e+00	0.00e+00
 7.47720e+14	3.80e-18	1.14e-12	4.86e-08	8.99e-05	1.03e-02	9.90e-01	0.00e+00	0.00e+00
 7.74381e+14	5.11e-18	1.47e-12	5.99e-08	1.03e-04	1.11e-02	9.89e-01	0.00e+00	0.00e+00
 8.05254e+14	7.03e-18	1.94e-12	7.56e-08	1.21e-04	1.21e-02	9.88e-01	0.00e+00	0.00e+00
 8.35558e+14	9.52e-18	2.52e-12	9.42e-08	1.40e-04	1.32e-02	9.87e-01	0.00e+00	0.00e+00
 8.64530e+14	1.26e-17	3.21e-12	1.15e-07	1.60e-04	1.42e-02	9.86e-01	0.00e+00	0.00e+00
 8.89929e+14	1.60e-17	3.95e-12	1.37e-07	1.80e-04	1.52e-02	9.85e-01	0.00e+00	0.00e+00
 9.10878e+14	1.95e-17	4.67e-12	1.58e-07	1.97e-04	1.60e-02	9.84e-01	0.00e+00	0.00e+00
 9.33930e+14	2.40e-17	5.59e-12	1.83e-07	2.18e-04	1.69e-02	9.83e-01	0.00e+00	0.00e+00
 9.63898e+14	3.12e-17	7.00e-12	2.21e-07	2.47e-04	1.81e-02	9.82e-01	0.00e+00	0.00e+00
 9.95468e+14	4.12e-17	8.87e-12	2.69e-07	2.81e-04	1.94e-02	9.80e-01	0.00e+00	0.00e+00
 1.02268e+15	5.19e-17	1.08e-11	3.16e-07	3.13e-04	2.06e-02	9.79e-01	0.00e+00	0.00e+00
 1.05161e+15	6.56e-17	1.32e-11	3.74e-07	3.50e-04	2.19e-02	9.78e-01	0.00e+00	0.00e+00
 1.08922e+15	8.94e-17	1.71e-11	4.62e-07	4.03e-04	2.37e-02	9.76e-01	0.00e+00	0.00e+00
 1.12802e+15	1.20e-16	2.21e-11	5.71e-07	4.63e-04	2.56e-02	9.74e-01	0.00e+00	0.00e+00
 1.16044e+15	1.68e-16	2.73e-11	6.77e-07	5.18e-04	2.72e-02	9.72e-01	0.00e+00	0.00e+00
 1.19465e+15	2.18e-16	3.39e-11	8.08e-07	5.82e-04	2.89e-02	9.70e-01	0.00e+00	0.00e+00
 1.23827e+15	2.99e-16	4.43e-11	1.00e-06	6.71e-04	3.13e-02	9.68e-01	0.00e+00	0.00e+00
 1.28421e+15	4.15e-16	5.82e-11	1.25e-06	7.76e-04	3.38e-02	9.65e-01	0.00e+00	0.00e+00
 1.32521e+15	5.52e-16	7.37e-11	1.51e-06	8.79e-04	3.62e-02	9.63e-01	0.00e+00	0.00e+00
 1.36973e+15	7.39e-16	9.42e-11	1.85e-06	1.00e-03	3.88e-02	9.60e-01	0.00e+00	0.00e+00
 1.42280e+15	1.05e-15	1.26e-10	2.33e-06	1.17e-03	4.22e-02	9.57e-01	0.00e+00	0.00e+00
 1.47524e+15	1.45e-15	1.65e-10	2.90e-06	1.35e-03	4.55e-02	9.53e-01	0.00e+00	0.00e+00
 1.52279e+15	1.95e-15	2.11e-10	3.52e-06	1.53e-03	4.86e-02	9.50e-01	0.00e+00	0.00e+00
 1.57575e+15	2.60e-15	2.69e-10	4.34e-06	1.75e-03	5.23e-02	9.46e-01	0.00e+00	0.00e+00
 1.63781e+15	3.87e-15	3.69e-10	5.49e-06	2.04e-03	5.67e-02	9.41e-01	0.00e+00	0.00e+00
 1.69904e+15	5.39e-15	4.87e-10	6.86e-06	2.35e-03	6.12e-02	9.36e-01	0.00e+00	0.00e+00
 1.75659e+15	7.38e-15	6.30e-10	8.40e-06	2.69e-03	6.56e-02	9.32e-01	0.00e+00	0.00e+00
 1.82076e+15	1.00e-14	8.17e-10	1.04e-05	3.09e-03	7.06e-02	9.26e-01	0.00e+00	0.00e+00
 1.89362e+15	1.51e-14	1.13e-09	1.33e-05	3.61e-03	7.66e-02	9.20e-01	0.00e+00	0.00e+00
 1.95458e+15	2.05e-14	1.45e-09	1.61e-05	4.09e-03	8.16e-02	9.14e-01	0.00e+00	0.00e+00
 1.99812e+15	2.52e-14	1.72e-09	1.84e-05	4.46e-03	8.53e-02	9.10e-01	0.00e+00	0.00e+00
 2.04351e+15	3.12e-14	2.04e-09	2.10e-05	4.87e-03	8.92e-02	9.06e-01	0.00e+00	0.00e+00
 2.10251e+15	3.95e-14	2.50e-09	2.50e-05	5.44e-03	9.44e-02	9.00e-01	0.00e+00	0.00e+00
 2.16853e+15	5.44e-14	3.23e-09	3.01e-05	6.14e-03	1.00e-01	8.93e-01	0.00e+00	0.00e+00
 2.23043e+15	6.97e-14	3.97e-09	3.57e-05	6.85e-03	1.06e-01	8.87e-01	0.00e+00	0.00e+00
 2.29766e+15	9.47e-14	5.07e-09	4.27e-05	7.69e-03	1.13e-01	8.80e-01	0.00e+00	0.00e+00
 2.37272e+15	1.29e-13	6.51e-09	5.18e-05	8.71e-03	1.20e-01	8.72e-01	0.00e+00	0.00e+00
 2.44355e+15	1.67e-13	8.07e-09	6.18e-05	9.75e-03	1.27e-01	8.64e-01	0.00e+00	0.00e+00
 2.52122e+15	2.24e-13	1.03e-08	7.45e-05	1.10e-02	1.34e-01	8.55e-01	0.00e+00	0.00e+00
 2.60825e+15	3.24e-13	1.37e-08	9.15e-05	1.25e-02	1.43e-01	8.44e-01	0.00e+00	0.00e+00
 2.69050e+15	4.32e-13	1.73e-08	1.10e-04	1.41e-02	1.52e-01	8.34e-01	0.00e+00	0.00e+00
 2.78049e+15	5.75e-13	2.21e-08	1.34e-04	1.60e-02	1.61e-01	8.23e-01	0.00e+00	0.00e+00
 2.88097e+15	8.45e-13	2.97e-08	1.66e-04	1.83e-02	1.72e-01	8.10e-01	0.00e+00	0.00e+00
 2.97462e+15	1.13e-12	3.79e-08	2.00e-04	2.06e-02	1.82e-01	7.97e-01	0.00e+00	0.00e+00
 3.07587e+15	1.52e-12	4.84e-08	2.43e-04	2.34e-02	1.93e-01	7.84e-01	0.00e+00	0.00e+00
 3.18873e+15	2.24e-12	6.55e-08	3.02e-04	2.67e-02	2.05e-01	7.68e-01	0.00e+00	0.00e+00
 3.29384e+15	3.02e-12	8.37e-08	3.65e-04	3.01e-02	2.16e-01	7.53e-01	0.00e+00	0.00e+00
 3.40763e+15	4.05e-12	1.07e-07	4.44e-04	3.41e-02	2.29e-01	7.37e-01	0.00e+00	0.00e+00
 3.53484e+15	6.00e-12	1.46e-07	5.52e-04	3.90e-02	2.43e-01	7.17e-01	0.00e+00	0.00e+00
 3.65427e+15	8.23e-12	1.88e-07	6.69e-04	4.39e-02	2.56e-01	7.00e-01	0.00e+00	0.00e+00
 3.76422e+15	1.08e-11	2.35e-07	7.93e-04	4.88e-02	2.67e-01	6.83e-01	0.00e+00	0.00e+00
 3.88709e+15	1.42e-11	2.95e-07	9.52e-04	5.46e-02	2.80e-01	6.64e-01	0.00e+00	0.00e+00
 4.02558e+15	2.07e-11	3.96e-07	1.17e-03	6.19e-02	2.95e-01	6.42e-01	0.00e+00	0.00e+00
 4.15546e+15	2.76e-11	5.00e-07	1.40e-03	6.90e-02	3.08e-01	6.22e-01	0.00e+00	0.00e+00
 4.26666e+15	3.45e-11	6.04e-07	1.62e-03	7.54e-02	3.19e-01	6.04e-01	0.00e+00	0.00e+00
 4.38251e+15	4.43e-11	7.39e-07	1.89e-03	8.26e-02	3.30e-01	5.86e-01	0.00e+00	0.00e+00
 4.51149e+15	6.06e-11	9.42e-07	2.23e-03	9.11e-02	3.42e-01	5.65e-01	0.00e+00	0.00e+00
 4.62783e+15	7.61e-11	1.13e-06	2.57e-03	9.90e-02	3.52e-01	5.47e-01	0.00e+00	0.00e+00
 4.74938e+15	9.46e-11	1.36e-06	2.96e-03	1.08e-01	3.62e-01	5.28e-01	0.00e+00	0.00e+00
 4.90739e+15	1.34e-10	1.78e-06	3.57e-03	1.20e-01	3.75e-01	5.02e-01	0.00e+00	0.00e+00
 5.06332e+15	1.71e-10	2.20e-06	4.22e-03	1.32e-01	3.85e-01	4.79e-01	0.00e+00	0.00e+00
 5.19105e+15	2.26e-10	2.71e-06	4.87e-03	1.43e-01	3.95e-01	4.58e-01	0.00e+00	0.00e+00
 5.33162e+15	2.90e-10	3.32e-06	5.63e-03	1.55e-01	4.03e-01	4.36e-01	0.00e+00	0.00e+00
 5.51435e+15	3.79e-10	4.15e-06	6.74e-03	1.71e-01	4.12e-01	4.10e-01	0.00e+00	0.00e+00
 5.69963e+15	5.42e-10	5.48e-06	8.10e-03	1.89e-01	4.21e-01	3.82e-01	0.00e+00	0.00e+00
 5.84654e+15	6.85e-10	6.60e-06	9.28e-03	2.03e-01	4.27e-01	3.61e-01	0.00e+00	0.00e+00
 5.99583e+15	8.70e-10	7.98e-06	1.06e-02	2.18e-01	4.31e-01	3.40e-01	0.00e+00	0.00e+00
 6.18991e+15	1.12e-09	9.86e-06	1.26e-02	2.38e-01	4.35e-01	3.15e-01	0.00e+00	0.00e+00
 6.39221e+15	1.59e-09	1.29e-05	1.50e-02	2.59e-01	4.38e-01	2.88e-01	0.00e+00	0.00e+00
 6.55443e+15	1.99e-09	1.54e-05	1.71e-02	2.76e-01	4.38e-01	2.69e-01	0.00e+00	0.00e+00
 6.71453e+15	2.44e-09	1.82e-05	1.94e-02	2.94e-01	4.37e-01	2.50e-01	0.00e+00	0.00e+00
 6.92267e+15	3.46e-09	2.38e-05	2.30e-02	3.17e-01	4.35e-01	2.25e-01	0.00e+00	0.00e+00
 7.12837e+15	4.55e-09	2.95e-05	2.67e-02	3.39e-01	4.30e-01	2.04e-01	0.00e+00	0.00e+00
 7.28610e+15	5.63e-09	3.49e-05	3.00e-02	3.57e-01	4.25e-01	1.88e-01	0.00e+00	0.00e+00
 7.44635e+15	7.04e-09	4.15e-05	3.38e-02	3.75e-01	4.19e-01	1.72e-01	0.00e+00	0.00e+00
 7.61251e+15	8.66e-09	4.89e-05	3.80e-02	3.93e-01	4.12e-01	1.58e-01	0.00e+00	0.00e+00
 7.75419e+15	1.02e-08	5.58e-05	4.18e-02	4.08e-01	4.05e-01	1.46e-01	0.00e+00	0.00e+00
 7.90621e+15	1.31e-08	6.73e-05	4.68e-02	4.25e-01	3.96e-01	1.33e-01	0.00e+00	0.00e+00
 8.05823e+15	1.57e-08	7.76e-05	5.17e-02	4.40e-01	3.87e-01	1.21e-01	0.00e+00	0.00e+00
 8.18950e+15	1.82e-08	8.74e-05	5.64e-02	4.54e-01	3.78e-01	1.12e-01	0.00e+00	0.00e+00
 8.33940e+15	2.34e-08	1.05e-04	6.28e-02	4.70e-01	3.67e-01	1.01e-01	0.00e+00	0.00e+00
 8.48923e+15	2.71e-08	1.19e-04	6.90e-02	4.84e-01	3.55e-01	9.19e-02	0.00e+00	0.00e+00
 8.63899e+15	3.45e-08	1.42e-04	7.66e-02	4.98e-01	3.43e-01	8.22e-02	0.00e+00	0.00e+00
 8.79015e+15	4.30e-08	1.67e-04	8.47e-02	5.12e-01	3.30e-01	7.35e-02	0.00e+00	0.00e+00
 8.91980e+15	5.08e-08	1.90e-04	9.22e-02	5.23e-01	3.18e-01	6.67e-02	0.00e+00	0.00e+00
 9.06498e+15	5.99e-08	2.17e-04	1.01e-01	5.35e-01	3.04e-01	5.96e-02	0.00e+00	0.00e+00
 9.25372e+15	8.41e-08	2.77e-04	1.16e-01	5.49e-01	2.84e-01	5.02e-02	0.00e+00	0.00e+00
 9.43475e+15	1.01e-07	3.22e-04	1.29e-01	5.61e-01	2.66e-01	4.32e-02	0.00e+00	0.00e+00
 9.57177e+15	1.32e-07	3.89e-04	1.42e-01	5.69e-01	2.51e-01	3.75e-02	0.00e+00	0.00e+00
 9.69285e+15	1.59e-07	4.48e-04	1.55e-01	5.74e-01	2.37e-01	3.31e-02	0.00e+00	0.00e+00
 9.82720e+15	1.88e-07	5.10e-04	1.69e-01	5.80e-01	2.22e-01	2.87e-02	0.00e+00	0.00e+00
 9.97757e+15	2.37e-07	6.07e-04	1.87e-01	5.84e-01	2.04e-01	2.42e-02	0.00e+00	0.00e+00
 1.01057e+16	2.97e-07	7.16e-04	2.04e-01	5.85e-01	1.89e-01	2.06e-02	0.00e+00	0.00e+00
 1.01980e+16	3.78e-07	8.45e-04	2.19e-01	5.85e-01	1.77e-01	1.79e-02	0.00e+00	0.00e+00
 1.02653e+16	4.26e-07	9.22e-04	2.29e-01	5.85e-01	1.69e-01	1.63e-02	0.00e+00	0.00e+00
 1.03312e+16	4.83e-07	1.01e-03	2.40e-01	5.84e-01	1.61e-01	1.47e-02	0.00e+00	0.00e+00
 1.04169e+16	5.37e-07	1.10e-03	2.54e-01	5.82e-01	1.50e-01	1.30e-02	0.00e+00	0.00e+00
 1.05133e+16	6.77e-07	1.29e-03	2.72e-01	5.78e-01	1.38e-01	1.09e-02	0.00e+00	0.00e+00
 1.05866e+16	7.55e-07	1.40e-03	2.86e-01	5.74e-01	1.29e-01	9.68e-03	0.00e+00	0.00e+00
 1.06450e+16	8.58e-07	1.54e-03	2.98e-01	5.70e-01	1.21e-01	8.62e-03	0.00e+00	0.00e+00
 1.07092e+16	9.79e-07	1.69e-03	3.11e-01	5.66e-01	1.13e-01	7.58e-03	0.00e+00	0.00e+00
 1.07678e+16	1.11e-06	1.85e-03	3.24e-01	5.61e-01	1.06e-01	6.69e-03	0.00e+00	0.00e+00
 1.08203e+16	1.26e-06	2.02e-03	3.36e-01	5.56e-01	9.94e-02	5.94e-03	0.00e+00	0.00e+00
 1.08700e+16	1.41e-06	2.19e-03	3.48e-01	5.51e-01	9.33e-02	5.28e-03	0.00e+00	0.00e+00
 1.09268e+16	1.66e-06	2.45e-03	3.63e-01	5.44e-01	8.60e-02	4.52e-03	0.00e+00	0.00e+00
 1.09822e+16	1.82e-06	2.63e-03	3.76e-01	5.38e-01	7.97e-02	3.95e-03	0.00e+00	0.00e+00
 1.10359e+16	2.08e-06	2.88e-03	3.90e-01	5.31e-01	7.33e-02	3.39e-03	0.00e+00	0.00e+00
 1.10925e+16	2.38e-06	3.17e-03	4.04e-01	5.23e-01	6.69e-02	2.87e-03	0.00e+00	0.00e+00
 1.11405e+16	2.70e-06	3.46e-03	4.17e-01	5.16e-01	6.16e-02	2.47e-03	0.00e+00	0.00e+00
 1.11825e+16	3.01e-06	3.73e-03	4.28e-01	5.09e-01	5.70e-02	2.14e-03	0.00e+00	0.00e+00
 1.12293e+16	3.49e-06	4.13e-03	4.42e-01	5.01e-01	5.19e-02	1.80e-03	0.00e+00	0.00e+00
 1.12776e+16	3.94e-06	4.50e-03	4.55e-01	4.92e-01	4.71e-02	1.51e-03	0.00e+00	0.00e+00
 1.13207e+16	4.41e-06	4.86e-03	4.66e-01	4.85e-01	4.30e-02	1.28e-03	0.00e+00	0.00e+00
 1.13695e+16	5.04e-06	5.33e-03	4.80e-01	4.75e-01	3.84e-02	1.04e-03	0.00e+00	0.00e+00
 1.14222e+16	5.77e-06	5.85e-03	4.94e-01	4.66e-01	3.40e-02	8.35e-04	0.00e+00	0.00e+00
 1.14698e+16	6.50e-06	6.36e-03	5.06e-01	4.57e-01	3.03e-02	6.78e-04	0.00e+00	0.00e+00
 1.15216e+16	7.47e-06	6.99e-03	5.20e-01	4.46e-01	2.64e-02	5.30e-04	0.00e+00	0.00e+00
 1.15780e+16	8.63e-06	7.72e-03	5.34e-01	4.35e-01	2.27e-02	4.03e-04	0.00e+00	0.00e+00
 1.16299e+16	9.84e-06	8.44e-03	5.47e-01	4.25e-01	1.97e-02	3.11e-04	0.00e+00	0.00e+00
 1.16868e+16	1.14e-05	9.30e-03	5.60e-01	4.13e-01	1.67e-02	2.30e-04	0.00e+00	0.00e+00
 1.17510e+16	1.33e-05	1.03e-02	5.75e-01	4.01e-01	1.38e-02	1.64e-04	0.00e+00	0.00e+00
 1.18141e+16	1.55e-05	1.14e-02	5.89e-01	3.88e-01	1.14e-02	1.16e-04	0.00e+00	0.00e+00
 1.18651e+16	1.74e-05	1.24e-02	5.99e-01	3.78e-01	9.81e-03	8.77e-05	0.00e+00	0.00e+00
 1.19027e+16	1.91e-05	1.32e-02	6.07e-01	3.71e-01	8.74e-03	7.10e-05	0.00e+00	0.00e+00
 1.19432e+16	2.10e-05	1.40e-02	6.15e-01	3.63e-01	7.68e-03	5.61e-05	0.00e+00	0.00e+00
 1.19957e+16	2.37e-05	1.52e-02	6.26e-01	3.53e-01	6.48e-03	4.12e-05	0.00e+00	0.00e+00
 1.20531e+16	2.70e-05	1.66e-02	6.36e-01	3.42e-01	5.43e-03	2.97e-05	0.00e+00	0.00e+00
 1.21058e+16	3.04e-05	1.79e-02	6.46e-01	3.32e-01	4.60e-03	2.20e-05	0.00e+00	0.00e+00
 1.21635e+16	3.46e-05	1.95e-02	6.56e-01	3.21e-01	3.82e-03	1.57e-05	0.00e+00	0.00e+00
 1.22275e+16	3.98e-05	2.14e-02	6.67e-01	3.09e-01	3.13e-03	1.09e-05	0.00e+00	0.00e+00
 1.22851e+16	4.53e-05	2.33e-02	6.76e-01	2.98e-01	2.62e-03	7.84e-06	0.00e+00	0.00e+00
 1.23359e+16	5.07e-05	2.51e-02	6.84e-01	2.88e-01	2.24e-03	5.86e-06	0.00e+00	0.00e+00
 1.23925e+16	5.75e-05	2.72e-02	6.93e-01	2.78e-01	1.87e-03	4.21e-06	0.00e+00	0.00e+00
 1.24561e+16	6.64e-05	2.99e-02	7.03e-01	2.65e-01	1.53e-03	2.93e-06	0.00e+00	0.00e+00
 1.25136e+16	7.57e-05	3.26e-02	7.12e-01	2.54e-01	1.28e-03	2.11e-06	0.00e+00	0.00e+00
 1.25637e+16	8.49e-05	3.51e-02	7.19e-01	2.45e-01	1.10e-03	1.59e-06	0.00e+00	0.00e+00
 1.26191e+16	9.67e-05	3.83e-02	7.26e-01	2.34e-01	9.19e-04	1.15e-06	0.00e+00	0.00e+00
 1.26803e+16	1.12e-04	4.20e-02	7.34e-01	2.23e-01	7.58e-04	8.09e-07	0.00e+00	0.00e+00
 1.27355e+16	1.28e-04	4.59e-02	7.41e-01	2.12e-01	6.37e-04	0.00e+00	0.00e+00	0.00e+00
 1.27842e+16	1.44e-04	4.95e-02	7.47e-01	2.03e-01	5.45e-04	0.00e+00	0.00e+00	0.00e+00
 1.28382e+16	1.64e-04	5.40e-02	7.53e-01	1.93e-01	4.56e-04	0.00e+00	0.00e+00	0.00e+00
 1.28966e+16	1.91e-04	5.96e-02	7.58e-01	1.81e-01	3.76e-04	0.00e+00	0.00e+00	0.00e+00
 1.29480e+16	2.18e-04	6.49e-02	7.63e-01	1.72e-01	3.17e-04	0.00e+00	0.00e+00	0.00e+00
 1.29934e+16	2.46e-04	7.02e-02	7.66e-01	1.63e-01	2.72e-04	0.00e+00	0.00e+00	0.00e+00
 1.30441e+16	2.82e-04	7.67e-02	7.69e-01	1.54e-01	2.28e-04	0.00e+00	0.00e+00	0.00e+00
 1.30992e+16	3.28e-04	8.46e-02	7.72e-01	1.43e-01	1.87e-04	0.00e+00	0.00e+00	0.00e+00
 1.31476e+16	3.76e-04	9.24e-02	7.73e-01	1.34e-01	1.58e-04	0.00e+00	0.00e+00	0.00e+00
 1.31905e+16	4.26e-04	1.00e-01	7.73e-01	1.26e-01	1.35e-04	0.00e+00	0.00e+00	0.00e+00
 1.32383e+16	4.90e-04	1.10e-01	7.72e-01	1.18e-01	1.12e-04	0.00e+00	0.00e+00	0.00e+00
 1.32903e+16	5.73e-04	1.21e-01	7.70e-01	1.08e-01	9.16e-05	0.00e+00	0.00e+00	0.00e+00
 1.33362e+16	6.61e-04	1.33e-01	7.66e-01	1.01e-01	7.65e-05	0.00e+00	0.00e+00	0.00e+00
 1.33771e+16	7.52e-04	1.44e-01	7.62e-01	9.34e-02	6.46e-05	0.00e+00	0.00e+00	0.00e+00
 1.34231e+16	8.72e-04	1.58e-01	7.55e-01	8.56e-02	5.30e-05	0.00e+00	0.00e+00	0.00e+00
 1.34732e+16	1.03e-03	1.75e-01	7.46e-01	7.74e-02	4.25e-05	0.00e+00	0.00e+00	0.00e+00
 1.35176e+16	1.20e-03	1.93e-01	7.36e-01	7.03e-02	3.47e-05	0.00e+00	0.00e+00	0.00e+00
 1.35570e+16	1.37e-03	2.10e-01	7.25e-01	6.41e-02	2.87e-05	0.00e+00	0.00e+00	0.00e+00
 1.36009e+16	1.60e-03	2.31e-01	7.10e-01	5.74e-02	2.30e-05	0.00e+00	0.00e+00	0.00e+00
 1.36496e+16	1.91e-03	2.57e-01	6.90e-01	5.03e-02	1.78e-05	0.00e+00	0.00e+00	0.00e+00
 1.36940e+16	2.27e-03	2.84e-01	6.69e-01	4.42e-02	1.40e-05	0.00e+00	0.00e+00	0.00e+00
 1.37348e+16	2.64e-03	3.12e-01	6.47e-01	3.87e-02	1.10e-05	0.00e+00	0.00e+00	0.00e+00
 1.37811e+16	3.16e-03	3.46e-01	6.18e-01	3.29e-02	8.20e-06	0.00e+00	0.00e+00	0.00e+00
 1.38319e+16	3.88e-03	3.89e-01	5.80e-01	2.70e-02	5.83e-06	0.00e+00	0.00e+00	0.00e+00
 1.38766e+16	4.67e-03	4.31e-01	5.43e-01	2.22e-02	4.21e-06	0.00e+00	0.00e+00	0.00e+00
 1.39146e+16	5.49e-03	4.69e-01	5.07e-01	1.84e-02	3.11e-06	0.00e+00	0.00e+00	0.00e+00
 1.39559e+16	6.56e-03	5.14e-01	4.65e-01	1.47e-02	2.19e-06	0.00e+00	0.00e+00	0.00e+00
 1.40009e+16	7.98e-03	5.66e-01	4.15e-01	1.12e-02	1.43e-06	0.00e+00	0.00e+00	0.00e+00
 1.40400e+16	9.51e-03	6.13e-01	3.69e-01	8.52e-03	9.52e-07	0.00e+00	0.00e+00	0.00e+00
 1.40700e+16	1.09e-02	6.50e-01	3.32e-01	6.79e-03	0.00e+00	0.00e+00	0.00e+00	0.00e+00
 1.40944e+16	1.22e-02	6.80e-01	3.02e-01	5.53e-03	0.00e+00	0.00e+00	0.00e+00	0.00e+00
 1.41217e+16	1.38e-02	7.13e-01	2.68e-01	4.32e-03	0.00e+00	0.00e+00	0.00e+00	0.00e+00
 1.41518e+16	1.59e-02	7.49e-01	2.32e-01	3.22e-03	0.00e+00	0.00e+00	0.00e+00	0.00e+00
 1.41783e+16	1.81e-02	7.79e-01	2.00e-01	2.41e-03	0.00e+00	0.00e+00	0.00e+00	0.00e+00
 1.42004e+16	2.01e-02	8.03e-01	1.75e-01	1.85e-03	0.00e+00	0.00e+00	0.00e+00	0.00e+00
 1.42239e+16	2.26e-02	8.26e-01	1.50e-01	1.37e-03	0.00e+00	0.00e+00	0.00e+00	0.00e+00
 1.42493e+16	2.57e-02	8.48e-01	1.25e-01	9.75e-04	0.00e+00	0.00e+00	0.00e+00	0.00e+00
 1.42717e+16	2.88e-02	8.66e-01	1.04e-01	6.99e-04	0.00e+00	0.00e+00	0.00e+00	0.00e+00
 1.42907e+16	3.18e-02	8.79e-01	8.87e-02	5.18e-04	0.00e+00	0.00e+00	0.00e+00	0.00e+00
 1.43113e+16	3.54e-02	8.91e-01	7.35e-02	3.66e-04	0.00e+00	0.00e+00	0.00e+00	0.00e+00
 1.43337e+16	4.00e-02	9.01e-01	5.90e-02	2.45e-04	0.00e+00	0.00e+00	0.00e+00	0.00e+00
 1.43535e+16	4.47e-02	9.07e-01	4.77e-02	1.68e-04	0.00e+00	0.00e+00	0.00e+00	0.00e+00
 1.43704e+16	4.93e-02	9.11e-01	3.94e-02	1.19e-04	0.00e+00	0.00e+00	0.00e+00	0.00e+00
 1.43889e+16	5.49e-02	9.13e-01	3.16e-02	7.99e-05	0.00e+00	0.00e+00	0.00e+00	0.00e+00
 1.44091e+16	6.19e-02	9.14e-01	2.45e-02	5.07e-05	0.00e+00	0.00e+00	0.00e+00	0.00e+00
 1.44268e+16	6.91e-02	9.12e-01	1.93e-02	3.32e-05	0.00e+00	0.00e+00	0.00e+00	0.00e+00
 1.44415e+16	7.57e-02	9.09e-01	1.56e-02	2.29e-05	0.00e+00	0.00e+00	0.00e+00	0.00e+00
 1.44563e+16	8.32e-02	9.04e-01	1.26e-02	1.55e-05	0.00e+00	0.00e+00	0.00e+00	0.00e+00
 1.44720e+16	9.16e-02	8.99e-01	9.88e-03	1.02e-05	0.00e+00	0.00e+00	0.00e+00	0.00e+00
 1.44865e+16	1.00e-01	8.92e-01	7.84e-03	6.75e-06	0.00e+00	0.00e+00	0.00e+00	0.00e+00
 1.44992e+16	1.09e-01	8.84e-01	6.35e-03	4.66e-06	0.00e+00	0.00e+00	0.00e+00	0.00e+00
 1.45106e+16	1.17e-01	8.77e-01	5.23e-03	3.31e-06	0.00e+00	0.00e+00	0.00e+00	0.00e+00
 1.45210e+16	1.26e-01	8.70e-01	4.35e-03	2.39e-06	0.00e+00	0.00e+00	0.00e+00	0.00e+00
 1.45308e+16	1.34e-01	8.63e-01	3.66e-03	1.76e-06	0.00e+00	0.00e+00	0.00e+00	0.00e+00
 1.45385e+16	1.40e-01	8.57e-01	3.18e-03	1.38e-06	0.00e+00	0.00e+00	0.00e+00	0.00e+00
 1.45435e+16	1.44e-01	8.53e-01	2.91e-03	1.18e-06	0.00e+00	0.00e+00	0.00e+00	0.00e+00
 1.45479e+16	1.48e-01	8.49e-01	2.68e-03	1.01e-06	0.00e+00	0.00e+00	0.00e+00	0.00e+00
 1.45530e+16	1.53e-01	8.44e-01	2.42e-03	8.51e-07	0.00e+00	0.00e+00	0.00e+00	0.00e+00
 1.45588e+16	1.59e-01	8.39e-01	2.17e-03	0.00e+00	0.00e+00	0.00e+00	0.00e+00	0.00e+00
 1.45644e+16	1.65e-01	8.33e-01	1.95e-03	0.00e+00	0.00e+00	0.00e+00	0.00e+00	0.00e+00
 1.45696e+16	1.70e-01	8.28e-01	1.76e-03	0.00e+00	0.00e+00	0.00e+00	0.00e+00	0.00e+00
 1.45746e+16	1.75e-01	8.23e-01	1.59e-03	0.00e+00	0.00e+00	0.00e+00	0.00e+00	0.00e+00
 1.45797e+16	1.81e-01	8.17e-01	1.44e-03	0.00e+00	0.00e+00	0.00e+00	0.00e+00	0.00e+00
 1.45849e+16	1.87e-01	8.12e-01	1.29e-03	0.00e+00	0.00e+00	0.00e+00	0.00e+00	0.00e+00
 1.45901e+16	1.93e-01	8.06e-01	1.16e-03	0.00e+00	0.00e+00	0.00e+00	0.00e+00	0.00e+00
 1.45950e+16	1.99e-01	8.00e-01	1.05e-03	0.00e+00	0.00e+00	0.00e+00	0.00e+00	0.00e+00
 1.45999e+16	2.05e-01	7.94e-01	9.46e-04	0.00e+00	0.00e+00	0.00e+00	0.00e+00	0.00e+00
 1.46048e+16	2.11e-01	7.88e-01	8.51e-04	0.00e+00	0.00e+00	0.00e+00	0.00e+00	0.00e+00
 1.46097e+16	2.18e-01	7.82e-01	7.66e-04	0.00e+00	0.00e+00	0.00e+00	0.00e+00	0.00e+00
 1.46146e+16	2.24e-01	7.75e-01	6.89e-04	0.00e+00	0.00e+00	0.00e+00	0.00e+00	0.00e+00
 1.46193e+16	2.31e-01	7.68e-01	6.20e-04	0.00e+00	0.00e+00	0.00e+00	0.00e+00	0.00e+00
 1.46241e+16	2.38e-01	7.61e-01	5.57e-04	0.00e+00	0.00e+00	0.00e+00	0.00e+00	0.00e+00
 1.46288e+16	2.45e-01	7.55e-01	5.00e-04	0.00e+00	0.00e+00	0.00e+00	0.00e+00	0.00e+00
 1.46335e+16	2.52e-01	7.47e-01	4.50e-04	0.00e+00	0.00e+00	0.00e+00	0.00e+00	0.00e+00
 1.46381e+16	2.60e-01	7.40e-01	4.04e-04	0.00e+00	0.00e+00	0.00e+00	0.00e+00	0.00e+00
 1.46427e+16	2.67e-01	7.33e-01	3.63e-04	0.00e+00	0.00e+00	0.00e+00	0.00e+00	0.00e+00
 1.46472e+16	2.75e-01	7.25e-01	3.26e-04	0.00e+00	0.00e+00	0.00e+00	0.00e+00	0.00e+00
 1.46518e+16	2.83e-01	7.17e-01	2.92e-04	0.00e+00	0.00e+00	0.00e+00	0.00e+00	0.00e+00
 1.46562e+16	2.92e-01	7.08e-01	2.62e-04	0.00e+00	0.00e+00	0.00e+00	0.00e+00	0.00e+00
 1.46607e+16	3.00e-01	7.00e-01	2.34e-04	0.00e+00	0.00e+00	0.00e+00	0.00e+00	0.00e+00
 1.46651e+16	3.09e-01	6.90e-01	2.10e-04	0.00e+00	0.00e+00	0.00e+00	0.00e+00	0.00e+00
 1.46694e+16	3.20e-01	6.80e-01	1.88e-04	0.00e+00	0.00e+00	0.00e+00	0.00e+00	0.00e+00
 1.46738e+16	3.29e-01	6.71e-01	1.68e-04	0.00e+00	0.00e+00	0.00e+00	0.00e+00	0.00e+00
 1.46781e+16	3.39e-01	6.61e-01	1.50e-04	0.00e+00	0.00e+00	0.00e+00	0.00e+00	0.00e+00
 1.46823e+16	3.50e-01	6.50e-01	1.34e-04	0.00e+00	0.00e+00	0.00e+00	0.00e+00	0.00e+00
 1.46865e+16	3.61e-01	6.39e-01	1.20e-04	0.00e+00	0.00e+00	0.00e+00	0.00e+00	0.00e+00
 1.46907e+16	3.73e-01	6.27e-01	1.07e-04	0.00e+00	0.00e+00	0.00e+00	0.00e+00	0.00e+00
 1.46947e+16	3.85e-01	6.15e-01	9.55e-05	0.00e+00	0.00e+00	0.00e+00	0.00e+00	0.00e+00
 1.46987e+16	3.97e-01	6.03e-01	8.54e-05	0.00e+00	0.00e+00	0.00e+00	0.00e+00	0.00e+00
 1.47026e+16	4.10e-01	5.90e-01	7.62e-05	0.00e+00	0.00e+00	0.00e+00	0.00e+00	0.00e+00
 1.47065e+16	4.23e-01	5.77e-01	6.82e-05	0.00e+00	0.00e+00	0.00e+00	0.00e+00	0.00e+00
 1.47103e+16	4.38e-01	5.62e-01	6.07e-05	0.00e+00	0.00e+00	0.00e+00	0.00e+00	0.00e+00
 1.47141e+16	4.52e-01	5.48e-01	5.43e-05	0.00e+00	0.00e+00	0.00e+00	0.00e+00	0.00e+00
 1.47179e+16	4.67e-01	5.33e-01	4.83e-05	0.00e+00	0.00e+00	0.00e+00	0.00e+00	0.00e+00
 1.47217e+16	4.83e-01	5.17e-01	4.30e-05	0.00e+00	0.00e+00	0.00e+00	0.00e+00	0.00e+00
 1.47255e+16	4.99e-01	5.01e-01	3.83e-05	0.00e+00	0.00e+00	0.00e+00	0.00e+00	0.00e+00
 1.47292e+16	5.16e-01	4.83e-01	3.40e-05	0.00e+00	0.00e+00	0.00e+00	0.00e+00	0.00e+00
 1.47329e+16	5.34e-01	4.66e-01	3.01e-05	0.00e+00	0.00e+00	0.00e+00	0.00e+00	0.00e+00
 1.47366e+16	5.55e-01	4.45e-01	2.65e-05	0.00e+00	0.00e+00	0.00e+00	0.00e+00	0.00e+00
 1.47403e+16	5.74e-01	4.26e-01	2.34e-05	0.00e+00	0.00e+00	0.00e+00	0.00e+00	0.00e+00
 1.47440e+16	5.94e-01	4.06e-01	2.06e-05	0.00e+00	0.00e+00	0.00e+00	0.00e+00	0.00e+00
 1.47478e+16	6.14e-01	3.86e-01	1.81e-05	0.00e+00	0.00e+00	0.00e+00	0.00e+00	0.00e+00
 1.47516e+16	6.35e-01	3.65e-01	1.58e-05	0.00e+00	0.00e+00	0.00e+00	0.00e+00	0.00e+00
 1.47555e+16	6.57e-01	3.43e-01	1.38e-05	0.00e+00	0.00e+00	0.00e+00	0.00e+00	0.00e+00
 1.47593e+16	6.78e-01	3.22e-01	1.20e-05	0.00e+00	0.00e+00	0.00e+00	0.00e+00	0.00e+00
 1.47628e+16	6.97e-01	3.03e-01	1.06e-05	0.00e+00	0.00e+00	0.00e+00	0.00e+00	0.00e+00
 1.47657e+16	7.12e-01	2.88e-01	9.57e-06	0.00e+00	0.00e+00	0.00e+00	0.00e+00	0.00e+00
 1.47684e+16	7.24e-01	2.76e-01	8.75e-06	0.00e+00	0.00e+00	0.00e+00	0.00e+00	0.00e+00
 1.47714e+16	7.42e-01	2.58e-01	7.78e-06	0.00e+00	0.00e+00	0.00e+00	0.00e+00	0.00e+00
 1.47744e+16	7.56e-01	2.44e-01	7.03e-06	0.00e+00	0.00e+00	0.00e+00	0.00e+00	0.00e+00
 1.47772e+16	7.69e-01	2.31e-01	6.34e-06	0.00e+00	0.00e+00	0.00e+00	0.00e+00	0.00e+00
 1.47800e+16	7.83e-01	2.17e-01	5.72e-06	0.00e+00	0.00e+00	0.00e+00	0.00e+00	0.00e+00
 1.47828e+16	7.95e-01	2.05e-01	5.18e-06	0.00e+00	0.00e+00	0.00e+00	0.00e+00	0.00e+00
 1.47855e+16	8.07e-01	1.93e-01	4.69e-06	0.00e+00	0.00e+00	0.00e+00	0.00e+00	0.00e+00
 1.47882e+16	8.19e-01	1.81e-01	4.26e-06	0.00e+00	0.00e+00	0.00e+00	0.00e+00	0.00e+00
 1.47909e+16	8.29e-01	1.71e-01	3.87e-06	0.00e+00	0.00e+00	0.00e+00	0.00e+00	0.00e+00
 1.47936e+16	8.39e-01	1.61e-01	3.52e-06	0.00e+00	0.00e+00	0.00e+00	0.00e+00	0.00e+00
 1.47964e+16	8.49e-01	1.51e-01	3.21e-06	0.00e+00	0.00e+00	0.00e+00	0.00e+00	0.00e+00
 1.47991e+16	8.58e-01	1.42e-01	2.92e-06	0.00e+00	0.00e+00	0.00e+00	0.00e+00	0.00e+00
 1.48019e+16	8.67e-01	1.33e-01	2.66e-06	0.00e+00	0.00e+00	0.00e+00	0.00e+00	0.00e+00
 1.48047e+16	8.75e-01	1.25e-01	2.42e-06	0.00e+00	0.00e+00	0.00e+00	0.00e+00	0.00e+00
 1.48076e+16	8.82e-01	1.18e-01	2.22e-06	0.00e+00	0.00e+00	0.00e+00	0.00e+00	0.00e+00
 1.48105e+16	8.90e-01	1.10e-01	2.03e-06	0.00e+00	0.00e+00	0.00e+00	0.00e+00	0.00e+00
 1.48134e+16	8.96e-01	1.04e-01	1.86e-06	0.00e+00	0.00e+00	0.00e+00	0.00e+00	0.00e+00
 1.48165e+16	9.02e-01	9.76e-02	1.70e-06	0.00e+00	0.00e+00	0.00e+00	0.00e+00	0.00e+00
 1.48196e+16	9.08e-01	9.18e-02	1.57e-06	0.00e+00	0.00e+00	0.00e+00	0.00e+00	0.00e+00
 1.48228e+16	9.14e-01	8.65e-02	1.44e-06	0.00e+00	0.00e+00	0.00e+00	0.00e+00	0.00e+00
 1.48261e+16	9.18e-01	8.16e-02	1.33e-06	0.00e+00	0.00e+00	0.00e+00	0.00e+00	0.00e+00
 1.48295e+16	9.23e-01	7.69e-02	1.23e-06	0.00e+00	0.00e+00	0.00e+00	0.00e+00	0.00e+00
 1.48331e+16	9.27e-01	7.25e-02	1.13e-06	0.00e+00	0.00e+00	0.00e+00	0.00e+00	0.00e+00
 1.48369e+16	9.32e-01	6.84e-02	1.04e-06	0.00e+00	0.00e+00	0.00e+00	0.00e+00	0.00e+00
 1.48408e+16	9.36e-01	6.45e-02	9.65e-07	0.00e+00	0.00e+00	0.00e+00	0.00e+00	0.00e+00
 1.48451e+16	9.39e-01	6.08e-02	8.92e-07	0.00e+00	0.00e+00	0.00e+00	0.00e+00	0.00e+00
