#depth	C	C+	C+2	C+3	C+4	C+5	C+6	C[1]	C[2]	C[3]	C+[1]	C+[2]	CO
 1.49634e+10	0.00e+00	0.00e+00	2.32e-32	9.34e-21	2.47e-08	5.92e-03	9.94e-01	0.00e+00	0.00e+00	0.00e+00	0.00e+00	0.00e+00	0.00e+00
 4.54887e+10	0.00e+00	1.96e-44	3.17e-32	1.18e-20	2.89e-08	6.40e-03	9.94e-01	0.00e+00	0.00e+00	0.00e+00	0.00e+00	0.00e+00	0.00e+00
 7.72350e+10	0.00e+00	0.00e+00	4.35e-32	1.50e-20	3.39e-08	6.92e-03	9.93e-01	0.00e+00	0.00e+00	0.00e+00	0.00e+00	0.00e+00	0.00e+00
 1.10251e+11	0.00e+00	4.32e-44	5.97e-32	1.90e-20	3.97e-08	7.48e-03	9.93e-01	0.00e+00	0.00e+00	0.00e+00	0.00e+00	0.00e+00	0.00e+00
 1.44588e+11	0.00e+00	0.00e+00	8.19e-32	2.41e-20	4.66e-08	8.09e-03	9.92e-01	0.00e+00	0.00e+00	0.00e+00	0.00e+00	0.00e+00	0.00e+00
 1.80298e+11	0.00e+00	9.52e-44	1.12e-31	3.06e-20	5.47e-08	8.75e-03	9.91e-01	0.00e+00	0.00e+00	0.00e+00	0.00e+00	0.00e+00	0.00e+00
 2.17437e+11	0.00e+00	0.00e+00	1.54e-31	3.88e-20	6.41e-08	9.45e-03	9.91e-01	0.00e+00	0.00e+00	0.00e+00	0.00e+00	0.00e+00	0.00e+00
 2.56061e+11	0.00e+00	2.10e-43	2.12e-31	4.92e-20	7.52e-08	1.02e-02	9.90e-01	0.00e+00	0.00e+00	0.00e+00	0.00e+00	0.00e+00	0.00e+00
 2.96231e+11	0.00e+00	0.00e+00	2.90e-31	6.25e-20	8.82e-08	1.10e-02	9.89e-01	0.00e+00	0.00e+00	0.00e+00	0.00e+00	0.00e+00	0.00e+00
 3.38007e+11	0.00e+00	4.62e-43	3.99e-31	7.93e-20	1.04e-07	1.19e-02	9.88e-01	0.00e+00	0.00e+00	0.00e+00	0.00e+00	0.00e+00	0.00e+00
 3.81454e+11	0.00e+00	0.00e+00	5.47e-31	1.01e-19	1.21e-07	1.29e-02	9.87e-01	0.00e+00	0.00e+00	0.00e+00	0.00e+00	0.00e+00	0.00e+00
 4.26639e+11	0.00e+00	1.02e-42	7.51e-31	1.28e-19	1.43e-07	1.39e-02	9.86e-01	0.00e+00	0.00e+00	0.00e+00	0.00e+00	0.00e+00	0.00e+00
 4.73631e+11	0.00e+00	0.00e+00	1.03e-30	1.62e-19	1.67e-07	1.51e-02	9.85e-01	0.00e+00	0.00e+00	0.00e+00	0.00e+00	0.00e+00	0.00e+00
 5.22503e+11	0.00e+00	2.25e-42	1.42e-30	2.06e-19	1.96e-07	1.63e-02	9.84e-01	0.00e+00	0.00e+00	0.00e+00	0.00e+00	0.00e+00	0.00e+00
 5.73330e+11	0.00e+00	0.00e+00	1.95e-30	2.62e-19	2.31e-07	1.76e-02	9.82e-01	0.00e+00	0.00e+00	0.00e+00	0.00e+00	0.00e+00	0.00e+00
 6.26190e+11	0.00e+00	4.97e-42	2.68e-30	3.32e-19	2.71e-07	1.90e-02	9.81e-01	0.00e+00	0.00e+00	0.00e+00	0.00e+00	0.00e+00	0.00e+00
 6.81164e+11	0.00e+00	0.00e+00	3.68e-30	4.22e-19	3.18e-07	2.05e-02	9.79e-01	0.00e+00	0.00e+00	0.00e+00	0.00e+00	0.00e+00	0.00e+00
 7.33552e+11	0.00e+00	1.06e-41	4.92e-30	5.26e-19	3.69e-07	2.20e-02	9.78e-01	0.00e+00	0.00e+00	0.00e+00	0.00e+00	0.00e+00	0.00e+00
 7.81469e+11	0.00e+00	0.00e+00	6.37e-30	6.39e-19	4.21e-07	2.34e-02	9.77e-01	0.00e+00	0.00e+00	0.00e+00	0.00e+00	0.00e+00	0.00e+00
 8.35648e+11	0.00e+00	2.08e-41	8.46e-30	7.91e-19	4.86e-07	2.51e-02	9.75e-01	0.00e+00	0.00e+00	0.00e+00	0.00e+00	0.00e+00	0.00e+00
 8.98559e+11	0.00e+00	0.00e+00	1.16e-29	1.00e-18	5.70e-07	2.70e-02	9.73e-01	0.00e+00	0.00e+00	0.00e+00	0.00e+00	0.00e+00	0.00e+00
 9.59741e+11	0.00e+00	4.47e-41	1.56e-29	1.26e-18	6.63e-07	2.90e-02	9.71e-01	0.00e+00	0.00e+00	0.00e+00	0.00e+00	0.00e+00	0.00e+00
 1.01678e+12	0.00e+00	0.00e+00	2.04e-29	1.54e-18	7.59e-07	3.09e-02	9.69e-01	0.00e+00	0.00e+00	0.00e+00	0.00e+00	0.00e+00	0.00e+00
 1.08079e+12	0.00e+00	8.95e-41	2.72e-29	1.91e-18	8.79e-07	3.31e-02	9.67e-01	0.00e+00	0.00e+00	0.00e+00	0.00e+00	0.00e+00	0.00e+00
 1.15395e+12	0.00e+00	0.00e+00	3.75e-29	2.43e-18	1.03e-06	3.58e-02	9.64e-01	0.00e+00	0.00e+00	0.00e+00	0.00e+00	0.00e+00	0.00e+00
 1.22613e+12	0.00e+00	1.94e-40	5.07e-29	3.05e-18	1.21e-06	3.84e-02	9.62e-01	0.00e+00	0.00e+00	0.00e+00	0.00e+00	0.00e+00	0.00e+00
 1.30120e+12	0.00e+00	0.00e+00	6.87e-29	3.84e-18	1.41e-06	4.13e-02	9.59e-01	0.00e+00	0.00e+00	0.00e+00	0.00e+00	0.00e+00	0.00e+00
 1.38317e+12	0.00e+00	4.22e-40	9.46e-29	4.88e-18	1.66e-06	4.45e-02	9.56e-01	0.00e+00	0.00e+00	0.00e+00	0.00e+00	0.00e+00	0.00e+00
 1.46588e+12	0.00e+00	0.00e+00	1.29e-28	6.17e-18	1.94e-06	4.78e-02	9.52e-01	0.00e+00	0.00e+00	0.00e+00	0.00e+00	0.00e+00	0.00e+00
 1.55190e+12	0.00e+00	9.14e-40	1.76e-28	7.79e-18	2.27e-06	5.14e-02	9.49e-01	0.00e+00	0.00e+00	0.00e+00	0.00e+00	0.00e+00	0.00e+00
 1.64169e+12	0.00e+00	0.00e+00	2.40e-28	9.86e-18	2.66e-06	5.53e-02	9.45e-01	0.00e+00	0.00e+00	0.00e+00	0.00e+00	0.00e+00	0.00e+00
 1.73100e+12	0.00e+00	1.95e-39	3.24e-28	1.23e-17	3.09e-06	5.93e-02	9.41e-01	0.00e+00	0.00e+00	0.00e+00	0.00e+00	0.00e+00	0.00e+00
 1.82610e+12	0.00e+00	0.00e+00	4.39e-28	1.56e-17	3.61e-06	6.36e-02	9.36e-01	0.00e+00	0.00e+00	0.00e+00	0.00e+00	0.00e+00	0.00e+00
 1.92908e+12	0.00e+00	4.26e-39	6.04e-28	1.98e-17	4.25e-06	6.85e-02	9.32e-01	0.00e+00	0.00e+00	0.00e+00	0.00e+00	0.00e+00	0.00e+00
 2.03617e+12	0.00e+00	0.00e+00	8.31e-28	2.51e-17	4.99e-06	7.36e-02	9.26e-01	0.00e+00	0.00e+00	0.00e+00	0.00e+00	0.00e+00	0.00e+00
 2.14754e+12	0.00e+00	9.42e-39	1.14e-27	3.20e-17	5.86e-06	7.92e-02	9.21e-01	0.00e+00	0.00e+00	0.00e+00	0.00e+00	0.00e+00	0.00e+00
 2.25951e+12	0.00e+00	0.00e+00	1.55e-27	4.03e-17	6.85e-06	8.49e-02	9.15e-01	0.00e+00	0.00e+00	0.00e+00	0.00e+00	0.00e+00	0.00e+00
 2.37596e+12	0.00e+00	2.03e-38	2.11e-27	5.08e-17	8.00e-06	9.10e-02	9.09e-01	0.00e+00	0.00e+00	0.00e+00	0.00e+00	0.00e+00	0.00e+00
 2.50093e+12	0.00e+00	0.00e+00	2.90e-27	6.44e-17	9.39e-06	9.77e-02	9.02e-01	0.00e+00	0.00e+00	0.00e+00	0.00e+00	0.00e+00	0.00e+00
 2.63089e+12	0.00e+00	4.47e-38	3.98e-27	8.18e-17	1.10e-05	1.05e-01	8.95e-01	0.00e+00	0.00e+00	0.00e+00	0.00e+00	0.00e+00	0.00e+00
 2.76606e+12	0.00e+00	0.00e+00	5.46e-27	1.04e-16	1.29e-05	1.12e-01	8.88e-01	0.00e+00	0.00e+00	0.00e+00	0.00e+00	0.00e+00	0.00e+00
 2.90662e+12	0.00e+00	9.84e-38	7.49e-27	1.31e-16	1.51e-05	1.21e-01	8.79e-01	0.00e+00	0.00e+00	0.00e+00	0.00e+00	0.00e+00	0.00e+00
 3.05282e+12	0.00e+00	0.00e+00	1.03e-26	1.66e-16	1.77e-05	1.29e-01	8.71e-01	0.00e+00	0.00e+00	0.00e+00	0.00e+00	0.00e+00	0.00e+00
 3.20486e+12	0.00e+00	2.16e-37	1.40e-26	2.10e-16	2.07e-05	1.38e-01	8.62e-01	0.00e+00	0.00e+00	0.00e+00	0.00e+00	0.00e+00	0.00e+00
 3.36298e+12	0.00e+00	0.00e+00	1.92e-26	2.66e-16	2.42e-05	1.48e-01	8.52e-01	0.00e+00	0.00e+00	0.00e+00	0.00e+00	0.00e+00	0.00e+00
 3.52742e+12	0.00e+00	4.72e-37	2.62e-26	3.36e-16	2.82e-05	1.58e-01	8.42e-01	0.00e+00	0.00e+00	0.00e+00	0.00e+00	0.00e+00	0.00e+00
 3.69845e+12	0.00e+00	0.00e+00	3.58e-26	4.24e-16	3.29e-05	1.69e-01	8.31e-01	0.00e+00	0.00e+00	0.00e+00	0.00e+00	0.00e+00	0.00e+00
 3.87631e+12	0.00e+00	1.03e-36	4.88e-26	5.34e-16	3.84e-05	1.80e-01	8.20e-01	0.00e+00	0.00e+00	0.00e+00	0.00e+00	0.00e+00	0.00e+00
 4.06129e+12	0.00e+00	0.00e+00	6.64e-26	6.72e-16	4.47e-05	1.92e-01	8.08e-01	0.00e+00	0.00e+00	0.00e+00	0.00e+00	0.00e+00	0.00e+00
 4.25367e+12	0.00e+00	2.23e-36	9.04e-26	8.46e-16	5.19e-05	2.04e-01	7.95e-01	0.00e+00	0.00e+00	0.00e+00	0.00e+00	0.00e+00	0.00e+00
 4.45374e+12	9.86e-48	3.27e-36	1.23e-25	1.06e-15	6.03e-05	2.18e-01	7.82e-01	0.00e+00	0.00e+00	0.00e+00	0.00e+00	0.00e+00	0.00e+00
 4.66182e+12	0.00e+00	0.00e+00	1.67e-25	1.33e-15	6.99e-05	2.31e-01	7.69e-01	0.00e+00	0.00e+00	0.00e+00	0.00e+00	0.00e+00	0.00e+00
 4.85554e+12	0.00e+00	6.78e-36	2.19e-25	1.63e-15	7.97e-05	2.44e-01	7.56e-01	0.00e+00	0.00e+00	0.00e+00	0.00e+00	0.00e+00	0.00e+00
 5.02552e+12	3.36e-47	9.06e-36	2.76e-25	1.93e-15	8.90e-05	2.55e-01	7.45e-01	0.00e+00	0.00e+00	0.00e+00	0.00e+00	0.00e+00	0.00e+00
 5.21488e+12	0.00e+00	0.00e+00	3.53e-25	2.32e-15	1.00e-04	2.68e-01	7.32e-01	0.00e+00	0.00e+00	0.00e+00	0.00e+00	0.00e+00	0.00e+00
 5.44332e+12	0.00e+00	1.78e-35	4.71e-25	2.87e-15	1.15e-04	2.83e-01	7.17e-01	0.00e+00	0.00e+00	0.00e+00	0.00e+00	0.00e+00	0.00e+00
 5.67344e+12	1.16e-46	2.53e-35	6.23e-25	3.53e-15	1.31e-04	2.98e-01	7.02e-01	0.00e+00	0.00e+00	0.00e+00	0.00e+00	0.00e+00	0.00e+00
 5.88390e+12	0.00e+00	0.00e+00	7.96e-25	4.22e-15	1.47e-04	3.12e-01	6.88e-01	0.00e+00	0.00e+00	0.00e+00	0.00e+00	0.00e+00	0.00e+00
 6.11790e+12	0.00e+00	4.81e-35	1.03e-24	5.12e-15	1.66e-04	3.27e-01	6.73e-01	0.00e+00	0.00e+00	0.00e+00	0.00e+00	0.00e+00	0.00e+00
 6.39013e+12	3.96e-46	6.97e-35	1.39e-24	6.34e-15	1.91e-04	3.44e-01	6.56e-01	0.00e+00	0.00e+00	0.00e+00	0.00e+00	0.00e+00	0.00e+00
 6.65681e+12	0.00e+00	0.00e+00	1.82e-24	7.75e-15	2.16e-04	3.61e-01	6.39e-01	0.00e+00	0.00e+00	0.00e+00	0.00e+00	0.00e+00	2.79e-267
 6.90778e+12	0.00e+00	1.35e-34	2.34e-24	9.29e-15	2.42e-04	3.77e-01	6.23e-01	0.00e+00	0.00e+00	0.00e+00	0.00e+00	0.00e+00	1.63e-237
 7.18764e+12	1.33e-45	1.90e-34	3.05e-24	1.13e-14	2.74e-04	3.94e-01	6.06e-01	0.00e+00	0.00e+00	0.00e+00	0.00e+00	0.00e+00	1.35e-305
 7.50507e+12	0.00e+00	0.00e+00	4.07e-24	1.39e-14	3.12e-04	4.13e-01	5.87e-01	0.00e+00	0.00e+00	0.00e+00	0.00e+00	0.00e+00	2.28e-206
 7.82200e+12	0.00e+00	3.90e-34	5.37e-24	1.70e-14	3.53e-04	4.31e-01	5.69e-01	0.00e+00	0.00e+00	0.00e+00	0.00e+00	0.00e+00	0.00e+00
 8.15162e+12	4.91e-45	5.54e-34	7.06e-24	2.07e-14	3.99e-04	4.50e-01	5.50e-01	0.00e+00	0.00e+00	0.00e+00	0.00e+00	0.00e+00	0.00e+00
 8.50761e+12	0.00e+00	0.00e+00	9.39e-24	2.54e-14	4.53e-04	4.69e-01	5.30e-01	0.00e+00	0.00e+00	0.00e+00	0.00e+00	0.00e+00	2.41e-262
 8.87784e+12	0.00e+00	1.14e-33	1.25e-23	3.12e-14	5.13e-04	4.89e-01	5.10e-01	0.00e+00	0.00e+00	0.00e+00	0.00e+00	0.00e+00	1.46e-234
 9.26288e+12	1.84e-44	1.64e-33	1.65e-23	3.82e-14	5.80e-04	5.09e-01	4.91e-01	0.00e+00	0.00e+00	0.00e+00	0.00e+00	0.00e+00	7.24e-303
 9.66332e+12	0.00e+00	0.00e+00	2.18e-23	4.66e-14	6.54e-04	5.29e-01	4.71e-01	0.00e+00	0.00e+00	0.00e+00	0.00e+00	0.00e+00	5.01e-205
 1.00798e+13	0.00e+00	3.36e-33	2.88e-23	5.68e-14	7.37e-04	5.48e-01	4.51e-01	0.00e+00	0.00e+00	0.00e+00	0.00e+00	0.00e+00	4.15e-233
 1.05129e+13	6.84e-44	4.80e-33	3.80e-23	6.92e-14	8.29e-04	5.68e-01	4.31e-01	0.00e+00	0.00e+00	0.00e+00	0.00e+00	0.00e+00	3.09e-302
 1.09633e+13	0.00e+00	0.00e+00	5.00e-23	8.41e-14	9.31e-04	5.87e-01	4.12e-01	0.00e+00	0.00e+00	0.00e+00	0.00e+00	0.00e+00	0.00e+00
 1.14318e+13	0.00e+00	9.73e-33	6.58e-23	1.02e-13	1.04e-03	6.06e-01	3.93e-01	0.00e+00	0.00e+00	0.00e+00	0.00e+00	0.00e+00	0.00e+00
 1.19190e+13	2.51e-43	1.38e-32	8.64e-23	1.24e-13	1.17e-03	6.25e-01	3.74e-01	0.00e+00	0.00e+00	0.00e+00	0.00e+00	0.00e+00	0.00e+00
 1.24257e+13	0.00e+00	1.97e-32	1.13e-22	1.50e-13	1.30e-03	6.43e-01	3.56e-01	0.00e+00	0.00e+00	0.00e+00	0.00e+00	0.00e+00	5.35e-160
 1.29526e+13	5.92e-43	2.79e-32	1.48e-22	1.81e-13	1.46e-03	6.61e-01	3.37e-01	0.00e+00	0.00e+00	0.00e+00	0.00e+00	0.00e+00	1.40e-227
 1.34675e+13	0.00e+00	3.87e-32	1.91e-22	2.16e-13	1.61e-03	6.78e-01	3.21e-01	0.00e+00	0.00e+00	0.00e+00	0.00e+00	0.00e+00	2.65e-295
 1.39422e+13	1.27e-42	5.18e-32	2.39e-22	2.53e-13	1.76e-03	6.92e-01	3.06e-01	0.00e+00	0.00e+00	0.00e+00	0.00e+00	0.00e+00	2.25e-137
 1.44677e+13	0.00e+00	7.07e-32	3.04e-22	2.99e-13	1.94e-03	7.07e-01	2.91e-01	0.00e+00	0.00e+00	0.00e+00	0.00e+00	0.00e+00	1.46e-205
 1.50749e+13	2.85e-42	9.99e-32	3.96e-22	3.60e-13	2.15e-03	7.23e-01	2.75e-01	0.00e+00	0.00e+00	0.00e+00	0.00e+00	0.00e+00	7.41e-274
 1.56722e+13	0.00e+00	1.38e-31	5.09e-22	4.28e-13	2.37e-03	7.38e-01	2.60e-01	0.00e+00	0.00e+00	0.00e+00	0.00e+00	0.00e+00	7.12e-157
 1.62935e+13	6.37e-42	1.92e-31	6.53e-22	5.09e-13	2.61e-03	7.52e-01	2.46e-01	0.00e+00	0.00e+00	0.00e+00	0.00e+00	0.00e+00	9.64e-226
 1.69751e+13	0.00e+00	2.71e-31	8.50e-22	6.10e-13	2.89e-03	7.66e-01	2.31e-01	0.00e+00	0.00e+00	0.00e+00	0.00e+00	0.00e+00	1.15e-294
 1.76648e+13	1.47e-41	3.78e-31	1.10e-21	7.28e-13	3.19e-03	7.80e-01	2.17e-01	0.00e+00	0.00e+00	0.00e+00	0.00e+00	0.00e+00	1.60e-134
 1.83822e+13	0.00e+00	5.28e-31	1.42e-21	8.68e-13	3.51e-03	7.92e-01	2.04e-01	0.00e+00	0.00e+00	0.00e+00	0.00e+00	0.00e+00	3.35e-204
 1.91474e+13	3.41e-41	7.45e-31	1.84e-21	1.04e-12	3.87e-03	8.05e-01	1.91e-01	0.00e+00	0.00e+00	0.00e+00	0.00e+00	0.00e+00	1.52e-133
 1.99432e+13	0.00e+00	1.05e-30	2.39e-21	1.24e-12	4.27e-03	8.17e-01	1.79e-01	0.00e+00	0.00e+00	0.00e+00	0.00e+00	0.00e+00	5.24e-204
 2.07709e+13	7.96e-41	1.48e-30	3.11e-21	1.49e-12	4.70e-03	8.28e-01	1.67e-01	0.00e+00	0.00e+00	0.00e+00	0.00e+00	0.00e+00	1.50e-132
 2.16316e+13	0.00e+00	2.08e-30	4.03e-21	1.78e-12	5.17e-03	8.39e-01	1.56e-01	0.00e+00	0.00e+00	0.00e+00	0.00e+00	0.00e+00	0.00e+00
 2.25268e+13	1.86e-40	2.94e-30	5.24e-21	2.12e-12	5.68e-03	8.49e-01	1.45e-01	0.00e+00	0.00e+00	0.00e+00	0.00e+00	0.00e+00	1.49e-131
 2.34578e+13	0.00e+00	4.14e-30	6.80e-21	2.53e-12	6.25e-03	8.58e-01	1.35e-01	0.00e+00	0.00e+00	0.00e+00	0.00e+00	0.00e+00	0.00e+00
 2.44260e+13	4.37e-40	5.83e-30	8.82e-21	3.02e-12	6.86e-03	8.67e-01	1.26e-01	0.00e+00	0.00e+00	0.00e+00	0.00e+00	0.00e+00	1.48e-130
 2.53364e+13	0.00e+00	7.96e-30	1.12e-20	3.55e-12	7.46e-03	8.75e-01	1.18e-01	0.00e+00	0.00e+00	0.00e+00	0.00e+00	0.00e+00	0.00e+00
 2.61503e+13	8.97e-40	1.04e-29	1.37e-20	4.07e-12	8.03e-03	8.81e-01	1.11e-01	0.00e+00	0.00e+00	0.00e+00	0.00e+00	0.00e+00	1.04e-129
 2.70638e+13	0.00e+00	1.40e-29	1.71e-20	4.74e-12	8.69e-03	8.87e-01	1.04e-01	0.00e+00	0.00e+00	0.00e+00	0.00e+00	0.00e+00	0.00e+00
 2.81466e+13	1.96e-39	1.96e-29	2.21e-20	5.63e-12	9.50e-03	8.94e-01	9.68e-02	0.00e+00	0.00e+00	0.00e+00	0.00e+00	0.00e+00	8.58e-129
 2.92309e+13	0.00e+00	2.71e-29	2.83e-20	6.65e-12	1.04e-02	9.00e-01	9.00e-02	0.00e+00	0.00e+00	0.00e+00	0.00e+00	0.00e+00	0.00e+00
 3.02488e+13	4.24e-39	3.63e-29	3.53e-20	7.72e-12	1.12e-02	9.05e-01	8.43e-02	0.00e+00	0.00e+00	0.00e+00	0.00e+00	0.00e+00	6.86e-128
 3.13791e+13	0.00e+00	5.00e-29	4.50e-20	9.08e-12	1.22e-02	9.09e-01	7.84e-02	0.00e+00	0.00e+00	0.00e+00	0.00e+00	0.00e+00	0.00e+00
 3.26642e+13	9.70e-39	7.07e-29	5.85e-20	1.08e-11	1.33e-02	9.14e-01	7.24e-02	0.00e+00	0.00e+00	0.00e+00	0.00e+00	0.00e+00	6.41e-127
 3.39450e+13	0.00e+00	9.89e-29	7.54e-20	1.28e-11	1.45e-02	9.18e-01	6.70e-02	0.00e+00	0.00e+00	0.00e+00	0.00e+00	0.00e+00	0.00e+00
 3.52771e+13	2.24e-38	1.39e-28	9.74e-20	1.52e-11	1.59e-02	9.22e-01	6.19e-02	0.00e+00	0.00e+00	0.00e+00	0.00e+00	0.00e+00	6.10e-126
 3.67181e+13	0.00e+00	1.97e-28	1.27e-19	1.82e-11	1.74e-02	9.26e-01	5.70e-02	0.00e+00	0.00e+00	0.00e+00	0.00e+00	0.00e+00	0.00e+00
 3.82167e+13	5.37e-38	2.80e-28	1.66e-19	2.18e-11	1.90e-02	9.29e-01	5.25e-02	0.00e+00	0.00e+00	0.00e+00	0.00e+00	0.00e+00	6.44e-125
 3.96222e+13	0.00e+00	3.85e-28	2.11e-19	2.56e-11	2.06e-02	9.31e-01	4.86e-02	0.00e+00	0.00e+00	0.00e+00	0.00e+00	0.00e+00	0.00e+00
 4.08719e+13	1.13e-37	5.08e-28	2.60e-19	2.94e-11	2.21e-02	9.32e-01	4.55e-02	0.00e+00	0.00e+00	0.00e+00	0.00e+00	0.00e+00	4.72e-124
 4.22709e+13	0.00e+00	6.85e-28	3.27e-19	3.42e-11	2.39e-02	9.34e-01	4.23e-02	0.00e+00	0.00e+00	0.00e+00	0.00e+00	0.00e+00	0.00e+00
 4.39378e+13	2.51e-37	9.68e-28	4.25e-19	4.08e-11	2.61e-02	9.35e-01	3.89e-02	0.00e+00	0.00e+00	0.00e+00	0.00e+00	0.00e+00	4.07e-123
 4.56084e+13	0.00e+00	1.35e-27	5.48e-19	4.83e-11	2.84e-02	9.36e-01	3.58e-02	0.00e+00	0.00e+00	0.00e+00	0.00e+00	0.00e+00	0.00e+00
 4.71607e+13	5.55e-37	1.83e-27	6.88e-19	5.62e-11	3.06e-02	9.36e-01	3.32e-02	0.00e+00	0.00e+00	0.00e+00	0.00e+00	0.00e+00	3.40e-122
 4.88920e+13	0.00e+00	2.53e-27	8.81e-19	6.63e-11	3.32e-02	9.36e-01	3.06e-02	0.00e+00	0.00e+00	0.00e+00	0.00e+00	0.00e+00	0.00e+00
 5.08776e+13	1.30e-36	3.64e-27	1.16e-18	7.96e-11	3.64e-02	9.36e-01	2.80e-02	0.00e+00	0.00e+00	0.00e+00	0.00e+00	0.00e+00	3.35e-121
 5.28210e+13	0.00e+00	5.12e-27	1.50e-18	9.46e-11	3.96e-02	9.35e-01	2.57e-02	0.00e+00	0.00e+00	0.00e+00	0.00e+00	0.00e+00	0.00e+00
 5.46792e+13	2.95e-36	7.02e-27	1.91e-18	1.11e-10	4.28e-02	9.33e-01	2.37e-02	0.00e+00	0.00e+00	0.00e+00	0.00e+00	0.00e+00	2.96e-120
 5.67332e+13	0.00e+00	9.84e-27	2.47e-18	1.32e-10	4.66e-02	9.32e-01	2.17e-02	0.00e+00	0.00e+00	0.00e+00	0.00e+00	0.00e+00	0.00e+00
 5.90325e+13	7.07e-36	1.42e-26	3.26e-18	1.58e-10	5.10e-02	9.29e-01	1.97e-02	0.00e+00	0.00e+00	0.00e+00	0.00e+00	0.00e+00	3.03e-119
 6.13425e+13	0.00e+00	2.02e-26	4.27e-18	1.89e-10	5.56e-02	9.26e-01	1.80e-02	0.00e+00	0.00e+00	0.00e+00	0.00e+00	0.00e+00	0.00e+00
 6.37449e+13	1.70e-35	2.88e-26	5.60e-18	2.27e-10	6.07e-02	9.23e-01	1.64e-02	0.00e+00	0.00e+00	0.00e+00	0.00e+00	0.00e+00	3.14e-118
 6.62627e+13	0.00e+00	4.12e-26	7.36e-18	2.72e-10	6.63e-02	9.19e-01	1.49e-02	0.00e+00	0.00e+00	0.00e+00	0.00e+00	0.00e+00	0.00e+00
 6.88812e+13	4.13e-35	5.89e-26	9.68e-18	3.26e-10	7.23e-02	9.14e-01	1.35e-02	0.00e+00	0.00e+00	0.00e+00	0.00e+00	0.00e+00	3.33e-117
 7.16664e+13	0.00e+00	8.50e-26	1.28e-17	3.93e-10	7.91e-02	9.09e-01	1.22e-02	0.00e+00	0.00e+00	0.00e+00	0.00e+00	0.00e+00	0.00e+00
 7.45630e+13	1.03e-34	1.23e-25	1.70e-17	4.74e-10	8.65e-02	9.02e-01	1.10e-02	0.00e+00	0.00e+00	0.00e+00	0.00e+00	0.00e+00	3.70e-116
 7.75754e+13	0.00e+00	1.77e-25	2.25e-17	5.71e-10	9.45e-02	8.96e-01	9.94e-03	0.00e+00	0.00e+00	0.00e+00	0.00e+00	0.00e+00	0.00e+00
 8.07084e+13	2.53e-34	2.55e-25	2.98e-17	6.88e-10	1.03e-01	8.88e-01	8.95e-03	0.00e+00	0.00e+00	0.00e+00	0.00e+00	0.00e+00	4.07e-115
 8.35385e+13	0.00e+00	3.50e-25	3.80e-17	8.10e-10	1.11e-01	8.80e-01	8.16e-03	0.00e+00	0.00e+00	0.00e+00	0.00e+00	0.00e+00	1.00e-98
 8.58922e+13	5.13e-34	4.52e-25	4.63e-17	9.23e-10	1.18e-01	8.74e-01	7.57e-03	0.00e+00	0.00e+00	0.00e+00	0.00e+00	0.00e+00	0.00e+00
 8.84699e+13	0.00e+00	5.92e-25	5.70e-17	1.06e-09	1.26e-01	8.67e-01	6.99e-03	0.00e+00	0.00e+00	0.00e+00	0.00e+00	0.00e+00	1.30e-132
 9.17404e+13	1.08e-33	8.23e-25	7.36e-17	1.26e-09	1.37e-01	8.57e-01	6.32e-03	0.00e+00	0.00e+00	0.00e+00	0.00e+00	0.00e+00	2.16e-96
 9.51565e+13	0.00e+00	1.15e-24	9.50e-17	1.49e-09	1.48e-01	8.47e-01	5.71e-03	0.00e+00	0.00e+00	0.00e+00	0.00e+00	0.00e+00	0.00e+00
 9.80479e+13	2.25e-33	1.50e-24	1.17e-16	1.71e-09	1.57e-01	8.38e-01	5.25e-03	0.00e+00	0.00e+00	0.00e+00	0.00e+00	0.00e+00	1.36e-112
 1.01012e+14	0.00e+00	1.96e-24	1.44e-16	1.96e-09	1.67e-01	8.28e-01	4.83e-03	0.00e+00	0.00e+00	0.00e+00	0.00e+00	0.00e+00	1.13e-96
 1.04757e+14	4.65e-33	2.70e-24	1.85e-16	2.32e-09	1.80e-01	8.15e-01	4.35e-03	0.00e+00	0.00e+00	0.00e+00	0.00e+00	0.00e+00	0.00e+00
 1.08576e+14	0.00e+00	3.70e-24	2.36e-16	2.73e-09	1.94e-01	8.02e-01	3.92e-03	0.00e+00	0.00e+00	0.00e+00	0.00e+00	0.00e+00	9.73e-130
 1.11865e+14	9.43e-33	4.80e-24	2.89e-16	3.12e-09	2.05e-01	7.91e-01	3.59e-03	0.00e+00	0.00e+00	0.00e+00	0.00e+00	0.00e+00	2.65e-94
 1.15400e+14	1.31e-32	6.28e-24	3.56e-16	3.58e-09	2.18e-01	7.78e-01	3.28e-03	0.00e+00	0.00e+00	0.00e+00	0.00e+00	0.00e+00	0.00e+00
 1.19760e+14	1.94e-32	8.62e-24	4.56e-16	4.21e-09	2.34e-01	7.63e-01	2.93e-03	0.00e+00	0.00e+00	0.00e+00	0.00e+00	0.00e+00	4.41e-110
 1.24237e+14	2.84e-32	1.18e-23	5.80e-16	4.94e-09	2.51e-01	7.47e-01	2.63e-03	0.00e+00	0.00e+00	0.00e+00	0.00e+00	0.00e+00	3.07e-93
 1.28306e+14	3.96e-32	1.54e-23	7.15e-16	5.67e-09	2.66e-01	7.32e-01	2.38e-03	0.00e+00	0.00e+00	0.00e+00	0.00e+00	0.00e+00	0.00e+00
 1.32806e+14	5.63e-32	2.05e-23	8.93e-16	6.57e-09	2.82e-01	7.15e-01	2.14e-03	0.00e+00	0.00e+00	0.00e+00	0.00e+00	0.00e+00	8.06e-109
 1.38072e+14	8.32e-32	2.81e-23	1.14e-15	7.72e-09	3.02e-01	6.96e-01	1.90e-03	0.00e+00	0.00e+00	0.00e+00	0.00e+00	0.00e+00	3.41e-92
 1.43298e+14	1.20e-31	3.80e-23	1.44e-15	8.99e-09	3.21e-01	6.77e-01	1.69e-03	0.00e+00	0.00e+00	0.00e+00	0.00e+00	0.00e+00	0.00e+00
 1.48261e+14	1.68e-31	4.99e-23	1.78e-15	1.03e-08	3.39e-01	6.59e-01	1.52e-03	0.00e+00	0.00e+00	0.00e+00	0.00e+00	0.00e+00	1.67e-107
 1.53749e+14	2.40e-31	6.64e-23	2.22e-15	1.19e-08	3.59e-01	6.40e-01	1.35e-03	0.00e+00	0.00e+00	0.00e+00	0.00e+00	0.00e+00	3.75e-91
 1.59929e+14	3.51e-31	9.03e-23	2.82e-15	1.39e-08	3.81e-01	6.18e-01	1.19e-03	0.00e+00	0.00e+00	0.00e+00	0.00e+00	0.00e+00	0.00e+00
 1.66106e+14	5.03e-31	1.21e-22	3.53e-15	1.61e-08	4.02e-01	5.97e-01	1.05e-03	0.00e+00	0.00e+00	0.00e+00	0.00e+00	0.00e+00	3.63e-106
 1.71583e+14	6.83e-31	1.55e-22	4.27e-15	1.82e-08	4.20e-01	5.79e-01	9.46e-04	0.00e+00	0.00e+00	0.00e+00	0.00e+00	0.00e+00	4.12e-90
 1.76411e+14	8.85e-31	1.91e-22	5.02e-15	2.02e-08	4.36e-01	5.63e-01	8.63e-04	0.00e+00	0.00e+00	0.00e+00	0.00e+00	0.00e+00	0.00e+00
 1.81884e+14	1.17e-30	2.40e-22	5.98e-15	2.26e-08	4.54e-01	5.45e-01	7.79e-04	0.00e+00	0.00e+00	0.00e+00	0.00e+00	0.00e+00	4.08e-105
 1.87979e+14	1.59e-30	3.06e-22	7.21e-15	2.54e-08	4.73e-01	5.26e-01	6.96e-04	0.00e+00	0.00e+00	0.00e+00	0.00e+00	0.00e+00	2.94e-89
 1.93707e+14	2.09e-30	3.81e-22	8.54e-15	2.83e-08	4.90e-01	5.09e-01	6.29e-04	0.00e+00	0.00e+00	0.00e+00	0.00e+00	0.00e+00	2.16e-104
 1.99978e+14	2.79e-30	4.80e-22	1.02e-14	3.16e-08	5.09e-01	4.91e-01	5.63e-04	0.00e+00	0.00e+00	0.00e+00	0.00e+00	0.00e+00	1.10e-88
 2.06988e+14	3.79e-30	6.14e-22	1.23e-14	3.55e-08	5.28e-01	4.71e-01	5.00e-04	0.00e+00	0.00e+00	0.00e+00	0.00e+00	0.00e+00	1.23e-103
 2.13644e+14	5.03e-30	7.70e-22	1.46e-14	3.96e-08	5.47e-01	4.53e-01	4.47e-04	0.00e+00	0.00e+00	0.00e+00	0.00e+00	0.00e+00	4.44e-88
 2.20981e+14	6.77e-30	9.77e-22	1.75e-14	4.43e-08	5.66e-01	4.34e-01	3.96e-04	0.00e+00	0.00e+00	0.00e+00	0.00e+00	0.00e+00	6.75e-103
 2.29154e+14	9.29e-30	1.26e-21	2.12e-14	5.00e-08	5.86e-01	4.14e-01	3.48e-04	0.00e+00	0.00e+00	0.00e+00	0.00e+00	0.00e+00	1.93e-87
 2.36858e+14	1.24e-29	1.58e-21	2.52e-14	5.56e-08	6.04e-01	3.96e-01	3.09e-04	0.00e+00	0.00e+00	0.00e+00	0.00e+00	0.00e+00	4.07e-102
 2.43994e+14	1.60e-29	1.94e-21	2.94e-14	6.11e-08	6.20e-01	3.80e-01	2.77e-04	0.00e+00	0.00e+00	0.00e+00	0.00e+00	0.00e+00	7.17e-87
 2.51946e+14	2.10e-29	2.41e-21	3.47e-14	6.75e-08	6.37e-01	3.63e-01	2.46e-04	0.00e+00	0.00e+00	0.00e+00	0.00e+00	0.00e+00	2.00e-101
 2.60864e+14	2.83e-29	3.05e-21	4.13e-14	7.51e-08	6.55e-01	3.45e-01	2.17e-04	0.00e+00	0.00e+00	0.00e+00	0.00e+00	0.00e+00	2.88e-86
 2.69298e+14	3.70e-29	3.78e-21	4.85e-14	8.27e-08	6.71e-01	3.29e-01	1.92e-04	0.00e+00	0.00e+00	0.00e+00	0.00e+00	0.00e+00	1.10e-100
 2.78520e+14	4.90e-29	4.73e-21	5.73e-14	9.15e-08	6.87e-01	3.13e-01	1.70e-04	0.00e+00	0.00e+00	0.00e+00	0.00e+00	0.00e+00	1.12e-85
 2.88717e+14	6.62e-29	5.99e-21	6.84e-14	1.02e-07	7.04e-01	2.96e-01	1.48e-04	0.00e+00	0.00e+00	0.00e+00	0.00e+00	0.00e+00	6.56e-100
 2.98177e+14	8.64e-29	7.40e-21	8.00e-14	1.12e-07	7.19e-01	2.81e-01	1.31e-04	0.00e+00	0.00e+00	0.00e+00	0.00e+00	0.00e+00	4.59e-85
 3.08470e+14	1.14e-28	9.23e-21	9.41e-14	1.23e-07	7.34e-01	2.66e-01	1.15e-04	0.00e+00	0.00e+00	0.00e+00	0.00e+00	0.00e+00	3.55e-99
 3.19985e+14	1.55e-28	1.17e-20	1.12e-13	1.36e-07	7.49e-01	2.51e-01	1.00e-04	0.00e+00	0.00e+00	0.00e+00	0.00e+00	0.00e+00	1.98e-84
 3.30866e+14	2.03e-28	1.45e-20	1.31e-13	1.49e-07	7.63e-01	2.37e-01	8.82e-05	0.00e+00	0.00e+00	0.00e+00	0.00e+00	0.00e+00	2.13e-98
 3.42786e+14	2.72e-28	1.82e-20	1.55e-13	1.64e-07	7.76e-01	2.24e-01	7.70e-05	0.00e+00	0.00e+00	0.00e+00	0.00e+00	0.00e+00	8.30e-84
 3.56079e+14	3.70e-28	2.31e-20	1.84e-13	1.81e-07	7.90e-01	2.10e-01	6.64e-05	0.00e+00	0.00e+00	0.00e+00	0.00e+00	0.00e+00	1.38e-97
 3.68632e+14	4.90e-28	2.88e-20	2.16e-13	1.99e-07	8.02e-01	1.97e-01	5.81e-05	0.00e+00	0.00e+00	0.00e+00	0.00e+00	0.00e+00	3.77e-83
 3.82136e+14	6.56e-28	3.61e-20	2.54e-13	2.18e-07	8.14e-01	1.86e-01	5.05e-05	0.00e+00	0.00e+00	0.00e+00	0.00e+00	0.00e+00	8.38e-97
 3.97451e+14	9.01e-28	4.62e-20	3.03e-13	2.41e-07	8.27e-01	1.73e-01	4.34e-05	0.00e+00	0.00e+00	0.00e+00	0.00e+00	0.00e+00	1.83e-82
 4.12565e+14	1.22e-27	5.84e-20	3.58e-13	2.64e-07	8.38e-01	1.62e-01	3.76e-05	0.00e+00	0.00e+00	0.00e+00	0.00e+00	0.00e+00	5.95e-96
 4.28283e+14	1.65e-27	7.37e-20	4.23e-13	2.89e-07	8.48e-01	1.52e-01	3.25e-05	0.00e+00	0.00e+00	0.00e+00	0.00e+00	0.00e+00	8.87e-82
 4.45444e+14	2.26e-27	9.41e-20	5.02e-13	3.18e-07	8.59e-01	1.41e-01	2.79e-05	0.00e+00	0.00e+00	0.00e+00	0.00e+00	0.00e+00	4.25e-95
 4.63292e+14	3.10e-27	1.20e-19	5.96e-13	3.50e-07	8.68e-01	1.32e-01	2.39e-05	0.00e+00	0.00e+00	0.00e+00	0.00e+00	0.00e+00	4.71e-81
 4.81854e+14	4.26e-27	1.53e-19	7.06e-13	3.84e-07	8.77e-01	1.23e-01	2.05e-05	0.00e+00	0.00e+00	0.00e+00	0.00e+00	0.00e+00	3.20e-94
 5.01158e+14	5.84e-27	1.95e-19	8.36e-13	4.20e-07	8.86e-01	1.14e-01	1.76e-05	0.00e+00	0.00e+00	0.00e+00	0.00e+00	0.00e+00	2.53e-80
 5.19733e+14	7.83e-27	2.44e-19	9.77e-13	4.57e-07	8.93e-01	1.07e-01	1.53e-05	0.00e+00	0.00e+00	0.00e+00	0.00e+00	0.00e+00	2.25e-93
 5.36987e+14	1.02e-26	2.98e-19	1.12e-12	4.92e-07	8.99e-01	1.01e-01	1.35e-05	0.00e+00	0.00e+00	0.00e+00	0.00e+00	0.00e+00	1.12e-79
 5.53265e+14	1.30e-26	3.58e-19	1.27e-12	5.27e-07	9.05e-01	9.51e-02	1.20e-05	0.00e+00	0.00e+00	0.00e+00	0.00e+00	0.00e+00	1.13e-92
 5.71107e+14	1.67e-26	4.35e-19	1.46e-12	5.65e-07	9.10e-01	8.97e-02	1.06e-05	0.00e+00	0.00e+00	0.00e+00	0.00e+00	0.00e+00	4.24e-79
 5.91025e+14	2.21e-26	5.37e-19	1.68e-12	6.10e-07	9.16e-01	8.41e-02	9.26e-06	0.00e+00	0.00e+00	0.00e+00	0.00e+00	0.00e+00	6.25e-92
 6.09856e+14	2.84e-26	6.51e-19	1.92e-12	6.54e-07	9.21e-01	7.94e-02	8.19e-06	0.00e+00	0.00e+00	0.00e+00	0.00e+00	0.00e+00	1.77e-78
 6.30551e+14	3.72e-26	7.98e-19	2.20e-12	7.03e-07	9.25e-01	7.46e-02	7.19e-06	0.00e+00	0.00e+00	0.00e+00	0.00e+00	0.00e+00	3.36e-91
 6.53760e+14	4.99e-26	9.95e-19	2.56e-12	7.60e-07	9.30e-01	6.97e-02	6.25e-06	0.00e+00	0.00e+00	0.00e+00	0.00e+00	0.00e+00	8.09e-78
 6.75372e+14	6.48e-26	1.21e-18	2.93e-12	8.15e-07	9.34e-01	6.55e-02	5.51e-06	0.00e+00	0.00e+00	0.00e+00	0.00e+00	0.00e+00	2.00e-90
 6.95506e+14	8.22e-26	1.45e-18	3.31e-12	8.68e-07	9.38e-01	6.20e-02	4.91e-06	0.00e+00	0.00e+00	0.00e+00	0.00e+00	0.00e+00	3.15e-77
 7.18585e+14	1.07e-25	1.77e-18	3.79e-12	9.31e-07	9.42e-01	5.83e-02	4.32e-06	0.00e+00	0.00e+00	0.00e+00	0.00e+00	0.00e+00	1.01e-89
 7.46276e+14	1.45e-25	2.23e-18	4.42e-12	1.01e-06	9.46e-01	5.43e-02	3.73e-06	0.00e+00	0.00e+00	0.00e+00	0.00e+00	0.00e+00	1.48e-76
 7.73530e+14	1.94e-25	2.78e-18	5.13e-12	1.09e-06	9.49e-01	5.07e-02	3.25e-06	0.00e+00	0.00e+00	0.00e+00	0.00e+00	0.00e+00	6.88e-89
 7.97748e+14	2.49e-25	3.35e-18	5.81e-12	1.16e-06	9.52e-01	4.78e-02	2.88e-06	0.00e+00	0.00e+00	0.00e+00	0.00e+00	0.00e+00	6.46e-76
 8.24454e+14	3.26e-25	4.10e-18	6.65e-12	1.24e-06	9.55e-01	4.49e-02	2.53e-06	0.00e+00	0.00e+00	0.00e+00	0.00e+00	0.00e+00	3.63e-88
 8.56355e+14	4.43e-25	5.16e-18	7.76e-12	1.34e-06	9.58e-01	4.18e-02	2.18e-06	0.00e+00	0.00e+00	0.00e+00	0.00e+00	0.00e+00	3.10e-75
 8.88138e+14	5.94e-25	6.44e-18	9.01e-12	1.45e-06	9.61e-01	3.90e-02	1.89e-06	0.00e+00	0.00e+00	0.00e+00	0.00e+00	0.00e+00	2.54e-87
 9.17228e+14	7.72e-25	7.84e-18	1.03e-11	1.55e-06	9.63e-01	3.67e-02	1.67e-06	0.00e+00	0.00e+00	0.00e+00	0.00e+00	0.00e+00	1.42e-74
 9.49688e+14	1.02e-24	9.68e-18	1.18e-11	1.66e-06	9.66e-01	3.43e-02	1.46e-06	0.00e+00	0.00e+00	0.00e+00	0.00e+00	0.00e+00	1.47e-86
 9.87411e+14	1.40e-24	1.23e-17	1.38e-11	1.80e-06	9.68e-01	3.18e-02	1.25e-06	0.00e+00	0.00e+00	0.00e+00	0.00e+00	0.00e+00	7.28e-74
 1.02444e+15	1.89e-24	1.53e-17	1.61e-11	1.94e-06	9.70e-01	2.96e-02	1.08e-06	0.00e+00	0.00e+00	0.00e+00	0.00e+00	0.00e+00	1.06e-85
 1.05945e+15	2.47e-24	1.88e-17	1.84e-11	2.08e-06	9.72e-01	2.78e-02	9.51e-07	0.00e+00	0.00e+00	0.00e+00	0.00e+00	0.00e+00	3.47e-73
 1.09837e+15	3.31e-24	2.34e-17	2.13e-11	2.24e-06	9.74e-01	2.59e-02	0.00e+00	0.00e+00	0.00e+00	0.00e+00	0.00e+00	0.00e+00	6.59e-85
 1.14234e+15	4.55e-24	2.97e-17	2.49e-11	2.43e-06	9.76e-01	2.40e-02	0.00e+00	0.00e+00	0.00e+00	0.00e+00	0.00e+00	0.00e+00	1.84e-72
 1.18642e+15	6.17e-24	3.73e-17	2.91e-11	2.62e-06	9.78e-01	2.23e-02	0.00e+00	0.00e+00	0.00e+00	0.00e+00	0.00e+00	0.00e+00	4.25e-72
 1.23226e+15	8.37e-24	4.69e-17	3.39e-11	2.83e-06	9.79e-01	2.07e-02	0.00e+00	0.00e+00	0.00e+00	0.00e+00	1.63e-17	3.06e-17	9.84e-72
 1.28158e+15	1.15e-23	5.95e-17	3.97e-11	3.06e-06	9.81e-01	1.92e-02	0.00e+00	0.00e+00	0.00e+00	0.00e+00	1.98e-17	3.97e-17	2.34e-71
 1.33287e+15	1.57e-23	7.53e-17	4.65e-11	3.32e-06	9.82e-01	1.78e-02	0.00e+00	0.00e+00	0.00e+00	0.00e+00	2.50e-17	5.03e-17	5.57e-71
 1.38263e+15	2.11e-23	9.40e-17	5.38e-11	3.57e-06	9.83e-01	1.65e-02	0.00e+00	0.00e+00	0.00e+00	0.00e+00	3.12e-17	6.28e-17	1.25e-70
 1.42954e+15	2.76e-23	1.15e-16	6.16e-11	3.82e-06	9.85e-01	1.55e-02	0.00e+00	0.00e+00	0.00e+00	0.00e+00	3.82e-17	7.67e-17	2.60e-70
 1.47323e+15	3.52e-23	1.38e-16	6.95e-11	4.06e-06	9.85e-01	1.46e-02	0.00e+00	0.00e+00	0.00e+00	0.00e+00	4.58e-17	9.20e-17	5.05e-70
 1.51391e+15	4.37e-23	1.62e-16	7.76e-11	4.30e-06	9.86e-01	1.38e-02	0.00e+00	0.00e+00	0.00e+00	0.00e+00	5.39e-17	1.08e-16	9.18e-70
 1.56058e+15	5.58e-23	1.95e-16	8.77e-11	4.57e-06	9.87e-01	1.30e-02	0.00e+00	0.00e+00	0.00e+00	0.00e+00	6.47e-17	1.30e-16	1.79e-69
 1.61871e+15	7.47e-23	2.43e-16	1.02e-10	4.92e-06	9.88e-01	1.21e-02	0.00e+00	0.00e+00	0.00e+00	0.00e+00	8.07e-17	1.62e-16	3.98e-69
 1.67739e+15	9.93e-23	3.01e-16	1.17e-10	5.29e-06	9.89e-01	1.13e-02	0.00e+00	0.00e+00	0.00e+00	0.00e+00	9.99e-17	2.01e-16	8.67e-69
 1.72834e+15	1.26e-22	3.60e-16	1.32e-10	5.63e-06	9.89e-01	1.06e-02	0.00e+00	0.00e+00	0.00e+00	0.00e+00	1.20e-16	2.40e-16	1.67e-68
 1.78363e+15	1.62e-22	4.34e-16	1.50e-10	6.00e-06	9.90e-01	9.98e-03	0.00e+00	0.00e+00	0.00e+00	0.00e+00	1.44e-16	2.90e-16	3.31e-68
 1.85119e+15	2.18e-22	5.43e-16	1.75e-10	6.47e-06	9.91e-01	9.27e-03	0.00e+00	0.00e+00	0.00e+00	0.00e+00	1.80e-16	3.62e-16	7.42e-68
 1.92049e+15	2.91e-22	6.76e-16	2.03e-10	6.98e-06	9.91e-01	8.61e-03	0.00e+00	0.00e+00	0.00e+00	0.00e+00	2.25e-16	4.51e-16	1.65e-67
 1.98466e+15	3.78e-22	8.23e-16	2.31e-10	7.47e-06	9.92e-01	8.06e-03	0.00e+00	0.00e+00	0.00e+00	0.00e+00	2.74e-16	5.50e-16	3.36e-67
 2.05616e+15	5.00e-22	1.02e-15	2.67e-10	8.03e-06	9.92e-01	7.50e-03	0.00e+00	0.00e+00	0.00e+00	0.00e+00	3.38e-16	6.79e-16	7.21e-67
 2.13844e+15	6.82e-22	1.29e-15	3.13e-10	8.71e-06	9.93e-01	6.93e-03	0.00e+00	0.00e+00	0.00e+00	0.00e+00	4.27e-16	8.58e-16	1.68e-66
 2.21428e+15	8.98e-22	1.58e-15	3.60e-10	9.35e-06	9.94e-01	6.45e-03	0.00e+00	0.00e+00	0.00e+00	0.00e+00	5.26e-16	1.06e-15	3.56e-66
 2.27961e+15	1.13e-21	1.88e-15	4.05e-10	9.93e-06	9.94e-01	6.08e-03	0.00e+00	0.00e+00	0.00e+00	0.00e+00	6.26e-16	1.26e-15	6.66e-66
 2.35190e+15	1.44e-21	2.27e-15	4.59e-10	1.06e-05	9.94e-01	5.71e-03	0.00e+00	0.00e+00	0.00e+00	0.00e+00	7.54e-16	1.51e-15	1.30e-65
 2.44063e+15	1.93e-21	2.82e-15	5.34e-10	1.14e-05	9.95e-01	5.29e-03	0.00e+00	0.00e+00	0.00e+00	0.00e+00	9.40e-16	1.89e-15	2.87e-65
 2.53077e+15	2.57e-21	3.51e-15	6.18e-10	1.23e-05	9.95e-01	4.91e-03	0.00e+00	0.00e+00	0.00e+00	0.00e+00	1.17e-15	2.34e-15	6.25e-65
 2.61155e+15	3.29e-21	4.23e-15	7.02e-10	1.32e-05	9.95e-01	4.61e-03	0.00e+00	0.00e+00	0.00e+00	0.00e+00	1.41e-15	2.82e-15	1.23e-64
 2.70010e+15	4.28e-21	5.15e-15	8.04e-10	1.41e-05	9.96e-01	4.30e-03	0.00e+00	0.00e+00	0.00e+00	0.00e+00	1.71e-15	3.44e-15	2.49e-64
 2.80518e+15	5.77e-21	6.46e-15	9.38e-10	1.53e-05	9.96e-01	3.98e-03	0.00e+00	0.00e+00	0.00e+00	0.00e+00	2.15e-15	4.31e-15	5.63e-64
 2.90881e+15	7.66e-21	8.01e-15	1.09e-09	1.65e-05	9.96e-01	3.69e-03	0.00e+00	0.00e+00	0.00e+00	0.00e+00	2.67e-15	5.35e-15	1.22e-63
 3.00342e+15	9.85e-21	9.69e-15	1.24e-09	1.76e-05	9.97e-01	3.46e-03	0.00e+00	0.00e+00	0.00e+00	0.00e+00	3.23e-15	6.46e-15	2.42e-63
 3.10918e+15	1.29e-20	1.19e-14	1.42e-09	1.89e-05	9.97e-01	3.22e-03	0.00e+00	0.00e+00	0.00e+00	0.00e+00	3.96e-15	7.93e-15	5.05e-63
 3.23235e+15	1.75e-20	1.50e-14	1.67e-09	2.05e-05	9.97e-01	2.97e-03	0.00e+00	0.00e+00	0.00e+00	0.00e+00	4.99e-15	9.99e-15	1.15e-62
 3.35346e+15	2.33e-20	1.86e-14	1.93e-09	2.21e-05	9.97e-01	2.76e-03	0.00e+00	0.00e+00	0.00e+00	0.00e+00	6.21e-15	1.24e-14	2.53e-62
 3.46789e+15	3.03e-20	2.27e-14	2.21e-09	2.37e-05	9.97e-01	2.57e-03	0.00e+00	0.00e+00	0.00e+00	0.00e+00	7.57e-15	1.52e-14	5.17e-62
 3.59511e+15	4.02e-20	2.81e-14	2.56e-09	2.55e-05	9.98e-01	2.39e-03	0.00e+00	0.00e+00	0.00e+00	0.00e+00	9.38e-15	1.88e-14	1.11e-61
 3.73895e+15	5.46e-20	3.55e-14	3.00e-09	2.77e-05	9.98e-01	2.20e-03	0.00e+00	0.00e+00	0.00e+00	0.00e+00	1.18e-14	2.37e-14	2.57e-61
 3.87542e+15	7.24e-20	4.39e-14	3.47e-09	2.98e-05	9.98e-01	2.05e-03	0.00e+00	0.00e+00	0.00e+00	0.00e+00	1.46e-14	2.93e-14	5.53e-61
 3.99962e+15	9.26e-20	5.29e-14	3.94e-09	3.18e-05	9.98e-01	1.92e-03	0.00e+00	0.00e+00	0.00e+00	0.00e+00	1.77e-14	3.53e-14	1.09e-60
 4.14004e+15	1.21e-19	6.49e-14	4.53e-09	3.42e-05	9.98e-01	1.79e-03	0.00e+00	0.00e+00	0.00e+00	0.00e+00	2.17e-14	4.33e-14	2.27e-60
 4.30382e+15	1.64e-19	8.17e-14	5.30e-09	3.70e-05	9.98e-01	1.65e-03	0.00e+00	0.00e+00	0.00e+00	0.00e+00	2.73e-14	5.44e-14	5.19e-60
 4.46117e+15	2.18e-19	1.01e-13	6.12e-09	3.99e-05	9.98e-01	1.53e-03	0.00e+00	0.00e+00	0.00e+00	0.00e+00	3.38e-14	6.74e-14	1.12e-59
 4.60376e+15	2.79e-19	1.22e-13	6.95e-09	4.25e-05	9.99e-01	1.44e-03	0.00e+00	0.00e+00	0.00e+00	0.00e+00	4.07e-14	8.12e-14	2.21e-59
 4.73765e+15	3.49e-19	1.45e-13	7.80e-09	4.51e-05	9.99e-01	1.36e-03	0.00e+00	0.00e+00	0.00e+00	0.00e+00	4.83e-14	9.62e-14	4.08e-59
 4.88544e+15	4.45e-19	1.73e-13	8.83e-09	4.81e-05	9.99e-01	1.27e-03	0.00e+00	0.00e+00	0.00e+00	0.00e+00	5.79e-14	1.15e-13	7.88e-59
 5.05077e+15	5.77e-19	2.11e-13	1.01e-08	5.15e-05	9.99e-01	1.19e-03	0.00e+00	0.00e+00	0.00e+00	0.00e+00	7.06e-14	1.41e-13	1.61e-58
 5.20730e+15	7.34e-19	2.53e-13	1.14e-08	5.48e-05	9.99e-01	1.12e-03	0.00e+00	0.00e+00	0.00e+00	0.00e+00	8.47e-14	1.69e-13	3.11e-58
 5.37916e+15	9.48e-19	3.07e-13	1.30e-08	5.86e-05	9.99e-01	1.05e-03	0.00e+00	0.00e+00	0.00e+00	0.00e+00	1.03e-13	2.04e-13	6.26e-58
 5.57126e+15	1.25e-18	3.78e-13	1.50e-08	6.29e-05	9.99e-01	9.75e-04	0.00e+00	0.00e+00	0.00e+00	0.00e+00	1.27e-13	2.52e-13	1.33e-57
 5.75249e+15	1.61e-18	4.58e-13	1.70e-08	6.72e-05	9.99e-01	9.13e-04	0.00e+00	0.00e+00	0.00e+00	0.00e+00	1.53e-13	3.04e-13	2.66e-57
 5.95091e+15	2.10e-18	5.60e-13	1.95e-08	7.20e-05	9.99e-01	8.52e-04	0.00e+00	0.00e+00	0.00e+00	0.00e+00	1.88e-13	3.72e-13	5.53e-57
 6.17036e+15	2.79e-18	6.94e-13	2.26e-08	7.75e-05	9.99e-01	7.91e-04	0.00e+00	0.00e+00	0.00e+00	0.00e+00	2.33e-13	4.62e-13	1.21e-56
 6.37335e+15	3.60e-18	8.42e-13	2.57e-08	8.28e-05	9.99e-01	7.41e-04	0.00e+00	0.00e+00	0.00e+00	0.00e+00	2.82e-13	5.59e-13	2.43e-56
 6.59347e+15	4.70e-18	1.03e-12	2.95e-08	8.88e-05	9.99e-01	6.91e-04	0.00e+00	0.00e+00	0.00e+00	0.00e+00	3.45e-13	6.84e-13	5.06e-56
 6.83912e+15	6.26e-18	1.28e-12	3.42e-08	9.57e-05	9.99e-01	6.42e-04	0.00e+00	0.00e+00	0.00e+00	0.00e+00	4.30e-13	8.50e-13	1.11e-55
 7.06966e+15	8.13e-18	1.56e-12	3.91e-08	1.02e-04	9.99e-01	6.00e-04	0.00e+00	0.00e+00	0.00e+00	0.00e+00	5.23e-13	1.03e-12	2.28e-55
 7.32105e+15	1.07e-17	1.92e-12	4.50e-08	1.10e-04	9.99e-01	5.58e-04	0.00e+00	0.00e+00	0.00e+00	0.00e+00	6.44e-13	1.27e-12	4.83e-55
 7.60074e+15	1.43e-17	2.39e-12	5.23e-08	1.19e-04	9.99e-01	5.17e-04	0.00e+00	0.00e+00	0.00e+00	0.00e+00	8.05e-13	1.59e-12	1.08e-54
 7.86249e+15	1.87e-17	2.92e-12	5.99e-08	1.27e-04	9.99e-01	4.82e-04	0.00e+00	0.00e+00	0.00e+00	0.00e+00	9.84e-13	1.94e-12	2.24e-54
 8.14639e+15	2.46e-17	3.60e-12	6.92e-08	1.37e-04	9.99e-01	4.48e-04	0.00e+00	0.00e+00	0.00e+00	0.00e+00	1.21e-12	2.39e-12	4.79e-54
 8.46347e+15	3.31e-17	4.51e-12	8.07e-08	1.48e-04	9.99e-01	4.14e-04	0.00e+00	0.00e+00	0.00e+00	0.00e+00	1.52e-12	2.99e-12	1.09e-53
 8.76518e+15	4.35e-17	5.55e-12	9.29e-08	1.60e-04	9.99e-01	3.85e-04	0.00e+00	0.00e+00	0.00e+00	0.00e+00	1.87e-12	3.68e-12	2.30e-53
 9.08777e+15	5.75e-17	6.86e-12	1.08e-07	1.72e-04	9.99e-01	3.57e-04	0.00e+00	6.11e-18	1.86e-17	3.18e-17	2.32e-12	4.54e-12	4.95e-53
 9.45131e+15	7.77e-17	8.64e-12	1.26e-07	1.87e-04	9.99e-01	3.29e-04	0.00e+00	8.28e-18	2.52e-17	4.29e-17	2.92e-12	5.72e-12	1.14e-52
 9.81025e+15	1.03e-16	1.07e-11	1.46e-07	2.02e-04	9.99e-01	3.05e-04	0.00e+00	1.10e-17	3.36e-17	5.72e-17	3.64e-12	7.11e-12	2.51e-52
 1.01540e+16	1.35e-16	1.31e-11	1.68e-07	2.17e-04	9.99e-01	2.83e-04	0.00e+00	1.43e-17	4.37e-17	7.44e-17	4.45e-12	8.69e-12	5.19e-52
 1.05305e+16	1.77e-16	1.62e-11	1.95e-07	2.35e-04	1.00e+00	2.62e-04	0.00e+00	1.89e-17	5.76e-17	9.80e-17	5.50e-12	1.07e-11	1.11e-51
 1.09518e+16	2.39e-16	2.04e-11	2.29e-07	2.55e-04	1.00e+00	2.41e-04	0.00e+00	2.54e-17	7.75e-17	1.32e-16	6.91e-12	1.35e-11	2.53e-51
 1.13121e+16	3.05e-16	2.46e-11	2.61e-07	2.73e-04	1.00e+00	2.25e-04	0.00e+00	3.25e-17	9.90e-17	1.69e-16	8.35e-12	1.62e-11	4.99e-51
 1.15821e+16	3.64e-16	2.81e-11	2.87e-07	2.88e-04	9.99e-01	2.14e-04	0.00e+00	3.87e-17	1.18e-16	2.01e-16	9.57e-12	1.86e-11	8.13e-51
 1.18683e+16	4.37e-16	3.24e-11	3.17e-07	3.03e-04	9.99e-01	2.03e-04	0.00e+00	4.65e-17	1.42e-16	2.41e-16	1.10e-11	2.14e-11	1.35e-50
 1.22405e+16	5.49e-16	3.87e-11	3.59e-07	3.24e-04	9.99e-01	1.90e-04	0.00e+00	5.84e-17	1.78e-16	3.03e-16	1.32e-11	2.55e-11	2.55e-50
 1.26484e+16	6.99e-16	4.66e-11	4.10e-07	3.48e-04	9.99e-01	1.77e-04	0.00e+00	7.44e-17	2.27e-16	3.86e-16	1.59e-11	3.07e-11	5.01e-50
 1.30229e+16	8.65e-16	5.50e-11	4.62e-07	3.71e-04	9.99e-01	1.66e-04	0.00e+00	9.21e-17	2.81e-16	4.78e-16	1.88e-11	3.63e-11	9.09e-50
 1.34296e+16	1.08e-15	6.55e-11	5.24e-07	3.97e-04	9.99e-01	1.56e-04	0.00e+00	1.15e-16	3.51e-16	5.98e-16	2.23e-11	4.31e-11	1.70e-49
 1.38890e+16	1.38e-15	7.92e-11	6.00e-07	4.27e-04	9.99e-01	1.45e-04	0.00e+00	1.47e-16	4.48e-16	7.64e-16	2.71e-11	5.21e-11	3.38e-49
 1.43302e+16	1.73e-15	9.44e-11	6.82e-07	4.58e-04	9.99e-01	1.35e-04	0.00e+00	1.84e-16	5.61e-16	9.55e-16	3.23e-11	6.21e-11	6.36e-49
 1.48167e+16	2.19e-15	1.14e-10	7.81e-07	4.93e-04	9.99e-01	1.25e-04	0.00e+00	2.33e-16	7.11e-16	1.21e-15	3.89e-11	7.48e-11	1.25e-48
 1.53589e+16	2.83e-15	1.39e-10	9.04e-07	5.35e-04	9.99e-01	1.16e-04	0.00e+00	3.01e-16	9.18e-16	1.57e-15	4.76e-11	9.13e-11	2.58e-48
 1.58671e+16	3.56e-15	1.66e-10	1.03e-06	5.75e-04	9.99e-01	1.08e-04	0.00e+00	3.79e-16	1.15e-15	1.97e-15	5.70e-11	1.09e-10	4.96e-48
 1.64215e+16	4.52e-15	2.01e-10	1.19e-06	6.21e-04	9.99e-01	1.00e-04	0.00e+00	4.81e-16	1.47e-15	2.50e-15	6.90e-11	1.32e-10	9.88e-48
 1.70381e+16	5.84e-15	2.46e-10	1.38e-06	6.75e-04	9.99e-01	9.21e-05	0.00e+00	6.21e-16	1.89e-15	3.22e-15	8.45e-11	1.61e-10	2.06e-47
 1.76123e+16	7.32e-15	2.95e-10	1.57e-06	7.28e-04	9.99e-01	8.55e-05	0.00e+00	7.79e-16	2.37e-15	4.05e-15	1.01e-10	1.93e-10	4.00e-47
 1.82354e+16	9.28e-15	3.56e-10	1.81e-06	7.88e-04	9.99e-01	7.91e-05	0.00e+00	9.87e-16	3.01e-15	5.13e-15	1.22e-10	2.33e-10	8.00e-47
 1.89312e+16	1.19e-14	4.35e-10	2.11e-06	8.58e-04	9.99e-01	7.27e-05	0.00e+00	1.27e-15	3.87e-15	6.60e-15	1.50e-10	2.85e-10	1.69e-46
 1.95840e+16	1.50e-14	5.22e-10	2.42e-06	9.27e-04	9.99e-01	6.74e-05	0.00e+00	1.60e-15	4.86e-15	8.29e-15	1.80e-10	3.42e-10	3.32e-46
 2.02910e+16	1.90e-14	6.31e-10	2.79e-06	1.01e-03	9.99e-01	6.22e-05	0.00e+00	2.02e-15	6.16e-15	1.05e-14	2.18e-10	4.13e-10	6.73e-46
 2.10797e+16	2.44e-14	7.73e-10	3.25e-06	1.10e-03	9.99e-01	5.71e-05	0.00e+00	2.60e-15	7.92e-15	1.35e-14	2.67e-10	5.06e-10	1.44e-45
 2.18262e+16	3.07e-14	9.30e-10	3.73e-06	1.19e-03	9.99e-01	5.28e-05	0.00e+00	3.27e-15	9.96e-15	1.70e-14	3.22e-10	6.08e-10	2.89e-45
 2.26256e+16	3.89e-14	1.12e-09	4.31e-06	1.29e-03	9.99e-01	4.87e-05	0.00e+00	4.14e-15	1.26e-14	2.15e-14	3.89e-10	7.36e-10	5.94e-45
 2.35307e+16	5.02e-14	1.38e-09	5.04e-06	1.41e-03	9.99e-01	4.46e-05	0.00e+00	5.34e-15	1.63e-14	2.77e-14	4.79e-10	9.04e-10	1.31e-44
 2.44174e+16	6.38e-14	1.68e-09	5.84e-06	1.54e-03	9.98e-01	4.11e-05	0.00e+00	6.78e-15	2.07e-14	3.52e-14	5.83e-10	1.10e-09	2.76e-44
 2.53396e+16	8.10e-14	2.04e-09	6.77e-06	1.67e-03	9.98e-01	3.78e-05	0.00e+00	8.62e-15	2.63e-14	4.48e-14	7.08e-10	1.33e-09	5.83e-44
 2.61816e+16	9.99e-14	2.42e-09	7.71e-06	1.81e-03	9.98e-01	3.51e-05	0.00e+00	1.06e-14	3.24e-14	5.52e-14	8.41e-10	1.58e-09	1.13e-43
 2.68050e+16	1.16e-13	2.74e-09	8.47e-06	1.90e-03	9.98e-01	3.33e-05	0.00e+00	1.24e-14	3.77e-14	6.43e-14	9.53e-10	1.79e-09	1.83e-43
 2.74449e+16	1.35e-13	3.10e-09	9.30e-06	2.01e-03	9.98e-01	3.16e-05	0.00e+00	1.44e-14	4.39e-14	7.48e-14	1.08e-09	2.03e-09	2.95e-43
 2.82767e+16	1.64e-13	3.63e-09	1.05e-05	2.15e-03	9.98e-01	2.96e-05	0.00e+00	1.74e-14	5.31e-14	9.04e-14	1.26e-09	2.37e-09	5.42e-43
 2.91818e+16	2.00e-13	4.28e-09	1.19e-05	2.32e-03	9.98e-01	2.76e-05	0.00e+00	2.13e-14	6.49e-14	1.11e-13	1.49e-09	2.79e-09	1.03e-42
 3.00011e+16	2.39e-13	4.94e-09	1.32e-05	2.47e-03	9.97e-01	2.60e-05	0.00e+00	2.54e-14	7.74e-14	1.32e-13	1.72e-09	3.22e-09	1.83e-42
 3.08851e+16	2.87e-13	5.75e-09	1.48e-05	2.64e-03	9.97e-01	2.44e-05	0.00e+00	3.05e-14	9.30e-14	1.59e-13	2.00e-09	3.75e-09	3.37e-42
 3.20125e+16	3.61e-13	6.95e-09	1.71e-05	2.86e-03	9.97e-01	2.25e-05	0.00e+00	3.84e-14	1.17e-13	2.00e-13	2.42e-09	4.53e-09	7.22e-42
 3.31477e+16	4.51e-13	8.35e-09	1.96e-05	3.10e-03	9.97e-01	2.09e-05	0.00e+00	4.80e-14	1.46e-13	2.49e-13	2.91e-09	5.44e-09	1.52e-41
 3.40872e+16	5.38e-13	9.66e-09	2.19e-05	3.30e-03	9.97e-01	1.97e-05	0.00e+00	5.73e-14	1.75e-13	2.97e-13	3.37e-09	6.29e-09	2.75e-41
 3.50811e+16	6.46e-13	1.12e-08	2.45e-05	3.53e-03	9.96e-01	1.85e-05	0.00e+00	6.88e-14	2.10e-13	3.57e-13	3.92e-09	7.32e-09	5.09e-41
 3.63558e+16	8.12e-13	1.36e-08	2.82e-05	3.83e-03	9.96e-01	1.71e-05	0.00e+00	8.65e-14	2.63e-13	4.49e-13	4.74e-09	8.84e-09	1.10e-40
 3.77035e+16	1.02e-12	1.65e-08	3.25e-05	4.16e-03	9.96e-01	1.59e-05	0.00e+00	1.09e-13	3.31e-13	5.63e-13	5.75e-09	1.07e-08	2.40e-40
 3.89067e+16	1.24e-12	1.94e-08	3.68e-05	4.46e-03	9.95e-01	1.48e-05	0.00e+00	1.33e-13	4.04e-13	6.88e-13	6.79e-09	1.26e-08	4.72e-40
