#depth	He	He+	He+2
 1.49634e+10	3.36e-27	4.04e-14	1.00e+00
 4.54887e+10	3.78e-27	4.37e-14	1.00e+00
 7.72350e+10	4.21e-27	4.73e-14	1.00e+00
 1.10251e+11	4.71e-27	5.12e-14	1.00e+00
 1.44588e+11	5.27e-27	5.53e-14	1.00e+00
 1.80298e+11	5.90e-27	5.99e-14	1.00e+00
 2.17437e+11	6.61e-27	6.48e-14	1.00e+00
 2.56061e+11	7.42e-27	7.00e-14	1.00e+00
 2.96231e+11	8.33e-27	7.58e-14	1.00e+00
 3.38007e+11	9.37e-27	8.20e-14	1.00e+00
 3.81454e+11	1.06e-26	8.87e-14	1.00e+00
 4.26639e+11	1.19e-26	9.59e-14	1.00e+00
 4.73631e+11	1.34e-26	1.04e-13	1.00e+00
 5.22503e+11	1.52e-26	1.12e-13	1.00e+00
 5.73330e+11	1.72e-26	1.21e-13	1.00e+00
 6.26190e+11	1.95e-26	1.31e-13	1.00e+00
 6.81164e+11	2.22e-26	1.42e-13	1.00e+00
 7.33552e+11	2.50e-26	1.53e-13	1.00e+00
 7.81469e+11	2.77e-26	1.63e-13	1.00e+00
 8.35648e+11	3.10e-26	1.75e-13	1.00e+00
 8.98559e+11	3.54e-26	1.89e-13	1.00e+00
 9.59741e+11	4.02e-26	2.03e-13	1.00e+00
 1.01678e+12	4.49e-26	2.17e-13	1.00e+00
 1.08079e+12	5.06e-26	2.33e-13	1.00e+00
 1.15395e+12	5.81e-26	2.52e-13	1.00e+00
 1.22613e+12	6.63e-26	2.72e-13	1.00e+00
 1.30120e+12	7.55e-26	2.93e-13	1.00e+00
 1.38317e+12	8.69e-26	3.17e-13	1.00e+00
 1.46588e+12	9.97e-26	3.42e-13	1.00e+00
 1.55190e+12	1.14e-25	3.70e-13	1.00e+00
 1.64169e+12	1.31e-25	3.99e-13	1.00e+00
 1.73100e+12	1.50e-25	4.30e-13	1.00e+00
 1.82610e+12	1.72e-25	4.64e-13	1.00e+00
 1.92908e+12	1.99e-25	5.02e-13	1.00e+00
 2.03617e+12	2.31e-25	5.43e-13	1.00e+00
 2.14754e+12	2.67e-25	5.88e-13	1.00e+00
 2.25951e+12	3.08e-25	6.35e-13	1.00e+00
 2.37596e+12	3.55e-25	6.86e-13	1.00e+00
 2.50093e+12	4.13e-25	7.42e-13	1.00e+00
 2.63089e+12	4.79e-25	8.04e-13	1.00e+00
 2.76606e+12	5.57e-25	8.70e-13	1.00e+00
 2.90662e+12	6.47e-25	9.42e-13	1.00e+00
 3.05282e+12	7.52e-25	1.02e-12	1.00e+00
 3.20486e+12	8.75e-25	1.10e-12	1.00e+00
 3.36298e+12	1.02e-24	1.19e-12	1.00e+00
 3.52742e+12	1.19e-24	1.29e-12	1.00e+00
 3.69845e+12	1.38e-24	1.40e-12	1.00e+00
 3.87631e+12	1.61e-24	1.52e-12	1.00e+00
 4.06129e+12	1.88e-24	1.64e-12	1.00e+00
 4.25367e+12	2.19e-24	1.78e-12	1.00e+00
 4.45374e+12	2.56e-24	1.93e-12	1.00e+00
 4.66182e+12	2.98e-24	2.08e-12	1.00e+00
 4.85554e+12	3.43e-24	2.24e-12	1.00e+00
 5.02552e+12	3.86e-24	2.38e-12	1.00e+00
 5.21488e+12	4.37e-24	2.54e-12	1.00e+00
 5.44332e+12	5.07e-24	2.74e-12	1.00e+00
 5.67344e+12	5.88e-24	2.95e-12	1.00e+00
 5.88390e+12	6.68e-24	3.15e-12	1.00e+00
 6.11790e+12	7.63e-24	3.38e-12	1.00e+00
 6.39013e+12	8.93e-24	3.66e-12	1.00e+00
 6.65681e+12	1.03e-23	3.94e-12	1.00e+00
 6.90778e+12	1.18e-23	4.22e-12	1.00e+00
 7.18764e+12	1.36e-23	4.54e-12	1.00e+00
 7.50507e+12	1.59e-23	4.91e-12	1.00e+00
 7.82200e+12	1.85e-23	5.30e-12	1.00e+00
 8.15162e+12	2.15e-23	5.73e-12	1.00e+00
 8.50761e+12	2.51e-23	6.20e-12	1.00e+00
 8.87784e+12	2.94e-23	6.72e-12	1.00e+00
 9.26288e+12	3.44e-23	7.27e-12	1.00e+00
 9.66332e+12	4.02e-23	7.88e-12	1.00e+00
 1.00798e+13	4.71e-23	8.53e-12	1.00e+00
 1.05129e+13	5.51e-23	9.24e-12	1.00e+00
 1.09633e+13	6.44e-23	1.00e-11	1.00e+00
 1.14318e+13	7.54e-23	1.09e-11	1.00e+00
 1.19190e+13	8.82e-23	1.18e-11	1.00e+00
 1.24257e+13	1.03e-22	1.27e-11	1.00e+00
 1.29526e+13	1.21e-22	1.38e-11	1.00e+00
 1.34675e+13	1.40e-22	1.49e-11	1.00e+00
 1.39422e+13	1.60e-22	1.59e-11	1.00e+00
 1.44677e+13	1.84e-22	1.71e-11	1.00e+00
 1.50749e+13	2.16e-22	1.86e-11	1.00e+00
 1.56722e+13	2.51e-22	2.00e-11	1.00e+00
 1.62935e+13	2.90e-22	2.16e-11	1.00e+00
 1.69751e+13	3.41e-22	2.35e-11	1.00e+00
 1.76648e+13	3.98e-22	2.54e-11	1.00e+00
 1.83822e+13	4.64e-22	2.75e-11	1.00e+00
 1.91474e+13	5.44e-22	2.98e-11	1.00e+00
 1.99432e+13	6.37e-22	3.24e-11	1.00e+00
 2.07709e+13	7.47e-22	3.52e-11	1.00e+00
 2.16316e+13	8.75e-22	3.82e-11	1.00e+00
 2.25268e+13	1.03e-21	4.15e-11	1.00e+00
 2.34578e+13	1.20e-21	4.51e-11	1.00e+00
 2.44260e+13	1.41e-21	4.90e-11	1.00e+00
 2.53364e+13	1.63e-21	5.29e-11	1.00e+00
 2.61503e+13	1.85e-21	5.65e-11	1.00e+00
 2.70638e+13	2.11e-21	6.07e-11	1.00e+00
 2.81466e+13	2.47e-21	6.59e-11	1.00e+00
 2.92309e+13	2.87e-21	7.14e-11	1.00e+00
 3.02488e+13	3.28e-21	7.67e-11	1.00e+00
 3.13791e+13	3.79e-21	8.30e-11	1.00e+00
 3.26642e+13	4.45e-21	9.04e-11	1.00e+00
 3.39450e+13	5.18e-21	9.82e-11	1.00e+00
 3.52771e+13	6.03e-21	1.07e-10	1.00e+00
 3.67181e+13	7.07e-21	1.17e-10	1.00e+00
 3.82167e+13	8.28e-21	1.27e-10	1.00e+00
 3.96222e+13	9.57e-21	1.38e-10	1.00e+00
 4.08719e+13	1.08e-20	1.48e-10	1.00e+00
 4.22709e+13	1.23e-20	1.59e-10	1.00e+00
 4.39378e+13	1.43e-20	1.74e-10	1.00e+00
 4.56084e+13	1.66e-20	1.89e-10	1.00e+00
 4.71607e+13	1.89e-20	2.04e-10	1.00e+00
 4.88920e+13	2.17e-20	2.22e-10	1.00e+00
 5.08776e+13	2.54e-20	2.43e-10	1.00e+00
 5.28210e+13	2.93e-20	2.65e-10	1.00e+00
 5.46792e+13	3.34e-20	2.87e-10	1.00e+00
 5.67332e+13	3.84e-20	3.14e-10	1.00e+00
 5.90325e+13	4.46e-20	3.44e-10	1.00e+00
 6.13425e+13	5.15e-20	3.77e-10	1.00e+00
 6.37449e+13	5.93e-20	4.14e-10	1.00e+00
 6.62627e+13	6.83e-20	4.55e-10	1.00e+00
 6.88812e+13	7.85e-20	4.99e-10	1.00e+00
 7.16664e+13	9.04e-20	5.50e-10	1.00e+00
 7.45630e+13	1.04e-19	6.06e-10	1.00e+00
 7.75754e+13	1.19e-19	6.69e-10	1.00e+00
 8.07084e+13	1.36e-19	7.38e-10	1.00e+00
 8.35385e+13	1.54e-19	8.04e-10	1.00e+00
 8.58922e+13	1.68e-19	8.61e-10	1.00e+00
 8.84699e+13	1.85e-19	9.27e-10	1.00e+00
 9.17404e+13	2.09e-19	1.02e-09	1.00e+00
 9.51565e+13	2.36e-19	1.11e-09	1.00e+00
 9.80479e+13	2.62e-19	1.20e-09	1.00e+00
 1.01012e+14	2.89e-19	1.29e-09	1.00e+00
 1.04757e+14	3.26e-19	1.42e-09	1.00e+00
 1.08576e+14	3.67e-19	1.55e-09	1.00e+00
 1.11865e+14	4.05e-19	1.67e-09	1.00e+00
 1.15400e+14	4.49e-19	1.80e-09	1.00e+00
 1.19760e+14	5.07e-19	1.98e-09	1.00e+00
 1.24237e+14	5.74e-19	2.16e-09	1.00e+00
 1.28306e+14	6.39e-19	2.34e-09	1.00e+00
 1.32806e+14	7.18e-19	2.55e-09	1.00e+00
 1.38072e+14	8.21e-19	2.80e-09	1.00e+00
 1.43298e+14	9.35e-19	3.07e-09	1.00e+00
 1.48261e+14	1.06e-18	3.33e-09	1.00e+00
 1.53749e+14	1.20e-18	3.64e-09	1.00e+00
 1.59929e+14	1.39e-18	4.00e-09	1.00e+00
 1.66106e+14	1.60e-18	4.37e-09	1.00e+00
 1.71583e+14	1.81e-18	4.73e-09	1.00e+00
 1.76411e+14	2.01e-18	5.05e-09	1.00e+00
 1.81884e+14	2.26e-18	5.42e-09	1.00e+00
 1.87979e+14	2.57e-18	5.86e-09	1.00e+00
 1.93707e+14	2.89e-18	6.28e-09	1.00e+00
 1.99978e+14	3.28e-18	6.77e-09	1.00e+00
 2.06988e+14	3.77e-18	7.32e-09	1.00e+00
 2.13644e+14	4.29e-18	7.89e-09	1.00e+00
 2.20981e+14	4.92e-18	8.53e-09	1.00e+00
 2.29154e+14	5.71e-18	9.27e-09	1.00e+00
 2.36858e+14	6.55e-18	1.00e-08	1.00e+00
 2.43994e+14	7.41e-18	1.07e-08	1.00e+00
 2.51946e+14	8.47e-18	1.15e-08	1.00e+00
 2.60864e+14	9.80e-18	1.25e-08	1.00e+00
 2.69298e+14	1.12e-17	1.34e-08	1.00e+00
 2.78520e+14	1.29e-17	1.44e-08	1.00e+00
 2.88717e+14	1.50e-17	1.57e-08	1.00e+00
 2.98177e+14	1.72e-17	1.68e-08	1.00e+00
 3.08470e+14	1.99e-17	1.81e-08	1.00e+00
 3.19985e+14	2.32e-17	1.97e-08	1.00e+00
 3.30866e+14	2.67e-17	2.12e-08	1.00e+00
 3.42786e+14	3.11e-17	2.29e-08	1.00e+00
 3.56079e+14	3.65e-17	2.48e-08	1.00e+00
 3.68632e+14	4.22e-17	2.68e-08	1.00e+00
 3.82136e+14	4.91e-17	2.89e-08	1.00e+00
 3.97451e+14	5.79e-17	3.15e-08	1.00e+00
 4.12565e+14	6.77e-17	3.41e-08	1.00e+00
 4.28283e+14	7.91e-17	3.69e-08	1.00e+00
 4.45444e+14	9.31e-17	4.01e-08	1.00e+00
 4.63292e+14	1.09e-16	4.35e-08	1.00e+00
 4.81854e+14	1.29e-16	4.72e-08	1.00e+00
 5.01158e+14	1.51e-16	5.13e-08	1.00e+00
 5.19733e+14	1.76e-16	5.53e-08	1.00e+00
 5.36987e+14	2.01e-16	5.91e-08	1.00e+00
 5.53265e+14	2.27e-16	6.28e-08	1.00e+00
 5.71107e+14	2.58e-16	6.71e-08	1.00e+00
 5.91025e+14	2.96e-16	7.19e-08	1.00e+00
 6.09856e+14	3.36e-16	7.66e-08	1.00e+00
 6.30551e+14	3.84e-16	8.20e-08	1.00e+00
 6.53760e+14	4.44e-16	8.82e-08	1.00e+00
 6.75372e+14	5.06e-16	9.42e-08	1.00e+00
 6.95506e+14	5.69e-16	9.99e-08	1.00e+00
 7.18585e+14	6.49e-16	1.07e-07	1.00e+00
 7.46276e+14	7.54e-16	1.15e-07	1.00e+00
 7.73530e+14	8.70e-16	1.24e-07	1.00e+00
 7.97748e+14	9.83e-16	1.31e-07	1.00e+00
 8.24454e+14	1.12e-15	1.40e-07	1.00e+00
 8.56355e+14	1.30e-15	1.51e-07	1.00e+00
 8.88138e+14	1.50e-15	1.63e-07	1.00e+00
 9.17228e+14	1.71e-15	1.74e-07	1.00e+00
 9.49688e+14	1.96e-15	1.86e-07	1.00e+00
 9.87411e+14	2.28e-15	2.01e-07	1.00e+00
 1.02444e+15	2.64e-15	2.16e-07	1.00e+00
 1.05945e+15	3.01e-15	2.31e-07	1.00e+00
 1.09837e+15	3.47e-15	2.48e-07	1.00e+00
 1.14234e+15	4.05e-15	2.68e-07	1.00e+00
 1.18642e+15	4.70e-15	2.89e-07	1.00e+00
 1.23226e+15	5.45e-15	3.12e-07	1.00e+00
 1.28158e+15	6.36e-15	3.37e-07	1.00e+00
 1.33287e+15	7.42e-15	3.65e-07	1.00e+00
 1.38263e+15	8.56e-15	3.92e-07	1.00e+00
 1.42954e+15	9.76e-15	4.20e-07	1.00e+00
 1.47323e+15	1.10e-14	4.46e-07	1.00e+00
 1.51391e+15	1.22e-14	4.71e-07	1.00e+00
 1.56058e+15	1.38e-14	5.00e-07	1.00e+00
 1.61871e+15	1.59e-14	5.38e-07	1.00e+00
 1.67739e+15	1.83e-14	5.78e-07	1.00e+00
 1.72834e+15	2.06e-14	6.14e-07	1.00e+00
 1.78363e+15	2.33e-14	6.55e-07	1.00e+00
 1.85119e+15	2.69e-14	7.06e-07	1.00e+00
 1.92049e+15	3.11e-14	7.61e-07	1.00e+00
 1.98466e+15	3.54e-14	8.13e-07	1.00e+00
 2.05616e+15	4.07e-14	8.74e-07	1.00e+00
 2.13844e+15	4.74e-14	9.47e-07	1.00e+00
 2.21428e+15	5.44e-14	1.02e-06	1.00e+00
 2.27961e+15	6.09e-14	1.08e-06	1.00e+00
 2.35190e+15	6.89e-14	1.15e-06	1.00e+00
 2.44063e+15	7.96e-14	1.24e-06	1.00e+00
 2.53077e+15	9.17e-14	1.34e-06	1.00e+00
 2.61155e+15	1.04e-13	1.43e-06	1.00e+00
 2.70010e+15	1.18e-13	1.53e-06	1.00e+00
 2.80518e+15	1.37e-13	1.65e-06	1.00e+00
 2.90881e+15	1.58e-13	1.78e-06	1.00e+00
 3.00342e+15	1.79e-13	1.90e-06	1.00e+00
 3.10918e+15	2.04e-13	2.05e-06	1.00e+00
 3.23235e+15	2.37e-13	2.22e-06	1.00e+00
 3.35346e+15	2.74e-13	2.39e-06	1.00e+00
 3.46789e+15	3.11e-13	2.56e-06	1.00e+00
 3.59511e+15	3.57e-13	2.76e-06	1.00e+00
 3.73895e+15	4.15e-13	2.99e-06	1.00e+00
 3.87542e+15	4.75e-13	3.22e-06	1.00e+00
 3.99962e+15	5.36e-13	3.44e-06	1.00e+00
 4.14004e+15	6.11e-13	3.69e-06	1.00e+00
 4.30382e+15	7.07e-13	4.00e-06	1.00e+00
 4.46117e+15	8.08e-13	4.30e-06	1.00e+00
 4.60376e+15	9.10e-13	4.59e-06	1.00e+00
 4.73765e+15	1.01e-12	4.87e-06	1.00e+00
 4.88544e+15	1.14e-12	5.19e-06	1.00e+00
 5.05077e+15	1.28e-12	5.55e-06	1.00e+00
 5.20730e+15	1.44e-12	5.91e-06	1.00e+00
 5.37916e+15	1.62e-12	6.31e-06	1.00e+00
 5.57126e+15	1.85e-12	6.78e-06	1.00e+00
 5.75249e+15	2.08e-12	7.24e-06	1.00e+00
 5.95091e+15	2.36e-12	7.76e-06	1.00e+00
 6.17036e+15	2.69e-12	8.36e-06	1.00e+00
 6.37335e+15	3.04e-12	8.93e-06	1.00e+00
 6.59347e+15	3.44e-12	9.57e-06	1.00e+00
 6.83912e+15	3.94e-12	1.03e-05	1.00e+00
 7.06966e+15	4.45e-12	1.10e-05	1.00e+00
 7.32105e+15	5.07e-12	1.19e-05	1.00e+00
 7.60074e+15	5.83e-12	1.28e-05	1.00e+00
 7.86249e+15	6.61e-12	1.37e-05	1.00e+00
 8.14639e+15	7.55e-12	1.48e-05	1.00e+00
 8.46347e+15	8.72e-12	1.60e-05	1.00e+00
 8.76518e+15	9.95e-12	1.72e-05	1.00e+00
 9.08777e+15	1.14e-11	1.85e-05	1.00e+00
 9.45131e+15	1.33e-11	2.01e-05	1.00e+00
 9.81025e+15	1.53e-11	2.17e-05	1.00e+00
 1.01540e+16	1.75e-11	2.34e-05	1.00e+00
 1.05305e+16	2.02e-11	2.52e-05	1.00e+00
 1.09518e+16	2.35e-11	2.74e-05	1.00e+00
 1.13121e+16	2.67e-11	2.94e-05	1.00e+00
 1.15821e+16	2.94e-11	3.09e-05	1.00e+00
 1.18683e+16	3.24e-11	3.25e-05	1.00e+00
 1.22405e+16	3.67e-11	3.48e-05	1.00e+00
 1.26484e+16	4.19e-11	3.73e-05	1.00e+00
 1.30229e+16	4.72e-11	3.98e-05	1.00e+00
 1.34296e+16	5.36e-11	4.25e-05	1.00e+00
 1.38890e+16	6.16e-11	4.58e-05	1.00e+00
 1.43302e+16	7.02e-11	4.91e-05	1.00e+00
 1.48167e+16	8.07e-11	5.28e-05	1.00e+00
 1.53589e+16	9.39e-11	5.72e-05	1.00e+00
 1.58671e+16	1.08e-10	6.15e-05	1.00e+00
 1.64215e+16	1.25e-10	6.64e-05	1.00e+00
 1.70381e+16	1.46e-10	7.21e-05	1.00e+00
 1.76123e+16	1.69e-10	7.77e-05	1.00e+00
 1.82354e+16	1.97e-10	8.40e-05	1.00e+00
 1.89312e+16	2.32e-10	9.14e-05	1.00e+00
 1.95840e+16	2.69e-10	9.87e-05	1.00e+00
 2.02910e+16	3.14e-10	1.07e-04	1.00e+00
 2.10797e+16	3.72e-10	1.17e-04	1.00e+00
 2.18262e+16	4.34e-10	1.26e-04	1.00e+00
 2.26256e+16	5.09e-10	1.37e-04	1.00e+00
 2.35307e+16	6.05e-10	1.50e-04	1.00e+00
 2.44174e+16	7.14e-10	1.63e-04	1.00e+00
 2.53396e+16	8.42e-10	1.77e-04	1.00e+00
 2.61816e+16	9.74e-10	1.91e-04	1.00e+00
 2.68050e+16	1.08e-09	2.01e-04	1.00e+00
 2.74449e+16	1.20e-09	2.12e-04	1.00e+00
 2.82767e+16	1.37e-09	2.27e-04	1.00e+00
 2.91818e+16	1.58e-09	2.44e-04	1.00e+00
 3.00011e+16	1.79e-09	2.60e-04	1.00e+00
 3.08851e+16	2.04e-09	2.78e-04	1.00e+00
 3.20125e+16	2.39e-09	3.01e-04	1.00e+00
 3.31477e+16	2.79e-09	3.25e-04	1.00e+00
 3.40872e+16	3.16e-09	3.47e-04	1.00e+00
 3.50811e+16	3.59e-09	3.70e-04	1.00e+00
 3.63558e+16	4.21e-09	4.00e-04	1.00e+00
 3.77035e+16	4.95e-09	4.35e-04	1.00e+00
 3.89067e+16	5.69e-09	4.66e-04	1.00e+00
 4.02141e+16	6.59e-09	5.02e-04	9.99e-01
 4.17722e+16	7.79e-09	5.46e-04	9.99e-01
 4.33176e+16	9.15e-09	5.92e-04	9.99e-01
 4.47267e+16	1.05e-08	6.36e-04	9.99e-01
 4.62969e+16	1.23e-08	6.87e-04	9.99e-01
 4.81281e+16	1.45e-08	7.48e-04	9.99e-01
 4.99276e+16	1.71e-08	8.11e-04	9.99e-01
 5.16220e+16	1.98e-08	8.73e-04	9.99e-01
 5.35099e+16	2.32e-08	9.45e-04	9.99e-01
 5.55883e+16	2.74e-08	1.03e-03	9.99e-01
 5.73041e+16	3.12e-08	1.10e-03	9.99e-01
 5.85890e+16	3.44e-08	1.15e-03	9.99e-01
 5.99650e+16	3.81e-08	1.21e-03	9.99e-01
 6.17538e+16	4.33e-08	1.29e-03	9.99e-01
 6.37202e+16	4.96e-08	1.38e-03	9.99e-01
 6.55231e+16	5.59e-08	1.47e-03	9.99e-01
 6.74724e+16	6.36e-08	1.57e-03	9.98e-01
 6.96691e+16	7.31e-08	1.68e-03	9.98e-01
 7.17640e+16	8.30e-08	1.79e-03	9.98e-01
 7.40643e+16	9.51e-08	1.92e-03	9.98e-01
 7.66317e+16	1.10e-07	2.06e-03	9.98e-01
 7.90538e+16	1.26e-07	2.21e-03	9.98e-01
 8.17097e+16	1.45e-07	2.37e-03	9.98e-01
 8.46765e+16	1.70e-07	2.56e-03	9.97e-01
 8.74440e+16	1.94e-07	2.74e-03	9.97e-01
 9.04383e+16	2.25e-07	2.95e-03	9.97e-01
 9.38060e+16	2.63e-07	3.19e-03	9.97e-01
 9.69703e+16	3.03e-07	3.42e-03	9.97e-01
 9.98260e+16	3.43e-07	3.64e-03	9.96e-01
 1.02969e+17	3.92e-07	3.89e-03	9.96e-01
 1.06507e+17	4.53e-07	4.19e-03	9.96e-01
 1.09537e+17	5.10e-07	4.44e-03	9.96e-01
 1.11953e+17	5.59e-07	4.66e-03	9.95e-01
 1.14591e+17	6.18e-07	4.89e-03	9.95e-01
 1.18022e+17	7.01e-07	5.21e-03	9.95e-01
 1.21645e+17	7.97e-07	5.56e-03	9.94e-01
 1.24785e+17	8.87e-07	5.87e-03	9.94e-01
 1.28130e+17	9.93e-07	6.22e-03	9.94e-01
 1.32478e+17	1.15e-06	6.68e-03	9.93e-01
 1.36910e+17	1.32e-06	7.17e-03	9.93e-01
 1.40560e+17	1.47e-06	7.58e-03	9.92e-01
 1.44411e+17	1.65e-06	8.03e-03	9.92e-01
 1.49419e+17	1.92e-06	8.65e-03	9.91e-01
 1.54526e+17	2.21e-06	9.29e-03	9.91e-01
 1.58710e+17	2.48e-06	9.84e-03	9.90e-01
 1.63095e+17	2.79e-06	1.04e-02	9.90e-01
 1.68796e+17	3.24e-06	1.12e-02	9.89e-01
 1.74708e+17	3.75e-06	1.21e-02	9.88e-01
 1.79521e+17	4.22e-06	1.28e-02	9.87e-01
 1.84403e+17	4.74e-06	1.36e-02	9.86e-01
 1.89501e+17	5.33e-06	1.44e-02	9.86e-01
 1.94126e+17	5.91e-06	1.52e-02	9.85e-01
 1.98606e+17	6.51e-06	1.60e-02	9.84e-01
 2.03650e+17	7.27e-06	1.69e-02	9.83e-01
 2.09079e+17	8.14e-06	1.79e-02	9.82e-01
 2.13925e+17	8.97e-06	1.88e-02	9.81e-01
 2.19141e+17	9.96e-06	1.98e-02	9.80e-01
 2.24883e+17	1.11e-05	2.10e-02	9.79e-01
 2.30176e+17	1.23e-05	2.21e-02	9.78e-01
 2.35927e+17	1.37e-05	2.34e-02	9.77e-01
 2.42176e+17	1.53e-05	2.47e-02	9.75e-01
 2.47852e+17	1.69e-05	2.60e-02	9.74e-01
 2.54013e+17	1.88e-05	2.76e-02	9.72e-01
 2.60748e+17	2.11e-05	2.92e-02	9.71e-01
 2.66945e+17	2.33e-05	3.08e-02	9.69e-01
 2.73714e+17	2.60e-05	3.27e-02	9.67e-01
 2.81102e+17	2.92e-05	3.48e-02	9.65e-01
 2.87903e+17	3.23e-05	3.68e-02	9.63e-01
 2.95353e+17	3.63e-05	3.92e-02	9.61e-01
 3.03461e+17	4.08e-05	4.19e-02	9.58e-01
 3.10905e+17	4.54e-05	4.45e-02	9.55e-01
 3.19063e+17	5.12e-05	4.76e-02	9.52e-01
 3.26822e+17	5.67e-05	5.06e-02	9.49e-01
 3.32558e+17	6.14e-05	5.30e-02	9.47e-01
 3.38512e+17	6.68e-05	5.57e-02	9.44e-01
 3.46252e+17	7.45e-05	5.94e-02	9.41e-01
 3.53995e+17	8.27e-05	6.32e-02	9.37e-01
 3.60179e+17	8.96e-05	6.64e-02	9.33e-01
 3.66657e+17	9.83e-05	7.02e-02	9.30e-01
 3.73799e+17	1.08e-04	7.46e-02	9.25e-01
 3.80527e+17	1.19e-04	7.91e-02	9.21e-01
 3.86903e+17	1.30e-04	8.36e-02	9.16e-01
 3.94100e+17	1.44e-04	8.92e-02	9.11e-01
 4.01753e+17	1.60e-04	9.56e-02	9.04e-01
 4.08399e+17	1.76e-04	1.02e-01	8.98e-01
 4.15439e+17	1.96e-04	1.09e-01	8.91e-01
 4.22943e+17	2.19e-04	1.17e-01	8.83e-01
 4.29598e+17	2.42e-04	1.25e-01	8.75e-01
 4.36796e+17	2.71e-04	1.35e-01	8.65e-01
 4.44771e+17	3.10e-04	1.47e-01	8.53e-01
 4.51469e+17	3.43e-04	1.58e-01	8.42e-01
 4.57888e+17	3.86e-04	1.70e-01	8.30e-01
 4.64488e+17	4.33e-04	1.84e-01	8.16e-01
 4.70386e+17	4.81e-04	1.97e-01	8.03e-01
 4.77115e+17	5.47e-04	2.14e-01	7.85e-01
 4.83091e+17	6.08e-04	2.30e-01	7.69e-01
 4.86796e+17	6.50e-04	2.41e-01	7.58e-01
 4.90320e+17	7.00e-04	2.52e-01	7.47e-01
 4.94128e+17	7.55e-04	2.65e-01	7.34e-01
 4.98304e+17	8.20e-04	2.80e-01	7.19e-01
 5.03733e+17	9.18e-04	3.02e-01	6.97e-01
 5.08872e+17	1.02e-03	3.22e-01	6.77e-01
 5.12212e+17	1.09e-03	3.37e-01	6.62e-01
 5.15133e+17	1.17e-03	3.50e-01	6.48e-01
 5.18930e+17	1.27e-03	3.69e-01	6.30e-01
 5.22982e+17	1.38e-03	3.89e-01	6.09e-01
 5.27366e+17	1.52e-03	4.13e-01	5.85e-01
 5.31735e+17	1.67e-03	4.36e-01	5.62e-01
 5.34906e+17	1.78e-03	4.54e-01	5.44e-01
 5.37848e+17	1.90e-03	4.71e-01	5.27e-01
 5.41124e+17	2.04e-03	4.90e-01	5.08e-01
 5.44834e+17	2.21e-03	5.13e-01	4.85e-01
 5.48743e+17	2.40e-03	5.37e-01	4.61e-01
 5.52083e+17	2.57e-03	5.57e-01	4.40e-01
 5.55596e+17	2.78e-03	5.79e-01	4.18e-01
 5.59385e+17	3.00e-03	6.02e-01	3.95e-01
 5.62747e+17	3.20e-03	6.21e-01	3.75e-01
 5.65856e+17	3.41e-03	6.40e-01	3.57e-01
 5.69423e+17	3.67e-03	6.61e-01	3.35e-01
 5.73284e+17	3.95e-03	6.82e-01	3.14e-01
 5.76737e+17	4.21e-03	7.00e-01	2.95e-01
 5.80435e+17	4.53e-03	7.20e-01	2.75e-01
 5.84466e+17	4.87e-03	7.40e-01	2.55e-01
 5.88091e+17	5.21e-03	7.56e-01	2.38e-01
 5.91964e+17	5.60e-03	7.74e-01	2.21e-01
 5.96203e+17	6.05e-03	7.91e-01	2.03e-01
 6.00078e+17	6.48e-03	8.05e-01	1.88e-01
 6.04272e+17	7.01e-03	8.21e-01	1.72e-01
 6.08917e+17	7.64e-03	8.36e-01	1.57e-01
 6.13250e+17	8.28e-03	8.48e-01	1.44e-01
 6.17335e+17	8.96e-03	8.59e-01	1.32e-01
 6.21995e+17	9.82e-03	8.70e-01	1.20e-01
 6.26723e+17	1.08e-02	8.80e-01	1.09e-01
 6.30545e+17	1.17e-02	8.87e-01	1.02e-01
 6.34519e+17	1.27e-02	8.94e-01	9.35e-02
 6.39685e+17	1.43e-02	9.02e-01	8.41e-02
 6.44855e+17	1.62e-02	9.08e-01	7.62e-02
 6.48493e+17	1.78e-02	9.11e-01	7.13e-02
 6.51041e+17	1.91e-02	9.13e-01	6.79e-02
 6.53710e+17	2.05e-02	9.15e-01	6.43e-02
 6.57180e+17	2.27e-02	9.17e-01	6.01e-02
 6.60726e+17	2.53e-02	9.18e-01	5.63e-02
 6.63444e+17	2.76e-02	9.19e-01	5.37e-02
 6.65620e+17	2.97e-02	9.19e-01	5.17e-02
 6.68016e+17	3.22e-02	9.18e-01	4.94e-02
 6.71132e+17	3.59e-02	9.17e-01	4.67e-02
 6.74206e+17	4.04e-02	9.15e-01	4.44e-02
 6.76425e+17	4.42e-02	9.13e-01	4.29e-02
 6.78197e+17	4.76e-02	9.11e-01	4.17e-02
 6.80189e+17	5.18e-02	9.08e-01	4.03e-02
 6.82779e+17	5.79e-02	9.03e-01	3.87e-02
 6.85435e+17	6.53e-02	8.97e-01	3.73e-02
 6.87514e+17	7.24e-02	8.91e-01	3.63e-02
 6.89181e+17	7.85e-02	8.86e-01	3.56e-02
 6.90976e+17	8.58e-02	8.79e-01	3.48e-02
 6.93286e+17	9.65e-02	8.70e-01	3.38e-02
 6.95617e+17	1.09e-01	8.58e-01	3.32e-02
 6.97419e+17	1.21e-01	8.47e-01	3.26e-02
 6.98891e+17	1.31e-01	8.37e-01	3.23e-02
 7.00302e+17	1.42e-01	8.27e-01	3.19e-02
 7.01751e+17	1.53e-01	8.15e-01	3.15e-02
 7.03168e+17	1.66e-01	8.03e-01	3.12e-02
 7.04208e+17	1.76e-01	7.93e-01	3.10e-02
 7.04849e+17	1.83e-01	7.86e-01	3.09e-02
 7.05479e+17	1.90e-01	7.79e-01	3.07e-02
 7.06297e+17	1.99e-01	7.70e-01	3.04e-02
 7.07198e+17	2.10e-01	7.60e-01	3.02e-02
 7.07991e+17	2.19e-01	7.51e-01	3.01e-02
 7.08693e+17	2.28e-01	7.42e-01	2.99e-02
 7.09417e+17	2.38e-01	7.32e-01	2.97e-02
 7.10198e+17	2.49e-01	7.22e-01	2.95e-02
 7.10989e+17	2.60e-01	7.10e-01	2.93e-02
 7.11732e+17	2.71e-01	7.00e-01	2.92e-02
 7.12457e+17	2.82e-01	6.89e-01	2.89e-02
 7.13205e+17	2.94e-01	6.77e-01	2.87e-02
 7.13968e+17	3.07e-01	6.65e-01	2.85e-02
 7.14733e+17	3.20e-01	6.52e-01	2.82e-02
 7.15468e+17	3.33e-01	6.39e-01	2.80e-02
 7.16173e+17	3.45e-01	6.27e-01	2.77e-02
 7.16878e+17	3.58e-01	6.14e-01	2.74e-02
 7.17596e+17	3.72e-01	6.01e-01	2.71e-02
 7.18314e+17	3.85e-01	5.88e-01	2.68e-02
 7.19009e+17	3.99e-01	5.75e-01	2.65e-02
 7.19711e+17	4.13e-01	5.61e-01	2.61e-02
 7.20422e+17	4.27e-01	5.47e-01	2.57e-02
 7.21108e+17	4.41e-01	5.34e-01	2.53e-02
 7.21786e+17	4.54e-01	5.21e-01	2.49e-02
 7.22473e+17	4.68e-01	5.07e-01	2.45e-02
 7.23160e+17	4.82e-01	4.94e-01	2.40e-02
 7.23832e+17	4.96e-01	4.80e-01	2.36e-02
 7.24493e+17	5.09e-01	4.68e-01	2.31e-02
 7.25159e+17	5.23e-01	4.55e-01	2.26e-02
 7.25826e+17	5.36e-01	4.42e-01	2.21e-02
 7.26496e+17	5.49e-01	4.30e-01	2.17e-02
 7.27164e+17	5.61e-01	4.17e-01	2.12e-02
 7.27818e+17	5.74e-01	4.06e-01	2.07e-02
 7.28461e+17	5.85e-01	3.94e-01	2.02e-02
 7.29102e+17	5.97e-01	3.84e-01	1.97e-02
 7.29745e+17	6.08e-01	3.73e-01	1.91e-02
 7.30374e+17	6.18e-01	3.63e-01	1.87e-02
 7.31000e+17	6.29e-01	3.53e-01	1.82e-02
 7.31628e+17	6.38e-01	3.44e-01	1.77e-02
 7.32261e+17	6.48e-01	3.34e-01	1.72e-02
 7.32896e+17	6.57e-01	3.26e-01	1.68e-02
 7.33516e+17	6.66e-01	3.18e-01	1.64e-02
 7.34148e+17	6.74e-01	3.10e-01	1.59e-02
 7.34793e+17	6.82e-01	3.02e-01	1.55e-02
 7.35447e+17	6.90e-01	2.95e-01	1.51e-02
 7.36106e+17	6.97e-01	2.88e-01	1.47e-02
 7.36771e+17	7.04e-01	2.81e-01	1.43e-02
 7.37445e+17	7.11e-01	2.75e-01	1.39e-02
 7.38129e+17	7.18e-01	2.69e-01	1.35e-02
 7.38825e+17	7.24e-01	2.63e-01	1.32e-02
 7.39533e+17	7.30e-01	2.57e-01	1.28e-02
 7.40253e+17	7.35e-01	2.52e-01	1.25e-02
 7.40986e+17	7.41e-01	2.47e-01	1.21e-02
 7.41733e+17	7.46e-01	2.42e-01	1.18e-02
 7.42495e+17	7.51e-01	2.38e-01	1.15e-02
 7.43271e+17	7.56e-01	2.33e-01	1.12e-02
 7.44063e+17	7.60e-01	2.29e-01	1.09e-02
 7.44871e+17	7.64e-01	2.25e-01	1.06e-02
 7.45694e+17	7.68e-01	2.21e-01	1.03e-02
 7.46534e+17	7.72e-01	2.18e-01	1.00e-02
 7.47389e+17	7.76e-01	2.14e-01	9.77e-03
 7.48263e+17	7.80e-01	2.11e-01	9.51e-03
 7.49154e+17	7.83e-01	2.07e-01	9.26e-03
 7.50060e+17	7.87e-01	2.04e-01	9.01e-03
 7.50983e+17	7.90e-01	2.01e-01	8.77e-03
 7.51922e+17	7.93e-01	1.98e-01	8.53e-03
 7.52873e+17	7.96e-01	1.96e-01	8.30e-03
 7.53844e+17	7.99e-01	1.93e-01	8.07e-03
 7.54802e+17	8.02e-01	1.90e-01	7.87e-03
 7.55807e+17	8.05e-01	1.87e-01	7.63e-03
 7.56851e+17	8.08e-01	1.85e-01	7.43e-03
 7.57915e+17	8.11e-01	1.82e-01	7.22e-03
 7.59012e+17	8.14e-01	1.79e-01	7.00e-03
 7.60093e+17	8.16e-01	1.77e-01	6.82e-03
 7.61288e+17	8.19e-01	1.74e-01	6.57e-03
 7.62508e+17	8.21e-01	1.72e-01	6.43e-03
 7.63741e+17	8.25e-01	1.69e-01	6.16e-03
 7.65150e+17	8.28e-01	1.66e-01	5.93e-03
 7.66612e+17	8.31e-01	1.63e-01	5.72e-03
 7.68219e+17	8.35e-01	1.60e-01	5.48e-03
 7.70264e+17	8.39e-01	1.56e-01	5.19e-03
 7.72444e+17	8.43e-01	1.52e-01	4.91e-03
 7.74337e+17	8.47e-01	1.48e-01	4.66e-03
 7.76002e+17	8.50e-01	1.45e-01	4.45e-03
 7.77620e+17	8.54e-01	1.42e-01	4.26e-03
 7.79316e+17	8.57e-01	1.39e-01	4.06e-03
 7.80992e+17	8.60e-01	1.36e-01	3.88e-03
 7.82516e+17	8.63e-01	1.33e-01	3.71e-03
 7.83903e+17	8.65e-01	1.31e-01	3.57e-03
 7.85166e+17	8.68e-01	1.29e-01	3.44e-03
 7.86315e+17	8.70e-01	1.27e-01	3.33e-03
 7.87360e+17	8.72e-01	1.25e-01	3.23e-03
 7.88311e+17	8.74e-01	1.23e-01	3.14e-03
 7.89177e+17	8.75e-01	1.22e-01	3.05e-03
 7.90126e+17	8.77e-01	1.20e-01	2.96e-03
 7.91150e+17	8.79e-01	1.18e-01	2.88e-03
 7.92082e+17	8.80e-01	1.17e-01	2.80e-03
 7.92930e+17	8.82e-01	1.15e-01	2.73e-03
 7.93702e+17	8.83e-01	1.14e-01	2.66e-03
 7.94547e+17	8.85e-01	1.13e-01	2.59e-03
 7.95460e+17	8.86e-01	1.11e-01	2.53e-03
 7.96291e+17	8.88e-01	1.10e-01	2.46e-03
 7.97047e+17	8.89e-01	1.09e-01	2.40e-03
 7.97876e+17	8.90e-01	1.07e-01	2.34e-03
 7.98770e+17	8.92e-01	1.06e-01	2.29e-03
 7.99584e+17	8.93e-01	1.05e-01	2.23e-03
 8.00476e+17	8.94e-01	1.04e-01	2.17e-03
 8.01439e+17	8.96e-01	1.02e-01	2.12e-03
 8.02315e+17	8.97e-01	1.01e-01	2.06e-03
 8.03112e+17	8.98e-01	9.98e-02	2.01e-03
 8.03986e+17	9.00e-01	9.84e-02	1.95e-03
 8.04929e+17	9.01e-01	9.73e-02	1.91e-03
 8.05788e+17	9.02e-01	9.61e-02	1.86e-03
 8.06569e+17	9.03e-01	9.50e-02	1.81e-03
 8.07425e+17	9.05e-01	9.36e-02	1.76e-03
 8.08349e+17	9.06e-01	9.26e-02	1.72e-03
 8.09190e+17	9.07e-01	9.15e-02	1.68e-03
 8.09955e+17	9.08e-01	9.04e-02	1.64e-03
 8.10651e+17	9.09e-01	8.94e-02	1.60e-03
 8.11414e+17	9.10e-01	8.82e-02	1.56e-03
 8.12238e+17	9.11e-01	8.74e-02	1.53e-03
 8.12988e+17	9.12e-01	8.63e-02	1.49e-03
 8.13670e+17	9.13e-01	8.54e-02	1.46e-03
 8.14417e+17	9.14e-01	8.44e-02	1.42e-03
 8.15389e+17	9.15e-01	8.32e-02	1.38e-03
 8.16438e+17	9.17e-01	8.21e-02	1.34e-03
 8.17393e+17	9.18e-01	8.10e-02	1.31e-03
 8.18262e+17	9.19e-01	8.00e-02	1.27e-03
 8.19052e+17	9.20e-01	7.90e-02	1.24e-03
 8.19918e+17	9.21e-01	7.79e-02	1.20e-03
 8.20854e+17	9.22e-01	7.69e-02	1.18e-03
 8.21705e+17	9.23e-01	7.60e-02	1.15e-03
 8.22479e+17	9.24e-01	7.51e-02	1.12e-03
 8.23328e+17	9.25e-01	7.42e-02	1.09e-03
 8.24244e+17	9.26e-01	7.33e-02	1.07e-03
 8.25078e+17	9.26e-01	7.25e-02	1.04e-03
 8.25991e+17	9.28e-01	7.14e-02	1.01e-03
 8.26978e+17	9.28e-01	7.07e-02	9.88e-04
 8.27875e+17	9.29e-01	6.98e-02	9.65e-04
 8.28859e+17	9.30e-01	6.88e-02	9.37e-04
 8.29921e+17	9.31e-01	6.80e-02	9.14e-04
 8.30887e+17	9.32e-01	6.72e-02	8.91e-04
 8.31946e+17	9.33e-01	6.62e-02	8.65e-04
 8.33089e+17	9.34e-01	6.53e-02	8.42e-04
 8.34129e+17	9.35e-01	6.44e-02	8.19e-04
 8.35076e+17	9.36e-01	6.36e-02	7.98e-04
 8.36113e+17	9.37e-01	6.27e-02	7.75e-04
 8.37461e+17	9.38e-01	6.17e-02	7.51e-04
 8.38917e+17	9.39e-01	6.06e-02	7.26e-04
 8.40242e+17	9.40e-01	5.97e-02	7.03e-04
 8.41447e+17	9.41e-01	5.87e-02	6.80e-04
 8.42544e+17	9.41e-01	5.79e-02	6.61e-04
 8.43542e+17	9.42e-01	5.72e-02	6.45e-04
 8.44636e+17	9.43e-01	5.64e-02	6.27e-04
 8.46058e+17	9.44e-01	5.55e-02	6.06e-04
 8.47594e+17	9.45e-01	5.46e-02	5.87e-04
 8.48991e+17	9.46e-01	5.37e-02	5.68e-04
 8.50262e+17	9.47e-01	5.29e-02	5.50e-04
 8.51419e+17	9.47e-01	5.21e-02	5.35e-04
 8.52687e+17	9.48e-01	5.13e-02	5.19e-04
 8.54335e+17	9.49e-01	5.04e-02	5.00e-04
 8.56114e+17	9.50e-01	4.95e-02	4.82e-04
 8.57733e+17	9.51e-01	4.86e-02	4.65e-04
 8.59206e+17	9.52e-01	4.78e-02	4.49e-04
 8.60547e+17	9.53e-01	4.70e-02	4.36e-04
 8.62016e+17	9.53e-01	4.63e-02	4.21e-04
 8.63602e+17	9.54e-01	4.55e-02	4.08e-04
 8.65046e+17	9.55e-01	4.48e-02	3.95e-04
 8.66627e+17	9.56e-01	4.40e-02	3.81e-04
 8.68335e+17	9.56e-01	4.33e-02	3.69e-04
 8.69889e+17	9.57e-01	4.26e-02	3.57e-04
 8.71591e+17	9.58e-01	4.18e-02	3.44e-04
 8.73430e+17	9.59e-01	4.10e-02	3.32e-04
 8.75102e+17	9.59e-01	4.03e-02	3.20e-04
 8.76625e+17	9.60e-01	3.97e-02	3.10e-04
 8.78293e+17	9.61e-01	3.90e-02	2.99e-04
 8.80093e+17	9.61e-01	3.83e-02	2.90e-04
 8.81732e+17	9.62e-01	3.77e-02	2.80e-04
 8.83528e+17	9.63e-01	3.70e-02	2.70e-04
 8.85466e+17	9.63e-01	3.64e-02	2.61e-04
 8.87230e+17	9.64e-01	3.57e-02	2.52e-04
 8.89164e+17	9.65e-01	3.51e-02	2.42e-04
 8.91250e+17	9.65e-01	3.44e-02	2.33e-04
 8.93150e+17	9.66e-01	3.38e-02	2.25e-04
 8.95231e+17	9.67e-01	3.31e-02	2.16e-04
 8.97477e+17	9.67e-01	3.24e-02	2.08e-04
 8.99522e+17	9.68e-01	3.18e-02	2.00e-04
 9.01762e+17	9.69e-01	3.12e-02	1.92e-04
 9.04181e+17	9.69e-01	3.05e-02	1.84e-04
 9.06381e+17	9.70e-01	2.99e-02	1.77e-04
 9.08384e+17	9.70e-01	2.94e-02	1.70e-04
 9.10579e+17	9.71e-01	2.88e-02	1.64e-04
 9.12948e+17	9.72e-01	2.82e-02	1.57e-04
 9.15104e+17	9.72e-01	2.77e-02	1.52e-04
 9.17467e+17	9.73e-01	2.71e-02	1.45e-04
 9.20018e+17	9.73e-01	2.66e-02	1.39e-04
 9.22339e+17	9.74e-01	2.60e-02	1.34e-04
 9.24882e+17	9.74e-01	2.55e-02	1.28e-04
 9.27628e+17	9.75e-01	2.49e-02	1.23e-04
 9.30127e+17	9.75e-01	2.44e-02	1.18e-04
 9.32865e+17	9.76e-01	2.38e-02	1.12e-04
 9.35821e+17	9.77e-01	2.33e-02	1.07e-04
 9.38511e+17	9.77e-01	2.28e-02	1.03e-04
 9.41459e+17	9.78e-01	2.22e-02	9.77e-05
 9.44641e+17	9.78e-01	2.17e-02	9.30e-05
 9.47537e+17	9.79e-01	2.12e-02	8.89e-05
 9.50172e+17	9.79e-01	2.08e-02	8.55e-05
 9.53060e+17	9.80e-01	2.03e-02	8.15e-05
 9.56177e+17	9.80e-01	1.98e-02	7.77e-05
 9.59014e+17	9.81e-01	1.94e-02	7.45e-05
 9.62123e+17	9.81e-01	1.89e-02	7.10e-05
 9.65479e+17	9.81e-01	1.84e-02	6.75e-05
 9.68533e+17	9.82e-01	1.80e-02	6.46e-05
 9.71879e+17	9.82e-01	1.76e-02	6.13e-05
 9.76230e+17	9.83e-01	1.70e-02	5.74e-05
 9.81217e+17	9.84e-01	1.64e-02	5.34e-05
 9.86130e+17	9.84e-01	1.58e-02	4.98e-05
 9.90864e+17	9.85e-01	1.53e-02	4.65e-05
 9.95644e+17	9.85e-01	1.48e-02	4.35e-05
 1.00058e+18	9.86e-01	1.43e-02	4.05e-05
 1.00561e+18	9.86e-01	1.38e-02	3.78e-05
 1.01065e+18	9.87e-01	1.33e-02	3.53e-05
 1.01571e+18	9.87e-01	1.28e-02	3.29e-05
 1.02086e+18	9.88e-01	1.24e-02	3.07e-05
 1.02610e+18	9.88e-01	1.20e-02	2.86e-05
 1.03138e+18	9.88e-01	1.15e-02	2.66e-05
 1.03669e+18	9.89e-01	1.11e-02	2.48e-05
 1.04203e+18	9.89e-01	1.08e-02	2.32e-05
 1.04740e+18	9.90e-01	1.04e-02	2.16e-05
 1.05280e+18	9.90e-01	1.00e-02	2.01e-05
 1.05822e+18	9.90e-01	9.67e-03	1.88e-05
 1.06368e+18	9.91e-01	9.34e-03	1.75e-05
 1.06917e+18	9.91e-01	9.01e-03	1.63e-05
 1.07468e+18	9.91e-01	8.70e-03	1.52e-05
 1.08020e+18	9.92e-01	8.40e-03	1.42e-05
 1.08575e+18	9.92e-01	8.11e-03	1.32e-05
 1.09131e+18	9.92e-01	7.83e-03	1.24e-05
 1.09692e+18	9.92e-01	7.57e-03	1.15e-05
 1.10259e+18	9.93e-01	7.30e-03	1.07e-05
 1.10831e+18	9.93e-01	7.05e-03	1.00e-05
 1.11406e+18	9.93e-01	6.81e-03	9.35e-06
 1.11984e+18	9.93e-01	6.57e-03	8.72e-06
 1.12567e+18	9.94e-01	6.35e-03	8.14e-06
 1.13155e+18	9.94e-01	6.13e-03	7.59e-06
 1.13749e+18	9.94e-01	5.92e-03	7.07e-06
 1.14351e+18	9.94e-01	5.71e-03	6.59e-06
 1.14962e+18	9.94e-01	5.51e-03	6.14e-06
 1.15584e+18	9.95e-01	5.31e-03	5.72e-06
 1.16220e+18	9.95e-01	5.12e-03	5.32e-06
 1.16869e+18	9.95e-01	4.94e-03	4.94e-06
 1.17529e+18	9.95e-01	4.76e-03	4.59e-06
 1.18202e+18	9.95e-01	4.58e-03	4.26e-06
 1.18892e+18	9.96e-01	4.41e-03	3.95e-06
 1.19601e+18	9.96e-01	4.24e-03	3.66e-06
 1.20328e+18	9.96e-01	4.08e-03	3.38e-06
 1.21080e+18	9.96e-01	3.92e-03	3.12e-06
 1.21857e+18	9.96e-01	3.76e-03	2.88e-06
 1.22659e+18	9.96e-01	3.61e-03	2.65e-06
 1.23488e+18	9.97e-01	3.45e-03	2.43e-06
 1.24347e+18	9.97e-01	3.31e-03	2.23e-06
 1.25237e+18	9.97e-01	3.16e-03	2.04e-06
 1.26165e+18	9.97e-01	3.02e-03	1.86e-06
 1.27125e+18	9.97e-01	2.88e-03	1.70e-06
 1.28125e+18	9.97e-01	2.74e-03	1.54e-06
 1.29171e+18	9.97e-01	2.61e-03	1.39e-06
 1.30245e+18	9.98e-01	2.48e-03	1.26e-06
 1.31334e+18	9.98e-01	2.36e-03	1.14e-06
 1.32442e+18	9.98e-01	2.24e-03	1.03e-06
 1.33575e+18	9.98e-01	2.13e-03	9.29e-07
 1.34736e+18	9.98e-01	2.02e-03	8.37e-07
 1.35922e+18	9.98e-01	1.91e-03	7.54e-07
 1.37136e+18	9.98e-01	1.81e-03	6.77e-07
 1.38376e+18	9.98e-01	1.72e-03	6.08e-07
 1.39643e+18	9.98e-01	1.63e-03	5.45e-07
 1.40938e+18	9.98e-01	1.54e-03	4.88e-07
 1.42263e+18	9.99e-01	1.45e-03	4.37e-07
 1.43620e+18	9.99e-01	1.37e-03	3.90e-07
 1.45010e+18	9.99e-01	1.30e-03	3.47e-07
 1.46433e+18	9.99e-01	1.22e-03	3.09e-07
 1.47891e+18	9.99e-01	1.15e-03	2.74e-07
 1.49387e+18	9.99e-01	1.08e-03	2.43e-07
 1.50923e+18	9.99e-01	1.02e-03	2.15e-07
 1.52499e+18	9.99e-01	9.57e-04	1.90e-07
 1.54119e+18	9.99e-01	8.97e-04	1.67e-07
 1.55786e+18	9.99e-01	8.40e-04	1.46e-07
 1.57502e+18	9.99e-01	7.85e-04	1.28e-07
 1.59272e+18	9.99e-01	7.33e-04	1.12e-07
 1.61097e+18	9.99e-01	6.83e-04	9.71e-08
 1.62984e+18	9.99e-01	6.36e-04	8.41e-08
 1.64938e+18	9.99e-01	5.90e-04	7.25e-08
 1.66962e+18	9.99e-01	5.46e-04	6.22e-08
 1.69065e+18	9.99e-01	5.05e-04	5.32e-08
 1.71254e+18	1.00e+00	4.65e-04	4.52e-08
 1.73528e+18	1.00e+00	4.28e-04	3.82e-08
 1.75870e+18	1.00e+00	3.92e-04	3.22e-08
 1.78335e+18	1.00e+00	3.58e-04	2.68e-08
 1.80982e+18	1.00e+00	3.25e-04	2.21e-08
 1.83788e+18	1.00e+00	2.93e-04	1.80e-08
 1.86764e+18	1.00e+00	2.63e-04	1.45e-08
 1.89936e+18	1.00e+00	2.35e-04	1.16e-08
 1.93327e+18	1.00e+00	2.08e-04	9.09e-09
 1.96990e+18	1.00e+00	1.83e-04	7.01e-09
 2.00988e+18	1.00e+00	1.58e-04	5.29e-09
 2.05396e+18	1.00e+00	1.36e-04	3.88e-09
 2.10312e+18	1.00e+00	1.14e-04	2.75e-09
 2.16029e+18	1.00e+00	9.37e-05	1.86e-09
 2.22433e+18	1.00e+00	7.55e-05	1.21e-09
 2.29200e+18	1.00e+00	6.03e-05	7.71e-10
 2.36229e+18	1.00e+00	4.80e-05	4.88e-10
 2.43326e+18	1.00e+00	3.82e-05	3.11e-10
 2.50447e+18	1.00e+00	3.06e-05	1.99e-10
 2.57657e+18	1.00e+00	2.45e-05	1.28e-10
 2.65016e+18	1.00e+00	1.96e-05	8.21e-11
 2.72513e+18	1.00e+00	1.57e-05	5.29e-11
 2.80175e+18	1.00e+00	1.26e-05	3.40e-11
 2.88055e+18	1.00e+00	1.01e-05	2.18e-11
 2.96118e+18	1.00e+00	8.07e-06	1.40e-11
 3.04370e+18	1.00e+00	6.46e-06	8.98e-12
 3.12836e+18	1.00e+00	5.16e-06	5.76e-12
 3.21536e+18	1.00e+00	4.12e-06	3.67e-12
 3.30488e+18	1.00e+00	3.28e-06	2.34e-12
 3.39698e+18	1.00e+00	2.61e-06	1.49e-12
 3.49207e+18	1.00e+00	2.08e-06	9.40e-13
 3.59062e+18	1.00e+00	1.64e-06	5.90e-13
 3.69311e+18	1.00e+00	1.30e-06	3.68e-13
 3.80013e+18	1.00e+00	1.02e-06	2.27e-13
 3.91248e+18	1.00e+00	7.92e-07	1.38e-13
 4.03127e+18	1.00e+00	6.12e-07	8.30e-14
 4.15807e+18	1.00e+00	4.68e-07	4.86e-14
 4.29507e+18	1.00e+00	3.52e-07	2.77e-14
 4.44553e+18	1.00e+00	2.60e-07	1.51e-14
 4.61440e+18	1.00e+00	1.86e-07	7.80e-15
 4.79828e+18	1.00e+00	1.31e-07	3.90e-15
 4.99022e+18	1.00e+00	9.19e-08	1.93e-15
 5.18982e+18	1.00e+00	6.42e-08	9.50e-16
 5.39742e+18	1.00e+00	4.47e-08	4.63e-16
 5.61331e+18	1.00e+00	3.10e-08	2.24e-16
 5.83785e+18	1.00e+00	2.14e-08	1.08e-16
 6.07136e+18	1.00e+00	1.47e-08	5.16e-17
 6.31421e+18	1.00e+00	1.01e-08	2.45e-17
 6.56445e+18	1.00e+00	6.92e-09	1.16e-17
 6.81721e+18	1.00e+00	4.78e-09	5.60e-18
 7.06976e+18	1.00e+00	3.34e-09	2.76e-18
 7.32204e+18	1.00e+00	2.36e-09	1.39e-18
 7.57403e+18	1.00e+00	1.68e-09	7.12e-19
 7.82569e+18	1.00e+00	1.21e-09	3.72e-19
 8.07698e+18	1.00e+00	8.81e-10	1.99e-19
 8.32782e+18	1.00e+00	6.47e-10	1.08e-19
 8.57811e+18	1.00e+00	4.79e-10	5.96e-20
 8.82405e+18	1.00e+00	3.60e-10	3.40e-20
 9.05802e+18	1.00e+00	2.77e-10	2.03e-20
 9.27490e+18	1.00e+00	2.19e-10	1.28e-20
 9.46298e+18	1.00e+00	1.80e-10	8.71e-21
 9.59914e+18	1.00e+00	1.58e-10	0.00e+00
 9.67882e+18	1.00e+00	1.47e-10	0.00e+00
 9.72352e+18	1.00e+00	1.41e-10	0.00e+00
 9.75549e+18	1.00e+00	1.37e-10	0.00e+00
 9.78934e+18	1.00e+00	1.32e-10	0.00e+00
 9.82488e+18	1.00e+00	1.27e-10	0.00e+00
 9.85254e+18	1.00e+00	1.24e-10	0.00e+00
 9.87011e+18	1.00e+00	1.22e-10	0.00e+00
 9.88065e+18	1.00e+00	1.21e-10	0.00e+00
 9.88759e+18	1.00e+00	1.21e-10	0.00e+00
 9.89416e+18	1.00e+00	1.20e-10	0.00e+00
 9.90161e+18	1.00e+00	1.19e-10	0.00e+00
 9.90870e+18	1.00e+00	1.18e-10	0.00e+00
 9.91451e+18	1.00e+00	1.18e-10	0.00e+00
 9.92007e+18	1.00e+00	1.17e-10	0.00e+00
 9.92603e+18	1.00e+00	1.16e-10	0.00e+00
 9.93173e+18	1.00e+00	1.16e-10	0.00e+00
 9.93671e+18	1.00e+00	1.15e-10	0.00e+00
 9.94171e+18	1.00e+00	1.15e-10	0.00e+00
 9.94687e+18	1.00e+00	1.14e-10	0.00e+00
 9.95143e+18	1.00e+00	1.14e-10	0.00e+00
 9.95539e+18	1.00e+00	1.13e-10	0.00e+00
 9.95956e+18	1.00e+00	1.13e-10	0.00e+00
 9.96405e+18	1.00e+00	1.12e-10	0.00e+00
 9.96814e+18	1.00e+00	1.12e-10	0.00e+00
 9.97182e+18	1.00e+00	1.12e-10	0.00e+00
 9.97540e+18	1.00e+00	1.11e-10	0.00e+00
 9.97899e+18	1.00e+00	1.11e-10	0.00e+00
 9.98241e+18	1.00e+00	1.10e-10	0.00e+00
 9.98573e+18	1.00e+00	1.10e-10	0.00e+00
 9.98916e+18	1.00e+00	1.10e-10	0.00e+00
 9.99263e+18	1.00e+00	1.09e-10	0.00e+00
 9.99589e+18	1.00e+00	1.09e-10	0.00e+00
 9.99888e+18	1.00e+00	1.09e-10	0.00e+00
 1.00021e+19	1.00e+00	1.08e-10	0.00e+00
 1.00056e+19	1.00e+00	1.08e-10	0.00e+00
 1.00088e+19	1.00e+00	1.08e-10	0.00e+00
 1.00115e+19	1.00e+00	1.08e-10	0.00e+00
 1.00145e+19	1.00e+00	1.07e-10	0.00e+00
 1.00179e+19	1.00e+00	1.07e-10	0.00e+00
 1.00212e+19	1.00e+00	1.06e-10	0.00e+00
 1.00243e+19	1.00e+00	1.06e-10	0.00e+00
 1.00274e+19	1.00e+00	1.06e-10	0.00e+00
 1.00305e+19	1.00e+00	1.06e-10	0.00e+00
 1.00339e+19	1.00e+00	1.05e-10	0.00e+00
 1.00377e+19	1.00e+00	1.05e-10	0.00e+00
 1.00417e+19	1.00e+00	1.04e-10	0.00e+00
 1.00451e+19	1.00e+00	1.04e-10	0.00e+00
 1.00481e+19	1.00e+00	1.04e-10	0.00e+00
 1.00514e+19	1.00e+00	1.03e-10	0.00e+00
 1.00554e+19	1.00e+00	1.03e-10	0.00e+00
 1.00592e+19	1.00e+00	1.03e-10	0.00e+00
 1.00629e+19	1.00e+00	1.02e-10	0.00e+00
 1.00667e+19	1.00e+00	1.02e-10	0.00e+00
 1.00707e+19	1.00e+00	1.01e-10	0.00e+00
 1.00747e+19	1.00e+00	1.01e-10	0.00e+00
 1.00787e+19	1.00e+00	1.01e-10	0.00e+00
 1.00830e+19	1.00e+00	1.00e-10	0.00e+00
 1.00871e+19	1.00e+00	9.98e-11	0.00e+00
 1.00916e+19	1.00e+00	9.94e-11	0.00e+00
 1.00966e+19	1.00e+00	9.89e-11	0.00e+00
 1.01013e+19	1.00e+00	9.84e-11	0.00e+00
 1.01058e+19	1.00e+00	9.80e-11	0.00e+00
 1.01109e+19	1.00e+00	9.75e-11	0.00e+00
 1.01165e+19	1.00e+00	9.69e-11	0.00e+00
 1.01218e+19	1.00e+00	9.64e-11	0.00e+00
 1.01269e+19	1.00e+00	9.59e-11	0.00e+00
 1.01323e+19	1.00e+00	9.54e-11	0.00e+00
 1.01382e+19	1.00e+00	9.48e-11	0.00e+00
 1.01445e+19	1.00e+00	9.42e-11	0.00e+00
 1.01505e+19	1.00e+00	9.37e-11	0.00e+00
 1.01564e+19	1.00e+00	9.32e-11	0.00e+00
 1.01624e+19	1.00e+00	9.26e-11	0.00e+00
 1.01689e+19	1.00e+00	9.20e-11	0.00e+00
 1.01761e+19	1.00e+00	9.13e-11	0.00e+00
 1.01834e+19	1.00e+00	9.06e-11	0.00e+00
 1.01907e+19	1.00e+00	9.00e-11	0.00e+00
 1.01978e+19	1.00e+00	8.94e-11	0.00e+00
 1.02049e+19	1.00e+00	8.88e-11	0.00e+00
 1.02127e+19	1.00e+00	8.81e-11	0.00e+00
 1.02212e+19	1.00e+00	8.73e-11	0.00e+00
 1.02299e+19	1.00e+00	8.66e-11	0.00e+00
 1.02383e+19	1.00e+00	8.59e-11	0.00e+00
 1.02471e+19	1.00e+00	8.51e-11	0.00e+00
 1.02565e+19	1.00e+00	8.43e-11	0.00e+00
 1.02660e+19	1.00e+00	8.36e-11	0.00e+00
 1.02753e+19	1.00e+00	8.28e-11	0.00e+00
 1.02856e+19	1.00e+00	8.19e-11	0.00e+00
 1.02968e+19	1.00e+00	8.10e-11	0.00e+00
 1.03078e+19	1.00e+00	8.02e-11	0.00e+00
 1.03188e+19	1.00e+00	7.94e-11	0.00e+00
 1.03309e+19	1.00e+00	7.83e-11	0.00e+00
 1.03438e+19	1.00e+00	7.74e-11	0.00e+00
 1.03566e+19	1.00e+00	7.65e-11	0.00e+00
 1.03698e+19	1.00e+00	7.55e-11	0.00e+00
 1.03837e+19	1.00e+00	7.45e-11	0.00e+00
 1.03981e+19	1.00e+00	7.35e-11	0.00e+00
 1.04133e+19	1.00e+00	7.24e-11	0.00e+00
 1.04288e+19	1.00e+00	7.13e-11	0.00e+00
 1.04445e+19	1.00e+00	7.03e-11	0.00e+00
 1.04609e+19	1.00e+00	6.92e-11	0.00e+00
 1.04783e+19	1.00e+00	6.80e-11	0.00e+00
 1.04964e+19	1.00e+00	6.69e-11	0.00e+00
 1.05155e+19	1.00e+00	6.57e-11	0.00e+00
 1.05352e+19	1.00e+00	6.45e-11	0.00e+00
 1.05552e+19	1.00e+00	6.33e-11	0.00e+00
 1.05759e+19	1.00e+00	6.21e-11	0.00e+00
 1.05979e+19	1.00e+00	6.08e-11	0.00e+00
 1.06213e+19	1.00e+00	5.95e-11	0.00e+00
 1.06453e+19	1.00e+00	5.81e-11	0.00e+00
 1.06697e+19	1.00e+00	5.69e-11	0.00e+00
 1.06951e+19	1.00e+00	5.55e-11	0.00e+00
 1.07218e+19	1.00e+00	5.42e-11	0.00e+00
 1.07499e+19	1.00e+00	5.27e-11	0.00e+00
 1.07791e+19	1.00e+00	5.13e-11	0.00e+00
 1.08094e+19	1.00e+00	4.99e-11	0.00e+00
 1.08415e+19	1.00e+00	4.84e-11	0.00e+00
 1.08749e+19	1.00e+00	4.70e-11	0.00e+00
 1.09097e+19	1.00e+00	4.54e-11	0.00e+00
 1.09454e+19	1.00e+00	4.39e-11	0.00e+00
 1.09826e+19	1.00e+00	4.23e-11	0.00e+00
 1.10221e+19	1.00e+00	4.08e-11	0.00e+00
 1.10639e+19	1.00e+00	3.91e-11	0.00e+00
 1.11083e+19	1.00e+00	3.75e-11	0.00e+00
 1.11561e+19	1.00e+00	3.58e-11	0.00e+00
 1.12078e+19	1.00e+00	3.40e-11	0.00e+00
 1.12616e+19	1.00e+00	3.22e-11	0.00e+00
 1.13128e+19	1.00e+00	3.07e-11	0.00e+00
 1.13558e+19	1.00e+00	2.95e-11	0.00e+00
 1.13914e+19	1.00e+00	2.85e-11	0.00e+00
 1.14242e+19	1.00e+00	2.75e-11	0.00e+00
 1.14572e+19	1.00e+00	2.66e-11	0.00e+00
 1.14903e+19	1.00e+00	2.58e-11	0.00e+00
 1.15220e+19	1.00e+00	2.50e-11	0.00e+00
 1.15516e+19	1.00e+00	2.42e-11	0.00e+00
 1.15794e+19	1.00e+00	2.36e-11	0.00e+00
 1.16068e+19	1.00e+00	2.29e-11	0.00e+00
 1.16342e+19	1.00e+00	2.23e-11	0.00e+00
 1.16613e+19	1.00e+00	2.17e-11	0.00e+00
 1.16875e+19	1.00e+00	2.12e-11	0.00e+00
 1.17128e+19	1.00e+00	2.06e-11	0.00e+00
 1.17377e+19	1.00e+00	2.01e-11	0.00e+00
 1.17624e+19	1.00e+00	1.96e-11	0.00e+00
 1.17869e+19	1.00e+00	1.92e-11	0.00e+00
 1.18111e+19	1.00e+00	1.87e-11	0.00e+00
 1.18348e+19	1.00e+00	1.83e-11	0.00e+00
 1.18582e+19	1.00e+00	1.79e-11	0.00e+00
 1.18814e+19	1.00e+00	1.75e-11	0.00e+00
 1.19044e+19	1.00e+00	1.71e-11	0.00e+00
 1.19273e+19	1.00e+00	1.67e-11	0.00e+00
 1.19499e+19	1.00e+00	1.63e-11	0.00e+00
 1.19723e+19	1.00e+00	1.60e-11	0.00e+00
 1.19945e+19	1.00e+00	1.56e-11	0.00e+00
 1.20166e+19	1.00e+00	1.53e-11	0.00e+00
 1.20386e+19	1.00e+00	1.49e-11	0.00e+00
 1.20605e+19	1.00e+00	1.46e-11	0.00e+00
 1.20855e+19	1.00e+00	1.43e-11	0.00e+00
 1.21181e+19	1.00e+00	1.38e-11	0.00e+00
 1.21604e+19	1.00e+00	1.32e-11	0.00e+00
 1.22155e+19	1.00e+00	1.25e-11	0.00e+00
 1.22870e+19	1.00e+00	1.16e-11	0.00e+00
 1.23773e+19	1.00e+00	1.07e-11	0.00e+00
 1.24761e+19	1.00e+00	9.69e-12	0.00e+00
 1.25668e+19	1.00e+00	8.89e-12	0.00e+00
 1.26461e+19	1.00e+00	8.25e-12	0.00e+00
 1.27214e+19	1.00e+00	7.67e-12	0.00e+00
 1.28007e+19	1.00e+00	7.11e-12	0.00e+00
 1.28863e+19	1.00e+00	6.56e-12	0.00e+00
 1.29748e+19	1.00e+00	6.03e-12	0.00e+00
 1.30621e+19	1.00e+00	5.56e-12	0.00e+00
 1.31478e+19	1.00e+00	5.13e-12	0.00e+00
 1.32347e+19	1.00e+00	4.73e-12	0.00e+00
 1.33260e+19	1.00e+00	4.34e-12	0.00e+00
 1.34232e+19	1.00e+00	3.97e-12	0.00e+00
 1.35258e+19	1.00e+00	3.60e-12	0.00e+00
 1.36342e+19	1.00e+00	3.26e-12	0.00e+00
 1.37515e+19	1.00e+00	2.92e-12	0.00e+00
