#depth	He	He+	He+2
 1.49634e+10	3.27e-22	1.49e-11	1.00e+00
 4.54887e+10	3.75e-22	1.62e-11	1.00e+00
 7.72350e+10	4.28e-22	1.76e-11	1.00e+00
 1.10251e+11	4.89e-22	1.91e-11	1.00e+00
 1.44588e+11	5.60e-22	2.08e-11	1.00e+00
 1.80298e+11	6.42e-22	2.26e-11	1.00e+00
 2.17437e+11	7.36e-22	2.46e-11	1.00e+00
 2.52368e+11	8.36e-22	2.65e-11	1.00e+00
 2.83624e+11	9.33e-22	2.84e-11	1.00e+00
 3.18720e+11	1.05e-21	3.05e-11	1.00e+00
 3.60292e+11	1.21e-21	3.32e-11	1.00e+00
 4.02062e+11	1.38e-21	3.60e-11	1.00e+00
 4.41289e+11	1.56e-21	3.87e-11	1.00e+00
 4.84654e+11	1.78e-21	4.19e-11	1.00e+00
 5.33966e+11	2.06e-21	4.57e-11	1.00e+00
 5.83214e+11	2.38e-21	4.97e-11	1.00e+00
 6.34431e+11	2.74e-21	5.41e-11	1.00e+00
 6.89735e+11	3.17e-21	5.91e-11	1.00e+00
 7.41532e+11	3.63e-21	6.41e-11	1.00e+00
 7.87674e+11	4.08e-21	6.87e-11	1.00e+00
 8.39515e+11	4.62e-21	7.41e-11	1.00e+00
 9.01156e+11	5.35e-21	8.09e-11	1.00e+00
 9.63159e+11	6.16e-21	8.82e-11	1.00e+00
 1.02110e+12	6.99e-21	9.53e-11	1.00e+00
 1.08533e+12	8.01e-21	1.04e-10	1.00e+00
 1.15867e+12	9.32e-21	1.14e-10	1.00e+00
 1.23068e+12	1.07e-20	1.24e-10	1.00e+00
 1.29990e+12	1.22e-20	1.35e-10	1.00e+00
 1.37615e+12	1.41e-20	1.47e-10	1.00e+00
 1.46113e+12	1.63e-20	1.62e-10	1.00e+00
 1.54681e+12	1.89e-20	1.78e-10	1.00e+00
 1.63592e+12	2.17e-20	1.95e-10	1.00e+00
 1.72783e+12	2.51e-20	2.15e-10	1.00e+00
 1.81790e+12	2.86e-20	2.35e-10	1.00e+00
 1.91503e+12	3.28e-20	2.57e-10	1.00e+00
 2.02156e+12	3.79e-20	2.84e-10	1.00e+00
 2.13235e+12	4.36e-20	3.14e-10	1.00e+00
 2.24757e+12	5.02e-20	3.47e-10	1.00e+00
 2.36740e+12	5.77e-20	3.84e-10	1.00e+00
 2.47569e+12	6.51e-20	4.20e-10	1.00e+00
 2.56577e+12	7.15e-20	4.51e-10	1.00e+00
 2.66439e+12	7.90e-20	4.87e-10	1.00e+00
 2.78950e+12	8.92e-20	5.35e-10	1.00e+00
 2.92012e+12	1.01e-19	5.89e-10	1.00e+00
 3.03079e+12	1.11e-19	6.37e-10	1.00e+00
 3.14446e+12	1.22e-19	6.89e-10	1.00e+00
 3.28784e+12	1.38e-19	7.58e-10	1.00e+00
 3.43361e+12	1.55e-19	8.33e-10	1.00e+00
 3.55832e+12	1.70e-19	9.00e-10	1.00e+00
 3.69189e+12	1.87e-19	9.76e-10	1.00e+00
 3.85771e+12	2.10e-19	1.08e-09	1.00e+00
 4.02792e+12	2.35e-19	1.18e-09	1.00e+00
 4.18065e+12	2.60e-19	1.29e-09	1.00e+00
 4.34813e+12	2.89e-19	1.40e-09	1.00e+00
 4.54662e+12	3.26e-19	1.55e-09	1.00e+00
 4.74574e+12	3.67e-19	1.71e-09	1.00e+00
 4.93412e+12	4.10e-19	1.86e-09	1.00e+00
 5.14269e+12	4.63e-19	2.05e-09	1.00e+00
 5.37833e+12	5.29e-19	2.26e-09	1.00e+00
 5.61315e+12	6.04e-19	2.49e-09	1.00e+00
 5.82022e+12	6.77e-19	2.70e-09	1.00e+00
 6.00231e+12	7.47e-19	2.90e-09	1.00e+00
 6.20864e+12	8.35e-19	3.12e-09	1.00e+00
 6.43867e+12	9.44e-19	3.39e-09	1.00e+00
 6.65481e+12	1.06e-18	3.65e-09	1.00e+00
 6.89108e+12	1.19e-18	3.95e-09	1.00e+00
 7.15507e+12	1.37e-18	4.30e-09	1.00e+00
 7.40420e+12	1.55e-18	4.64e-09	1.00e+00
 7.67716e+12	1.77e-18	5.03e-09	1.00e+00
 7.98264e+12	2.05e-18	5.49e-09	1.00e+00
 8.27201e+12	2.35e-18	5.94e-09	1.00e+00
 8.53993e+12	2.66e-18	6.38e-09	1.00e+00
 8.83837e+12	3.04e-18	6.89e-09	1.00e+00
 9.17299e+12	3.53e-18	7.49e-09	1.00e+00
 9.48873e+12	4.04e-18	8.07e-09	1.00e+00
 9.83329e+12	4.66e-18	8.74e-09	1.00e+00
 1.02144e+13	5.45e-18	9.51e-09	1.00e+00
 1.05674e+13	6.27e-18	1.03e-08	1.00e+00
 1.09507e+13	7.26e-18	1.11e-08	1.00e+00
 1.13793e+13	8.52e-18	1.21e-08	1.00e+00
 1.17836e+13	9.86e-18	1.30e-08	1.00e+00
 1.22258e+13	1.15e-17	1.41e-08	1.00e+00
 1.27193e+13	1.36e-17	1.54e-08	1.00e+00
 1.31842e+13	1.58e-17	1.67e-08	1.00e+00
 1.36885e+13	1.85e-17	1.81e-08	1.00e+00
 1.42541e+13	2.20e-17	1.98e-08	1.00e+00
 1.47995e+13	2.58e-17	2.15e-08	1.00e+00
 1.53784e+13	3.03e-17	2.33e-08	1.00e+00
 1.60235e+13	3.60e-17	2.55e-08	1.00e+00
 1.66746e+13	4.27e-17	2.78e-08	1.00e+00
 1.73517e+13	5.03e-17	3.02e-08	1.00e+00
 1.80757e+13	6.00e-17	3.30e-08	1.00e+00
 1.87586e+13	7.00e-17	3.57e-08	1.00e+00
 1.93752e+13	8.02e-17	3.82e-08	1.00e+00
 1.99605e+13	9.08e-17	4.07e-08	1.00e+00
 2.06099e+13	1.04e-16	4.35e-08	1.00e+00
 2.13370e+13	1.20e-16	4.68e-08	1.00e+00
 2.20258e+13	1.37e-16	5.00e-08	1.00e+00
 2.27821e+13	1.57e-16	5.37e-08	1.00e+00
 2.36112e+13	1.82e-16	5.78e-08	1.00e+00
 2.43717e+13	2.07e-16	6.17e-08	1.00e+00
 2.51969e+13	2.37e-16	6.61e-08	1.00e+00
 2.61180e+13	2.74e-16	7.11e-08	1.00e+00
 2.69854e+13	3.14e-16	7.61e-08	1.00e+00
 2.79343e+13	3.60e-16	8.16e-08	1.00e+00
 2.89900e+13	4.18e-16	8.79e-08	1.00e+00
 2.99794e+13	4.79e-16	9.41e-08	1.00e+00
 3.10605e+13	5.51e-16	1.01e-07	1.00e+00
 3.22672e+13	6.42e-16	1.09e-07	1.00e+00
 3.34059e+13	7.37e-16	1.17e-07	1.00e+00
 3.46430e+13	8.50e-16	1.26e-07	1.00e+00
 3.60245e+13	9.91e-16	1.36e-07	1.00e+00
 3.73523e+13	1.14e-15	1.46e-07	1.00e+00
 3.87674e+13	1.32e-15	1.57e-07	1.00e+00
 4.03481e+13	1.54e-15	1.70e-07	1.00e+00
 4.19303e+13	1.79e-15	1.83e-07	1.00e+00
 4.35758e+13	2.08e-15	1.98e-07	1.00e+00
 4.53487e+13	2.43e-15	2.14e-07	1.00e+00
 4.71926e+13	2.83e-15	2.31e-07	1.00e+00
 4.91102e+13	3.30e-15	2.50e-07	1.00e+00
 5.09715e+13	3.81e-15	2.69e-07	1.00e+00
 5.27292e+13	4.34e-15	2.87e-07	1.00e+00
 5.43889e+13	4.89e-15	3.05e-07	1.00e+00
 5.61960e+13	5.54e-15	3.25e-07	1.00e+00
 5.82099e+13	6.35e-15	3.48e-07	1.00e+00
 6.01096e+13	7.19e-15	3.71e-07	1.00e+00
 6.21965e+13	8.19e-15	3.96e-07	1.00e+00
 6.45474e+13	9.44e-15	4.26e-07	1.00e+00
 6.67985e+13	1.08e-14	4.56e-07	1.00e+00
 6.92510e+13	1.24e-14	4.90e-07	1.00e+00
 7.19860e+13	1.44e-14	5.28e-07	1.00e+00
 7.46443e+13	1.66e-14	5.68e-07	1.00e+00
 7.74738e+13	1.91e-14	6.11e-07	1.00e+00
 8.03476e+13	2.20e-14	6.57e-07	1.00e+00
 8.28855e+13	2.48e-14	6.99e-07	1.00e+00
 8.56406e+13	2.81e-14	7.47e-07	1.00e+00
 8.89568e+13	3.25e-14	8.05e-07	1.00e+00
 9.22477e+13	3.75e-14	8.66e-07	1.00e+00
 9.51880e+13	4.23e-14	9.23e-07	1.00e+00
 9.84270e+13	4.81e-14	9.87e-07	1.00e+00
 1.02278e+14	5.57e-14	1.07e-06	1.00e+00
 1.06092e+14	6.43e-14	1.15e-06	1.00e+00
 1.09573e+14	7.27e-14	1.23e-06	1.00e+00
 1.13454e+14	8.31e-14	1.32e-06	1.00e+00
 1.17976e+14	9.65e-14	1.42e-06	1.00e+00
 1.22426e+14	1.11e-13	1.54e-06	1.00e+00
 1.26618e+14	1.26e-13	1.64e-06	1.00e+00
 1.31277e+14	1.45e-13	1.77e-06	1.00e+00
 1.36558e+14	1.68e-13	1.92e-06	1.00e+00
 1.41834e+14	1.94e-13	2.07e-06	1.00e+00
 1.46775e+14	2.21e-13	2.22e-06	1.00e+00
 1.52131e+14	2.53e-13	2.39e-06	1.00e+00
 1.58246e+14	2.93e-13	2.59e-06	1.00e+00
 1.64009e+14	3.34e-13	2.78e-06	1.00e+00
 1.69195e+14	3.75e-13	2.96e-06	1.00e+00
 1.74108e+14	4.16e-13	3.14e-06	1.00e+00
 1.79565e+14	4.65e-13	3.34e-06	1.00e+00
 1.85640e+14	5.26e-13	3.57e-06	1.00e+00
 1.91359e+14	5.86e-13	3.80e-06	1.00e+00
 1.97633e+14	6.60e-13	4.06e-06	1.00e+00
 2.04655e+14	7.48e-13	4.36e-06	1.00e+00
 2.11296e+14	8.39e-13	4.65e-06	1.00e+00
 2.18578e+14	9.47e-13	4.98e-06	1.00e+00
 2.26640e+14	1.08e-12	5.36e-06	1.00e+00
 2.34120e+14	1.21e-12	5.73e-06	1.00e+00
 2.42245e+14	1.36e-12	6.13e-06	1.00e+00
 2.51295e+14	1.55e-12	6.62e-06	1.00e+00
 2.59752e+14	1.74e-12	7.07e-06	1.00e+00
 2.68952e+14	1.97e-12	7.61e-06	1.00e+00
 2.79183e+14	2.24e-12	8.20e-06	1.00e+00
 2.88781e+14	2.52e-12	8.80e-06	1.00e+00
 2.99229e+14	2.85e-12	9.46e-06	1.00e+00
 3.10879e+14	3.26e-12	1.02e-05	1.00e+00
 3.21878e+14	3.68e-12	1.10e-05	1.00e+00
 3.33666e+14	4.18e-12	1.19e-05	1.00e+00
 3.46778e+14	4.77e-12	1.29e-05	1.00e+00
 3.59552e+14	5.43e-12	1.39e-05	1.00e+00
 3.73102e+14	6.16e-12	1.50e-05	1.00e+00
 3.88056e+14	7.08e-12	1.63e-05	1.00e+00
 4.02736e+14	8.05e-12	1.76e-05	1.00e+00
 4.14837e+14	8.95e-12	1.88e-05	1.00e+00
 4.24524e+14	9.72e-12	1.98e-05	1.00e+00
 4.35203e+14	1.06e-11	2.08e-05	1.00e+00
 4.49085e+14	1.19e-11	2.23e-05	1.00e+00
 4.63996e+14	1.33e-11	2.40e-05	1.00e+00
 4.77274e+14	1.48e-11	2.55e-05	1.00e+00
 4.91562e+14	1.65e-11	2.72e-05	1.00e+00
 5.09646e+14	1.88e-11	2.94e-05	1.00e+00
 5.27981e+14	2.14e-11	3.18e-05	1.00e+00
 5.43558e+14	2.38e-11	3.40e-05	1.00e+00
 5.60233e+14	2.65e-11	3.63e-05	1.00e+00
 5.81065e+14	3.04e-11	3.94e-05	1.00e+00
 6.02477e+14	3.50e-11	4.28e-05	1.00e+00
 6.21338e+14	3.92e-11	4.58e-05	1.00e+00
 6.41709e+14	4.40e-11	4.92e-05	1.00e+00
 6.66302e+14	5.10e-11	5.37e-05	1.00e+00
 6.90695e+14	5.86e-11	5.83e-05	1.00e+00
 7.12373e+14	6.58e-11	6.24e-05	1.00e+00
 7.36209e+14	7.48e-11	6.73e-05	1.00e+00
 7.64691e+14	8.65e-11	7.34e-05	1.00e+00
 7.93059e+14	9.96e-11	7.97e-05	1.00e+00
 8.19018e+14	1.12e-10	8.56e-05	1.00e+00
 8.47998e+14	1.29e-10	9.28e-05	1.00e+00
 8.81681e+14	1.50e-10	1.01e-04	1.00e+00
 9.14807e+14	1.73e-10	1.10e-04	1.00e+00
 9.46316e+14	1.98e-10	1.19e-04	1.00e+00
 9.81258e+14	2.29e-10	1.29e-04	1.00e+00
 1.01416e+15	2.57e-10	1.39e-04	1.00e+00
 1.03882e+15	2.84e-10	1.47e-04	1.00e+00
 1.06413e+15	3.15e-10	1.55e-04	1.00e+00
 1.09704e+15	3.56e-10	1.66e-04	1.00e+00
 1.13261e+15	3.99e-10	1.79e-04	1.00e+00
 1.16463e+15	4.47e-10	1.90e-04	1.00e+00
 1.19924e+15	5.06e-10	2.03e-04	1.00e+00
 1.24320e+15	5.86e-10	2.21e-04	1.00e+00
 1.28757e+15	6.65e-10	2.39e-04	1.00e+00
 1.32499e+15	7.49e-10	2.55e-04	1.00e+00
 1.36508e+15	8.44e-10	2.72e-04	1.00e+00
 1.41550e+15	9.89e-10	2.95e-04	1.00e+00
 1.46826e+15	1.13e-09	3.20e-04	1.00e+00
 1.51570e+15	1.29e-09	3.44e-04	1.00e+00
 1.56732e+15	1.47e-09	3.70e-04	1.00e+00
 1.62844e+15	1.75e-09	4.04e-04	1.00e+00
 1.68850e+15	2.01e-09	4.37e-04	1.00e+00
 1.74324e+15	2.30e-09	4.69e-04	1.00e+00
 1.80450e+15	2.61e-09	5.06e-04	9.99e-01
 1.87592e+15	3.11e-09	5.52e-04	9.99e-01
 1.94630e+15	3.61e-09	5.99e-04	9.99e-01
 2.01306e+15	4.15e-09	6.45e-04	9.99e-01
 2.08720e+15	4.75e-09	6.98e-04	9.99e-01
 2.17072e+15	5.70e-09	7.62e-04	9.99e-01
 2.24093e+15	6.49e-09	8.17e-04	9.99e-01
 2.29172e+15	7.12e-09	8.57e-04	9.99e-01
 2.34496e+15	7.83e-09	9.02e-04	9.99e-01
 2.41418e+15	8.69e-09	9.60e-04	9.99e-01
 2.49135e+15	1.01e-08	1.03e-03	9.99e-01
 2.56333e+15	1.13e-08	1.09e-03	9.99e-01
 2.64138e+15	1.26e-08	1.17e-03	9.99e-01
 2.72929e+15	1.47e-08	1.26e-03	9.99e-01
 2.81277e+15	1.65e-08	1.34e-03	9.99e-01
 2.90402e+15	1.87e-08	1.44e-03	9.99e-01
 3.00649e+15	2.19e-08	1.55e-03	9.98e-01
 3.10322e+15	2.49e-08	1.66e-03	9.98e-01
 3.20864e+15	2.83e-08	1.78e-03	9.98e-01
 3.32546e+15	3.35e-08	1.93e-03	9.98e-01
 3.43326e+15	3.82e-08	2.07e-03	9.98e-01
 3.54958e+15	4.37e-08	2.23e-03	9.98e-01
 3.67950e+15	5.01e-08	2.41e-03	9.98e-01
 3.80223e+15	5.88e-08	2.59e-03	9.97e-01
 3.93692e+15	6.79e-08	2.80e-03	9.97e-01
 4.08537e+15	7.78e-08	3.03e-03	9.97e-01
 4.21908e+15	8.93e-08	3.26e-03	9.97e-01
 4.34018e+15	1.01e-07	3.47e-03	9.97e-01
 4.47754e+15	1.15e-07	3.72e-03	9.96e-01
 4.64630e+15	1.38e-07	4.05e-03	9.96e-01
 4.79289e+15	1.57e-07	4.34e-03	9.96e-01
 4.89629e+15	1.73e-07	4.56e-03	9.95e-01
 5.00653e+15	1.90e-07	4.80e-03	9.95e-01
 5.14983e+15	2.12e-07	5.12e-03	9.95e-01
 5.33546e+15	2.53e-07	5.57e-03	9.94e-01
 5.51003e+15	2.85e-07	6.00e-03	9.94e-01
 5.64115e+15	3.23e-07	6.36e-03	9.94e-01
 5.78187e+15	3.61e-07	6.75e-03	9.93e-01
 5.96482e+15	4.08e-07	7.29e-03	9.93e-01
 6.16127e+15	4.84e-07	7.91e-03	9.92e-01
 6.32859e+15	5.44e-07	8.46e-03	9.92e-01
 6.49943e+15	6.10e-07	9.07e-03	9.91e-01
 6.72153e+15	7.35e-07	9.94e-03	9.90e-01
 6.94188e+15	8.49e-07	1.08e-02	9.89e-01
 7.11037e+15	9.49e-07	1.16e-02	9.88e-01
 7.27978e+15	1.07e-06	1.24e-02	9.88e-01
 7.50001e+15	1.28e-06	1.36e-02	9.86e-01
 7.71938e+15	1.48e-06	1.48e-02	9.85e-01
 7.89024e+15	1.65e-06	1.59e-02	9.84e-01
 8.06501e+15	1.87e-06	1.71e-02	9.83e-01
 8.29220e+15	2.26e-06	1.88e-02	9.81e-01
 8.51223e+15	2.61e-06	2.07e-02	9.79e-01
 8.67910e+15	2.93e-06	2.22e-02	9.78e-01
 8.82823e+15	3.32e-06	2.38e-02	9.76e-01
 8.96681e+15	3.65e-06	2.54e-02	9.75e-01
 9.11563e+15	4.10e-06	2.73e-02	9.73e-01
 9.28309e+15	4.80e-06	2.97e-02	9.70e-01
 9.44094e+15	5.45e-06	3.22e-02	9.68e-01
 9.58374e+15	6.16e-06	3.47e-02	9.65e-01
 9.71955e+15	6.94e-06	3.74e-02	9.63e-01
 9.87483e+15	7.83e-06	4.09e-02	9.59e-01
 1.00767e+16	9.65e-06	4.63e-02	9.54e-01
 1.02705e+16	1.17e-05	5.23e-02	9.48e-01
 1.04095e+16	1.33e-05	5.75e-02	9.42e-01
 1.05459e+16	1.55e-05	6.36e-02	9.36e-01
 1.06985e+16	1.86e-05	7.16e-02	9.28e-01
 1.08372e+16	2.21e-05	8.02e-02	9.20e-01
 1.09488e+16	2.63e-05	8.84e-02	9.12e-01
 1.10297e+16	2.92e-05	9.51e-02	9.05e-01
 1.11038e+16	3.21e-05	1.02e-01	8.98e-01
 1.12002e+16	3.76e-05	1.13e-01	8.87e-01
 1.12982e+16	4.38e-05	1.25e-01	8.75e-01
 1.13705e+16	4.92e-05	1.35e-01	8.65e-01
 1.14245e+16	5.40e-05	1.44e-01	8.56e-01
 1.14825e+16	5.99e-05	1.54e-01	8.46e-01
 1.15579e+16	6.93e-05	1.70e-01	8.30e-01
 1.16296e+16	7.76e-05	1.86e-01	8.14e-01
 1.16965e+16	9.01e-05	2.03e-01	7.97e-01
 1.17580e+16	1.02e-04	2.21e-01	7.79e-01
 1.18021e+16	1.11e-04	2.35e-01	7.65e-01
 1.18492e+16	1.23e-04	2.52e-01	7.48e-01
 1.19105e+16	1.42e-04	2.76e-01	7.24e-01
 1.19701e+16	1.59e-04	3.01e-01	6.99e-01
 1.20278e+16	1.84e-04	3.29e-01	6.71e-01
 1.20811e+16	2.07e-04	3.56e-01	6.44e-01
 1.21207e+16	2.26e-04	3.77e-01	6.22e-01
 1.21637e+16	2.49e-04	4.03e-01	5.97e-01
 1.22197e+16	2.84e-04	4.38e-01	5.61e-01
 1.22768e+16	3.21e-04	4.75e-01	5.25e-01
 1.23242e+16	3.55e-04	5.07e-01	4.93e-01
 1.23749e+16	3.96e-04	5.43e-01	4.57e-01
 1.24314e+16	4.43e-04	5.82e-01	4.17e-01
 1.24852e+16	4.90e-04	6.19e-01	3.81e-01
 1.25448e+16	5.47e-04	6.60e-01	3.40e-01
 1.26109e+16	6.09e-04	7.01e-01	2.98e-01
 1.26744e+16	6.70e-04	7.38e-01	2.61e-01
 1.27460e+16	7.40e-04	7.76e-01	2.23e-01
 1.28115e+16	7.99e-04	8.05e-01	1.94e-01
 1.28556e+16	8.40e-04	8.23e-01	1.76e-01
 1.28993e+16	8.81e-04	8.40e-01	1.59e-01
 1.29562e+16	9.34e-04	8.59e-01	1.40e-01
 1.30198e+16	9.91e-04	8.78e-01	1.21e-01
 1.30798e+16	1.04e-03	8.93e-01	1.06e-01
 1.31455e+16	1.10e-03	9.07e-01	9.15e-02
 1.32176e+16	1.16e-03	9.20e-01	7.84e-02
 1.32804e+16	1.22e-03	9.30e-01	6.89e-02
 1.33341e+16	1.27e-03	9.37e-01	6.18e-02
 1.33935e+16	1.32e-03	9.44e-01	5.46e-02
 1.34600e+16	1.38e-03	9.51e-01	4.78e-02
 1.35210e+16	1.44e-03	9.56e-01	4.26e-02
 1.35752e+16	1.50e-03	9.60e-01	3.84e-02
 1.36353e+16	1.56e-03	9.64e-01	3.43e-02
 1.37001e+16	1.63e-03	9.68e-01	3.05e-02
 1.37566e+16	1.70e-03	9.71e-01	2.77e-02
 1.38067e+16	1.76e-03	9.73e-01	2.54e-02
 1.38627e+16	1.84e-03	9.75e-01	2.30e-02
 1.39235e+16	1.93e-03	9.77e-01	2.08e-02
 1.39769e+16	2.01e-03	9.79e-01	1.91e-02
 1.40241e+16	2.09e-03	9.80e-01	1.77e-02
 1.40766e+16	2.18e-03	9.82e-01	1.62e-02
 1.41335e+16	2.29e-03	9.83e-01	1.49e-02
 1.41836e+16	2.40e-03	9.84e-01	1.38e-02
 1.42277e+16	2.50e-03	9.85e-01	1.29e-02
 1.42769e+16	2.63e-03	9.85e-01	1.20e-02
 1.43310e+16	2.78e-03	9.86e-01	1.10e-02
 1.43790e+16	2.92e-03	9.87e-01	1.03e-02
 1.44206e+16	3.06e-03	9.87e-01	9.73e-03
 1.44662e+16	3.22e-03	9.88e-01	9.10e-03
 1.45167e+16	3.42e-03	9.88e-01	8.48e-03
 1.45625e+16	3.63e-03	9.88e-01	7.97e-03
 1.46033e+16	3.83e-03	9.89e-01	7.55e-03
 1.46486e+16	4.08e-03	9.89e-01	7.08e-03
 1.46986e+16	4.39e-03	9.89e-01	6.62e-03
 1.47442e+16	4.71e-03	9.89e-01	6.24e-03
 1.47856e+16	5.03e-03	9.89e-01	5.93e-03
 1.48323e+16	5.45e-03	9.89e-01	5.57e-03
 1.48837e+16	5.99e-03	9.89e-01	5.21e-03
 1.49292e+16	6.56e-03	9.89e-01	4.93e-03
 1.49678e+16	7.13e-03	9.88e-01	4.70e-03
 1.50095e+16	7.82e-03	9.88e-01	4.45e-03
 1.50549e+16	8.71e-03	9.87e-01	4.22e-03
 1.50916e+16	9.60e-03	9.86e-01	4.05e-03
 1.51181e+16	1.03e-02	9.86e-01	3.94e-03
 1.51448e+16	1.12e-02	9.85e-01	3.81e-03
 1.51795e+16	1.24e-02	9.84e-01	3.67e-03
 1.52138e+16	1.39e-02	9.83e-01	3.54e-03
 1.52388e+16	1.53e-02	9.81e-01	3.44e-03
 1.52584e+16	1.64e-02	9.80e-01	3.39e-03
 1.52797e+16	1.79e-02	9.79e-01	3.30e-03
 1.53074e+16	2.00e-02	9.77e-01	3.23e-03
 1.53351e+16	2.27e-02	9.74e-01	3.16e-03
 1.53559e+16	2.51e-02	9.72e-01	3.11e-03
 1.53724e+16	2.72e-02	9.70e-01	3.08e-03
 1.53905e+16	3.00e-02	9.67e-01	3.03e-03
 1.54140e+16	3.41e-02	9.63e-01	3.00e-03
 1.54378e+16	3.93e-02	9.58e-01	2.99e-03
 1.54562e+16	4.43e-02	9.53e-01	2.97e-03
 1.54708e+16	4.86e-02	9.48e-01	2.98e-03
 1.54865e+16	5.43e-02	9.43e-01	2.98e-03
 1.55040e+16	6.13e-02	9.36e-01	3.01e-03
 1.55199e+16	6.90e-02	9.28e-01	3.03e-03
 1.55338e+16	7.71e-02	9.20e-01	3.06e-03
 1.55468e+16	8.53e-02	9.12e-01	3.10e-03
 1.55590e+16	9.44e-02	9.02e-01	3.14e-03
 1.55702e+16	1.04e-01	8.93e-01	3.19e-03
 1.55807e+16	1.13e-01	8.83e-01	3.23e-03
 1.55904e+16	1.23e-01	8.73e-01	3.28e-03
 1.55980e+16	1.32e-01	8.65e-01	3.32e-03
 1.56029e+16	1.38e-01	8.59e-01	3.35e-03
 1.56074e+16	1.43e-01	8.53e-01	3.37e-03
 1.56126e+16	1.50e-01	8.46e-01	3.40e-03
 1.56183e+16	1.58e-01	8.38e-01	3.44e-03
 1.56238e+16	1.67e-01	8.30e-01	3.46e-03
 1.56290e+16	1.75e-01	8.22e-01	3.50e-03
 1.56341e+16	1.83e-01	8.13e-01	3.53e-03
 1.56392e+16	1.92e-01	8.04e-01	3.56e-03
 1.56443e+16	2.02e-01	7.95e-01	3.59e-03
 1.56493e+16	2.11e-01	7.85e-01	3.63e-03
 1.56543e+16	2.22e-01	7.74e-01	3.66e-03
 1.56593e+16	2.32e-01	7.64e-01	3.70e-03
 1.56641e+16	2.44e-01	7.53e-01	3.72e-03
 1.56690e+16	2.55e-01	7.41e-01	3.76e-03
 1.56738e+16	2.67e-01	7.29e-01	3.79e-03
 1.56786e+16	2.79e-01	7.17e-01	3.81e-03
 1.56833e+16	2.92e-01	7.04e-01	3.84e-03
 1.56879e+16	3.05e-01	6.91e-01	3.87e-03
 1.56926e+16	3.19e-01	6.77e-01	3.88e-03
 1.56972e+16	3.32e-01	6.64e-01	3.91e-03
 1.57017e+16	3.47e-01	6.49e-01	3.92e-03
 1.57062e+16	3.61e-01	6.35e-01	3.95e-03
 1.57107e+16	3.76e-01	6.20e-01	3.96e-03
 1.57152e+16	3.92e-01	6.04e-01	3.97e-03
 1.57196e+16	4.07e-01	5.89e-01	3.98e-03
 1.57239e+16	4.23e-01	5.73e-01	3.98e-03
 1.57282e+16	4.39e-01	5.57e-01	3.98e-03
 1.57325e+16	4.55e-01	5.41e-01	3.98e-03
 1.57368e+16	4.72e-01	5.24e-01	3.97e-03
 1.57410e+16	4.88e-01	5.08e-01	3.97e-03
 1.57451e+16	5.04e-01	4.92e-01	3.95e-03
 1.57491e+16	5.20e-01	4.76e-01	3.94e-03
 1.57530e+16	5.36e-01	4.60e-01	3.92e-03
 1.57569e+16	5.51e-01	4.45e-01	3.90e-03
 1.57607e+16	5.67e-01	4.29e-01	3.87e-03
 1.57646e+16	5.82e-01	4.14e-01	3.83e-03
 1.57684e+16	5.97e-01	3.99e-01	3.80e-03
 1.57721e+16	6.12e-01	3.84e-01	3.75e-03
 1.57757e+16	6.26e-01	3.70e-01	3.71e-03
 1.57794e+16	6.41e-01	3.56e-01	3.66e-03
 1.57831e+16	6.55e-01	3.42e-01	3.61e-03
 1.57867e+16	6.68e-01	3.28e-01	3.55e-03
 1.57903e+16	6.82e-01	3.15e-01	3.50e-03
 1.57938e+16	6.94e-01	3.02e-01	3.44e-03
 1.57974e+16	7.07e-01	2.90e-01	3.37e-03
 1.58010e+16	7.19e-01	2.77e-01	3.31e-03
 1.58046e+16	7.31e-01	2.65e-01	3.23e-03
 1.58082e+16	7.43e-01	2.54e-01	3.16e-03
 1.58119e+16	7.54e-01	2.42e-01	3.09e-03
 1.58156e+16	7.66e-01	2.31e-01	3.01e-03
 1.58189e+16	7.75e-01	2.22e-01	2.94e-03
 1.58216e+16	7.82e-01	2.15e-01	2.88e-03
 1.58241e+16	7.89e-01	2.08e-01	2.82e-03
 1.58267e+16	7.96e-01	2.01e-01	2.76e-03
 1.58294e+16	8.03e-01	1.94e-01	2.70e-03
 1.58321e+16	8.09e-01	1.88e-01	2.64e-03
 1.58346e+16	8.15e-01	1.82e-01	2.58e-03
 1.58371e+16	8.21e-01	1.77e-01	2.53e-03
 1.58396e+16	8.26e-01	1.72e-01	2.47e-03
 1.58421e+16	8.31e-01	1.67e-01	2.42e-03
 1.58445e+16	8.36e-01	1.62e-01	2.37e-03
 1.58469e+16	8.40e-01	1.57e-01	2.32e-03
 1.58493e+16	8.45e-01	1.53e-01	2.27e-03
 1.58517e+16	8.49e-01	1.49e-01	2.22e-03
 1.58541e+16	8.53e-01	1.45e-01	2.18e-03
 1.58566e+16	8.57e-01	1.41e-01	2.13e-03
 1.58591e+16	8.60e-01	1.38e-01	2.08e-03
 1.58615e+16	8.64e-01	1.34e-01	2.04e-03
 1.58640e+16	8.67e-01	1.31e-01	2.00e-03
 1.58666e+16	8.70e-01	1.28e-01	1.96e-03
 1.58692e+16	8.74e-01	1.24e-01	1.92e-03
 1.58719e+16	8.77e-01	1.21e-01	1.88e-03
 1.58745e+16	8.80e-01	1.19e-01	1.84e-03
 1.58773e+16	8.82e-01	1.16e-01	1.80e-03
 1.58801e+16	8.85e-01	1.13e-01	1.76e-03
 1.58831e+16	8.88e-01	1.11e-01	1.72e-03
 1.58862e+16	8.90e-01	1.08e-01	1.68e-03
 1.58895e+16	8.93e-01	1.06e-01	1.65e-03
 1.58930e+16	8.95e-01	1.03e-01	1.61e-03
 1.58967e+16	8.98e-01	1.01e-01	1.57e-03
 1.59008e+16	9.00e-01	9.85e-02	1.54e-03
 1.59052e+16	9.02e-01	9.61e-02	1.50e-03
 1.59102e+16	9.05e-01	9.38e-02	1.46e-03
 1.59159e+16	9.07e-01	9.15e-02	1.42e-03
 1.59224e+16	9.09e-01	8.92e-02	1.38e-03
 1.59301e+16	9.12e-01	8.68e-02	1.34e-03
 1.59393e+16	9.14e-01	8.45e-02	1.29e-03
 1.59496e+16	9.16e-01	8.23e-02	1.25e-03
 1.59619e+16	9.19e-01	8.03e-02	1.21e-03
 1.59777e+16	9.21e-01	7.81e-02	1.16e-03
 1.59979e+16	9.23e-01	7.59e-02	1.10e-03
 1.60216e+16	9.25e-01	7.38e-02	1.05e-03
 1.60456e+16	9.27e-01	7.19e-02	9.95e-04
 1.60674e+16	9.29e-01	7.04e-02	9.52e-04
 1.60872e+16	9.30e-01	6.91e-02	9.16e-04
 1.61053e+16	9.31e-01	6.79e-02	8.84e-04
 1.61251e+16	9.33e-01	6.66e-02	8.49e-04
 1.61465e+16	9.34e-01	6.52e-02	8.13e-04
 1.61660e+16	9.35e-01	6.40e-02	7.81e-04
 1.61837e+16	9.36e-01	6.30e-02	7.55e-04
 1.62031e+16	9.37e-01	6.18e-02	7.27e-04
 1.62240e+16	9.39e-01	6.06e-02	6.97e-04
 1.62431e+16	9.40e-01	5.95e-02	6.71e-04
 1.62604e+16	9.41e-01	5.85e-02	6.47e-04
 1.62762e+16	9.42e-01	5.76e-02	6.27e-04
 1.62935e+16	9.43e-01	5.65e-02	6.03e-04
 1.63122e+16	9.44e-01	5.56e-02	5.81e-04
 1.63292e+16	9.45e-01	5.46e-02	5.62e-04
 1.63446e+16	9.46e-01	5.38e-02	5.44e-04
 1.63587e+16	9.46e-01	5.30e-02	5.28e-04
 1.63741e+16	9.47e-01	5.22e-02	5.10e-04
 1.63908e+16	9.48e-01	5.13e-02	4.93e-04
 1.64059e+16	9.49e-01	5.05e-02	4.78e-04
 1.64197e+16	9.50e-01	4.98e-02	4.64e-04
 1.64322e+16	9.50e-01	4.92e-02	4.51e-04
 1.64460e+16	9.51e-01	4.84e-02	4.37e-04
 1.64608e+16	9.52e-01	4.77e-02	4.24e-04
 1.64743e+16	9.53e-01	4.70e-02	4.11e-04
 1.64866e+16	9.53e-01	4.64e-02	4.01e-04
 1.65001e+16	9.54e-01	4.57e-02	3.88e-04
 1.65146e+16	9.55e-01	4.50e-02	3.76e-04
 1.65278e+16	9.55e-01	4.44e-02	3.65e-04
 1.65399e+16	9.56e-01	4.38e-02	3.56e-04
 1.65531e+16	9.57e-01	4.31e-02	3.45e-04
 1.65673e+16	9.57e-01	4.25e-02	3.34e-04
 1.65803e+16	9.58e-01	4.19e-02	3.25e-04
 1.65921e+16	9.58e-01	4.14e-02	3.16e-04
 1.66050e+16	9.59e-01	4.07e-02	3.06e-04
 1.66189e+16	9.60e-01	4.01e-02	2.97e-04
 1.66316e+16	9.60e-01	3.96e-02	2.89e-04
 1.66432e+16	9.61e-01	3.91e-02	2.81e-04
 1.66558e+16	9.61e-01	3.85e-02	2.73e-04
 1.66695e+16	9.62e-01	3.79e-02	2.65e-04
 1.66819e+16	9.62e-01	3.74e-02	2.58e-04
 1.66933e+16	9.63e-01	3.69e-02	2.51e-04
 1.67057e+16	9.63e-01	3.64e-02	2.44e-04
 1.67190e+16	9.64e-01	3.59e-02	2.37e-04
 1.67312e+16	9.64e-01	3.54e-02	2.31e-04
 1.67423e+16	9.65e-01	3.50e-02	2.25e-04
 1.67545e+16	9.65e-01	3.45e-02	2.19e-04
 1.67676e+16	9.66e-01	3.40e-02	2.13e-04
 1.67795e+16	9.66e-01	3.36e-02	2.07e-04
 1.67926e+16	9.67e-01	3.31e-02	2.01e-04
 1.68067e+16	9.67e-01	3.26e-02	1.96e-04
 1.68196e+16	9.68e-01	3.22e-02	1.90e-04
 1.68337e+16	9.68e-01	3.17e-02	1.85e-04
 1.68489e+16	9.69e-01	3.12e-02	1.79e-04
 1.68627e+16	9.69e-01	3.08e-02	1.74e-04
 1.68753e+16	9.69e-01	3.04e-02	1.69e-04
 1.68891e+16	9.70e-01	2.99e-02	1.64e-04
 1.69040e+16	9.70e-01	2.95e-02	1.60e-04
 1.69175e+16	9.71e-01	2.91e-02	1.55e-04
 1.69324e+16	9.71e-01	2.86e-02	1.50e-04
 1.69484e+16	9.72e-01	2.82e-02	1.46e-04
 1.69630e+16	9.72e-01	2.77e-02	1.42e-04
 1.69762e+16	9.72e-01	2.74e-02	1.38e-04
 1.69908e+16	9.73e-01	2.70e-02	1.34e-04
 1.70065e+16	9.73e-01	2.66e-02	1.30e-04
 1.70208e+16	9.74e-01	2.62e-02	1.26e-04
 1.70365e+16	9.74e-01	2.58e-02	1.22e-04
 1.70534e+16	9.75e-01	2.54e-02	1.18e-04
 1.70687e+16	9.75e-01	2.50e-02	1.15e-04
 1.70856e+16	9.75e-01	2.46e-02	1.11e-04
 1.71038e+16	9.76e-01	2.41e-02	1.07e-04
 1.71204e+16	9.76e-01	2.38e-02	1.04e-04
 1.71354e+16	9.76e-01	2.34e-02	1.01e-04
 1.71520e+16	9.77e-01	2.31e-02	9.81e-05
 1.71698e+16	9.77e-01	2.27e-02	9.51e-05
 1.71860e+16	9.78e-01	2.23e-02	9.23e-05
 1.72038e+16	9.78e-01	2.20e-02	8.92e-05
 1.72230e+16	9.78e-01	2.16e-02	8.62e-05
 1.72404e+16	9.79e-01	2.13e-02	8.36e-05
 1.72596e+16	9.79e-01	2.09e-02	8.07e-05
 1.72802e+16	9.79e-01	2.05e-02	7.78e-05
 1.72991e+16	9.80e-01	2.02e-02	7.53e-05
 1.73162e+16	9.80e-01	1.99e-02	7.31e-05
 1.73349e+16	9.80e-01	1.95e-02	7.07e-05
 1.73552e+16	9.81e-01	1.92e-02	6.83e-05
 1.73736e+16	9.81e-01	1.89e-02	6.62e-05
 1.73938e+16	9.81e-01	1.85e-02	6.39e-05
 1.74156e+16	9.82e-01	1.82e-02	6.16e-05
 1.74354e+16	9.82e-01	1.79e-02	5.96e-05
 1.74571e+16	9.82e-01	1.76e-02	5.74e-05
 1.74806e+16	9.83e-01	1.72e-02	5.53e-05
 1.75019e+16	9.83e-01	1.69e-02	5.34e-05
 1.75253e+16	9.83e-01	1.66e-02	5.13e-05
 1.75506e+16	9.84e-01	1.63e-02	4.93e-05
 1.75735e+16	9.84e-01	1.60e-02	4.76e-05
 1.75987e+16	9.84e-01	1.56e-02	4.56e-05
 1.76259e+16	9.85e-01	1.53e-02	4.38e-05
 1.76507e+16	9.85e-01	1.50e-02	4.21e-05
 1.76732e+16	9.85e-01	1.48e-02	4.07e-05
 1.76978e+16	9.85e-01	1.45e-02	3.92e-05
 1.77245e+16	9.86e-01	1.42e-02	3.76e-05
 1.77487e+16	9.86e-01	1.39e-02	3.63e-05
 1.77753e+16	9.86e-01	1.36e-02	3.48e-05
 1.78039e+16	9.87e-01	1.34e-02	3.34e-05
 1.78300e+16	9.87e-01	1.31e-02	3.22e-05
 1.78586e+16	9.87e-01	1.28e-02	3.08e-05
 1.78895e+16	9.87e-01	1.25e-02	2.95e-05
 1.79176e+16	9.88e-01	1.23e-02	2.84e-05
 1.79484e+16	9.88e-01	1.20e-02	2.71e-05
 1.79816e+16	9.88e-01	1.17e-02	2.59e-05
 1.80118e+16	9.88e-01	1.15e-02	2.48e-05
 1.80450e+16	9.89e-01	1.12e-02	2.37e-05
 1.80807e+16	9.89e-01	1.09e-02	2.25e-05
 1.81133e+16	9.89e-01	1.07e-02	2.16e-05
 1.81490e+16	9.90e-01	1.04e-02	2.05e-05
 1.81875e+16	9.90e-01	1.02e-02	1.95e-05
 1.82225e+16	9.90e-01	9.94e-03	1.87e-05
 1.82609e+16	9.90e-01	9.68e-03	1.77e-05
 1.83024e+16	9.91e-01	9.42e-03	1.68e-05
 1.83401e+16	9.91e-01	9.20e-03	1.60e-05
 1.83814e+16	9.91e-01	8.95e-03	1.52e-05
 1.84261e+16	9.91e-01	8.70e-03	1.44e-05
 1.84667e+16	9.92e-01	8.48e-03	1.37e-05
 1.85112e+16	9.92e-01	8.24e-03	1.29e-05
 1.85592e+16	9.92e-01	8.00e-03	1.22e-05
 1.86029e+16	9.92e-01	7.79e-03	1.16e-05
 1.86508e+16	9.92e-01	7.56e-03	1.09e-05
 1.87131e+16	9.93e-01	7.27e-03	1.01e-05
 1.87844e+16	9.93e-01	6.97e-03	9.27e-06
 1.88562e+16	9.93e-01	6.68e-03	8.53e-06
 1.89287e+16	9.94e-01	6.40e-03	7.85e-06
 1.90044e+16	9.94e-01	6.13e-03	7.20e-06
 1.90834e+16	9.94e-01	5.86e-03	6.59e-06
 1.91650e+16	9.94e-01	5.60e-03	6.03e-06
 1.92495e+16	9.95e-01	5.35e-03	5.50e-06
 1.93370e+16	9.95e-01	5.10e-03	5.00e-06
 1.94271e+16	9.95e-01	4.86e-03	4.54e-06
 1.95189e+16	9.95e-01	4.63e-03	4.13e-06
 1.96121e+16	9.96e-01	4.41e-03	3.75e-06
 1.97071e+16	9.96e-01	4.20e-03	3.40e-06
 1.98038e+16	9.96e-01	3.99e-03	3.09e-06
 1.99023e+16	9.96e-01	3.80e-03	2.80e-06
 2.00025e+16	9.96e-01	3.62e-03	2.53e-06
 2.01032e+16	9.97e-01	3.44e-03	2.30e-06
 2.02053e+16	9.97e-01	3.27e-03	2.08e-06
 2.03110e+16	9.97e-01	3.11e-03	1.88e-06
 2.04192e+16	9.97e-01	2.95e-03	1.70e-06
 2.05291e+16	9.97e-01	2.80e-03	1.53e-06
 2.06407e+16	9.97e-01	2.66e-03	1.38e-06
 2.07546e+16	9.97e-01	2.52e-03	1.24e-06
 2.08705e+16	9.98e-01	2.39e-03	1.12e-06
 2.09886e+16	9.98e-01	2.27e-03	1.00e-06
 2.11089e+16	9.98e-01	2.15e-03	9.01e-07
 2.12316e+16	9.98e-01	2.03e-03	8.08e-07
 2.13567e+16	9.98e-01	1.92e-03	7.23e-07
 2.14844e+16	9.98e-01	1.82e-03	6.47e-07
 2.16147e+16	9.98e-01	1.72e-03	5.77e-07
 2.17476e+16	9.98e-01	1.62e-03	5.15e-07
 2.18833e+16	9.98e-01	1.53e-03	4.58e-07
 2.20219e+16	9.99e-01	1.44e-03	4.07e-07
 2.21635e+16	9.99e-01	1.36e-03	3.62e-07
 2.23083e+16	9.99e-01	1.28e-03	3.20e-07
 2.24564e+16	9.99e-01	1.20e-03	2.83e-07
 2.26079e+16	9.99e-01	1.13e-03	2.50e-07
 2.27631e+16	9.99e-01	1.06e-03	2.20e-07
 2.29222e+16	9.99e-01	9.89e-04	1.93e-07
 2.30853e+16	9.99e-01	9.26e-04	1.69e-07
 2.32528e+16	9.99e-01	8.65e-04	1.48e-07
 2.34249e+16	9.99e-01	8.07e-04	1.29e-07
 2.36020e+16	9.99e-01	7.52e-04	1.12e-07
 2.37841e+16	9.99e-01	7.00e-04	9.72e-08
 2.39679e+16	9.99e-01	6.52e-04	8.43e-08
 2.41567e+16	9.99e-01	6.05e-04	7.26e-08
 2.43571e+16	9.99e-01	5.60e-04	6.21e-08
 2.45665e+16	9.99e-01	5.16e-04	5.29e-08
 2.47825e+16	1.00e+00	4.75e-04	4.48e-08
 2.50062e+16	1.00e+00	4.36e-04	3.77e-08
 2.52396e+16	1.00e+00	3.99e-04	3.16e-08
 2.54839e+16	1.00e+00	3.64e-04	2.63e-08
 2.57401e+16	1.00e+00	3.30e-04	2.17e-08
 2.60102e+16	1.00e+00	2.98e-04	1.77e-08
 2.62956e+16	1.00e+00	2.68e-04	1.43e-08
 2.65976e+16	1.00e+00	2.40e-04	1.14e-08
 2.69212e+16	1.00e+00	2.13e-04	9.01e-09
 2.72694e+16	1.00e+00	1.87e-04	6.98e-09
 2.76436e+16	1.00e+00	1.64e-04	5.32e-09
 2.80504e+16	1.00e+00	1.41e-04	3.96e-09
 2.84987e+16	1.00e+00	1.20e-04	2.87e-09
 2.89990e+16	1.00e+00	1.01e-04	2.01e-09
 2.95558e+16	1.00e+00	8.26e-05	1.36e-09
 3.02007e+16	1.00e+00	6.58e-05	8.61e-10
 3.09248e+16	1.00e+00	5.14e-05	5.26e-10
 3.16582e+16	1.00e+00	4.02e-05	3.23e-10
 3.23766e+16	1.00e+00	3.18e-05	2.02e-10
 3.30938e+16	1.00e+00	2.51e-05	1.27e-10
 3.38234e+16	1.00e+00	1.99e-05	7.95e-11
 3.45667e+16	1.00e+00	1.57e-05	4.99e-11
 3.53232e+16	1.00e+00	1.24e-05	3.13e-11
 3.60919e+16	1.00e+00	9.85e-06	1.97e-11
 3.68746e+16	1.00e+00	7.80e-06	1.23e-11
 3.76749e+16	1.00e+00	6.16e-06	7.72e-12
 3.84900e+16	1.00e+00	4.88e-06	4.86e-12
 3.93250e+16	1.00e+00	3.85e-06	3.04e-12
 4.01838e+16	1.00e+00	3.04e-06	1.89e-12
 4.10633e+16	1.00e+00	2.39e-06	1.17e-12
 4.19623e+16	1.00e+00	1.88e-06	7.29e-13
 4.28841e+16	1.00e+00	1.48e-06	4.51e-13
 4.38361e+16	1.00e+00	1.16e-06	2.77e-13
 4.48224e+16	1.00e+00	9.03e-07	1.69e-13
 4.58439e+16	1.00e+00	7.01e-07	1.02e-13
 4.69055e+16	1.00e+00	5.42e-07	6.11e-14
 4.80160e+16	1.00e+00	4.17e-07	3.61e-14
 4.91855e+16	1.00e+00	3.17e-07	2.10e-14
 5.04280e+16	1.00e+00	2.39e-07	1.19e-14
 5.17616e+16	1.00e+00	1.77e-07	6.58e-15
 5.32144e+16	1.00e+00	1.29e-07	3.49e-15
 5.47581e+16	1.00e+00	9.33e-08	1.82e-15
 5.63240e+16	1.00e+00	6.76e-08	9.60e-16
 5.78899e+16	1.00e+00	4.94e-08	5.13e-16
 5.94558e+16	1.00e+00	3.64e-08	2.79e-16
 6.10217e+16	1.00e+00	2.70e-08	1.54e-16
 6.25876e+16	1.00e+00	2.02e-08	8.59e-17
 6.41535e+16	1.00e+00	1.52e-08	4.87e-17
 6.58780e+16	1.00e+00	1.11e-08	2.61e-17
 6.78262e+16	1.00e+00	7.93e-09	1.33e-17
 6.98168e+16	1.00e+00	5.68e-09	6.83e-18
 7.17636e+16	1.00e+00	4.14e-09	3.62e-18
 7.36871e+16	1.00e+00	3.04e-09	1.96e-18
 7.56079e+16	1.00e+00	2.26e-09	1.08e-18
 7.75205e+16	1.00e+00	1.69e-09	6.07e-19
 7.94092e+16	1.00e+00	1.28e-09	3.47e-19
 8.12614e+16	1.00e+00	9.77e-10	2.03e-19
 8.30701e+16	1.00e+00	7.56e-10	1.22e-19
 8.48307e+16	1.00e+00	5.92e-10	7.47e-20
 8.65385e+16	1.00e+00	4.69e-10	4.69e-20
 8.81888e+16	1.00e+00	3.76e-10	3.02e-20
 8.97778e+16	1.00e+00	3.05e-10	1.99e-20
 9.13028e+16	1.00e+00	2.50e-10	1.34e-20
 9.27638e+16	1.00e+00	2.07e-10	9.23e-21
 9.41604e+16	1.00e+00	1.74e-10	0.00e+00
 9.54927e+16	1.00e+00	1.47e-10	0.00e+00
 9.67618e+16	1.00e+00	1.26e-10	0.00e+00
 9.79700e+16	1.00e+00	1.09e-10	0.00e+00
 9.91191e+16	1.00e+00	9.48e-11	0.00e+00
 1.00211e+17	1.00e+00	8.33e-11	0.00e+00
 1.01247e+17	1.00e+00	7.37e-11	0.00e+00
 1.02231e+17	1.00e+00	6.57e-11	0.00e+00
 1.03165e+17	1.00e+00	5.90e-11	0.00e+00
 1.04052e+17	1.00e+00	5.32e-11	0.00e+00
 1.04893e+17	1.00e+00	4.84e-11	0.00e+00
 1.05692e+17	1.00e+00	4.42e-11	0.00e+00
 1.06449e+17	1.00e+00	4.06e-11	0.00e+00
 1.07169e+17	1.00e+00	3.74e-11	0.00e+00
 1.07852e+17	1.00e+00	3.47e-11	0.00e+00
 1.08499e+17	1.00e+00	3.23e-11	0.00e+00
 1.09114e+17	1.00e+00	3.02e-11	0.00e+00
 1.09699e+17	1.00e+00	2.83e-11	0.00e+00
 1.10255e+17	1.00e+00	2.67e-11	0.00e+00
 1.10783e+17	1.00e+00	2.52e-11	0.00e+00
 1.11285e+17	1.00e+00	2.39e-11	0.00e+00
 1.11762e+17	1.00e+00	2.27e-11	0.00e+00
 1.12217e+17	1.00e+00	2.16e-11	0.00e+00
 1.12650e+17	1.00e+00	2.06e-11	0.00e+00
 1.13062e+17	1.00e+00	1.98e-11	0.00e+00
 1.13455e+17	1.00e+00	1.90e-11	0.00e+00
 1.13830e+17	1.00e+00	1.82e-11	0.00e+00
 1.14188e+17	1.00e+00	1.76e-11	0.00e+00
 1.14530e+17	1.00e+00	1.70e-11	0.00e+00
 1.14857e+17	1.00e+00	1.64e-11	0.00e+00
 1.15170e+17	1.00e+00	1.59e-11	0.00e+00
 1.15469e+17	1.00e+00	1.54e-11	0.00e+00
 1.15757e+17	1.00e+00	1.49e-11	0.00e+00
 1.16033e+17	1.00e+00	1.45e-11	0.00e+00
 1.16298e+17	1.00e+00	1.41e-11	0.00e+00
 1.16554e+17	1.00e+00	1.38e-11	0.00e+00
 1.16800e+17	1.00e+00	1.34e-11	0.00e+00
 1.17038e+17	1.00e+00	1.31e-11	0.00e+00
 1.17269e+17	1.00e+00	1.28e-11	0.00e+00
 1.17493e+17	1.00e+00	1.25e-11	0.00e+00
 1.17711e+17	1.00e+00	1.23e-11	0.00e+00
 1.17924e+17	1.00e+00	1.20e-11	0.00e+00
 1.18133e+17	1.00e+00	1.17e-11	0.00e+00
 1.18338e+17	1.00e+00	1.15e-11	0.00e+00
 1.18540e+17	1.00e+00	1.13e-11	0.00e+00
 1.18741e+17	1.00e+00	1.11e-11	0.00e+00
 1.18941e+17	1.00e+00	1.08e-11	0.00e+00
 1.19141e+17	1.00e+00	1.06e-11	0.00e+00
 1.19344e+17	1.00e+00	1.04e-11	0.00e+00
 1.19550e+17	1.00e+00	1.02e-11	0.00e+00
 1.19762e+17	1.00e+00	9.99e-12	0.00e+00
 1.19981e+17	1.00e+00	9.78e-12	0.00e+00
 1.20211e+17	1.00e+00	9.55e-12	0.00e+00
 1.20456e+17	1.00e+00	9.32e-12	0.00e+00
 1.20720e+17	1.00e+00	9.08e-12	0.00e+00
 1.21010e+17	1.00e+00	8.84e-12	0.00e+00
 1.21336e+17	1.00e+00	8.55e-12	0.00e+00
 1.21712e+17	1.00e+00	8.25e-12	0.00e+00
 1.22157e+17	1.00e+00	7.88e-12	0.00e+00
 1.22703e+17	1.00e+00	7.47e-12	0.00e+00
 1.23400e+17	1.00e+00	6.97e-12	0.00e+00
 1.24305e+17	1.00e+00	6.39e-12	0.00e+00
 1.25483e+17	1.00e+00	5.70e-12	0.00e+00
 1.27014e+17	1.00e+00	4.94e-12	0.00e+00
 1.29004e+17	1.00e+00	4.11e-12	0.00e+00
 1.31591e+17	1.00e+00	3.26e-12	0.00e+00
 1.34954e+17	1.00e+00	2.44e-12	0.00e+00
 1.38895e+17	1.00e+00	1.77e-12	0.00e+00
 1.43053e+17	1.00e+00	1.30e-12	0.00e+00
 1.47330e+17	1.00e+00	9.74e-13	0.00e+00
 1.51711e+17	1.00e+00	7.50e-13	0.00e+00
 1.56197e+17	1.00e+00	5.93e-13	0.00e+00
 1.61405e+17	1.00e+00	4.69e-13	0.00e+00
 1.67636e+17	1.00e+00	3.53e-13	0.00e+00
 1.74341e+17	1.00e+00	2.72e-13	0.00e+00
 1.81315e+17	1.00e+00	2.21e-13	0.00e+00
 1.88567e+17	1.00e+00	1.85e-13	0.00e+00
 1.96110e+17	1.00e+00	1.58e-13	0.00e+00
 2.03954e+17	1.00e+00	1.35e-13	0.00e+00
 2.12113e+17	1.00e+00	1.16e-13	0.00e+00
 2.20308e+17	1.00e+00	9.84e-14	0.00e+00
 2.27928e+17	1.00e+00	8.78e-14	0.00e+00
 2.34659e+17	1.00e+00	8.38e-14	0.00e+00
 2.40720e+17	1.00e+00	8.10e-14	0.00e+00
 2.46457e+17	1.00e+00	7.63e-14	0.00e+00
 2.51998e+17	1.00e+00	6.97e-14	0.00e+00
 2.56964e+17	1.00e+00	6.27e-14	0.00e+00
 2.60585e+17	1.00e+00	5.92e-14	0.00e+00
 2.62687e+17	1.00e+00	5.94e-14	0.00e+00
 2.63856e+17	1.00e+00	6.02e-14	0.00e+00
 2.64557e+17	1.00e+00	6.06e-14	0.00e+00
 2.64978e+17	1.00e+00	6.09e-14	0.00e+00
 2.65268e+17	1.00e+00	6.10e-14	0.00e+00
 2.65559e+17	1.00e+00	6.11e-14	0.00e+00
 2.65895e+17	1.00e+00	6.11e-14	0.00e+00
 2.66240e+17	1.00e+00	6.10e-14	0.00e+00
 2.66553e+17	1.00e+00	6.09e-14	0.00e+00
 2.66807e+17	1.00e+00	6.09e-14	0.00e+00
 2.67037e+17	1.00e+00	6.08e-14	0.00e+00
 2.67280e+17	1.00e+00	6.07e-14	0.00e+00
 2.67529e+17	1.00e+00	6.05e-14	0.00e+00
 2.67758e+17	1.00e+00	6.03e-14	0.00e+00
 2.67954e+17	1.00e+00	6.02e-14	0.00e+00
 2.68130e+17	1.00e+00	6.00e-14	0.00e+00
 2.68306e+17	1.00e+00	5.99e-14	0.00e+00
 2.68487e+17	1.00e+00	5.97e-14	0.00e+00
 2.68661e+17	1.00e+00	5.95e-14	0.00e+00
 2.68820e+17	1.00e+00	5.93e-14	0.00e+00
 2.68965e+17	1.00e+00	5.92e-14	0.00e+00
 2.69104e+17	1.00e+00	5.90e-14	0.00e+00
 2.69242e+17	1.00e+00	5.89e-14	0.00e+00
 2.69380e+17	1.00e+00	5.87e-14	0.00e+00
 2.69515e+17	1.00e+00	5.85e-14	0.00e+00
 2.69644e+17	1.00e+00	5.83e-14	0.00e+00
 2.69768e+17	1.00e+00	5.81e-14	0.00e+00
 2.69884e+17	1.00e+00	5.80e-14	0.00e+00
 2.69994e+17	1.00e+00	5.78e-14	0.00e+00
 2.70109e+17	1.00e+00	5.77e-14	0.00e+00
 2.70230e+17	1.00e+00	5.75e-14	0.00e+00
 2.70346e+17	1.00e+00	5.73e-14	0.00e+00
 2.70455e+17	1.00e+00	5.71e-14	0.00e+00
 2.70564e+17	1.00e+00	5.69e-14	0.00e+00
 2.70674e+17	1.00e+00	5.67e-14	0.00e+00
 2.70781e+17	1.00e+00	5.65e-14	0.00e+00
 2.70885e+17	1.00e+00	5.64e-14	0.00e+00
 2.70995e+17	1.00e+00	5.61e-14	0.00e+00
 2.71110e+17	1.00e+00	5.59e-14	0.00e+00
 2.71221e+17	1.00e+00	5.57e-14	0.00e+00
 2.71328e+17	1.00e+00	5.55e-14	0.00e+00
 2.71439e+17	1.00e+00	5.53e-14	0.00e+00
 2.71554e+17	1.00e+00	5.50e-14	0.00e+00
 2.71673e+17	1.00e+00	5.48e-14	0.00e+00
 2.71791e+17	1.00e+00	5.45e-14	0.00e+00
 2.71905e+17	1.00e+00	5.43e-14	0.00e+00
 2.72019e+17	1.00e+00	5.40e-14	0.00e+00
 2.72143e+17	1.00e+00	5.38e-14	0.00e+00
 2.72282e+17	1.00e+00	5.35e-14	0.00e+00
 2.72426e+17	1.00e+00	5.31e-14	0.00e+00
 2.72557e+17	1.00e+00	5.28e-14	0.00e+00
 2.72683e+17	1.00e+00	5.25e-14	0.00e+00
 2.72817e+17	1.00e+00	5.22e-14	0.00e+00
 2.72961e+17	1.00e+00	5.19e-14	0.00e+00
 2.73106e+17	1.00e+00	5.15e-14	0.00e+00
 2.73258e+17	1.00e+00	5.11e-14	0.00e+00
 2.73418e+17	1.00e+00	5.07e-14	0.00e+00
 2.73575e+17	1.00e+00	5.04e-14	0.00e+00
 2.73730e+17	1.00e+00	5.00e-14	0.00e+00
 2.73895e+17	1.00e+00	4.96e-14	0.00e+00
 2.74068e+17	1.00e+00	4.91e-14	0.00e+00
 2.74238e+17	1.00e+00	4.87e-14	0.00e+00
 2.74411e+17	1.00e+00	4.82e-14	0.00e+00
 2.74597e+17	1.00e+00	4.78e-14	0.00e+00
 2.74796e+17	1.00e+00	4.73e-14	0.00e+00
 2.75001e+17	1.00e+00	4.67e-14	0.00e+00
 2.75204e+17	1.00e+00	4.62e-14	0.00e+00
 2.75405e+17	1.00e+00	4.56e-14	0.00e+00
 2.75611e+17	1.00e+00	4.51e-14	0.00e+00
 2.75829e+17	1.00e+00	4.45e-14	0.00e+00
 2.76058e+17	1.00e+00	4.39e-14	0.00e+00
 2.76290e+17	1.00e+00	4.33e-14	0.00e+00
 2.76525e+17	1.00e+00	4.27e-14	0.00e+00
 2.76769e+17	1.00e+00	4.20e-14	0.00e+00
 2.77031e+17	1.00e+00	4.13e-14	0.00e+00
 2.77303e+17	1.00e+00	4.06e-14	0.00e+00
 2.77565e+17	1.00e+00	3.99e-14	0.00e+00
 2.77824e+17	1.00e+00	3.92e-14	0.00e+00
 2.78106e+17	1.00e+00	3.85e-14	0.00e+00
 2.78414e+17	1.00e+00	3.77e-14	0.00e+00
 2.78719e+17	1.00e+00	3.68e-14	0.00e+00
 2.79008e+17	1.00e+00	3.61e-14	0.00e+00
 2.79313e+17	1.00e+00	3.53e-14	0.00e+00
 2.79649e+17	1.00e+00	3.45e-14	0.00e+00
 2.79997e+17	1.00e+00	3.35e-14	0.00e+00
 2.80335e+17	1.00e+00	3.26e-14	0.00e+00
 2.80663e+17	1.00e+00	3.18e-14	0.00e+00
 2.81008e+17	1.00e+00	3.10e-14	0.00e+00
 2.81386e+17	1.00e+00	3.01e-14	0.00e+00
 2.81780e+17	1.00e+00	2.91e-14	0.00e+00
 2.82165e+17	1.00e+00	2.81e-14	0.00e+00
 2.82544e+17	1.00e+00	2.72e-14	0.00e+00
 2.82937e+17	1.00e+00	2.63e-14	0.00e+00
 2.83352e+17	1.00e+00	2.54e-14	0.00e+00
 2.83778e+17	1.00e+00	2.44e-14	0.00e+00
 2.84221e+17	1.00e+00	2.35e-14	0.00e+00
 2.84669e+17	1.00e+00	2.25e-14	0.00e+00
 2.85123e+17	1.00e+00	2.15e-14	0.00e+00
 2.85588e+17	1.00e+00	2.06e-14	0.00e+00
 2.86057e+17	1.00e+00	1.96e-14	0.00e+00
 2.86531e+17	1.00e+00	1.87e-14	0.00e+00
 2.87044e+17	1.00e+00	1.78e-14	0.00e+00
 2.87591e+17	1.00e+00	1.68e-14	0.00e+00
 2.88130e+17	1.00e+00	1.58e-14	0.00e+00
 2.88649e+17	1.00e+00	1.49e-14	0.00e+00
 2.89200e+17	1.00e+00	1.41e-14	0.00e+00
 2.89821e+17	1.00e+00	1.32e-14	0.00e+00
 2.90458e+17	1.00e+00	1.22e-14	0.00e+00
 2.91075e+17	1.00e+00	1.13e-14	0.00e+00
 2.91692e+17	1.00e+00	1.05e-14	0.00e+00
 2.92306e+17	1.00e+00	9.77e-15	0.00e+00
 2.92873e+17	1.00e+00	9.07e-15	0.00e+00
 2.93371e+17	1.00e+00	8.48e-15	0.00e+00
 2.93820e+17	1.00e+00	7.99e-15	0.00e+00
 2.94247e+17	1.00e+00	7.56e-15	0.00e+00
 2.94671e+17	1.00e+00	7.15e-15	0.00e+00
 2.95085e+17	1.00e+00	6.76e-15	0.00e+00
 2.95478e+17	1.00e+00	6.39e-15	0.00e+00
 2.95846e+17	1.00e+00	6.07e-15	0.00e+00
 2.96194e+17	1.00e+00	5.77e-15	0.00e+00
 2.96529e+17	1.00e+00	5.49e-15	0.00e+00
 2.96856e+17	1.00e+00	5.24e-15	0.00e+00
 2.97172e+17	1.00e+00	4.99e-15	0.00e+00
 2.97473e+17	1.00e+00	4.76e-15	0.00e+00
 2.97760e+17	1.00e+00	4.55e-15	0.00e+00
 2.98035e+17	1.00e+00	4.35e-15	0.00e+00
 2.98300e+17	1.00e+00	4.16e-15	0.00e+00
 2.98557e+17	1.00e+00	4.00e-15	0.00e+00
 2.98806e+17	1.00e+00	3.82e-15	0.00e+00
 2.99041e+17	1.00e+00	3.67e-15	0.00e+00
 2.99268e+17	1.00e+00	3.53e-15	0.00e+00
 2.99489e+17	1.00e+00	3.40e-15	0.00e+00
 2.99703e+17	1.00e+00	3.28e-15	0.00e+00
 2.99914e+17	1.00e+00	3.16e-15	0.00e+00
 3.00119e+17	1.00e+00	3.04e-15	0.00e+00
 3.00315e+17	1.00e+00	2.93e-15	0.00e+00
 3.00505e+17	1.00e+00	2.83e-15	0.00e+00
 3.00691e+17	1.00e+00	2.74e-15	0.00e+00
 3.00874e+17	1.00e+00	2.64e-15	0.00e+00
 3.01053e+17	1.00e+00	2.55e-15	0.00e+00
 3.01228e+17	1.00e+00	2.47e-15	0.00e+00
 3.01427e+17	1.00e+00	2.39e-15	0.00e+00
 3.01685e+17	1.00e+00	2.29e-15	0.00e+00
 3.02021e+17	1.00e+00	2.16e-15	0.00e+00
 3.02458e+17	1.00e+00	2.01e-15	0.00e+00
 3.03025e+17	1.00e+00	1.82e-15	0.00e+00
 3.03763e+17	1.00e+00	1.60e-15	0.00e+00
 3.04592e+17	1.00e+00	1.36e-15	0.00e+00
 3.05334e+17	1.00e+00	1.15e-15	0.00e+00
 3.05928e+17	1.00e+00	1.01e-15	0.00e+00
 3.06437e+17	1.00e+00	9.07e-16	0.00e+00
 3.06951e+17	1.00e+00	8.20e-16	0.00e+00
 3.07519e+17	1.00e+00	7.35e-16	0.00e+00
 3.08124e+17	1.00e+00	6.50e-16	0.00e+00
 3.08718e+17	1.00e+00	5.73e-16	0.00e+00
 3.09281e+17	1.00e+00	5.09e-16	0.00e+00
 3.09833e+17	1.00e+00	4.55e-16	0.00e+00
 3.10406e+17	1.00e+00	4.06e-16	0.00e+00
 3.11014e+17	1.00e+00	3.60e-16	0.00e+00
 3.11654e+17	1.00e+00	3.16e-16	0.00e+00
 3.12315e+17	1.00e+00	2.76e-16	0.00e+00
 3.13003e+17	1.00e+00	2.41e-16	0.00e+00
 3.13743e+17	1.00e+00	2.08e-16	0.00e+00
 3.14570e+17	1.00e+00	1.78e-16	0.00e+00
 3.15526e+17	1.00e+00	1.48e-16	0.00e+00
 3.16669e+17	1.00e+00	1.20e-16	0.00e+00
 3.18113e+17	1.00e+00	9.32e-17	0.00e+00
 3.19990e+17	1.00e+00	6.70e-17	0.00e+00
 3.22429e+17	1.00e+00	4.39e-17	0.00e+00
 3.25601e+17	1.00e+00	2.56e-17	0.00e+00
 3.29724e+17	1.00e+00	1.30e-17	0.00e+00
 3.35083e+17	1.00e+00	5.61e-18	0.00e+00
 3.42051e+17	1.00e+00	2.16e-18	0.00e+00
 3.51109e+17	1.00e+00	7.57e-19	0.00e+00
 3.62885e+17	1.00e+00	2.68e-19	0.00e+00
 3.76931e+17	1.00e+00	9.38e-20	0.00e+00
 3.91696e+17	1.00e+00	3.45e-20	0.00e+00
 4.05436e+17	1.00e+00	1.43e-20	0.00e+00
 4.17109e+17	1.00e+00	7.04e-21	0.00e+00
 4.27225e+17	1.00e+00	3.86e-21	0.00e+00
 4.36840e+17	1.00e+00	2.19e-21	0.00e+00
 4.47889e+17	1.00e+00	1.14e-21	0.00e+00
 4.59513e+17	1.00e+00	5.87e-22	0.00e+00
 4.68589e+17	1.00e+00	3.54e-22	0.00e+00
 4.75195e+17	1.00e+00	2.45e-22	0.00e+00
 4.81888e+17	1.00e+00	1.67e-22	0.00e+00
