#depth	C	C+	C+2	C+3	C+4	C+5	C+6	C[1]	C[2]	C[3]	C+[1]	C+[2]	CO
 1.49634e+10	0.00e+00	1.35e-31	4.73e-22	5.07e-13	1.83e-03	7.41e-01	2.57e-01	0.00e+00	0.00e+00	0.00e+00	0.00e+00	0.00e+00	1.14e-263
 4.54887e+10	4.88e-42	1.91e-31	6.17e-22	6.09e-13	2.02e-03	7.56e-01	2.42e-01	0.00e+00	0.00e+00	0.00e+00	0.00e+00	0.00e+00	6.18e-135
 7.72350e+10	0.00e+00	2.73e-31	8.11e-22	7.38e-13	2.26e-03	7.70e-01	2.27e-01	0.00e+00	0.00e+00	0.00e+00	0.00e+00	0.00e+00	1.73e-193
 1.10251e+11	1.17e-41	3.89e-31	1.07e-21	8.92e-13	2.51e-03	7.84e-01	2.13e-01	0.00e+00	0.00e+00	0.00e+00	0.00e+00	0.00e+00	6.27e-134
 1.44588e+11	0.00e+00	5.55e-31	1.40e-21	1.08e-12	2.80e-03	7.98e-01	2.00e-01	0.00e+00	0.00e+00	0.00e+00	0.00e+00	0.00e+00	3.14e-181
 1.80298e+11	2.80e-41	7.91e-31	1.84e-21	1.30e-12	3.12e-03	8.10e-01	1.87e-01	0.00e+00	0.00e+00	0.00e+00	0.00e+00	0.00e+00	6.39e-133
 2.17437e+11	0.00e+00	1.13e-30	2.42e-21	1.58e-12	3.47e-03	8.22e-01	1.75e-01	0.00e+00	0.00e+00	0.00e+00	0.00e+00	0.00e+00	7.49e-181
 2.52368e+11	6.47e-41	1.56e-30	3.10e-21	1.87e-12	3.82e-03	8.32e-01	1.64e-01	0.00e+00	0.00e+00	0.00e+00	0.00e+00	0.00e+00	5.88e-132
 2.83624e+11	0.00e+00	2.06e-30	3.84e-21	2.17e-12	4.15e-03	8.41e-01	1.55e-01	0.00e+00	0.00e+00	0.00e+00	0.00e+00	0.00e+00	0.00e+00
 3.18720e+11	1.33e-40	2.80e-30	4.86e-21	2.56e-12	4.55e-03	8.49e-01	1.46e-01	0.00e+00	0.00e+00	0.00e+00	0.00e+00	0.00e+00	4.00e-131
 3.60292e+11	0.00e+00	3.96e-30	6.34e-21	3.07e-12	5.04e-03	8.59e-01	1.36e-01	0.00e+00	0.00e+00	0.00e+00	0.00e+00	0.00e+00	0.00e+00
 4.02062e+11	3.11e-40	5.55e-30	8.22e-21	3.67e-12	5.56e-03	8.68e-01	1.27e-01	0.00e+00	0.00e+00	0.00e+00	0.00e+00	0.00e+00	3.79e-130
 4.41289e+11	0.00e+00	7.54e-30	1.04e-20	4.32e-12	6.09e-03	8.75e-01	1.19e-01	0.00e+00	0.00e+00	0.00e+00	0.00e+00	0.00e+00	0.00e+00
 4.84654e+11	6.82e-40	1.05e-29	1.34e-20	5.14e-12	6.70e-03	8.82e-01	1.11e-01	0.00e+00	0.00e+00	0.00e+00	0.00e+00	0.00e+00	3.04e-129
 5.33966e+11	0.00e+00	1.50e-29	1.76e-20	6.21e-12	7.44e-03	8.90e-01	1.03e-01	0.00e+00	0.00e+00	0.00e+00	0.00e+00	0.00e+00	0.00e+00
 5.83214e+11	1.63e-39	2.12e-29	2.30e-20	7.45e-12	8.22e-03	8.96e-01	9.56e-02	0.00e+00	0.00e+00	0.00e+00	0.00e+00	0.00e+00	3.09e-128
 6.34431e+11	0.00e+00	3.01e-29	3.00e-20	8.95e-12	9.09e-03	9.02e-01	8.86e-02	0.00e+00	0.00e+00	0.00e+00	0.00e+00	0.00e+00	0.00e+00
 6.89735e+11	3.94e-39	4.32e-29	3.96e-20	1.08e-11	1.01e-02	9.08e-01	8.18e-02	0.00e+00	0.00e+00	0.00e+00	0.00e+00	0.00e+00	3.18e-127
 7.41532e+11	0.00e+00	5.99e-29	5.09e-20	1.28e-11	1.11e-02	9.13e-01	7.61e-02	0.00e+00	0.00e+00	0.00e+00	0.00e+00	0.00e+00	0.00e+00
 7.87674e+11	8.39e-39	7.95e-29	6.32e-20	1.49e-11	1.20e-02	9.17e-01	7.14e-02	0.00e+00	0.00e+00	0.00e+00	0.00e+00	0.00e+00	2.35e-126
 8.39515e+11	0.00e+00	1.08e-28	8.01e-20	1.75e-11	1.31e-02	9.20e-01	6.66e-02	0.00e+00	0.00e+00	0.00e+00	0.00e+00	0.00e+00	0.00e+00
 9.01156e+11	1.91e-38	1.55e-28	1.05e-19	2.11e-11	1.45e-02	9.24e-01	6.14e-02	0.00e+00	0.00e+00	0.00e+00	0.00e+00	0.00e+00	2.08e-125
 9.63159e+11	0.00e+00	2.18e-28	1.37e-19	2.52e-11	1.59e-02	9.27e-01	5.67e-02	0.00e+00	0.00e+00	0.00e+00	0.00e+00	0.00e+00	0.00e+00
 1.02110e+12	4.32e-38	2.98e-28	1.74e-19	2.97e-11	1.74e-02	9.30e-01	5.27e-02	0.00e+00	0.00e+00	0.00e+00	0.00e+00	0.00e+00	1.79e-124
 1.08533e+12	0.00e+00	4.17e-28	2.25e-19	3.53e-11	1.91e-02	9.32e-01	4.88e-02	0.00e+00	0.00e+00	0.00e+00	0.00e+00	0.00e+00	0.00e+00
 1.15867e+12	1.03e-37	6.03e-28	2.98e-19	4.28e-11	2.11e-02	9.34e-01	4.47e-02	0.00e+00	0.00e+00	0.00e+00	0.00e+00	0.00e+00	1.79e-123
 1.23068e+12	0.00e+00	8.55e-28	3.89e-19	5.13e-11	2.32e-02	9.36e-01	4.11e-02	0.00e+00	0.00e+00	0.00e+00	0.00e+00	0.00e+00	0.00e+00
 1.29990e+12	2.39e-37	1.18e-27	4.99e-19	6.07e-11	2.54e-02	9.37e-01	3.80e-02	0.00e+00	0.00e+00	0.00e+00	0.00e+00	0.00e+00	1.63e-122
 1.37615e+12	0.00e+00	1.67e-27	6.51e-19	7.26e-11	2.79e-02	9.37e-01	3.50e-02	0.00e+00	0.00e+00	0.00e+00	0.00e+00	0.00e+00	0.00e+00
 1.46113e+12	5.84e-37	2.43e-27	8.66e-19	8.81e-11	3.09e-02	9.37e-01	3.19e-02	0.00e+00	0.00e+00	0.00e+00	0.00e+00	0.00e+00	1.71e-121
 1.54681e+12	0.00e+00	3.49e-27	1.14e-18	1.06e-10	3.41e-02	9.37e-01	2.92e-02	0.00e+00	0.00e+00	0.00e+00	0.00e+00	0.00e+00	0.00e+00
 1.63592e+12	1.44e-36	5.01e-27	1.51e-18	1.28e-10	3.75e-02	9.36e-01	2.66e-02	0.00e+00	0.00e+00	0.00e+00	0.00e+00	0.00e+00	1.83e-120
 1.72783e+12	0.00e+00	7.19e-27	1.99e-18	1.54e-10	4.13e-02	9.34e-01	2.43e-02	0.00e+00	0.00e+00	0.00e+00	0.00e+00	0.00e+00	0.00e+00
 1.81790e+12	3.44e-36	1.01e-26	2.59e-18	1.84e-10	4.53e-02	9.32e-01	2.23e-02	0.00e+00	0.00e+00	0.00e+00	0.00e+00	0.00e+00	1.81e-119
 1.91503e+12	0.00e+00	1.44e-26	3.40e-18	2.21e-10	4.97e-02	9.30e-01	2.03e-02	0.00e+00	0.00e+00	0.00e+00	0.00e+00	0.00e+00	0.00e+00
 2.02156e+12	8.53e-36	2.10e-26	4.54e-18	2.69e-10	5.49e-02	9.27e-01	1.84e-02	0.00e+00	0.00e+00	0.00e+00	0.00e+00	0.00e+00	1.96e-118
 2.13235e+12	0.00e+00	3.06e-26	6.06e-18	3.27e-10	6.05e-02	9.23e-01	1.67e-02	0.00e+00	0.00e+00	0.00e+00	0.00e+00	0.00e+00	0.00e+00
 2.24757e+12	2.17e-35	4.46e-26	8.10e-18	3.97e-10	6.67e-02	9.18e-01	1.51e-02	0.00e+00	0.00e+00	0.00e+00	0.00e+00	0.00e+00	2.26e-117
 2.36740e+12	0.00e+00	6.50e-26	1.08e-17	4.82e-10	7.36e-02	9.13e-01	1.36e-02	0.00e+00	0.00e+00	0.00e+00	0.00e+00	0.00e+00	0.00e+00
 2.47569e+12	5.20e-35	9.02e-26	1.39e-17	5.71e-10	8.00e-02	9.08e-01	1.24e-02	0.00e+00	0.00e+00	0.00e+00	0.00e+00	0.00e+00	2.22e-116
 2.56577e+12	7.20e-35	1.17e-25	1.71e-17	6.54e-10	8.56e-02	9.03e-01	1.15e-02	0.00e+00	0.00e+00	0.00e+00	0.00e+00	0.00e+00	3.69e-98
 2.66439e+12	1.02e-34	1.55e-25	2.12e-17	7.56e-10	9.19e-02	8.97e-01	1.07e-02	0.00e+00	0.00e+00	0.00e+00	0.00e+00	0.00e+00	0.00e+00
 2.78950e+12	1.56e-34	2.19e-25	2.76e-17	9.03e-10	1.00e-01	8.90e-01	9.67e-03	0.00e+00	0.00e+00	0.00e+00	0.00e+00	0.00e+00	3.94e-115
 2.92012e+12	2.39e-34	3.09e-25	3.61e-17	1.08e-09	1.09e-01	8.82e-01	8.74e-03	0.00e+00	0.00e+00	0.00e+00	0.00e+00	0.00e+00	5.11e-97
 3.03079e+12	3.38e-34	4.09e-25	4.49e-17	1.25e-09	1.17e-01	8.75e-01	8.05e-03	0.00e+00	0.00e+00	0.00e+00	0.00e+00	0.00e+00	0.00e+00
 3.14446e+12	4.77e-34	5.40e-25	5.57e-17	1.44e-09	1.26e-01	8.67e-01	7.40e-03	0.00e+00	0.00e+00	0.00e+00	0.00e+00	0.00e+00	7.40e-114
 3.28784e+12	7.25e-34	7.57e-25	7.24e-17	1.72e-09	1.37e-01	8.57e-01	6.68e-03	0.00e+00	0.00e+00	0.00e+00	0.00e+00	0.00e+00	5.79e-96
 3.43361e+12	1.09e-33	1.05e-24	9.37e-17	2.04e-09	1.48e-01	8.46e-01	6.03e-03	0.00e+00	0.00e+00	0.00e+00	0.00e+00	0.00e+00	0.00e+00
 3.55832e+12	1.52e-33	1.38e-24	1.16e-16	2.35e-09	1.58e-01	8.36e-01	5.53e-03	0.00e+00	0.00e+00	0.00e+00	0.00e+00	0.00e+00	1.58e-112
 3.69189e+12	2.15e-33	1.83e-24	1.44e-16	2.72e-09	1.69e-01	8.26e-01	5.06e-03	0.00e+00	0.00e+00	0.00e+00	0.00e+00	0.00e+00	6.22e-95
 3.85771e+12	3.25e-33	2.55e-24	1.87e-16	3.24e-09	1.83e-01	8.12e-01	4.53e-03	0.00e+00	0.00e+00	0.00e+00	0.00e+00	0.00e+00	1.17e-111
 4.02792e+12	4.87e-33	3.54e-24	2.41e-16	3.84e-09	1.98e-01	7.98e-01	4.06e-03	0.00e+00	0.00e+00	0.00e+00	0.00e+00	0.00e+00	3.68e-94
 4.18065e+12	6.88e-33	4.68e-24	3.00e-16	4.44e-09	2.11e-01	7.85e-01	3.69e-03	0.00e+00	0.00e+00	0.00e+00	0.00e+00	0.00e+00	8.60e-111
 4.34813e+12	9.89e-33	6.29e-24	3.78e-16	5.17e-09	2.26e-01	7.70e-01	3.33e-03	0.00e+00	0.00e+00	0.00e+00	0.00e+00	0.00e+00	1.74e-93
 4.54662e+12	1.49e-32	8.78e-24	4.90e-16	6.14e-09	2.44e-01	7.53e-01	2.96e-03	0.00e+00	0.00e+00	0.00e+00	0.00e+00	0.00e+00	6.87e-110
 4.74574e+12	2.21e-32	1.21e-23	6.29e-16	7.24e-09	2.62e-01	7.35e-01	2.64e-03	0.00e+00	0.00e+00	0.00e+00	0.00e+00	0.00e+00	1.01e-92
 4.93412e+12	3.15e-32	1.61e-23	7.87e-16	8.39e-09	2.79e-01	7.19e-01	2.37e-03	0.00e+00	0.00e+00	0.00e+00	0.00e+00	0.00e+00	5.18e-109
 5.14269e+12	4.58e-32	2.18e-23	9.97e-16	9.81e-09	2.98e-01	7.00e-01	2.11e-03	0.00e+00	0.00e+00	0.00e+00	0.00e+00	0.00e+00	5.04e-92
 5.37833e+12	6.84e-32	3.02e-23	1.29e-15	1.16e-08	3.19e-01	6.79e-01	1.86e-03	0.00e+00	0.00e+00	0.00e+00	0.00e+00	0.00e+00	4.31e-108
 5.61315e+12	1.00e-31	4.10e-23	1.64e-15	1.36e-08	3.40e-01	6.58e-01	1.64e-03	0.00e+00	0.00e+00	0.00e+00	0.00e+00	0.00e+00	2.86e-91
 5.82022e+12	1.38e-31	5.32e-23	2.00e-15	1.55e-08	3.58e-01	6.40e-01	1.48e-03	0.00e+00	0.00e+00	0.00e+00	0.00e+00	0.00e+00	2.98e-107
 6.00231e+12	1.80e-31	6.62e-23	2.37e-15	1.73e-08	3.74e-01	6.24e-01	1.35e-03	0.00e+00	0.00e+00	0.00e+00	0.00e+00	0.00e+00	1.07e-90
 6.20864e+12	2.42e-31	8.39e-23	2.86e-15	1.95e-08	3.92e-01	6.07e-01	1.22e-03	0.00e+00	0.00e+00	0.00e+00	0.00e+00	0.00e+00	1.44e-106
 6.43867e+12	3.32e-31	1.08e-22	3.48e-15	2.21e-08	4.11e-01	5.88e-01	1.09e-03	0.00e+00	0.00e+00	0.00e+00	0.00e+00	0.00e+00	4.23e-90
 6.65481e+12	4.40e-31	1.36e-22	4.17e-15	2.48e-08	4.29e-01	5.70e-01	9.82e-04	0.00e+00	0.00e+00	0.00e+00	0.00e+00	0.00e+00	7.77e-106
 6.89108e+12	5.93e-31	1.73e-22	5.02e-15	2.80e-08	4.48e-01	5.51e-01	8.81e-04	0.00e+00	0.00e+00	0.00e+00	0.00e+00	0.00e+00	1.59e-89
 7.15507e+12	8.15e-31	2.24e-22	6.13e-15	3.18e-08	4.69e-01	5.31e-01	7.81e-04	0.00e+00	0.00e+00	0.00e+00	0.00e+00	0.00e+00	4.50e-105
 7.40420e+12	1.09e-30	2.83e-22	7.34e-15	3.57e-08	4.88e-01	5.12e-01	7.00e-04	0.00e+00	0.00e+00	0.00e+00	0.00e+00	0.00e+00	6.36e-89
 7.67716e+12	1.47e-30	3.61e-22	8.86e-15	4.02e-08	5.07e-01	4.92e-01	6.22e-04	0.00e+00	0.00e+00	0.00e+00	0.00e+00	0.00e+00	2.46e-104
 7.98264e+12	2.03e-30	4.68e-22	1.08e-14	4.56e-08	5.29e-01	4.71e-01	5.47e-04	0.00e+00	0.00e+00	0.00e+00	0.00e+00	0.00e+00	2.70e-88
 8.27201e+12	2.72e-30	5.93e-22	1.30e-14	5.11e-08	5.48e-01	4.51e-01	4.85e-04	0.00e+00	0.00e+00	0.00e+00	0.00e+00	0.00e+00	1.48e-103
 8.53993e+12	3.54e-30	7.31e-22	1.53e-14	5.66e-08	5.66e-01	4.34e-01	4.35e-04	0.00e+00	0.00e+00	0.00e+00	0.00e+00	0.00e+00	9.85e-88
 8.83837e+12	4.67e-30	9.14e-22	1.81e-14	6.29e-08	5.84e-01	4.16e-01	3.87e-04	0.00e+00	0.00e+00	0.00e+00	0.00e+00	0.00e+00	7.28e-103
 9.17299e+12	6.30e-30	1.16e-21	2.18e-14	7.06e-08	6.04e-01	3.96e-01	3.40e-04	0.00e+00	0.00e+00	0.00e+00	0.00e+00	0.00e+00	3.85e-87
 9.48873e+12	8.27e-30	1.45e-21	2.58e-14	7.82e-08	6.21e-01	3.78e-01	3.02e-04	0.00e+00	0.00e+00	0.00e+00	0.00e+00	0.00e+00	3.99e-102
 9.83329e+12	1.10e-29	1.82e-21	3.07e-14	8.70e-08	6.40e-01	3.60e-01	2.66e-04	0.00e+00	0.00e+00	0.00e+00	0.00e+00	0.00e+00	1.45e-86
 1.02144e+13	1.48e-29	2.31e-21	3.69e-14	9.74e-08	6.59e-01	3.41e-01	2.32e-04	0.00e+00	0.00e+00	0.00e+00	0.00e+00	0.00e+00	2.32e-101
 1.05674e+13	1.94e-29	2.86e-21	4.34e-14	1.08e-07	6.75e-01	3.25e-01	2.05e-04	0.00e+00	0.00e+00	0.00e+00	0.00e+00	0.00e+00	5.68e-86
 1.09507e+13	2.56e-29	3.57e-21	5.13e-14	1.19e-07	6.92e-01	3.08e-01	1.80e-04	0.00e+00	0.00e+00	0.00e+00	0.00e+00	0.00e+00	1.23e-100
 1.13793e+13	3.45e-29	4.53e-21	6.15e-14	1.33e-07	7.09e-01	2.90e-01	1.57e-04	0.00e+00	0.00e+00	0.00e+00	0.00e+00	0.00e+00	2.31e-85
 1.17836e+13	4.52e-29	5.62e-21	7.24e-14	1.46e-07	7.25e-01	2.75e-01	1.38e-04	0.00e+00	0.00e+00	0.00e+00	0.00e+00	0.00e+00	7.06e-100
 1.22258e+13	6.01e-29	7.05e-21	8.58e-14	1.62e-07	7.40e-01	2.60e-01	1.20e-04	0.00e+00	0.00e+00	0.00e+00	0.00e+00	0.00e+00	9.06e-85
 1.27193e+13	8.13e-29	8.96e-21	1.03e-13	1.80e-07	7.57e-01	2.43e-01	1.03e-04	0.00e+00	0.00e+00	0.00e+00	0.00e+00	0.00e+00	4.37e-99
 1.31842e+13	1.07e-28	1.11e-20	1.21e-13	1.98e-07	7.71e-01	2.29e-01	9.01e-05	0.00e+00	0.00e+00	0.00e+00	0.00e+00	0.00e+00	3.79e-84
 1.36885e+13	1.42e-28	1.40e-20	1.43e-13	2.19e-07	7.84e-01	2.15e-01	7.81e-05	0.00e+00	0.00e+00	0.00e+00	0.00e+00	0.00e+00	2.54e-98
 1.42541e+13	1.93e-28	1.78e-20	1.72e-13	2.43e-07	7.99e-01	2.01e-01	6.68e-05	0.00e+00	0.00e+00	0.00e+00	0.00e+00	0.00e+00	1.68e-83
 1.47995e+13	2.56e-28	2.23e-20	2.03e-13	2.68e-07	8.11e-01	1.88e-01	5.78e-05	0.00e+00	0.00e+00	0.00e+00	0.00e+00	0.00e+00	1.64e-97
 1.53784e+13	3.42e-28	2.80e-20	2.40e-13	2.95e-07	8.24e-01	1.76e-01	4.98e-05	0.00e+00	0.00e+00	0.00e+00	0.00e+00	0.00e+00	7.20e-83
 1.60235e+13	4.66e-28	3.57e-20	2.87e-13	3.27e-07	8.36e-01	1.64e-01	4.25e-05	0.00e+00	0.00e+00	0.00e+00	0.00e+00	0.00e+00	1.11e-96
 1.66746e+13	6.29e-28	4.51e-20	3.41e-13	3.61e-07	8.47e-01	1.53e-01	3.64e-05	0.00e+00	0.00e+00	0.00e+00	0.00e+00	0.00e+00	3.44e-82
 1.73517e+13	8.49e-28	5.71e-20	4.04e-13	3.97e-07	8.58e-01	1.42e-01	3.12e-05	0.00e+00	0.00e+00	0.00e+00	0.00e+00	0.00e+00	7.61e-96
 1.80757e+13	1.15e-27	7.24e-20	4.82e-13	4.39e-07	8.68e-01	1.32e-01	2.65e-05	0.00e+00	0.00e+00	0.00e+00	0.00e+00	0.00e+00	1.64e-81
 1.87586e+13	1.52e-27	9.00e-20	5.64e-13	4.79e-07	8.77e-01	1.23e-01	2.29e-05	0.00e+00	0.00e+00	0.00e+00	0.00e+00	0.00e+00	5.00e-95
 1.93752e+13	1.94e-27	1.09e-19	6.46e-13	5.17e-07	8.84e-01	1.16e-01	2.02e-05	0.00e+00	0.00e+00	0.00e+00	0.00e+00	0.00e+00	6.46e-81
 1.99605e+13	2.42e-27	1.29e-19	7.32e-13	5.54e-07	8.90e-01	1.10e-01	1.79e-05	0.00e+00	0.00e+00	0.00e+00	0.00e+00	0.00e+00	2.26e-94
 2.06099e+13	3.08e-27	1.56e-19	8.37e-13	5.96e-07	8.96e-01	1.03e-01	1.58e-05	0.00e+00	0.00e+00	0.00e+00	0.00e+00	0.00e+00	2.20e-80
 2.13370e+13	4.00e-27	1.91e-19	9.67e-13	6.45e-07	9.03e-01	9.70e-02	1.38e-05	0.00e+00	0.00e+00	0.00e+00	0.00e+00	0.00e+00	1.16e-93
 2.20258e+13	5.08e-27	2.30e-19	1.10e-12	6.94e-07	9.09e-01	9.14e-02	1.22e-05	0.00e+00	0.00e+00	0.00e+00	0.00e+00	0.00e+00	8.27e-80
 2.27821e+13	6.55e-27	2.80e-19	1.27e-12	7.49e-07	9.14e-01	8.57e-02	1.07e-05	0.00e+00	0.00e+00	0.00e+00	0.00e+00	0.00e+00	5.77e-93
 2.36112e+13	8.60e-27	3.45e-19	1.47e-12	8.10e-07	9.20e-01	8.02e-02	9.26e-06	0.00e+00	0.00e+00	0.00e+00	0.00e+00	0.00e+00	3.37e-79
 2.43717e+13	1.09e-26	4.15e-19	1.68e-12	8.70e-07	9.25e-01	7.55e-02	8.17e-06	0.00e+00	0.00e+00	0.00e+00	0.00e+00	0.00e+00	3.04e-92
 2.51969e+13	1.40e-26	5.04e-19	1.92e-12	9.36e-07	9.29e-01	7.08e-02	7.16e-06	0.00e+00	0.00e+00	0.00e+00	0.00e+00	0.00e+00	1.26e-78
 2.61180e+13	1.84e-26	6.22e-19	2.22e-12	1.01e-06	9.34e-01	6.62e-02	6.22e-06	0.00e+00	0.00e+00	0.00e+00	0.00e+00	0.00e+00	1.69e-91
 2.69854e+13	2.36e-26	7.52e-19	2.54e-12	1.09e-06	9.38e-01	6.22e-02	5.46e-06	0.00e+00	0.00e+00	0.00e+00	0.00e+00	0.00e+00	5.10e-78
 2.79343e+13	3.08e-26	9.21e-19	2.92e-12	1.17e-06	9.42e-01	5.82e-02	4.77e-06	0.00e+00	0.00e+00	0.00e+00	0.00e+00	0.00e+00	8.99e-91
 2.89900e+13	4.09e-26	1.14e-18	3.40e-12	1.27e-06	9.46e-01	5.43e-02	4.13e-06	0.00e+00	0.00e+00	0.00e+00	0.00e+00	0.00e+00	2.26e-77
 2.99794e+13	5.29e-26	1.39e-18	3.89e-12	1.36e-06	9.49e-01	5.09e-02	3.62e-06	0.00e+00	0.00e+00	0.00e+00	0.00e+00	0.00e+00	5.25e-90
 3.10605e+13	6.95e-26	1.71e-18	4.49e-12	1.46e-06	9.52e-01	4.75e-02	3.15e-06	0.00e+00	0.00e+00	0.00e+00	0.00e+00	0.00e+00	9.50e-77
 3.22672e+13	9.33e-26	2.14e-18	5.23e-12	1.59e-06	9.56e-01	4.42e-02	2.71e-06	0.00e+00	0.00e+00	0.00e+00	0.00e+00	0.00e+00	2.11e-76
 3.34059e+13	1.22e-25	2.63e-18	6.01e-12	1.71e-06	9.59e-01	4.14e-02	2.37e-06	0.00e+00	0.00e+00	0.00e+00	0.00e+00	0.00e+00	4.38e-76
 3.46430e+13	1.62e-25	3.26e-18	6.95e-12	1.84e-06	9.61e-01	3.86e-02	2.06e-06	0.00e+00	0.00e+00	0.00e+00	0.00e+00	0.00e+00	9.47e-76
 3.60245e+13	2.19e-25	4.10e-18	8.13e-12	1.99e-06	9.64e-01	3.58e-02	1.77e-06	0.00e+00	0.00e+00	0.00e+00	0.00e+00	0.00e+00	2.18e-75
 3.73523e+13	2.91e-25	5.08e-18	9.40e-12	2.14e-06	9.67e-01	3.34e-02	1.53e-06	0.00e+00	0.00e+00	0.00e+00	0.00e+00	0.00e+00	4.70e-75
 3.87674e+13	3.89e-25	6.32e-18	1.09e-11	2.31e-06	9.69e-01	3.11e-02	1.33e-06	0.00e+00	0.00e+00	0.00e+00	0.00e+00	0.00e+00	1.04e-74
 4.03481e+13	5.31e-25	8.01e-18	1.28e-11	2.51e-06	9.71e-01	2.88e-02	1.14e-06	0.00e+00	0.00e+00	0.00e+00	0.00e+00	0.00e+00	2.45e-74
 4.19303e+13	7.18e-25	1.00e-17	1.49e-11	2.71e-06	9.73e-01	2.68e-02	9.79e-07	0.00e+00	0.00e+00	0.00e+00	0.00e+00	0.00e+00	5.61e-74
 4.35758e+13	9.72e-25	1.26e-17	1.73e-11	2.93e-06	9.75e-01	2.49e-02	0.00e+00	0.00e+00	0.00e+00	0.00e+00	0.00e+00	0.00e+00	1.29e-73
 4.53487e+13	1.33e-24	1.60e-17	2.03e-11	3.17e-06	9.77e-01	2.31e-02	0.00e+00	0.00e+00	0.00e+00	0.00e+00	0.00e+00	0.00e+00	3.04e-73
 4.71926e+13	1.82e-24	2.02e-17	2.38e-11	3.44e-06	9.79e-01	2.14e-02	0.00e+00	0.00e+00	0.00e+00	0.00e+00	0.00e+00	0.00e+00	7.20e-73
 4.91102e+13	2.49e-24	2.56e-17	2.79e-11	3.72e-06	9.80e-01	1.98e-02	0.00e+00	0.00e+00	0.00e+00	0.00e+00	0.00e+00	0.00e+00	1.71e-72
 5.09715e+13	3.34e-24	3.19e-17	3.23e-11	4.01e-06	9.82e-01	1.84e-02	0.00e+00	0.00e+00	0.00e+00	0.00e+00	0.00e+00	0.00e+00	3.82e-72
 5.27292e+13	4.36e-24	3.90e-17	3.69e-11	4.29e-06	9.83e-01	1.73e-02	0.00e+00	0.00e+00	0.00e+00	0.00e+00	0.00e+00	0.00e+00	7.97e-72
 5.43889e+13	5.56e-24	4.69e-17	4.18e-11	4.56e-06	9.84e-01	1.63e-02	0.00e+00	0.00e+00	0.00e+00	0.00e+00	1.51e-17	3.18e-17	1.56e-71
 5.61960e+13	7.19e-24	5.69e-17	4.75e-11	4.86e-06	9.85e-01	1.53e-02	0.00e+00	0.00e+00	0.00e+00	0.00e+00	1.89e-17	3.80e-17	3.17e-71
 5.82099e+13	9.49e-24	7.01e-17	5.47e-11	5.21e-06	9.86e-01	1.43e-02	0.00e+00	0.00e+00	0.00e+00	0.00e+00	2.33e-17	4.68e-17	6.81e-71
 6.01096e+13	1.22e-23	8.46e-17	6.21e-11	5.56e-06	9.87e-01	1.34e-02	0.00e+00	0.00e+00	0.00e+00	0.00e+00	2.81e-17	5.65e-17	1.35e-70
 6.21965e+13	1.60e-23	1.04e-16	7.10e-11	5.95e-06	9.87e-01	1.25e-02	0.00e+00	0.00e+00	0.00e+00	0.00e+00	3.44e-17	6.92e-17	2.84e-70
 6.45474e+13	2.14e-23	1.29e-16	8.23e-11	6.40e-06	9.88e-01	1.17e-02	0.00e+00	0.00e+00	0.00e+00	0.00e+00	4.29e-17	8.63e-17	6.39e-70
 6.67985e+13	2.80e-23	1.58e-16	9.43e-11	6.85e-06	9.89e-01	1.09e-02	0.00e+00	0.00e+00	0.00e+00	0.00e+00	5.25e-17	1.06e-16	1.33e-69
 6.92510e+13	3.70e-23	1.95e-16	1.09e-10	7.37e-06	9.90e-01	1.02e-02	0.00e+00	0.00e+00	0.00e+00	0.00e+00	6.47e-17	1.30e-16	2.87e-69
 7.19860e+13	5.03e-23	2.46e-16	1.27e-10	7.95e-06	9.91e-01	9.43e-03	0.00e+00	0.00e+00	0.00e+00	0.00e+00	8.15e-17	1.64e-16	6.71e-69
 7.46443e+13	6.63e-23	3.03e-16	1.47e-10	8.56e-06	9.91e-01	8.77e-03	0.00e+00	0.00e+00	0.00e+00	0.00e+00	1.01e-16	2.02e-16	1.43e-68
 7.74738e+13	8.88e-23	3.77e-16	1.70e-10	9.21e-06	9.92e-01	8.16e-03	0.00e+00	0.00e+00	0.00e+00	0.00e+00	1.25e-16	2.52e-16	3.20e-68
 8.03476e+13	1.18e-22	4.67e-16	1.96e-10	9.91e-06	9.92e-01	7.59e-03	0.00e+00	0.00e+00	0.00e+00	0.00e+00	1.55e-16	3.12e-16	6.92e-68
 8.28855e+13	1.50e-22	5.62e-16	2.22e-10	1.05e-05	9.93e-01	7.14e-03	0.00e+00	0.00e+00	0.00e+00	0.00e+00	1.86e-16	3.75e-16	1.36e-67
 8.56406e+13	1.93e-22	6.78e-16	2.53e-10	1.13e-05	9.93e-01	6.69e-03	0.00e+00	0.00e+00	0.00e+00	0.00e+00	2.25e-16	4.53e-16	2.68e-67
 8.89568e+13	2.60e-22	8.50e-16	2.94e-10	1.22e-05	9.94e-01	6.21e-03	0.00e+00	0.00e+00	0.00e+00	0.00e+00	2.82e-16	5.68e-16	6.15e-67
 9.22477e+13	3.42e-22	1.05e-15	3.41e-10	1.31e-05	9.94e-01	5.77e-03	0.00e+00	0.00e+00	0.00e+00	0.00e+00	3.48e-16	7.00e-16	1.30e-66
 9.51880e+13	4.36e-22	1.26e-15	3.86e-10	1.39e-05	9.95e-01	5.42e-03	0.00e+00	0.00e+00	0.00e+00	0.00e+00	4.17e-16	8.41e-16	2.53e-66
 9.84270e+13	5.63e-22	1.53e-15	4.41e-10	1.49e-05	9.95e-01	5.07e-03	0.00e+00	0.00e+00	0.00e+00	0.00e+00	5.07e-16	1.02e-15	5.12e-66
 1.02278e+14	7.59e-22	1.92e-15	5.14e-10	1.61e-05	9.95e-01	4.70e-03	0.00e+00	0.00e+00	0.00e+00	0.00e+00	6.36e-16	1.28e-15	1.17e-65
 1.06092e+14	9.98e-22	2.36e-15	5.96e-10	1.74e-05	9.96e-01	4.36e-03	0.00e+00	0.00e+00	0.00e+00	0.00e+00	7.84e-16	1.58e-15	2.48e-65
 1.09573e+14	1.28e-21	2.86e-15	6.78e-10	1.85e-05	9.96e-01	4.09e-03	0.00e+00	0.00e+00	0.00e+00	0.00e+00	9.49e-16	1.91e-15	4.96e-65
 1.13454e+14	1.66e-21	3.48e-15	7.79e-10	1.99e-05	9.96e-01	3.81e-03	0.00e+00	0.00e+00	0.00e+00	0.00e+00	1.15e-15	2.33e-15	1.00e-64
 1.17976e+14	2.25e-21	4.39e-15	9.11e-10	2.15e-05	9.96e-01	3.53e-03	0.00e+00	0.00e+00	0.00e+00	0.00e+00	1.46e-15	2.94e-15	2.33e-64
 1.22426e+14	2.95e-21	5.41e-15	1.06e-09	2.32e-05	9.97e-01	3.27e-03	0.00e+00	0.00e+00	0.00e+00	0.00e+00	1.79e-15	3.61e-15	4.90e-64
 1.26618e+14	3.81e-21	6.57e-15	1.21e-09	2.49e-05	9.97e-01	3.05e-03	0.00e+00	0.00e+00	0.00e+00	0.00e+00	2.18e-15	4.39e-15	9.91e-64
 1.31277e+14	5.03e-21	8.13e-15	1.40e-09	2.67e-05	9.97e-01	2.84e-03	0.00e+00	0.00e+00	0.00e+00	0.00e+00	2.69e-15	5.44e-15	2.14e-63
 1.36558e+14	6.71e-21	1.01e-14	1.64e-09	2.90e-05	9.97e-01	2.62e-03	0.00e+00	0.00e+00	0.00e+00	0.00e+00	3.36e-15	6.78e-15	4.72e-63
 1.41834e+14	9.00e-21	1.27e-14	1.90e-09	3.13e-05	9.98e-01	2.43e-03	0.00e+00	0.00e+00	0.00e+00	0.00e+00	4.20e-15	8.48e-15	1.06e-62
 1.46775e+14	1.15e-20	1.53e-14	2.19e-09	3.36e-05	9.98e-01	2.27e-03	0.00e+00	0.00e+00	0.00e+00	0.00e+00	5.07e-15	1.02e-14	2.09e-62
 1.52131e+14	1.52e-20	1.89e-14	2.52e-09	3.61e-05	9.98e-01	2.11e-03	0.00e+00	0.00e+00	0.00e+00	0.00e+00	6.27e-15	1.27e-14	4.52e-62
 1.58246e+14	2.02e-20	2.35e-14	2.95e-09	3.91e-05	9.98e-01	1.94e-03	0.00e+00	0.00e+00	0.00e+00	0.00e+00	7.80e-15	1.57e-14	9.82e-62
 1.64009e+14	2.64e-20	2.89e-14	3.41e-09	4.21e-05	9.98e-01	1.81e-03	0.00e+00	0.00e+00	0.00e+00	0.00e+00	9.56e-15	1.93e-14	2.06e-61
 1.69195e+14	3.34e-20	3.46e-14	3.86e-09	4.48e-05	9.98e-01	1.70e-03	0.00e+00	0.00e+00	0.00e+00	0.00e+00	1.15e-14	2.32e-14	3.97e-61
 1.74108e+14	4.12e-20	4.07e-14	4.33e-09	4.75e-05	9.98e-01	1.60e-03	0.00e+00	0.00e+00	0.00e+00	0.00e+00	1.35e-14	2.72e-14	7.10e-61
 1.79565e+14	5.13e-20	4.82e-14	4.89e-09	5.05e-05	9.98e-01	1.51e-03	0.00e+00	0.00e+00	0.00e+00	0.00e+00	1.60e-14	3.23e-14	1.30e-60
 1.85640e+14	6.62e-20	5.86e-14	5.59e-09	5.40e-05	9.99e-01	1.41e-03	0.00e+00	0.00e+00	0.00e+00	0.00e+00	1.94e-14	3.92e-14	2.65e-60
 1.91359e+14	8.18e-20	6.90e-14	6.31e-09	5.75e-05	9.99e-01	1.32e-03	0.00e+00	0.00e+00	0.00e+00	0.00e+00	2.28e-14	4.62e-14	4.75e-60
 1.97633e+14	1.05e-19	8.35e-14	7.18e-09	6.13e-05	9.99e-01	1.24e-03	0.00e+00	0.00e+00	0.00e+00	0.00e+00	2.76e-14	5.59e-14	9.49e-60
 2.04655e+14	1.34e-19	1.01e-13	8.26e-09	6.59e-05	9.99e-01	1.16e-03	0.00e+00	0.00e+00	0.00e+00	0.00e+00	3.34e-14	6.76e-14	1.88e-59
 2.11296e+14	1.70e-19	1.22e-13	9.38e-09	7.02e-05	9.99e-01	1.08e-03	0.00e+00	0.00e+00	0.00e+00	0.00e+00	4.02e-14	8.14e-14	3.67e-59
 2.18578e+14	2.17e-19	1.46e-13	1.07e-08	7.53e-05	9.99e-01	1.01e-03	0.00e+00	0.00e+00	0.00e+00	0.00e+00	4.83e-14	9.79e-14	7.11e-59
 2.26640e+14	2.84e-19	1.80e-13	1.24e-08	8.10e-05	9.99e-01	9.40e-04	0.00e+00	0.00e+00	0.00e+00	0.00e+00	5.96e-14	1.21e-13	1.52e-58
 2.34120e+14	3.56e-19	2.15e-13	1.41e-08	8.66e-05	9.99e-01	8.79e-04	0.00e+00	0.00e+00	0.00e+00	0.00e+00	7.10e-14	1.44e-13	2.84e-58
 2.42245e+14	4.58e-19	2.62e-13	1.62e-08	9.27e-05	9.99e-01	8.21e-04	0.00e+00	0.00e+00	0.00e+00	0.00e+00	8.64e-14	1.75e-13	5.78e-58
 2.51295e+14	5.93e-19	3.19e-13	1.88e-08	1.00e-04	9.99e-01	7.61e-04	0.00e+00	0.00e+00	0.00e+00	0.00e+00	1.05e-13	2.14e-13	1.17e-57
 2.59752e+14	7.55e-19	3.85e-13	2.14e-08	1.07e-04	9.99e-01	7.12e-04	0.00e+00	0.00e+00	0.00e+00	0.00e+00	1.27e-13	2.58e-13	2.33e-57
 2.68952e+14	9.61e-19	4.65e-13	2.46e-08	1.15e-04	9.99e-01	6.62e-04	0.00e+00	0.00e+00	0.00e+00	0.00e+00	1.53e-13	3.11e-13	4.54e-57
 2.79183e+14	1.26e-18	5.75e-13	2.86e-08	1.24e-04	9.99e-01	6.14e-04	0.00e+00	0.00e+00	0.00e+00	0.00e+00	1.90e-13	3.85e-13	9.81e-57
 2.88781e+14	1.58e-18	6.87e-13	3.28e-08	1.33e-04	9.99e-01	5.72e-04	0.00e+00	0.00e+00	0.00e+00	0.00e+00	2.26e-13	4.60e-13	1.84e-56
 2.99229e+14	2.06e-18	8.42e-13	3.78e-08	1.43e-04	9.99e-01	5.32e-04	0.00e+00	0.00e+00	0.00e+00	0.00e+00	2.78e-13	5.65e-13	3.85e-56
 3.10879e+14	2.66e-18	1.03e-12	4.40e-08	1.55e-04	9.99e-01	4.91e-04	0.00e+00	0.00e+00	0.00e+00	0.00e+00	3.39e-13	6.90e-13	7.88e-56
 3.21878e+14	3.42e-18	1.26e-12	5.06e-08	1.66e-04	9.99e-01	4.57e-04	0.00e+00	0.00e+00	0.00e+00	0.00e+00	4.14e-13	8.42e-13	1.61e-55
 3.33666e+14	4.37e-18	1.52e-12	5.85e-08	1.79e-04	9.99e-01	4.24e-04	0.00e+00	0.00e+00	0.00e+00	0.00e+00	5.01e-13	1.02e-12	3.18e-55
 3.46778e+14	5.72e-18	1.88e-12	6.83e-08	1.94e-04	9.99e-01	3.92e-04	0.00e+00	0.00e+00	0.00e+00	0.00e+00	6.20e-13	1.26e-12	6.86e-55
 3.59552e+14	7.31e-18	2.28e-12	7.90e-08	2.09e-04	9.99e-01	3.63e-04	0.00e+00	0.00e+00	0.00e+00	0.00e+00	7.51e-13	1.53e-12	1.36e-54
 3.73102e+14	9.42e-18	2.80e-12	9.17e-08	2.26e-04	9.99e-01	3.36e-04	0.00e+00	0.00e+00	0.00e+00	0.00e+00	9.20e-13	1.88e-12	2.81e-54
 3.88056e+14	1.22e-17	3.43e-12	1.07e-07	2.46e-04	9.99e-01	3.09e-04	0.00e+00	0.00e+00	0.00e+00	0.00e+00	1.13e-12	2.30e-12	5.83e-54
 4.02736e+14	1.58e-17	4.21e-12	1.25e-07	2.66e-04	9.99e-01	2.86e-04	0.00e+00	0.00e+00	0.00e+00	0.00e+00	1.38e-12	2.83e-12	1.21e-53
 4.14837e+14	1.91e-17	4.90e-12	1.41e-07	2.83e-04	9.99e-01	2.68e-04	0.00e+00	0.00e+00	0.00e+00	0.00e+00	1.61e-12	3.29e-12	2.07e-53
 4.24524e+14	2.23e-17	5.55e-12	1.54e-07	2.98e-04	9.99e-01	2.55e-04	0.00e+00	0.00e+00	0.00e+00	0.00e+00	1.82e-12	3.72e-12	3.24e-53
 4.35203e+14	2.64e-17	6.35e-12	1.71e-07	3.14e-04	9.99e-01	2.42e-04	0.00e+00	0.00e+00	0.00e+00	0.00e+00	2.09e-12	4.27e-12	5.27e-53
 4.49085e+14	3.24e-17	7.48e-12	1.94e-07	3.36e-04	9.99e-01	2.26e-04	0.00e+00	0.00e+00	0.00e+00	0.00e+00	2.46e-12	5.02e-12	9.44e-53
 4.63996e+14	4.00e-17	8.88e-12	2.21e-07	3.60e-04	9.99e-01	2.10e-04	0.00e+00	0.00e+00	0.00e+00	0.00e+00	2.92e-12	5.96e-12	1.74e-52
 4.77274e+14	4.83e-17	1.03e-11	2.48e-07	3.83e-04	9.99e-01	1.98e-04	0.00e+00	4.03e-18	1.21e-17	2.02e-17	3.40e-12	6.95e-12	3.01e-52
 4.91562e+14	5.84e-17	1.20e-11	2.79e-07	4.08e-04	9.99e-01	1.86e-04	0.00e+00	4.88e-18	1.46e-17	2.45e-17	3.95e-12	8.09e-12	5.19e-52
 5.09646e+14	7.41e-17	1.46e-11	3.23e-07	4.42e-04	9.99e-01	1.71e-04	0.00e+00	6.20e-18	1.86e-17	3.11e-17	4.79e-12	9.81e-12	1.04e-51
 5.27981e+14	9.31e-17	1.76e-11	3.73e-07	4.78e-04	9.99e-01	1.59e-04	0.00e+00	7.79e-18	2.34e-17	3.91e-17	5.77e-12	1.18e-11	2.02e-51
 5.43558e+14	1.12e-16	2.04e-11	4.19e-07	5.09e-04	9.99e-01	1.49e-04	0.00e+00	9.37e-18	2.81e-17	4.70e-17	6.70e-12	1.37e-11	3.48e-51
 5.60233e+14	1.35e-16	2.39e-11	4.74e-07	5.44e-04	9.99e-01	1.39e-04	0.00e+00	1.13e-17	3.40e-17	5.68e-17	7.84e-12	1.61e-11	6.14e-51
 5.81065e+14	1.71e-16	2.89e-11	5.50e-07	5.90e-04	9.99e-01	1.29e-04	0.00e+00	1.43e-17	4.31e-17	7.20e-17	9.47e-12	1.94e-11	1.22e-50
 6.02477e+14	2.15e-16	3.49e-11	6.37e-07	6.40e-04	9.99e-01	1.19e-04	0.00e+00	1.81e-17	5.43e-17	9.08e-17	1.15e-11	2.35e-11	2.44e-50
 6.21338e+14	2.62e-16	4.10e-11	7.22e-07	6.86e-04	9.99e-01	1.11e-04	0.00e+00	2.21e-17	6.62e-17	1.11e-16	1.34e-11	2.75e-11	4.39e-50
 6.41709e+14	3.18e-16	4.83e-11	8.22e-07	7.36e-04	9.99e-01	1.03e-04	0.00e+00	2.68e-17	8.04e-17	1.34e-16	1.59e-11	3.25e-11	8.03e-50
 6.66302e+14	4.08e-16	5.90e-11	9.58e-07	8.02e-04	9.99e-01	9.48e-05	0.00e+00	3.44e-17	1.03e-16	1.73e-16	1.93e-11	3.96e-11	1.68e-49
 6.90695e+14	5.09e-16	7.10e-11	1.11e-06	8.70e-04	9.99e-01	8.74e-05	0.00e+00	4.30e-17	1.29e-16	2.16e-16	2.33e-11	4.77e-11	3.34e-49
 7.12373e+14	6.21e-16	8.34e-11	1.25e-06	9.32e-04	9.99e-01	8.17e-05	0.00e+00	5.24e-17	1.57e-16	2.63e-16	2.74e-11	5.61e-11	6.11e-49
 7.36209e+14	7.61e-16	9.87e-11	1.43e-06	1.00e-03	9.99e-01	7.58e-05	0.00e+00	6.44e-17	1.93e-16	3.23e-16	3.24e-11	6.63e-11	1.15e-48
 7.64691e+14	9.64e-16	1.20e-10	1.67e-06	1.09e-03	9.99e-01	6.97e-05	0.00e+00	8.16e-17	2.45e-16	4.09e-16	3.95e-11	8.08e-11	2.42e-48
 7.93059e+14	1.21e-15	1.45e-10	1.93e-06	1.19e-03	9.99e-01	6.42e-05	0.00e+00	1.03e-16	3.08e-16	5.15e-16	4.77e-11	9.76e-11	4.95e-48
 8.19018e+14	1.47e-15	1.71e-10	2.20e-06	1.28e-03	9.99e-01	5.98e-05	0.00e+00	1.25e-16	3.74e-16	6.25e-16	5.61e-11	1.15e-10	9.16e-48
 8.47998e+14	1.86e-15	2.06e-10	2.53e-06	1.38e-03	9.99e-01	5.53e-05	0.00e+00	1.58e-16	4.73e-16	7.90e-16	6.76e-11	1.38e-10	1.88e-47
 8.81681e+14	2.37e-15	2.52e-10	2.96e-06	1.51e-03	9.98e-01	5.07e-05	0.00e+00	2.01e-16	6.04e-16	1.01e-15	8.29e-11	1.69e-10	4.13e-47
 9.14807e+14	2.99e-15	3.06e-10	3.43e-06	1.64e-03	9.98e-01	4.67e-05	0.00e+00	2.55e-16	7.64e-16	1.28e-15	1.01e-10	2.06e-10	8.81e-47
 9.46316e+14	3.70e-15	3.65e-10	3.93e-06	1.77e-03	9.98e-01	4.33e-05	0.00e+00	3.15e-16	9.47e-16	1.58e-15	1.20e-10	2.45e-10	1.77e-46
 9.81258e+14	4.67e-15	4.42e-10	4.54e-06	1.92e-03	9.98e-01	4.00e-05	0.00e+00	3.99e-16	1.20e-15	2.00e-15	1.45e-10	2.97e-10	3.78e-46
 1.01416e+15	5.64e-15	5.21e-10	5.18e-06	2.06e-03	9.98e-01	3.72e-05	0.00e+00	4.82e-16	1.45e-15	2.42e-15	1.71e-10	3.50e-10	7.19e-46
 1.03882e+15	6.61e-15	5.93e-10	5.70e-06	2.18e-03	9.98e-01	3.53e-05	0.00e+00	5.66e-16	1.70e-15	2.83e-15	1.95e-10	3.98e-10	1.21e-45
 1.06413e+15	7.85e-15	6.79e-10	6.27e-06	2.30e-03	9.98e-01	3.34e-05	0.00e+00	6.72e-16	2.02e-15	3.37e-15	2.23e-10	4.56e-10	2.08e-45
 1.09704e+15	9.54e-15	7.98e-10	7.09e-06	2.47e-03	9.97e-01	3.12e-05	0.00e+00	8.18e-16	2.45e-15	4.10e-15	2.62e-10	5.36e-10	3.97e-45
 1.13261e+15	1.14e-14	9.35e-10	8.04e-06	2.65e-03	9.97e-01	2.92e-05	0.00e+00	9.80e-16	2.94e-15	4.91e-15	3.08e-10	6.27e-10	7.42e-45
 1.16463e+15	1.37e-14	1.09e-09	8.99e-06	2.82e-03	9.97e-01	2.74e-05	0.00e+00	1.17e-15	3.53e-15	5.89e-15	3.58e-10	7.29e-10	1.36e-44
 1.19924e+15	1.68e-14	1.28e-09	1.01e-05	3.01e-03	9.97e-01	2.57e-05	0.00e+00	1.45e-15	4.35e-15	7.26e-15	4.22e-10	8.61e-10	2.65e-44
 1.24320e+15	2.14e-14	1.56e-09	1.17e-05	3.26e-03	9.97e-01	2.38e-05	0.00e+00	1.85e-15	5.54e-15	9.25e-15	5.14e-10	1.05e-09	5.81e-44
 1.28757e+15	2.61e-14	1.86e-09	1.34e-05	3.53e-03	9.96e-01	2.21e-05	0.00e+00	2.25e-15	6.75e-15	1.13e-14	6.12e-10	1.25e-09	1.16e-43
 1.32499e+15	3.16e-14	2.18e-09	1.50e-05	3.76e-03	9.96e-01	2.07e-05	0.00e+00	2.73e-15	8.18e-15	1.37e-14	7.16e-10	1.46e-09	2.18e-43
 1.36508e+15	3.84e-14	2.56e-09	1.69e-05	4.02e-03	9.96e-01	1.95e-05	0.00e+00	3.32e-15	9.96e-15	1.66e-14	8.42e-10	1.71e-09	4.14e-43
 1.41550e+15	5.01e-14	3.16e-09	1.95e-05	4.36e-03	9.96e-01	1.80e-05	0.00e+00	4.33e-15	1.30e-14	2.17e-14	1.04e-09	2.12e-09	9.80e-43
 1.46826e+15	6.19e-14	3.80e-09	2.26e-05	4.72e-03	9.95e-01	1.67e-05	0.00e+00	5.37e-15	1.61e-14	2.69e-14	1.25e-09	2.55e-09	2.01e-42
 1.51570e+15	7.65e-14	4.53e-09	2.56e-05	5.07e-03	9.95e-01	1.56e-05	0.00e+00	6.64e-15	1.99e-14	3.33e-14	1.49e-09	3.04e-09	4.05e-42
 1.56732e+15	9.54e-14	5.44e-09	2.93e-05	5.46e-03	9.94e-01	1.46e-05	0.00e+00	8.29e-15	2.49e-14	4.15e-14	1.80e-09	3.65e-09	8.37e-42
 1.62844e+15	1.27e-13	6.83e-09	3.41e-05	5.95e-03	9.94e-01	1.35e-05	0.00e+00	1.11e-14	3.32e-14	5.54e-14	2.25e-09	4.58e-09	2.07e-41
 1.68850e+15	1.61e-13	8.33e-09	3.94e-05	6.44e-03	9.94e-01	1.25e-05	0.00e+00	1.40e-14	4.20e-14	7.00e-14	2.75e-09	5.58e-09	4.46e-41
 1.74324e+15	1.99e-13	9.96e-09	4.47e-05	6.91e-03	9.93e-01	1.17e-05	0.00e+00	1.74e-14	5.21e-14	8.69e-14	3.29e-09	6.67e-09	8.96e-41
 1.80450e+15	2.46e-13	1.19e-08	5.13e-05	7.45e-03	9.92e-01	1.10e-05	0.00e+00	2.15e-14	6.44e-14	1.07e-13	3.94e-09	7.99e-09	1.79e-40
 1.87592e+15	3.25e-13	1.50e-08	5.99e-05	8.12e-03	9.92e-01	1.01e-05	0.00e+00	2.84e-14	8.52e-14	1.42e-13	4.96e-09	1.01e-08	4.40e-40
 1.94630e+15	4.19e-13	1.85e-08	6.94e-05	8.79e-03	9.91e-01	9.46e-06	0.00e+00	3.66e-14	1.10e-13	1.83e-13	6.12e-09	1.24e-08	9.77e-40
 2.01306e+15	5.27e-13	2.24e-08	7.94e-05	9.47e-03	9.90e-01	8.88e-06	0.00e+00	4.61e-14	1.38e-13	2.31e-13	7.41e-09	1.50e-08	2.03e-39
 2.08720e+15	6.59e-13	2.71e-08	9.17e-05	1.02e-02	9.90e-01	8.30e-06	0.00e+00	5.78e-14	1.73e-13	2.89e-13	8.97e-09	1.82e-08	4.17e-39
 2.17072e+15	8.87e-13	3.46e-08	1.07e-04	1.12e-02	9.89e-01	7.72e-06	0.00e+00	7.78e-14	2.34e-13	3.90e-13	1.14e-08	2.31e-08	1.06e-38
 2.24093e+15	1.10e-12	4.15e-08	1.22e-04	1.20e-02	9.88e-01	7.31e-06	0.00e+00	9.69e-14	2.91e-13	4.85e-13	1.37e-08	2.78e-08	2.05e-38
 2.29172e+15	1.28e-12	4.72e-08	1.33e-04	1.26e-02	9.87e-01	7.03e-06	0.00e+00	1.13e-13	3.39e-13	5.65e-13	1.56e-08	3.16e-08	3.30e-38
 2.34496e+15	1.50e-12	5.39e-08	1.46e-04	1.32e-02	9.87e-01	6.76e-06	0.00e+00	1.32e-13	3.97e-13	6.62e-13	1.78e-08	3.61e-08	5.38e-38
 2.41418e+15	1.79e-12	6.27e-08	1.64e-04	1.40e-02	9.86e-01	6.43e-06	0.00e+00	1.58e-13	4.73e-13	7.90e-13	2.08e-08	4.20e-08	9.33e-38
 2.49135e+15	2.27e-12	7.64e-08	1.86e-04	1.51e-02	9.85e-01	6.11e-06	0.00e+00	2.00e-13	6.00e-13	1.00e-12	2.53e-08	5.11e-08	1.96e-37
 2.56333e+15	2.74e-12	8.99e-08	2.09e-04	1.60e-02	9.84e-01	5.84e-06	0.00e+00	2.42e-13	7.25e-13	1.21e-12	2.97e-08	6.01e-08	3.52e-37
 2.64138e+15	3.32e-12	1.06e-07	2.35e-04	1.71e-02	9.83e-01	5.57e-06	0.00e+00	2.93e-13	8.80e-13	1.47e-12	3.50e-08	7.07e-08	6.30e-37
 2.72929e+15	4.25e-12	1.30e-07	2.69e-04	1.83e-02	9.81e-01	5.31e-06	0.00e+00	3.76e-13	1.13e-12	1.88e-12	4.30e-08	8.69e-08	1.35e-36
 2.81277e+15	5.19e-12	1.54e-07	3.03e-04	1.95e-02	9.80e-01	5.07e-06	0.00e+00	4.58e-13	1.38e-12	2.29e-12	5.11e-08	1.03e-07	2.49e-36
 2.90402e+15	6.38e-12	1.84e-07	3.45e-04	2.09e-02	9.79e-01	4.84e-06	0.00e+00	5.64e-13	1.69e-12	2.82e-12	6.08e-08	1.23e-07	4.60e-36
 3.00649e+15	8.31e-12	2.29e-07	3.97e-04	2.25e-02	9.77e-01	4.63e-06	0.00e+00	7.35e-13	2.21e-12	3.68e-12	7.59e-08	1.53e-07	1.02e-35
 3.10322e+15	1.02e-11	2.75e-07	4.51e-04	2.41e-02	9.75e-01	4.44e-06	0.00e+00	9.07e-13	2.72e-12	4.54e-12	9.10e-08	1.84e-07	1.91e-35
 3.20864e+15	1.27e-11	3.30e-07	5.16e-04	2.59e-02	9.74e-01	4.25e-06	0.00e+00	1.13e-12	3.39e-12	5.65e-12	1.09e-07	2.20e-07	3.57e-35
 3.32546e+15	1.67e-11	4.15e-07	5.97e-04	2.80e-02	9.71e-01	4.08e-06	0.00e+00	1.48e-12	4.45e-12	7.42e-12	1.38e-07	2.77e-07	8.10e-35
 3.43326e+15	2.08e-11	5.01e-07	6.80e-04	3.00e-02	9.69e-01	3.93e-06	0.00e+00	1.84e-12	5.53e-12	9.23e-12	1.66e-07	3.35e-07	1.55e-34
 3.54958e+15	2.61e-11	6.08e-07	7.79e-04	3.22e-02	9.67e-01	3.79e-06	0.00e+00	2.32e-12	6.95e-12	1.16e-11	2.02e-07	4.07e-07	3.00e-34
 3.67950e+15	3.29e-11	7.42e-07	9.02e-04	3.47e-02	9.64e-01	3.64e-06	0.00e+00	2.93e-12	8.79e-12	1.47e-11	2.46e-07	4.96e-07	5.78e-34
 3.80223e+15	4.22e-11	9.21e-07	1.03e-03	3.73e-02	9.62e-01	3.54e-06	0.00e+00	3.76e-12	1.13e-11	1.88e-11	3.05e-07	6.15e-07	1.23e-33
 3.93692e+15	5.39e-11	1.13e-06	1.19e-03	4.02e-02	9.59e-01	3.42e-06	0.00e+00	4.80e-12	1.44e-11	2.40e-11	3.76e-07	7.58e-07	2.48e-33
 4.08537e+15	6.85e-11	1.39e-06	1.39e-03	4.35e-02	9.55e-01	3.31e-06	0.00e+00	6.11e-12	1.83e-11	3.06e-11	4.60e-07	9.27e-07	4.69e-33
 4.21908e+15	8.56e-11	1.69e-06	1.58e-03	4.66e-02	9.52e-01	3.22e-06	0.00e+00	7.63e-12	2.29e-11	3.82e-11	5.59e-07	1.13e-06	8.96e-33
 4.34018e+15	1.05e-10	2.00e-06	1.78e-03	4.96e-02	9.49e-01	3.15e-06	0.00e+00	9.34e-12	2.80e-11	4.67e-11	6.65e-07	1.34e-06	1.59e-32
 4.47754e+15	1.31e-10	2.42e-06	2.03e-03	5.30e-02	9.45e-01	3.08e-06	0.00e+00	1.17e-11	3.50e-11	5.84e-11	8.02e-07	1.62e-06	2.91e-32
 4.64630e+15	1.74e-10	3.09e-06	2.38e-03	5.76e-02	9.40e-01	3.01e-06	0.00e+00	1.56e-11	4.67e-11	7.80e-11	1.03e-06	2.06e-06	6.60e-32
 4.79289e+15	2.15e-10	3.73e-06	2.70e-03	6.16e-02	9.36e-01	2.95e-06	0.00e+00	1.93e-11	5.78e-11	9.64e-11	1.24e-06	2.49e-06	1.18e-31
 4.89629e+15	2.51e-10	4.25e-06	2.96e-03	6.45e-02	9.32e-01	2.91e-06	0.00e+00	2.25e-11	6.74e-11	1.12e-10	1.41e-06	2.84e-06	1.79e-31
 5.00653e+15	2.95e-10	4.87e-06	3.25e-03	6.78e-02	9.29e-01	2.88e-06	0.00e+00	2.65e-11	7.94e-11	1.32e-10	1.62e-06	3.25e-06	2.76e-31
 5.14983e+15	3.58e-10	5.70e-06	3.67e-03	7.20e-02	9.24e-01	2.82e-06	0.00e+00	3.21e-11	9.64e-11	1.61e-10	1.89e-06	3.81e-06	4.44e-31
 5.33546e+15	4.77e-10	7.26e-06	4.28e-03	7.81e-02	9.18e-01	2.78e-06	0.00e+00	4.28e-11	1.28e-10	2.14e-10	2.41e-06	4.85e-06	9.46e-31
 5.51003e+15	5.88e-10	8.67e-06	4.91e-03	8.36e-02	9.11e-01	2.73e-06	0.00e+00	5.28e-11	1.58e-10	2.64e-10	2.88e-06	5.79e-06	1.57e-30
 5.64115e+15	7.10e-10	1.02e-05	5.45e-03	8.84e-02	9.06e-01	2.71e-06	0.00e+00	6.38e-11	1.91e-10	3.19e-10	3.40e-06	6.84e-06	2.68e-30
 5.78187e+15	8.54e-10	1.20e-05	6.08e-03	9.34e-02	9.01e-01	2.67e-06	0.00e+00	7.68e-11	2.30e-10	3.84e-10	3.98e-06	8.00e-06	4.32e-30
 5.96482e+15	1.07e-09	1.43e-05	6.97e-03	1.00e-01	8.93e-01	2.63e-06	0.00e+00	9.62e-11	2.88e-10	4.81e-10	4.76e-06	9.57e-06	7.21e-30
 6.16127e+15	1.40e-09	1.80e-05	8.07e-03	1.08e-01	8.84e-01	2.61e-06	0.00e+00	1.26e-10	3.78e-10	6.30e-10	6.00e-06	1.20e-05	1.48e-29
 6.32859e+15	1.70e-09	2.13e-05	9.10e-03	1.15e-01	8.76e-01	2.57e-06	0.00e+00	1.53e-10	4.59e-10	7.65e-10	7.08e-06	1.42e-05	2.35e-29
 6.49943e+15	2.08e-09	2.50e-05	1.03e-02	1.22e-01	8.68e-01	2.54e-06	0.00e+00	1.87e-10	5.62e-10	9.37e-10	8.33e-06	1.67e-05	3.74e-29
 6.72153e+15	2.78e-09	3.21e-05	1.21e-02	1.32e-01	8.56e-01	2.52e-06	0.00e+00	2.51e-10	7.54e-10	1.26e-09	1.07e-05	2.14e-05	8.00e-29
 6.94188e+15	3.56e-09	3.94e-05	1.40e-02	1.42e-01	8.44e-01	2.48e-06	0.00e+00	3.22e-10	9.66e-10	1.61e-09	1.31e-05	2.63e-05	1.39e-28
 7.11037e+15	4.30e-09	4.58e-05	1.57e-02	1.50e-01	8.34e-01	2.46e-06	0.00e+00	3.89e-10	1.17e-09	1.95e-09	1.52e-05	3.06e-05	2.11e-28
 7.27978e+15	5.24e-09	5.39e-05	1.76e-02	1.59e-01	8.23e-01	2.44e-06	0.00e+00	4.75e-10	1.42e-09	2.37e-09	1.79e-05	3.60e-05	3.34e-28
 7.50001e+15	6.94e-09	6.83e-05	2.05e-02	1.72e-01	8.08e-01	2.42e-06	0.00e+00	6.30e-10	1.89e-09	3.15e-09	2.27e-05	4.56e-05	6.76e-28
 7.71938e+15	8.86e-09	8.31e-05	2.37e-02	1.84e-01	7.93e-01	2.40e-06	0.00e+00	8.05e-10	2.41e-09	4.02e-09	2.77e-05	5.55e-05	1.13e-27
 7.89024e+15	1.07e-08	9.63e-05	2.65e-02	1.94e-01	7.80e-01	2.39e-06	0.00e+00	9.70e-10	2.91e-09	4.85e-09	3.20e-05	6.42e-05	1.68e-27
 8.06501e+15	1.30e-08	1.13e-04	2.98e-02	2.05e-01	7.66e-01	2.37e-06	0.00e+00	1.19e-09	3.56e-09	5.93e-09	3.77e-05	7.56e-05	2.62e-27
 8.29220e+15	1.77e-08	1.45e-04	3.48e-02	2.20e-01	7.45e-01	2.36e-06	0.00e+00	1.61e-09	4.83e-09	8.05e-09	4.82e-05	9.66e-05	5.44e-27
 8.51223e+15	2.23e-08	1.75e-04	4.01e-02	2.35e-01	7.25e-01	2.34e-06	0.00e+00	2.04e-09	6.11e-09	1.02e-08	5.84e-05	1.17e-04	8.81e-27
 8.67910e+15	2.69e-08	2.02e-04	4.47e-02	2.46e-01	7.09e-01	2.33e-06	0.00e+00	2.45e-09	7.36e-09	1.23e-08	6.73e-05	1.35e-04	1.28e-26
 8.82823e+15	3.26e-08	2.37e-04	4.94e-02	2.58e-01	6.93e-01	2.33e-06	0.00e+00	2.98e-09	8.93e-09	1.49e-08	7.88e-05	1.58e-04	2.00e-26
 8.96681e+15	3.80e-08	2.66e-04	5.41e-02	2.68e-01	6.78e-01	2.32e-06	0.00e+00	3.48e-09	1.04e-08	1.74e-08	8.87e-05	1.78e-04	2.72e-26
 9.11563e+15	4.54e-08	3.07e-04	5.99e-02	2.80e-01	6.60e-01	2.30e-06	0.00e+00	4.15e-09	1.24e-08	2.07e-08	1.02e-04	2.04e-04	3.97e-26
 9.28309e+15	5.75e-08	3.71e-04	6.74e-02	2.94e-01	6.38e-01	2.31e-06	0.00e+00	5.26e-09	1.58e-08	2.63e-08	1.24e-04	2.47e-04	7.03e-26
 9.44094e+15	6.95e-08	4.31e-04	7.50e-02	3.07e-01	6.17e-01	2.31e-06	0.00e+00	6.37e-09	1.91e-08	3.18e-08	1.44e-04	2.88e-04	1.06e-25
 9.58374e+15	8.33e-08	4.97e-04	8.27e-02	3.19e-01	5.97e-01	2.31e-06	0.00e+00	7.64e-09	2.29e-08	3.82e-08	1.66e-04	3.31e-04	1.56e-25
 9.71955e+15	9.94e-08	5.70e-04	9.09e-02	3.31e-01	5.77e-01	2.30e-06	0.00e+00	9.12e-09	2.73e-08	4.56e-08	1.90e-04	3.80e-04	2.28e-25
 9.87483e+15	1.20e-07	6.50e-04	1.01e-01	3.45e-01	5.54e-01	2.29e-06	0.00e+00	1.10e-08	3.30e-08	5.50e-08	2.17e-04	4.33e-04	3.18e-25
 1.00767e+16	1.59e-07	8.19e-04	1.17e-01	3.63e-01	5.19e-01	2.28e-06	0.00e+00	1.46e-08	4.38e-08	7.29e-08	2.73e-04	5.46e-04	6.26e-25
 1.02705e+16	2.07e-07	1.00e-03	1.34e-01	3.81e-01	4.84e-01	2.28e-06	0.00e+00	1.91e-08	5.72e-08	9.53e-08	3.34e-04	6.67e-04	1.11e-24
 1.04095e+16	2.49e-07	1.14e-03	1.48e-01	3.93e-01	4.58e-01	2.28e-06	0.00e+00	2.29e-08	6.87e-08	1.14e-07	3.80e-04	7.60e-04	1.58e-24
 1.05459e+16	3.02e-07	1.32e-03	1.64e-01	4.05e-01	4.30e-01	2.27e-06	0.00e+00	2.79e-08	8.35e-08	1.39e-07	4.41e-04	8.82e-04	2.44e-24
 1.06985e+16	3.77e-07	1.56e-03	1.83e-01	4.18e-01	3.98e-01	2.25e-06	0.00e+00	3.48e-08	1.04e-07	1.74e-07	5.21e-04	1.04e-03	4.02e-24
 1.08372e+16	4.67e-07	1.83e-03	2.03e-01	4.28e-01	3.67e-01	2.24e-06	0.00e+00	4.32e-08	1.29e-07	2.16e-07	6.10e-04	1.22e-03	6.53e-24
 1.09488e+16	5.78e-07	2.16e-03	2.21e-01	4.37e-01	3.39e-01	2.27e-06	0.00e+00	5.34e-08	1.60e-07	2.67e-07	7.20e-04	1.44e-03	1.15e-23
 1.10297e+16	6.54e-07	2.37e-03	2.35e-01	4.42e-01	3.21e-01	2.27e-06	1.14e-11	6.05e-08	1.81e-07	3.02e-07	7.89e-04	1.58e-03	1.52e-23
 1.11038e+16	7.28e-07	2.54e-03	2.48e-01	4.47e-01	3.03e-01	2.26e-06	0.00e+00	6.74e-08	2.02e-07	3.37e-07	8.45e-04	1.69e-03	1.86e-23
 1.12002e+16	8.66e-07	2.90e-03	2.67e-01	4.52e-01	2.78e-01	2.23e-06	0.00e+00	8.02e-08	2.40e-07	4.01e-07	9.66e-04	1.93e-03	2.94e-23
 1.12982e+16	1.02e-06	3.25e-03	2.87e-01	4.56e-01	2.54e-01	2.20e-06	0.00e+00	9.47e-08	2.84e-07	4.73e-07	1.09e-03	2.17e-03	4.33e-23
 1.13705e+16	1.16e-06	3.55e-03	3.02e-01	4.58e-01	2.36e-01	2.19e-06	0.00e+00	1.08e-07	3.23e-07	5.38e-07	1.18e-03	2.37e-03	5.85e-23
 1.14245e+16	1.28e-06	3.80e-03	3.14e-01	4.60e-01	2.22e-01	2.17e-06	0.00e+00	1.19e-07	3.56e-07	5.93e-07	1.27e-03	2.53e-03	7.44e-23
 1.14825e+16	1.42e-06	4.09e-03	3.28e-01	4.61e-01	2.07e-01	2.14e-06	0.00e+00	1.32e-07	3.96e-07	6.60e-07	1.36e-03	2.73e-03	9.70e-23
 1.15579e+16	1.66e-06	4.53e-03	3.46e-01	4.61e-01	1.88e-01	2.10e-06	0.00e+00	1.54e-07	4.62e-07	7.69e-07	1.51e-03	3.02e-03	1.42e-22
 1.16296e+16	1.84e-06	4.82e-03	3.62e-01	4.61e-01	1.72e-01	2.04e-06	0.00e+00	1.71e-07	5.14e-07	8.56e-07	1.61e-03	3.21e-03	1.73e-22
 1.16965e+16	2.13e-06	5.35e-03	3.81e-01	4.60e-01	1.54e-01	1.97e-06	0.00e+00	1.98e-07	5.95e-07	9.91e-07	1.79e-03	3.57e-03	2.63e-22
 1.17580e+16	2.41e-06	5.76e-03	3.96e-01	4.58e-01	1.40e-01	1.92e-06	0.00e+00	2.24e-07	6.72e-07	1.12e-06	1.92e-03	3.84e-03	3.48e-22
 1.18021e+16	2.64e-06	6.09e-03	4.08e-01	4.56e-01	1.30e-01	1.87e-06	0.00e+00	2.46e-07	7.37e-07	1.23e-06	2.03e-03	4.06e-03	4.34e-22
 1.18492e+16	2.91e-06	6.47e-03	4.21e-01	4.54e-01	1.19e-01	1.81e-06	0.00e+00	2.72e-07	8.14e-07	1.36e-06	2.16e-03	4.31e-03	5.53e-22
