#depth	O	O+	O+2	O+3	O+4	O+5	O+6	O+7	O+8	O[1]	O[2]	O[3]
 1.49634e+10	0.00e+00	0.00e+00	7.74e-33	8.10e-24	1.24e-15	2.55e-08	1.00e+00	0.00e+00	0.00e+00	0.00e+00	0.00e+00	0.00e+00
 4.54887e+10	0.00e+00	1.04e-42	1.07e-32	1.03e-23	1.46e-15	2.77e-08	1.00e+00	3.56e-07	0.00e+00	0.00e+00	0.00e+00	0.00e+00
 7.72350e+10	0.00e+00	0.00e+00	1.47e-32	1.31e-23	1.72e-15	3.00e-08	1.00e+00	0.00e+00	0.00e+00	0.00e+00	0.00e+00	0.00e+00
 1.10251e+11	0.00e+00	2.33e-42	2.03e-32	1.68e-23	2.02e-15	3.26e-08	1.00e+00	0.00e+00	0.00e+00	0.00e+00	0.00e+00	0.00e+00
 1.44588e+11	0.00e+00	0.00e+00	2.81e-32	2.14e-23	2.38e-15	3.54e-08	1.00e+00	0.00e+00	0.00e+00	0.00e+00	0.00e+00	0.00e+00
 1.80298e+11	0.00e+00	5.22e-42	3.88e-32	2.73e-23	2.81e-15	3.84e-08	1.00e+00	0.00e+00	0.00e+00	0.00e+00	0.00e+00	0.00e+00
 2.17437e+11	0.00e+00	0.00e+00	5.36e-32	3.48e-23	3.31e-15	4.17e-08	1.00e+00	0.00e+00	0.00e+00	0.00e+00	0.00e+00	0.00e+00
 2.52368e+11	0.00e+00	1.13e-41	7.19e-32	4.35e-23	3.84e-15	4.50e-08	1.00e+00	0.00e+00	0.00e+00	0.00e+00	0.00e+00	0.00e+00
 2.83624e+11	0.00e+00	0.00e+00	9.27e-32	5.27e-23	4.37e-15	4.80e-08	1.00e+00	0.00e+00	0.00e+00	0.00e+00	0.00e+00	0.00e+00
 3.18720e+11	0.00e+00	2.19e-41	1.22e-31	6.50e-23	5.04e-15	5.16e-08	1.00e+00	0.00e+00	0.00e+00	0.00e+00	0.00e+00	0.00e+00
 3.60292e+11	0.00e+00	0.00e+00	1.68e-31	8.26e-23	5.92e-15	5.59e-08	1.00e+00	0.00e+00	0.00e+00	0.00e+00	0.00e+00	0.00e+00
 4.02062e+11	0.00e+00	4.79e-41	2.29e-31	1.04e-22	6.93e-15	6.06e-08	1.00e+00	0.00e+00	0.00e+00	0.00e+00	0.00e+00	0.00e+00
 4.41289e+11	0.00e+00	0.00e+00	3.02e-31	1.29e-22	7.99e-15	6.51e-08	1.00e+00	0.00e+00	0.00e+00	0.00e+00	0.00e+00	0.00e+00
 4.84654e+11	0.00e+00	9.84e-41	4.08e-31	1.62e-22	9.31e-15	7.03e-08	1.00e+00	0.00e+00	0.00e+00	0.00e+00	0.00e+00	0.00e+00
 5.33966e+11	0.00e+00	0.00e+00	5.67e-31	2.07e-22	1.10e-14	7.65e-08	1.00e+00	0.00e+00	0.00e+00	0.00e+00	0.00e+00	0.00e+00
 5.83214e+11	0.00e+00	2.20e-40	7.77e-31	2.63e-22	1.30e-14	8.31e-08	1.00e+00	0.00e+00	0.00e+00	0.00e+00	0.00e+00	0.00e+00
 6.34431e+11	0.00e+00	0.00e+00	1.07e-30	3.35e-22	1.52e-14	9.02e-08	1.00e+00	0.00e+00	0.00e+00	0.00e+00	0.00e+00	0.00e+00
 6.89735e+11	0.00e+00	4.92e-40	1.48e-30	4.30e-22	1.81e-14	9.83e-08	1.00e+00	0.00e+00	0.00e+00	0.00e+00	0.00e+00	0.00e+00
 7.41532e+11	0.00e+00	0.00e+00	2.00e-30	5.39e-22	2.11e-14	1.06e-07	1.00e+00	0.00e+00	0.00e+00	0.00e+00	0.00e+00	0.00e+00
 7.87674e+11	0.00e+00	9.82e-40	2.59e-30	6.55e-22	2.41e-14	1.14e-07	1.00e+00	0.00e+00	0.00e+00	0.00e+00	0.00e+00	0.00e+00
 8.39515e+11	0.00e+00	0.00e+00	3.42e-30	8.12e-22	2.78e-14	1.22e-07	1.00e+00	0.00e+00	0.00e+00	0.00e+00	0.00e+00	0.00e+00
 9.01156e+11	0.00e+00	2.08e-39	4.73e-30	1.04e-21	3.29e-14	1.33e-07	1.00e+00	0.00e+00	0.00e+00	0.00e+00	0.00e+00	0.00e+00
 9.63159e+11	0.00e+00	0.00e+00	6.47e-30	1.32e-21	3.87e-14	1.45e-07	1.00e+00	0.00e+00	0.00e+00	0.00e+00	0.00e+00	0.00e+00
 1.02110e+12	0.00e+00	4.37e-39	8.58e-30	1.63e-21	4.49e-14	1.56e-07	1.00e+00	0.00e+00	0.00e+00	0.00e+00	0.00e+00	0.00e+00
 1.08533e+12	0.00e+00	0.00e+00	1.16e-29	2.06e-21	5.26e-14	1.69e-07	1.00e+00	0.00e+00	0.00e+00	0.00e+00	0.00e+00	0.00e+00
 1.15867e+12	0.00e+00	9.64e-39	1.62e-29	2.66e-21	6.26e-14	1.85e-07	1.00e+00	0.00e+00	0.00e+00	0.00e+00	0.00e+00	0.00e+00
 1.23068e+12	0.00e+00	0.00e+00	2.23e-29	3.39e-21	7.39e-14	2.01e-07	1.00e+00	0.00e+00	0.00e+00	0.00e+00	0.00e+00	0.00e+00
 1.29990e+12	0.00e+00	2.05e-38	2.99e-29	4.24e-21	8.63e-14	2.18e-07	1.00e+00	0.00e+00	0.00e+00	0.00e+00	0.00e+00	0.00e+00
 1.37615e+12	0.00e+00	0.00e+00	4.08e-29	5.39e-21	1.02e-13	2.37e-07	1.00e+00	0.00e+00	0.00e+00	0.00e+00	0.00e+00	0.00e+00
 1.46113e+12	0.00e+00	4.58e-38	5.70e-29	6.97e-21	1.22e-13	2.60e-07	1.00e+00	0.00e+00	0.00e+00	0.00e+00	0.00e+00	0.00e+00
 1.54681e+12	0.00e+00	0.00e+00	7.90e-29	8.95e-21	1.45e-13	2.84e-07	1.00e+00	0.00e+00	0.00e+00	0.00e+00	0.00e+00	0.00e+00
 1.63592e+12	0.00e+00	1.02e-37	1.09e-28	1.15e-20	1.72e-13	3.11e-07	1.00e+00	0.00e+00	0.00e+00	0.00e+00	0.00e+00	0.00e+00
 1.72783e+12	0.00e+00	0.00e+00	1.51e-28	1.48e-20	2.05e-13	3.41e-07	1.00e+00	0.00e+00	0.00e+00	0.00e+00	0.00e+00	0.00e+00
 1.81790e+12	0.00e+00	2.22e-37	2.05e-28	1.87e-20	2.42e-13	3.71e-07	1.00e+00	0.00e+00	0.00e+00	0.00e+00	0.00e+00	0.00e+00
 1.91503e+12	0.00e+00	0.00e+00	2.82e-28	2.39e-20	2.87e-13	4.06e-07	1.00e+00	0.00e+00	0.00e+00	0.00e+00	0.00e+00	0.00e+00
 2.02156e+12	0.00e+00	4.95e-37	3.93e-28	3.09e-20	3.44e-13	4.46e-07	1.00e+00	0.00e+00	0.00e+00	0.00e+00	0.00e+00	0.00e+00
 2.13235e+12	0.00e+00	0.00e+00	5.49e-28	4.01e-20	4.13e-13	4.91e-07	1.00e+00	0.00e+00	0.00e+00	0.00e+00	0.00e+00	0.00e+00
 2.24757e+12	0.00e+00	1.12e-36	7.66e-28	5.20e-20	4.96e-13	5.40e-07	1.00e+00	0.00e+00	0.00e+00	0.00e+00	0.00e+00	0.00e+00
 2.36740e+12	0.00e+00	0.00e+00	1.07e-27	6.73e-20	5.97e-13	5.95e-07	1.00e+00	0.00e+00	0.00e+00	0.00e+00	0.00e+00	0.00e+00
 2.47569e+12	0.00e+00	2.39e-36	1.42e-27	8.43e-20	7.01e-13	6.48e-07	1.00e+00	0.00e+00	0.00e+00	0.00e+00	0.00e+00	0.00e+00
 2.56577e+12	1.02e-45	3.17e-36	1.79e-27	1.01e-19	7.97e-13	6.94e-07	1.00e+00	0.00e+00	0.00e+00	0.00e+00	0.00e+00	0.00e+00
 2.66439e+12	0.00e+00	0.00e+00	2.29e-27	1.23e-19	9.15e-13	7.46e-07	1.00e+00	0.00e+00	0.00e+00	0.00e+00	0.00e+00	0.00e+00
 2.78950e+12	0.00e+00	6.16e-36	3.10e-27	1.55e-19	1.08e-12	8.17e-07	1.00e+00	0.00e+00	0.00e+00	0.00e+00	0.00e+00	0.00e+00
 2.92012e+12	3.49e-45	8.88e-36	4.18e-27	1.97e-19	1.29e-12	8.95e-07	1.00e+00	0.00e+00	0.00e+00	0.00e+00	0.00e+00	0.00e+00
 3.03079e+12	0.00e+00	0.00e+00	5.34e-27	2.39e-19	1.48e-12	9.64e-07	1.00e+00	0.00e+00	0.00e+00	0.00e+00	0.00e+00	0.00e+00
 3.14446e+12	0.00e+00	1.60e-35	6.81e-27	2.90e-19	1.70e-12	1.04e-06	1.00e+00	0.00e+00	0.00e+00	0.00e+00	0.00e+00	0.00e+00
 3.28784e+12	1.07e-44	2.29e-35	9.15e-27	3.66e-19	2.02e-12	1.14e-06	1.00e+00	0.00e+00	0.00e+00	0.00e+00	0.00e+00	0.00e+00
 3.43361e+12	0.00e+00	0.00e+00	1.22e-26	4.61e-19	2.38e-12	1.25e-06	1.00e+00	0.00e+00	0.00e+00	0.00e+00	0.00e+00	0.00e+00
 3.55832e+12	0.00e+00	4.29e-35	1.54e-26	5.56e-19	2.73e-12	1.34e-06	1.00e+00	0.00e+00	0.00e+00	0.00e+00	0.00e+00	0.00e+00
 3.69189e+12	3.21e-44	5.76e-35	1.97e-26	6.76e-19	3.15e-12	1.45e-06	1.00e+00	0.00e+00	0.00e+00	0.00e+00	0.00e+00	0.00e+00
 3.85771e+12	0.00e+00	8.16e-35	2.64e-26	8.54e-19	3.74e-12	1.59e-06	1.00e+00	0.00e+00	0.00e+00	0.00e+00	0.00e+00	0.00e+00
 4.02792e+12	7.25e-44	1.15e-34	3.51e-26	1.07e-18	4.42e-12	1.75e-06	1.00e+00	0.00e+00	0.00e+00	0.00e+00	0.00e+00	0.00e+00
 4.18065e+12	0.00e+00	1.54e-34	4.49e-26	1.31e-18	5.11e-12	1.89e-06	1.00e+00	0.00e+00	0.00e+00	0.00e+00	0.00e+00	0.00e+00
 4.34813e+12	1.48e-43	2.10e-34	5.83e-26	1.62e-18	5.95e-12	2.06e-06	1.00e+00	0.00e+00	0.00e+00	0.00e+00	0.00e+00	0.00e+00
 4.54662e+12	0.00e+00	2.98e-34	7.83e-26	2.05e-18	7.09e-12	2.26e-06	1.00e+00	0.00e+00	0.00e+00	0.00e+00	0.00e+00	0.00e+00
 4.74574e+12	3.31e-43	4.17e-34	1.04e-25	2.58e-18	8.38e-12	2.48e-06	1.00e+00	0.00e+00	0.00e+00	0.00e+00	0.00e+00	0.00e+00
 4.93412e+12	0.00e+00	5.66e-34	1.34e-25	3.17e-18	9.76e-12	2.70e-06	1.00e+00	0.00e+00	0.00e+00	0.00e+00	0.00e+00	0.00e+00
 5.14269e+12	6.93e-43	7.83e-34	1.77e-25	3.96e-18	1.15e-11	2.96e-06	1.00e+00	0.00e+00	0.00e+00	0.00e+00	0.00e+00	0.00e+00
 5.37833e+12	0.00e+00	1.11e-33	2.37e-25	5.03e-18	1.37e-11	3.26e-06	1.00e+00	0.00e+00	0.00e+00	0.00e+00	0.00e+00	0.00e+00
 5.61315e+12	1.54e-42	1.55e-33	3.15e-25	6.33e-18	1.61e-11	3.58e-06	1.00e+00	0.00e+00	0.00e+00	0.00e+00	0.00e+00	0.00e+00
 5.82022e+12	0.00e+00	2.05e-33	4.00e-25	7.69e-18	1.86e-11	3.87e-06	1.00e+00	0.00e+00	0.00e+00	0.00e+00	0.00e+00	0.00e+00
 6.00231e+12	2.84e-42	2.61e-33	4.90e-25	9.07e-18	2.10e-11	4.14e-06	1.00e+00	0.00e+00	0.00e+00	0.00e+00	0.00e+00	0.00e+00
 6.20864e+12	0.00e+00	3.40e-33	6.13e-25	1.09e-17	2.39e-11	4.45e-06	1.00e+00	0.00e+00	0.00e+00	0.00e+00	0.00e+00	0.00e+00
 6.43867e+12	5.36e-42	4.51e-33	7.80e-25	1.32e-17	2.76e-11	4.82e-06	1.00e+00	0.00e+00	0.00e+00	0.00e+00	0.00e+00	0.00e+00
 6.65481e+12	0.00e+00	5.84e-33	9.70e-25	1.58e-17	3.13e-11	5.18e-06	1.00e+00	0.00e+00	0.00e+00	0.00e+00	0.00e+00	0.00e+00
 6.89108e+12	9.94e-42	7.67e-33	1.22e-24	1.91e-17	3.59e-11	5.59e-06	1.00e+00	0.00e+00	0.00e+00	0.00e+00	0.00e+00	0.00e+00
 7.15507e+12	0.00e+00	1.03e-32	1.57e-24	2.34e-17	4.15e-11	6.07e-06	1.00e+00	0.00e+00	0.00e+00	0.00e+00	0.00e+00	0.00e+00
 7.40420e+12	1.91e-41	1.34e-32	1.97e-24	2.82e-17	4.74e-11	6.54e-06	1.00e+00	0.00e+00	0.00e+00	0.00e+00	0.00e+00	0.00e+00
 7.67716e+12	0.00e+00	1.78e-32	2.51e-24	3.43e-17	5.45e-11	7.07e-06	1.00e+00	0.00e+00	0.00e+00	0.00e+00	0.00e+00	0.00e+00
 7.98264e+12	3.77e-41	2.42e-32	3.26e-24	4.24e-17	6.35e-11	7.70e-06	1.00e+00	0.00e+00	0.00e+00	0.00e+00	0.00e+00	0.00e+00
 8.27201e+12	0.00e+00	3.20e-32	4.13e-24	5.14e-17	7.28e-11	8.32e-06	1.00e+00	0.00e+00	0.00e+00	0.00e+00	0.00e+00	0.00e+00
 8.53993e+12	6.97e-41	4.11e-32	5.11e-24	6.12e-17	8.24e-11	8.92e-06	1.00e+00	0.00e+00	0.00e+00	0.00e+00	0.00e+00	0.00e+00
 8.83837e+12	0.00e+00	5.40e-32	6.45e-24	7.38e-17	9.41e-11	9.61e-06	1.00e+00	0.00e+00	0.00e+00	0.00e+00	0.00e+00	0.00e+00
 9.17299e+12	1.34e-40	7.23e-32	8.27e-24	9.04e-17	1.09e-10	1.04e-05	1.00e+00	0.00e+00	0.00e+00	0.00e+00	0.00e+00	0.00e+00
 9.48873e+12	0.00e+00	9.45e-32	1.04e-23	1.09e-16	1.24e-10	1.12e-05	1.00e+00	0.00e+00	0.00e+00	0.00e+00	0.00e+00	0.00e+00
 9.83329e+12	2.53e-40	1.26e-31	1.32e-23	1.32e-16	1.42e-10	1.21e-05	1.00e+00	0.00e+00	0.00e+00	0.00e+00	0.00e+00	0.00e+00
 1.02144e+13	0.00e+00	1.70e-31	1.71e-23	1.63e-16	1.65e-10	1.32e-05	1.00e+00	0.00e+00	0.00e+00	0.00e+00	0.00e+00	0.00e+00
 1.05674e+13	4.91e-40	2.23e-31	2.16e-23	1.97e-16	1.88e-10	1.42e-05	1.00e+00	0.00e+00	0.00e+00	0.00e+00	0.00e+00	0.00e+00
 1.09507e+13	0.00e+00	2.97e-31	2.76e-23	2.40e-16	2.15e-10	1.53e-05	1.00e+00	0.00e+00	0.00e+00	0.00e+00	0.00e+00	0.00e+00
 1.13793e+13	9.76e-40	4.04e-31	3.59e-23	2.97e-16	2.50e-10	1.67e-05	1.00e+00	0.00e+00	0.00e+00	0.00e+00	0.00e+00	0.00e+00
 1.17836e+13	0.00e+00	5.36e-31	4.56e-23	3.60e-16	2.86e-10	1.80e-05	1.00e+00	0.00e+00	0.00e+00	0.00e+00	0.00e+00	0.00e+00
 1.22258e+13	1.91e-39	7.24e-31	5.89e-23	4.43e-16	3.29e-10	1.94e-05	1.00e+00	0.00e+00	0.00e+00	0.00e+00	0.00e+00	0.00e+00
 1.27193e+13	0.00e+00	9.98e-31	7.75e-23	5.52e-16	3.83e-10	2.12e-05	1.00e+00	0.00e+00	0.00e+00	0.00e+00	0.00e+00	0.00e+00
 1.31842e+13	3.90e-39	1.34e-30	9.96e-23	6.75e-16	4.40e-10	2.29e-05	1.00e+00	0.00e+00	0.00e+00	0.00e+00	0.00e+00	0.00e+00
 1.36885e+13	0.00e+00	1.83e-30	1.30e-22	8.33e-16	5.09e-10	2.48e-05	1.00e+00	0.00e+00	0.00e+00	0.00e+00	0.00e+00	0.00e+00
 1.42541e+13	8.22e-39	2.56e-30	1.72e-22	1.05e-15	5.95e-10	2.71e-05	1.00e+00	0.00e+00	0.00e+00	0.00e+00	0.00e+00	0.00e+00
 1.47995e+13	0.00e+00	3.51e-30	2.25e-22	1.29e-15	6.87e-10	2.93e-05	1.00e+00	0.00e+00	0.00e+00	0.00e+00	0.00e+00	0.00e+00
 1.53784e+13	1.72e-38	4.84e-30	2.95e-22	1.61e-15	7.97e-10	3.18e-05	1.00e+00	0.00e+00	0.00e+00	0.00e+00	0.00e+00	0.00e+00
 1.60235e+13	0.00e+00	6.87e-30	3.96e-22	2.03e-15	9.34e-10	3.47e-05	1.00e+00	0.00e+00	0.00e+00	0.00e+00	0.00e+00	0.00e+00
 1.66746e+13	3.81e-38	9.65e-30	5.27e-22	2.54e-15	1.09e-09	3.78e-05	1.00e+00	0.00e+00	0.00e+00	0.00e+00	0.00e+00	0.00e+00
 1.73517e+13	0.00e+00	1.37e-29	7.03e-22	3.19e-15	1.27e-09	4.11e-05	1.00e+00	0.00e+00	0.00e+00	0.00e+00	0.00e+00	0.00e+00
 1.80757e+13	8.52e-38	1.93e-29	9.43e-22	4.02e-15	1.49e-09	4.48e-05	1.00e+00	0.00e+00	0.00e+00	0.00e+00	0.00e+00	0.00e+00
 1.87586e+13	0.00e+00	2.68e-29	1.24e-21	4.97e-15	1.72e-09	4.84e-05	1.00e+00	0.00e+00	0.00e+00	0.00e+00	0.00e+00	0.00e+00
 1.93752e+13	1.74e-37	3.56e-29	1.57e-21	5.98e-15	1.94e-09	5.18e-05	1.00e+00	0.00e+00	0.00e+00	0.00e+00	0.00e+00	0.00e+00
 1.99605e+13	0.00e+00	4.63e-29	1.95e-21	7.10e-15	2.18e-09	5.52e-05	1.00e+00	0.00e+00	0.00e+00	0.00e+00	0.00e+00	0.00e+00
 2.06099e+13	3.29e-37	6.16e-29	2.47e-21	8.53e-15	2.47e-09	5.89e-05	1.00e+00	0.00e+00	0.00e+00	0.00e+00	0.00e+00	0.00e+00
 2.13370e+13	0.00e+00	8.41e-29	3.20e-21	1.04e-14	2.82e-09	6.33e-05	1.00e+00	0.00e+00	0.00e+00	0.00e+00	0.00e+00	0.00e+00
 2.20258e+13	6.60e-37	1.12e-28	4.05e-21	1.25e-14	3.19e-09	6.77e-05	1.00e+00	0.00e+00	0.00e+00	0.00e+00	0.00e+00	0.00e+00
 2.27821e+13	0.00e+00	1.51e-28	5.20e-21	1.52e-14	3.64e-09	7.25e-05	1.00e+00	0.00e+00	0.00e+00	0.00e+00	0.00e+00	0.00e+00
 2.36112e+13	1.39e-36	2.10e-28	6.81e-21	1.87e-14	4.18e-09	7.80e-05	1.00e+00	0.00e+00	0.00e+00	0.00e+00	0.00e+00	0.00e+00
 2.43717e+13	0.00e+00	2.80e-28	8.63e-21	2.25e-14	4.73e-09	8.33e-05	1.00e+00	0.00e+00	0.00e+00	0.00e+00	0.00e+00	0.00e+00
 2.51969e+13	2.78e-36	3.80e-28	1.11e-20	2.72e-14	5.38e-09	8.92e-05	1.00e+00	0.00e+00	0.00e+00	0.00e+00	0.00e+00	0.00e+00
 2.61180e+13	0.00e+00	5.30e-28	1.46e-20	3.35e-14	6.18e-09	9.60e-05	1.00e+00	0.00e+00	0.00e+00	0.00e+00	0.00e+00	0.00e+00
 2.69854e+13	5.87e-36	7.17e-28	1.87e-20	4.06e-14	7.02e-09	1.03e-04	1.00e+00	0.00e+00	0.00e+00	0.00e+00	0.00e+00	0.00e+00
 2.79343e+13	0.00e+00	9.91e-28	2.43e-20	4.96e-14	8.03e-09	1.10e-04	1.00e+00	0.00e+00	0.00e+00	0.00e+00	0.00e+00	0.00e+00
 2.89900e+13	1.30e-35	1.41e-27	3.23e-20	6.16e-14	9.28e-09	1.19e-04	1.00e+00	0.00e+00	0.00e+00	0.00e+00	0.00e+00	0.00e+00
 2.99794e+13	0.00e+00	1.93e-27	4.17e-20	7.49e-14	1.06e-08	1.27e-04	1.00e+00	0.00e+00	0.00e+00	0.00e+00	0.00e+00	0.00e+00
 3.10605e+13	2.82e-35	2.70e-27	5.48e-20	9.21e-14	1.21e-08	1.36e-04	1.00e+00	0.00e+00	0.00e+00	0.00e+00	0.00e+00	0.00e+00
 3.22672e+13	4.34e-35	3.87e-27	7.35e-20	1.15e-13	1.41e-08	1.47e-04	1.00e+00	0.00e+00	0.00e+00	0.00e+00	0.00e+00	0.00e+00
 3.34059e+13	6.42e-35	5.39e-27	9.61e-20	1.41e-13	1.61e-08	1.57e-04	1.00e+00	0.00e+00	0.00e+00	0.00e+00	0.00e+00	0.00e+00
 3.46430e+13	9.75e-35	7.65e-27	1.27e-19	1.75e-13	1.86e-08	1.69e-04	1.00e+00	0.00e+00	0.00e+00	0.00e+00	0.00e+00	0.00e+00
 3.60245e+13	1.53e-34	1.12e-26	1.73e-19	2.20e-13	2.17e-08	1.83e-04	1.00e+00	0.00e+00	0.00e+00	0.00e+00	0.00e+00	0.00e+00
 3.73523e+13	2.32e-34	1.58e-26	2.29e-19	2.71e-13	2.50e-08	1.96e-04	1.00e+00	0.00e+00	0.00e+00	0.00e+00	0.00e+00	0.00e+00
 3.87674e+13	3.58e-34	2.27e-26	3.06e-19	3.38e-13	2.89e-08	2.11e-04	1.00e+00	0.00e+00	0.00e+00	0.00e+00	0.00e+00	0.00e+00
 4.03481e+13	5.70e-34	3.35e-26	4.19e-19	4.27e-13	3.38e-08	2.29e-04	1.00e+00	0.00e+00	0.00e+00	0.00e+00	0.00e+00	0.00e+00
 4.19303e+13	8.93e-34	4.88e-26	5.66e-19	5.36e-13	3.93e-08	2.47e-04	1.00e+00	0.00e+00	0.00e+00	0.00e+00	0.00e+00	0.00e+00
 4.35758e+13	1.40e-33	7.11e-26	7.66e-19	6.72e-13	4.58e-08	2.66e-04	1.00e+00	0.00e+00	0.00e+00	0.00e+00	0.00e+00	0.00e+00
 4.53487e+13	2.24e-33	1.05e-25	1.05e-18	8.51e-13	5.35e-08	2.88e-04	1.00e+00	0.00e+00	0.00e+00	0.00e+00	0.00e+00	0.00e+00
 4.71926e+13	3.59e-33	1.56e-25	1.44e-18	1.08e-12	6.26e-08	3.11e-04	1.00e+00	0.00e+00	0.00e+00	0.00e+00	0.00e+00	0.00e+00
 4.91102e+13	5.75e-33	2.30e-25	1.97e-18	1.36e-12	7.32e-08	3.36e-04	1.00e+00	0.00e+00	0.00e+00	0.00e+00	0.00e+00	0.00e+00
 5.09715e+13	8.92e-33	3.32e-25	2.64e-18	1.70e-12	8.47e-08	3.61e-04	1.00e+00	0.00e+00	0.00e+00	0.00e+00	0.00e+00	0.00e+00
 5.27292e+13	1.33e-32	4.64e-25	3.45e-18	2.07e-12	9.68e-08	3.86e-04	1.00e+00	0.00e+00	0.00e+00	0.00e+00	0.00e+00	0.00e+00
 5.43889e+13	1.92e-32	6.30e-25	4.41e-18	2.49e-12	1.09e-07	4.10e-04	1.00e+00	0.00e+00	0.00e+00	0.00e+00	0.00e+00	0.00e+00
 5.61960e+13	2.83e-32	8.69e-25	5.71e-18	3.02e-12	1.24e-07	4.37e-04	1.00e+00	0.00e+00	0.00e+00	0.00e+00	0.00e+00	0.00e+00
 5.82099e+13	4.30e-32	1.23e-24	7.55e-18	3.72e-12	1.43e-07	4.68e-04	1.00e+00	0.00e+00	0.00e+00	0.00e+00	0.00e+00	0.00e+00
 6.01096e+13	6.22e-32	1.68e-24	9.72e-18	4.50e-12	1.62e-07	4.99e-04	1.00e+00	0.00e+00	0.00e+00	0.00e+00	0.00e+00	0.00e+00
 6.21965e+13	9.35e-32	2.35e-24	1.27e-17	5.51e-12	1.86e-07	5.33e-04	9.99e-01	0.00e+00	0.00e+00	0.00e+00	0.00e+00	0.00e+00
 6.45474e+13	1.46e-31	3.41e-24	1.71e-17	6.86e-12	2.15e-07	5.73e-04	9.99e-01	0.00e+00	0.00e+00	0.00e+00	0.00e+00	0.00e+00
 6.67985e+13	2.18e-31	4.76e-24	2.24e-17	8.41e-12	2.46e-07	6.13e-04	9.99e-01	0.00e+00	0.00e+00	0.00e+00	0.00e+00	0.00e+00
 6.92510e+13	3.30e-31	6.75e-24	2.98e-17	1.04e-11	2.84e-07	6.59e-04	9.99e-01	0.00e+00	0.00e+00	0.00e+00	0.00e+00	0.00e+00
 7.19860e+13	5.26e-31	9.94e-24	4.06e-17	1.31e-11	3.31e-07	7.10e-04	9.99e-01	0.00e+00	0.00e+00	0.00e+00	0.00e+00	0.00e+00
 7.46443e+13	7.90e-31	1.40e-23	5.39e-17	1.62e-11	3.81e-07	7.64e-04	9.99e-01	0.00e+00	0.00e+00	0.00e+00	0.00e+00	0.00e+00
 7.74738e+13	1.23e-30	2.02e-23	7.24e-17	2.02e-11	4.42e-07	8.22e-04	9.99e-01	0.00e+00	0.00e+00	0.00e+00	0.00e+00	0.00e+00
 8.03476e+13	1.87e-30	2.88e-23	9.65e-17	2.51e-11	5.10e-07	8.84e-04	9.99e-01	0.00e+00	0.00e+00	0.00e+00	0.00e+00	0.00e+00
 8.28855e+13	2.70e-30	3.92e-23	1.23e-16	3.02e-11	5.77e-07	9.39e-04	9.99e-01	0.00e+00	0.00e+00	0.00e+00	0.00e+00	0.00e+00
 8.56406e+13	3.89e-30	5.34e-23	1.59e-16	3.67e-11	6.57e-07	1.00e-03	9.99e-01	0.00e+00	0.00e+00	0.00e+00	0.00e+00	0.00e+00
 8.89568e+13	6.13e-30	7.79e-23	2.16e-16	4.60e-11	7.63e-07	1.08e-03	9.99e-01	0.00e+00	0.00e+00	0.00e+00	0.00e+00	0.00e+00
 9.22477e+13	9.18e-30	1.10e-22	2.87e-16	5.70e-11	8.81e-07	1.16e-03	9.99e-01	0.00e+00	0.00e+00	0.00e+00	0.00e+00	0.00e+00
 9.51880e+13	1.31e-29	1.48e-22	3.67e-16	6.87e-11	9.97e-07	1.24e-03	9.99e-01	0.00e+00	0.00e+00	0.00e+00	0.00e+00	0.00e+00
 9.84270e+13	1.93e-29	2.05e-22	4.78e-16	8.38e-11	1.14e-06	1.32e-03	9.99e-01	0.00e+00	0.00e+00	0.00e+00	0.00e+00	0.00e+00
 1.02278e+14	3.03e-29	2.99e-22	6.48e-16	1.05e-10	1.33e-06	1.43e-03	9.99e-01	0.00e+00	0.00e+00	0.00e+00	0.00e+00	0.00e+00
 1.06092e+14	4.52e-29	4.21e-22	8.63e-16	1.31e-10	1.53e-06	1.54e-03	9.98e-01	0.00e+00	0.00e+00	0.00e+00	0.00e+00	0.00e+00
 1.09573e+14	6.60e-29	5.78e-22	1.11e-15	1.58e-10	1.74e-06	1.64e-03	9.98e-01	0.00e+00	0.00e+00	0.00e+00	0.00e+00	0.00e+00
 1.13454e+14	9.63e-29	7.98e-22	1.46e-15	1.95e-10	2.00e-06	1.76e-03	9.98e-01	0.00e+00	0.00e+00	0.00e+00	0.00e+00	0.00e+00
 1.17976e+14	1.53e-28	1.17e-21	1.99e-15	2.46e-10	2.33e-06	1.90e-03	9.98e-01	0.00e+00	0.00e+00	0.00e+00	0.00e+00	0.00e+00
 1.22426e+14	2.27e-28	1.65e-21	2.66e-15	3.06e-10	2.70e-06	2.05e-03	9.98e-01	0.00e+00	0.00e+00	0.00e+00	0.00e+00	0.00e+00
 1.26618e+14	3.32e-28	2.28e-21	3.47e-15	3.74e-10	3.09e-06	2.19e-03	9.98e-01	0.00e+00	0.00e+00	0.00e+00	0.00e+00	0.00e+00
 1.31277e+14	5.06e-28	3.24e-21	4.62e-15	4.64e-10	3.56e-06	2.36e-03	9.98e-01	0.00e+00	0.00e+00	0.00e+00	0.00e+00	0.00e+00
 1.36558e+14	7.73e-28	4.66e-21	6.30e-15	5.86e-10	4.17e-06	2.56e-03	9.97e-01	0.00e+00	0.00e+00	0.00e+00	0.00e+00	0.00e+00
 1.41834e+14	1.20e-27	6.75e-21	8.50e-15	7.34e-10	4.84e-06	2.76e-03	9.97e-01	0.00e+00	0.00e+00	0.00e+00	0.00e+00	0.00e+00
 1.46775e+14	1.73e-27	9.22e-21	1.11e-14	9.00e-10	5.54e-06	2.96e-03	9.97e-01	0.00e+00	0.00e+00	0.00e+00	0.00e+00	0.00e+00
 1.52131e+14	2.63e-27	1.31e-20	1.48e-14	1.11e-09	6.39e-06	3.17e-03	9.97e-01	0.00e+00	0.00e+00	0.00e+00	0.00e+00	0.00e+00
 1.58246e+14	3.98e-27	1.88e-20	2.01e-14	1.41e-09	7.47e-06	3.44e-03	9.97e-01	0.00e+00	0.00e+00	0.00e+00	0.00e+00	0.00e+00
 1.64009e+14	5.93e-27	2.63e-20	2.66e-14	1.74e-09	8.61e-06	3.69e-03	9.96e-01	0.00e+00	0.00e+00	0.00e+00	0.00e+00	0.00e+00
 1.69195e+14	8.50e-27	3.56e-20	3.41e-14	2.09e-09	9.74e-06	3.93e-03	9.96e-01	0.00e+00	0.00e+00	0.00e+00	0.00e+00	0.00e+00
 1.74108e+14	1.16e-26	4.65e-20	4.27e-14	2.48e-09	1.09e-05	4.16e-03	9.96e-01	0.00e+00	0.00e+00	0.00e+00	0.00e+00	0.00e+00
 1.79565e+14	1.61e-26	6.16e-20	5.44e-14	2.98e-09	1.23e-05	4.43e-03	9.96e-01	0.00e+00	0.00e+00	0.00e+00	0.00e+00	0.00e+00
 1.85640e+14	2.37e-26	8.53e-20	7.07e-14	3.64e-09	1.41e-05	4.74e-03	9.95e-01	0.00e+00	0.00e+00	0.00e+00	0.00e+00	0.00e+00
 1.91359e+14	3.23e-26	1.12e-19	8.98e-14	4.36e-09	1.59e-05	5.04e-03	9.95e-01	0.00e+00	0.00e+00	0.00e+00	0.00e+00	0.00e+00
 1.97633e+14	4.71e-26	1.53e-19	1.16e-13	5.28e-09	1.80e-05	5.37e-03	9.95e-01	0.00e+00	0.00e+00	0.00e+00	0.00e+00	0.00e+00
 2.04655e+14	6.78e-26	2.10e-19	1.52e-13	6.50e-09	2.07e-05	5.77e-03	9.94e-01	0.00e+00	0.00e+00	0.00e+00	0.00e+00	0.00e+00
 2.11296e+14	9.78e-26	2.87e-19	1.96e-13	7.86e-09	2.35e-05	6.14e-03	9.94e-01	0.00e+00	0.00e+00	0.00e+00	0.00e+00	0.00e+00
 2.18578e+14	1.39e-25	3.89e-19	2.56e-13	9.61e-09	2.69e-05	6.58e-03	9.93e-01	0.00e+00	0.00e+00	0.00e+00	0.00e+00	0.00e+00
 2.26640e+14	2.10e-25	5.52e-19	3.41e-13	1.19e-08	3.10e-05	7.07e-03	9.93e-01	0.00e+00	0.00e+00	0.00e+00	0.00e+00	0.00e+00
 2.34120e+14	2.93e-25	7.37e-19	4.40e-13	1.45e-08	3.53e-05	7.56e-03	9.92e-01	0.00e+00	0.00e+00	0.00e+00	0.00e+00	0.00e+00
 2.42245e+14	4.32e-25	1.02e-18	5.76e-13	1.77e-08	4.04e-05	8.09e-03	9.92e-01	0.00e+00	0.00e+00	0.00e+00	0.00e+00	0.00e+00
 2.51295e+14	6.29e-25	1.42e-18	7.67e-13	2.20e-08	4.67e-05	8.72e-03	9.91e-01	0.00e+00	0.00e+00	0.00e+00	0.00e+00	0.00e+00
 2.59752e+14	9.13e-25	1.95e-18	9.96e-13	2.68e-08	5.32e-05	9.31e-03	9.91e-01	0.00e+00	0.00e+00	0.00e+00	0.00e+00	0.00e+00
 2.68952e+14	1.30e-24	2.65e-18	1.31e-12	3.30e-08	6.11e-05	1.00e-02	9.90e-01	0.00e+00	0.00e+00	0.00e+00	0.00e+00	0.00e+00
 2.79183e+14	1.97e-24	3.79e-18	1.75e-12	4.12e-08	7.08e-05	1.08e-02	9.89e-01	0.00e+00	0.00e+00	0.00e+00	0.00e+00	0.00e+00
 2.88781e+14	2.75e-24	5.08e-18	2.28e-12	5.03e-08	8.09e-05	1.16e-02	9.88e-01	0.00e+00	0.00e+00	0.00e+00	0.00e+00	0.00e+00
 2.99229e+14	4.10e-24	7.14e-18	3.02e-12	6.21e-08	9.31e-05	1.24e-02	9.88e-01	0.00e+00	0.00e+00	0.00e+00	0.00e+00	0.00e+00
 3.10879e+14	5.97e-24	9.96e-18	4.06e-12	7.79e-08	1.08e-04	1.34e-02	9.86e-01	0.00e+00	0.00e+00	0.00e+00	0.00e+00	0.00e+00
 3.21878e+14	8.77e-24	1.38e-17	5.33e-12	9.58e-08	1.24e-04	1.44e-02	9.85e-01	0.00e+00	0.00e+00	0.00e+00	0.00e+00	0.00e+00
 3.33666e+14	1.25e-23	1.90e-17	7.04e-12	1.19e-07	1.43e-04	1.55e-02	9.84e-01	0.00e+00	0.00e+00	0.00e+00	0.00e+00	0.00e+00
 3.46778e+14	1.89e-23	2.71e-17	9.52e-12	1.49e-07	1.67e-04	1.68e-02	9.83e-01	0.00e+00	0.00e+00	0.00e+00	0.00e+00	0.00e+00
 3.59552e+14	2.70e-23	3.71e-17	1.26e-11	1.85e-07	1.92e-04	1.81e-02	9.82e-01	0.00e+00	0.00e+00	0.00e+00	0.00e+00	0.00e+00
 3.73102e+14	3.99e-23	5.21e-17	1.68e-11	2.30e-07	2.22e-04	1.95e-02	9.80e-01	0.00e+00	0.00e+00	0.00e+00	0.00e+00	0.00e+00
 3.88056e+14	5.81e-23	7.30e-17	2.27e-11	2.90e-07	2.59e-04	2.12e-02	9.79e-01	0.00e+00	0.00e+00	0.00e+00	0.00e+00	0.00e+00
 4.02736e+14	8.59e-23	1.03e-16	3.03e-11	3.61e-07	3.00e-04	2.28e-02	9.77e-01	0.00e+00	0.00e+00	0.00e+00	0.00e+00	0.00e+00
 4.14837e+14	1.13e-22	1.32e-16	3.80e-11	4.30e-07	3.37e-04	2.43e-02	9.75e-01	0.00e+00	0.00e+00	0.00e+00	0.00e+00	0.00e+00
 4.24524e+14	1.43e-22	1.62e-16	4.54e-11	4.93e-07	3.69e-04	2.55e-02	9.74e-01	0.00e+00	0.00e+00	0.00e+00	0.00e+00	0.00e+00
 4.35203e+14	1.84e-22	2.02e-16	5.50e-11	5.71e-07	4.06e-04	2.68e-02	9.73e-01	0.00e+00	0.00e+00	0.00e+00	0.00e+00	0.00e+00
 4.49085e+14	2.48e-22	2.65e-16	7.00e-11	6.88e-07	4.60e-04	2.87e-02	9.71e-01	0.00e+00	0.00e+00	0.00e+00	0.00e+00	0.00e+00
 4.63996e+14	3.41e-22	3.52e-16	8.99e-11	8.34e-07	5.22e-04	3.07e-02	9.69e-01	0.00e+00	0.00e+00	0.00e+00	0.00e+00	0.00e+00
 4.77274e+14	4.54e-22	4.53e-16	1.12e-10	9.85e-07	5.83e-04	3.25e-02	9.67e-01	0.00e+00	0.00e+00	0.00e+00	0.00e+00	0.00e+00
 4.91562e+14	5.97e-22	5.82e-16	1.40e-10	1.17e-06	6.53e-04	3.47e-02	9.65e-01	0.00e+00	0.00e+00	0.00e+00	0.00e+00	0.00e+00
 5.09646e+14	8.53e-22	8.01e-16	1.84e-10	1.45e-06	7.52e-04	3.74e-02	9.62e-01	0.00e+00	0.00e+00	0.00e+00	0.00e+00	0.00e+00
 5.27981e+14	1.20e-21	1.09e-15	2.41e-10	1.79e-06	8.63e-04	4.03e-02	9.59e-01	0.00e+00	0.00e+00	0.00e+00	0.00e+00	0.00e+00
 5.43558e+14	1.58e-21	1.40e-15	3.02e-10	2.12e-06	9.65e-04	4.28e-02	9.56e-01	0.00e+00	0.00e+00	0.00e+00	0.00e+00	0.00e+00
 5.60233e+14	2.11e-21	1.82e-15	3.80e-10	2.53e-06	1.09e-03	4.56e-02	9.53e-01	0.00e+00	0.00e+00	0.00e+00	0.00e+00	0.00e+00
 5.81065e+14	2.98e-21	2.50e-15	5.02e-10	3.14e-06	1.25e-03	4.93e-02	9.49e-01	0.00e+00	0.00e+00	0.00e+00	0.00e+00	0.00e+00
 6.02477e+14	4.22e-21	3.43e-15	6.62e-10	3.88e-06	1.44e-03	5.32e-02	9.45e-01	0.00e+00	0.00e+00	0.00e+00	0.00e+00	0.00e+00
 6.21338e+14	5.67e-21	4.49e-15	8.39e-10	4.66e-06	1.62e-03	5.68e-02	9.42e-01	0.00e+00	0.00e+00	0.00e+00	0.00e+00	0.00e+00
 6.41709e+14	7.69e-21	5.94e-15	1.07e-09	5.63e-06	1.83e-03	6.07e-02	9.37e-01	0.00e+00	0.00e+00	0.00e+00	0.00e+00	0.00e+00
 6.66302e+14	1.11e-20	8.29e-15	1.43e-09	7.02e-06	2.11e-03	6.58e-02	9.32e-01	0.00e+00	0.00e+00	0.00e+00	0.00e+00	0.00e+00
 6.90695e+14	1.56e-20	1.14e-14	1.89e-09	8.67e-06	2.42e-03	7.09e-02	9.27e-01	0.00e+00	0.00e+00	0.00e+00	0.00e+00	0.00e+00
 7.12373e+14	2.12e-20	1.50e-14	2.39e-09	1.04e-05	2.73e-03	7.56e-02	9.22e-01	0.00e+00	0.00e+00	0.00e+00	0.00e+00	0.00e+00
 7.36209e+14	2.89e-20	2.00e-14	3.08e-09	1.26e-05	3.09e-03	8.09e-02	9.16e-01	0.00e+00	0.00e+00	0.00e+00	0.00e+00	0.00e+00
 7.64691e+14	4.19e-20	2.80e-14	4.12e-09	1.57e-05	3.57e-03	8.75e-02	9.09e-01	0.00e+00	0.00e+00	0.00e+00	0.00e+00	0.00e+00
 7.93059e+14	5.98e-20	3.88e-14	5.45e-09	1.94e-05	4.09e-03	9.43e-02	9.02e-01	0.00e+00	0.00e+00	0.00e+00	0.00e+00	0.00e+00
 8.19018e+14	8.13e-20	5.15e-14	6.99e-09	2.35e-05	4.61e-03	1.00e-01	8.95e-01	0.00e+00	0.00e+00	0.00e+00	0.00e+00	0.00e+00
 8.47998e+14	1.16e-19	7.11e-14	9.13e-09	2.87e-05	5.25e-03	1.08e-01	8.87e-01	0.00e+00	0.00e+00	0.00e+00	0.00e+00	0.00e+00
 8.81681e+14	1.71e-19	1.01e-13	1.23e-08	3.60e-05	6.08e-03	1.16e-01	8.77e-01	0.00e+00	0.00e+00	0.00e+00	0.00e+00	0.00e+00
 9.14807e+14	2.48e-19	1.42e-13	1.64e-08	4.46e-05	6.97e-03	1.25e-01	8.68e-01	0.00e+00	0.00e+00	0.00e+00	0.00e+00	0.00e+00
 9.46316e+14	3.48e-19	1.93e-13	2.13e-08	5.42e-05	7.89e-03	1.34e-01	8.58e-01	0.00e+00	0.00e+00	0.00e+00	0.00e+00	0.00e+00
 9.81258e+14	5.03e-19	2.70e-13	2.81e-08	6.68e-05	9.01e-03	1.43e-01	8.47e-01	0.00e+00	0.00e+00	0.00e+00	0.00e+00	0.00e+00
 1.01416e+15	6.89e-19	3.61e-13	3.63e-08	8.07e-05	1.02e-02	1.52e-01	8.37e-01	0.00e+00	0.00e+00	0.00e+00	0.00e+00	0.00e+00
 1.03882e+15	8.86e-19	4.53e-13	4.37e-08	9.27e-05	1.11e-02	1.60e-01	8.29e-01	0.00e+00	0.00e+00	0.00e+00	0.00e+00	0.00e+00
 1.06413e+15	1.16e-18	5.72e-13	5.26e-08	1.06e-04	1.21e-02	1.67e-01	8.21e-01	0.00e+00	0.00e+00	0.00e+00	0.00e+00	0.00e+00
 1.09704e+15	1.58e-18	7.59e-13	6.65e-08	1.27e-04	1.35e-02	1.76e-01	8.10e-01	0.00e+00	0.00e+00	0.00e+00	0.00e+00	0.00e+00
 1.13261e+15	2.15e-18	1.01e-12	8.49e-08	1.52e-04	1.51e-02	1.87e-01	7.98e-01	0.00e+00	0.00e+00	0.00e+00	0.00e+00	0.00e+00
 1.16463e+15	2.88e-18	1.31e-12	1.05e-07	1.78e-04	1.67e-02	1.96e-01	7.87e-01	0.00e+00	0.00e+00	0.00e+00	0.00e+00	0.00e+00
 1.19924e+15	4.00e-18	1.74e-12	1.32e-07	2.09e-04	1.85e-02	2.06e-01	7.75e-01	0.00e+00	0.00e+00	0.00e+00	0.00e+00	0.00e+00
 1.24320e+15	5.88e-18	2.45e-12	1.73e-07	2.56e-04	2.10e-02	2.19e-01	7.59e-01	0.00e+00	0.00e+00	0.00e+00	0.00e+00	0.00e+00
 1.28757e+15	8.23e-18	3.33e-12	2.26e-07	3.12e-04	2.37e-02	2.32e-01	7.44e-01	0.00e+00	0.00e+00	0.00e+00	0.00e+00	0.00e+00
 1.32499e+15	1.12e-17	4.38e-12	2.82e-07	3.65e-04	2.62e-02	2.43e-01	7.30e-01	0.00e+00	0.00e+00	0.00e+00	0.00e+00	0.00e+00
 1.36508e+15	1.54e-17	5.79e-12	3.53e-07	4.31e-04	2.90e-02	2.55e-01	7.15e-01	0.00e+00	0.00e+00	0.00e+00	0.00e+00	0.00e+00
 1.41550e+15	2.37e-17	8.28e-12	4.65e-07	5.26e-04	3.27e-02	2.70e-01	6.97e-01	0.00e+00	0.00e+00	1.36e-17	7.20e-18	2.55e-18
 1.46826e+15	3.38e-17	1.14e-11	6.11e-07	6.41e-04	3.70e-02	2.85e-01	6.78e-01	0.00e+00	0.00e+00	1.93e-17	1.03e-17	3.61e-18
 1.51570e+15	4.78e-17	1.54e-11	7.75e-07	7.61e-04	4.10e-02	2.98e-01	6.60e-01	0.00e+00	0.00e+00	2.74e-17	1.45e-17	5.08e-18
 1.56732e+15	6.84e-17	2.10e-11	9.95e-07	9.10e-04	4.57e-02	3.12e-01	6.41e-01	0.00e+00	0.00e+00	3.92e-17	2.08e-17	7.24e-18
 1.62844e+15	1.07e-16	3.07e-11	1.32e-06	1.12e-03	5.17e-02	3.28e-01	6.19e-01	0.00e+00	0.00e+00	6.16e-17	3.26e-17	1.13e-17
 1.68850e+15	1.57e-16	4.27e-11	1.72e-06	1.35e-03	5.79e-02	3.44e-01	5.97e-01	0.00e+00	0.00e+00	9.04e-17	4.78e-17	1.65e-17
 1.74324e+15	2.23e-16	5.74e-11	2.18e-06	1.59e-03	6.39e-02	3.57e-01	5.78e-01	0.00e+00	0.00e+00	1.28e-16	6.76e-17	2.32e-17
 1.80450e+15	3.13e-16	7.76e-11	2.79e-06	1.90e-03	7.09e-02	3.71e-01	5.56e-01	0.00e+00	0.00e+00	1.80e-16	9.51e-17	3.26e-17
 1.87592e+15	4.92e-16	1.13e-10	3.70e-06	2.32e-03	7.96e-02	3.87e-01	5.31e-01	0.00e+00	0.00e+00	2.83e-16	1.49e-16	5.08e-17
 1.94630e+15	7.34e-16	1.58e-10	4.81e-06	2.78e-03	8.86e-02	4.01e-01	5.07e-01	0.00e+00	0.00e+00	4.23e-16	2.23e-16	7.56e-17
 2.01306e+15	1.06e-15	2.15e-10	6.11e-06	3.29e-03	9.75e-02	4.14e-01	4.85e-01	0.00e+00	0.00e+00	6.11e-16	3.21e-16	1.09e-16
 2.08720e+15	1.51e-15	2.92e-10	7.87e-06	3.92e-03	1.08e-01	4.27e-01	4.61e-01	0.00e+00	0.00e+00	8.73e-16	4.59e-16	1.55e-16
 2.17072e+15	2.42e-15	4.26e-10	1.04e-05	4.75e-03	1.20e-01	4.40e-01	4.35e-01	0.00e+00	0.00e+00	1.40e-15	7.34e-16	2.47e-16
 2.24093e+15	3.42e-15	5.66e-10	1.29e-05	5.52e-03	1.30e-01	4.50e-01	4.14e-01	0.00e+00	0.00e+00	1.97e-15	1.04e-15	3.47e-16
 2.29172e+15	4.35e-15	6.90e-10	1.50e-05	6.13e-03	1.38e-01	4.56e-01	3.99e-01	0.00e+00	0.00e+00	2.51e-15	1.32e-15	4.41e-16
 2.34496e+15	5.57e-15	8.46e-10	1.76e-05	6.82e-03	1.46e-01	4.62e-01	3.84e-01	0.00e+00	0.00e+00	3.22e-15	1.69e-15	5.64e-16
 2.41418e+15	7.32e-15	1.07e-09	2.13e-05	7.78e-03	1.57e-01	4.69e-01	3.66e-01	0.00e+00	0.00e+00	4.23e-15	2.22e-15	7.41e-16
 2.49135e+15	1.07e-14	1.44e-09	2.64e-05	8.98e-03	1.70e-01	4.76e-01	3.45e-01	0.00e+00	0.00e+00	6.17e-15	3.24e-15	1.08e-15
 2.56333e+15	1.43e-14	1.83e-09	3.18e-05	1.02e-02	1.82e-01	4.81e-01	3.27e-01	0.00e+00	0.00e+00	8.29e-15	4.35e-15	1.44e-15
 2.64138e+15	1.92e-14	2.33e-09	3.86e-05	1.16e-02	1.94e-01	4.85e-01	3.09e-01	0.00e+00	0.00e+00	1.11e-14	5.81e-15	1.93e-15
 2.72929e+15	2.83e-14	3.15e-09	4.78e-05	1.34e-02	2.09e-01	4.89e-01	2.89e-01	0.00e+00	0.00e+00	1.64e-14	8.58e-15	2.84e-15
 2.81277e+15	3.85e-14	4.04e-09	5.80e-05	1.52e-02	2.23e-01	4.91e-01	2.71e-01	0.00e+00	0.00e+00	2.23e-14	1.17e-14	3.86e-15
 2.90402e+15	5.23e-14	5.20e-09	7.10e-05	1.74e-02	2.38e-01	4.92e-01	2.52e-01	0.00e+00	0.00e+00	3.03e-14	1.59e-14	5.24e-15
 3.00649e+15	7.88e-14	7.12e-09	8.84e-05	2.01e-02	2.56e-01	4.91e-01	2.33e-01	0.00e+00	0.00e+00	4.57e-14	2.39e-14	7.88e-15
 3.10322e+15	1.09e-13	9.19e-09	1.07e-04	2.28e-02	2.72e-01	4.89e-01	2.16e-01	0.00e+00	0.00e+00	6.30e-14	3.30e-14	1.08e-14
 3.20864e+15	1.49e-13	1.19e-08	1.32e-04	2.60e-02	2.89e-01	4.86e-01	1.99e-01	0.00e+00	0.00e+00	8.64e-14	4.52e-14	1.49e-14
 3.32546e+15	2.27e-13	1.63e-08	1.64e-04	2.99e-02	3.08e-01	4.81e-01	1.81e-01	0.00e+00	0.00e+00	1.32e-13	6.90e-14	2.26e-14
 3.43326e+15	3.16e-13	2.11e-08	1.99e-04	3.38e-02	3.25e-01	4.75e-01	1.66e-01	0.00e+00	0.00e+00	1.83e-13	9.60e-14	3.15e-14
 3.54958e+15	4.42e-13	2.74e-08	2.42e-04	3.82e-02	3.43e-01	4.67e-01	1.51e-01	0.00e+00	0.00e+00	2.56e-13	1.34e-13	4.39e-14
 3.67950e+15	6.16e-13	3.58e-08	2.98e-04	4.36e-02	3.62e-01	4.58e-01	1.36e-01	0.00e+00	0.00e+00	3.57e-13	1.87e-13	6.12e-14
 3.80223e+15	9.12e-13	4.77e-08	3.61e-04	4.90e-02	3.80e-01	4.48e-01	1.23e-01	0.00e+00	0.00e+00	5.29e-13	2.77e-13	9.05e-14
 3.93692e+15	1.30e-12	6.26e-08	4.41e-04	5.54e-02	3.98e-01	4.36e-01	1.10e-01	0.00e+00	0.00e+00	7.56e-13	3.96e-13	1.29e-13
 4.08537e+15	1.80e-12	8.10e-08	5.42e-04	6.27e-02	4.17e-01	4.22e-01	9.81e-02	0.00e+00	0.00e+00	1.04e-12	5.47e-13	1.78e-13
 4.21908e+15	2.51e-12	1.04e-07	6.48e-04	6.99e-02	4.33e-01	4.09e-01	8.80e-02	0.00e+00	0.00e+00	1.46e-12	7.62e-13	2.48e-13
 4.34018e+15	3.37e-12	1.30e-07	7.59e-04	7.66e-02	4.47e-01	3.96e-01	7.97e-02	0.00e+00	0.00e+00	1.96e-12	1.02e-12	3.33e-13
 4.47754e+15	4.60e-12	1.64e-07	9.00e-04	8.47e-02	4.61e-01	3.82e-01	7.12e-02	0.00e+00	0.00e+00	2.67e-12	1.40e-12	4.55e-13
 4.64630e+15	7.07e-12	2.24e-07	1.10e-03	9.52e-02	4.77e-01	3.64e-01	6.19e-02	0.00e+00	0.00e+00	4.11e-12	2.15e-12	6.99e-13
 4.79289e+15	9.61e-12	2.81e-07	1.30e-03	1.05e-01	4.90e-01	3.49e-01	5.50e-02	0.00e+00	0.00e+00	5.58e-12	2.92e-12	9.50e-13
 4.89629e+15	1.19e-11	3.30e-07	1.46e-03	1.11e-01	4.98e-01	3.38e-01	5.05e-02	0.00e+00	0.00e+00	6.92e-12	3.62e-12	1.18e-12
 5.00653e+15	1.49e-11	3.91e-07	1.64e-03	1.19e-01	5.06e-01	3.27e-01	4.61e-02	0.00e+00	0.00e+00	8.68e-12	4.54e-12	1.48e-12
 5.14983e+15	1.90e-11	4.71e-07	1.90e-03	1.29e-01	5.16e-01	3.12e-01	4.11e-02	0.00e+00	0.00e+00	1.10e-11	5.77e-12	1.88e-12
 5.33546e+15	2.87e-11	6.30e-07	2.30e-03	1.43e-01	5.26e-01	2.93e-01	3.52e-02	0.00e+00	0.00e+00	1.67e-11	8.71e-12	2.83e-12
 5.51003e+15	3.72e-11	7.74e-07	2.71e-03	1.56e-01	5.34e-01	2.77e-01	3.07e-02	0.00e+00	0.00e+00	2.16e-11	1.13e-11	3.67e-12
 5.64115e+15	4.97e-11	9.47e-07	3.07e-03	1.66e-01	5.39e-01	2.64e-01	2.75e-02	0.00e+00	0.00e+00	2.89e-11	1.51e-11	4.91e-12
 5.78187e+15	6.39e-11	1.14e-06	3.49e-03	1.78e-01	5.43e-01	2.51e-01	2.45e-02	0.00e+00	0.00e+00	3.71e-11	1.94e-11	6.31e-12
 5.96482e+15	8.30e-11	1.39e-06	4.09e-03	1.93e-01	5.47e-01	2.35e-01	2.11e-02	0.00e+00	0.00e+00	4.82e-11	2.52e-11	8.20e-12
 6.16127e+15	1.22e-10	1.83e-06	4.84e-03	2.09e-01	5.50e-01	2.18e-01	1.79e-02	0.00e+00	0.00e+00	7.11e-11	3.72e-11	1.21e-11
 6.32859e+15	1.57e-10	2.20e-06	5.54e-03	2.24e-01	5.51e-01	2.04e-01	1.56e-02	0.00e+00	0.00e+00	9.13e-11	4.78e-11	1.55e-11
 6.49943e+15	2.00e-10	2.64e-06	6.35e-03	2.39e-01	5.50e-01	1.91e-01	1.36e-02	0.00e+00	0.00e+00	1.16e-10	6.08e-11	1.97e-11
 6.72153e+15	3.01e-10	3.52e-06	7.59e-03	2.59e-01	5.48e-01	1.74e-01	1.13e-02	0.00e+00	0.00e+00	1.75e-10	9.17e-11	2.98e-11
 6.94188e+15	4.08e-10	4.41e-06	8.92e-03	2.79e-01	5.44e-01	1.59e-01	9.42e-03	0.00e+00	0.00e+00	2.37e-10	1.24e-10	4.03e-11
 7.11037e+15	5.08e-10	5.20e-06	1.01e-02	2.94e-01	5.39e-01	1.48e-01	8.21e-03	0.00e+00	0.00e+00	2.95e-10	1.55e-10	5.02e-11
 7.27978e+15	6.50e-10	6.24e-06	1.14e-02	3.10e-01	5.33e-01	1.38e-01	7.12e-03	0.00e+00	0.00e+00	3.78e-10	1.98e-10	6.44e-11
 7.50001e+15	9.56e-10	8.14e-06	1.34e-02	3.32e-01	5.24e-01	1.25e-01	5.87e-03	0.00e+00	0.00e+00	5.56e-10	2.91e-10	9.47e-11
 7.71938e+15	1.27e-09	1.01e-05	1.56e-02	3.52e-01	5.14e-01	1.13e-01	4.90e-03	0.00e+00	0.00e+00	7.41e-10	3.88e-10	1.26e-10
 7.89024e+15	1.57e-09	1.18e-05	1.75e-02	3.68e-01	5.05e-01	1.05e-01	4.25e-03	0.00e+00	0.00e+00	9.12e-10	4.78e-10	1.55e-10
 8.06501e+15	2.00e-09	1.41e-05	1.98e-02	3.85e-01	4.95e-01	9.62e-02	3.65e-03	0.00e+00	0.00e+00	1.17e-09	6.11e-10	1.99e-10
 8.29220e+15	2.99e-09	1.86e-05	2.33e-02	4.07e-01	4.80e-01	8.57e-02	2.96e-03	0.00e+00	0.00e+00	1.74e-09	9.13e-10	2.97e-10
 8.51223e+15	3.93e-09	2.28e-05	2.69e-02	4.28e-01	4.66e-01	7.69e-02	2.45e-03	0.00e+00	0.00e+00	2.29e-09	1.20e-09	3.90e-10
 8.67910e+15	4.81e-09	2.66e-05	3.01e-02	4.44e-01	4.53e-01	7.07e-02	2.12e-03	0.00e+00	0.00e+00	2.80e-09	1.47e-09	4.78e-10
 8.82823e+15	6.22e-09	3.18e-05	3.35e-02	4.58e-01	4.42e-01	6.52e-02	1.84e-03	0.00e+00	0.00e+00	3.62e-09	1.90e-09	6.18e-10
 8.96681e+15	7.35e-09	3.61e-05	3.68e-02	4.71e-01	4.30e-01	6.05e-02	1.62e-03	0.00e+00	0.00e+00	4.27e-09	2.24e-09	7.30e-10
 9.11563e+15	9.08e-09	4.22e-05	4.08e-02	4.85e-01	4.18e-01	5.56e-02	1.41e-03	0.00e+00	0.00e+00	5.28e-09	2.77e-09	9.02e-10
 9.28309e+15	1.25e-08	5.25e-05	4.62e-02	5.00e-01	4.03e-01	5.02e-02	1.19e-03	0.00e+00	0.00e+00	7.29e-09	3.83e-09	1.25e-09
 9.44094e+15	1.58e-08	6.22e-05	5.16e-02	5.14e-01	3.88e-01	4.57e-02	1.02e-03	0.00e+00	0.00e+00	9.19e-09	4.82e-09	1.57e-09
 9.58374e+15	1.97e-08	7.30e-05	5.72e-02	5.26e-01	3.74e-01	4.18e-02	8.81e-04	0.00e+00	0.00e+00	1.15e-08	6.02e-09	1.96e-09
 9.71955e+15	2.45e-08	8.54e-05	6.33e-02	5.37e-01	3.61e-01	3.83e-02	7.65e-04	0.00e+00	0.00e+00	1.42e-08	7.47e-09	2.44e-09
 9.87483e+15	2.94e-08	9.89e-05	7.10e-02	5.49e-01	3.45e-01	3.46e-02	6.53e-04	0.00e+00	0.00e+00	1.71e-08	8.98e-09	2.93e-09
 1.00767e+16	4.34e-08	1.30e-04	8.34e-02	5.63e-01	3.23e-01	2.98e-02	5.17e-04	0.00e+00	0.00e+00	2.52e-08	1.33e-08	4.32e-09
 1.02705e+16	6.05e-08	1.66e-04	9.72e-02	5.75e-01	3.01e-01	2.58e-02	4.13e-04	0.00e+00	0.00e+00	3.52e-08	1.85e-08	6.04e-09
 1.04095e+16	7.44e-08	1.94e-04	1.09e-01	5.82e-01	2.85e-01	2.31e-02	3.50e-04	0.00e+00	0.00e+00	4.33e-08	2.27e-08	7.43e-09
 1.05459e+16	9.59e-08	2.34e-04	1.22e-01	5.88e-01	2.68e-01	2.05e-02	2.93e-04	0.00e+00	0.00e+00	5.58e-08	2.93e-08	9.58e-09
 1.06985e+16	1.29e-07	2.90e-04	1.40e-01	5.92e-01	2.49e-01	1.78e-02	2.38e-04	0.00e+00	0.00e+00	7.48e-08	3.93e-08	1.28e-08
 1.08372e+16	1.72e-07	3.57e-04	1.59e-01	5.94e-01	2.31e-01	1.55e-02	1.94e-04	0.00e+00	0.00e+00	1.00e-07	5.26e-08	1.72e-08
 1.09488e+16	2.42e-07	4.49e-04	1.78e-01	5.92e-01	2.16e-01	1.36e-02	1.60e-04	0.00e+00	0.00e+00	1.41e-07	7.40e-08	2.42e-08
 1.10297e+16	2.88e-07	5.10e-04	1.93e-01	5.90e-01	2.05e-01	1.24e-02	1.40e-04	0.00e+00	0.00e+00	1.68e-07	8.81e-08	2.88e-08
 1.11038e+16	3.25e-07	5.62e-04	2.07e-01	5.87e-01	1.94e-01	1.13e-02	1.24e-04	0.00e+00	0.00e+00	1.89e-07	9.94e-08	3.26e-08
 1.12002e+16	4.29e-07	6.83e-04	2.30e-01	5.80e-01	1.79e-01	9.93e-03	1.03e-04	0.00e+00	0.00e+00	2.50e-07	1.31e-07	4.30e-08
 1.12982e+16	5.47e-07	8.13e-04	2.55e-01	5.71e-01	1.65e-01	8.64e-03	8.47e-05	0.00e+00	0.00e+00	3.18e-07	1.67e-07	5.49e-08
 1.13705e+16	6.60e-07	9.30e-04	2.75e-01	5.62e-01	1.54e-01	7.74e-03	7.28e-05	0.00e+00	0.00e+00	3.84e-07	2.02e-07	6.63e-08
 1.14245e+16	7.67e-07	1.03e-03	2.92e-01	5.54e-01	1.45e-01	7.07e-03	6.43e-05	0.00e+00	0.00e+00	4.46e-07	2.35e-07	7.70e-08
 1.14825e+16	9.04e-07	1.16e-03	3.12e-01	5.44e-01	1.36e-01	6.37e-03	5.58e-05	0.00e+00	0.00e+00	5.26e-07	2.77e-07	9.08e-08
 1.15579e+16	1.14e-06	1.37e-03	3.41e-01	5.29e-01	1.23e-01	5.48e-03	4.56e-05	0.00e+00	0.00e+00	6.66e-07	3.51e-07	1.15e-07
 1.16296e+16	1.31e-06	1.52e-03	3.68e-01	5.13e-01	1.13e-01	4.79e-03	3.83e-05	0.00e+00	0.00e+00	7.61e-07	4.01e-07	1.32e-07
 1.16965e+16	1.70e-06	1.82e-03	3.99e-01	4.94e-01	1.01e-01	4.08e-03	3.09e-05	0.00e+00	0.00e+00	9.88e-07	5.21e-07	1.71e-07
 1.17580e+16	2.04e-06	2.07e-03	4.27e-01	4.75e-01	9.17e-02	3.53e-03	2.55e-05	0.00e+00	0.00e+00	1.19e-06	6.25e-07	2.05e-07
 1.18021e+16	2.35e-06	2.28e-03	4.50e-01	4.60e-01	8.47e-02	3.14e-03	2.19e-05	0.00e+00	0.00e+00	1.37e-06	7.21e-07	2.37e-07
 1.18492e+16	2.75e-06	2.54e-03	4.75e-01	4.43e-01	7.72e-02	2.75e-03	1.84e-05	0.00e+00	0.00e+00	1.60e-06	8.43e-07	2.77e-07
 1.19105e+16	3.41e-06	2.94e-03	5.10e-01	4.18e-01	6.75e-02	2.27e-03	1.44e-05	0.00e+00	0.00e+00	1.99e-06	1.05e-06	3.45e-07
 1.19701e+16	3.90e-06	3.24e-03	5.41e-01	3.94e-01	5.93e-02	1.90e-03	1.15e-05	0.00e+00	0.00e+00	2.27e-06	1.20e-06	3.94e-07
 1.20278e+16	5.02e-06	3.82e-03	5.78e-01	3.66e-01	5.09e-02	1.52e-03	8.67e-06	0.00e+00	0.00e+00	2.92e-06	1.54e-06	5.08e-07
 1.20811e+16	5.99e-06	4.29e-03	6.09e-01	3.41e-01	4.40e-02	1.25e-03	6.73e-06	0.00e+00	0.00e+00	3.48e-06	1.84e-06	6.07e-07
 1.21207e+16	6.83e-06	4.68e-03	6.33e-01	3.22e-01	3.92e-02	1.06e-03	5.51e-06	0.00e+00	0.00e+00	3.97e-06	2.10e-06	6.92e-07
 1.21637e+16	7.89e-06	5.15e-03	6.59e-01	3.00e-01	3.42e-02	8.80e-04	4.35e-06	0.00e+00	0.00e+00	4.59e-06	2.42e-06	8.00e-07
 1.22197e+16	9.63e-06	5.84e-03	6.94e-01	2.72e-01	2.81e-02	6.75e-04	3.11e-06	0.00e+00	0.00e+00	5.60e-06	2.96e-06	9.78e-07
 1.22768e+16	1.16e-05	6.56e-03	7.26e-01	2.44e-01	2.30e-02	5.12e-04	2.21e-06	0.00e+00	0.00e+00	6.72e-06	3.55e-06	1.18e-06
 1.23242e+16	1.35e-05	7.22e-03	7.52e-01	2.22e-01	1.91e-02	4.00e-04	1.63e-06	0.00e+00	0.00e+00	7.83e-06	4.14e-06	1.37e-06
 1.23749e+16	1.60e-05	8.01e-03	7.78e-01	1.98e-01	1.55e-02	3.00e-04	1.14e-06	0.00e+00	0.00e+00	9.28e-06	4.91e-06	1.63e-06
 1.24314e+16	1.91e-05	8.91e-03	8.05e-01	1.73e-01	1.21e-02	2.16e-04	7.57e-07	0.00e+00	0.00e+00	1.11e-05	5.87e-06	1.95e-06
 1.24852e+16	2.25e-05	9.82e-03	8.29e-01	1.52e-01	9.53e-03	1.55e-04	0.00e+00	0.00e+00	0.00e+00	1.31e-05	6.92e-06	2.30e-06
 1.25448e+16	2.70e-05	1.09e-02	8.52e-01	1.30e-01	7.16e-03	1.05e-04	0.00e+00	0.00e+00	0.00e+00	1.57e-05	8.31e-06	2.76e-06
 1.26109e+16	3.25e-05	1.21e-02	8.74e-01	1.09e-01	5.20e-03	6.85e-05	0.00e+00	0.00e+00	0.00e+00	1.89e-05	1.00e-05	3.34e-06
 1.26744e+16	3.88e-05	1.33e-02	8.91e-01	9.17e-02	3.80e-03	4.46e-05	0.00e+00	0.00e+00	0.00e+00	2.25e-05	1.19e-05	3.98e-06
 1.27460e+16	4.68e-05	1.48e-02	9.08e-01	7.49e-02	2.63e-03	2.70e-05	0.00e+00	0.00e+00	0.00e+00	2.72e-05	1.44e-05	4.82e-06
 1.28115e+16	5.51e-05	1.61e-02	9.19e-01	6.28e-02	1.91e-03	1.74e-05	0.00e+00	0.00e+00	0.00e+00	3.20e-05	1.70e-05	5.67e-06
 1.28556e+16	6.14e-05	1.70e-02	9.26e-01	5.57e-02	1.54e-03	1.29e-05	0.00e+00	0.00e+00	0.00e+00	3.57e-05	1.89e-05	6.33e-06
 1.28993e+16	6.83e-05	1.80e-02	9.31e-01	4.92e-02	1.23e-03	9.43e-06	0.00e+00	0.00e+00	0.00e+00	3.97e-05	2.10e-05	7.04e-06
 1.29562e+16	7.81e-05	1.93e-02	9.38e-01	4.20e-02	9.18e-04	6.28e-06	0.00e+00	0.00e+00	0.00e+00	4.54e-05	2.41e-05	8.07e-06
 1.30198e+16	9.06e-05	2.08e-02	9.43e-01	3.53e-02	6.71e-04	4.04e-06	0.00e+00	0.00e+00	0.00e+00	5.27e-05	2.79e-05	9.36e-06
 1.30798e+16	1.04e-04	2.22e-02	9.47e-01	3.01e-02	5.03e-04	2.69e-06	0.00e+00	0.00e+00	0.00e+00	6.03e-05	3.19e-05	1.07e-05
 1.31455e+16	1.20e-04	2.40e-02	9.50e-01	2.52e-02	3.64e-04	1.70e-06	0.00e+00	0.00e+00	0.00e+00	6.98e-05	3.70e-05	1.24e-05
 1.32176e+16	1.41e-04	2.60e-02	9.53e-01	2.09e-02	2.60e-04	1.05e-06	0.00e+00	0.00e+00	0.00e+00	8.20e-05	4.34e-05	1.46e-05
