#depth	He	He+	He+2
 1.49634e+10	5.92e-22	2.16e-11	1.00e+00
 4.54887e+10	6.84e-22	2.35e-11	1.00e+00
 7.72350e+10	7.85e-22	2.56e-11	1.00e+00
 1.10251e+11	9.03e-22	2.78e-11	1.00e+00
 1.41593e+11	1.03e-21	3.01e-11	1.00e+00
 1.69996e+11	1.15e-21	3.22e-11	1.00e+00
 2.01952e+11	1.30e-21	3.47e-11	1.00e+00
 2.39378e+11	1.50e-21	3.78e-11	1.00e+00
 2.76743e+11	1.72e-21	4.10e-11	1.00e+00
 3.12593e+11	1.96e-21	4.42e-11	1.00e+00
 3.52016e+11	2.24e-21	4.80e-11	1.00e+00
 3.96023e+11	2.60e-21	5.24e-11	1.00e+00
 4.40543e+11	3.00e-21	5.71e-11	1.00e+00
 4.86843e+11	3.46e-21	6.23e-11	1.00e+00
 5.32188e+11	3.97e-21	6.76e-11	1.00e+00
 5.73176e+11	4.48e-21	7.27e-11	1.00e+00
 6.18851e+11	5.08e-21	7.86e-11	1.00e+00
 6.72524e+11	5.90e-21	8.59e-11	1.00e+00
 7.25854e+11	6.80e-21	9.36e-11	1.00e+00
 7.75873e+11	7.72e-21	1.01e-10	1.00e+00
 8.31389e+11	8.84e-21	1.10e-10	1.00e+00
 8.94571e+11	1.03e-20	1.21e-10	1.00e+00
 9.56892e+11	1.19e-20	1.32e-10	1.00e+00
 1.02170e+12	1.37e-20	1.45e-10	1.00e+00
 1.09250e+12	1.59e-20	1.59e-10	1.00e+00
 1.16379e+12	1.83e-20	1.75e-10	1.00e+00
 1.23794e+12	2.11e-20	1.92e-10	1.00e+00
 1.31439e+12	2.44e-20	2.10e-10	1.00e+00
 1.38908e+12	2.78e-20	2.30e-10	1.00e+00
 1.46976e+12	3.19e-20	2.52e-10	1.00e+00
 1.55848e+12	3.68e-20	2.79e-10	1.00e+00
 1.65075e+12	4.24e-20	3.08e-10	1.00e+00
 1.74670e+12	4.88e-20	3.40e-10	1.00e+00
 1.84650e+12	5.61e-20	3.77e-10	1.00e+00
 1.93661e+12	6.33e-20	4.11e-10	1.00e+00
 2.01144e+12	6.96e-20	4.42e-10	1.00e+00
 2.09331e+12	7.68e-20	4.77e-10	1.00e+00
 2.19734e+12	8.68e-20	5.24e-10	1.00e+00
 2.30603e+12	9.81e-20	5.76e-10	1.00e+00
 2.40202e+12	1.09e-19	6.25e-10	1.00e+00
 2.49092e+12	1.19e-19	6.73e-10	1.00e+00
 2.59175e+12	1.32e-19	7.30e-10	1.00e+00
 2.71668e+12	1.48e-19	8.05e-10	1.00e+00
 2.84140e+12	1.66e-19	8.84e-10	1.00e+00
 2.94841e+12	1.82e-19	9.55e-10	1.00e+00
 3.06391e+12	2.01e-19	1.04e-09	1.00e+00
 3.20674e+12	2.25e-19	1.14e-09	1.00e+00
 3.35350e+12	2.53e-19	1.26e-09	1.00e+00
 3.48635e+12	2.79e-19	1.37e-09	1.00e+00
 3.63272e+12	3.11e-19	1.49e-09	1.00e+00
 3.80472e+12	3.52e-19	1.65e-09	1.00e+00
 3.97651e+12	3.98e-19	1.82e-09	1.00e+00
 4.14009e+12	4.45e-19	1.99e-09	1.00e+00
 4.32054e+12	5.04e-19	2.18e-09	1.00e+00
 4.52329e+12	5.77e-19	2.41e-09	1.00e+00
 4.70580e+12	6.51e-19	2.63e-09	1.00e+00
 4.85654e+12	7.18e-19	2.82e-09	1.00e+00
 5.02120e+12	7.98e-19	3.03e-09	1.00e+00
 5.23151e+12	9.13e-19	3.32e-09	1.00e+00
 5.44383e+12	1.04e-18	3.62e-09	1.00e+00
 5.61960e+12	1.16e-18	3.88e-09	1.00e+00
 5.80520e+12	1.30e-18	4.17e-09	1.00e+00
 6.04327e+12	1.50e-18	4.55e-09	1.00e+00
 6.29284e+12	1.74e-18	4.98e-09	1.00e+00
 6.51159e+12	1.97e-18	5.36e-09	1.00e+00
 6.74698e+12	2.25e-18	5.80e-09	1.00e+00
 7.00805e+12	2.60e-18	6.30e-09	1.00e+00
 7.25032e+12	2.96e-18	6.79e-09	1.00e+00
 7.51308e+12	3.40e-18	7.34e-09	1.00e+00
 7.80504e+12	3.96e-18	7.98e-09	1.00e+00
 8.07700e+12	4.54e-18	8.60e-09	1.00e+00
 8.37259e+12	5.24e-18	9.31e-09	1.00e+00
 8.70144e+12	6.13e-18	1.01e-08	1.00e+00
 9.00886e+12	7.06e-18	1.09e-08	1.00e+00
 9.34386e+12	8.20e-18	1.18e-08	1.00e+00
 9.71770e+12	9.64e-18	1.29e-08	1.00e+00
 1.00691e+13	1.12e-17	1.39e-08	1.00e+00
 1.04530e+13	1.30e-17	1.51e-08	1.00e+00
 1.08829e+13	1.54e-17	1.65e-08	1.00e+00
 1.12898e+13	1.80e-17	1.78e-08	1.00e+00
 1.17285e+13	2.11e-17	1.94e-08	1.00e+00
 1.22276e+13	2.51e-17	2.12e-08	1.00e+00
 1.27175e+13	2.96e-17	2.31e-08	1.00e+00
 1.32270e+13	3.49e-17	2.51e-08	1.00e+00
 1.37860e+13	4.15e-17	2.74e-08	1.00e+00
 1.43674e+13	4.92e-17	2.99e-08	1.00e+00
 1.49720e+13	5.86e-17	3.26e-08	1.00e+00
 1.55422e+13	6.84e-17	3.53e-08	1.00e+00
 1.60566e+13	7.84e-17	3.78e-08	1.00e+00
 1.65430e+13	8.87e-17	4.02e-08	1.00e+00
 1.70814e+13	1.01e-16	4.30e-08	1.00e+00
 1.76853e+13	1.17e-16	4.62e-08	1.00e+00
 1.82591e+13	1.33e-16	4.94e-08	1.00e+00
 1.88897e+13	1.53e-16	5.30e-08	1.00e+00
 1.95951e+13	1.78e-16	5.71e-08	1.00e+00
 2.02486e+13	2.03e-16	6.12e-08	1.00e+00
 2.08525e+13	2.29e-16	6.49e-08	1.00e+00
 2.15411e+13	2.61e-16	6.94e-08	1.00e+00
 2.23839e+13	3.05e-16	7.50e-08	1.00e+00
 2.32257e+13	3.55e-16	8.09e-08	1.00e+00
 2.39598e+13	4.02e-16	8.62e-08	1.00e+00
 2.47556e+13	4.57e-16	9.20e-08	1.00e+00
 2.57244e+13	5.32e-16	9.93e-08	1.00e+00
 2.67101e+13	6.19e-16	1.07e-07	1.00e+00
 2.76037e+13	7.04e-16	1.14e-07	1.00e+00
 2.85859e+13	8.08e-16	1.23e-07	1.00e+00
 2.97388e+13	9.43e-16	1.32e-07	1.00e+00
 3.08861e+13	1.09e-15	1.43e-07	1.00e+00
 3.19735e+13	1.25e-15	1.53e-07	1.00e+00
 3.31766e+13	1.45e-15	1.64e-07	1.00e+00
 3.45336e+13	1.69e-15	1.78e-07	1.00e+00
 3.59013e+13	1.96e-15	1.92e-07	1.00e+00
 3.73238e+13	2.28e-15	2.07e-07	1.00e+00
 3.88467e+13	2.66e-15	2.24e-07	1.00e+00
 4.04305e+13	3.10e-15	2.42e-07	1.00e+00
 4.19625e+13	3.58e-15	2.60e-07	1.00e+00
 4.34012e+13	4.07e-15	2.78e-07	1.00e+00
 4.47563e+13	4.58e-15	2.95e-07	1.00e+00
 4.62305e+13	5.19e-15	3.14e-07	1.00e+00
 4.78757e+13	5.93e-15	3.36e-07	1.00e+00
 4.94304e+13	6.70e-15	3.58e-07	1.00e+00
 5.11390e+13	7.63e-15	3.82e-07	1.00e+00
 5.30542e+13	8.80e-15	4.11e-07	1.00e+00
 5.48712e+13	1.00e-14	4.39e-07	1.00e+00
 5.68664e+13	1.15e-14	4.71e-07	1.00e+00
 5.91202e+13	1.33e-14	5.08e-07	1.00e+00
 6.12930e+13	1.53e-14	5.46e-07	1.00e+00
 6.36015e+13	1.76e-14	5.87e-07	1.00e+00
 6.61755e+13	2.05e-14	6.35e-07	1.00e+00
 6.85553e+13	2.36e-14	6.81e-07	1.00e+00
 7.06153e+13	2.64e-14	7.22e-07	1.00e+00
 7.28976e+13	2.99e-14	7.70e-07	1.00e+00
 7.56863e+13	3.45e-14	8.30e-07	1.00e+00
 7.85115e+13	3.98e-14	8.94e-07	1.00e+00
 8.10527e+13	4.49e-14	9.52e-07	1.00e+00
 8.38466e+13	5.12e-14	1.02e-06	1.00e+00
 8.71492e+13	5.94e-14	1.10e-06	1.00e+00
 9.04026e+13	6.85e-14	1.19e-06	1.00e+00
 9.33784e+13	7.75e-14	1.27e-06	1.00e+00
 9.67040e+13	8.85e-14	1.36e-06	1.00e+00
 1.00570e+14	1.03e-13	1.47e-06	1.00e+00
 1.04370e+14	1.18e-13	1.59e-06	1.00e+00
 1.07972e+14	1.35e-13	1.70e-06	1.00e+00
 1.11972e+14	1.55e-13	1.83e-06	1.00e+00
 1.16480e+14	1.80e-13	1.98e-06	1.00e+00
 1.20768e+14	2.06e-13	2.14e-06	1.00e+00
 1.24676e+14	2.32e-13	2.28e-06	1.00e+00
 1.29087e+14	2.64e-13	2.44e-06	1.00e+00
 1.34227e+14	3.05e-13	2.64e-06	1.00e+00
 1.39165e+14	3.49e-13	2.85e-06	1.00e+00
 1.43632e+14	3.92e-13	3.04e-06	1.00e+00
 1.47823e+14	4.35e-13	3.22e-06	1.00e+00
 1.52458e+14	4.87e-13	3.42e-06	1.00e+00
 1.57639e+14	5.49e-13	3.67e-06	1.00e+00
 1.62530e+14	6.14e-13	3.90e-06	1.00e+00
 1.67889e+14	6.90e-13	4.17e-06	1.00e+00
 1.73875e+14	7.83e-13	4.47e-06	1.00e+00
 1.79543e+14	8.79e-13	4.77e-06	1.00e+00
 1.85781e+14	9.92e-13	5.11e-06	1.00e+00
 1.92676e+14	1.13e-12	5.51e-06	1.00e+00
 1.99038e+14	1.27e-12	5.88e-06	1.00e+00
 2.05924e+14	1.43e-12	6.30e-06	1.00e+00
 2.13616e+14	1.62e-12	6.80e-06	1.00e+00
 2.20846e+14	1.82e-12	7.27e-06	1.00e+00
 2.28730e+14	2.06e-12	7.82e-06	1.00e+00
 2.37481e+14	2.35e-12	8.44e-06	1.00e+00
 2.45667e+14	2.65e-12	9.06e-06	1.00e+00
 2.54565e+14	3.00e-12	9.74e-06	1.00e+00
 2.64492e+14	3.43e-12	1.05e-05	1.00e+00
 2.73910e+14	3.86e-12	1.13e-05	1.00e+00
 2.83988e+14	4.38e-12	1.22e-05	1.00e+00
 2.95378e+14	5.02e-12	1.33e-05	1.00e+00
 3.06586e+14	5.73e-12	1.44e-05	1.00e+00
 3.18243e+14	6.52e-12	1.55e-05	1.00e+00
 3.31003e+14	7.50e-12	1.69e-05	1.00e+00
 3.43568e+14	8.54e-12	1.83e-05	1.00e+00
 3.53976e+14	9.50e-12	1.95e-05	1.00e+00
 3.62331e+14	1.03e-11	2.05e-05	1.00e+00
 3.71548e+14	1.13e-11	2.16e-05	1.00e+00
 3.83529e+14	1.27e-11	2.32e-05	1.00e+00
 3.96385e+14	1.42e-11	2.49e-05	1.00e+00
 4.07820e+14	1.58e-11	2.65e-05	1.00e+00
 4.20125e+14	1.76e-11	2.83e-05	1.00e+00
 4.35637e+14	2.01e-11	3.07e-05	1.00e+00
 4.51373e+14	2.29e-11	3.32e-05	1.00e+00
 4.64846e+14	2.55e-11	3.54e-05	1.00e+00
 4.79321e+14	2.85e-11	3.79e-05	1.00e+00
 4.97268e+14	3.28e-11	4.12e-05	1.00e+00
 5.15556e+14	3.76e-11	4.47e-05	1.00e+00
 5.31673e+14	4.22e-11	4.79e-05	1.00e+00
 5.49138e+14	4.74e-11	5.15e-05	1.00e+00
 5.70204e+14	5.50e-11	5.61e-05	1.00e+00
 5.91120e+14	6.31e-11	6.09e-05	1.00e+00
 6.09791e+14	7.05e-11	6.53e-05	1.00e+00
 6.30378e+14	8.07e-11	7.04e-05	1.00e+00
 6.54870e+14	9.34e-11	7.68e-05	1.00e+00
 6.79207e+14	1.08e-10	8.35e-05	1.00e+00
 7.01568e+14	1.21e-10	8.97e-05	1.00e+00
 7.26591e+14	1.40e-10	9.72e-05	1.00e+00
 7.55564e+14	1.63e-10	1.06e-04	1.00e+00
 7.84047e+14	1.88e-10	1.16e-04	1.00e+00
 8.11351e+14	2.15e-10	1.25e-04	1.00e+00
 8.35295e+14	2.41e-10	1.33e-04	1.00e+00
 8.55013e+14	2.65e-10	1.41e-04	1.00e+00
 8.76695e+14	2.93e-10	1.49e-04	1.00e+00
 9.04882e+14	3.32e-10	1.60e-04	1.00e+00
 9.34602e+14	3.78e-10	1.72e-04	1.00e+00
 9.60233e+14	4.21e-10	1.83e-04	1.00e+00
 9.87468e+14	4.69e-10	1.95e-04	1.00e+00
 1.02287e+15	5.41e-10	2.11e-04	1.00e+00
 1.05945e+15	6.23e-10	2.28e-04	1.00e+00
 1.09012e+15	6.96e-10	2.43e-04	1.00e+00
 1.12256e+15	7.84e-10	2.60e-04	1.00e+00
 1.16373e+15	9.11e-10	2.82e-04	1.00e+00
 1.20683e+15	1.05e-09	3.06e-04	1.00e+00
 1.24532e+15	1.18e-09	3.28e-04	1.00e+00
 1.28721e+15	1.35e-09	3.53e-04	1.00e+00
 1.33712e+15	1.60e-09	3.84e-04	1.00e+00
 1.38645e+15	1.82e-09	4.16e-04	1.00e+00
 1.43131e+15	2.08e-09	4.47e-04	1.00e+00
 1.48133e+15	2.39e-09	4.82e-04	1.00e+00
 1.53980e+15	2.85e-09	5.25e-04	9.99e-01
 1.59740e+15	3.29e-09	5.69e-04	9.99e-01
 1.65168e+15	3.78e-09	6.13e-04	9.99e-01
 1.71216e+15	4.32e-09	6.63e-04	9.99e-01
 1.78067e+15	5.19e-09	7.24e-04	9.99e-01
 1.83805e+15	5.90e-09	7.76e-04	9.99e-01
 1.87920e+15	6.46e-09	8.14e-04	9.99e-01
 1.92219e+15	7.10e-09	8.55e-04	9.99e-01
 1.97809e+15	7.87e-09	9.10e-04	9.99e-01
 2.04055e+15	9.12e-09	9.76e-04	9.99e-01
 2.09889e+15	1.02e-08	1.04e-03	9.99e-01
 2.16210e+15	1.14e-08	1.10e-03	9.99e-01
 2.23333e+15	1.32e-08	1.19e-03	9.99e-01
 2.30084e+15	1.49e-08	1.26e-03	9.99e-01
 2.37444e+15	1.67e-08	1.35e-03	9.99e-01
 2.45705e+15	1.96e-08	1.46e-03	9.99e-01
 2.53524e+15	2.22e-08	1.56e-03	9.98e-01
 2.62078e+15	2.52e-08	1.68e-03	9.98e-01
 2.71604e+15	2.98e-08	1.81e-03	9.98e-01
 2.80443e+15	3.39e-08	1.94e-03	9.98e-01
 2.89984e+15	3.84e-08	2.09e-03	9.98e-01
 3.00648e+15	4.56e-08	2.26e-03	9.98e-01
 3.10614e+15	5.19e-08	2.43e-03	9.98e-01
 3.21412e+15	5.91e-08	2.61e-03	9.97e-01
 3.33480e+15	7.06e-08	2.84e-03	9.97e-01
 3.44802e+15	8.10e-08	3.05e-03	9.97e-01
 3.55215e+15	9.19e-08	3.26e-03	9.97e-01
 3.66842e+15	1.05e-07	3.50e-03	9.97e-01
 3.79911e+15	1.23e-07	3.79e-03	9.96e-01
 3.92234e+15	1.39e-07	4.06e-03	9.96e-01
 4.02873e+15	1.55e-07	4.31e-03	9.96e-01
 4.13942e+15	1.74e-07	4.59e-03	9.95e-01
 4.26237e+15	2.01e-07	4.91e-03	9.95e-01
 4.37294e+15	2.24e-07	5.20e-03	9.95e-01
 4.48836e+15	2.50e-07	5.52e-03	9.94e-01
 4.63841e+15	2.92e-07	5.97e-03	9.94e-01
 4.78996e+15	3.29e-07	6.42e-03	9.94e-01
 4.91678e+15	3.77e-07	6.85e-03	9.93e-01
 5.05493e+15	4.25e-07	7.32e-03	9.93e-01
 5.20961e+15	4.91e-07	7.88e-03	9.92e-01
 5.35441e+15	5.56e-07	8.43e-03	9.92e-01
 5.51130e+15	6.25e-07	9.07e-03	9.91e-01
 5.68425e+15	7.38e-07	9.83e-03	9.90e-01
 5.84106e+15	8.38e-07	1.06e-02	9.89e-01
 6.00790e+15	9.44e-07	1.14e-02	9.89e-01
 6.18869e+15	1.12e-06	1.24e-02	9.88e-01
 6.34543e+15	1.27e-06	1.33e-02	9.87e-01
 6.50703e+15	1.43e-06	1.43e-02	9.86e-01
 6.68485e+15	1.63e-06	1.54e-02	9.85e-01
 6.84834e+15	1.90e-06	1.67e-02	9.83e-01
 6.99556e+15	2.13e-06	1.78e-02	9.82e-01
 7.12934e+15	2.38e-06	1.90e-02	9.81e-01
 7.25621e+15	2.63e-06	2.02e-02	9.80e-01
 7.40178e+15	2.92e-06	2.16e-02	9.78e-01
 7.59102e+15	3.50e-06	2.38e-02	9.76e-01
 7.78085e+15	4.11e-06	2.62e-02	9.74e-01
 7.93160e+15	4.66e-06	2.83e-02	9.72e-01
 8.06652e+15	5.26e-06	3.04e-02	9.70e-01
 8.19805e+15	5.92e-06	3.27e-02	9.67e-01
 8.32616e+15	6.63e-06	3.52e-02	9.65e-01
 8.47248e+15	7.65e-06	3.84e-02	9.62e-01
 8.63722e+15	8.83e-06	4.25e-02	9.58e-01
 8.79440e+15	1.07e-05	4.71e-02	9.53e-01
 8.93044e+15	1.23e-05	5.17e-02	9.48e-01
 9.04759e+15	1.41e-05	5.62e-02	9.44e-01
 9.17699e+15	1.64e-05	6.20e-02	9.38e-01
 9.31718e+15	1.90e-05	6.91e-02	9.31e-01
 9.44895e+15	2.32e-05	7.73e-02	9.23e-01
 9.55212e+15	2.65e-05	8.46e-02	9.15e-01
 9.62804e+15	2.95e-05	9.09e-02	9.09e-01
 9.71427e+15	3.37e-05	9.90e-02	9.01e-01
 9.82636e+15	3.91e-05	1.11e-01	8.89e-01
 9.95273e+15	4.91e-05	1.28e-01	8.72e-01
 1.00402e+16	5.68e-05	1.41e-01	8.59e-01
 1.00811e+16	6.15e-05	1.48e-01	8.52e-01
 1.01190e+16	6.63e-05	1.55e-01	8.45e-01
 1.01684e+16	7.29e-05	1.65e-01	8.34e-01
 1.02325e+16	8.14e-05	1.80e-01	8.20e-01
 1.03159e+16	9.80e-05	2.02e-01	7.98e-01
 1.03864e+16	1.13e-04	2.23e-01	7.77e-01
 1.04264e+16	1.24e-04	2.36e-01	7.64e-01
 1.04644e+16	1.35e-04	2.50e-01	7.50e-01
 1.05139e+16	1.49e-04	2.70e-01	7.30e-01
 1.05782e+16	1.76e-04	2.98e-01	7.02e-01
 1.06349e+16	1.98e-04	3.25e-01	6.75e-01
 1.06816e+16	2.22e-04	3.50e-01	6.50e-01
 1.07320e+16	2.52e-04	3.78e-01	6.22e-01
 1.07737e+16	2.78e-04	4.03e-01	5.97e-01
 1.08145e+16	3.07e-04	4.29e-01	5.70e-01
 1.08676e+16	3.47e-04	4.65e-01	5.35e-01
 1.09230e+16	3.93e-04	5.03e-01	4.97e-01
 1.09701e+16	4.35e-04	5.36e-01	4.63e-01
 1.10201e+16	4.86e-04	5.73e-01	4.26e-01
 1.10759e+16	5.44e-04	6.13e-01	3.87e-01
 1.11294e+16	6.01e-04	6.50e-01	3.50e-01
 1.11890e+16	6.70e-04	6.90e-01	3.10e-01
 1.12556e+16	7.46e-04	7.30e-01	2.69e-01
 1.13078e+16	8.03e-04	7.58e-01	2.41e-01
 1.13429e+16	8.42e-04	7.76e-01	2.23e-01
 1.13797e+16	8.86e-04	7.94e-01	2.05e-01
 1.14276e+16	9.43e-04	8.16e-01	1.83e-01
 1.14811e+16	1.00e-03	8.37e-01	1.62e-01
 1.15321e+16	1.06e-03	8.55e-01	1.44e-01
 1.15882e+16	1.12e-03	8.73e-01	1.26e-01
 1.16482e+16	1.19e-03	8.89e-01	1.10e-01
 1.17004e+16	1.24e-03	9.01e-01	9.80e-02
 1.17479e+16	1.30e-03	9.11e-01	8.80e-02
 1.18024e+16	1.36e-03	9.21e-01	7.79e-02
 1.18617e+16	1.43e-03	9.30e-01	6.86e-02
 1.19146e+16	1.49e-03	9.37e-01	6.15e-02
 1.19629e+16	1.55e-03	9.43e-01	5.56e-02
 1.20174e+16	1.62e-03	9.49e-01	4.96e-02
 1.20763e+16	1.69e-03	9.54e-01	4.41e-02
 1.21278e+16	1.77e-03	9.58e-01	4.00e-02
 1.21743e+16	1.83e-03	9.62e-01	3.66e-02
 1.22272e+16	1.91e-03	9.65e-01	3.30e-02
 1.22843e+16	2.01e-03	9.68e-01	2.97e-02
 1.23344e+16	2.09e-03	9.71e-01	2.72e-02
 1.23781e+16	2.18e-03	9.73e-01	2.52e-02
 1.24260e+16	2.27e-03	9.75e-01	2.31e-02
 1.24786e+16	2.39e-03	9.77e-01	2.11e-02
 1.25257e+16	2.50e-03	9.78e-01	1.95e-02
 1.25677e+16	2.61e-03	9.79e-01	1.82e-02
 1.26144e+16	2.74e-03	9.80e-01	1.68e-02
 1.26650e+16	2.89e-03	9.82e-01	1.55e-02
 1.27094e+16	3.04e-03	9.83e-01	1.44e-02
 1.27492e+16	3.19e-03	9.83e-01	1.36e-02
 1.27940e+16	3.36e-03	9.84e-01	1.26e-02
 1.28428e+16	3.58e-03	9.85e-01	1.17e-02
 1.28860e+16	3.80e-03	9.85e-01	1.10e-02
 1.29249e+16	4.02e-03	9.86e-01	1.04e-02
 1.29689e+16	4.29e-03	9.86e-01	9.69e-03
 1.30176e+16	4.62e-03	9.86e-01	9.03e-03
 1.30618e+16	4.97e-03	9.87e-01	8.48e-03
 1.31024e+16	5.33e-03	9.87e-01	8.01e-03
 1.31483e+16	5.80e-03	9.87e-01	7.49e-03
 1.31980e+16	6.40e-03	9.87e-01	6.99e-03
 1.32408e+16	7.02e-03	9.86e-01	6.60e-03
 1.32769e+16	7.60e-03	9.86e-01	6.31e-03
 1.33162e+16	8.35e-03	9.86e-01	5.97e-03
 1.33594e+16	9.32e-03	9.85e-01	5.65e-03
 1.33943e+16	1.03e-02	9.84e-01	5.41e-03
 1.34191e+16	1.11e-02	9.84e-01	5.26e-03
 1.34439e+16	1.20e-02	9.83e-01	5.08e-03
 1.34762e+16	1.33e-02	9.82e-01	4.88e-03
 1.35081e+16	1.49e-02	9.80e-01	4.71e-03
 1.35316e+16	1.64e-02	9.79e-01	4.58e-03
 1.35502e+16	1.76e-02	9.78e-01	4.50e-03
 1.35705e+16	1.92e-02	9.76e-01	4.39e-03
 1.35969e+16	2.15e-02	9.74e-01	4.29e-03
 1.36234e+16	2.44e-02	9.71e-01	4.19e-03
 1.36430e+16	2.70e-02	9.69e-01	4.13e-03
 1.36588e+16	2.94e-02	9.66e-01	4.08e-03
 1.36763e+16	3.24e-02	9.64e-01	4.03e-03
 1.36991e+16	3.69e-02	9.59e-01	3.99e-03
 1.37221e+16	4.26e-02	9.53e-01	3.97e-03
 1.37397e+16	4.80e-02	9.48e-01	3.95e-03
 1.37536e+16	5.27e-02	9.43e-01	3.96e-03
 1.37685e+16	5.88e-02	9.37e-01	3.96e-03
 1.37850e+16	6.63e-02	9.30e-01	4.00e-03
 1.38005e+16	7.46e-02	9.21e-01	4.03e-03
 1.38142e+16	8.34e-02	9.12e-01	4.06e-03
 1.38268e+16	9.23e-02	9.04e-01	4.13e-03
 1.38381e+16	1.02e-01	8.94e-01	4.17e-03
 1.38484e+16	1.11e-01	8.85e-01	4.23e-03
 1.38581e+16	1.21e-01	8.75e-01	4.28e-03
 1.38654e+16	1.29e-01	8.67e-01	4.33e-03
 1.38701e+16	1.34e-01	8.61e-01	4.36e-03
 1.38746e+16	1.40e-01	8.56e-01	4.39e-03
 1.38800e+16	1.47e-01	8.48e-01	4.42e-03
 1.38857e+16	1.55e-01	8.41e-01	4.46e-03
 1.38911e+16	1.63e-01	8.33e-01	4.50e-03
 1.38963e+16	1.71e-01	8.25e-01	4.54e-03
 1.39014e+16	1.79e-01	8.16e-01	4.57e-03
 1.39066e+16	1.88e-01	8.07e-01	4.62e-03
 1.39117e+16	1.98e-01	7.98e-01	4.65e-03
 1.39167e+16	2.07e-01	7.88e-01	4.70e-03
 1.39217e+16	2.17e-01	7.78e-01	4.74e-03
 1.39267e+16	2.28e-01	7.67e-01	4.77e-03
 1.39316e+16	2.39e-01	7.56e-01	4.81e-03
 1.39364e+16	2.50e-01	7.45e-01	4.85e-03
 1.39413e+16	2.62e-01	7.33e-01	4.88e-03
 1.39461e+16	2.74e-01	7.21e-01	4.92e-03
 1.39508e+16	2.87e-01	7.08e-01	4.94e-03
 1.39556e+16	2.99e-01	6.96e-01	4.98e-03
 1.39603e+16	3.13e-01	6.82e-01	5.01e-03
 1.39650e+16	3.27e-01	6.68e-01	5.03e-03
 1.39695e+16	3.41e-01	6.54e-01	5.05e-03
 1.39740e+16	3.56e-01	6.39e-01	5.07e-03
 1.39786e+16	3.71e-01	6.24e-01	5.08e-03
 1.39831e+16	3.86e-01	6.09e-01	5.10e-03
 1.39876e+16	4.02e-01	5.93e-01	5.09e-03
 1.39920e+16	4.17e-01	5.77e-01	5.11e-03
 1.39964e+16	4.34e-01	5.61e-01	5.11e-03
 1.40007e+16	4.50e-01	5.45e-01	5.09e-03
 1.40050e+16	4.67e-01	5.28e-01	5.08e-03
 1.40093e+16	4.83e-01	5.12e-01	5.07e-03
 1.40135e+16	4.99e-01	4.96e-01	5.05e-03
 1.40176e+16	5.16e-01	4.79e-01	5.01e-03
 1.40217e+16	5.32e-01	4.63e-01	4.98e-03
 1.40258e+16	5.48e-01	4.47e-01	4.94e-03
 1.40298e+16	5.64e-01	4.31e-01	4.91e-03
 1.40337e+16	5.79e-01	4.16e-01	4.86e-03
 1.40376e+16	5.95e-01	4.01e-01	4.81e-03
 1.40414e+16	6.10e-01	3.85e-01	4.75e-03
 1.40453e+16	6.25e-01	3.70e-01	4.69e-03
 1.40491e+16	6.40e-01	3.56e-01	4.62e-03
 1.40530e+16	6.54e-01	3.41e-01	4.54e-03
 1.40568e+16	6.68e-01	3.27e-01	4.46e-03
 1.40606e+16	6.82e-01	3.14e-01	4.38e-03
 1.40644e+16	6.95e-01	3.00e-01	4.30e-03
 1.40682e+16	7.08e-01	2.88e-01	4.21e-03
 1.40720e+16	7.21e-01	2.75e-01	4.11e-03
 1.40759e+16	7.33e-01	2.63e-01	4.01e-03
 1.40799e+16	7.46e-01	2.51e-01	3.91e-03
 1.40839e+16	7.57e-01	2.39e-01	3.81e-03
 1.40877e+16	7.68e-01	2.29e-01	3.71e-03
 1.40908e+16	7.76e-01	2.20e-01	3.62e-03
 1.40939e+16	7.84e-01	2.13e-01	3.53e-03
 1.40970e+16	7.92e-01	2.05e-01	3.44e-03
 1.41001e+16	7.99e-01	1.98e-01	3.36e-03
 1.41031e+16	8.06e-01	1.91e-01	3.28e-03
 1.41061e+16	8.12e-01	1.84e-01	3.20e-03
 1.41092e+16	8.19e-01	1.78e-01	3.12e-03
 1.41121e+16	8.24e-01	1.73e-01	3.05e-03
 1.41151e+16	8.30e-01	1.67e-01	2.98e-03
 1.41180e+16	8.35e-01	1.62e-01	2.90e-03
 1.41210e+16	8.40e-01	1.57e-01	2.84e-03
 1.41240e+16	8.44e-01	1.53e-01	2.77e-03
 1.41270e+16	8.49e-01	1.48e-01	2.70e-03
 1.41301e+16	8.53e-01	1.44e-01	2.64e-03
 1.41332e+16	8.57e-01	1.40e-01	2.58e-03
 1.41364e+16	8.61e-01	1.37e-01	2.51e-03
 1.41397e+16	8.64e-01	1.33e-01	2.46e-03
 1.41430e+16	8.68e-01	1.30e-01	2.40e-03
 1.41465e+16	8.71e-01	1.26e-01	2.35e-03
 1.41500e+16	8.74e-01	1.23e-01	2.29e-03
 1.41537e+16	8.78e-01	1.20e-01	2.24e-03
 1.41575e+16	8.80e-01	1.17e-01	2.19e-03
 1.41614e+16	8.83e-01	1.15e-01	2.14e-03
 1.41656e+16	8.86e-01	1.12e-01	2.09e-03
 1.41701e+16	8.88e-01	1.10e-01	2.04e-03
 1.41748e+16	8.91e-01	1.07e-01	1.99e-03
 1.41799e+16	8.93e-01	1.05e-01	1.95e-03
 1.41853e+16	8.95e-01	1.03e-01	1.90e-03
 1.41912e+16	8.97e-01	1.01e-01	1.86e-03
 1.41977e+16	8.99e-01	9.88e-02	1.81e-03
 1.42048e+16	9.01e-01	9.69e-02	1.77e-03
 1.42127e+16	9.03e-01	9.51e-02	1.73e-03
 1.42215e+16	9.05e-01	9.34e-02	1.68e-03
 1.42315e+16	9.07e-01	9.17e-02	1.63e-03
 1.42430e+16	9.08e-01	9.00e-02	1.59e-03
 1.42562e+16	9.10e-01	8.83e-02	1.54e-03
 1.42713e+16	9.12e-01	8.66e-02	1.49e-03
 1.42884e+16	9.14e-01	8.49e-02	1.43e-03
 1.43078e+16	9.16e-01	8.31e-02	1.37e-03
 1.43296e+16	9.17e-01	8.12e-02	1.31e-03
 1.43548e+16	9.20e-01	7.92e-02	1.24e-03
 1.43846e+16	9.22e-01	7.68e-02	1.17e-03
 1.44162e+16	9.24e-01	7.45e-02	1.09e-03
 1.44464e+16	9.27e-01	7.24e-02	1.03e-03
 1.44743e+16	9.29e-01	7.05e-02	9.73e-04
 1.44997e+16	9.30e-01	6.88e-02	9.25e-04
 1.45229e+16	9.32e-01	6.73e-02	8.83e-04
 1.45440e+16	9.33e-01	6.59e-02	8.46e-04
 1.45631e+16	9.34e-01	6.47e-02	8.14e-04
 1.45806e+16	9.36e-01	6.36e-02	7.85e-04
 1.45964e+16	9.37e-01	6.27e-02	7.61e-04
 1.46138e+16	9.38e-01	6.16e-02	7.34e-04
 1.46326e+16	9.39e-01	6.05e-02	7.06e-04
 1.46497e+16	9.40e-01	5.94e-02	6.81e-04
 1.46652e+16	9.41e-01	5.85e-02	6.60e-04
 1.46823e+16	9.42e-01	5.75e-02	6.37e-04
 1.47007e+16	9.43e-01	5.65e-02	6.12e-04
 1.47174e+16	9.44e-01	5.55e-02	5.91e-04
 1.47326e+16	9.45e-01	5.47e-02	5.72e-04
 1.47465e+16	9.46e-01	5.39e-02	5.56e-04
 1.47617e+16	9.46e-01	5.30e-02	5.37e-04
 1.47781e+16	9.47e-01	5.22e-02	5.19e-04
 1.47930e+16	9.48e-01	5.14e-02	5.02e-04
 1.48066e+16	9.49e-01	5.06e-02	4.88e-04
 1.48215e+16	9.50e-01	4.98e-02	4.71e-04
 1.48375e+16	9.51e-01	4.90e-02	4.55e-04
 1.48522e+16	9.51e-01	4.82e-02	4.40e-04
 1.48655e+16	9.52e-01	4.75e-02	4.28e-04
 1.48776e+16	9.53e-01	4.69e-02	4.15e-04
 1.48886e+16	9.53e-01	4.63e-02	4.06e-04
 1.49006e+16	9.54e-01	4.57e-02	3.95e-04
 1.49137e+16	9.55e-01	4.51e-02	3.83e-04
 1.49255e+16	9.55e-01	4.45e-02	3.73e-04
 1.49363e+16	9.56e-01	4.39e-02	3.63e-04
 1.49482e+16	9.56e-01	4.33e-02	3.53e-04
 1.49609e+16	9.57e-01	4.27e-02	3.43e-04
 1.49725e+16	9.57e-01	4.22e-02	3.34e-04
 1.49831e+16	9.58e-01	4.17e-02	3.26e-04
 1.49947e+16	9.59e-01	4.11e-02	3.17e-04
 1.50072e+16	9.59e-01	4.05e-02	3.08e-04
 1.50186e+16	9.60e-01	4.00e-02	3.00e-04
 1.50289e+16	9.60e-01	3.95e-02	2.93e-04
 1.50403e+16	9.61e-01	3.90e-02	2.85e-04
 1.50525e+16	9.61e-01	3.85e-02	2.77e-04
 1.50637e+16	9.62e-01	3.80e-02	2.70e-04
 1.50759e+16	9.62e-01	3.74e-02	2.62e-04
 1.50891e+16	9.63e-01	3.69e-02	2.54e-04
 1.51011e+16	9.63e-01	3.64e-02	2.47e-04
 1.51120e+16	9.64e-01	3.59e-02	2.41e-04
 1.51240e+16	9.64e-01	3.54e-02	2.34e-04
 1.51369e+16	9.65e-01	3.49e-02	2.28e-04
 1.51487e+16	9.65e-01	3.45e-02	2.22e-04
 1.51594e+16	9.66e-01	3.41e-02	2.16e-04
 1.51711e+16	9.66e-01	3.36e-02	2.10e-04
 1.51838e+16	9.67e-01	3.32e-02	2.05e-04
 1.51953e+16	9.67e-01	3.27e-02	2.00e-04
 1.52079e+16	9.68e-01	3.22e-02	1.94e-04
 1.52215e+16	9.68e-01	3.18e-02	1.88e-04
 1.52339e+16	9.68e-01	3.14e-02	1.83e-04
 1.52475e+16	9.69e-01	3.09e-02	1.78e-04
 1.52622e+16	9.69e-01	3.04e-02	1.73e-04
 1.52755e+16	9.70e-01	3.00e-02	1.68e-04
 1.52902e+16	9.70e-01	2.95e-02	1.62e-04
 1.53060e+16	9.71e-01	2.90e-02	1.57e-04
 1.53203e+16	9.71e-01	2.86e-02	1.53e-04
 1.53334e+16	9.72e-01	2.82e-02	1.48e-04
 1.53477e+16	9.72e-01	2.78e-02	1.44e-04
 1.53632e+16	9.73e-01	2.73e-02	1.39e-04
 1.53773e+16	9.73e-01	2.69e-02	1.35e-04
 1.53927e+16	9.73e-01	2.65e-02	1.31e-04
 1.54094e+16	9.74e-01	2.61e-02	1.27e-04
 1.54245e+16	9.74e-01	2.57e-02	1.23e-04
 1.54383e+16	9.75e-01	2.53e-02	1.20e-04
 1.54534e+16	9.75e-01	2.49e-02	1.16e-04
 1.54697e+16	9.75e-01	2.45e-02	1.12e-04
 1.54846e+16	9.76e-01	2.42e-02	1.09e-04
 1.55009e+16	9.76e-01	2.38e-02	1.06e-04
 1.55184e+16	9.77e-01	2.34e-02	1.02e-04
 1.55344e+16	9.77e-01	2.30e-02	9.91e-05
 1.55519e+16	9.77e-01	2.26e-02	9.57e-05
 1.55708e+16	9.78e-01	2.22e-02	9.24e-05
 1.55880e+16	9.78e-01	2.19e-02	8.95e-05
 1.56037e+16	9.78e-01	2.15e-02	8.69e-05
 1.56209e+16	9.79e-01	2.12e-02	8.40e-05
 1.56394e+16	9.79e-01	2.08e-02	8.13e-05
 1.56562e+16	9.79e-01	2.05e-02	7.88e-05
 1.56747e+16	9.80e-01	2.01e-02	7.61e-05
 1.56946e+16	9.80e-01	1.98e-02	7.35e-05
 1.57128e+16	9.80e-01	1.95e-02	7.11e-05
 1.57327e+16	9.81e-01	1.91e-02	6.86e-05
 1.57541e+16	9.81e-01	1.87e-02	6.60e-05
 1.57737e+16	9.82e-01	1.84e-02	6.38e-05
 1.57915e+16	9.82e-01	1.81e-02	6.19e-05
 1.58109e+16	9.82e-01	1.78e-02	5.98e-05
 1.58320e+16	9.82e-01	1.75e-02	5.77e-05
 1.58511e+16	9.83e-01	1.72e-02	5.59e-05
 1.58721e+16	9.83e-01	1.69e-02	5.38e-05
 1.58947e+16	9.83e-01	1.66e-02	5.18e-05
 1.59153e+16	9.84e-01	1.63e-02	5.01e-05
 1.59379e+16	9.84e-01	1.60e-02	4.82e-05
 1.59623e+16	9.84e-01	1.57e-02	4.64e-05
 1.59844e+16	9.85e-01	1.54e-02	4.47e-05
 1.60088e+16	9.85e-01	1.51e-02	4.29e-05
 1.60350e+16	9.85e-01	1.48e-02	4.12e-05
 1.60589e+16	9.85e-01	1.45e-02	3.97e-05
 1.60850e+16	9.86e-01	1.42e-02	3.80e-05
 1.61133e+16	9.86e-01	1.39e-02	3.64e-05
 1.61390e+16	9.86e-01	1.36e-02	3.50e-05
 1.61671e+16	9.87e-01	1.33e-02	3.35e-05
 1.61976e+16	9.87e-01	1.30e-02	3.20e-05
 1.62252e+16	9.87e-01	1.27e-02	3.07e-05
 1.62504e+16	9.87e-01	1.25e-02	2.96e-05
 1.62780e+16	9.88e-01	1.22e-02	2.84e-05
 1.63078e+16	9.88e-01	1.20e-02	2.72e-05
 1.63349e+16	9.88e-01	1.17e-02	2.62e-05
 1.63646e+16	9.89e-01	1.15e-02	2.50e-05
 1.63967e+16	9.89e-01	1.12e-02	2.39e-05
 1.64258e+16	9.89e-01	1.10e-02	2.29e-05
 1.64578e+16	9.89e-01	1.07e-02	2.19e-05
 1.64923e+16	9.90e-01	1.05e-02	2.09e-05
 1.65238e+16	9.90e-01	1.02e-02	2.00e-05
 1.65582e+16	9.90e-01	9.98e-03	1.91e-05
 1.65954e+16	9.90e-01	9.73e-03	1.81e-05
 1.66292e+16	9.90e-01	9.51e-03	1.73e-05
 1.66662e+16	9.91e-01	9.27e-03	1.65e-05
 1.67062e+16	9.91e-01	9.03e-03	1.56e-05
 1.67426e+16	9.91e-01	8.82e-03	1.49e-05
 1.67825e+16	9.91e-01	8.58e-03	1.41e-05
 1.68256e+16	9.92e-01	8.34e-03	1.34e-05
 1.68648e+16	9.92e-01	8.14e-03	1.27e-05
 1.69078e+16	9.92e-01	7.91e-03	1.20e-05
 1.69541e+16	9.92e-01	7.68e-03	1.14e-05
 1.69963e+16	9.93e-01	7.49e-03	1.08e-05
 1.70426e+16	9.93e-01	7.27e-03	1.02e-05
 1.71027e+16	9.93e-01	6.99e-03	9.44e-06
 1.71725e+16	9.93e-01	6.70e-03	8.67e-06
 1.72439e+16	9.94e-01	6.42e-03	7.97e-06
 1.73161e+16	9.94e-01	6.15e-03	7.32e-06
 1.73911e+16	9.94e-01	5.88e-03	6.71e-06
 1.74693e+16	9.94e-01	5.62e-03	6.13e-06
 1.75503e+16	9.95e-01	5.36e-03	5.60e-06
 1.76340e+16	9.95e-01	5.12e-03	5.10e-06
 1.77204e+16	9.95e-01	4.88e-03	4.63e-06
 1.78088e+16	9.95e-01	4.64e-03	4.21e-06
 1.78985e+16	9.96e-01	4.42e-03	3.82e-06
 1.79898e+16	9.96e-01	4.21e-03	3.47e-06
 1.80827e+16	9.96e-01	4.01e-03	3.15e-06
 1.81774e+16	9.96e-01	3.82e-03	2.85e-06
 1.82738e+16	9.96e-01	3.63e-03	2.59e-06
 1.83706e+16	9.97e-01	3.46e-03	2.34e-06
 1.84687e+16	9.97e-01	3.29e-03	2.12e-06
 1.85703e+16	9.97e-01	3.12e-03	1.92e-06
 1.86743e+16	9.97e-01	2.97e-03	1.73e-06
 1.87798e+16	9.97e-01	2.82e-03	1.56e-06
 1.88870e+16	9.97e-01	2.67e-03	1.41e-06
 1.89963e+16	9.97e-01	2.54e-03	1.27e-06
 1.91078e+16	9.98e-01	2.40e-03	1.14e-06
 1.92213e+16	9.98e-01	2.28e-03	1.03e-06
 1.93368e+16	9.98e-01	2.16e-03	9.21e-07
 1.94546e+16	9.98e-01	2.04e-03	8.26e-07
 1.95748e+16	9.98e-01	1.93e-03	7.40e-07
 1.96974e+16	9.98e-01	1.83e-03	6.62e-07
 1.98224e+16	9.98e-01	1.73e-03	5.91e-07
 1.99500e+16	9.98e-01	1.63e-03	5.27e-07
 2.00803e+16	9.98e-01	1.54e-03	4.69e-07
 2.02132e+16	9.99e-01	1.45e-03	4.18e-07
 2.03491e+16	9.99e-01	1.36e-03	3.71e-07
 2.04880e+16	9.99e-01	1.28e-03	3.28e-07
 2.06301e+16	9.99e-01	1.21e-03	2.91e-07
 2.07754e+16	9.99e-01	1.13e-03	2.56e-07
 2.09243e+16	9.99e-01	1.06e-03	2.26e-07
 2.10768e+16	9.99e-01	9.97e-04	1.99e-07
 2.12332e+16	9.99e-01	9.33e-04	1.74e-07
 2.13937e+16	9.99e-01	8.72e-04	1.52e-07
 2.15587e+16	9.99e-01	8.14e-04	1.33e-07
 2.17283e+16	9.99e-01	7.58e-04	1.15e-07
 2.19028e+16	9.99e-01	7.07e-04	1.00e-07
 2.20788e+16	9.99e-01	6.58e-04	8.68e-08
 2.22595e+16	9.99e-01	6.11e-04	7.49e-08
 2.24513e+16	9.99e-01	5.65e-04	6.42e-08
 2.26517e+16	9.99e-01	5.21e-04	5.46e-08
 2.28584e+16	1.00e+00	4.80e-04	4.63e-08
 2.30723e+16	1.00e+00	4.41e-04	3.91e-08
 2.32954e+16	1.00e+00	4.03e-04	3.28e-08
 2.35289e+16	1.00e+00	3.68e-04	2.73e-08
 2.37735e+16	1.00e+00	3.34e-04	2.25e-08
 2.40308e+16	1.00e+00	3.02e-04	1.84e-08
 2.43029e+16	1.00e+00	2.72e-04	1.49e-08
 2.45941e+16	1.00e+00	2.43e-04	1.19e-08
 2.49005e+16	1.00e+00	2.16e-04	9.45e-09
 2.52274e+16	1.00e+00	1.91e-04	7.36e-09
 2.55852e+16	1.00e+00	1.67e-04	5.61e-09
 2.59737e+16	1.00e+00	1.44e-04	4.19e-09
 2.63986e+16	1.00e+00	1.23e-04	3.05e-09
 2.68707e+16	1.00e+00	1.03e-04	2.15e-09
 2.74046e+16	1.00e+00	8.48e-05	1.45e-09
 2.80243e+16	1.00e+00	6.77e-05	9.26e-10
 2.87142e+16	1.00e+00	5.30e-05	5.69e-10
 2.94181e+16	1.00e+00	4.15e-05	3.50e-10
 3.01103e+16	1.00e+00	3.28e-05	2.19e-10
 3.07997e+16	1.00e+00	2.60e-05	1.38e-10
 3.15000e+16	1.00e+00	2.06e-05	8.67e-11
 3.22134e+16	1.00e+00	1.63e-05	5.46e-11
 3.29388e+16	1.00e+00	1.30e-05	3.44e-11
 3.36778e+16	1.00e+00	1.03e-05	2.17e-11
 3.44309e+16	1.00e+00	8.14e-06	1.36e-11
 3.51980e+16	1.00e+00	6.46e-06	8.59e-12
 3.59797e+16	1.00e+00	5.12e-06	5.41e-12
 3.67777e+16	1.00e+00	4.06e-06	3.41e-12
 3.75952e+16	1.00e+00	3.21e-06	2.14e-12
 3.84314e+16	1.00e+00	2.54e-06	1.34e-12
 3.92865e+16	1.00e+00	2.01e-06	8.37e-13
 4.01660e+16	1.00e+00	1.58e-06	5.21e-13
 4.10716e+16	1.00e+00	1.24e-06	3.23e-13
 4.20046e+16	1.00e+00	9.76e-07	1.99e-13
 4.29690e+16	1.00e+00	7.63e-07	1.22e-13
 4.39703e+16	1.00e+00	5.94e-07	7.39e-14
 4.50154e+16	1.00e+00	4.59e-07	4.43e-14
 4.61133e+16	1.00e+00	3.53e-07	2.61e-14
 4.72761e+16	1.00e+00	2.68e-07	1.51e-14
 4.85210e+16	1.00e+00	2.01e-07	8.49e-15
 4.98737e+16	1.00e+00	1.48e-07	4.61e-15
 5.13639e+16	1.00e+00	1.06e-07	2.39e-15
 5.29298e+16	1.00e+00	7.62e-08	1.23e-15
 5.44957e+16	1.00e+00	5.51e-08	6.41e-16
 5.60615e+16	1.00e+00	4.01e-08	3.41e-16
 5.76274e+16	1.00e+00	2.95e-08	1.84e-16
 5.91932e+16	1.00e+00	2.18e-08	1.01e-16
 6.07590e+16	1.00e+00	1.62e-08	5.60e-17
 6.23248e+16	1.00e+00	1.22e-08	3.16e-17
 6.39476e+16	1.00e+00	9.09e-09	1.76e-17
 6.56477e+16	1.00e+00	6.74e-09	9.70e-18
 6.73490e+16	1.00e+00	5.05e-09	5.44e-18
 6.90073e+16	1.00e+00	3.83e-09	3.14e-18
 7.06226e+16	1.00e+00	2.95e-09	1.86e-18
 7.22059e+16	1.00e+00	2.29e-09	1.12e-18
 7.37544e+16	1.00e+00	1.80e-09	6.92e-19
 7.52578e+16	1.00e+00	1.43e-09	4.38e-19
 7.67128e+16	1.00e+00	1.15e-09	2.83e-19
 7.81151e+16	1.00e+00	9.33e-10	1.87e-19
 7.94630e+16	1.00e+00	7.67e-10	1.27e-19
 8.07555e+16	1.00e+00	6.37e-10	8.76e-20
 8.19926e+16	1.00e+00	5.35e-10	6.18e-20
 8.31746e+16	1.00e+00	4.54e-10	4.45e-20
 8.43020e+16	1.00e+00	3.89e-10	3.27e-20
 8.53759e+16	1.00e+00	3.36e-10	2.44e-20
 8.63981e+16	1.00e+00	2.93e-10	1.86e-20
 8.73701e+16	1.00e+00	2.57e-10	1.44e-20
 8.82939e+16	1.00e+00	2.28e-10	1.13e-20
 8.91717e+16	1.00e+00	2.03e-10	8.97e-21
 9.00056e+16	1.00e+00	1.82e-10	0.00e+00
 9.07976e+16	1.00e+00	1.65e-10	0.00e+00
 9.15497e+16	1.00e+00	1.50e-10	0.00e+00
 9.22636e+16	1.00e+00	1.37e-10	0.00e+00
 9.29416e+16	1.00e+00	1.26e-10	0.00e+00
 9.35857e+16	1.00e+00	1.16e-10	0.00e+00
 9.41969e+16	1.00e+00	1.07e-10	0.00e+00
 9.47770e+16	1.00e+00	1.00e-10	0.00e+00
 9.53283e+16	1.00e+00	9.36e-11	0.00e+00
 9.58527e+16	1.00e+00	8.76e-11	0.00e+00
 9.63513e+16	1.00e+00	8.24e-11	0.00e+00
 9.68254e+16	1.00e+00	7.78e-11	0.00e+00
 9.72761e+16	1.00e+00	7.38e-11	0.00e+00
 9.77047e+16	1.00e+00	7.00e-11	0.00e+00
 9.81127e+16	1.00e+00	6.66e-11	0.00e+00
 9.85018e+16	1.00e+00	6.36e-11	0.00e+00
 9.88728e+16	1.00e+00	6.08e-11	0.00e+00
 9.92265e+16	1.00e+00	5.83e-11	0.00e+00
 9.95638e+16	1.00e+00	5.61e-11	0.00e+00
 9.98858e+16	1.00e+00	5.39e-11	0.00e+00
 1.00193e+17	1.00e+00	5.20e-11	0.00e+00
 1.00488e+17	1.00e+00	5.02e-11	0.00e+00
 1.00770e+17	1.00e+00	4.86e-11	0.00e+00
 1.01041e+17	1.00e+00	4.71e-11	0.00e+00
 1.01300e+17	1.00e+00	4.57e-11	0.00e+00
 1.01549e+17	1.00e+00	4.44e-11	0.00e+00
 1.01789e+17	1.00e+00	4.32e-11	0.00e+00
 1.02021e+17	1.00e+00	4.20e-11	0.00e+00
 1.02244e+17	1.00e+00	4.10e-11	0.00e+00
 1.02461e+17	1.00e+00	4.00e-11	0.00e+00
 1.02670e+17	1.00e+00	3.90e-11	0.00e+00
 1.02874e+17	1.00e+00	3.81e-11	0.00e+00
 1.03073e+17	1.00e+00	3.72e-11	0.00e+00
 1.03267e+17	1.00e+00	3.64e-11	0.00e+00
 1.03458e+17	1.00e+00	3.56e-11	0.00e+00
 1.03646e+17	1.00e+00	3.49e-11	0.00e+00
 1.03832e+17	1.00e+00	3.41e-11	0.00e+00
 1.04018e+17	1.00e+00	3.34e-11	0.00e+00
 1.04203e+17	1.00e+00	3.27e-11	0.00e+00
 1.04390e+17	1.00e+00	3.20e-11	0.00e+00
 1.04579e+17	1.00e+00	3.13e-11	0.00e+00
 1.04773e+17	1.00e+00	3.06e-11	0.00e+00
 1.04974e+17	1.00e+00	3.00e-11	0.00e+00
 1.05183e+17	1.00e+00	2.93e-11	0.00e+00
 1.05405e+17	1.00e+00	2.85e-11	0.00e+00
 1.05643e+17	1.00e+00	2.78e-11	0.00e+00
 1.05903e+17	1.00e+00	2.70e-11	0.00e+00
 1.06194e+17	1.00e+00	2.61e-11	0.00e+00
 1.06526e+17	1.00e+00	2.51e-11	0.00e+00
 1.06916e+17	1.00e+00	2.40e-11	0.00e+00
 1.07391e+17	1.00e+00	2.27e-11	0.00e+00
 1.07990e+17	1.00e+00	2.12e-11	0.00e+00
 1.08766e+17	1.00e+00	1.94e-11	0.00e+00
 1.09775e+17	1.00e+00	1.73e-11	0.00e+00
 1.11087e+17	1.00e+00	1.50e-11	0.00e+00
 1.12792e+17	1.00e+00	1.24e-11	0.00e+00
 1.15009e+17	1.00e+00	9.80e-12	0.00e+00
 1.17827e+17	1.00e+00	7.31e-12	0.00e+00
 1.20957e+17	1.00e+00	5.36e-12	0.00e+00
 1.24087e+17	1.00e+00	3.97e-12	0.00e+00
 1.27217e+17	1.00e+00	2.98e-12	0.00e+00
 1.30347e+17	1.00e+00	2.27e-12	0.00e+00
 1.33875e+17	1.00e+00	1.68e-12	0.00e+00
 1.37879e+17	1.00e+00	1.22e-12	0.00e+00
 1.42037e+17	1.00e+00	8.99e-13	0.00e+00
 1.46335e+17	1.00e+00	6.74e-13	0.00e+00
 1.50736e+17	1.00e+00	5.17e-13	0.00e+00
 1.55846e+17	1.00e+00	3.95e-13	0.00e+00
 1.61909e+17	1.00e+00	2.87e-13	0.00e+00
 1.68385e+17	1.00e+00	2.15e-13	0.00e+00
 1.75120e+17	1.00e+00	1.68e-13	0.00e+00
 1.82125e+17	1.00e+00	1.36e-13	0.00e+00
 1.89410e+17	1.00e+00	1.11e-13	0.00e+00
 1.96621e+17	1.00e+00	9.18e-14	0.00e+00
 2.03165e+17	1.00e+00	8.10e-14	0.00e+00
 2.08894e+17	1.00e+00	7.58e-14	0.00e+00
 2.14108e+17	1.00e+00	7.16e-14	0.00e+00
 2.19133e+17	1.00e+00	6.59e-14	0.00e+00
 2.23843e+17	1.00e+00	5.91e-14	0.00e+00
 2.27519e+17	1.00e+00	5.42e-14	0.00e+00
 2.29754e+17	1.00e+00	5.32e-14	0.00e+00
 2.30976e+17	1.00e+00	5.34e-14	0.00e+00
 2.31692e+17	1.00e+00	5.35e-14	0.00e+00
 2.32121e+17	1.00e+00	5.36e-14	0.00e+00
 2.32399e+17	1.00e+00	5.36e-14	0.00e+00
 2.32659e+17	1.00e+00	5.36e-14	0.00e+00
 2.32984e+17	1.00e+00	5.36e-14	0.00e+00
 2.33329e+17	1.00e+00	5.35e-14	0.00e+00
 2.33619e+17	1.00e+00	5.34e-14	0.00e+00
 2.33847e+17	1.00e+00	5.32e-14	0.00e+00
 2.34073e+17	1.00e+00	5.31e-14	0.00e+00
 2.34320e+17	1.00e+00	5.30e-14	0.00e+00
 2.34551e+17	1.00e+00	5.28e-14	0.00e+00
 2.34749e+17	1.00e+00	5.26e-14	0.00e+00
 2.34931e+17	1.00e+00	5.25e-14	0.00e+00
 2.35107e+17	1.00e+00	5.23e-14	0.00e+00
 2.35279e+17	1.00e+00	5.22e-14	0.00e+00
 2.35448e+17	1.00e+00	5.20e-14	0.00e+00
 2.35606e+17	1.00e+00	5.19e-14	0.00e+00
 2.35752e+17	1.00e+00	5.17e-14	0.00e+00
 2.35889e+17	1.00e+00	5.15e-14	0.00e+00
 2.36023e+17	1.00e+00	5.14e-14	0.00e+00
 2.36158e+17	1.00e+00	5.12e-14	0.00e+00
 2.36290e+17	1.00e+00	5.11e-14	0.00e+00
 2.36416e+17	1.00e+00	5.09e-14	0.00e+00
 2.36535e+17	1.00e+00	5.08e-14	0.00e+00
 2.36651e+17	1.00e+00	5.06e-14	0.00e+00
 2.36763e+17	1.00e+00	5.05e-14	0.00e+00
 2.36873e+17	1.00e+00	5.03e-14	0.00e+00
 2.36982e+17	1.00e+00	5.02e-14	0.00e+00
 2.37090e+17	1.00e+00	5.00e-14	0.00e+00
 2.37194e+17	1.00e+00	4.98e-14	0.00e+00
 2.37294e+17	1.00e+00	4.97e-14	0.00e+00
 2.37398e+17	1.00e+00	4.95e-14	0.00e+00
 2.37506e+17	1.00e+00	4.93e-14	0.00e+00
 2.37611e+17	1.00e+00	4.91e-14	0.00e+00
 2.37710e+17	1.00e+00	4.90e-14	0.00e+00
 2.37812e+17	1.00e+00	4.88e-14	0.00e+00
 2.37917e+17	1.00e+00	4.86e-14	0.00e+00
 2.38020e+17	1.00e+00	4.84e-14	0.00e+00
 2.38121e+17	1.00e+00	4.83e-14	0.00e+00
 2.38227e+17	1.00e+00	4.81e-14	0.00e+00
 2.38338e+17	1.00e+00	4.78e-14	0.00e+00
 2.38446e+17	1.00e+00	4.76e-14	0.00e+00
 2.38552e+17	1.00e+00	4.74e-14	0.00e+00
 2.38663e+17	1.00e+00	4.72e-14	0.00e+00
 2.38780e+17	1.00e+00	4.70e-14	0.00e+00
 2.38900e+17	1.00e+00	4.67e-14	0.00e+00
 2.39022e+17	1.00e+00	4.65e-14	0.00e+00
 2.39140e+17	1.00e+00	4.62e-14	0.00e+00
 2.39263e+17	1.00e+00	4.60e-14	0.00e+00
 2.39404e+17	1.00e+00	4.57e-14	0.00e+00
 2.39546e+17	1.00e+00	4.54e-14	0.00e+00
 2.39675e+17	1.00e+00	4.51e-14	0.00e+00
 2.39797e+17	1.00e+00	4.48e-14	0.00e+00
 2.39929e+17	1.00e+00	4.46e-14	0.00e+00
 2.40082e+17	1.00e+00	4.42e-14	0.00e+00
 2.40237e+17	1.00e+00	4.38e-14	0.00e+00
 2.40389e+17	1.00e+00	4.35e-14	0.00e+00
 2.40543e+17	1.00e+00	4.32e-14	0.00e+00
 2.40702e+17	1.00e+00	4.28e-14	0.00e+00
 2.40870e+17	1.00e+00	4.24e-14	0.00e+00
 2.41043e+17	1.00e+00	4.20e-14	0.00e+00
 2.41218e+17	1.00e+00	4.16e-14	0.00e+00
 2.41394e+17	1.00e+00	4.12e-14	0.00e+00
 2.41574e+17	1.00e+00	4.07e-14	0.00e+00
 2.41761e+17	1.00e+00	4.03e-14	0.00e+00
 2.41957e+17	1.00e+00	3.99e-14	0.00e+00
 2.42161e+17	1.00e+00	3.93e-14	0.00e+00
 2.42365e+17	1.00e+00	3.89e-14	0.00e+00
 2.42574e+17	1.00e+00	3.84e-14	0.00e+00
 2.42794e+17	1.00e+00	3.78e-14	0.00e+00
 2.43022e+17	1.00e+00	3.73e-14	0.00e+00
 2.43254e+17	1.00e+00	3.67e-14	0.00e+00
 2.43491e+17	1.00e+00	3.62e-14	0.00e+00
 2.43733e+17	1.00e+00	3.56e-14	0.00e+00
 2.43982e+17	1.00e+00	3.50e-14	0.00e+00
 2.44247e+17	1.00e+00	3.44e-14	0.00e+00
 2.44521e+17	1.00e+00	3.37e-14	0.00e+00
 2.44789e+17	1.00e+00	3.30e-14	0.00e+00
 2.45063e+17	1.00e+00	3.24e-14	0.00e+00
 2.45358e+17	1.00e+00	3.17e-14	0.00e+00
 2.45666e+17	1.00e+00	3.10e-14	0.00e+00
 2.45974e+17	1.00e+00	3.03e-14	0.00e+00
 2.46280e+17	1.00e+00	2.95e-14	0.00e+00
 2.46591e+17	1.00e+00	2.88e-14	0.00e+00
 2.46919e+17	1.00e+00	2.81e-14	0.00e+00
 2.47265e+17	1.00e+00	2.73e-14	0.00e+00
 2.47621e+17	1.00e+00	2.65e-14	0.00e+00
 2.47978e+17	1.00e+00	2.57e-14	0.00e+00
 2.48338e+17	1.00e+00	2.49e-14	0.00e+00
 2.48708e+17	1.00e+00	2.41e-14	0.00e+00
 2.49085e+17	1.00e+00	2.33e-14	0.00e+00
 2.49476e+17	1.00e+00	2.25e-14	0.00e+00
 2.49881e+17	1.00e+00	2.17e-14	0.00e+00
 2.50303e+17	1.00e+00	2.09e-14	0.00e+00
 2.50730e+17	1.00e+00	2.00e-14	0.00e+00
 2.51163e+17	1.00e+00	1.92e-14	0.00e+00
 2.51607e+17	1.00e+00	1.84e-14	0.00e+00
 2.52056e+17	1.00e+00	1.75e-14	0.00e+00
 2.52510e+17	1.00e+00	1.68e-14	0.00e+00
 2.53000e+17	1.00e+00	1.60e-14	0.00e+00
 2.53523e+17	1.00e+00	1.51e-14	0.00e+00
 2.54032e+17	1.00e+00	1.42e-14	0.00e+00
 2.54534e+17	1.00e+00	1.35e-14	0.00e+00
 2.55068e+17	1.00e+00	1.27e-14	0.00e+00
 2.55639e+17	1.00e+00	1.19e-14	0.00e+00
 2.56242e+17	1.00e+00	1.11e-14	0.00e+00
 2.56859e+17	1.00e+00	1.03e-14	0.00e+00
 2.57475e+17	1.00e+00	9.60e-15	0.00e+00
 2.58094e+17	1.00e+00	8.90e-15	0.00e+00
 2.58684e+17	1.00e+00	8.23e-15	0.00e+00
 2.59210e+17	1.00e+00	7.67e-15	0.00e+00
 2.59676e+17	1.00e+00	7.20e-15	0.00e+00
 2.60113e+17	1.00e+00	6.79e-15	0.00e+00
 2.60543e+17	1.00e+00	6.41e-15	0.00e+00
 2.60964e+17	1.00e+00	6.06e-15	0.00e+00
 2.61368e+17	1.00e+00	5.72e-15	0.00e+00
 2.61746e+17	1.00e+00	5.41e-15	0.00e+00
 2.62103e+17	1.00e+00	5.14e-15	0.00e+00
 2.62444e+17	1.00e+00	4.89e-15	0.00e+00
 2.62775e+17	1.00e+00	4.65e-15	0.00e+00
 2.63095e+17	1.00e+00	4.42e-15	0.00e+00
 2.63400e+17	1.00e+00	4.22e-15	0.00e+00
 2.63690e+17	1.00e+00	4.02e-15	0.00e+00
 2.63967e+17	1.00e+00	3.85e-15	0.00e+00
 2.64233e+17	1.00e+00	3.67e-15	0.00e+00
 2.64490e+17	1.00e+00	3.52e-15	0.00e+00
 2.64737e+17	1.00e+00	3.37e-15	0.00e+00
 2.64973e+17	1.00e+00	3.24e-15	0.00e+00
 2.65198e+17	1.00e+00	3.11e-15	0.00e+00
 2.65417e+17	1.00e+00	2.99e-15	0.00e+00
 2.65632e+17	1.00e+00	2.88e-15	0.00e+00
 2.65840e+17	1.00e+00	2.77e-15	0.00e+00
 2.66041e+17	1.00e+00	2.67e-15	0.00e+00
 2.66236e+17	1.00e+00	2.58e-15	0.00e+00
 2.66425e+17	1.00e+00	2.49e-15	0.00e+00
 2.66611e+17	1.00e+00	2.41e-15	0.00e+00
 2.66792e+17	1.00e+00	2.32e-15	0.00e+00
 2.66969e+17	1.00e+00	2.25e-15	0.00e+00
 2.67143e+17	1.00e+00	2.18e-15	0.00e+00
 2.67313e+17	1.00e+00	2.11e-15	0.00e+00
 2.67506e+17	1.00e+00	2.04e-15	0.00e+00
 2.67758e+17	1.00e+00	1.96e-15	0.00e+00
 2.68085e+17	1.00e+00	1.85e-15	0.00e+00
 2.68511e+17	1.00e+00	1.72e-15	0.00e+00
 2.69064e+17	1.00e+00	1.56e-15	0.00e+00
 2.69780e+17	1.00e+00	1.38e-15	0.00e+00
 2.70575e+17	1.00e+00	1.18e-15	0.00e+00
 2.71284e+17	1.00e+00	1.01e-15	0.00e+00
 2.71861e+17	1.00e+00	8.88e-16	0.00e+00
 2.72367e+17	1.00e+00	8.00e-16	0.00e+00
 2.72884e+17	1.00e+00	7.25e-16	0.00e+00
 2.73455e+17	1.00e+00	6.50e-16	0.00e+00
 2.74059e+17	1.00e+00	5.76e-16	0.00e+00
 2.74650e+17	1.00e+00	5.10e-16	0.00e+00
 2.75210e+17	1.00e+00	4.55e-16	0.00e+00
 2.75764e+17	1.00e+00	4.07e-16	0.00e+00
 2.76344e+17	1.00e+00	3.64e-16	0.00e+00
 2.76963e+17	1.00e+00	3.23e-16	0.00e+00
 2.77613e+17	1.00e+00	2.85e-16	0.00e+00
 2.78287e+17	1.00e+00	2.50e-16	0.00e+00
 2.78993e+17	1.00e+00	2.18e-16	0.00e+00
 2.79761e+17	1.00e+00	1.89e-16	0.00e+00
 2.80631e+17	1.00e+00	1.62e-16	0.00e+00
 2.81652e+17	1.00e+00	1.35e-16	0.00e+00
 2.82903e+17	1.00e+00	1.09e-16	0.00e+00
 2.84501e+17	1.00e+00	8.42e-17	0.00e+00
 2.86578e+17	1.00e+00	6.05e-17	0.00e+00
 2.89278e+17	1.00e+00	3.99e-17	0.00e+00
 2.92788e+17	1.00e+00	2.40e-17	0.00e+00
 2.97351e+17	1.00e+00	1.31e-17	0.00e+00
 3.03283e+17	1.00e+00	6.56e-18	0.00e+00
 3.10995e+17	1.00e+00	3.17e-18	0.00e+00
 3.21021e+17	1.00e+00	1.40e-18	0.00e+00
 3.33221e+17	1.00e+00	6.05e-19	0.00e+00
 3.46550e+17	1.00e+00	2.57e-19	0.00e+00
 3.59230e+17	1.00e+00	1.17e-19	0.00e+00
 3.69881e+17	1.00e+00	6.12e-20	0.00e+00
 3.78929e+17	1.00e+00	3.53e-20	0.00e+00
 3.88777e+17	1.00e+00	1.93e-20	0.00e+00
 3.99611e+17	1.00e+00	1.01e-20	0.00e+00
 4.08813e+17	1.00e+00	5.85e-21	0.00e+00
 4.15817e+17	1.00e+00	3.87e-21	0.00e+00
 4.21946e+17	1.00e+00	2.68e-21	0.00e+00
 4.28983e+17	1.00e+00	1.74e-21	0.00e+00
 4.36811e+17	1.00e+00	1.08e-21	0.00e+00
 4.43906e+17	1.00e+00	7.07e-22	0.00e+00
 4.49958e+17	1.00e+00	4.87e-22	0.00e+00
 4.56421e+17	1.00e+00	3.23e-22	0.00e+00
 4.64823e+17	1.00e+00	1.88e-22	0.00e+00
