#depth	He	He+	He+2
 1.49634e+10	1.74e-20	1.70e-10	1.00e+00
 4.54887e+10	2.04e-20	1.87e-10	1.00e+00
 7.72350e+10	2.36e-20	2.06e-10	1.00e+00
 1.10251e+11	2.73e-20	2.27e-10	1.00e+00
 1.43381e+11	3.14e-20	2.50e-10	1.00e+00
 1.77835e+11	3.61e-20	2.75e-10	1.00e+00
 2.14875e+11	4.16e-20	3.04e-10	1.00e+00
 2.53397e+11	4.79e-20	3.36e-10	1.00e+00
 2.93460e+11	5.50e-20	3.71e-10	1.00e+00
 3.29614e+11	6.21e-20	4.06e-10	1.00e+00
 3.59603e+11	6.83e-20	4.36e-10	1.00e+00
 3.92400e+11	7.54e-20	4.70e-10	1.00e+00
 4.34120e+11	8.52e-20	5.16e-10	1.00e+00
 4.77727e+11	9.63e-20	5.68e-10	1.00e+00
 5.16191e+11	1.07e-19	6.16e-10	1.00e+00
 5.51776e+11	1.17e-19	6.63e-10	1.00e+00
 5.92129e+11	1.29e-19	7.19e-10	1.00e+00
 6.42199e+11	1.45e-19	7.92e-10	1.00e+00
 6.92218e+11	1.63e-19	8.70e-10	1.00e+00
 7.35050e+11	1.79e-19	9.41e-10	1.00e+00
 7.81222e+11	1.97e-19	1.02e-09	1.00e+00
 8.38430e+11	2.21e-19	1.12e-09	1.00e+00
 8.97256e+11	2.48e-19	1.24e-09	1.00e+00
 9.50378e+11	2.74e-19	1.35e-09	1.00e+00
 1.00881e+12	3.05e-19	1.47e-09	1.00e+00
 1.07764e+12	3.45e-19	1.63e-09	1.00e+00
 1.14646e+12	3.89e-19	1.79e-09	1.00e+00
 1.21187e+12	4.36e-19	1.95e-09	1.00e+00
 1.28410e+12	4.92e-19	2.14e-09	1.00e+00
 1.36539e+12	5.63e-19	2.37e-09	1.00e+00
 1.44671e+12	6.44e-19	2.61e-09	1.00e+00
 1.51872e+12	7.23e-19	2.84e-09	1.00e+00
 1.57910e+12	7.97e-19	3.03e-09	1.00e+00
 1.64406e+12	8.83e-19	3.25e-09	1.00e+00
 1.72852e+12	1.01e-18	3.54e-09	1.00e+00
 1.81693e+12	1.15e-18	3.87e-09	1.00e+00
 1.89240e+12	1.29e-18	4.16e-09	1.00e+00
 1.97247e+12	1.46e-18	4.47e-09	1.00e+00
 2.07304e+12	1.69e-18	4.89e-09	1.00e+00
 2.17657e+12	1.96e-18	5.35e-09	1.00e+00
 2.26793e+12	2.23e-18	5.76e-09	1.00e+00
 2.36719e+12	2.55e-18	6.23e-09	1.00e+00
 2.47667e+12	2.95e-18	6.78e-09	1.00e+00
 2.57747e+12	3.37e-18	7.31e-09	1.00e+00
 2.68654e+12	3.87e-18	7.89e-09	1.00e+00
 2.80823e+12	4.51e-18	8.58e-09	1.00e+00
 2.92231e+12	5.18e-18	9.25e-09	1.00e+00
 3.04660e+12	6.00e-18	1.00e-08	1.00e+00
 3.18466e+12	7.03e-18	1.09e-08	1.00e+00
 3.31353e+12	8.11e-18	1.18e-08	1.00e+00
 3.45394e+12	9.43e-18	1.27e-08	1.00e+00
 3.61097e+12	1.11e-17	1.39e-08	1.00e+00
 3.75913e+12	1.29e-17	1.50e-08	1.00e+00
 3.92119e+12	1.51e-17	1.63e-08	1.00e+00
 4.10266e+12	1.79e-17	1.78e-08	1.00e+00
 4.27479e+12	2.09e-17	1.93e-08	1.00e+00
 4.45911e+12	2.45e-17	2.09e-08	1.00e+00
 4.66740e+12	2.92e-17	2.29e-08	1.00e+00
 4.87394e+12	3.44e-17	2.49e-08	1.00e+00
 5.08874e+12	4.06e-17	2.71e-08	1.00e+00
 5.32221e+12	4.83e-17	2.96e-08	1.00e+00
 5.56503e+12	5.72e-17	3.23e-08	1.00e+00
 5.79540e+12	6.70e-17	3.49e-08	1.00e+00
 6.00276e+12	7.68e-17	3.74e-08	1.00e+00
 6.19667e+12	8.69e-17	3.98e-08	1.00e+00
 6.41090e+12	9.91e-17	4.26e-08	1.00e+00
 6.65170e+12	1.14e-16	4.57e-08	1.00e+00
 6.88166e+12	1.30e-16	4.89e-08	1.00e+00
 7.13523e+12	1.50e-16	5.24e-08	1.00e+00
 7.41789e+12	1.74e-16	5.66e-08	1.00e+00
 7.67822e+12	1.99e-16	6.05e-08	1.00e+00
 7.91931e+12	2.24e-16	6.42e-08	1.00e+00
 8.19553e+12	2.55e-16	6.86e-08	1.00e+00
 8.53365e+12	2.98e-16	7.42e-08	1.00e+00
 8.87126e+12	3.46e-16	8.00e-08	1.00e+00
 9.16529e+12	3.92e-16	8.52e-08	1.00e+00
 9.48364e+12	4.47e-16	9.09e-08	1.00e+00
 9.87182e+12	5.19e-16	9.81e-08	1.00e+00
 1.02670e+13	6.05e-16	1.06e-07	1.00e+00
 1.06248e+13	6.88e-16	1.13e-07	1.00e+00
 1.10175e+13	7.89e-16	1.21e-07	1.00e+00
 1.14791e+13	9.20e-16	1.31e-07	1.00e+00
 1.19390e+13	1.07e-15	1.41e-07	1.00e+00
 1.23740e+13	1.22e-15	1.51e-07	1.00e+00
 1.28556e+13	1.41e-15	1.62e-07	1.00e+00
 1.33997e+13	1.65e-15	1.76e-07	1.00e+00
 1.39472e+13	1.91e-15	1.89e-07	1.00e+00
 1.45166e+13	2.22e-15	2.04e-07	1.00e+00
 1.51272e+13	2.59e-15	2.21e-07	1.00e+00
 1.57622e+13	3.02e-15	2.39e-07	1.00e+00
 1.63756e+13	3.49e-15	2.57e-07	1.00e+00
 1.69501e+13	3.97e-15	2.74e-07	1.00e+00
 1.74909e+13	4.46e-15	2.91e-07	1.00e+00
 1.80792e+13	5.05e-15	3.10e-07	1.00e+00
 1.87358e+13	5.77e-15	3.32e-07	1.00e+00
 1.93562e+13	6.52e-15	3.53e-07	1.00e+00
 2.00377e+13	7.42e-15	3.77e-07	1.00e+00
 2.08016e+13	8.55e-15	4.05e-07	1.00e+00
 2.15254e+13	9.72e-15	4.33e-07	1.00e+00
 2.23192e+13	1.11e-14	4.64e-07	1.00e+00
 2.32382e+13	1.30e-14	5.01e-07	1.00e+00
 2.41345e+13	1.50e-14	5.40e-07	1.00e+00
 2.49822e+13	1.70e-14	5.76e-07	1.00e+00
 2.59270e+13	1.96e-14	6.20e-07	1.00e+00
 2.69156e+13	2.26e-14	6.67e-07	1.00e+00
 2.77957e+13	2.56e-14	7.11e-07	1.00e+00
 2.87488e+13	2.90e-14	7.59e-07	1.00e+00
 2.98882e+13	3.36e-14	8.20e-07	1.00e+00
 3.10077e+13	3.87e-14	8.81e-07	1.00e+00
 3.20065e+13	4.36e-14	9.38e-07	1.00e+00
 3.31105e+13	4.95e-14	1.00e-06	1.00e+00
 3.44242e+13	5.75e-14	1.08e-06	1.00e+00
 3.57260e+13	6.64e-14	1.17e-06	1.00e+00
 3.69160e+13	7.49e-14	1.25e-06	1.00e+00
 3.82452e+13	8.58e-14	1.34e-06	1.00e+00
 3.97913e+13	9.97e-14	1.45e-06	1.00e+00
 4.13095e+13	1.15e-13	1.56e-06	1.00e+00
 4.27447e+13	1.30e-13	1.67e-06	1.00e+00
 4.43408e+13	1.50e-13	1.80e-06	1.00e+00
 4.61444e+13	1.74e-13	1.95e-06	1.00e+00
 4.79485e+13	2.00e-13	2.10e-06	1.00e+00
 4.96426e+13	2.28e-13	2.26e-06	1.00e+00
 5.14760e+13	2.61e-13	2.43e-06	1.00e+00
 5.35225e+13	3.01e-13	2.63e-06	1.00e+00
 5.54369e+13	3.42e-13	2.82e-06	1.00e+00
 5.72143e+13	3.84e-13	3.00e-06	1.00e+00
 5.89222e+13	4.27e-13	3.18e-06	1.00e+00
 6.08137e+13	4.80e-13	3.40e-06	1.00e+00
 6.29059e+13	5.42e-13	3.63e-06	1.00e+00
 6.48580e+13	6.05e-13	3.87e-06	1.00e+00
 6.69944e+13	6.79e-13	4.13e-06	1.00e+00
 6.93964e+13	7.71e-13	4.43e-06	1.00e+00
 7.16854e+13	8.64e-13	4.73e-06	1.00e+00
 7.42029e+13	9.77e-13	5.07e-06	1.00e+00
 7.69770e+13	1.11e-12	5.46e-06	1.00e+00
 7.95272e+13	1.25e-12	5.83e-06	1.00e+00
 8.22855e+13	1.41e-12	6.25e-06	1.00e+00
 8.53717e+13	1.60e-12	6.74e-06	1.00e+00
 8.82789e+13	1.80e-12	7.21e-06	1.00e+00
 9.14530e+13	2.03e-12	7.75e-06	1.00e+00
 9.49764e+13	2.32e-12	8.37e-06	1.00e+00
 9.82662e+13	2.61e-12	8.98e-06	1.00e+00
 1.01838e+14	2.95e-12	9.65e-06	1.00e+00
 1.05831e+14	3.38e-12	1.05e-05	1.00e+00
 1.09621e+14	3.81e-12	1.12e-05	1.00e+00
 1.13672e+14	4.32e-12	1.21e-05	1.00e+00
 1.18249e+14	4.95e-12	1.32e-05	1.00e+00
 1.22762e+14	5.64e-12	1.42e-05	1.00e+00
 1.27456e+14	6.43e-12	1.54e-05	1.00e+00
 1.32584e+14	7.39e-12	1.68e-05	1.00e+00
 1.37642e+14	8.44e-12	1.81e-05	1.00e+00
 1.41831e+14	9.36e-12	1.93e-05	1.00e+00
 1.45196e+14	1.02e-11	2.03e-05	1.00e+00
 1.48921e+14	1.11e-11	2.15e-05	1.00e+00
 1.53764e+14	1.25e-11	2.30e-05	1.00e+00
 1.58948e+14	1.41e-11	2.48e-05	1.00e+00
 1.63539e+14	1.56e-11	2.63e-05	1.00e+00
 1.68469e+14	1.74e-11	2.81e-05	1.00e+00
 1.74696e+14	1.98e-11	3.05e-05	1.00e+00
 1.81022e+14	2.26e-11	3.29e-05	1.00e+00
 1.86438e+14	2.52e-11	3.51e-05	1.00e+00
 1.92258e+14	2.81e-11	3.76e-05	1.00e+00
 1.99473e+14	3.23e-11	4.08e-05	1.00e+00
 2.06829e+14	3.71e-11	4.43e-05	1.00e+00
 2.13315e+14	4.16e-11	4.75e-05	1.00e+00
 2.20344e+14	4.68e-11	5.11e-05	1.00e+00
 2.28818e+14	5.44e-11	5.57e-05	1.00e+00
 2.37224e+14	6.18e-11	6.03e-05	1.00e+00
 2.44749e+14	7.03e-11	6.49e-05	1.00e+00
 2.53079e+14	7.91e-11	6.99e-05	1.00e+00
 2.62957e+14	9.25e-11	7.63e-05	1.00e+00
 2.72723e+14	1.07e-10	8.29e-05	1.00e+00
 2.81681e+14	1.20e-10	8.90e-05	1.00e+00
 2.91717e+14	1.38e-10	9.65e-05	1.00e+00
 3.03352e+14	1.61e-10	1.05e-04	1.00e+00
 3.14814e+14	1.86e-10	1.15e-04	1.00e+00
 3.25807e+14	2.13e-10	1.24e-04	1.00e+00
 3.35435e+14	2.38e-10	1.32e-04	1.00e+00
 3.43357e+14	2.62e-10	1.40e-04	1.00e+00
 3.52067e+14	2.89e-10	1.48e-04	1.00e+00
 3.63389e+14	3.28e-10	1.59e-04	1.00e+00
 3.75334e+14	3.73e-10	1.71e-04	1.00e+00
 3.85652e+14	4.15e-10	1.81e-04	1.00e+00
 3.96627e+14	4.63e-10	1.93e-04	1.00e+00
 4.10896e+14	5.35e-10	2.09e-04	1.00e+00
 4.25616e+14	6.15e-10	2.27e-04	1.00e+00
 4.37901e+14	6.91e-10	2.41e-04	1.00e+00
 4.50849e+14	7.76e-10	2.58e-04	1.00e+00
 4.67345e+14	8.97e-10	2.79e-04	1.00e+00
 4.84738e+14	1.04e-09	3.03e-04	1.00e+00
 5.00299e+14	1.18e-09	3.25e-04	1.00e+00
 5.17197e+14	1.35e-09	3.50e-04	1.00e+00
 5.37298e+14	1.58e-09	3.81e-04	1.00e+00
 5.57128e+14	1.82e-09	4.13e-04	1.00e+00
 5.75145e+14	2.08e-09	4.43e-04	1.00e+00
 5.95242e+14	2.36e-09	4.77e-04	1.00e+00
 6.18748e+14	2.81e-09	5.20e-04	9.99e-01
 6.41925e+14	3.25e-09	5.64e-04	9.99e-01
 6.63780e+14	3.69e-09	6.07e-04	9.99e-01
 6.88111e+14	4.27e-09	6.56e-04	9.99e-01
 7.15665e+14	5.13e-09	7.17e-04	9.99e-01
 7.38745e+14	5.83e-09	7.67e-04	9.99e-01
 7.55310e+14	6.39e-09	8.05e-04	9.99e-01
 7.72633e+14	7.01e-09	8.46e-04	9.99e-01
 7.95153e+14	7.77e-09	9.00e-04	9.99e-01
 8.20316e+14	8.99e-09	9.64e-04	9.99e-01
 8.43846e+14	1.00e-08	1.02e-03	9.99e-01
 8.69367e+14	1.12e-08	1.09e-03	9.99e-01
 8.98064e+14	1.31e-08	1.17e-03	9.99e-01
 9.25216e+14	1.47e-08	1.25e-03	9.99e-01
 9.54840e+14	1.65e-08	1.34e-03	9.99e-01
 9.88135e+14	1.94e-08	1.44e-03	9.99e-01
 1.01970e+15	2.20e-08	1.54e-03	9.98e-01
 1.05424e+15	2.49e-08	1.65e-03	9.98e-01
 1.09307e+15	2.95e-08	1.79e-03	9.98e-01
 1.12939e+15	3.36e-08	1.92e-03	9.98e-01
 1.16851e+15	3.81e-08	2.06e-03	9.98e-01
 1.21241e+15	4.54e-08	2.23e-03	9.98e-01
 1.25340e+15	5.18e-08	2.40e-03	9.98e-01
 1.29756e+15	5.90e-08	2.58e-03	9.97e-01
 1.34733e+15	7.05e-08	2.80e-03	9.97e-01
 1.39423e+15	8.12e-08	3.01e-03	9.97e-01
 1.43697e+15	9.22e-08	3.21e-03	9.97e-01
 1.48444e+15	1.05e-07	3.44e-03	9.97e-01
 1.54150e+15	1.24e-07	3.74e-03	9.96e-01
 1.59730e+15	1.43e-07	4.03e-03	9.96e-01
 1.64170e+15	1.59e-07	4.28e-03	9.96e-01
 1.68501e+15	1.78e-07	4.53e-03	9.95e-01
 1.74131e+15	2.08e-07	4.87e-03	9.95e-01
 1.79690e+15	2.36e-07	5.21e-03	9.95e-01
 1.84216e+15	2.60e-07	5.50e-03	9.94e-01
 1.89159e+15	2.91e-07	5.83e-03	9.94e-01
 1.95586e+15	3.42e-07	6.29e-03	9.94e-01
 2.02042e+15	3.85e-07	6.75e-03	9.93e-01
 2.07494e+15	4.41e-07	7.17e-03	9.93e-01
 2.13542e+15	4.99e-07	7.65e-03	9.92e-01
 2.21301e+15	5.71e-07	8.28e-03	9.92e-01
 2.29172e+15	6.83e-07	8.99e-03	9.91e-01
 2.35577e+15	7.70e-07	9.57e-03	9.90e-01
 2.42187e+15	8.71e-07	1.02e-02	9.90e-01
 2.50779e+15	9.97e-07	1.11e-02	9.89e-01
 2.59592e+15	1.19e-06	1.20e-02	9.88e-01
 2.66629e+15	1.34e-06	1.28e-02	9.87e-01
 2.73715e+15	1.51e-06	1.37e-02	9.86e-01
 2.82927e+15	1.74e-06	1.48e-02	9.85e-01
 2.92355e+15	2.07e-06	1.61e-02	9.84e-01
 2.99793e+15	2.33e-06	1.72e-02	9.83e-01
 3.05842e+15	2.57e-06	1.81e-02	9.82e-01
 3.12354e+15	2.85e-06	1.91e-02	9.81e-01
 3.20819e+15	3.20e-06	2.05e-02	9.79e-01
 3.29923e+15	3.76e-06	2.22e-02	9.78e-01
 3.37989e+15	4.22e-06	2.38e-02	9.76e-01
 3.45312e+15	4.67e-06	2.53e-02	9.75e-01
 3.53536e+15	5.29e-06	2.71e-02	9.73e-01
 3.62298e+15	6.18e-06	2.93e-02	9.71e-01
 3.70011e+15	6.93e-06	3.12e-02	9.69e-01
 3.77135e+15	7.74e-06	3.32e-02	9.67e-01
 3.85243e+15	8.73e-06	3.57e-02	9.64e-01
 3.94198e+15	1.01e-05	3.87e-02	9.61e-01
 4.02852e+15	1.16e-05	4.18e-02	9.58e-01
 4.10913e+15	1.30e-05	4.50e-02	9.55e-01
 4.19606e+15	1.48e-05	4.88e-02	9.51e-01
 4.30907e+15	1.84e-05	5.46e-02	9.45e-01
 4.41171e+15	2.14e-05	6.04e-02	9.40e-01
 4.47982e+15	2.42e-05	6.48e-02	9.35e-01
 4.53848e+15	2.70e-05	6.90e-02	9.31e-01
 4.60591e+15	3.06e-05	7.44e-02	9.26e-01
 4.68116e+15	3.44e-05	8.09e-02	9.19e-01
 4.76658e+15	4.18e-05	8.97e-02	9.10e-01
 4.83616e+15	4.75e-05	9.72e-02	9.03e-01
 4.87400e+15	5.13e-05	1.02e-01	8.98e-01
 4.91204e+15	5.58e-05	1.07e-01	8.93e-01
 4.96149e+15	6.11e-05	1.14e-01	8.85e-01
 5.02577e+15	7.22e-05	1.25e-01	8.75e-01
 5.08175e+15	8.08e-05	1.35e-01	8.65e-01
 5.11966e+15	8.77e-05	1.43e-01	8.57e-01
 5.16169e+15	9.71e-05	1.52e-01	8.48e-01
 5.21634e+15	1.14e-04	1.66e-01	8.34e-01
 5.26532e+15	1.26e-04	1.79e-01	8.21e-01
 5.30695e+15	1.44e-04	1.92e-01	8.08e-01
 5.34698e+15	1.60e-04	2.05e-01	7.95e-01
 5.38491e+15	1.78e-04	2.19e-01	7.81e-01
 5.42737e+15	2.00e-04	2.36e-01	7.64e-01
 5.46843e+15	2.25e-04	2.54e-01	7.46e-01
 5.50644e+15	2.52e-04	2.72e-01	7.28e-01
 5.54194e+15	2.81e-04	2.91e-01	7.09e-01
 5.57633e+15	3.11e-04	3.10e-01	6.90e-01
 5.61512e+15	3.53e-04	3.34e-01	6.66e-01
 5.65549e+15	3.98e-04	3.59e-01	6.40e-01
 5.69106e+15	4.46e-04	3.84e-01	6.16e-01
 5.72452e+15	4.94e-04	4.08e-01	5.91e-01
 5.76212e+15	5.56e-04	4.38e-01	5.62e-01
 5.79630e+15	6.13e-04	4.64e-01	5.35e-01
 5.81819e+15	6.54e-04	4.81e-01	5.18e-01
 5.83880e+15	6.96e-04	4.99e-01	5.00e-01
 5.86561e+15	7.55e-04	5.22e-01	4.77e-01
 5.89408e+15	8.18e-04	5.46e-01	4.53e-01
 5.91888e+15	8.76e-04	5.67e-01	4.32e-01
 5.94526e+15	9.44e-04	5.90e-01	4.09e-01
 5.97426e+15	1.02e-03	6.14e-01	3.85e-01
 6.00084e+15	1.09e-03	6.36e-01	3.63e-01
 6.02553e+15	1.16e-03	6.56e-01	3.43e-01
 6.05357e+15	1.24e-03	6.78e-01	3.20e-01
 6.08394e+15	1.33e-03	7.01e-01	2.97e-01
 6.11143e+15	1.41e-03	7.21e-01	2.78e-01
 6.13721e+15	1.49e-03	7.39e-01	2.60e-01
 6.16666e+15	1.59e-03	7.58e-01	2.40e-01
 6.19864e+15	1.69e-03	7.78e-01	2.21e-01
 6.22750e+15	1.78e-03	7.94e-01	2.04e-01
 6.25437e+15	1.87e-03	8.08e-01	1.90e-01
 6.28503e+15	1.98e-03	8.24e-01	1.74e-01
 6.31860e+15	2.10e-03	8.39e-01	1.59e-01
 6.34885e+15	2.21e-03	8.51e-01	1.47e-01
 6.37662e+15	2.31e-03	8.62e-01	1.36e-01
 6.40828e+15	2.43e-03	8.73e-01	1.25e-01
 6.44232e+15	2.57e-03	8.84e-01	1.14e-01
 6.47265e+15	2.69e-03	8.92e-01	1.05e-01
 6.50528e+15	2.83e-03	9.01e-01	9.61e-02
 6.54028e+15	2.99e-03	9.09e-01	8.78e-02
 6.57126e+15	3.14e-03	9.16e-01	8.10e-02
 6.60006e+15	3.29e-03	9.22e-01	7.52e-02
 6.63314e+15	3.48e-03	9.28e-01	6.89e-02
 6.66996e+15	3.69e-03	9.33e-01	6.29e-02
 6.70318e+15	3.90e-03	9.38e-01	5.81e-02
 6.73279e+15	4.11e-03	9.42e-01	5.40e-02
 6.76621e+15	4.37e-03	9.46e-01	4.97e-02
 6.80385e+15	4.70e-03	9.50e-01	4.54e-02
 6.83973e+15	5.03e-03	9.53e-01	4.18e-02
 6.87327e+15	5.39e-03	9.56e-01	3.87e-02
 6.91099e+15	5.84e-03	9.59e-01	3.54e-02
 6.95160e+15	6.41e-03	9.61e-01	3.24e-02
 6.98649e+15	6.99e-03	9.63e-01	3.00e-02
 7.01638e+15	7.56e-03	9.64e-01	2.81e-02
 7.04926e+15	8.28e-03	9.66e-01	2.61e-02
 7.08566e+15	9.19e-03	9.67e-01	2.42e-02
 7.11828e+15	1.02e-02	9.67e-01	2.27e-02
 7.14372e+15	1.11e-02	9.67e-01	2.16e-02
 7.16386e+15	1.19e-02	9.67e-01	2.08e-02
 7.18574e+15	1.29e-02	9.67e-01	1.98e-02
 7.20991e+15	1.42e-02	9.67e-01	1.89e-02
 7.23140e+15	1.56e-02	9.66e-01	1.82e-02
 7.24969e+15	1.68e-02	9.66e-01	1.77e-02
 7.26948e+15	1.84e-02	9.65e-01	1.70e-02
 7.29090e+15	2.04e-02	9.63e-01	1.64e-02
 7.30933e+15	2.25e-02	9.62e-01	1.59e-02
 7.32479e+15	2.44e-02	9.60e-01	1.55e-02
 7.34152e+15	2.68e-02	9.58e-01	1.51e-02
 7.35994e+15	2.98e-02	9.55e-01	1.47e-02
 7.37640e+15	3.30e-02	9.53e-01	1.44e-02
 7.39082e+15	3.61e-02	9.50e-01	1.42e-02
 7.40675e+15	4.01e-02	9.46e-01	1.40e-02
 7.42434e+15	4.53e-02	9.41e-01	1.37e-02
 7.44013e+15	5.08e-02	9.36e-01	1.36e-02
 7.45403e+15	5.64e-02	9.30e-01	1.35e-02
 7.46871e+15	6.34e-02	9.23e-01	1.34e-02
 7.48423e+15	7.16e-02	9.15e-01	1.34e-02
 7.49799e+15	8.05e-02	9.06e-01	1.33e-02
 7.51012e+15	8.90e-02	8.98e-01	1.34e-02
 7.52121e+15	9.82e-02	8.88e-01	1.34e-02
 7.53148e+15	1.07e-01	8.79e-01	1.35e-02
 7.54116e+15	1.18e-01	8.69e-01	1.35e-02
 7.55039e+15	1.28e-01	8.59e-01	1.36e-02
 7.55773e+15	1.37e-01	8.50e-01	1.37e-02
 7.56250e+15	1.43e-01	8.43e-01	1.38e-02
 7.56679e+15	1.49e-01	8.37e-01	1.38e-02
 7.57181e+15	1.56e-01	8.30e-01	1.38e-02
 7.57733e+15	1.65e-01	8.22e-01	1.39e-02
 7.58271e+15	1.73e-01	8.13e-01	1.40e-02
 7.58779e+15	1.82e-01	8.04e-01	1.40e-02
 7.59282e+15	1.91e-01	7.95e-01	1.41e-02
 7.59787e+15	2.00e-01	7.86e-01	1.41e-02
 7.60293e+15	2.10e-01	7.75e-01	1.42e-02
 7.60795e+15	2.21e-01	7.65e-01	1.42e-02
 7.61299e+15	2.32e-01	7.54e-01	1.43e-02
 7.61805e+15	2.43e-01	7.42e-01	1.43e-02
 7.62296e+15	2.55e-01	7.31e-01	1.44e-02
 7.62786e+15	2.67e-01	7.18e-01	1.44e-02
 7.63280e+15	2.80e-01	7.06e-01	1.44e-02
 7.63776e+15	2.94e-01	6.92e-01	1.44e-02
 7.64266e+15	3.07e-01	6.78e-01	1.44e-02
 7.64756e+15	3.22e-01	6.64e-01	1.44e-02
 7.65251e+15	3.37e-01	6.49e-01	1.44e-02
 7.65741e+15	3.52e-01	6.33e-01	1.43e-02
 7.66226e+15	3.68e-01	6.18e-01	1.43e-02
 7.66718e+15	3.84e-01	6.02e-01	1.42e-02
 7.67214e+15	4.01e-01	5.85e-01	1.42e-02
 7.67712e+15	4.18e-01	5.68e-01	1.41e-02
 7.68206e+15	4.36e-01	5.50e-01	1.40e-02
 7.68702e+15	4.53e-01	5.33e-01	1.39e-02
 7.69204e+15	4.72e-01	5.15e-01	1.37e-02
 7.69705e+15	4.90e-01	4.96e-01	1.35e-02
 7.70202e+15	5.08e-01	4.79e-01	1.34e-02
 7.70697e+15	5.26e-01	4.61e-01	1.32e-02
 7.71189e+15	5.44e-01	4.43e-01	1.30e-02
 7.71685e+15	5.62e-01	4.26e-01	1.27e-02
 7.72186e+15	5.80e-01	4.08e-01	1.25e-02
 7.72692e+15	5.97e-01	3.91e-01	1.22e-02
 7.73205e+15	6.14e-01	3.74e-01	1.19e-02
 7.73726e+15	6.31e-01	3.58e-01	1.16e-02
 7.74254e+15	6.47e-01	3.42e-01	1.13e-02
 7.74793e+15	6.63e-01	3.26e-01	1.10e-02
 7.75355e+15	6.79e-01	3.10e-01	1.07e-02
 7.75941e+15	6.95e-01	2.95e-01	1.03e-02
 7.76558e+15	7.10e-01	2.80e-01	9.91e-03
 7.77207e+15	7.24e-01	2.66e-01	9.53e-03
 7.77894e+15	7.38e-01	2.52e-01	9.15e-03
 7.78628e+15	7.52e-01	2.39e-01	8.76e-03
 7.79421e+15	7.65e-01	2.27e-01	8.37e-03
 7.80208e+15	7.75e-01	2.17e-01	8.02e-03
 7.80964e+15	7.84e-01	2.08e-01	7.70e-03
 7.81762e+15	7.93e-01	2.00e-01	7.39e-03
 7.82628e+15	8.01e-01	1.92e-01	7.10e-03
 7.83562e+15	8.08e-01	1.85e-01	6.81e-03
 7.84564e+15	8.14e-01	1.79e-01	6.54e-03
 7.85643e+15	8.20e-01	1.74e-01	6.28e-03
 7.86831e+15	8.26e-01	1.68e-01	6.01e-03
 7.88102e+15	8.30e-01	1.64e-01	5.77e-03
 7.89449e+15	8.35e-01	1.60e-01	5.52e-03
 7.90874e+15	8.39e-01	1.56e-01	5.30e-03
 7.92370e+15	8.43e-01	1.52e-01	5.06e-03
 7.93917e+15	8.46e-01	1.49e-01	4.86e-03
 7.95506e+15	8.50e-01	1.45e-01	4.64e-03
 7.97099e+15	8.53e-01	1.42e-01	4.45e-03
 7.98676e+15	8.57e-01	1.39e-01	4.26e-03
 8.00244e+15	8.59e-01	1.36e-01	4.09e-03
 8.01786e+15	8.62e-01	1.34e-01	3.93e-03
 8.03337e+15	8.65e-01	1.31e-01	3.77e-03
 8.04878e+15	8.68e-01	1.29e-01	3.63e-03
 8.06388e+15	8.70e-01	1.26e-01	3.49e-03
 8.07856e+15	8.73e-01	1.24e-01	3.35e-03
 8.09286e+15	8.75e-01	1.22e-01	3.23e-03
 8.10697e+15	8.77e-01	1.20e-01	3.12e-03
 8.12104e+15	8.79e-01	1.18e-01	3.01e-03
 8.13500e+15	8.81e-01	1.16e-01	2.90e-03
 8.14874e+15	8.84e-01	1.14e-01	2.80e-03
 8.16225e+15	8.85e-01	1.12e-01	2.71e-03
 8.17559e+15	8.87e-01	1.10e-01	2.61e-03
 8.18873e+15	8.89e-01	1.08e-01	2.53e-03
 8.20169e+15	8.91e-01	1.07e-01	2.45e-03
 8.21458e+15	8.93e-01	1.05e-01	2.37e-03
 8.22739e+15	8.94e-01	1.03e-01	2.29e-03
 8.24010e+15	8.96e-01	1.02e-01	2.22e-03
 8.25270e+15	8.98e-01	1.00e-01	2.15e-03
 8.26520e+15	8.99e-01	9.87e-02	2.09e-03
 8.27764e+15	9.01e-01	9.72e-02	2.02e-03
 8.29004e+15	9.02e-01	9.58e-02	1.96e-03
 8.30241e+15	9.04e-01	9.44e-02	1.90e-03
 8.31476e+15	9.05e-01	9.30e-02	1.84e-03
 8.32713e+15	9.07e-01	9.16e-02	1.79e-03
 8.33958e+15	9.08e-01	9.03e-02	1.73e-03
 8.35229e+15	9.09e-01	8.90e-02	1.68e-03
 8.36534e+15	9.11e-01	8.76e-02	1.63e-03
 8.37872e+15	9.12e-01	8.63e-02	1.58e-03
 8.39236e+15	9.14e-01	8.49e-02	1.52e-03
 8.40612e+15	9.15e-01	8.35e-02	1.47e-03
 8.42026e+15	9.16e-01	8.22e-02	1.42e-03
 8.43515e+15	9.18e-01	8.07e-02	1.37e-03
 8.45098e+15	9.19e-01	7.93e-02	1.32e-03
 8.46819e+15	9.21e-01	7.77e-02	1.26e-03
 8.48680e+15	9.23e-01	7.60e-02	1.21e-03
 8.50729e+15	9.25e-01	7.42e-02	1.15e-03
 8.53097e+15	9.27e-01	7.21e-02	1.08e-03
 8.55668e+15	9.29e-01	7.00e-02	1.02e-03
 8.58141e+15	9.31e-01	6.80e-02	9.57e-04
 8.60391e+15	9.33e-01	6.63e-02	9.06e-04
 8.62439e+15	9.34e-01	6.48e-02	8.62e-04
 8.64302e+15	9.36e-01	6.34e-02	8.24e-04
 8.65997e+15	9.37e-01	6.21e-02	7.91e-04
 8.67541e+15	9.38e-01	6.10e-02	7.61e-04
 8.68945e+15	9.39e-01	6.00e-02	7.35e-04
 8.70222e+15	9.40e-01	5.91e-02	7.12e-04
 8.71623e+15	9.41e-01	5.81e-02	6.87e-04
 8.73134e+15	9.42e-01	5.71e-02	6.62e-04
 8.74510e+15	9.43e-01	5.61e-02	6.39e-04
 8.75762e+15	9.44e-01	5.53e-02	6.19e-04
 8.77133e+15	9.45e-01	5.43e-02	5.96e-04
 8.78614e+15	9.46e-01	5.34e-02	5.75e-04
 8.79962e+15	9.47e-01	5.25e-02	5.55e-04
 8.81188e+15	9.48e-01	5.17e-02	5.37e-04
 8.82304e+15	9.49e-01	5.10e-02	5.22e-04
 8.83527e+15	9.49e-01	5.01e-02	5.04e-04
 8.84847e+15	9.50e-01	4.93e-02	4.88e-04
 8.86048e+15	9.51e-01	4.86e-02	4.72e-04
 8.87141e+15	9.52e-01	4.79e-02	4.59e-04
 8.88136e+15	9.52e-01	4.73e-02	4.46e-04
 8.89226e+15	9.53e-01	4.65e-02	4.32e-04
 8.90403e+15	9.54e-01	4.59e-02	4.19e-04
 8.91474e+15	9.54e-01	4.52e-02	4.07e-04
 8.92449e+15	9.55e-01	4.46e-02	3.96e-04
 8.93516e+15	9.56e-01	4.39e-02	3.84e-04
 8.94669e+15	9.56e-01	4.33e-02	3.72e-04
 8.95719e+15	9.57e-01	4.27e-02	3.61e-04
 8.96673e+15	9.58e-01	4.21e-02	3.52e-04
 8.97719e+15	9.58e-01	4.15e-02	3.41e-04
 8.98849e+15	9.59e-01	4.09e-02	3.31e-04
 8.99877e+15	9.59e-01	4.03e-02	3.21e-04
 9.00812e+15	9.60e-01	3.98e-02	3.13e-04
 9.01837e+15	9.60e-01	3.92e-02	3.03e-04
 9.02943e+15	9.61e-01	3.86e-02	2.95e-04
 9.03950e+15	9.62e-01	3.81e-02	2.86e-04
 9.04866e+15	9.62e-01	3.76e-02	2.79e-04
 9.05870e+15	9.63e-01	3.71e-02	2.71e-04
 9.06954e+15	9.63e-01	3.66e-02	2.63e-04
 9.07941e+15	9.64e-01	3.60e-02	2.56e-04
 9.08838e+15	9.64e-01	3.56e-02	2.49e-04
 9.09822e+15	9.65e-01	3.51e-02	2.42e-04
 9.10884e+15	9.65e-01	3.46e-02	2.35e-04
 9.11850e+15	9.66e-01	3.42e-02	2.29e-04
 9.12729e+15	9.66e-01	3.37e-02	2.23e-04
 9.13693e+15	9.67e-01	3.33e-02	2.17e-04
 9.14733e+15	9.67e-01	3.28e-02	2.11e-04
 9.15680e+15	9.67e-01	3.24e-02	2.06e-04
 9.16717e+15	9.68e-01	3.19e-02	2.00e-04
 9.17837e+15	9.68e-01	3.15e-02	1.95e-04
 9.18856e+15	9.69e-01	3.11e-02	1.89e-04
 9.19973e+15	9.69e-01	3.06e-02	1.84e-04
 9.21178e+15	9.70e-01	3.01e-02	1.78e-04
 9.22275e+15	9.70e-01	2.97e-02	1.73e-04
 9.23273e+15	9.70e-01	2.93e-02	1.69e-04
 9.24367e+15	9.71e-01	2.89e-02	1.64e-04
 9.25548e+15	9.71e-01	2.85e-02	1.59e-04
 9.26623e+15	9.72e-01	2.81e-02	1.55e-04
 9.27801e+15	9.72e-01	2.77e-02	1.50e-04
 9.29072e+15	9.73e-01	2.72e-02	1.45e-04
 9.30229e+15	9.73e-01	2.68e-02	1.41e-04
 9.31282e+15	9.73e-01	2.65e-02	1.37e-04
 9.32436e+15	9.74e-01	2.61e-02	1.33e-04
 9.33681e+15	9.74e-01	2.57e-02	1.30e-04
 9.34814e+15	9.75e-01	2.53e-02	1.26e-04
 9.36056e+15	9.75e-01	2.49e-02	1.22e-04
 9.37397e+15	9.75e-01	2.46e-02	1.18e-04
 9.38617e+15	9.76e-01	2.42e-02	1.15e-04
 9.39954e+15	9.76e-01	2.38e-02	1.11e-04
 9.41398e+15	9.76e-01	2.34e-02	1.07e-04
 9.42711e+15	9.77e-01	2.30e-02	1.04e-04
 9.43907e+15	9.77e-01	2.27e-02	1.01e-04
 9.45217e+15	9.78e-01	2.23e-02	9.80e-05
 9.46631e+15	9.78e-01	2.20e-02	9.52e-05
 9.47917e+15	9.78e-01	2.17e-02	9.22e-05
 9.49327e+15	9.79e-01	2.13e-02	8.92e-05
 9.50850e+15	9.79e-01	2.09e-02	8.62e-05
 9.52235e+15	9.79e-01	2.06e-02	8.36e-05
 9.53753e+15	9.80e-01	2.02e-02	8.07e-05
 9.55392e+15	9.80e-01	1.99e-02	7.79e-05
 9.56883e+15	9.80e-01	1.96e-02	7.54e-05
 9.58240e+15	9.81e-01	1.93e-02	7.31e-05
 9.59727e+15	9.81e-01	1.89e-02	7.07e-05
 9.61332e+15	9.81e-01	1.86e-02	6.84e-05
 9.62793e+15	9.82e-01	1.83e-02	6.62e-05
 9.64394e+15	9.82e-01	1.80e-02	6.39e-05
 9.66123e+15	9.82e-01	1.77e-02	6.17e-05
 9.67695e+15	9.83e-01	1.74e-02	5.97e-05
 9.69419e+15	9.83e-01	1.71e-02	5.75e-05
 9.71279e+15	9.83e-01	1.67e-02	5.54e-05
 9.72972e+15	9.83e-01	1.64e-02	5.35e-05
 9.74827e+15	9.84e-01	1.61e-02	5.14e-05
 9.76830e+15	9.84e-01	1.58e-02	4.94e-05
 9.78653e+15	9.84e-01	1.55e-02	4.77e-05
 9.80650e+15	9.85e-01	1.52e-02	4.57e-05
 9.82806e+15	9.85e-01	1.49e-02	4.39e-05
 9.84769e+15	9.85e-01	1.46e-02	4.23e-05
 9.86554e+15	9.86e-01	1.44e-02	4.08e-05
 9.88511e+15	9.86e-01	1.41e-02	3.93e-05
 9.90623e+15	9.86e-01	1.38e-02	3.77e-05
 9.92545e+15	9.86e-01	1.35e-02	3.64e-05
 9.94652e+15	9.87e-01	1.33e-02	3.49e-05
 9.96926e+15	9.87e-01	1.30e-02	3.35e-05
 9.98995e+15	9.87e-01	1.27e-02	3.23e-05
 1.00126e+16	9.88e-01	1.25e-02	3.09e-05
 1.00371e+16	9.88e-01	1.22e-02	2.96e-05
 1.00594e+16	9.88e-01	1.19e-02	2.84e-05
 1.00838e+16	9.88e-01	1.17e-02	2.72e-05
 1.01101e+16	9.89e-01	1.14e-02	2.60e-05
 1.01341e+16	9.89e-01	1.12e-02	2.49e-05
 1.01604e+16	9.89e-01	1.09e-02	2.37e-05
 1.01888e+16	9.89e-01	1.06e-02	2.26e-05
 1.02146e+16	9.90e-01	1.04e-02	2.17e-05
 1.02429e+16	9.90e-01	1.02e-02	2.06e-05
 1.02734e+16	9.90e-01	9.89e-03	1.96e-05
 1.03012e+16	9.90e-01	9.67e-03	1.87e-05
 1.03317e+16	9.91e-01	9.42e-03	1.78e-05
 1.03645e+16	9.91e-01	9.17e-03	1.69e-05
 1.03945e+16	9.91e-01	8.95e-03	1.61e-05
 1.04273e+16	9.91e-01	8.71e-03	1.52e-05
 1.04626e+16	9.92e-01	8.47e-03	1.44e-05
 1.04949e+16	9.92e-01	8.26e-03	1.37e-05
 1.05302e+16	9.92e-01	8.02e-03	1.29e-05
 1.05683e+16	9.92e-01	7.79e-03	1.22e-05
 1.06029e+16	9.92e-01	7.59e-03	1.16e-05
 1.06409e+16	9.93e-01	7.36e-03	1.09e-05
 1.06903e+16	9.93e-01	7.08e-03	1.01e-05
 1.07470e+16	9.93e-01	6.78e-03	9.29e-06
 1.08038e+16	9.93e-01	6.50e-03	8.55e-06
 1.08607e+16	9.94e-01	6.24e-03	7.87e-06
 1.09200e+16	9.94e-01	5.97e-03	7.23e-06
 1.09820e+16	9.94e-01	5.71e-03	6.62e-06
 1.10461e+16	9.95e-01	5.46e-03	6.05e-06
 1.11122e+16	9.95e-01	5.21e-03	5.52e-06
 1.11807e+16	9.95e-01	4.97e-03	5.03e-06
 1.12514e+16	9.95e-01	4.74e-03	4.57e-06
 1.13238e+16	9.95e-01	4.52e-03	4.16e-06
 1.13972e+16	9.96e-01	4.30e-03	3.77e-06
 1.14718e+16	9.96e-01	4.10e-03	3.43e-06
 1.15468e+16	9.96e-01	3.90e-03	3.11e-06
 1.16230e+16	9.96e-01	3.72e-03	2.83e-06
 1.17017e+16	9.96e-01	3.54e-03	2.56e-06
 1.17821e+16	9.97e-01	3.36e-03	2.32e-06
 1.18637e+16	9.97e-01	3.20e-03	2.10e-06
 1.19466e+16	9.97e-01	3.04e-03	1.89e-06
 1.20310e+16	9.97e-01	2.89e-03	1.71e-06
 1.21169e+16	9.97e-01	2.74e-03	1.54e-06
 1.22045e+16	9.97e-01	2.60e-03	1.39e-06
 1.22938e+16	9.98e-01	2.47e-03	1.25e-06
 1.23847e+16	9.98e-01	2.34e-03	1.13e-06
 1.24772e+16	9.98e-01	2.22e-03	1.01e-06
 1.25714e+16	9.98e-01	2.10e-03	9.10e-07
 1.26675e+16	9.98e-01	1.99e-03	8.16e-07
 1.27656e+16	9.98e-01	1.88e-03	7.30e-07
 1.28656e+16	9.98e-01	1.78e-03	6.53e-07
 1.29676e+16	9.98e-01	1.68e-03	5.83e-07
 1.30717e+16	9.98e-01	1.58e-03	5.20e-07
 1.31780e+16	9.99e-01	1.49e-03	4.63e-07
 1.32865e+16	9.99e-01	1.41e-03	4.12e-07
 1.33973e+16	9.99e-01	1.33e-03	3.66e-07
 1.35107e+16	9.99e-01	1.25e-03	3.24e-07
 1.36267e+16	9.99e-01	1.17e-03	2.86e-07
 1.37454e+16	9.99e-01	1.10e-03	2.53e-07
 1.38670e+16	9.99e-01	1.03e-03	2.23e-07
 1.39916e+16	9.99e-01	9.68e-04	1.96e-07
 1.41195e+16	9.99e-01	9.06e-04	1.71e-07
 1.42508e+16	9.99e-01	8.47e-04	1.50e-07
 1.43858e+16	9.99e-01	7.90e-04	1.30e-07
 1.45247e+16	9.99e-01	7.36e-04	1.13e-07
 1.46668e+16	9.99e-01	6.85e-04	9.83e-08
 1.48110e+16	9.99e-01	6.38e-04	8.52e-08
 1.49602e+16	9.99e-01	5.92e-04	7.34e-08
 1.51181e+16	9.99e-01	5.47e-04	6.28e-08
 1.52828e+16	9.99e-01	5.04e-04	5.34e-08
 1.54528e+16	1.00e+00	4.64e-04	4.52e-08
 1.56292e+16	1.00e+00	4.26e-04	3.81e-08
 1.58135e+16	1.00e+00	3.89e-04	3.18e-08
 1.60066e+16	1.00e+00	3.54e-04	2.64e-08
 1.62093e+16	1.00e+00	3.22e-04	2.18e-08
 1.64230e+16	1.00e+00	2.90e-04	1.78e-08
 1.66496e+16	1.00e+00	2.61e-04	1.43e-08
 1.68928e+16	1.00e+00	2.32e-04	1.14e-08
 1.71494e+16	1.00e+00	2.06e-04	8.98e-09
 1.74240e+16	1.00e+00	1.81e-04	6.95e-09
 1.77260e+16	1.00e+00	1.58e-04	5.26e-09
 1.80558e+16	1.00e+00	1.36e-04	3.89e-09
 1.84186e+16	1.00e+00	1.15e-04	2.80e-09
 1.88244e+16	1.00e+00	9.58e-05	1.95e-09
 1.92796e+16	1.00e+00	7.83e-05	1.30e-09
 1.97984e+16	1.00e+00	6.23e-05	8.25e-10
 2.03672e+16	1.00e+00	4.89e-05	5.09e-10
 2.09411e+16	1.00e+00	3.85e-05	3.16e-10
 2.15068e+16	1.00e+00	3.06e-05	2.00e-10
 2.20742e+16	1.00e+00	2.44e-05	1.27e-10
 2.26515e+16	1.00e+00	1.94e-05	8.05e-11
 2.32417e+16	1.00e+00	1.54e-05	5.11e-11
 2.38448e+16	1.00e+00	1.23e-05	3.23e-11
 2.44571e+16	1.00e+00	9.79e-06	2.06e-11
 2.50805e+16	1.00e+00	7.80e-06	1.31e-11
 2.57188e+16	1.00e+00	6.22e-06	8.32e-12
 2.63725e+16	1.00e+00	4.94e-06	5.27e-12
 2.70401e+16	1.00e+00	3.94e-06	3.34e-12
 2.77235e+16	1.00e+00	3.13e-06	2.12e-12
 2.84260e+16	1.00e+00	2.48e-06	1.34e-12
 2.91487e+16	1.00e+00	1.97e-06	8.40e-13
 2.98942e+16	1.00e+00	1.55e-06	5.25e-13
 3.06639e+16	1.00e+00	1.23e-06	3.27e-13
 3.14629e+16	1.00e+00	9.61e-07	2.01e-13
 3.22842e+16	1.00e+00	7.53e-07	1.24e-13
 3.31032e+16	1.00e+00	5.94e-07	7.72e-14
 3.39028e+16	1.00e+00	4.74e-07	4.91e-14
 3.46801e+16	1.00e+00	3.81e-07	3.19e-14
 3.54401e+16	1.00e+00	3.09e-07	2.11e-14
 3.61845e+16	1.00e+00	2.53e-07	1.41e-14
 3.69103e+16	1.00e+00	2.09e-07	9.62e-15
 3.76133e+16	1.00e+00	1.74e-07	6.67e-15
 3.82915e+16	1.00e+00	1.46e-07	4.71e-15
 3.89458e+16	1.00e+00	1.23e-07	3.38e-15
 3.95764e+16	1.00e+00	1.05e-07	2.47e-15
 4.01825e+16	1.00e+00	9.06e-08	1.83e-15
 4.07634e+16	1.00e+00	7.86e-08	1.38e-15
 4.13195e+16	1.00e+00	6.87e-08	1.05e-15
 4.18513e+16	1.00e+00	6.04e-08	8.16e-16
 4.23596e+16	1.00e+00	5.36e-08	6.42e-16
 4.28448e+16	1.00e+00	4.78e-08	5.11e-16
 4.33076e+16	1.00e+00	4.29e-08	4.12e-16
 4.37489e+16	1.00e+00	3.87e-08	3.37e-16
 4.41696e+16	1.00e+00	3.51e-08	2.78e-16
 4.45705e+16	1.00e+00	3.21e-08	2.31e-16
 4.49525e+16	1.00e+00	2.94e-08	1.95e-16
 4.53163e+16	1.00e+00	2.71e-08	1.66e-16
 4.56628e+16	1.00e+00	2.51e-08	1.42e-16
 4.59930e+16	1.00e+00	2.33e-08	1.23e-16
 4.63075e+16	1.00e+00	2.17e-08	1.07e-16
 4.66073e+16	1.00e+00	2.03e-08	9.36e-17
 4.68930e+16	1.00e+00	1.91e-08	8.27e-17
 4.71654e+16	1.00e+00	1.80e-08	7.35e-17
 4.74248e+16	1.00e+00	1.70e-08	6.57e-17
 4.76722e+16	1.00e+00	1.61e-08	5.91e-17
 4.79088e+16	1.00e+00	1.53e-08	5.34e-17
 4.81351e+16	1.00e+00	1.46e-08	4.85e-17
 4.83516e+16	1.00e+00	1.39e-08	4.42e-17
 4.85586e+16	1.00e+00	1.33e-08	4.05e-17
 4.87567e+16	1.00e+00	1.28e-08	3.72e-17
 4.89467e+16	1.00e+00	1.23e-08	3.44e-17
 4.91292e+16	1.00e+00	1.18e-08	3.18e-17
 4.93048e+16	1.00e+00	1.14e-08	2.96e-17
 4.94739e+16	1.00e+00	1.10e-08	2.76e-17
 4.96369e+16	1.00e+00	1.06e-08	2.58e-17
 4.97945e+16	1.00e+00	1.03e-08	2.41e-17
 4.99470e+16	1.00e+00	9.95e-09	2.27e-17
 5.00951e+16	1.00e+00	9.65e-09	2.13e-17
 5.02393e+16	1.00e+00	9.36e-09	2.01e-17
 5.03800e+16	1.00e+00	9.09e-09	1.90e-17
 5.05178e+16	1.00e+00	8.84e-09	1.79e-17
 5.06534e+16	1.00e+00	8.59e-09	1.69e-17
 5.07872e+16	1.00e+00	8.36e-09	1.60e-17
 5.09200e+16	1.00e+00	8.13e-09	1.52e-17
 5.10525e+16	1.00e+00	7.91e-09	1.44e-17
 5.11855e+16	1.00e+00	7.70e-09	1.36e-17
 5.13200e+16	1.00e+00	7.49e-09	1.29e-17
 5.14572e+16	1.00e+00	7.28e-09	1.22e-17
 5.15983e+16	1.00e+00	7.07e-09	1.15e-17
 5.17451e+16	1.00e+00	6.86e-09	1.08e-17
 5.18998e+16	1.00e+00	6.65e-09	1.02e-17
 5.20652e+16	1.00e+00	6.43e-09	9.52e-18
 5.22450e+16	1.00e+00	6.20e-09	8.85e-18
 5.24444e+16	1.00e+00	5.95e-09	8.16e-18
 5.26711e+16	1.00e+00	5.68e-09	7.45e-18
 5.29359e+16	1.00e+00	5.38e-09	6.69e-18
 5.32559e+16	1.00e+00	5.04e-09	5.87e-18
 5.36579e+16	1.00e+00	4.64e-09	4.99e-18
 5.41770e+16	1.00e+00	4.18e-09	4.05e-18
 5.48518e+16	1.00e+00	3.65e-09	3.09e-18
 5.57291e+16	1.00e+00	3.07e-09	2.19e-18
 5.68695e+16	1.00e+00	2.45e-09	1.41e-18
 5.83521e+16	1.00e+00	1.85e-09	8.04e-19
 6.02794e+16	1.00e+00	1.29e-09	3.95e-19
 6.25235e+16	1.00e+00	8.70e-10	1.80e-19
 6.48329e+16	1.00e+00	5.88e-10	8.30e-20
 6.72075e+16	1.00e+00	3.97e-10	3.81e-20
 6.96592e+16	1.00e+00	2.68e-10	1.75e-20
 7.21223e+16	1.00e+00	1.83e-10	8.23e-21
 7.46951e+16	1.00e+00	1.24e-10	0.00e+00
 7.74037e+16	1.00e+00	8.32e-11	0.00e+00
 8.01785e+16	1.00e+00	5.60e-11	0.00e+00
 8.30070e+16	1.00e+00	3.79e-11	0.00e+00
 8.58491e+16	1.00e+00	2.59e-11	0.00e+00
 8.86913e+16	1.00e+00	1.78e-11	0.00e+00
 9.16775e+16	1.00e+00	1.22e-11	0.00e+00
 9.48075e+16	1.00e+00	8.26e-12	0.00e+00
 9.79376e+16	1.00e+00	5.67e-12	0.00e+00
 1.01068e+17	1.00e+00	3.93e-12	0.00e+00
 1.04198e+17	1.00e+00	2.75e-12	0.00e+00
 1.07328e+17	1.00e+00	1.94e-12	0.00e+00
 1.10374e+17	1.00e+00	1.40e-12	0.00e+00
 1.12861e+17	1.00e+00	1.08e-12	0.00e+00
 1.14428e+17	1.00e+00	9.31e-13	0.00e+00
 1.15316e+17	1.00e+00	8.55e-13	0.00e+00
 1.15839e+17	1.00e+00	8.14e-13	0.00e+00
 1.16153e+17	1.00e+00	7.90e-13	0.00e+00
 1.16364e+17	1.00e+00	7.75e-13	0.00e+00
 1.16558e+17	1.00e+00	7.59e-13	0.00e+00
 1.16784e+17	1.00e+00	7.41e-13	0.00e+00
 1.17043e+17	1.00e+00	7.22e-13	0.00e+00
 1.17278e+17	1.00e+00	7.05e-13	0.00e+00
 1.17463e+17	1.00e+00	6.93e-13	0.00e+00
 1.17626e+17	1.00e+00	6.81e-13	0.00e+00
 1.17795e+17	1.00e+00	6.70e-13	0.00e+00
 1.17974e+17	1.00e+00	6.58e-13	0.00e+00
 1.18132e+17	1.00e+00	6.48e-13	0.00e+00
 1.18261e+17	1.00e+00	6.39e-13	0.00e+00
 1.18389e+17	1.00e+00	6.31e-13	0.00e+00
 1.18528e+17	1.00e+00	6.22e-13	0.00e+00
 1.18660e+17	1.00e+00	6.14e-13	0.00e+00
 1.18776e+17	1.00e+00	6.07e-13	0.00e+00
 1.18884e+17	1.00e+00	6.00e-13	0.00e+00
 1.18987e+17	1.00e+00	5.94e-13	0.00e+00
 1.19089e+17	1.00e+00	5.88e-13	0.00e+00
 1.19190e+17	1.00e+00	5.82e-13	0.00e+00
 1.19291e+17	1.00e+00	5.76e-13	0.00e+00
 1.19383e+17	1.00e+00	5.71e-13	0.00e+00
 1.19469e+17	1.00e+00	5.66e-13	0.00e+00
 1.19555e+17	1.00e+00	5.61e-13	0.00e+00
 1.19644e+17	1.00e+00	5.56e-13	0.00e+00
 1.19728e+17	1.00e+00	5.51e-13	0.00e+00
 1.19808e+17	1.00e+00	5.46e-13	0.00e+00
 1.19888e+17	1.00e+00	5.42e-13	0.00e+00
 1.19969e+17	1.00e+00	5.37e-13	0.00e+00
 1.20047e+17	1.00e+00	5.33e-13	0.00e+00
 1.20121e+17	1.00e+00	5.29e-13	0.00e+00
 1.20197e+17	1.00e+00	5.25e-13	0.00e+00
 1.20276e+17	1.00e+00	5.20e-13	0.00e+00
 1.20352e+17	1.00e+00	5.16e-13	0.00e+00
 1.20425e+17	1.00e+00	5.12e-13	0.00e+00
 1.20501e+17	1.00e+00	5.08e-13	0.00e+00
 1.20580e+17	1.00e+00	5.04e-13	0.00e+00
 1.20656e+17	1.00e+00	4.99e-13	0.00e+00
 1.20731e+17	1.00e+00	4.96e-13	0.00e+00
 1.20809e+17	1.00e+00	4.91e-13	0.00e+00
 1.20891e+17	1.00e+00	4.87e-13	0.00e+00
 1.20971e+17	1.00e+00	4.83e-13	0.00e+00
 1.21050e+17	1.00e+00	4.79e-13	0.00e+00
 1.21132e+17	1.00e+00	4.74e-13	0.00e+00
 1.21219e+17	1.00e+00	4.70e-13	0.00e+00
 1.21307e+17	1.00e+00	4.65e-13	0.00e+00
 1.21395e+17	1.00e+00	4.61e-13	0.00e+00
 1.21489e+17	1.00e+00	4.56e-13	0.00e+00
 1.21587e+17	1.00e+00	4.51e-13	0.00e+00
 1.21682e+17	1.00e+00	4.46e-13	0.00e+00
 1.21772e+17	1.00e+00	4.42e-13	0.00e+00
 1.21868e+17	1.00e+00	4.37e-13	0.00e+00
 1.21970e+17	1.00e+00	4.32e-13	0.00e+00
 1.22077e+17	1.00e+00	4.27e-13	0.00e+00
 1.22186e+17	1.00e+00	4.21e-13	0.00e+00
 1.22282e+17	1.00e+00	4.17e-13	0.00e+00
 1.22381e+17	1.00e+00	4.12e-13	0.00e+00
 1.22504e+17	1.00e+00	4.06e-13	0.00e+00
 1.22640e+17	1.00e+00	4.00e-13	0.00e+00
 1.22764e+17	1.00e+00	3.94e-13	0.00e+00
 1.22877e+17	1.00e+00	3.89e-13	0.00e+00
 1.23002e+17	1.00e+00	3.84e-13	0.00e+00
 1.23140e+17	1.00e+00	3.78e-13	0.00e+00
 1.23284e+17	1.00e+00	3.71e-13	0.00e+00
 1.23428e+17	1.00e+00	3.65e-13	0.00e+00
 1.23566e+17	1.00e+00	3.60e-13	0.00e+00
 1.23706e+17	1.00e+00	3.54e-13	0.00e+00
 1.23860e+17	1.00e+00	3.47e-13	0.00e+00
 1.24025e+17	1.00e+00	3.41e-13	0.00e+00
 1.24192e+17	1.00e+00	3.34e-13	0.00e+00
 1.24359e+17	1.00e+00	3.28e-13	0.00e+00
 1.24526e+17	1.00e+00	3.21e-13	0.00e+00
 1.24699e+17	1.00e+00	3.15e-13	0.00e+00
 1.24884e+17	1.00e+00	3.08e-13	0.00e+00
 1.25078e+17	1.00e+00	3.01e-13	0.00e+00
 1.25274e+17	1.00e+00	2.95e-13	0.00e+00
 1.25474e+17	1.00e+00	2.88e-13	0.00e+00
 1.25685e+17	1.00e+00	2.80e-13	0.00e+00
 1.25901e+17	1.00e+00	2.73e-13	0.00e+00
 1.26117e+17	1.00e+00	2.67e-13	0.00e+00
 1.26343e+17	1.00e+00	2.59e-13	0.00e+00
 1.26576e+17	1.00e+00	2.52e-13	0.00e+00
 1.26815e+17	1.00e+00	2.45e-13	0.00e+00
 1.27063e+17	1.00e+00	2.38e-13	0.00e+00
 1.27320e+17	1.00e+00	2.31e-13	0.00e+00
 1.27583e+17	1.00e+00	2.24e-13	0.00e+00
 1.27852e+17	1.00e+00	2.17e-13	0.00e+00
 1.28127e+17	1.00e+00	2.10e-13	0.00e+00
 1.28403e+17	1.00e+00	2.03e-13	0.00e+00
 1.28687e+17	1.00e+00	1.96e-13	0.00e+00
 1.28994e+17	1.00e+00	1.89e-13	0.00e+00
 1.29318e+17	1.00e+00	1.82e-13	0.00e+00
 1.29640e+17	1.00e+00	1.75e-13	0.00e+00
 1.29958e+17	1.00e+00	1.68e-13	0.00e+00
 1.30291e+17	1.00e+00	1.62e-13	0.00e+00
 1.30651e+17	1.00e+00	1.55e-13	0.00e+00
 1.31022e+17	1.00e+00	1.48e-13	0.00e+00
 1.31386e+17	1.00e+00	1.42e-13	0.00e+00
 1.31752e+17	1.00e+00	1.35e-13	0.00e+00
 1.32136e+17	1.00e+00	1.29e-13	0.00e+00
 1.32547e+17	1.00e+00	1.23e-13	0.00e+00
 1.32974e+17	1.00e+00	1.17e-13	0.00e+00
 1.33421e+17	1.00e+00	1.11e-13	0.00e+00
 1.33879e+17	1.00e+00	1.05e-13	0.00e+00
 1.34326e+17	1.00e+00	1.00e-13	0.00e+00
 1.34794e+17	1.00e+00	9.47e-14	0.00e+00
 1.35297e+17	1.00e+00	8.97e-14	0.00e+00
 1.35828e+17	1.00e+00	8.44e-14	0.00e+00
 1.36391e+17	1.00e+00	7.92e-14	0.00e+00
 1.36952e+17	1.00e+00	7.46e-14	0.00e+00
 1.37519e+17	1.00e+00	7.01e-14	0.00e+00
 1.38120e+17	1.00e+00	6.58e-14	0.00e+00
 1.38715e+17	1.00e+00	6.18e-14	0.00e+00
 1.39249e+17	1.00e+00	5.85e-14	0.00e+00
 1.39720e+17	1.00e+00	5.58e-14	0.00e+00
 1.40170e+17	1.00e+00	5.33e-14	0.00e+00
 1.40623e+17	1.00e+00	5.08e-14	0.00e+00
 1.41068e+17	1.00e+00	4.85e-14	0.00e+00
 1.41479e+17	1.00e+00	4.65e-14	0.00e+00
 1.41846e+17	1.00e+00	4.47e-14	0.00e+00
 1.42180e+17	1.00e+00	4.31e-14	0.00e+00
 1.42492e+17	1.00e+00	4.17e-14	0.00e+00
 1.42789e+17	1.00e+00	4.04e-14	0.00e+00
 1.43069e+17	1.00e+00	3.92e-14	0.00e+00
 1.43331e+17	1.00e+00	3.81e-14	0.00e+00
 1.43576e+17	1.00e+00	3.71e-14	0.00e+00
 1.43809e+17	1.00e+00	3.62e-14	0.00e+00
 1.44031e+17	1.00e+00	3.53e-14	0.00e+00
 1.44244e+17	1.00e+00	3.45e-14	0.00e+00
 1.44450e+17	1.00e+00	3.37e-14	0.00e+00
 1.44647e+17	1.00e+00	3.29e-14	0.00e+00
 1.44837e+17	1.00e+00	3.23e-14	0.00e+00
 1.45022e+17	1.00e+00	3.16e-14	0.00e+00
 1.45203e+17	1.00e+00	3.10e-14	0.00e+00
 1.45379e+17	1.00e+00	3.04e-14	0.00e+00
 1.45551e+17	1.00e+00	2.98e-14	0.00e+00
 1.45719e+17	1.00e+00	2.93e-14	0.00e+00
 1.45883e+17	1.00e+00	2.88e-14	0.00e+00
 1.46045e+17	1.00e+00	2.83e-14	0.00e+00
 1.46203e+17	1.00e+00	2.78e-14	0.00e+00
 1.46360e+17	1.00e+00	2.73e-14	0.00e+00
 1.46514e+17	1.00e+00	2.69e-14	0.00e+00
 1.46666e+17	1.00e+00	2.65e-14	0.00e+00
 1.46840e+17	1.00e+00	2.60e-14	0.00e+00
 1.47065e+17	1.00e+00	2.53e-14	0.00e+00
 1.47359e+17	1.00e+00	2.46e-14	0.00e+00
 1.47740e+17	1.00e+00	2.36e-14	0.00e+00
 1.48236e+17	1.00e+00	2.24e-14	0.00e+00
 1.48860e+17	1.00e+00	2.10e-14	0.00e+00
 1.49534e+17	1.00e+00	1.96e-14	0.00e+00
 1.50141e+17	1.00e+00	1.85e-14	0.00e+00
 1.50657e+17	1.00e+00	1.76e-14	0.00e+00
 1.51141e+17	1.00e+00	1.68e-14	0.00e+00
 1.51657e+17	1.00e+00	1.60e-14	0.00e+00
 1.52222e+17	1.00e+00	1.51e-14	0.00e+00
 1.52809e+17	1.00e+00	1.43e-14	0.00e+00
 1.53384e+17	1.00e+00	1.35e-14	0.00e+00
 1.53944e+17	1.00e+00	1.28e-14	0.00e+00
 1.54516e+17	1.00e+00	1.22e-14	0.00e+00
 1.55126e+17	1.00e+00	1.15e-14	0.00e+00
 1.55784e+17	1.00e+00	1.08e-14	0.00e+00
 1.56485e+17	1.00e+00	1.01e-14	0.00e+00
 1.57235e+17	1.00e+00	9.46e-15	0.00e+00
 1.58061e+17	1.00e+00	8.77e-15	0.00e+00
 1.59018e+17	1.00e+00	8.03e-15	0.00e+00
 1.60189e+17	1.00e+00	7.21e-15	0.00e+00
 1.61686e+17	1.00e+00	6.28e-15	0.00e+00
 1.63632e+17	1.00e+00	5.27e-15	0.00e+00
 1.66162e+17	1.00e+00	4.20e-15	0.00e+00
 1.69452e+17	1.00e+00	3.14e-15	0.00e+00
 1.73727e+17	1.00e+00	2.17e-15	0.00e+00
 1.79286e+17	1.00e+00	1.35e-15	0.00e+00
 1.86076e+17	1.00e+00	7.73e-16	0.00e+00
 1.93372e+17	1.00e+00	4.31e-16	0.00e+00
 2.00185e+17	1.00e+00	2.52e-16	0.00e+00
 2.06079e+17	1.00e+00	1.59e-16	0.00e+00
 2.11428e+17	1.00e+00	1.05e-16	0.00e+00
 2.17458e+17	1.00e+00	6.50e-17	0.00e+00
 2.25160e+17	1.00e+00	3.55e-17	0.00e+00
 2.32919e+17	1.00e+00	1.92e-17	0.00e+00
 2.38465e+17	1.00e+00	1.22e-17	0.00e+00
 2.41792e+17	1.00e+00	9.11e-18	0.00e+00
 2.43788e+17	1.00e+00	7.41e-18	0.00e+00
 2.44986e+17	1.00e+00	6.58e-18	0.00e+00
 2.45705e+17	1.00e+00	6.10e-18	0.00e+00
 2.46136e+17	1.00e+00	5.82e-18	0.00e+00
 2.46395e+17	1.00e+00	5.65e-18	0.00e+00
 2.46568e+17	1.00e+00	5.54e-18	0.00e+00
 2.46744e+17	1.00e+00	5.43e-18	0.00e+00
 2.46972e+17	1.00e+00	5.30e-18	0.00e+00
 2.47258e+17	1.00e+00	5.13e-18	0.00e+00
 2.47560e+17	1.00e+00	4.95e-18	0.00e+00
 2.47814e+17	1.00e+00	4.80e-18	0.00e+00
 2.48010e+17	1.00e+00	4.68e-18	0.00e+00
 2.48187e+17	1.00e+00	4.58e-18	0.00e+00
 2.48391e+17	1.00e+00	4.47e-18	0.00e+00
 2.48645e+17	1.00e+00	4.33e-18	0.00e+00
 2.48916e+17	1.00e+00	4.18e-18	0.00e+00
 2.49149e+17	1.00e+00	4.04e-18	0.00e+00
 2.49332e+17	1.00e+00	3.94e-18	0.00e+00
 2.49496e+17	1.00e+00	3.85e-18	0.00e+00
 2.49682e+17	1.00e+00	3.75e-18	0.00e+00
 2.49910e+17	1.00e+00	3.63e-18	0.00e+00
 2.50156e+17	1.00e+00	3.50e-18	0.00e+00
 2.50371e+17	1.00e+00	3.39e-18	0.00e+00
 2.50543e+17	1.00e+00	3.29e-18	0.00e+00
 2.50699e+17	1.00e+00	3.21e-18	0.00e+00
 2.50873e+17	1.00e+00	3.13e-18	0.00e+00
 2.51085e+17	1.00e+00	3.02e-18	0.00e+00
 2.51313e+17	1.00e+00	2.91e-18	0.00e+00
 2.51515e+17	1.00e+00	2.81e-18	0.00e+00
 2.51678e+17	1.00e+00	2.72e-18	0.00e+00
 2.51827e+17	1.00e+00	2.65e-18	0.00e+00
 2.51993e+17	1.00e+00	2.58e-18	0.00e+00
 2.52194e+17	1.00e+00	2.48e-18	0.00e+00
 2.52411e+17	1.00e+00	2.38e-18	0.00e+00
 2.52606e+17	1.00e+00	2.29e-18	0.00e+00
 2.52766e+17	1.00e+00	2.22e-18	0.00e+00
 2.52912e+17	1.00e+00	2.15e-18	0.00e+00
 2.53075e+17	1.00e+00	2.09e-18	0.00e+00
 2.53270e+17	1.00e+00	2.01e-18	0.00e+00
 2.53479e+17	1.00e+00	1.92e-18	0.00e+00
 2.53669e+17	1.00e+00	1.84e-18	0.00e+00
 2.53829e+17	1.00e+00	1.78e-18	0.00e+00
 2.53978e+17	1.00e+00	1.72e-18	0.00e+00
 2.54141e+17	1.00e+00	1.66e-18	0.00e+00
 2.54334e+17	1.00e+00	1.60e-18	0.00e+00
 2.54541e+17	1.00e+00	1.52e-18	0.00e+00
 2.54732e+17	1.00e+00	1.45e-18	0.00e+00
 2.54897e+17	1.00e+00	1.40e-18	0.00e+00
 2.55050e+17	1.00e+00	1.35e-18	0.00e+00
 2.55216e+17	1.00e+00	1.30e-18	0.00e+00
 2.55412e+17	1.00e+00	1.24e-18	0.00e+00
 2.55625e+17	1.00e+00	1.18e-18	0.00e+00
 2.55825e+17	1.00e+00	1.12e-18	0.00e+00
