#depth	C	C+	C+2	C+3	C+4	C+5	C+6	C[1]	C[2]	C[3]	C+[1]	C+[2]	CO
 1.49634e+10	0.00e+00	2.17e-29	2.34e-20	7.54e-12	8.28e-03	8.96e-01	9.52e-02	0.00e+00	0.00e+00	0.00e+00	0.00e+00	0.00e+00	0.00e+00
 4.54887e+10	2.61e-39	3.10e-29	3.07e-20	9.09e-12	9.17e-03	9.03e-01	8.80e-02	0.00e+00	0.00e+00	0.00e+00	0.00e+00	0.00e+00	1.07e-127
 7.72350e+10	0.00e+00	4.46e-29	4.06e-20	1.10e-11	1.02e-02	9.09e-01	8.13e-02	0.00e+00	0.00e+00	0.00e+00	0.00e+00	0.00e+00	0.00e+00
 1.10251e+11	6.42e-39	6.41e-29	5.36e-20	1.33e-11	1.13e-02	9.14e-01	7.50e-02	0.00e+00	0.00e+00	0.00e+00	0.00e+00	0.00e+00	1.16e-126
 1.41413e+11	0.00e+00	8.92e-29	6.90e-20	1.58e-11	1.24e-02	9.18e-01	6.96e-02	0.00e+00	0.00e+00	0.00e+00	0.00e+00	0.00e+00	0.00e+00
 1.69335e+11	1.38e-38	1.19e-28	8.60e-20	1.84e-11	1.34e-02	9.21e-01	6.52e-02	0.00e+00	0.00e+00	0.00e+00	0.00e+00	0.00e+00	8.80e-126
 2.00597e+11	0.00e+00	1.63e-28	1.09e-19	2.16e-11	1.47e-02	9.25e-01	6.07e-02	0.00e+00	0.00e+00	0.00e+00	0.00e+00	0.00e+00	0.00e+00
 2.37596e+11	3.18e-38	2.33e-28	1.44e-19	2.61e-11	1.62e-02	9.28e-01	5.59e-02	0.00e+00	0.00e+00	0.00e+00	0.00e+00	0.00e+00	7.93e-125
 2.74835e+11	0.00e+00	3.29e-28	1.87e-19	3.12e-11	1.79e-02	9.31e-01	5.16e-02	0.00e+00	0.00e+00	0.00e+00	0.00e+00	0.00e+00	0.00e+00
 3.09994e+11	7.24e-38	4.52e-28	2.39e-19	3.68e-11	1.95e-02	9.33e-01	4.78e-02	0.00e+00	0.00e+00	0.00e+00	0.00e+00	0.00e+00	7.00e-124
 3.48751e+11	0.00e+00	6.34e-28	3.10e-19	4.39e-11	2.14e-02	9.34e-01	4.42e-02	0.00e+00	0.00e+00	0.00e+00	0.00e+00	0.00e+00	0.00e+00
 3.92628e+11	1.75e-37	9.18e-28	4.11e-19	5.32e-11	2.37e-02	9.36e-01	4.04e-02	0.00e+00	0.00e+00	0.00e+00	0.00e+00	0.00e+00	7.13e-123
 4.36064e+11	0.00e+00	1.31e-27	5.39e-19	6.39e-11	2.61e-02	9.37e-01	3.71e-02	0.00e+00	0.00e+00	0.00e+00	0.00e+00	0.00e+00	0.00e+00
 4.81237e+11	4.21e-37	1.86e-27	7.08e-19	7.68e-11	2.88e-02	9.37e-01	3.40e-02	0.00e+00	0.00e+00	0.00e+00	0.00e+00	0.00e+00	7.23e-122
 5.30413e+11	0.00e+00	2.71e-27	9.41e-19	9.32e-11	3.18e-02	9.37e-01	3.11e-02	0.00e+00	0.00e+00	0.00e+00	0.00e+00	0.00e+00	0.00e+00
 5.80113e+11	1.05e-36	3.89e-27	1.24e-18	1.12e-10	3.51e-02	9.37e-01	2.84e-02	0.00e+00	0.00e+00	0.00e+00	0.00e+00	0.00e+00	7.99e-121
 6.31802e+11	0.00e+00	5.60e-27	1.64e-18	1.36e-10	3.87e-02	9.35e-01	2.59e-02	0.00e+00	0.00e+00	0.00e+00	0.00e+00	0.00e+00	0.00e+00
 6.85116e+11	2.59e-36	8.05e-27	2.17e-18	1.64e-10	4.26e-02	9.34e-01	2.36e-02	0.00e+00	0.00e+00	0.00e+00	0.00e+00	0.00e+00	8.55e-120
 7.37596e+11	0.00e+00	1.14e-26	2.83e-18	1.96e-10	4.66e-02	9.32e-01	2.16e-02	0.00e+00	0.00e+00	0.00e+00	0.00e+00	0.00e+00	0.00e+00
 7.94061e+11	6.18e-36	1.62e-26	3.72e-18	2.35e-10	5.12e-02	9.29e-01	1.97e-02	0.00e+00	0.00e+00	0.00e+00	0.00e+00	0.00e+00	8.40e-119
 8.55750e+11	0.00e+00	2.36e-26	4.96e-18	2.86e-10	5.66e-02	9.26e-01	1.79e-02	0.00e+00	0.00e+00	0.00e+00	0.00e+00	0.00e+00	0.00e+00
 9.19907e+11	1.57e-35	3.44e-26	6.63e-18	3.47e-10	6.24e-02	9.21e-01	1.62e-02	0.00e+00	0.00e+00	0.00e+00	0.00e+00	0.00e+00	9.71e-118
 9.86630e+11	0.00e+00	5.01e-26	8.86e-18	4.21e-10	6.88e-02	9.17e-01	1.46e-02	0.00e+00	0.00e+00	0.00e+00	0.00e+00	0.00e+00	0.00e+00
 1.05602e+12	4.00e-35	7.30e-26	1.18e-17	5.12e-10	7.58e-02	9.11e-01	1.32e-02	0.00e+00	0.00e+00	0.00e+00	0.00e+00	0.00e+00	1.12e-116
 1.11882e+12	0.00e+00	1.01e-25	1.52e-17	6.06e-10	8.24e-02	9.06e-01	1.20e-02	0.00e+00	0.00e+00	0.00e+00	0.00e+00	0.00e+00	9.97e-100
 1.17119e+12	8.33e-35	1.32e-25	1.87e-17	6.95e-10	8.82e-02	9.01e-01	1.12e-02	0.00e+00	0.00e+00	0.00e+00	0.00e+00	0.00e+00	0.00e+00
 1.22858e+12	1.18e-34	1.75e-25	2.32e-17	8.04e-10	9.47e-02	8.95e-01	1.03e-02	0.00e+00	0.00e+00	0.00e+00	0.00e+00	0.00e+00	1.90e-115
 1.30120e+12	1.80e-34	2.46e-25	3.03e-17	9.60e-10	1.03e-01	8.87e-01	9.34e-03	0.00e+00	0.00e+00	0.00e+00	0.00e+00	0.00e+00	2.77e-97
 1.37694e+12	2.76e-34	3.47e-25	3.96e-17	1.15e-09	1.13e-01	8.79e-01	8.45e-03	0.00e+00	0.00e+00	0.00e+00	0.00e+00	0.00e+00	0.00e+00
 1.44128e+12	3.92e-34	4.60e-25	4.92e-17	1.33e-09	1.21e-01	8.71e-01	7.77e-03	0.00e+00	0.00e+00	0.00e+00	0.00e+00	0.00e+00	4.41e-114
 1.50749e+12	5.53e-34	6.09e-25	6.11e-17	1.54e-09	1.29e-01	8.63e-01	7.14e-03	0.00e+00	0.00e+00	0.00e+00	0.00e+00	0.00e+00	3.21e-96
 1.59077e+12	8.41e-34	8.54e-25	7.95e-17	1.83e-09	1.41e-01	8.53e-01	6.44e-03	0.00e+00	0.00e+00	0.00e+00	0.00e+00	0.00e+00	0.00e+00
 1.67535e+12	1.26e-33	1.19e-24	1.03e-16	2.17e-09	1.53e-01	8.42e-01	5.80e-03	0.00e+00	0.00e+00	0.00e+00	0.00e+00	0.00e+00	9.61e-113
 1.74798e+12	1.77e-33	1.56e-24	1.27e-16	2.50e-09	1.63e-01	8.32e-01	5.32e-03	0.00e+00	0.00e+00	0.00e+00	0.00e+00	0.00e+00	4.04e-95
 1.82597e+12	2.50e-33	2.06e-24	1.58e-16	2.90e-09	1.74e-01	8.21e-01	4.86e-03	0.00e+00	0.00e+00	0.00e+00	0.00e+00	0.00e+00	5.84e-112
 1.92242e+12	3.78e-33	2.88e-24	2.05e-16	3.45e-09	1.89e-01	8.07e-01	4.35e-03	0.00e+00	0.00e+00	0.00e+00	0.00e+00	0.00e+00	2.11e-94
 2.02127e+12	5.65e-33	3.99e-24	2.65e-16	4.08e-09	2.04e-01	7.92e-01	3.90e-03	0.00e+00	0.00e+00	0.00e+00	0.00e+00	0.00e+00	5.08e-111
 2.11038e+12	7.99e-33	5.29e-24	3.30e-16	4.72e-09	2.17e-01	7.79e-01	3.54e-03	0.00e+00	0.00e+00	0.00e+00	0.00e+00	0.00e+00	1.09e-93
 2.20840e+12	1.15e-32	7.11e-24	4.16e-16	5.51e-09	2.33e-01	7.64e-01	3.19e-03	0.00e+00	0.00e+00	0.00e+00	0.00e+00	0.00e+00	3.41e-110
 2.32404e+12	1.74e-32	9.92e-24	5.40e-16	6.54e-09	2.51e-01	7.46e-01	2.83e-03	0.00e+00	0.00e+00	0.00e+00	0.00e+00	0.00e+00	5.95e-93
 2.43982e+12	2.57e-32	1.36e-23	6.92e-16	7.71e-09	2.69e-01	7.28e-01	2.52e-03	0.00e+00	0.00e+00	0.00e+00	0.00e+00	0.00e+00	2.97e-109
 2.54977e+12	3.66e-32	1.82e-23	8.66e-16	8.94e-09	2.87e-01	7.11e-01	2.26e-03	0.00e+00	0.00e+00	0.00e+00	0.00e+00	0.00e+00	3.07e-92
 2.67123e+12	5.31e-32	2.46e-23	1.10e-15	1.04e-08	3.06e-01	6.92e-01	2.01e-03	0.00e+00	0.00e+00	0.00e+00	0.00e+00	0.00e+00	2.16e-108
 2.80801e+12	7.93e-32	3.40e-23	1.41e-15	1.23e-08	3.27e-01	6.71e-01	1.77e-03	0.00e+00	0.00e+00	0.00e+00	0.00e+00	0.00e+00	1.70e-91
 2.94472e+12	1.16e-31	4.62e-23	1.80e-15	1.44e-08	3.49e-01	6.50e-01	1.56e-03	0.00e+00	0.00e+00	0.00e+00	0.00e+00	0.00e+00	1.84e-107
 3.06569e+12	1.60e-31	5.99e-23	2.20e-15	1.64e-08	3.67e-01	6.32e-01	1.40e-03	0.00e+00	0.00e+00	0.00e+00	0.00e+00	0.00e+00	8.11e-91
 3.16712e+12	2.06e-31	7.38e-23	2.59e-15	1.83e-08	3.82e-01	6.16e-01	1.28e-03	0.00e+00	0.00e+00	0.00e+00	0.00e+00	0.00e+00	9.20e-107
 3.27626e+12	2.70e-31	9.17e-23	3.06e-15	2.04e-08	3.99e-01	6.00e-01	1.17e-03	0.00e+00	0.00e+00	0.00e+00	0.00e+00	0.00e+00	2.65e-90
 3.41813e+12	3.77e-31	1.20e-22	3.78e-15	2.33e-08	4.19e-01	5.80e-01	1.04e-03	0.00e+00	0.00e+00	0.00e+00	0.00e+00	0.00e+00	4.99e-106
 3.56662e+12	5.26e-31	1.57e-22	4.66e-15	2.67e-08	4.40e-01	5.59e-01	9.20e-04	0.00e+00	0.00e+00	0.00e+00	0.00e+00	0.00e+00	1.20e-89
 3.69335e+12	6.91e-31	1.96e-22	5.53e-15	2.98e-08	4.58e-01	5.41e-01	8.32e-04	0.00e+00	0.00e+00	0.00e+00	0.00e+00	0.00e+00	2.79e-105
 3.82777e+12	9.12e-31	2.45e-22	6.58e-15	3.33e-08	4.76e-01	5.23e-01	7.49e-04	0.00e+00	0.00e+00	0.00e+00	0.00e+00	0.00e+00	4.23e-89
 3.99679e+12	1.27e-30	3.21e-22	8.11e-15	3.80e-08	4.98e-01	5.01e-01	6.58e-04	0.00e+00	0.00e+00	0.00e+00	0.00e+00	0.00e+00	1.62e-104
 4.17081e+12	1.77e-30	4.19e-22	9.95e-15	4.32e-08	5.20e-01	4.80e-01	5.77e-04	0.00e+00	0.00e+00	0.00e+00	0.00e+00	0.00e+00	1.95e-88
 4.32418e+12	2.34e-30	5.24e-22	1.18e-14	4.82e-08	5.38e-01	4.61e-01	5.16e-04	0.00e+00	0.00e+00	0.00e+00	0.00e+00	0.00e+00	9.44e-104
 4.49066e+12	3.12e-30	6.61e-22	1.41e-14	5.39e-08	5.57e-01	4.42e-01	4.59e-04	0.00e+00	0.00e+00	0.00e+00	0.00e+00	0.00e+00	7.32e-88
 4.67448e+12	4.23e-30	8.45e-22	1.71e-14	6.06e-08	5.78e-01	4.22e-01	4.03e-04	0.00e+00	0.00e+00	0.00e+00	0.00e+00	0.00e+00	5.41e-103
 4.84399e+12	5.54e-30	1.05e-21	2.02e-14	6.72e-08	5.95e-01	4.04e-01	3.60e-04	0.00e+00	0.00e+00	0.00e+00	0.00e+00	0.00e+00	2.83e-87
 5.02751e+12	7.34e-30	1.31e-21	2.40e-14	7.48e-08	6.14e-01	3.86e-01	3.18e-04	0.00e+00	0.00e+00	0.00e+00	0.00e+00	0.00e+00	2.78e-102
 5.23211e+12	9.90e-30	1.67e-21	2.88e-14	8.38e-08	6.33e-01	3.67e-01	2.79e-04	0.00e+00	0.00e+00	0.00e+00	0.00e+00	0.00e+00	1.12e-86
 5.42367e+12	1.30e-29	2.07e-21	3.40e-14	9.26e-08	6.50e-01	3.50e-01	2.47e-04	0.00e+00	0.00e+00	0.00e+00	0.00e+00	0.00e+00	1.54e-101
 5.63229e+12	1.72e-29	2.60e-21	4.03e-14	1.03e-07	6.68e-01	3.32e-01	2.17e-04	0.00e+00	0.00e+00	0.00e+00	0.00e+00	0.00e+00	4.23e-86
 5.86410e+12	2.32e-29	3.30e-21	4.83e-14	1.15e-07	6.86e-01	3.14e-01	1.89e-04	0.00e+00	0.00e+00	0.00e+00	0.00e+00	0.00e+00	8.99e-101
 6.08054e+12	3.03e-29	4.09e-21	5.69e-14	1.27e-07	7.02e-01	2.98e-01	1.67e-04	0.00e+00	0.00e+00	0.00e+00	0.00e+00	0.00e+00	1.68e-85
 6.31640e+12	4.01e-29	5.11e-21	6.73e-14	1.40e-07	7.18e-01	2.82e-01	1.46e-04	0.00e+00	0.00e+00	0.00e+00	0.00e+00	0.00e+00	4.86e-100
 6.58007e+12	5.41e-29	6.49e-21	8.07e-14	1.56e-07	7.35e-01	2.65e-01	1.26e-04	0.00e+00	0.00e+00	0.00e+00	0.00e+00	0.00e+00	6.97e-85
 6.82870e+12	7.10e-29	8.06e-21	9.49e-14	1.72e-07	7.49e-01	2.51e-01	1.10e-04	0.00e+00	0.00e+00	0.00e+00	0.00e+00	0.00e+00	2.87e-99
 7.10072e+12	9.45e-29	1.01e-20	1.12e-13	1.90e-07	7.64e-01	2.36e-01	9.59e-05	0.00e+00	0.00e+00	0.00e+00	0.00e+00	0.00e+00	2.79e-84
 7.40537e+12	1.28e-28	1.29e-20	1.35e-13	2.11e-07	7.80e-01	2.20e-01	8.22e-05	0.00e+00	0.00e+00	0.00e+00	0.00e+00	0.00e+00	1.83e-98
 7.69411e+12	1.70e-28	1.61e-20	1.59e-13	2.33e-07	7.93e-01	2.07e-01	7.15e-05	0.00e+00	0.00e+00	0.00e+00	0.00e+00	0.00e+00	1.21e-83
 8.00355e+12	2.26e-28	2.01e-20	1.88e-13	2.56e-07	8.06e-01	1.94e-01	6.18e-05	0.00e+00	0.00e+00	0.00e+00	0.00e+00	0.00e+00	1.10e-97
 8.35362e+12	3.08e-28	2.57e-20	2.26e-13	2.85e-07	8.19e-01	1.81e-01	5.27e-05	0.00e+00	0.00e+00	0.00e+00	0.00e+00	0.00e+00	5.49e-83
 8.70024e+12	4.14e-28	3.25e-20	2.68e-13	3.14e-07	8.31e-01	1.69e-01	4.52e-05	0.00e+00	0.00e+00	0.00e+00	0.00e+00	0.00e+00	7.53e-97
 9.06072e+12	5.55e-28	4.09e-20	3.17e-13	3.46e-07	8.43e-01	1.57e-01	3.88e-05	0.00e+00	0.00e+00	0.00e+00	0.00e+00	0.00e+00	2.49e-82
 9.45308e+12	7.54e-28	5.21e-20	3.79e-13	3.83e-07	8.54e-01	1.46e-01	3.31e-05	0.00e+00	0.00e+00	0.00e+00	0.00e+00	0.00e+00	5.19e-96
 9.86113e+12	1.03e-27	6.63e-20	4.51e-13	4.22e-07	8.64e-01	1.36e-01	2.82e-05	0.00e+00	0.00e+00	0.00e+00	0.00e+00	0.00e+00	1.24e-81
 1.02484e+13	1.36e-27	8.25e-20	5.28e-13	4.62e-07	8.73e-01	1.27e-01	2.44e-05	0.00e+00	0.00e+00	0.00e+00	0.00e+00	0.00e+00	3.46e-95
 1.05965e+13	1.73e-27	9.96e-20	6.06e-13	4.99e-07	8.81e-01	1.19e-01	2.14e-05	0.00e+00	0.00e+00	0.00e+00	0.00e+00	0.00e+00	4.80e-81
 1.09203e+13	2.15e-27	1.18e-19	6.86e-13	5.34e-07	8.87e-01	1.13e-01	1.91e-05	0.00e+00	0.00e+00	0.00e+00	0.00e+00	0.00e+00	1.54e-94
 1.12763e+13	2.72e-27	1.42e-19	7.82e-13	5.74e-07	8.93e-01	1.07e-01	1.69e-05	0.00e+00	0.00e+00	0.00e+00	0.00e+00	0.00e+00	1.58e-80
 1.16783e+13	3.52e-27	1.73e-19	9.01e-13	6.21e-07	9.00e-01	1.00e-01	1.48e-05	0.00e+00	0.00e+00	0.00e+00	0.00e+00	0.00e+00	7.62e-94
 1.20645e+13	4.47e-27	2.08e-19	1.03e-12	6.67e-07	9.06e-01	9.44e-02	1.30e-05	0.00e+00	0.00e+00	0.00e+00	0.00e+00	0.00e+00	5.88e-80
 1.24910e+13	5.76e-27	2.54e-19	1.18e-12	7.20e-07	9.11e-01	8.86e-02	1.14e-05	0.00e+00	0.00e+00	0.00e+00	0.00e+00	0.00e+00	3.79e-93
 1.29648e+13	7.58e-27	3.14e-19	1.37e-12	7.82e-07	9.17e-01	8.27e-02	9.88e-06	0.00e+00	0.00e+00	0.00e+00	0.00e+00	0.00e+00	2.40e-79
 1.33994e+13	9.67e-27	3.78e-19	1.57e-12	8.40e-07	9.22e-01	7.78e-02	8.70e-06	0.00e+00	0.00e+00	0.00e+00	0.00e+00	0.00e+00	2.04e-92
 1.38032e+13	1.20e-26	4.48e-19	1.77e-12	8.95e-07	9.26e-01	7.36e-02	7.76e-06	0.00e+00	0.00e+00	0.00e+00	0.00e+00	0.00e+00	8.28e-79
 1.42672e+13	1.54e-26	5.41e-19	2.02e-12	9.61e-07	9.31e-01	6.93e-02	6.84e-06	0.00e+00	0.00e+00	0.00e+00	0.00e+00	0.00e+00	9.32e-92
 1.48351e+13	2.06e-26	6.77e-19	2.36e-12	1.04e-06	9.36e-01	6.45e-02	5.89e-06	0.00e+00	0.00e+00	0.00e+00	0.00e+00	0.00e+00	3.53e-78
 1.54014e+13	2.72e-26	8.37e-19	2.74e-12	1.13e-06	9.40e-01	6.01e-02	5.09e-06	0.00e+00	0.00e+00	0.00e+00	0.00e+00	0.00e+00	5.97e-91
 1.58938e+13	3.44e-26	1.00e-18	3.10e-12	1.21e-06	9.43e-01	5.66e-02	4.51e-06	0.00e+00	0.00e+00	0.00e+00	0.00e+00	0.00e+00	1.41e-77
 1.64265e+13	4.41e-26	1.21e-18	3.54e-12	1.29e-06	9.47e-01	5.33e-02	3.97e-06	0.00e+00	0.00e+00	0.00e+00	0.00e+00	0.00e+00	2.90e-90
 1.70771e+13	5.93e-26	1.52e-18	4.12e-12	1.40e-06	9.50e-01	4.96e-02	3.43e-06	0.00e+00	0.00e+00	0.00e+00	0.00e+00	0.00e+00	6.16e-77
 1.77403e+13	7.88e-26	1.89e-18	4.80e-12	1.52e-06	9.54e-01	4.61e-02	2.95e-06	0.00e+00	0.00e+00	0.00e+00	0.00e+00	0.00e+00	1.92e-89
 1.83395e+13	1.01e-25	2.29e-18	5.47e-12	1.62e-06	9.57e-01	4.33e-02	2.60e-06	0.00e+00	0.00e+00	0.00e+00	0.00e+00	0.00e+00	2.65e-76
 1.89962e+13	1.33e-25	2.80e-18	6.28e-12	1.74e-06	9.59e-01	4.06e-02	2.28e-06	0.00e+00	0.00e+00	0.00e+00	0.00e+00	0.00e+00	5.52e-76
 1.97697e+13	1.80e-25	3.54e-18	7.35e-12	1.89e-06	9.62e-01	3.76e-02	1.95e-06	0.00e+00	0.00e+00	0.00e+00	0.00e+00	0.00e+00	1.28e-75
 2.05412e+13	2.41e-25	4.41e-18	8.55e-12	2.04e-06	9.65e-01	3.50e-02	1.68e-06	0.00e+00	0.00e+00	0.00e+00	0.00e+00	0.00e+00	2.80e-75
 2.12657e+13	3.15e-25	5.39e-18	9.79e-12	2.19e-06	9.67e-01	3.28e-02	1.48e-06	0.00e+00	0.00e+00	0.00e+00	0.00e+00	0.00e+00	5.84e-75
 2.20683e+13	4.20e-25	6.69e-18	1.13e-11	2.36e-06	9.69e-01	3.06e-02	1.28e-06	0.00e+00	0.00e+00	0.00e+00	0.00e+00	0.00e+00	1.28e-74
 2.29810e+13	5.74e-25	8.49e-18	1.33e-11	2.56e-06	9.72e-01	2.83e-02	1.10e-06	0.00e+00	0.00e+00	0.00e+00	0.00e+00	0.00e+00	3.04e-74
 2.38982e+13	7.75e-25	1.06e-17	1.55e-11	2.77e-06	9.74e-01	2.63e-02	9.43e-07	0.00e+00	0.00e+00	0.00e+00	0.00e+00	0.00e+00	6.88e-74
 2.48521e+13	1.05e-24	1.34e-17	1.80e-11	2.99e-06	9.76e-01	2.44e-02	0.00e+00	0.00e+00	0.00e+00	0.00e+00	0.00e+00	0.00e+00	1.59e-73
 2.58761e+13	1.44e-24	1.70e-17	2.11e-11	3.23e-06	9.77e-01	2.27e-02	0.00e+00	0.00e+00	0.00e+00	0.00e+00	0.00e+00	0.00e+00	3.80e-73
 2.69411e+13	1.97e-24	2.15e-17	2.48e-11	3.50e-06	9.79e-01	2.10e-02	0.00e+00	0.00e+00	0.00e+00	0.00e+00	0.00e+00	0.00e+00	8.99e-73
 2.79685e+13	2.63e-24	2.67e-17	2.87e-11	3.77e-06	9.80e-01	1.95e-02	0.00e+00	0.00e+00	0.00e+00	0.00e+00	0.00e+00	0.00e+00	1.98e-72
 2.89289e+13	3.43e-24	3.26e-17	3.27e-11	4.03e-06	9.82e-01	1.83e-02	0.00e+00	0.00e+00	0.00e+00	0.00e+00	0.00e+00	0.00e+00	4.10e-72
 2.98355e+13	4.36e-24	3.91e-17	3.69e-11	4.28e-06	9.83e-01	1.73e-02	0.00e+00	0.00e+00	0.00e+00	0.00e+00	0.00e+00	0.00e+00	8.01e-72
 3.08262e+13	5.63e-24	4.73e-17	4.20e-11	4.57e-06	9.84e-01	1.62e-02	0.00e+00	0.00e+00	0.00e+00	0.00e+00	1.53e-17	3.20e-17	1.61e-71
 3.19265e+13	7.38e-24	5.80e-17	4.82e-11	4.90e-06	9.85e-01	1.52e-02	0.00e+00	0.00e+00	0.00e+00	0.00e+00	1.92e-17	3.87e-17	3.38e-71
 3.29541e+13	9.46e-24	6.99e-17	5.46e-11	5.21e-06	9.86e-01	1.43e-02	0.00e+00	0.00e+00	0.00e+00	0.00e+00	2.32e-17	4.67e-17	6.72e-71
 3.40749e+13	1.23e-23	8.52e-17	6.22e-11	5.56e-06	9.87e-01	1.34e-02	0.00e+00	0.00e+00	0.00e+00	0.00e+00	2.83e-17	5.69e-17	1.39e-70
 3.54175e+13	1.66e-23	1.07e-16	7.24e-11	6.00e-06	9.88e-01	1.25e-02	0.00e+00	0.00e+00	0.00e+00	0.00e+00	3.55e-17	7.14e-17	3.19e-70
 3.67426e+13	2.21e-23	1.32e-16	8.37e-11	6.46e-06	9.88e-01	1.16e-02	0.00e+00	0.00e+00	0.00e+00	0.00e+00	4.38e-17	8.82e-17	6.90e-70
 3.79346e+13	2.84e-23	1.60e-16	9.48e-11	6.87e-06	9.89e-01	1.09e-02	0.00e+00	0.00e+00	0.00e+00	0.00e+00	5.30e-17	1.07e-16	1.39e-69
 3.92593e+13	3.69e-23	1.95e-16	1.09e-10	7.36e-06	9.90e-01	1.02e-02	0.00e+00	0.00e+00	0.00e+00	0.00e+00	6.46e-17	1.30e-16	2.85e-69
 4.08232e+13	5.02e-23	2.45e-16	1.27e-10	7.94e-06	9.91e-01	9.46e-03	0.00e+00	0.00e+00	0.00e+00	0.00e+00	8.14e-17	1.64e-16	6.68e-69
 4.24133e+13	6.70e-23	3.05e-16	1.47e-10	8.58e-06	9.91e-01	8.77e-03	0.00e+00	0.00e+00	0.00e+00	0.00e+00	1.01e-16	2.04e-16	1.47e-68
 4.39455e+13	8.85e-23	3.76e-16	1.69e-10	9.19e-06	9.92e-01	8.19e-03	0.00e+00	0.00e+00	0.00e+00	0.00e+00	1.25e-16	2.51e-16	3.16e-68
 4.54050e+13	1.14e-22	4.56e-16	1.93e-10	9.81e-06	9.92e-01	7.68e-03	0.00e+00	0.00e+00	0.00e+00	0.00e+00	1.51e-16	3.05e-16	6.38e-68
 4.70200e+13	1.49e-22	5.57e-16	2.21e-10	1.05e-05	9.93e-01	7.17e-03	0.00e+00	0.00e+00	0.00e+00	0.00e+00	1.85e-16	3.72e-16	1.32e-67
 4.87997e+13	1.99e-22	6.94e-16	2.56e-10	1.13e-05	9.93e-01	6.67e-03	0.00e+00	0.00e+00	0.00e+00	0.00e+00	2.30e-16	4.64e-16	2.94e-67
 5.04400e+13	2.55e-22	8.38e-16	2.92e-10	1.21e-05	9.94e-01	6.24e-03	0.00e+00	0.00e+00	0.00e+00	0.00e+00	2.78e-16	5.60e-16	5.79e-67
 5.22189e+13	3.34e-22	1.03e-15	3.35e-10	1.30e-05	9.94e-01	5.83e-03	0.00e+00	0.00e+00	0.00e+00	0.00e+00	3.41e-16	6.87e-16	1.23e-66
 5.42072e+13	4.41e-22	1.27e-15	3.89e-10	1.40e-05	9.95e-01	5.41e-03	0.00e+00	0.00e+00	0.00e+00	0.00e+00	4.22e-16	8.50e-16	2.63e-66
 5.60766e+13	5.75e-22	1.55e-15	4.45e-10	1.50e-05	9.95e-01	5.06e-03	0.00e+00	0.00e+00	0.00e+00	0.00e+00	5.16e-16	1.04e-15	5.47e-66
 5.81161e+13	7.50e-22	1.90e-15	5.13e-10	1.61e-05	9.95e-01	4.71e-03	0.00e+00	0.00e+00	0.00e+00	0.00e+00	6.31e-16	1.27e-15	1.13e-65
 6.03812e+13	1.00e-21	2.37e-15	5.97e-10	1.74e-05	9.96e-01	4.36e-03	0.00e+00	0.00e+00	0.00e+00	0.00e+00	7.87e-16	1.59e-15	2.51e-65
 6.24986e+13	1.30e-21	2.90e-15	6.85e-10	1.86e-05	9.96e-01	4.08e-03	0.00e+00	0.00e+00	0.00e+00	0.00e+00	9.60e-16	1.93e-15	5.16e-65
 6.47887e+13	1.72e-21	3.58e-15	7.90e-10	2.00e-05	9.96e-01	3.80e-03	0.00e+00	0.00e+00	0.00e+00	0.00e+00	1.19e-15	2.39e-15	1.12e-64
 6.73484e+13	2.29e-21	4.45e-15	9.22e-10	2.17e-05	9.96e-01	3.51e-03	0.00e+00	0.00e+00	0.00e+00	0.00e+00	1.48e-15	2.97e-15	2.43e-64
 6.97976e+13	3.02e-21	5.49e-15	1.06e-09	2.33e-05	9.97e-01	3.27e-03	0.00e+00	0.00e+00	0.00e+00	0.00e+00	1.82e-15	3.67e-15	5.24e-64
 7.24066e+13	3.94e-21	6.74e-15	1.23e-09	2.51e-05	9.97e-01	3.03e-03	0.00e+00	0.00e+00	0.00e+00	0.00e+00	2.23e-15	4.51e-15	1.09e-63
 7.53328e+13	5.30e-21	8.46e-15	1.44e-09	2.72e-05	9.97e-01	2.80e-03	0.00e+00	0.00e+00	0.00e+00	0.00e+00	2.80e-15	5.65e-15	2.46e-63
 7.82335e+13	7.03e-21	1.05e-14	1.68e-09	2.93e-05	9.97e-01	2.60e-03	0.00e+00	0.00e+00	0.00e+00	0.00e+00	3.48e-15	7.01e-15	5.36e-63
 8.12501e+13	9.42e-21	1.31e-14	1.95e-09	3.16e-05	9.98e-01	2.41e-03	0.00e+00	0.00e+00	0.00e+00	0.00e+00	4.35e-15	8.77e-15	1.21e-62
 8.43403e+13	1.23e-20	1.61e-14	2.26e-09	3.42e-05	9.98e-01	2.23e-03	0.00e+00	0.00e+00	0.00e+00	0.00e+00	5.34e-15	1.08e-14	2.51e-62
 8.72201e+13	1.58e-20	1.95e-14	2.58e-09	3.65e-05	9.98e-01	2.09e-03	0.00e+00	0.00e+00	0.00e+00	0.00e+00	6.46e-15	1.30e-14	5.03e-62
 9.04048e+13	2.08e-20	2.41e-14	2.98e-09	3.93e-05	9.98e-01	1.94e-03	0.00e+00	0.00e+00	0.00e+00	0.00e+00	7.97e-15	1.61e-14	1.07e-61
 9.38914e+13	2.72e-20	2.96e-14	3.47e-09	4.24e-05	9.98e-01	1.80e-03	0.00e+00	0.00e+00	0.00e+00	0.00e+00	9.81e-15	1.98e-14	2.25e-61
 9.71280e+13	3.53e-20	3.61e-14	3.97e-09	4.54e-05	9.98e-01	1.68e-03	0.00e+00	0.00e+00	0.00e+00	0.00e+00	1.20e-14	2.42e-14	4.65e-61
 9.99827e+13	4.32e-20	4.22e-14	4.45e-09	4.82e-05	9.98e-01	1.58e-03	0.00e+00	0.00e+00	0.00e+00	0.00e+00	1.40e-14	2.83e-14	8.09e-61
 1.03013e+14	5.40e-20	5.01e-14	5.02e-09	5.12e-05	9.98e-01	1.49e-03	0.00e+00	0.00e+00	0.00e+00	0.00e+00	1.66e-14	3.35e-14	1.50e-60
 1.06835e+14	7.10e-20	6.19e-14	5.80e-09	5.51e-05	9.99e-01	1.39e-03	0.00e+00	0.00e+00	0.00e+00	0.00e+00	2.05e-14	4.14e-14	3.23e-60
 1.10696e+14	9.11e-20	7.50e-14	6.68e-09	5.92e-05	9.99e-01	1.29e-03	0.00e+00	0.00e+00	0.00e+00	0.00e+00	2.48e-14	5.02e-14	6.42e-60
 1.13970e+14	1.14e-19	8.90e-14	7.51e-09	6.27e-05	9.99e-01	1.22e-03	0.00e+00	0.00e+00	0.00e+00	0.00e+00	2.95e-14	5.96e-14	1.20e-59
 1.17468e+14	1.41e-19	1.05e-13	8.47e-09	6.67e-05	9.99e-01	1.14e-03	0.00e+00	0.00e+00	0.00e+00	0.00e+00	3.47e-14	7.02e-14	2.15e-59
 1.21849e+14	1.85e-19	1.30e-13	9.80e-09	7.18e-05	9.99e-01	1.06e-03	0.00e+00	0.00e+00	0.00e+00	0.00e+00	4.29e-14	8.68e-14	4.64e-59
 1.26366e+14	2.38e-19	1.57e-13	1.13e-08	7.74e-05	9.99e-01	9.86e-04	0.00e+00	0.00e+00	0.00e+00	0.00e+00	5.20e-14	1.05e-13	9.24e-59
 1.30352e+14	2.98e-19	1.87e-13	1.28e-08	8.24e-05	9.99e-01	9.27e-04	0.00e+00	0.00e+00	0.00e+00	0.00e+00	6.20e-14	1.26e-13	1.74e-58
 1.34656e+14	3.81e-19	2.27e-13	1.46e-08	8.79e-05	9.99e-01	8.68e-04	0.00e+00	0.00e+00	0.00e+00	0.00e+00	7.49e-14	1.52e-13	3.46e-58
 1.39845e+14	4.94e-19	2.77e-13	1.70e-08	9.51e-05	9.99e-01	8.03e-04	0.00e+00	0.00e+00	0.00e+00	0.00e+00	9.16e-14	1.86e-13	7.10e-58
 1.44994e+14	6.49e-19	3.42e-13	1.96e-08	1.02e-04	9.99e-01	7.47e-04	0.00e+00	0.00e+00	0.00e+00	0.00e+00	1.13e-13	2.29e-13	1.52e-57
 1.49587e+14	7.99e-19	4.03e-13	2.22e-08	1.09e-04	9.99e-01	7.00e-04	0.00e+00	0.00e+00	0.00e+00	0.00e+00	1.33e-13	2.70e-13	2.72e-57
 1.54650e+14	1.02e-18	4.86e-13	2.54e-08	1.17e-04	9.99e-01	6.55e-04	0.00e+00	0.00e+00	0.00e+00	0.00e+00	1.60e-13	3.26e-13	5.38e-57
 1.60677e+14	1.34e-18	6.01e-13	2.96e-08	1.26e-04	9.99e-01	6.05e-04	0.00e+00	0.00e+00	0.00e+00	0.00e+00	1.98e-13	4.03e-13	1.15e-56
 1.66644e+14	1.74e-18	7.38e-13	3.42e-08	1.36e-04	9.99e-01	5.62e-04	0.00e+00	0.00e+00	0.00e+00	0.00e+00	2.43e-13	4.94e-13	2.40e-56
 1.72094e+14	2.15e-18	8.72e-13	3.90e-08	1.45e-04	9.99e-01	5.26e-04	0.00e+00	0.00e+00	0.00e+00	0.00e+00	2.88e-13	5.85e-13	4.36e-56
 1.78187e+14	2.78e-18	1.07e-12	4.48e-08	1.56e-04	9.99e-01	4.90e-04	0.00e+00	0.00e+00	0.00e+00	0.00e+00	3.51e-13	7.14e-13	8.96e-56
 1.85278e+14	3.61e-18	1.31e-12	5.24e-08	1.69e-04	9.99e-01	4.51e-04	0.00e+00	0.00e+00	0.00e+00	0.00e+00	4.31e-13	8.77e-13	1.86e-55
 1.92228e+14	4.69e-18	1.61e-12	6.07e-08	1.82e-04	9.99e-01	4.18e-04	0.00e+00	0.00e+00	0.00e+00	0.00e+00	5.30e-13	1.08e-12	3.92e-55
 1.98788e+14	5.86e-18	1.92e-12	6.95e-08	1.96e-04	9.99e-01	3.90e-04	0.00e+00	0.00e+00	0.00e+00	0.00e+00	6.31e-13	1.29e-12	7.28e-55
 2.06102e+14	7.57e-18	2.35e-12	8.03e-08	2.11e-04	9.99e-01	3.62e-04	0.00e+00	0.00e+00	0.00e+00	0.00e+00	7.73e-13	1.58e-12	1.51e-54
 2.14376e+14	9.82e-18	2.88e-12	9.42e-08	2.29e-04	9.99e-01	3.33e-04	0.00e+00	0.00e+00	0.00e+00	0.00e+00	9.48e-13	1.93e-12	3.13e-54
 2.22606e+14	1.27e-17	3.55e-12	1.10e-07	2.48e-04	9.99e-01	3.07e-04	0.00e+00	0.00e+00	0.00e+00	0.00e+00	1.17e-12	2.38e-12	6.61e-54
 2.30562e+14	1.60e-17	4.26e-12	1.26e-07	2.68e-04	9.99e-01	2.85e-04	0.00e+00	0.00e+00	0.00e+00	0.00e+00	1.40e-12	2.86e-12	1.26e-53
 2.37489e+14	1.96e-17	5.00e-12	1.42e-07	2.85e-04	9.99e-01	2.68e-04	0.00e+00	0.00e+00	0.00e+00	0.00e+00	1.64e-12	3.36e-12	2.25e-53
 2.43254e+14	2.30e-17	5.69e-12	1.57e-07	3.00e-04	9.99e-01	2.54e-04	0.00e+00	0.00e+00	0.00e+00	0.00e+00	1.87e-12	3.82e-12	3.54e-53
 2.49650e+14	2.73e-17	6.53e-12	1.74e-07	3.17e-04	9.99e-01	2.41e-04	0.00e+00	0.00e+00	0.00e+00	0.00e+00	2.14e-12	4.38e-12	5.81e-53
 2.57964e+14	3.37e-17	7.73e-12	1.99e-07	3.40e-04	9.99e-01	2.24e-04	0.00e+00	0.00e+00	0.00e+00	0.00e+00	2.54e-12	5.19e-12	1.06e-52
 2.66711e+14	4.21e-17	9.26e-12	2.27e-07	3.65e-04	9.99e-01	2.09e-04	0.00e+00	0.00e+00	0.00e+00	0.00e+00	3.04e-12	6.22e-12	2.02e-52
 2.74286e+14	5.04e-17	1.07e-11	2.54e-07	3.88e-04	9.99e-01	1.96e-04	0.00e+00	4.21e-18	1.26e-17	2.11e-17	3.51e-12	7.18e-12	3.38e-52
 2.82401e+14	6.10e-17	1.25e-11	2.86e-07	4.13e-04	9.99e-01	1.84e-04	0.00e+00	5.10e-18	1.53e-17	2.56e-17	4.10e-12	8.39e-12	5.93e-52
 2.92743e+14	7.68e-17	1.50e-11	3.31e-07	4.47e-04	9.99e-01	1.70e-04	0.00e+00	6.42e-18	1.93e-17	3.22e-17	4.93e-12	1.01e-11	1.15e-51
 3.03314e+14	9.69e-17	1.82e-11	3.82e-07	4.84e-04	9.99e-01	1.58e-04	0.00e+00	8.11e-18	2.44e-17	4.07e-17	5.96e-12	1.22e-11	2.27e-51
 3.12317e+14	1.17e-16	2.11e-11	4.30e-07	5.16e-04	9.99e-01	1.48e-04	0.00e+00	9.79e-18	2.94e-17	4.91e-17	6.93e-12	1.42e-11	3.94e-51
 3.21949e+14	1.41e-16	2.47e-11	4.86e-07	5.51e-04	9.99e-01	1.38e-04	0.00e+00	1.18e-17	3.55e-17	5.93e-17	8.11e-12	1.66e-11	6.94e-51
 3.33955e+14	1.78e-16	2.98e-11	5.64e-07	5.98e-04	9.99e-01	1.28e-04	0.00e+00	1.50e-17	4.49e-17	7.50e-17	9.79e-12	2.01e-11	1.38e-50
 3.46269e+14	2.25e-16	3.61e-11	6.53e-07	6.49e-04	9.99e-01	1.18e-04	0.00e+00	1.89e-17	5.68e-17	9.48e-17	1.18e-11	2.43e-11	2.77e-50
 3.57130e+14	2.74e-16	4.24e-11	7.39e-07	6.95e-04	9.99e-01	1.10e-04	0.00e+00	2.30e-17	6.91e-17	1.15e-16	1.39e-11	2.85e-11	4.99e-50
 3.68884e+14	3.32e-16	4.99e-11	8.42e-07	7.46e-04	9.99e-01	1.02e-04	0.00e+00	2.79e-17	8.38e-17	1.40e-16	1.64e-11	3.35e-11	9.08e-50
 3.83054e+14	4.25e-16	6.09e-11	9.82e-07	8.13e-04	9.99e-01	9.41e-05	0.00e+00	3.58e-17	1.08e-16	1.80e-16	2.00e-11	4.09e-11	1.90e-49
 3.97101e+14	5.31e-16	7.33e-11	1.14e-06	8.82e-04	9.99e-01	8.68e-05	0.00e+00	4.48e-17	1.35e-16	2.25e-16	2.41e-11	4.93e-11	3.79e-49
 4.09613e+14	6.47e-16	8.62e-11	1.29e-06	9.45e-04	9.99e-01	8.11e-05	0.00e+00	5.47e-17	1.64e-16	2.74e-16	2.83e-11	5.79e-11	6.94e-49
 4.23389e+14	7.95e-16	1.02e-10	1.47e-06	1.02e-03	9.99e-01	7.53e-05	0.00e+00	6.72e-17	2.02e-16	3.37e-16	3.35e-11	6.87e-11	1.32e-48
 4.39814e+14	1.01e-15	1.25e-10	1.71e-06	1.11e-03	9.99e-01	6.92e-05	0.00e+00	8.56e-17	2.57e-16	4.29e-16	4.09e-11	8.37e-11	2.78e-48
 4.56155e+14	1.27e-15	1.51e-10	1.98e-06	1.20e-03	9.99e-01	6.38e-05	0.00e+00	1.08e-16	3.24e-16	5.41e-16	4.94e-11	1.01e-10	5.71e-48
 4.71145e+14	1.55e-15	1.78e-10	2.26e-06	1.30e-03	9.99e-01	5.93e-05	0.00e+00	1.32e-16	3.95e-16	6.60e-16	5.83e-11	1.19e-10	1.07e-47
 4.87905e+14	1.91e-15	2.12e-10	2.60e-06	1.40e-03	9.99e-01	5.50e-05	0.00e+00	1.62e-16	4.86e-16	8.12e-16	6.95e-11	1.42e-10	2.09e-47
 5.07340e+14	2.49e-15	2.62e-10	3.04e-06	1.53e-03	9.98e-01	5.04e-05	0.00e+00	2.11e-16	6.35e-16	1.06e-15	8.59e-11	1.76e-10	4.79e-47
 5.26394e+14	3.13e-15	3.17e-10	3.52e-06	1.67e-03	9.98e-01	4.64e-05	0.00e+00	2.67e-16	8.01e-16	1.34e-15	1.04e-10	2.13e-10	1.02e-46
 5.44523e+14	3.81e-15	3.75e-10	4.03e-06	1.79e-03	9.98e-01	4.31e-05	0.00e+00	3.25e-16	9.75e-16	1.63e-15	1.23e-10	2.52e-10	1.97e-46
 5.60476e+14	4.67e-15	4.41e-10	4.53e-06	1.92e-03	9.98e-01	4.04e-05	0.00e+00	3.99e-16	1.20e-15	2.00e-15	1.45e-10	2.96e-10	3.75e-46
 5.73694e+14	5.43e-15	4.99e-10	4.97e-06	2.02e-03	9.98e-01	3.84e-05	0.00e+00	4.64e-16	1.39e-15	2.33e-15	1.64e-10	3.35e-10	6.13e-46
 5.88191e+14	6.35e-15	5.68e-10	5.49e-06	2.14e-03	9.98e-01	3.63e-05	0.00e+00	5.43e-16	1.63e-15	2.72e-15	1.87e-10	3.81e-10	1.03e-45
 6.07036e+14	7.73e-15	6.70e-10	6.22e-06	2.29e-03	9.98e-01	3.39e-05	0.00e+00	6.63e-16	1.99e-15	3.32e-15	2.20e-10	4.50e-10	1.99e-45
 6.26851e+14	9.37e-15	7.88e-10	7.07e-06	2.46e-03	9.97e-01	3.16e-05	0.00e+00	8.03e-16	2.41e-15	4.03e-15	2.59e-10	5.29e-10	3.79e-45
 6.43955e+14	1.12e-14	9.11e-10	7.87e-06	2.62e-03	9.97e-01	2.98e-05	0.00e+00	9.59e-16	2.88e-15	4.80e-15	3.00e-10	6.11e-10	6.77e-45
 6.62220e+14	1.37e-14	1.07e-09	8.80e-06	2.78e-03	9.97e-01	2.80e-05	0.00e+00	1.17e-15	3.53e-15	5.89e-15	3.51e-10	7.17e-10	1.28e-44
 6.85964e+14	1.72e-14	1.29e-09	1.01e-05	3.02e-03	9.97e-01	2.60e-05	0.00e+00	1.48e-15	4.45e-15	7.43e-15	4.25e-10	8.66e-10	2.75e-44
 7.10352e+14	2.10e-14	1.53e-09	1.16e-05	3.26e-03	9.97e-01	2.41e-05	0.00e+00	1.81e-15	5.43e-15	9.06e-15	5.05e-10	1.03e-09	5.46e-44
 7.30678e+14	2.60e-14	1.81e-09	1.30e-05	3.47e-03	9.96e-01	2.27e-05	0.00e+00	2.24e-15	6.72e-15	1.12e-14	5.97e-10	1.22e-09	1.07e-43
 7.52205e+14	3.08e-14	2.10e-09	1.46e-05	3.70e-03	9.96e-01	2.13e-05	0.00e+00	2.66e-15	7.97e-15	1.33e-14	6.91e-10	1.41e-09	1.91e-43
 7.79674e+14	4.00e-14	2.58e-09	1.68e-05	4.01e-03	9.96e-01	1.97e-05	0.00e+00	3.46e-15	1.04e-14	1.73e-14	8.51e-10	1.73e-09	4.40e-43
 8.08499e+14	5.07e-14	3.14e-09	1.95e-05	4.35e-03	9.96e-01	1.83e-05	0.00e+00	4.39e-15	1.32e-14	2.20e-14	1.04e-09	2.11e-09	9.78e-43
 8.34149e+14	6.25e-14	3.73e-09	2.20e-05	4.66e-03	9.95e-01	1.71e-05	0.00e+00	5.41e-15	1.62e-14	2.71e-14	1.23e-09	2.50e-09	1.93e-42
 8.62042e+14	7.72e-14	4.46e-09	2.51e-05	5.01e-03	9.95e-01	1.60e-05	0.00e+00	6.70e-15	2.01e-14	3.36e-14	1.47e-09	2.99e-09	3.90e-42
 8.95378e+14	1.00e-13	5.51e-09	2.92e-05	5.45e-03	9.95e-01	1.48e-05	0.00e+00	8.70e-15	2.61e-14	4.36e-14	1.82e-09	3.69e-09	9.07e-42
 9.28412e+14	1.27e-13	6.71e-09	3.37e-05	5.90e-03	9.94e-01	1.37e-05	0.00e+00	1.10e-14	3.31e-14	5.53e-14	2.21e-09	4.50e-09	1.96e-41
 9.58344e+14	1.58e-13	8.01e-09	3.82e-05	6.33e-03	9.94e-01	1.29e-05	0.00e+00	1.37e-14	4.12e-14	6.87e-14	2.64e-09	5.36e-09	3.93e-41
 9.91625e+14	1.94e-13	9.56e-09	4.38e-05	6.82e-03	9.93e-01	1.20e-05	0.00e+00	1.69e-14	5.07e-14	8.47e-14	3.15e-09	6.40e-09	7.82e-41
 1.03066e+15	2.57e-13	1.20e-08	5.10e-05	7.43e-03	9.93e-01	1.11e-05	0.00e+00	2.24e-14	6.74e-14	1.12e-13	3.96e-09	8.04e-09	1.92e-40
 1.06917e+15	3.32e-13	1.48e-08	5.91e-05	8.05e-03	9.92e-01	1.04e-05	0.00e+00	2.90e-14	8.70e-14	1.45e-13	4.88e-09	9.89e-09	4.26e-40
 1.10530e+15	4.17e-13	1.78e-08	6.74e-05	8.65e-03	9.91e-01	9.73e-06	0.00e+00	3.65e-14	1.09e-13	1.83e-13	5.89e-09	1.19e-08	8.80e-40
 1.14563e+15	5.21e-13	2.15e-08	7.77e-05	9.35e-03	9.91e-01	9.10e-06	0.00e+00	4.56e-14	1.37e-13	2.28e-13	7.11e-09	1.44e-08	1.80e-39
 1.19148e+15	7.04e-13	2.74e-08	9.09e-05	1.02e-02	9.90e-01	8.45e-06	0.00e+00	6.17e-14	1.85e-13	3.09e-13	9.05e-09	1.83e-08	4.59e-39
 1.23684e+15	9.17e-13	3.39e-08	1.06e-04	1.11e-02	9.89e-01	7.91e-06	0.00e+00	8.05e-14	2.42e-13	4.03e-13	1.12e-08	2.27e-08	1.03e-38
 1.27405e+15	1.13e-12	4.02e-08	1.19e-04	1.18e-02	9.88e-01	7.51e-06	0.00e+00	9.88e-14	2.96e-13	4.95e-13	1.33e-08	2.69e-08	1.95e-38
 1.30312e+15	1.32e-12	4.57e-08	1.30e-04	1.24e-02	9.87e-01	7.22e-06	0.00e+00	1.16e-13	3.47e-13	5.79e-13	1.51e-08	3.06e-08	3.17e-38
 1.33495e+15	1.56e-12	5.25e-08	1.43e-04	1.30e-02	9.87e-01	6.93e-06	0.00e+00	1.37e-13	4.10e-13	6.85e-13	1.74e-08	3.51e-08	5.32e-38
 1.37632e+15	1.87e-12	6.16e-08	1.62e-04	1.39e-02	9.86e-01	6.58e-06	0.00e+00	1.65e-13	4.95e-13	8.25e-13	2.04e-08	4.12e-08	9.51e-38
 1.42130e+15	2.41e-12	7.54e-08	1.84e-04	1.49e-02	9.85e-01	6.24e-06	0.00e+00	2.13e-13	6.38e-13	1.06e-12	2.50e-08	5.05e-08	2.04e-37
 1.46172e+15	2.91e-12	8.84e-08	2.06e-04	1.59e-02	9.84e-01	5.97e-06	0.00e+00	2.56e-13	7.69e-13	1.28e-12	2.92e-08	5.91e-08	3.58e-37
 1.50504e+15	3.51e-12	1.03e-07	2.31e-04	1.69e-02	9.83e-01	5.70e-06	0.00e+00	3.10e-13	9.29e-13	1.55e-12	3.42e-08	6.92e-08	6.34e-37
 1.56013e+15	4.63e-12	1.29e-07	2.67e-04	1.83e-02	9.81e-01	5.40e-06	0.00e+00	4.09e-13	1.23e-12	2.05e-12	4.29e-08	8.66e-08	1.46e-36
 1.61586e+15	5.87e-12	1.58e-07	3.07e-04	1.97e-02	9.80e-01	5.13e-06	0.00e+00	5.19e-13	1.56e-12	2.60e-12	5.24e-08	1.06e-07	2.98e-36
 1.66280e+15	7.08e-12	1.85e-07	3.45e-04	2.09e-02	9.79e-01	4.93e-06	0.00e+00	6.26e-13	1.88e-12	3.13e-12	6.13e-08	1.24e-07	5.20e-36
 1.71297e+15	8.70e-12	2.20e-07	3.88e-04	2.23e-02	9.77e-01	4.73e-06	0.00e+00	7.70e-13	2.31e-12	3.85e-12	7.28e-08	1.47e-07	9.66e-36
 1.77617e+15	1.15e-11	2.76e-07	4.49e-04	2.41e-02	9.75e-01	4.51e-06	0.00e+00	1.02e-12	3.05e-12	5.09e-12	9.15e-08	1.85e-07	2.24e-35
 1.84130e+15	1.48e-11	3.42e-07	5.19e-04	2.60e-02	9.73e-01	4.32e-06	0.00e+00	1.31e-12	3.94e-12	6.57e-12	1.13e-07	2.28e-07	4.72e-35
 1.89845e+15	1.82e-11	4.07e-07	5.87e-04	2.77e-02	9.72e-01	4.16e-06	0.00e+00	1.62e-12	4.85e-12	8.08e-12	1.35e-07	2.72e-07	8.71e-35
 1.96024e+15	2.25e-11	4.85e-07	6.68e-04	2.96e-02	9.70e-01	4.01e-06	0.00e+00	2.00e-12	5.99e-12	9.99e-12	1.61e-07	3.24e-07	1.59e-34
 2.03509e+15	2.96e-11	6.13e-07	7.78e-04	3.21e-02	9.67e-01	3.84e-06	0.00e+00	2.63e-12	7.88e-12	1.32e-11	2.03e-07	4.10e-07	3.63e-34
 2.10927e+15	3.81e-11	7.59e-07	8.99e-04	3.47e-02	9.64e-01	3.70e-06	0.00e+00	3.39e-12	1.02e-11	1.70e-11	2.52e-07	5.07e-07	7.51e-34
 2.17536e+15	4.67e-11	9.00e-07	1.02e-03	3.70e-02	9.62e-01	3.59e-06	0.00e+00	4.16e-12	1.25e-11	2.08e-11	2.98e-07	6.01e-07	1.33e-33
 2.24855e+15	5.89e-11	1.09e-06	1.16e-03	3.97e-02	9.59e-01	3.48e-06	0.00e+00	5.24e-12	1.57e-11	2.62e-11	3.62e-07	7.30e-07	2.59e-33
 2.33573e+15	7.92e-11	1.40e-06	1.36e-03	4.31e-02	9.56e-01	3.37e-06	0.00e+00	7.06e-12	2.12e-11	3.53e-11	4.64e-07	9.35e-07	6.17e-33
 2.41836e+15	9.99e-11	1.71e-06	1.57e-03	4.63e-02	9.52e-01	3.27e-06	0.00e+00	8.91e-12	2.67e-11	4.46e-11	5.68e-07	1.14e-06	1.19e-32
 2.48909e+15	1.21e-10	2.01e-06	1.76e-03	4.92e-02	9.49e-01	3.20e-06	0.00e+00	1.08e-11	3.24e-11	5.41e-11	6.67e-07	1.34e-06	2.03e-32
 2.56709e+15	1.50e-10	2.41e-06	2.00e-03	5.26e-02	9.45e-01	3.13e-06	0.00e+00	1.34e-11	4.02e-11	6.71e-11	8.01e-07	1.61e-06	3.73e-32
 2.66342e+15	2.01e-10	3.07e-06	2.33e-03	5.69e-02	9.41e-01	3.06e-06	0.00e+00	1.79e-11	5.38e-11	8.98e-11	1.02e-06	2.05e-06	8.48e-32
 2.76012e+15	2.54e-10	3.78e-06	2.70e-03	6.14e-02	9.36e-01	2.98e-06	0.00e+00	2.28e-11	6.83e-11	1.14e-10	1.26e-06	2.53e-06	1.66e-31
 2.83758e+15	3.06e-10	4.42e-06	3.02e-03	6.51e-02	9.32e-01	2.93e-06	0.00e+00	2.74e-11	8.23e-11	1.37e-10	1.47e-06	2.95e-06	2.73e-31
 2.91347e+15	3.69e-10	5.18e-06	3.37e-03	6.88e-02	9.28e-01	2.88e-06	0.00e+00	3.31e-11	9.92e-11	1.66e-10	1.72e-06	3.46e-06	4.57e-31
 3.01212e+15	4.79e-10	6.46e-06	3.88e-03	7.40e-02	9.22e-01	2.83e-06	0.00e+00	4.30e-11	1.29e-10	2.15e-10	2.15e-06	4.31e-06	9.56e-31
 3.10868e+15	5.92e-10	7.77e-06	4.42e-03	7.91e-02	9.16e-01	2.78e-06	0.00e+00	5.32e-11	1.59e-10	2.66e-10	2.58e-06	5.19e-06	1.69e-30
 3.18624e+15	7.01e-10	8.94e-06	4.89e-03	8.33e-02	9.12e-01	2.75e-06	0.00e+00	6.30e-11	1.89e-10	3.15e-10	2.97e-06	5.97e-06	2.62e-30
 3.27080e+15	8.45e-10	1.05e-05	5.46e-03	8.82e-02	9.06e-01	2.71e-06	0.00e+00	7.60e-11	2.28e-10	3.80e-10	3.48e-06	6.99e-06	4.31e-30
 3.38073e+15	1.10e-09	1.31e-05	6.29e-03	9.49e-02	8.99e-01	2.67e-06	0.00e+00	9.87e-11	2.96e-10	4.94e-10	4.35e-06	8.73e-06	9.00e-30
 3.49138e+15	1.38e-09	1.59e-05	7.21e-03	1.02e-01	8.91e-01	2.63e-06	0.00e+00	1.24e-10	3.73e-10	6.21e-10	5.29e-06	1.06e-05	1.63e-29
 3.58203e+15	1.66e-09	1.86e-05	8.04e-03	1.07e-01	8.85e-01	2.61e-06	0.00e+00	1.50e-10	4.50e-10	7.50e-10	6.20e-06	1.24e-05	2.65e-29
 3.67895e+15	2.03e-09	2.20e-05	9.02e-03	1.14e-01	8.77e-01	2.58e-06	0.00e+00	1.83e-10	5.50e-10	9.17e-10	7.33e-06	1.47e-05	4.46e-29
 3.80493e+15	2.57e-09	2.66e-05	1.04e-02	1.22e-01	8.67e-01	2.53e-06	0.00e+00	2.32e-10	6.95e-10	1.16e-09	8.86e-06	1.78e-05	7.69e-29
 3.93598e+15	3.38e-09	3.37e-05	1.21e-02	1.32e-01	8.56e-01	2.51e-06	0.00e+00	3.05e-10	9.16e-10	1.53e-09	1.12e-05	2.25e-05	1.62e-28
 4.04464e+15	4.14e-09	4.00e-05	1.36e-02	1.40e-01	8.47e-01	2.48e-06	0.00e+00	3.74e-10	1.12e-09	1.87e-09	1.33e-05	2.67e-05	2.68e-28
 4.15694e+15	5.11e-09	4.75e-05	1.54e-02	1.48e-01	8.36e-01	2.45e-06	0.00e+00	4.62e-10	1.39e-09	2.31e-09	1.58e-05	3.17e-05	4.42e-28
 4.28290e+15	6.35e-09	5.66e-05	1.75e-02	1.58e-01	8.25e-01	2.41e-06	0.00e+00	5.76e-10	1.73e-09	2.88e-09	1.88e-05	3.78e-05	7.27e-28
 4.40220e+15	8.05e-09	6.92e-05	1.99e-02	1.68e-01	8.12e-01	2.39e-06	0.00e+00	7.30e-10	2.19e-09	3.65e-09	2.30e-05	4.62e-05	1.35e-27
 4.51199e+15	9.82e-09	8.14e-05	2.22e-02	1.77e-01	8.00e-01	2.37e-06	0.00e+00	8.91e-10	2.67e-09	4.46e-09	2.71e-05	5.43e-05	2.15e-27
 4.63387e+15	1.21e-08	9.66e-05	2.51e-02	1.88e-01	7.87e-01	2.34e-06	0.00e+00	1.10e-09	3.30e-09	5.51e-09	3.21e-05	6.45e-05	3.49e-27
 4.76790e+15	1.51e-08	1.15e-04	2.86e-02	1.99e-01	7.72e-01	2.30e-06	0.00e+00	1.37e-09	4.11e-09	6.85e-09	3.83e-05	7.67e-05	5.48e-27
 4.89132e+15	1.91e-08	1.40e-04	3.23e-02	2.11e-01	7.56e-01	2.29e-06	0.00e+00	1.74e-09	5.22e-09	8.70e-09	4.66e-05	9.34e-05	9.94e-27
 4.98972e+15	2.26e-08	1.60e-04	3.55e-02	2.21e-01	7.44e-01	2.27e-06	0.00e+00	2.06e-09	6.17e-09	1.03e-08	5.33e-05	1.07e-04	1.44e-26
 5.08200e+15	2.65e-08	1.82e-04	3.88e-02	2.30e-01	7.31e-01	2.25e-06	0.00e+00	2.41e-09	7.23e-09	1.21e-08	6.06e-05	1.21e-04	2.07e-26
 5.20196e+15	3.20e-08	2.10e-04	4.33e-02	2.41e-01	7.15e-01	2.22e-06	0.00e+00	2.92e-09	8.76e-09	1.46e-08	7.01e-05	1.40e-04	3.02e-26
 5.33513e+15	4.10e-08	2.58e-04	4.93e-02	2.55e-01	6.95e-01	2.19e-06	0.00e+00	3.74e-09	1.12e-08	1.87e-08	8.59e-05	1.72e-04	5.49e-26
 5.45806e+15	4.94e-08	2.97e-04	5.50e-02	2.67e-01	6.77e-01	2.16e-06	0.00e+00	4.51e-09	1.35e-08	2.26e-08	9.90e-05	1.98e-04	7.86e-26
 5.57214e+15	6.11e-08	3.54e-04	6.13e-02	2.80e-01	6.58e-01	2.14e-06	0.00e+00	5.59e-09	1.68e-08	2.79e-08	1.18e-04	2.36e-04	1.33e-25
 5.68460e+15	7.39e-08	4.12e-04	6.80e-02	2.92e-01	6.39e-01	2.12e-06	0.00e+00	6.77e-09	2.03e-08	3.38e-08	1.37e-04	2.75e-04	2.01e-25
 5.79222e+15	8.85e-08	4.72e-04	7.49e-02	3.04e-01	6.21e-01	2.10e-06	0.00e+00	8.11e-09	2.43e-08	4.05e-08	1.57e-04	3.15e-04	2.89e-25
 5.91106e+15	1.07e-07	5.45e-04	8.33e-02	3.17e-01	5.99e-01	2.06e-06	0.00e+00	9.79e-09	2.93e-08	4.89e-08	1.82e-04	3.63e-04	4.22e-25
 6.04396e+15	1.37e-07	6.68e-04	9.44e-02	3.32e-01	5.73e-01	2.04e-06	0.00e+00	1.26e-08	3.79e-08	6.31e-08	2.23e-04	4.45e-04	7.75e-25
 6.16577e+15	1.69e-07	7.85e-04	1.05e-01	3.45e-01	5.49e-01	2.01e-06	0.00e+00	1.56e-08	4.67e-08	7.78e-08	2.62e-04	5.23e-04	1.20e-24
 6.27508e+15	2.05e-07	9.09e-04	1.16e-01	3.57e-01	5.26e-01	1.99e-06	0.00e+00	1.89e-08	5.67e-08	9.44e-08	3.03e-04	6.06e-04	1.82e-24
 6.37873e+15	2.47e-07	1.05e-03	1.28e-01	3.68e-01	5.03e-01	1.97e-06	0.00e+00	2.27e-08	6.81e-08	1.14e-07	3.48e-04	6.97e-04	2.70e-24
 6.49466e+15	2.97e-07	1.19e-03	1.41e-01	3.80e-01	4.78e-01	1.93e-06	0.00e+00	2.74e-08	8.20e-08	1.37e-07	3.97e-04	7.94e-04	3.78e-24
 6.64536e+15	4.08e-07	1.52e-03	1.63e-01	3.96e-01	4.39e-01	1.90e-06	0.00e+00	3.77e-08	1.13e-07	1.88e-07	5.07e-04	1.01e-03	8.10e-24
 6.78752e+15	5.02e-07	1.76e-03	1.83e-01	4.08e-01	4.07e-01	1.84e-06	0.00e+00	4.64e-08	1.39e-07	2.32e-07	5.88e-04	1.18e-03	1.17e-23
 6.89454e+15	6.41e-07	2.13e-03	2.03e-01	4.17e-01	3.77e-01	1.82e-06	0.00e+00	5.92e-08	1.78e-07	2.96e-07	7.11e-04	1.42e-03	2.17e-23
 6.97637e+15	7.39e-07	2.38e-03	2.18e-01	4.23e-01	3.56e-01	1.80e-06	0.00e+00	6.84e-08	2.05e-07	3.42e-07	7.92e-04	1.58e-03	2.96e-23
 7.04950e+15	8.57e-07	2.65e-03	2.33e-01	4.28e-01	3.36e-01	1.77e-06	0.00e+00	7.93e-08	2.38e-07	3.96e-07	8.82e-04	1.76e-03	4.14e-23
 7.14456e+15	1.03e-06	3.01e-03	2.54e-01	4.33e-01	3.10e-01	1.72e-06	0.00e+00	9.54e-08	2.86e-07	4.77e-07	1.00e-03	2.01e-03	6.09e-23
 7.24612e+15	1.25e-06	3.48e-03	2.77e-01	4.37e-01	2.82e-01	1.67e-06	0.00e+00	1.16e-07	3.48e-07	5.79e-07	1.16e-03	2.32e-03	9.57e-23
 7.33055e+15	1.46e-06	3.85e-03	2.97e-01	4.39e-01	2.60e-01	1.62e-06	0.00e+00	1.35e-07	4.05e-07	6.75e-07	1.28e-03	2.57e-03	1.30e-22
 7.39752e+15	1.71e-06	4.33e-03	3.16e-01	4.40e-01	2.40e-01	1.59e-06	0.00e+00	1.59e-07	4.77e-07	7.95e-07	1.45e-03	2.89e-03	1.96e-22
 7.44872e+15	1.92e-06	4.69e-03	3.30e-01	4.40e-01	2.25e-01	1.57e-06	0.00e+00	1.78e-07	5.34e-07	8.89e-07	1.57e-03	3.13e-03	2.57e-22
 7.49666e+15	2.13e-06	5.05e-03	3.44e-01	4.39e-01	2.12e-01	1.54e-06	0.00e+00	1.98e-07	5.94e-07	9.89e-07	1.68e-03	3.37e-03	3.31e-22
 7.55898e+15	2.38e-06	5.42e-03	3.62e-01	4.38e-01	1.95e-01	1.49e-06	0.00e+00	2.22e-07	6.65e-07	1.11e-06	1.81e-03	3.61e-03	4.09e-22
 7.64000e+15	2.89e-06	6.23e-03	3.88e-01	4.34e-01	1.72e-01	1.41e-06	0.00e+00	2.69e-07	8.06e-07	1.34e-06	2.08e-03	4.15e-03	6.79e-22
 7.70921e+15	3.30e-06	6.76e-03	4.08e-01	4.30e-01	1.55e-01	1.35e-06	0.00e+00	3.08e-07	9.23e-07	1.54e-06	2.25e-03	4.50e-03	8.90e-22
 7.75302e+15	3.77e-06	7.40e-03	4.24e-01	4.26e-01	1.42e-01	1.32e-06	0.00e+00	3.52e-07	1.06e-06	1.76e-06	2.47e-03	4.93e-03	1.27e-21
 7.78942e+15	4.10e-06	7.80e-03	4.36e-01	4.22e-01	1.33e-01	1.29e-06	0.00e+00	3.83e-07	1.15e-06	1.91e-06	2.60e-03	5.20e-03	1.54e-21
 7.82623e+15	4.47e-06	8.23e-03	4.49e-01	4.19e-01	1.24e-01	1.25e-06	0.00e+00	4.18e-07	1.25e-06	2.09e-06	2.75e-03	5.48e-03	1.87e-21
 7.87408e+15	5.00e-06	8.86e-03	4.66e-01	4.13e-01	1.12e-01	1.18e-06	0.00e+00	4.67e-07	1.40e-06	2.33e-06	2.96e-03	5.90e-03	2.48e-21
 7.92595e+15	5.68e-06	9.57e-03	4.83e-01	4.06e-01	1.01e-01	1.12e-06	0.00e+00	5.31e-07	1.59e-06	2.65e-06	3.19e-03	6.38e-03	3.34e-21
 7.97157e+15	6.26e-06	1.01e-02	4.98e-01	4.00e-01	9.10e-02	1.06e-06	0.00e+00	5.86e-07	1.76e-06	2.92e-06	3.37e-03	6.74e-03	4.09e-21
 8.01941e+15	7.34e-06	1.11e-02	5.17e-01	3.92e-01	8.00e-02	9.87e-07	0.00e+00	6.88e-07	2.06e-06	3.44e-06	3.70e-03	7.39e-03	6.05e-21
 8.06493e+15	8.23e-06	1.18e-02	5.33e-01	3.84e-01	7.13e-02	0.00e+00	0.00e+00	7.72e-07	2.32e-06	3.86e-06	3.95e-03	7.88e-03	7.85e-21
 8.10109e+15	9.08e-06	1.25e-02	5.45e-01	3.78e-01	6.45e-02	0.00e+00	0.00e+00	8.52e-07	2.55e-06	4.26e-06	4.17e-03	8.31e-03	9.77e-21
 8.14175e+15	9.84e-06	1.31e-02	5.58e-01	3.71e-01	5.78e-02	0.00e+00	0.00e+00	9.24e-07	2.77e-06	4.61e-06	4.36e-03	8.70e-03	1.16e-20
 8.19461e+15	1.18e-05	1.43e-02	5.78e-01	3.59e-01	4.86e-02	0.00e+00	0.00e+00	1.11e-06	3.34e-06	5.56e-06	4.79e-03	9.55e-03	1.76e-20
 8.24353e+15	1.35e-05	1.53e-02	5.94e-01	3.49e-01	4.17e-02	0.00e+00	0.00e+00	1.27e-06	3.82e-06	6.37e-06	5.12e-03	1.02e-02	2.35e-20
 8.27894e+15	1.49e-05	1.61e-02	6.06e-01	3.41e-01	3.70e-02	0.00e+00	0.00e+00	1.41e-06	4.21e-06	7.02e-06	5.39e-03	1.07e-02	2.94e-20
 8.31658e+15	1.64e-05	1.70e-02	6.18e-01	3.33e-01	3.23e-02	0.00e+00	0.00e+00	1.55e-06	4.64e-06	7.73e-06	5.69e-03	1.13e-02	3.75e-20
 8.36552e+15	1.90e-05	1.82e-02	6.34e-01	3.21e-01	2.69e-02	0.00e+00	0.00e+00	1.80e-06	5.39e-06	8.97e-06	6.10e-03	1.22e-02	5.09e-20
 8.41640e+15	2.17e-05	1.95e-02	6.49e-01	3.09e-01	2.22e-02	0.00e+00	0.00e+00	2.05e-06	6.15e-06	1.02e-05	6.52e-03	1.30e-02	6.93e-20
 8.45955e+15	2.37e-05	2.06e-02	6.61e-01	2.99e-01	1.87e-02	0.00e+00	0.00e+00	2.25e-06	6.74e-06	1.12e-05	6.90e-03	1.37e-02	9.02e-20
