#depth	O	O+	O+2	O+3	O+4	O+5	O+6	O+7	O+8	O[1]	O[2]	O[3]
 1.49634e+10	0.00e+00	0.00e+00	7.89e-31	2.66e-22	1.30e-14	8.34e-08	1.00e+00	0.00e+00	0.00e+00	0.00e+00	0.00e+00	0.00e+00
 4.54887e+10	0.00e+00	3.38e-40	1.10e-30	3.42e-22	1.55e-14	9.08e-08	1.00e+00	1.08e-07	0.00e+00	0.00e+00	0.00e+00	0.00e+00
 7.72350e+10	0.00e+00	0.00e+00	1.53e-30	4.39e-22	1.83e-14	9.90e-08	1.00e+00	0.00e+00	0.00e+00	0.00e+00	0.00e+00	0.00e+00
 1.10251e+11	0.00e+00	7.69e-40	2.12e-30	5.64e-22	2.17e-14	1.08e-07	1.00e+00	0.00e+00	0.00e+00	0.00e+00	0.00e+00	0.00e+00
 1.41413e+11	0.00e+00	0.00e+00	2.87e-30	7.09e-22	2.54e-14	1.17e-07	1.00e+00	0.00e+00	0.00e+00	0.00e+00	0.00e+00	0.00e+00
 1.69335e+11	0.00e+00	1.55e-39	3.73e-30	8.66e-22	2.91e-14	1.25e-07	1.00e+00	0.00e+00	0.00e+00	0.00e+00	0.00e+00	0.00e+00
 2.00597e+11	0.00e+00	0.00e+00	4.95e-30	1.07e-21	3.37e-14	1.35e-07	1.00e+00	0.00e+00	0.00e+00	0.00e+00	0.00e+00	0.00e+00
 2.37596e+11	0.00e+00	3.30e-39	6.85e-30	1.38e-21	3.99e-14	1.47e-07	1.00e+00	0.00e+00	0.00e+00	0.00e+00	0.00e+00	0.00e+00
 2.74835e+11	0.00e+00	0.00e+00	9.39e-30	1.75e-21	4.70e-14	1.60e-07	1.00e+00	0.00e+00	0.00e+00	0.00e+00	0.00e+00	0.00e+00
 3.09994e+11	0.00e+00	6.98e-39	1.25e-29	2.18e-21	5.46e-14	1.73e-07	1.00e+00	0.00e+00	0.00e+00	0.00e+00	0.00e+00	0.00e+00
 3.48751e+11	0.00e+00	0.00e+00	1.70e-29	2.75e-21	6.42e-14	1.87e-07	1.00e+00	0.00e+00	0.00e+00	0.00e+00	0.00e+00	0.00e+00
 3.92628e+11	0.00e+00	1.55e-38	2.38e-29	3.56e-21	7.65e-14	2.05e-07	1.00e+00	0.00e+00	0.00e+00	0.00e+00	0.00e+00	0.00e+00
 4.36064e+11	0.00e+00	0.00e+00	3.27e-29	4.54e-21	9.05e-14	2.24e-07	1.00e+00	0.00e+00	0.00e+00	0.00e+00	0.00e+00	0.00e+00
 4.81237e+11	0.00e+00	3.41e-38	4.50e-29	5.81e-21	1.07e-13	2.44e-07	1.00e+00	0.00e+00	0.00e+00	0.00e+00	0.00e+00	0.00e+00
 5.30413e+11	0.00e+00	0.00e+00	6.29e-29	7.51e-21	1.28e-13	2.67e-07	1.00e+00	0.00e+00	0.00e+00	0.00e+00	0.00e+00	0.00e+00
 5.80113e+11	0.00e+00	7.73e-38	8.72e-29	9.65e-21	1.53e-13	2.92e-07	1.00e+00	0.00e+00	0.00e+00	0.00e+00	0.00e+00	0.00e+00
 6.31802e+11	0.00e+00	0.00e+00	1.21e-28	1.24e-20	1.82e-13	3.20e-07	1.00e+00	0.00e+00	0.00e+00	0.00e+00	0.00e+00	0.00e+00
 6.85116e+11	0.00e+00	1.73e-37	1.67e-28	1.59e-20	2.16e-13	3.50e-07	1.00e+00	0.00e+00	0.00e+00	0.00e+00	0.00e+00	0.00e+00
 7.37596e+11	0.00e+00	0.00e+00	2.27e-28	2.02e-20	2.55e-13	3.82e-07	1.00e+00	0.00e+00	0.00e+00	0.00e+00	0.00e+00	0.00e+00
 7.94061e+11	0.00e+00	3.73e-37	3.12e-28	2.59e-20	3.03e-13	4.18e-07	1.00e+00	0.00e+00	0.00e+00	0.00e+00	0.00e+00	0.00e+00
 8.55750e+11	0.00e+00	0.00e+00	4.36e-28	3.35e-20	3.64e-13	4.59e-07	1.00e+00	0.00e+00	0.00e+00	0.00e+00	0.00e+00	0.00e+00
 9.19907e+11	0.00e+00	8.46e-37	6.09e-28	4.34e-20	4.37e-13	5.05e-07	1.00e+00	0.00e+00	0.00e+00	0.00e+00	0.00e+00	0.00e+00
 9.86630e+11	0.00e+00	0.00e+00	8.49e-28	5.63e-20	5.25e-13	5.56e-07	1.00e+00	0.00e+00	0.00e+00	0.00e+00	0.00e+00	0.00e+00
 1.05602e+12	0.00e+00	1.91e-36	1.18e-27	7.29e-20	6.31e-13	6.13e-07	1.00e+00	0.00e+00	0.00e+00	0.00e+00	0.00e+00	0.00e+00
 1.11882e+12	8.47e-46	2.71e-36	1.58e-27	9.13e-20	7.42e-13	6.67e-07	1.00e+00	0.00e+00	0.00e+00	0.00e+00	0.00e+00	0.00e+00
 1.17119e+12	0.00e+00	0.00e+00	1.99e-27	1.10e-19	8.45e-13	7.15e-07	1.00e+00	0.00e+00	0.00e+00	0.00e+00	0.00e+00	0.00e+00
 1.22858e+12	0.00e+00	4.85e-36	2.54e-27	1.33e-19	9.70e-13	7.70e-07	1.00e+00	0.00e+00	0.00e+00	0.00e+00	0.00e+00	0.00e+00
 1.30120e+12	2.62e-45	6.99e-36	3.43e-27	1.68e-19	1.15e-12	8.43e-07	1.00e+00	0.00e+00	0.00e+00	0.00e+00	0.00e+00	0.00e+00
 1.37694e+12	0.00e+00	0.00e+00	4.64e-27	2.14e-19	1.36e-12	9.23e-07	1.00e+00	0.00e+00	0.00e+00	0.00e+00	0.00e+00	0.00e+00
 1.44128e+12	0.00e+00	1.35e-35	5.93e-27	2.59e-19	1.57e-12	9.96e-07	1.00e+00	0.00e+00	0.00e+00	0.00e+00	0.00e+00	0.00e+00
 1.50749e+12	8.17e-45	1.82e-35	7.56e-27	3.15e-19	1.81e-12	1.07e-06	1.00e+00	0.00e+00	0.00e+00	0.00e+00	0.00e+00	0.00e+00
 1.59077e+12	0.00e+00	0.00e+00	1.02e-26	3.98e-19	2.14e-12	1.18e-06	1.00e+00	0.00e+00	0.00e+00	0.00e+00	0.00e+00	0.00e+00
 1.67535e+12	0.00e+00	3.66e-35	1.35e-26	5.00e-19	2.53e-12	1.29e-06	1.00e+00	0.00e+00	0.00e+00	0.00e+00	0.00e+00	0.00e+00
 1.74798e+12	2.63e-44	4.87e-35	1.71e-26	6.05e-19	2.90e-12	1.39e-06	1.00e+00	0.00e+00	0.00e+00	0.00e+00	0.00e+00	0.00e+00
 1.82597e+12	0.00e+00	6.53e-35	2.19e-26	7.36e-19	3.35e-12	1.50e-06	1.00e+00	0.00e+00	0.00e+00	0.00e+00	0.00e+00	0.00e+00
 1.92242e+12	5.62e-44	9.25e-35	2.93e-26	9.29e-19	3.97e-12	1.65e-06	1.00e+00	0.00e+00	0.00e+00	0.00e+00	0.00e+00	0.00e+00
 2.02127e+12	0.00e+00	1.30e-34	3.90e-26	1.17e-18	4.70e-12	1.81e-06	1.00e+00	0.00e+00	0.00e+00	0.00e+00	0.00e+00	0.00e+00
 2.11038e+12	1.19e-43	1.75e-34	5.00e-26	1.43e-18	5.44e-12	1.96e-06	1.00e+00	0.00e+00	0.00e+00	0.00e+00	0.00e+00	0.00e+00
 2.20840e+12	0.00e+00	2.39e-34	6.49e-26	1.76e-18	6.35e-12	2.13e-06	1.00e+00	0.00e+00	0.00e+00	0.00e+00	0.00e+00	0.00e+00
 2.32404e+12	2.60e-43	3.39e-34	8.72e-26	2.24e-18	7.56e-12	2.35e-06	1.00e+00	0.00e+00	0.00e+00	0.00e+00	0.00e+00	0.00e+00
 2.43982e+12	0.00e+00	4.74e-34	1.16e-25	2.81e-18	8.94e-12	2.57e-06	1.00e+00	0.00e+00	0.00e+00	0.00e+00	0.00e+00	0.00e+00
 2.54977e+12	5.51e-43	6.44e-34	1.50e-25	3.47e-18	1.04e-11	2.80e-06	1.00e+00	0.00e+00	0.00e+00	0.00e+00	0.00e+00	0.00e+00
 2.67123e+12	0.00e+00	8.90e-34	1.97e-25	4.33e-18	1.22e-11	3.06e-06	1.00e+00	0.00e+00	0.00e+00	0.00e+00	0.00e+00	0.00e+00
 2.80801e+12	1.21e-42	1.26e-33	2.65e-25	5.50e-18	1.46e-11	3.38e-06	1.00e+00	0.00e+00	0.00e+00	0.00e+00	0.00e+00	0.00e+00
 2.94472e+12	0.00e+00	1.76e-33	3.51e-25	6.92e-18	1.72e-11	3.71e-06	1.00e+00	0.00e+00	0.00e+00	0.00e+00	0.00e+00	0.00e+00
 3.06569e+12	2.49e-42	2.34e-33	4.46e-25	8.41e-18	1.98e-11	4.01e-06	1.00e+00	0.00e+00	0.00e+00	0.00e+00	0.00e+00	0.00e+00
 3.16712e+12	0.00e+00	2.94e-33	5.42e-25	9.85e-18	2.23e-11	4.28e-06	1.00e+00	0.00e+00	0.00e+00	0.00e+00	0.00e+00	0.00e+00
 3.27626e+12	4.31e-42	3.74e-33	6.65e-25	1.16e-17	2.51e-11	4.58e-06	1.00e+00	0.00e+00	0.00e+00	0.00e+00	0.00e+00	0.00e+00
 3.41813e+12	0.00e+00	5.06e-33	8.59e-25	1.43e-17	2.92e-11	4.98e-06	1.00e+00	0.00e+00	0.00e+00	0.00e+00	0.00e+00	0.00e+00
 3.56662e+12	8.71e-42	6.85e-33	1.11e-24	1.77e-17	3.40e-11	5.42e-06	1.00e+00	0.00e+00	0.00e+00	0.00e+00	0.00e+00	0.00e+00
 3.69335e+12	0.00e+00	8.80e-33	1.38e-24	2.10e-17	3.85e-11	5.81e-06	1.00e+00	0.00e+00	0.00e+00	0.00e+00	0.00e+00	0.00e+00
 3.82777e+12	1.57e-41	1.14e-32	1.71e-24	2.51e-17	4.37e-11	6.24e-06	1.00e+00	0.00e+00	0.00e+00	0.00e+00	0.00e+00	0.00e+00
 3.99679e+12	0.00e+00	1.56e-32	2.23e-24	3.12e-17	5.10e-11	6.81e-06	1.00e+00	0.00e+00	0.00e+00	0.00e+00	0.00e+00	0.00e+00
 4.17081e+12	3.23e-41	2.12e-32	2.91e-24	3.87e-17	5.95e-11	7.43e-06	1.00e+00	0.00e+00	0.00e+00	0.00e+00	0.00e+00	0.00e+00
 4.32418e+12	0.00e+00	2.76e-32	3.64e-24	4.64e-17	6.77e-11	7.99e-06	1.00e+00	0.00e+00	0.00e+00	0.00e+00	0.00e+00	0.00e+00
 4.49066e+12	6.05e-41	3.64e-32	4.61e-24	5.62e-17	7.76e-11	8.63e-06	1.00e+00	0.00e+00	0.00e+00	0.00e+00	0.00e+00	0.00e+00
 4.67448e+12	0.00e+00	4.88e-32	5.93e-24	6.90e-17	8.97e-11	9.36e-06	1.00e+00	0.00e+00	0.00e+00	0.00e+00	0.00e+00	0.00e+00
 4.84399e+12	1.15e-40	6.36e-32	7.42e-24	8.28e-17	1.02e-10	1.01e-05	1.00e+00	0.00e+00	0.00e+00	0.00e+00	0.00e+00	0.00e+00
 5.02751e+12	0.00e+00	8.39e-32	9.39e-24	1.00e-16	1.17e-10	1.09e-05	1.00e+00	0.00e+00	0.00e+00	0.00e+00	0.00e+00	0.00e+00
 5.23211e+12	2.24e-40	1.13e-31	1.21e-23	1.23e-16	1.35e-10	1.18e-05	1.00e+00	0.00e+00	0.00e+00	0.00e+00	0.00e+00	0.00e+00
 5.42367e+12	0.00e+00	1.48e-31	1.52e-23	1.48e-16	1.54e-10	1.27e-05	1.00e+00	0.00e+00	0.00e+00	0.00e+00	0.00e+00	0.00e+00
 5.63229e+12	4.25e-40	1.97e-31	1.94e-23	1.81e-16	1.77e-10	1.37e-05	1.00e+00	0.00e+00	0.00e+00	0.00e+00	0.00e+00	0.00e+00
 5.86410e+12	0.00e+00	2.67e-31	2.52e-23	2.23e-16	2.05e-10	1.49e-05	1.00e+00	0.00e+00	0.00e+00	0.00e+00	0.00e+00	0.00e+00
 6.08054e+12	8.33e-40	3.52e-31	3.19e-23	2.70e-16	2.34e-10	1.61e-05	1.00e+00	0.00e+00	0.00e+00	0.00e+00	0.00e+00	0.00e+00
 6.31640e+12	0.00e+00	4.72e-31	4.10e-23	3.30e-16	2.69e-10	1.74e-05	1.00e+00	0.00e+00	0.00e+00	0.00e+00	0.00e+00	0.00e+00
 6.58007e+12	1.68e-39	6.47e-31	5.36e-23	4.10e-16	3.12e-10	1.89e-05	1.00e+00	0.00e+00	0.00e+00	0.00e+00	0.00e+00	0.00e+00
 6.82870e+12	0.00e+00	8.64e-31	6.85e-23	5.00e-16	3.58e-10	2.04e-05	1.00e+00	0.00e+00	0.00e+00	0.00e+00	0.00e+00	0.00e+00
 7.10072e+12	3.35e-39	1.18e-30	8.89e-23	6.16e-16	4.13e-10	2.21e-05	1.00e+00	0.00e+00	0.00e+00	0.00e+00	0.00e+00	0.00e+00
 7.40537e+12	0.00e+00	1.63e-30	1.18e-22	7.72e-16	4.83e-10	2.41e-05	1.00e+00	0.00e+00	0.00e+00	0.00e+00	0.00e+00	0.00e+00
 7.69411e+12	6.96e-39	2.22e-30	1.52e-22	9.48e-16	5.56e-10	2.61e-05	1.00e+00	0.00e+00	0.00e+00	0.00e+00	0.00e+00	0.00e+00
 8.00355e+12	0.00e+00	3.05e-30	1.99e-22	1.17e-15	6.44e-10	2.83e-05	1.00e+00	0.00e+00	0.00e+00	0.00e+00	0.00e+00	0.00e+00
 8.35362e+12	1.50e-38	4.30e-30	2.67e-22	1.48e-15	7.54e-10	3.09e-05	1.00e+00	0.00e+00	0.00e+00	0.00e+00	0.00e+00	0.00e+00
 8.70024e+12	0.00e+00	5.99e-30	3.53e-22	1.85e-15	8.77e-10	3.36e-05	1.00e+00	0.00e+00	0.00e+00	0.00e+00	0.00e+00	0.00e+00
 9.06072e+12	3.23e-38	8.37e-30	4.67e-22	2.31e-15	1.02e-09	3.65e-05	1.00e+00	0.00e+00	0.00e+00	0.00e+00	0.00e+00	0.00e+00
 9.45308e+12	0.00e+00	1.19e-29	6.27e-22	2.91e-15	1.20e-09	3.98e-05	1.00e+00	0.00e+00	0.00e+00	0.00e+00	0.00e+00	0.00e+00
 9.86113e+12	7.39e-38	1.70e-29	8.46e-22	3.68e-15	1.40e-09	4.33e-05	1.00e+00	0.00e+00	0.00e+00	0.00e+00	0.00e+00	0.00e+00
 1.02484e+13	0.00e+00	2.35e-29	1.11e-21	4.56e-15	1.62e-09	4.69e-05	1.00e+00	0.00e+00	0.00e+00	0.00e+00	0.00e+00	0.00e+00
 1.05965e+13	1.49e-37	3.11e-29	1.40e-21	5.48e-15	1.83e-09	5.02e-05	1.00e+00	0.00e+00	0.00e+00	0.00e+00	0.00e+00	0.00e+00
 1.09203e+13	0.00e+00	4.03e-29	1.74e-21	6.48e-15	2.05e-09	5.34e-05	1.00e+00	0.00e+00	0.00e+00	0.00e+00	0.00e+00	0.00e+00
 1.12763e+13	2.77e-37	5.31e-29	2.19e-21	7.75e-15	2.31e-09	5.70e-05	1.00e+00	0.00e+00	0.00e+00	0.00e+00	0.00e+00	0.00e+00
 1.16783e+13	0.00e+00	7.22e-29	2.82e-21	9.43e-15	2.64e-09	6.11e-05	1.00e+00	0.00e+00	0.00e+00	0.00e+00	0.00e+00	0.00e+00
 1.20645e+13	5.52e-37	9.58e-29	3.56e-21	1.13e-14	2.99e-09	6.53e-05	1.00e+00	0.00e+00	0.00e+00	0.00e+00	0.00e+00	0.00e+00
 1.24910e+13	0.00e+00	1.30e-28	4.58e-21	1.38e-14	3.40e-09	7.00e-05	1.00e+00	0.00e+00	0.00e+00	0.00e+00	0.00e+00	0.00e+00
 1.29648e+13	1.16e-36	1.80e-28	6.01e-21	1.70e-14	3.92e-09	7.55e-05	1.00e+00	0.00e+00	0.00e+00	0.00e+00	0.00e+00	0.00e+00
 1.33994e+13	0.00e+00	2.42e-28	7.65e-21	2.04e-14	4.44e-09	8.06e-05	1.00e+00	0.00e+00	0.00e+00	0.00e+00	0.00e+00	0.00e+00
 1.38032e+13	2.23e-36	3.15e-28	9.51e-21	2.42e-14	4.97e-09	8.56e-05	1.00e+00	0.00e+00	0.00e+00	0.00e+00	0.00e+00	0.00e+00
 1.42672e+13	0.00e+00	4.25e-28	1.22e-20	2.92e-14	5.63e-09	9.14e-05	1.00e+00	0.00e+00	0.00e+00	0.00e+00	0.00e+00	0.00e+00
 1.48351e+13	4.83e-36	6.07e-28	1.62e-20	3.64e-14	6.54e-09	9.87e-05	1.00e+00	0.00e+00	0.00e+00	0.00e+00	0.00e+00	0.00e+00
 1.54014e+13	0.00e+00	8.49e-28	2.14e-20	4.51e-14	7.54e-09	1.06e-04	1.00e+00	0.00e+00	0.00e+00	0.00e+00	0.00e+00	0.00e+00
 1.58938e+13	1.01e-35	1.13e-27	2.71e-20	5.40e-14	8.50e-09	1.13e-04	1.00e+00	0.00e+00	0.00e+00	0.00e+00	0.00e+00	0.00e+00
 1.64265e+13	0.00e+00	1.54e-27	3.48e-20	6.52e-14	9.64e-09	1.21e-04	1.00e+00	0.00e+00	0.00e+00	0.00e+00	0.00e+00	0.00e+00
 1.70771e+13	2.24e-35	2.22e-27	4.66e-20	8.14e-14	1.12e-08	1.30e-04	1.00e+00	0.00e+00	0.00e+00	0.00e+00	0.00e+00	0.00e+00
 1.77403e+13	0.00e+00	3.14e-27	6.21e-20	1.01e-13	1.29e-08	1.41e-04	1.00e+00	0.00e+00	0.00e+00	0.00e+00	0.00e+00	0.00e+00
 1.83395e+13	4.89e-35	4.29e-27	7.99e-20	1.23e-13	1.47e-08	1.50e-04	1.00e+00	0.00e+00	0.00e+00	0.00e+00	0.00e+00	0.00e+00
 1.89962e+13	7.28e-35	5.99e-27	1.05e-19	1.50e-13	1.68e-08	1.61e-04	1.00e+00	0.00e+00	0.00e+00	0.00e+00	0.00e+00	0.00e+00
 1.97697e+13	1.15e-34	8.76e-27	1.42e-19	1.89e-13	1.96e-08	1.74e-04	1.00e+00	0.00e+00	0.00e+00	0.00e+00	0.00e+00	0.00e+00
 2.05412e+13	1.75e-34	1.25e-26	1.90e-19	2.36e-13	2.28e-08	1.88e-04	1.00e+00	0.00e+00	0.00e+00	0.00e+00	0.00e+00	0.00e+00
 2.12657e+13	2.61e-34	1.75e-26	2.48e-19	2.88e-13	2.60e-08	2.01e-04	1.00e+00	0.00e+00	0.00e+00	0.00e+00	0.00e+00	0.00e+00
 2.20683e+13	4.00e-34	2.49e-26	3.30e-19	3.57e-13	3.00e-08	2.15e-04	1.00e+00	0.00e+00	0.00e+00	0.00e+00	0.00e+00	0.00e+00
 2.29810e+13	6.41e-34	3.69e-26	4.52e-19	4.52e-13	3.51e-08	2.33e-04	1.00e+00	0.00e+00	0.00e+00	0.00e+00	0.00e+00	0.00e+00
 2.38982e+13	9.96e-34	5.35e-26	6.11e-19	5.67e-13	4.09e-08	2.52e-04	1.00e+00	0.00e+00	0.00e+00	0.00e+00	0.00e+00	0.00e+00
 2.48521e+13	1.58e-33	7.84e-26	8.29e-19	7.13e-13	4.76e-08	2.71e-04	1.00e+00	0.00e+00	0.00e+00	0.00e+00	0.00e+00	0.00e+00
 2.58761e+13	2.54e-33	1.16e-25	1.14e-18	9.02e-13	5.56e-08	2.93e-04	1.00e+00	0.00e+00	0.00e+00	0.00e+00	0.00e+00	0.00e+00
 2.69411e+13	4.06e-33	1.72e-25	1.55e-18	1.14e-12	6.51e-08	3.17e-04	1.00e+00	0.00e+00	0.00e+00	0.00e+00	0.00e+00	0.00e+00
 2.79685e+13	6.22e-33	2.46e-25	2.08e-18	1.42e-12	7.53e-08	3.41e-04	1.00e+00	0.00e+00	0.00e+00	0.00e+00	0.00e+00	0.00e+00
 2.89289e+13	9.27e-33	3.43e-25	2.71e-18	1.73e-12	8.58e-08	3.64e-04	1.00e+00	0.00e+00	0.00e+00	0.00e+00	0.00e+00	0.00e+00
 2.98355e+13	1.34e-32	4.65e-25	3.45e-18	2.07e-12	9.68e-08	3.86e-04	1.00e+00	0.00e+00	0.00e+00	0.00e+00	0.00e+00	0.00e+00
 3.08262e+13	1.96e-32	6.39e-25	4.46e-18	2.51e-12	1.10e-07	4.11e-04	1.00e+00	0.00e+00	0.00e+00	0.00e+00	0.00e+00	0.00e+00
 3.19265e+13	2.93e-32	8.95e-25	5.86e-18	3.08e-12	1.26e-07	4.40e-04	1.00e+00	0.00e+00	0.00e+00	0.00e+00	0.00e+00	0.00e+00
 3.29541e+13	4.26e-32	1.22e-24	7.52e-18	3.71e-12	1.43e-07	4.68e-04	1.00e+00	0.00e+00	0.00e+00	0.00e+00	0.00e+00	0.00e+00
 3.40749e+13	6.36e-32	1.70e-24	9.78e-18	4.51e-12	1.63e-07	4.99e-04	1.00e+00	0.00e+00	0.00e+00	0.00e+00	0.00e+00	0.00e+00
 3.54175e+13	1.00e-31	2.48e-24	1.32e-17	5.66e-12	1.89e-07	5.38e-04	9.99e-01	0.00e+00	0.00e+00	0.00e+00	0.00e+00	0.00e+00
 3.67426e+13	1.52e-31	3.53e-24	1.76e-17	7.02e-12	2.18e-07	5.78e-04	9.99e-01	0.00e+00	0.00e+00	0.00e+00	0.00e+00	0.00e+00
 3.79346e+13	2.23e-31	4.85e-24	2.27e-17	8.47e-12	2.47e-07	6.15e-04	9.99e-01	0.00e+00	0.00e+00	0.00e+00	0.00e+00	0.00e+00
 3.92593e+13	3.29e-31	6.73e-24	2.97e-17	1.04e-11	2.83e-07	6.58e-04	9.99e-01	0.00e+00	0.00e+00	0.00e+00	0.00e+00	0.00e+00
 4.08232e+13	5.25e-31	9.92e-24	4.04e-17	1.30e-11	3.30e-07	7.10e-04	9.99e-01	0.00e+00	0.00e+00	0.00e+00	0.00e+00	0.00e+00
 4.24133e+13	8.03e-31	1.42e-23	5.44e-17	1.63e-11	3.83e-07	7.66e-04	9.99e-01	0.00e+00	0.00e+00	0.00e+00	0.00e+00	0.00e+00
 4.39455e+13	1.22e-30	2.01e-23	7.20e-17	2.01e-11	4.41e-07	8.20e-04	9.99e-01	0.00e+00	0.00e+00	0.00e+00	0.00e+00	0.00e+00
 4.54050e+13	1.79e-30	2.77e-23	9.31e-17	2.44e-11	5.01e-07	8.75e-04	9.99e-01	0.00e+00	0.00e+00	0.00e+00	0.00e+00	0.00e+00
 4.70200e+13	2.65e-30	3.86e-23	1.22e-16	3.00e-11	5.75e-07	9.37e-04	9.99e-01	0.00e+00	0.00e+00	0.00e+00	0.00e+00	0.00e+00
 4.87997e+13	4.11e-30	5.56e-23	1.64e-16	3.73e-11	6.65e-07	1.01e-03	9.99e-01	0.00e+00	0.00e+00	0.00e+00	0.00e+00	0.00e+00
 5.04400e+13	5.92e-30	7.58e-23	2.12e-16	4.54e-11	7.57e-07	1.08e-03	9.99e-01	0.00e+00	0.00e+00	0.00e+00	0.00e+00	0.00e+00
 5.22189e+13	8.93e-30	1.07e-22	2.79e-16	5.57e-11	8.68e-07	1.15e-03	9.99e-01	0.00e+00	0.00e+00	0.00e+00	0.00e+00	0.00e+00
 5.42072e+13	1.34e-29	1.51e-22	3.73e-16	6.94e-11	1.01e-06	1.24e-03	9.99e-01	0.00e+00	0.00e+00	0.00e+00	0.00e+00	0.00e+00
 5.60766e+13	2.01e-29	2.11e-22	4.87e-16	8.48e-11	1.15e-06	1.33e-03	9.99e-01	0.00e+00	0.00e+00	0.00e+00	0.00e+00	0.00e+00
 5.81161e+13	2.97e-29	2.95e-22	6.43e-16	1.05e-10	1.32e-06	1.43e-03	9.99e-01	0.00e+00	0.00e+00	0.00e+00	0.00e+00	0.00e+00
 6.03812e+13	4.56e-29	4.24e-22	8.68e-16	1.31e-10	1.54e-06	1.54e-03	9.98e-01	0.00e+00	0.00e+00	0.00e+00	0.00e+00	0.00e+00
 6.24986e+13	6.75e-29	5.89e-22	1.14e-15	1.61e-10	1.76e-06	1.65e-03	9.98e-01	0.00e+00	0.00e+00	0.00e+00	0.00e+00	0.00e+00
 6.47887e+13	1.03e-28	8.39e-22	1.51e-15	1.99e-10	2.03e-06	1.77e-03	9.98e-01	0.00e+00	0.00e+00	0.00e+00	0.00e+00	0.00e+00
 6.73484e+13	1.56e-28	1.20e-21	2.04e-15	2.50e-10	2.36e-06	1.92e-03	9.98e-01	0.00e+00	0.00e+00	0.00e+00	0.00e+00	0.00e+00
 6.97976e+13	2.37e-28	1.70e-21	2.71e-15	3.09e-10	2.72e-06	2.06e-03	9.98e-01	0.00e+00	0.00e+00	0.00e+00	0.00e+00	0.00e+00
 7.24066e+13	3.51e-28	2.38e-21	3.60e-15	3.84e-10	3.15e-06	2.22e-03	9.98e-01	0.00e+00	0.00e+00	0.00e+00	0.00e+00	0.00e+00
 7.53328e+13	5.45e-28	3.46e-21	4.91e-15	4.86e-10	3.68e-06	2.40e-03	9.98e-01	0.00e+00	0.00e+00	0.00e+00	0.00e+00	0.00e+00
 7.82335e+13	8.29e-28	4.94e-21	6.61e-15	6.07e-10	4.27e-06	2.59e-03	9.97e-01	0.00e+00	0.00e+00	0.00e+00	0.00e+00	0.00e+00
 8.12501e+13	1.29e-27	7.16e-21	8.91e-15	7.60e-10	4.96e-06	2.79e-03	9.97e-01	0.00e+00	0.00e+00	0.00e+00	0.00e+00	0.00e+00
 8.43403e+13	1.91e-27	1.00e-20	1.19e-14	9.48e-10	5.74e-06	3.01e-03	9.97e-01	0.00e+00	0.00e+00	0.00e+00	0.00e+00	0.00e+00
 8.72201e+13	2.78e-27	1.38e-20	1.55e-14	1.16e-09	6.56e-06	3.22e-03	9.97e-01	0.00e+00	0.00e+00	0.00e+00	0.00e+00	0.00e+00
 9.04048e+13	4.20e-27	1.95e-20	2.06e-14	1.43e-09	7.56e-06	3.46e-03	9.97e-01	0.00e+00	0.00e+00	0.00e+00	0.00e+00	0.00e+00
 9.38914e+13	6.25e-27	2.75e-20	2.76e-14	1.79e-09	8.77e-06	3.73e-03	9.96e-01	0.00e+00	0.00e+00	0.00e+00	0.00e+00	0.00e+00
 9.71280e+13	9.28e-27	3.83e-20	3.61e-14	2.19e-09	1.00e-05	3.99e-03	9.96e-01	0.00e+00	0.00e+00	0.00e+00	0.00e+00	0.00e+00
 9.99827e+13	1.25e-26	4.95e-20	4.53e-14	2.60e-09	1.12e-05	4.23e-03	9.96e-01	0.00e+00	0.00e+00	0.00e+00	0.00e+00	0.00e+00
 1.03013e+14	1.74e-26	6.58e-20	5.73e-14	3.10e-09	1.27e-05	4.49e-03	9.95e-01	0.00e+00	0.00e+00	0.00e+00	0.00e+00	0.00e+00
 1.06835e+14	2.64e-26	9.35e-20	7.63e-14	3.85e-09	1.46e-05	4.83e-03	9.95e-01	0.00e+00	0.00e+00	0.00e+00	0.00e+00	0.00e+00
 1.10696e+14	3.81e-26	1.29e-19	1.01e-13	4.75e-09	1.68e-05	5.19e-03	9.95e-01	0.00e+00	0.00e+00	0.00e+00	0.00e+00	0.00e+00
 1.13970e+14	5.35e-26	1.71e-19	1.27e-13	5.65e-09	1.89e-05	5.50e-03	9.94e-01	0.00e+00	0.00e+00	0.00e+00	0.00e+00	0.00e+00
 1.17468e+14	7.32e-26	2.24e-19	1.61e-13	6.76e-09	2.13e-05	5.85e-03	9.94e-01	0.00e+00	0.00e+00	0.00e+00	0.00e+00	0.00e+00
 1.21849e+14	1.11e-25	3.19e-19	2.14e-13	8.40e-09	2.46e-05	6.29e-03	9.94e-01	0.00e+00	0.00e+00	0.00e+00	0.00e+00	0.00e+00
 1.26366e+14	1.60e-25	4.40e-19	2.85e-13	1.04e-08	2.84e-05	6.77e-03	9.93e-01	0.00e+00	0.00e+00	0.00e+00	0.00e+00	0.00e+00
 1.30352e+14	2.26e-25	5.89e-19	3.64e-13	1.25e-08	3.21e-05	7.20e-03	9.93e-01	0.00e+00	0.00e+00	0.00e+00	0.00e+00	0.00e+00
 1.34656e+14	3.28e-25	8.07e-19	4.70e-13	1.52e-08	3.65e-05	7.69e-03	9.92e-01	0.00e+00	0.00e+00	0.00e+00	0.00e+00	0.00e+00
 1.39845e+14	4.80e-25	1.13e-18	6.32e-13	1.90e-08	4.24e-05	8.30e-03	9.92e-01	0.00e+00	0.00e+00	0.00e+00	0.00e+00	0.00e+00
 1.44994e+14	7.29e-25	1.60e-18	8.40e-13	2.36e-08	4.89e-05	8.92e-03	9.91e-01	0.00e+00	0.00e+00	0.00e+00	0.00e+00	0.00e+00
 1.49587e+14	9.88e-25	2.10e-18	1.07e-12	2.83e-08	5.53e-05	9.50e-03	9.90e-01	0.00e+00	0.00e+00	0.00e+00	0.00e+00	0.00e+00
 1.54650e+14	1.43e-24	2.87e-18	1.39e-12	3.45e-08	6.30e-05	1.02e-02	9.90e-01	0.00e+00	0.00e+00	0.00e+00	0.00e+00	0.00e+00
 1.60677e+14	2.14e-24	4.08e-18	1.88e-12	4.33e-08	7.33e-05	1.10e-02	9.89e-01	0.00e+00	0.00e+00	0.00e+00	0.00e+00	0.00e+00
 1.66644e+14	3.19e-24	5.73e-18	2.50e-12	5.38e-08	8.46e-05	1.18e-02	9.88e-01	0.00e+00	0.00e+00	0.00e+00	0.00e+00	0.00e+00
 1.72094e+14	4.36e-24	7.57e-18	3.21e-12	6.51e-08	9.61e-05	1.26e-02	9.87e-01	0.00e+00	0.00e+00	0.00e+00	0.00e+00	0.00e+00
 1.78187e+14	6.44e-24	1.05e-17	4.21e-12	8.00e-08	1.10e-04	1.35e-02	9.86e-01	0.00e+00	0.00e+00	0.00e+00	0.00e+00	0.00e+00
 1.85278e+14	9.44e-24	1.48e-17	5.70e-12	1.01e-07	1.29e-04	1.47e-02	9.85e-01	0.00e+00	0.00e+00	0.00e+00	0.00e+00	0.00e+00
 1.92228e+14	1.41e-23	2.09e-17	7.60e-12	1.25e-07	1.49e-04	1.58e-02	9.84e-01	0.00e+00	0.00e+00	0.00e+00	0.00e+00	0.00e+00
 1.98788e+14	1.95e-23	2.79e-17	9.85e-12	1.53e-07	1.70e-04	1.69e-02	9.83e-01	0.00e+00	0.00e+00	0.00e+00	0.00e+00	0.00e+00
 2.06102e+14	2.88e-23	3.90e-17	1.31e-11	1.89e-07	1.95e-04	1.82e-02	9.82e-01	0.00e+00	0.00e+00	0.00e+00	0.00e+00	0.00e+00
 2.14376e+14	4.21e-23	5.48e-17	1.77e-11	2.39e-07	2.28e-04	1.98e-02	9.80e-01	0.00e+00	0.00e+00	0.00e+00	0.00e+00	0.00e+00
 2.22606e+14	6.26e-23	7.73e-17	2.37e-11	2.99e-07	2.65e-04	2.13e-02	9.78e-01	0.00e+00	0.00e+00	0.00e+00	0.00e+00	0.00e+00
 2.30562e+14	8.72e-23	1.04e-16	3.10e-11	3.67e-07	3.04e-04	2.30e-02	9.77e-01	0.00e+00	0.00e+00	0.00e+00	0.00e+00	0.00e+00
 2.37489e+14	1.18e-22	1.36e-16	3.89e-11	4.38e-07	3.41e-04	2.44e-02	9.75e-01	0.00e+00	0.00e+00	0.00e+00	0.00e+00	0.00e+00
 2.43254e+14	1.50e-22	1.68e-16	4.68e-11	5.04e-07	3.74e-04	2.57e-02	9.74e-01	0.00e+00	0.00e+00	0.00e+00	0.00e+00	0.00e+00
 2.49650e+14	1.94e-22	2.12e-16	5.72e-11	5.88e-07	4.14e-04	2.71e-02	9.72e-01	0.00e+00	0.00e+00	0.00e+00	0.00e+00	0.00e+00
 2.57964e+14	2.63e-22	2.79e-16	7.33e-11	7.13e-07	4.71e-04	2.90e-02	9.70e-01	0.00e+00	0.00e+00	0.00e+00	0.00e+00	0.00e+00
 2.66711e+14	3.70e-22	3.77e-16	9.49e-11	8.68e-07	5.36e-04	3.11e-02	9.68e-01	0.00e+00	0.00e+00	0.00e+00	0.00e+00	0.00e+00
 2.74286e+14	4.80e-22	4.78e-16	1.17e-10	1.02e-06	5.98e-04	3.30e-02	9.66e-01	0.00e+00	0.00e+00	0.00e+00	0.00e+00	0.00e+00
 2.82401e+14	6.43e-22	6.19e-16	1.47e-10	1.22e-06	6.70e-04	3.51e-02	9.64e-01	0.00e+00	0.00e+00	0.00e+00	0.00e+00	0.00e+00
 2.92743e+14	8.99e-22	8.41e-16	1.93e-10	1.50e-06	7.70e-04	3.78e-02	9.61e-01	0.00e+00	0.00e+00	0.00e+00	0.00e+00	0.00e+00
 3.03314e+14	1.27e-21	1.15e-15	2.53e-10	1.85e-06	8.84e-04	4.08e-02	9.58e-01	0.00e+00	0.00e+00	0.00e+00	0.00e+00	0.00e+00
 3.12317e+14	1.69e-21	1.48e-15	3.16e-10	2.20e-06	9.89e-04	4.34e-02	9.56e-01	0.00e+00	0.00e+00	0.00e+00	0.00e+00	0.00e+00
 3.21949e+14	2.25e-21	1.93e-15	3.99e-10	2.63e-06	1.11e-03	4.62e-02	9.53e-01	0.00e+00	0.00e+00	0.00e+00	0.00e+00	0.00e+00
 3.33955e+14	3.17e-21	2.64e-15	5.27e-10	3.26e-06	1.28e-03	4.99e-02	9.49e-01	0.00e+00	0.00e+00	0.00e+00	0.00e+00	0.00e+00
 3.46269e+14	4.50e-21	3.63e-15	6.96e-10	4.03e-06	1.47e-03	5.39e-02	9.45e-01	0.00e+00	0.00e+00	0.00e+00	0.00e+00	0.00e+00
 3.57130e+14	6.06e-21	4.75e-15	8.81e-10	4.83e-06	1.66e-03	5.75e-02	9.41e-01	0.00e+00	0.00e+00	0.00e+00	0.00e+00	0.00e+00
 3.68884e+14	8.19e-21	6.28e-15	1.13e-09	5.84e-06	1.88e-03	6.15e-02	9.37e-01	0.00e+00	0.00e+00	0.00e+00	0.00e+00	0.00e+00
 3.83054e+14	1.18e-20	8.77e-15	1.50e-09	7.29e-06	2.17e-03	6.66e-02	9.31e-01	0.00e+00	0.00e+00	0.00e+00	0.00e+00	0.00e+00
 3.97101e+14	1.67e-20	1.20e-14	1.98e-09	9.00e-06	2.49e-03	7.18e-02	9.26e-01	0.00e+00	0.00e+00	0.00e+00	0.00e+00	0.00e+00
 4.09613e+14	2.25e-20	1.58e-14	2.51e-09	1.08e-05	2.80e-03	7.65e-02	9.21e-01	0.00e+00	0.00e+00	0.00e+00	0.00e+00	0.00e+00
 4.23389e+14	3.10e-20	2.12e-14	3.24e-09	1.31e-05	3.17e-03	8.20e-02	9.15e-01	0.00e+00	0.00e+00	0.00e+00	0.00e+00	0.00e+00
 4.39814e+14	4.49e-20	2.98e-14	4.34e-09	1.63e-05	3.66e-03	8.86e-02	9.08e-01	0.00e+00	0.00e+00	0.00e+00	0.00e+00	0.00e+00
 4.56155e+14	6.42e-20	4.13e-14	5.74e-09	2.02e-05	4.19e-03	9.54e-02	9.00e-01	0.00e+00	0.00e+00	0.00e+00	0.00e+00	0.00e+00
 4.71145e+14	8.76e-20	5.51e-14	7.35e-09	2.44e-05	4.73e-03	1.02e-01	8.93e-01	0.00e+00	0.00e+00	0.00e+00	0.00e+00	0.00e+00
 4.87905e+14	1.22e-19	7.49e-14	9.62e-09	2.99e-05	5.39e-03	1.09e-01	8.85e-01	0.00e+00	0.00e+00	0.00e+00	0.00e+00	0.00e+00
 5.07340e+14	1.83e-19	1.08e-13	1.30e-08	3.75e-05	6.23e-03	1.18e-01	8.76e-01	0.00e+00	0.00e+00	0.00e+00	0.00e+00	0.00e+00
 5.26394e+14	2.64e-19	1.51e-13	1.73e-08	4.64e-05	7.14e-03	1.27e-01	8.66e-01	0.00e+00	0.00e+00	0.00e+00	0.00e+00	0.00e+00
 5.44523e+14	3.65e-19	2.03e-13	2.24e-08	5.64e-05	8.09e-03	1.35e-01	8.57e-01	0.00e+00	0.00e+00	0.00e+00	0.00e+00	0.00e+00
 5.60476e+14	4.99e-19	2.68e-13	2.80e-08	6.66e-05	8.99e-03	1.43e-01	8.48e-01	0.00e+00	0.00e+00	0.00e+00	0.00e+00	0.00e+00
 5.73694e+14	6.34e-19	3.32e-13	3.35e-08	7.61e-05	9.78e-03	1.50e-01	8.41e-01	0.00e+00	0.00e+00	0.00e+00	0.00e+00	0.00e+00
 5.88191e+14	8.16e-19	4.18e-13	4.05e-08	8.77e-05	1.07e-02	1.57e-01	8.33e-01	0.00e+00	0.00e+00	0.00e+00	0.00e+00	0.00e+00
 6.07036e+14	1.12e-18	5.59e-13	5.17e-08	1.05e-04	1.20e-02	1.66e-01	8.22e-01	0.00e+00	0.00e+00	0.00e+00	0.00e+00	0.00e+00
 6.26851e+14	1.54e-18	7.45e-13	6.61e-08	1.26e-04	1.35e-02	1.76e-01	8.10e-01	0.00e+00	0.00e+00	0.00e+00	0.00e+00	0.00e+00
 6.43955e+14	2.04e-18	9.59e-13	8.13e-08	1.47e-04	1.48e-02	1.85e-01	8.00e-01	0.00e+00	0.00e+00	0.00e+00	0.00e+00	0.00e+00
 6.62220e+14	2.79e-18	1.26e-12	1.01e-07	1.72e-04	1.64e-02	1.94e-01	7.89e-01	0.00e+00	0.00e+00	0.00e+00	0.00e+00	0.00e+00
 6.85964e+14	4.04e-18	1.75e-12	1.32e-07	2.10e-04	1.85e-02	2.06e-01	7.75e-01	0.00e+00	0.00e+00	0.00e+00	0.00e+00	0.00e+00
 7.10352e+14	5.65e-18	2.38e-12	1.72e-07	2.55e-04	2.09e-02	2.19e-01	7.60e-01	0.00e+00	0.00e+00	0.00e+00	0.00e+00	0.00e+00
 7.30678e+14	7.85e-18	3.16e-12	2.14e-07	2.99e-04	2.31e-02	2.29e-01	7.47e-01	0.00e+00	0.00e+00	0.00e+00	0.00e+00	0.00e+00
 7.52205e+14	1.04e-17	4.09e-12	2.66e-07	3.51e-04	2.55e-02	2.40e-01	7.34e-01	0.00e+00	0.00e+00	0.00e+00	0.00e+00	0.00e+00
 7.79674e+14	1.57e-17	5.83e-12	3.50e-07	4.28e-04	2.88e-02	2.54e-01	7.16e-01	0.00e+00	0.00e+00	0.00e+00	0.00e+00	0.00e+00
 8.08499e+14	2.34e-17	8.18e-12	4.60e-07	5.22e-04	3.26e-02	2.69e-01	6.98e-01	0.00e+00	0.00e+00	1.34e-17	7.11e-18	2.51e-18
 8.34149e+14	3.28e-17	1.10e-11	5.81e-07	6.18e-04	3.61e-02	2.82e-01	6.82e-01	0.00e+00	0.00e+00	1.88e-17	9.98e-18	3.50e-18
 8.62042e+14	4.63e-17	1.48e-11	7.43e-07	7.37e-04	4.02e-02	2.95e-01	6.64e-01	0.00e+00	0.00e+00	2.65e-17	1.41e-17	4.92e-18
 8.95378e+14	7.02e-17	2.13e-11	9.86e-07	9.04e-04	4.55e-02	3.11e-01	6.42e-01	0.00e+00	0.00e+00	4.03e-17	2.14e-17	7.41e-18
 9.28412e+14	1.03e-16	2.96e-11	1.29e-06	1.09e-03	5.10e-02	3.26e-01	6.22e-01	0.00e+00	0.00e+00	5.91e-17	3.13e-17	1.08e-17
 9.58344e+14	1.45e-16	3.98e-11	1.63e-06	1.29e-03	5.64e-02	3.40e-01	6.03e-01	0.00e+00	0.00e+00	8.34e-17	4.41e-17	1.52e-17
 9.91625e+14	2.04e-16	5.36e-11	2.08e-06	1.54e-03	6.26e-02	3.54e-01	5.82e-01	0.00e+00	0.00e+00	1.17e-16	6.18e-17	2.12e-17
 1.03066e+15	3.18e-16	7.78e-11	2.76e-06	1.88e-03	7.04e-02	3.70e-01	5.58e-01	0.00e+00	0.00e+00	1.83e-16	9.66e-17	3.30e-17
 1.06917e+15	4.74e-16	1.09e-10	3.59e-06	2.27e-03	7.84e-02	3.85e-01	5.35e-01	0.00e+00	0.00e+00	2.73e-16	1.44e-16	4.89e-17
 1.10530e+15	6.80e-16	1.48e-10	4.55e-06	2.68e-03	8.64e-02	3.98e-01	5.13e-01	0.00e+00	0.00e+00	3.92e-16	2.06e-16	6.98e-17
 1.14563e+15	9.68e-16	2.00e-10	5.86e-06	3.19e-03	9.56e-02	4.11e-01	4.90e-01	0.00e+00	0.00e+00	5.59e-16	2.94e-16	9.92e-17
 1.19148e+15	1.55e-15	2.93e-10	7.74e-06	3.87e-03	1.07e-01	4.25e-01	4.64e-01	0.00e+00	0.00e+00	8.94e-16	4.70e-16	1.58e-16
 1.23684e+15	2.32e-15	4.10e-10	1.00e-05	4.63e-03	1.18e-01	4.38e-01	4.40e-01	0.00e+00	0.00e+00	1.34e-15	7.04e-16	2.36e-16
 1.27405e+15	3.19e-15	5.33e-10	1.23e-05	5.33e-03	1.28e-01	4.47e-01	4.20e-01	0.00e+00	0.00e+00	1.85e-15	9.68e-16	3.24e-16
 1.30312e+15	4.07e-15	6.51e-10	1.43e-05	5.92e-03	1.35e-01	4.53e-01	4.06e-01	0.00e+00	0.00e+00	2.35e-15	1.23e-15	4.12e-16
 1.33495e+15	5.27e-15	8.05e-10	1.69e-05	6.63e-03	1.44e-01	4.60e-01	3.90e-01	0.00e+00	0.00e+00	3.05e-15	1.60e-15	5.33e-16
 1.37632e+15	7.04e-15	1.03e-09	2.07e-05	7.62e-03	1.55e-01	4.67e-01	3.71e-01	0.00e+00	0.00e+00	4.07e-15	2.13e-15	7.09e-16
 1.42130e+15	1.03e-14	1.39e-09	2.56e-05	8.81e-03	1.68e-01	4.74e-01	3.50e-01	0.00e+00	0.00e+00	5.99e-15	3.14e-15	1.04e-15
 1.46172e+15	1.38e-14	1.77e-09	3.08e-05	9.98e-03	1.79e-01	4.79e-01	3.32e-01	0.00e+00	0.00e+00	8.00e-15	4.19e-15	1.39e-15
 1.50504e+15	1.83e-14	2.23e-09	3.72e-05	1.13e-02	1.91e-01	4.83e-01	3.14e-01	0.00e+00	0.00e+00	1.06e-14	5.56e-15	1.84e-15
 1.56013e+15	2.80e-14	3.11e-09	4.71e-05	1.32e-02	2.07e-01	4.87e-01	2.92e-01	0.00e+00	0.00e+00	1.62e-14	8.49e-15	2.80e-15
 1.61586e+15	4.01e-14	4.14e-09	5.88e-05	1.54e-02	2.23e-01	4.90e-01	2.72e-01	0.00e+00	0.00e+00	2.32e-14	1.22e-14	4.00e-15
 1.66280e+15	5.28e-14	5.20e-09	7.04e-05	1.73e-02	2.37e-01	4.91e-01	2.55e-01	0.00e+00	0.00e+00	3.06e-14	1.60e-14	5.27e-15
 1.71297e+15	7.20e-14	6.64e-09	8.47e-05	1.95e-02	2.51e-01	4.90e-01	2.39e-01	0.00e+00	0.00e+00	4.17e-14	2.18e-14	7.17e-15
 1.77617e+15	1.10e-13	9.19e-09	1.06e-04	2.26e-02	2.69e-01	4.89e-01	2.19e-01	0.00e+00	0.00e+00	6.39e-14	3.34e-14	1.09e-14
 1.84130e+15	1.60e-13	1.23e-08	1.32e-04	2.60e-02	2.88e-01	4.85e-01	2.01e-01	0.00e+00	0.00e+00	9.29e-14	4.86e-14	1.59e-14
 1.89845e+15	2.18e-13	1.57e-08	1.59e-04	2.93e-02	3.03e-01	4.81e-01	1.86e-01	0.00e+00	0.00e+00	1.26e-13	6.61e-14	2.16e-14
 1.96024e+15	2.94e-13	1.99e-08	1.92e-04	3.30e-02	3.20e-01	4.76e-01	1.71e-01	0.00e+00	0.00e+00	1.71e-13	8.92e-14	2.91e-14
 2.03509e+15	4.48e-13	2.74e-08	2.39e-04	3.80e-02	3.40e-01	4.68e-01	1.54e-01	0.00e+00	0.00e+00	2.60e-13	1.36e-13	4.43e-14
 2.10927e+15	6.47e-13	3.63e-08	2.94e-04	4.32e-02	3.59e-01	4.58e-01	1.40e-01	0.00e+00	0.00e+00	3.76e-13	1.96e-13	6.40e-14
 2.17536e+15	8.61e-13	4.54e-08	3.50e-04	4.81e-02	3.75e-01	4.49e-01	1.28e-01	0.00e+00	0.00e+00	5.00e-13	2.61e-13	8.51e-14
 2.24855e+15	1.20e-12	5.86e-08	4.22e-04	5.40e-02	3.92e-01	4.39e-01	1.15e-01	0.00e+00	0.00e+00	6.98e-13	3.65e-13	1.19e-13
 2.33573e+15	1.87e-12	8.09e-08	5.24e-04	6.14e-02	4.11e-01	4.25e-01	1.02e-01	0.00e+00	0.00e+00	1.09e-12	5.68e-13	1.85e-13
 2.41836e+15	2.61e-12	1.04e-07	6.33e-04	6.88e-02	4.28e-01	4.11e-01	9.14e-02	0.00e+00	0.00e+00	1.52e-12	7.94e-13	2.58e-13
 2.48909e+15	3.40e-12	1.28e-07	7.39e-04	7.54e-02	4.41e-01	3.99e-01	8.31e-02	0.00e+00	0.00e+00	1.97e-12	1.03e-12	3.35e-13
 2.56709e+15	4.62e-12	1.61e-07	8.73e-04	8.31e-02	4.55e-01	3.86e-01	7.47e-02	0.00e+00	0.00e+00	2.68e-12	1.40e-12	4.55e-13
 2.66342e+15	7.05e-12	2.18e-07	1.06e-03	9.32e-02	4.71e-01	3.69e-01	6.53e-02	0.00e+00	0.00e+00	4.10e-12	2.14e-12	6.95e-13
 2.76012e+15	9.89e-12	2.81e-07	1.28e-03	1.04e-01	4.86e-01	3.52e-01	5.74e-02	0.00e+00	0.00e+00	5.75e-12	3.00e-12	9.74e-13
 2.83758e+15	1.27e-11	3.39e-07	1.48e-03	1.12e-01	4.96e-01	3.39e-01	5.17e-02	0.00e+00	0.00e+00	7.37e-12	3.85e-12	1.25e-12
 2.91347e+15	1.65e-11	4.12e-07	1.69e-03	1.21e-01	5.05e-01	3.26e-01	4.66e-02	0.00e+00	0.00e+00	9.59e-12	5.01e-12	1.62e-12
 3.01212e+15	2.41e-11	5.38e-07	2.01e-03	1.33e-01	5.15e-01	3.09e-01	4.07e-02	0.00e+00	0.00e+00	1.40e-11	7.33e-12	2.38e-12
 3.10868e+15	3.23e-11	6.69e-07	2.36e-03	1.45e-01	5.24e-01	2.93e-01	3.58e-02	0.00e+00	0.00e+00	1.88e-11	9.83e-12	3.18e-12
 3.18624e+15	4.02e-11	7.89e-07	2.66e-03	1.55e-01	5.30e-01	2.81e-01	3.23e-02	0.00e+00	0.00e+00	2.34e-11	1.22e-11	3.96e-12
 3.27080e+15	5.19e-11	9.50e-07	3.03e-03	1.66e-01	5.35e-01	2.67e-01	2.88e-02	0.00e+00	0.00e+00	3.02e-11	1.58e-11	5.11e-12
 3.38073e+15	7.59e-11	1.24e-06	3.59e-03	1.80e-01	5.41e-01	2.50e-01	2.48e-02	0.00e+00	0.00e+00	4.42e-11	2.31e-11	7.48e-12
 3.49138e+15	1.03e-10	1.55e-06	4.19e-03	1.95e-01	5.45e-01	2.35e-01	2.14e-02	0.00e+00	0.00e+00	6.01e-11	3.15e-11	1.02e-11
 3.58203e+15	1.33e-10	1.86e-06	4.74e-03	2.08e-01	5.47e-01	2.22e-01	1.90e-02	0.00e+00	0.00e+00	7.74e-11	4.05e-11	1.31e-11
 3.67895e+15	1.74e-10	2.25e-06	5.40e-03	2.21e-01	5.48e-01	2.09e-01	1.67e-02	0.00e+00	0.00e+00	1.01e-10	5.29e-11	1.71e-11
 3.80493e+15	2.28e-10	2.77e-06	6.33e-03	2.39e-01	5.47e-01	1.93e-01	1.42e-02	0.00e+00	0.00e+00	1.33e-10	6.95e-11	2.25e-11
 3.93598e+15	3.40e-10	3.64e-06	7.47e-03	2.58e-01	5.45e-01	1.77e-01	1.19e-02	0.00e+00	0.00e+00	1.98e-10	1.03e-10	3.35e-11
 4.04464e+15	4.42e-10	4.39e-06	8.50e-03	2.73e-01	5.42e-01	1.65e-01	1.03e-02	0.00e+00	0.00e+00	2.57e-10	1.35e-10	4.36e-11
 4.15694e+15	5.74e-10	5.31e-06	9.67e-03	2.90e-01	5.38e-01	1.54e-01	8.93e-03	0.00e+00	0.00e+00	3.34e-10	1.75e-10	5.66e-11
 4.28290e+15	7.41e-10	6.42e-06	1.11e-02	3.08e-01	5.32e-01	1.41e-01	7.60e-03	0.00e+00	0.00e+00	4.31e-10	2.26e-10	7.32e-11
 4.40220e+15	1.04e-09	8.07e-06	1.27e-02	3.26e-01	5.25e-01	1.30e-01	6.46e-03	0.00e+00	0.00e+00	6.03e-10	3.16e-10	1.02e-10
 4.51199e+15	1.32e-09	9.61e-06	1.43e-02	3.41e-01	5.18e-01	1.21e-01	5.60e-03	0.00e+00	0.00e+00	7.71e-10	4.04e-10	1.31e-10
 4.63387e+15	1.71e-09	1.16e-05	1.62e-02	3.59e-01	5.09e-01	1.11e-01	4.78e-03	0.00e+00	0.00e+00	9.95e-10	5.21e-10	1.69e-10
 4.76790e+15	2.19e-09	1.39e-05	1.85e-02	3.78e-01	4.99e-01	1.01e-01	4.03e-03	0.00e+00	0.00e+00	1.27e-09	6.68e-10	2.17e-10
 4.89132e+15	3.04e-09	1.74e-05	2.10e-02	3.96e-01	4.88e-01	9.22e-02	3.40e-03	0.00e+00	0.00e+00	1.77e-09	9.27e-10	3.01e-10
 4.98972e+15	3.72e-09	2.01e-05	2.31e-02	4.09e-01	4.79e-01	8.58e-02	2.99e-03	0.00e+00	0.00e+00	2.16e-09	1.13e-09	3.68e-10
 5.08200e+15	4.52e-09	2.31e-05	2.53e-02	4.22e-01	4.70e-01	8.01e-02	2.65e-03	0.00e+00	0.00e+00	2.63e-09	1.38e-09	4.48e-10
 5.20196e+15	5.50e-09	2.68e-05	2.83e-02	4.39e-01	4.57e-01	7.33e-02	2.27e-03	0.00e+00	0.00e+00	3.20e-09	1.68e-09	5.46e-10
 5.33513e+15	7.67e-09	3.36e-05	3.22e-02	4.57e-01	4.43e-01	6.61e-02	1.89e-03	0.00e+00	0.00e+00	4.46e-09	2.34e-09	7.61e-10
 5.45806e+15	9.30e-09	3.90e-05	3.60e-02	4.72e-01	4.30e-01	6.02e-02	1.61e-03	0.00e+00	0.00e+00	5.41e-09	2.84e-09	9.23e-10
 5.57214e+15	1.25e-08	4.75e-05	4.02e-02	4.87e-01	4.16e-01	5.48e-02	1.37e-03	0.00e+00	0.00e+00	7.25e-09	3.80e-09	1.24e-09
 5.68460e+15	1.57e-08	5.60e-05	4.46e-02	5.01e-01	4.03e-01	5.00e-02	1.17e-03	0.00e+00	0.00e+00	9.12e-09	4.79e-09	1.56e-09
 5.79222e+15	1.92e-08	6.49e-05	4.92e-02	5.14e-01	3.90e-01	4.58e-02	1.01e-03	0.00e+00	0.00e+00	1.12e-08	5.86e-09	1.91e-09
 5.91106e+15	2.35e-08	7.57e-05	5.49e-02	5.28e-01	3.75e-01	4.15e-02	8.60e-04	0.00e+00	0.00e+00	1.37e-08	7.19e-09	2.34e-09
 6.04396e+15	3.32e-08	9.57e-05	6.24e-02	5.42e-01	3.58e-01	3.68e-02	7.03e-04	0.00e+00	0.00e+00	1.93e-08	1.01e-08	3.31e-09
 6.16577e+15	4.27e-08	1.15e-04	6.99e-02	5.54e-01	3.42e-01	3.30e-02	5.90e-04	0.00e+00	0.00e+00	2.48e-08	1.30e-08	4.25e-09
 6.27508e+15	5.39e-08	1.35e-04	7.75e-02	5.65e-01	3.27e-01	2.98e-02	5.01e-04	0.00e+00	0.00e+00	3.14e-08	1.65e-08	5.38e-09
 6.37873e+15	6.75e-08	1.59e-04	8.55e-02	5.73e-01	3.13e-01	2.70e-02	4.27e-04	0.00e+00	0.00e+00	3.93e-08	2.06e-08	6.73e-09
 6.49466e+15	8.14e-08	1.84e-04	9.53e-02	5.82e-01	2.98e-01	2.41e-02	3.60e-04	0.00e+00	0.00e+00	4.74e-08	2.49e-08	8.13e-09
 6.64536e+15	1.26e-07	2.48e-04	1.12e-01	5.92e-01	2.76e-01	2.04e-02	2.76e-04	0.00e+00	0.00e+00	7.33e-08	3.85e-08	1.26e-08
 6.78752e+15	1.56e-07	2.95e-04	1.27e-01	5.99e-01	2.56e-01	1.77e-02	2.23e-04	0.00e+00	0.00e+00	9.09e-08	4.78e-08	1.56e-08
 6.89454e+15	2.25e-07	3.76e-04	1.43e-01	6.01e-01	2.40e-01	1.54e-02	1.80e-04	0.00e+00	0.00e+00	1.31e-07	6.87e-08	2.25e-08
 6.97637e+15	2.72e-07	4.32e-04	1.56e-01	6.02e-01	2.28e-01	1.40e-02	1.56e-04	0.00e+00	0.00e+00	1.58e-07	8.31e-08	2.72e-08
 7.04950e+15	3.31e-07	4.97e-04	1.69e-01	6.01e-01	2.16e-01	1.27e-02	1.35e-04	0.00e+00	0.00e+00	1.92e-07	1.01e-07	3.31e-08
 7.14456e+15	4.17e-07	5.89e-04	1.88e-01	5.99e-01	2.01e-01	1.11e-02	1.12e-04	0.00e+00	0.00e+00	2.42e-07	1.28e-07	4.18e-08
 7.24612e+15	5.48e-07	7.17e-04	2.10e-01	5.94e-01	1.86e-01	9.62e-03	9.00e-05	0.00e+00	0.00e+00	3.19e-07	1.68e-07	5.50e-08
 7.33055e+15	6.61e-07	8.26e-04	2.31e-01	5.88e-01	1.72e-01	8.47e-03	7.53e-05	0.00e+00	0.00e+00	3.85e-07	2.03e-07	6.64e-08
 7.39752e+15	8.51e-07	9.81e-04	2.50e-01	5.80e-01	1.61e-01	7.54e-03	6.35e-05	0.00e+00	0.00e+00	4.95e-07	2.61e-07	8.55e-08
 7.44872e+15	1.01e-06	1.10e-03	2.66e-01	5.73e-01	1.53e-01	6.88e-03	5.57e-05	0.00e+00	0.00e+00	5.86e-07	3.09e-07	1.01e-07
 7.49666e+15	1.18e-06	1.23e-03	2.82e-01	5.65e-01	1.45e-01	6.28e-03	4.89e-05	0.00e+00	0.00e+00	6.84e-07	3.60e-07	1.18e-07
 7.55898e+15	1.35e-06	1.37e-03	3.04e-01	5.55e-01	1.34e-01	5.60e-03	4.19e-05	0.00e+00	0.00e+00	7.83e-07	4.13e-07	1.35e-07
 7.64000e+15	1.85e-06	1.70e-03	3.37e-01	5.36e-01	1.20e-01	4.68e-03	3.26e-05	0.00e+00	0.00e+00	1.07e-06	5.66e-07	1.86e-07
 7.70921e+15	2.20e-06	1.94e-03	3.65e-01	5.19e-01	1.09e-01	4.03e-03	2.67e-05	0.00e+00	0.00e+00	1.28e-06	6.76e-07	2.22e-07
 7.75302e+15	2.76e-06	2.25e-03	3.88e-01	5.05e-01	1.02e-01	3.58e-03	2.26e-05	0.00e+00	0.00e+00	1.61e-06	8.46e-07	2.78e-07
 7.78942e+15	3.13e-06	2.45e-03	4.06e-01	4.93e-01	9.56e-02	3.26e-03	1.99e-05	0.00e+00	0.00e+00	1.82e-06	9.60e-07	3.16e-07
 7.82623e+15	3.55e-06	2.69e-03	4.25e-01	4.80e-01	8.94e-02	2.95e-03	1.74e-05	0.00e+00	0.00e+00	2.07e-06	1.09e-06	3.59e-07
 7.87408e+15	4.25e-06	3.04e-03	4.51e-01	4.62e-01	8.13e-02	2.56e-03	1.44e-05	0.00e+00	0.00e+00	2.47e-06	1.31e-06	4.30e-07
 7.92595e+15	5.17e-06	3.48e-03	4.81e-01	4.40e-01	7.30e-02	2.18e-03	1.16e-05	0.00e+00	0.00e+00	3.01e-06	1.59e-06	5.23e-07
 7.97157e+15	5.93e-06	3.83e-03	5.07e-01	4.21e-01	6.60e-02	1.88e-03	9.65e-06	0.00e+00	0.00e+00	3.45e-06	1.82e-06	5.99e-07
 8.01941e+15	7.61e-06	4.52e-03	5.40e-01	3.96e-01	5.82e-02	1.56e-03	7.51e-06	0.00e+00	0.00e+00	4.42e-06	2.34e-06	7.70e-07
 8.06493e+15	9.06e-06	5.08e-03	5.68e-01	3.73e-01	5.17e-02	1.32e-03	6.02e-06	0.00e+00	0.00e+00	5.27e-06	2.78e-06	9.18e-07
 8.10109e+15	1.05e-05	5.61e-03	5.92e-01	3.54e-01	4.66e-02	1.14e-03	4.97e-06	0.00e+00	0.00e+00	6.10e-06	3.22e-06	1.06e-06
 8.14175e+15	1.18e-05	6.10e-03	6.18e-01	3.33e-01	4.12e-02	9.59e-04	4.02e-06	0.00e+00	0.00e+00	6.89e-06	3.64e-06	1.20e-06
 8.19461e+15	1.55e-05	7.26e-03	6.56e-01	3.02e-01	3.43e-02	7.38e-04	2.85e-06	0.00e+00	0.00e+00	9.02e-06	4.76e-06	1.57e-06
 8.24353e+15	1.89e-05	8.24e-03	6.87e-01	2.75e-01	2.90e-02	5.81e-04	2.11e-06	0.00e+00	0.00e+00	1.10e-05	5.79e-06	1.92e-06
 8.27894e+15	2.19e-05	9.06e-03	7.10e-01	2.55e-01	2.53e-02	4.81e-04	1.65e-06	0.00e+00	0.00e+00	1.27e-05	6.72e-06	2.23e-06
 8.31658e+15	2.57e-05	1.00e-02	7.34e-01	2.34e-01	2.16e-02	3.87e-04	1.26e-06	0.00e+00	0.00e+00	1.49e-05	7.89e-06	2.62e-06
 8.36552e+15	3.15e-05	1.14e-02	7.64e-01	2.07e-01	1.74e-02	2.87e-04	8.63e-07	0.00e+00	0.00e+00	1.83e-05	9.70e-06	3.22e-06
 8.41640e+15	3.87e-05	1.29e-02	7.91e-01	1.82e-01	1.38e-02	2.09e-04	0.00e+00	0.00e+00	0.00e+00	2.25e-05	1.19e-05	3.96e-06
 8.45955e+15	4.60e-05	1.44e-02	8.13e-01	1.61e-01	1.12e-02	1.57e-04	0.00e+00	0.00e+00	0.00e+00	2.67e-05	1.41e-05	4.70e-06
 8.50537e+15	5.55e-05	1.61e-02	8.34e-01	1.40e-01	8.86e-03	1.13e-04	0.00e+00	0.00e+00	0.00e+00	3.23e-05	1.71e-05	5.68e-06
 8.54725e+15	6.51e-05	1.76e-02	8.51e-01	1.24e-01	7.17e-03	8.45e-05	0.00e+00	0.00e+00	0.00e+00	3.79e-05	2.00e-05	6.67e-06
 8.57517e+15	7.23e-05	1.87e-02	8.61e-01	1.14e-01	6.19e-03	6.91e-05	0.00e+00	0.00e+00	0.00e+00	4.20e-05	2.22e-05	7.41e-06
 8.60260e+15	8.05e-05	1.99e-02	8.71e-01	1.04e-01	5.30e-03	5.58e-05	0.00e+00	0.00e+00	0.00e+00	4.68e-05	2.48e-05	8.26e-06
 8.63825e+15	9.22e-05	2.15e-02	8.82e-01	9.23e-02	4.32e-03	4.20e-05	0.00e+00	0.00e+00	0.00e+00	5.36e-05	2.84e-05	9.47e-06
 8.67699e+15	1.06e-04	2.33e-02	8.92e-01	8.12e-02	3.47e-03	3.10e-05	0.00e+00	0.00e+00	0.00e+00	6.18e-05	3.27e-05	1.09e-05
 8.71238e+15	1.21e-04	2.50e-02	9.00e-01	7.21e-02	2.84e-03	2.35e-05	0.00e+00	0.00e+00	0.00e+00	7.01e-05	3.71e-05	1.24e-05
 8.75103e+15	1.38e-04	2.70e-02	9.08e-01	6.30e-02	2.25e-03	1.71e-05	0.00e+00	0.00e+00	0.00e+00	8.05e-05	4.26e-05	1.42e-05
 8.79351e+15	1.61e-04	2.92e-02	9.14e-01	5.45e-02	1.76e-03	1.20e-05	0.00e+00	0.00e+00	0.00e+00	9.35e-05	4.95e-05	1.66e-05
 8.83207e+15	1.83e-04	3.14e-02	9.19e-01	4.78e-02	1.40e-03	8.82e-06	0.00e+00	0.00e+00	0.00e+00	1.06e-04	5.64e-05	1.89e-05
 8.86787e+15	2.07e-04	3.35e-02	9.23e-01	4.22e-02	1.14e-03	6.55e-06	0.00e+00	0.00e+00	0.00e+00	1.20e-04	6.37e-05	2.13e-05
 8.90897e+15	2.38e-04	3.60e-02	9.26e-01	3.65e-02	8.85e-04	4.61e-06	0.00e+00	0.00e+00	0.00e+00	1.38e-04	7.32e-05	2.45e-05
 8.95394e+15	2.76e-04	3.90e-02	9.29e-01	3.12e-02	6.80e-04	3.18e-06	0.00e+00	0.00e+00	0.00e+00	1.60e-04	8.49e-05	2.85e-05
 8.99464e+15	3.15e-04	4.18e-02	9.30e-01	2.72e-02	5.38e-04	2.27e-06	0.00e+00	0.00e+00	0.00e+00	1.83e-04	9.70e-05	3.25e-05
 9.03222e+15	3.56e-04	4.46e-02	9.31e-01	2.39e-02	4.32e-04	1.66e-06	0.00e+00	0.00e+00	0.00e+00	2.07e-04	1.10e-04	3.68e-05
 9.07503e+15	4.09e-04	4.79e-02	9.31e-01	2.06e-02	3.35e-04	1.16e-06	0.00e+00	0.00e+00	0.00e+00	2.38e-04	1.26e-04	4.23e-05
 9.12176e+15	4.76e-04	5.19e-02	9.30e-01	1.76e-02	2.56e-04	7.86e-07	0.00e+00	0.00e+00	0.00e+00	2.77e-04	1.47e-04	4.92e-05
 9.16354e+15	5.45e-04	5.57e-02	9.28e-01	1.53e-02	2.03e-04	0.00e+00	0.00e+00	0.00e+00	0.00e+00	3.17e-04	1.68e-04	5.64e-05
 9.20134e+15	6.16e-04	5.94e-02	9.26e-01	1.35e-02	1.64e-04	0.00e+00	0.00e+00	0.00e+00	0.00e+00	3.59e-04	1.90e-04	6.38e-05
 9.24400e+15	7.10e-04	6.39e-02	9.24e-01	1.16e-02	1.28e-04	0.00e+00	0.00e+00	0.00e+00	0.00e+00	4.13e-04	2.19e-04	7.34e-05
 9.29071e+15	8.26e-04	6.92e-02	9.20e-01	9.98e-03	9.90e-05	0.00e+00	0.00e+00	0.00e+00	0.00e+00	4.81e-04	2.54e-04	8.55e-05
 9.33240e+15	9.51e-04	7.45e-02	9.16e-01	8.69e-03	7.88e-05	0.00e+00	0.00e+00	0.00e+00	0.00e+00	5.53e-04	2.93e-04	9.84e-05
 9.36959e+15	1.08e-03	7.95e-02	9.12e-01	7.68e-03	6.42e-05	0.00e+00	0.00e+00	0.00e+00	0.00e+00	6.27e-04	3.32e-04	1.12e-04
 9.41120e+15	1.24e-03	8.56e-02	9.06e-01	6.68e-03	5.08e-05	0.00e+00	0.00e+00	0.00e+00	0.00e+00	7.20e-04	3.81e-04	1.28e-04
