#depth	He	He+	He+2
 1.49634e+10	2.37e-21	4.99e-11	1.00e+00
 4.54887e+10	2.77e-21	5.45e-11	1.00e+00
 7.72350e+10	3.21e-21	5.96e-11	1.00e+00
 1.10251e+11	3.73e-21	6.51e-11	1.00e+00
 1.41413e+11	4.27e-21	7.06e-11	1.00e+00
 1.69335e+11	4.80e-21	7.59e-11	1.00e+00
 2.00597e+11	5.45e-21	8.20e-11	1.00e+00
 2.37596e+11	6.32e-21	8.96e-11	1.00e+00
 2.74835e+11	7.29e-21	9.77e-11	1.00e+00
 3.09994e+11	8.29e-21	1.06e-10	1.00e+00
 3.48751e+11	9.50e-21	1.15e-10	1.00e+00
 3.92628e+11	1.11e-20	1.26e-10	1.00e+00
 4.36064e+11	1.28e-20	1.38e-10	1.00e+00
 4.81237e+11	1.47e-20	1.51e-10	1.00e+00
 5.30413e+11	1.71e-20	1.67e-10	1.00e+00
 5.80113e+11	1.97e-20	1.83e-10	1.00e+00
 6.31802e+11	2.27e-20	2.01e-10	1.00e+00
 6.85116e+11	2.62e-20	2.21e-10	1.00e+00
 7.37596e+11	2.99e-20	2.42e-10	1.00e+00
 7.94061e+11	3.43e-20	2.65e-10	1.00e+00
 8.55750e+11	3.96e-20	2.93e-10	1.00e+00
 9.19907e+11	4.56e-20	3.24e-10	1.00e+00
 9.86630e+11	5.24e-20	3.58e-10	1.00e+00
 1.05602e+12	6.02e-20	3.97e-10	1.00e+00
 1.11882e+12	6.79e-20	4.34e-10	1.00e+00
 1.17119e+12	7.46e-20	4.66e-10	1.00e+00
 1.22858e+12	8.24e-20	5.03e-10	1.00e+00
 1.30120e+12	9.30e-20	5.53e-10	1.00e+00
 1.37694e+12	1.05e-19	6.09e-10	1.00e+00
 1.44128e+12	1.16e-19	6.59e-10	1.00e+00
 1.50749e+12	1.28e-19	7.13e-10	1.00e+00
 1.59077e+12	1.44e-19	7.84e-10	1.00e+00
 1.67535e+12	1.61e-19	8.62e-10	1.00e+00
 1.74798e+12	1.77e-19	9.32e-10	1.00e+00
 1.82597e+12	1.95e-19	1.01e-09	1.00e+00
 1.92242e+12	2.19e-19	1.11e-09	1.00e+00
 2.02127e+12	2.45e-19	1.23e-09	1.00e+00
 2.11038e+12	2.71e-19	1.33e-09	1.00e+00
 2.20840e+12	3.02e-19	1.46e-09	1.00e+00
 2.32404e+12	3.41e-19	1.61e-09	1.00e+00
 2.43982e+12	3.85e-19	1.77e-09	1.00e+00
 2.54977e+12	4.30e-19	1.94e-09	1.00e+00
 2.67123e+12	4.86e-19	2.12e-09	1.00e+00
 2.80801e+12	5.57e-19	2.35e-09	1.00e+00
 2.94472e+12	6.36e-19	2.59e-09	1.00e+00
 3.06569e+12	7.14e-19	2.81e-09	1.00e+00
 3.16712e+12	7.86e-19	3.00e-09	1.00e+00
 3.27626e+12	8.71e-19	3.21e-09	1.00e+00
 3.41813e+12	9.93e-19	3.51e-09	1.00e+00
 3.56662e+12	1.14e-18	3.83e-09	1.00e+00
 3.69335e+12	1.27e-18	4.11e-09	1.00e+00
 3.82777e+12	1.43e-18	4.43e-09	1.00e+00
 3.99679e+12	1.66e-18	4.84e-09	1.00e+00
 4.17081e+12	1.93e-18	5.29e-09	1.00e+00
 4.32418e+12	2.19e-18	5.70e-09	1.00e+00
 4.49066e+12	2.50e-18	6.17e-09	1.00e+00
 4.67448e+12	2.90e-18	6.71e-09	1.00e+00
 4.84399e+12	3.31e-18	7.23e-09	1.00e+00
 5.02751e+12	3.80e-18	7.81e-09	1.00e+00
 5.23211e+12	4.43e-18	8.49e-09	1.00e+00
 5.42367e+12	5.08e-18	9.16e-09	1.00e+00
 5.63229e+12	5.88e-18	9.91e-09	1.00e+00
 5.86410e+12	6.89e-18	1.08e-08	1.00e+00
 6.08054e+12	7.95e-18	1.16e-08	1.00e+00
 6.31640e+12	9.24e-18	1.26e-08	1.00e+00
 6.58007e+12	1.09e-17	1.37e-08	1.00e+00
 6.82870e+12	1.26e-17	1.48e-08	1.00e+00
 7.10072e+12	1.48e-17	1.61e-08	1.00e+00
 7.40537e+12	1.75e-17	1.76e-08	1.00e+00
 7.69411e+12	2.04e-17	1.91e-08	1.00e+00
 8.00355e+12	2.40e-17	2.07e-08	1.00e+00
 8.35362e+12	2.86e-17	2.26e-08	1.00e+00
 8.70024e+12	3.37e-17	2.46e-08	1.00e+00
 9.06072e+12	3.98e-17	2.68e-08	1.00e+00
 9.45308e+12	4.73e-17	2.93e-08	1.00e+00
 9.86113e+12	5.60e-17	3.19e-08	1.00e+00
 1.02484e+13	6.56e-17	3.46e-08	1.00e+00
 1.05965e+13	7.52e-17	3.70e-08	1.00e+00
 1.09203e+13	8.50e-17	3.94e-08	1.00e+00
 1.12763e+13	9.68e-17	4.21e-08	1.00e+00
 1.16783e+13	1.11e-16	4.52e-08	1.00e+00
 1.20645e+13	1.27e-16	4.83e-08	1.00e+00
 1.24910e+13	1.46e-16	5.18e-08	1.00e+00
 1.29648e+13	1.70e-16	5.59e-08	1.00e+00
 1.33994e+13	1.94e-16	5.97e-08	1.00e+00
 1.38032e+13	2.19e-16	6.34e-08	1.00e+00
 1.42672e+13	2.49e-16	6.78e-08	1.00e+00
 1.48351e+13	2.91e-16	7.32e-08	1.00e+00
 1.54014e+13	3.38e-16	7.90e-08	1.00e+00
 1.58938e+13	3.83e-16	8.41e-08	1.00e+00
 1.64265e+13	4.36e-16	8.98e-08	1.00e+00
 1.70771e+13	5.06e-16	9.69e-08	1.00e+00
 1.77403e+13	5.90e-16	1.05e-07	1.00e+00
 1.83395e+13	6.71e-16	1.12e-07	1.00e+00
 1.89962e+13	7.69e-16	1.20e-07	1.00e+00
 1.97697e+13	8.96e-16	1.29e-07	1.00e+00
 2.05412e+13	1.04e-15	1.39e-07	1.00e+00
 2.12657e+13	1.19e-15	1.49e-07	1.00e+00
 2.20683e+13	1.37e-15	1.60e-07	1.00e+00
 2.29810e+13	1.60e-15	1.73e-07	1.00e+00
 2.38982e+13	1.86e-15	1.87e-07	1.00e+00
 2.48521e+13	2.16e-15	2.02e-07	1.00e+00
 2.58761e+13	2.52e-15	2.18e-07	1.00e+00
 2.69411e+13	2.94e-15	2.35e-07	1.00e+00
 2.79685e+13	3.40e-15	2.53e-07	1.00e+00
 2.89289e+13	3.86e-15	2.70e-07	1.00e+00
 2.98355e+13	4.34e-15	2.87e-07	1.00e+00
 3.08262e+13	4.91e-15	3.05e-07	1.00e+00
 3.19265e+13	5.62e-15	3.27e-07	1.00e+00
 3.29541e+13	6.34e-15	3.48e-07	1.00e+00
 3.40749e+13	7.19e-15	3.71e-07	1.00e+00
 3.54175e+13	8.33e-15	4.00e-07	1.00e+00
 3.67426e+13	9.60e-15	4.30e-07	1.00e+00
 3.79346e+13	1.08e-14	4.57e-07	1.00e+00
 3.92593e+13	1.24e-14	4.89e-07	1.00e+00
 4.08232e+13	1.43e-14	5.27e-07	1.00e+00
 4.24133e+13	1.66e-14	5.69e-07	1.00e+00
 4.39455e+13	1.90e-14	6.10e-07	1.00e+00
 4.54050e+13	2.15e-14	6.50e-07	1.00e+00
 4.70200e+13	2.46e-14	6.97e-07	1.00e+00
 4.87997e+13	2.84e-14	7.50e-07	1.00e+00
 5.04400e+13	3.23e-14	8.02e-07	1.00e+00
 5.22189e+13	3.68e-14	8.58e-07	1.00e+00
 5.42072e+13	4.25e-14	9.26e-07	1.00e+00
 5.60766e+13	4.84e-14	9.90e-07	1.00e+00
 5.81161e+13	5.55e-14	1.06e-06	1.00e+00
 6.03812e+13	6.44e-14	1.15e-06	1.00e+00
 6.24986e+13	7.33e-14	1.23e-06	1.00e+00
 6.47887e+13	8.40e-14	1.32e-06	1.00e+00
 6.73484e+13	9.77e-14	1.43e-06	1.00e+00
 6.97976e+13	1.12e-13	1.54e-06	1.00e+00
 7.24066e+13	1.28e-13	1.66e-06	1.00e+00
 7.53328e+13	1.49e-13	1.80e-06	1.00e+00
 7.82335e+13	1.72e-13	1.94e-06	1.00e+00
 8.12501e+13	1.98e-13	2.09e-06	1.00e+00
 8.43403e+13	2.28e-13	2.26e-06	1.00e+00
 8.72201e+13	2.58e-13	2.42e-06	1.00e+00
 9.04048e+13	2.95e-13	2.60e-06	1.00e+00
 9.38914e+13	3.39e-13	2.80e-06	1.00e+00
 9.71280e+13	3.84e-13	3.00e-06	1.00e+00
 9.99827e+13	4.27e-13	3.18e-06	1.00e+00
 1.03013e+14	4.76e-13	3.38e-06	1.00e+00
 1.06835e+14	5.44e-13	3.64e-06	1.00e+00
 1.10696e+14	6.17e-13	3.91e-06	1.00e+00
 1.13970e+14	6.86e-13	4.15e-06	1.00e+00
 1.17468e+14	7.65e-13	4.41e-06	1.00e+00
 1.21849e+14	8.72e-13	4.75e-06	1.00e+00
 1.26366e+14	9.92e-13	5.12e-06	1.00e+00
 1.30352e+14	1.11e-12	5.45e-06	1.00e+00
 1.34656e+14	1.24e-12	5.82e-06	1.00e+00
 1.39845e+14	1.42e-12	6.29e-06	1.00e+00
 1.44994e+14	1.61e-12	6.76e-06	1.00e+00
 1.49587e+14	1.80e-12	7.21e-06	1.00e+00
 1.54650e+14	2.02e-12	7.71e-06	1.00e+00
 1.60677e+14	2.31e-12	8.34e-06	1.00e+00
 1.66644e+14	2.62e-12	8.99e-06	1.00e+00
 1.72094e+14	2.93e-12	9.61e-06	1.00e+00
 1.78187e+14	3.30e-12	1.03e-05	1.00e+00
 1.85278e+14	3.78e-12	1.12e-05	1.00e+00
 1.92228e+14	4.30e-12	1.21e-05	1.00e+00
 1.98788e+14	4.83e-12	1.30e-05	1.00e+00
 2.06102e+14	5.48e-12	1.40e-05	1.00e+00
 2.14376e+14	6.29e-12	1.52e-05	1.00e+00
 2.22606e+14	7.17e-12	1.65e-05	1.00e+00
 2.30562e+14	8.12e-12	1.77e-05	1.00e+00
 2.37489e+14	9.03e-12	1.89e-05	1.00e+00
 2.43254e+14	9.81e-12	1.99e-05	1.00e+00
 2.49650e+14	1.08e-11	2.10e-05	1.00e+00
 2.57964e+14	1.21e-11	2.26e-05	1.00e+00
 2.66711e+14	1.36e-11	2.43e-05	1.00e+00
 2.74286e+14	1.51e-11	2.58e-05	1.00e+00
 2.82401e+14	1.67e-11	2.75e-05	1.00e+00
 2.92743e+14	1.91e-11	2.98e-05	1.00e+00
 3.03314e+14	2.18e-11	3.22e-05	1.00e+00
 3.12317e+14	2.43e-11	3.44e-05	1.00e+00
 3.21949e+14	2.71e-11	3.68e-05	1.00e+00
 3.33955e+14	3.11e-11	3.99e-05	1.00e+00
 3.46269e+14	3.57e-11	4.33e-05	1.00e+00
 3.57130e+14	4.00e-11	4.64e-05	1.00e+00
 3.68884e+14	4.50e-11	4.99e-05	1.00e+00
 3.83054e+14	5.22e-11	5.44e-05	1.00e+00
 3.97101e+14	6.00e-11	5.90e-05	1.00e+00
 4.09613e+14	6.73e-11	6.33e-05	1.00e+00
 4.23389e+14	7.65e-11	6.82e-05	1.00e+00
 4.39814e+14	8.85e-11	7.44e-05	1.00e+00
 4.56155e+14	1.02e-10	8.08e-05	1.00e+00
 4.71145e+14	1.16e-10	8.70e-05	1.00e+00
 4.87905e+14	1.31e-10	9.41e-05	1.00e+00
 5.07340e+14	1.54e-10	1.03e-04	1.00e+00
 5.26394e+14	1.79e-10	1.12e-04	1.00e+00
 5.44523e+14	2.01e-10	1.21e-04	1.00e+00
 5.60476e+14	2.28e-10	1.29e-04	1.00e+00
 5.73694e+14	2.50e-10	1.36e-04	1.00e+00
 5.88191e+14	2.75e-10	1.44e-04	1.00e+00
 6.07036e+14	3.13e-10	1.55e-04	1.00e+00
 6.26851e+14	3.51e-10	1.66e-04	1.00e+00
 6.43955e+14	3.92e-10	1.76e-04	1.00e+00
 6.62220e+14	4.41e-10	1.88e-04	1.00e+00
 6.85964e+14	5.09e-10	2.04e-04	1.00e+00
 7.10352e+14	5.77e-10	2.20e-04	1.00e+00
 7.30678e+14	6.53e-10	2.35e-04	1.00e+00
 7.52205e+14	7.28e-10	2.50e-04	1.00e+00
 7.79674e+14	8.51e-10	2.71e-04	1.00e+00
 8.08499e+14	9.86e-10	2.94e-04	1.00e+00
 8.34149e+14	1.12e-09	3.16e-04	1.00e+00
 8.62042e+14	1.27e-09	3.39e-04	1.00e+00
 8.95378e+14	1.49e-09	3.70e-04	1.00e+00
 9.28412e+14	1.72e-09	4.00e-04	1.00e+00
 9.58344e+14	1.96e-09	4.30e-04	1.00e+00
 9.91625e+14	2.23e-09	4.63e-04	1.00e+00
 1.03066e+15	2.64e-09	5.05e-04	9.99e-01
 1.06917e+15	3.06e-09	5.47e-04	9.99e-01
 1.10530e+15	3.51e-09	5.89e-04	9.99e-01
 1.14563e+15	4.02e-09	6.36e-04	9.99e-01
 1.19148e+15	4.82e-09	6.95e-04	9.99e-01
 1.23684e+15	5.61e-09	7.53e-04	9.99e-01
 1.27405e+15	6.34e-09	8.04e-04	9.99e-01
 1.30312e+15	6.96e-09	8.44e-04	9.99e-01
 1.33495e+15	7.68e-09	8.90e-04	9.99e-01
 1.37632e+15	8.58e-09	9.50e-04	9.99e-01
 1.42130e+15	9.96e-09	1.02e-03	9.99e-01
 1.46172e+15	1.11e-08	1.08e-03	9.99e-01
 1.50504e+15	1.24e-08	1.15e-03	9.99e-01
 1.56013e+15	1.47e-08	1.25e-03	9.99e-01
 1.61586e+15	1.68e-08	1.35e-03	9.99e-01
 1.66280e+15	1.88e-08	1.43e-03	9.99e-01
 1.71297e+15	2.12e-08	1.53e-03	9.98e-01
 1.77617e+15	2.52e-08	1.65e-03	9.98e-01
 1.84130e+15	2.91e-08	1.78e-03	9.98e-01
 1.89845e+15	3.29e-08	1.91e-03	9.98e-01
 1.96024e+15	3.71e-08	2.04e-03	9.98e-01
 2.03509e+15	4.40e-08	2.22e-03	9.98e-01
 2.10927e+15	5.10e-08	2.39e-03	9.98e-01
 2.17536e+15	5.74e-08	2.56e-03	9.97e-01
 2.24855e+15	6.58e-08	2.75e-03	9.97e-01
 2.33573e+15	7.89e-08	2.99e-03	9.97e-01
 2.41836e+15	9.06e-08	3.22e-03	9.97e-01
 2.48909e+15	1.01e-07	3.42e-03	9.97e-01
 2.56709e+15	1.15e-07	3.66e-03	9.96e-01
 2.66342e+15	1.37e-07	3.98e-03	9.96e-01
 2.76012e+15	1.58e-07	4.30e-03	9.96e-01
 2.83758e+15	1.77e-07	4.57e-03	9.95e-01
 2.91347e+15	1.98e-07	4.85e-03	9.95e-01
 3.01212e+15	2.33e-07	5.23e-03	9.95e-01
 3.10868e+15	2.64e-07	5.60e-03	9.94e-01
 3.18624e+15	2.92e-07	5.92e-03	9.94e-01
 3.27080e+15	3.26e-07	6.29e-03	9.94e-01
 3.38073e+15	3.86e-07	6.80e-03	9.93e-01
 3.49138e+15	4.42e-07	7.32e-03	9.93e-01
 3.58203e+15	4.96e-07	7.77e-03	9.92e-01
 3.67895e+15	5.59e-07	8.28e-03	9.92e-01
 3.80493e+15	6.37e-07	8.96e-03	9.91e-01
 3.93598e+15	7.61e-07	9.74e-03	9.90e-01
 4.04464e+15	8.60e-07	1.04e-02	9.90e-01
 4.15694e+15	9.73e-07	1.11e-02	9.89e-01
 4.28290e+15	1.10e-06	1.20e-02	9.88e-01
 4.40220e+15	1.29e-06	1.29e-02	9.87e-01
 4.51199e+15	1.45e-06	1.38e-02	9.86e-01
 4.63387e+15	1.64e-06	1.48e-02	9.85e-01
 4.76790e+15	1.87e-06	1.60e-02	9.84e-01
 4.89132e+15	2.18e-06	1.73e-02	9.83e-01
 4.98972e+15	2.41e-06	1.83e-02	9.82e-01
 5.08200e+15	2.66e-06	1.93e-02	9.81e-01
 5.20196e+15	2.96e-06	2.07e-02	9.79e-01
 5.33513e+15	3.48e-06	2.25e-02	9.78e-01
 5.45806e+15	3.88e-06	2.42e-02	9.76e-01
 5.57214e+15	4.47e-06	2.60e-02	9.74e-01
 5.68460e+15	5.05e-06	2.79e-02	9.72e-01
 5.79222e+15	5.64e-06	2.98e-02	9.70e-01
 5.91106e+15	6.35e-06	3.23e-02	9.68e-01
 6.04396e+15	7.54e-06	3.53e-02	9.65e-01
 6.16577e+15	8.65e-06	3.84e-02	9.62e-01
 6.27508e+15	9.84e-06	4.15e-02	9.59e-01
 6.37873e+15	1.11e-05	4.47e-02	9.55e-01
 6.49466e+15	1.26e-05	4.88e-02	9.51e-01
 6.64536e+15	1.58e-05	5.52e-02	9.45e-01
 6.78752e+15	1.84e-05	6.19e-02	9.38e-01
 6.89454e+15	2.21e-05	6.81e-02	9.32e-01
 6.97637e+15	2.47e-05	7.33e-02	9.27e-01
 7.04950e+15	2.77e-05	7.87e-02	9.21e-01
 7.14456e+15	3.20e-05	8.65e-02	9.13e-01
 7.24612e+15	3.77e-05	9.61e-02	9.04e-01
 7.33055e+15	4.29e-05	1.05e-01	8.95e-01
 7.39752e+15	4.91e-05	1.14e-01	8.86e-01
 7.44872e+15	5.41e-05	1.21e-01	8.79e-01
 7.49666e+15	5.95e-05	1.28e-01	8.72e-01
 7.55898e+15	6.60e-05	1.39e-01	8.61e-01
 7.64000e+15	7.91e-05	1.55e-01	8.45e-01
 7.70921e+15	8.99e-05	1.70e-01	8.30e-01
 7.75302e+15	1.01e-04	1.81e-01	8.19e-01
 7.78942e+15	1.09e-04	1.90e-01	8.10e-01
 7.82623e+15	1.19e-04	2.01e-01	7.99e-01
 7.87408e+15	1.33e-04	2.17e-01	7.83e-01
 7.92595e+15	1.51e-04	2.35e-01	7.65e-01
 7.97157e+15	1.67e-04	2.53e-01	7.47e-01
 8.01941e+15	1.92e-04	2.74e-01	7.26e-01
 8.06493e+15	2.15e-04	2.95e-01	7.05e-01
 8.10109e+15	2.36e-04	3.13e-01	6.87e-01
 8.14175e+15	2.60e-04	3.35e-01	6.64e-01
 8.19461e+15	3.03e-04	3.67e-01	6.33e-01
 8.24353e+15	3.43e-04	3.97e-01	6.03e-01
 8.27894e+15	3.77e-04	4.21e-01	5.79e-01
 8.31658e+15	4.17e-04	4.48e-01	5.52e-01
 8.36552e+15	4.73e-04	4.84e-01	5.15e-01
 8.41640e+15	5.36e-04	5.22e-01	4.77e-01
 8.45955e+15	5.95e-04	5.55e-01	4.44e-01
 8.50537e+15	6.63e-04	5.91e-01	4.08e-01
 8.54725e+15	7.25e-04	6.21e-01	3.78e-01
 8.57517e+15	7.67e-04	6.42e-01	3.58e-01
 8.60260e+15	8.13e-04	6.62e-01	3.37e-01
 8.63825e+15	8.74e-04	6.87e-01	3.12e-01
 8.67699e+15	9.40e-04	7.13e-01	2.86e-01
 8.71238e+15	9.99e-04	7.35e-01	2.64e-01
 8.75103e+15	1.07e-03	7.59e-01	2.40e-01
 8.79351e+15	1.14e-03	7.82e-01	2.17e-01
 8.83207e+15	1.21e-03	8.01e-01	1.98e-01
 8.86787e+15	1.27e-03	8.17e-01	1.81e-01
 8.90897e+15	1.35e-03	8.35e-01	1.63e-01
 8.95394e+15	1.43e-03	8.52e-01	1.46e-01
 8.99464e+15	1.50e-03	8.66e-01	1.33e-01
 9.03222e+15	1.57e-03	8.78e-01	1.21e-01
 9.07503e+15	1.65e-03	8.90e-01	1.09e-01
 9.12176e+15	1.74e-03	9.01e-01	9.71e-02
 9.16354e+15	1.82e-03	9.10e-01	8.81e-02
 9.20134e+15	1.90e-03	9.17e-01	8.07e-02
 9.24400e+15	1.99e-03	9.25e-01	7.28e-02
 9.29071e+15	2.09e-03	9.32e-01	6.56e-02
 9.33240e+15	2.18e-03	9.38e-01	5.99e-02
 9.36959e+15	2.27e-03	9.43e-01	5.51e-02
 9.41120e+15	2.38e-03	9.47e-01	5.02e-02
 9.45737e+15	2.50e-03	9.52e-01	4.55e-02
 9.49853e+15	2.62e-03	9.56e-01	4.18e-02
 9.53431e+15	2.73e-03	9.58e-01	3.89e-02
 9.57408e+15	2.87e-03	9.61e-01	3.57e-02
 9.61823e+15	3.03e-03	9.64e-01	3.27e-02
 9.65840e+15	3.18e-03	9.67e-01	3.03e-02
 9.69399e+15	3.33e-03	9.68e-01	2.82e-02
 9.73329e+15	3.52e-03	9.70e-01	2.61e-02
 9.77722e+15	3.74e-03	9.72e-01	2.40e-02
 9.81747e+15	3.97e-03	9.74e-01	2.23e-02
 9.85320e+15	4.19e-03	9.75e-01	2.09e-02
 9.89275e+15	4.47e-03	9.76e-01	1.94e-02
 9.93713e+15	4.82e-03	9.77e-01	1.79e-02
 9.97871e+15	5.20e-03	9.78e-01	1.67e-02
 1.00173e+16	5.60e-03	9.79e-01	1.56e-02
 1.00611e+16	6.11e-03	9.79e-01	1.44e-02
 1.01075e+16	6.75e-03	9.80e-01	1.33e-02
 1.01458e+16	7.38e-03	9.80e-01	1.25e-02
 1.01780e+16	8.00e-03	9.80e-01	1.19e-02
 1.02135e+16	8.79e-03	9.80e-01	1.12e-02
 1.02532e+16	9.80e-03	9.80e-01	1.05e-02
 1.02857e+16	1.08e-02	9.79e-01	1.00e-02
 1.03086e+16	1.17e-02	9.79e-01	9.72e-03
 1.03312e+16	1.26e-02	9.78e-01	9.37e-03
 1.03607e+16	1.40e-02	9.77e-01	8.97e-03
 1.03900e+16	1.56e-02	9.76e-01	8.61e-03
 1.04115e+16	1.71e-02	9.75e-01	8.35e-03
 1.04285e+16	1.84e-02	9.73e-01	8.18e-03
 1.04470e+16	2.01e-02	9.72e-01	7.96e-03
 1.04711e+16	2.24e-02	9.70e-01	7.74e-03
 1.04954e+16	2.53e-02	9.67e-01	7.54e-03
 1.05136e+16	2.79e-02	9.65e-01	7.41e-03
 1.05284e+16	3.04e-02	9.62e-01	7.30e-03
 1.05448e+16	3.34e-02	9.59e-01	7.20e-03
 1.05662e+16	3.80e-02	9.55e-01	7.08e-03
 1.05876e+16	4.37e-02	9.49e-01	7.01e-03
 1.06039e+16	4.90e-02	9.44e-01	6.96e-03
 1.06174e+16	5.38e-02	9.39e-01	6.96e-03
 1.06322e+16	6.01e-02	9.33e-01	6.93e-03
 1.06485e+16	6.80e-02	9.25e-01	6.96e-03
 1.06634e+16	7.65e-02	9.17e-01	7.00e-03
 1.06764e+16	8.52e-02	9.08e-01	7.04e-03
 1.06883e+16	9.40e-02	8.99e-01	7.12e-03
 1.06993e+16	1.04e-01	8.89e-01	7.16e-03
 1.07095e+16	1.13e-01	8.80e-01	7.25e-03
 1.07191e+16	1.23e-01	8.69e-01	7.31e-03
 1.07262e+16	1.31e-01	8.61e-01	7.38e-03
 1.07308e+16	1.37e-01	8.56e-01	7.43e-03
 1.07353e+16	1.43e-01	8.50e-01	7.46e-03
 1.07406e+16	1.50e-01	8.42e-01	7.50e-03
 1.07462e+16	1.58e-01	8.34e-01	7.56e-03
 1.07516e+16	1.66e-01	8.26e-01	7.61e-03
 1.07567e+16	1.74e-01	8.18e-01	7.68e-03
 1.07618e+16	1.83e-01	8.09e-01	7.71e-03
 1.07669e+16	1.92e-01	8.00e-01	7.78e-03
 1.07720e+16	2.02e-01	7.90e-01	7.82e-03
 1.07770e+16	2.11e-01	7.81e-01	7.89e-03
 1.07820e+16	2.22e-01	7.70e-01	7.93e-03
 1.07871e+16	2.33e-01	7.59e-01	7.97e-03
 1.07919e+16	2.44e-01	7.48e-01	8.02e-03
 1.07967e+16	2.55e-01	7.37e-01	8.07e-03
 1.08016e+16	2.68e-01	7.24e-01	8.10e-03
 1.08065e+16	2.80e-01	7.12e-01	8.15e-03
 1.08113e+16	2.94e-01	6.98e-01	8.17e-03
 1.08160e+16	3.07e-01	6.85e-01	8.22e-03
 1.08208e+16	3.21e-01	6.71e-01	8.24e-03
 1.08255e+16	3.35e-01	6.56e-01	8.25e-03
 1.08302e+16	3.50e-01	6.42e-01	8.26e-03
 1.08348e+16	3.65e-01	6.27e-01	8.27e-03
 1.08395e+16	3.81e-01	6.11e-01	8.27e-03
 1.08441e+16	3.97e-01	5.95e-01	8.27e-03
 1.08488e+16	4.13e-01	5.78e-01	8.25e-03
 1.08534e+16	4.30e-01	5.62e-01	8.24e-03
 1.08579e+16	4.47e-01	5.45e-01	8.19e-03
 1.08624e+16	4.63e-01	5.29e-01	8.17e-03
 1.08669e+16	4.80e-01	5.12e-01	8.12e-03
 1.08713e+16	4.97e-01	4.95e-01	8.05e-03
 1.08758e+16	5.15e-01	4.77e-01	7.98e-03
 1.08803e+16	5.32e-01	4.60e-01	7.90e-03
 1.08846e+16	5.49e-01	4.43e-01	7.82e-03
 1.08889e+16	5.65e-01	4.27e-01	7.72e-03
 1.08933e+16	5.82e-01	4.11e-01	7.63e-03
 1.08975e+16	5.98e-01	3.95e-01	7.50e-03
 1.09018e+16	6.14e-01	3.79e-01	7.39e-03
 1.09061e+16	6.30e-01	3.63e-01	7.25e-03
 1.09104e+16	6.45e-01	3.48e-01	7.10e-03
 1.09148e+16	6.60e-01	3.33e-01	6.95e-03
 1.09192e+16	6.75e-01	3.18e-01	6.79e-03
 1.09236e+16	6.90e-01	3.03e-01	6.62e-03
 1.09282e+16	7.04e-01	2.89e-01	6.45e-03
 1.09328e+16	7.18e-01	2.76e-01	6.27e-03
 1.09375e+16	7.31e-01	2.63e-01	6.08e-03
 1.09423e+16	7.44e-01	2.50e-01	5.89e-03
 1.09474e+16	7.57e-01	2.37e-01	5.69e-03
 1.09527e+16	7.69e-01	2.25e-01	5.48e-03
 1.09576e+16	7.80e-01	2.15e-01	5.30e-03
 1.09620e+16	7.88e-01	2.07e-01	5.14e-03
 1.09663e+16	7.96e-01	1.99e-01	4.98e-03
 1.09709e+16	8.04e-01	1.91e-01	4.83e-03
 1.09756e+16	8.12e-01	1.84e-01	4.68e-03
 1.09803e+16	8.19e-01	1.77e-01	4.53e-03
 1.09851e+16	8.25e-01	1.71e-01	4.39e-03
 1.09900e+16	8.31e-01	1.65e-01	4.26e-03
 1.09952e+16	8.36e-01	1.60e-01	4.13e-03
 1.10006e+16	8.41e-01	1.55e-01	4.01e-03
 1.10063e+16	8.46e-01	1.50e-01	3.89e-03
 1.10124e+16	8.51e-01	1.45e-01	3.77e-03
 1.10187e+16	8.55e-01	1.41e-01	3.66e-03
 1.10255e+16	8.59e-01	1.38e-01	3.55e-03
 1.10328e+16	8.62e-01	1.34e-01	3.45e-03
 1.10406e+16	8.66e-01	1.31e-01	3.34e-03
 1.10490e+16	8.69e-01	1.28e-01	3.25e-03
 1.10581e+16	8.72e-01	1.25e-01	3.15e-03
 1.10679e+16	8.75e-01	1.22e-01	3.05e-03
 1.10786e+16	8.77e-01	1.20e-01	2.96e-03
 1.10900e+16	8.79e-01	1.18e-01	2.87e-03
 1.11021e+16	8.82e-01	1.16e-01	2.78e-03
 1.11149e+16	8.84e-01	1.14e-01	2.69e-03
 1.11282e+16	8.86e-01	1.12e-01	2.61e-03
 1.11419e+16	8.88e-01	1.10e-01	2.52e-03
 1.11559e+16	8.90e-01	1.08e-01	2.44e-03
 1.11701e+16	8.91e-01	1.06e-01	2.36e-03
 1.11843e+16	8.93e-01	1.05e-01	2.29e-03
 1.11986e+16	8.95e-01	1.03e-01	2.21e-03
 1.12129e+16	8.97e-01	1.01e-01	2.14e-03
 1.12271e+16	8.98e-01	9.97e-02	2.08e-03
 1.12414e+16	9.00e-01	9.82e-02	2.01e-03
 1.12558e+16	9.01e-01	9.67e-02	1.95e-03
 1.12702e+16	9.03e-01	9.52e-02	1.89e-03
 1.12847e+16	9.04e-01	9.38e-02	1.83e-03
 1.12992e+16	9.06e-01	9.24e-02	1.77e-03
 1.13139e+16	9.07e-01	9.09e-02	1.71e-03
 1.13291e+16	9.09e-01	8.95e-02	1.66e-03
 1.13447e+16	9.10e-01	8.80e-02	1.60e-03
 1.13609e+16	9.12e-01	8.66e-02	1.54e-03
 1.13776e+16	9.13e-01	8.51e-02	1.49e-03
 1.13949e+16	9.15e-01	8.35e-02	1.43e-03
 1.14132e+16	9.17e-01	8.20e-02	1.38e-03
 1.14331e+16	9.18e-01	8.03e-02	1.32e-03
 1.14548e+16	9.20e-01	7.85e-02	1.26e-03
 1.14785e+16	9.22e-01	7.65e-02	1.19e-03
 1.15061e+16	9.25e-01	7.43e-02	1.12e-03
 1.15355e+16	9.27e-01	7.21e-02	1.05e-03
 1.15631e+16	9.29e-01	7.01e-02	9.90e-04
 1.15882e+16	9.31e-01	6.83e-02	9.38e-04
 1.16110e+16	9.32e-01	6.67e-02	8.93e-04
 1.16318e+16	9.34e-01	6.53e-02	8.54e-04
 1.16508e+16	9.35e-01	6.40e-02	8.20e-04
 1.16680e+16	9.36e-01	6.29e-02	7.89e-04
 1.16836e+16	9.37e-01	6.19e-02	7.62e-04
 1.17008e+16	9.39e-01	6.08e-02	7.34e-04
 1.17193e+16	9.40e-01	5.96e-02	7.04e-04
 1.17362e+16	9.41e-01	5.85e-02	6.77e-04
 1.17516e+16	9.42e-01	5.76e-02	6.56e-04
 1.17684e+16	9.43e-01	5.65e-02	6.31e-04
 1.17865e+16	9.44e-01	5.54e-02	6.05e-04
 1.18031e+16	9.45e-01	5.44e-02	5.83e-04
 1.18181e+16	9.46e-01	5.35e-02	5.63e-04
 1.18318e+16	9.47e-01	5.27e-02	5.46e-04
 1.18442e+16	9.47e-01	5.20e-02	5.30e-04
 1.18579e+16	9.48e-01	5.12e-02	5.13e-04
 1.18726e+16	9.49e-01	5.04e-02	4.96e-04
 1.18860e+16	9.50e-01	4.96e-02	4.81e-04
 1.18982e+16	9.51e-01	4.89e-02	4.67e-04
 1.19116e+16	9.51e-01	4.81e-02	4.51e-04
 1.19260e+16	9.52e-01	4.74e-02	4.36e-04
 1.19392e+16	9.53e-01	4.66e-02	4.23e-04
 1.19511e+16	9.54e-01	4.60e-02	4.11e-04
 1.19620e+16	9.54e-01	4.54e-02	4.00e-04
 1.19739e+16	9.55e-01	4.48e-02	3.88e-04
 1.19868e+16	9.56e-01	4.41e-02	3.76e-04
 1.19985e+16	9.56e-01	4.35e-02	3.65e-04
 1.20091e+16	9.57e-01	4.29e-02	3.55e-04
 1.20208e+16	9.57e-01	4.23e-02	3.45e-04
 1.20334e+16	9.58e-01	4.16e-02	3.34e-04
 1.20449e+16	9.59e-01	4.11e-02	3.25e-04
 1.20553e+16	9.59e-01	4.05e-02	3.16e-04
 1.20668e+16	9.60e-01	3.99e-02	3.07e-04
 1.20791e+16	9.60e-01	3.94e-02	2.98e-04
 1.20903e+16	9.61e-01	3.88e-02	2.90e-04
 1.21006e+16	9.61e-01	3.83e-02	2.82e-04
 1.21118e+16	9.62e-01	3.78e-02	2.74e-04
 1.21239e+16	9.62e-01	3.73e-02	2.66e-04
 1.21349e+16	9.63e-01	3.67e-02	2.59e-04
 1.21449e+16	9.63e-01	3.63e-02	2.53e-04
 1.21559e+16	9.64e-01	3.58e-02	2.45e-04
 1.21677e+16	9.64e-01	3.53e-02	2.39e-04
 1.21785e+16	9.65e-01	3.48e-02	2.32e-04
 1.21883e+16	9.65e-01	3.44e-02	2.27e-04
 1.21991e+16	9.66e-01	3.39e-02	2.20e-04
 1.22107e+16	9.66e-01	3.35e-02	2.15e-04
 1.22212e+16	9.67e-01	3.30e-02	2.09e-04
 1.22328e+16	9.67e-01	3.26e-02	2.03e-04
 1.22453e+16	9.68e-01	3.21e-02	1.97e-04
 1.22567e+16	9.68e-01	3.17e-02	1.92e-04
 1.22691e+16	9.69e-01	3.12e-02	1.86e-04
 1.22826e+16	9.69e-01	3.07e-02	1.81e-04
 1.22948e+16	9.70e-01	3.03e-02	1.76e-04
 1.23060e+16	9.70e-01	2.99e-02	1.71e-04
 1.23182e+16	9.70e-01	2.95e-02	1.66e-04
 1.23314e+16	9.71e-01	2.91e-02	1.61e-04
 1.23434e+16	9.71e-01	2.87e-02	1.57e-04
 1.23565e+16	9.72e-01	2.82e-02	1.52e-04
 1.23707e+16	9.72e-01	2.78e-02	1.48e-04
 1.23836e+16	9.72e-01	2.74e-02	1.43e-04
 1.23977e+16	9.73e-01	2.69e-02	1.39e-04
 1.24130e+16	9.73e-01	2.65e-02	1.34e-04
 1.24269e+16	9.74e-01	2.61e-02	1.30e-04
 1.24396e+16	9.74e-01	2.57e-02	1.27e-04
 1.24534e+16	9.75e-01	2.53e-02	1.23e-04
 1.24684e+16	9.75e-01	2.49e-02	1.19e-04
 1.24820e+16	9.75e-01	2.46e-02	1.15e-04
 1.24969e+16	9.76e-01	2.41e-02	1.12e-04
 1.25130e+16	9.76e-01	2.38e-02	1.08e-04
 1.25277e+16	9.77e-01	2.34e-02	1.05e-04
 1.25410e+16	9.77e-01	2.31e-02	1.02e-04
 1.25556e+16	9.77e-01	2.27e-02	9.87e-05
 1.25714e+16	9.78e-01	2.24e-02	9.59e-05
 1.25858e+16	9.78e-01	2.20e-02	9.29e-05
 1.26015e+16	9.78e-01	2.16e-02	8.98e-05
 1.26185e+16	9.79e-01	2.13e-02	8.69e-05
 1.26340e+16	9.79e-01	2.09e-02	8.43e-05
 1.26509e+16	9.79e-01	2.06e-02	8.13e-05
 1.26692e+16	9.80e-01	2.02e-02	7.85e-05
 1.26858e+16	9.80e-01	1.99e-02	7.60e-05
 1.27041e+16	9.80e-01	1.95e-02	7.32e-05
 1.27238e+16	9.81e-01	1.91e-02	7.05e-05
 1.27417e+16	9.81e-01	1.88e-02	6.82e-05
 1.27580e+16	9.81e-01	1.85e-02	6.61e-05
 1.27758e+16	9.82e-01	1.82e-02	6.38e-05
 1.27951e+16	9.82e-01	1.79e-02	6.16e-05
 1.28127e+16	9.82e-01	1.76e-02	5.96e-05
 1.28319e+16	9.83e-01	1.73e-02	5.74e-05
 1.28527e+16	9.83e-01	1.69e-02	5.53e-05
 1.28716e+16	9.83e-01	1.66e-02	5.34e-05
 1.28923e+16	9.84e-01	1.63e-02	5.14e-05
 1.29146e+16	9.84e-01	1.60e-02	4.94e-05
 1.29350e+16	9.84e-01	1.57e-02	4.77e-05
 1.29572e+16	9.85e-01	1.54e-02	4.57e-05
 1.29813e+16	9.85e-01	1.51e-02	4.39e-05
 1.30032e+16	9.85e-01	1.48e-02	4.23e-05
 1.30231e+16	9.85e-01	1.45e-02	4.09e-05
 1.30450e+16	9.86e-01	1.42e-02	3.93e-05
 1.30685e+16	9.86e-01	1.40e-02	3.78e-05
 1.30900e+16	9.86e-01	1.37e-02	3.65e-05
 1.31135e+16	9.87e-01	1.34e-02	3.50e-05
 1.31389e+16	9.87e-01	1.32e-02	3.36e-05
 1.31620e+16	9.87e-01	1.29e-02	3.24e-05
 1.31873e+16	9.87e-01	1.26e-02	3.10e-05
 1.32146e+16	9.88e-01	1.24e-02	2.97e-05
 1.32394e+16	9.88e-01	1.21e-02	2.85e-05
 1.32667e+16	9.88e-01	1.18e-02	2.73e-05
 1.32961e+16	9.88e-01	1.16e-02	2.61e-05
 1.33228e+16	9.89e-01	1.13e-02	2.50e-05
 1.33522e+16	9.89e-01	1.11e-02	2.39e-05
 1.33838e+16	9.89e-01	1.08e-02	2.27e-05
 1.34126e+16	9.89e-01	1.06e-02	2.18e-05
 1.34442e+16	9.90e-01	1.03e-02	2.07e-05
 1.34783e+16	9.90e-01	1.00e-02	1.97e-05
 1.35093e+16	9.90e-01	9.82e-03	1.89e-05
 1.35433e+16	9.90e-01	9.56e-03	1.79e-05
 1.35800e+16	9.91e-01	9.31e-03	1.70e-05
 1.36134e+16	9.91e-01	9.09e-03	1.62e-05
 1.36500e+16	9.91e-01	8.85e-03	1.53e-05
 1.36895e+16	9.91e-01	8.60e-03	1.45e-05
 1.37254e+16	9.92e-01	8.39e-03	1.38e-05
 1.37648e+16	9.92e-01	8.15e-03	1.31e-05
 1.38073e+16	9.92e-01	7.92e-03	1.23e-05
 1.38460e+16	9.92e-01	7.71e-03	1.17e-05
 1.38884e+16	9.93e-01	7.49e-03	1.10e-05
 1.39435e+16	9.93e-01	7.20e-03	1.02e-05
 1.40068e+16	9.93e-01	6.90e-03	9.40e-06
 1.40703e+16	9.93e-01	6.62e-03	8.65e-06
 1.41342e+16	9.94e-01	6.35e-03	7.97e-06
 1.42008e+16	9.94e-01	6.08e-03	7.32e-06
 1.42704e+16	9.94e-01	5.82e-03	6.71e-06
 1.43424e+16	9.94e-01	5.56e-03	6.13e-06
 1.44167e+16	9.95e-01	5.31e-03	5.60e-06
 1.44936e+16	9.95e-01	5.06e-03	5.10e-06
 1.45732e+16	9.95e-01	4.83e-03	4.64e-06
 1.46546e+16	9.95e-01	4.60e-03	4.21e-06
 1.47373e+16	9.96e-01	4.38e-03	3.82e-06
 1.48213e+16	9.96e-01	4.17e-03	3.47e-06
 1.49069e+16	9.96e-01	3.97e-03	3.15e-06
 1.49940e+16	9.96e-01	3.78e-03	2.86e-06
 1.50816e+16	9.96e-01	3.60e-03	2.59e-06
 1.51704e+16	9.97e-01	3.42e-03	2.35e-06
 1.52622e+16	9.97e-01	3.25e-03	2.13e-06
 1.53561e+16	9.97e-01	3.09e-03	1.92e-06
 1.54515e+16	9.97e-01	2.94e-03	1.73e-06
 1.55483e+16	9.97e-01	2.79e-03	1.56e-06
 1.56469e+16	9.97e-01	2.65e-03	1.41e-06
 1.57475e+16	9.97e-01	2.51e-03	1.27e-06
 1.58501e+16	9.98e-01	2.38e-03	1.14e-06
 1.59544e+16	9.98e-01	2.26e-03	1.03e-06
 1.60606e+16	9.98e-01	2.14e-03	9.22e-07
 1.61689e+16	9.98e-01	2.02e-03	8.27e-07
 1.62794e+16	9.98e-01	1.91e-03	7.41e-07
 1.63921e+16	9.98e-01	1.81e-03	6.63e-07
 1.65071e+16	9.98e-01	1.71e-03	5.92e-07
 1.66244e+16	9.98e-01	1.61e-03	5.28e-07
 1.67441e+16	9.98e-01	1.52e-03	4.70e-07
 1.68663e+16	9.99e-01	1.43e-03	4.18e-07
 1.69912e+16	9.99e-01	1.35e-03	3.71e-07
 1.71189e+16	9.99e-01	1.27e-03	3.29e-07
 1.72495e+16	9.99e-01	1.20e-03	2.91e-07
 1.73831e+16	9.99e-01	1.12e-03	2.57e-07
 1.75199e+16	9.99e-01	1.05e-03	2.26e-07
 1.76602e+16	9.99e-01	9.87e-04	1.99e-07
 1.78040e+16	9.99e-01	9.24e-04	1.74e-07
 1.79516e+16	9.99e-01	8.64e-04	1.52e-07
 1.81033e+16	9.99e-01	8.06e-04	1.33e-07
 1.82592e+16	9.99e-01	7.51e-04	1.15e-07
 1.84197e+16	9.99e-01	6.99e-04	1.00e-07
 1.85818e+16	9.99e-01	6.51e-04	8.69e-08
 1.87481e+16	9.99e-01	6.05e-04	7.50e-08
 1.89245e+16	9.99e-01	5.59e-04	6.42e-08
 1.91090e+16	9.99e-01	5.16e-04	5.47e-08
 1.92994e+16	1.00e+00	4.75e-04	4.63e-08
 1.94965e+16	1.00e+00	4.36e-04	3.91e-08
 1.97021e+16	1.00e+00	3.99e-04	3.28e-08
 1.99173e+16	1.00e+00	3.64e-04	2.73e-08
 2.01430e+16	1.00e+00	3.30e-04	2.25e-08
 2.03805e+16	1.00e+00	2.99e-04	1.84e-08
 2.06318e+16	1.00e+00	2.69e-04	1.49e-08
 2.09009e+16	1.00e+00	2.40e-04	1.19e-08
 2.11843e+16	1.00e+00	2.13e-04	9.40e-09
 2.14868e+16	1.00e+00	1.88e-04	7.32e-09
 2.18184e+16	1.00e+00	1.64e-04	5.57e-09
 2.21790e+16	1.00e+00	1.42e-04	4.15e-09
 2.25739e+16	1.00e+00	1.21e-04	3.02e-09
 2.30134e+16	1.00e+00	1.01e-04	2.12e-09
 2.35115e+16	1.00e+00	8.30e-05	1.43e-09
 2.40914e+16	1.00e+00	6.60e-05	9.05e-10
 2.47330e+16	1.00e+00	5.17e-05	5.55e-10
 2.53808e+16	1.00e+00	4.06e-05	3.43e-10
 2.60163e+16	1.00e+00	3.22e-05	2.15e-10
 2.66510e+16	1.00e+00	2.55e-05	1.36e-10
 2.72964e+16	1.00e+00	2.03e-05	8.61e-11
 2.79551e+16	1.00e+00	1.61e-05	5.45e-11
 2.86267e+16	1.00e+00	1.28e-05	3.44e-11
 2.93081e+16	1.00e+00	1.02e-05	2.18e-11
 3.00012e+16	1.00e+00	8.11e-06	1.38e-11
 3.07096e+16	1.00e+00	6.45e-06	8.75e-12
 3.14329e+16	1.00e+00	5.13e-06	5.54e-12
 3.21721e+16	1.00e+00	4.07e-06	3.50e-12
 3.29279e+16	1.00e+00	3.23e-06	2.21e-12
 3.37006e+16	1.00e+00	2.57e-06	1.39e-12
 3.44925e+16	1.00e+00	2.03e-06	8.76e-13
 3.53049e+16	1.00e+00	1.61e-06	5.50e-13
 3.61408e+16	1.00e+00	1.27e-06	3.43e-13
 3.70049e+16	1.00e+00	1.00e-06	2.13e-13
 3.78995e+16	1.00e+00	7.84e-07	1.31e-13
 3.88298e+16	1.00e+00	6.12e-07	7.97e-14
 3.98038e+16	1.00e+00	4.74e-07	4.79e-14
 4.08315e+16	1.00e+00	3.64e-07	2.83e-14
 4.19278e+16	1.00e+00	2.76e-07	1.63e-14
 4.31134e+16	1.00e+00	2.06e-07	9.10e-15
 4.43655e+16	1.00e+00	1.53e-07	5.00e-15
 4.56293e+16	1.00e+00	1.14e-07	2.78e-15
 4.68830e+16	1.00e+00	8.55e-08	1.57e-15
 4.81282e+16	1.00e+00	6.48e-08	9.03e-16
 4.93676e+16	1.00e+00	4.94e-08	5.26e-16
 5.05976e+16	1.00e+00	3.80e-08	3.12e-16
 5.18098e+16	1.00e+00	2.95e-08	1.88e-16
 5.29990e+16	1.00e+00	2.31e-08	1.15e-16
 5.41623e+16	1.00e+00	1.83e-08	7.24e-17
 5.52953e+16	1.00e+00	1.46e-08	4.64e-17
 5.63942e+16	1.00e+00	1.18e-08	3.03e-17
 5.74567e+16	1.00e+00	9.65e-09	2.03e-17
 5.84818e+16	1.00e+00	7.96e-09	1.38e-17
 5.94682e+16	1.00e+00	6.64e-09	9.61e-18
 6.04149e+16	1.00e+00	5.59e-09	6.82e-18
 6.13214e+16	1.00e+00	4.75e-09	4.93e-18
 6.21881e+16	1.00e+00	4.07e-09	3.63e-18
 6.30160e+16	1.00e+00	3.53e-09	2.72e-18
 6.38057e+16	1.00e+00	3.08e-09	2.07e-18
 6.45582e+16	1.00e+00	2.70e-09	1.61e-18
 6.52746e+16	1.00e+00	2.40e-09	1.26e-18
 6.59565e+16	1.00e+00	2.14e-09	1.00e-18
 6.66054e+16	1.00e+00	1.92e-09	8.10e-19
 6.72227e+16	1.00e+00	1.73e-09	6.62e-19
 6.78096e+16	1.00e+00	1.57e-09	5.47e-19
 6.83675e+16	1.00e+00	1.44e-09	4.57e-19
 6.88978e+16	1.00e+00	1.32e-09	3.85e-19
 6.94019e+16	1.00e+00	1.22e-09	3.28e-19
 6.98813e+16	1.00e+00	1.13e-09	2.82e-19
 7.03373e+16	1.00e+00	1.05e-09	2.44e-19
 7.07710e+16	1.00e+00	9.81e-10	2.13e-19
 7.11834e+16	1.00e+00	9.20e-10	1.88e-19
 7.15756e+16	1.00e+00	8.66e-10	1.66e-19
 7.19487e+16	1.00e+00	8.17e-10	1.48e-19
 7.23041e+16	1.00e+00	7.74e-10	1.33e-19
 7.26429e+16	1.00e+00	7.34e-10	1.20e-19
 7.29658e+16	1.00e+00	6.99e-10	1.09e-19
 7.32737e+16	1.00e+00	6.67e-10	9.90e-20
 7.35672e+16	1.00e+00	6.38e-10	9.06e-20
 7.38473e+16	1.00e+00	6.12e-10	8.33e-20
 7.41149e+16	1.00e+00	5.87e-10	7.69e-20
 7.43711e+16	1.00e+00	5.65e-10	7.12e-20
 7.46164e+16	1.00e+00	5.45e-10	6.62e-20
 7.48514e+16	1.00e+00	5.26e-10	6.17e-20
 7.50766e+16	1.00e+00	5.09e-10	5.77e-20
 7.52928e+16	1.00e+00	4.93e-10	5.41e-20
 7.55008e+16	1.00e+00	4.78e-10	5.09e-20
 7.57012e+16	1.00e+00	4.64e-10	4.80e-20
 7.58947e+16	1.00e+00	4.51e-10	4.54e-20
 7.60817e+16	1.00e+00	4.38e-10	4.29e-20
 7.62629e+16	1.00e+00	4.27e-10	4.07e-20
 7.64387e+16	1.00e+00	4.16e-10	3.87e-20
 7.66100e+16	1.00e+00	4.06e-10	3.68e-20
 7.67774e+16	1.00e+00	3.96e-10	3.50e-20
 7.69416e+16	1.00e+00	3.86e-10	3.34e-20
 7.71030e+16	1.00e+00	3.77e-10	3.19e-20
 7.72626e+16	1.00e+00	3.69e-10	3.04e-20
 7.74210e+16	1.00e+00	3.60e-10	2.91e-20
 7.75792e+16	1.00e+00	3.52e-10	2.78e-20
 7.77382e+16	1.00e+00	3.44e-10	2.65e-20
 7.78992e+16	1.00e+00	3.36e-10	2.53e-20
 7.80635e+16	1.00e+00	3.28e-10	2.42e-20
 7.82327e+16	1.00e+00	3.20e-10	2.30e-20
 7.84089e+16	1.00e+00	3.12e-10	2.18e-20
 7.85948e+16	1.00e+00	3.04e-10	2.07e-20
 7.87938e+16	1.00e+00	2.95e-10	1.95e-20
 7.90104e+16	1.00e+00	2.86e-10	1.83e-20
 7.92508e+16	1.00e+00	2.76e-10	1.71e-20
 7.95242e+16	1.00e+00	2.65e-10	1.58e-20
 7.98438e+16	1.00e+00	2.53e-10	1.44e-20
 8.02300e+16	1.00e+00	2.39e-10	1.29e-20
 8.07151e+16	1.00e+00	2.23e-10	1.12e-20
 8.13412e+16	1.00e+00	2.04e-10	9.35e-21
 8.21552e+16	1.00e+00	1.81e-10	0.00e+00
 8.32134e+16	1.00e+00	1.56e-10	0.00e+00
 8.45891e+16	1.00e+00	1.29e-10	0.00e+00
 8.63774e+16	1.00e+00	1.00e-10	0.00e+00
 8.87023e+16	1.00e+00	7.35e-11	0.00e+00
 9.14374e+16	1.00e+00	5.16e-11	0.00e+00
 9.42795e+16	1.00e+00	3.62e-11	0.00e+00
 9.72655e+16	1.00e+00	2.51e-11	0.00e+00
 1.00395e+17	1.00e+00	1.73e-11	0.00e+00
 1.03525e+17	1.00e+00	1.21e-11	0.00e+00
 1.06655e+17	1.00e+00	8.51e-12	0.00e+00
 1.09785e+17	1.00e+00	6.05e-12	0.00e+00
 1.12915e+17	1.00e+00	4.34e-12	0.00e+00
 1.16045e+17	1.00e+00	3.15e-12	0.00e+00
 1.19175e+17	1.00e+00	2.30e-12	0.00e+00
 1.22305e+17	1.00e+00	1.70e-12	0.00e+00
 1.25435e+17	1.00e+00	1.27e-12	0.00e+00
 1.28565e+17	1.00e+00	9.62e-13	0.00e+00
 1.32093e+17	1.00e+00	7.06e-13	0.00e+00
 1.36096e+17	1.00e+00	5.06e-13	0.00e+00
 1.40254e+17	1.00e+00	3.66e-13	0.00e+00
 1.45126e+17	1.00e+00	2.56e-13	0.00e+00
 1.50837e+17	1.00e+00	1.71e-13	0.00e+00
 1.56386e+17	1.00e+00	1.19e-13	0.00e+00
 1.61003e+17	1.00e+00	9.23e-14	0.00e+00
 1.64752e+17	1.00e+00	7.78e-14	0.00e+00
 1.67795e+17	1.00e+00	6.82e-14	0.00e+00
 1.70000e+17	1.00e+00	6.25e-14	0.00e+00
 1.71461e+17	1.00e+00	5.93e-14	0.00e+00
 1.72382e+17	1.00e+00	5.75e-14	0.00e+00
 1.72934e+17	1.00e+00	5.65e-14	0.00e+00
 1.73265e+17	1.00e+00	5.59e-14	0.00e+00
 1.73512e+17	1.00e+00	5.55e-14	0.00e+00
 1.73781e+17	1.00e+00	5.50e-14	0.00e+00
 1.74092e+17	1.00e+00	5.44e-14	0.00e+00
 1.74397e+17	1.00e+00	5.38e-14	0.00e+00
 1.74641e+17	1.00e+00	5.33e-14	0.00e+00
 1.74849e+17	1.00e+00	5.29e-14	0.00e+00
 1.75074e+17	1.00e+00	5.25e-14	0.00e+00
 1.75307e+17	1.00e+00	5.20e-14	0.00e+00
 1.75506e+17	1.00e+00	5.16e-14	0.00e+00
 1.75660e+17	1.00e+00	5.13e-14	0.00e+00
 1.75814e+17	1.00e+00	5.10e-14	0.00e+00
 1.76000e+17	1.00e+00	5.06e-14	0.00e+00
 1.76183e+17	1.00e+00	5.02e-14	0.00e+00
 1.76323e+17	1.00e+00	4.99e-14	0.00e+00
 1.76447e+17	1.00e+00	4.97e-14	0.00e+00
 1.76596e+17	1.00e+00	4.94e-14	0.00e+00
 1.76747e+17	1.00e+00	4.91e-14	0.00e+00
 1.76871e+17	1.00e+00	4.88e-14	0.00e+00
 1.76975e+17	1.00e+00	4.86e-14	0.00e+00
 1.77079e+17	1.00e+00	4.84e-14	0.00e+00
 1.77193e+17	1.00e+00	4.81e-14	0.00e+00
 1.77314e+17	1.00e+00	4.78e-14	0.00e+00
 1.77424e+17	1.00e+00	4.76e-14	0.00e+00
 1.77516e+17	1.00e+00	4.74e-14	0.00e+00
 1.77604e+17	1.00e+00	4.73e-14	0.00e+00
 1.77704e+17	1.00e+00	4.70e-14	0.00e+00
 1.77812e+17	1.00e+00	4.67e-14	0.00e+00
 1.77913e+17	1.00e+00	4.65e-14	0.00e+00
 1.77999e+17	1.00e+00	4.63e-14	0.00e+00
 1.78078e+17	1.00e+00	4.62e-14	0.00e+00
 1.78167e+17	1.00e+00	4.60e-14	0.00e+00
 1.78271e+17	1.00e+00	4.57e-14	0.00e+00
 1.78370e+17	1.00e+00	4.54e-14	0.00e+00
 1.78455e+17	1.00e+00	4.52e-14	0.00e+00
 1.78540e+17	1.00e+00	4.52e-14	0.00e+00
 1.78634e+17	1.00e+00	4.48e-14	0.00e+00
 1.78731e+17	1.00e+00	4.46e-14	0.00e+00
 1.78823e+17	1.00e+00	4.43e-14	0.00e+00
 1.78913e+17	1.00e+00	4.41e-14	0.00e+00
 1.79005e+17	1.00e+00	4.39e-14	0.00e+00
 1.79102e+17	1.00e+00	4.36e-14	0.00e+00
 1.79202e+17	1.00e+00	4.34e-14	0.00e+00
 1.79304e+17	1.00e+00	4.31e-14	0.00e+00
 1.79406e+17	1.00e+00	4.29e-14	0.00e+00
 1.79510e+17	1.00e+00	4.26e-14	0.00e+00
 1.79614e+17	1.00e+00	4.23e-14	0.00e+00
 1.79725e+17	1.00e+00	4.20e-14	0.00e+00
 1.79840e+17	1.00e+00	4.17e-14	0.00e+00
 1.79952e+17	1.00e+00	4.14e-14	0.00e+00
 1.80069e+17	1.00e+00	4.11e-14	0.00e+00
 1.80189e+17	1.00e+00	4.08e-14	0.00e+00
 1.80312e+17	1.00e+00	4.05e-14	0.00e+00
 1.80436e+17	1.00e+00	4.02e-14	0.00e+00
 1.80562e+17	1.00e+00	3.99e-14	0.00e+00
 1.80697e+17	1.00e+00	3.95e-14	0.00e+00
 1.80832e+17	1.00e+00	3.91e-14	0.00e+00
 1.80969e+17	1.00e+00	3.88e-14	0.00e+00
 1.81109e+17	1.00e+00	3.84e-14	0.00e+00
 1.81256e+17	1.00e+00	3.80e-14	0.00e+00
 1.81412e+17	1.00e+00	3.76e-14	0.00e+00
 1.81571e+17	1.00e+00	3.72e-14	0.00e+00
 1.81731e+17	1.00e+00	3.68e-14	0.00e+00
 1.81892e+17	1.00e+00	3.64e-14	0.00e+00
 1.82058e+17	1.00e+00	3.60e-14	0.00e+00
 1.82231e+17	1.00e+00	3.55e-14	0.00e+00
 1.82405e+17	1.00e+00	3.51e-14	0.00e+00
 1.82587e+17	1.00e+00	3.46e-14	0.00e+00
 1.82783e+17	1.00e+00	3.41e-14	0.00e+00
 1.82986e+17	1.00e+00	3.36e-14	0.00e+00
 1.83191e+17	1.00e+00	3.31e-14	0.00e+00
 1.83395e+17	1.00e+00	3.25e-14	0.00e+00
 1.83602e+17	1.00e+00	3.20e-14	0.00e+00
 1.83827e+17	1.00e+00	3.15e-14	0.00e+00
 1.84063e+17	1.00e+00	3.09e-14	0.00e+00
 1.84293e+17	1.00e+00	3.03e-14	0.00e+00
 1.84522e+17	1.00e+00	2.98e-14	0.00e+00
 1.84770e+17	1.00e+00	2.92e-14	0.00e+00
 1.85041e+17	1.00e+00	2.85e-14	0.00e+00
 1.85308e+17	1.00e+00	2.79e-14	0.00e+00
 1.85563e+17	1.00e+00	2.73e-14	0.00e+00
 1.85830e+17	1.00e+00	2.67e-14	0.00e+00
 1.86120e+17	1.00e+00	2.60e-14	0.00e+00
 1.86422e+17	1.00e+00	2.53e-14	0.00e+00
 1.86724e+17	1.00e+00	2.47e-14	0.00e+00
 1.87027e+17	1.00e+00	2.40e-14	0.00e+00
 1.87339e+17	1.00e+00	2.34e-14	0.00e+00
 1.87666e+17	1.00e+00	2.26e-14	0.00e+00
 1.88002e+17	1.00e+00	2.19e-14	0.00e+00
 1.88334e+17	1.00e+00	2.12e-14	0.00e+00
 1.88673e+17	1.00e+00	2.06e-14	0.00e+00
 1.89038e+17	1.00e+00	1.99e-14	0.00e+00
 1.89424e+17	1.00e+00	1.91e-14	0.00e+00
 1.89808e+17	1.00e+00	1.84e-14	0.00e+00
 1.90186e+17	1.00e+00	1.77e-14	0.00e+00
 1.90580e+17	1.00e+00	1.70e-14	0.00e+00
 1.90999e+17	1.00e+00	1.63e-14	0.00e+00
 1.91426e+17	1.00e+00	1.56e-14	0.00e+00
 1.91864e+17	1.00e+00	1.49e-14	0.00e+00
 1.92330e+17	1.00e+00	1.42e-14	0.00e+00
 1.92790e+17	1.00e+00	1.35e-14	0.00e+00
 1.93256e+17	1.00e+00	1.28e-14	0.00e+00
 1.93742e+17	1.00e+00	1.21e-14	0.00e+00
 1.94255e+17	1.00e+00	1.15e-14	0.00e+00
 1.94804e+17	1.00e+00	1.08e-14	0.00e+00
 1.95356e+17	1.00e+00	1.01e-14	0.00e+00
 1.95908e+17	1.00e+00	9.49e-15	0.00e+00
 1.96482e+17	1.00e+00	8.88e-15	0.00e+00
 1.97100e+17	1.00e+00	8.28e-15	0.00e+00
 1.97731e+17	1.00e+00	7.67e-15	0.00e+00
 1.98303e+17	1.00e+00	7.13e-15	0.00e+00
 1.98791e+17	1.00e+00	6.69e-15	0.00e+00
 1.99229e+17	1.00e+00	6.33e-15	0.00e+00
 1.99658e+17	1.00e+00	6.01e-15	0.00e+00
 2.00092e+17	1.00e+00	5.69e-15	0.00e+00
 2.00516e+17	1.00e+00	5.39e-15	0.00e+00
 2.00910e+17	1.00e+00	5.11e-15	0.00e+00
 2.01273e+17	1.00e+00	4.86e-15	0.00e+00
 2.01615e+17	1.00e+00	4.65e-15	0.00e+00
 2.01946e+17	1.00e+00	4.44e-15	0.00e+00
 2.02267e+17	1.00e+00	4.25e-15	0.00e+00
 2.02571e+17	1.00e+00	4.07e-15	0.00e+00
 2.02856e+17	1.00e+00	3.90e-15	0.00e+00
 2.03124e+17	1.00e+00	3.75e-15	0.00e+00
 2.03380e+17	1.00e+00	3.61e-15	0.00e+00
 2.03626e+17	1.00e+00	3.48e-15	0.00e+00
 2.03864e+17	1.00e+00	3.36e-15	0.00e+00
 2.04092e+17	1.00e+00	3.24e-15	0.00e+00
 2.04310e+17	1.00e+00	3.14e-15	0.00e+00
 2.04521e+17	1.00e+00	3.04e-15	0.00e+00
 2.04724e+17	1.00e+00	2.95e-15	0.00e+00
 2.04922e+17	1.00e+00	2.86e-15	0.00e+00
 2.05114e+17	1.00e+00	2.78e-15	0.00e+00
 2.05300e+17	1.00e+00	2.70e-15	0.00e+00
 2.05482e+17	1.00e+00	2.63e-15	0.00e+00
 2.05659e+17	1.00e+00	2.55e-15	0.00e+00
 2.05833e+17	1.00e+00	2.49e-15	0.00e+00
 2.06003e+17	1.00e+00	2.42e-15	0.00e+00
 2.06170e+17	1.00e+00	2.36e-15	0.00e+00
 2.06334e+17	1.00e+00	2.30e-15	0.00e+00
 2.06495e+17	1.00e+00	2.25e-15	0.00e+00
 2.06679e+17	1.00e+00	2.19e-15	0.00e+00
 2.06918e+17	1.00e+00	2.12e-15	0.00e+00
 2.07229e+17	1.00e+00	2.03e-15	0.00e+00
 2.07633e+17	1.00e+00	1.92e-15	0.00e+00
 2.08158e+17	1.00e+00	1.79e-15	0.00e+00
 2.08826e+17	1.00e+00	1.63e-15	0.00e+00
 2.09557e+17	1.00e+00	1.46e-15	0.00e+00
 2.10213e+17	1.00e+00	1.33e-15	0.00e+00
 2.10761e+17	1.00e+00	1.22e-15	0.00e+00
 2.11264e+17	1.00e+00	1.14e-15	0.00e+00
 2.11793e+17	1.00e+00	1.07e-15	0.00e+00
 2.12369e+17	1.00e+00	9.90e-16	0.00e+00
 2.12963e+17	1.00e+00	9.15e-16	0.00e+00
 2.13540e+17	1.00e+00	8.50e-16	0.00e+00
 2.14098e+17	1.00e+00	7.92e-16	0.00e+00
 2.14663e+17	1.00e+00	7.40e-16	0.00e+00
 2.15260e+17	1.00e+00	6.90e-16	0.00e+00
 2.15898e+17	1.00e+00	6.41e-16	0.00e+00
 2.16568e+17	1.00e+00	5.94e-16	0.00e+00
 2.17270e+17	1.00e+00	5.49e-16	0.00e+00
 2.18023e+17	1.00e+00	5.07e-16	0.00e+00
 2.18865e+17	1.00e+00	4.64e-16	0.00e+00
 2.19847e+17	1.00e+00	4.20e-16	0.00e+00
 2.21045e+17	1.00e+00	3.74e-16	0.00e+00
 2.22574e+17	1.00e+00	3.24e-16	0.00e+00
 2.24561e+17	1.00e+00	2.71e-16	0.00e+00
 2.27144e+17	1.00e+00	2.16e-16	0.00e+00
 2.30503e+17	1.00e+00	1.64e-16	0.00e+00
 2.34869e+17	1.00e+00	1.16e-16	0.00e+00
 2.40545e+17	1.00e+00	7.55e-17	0.00e+00
 2.47924e+17	1.00e+00	4.42e-17	0.00e+00
 2.57136e+17	1.00e+00	2.32e-17	0.00e+00
 2.67421e+17	1.00e+00	1.15e-17	0.00e+00
 2.77252e+17	1.00e+00	5.86e-18	0.00e+00
 2.85669e+17	1.00e+00	3.37e-18	0.00e+00
 2.92953e+17	1.00e+00	2.02e-18	0.00e+00
 3.00896e+17	1.00e+00	1.19e-18	0.00e+00
 3.09713e+17	1.00e+00	6.66e-19	0.00e+00
 3.17395e+17	1.00e+00	4.05e-19	0.00e+00
 3.23525e+17	1.00e+00	2.72e-19	0.00e+00
 3.29904e+17	1.00e+00	1.77e-19	0.00e+00
 3.37006e+17	1.00e+00	1.10e-19	0.00e+00
 3.43480e+17	1.00e+00	7.10e-20	0.00e+00
 3.49064e+17	1.00e+00	4.82e-20	0.00e+00
 3.55062e+17	1.00e+00	3.13e-20	0.00e+00
 3.60487e+17	1.00e+00	2.10e-20	0.00e+00
 3.63742e+17	1.00e+00	1.63e-20	0.00e+00
 3.65694e+17	1.00e+00	1.40e-20	0.00e+00
 3.66866e+17	1.00e+00	1.27e-20	0.00e+00
 3.67569e+17	1.00e+00	1.20e-20	0.00e+00
 3.67991e+17	1.00e+00	1.16e-20	0.00e+00
 3.68280e+17	1.00e+00	1.13e-20	0.00e+00
 3.68582e+17	1.00e+00	1.10e-20	0.00e+00
 3.68975e+17	1.00e+00	1.07e-20	0.00e+00
 3.69465e+17	1.00e+00	1.02e-20	0.00e+00
 3.69981e+17	1.00e+00	9.75e-21	0.00e+00
 3.70418e+17	1.00e+00	9.38e-21	0.00e+00
 3.70758e+17	1.00e+00	9.12e-21	0.00e+00
 3.71066e+17	1.00e+00	8.89e-21	0.00e+00
 3.71419e+17	1.00e+00	8.61e-21	0.00e+00
 3.71850e+17	1.00e+00	8.28e-21	0.00e+00
 3.72309e+17	1.00e+00	7.92e-21	0.00e+00
 3.72707e+17	1.00e+00	7.64e-21	0.00e+00
 3.73022e+17	1.00e+00	7.42e-21	0.00e+00
 3.73306e+17	1.00e+00	7.24e-21	0.00e+00
 3.73619e+17	1.00e+00	7.03e-21	0.00e+00
