#depth	N	N+	N+2	N+3	N+4	N+5	N+6	N+7
 1.49634e+10	1.83e-44	2.62e-34	4.35e-25	1.67e-16	7.30e-09	9.93e-01	6.80e-03	0.00e+00
 4.54887e+10	0.00e+00	3.66e-34	5.60e-25	1.98e-16	7.96e-09	9.94e-01	6.26e-03	1.95e-08
 7.72350e+10	4.23e-44	5.13e-34	7.23e-25	2.35e-16	8.68e-09	9.94e-01	5.72e-03	0.00e+00
 1.10251e+11	0.00e+00	7.20e-34	9.34e-25	2.79e-16	9.47e-09	9.95e-01	5.24e-03	0.00e+00
 1.41413e+11	9.46e-44	9.79e-34	1.18e-24	3.26e-16	1.03e-08	9.95e-01	4.84e-03	0.00e+00
 1.69335e+11	0.00e+00	1.28e-33	1.45e-24	3.74e-16	1.10e-08	9.95e-01	4.52e-03	0.00e+00
 2.00597e+11	1.90e-43	1.71e-33	1.80e-24	4.34e-16	1.19e-08	9.96e-01	4.19e-03	0.00e+00
 2.37596e+11	0.00e+00	2.39e-33	2.32e-24	5.14e-16	1.29e-08	9.96e-01	3.84e-03	0.00e+00
 2.74835e+11	4.30e-43	3.30e-33	2.97e-24	6.07e-16	1.41e-08	9.96e-01	3.53e-03	0.00e+00
 3.09994e+11	0.00e+00	4.44e-33	3.71e-24	7.06e-16	1.52e-08	9.97e-01	3.27e-03	0.00e+00
 3.48751e+11	9.20e-43	6.09e-33	4.72e-24	8.30e-16	1.65e-08	9.97e-01	3.01e-03	0.00e+00
 3.92628e+11	0.00e+00	8.59e-33	6.13e-24	9.92e-16	1.81e-08	9.97e-01	2.75e-03	0.00e+00
 4.36064e+11	2.13e-42	1.19e-32	7.88e-24	1.18e-15	1.97e-08	9.97e-01	2.52e-03	0.00e+00
 4.81237e+11	0.00e+00	1.66e-32	1.01e-23	1.39e-15	2.15e-08	9.98e-01	2.31e-03	0.00e+00
 5.30413e+11	4.92e-42	2.35e-32	1.32e-23	1.67e-15	2.36e-08	9.98e-01	2.11e-03	0.00e+00
 5.80113e+11	0.00e+00	3.29e-32	1.71e-23	1.99e-15	2.58e-08	9.98e-01	1.93e-03	0.00e+00
 6.31802e+11	1.14e-41	4.61e-32	2.21e-23	2.37e-15	2.82e-08	9.98e-01	1.76e-03	0.00e+00
 6.85116e+11	0.00e+00	6.46e-32	2.86e-23	2.83e-15	3.09e-08	9.98e-01	1.61e-03	0.00e+00
 7.37596e+11	2.56e-41	8.88e-32	3.66e-23	3.35e-15	3.37e-08	9.99e-01	1.48e-03	0.00e+00
 7.94061e+11	0.00e+00	1.24e-31	4.72e-23	3.99e-15	3.69e-08	9.99e-01	1.35e-03	0.00e+00
 8.55750e+11	5.91e-41	1.75e-31	6.16e-23	4.80e-15	4.06e-08	9.99e-01	1.23e-03	0.00e+00
 9.19907e+11	0.00e+00	2.48e-31	8.06e-23	5.77e-15	4.47e-08	9.99e-01	1.12e-03	0.00e+00
 9.86630e+11	1.39e-40	3.50e-31	1.05e-22	6.95e-15	4.92e-08	9.99e-01	1.01e-03	0.00e+00
 1.05602e+12	0.00e+00	4.94e-31	1.38e-22	8.37e-15	5.42e-08	9.99e-01	9.20e-04	0.00e+00
 1.11882e+12	3.07e-40	6.68e-31	1.74e-22	9.85e-15	5.91e-08	9.99e-01	8.45e-04	0.00e+00
 1.17119e+12	0.00e+00	8.51e-31	2.10e-22	1.12e-14	6.33e-08	9.99e-01	7.89e-04	0.00e+00
 1.22858e+12	5.67e-40	1.10e-30	2.57e-22	1.29e-14	6.82e-08	9.99e-01	7.33e-04	0.00e+00
 1.30120e+12	0.00e+00	1.51e-30	3.28e-22	1.54e-14	7.46e-08	9.99e-01	6.70e-04	0.00e+00
 1.37694e+12	1.22e-39	2.06e-30	4.20e-22	1.83e-14	8.18e-08	9.99e-01	6.11e-04	0.00e+00
 1.44128e+12	0.00e+00	2.66e-30	5.13e-22	2.11e-14	8.83e-08	9.99e-01	5.67e-04	0.00e+00
 1.50749e+12	2.28e-39	3.44e-30	6.27e-22	2.43e-14	9.52e-08	9.99e-01	5.26e-04	0.00e+00
 1.59077e+12	0.00e+00	4.67e-30	8.00e-22	2.89e-14	1.04e-07	1.00e+00	4.80e-04	0.00e+00
 1.67535e+12	4.76e-39	6.31e-30	1.01e-21	3.42e-14	1.14e-07	1.00e+00	4.39e-04	0.00e+00
 1.74798e+12	0.00e+00	8.08e-30	1.23e-21	3.94e-14	1.23e-07	1.00e+00	4.07e-04	0.00e+00
 1.82597e+12	8.74e-39	1.04e-29	1.51e-21	4.55e-14	1.33e-07	1.00e+00	3.77e-04	0.00e+00
 1.92242e+12	0.00e+00	1.41e-29	1.92e-21	5.42e-14	1.46e-07	1.00e+00	3.43e-04	0.00e+00
 2.02127e+12	1.80e-38	1.90e-29	2.44e-21	6.43e-14	1.60e-07	1.00e+00	3.13e-04	0.00e+00
 2.11038e+12	0.00e+00	2.46e-29	2.99e-21	7.46e-14	1.74e-07	1.00e+00	2.89e-04	0.00e+00
 2.20840e+12	3.41e-38	3.23e-29	3.71e-21	8.72e-14	1.89e-07	1.00e+00	2.66e-04	0.00e+00
 2.32404e+12	0.00e+00	4.38e-29	4.75e-21	1.04e-13	2.09e-07	1.00e+00	2.42e-04	0.00e+00
 2.43982e+12	6.99e-38	5.87e-29	6.00e-21	1.24e-13	2.29e-07	1.00e+00	2.20e-04	0.00e+00
 2.54977e+12	0.00e+00	7.66e-29	7.43e-21	1.45e-13	2.49e-07	1.00e+00	2.02e-04	0.00e+00
 2.67123e+12	1.35e-37	1.02e-28	9.31e-21	1.70e-13	2.73e-07	1.00e+00	1.85e-04	0.00e+00
 2.80801e+12	0.00e+00	1.38e-28	1.19e-20	2.04e-13	3.01e-07	1.00e+00	1.68e-04	0.00e+00
 2.94472e+12	2.74e-37	1.84e-28	1.50e-20	2.42e-13	3.30e-07	1.00e+00	1.53e-04	0.00e+00
 3.06569e+12	0.00e+00	2.35e-28	1.83e-20	2.79e-13	3.58e-07	1.00e+00	1.42e-04	0.00e+00
 3.16712e+12	4.68e-37	2.87e-28	2.15e-20	3.14e-13	3.81e-07	1.00e+00	1.33e-04	0.00e+00
 3.27626e+12	0.00e+00	3.53e-28	2.54e-20	3.55e-13	4.08e-07	1.00e+00	1.24e-04	0.00e+00
 3.41813e+12	8.21e-37	4.59e-28	3.13e-20	4.14e-13	4.44e-07	1.00e+00	1.14e-04	0.00e+00
 3.56662e+12	0.00e+00	5.96e-28	3.87e-20	4.83e-13	4.83e-07	1.00e+00	1.05e-04	0.00e+00
 3.69335e+12	1.46e-36	7.40e-28	4.60e-20	5.49e-13	5.18e-07	1.00e+00	9.79e-05	0.00e+00
 3.82777e+12	0.00e+00	9.24e-28	5.50e-20	6.26e-13	5.57e-07	1.00e+00	9.12e-05	0.00e+00
 3.99679e+12	2.62e-36	1.21e-27	6.83e-20	7.33e-13	6.08e-07	1.00e+00	8.36e-05	0.00e+00
 4.17081e+12	0.00e+00	1.58e-27	8.46e-20	8.58e-13	6.63e-07	1.00e+00	7.68e-05	0.00e+00
 4.32418e+12	4.72e-36	1.98e-27	1.02e-19	9.80e-13	7.13e-07	1.00e+00	7.14e-05	0.00e+00
 4.49066e+12	0.00e+00	2.51e-27	1.23e-19	1.13e-12	7.70e-07	1.00e+00	6.61e-05	0.00e+00
 4.67448e+12	8.48e-36	3.22e-27	1.51e-19	1.31e-12	8.36e-07	1.00e+00	6.10e-05	0.00e+00
 4.84399e+12	0.00e+00	4.04e-27	1.81e-19	1.49e-12	8.99e-07	1.00e+00	5.67e-05	0.00e+00
 5.02751e+12	1.47e-35	5.11e-27	2.18e-19	1.71e-12	9.70e-07	1.00e+00	5.26e-05	0.00e+00
 5.23211e+12	0.00e+00	6.58e-27	2.68e-19	1.99e-12	1.05e-06	1.00e+00	4.85e-05	0.00e+00
 5.42367e+12	2.63e-35	8.28e-27	3.22e-19	2.27e-12	1.13e-06	1.00e+00	4.51e-05	0.00e+00
 5.63229e+12	0.00e+00	1.05e-26	3.91e-19	2.61e-12	1.23e-06	1.00e+00	4.17e-05	0.00e+00
 5.86410e+12	4.78e-35	1.36e-26	4.81e-19	3.04e-12	1.33e-06	1.00e+00	3.84e-05	0.00e+00
 6.08054e+12	0.00e+00	1.72e-26	5.81e-19	3.48e-12	1.44e-06	1.00e+00	3.57e-05	0.00e+00
 6.31640e+12	8.52e-35	2.21e-26	7.08e-19	4.01e-12	1.55e-06	1.00e+00	3.30e-05	0.00e+00
 6.58007e+12	0.00e+00	2.87e-26	8.75e-19	4.68e-12	1.69e-06	1.00e+00	3.03e-05	0.00e+00
 6.82870e+12	1.56e-34	3.66e-26	1.06e-18	5.38e-12	1.82e-06	1.00e+00	2.81e-05	0.00e+00
 7.10072e+12	2.13e-34	4.74e-26	1.31e-18	6.22e-12	1.98e-06	1.00e+00	2.60e-05	0.00e+00
 7.40537e+12	2.97e-34	6.24e-26	1.63e-18	7.29e-12	2.16e-06	1.00e+00	2.38e-05	0.00e+00
 7.69411e+12	4.03e-34	8.04e-26	1.99e-18	8.42e-12	2.33e-06	1.00e+00	2.20e-05	0.00e+00
 8.00355e+12	5.54e-34	1.05e-25	2.46e-18	9.77e-12	2.53e-06	1.00e+00	2.03e-05	0.00e+00
 8.35362e+12	7.80e-34	1.39e-25	3.09e-18	1.15e-11	2.76e-06	1.00e+00	1.86e-05	0.00e+00
 8.70024e+12	1.09e-33	1.83e-25	3.84e-18	1.34e-11	3.01e-06	1.00e+00	1.71e-05	0.00e+00
 9.06072e+12	1.51e-33	2.41e-25	4.77e-18	1.56e-11	3.27e-06	1.00e+00	1.58e-05	0.00e+00
 9.45308e+12	2.14e-33	3.22e-25	6.00e-18	1.84e-11	3.56e-06	1.00e+00	1.44e-05	0.00e+00
 9.86113e+12	3.07e-33	4.32e-25	7.55e-18	2.15e-11	3.88e-06	1.00e+00	1.33e-05	0.00e+00
 1.02484e+13	4.23e-33	5.62e-25	9.30e-18	2.49e-11	4.20e-06	1.00e+00	1.23e-05	0.00e+00
 1.05965e+13	5.59e-33	7.08e-25	1.12e-17	2.83e-11	4.50e-06	1.00e+00	1.15e-05	0.00e+00
 1.09203e+13	7.21e-33	8.73e-25	1.32e-17	3.18e-11	4.78e-06	1.00e+00	1.08e-05	0.00e+00
 1.12763e+13	9.49e-33	1.09e-24	1.57e-17	3.59e-11	5.10e-06	1.00e+00	1.01e-05	0.00e+00
 1.16783e+13	1.29e-32	1.40e-24	1.90e-17	4.10e-11	5.48e-06	1.00e+00	9.42e-06	0.00e+00
 1.20645e+13	1.70e-32	1.76e-24	2.28e-17	4.64e-11	5.85e-06	1.00e+00	8.82e-06	0.00e+00
 1.24910e+13	2.30e-32	2.26e-24	2.76e-17	5.30e-11	6.28e-06	1.00e+00	8.22e-06	0.00e+00
 1.29648e+13	3.19e-32	2.95e-24	3.40e-17	6.11e-11	6.77e-06	1.00e+00	7.63e-06	0.00e+00
 1.33994e+13	4.26e-32	3.74e-24	4.08e-17	6.93e-11	7.23e-06	1.00e+00	7.14e-06	0.00e+00
 1.38032e+13	5.54e-32	4.63e-24	4.82e-17	7.77e-11	7.68e-06	1.00e+00	6.73e-06	0.00e+00
 1.42672e+13	7.45e-32	5.89e-24	5.81e-17	8.81e-11	8.20e-06	1.00e+00	6.30e-06	0.00e+00
 1.48351e+13	1.06e-31	7.85e-24	7.23e-17	1.02e-10	8.86e-06	1.00e+00	5.83e-06	0.00e+00
 1.54014e+13	1.48e-31	1.03e-23	8.93e-17	1.18e-10	9.55e-06	1.00e+00	5.41e-06	0.00e+00
 1.58938e+13	1.97e-31	1.30e-23	1.07e-16	1.33e-10	1.02e-05	1.00e+00	5.08e-06	0.00e+00
 1.64265e+13	2.67e-31	1.66e-23	1.29e-16	1.51e-10	1.08e-05	1.00e+00	4.77e-06	0.00e+00
 1.70771e+13	3.84e-31	2.22e-23	1.61e-16	1.76e-10	1.17e-05	1.00e+00	4.42e-06	0.00e+00
 1.77403e+13	5.42e-31	2.94e-23	1.99e-16	2.04e-10	1.26e-05	1.00e+00	4.09e-06	0.00e+00
 1.83395e+13	7.40e-31	3.78e-23	2.41e-16	2.31e-10	1.35e-05	1.00e+00	3.84e-06	0.00e+00
 1.89962e+13	1.03e-30	4.94e-23	2.95e-16	2.65e-10	1.44e-05	1.00e+00	3.58e-06	0.00e+00
 1.97697e+13	1.51e-30	6.70e-23	3.72e-16	3.09e-10	1.56e-05	1.00e+00	3.31e-06	0.00e+00
 2.05412e+13	2.15e-30	8.92e-23	4.63e-16	3.58e-10	1.68e-05	1.00e+00	3.07e-06	0.00e+00
 2.12657e+13	3.00e-30	1.16e-22	5.66e-16	4.10e-10	1.80e-05	1.00e+00	2.87e-06	0.00e+00
 2.20683e+13	4.28e-30	1.55e-22	7.01e-16	4.73e-10	1.93e-05	1.00e+00	2.68e-06	0.00e+00
 2.29810e+13	6.33e-30	2.12e-22	8.87e-16	5.53e-10	2.09e-05	1.00e+00	2.47e-06	0.00e+00
 2.38982e+13	9.16e-30	2.85e-22	1.11e-15	6.44e-10	2.26e-05	1.00e+00	2.29e-06	0.00e+00
 2.48521e+13	1.34e-29	3.87e-22	1.40e-15	7.49e-10	2.43e-05	1.00e+00	2.12e-06	0.00e+00
 2.58761e+13	1.99e-29	5.31e-22	1.77e-15	8.77e-10	2.63e-05	1.00e+00	1.97e-06	0.00e+00
 2.69411e+13	2.95e-29	7.26e-22	2.24e-15	1.03e-09	2.84e-05	1.00e+00	1.82e-06	0.00e+00
 2.79685e+13	4.20e-29	9.67e-22	2.78e-15	1.19e-09	3.06e-05	1.00e+00	1.69e-06	0.00e+00
 2.89289e+13	5.86e-29	1.26e-21	3.39e-15	1.35e-09	3.27e-05	1.00e+00	1.58e-06	0.00e+00
 2.98355e+13	7.95e-29	1.61e-21	4.07e-15	1.53e-09	3.47e-05	1.00e+00	1.49e-06	0.00e+00
 3.08262e+13	1.09e-28	2.07e-21	4.93e-15	1.73e-09	3.69e-05	1.00e+00	1.40e-06	0.00e+00
 3.19265e+13	1.53e-28	2.71e-21	6.05e-15	1.99e-09	3.96e-05	1.00e+00	1.31e-06	0.00e+00
 3.29541e+13	2.09e-28	3.48e-21	7.29e-15	2.25e-09	4.20e-05	1.00e+00	1.23e-06	0.00e+00
 3.40749e+13	2.91e-28	4.54e-21	8.88e-15	2.56e-09	4.48e-05	1.00e+00	1.15e-06	0.00e+00
 3.54175e+13	4.24e-28	6.13e-21	1.11e-14	2.98e-09	4.83e-05	1.00e+00	1.07e-06	0.00e+00
 3.67426e+13	6.00e-28	8.13e-21	1.38e-14	3.44e-09	5.20e-05	1.00e+00	9.95e-07	0.00e+00
 3.79346e+13	8.26e-28	1.05e-20	1.67e-14	3.90e-09	5.53e-05	1.00e+00	0.00e+00	0.00e+00
 3.92593e+13	1.14e-27	1.36e-20	2.04e-14	4.46e-09	5.91e-05	1.00e+00	0.00e+00	0.00e+00
 4.08232e+13	1.69e-27	1.86e-20	2.57e-14	5.20e-09	6.38e-05	1.00e+00	0.00e+00	0.00e+00
 4.24133e+13	2.40e-27	2.48e-20	3.22e-14	6.04e-09	6.89e-05	1.00e+00	0.00e+00	0.00e+00
 4.39455e+13	3.40e-27	3.27e-20	3.97e-14	6.95e-09	7.38e-05	1.00e+00	0.00e+00	0.00e+00
 4.54050e+13	4.69e-27	4.23e-20	4.81e-14	7.90e-09	7.87e-05	1.00e+00	0.00e+00	0.00e+00
 4.70200e+13	6.50e-27	5.51e-20	5.91e-14	9.07e-09	8.43e-05	1.00e+00	0.00e+00	0.00e+00
 4.87997e+13	9.37e-27	7.39e-20	7.35e-14	1.05e-08	9.07e-05	1.00e+00	0.00e+00	0.00e+00
 5.04400e+13	1.27e-26	9.47e-20	8.93e-14	1.20e-08	9.70e-05	1.00e+00	0.00e+00	0.00e+00
 5.22189e+13	1.79e-26	1.25e-19	1.10e-13	1.37e-08	1.04e-04	1.00e+00	0.00e+00	0.00e+00
 5.42072e+13	2.52e-26	1.65e-19	1.37e-13	1.59e-08	1.12e-04	1.00e+00	0.00e+00	0.00e+00
 5.60766e+13	3.52e-26	2.15e-19	1.67e-13	1.82e-08	1.20e-04	1.00e+00	0.00e+00	0.00e+00
 5.81161e+13	4.87e-26	2.81e-19	2.06e-13	2.09e-08	1.29e-04	1.00e+00	0.00e+00	0.00e+00
 6.03812e+13	6.98e-26	3.76e-19	2.58e-13	2.43e-08	1.39e-04	1.00e+00	0.00e+00	0.00e+00
 6.24986e+13	9.67e-26	4.90e-19	3.16e-13	2.79e-08	1.49e-04	1.00e+00	0.00e+00	0.00e+00
 6.47887e+13	1.38e-25	6.50e-19	3.92e-13	3.22e-08	1.60e-04	1.00e+00	0.00e+00	0.00e+00
 6.73484e+13	1.94e-25	8.65e-19	4.92e-13	3.75e-08	1.73e-04	1.00e+00	0.00e+00	0.00e+00
 6.97976e+13	2.76e-25	1.15e-18	6.08e-13	4.32e-08	1.86e-04	1.00e+00	0.00e+00	0.00e+00
 7.24066e+13	3.83e-25	1.50e-18	7.54e-13	5.00e-08	2.00e-04	1.00e+00	0.00e+00	0.00e+00
 7.53328e+13	5.53e-25	2.03e-18	9.53e-13	5.85e-08	2.17e-04	1.00e+00	0.00e+00	0.00e+00
 7.82335e+13	7.84e-25	2.70e-18	1.19e-12	6.80e-08	2.34e-04	1.00e+00	0.00e+00	0.00e+00
 8.12501e+13	1.14e-24	3.63e-18	1.49e-12	7.90e-08	2.52e-04	1.00e+00	0.00e+00	0.00e+00
 8.43403e+13	1.57e-24	4.76e-18	1.86e-12	9.16e-08	2.72e-04	1.00e+00	0.00e+00	0.00e+00
 8.72201e+13	2.15e-24	6.14e-18	2.27e-12	1.05e-07	2.91e-04	1.00e+00	0.00e+00	0.00e+00
 9.04048e+13	3.04e-24	8.11e-18	2.80e-12	1.21e-07	3.13e-04	1.00e+00	0.00e+00	0.00e+00
 9.38914e+13	4.22e-24	1.07e-17	3.50e-12	1.40e-07	3.38e-04	1.00e+00	0.00e+00	0.00e+00
 9.71280e+13	5.87e-24	1.39e-17	4.28e-12	1.60e-07	3.61e-04	1.00e+00	0.00e+00	0.00e+00
 9.99827e+13	7.50e-24	1.71e-17	5.08e-12	1.80e-07	3.83e-04	1.00e+00	0.00e+00	0.00e+00
 1.03013e+14	9.91e-24	2.15e-17	6.07e-12	2.03e-07	4.07e-04	1.00e+00	0.00e+00	0.00e+00
 1.06835e+14	1.40e-23	2.85e-17	7.53e-12	2.34e-07	4.38e-04	1.00e+00	0.00e+00	0.00e+00
 1.10696e+14	1.90e-23	3.67e-17	9.28e-12	2.70e-07	4.71e-04	1.00e+00	0.00e+00	0.00e+00
 1.13970e+14	2.52e-23	4.61e-17	1.10e-11	3.03e-07	4.99e-04	1.00e+00	0.00e+00	0.00e+00
 1.17468e+14	3.27e-23	5.73e-17	1.32e-11	3.42e-07	5.30e-04	9.99e-01	0.00e+00	0.00e+00
 1.21849e+14	4.64e-23	7.61e-17	1.64e-11	3.95e-07	5.71e-04	9.99e-01	0.00e+00	0.00e+00
 1.26366e+14	6.28e-23	9.83e-17	2.03e-11	4.57e-07	6.15e-04	9.99e-01	0.00e+00	0.00e+00
 1.30352e+14	8.34e-23	1.24e-16	2.44e-11	5.17e-07	6.55e-04	9.99e-01	0.00e+00	0.00e+00
 1.34656e+14	1.14e-22	1.60e-16	2.96e-11	5.88e-07	6.99e-04	9.99e-01	0.00e+00	0.00e+00
 1.39845e+14	1.56e-22	2.09e-16	3.71e-11	6.84e-07	7.55e-04	9.99e-01	0.00e+00	0.00e+00
 1.44994e+14	2.21e-22	2.76e-16	4.59e-11	7.90e-07	8.12e-04	9.99e-01	0.00e+00	0.00e+00
 1.49587e+14	2.85e-22	3.43e-16	5.52e-11	8.95e-07	8.66e-04	9.99e-01	0.00e+00	0.00e+00
 1.54650e+14	3.86e-22	4.41e-16	6.73e-11	1.02e-06	9.26e-04	9.99e-01	0.00e+00	0.00e+00
 1.60677e+14	5.42e-22	5.83e-16	8.43e-11	1.19e-06	1.00e-03	9.99e-01	0.00e+00	0.00e+00
 1.66644e+14	7.55e-22	7.66e-16	1.05e-10	1.38e-06	1.08e-03	9.99e-01	0.00e+00	0.00e+00
 1.72094e+14	9.78e-22	9.57e-16	1.26e-10	1.56e-06	1.15e-03	9.99e-01	0.00e+00	0.00e+00
 1.78187e+14	1.35e-21	1.25e-15	1.55e-10	1.80e-06	1.24e-03	9.99e-01	0.00e+00	0.00e+00
 1.85278e+14	1.86e-21	1.64e-15	1.96e-10	2.10e-06	1.34e-03	9.99e-01	0.00e+00	0.00e+00
 1.92228e+14	2.60e-21	2.16e-15	2.43e-10	2.43e-06	1.45e-03	9.99e-01	0.00e+00	0.00e+00
 1.98788e+14	3.39e-21	2.71e-15	2.96e-10	2.78e-06	1.55e-03	9.98e-01	0.00e+00	0.00e+00
 2.06102e+14	4.70e-21	3.55e-15	3.66e-10	3.21e-06	1.67e-03	9.98e-01	0.00e+00	0.00e+00
 2.14376e+14	6.44e-21	4.66e-15	4.61e-10	3.76e-06	1.82e-03	9.98e-01	0.00e+00	0.00e+00
 2.22606e+14	8.98e-21	6.14e-15	5.76e-10	4.37e-06	1.97e-03	9.98e-01	0.00e+00	0.00e+00
 2.30562e+14	1.18e-20	7.79e-15	7.07e-10	5.03e-06	2.12e-03	9.98e-01	0.00e+00	0.00e+00
 2.37489e+14	1.52e-20	9.65e-15	8.41e-10	5.66e-06	2.26e-03	9.98e-01	0.00e+00	0.00e+00
 2.43254e+14	1.86e-20	1.14e-14	9.68e-10	6.23e-06	2.37e-03	9.98e-01	0.00e+00	0.00e+00
 2.49650e+14	2.30e-20	1.37e-14	1.13e-09	6.91e-06	2.51e-03	9.97e-01	0.00e+00	0.00e+00
 2.57964e+14	2.97e-20	1.71e-14	1.36e-09	7.88e-06	2.69e-03	9.97e-01	0.00e+00	0.00e+00
 2.66711e+14	3.94e-20	2.17e-14	1.66e-09	9.01e-06	2.89e-03	9.97e-01	0.00e+00	0.00e+00
 2.74286e+14	4.90e-20	2.62e-14	1.95e-09	1.01e-05	3.07e-03	9.97e-01	0.00e+00	0.00e+00
 2.82401e+14	6.25e-20	3.23e-14	2.32e-09	1.13e-05	3.27e-03	9.97e-01	0.00e+00	0.00e+00
 2.92743e+14	8.25e-20	4.11e-14	2.86e-09	1.31e-05	3.54e-03	9.96e-01	0.00e+00	0.00e+00
 3.03314e+14	1.10e-19	5.27e-14	3.52e-09	1.51e-05	3.83e-03	9.96e-01	0.00e+00	0.00e+00
 3.12317e+14	1.39e-19	6.45e-14	4.17e-09	1.69e-05	4.08e-03	9.96e-01	0.00e+00	0.00e+00
 3.21949e+14	1.77e-19	7.93e-14	4.98e-09	1.91e-05	4.36e-03	9.96e-01	0.00e+00	0.00e+00
 3.33955e+14	2.35e-19	1.02e-13	6.17e-09	2.21e-05	4.72e-03	9.95e-01	0.00e+00	0.00e+00
 3.46269e+14	3.14e-19	1.31e-13	7.63e-09	2.56e-05	5.12e-03	9.95e-01	0.00e+00	0.00e+00
 3.57130e+14	4.02e-19	1.62e-13	9.13e-09	2.89e-05	5.48e-03	9.94e-01	0.00e+00	0.00e+00
 3.68884e+14	5.15e-19	2.01e-13	1.10e-08	3.29e-05	5.88e-03	9.94e-01	0.00e+00	0.00e+00
 3.83054e+14	6.97e-19	2.61e-13	1.38e-08	3.83e-05	6.40e-03	9.94e-01	0.00e+00	0.00e+00
 3.97101e+14	9.26e-19	3.34e-13	1.70e-08	4.42e-05	6.94e-03	9.93e-01	0.00e+00	0.00e+00
 4.09613e+14	1.19e-18	4.15e-13	2.04e-08	5.00e-05	7.43e-03	9.93e-01	0.00e+00	0.00e+00
 4.23389e+14	1.54e-18	5.21e-13	2.48e-08	5.71e-05	8.00e-03	9.92e-01	0.00e+00	0.00e+00
 4.39814e+14	2.09e-18	6.79e-13	3.11e-08	6.65e-05	8.70e-03	9.91e-01	0.00e+00	0.00e+00
 4.56155e+14	2.81e-18	8.75e-13	3.85e-08	7.69e-05	9.44e-03	9.90e-01	0.00e+00	0.00e+00
 4.71145e+14	3.62e-18	1.09e-12	4.66e-08	8.74e-05	1.01e-02	9.90e-01	0.00e+00	0.00e+00
 4.87905e+14	4.74e-18	1.39e-12	5.73e-08	1.00e-04	1.10e-02	9.89e-01	0.00e+00	0.00e+00
 5.07340e+14	6.62e-18	1.84e-12	7.23e-08	1.17e-04	1.20e-02	9.88e-01	0.00e+00	0.00e+00
 5.26394e+14	8.93e-18	2.39e-12	9.00e-08	1.36e-04	1.30e-02	9.87e-01	0.00e+00	0.00e+00
 5.44523e+14	1.16e-17	3.01e-12	1.10e-07	1.56e-04	1.40e-02	9.86e-01	0.00e+00	0.00e+00
 5.60476e+14	1.50e-17	3.73e-12	1.31e-07	1.75e-04	1.49e-02	9.85e-01	0.00e+00	0.00e+00
 5.73694e+14	1.83e-17	4.41e-12	1.50e-07	1.91e-04	1.57e-02	9.84e-01	0.00e+00	0.00e+00
 5.88191e+14	2.25e-17	5.27e-12	1.75e-07	2.11e-04	1.66e-02	9.83e-01	0.00e+00	0.00e+00
 6.07036e+14	2.91e-17	6.61e-12	2.11e-07	2.40e-04	1.78e-02	9.82e-01	0.00e+00	0.00e+00
 6.26851e+14	3.76e-17	8.26e-12	2.56e-07	2.73e-04	1.91e-02	9.81e-01	0.00e+00	0.00e+00
 6.43955e+14	4.74e-17	1.01e-11	3.01e-07	3.03e-04	2.02e-02	9.79e-01	0.00e+00	0.00e+00
 6.62220e+14	6.15e-17	1.25e-11	3.56e-07	3.39e-04	2.15e-02	9.78e-01	0.00e+00	0.00e+00
 6.85964e+14	8.33e-17	1.62e-11	4.40e-07	3.90e-04	2.33e-02	9.76e-01	0.00e+00	0.00e+00
 7.10352e+14	1.09e-16	2.05e-11	5.43e-07	4.48e-04	2.51e-02	9.74e-01	0.00e+00	0.00e+00
 7.30678e+14	1.56e-16	2.57e-11	6.44e-07	5.02e-04	2.67e-02	9.73e-01	0.00e+00	0.00e+00
 7.52205e+14	1.97e-16	3.15e-11	7.68e-07	5.63e-04	2.84e-02	9.71e-01	0.00e+00	0.00e+00
 7.79674e+14	2.80e-16	4.17e-11	9.55e-07	6.50e-04	3.07e-02	9.69e-01	0.00e+00	0.00e+00
 8.08499e+14	3.86e-16	5.47e-11	1.19e-06	7.50e-04	3.32e-02	9.66e-01	0.00e+00	0.00e+00
 8.34149e+14	5.12e-16	6.91e-11	1.44e-06	8.49e-04	3.55e-02	9.64e-01	0.00e+00	0.00e+00
 8.62042e+14	6.85e-16	8.82e-11	1.75e-06	9.68e-04	3.81e-02	9.61e-01	0.00e+00	0.00e+00
 8.95378e+14	9.73e-16	1.18e-10	2.21e-06	1.13e-03	4.14e-02	9.58e-01	0.00e+00	0.00e+00
 9.28412e+14	1.35e-15	1.55e-10	2.75e-06	1.30e-03	4.46e-02	9.54e-01	0.00e+00	0.00e+00
 9.58344e+14	1.80e-15	1.97e-10	3.34e-06	1.47e-03	4.77e-02	9.51e-01	0.00e+00	0.00e+00
 9.91625e+14	2.40e-15	2.52e-10	4.10e-06	1.69e-03	5.13e-02	9.47e-01	0.00e+00	0.00e+00
 1.03066e+15	3.53e-15	3.43e-10	5.19e-06	1.97e-03	5.57e-02	9.42e-01	0.00e+00	0.00e+00
 1.06917e+15	4.99e-15	4.55e-10	6.49e-06	2.27e-03	6.00e-02	9.38e-01	0.00e+00	0.00e+00
 1.10530e+15	6.82e-15	5.87e-10	7.94e-06	2.59e-03	6.43e-02	9.33e-01	0.00e+00	0.00e+00
 1.14563e+15	9.24e-15	7.61e-10	9.86e-06	2.98e-03	6.92e-02	9.28e-01	0.00e+00	0.00e+00
 1.19148e+15	1.40e-14	1.05e-09	1.25e-05	3.48e-03	7.51e-02	9.21e-01	0.00e+00	0.00e+00
 1.23684e+15	2.00e-14	1.41e-09	1.57e-05	4.03e-03	8.10e-02	9.15e-01	0.00e+00	0.00e+00
 1.27405e+15	2.65e-14	1.77e-09	1.88e-05	4.53e-03	8.60e-02	9.09e-01	0.00e+00	0.00e+00
 1.30312e+15	3.28e-14	2.11e-09	2.15e-05	4.95e-03	8.99e-02	9.05e-01	0.00e+00	0.00e+00
 1.33495e+15	4.13e-14	2.54e-09	2.49e-05	5.44e-03	9.43e-02	9.00e-01	0.00e+00	0.00e+00
 1.37632e+15	5.32e-14	3.16e-09	2.99e-05	6.12e-03	1.00e-01	8.94e-01	0.00e+00	0.00e+00
 1.42130e+15	7.53e-14	4.15e-09	3.64e-05	6.94e-03	1.07e-01	8.86e-01	0.00e+00	0.00e+00
 1.46172e+15	9.76e-14	5.13e-09	4.30e-05	7.73e-03	1.13e-01	8.80e-01	0.00e+00	0.00e+00
 1.50504e+15	1.26e-13	6.35e-09	5.12e-05	8.65e-03	1.19e-01	8.72e-01	0.00e+00	0.00e+00
 1.56013e+15	1.84e-13	8.57e-09	6.36e-05	9.95e-03	1.28e-01	8.62e-01	0.00e+00	0.00e+00
 1.61586e+15	2.55e-13	1.12e-08	7.84e-05	1.14e-02	1.36e-01	8.52e-01	0.00e+00	0.00e+00
 1.66280e+15	3.28e-13	1.38e-08	9.29e-05	1.27e-02	1.44e-01	8.43e-01	0.00e+00	0.00e+00
 1.71297e+15	4.36e-13	1.74e-08	1.11e-04	1.42e-02	1.52e-01	8.34e-01	0.00e+00	0.00e+00
 1.77617e+15	6.42e-13	2.35e-08	1.38e-04	1.63e-02	1.62e-01	8.21e-01	0.00e+00	0.00e+00
 1.84130e+15	9.08e-13	3.11e-08	1.70e-04	1.87e-02	1.73e-01	8.08e-01	0.00e+00	0.00e+00
 1.89845e+15	1.21e-12	3.92e-08	2.04e-04	2.09e-02	1.83e-01	7.96e-01	0.00e+00	0.00e+00
 1.96024e+15	1.59e-12	4.94e-08	2.46e-04	2.35e-02	1.93e-01	7.83e-01	0.00e+00	0.00e+00
 2.03509e+15	2.35e-12	6.71e-08	3.07e-04	2.70e-02	2.06e-01	7.67e-01	0.00e+00	0.00e+00
 2.10927e+15	3.31e-12	8.84e-08	3.77e-04	3.08e-02	2.18e-01	7.50e-01	0.00e+00	0.00e+00
 2.17536e+15	4.32e-12	1.10e-07	4.50e-04	3.44e-02	2.29e-01	7.36e-01	0.00e+00	0.00e+00
 2.24855e+15	5.89e-12	1.42e-07	5.45e-04	3.88e-02	2.42e-01	7.19e-01	0.00e+00	0.00e+00
 2.33573e+15	8.88e-12	1.95e-07	6.81e-04	4.45e-02	2.57e-01	6.98e-01	0.00e+00	0.00e+00
 2.41836e+15	1.22e-11	2.52e-07	8.29e-04	5.02e-02	2.70e-01	6.79e-01	0.00e+00	0.00e+00
 2.48909e+15	1.56e-11	3.10e-07	9.75e-04	5.55e-02	2.81e-01	6.62e-01	0.00e+00	0.00e+00
 2.56709e+15	2.07e-11	3.90e-07	1.16e-03	6.17e-02	2.94e-01	6.43e-01	0.00e+00	0.00e+00
 2.66342e+15	3.07e-11	5.29e-07	1.43e-03	7.01e-02	3.09e-01	6.19e-01	0.00e+00	0.00e+00
 2.76012e+15	4.22e-11	6.86e-07	1.74e-03	7.89e-02	3.23e-01	5.96e-01	0.00e+00	0.00e+00
 2.83758e+15	5.33e-11	8.33e-07	2.03e-03	8.63e-02	3.34e-01	5.77e-01	0.00e+00	0.00e+00
 2.91347e+15	6.81e-11	1.01e-06	2.35e-03	9.41e-02	3.45e-01	5.59e-01	0.00e+00	0.00e+00
 3.01212e+15	9.67e-11	1.33e-06	2.83e-03	1.05e-01	3.58e-01	5.34e-01	0.00e+00	0.00e+00
 3.10868e+15	1.27e-10	1.67e-06	3.35e-03	1.16e-01	3.70e-01	5.11e-01	0.00e+00	0.00e+00
 3.18624e+15	1.56e-10	1.97e-06	3.82e-03	1.25e-01	3.78e-01	4.93e-01	0.00e+00	0.00e+00
 3.27080e+15	1.98e-10	2.39e-06	4.39e-03	1.35e-01	3.87e-01	4.73e-01	0.00e+00	0.00e+00
 3.38073e+15	2.80e-10	3.12e-06	5.27e-03	1.49e-01	3.99e-01	4.46e-01	0.00e+00	0.00e+00
 3.49138e+15	3.73e-10	3.93e-06	6.23e-03	1.64e-01	4.08e-01	4.22e-01	0.00e+00	0.00e+00
 3.58203e+15	4.71e-10	4.73e-06	7.12e-03	1.76e-01	4.15e-01	4.02e-01	0.00e+00	0.00e+00
 3.67895e+15	6.01e-10	5.75e-06	8.18e-03	1.90e-01	4.21e-01	3.80e-01	0.00e+00	0.00e+00
 3.80493e+15	7.79e-10	7.14e-06	9.69e-03	2.08e-01	4.28e-01	3.55e-01	0.00e+00	0.00e+00
 3.93598e+15	1.11e-09	9.36e-06	1.16e-02	2.28e-01	4.33e-01	3.27e-01	0.00e+00	0.00e+00
 4.04464e+15	1.41e-09	1.13e-05	1.33e-02	2.44e-01	4.36e-01	3.06e-01	0.00e+00	0.00e+00
 4.15694e+15	1.80e-09	1.37e-05	1.52e-02	2.61e-01	4.38e-01	2.86e-01	0.00e+00	0.00e+00
 4.28290e+15	2.28e-09	1.67e-05	1.76e-02	2.80e-01	4.38e-01	2.64e-01	0.00e+00	0.00e+00
 4.40220e+15	3.06e-09	2.08e-05	2.03e-02	2.99e-01	4.38e-01	2.43e-01	0.00e+00	0.00e+00
 4.51199e+15	3.82e-09	2.48e-05	2.28e-02	3.16e-01	4.35e-01	2.25e-01	0.00e+00	0.00e+00
 4.63387e+15	4.82e-09	2.98e-05	2.60e-02	3.35e-01	4.32e-01	2.07e-01	0.00e+00	0.00e+00
 4.76790e+15	6.04e-09	3.58e-05	2.98e-02	3.56e-01	4.26e-01	1.88e-01	0.00e+00	0.00e+00
 4.89132e+15	8.03e-09	4.43e-05	3.39e-02	3.75e-01	4.20e-01	1.71e-01	0.00e+00	0.00e+00
 4.98972e+15	9.61e-09	5.09e-05	3.72e-02	3.89e-01	4.14e-01	1.59e-01	0.00e+00	0.00e+00
 5.08200e+15	1.14e-08	5.83e-05	4.07e-02	4.03e-01	4.08e-01	1.48e-01	0.00e+00	0.00e+00
 5.20196e+15	1.37e-08	6.74e-05	4.54e-02	4.20e-01	3.99e-01	1.35e-01	0.00e+00	0.00e+00
 5.33513e+15	1.82e-08	8.34e-05	5.15e-02	4.40e-01	3.89e-01	1.20e-01	0.00e+00	0.00e+00
 5.45806e+15	2.17e-08	9.60e-05	5.72e-02	4.56e-01	3.78e-01	1.09e-01	0.00e+00	0.00e+00
 5.57214e+15	2.78e-08	1.15e-04	6.36e-02	4.71e-01	3.67e-01	9.82e-02	0.00e+00	0.00e+00
 5.68460e+15	3.39e-08	1.34e-04	7.01e-02	4.85e-01	3.56e-01	8.88e-02	0.00e+00	0.00e+00
 5.79222e+15	4.05e-08	1.54e-04	7.66e-02	4.98e-01	3.44e-01	8.06e-02	0.00e+00	0.00e+00
 5.91106e+15	4.83e-08	1.77e-04	8.46e-02	5.12e-01	3.31e-01	7.23e-02	0.00e+00	0.00e+00
 6.04396e+15	6.45e-08	2.18e-04	9.50e-02	5.26e-01	3.16e-01	6.29e-02	0.00e+00	0.00e+00
 6.16577e+15	7.98e-08	2.57e-04	1.05e-01	5.38e-01	3.01e-01	5.56e-02	0.00e+00	0.00e+00
 6.27508e+15	9.72e-08	2.98e-04	1.15e-01	5.47e-01	2.88e-01	4.95e-02	0.00e+00	0.00e+00
 6.37873e+15	1.17e-07	3.42e-04	1.25e-01	5.56e-01	2.75e-01	4.42e-02	0.00e+00	0.00e+00
 6.49466e+15	1.37e-07	3.88e-04	1.36e-01	5.64e-01	2.61e-01	3.90e-02	0.00e+00	0.00e+00
 6.64536e+15	1.96e-07	5.01e-04	1.55e-01	5.72e-01	2.40e-01	3.20e-02	0.00e+00	0.00e+00
 6.78752e+15	2.34e-07	5.78e-04	1.72e-01	5.78e-01	2.22e-01	2.72e-02	0.00e+00	0.00e+00
 6.89454e+15	3.14e-07	7.10e-04	1.89e-01	5.80e-01	2.07e-01	2.31e-02	0.00e+00	0.00e+00
 6.97637e+15	3.65e-07	7.95e-04	2.01e-01	5.81e-01	1.96e-01	2.07e-02	0.00e+00	0.00e+00
 7.04950e+15	4.26e-07	8.90e-04	2.14e-01	5.81e-01	1.86e-01	1.85e-02	0.00e+00	0.00e+00
 7.14456e+15	5.12e-07	1.02e-03	2.31e-01	5.80e-01	1.73e-01	1.59e-02	0.00e+00	0.00e+00
 7.24612e+15	6.34e-07	1.19e-03	2.50e-01	5.77e-01	1.59e-01	1.35e-02	0.00e+00	0.00e+00
 7.33055e+15	7.32e-07	1.33e-03	2.67e-01	5.73e-01	1.47e-01	1.17e-02	0.00e+00	0.00e+00
 7.39752e+15	8.91e-07	1.53e-03	2.82e-01	5.68e-01	1.38e-01	1.02e-02	0.00e+00	0.00e+00
 7.44872e+15	1.01e-06	1.67e-03	2.94e-01	5.64e-01	1.31e-01	9.22e-03	0.00e+00	0.00e+00
 7.49666e+15	1.14e-06	1.82e-03	3.06e-01	5.59e-01	1.24e-01	8.33e-03	0.00e+00	0.00e+00
 7.55898e+15	1.26e-06	1.96e-03	3.21e-01	5.54e-01	1.16e-01	7.37e-03	0.00e+00	0.00e+00
 7.64000e+15	1.60e-06	2.33e-03	3.43e-01	5.44e-01	1.05e-01	6.05e-03	0.00e+00	0.00e+00
 7.70921e+15	1.83e-06	2.56e-03	3.61e-01	5.35e-01	9.60e-02	5.19e-03	0.00e+00	0.00e+00
 7.75302e+15	2.17e-06	2.88e-03	3.76e-01	5.27e-01	8.98e-02	4.55e-03	0.00e+00	0.00e+00
 7.78942e+15	2.38e-06	3.08e-03	3.86e-01	5.21e-01	8.52e-02	4.14e-03	0.00e+00	0.00e+00
 7.82623e+15	2.62e-06	3.30e-03	3.97e-01	5.15e-01	8.04e-02	3.73e-03	0.00e+00	0.00e+00
 7.87408e+15	3.00e-06	3.63e-03	4.13e-01	5.06e-01	7.43e-02	3.23e-03	0.00e+00	0.00e+00
 7.92595e+15	3.47e-06	4.02e-03	4.29e-01	4.96e-01	6.80e-02	2.76e-03	0.00e+00	0.00e+00
 7.97157e+15	3.83e-06	4.32e-03	4.43e-01	4.87e-01	6.29e-02	2.40e-03	0.00e+00	0.00e+00
 8.01941e+15	4.63e-06	4.92e-03	4.61e-01	4.75e-01	5.69e-02	1.99e-03	0.00e+00	0.00e+00
 8.06493e+15	5.28e-06	5.39e-03	4.76e-01	4.65e-01	5.20e-02	1.70e-03	0.00e+00	0.00e+00
 8.10109e+15	5.89e-06	5.82e-03	4.88e-01	4.57e-01	4.81e-02	1.48e-03	0.00e+00	0.00e+00
 8.14175e+15	6.44e-06	6.21e-03	5.01e-01	4.47e-01	4.41e-02	1.27e-03	0.00e+00	0.00e+00
 8.19461e+15	7.93e-06	7.15e-03	5.21e-01	4.33e-01	3.86e-02	9.98e-04	0.00e+00	0.00e+00
 8.24353e+15	9.21e-06	7.93e-03	5.37e-01	4.20e-01	3.43e-02	8.08e-04	0.00e+00	0.00e+00
 8.27894e+15	1.03e-05	8.58e-03	5.49e-01	4.10e-01	3.12e-02	6.84e-04	0.00e+00	0.00e+00
 8.31658e+15	1.17e-05	9.35e-03	5.62e-01	4.00e-01	2.81e-02	5.67e-04	0.00e+00	0.00e+00
 8.36552e+15	1.38e-05	1.04e-02	5.79e-01	3.86e-01	2.43e-02	4.39e-04	0.00e+00	0.00e+00
 8.41640e+15	1.62e-05	1.17e-02	5.95e-01	3.72e-01	2.09e-02	3.36e-04	0.00e+00	0.00e+00
 8.45955e+15	1.86e-05	1.28e-02	6.08e-01	3.60e-01	1.82e-02	2.65e-04	0.00e+00	0.00e+00
 8.50537e+15	2.16e-05	1.42e-02	6.22e-01	3.47e-01	1.56e-02	2.01e-04	0.00e+00	0.00e+00
 8.54725e+15	2.47e-05	1.56e-02	6.34e-01	3.36e-01	1.36e-02	1.58e-04	0.00e+00	0.00e+00
 8.57517e+15	2.69e-05	1.65e-02	6.42e-01	3.29e-01	1.24e-02	1.34e-04	0.00e+00	0.00e+00
 8.60260e+15	2.95e-05	1.75e-02	6.50e-01	3.21e-01	1.12e-02	1.12e-04	0.00e+00	0.00e+00
 8.63825e+15	3.31e-05	1.89e-02	6.60e-01	3.11e-01	9.86e-03	8.90e-05	0.00e+00	0.00e+00
 8.67699e+15	3.73e-05	2.05e-02	6.70e-01	3.01e-01	8.56e-03	6.94e-05	0.00e+00	0.00e+00
 8.71238e+15	4.15e-05	2.21e-02	6.78e-01	2.92e-01	7.52e-03	5.52e-05	0.00e+00	0.00e+00
 8.75103e+15	4.69e-05	2.39e-02	6.87e-01	2.82e-01	6.49e-03	4.25e-05	0.00e+00	0.00e+00
 8.79351e+15	5.35e-05	2.61e-02	6.97e-01	2.71e-01	5.52e-03	3.19e-05	0.00e+00	0.00e+00
 8.83207e+15	6.00e-05	2.81e-02	7.05e-01	2.62e-01	4.77e-03	2.46e-05	0.00e+00	0.00e+00
 8.86787e+15	6.69e-05	3.02e-02	7.13e-01	2.53e-01	4.14e-03	1.92e-05	0.00e+00	0.00e+00
 8.90897e+15	7.58e-05	3.28e-02	7.21e-01	2.43e-01	3.51e-03	1.44e-05	0.00e+00	0.00e+00
 8.95394e+15	8.67e-05	3.59e-02	7.29e-01	2.32e-01	2.94e-03	1.05e-05	0.00e+00	0.00e+00
 8.99464e+15	9.79e-05	3.88e-02	7.36e-01	2.23e-01	2.51e-03	7.92e-06	0.00e+00	0.00e+00
 9.03222e+15	1.09e-04	4.18e-02	7.42e-01	2.14e-01	2.16e-03	6.08e-06	0.00e+00	0.00e+00
 9.07503e+15	1.24e-04	4.54e-02	7.49e-01	2.04e-01	1.81e-03	4.46e-06	0.00e+00	0.00e+00
 9.12176e+15	1.43e-04	4.98e-02	7.55e-01	1.94e-01	1.50e-03	3.19e-06	0.00e+00	0.00e+00
 9.16354e+15	1.63e-04	5.40e-02	7.60e-01	1.84e-01	1.26e-03	2.37e-06	0.00e+00	0.00e+00
 9.20134e+15	1.82e-04	5.82e-02	7.65e-01	1.76e-01	1.08e-03	1.81e-06	0.00e+00	0.00e+00
 9.24400e+15	2.08e-04	6.34e-02	7.69e-01	1.67e-01	8.99e-04	1.31e-06	0.00e+00	0.00e+00
 9.29071e+15	2.40e-04	6.95e-02	7.73e-01	1.57e-01	7.39e-04	9.36e-07	0.00e+00	0.00e+00
 9.33240e+15	2.74e-04	7.57e-02	7.76e-01	1.48e-01	6.19e-04	0.00e+00	0.00e+00	0.00e+00
 9.36959e+15	3.09e-04	8.17e-02	7.77e-01	1.40e-01	5.26e-04	0.00e+00	0.00e+00	0.00e+00
 9.41120e+15	3.53e-04	8.90e-02	7.79e-01	1.32e-01	4.38e-04	0.00e+00	0.00e+00	0.00e+00
 9.45737e+15	4.11e-04	9.81e-02	7.79e-01	1.22e-01	3.55e-04	0.00e+00	0.00e+00	0.00e+00
 9.49853e+15	4.72e-04	1.07e-01	7.78e-01	1.14e-01	2.95e-04	0.00e+00	0.00e+00	0.00e+00
 9.53431e+15	5.33e-04	1.16e-01	7.77e-01	1.07e-01	2.50e-04	0.00e+00	0.00e+00	0.00e+00
 9.57408e+15	6.11e-04	1.26e-01	7.74e-01	9.94e-02	2.06e-04	0.00e+00	0.00e+00	0.00e+00
 9.61823e+15	7.14e-04	1.39e-01	7.69e-01	9.12e-02	1.66e-04	0.00e+00	0.00e+00	0.00e+00
 9.65840e+15	8.24e-04	1.52e-01	7.63e-01	8.38e-02	1.36e-04	0.00e+00	0.00e+00	0.00e+00
 9.69399e+15	9.39e-04	1.65e-01	7.56e-01	7.75e-02	1.13e-04	0.00e+00	0.00e+00	0.00e+00
 9.73329e+15	1.09e-03	1.81e-01	7.47e-01	7.08e-02	9.19e-05	0.00e+00	0.00e+00	0.00e+00
 9.77722e+15	1.29e-03	2.00e-01	7.35e-01	6.35e-02	7.23e-05	0.00e+00	0.00e+00	0.00e+00
 9.81747e+15	1.50e-03	2.20e-01	7.21e-01	5.70e-02	5.74e-05	0.00e+00	0.00e+00	0.00e+00
 9.85320e+15	1.73e-03	2.40e-01	7.07e-01	5.14e-02	4.65e-05	0.00e+00	0.00e+00	0.00e+00
 9.89275e+15	2.03e-03	2.64e-01	6.88e-01	4.55e-02	3.63e-05	0.00e+00	0.00e+00	0.00e+00
 9.93713e+15	2.44e-03	2.94e-01	6.64e-01	3.93e-02	2.72e-05	0.00e+00	0.00e+00	0.00e+00
 9.97871e+15	2.92e-03	3.26e-01	6.37e-01	3.38e-02	2.05e-05	0.00e+00	0.00e+00	0.00e+00
 1.00173e+16	3.45e-03	3.58e-01	6.09e-01	2.90e-02	1.55e-05	0.00e+00	0.00e+00	0.00e+00
 1.00611e+16	4.19e-03	3.99e-01	5.73e-01	2.39e-02	1.10e-05	0.00e+00	0.00e+00	0.00e+00
 1.01075e+16	5.16e-03	4.46e-01	5.29e-01	1.91e-02	7.47e-06	0.00e+00	0.00e+00	0.00e+00
 1.01458e+16	6.16e-03	4.89e-01	4.89e-01	1.54e-02	5.28e-06	0.00e+00	0.00e+00	0.00e+00
 1.01780e+16	7.18e-03	5.27e-01	4.53e-01	1.27e-02	3.86e-06	0.00e+00	0.00e+00	0.00e+00
 1.02135e+16	8.50e-03	5.71e-01	4.10e-01	1.00e-02	2.65e-06	0.00e+00	0.00e+00	0.00e+00
 1.02532e+16	1.03e-02	6.22e-01	3.61e-01	7.48e-03	1.68e-06	0.00e+00	0.00e+00	0.00e+00
 1.02857e+16	1.21e-02	6.65e-01	3.18e-01	5.69e-03	1.12e-06	0.00e+00	0.00e+00	0.00e+00
 1.03086e+16	1.35e-02	6.94e-01	2.87e-01	4.61e-03	8.23e-07	0.00e+00	0.00e+00	0.00e+00
 1.03312e+16	1.52e-02	7.23e-01	2.58e-01	3.68e-03	0.00e+00	0.00e+00	0.00e+00	0.00e+00
 1.03607e+16	1.76e-02	7.59e-01	2.21e-01	2.69e-03	0.00e+00	0.00e+00	0.00e+00	0.00e+00
 1.03900e+16	2.05e-02	7.93e-01	1.85e-01	1.91e-03	0.00e+00	0.00e+00	0.00e+00	0.00e+00
 1.04115e+16	2.30e-02	8.16e-01	1.59e-01	1.44e-03	0.00e+00	0.00e+00	0.00e+00	0.00e+00
 1.04285e+16	2.52e-02	8.33e-01	1.41e-01	1.14e-03	0.00e+00	0.00e+00	0.00e+00	0.00e+00
 1.04470e+16	2.78e-02	8.49e-01	1.22e-01	8.67e-04	0.00e+00	0.00e+00	0.00e+00	0.00e+00
 1.04711e+16	3.18e-02	8.68e-01	9.99e-02	5.98e-04	0.00e+00	0.00e+00	0.00e+00	0.00e+00
 1.04954e+16	3.64e-02	8.83e-01	7.99e-02	3.98e-04	0.00e+00	0.00e+00	0.00e+00	0.00e+00
 1.05136e+16	4.06e-02	8.93e-01	6.64e-02	2.86e-04	0.00e+00	0.00e+00	0.00e+00	0.00e+00
 1.05284e+16	4.43e-02	8.99e-01	5.67e-02	2.15e-04	0.00e+00	0.00e+00	0.00e+00	0.00e+00
 1.05448e+16	4.89e-02	9.04e-01	4.73e-02	1.55e-04	0.00e+00	0.00e+00	0.00e+00	0.00e+00
 1.05662e+16	5.58e-02	9.07e-01	3.68e-02	9.89e-05	0.00e+00	0.00e+00	0.00e+00	0.00e+00
 1.05876e+16	6.40e-02	9.08e-01	2.80e-02	6.11e-05	0.00e+00	0.00e+00	0.00e+00	0.00e+00
 1.06039e+16	7.12e-02	9.06e-01	2.24e-02	4.12e-05	0.00e+00	0.00e+00	0.00e+00	0.00e+00
 1.06174e+16	7.79e-02	9.04e-01	1.85e-02	2.95e-05	0.00e+00	0.00e+00	0.00e+00	0.00e+00
 1.06322e+16	8.62e-02	8.99e-01	1.48e-02	2.00e-05	0.00e+00	0.00e+00	0.00e+00	0.00e+00
 1.06485e+16	9.62e-02	8.92e-01	1.16e-02	1.29e-05	0.00e+00	0.00e+00	0.00e+00	0.00e+00
 1.06634e+16	1.06e-01	8.84e-01	9.10e-03	8.50e-06	0.00e+00	0.00e+00	0.00e+00	0.00e+00
 1.06764e+16	1.17e-01	8.76e-01	7.31e-03	5.80e-06	0.00e+00	0.00e+00	0.00e+00	0.00e+00
 1.06883e+16	1.27e-01	8.67e-01	5.96e-03	4.05e-06	0.00e+00	0.00e+00	0.00e+00	0.00e+00
 1.06993e+16	1.37e-01	8.58e-01	4.90e-03	2.88e-06	0.00e+00	0.00e+00	0.00e+00	0.00e+00
 1.07095e+16	1.47e-01	8.49e-01	4.08e-03	2.09e-06	0.00e+00	0.00e+00	0.00e+00	0.00e+00
 1.07191e+16	1.56e-01	8.40e-01	3.41e-03	1.53e-06	0.00e+00	0.00e+00	0.00e+00	0.00e+00
 1.07262e+16	1.63e-01	8.34e-01	2.99e-03	1.22e-06	0.00e+00	0.00e+00	0.00e+00	0.00e+00
 1.07308e+16	1.69e-01	8.28e-01	2.74e-03	1.05e-06	0.00e+00	0.00e+00	0.00e+00	0.00e+00
 1.07353e+16	1.74e-01	8.23e-01	2.51e-03	9.00e-07	0.00e+00	0.00e+00	0.00e+00	0.00e+00
 1.07406e+16	1.80e-01	8.17e-01	2.26e-03	0.00e+00	0.00e+00	0.00e+00	0.00e+00	0.00e+00
 1.07462e+16	1.87e-01	8.11e-01	2.02e-03	0.00e+00	0.00e+00	0.00e+00	0.00e+00	0.00e+00
 1.07516e+16	1.94e-01	8.04e-01	1.82e-03	0.00e+00	0.00e+00	0.00e+00	0.00e+00	0.00e+00
 1.07567e+16	2.00e-01	7.98e-01	1.64e-03	0.00e+00	0.00e+00	0.00e+00	0.00e+00	0.00e+00
 1.07618e+16	2.07e-01	7.92e-01	1.48e-03	0.00e+00	0.00e+00	0.00e+00	0.00e+00	0.00e+00
 1.07669e+16	2.14e-01	7.85e-01	1.33e-03	0.00e+00	0.00e+00	0.00e+00	0.00e+00	0.00e+00
 1.07720e+16	2.21e-01	7.78e-01	1.20e-03	0.00e+00	0.00e+00	0.00e+00	0.00e+00	0.00e+00
 1.07770e+16	2.28e-01	7.71e-01	1.08e-03	0.00e+00	0.00e+00	0.00e+00	0.00e+00	0.00e+00
 1.07820e+16	2.35e-01	7.64e-01	9.66e-04	0.00e+00	0.00e+00	0.00e+00	0.00e+00	0.00e+00
 1.07871e+16	2.43e-01	7.57e-01	8.67e-04	0.00e+00	0.00e+00	0.00e+00	0.00e+00	0.00e+00
 1.07919e+16	2.50e-01	7.49e-01	7.80e-04	0.00e+00	0.00e+00	0.00e+00	0.00e+00	0.00e+00
 1.07967e+16	2.57e-01	7.42e-01	7.02e-04	0.00e+00	0.00e+00	0.00e+00	0.00e+00	0.00e+00
 1.08016e+16	2.65e-01	7.34e-01	6.29e-04	0.00e+00	0.00e+00	0.00e+00	0.00e+00	0.00e+00
 1.08065e+16	2.73e-01	7.26e-01	5.65e-04	0.00e+00	0.00e+00	0.00e+00	0.00e+00	0.00e+00
 1.08113e+16	2.81e-01	7.19e-01	5.06e-04	0.00e+00	0.00e+00	0.00e+00	0.00e+00	0.00e+00
 1.08160e+16	2.89e-01	7.10e-01	4.54e-04	0.00e+00	0.00e+00	0.00e+00	0.00e+00	0.00e+00
 1.08208e+16	2.98e-01	7.02e-01	4.07e-04	0.00e+00	0.00e+00	0.00e+00	0.00e+00	0.00e+00
 1.08255e+16	3.06e-01	6.93e-01	3.64e-04	0.00e+00	0.00e+00	0.00e+00	0.00e+00	0.00e+00
 1.08302e+16	3.15e-01	6.85e-01	3.26e-04	0.00e+00	0.00e+00	0.00e+00	0.00e+00	0.00e+00
 1.08348e+16	3.24e-01	6.76e-01	2.92e-04	0.00e+00	0.00e+00	0.00e+00	0.00e+00	0.00e+00
 1.08395e+16	3.33e-01	6.67e-01	2.61e-04	0.00e+00	0.00e+00	0.00e+00	0.00e+00	0.00e+00
 1.08441e+16	3.43e-01	6.57e-01	2.33e-04	0.00e+00	0.00e+00	0.00e+00	0.00e+00	0.00e+00
 1.08488e+16	3.52e-01	6.48e-01	2.08e-04	0.00e+00	0.00e+00	0.00e+00	0.00e+00	0.00e+00
 1.08534e+16	3.62e-01	6.37e-01	1.86e-04	0.00e+00	0.00e+00	0.00e+00	0.00e+00	0.00e+00
 1.08579e+16	3.72e-01	6.27e-01	1.66e-04	0.00e+00	0.00e+00	0.00e+00	0.00e+00	0.00e+00
 1.08624e+16	3.83e-01	6.16e-01	1.48e-04	0.00e+00	0.00e+00	0.00e+00	0.00e+00	0.00e+00
 1.08669e+16	3.95e-01	6.05e-01	1.32e-04	0.00e+00	0.00e+00	0.00e+00	0.00e+00	0.00e+00
 1.08713e+16	4.06e-01	5.94e-01	1.18e-04	0.00e+00	0.00e+00	0.00e+00	0.00e+00	0.00e+00
 1.08758e+16	4.17e-01	5.82e-01	1.05e-04	0.00e+00	0.00e+00	0.00e+00	0.00e+00	0.00e+00
 1.08803e+16	4.29e-01	5.71e-01	9.35e-05	0.00e+00	0.00e+00	0.00e+00	0.00e+00	0.00e+00
 1.08846e+16	4.42e-01	5.58e-01	8.34e-05	0.00e+00	0.00e+00	0.00e+00	0.00e+00	0.00e+00
 1.08889e+16	4.54e-01	5.46e-01	7.44e-05	0.00e+00	0.00e+00	0.00e+00	0.00e+00	0.00e+00
 1.08933e+16	4.68e-01	5.31e-01	6.63e-05	0.00e+00	0.00e+00	0.00e+00	0.00e+00	0.00e+00
 1.08975e+16	4.81e-01	5.19e-01	5.92e-05	0.00e+00	0.00e+00	0.00e+00	0.00e+00	0.00e+00
 1.09018e+16	4.96e-01	5.03e-01	5.27e-05	0.00e+00	0.00e+00	0.00e+00	0.00e+00	0.00e+00
 1.09061e+16	5.10e-01	4.90e-01	4.70e-05	0.00e+00	0.00e+00	0.00e+00	0.00e+00	0.00e+00
 1.09104e+16	5.26e-01	4.74e-01	4.18e-05	0.00e+00	0.00e+00	0.00e+00	0.00e+00	0.00e+00
 1.09148e+16	5.41e-01	4.59e-01	3.71e-05	0.00e+00	0.00e+00	0.00e+00	0.00e+00	0.00e+00
 1.09192e+16	5.58e-01	4.42e-01	3.29e-05	0.00e+00	0.00e+00	0.00e+00	0.00e+00	0.00e+00
 1.09236e+16	5.74e-01	4.26e-01	2.92e-05	0.00e+00	0.00e+00	0.00e+00	0.00e+00	0.00e+00
 1.09282e+16	5.91e-01	4.09e-01	2.59e-05	0.00e+00	0.00e+00	0.00e+00	0.00e+00	0.00e+00
 1.09328e+16	6.12e-01	3.88e-01	2.27e-05	0.00e+00	0.00e+00	0.00e+00	0.00e+00	0.00e+00
 1.09375e+16	6.30e-01	3.70e-01	2.00e-05	0.00e+00	0.00e+00	0.00e+00	0.00e+00	0.00e+00
 1.09423e+16	6.49e-01	3.51e-01	1.76e-05	0.00e+00	0.00e+00	0.00e+00	0.00e+00	0.00e+00
 1.09474e+16	6.68e-01	3.32e-01	1.54e-05	0.00e+00	0.00e+00	0.00e+00	0.00e+00	0.00e+00
 1.09527e+16	6.88e-01	3.12e-01	1.35e-05	0.00e+00	0.00e+00	0.00e+00	0.00e+00	0.00e+00
 1.09576e+16	7.05e-01	2.95e-01	1.20e-05	0.00e+00	0.00e+00	0.00e+00	0.00e+00	0.00e+00
 1.09620e+16	7.19e-01	2.81e-01	1.08e-05	0.00e+00	0.00e+00	0.00e+00	0.00e+00	0.00e+00
 1.09663e+16	7.33e-01	2.67e-01	9.80e-06	0.00e+00	0.00e+00	0.00e+00	0.00e+00	0.00e+00
 1.09709e+16	7.47e-01	2.53e-01	8.83e-06	0.00e+00	0.00e+00	0.00e+00	0.00e+00	0.00e+00
 1.09756e+16	7.61e-01	2.39e-01	7.97e-06	0.00e+00	0.00e+00	0.00e+00	0.00e+00	0.00e+00
 1.09803e+16	7.74e-01	2.26e-01	7.22e-06	0.00e+00	0.00e+00	0.00e+00	0.00e+00	0.00e+00
 1.09851e+16	7.87e-01	2.13e-01	6.56e-06	0.00e+00	0.00e+00	0.00e+00	0.00e+00	0.00e+00
 1.09900e+16	7.98e-01	2.02e-01	5.96e-06	0.00e+00	0.00e+00	0.00e+00	0.00e+00	0.00e+00
 1.09952e+16	8.10e-01	1.90e-01	5.43e-06	0.00e+00	0.00e+00	0.00e+00	0.00e+00	0.00e+00
 1.10006e+16	8.20e-01	1.80e-01	4.95e-06	0.00e+00	0.00e+00	0.00e+00	0.00e+00	0.00e+00
 1.10063e+16	8.31e-01	1.69e-01	4.49e-06	0.00e+00	0.00e+00	0.00e+00	0.00e+00	0.00e+00
 1.10124e+16	8.40e-01	1.60e-01	4.13e-06	0.00e+00	0.00e+00	0.00e+00	0.00e+00	0.00e+00
 1.10187e+16	8.50e-01	1.50e-01	3.76e-06	0.00e+00	0.00e+00	0.00e+00	0.00e+00	0.00e+00
 1.10255e+16	8.58e-01	1.42e-01	3.45e-06	0.00e+00	0.00e+00	0.00e+00	0.00e+00	0.00e+00
 1.10328e+16	8.66e-01	1.34e-01	3.16e-06	0.00e+00	0.00e+00	0.00e+00	0.00e+00	0.00e+00
 1.10406e+16	8.74e-01	1.26e-01	2.90e-06	0.00e+00	0.00e+00	0.00e+00	0.00e+00	0.00e+00
 1.10490e+16	8.81e-01	1.19e-01	2.66e-06	0.00e+00	0.00e+00	0.00e+00	0.00e+00	0.00e+00
 1.10581e+16	8.88e-01	1.12e-01	2.45e-06	0.00e+00	0.00e+00	0.00e+00	0.00e+00	0.00e+00
 1.10679e+16	8.94e-01	1.06e-01	2.25e-06	0.00e+00	0.00e+00	0.00e+00	0.00e+00	0.00e+00
 1.10786e+16	9.00e-01	9.98e-02	2.07e-06	0.00e+00	0.00e+00	0.00e+00	0.00e+00	0.00e+00
 1.10900e+16	9.06e-01	9.39e-02	1.90e-06	0.00e+00	0.00e+00	0.00e+00	0.00e+00	0.00e+00
 1.11021e+16	9.12e-01	8.84e-02	1.74e-06	0.00e+00	0.00e+00	0.00e+00	0.00e+00	0.00e+00
 1.11149e+16	9.17e-01	8.31e-02	1.60e-06	0.00e+00	0.00e+00	0.00e+00	0.00e+00	0.00e+00
 1.11282e+16	9.22e-01	7.80e-02	1.46e-06	0.00e+00	0.00e+00	0.00e+00	0.00e+00	0.00e+00
 1.11419e+16	9.27e-01	7.33e-02	1.34e-06	0.00e+00	0.00e+00	0.00e+00	0.00e+00	0.00e+00
 1.11559e+16	9.31e-01	6.88e-02	1.23e-06	0.00e+00	0.00e+00	0.00e+00	0.00e+00	0.00e+00
 1.11701e+16	9.35e-01	6.46e-02	1.13e-06	0.00e+00	0.00e+00	0.00e+00	0.00e+00	0.00e+00
 1.11843e+16	9.39e-01	6.06e-02	1.03e-06	0.00e+00	0.00e+00	0.00e+00	0.00e+00	0.00e+00
 1.11986e+16	9.43e-01	5.69e-02	9.46e-07	0.00e+00	0.00e+00	0.00e+00	0.00e+00	0.00e+00
 1.12129e+16	9.47e-01	5.35e-02	8.68e-07	0.00e+00	0.00e+00	0.00e+00	0.00e+00	0.00e+00
 1.12271e+16	9.50e-01	5.03e-02	7.97e-07	0.00e+00	0.00e+00	0.00e+00	0.00e+00	0.00e+00
 1.12414e+16	9.53e-01	4.72e-02	7.32e-07	0.00e+00	0.00e+00	0.00e+00	0.00e+00	0.00e+00
 1.12558e+16	9.56e-01	4.43e-02	6.72e-07	0.00e+00	0.00e+00	0.00e+00	0.00e+00	0.00e+00
 1.12702e+16	9.58e-01	4.16e-02	6.16e-07	0.00e+00	0.00e+00	0.00e+00	0.00e+00	0.00e+00
 1.12847e+16	9.61e-01	3.91e-02	5.66e-07	0.00e+00	0.00e+00	0.00e+00	0.00e+00	0.00e+00
 1.12992e+16	9.63e-01	3.67e-02	5.20e-07	0.00e+00	0.00e+00	0.00e+00	0.00e+00	0.00e+00
 1.13139e+16	9.65e-01	3.45e-02	4.77e-07	0.00e+00	0.00e+00	0.00e+00	0.00e+00	0.00e+00
 1.13291e+16	9.68e-01	3.24e-02	4.37e-07	0.00e+00	0.00e+00	0.00e+00	0.00e+00	0.00e+00
 1.13447e+16	9.70e-01	3.03e-02	3.99e-07	0.00e+00	0.00e+00	0.00e+00	0.00e+00	0.00e+00
 1.13609e+16	9.72e-01	2.83e-02	3.65e-07	0.00e+00	0.00e+00	0.00e+00	0.00e+00	0.00e+00
 1.13776e+16	9.74e-01	2.65e-02	3.32e-07	0.00e+00	0.00e+00	0.00e+00	0.00e+00	0.00e+00
 1.13949e+16	9.75e-01	2.47e-02	3.02e-07	0.00e+00	0.00e+00	0.00e+00	0.00e+00	0.00e+00
 1.14132e+16	9.77e-01	2.30e-02	2.73e-07	0.00e+00	0.00e+00	0.00e+00	0.00e+00	0.00e+00
 1.14331e+16	9.79e-01	2.13e-02	2.46e-07	0.00e+00	0.00e+00	0.00e+00	0.00e+00	0.00e+00
 1.14548e+16	9.80e-01	1.96e-02	2.20e-07	0.00e+00	0.00e+00	0.00e+00	0.00e+00	0.00e+00
