#depth	He	He+	He+2
 1.49634e+10	8.91e-23	6.20e-12	1.00e+00
 4.54887e+10	1.00e-22	6.71e-12	1.00e+00
 7.72350e+10	1.12e-22	7.27e-12	1.00e+00
 1.10251e+11	1.26e-22	7.87e-12	1.00e+00
 1.44588e+11	1.41e-22	8.52e-12	1.00e+00
 1.80298e+11	1.59e-22	9.23e-12	1.00e+00
 2.17437e+11	1.79e-22	1.00e-11	1.00e+00
 2.56061e+11	2.02e-22	1.08e-11	1.00e+00
 2.93459e+11	2.26e-22	1.17e-11	1.00e+00
 3.28750e+11	2.50e-22	1.25e-11	1.00e+00
 3.68224e+11	2.80e-22	1.35e-11	1.00e+00
 4.12880e+11	3.18e-22	1.46e-11	1.00e+00
 4.57823e+11	3.59e-22	1.58e-11	1.00e+00
 5.04563e+11	4.06e-22	1.71e-11	1.00e+00
 5.49432e+11	4.57e-22	1.83e-11	1.00e+00
 5.88148e+11	5.03e-22	1.95e-11	1.00e+00
 6.30492e+11	5.57e-22	2.08e-11	1.00e+00
 6.82478e+11	6.32e-22	2.25e-11	1.00e+00
 7.35003e+11	7.16e-22	2.42e-11	1.00e+00
 7.81688e+11	7.96e-22	2.58e-11	1.00e+00
 8.32774e+11	8.90e-22	2.77e-11	1.00e+00
 8.93846e+11	1.02e-21	3.00e-11	1.00e+00
 9.54452e+11	1.16e-21	3.23e-11	1.00e+00
 1.00959e+12	1.30e-21	3.46e-11	1.00e+00
 1.07108e+12	1.46e-21	3.72e-11	1.00e+00
 1.14291e+12	1.69e-21	4.04e-11	1.00e+00
 1.21377e+12	1.94e-21	4.37e-11	1.00e+00
 1.28081e+12	2.20e-21	4.69e-11	1.00e+00
 1.35531e+12	2.51e-21	5.07e-11	1.00e+00
 1.43945e+12	2.92e-21	5.52e-11	1.00e+00
 1.52413e+12	3.38e-21	5.99e-11	1.00e+00
 1.60705e+12	3.88e-21	6.47e-11	1.00e+00
 1.69610e+12	4.46e-21	7.02e-11	1.00e+00
 1.79387e+12	5.20e-21	7.65e-11	1.00e+00
 1.89189e+12	6.03e-21	8.31e-11	1.00e+00
 1.99384e+12	6.97e-21	9.03e-11	1.00e+00
 2.09494e+12	8.06e-21	9.78e-11	1.00e+00
 2.18134e+12	9.06e-21	1.05e-10	1.00e+00
 2.27119e+12	1.02e-20	1.12e-10	1.00e+00
 2.38338e+12	1.17e-20	1.21e-10	1.00e+00
 2.49825e+12	1.36e-20	1.32e-10	1.00e+00
 2.60008e+12	1.53e-20	1.41e-10	1.00e+00
 2.71133e+12	1.74e-20	1.52e-10	1.00e+00
 2.84466e+12	2.02e-20	1.66e-10	1.00e+00
 2.97980e+12	2.35e-20	1.80e-10	1.00e+00
 3.10700e+12	2.68e-20	1.94e-10	1.00e+00
 3.24785e+12	3.08e-20	2.11e-10	1.00e+00
 3.40769e+12	3.60e-20	2.31e-10	1.00e+00
 3.56728e+12	4.18e-20	2.52e-10	1.00e+00
 3.73324e+12	4.85e-20	2.75e-10	1.00e+00
 3.91250e+12	5.66e-20	3.01e-10	1.00e+00
 4.09893e+12	6.60e-20	3.30e-10	1.00e+00
 4.27323e+12	7.60e-20	3.59e-10	1.00e+00
 4.42765e+12	8.53e-20	3.85e-10	1.00e+00
 4.60053e+12	9.67e-20	4.16e-10	1.00e+00
 4.80717e+12	1.12e-19	4.55e-10	1.00e+00
 5.01572e+12	1.29e-19	4.97e-10	1.00e+00
 5.21104e+12	1.47e-19	5.38e-10	1.00e+00
 5.42783e+12	1.68e-19	5.85e-10	1.00e+00
 5.67487e+12	1.95e-19	6.43e-10	1.00e+00
 5.91595e+12	2.25e-19	7.02e-10	1.00e+00
 6.12273e+12	2.52e-19	7.56e-10	1.00e+00
 6.30510e+12	2.77e-19	8.05e-10	1.00e+00
 6.51381e+12	3.08e-19	8.63e-10	1.00e+00
 6.77937e+12	3.52e-19	9.42e-10	1.00e+00
 7.05337e+12	4.02e-19	1.03e-09	1.00e+00
 7.28985e+12	4.48e-19	1.10e-09	1.00e+00
 7.54303e+12	4.99e-19	1.19e-09	1.00e+00
 7.85481e+12	5.70e-19	1.30e-09	1.00e+00
 8.17133e+12	6.49e-19	1.42e-09	1.00e+00
 8.45373e+12	7.24e-19	1.54e-09	1.00e+00
 8.76324e+12	8.11e-19	1.67e-09	1.00e+00
 9.13191e+12	9.26e-19	1.83e-09	1.00e+00
 9.50079e+12	1.05e-18	2.00e-09	1.00e+00
 9.84398e+12	1.18e-18	2.17e-09	1.00e+00
 1.02272e+13	1.33e-18	2.37e-09	1.00e+00
 1.06458e+13	1.51e-18	2.60e-09	1.00e+00
 1.10337e+13	1.69e-18	2.83e-09	1.00e+00
 1.14576e+13	1.91e-18	3.08e-09	1.00e+00
 1.19357e+13	2.17e-18	3.39e-09	1.00e+00
 1.23947e+13	2.45e-18	3.70e-09	1.00e+00
 1.28034e+13	2.71e-18	3.99e-09	1.00e+00
 1.32368e+13	3.01e-18	4.31e-09	1.00e+00
 1.37258e+13	3.39e-18	4.69e-09	1.00e+00
 1.41920e+13	3.78e-18	5.06e-09	1.00e+00
 1.46155e+13	4.16e-18	5.42e-09	1.00e+00
 1.50787e+13	4.61e-18	5.82e-09	1.00e+00
 1.56623e+13	5.24e-18	6.35e-09	1.00e+00
 1.62521e+13	5.94e-18	6.91e-09	1.00e+00
 1.67543e+13	6.60e-18	7.41e-09	1.00e+00
 1.72930e+13	7.37e-18	7.96e-09	1.00e+00
 1.79645e+13	8.43e-18	8.67e-09	1.00e+00
 1.86643e+13	9.67e-18	9.45e-09	1.00e+00
 1.92931e+13	1.09e-17	1.02e-08	1.00e+00
 1.99735e+13	1.24e-17	1.10e-08	1.00e+00
 2.07802e+13	1.43e-17	1.20e-08	1.00e+00
 2.15748e+13	1.65e-17	1.30e-08	1.00e+00
 2.23005e+13	1.87e-17	1.40e-08	1.00e+00
 2.31127e+13	2.14e-17	1.52e-08	1.00e+00
 2.40582e+13	2.50e-17	1.65e-08	1.00e+00
 2.49894e+13	2.90e-17	1.80e-08	1.00e+00
 2.58002e+13	3.28e-17	1.92e-08	1.00e+00
 2.64931e+13	3.64e-17	2.04e-08	1.00e+00
 2.72452e+13	4.06e-17	2.16e-08	1.00e+00
 2.82229e+13	4.66e-17	2.33e-08	1.00e+00
 2.92387e+13	5.36e-17	2.52e-08	1.00e+00
 3.00954e+13	6.00e-17	2.68e-08	1.00e+00
 3.10004e+13	6.75e-17	2.85e-08	1.00e+00
 3.21571e+13	7.81e-17	3.08e-08	1.00e+00
 3.33600e+13	9.04e-17	3.33e-08	1.00e+00
 3.44087e+13	1.02e-16	3.56e-08	1.00e+00
 3.55380e+13	1.16e-16	3.81e-08	1.00e+00
 3.69148e+13	1.36e-16	4.13e-08	1.00e+00
 3.82736e+13	1.57e-16	4.46e-08	1.00e+00
 3.94490e+13	1.77e-16	4.75e-08	1.00e+00
 4.07255e+13	2.01e-16	5.08e-08	1.00e+00
 4.22909e+13	2.34e-16	5.50e-08	1.00e+00
 4.38683e+13	2.72e-16	5.94e-08	1.00e+00
 4.52672e+13	3.08e-16	6.34e-08	1.00e+00
 4.67977e+13	3.53e-16	6.79e-08	1.00e+00
 4.86309e+13	4.12e-16	7.37e-08	1.00e+00
 5.04548e+13	4.79e-16	7.96e-08	1.00e+00
 5.21133e+13	5.46e-16	8.51e-08	1.00e+00
 5.39600e+13	6.28e-16	9.15e-08	1.00e+00
 5.61189e+13	7.37e-16	9.94e-08	1.00e+00
 5.82497e+13	8.57e-16	1.07e-07	1.00e+00
 6.02635e+13	9.84e-16	1.15e-07	1.00e+00
 6.25016e+13	1.14e-15	1.24e-07	1.00e+00
 6.50316e+13	1.34e-15	1.35e-07	1.00e+00
 6.75468e+13	1.56e-15	1.46e-07	1.00e+00
 7.01626e+13	1.82e-15	1.58e-07	1.00e+00
 7.27875e+13	2.11e-15	1.70e-07	1.00e+00
 7.49487e+13	2.38e-15	1.81e-07	1.00e+00
 7.67876e+13	2.62e-15	1.90e-07	1.00e+00
 7.88854e+13	2.92e-15	2.01e-07	1.00e+00
 8.16127e+13	3.35e-15	2.15e-07	1.00e+00
 8.44986e+13	3.86e-15	2.31e-07	1.00e+00
 8.70161e+13	4.34e-15	2.45e-07	1.00e+00
 8.97140e+13	4.90e-15	2.61e-07	1.00e+00
 9.30787e+13	5.68e-15	2.81e-07	1.00e+00
 9.64948e+13	6.56e-15	3.03e-07	1.00e+00
 9.94708e+13	7.40e-15	3.22e-07	1.00e+00
 1.02690e+14	8.39e-15	3.43e-07	1.00e+00
 1.06614e+14	9.75e-15	3.70e-07	1.00e+00
 1.10546e+14	1.12e-14	3.98e-07	1.00e+00
 1.14041e+14	1.27e-14	4.23e-07	1.00e+00
 1.17878e+14	1.45e-14	4.52e-07	1.00e+00
 1.22462e+14	1.68e-14	4.88e-07	1.00e+00
 1.27023e+14	1.94e-14	5.25e-07	1.00e+00
 1.31195e+14	2.21e-14	5.60e-07	1.00e+00
 1.35855e+14	2.53e-14	6.00e-07	1.00e+00
 1.41273e+14	2.95e-14	6.49e-07	1.00e+00
 1.46600e+14	3.41e-14	6.99e-07	1.00e+00
 1.51659e+14	3.89e-14	7.47e-07	1.00e+00
 1.57273e+14	4.48e-14	8.03e-07	1.00e+00
 1.63594e+14	5.22e-14	8.69e-07	1.00e+00
 1.69965e+14	6.06e-14	9.37e-07	1.00e+00
 1.75891e+14	6.92e-14	1.00e-06	1.00e+00
 1.81390e+14	7.80e-14	1.07e-06	1.00e+00
 1.86610e+14	8.71e-14	1.13e-06	1.00e+00
 1.92358e+14	9.80e-14	1.20e-06	1.00e+00
 1.98737e+14	1.11e-13	1.28e-06	1.00e+00
 2.04688e+14	1.25e-13	1.36e-06	1.00e+00
 2.11177e+14	1.41e-13	1.45e-06	1.00e+00
 2.18453e+14	1.61e-13	1.55e-06	1.00e+00
 2.25383e+14	1.82e-13	1.65e-06	1.00e+00
 2.33023e+14	2.07e-13	1.77e-06	1.00e+00
 2.41579e+14	2.38e-13	1.91e-06	1.00e+00
 2.49696e+14	2.70e-13	2.04e-06	1.00e+00
 2.57340e+14	3.04e-13	2.17e-06	1.00e+00
 2.65998e+14	3.45e-13	2.32e-06	1.00e+00
 2.75688e+14	3.97e-13	2.50e-06	1.00e+00
 2.84799e+14	4.50e-13	2.67e-06	1.00e+00
 2.94721e+14	5.14e-13	2.87e-06	1.00e+00
 3.05720e+14	5.92e-13	3.09e-06	1.00e+00
 3.15921e+14	6.72e-13	3.31e-06	1.00e+00
 3.26985e+14	7.67e-13	3.56e-06	1.00e+00
 3.39350e+14	8.85e-13	3.84e-06	1.00e+00
 3.50975e+14	1.01e-12	4.12e-06	1.00e+00
 3.63633e+14	1.15e-12	4.43e-06	1.00e+00
 3.77741e+14	1.34e-12	4.80e-06	1.00e+00
 3.91015e+14	1.52e-12	5.16e-06	1.00e+00
 4.05288e+14	1.75e-12	5.56e-06	1.00e+00
 4.21529e+14	2.03e-12	6.03e-06	1.00e+00
 4.37405e+14	2.33e-12	6.51e-06	1.00e+00
 4.51605e+14	2.63e-12	6.96e-06	1.00e+00
 4.66793e+14	2.98e-12	7.45e-06	1.00e+00
 4.84900e+14	3.44e-12	8.07e-06	1.00e+00
 5.02776e+14	3.94e-12	8.70e-06	1.00e+00
 5.17342e+14	4.38e-12	9.23e-06	1.00e+00
 5.29670e+14	4.78e-12	9.70e-06	1.00e+00
 5.43736e+14	5.27e-12	1.02e-05	1.00e+00
 5.62021e+14	5.97e-12	1.10e-05	1.00e+00
 5.81374e+14	6.77e-12	1.18e-05	1.00e+00
 5.98202e+14	7.51e-12	1.25e-05	1.00e+00
 6.16170e+14	8.39e-12	1.33e-05	1.00e+00
 6.38867e+14	9.59e-12	1.43e-05	1.00e+00
 6.62146e+14	1.09e-11	1.54e-05	1.00e+00
 6.82438e+14	1.22e-11	1.64e-05	1.00e+00
 7.04412e+14	1.37e-11	1.75e-05	1.00e+00
 7.31183e+14	1.58e-11	1.89e-05	1.00e+00
 7.58000e+14	1.80e-11	2.04e-05	1.00e+00
 7.81776e+14	2.01e-11	2.17e-05	1.00e+00
 8.07792e+14	2.27e-11	2.32e-05	1.00e+00
 8.38961e+14	2.62e-11	2.52e-05	1.00e+00
 8.69967e+14	2.99e-11	2.71e-05	1.00e+00
 8.98091e+14	3.37e-11	2.90e-05	1.00e+00
 9.29333e+14	3.83e-11	3.11e-05	1.00e+00
 9.65946e+14	4.42e-11	3.37e-05	1.00e+00
 1.00210e+15	5.08e-11	3.65e-05	1.00e+00
 1.03610e+15	5.76e-11	3.91e-05	1.00e+00
 1.07396e+15	6.61e-11	4.22e-05	1.00e+00
 1.11001e+15	7.50e-11	4.53e-05	1.00e+00
 1.13677e+15	8.22e-11	4.76e-05	1.00e+00
 1.16386e+15	9.01e-11	5.01e-05	1.00e+00
 1.19908e+15	1.01e-10	5.34e-05	1.00e+00
 1.23723e+15	1.15e-10	5.71e-05	1.00e+00
 1.27153e+15	1.28e-10	6.06e-05	1.00e+00
 1.30844e+15	1.43e-10	6.45e-05	1.00e+00
 1.35591e+15	1.65e-10	6.97e-05	1.00e+00
 1.40388e+15	1.90e-10	7.52e-05	1.00e+00
 1.44323e+15	2.13e-10	7.98e-05	1.00e+00
 1.48457e+15	2.39e-10	8.50e-05	1.00e+00
 1.53811e+15	2.77e-10	9.19e-05	1.00e+00
 1.59482e+15	3.22e-10	9.96e-05	1.00e+00
 1.64467e+15	3.67e-10	1.07e-04	1.00e+00
 1.69831e+15	4.20e-10	1.15e-04	1.00e+00
 1.76321e+15	4.92e-10	1.25e-04	1.00e+00
 1.82797e+15	5.75e-10	1.35e-04	1.00e+00
 1.88577e+15	6.57e-10	1.45e-04	1.00e+00
 1.94933e+15	7.59e-10	1.56e-04	1.00e+00
 2.02497e+15	8.95e-10	1.71e-04	1.00e+00
 2.09995e+15	1.05e-09	1.85e-04	1.00e+00
 2.16849e+15	1.21e-09	1.99e-04	1.00e+00
 2.24506e+15	1.41e-09	2.16e-04	1.00e+00
 2.33412e+15	1.67e-09	2.36e-04	1.00e+00
 2.42156e+15	1.97e-09	2.56e-04	1.00e+00
 2.49160e+15	2.23e-09	2.73e-04	1.00e+00
 2.54599e+15	2.45e-09	2.87e-04	1.00e+00
 2.60583e+15	2.72e-09	3.02e-04	1.00e+00
 2.68362e+15	3.10e-09	3.24e-04	1.00e+00
 2.76731e+15	3.55e-09	3.47e-04	1.00e+00
 2.84187e+15	4.00e-09	3.68e-04	1.00e+00
 2.92201e+15	4.52e-09	3.92e-04	1.00e+00
 3.02620e+15	5.28e-09	4.25e-04	1.00e+00
 3.13174e+15	6.15e-09	4.59e-04	1.00e+00
 3.21724e+15	6.93e-09	4.88e-04	1.00e+00
 3.30658e+15	7.82e-09	5.18e-04	9.99e-01
 3.42271e+15	9.11e-09	5.60e-04	9.99e-01
 3.54606e+15	1.06e-08	6.07e-04	9.99e-01
 3.65478e+15	1.22e-08	6.49e-04	9.99e-01
 3.77214e+15	1.40e-08	6.96e-04	9.99e-01
 3.91526e+15	1.64e-08	7.56e-04	9.99e-01
 4.05955e+15	1.93e-08	8.20e-04	9.99e-01
 4.18896e+15	2.21e-08	8.78e-04	9.99e-01
 4.33134e+15	2.55e-08	9.46e-04	9.99e-01
 4.50007e+15	3.01e-08	1.03e-03	9.99e-01
 4.66646e+15	3.52e-08	1.11e-03	9.99e-01
 4.81882e+15	4.03e-08	1.19e-03	9.99e-01
 4.95125e+15	4.52e-08	1.27e-03	9.99e-01
 5.06432e+15	4.98e-08	1.33e-03	9.99e-01
 5.19050e+15	5.53e-08	1.40e-03	9.99e-01
 5.35454e+15	6.29e-08	1.50e-03	9.98e-01
 5.52514e+15	7.19e-08	1.61e-03	9.98e-01
 5.66754e+15	8.00e-08	1.69e-03	9.98e-01
 5.81591e+15	8.93e-08	1.79e-03	9.98e-01
 6.00879e+15	1.03e-07	1.92e-03	9.98e-01
 6.20860e+15	1.18e-07	2.06e-03	9.98e-01
 6.37619e+15	1.32e-07	2.18e-03	9.98e-01
 6.55284e+15	1.48e-07	2.31e-03	9.98e-01
 6.78249e+15	1.71e-07	2.49e-03	9.98e-01
 7.02134e+15	1.97e-07	2.68e-03	9.97e-01
 7.22264e+15	2.21e-07	2.85e-03	9.97e-01
 7.43481e+15	2.50e-07	3.03e-03	9.97e-01
 7.70584e+15	2.90e-07	3.27e-03	9.97e-01
 7.98005e+15	3.35e-07	3.52e-03	9.96e-01
 8.21122e+15	3.76e-07	3.74e-03	9.96e-01
 8.45978e+15	4.26e-07	3.99e-03	9.96e-01
 8.73751e+15	4.86e-07	4.28e-03	9.96e-01
 8.97367e+15	5.40e-07	4.52e-03	9.95e-01
 9.16965e+15	5.89e-07	4.74e-03	9.95e-01
 9.39288e+15	6.52e-07	5.00e-03	9.95e-01
 9.63976e+15	7.25e-07	5.30e-03	9.95e-01
 9.87527e+15	7.98e-07	5.58e-03	9.94e-01
 1.01393e+16	8.93e-07	5.93e-03	9.94e-01
 1.04206e+16	9.98e-07	6.31e-03	9.94e-01
 1.06760e+16	1.10e-06	6.66e-03	9.93e-01
 1.09594e+16	1.24e-06	7.10e-03	9.93e-01
 1.12650e+16	1.38e-06	7.57e-03	9.92e-01
 1.15498e+16	1.54e-06	8.05e-03	9.92e-01
 1.18247e+16	1.70e-06	8.53e-03	9.91e-01
 1.21364e+16	1.91e-06	9.14e-03	9.91e-01
 1.24697e+16	2.14e-06	9.80e-03	9.90e-01
 1.27626e+16	2.38e-06	1.04e-02	9.90e-01
 1.30750e+16	2.67e-06	1.12e-02	9.89e-01
 1.34141e+16	3.01e-06	1.21e-02	9.88e-01
 1.37167e+16	3.35e-06	1.29e-02	9.87e-01
 1.39961e+16	3.70e-06	1.38e-02	9.86e-01
 1.42680e+16	4.09e-06	1.47e-02	9.85e-01
 1.45301e+16	4.52e-06	1.57e-02	9.84e-01
 1.48274e+16	5.11e-06	1.70e-02	9.83e-01
 1.51357e+16	5.73e-06	1.85e-02	9.82e-01
 1.53914e+16	6.34e-06	1.98e-02	9.80e-01
 1.56199e+16	6.99e-06	2.12e-02	9.79e-01
 1.58796e+16	7.86e-06	2.30e-02	9.77e-01
 1.61571e+16	8.93e-06	2.51e-02	9.75e-01
 1.63947e+16	9.93e-06	2.71e-02	9.73e-01
 1.66084e+16	1.11e-05	2.93e-02	9.71e-01
 1.68540e+16	1.27e-05	3.22e-02	9.68e-01
 1.71065e+16	1.44e-05	3.56e-02	9.64e-01
 1.73171e+16	1.63e-05	3.89e-02	9.61e-01
 1.75066e+16	1.84e-05	4.24e-02	9.58e-01
 1.76909e+16	2.04e-05	4.63e-02	9.54e-01
 1.79023e+16	2.36e-05	5.16e-02	9.48e-01
 1.81215e+16	2.76e-05	5.81e-02	9.42e-01
 1.82981e+16	3.23e-05	6.46e-02	9.35e-01
 1.84374e+16	3.59e-05	7.04e-02	9.30e-01
 1.85810e+16	4.09e-05	7.76e-02	9.22e-01
 1.87430e+16	4.70e-05	8.69e-02	9.13e-01
 1.88974e+16	5.47e-05	9.77e-02	9.02e-01
 1.90336e+16	6.41e-05	1.09e-01	8.91e-01
 1.91409e+16	7.20e-05	1.19e-01	8.80e-01
 1.92438e+16	8.05e-05	1.31e-01	8.69e-01
 1.93591e+16	9.25e-05	1.46e-01	8.54e-01
 1.94556e+16	1.06e-04	1.60e-01	8.39e-01
 1.95186e+16	1.14e-04	1.71e-01	8.29e-01
 1.95731e+16	1.23e-04	1.81e-01	8.19e-01
 1.96439e+16	1.37e-04	1.96e-01	8.04e-01
 1.97220e+16	1.53e-04	2.13e-01	7.87e-01
 1.97923e+16	1.69e-04	2.31e-01	7.69e-01
 1.98665e+16	1.89e-04	2.51e-01	7.48e-01
 1.99435e+16	2.13e-04	2.75e-01	7.25e-01
 2.00063e+16	2.36e-04	2.96e-01	7.04e-01
 2.00560e+16	2.55e-04	3.14e-01	6.86e-01
 2.01062e+16	2.77e-04	3.34e-01	6.66e-01
 2.01714e+16	3.08e-04	3.61e-01	6.39e-01
 2.02398e+16	3.44e-04	3.91e-01	6.09e-01
 2.02990e+16	3.76e-04	4.19e-01	5.81e-01
 2.03628e+16	4.19e-04	4.51e-01	5.49e-01
 2.04288e+16	4.64e-04	4.84e-01	5.16e-01
 2.04872e+16	5.05e-04	5.14e-01	4.85e-01
 2.05528e+16	5.58e-04	5.50e-01	4.50e-01
 2.06262e+16	6.18e-04	5.89e-01	4.11e-01
 2.06962e+16	6.79e-04	6.25e-01	3.74e-01
 2.07738e+16	7.50e-04	6.65e-01	3.34e-01
 2.08600e+16	8.29e-04	7.06e-01	2.93e-01
 2.09430e+16	9.07e-04	7.42e-01	2.57e-01
 2.10365e+16	9.96e-04	7.80e-01	2.19e-01
 2.11224e+16	1.07e-03	8.08e-01	1.91e-01
 2.11806e+16	1.13e-03	8.25e-01	1.73e-01
 2.12383e+16	1.18e-03	8.42e-01	1.57e-01
 2.13133e+16	1.25e-03	8.61e-01	1.37e-01
 2.13971e+16	1.33e-03	8.80e-01	1.19e-01
 2.14756e+16	1.41e-03	8.94e-01	1.04e-01
 2.15609e+16	1.49e-03	9.08e-01	9.04e-02
 2.16535e+16	1.58e-03	9.21e-01	7.77e-02
 2.17368e+16	1.66e-03	9.30e-01	6.82e-02
 2.18095e+16	1.74e-03	9.37e-01	6.10e-02
 2.18876e+16	1.82e-03	9.44e-01	5.38e-02
 2.19739e+16	1.92e-03	9.51e-01	4.74e-02
 2.20498e+16	2.02e-03	9.56e-01	4.25e-02
 2.21149e+16	2.10e-03	9.59e-01	3.88e-02
 2.21871e+16	2.20e-03	9.63e-01	3.49e-02
 2.22667e+16	2.31e-03	9.66e-01	3.13e-02
 2.23375e+16	2.42e-03	9.69e-01	2.85e-02
 2.23986e+16	2.53e-03	9.71e-01	2.63e-02
 2.24654e+16	2.65e-03	9.73e-01	2.40e-02
 2.25388e+16	2.79e-03	9.75e-01	2.19e-02
 2.26041e+16	2.93e-03	9.77e-01	2.02e-02
 2.26599e+16	3.06e-03	9.78e-01	1.89e-02
 2.27201e+16	3.21e-03	9.79e-01	1.75e-02
 2.27868e+16	3.39e-03	9.80e-01	1.61e-02
 2.28463e+16	3.57e-03	9.81e-01	1.51e-02
 2.28976e+16	3.73e-03	9.82e-01	1.42e-02
 2.29537e+16	3.93e-03	9.83e-01	1.33e-02
 2.30152e+16	4.16e-03	9.83e-01	1.24e-02
 2.30694e+16	4.40e-03	9.84e-01	1.17e-02
 2.31157e+16	4.62e-03	9.84e-01	1.11e-02
 2.31664e+16	4.87e-03	9.85e-01	1.05e-02
 2.32226e+16	5.19e-03	9.85e-01	9.84e-03
 2.32732e+16	5.51e-03	9.85e-01	9.32e-03
 2.33174e+16	5.81e-03	9.85e-01	8.90e-03
 2.33663e+16	6.18e-03	9.85e-01	8.43e-03
 2.34204e+16	6.66e-03	9.85e-01	7.96e-03
 2.34696e+16	7.14e-03	9.85e-01	7.57e-03
 2.35131e+16	7.62e-03	9.85e-01	7.24e-03
 2.35613e+16	8.22e-03	9.85e-01	6.87e-03
 2.36240e+16	9.10e-03	9.84e-01	6.43e-03
 2.36855e+16	1.02e-02	9.84e-01	6.06e-03
 2.37293e+16	1.12e-02	9.83e-01	5.81e-03
 2.37628e+16	1.20e-02	9.82e-01	5.62e-03
 2.37992e+16	1.30e-02	9.82e-01	5.41e-03
 2.38402e+16	1.44e-02	9.80e-01	5.19e-03
 2.38770e+16	1.58e-02	9.79e-01	5.01e-03
 2.39069e+16	1.72e-02	9.78e-01	4.87e-03
 2.39381e+16	1.88e-02	9.76e-01	4.72e-03
 2.39725e+16	2.10e-02	9.74e-01	4.57e-03
 2.40022e+16	2.33e-02	9.72e-01	4.44e-03
 2.40260e+16	2.54e-02	9.70e-01	4.36e-03
 2.40509e+16	2.79e-02	9.68e-01	4.25e-03
 2.40785e+16	3.12e-02	9.65e-01	4.15e-03
 2.41031e+16	3.49e-02	9.61e-01	4.08e-03
 2.41235e+16	3.84e-02	9.58e-01	4.01e-03
 2.41451e+16	4.27e-02	9.53e-01	3.95e-03
 2.41686e+16	4.83e-02	9.48e-01	3.90e-03
 2.41889e+16	5.43e-02	9.42e-01	3.85e-03
 2.42055e+16	5.98e-02	9.36e-01	3.84e-03
 2.42231e+16	6.67e-02	9.29e-01	3.81e-03
 2.42419e+16	7.52e-02	9.21e-01	3.80e-03
 2.42581e+16	8.43e-02	9.12e-01	3.80e-03
 2.42716e+16	9.27e-02	9.04e-01	3.82e-03
 2.42846e+16	1.02e-01	8.94e-01	3.83e-03
 2.42981e+16	1.13e-01	8.83e-01	3.85e-03
 2.43116e+16	1.25e-01	8.71e-01	3.89e-03
 2.43234e+16	1.38e-01	8.58e-01	3.92e-03
 2.43335e+16	1.49e-01	8.47e-01	3.97e-03
 2.43425e+16	1.61e-01	8.35e-01	4.00e-03
 2.43511e+16	1.73e-01	8.23e-01	4.04e-03
 2.43580e+16	1.83e-01	8.13e-01	4.08e-03
 2.43627e+16	1.91e-01	8.05e-01	4.10e-03
 2.43669e+16	1.98e-01	7.98e-01	4.13e-03
 2.43718e+16	2.06e-01	7.90e-01	4.15e-03
 2.43772e+16	2.16e-01	7.80e-01	4.18e-03
 2.43824e+16	2.26e-01	7.70e-01	4.20e-03
 2.43873e+16	2.35e-01	7.60e-01	4.24e-03
 2.43920e+16	2.46e-01	7.50e-01	4.26e-03
 2.43968e+16	2.56e-01	7.40e-01	4.29e-03
 2.44016e+16	2.67e-01	7.29e-01	4.32e-03
 2.44065e+16	2.78e-01	7.17e-01	4.34e-03
 2.44111e+16	2.90e-01	7.06e-01	4.37e-03
 2.44157e+16	3.01e-01	6.94e-01	4.40e-03
 2.44204e+16	3.14e-01	6.82e-01	4.42e-03
 2.44250e+16	3.26e-01	6.69e-01	4.45e-03
 2.44295e+16	3.39e-01	6.56e-01	4.46e-03
 2.44340e+16	3.52e-01	6.43e-01	4.49e-03
 2.44385e+16	3.66e-01	6.30e-01	4.51e-03
 2.44430e+16	3.80e-01	6.15e-01	4.52e-03
 2.44474e+16	3.94e-01	6.01e-01	4.53e-03
 2.44518e+16	4.08e-01	5.87e-01	4.55e-03
 2.44562e+16	4.23e-01	5.72e-01	4.55e-03
 2.44606e+16	4.38e-01	5.57e-01	4.56e-03
 2.44649e+16	4.54e-01	5.42e-01	4.55e-03
 2.44693e+16	4.69e-01	5.27e-01	4.56e-03
 2.44735e+16	4.84e-01	5.11e-01	4.55e-03
 2.44778e+16	5.00e-01	4.96e-01	4.54e-03
 2.44821e+16	5.16e-01	4.80e-01	4.52e-03
 2.44863e+16	5.31e-01	4.64e-01	4.50e-03
 2.44905e+16	5.47e-01	4.49e-01	4.48e-03
 2.44946e+16	5.62e-01	4.33e-01	4.45e-03
 2.44987e+16	5.78e-01	4.18e-01	4.41e-03
 2.45027e+16	5.93e-01	4.03e-01	4.37e-03
 2.45068e+16	6.08e-01	3.88e-01	4.33e-03
 2.45108e+16	6.23e-01	3.73e-01	4.27e-03
 2.45148e+16	6.37e-01	3.58e-01	4.23e-03
 2.45188e+16	6.52e-01	3.44e-01	4.17e-03
 2.45227e+16	6.66e-01	3.30e-01	4.10e-03
 2.45267e+16	6.80e-01	3.16e-01	4.03e-03
 2.45308e+16	6.94e-01	3.02e-01	3.95e-03
 2.45349e+16	7.07e-01	2.89e-01	3.87e-03
 2.45390e+16	7.21e-01	2.76e-01	3.78e-03
 2.45432e+16	7.34e-01	2.63e-01	3.69e-03
 2.45474e+16	7.46e-01	2.50e-01	3.60e-03
 2.45517e+16	7.59e-01	2.38e-01	3.50e-03
 2.45561e+16	7.70e-01	2.26e-01	3.40e-03
 2.45606e+16	7.82e-01	2.14e-01	3.29e-03
 2.45654e+16	7.94e-01	2.03e-01	3.18e-03
 2.45703e+16	8.05e-01	1.92e-01	3.07e-03
 2.45754e+16	8.15e-01	1.82e-01	2.95e-03
 2.45807e+16	8.26e-01	1.71e-01	2.83e-03
 2.45865e+16	8.36e-01	1.61e-01	2.71e-03
 2.45927e+16	8.46e-01	1.52e-01	2.59e-03
 2.45993e+16	8.55e-01	1.43e-01	2.47e-03
 2.46052e+16	8.61e-01	1.36e-01	2.37e-03
 2.46097e+16	8.66e-01	1.31e-01	2.30e-03
 2.46140e+16	8.71e-01	1.27e-01	2.23e-03
 2.46191e+16	8.75e-01	1.23e-01	2.16e-03
 2.46248e+16	8.80e-01	1.18e-01	2.09e-03
 2.46308e+16	8.84e-01	1.14e-01	2.03e-03
 2.46369e+16	8.87e-01	1.11e-01	1.97e-03
 2.46435e+16	8.90e-01	1.08e-01	1.92e-03
 2.46509e+16	8.93e-01	1.05e-01	1.86e-03
 2.46595e+16	8.97e-01	1.02e-01	1.80e-03
 2.46689e+16	8.99e-01	9.92e-02	1.76e-03
 2.46792e+16	9.01e-01	9.69e-02	1.71e-03
 2.46910e+16	9.04e-01	9.47e-02	1.66e-03
 2.47049e+16	9.06e-01	9.28e-02	1.61e-03
 2.47209e+16	9.07e-01	9.10e-02	1.57e-03
 2.47390e+16	9.09e-01	8.94e-02	1.52e-03
 2.47592e+16	9.11e-01	8.78e-02	1.47e-03
 2.47813e+16	9.12e-01	8.64e-02	1.42e-03
 2.48047e+16	9.14e-01	8.50e-02	1.38e-03
 2.48290e+16	9.15e-01	8.36e-02	1.33e-03
 2.48531e+16	9.16e-01	8.23e-02	1.29e-03
 2.48772e+16	9.18e-01	8.10e-02	1.24e-03
 2.49018e+16	9.19e-01	7.97e-02	1.20e-03
 2.49270e+16	9.20e-01	7.84e-02	1.16e-03
 2.49524e+16	9.22e-01	7.72e-02	1.12e-03
 2.49780e+16	9.23e-01	7.59e-02	1.09e-03
 2.50041e+16	9.24e-01	7.47e-02	1.05e-03
 2.50307e+16	9.26e-01	7.34e-02	1.01e-03
 2.50584e+16	9.27e-01	7.22e-02	9.74e-04
 2.50876e+16	9.28e-01	7.09e-02	9.36e-04
 2.51189e+16	9.30e-01	6.95e-02	8.97e-04
 2.51524e+16	9.31e-01	6.80e-02	8.58e-04
 2.51889e+16	9.33e-01	6.65e-02	8.16e-04
 2.52299e+16	9.34e-01	6.48e-02	7.73e-04
 2.52759e+16	9.36e-01	6.29e-02	7.26e-04
 2.53237e+16	9.38e-01	6.11e-02	6.82e-04
 2.53686e+16	9.40e-01	5.94e-02	6.43e-04
 2.54113e+16	9.42e-01	5.79e-02	6.08e-04
 2.54518e+16	9.43e-01	5.65e-02	5.77e-04
 2.54886e+16	9.44e-01	5.52e-02	5.50e-04
 2.55222e+16	9.45e-01	5.41e-02	5.27e-04
 2.55527e+16	9.46e-01	5.31e-02	5.06e-04
 2.55805e+16	9.47e-01	5.22e-02	4.88e-04
 2.56058e+16	9.48e-01	5.14e-02	4.72e-04
 2.56288e+16	9.49e-01	5.07e-02	4.58e-04
 2.56540e+16	9.50e-01	4.99e-02	4.43e-04
 2.56867e+16	9.51e-01	4.88e-02	4.23e-04
 2.57221e+16	9.52e-01	4.77e-02	4.04e-04
 2.57543e+16	9.53e-01	4.68e-02	3.87e-04
 2.57836e+16	9.54e-01	4.59e-02	3.72e-04
 2.58102e+16	9.54e-01	4.51e-02	3.59e-04
 2.58345e+16	9.55e-01	4.44e-02	3.47e-04
 2.58566e+16	9.56e-01	4.38e-02	3.37e-04
 2.58767e+16	9.56e-01	4.33e-02	3.28e-04
 2.58987e+16	9.57e-01	4.26e-02	3.17e-04
 2.59224e+16	9.58e-01	4.19e-02	3.07e-04
 2.59441e+16	9.58e-01	4.13e-02	2.98e-04
 2.59637e+16	9.59e-01	4.08e-02	2.90e-04
 2.59853e+16	9.60e-01	4.02e-02	2.81e-04
 2.60086e+16	9.60e-01	3.96e-02	2.72e-04
 2.60298e+16	9.61e-01	3.90e-02	2.64e-04
 2.60491e+16	9.61e-01	3.85e-02	2.57e-04
 2.60666e+16	9.62e-01	3.80e-02	2.51e-04
 2.60858e+16	9.62e-01	3.75e-02	2.43e-04
 2.61066e+16	9.63e-01	3.70e-02	2.36e-04
 2.61255e+16	9.63e-01	3.65e-02	2.30e-04
 2.61427e+16	9.64e-01	3.61e-02	2.24e-04
 2.61615e+16	9.64e-01	3.56e-02	2.18e-04
 2.61818e+16	9.65e-01	3.50e-02	2.12e-04
 2.62003e+16	9.65e-01	3.46e-02	2.06e-04
 2.62172e+16	9.66e-01	3.42e-02	2.01e-04
 2.62356e+16	9.66e-01	3.37e-02	1.95e-04
 2.62555e+16	9.67e-01	3.32e-02	1.90e-04
 2.62736e+16	9.67e-01	3.28e-02	1.85e-04
 2.62901e+16	9.67e-01	3.24e-02	1.80e-04
 2.63082e+16	9.68e-01	3.20e-02	1.75e-04
 2.63277e+16	9.68e-01	3.16e-02	1.71e-04
 2.63455e+16	9.69e-01	3.12e-02	1.66e-04
 2.63616e+16	9.69e-01	3.08e-02	1.62e-04
 2.63793e+16	9.69e-01	3.04e-02	1.58e-04
 2.63985e+16	9.70e-01	3.00e-02	1.54e-04
 2.64159e+16	9.70e-01	2.96e-02	1.50e-04
 2.64349e+16	9.71e-01	2.92e-02	1.46e-04
 2.64555e+16	9.71e-01	2.88e-02	1.42e-04
 2.64742e+16	9.71e-01	2.84e-02	1.38e-04
 2.64913e+16	9.72e-01	2.81e-02	1.35e-04
 2.65099e+16	9.72e-01	2.77e-02	1.31e-04
 2.65301e+16	9.73e-01	2.73e-02	1.27e-04
 2.65484e+16	9.73e-01	2.70e-02	1.24e-04
 2.65685e+16	9.73e-01	2.66e-02	1.20e-04
 2.65902e+16	9.74e-01	2.62e-02	1.17e-04
 2.66100e+16	9.74e-01	2.59e-02	1.14e-04
 2.66316e+16	9.74e-01	2.55e-02	1.10e-04
 2.66550e+16	9.75e-01	2.51e-02	1.07e-04
 2.66762e+16	9.75e-01	2.47e-02	1.04e-04
 2.66956e+16	9.75e-01	2.44e-02	1.02e-04
 2.67168e+16	9.76e-01	2.40e-02	9.85e-05
 2.67397e+16	9.76e-01	2.37e-02	9.56e-05
 2.67605e+16	9.77e-01	2.34e-02	9.31e-05
 2.67833e+16	9.77e-01	2.30e-02	9.02e-05
 2.68080e+16	9.77e-01	2.26e-02	8.74e-05
 2.68304e+16	9.78e-01	2.23e-02	8.49e-05
 2.68550e+16	9.78e-01	2.20e-02	8.21e-05
 2.68815e+16	9.78e-01	2.16e-02	7.94e-05
 2.69056e+16	9.79e-01	2.13e-02	7.70e-05
 2.69276e+16	9.79e-01	2.10e-02	7.50e-05
 2.69516e+16	9.79e-01	2.06e-02	7.26e-05
 2.69776e+16	9.80e-01	2.03e-02	7.03e-05
 2.70013e+16	9.80e-01	2.00e-02	6.83e-05
 2.70272e+16	9.80e-01	1.97e-02	6.60e-05
 2.70552e+16	9.81e-01	1.93e-02	6.38e-05
 2.70806e+16	9.81e-01	1.90e-02	6.19e-05
 2.71085e+16	9.81e-01	1.87e-02	5.98e-05
 2.71386e+16	9.82e-01	1.84e-02	5.77e-05
 2.71660e+16	9.82e-01	1.81e-02	5.58e-05
 2.71910e+16	9.82e-01	1.78e-02	5.42e-05
 2.72183e+16	9.82e-01	1.75e-02	5.24e-05
 2.72478e+16	9.83e-01	1.72e-02	5.07e-05
 2.72746e+16	9.83e-01	1.70e-02	4.91e-05
 2.73040e+16	9.83e-01	1.66e-02	4.74e-05
 2.73358e+16	9.84e-01	1.63e-02	4.57e-05
 2.73647e+16	9.84e-01	1.61e-02	4.43e-05
 2.73964e+16	9.84e-01	1.58e-02	4.26e-05
 2.74306e+16	9.84e-01	1.55e-02	4.10e-05
 2.74617e+16	9.85e-01	1.52e-02	3.97e-05
 2.74900e+16	9.85e-01	1.50e-02	3.85e-05
 2.75210e+16	9.85e-01	1.47e-02	3.71e-05
 2.75545e+16	9.86e-01	1.44e-02	3.58e-05
 2.75850e+16	9.86e-01	1.42e-02	3.47e-05
 2.76184e+16	9.86e-01	1.39e-02	3.34e-05
 2.76544e+16	9.86e-01	1.37e-02	3.21e-05
 2.76872e+16	9.87e-01	1.34e-02	3.11e-05
 2.77232e+16	9.87e-01	1.32e-02	2.98e-05
 2.77620e+16	9.87e-01	1.29e-02	2.87e-05
 2.77973e+16	9.87e-01	1.27e-02	2.77e-05
 2.78360e+16	9.88e-01	1.24e-02	2.65e-05
 2.78778e+16	9.88e-01	1.22e-02	2.54e-05
 2.79158e+16	9.88e-01	1.19e-02	2.45e-05
 2.79575e+16	9.88e-01	1.17e-02	2.35e-05
 2.80025e+16	9.89e-01	1.14e-02	2.24e-05
 2.80434e+16	9.89e-01	1.12e-02	2.16e-05
 2.80883e+16	9.89e-01	1.09e-02	2.06e-05
 2.81367e+16	9.89e-01	1.07e-02	1.97e-05
 2.81808e+16	9.90e-01	1.04e-02	1.89e-05
 2.82291e+16	9.90e-01	1.02e-02	1.80e-05
 2.82812e+16	9.90e-01	9.95e-03	1.71e-05
 2.83286e+16	9.90e-01	9.73e-03	1.64e-05
 2.83806e+16	9.90e-01	9.49e-03	1.56e-05
 2.84367e+16	9.91e-01	9.25e-03	1.48e-05
 2.84878e+16	9.91e-01	9.04e-03	1.42e-05
 2.85438e+16	9.91e-01	8.80e-03	1.35e-05
 2.86042e+16	9.91e-01	8.56e-03	1.28e-05
 2.86592e+16	9.92e-01	8.36e-03	1.22e-05
 2.87194e+16	9.92e-01	8.13e-03	1.15e-05
 2.87845e+16	9.92e-01	7.90e-03	1.09e-05
 2.88436e+16	9.92e-01	7.71e-03	1.04e-05
 2.89085e+16	9.93e-01	7.49e-03	9.79e-06
 2.89785e+16	9.93e-01	7.27e-03	9.24e-06
 2.90422e+16	9.93e-01	7.08e-03	8.77e-06
 2.91120e+16	9.93e-01	6.87e-03	8.26e-06
 2.91874e+16	9.93e-01	6.66e-03	7.77e-06
 2.92560e+16	9.94e-01	6.48e-03	7.36e-06
 2.93312e+16	9.94e-01	6.28e-03	6.91e-06
 2.94254e+16	9.94e-01	6.03e-03	6.39e-06
 2.95299e+16	9.94e-01	5.79e-03	5.89e-06
 2.96371e+16	9.94e-01	5.55e-03	5.42e-06
 2.97484e+16	9.95e-01	5.31e-03	4.98e-06
 2.98642e+16	9.95e-01	5.08e-03	4.56e-06
 2.99842e+16	9.95e-01	4.86e-03	4.17e-06
 3.01087e+16	9.95e-01	4.64e-03	3.80e-06
 3.02376e+16	9.96e-01	4.42e-03	3.46e-06
 3.03698e+16	9.96e-01	4.21e-03	3.15e-06
 3.05041e+16	9.96e-01	4.01e-03	2.86e-06
 3.06404e+16	9.96e-01	3.83e-03	2.60e-06
 3.07795e+16	9.96e-01	3.64e-03	2.36e-06
 3.09213e+16	9.97e-01	3.47e-03	2.14e-06
 3.10657e+16	9.97e-01	3.30e-03	1.94e-06
 3.12126e+16	9.97e-01	3.14e-03	1.76e-06
 3.13622e+16	9.97e-01	2.99e-03	1.60e-06
 3.15145e+16	9.97e-01	2.84e-03	1.44e-06
 3.16696e+16	9.97e-01	2.70e-03	1.31e-06
 3.18249e+16	9.97e-01	2.57e-03	1.18e-06
 3.19826e+16	9.98e-01	2.44e-03	1.07e-06
 3.21464e+16	9.98e-01	2.32e-03	9.64e-07
 3.23141e+16	9.98e-01	2.20e-03	8.68e-07
 3.24841e+16	9.98e-01	2.08e-03	7.81e-07
 3.26569e+16	9.98e-01	1.97e-03	7.03e-07
 3.28331e+16	9.98e-01	1.87e-03	6.31e-07
 3.30128e+16	9.98e-01	1.77e-03	5.66e-07
 3.31959e+16	9.98e-01	1.67e-03	5.07e-07
 3.33827e+16	9.98e-01	1.58e-03	4.54e-07
 3.35731e+16	9.99e-01	1.50e-03	4.05e-07
 3.37675e+16	9.99e-01	1.41e-03	3.62e-07
 3.39660e+16	9.99e-01	1.33e-03	3.22e-07
 3.41686e+16	9.99e-01	1.26e-03	2.86e-07
 3.43754e+16	9.99e-01	1.18e-03	2.54e-07
 3.45869e+16	9.99e-01	1.11e-03	2.25e-07
 3.48030e+16	9.99e-01	1.05e-03	1.99e-07
 3.50242e+16	9.99e-01	9.82e-04	1.76e-07
 3.52505e+16	9.99e-01	9.21e-04	1.55e-07
 3.54824e+16	9.99e-01	8.63e-04	1.36e-07
 3.57200e+16	9.99e-01	8.08e-04	1.19e-07
 3.59639e+16	9.99e-01	7.54e-04	1.04e-07
 3.62141e+16	9.99e-01	7.04e-04	9.08e-08
 3.64712e+16	9.99e-01	6.56e-04	7.89e-08
 3.67319e+16	9.99e-01	6.12e-04	6.86e-08
 3.69996e+16	9.99e-01	5.69e-04	5.93e-08
 3.72793e+16	9.99e-01	5.27e-04	5.11e-08
 3.75695e+16	1.00e+00	4.88e-04	4.37e-08
 3.78709e+16	1.00e+00	4.50e-04	3.72e-08
 3.81833e+16	1.00e+00	4.14e-04	3.15e-08
 3.85077e+16	1.00e+00	3.80e-04	2.65e-08
 3.88456e+16	1.00e+00	3.47e-04	2.22e-08
 3.91987e+16	1.00e+00	3.16e-04	1.84e-08
 3.95687e+16	1.00e+00	2.87e-04	1.51e-08
 3.99587e+16	1.00e+00	2.59e-04	1.24e-08
 4.03709e+16	1.00e+00	2.33e-04	9.96e-09
 4.08068e+16	1.00e+00	2.08e-04	7.94e-09
 4.12741e+16	1.00e+00	1.84e-04	6.23e-09
 4.17772e+16	1.00e+00	1.62e-04	4.80e-09
 4.23179e+16	1.00e+00	1.41e-04	3.64e-09
 4.29061e+16	1.00e+00	1.21e-04	2.69e-09
 4.35550e+16	1.00e+00	1.03e-04	1.93e-09
 4.42810e+16	1.00e+00	8.52e-05	1.33e-09
 4.51288e+16	1.00e+00	6.87e-05	8.65e-10
 4.61054e+16	1.00e+00	5.39e-05	5.33e-10
 4.71360e+16	1.00e+00	4.19e-05	3.23e-10
 4.81533e+16	1.00e+00	3.28e-05	1.98e-10
 4.91517e+16	1.00e+00	2.58e-05	1.23e-10
 5.01581e+16	1.00e+00	2.03e-05	7.68e-11
 5.11850e+16	1.00e+00	1.60e-05	4.77e-11
 5.22336e+16	1.00e+00	1.26e-05	2.96e-11
 5.33010e+16	1.00e+00	9.88e-06	1.83e-11
 5.43862e+16	1.00e+00	7.76e-06	1.13e-11
 5.54957e+16	1.00e+00	6.09e-06	7.00e-12
 5.66320e+16	1.00e+00	4.77e-06	4.32e-12
 5.77986e+16	1.00e+00	3.74e-06	2.66e-12
 5.90031e+16	1.00e+00	2.92e-06	1.63e-12
 6.02505e+16	1.00e+00	2.27e-06	9.89e-13
 6.15406e+16	1.00e+00	1.76e-06	5.97e-13
 6.28736e+16	1.00e+00	1.36e-06	3.57e-13
 6.42517e+16	1.00e+00	1.05e-06	2.13e-13
 6.56858e+16	1.00e+00	8.04e-07	1.26e-13
 6.71903e+16	1.00e+00	6.13e-07	7.33e-14
 6.87745e+16	1.00e+00	4.64e-07	4.20e-14
 7.04489e+16	1.00e+00	3.48e-07	2.37e-14
 7.22289e+16	1.00e+00	2.58e-07	1.31e-14
 7.41357e+16	1.00e+00	1.89e-07	7.04e-15
 7.61971e+16	1.00e+00	1.36e-07	3.66e-15
 7.84493e+16	1.00e+00	9.64e-08	1.84e-15
 8.08822e+16	1.00e+00	6.71e-08	8.90e-16
 8.34254e+16	1.00e+00	4.65e-08	4.29e-16
 8.60139e+16	1.00e+00	3.24e-08	2.09e-16
 8.86493e+16	1.00e+00	2.27e-08	1.03e-16
 9.13502e+16	1.00e+00	1.59e-08	5.05e-17
 9.41155e+16	1.00e+00	1.12e-08	2.50e-17
 9.69359e+16	1.00e+00	7.89e-09	1.24e-17
 9.97779e+16	1.00e+00	5.60e-09	6.27e-18
 1.02620e+17	1.00e+00	4.01e-09	3.22e-18
 1.05462e+17	1.00e+00	2.90e-09	1.68e-18
 1.08304e+17	1.00e+00	2.11e-09	8.93e-19
 1.11226e+17	1.00e+00	1.53e-09	4.71e-19
 1.14257e+17	1.00e+00	1.11e-09	2.47e-19
 1.17302e+17	1.00e+00	8.08e-10	1.31e-19
 1.20307e+17	1.00e+00	5.96e-10	7.15e-20
 1.23266e+17	1.00e+00	4.45e-10	3.98e-20
 1.26181e+17	1.00e+00	3.35e-10	2.26e-20
 1.29047e+17	1.00e+00	2.55e-10	1.31e-20
 1.31846e+17	1.00e+00	1.97e-10	7.82e-21
 1.34560e+17	1.00e+00	1.54e-10	0.00e+00
 1.37185e+17	1.00e+00	1.22e-10	0.00e+00
 1.39715e+17	1.00e+00	9.76e-11	0.00e+00
 1.42145e+17	1.00e+00	7.93e-11	0.00e+00
 1.44476e+17	1.00e+00	6.52e-11	0.00e+00
 1.46704e+17	1.00e+00	5.43e-11	0.00e+00
 1.48828e+17	1.00e+00	4.57e-11	0.00e+00
 1.50850e+17	1.00e+00	3.90e-11	0.00e+00
 1.52772e+17	1.00e+00	3.36e-11	0.00e+00
 1.54598e+17	1.00e+00	2.93e-11	0.00e+00
 1.56331e+17	1.00e+00	2.57e-11	0.00e+00
 1.57974e+17	1.00e+00	2.28e-11	0.00e+00
 1.59532e+17	1.00e+00	2.04e-11	0.00e+00
 1.61007e+17	1.00e+00	1.84e-11	0.00e+00
 1.62406e+17	1.00e+00	1.68e-11	0.00e+00
 1.63730e+17	1.00e+00	1.53e-11	0.00e+00
 1.64986e+17	1.00e+00	1.41e-11	0.00e+00
 1.66176e+17	1.00e+00	1.31e-11	0.00e+00
 1.67304e+17	1.00e+00	1.22e-11	0.00e+00
 1.68373e+17	1.00e+00	1.14e-11	0.00e+00
 1.69385e+17	1.00e+00	1.08e-11	0.00e+00
 1.70346e+17	1.00e+00	1.02e-11	0.00e+00
 1.71257e+17	1.00e+00	9.65e-12	0.00e+00
 1.72122e+17	1.00e+00	9.19e-12	0.00e+00
 1.72943e+17	1.00e+00	8.79e-12	0.00e+00
 1.73723e+17	1.00e+00	8.42e-12	0.00e+00
 1.74464e+17	1.00e+00	8.10e-12	0.00e+00
 1.75168e+17	1.00e+00	7.81e-12	0.00e+00
 1.75837e+17	1.00e+00	7.55e-12	0.00e+00
 1.76474e+17	1.00e+00	7.32e-12	0.00e+00
 1.77080e+17	1.00e+00	7.10e-12	0.00e+00
 1.77657e+17	1.00e+00	6.91e-12	0.00e+00
 1.78207e+17	1.00e+00	6.74e-12	0.00e+00
 1.78731e+17	1.00e+00	6.57e-12	0.00e+00
 1.79232e+17	1.00e+00	6.43e-12	0.00e+00
 1.79709e+17	1.00e+00	6.29e-12	0.00e+00
 1.80166e+17	1.00e+00	6.16e-12	0.00e+00
 1.80603e+17	1.00e+00	6.05e-12	0.00e+00
 1.81021e+17	1.00e+00	5.95e-12	0.00e+00
 1.81422e+17	1.00e+00	5.85e-12	0.00e+00
 1.81806e+17	1.00e+00	5.75e-12	0.00e+00
 1.82176e+17	1.00e+00	5.66e-12	0.00e+00
 1.82531e+17	1.00e+00	5.58e-12	0.00e+00
 1.82874e+17	1.00e+00	5.51e-12	0.00e+00
 1.83205e+17	1.00e+00	5.44e-12	0.00e+00
 1.83525e+17	1.00e+00	5.37e-12	0.00e+00
 1.83835e+17	1.00e+00	5.30e-12	0.00e+00
 1.84136e+17	1.00e+00	5.24e-12	0.00e+00
 1.84430e+17	1.00e+00	5.18e-12	0.00e+00
 1.84717e+17	1.00e+00	5.13e-12	0.00e+00
 1.84999e+17	1.00e+00	5.07e-12	0.00e+00
 1.85275e+17	1.00e+00	5.02e-12	0.00e+00
 1.85549e+17	1.00e+00	4.97e-12	0.00e+00
 1.85820e+17	1.00e+00	4.92e-12	0.00e+00
 1.86091e+17	1.00e+00	4.88e-12	0.00e+00
 1.86363e+17	1.00e+00	4.83e-12	0.00e+00
 1.86638e+17	1.00e+00	4.78e-12	0.00e+00
 1.86918e+17	1.00e+00	4.73e-12	0.00e+00
 1.87206e+17	1.00e+00	4.69e-12	0.00e+00
 1.87504e+17	1.00e+00	4.64e-12	0.00e+00
 1.87817e+17	1.00e+00	4.59e-12	0.00e+00
 1.88150e+17	1.00e+00	4.54e-12	0.00e+00
 1.88509e+17	1.00e+00	4.48e-12	0.00e+00
 1.88903e+17	1.00e+00	4.42e-12	0.00e+00
 1.89345e+17	1.00e+00	4.36e-12	0.00e+00
 1.89852e+17	1.00e+00	4.28e-12	0.00e+00
 1.90449e+17	1.00e+00	4.20e-12	0.00e+00
 1.91175e+17	1.00e+00	4.09e-12	0.00e+00
 1.92090e+17	1.00e+00	3.97e-12	0.00e+00
 1.93271e+17	1.00e+00	3.81e-12	0.00e+00
 1.94807e+17	1.00e+00	3.61e-12	0.00e+00
 1.96805e+17	1.00e+00	3.37e-12	0.00e+00
 1.99401e+17	1.00e+00	3.08e-12	0.00e+00
 2.02776e+17	1.00e+00	2.74e-12	0.00e+00
 2.07163e+17	1.00e+00	2.36e-12	0.00e+00
 2.12716e+17	1.00e+00	1.96e-12	0.00e+00
 2.18951e+17	1.00e+00	1.60e-12	0.00e+00
 2.25337e+17	1.00e+00	1.41e-12	0.00e+00
 2.31877e+17	1.00e+00	1.30e-12	0.00e+00
 2.39507e+17	1.00e+00	1.21e-12	0.00e+00
 2.48695e+17	1.00e+00	9.58e-13	0.00e+00
 2.58643e+17	1.00e+00	7.85e-13	0.00e+00
 2.68989e+17	1.00e+00	7.00e-13	0.00e+00
 2.79748e+17	1.00e+00	6.33e-13	0.00e+00
 2.90938e+17	1.00e+00	5.71e-13	0.00e+00
 3.02576e+17	1.00e+00	5.12e-13	0.00e+00
 3.14679e+17	1.00e+00	4.56e-13	0.00e+00
 3.27266e+17	1.00e+00	4.02e-13	0.00e+00
 3.40357e+17	1.00e+00	3.51e-13	0.00e+00
 3.53971e+17	1.00e+00	3.03e-13	0.00e+00
 3.67696e+17	1.00e+00	2.58e-13	0.00e+00
 3.80520e+17	1.00e+00	2.40e-13	0.00e+00
 3.91847e+17	1.00e+00	2.57e-13	0.00e+00
 4.01924e+17	1.00e+00	2.77e-13	0.00e+00
 4.11389e+17	1.00e+00	2.82e-13	0.00e+00
 4.20606e+17	1.00e+00	2.64e-13	0.00e+00
 4.29351e+17	1.00e+00	2.42e-13	0.00e+00
 4.37177e+17	1.00e+00	2.29e-13	0.00e+00
 4.43383e+17	1.00e+00	2.25e-13	0.00e+00
 4.47425e+17	1.00e+00	2.39e-13	0.00e+00
 4.49691e+17	1.00e+00	2.57e-13	0.00e+00
 4.50983e+17	1.00e+00	2.69e-13	0.00e+00
 4.51758e+17	1.00e+00	2.75e-13	0.00e+00
 4.52252e+17	1.00e+00	2.79e-13	0.00e+00
 4.52640e+17	1.00e+00	2.81e-13	0.00e+00
 4.53046e+17	1.00e+00	2.83e-13	0.00e+00
 4.53528e+17	1.00e+00	2.85e-13	0.00e+00
 4.53989e+17	1.00e+00	2.86e-13	0.00e+00
 4.54376e+17	1.00e+00	2.87e-13	0.00e+00
 4.54727e+17	1.00e+00	2.87e-13	0.00e+00
 4.55059e+17	1.00e+00	2.87e-13	0.00e+00
 4.55390e+17	1.00e+00	2.87e-13	0.00e+00
 4.55710e+17	1.00e+00	2.87e-13	0.00e+00
 4.55992e+17	1.00e+00	2.87e-13	0.00e+00
 4.56233e+17	1.00e+00	2.86e-13	0.00e+00
 4.56468e+17	1.00e+00	2.86e-13	0.00e+00
 4.56717e+17	1.00e+00	2.86e-13	0.00e+00
 4.56965e+17	1.00e+00	2.85e-13	0.00e+00
 4.57192e+17	1.00e+00	2.84e-13	0.00e+00
 4.57396e+17	1.00e+00	2.84e-13	0.00e+00
 4.57585e+17	1.00e+00	2.83e-13	0.00e+00
 4.57769e+17	1.00e+00	2.83e-13	0.00e+00
 4.57966e+17	1.00e+00	2.82e-13	0.00e+00
 4.58165e+17	1.00e+00	2.81e-13	0.00e+00
 4.58341e+17	1.00e+00	2.80e-13	0.00e+00
 4.58498e+17	1.00e+00	2.80e-13	0.00e+00
 4.58654e+17	1.00e+00	2.79e-13	0.00e+00
 4.58814e+17	1.00e+00	2.78e-13	0.00e+00
 4.58978e+17	1.00e+00	2.77e-13	0.00e+00
 4.59143e+17	1.00e+00	2.77e-13	0.00e+00
 4.59297e+17	1.00e+00	2.76e-13	0.00e+00
 4.59441e+17	1.00e+00	2.75e-13	0.00e+00
 4.59586e+17	1.00e+00	2.74e-13	0.00e+00
 4.59736e+17	1.00e+00	2.73e-13	0.00e+00
 4.59889e+17	1.00e+00	2.72e-13	0.00e+00
 4.60038e+17	1.00e+00	2.71e-13	0.00e+00
 4.60181e+17	1.00e+00	2.70e-13	0.00e+00
 4.60324e+17	1.00e+00	2.69e-13	0.00e+00
 4.60470e+17	1.00e+00	2.68e-13	0.00e+00
 4.60627e+17	1.00e+00	2.67e-13	0.00e+00
 4.60788e+17	1.00e+00	2.66e-13	0.00e+00
 4.60938e+17	1.00e+00	2.65e-13	0.00e+00
 4.61082e+17	1.00e+00	2.64e-13	0.00e+00
 4.61238e+17	1.00e+00	2.63e-13	0.00e+00
 4.61404e+17	1.00e+00	2.61e-13	0.00e+00
 4.61577e+17	1.00e+00	2.60e-13	0.00e+00
 4.61753e+17	1.00e+00	2.59e-13	0.00e+00
 4.61929e+17	1.00e+00	2.57e-13	0.00e+00
 4.62102e+17	1.00e+00	2.56e-13	0.00e+00
 4.62267e+17	1.00e+00	2.54e-13	0.00e+00
 4.62443e+17	1.00e+00	2.53e-13	0.00e+00
 4.62648e+17	1.00e+00	2.51e-13	0.00e+00
 4.62858e+17	1.00e+00	2.49e-13	0.00e+00
 4.63043e+17	1.00e+00	2.47e-13	0.00e+00
 4.63224e+17	1.00e+00	2.46e-13	0.00e+00
 4.63438e+17	1.00e+00	2.44e-13	0.00e+00
 4.63677e+17	1.00e+00	2.42e-13	0.00e+00
 4.63906e+17	1.00e+00	2.39e-13	0.00e+00
 4.64111e+17	1.00e+00	2.37e-13	0.00e+00
 4.64327e+17	1.00e+00	2.35e-13	0.00e+00
 4.64573e+17	1.00e+00	2.33e-13	0.00e+00
 4.64833e+17	1.00e+00	2.31e-13	0.00e+00
 4.65094e+17	1.00e+00	2.28e-13	0.00e+00
 4.65355e+17	1.00e+00	2.25e-13	0.00e+00
 4.65614e+17	1.00e+00	2.23e-13	0.00e+00
 4.65880e+17	1.00e+00	2.20e-13	0.00e+00
 4.66159e+17	1.00e+00	2.17e-13	0.00e+00
 4.66453e+17	1.00e+00	2.14e-13	0.00e+00
 4.66757e+17	1.00e+00	2.11e-13	0.00e+00
 4.67051e+17	1.00e+00	2.08e-13	0.00e+00
 4.67363e+17	1.00e+00	2.05e-13	0.00e+00
 4.67713e+17	1.00e+00	2.02e-13	0.00e+00
 4.68062e+17	1.00e+00	1.98e-13	0.00e+00
 4.68387e+17	1.00e+00	1.95e-13	0.00e+00
 4.68724e+17	1.00e+00	1.91e-13	0.00e+00
 4.69108e+17	1.00e+00	1.88e-13	0.00e+00
 4.69501e+17	1.00e+00	1.83e-13	0.00e+00
 4.69869e+17	1.00e+00	1.80e-13	0.00e+00
 4.70241e+17	1.00e+00	1.76e-13	0.00e+00
 4.70651e+17	1.00e+00	1.72e-13	0.00e+00
 4.71084e+17	1.00e+00	1.68e-13	0.00e+00
 4.71510e+17	1.00e+00	1.63e-13	0.00e+00
 4.71929e+17	1.00e+00	1.59e-13	0.00e+00
 4.72358e+17	1.00e+00	1.55e-13	0.00e+00
 4.72807e+17	1.00e+00	1.51e-13	0.00e+00
 4.73278e+17	1.00e+00	1.46e-13	0.00e+00
 4.73765e+17	1.00e+00	1.42e-13	0.00e+00
 4.74254e+17	1.00e+00	1.37e-13	0.00e+00
 4.74740e+17	1.00e+00	1.33e-13	0.00e+00
 4.75236e+17	1.00e+00	1.28e-13	0.00e+00
 4.75757e+17	1.00e+00	1.24e-13	0.00e+00
 4.76299e+17	1.00e+00	1.19e-13	0.00e+00
 4.76849e+17	1.00e+00	1.14e-13	0.00e+00
 4.77397e+17	1.00e+00	1.09e-13	0.00e+00
 4.77943e+17	1.00e+00	1.05e-13	0.00e+00
 4.78510e+17	1.00e+00	1.00e-13	0.00e+00
 4.79106e+17	1.00e+00	9.57e-14	0.00e+00
 4.79713e+17	1.00e+00	9.11e-14	0.00e+00
 4.80318e+17	1.00e+00	8.66e-14	0.00e+00
 4.80946e+17	1.00e+00	8.22e-14	0.00e+00
 4.81617e+17	1.00e+00	7.74e-14	0.00e+00
 4.82279e+17	1.00e+00	7.27e-14	0.00e+00
 4.82923e+17	1.00e+00	6.85e-14	0.00e+00
 4.83582e+17	1.00e+00	6.45e-14	0.00e+00
 4.84304e+17	1.00e+00	6.05e-14	0.00e+00
 4.85111e+17	1.00e+00	5.60e-14	0.00e+00
 4.85920e+17	1.00e+00	5.14e-14	0.00e+00
 4.86652e+17	1.00e+00	4.74e-14	0.00e+00
 4.87287e+17	1.00e+00	4.41e-14	0.00e+00
 4.87845e+17	1.00e+00	4.14e-14	0.00e+00
 4.88363e+17	1.00e+00	3.91e-14	0.00e+00
 4.88866e+17	1.00e+00	3.70e-14	0.00e+00
 4.89355e+17	1.00e+00	3.50e-14	0.00e+00
 4.89819e+17	1.00e+00	3.31e-14	0.00e+00
 4.90251e+17	1.00e+00	3.15e-14	0.00e+00
 4.90655e+17	1.00e+00	3.00e-14	0.00e+00
 4.91041e+17	1.00e+00	2.86e-14	0.00e+00
 4.91418e+17	1.00e+00	2.73e-14	0.00e+00
 4.91784e+17	1.00e+00	2.61e-14	0.00e+00
 4.92137e+17	1.00e+00	2.50e-14	0.00e+00
 4.92473e+17	1.00e+00	2.39e-14	0.00e+00
 4.92795e+17	1.00e+00	2.29e-14	0.00e+00
 4.93106e+17	1.00e+00	2.20e-14	0.00e+00
 4.93409e+17	1.00e+00	2.12e-14	0.00e+00
 4.93703e+17	1.00e+00	2.03e-14	0.00e+00
 4.93986e+17	1.00e+00	1.96e-14	0.00e+00
 4.94260e+17	1.00e+00	1.88e-14	0.00e+00
 4.94524e+17	1.00e+00	1.81e-14	0.00e+00
 4.94780e+17	1.00e+00	1.74e-14	0.00e+00
 4.95028e+17	1.00e+00	1.68e-14	0.00e+00
 4.95270e+17	1.00e+00	1.62e-14	0.00e+00
 4.95507e+17	1.00e+00	1.57e-14	0.00e+00
 4.95735e+17	1.00e+00	1.51e-14	0.00e+00
 4.95954e+17	1.00e+00	1.46e-14	0.00e+00
 4.96167e+17	1.00e+00	1.41e-14	0.00e+00
 4.96378e+17	1.00e+00	1.36e-14	0.00e+00
 4.96583e+17	1.00e+00	1.32e-14	0.00e+00
 4.96815e+17	1.00e+00	1.27e-14	0.00e+00
 4.97117e+17	1.00e+00	1.22e-14	0.00e+00
 4.97509e+17	1.00e+00	1.15e-14	0.00e+00
 4.98019e+17	1.00e+00	1.07e-14	0.00e+00
 4.98682e+17	1.00e+00	9.67e-15	0.00e+00
 4.99544e+17	1.00e+00	8.44e-15	0.00e+00
 5.00603e+17	1.00e+00	7.03e-15	0.00e+00
 5.01632e+17	1.00e+00	5.65e-15	0.00e+00
 5.02386e+17	1.00e+00	4.73e-15	0.00e+00
 5.02902e+17	1.00e+00	4.21e-15	0.00e+00
 5.03347e+17	1.00e+00	3.86e-15	0.00e+00
 5.03864e+17	1.00e+00	3.53e-15	0.00e+00
 5.04491e+17	1.00e+00	3.14e-15	0.00e+00
 5.05148e+17	1.00e+00	2.74e-15	0.00e+00
 5.05745e+17	1.00e+00	2.41e-15	0.00e+00
 5.06270e+17	1.00e+00	2.16e-15	0.00e+00
 5.06781e+17	1.00e+00	1.95e-15	0.00e+00
 5.07339e+17	1.00e+00	1.76e-15	0.00e+00
 5.07960e+17	1.00e+00	1.56e-15	0.00e+00
 5.08611e+17	1.00e+00	1.37e-15	0.00e+00
 5.09255e+17	1.00e+00	1.20e-15	0.00e+00
