#depth	C	C+	C+2	C+3	C+4	C+5	C+6	C[1]	C[2]	C[3]	C+[1]	C+[2]	CO
 1.49634e+10	6.16e-47	5.68e-36	7.08e-26	2.33e-16	4.38e-06	5.81e-02	9.42e-01	0.00e+00	0.00e+00	0.00e+00	0.00e+00	0.00e+00	4.17e-145
 4.54887e+10	0.00e+00	8.42e-36	9.71e-26	2.95e-16	5.12e-06	6.26e-02	9.37e-01	0.00e+00	0.00e+00	0.00e+00	0.00e+00	0.00e+00	1.03e-211
 7.72350e+10	1.59e-46	1.25e-35	1.33e-25	3.73e-16	5.99e-06	6.74e-02	9.33e-01	0.00e+00	0.00e+00	0.00e+00	0.00e+00	0.00e+00	4.45e-144
 1.10251e+11	0.00e+00	1.85e-35	1.82e-25	4.72e-16	7.00e-06	7.26e-02	9.27e-01	0.00e+00	0.00e+00	0.00e+00	0.00e+00	0.00e+00	4.12e-211
 1.44588e+11	4.10e-46	2.75e-35	2.50e-25	5.97e-16	8.17e-06	7.81e-02	9.22e-01	0.00e+00	0.00e+00	0.00e+00	0.00e+00	0.00e+00	4.74e-143
 1.80298e+11	0.00e+00	4.08e-35	3.42e-25	7.56e-16	9.55e-06	8.41e-02	9.16e-01	0.00e+00	0.00e+00	0.00e+00	0.00e+00	0.00e+00	1.63e-210
 2.17437e+11	1.06e-45	6.06e-35	4.69e-25	9.56e-16	1.12e-05	9.04e-02	9.10e-01	0.00e+00	0.00e+00	0.00e+00	0.00e+00	0.00e+00	5.09e-142
 2.56061e+11	0.00e+00	9.00e-35	6.44e-25	1.21e-15	1.30e-05	9.72e-02	9.03e-01	0.00e+00	0.00e+00	0.00e+00	0.00e+00	0.00e+00	6.37e-210
 2.93459e+11	2.65e-45	1.30e-34	8.63e-25	1.51e-15	1.51e-05	1.04e-01	8.96e-01	0.00e+00	0.00e+00	0.00e+00	0.00e+00	0.00e+00	5.05e-141
 3.28750e+11	0.00e+00	1.82e-34	1.13e-24	1.84e-15	1.72e-05	1.10e-01	8.90e-01	0.00e+00	0.00e+00	0.00e+00	0.00e+00	0.00e+00	2.45e-209
 3.68224e+11	6.16e-45	2.62e-34	1.51e-24	2.29e-15	1.98e-05	1.18e-01	8.82e-01	0.00e+00	0.00e+00	0.00e+00	0.00e+00	0.00e+00	4.14e-140
 4.12880e+11	0.00e+00	3.90e-34	2.07e-24	2.89e-15	2.32e-05	1.27e-01	8.73e-01	0.00e+00	0.00e+00	0.00e+00	0.00e+00	0.00e+00	7.30e-209
 4.57823e+11	1.57e-44	5.72e-34	2.81e-24	3.63e-15	2.69e-05	1.35e-01	8.65e-01	0.00e+00	0.00e+00	0.00e+00	0.00e+00	0.00e+00	4.32e-139
 5.04563e+11	0.00e+00	8.40e-34	3.82e-24	4.56e-15	3.12e-05	1.45e-01	8.55e-01	0.00e+00	0.00e+00	0.00e+00	0.00e+00	0.00e+00	2.47e-208
 5.49432e+11	3.84e-44	1.20e-33	5.07e-24	5.63e-15	3.59e-05	1.54e-01	8.46e-01	0.00e+00	0.00e+00	0.00e+00	0.00e+00	0.00e+00	4.01e-138
 5.88148e+11	0.00e+00	1.61e-33	6.43e-24	6.72e-15	4.03e-05	1.62e-01	8.38e-01	0.00e+00	0.00e+00	0.00e+00	0.00e+00	0.00e+00	7.61e-208
 6.30492e+11	8.04e-44	2.21e-33	8.27e-24	8.10e-15	4.55e-05	1.71e-01	8.29e-01	0.00e+00	0.00e+00	0.00e+00	0.00e+00	0.00e+00	2.55e-137
 6.82478e+11	0.00e+00	3.22e-33	1.11e-23	1.01e-14	5.26e-05	1.82e-01	8.18e-01	0.00e+00	0.00e+00	0.00e+00	0.00e+00	0.00e+00	1.19e-207
 7.35003e+11	1.96e-43	4.65e-33	1.49e-23	1.25e-14	6.06e-05	1.93e-01	8.07e-01	0.00e+00	0.00e+00	0.00e+00	0.00e+00	0.00e+00	2.38e-136
 7.81688e+11	0.00e+00	6.36e-33	1.91e-23	1.51e-14	6.83e-05	2.04e-01	7.96e-01	0.00e+00	0.00e+00	0.00e+00	0.00e+00	0.00e+00	0.00e+00
 8.32774e+11	4.28e-43	8.88e-33	2.49e-23	1.84e-14	7.76e-05	2.15e-01	7.85e-01	0.00e+00	0.00e+00	0.00e+00	0.00e+00	0.00e+00	1.68e-135
 8.93846e+11	0.00e+00	1.31e-32	3.39e-23	2.30e-14	8.99e-05	2.28e-01	7.71e-01	0.00e+00	0.00e+00	0.00e+00	0.00e+00	0.00e+00	0.00e+00
 9.54452e+11	1.06e-42	1.88e-32	4.54e-23	2.86e-14	1.03e-04	2.42e-01	7.58e-01	0.00e+00	0.00e+00	0.00e+00	0.00e+00	0.00e+00	1.63e-134
 1.00959e+12	0.00e+00	2.60e-32	5.86e-23	3.46e-14	1.17e-04	2.54e-01	7.45e-01	0.00e+00	0.00e+00	0.00e+00	0.00e+00	0.00e+00	0.00e+00
 1.07108e+12	2.39e-42	3.70e-32	7.74e-23	4.24e-14	1.33e-04	2.68e-01	7.31e-01	0.00e+00	0.00e+00	0.00e+00	0.00e+00	0.00e+00	1.25e-133
 1.14291e+12	0.00e+00	5.48e-32	1.06e-22	5.34e-14	1.55e-04	2.85e-01	7.15e-01	0.00e+00	0.00e+00	0.00e+00	0.00e+00	0.00e+00	0.00e+00
 1.21377e+12	6.04e-42	7.96e-32	1.42e-22	6.64e-14	1.78e-04	3.01e-01	6.99e-01	0.00e+00	0.00e+00	0.00e+00	0.00e+00	0.00e+00	1.28e-132
 1.28081e+12	0.00e+00	1.12e-31	1.87e-22	8.10e-14	2.02e-04	3.16e-01	6.84e-01	0.00e+00	0.00e+00	0.00e+00	0.00e+00	0.00e+00	0.00e+00
 1.35531e+12	1.42e-41	1.62e-31	2.50e-22	1.00e-13	2.32e-04	3.33e-01	6.67e-01	0.00e+00	0.00e+00	0.00e+00	0.00e+00	0.00e+00	1.10e-131
 1.43945e+12	0.00e+00	2.41e-31	3.42e-22	1.27e-13	2.69e-04	3.51e-01	6.48e-01	0.00e+00	0.00e+00	0.00e+00	0.00e+00	0.00e+00	0.00e+00
 1.52413e+12	3.68e-41	3.55e-31	4.64e-22	1.58e-13	3.10e-04	3.70e-01	6.30e-01	0.00e+00	0.00e+00	0.00e+00	0.00e+00	0.00e+00	1.20e-130
 1.60705e+12	0.00e+00	5.11e-31	6.19e-22	1.95e-13	3.54e-04	3.88e-01	6.12e-01	0.00e+00	0.00e+00	0.00e+00	0.00e+00	0.00e+00	0.00e+00
 1.69610e+12	9.04e-41	7.46e-31	8.35e-22	2.43e-13	4.06e-04	4.07e-01	5.93e-01	0.00e+00	0.00e+00	0.00e+00	0.00e+00	0.00e+00	1.16e-129
 1.79387e+12	0.00e+00	1.11e-30	1.14e-21	3.05e-13	4.69e-04	4.27e-01	5.72e-01	0.00e+00	0.00e+00	0.00e+00	0.00e+00	0.00e+00	0.00e+00
 1.89189e+12	2.34e-40	1.63e-30	1.55e-21	3.81e-13	5.38e-04	4.47e-01	5.52e-01	0.00e+00	0.00e+00	0.00e+00	0.00e+00	0.00e+00	1.27e-128
 1.99384e+12	0.00e+00	2.40e-30	2.10e-21	4.74e-13	6.17e-04	4.68e-01	5.32e-01	0.00e+00	0.00e+00	0.00e+00	0.00e+00	0.00e+00	0.00e+00
 2.09494e+12	5.83e-40	3.47e-30	2.80e-21	5.85e-13	7.03e-04	4.87e-01	5.12e-01	0.00e+00	0.00e+00	0.00e+00	0.00e+00	0.00e+00	1.28e-127
 2.18134e+12	0.00e+00	4.69e-30	3.55e-21	6.95e-13	7.82e-04	5.03e-01	4.96e-01	0.00e+00	0.00e+00	0.00e+00	0.00e+00	0.00e+00	0.00e+00
 2.27119e+12	1.22e-39	6.38e-30	4.52e-21	8.27e-13	8.70e-04	5.20e-01	4.79e-01	0.00e+00	0.00e+00	0.00e+00	0.00e+00	0.00e+00	8.36e-127
 2.38338e+12	0.00e+00	9.23e-30	6.05e-21	1.02e-12	9.88e-04	5.40e-01	4.59e-01	0.00e+00	0.00e+00	0.00e+00	0.00e+00	0.00e+00	0.00e+00
 2.49825e+12	2.99e-39	1.33e-29	8.05e-21	1.25e-12	1.12e-03	5.59e-01	4.39e-01	0.00e+00	0.00e+00	0.00e+00	0.00e+00	0.00e+00	8.07e-126
 2.60008e+12	0.00e+00	1.82e-29	1.03e-20	1.49e-12	1.25e-03	5.76e-01	4.23e-01	0.00e+00	0.00e+00	0.00e+00	0.00e+00	0.00e+00	0.00e+00
 2.71133e+12	6.54e-39	2.53e-29	1.33e-20	1.80e-12	1.39e-03	5.93e-01	4.05e-01	0.00e+00	0.00e+00	0.00e+00	0.00e+00	0.00e+00	5.90e-125
 2.84466e+12	0.00e+00	3.71e-29	1.80e-20	2.22e-12	1.58e-03	6.13e-01	3.85e-01	0.00e+00	0.00e+00	0.00e+00	0.00e+00	0.00e+00	0.00e+00
 2.97980e+12	1.64e-38	5.38e-29	2.40e-20	2.74e-12	1.79e-03	6.33e-01	3.66e-01	0.00e+00	0.00e+00	0.00e+00	0.00e+00	0.00e+00	6.12e-124
 3.10700e+12	0.00e+00	7.54e-29	3.13e-20	3.30e-12	2.01e-03	6.50e-01	3.48e-01	0.00e+00	0.00e+00	0.00e+00	0.00e+00	0.00e+00	0.00e+00
 3.24785e+12	3.84e-38	1.08e-28	4.14e-20	4.03e-12	2.26e-03	6.67e-01	3.30e-01	0.00e+00	0.00e+00	0.00e+00	0.00e+00	0.00e+00	5.38e-123
 3.40769e+12	0.00e+00	1.60e-28	5.63e-20	5.01e-12	2.56e-03	6.86e-01	3.11e-01	0.00e+00	0.00e+00	0.00e+00	0.00e+00	0.00e+00	0.00e+00
 3.56728e+12	9.84e-38	2.33e-28	7.55e-20	6.17e-12	2.89e-03	7.04e-01	2.93e-01	0.00e+00	0.00e+00	0.00e+00	0.00e+00	0.00e+00	5.98e-122
 3.73324e+12	0.00e+00	3.40e-28	1.01e-19	7.59e-12	3.26e-03	7.21e-01	2.75e-01	0.00e+00	0.00e+00	0.00e+00	0.00e+00	0.00e+00	0.00e+00
 3.91250e+12	2.52e-37	5.03e-28	1.37e-19	9.40e-12	3.69e-03	7.38e-01	2.58e-01	0.00e+00	0.00e+00	0.00e+00	0.00e+00	0.00e+00	6.64e-121
 4.09893e+12	0.00e+00	7.43e-28	1.86e-19	1.16e-11	4.17e-03	7.55e-01	2.41e-01	0.00e+00	0.00e+00	0.00e+00	0.00e+00	0.00e+00	0.00e+00
 4.27323e+12	6.23e-37	1.05e-27	2.44e-19	1.41e-11	4.65e-03	7.69e-01	2.27e-01	0.00e+00	0.00e+00	0.00e+00	0.00e+00	0.00e+00	6.83e-120
 4.42765e+12	0.00e+00	1.42e-27	3.08e-19	1.66e-11	5.09e-03	7.80e-01	2.15e-01	0.00e+00	0.00e+00	0.00e+00	0.00e+00	0.00e+00	0.00e+00
 4.60053e+12	1.34e-36	1.97e-27	3.95e-19	1.98e-11	5.62e-03	7.92e-01	2.02e-01	0.00e+00	0.00e+00	0.00e+00	0.00e+00	0.00e+00	4.89e-119
 4.80717e+12	0.00e+00	2.86e-27	5.28e-19	2.42e-11	6.29e-03	8.06e-01	1.88e-01	0.00e+00	0.00e+00	0.00e+00	0.00e+00	0.00e+00	0.00e+00
 5.01572e+12	3.30e-36	4.11e-27	7.00e-19	2.94e-11	7.02e-03	8.18e-01	1.75e-01	0.00e+00	0.00e+00	0.00e+00	0.00e+00	0.00e+00	5.02e-118
 5.21104e+12	0.00e+00	5.69e-27	9.02e-19	3.51e-11	7.73e-03	8.28e-01	1.64e-01	0.00e+00	0.00e+00	0.00e+00	0.00e+00	0.00e+00	0.00e+00
 5.42783e+12	7.56e-36	8.07e-27	1.18e-18	4.23e-11	8.57e-03	8.38e-01	1.53e-01	0.00e+00	0.00e+00	0.00e+00	0.00e+00	0.00e+00	4.29e-117
 5.67487e+12	0.00e+00	1.18e-26	1.59e-18	5.20e-11	9.59e-03	8.49e-01	1.42e-01	0.00e+00	0.00e+00	0.00e+00	0.00e+00	0.00e+00	0.00e+00
 5.91595e+12	1.88e-35	1.70e-26	2.10e-18	6.31e-11	1.07e-02	8.58e-01	1.31e-01	0.00e+00	0.00e+00	0.00e+00	0.00e+00	0.00e+00	4.54e-116
 6.12273e+12	0.00e+00	2.28e-26	2.64e-18	7.40e-11	1.16e-02	8.65e-01	1.23e-01	0.00e+00	0.00e+00	0.00e+00	0.00e+00	0.00e+00	0.00e+00
 6.30510e+12	3.70e-35	2.94e-26	3.22e-18	8.47e-11	1.25e-02	8.71e-01	1.17e-01	0.00e+00	0.00e+00	0.00e+00	0.00e+00	0.00e+00	2.62e-115
 6.51381e+12	0.00e+00	3.90e-26	4.00e-18	9.85e-11	1.35e-02	8.77e-01	1.10e-01	0.00e+00	0.00e+00	0.00e+00	0.00e+00	0.00e+00	2.70e-99
 6.77937e+12	8.01e-35	5.52e-26	5.24e-18	1.19e-10	1.49e-02	8.84e-01	1.02e-01	0.00e+00	0.00e+00	0.00e+00	0.00e+00	0.00e+00	2.99e-285
 7.05337e+12	1.22e-34	7.79e-26	6.85e-18	1.43e-10	1.65e-02	8.90e-01	9.40e-02	0.00e+00	0.00e+00	0.00e+00	0.00e+00	0.00e+00	5.86e-114
 7.28985e+12	1.73e-34	1.03e-25	8.52e-18	1.66e-10	1.78e-02	8.94e-01	8.81e-02	0.00e+00	0.00e+00	0.00e+00	0.00e+00	0.00e+00	6.68e-97
 7.54303e+12	2.51e-34	1.40e-25	1.08e-17	1.95e-10	1.94e-02	8.98e-01	8.21e-02	0.00e+00	0.00e+00	0.00e+00	0.00e+00	0.00e+00	3.62e-282
 7.85481e+12	3.87e-34	1.99e-25	1.42e-17	2.35e-10	2.14e-02	9.03e-01	7.56e-02	0.00e+00	0.00e+00	0.00e+00	0.00e+00	0.00e+00	1.17e-112
 8.17133e+12	5.91e-34	2.81e-25	1.85e-17	2.83e-10	2.36e-02	9.07e-01	6.96e-02	0.00e+00	0.00e+00	0.00e+00	0.00e+00	0.00e+00	1.00e-95
 8.45373e+12	8.51e-34	3.78e-25	2.33e-17	3.32e-10	2.56e-02	9.10e-01	6.48e-02	0.00e+00	0.00e+00	0.00e+00	0.00e+00	0.00e+00	0.00e+00
 8.76324e+12	1.25e-33	5.18e-25	2.98e-17	3.92e-10	2.79e-02	9.12e-01	6.01e-02	0.00e+00	0.00e+00	0.00e+00	0.00e+00	0.00e+00	2.48e-111
 9.13191e+12	1.94e-33	7.42e-25	3.94e-17	4.75e-10	3.08e-02	9.14e-01	5.50e-02	0.00e+00	0.00e+00	0.00e+00	0.00e+00	0.00e+00	1.38e-94
 9.50079e+12	2.97e-33	1.05e-24	5.16e-17	5.72e-10	3.38e-02	9.16e-01	5.04e-02	0.00e+00	0.00e+00	0.00e+00	0.00e+00	0.00e+00	2.38e-110
 9.84398e+12	4.34e-33	1.43e-24	6.57e-17	6.75e-10	3.68e-02	9.17e-01	4.66e-02	0.00e+00	0.00e+00	0.00e+00	0.00e+00	0.00e+00	8.05e-94
 1.02272e+13	6.51e-33	1.99e-24	8.51e-17	8.06e-10	4.02e-02	9.17e-01	4.28e-02	0.00e+00	0.00e+00	0.00e+00	0.00e+00	0.00e+00	1.86e-109
 1.06458e+13	9.99e-33	2.83e-24	1.12e-16	9.72e-10	4.42e-02	9.17e-01	3.91e-02	0.00e+00	0.00e+00	0.00e+00	0.00e+00	0.00e+00	5.02e-93
 1.10337e+13	1.46e-32	3.86e-24	1.43e-16	1.15e-09	4.81e-02	9.16e-01	3.60e-02	0.00e+00	0.00e+00	0.00e+00	0.00e+00	0.00e+00	1.54e-108
 1.14576e+13	2.17e-32	5.34e-24	1.84e-16	1.37e-09	5.24e-02	9.15e-01	3.30e-02	0.00e+00	0.00e+00	0.00e+00	0.00e+00	0.00e+00	2.76e-92
 1.19357e+13	3.34e-32	7.60e-24	2.43e-16	1.65e-09	5.76e-02	9.12e-01	3.00e-02	0.00e+00	0.00e+00	0.00e+00	0.00e+00	0.00e+00	1.35e-107
 1.23947e+13	4.97e-32	1.05e-23	3.13e-16	1.97e-09	6.28e-02	9.10e-01	2.75e-02	0.00e+00	0.00e+00	0.00e+00	0.00e+00	0.00e+00	1.69e-91
 1.28034e+13	6.97e-32	1.39e-23	3.89e-16	2.28e-09	6.75e-02	9.07e-01	2.54e-02	0.00e+00	0.00e+00	0.00e+00	0.00e+00	0.00e+00	9.38e-107
 1.32368e+13	9.83e-32	1.84e-23	4.85e-16	2.66e-09	7.27e-02	9.04e-01	2.35e-02	0.00e+00	0.00e+00	0.00e+00	0.00e+00	0.00e+00	7.57e-91
 1.37258e+13	1.43e-31	2.50e-23	6.17e-16	3.13e-09	7.88e-02	9.00e-01	2.16e-02	0.00e+00	0.00e+00	0.00e+00	0.00e+00	0.00e+00	6.32e-106
 1.41920e+13	2.02e-31	3.31e-23	7.70e-16	3.64e-09	8.48e-02	8.95e-01	1.99e-02	0.00e+00	0.00e+00	0.00e+00	0.00e+00	0.00e+00	3.67e-90
 1.46155e+13	2.72e-31	4.24e-23	9.34e-16	4.16e-09	9.04e-02	8.91e-01	1.85e-02	0.00e+00	0.00e+00	0.00e+00	0.00e+00	0.00e+00	3.50e-105
 1.50787e+13	3.74e-31	5.49e-23	1.14e-15	4.77e-09	9.66e-02	8.86e-01	1.72e-02	0.00e+00	0.00e+00	0.00e+00	0.00e+00	0.00e+00	1.43e-89
 1.56623e+13	5.48e-31	7.51e-23	1.46e-15	5.65e-09	1.05e-01	8.80e-01	1.56e-02	0.00e+00	0.00e+00	0.00e+00	0.00e+00	0.00e+00	2.28e-104
 1.62521e+13	7.95e-31	1.02e-22	1.86e-15	6.65e-09	1.13e-01	8.73e-01	1.43e-02	0.00e+00	0.00e+00	0.00e+00	0.00e+00	0.00e+00	7.64e-89
 1.67543e+13	1.08e-30	1.31e-22	2.26e-15	7.58e-09	1.20e-01	8.66e-01	1.32e-02	0.00e+00	0.00e+00	0.00e+00	0.00e+00	0.00e+00	1.41e-103
 1.72930e+13	1.47e-30	1.69e-22	2.76e-15	8.68e-09	1.28e-01	8.59e-01	1.22e-02	0.00e+00	0.00e+00	0.00e+00	0.00e+00	0.00e+00	3.03e-88
 1.79645e+13	2.15e-30	2.29e-22	3.51e-15	1.02e-08	1.38e-01	8.50e-01	1.11e-02	0.00e+00	0.00e+00	0.00e+00	0.00e+00	0.00e+00	9.15e-103
 1.86643e+13	3.12e-30	3.12e-22	4.46e-15	1.20e-08	1.49e-01	8.41e-01	1.01e-02	0.00e+00	0.00e+00	0.00e+00	0.00e+00	0.00e+00	1.64e-87
 1.92931e+13	4.31e-30	4.06e-22	5.47e-15	1.38e-08	1.59e-01	8.32e-01	9.30e-03	0.00e+00	0.00e+00	0.00e+00	0.00e+00	0.00e+00	6.16e-102
 1.99735e+13	6.03e-30	5.33e-22	6.76e-15	1.59e-08	1.70e-01	8.22e-01	8.52e-03	0.00e+00	0.00e+00	0.00e+00	0.00e+00	0.00e+00	7.29e-87
 2.07802e+13	8.84e-30	7.27e-22	8.61e-15	1.87e-08	1.83e-01	8.10e-01	7.69e-03	0.00e+00	0.00e+00	0.00e+00	0.00e+00	0.00e+00	4.45e-101
 2.15748e+13	1.27e-29	9.75e-22	1.08e-14	2.18e-08	1.95e-01	7.98e-01	6.98e-03	0.00e+00	0.00e+00	0.00e+00	0.00e+00	0.00e+00	3.96e-86
 2.23005e+13	1.74e-29	1.26e-21	1.32e-14	2.48e-08	2.07e-01	7.86e-01	6.41e-03	0.00e+00	0.00e+00	0.00e+00	0.00e+00	0.00e+00	2.90e-100
 2.31127e+13	2.44e-29	1.66e-21	1.63e-14	2.86e-08	2.20e-01	7.74e-01	5.84e-03	0.00e+00	0.00e+00	0.00e+00	0.00e+00	0.00e+00	1.79e-85
 2.40582e+13	3.56e-29	2.25e-21	2.06e-14	3.34e-08	2.36e-01	7.59e-01	5.25e-03	0.00e+00	0.00e+00	0.00e+00	0.00e+00	0.00e+00	2.16e-99
 2.49894e+13	5.08e-29	3.00e-21	2.57e-14	3.86e-08	2.51e-01	7.44e-01	4.74e-03	0.00e+00	0.00e+00	0.00e+00	0.00e+00	0.00e+00	9.91e-85
 2.58002e+13	6.85e-29	3.82e-21	3.09e-14	4.36e-08	2.65e-01	7.31e-01	4.35e-03	0.00e+00	0.00e+00	0.00e+00	0.00e+00	0.00e+00	1.37e-98
 2.64931e+13	8.76e-29	4.66e-21	3.59e-14	4.81e-08	2.76e-01	7.20e-01	4.05e-03	0.00e+00	0.00e+00	0.00e+00	0.00e+00	0.00e+00	3.56e-84
 2.72452e+13	1.14e-28	5.74e-21	4.21e-14	5.34e-08	2.88e-01	7.08e-01	3.75e-03	0.00e+00	0.00e+00	0.00e+00	0.00e+00	0.00e+00	5.78e-98
 2.82229e+13	1.57e-28	7.47e-21	5.14e-14	6.08e-08	3.04e-01	6.92e-01	3.41e-03	0.00e+00	0.00e+00	0.00e+00	0.00e+00	0.00e+00	1.42e-83
 2.92387e+13	2.18e-28	9.70e-21	6.27e-14	6.91e-08	3.21e-01	6.76e-01	3.09e-03	0.00e+00	0.00e+00	0.00e+00	0.00e+00	0.00e+00	3.71e-97
 3.00954e+13	2.84e-28	1.20e-20	7.36e-14	7.66e-08	3.34e-01	6.63e-01	2.85e-03	0.00e+00	0.00e+00	0.00e+00	0.00e+00	0.00e+00	5.78e-83
 3.10004e+13	3.72e-28	1.49e-20	8.66e-14	8.51e-08	3.48e-01	6.49e-01	2.62e-03	0.00e+00	0.00e+00	0.00e+00	0.00e+00	0.00e+00	1.73e-96
 3.21571e+13	5.19e-28	1.94e-20	1.06e-13	9.68e-08	3.66e-01	6.31e-01	2.36e-03	0.00e+00	0.00e+00	0.00e+00	0.00e+00	0.00e+00	2.45e-82
 3.33600e+13	7.23e-28	2.53e-20	1.29e-13	1.10e-07	3.85e-01	6.13e-01	2.12e-03	0.00e+00	0.00e+00	0.00e+00	0.00e+00	0.00e+00	1.19e-95
 3.44087e+13	9.56e-28	3.16e-20	1.53e-13	1.22e-07	4.00e-01	5.98e-01	1.93e-03	0.00e+00	0.00e+00	0.00e+00	0.00e+00	0.00e+00	1.07e-81
 3.55380e+13	1.28e-27	3.99e-20	1.81e-13	1.36e-07	4.17e-01	5.81e-01	1.76e-03	0.00e+00	0.00e+00	0.00e+00	0.00e+00	0.00e+00	6.25e-95
 3.69148e+13	1.79e-27	5.22e-20	2.22e-13	1.55e-07	4.37e-01	5.62e-01	1.57e-03	0.00e+00	0.00e+00	0.00e+00	0.00e+00	0.00e+00	4.96e-81
 3.82736e+13	2.47e-27	6.74e-20	2.69e-13	1.74e-07	4.56e-01	5.43e-01	1.41e-03	0.00e+00	0.00e+00	0.00e+00	0.00e+00	0.00e+00	4.36e-94
 3.94490e+13	3.23e-27	8.34e-20	3.14e-13	1.92e-07	4.72e-01	5.27e-01	1.28e-03	0.00e+00	0.00e+00	0.00e+00	0.00e+00	0.00e+00	2.10e-80
 4.07255e+13	4.28e-27	1.04e-19	3.70e-13	2.13e-07	4.88e-01	5.11e-01	1.16e-03	0.00e+00	0.00e+00	0.00e+00	0.00e+00	0.00e+00	2.21e-93
 4.22909e+13	5.96e-27	1.35e-19	4.50e-13	2.40e-07	5.08e-01	4.91e-01	1.03e-03	0.00e+00	0.00e+00	0.00e+00	0.00e+00	0.00e+00	9.51e-80
 4.38683e+13	8.21e-27	1.74e-19	5.42e-13	2.69e-07	5.27e-01	4.72e-01	9.18e-04	0.00e+00	0.00e+00	0.00e+00	0.00e+00	0.00e+00	1.54e-92
 4.52672e+13	1.08e-26	2.16e-19	6.35e-13	2.96e-07	5.44e-01	4.55e-01	8.30e-04	0.00e+00	0.00e+00	0.00e+00	0.00e+00	0.00e+00	4.16e-79
 4.67977e+13	1.44e-26	2.71e-19	7.49e-13	3.27e-07	5.61e-01	4.38e-01	7.46e-04	0.00e+00	0.00e+00	0.00e+00	0.00e+00	0.00e+00	8.30e-92
 4.86309e+13	2.01e-26	3.52e-19	9.08e-13	3.68e-07	5.81e-01	4.19e-01	6.57e-04	0.00e+00	0.00e+00	0.00e+00	0.00e+00	0.00e+00	1.96e-78
 5.04548e+13	2.75e-26	4.52e-19	1.09e-12	4.10e-07	5.99e-01	4.00e-01	5.81e-04	0.00e+00	0.00e+00	0.00e+00	0.00e+00	0.00e+00	5.86e-91
 5.21133e+13	3.63e-26	5.61e-19	1.27e-12	4.51e-07	6.16e-01	3.84e-01	5.22e-04	0.00e+00	0.00e+00	0.00e+00	0.00e+00	0.00e+00	8.74e-78
 5.39600e+13	4.89e-26	7.08e-19	1.51e-12	4.98e-07	6.33e-01	3.67e-01	4.64e-04	0.00e+00	0.00e+00	0.00e+00	0.00e+00	0.00e+00	3.36e-90
 5.61189e+13	6.82e-26	9.19e-19	1.82e-12	5.57e-07	6.51e-01	3.48e-01	4.06e-04	0.00e+00	0.00e+00	0.00e+00	0.00e+00	0.00e+00	4.32e-77
 5.82497e+13	9.34e-26	1.17e-18	2.17e-12	6.18e-07	6.69e-01	3.31e-01	3.57e-04	0.00e+00	0.00e+00	0.00e+00	0.00e+00	0.00e+00	2.44e-89
 6.02635e+13	1.24e-25	1.47e-18	2.55e-12	6.79e-07	6.84e-01	3.15e-01	3.17e-04	0.00e+00	0.00e+00	0.00e+00	0.00e+00	0.00e+00	2.01e-76
 6.25016e+13	1.69e-25	1.86e-18	3.03e-12	7.49e-07	7.00e-01	2.99e-01	2.79e-04	0.00e+00	0.00e+00	0.00e+00	0.00e+00	0.00e+00	4.42e-76
 6.50316e+13	2.36e-25	2.41e-18	3.64e-12	8.34e-07	7.18e-01	2.82e-01	2.42e-04	0.00e+00	0.00e+00	0.00e+00	0.00e+00	0.00e+00	1.04e-75
 6.75468e+13	3.23e-25	3.09e-18	4.34e-12	9.22e-07	7.33e-01	2.67e-01	2.12e-04	0.00e+00	0.00e+00	0.00e+00	0.00e+00	0.00e+00	2.35e-75
 7.01626e+13	4.44e-25	3.94e-18	5.16e-12	1.02e-06	7.48e-01	2.52e-01	1.85e-04	0.00e+00	0.00e+00	0.00e+00	0.00e+00	0.00e+00	5.34e-75
 7.27875e+13	6.01e-25	4.98e-18	6.10e-12	1.12e-06	7.62e-01	2.38e-01	1.62e-04	0.00e+00	0.00e+00	0.00e+00	0.00e+00	0.00e+00	1.18e-74
 7.49487e+13	7.66e-25	6.01e-18	6.96e-12	1.20e-06	7.73e-01	2.27e-01	1.45e-04	0.00e+00	0.00e+00	0.00e+00	0.00e+00	0.00e+00	2.21e-74
 7.67876e+13	9.35e-25	7.01e-18	7.76e-12	1.28e-06	7.82e-01	2.18e-01	1.33e-04	0.00e+00	0.00e+00	0.00e+00	0.00e+00	0.00e+00	3.74e-74
 7.88854e+13	1.17e-24	8.32e-18	8.74e-12	1.37e-06	7.91e-01	2.09e-01	1.21e-04	0.00e+00	0.00e+00	0.00e+00	0.00e+00	0.00e+00	6.72e-74
 8.16127e+13	1.54e-24	1.03e-17	1.02e-11	1.49e-06	8.02e-01	1.98e-01	1.07e-04	0.00e+00	0.00e+00	0.00e+00	0.00e+00	0.00e+00	1.40e-73
 8.44986e+13	2.06e-24	1.28e-17	1.19e-11	1.62e-06	8.13e-01	1.87e-01	9.37e-05	0.00e+00	0.00e+00	0.00e+00	0.00e+00	0.00e+00	2.97e-73
 8.70161e+13	2.62e-24	1.54e-17	1.35e-11	1.74e-06	8.22e-01	1.78e-01	8.41e-05	0.00e+00	0.00e+00	0.00e+00	0.00e+00	0.00e+00	5.61e-73
 8.97140e+13	3.36e-24	1.87e-17	1.54e-11	1.87e-06	8.31e-01	1.69e-01	7.51e-05	0.00e+00	0.00e+00	0.00e+00	0.00e+00	0.00e+00	1.09e-72
 9.30787e+13	4.54e-24	2.35e-17	1.81e-11	2.04e-06	8.41e-01	1.59e-01	6.55e-05	0.00e+00	0.00e+00	0.00e+00	0.00e+00	0.00e+00	2.42e-72
 9.64948e+13	6.09e-24	2.95e-17	2.11e-11	2.22e-06	8.51e-01	1.49e-01	5.72e-05	0.00e+00	0.00e+00	0.00e+00	0.00e+00	0.00e+00	5.31e-72
 9.94708e+13	7.81e-24	3.56e-17	2.40e-11	2.38e-06	8.58e-01	1.42e-01	5.11e-05	0.00e+00	0.00e+00	0.00e+00	0.00e+00	0.00e+00	1.03e-71
 1.02690e+14	1.01e-23	4.34e-17	2.75e-11	2.56e-06	8.66e-01	1.34e-01	4.53e-05	0.00e+00	0.00e+00	0.00e+00	0.00e+00	0.00e+00	2.07e-71
 1.06614e+14	1.37e-23	5.48e-17	3.23e-11	2.79e-06	8.75e-01	1.25e-01	3.93e-05	0.00e+00	0.00e+00	0.00e+00	1.75e-17	3.72e-17	4.68e-71
 1.10546e+14	1.84e-23	6.85e-17	3.77e-11	3.03e-06	8.82e-01	1.18e-01	3.43e-05	0.00e+00	0.00e+00	0.00e+00	2.27e-17	4.58e-17	1.03e-70
 1.14041e+14	2.38e-23	8.30e-17	4.29e-11	3.24e-06	8.89e-01	1.11e-01	3.05e-05	0.00e+00	0.00e+00	0.00e+00	2.75e-17	5.55e-17	2.04e-70
 1.17878e+14	3.11e-23	1.02e-16	4.93e-11	3.49e-06	8.95e-01	1.05e-01	2.69e-05	0.00e+00	0.00e+00	0.00e+00	3.38e-17	6.80e-17	4.21e-70
 1.22462e+14	4.24e-23	1.29e-16	5.79e-11	3.80e-06	9.02e-01	9.80e-02	2.33e-05	0.00e+00	0.00e+00	0.00e+00	4.27e-17	8.59e-17	9.70e-70
 1.27023e+14	5.70e-23	1.61e-16	6.74e-11	4.11e-06	9.08e-01	9.17e-02	2.03e-05	0.00e+00	0.00e+00	0.00e+00	5.34e-17	1.08e-16	2.16e-69
 1.31195e+14	7.40e-23	1.96e-16	7.71e-11	4.41e-06	9.13e-01	8.65e-02	1.79e-05	0.00e+00	0.00e+00	0.00e+00	6.51e-17	1.31e-16	4.40e-69
 1.35855e+14	9.82e-23	2.43e-16	8.91e-11	4.76e-06	9.19e-01	8.11e-02	1.57e-05	0.00e+00	0.00e+00	0.00e+00	8.06e-17	1.62e-16	9.47e-69
 1.41273e+14	1.35e-22	3.08e-16	1.05e-10	5.18e-06	9.24e-01	7.55e-02	1.35e-05	0.00e+00	0.00e+00	0.00e+00	1.02e-16	2.06e-16	2.23e-68
 1.46600e+14	1.82e-22	3.87e-16	1.22e-10	5.60e-06	9.29e-01	7.05e-02	1.17e-05	0.00e+00	0.00e+00	0.00e+00	1.28e-16	2.58e-16	5.03e-68
 1.51659e+14	2.39e-22	4.75e-16	1.40e-10	6.02e-06	9.34e-01	6.62e-02	1.03e-05	0.00e+00	0.00e+00	0.00e+00	1.58e-16	3.18e-16	1.06e-67
 1.57273e+14	3.21e-22	5.93e-16	1.63e-10	6.50e-06	9.38e-01	6.18e-02	8.92e-06	0.00e+00	0.00e+00	0.00e+00	1.97e-16	3.97e-16	2.38e-67
 1.63594e+14	4.41e-22	7.54e-16	1.91e-10	7.07e-06	9.43e-01	5.74e-02	7.65e-06	0.00e+00	0.00e+00	0.00e+00	2.50e-16	5.04e-16	5.60e-67
 1.69965e+14	5.99e-22	9.52e-16	2.24e-10	7.66e-06	9.47e-01	5.34e-02	6.60e-06	0.00e+00	0.00e+00	0.00e+00	3.16e-16	6.36e-16	1.29e-66
 1.75891e+14	7.90e-22	1.17e-15	2.58e-10	8.24e-06	9.50e-01	5.01e-02	5.77e-06	0.00e+00	0.00e+00	0.00e+00	3.89e-16	7.83e-16	2.74e-66
 1.81390e+14	1.01e-21	1.41e-15	2.92e-10	8.78e-06	9.53e-01	4.72e-02	5.12e-06	0.00e+00	0.00e+00	0.00e+00	4.68e-16	9.44e-16	5.38e-66
 1.86610e+14	1.27e-21	1.68e-15	3.28e-10	9.32e-06	9.55e-01	4.47e-02	4.58e-06	0.00e+00	0.00e+00	0.00e+00	5.56e-16	1.12e-15	1.00e-65
 1.92358e+14	1.62e-21	2.02e-15	3.72e-10	9.93e-06	9.58e-01	4.22e-02	4.06e-06	0.00e+00	0.00e+00	0.00e+00	6.68e-16	1.35e-15	1.94e-65
 1.98737e+14	2.10e-21	2.45e-15	4.25e-10	1.06e-05	9.60e-01	3.96e-02	3.57e-06	0.00e+00	0.00e+00	0.00e+00	8.14e-16	1.64e-15	3.95e-65
 2.04688e+14	2.67e-21	2.94e-15	4.79e-10	1.13e-05	9.63e-01	3.74e-02	3.18e-06	0.00e+00	0.00e+00	0.00e+00	9.73e-16	1.96e-15	7.54e-65
 2.11177e+14	3.42e-21	3.54e-15	5.44e-10	1.21e-05	9.65e-01	3.52e-02	2.81e-06	0.00e+00	0.00e+00	0.00e+00	1.17e-15	2.37e-15	1.48e-64
 2.18453e+14	4.49e-21	4.35e-15	6.25e-10	1.30e-05	9.67e-01	3.30e-02	2.46e-06	0.00e+00	0.00e+00	0.00e+00	1.44e-15	2.91e-15	3.11e-64
 2.25383e+14	5.76e-21	5.25e-15	7.10e-10	1.38e-05	9.69e-01	3.10e-02	2.17e-06	0.00e+00	0.00e+00	0.00e+00	1.74e-15	3.51e-15	6.12e-64
 2.33023e+14	7.52e-21	6.42e-15	8.14e-10	1.48e-05	9.71e-01	2.90e-02	1.90e-06	0.00e+00	0.00e+00	0.00e+00	2.13e-15	4.29e-15	1.26e-63
 2.41579e+14	1.00e-20	7.98e-15	9.43e-10	1.60e-05	9.73e-01	2.70e-02	1.64e-06	0.00e+00	0.00e+00	0.00e+00	2.64e-15	5.34e-15	2.75e-63
 2.49696e+14	1.30e-20	9.74e-15	1.08e-09	1.71e-05	9.75e-01	2.53e-02	1.44e-06	0.00e+00	0.00e+00	0.00e+00	3.23e-15	6.51e-15	5.64e-63
 2.57340e+14	1.66e-20	1.17e-14	1.22e-09	1.83e-05	9.76e-01	2.39e-02	1.27e-06	0.00e+00	0.00e+00	0.00e+00	3.87e-15	7.81e-15	1.08e-62
 2.65998e+14	2.15e-20	1.42e-14	1.40e-09	1.96e-05	9.78e-01	2.23e-02	1.12e-06	0.00e+00	0.00e+00	0.00e+00	4.72e-15	9.53e-15	2.20e-62
 2.75688e+14	2.86e-20	1.77e-14	1.62e-09	2.11e-05	9.79e-01	2.08e-02	9.65e-07	0.00e+00	0.00e+00	0.00e+00	5.85e-15	1.18e-14	4.76e-62
 2.84799e+14	3.70e-20	2.15e-14	1.85e-09	2.26e-05	9.81e-01	1.95e-02	0.00e+00	0.00e+00	0.00e+00	0.00e+00	7.10e-15	1.44e-14	9.57e-62
 2.94721e+14	4.85e-20	2.64e-14	2.13e-09	2.43e-05	9.82e-01	1.82e-02	0.00e+00	0.00e+00	0.00e+00	0.00e+00	8.72e-15	1.76e-14	2.00e-61
 3.05720e+14	6.48e-20	3.28e-14	2.47e-09	2.62e-05	9.83e-01	1.69e-02	0.00e+00	0.00e+00	0.00e+00	0.00e+00	1.09e-14	2.20e-14	4.37e-61
 3.15921e+14	8.39e-20	3.99e-14	2.82e-09	2.81e-05	9.84e-01	1.58e-02	0.00e+00	0.00e+00	0.00e+00	0.00e+00	1.32e-14	2.67e-14	8.83e-61
 3.26985e+14	1.10e-19	4.91e-14	3.25e-09	3.02e-05	9.85e-01	1.47e-02	0.00e+00	0.00e+00	0.00e+00	0.00e+00	1.62e-14	3.28e-14	1.84e-60
 3.39350e+14	1.47e-19	6.12e-14	3.78e-09	3.27e-05	9.86e-01	1.36e-02	0.00e+00	0.00e+00	0.00e+00	0.00e+00	2.02e-14	4.10e-14	4.06e-60
 3.50975e+14	1.92e-19	7.49e-14	4.34e-09	3.51e-05	9.87e-01	1.27e-02	0.00e+00	0.00e+00	0.00e+00	0.00e+00	2.47e-14	5.01e-14	8.33e-60
 3.63633e+14	2.53e-19	9.25e-14	5.02e-09	3.78e-05	9.88e-01	1.18e-02	0.00e+00	0.00e+00	0.00e+00	0.00e+00	3.05e-14	6.19e-14	1.77e-59
 3.77741e+14	3.41e-19	1.16e-13	5.86e-09	4.09e-05	9.89e-01	1.09e-02	0.00e+00	0.00e+00	0.00e+00	0.00e+00	3.83e-14	7.77e-14	3.96e-59
 3.91015e+14	4.47e-19	1.42e-13	6.75e-09	4.40e-05	9.90e-01	1.02e-02	0.00e+00	0.00e+00	0.00e+00	0.00e+00	4.70e-14	9.54e-14	8.28e-59
 4.05288e+14	5.92e-19	1.76e-13	7.81e-09	4.75e-05	9.90e-01	9.47e-03	0.00e+00	0.00e+00	0.00e+00	0.00e+00	5.82e-14	1.18e-13	1.77e-58
 4.21529e+14	8.04e-19	2.22e-13	9.17e-09	5.16e-05	9.91e-01	8.73e-03	0.00e+00	0.00e+00	0.00e+00	0.00e+00	7.34e-14	1.49e-13	4.07e-58
 4.37405e+14	1.07e-18	2.77e-13	1.07e-08	5.57e-05	9.92e-01	8.09e-03	0.00e+00	0.00e+00	0.00e+00	0.00e+00	9.14e-14	1.86e-13	8.93e-58
 4.51605e+14	1.38e-18	3.35e-13	1.21e-08	5.96e-05	9.92e-01	7.58e-03	0.00e+00	0.00e+00	0.00e+00	0.00e+00	1.10e-13	2.24e-13	1.76e-57
 4.66793e+14	1.78e-18	4.07e-13	1.39e-08	6.39e-05	9.93e-01	7.07e-03	0.00e+00	0.00e+00	0.00e+00	0.00e+00	1.34e-13	2.73e-13	3.55e-57
 4.84900e+14	2.39e-18	5.11e-13	1.62e-08	6.92e-05	9.93e-01	6.54e-03	0.00e+00	0.00e+00	0.00e+00	0.00e+00	1.68e-13	3.42e-13	7.95e-57
 5.02776e+14	3.18e-18	6.33e-13	1.88e-08	7.46e-05	9.94e-01	6.07e-03	0.00e+00	0.00e+00	0.00e+00	0.00e+00	2.08e-13	4.24e-13	1.72e-56
 5.17342e+14	3.97e-18	7.50e-13	2.11e-08	7.92e-05	9.94e-01	5.72e-03	0.00e+00	0.00e+00	0.00e+00	0.00e+00	2.47e-13	5.03e-13	3.16e-56
 5.29670e+14	4.77e-18	8.62e-13	2.32e-08	8.33e-05	9.94e-01	5.45e-03	0.00e+00	0.00e+00	0.00e+00	0.00e+00	2.84e-13	5.78e-13	5.21e-56
 5.43736e+14	5.85e-18	1.01e-12	2.58e-08	8.79e-05	9.95e-01	5.16e-03	0.00e+00	0.00e+00	0.00e+00	0.00e+00	3.31e-13	6.75e-13	9.12e-56
 5.62021e+14	7.56e-18	1.22e-12	2.95e-08	9.43e-05	9.95e-01	4.82e-03	0.00e+00	0.00e+00	0.00e+00	0.00e+00	4.03e-13	8.21e-13	1.84e-55
 5.81374e+14	9.84e-18	1.50e-12	3.39e-08	1.01e-04	9.95e-01	4.49e-03	0.00e+00	0.00e+00	0.00e+00	0.00e+00	4.92e-13	1.00e-12	3.80e-55
 5.98202e+14	1.23e-17	1.77e-12	3.80e-08	1.07e-04	9.96e-01	4.23e-03	0.00e+00	0.00e+00	0.00e+00	0.00e+00	5.82e-13	1.19e-12	7.02e-55
 6.16170e+14	1.55e-17	2.11e-12	4.29e-08	1.14e-04	9.96e-01	3.98e-03	0.00e+00	0.00e+00	0.00e+00	0.00e+00	6.93e-13	1.42e-12	1.32e-54
 6.38867e+14	2.05e-17	2.61e-12	4.97e-08	1.23e-04	9.96e-01	3.69e-03	0.00e+00	0.00e+00	0.00e+00	0.00e+00	8.58e-13	1.76e-12	2.85e-54
 6.62146e+14	2.71e-17	3.23e-12	5.74e-08	1.33e-04	9.96e-01	3.43e-03	0.00e+00	0.00e+00	0.00e+00	0.00e+00	1.06e-12	2.17e-12	6.17e-54
 6.82438e+14	3.43e-17	3.86e-12	6.49e-08	1.41e-04	9.97e-01	3.22e-03	0.00e+00	0.00e+00	0.00e+00	0.00e+00	1.27e-12	2.60e-12	1.18e-53
 7.04412e+14	4.39e-17	4.66e-12	7.38e-08	1.51e-04	9.97e-01	3.01e-03	0.00e+00	0.00e+00	0.00e+00	0.00e+00	1.53e-12	3.13e-12	2.33e-53
 7.31183e+14	5.86e-17	5.81e-12	8.58e-08	1.63e-04	9.97e-01	2.79e-03	0.00e+00	4.80e-18	1.44e-17	2.41e-17	1.90e-12	3.91e-12	5.20e-53
 7.58000e+14	7.75e-17	7.19e-12	9.93e-08	1.76e-04	9.97e-01	2.59e-03	0.00e+00	6.35e-18	1.91e-17	3.19e-17	2.35e-12	4.83e-12	1.13e-52
 7.81776e+14	9.86e-17	8.63e-12	1.12e-07	1.87e-04	9.97e-01	2.43e-03	0.00e+00	8.08e-18	2.43e-17	4.06e-17	2.83e-12	5.81e-12	2.20e-52
 8.07792e+14	1.27e-16	1.05e-11	1.28e-07	2.01e-04	9.98e-01	2.27e-03	0.00e+00	1.04e-17	3.13e-17	5.23e-17	3.43e-12	7.04e-12	4.44e-52
 8.38961e+14	1.70e-16	1.31e-11	1.50e-07	2.17e-04	9.98e-01	2.10e-03	0.00e+00	1.40e-17	4.19e-17	7.01e-17	4.28e-12	8.81e-12	1.00e-51
 8.69967e+14	2.25e-16	1.62e-11	1.73e-07	2.34e-04	9.98e-01	1.94e-03	0.00e+00	1.85e-17	5.56e-17	9.29e-17	5.30e-12	1.09e-11	2.20e-51
 8.98091e+14	2.88e-16	1.96e-11	1.97e-07	2.50e-04	9.98e-01	1.82e-03	0.00e+00	2.37e-17	7.10e-17	1.19e-16	6.39e-12	1.32e-11	4.36e-51
 9.29333e+14	3.75e-16	2.39e-11	2.27e-07	2.69e-04	9.98e-01	1.69e-03	0.00e+00	3.08e-17	9.24e-17	1.54e-16	7.81e-12	1.61e-11	9.07e-51
 9.65946e+14	5.05e-16	3.00e-11	2.65e-07	2.92e-04	9.98e-01	1.56e-03	0.00e+00	4.14e-17	1.24e-16	2.08e-16	9.80e-12	2.02e-11	2.09e-50
 1.00210e+15	6.68e-16	3.72e-11	3.08e-07	3.16e-04	9.98e-01	1.44e-03	0.00e+00	5.49e-17	1.65e-16	2.76e-16	1.22e-11	2.51e-11	4.59e-50
 1.03610e+15	8.63e-16	4.53e-11	3.53e-07	3.39e-04	9.98e-01	1.35e-03	0.00e+00	7.10e-17	2.13e-16	3.56e-16	1.48e-11	3.05e-11	9.42e-50
 1.07396e+15	1.13e-15	5.59e-11	4.08e-07	3.66e-04	9.98e-01	1.25e-03	0.00e+00	9.32e-17	2.80e-16	4.68e-16	1.82e-11	3.77e-11	2.03e-49
 1.11001e+15	1.46e-15	6.78e-11	4.67e-07	3.93e-04	9.98e-01	1.16e-03	0.00e+00	1.20e-16	3.60e-16	6.01e-16	2.21e-11	4.57e-11	4.10e-49
 1.13677e+15	1.74e-15	7.79e-11	5.15e-07	4.13e-04	9.98e-01	1.10e-03	0.00e+00	1.43e-16	4.31e-16	7.20e-16	2.54e-11	5.25e-11	6.81e-49
 1.16386e+15	2.08e-15	8.94e-11	5.67e-07	4.34e-04	9.99e-01	1.05e-03	0.00e+00	1.71e-16	5.15e-16	8.61e-16	2.91e-11	6.03e-11	1.13e-48
 1.19908e+15	2.60e-15	1.06e-10	6.40e-07	4.64e-04	9.99e-01	9.84e-04	0.00e+00	2.14e-16	6.44e-16	1.08e-15	3.46e-11	7.16e-11	2.11e-48
 1.23723e+15	3.29e-15	1.27e-10	7.28e-07	4.96e-04	9.99e-01	9.19e-04	0.00e+00	2.71e-16	8.13e-16	1.36e-15	4.15e-11	8.59e-11	4.10e-48
 1.27153e+15	4.03e-15	1.49e-10	8.14e-07	5.27e-04	9.99e-01	8.66e-04	0.00e+00	3.32e-16	9.96e-16	1.67e-15	4.86e-11	1.01e-10	7.29e-48
 1.30844e+15	4.97e-15	1.76e-10	9.16e-07	5.61e-04	9.99e-01	8.13e-04	0.00e+00	4.10e-16	1.23e-15	2.06e-15	5.73e-11	1.19e-10	1.33e-47
 1.35591e+15	6.46e-15	2.16e-10	1.06e-06	6.06e-04	9.99e-01	7.52e-04	0.00e+00	5.33e-16	1.60e-15	2.67e-15	7.03e-11	1.46e-10	2.81e-47
 1.40388e+15	8.31e-15	2.64e-10	1.22e-06	6.55e-04	9.99e-01	6.97e-04	0.00e+00	6.87e-16	2.06e-15	3.45e-15	8.58e-11	1.78e-10	5.79e-47
 1.44323e+15	1.02e-14	3.09e-10	1.37e-06	6.96e-04	9.99e-01	6.55e-04	0.00e+00	8.40e-16	2.52e-15	4.22e-15	1.00e-10	2.08e-10	1.03e-46
 1.48457e+15	1.24e-14	3.62e-10	1.54e-06	7.42e-04	9.99e-01	6.15e-04	0.00e+00	1.03e-15	3.09e-15	5.16e-15	1.18e-10	2.44e-10	1.84e-46
 1.53811e+15	1.60e-14	4.43e-10	1.78e-06	8.03e-04	9.99e-01	5.68e-04	0.00e+00	1.33e-15	3.98e-15	6.65e-15	1.44e-10	2.99e-10	3.83e-46
 1.59482e+15	2.07e-14	5.43e-10	2.06e-06	8.71e-04	9.99e-01	5.24e-04	0.00e+00	1.71e-15	5.15e-15	8.60e-15	1.77e-10	3.66e-10	8.07e-46
 1.64467e+15	2.57e-14	6.45e-10	2.34e-06	9.34e-04	9.99e-01	4.89e-04	0.00e+00	2.13e-15	6.39e-15	1.07e-14	2.10e-10	4.35e-10	1.52e-45
 1.69831e+15	3.21e-14	7.71e-10	2.67e-06	1.00e-03	9.99e-01	4.54e-04	0.00e+00	2.66e-15	7.99e-15	1.34e-14	2.51e-10	5.20e-10	2.92e-45
 1.76321e+15	3.98e-14	9.51e-10	3.12e-06	1.09e-03	9.98e-01	4.17e-04	0.00e+00	3.31e-15	9.93e-15	1.66e-14	3.09e-10	6.41e-10	6.15e-45
 1.82797e+15	5.06e-14	1.16e-09	3.61e-06	1.19e-03	9.98e-01	3.84e-04	0.00e+00	4.21e-15	1.26e-14	2.11e-14	3.78e-10	7.83e-10	1.28e-44
 1.88577e+15	6.20e-14	1.38e-09	4.11e-06	1.28e-03	9.98e-01	3.58e-04	0.00e+00	5.17e-15	1.55e-14	2.59e-14	4.48e-10	9.29e-10	2.39e-44
 1.94933e+15	7.71e-14	1.65e-09	4.70e-06	1.38e-03	9.98e-01	3.31e-04	0.00e+00	6.42e-15	1.93e-14	3.22e-14	5.38e-10	1.11e-09	4.67e-44
 2.02497e+15	9.85e-14	2.03e-09	5.50e-06	1.50e-03	9.98e-01	3.04e-04	0.00e+00	8.23e-15	2.47e-14	4.13e-14	6.63e-10	1.37e-09	1.01e-43
 2.09995e+15	1.24e-13	2.48e-09	6.38e-06	1.64e-03	9.98e-01	2.79e-04	0.00e+00	1.04e-14	3.11e-14	5.20e-14	8.08e-10	1.67e-09	2.09e-43
 2.16849e+15	1.52e-13	2.96e-09	7.27e-06	1.76e-03	9.98e-01	2.59e-04	0.00e+00	1.27e-14	3.82e-14	6.39e-14	9.63e-10	1.99e-09	4.02e-43
 2.24506e+15	1.88e-13	3.56e-09	8.38e-06	1.91e-03	9.98e-01	2.39e-04	0.00e+00	1.58e-14	4.73e-14	7.91e-14	1.16e-09	2.40e-09	8.00e-43
 2.33412e+15	2.39e-13	4.39e-09	9.81e-06	2.09e-03	9.98e-01	2.18e-04	0.00e+00	2.00e-14	6.02e-14	1.00e-13	1.43e-09	2.96e-09	1.75e-42
 2.42156e+15	2.97e-13	5.34e-09	1.14e-05	2.28e-03	9.98e-01	2.00e-04	0.00e+00	2.50e-14	7.50e-14	1.25e-13	1.74e-09	3.60e-09	3.74e-42
 2.49160e+15	3.51e-13	6.22e-09	1.28e-05	2.44e-03	9.97e-01	1.87e-04	0.00e+00	2.95e-14	8.86e-14	1.48e-13	2.03e-09	4.19e-09	6.62e-42
 2.54599e+15	3.98e-13	6.98e-09	1.40e-05	2.56e-03	9.97e-01	1.78e-04	0.00e+00	3.35e-14	1.01e-13	1.68e-13	2.28e-09	4.70e-09	1.02e-41
 2.60583e+15	4.57e-13	7.90e-09	1.53e-05	2.70e-03	9.97e-01	1.69e-04	0.00e+00	3.85e-14	1.16e-13	1.93e-13	2.58e-09	5.32e-09	1.63e-41
 2.68362e+15	5.42e-13	9.25e-09	1.73e-05	2.90e-03	9.97e-01	1.57e-04	0.00e+00	4.58e-14	1.37e-13	2.30e-13	3.02e-09	6.22e-09	2.93e-41
 2.76731e+15	6.45e-13	1.09e-08	1.96e-05	3.11e-03	9.97e-01	1.46e-04	0.00e+00	5.45e-14	1.64e-13	2.73e-13	3.56e-09	7.33e-09	5.43e-41
 2.84187e+15	7.50e-13	1.25e-08	2.18e-05	3.31e-03	9.97e-01	1.37e-04	0.00e+00	6.34e-14	1.90e-13	3.18e-13	4.09e-09	8.43e-09	9.21e-41
 2.92201e+15	8.79e-13	1.45e-08	2.43e-05	3.54e-03	9.96e-01	1.29e-04	0.00e+00	7.44e-14	2.23e-13	3.73e-13	4.75e-09	9.77e-09	1.62e-40
 3.02620e+15	1.07e-12	1.75e-08	2.81e-05	3.84e-03	9.96e-01	1.19e-04	0.00e+00	9.08e-14	2.73e-13	4.55e-13	5.73e-09	1.18e-08	3.31e-40
 3.13174e+15	1.29e-12	2.10e-08	3.22e-05	4.16e-03	9.96e-01	1.09e-04	0.00e+00	1.09e-13	3.28e-13	5.48e-13	6.88e-09	1.41e-08	6.61e-40
 3.21724e+15	1.49e-12	2.42e-08	3.59e-05	4.43e-03	9.95e-01	1.03e-04	0.00e+00	1.27e-13	3.81e-13	6.36e-13	7.93e-09	1.63e-08	1.14e-39
 3.30658e+15	1.73e-12	2.80e-08	4.00e-05	4.72e-03	9.95e-01	9.62e-05	0.00e+00	1.48e-13	4.43e-13	7.40e-13	9.18e-09	1.88e-08	2.04e-39
 3.42271e+15	2.09e-12	3.37e-08	4.60e-05	5.11e-03	9.95e-01	8.87e-05	0.00e+00	1.78e-13	5.36e-13	8.95e-13	1.10e-08	2.26e-08	4.22e-39
 3.54606e+15	2.52e-12	4.07e-08	5.31e-05	5.55e-03	9.94e-01	8.16e-05	0.00e+00	2.15e-13	6.46e-13	1.08e-12	1.33e-08	2.73e-08	8.87e-39
 3.65478e+15	2.95e-12	4.77e-08	5.99e-05	5.96e-03	9.94e-01	7.60e-05	0.00e+00	2.52e-13	7.57e-13	1.26e-12	1.57e-08	3.21e-08	1.67e-38
 3.77214e+15	3.50e-12	5.65e-08	6.80e-05	6.41e-03	9.93e-01	7.05e-05	0.00e+00	3.00e-13	8.99e-13	1.50e-12	1.85e-08	3.80e-08	3.23e-38
 3.91526e+15	4.27e-12	6.89e-08	7.89e-05	6.99e-03	9.93e-01	6.46e-05	0.00e+00	3.66e-13	1.10e-12	1.83e-12	2.26e-08	4.63e-08	7.05e-38
 4.05955e+15	5.13e-12	8.36e-08	9.13e-05	7.61e-03	9.92e-01	5.93e-05	0.00e+00	4.41e-13	1.32e-12	2.21e-12	2.75e-08	5.61e-08	1.50e-37
 4.18896e+15	6.02e-12	9.88e-08	1.03e-04	8.18e-03	9.92e-01	5.51e-05	0.00e+00	5.18e-13	1.55e-12	2.59e-12	3.25e-08	6.63e-08	2.89e-37
 4.33134e+15	7.20e-12	1.18e-07	1.18e-04	8.85e-03	9.91e-01	5.10e-05	0.00e+00	6.20e-13	1.86e-12	3.11e-12	3.89e-08	7.94e-08	5.84e-37
 4.50007e+15	8.79e-12	1.45e-07	1.38e-04	9.67e-03	9.90e-01	4.66e-05	0.00e+00	7.58e-13	2.27e-12	3.80e-12	4.78e-08	9.75e-08	1.30e-36
 4.66646e+15	1.05e-11	1.76e-07	1.60e-04	1.05e-02	9.89e-01	4.28e-05	0.00e+00	9.11e-13	2.73e-12	4.56e-12	5.81e-08	1.18e-07	2.75e-36
 4.81882e+15	1.25e-11	2.09e-07	1.81e-04	1.13e-02	9.88e-01	3.97e-05	0.00e+00	1.08e-12	3.25e-12	5.43e-12	6.89e-08	1.40e-07	5.33e-36
 4.95125e+15	1.42e-11	2.42e-07	2.02e-04	1.21e-02	9.88e-01	3.73e-05	0.00e+00	1.23e-12	3.68e-12	6.15e-12	7.98e-08	1.62e-07	9.22e-36
 5.06432e+15	1.58e-11	2.73e-07	2.21e-04	1.27e-02	9.87e-01	3.54e-05	0.00e+00	1.37e-12	4.11e-12	6.85e-12	8.99e-08	1.83e-07	1.46e-35
 5.19050e+15	1.80e-11	3.12e-07	2.45e-04	1.35e-02	9.86e-01	3.34e-05	0.00e+00	1.56e-12	4.69e-12	7.83e-12	1.03e-07	2.09e-07	2.44e-35
 5.35454e+15	2.17e-11	3.70e-07	2.77e-04	1.45e-02	9.85e-01	3.11e-05	0.00e+00	1.88e-12	5.65e-12	9.43e-12	1.22e-07	2.48e-07	4.61e-35
 5.52514e+15	2.55e-11	4.39e-07	3.15e-04	1.56e-02	9.84e-01	2.90e-05	0.00e+00	2.21e-12	6.64e-12	1.11e-11	1.45e-07	2.94e-07	8.76e-35
 5.66754e+15	2.94e-11	5.04e-07	3.48e-04	1.65e-02	9.83e-01	2.74e-05	0.00e+00	2.55e-12	7.66e-12	1.28e-11	1.66e-07	3.38e-07	1.46e-34
 5.81591e+15	3.39e-11	5.82e-07	3.87e-04	1.75e-02	9.82e-01	2.58e-05	0.00e+00	2.96e-12	8.87e-12	1.48e-11	1.92e-07	3.90e-07	2.50e-34
 6.00879e+15	4.08e-11	6.98e-07	4.42e-04	1.89e-02	9.81e-01	2.39e-05	0.00e+00	3.56e-12	1.07e-11	1.78e-11	2.30e-07	4.68e-07	4.91e-34
 6.20860e+15	4.87e-11	8.35e-07	5.05e-04	2.04e-02	9.79e-01	2.22e-05	0.00e+00	4.25e-12	1.28e-11	2.13e-11	2.76e-07	5.59e-07	9.45e-34
 6.37619e+15	5.64e-11	9.67e-07	5.62e-04	2.17e-02	9.78e-01	2.10e-05	0.00e+00	4.93e-12	1.48e-11	2.47e-11	3.19e-07	6.47e-07	1.61e-33
 6.55284e+15	6.61e-11	1.13e-06	6.29e-04	2.32e-02	9.76e-01	1.97e-05	0.00e+00	5.79e-12	1.74e-11	2.90e-11	3.72e-07	7.55e-07	2.80e-33
 6.78249e+15	8.11e-11	1.37e-06	7.24e-04	2.51e-02	9.74e-01	1.82e-05	0.00e+00	7.11e-12	2.13e-11	3.56e-11	4.52e-07	9.16e-07	5.64e-33
 7.02134e+15	9.87e-11	1.66e-06	8.34e-04	2.73e-02	9.72e-01	1.69e-05	0.00e+00	8.66e-12	2.60e-11	4.34e-11	5.48e-07	1.11e-06	1.11e-32
 7.22264e+15	1.16e-10	1.94e-06	9.36e-04	2.91e-02	9.70e-01	1.59e-05	0.00e+00	1.02e-11	3.07e-11	5.12e-11	6.42e-07	1.30e-06	1.88e-32
 7.43481e+15	1.39e-10	2.29e-06	1.06e-03	3.12e-02	9.68e-01	1.50e-05	0.00e+00	1.23e-11	3.68e-11	6.14e-11	7.58e-07	1.53e-06	3.36e-32
 7.70584e+15	1.73e-10	2.81e-06	1.23e-03	3.40e-02	9.65e-01	1.38e-05	0.00e+00	1.52e-11	4.57e-11	7.63e-11	9.30e-07	1.88e-06	6.84e-32
 7.98005e+15	2.13e-10	3.42e-06	1.42e-03	3.69e-02	9.62e-01	1.29e-05	0.00e+00	1.88e-11	5.64e-11	9.40e-11	1.13e-06	2.29e-06	1.32e-31
 8.21122e+15	2.54e-10	4.02e-06	1.60e-03	3.95e-02	9.59e-01	1.21e-05	0.00e+00	2.24e-11	6.72e-11	1.12e-10	1.33e-06	2.69e-06	2.26e-31
 8.45978e+15	3.09e-10	4.78e-06	1.81e-03	4.25e-02	9.56e-01	1.14e-05	0.00e+00	2.73e-11	8.19e-11	1.37e-10	1.58e-06	3.20e-06	4.05e-31
 8.73751e+15	3.77e-10	5.75e-06	2.08e-03	4.59e-02	9.52e-01	1.07e-05	0.00e+00	3.33e-11	1.00e-10	1.67e-10	1.91e-06	3.85e-06	7.41e-31
 8.97367e+15	4.43e-10	6.68e-06	2.32e-03	4.89e-02	9.49e-01	1.01e-05	0.00e+00	3.92e-11	1.18e-10	1.96e-10	2.21e-06	4.46e-06	1.19e-30
 9.16965e+15	5.07e-10	7.56e-06	2.54e-03	5.16e-02	9.46e-01	9.72e-06	0.00e+00	4.49e-11	1.35e-10	2.25e-10	2.50e-06	5.05e-06	1.77e-30
 9.39288e+15	5.97e-10	8.73e-06	2.83e-03	5.48e-02	9.42e-01	9.26e-06	0.00e+00	5.30e-11	1.59e-10	2.65e-10	2.89e-06	5.83e-06	2.82e-30
 9.63976e+15	7.03e-10	1.01e-05	3.16e-03	5.84e-02	9.38e-01	8.80e-06	0.00e+00	6.24e-11	1.87e-10	3.12e-10	3.36e-06	6.78e-06	4.52e-30
 9.87527e+15	8.23e-10	1.17e-05	3.51e-03	6.19e-02	9.35e-01	8.41e-06	0.00e+00	7.31e-11	2.19e-10	3.66e-10	3.87e-06	7.80e-06	6.98e-30
 1.01393e+16	9.79e-10	1.37e-05	3.96e-03	6.62e-02	9.30e-01	7.98e-06	0.00e+00	8.71e-11	2.61e-10	4.36e-10	4.54e-06	9.15e-06	1.15e-29
 1.04206e+16	1.18e-09	1.61e-05	4.47e-03	7.10e-02	9.25e-01	7.60e-06	0.00e+00	1.05e-10	3.16e-10	5.27e-10	5.34e-06	1.07e-05	1.88e-29
 1.06760e+16	1.39e-09	1.86e-05	4.98e-03	7.54e-02	9.20e-01	7.27e-06	0.00e+00	1.24e-10	3.71e-10	6.19e-10	6.16e-06	1.24e-05	2.88e-29
 1.09594e+16	1.68e-09	2.19e-05	5.63e-03	8.08e-02	9.13e-01	6.93e-06	0.00e+00	1.50e-10	4.50e-10	7.50e-10	7.26e-06	1.46e-05	4.77e-29
 1.12650e+16	2.02e-09	2.58e-05	6.39e-03	8.67e-02	9.07e-01	6.60e-06	0.00e+00	1.80e-10	5.41e-10	9.03e-10	8.57e-06	1.72e-05	7.71e-29
 1.15498e+16	2.42e-09	3.01e-05	7.19e-03	9.27e-02	9.00e-01	6.32e-06	0.00e+00	2.17e-10	6.50e-10	1.08e-09	1.00e-05	2.01e-05	1.21e-28
 1.18247e+16	2.88e-09	3.49e-05	8.05e-03	9.86e-02	8.93e-01	6.07e-06	0.00e+00	2.58e-10	7.75e-10	1.29e-09	1.16e-05	2.33e-05	1.85e-28
 1.21364e+16	3.52e-09	4.14e-05	9.17e-03	1.06e-01	8.85e-01	5.81e-06	0.00e+00	3.16e-10	9.47e-10	1.58e-09	1.38e-05	2.77e-05	3.06e-28
 1.24697e+16	4.26e-09	4.91e-05	1.05e-02	1.14e-01	8.76e-01	5.55e-06	0.00e+00	3.82e-10	1.15e-09	1.91e-09	1.63e-05	3.28e-05	4.91e-28
 1.27626e+16	5.14e-09	5.72e-05	1.18e-02	1.22e-01	8.67e-01	5.35e-06	0.00e+00	4.62e-10	1.39e-09	2.31e-09	1.90e-05	3.82e-05	7.48e-28
 1.30750e+16	6.22e-09	6.77e-05	1.34e-02	1.30e-01	8.56e-01	5.13e-06	0.00e+00	5.59e-10	1.68e-09	2.80e-09	2.25e-05	4.52e-05	1.20e-27
 1.34141e+16	7.72e-09	8.07e-05	1.54e-02	1.40e-01	8.44e-01	4.93e-06	0.00e+00	6.96e-10	2.09e-09	3.48e-09	2.68e-05	5.39e-05	1.95e-27
 1.37167e+16	9.32e-09	9.42e-05	1.74e-02	1.50e-01	8.33e-01	4.78e-06	0.00e+00	8.41e-10	2.52e-09	4.20e-09	3.13e-05	6.29e-05	2.95e-27
 1.39961e+16	1.10e-08	1.09e-04	1.95e-02	1.59e-01	8.22e-01	4.63e-06	0.00e+00	9.92e-10	2.98e-09	4.96e-09	3.62e-05	7.26e-05	4.34e-27
 1.42680e+16	1.30e-08	1.25e-04	2.18e-02	1.68e-01	8.10e-01	4.50e-06	0.00e+00	1.18e-09	3.53e-09	5.89e-09	4.17e-05	8.37e-05	6.35e-27
 1.45301e+16	1.54e-08	1.44e-04	2.43e-02	1.78e-01	7.97e-01	4.38e-06	0.00e+00	1.39e-09	4.18e-09	6.98e-09	4.79e-05	9.62e-05	9.20e-27
 1.48274e+16	1.92e-08	1.71e-04	2.77e-02	1.90e-01	7.82e-01	4.27e-06	0.00e+00	1.73e-09	5.20e-09	8.67e-09	5.68e-05	1.14e-04	1.48e-26
 1.51357e+16	2.32e-08	2.00e-04	3.16e-02	2.03e-01	7.65e-01	4.14e-06	0.00e+00	2.10e-09	6.30e-09	1.05e-08	6.67e-05	1.34e-04	2.21e-26
 1.53914e+16	2.74e-08	2.30e-04	3.52e-02	2.14e-01	7.50e-01	4.05e-06	0.00e+00	2.48e-09	7.45e-09	1.24e-08	7.66e-05	1.54e-04	3.17e-26
 1.56199e+16	3.22e-08	2.62e-04	3.90e-02	2.25e-01	7.36e-01	3.98e-06	0.00e+00	2.92e-09	8.76e-09	1.46e-08	8.71e-05	1.75e-04	4.47e-26
 1.58796e+16	3.90e-08	3.05e-04	4.40e-02	2.38e-01	7.17e-01	3.89e-06	0.00e+00	3.54e-09	1.06e-08	1.77e-08	1.02e-04	2.04e-04	6.79e-26
 1.61571e+16	4.83e-08	3.60e-04	5.01e-02	2.53e-01	6.96e-01	3.85e-06	0.00e+00	4.39e-09	1.32e-08	2.20e-08	1.20e-04	2.40e-04	1.07e-25
