#depth	N	N+	N+2	N+3	N+4	N+5	N+6	N+7
 1.49634e+10	0.00e+00	0.00e+00	1.52e-29	1.23e-19	1.79e-10	8.29e-01	1.71e-01	1.33e-05
 4.54887e+10	0.00e+00	4.73e-40	1.95e-29	1.46e-19	1.97e-10	8.40e-01	1.60e-01	1.15e-05
 7.72350e+10	0.00e+00	0.00e+00	2.51e-29	1.73e-19	2.16e-10	8.51e-01	1.49e-01	9.93e-06
 1.10251e+11	0.00e+00	9.09e-40	3.21e-29	2.04e-19	2.36e-10	8.61e-01	1.39e-01	8.56e-06
 1.42234e+11	0.00e+00	0.00e+00	4.04e-29	2.39e-19	2.57e-10	8.69e-01	1.31e-01	7.45e-06
 1.72363e+11	0.00e+00	1.62e-39	4.99e-29	2.76e-19	2.77e-10	8.77e-01	1.23e-01	6.56e-06
 2.06051e+11	0.00e+00	0.00e+00	6.25e-29	3.22e-19	3.00e-10	8.85e-01	1.15e-01	5.71e-06
 2.44220e+11	0.00e+00	3.03e-39	7.99e-29	3.80e-19	3.28e-10	8.93e-01	1.07e-01	4.91e-06
 2.82422e+11	0.00e+00	0.00e+00	1.01e-28	4.46e-19	3.57e-10	9.00e-01	9.97e-02	4.24e-06
 3.22153e+11	0.00e+00	5.65e-39	1.28e-28	5.24e-19	3.88e-10	9.07e-01	9.28e-02	3.66e-06
 3.64966e+11	0.00e+00	0.00e+00	1.64e-28	6.18e-19	4.23e-10	9.14e-01	8.61e-02	3.14e-06
 4.09491e+11	0.00e+00	1.08e-38	2.09e-28	7.29e-19	4.61e-10	9.20e-01	7.98e-02	2.69e-06
 4.55797e+11	0.00e+00	0.00e+00	2.67e-28	8.60e-19	5.02e-10	9.26e-01	7.40e-02	2.30e-06
 5.03956e+11	0.00e+00	2.06e-38	3.40e-28	1.01e-18	5.47e-10	9.31e-01	6.85e-02	1.97e-06
 5.54041e+11	0.00e+00	0.00e+00	4.34e-28	1.19e-18	5.95e-10	9.37e-01	6.34e-02	1.68e-06
 6.06129e+11	0.00e+00	3.91e-38	5.53e-28	1.41e-18	6.48e-10	9.41e-01	5.87e-02	1.44e-06
 6.60301e+11	0.00e+00	0.00e+00	7.05e-28	1.66e-18	7.05e-10	9.46e-01	5.42e-02	1.23e-06
 7.16640e+11	0.00e+00	7.45e-38	8.98e-28	1.95e-18	7.67e-10	9.50e-01	5.01e-02	1.05e-06
 7.75233e+11	0.00e+00	0.00e+00	1.14e-27	2.30e-18	8.33e-10	9.54e-01	4.63e-02	8.94e-07
 8.36169e+11	0.00e+00	1.42e-37	1.46e-27	2.70e-18	9.06e-10	9.57e-01	4.27e-02	0.00e+00
 8.99542e+11	0.00e+00	0.00e+00	1.86e-27	3.18e-18	9.85e-10	9.61e-01	3.94e-02	0.00e+00
 9.61572e+11	0.00e+00	2.65e-37	2.34e-27	3.71e-18	1.07e-09	9.63e-01	3.66e-02	0.00e+00
 1.01899e+12	0.00e+00	0.00e+00	2.86e-27	4.26e-18	1.14e-09	9.66e-01	3.42e-02	0.00e+00
 1.08258e+12	0.00e+00	4.64e-37	3.56e-27	4.93e-18	1.23e-09	9.68e-01	3.18e-02	0.00e+00
 1.15581e+12	0.00e+00	0.00e+00	4.54e-27	5.80e-18	1.34e-09	9.71e-01	2.93e-02	0.00e+00
 1.22783e+12	0.00e+00	8.69e-37	5.72e-27	6.77e-18	1.45e-09	9.73e-01	2.71e-02	0.00e+00
 1.30273e+12	0.00e+00	0.00e+00	7.20e-27	7.91e-18	1.56e-09	9.75e-01	2.51e-02	0.00e+00
 1.38477e+12	0.00e+00	1.63e-36	9.18e-27	9.31e-18	1.70e-09	9.77e-01	2.31e-02	0.00e+00
 1.46805e+12	4.49e-47	2.23e-36	1.16e-26	1.09e-17	1.84e-09	9.79e-01	2.13e-02	0.00e+00
 1.55467e+12	0.00e+00	0.00e+00	1.48e-26	1.28e-17	2.00e-09	9.80e-01	1.96e-02	0.00e+00
 1.64678e+12	0.00e+00	4.24e-36	1.88e-26	1.51e-17	2.17e-09	9.82e-01	1.81e-02	0.00e+00
 1.74258e+12	1.50e-46	5.86e-36	2.41e-26	1.78e-17	2.36e-09	9.83e-01	1.66e-02	0.00e+00
 1.84221e+12	0.00e+00	0.00e+00	3.07e-26	2.10e-17	2.56e-09	9.85e-01	1.53e-02	0.00e+00
 1.94583e+12	0.00e+00	1.12e-35	3.93e-26	2.47e-17	2.79e-09	9.86e-01	1.41e-02	0.00e+00
 2.05359e+12	5.06e-46	1.55e-35	5.02e-26	2.91e-17	3.03e-09	9.87e-01	1.29e-02	0.00e+00
 2.16566e+12	0.00e+00	0.00e+00	6.42e-26	3.44e-17	3.29e-09	9.88e-01	1.19e-02	0.00e+00
 2.28221e+12	0.00e+00	2.99e-35	8.21e-26	4.06e-17	3.58e-09	9.89e-01	1.09e-02	0.00e+00
 2.39196e+12	1.66e-45	4.02e-35	1.03e-25	4.71e-17	3.86e-09	9.90e-01	1.01e-02	0.00e+00
 2.49033e+12	0.00e+00	0.00e+00	1.25e-25	5.37e-17	4.12e-09	9.91e-01	9.48e-03	0.00e+00
 2.60083e+12	0.00e+00	6.89e-35	1.54e-25	6.20e-17	4.43e-09	9.91e-01	8.82e-03	0.00e+00
 2.73152e+12	4.86e-45	9.50e-35	1.97e-25	7.30e-17	4.81e-09	9.92e-01	8.12e-03	0.00e+00
 2.86215e+12	0.00e+00	0.00e+00	2.48e-25	8.54e-17	5.21e-09	9.93e-01	7.49e-03	0.00e+00
 2.98507e+12	0.00e+00	1.72e-34	3.07e-25	9.86e-17	5.60e-09	9.93e-01	6.97e-03	0.00e+00
 3.12148e+12	1.48e-44	2.33e-34	3.86e-25	1.15e-16	6.06e-09	9.94e-01	6.44e-03	0.00e+00
 3.27626e+12	0.00e+00	3.24e-34	4.96e-25	1.36e-16	6.60e-09	9.94e-01	5.91e-03	0.00e+00
 3.43081e+12	3.35e-44	4.46e-34	6.32e-25	1.60e-16	7.17e-09	9.95e-01	5.44e-03	0.00e+00
 3.59153e+12	0.00e+00	6.15e-34	8.06e-25	1.89e-16	7.78e-09	9.95e-01	5.01e-03	0.00e+00
 3.76512e+12	7.59e-44	8.60e-34	1.04e-24	2.24e-16	8.49e-09	9.95e-01	4.59e-03	0.00e+00
 3.94565e+12	0.00e+00	1.20e-33	1.34e-24	2.66e-16	9.26e-09	9.96e-01	4.21e-03	0.00e+00
 4.11603e+12	1.69e-43	1.63e-33	1.68e-24	3.11e-16	1.00e-08	9.96e-01	3.89e-03	0.00e+00
 4.26947e+12	0.00e+00	2.13e-33	2.06e-24	3.57e-16	1.07e-08	9.96e-01	3.63e-03	0.00e+00
 4.44218e+12	3.38e-43	2.85e-33	2.57e-24	4.15e-16	1.16e-08	9.97e-01	3.36e-03	0.00e+00
 4.64556e+12	0.00e+00	3.97e-33	3.31e-24	4.92e-16	1.26e-08	9.97e-01	3.08e-03	0.00e+00
 4.84805e+12	7.59e-43	5.45e-33	4.21e-24	5.79e-16	1.37e-08	9.97e-01	2.84e-03	0.00e+00
 5.03851e+12	0.00e+00	7.29e-33	5.25e-24	6.73e-16	1.48e-08	9.97e-01	2.63e-03	0.00e+00
 5.24984e+12	1.60e-42	9.94e-33	6.64e-24	7.91e-16	1.61e-08	9.98e-01	2.42e-03	0.00e+00
 5.48976e+12	0.00e+00	1.39e-32	8.60e-24	9.42e-16	1.76e-08	9.98e-01	2.22e-03	0.00e+00
 5.72806e+12	3.67e-42	1.94e-32	1.10e-23	1.12e-15	1.92e-08	9.98e-01	2.03e-03	0.00e+00
 5.95952e+12	0.00e+00	2.63e-32	1.39e-23	1.31e-15	2.08e-08	9.98e-01	1.88e-03	0.00e+00
 6.21147e+12	7.99e-42	3.62e-32	1.78e-23	1.55e-15	2.27e-08	9.98e-01	1.72e-03	0.00e+00
 6.48985e+12	0.00e+00	5.11e-32	2.32e-23	1.86e-15	2.49e-08	9.98e-01	1.57e-03	0.00e+00
 6.77201e+12	1.86e-41	7.14e-32	2.99e-23	2.22e-15	2.72e-08	9.99e-01	1.44e-03	0.00e+00
 7.04757e+12	0.00e+00	9.78e-32	3.81e-23	2.62e-15	2.97e-08	9.99e-01	1.32e-03	0.00e+00
 7.34153e+12	4.09e-41	1.35e-31	4.88e-23	3.11e-15	3.24e-08	9.99e-01	1.21e-03	0.00e+00
 7.66511e+12	0.00e+00	1.90e-31	6.35e-23	3.73e-15	3.56e-08	9.99e-01	1.10e-03	0.00e+00
 8.00164e+12	9.55e-41	2.68e-31	8.27e-23	4.48e-15	3.92e-08	9.99e-01	1.00e-03	0.00e+00
 8.35164e+12	0.00e+00	3.77e-31	1.08e-22	5.38e-15	4.31e-08	9.99e-01	9.14e-04	0.00e+00
 8.71563e+12	2.22e-40	5.31e-31	1.40e-22	6.47e-15	4.74e-08	9.99e-01	8.32e-04	0.00e+00
 9.09418e+12	0.00e+00	7.47e-31	1.83e-22	7.79e-15	5.22e-08	9.99e-01	7.57e-04	0.00e+00
 9.43676e+12	4.87e-40	1.00e-30	2.30e-22	9.15e-15	5.68e-08	9.99e-01	6.97e-04	0.00e+00
 9.72250e+12	0.00e+00	1.28e-30	2.77e-22	1.04e-14	6.08e-08	9.99e-01	6.51e-04	0.00e+00
 1.00357e+13	8.93e-40	1.64e-30	3.37e-22	1.20e-14	6.54e-08	9.99e-01	6.06e-04	0.00e+00
 1.04319e+13	0.00e+00	2.24e-30	4.29e-22	1.42e-14	7.15e-08	9.99e-01	5.55e-04	0.00e+00
 1.08450e+13	1.91e-39	3.05e-30	5.47e-22	1.69e-14	7.83e-08	9.99e-01	5.08e-04	0.00e+00
 1.11977e+13	0.00e+00	3.94e-30	6.67e-22	1.95e-14	8.44e-08	1.00e+00	4.72e-04	0.00e+00
 1.15628e+13	3.56e-39	5.08e-30	8.15e-22	2.24e-14	9.09e-08	1.00e+00	4.39e-04	0.00e+00
 1.20195e+13	0.00e+00	6.90e-30	1.04e-21	2.66e-14	9.96e-08	1.00e+00	4.01e-04	0.00e+00
 1.24832e+13	7.44e-39	9.30e-30	1.31e-21	3.15e-14	1.09e-07	1.00e+00	3.67e-04	0.00e+00
 1.28854e+13	0.00e+00	1.19e-29	1.59e-21	3.63e-14	1.17e-07	1.00e+00	3.41e-04	0.00e+00
 1.33198e+13	1.38e-38	1.55e-29	1.96e-21	4.20e-14	1.27e-07	1.00e+00	3.16e-04	0.00e+00
 1.38515e+13	0.00e+00	2.10e-29	2.49e-21	4.99e-14	1.39e-07	1.00e+00	2.89e-04	0.00e+00
 1.43939e+13	2.87e-38	2.82e-29	3.15e-21	5.91e-14	1.52e-07	1.00e+00	2.64e-04	0.00e+00
 1.48883e+13	0.00e+00	3.66e-29	3.87e-21	6.86e-14	1.65e-07	1.00e+00	2.44e-04	0.00e+00
 1.54365e+13	5.50e-38	4.83e-29	4.81e-21	8.04e-14	1.79e-07	1.00e+00	2.25e-04	0.00e+00
 1.60762e+13	0.00e+00	6.59e-29	6.16e-21	9.60e-14	1.97e-07	1.00e+00	2.05e-04	0.00e+00
 1.67109e+13	1.14e-37	8.85e-29	7.77e-21	1.14e-13	2.16e-07	1.00e+00	1.87e-04	0.00e+00
 1.73164e+13	0.00e+00	1.16e-28	9.62e-21	1.33e-13	2.35e-07	1.00e+00	1.73e-04	0.00e+00
 1.79843e+13	2.24e-37	1.54e-28	1.21e-20	1.56e-13	2.56e-07	1.00e+00	1.58e-04	0.00e+00
 1.87336e+13	0.00e+00	2.10e-28	1.54e-20	1.86e-13	2.82e-07	1.00e+00	1.44e-04	0.00e+00
 1.94853e+13	4.64e-37	2.81e-28	1.94e-20	2.21e-13	3.09e-07	1.00e+00	1.32e-04	0.00e+00
 2.01581e+13	0.00e+00	3.63e-28	2.38e-20	2.55e-13	3.34e-07	1.00e+00	1.22e-04	0.00e+00
 2.07558e+13	8.22e-37	4.51e-28	2.82e-20	2.89e-13	3.57e-07	1.00e+00	1.14e-04	0.00e+00
 2.14339e+13	0.00e+00	5.73e-28	3.41e-20	3.31e-13	3.84e-07	1.00e+00	1.06e-04	0.00e+00
 2.21879e+13	1.50e-36	7.41e-28	4.18e-20	3.84e-13	4.15e-07	1.00e+00	9.85e-05	0.00e+00
 2.28948e+13	0.00e+00	9.36e-28	5.03e-20	4.38e-13	4.46e-07	1.00e+00	9.18e-05	0.00e+00
 2.36678e+13	2.68e-36	1.20e-27	6.11e-20	5.04e-13	4.81e-07	1.00e+00	8.53e-05	0.00e+00
 2.45345e+13	0.00e+00	1.56e-27	7.54e-20	5.86e-13	5.21e-07	1.00e+00	7.87e-05	0.00e+00
 2.53576e+13	4.99e-36	2.00e-27	9.15e-20	6.73e-13	5.62e-07	1.00e+00	7.32e-05	0.00e+00
 2.62625e+13	0.00e+00	2.59e-27	1.12e-19	7.80e-13	6.08e-07	1.00e+00	6.77e-05	0.00e+00
 2.72752e+13	9.61e-36	3.42e-27	1.40e-19	9.13e-13	6.61e-07	1.00e+00	6.23e-05	0.00e+00
 2.82360e+13	0.00e+00	4.42e-27	1.71e-19	1.06e-12	7.14e-07	1.00e+00	5.77e-05	0.00e+00
 2.91230e+13	1.73e-35	5.56e-27	2.05e-19	1.20e-12	7.66e-07	1.00e+00	5.39e-05	0.00e+00
 3.01060e+13	0.00e+00	7.11e-27	2.49e-19	1.38e-12	8.24e-07	1.00e+00	5.01e-05	0.00e+00
 3.12094e+13	3.23e-35	9.28e-27	3.07e-19	1.60e-12	8.92e-07	1.00e+00	4.63e-05	0.00e+00
 3.22543e+13	0.00e+00	1.18e-26	3.71e-19	1.83e-12	9.60e-07	1.00e+00	4.31e-05	0.00e+00
 3.33975e+13	5.95e-35	1.53e-26	4.55e-19	2.12e-12	1.04e-06	1.00e+00	4.00e-05	0.00e+00
 3.46619e+13	0.00e+00	2.02e-26	5.64e-19	2.47e-12	1.12e-06	1.00e+00	3.69e-05	0.00e+00
 3.58347e+13	1.12e-34	2.58e-26	6.84e-19	2.83e-12	1.21e-06	1.00e+00	3.43e-05	0.00e+00
 3.71104e+13	0.00e+00	3.35e-26	8.38e-19	3.26e-12	1.31e-06	1.00e+00	3.18e-05	0.00e+00
 3.85380e+13	2.17e-34	4.43e-26	1.04e-18	3.81e-12	1.42e-06	1.00e+00	2.93e-05	0.00e+00
 3.98861e+13	2.97e-34	5.72e-26	1.27e-18	4.39e-12	1.53e-06	1.00e+00	2.72e-05	0.00e+00
 4.13531e+13	4.13e-34	7.49e-26	1.57e-18	5.09e-12	1.65e-06	1.00e+00	2.52e-05	0.00e+00
 4.29887e+13	5.87e-34	9.99e-26	1.97e-18	5.96e-12	1.80e-06	1.00e+00	2.32e-05	0.00e+00
 4.45430e+13	8.13e-34	1.30e-25	2.42e-18	6.89e-12	1.94e-06	1.00e+00	2.15e-05	0.00e+00
 4.62080e+13	1.14e-33	1.71e-25	3.00e-18	8.00e-12	2.10e-06	1.00e+00	1.99e-05	0.00e+00
 4.80862e+13	1.64e-33	2.31e-25	3.78e-18	9.41e-12	2.29e-06	1.00e+00	1.82e-05	0.00e+00
 4.99444e+13	2.32e-33	3.07e-25	4.71e-18	1.10e-11	2.48e-06	1.00e+00	1.68e-05	0.00e+00
 5.18770e+13	3.30e-33	4.08e-25	5.87e-18	1.28e-11	2.69e-06	1.00e+00	1.55e-05	0.00e+00
 5.39820e+13	4.76e-33	5.50e-25	7.40e-18	1.50e-11	2.93e-06	1.00e+00	1.43e-05	0.00e+00
 5.61712e+13	6.88e-33	7.43e-25	9.34e-18	1.77e-11	3.18e-06	1.00e+00	1.31e-05	0.00e+00
 5.84480e+13	9.95e-33	1.00e-24	1.18e-17	2.08e-11	3.46e-06	1.00e+00	1.21e-05	0.00e+00
 6.06833e+13	1.41e-32	1.33e-24	1.47e-17	2.41e-11	3.75e-06	1.00e+00	1.12e-05	0.00e+00
 6.27654e+13	1.94e-32	1.72e-24	1.79e-17	2.77e-11	4.02e-06	1.00e+00	1.04e-05	0.00e+00
 6.50632e+13	2.71e-32	2.27e-24	2.20e-17	3.20e-11	4.34e-06	1.00e+00	9.66e-06	0.00e+00
 6.74199e+13	3.79e-32	2.97e-24	2.71e-17	3.69e-11	4.67e-06	1.00e+00	8.97e-06	0.00e+00
 6.93920e+13	4.97e-32	3.70e-24	3.21e-17	4.15e-11	4.96e-06	1.00e+00	8.45e-06	0.00e+00
 7.14753e+13	6.58e-32	4.64e-24	3.82e-17	4.67e-11	5.28e-06	1.00e+00	7.95e-06	0.00e+00
 7.41208e+13	9.28e-32	6.13e-24	4.73e-17	5.41e-11	5.69e-06	1.00e+00	7.37e-06	0.00e+00
 7.68855e+13	1.31e-31	8.12e-24	5.87e-17	6.26e-11	6.14e-06	1.00e+00	6.83e-06	0.00e+00
 7.93429e+13	1.77e-31	1.04e-23	7.06e-17	7.10e-11	6.55e-06	1.00e+00	6.41e-06	0.00e+00
 8.20126e+13	2.44e-31	1.34e-23	8.58e-17	8.11e-11	7.01e-06	1.00e+00	5.99e-06	0.00e+00
 8.49853e+13	3.42e-31	1.76e-23	1.06e-16	9.36e-11	7.55e-06	1.00e+00	5.56e-06	0.00e+00
 8.77591e+13	4.66e-31	2.26e-23	1.28e-16	1.06e-10	8.06e-06	1.00e+00	5.21e-06	0.00e+00
 9.07726e+13	6.45e-31	2.94e-23	1.56e-16	1.22e-10	8.63e-06	1.00e+00	4.87e-06	0.00e+00
 9.41333e+13	9.15e-31	3.89e-23	1.93e-16	1.41e-10	9.30e-06	1.00e+00	4.52e-06	0.00e+00
 9.72802e+13	1.26e-30	5.03e-23	2.35e-16	1.61e-10	9.94e-06	1.00e+00	4.23e-06	0.00e+00
 1.00706e+14	1.76e-30	6.59e-23	2.88e-16	1.85e-10	1.07e-05	1.00e+00	3.94e-06	0.00e+00
 1.04531e+14	2.53e-30	8.81e-23	3.60e-16	2.14e-10	1.15e-05	1.00e+00	3.65e-06	0.00e+00
 1.08125e+14	3.51e-30	1.15e-22	4.39e-16	2.45e-10	1.23e-05	1.00e+00	3.41e-06	0.00e+00
 1.12041e+14	4.98e-30	1.52e-22	5.43e-16	2.83e-10	1.32e-05	1.00e+00	3.18e-06	0.00e+00
 1.16424e+14	7.23e-30	2.05e-22	6.81e-16	3.29e-10	1.43e-05	1.00e+00	2.94e-06	0.00e+00
 1.20572e+14	1.02e-29	2.70e-22	8.38e-16	3.79e-10	1.54e-05	1.00e+00	2.74e-06	0.00e+00
 1.25017e+14	1.45e-29	3.59e-22	1.04e-15	4.37e-10	1.65e-05	1.00e+00	2.55e-06	0.00e+00
 1.30047e+14	2.14e-29	4.90e-22	1.31e-15	5.12e-10	1.79e-05	1.00e+00	2.35e-06	0.00e+00
 1.34997e+14	3.09e-29	6.58e-22	1.64e-15	5.94e-10	1.93e-05	1.00e+00	2.18e-06	0.00e+00
 1.40144e+14	4.47e-29	8.84e-22	2.05e-15	6.90e-10	2.08e-05	1.00e+00	2.02e-06	0.00e+00
 1.45780e+14	6.58e-29	1.21e-21	2.59e-15	8.08e-10	2.25e-05	1.00e+00	1.87e-06	0.00e+00
 1.51507e+14	9.61e-29	1.63e-21	3.26e-15	9.42e-10	2.43e-05	1.00e+00	1.73e-06	0.00e+00
 1.57463e+14	1.40e-28	2.21e-21	4.10e-15	1.10e-09	2.63e-05	1.00e+00	1.60e-06	0.00e+00
 1.63427e+14	2.02e-28	2.97e-21	5.11e-15	1.27e-09	2.83e-05	1.00e+00	1.49e-06	0.00e+00
 1.69073e+14	2.82e-28	3.88e-21	6.25e-15	1.46e-09	3.03e-05	1.00e+00	1.39e-06	0.00e+00
 1.75310e+14	4.03e-28	5.16e-21	7.76e-15	1.69e-09	3.26e-05	1.00e+00	1.29e-06	0.00e+00
 1.81555e+14	5.67e-28	6.80e-21	9.55e-15	1.94e-09	3.50e-05	1.00e+00	1.20e-06	0.00e+00
 1.86734e+14	7.48e-28	8.48e-21	1.13e-14	2.17e-09	3.70e-05	1.00e+00	1.13e-06	0.00e+00
 1.92225e+14	9.92e-28	1.07e-20	1.34e-14	2.44e-09	3.93e-05	1.00e+00	1.07e-06	0.00e+00
 1.99250e+14	1.41e-27	1.41e-20	1.66e-14	2.82e-09	4.23e-05	1.00e+00	9.95e-07	0.00e+00
 2.06627e+14	2.01e-27	1.88e-20	2.06e-14	3.26e-09	4.55e-05	1.00e+00	0.00e+00	0.00e+00
 2.13145e+14	2.72e-27	2.40e-20	2.48e-14	3.69e-09	4.85e-05	1.00e+00	0.00e+00	0.00e+00
 2.20189e+14	3.73e-27	3.09e-20	3.00e-14	4.20e-09	5.18e-05	1.00e+00	0.00e+00	0.00e+00
 2.28669e+14	5.38e-27	4.15e-20	3.76e-14	4.89e-09	5.60e-05	1.00e+00	0.00e+00	0.00e+00
 2.37271e+14	7.70e-27	5.54e-20	4.68e-14	5.67e-09	6.03e-05	1.00e+00	0.00e+00	0.00e+00
 2.45322e+14	1.07e-26	7.20e-20	5.71e-14	6.48e-09	6.46e-05	1.00e+00	0.00e+00	0.00e+00
 2.54269e+14	1.50e-26	9.51e-20	7.06e-14	7.49e-09	6.96e-05	1.00e+00	0.00e+00	0.00e+00
 2.63761e+14	2.15e-26	1.27e-19	8.78e-14	8.68e-09	7.50e-05	1.00e+00	0.00e+00	0.00e+00
 2.72197e+14	2.91e-26	1.62e-19	1.06e-13	9.85e-09	8.00e-05	1.00e+00	0.00e+00	0.00e+00
 2.81272e+14	4.00e-26	2.09e-19	1.29e-13	1.12e-08	8.55e-05	1.00e+00	0.00e+00	0.00e+00
 2.92144e+14	5.76e-26	2.81e-19	1.61e-13	1.31e-08	9.25e-05	1.00e+00	0.00e+00	0.00e+00
 3.02840e+14	8.14e-26	3.72e-19	1.99e-13	1.51e-08	9.97e-05	1.00e+00	0.00e+00	0.00e+00
 3.12364e+14	1.10e-25	4.73e-19	2.40e-13	1.71e-08	1.06e-04	1.00e+00	0.00e+00	0.00e+00
 3.22878e+14	1.51e-25	6.12e-19	2.92e-13	1.96e-08	1.14e-04	1.00e+00	0.00e+00	0.00e+00
 3.35412e+14	2.18e-25	8.23e-19	3.65e-13	2.28e-08	1.23e-04	1.00e+00	0.00e+00	0.00e+00
 3.47847e+14	3.09e-25	1.09e-18	4.54e-13	2.64e-08	1.33e-04	1.00e+00	0.00e+00	0.00e+00
 3.59206e+14	4.22e-25	1.40e-18	5.49e-13	3.00e-08	1.42e-04	1.00e+00	0.00e+00	0.00e+00
 3.71890e+14	5.88e-25	1.84e-18	6.74e-13	3.46e-08	1.52e-04	1.00e+00	0.00e+00	0.00e+00
 3.86656e+14	8.55e-25	2.48e-18	8.49e-13	4.04e-08	1.65e-04	1.00e+00	0.00e+00	0.00e+00
 4.01162e+14	1.22e-24	3.31e-18	1.06e-12	4.69e-08	1.78e-04	1.00e+00	0.00e+00	0.00e+00
 4.14877e+14	1.69e-24	4.30e-18	1.29e-12	5.36e-08	1.91e-04	1.00e+00	0.00e+00	0.00e+00
 4.30130e+14	2.39e-24	5.69e-18	1.60e-12	6.20e-08	2.06e-04	1.00e+00	0.00e+00	0.00e+00
 4.47365e+14	3.48e-24	7.71e-18	2.01e-12	7.26e-08	2.23e-04	1.00e+00	0.00e+00	0.00e+00
 4.63702e+14	4.93e-24	1.02e-17	2.49e-12	8.39e-08	2.40e-04	1.00e+00	0.00e+00	0.00e+00
 4.78564e+14	6.68e-24	1.30e-17	3.00e-12	9.52e-08	2.56e-04	1.00e+00	0.00e+00	0.00e+00
 4.95379e+14	9.32e-24	1.71e-17	3.69e-12	1.09e-07	2.75e-04	1.00e+00	0.00e+00	0.00e+00
 5.14996e+14	1.36e-23	2.31e-17	4.64e-12	1.28e-07	2.98e-04	1.00e+00	0.00e+00	0.00e+00
 5.33821e+14	1.92e-23	3.06e-17	5.74e-12	1.48e-07	3.20e-04	1.00e+00	0.00e+00	0.00e+00
 5.50840e+14	2.60e-23	3.91e-17	6.92e-12	1.67e-07	3.42e-04	1.00e+00	0.00e+00	0.00e+00
 5.66866e+14	3.43e-23	4.89e-17	8.20e-12	1.88e-07	3.62e-04	1.00e+00	0.00e+00	0.00e+00
 5.84620e+14	4.63e-23	6.21e-17	9.85e-12	2.12e-07	3.86e-04	1.00e+00	0.00e+00	0.00e+00
 6.04467e+14	6.39e-23	8.06e-17	1.20e-11	2.43e-07	4.13e-04	1.00e+00	0.00e+00	0.00e+00
 6.23216e+14	8.60e-23	1.02e-16	1.44e-11	2.74e-07	4.40e-04	1.00e+00	0.00e+00	0.00e+00
 6.43769e+14	1.18e-22	1.32e-16	1.74e-11	3.13e-07	4.70e-04	1.00e+00	0.00e+00	0.00e+00
 6.66782e+14	1.66e-22	1.74e-16	2.15e-11	3.60e-07	5.05e-04	9.99e-01	0.00e+00	0.00e+00
 6.88496e+14	2.26e-22	2.23e-16	2.60e-11	4.09e-07	5.39e-04	9.99e-01	0.00e+00	0.00e+00
 7.12227e+14	3.15e-22	2.91e-16	3.18e-11	4.68e-07	5.77e-04	9.99e-01	0.00e+00	0.00e+00
 7.38462e+14	4.48e-22	3.87e-16	3.94e-11	5.41e-07	6.22e-04	9.99e-01	0.00e+00	0.00e+00
 7.62686e+14	6.13e-22	4.98e-16	4.77e-11	6.16e-07	6.64e-04	9.99e-01	0.00e+00	0.00e+00
 7.88910e+14	8.51e-22	6.48e-16	5.83e-11	7.05e-07	7.11e-04	9.99e-01	0.00e+00	0.00e+00
 8.18224e+14	1.21e-21	8.62e-16	7.24e-11	8.16e-07	7.66e-04	9.99e-01	0.00e+00	0.00e+00
 8.45759e+14	1.67e-21	1.12e-15	8.81e-11	9.31e-07	8.19e-04	9.99e-01	0.00e+00	0.00e+00
 8.75760e+14	2.34e-21	1.47e-15	1.08e-10	1.07e-06	8.80e-04	9.99e-01	0.00e+00	0.00e+00
 9.09134e+14	3.37e-21	1.97e-15	1.35e-10	1.24e-06	9.49e-04	9.99e-01	0.00e+00	0.00e+00
 9.40325e+14	4.66e-21	2.55e-15	1.65e-10	1.42e-06	1.02e-03	9.99e-01	0.00e+00	0.00e+00
 9.74218e+14	6.57e-21	3.37e-15	2.04e-10	1.64e-06	1.09e-03	9.99e-01	0.00e+00	0.00e+00
 1.01213e+15	9.47e-21	4.53e-15	2.55e-10	1.91e-06	1.18e-03	9.99e-01	0.00e+00	0.00e+00
 1.04809e+15	1.33e-20	5.94e-15	3.14e-10	2.20e-06	1.27e-03	9.99e-01	0.00e+00	0.00e+00
 1.08657e+15	1.87e-20	7.84e-15	3.88e-10	2.54e-06	1.37e-03	9.99e-01	0.00e+00	0.00e+00
 1.13006e+15	2.71e-20	1.06e-14	4.89e-10	2.98e-06	1.49e-03	9.99e-01	0.00e+00	0.00e+00
 1.17289e+15	3.86e-20	1.41e-14	6.09e-10	3.46e-06	1.61e-03	9.98e-01	0.00e+00	0.00e+00
 1.21744e+15	5.48e-20	1.88e-14	7.59e-10	4.02e-06	1.74e-03	9.98e-01	0.00e+00	0.00e+00
 1.26617e+15	7.91e-20	2.53e-14	9.56e-10	4.70e-06	1.89e-03	9.98e-01	0.00e+00	0.00e+00
 1.31427e+15	1.12e-19	3.36e-14	1.19e-09	5.47e-06	2.04e-03	9.98e-01	0.00e+00	0.00e+00
 1.35425e+15	1.48e-19	4.22e-14	1.42e-09	6.16e-06	2.18e-03	9.98e-01	0.00e+00	0.00e+00
 1.38657e+15	1.83e-19	5.03e-14	1.63e-09	6.78e-06	2.29e-03	9.98e-01	0.00e+00	0.00e+00
 1.42247e+15	2.32e-19	6.09e-14	1.89e-09	7.51e-06	2.42e-03	9.98e-01	0.00e+00	0.00e+00
 1.46914e+15	3.10e-19	7.75e-14	2.28e-09	8.56e-06	2.59e-03	9.97e-01	0.00e+00	0.00e+00
 1.51915e+15	4.20e-19	9.95e-14	2.78e-09	9.80e-06	2.79e-03	9.97e-01	0.00e+00	0.00e+00
 1.56349e+15	5.44e-19	1.23e-13	3.28e-09	1.10e-05	2.97e-03	9.97e-01	0.00e+00	0.00e+00
 1.61109e+15	7.11e-19	1.54e-13	3.91e-09	1.24e-05	3.17e-03	9.97e-01	0.00e+00	0.00e+00
 1.67077e+15	9.83e-19	2.01e-13	4.83e-09	1.44e-05	3.43e-03	9.97e-01	0.00e+00	0.00e+00
 1.73136e+15	1.34e-18	2.60e-13	5.94e-09	1.66e-05	3.71e-03	9.96e-01	0.00e+00	0.00e+00
 1.78387e+15	1.75e-18	3.24e-13	7.06e-09	1.88e-05	3.96e-03	9.96e-01	0.00e+00	0.00e+00
 1.84067e+15	2.29e-18	4.05e-13	8.47e-09	2.13e-05	4.25e-03	9.96e-01	0.00e+00	0.00e+00
 1.91025e+15	3.16e-18	5.31e-13	1.05e-08	2.47e-05	4.61e-03	9.95e-01	0.00e+00	0.00e+00
 1.98047e+15	4.30e-18	6.88e-13	1.29e-08	2.86e-05	5.00e-03	9.95e-01	0.00e+00	0.00e+00
 2.04288e+15	5.59e-18	8.57e-13	1.55e-08	3.24e-05	5.36e-03	9.95e-01	0.00e+00	0.00e+00
 2.11111e+15	7.40e-18	1.08e-12	1.87e-08	3.70e-05	5.77e-03	9.94e-01	0.00e+00	0.00e+00
 2.19268e+15	1.02e-17	1.42e-12	2.33e-08	4.32e-05	6.29e-03	9.94e-01	0.00e+00	0.00e+00
 2.27339e+15	1.38e-17	1.84e-12	2.87e-08	5.00e-05	6.82e-03	9.93e-01	0.00e+00	0.00e+00
 2.34625e+15	1.80e-17	2.30e-12	3.45e-08	5.68e-05	7.33e-03	9.93e-01	0.00e+00	0.00e+00
 2.42709e+15	2.39e-17	2.92e-12	4.20e-08	6.51e-05	7.92e-03	9.92e-01	0.00e+00	0.00e+00
 2.52226e+15	3.29e-17	3.83e-12	5.25e-08	7.60e-05	8.64e-03	9.91e-01	0.00e+00	0.00e+00
 2.61614e+15	4.47e-17	4.96e-12	6.49e-08	8.81e-05	9.39e-03	9.91e-01	0.00e+00	0.00e+00
 2.70337e+15	5.87e-17	6.26e-12	7.86e-08	1.00e-04	1.01e-02	9.90e-01	0.00e+00	0.00e+00
 2.80113e+15	7.88e-17	8.05e-12	9.66e-08	1.16e-04	1.10e-02	9.89e-01	0.00e+00	0.00e+00
 2.91321e+15	1.09e-16	1.06e-11	1.22e-07	1.36e-04	1.20e-02	9.88e-01	0.00e+00	0.00e+00
 3.02359e+15	1.72e-16	1.38e-11	1.51e-07	1.58e-04	1.31e-02	9.87e-01	0.00e+00	0.00e+00
 3.13839e+15	2.35e-16	1.80e-11	1.88e-07	1.83e-04	1.42e-02	9.86e-01	0.00e+00	0.00e+00
 3.24290e+15	3.10e-16	2.27e-11	2.28e-07	2.09e-04	1.53e-02	9.84e-01	0.00e+00	0.00e+00
 3.32093e+15	3.78e-16	2.69e-11	2.62e-07	2.30e-04	1.62e-02	9.84e-01	0.00e+00	0.00e+00
 3.40159e+15	4.63e-16	3.19e-11	3.02e-07	2.53e-04	1.71e-02	9.83e-01	0.00e+00	0.00e+00
 3.50644e+15	5.98e-16	3.97e-11	3.61e-07	2.86e-04	1.83e-02	9.81e-01	0.00e+00	0.00e+00
 3.62002e+15	7.82e-16	4.99e-11	4.36e-07	3.25e-04	1.97e-02	9.80e-01	0.00e+00	0.00e+00
 3.72257e+15	9.88e-16	6.09e-11	5.14e-07	3.63e-04	2.09e-02	9.79e-01	0.00e+00	0.00e+00
 3.83355e+15	1.27e-15	7.53e-11	6.13e-07	4.08e-04	2.24e-02	9.77e-01	0.00e+00	0.00e+00
 3.97421e+15	1.73e-15	9.80e-11	7.60e-07	4.72e-04	2.43e-02	9.75e-01	0.00e+00	0.00e+00
 4.11578e+15	2.32e-15	1.26e-10	9.37e-07	5.44e-04	2.63e-02	9.73e-01	0.00e+00	0.00e+00
 4.23483e+15	2.95e-15	1.55e-10	1.11e-06	6.09e-04	2.80e-02	9.71e-01	0.00e+00	0.00e+00
 4.36230e+15	3.80e-15	1.92e-10	1.33e-06	6.86e-04	2.99e-02	9.69e-01	0.00e+00	0.00e+00
 4.52306e+15	5.20e-15	2.51e-10	1.65e-06	7.94e-04	3.25e-02	9.67e-01	0.00e+00	0.00e+00
 4.69151e+15	7.12e-15	3.29e-10	2.06e-06	9.20e-04	3.52e-02	9.64e-01	0.00e+00	0.00e+00
 4.84316e+15	9.33e-15	4.14e-10	2.49e-06	1.04e-03	3.78e-02	9.61e-01	0.00e+00	0.00e+00
 5.00853e+15	1.25e-14	5.31e-10	3.05e-06	1.19e-03	4.07e-02	9.58e-01	0.00e+00	0.00e+00
 5.20405e+15	1.75e-14	7.08e-10	3.85e-06	1.40e-03	4.44e-02	9.54e-01	0.00e+00	0.00e+00
 5.39535e+15	2.39e-14	9.25e-10	4.80e-06	1.61e-03	4.80e-02	9.50e-01	0.00e+00	0.00e+00
 5.56938e+15	3.14e-14	1.17e-09	5.81e-06	1.83e-03	5.15e-02	9.47e-01	0.00e+00	0.00e+00
 5.76440e+15	4.25e-14	1.51e-09	7.16e-06	2.10e-03	5.55e-02	9.42e-01	0.00e+00	0.00e+00
 5.99214e+15	5.98e-14	2.03e-09	9.09e-06	2.46e-03	6.05e-02	9.37e-01	0.00e+00	0.00e+00
 6.21548e+15	8.21e-14	2.66e-09	1.13e-05	2.85e-03	6.55e-02	9.32e-01	0.00e+00	0.00e+00
 6.42548e+15	1.10e-13	3.41e-09	1.39e-05	3.26e-03	7.03e-02	9.26e-01	0.00e+00	0.00e+00
 6.66025e+15	1.51e-13	4.47e-09	1.73e-05	3.76e-03	7.60e-02	9.20e-01	0.00e+00	0.00e+00
 6.88401e+15	2.01e-13	5.71e-09	2.12e-05	4.29e-03	8.16e-02	9.14e-01	0.00e+00	0.00e+00
 7.05047e+15	2.48e-13	6.84e-09	2.45e-05	4.73e-03	8.59e-02	9.09e-01	0.00e+00	0.00e+00
 7.21911e+15	3.06e-13	8.19e-09	2.84e-05	5.20e-03	9.04e-02	9.04e-01	0.00e+00	0.00e+00
 7.43833e+15	4.04e-13	1.03e-08	3.41e-05	5.87e-03	9.63e-02	8.98e-01	0.00e+00	0.00e+00
 7.67540e+15	5.35e-13	1.31e-08	4.13e-05	6.66e-03	1.03e-01	8.90e-01	0.00e+00	0.00e+00
 7.88786e+15	6.82e-13	1.61e-08	4.88e-05	7.42e-03	1.09e-01	8.84e-01	0.00e+00	0.00e+00
 8.11622e+15	8.85e-13	2.01e-08	5.82e-05	8.33e-03	1.16e-01	8.76e-01	0.00e+00	0.00e+00
 8.41021e+15	1.23e-12	2.65e-08	7.26e-05	9.63e-03	1.25e-01	8.66e-01	0.00e+00	0.00e+00
 8.70673e+15	1.68e-12	3.45e-08	8.98e-05	1.11e-02	1.34e-01	8.55e-01	0.00e+00	0.00e+00
 8.94960e+15	2.14e-12	4.25e-08	1.06e-04	1.23e-02	1.42e-01	8.46e-01	0.00e+00	0.00e+00
 9.20550e+15	2.78e-12	5.29e-08	1.26e-04	1.38e-02	1.50e-01	8.36e-01	0.00e+00	0.00e+00
 9.53715e+15	3.86e-12	6.96e-08	1.57e-04	1.59e-02	1.61e-01	8.23e-01	0.00e+00	0.00e+00
 9.88213e+15	5.31e-12	9.14e-08	1.96e-04	1.84e-02	1.73e-01	8.09e-01	0.00e+00	0.00e+00
 1.01768e+16	6.95e-12	1.15e-07	2.35e-04	2.07e-02	1.83e-01	7.96e-01	0.00e+00	0.00e+00
 1.04914e+16	9.23e-12	1.46e-07	2.84e-04	2.33e-02	1.94e-01	7.82e-01	0.00e+00	0.00e+00
 1.08826e+16	1.29e-11	1.93e-07	3.56e-04	2.70e-02	2.08e-01	7.64e-01	0.00e+00	0.00e+00
 1.12709e+16	1.78e-11	2.53e-07	4.41e-04	3.10e-02	2.22e-01	7.46e-01	0.00e+00	0.00e+00
 1.15974e+16	2.30e-11	3.15e-07	5.27e-04	3.48e-02	2.35e-01	7.30e-01	0.00e+00	0.00e+00
 1.19461e+16	3.05e-11	3.98e-07	6.34e-04	3.91e-02	2.48e-01	7.13e-01	0.00e+00	0.00e+00
 1.23364e+16	4.09e-11	5.11e-07	7.74e-04	4.44e-02	2.62e-01	6.93e-01	0.00e+00	0.00e+00
 1.27046e+16	5.34e-11	6.39e-07	9.27e-04	4.98e-02	2.76e-01	6.74e-01	0.00e+00	0.00e+00
 1.30271e+16	6.69e-11	7.74e-07	1.08e-03	5.50e-02	2.87e-01	6.57e-01	0.00e+00	0.00e+00
 1.33664e+16	8.55e-11	9.50e-07	1.27e-03	6.09e-02	3.00e-01	6.38e-01	0.00e+00	0.00e+00
 1.37340e+16	1.09e-10	1.17e-06	1.51e-03	6.77e-02	3.13e-01	6.18e-01	0.00e+00	0.00e+00
 1.40730e+16	1.37e-10	1.41e-06	1.76e-03	7.44e-02	3.25e-01	5.99e-01	0.00e+00	0.00e+00
 1.44484e+16	1.76e-10	1.75e-06	2.08e-03	8.26e-02	3.38e-01	5.77e-01	0.00e+00	0.00e+00
 1.48526e+16	2.28e-10	2.17e-06	2.48e-03	9.20e-02	3.52e-01	5.54e-01	0.00e+00	0.00e+00
 1.52214e+16	2.86e-10	2.62e-06	2.89e-03	1.01e-01	3.64e-01	5.32e-01	0.00e+00	0.00e+00
 1.56278e+16	3.69e-10	3.25e-06	3.43e-03	1.12e-01	3.76e-01	5.08e-01	0.00e+00	0.00e+00
 1.60687e+16	4.80e-10	4.05e-06	4.10e-03	1.25e-01	3.89e-01	4.82e-01	0.00e+00	0.00e+00
 1.64745e+16	6.08e-10	4.94e-06	4.82e-03	1.37e-01	4.00e-01	4.58e-01	0.00e+00	0.00e+00
 1.68502e+16	7.52e-10	5.91e-06	5.57e-03	1.49e-01	4.09e-01	4.36e-01	0.00e+00	0.00e+00
 1.72668e+16	9.64e-10	7.26e-06	6.58e-03	1.64e-01	4.19e-01	4.11e-01	0.00e+00	0.00e+00
 1.77122e+16	1.24e-09	8.96e-06	7.80e-03	1.81e-01	4.27e-01	3.84e-01	0.00e+00	0.00e+00
 1.81006e+16	1.53e-09	1.07e-05	9.01e-03	1.96e-01	4.33e-01	3.62e-01	0.00e+00	0.00e+00
 1.85111e+16	1.94e-09	1.30e-05	1.05e-02	2.14e-01	4.39e-01	3.37e-01	0.00e+00	0.00e+00
 1.89548e+16	2.49e-09	1.60e-05	1.24e-02	2.33e-01	4.43e-01	3.11e-01	0.00e+00	0.00e+00
 1.93460e+16	3.08e-09	1.91e-05	1.44e-02	2.52e-01	4.44e-01	2.90e-01	0.00e+00	0.00e+00
 1.96827e+16	3.70e-09	2.23e-05	1.63e-02	2.68e-01	4.45e-01	2.71e-01	0.00e+00	0.00e+00
 2.00441e+16	4.56e-09	2.64e-05	1.86e-02	2.87e-01	4.44e-01	2.51e-01	0.00e+00	0.00e+00
 2.04332e+16	5.71e-09	3.18e-05	2.16e-02	3.08e-01	4.41e-01	2.29e-01	0.00e+00	0.00e+00
 2.07709e+16	6.91e-09	3.71e-05	2.44e-02	3.27e-01	4.37e-01	2.12e-01	0.00e+00	0.00e+00
 2.10686e+16	8.21e-09	4.28e-05	2.73e-02	3.44e-01	4.33e-01	1.96e-01	0.00e+00	0.00e+00
 2.14015e+16	1.00e-08	5.03e-05	3.10e-02	3.64e-01	4.26e-01	1.79e-01	0.00e+00	0.00e+00
 2.17573e+16	1.25e-08	6.01e-05	3.56e-02	3.86e-01	4.17e-01	1.62e-01	0.00e+00	0.00e+00
 2.20605e+16	1.50e-08	6.97e-05	3.99e-02	4.05e-01	4.08e-01	1.47e-01	0.00e+00	0.00e+00
 2.23245e+16	1.76e-08	7.93e-05	4.43e-02	4.22e-01	3.99e-01	1.35e-01	0.00e+00	0.00e+00
 2.26199e+16	2.18e-08	9.37e-05	5.00e-02	4.42e-01	3.87e-01	1.21e-01	0.00e+00	0.00e+00
 2.29295e+16	2.63e-08	1.09e-04	5.65e-02	4.62e-01	3.73e-01	1.08e-01	0.00e+00	0.00e+00
 2.31907e+16	3.19e-08	1.27e-04	6.30e-02	4.80e-01	3.60e-01	9.71e-02	0.00e+00	0.00e+00
 2.34170e+16	3.74e-08	1.44e-04	6.92e-02	4.95e-01	3.48e-01	8.79e-02	0.00e+00	0.00e+00
 2.36647e+16	4.31e-08	1.62e-04	7.67e-02	5.12e-01	3.33e-01	7.83e-02	0.00e+00	0.00e+00
 2.39323e+16	5.23e-08	1.89e-04	8.60e-02	5.30e-01	3.15e-01	6.83e-02	0.00e+00	0.00e+00
 2.41593e+16	6.61e-08	2.24e-04	9.55e-02	5.45e-01	2.99e-01	5.97e-02	0.00e+00	0.00e+00
 2.43384e+16	7.53e-08	2.49e-04	1.03e-01	5.57e-01	2.86e-01	5.37e-02	0.00e+00	0.00e+00
 2.45218e+16	8.55e-08	2.76e-04	1.12e-01	5.69e-01	2.71e-01	4.76e-02	0.00e+00	0.00e+00
 2.47267e+16	1.01e-07	3.15e-04	1.23e-01	5.82e-01	2.53e-01	4.10e-02	0.00e+00	0.00e+00
 2.49095e+16	1.20e-07	3.58e-04	1.34e-01	5.93e-01	2.37e-01	3.55e-02	0.00e+00	0.00e+00
 2.50594e+16	1.46e-07	4.11e-04	1.45e-01	6.02e-01	2.22e-01	3.08e-02	0.00e+00	0.00e+00
 2.51883e+16	1.58e-07	4.40e-04	1.54e-01	6.09e-01	2.09e-01	2.74e-02	0.00e+00	0.00e+00
 2.53277e+16	1.82e-07	4.89e-04	1.64e-01	6.17e-01	1.95e-01	2.37e-02	0.00e+00	0.00e+00
 2.54789e+16	2.21e-07	5.63e-04	1.77e-01	6.24e-01	1.78e-01	1.97e-02	0.00e+00	0.00e+00
 2.56057e+16	2.55e-07	6.25e-04	1.89e-01	6.30e-01	1.64e-01	1.68e-02	0.00e+00	0.00e+00
 2.57078e+16	2.76e-07	6.65e-04	1.98e-01	6.34e-01	1.53e-01	1.46e-02	0.00e+00	0.00e+00
 2.58018e+16	3.17e-07	7.33e-04	2.07e-01	6.37e-01	1.42e-01	1.26e-02	0.00e+00	0.00e+00
 2.58804e+16	3.38e-07	7.72e-04	2.15e-01	6.40e-01	1.33e-01	1.11e-02	0.00e+00	0.00e+00
 2.59545e+16	3.82e-07	8.41e-04	2.24e-01	6.42e-01	1.24e-01	9.67e-03	0.00e+00	0.00e+00
 2.60295e+16	4.15e-07	8.94e-04	2.32e-01	6.44e-01	1.15e-01	8.43e-03	0.00e+00	0.00e+00
 2.60955e+16	4.43e-07	9.38e-04	2.39e-01	6.46e-01	1.07e-01	7.40e-03	0.00e+00	0.00e+00
 2.61710e+16	4.99e-07	1.02e-03	2.48e-01	6.46e-01	9.82e-02	6.22e-03	0.00e+00	0.00e+00
 2.62457e+16	5.49e-07	1.09e-03	2.57e-01	6.47e-01	8.97e-02	5.25e-03	0.00e+00	0.00e+00
 2.63058e+16	5.91e-07	1.15e-03	2.64e-01	6.48e-01	8.29e-02	4.53e-03	0.00e+00	0.00e+00
 2.63702e+16	6.46e-07	1.23e-03	2.72e-01	6.48e-01	7.56e-02	3.80e-03	0.00e+00	0.00e+00
 2.64414e+16	7.11e-07	1.31e-03	2.80e-01	6.47e-01	6.80e-02	3.11e-03	0.00e+00	0.00e+00
 2.65072e+16	7.74e-07	1.40e-03	2.88e-01	6.47e-01	6.12e-02	2.55e-03	0.00e+00	0.00e+00
 2.65689e+16	8.42e-07	1.48e-03	2.96e-01	6.45e-01	5.51e-02	2.10e-03	0.00e+00	0.00e+00
 2.66400e+16	9.27e-07	1.59e-03	3.05e-01	6.44e-01	4.84e-02	1.65e-03	0.00e+00	0.00e+00
 2.67176e+16	1.03e-06	1.71e-03	3.14e-01	6.41e-01	4.19e-02	1.25e-03	0.00e+00	0.00e+00
 2.67890e+16	1.13e-06	1.82e-03	3.22e-01	6.39e-01	3.64e-02	9.62e-04	0.00e+00	0.00e+00
 2.68673e+16	1.25e-06	1.96e-03	3.31e-01	6.35e-01	3.08e-02	7.06e-04	0.00e+00	0.00e+00
 2.69552e+16	1.39e-06	2.11e-03	3.41e-01	6.31e-01	2.56e-02	4.97e-04	0.00e+00	0.00e+00
 2.70416e+16	1.55e-06	2.28e-03	3.50e-01	6.26e-01	2.12e-02	3.48e-04	0.00e+00	0.00e+00
 2.71397e+16	1.74e-06	2.47e-03	3.60e-01	6.20e-01	1.70e-02	2.29e-04	0.00e+00	0.00e+00
 2.72673e+16	2.02e-06	2.73e-03	3.73e-01	6.12e-01	1.27e-02	1.32e-04	0.00e+00	0.00e+00
 2.74075e+16	2.35e-06	3.03e-03	3.85e-01	6.02e-01	9.37e-03	7.36e-05	0.00e+00	0.00e+00
 2.75643e+16	2.77e-06	3.38e-03	3.99e-01	5.91e-01	6.67e-03	3.82e-05	0.00e+00	0.00e+00
 2.77681e+16	3.40e-06	3.88e-03	4.16e-01	5.76e-01	4.39e-03	1.68e-05	0.00e+00	0.00e+00
 2.80331e+16	4.39e-06	4.61e-03	4.38e-01	5.55e-01	2.64e-03	6.18e-06	0.00e+00	0.00e+00
 2.83160e+16	5.81e-06	5.55e-03	4.61e-01	5.32e-01	1.60e-03	2.31e-06	0.00e+00	0.00e+00
 2.85601e+16	7.47e-06	6.57e-03	4.83e-01	5.10e-01	1.07e-03	1.04e-06	0.00e+00	0.00e+00
 2.87770e+16	9.44e-06	7.69e-03	5.03e-01	4.89e-01	7.60e-04	5.21e-07	0.00e+00	0.00e+00
 2.89470e+16	1.14e-05	8.74e-03	5.19e-01	4.72e-01	5.90e-04	0.00e+00	0.00e+00	0.00e+00
 2.90599e+16	1.30e-05	9.54e-03	5.30e-01	4.60e-01	4.98e-04	0.00e+00	0.00e+00	0.00e+00
 2.91724e+16	1.48e-05	1.04e-02	5.42e-01	4.47e-01	4.18e-04	0.00e+00	0.00e+00	0.00e+00
 2.93187e+16	1.76e-05	1.17e-02	5.58e-01	4.30e-01	3.33e-04	0.00e+00	0.00e+00	0.00e+00
 2.94742e+16	2.14e-05	1.34e-02	5.74e-01	4.12e-01	2.64e-04	0.00e+00	0.00e+00	0.00e+00
 2.96046e+16	2.54e-05	1.50e-02	5.89e-01	3.96e-01	2.17e-04	0.00e+00	0.00e+00	0.00e+00
 2.97142e+16	2.94e-05	1.66e-02	6.02e-01	3.81e-01	1.84e-04	0.00e+00	0.00e+00	0.00e+00
 2.98340e+16	3.47e-05	1.86e-02	6.16e-01	3.65e-01	1.52e-04	0.00e+00	0.00e+00	0.00e+00
 2.99546e+16	4.12e-05	2.09e-02	6.30e-01	3.49e-01	1.27e-04	0.00e+00	0.00e+00	0.00e+00
 3.00459e+16	4.72e-05	2.30e-02	6.41e-01	3.36e-01	1.10e-04	0.00e+00	0.00e+00	0.00e+00
 3.01199e+16	5.29e-05	2.49e-02	6.50e-01	3.25e-01	9.75e-05	0.00e+00	0.00e+00	0.00e+00
 3.02020e+16	6.00e-05	2.71e-02	6.60e-01	3.13e-01	8.50e-05	0.00e+00	0.00e+00	0.00e+00
 3.03088e+16	7.11e-05	3.04e-02	6.73e-01	2.96e-01	7.09e-05	0.00e+00	0.00e+00	0.00e+00
 3.04142e+16	8.47e-05	3.44e-02	6.85e-01	2.80e-01	5.93e-05	0.00e+00	0.00e+00	0.00e+00
 3.04909e+16	9.69e-05	3.77e-02	6.94e-01	2.68e-01	5.20e-05	0.00e+00	0.00e+00	0.00e+00
 3.05534e+16	1.08e-04	4.06e-02	7.01e-01	2.58e-01	4.64e-05	0.00e+00	0.00e+00	0.00e+00
 3.06243e+16	1.23e-04	4.43e-02	7.09e-01	2.46e-01	4.07e-05	0.00e+00	0.00e+00	0.00e+00
 3.07165e+16	1.45e-04	4.97e-02	7.19e-01	2.31e-01	3.41e-05	0.00e+00	0.00e+00	0.00e+00
 3.08077e+16	1.73e-04	5.61e-02	7.28e-01	2.16e-01	2.86e-05	0.00e+00	0.00e+00	0.00e+00
 3.08743e+16	1.98e-04	6.15e-02	7.34e-01	2.05e-01	2.50e-05	0.00e+00	0.00e+00	0.00e+00
 3.09277e+16	2.21e-04	6.63e-02	7.38e-01	1.95e-01	2.23e-05	0.00e+00	0.00e+00	0.00e+00
 3.09875e+16	2.50e-04	7.22e-02	7.42e-01	1.85e-01	1.96e-05	0.00e+00	0.00e+00	0.00e+00
 3.10652e+16	2.95e-04	8.07e-02	7.47e-01	1.72e-01	1.64e-05	0.00e+00	0.00e+00	0.00e+00
 3.11427e+16	3.51e-04	9.08e-02	7.50e-01	1.59e-01	1.37e-05	0.00e+00	0.00e+00	0.00e+00
 3.12006e+16	4.01e-04	9.96e-02	7.51e-01	1.49e-01	1.19e-05	0.00e+00	0.00e+00	0.00e+00
 3.12479e+16	4.49e-04	1.07e-01	7.52e-01	1.40e-01	1.06e-05	0.00e+00	0.00e+00	0.00e+00
 3.13008e+16	5.09e-04	1.17e-01	7.51e-01	1.31e-01	9.20e-06	0.00e+00	0.00e+00	0.00e+00
 3.13696e+16	6.03e-04	1.31e-01	7.49e-01	1.20e-01	7.61e-06	0.00e+00	0.00e+00	0.00e+00
 3.14381e+16	7.21e-04	1.48e-01	7.43e-01	1.08e-01	6.24e-06	0.00e+00	0.00e+00	0.00e+00
 3.14891e+16	8.29e-04	1.62e-01	7.38e-01	9.98e-02	5.34e-06	0.00e+00	0.00e+00	0.00e+00
 3.15315e+16	9.29e-04	1.75e-01	7.32e-01	9.28e-02	4.66e-06	0.00e+00	0.00e+00	0.00e+00
 3.15797e+16	1.06e-03	1.91e-01	7.23e-01	8.50e-02	3.96e-06	0.00e+00	0.00e+00	0.00e+00
 3.16424e+16	1.27e-03	2.14e-01	7.10e-01	7.51e-02	3.17e-06	0.00e+00	0.00e+00	0.00e+00
 3.17051e+16	1.54e-03	2.42e-01	6.91e-01	6.54e-02	2.49e-06	0.00e+00	0.00e+00	0.00e+00
 3.17525e+16	1.78e-03	2.66e-01	6.74e-01	5.83e-02	2.05e-06	0.00e+00	0.00e+00	0.00e+00
 3.17927e+16	2.02e-03	2.88e-01	6.58e-01	5.24e-02	1.72e-06	0.00e+00	0.00e+00	0.00e+00
 3.18388e+16	2.34e-03	3.15e-01	6.36e-01	4.60e-02	1.39e-06	0.00e+00	0.00e+00	0.00e+00
 3.18986e+16	2.84e-03	3.55e-01	6.04e-01	3.81e-02	1.03e-06	0.00e+00	0.00e+00	0.00e+00
 3.19606e+16	3.52e-03	4.03e-01	5.62e-01	3.05e-02	7.25e-07	0.00e+00	0.00e+00	0.00e+00
 3.20092e+16	4.20e-03	4.47e-01	5.24e-01	2.49e-02	0.00e+00	0.00e+00	0.00e+00	0.00e+00
 3.20479e+16	4.84e-03	4.84e-01	4.91e-01	2.08e-02	0.00e+00	0.00e+00	0.00e+00	0.00e+00
 3.20897e+16	5.64e-03	5.25e-01	4.52e-01	1.69e-02	0.00e+00	0.00e+00	0.00e+00	0.00e+00
 3.21356e+16	6.69e-03	5.74e-01	4.06e-01	1.30e-02	0.00e+00	0.00e+00	0.00e+00	0.00e+00
 3.21752e+16	7.80e-03	6.20e-01	3.63e-01	9.99e-03	0.00e+00	0.00e+00	0.00e+00	0.00e+00
 3.22072e+16	8.84e-03	6.56e-01	3.27e-01	7.94e-03	0.00e+00	0.00e+00	0.00e+00	0.00e+00
 3.22409e+16	1.01e-02	6.94e-01	2.89e-01	6.09e-03	0.00e+00	0.00e+00	0.00e+00	0.00e+00
 3.22781e+16	1.17e-02	7.36e-01	2.47e-01	4.39e-03	0.00e+00	0.00e+00	0.00e+00	0.00e+00
 3.23104e+16	1.33e-02	7.73e-01	2.11e-01	3.17e-03	0.00e+00	0.00e+00	0.00e+00	0.00e+00
 3.23364e+16	1.49e-02	8.00e-01	1.82e-01	2.38e-03	0.00e+00	0.00e+00	0.00e+00	0.00e+00
 3.23635e+16	1.66e-02	8.27e-01	1.55e-01	1.73e-03	0.00e+00	0.00e+00	0.00e+00	0.00e+00
 3.23933e+16	1.89e-02	8.53e-01	1.27e-01	1.17e-03	0.00e+00	0.00e+00	0.00e+00	0.00e+00
 3.24196e+16	2.12e-02	8.74e-01	1.04e-01	8.03e-04	0.00e+00	0.00e+00	0.00e+00	0.00e+00
 3.24414e+16	2.33e-02	8.90e-01	8.65e-02	5.73e-04	0.00e+00	0.00e+00	0.00e+00	0.00e+00
 3.24643e+16	2.58e-02	9.03e-01	7.05e-02	3.90e-04	0.00e+00	0.00e+00	0.00e+00	0.00e+00
 3.24890e+16	2.90e-02	9.15e-01	5.55e-02	2.51e-04	0.00e+00	0.00e+00	0.00e+00	0.00e+00
 3.25100e+16	3.20e-02	9.24e-01	4.43e-02	1.66e-04	0.00e+00	0.00e+00	0.00e+00	0.00e+00
 3.25272e+16	3.48e-02	9.29e-01	3.65e-02	1.17e-04	0.00e+00	0.00e+00	0.00e+00	0.00e+00
 3.25454e+16	3.80e-02	9.33e-01	2.94e-02	7.81e-05	0.00e+00	0.00e+00	0.00e+00	0.00e+00
 3.25649e+16	4.20e-02	9.35e-01	2.29e-02	5.00e-05	0.00e+00	0.00e+00	0.00e+00	0.00e+00
 3.25816e+16	4.58e-02	9.36e-01	1.83e-02	3.31e-05	0.00e+00	0.00e+00	0.00e+00	0.00e+00
 3.25958e+16	4.93e-02	9.36e-01	1.49e-02	2.30e-05	0.00e+00	0.00e+00	0.00e+00	0.00e+00
 3.26100e+16	5.32e-02	9.35e-01	1.21e-02	1.57e-05	0.00e+00	0.00e+00	0.00e+00	0.00e+00
 3.26248e+16	5.74e-02	9.33e-01	9.62e-03	1.04e-05	0.00e+00	0.00e+00	0.00e+00	0.00e+00
 3.26385e+16	6.18e-02	9.30e-01	7.72e-03	6.95e-06	0.00e+00	0.00e+00	0.00e+00	0.00e+00
 3.26503e+16	6.61e-02	9.28e-01	6.32e-03	4.85e-06	0.00e+00	0.00e+00	0.00e+00	0.00e+00
 3.26609e+16	7.00e-02	9.25e-01	5.27e-03	3.49e-06	0.00e+00	0.00e+00	0.00e+00	0.00e+00
 3.26706e+16	7.38e-02	9.22e-01	4.44e-03	2.56e-06	0.00e+00	0.00e+00	0.00e+00	0.00e+00
 3.26796e+16	7.76e-02	9.19e-01	3.77e-03	1.90e-06	0.00e+00	0.00e+00	0.00e+00	0.00e+00
 3.26867e+16	8.08e-02	9.16e-01	3.31e-03	1.50e-06	0.00e+00	0.00e+00	0.00e+00	0.00e+00
 3.26914e+16	8.28e-02	9.14e-01	3.04e-03	1.29e-06	0.00e+00	0.00e+00	0.00e+00	0.00e+00
 3.26956e+16	8.48e-02	9.12e-01	2.80e-03	1.11e-06	0.00e+00	0.00e+00	0.00e+00	0.00e+00
 3.27006e+16	8.73e-02	9.10e-01	2.54e-03	9.28e-07	0.00e+00	0.00e+00	0.00e+00	0.00e+00
 3.27061e+16	9.03e-02	9.07e-01	2.28e-03	0.00e+00	0.00e+00	0.00e+00	0.00e+00	0.00e+00
 3.27113e+16	9.28e-02	9.05e-01	2.06e-03	0.00e+00	0.00e+00	0.00e+00	0.00e+00	0.00e+00
 3.27162e+16	9.54e-02	9.03e-01	1.87e-03	0.00e+00	0.00e+00	0.00e+00	0.00e+00	0.00e+00
 3.27209e+16	9.80e-02	9.00e-01	1.69e-03	0.00e+00	0.00e+00	0.00e+00	0.00e+00	0.00e+00
 3.27258e+16	1.01e-01	8.98e-01	1.53e-03	0.00e+00	0.00e+00	0.00e+00	0.00e+00	0.00e+00
 3.27306e+16	1.04e-01	8.95e-01	1.39e-03	0.00e+00	0.00e+00	0.00e+00	0.00e+00	0.00e+00
 3.27354e+16	1.07e-01	8.92e-01	1.25e-03	0.00e+00	0.00e+00	0.00e+00	0.00e+00	0.00e+00
 3.27400e+16	1.10e-01	8.89e-01	1.14e-03	0.00e+00	0.00e+00	0.00e+00	0.00e+00	0.00e+00
 3.27446e+16	1.13e-01	8.86e-01	1.03e-03	0.00e+00	0.00e+00	0.00e+00	0.00e+00	0.00e+00
 3.27491e+16	1.16e-01	8.83e-01	9.31e-04	0.00e+00	0.00e+00	0.00e+00	0.00e+00	0.00e+00
 3.27537e+16	1.20e-01	8.80e-01	8.42e-04	0.00e+00	0.00e+00	0.00e+00	0.00e+00	0.00e+00
 3.27581e+16	1.23e-01	8.76e-01	7.61e-04	0.00e+00	0.00e+00	0.00e+00	0.00e+00	0.00e+00
 3.27625e+16	1.27e-01	8.73e-01	6.89e-04	0.00e+00	0.00e+00	0.00e+00	0.00e+00	0.00e+00
 3.27669e+16	1.30e-01	8.69e-01	6.23e-04	0.00e+00	0.00e+00	0.00e+00	0.00e+00	0.00e+00
 3.27712e+16	1.34e-01	8.65e-01	5.64e-04	0.00e+00	0.00e+00	0.00e+00	0.00e+00	0.00e+00
 3.27755e+16	1.38e-01	8.61e-01	5.09e-04	0.00e+00	0.00e+00	0.00e+00	0.00e+00	0.00e+00
 3.27798e+16	1.42e-01	8.57e-01	4.60e-04	0.00e+00	0.00e+00	0.00e+00	0.00e+00	0.00e+00
 3.27839e+16	1.47e-01	8.53e-01	4.16e-04	0.00e+00	0.00e+00	0.00e+00	0.00e+00	0.00e+00
 3.27880e+16	1.51e-01	8.48e-01	3.76e-04	0.00e+00	0.00e+00	0.00e+00	0.00e+00	0.00e+00
 3.27921e+16	1.56e-01	8.44e-01	3.40e-04	0.00e+00	0.00e+00	0.00e+00	0.00e+00	0.00e+00
 3.27962e+16	1.61e-01	8.38e-01	3.06e-04	0.00e+00	0.00e+00	0.00e+00	0.00e+00	0.00e+00
 3.28002e+16	1.67e-01	8.33e-01	2.76e-04	0.00e+00	0.00e+00	0.00e+00	0.00e+00	0.00e+00
 3.28041e+16	1.72e-01	8.27e-01	2.50e-04	0.00e+00	0.00e+00	0.00e+00	0.00e+00	0.00e+00
 3.28080e+16	1.78e-01	8.22e-01	2.25e-04	0.00e+00	0.00e+00	0.00e+00	0.00e+00	0.00e+00
 3.28118e+16	1.85e-01	8.15e-01	2.04e-04	0.00e+00	0.00e+00	0.00e+00	0.00e+00	0.00e+00
 3.28155e+16	1.92e-01	8.08e-01	1.84e-04	0.00e+00	0.00e+00	0.00e+00	0.00e+00	0.00e+00
 3.28192e+16	1.98e-01	8.01e-01	1.66e-04	0.00e+00	0.00e+00	0.00e+00	0.00e+00	0.00e+00
 3.28229e+16	2.06e-01	7.94e-01	1.50e-04	0.00e+00	0.00e+00	0.00e+00	0.00e+00	0.00e+00
 3.28265e+16	2.14e-01	7.86e-01	1.35e-04	0.00e+00	0.00e+00	0.00e+00	0.00e+00	0.00e+00
 3.28301e+16	2.23e-01	7.77e-01	1.22e-04	0.00e+00	0.00e+00	0.00e+00	0.00e+00	0.00e+00
 3.28335e+16	2.32e-01	7.68e-01	1.10e-04	0.00e+00	0.00e+00	0.00e+00	0.00e+00	0.00e+00
 3.28368e+16	2.42e-01	7.58e-01	9.95e-05	0.00e+00	0.00e+00	0.00e+00	0.00e+00	0.00e+00
 3.28401e+16	2.52e-01	7.48e-01	8.99e-05	0.00e+00	0.00e+00	0.00e+00	0.00e+00	0.00e+00
 3.28434e+16	2.63e-01	7.37e-01	8.11e-05	0.00e+00	0.00e+00	0.00e+00	0.00e+00	0.00e+00
 3.28466e+16	2.73e-01	7.26e-01	7.32e-05	0.00e+00	0.00e+00	0.00e+00	0.00e+00	0.00e+00
 3.28498e+16	2.86e-01	7.14e-01	6.60e-05	0.00e+00	0.00e+00	0.00e+00	0.00e+00	0.00e+00
 3.28529e+16	2.99e-01	7.01e-01	5.94e-05	0.00e+00	0.00e+00	0.00e+00	0.00e+00	0.00e+00
 3.28560e+16	3.12e-01	6.88e-01	5.35e-05	0.00e+00	0.00e+00	0.00e+00	0.00e+00	0.00e+00
 3.28590e+16	3.27e-01	6.73e-01	4.82e-05	0.00e+00	0.00e+00	0.00e+00	0.00e+00	0.00e+00
 3.28620e+16	3.42e-01	6.58e-01	4.33e-05	0.00e+00	0.00e+00	0.00e+00	0.00e+00	0.00e+00
 3.28650e+16	3.61e-01	6.39e-01	3.87e-05	0.00e+00	0.00e+00	0.00e+00	0.00e+00	0.00e+00
 3.28679e+16	3.78e-01	6.22e-01	3.47e-05	0.00e+00	0.00e+00	0.00e+00	0.00e+00	0.00e+00
 3.28707e+16	3.96e-01	6.04e-01	3.11e-05	0.00e+00	0.00e+00	0.00e+00	0.00e+00	0.00e+00
 3.28735e+16	4.15e-01	5.85e-01	2.78e-05	0.00e+00	0.00e+00	0.00e+00	0.00e+00	0.00e+00
 3.28764e+16	4.36e-01	5.64e-01	2.48e-05	0.00e+00	0.00e+00	0.00e+00	0.00e+00	0.00e+00
 3.28791e+16	4.57e-01	5.43e-01	2.20e-05	0.00e+00	0.00e+00	0.00e+00	0.00e+00	0.00e+00
 3.28819e+16	4.78e-01	5.22e-01	1.96e-05	0.00e+00	0.00e+00	0.00e+00	0.00e+00	0.00e+00
 3.28846e+16	5.01e-01	4.99e-01	1.73e-05	0.00e+00	0.00e+00	0.00e+00	0.00e+00	0.00e+00
