#depth	C	C+	C+2	C+3	C+4	C+5	C+6	C[1]	C[2]	C[3]	C+[1]	C+[2]	CO
 1.49634e+10	4.18e-47	1.03e-35	3.20e-25	2.28e-15	8.54e-05	2.95e-01	7.05e-01	0.00e+00	0.00e+00	0.00e+00	0.00e+00	0.00e+00	0.00e+00
 4.54887e+10	0.00e+00	1.49e-35	4.29e-25	2.82e-15	9.76e-05	3.12e-01	6.88e-01	0.00e+00	0.00e+00	0.00e+00	0.00e+00	0.00e+00	0.00e+00
 7.72350e+10	1.03e-46	2.16e-35	5.74e-25	3.49e-15	1.12e-04	3.29e-01	6.71e-01	0.00e+00	0.00e+00	0.00e+00	0.00e+00	0.00e+00	0.00e+00
 1.10251e+11	0.00e+00	3.12e-35	7.67e-25	4.32e-15	1.27e-04	3.47e-01	6.53e-01	0.00e+00	0.00e+00	0.00e+00	0.00e+00	0.00e+00	0.00e+00
 1.42234e+11	2.44e-46	4.39e-35	1.00e-24	5.25e-15	1.44e-04	3.64e-01	6.36e-01	0.00e+00	0.00e+00	0.00e+00	0.00e+00	0.00e+00	1.84e-146
 1.72363e+11	0.00e+00	6.00e-35	1.28e-24	6.27e-15	1.61e-04	3.79e-01	6.20e-01	0.00e+00	0.00e+00	0.00e+00	0.00e+00	0.00e+00	5.59e-211
 2.06051e+11	5.35e-46	8.39e-35	1.67e-24	7.59e-15	1.81e-04	3.97e-01	6.03e-01	0.00e+00	0.00e+00	0.00e+00	0.00e+00	0.00e+00	1.40e-145
 2.44220e+11	0.00e+00	1.21e-34	2.22e-24	9.33e-15	2.06e-04	4.16e-01	5.84e-01	0.00e+00	0.00e+00	0.00e+00	0.00e+00	0.00e+00	1.75e-210
 2.82422e+11	1.28e-45	1.71e-34	2.92e-24	1.14e-14	2.32e-04	4.34e-01	5.65e-01	0.00e+00	0.00e+00	0.00e+00	0.00e+00	0.00e+00	1.33e-144
 3.22153e+11	0.00e+00	2.43e-34	3.84e-24	1.38e-14	2.62e-04	4.53e-01	5.46e-01	0.00e+00	0.00e+00	0.00e+00	0.00e+00	0.00e+00	6.60e-210
 3.64966e+11	3.03e-45	3.49e-34	5.08e-24	1.70e-14	2.96e-04	4.73e-01	5.27e-01	0.00e+00	0.00e+00	0.00e+00	0.00e+00	0.00e+00	2.11e-275
 4.09491e+11	0.00e+00	5.00e-34	6.73e-24	2.07e-14	3.35e-04	4.93e-01	5.07e-01	0.00e+00	0.00e+00	0.00e+00	0.00e+00	0.00e+00	8.83e-165
 4.55797e+11	7.29e-45	7.15e-34	8.90e-24	2.53e-14	3.78e-04	5.13e-01	4.87e-01	0.00e+00	0.00e+00	0.00e+00	0.00e+00	0.00e+00	1.05e-230
 5.03956e+11	0.00e+00	1.02e-33	1.18e-23	3.09e-14	4.26e-04	5.32e-01	4.67e-01	0.00e+00	0.00e+00	0.00e+00	0.00e+00	0.00e+00	8.07e-297
 5.54041e+11	1.74e-44	1.46e-33	1.55e-23	3.77e-14	4.80e-04	5.52e-01	4.48e-01	0.00e+00	0.00e+00	0.00e+00	0.00e+00	0.00e+00	1.23e-141
 6.06129e+11	0.00e+00	2.08e-33	2.04e-23	4.58e-14	5.39e-04	5.71e-01	4.28e-01	0.00e+00	0.00e+00	0.00e+00	0.00e+00	0.00e+00	3.42e-208
 6.60301e+11	4.15e-44	2.97e-33	2.69e-23	5.57e-14	6.05e-04	5.91e-01	4.09e-01	0.00e+00	0.00e+00	0.00e+00	0.00e+00	0.00e+00	1.21e-140
 7.16640e+11	0.00e+00	4.22e-33	3.54e-23	6.76e-14	6.78e-04	6.10e-01	3.90e-01	0.00e+00	0.00e+00	0.00e+00	0.00e+00	0.00e+00	1.26e-207
 7.75233e+11	9.86e-44	6.01e-33	4.64e-23	8.20e-14	7.60e-04	6.29e-01	3.71e-01	0.00e+00	0.00e+00	0.00e+00	0.00e+00	0.00e+00	1.18e-139
 8.36169e+11	0.00e+00	8.54e-33	6.09e-23	9.94e-14	8.50e-04	6.47e-01	3.52e-01	0.00e+00	0.00e+00	0.00e+00	0.00e+00	0.00e+00	4.58e-207
 8.99542e+11	2.33e-43	1.21e-32	7.99e-23	1.20e-13	9.49e-04	6.65e-01	3.34e-01	0.00e+00	0.00e+00	0.00e+00	0.00e+00	0.00e+00	1.16e-138
 9.61572e+11	0.00e+00	1.68e-32	1.03e-22	1.44e-13	1.05e-03	6.81e-01	3.18e-01	0.00e+00	0.00e+00	0.00e+00	0.00e+00	0.00e+00	1.66e-206
 1.01899e+12	5.02e-43	2.26e-32	1.29e-22	1.69e-13	1.15e-03	6.96e-01	3.03e-01	0.00e+00	0.00e+00	0.00e+00	0.00e+00	0.00e+00	8.89e-138
 1.08258e+12	0.00e+00	3.10e-32	1.65e-22	2.00e-13	1.27e-03	7.11e-01	2.88e-01	0.00e+00	0.00e+00	0.00e+00	0.00e+00	0.00e+00	5.10e-206
 1.15581e+12	1.13e-42	4.38e-32	2.15e-22	2.41e-13	1.42e-03	7.27e-01	2.72e-01	0.00e+00	0.00e+00	0.00e+00	0.00e+00	0.00e+00	7.79e-137
 1.22783e+12	0.00e+00	6.09e-32	2.77e-22	2.88e-13	1.57e-03	7.41e-01	2.57e-01	0.00e+00	0.00e+00	0.00e+00	0.00e+00	0.00e+00	1.56e-205
 1.30273e+12	2.55e-42	8.47e-32	3.57e-22	3.43e-13	1.73e-03	7.55e-01	2.43e-01	0.00e+00	0.00e+00	0.00e+00	0.00e+00	0.00e+00	6.78e-136
 1.38477e+12	0.00e+00	1.20e-31	4.66e-22	4.13e-13	1.92e-03	7.70e-01	2.28e-01	0.00e+00	0.00e+00	0.00e+00	0.00e+00	0.00e+00	4.35e-205
 1.46805e+12	5.93e-42	1.68e-31	6.05e-22	4.95e-13	2.13e-03	7.83e-01	2.15e-01	0.00e+00	0.00e+00	0.00e+00	0.00e+00	0.00e+00	6.50e-135
 1.55467e+12	0.00e+00	2.36e-31	7.84e-22	5.93e-13	2.35e-03	7.96e-01	2.02e-01	0.00e+00	0.00e+00	0.00e+00	0.00e+00	0.00e+00	1.09e-204
 1.64678e+12	1.38e-41	3.34e-31	1.02e-21	7.13e-13	2.61e-03	8.09e-01	1.89e-01	0.00e+00	0.00e+00	0.00e+00	0.00e+00	0.00e+00	6.25e-134
 1.74258e+12	0.00e+00	4.72e-31	1.33e-21	8.57e-13	2.89e-03	8.20e-01	1.77e-01	0.00e+00	0.00e+00	0.00e+00	0.00e+00	0.00e+00	1.25e-204
 1.84221e+12	3.25e-41	6.67e-31	1.74e-21	1.03e-12	3.20e-03	8.32e-01	1.65e-01	0.00e+00	0.00e+00	0.00e+00	0.00e+00	0.00e+00	6.19e-133
 1.94583e+12	0.00e+00	9.44e-31	2.27e-21	1.24e-12	3.54e-03	8.42e-01	1.54e-01	0.00e+00	0.00e+00	0.00e+00	0.00e+00	0.00e+00	0.00e+00
 2.05359e+12	7.65e-41	1.34e-30	2.96e-21	1.49e-12	3.92e-03	8.52e-01	1.44e-01	0.00e+00	0.00e+00	0.00e+00	0.00e+00	0.00e+00	6.17e-132
 2.16566e+12	0.00e+00	1.89e-30	3.86e-21	1.79e-12	4.34e-03	8.62e-01	1.34e-01	0.00e+00	0.00e+00	0.00e+00	0.00e+00	0.00e+00	0.00e+00
 2.28221e+12	1.81e-40	2.68e-30	5.03e-21	2.15e-12	4.80e-03	8.71e-01	1.25e-01	0.00e+00	0.00e+00	0.00e+00	0.00e+00	0.00e+00	6.18e-131
 2.39196e+12	0.00e+00	3.67e-30	6.41e-21	2.53e-12	5.25e-03	8.78e-01	1.17e-01	0.00e+00	0.00e+00	0.00e+00	0.00e+00	0.00e+00	0.00e+00
 2.49033e+12	3.75e-40	4.83e-30	7.90e-21	2.93e-12	5.68e-03	8.84e-01	1.10e-01	0.00e+00	0.00e+00	0.00e+00	0.00e+00	0.00e+00	4.37e-130
 2.60083e+12	0.00e+00	6.51e-30	9.93e-21	3.43e-12	6.19e-03	8.91e-01	1.03e-01	0.00e+00	0.00e+00	0.00e+00	0.00e+00	0.00e+00	0.00e+00
 2.73152e+12	8.28e-40	9.17e-30	1.29e-20	4.10e-12	6.83e-03	8.97e-01	9.59e-02	0.00e+00	0.00e+00	0.00e+00	0.00e+00	0.00e+00	3.66e-129
 2.86215e+12	0.00e+00	1.27e-29	1.66e-20	4.87e-12	7.50e-03	9.03e-01	8.93e-02	0.00e+00	0.00e+00	0.00e+00	0.00e+00	0.00e+00	0.00e+00
 2.98507e+12	1.80e-39	1.72e-29	2.08e-20	5.70e-12	8.17e-03	9.08e-01	8.36e-02	0.00e+00	0.00e+00	0.00e+00	0.00e+00	0.00e+00	2.94e-128
 3.12148e+12	0.00e+00	2.37e-29	2.67e-20	6.75e-12	8.95e-03	9.13e-01	7.79e-02	0.00e+00	0.00e+00	0.00e+00	0.00e+00	0.00e+00	0.00e+00
 3.27626e+12	4.15e-39	3.38e-29	3.49e-20	8.12e-12	9.88e-03	9.18e-01	7.20e-02	0.00e+00	0.00e+00	0.00e+00	0.00e+00	0.00e+00	2.75e-127
 3.43081e+12	0.00e+00	4.75e-29	4.53e-20	9.70e-12	1.09e-02	9.22e-01	6.67e-02	0.00e+00	0.00e+00	0.00e+00	0.00e+00	0.00e+00	0.00e+00
 3.59153e+12	9.64e-39	6.67e-29	5.87e-20	1.16e-11	1.20e-02	9.26e-01	6.17e-02	0.00e+00	0.00e+00	0.00e+00	0.00e+00	0.00e+00	2.61e-126
 3.76512e+12	0.00e+00	9.53e-29	7.71e-20	1.40e-11	1.32e-02	9.30e-01	5.69e-02	0.00e+00	0.00e+00	0.00e+00	0.00e+00	0.00e+00	0.00e+00
 3.94565e+12	2.33e-38	1.36e-28	1.01e-19	1.68e-11	1.46e-02	9.33e-01	5.24e-02	0.00e+00	0.00e+00	0.00e+00	0.00e+00	0.00e+00	2.75e-125
 4.11603e+12	0.00e+00	1.88e-28	1.30e-19	1.99e-11	1.60e-02	9.35e-01	4.86e-02	0.00e+00	0.00e+00	0.00e+00	0.00e+00	0.00e+00	0.00e+00
 4.26947e+12	4.94e-38	2.49e-28	1.61e-19	2.31e-11	1.73e-02	9.37e-01	4.55e-02	0.00e+00	0.00e+00	0.00e+00	0.00e+00	0.00e+00	2.04e-124
 4.44218e+12	0.00e+00	3.41e-28	2.04e-19	2.71e-11	1.88e-02	9.39e-01	4.23e-02	0.00e+00	0.00e+00	0.00e+00	0.00e+00	0.00e+00	0.00e+00
 4.64556e+12	1.12e-37	4.84e-28	2.67e-19	3.26e-11	2.08e-02	9.40e-01	3.89e-02	0.00e+00	0.00e+00	0.00e+00	0.00e+00	0.00e+00	1.82e-123
 4.84805e+12	0.00e+00	6.80e-28	3.46e-19	3.89e-11	2.28e-02	9.41e-01	3.59e-02	0.00e+00	0.00e+00	0.00e+00	0.00e+00	0.00e+00	0.00e+00
 5.03851e+12	2.50e-37	9.26e-28	4.38e-19	4.56e-11	2.48e-02	9.42e-01	3.33e-02	0.00e+00	0.00e+00	0.00e+00	0.00e+00	0.00e+00	1.53e-122
 5.24984e+12	0.00e+00	1.29e-27	5.63e-19	5.42e-11	2.71e-02	9.42e-01	3.07e-02	0.00e+00	0.00e+00	0.00e+00	0.00e+00	0.00e+00	0.00e+00
 5.48976e+12	5.88e-37	1.85e-27	7.42e-19	6.54e-11	2.99e-02	9.42e-01	2.81e-02	0.00e+00	0.00e+00	0.00e+00	0.00e+00	0.00e+00	1.49e-121
 5.72806e+12	0.00e+00	2.62e-27	9.70e-19	7.85e-11	3.29e-02	9.41e-01	2.58e-02	0.00e+00	0.00e+00	0.00e+00	0.00e+00	0.00e+00	0.00e+00
 5.95952e+12	1.36e-36	3.64e-27	1.24e-18	9.29e-11	3.59e-02	9.40e-01	2.38e-02	0.00e+00	0.00e+00	0.00e+00	0.00e+00	0.00e+00	1.37e-120
 6.21147e+12	0.00e+00	5.11e-27	1.61e-18	1.11e-10	3.93e-02	9.39e-01	2.19e-02	0.00e+00	0.00e+00	0.00e+00	0.00e+00	0.00e+00	0.00e+00
 6.48985e+12	3.27e-36	7.39e-27	2.14e-18	1.34e-10	4.34e-02	9.37e-01	1.99e-02	0.00e+00	0.00e+00	0.00e+00	0.00e+00	0.00e+00	1.41e-119
 6.77201e+12	0.00e+00	1.06e-26	2.81e-18	1.62e-10	4.77e-02	9.34e-01	1.82e-02	0.00e+00	0.00e+00	0.00e+00	0.00e+00	0.00e+00	0.00e+00
 7.04757e+12	7.72e-36	1.48e-26	3.64e-18	1.92e-10	5.22e-02	9.31e-01	1.67e-02	0.00e+00	0.00e+00	0.00e+00	0.00e+00	0.00e+00	1.36e-118
 7.34153e+12	0.00e+00	2.09e-26	4.75e-18	2.30e-10	5.71e-02	9.28e-01	1.52e-02	0.00e+00	0.00e+00	0.00e+00	0.00e+00	0.00e+00	0.00e+00
 7.66511e+12	1.87e-35	3.02e-26	6.29e-18	2.78e-10	6.29e-02	9.23e-01	1.38e-02	0.00e+00	0.00e+00	0.00e+00	0.00e+00	0.00e+00	1.41e-117
 8.00164e+12	0.00e+00	4.36e-26	8.34e-18	3.37e-10	6.92e-02	9.18e-01	1.25e-02	0.00e+00	0.00e+00	0.00e+00	0.00e+00	0.00e+00	0.00e+00
 8.35164e+12	4.63e-35	6.30e-26	1.11e-17	4.07e-10	7.60e-02	9.13e-01	1.13e-02	0.00e+00	0.00e+00	0.00e+00	0.00e+00	0.00e+00	1.55e-116
 8.71563e+12	0.00e+00	9.09e-26	1.46e-17	4.93e-10	8.36e-02	9.06e-01	1.03e-02	0.00e+00	0.00e+00	0.00e+00	0.00e+00	0.00e+00	0.00e+00
 9.09418e+12	1.15e-34	1.31e-25	1.94e-17	5.96e-10	9.17e-02	8.99e-01	9.27e-03	0.00e+00	0.00e+00	0.00e+00	0.00e+00	0.00e+00	1.70e-115
 9.43676e+12	1.70e-34	1.81e-25	2.48e-17	7.03e-10	9.95e-02	8.92e-01	8.47e-03	0.00e+00	0.00e+00	0.00e+00	0.00e+00	0.00e+00	8.09e-98
 9.72250e+12	2.34e-34	2.34e-25	3.02e-17	8.03e-10	1.06e-01	8.86e-01	7.87e-03	0.00e+00	0.00e+00	0.00e+00	0.00e+00	0.00e+00	0.00e+00
 1.00357e+13	3.27e-34	3.07e-25	3.73e-17	9.25e-10	1.14e-01	8.79e-01	7.27e-03	0.00e+00	0.00e+00	0.00e+00	0.00e+00	0.00e+00	2.73e-114
 1.04319e+13	4.93e-34	4.28e-25	4.82e-17	1.10e-09	1.23e-01	8.70e-01	6.60e-03	0.00e+00	0.00e+00	0.00e+00	0.00e+00	0.00e+00	8.76e-97
 1.08450e+13	7.46e-34	5.99e-25	6.24e-17	1.31e-09	1.34e-01	8.60e-01	5.97e-03	0.00e+00	0.00e+00	0.00e+00	0.00e+00	0.00e+00	0.00e+00
 1.11977e+13	1.05e-33	7.88e-25	7.72e-17	1.51e-09	1.43e-01	8.51e-01	5.49e-03	0.00e+00	0.00e+00	0.00e+00	0.00e+00	0.00e+00	5.94e-113
 1.15628e+13	1.47e-33	1.04e-24	9.53e-17	1.74e-09	1.53e-01	8.42e-01	5.05e-03	0.00e+00	0.00e+00	0.00e+00	0.00e+00	0.00e+00	9.93e-96
 1.20195e+13	2.20e-33	1.44e-24	1.23e-16	2.06e-09	1.66e-01	8.30e-01	4.55e-03	0.00e+00	0.00e+00	0.00e+00	0.00e+00	0.00e+00	0.00e+00
 1.24832e+13	3.28e-33	1.99e-24	1.58e-16	2.43e-09	1.79e-01	8.17e-01	4.11e-03	0.00e+00	0.00e+00	0.00e+00	0.00e+00	0.00e+00	1.24e-111
 1.28854e+13	4.55e-33	2.60e-24	1.94e-16	2.79e-09	1.91e-01	8.06e-01	3.77e-03	0.00e+00	0.00e+00	0.00e+00	0.00e+00	0.00e+00	1.24e-94
 1.33198e+13	6.41e-33	3.43e-24	2.40e-16	3.22e-09	2.03e-01	7.93e-01	3.44e-03	0.00e+00	0.00e+00	0.00e+00	0.00e+00	0.00e+00	7.48e-111
 1.38515e+13	9.57e-33	4.75e-24	3.09e-16	3.80e-09	2.19e-01	7.78e-01	3.08e-03	0.00e+00	0.00e+00	0.00e+00	0.00e+00	0.00e+00	6.53e-94
 1.43939e+13	1.42e-32	6.52e-24	3.95e-16	4.47e-09	2.35e-01	7.62e-01	2.76e-03	0.00e+00	0.00e+00	0.00e+00	0.00e+00	0.00e+00	6.33e-110
 1.48883e+13	1.99e-32	8.59e-24	4.88e-16	5.15e-09	2.50e-01	7.47e-01	2.51e-03	0.00e+00	0.00e+00	0.00e+00	0.00e+00	0.00e+00	3.37e-93
 1.54365e+13	2.86e-32	1.15e-23	6.12e-16	5.98e-09	2.67e-01	7.31e-01	2.26e-03	0.00e+00	0.00e+00	0.00e+00	0.00e+00	0.00e+00	4.26e-109
 1.60762e+13	4.27e-32	1.60e-23	7.88e-16	7.06e-09	2.86e-01	7.12e-01	2.00e-03	0.00e+00	0.00e+00	0.00e+00	0.00e+00	0.00e+00	1.89e-92
 1.67109e+13	6.25e-32	2.17e-23	9.99e-16	8.25e-09	3.05e-01	6.93e-01	1.79e-03	0.00e+00	0.00e+00	0.00e+00	0.00e+00	0.00e+00	3.64e-108
 1.73164e+13	8.84e-32	2.87e-23	1.24e-15	9.49e-09	3.24e-01	6.75e-01	1.60e-03	0.00e+00	0.00e+00	0.00e+00	0.00e+00	0.00e+00	9.85e-92
 1.79843e+13	1.27e-31	3.86e-23	1.55e-15	1.10e-08	3.43e-01	6.55e-01	1.43e-03	0.00e+00	0.00e+00	0.00e+00	0.00e+00	0.00e+00	2.60e-107
 1.87336e+13	1.88e-31	5.29e-23	1.98e-15	1.29e-08	3.65e-01	6.34e-01	1.26e-03	0.00e+00	0.00e+00	0.00e+00	0.00e+00	0.00e+00	5.54e-91
 1.94853e+13	2.73e-31	7.14e-23	2.49e-15	1.49e-08	3.87e-01	6.12e-01	1.11e-03	0.00e+00	0.00e+00	0.00e+00	0.00e+00	0.00e+00	2.19e-106
 2.01581e+13	3.75e-31	9.22e-23	3.03e-15	1.69e-08	4.06e-01	5.93e-01	1.00e-03	0.00e+00	0.00e+00	0.00e+00	0.00e+00	0.00e+00	2.73e-90
 2.07558e+13	4.92e-31	1.15e-22	3.58e-15	1.88e-08	4.22e-01	5.77e-01	9.11e-04	0.00e+00	0.00e+00	0.00e+00	0.00e+00	0.00e+00	1.16e-105
 2.14339e+13	6.61e-31	1.46e-22	4.29e-15	2.11e-08	4.40e-01	5.59e-01	8.21e-04	0.00e+00	0.00e+00	0.00e+00	0.00e+00	0.00e+00	1.03e-89
 2.21879e+13	9.08e-31	1.88e-22	5.20e-15	2.39e-08	4.60e-01	5.40e-01	7.33e-04	0.00e+00	0.00e+00	0.00e+00	0.00e+00	0.00e+00	6.65e-105
 2.28948e+13	1.21e-30	2.36e-22	6.18e-15	2.67e-08	4.78e-01	5.22e-01	6.61e-04	0.00e+00	0.00e+00	0.00e+00	0.00e+00	0.00e+00	4.21e-89
 2.36678e+13	1.63e-30	3.00e-22	7.41e-15	2.99e-08	4.96e-01	5.03e-01	5.92e-04	0.00e+00	0.00e+00	0.00e+00	0.00e+00	0.00e+00	3.58e-104
 2.45345e+13	2.25e-30	3.88e-22	9.01e-15	3.37e-08	5.17e-01	4.83e-01	5.25e-04	0.00e+00	0.00e+00	0.00e+00	0.00e+00	0.00e+00	1.84e-88
 2.53576e+13	3.01e-30	4.90e-22	1.07e-14	3.77e-08	5.35e-01	4.64e-01	4.69e-04	0.00e+00	0.00e+00	0.00e+00	0.00e+00	0.00e+00	2.14e-103
 2.62625e+13	4.10e-30	6.27e-22	1.29e-14	4.22e-08	5.55e-01	4.45e-01	4.16e-04	0.00e+00	0.00e+00	0.00e+00	0.00e+00	0.00e+00	7.76e-88
 2.72752e+13	5.72e-30	8.17e-22	1.58e-14	4.77e-08	5.76e-01	4.24e-01	3.65e-04	0.00e+00	0.00e+00	0.00e+00	0.00e+00	0.00e+00	1.40e-102
 2.82360e+13	7.72e-30	1.04e-21	1.88e-14	5.32e-08	5.95e-01	4.05e-01	3.23e-04	0.00e+00	0.00e+00	0.00e+00	0.00e+00	0.00e+00	3.57e-87
 2.91230e+13	1.01e-29	1.28e-21	2.21e-14	5.86e-08	6.11e-01	3.89e-01	2.89e-04	0.00e+00	0.00e+00	0.00e+00	0.00e+00	0.00e+00	7.54e-102
 3.01060e+13	1.34e-29	1.61e-21	2.61e-14	6.49e-08	6.29e-01	3.71e-01	2.57e-04	0.00e+00	0.00e+00	0.00e+00	0.00e+00	0.00e+00	1.37e-86
 3.12094e+13	1.82e-29	2.05e-21	3.13e-14	7.23e-08	6.47e-01	3.53e-01	2.26e-04	0.00e+00	0.00e+00	0.00e+00	0.00e+00	0.00e+00	4.44e-101
 3.22543e+13	2.41e-29	2.56e-21	3.68e-14	7.98e-08	6.63e-01	3.36e-01	2.01e-04	0.00e+00	0.00e+00	0.00e+00	0.00e+00	0.00e+00	5.78e-86
 3.33975e+13	3.23e-29	3.22e-21	4.37e-14	8.83e-08	6.80e-01	3.20e-01	1.77e-04	0.00e+00	0.00e+00	0.00e+00	0.00e+00	0.00e+00	2.50e-100
 3.46619e+13	4.42e-29	4.12e-21	5.23e-14	9.83e-08	6.98e-01	3.02e-01	1.54e-04	0.00e+00	0.00e+00	0.00e+00	0.00e+00	0.00e+00	2.60e-85
 3.58347e+13	5.83e-29	5.13e-21	6.14e-14	1.08e-07	7.13e-01	2.87e-01	1.36e-04	0.00e+00	0.00e+00	0.00e+00	0.00e+00	0.00e+00	1.50e-99
 3.71104e+13	7.80e-29	6.44e-21	7.26e-14	1.19e-07	7.28e-01	2.72e-01	1.20e-04	0.00e+00	0.00e+00	0.00e+00	0.00e+00	0.00e+00	1.08e-84
 3.85380e+13	1.06e-28	8.23e-21	8.68e-14	1.32e-07	7.44e-01	2.56e-01	1.04e-04	0.00e+00	0.00e+00	0.00e+00	0.00e+00	0.00e+00	9.51e-99
 3.98861e+13	1.41e-28	1.03e-20	1.02e-13	1.45e-07	7.58e-01	2.42e-01	9.12e-05	0.00e+00	0.00e+00	0.00e+00	0.00e+00	0.00e+00	4.82e-84
 4.13531e+13	1.90e-28	1.29e-20	1.21e-13	1.60e-07	7.72e-01	2.28e-01	7.95e-05	0.00e+00	0.00e+00	0.00e+00	0.00e+00	0.00e+00	5.69e-98
 4.29887e+13	2.61e-28	1.66e-20	1.44e-13	1.77e-07	7.87e-01	2.13e-01	6.85e-05	0.00e+00	0.00e+00	0.00e+00	0.00e+00	0.00e+00	2.28e-83
 4.45430e+13	3.48e-28	2.08e-20	1.70e-13	1.94e-07	7.99e-01	2.01e-01	5.98e-05	0.00e+00	0.00e+00	0.00e+00	0.00e+00	0.00e+00	3.74e-97
 4.62080e+13	4.68e-28	2.62e-20	2.00e-13	2.13e-07	8.11e-01	1.88e-01	5.19e-05	0.00e+00	0.00e+00	0.00e+00	0.00e+00	0.00e+00	1.03e-82
 4.80862e+13	6.46e-28	3.36e-20	2.40e-13	2.36e-07	8.24e-01	1.76e-01	4.45e-05	0.00e+00	0.00e+00	0.00e+00	0.00e+00	0.00e+00	2.59e-96
 4.99444e+13	8.76e-28	4.26e-20	2.84e-13	2.60e-07	8.36e-01	1.64e-01	3.84e-05	0.00e+00	0.00e+00	0.00e+00	0.00e+00	0.00e+00	5.16e-82
 5.18770e+13	1.19e-27	5.39e-20	3.36e-13	2.85e-07	8.46e-01	1.54e-01	3.31e-05	0.00e+00	0.00e+00	0.00e+00	0.00e+00	0.00e+00	1.77e-95
 5.39820e+13	1.63e-27	6.90e-20	4.00e-13	3.14e-07	8.57e-01	1.43e-01	2.83e-05	0.00e+00	0.00e+00	0.00e+00	0.00e+00	0.00e+00	2.61e-81
 5.61712e+13	2.25e-27	8.81e-20	4.76e-13	3.46e-07	8.67e-01	1.33e-01	2.42e-05	0.00e+00	0.00e+00	0.00e+00	0.00e+00	0.00e+00	1.33e-94
 5.84480e+13	3.08e-27	1.13e-19	5.66e-13	3.80e-07	8.76e-01	1.24e-01	2.07e-05	0.00e+00	0.00e+00	0.00e+00	0.00e+00	0.00e+00	1.37e-80
 6.06833e+13	4.16e-27	1.42e-19	6.66e-13	4.15e-07	8.85e-01	1.15e-01	1.79e-05	0.00e+00	0.00e+00	0.00e+00	0.00e+00	0.00e+00	9.40e-94
 6.27654e+13	5.44e-27	1.74e-19	7.70e-13	4.49e-07	8.92e-01	1.08e-01	1.56e-05	0.00e+00	0.00e+00	0.00e+00	0.00e+00	0.00e+00	6.12e-80
 6.50632e+13	7.23e-27	2.17e-19	8.98e-13	4.88e-07	8.99e-01	1.01e-01	1.36e-05	0.00e+00	0.00e+00	0.00e+00	0.00e+00	0.00e+00	5.51e-93
 6.74199e+13	9.59e-27	2.69e-19	1.05e-12	5.30e-07	9.05e-01	9.46e-02	1.18e-05	0.00e+00	0.00e+00	0.00e+00	0.00e+00	0.00e+00	2.74e-79
 6.93920e+13	1.21e-26	3.21e-19	1.18e-12	5.66e-07	9.10e-01	8.96e-02	1.05e-05	0.00e+00	0.00e+00	0.00e+00	0.00e+00	0.00e+00	2.83e-92
 7.14753e+13	1.52e-26	3.84e-19	1.34e-12	6.05e-07	9.15e-01	8.47e-02	9.35e-06	0.00e+00	0.00e+00	0.00e+00	0.00e+00	0.00e+00	9.43e-79
 7.41208e+13	2.03e-26	4.79e-19	1.56e-12	6.57e-07	9.21e-01	7.91e-02	8.09e-06	0.00e+00	0.00e+00	0.00e+00	0.00e+00	0.00e+00	1.51e-91
 7.68855e+13	2.72e-26	5.98e-19	1.82e-12	7.13e-07	9.26e-01	7.37e-02	6.99e-06	0.00e+00	0.00e+00	0.00e+00	0.00e+00	0.00e+00	4.41e-78
 7.93429e+13	3.49e-26	7.23e-19	2.07e-12	7.64e-07	9.31e-01	6.94e-02	6.18e-06	0.00e+00	0.00e+00	0.00e+00	0.00e+00	0.00e+00	8.60e-91
 8.20126e+13	4.54e-26	8.83e-19	2.38e-12	8.21e-07	9.35e-01	6.52e-02	5.42e-06	0.00e+00	0.00e+00	0.00e+00	0.00e+00	0.00e+00	1.74e-77
 8.49853e+13	6.01e-26	1.09e-18	2.76e-12	8.88e-07	9.39e-01	6.08e-02	4.70e-06	0.00e+00	0.00e+00	0.00e+00	0.00e+00	0.00e+00	4.96e-90
 8.77591e+13	7.76e-26	1.33e-18	3.15e-12	9.52e-07	9.43e-01	5.72e-02	4.14e-06	0.00e+00	0.00e+00	0.00e+00	0.00e+00	0.00e+00	7.37e-77
 9.07726e+13	1.01e-25	1.63e-18	3.62e-12	1.02e-06	9.46e-01	5.36e-02	3.62e-06	0.00e+00	0.00e+00	0.00e+00	0.00e+00	0.00e+00	1.52e-76
 9.41333e+13	1.35e-25	2.03e-18	4.21e-12	1.11e-06	9.50e-01	4.99e-02	3.13e-06	0.00e+00	0.00e+00	0.00e+00	0.00e+00	0.00e+00	3.30e-76
 9.72802e+13	1.76e-25	2.47e-18	4.81e-12	1.19e-06	9.53e-01	4.69e-02	2.75e-06	0.00e+00	0.00e+00	0.00e+00	0.00e+00	0.00e+00	6.69e-76
 1.00706e+14	2.31e-25	3.04e-18	5.55e-12	1.28e-06	9.56e-01	4.38e-02	2.40e-06	0.00e+00	0.00e+00	0.00e+00	0.00e+00	0.00e+00	1.41e-75
 1.04531e+14	3.10e-25	3.80e-18	6.46e-12	1.38e-06	9.59e-01	4.07e-02	2.07e-06	0.00e+00	0.00e+00	0.00e+00	0.00e+00	0.00e+00	3.13e-75
 1.08125e+14	4.06e-25	4.66e-18	7.42e-12	1.48e-06	9.62e-01	3.82e-02	1.81e-06	0.00e+00	0.00e+00	0.00e+00	0.00e+00	0.00e+00	6.50e-75
 1.12041e+14	5.39e-25	5.77e-18	8.57e-12	1.60e-06	9.64e-01	3.56e-02	1.57e-06	0.00e+00	0.00e+00	0.00e+00	0.00e+00	0.00e+00	1.40e-74
 1.16424e+14	7.30e-25	7.26e-18	1.00e-11	1.73e-06	9.67e-01	3.30e-02	1.35e-06	0.00e+00	0.00e+00	0.00e+00	0.00e+00	0.00e+00	3.21e-74
 1.20572e+14	9.65e-25	8.96e-18	1.15e-11	1.86e-06	9.69e-01	3.09e-02	1.17e-06	0.00e+00	0.00e+00	0.00e+00	0.00e+00	0.00e+00	6.85e-74
 1.25017e+14	1.29e-24	1.11e-17	1.34e-11	2.01e-06	9.71e-01	2.88e-02	1.02e-06	0.00e+00	0.00e+00	0.00e+00	0.00e+00	0.00e+00	1.50e-73
 1.30047e+14	1.76e-24	1.41e-17	1.57e-11	2.18e-06	9.73e-01	2.66e-02	8.69e-07	0.00e+00	0.00e+00	0.00e+00	0.00e+00	0.00e+00	3.52e-73
 1.34997e+14	2.37e-24	1.76e-17	1.82e-11	2.35e-06	9.75e-01	2.47e-02	0.00e+00	0.00e+00	0.00e+00	0.00e+00	0.00e+00	0.00e+00	7.93e-73
 1.40144e+14	3.19e-24	2.21e-17	2.12e-11	2.54e-06	9.77e-01	2.30e-02	0.00e+00	0.00e+00	0.00e+00	0.00e+00	0.00e+00	0.00e+00	1.79e-72
 1.45780e+14	4.36e-24	2.79e-17	2.48e-11	2.75e-06	9.79e-01	2.13e-02	0.00e+00	0.00e+00	0.00e+00	0.00e+00	0.00e+00	0.00e+00	4.20e-72
 1.51507e+14	5.92e-24	3.52e-17	2.90e-11	2.98e-06	9.80e-01	1.97e-02	0.00e+00	0.00e+00	0.00e+00	0.00e+00	0.00e+00	0.00e+00	9.69e-72
 1.57463e+14	8.04e-24	4.43e-17	3.39e-11	3.22e-06	9.82e-01	1.83e-02	0.00e+00	0.00e+00	0.00e+00	0.00e+00	0.00e+00	0.00e+00	2.24e-71
 1.63427e+14	1.08e-23	5.53e-17	3.94e-11	3.48e-06	9.83e-01	1.70e-02	0.00e+00	0.00e+00	0.00e+00	0.00e+00	1.77e-17	3.76e-17	5.00e-71
 1.69073e+14	1.41e-23	6.77e-17	4.51e-11	3.73e-06	9.84e-01	1.59e-02	0.00e+00	0.00e+00	0.00e+00	0.00e+00	2.25e-17	4.53e-17	1.05e-70
 1.75310e+14	1.88e-23	8.41e-17	5.22e-11	4.01e-06	9.85e-01	1.48e-02	0.00e+00	0.00e+00	0.00e+00	0.00e+00	2.79e-17	5.62e-17	2.29e-70
 1.81555e+14	2.48e-23	1.04e-16	6.01e-11	4.31e-06	9.86e-01	1.38e-02	0.00e+00	0.00e+00	0.00e+00	0.00e+00	3.44e-17	6.92e-17	4.87e-70
 1.86734e+14	3.10e-23	1.23e-16	6.73e-11	4.57e-06	9.87e-01	1.30e-02	0.00e+00	0.00e+00	0.00e+00	0.00e+00	4.07e-17	8.19e-17	8.96e-70
 1.92225e+14	3.90e-23	1.46e-16	7.56e-11	4.85e-06	9.88e-01	1.23e-02	0.00e+00	0.00e+00	0.00e+00	0.00e+00	4.83e-17	9.73e-17	1.67e-69
 1.99250e+14	5.18e-23	1.80e-16	8.74e-11	5.22e-06	9.89e-01	1.14e-02	0.00e+00	0.00e+00	0.00e+00	0.00e+00	5.99e-17	1.21e-16	3.63e-69
 2.06627e+14	6.91e-23	2.24e-16	1.01e-10	5.62e-06	9.89e-01	1.06e-02	0.00e+00	0.00e+00	0.00e+00	0.00e+00	7.44e-17	1.50e-16	8.01e-69
 2.13145e+14	8.83e-23	2.70e-16	1.15e-10	5.99e-06	9.90e-01	9.98e-03	0.00e+00	0.00e+00	0.00e+00	0.00e+00	8.95e-17	1.80e-16	1.55e-68
 2.20189e+14	1.14e-22	3.27e-16	1.31e-10	6.41e-06	9.91e-01	9.34e-03	0.00e+00	0.00e+00	0.00e+00	0.00e+00	1.09e-16	2.19e-16	3.11e-68
 2.28669e+14	1.54e-22	4.10e-16	1.53e-10	6.93e-06	9.91e-01	8.65e-03	0.00e+00	0.00e+00	0.00e+00	0.00e+00	1.36e-16	2.74e-16	7.00e-68
 2.37271e+14	2.05e-22	5.11e-16	1.77e-10	7.48e-06	9.92e-01	8.03e-03	0.00e+00	0.00e+00	0.00e+00	0.00e+00	1.70e-16	3.41e-16	1.54e-67
 2.45322e+14	2.67e-22	6.24e-16	2.03e-10	8.01e-06	9.92e-01	7.51e-03	0.00e+00	0.00e+00	0.00e+00	0.00e+00	2.07e-16	4.17e-16	3.17e-67
 2.54269e+14	3.54e-22	7.72e-16	2.35e-10	8.63e-06	9.93e-01	6.98e-03	0.00e+00	0.00e+00	0.00e+00	0.00e+00	2.56e-16	5.16e-16	6.78e-67
 2.63761e+14	4.73e-22	9.61e-16	2.72e-10	9.31e-06	9.94e-01	6.48e-03	0.00e+00	0.00e+00	0.00e+00	0.00e+00	3.19e-16	6.42e-16	1.49e-66
 2.72197e+14	6.06e-22	1.16e-15	3.09e-10	9.94e-06	9.94e-01	6.07e-03	0.00e+00	0.00e+00	0.00e+00	0.00e+00	3.84e-16	7.74e-16	2.91e-66
 2.81272e+14	7.84e-22	1.41e-15	3.53e-10	1.06e-05	9.94e-01	5.68e-03	0.00e+00	0.00e+00	0.00e+00	0.00e+00	4.67e-16	9.41e-16	5.89e-66
 2.92144e+14	1.06e-21	1.77e-15	4.12e-10	1.15e-05	9.95e-01	5.25e-03	0.00e+00	0.00e+00	0.00e+00	0.00e+00	5.86e-16	1.18e-15	1.32e-65
 3.02840e+14	1.40e-21	2.19e-15	4.77e-10	1.24e-05	9.95e-01	4.88e-03	0.00e+00	0.00e+00	0.00e+00	0.00e+00	7.25e-16	1.46e-15	2.84e-65
 3.12364e+14	1.79e-21	2.63e-15	5.41e-10	1.32e-05	9.95e-01	4.58e-03	0.00e+00	0.00e+00	0.00e+00	0.00e+00	8.73e-16	1.76e-15	5.50e-65
 3.22878e+14	2.32e-21	3.20e-15	6.19e-10	1.42e-05	9.96e-01	4.28e-03	0.00e+00	0.00e+00	0.00e+00	0.00e+00	1.06e-15	2.14e-15	1.11e-64
 3.35412e+14	3.12e-21	4.02e-15	7.23e-10	1.54e-05	9.96e-01	3.96e-03	0.00e+00	0.00e+00	0.00e+00	0.00e+00	1.33e-15	2.69e-15	2.50e-64
 3.47847e+14	4.15e-21	4.99e-15	8.39e-10	1.66e-05	9.96e-01	3.67e-03	0.00e+00	0.00e+00	0.00e+00	0.00e+00	1.65e-15	3.34e-15	5.44e-64
 3.59206e+14	5.34e-21	6.04e-15	9.55e-10	1.77e-05	9.97e-01	3.44e-03	0.00e+00	0.00e+00	0.00e+00	0.00e+00	2.00e-15	4.04e-15	1.08e-63
 3.71890e+14	7.00e-21	7.42e-15	1.10e-09	1.90e-05	9.97e-01	3.20e-03	0.00e+00	0.00e+00	0.00e+00	0.00e+00	2.46e-15	4.96e-15	2.25e-63
 3.86656e+14	9.50e-21	9.35e-15	1.29e-09	2.06e-05	9.97e-01	2.95e-03	0.00e+00	0.00e+00	0.00e+00	0.00e+00	3.10e-15	6.25e-15	5.16e-63
 4.01162e+14	1.27e-20	1.16e-14	1.50e-09	2.23e-05	9.97e-01	2.74e-03	0.00e+00	0.00e+00	0.00e+00	0.00e+00	3.86e-15	7.78e-15	1.13e-62
 4.14877e+14	1.65e-20	1.42e-14	1.71e-09	2.39e-05	9.97e-01	2.56e-03	0.00e+00	0.00e+00	0.00e+00	0.00e+00	4.71e-15	9.50e-15	2.32e-62
 4.30130e+14	2.19e-20	1.76e-14	1.98e-09	2.57e-05	9.98e-01	2.37e-03	0.00e+00	0.00e+00	0.00e+00	0.00e+00	5.83e-15	1.18e-14	4.99e-62
 4.47365e+14	2.97e-20	2.22e-14	2.32e-09	2.79e-05	9.98e-01	2.19e-03	0.00e+00	0.00e+00	0.00e+00	0.00e+00	7.35e-15	1.48e-14	1.15e-61
 4.63702e+14	3.94e-20	2.75e-14	2.69e-09	3.00e-05	9.98e-01	2.03e-03	0.00e+00	0.00e+00	0.00e+00	0.00e+00	9.10e-15	1.84e-14	2.48e-61
 4.78564e+14	5.03e-20	3.31e-14	3.05e-09	3.21e-05	9.98e-01	1.90e-03	0.00e+00	0.00e+00	0.00e+00	0.00e+00	1.10e-14	2.21e-14	4.86e-61
 4.95379e+14	6.60e-20	4.06e-14	3.51e-09	3.44e-05	9.98e-01	1.77e-03	0.00e+00	0.00e+00	0.00e+00	0.00e+00	1.34e-14	2.72e-14	1.02e-60
 5.14996e+14	8.94e-20	5.11e-14	4.10e-09	3.73e-05	9.98e-01	1.64e-03	0.00e+00	0.00e+00	0.00e+00	0.00e+00	1.69e-14	3.42e-14	2.33e-60
 5.33821e+14	1.18e-19	6.33e-14	4.74e-09	4.01e-05	9.98e-01	1.52e-03	0.00e+00	0.00e+00	0.00e+00	0.00e+00	2.09e-14	4.23e-14	5.03e-60
 5.50840e+14	1.51e-19	7.62e-14	5.38e-09	4.28e-05	9.99e-01	1.43e-03	0.00e+00	0.00e+00	0.00e+00	0.00e+00	2.52e-14	5.10e-14	9.84e-60
 5.66866e+14	1.90e-19	9.03e-14	6.03e-09	4.54e-05	9.99e-01	1.35e-03	0.00e+00	0.00e+00	0.00e+00	0.00e+00	2.99e-14	6.04e-14	1.82e-59
 5.84620e+14	2.41e-19	1.08e-13	6.83e-09	4.84e-05	9.99e-01	1.26e-03	0.00e+00	0.00e+00	0.00e+00	0.00e+00	3.58e-14	7.25e-14	3.52e-59
 6.04467e+14	3.13e-19	1.32e-13	7.81e-09	5.18e-05	9.99e-01	1.18e-03	0.00e+00	0.00e+00	0.00e+00	0.00e+00	4.37e-14	8.84e-14	7.21e-59
 6.23216e+14	3.98e-19	1.58e-13	8.83e-09	5.51e-05	9.99e-01	1.11e-03	0.00e+00	0.00e+00	0.00e+00	0.00e+00	5.23e-14	1.06e-13	1.39e-58
 6.43769e+14	5.14e-19	1.92e-13	1.01e-08	5.89e-05	9.99e-01	1.04e-03	0.00e+00	0.00e+00	0.00e+00	0.00e+00	6.34e-14	1.28e-13	2.79e-58
 6.66782e+14	6.77e-19	2.36e-13	1.16e-08	6.33e-05	9.99e-01	9.65e-04	0.00e+00	0.00e+00	0.00e+00	0.00e+00	7.81e-14	1.58e-13	5.94e-58
 6.88496e+14	8.70e-19	2.86e-13	1.32e-08	6.76e-05	9.99e-01	9.04e-04	0.00e+00	0.00e+00	0.00e+00	0.00e+00	9.45e-14	1.91e-13	1.19e-57
 7.12227e+14	1.14e-18	3.50e-13	1.51e-08	7.24e-05	9.99e-01	8.43e-04	0.00e+00	0.00e+00	0.00e+00	0.00e+00	1.15e-13	2.34e-13	2.46e-57
 7.38462e+14	1.51e-18	4.34e-13	1.75e-08	7.80e-05	9.99e-01	7.83e-04	0.00e+00	0.00e+00	0.00e+00	0.00e+00	1.43e-13	2.90e-13	5.37e-57
 7.62686e+14	1.95e-18	5.25e-13	1.99e-08	8.33e-05	9.99e-01	7.33e-04	0.00e+00	0.00e+00	0.00e+00	0.00e+00	1.73e-13	3.52e-13	1.08e-56
 7.88910e+14	2.54e-18	6.42e-13	2.28e-08	8.92e-05	9.99e-01	6.84e-04	0.00e+00	0.00e+00	0.00e+00	0.00e+00	2.12e-13	4.30e-13	2.23e-56
 8.18224e+14	3.38e-18	7.97e-13	2.64e-08	9.62e-05	9.99e-01	6.35e-04	0.00e+00	0.00e+00	0.00e+00	0.00e+00	2.63e-13	5.34e-13	4.90e-56
 8.45759e+14	4.38e-18	9.70e-13	3.01e-08	1.03e-04	9.99e-01	5.93e-04	0.00e+00	0.00e+00	0.00e+00	0.00e+00	3.20e-13	6.50e-13	1.00e-55
 8.75760e+14	5.74e-18	1.19e-12	3.47e-08	1.10e-04	9.99e-01	5.52e-04	0.00e+00	0.00e+00	0.00e+00	0.00e+00	3.93e-13	7.99e-13	2.11e-55
 9.09134e+14	7.71e-18	1.49e-12	4.03e-08	1.19e-04	9.99e-01	5.11e-04	0.00e+00	0.00e+00	0.00e+00	0.00e+00	4.90e-13	9.98e-13	4.76e-55
 9.40325e+14	1.00e-17	1.82e-12	4.61e-08	1.28e-04	9.99e-01	4.77e-04	0.00e+00	0.00e+00	0.00e+00	0.00e+00	5.98e-13	1.22e-12	9.77e-55
 9.74218e+14	1.32e-17	2.24e-12	5.32e-08	1.37e-04	9.99e-01	4.43e-04	0.00e+00	0.00e+00	0.00e+00	0.00e+00	7.37e-13	1.50e-12	2.10e-54
 1.01213e+15	1.78e-17	2.81e-12	6.20e-08	1.49e-04	9.99e-01	4.09e-04	0.00e+00	0.00e+00	0.00e+00	0.00e+00	9.23e-13	1.88e-12	4.76e-54
 1.04809e+15	2.33e-17	3.45e-12	7.14e-08	1.60e-04	9.99e-01	3.81e-04	0.00e+00	0.00e+00	0.00e+00	0.00e+00	1.13e-12	2.31e-12	1.01e-53
 1.08657e+15	3.08e-17	4.26e-12	8.25e-08	1.72e-04	9.99e-01	3.53e-04	0.00e+00	0.00e+00	0.00e+00	0.00e+00	1.40e-12	2.86e-12	2.17e-53
 1.13006e+15	4.18e-17	5.37e-12	9.67e-08	1.87e-04	9.99e-01	3.25e-04	0.00e+00	0.00e+00	0.00e+00	0.00e+00	1.76e-12	3.61e-12	5.02e-53
 1.17289e+15	5.56e-17	6.68e-12	1.12e-07	2.02e-04	9.99e-01	3.01e-04	0.00e+00	4.57e-18	1.37e-17	2.30e-17	2.19e-12	4.49e-12	1.11e-52
 1.21744e+15	7.39e-17	8.31e-12	1.31e-07	2.18e-04	1.00e+00	2.78e-04	0.00e+00	6.09e-18	1.83e-17	3.06e-17	2.73e-12	5.58e-12	2.44e-52
 1.26617e+15	9.98e-17	1.05e-11	1.53e-07	2.37e-04	1.00e+00	2.56e-04	0.00e+00	8.22e-18	2.47e-17	4.13e-17	3.43e-12	7.02e-12	5.59e-52
 1.31427e+15	1.32e-16	1.30e-11	1.78e-07	2.57e-04	1.00e+00	2.36e-04	0.00e+00	1.09e-17	3.28e-17	5.47e-17	4.26e-12	8.73e-12	1.22e-51
 1.35425e+15	1.66e-16	1.55e-11	2.02e-07	2.74e-04	1.00e+00	2.22e-04	0.00e+00	1.37e-17	4.12e-17	6.88e-17	5.08e-12	1.04e-11	2.31e-51
 1.38657e+15	1.98e-16	1.77e-11	2.22e-07	2.88e-04	1.00e+00	2.11e-04	0.00e+00	1.64e-17	4.91e-17	8.21e-17	5.82e-12	1.19e-11	3.76e-51
 1.42247e+15	2.40e-16	2.06e-11	2.46e-07	3.04e-04	9.99e-01	1.99e-04	0.00e+00	1.98e-17	5.95e-17	9.95e-17	6.74e-12	1.38e-11	6.41e-51
 1.46914e+15	3.06e-16	2.48e-11	2.81e-07	3.26e-04	9.99e-01	1.86e-04	0.00e+00	2.52e-17	7.58e-17	1.27e-16	8.12e-12	1.67e-11	1.25e-50
 1.51915e+15	3.92e-16	3.01e-11	3.22e-07	3.51e-04	9.99e-01	1.73e-04	0.00e+00	3.24e-17	9.73e-17	1.63e-16	9.86e-12	2.02e-11	2.51e-50
 1.56349e+15	4.85e-16	3.55e-11	3.63e-07	3.74e-04	9.99e-01	1.62e-04	0.00e+00	4.01e-17	1.20e-16	2.01e-16	1.16e-11	2.39e-11	4.55e-50
 1.61109e+15	6.04e-16	4.22e-11	4.10e-07	4.00e-04	9.99e-01	1.52e-04	0.00e+00	5.00e-17	1.50e-16	2.51e-16	1.38e-11	2.84e-11	8.44e-50
 1.67077e+15	7.89e-16	5.19e-11	4.76e-07	4.33e-04	9.99e-01	1.40e-04	0.00e+00	6.53e-17	1.96e-16	3.27e-16	1.70e-11	3.49e-11	1.79e-49
 1.73136e+15	1.02e-15	6.36e-11	5.51e-07	4.69e-04	9.99e-01	1.30e-04	0.00e+00	8.45e-17	2.54e-16	4.24e-16	2.08e-11	4.28e-11	3.70e-49
 1.78387e+15	1.27e-15	7.53e-11	6.22e-07	5.01e-04	9.99e-01	1.22e-04	0.00e+00	1.05e-16	3.15e-16	5.27e-16	2.46e-11	5.07e-11	6.83e-49
 1.84067e+15	1.58e-15	8.98e-11	7.08e-07	5.37e-04	9.99e-01	1.13e-04	0.00e+00	1.31e-16	3.93e-16	6.57e-16	2.94e-11	6.04e-11	1.28e-48
 1.91025e+15	2.06e-15	1.11e-10	8.24e-07	5.84e-04	9.99e-01	1.04e-04	0.00e+00	1.71e-16	5.13e-16	8.57e-16	3.62e-11	7.45e-11	2.74e-48
 1.98047e+15	2.65e-15	1.35e-10	9.55e-07	6.34e-04	9.99e-01	9.62e-05	0.00e+00	2.20e-16	6.62e-16	1.11e-15	4.43e-11	9.12e-11	5.69e-48
 2.04288e+15	3.29e-15	1.61e-10	1.08e-06	6.80e-04	9.99e-01	8.97e-05	0.00e+00	2.73e-16	8.21e-16	1.37e-15	5.26e-11	1.08e-10	1.06e-47
 2.11111e+15	4.13e-15	1.93e-10	1.24e-06	7.32e-04	9.99e-01	8.33e-05	0.00e+00	3.44e-16	1.03e-15	1.73e-15	6.31e-11	1.30e-10	2.06e-47
 2.19268e+15	5.36e-15	2.38e-10	1.45e-06	7.98e-04	9.99e-01	7.65e-05	0.00e+00	4.47e-16	1.34e-15	2.24e-15	7.78e-11	1.60e-10	4.44e-47
 2.27339e+15	6.86e-15	2.90e-10	1.68e-06	8.67e-04	9.99e-01	7.04e-05	0.00e+00	5.72e-16	1.72e-15	2.87e-15	9.49e-11	1.96e-10	9.20e-47
 2.34625e+15	8.24e-15	3.45e-10	1.91e-06	9.31e-04	9.99e-01	6.56e-05	0.00e+00	6.88e-16	2.07e-15	3.45e-15	1.13e-10	2.32e-10	1.71e-46
 2.42709e+15	1.03e-14	4.15e-10	2.19e-06	1.01e-03	9.99e-01	6.07e-05	0.00e+00	8.63e-16	2.59e-15	4.33e-15	1.36e-10	2.80e-10	3.38e-46
 2.52226e+15	1.33e-14	5.12e-10	2.56e-06	1.10e-03	9.99e-01	5.56e-05	0.00e+00	1.11e-15	3.34e-15	5.58e-15	1.67e-10	3.45e-10	7.35e-46
 2.61614e+15	1.68e-14	6.24e-10	2.97e-06	1.20e-03	9.99e-01	5.12e-05	0.00e+00	1.41e-15	4.23e-15	7.07e-15	2.04e-10	4.20e-10	1.53e-45
 2.70337e+15	2.07e-14	7.45e-10	3.39e-06	1.29e-03	9.99e-01	4.75e-05	0.00e+00	1.74e-15	5.23e-15	8.73e-15	2.44e-10	5.02e-10	2.97e-45
 2.80113e+15	2.60e-14	9.03e-10	3.92e-06	1.40e-03	9.99e-01	4.38e-05	0.00e+00	2.19e-15	6.57e-15	1.10e-14	2.95e-10	6.08e-10	6.11e-45
 2.91321e+15	3.33e-14	1.12e-09	4.59e-06	1.53e-03	9.98e-01	4.01e-05	0.00e+00	2.81e-15	8.42e-15	1.41e-14	3.65e-10	7.50e-10	1.35e-44
 3.02359e+15	4.20e-14	1.36e-09	5.33e-06	1.67e-03	9.98e-01	3.68e-05	0.00e+00	3.54e-15	1.06e-14	1.77e-14	4.46e-10	9.16e-10	2.88e-44
 3.13839e+15	5.28e-14	1.66e-09	6.20e-06	1.82e-03	9.98e-01	3.38e-05	0.00e+00	4.46e-15	1.34e-14	2.24e-14	5.44e-10	1.12e-09	6.15e-44
 3.24290e+15	6.43e-14	1.98e-09	7.07e-06	1.96e-03	9.98e-01	3.14e-05	0.00e+00	5.44e-15	1.63e-14	2.73e-14	6.49e-10	1.33e-09	1.20e-43
 3.32093e+15	7.44e-14	2.25e-09	7.77e-06	2.07e-03	9.98e-01	2.98e-05	0.00e+00	6.30e-15	1.89e-14	3.16e-14	7.37e-10	1.51e-09	1.94e-43
 3.40159e+15	8.60e-14	2.56e-09	8.56e-06	2.19e-03	9.98e-01	2.82e-05	0.00e+00	7.28e-15	2.19e-14	3.65e-14	8.38e-10	1.72e-09	3.17e-43
 3.50644e+15	1.03e-13	3.01e-09	9.67e-06	2.35e-03	9.98e-01	2.63e-05	0.00e+00	8.75e-15	2.63e-14	4.39e-14	9.86e-10	2.02e-09	5.91e-43
 3.62002e+15	1.24e-13	3.57e-09	1.10e-05	2.53e-03	9.97e-01	2.45e-05	0.00e+00	1.06e-14	3.17e-14	5.30e-14	1.17e-09	2.40e-09	1.15e-42
 3.72257e+15	1.47e-13	4.14e-09	1.23e-05	2.69e-03	9.97e-01	2.30e-05	0.00e+00	1.25e-14	3.75e-14	6.25e-14	1.36e-09	2.78e-09	2.04e-42
 3.83355e+15	1.75e-13	4.84e-09	1.38e-05	2.88e-03	9.97e-01	2.16e-05	0.00e+00	1.49e-14	4.46e-14	7.45e-14	1.59e-09	3.25e-09	3.74e-42
 3.97421e+15	2.15e-13	5.88e-09	1.60e-05	3.13e-03	9.97e-01	1.99e-05	0.00e+00	1.84e-14	5.51e-14	9.20e-14	1.93e-09	3.95e-09	8.06e-42
 4.11578e+15	2.63e-13	7.09e-09	1.84e-05	3.39e-03	9.97e-01	1.84e-05	0.00e+00	2.24e-14	6.73e-14	1.12e-13	2.33e-09	4.76e-09	1.68e-41
 4.23483e+15	3.09e-13	8.25e-09	2.06e-05	3.62e-03	9.96e-01	1.73e-05	0.00e+00	2.64e-14	7.94e-14	1.33e-13	2.71e-09	5.54e-09	3.05e-41
 4.36230e+15	3.67e-13	9.67e-09	2.31e-05	3.87e-03	9.96e-01	1.62e-05	0.00e+00	3.14e-14	9.42e-14	1.57e-13	3.18e-09	6.50e-09	5.73e-41
 4.52306e+15	4.50e-13	1.18e-08	2.68e-05	4.21e-03	9.96e-01	1.50e-05	0.00e+00	3.85e-14	1.16e-13	1.93e-13	3.87e-09	7.90e-09	1.24e-40
 4.69151e+15	5.51e-13	1.43e-08	3.10e-05	4.58e-03	9.95e-01	1.39e-05	0.00e+00	4.72e-14	1.42e-13	2.37e-13	4.71e-09	9.61e-09	2.69e-40
 4.84316e+15	6.59e-13	1.70e-08	3.51e-05	4.92e-03	9.95e-01	1.29e-05	0.00e+00	5.66e-14	1.70e-13	2.84e-13	5.58e-09	1.14e-08	5.26e-40
 5.00853e+15	7.96e-13	2.03e-08	4.01e-05	5.31e-03	9.95e-01	1.21e-05	0.00e+00	6.85e-14	2.05e-13	3.43e-13	6.69e-09	1.36e-08	1.07e-39
 5.20405e+15	9.79e-13	2.51e-08	4.68e-05	5.80e-03	9.94e-01	1.11e-05	0.00e+00	8.43e-14	2.53e-13	4.23e-13	8.25e-09	1.68e-08	2.42e-39
 5.39535e+15	1.19e-12	3.05e-08	5.40e-05	6.30e-03	9.94e-01	1.03e-05	0.00e+00	1.02e-13	3.07e-13	5.13e-13	1.00e-08	2.04e-08	5.13e-39
 5.56938e+15	1.42e-12	3.61e-08	6.13e-05	6.77e-03	9.93e-01	9.69e-06	0.00e+00	1.23e-13	3.68e-13	6.15e-13	1.19e-08	2.42e-08	9.92e-39
 5.76440e+15	1.72e-12	4.36e-08	7.03e-05	7.32e-03	9.93e-01	9.04e-06	0.00e+00	1.49e-13	4.46e-13	7.45e-13	1.44e-08	2.92e-08	2.05e-38
 5.99214e+15	2.12e-12	5.39e-08	8.21e-05	8.00e-03	9.92e-01	8.39e-06	0.00e+00	1.83e-13	5.50e-13	9.18e-13	1.78e-08	3.61e-08	4.64e-38
 6.21548e+15	2.60e-12	6.56e-08	9.49e-05	8.70e-03	9.91e-01	7.81e-06	0.00e+00	2.25e-13	6.75e-13	1.13e-12	2.16e-08	4.40e-08	9.83e-38
 6.42548e+15	3.13e-12	7.87e-08	1.08e-04	9.38e-03	9.91e-01	7.34e-06	0.00e+00	2.72e-13	8.15e-13	1.36e-12	2.60e-08	5.28e-08	1.96e-37
 6.66025e+15	3.82e-12	9.58e-08	1.25e-04	1.02e-02	9.90e-01	6.86e-06	0.00e+00	3.32e-13	9.97e-13	1.66e-12	3.16e-08	6.42e-08	4.14e-37
 6.88401e+15	4.58e-12	1.15e-07	1.43e-04	1.10e-02	9.89e-01	6.47e-06	0.00e+00	3.99e-13	1.20e-12	2.00e-12	3.78e-08	7.68e-08	8.01e-37
 7.05047e+15	5.17e-12	1.31e-07	1.57e-04	1.16e-02	9.88e-01	6.22e-06	0.00e+00	4.50e-13	1.35e-12	2.26e-12	4.31e-08	8.75e-08	1.30e-36
 7.21911e+15	5.91e-12	1.49e-07	1.73e-04	1.22e-02	9.88e-01	5.97e-06	0.00e+00	5.15e-13	1.54e-12	2.58e-12	4.91e-08	9.96e-08	2.14e-36
 7.43833e+15	7.08e-12	1.76e-07	1.95e-04	1.31e-02	9.87e-01	5.68e-06	0.00e+00	6.18e-13	1.85e-12	3.09e-12	5.82e-08	1.18e-07	3.95e-36
 7.67540e+15	8.46e-12	2.10e-07	2.21e-04	1.41e-02	9.86e-01	5.39e-06	0.00e+00	7.39e-13	2.22e-12	3.70e-12	6.92e-08	1.40e-07	7.51e-36
 7.88786e+15	9.90e-12	2.44e-07	2.47e-04	1.50e-02	9.85e-01	5.16e-06	0.00e+00	8.66e-13	2.60e-12	4.33e-12	8.05e-08	1.63e-07	1.29e-35
 8.11622e+15	1.17e-11	2.86e-07	2.77e-04	1.60e-02	9.84e-01	4.93e-06	0.00e+00	1.03e-12	3.08e-12	5.15e-12	9.46e-08	1.92e-07	2.28e-35
 8.41021e+15	1.46e-11	3.50e-07	3.20e-04	1.74e-02	9.82e-01	4.68e-06	0.00e+00	1.28e-12	3.84e-12	6.40e-12	1.16e-07	2.35e-07	4.74e-35
 8.70673e+15	1.78e-11	4.25e-07	3.68e-04	1.88e-02	9.81e-01	4.46e-06	0.00e+00	1.56e-12	4.69e-12	7.82e-12	1.40e-07	2.84e-07	9.41e-35
 8.94960e+15	2.09e-11	4.95e-07	4.12e-04	2.00e-02	9.80e-01	4.30e-06	0.00e+00	1.84e-12	5.52e-12	9.21e-12	1.64e-07	3.32e-07	1.61e-34
 9.20550e+15	2.49e-11	5.82e-07	4.62e-04	2.14e-02	9.78e-01	4.14e-06	0.00e+00	2.19e-12	6.56e-12	1.10e-11	1.93e-07	3.90e-07	2.85e-34
 9.53715e+15	3.09e-11	7.12e-07	5.35e-04	2.32e-02	9.76e-01	3.94e-06	0.00e+00	2.72e-12	8.17e-12	1.36e-11	2.36e-07	4.77e-07	5.80e-34
 9.88213e+15	3.82e-11	8.70e-07	6.18e-04	2.52e-02	9.74e-01	3.77e-06	0.00e+00	3.37e-12	1.01e-11	1.69e-11	2.88e-07	5.82e-07	1.15e-33
 1.01768e+16	4.59e-11	1.03e-06	6.98e-04	2.70e-02	9.72e-01	3.66e-06	0.00e+00	4.05e-12	1.21e-11	2.03e-11	3.41e-07	6.89e-07	2.02e-33
 1.04914e+16	5.58e-11	1.23e-06	7.93e-04	2.90e-02	9.70e-01	3.54e-06	0.00e+00	4.93e-12	1.48e-11	2.47e-11	4.07e-07	8.22e-07	3.68e-33
 1.08826e+16	7.01e-11	1.52e-06	9.24e-04	3.17e-02	9.67e-01	3.39e-06	0.00e+00	6.19e-12	1.86e-11	3.10e-11	5.03e-07	1.02e-06	7.55e-33
 1.12709e+16	8.69e-11	1.85e-06	1.07e-03	3.44e-02	9.64e-01	3.27e-06	0.00e+00	7.69e-12	2.31e-11	3.85e-11	6.14e-07	1.24e-06	1.45e-32
 1.15974e+16	1.04e-10	2.19e-06	1.21e-03	3.69e-02	9.62e-01	3.20e-06	0.00e+00	9.24e-12	2.77e-11	4.62e-11	7.25e-07	1.46e-06	2.46e-32
 1.19461e+16	1.28e-10	2.61e-06	1.37e-03	3.97e-02	9.59e-01	3.11e-06	0.00e+00	1.13e-11	3.39e-11	5.66e-11	8.65e-07	1.74e-06	4.37e-32
 1.23364e+16	1.57e-10	3.15e-06	1.58e-03	4.29e-02	9.55e-01	3.02e-06	0.00e+00	1.39e-11	4.17e-11	6.96e-11	1.04e-06	2.10e-06	7.99e-32
 1.27046e+16	1.89e-10	3.74e-06	1.79e-03	4.61e-02	9.52e-01	2.94e-06	0.00e+00	1.68e-11	5.04e-11	8.40e-11	1.24e-06	2.50e-06	1.36e-31
 1.30271e+16	2.22e-10	4.33e-06	1.99e-03	4.91e-02	9.49e-01	2.88e-06	0.00e+00	1.97e-11	5.92e-11	9.87e-11	1.43e-06	2.89e-06	2.14e-31
 1.33664e+16	2.65e-10	5.07e-06	2.24e-03	5.24e-02	9.45e-01	2.82e-06	0.00e+00	2.36e-11	7.09e-11	1.18e-10	1.68e-06	3.39e-06	3.52e-31
 1.37340e+16	3.17e-10	5.95e-06	2.53e-03	5.61e-02	9.41e-01	2.76e-06	0.00e+00	2.83e-11	8.49e-11	1.42e-10	1.97e-06	3.98e-06	5.73e-31
 1.40730e+16	3.76e-10	6.90e-06	2.82e-03	5.97e-02	9.37e-01	2.72e-06	0.00e+00	3.36e-11	1.01e-10	1.68e-10	2.29e-06	4.61e-06	8.93e-31
 1.44484e+16	4.53e-10	8.14e-06	3.19e-03	6.40e-02	9.33e-01	2.66e-06	0.00e+00	4.05e-11	1.21e-10	2.03e-10	2.70e-06	5.44e-06	1.48e-30
 1.48526e+16	5.54e-10	9.64e-06	3.63e-03	6.89e-02	9.27e-01	2.62e-06	0.00e+00	4.96e-11	1.49e-10	2.48e-10	3.20e-06	6.44e-06	2.44e-30
 1.52214e+16	6.62e-10	1.12e-05	4.07e-03	7.35e-02	9.22e-01	2.58e-06	0.00e+00	5.93e-11	1.78e-10	2.97e-10	3.73e-06	7.51e-06	3.79e-30
 1.56278e+16	8.04e-10	1.34e-05	4.64e-03	7.91e-02	9.16e-01	2.54e-06	0.00e+00	7.20e-11	2.16e-10	3.60e-10	4.43e-06	8.92e-06	6.32e-30
 1.60687e+16	9.92e-10	1.60e-05	5.32e-03	8.55e-02	9.09e-01	2.50e-06	0.00e+00	8.90e-11	2.67e-10	4.45e-10	5.30e-06	1.07e-05	1.05e-29
 1.64745e+16	1.21e-09	1.88e-05	6.03e-03	9.16e-02	9.02e-01	2.47e-06	0.00e+00	1.08e-10	3.25e-10	5.42e-10	6.24e-06	1.26e-05	1.66e-29
 1.68502e+16	1.43e-09	2.18e-05	6.77e-03	9.77e-02	8.96e-01	2.43e-06	0.00e+00	1.28e-10	3.84e-10	6.41e-10	7.25e-06	1.46e-05	2.51e-29
 1.72668e+16	1.75e-09	2.60e-05	7.74e-03	1.05e-01	8.87e-01	2.40e-06	0.00e+00	1.57e-10	4.72e-10	7.87e-10	8.63e-06	1.73e-05	4.11e-29
 1.77122e+16	2.18e-09	3.10e-05	8.89e-03	1.13e-01	8.78e-01	2.39e-06	0.00e+00	1.96e-10	5.88e-10	9.80e-10	1.03e-05	2.07e-05	6.69e-29
 1.81006e+16	2.62e-09	3.62e-05	1.00e-02	1.21e-01	8.69e-01	2.36e-06	0.00e+00	2.36e-10	7.09e-10	1.18e-09	1.20e-05	2.41e-05	1.01e-28
 1.85111e+16	3.19e-09	4.29e-05	1.15e-02	1.30e-01	8.58e-01	2.33e-06	0.00e+00	2.88e-10	8.64e-10	1.44e-09	1.43e-05	2.87e-05	1.62e-28
 1.89548e+16	3.99e-09	5.15e-05	1.32e-02	1.41e-01	8.46e-01	2.32e-06	0.00e+00	3.61e-10	1.08e-09	1.80e-09	1.71e-05	3.44e-05	2.63e-28
 1.93460e+16	4.85e-09	6.04e-05	1.50e-02	1.50e-01	8.35e-01	2.31e-06	0.00e+00	4.39e-10	1.32e-09	2.20e-09	2.01e-05	4.03e-05	3.99e-28
 1.96827e+16	5.75e-09	6.94e-05	1.68e-02	1.59e-01	8.24e-01	2.30e-06	0.00e+00	5.21e-10	1.56e-09	2.61e-09	2.31e-05	4.63e-05	5.74e-28
 2.00441e+16	6.93e-09	8.13e-05	1.90e-02	1.70e-01	8.11e-01	2.29e-06	0.00e+00	6.28e-10	1.88e-09	3.14e-09	2.70e-05	5.42e-05	8.79e-28
 2.04332e+16	8.56e-09	9.64e-05	2.18e-02	1.82e-01	7.96e-01	2.29e-06	0.00e+00	7.76e-10	2.33e-09	3.88e-09	3.21e-05	6.43e-05	1.38e-27
 2.07709e+16	1.03e-08	1.12e-04	2.45e-02	1.94e-01	7.82e-01	2.30e-06	0.00e+00	9.33e-10	2.80e-09	4.66e-09	3.72e-05	7.46e-05	2.03e-27
 2.10686e+16	1.22e-08	1.28e-04	2.73e-02	2.05e-01	7.68e-01	2.31e-06	0.00e+00	1.11e-09	3.32e-09	5.54e-09	4.26e-05	8.53e-05	2.88e-27
 2.14015e+16	1.47e-08	1.50e-04	3.09e-02	2.18e-01	7.51e-01	2.30e-06	0.00e+00	1.34e-09	4.01e-09	6.68e-09	4.98e-05	9.98e-05	4.37e-27
 2.17573e+16	1.82e-08	1.78e-04	3.55e-02	2.33e-01	7.31e-01	2.33e-06	0.00e+00	1.66e-09	4.98e-09	8.30e-09	5.92e-05	1.19e-04	6.94e-27
 2.20605e+16	2.20e-08	2.06e-04	3.99e-02	2.47e-01	7.13e-01	2.35e-06	0.00e+00	2.00e-09	6.01e-09	1.00e-08	6.86e-05	1.37e-04	1.02e-26
 2.23245e+16	2.58e-08	2.34e-04	4.44e-02	2.59e-01	6.96e-01	2.37e-06	4.70e-12	2.35e-09	7.04e-09	1.17e-08	7.80e-05	1.56e-04	1.42e-26
