#depth	O	O+	O+2	O+3	O+4	O+5	O+6	O+7	O+8	O[1]	O[2]	O[3]
 1.49634e+10	0.00e+00	0.00e+00	0.00e+00	1.33e-27	1.57e-18	5.11e-10	5.26e-01	4.73e-01	8.65e-04	0.00e+00	0.00e+00	0.00e+00
 4.54887e+10	0.00e+00	0.00e+00	3.92e-37	1.75e-27	1.90e-18	5.75e-10	5.47e-01	4.52e-01	7.65e-04	0.00e+00	0.00e+00	0.00e+00
 7.72350e+10	0.00e+00	0.00e+00	0.00e+00	2.30e-27	2.31e-18	6.45e-10	5.67e-01	4.32e-01	6.76e-04	0.00e+00	0.00e+00	0.00e+00
 1.10251e+11	0.00e+00	0.00e+00	7.88e-37	3.01e-27	2.80e-18	7.22e-10	5.87e-01	4.12e-01	5.96e-04	0.00e+00	0.00e+00	0.00e+00
 1.43094e+11	0.00e+00	0.00e+00	0.00e+00	3.89e-27	3.36e-18	8.04e-10	6.06e-01	3.94e-01	5.27e-04	0.00e+00	0.00e+00	0.00e+00
 1.77251e+11	0.00e+00	0.00e+00	1.53e-36	5.03e-27	4.02e-18	8.93e-10	6.24e-01	3.75e-01	4.66e-04	0.00e+00	0.00e+00	0.00e+00
 2.14267e+11	0.00e+00	1.17e-46	2.16e-36	6.56e-27	4.85e-18	9.95e-10	6.43e-01	3.56e-01	4.09e-04	0.00e+00	0.00e+00	0.00e+00
 2.52765e+11	0.00e+00	0.00e+00	3.05e-36	8.55e-27	5.84e-18	1.11e-09	6.62e-01	3.38e-01	3.59e-04	0.00e+00	0.00e+00	0.00e+00
 2.90371e+11	0.00e+00	2.65e-46	4.20e-36	1.09e-26	6.95e-18	1.22e-09	6.79e-01	3.21e-01	3.17e-04	0.00e+00	0.00e+00	0.00e+00
 3.26277e+11	0.00e+00	0.00e+00	0.00e+00	1.37e-26	8.14e-18	1.34e-09	6.94e-01	3.06e-01	2.82e-04	0.00e+00	0.00e+00	0.00e+00
 3.66051e+11	0.00e+00	0.00e+00	7.73e-36	1.75e-26	9.64e-18	1.47e-09	7.09e-01	2.90e-01	2.49e-04	0.00e+00	0.00e+00	0.00e+00
 4.05507e+11	0.00e+00	8.13e-46	1.04e-35	2.20e-26	1.13e-17	1.61e-09	7.24e-01	2.76e-01	2.20e-04	0.00e+00	0.00e+00	0.00e+00
 4.38349e+11	0.00e+00	0.00e+00	0.00e+00	2.65e-26	1.29e-17	1.73e-09	7.35e-01	2.64e-01	2.00e-04	0.00e+00	0.00e+00	0.00e+00
 4.73385e+11	0.00e+00	0.00e+00	1.71e-35	3.21e-26	1.47e-17	1.87e-09	7.47e-01	2.53e-01	1.80e-04	0.00e+00	0.00e+00	0.00e+00
 5.18015e+11	0.00e+00	2.18e-45	2.32e-35	4.06e-26	1.73e-17	2.04e-09	7.60e-01	2.39e-01	1.58e-04	0.00e+00	0.00e+00	0.00e+00
 5.64909e+11	0.00e+00	0.00e+00	0.00e+00	5.14e-26	2.04e-17	2.24e-09	7.74e-01	2.26e-01	1.39e-04	0.00e+00	0.00e+00	0.00e+00
 6.06802e+11	0.00e+00	0.00e+00	4.13e-35	6.30e-26	2.34e-17	2.42e-09	7.85e-01	2.15e-01	1.24e-04	0.00e+00	0.00e+00	0.00e+00
 6.52402e+11	0.00e+00	6.29e-45	5.47e-35	7.81e-26	2.72e-17	2.62e-09	7.96e-01	2.04e-01	1.10e-04	0.00e+00	0.00e+00	0.00e+00
 7.06703e+11	0.00e+00	0.00e+00	7.55e-35	9.98e-26	3.22e-17	2.87e-09	8.09e-01	1.91e-01	9.58e-05	0.00e+00	0.00e+00	0.00e+00
 7.61314e+11	0.00e+00	1.38e-44	1.03e-34	1.27e-25	3.79e-17	3.14e-09	8.20e-01	1.80e-01	8.36e-05	0.00e+00	0.00e+00	0.00e+00
 8.09555e+11	0.00e+00	0.00e+00	1.34e-34	1.55e-25	4.35e-17	3.38e-09	8.29e-01	1.71e-01	7.44e-05	0.00e+00	0.00e+00	0.00e+00
 8.60518e+11	0.00e+00	2.68e-44	1.76e-34	1.90e-25	5.01e-17	3.65e-09	8.38e-01	1.61e-01	6.60e-05	0.00e+00	0.00e+00	0.00e+00
 9.17957e+11	0.00e+00	0.00e+00	2.36e-34	2.38e-25	5.84e-17	3.96e-09	8.48e-01	1.52e-01	5.79e-05	0.00e+00	0.00e+00	0.00e+00
 9.72619e+11	0.00e+00	5.40e-44	3.10e-34	2.92e-25	6.72e-17	4.27e-09	8.56e-01	1.44e-01	5.12e-05	0.00e+00	0.00e+00	0.00e+00
 1.03248e+12	0.00e+00	0.00e+00	4.13e-34	3.64e-25	7.79e-17	4.62e-09	8.65e-01	1.35e-01	4.50e-05	0.00e+00	0.00e+00	0.00e+00
 1.09832e+12	0.00e+00	1.13e-43	5.60e-34	4.58e-25	9.12e-17	5.03e-09	8.73e-01	1.27e-01	3.92e-05	0.00e+00	0.00e+00	0.00e+00
 1.15886e+12	0.00e+00	0.00e+00	7.33e-34	5.62e-25	1.05e-16	5.41e-09	8.80e-01	1.20e-01	3.47e-05	0.00e+00	0.00e+00	0.00e+00
 1.22450e+12	0.00e+00	2.24e-43	9.73e-34	6.96e-25	1.21e-16	5.84e-09	8.87e-01	1.13e-01	3.04e-05	0.00e+00	0.00e+00	0.00e+00
 1.29789e+12	0.00e+00	0.00e+00	1.32e-33	8.77e-25	1.42e-16	6.34e-09	8.95e-01	1.05e-01	2.64e-05	0.00e+00	0.00e+00	0.00e+00
 1.36711e+12	0.00e+00	4.61e-43	1.74e-33	1.08e-24	1.63e-16	6.84e-09	9.01e-01	9.90e-02	2.32e-05	0.00e+00	0.00e+00	0.00e+00
 1.44286e+12	0.00e+00	0.00e+00	2.34e-33	1.35e-24	1.90e-16	7.40e-09	9.07e-01	9.27e-02	2.03e-05	0.00e+00	0.00e+00	0.00e+00
 1.52701e+12	0.00e+00	9.83e-43	3.20e-33	1.72e-24	2.23e-16	8.05e-09	9.14e-01	8.64e-02	1.75e-05	0.00e+00	0.00e+00	0.00e+00
 1.60580e+12	0.00e+00	0.00e+00	4.25e-33	2.13e-24	2.58e-16	8.68e-09	9.19e-01	8.10e-02	1.53e-05	0.00e+00	0.00e+00	0.00e+00
 1.69109e+12	0.00e+00	2.03e-42	5.72e-33	2.66e-24	3.01e-16	9.39e-09	9.24e-01	7.57e-02	1.33e-05	0.00e+00	0.00e+00	0.00e+00
 1.78637e+12	0.00e+00	0.00e+00	7.88e-33	3.39e-24	3.54e-16	1.02e-08	9.30e-01	7.04e-02	1.14e-05	0.00e+00	0.00e+00	0.00e+00
 1.87796e+12	0.00e+00	4.37e-42	1.06e-32	4.24e-24	4.12e-16	1.10e-08	9.34e-01	6.57e-02	9.91e-06	0.00e+00	0.00e+00	0.00e+00
 1.96314e+12	0.00e+00	0.00e+00	1.39e-32	5.19e-24	4.72e-16	1.19e-08	9.38e-01	6.18e-02	8.73e-06	0.00e+00	0.00e+00	0.00e+00
 2.05757e+12	0.00e+00	8.72e-42	1.85e-32	6.45e-24	5.46e-16	1.28e-08	9.42e-01	5.78e-02	7.61e-06	0.00e+00	0.00e+00	0.00e+00
 2.16414e+12	0.00e+00	0.00e+00	2.53e-32	8.17e-24	6.41e-16	1.39e-08	9.46e-01	5.37e-02	6.54e-06	0.00e+00	0.00e+00	0.00e+00
 2.26641e+12	0.00e+00	1.85e-41	3.38e-32	1.02e-23	7.42e-16	1.50e-08	9.50e-01	5.02e-02	5.69e-06	0.00e+00	0.00e+00	0.00e+00
 2.37676e+12	0.00e+00	0.00e+00	4.57e-32	1.28e-23	8.66e-16	1.62e-08	9.53e-01	4.67e-02	4.91e-06	0.00e+00	0.00e+00	0.00e+00
 2.48389e+12	0.00e+00	3.85e-41	6.08e-32	1.59e-23	1.00e-15	1.74e-08	9.56e-01	4.36e-02	4.28e-06	0.00e+00	0.00e+00	0.00e+00
 2.56736e+12	0.00e+00	0.00e+00	7.54e-32	1.87e-23	1.12e-15	1.84e-08	9.59e-01	4.15e-02	3.86e-06	0.00e+00	0.00e+00	0.00e+00
 2.65385e+12	0.00e+00	6.62e-41	9.39e-32	2.20e-23	1.25e-15	1.95e-08	9.61e-01	3.94e-02	3.47e-06	0.00e+00	0.00e+00	0.00e+00
 2.76629e+12	0.00e+00	0.00e+00	1.24e-31	2.72e-23	1.44e-15	2.10e-08	9.63e-01	3.68e-02	3.03e-06	0.00e+00	0.00e+00	0.00e+00
 2.88665e+12	0.00e+00	1.34e-40	1.65e-31	3.38e-23	1.66e-15	2.26e-08	9.66e-01	3.44e-02	2.63e-06	0.00e+00	0.00e+00	0.00e+00
 2.99326e+12	0.00e+00	0.00e+00	2.12e-31	4.08e-23	1.89e-15	2.41e-08	9.68e-01	3.24e-02	2.33e-06	0.00e+00	0.00e+00	0.00e+00
 3.10782e+12	0.00e+00	2.53e-40	2.75e-31	4.96e-23	2.16e-15	2.58e-08	9.70e-01	3.04e-02	2.05e-06	0.00e+00	0.00e+00	0.00e+00
 3.25098e+12	0.00e+00	0.00e+00	3.77e-31	6.30e-23	2.53e-15	2.79e-08	9.72e-01	2.82e-02	1.76e-06	0.00e+00	0.00e+00	0.00e+00
 3.39632e+12	0.00e+00	5.52e-40	5.15e-31	7.98e-23	2.97e-15	3.03e-08	9.74e-01	2.61e-02	1.51e-06	0.00e+00	0.00e+00	0.00e+00
 3.52305e+12	0.00e+00	0.00e+00	6.72e-31	9.75e-23	3.40e-15	3.24e-08	9.76e-01	2.45e-02	1.32e-06	0.00e+00	0.00e+00	0.00e+00
 3.66062e+12	0.00e+00	1.09e-39	8.89e-31	1.21e-22	3.92e-15	3.49e-08	9.77e-01	2.28e-02	1.15e-06	0.00e+00	0.00e+00	0.00e+00
 3.82811e+12	0.00e+00	0.00e+00	1.24e-30	1.55e-22	4.64e-15	3.80e-08	9.79e-01	2.11e-02	9.78e-07	0.00e+00	0.00e+00	0.00e+00
 3.98785e+12	0.00e+00	2.42e-39	1.69e-30	1.96e-22	5.43e-15	4.12e-08	9.80e-01	1.95e-02	0.00e+00	0.00e+00	0.00e+00	0.00e+00
 4.11763e+12	0.00e+00	0.00e+00	2.16e-30	2.36e-22	6.16e-15	4.39e-08	9.82e-01	1.84e-02	0.00e+00	0.00e+00	0.00e+00	0.00e+00
 4.25509e+12	0.00e+00	4.50e-39	2.78e-30	2.86e-22	7.02e-15	4.69e-08	9.83e-01	1.73e-02	0.00e+00	0.00e+00	0.00e+00	0.00e+00
 4.43378e+12	0.00e+00	0.00e+00	3.84e-30	3.66e-22	8.28e-15	5.10e-08	9.84e-01	1.59e-02	0.00e+00	0.00e+00	0.00e+00	0.00e+00
 4.61888e+12	0.00e+00	1.01e-38	5.32e-30	4.69e-22	9.80e-15	5.55e-08	9.85e-01	1.47e-02	0.00e+00	0.00e+00	0.00e+00	0.00e+00
 4.77305e+12	0.00e+00	0.00e+00	6.94e-30	5.75e-22	1.12e-14	5.95e-08	9.86e-01	1.37e-02	0.00e+00	0.00e+00	0.00e+00	0.00e+00
 4.93421e+12	0.00e+00	1.97e-38	9.11e-30	7.07e-22	1.29e-14	6.39e-08	9.87e-01	1.28e-02	0.00e+00	0.00e+00	0.00e+00	0.00e+00
 5.14077e+12	0.00e+00	0.00e+00	1.28e-29	9.18e-22	1.55e-14	7.00e-08	9.88e-01	1.18e-02	0.00e+00	0.00e+00	0.00e+00	0.00e+00
 5.35162e+12	0.00e+00	4.58e-38	1.80e-29	1.19e-21	1.85e-14	7.66e-08	9.89e-01	1.08e-02	0.00e+00	0.00e+00	0.00e+00	0.00e+00
 5.52767e+12	0.00e+00	0.00e+00	2.37e-29	1.47e-21	2.13e-14	8.24e-08	9.90e-01	1.00e-02	0.00e+00	0.00e+00	0.00e+00	0.00e+00
 5.71322e+12	0.00e+00	9.17e-38	3.15e-29	1.83e-21	2.48e-14	8.90e-08	9.91e-01	9.33e-03	0.00e+00	0.00e+00	0.00e+00	0.00e+00
 5.94942e+12	0.00e+00	0.00e+00	4.48e-29	2.40e-21	2.98e-14	9.79e-08	9.91e-01	8.52e-03	0.00e+00	0.00e+00	0.00e+00	0.00e+00
 6.18197e+12	0.00e+00	2.15e-37	6.26e-29	3.11e-21	3.57e-14	1.07e-07	9.92e-01	7.80e-03	0.00e+00	0.00e+00	0.00e+00	0.00e+00
 6.36631e+12	0.00e+00	0.00e+00	8.11e-29	3.79e-21	4.10e-14	1.15e-07	9.93e-01	7.28e-03	0.00e+00	0.00e+00	0.00e+00	0.00e+00
 6.55625e+12	0.00e+00	4.06e-37	1.05e-28	4.64e-21	4.71e-14	1.24e-07	9.93e-01	6.80e-03	0.00e+00	0.00e+00	0.00e+00	0.00e+00
 6.79671e+12	0.00e+00	0.00e+00	1.44e-28	5.93e-21	5.59e-14	1.35e-07	9.94e-01	6.24e-03	0.00e+00	0.00e+00	0.00e+00	0.00e+00
 7.05040e+12	0.00e+00	8.92e-37	1.99e-28	7.62e-21	6.65e-14	1.48e-07	9.94e-01	5.72e-03	0.00e+00	0.00e+00	0.00e+00	0.00e+00
 7.27773e+12	0.00e+00	0.00e+00	2.63e-28	9.46e-21	7.74e-14	1.60e-07	9.95e-01	5.30e-03	0.00e+00	0.00e+00	0.00e+00	0.00e+00
 7.50366e+12	0.00e+00	1.74e-36	3.44e-28	1.16e-20	8.96e-14	1.73e-07	9.95e-01	4.93e-03	0.00e+00	0.00e+00	0.00e+00	0.00e+00
 7.75908e+12	2.51e-45	2.49e-36	4.60e-28	1.46e-20	1.05e-13	1.88e-07	9.95e-01	4.55e-03	0.00e+00	0.00e+00	0.00e+00	0.00e+00
 8.04067e+12	0.00e+00	0.00e+00	6.25e-28	1.85e-20	1.24e-13	2.05e-07	9.96e-01	4.18e-03	0.00e+00	0.00e+00	0.00e+00	0.00e+00
 8.29777e+12	0.00e+00	5.04e-36	8.19e-28	2.29e-20	1.44e-13	2.22e-07	9.96e-01	3.87e-03	0.00e+00	0.00e+00	0.00e+00	0.00e+00
 8.51216e+12	8.05e-45	6.58e-36	1.02e-27	2.71e-20	1.63e-13	2.36e-07	9.96e-01	3.64e-03	0.00e+00	0.00e+00	0.00e+00	0.00e+00
 8.74702e+12	0.00e+00	0.00e+00	1.28e-27	3.24e-20	1.85e-13	2.52e-07	9.97e-01	3.42e-03	0.00e+00	0.00e+00	0.00e+00	0.00e+00
 9.05234e+12	0.00e+00	1.24e-35	1.71e-27	4.06e-20	2.17e-13	2.74e-07	9.97e-01	3.15e-03	0.00e+00	0.00e+00	0.00e+00	0.00e+00
 9.37037e+12	2.62e-44	1.76e-35	2.28e-27	5.09e-20	2.54e-13	2.98e-07	9.97e-01	2.90e-03	0.00e+00	0.00e+00	0.00e+00	0.00e+00
 9.63848e+12	0.00e+00	0.00e+00	2.87e-27	6.10e-20	2.89e-13	3.19e-07	9.97e-01	2.72e-03	0.00e+00	0.00e+00	0.00e+00	0.00e+00
 9.92058e+12	0.00e+00	3.12e-35	3.64e-27	7.34e-20	3.30e-13	3.42e-07	9.97e-01	2.54e-03	0.00e+00	0.00e+00	0.00e+00	0.00e+00
 1.02873e+13	8.02e-44	4.48e-35	4.90e-27	9.25e-20	3.88e-13	3.72e-07	9.98e-01	2.34e-03	0.00e+00	0.00e+00	0.00e+00	0.00e+00
 1.06643e+13	0.00e+00	6.40e-35	6.56e-27	1.16e-19	4.56e-13	4.05e-07	9.98e-01	2.15e-03	0.00e+00	0.00e+00	0.00e+00	0.00e+00
 1.09756e+13	1.72e-43	8.49e-35	8.27e-27	1.39e-19	5.19e-13	4.34e-07	9.98e-01	2.02e-03	0.00e+00	0.00e+00	0.00e+00	0.00e+00
 1.13013e+13	0.00e+00	1.13e-34	1.05e-26	1.67e-19	5.91e-13	4.64e-07	9.98e-01	1.89e-03	0.00e+00	0.00e+00	0.00e+00	0.00e+00
 1.17247e+13	3.73e-43	1.62e-34	1.40e-26	2.10e-19	6.94e-13	5.05e-07	9.98e-01	1.74e-03	0.00e+00	0.00e+00	0.00e+00	0.00e+00
 1.21654e+13	0.00e+00	2.32e-34	1.88e-26	2.64e-19	8.16e-13	5.50e-07	9.98e-01	1.60e-03	0.00e+00	0.00e+00	0.00e+00	0.00e+00
 1.25376e+13	8.10e-43	3.10e-34	2.39e-26	3.18e-19	9.30e-13	5.89e-07	9.99e-01	1.49e-03	0.00e+00	0.00e+00	0.00e+00	0.00e+00
 1.29307e+13	0.00e+00	4.18e-34	3.05e-26	3.84e-19	1.06e-12	6.32e-07	9.99e-01	1.39e-03	0.00e+00	0.00e+00	0.00e+00	0.00e+00
 1.34309e+13	1.79e-42	6.02e-34	4.11e-26	4.85e-19	1.25e-12	6.88e-07	9.99e-01	1.28e-03	0.00e+00	0.00e+00	0.00e+00	0.00e+00
 1.39472e+13	0.00e+00	8.64e-34	5.53e-26	6.10e-19	1.47e-12	7.49e-07	9.99e-01	1.18e-03	0.00e+00	0.00e+00	0.00e+00	0.00e+00
 1.43946e+13	3.96e-42	1.17e-33	7.08e-26	7.40e-19	1.69e-12	8.04e-07	9.99e-01	1.10e-03	0.00e+00	0.00e+00	0.00e+00	0.00e+00
 1.48755e+13	0.00e+00	1.60e-33	9.16e-26	9.03e-19	1.94e-12	8.65e-07	9.99e-01	1.02e-03	0.00e+00	0.00e+00	0.00e+00	0.00e+00
 1.54651e+13	8.97e-42	2.32e-33	1.24e-25	1.14e-18	2.29e-12	9.43e-07	9.99e-01	9.40e-04	0.00e+00	0.00e+00	0.00e+00	0.00e+00
 1.60544e+13	0.00e+00	3.32e-33	1.66e-25	1.43e-18	2.68e-12	1.02e-06	9.99e-01	8.67e-04	0.00e+00	0.00e+00	0.00e+00	0.00e+00
 1.65292e+13	1.91e-41	4.38e-33	2.08e-25	1.71e-18	3.03e-12	1.09e-06	9.99e-01	8.13e-04	0.00e+00	0.00e+00	0.00e+00	0.00e+00
 1.69353e+13	0.00e+00	5.51e-33	2.52e-25	1.98e-18	3.36e-12	1.15e-06	9.99e-01	7.71e-04	0.00e+00	0.00e+00	0.00e+00	0.00e+00
 1.74017e+13	3.43e-41	7.14e-33	3.11e-25	2.33e-18	3.77e-12	1.23e-06	9.99e-01	7.27e-04	0.00e+00	0.00e+00	0.00e+00	0.00e+00
 1.79195e+13	0.00e+00	9.44e-33	3.91e-25	2.78e-18	4.27e-12	1.31e-06	9.99e-01	6.82e-04	0.00e+00	0.00e+00	0.00e+00	0.00e+00
 1.84012e+13	6.45e-41	1.21e-32	4.80e-25	3.26e-18	4.77e-12	1.39e-06	9.99e-01	6.43e-04	0.00e+00	0.00e+00	0.00e+00	0.00e+00
 1.89246e+13	0.00e+00	1.58e-32	5.97e-25	3.86e-18	5.37e-12	1.47e-06	9.99e-01	6.05e-04	0.00e+00	0.00e+00	0.00e+00	0.00e+00
 1.95074e+13	1.25e-40	2.11e-32	7.56e-25	4.64e-18	6.11e-12	1.58e-06	9.99e-01	5.66e-04	0.00e+00	0.00e+00	0.00e+00	0.00e+00
 2.00541e+13	0.00e+00	2.74e-32	9.36e-25	5.48e-18	6.86e-12	1.68e-06	9.99e-01	5.33e-04	0.00e+00	0.00e+00	0.00e+00	0.00e+00
 2.06512e+13	2.37e-40	3.62e-32	1.18e-24	6.53e-18	7.77e-12	1.79e-06	9.99e-01	5.00e-04	0.00e+00	0.00e+00	0.00e+00	0.00e+00
 2.13171e+13	0.00e+00	4.89e-32	1.50e-24	7.91e-18	8.88e-12	1.92e-06	1.00e+00	4.67e-04	0.00e+00	0.00e+00	0.00e+00	0.00e+00
 2.19443e+13	4.70e-40	6.42e-32	1.88e-24	9.42e-18	1.00e-11	2.05e-06	1.00e+00	4.38e-04	0.00e+00	0.00e+00	0.00e+00	0.00e+00
 2.26317e+13	0.00e+00	8.59e-32	2.39e-24	1.13e-17	1.14e-11	2.19e-06	1.00e+00	4.09e-04	0.00e+00	0.00e+00	0.00e+00	0.00e+00
 2.34008e+13	9.67e-40	1.18e-31	3.09e-24	1.38e-17	1.32e-11	2.36e-06	1.00e+00	3.81e-04	0.00e+00	0.00e+00	0.00e+00	0.00e+00
 2.41347e+13	0.00e+00	1.57e-31	3.92e-24	1.67e-17	1.50e-11	2.53e-06	1.00e+00	3.56e-04	0.00e+00	0.00e+00	0.00e+00	0.00e+00
 2.49471e+13	1.97e-39	2.14e-31	5.06e-24	2.04e-17	1.73e-11	2.72e-06	1.00e+00	3.30e-04	0.00e+00	0.00e+00	0.00e+00	0.00e+00
 2.58476e+13	0.00e+00	2.99e-31	6.65e-24	2.52e-17	2.01e-11	2.95e-06	1.00e+00	3.05e-04	0.00e+00	0.00e+00	0.00e+00	0.00e+00
 2.66968e+13	4.19e-39	4.04e-31	8.53e-24	3.06e-17	2.30e-11	3.17e-06	1.00e+00	2.84e-04	0.00e+00	0.00e+00	0.00e+00	0.00e+00
 2.76348e+13	0.00e+00	5.56e-31	1.11e-23	3.77e-17	2.66e-11	3.43e-06	1.00e+00	2.63e-04	0.00e+00	0.00e+00	0.00e+00	0.00e+00
 2.86942e+13	9.24e-39	7.88e-31	1.48e-23	4.72e-17	3.13e-11	3.73e-06	1.00e+00	2.42e-04	0.00e+00	0.00e+00	0.00e+00	0.00e+00
 2.96743e+13	0.00e+00	1.08e-30	1.92e-23	5.77e-17	3.61e-11	4.03e-06	1.00e+00	2.24e-04	0.00e+00	0.00e+00	0.00e+00	0.00e+00
 3.05632e+13	1.84e-38	1.41e-30	2.40e-23	6.89e-17	4.09e-11	4.31e-06	1.00e+00	2.10e-04	0.00e+00	0.00e+00	0.00e+00	0.00e+00
 3.13842e+13	0.00e+00	1.80e-30	2.94e-23	8.08e-17	4.58e-11	4.58e-06	1.00e+00	1.98e-04	0.00e+00	0.00e+00	0.00e+00	0.00e+00
 3.21475e+13	3.19e-38	2.25e-30	3.52e-23	9.33e-17	5.07e-11	4.83e-06	1.00e+00	1.88e-04	0.00e+00	0.00e+00	0.00e+00	0.00e+00
 3.30224e+13	0.00e+00	2.87e-30	4.32e-23	1.10e-16	5.68e-11	5.14e-06	1.00e+00	1.77e-04	0.00e+00	0.00e+00	0.00e+00	0.00e+00
 3.41598e+13	6.16e-38	3.91e-30	5.59e-23	1.34e-16	6.55e-11	5.55e-06	1.00e+00	1.64e-04	0.00e+00	0.00e+00	0.00e+00	0.00e+00
 3.53130e+13	0.00e+00	5.29e-30	7.18e-23	1.64e-16	7.55e-11	5.99e-06	1.00e+00	1.52e-04	0.00e+00	0.00e+00	0.00e+00	0.00e+00
 3.62410e+13	1.16e-37	6.70e-30	8.74e-23	1.91e-16	8.42e-11	6.35e-06	1.00e+00	1.43e-04	0.00e+00	0.00e+00	0.00e+00	0.00e+00
 3.72016e+13	0.00e+00	8.51e-30	1.06e-22	2.23e-16	9.40e-11	6.74e-06	1.00e+00	1.35e-04	0.00e+00	0.00e+00	0.00e+00	0.00e+00
 3.84504e+13	2.20e-37	1.15e-29	1.37e-22	2.72e-16	1.08e-10	7.26e-06	1.00e+00	1.26e-04	0.00e+00	0.00e+00	0.00e+00	0.00e+00
 3.97743e+13	0.00e+00	1.56e-29	1.76e-22	3.32e-16	1.25e-10	7.84e-06	1.00e+00	1.16e-04	0.00e+00	0.00e+00	0.00e+00	0.00e+00
 4.09287e+13	4.29e-37	2.02e-29	2.19e-22	3.94e-16	1.40e-10	8.36e-06	1.00e+00	1.09e-04	0.00e+00	0.00e+00	0.00e+00	0.00e+00
 4.21628e+13	0.00e+00	2.66e-29	2.74e-22	4.70e-16	1.59e-10	8.93e-06	1.00e+00	1.02e-04	0.00e+00	0.00e+00	0.00e+00	0.00e+00
 4.37324e+13	8.78e-37	3.71e-29	3.61e-22	5.83e-16	1.85e-10	9.69e-06	1.00e+00	9.45e-05	0.00e+00	0.00e+00	0.00e+00	0.00e+00
 4.53583e+13	0.00e+00	5.17e-29	4.76e-22	7.24e-16	2.15e-10	1.05e-05	1.00e+00	8.72e-05	0.00e+00	0.00e+00	0.00e+00	0.00e+00
 4.67831e+13	1.82e-36	6.88e-29	6.01e-22	8.70e-16	2.44e-10	1.12e-05	1.00e+00	8.15e-05	0.00e+00	0.00e+00	0.00e+00	0.00e+00
 4.83262e+13	0.00e+00	9.28e-29	7.70e-22	1.05e-15	2.79e-10	1.21e-05	1.00e+00	7.60e-05	0.00e+00	0.00e+00	0.00e+00	0.00e+00
 5.01974e+13	3.93e-36	1.32e-28	1.03e-21	1.32e-15	3.27e-10	1.31e-05	1.00e+00	7.00e-05	0.00e+00	0.00e+00	0.00e+00	0.00e+00
 5.21288e+13	0.00e+00	1.87e-28	1.37e-21	1.65e-15	3.81e-10	1.42e-05	1.00e+00	6.46e-05	0.00e+00	0.00e+00	0.00e+00	0.00e+00
 5.37386e+13	8.34e-36	2.48e-28	1.73e-21	1.98e-15	4.31e-10	1.52e-05	1.00e+00	6.06e-05	0.00e+00	0.00e+00	0.00e+00	0.00e+00
 5.50526e+13	0.00e+00	3.12e-28	2.08e-21	2.28e-15	4.76e-10	1.60e-05	1.00e+00	5.76e-05	0.00e+00	0.00e+00	0.00e+00	0.00e+00
 5.65169e+13	1.47e-35	3.99e-28	2.55e-21	2.66e-15	5.29e-10	1.69e-05	1.00e+00	5.45e-05	0.00e+00	0.00e+00	0.00e+00	0.00e+00
 5.84206e+13	0.00e+00	5.45e-28	3.28e-21	3.24e-15	6.05e-10	1.81e-05	1.00e+00	5.08e-05	0.00e+00	0.00e+00	0.00e+00	0.00e+00
 6.04693e+13	3.13e-35	7.56e-28	4.28e-21	3.97e-15	6.96e-10	1.95e-05	1.00e+00	4.73e-05	0.00e+00	0.00e+00	0.00e+00	0.00e+00
 6.22385e+13	4.35e-35	9.95e-28	5.36e-21	4.72e-15	7.81e-10	2.07e-05	1.00e+00	4.46e-05	0.00e+00	0.00e+00	0.00e+00	0.00e+00
 6.40703e+13	6.06e-35	1.31e-27	6.71e-21	5.60e-15	8.78e-10	2.19e-05	1.00e+00	4.20e-05	0.00e+00	0.00e+00	0.00e+00	0.00e+00
 6.64228e+13	9.15e-35	1.86e-27	8.88e-21	6.93e-15	1.01e-09	2.36e-05	1.00e+00	3.90e-05	0.00e+00	0.00e+00	0.00e+00	0.00e+00
 6.88460e+13	1.38e-34	2.62e-27	1.17e-20	8.58e-15	1.17e-09	2.54e-05	1.00e+00	3.62e-05	0.00e+00	0.00e+00	0.00e+00	0.00e+00
 7.09063e+13	1.94e-34	3.49e-27	1.48e-20	1.02e-14	1.32e-09	2.70e-05	1.00e+00	3.41e-05	0.00e+00	0.00e+00	0.00e+00	0.00e+00
 7.31010e+13	2.76e-34	4.69e-27	1.88e-20	1.22e-14	1.49e-09	2.87e-05	1.00e+00	3.21e-05	0.00e+00	0.00e+00	0.00e+00	0.00e+00
 7.58433e+13	4.24e-34	6.70e-27	2.50e-20	1.52e-14	1.72e-09	3.10e-05	1.00e+00	2.98e-05	0.00e+00	0.00e+00	0.00e+00	0.00e+00
 7.86956e+13	6.51e-34	9.60e-27	3.34e-20	1.90e-14	2.00e-09	3.34e-05	1.00e+00	2.76e-05	0.00e+00	0.00e+00	0.00e+00	0.00e+00
 8.12651e+13	9.49e-34	1.31e-26	4.31e-20	2.29e-14	2.27e-09	3.56e-05	1.00e+00	2.59e-05	0.00e+00	0.00e+00	0.00e+00	0.00e+00
 8.40691e+13	1.41e-33	1.83e-26	5.62e-20	2.81e-14	2.60e-09	3.81e-05	1.00e+00	2.42e-05	0.00e+00	0.00e+00	0.00e+00	0.00e+00
 8.73820e+13	2.22e-33	2.67e-26	7.62e-20	3.53e-14	3.03e-09	4.12e-05	1.00e+00	2.24e-05	0.00e+00	0.00e+00	0.00e+00	0.00e+00
 9.06400e+13	3.40e-33	3.82e-26	1.02e-19	4.39e-14	3.51e-09	4.44e-05	1.00e+00	2.08e-05	0.00e+00	0.00e+00	0.00e+00	0.00e+00
 9.34843e+13	4.89e-33	5.18e-26	1.30e-19	5.28e-14	3.97e-09	4.72e-05	1.00e+00	1.95e-05	0.00e+00	0.00e+00	0.00e+00	0.00e+00
 9.65073e+13	7.10e-33	7.07e-26	1.67e-19	6.38e-14	4.51e-09	5.03e-05	1.00e+00	1.83e-05	0.00e+00	0.00e+00	0.00e+00	0.00e+00
 9.99154e+13	1.07e-32	9.91e-26	2.19e-19	7.84e-14	5.18e-09	5.40e-05	1.00e+00	1.71e-05	0.00e+00	0.00e+00	0.00e+00	0.00e+00
 1.03167e+14	1.55e-32	1.36e-25	2.82e-19	9.48e-14	5.88e-09	5.76e-05	1.00e+00	1.60e-05	0.00e+00	0.00e+00	0.00e+00	0.00e+00
 1.06115e+14	2.16e-32	1.79e-25	3.52e-19	1.12e-13	6.58e-09	6.10e-05	1.00e+00	1.51e-05	0.00e+00	0.00e+00	0.00e+00	0.00e+00
 1.08810e+14	2.90e-32	2.29e-25	4.29e-19	1.30e-13	7.28e-09	6.41e-05	1.00e+00	1.44e-05	0.00e+00	0.00e+00	0.00e+00	0.00e+00
 1.11798e+14	3.97e-32	2.98e-25	5.31e-19	1.53e-13	8.11e-09	6.77e-05	1.00e+00	1.36e-05	0.00e+00	0.00e+00	0.00e+00	0.00e+00
 1.15158e+14	5.61e-32	3.98e-25	6.70e-19	1.82e-13	9.13e-09	7.19e-05	1.00e+00	1.28e-05	0.00e+00	0.00e+00	0.00e+00	0.00e+00
 1.18346e+14	7.72e-32	5.19e-25	8.31e-19	2.15e-13	1.02e-08	7.60e-05	1.00e+00	1.21e-05	0.00e+00	0.00e+00	0.00e+00	0.00e+00
 1.21833e+14	1.08e-31	6.89e-25	1.04e-18	2.55e-13	1.14e-08	8.07e-05	1.00e+00	1.14e-05	0.00e+00	0.00e+00	0.00e+00	0.00e+00
 1.25681e+14	1.55e-31	9.33e-25	1.33e-18	3.07e-13	1.30e-08	8.60e-05	1.00e+00	1.07e-05	0.00e+00	0.00e+00	0.00e+00	0.00e+00
 1.29231e+14	2.15e-31	1.22e-24	1.66e-18	3.62e-13	1.45e-08	9.10e-05	1.00e+00	1.01e-05	0.00e+00	0.00e+00	0.00e+00	0.00e+00
 1.33080e+14	3.02e-31	1.63e-24	2.09e-18	4.32e-13	1.63e-08	9.66e-05	1.00e+00	9.55e-06	0.00e+00	0.00e+00	0.00e+00	0.00e+00
 1.37390e+14	4.37e-31	2.22e-24	2.68e-18	5.22e-13	1.85e-08	1.03e-04	1.00e+00	8.94e-06	0.00e+00	0.00e+00	0.00e+00	0.00e+00
 1.41466e+14	6.14e-31	2.94e-24	3.37e-18	6.21e-13	2.08e-08	1.10e-04	1.00e+00	8.42e-06	0.00e+00	0.00e+00	0.00e+00	0.00e+00
 1.45932e+14	8.79e-31	3.98e-24	4.30e-18	7.47e-13	2.36e-08	1.17e-04	1.00e+00	7.90e-06	0.00e+00	0.00e+00	0.00e+00	0.00e+00
 1.50910e+14	1.29e-30	5.50e-24	5.59e-18	9.13e-13	2.70e-08	1.25e-04	1.00e+00	7.38e-06	0.00e+00	0.00e+00	0.00e+00	0.00e+00
 1.55597e+14	1.85e-30	7.40e-24	7.10e-18	1.09e-12	3.06e-08	1.33e-04	1.00e+00	6.93e-06	0.00e+00	0.00e+00	0.00e+00	0.00e+00
 1.60732e+14	2.68e-30	1.01e-23	9.15e-18	1.33e-12	3.48e-08	1.42e-04	1.00e+00	6.48e-06	0.00e+00	0.00e+00	0.00e+00	0.00e+00
 1.66501e+14	4.03e-30	1.42e-23	1.21e-17	1.64e-12	4.01e-08	1.53e-04	1.00e+00	6.02e-06	0.00e+00	0.00e+00	0.00e+00	0.00e+00
 1.71998e+14	5.86e-30	1.95e-23	1.56e-17	1.99e-12	4.57e-08	1.64e-04	1.00e+00	5.63e-06	0.00e+00	0.00e+00	0.00e+00	0.00e+00
 1.78045e+14	8.71e-30	2.72e-23	2.04e-17	2.44e-12	5.26e-08	1.76e-04	1.00e+00	5.25e-06	0.00e+00	0.00e+00	0.00e+00	0.00e+00
 1.84739e+14	1.35e-29	3.94e-23	2.76e-17	3.04e-12	6.10e-08	1.90e-04	1.00e+00	4.86e-06	0.00e+00	0.00e+00	0.00e+00	0.00e+00
 1.90942e+14	1.96e-29	5.37e-23	3.53e-17	3.71e-12	6.96e-08	2.03e-04	1.00e+00	4.54e-06	0.00e+00	0.00e+00	0.00e+00	0.00e+00
 1.97672e+14	2.92e-29	7.50e-23	4.63e-17	4.55e-12	8.00e-08	2.18e-04	1.00e+00	4.23e-06	0.00e+00	0.00e+00	0.00e+00	0.00e+00
 2.05219e+14	4.49e-29	1.08e-22	6.21e-17	5.69e-12	9.31e-08	2.36e-04	1.00e+00	3.91e-06	0.00e+00	0.00e+00	0.00e+00	0.00e+00
 2.12359e+14	6.67e-29	1.50e-22	8.12e-17	6.98e-12	1.07e-07	2.53e-04	1.00e+00	3.65e-06	0.00e+00	0.00e+00	0.00e+00	0.00e+00
 2.20086e+14	1.01e-28	2.12e-22	1.07e-16	8.64e-12	1.23e-07	2.72e-04	1.00e+00	3.39e-06	0.00e+00	0.00e+00	0.00e+00	0.00e+00
 2.27797e+14	1.50e-28	2.96e-22	1.41e-16	1.06e-11	1.42e-07	2.92e-04	1.00e+00	3.16e-06	0.00e+00	0.00e+00	0.00e+00	0.00e+00
 2.33608e+14	2.01e-28	3.78e-22	1.71e-16	1.23e-11	1.57e-07	3.08e-04	1.00e+00	3.00e-06	0.00e+00	0.00e+00	0.00e+00	0.00e+00
 2.39197e+14	2.64e-28	4.76e-22	2.06e-16	1.42e-11	1.72e-07	3.23e-04	1.00e+00	2.86e-06	0.00e+00	0.00e+00	0.00e+00	0.00e+00
 2.46461e+14	3.74e-28	6.36e-22	2.61e-16	1.69e-11	1.94e-07	3.44e-04	1.00e+00	2.69e-06	0.00e+00	0.00e+00	0.00e+00	0.00e+00
 2.54142e+14	5.34e-28	8.57e-22	3.32e-16	2.03e-11	2.20e-07	3.66e-04	1.00e+00	2.52e-06	0.00e+00	0.00e+00	0.00e+00	0.00e+00
 2.60774e+14	7.22e-28	1.10e-21	4.07e-16	2.37e-11	2.43e-07	3.85e-04	1.00e+00	2.39e-06	0.00e+00	0.00e+00	0.00e+00	0.00e+00
 2.67807e+14	9.84e-28	1.43e-21	5.01e-16	2.78e-11	2.71e-07	4.07e-04	1.00e+00	2.27e-06	0.00e+00	0.00e+00	0.00e+00	0.00e+00
 2.76950e+14	1.46e-27	1.98e-21	6.53e-16	3.40e-11	3.10e-07	4.36e-04	1.00e+00	2.12e-06	0.00e+00	0.00e+00	0.00e+00	0.00e+00
 2.86309e+14	2.15e-27	2.75e-21	8.48e-16	4.14e-11	3.54e-07	4.66e-04	1.00e+00	1.98e-06	0.00e+00	0.00e+00	0.00e+00	0.00e+00
 2.93993e+14	2.93e-27	3.56e-21	1.05e-15	4.85e-11	3.93e-07	4.92e-04	1.00e+00	1.87e-06	0.00e+00	0.00e+00	0.00e+00	0.00e+00
 3.02025e+14	4.02e-27	4.64e-21	1.29e-15	5.69e-11	4.38e-07	5.20e-04	9.99e-01	1.77e-06	0.00e+00	0.00e+00	0.00e+00	0.00e+00
 3.12468e+14	5.98e-27	6.47e-21	1.69e-15	6.97e-11	5.02e-07	5.57e-04	9.99e-01	1.65e-06	0.00e+00	0.00e+00	0.00e+00	0.00e+00
 3.23463e+14	8.99e-27	9.09e-21	2.22e-15	8.57e-11	5.76e-07	5.97e-04	9.99e-01	1.54e-06	0.00e+00	0.00e+00	0.00e+00	0.00e+00
 3.32968e+14	1.26e-26	1.21e-20	2.79e-15	1.02e-10	6.47e-07	6.33e-04	9.99e-01	1.45e-06	0.00e+00	0.00e+00	0.00e+00	0.00e+00
 3.43117e+14	1.80e-26	1.62e-20	3.54e-15	1.22e-10	7.30e-07	6.73e-04	9.99e-01	1.37e-06	0.00e+00	0.00e+00	0.00e+00	0.00e+00
 3.55846e+14	2.77e-26	2.33e-20	4.73e-15	1.51e-10	8.44e-07	7.24e-04	9.99e-01	1.27e-06	0.00e+00	0.00e+00	0.00e+00	0.00e+00
 3.69024e+14	4.25e-26	3.33e-20	6.31e-15	1.88e-10	9.76e-07	7.79e-04	9.99e-01	1.18e-06	0.00e+00	0.00e+00	0.00e+00	0.00e+00
 3.80759e+14	6.15e-26	4.54e-20	8.08e-15	2.27e-10	1.11e-06	8.30e-04	9.99e-01	1.11e-06	0.00e+00	0.00e+00	0.00e+00	0.00e+00
 3.93523e+14	9.08e-26	6.28e-20	1.05e-14	2.76e-10	1.26e-06	8.87e-04	9.99e-01	1.04e-06	0.00e+00	0.00e+00	0.00e+00	0.00e+00
 4.08767e+14	1.42e-25	9.13e-20	1.42e-14	3.46e-10	1.47e-06	9.57e-04	9.99e-01	9.60e-07	0.00e+00	0.00e+00	0.00e+00	0.00e+00
 4.23918e+14	2.19e-25	1.31e-19	1.89e-14	4.30e-10	1.70e-06	1.03e-03	9.99e-01	0.00e+00	0.00e+00	0.00e+00	0.00e+00	0.00e+00
 4.37745e+14	3.19e-25	1.79e-19	2.44e-14	5.21e-10	1.93e-06	1.10e-03	9.99e-01	0.00e+00	0.00e+00	0.00e+00	0.00e+00	0.00e+00
 4.50148e+14	4.44e-25	2.36e-19	3.04e-14	6.15e-10	2.16e-06	1.16e-03	9.99e-01	0.00e+00	0.00e+00	0.00e+00	0.00e+00	0.00e+00
 4.61008e+14	5.87e-25	2.99e-19	3.67e-14	7.09e-10	2.37e-06	1.22e-03	9.99e-01	0.00e+00	0.00e+00	0.00e+00	0.00e+00	0.00e+00
 4.72887e+14	7.92e-25	3.83e-19	4.49e-14	8.26e-10	2.62e-06	1.28e-03	9.99e-01	0.00e+00	0.00e+00	0.00e+00	0.00e+00	0.00e+00
 4.88329e+14	1.15e-24	5.26e-19	5.79e-14	1.00e-09	2.98e-06	1.37e-03	9.99e-01	0.00e+00	0.00e+00	0.00e+00	0.00e+00	0.00e+00
 5.04042e+14	1.68e-24	7.18e-19	7.44e-14	1.21e-09	3.39e-06	1.46e-03	9.99e-01	0.00e+00	0.00e+00	0.00e+00	0.00e+00	0.00e+00
 5.16750e+14	2.24e-24	9.16e-19	9.05e-14	1.40e-09	3.74e-06	1.54e-03	9.98e-01	0.00e+00	0.00e+00	0.00e+00	0.00e+00	0.00e+00
 5.29915e+14	3.01e-24	1.17e-18	1.10e-13	1.63e-09	4.14e-06	1.62e-03	9.98e-01	0.00e+00	0.00e+00	0.00e+00	0.00e+00	0.00e+00
 5.47031e+14	4.35e-24	1.60e-18	1.42e-13	1.97e-09	4.70e-06	1.73e-03	9.98e-01	0.00e+00	0.00e+00	0.00e+00	0.00e+00	0.00e+00
 5.64974e+14	6.35e-24	2.19e-18	1.83e-13	2.39e-09	5.35e-06	1.84e-03	9.98e-01	0.00e+00	0.00e+00	0.00e+00	0.00e+00	0.00e+00
 5.80299e+14	8.66e-24	2.84e-18	2.26e-13	2.80e-09	5.95e-06	1.95e-03	9.98e-01	0.00e+00	0.00e+00	0.00e+00	0.00e+00	0.00e+00
 5.96528e+14	1.19e-23	3.71e-18	2.80e-13	3.30e-09	6.65e-06	2.06e-03	9.98e-01	0.00e+00	0.00e+00	0.00e+00	0.00e+00	0.00e+00
 6.17626e+14	1.78e-23	5.19e-18	3.68e-13	4.06e-09	7.65e-06	2.21e-03	9.98e-01	0.00e+00	0.00e+00	0.00e+00	0.00e+00	0.00e+00
 6.39489e+14	2.66e-23	7.27e-18	4.83e-13	4.99e-09	8.80e-06	2.38e-03	9.98e-01	0.00e+00	0.00e+00	0.00e+00	0.00e+00	0.00e+00
 6.57881e+14	3.68e-23	9.57e-18	6.03e-13	5.91e-09	9.86e-06	2.52e-03	9.97e-01	0.00e+00	0.00e+00	0.00e+00	0.00e+00	0.00e+00
 6.77323e+14	5.13e-23	1.26e-17	7.57e-13	7.03e-09	1.11e-05	2.68e-03	9.97e-01	0.00e+00	0.00e+00	0.00e+00	0.00e+00	0.00e+00
 7.02093e+14	7.72e-23	1.78e-17	1.00e-12	8.72e-09	1.28e-05	2.89e-03	9.97e-01	0.00e+00	0.00e+00	0.00e+00	0.00e+00	0.00e+00
 7.28022e+14	1.17e-22	2.52e-17	1.33e-12	1.08e-08	1.48e-05	3.11e-03	9.97e-01	0.00e+00	0.00e+00	0.00e+00	0.00e+00	0.00e+00
 7.50700e+14	1.65e-22	3.38e-17	1.68e-12	1.30e-08	1.68e-05	3.32e-03	9.97e-01	0.00e+00	0.00e+00	0.00e+00	0.00e+00	0.00e+00
 7.74921e+14	2.35e-22	4.57e-17	2.15e-12	1.57e-08	1.91e-05	3.55e-03	9.96e-01	0.00e+00	0.00e+00	0.00e+00	0.00e+00	0.00e+00
 8.04397e+14	3.57e-22	6.50e-17	2.87e-12	1.96e-08	2.22e-05	3.84e-03	9.96e-01	0.00e+00	0.00e+00	0.00e+00	0.00e+00	0.00e+00
 8.33857e+14	5.32e-22	9.10e-17	3.79e-12	2.43e-08	2.57e-05	4.15e-03	9.96e-01	0.00e+00	0.00e+00	0.00e+00	0.00e+00	0.00e+00
 8.59706e+14	7.50e-22	1.22e-16	4.80e-12	2.91e-08	2.90e-05	4.43e-03	9.96e-01	0.00e+00	0.00e+00	0.00e+00	0.00e+00	0.00e+00
 8.87712e+14	1.06e-21	1.64e-16	6.14e-12	3.52e-08	3.30e-05	4.74e-03	9.95e-01	0.00e+00	0.00e+00	0.00e+00	0.00e+00	0.00e+00
 9.21627e+14	1.61e-21	2.32e-16	8.19e-12	4.41e-08	3.85e-05	5.14e-03	9.95e-01	0.00e+00	0.00e+00	0.00e+00	0.00e+00	0.00e+00
 9.53218e+14	2.32e-21	3.18e-16	1.06e-11	5.39e-08	4.41e-05	5.53e-03	9.94e-01	0.00e+00	0.00e+00	0.00e+00	0.00e+00	0.00e+00
 9.78359e+14	3.09e-21	4.05e-16	1.29e-11	6.29e-08	4.90e-05	5.85e-03	9.94e-01	0.00e+00	0.00e+00	0.00e+00	0.00e+00	0.00e+00
 1.00132e+15	3.97e-21	5.01e-16	1.54e-11	7.22e-08	5.39e-05	6.15e-03	9.94e-01	0.00e+00	0.00e+00	0.00e+00	0.00e+00	0.00e+00
 1.02735e+15	5.25e-21	6.35e-16	1.88e-11	8.41e-08	5.98e-05	6.50e-03	9.93e-01	0.00e+00	0.00e+00	0.00e+00	0.00e+00	0.00e+00
 1.06120e+15	7.45e-21	8.56e-16	2.41e-11	1.02e-07	6.82e-05	6.98e-03	9.93e-01	0.00e+00	0.00e+00	0.00e+00	0.00e+00	0.00e+00
 1.09518e+15	1.05e-20	1.14e-15	3.06e-11	1.23e-07	7.75e-05	7.47e-03	9.92e-01	0.00e+00	0.00e+00	0.00e+00	0.00e+00	0.00e+00
 1.12194e+15	1.35e-20	1.43e-15	3.67e-11	1.42e-07	8.54e-05	7.88e-03	9.92e-01	0.00e+00	0.00e+00	0.00e+00	0.00e+00	0.00e+00
 1.14932e+15	1.75e-20	1.78e-15	4.41e-11	1.64e-07	9.42e-05	8.30e-03	9.92e-01	0.00e+00	0.00e+00	0.00e+00	0.00e+00	0.00e+00
 1.18493e+15	2.41e-20	2.34e-15	5.55e-11	1.96e-07	1.06e-04	8.87e-03	9.91e-01	0.00e+00	0.00e+00	0.00e+00	0.00e+00	0.00e+00
 1.22289e+15	3.38e-20	3.12e-15	7.04e-11	2.36e-07	1.21e-04	9.50e-03	9.90e-01	0.00e+00	0.00e+00	0.00e+00	0.00e+00	0.00e+00
 1.25590e+15	4.50e-20	3.98e-15	8.63e-11	2.77e-07	1.35e-04	1.01e-02	9.90e-01	0.00e+00	0.00e+00	0.00e+00	0.00e+00	0.00e+00
 1.29078e+15	6.00e-20	5.09e-15	1.06e-10	3.26e-07	1.50e-04	1.07e-02	9.89e-01	0.00e+00	0.00e+00	0.00e+00	0.00e+00	0.00e+00
 1.33613e+15	8.65e-20	6.98e-15	1.38e-10	4.01e-07	1.73e-04	1.15e-02	9.88e-01	0.00e+00	0.00e+00	0.00e+00	0.00e+00	0.00e+00
 1.38251e+15	1.24e-19	9.50e-15	1.79e-10	4.91e-07	1.99e-04	1.24e-02	9.87e-01	0.00e+00	0.00e+00	0.00e+00	0.00e+00	0.00e+00
 1.42070e+15	1.65e-19	1.21e-14	2.19e-10	5.77e-07	2.22e-04	1.32e-02	9.87e-01	0.00e+00	0.00e+00	0.00e+00	0.00e+00	0.00e+00
 1.46082e+15	2.21e-19	1.56e-14	2.70e-10	6.80e-07	2.48e-04	1.40e-02	9.86e-01	0.00e+00	0.00e+00	0.00e+00	0.00e+00	0.00e+00
 1.51299e+15	3.18e-19	2.14e-14	3.53e-10	8.38e-07	2.86e-04	1.52e-02	9.85e-01	0.00e+00	0.00e+00	0.00e+00	0.00e+00	0.00e+00
 1.56834e+15	4.62e-19	2.95e-14	4.62e-10	1.04e-06	3.31e-04	1.64e-02	9.83e-01	0.00e+00	0.00e+00	0.00e+00	0.00e+00	0.00e+00
 1.61703e+15	6.35e-19	3.88e-14	5.81e-10	1.24e-06	3.74e-04	1.76e-02	9.82e-01	0.00e+00	0.00e+00	0.00e+00	0.00e+00	0.00e+00
 1.66956e+15	8.83e-19	5.16e-14	7.38e-10	1.50e-06	4.25e-04	1.89e-02	9.81e-01	0.00e+00	0.00e+00	0.00e+00	0.00e+00	0.00e+00
 1.73324e+15	1.30e-18	7.22e-14	9.80e-10	1.88e-06	4.94e-04	2.05e-02	9.79e-01	0.00e+00	0.00e+00	0.00e+00	0.00e+00	0.00e+00
 1.79702e+15	1.88e-18	9.94e-14	1.28e-09	2.33e-06	5.72e-04	2.22e-02	9.77e-01	0.00e+00	0.00e+00	0.00e+00	0.00e+00	0.00e+00
 1.84593e+15	2.48e-18	1.26e-13	1.57e-09	2.73e-06	6.36e-04	2.36e-02	9.76e-01	0.00e+00	0.00e+00	0.00e+00	0.00e+00	0.00e+00
 1.88243e+15	3.02e-18	1.50e-13	1.82e-09	3.06e-06	6.88e-04	2.46e-02	9.75e-01	0.00e+00	0.00e+00	0.00e+00	0.00e+00	0.00e+00
 1.92237e+15	3.75e-18	1.81e-13	2.13e-09	3.47e-06	7.49e-04	2.58e-02	9.73e-01	0.00e+00	0.00e+00	0.00e+00	0.00e+00	0.00e+00
 1.97429e+15	4.92e-18	2.29e-13	2.60e-09	4.06e-06	8.33e-04	2.74e-02	9.72e-01	0.00e+00	0.00e+00	0.00e+00	0.00e+00	0.00e+00
 2.03123e+15	6.56e-18	2.95e-13	3.22e-09	4.81e-06	9.34e-04	2.92e-02	9.70e-01	0.00e+00	0.00e+00	0.00e+00	0.00e+00	0.00e+00
 2.08285e+15	8.44e-18	3.67e-13	3.88e-09	5.57e-06	1.03e-03	3.08e-02	9.68e-01	0.00e+00	0.00e+00	0.00e+00	0.00e+00	0.00e+00
 2.13811e+15	1.10e-17	4.62e-13	4.72e-09	6.51e-06	1.14e-03	3.27e-02	9.66e-01	0.00e+00	0.00e+00	0.00e+00	0.00e+00	0.00e+00
 2.20994e+15	1.54e-17	6.19e-13	6.06e-09	7.93e-06	1.31e-03	3.52e-02	9.63e-01	0.00e+00	0.00e+00	0.00e+00	0.00e+00	0.00e+00
 2.28171e+15	2.11e-17	8.20e-13	7.69e-09	9.59e-06	1.49e-03	3.78e-02	9.61e-01	0.00e+00	0.00e+00	0.00e+00	0.00e+00	0.00e+00
 2.33769e+15	2.75e-17	1.01e-12	9.22e-09	1.11e-05	1.63e-03	3.99e-02	9.58e-01	0.00e+00	0.00e+00	1.59e-17	8.17e-18	2.71e-18
 2.39475e+15	3.48e-17	1.25e-12	1.10e-08	1.28e-05	1.80e-03	4.21e-02	9.56e-01	0.00e+00	0.00e+00	2.00e-17	1.04e-17	3.43e-18
 2.46892e+15	4.70e-17	1.63e-12	1.39e-08	1.53e-05	2.03e-03	4.51e-02	9.53e-01	0.00e+00	0.00e+00	2.71e-17	1.40e-17	4.62e-18
 2.54827e+15	6.43e-17	2.15e-12	1.76e-08	1.85e-05	2.30e-03	4.85e-02	9.49e-01	0.00e+00	0.00e+00	3.71e-17	1.91e-17	6.31e-18
 2.61798e+15	8.37e-17	2.72e-12	2.15e-08	2.17e-05	2.56e-03	5.15e-02	9.46e-01	0.00e+00	0.00e+00	4.83e-17	2.49e-17	8.20e-18
 2.69225e+15	1.10e-16	3.47e-12	2.65e-08	2.56e-05	2.86e-03	5.49e-02	9.42e-01	0.00e+00	0.00e+00	6.37e-17	3.29e-17	1.08e-17
 2.78880e+15	1.57e-16	4.73e-12	3.46e-08	3.16e-05	3.29e-03	5.94e-02	9.37e-01	0.00e+00	0.00e+00	9.05e-17	4.67e-17	1.53e-17
 2.88859e+15	2.21e-16	6.43e-12	4.51e-08	3.89e-05	3.78e-03	6.43e-02	9.32e-01	0.00e+00	0.00e+00	1.28e-16	6.59e-17	2.16e-17
 2.97198e+15	2.93e-16	8.25e-12	5.59e-08	4.60e-05	4.23e-03	6.85e-02	9.27e-01	0.00e+00	0.00e+00	1.69e-16	8.72e-17	2.85e-17
 3.05974e+15	3.91e-16	1.07e-11	6.97e-08	5.47e-05	4.74e-03	7.31e-02	9.22e-01	0.00e+00	0.00e+00	2.26e-16	1.17e-16	3.80e-17
 3.17155e+15	5.57e-16	1.46e-11	9.14e-08	6.77e-05	5.46e-03	7.93e-02	9.15e-01	0.00e+00	0.00e+00	3.22e-16	1.66e-16	5.40e-17
 3.28901e+15	7.98e-16	2.01e-11	1.20e-07	8.41e-05	6.29e-03	8.60e-02	9.08e-01	0.00e+00	0.00e+00	4.61e-16	2.38e-16	7.73e-17
 3.37849e+15	1.04e-15	2.54e-11	1.48e-07	9.85e-05	6.98e-03	9.13e-02	9.02e-01	0.00e+00	0.00e+00	6.01e-16	3.10e-16	1.01e-16
 3.44316e+15	1.25e-15	3.01e-11	1.71e-07	1.10e-04	7.51e-03	9.52e-02	8.97e-01	0.00e+00	0.00e+00	7.26e-16	3.75e-16	1.22e-16
 3.51318e+15	1.54e-15	3.60e-11	1.99e-07	1.24e-04	8.12e-03	9.94e-02	8.92e-01	0.00e+00	0.00e+00	8.89e-16	4.59e-16	1.49e-16
 3.60420e+15	1.99e-15	4.53e-11	2.42e-07	1.45e-04	8.97e-03	1.05e-01	8.86e-01	0.00e+00	0.00e+00	1.15e-15	5.95e-16	1.93e-16
 3.70412e+15	2.62e-15	5.78e-11	2.99e-07	1.70e-04	9.96e-03	1.12e-01	8.78e-01	0.00e+00	0.00e+00	1.52e-15	7.84e-16	2.54e-16
 3.79495e+15	3.35e-15	7.18e-11	3.60e-07	1.96e-04	1.09e-02	1.18e-01	8.71e-01	0.00e+00	0.00e+00	1.94e-15	1.00e-15	3.25e-16
 3.89237e+15	4.35e-15	9.04e-11	4.38e-07	2.28e-04	1.21e-02	1.24e-01	8.63e-01	0.00e+00	0.00e+00	2.52e-15	1.30e-15	4.21e-16
 4.00218e+15	5.80e-15	1.16e-10	5.44e-07	2.69e-04	1.34e-02	1.32e-01	8.54e-01	0.00e+00	0.00e+00	3.36e-15	1.74e-15	5.61e-16
 4.10503e+15	7.53e-15	1.47e-10	6.63e-07	3.13e-04	1.48e-02	1.39e-01	8.46e-01	0.00e+00	0.00e+00	4.36e-15	2.26e-15	7.29e-16
 4.20104e+15	9.56e-15	1.81e-10	7.93e-07	3.58e-04	1.61e-02	1.46e-01	8.37e-01	0.00e+00	0.00e+00	5.54e-15	2.86e-15	9.25e-16
 4.31124e+15	1.26e-14	2.30e-10	9.72e-07	4.18e-04	1.78e-02	1.54e-01	8.28e-01	0.00e+00	0.00e+00	7.30e-15	3.78e-15	1.22e-15
 4.43560e+15	1.70e-14	2.99e-10	1.21e-06	4.94e-04	1.98e-02	1.63e-01	8.16e-01	0.00e+00	0.00e+00	9.86e-15	5.10e-15	1.65e-15
 4.55353e+15	2.25e-14	3.81e-10	1.49e-06	5.76e-04	2.18e-02	1.72e-01	8.05e-01	0.00e+00	0.00e+00	1.30e-14	6.73e-15	2.17e-15
 4.68199e+15	3.03e-14	4.94e-10	1.86e-06	6.78e-04	2.42e-02	1.82e-01	7.93e-01	0.00e+00	0.00e+00	1.76e-14	9.10e-15	2.93e-15
 4.82527e+15	4.19e-14	6.54e-10	2.35e-06	8.08e-04	2.71e-02	1.93e-01	7.79e-01	0.00e+00	0.00e+00	2.43e-14	1.26e-14	4.05e-15
 4.95914e+15	5.62e-14	8.43e-10	2.92e-06	9.47e-04	2.99e-02	2.03e-01	7.66e-01	0.00e+00	0.00e+00	3.25e-14	1.69e-14	5.43e-15
 5.10451e+15	7.71e-14	1.11e-09	3.67e-06	1.12e-03	3.33e-02	2.15e-01	7.51e-01	0.00e+00	0.00e+00	4.47e-14	2.32e-14	7.45e-15
 5.29043e+15	1.14e-13	1.55e-09	4.87e-06	1.38e-03	3.79e-02	2.29e-01	7.32e-01	0.00e+00	0.00e+00	6.64e-14	3.44e-14	1.11e-14
 5.47628e+15	1.66e-13	2.14e-09	6.38e-06	1.68e-03	4.28e-02	2.43e-01	7.12e-01	0.00e+00	0.00e+00	9.63e-14	4.99e-14	1.61e-14
 5.62759e+15	2.25e-13	2.77e-09	7.91e-06	1.96e-03	4.71e-02	2.55e-01	6.96e-01	0.00e+00	0.00e+00	1.30e-13	6.77e-14	2.18e-14
 5.78675e+15	3.10e-13	3.63e-09	9.86e-06	2.30e-03	5.20e-02	2.67e-01	6.78e-01	0.00e+00	0.00e+00	1.80e-13	9.32e-14	3.00e-14
 5.95075e+15	4.24e-13	4.74e-09	1.23e-05	2.69e-03	5.73e-02	2.80e-01	6.60e-01	0.00e+00	0.00e+00	2.46e-13	1.28e-13	4.10e-14
 6.08416e+15	5.42e-13	5.85e-09	1.46e-05	3.04e-03	6.18e-02	2.89e-01	6.46e-01	0.00e+00	0.00e+00	3.15e-13	1.63e-13	5.25e-14
 6.22073e+15	7.02e-13	7.26e-09	1.74e-05	3.45e-03	6.67e-02	2.99e-01	6.31e-01	0.00e+00	0.00e+00	4.07e-13	2.11e-13	6.80e-14
 6.39826e+15	9.75e-13	9.55e-09	2.18e-05	4.04e-03	7.34e-02	3.12e-01	6.11e-01	0.00e+00	0.00e+00	5.66e-13	2.94e-13	9.45e-14
 6.58167e+15	1.34e-12	1.25e-08	2.71e-05	4.72e-03	8.06e-02	3.24e-01	5.90e-01	0.00e+00	0.00e+00	7.78e-13	4.04e-13	1.30e-13
 6.73185e+15	1.73e-12	1.55e-08	3.23e-05	5.33e-03	8.67e-02	3.34e-01	5.74e-01	0.00e+00	0.00e+00	1.00e-12	5.21e-13	1.67e-13
 6.88623e+15	2.25e-12	1.93e-08	3.86e-05	6.04e-03	9.34e-02	3.44e-01	5.57e-01	0.00e+00	0.00e+00	1.31e-12	6.80e-13	2.19e-13
 7.08693e+15	3.16e-12	2.55e-08	4.84e-05	7.06e-03	1.02e-01	3.56e-01	5.34e-01	0.00e+00	0.00e+00	1.83e-12	9.54e-13	3.07e-13
 7.29431e+15	4.37e-12	3.35e-08	6.04e-05	8.24e-03	1.12e-01	3.68e-01	5.12e-01	0.00e+00	0.00e+00	2.54e-12	1.32e-12	4.24e-13
 7.46509e+15	5.67e-12	4.17e-08	7.21e-05	9.30e-03	1.20e-01	3.77e-01	4.93e-01	0.00e+00	0.00e+00	3.29e-12	1.71e-12	5.50e-13
 7.64181e+15	7.46e-12	5.23e-08	8.64e-05	1.05e-02	1.29e-01	3.86e-01	4.74e-01	0.00e+00	0.00e+00	4.33e-12	2.25e-12	7.24e-13
 7.87155e+15	1.05e-11	6.95e-08	1.09e-04	1.23e-02	1.41e-01	3.96e-01	4.50e-01	0.00e+00	0.00e+00	6.11e-12	3.18e-12	1.02e-12
 8.10872e+15	1.46e-11	9.16e-08	1.36e-04	1.43e-02	1.54e-01	4.06e-01	4.26e-01	0.00e+00	0.00e+00	8.50e-12	4.42e-12	1.42e-12
 8.30571e+15	1.91e-11	1.15e-07	1.63e-04	1.62e-02	1.64e-01	4.13e-01	4.06e-01	0.00e+00	0.00e+00	1.11e-11	5.79e-12	1.86e-12
 8.51197e+15	2.55e-11	1.45e-07	1.97e-04	1.83e-02	1.76e-01	4.19e-01	3.86e-01	0.00e+00	0.00e+00	1.48e-11	7.71e-12	2.48e-12
 8.78011e+15	3.65e-11	1.95e-07	2.49e-04	2.14e-02	1.92e-01	4.26e-01	3.60e-01	0.00e+00	0.00e+00	2.12e-11	1.10e-11	3.54e-12
 9.05378e+15	5.09e-11	2.57e-07	3.12e-04	2.49e-02	2.07e-01	4.31e-01	3.36e-01	0.00e+00	0.00e+00	2.95e-11	1.54e-11	4.95e-12
 9.28045e+15	6.68e-11	3.23e-07	3.75e-04	2.80e-02	2.21e-01	4.34e-01	3.16e-01	0.00e+00	0.00e+00	3.88e-11	2.02e-11	6.49e-12
 9.52092e+15	8.98e-11	4.12e-07	4.55e-04	3.17e-02	2.35e-01	4.37e-01	2.96e-01	0.00e+00	0.00e+00	5.22e-11	2.72e-11	8.73e-12
 9.83354e+15	1.30e-10	5.57e-07	5.79e-04	3.70e-02	2.54e-01	4.38e-01	2.71e-01	0.00e+00	0.00e+00	7.54e-11	3.93e-11	1.26e-11
 1.01129e+16	1.72e-10	7.08e-07	7.06e-04	4.20e-02	2.70e-01	4.37e-01	2.50e-01	0.00e+00	0.00e+00	9.97e-11	5.19e-11	1.67e-11
 1.02972e+16	2.08e-10	8.33e-07	8.06e-04	4.56e-02	2.81e-01	4.35e-01	2.37e-01	0.00e+00	0.00e+00	1.21e-10	6.31e-11	2.03e-11
 1.04852e+16	2.56e-10	9.88e-07	9.22e-04	4.95e-02	2.92e-01	4.33e-01	2.24e-01	0.00e+00	0.00e+00	1.49e-10	7.77e-11	2.50e-11
 1.07296e+16	3.34e-10	1.23e-06	1.09e-03	5.50e-02	3.07e-01	4.30e-01	2.07e-01	0.00e+00	0.00e+00	1.94e-10	1.01e-10	3.25e-11
 1.09818e+16	4.26e-10	1.51e-06	1.29e-03	6.10e-02	3.21e-01	4.25e-01	1.92e-01	0.00e+00	0.00e+00	2.48e-10	1.29e-10	4.15e-11
 1.12099e+16	5.33e-10	1.81e-06	1.50e-03	6.67e-02	3.34e-01	4.19e-01	1.78e-01	0.00e+00	0.00e+00	3.10e-10	1.61e-10	5.19e-11
 1.14723e+16	6.91e-10	2.25e-06	1.78e-03	7.38e-02	3.48e-01	4.12e-01	1.64e-01	0.00e+00	0.00e+00	4.02e-10	2.10e-10	6.73e-11
 1.17452e+16	8.90e-10	2.77e-06	2.11e-03	8.17e-02	3.63e-01	4.04e-01	1.49e-01	0.00e+00	0.00e+00	5.17e-10	2.70e-10	8.67e-11
 1.19931e+16	1.12e-09	3.35e-06	2.46e-03	8.92e-02	3.75e-01	3.96e-01	1.38e-01	0.00e+00	0.00e+00	6.49e-10	3.38e-10	1.09e-10
 1.22764e+16	1.46e-09	4.18e-06	2.93e-03	9.86e-02	3.89e-01	3.85e-01	1.24e-01	0.00e+00	0.00e+00	8.51e-10	4.44e-10	1.43e-10
 1.25698e+16	1.86e-09	5.14e-06	3.47e-03	1.08e-01	4.02e-01	3.74e-01	1.12e-01	0.00e+00	0.00e+00	1.08e-09	5.65e-10	1.82e-10
 1.28299e+16	2.33e-09	6.20e-06	4.04e-03	1.18e-01	4.13e-01	3.63e-01	1.02e-01	0.00e+00	0.00e+00	1.36e-09	7.07e-10	2.27e-10
 1.31216e+16	3.07e-09	7.74e-06	4.80e-03	1.30e-01	4.25e-01	3.50e-01	9.14e-02	0.00e+00	0.00e+00	1.78e-09	9.31e-10	2.99e-10
 1.34297e+16	3.91e-09	9.52e-06	5.69e-03	1.42e-01	4.35e-01	3.36e-01	8.16e-02	0.00e+00	0.00e+00	2.27e-09	1.19e-09	3.82e-10
 1.37019e+16	4.89e-09	1.15e-05	6.62e-03	1.54e-01	4.44e-01	3.23e-01	7.35e-02	0.00e+00	0.00e+00	2.85e-09	1.49e-09	4.78e-10
 1.39988e+16	6.36e-09	1.43e-05	7.83e-03	1.67e-01	4.52e-01	3.08e-01	6.51e-02	0.00e+00	0.00e+00	3.70e-09	1.93e-09	6.22e-10
 1.43181e+16	8.37e-09	1.79e-05	9.36e-03	1.83e-01	4.59e-01	2.91e-01	5.70e-02	0.00e+00	0.00e+00	4.87e-09	2.54e-09	8.19e-10
 1.45990e+16	1.05e-08	2.16e-05	1.09e-02	1.97e-01	4.64e-01	2.77e-01	5.07e-02	0.00e+00	0.00e+00	6.09e-09	3.18e-09	1.02e-09
 1.48577e+16	1.30e-08	2.59e-05	1.26e-02	2.11e-01	4.68e-01	2.64e-01	4.53e-02	0.00e+00	0.00e+00	7.58e-09	3.96e-09	1.28e-09
 1.51084e+16	1.59e-08	3.06e-05	1.44e-02	2.24e-01	4.70e-01	2.51e-01	4.06e-02	0.00e+00	0.00e+00	9.24e-09	4.83e-09	1.56e-09
 1.53498e+16	1.95e-08	3.62e-05	1.65e-02	2.38e-01	4.71e-01	2.38e-01	3.63e-02	0.00e+00	0.00e+00	1.13e-08	5.93e-09	1.91e-09
 1.55897e+16	2.40e-08	4.30e-05	1.88e-02	2.53e-01	4.71e-01	2.25e-01	3.24e-02	0.00e+00	0.00e+00	1.40e-08	7.30e-09	2.35e-09
