#depth	He	He+	He+2
 1.49634e+10	1.37e-22	5.98e-12	1.00e+00
 4.54887e+10	1.56e-22	6.47e-12	1.00e+00
 7.72350e+10	1.77e-22	7.00e-12	1.00e+00
 1.10251e+11	2.00e-22	7.57e-12	1.00e+00
 1.43094e+11	2.26e-22	8.17e-12	1.00e+00
 1.77251e+11	2.54e-22	8.81e-12	1.00e+00
 2.14267e+11	2.89e-22	9.53e-12	1.00e+00
 2.52765e+11	3.29e-22	1.03e-11	1.00e+00
 2.90371e+11	3.72e-22	1.11e-11	1.00e+00
 3.26277e+11	4.17e-22	1.19e-11	1.00e+00
 3.66051e+11	4.70e-22	1.28e-11	1.00e+00
 4.05507e+11	5.32e-22	1.37e-11	1.00e+00
 4.38349e+11	5.85e-22	1.45e-11	1.00e+00
 4.73385e+11	6.45e-22	1.54e-11	1.00e+00
 5.18015e+11	7.31e-22	1.65e-11	1.00e+00
 5.64909e+11	8.33e-22	1.78e-11	1.00e+00
 6.06802e+11	9.31e-22	1.90e-11	1.00e+00
 6.52402e+11	1.04e-21	2.03e-11	1.00e+00
 7.06703e+11	1.20e-21	2.19e-11	1.00e+00
 7.61314e+11	1.37e-21	2.36e-11	1.00e+00
 8.09555e+11	1.54e-21	2.51e-11	1.00e+00
 8.60518e+11	1.72e-21	2.68e-11	1.00e+00
 9.17957e+11	1.97e-21	2.88e-11	1.00e+00
 9.72619e+11	2.22e-21	3.07e-11	1.00e+00
 1.03248e+12	2.51e-21	3.29e-11	1.00e+00
 1.09832e+12	2.88e-21	3.55e-11	1.00e+00
 1.15886e+12	3.26e-21	3.79e-11	1.00e+00
 1.22450e+12	3.69e-21	4.06e-11	1.00e+00
 1.29789e+12	4.25e-21	4.37e-11	1.00e+00
 1.36711e+12	4.82e-21	4.68e-11	1.00e+00
 1.44286e+12	5.50e-21	5.03e-11	1.00e+00
 1.52701e+12	6.38e-21	5.43e-11	1.00e+00
 1.60580e+12	7.28e-21	5.82e-11	1.00e+00
 1.69109e+12	8.32e-21	6.26e-11	1.00e+00
 1.78637e+12	9.69e-21	6.78e-11	1.00e+00
 1.87796e+12	1.11e-20	7.29e-11	1.00e+00
 1.96314e+12	1.26e-20	7.79e-11	1.00e+00
 2.05757e+12	1.44e-20	8.37e-11	1.00e+00
 2.16414e+12	1.67e-20	9.04e-11	1.00e+00
 2.26641e+12	1.92e-20	9.72e-11	1.00e+00
 2.37676e+12	2.20e-20	1.05e-10	1.00e+00
 2.48389e+12	2.54e-20	1.13e-10	1.00e+00
 2.56736e+12	2.80e-20	1.19e-10	1.00e+00
 2.65385e+12	3.10e-20	1.25e-10	1.00e+00
 2.76629e+12	3.53e-20	1.34e-10	1.00e+00
 2.88665e+12	4.06e-20	1.45e-10	1.00e+00
 2.99326e+12	4.57e-20	1.54e-10	1.00e+00
 3.10782e+12	5.14e-20	1.64e-10	1.00e+00
 3.25098e+12	5.97e-20	1.78e-10	1.00e+00
 3.39632e+12	6.95e-20	1.92e-10	1.00e+00
 3.52305e+12	7.86e-20	2.06e-10	1.00e+00
 3.66062e+12	8.92e-20	2.21e-10	1.00e+00
 3.82811e+12	1.04e-19	2.40e-10	1.00e+00
 3.98785e+12	1.21e-19	2.60e-10	1.00e+00
 4.11763e+12	1.35e-19	2.77e-10	1.00e+00
 4.25509e+12	1.51e-19	2.96e-10	1.00e+00
 4.43378e+12	1.75e-19	3.21e-10	1.00e+00
 4.61888e+12	2.05e-19	3.50e-10	1.00e+00
 4.77305e+12	2.31e-19	3.75e-10	1.00e+00
 4.93421e+12	2.60e-19	4.02e-10	1.00e+00
 5.14077e+12	3.02e-19	4.40e-10	1.00e+00
 5.35162e+12	3.53e-19	4.81e-10	1.00e+00
 5.52767e+12	3.98e-19	5.18e-10	1.00e+00
 5.71322e+12	4.48e-19	5.59e-10	1.00e+00
 5.94942e+12	5.22e-19	6.15e-10	1.00e+00
 6.18197e+12	6.10e-19	6.74e-10	1.00e+00
 6.36631e+12	6.84e-19	7.24e-10	1.00e+00
 6.55625e+12	7.65e-19	7.77e-10	1.00e+00
 6.79671e+12	8.81e-19	8.49e-10	1.00e+00
 7.05040e+12	1.02e-18	9.30e-10	1.00e+00
 7.27773e+12	1.15e-18	1.01e-09	1.00e+00
 7.50366e+12	1.29e-18	1.09e-09	1.00e+00
 7.75908e+12	1.46e-18	1.18e-09	1.00e+00
 8.04067e+12	1.66e-18	1.29e-09	1.00e+00
 8.29777e+12	1.86e-18	1.39e-09	1.00e+00
 8.51216e+12	2.04e-18	1.48e-09	1.00e+00
 8.74702e+12	2.24e-18	1.58e-09	1.00e+00
 9.05234e+12	2.52e-18	1.72e-09	1.00e+00
 9.37037e+12	2.85e-18	1.87e-09	1.00e+00
 9.63848e+12	3.14e-18	2.00e-09	1.00e+00
 9.92058e+12	3.46e-18	2.15e-09	1.00e+00
 1.02873e+13	3.91e-18	2.34e-09	1.00e+00
 1.06643e+13	4.43e-18	2.55e-09	1.00e+00
 1.09756e+13	4.88e-18	2.72e-09	1.00e+00
 1.13013e+13	5.38e-18	2.91e-09	1.00e+00
 1.17247e+13	6.09e-18	3.17e-09	1.00e+00
 1.21654e+13	6.91e-18	3.45e-09	1.00e+00
 1.25376e+13	7.65e-18	3.70e-09	1.00e+00
 1.29307e+13	8.47e-18	3.97e-09	1.00e+00
 1.34309e+13	9.64e-18	4.32e-09	1.00e+00
 1.39472e+13	1.10e-17	4.70e-09	1.00e+00
 1.43946e+13	1.22e-17	5.05e-09	1.00e+00
 1.48755e+13	1.36e-17	5.43e-09	1.00e+00
 1.54651e+13	1.56e-17	5.92e-09	1.00e+00
 1.60544e+13	1.78e-17	6.43e-09	1.00e+00
 1.65292e+13	1.97e-17	6.85e-09	1.00e+00
 1.69353e+13	2.13e-17	7.24e-09	1.00e+00
 1.74017e+13	2.34e-17	7.69e-09	1.00e+00
 1.79195e+13	2.59e-17	8.20e-09	1.00e+00
 1.84012e+13	2.84e-17	8.70e-09	1.00e+00
 1.89246e+13	3.13e-17	9.25e-09	1.00e+00
 1.95074e+13	3.47e-17	9.89e-09	1.00e+00
 2.00541e+13	3.82e-17	1.05e-08	1.00e+00
 2.06512e+13	4.22e-17	1.12e-08	1.00e+00
 2.13171e+13	4.71e-17	1.20e-08	1.00e+00
 2.19443e+13	5.21e-17	1.28e-08	1.00e+00
 2.26317e+13	5.78e-17	1.37e-08	1.00e+00
 2.34008e+13	6.50e-17	1.48e-08	1.00e+00
 2.41347e+13	7.23e-17	1.58e-08	1.00e+00
 2.49471e+13	8.08e-17	1.71e-08	1.00e+00
 2.58476e+13	9.13e-17	1.85e-08	1.00e+00
 2.66968e+13	1.02e-16	1.99e-08	1.00e+00
 2.76348e+13	1.15e-16	2.15e-08	1.00e+00
 2.86942e+13	1.31e-16	2.34e-08	1.00e+00
 2.96743e+13	1.47e-16	2.53e-08	1.00e+00
 3.05632e+13	1.62e-16	2.70e-08	1.00e+00
 3.13842e+13	1.78e-16	2.87e-08	1.00e+00
 3.21475e+13	1.94e-16	3.03e-08	1.00e+00
 3.30224e+13	2.12e-16	3.22e-08	1.00e+00
 3.41598e+13	2.39e-16	3.47e-08	1.00e+00
 3.53130e+13	2.69e-16	3.75e-08	1.00e+00
 3.62410e+13	2.95e-16	3.97e-08	1.00e+00
 3.72016e+13	3.24e-16	4.21e-08	1.00e+00
 3.84504e+13	3.66e-16	4.54e-08	1.00e+00
 3.97743e+13	4.14e-16	4.90e-08	1.00e+00
 4.09287e+13	4.59e-16	5.23e-08	1.00e+00
 4.21628e+13	5.13e-16	5.58e-08	1.00e+00
 4.37324e+13	5.88e-16	6.05e-08	1.00e+00
 4.53583e+13	6.75e-16	6.57e-08	1.00e+00
 4.67831e+13	7.59e-16	7.02e-08	1.00e+00
 4.83262e+13	8.59e-16	7.54e-08	1.00e+00
 5.01974e+13	9.93e-16	8.19e-08	1.00e+00
 5.21288e+13	1.15e-15	8.88e-08	1.00e+00
 5.37386e+13	1.29e-15	9.47e-08	1.00e+00
 5.50526e+13	1.42e-15	9.97e-08	1.00e+00
 5.65169e+13	1.57e-15	1.05e-07	1.00e+00
 5.84206e+13	1.79e-15	1.13e-07	1.00e+00
 6.04693e+13	2.05e-15	1.21e-07	1.00e+00
 6.22385e+13	2.29e-15	1.29e-07	1.00e+00
 6.40703e+13	2.57e-15	1.37e-07	1.00e+00
 6.64228e+13	2.95e-15	1.47e-07	1.00e+00
 6.88460e+13	3.40e-15	1.59e-07	1.00e+00
 7.09063e+13	3.81e-15	1.68e-07	1.00e+00
 7.31010e+13	4.29e-15	1.79e-07	1.00e+00
 7.58433e+13	4.96e-15	1.93e-07	1.00e+00
 7.86956e+13	5.73e-15	2.08e-07	1.00e+00
 8.12651e+13	6.50e-15	2.22e-07	1.00e+00
 8.40691e+13	7.42e-15	2.38e-07	1.00e+00
 8.73820e+13	8.62e-15	2.57e-07	1.00e+00
 9.06400e+13	9.95e-15	2.77e-07	1.00e+00
 9.34843e+13	1.12e-14	2.94e-07	1.00e+00
 9.65073e+13	1.27e-14	3.14e-07	1.00e+00
 9.99154e+13	1.45e-14	3.37e-07	1.00e+00
 1.03167e+14	1.65e-14	3.59e-07	1.00e+00
 1.06115e+14	1.84e-14	3.80e-07	1.00e+00
 1.08810e+14	2.02e-14	4.00e-07	1.00e+00
 1.11798e+14	2.25e-14	4.22e-07	1.00e+00
 1.15158e+14	2.52e-14	4.49e-07	1.00e+00
 1.18346e+14	2.80e-14	4.74e-07	1.00e+00
 1.21833e+14	3.14e-14	5.03e-07	1.00e+00
 1.25681e+14	3.54e-14	5.36e-07	1.00e+00
 1.29231e+14	3.94e-14	5.67e-07	1.00e+00
 1.33080e+14	4.41e-14	6.03e-07	1.00e+00
 1.37390e+14	4.99e-14	6.43e-07	1.00e+00
 1.41466e+14	5.59e-14	6.83e-07	1.00e+00
 1.45932e+14	6.30e-14	7.28e-07	1.00e+00
 1.50910e+14	7.17e-14	7.80e-07	1.00e+00
 1.55597e+14	8.06e-14	8.31e-07	1.00e+00
 1.60732e+14	9.13e-14	8.89e-07	1.00e+00
 1.66501e+14	1.05e-13	9.56e-07	1.00e+00
 1.71998e+14	1.18e-13	1.02e-06	1.00e+00
 1.78045e+14	1.35e-13	1.10e-06	1.00e+00
 1.84739e+14	1.55e-13	1.18e-06	1.00e+00
 1.90942e+14	1.76e-13	1.27e-06	1.00e+00
 1.97672e+14	2.01e-13	1.36e-06	1.00e+00
 2.05219e+14	2.31e-13	1.47e-06	1.00e+00
 2.12359e+14	2.63e-13	1.58e-06	1.00e+00
 2.20086e+14	3.01e-13	1.70e-06	1.00e+00
 2.27797e+14	3.42e-13	1.82e-06	1.00e+00
 2.33608e+14	3.76e-13	1.92e-06	1.00e+00
 2.39197e+14	4.10e-13	2.02e-06	1.00e+00
 2.46461e+14	4.59e-13	2.15e-06	1.00e+00
 2.54142e+14	5.14e-13	2.29e-06	1.00e+00
 2.60774e+14	5.65e-13	2.41e-06	1.00e+00
 2.67807e+14	6.23e-13	2.54e-06	1.00e+00
 2.76950e+14	7.05e-13	2.72e-06	1.00e+00
 2.86309e+14	7.95e-13	2.92e-06	1.00e+00
 2.93993e+14	8.76e-13	3.08e-06	1.00e+00
 3.02025e+14	9.65e-13	3.25e-06	1.00e+00
 3.12468e+14	1.09e-12	3.48e-06	1.00e+00
 3.23463e+14	1.24e-12	3.74e-06	1.00e+00
 3.32968e+14	1.37e-12	3.96e-06	1.00e+00
 3.43117e+14	1.53e-12	4.21e-06	1.00e+00
 3.55846e+14	1.74e-12	4.53e-06	1.00e+00
 3.69024e+14	1.97e-12	4.88e-06	1.00e+00
 3.80759e+14	2.20e-12	5.20e-06	1.00e+00
 3.93523e+14	2.48e-12	5.56e-06	1.00e+00
 4.08767e+14	2.83e-12	6.00e-06	1.00e+00
 4.23918e+14	3.21e-12	6.46e-06	1.00e+00
 4.37745e+14	3.60e-12	6.89e-06	1.00e+00
 4.50148e+14	3.96e-12	7.30e-06	1.00e+00
 4.61008e+14	4.31e-12	7.66e-06	1.00e+00
 4.72887e+14	4.71e-12	8.06e-06	1.00e+00
 4.88329e+14	5.27e-12	8.61e-06	1.00e+00
 5.04042e+14	5.89e-12	9.18e-06	1.00e+00
 5.16750e+14	6.42e-12	9.66e-06	1.00e+00
 5.29915e+14	7.01e-12	1.02e-05	1.00e+00
 5.47031e+14	7.84e-12	1.09e-05	1.00e+00
 5.64974e+14	8.78e-12	1.16e-05	1.00e+00
 5.80299e+14	9.65e-12	1.22e-05	1.00e+00
 5.96528e+14	1.06e-11	1.30e-05	1.00e+00
 6.17626e+14	1.20e-11	1.39e-05	1.00e+00
 6.39489e+14	1.36e-11	1.50e-05	1.00e+00
 6.57881e+14	1.51e-11	1.59e-05	1.00e+00
 6.77323e+14	1.68e-11	1.69e-05	1.00e+00
 7.02093e+14	1.91e-11	1.82e-05	1.00e+00
 7.28022e+14	2.18e-11	1.96e-05	1.00e+00
 7.50700e+14	2.44e-11	2.09e-05	1.00e+00
 7.74921e+14	2.74e-11	2.24e-05	1.00e+00
 8.04397e+14	3.15e-11	2.42e-05	1.00e+00
 8.33857e+14	3.60e-11	2.61e-05	1.00e+00
 8.59706e+14	4.04e-11	2.79e-05	1.00e+00
 8.87712e+14	4.56e-11	2.99e-05	1.00e+00
 9.21627e+14	5.26e-11	3.24e-05	1.00e+00
 9.53218e+14	5.99e-11	3.48e-05	1.00e+00
 9.78359e+14	6.62e-11	3.68e-05	1.00e+00
 1.00132e+15	7.25e-11	3.87e-05	1.00e+00
 1.02735e+15	8.01e-11	4.09e-05	1.00e+00
 1.06120e+15	9.10e-11	4.39e-05	1.00e+00
 1.09518e+15	1.03e-10	4.70e-05	1.00e+00
 1.12194e+15	1.13e-10	4.95e-05	1.00e+00
 1.14932e+15	1.25e-10	5.22e-05	1.00e+00
 1.18493e+15	1.41e-10	5.58e-05	1.00e+00
 1.22289e+15	1.60e-10	5.97e-05	1.00e+00
 1.25590e+15	1.78e-10	6.33e-05	1.00e+00
 1.29078e+15	1.99e-10	6.72e-05	1.00e+00
 1.33613e+15	2.29e-10	7.25e-05	1.00e+00
 1.38251e+15	2.64e-10	7.82e-05	1.00e+00
 1.42070e+15	2.95e-10	8.30e-05	1.00e+00
 1.46082e+15	3.31e-10	8.82e-05	1.00e+00
 1.51299e+15	3.83e-10	9.53e-05	1.00e+00
 1.56834e+15	4.45e-10	1.03e-04	1.00e+00
 1.61703e+15	5.06e-10	1.10e-04	1.00e+00
 1.66956e+15	5.79e-10	1.18e-04	1.00e+00
 1.73324e+15	6.78e-10	1.29e-04	1.00e+00
 1.79702e+15	7.90e-10	1.39e-04	1.00e+00
 1.84593e+15	8.86e-10	1.48e-04	1.00e+00
 1.88243e+15	9.63e-10	1.54e-04	1.00e+00
 1.92237e+15	1.05e-09	1.62e-04	1.00e+00
 1.97429e+15	1.18e-09	1.72e-04	1.00e+00
 2.03123e+15	1.34e-09	1.83e-04	1.00e+00
 2.08285e+15	1.49e-09	1.93e-04	1.00e+00
 2.13811e+15	1.67e-09	2.05e-04	1.00e+00
 2.20994e+15	1.93e-09	2.21e-04	1.00e+00
 2.28171e+15	2.22e-09	2.37e-04	1.00e+00
 2.33769e+15	2.46e-09	2.51e-04	1.00e+00
 2.39475e+15	2.74e-09	2.65e-04	1.00e+00
 2.46892e+15	3.14e-09	2.84e-04	1.00e+00
 2.54827e+15	3.61e-09	3.05e-04	1.00e+00
 2.61798e+15	4.08e-09	3.24e-04	1.00e+00
 2.69225e+15	4.62e-09	3.45e-04	1.00e+00
 2.78880e+15	5.41e-09	3.74e-04	1.00e+00
 2.88859e+15	6.34e-09	4.05e-04	1.00e+00
 2.97198e+15	7.20e-09	4.32e-04	1.00e+00
 3.05974e+15	8.21e-09	4.62e-04	1.00e+00
 3.17155e+15	9.68e-09	5.02e-04	9.99e-01
 3.28901e+15	1.14e-08	5.45e-04	9.99e-01
 3.37849e+15	1.29e-08	5.80e-04	9.99e-01
 3.44316e+15	1.40e-08	6.05e-04	9.99e-01
 3.51318e+15	1.54e-08	6.34e-04	9.99e-01
 3.60420e+15	1.73e-08	6.72e-04	9.99e-01
 3.70412e+15	1.96e-08	7.16e-04	9.99e-01
 3.79495e+15	2.18e-08	7.57e-04	9.99e-01
 3.89237e+15	2.45e-08	8.02e-04	9.99e-01
 4.00218e+15	2.78e-08	8.54e-04	9.99e-01
 4.10503e+15	3.12e-08	9.05e-04	9.99e-01
 4.20104e+15	3.46e-08	9.54e-04	9.99e-01
 4.31124e+15	3.88e-08	1.01e-03	9.99e-01
 4.43560e+15	4.41e-08	1.08e-03	9.99e-01
 4.55353e+15	4.96e-08	1.15e-03	9.99e-01
 4.68199e+15	5.61e-08	1.22e-03	9.99e-01
 4.82527e+15	6.41e-08	1.31e-03	9.99e-01
 4.95914e+15	7.22e-08	1.39e-03	9.99e-01
 5.10451e+15	8.20e-08	1.48e-03	9.99e-01
 5.29043e+15	9.59e-08	1.61e-03	9.98e-01
 5.47628e+15	1.11e-07	1.73e-03	9.98e-01
 5.62759e+15	1.25e-07	1.84e-03	9.98e-01
 5.78675e+15	1.41e-07	1.96e-03	9.98e-01
 5.95075e+15	1.59e-07	2.08e-03	9.98e-01
 6.08416e+15	1.75e-07	2.19e-03	9.98e-01
 6.22073e+15	1.93e-07	2.30e-03	9.98e-01
 6.39826e+15	2.18e-07	2.45e-03	9.98e-01
 6.58167e+15	2.46e-07	2.60e-03	9.97e-01
 6.73185e+15	2.70e-07	2.73e-03	9.97e-01
 6.88623e+15	2.98e-07	2.87e-03	9.97e-01
 7.08693e+15	3.37e-07	3.06e-03	9.97e-01
 7.29431e+15	3.80e-07	3.26e-03	9.97e-01
 7.46509e+15	4.18e-07	3.42e-03	9.97e-01
 7.64181e+15	4.62e-07	3.60e-03	9.96e-01
 7.87155e+15	5.23e-07	3.85e-03	9.96e-01
 8.10872e+15	5.90e-07	4.10e-03	9.96e-01
 8.30571e+15	6.50e-07	4.32e-03	9.96e-01
 8.51197e+15	7.20e-07	4.56e-03	9.95e-01
 8.78011e+15	8.20e-07	4.89e-03	9.95e-01
 9.05378e+15	9.26e-07	5.22e-03	9.95e-01
 9.28045e+15	1.02e-06	5.51e-03	9.94e-01
 9.52092e+15	1.14e-06	5.84e-03	9.94e-01
 9.83354e+15	1.30e-06	6.29e-03	9.94e-01
 1.01129e+16	1.44e-06	6.67e-03	9.93e-01
 1.02972e+16	1.54e-06	6.95e-03	9.93e-01
 1.04852e+16	1.66e-06	7.25e-03	9.93e-01
 1.07296e+16	1.83e-06	7.66e-03	9.92e-01
 1.09818e+16	2.01e-06	8.09e-03	9.92e-01
 1.12099e+16	2.18e-06	8.49e-03	9.92e-01
 1.14723e+16	2.41e-06	9.00e-03	9.91e-01
 1.17452e+16	2.64e-06	9.53e-03	9.90e-01
 1.19931e+16	2.88e-06	1.00e-02	9.90e-01
 1.22764e+16	3.20e-06	1.07e-02	9.89e-01
 1.25698e+16	3.52e-06	1.14e-02	9.89e-01
 1.28299e+16	3.85e-06	1.20e-02	9.88e-01
 1.31216e+16	4.29e-06	1.29e-02	9.87e-01
 1.34297e+16	4.74e-06	1.38e-02	9.86e-01
 1.37019e+16	5.20e-06	1.46e-02	9.85e-01
 1.39988e+16	5.81e-06	1.57e-02	9.84e-01
 1.43181e+16	6.52e-06	1.70e-02	9.83e-01
 1.45990e+16	7.19e-06	1.82e-02	9.82e-01
 1.48577e+16	7.92e-06	1.94e-02	9.81e-01
 1.51084e+16	8.68e-06	2.07e-02	9.79e-01
 1.53498e+16	9.55e-06	2.21e-02	9.78e-01
 1.55897e+16	1.05e-05	2.37e-02	9.76e-01
 1.58280e+16	1.16e-05	2.54e-02	9.75e-01
 1.60628e+16	1.29e-05	2.74e-02	9.73e-01
 1.62930e+16	1.43e-05	2.95e-02	9.71e-01
 1.65081e+16	1.58e-05	3.16e-02	9.68e-01
 1.67407e+16	1.76e-05	3.44e-02	9.66e-01
 1.69889e+16	2.01e-05	3.77e-02	9.62e-01
 1.71937e+16	2.26e-05	4.08e-02	9.59e-01
 1.73609e+16	2.48e-05	4.37e-02	9.56e-01
 1.75431e+16	2.73e-05	4.73e-02	9.53e-01
 1.77801e+16	3.15e-05	5.27e-02	9.47e-01
 1.80120e+16	3.66e-05	5.89e-02	9.41e-01
 1.81800e+16	4.17e-05	6.43e-02	9.36e-01
 1.83097e+16	4.56e-05	6.89e-02	9.31e-01
 1.84470e+16	5.18e-05	7.46e-02	9.25e-01
 1.85896e+16	5.75e-05	8.10e-02	9.19e-01
 1.87390e+16	6.46e-05	8.88e-02	9.11e-01
 1.89054e+16	7.44e-05	9.89e-02	9.01e-01
 1.90531e+16	8.55e-05	1.09e-01	8.91e-01
 1.91724e+16	9.77e-05	1.19e-01	8.81e-01
 1.92685e+16	1.08e-04	1.28e-01	8.72e-01
 1.93660e+16	1.20e-04	1.38e-01	8.62e-01
 1.94635e+16	1.32e-04	1.49e-01	8.51e-01
 1.95461e+16	1.47e-04	1.59e-01	8.41e-01
 1.96131e+16	1.58e-04	1.68e-01	8.32e-01
 1.96750e+16	1.69e-04	1.77e-01	8.23e-01
 1.97555e+16	1.86e-04	1.89e-01	8.10e-01
 1.98417e+16	2.07e-04	2.04e-01	7.96e-01
 1.99136e+16	2.29e-04	2.17e-01	7.82e-01
 1.99671e+16	2.45e-04	2.28e-01	7.72e-01
 2.00183e+16	2.63e-04	2.39e-01	7.61e-01
 2.00848e+16	2.88e-04	2.54e-01	7.46e-01
 2.01558e+16	3.14e-04	2.71e-01	7.29e-01
 2.02328e+16	3.53e-04	2.91e-01	7.09e-01
 2.03038e+16	3.85e-04	3.10e-01	6.90e-01
 2.03582e+16	4.16e-04	3.26e-01	6.74e-01
 2.04202e+16	4.59e-04	3.45e-01	6.55e-01
 2.04810e+16	4.95e-04	3.64e-01	6.36e-01
 2.05400e+16	5.38e-04	3.84e-01	6.16e-01
 2.06068e+16	5.91e-04	4.07e-01	5.93e-01
 2.06701e+16	6.46e-04	4.29e-01	5.70e-01
 2.07283e+16	7.00e-04	4.50e-01	5.49e-01
 2.07935e+16	7.72e-04	4.75e-01	5.24e-01
 2.08594e+16	8.41e-04	4.99e-01	5.00e-01
 2.09080e+16	8.97e-04	5.17e-01	4.82e-01
 2.09444e+16	9.40e-04	5.31e-01	4.68e-01
 2.09830e+16	9.87e-04	5.46e-01	4.53e-01
 2.10332e+16	1.06e-03	5.65e-01	4.34e-01
 2.10832e+16	1.12e-03	5.84e-01	4.15e-01
 2.11248e+16	1.18e-03	5.99e-01	4.00e-01
 2.11707e+16	1.25e-03	6.16e-01	3.82e-01
 2.12304e+16	1.35e-03	6.38e-01	3.60e-01
 2.12874e+16	1.44e-03	6.58e-01	3.41e-01
 2.13307e+16	1.52e-03	6.72e-01	3.27e-01
 2.13771e+16	1.60e-03	6.88e-01	3.11e-01
 2.14375e+16	1.72e-03	7.07e-01	2.91e-01
 2.14968e+16	1.83e-03	7.25e-01	2.73e-01
 2.15424e+16	1.93e-03	7.38e-01	2.60e-01
 2.15892e+16	2.03e-03	7.51e-01	2.47e-01
 2.16501e+16	2.17e-03	7.68e-01	2.30e-01
 2.17119e+16	2.31e-03	7.83e-01	2.15e-01
 2.17604e+16	2.44e-03	7.94e-01	2.04e-01
 2.18091e+16	2.57e-03	8.05e-01	1.92e-01
 2.18626e+16	2.72e-03	8.16e-01	1.81e-01
 2.19138e+16	2.87e-03	8.26e-01	1.71e-01
 2.19613e+16	3.03e-03	8.35e-01	1.62e-01
 2.20124e+16	3.20e-03	8.44e-01	1.52e-01
 2.20787e+16	3.44e-03	8.56e-01	1.41e-01
 2.21418e+16	3.70e-03	8.65e-01	1.32e-01
 2.21859e+16	3.90e-03	8.71e-01	1.26e-01
 2.22223e+16	4.07e-03	8.75e-01	1.21e-01
 2.22631e+16	4.27e-03	8.81e-01	1.15e-01
 2.23162e+16	4.56e-03	8.87e-01	1.08e-01
 2.23723e+16	4.90e-03	8.93e-01	1.02e-01
 2.24186e+16	5.21e-03	8.98e-01	9.68e-02
 2.24576e+16	5.50e-03	9.02e-01	9.27e-02
 2.25009e+16	5.83e-03	9.06e-01	8.83e-02
 2.25573e+16	6.31e-03	9.11e-01	8.29e-02
 2.26148e+16	6.92e-03	9.15e-01	7.80e-02
 2.26597e+16	7.45e-03	9.18e-01	7.45e-02
 2.26978e+16	7.95e-03	9.21e-01	7.15e-02
 2.27413e+16	8.58e-03	9.23e-01	6.81e-02
 2.27977e+16	9.50e-03	9.26e-01	6.40e-02
 2.28543e+16	1.07e-02	9.29e-01	6.05e-02
 2.28958e+16	1.18e-02	9.30e-01	5.81e-02
 2.29268e+16	1.27e-02	9.31e-01	5.62e-02
 2.29596e+16	1.37e-02	9.32e-01	5.43e-02
 2.30022e+16	1.52e-02	9.33e-01	5.19e-02
 2.30453e+16	1.73e-02	9.33e-01	4.97e-02
 2.30770e+16	1.92e-02	9.33e-01	4.82e-02
 2.31000e+16	2.07e-02	9.32e-01	4.72e-02
 2.31239e+16	2.25e-02	9.32e-01	4.60e-02
 2.31550e+16	2.50e-02	9.30e-01	4.46e-02
 2.31878e+16	2.85e-02	9.28e-01	4.33e-02
 2.32137e+16	3.20e-02	9.26e-01	4.24e-02
 2.32334e+16	3.51e-02	9.23e-01	4.17e-02
 2.32540e+16	3.87e-02	9.20e-01	4.09e-02
 2.32806e+16	4.40e-02	9.16e-01	4.01e-02
 2.33075e+16	5.11e-02	9.10e-01	3.94e-02
 2.33270e+16	5.77e-02	9.03e-01	3.90e-02
 2.33414e+16	6.30e-02	8.98e-01	3.89e-02
 2.33564e+16	6.91e-02	8.92e-01	3.87e-02
 2.33759e+16	7.82e-02	8.83e-01	3.85e-02
 2.33959e+16	9.00e-02	8.72e-01	3.84e-02
 2.34115e+16	1.01e-01	8.60e-01	3.85e-02
 2.34238e+16	1.11e-01	8.50e-01	3.87e-02
 2.34355e+16	1.21e-01	8.40e-01	3.88e-02
 2.34477e+16	1.33e-01	8.28e-01	3.90e-02
 2.34601e+16	1.47e-01	8.14e-01	3.92e-02
 2.34715e+16	1.61e-01	8.00e-01	3.95e-02
 2.34815e+16	1.74e-01	7.86e-01	3.97e-02
 2.34890e+16	1.85e-01	7.75e-01	3.99e-02
 2.34940e+16	1.93e-01	7.67e-01	4.00e-02
 2.34988e+16	2.00e-01	7.60e-01	4.01e-02
 2.35047e+16	2.10e-01	7.50e-01	4.02e-02
 2.35112e+16	2.21e-01	7.38e-01	4.03e-02
 2.35175e+16	2.33e-01	7.27e-01	4.04e-02
 2.35234e+16	2.44e-01	7.16e-01	4.05e-02
 2.35293e+16	2.56e-01	7.04e-01	4.04e-02
 2.35355e+16	2.68e-01	6.91e-01	4.05e-02
 2.35418e+16	2.82e-01	6.77e-01	4.04e-02
 2.35482e+16	2.96e-01	6.64e-01	4.04e-02
 2.35546e+16	3.11e-01	6.49e-01	4.03e-02
 2.35612e+16	3.26e-01	6.34e-01	4.02e-02
 2.35680e+16	3.43e-01	6.17e-01	3.99e-02
 2.35750e+16	3.60e-01	6.00e-01	3.97e-02
 2.35822e+16	3.78e-01	5.82e-01	3.93e-02
 2.35897e+16	3.97e-01	5.64e-01	3.89e-02
 2.35978e+16	4.18e-01	5.44e-01	3.83e-02
 2.36062e+16	4.39e-01	5.24e-01	3.77e-02
 2.36150e+16	4.61e-01	5.02e-01	3.69e-02
 2.36247e+16	4.84e-01	4.80e-01	3.61e-02
 2.36352e+16	5.07e-01	4.58e-01	3.50e-02
 2.36466e+16	5.31e-01	4.35e-01	3.40e-02
 2.36590e+16	5.54e-01	4.13e-01	3.27e-02
 2.36731e+16	5.76e-01	3.92e-01	3.15e-02
 2.36881e+16	5.96e-01	3.74e-01	3.03e-02
 2.37029e+16	6.11e-01	3.60e-01	2.92e-02
 2.37173e+16	6.24e-01	3.48e-01	2.83e-02
 2.37316e+16	6.33e-01	3.39e-01	2.75e-02
 2.37479e+16	6.42e-01	3.31e-01	2.67e-02
 2.37691e+16	6.51e-01	3.23e-01	2.58e-02
 2.37967e+16	6.60e-01	3.15e-01	2.48e-02
 2.38325e+16	6.69e-01	3.07e-01	2.36e-02
 2.38791e+16	6.78e-01	2.99e-01	2.23e-02
 2.39397e+16	6.89e-01	2.90e-01	2.08e-02
 2.40184e+16	7.02e-01	2.79e-01	1.90e-02
 2.41094e+16	7.15e-01	2.68e-01	1.72e-02
 2.42002e+16	7.28e-01	2.57e-01	1.56e-02
 2.42879e+16	7.39e-01	2.46e-01	1.42e-02
 2.43763e+16	7.50e-01	2.37e-01	1.30e-02
 2.44672e+16	7.61e-01	2.27e-01	1.18e-02
 2.45600e+16	7.72e-01	2.18e-01	1.07e-02
 2.46536e+16	7.81e-01	2.09e-01	9.78e-03
 2.47479e+16	7.91e-01	2.00e-01	8.91e-03
 2.48432e+16	8.00e-01	1.92e-01	8.10e-03
 2.49406e+16	8.09e-01	1.84e-01	7.37e-03
 2.50395e+16	8.17e-01	1.76e-01	6.71e-03
 2.51385e+16	8.25e-01	1.69e-01	6.11e-03
 2.52380e+16	8.33e-01	1.62e-01	5.59e-03
 2.53362e+16	8.40e-01	1.55e-01	5.11e-03
 2.54347e+16	8.46e-01	1.49e-01	4.68e-03
 2.55356e+16	8.53e-01	1.43e-01	4.27e-03
 2.56383e+16	8.59e-01	1.37e-01	3.90e-03
 2.57417e+16	8.65e-01	1.31e-01	3.56e-03
 2.58446e+16	8.71e-01	1.26e-01	3.26e-03
 2.59476e+16	8.76e-01	1.21e-01	2.99e-03
 2.60515e+16	8.81e-01	1.16e-01	2.74e-03
 2.61562e+16	8.86e-01	1.12e-01	2.51e-03
 2.62414e+16	8.89e-01	1.08e-01	2.35e-03
 2.63001e+16	8.92e-01	1.06e-01	2.25e-03
 2.63538e+16	8.94e-01	1.04e-01	2.15e-03
 2.64118e+16	8.97e-01	1.01e-01	2.05e-03
 2.64718e+16	8.99e-01	9.92e-02	1.95e-03
 2.65283e+16	9.01e-01	9.72e-02	1.87e-03
 2.65831e+16	9.03e-01	9.52e-02	1.79e-03
 2.66383e+16	9.05e-01	9.32e-02	1.72e-03
 2.66919e+16	9.07e-01	9.14e-02	1.65e-03
 2.67439e+16	9.09e-01	8.97e-02	1.58e-03
 2.67949e+16	9.10e-01	8.80e-02	1.52e-03
 2.68451e+16	9.12e-01	8.64e-02	1.46e-03
 2.68945e+16	9.14e-01	8.49e-02	1.41e-03
 2.69432e+16	9.15e-01	8.34e-02	1.35e-03
 2.69914e+16	9.17e-01	8.19e-02	1.30e-03
 2.70387e+16	9.18e-01	8.05e-02	1.26e-03
 2.70852e+16	9.20e-01	7.92e-02	1.21e-03
 2.71309e+16	9.21e-01	7.79e-02	1.17e-03
 2.71760e+16	9.22e-01	7.67e-02	1.13e-03
 2.72205e+16	9.23e-01	7.54e-02	1.10e-03
 2.72644e+16	9.25e-01	7.43e-02	1.06e-03
 2.73077e+16	9.26e-01	7.31e-02	1.03e-03
 2.73506e+16	9.27e-01	7.20e-02	9.94e-04
 2.73930e+16	9.28e-01	7.10e-02	9.63e-04
 2.74350e+16	9.29e-01	6.99e-02	9.33e-04
 2.74766e+16	9.30e-01	6.89e-02	9.04e-04
 2.75179e+16	9.31e-01	6.79e-02	8.77e-04
 2.75590e+16	9.32e-01	6.70e-02	8.51e-04
 2.76000e+16	9.33e-01	6.60e-02	8.25e-04
 2.76408e+16	9.34e-01	6.51e-02	8.01e-04
 2.76816e+16	9.35e-01	6.41e-02	7.77e-04
 2.77225e+16	9.36e-01	6.32e-02	7.54e-04
 2.77635e+16	9.37e-01	6.23e-02	7.32e-04
 2.78053e+16	9.38e-01	6.15e-02	7.10e-04
 2.78481e+16	9.39e-01	6.05e-02	6.88e-04
 2.78919e+16	9.40e-01	5.96e-02	6.66e-04
 2.79366e+16	9.41e-01	5.87e-02	6.44e-04
 2.79825e+16	9.42e-01	5.78e-02	6.23e-04
 2.80301e+16	9.43e-01	5.69e-02	6.02e-04
 2.80798e+16	9.44e-01	5.59e-02	5.80e-04
 2.81311e+16	9.45e-01	5.49e-02	5.59e-04
 2.81861e+16	9.46e-01	5.39e-02	5.37e-04
 2.82484e+16	9.47e-01	5.27e-02	5.13e-04
 2.83194e+16	9.48e-01	5.14e-02	4.86e-04
 2.83995e+16	9.50e-01	5.00e-02	4.59e-04
 2.84826e+16	9.51e-01	4.86e-02	4.32e-04
 2.85609e+16	9.52e-01	4.73e-02	4.09e-04
 2.86321e+16	9.53e-01	4.62e-02	3.88e-04
 2.86970e+16	9.54e-01	4.52e-02	3.71e-04
 2.87560e+16	9.55e-01	4.43e-02	3.56e-04
 2.88097e+16	9.56e-01	4.35e-02	3.42e-04
 2.88585e+16	9.57e-01	4.28e-02	3.31e-04
 2.89121e+16	9.58e-01	4.20e-02	3.18e-04
 2.89699e+16	9.59e-01	4.12e-02	3.05e-04
 2.90224e+16	9.59e-01	4.04e-02	2.93e-04
 2.90703e+16	9.60e-01	3.98e-02	2.83e-04
 2.91139e+16	9.61e-01	3.92e-02	2.74e-04
 2.91535e+16	9.61e-01	3.86e-02	2.66e-04
 2.91969e+16	9.62e-01	3.80e-02	2.58e-04
 2.92438e+16	9.62e-01	3.74e-02	2.49e-04
 2.92865e+16	9.63e-01	3.69e-02	2.42e-04
 2.93253e+16	9.63e-01	3.63e-02	2.34e-04
 2.93606e+16	9.64e-01	3.59e-02	2.28e-04
 2.93994e+16	9.64e-01	3.54e-02	2.22e-04
 2.94412e+16	9.65e-01	3.48e-02	2.15e-04
 2.94792e+16	9.65e-01	3.43e-02	2.08e-04
 2.95138e+16	9.66e-01	3.39e-02	2.03e-04
 2.95517e+16	9.66e-01	3.35e-02	1.97e-04
 2.95927e+16	9.67e-01	3.29e-02	1.91e-04
 2.96299e+16	9.67e-01	3.25e-02	1.85e-04
 2.96639e+16	9.68e-01	3.21e-02	1.81e-04
 2.97010e+16	9.68e-01	3.16e-02	1.75e-04
 2.97411e+16	9.69e-01	3.11e-02	1.70e-04
 2.97776e+16	9.69e-01	3.07e-02	1.65e-04
 2.98109e+16	9.70e-01	3.03e-02	1.61e-04
 2.98473e+16	9.70e-01	2.99e-02	1.56e-04
 2.98865e+16	9.70e-01	2.94e-02	1.51e-04
 2.99223e+16	9.71e-01	2.90e-02	1.47e-04
 2.99549e+16	9.71e-01	2.87e-02	1.44e-04
 2.99905e+16	9.72e-01	2.83e-02	1.39e-04
 3.00290e+16	9.72e-01	2.78e-02	1.35e-04
 3.00640e+16	9.72e-01	2.75e-02	1.32e-04
 3.00959e+16	9.73e-01	2.71e-02	1.28e-04
 3.01309e+16	9.73e-01	2.67e-02	1.25e-04
 3.01686e+16	9.74e-01	2.64e-02	1.21e-04
 3.02029e+16	9.74e-01	2.60e-02	1.18e-04
 3.02405e+16	9.74e-01	2.56e-02	1.14e-04
 3.02811e+16	9.75e-01	2.52e-02	1.11e-04
 3.03180e+16	9.75e-01	2.49e-02	1.07e-04
 3.03517e+16	9.75e-01	2.46e-02	1.05e-04
 3.03885e+16	9.76e-01	2.42e-02	1.02e-04
 3.04283e+16	9.76e-01	2.38e-02	9.85e-05
 3.04645e+16	9.76e-01	2.35e-02	9.59e-05
 3.04974e+16	9.77e-01	2.32e-02	9.36e-05
 3.05335e+16	9.77e-01	2.29e-02	9.09e-05
 3.05725e+16	9.77e-01	2.26e-02	8.83e-05
 3.06079e+16	9.78e-01	2.23e-02	8.60e-05
 3.06468e+16	9.78e-01	2.19e-02	8.34e-05
 3.06887e+16	9.78e-01	2.16e-02	8.09e-05
 3.07269e+16	9.79e-01	2.13e-02	7.87e-05
 3.07687e+16	9.79e-01	2.10e-02	7.61e-05
 3.08139e+16	9.79e-01	2.06e-02	7.37e-05
 3.08550e+16	9.80e-01	2.03e-02	7.16e-05
 3.08924e+16	9.80e-01	2.01e-02	6.98e-05
 3.09333e+16	9.80e-01	1.97e-02	6.76e-05
 3.09776e+16	9.81e-01	1.94e-02	6.55e-05
 3.10178e+16	9.81e-01	1.92e-02	6.37e-05
 3.10619e+16	9.81e-01	1.88e-02	6.16e-05
 3.11096e+16	9.81e-01	1.85e-02	5.96e-05
 3.11529e+16	9.82e-01	1.83e-02	5.78e-05
 3.12004e+16	9.82e-01	1.79e-02	5.58e-05
 3.12517e+16	9.82e-01	1.76e-02	5.39e-05
 3.12983e+16	9.83e-01	1.73e-02	5.22e-05
 3.13408e+16	9.83e-01	1.71e-02	5.08e-05
 3.13873e+16	9.83e-01	1.68e-02	4.91e-05
 3.14375e+16	9.83e-01	1.65e-02	4.74e-05
 3.14832e+16	9.84e-01	1.63e-02	4.60e-05
 3.15333e+16	9.84e-01	1.60e-02	4.44e-05
 3.15874e+16	9.84e-01	1.57e-02	4.28e-05
 3.16366e+16	9.85e-01	1.54e-02	4.15e-05
 3.16905e+16	9.85e-01	1.52e-02	4.00e-05
 3.17487e+16	9.85e-01	1.49e-02	3.85e-05
 3.18016e+16	9.85e-01	1.46e-02	3.72e-05
 3.18597e+16	9.86e-01	1.43e-02	3.58e-05
 3.19223e+16	9.86e-01	1.40e-02	3.44e-05
 3.19794e+16	9.86e-01	1.38e-02	3.32e-05
 3.20312e+16	9.86e-01	1.36e-02	3.22e-05
 3.20881e+16	9.87e-01	1.33e-02	3.09e-05
 3.21495e+16	9.87e-01	1.31e-02	2.98e-05
 3.22053e+16	9.87e-01	1.28e-02	2.88e-05
 3.22666e+16	9.87e-01	1.26e-02	2.77e-05
 3.23326e+16	9.88e-01	1.23e-02	2.66e-05
 3.23928e+16	9.88e-01	1.21e-02	2.57e-05
 3.24587e+16	9.88e-01	1.19e-02	2.46e-05
 3.25298e+16	9.88e-01	1.16e-02	2.36e-05
 3.25945e+16	9.89e-01	1.14e-02	2.27e-05
 3.26655e+16	9.89e-01	1.11e-02	2.17e-05
 3.27421e+16	9.89e-01	1.09e-02	2.08e-05
 3.28117e+16	9.89e-01	1.07e-02	2.00e-05
 3.28881e+16	9.90e-01	1.04e-02	1.91e-05
 3.29706e+16	9.90e-01	1.02e-02	1.82e-05
 3.30456e+16	9.90e-01	9.97e-03	1.75e-05
 3.31138e+16	9.90e-01	9.79e-03	1.69e-05
 3.31887e+16	9.90e-01	9.58e-03	1.62e-05
 3.32694e+16	9.91e-01	9.36e-03	1.55e-05
 3.33429e+16	9.91e-01	9.18e-03	1.49e-05
 3.34235e+16	9.91e-01	8.98e-03	1.42e-05
 3.35104e+16	9.91e-01	8.76e-03	1.36e-05
 3.35895e+16	9.91e-01	8.58e-03	1.30e-05
 3.36762e+16	9.92e-01	8.37e-03	1.24e-05
 3.37698e+16	9.92e-01	8.17e-03	1.18e-05
 3.38550e+16	9.92e-01	7.99e-03	1.13e-05
 3.39483e+16	9.92e-01	7.78e-03	1.07e-05
 3.40491e+16	9.92e-01	7.59e-03	1.02e-05
 3.41408e+16	9.93e-01	7.41e-03	9.76e-06
 3.42413e+16	9.93e-01	7.21e-03	9.25e-06
 3.43497e+16	9.93e-01	7.02e-03	8.77e-06
 3.44484e+16	9.93e-01	6.85e-03	8.36e-06
 3.45566e+16	9.93e-01	6.66e-03	7.90e-06
 3.46734e+16	9.94e-01	6.47e-03	7.47e-06
 3.47797e+16	9.94e-01	6.31e-03	7.11e-06
 3.48961e+16	9.94e-01	6.13e-03	6.70e-06
 3.50218e+16	9.94e-01	5.95e-03	6.32e-06
 3.51362e+16	9.94e-01	5.79e-03	6.00e-06
 3.52616e+16	9.94e-01	5.61e-03	5.64e-06
 3.53969e+16	9.95e-01	5.44e-03	5.30e-06
 3.55200e+16	9.95e-01	5.29e-03	5.02e-06
 3.56550e+16	9.95e-01	5.12e-03	4.70e-06
 3.58007e+16	9.95e-01	4.95e-03	4.41e-06
 3.59603e+16	9.95e-01	4.77e-03	4.09e-06
 3.61444e+16	9.95e-01	4.57e-03	3.77e-06
 3.63386e+16	9.96e-01	4.38e-03	3.46e-06
 3.65436e+16	9.96e-01	4.19e-03	3.16e-06
 3.67568e+16	9.96e-01	3.99e-03	2.89e-06
 3.69782e+16	9.96e-01	3.81e-03	2.63e-06
 3.72053e+16	9.96e-01	3.63e-03	2.39e-06
 3.74353e+16	9.97e-01	3.46e-03	2.17e-06
 3.76686e+16	9.97e-01	3.29e-03	1.97e-06
 3.79060e+16	9.97e-01	3.14e-03	1.79e-06
 3.81475e+16	9.97e-01	2.99e-03	1.62e-06
 3.83932e+16	9.97e-01	2.84e-03	1.47e-06
 3.86430e+16	9.97e-01	2.70e-03	1.33e-06
 3.88970e+16	9.97e-01	2.57e-03	1.21e-06
 3.91551e+16	9.98e-01	2.44e-03	1.09e-06
 3.94129e+16	9.98e-01	2.32e-03	9.91e-07
 3.96742e+16	9.98e-01	2.21e-03	8.96e-07
 3.99457e+16	9.98e-01	2.10e-03	8.08e-07
 4.02229e+16	9.98e-01	1.99e-03	7.27e-07
 4.05034e+16	9.98e-01	1.88e-03	6.55e-07
 4.07881e+16	9.98e-01	1.79e-03	5.89e-07
 4.10779e+16	9.98e-01	1.69e-03	5.29e-07
 4.13730e+16	9.98e-01	1.60e-03	4.75e-07
 4.16732e+16	9.98e-01	1.52e-03	4.26e-07
 4.19787e+16	9.99e-01	1.43e-03	3.81e-07
 4.22897e+16	9.99e-01	1.35e-03	3.41e-07
 4.26065e+16	9.99e-01	1.28e-03	3.04e-07
 4.29293e+16	9.99e-01	1.21e-03	2.71e-07
 4.32582e+16	9.99e-01	1.14e-03	2.41e-07
 4.35938e+16	9.99e-01	1.07e-03	2.14e-07
 4.39364e+16	9.99e-01	1.01e-03	1.90e-07
 4.42861e+16	9.99e-01	9.48e-04	1.68e-07
 4.46428e+16	9.99e-01	8.90e-04	1.49e-07
 4.50072e+16	9.99e-01	8.35e-04	1.31e-07
 4.53801e+16	9.99e-01	7.83e-04	1.15e-07
 4.57619e+16	9.99e-01	7.32e-04	1.01e-07
 4.61526e+16	9.99e-01	6.85e-04	8.84e-08
 4.65530e+16	9.99e-01	6.40e-04	7.71e-08
 4.69582e+16	9.99e-01	5.97e-04	6.74e-08
 4.73731e+16	9.99e-01	5.57e-04	5.85e-08
 4.78075e+16	9.99e-01	5.17e-04	5.06e-08
 4.82575e+16	1.00e+00	4.79e-04	4.35e-08
 4.87169e+16	1.00e+00	4.44e-04	3.73e-08
 4.91896e+16	1.00e+00	4.10e-04	3.19e-08
 4.96831e+16	1.00e+00	3.77e-04	2.71e-08
 5.01970e+16	1.00e+00	3.46e-04	2.28e-08
 5.07304e+16	1.00e+00	3.17e-04	1.92e-08
 5.12858e+16	1.00e+00	2.89e-04	1.60e-08
 5.18665e+16	1.00e+00	2.63e-04	1.32e-08
 5.24775e+16	1.00e+00	2.38e-04	1.08e-08
 5.31219e+16	1.00e+00	2.14e-04	8.77e-09
 5.38018e+16	1.00e+00	1.92e-04	7.04e-09
 5.45279e+16	1.00e+00	1.70e-04	5.56e-09
 5.53070e+16	1.00e+00	1.50e-04	4.33e-09
 5.61419e+16	1.00e+00	1.31e-04	3.32e-09
 5.70463e+16	1.00e+00	1.14e-04	2.49e-09
 5.80389e+16	1.00e+00	9.72e-05	1.82e-09
 5.91422e+16	1.00e+00	8.17e-05	1.29e-09
 6.03731e+16	1.00e+00	6.75e-05	8.79e-10
 6.17837e+16	1.00e+00	5.43e-05	5.69e-10
 6.33765e+16	1.00e+00	4.27e-05	3.52e-10
 6.50349e+16	1.00e+00	3.34e-05	2.17e-10
 6.66753e+16	1.00e+00	2.64e-05	1.35e-10
 6.83045e+16	1.00e+00	2.09e-05	8.53e-11
 6.99524e+16	1.00e+00	1.66e-05	5.40e-11
 7.16376e+16	1.00e+00	1.32e-05	3.41e-11
 7.33586e+16	1.00e+00	1.05e-05	2.15e-11
 7.51066e+16	1.00e+00	8.32e-06	1.36e-11
 7.68805e+16	1.00e+00	6.62e-06	8.60e-12
 7.86814e+16	1.00e+00	5.27e-06	5.47e-12
 8.05228e+16	1.00e+00	4.20e-06	3.47e-12
 8.24171e+16	1.00e+00	3.34e-06	2.20e-12
 8.43637e+16	1.00e+00	2.65e-06	1.38e-12
 8.63368e+16	1.00e+00	2.11e-06	8.77e-13
 8.83250e+16	1.00e+00	1.68e-06	5.58e-13
 9.03163e+16	1.00e+00	1.35e-06	3.59e-13
 9.22747e+16	1.00e+00	1.09e-06	2.35e-13
 9.41814e+16	1.00e+00	8.87e-07	1.56e-13
 9.60246e+16	1.00e+00	7.31e-07	1.06e-13
 9.78122e+16	1.00e+00	6.08e-07	7.35e-14
 9.95583e+16	1.00e+00	5.09e-07	5.15e-14
 1.01258e+17	1.00e+00	4.29e-07	3.67e-14
 1.02896e+17	1.00e+00	3.65e-07	2.66e-14
 1.04466e+17	1.00e+00	3.13e-07	1.96e-14
 1.05974e+17	1.00e+00	2.71e-07	1.46e-14
 1.07423e+17	1.00e+00	2.36e-07	1.11e-14
 1.08812e+17	1.00e+00	2.07e-07	8.56e-15
 1.10141e+17	1.00e+00	1.83e-07	6.68e-15
 1.11412e+17	1.00e+00	1.63e-07	5.29e-15
 1.12624e+17	1.00e+00	1.46e-07	4.24e-15
 1.13781e+17	1.00e+00	1.31e-07	3.43e-15
 1.14884e+17	1.00e+00	1.19e-07	2.82e-15
 1.15935e+17	1.00e+00	1.08e-07	2.33e-15
 1.16936e+17	1.00e+00	9.88e-08	1.96e-15
 1.17888e+17	1.00e+00	9.08e-08	1.65e-15
 1.18795e+17	1.00e+00	8.39e-08	1.41e-15
 1.19659e+17	1.00e+00	7.78e-08	1.21e-15
 1.20481e+17	1.00e+00	7.24e-08	1.05e-15
 1.21263e+17	1.00e+00	6.77e-08	9.20e-16
 1.22007e+17	1.00e+00	6.35e-08	8.09e-16
 1.22714e+17	1.00e+00	5.98e-08	7.17e-16
 1.23388e+17	1.00e+00	5.64e-08	6.40e-16
 1.24030e+17	1.00e+00	5.35e-08	5.74e-16
 1.24642e+17	1.00e+00	5.08e-08	5.17e-16
 1.25225e+17	1.00e+00	4.83e-08	4.69e-16
 1.25780e+17	1.00e+00	4.61e-08	4.27e-16
 1.26310e+17	1.00e+00	4.41e-08	3.91e-16
 1.26815e+17	1.00e+00	4.23e-08	3.59e-16
 1.27298e+17	1.00e+00	4.06e-08	3.32e-16
 1.27760e+17	1.00e+00	3.91e-08	3.07e-16
 1.28202e+17	1.00e+00	3.77e-08	2.86e-16
 1.28624e+17	1.00e+00	3.64e-08	2.66e-16
 1.29029e+17	1.00e+00	3.52e-08	2.49e-16
 1.29418e+17	1.00e+00	3.41e-08	2.34e-16
 1.29791e+17	1.00e+00	3.31e-08	2.20e-16
 1.30150e+17	1.00e+00	3.21e-08	2.07e-16
 1.30495e+17	1.00e+00	3.12e-08	1.96e-16
 1.30829e+17	1.00e+00	3.04e-08	1.85e-16
 1.31151e+17	1.00e+00	2.96e-08	1.76e-16
 1.31463e+17	1.00e+00	2.88e-08	1.67e-16
 1.31766e+17	1.00e+00	2.81e-08	1.59e-16
 1.32061e+17	1.00e+00	2.75e-08	1.52e-16
 1.32348e+17	1.00e+00	2.68e-08	1.45e-16
 1.32630e+17	1.00e+00	2.62e-08	1.38e-16
 1.32907e+17	1.00e+00	2.56e-08	1.32e-16
 1.33180e+17	1.00e+00	2.51e-08	1.27e-16
 1.33451e+17	1.00e+00	2.45e-08	1.21e-16
 1.33720e+17	1.00e+00	2.40e-08	1.16e-16
 1.33990e+17	1.00e+00	2.35e-08	1.11e-16
 1.34262e+17	1.00e+00	2.30e-08	1.06e-16
 1.34539e+17	1.00e+00	2.25e-08	1.02e-16
 1.34822e+17	1.00e+00	2.20e-08	9.71e-17
 1.35115e+17	1.00e+00	2.14e-08	9.26e-17
 1.35421e+17	1.00e+00	2.09e-08	8.82e-17
 1.35746e+17	1.00e+00	2.04e-08	8.36e-17
 1.36094e+17	1.00e+00	1.98e-08	7.91e-17
 1.36475e+17	1.00e+00	1.92e-08	7.43e-17
 1.36900e+17	1.00e+00	1.86e-08	6.94e-17
 1.37384e+17	1.00e+00	1.78e-08	6.42e-17
 1.37950e+17	1.00e+00	1.70e-08	5.85e-17
 1.38632e+17	1.00e+00	1.61e-08	5.24e-17
 1.39486e+17	1.00e+00	1.50e-08	4.56e-17
 1.40584e+17	1.00e+00	1.38e-08	3.82e-17
 1.42012e+17	1.00e+00	1.23e-08	3.03e-17
 1.43868e+17	1.00e+00	1.06e-08	2.26e-17
 1.46281e+17	1.00e+00	8.73e-09	1.54e-17
 1.49419e+17	1.00e+00	6.83e-09	9.44e-18
 1.53497e+17	1.00e+00	4.99e-09	5.05e-18
 1.58799e+17	1.00e+00	3.35e-09	2.28e-18
 1.64898e+17	1.00e+00	2.16e-09	9.48e-19
 1.71193e+17	1.00e+00	1.39e-09	3.91e-19
 1.77702e+17	1.00e+00	8.83e-10	1.59e-19
 1.84337e+17	1.00e+00	5.64e-10	6.51e-20
 1.90971e+17	1.00e+00	3.63e-10	2.71e-20
 1.97605e+17	1.00e+00	2.36e-10	1.14e-20
 2.04240e+17	1.00e+00	1.54e-10	4.91e-21
 2.10874e+17	1.00e+00	1.02e-10	0.00e+00
 2.17509e+17	1.00e+00	6.78e-11	0.00e+00
 2.24143e+17	1.00e+00	4.56e-11	0.00e+00
 2.30778e+17	1.00e+00	3.10e-11	0.00e+00
 2.37412e+17	1.00e+00	2.14e-11	0.00e+00
 2.44046e+17	1.00e+00	1.50e-11	0.00e+00
 2.50681e+17	1.00e+00	1.08e-11	0.00e+00
 2.57315e+17	1.00e+00	7.90e-12	0.00e+00
 2.63949e+17	1.00e+00	5.96e-12	0.00e+00
 2.70584e+17	1.00e+00	4.63e-12	0.00e+00
 2.77218e+17	1.00e+00	3.72e-12	0.00e+00
 2.83852e+17	1.00e+00	3.08e-12	0.00e+00
 2.90487e+17	1.00e+00	2.63e-12	0.00e+00
 2.97121e+17	1.00e+00	2.31e-12	0.00e+00
 3.03755e+17	1.00e+00	2.07e-12	0.00e+00
 3.10390e+17	1.00e+00	1.89e-12	0.00e+00
 3.17024e+17	1.00e+00	1.74e-12	0.00e+00
 3.23659e+17	1.00e+00	1.63e-12	0.00e+00
 3.30293e+17	1.00e+00	1.53e-12	0.00e+00
 3.36928e+17	1.00e+00	1.45e-12	0.00e+00
 3.43562e+17	1.00e+00	1.37e-12	0.00e+00
 3.50196e+17	1.00e+00	1.30e-12	0.00e+00
 3.56831e+17	1.00e+00	1.23e-12	0.00e+00
 3.64460e+17	1.00e+00	1.17e-12	0.00e+00
 3.74379e+17	1.00e+00	9.27e-13	0.00e+00
 3.87273e+17	1.00e+00	6.38e-13	0.00e+00
 4.01674e+17	1.00e+00	3.78e-13	0.00e+00
 4.15199e+17	1.00e+00	3.28e-13	0.00e+00
 4.26519e+17	1.00e+00	3.27e-13	0.00e+00
 4.34086e+17	1.00e+00	3.82e-13	0.00e+00
 4.37915e+17	1.00e+00	4.90e-13	0.00e+00
 4.39672e+17	1.00e+00	5.58e-13	0.00e+00
 4.40608e+17	1.00e+00	5.92e-13	0.00e+00
 4.41186e+17	1.00e+00	6.10e-13	0.00e+00
 4.41595e+17	1.00e+00	6.21e-13	0.00e+00
 4.42011e+17	1.00e+00	6.30e-13	0.00e+00
 4.42553e+17	1.00e+00	6.38e-13	0.00e+00
 4.43187e+17	1.00e+00	6.46e-13	0.00e+00
 4.43769e+17	1.00e+00	6.52e-13	0.00e+00
 4.44196e+17	1.00e+00	6.56e-13	0.00e+00
 4.44515e+17	1.00e+00	6.59e-13	0.00e+00
 4.44818e+17	1.00e+00	6.61e-13	0.00e+00
 4.45173e+17	1.00e+00	6.63e-13	0.00e+00
 4.45584e+17	1.00e+00	6.63e-13	0.00e+00
 4.45965e+17	1.00e+00	6.64e-13	0.00e+00
 4.46258e+17	1.00e+00	6.64e-13	0.00e+00
 4.46491e+17	1.00e+00	6.64e-13	0.00e+00
 4.46725e+17	1.00e+00	6.64e-13	0.00e+00
 4.46981e+17	1.00e+00	6.64e-13	0.00e+00
 4.47246e+17	1.00e+00	6.63e-13	0.00e+00
 4.47501e+17	1.00e+00	6.62e-13	0.00e+00
 4.47728e+17	1.00e+00	6.61e-13	0.00e+00
 4.47930e+17	1.00e+00	6.61e-13	0.00e+00
 4.48131e+17	1.00e+00	6.60e-13	0.00e+00
 4.48347e+17	1.00e+00	6.59e-13	0.00e+00
 4.48571e+17	1.00e+00	6.57e-13	0.00e+00
 4.48771e+17	1.00e+00	6.56e-13	0.00e+00
 4.48941e+17	1.00e+00	6.55e-13	0.00e+00
 4.49104e+17	1.00e+00	6.54e-13	0.00e+00
 4.49289e+17	1.00e+00	6.52e-13	0.00e+00
 4.49492e+17	1.00e+00	6.50e-13	0.00e+00
 4.49683e+17	1.00e+00	6.48e-13	0.00e+00
 4.49850e+17	1.00e+00	6.46e-13	0.00e+00
 4.50006e+17	1.00e+00	6.45e-13	0.00e+00
 4.50168e+17	1.00e+00	6.44e-13	0.00e+00
 4.50342e+17	1.00e+00	6.42e-13	0.00e+00
 4.50528e+17	1.00e+00	6.39e-13	0.00e+00
 4.50709e+17	1.00e+00	6.37e-13	0.00e+00
 4.50875e+17	1.00e+00	6.35e-13	0.00e+00
 4.51027e+17	1.00e+00	6.33e-13	0.00e+00
 4.51195e+17	1.00e+00	6.31e-13	0.00e+00
 4.51395e+17	1.00e+00	6.28e-13	0.00e+00
 4.51598e+17	1.00e+00	6.25e-13	0.00e+00
 4.51782e+17	1.00e+00	6.22e-13	0.00e+00
 4.51955e+17	1.00e+00	6.20e-13	0.00e+00
 4.52133e+17	1.00e+00	6.17e-13	0.00e+00
 4.52324e+17	1.00e+00	6.14e-13	0.00e+00
 4.52543e+17	1.00e+00	6.11e-13	0.00e+00
 4.52781e+17	1.00e+00	6.07e-13	0.00e+00
 4.52991e+17	1.00e+00	6.03e-13	0.00e+00
 4.53176e+17	1.00e+00	6.00e-13	0.00e+00
 4.53378e+17	1.00e+00	5.97e-13	0.00e+00
 4.53617e+17	1.00e+00	5.93e-13	0.00e+00
 4.53872e+17	1.00e+00	5.89e-13	0.00e+00
 4.54116e+17	1.00e+00	5.84e-13	0.00e+00
 4.54342e+17	1.00e+00	5.80e-13	0.00e+00
 4.54574e+17	1.00e+00	5.76e-13	0.00e+00
 4.54825e+17	1.00e+00	5.71e-13	0.00e+00
 4.55099e+17	1.00e+00	5.66e-13	0.00e+00
 4.55398e+17	1.00e+00	5.61e-13	0.00e+00
 4.55690e+17	1.00e+00	5.54e-13	0.00e+00
 4.55946e+17	1.00e+00	5.49e-13	0.00e+00
 4.56210e+17	1.00e+00	5.45e-13	0.00e+00
 4.56535e+17	1.00e+00	5.39e-13	0.00e+00
 4.56908e+17	1.00e+00	5.32e-13	0.00e+00
 4.57261e+17	1.00e+00	5.24e-13	0.00e+00
 4.57576e+17	1.00e+00	5.17e-13	0.00e+00
 4.57885e+17	1.00e+00	5.12e-13	0.00e+00
 4.58237e+17	1.00e+00	5.05e-13	0.00e+00
 4.58646e+17	1.00e+00	4.97e-13	0.00e+00
 4.59058e+17	1.00e+00	4.88e-13	0.00e+00
 4.59444e+17	1.00e+00	4.80e-13	0.00e+00
 4.59812e+17	1.00e+00	4.73e-13	0.00e+00
 4.60195e+17	1.00e+00	4.65e-13	0.00e+00
 4.60633e+17	1.00e+00	4.57e-13	0.00e+00
 4.61106e+17	1.00e+00	4.47e-13	0.00e+00
 4.61567e+17	1.00e+00	4.37e-13	0.00e+00
 4.62009e+17	1.00e+00	4.29e-13	0.00e+00
 4.62468e+17	1.00e+00	4.20e-13	0.00e+00
 4.62975e+17	1.00e+00	4.10e-13	0.00e+00
 4.63504e+17	1.00e+00	3.99e-13	0.00e+00
 4.64018e+17	1.00e+00	3.89e-13	0.00e+00
 4.64520e+17	1.00e+00	3.79e-13	0.00e+00
 4.65045e+17	1.00e+00	3.69e-13	0.00e+00
 4.65604e+17	1.00e+00	3.59e-13	0.00e+00
 4.66185e+17	1.00e+00	3.48e-13	0.00e+00
 4.66772e+17	1.00e+00	3.37e-13	0.00e+00
 4.67362e+17	1.00e+00	3.26e-13	0.00e+00
 4.67954e+17	1.00e+00	3.15e-13	0.00e+00
 4.68565e+17	1.00e+00	3.05e-13	0.00e+00
 4.69210e+17	1.00e+00	2.93e-13	0.00e+00
 4.69875e+17	1.00e+00	2.82e-13	0.00e+00
 4.70540e+17	1.00e+00	2.70e-13	0.00e+00
 4.71206e+17	1.00e+00	2.59e-13	0.00e+00
 4.71887e+17	1.00e+00	2.48e-13	0.00e+00
 4.72594e+17	1.00e+00	2.37e-13	0.00e+00
 4.73323e+17	1.00e+00	2.26e-13	0.00e+00
 4.74057e+17	1.00e+00	2.15e-13	0.00e+00
 4.74808e+17	1.00e+00	2.04e-13	0.00e+00
 4.75581e+17	1.00e+00	1.93e-13	0.00e+00
 4.76376e+17	1.00e+00	1.82e-13	0.00e+00
 4.77188e+17	1.00e+00	1.71e-13	0.00e+00
 4.77993e+17	1.00e+00	1.60e-13	0.00e+00
 4.78808e+17	1.00e+00	1.51e-13	0.00e+00
 4.79682e+17	1.00e+00	1.40e-13	0.00e+00
 4.80605e+17	1.00e+00	1.30e-13	0.00e+00
 4.81544e+17	1.00e+00	1.20e-13	0.00e+00
 4.82449e+17	1.00e+00	1.10e-13	0.00e+00
 4.83227e+17	1.00e+00	1.02e-13	0.00e+00
 4.83864e+17	1.00e+00	9.54e-14	0.00e+00
 4.84421e+17	1.00e+00	9.03e-14	0.00e+00
 4.84970e+17	1.00e+00	8.60e-14	0.00e+00
 4.85539e+17	1.00e+00	8.12e-14	0.00e+00
 4.86094e+17	1.00e+00	7.68e-14	0.00e+00
 4.86597e+17	1.00e+00	7.28e-14	0.00e+00
 4.87049e+17	1.00e+00	6.94e-14	0.00e+00
 4.87472e+17	1.00e+00	6.64e-14	0.00e+00
 4.87890e+17	1.00e+00	6.36e-14	0.00e+00
 4.88308e+17	1.00e+00	6.08e-14	0.00e+00
 4.88714e+17	1.00e+00	5.81e-14	0.00e+00
 4.89095e+17	1.00e+00	5.56e-14	0.00e+00
 4.89450e+17	1.00e+00	5.34e-14	0.00e+00
 4.89793e+17	1.00e+00	5.14e-14	0.00e+00
 4.90132e+17	1.00e+00	4.95e-14	0.00e+00
 4.90467e+17	1.00e+00	4.76e-14	0.00e+00
 4.90790e+17	1.00e+00	4.57e-14	0.00e+00
 4.91098e+17	1.00e+00	4.41e-14	0.00e+00
 4.91391e+17	1.00e+00	4.25e-14	0.00e+00
 4.91676e+17	1.00e+00	4.10e-14	0.00e+00
 4.91957e+17	1.00e+00	3.96e-14	0.00e+00
 4.92232e+17	1.00e+00	3.82e-14	0.00e+00
 4.92498e+17	1.00e+00	3.69e-14	0.00e+00
 4.92753e+17	1.00e+00	3.57e-14	0.00e+00
 4.92999e+17	1.00e+00	3.45e-14	0.00e+00
 4.93238e+17	1.00e+00	3.34e-14	0.00e+00
 4.93471e+17	1.00e+00	3.23e-14	0.00e+00
 4.93737e+17	1.00e+00	3.13e-14	0.00e+00
 4.94083e+17	1.00e+00	3.00e-14	0.00e+00
 4.94533e+17	1.00e+00	2.83e-14	0.00e+00
 4.95118e+17	1.00e+00	2.63e-14	0.00e+00
 4.95851e+17	1.00e+00	2.37e-14	0.00e+00
 4.96651e+17	1.00e+00	2.08e-14	0.00e+00
 4.97438e+17	1.00e+00	1.83e-14	0.00e+00
 4.98301e+17	1.00e+00	1.60e-14	0.00e+00
 4.99255e+17	1.00e+00	1.35e-14	0.00e+00
 5.00108e+17	1.00e+00	1.14e-14	0.00e+00
