#depth	He	He+	He+2
 1.49634e+10	4.12e-23	4.06e-12	1.00e+00
 4.54887e+10	4.61e-23	4.39e-12	1.00e+00
 7.72350e+10	5.12e-23	4.75e-12	1.00e+00
 1.10251e+11	5.69e-23	5.15e-12	1.00e+00
 1.43567e+11	6.31e-23	5.55e-12	1.00e+00
 1.78215e+11	7.00e-23	6.00e-12	1.00e+00
 2.15271e+11	7.80e-23	6.49e-12	1.00e+00
 2.53808e+11	8.70e-23	7.03e-12	1.00e+00
 2.93888e+11	9.72e-23	7.61e-12	1.00e+00
 3.35570e+11	1.09e-22	8.24e-12	1.00e+00
 3.78919e+11	1.22e-22	8.92e-12	1.00e+00
 4.24003e+11	1.36e-22	9.66e-12	1.00e+00
 4.70890e+11	1.53e-22	1.05e-11	1.00e+00
 5.19652e+11	1.72e-22	1.13e-11	1.00e+00
 5.70365e+11	1.93e-22	1.23e-11	1.00e+00
 6.23106e+11	2.18e-22	1.33e-11	1.00e+00
 6.74660e+11	2.44e-22	1.43e-11	1.00e+00
 7.22222e+11	2.71e-22	1.53e-11	1.00e+00
 7.74885e+11	3.01e-22	1.65e-11	1.00e+00
 8.35707e+11	3.42e-22	1.79e-11	1.00e+00
 8.95517e+11	3.85e-22	1.93e-11	1.00e+00
 9.57720e+11	4.34e-22	2.08e-11	1.00e+00
 1.02596e+12	4.94e-22	2.26e-11	1.00e+00
 1.09506e+12	5.61e-22	2.44e-11	1.00e+00
 1.16692e+12	6.37e-22	2.64e-11	1.00e+00
 1.24352e+12	7.28e-22	2.87e-11	1.00e+00
 1.32319e+12	8.33e-22	3.11e-11	1.00e+00
 1.40604e+12	9.54e-22	3.38e-11	1.00e+00
 1.49221e+12	1.09e-21	3.67e-11	1.00e+00
 1.58183e+12	1.26e-21	3.98e-11	1.00e+00
 1.67503e+12	1.44e-21	4.33e-11	1.00e+00
 1.77196e+12	1.66e-21	4.70e-11	1.00e+00
 1.86311e+12	1.89e-21	5.07e-11	1.00e+00
 1.94462e+12	2.11e-21	5.41e-11	1.00e+00
 2.03610e+12	2.38e-21	5.81e-11	1.00e+00
 2.14453e+12	2.75e-21	6.31e-11	1.00e+00
 2.25302e+12	3.15e-21	6.83e-11	1.00e+00
 2.35484e+12	3.57e-21	7.34e-11	1.00e+00
 2.46795e+12	4.07e-21	7.93e-11	1.00e+00
 2.59659e+12	4.73e-21	8.64e-11	1.00e+00
 2.72467e+12	5.45e-21	9.38e-11	1.00e+00
 2.85787e+12	6.28e-21	1.02e-10	1.00e+00
 3.00211e+12	7.30e-21	1.11e-10	1.00e+00
 3.15212e+12	8.48e-21	1.21e-10	1.00e+00
 3.29347e+12	9.74e-21	1.31e-10	1.00e+00
 3.42041e+12	1.09e-20	1.41e-10	1.00e+00
 3.56317e+12	1.24e-20	1.52e-10	1.00e+00
 3.73171e+12	1.44e-20	1.65e-10	1.00e+00
 3.90029e+12	1.67e-20	1.80e-10	1.00e+00
 4.05902e+12	1.90e-20	1.94e-10	1.00e+00
 4.23471e+12	2.17e-20	2.11e-10	1.00e+00
 4.43402e+12	2.53e-20	2.31e-10	1.00e+00
 4.63011e+12	2.92e-20	2.52e-10	1.00e+00
 4.83405e+12	3.36e-20	2.75e-10	1.00e+00
 5.05734e+12	3.91e-20	3.01e-10	1.00e+00
 5.28386e+12	4.52e-20	3.30e-10	1.00e+00
 5.51944e+12	5.22e-20	3.61e-10	1.00e+00
 5.76016e+12	6.03e-20	3.95e-10	1.00e+00
 5.99569e+12	6.88e-20	4.30e-10	1.00e+00
 6.25062e+12	7.89e-20	4.71e-10	1.00e+00
 6.53057e+12	9.13e-20	5.18e-10	1.00e+00
 6.82172e+12	1.05e-19	5.70e-10	1.00e+00
 7.12452e+12	1.22e-19	6.27e-10	1.00e+00
 7.43942e+12	1.40e-19	6.91e-10	1.00e+00
 7.72412e+12	1.58e-19	7.52e-10	1.00e+00
 7.96112e+12	1.75e-19	8.04e-10	1.00e+00
 8.22068e+12	1.93e-19	8.66e-10	1.00e+00
 8.54970e+12	2.19e-19	9.47e-10	1.00e+00
 8.89293e+12	2.48e-19	1.04e-09	1.00e+00
 9.19668e+12	2.76e-19	1.12e-09	1.00e+00
 9.48040e+12	3.04e-19	1.20e-09	1.00e+00
 9.80444e+12	3.37e-19	1.30e-09	1.00e+00
 1.02023e+13	3.83e-19	1.43e-09	1.00e+00
 1.05985e+13	4.33e-19	1.56e-09	1.00e+00
 1.09431e+13	4.79e-19	1.68e-09	1.00e+00
 1.13182e+13	5.33e-19	1.82e-09	1.00e+00
 1.17758e+13	6.05e-19	1.99e-09	1.00e+00
 1.22430e+13	6.85e-19	2.18e-09	1.00e+00
 1.26726e+13	7.64e-19	2.36e-09	1.00e+00
 1.31510e+13	8.60e-19	2.58e-09	1.00e+00
 1.37048e+13	9.84e-19	2.84e-09	1.00e+00
 1.42501e+13	1.12e-18	3.10e-09	1.00e+00
 1.47725e+13	1.26e-18	3.37e-09	1.00e+00
 1.53488e+13	1.43e-18	3.68e-09	1.00e+00
 1.59926e+13	1.65e-18	4.04e-09	1.00e+00
 1.65783e+13	1.87e-18	4.39e-09	1.00e+00
 1.70716e+13	2.07e-18	4.69e-09	1.00e+00
 1.76143e+13	2.31e-18	5.04e-09	1.00e+00
 1.82269e+13	2.62e-18	5.44e-09	1.00e+00
 1.88134e+13	2.93e-18	5.85e-09	1.00e+00
 1.94588e+13	3.32e-18	6.31e-09	1.00e+00
 2.01759e+13	3.80e-18	6.84e-09	1.00e+00
 2.08480e+13	4.29e-18	7.36e-09	1.00e+00
 2.15837e+13	4.89e-18	7.95e-09	1.00e+00
 2.24111e+13	5.64e-18	8.64e-09	1.00e+00
 2.32014e+13	6.45e-18	9.33e-09	1.00e+00
 2.39332e+13	7.27e-18	1.00e-08	1.00e+00
 2.47452e+13	8.27e-18	1.08e-08	1.00e+00
 2.56551e+13	9.53e-18	1.16e-08	1.00e+00
 2.65142e+13	1.09e-17	1.25e-08	1.00e+00
 2.74529e+13	1.25e-17	1.35e-08	1.00e+00
 2.84922e+13	1.44e-17	1.47e-08	1.00e+00
 2.94576e+13	1.65e-17	1.58e-08	1.00e+00
 3.05080e+13	1.90e-17	1.70e-08	1.00e+00
 3.16821e+13	2.21e-17	1.85e-08	1.00e+00
 3.27889e+13	2.54e-17	1.99e-08	1.00e+00
 3.39964e+13	2.94e-17	2.15e-08	1.00e+00
 3.53436e+13	3.45e-17	2.34e-08	1.00e+00
 3.66179e+13	3.98e-17	2.52e-08	1.00e+00
 3.79859e+13	4.62e-17	2.73e-08	1.00e+00
 3.95352e+13	5.45e-17	2.97e-08	1.00e+00
 4.10620e+13	6.36e-17	3.22e-08	1.00e+00
 4.26499e+13	7.42e-17	3.49e-08	1.00e+00
 4.43858e+13	8.75e-17	3.80e-08	1.00e+00
 4.61530e+13	1.03e-16	4.12e-08	1.00e+00
 4.79909e+13	1.20e-16	4.48e-08	1.00e+00
 4.99404e+13	1.42e-16	4.87e-08	1.00e+00
 5.18014e+13	1.65e-16	5.25e-08	1.00e+00
 5.35009e+13	1.88e-16	5.62e-08	1.00e+00
 5.51023e+13	2.12e-16	5.98e-08	1.00e+00
 5.68708e+13	2.41e-16	6.38e-08	1.00e+00
 5.88520e+13	2.77e-16	6.85e-08	1.00e+00
 6.07297e+13	3.15e-16	7.31e-08	1.00e+00
 6.27906e+13	3.61e-16	7.83e-08	1.00e+00
 6.50999e+13	4.18e-16	8.44e-08	1.00e+00
 6.72362e+13	4.76e-16	9.02e-08	1.00e+00
 6.92141e+13	5.35e-16	9.57e-08	1.00e+00
 7.14819e+13	6.10e-16	1.02e-07	1.00e+00
 7.42339e+13	7.11e-16	1.10e-07	1.00e+00
 7.69533e+13	8.22e-16	1.19e-07	1.00e+00
 7.93378e+13	9.29e-16	1.26e-07	1.00e+00
 8.19490e+13	1.06e-15	1.35e-07	1.00e+00
 8.51084e+13	1.23e-15	1.46e-07	1.00e+00
 8.82769e+13	1.43e-15	1.57e-07	1.00e+00
 9.11426e+13	1.62e-15	1.67e-07	1.00e+00
 9.43180e+13	1.86e-15	1.79e-07	1.00e+00
 9.80500e+13	2.17e-15	1.94e-07	1.00e+00
 1.01737e+14	2.51e-15	2.09e-07	1.00e+00
 1.05188e+14	2.87e-15	2.23e-07	1.00e+00
 1.09043e+14	3.31e-15	2.40e-07	1.00e+00
 1.13435e+14	3.88e-15	2.60e-07	1.00e+00
 1.17800e+14	4.51e-15	2.80e-07	1.00e+00
 1.22339e+14	5.24e-15	3.02e-07	1.00e+00
 1.27263e+14	6.13e-15	3.27e-07	1.00e+00
 1.32383e+14	7.16e-15	3.54e-07	1.00e+00
 1.37345e+14	8.29e-15	3.81e-07	1.00e+00
 1.42016e+14	9.47e-15	4.08e-07	1.00e+00
 1.47237e+14	1.09e-14	4.38e-07	1.00e+00
 1.52498e+14	1.26e-14	4.70e-07	1.00e+00
 1.56871e+14	1.41e-14	4.98e-07	1.00e+00
 1.61502e+14	1.58e-14	5.28e-07	1.00e+00
 1.67417e+14	1.82e-14	5.68e-07	1.00e+00
 1.73619e+14	2.11e-14	6.11e-07	1.00e+00
 1.79103e+14	2.39e-14	6.51e-07	1.00e+00
 1.85034e+14	2.72e-14	6.95e-07	1.00e+00
 1.92169e+14	3.16e-14	7.51e-07	1.00e+00
 1.99406e+14	3.67e-14	8.10e-07	1.00e+00
 2.06186e+14	4.19e-14	8.67e-07	1.00e+00
 2.13717e+14	4.84e-14	9.34e-07	1.00e+00
 2.21698e+14	5.61e-14	1.01e-06	1.00e+00
 2.28792e+14	6.37e-14	1.08e-06	1.00e+00
 2.36424e+14	7.27e-14	1.15e-06	1.00e+00
 2.45568e+14	8.46e-14	1.24e-06	1.00e+00
 2.54568e+14	9.79e-14	1.34e-06	1.00e+00
 2.62585e+14	1.11e-13	1.43e-06	1.00e+00
 2.71435e+14	1.27e-13	1.53e-06	1.00e+00
 2.81980e+14	1.48e-13	1.66e-06	1.00e+00
 2.92443e+14	1.71e-13	1.79e-06	1.00e+00
 3.02006e+14	1.94e-13	1.91e-06	1.00e+00
 3.12687e+14	2.23e-13	2.05e-06	1.00e+00
 3.25114e+14	2.60e-13	2.23e-06	1.00e+00
 3.37321e+14	3.01e-13	2.40e-06	1.00e+00
 3.48871e+14	3.44e-13	2.58e-06	1.00e+00
 3.61710e+14	3.97e-13	2.78e-06	1.00e+00
 3.76209e+14	4.64e-13	3.01e-06	1.00e+00
 3.89961e+14	5.33e-13	3.24e-06	1.00e+00
 4.02482e+14	6.04e-13	3.46e-06	1.00e+00
 4.16653e+14	6.91e-13	3.71e-06	1.00e+00
 4.33170e+14	8.03e-13	4.02e-06	1.00e+00
 4.49014e+14	9.23e-13	4.33e-06	1.00e+00
 4.63350e+14	1.04e-12	4.62e-06	1.00e+00
 4.76857e+14	1.16e-12	4.89e-06	1.00e+00
 4.91822e+14	1.31e-12	5.21e-06	1.00e+00
 5.08551e+14	1.49e-12	5.58e-06	1.00e+00
 5.24355e+14	1.67e-12	5.94e-06	1.00e+00
 5.41681e+14	1.89e-12	6.35e-06	1.00e+00
 5.61080e+14	2.16e-12	6.82e-06	1.00e+00
 5.79378e+14	2.44e-12	7.28e-06	1.00e+00
 5.99367e+14	2.77e-12	7.80e-06	1.00e+00
 6.21469e+14	3.17e-12	8.40e-06	1.00e+00
 6.41882e+14	3.58e-12	8.97e-06	1.00e+00
 6.63983e+14	4.06e-12	9.62e-06	1.00e+00
 6.88684e+14	4.66e-12	1.04e-05	1.00e+00
 7.11890e+14	5.26e-12	1.11e-05	1.00e+00
 7.37181e+14	5.99e-12	1.19e-05	1.00e+00
 7.65310e+14	6.88e-12	1.28e-05	1.00e+00
 7.91598e+14	7.80e-12	1.38e-05	1.00e+00
 8.20147e+14	8.90e-12	1.48e-05	1.00e+00
 8.52084e+14	1.03e-11	1.60e-05	1.00e+00
 8.82402e+14	1.17e-11	1.72e-05	1.00e+00
 9.14832e+14	1.34e-11	1.85e-05	1.00e+00
 9.51455e+14	1.55e-11	2.01e-05	1.00e+00
 9.87556e+14	1.78e-11	2.17e-05	1.00e+00
 1.02510e+15	2.05e-11	2.35e-05	1.00e+00
 1.06492e+15	2.37e-11	2.55e-05	1.00e+00
 1.09822e+15	2.66e-11	2.72e-05	1.00e+00
 1.12391e+15	2.90e-11	2.86e-05	1.00e+00
 1.15172e+15	3.19e-11	3.01e-05	1.00e+00
 1.18788e+15	3.60e-11	3.22e-05	1.00e+00
 1.22715e+15	4.08e-11	3.45e-05	1.00e+00
 1.26265e+15	4.56e-11	3.67e-05	1.00e+00
 1.30097e+15	5.13e-11	3.91e-05	1.00e+00
 1.34910e+15	5.93e-11	4.24e-05	1.00e+00
 1.39753e+15	6.82e-11	4.58e-05	1.00e+00
 1.43871e+15	7.66e-11	4.87e-05	1.00e+00
 1.48294e+15	8.67e-11	5.22e-05	1.00e+00
 1.53812e+15	1.01e-10	5.65e-05	1.00e+00
 1.59498e+15	1.17e-10	6.13e-05	1.00e+00
 1.64553e+15	1.33e-10	6.57e-05	1.00e+00
 1.70040e+15	1.52e-10	7.07e-05	1.00e+00
 1.76606e+15	1.78e-10	7.69e-05	1.00e+00
 1.83083e+15	2.07e-10	8.34e-05	1.00e+00
 1.88890e+15	2.36e-10	8.95e-05	1.00e+00
 1.95319e+15	2.71e-10	9.65e-05	1.00e+00
 2.02933e+15	3.19e-10	1.05e-04	1.00e+00
 2.10465e+15	3.72e-10	1.14e-04	1.00e+00
 2.17399e+15	4.28e-10	1.23e-04	1.00e+00
 2.25178e+15	4.97e-10	1.33e-04	1.00e+00
 2.34168e+15	5.88e-10	1.45e-04	1.00e+00
 2.42967e+15	6.90e-10	1.58e-04	1.00e+00
 2.51367e+15	7.98e-10	1.71e-04	1.00e+00
 2.60675e+15	9.34e-10	1.85e-04	1.00e+00
 2.69443e+15	1.08e-09	2.00e-04	1.00e+00
 2.76034e+15	1.20e-09	2.11e-04	1.00e+00
 2.82786e+15	1.33e-09	2.23e-04	1.00e+00
 2.91565e+15	1.52e-09	2.39e-04	1.00e+00
 3.01020e+15	1.74e-09	2.56e-04	1.00e+00
 3.09483e+15	1.96e-09	2.73e-04	1.00e+00
 3.18614e+15	2.23e-09	2.91e-04	1.00e+00
 3.30252e+15	2.60e-09	3.16e-04	1.00e+00
 3.42012e+15	3.03e-09	3.41e-04	1.00e+00
 3.51867e+15	3.42e-09	3.64e-04	1.00e+00
 3.62382e+15	3.89e-09	3.88e-04	1.00e+00
 3.75694e+15	4.55e-09	4.21e-04	1.00e+00
 3.89658e+15	5.32e-09	4.56e-04	1.00e+00
 4.02206e+15	6.10e-09	4.89e-04	1.00e+00
 4.15896e+15	7.05e-09	5.27e-04	9.99e-01
 4.32107e+15	8.30e-09	5.73e-04	9.99e-01
 4.48003e+15	9.69e-09	6.20e-04	9.99e-01
 4.62457e+15	1.11e-08	6.64e-04	9.99e-01
 4.78632e+15	1.29e-08	7.17e-04	9.99e-01
 4.97532e+15	1.51e-08	7.79e-04	9.99e-01
 5.16127e+15	1.77e-08	8.44e-04	9.99e-01
 5.33629e+15	2.03e-08	9.06e-04	9.99e-01
 5.53140e+15	2.37e-08	9.80e-04	9.99e-01
 5.71709e+15	2.72e-08	1.05e-03	9.99e-01
 5.85498e+15	3.00e-08	1.11e-03	9.99e-01
 5.99454e+15	3.31e-08	1.16e-03	9.99e-01
 6.17595e+15	3.75e-08	1.24e-03	9.99e-01
 6.37280e+15	4.27e-08	1.33e-03	9.99e-01
 6.54962e+15	4.78e-08	1.40e-03	9.99e-01
 6.73942e+15	5.40e-08	1.49e-03	9.99e-01
 6.98364e+15	6.27e-08	1.61e-03	9.98e-01
 7.22964e+15	7.23e-08	1.73e-03	9.98e-01
 7.43070e+15	8.10e-08	1.83e-03	9.98e-01
 7.64233e+15	9.11e-08	1.95e-03	9.98e-01
 7.91719e+15	1.06e-07	2.10e-03	9.98e-01
 8.20484e+15	1.22e-07	2.26e-03	9.98e-01
 8.45186e+15	1.38e-07	2.41e-03	9.98e-01
 8.71552e+15	1.57e-07	2.57e-03	9.97e-01
 9.04185e+15	1.82e-07	2.78e-03	9.97e-01
 9.36723e+15	2.11e-07	2.99e-03	9.97e-01
 9.64409e+15	2.37e-07	3.18e-03	9.97e-01
 9.94026e+15	2.69e-07	3.40e-03	9.97e-01
 1.03098e+16	3.13e-07	3.68e-03	9.96e-01
 1.06730e+16	3.59e-07	3.96e-03	9.96e-01
 1.09492e+16	3.97e-07	4.18e-03	9.96e-01
 1.12140e+16	4.39e-07	4.41e-03	9.96e-01
 1.15583e+16	4.99e-07	4.72e-03	9.95e-01
 1.19053e+16	5.63e-07	5.04e-03	9.95e-01
 1.21921e+16	6.20e-07	5.31e-03	9.95e-01
 1.25013e+16	6.90e-07	5.64e-03	9.94e-01
 1.28474e+16	7.74e-07	6.01e-03	9.94e-01
 1.31813e+16	8.61e-07	6.38e-03	9.94e-01
 1.35551e+16	9.77e-07	6.86e-03	9.93e-01
 1.39529e+16	1.10e-06	7.37e-03	9.93e-01
 1.42938e+16	1.22e-06	7.83e-03	9.92e-01
 1.46489e+16	1.37e-06	8.38e-03	9.92e-01
 1.50369e+16	1.55e-06	9.02e-03	9.91e-01
 1.53877e+16	1.72e-06	9.62e-03	9.90e-01
 1.57140e+16	1.90e-06	1.03e-02	9.90e-01
 1.60884e+16	2.15e-06	1.11e-02	9.89e-01
 1.64904e+16	2.45e-06	1.20e-02	9.88e-01
 1.68248e+16	2.71e-06	1.29e-02	9.87e-01
 1.71047e+16	2.97e-06	1.37e-02	9.86e-01
 1.74173e+16	3.31e-06	1.47e-02	9.85e-01
 1.77643e+16	3.75e-06	1.60e-02	9.84e-01
 1.80768e+16	4.17e-06	1.73e-02	9.83e-01
 1.83546e+16	4.63e-06	1.86e-02	9.81e-01
 1.86668e+16	5.25e-06	2.03e-02	9.80e-01
 1.89962e+16	6.00e-06	2.23e-02	9.78e-01
 1.92730e+16	6.74e-06	2.42e-02	9.76e-01
 1.95172e+16	7.49e-06	2.62e-02	9.74e-01
 1.97939e+16	8.61e-06	2.89e-02	9.71e-01
 2.00838e+16	9.87e-06	3.21e-02	9.68e-01
 2.03289e+16	1.13e-05	3.54e-02	9.65e-01
 2.05422e+16	1.27e-05	3.88e-02	9.61e-01
 2.07762e+16	1.45e-05	4.32e-02	9.57e-01
 2.10297e+16	1.70e-05	4.88e-02	9.51e-01
 2.12458e+16	2.00e-05	5.48e-02	9.45e-01
 2.14168e+16	2.26e-05	6.04e-02	9.40e-01
 2.15920e+16	2.57e-05	6.73e-02	9.33e-01
 2.18197e+16	3.16e-05	7.83e-02	9.22e-01
 2.20309e+16	3.78e-05	9.13e-02	9.09e-01
 2.21725e+16	4.42e-05	1.02e-01	8.98e-01
 2.22846e+16	4.98e-05	1.13e-01	8.87e-01
 2.24064e+16	5.67e-05	1.26e-01	8.74e-01
 2.25647e+16	6.94e-05	1.46e-01	8.54e-01
 2.27145e+16	8.40e-05	1.71e-01	8.29e-01
 2.28057e+16	9.50e-05	1.88e-01	8.11e-01
 2.28623e+16	1.03e-04	2.01e-01	7.99e-01
 2.29215e+16	1.13e-04	2.16e-01	7.84e-01
 2.29983e+16	1.27e-04	2.37e-01	7.63e-01
 2.30795e+16	1.43e-04	2.61e-01	7.38e-01
 2.31481e+16	1.59e-04	2.85e-01	7.15e-01
 2.32192e+16	1.79e-04	3.12e-01	6.87e-01
 2.32942e+16	2.02e-04	3.44e-01	6.56e-01
 2.33581e+16	2.25e-04	3.73e-01	6.27e-01
 2.34149e+16	2.47e-04	4.01e-01	5.99e-01
 2.34694e+16	2.70e-04	4.29e-01	5.70e-01
 2.35311e+16	2.99e-04	4.64e-01	5.36e-01
 2.36006e+16	3.32e-04	5.03e-01	4.96e-01
 2.36679e+16	3.68e-04	5.43e-01	4.57e-01
 2.37331e+16	4.05e-04	5.82e-01	4.18e-01
 2.38078e+16	4.49e-04	6.26e-01	3.73e-01
 2.38901e+16	4.97e-04	6.72e-01	3.27e-01
 2.39687e+16	5.44e-04	7.14e-01	2.85e-01
 2.40574e+16	5.97e-04	7.57e-01	2.42e-01
 2.41727e+16	6.63e-04	8.06e-01	1.93e-01
 2.42972e+16	7.29e-04	8.48e-01	1.51e-01
 2.44335e+16	7.97e-04	8.84e-01	1.15e-01
 2.46106e+16	8.78e-04	9.18e-01	8.08e-02
 2.48074e+16	9.59e-04	9.43e-01	5.61e-02
 2.50295e+16	1.05e-03	9.61e-01	3.77e-02
 2.52727e+16	1.15e-03	9.73e-01	2.55e-02
 2.54448e+16	1.22e-03	9.79e-01	2.00e-02
 2.55354e+16	1.27e-03	9.81e-01	1.77e-02
 2.56183e+16	1.31e-03	9.83e-01	1.57e-02
 2.57261e+16	1.36e-03	9.85e-01	1.35e-02
 2.58663e+16	1.44e-03	9.87e-01	1.12e-02
 2.60119e+16	1.53e-03	9.89e-01	9.31e-03
 2.61296e+16	1.61e-03	9.90e-01	8.11e-03
 2.62288e+16	1.68e-03	9.91e-01	7.21e-03
 2.63388e+16	1.76e-03	9.92e-01	6.33e-03
 2.64494e+16	1.86e-03	9.93e-01	5.61e-03
 2.65339e+16	1.94e-03	9.93e-01	5.13e-03
 2.66043e+16	2.01e-03	9.93e-01	4.75e-03
 2.66838e+16	2.10e-03	9.94e-01	4.36e-03
 2.67730e+16	2.20e-03	9.94e-01	3.97e-03
 2.68546e+16	2.31e-03	9.94e-01	3.65e-03
 2.69257e+16	2.41e-03	9.94e-01	3.41e-03
 2.69931e+16	2.51e-03	9.94e-01	3.18e-03
 2.70706e+16	2.63e-03	9.94e-01	2.94e-03
 2.71533e+16	2.78e-03	9.95e-01	2.72e-03
 2.72227e+16	2.91e-03	9.95e-01	2.55e-03
 2.72806e+16	3.04e-03	9.95e-01	2.41e-03
 2.73437e+16	3.18e-03	9.95e-01	2.27e-03
 2.74145e+16	3.36e-03	9.95e-01	2.12e-03
 2.74788e+16	3.53e-03	9.94e-01	2.00e-03
 2.75336e+16	3.70e-03	9.94e-01	1.91e-03
 2.75927e+16	3.89e-03	9.94e-01	1.80e-03
 2.76574e+16	4.12e-03	9.94e-01	1.70e-03
 2.77142e+16	4.35e-03	9.94e-01	1.62e-03
 2.77629e+16	4.56e-03	9.94e-01	1.55e-03
 2.78162e+16	4.81e-03	9.94e-01	1.48e-03
 2.78751e+16	5.12e-03	9.93e-01	1.41e-03
 2.79277e+16	5.43e-03	9.93e-01	1.35e-03
 2.79733e+16	5.73e-03	9.93e-01	1.29e-03
 2.80233e+16	6.09e-03	9.93e-01	1.24e-03
 2.80786e+16	6.54e-03	9.92e-01	1.18e-03
 2.81288e+16	6.99e-03	9.92e-01	1.13e-03
 2.81734e+16	7.46e-03	9.91e-01	1.09e-03
 2.82228e+16	8.02e-03	9.91e-01	1.04e-03
 2.82783e+16	8.76e-03	9.90e-01	9.96e-04
 2.83296e+16	9.58e-03	9.89e-01	9.54e-04
 2.83740e+16	1.04e-02	9.89e-01	9.20e-04
 2.84152e+16	1.13e-02	9.88e-01	8.90e-04
 2.84555e+16	1.23e-02	9.87e-01	8.60e-04
 2.84940e+16	1.34e-02	9.86e-01	8.33e-04
 2.85300e+16	1.46e-02	9.85e-01	8.09e-04
 2.85638e+16	1.59e-02	9.83e-01	7.88e-04
 2.85962e+16	1.73e-02	9.82e-01	7.67e-04
 2.86274e+16	1.90e-02	9.80e-01	7.47e-04
 2.86566e+16	2.08e-02	9.78e-01	7.30e-04
 2.86841e+16	2.28e-02	9.76e-01	7.15e-04
 2.87104e+16	2.50e-02	9.74e-01	7.00e-04
 2.87358e+16	2.75e-02	9.72e-01	6.89e-04
 2.87596e+16	3.03e-02	9.69e-01	6.76e-04
 2.87817e+16	3.32e-02	9.66e-01	6.68e-04
 2.88066e+16	3.70e-02	9.62e-01	6.57e-04
 2.88331e+16	4.20e-02	9.57e-01	6.47e-04
 2.88552e+16	4.72e-02	9.52e-01	6.41e-04
 2.88729e+16	5.19e-02	9.47e-01	6.37e-04
 2.88916e+16	5.78e-02	9.42e-01	6.33e-04
 2.89117e+16	6.52e-02	9.34e-01	6.32e-04
 2.89292e+16	7.30e-02	9.26e-01	6.31e-04
 2.89438e+16	8.03e-02	9.19e-01	6.34e-04
 2.89582e+16	8.86e-02	9.11e-01	6.36e-04
 2.89736e+16	9.89e-02	9.01e-01	6.40e-04
 2.89882e+16	1.10e-01	8.89e-01	6.46e-04
 2.90010e+16	1.22e-01	8.78e-01	6.52e-04
 2.90127e+16	1.33e-01	8.66e-01	6.61e-04
 2.90232e+16	1.45e-01	8.54e-01	6.67e-04
 2.90327e+16	1.56e-01	8.43e-01	6.76e-04
 2.90417e+16	1.69e-01	8.31e-01	6.82e-04
 2.90485e+16	1.78e-01	8.21e-01	6.90e-04
 2.90530e+16	1.85e-01	8.14e-01	6.95e-04
 2.90573e+16	1.92e-01	8.07e-01	6.99e-04
 2.90624e+16	2.01e-01	7.99e-01	7.03e-04
 2.90678e+16	2.10e-01	7.89e-01	7.09e-04
 2.90729e+16	2.19e-01	7.80e-01	7.15e-04
 2.90777e+16	2.28e-01	7.71e-01	7.22e-04
 2.90825e+16	2.38e-01	7.61e-01	7.26e-04
 2.90874e+16	2.48e-01	7.51e-01	7.33e-04
 2.90921e+16	2.59e-01	7.40e-01	7.38e-04
 2.90968e+16	2.69e-01	7.30e-01	7.45e-04
 2.91015e+16	2.81e-01	7.19e-01	7.51e-04
 2.91061e+16	2.92e-01	7.07e-01	7.56e-04
 2.91106e+16	3.04e-01	6.95e-01	7.61e-04
 2.91150e+16	3.15e-01	6.84e-01	7.68e-04
 2.91195e+16	3.28e-01	6.71e-01	7.72e-04
 2.91239e+16	3.40e-01	6.59e-01	7.78e-04
 2.91283e+16	3.53e-01	6.46e-01	7.82e-04
 2.91325e+16	3.66e-01	6.33e-01	7.88e-04
 2.91368e+16	3.80e-01	6.20e-01	7.92e-04
 2.91411e+16	3.93e-01	6.06e-01	7.95e-04
 2.91452e+16	4.07e-01	5.92e-01	7.99e-04
 2.91493e+16	4.21e-01	5.78e-01	8.03e-04
 2.91534e+16	4.35e-01	5.64e-01	8.06e-04
 2.91574e+16	4.49e-01	5.50e-01	8.09e-04
 2.91614e+16	4.64e-01	5.35e-01	8.10e-04
 2.91654e+16	4.78e-01	5.21e-01	8.13e-04
 2.91692e+16	4.92e-01	5.07e-01	8.14e-04
 2.91731e+16	5.07e-01	4.93e-01	8.15e-04
 2.91770e+16	5.21e-01	4.78e-01	8.16e-04
 2.91807e+16	5.35e-01	4.64e-01	8.15e-04
 2.91843e+16	5.50e-01	4.50e-01	8.14e-04
 2.91880e+16	5.64e-01	4.36e-01	8.12e-04
 2.91915e+16	5.77e-01	4.22e-01	8.11e-04
 2.91949e+16	5.90e-01	4.09e-01	8.10e-04
 2.91983e+16	6.03e-01	3.96e-01	8.07e-04
 2.92016e+16	6.16e-01	3.83e-01	8.03e-04
 2.92049e+16	6.29e-01	3.70e-01	8.00e-04
 2.92081e+16	6.41e-01	3.58e-01	7.94e-04
 2.92113e+16	6.54e-01	3.46e-01	7.89e-04
 2.92145e+16	6.66e-01	3.34e-01	7.83e-04
 2.92176e+16	6.77e-01	3.22e-01	7.77e-04
 2.92206e+16	6.88e-01	3.11e-01	7.71e-04
 2.92237e+16	7.00e-01	3.00e-01	7.64e-04
 2.92267e+16	7.10e-01	2.89e-01	7.57e-04
 2.92296e+16	7.21e-01	2.79e-01	7.49e-04
 2.92325e+16	7.31e-01	2.69e-01	7.41e-04
 2.92354e+16	7.41e-01	2.59e-01	7.33e-04
 2.92382e+16	7.50e-01	2.49e-01	7.24e-04
 2.92411e+16	7.60e-01	2.40e-01	7.15e-04
 2.92439e+16	7.68e-01	2.31e-01	7.06e-04
 2.92467e+16	7.77e-01	2.22e-01	6.96e-04
 2.92494e+16	7.86e-01	2.13e-01	6.85e-04
 2.92522e+16	7.94e-01	2.05e-01	6.75e-04
 2.92550e+16	8.02e-01	1.97e-01	6.63e-04
 2.92574e+16	8.09e-01	1.90e-01	6.53e-04
 2.92592e+16	8.14e-01	1.85e-01	6.45e-04
 2.92608e+16	8.19e-01	1.81e-01	6.37e-04
 2.92625e+16	8.23e-01	1.76e-01	6.29e-04
 2.92643e+16	8.28e-01	1.71e-01	6.20e-04
 2.92661e+16	8.33e-01	1.67e-01	6.12e-04
 2.92677e+16	8.37e-01	1.63e-01	6.04e-04
 2.92693e+16	8.41e-01	1.59e-01	5.96e-04
 2.92709e+16	8.45e-01	1.55e-01	5.88e-04
 2.92724e+16	8.49e-01	1.51e-01	5.81e-04
 2.92740e+16	8.52e-01	1.47e-01	5.73e-04
 2.92755e+16	8.56e-01	1.44e-01	5.65e-04
 2.92770e+16	8.59e-01	1.40e-01	5.58e-04
 2.92784e+16	8.62e-01	1.37e-01	5.50e-04
 2.92799e+16	8.65e-01	1.34e-01	5.43e-04
 2.92813e+16	8.68e-01	1.31e-01	5.35e-04
 2.92827e+16	8.71e-01	1.28e-01	5.28e-04
 2.92841e+16	8.74e-01	1.25e-01	5.20e-04
 2.92856e+16	8.77e-01	1.22e-01	5.13e-04
 2.92870e+16	8.80e-01	1.19e-01	5.05e-04
 2.92885e+16	8.83e-01	1.17e-01	4.97e-04
 2.92900e+16	8.86e-01	1.14e-01	4.89e-04
 2.92916e+16	8.89e-01	1.11e-01	4.80e-04
 2.92932e+16	8.92e-01	1.08e-01	4.72e-04
 2.92949e+16	8.95e-01	1.05e-01	4.63e-04
 2.92969e+16	8.98e-01	1.02e-01	4.53e-04
 2.92992e+16	9.02e-01	9.78e-02	4.41e-04
 2.93017e+16	9.06e-01	9.40e-02	4.28e-04
 2.93041e+16	9.09e-01	9.04e-02	4.16e-04
 2.93065e+16	9.12e-01	8.72e-02	4.04e-04
 2.93087e+16	9.16e-01	8.41e-02	3.93e-04
 2.93109e+16	9.19e-01	8.11e-02	3.81e-04
 2.93131e+16	9.21e-01	7.83e-02	3.70e-04
 2.93152e+16	9.24e-01	7.57e-02	3.59e-04
 2.93172e+16	9.26e-01	7.35e-02	3.50e-04
 2.93189e+16	9.28e-01	7.15e-02	3.41e-04
 2.93205e+16	9.30e-01	6.98e-02	3.34e-04
 2.93219e+16	9.31e-01	6.82e-02	3.27e-04
 2.93232e+16	9.33e-01	6.68e-02	3.20e-04
 2.93247e+16	9.34e-01	6.53e-02	3.13e-04
 2.93262e+16	9.36e-01	6.38e-02	3.07e-04
 2.93276e+16	9.37e-01	6.25e-02	3.00e-04
 2.93289e+16	9.38e-01	6.13e-02	2.94e-04
 2.93303e+16	9.40e-01	6.00e-02	2.88e-04
 2.93318e+16	9.41e-01	5.87e-02	2.82e-04
 2.93332e+16	9.42e-01	5.75e-02	2.77e-04
 2.93345e+16	9.43e-01	5.65e-02	2.72e-04
 2.93358e+16	9.44e-01	5.53e-02	2.66e-04
 2.93373e+16	9.46e-01	5.42e-02	2.60e-04
 2.93387e+16	9.47e-01	5.32e-02	2.55e-04
 2.93399e+16	9.47e-01	5.23e-02	2.50e-04
 2.93413e+16	9.48e-01	5.13e-02	2.45e-04
 2.93427e+16	9.49e-01	5.03e-02	2.40e-04
 2.93440e+16	9.50e-01	4.94e-02	2.35e-04
 2.93452e+16	9.51e-01	4.86e-02	2.31e-04
 2.93466e+16	9.52e-01	4.77e-02	2.27e-04
 2.93480e+16	9.53e-01	4.69e-02	2.22e-04
 2.93493e+16	9.54e-01	4.61e-02	2.18e-04
 2.93505e+16	9.54e-01	4.54e-02	2.14e-04
 2.93518e+16	9.55e-01	4.47e-02	2.10e-04
 2.93532e+16	9.56e-01	4.39e-02	2.06e-04
 2.93544e+16	9.57e-01	4.33e-02	2.03e-04
 2.93558e+16	9.57e-01	4.25e-02	1.98e-04
 2.93573e+16	9.58e-01	4.18e-02	1.95e-04
 2.93587e+16	9.59e-01	4.12e-02	1.91e-04
 2.93600e+16	9.59e-01	4.06e-02	1.88e-04
 2.93613e+16	9.60e-01	4.00e-02	1.84e-04
 2.93628e+16	9.60e-01	3.93e-02	1.81e-04
 2.93641e+16	9.61e-01	3.88e-02	1.78e-04
 2.93656e+16	9.62e-01	3.82e-02	1.75e-04
 2.93672e+16	9.62e-01	3.76e-02	1.72e-04
 2.93686e+16	9.63e-01	3.71e-02	1.69e-04
 2.93702e+16	9.63e-01	3.65e-02	1.66e-04
 2.93719e+16	9.64e-01	3.60e-02	1.63e-04
 2.93735e+16	9.64e-01	3.55e-02	1.60e-04
 2.93752e+16	9.65e-01	3.49e-02	1.57e-04
 2.93774e+16	9.66e-01	3.43e-02	1.53e-04
 2.93798e+16	9.66e-01	3.37e-02	1.50e-04
 2.93820e+16	9.67e-01	3.31e-02	1.47e-04
 2.93840e+16	9.67e-01	3.27e-02	1.45e-04
 2.93861e+16	9.68e-01	3.22e-02	1.42e-04
 2.93889e+16	9.68e-01	3.16e-02	1.39e-04
 2.93920e+16	9.69e-01	3.10e-02	1.36e-04
 2.93948e+16	9.69e-01	3.06e-02	1.33e-04
 2.93973e+16	9.70e-01	3.02e-02	1.31e-04
 2.94000e+16	9.70e-01	2.97e-02	1.29e-04
 2.94036e+16	9.71e-01	2.92e-02	1.26e-04
 2.94075e+16	9.71e-01	2.88e-02	1.23e-04
 2.94110e+16	9.71e-01	2.84e-02	1.21e-04
 2.94149e+16	9.72e-01	2.80e-02	1.19e-04
 2.94199e+16	9.72e-01	2.75e-02	1.16e-04
 2.94254e+16	9.73e-01	2.71e-02	1.14e-04
 2.94303e+16	9.73e-01	2.68e-02	1.12e-04
 2.94357e+16	9.73e-01	2.64e-02	1.10e-04
 2.94428e+16	9.74e-01	2.60e-02	1.08e-04
 2.94503e+16	9.74e-01	2.57e-02	1.06e-04
 2.94587e+16	9.75e-01	2.53e-02	1.03e-04
 2.94695e+16	9.75e-01	2.50e-02	1.01e-04
 2.94812e+16	9.75e-01	2.46e-02	9.86e-05
 2.94918e+16	9.76e-01	2.43e-02	9.66e-05
 2.95035e+16	9.76e-01	2.40e-02	9.43e-05
 2.95186e+16	9.76e-01	2.37e-02	9.20e-05
 2.95349e+16	9.77e-01	2.33e-02	8.94e-05
 2.95498e+16	9.77e-01	2.30e-02	8.72e-05
 2.95661e+16	9.77e-01	2.27e-02	8.48e-05
 2.95873e+16	9.78e-01	2.23e-02	8.18e-05
 2.96102e+16	9.78e-01	2.19e-02	7.90e-05
 2.96310e+16	9.78e-01	2.15e-02	7.65e-05
 2.96500e+16	9.79e-01	2.12e-02	7.43e-05
 2.96707e+16	9.79e-01	2.09e-02	7.18e-05
 2.96931e+16	9.79e-01	2.05e-02	6.95e-05
 2.97135e+16	9.80e-01	2.02e-02	6.74e-05
 2.97359e+16	9.80e-01	1.99e-02	6.51e-05
 2.97600e+16	9.80e-01	1.95e-02	6.28e-05
 2.97820e+16	9.81e-01	1.92e-02	6.08e-05
 2.98019e+16	9.81e-01	1.89e-02	5.91e-05
 2.98238e+16	9.81e-01	1.86e-02	5.71e-05
 2.98475e+16	9.82e-01	1.83e-02	5.52e-05
 2.98690e+16	9.82e-01	1.80e-02	5.36e-05
 2.98926e+16	9.82e-01	1.77e-02	5.17e-05
 2.99180e+16	9.83e-01	1.74e-02	4.99e-05
 2.99412e+16	9.83e-01	1.71e-02	4.83e-05
 2.99665e+16	9.83e-01	1.68e-02	4.65e-05
 2.99939e+16	9.83e-01	1.65e-02	4.48e-05
 3.00188e+16	9.84e-01	1.62e-02	4.33e-05
 3.00462e+16	9.84e-01	1.59e-02	4.17e-05
 3.00757e+16	9.84e-01	1.56e-02	4.01e-05
 3.01025e+16	9.85e-01	1.53e-02	3.87e-05
 3.01269e+16	9.85e-01	1.50e-02	3.74e-05
 3.01537e+16	9.85e-01	1.48e-02	3.61e-05
 3.01826e+16	9.85e-01	1.45e-02	3.48e-05
 3.02089e+16	9.86e-01	1.42e-02	3.36e-05
 3.02377e+16	9.86e-01	1.40e-02	3.23e-05
 3.02688e+16	9.86e-01	1.37e-02	3.11e-05
 3.02971e+16	9.87e-01	1.34e-02	3.00e-05
 3.03281e+16	9.87e-01	1.32e-02	2.88e-05
 3.03616e+16	9.87e-01	1.29e-02	2.76e-05
 3.03920e+16	9.87e-01	1.27e-02	2.66e-05
 3.04254e+16	9.88e-01	1.24e-02	2.55e-05
 3.04614e+16	9.88e-01	1.21e-02	2.44e-05
 3.04942e+16	9.88e-01	1.19e-02	2.35e-05
 3.05302e+16	9.88e-01	1.16e-02	2.25e-05
 3.05690e+16	9.89e-01	1.13e-02	2.15e-05
 3.06043e+16	9.89e-01	1.11e-02	2.06e-05
 3.06430e+16	9.89e-01	1.08e-02	1.97e-05
 3.06848e+16	9.89e-01	1.06e-02	1.87e-05
 3.07228e+16	9.90e-01	1.04e-02	1.80e-05
 3.07644e+16	9.90e-01	1.01e-02	1.71e-05
 3.08094e+16	9.90e-01	9.85e-03	1.63e-05
 3.08503e+16	9.90e-01	9.64e-03	1.55e-05
 3.08952e+16	9.91e-01	9.39e-03	1.48e-05
 3.09436e+16	9.91e-01	9.14e-03	1.40e-05
 3.09876e+16	9.91e-01	8.93e-03	1.34e-05
 3.10359e+16	9.91e-01	8.69e-03	1.27e-05
 3.10880e+16	9.92e-01	8.45e-03	1.20e-05
 3.11354e+16	9.92e-01	8.25e-03	1.14e-05
 3.11874e+16	9.92e-01	8.01e-03	1.08e-05
 3.12435e+16	9.92e-01	7.78e-03	1.02e-05
 3.12945e+16	9.92e-01	7.59e-03	9.70e-06
 3.13505e+16	9.93e-01	7.36e-03	9.14e-06
 3.14109e+16	9.93e-01	7.14e-03	8.61e-06
 3.14658e+16	9.93e-01	6.95e-03	8.16e-06
 3.15261e+16	9.93e-01	6.74e-03	7.68e-06
 3.16036e+16	9.94e-01	6.48e-03	7.09e-06
 3.16915e+16	9.94e-01	6.20e-03	6.52e-06
 3.17803e+16	9.94e-01	5.95e-03	5.99e-06
 3.18713e+16	9.94e-01	5.70e-03	5.50e-06
 3.19663e+16	9.95e-01	5.45e-03	5.04e-06
 3.20651e+16	9.95e-01	5.20e-03	4.60e-06
 3.21674e+16	9.95e-01	4.97e-03	4.20e-06
 3.22732e+16	9.95e-01	4.74e-03	3.82e-06
 3.23814e+16	9.95e-01	4.52e-03	3.47e-06
 3.24914e+16	9.96e-01	4.30e-03	3.16e-06
 3.26034e+16	9.96e-01	4.10e-03	2.87e-06
 3.27176e+16	9.96e-01	3.91e-03	2.61e-06
 3.28341e+16	9.96e-01	3.72e-03	2.37e-06
 3.29527e+16	9.96e-01	3.54e-03	2.15e-06
 3.30735e+16	9.97e-01	3.37e-03	1.94e-06
 3.31966e+16	9.97e-01	3.20e-03	1.76e-06
 3.33220e+16	9.97e-01	3.05e-03	1.60e-06
 3.34479e+16	9.97e-01	2.90e-03	1.45e-06
 3.35756e+16	9.97e-01	2.76e-03	1.31e-06
 3.37081e+16	9.97e-01	2.62e-03	1.18e-06
 3.38440e+16	9.98e-01	2.49e-03	1.06e-06
 3.39822e+16	9.98e-01	2.36e-03	9.58e-07
 3.41227e+16	9.98e-01	2.24e-03	8.62e-07
 3.42658e+16	9.98e-01	2.12e-03	7.75e-07
 3.44118e+16	9.98e-01	2.01e-03	6.96e-07
 3.45608e+16	9.98e-01	1.90e-03	6.24e-07
 3.47128e+16	9.98e-01	1.80e-03	5.59e-07
 3.48680e+16	9.98e-01	1.70e-03	5.00e-07
 3.50266e+16	9.98e-01	1.61e-03	4.47e-07
 3.51885e+16	9.98e-01	1.52e-03	3.99e-07
 3.53539e+16	9.99e-01	1.43e-03	3.55e-07
 3.55229e+16	9.99e-01	1.35e-03	3.16e-07
 3.56958e+16	9.99e-01	1.27e-03	2.81e-07
 3.58727e+16	9.99e-01	1.20e-03	2.49e-07
 3.60538e+16	9.99e-01	1.13e-03	2.20e-07
 3.62393e+16	9.99e-01	1.06e-03	1.94e-07
 3.64293e+16	9.99e-01	9.96e-04	1.71e-07
 3.66243e+16	9.99e-01	9.33e-04	1.50e-07
 3.68244e+16	9.99e-01	8.75e-04	1.32e-07
 3.70300e+16	9.99e-01	8.18e-04	1.15e-07
 3.72416e+16	9.99e-01	7.64e-04	1.00e-07
 3.74595e+16	9.99e-01	7.13e-04	8.73e-08
 3.76806e+16	9.99e-01	6.65e-04	7.59e-08
 3.79066e+16	9.99e-01	6.20e-04	6.57e-08
 3.81442e+16	9.99e-01	5.75e-04	5.65e-08
 3.83934e+16	9.99e-01	5.32e-04	4.83e-08
 3.86514e+16	1.00e+00	4.92e-04	4.11e-08
 3.89182e+16	1.00e+00	4.53e-04	3.48e-08
 3.91961e+16	1.00e+00	4.16e-04	2.93e-08
 3.94864e+16	1.00e+00	3.82e-04	2.45e-08
 3.97907e+16	1.00e+00	3.48e-04	2.04e-08
 4.01109e+16	1.00e+00	3.17e-04	1.68e-08
 4.04483e+16	1.00e+00	2.86e-04	1.37e-08
 4.08043e+16	1.00e+00	2.58e-04	1.10e-08
 4.11850e+16	1.00e+00	2.31e-04	8.77e-09
 4.15932e+16	1.00e+00	2.05e-04	6.88e-09
 4.20296e+16	1.00e+00	1.80e-04	5.31e-09
 4.25012e+16	1.00e+00	1.57e-04	4.02e-09
 4.30173e+16	1.00e+00	1.36e-04	2.96e-09
 4.35884e+16	1.00e+00	1.15e-04	2.12e-09
 4.42284e+16	1.00e+00	9.58e-05	1.46e-09
 4.49575e+16	1.00e+00	7.77e-05	9.55e-10
 4.58065e+16	1.00e+00	6.09e-05	5.85e-10
 4.67446e+16	1.00e+00	4.68e-05	3.45e-10
 4.76949e+16	1.00e+00	3.59e-05	2.04e-10
 4.86384e+16	1.00e+00	2.76e-05	1.21e-10
 4.95956e+16	1.00e+00	2.12e-05	7.20e-11
 5.05857e+16	1.00e+00	1.62e-05	4.23e-11
 5.16127e+16	1.00e+00	1.23e-05	2.45e-11
 5.26724e+16	1.00e+00	9.28e-06	1.42e-11
 5.37762e+16	1.00e+00	6.96e-06	8.05e-12
 5.49341e+16	1.00e+00	5.18e-06	4.51e-12
 5.61475e+16	1.00e+00	3.82e-06	2.49e-12
 5.74271e+16	1.00e+00	2.80e-06	1.35e-12
 5.87835e+16	1.00e+00	2.02e-06	7.13e-13
 6.02315e+16	1.00e+00	1.44e-06	3.68e-13
 6.17640e+16	1.00e+00	1.02e-06	1.86e-13
 6.33300e+16	1.00e+00	7.25e-07	9.47e-14
 6.48961e+16	1.00e+00	5.19e-07	4.91e-14
 6.64622e+16	1.00e+00	3.75e-07	2.59e-14
 6.80282e+16	1.00e+00	2.74e-07	1.38e-14
 6.95943e+16	1.00e+00	2.01e-07	7.53e-15
 7.11603e+16	1.00e+00	1.49e-07	4.15e-15
 7.27264e+16	1.00e+00	1.11e-07	2.32e-15
 7.42925e+16	1.00e+00	8.35e-08	1.32e-15
 7.60934e+16	1.00e+00	6.00e-08	6.85e-16
 7.81600e+16	1.00e+00	4.19e-08	3.36e-16
 8.02572e+16	1.00e+00	2.95e-08	1.67e-16
 8.25058e+16	1.00e+00	2.03e-08	7.97e-17
 8.49410e+16	1.00e+00	1.38e-08	3.70e-17
 8.74115e+16	1.00e+00	9.48e-09	1.75e-17
 8.98819e+16	1.00e+00	6.57e-09	8.41e-18
 9.24713e+16	1.00e+00	4.51e-09	3.98e-18
 9.52193e+16	1.00e+00	3.07e-09	1.85e-18
 9.80341e+16	1.00e+00	2.09e-09	8.61e-19
 1.00876e+17	1.00e+00	1.44e-09	4.08e-19
 1.03718e+17	1.00e+00	1.00e-09	1.98e-19
 1.06560e+17	1.00e+00	7.02e-10	9.74e-20
 1.09402e+17	1.00e+00	4.97e-10	4.89e-20
 1.12244e+17	1.00e+00	3.55e-10	2.50e-20
 1.15086e+17	1.00e+00	2.56e-10	1.29e-20
 1.17928e+17	1.00e+00	1.85e-10	6.82e-21
 1.20770e+17	1.00e+00	1.36e-10	0.00e+00
 1.23612e+17	1.00e+00	9.98e-11	0.00e+00
 1.26598e+17	1.00e+00	7.27e-11	0.00e+00
 1.29728e+17	1.00e+00	5.27e-11	0.00e+00
 1.32858e+17	1.00e+00	3.86e-11	0.00e+00
 1.35987e+17	1.00e+00	2.85e-11	0.00e+00
 1.39117e+17	1.00e+00	2.13e-11	0.00e+00
 1.42247e+17	1.00e+00	1.60e-11	0.00e+00
 1.45776e+17	1.00e+00	1.17e-11	0.00e+00
 1.49781e+17	1.00e+00	8.34e-12	0.00e+00
 1.53901e+17	1.00e+00	6.02e-12	0.00e+00
 1.58043e+17	1.00e+00	4.44e-12	0.00e+00
 1.62140e+17	1.00e+00	3.38e-12	0.00e+00
 1.66175e+17	1.00e+00	2.66e-12	0.00e+00
 1.70140e+17	1.00e+00	2.16e-12	0.00e+00
 1.74021e+17	1.00e+00	1.82e-12	0.00e+00
 1.77801e+17	1.00e+00	1.57e-12	0.00e+00
 1.81464e+17	1.00e+00	1.40e-12	0.00e+00
 1.84997e+17	1.00e+00	1.28e-12	0.00e+00
 1.88389e+17	1.00e+00	1.20e-12	0.00e+00
 1.91633e+17	1.00e+00	1.14e-12	0.00e+00
 1.94726e+17	1.00e+00	1.10e-12	0.00e+00
 1.97670e+17	1.00e+00	1.07e-12	0.00e+00
 2.00470e+17	1.00e+00	1.05e-12	0.00e+00
 2.03128e+17	1.00e+00	1.04e-12	0.00e+00
 2.05647e+17	1.00e+00	1.03e-12	0.00e+00
 2.08031e+17	1.00e+00	1.02e-12	0.00e+00
 2.10286e+17	1.00e+00	1.02e-12	0.00e+00
 2.12418e+17	1.00e+00	1.02e-12	0.00e+00
 2.14435e+17	1.00e+00	1.02e-12	0.00e+00
 2.16343e+17	1.00e+00	1.02e-12	0.00e+00
 2.18147e+17	1.00e+00	1.02e-12	0.00e+00
 2.19852e+17	1.00e+00	1.02e-12	0.00e+00
 2.21465e+17	1.00e+00	1.03e-12	0.00e+00
 2.22991e+17	1.00e+00	1.03e-12	0.00e+00
 2.24435e+17	1.00e+00	1.03e-12	0.00e+00
 2.25802e+17	1.00e+00	1.04e-12	0.00e+00
 2.27097e+17	1.00e+00	1.04e-12	0.00e+00
 2.28323e+17	1.00e+00	1.04e-12	0.00e+00
 2.29485e+17	1.00e+00	1.04e-12	0.00e+00
 2.30586e+17	1.00e+00	1.05e-12	0.00e+00
 2.31631e+17	1.00e+00	1.05e-12	0.00e+00
 2.32622e+17	1.00e+00	1.05e-12	0.00e+00
 2.33563e+17	1.00e+00	1.05e-12	0.00e+00
 2.34457e+17	1.00e+00	1.06e-12	0.00e+00
 2.35306e+17	1.00e+00	1.06e-12	0.00e+00
 2.36113e+17	1.00e+00	1.06e-12	0.00e+00
 2.36880e+17	1.00e+00	1.06e-12	0.00e+00
 2.37610e+17	1.00e+00	1.06e-12	0.00e+00
 2.38306e+17	1.00e+00	1.07e-12	0.00e+00
 2.38968e+17	1.00e+00	1.07e-12	0.00e+00
 2.39600e+17	1.00e+00	1.07e-12	0.00e+00
 2.40203e+17	1.00e+00	1.07e-12	0.00e+00
 2.40778e+17	1.00e+00	1.07e-12	0.00e+00
 2.41327e+17	1.00e+00	1.07e-12	0.00e+00
 2.41853e+17	1.00e+00	1.07e-12	0.00e+00
 2.42357e+17	1.00e+00	1.08e-12	0.00e+00
 2.42839e+17	1.00e+00	1.08e-12	0.00e+00
 2.43302e+17	1.00e+00	1.08e-12	0.00e+00
 2.43747e+17	1.00e+00	1.08e-12	0.00e+00
 2.44175e+17	1.00e+00	1.08e-12	0.00e+00
 2.44587e+17	1.00e+00	1.08e-12	0.00e+00
 2.44985e+17	1.00e+00	1.08e-12	0.00e+00
 2.45370e+17	1.00e+00	1.08e-12	0.00e+00
 2.45742e+17	1.00e+00	1.08e-12	0.00e+00
 2.46104e+17	1.00e+00	1.08e-12	0.00e+00
 2.46457e+17	1.00e+00	1.08e-12	0.00e+00
 2.46801e+17	1.00e+00	1.08e-12	0.00e+00
 2.47139e+17	1.00e+00	1.08e-12	0.00e+00
 2.47470e+17	1.00e+00	1.08e-12	0.00e+00
 2.47798e+17	1.00e+00	1.08e-12	0.00e+00
 2.48122e+17	1.00e+00	1.08e-12	0.00e+00
 2.48446e+17	1.00e+00	1.09e-12	0.00e+00
 2.48769e+17	1.00e+00	1.09e-12	0.00e+00
 2.49096e+17	1.00e+00	1.09e-12	0.00e+00
 2.49428e+17	1.00e+00	1.09e-12	0.00e+00
 2.49767e+17	1.00e+00	1.09e-12	0.00e+00
 2.50118e+17	1.00e+00	1.09e-12	0.00e+00
 2.50485e+17	1.00e+00	1.08e-12	0.00e+00
 2.50872e+17	1.00e+00	1.08e-12	0.00e+00
 2.51287e+17	1.00e+00	1.08e-12	0.00e+00
 2.51738e+17	1.00e+00	1.08e-12	0.00e+00
 2.52238e+17	1.00e+00	1.08e-12	0.00e+00
 2.52804e+17	1.00e+00	1.08e-12	0.00e+00
 2.53459e+17	1.00e+00	1.07e-12	0.00e+00
 2.54240e+17	1.00e+00	1.07e-12	0.00e+00
 2.55201e+17	1.00e+00	1.06e-12	0.00e+00
 2.56424e+17	1.00e+00	1.05e-12	0.00e+00
 2.58011e+17	1.00e+00	1.03e-12	0.00e+00
 2.60074e+17	1.00e+00	9.98e-13	0.00e+00
 2.62756e+17	1.00e+00	9.52e-13	0.00e+00
 2.66243e+17	1.00e+00	8.88e-13	0.00e+00
 2.70775e+17	1.00e+00	8.03e-13	0.00e+00
 2.76668e+17	1.00e+00	6.98e-13	0.00e+00
 2.84328e+17	1.00e+00	5.76e-13	0.00e+00
 2.94287e+17	1.00e+00	4.43e-13	0.00e+00
 3.05914e+17	1.00e+00	3.10e-13	0.00e+00
 3.18150e+17	1.00e+00	2.64e-13	0.00e+00
 3.30877e+17	1.00e+00	2.37e-13	0.00e+00
 3.44112e+17	1.00e+00	2.13e-13	0.00e+00
 3.57876e+17	1.00e+00	1.90e-13	0.00e+00
 3.72191e+17	1.00e+00	1.68e-13	0.00e+00
 3.87079e+17	1.00e+00	1.48e-13	0.00e+00
 4.02562e+17	1.00e+00	1.28e-13	0.00e+00
 4.18665e+17	1.00e+00	1.10e-13	0.00e+00
 4.35411e+17	1.00e+00	9.27e-14	0.00e+00
 4.51714e+17	1.00e+00	7.70e-14	0.00e+00
 4.65990e+17	1.00e+00	8.44e-14	0.00e+00
 4.78262e+17	1.00e+00	1.04e-13	0.00e+00
 4.89559e+17	1.00e+00	1.15e-13	0.00e+00
 5.02290e+17	1.00e+00	1.11e-13	0.00e+00
 5.15969e+17	1.00e+00	6.68e-14	0.00e+00
 5.27933e+17	1.00e+00	6.55e-14	0.00e+00
 5.37432e+17	1.00e+00	7.02e-14	0.00e+00
 5.43758e+17	1.00e+00	8.18e-14	0.00e+00
 5.47206e+17	1.00e+00	9.71e-14	0.00e+00
 5.48995e+17	1.00e+00	1.07e-13	0.00e+00
 5.50036e+17	1.00e+00	1.12e-13	0.00e+00
 5.50661e+17	1.00e+00	1.15e-13	0.00e+00
 5.51085e+17	1.00e+00	1.17e-13	0.00e+00
 5.51492e+17	1.00e+00	1.18e-13	0.00e+00
 5.51939e+17	1.00e+00	1.19e-13	0.00e+00
 5.52431e+17	1.00e+00	1.20e-13	0.00e+00
 5.52923e+17	1.00e+00	1.21e-13	0.00e+00
 5.53314e+17	1.00e+00	1.21e-13	0.00e+00
 5.53635e+17	1.00e+00	1.21e-13	0.00e+00
 5.53964e+17	1.00e+00	1.22e-13	0.00e+00
 5.54305e+17	1.00e+00	1.22e-13	0.00e+00
 5.54639e+17	1.00e+00	1.22e-13	0.00e+00
 5.54932e+17	1.00e+00	1.22e-13	0.00e+00
 5.55168e+17	1.00e+00	1.22e-13	0.00e+00
 5.55392e+17	1.00e+00	1.22e-13	0.00e+00
 5.55642e+17	1.00e+00	1.21e-13	0.00e+00
 5.55896e+17	1.00e+00	1.21e-13	0.00e+00
 5.56129e+17	1.00e+00	1.21e-13	0.00e+00
 5.56338e+17	1.00e+00	1.21e-13	0.00e+00
 5.56529e+17	1.00e+00	1.20e-13	0.00e+00
 5.56712e+17	1.00e+00	1.20e-13	0.00e+00
 5.56896e+17	1.00e+00	1.20e-13	0.00e+00
 5.57086e+17	1.00e+00	1.20e-13	0.00e+00
 5.57274e+17	1.00e+00	1.19e-13	0.00e+00
 5.57451e+17	1.00e+00	1.19e-13	0.00e+00
 5.57612e+17	1.00e+00	1.19e-13	0.00e+00
 5.57766e+17	1.00e+00	1.18e-13	0.00e+00
 5.57925e+17	1.00e+00	1.18e-13	0.00e+00
 5.58089e+17	1.00e+00	1.18e-13	0.00e+00
 5.58255e+17	1.00e+00	1.17e-13	0.00e+00
 5.58411e+17	1.00e+00	1.17e-13	0.00e+00
 5.58559e+17	1.00e+00	1.17e-13	0.00e+00
 5.58709e+17	1.00e+00	1.16e-13	0.00e+00
 5.58858e+17	1.00e+00	1.16e-13	0.00e+00
 5.59010e+17	1.00e+00	1.16e-13	0.00e+00
 5.59168e+17	1.00e+00	1.15e-13	0.00e+00
 5.59328e+17	1.00e+00	1.15e-13	0.00e+00
 5.59480e+17	1.00e+00	1.14e-13	0.00e+00
 5.59629e+17	1.00e+00	1.14e-13	0.00e+00
 5.59784e+17	1.00e+00	1.13e-13	0.00e+00
 5.59946e+17	1.00e+00	1.13e-13	0.00e+00
 5.60113e+17	1.00e+00	1.12e-13	0.00e+00
 5.60281e+17	1.00e+00	1.12e-13	0.00e+00
 5.60449e+17	1.00e+00	1.11e-13	0.00e+00
 5.60615e+17	1.00e+00	1.11e-13	0.00e+00
 5.60787e+17	1.00e+00	1.10e-13	0.00e+00
 5.60971e+17	1.00e+00	1.09e-13	0.00e+00
 5.61154e+17	1.00e+00	1.09e-13	0.00e+00
 5.61336e+17	1.00e+00	1.08e-13	0.00e+00
 5.61533e+17	1.00e+00	1.07e-13	0.00e+00
 5.61738e+17	1.00e+00	1.07e-13	0.00e+00
 5.61935e+17	1.00e+00	1.06e-13	0.00e+00
 5.62129e+17	1.00e+00	1.05e-13	0.00e+00
 5.62336e+17	1.00e+00	1.04e-13	0.00e+00
 5.62565e+17	1.00e+00	1.03e-13	0.00e+00
 5.62791e+17	1.00e+00	1.02e-13	0.00e+00
 5.63012e+17	1.00e+00	1.02e-13	0.00e+00
 5.63250e+17	1.00e+00	1.01e-13	0.00e+00
 5.63499e+17	1.00e+00	9.96e-14	0.00e+00
 5.63744e+17	1.00e+00	9.86e-14	0.00e+00
 5.63989e+17	1.00e+00	9.75e-14	0.00e+00
 5.64243e+17	1.00e+00	9.65e-14	0.00e+00
 5.64513e+17	1.00e+00	9.54e-14	0.00e+00
 5.64801e+17	1.00e+00	9.41e-14	0.00e+00
 5.65093e+17	1.00e+00	9.29e-14	0.00e+00
 5.65383e+17	1.00e+00	9.16e-14	0.00e+00
 5.65674e+17	1.00e+00	9.03e-14	0.00e+00
 5.65975e+17	1.00e+00	8.90e-14	0.00e+00
 5.66291e+17	1.00e+00	8.77e-14	0.00e+00
 5.66614e+17	1.00e+00	8.63e-14	0.00e+00
 5.66947e+17	1.00e+00	8.48e-14	0.00e+00
 5.67291e+17	1.00e+00	8.34e-14	0.00e+00
 5.67655e+17	1.00e+00	8.18e-14	0.00e+00
 5.68030e+17	1.00e+00	8.01e-14	0.00e+00
 5.68389e+17	1.00e+00	7.85e-14	0.00e+00
 5.68757e+17	1.00e+00	7.70e-14	0.00e+00
 5.69154e+17	1.00e+00	7.53e-14	0.00e+00
 5.69568e+17	1.00e+00	7.35e-14	0.00e+00
 5.69981e+17	1.00e+00	7.16e-14	0.00e+00
 5.70381e+17	1.00e+00	6.99e-14	0.00e+00
 5.70794e+17	1.00e+00	6.82e-14	0.00e+00
 5.71239e+17	1.00e+00	6.64e-14	0.00e+00
 5.71705e+17	1.00e+00	6.44e-14	0.00e+00
 5.72172e+17	1.00e+00	6.25e-14	0.00e+00
 5.72629e+17	1.00e+00	6.06e-14	0.00e+00
 5.73088e+17	1.00e+00	5.87e-14	0.00e+00
 5.73574e+17	1.00e+00	5.68e-14	0.00e+00
 5.74089e+17	1.00e+00	5.48e-14	0.00e+00
 5.74610e+17	1.00e+00	5.28e-14	0.00e+00
 5.75127e+17	1.00e+00	5.08e-14	0.00e+00
 5.75648e+17	1.00e+00	4.89e-14	0.00e+00
 5.76190e+17	1.00e+00	4.69e-14	0.00e+00
 5.76749e+17	1.00e+00	4.49e-14	0.00e+00
 5.77311e+17	1.00e+00	4.29e-14	0.00e+00
 5.77874e+17	1.00e+00	4.10e-14	0.00e+00
 5.78464e+17	1.00e+00	3.91e-14	0.00e+00
 5.79079e+17	1.00e+00	3.71e-14	0.00e+00
 5.79704e+17	1.00e+00	3.51e-14	0.00e+00
 5.80326e+17	1.00e+00	3.32e-14	0.00e+00
 5.80959e+17	1.00e+00	3.14e-14	0.00e+00
 5.81619e+17	1.00e+00	2.95e-14	0.00e+00
 5.82291e+17	1.00e+00	2.77e-14	0.00e+00
 5.82974e+17	1.00e+00	2.59e-14	0.00e+00
 5.83701e+17	1.00e+00	2.42e-14	0.00e+00
 5.84456e+17	1.00e+00	2.24e-14	0.00e+00
 5.85180e+17	1.00e+00	2.07e-14	0.00e+00
 5.85844e+17	1.00e+00	1.92e-14	0.00e+00
 5.86429e+17	1.00e+00	1.79e-14	0.00e+00
 5.86954e+17	1.00e+00	1.69e-14	0.00e+00
 5.87444e+17	1.00e+00	1.60e-14	0.00e+00
 5.87919e+17	1.00e+00	1.51e-14	0.00e+00
 5.88382e+17	1.00e+00	1.43e-14	0.00e+00
 5.88819e+17	1.00e+00	1.36e-14	0.00e+00
 5.89226e+17	1.00e+00	1.29e-14	0.00e+00
 5.89608e+17	1.00e+00	1.23e-14	0.00e+00
 5.89977e+17	1.00e+00	1.18e-14	0.00e+00
 5.90337e+17	1.00e+00	1.13e-14	0.00e+00
 5.90685e+17	1.00e+00	1.08e-14	0.00e+00
 5.91018e+17	1.00e+00	1.03e-14	0.00e+00
 5.91335e+17	1.00e+00	9.92e-15	0.00e+00
 5.91642e+17	1.00e+00	9.52e-15	0.00e+00
 5.91941e+17	1.00e+00	9.15e-15	0.00e+00
 5.92231e+17	1.00e+00	8.80e-15	0.00e+00
 5.92511e+17	1.00e+00	8.46e-15	0.00e+00
 5.92781e+17	1.00e+00	8.15e-15	0.00e+00
 5.93042e+17	1.00e+00	7.85e-15	0.00e+00
 5.93295e+17	1.00e+00	7.56e-15	0.00e+00
 5.93541e+17	1.00e+00	7.29e-15	0.00e+00
 5.93779e+17	1.00e+00	7.03e-15	0.00e+00
 5.94011e+17	1.00e+00	6.79e-15	0.00e+00
 5.94238e+17	1.00e+00	6.56e-15	0.00e+00
 5.94459e+17	1.00e+00	6.34e-15	0.00e+00
 5.94673e+17	1.00e+00	6.13e-15	0.00e+00
 5.94882e+17	1.00e+00	5.92e-15	0.00e+00
 5.95086e+17	1.00e+00	5.72e-15	0.00e+00
 5.95281e+17	1.00e+00	5.54e-15	0.00e+00
 5.95503e+17	1.00e+00	5.36e-15	0.00e+00
 5.95792e+17	1.00e+00	5.16e-15	0.00e+00
 5.96167e+17	1.00e+00	4.88e-15	0.00e+00
 5.96654e+17	1.00e+00	4.53e-15	0.00e+00
 5.97288e+17	1.00e+00	4.11e-15	0.00e+00
 5.98112e+17	1.00e+00	3.61e-15	0.00e+00
 5.99152e+17	1.00e+00	3.02e-15	0.00e+00
 6.00196e+17	1.00e+00	2.42e-15	0.00e+00
 6.00971e+17	1.00e+00	2.02e-15	0.00e+00
 6.01501e+17	1.00e+00	1.79e-15	0.00e+00
 6.01954e+17	1.00e+00	1.64e-15	0.00e+00
