#depth	N	N+	N+2	N+3	N+4	N+5	N+6	N+7
 1.49634e+10	0.00e+00	0.00e+00	4.61e-29	2.61e-19	2.69e-10	8.74e-01	1.26e-01	6.88e-06
 4.54887e+10	0.00e+00	2.03e-39	5.90e-29	3.09e-19	2.94e-10	8.83e-01	1.17e-01	5.92e-06
 7.72350e+10	0.00e+00	0.00e+00	7.54e-29	3.66e-19	3.21e-10	8.91e-01	1.09e-01	5.09e-06
 1.10251e+11	0.00e+00	3.88e-39	9.64e-29	4.32e-19	3.51e-10	8.99e-01	1.01e-01	4.37e-06
 1.43567e+11	0.00e+00	0.00e+00	1.22e-28	5.07e-19	3.82e-10	9.06e-01	9.41e-02	3.77e-06
 1.78215e+11	0.00e+00	7.27e-39	1.55e-28	5.96e-19	4.15e-10	9.12e-01	8.75e-02	3.24e-06
 2.15271e+11	0.00e+00	0.00e+00	1.98e-28	7.03e-19	4.52e-10	9.19e-01	8.12e-02	2.78e-06
 2.53808e+11	0.00e+00	1.39e-38	2.53e-28	8.29e-19	4.93e-10	9.25e-01	7.52e-02	2.38e-06
 2.93888e+11	0.00e+00	0.00e+00	3.22e-28	9.77e-19	5.37e-10	9.30e-01	6.97e-02	2.04e-06
 3.35570e+11	0.00e+00	2.64e-38	4.11e-28	1.15e-18	5.84e-10	9.35e-01	6.45e-02	1.74e-06
 3.78919e+11	0.00e+00	0.00e+00	5.24e-28	1.36e-18	6.36e-10	9.40e-01	5.97e-02	1.49e-06
 4.24003e+11	0.00e+00	5.03e-38	6.68e-28	1.60e-18	6.92e-10	9.45e-01	5.52e-02	1.27e-06
 4.70890e+11	0.00e+00	0.00e+00	8.51e-28	1.88e-18	7.52e-10	9.49e-01	5.10e-02	1.08e-06
 5.19652e+11	0.00e+00	9.57e-38	1.08e-27	2.22e-18	8.18e-10	9.53e-01	4.71e-02	9.26e-07
 5.70365e+11	0.00e+00	0.00e+00	1.38e-27	2.61e-18	8.90e-10	9.56e-01	4.35e-02	0.00e+00
 6.23106e+11	0.00e+00	1.82e-37	1.76e-27	3.07e-18	9.67e-10	9.60e-01	4.02e-02	0.00e+00
 6.74660e+11	0.00e+00	0.00e+00	2.21e-27	3.58e-18	1.05e-09	9.63e-01	3.72e-02	0.00e+00
 7.22222e+11	0.00e+00	3.23e-37	2.71e-27	4.10e-18	1.12e-09	9.65e-01	3.48e-02	0.00e+00
 7.74885e+11	0.00e+00	0.00e+00	3.37e-27	4.75e-18	1.21e-09	9.68e-01	3.24e-02	0.00e+00
 8.35707e+11	0.00e+00	5.94e-37	4.30e-27	5.59e-18	1.31e-09	9.70e-01	2.98e-02	0.00e+00
 8.95517e+11	0.00e+00	0.00e+00	5.40e-27	6.52e-18	1.42e-09	9.72e-01	2.76e-02	0.00e+00
 9.57720e+11	0.00e+00	1.09e-36	6.80e-27	7.61e-18	1.53e-09	9.74e-01	2.56e-02	0.00e+00
 1.02596e+12	0.00e+00	0.00e+00	8.67e-27	8.96e-18	1.67e-09	9.76e-01	2.35e-02	0.00e+00
 1.09506e+12	0.00e+00	2.07e-36	1.10e-26	1.05e-17	1.81e-09	9.78e-01	2.17e-02	0.00e+00
 1.16692e+12	6.06e-47	2.84e-36	1.39e-26	1.23e-17	1.96e-09	9.80e-01	2.00e-02	0.00e+00
 1.24352e+12	0.00e+00	0.00e+00	1.78e-26	1.45e-17	2.13e-09	9.82e-01	1.84e-02	0.00e+00
 1.32319e+12	0.00e+00	5.42e-36	2.27e-26	1.71e-17	2.31e-09	9.83e-01	1.70e-02	0.00e+00
 1.40604e+12	2.04e-46	7.50e-36	2.90e-26	2.01e-17	2.51e-09	9.84e-01	1.56e-02	0.00e+00
 1.49221e+12	0.00e+00	0.00e+00	3.70e-26	2.37e-17	2.73e-09	9.86e-01	1.44e-02	0.00e+00
 1.58183e+12	0.00e+00	1.44e-35	4.73e-26	2.80e-17	2.97e-09	9.87e-01	1.32e-02	0.00e+00
 1.67503e+12	6.90e-46	1.99e-35	6.05e-26	3.30e-17	3.23e-09	9.88e-01	1.21e-02	0.00e+00
 1.77196e+12	0.00e+00	0.00e+00	7.74e-26	3.90e-17	3.51e-09	9.89e-01	1.12e-02	0.00e+00
 1.86311e+12	0.00e+00	3.71e-35	9.67e-26	4.53e-17	3.78e-09	9.90e-01	1.03e-02	0.00e+00
 1.94462e+12	2.07e-45	4.80e-35	1.17e-25	5.16e-17	4.04e-09	9.90e-01	9.68e-03	0.00e+00
 2.03610e+12	0.00e+00	0.00e+00	1.45e-25	5.95e-17	4.34e-09	9.91e-01	9.01e-03	0.00e+00
 2.14453e+12	0.00e+00	8.76e-35	1.85e-25	7.00e-17	4.71e-09	9.92e-01	8.29e-03	0.00e+00
 2.25302e+12	6.45e-45	1.19e-34	2.33e-25	8.19e-17	5.10e-09	9.92e-01	7.65e-03	0.00e+00
 2.35484e+12	0.00e+00	0.00e+00	2.88e-25	9.45e-17	5.48e-09	9.93e-01	7.12e-03	0.00e+00
 2.46795e+12	0.00e+00	2.14e-34	3.62e-25	1.10e-16	5.93e-09	9.93e-01	6.58e-03	0.00e+00
 2.59659e+12	2.02e-44	2.98e-34	4.65e-25	1.30e-16	6.46e-09	9.94e-01	6.04e-03	0.00e+00
 2.72467e+12	0.00e+00	4.10e-34	5.93e-25	1.54e-16	7.01e-09	9.94e-01	5.56e-03	0.00e+00
 2.85787e+12	4.48e-44	5.64e-34	7.54e-25	1.81e-16	7.61e-09	9.95e-01	5.12e-03	0.00e+00
 3.00211e+12	0.00e+00	7.88e-34	9.72e-25	2.14e-16	8.30e-09	9.95e-01	4.70e-03	0.00e+00
 3.15212e+12	1.03e-43	1.10e-33	1.25e-24	2.55e-16	9.05e-09	9.96e-01	4.30e-03	0.00e+00
 3.29347e+12	0.00e+00	1.49e-33	1.58e-24	2.97e-16	9.80e-09	9.96e-01	3.98e-03	0.00e+00
 3.42041e+12	2.10e-43	1.95e-33	1.93e-24	3.41e-16	1.05e-08	9.96e-01	3.71e-03	0.00e+00
 3.56317e+12	0.00e+00	2.60e-33	2.40e-24	3.96e-16	1.13e-08	9.97e-01	3.44e-03	0.00e+00
 3.73171e+12	4.54e-43	3.61e-33	3.08e-24	4.68e-16	1.23e-08	9.97e-01	3.16e-03	0.00e+00
 3.90029e+12	0.00e+00	4.96e-33	3.92e-24	5.52e-16	1.34e-08	9.97e-01	2.91e-03	0.00e+00
 4.05902e+12	9.73e-43	6.66e-33	4.90e-24	6.42e-16	1.45e-08	9.97e-01	2.69e-03	0.00e+00
 4.23471e+12	0.00e+00	9.06e-33	6.19e-24	7.53e-16	1.57e-08	9.98e-01	2.49e-03	0.00e+00
 4.43402e+12	2.19e-42	1.28e-32	8.04e-24	9.00e-16	1.72e-08	9.98e-01	2.27e-03	0.00e+00
 4.63011e+12	0.00e+00	1.76e-32	1.03e-23	1.07e-15	1.87e-08	9.98e-01	2.08e-03	0.00e+00
 4.83405e+12	4.89e-42	2.44e-32	1.32e-23	1.26e-15	2.04e-08	9.98e-01	1.91e-03	0.00e+00
 5.05734e+12	0.00e+00	3.42e-32	1.70e-23	1.51e-15	2.23e-08	9.98e-01	1.75e-03	0.00e+00
 5.28386e+12	1.13e-41	4.80e-32	2.21e-23	1.80e-15	2.45e-08	9.98e-01	1.60e-03	0.00e+00
 5.51944e+12	0.00e+00	6.70e-32	2.85e-23	2.14e-15	2.68e-08	9.99e-01	1.46e-03	0.00e+00
 5.76016e+12	2.58e-41	9.32e-32	3.67e-23	2.55e-15	2.93e-08	9.99e-01	1.34e-03	0.00e+00
 5.99569e+12	0.00e+00	1.27e-31	4.66e-23	3.01e-15	3.19e-08	9.99e-01	1.23e-03	0.00e+00
 6.25062e+12	5.67e-41	1.76e-31	5.98e-23	3.58e-15	3.49e-08	9.99e-01	1.13e-03	0.00e+00
 6.53057e+12	0.00e+00	2.48e-31	7.78e-23	4.29e-15	3.83e-08	9.99e-01	1.03e-03	0.00e+00
 6.82172e+12	1.32e-40	3.49e-31	1.01e-22	5.16e-15	4.21e-08	9.99e-01	9.34e-04	0.00e+00
 7.12452e+12	0.00e+00	4.91e-31	1.32e-22	6.20e-15	4.64e-08	9.99e-01	8.50e-04	0.00e+00
 7.43942e+12	3.07e-40	6.90e-31	1.72e-22	7.46e-15	5.10e-08	9.99e-01	7.74e-04	0.00e+00
 7.72412e+12	0.00e+00	9.28e-31	2.16e-22	8.77e-15	5.55e-08	9.99e-01	7.12e-04	0.00e+00
 7.96112e+12	5.92e-40	1.18e-30	2.60e-22	9.97e-15	5.94e-08	9.99e-01	6.67e-04	0.00e+00
 8.22068e+12	0.00e+00	1.52e-30	3.17e-22	1.15e-14	6.39e-08	9.99e-01	6.20e-04	0.00e+00
 8.54970e+12	1.18e-39	2.07e-30	4.03e-22	1.36e-14	6.99e-08	9.99e-01	5.68e-04	0.00e+00
 8.89293e+12	0.00e+00	2.82e-30	5.14e-22	1.62e-14	7.65e-08	9.99e-01	5.20e-04	0.00e+00
 9.19668e+12	2.39e-39	3.67e-30	6.32e-22	1.87e-14	8.26e-08	1.00e+00	4.82e-04	0.00e+00
 9.48040e+12	0.00e+00	4.66e-30	7.61e-22	2.14e-14	8.86e-08	1.00e+00	4.50e-04	0.00e+00
 9.80444e+12	4.41e-39	6.06e-30	9.36e-22	2.47e-14	9.58e-08	1.00e+00	4.17e-04	0.00e+00
 1.02023e+13	0.00e+00	8.27e-30	1.19e-21	2.95e-14	1.05e-07	1.00e+00	3.80e-04	0.00e+00
 1.05985e+13	9.24e-39	1.11e-29	1.51e-21	3.48e-14	1.15e-07	1.00e+00	3.49e-04	0.00e+00
 1.09431e+13	0.00e+00	1.42e-29	1.83e-21	4.01e-14	1.24e-07	1.00e+00	3.24e-04	0.00e+00
 1.13182e+13	1.71e-38	1.85e-29	2.25e-21	4.64e-14	1.34e-07	1.00e+00	3.00e-04	0.00e+00
 1.17758e+13	0.00e+00	2.50e-29	2.86e-21	5.52e-14	1.47e-07	1.00e+00	2.74e-04	0.00e+00
 1.22430e+13	3.55e-38	3.37e-29	3.62e-21	6.54e-14	1.61e-07	1.00e+00	2.51e-04	0.00e+00
 1.26726e+13	0.00e+00	4.38e-29	4.46e-21	7.60e-14	1.74e-07	1.00e+00	2.32e-04	0.00e+00
 1.31510e+13	6.86e-38	5.80e-29	5.56e-21	8.92e-14	1.90e-07	1.00e+00	2.13e-04	0.00e+00
 1.37048e+13	0.00e+00	7.92e-29	7.12e-21	1.07e-13	2.09e-07	1.00e+00	1.94e-04	0.00e+00
 1.42501e+13	1.43e-37	1.06e-28	8.99e-21	1.26e-13	2.29e-07	1.00e+00	1.77e-04	0.00e+00
 1.47725e+13	0.00e+00	1.39e-28	1.11e-20	1.47e-13	2.48e-07	1.00e+00	1.63e-04	0.00e+00
 1.53488e+13	2.79e-37	1.85e-28	1.40e-20	1.74e-13	2.71e-07	1.00e+00	1.50e-04	0.00e+00
 1.59926e+13	0.00e+00	2.52e-28	1.78e-20	2.07e-13	2.98e-07	1.00e+00	1.37e-04	0.00e+00
 1.65783e+13	5.59e-37	3.29e-28	2.20e-20	2.41e-13	3.24e-07	1.00e+00	1.26e-04	0.00e+00
 1.70716e+13	0.00e+00	4.08e-28	2.61e-20	2.73e-13	3.46e-07	1.00e+00	1.18e-04	0.00e+00
 1.76143e+13	9.64e-37	5.15e-28	3.14e-20	3.11e-13	3.71e-07	1.00e+00	1.10e-04	0.00e+00
 1.82269e+13	0.00e+00	6.63e-28	3.83e-20	3.60e-13	4.01e-07	1.00e+00	1.02e-04	0.00e+00
 1.88134e+13	1.74e-36	8.38e-28	4.61e-20	4.11e-13	4.31e-07	1.00e+00	9.50e-05	0.00e+00
 1.94588e+13	0.00e+00	1.07e-27	5.61e-20	4.74e-13	4.65e-07	1.00e+00	8.81e-05	0.00e+00
 2.01759e+13	3.25e-36	1.40e-27	6.93e-20	5.51e-13	5.05e-07	1.00e+00	8.13e-05	0.00e+00
 2.08480e+13	0.00e+00	1.79e-27	8.38e-20	6.32e-13	5.43e-07	1.00e+00	7.56e-05	0.00e+00
 2.15837e+13	5.95e-36	2.31e-27	1.03e-19	7.30e-13	5.87e-07	1.00e+00	7.01e-05	0.00e+00
 2.24111e+13	0.00e+00	3.04e-27	1.28e-19	8.54e-13	6.38e-07	1.00e+00	6.45e-05	0.00e+00
 2.32014e+13	1.14e-35	3.93e-27	1.56e-19	9.86e-13	6.89e-07	1.00e+00	5.98e-05	0.00e+00
 2.39332e+13	0.00e+00	4.94e-27	1.87e-19	1.12e-12	7.38e-07	1.00e+00	5.59e-05	0.00e+00
 2.47452e+13	2.02e-35	6.31e-27	2.26e-19	1.29e-12	7.95e-07	1.00e+00	5.19e-05	0.00e+00
 2.56551e+13	0.00e+00	8.23e-27	2.79e-19	1.49e-12	8.61e-07	1.00e+00	4.80e-05	0.00e+00
 2.65142e+13	3.75e-35	1.05e-26	3.38e-19	1.71e-12	9.26e-07	1.00e+00	4.47e-05	0.00e+00
 2.74529e+13	0.00e+00	1.36e-26	4.13e-19	1.98e-12	9.99e-07	1.00e+00	4.14e-05	0.00e+00
 2.84922e+13	7.17e-35	1.78e-26	5.12e-19	2.30e-12	1.08e-06	1.00e+00	3.82e-05	0.00e+00
 2.94576e+13	0.00e+00	2.28e-26	6.21e-19	2.64e-12	1.17e-06	1.00e+00	3.56e-05	0.00e+00
 3.05080e+13	1.33e-34	2.96e-26	7.60e-19	3.04e-12	1.26e-06	1.00e+00	3.30e-05	0.00e+00
 3.16821e+13	0.00e+00	3.90e-26	9.45e-19	3.55e-12	1.37e-06	1.00e+00	3.04e-05	0.00e+00
 3.27889e+13	2.55e-34	5.04e-26	1.15e-18	4.09e-12	1.47e-06	1.00e+00	2.83e-05	0.00e+00
 3.39964e+13	3.53e-34	6.59e-26	1.42e-18	4.74e-12	1.59e-06	1.00e+00	2.62e-05	0.00e+00
 3.53436e+13	5.02e-34	8.78e-26	1.78e-18	5.55e-12	1.73e-06	1.00e+00	2.41e-05	0.00e+00
 3.66179e+13	6.93e-34	1.14e-25	2.19e-18	6.41e-12	1.87e-06	1.00e+00	2.23e-05	0.00e+00
 3.79859e+13	9.68e-34	1.50e-25	2.70e-18	7.44e-12	2.02e-06	1.00e+00	2.06e-05	0.00e+00
 3.95352e+13	1.39e-33	2.02e-25	3.41e-18	8.75e-12	2.20e-06	1.00e+00	1.90e-05	0.00e+00
 4.10620e+13	1.97e-33	2.69e-25	4.25e-18	1.02e-11	2.39e-06	1.00e+00	1.75e-05	0.00e+00
 4.26499e+13	2.80e-33	3.57e-25	5.29e-18	1.19e-11	2.59e-06	1.00e+00	1.61e-05	0.00e+00
 4.43858e+13	4.03e-33	4.81e-25	6.67e-18	1.40e-11	2.81e-06	1.00e+00	1.48e-05	0.00e+00
 4.61530e+13	5.80e-33	6.46e-25	8.37e-18	1.64e-11	3.06e-06	1.00e+00	1.37e-05	0.00e+00
 4.79909e+13	8.31e-33	8.66e-25	1.05e-17	1.92e-11	3.32e-06	1.00e+00	1.26e-05	0.00e+00
 4.99404e+13	1.20e-32	1.17e-24	1.33e-17	2.25e-11	3.61e-06	1.00e+00	1.16e-05	0.00e+00
 5.18014e+13	1.69e-32	1.54e-24	1.64e-17	2.61e-11	3.90e-06	1.00e+00	1.07e-05	0.00e+00
 5.35009e+13	2.29e-32	1.97e-24	1.98e-17	2.97e-11	4.17e-06	1.00e+00	1.00e-05	0.00e+00
 5.51023e+13	3.01e-32	2.47e-24	2.35e-17	3.34e-11	4.44e-06	1.00e+00	9.44e-06	0.00e+00
 5.68708e+13	4.06e-32	3.14e-24	2.83e-17	3.80e-11	4.74e-06	1.00e+00	8.85e-06	0.00e+00
 5.88520e+13	5.59e-32	4.07e-24	3.46e-17	4.36e-11	5.09e-06	1.00e+00	8.24e-06	0.00e+00
 6.07297e+13	7.53e-32	5.18e-24	4.16e-17	4.94e-11	5.43e-06	1.00e+00	7.72e-06	0.00e+00
 6.27906e+13	1.03e-31	6.69e-24	5.05e-17	5.65e-11	5.82e-06	1.00e+00	7.21e-06	0.00e+00
 6.50999e+13	1.45e-31	8.82e-24	6.25e-17	6.53e-11	6.27e-06	1.00e+00	6.69e-06	0.00e+00
 6.72362e+13	1.98e-31	1.13e-23	7.55e-17	7.43e-11	6.70e-06	1.00e+00	6.26e-06	0.00e+00
 6.92141e+13	2.61e-31	1.42e-23	8.96e-17	8.34e-11	7.11e-06	1.00e+00	5.90e-06	0.00e+00
 7.14819e+13	3.56e-31	1.82e-23	1.08e-16	9.49e-11	7.60e-06	1.00e+00	5.53e-06	0.00e+00
 7.42339e+13	5.10e-31	2.43e-23	1.35e-16	1.10e-10	8.21e-06	1.00e+00	5.12e-06	0.00e+00
 7.69533e+13	7.21e-31	3.21e-23	1.67e-16	1.28e-10	8.84e-06	1.00e+00	4.75e-06	0.00e+00
 7.93378e+13	9.70e-31	4.07e-23	2.00e-16	1.44e-10	9.40e-06	1.00e+00	4.47e-06	0.00e+00
 8.19490e+13	1.33e-30	5.24e-23	2.42e-16	1.64e-10	1.00e-05	1.00e+00	4.19e-06	0.00e+00
 8.51084e+13	1.91e-30	7.03e-23	3.03e-16	1.91e-10	1.08e-05	1.00e+00	3.88e-06	0.00e+00
 8.82769e+13	2.72e-30	9.36e-23	3.76e-16	2.21e-10	1.17e-05	1.00e+00	3.60e-06	0.00e+00
 9.11426e+13	3.72e-30	1.20e-22	4.54e-16	2.51e-10	1.25e-05	1.00e+00	3.38e-06	0.00e+00
 9.43180e+13	5.20e-30	1.57e-22	5.56e-16	2.87e-10	1.33e-05	1.00e+00	3.15e-06	0.00e+00
 9.80500e+13	7.58e-30	2.13e-22	7.00e-16	3.35e-10	1.44e-05	1.00e+00	2.91e-06	0.00e+00
 1.01737e+14	1.09e-29	2.85e-22	8.71e-16	3.88e-10	1.55e-05	1.00e+00	2.70e-06	0.00e+00
 1.05188e+14	1.51e-29	3.70e-22	1.06e-15	4.44e-10	1.66e-05	1.00e+00	2.53e-06	0.00e+00
 1.09043e+14	2.15e-29	4.91e-22	1.31e-15	5.12e-10	1.79e-05	1.00e+00	2.35e-06	0.00e+00
 1.13435e+14	3.16e-29	6.70e-22	1.66e-15	5.99e-10	1.93e-05	1.00e+00	2.17e-06	0.00e+00
 1.17800e+14	4.58e-29	9.02e-22	2.08e-15	6.97e-10	2.09e-05	1.00e+00	2.01e-06	0.00e+00
 1.22339e+14	6.65e-29	1.22e-21	2.60e-15	8.10e-10	2.25e-05	1.00e+00	1.87e-06	0.00e+00
 1.27263e+14	9.79e-29	1.66e-21	3.29e-15	9.48e-10	2.44e-05	1.00e+00	1.73e-06	0.00e+00
 1.32383e+14	1.44e-28	2.26e-21	4.16e-15	1.11e-09	2.64e-05	1.00e+00	1.59e-06	0.00e+00
 1.37345e+14	2.07e-28	3.02e-21	5.18e-15	1.28e-09	2.84e-05	1.00e+00	1.48e-06	0.00e+00
 1.42016e+14	2.88e-28	3.94e-21	6.32e-15	1.47e-09	3.04e-05	1.00e+00	1.38e-06	0.00e+00
 1.47237e+14	4.10e-28	5.23e-21	7.83e-15	1.70e-09	3.27e-05	1.00e+00	1.29e-06	0.00e+00
 1.52498e+14	5.77e-28	6.89e-21	9.64e-15	1.95e-09	3.51e-05	1.00e+00	1.20e-06	0.00e+00
 1.56871e+14	7.62e-28	8.61e-21	1.14e-14	2.18e-09	3.71e-05	1.00e+00	1.13e-06	0.00e+00
 1.61502e+14	1.01e-27	1.08e-20	1.36e-14	2.45e-09	3.94e-05	1.00e+00	1.07e-06	0.00e+00
 1.67417e+14	1.44e-27	1.43e-20	1.68e-14	2.83e-09	4.24e-05	1.00e+00	9.92e-07	0.00e+00
 1.73619e+14	2.05e-27	1.91e-20	2.08e-14	3.28e-09	4.56e-05	1.00e+00	0.00e+00	0.00e+00
 1.79103e+14	2.78e-27	2.44e-20	2.51e-14	3.71e-09	4.86e-05	1.00e+00	0.00e+00	0.00e+00
 1.85034e+14	3.81e-27	3.14e-20	3.04e-14	4.23e-09	5.19e-05	1.00e+00	0.00e+00	0.00e+00
 1.92169e+14	5.50e-27	4.22e-20	3.80e-14	4.92e-09	5.61e-05	1.00e+00	0.00e+00	0.00e+00
 1.99406e+14	7.87e-27	5.64e-20	4.74e-14	5.71e-09	6.05e-05	1.00e+00	0.00e+00	0.00e+00
 2.06186e+14	1.09e-26	7.33e-20	5.78e-14	6.53e-09	6.48e-05	1.00e+00	0.00e+00	0.00e+00
 2.13717e+14	1.54e-26	9.68e-20	7.15e-14	7.54e-09	6.98e-05	1.00e+00	0.00e+00	0.00e+00
 2.21698e+14	2.20e-26	1.29e-19	8.89e-14	8.74e-09	7.52e-05	1.00e+00	0.00e+00	0.00e+00
 2.28792e+14	2.98e-26	1.65e-19	1.07e-13	9.92e-09	8.02e-05	1.00e+00	0.00e+00	0.00e+00
 2.36424e+14	4.08e-26	2.13e-19	1.30e-13	1.13e-08	8.59e-05	1.00e+00	0.00e+00	0.00e+00
 2.45568e+14	5.89e-26	2.86e-19	1.63e-13	1.32e-08	9.28e-05	1.00e+00	0.00e+00	0.00e+00
 2.54568e+14	8.33e-26	3.78e-19	2.02e-13	1.52e-08	1.00e-04	1.00e+00	0.00e+00	0.00e+00
 2.62585e+14	1.12e-25	4.82e-19	2.43e-13	1.73e-08	1.07e-04	1.00e+00	0.00e+00	0.00e+00
 2.71435e+14	1.54e-25	6.23e-19	2.95e-13	1.97e-08	1.14e-04	1.00e+00	0.00e+00	0.00e+00
 2.81980e+14	2.23e-25	8.37e-19	3.70e-13	2.30e-08	1.24e-04	1.00e+00	0.00e+00	0.00e+00
 2.92443e+14	3.16e-25	1.11e-18	4.59e-13	2.66e-08	1.33e-04	1.00e+00	0.00e+00	0.00e+00
 3.02006e+14	4.31e-25	1.43e-18	5.56e-13	3.03e-08	1.42e-04	1.00e+00	0.00e+00	0.00e+00
 3.12687e+14	6.02e-25	1.87e-18	6.83e-13	3.48e-08	1.53e-04	1.00e+00	0.00e+00	0.00e+00
 3.25114e+14	8.75e-25	2.53e-18	8.60e-13	4.08e-08	1.66e-04	1.00e+00	0.00e+00	0.00e+00
 3.37321e+14	1.25e-24	3.37e-18	1.07e-12	4.73e-08	1.79e-04	1.00e+00	0.00e+00	0.00e+00
 3.48871e+14	1.72e-24	4.38e-18	1.31e-12	5.41e-08	1.92e-04	1.00e+00	0.00e+00	0.00e+00
 3.61710e+14	2.44e-24	5.79e-18	1.62e-12	6.26e-08	2.07e-04	1.00e+00	0.00e+00	0.00e+00
 3.76209e+14	3.56e-24	7.86e-18	2.04e-12	7.33e-08	2.24e-04	1.00e+00	0.00e+00	0.00e+00
 3.89961e+14	5.04e-24	1.04e-17	2.53e-12	8.46e-08	2.41e-04	1.00e+00	0.00e+00	0.00e+00
 4.02482e+14	6.83e-24	1.33e-17	3.05e-12	9.61e-08	2.57e-04	1.00e+00	0.00e+00	0.00e+00
 4.16653e+14	9.54e-24	1.74e-17	3.74e-12	1.10e-07	2.76e-04	1.00e+00	0.00e+00	0.00e+00
 4.33170e+14	1.39e-23	2.36e-17	4.71e-12	1.29e-07	2.99e-04	1.00e+00	0.00e+00	0.00e+00
 4.49014e+14	1.97e-23	3.12e-17	5.83e-12	1.49e-07	3.22e-04	1.00e+00	0.00e+00	0.00e+00
 4.63350e+14	2.67e-23	3.98e-17	7.02e-12	1.69e-07	3.43e-04	1.00e+00	0.00e+00	0.00e+00
 4.76857e+14	3.52e-23	4.99e-17	8.32e-12	1.90e-07	3.64e-04	1.00e+00	0.00e+00	0.00e+00
 4.91822e+14	4.75e-23	6.35e-17	1.00e-11	2.15e-07	3.88e-04	1.00e+00	0.00e+00	0.00e+00
 5.08551e+14	6.57e-23	8.24e-17	1.22e-11	2.45e-07	4.15e-04	1.00e+00	0.00e+00	0.00e+00
 5.24355e+14	8.84e-23	1.05e-16	1.46e-11	2.77e-07	4.42e-04	1.00e+00	0.00e+00	0.00e+00
 5.41681e+14	1.21e-22	1.35e-16	1.77e-11	3.16e-07	4.72e-04	1.00e+00	0.00e+00	0.00e+00
 5.61080e+14	1.71e-22	1.78e-16	2.19e-11	3.64e-07	5.08e-04	9.99e-01	0.00e+00	0.00e+00
 5.79378e+14	2.33e-22	2.29e-16	2.64e-11	4.14e-07	5.42e-04	9.99e-01	0.00e+00	0.00e+00
 5.99367e+14	3.24e-22	2.98e-16	3.23e-11	4.74e-07	5.81e-04	9.99e-01	0.00e+00	0.00e+00
 6.21469e+14	4.61e-22	3.96e-16	4.01e-11	5.48e-07	6.25e-04	9.99e-01	0.00e+00	0.00e+00
 6.41882e+14	6.32e-22	5.10e-16	4.86e-11	6.23e-07	6.68e-04	9.99e-01	0.00e+00	0.00e+00
 6.63983e+14	8.77e-22	6.64e-16	5.94e-11	7.14e-07	7.15e-04	9.99e-01	0.00e+00	0.00e+00
 6.88684e+14	1.25e-21	8.84e-16	7.37e-11	8.26e-07	7.71e-04	9.99e-01	0.00e+00	0.00e+00
 7.11890e+14	1.73e-21	1.15e-15	8.98e-11	9.43e-07	8.24e-04	9.99e-01	0.00e+00	0.00e+00
 7.37181e+14	2.42e-21	1.50e-15	1.10e-10	1.08e-06	8.85e-04	9.99e-01	0.00e+00	0.00e+00
 7.65310e+14	3.48e-21	2.02e-15	1.38e-10	1.26e-06	9.56e-04	9.99e-01	0.00e+00	0.00e+00
 7.91598e+14	4.82e-21	2.62e-15	1.68e-10	1.44e-06	1.02e-03	9.99e-01	0.00e+00	0.00e+00
 8.20147e+14	6.78e-21	3.45e-15	2.08e-10	1.66e-06	1.10e-03	9.99e-01	0.00e+00	0.00e+00
 8.52084e+14	9.78e-21	4.65e-15	2.60e-10	1.94e-06	1.19e-03	9.99e-01	0.00e+00	0.00e+00
 8.82402e+14	1.37e-20	6.09e-15	3.20e-10	2.23e-06	1.28e-03	9.99e-01	0.00e+00	0.00e+00
 9.14832e+14	1.93e-20	8.05e-15	3.96e-10	2.58e-06	1.38e-03	9.99e-01	0.00e+00	0.00e+00
 9.51455e+14	2.80e-20	1.09e-14	4.99e-10	3.02e-06	1.50e-03	9.98e-01	0.00e+00	0.00e+00
 9.87556e+14	3.98e-20	1.45e-14	6.22e-10	3.50e-06	1.62e-03	9.98e-01	0.00e+00	0.00e+00
 1.02510e+15	5.65e-20	1.93e-14	7.74e-10	4.07e-06	1.75e-03	9.98e-01	0.00e+00	0.00e+00
 1.06492e+15	8.08e-20	2.58e-14	9.69e-10	4.75e-06	1.90e-03	9.98e-01	0.00e+00	0.00e+00
 1.09822e+15	1.08e-19	3.26e-14	1.16e-09	5.37e-06	2.02e-03	9.98e-01	0.00e+00	0.00e+00
 1.12391e+15	1.33e-19	3.88e-14	1.33e-09	5.89e-06	2.13e-03	9.98e-01	0.00e+00	0.00e+00
 1.15172e+15	1.67e-19	4.66e-14	1.53e-09	6.50e-06	2.24e-03	9.98e-01	0.00e+00	0.00e+00
 1.18788e+15	2.21e-19	5.88e-14	1.84e-09	7.37e-06	2.39e-03	9.98e-01	0.00e+00	0.00e+00
 1.22715e+15	2.98e-19	7.49e-14	2.22e-09	8.40e-06	2.57e-03	9.97e-01	0.00e+00	0.00e+00
 1.26265e+15	3.85e-19	9.26e-14	2.62e-09	9.43e-06	2.73e-03	9.97e-01	0.00e+00	0.00e+00
 1.30097e+15	5.04e-19	1.16e-13	3.12e-09	1.06e-05	2.91e-03	9.97e-01	0.00e+00	0.00e+00
 1.34910e+15	6.99e-19	1.51e-13	3.86e-09	1.23e-05	3.15e-03	9.97e-01	0.00e+00	0.00e+00
 1.39753e+15	9.56e-19	1.96e-13	4.74e-09	1.42e-05	3.40e-03	9.97e-01	0.00e+00	0.00e+00
 1.43871e+15	1.24e-18	2.43e-13	5.61e-09	1.60e-05	3.63e-03	9.96e-01	0.00e+00	0.00e+00
 1.48294e+15	1.60e-18	3.02e-13	6.68e-09	1.81e-05	3.88e-03	9.96e-01	0.00e+00	0.00e+00
 1.53812e+15	2.21e-18	3.94e-13	8.26e-09	2.09e-05	4.21e-03	9.96e-01	0.00e+00	0.00e+00
 1.59498e+15	3.03e-18	5.12e-13	1.02e-08	2.42e-05	4.56e-03	9.95e-01	0.00e+00	0.00e+00
 1.64553e+15	3.96e-18	6.41e-13	1.22e-08	2.75e-05	4.89e-03	9.95e-01	0.00e+00	0.00e+00
 1.70040e+15	5.21e-18	8.08e-13	1.48e-08	3.14e-05	5.26e-03	9.95e-01	0.00e+00	0.00e+00
 1.76606e+15	7.22e-18	1.06e-12	1.84e-08	3.66e-05	5.73e-03	9.94e-01	0.00e+00	0.00e+00
 1.83083e+15	9.79e-18	1.37e-12	2.26e-08	4.23e-05	6.22e-03	9.94e-01	0.00e+00	0.00e+00
 1.88890e+15	1.27e-17	1.71e-12	2.71e-08	4.80e-05	6.67e-03	9.93e-01	0.00e+00	0.00e+00
 1.95319e+15	1.69e-17	2.17e-12	3.29e-08	5.49e-05	7.19e-03	9.93e-01	0.00e+00	0.00e+00
 2.02933e+15	2.32e-17	2.85e-12	4.11e-08	6.41e-05	7.85e-03	9.92e-01	0.00e+00	0.00e+00
 2.10465e+15	3.15e-17	3.69e-12	5.08e-08	7.43e-05	8.53e-03	9.91e-01	0.00e+00	0.00e+00
 2.17399e+15	4.12e-17	4.63e-12	6.13e-08	8.46e-05	9.18e-03	9.91e-01	0.00e+00	0.00e+00
 2.25178e+15	5.52e-17	5.94e-12	7.52e-08	9.75e-05	9.94e-03	9.90e-01	0.00e+00	0.00e+00
 2.34168e+15	7.65e-17	7.84e-12	9.45e-08	1.14e-04	1.09e-02	9.89e-01	0.00e+00	0.00e+00
 2.42967e+15	1.04e-16	1.02e-11	1.17e-07	1.32e-04	1.18e-02	9.88e-01	0.00e+00	0.00e+00
 2.51367e+15	1.60e-16	1.30e-11	1.43e-07	1.52e-04	1.28e-02	9.87e-01	0.00e+00	0.00e+00
 2.60675e+15	2.17e-16	1.68e-11	1.77e-07	1.76e-04	1.39e-02	9.86e-01	0.00e+00	0.00e+00
 2.69443e+15	2.87e-16	2.12e-11	2.15e-07	2.01e-04	1.50e-02	9.85e-01	0.00e+00	0.00e+00
 2.76034e+15	3.52e-16	2.52e-11	2.48e-07	2.21e-04	1.58e-02	9.84e-01	0.00e+00	0.00e+00
 2.82786e+15	4.31e-16	2.99e-11	2.85e-07	2.43e-04	1.67e-02	9.83e-01	0.00e+00	0.00e+00
 2.91565e+15	5.59e-16	3.73e-11	3.42e-07	2.75e-04	1.79e-02	9.82e-01	0.00e+00	0.00e+00
 3.01020e+15	7.32e-16	4.69e-11	4.13e-07	3.13e-04	1.92e-02	9.80e-01	0.00e+00	0.00e+00
 3.09483e+15	9.23e-16	5.71e-11	4.87e-07	3.49e-04	2.05e-02	9.79e-01	0.00e+00	0.00e+00
 3.18614e+15	1.18e-15	7.05e-11	5.78e-07	3.93e-04	2.19e-02	9.78e-01	0.00e+00	0.00e+00
 3.30252e+15	1.61e-15	9.15e-11	7.17e-07	4.54e-04	2.37e-02	9.76e-01	0.00e+00	0.00e+00
 3.42012e+15	2.16e-15	1.18e-10	8.84e-07	5.22e-04	2.57e-02	9.74e-01	0.00e+00	0.00e+00
 3.51867e+15	2.75e-15	1.45e-10	1.05e-06	5.85e-04	2.74e-02	9.72e-01	0.00e+00	0.00e+00
 3.62382e+15	3.54e-15	1.79e-10	1.25e-06	6.58e-04	2.92e-02	9.70e-01	0.00e+00	0.00e+00
 3.75694e+15	4.85e-15	2.34e-10	1.55e-06	7.62e-04	3.17e-02	9.68e-01	0.00e+00	0.00e+00
 3.89658e+15	6.63e-15	3.06e-10	1.93e-06	8.82e-04	3.44e-02	9.65e-01	0.00e+00	0.00e+00
 4.02206e+15	8.69e-15	3.86e-10	2.34e-06	1.00e-03	3.69e-02	9.62e-01	0.00e+00	0.00e+00
 4.15896e+15	1.16e-14	4.94e-10	2.86e-06	1.14e-03	3.97e-02	9.59e-01	0.00e+00	0.00e+00
 4.32107e+15	1.63e-14	6.58e-10	3.61e-06	1.34e-03	4.33e-02	9.55e-01	0.00e+00	0.00e+00
 4.48003e+15	2.23e-14	8.60e-10	4.50e-06	1.54e-03	4.69e-02	9.52e-01	0.00e+00	0.00e+00
 4.62457e+15	2.93e-14	1.09e-09	5.45e-06	1.75e-03	5.02e-02	9.48e-01	0.00e+00	0.00e+00
 4.78632e+15	3.97e-14	1.41e-09	6.72e-06	2.02e-03	5.42e-02	9.44e-01	0.00e+00	0.00e+00
 4.97532e+15	5.60e-14	1.89e-09	8.51e-06	2.36e-03	5.90e-02	9.39e-01	0.00e+00	0.00e+00
 5.16127e+15	7.70e-14	2.48e-09	1.06e-05	2.73e-03	6.39e-02	9.33e-01	0.00e+00	0.00e+00
 5.33629e+15	1.04e-13	3.19e-09	1.30e-05	3.12e-03	6.86e-02	9.28e-01	0.00e+00	0.00e+00
 5.53140e+15	1.42e-13	4.18e-09	1.62e-05	3.60e-03	7.42e-02	9.22e-01	0.00e+00	0.00e+00
 5.71709e+15	1.90e-13	5.35e-09	1.98e-05	4.11e-03	7.96e-02	9.16e-01	0.00e+00	0.00e+00
 5.85498e+15	2.34e-13	6.40e-09	2.30e-05	4.53e-03	8.38e-02	9.12e-01	0.00e+00	0.00e+00
 5.99454e+15	2.89e-13	7.65e-09	2.65e-05	4.98e-03	8.81e-02	9.07e-01	0.00e+00	0.00e+00
 6.17595e+15	3.77e-13	9.58e-09	3.18e-05	5.60e-03	9.38e-02	9.01e-01	0.00e+00	0.00e+00
 6.37280e+15	4.99e-13	1.22e-08	3.86e-05	6.36e-03	1.00e-01	8.93e-01	0.00e+00	0.00e+00
 6.54962e+15	6.40e-13	1.50e-08	4.56e-05	7.09e-03	1.06e-01	8.87e-01	0.00e+00	0.00e+00
 6.73942e+15	8.30e-13	1.87e-08	5.43e-05	7.95e-03	1.13e-01	8.79e-01	0.00e+00	0.00e+00
 6.98364e+15	1.15e-12	2.46e-08	6.78e-05	9.19e-03	1.21e-01	8.69e-01	0.00e+00	0.00e+00
 7.22964e+15	1.57e-12	3.21e-08	8.37e-05	1.05e-02	1.30e-01	8.59e-01	0.00e+00	0.00e+00
 7.43070e+15	2.01e-12	3.95e-08	9.89e-05	1.18e-02	1.38e-01	8.50e-01	0.00e+00	0.00e+00
 7.64233e+15	2.60e-12	4.92e-08	1.18e-04	1.32e-02	1.46e-01	8.41e-01	0.00e+00	0.00e+00
 7.91719e+15	3.60e-12	6.46e-08	1.46e-04	1.51e-02	1.57e-01	8.28e-01	0.00e+00	0.00e+00
 8.20484e+15	4.97e-12	8.48e-08	1.82e-04	1.74e-02	1.68e-01	8.14e-01	0.00e+00	0.00e+00
 8.45186e+15	6.52e-12	1.07e-07	2.18e-04	1.96e-02	1.78e-01	8.02e-01	0.00e+00	0.00e+00
 8.71552e+15	8.67e-12	1.36e-07	2.64e-04	2.22e-02	1.89e-01	7.88e-01	0.00e+00	0.00e+00
 9.04185e+15	1.22e-11	1.80e-07	3.30e-04	2.57e-02	2.03e-01	7.71e-01	0.00e+00	0.00e+00
 9.36723e+15	1.67e-11	2.36e-07	4.09e-04	2.95e-02	2.17e-01	7.53e-01	0.00e+00	0.00e+00
 9.64409e+15	2.18e-11	2.95e-07	4.89e-04	3.31e-02	2.29e-01	7.38e-01	0.00e+00	0.00e+00
 9.94026e+15	2.90e-11	3.74e-07	5.90e-04	3.73e-02	2.42e-01	7.21e-01	0.00e+00	0.00e+00
 1.03098e+16	4.06e-11	4.96e-07	7.38e-04	4.29e-02	2.58e-01	6.99e-01	0.00e+00	0.00e+00
 1.06730e+16	5.53e-11	6.44e-07	9.11e-04	4.91e-02	2.73e-01	6.77e-01	0.00e+00	0.00e+00
 1.09492e+16	6.94e-11	7.81e-07	1.06e-03	5.42e-02	2.85e-01	6.60e-01	0.00e+00	0.00e+00
 1.12140e+16	8.69e-11	9.43e-07	1.23e-03	5.94e-02	2.97e-01	6.43e-01	0.00e+00	0.00e+00
 1.15583e+16	1.15e-10	1.19e-06	1.49e-03	6.68e-02	3.11e-01	6.21e-01	0.00e+00	0.00e+00
 1.19053e+16	1.50e-10	1.49e-06	1.78e-03	7.47e-02	3.25e-01	5.98e-01	0.00e+00	0.00e+00
 1.21921e+16	1.86e-10	1.79e-06	2.06e-03	8.18e-02	3.37e-01	5.79e-01	0.00e+00	0.00e+00
 1.25013e+16	2.37e-10	2.18e-06	2.41e-03	9.00e-02	3.49e-01	5.59e-01	0.00e+00	0.00e+00
 1.28474e+16	3.04e-10	2.69e-06	2.85e-03	9.97e-02	3.62e-01	5.36e-01	0.00e+00	0.00e+00
 1.31813e+16	3.84e-10	3.27e-06	3.34e-03	1.10e-01	3.74e-01	5.13e-01	0.00e+00	0.00e+00
 1.35551e+16	5.03e-10	4.10e-06	3.99e-03	1.22e-01	3.86e-01	4.88e-01	0.00e+00	0.00e+00
 1.39529e+16	6.55e-10	5.12e-06	4.77e-03	1.36e-01	3.99e-01	4.61e-01	0.00e+00	0.00e+00
 1.42938e+16	8.15e-10	6.15e-06	5.54e-03	1.48e-01	4.08e-01	4.38e-01	0.00e+00	0.00e+00
 1.46489e+16	1.04e-09	7.52e-06	6.49e-03	1.62e-01	4.17e-01	4.14e-01	0.00e+00	0.00e+00
 1.50369e+16	1.33e-09	9.25e-06	7.67e-03	1.78e-01	4.26e-01	3.88e-01	0.00e+00	0.00e+00
 1.53877e+16	1.65e-09	1.11e-05	8.87e-03	1.93e-01	4.32e-01	3.65e-01	0.00e+00	0.00e+00
 1.57140e+16	2.03e-09	1.31e-05	1.02e-02	2.08e-01	4.37e-01	3.44e-01	0.00e+00	0.00e+00
 1.60884e+16	2.59e-09	1.61e-05	1.19e-02	2.27e-01	4.42e-01	3.19e-01	0.00e+00	0.00e+00
 1.64904e+16	3.31e-09	1.97e-05	1.40e-02	2.47e-01	4.45e-01	2.94e-01	0.00e+00	0.00e+00
 1.68248e+16	4.04e-09	2.32e-05	1.60e-02	2.65e-01	4.46e-01	2.74e-01	0.00e+00	0.00e+00
 1.71047e+16	4.80e-09	2.68e-05	1.79e-02	2.80e-01	4.45e-01	2.57e-01	0.00e+00	0.00e+00
 1.74173e+16	5.85e-09	3.15e-05	2.04e-02	2.98e-01	4.43e-01	2.38e-01	0.00e+00	0.00e+00
 1.77643e+16	7.31e-09	3.77e-05	2.35e-02	3.19e-01	4.40e-01	2.18e-01	0.00e+00	0.00e+00
 1.80768e+16	8.78e-09	4.39e-05	2.65e-02	3.38e-01	4.35e-01	2.01e-01	0.00e+00	0.00e+00
 1.83546e+16	1.05e-08	5.07e-05	2.97e-02	3.55e-01	4.30e-01	1.85e-01	0.00e+00	0.00e+00
 1.86668e+16	1.30e-08	6.01e-05	3.38e-02	3.76e-01	4.22e-01	1.68e-01	0.00e+00	0.00e+00
 1.89962e+16	1.61e-08	7.17e-05	3.87e-02	3.97e-01	4.13e-01	1.51e-01	0.00e+00	0.00e+00
 1.92730e+16	1.93e-08	8.30e-05	4.34e-02	4.16e-01	4.03e-01	1.38e-01	0.00e+00	0.00e+00
 1.95172e+16	2.27e-08	9.43e-05	4.80e-02	4.32e-01	3.94e-01	1.26e-01	0.00e+00	0.00e+00
 1.97939e+16	2.81e-08	1.12e-04	5.42e-02	4.52e-01	3.81e-01	1.13e-01	0.00e+00	0.00e+00
 2.00838e+16	3.40e-08	1.30e-04	6.11e-02	4.71e-01	3.67e-01	1.00e-01	0.00e+00	0.00e+00
 2.03289e+16	4.12e-08	1.51e-04	6.82e-02	4.89e-01	3.53e-01	8.98e-02	0.00e+00	0.00e+00
 2.05422e+16	4.84e-08	1.72e-04	7.48e-02	5.03e-01	3.41e-01	8.12e-02	0.00e+00	0.00e+00
 2.07762e+16	5.59e-08	1.94e-04	8.30e-02	5.19e-01	3.25e-01	7.22e-02	0.00e+00	0.00e+00
 2.10297e+16	6.81e-08	2.26e-04	9.30e-02	5.36e-01	3.08e-01	6.28e-02	0.00e+00	0.00e+00
 2.12458e+16	8.61e-08	2.69e-04	1.03e-01	5.51e-01	2.91e-01	5.46e-02	0.00e+00	0.00e+00
 2.14168e+16	9.96e-08	3.01e-04	1.12e-01	5.61e-01	2.77e-01	4.89e-02	0.00e+00	0.00e+00
 2.15920e+16	1.12e-07	3.31e-04	1.21e-01	5.72e-01	2.62e-01	4.33e-02	0.00e+00	0.00e+00
 2.18197e+16	1.44e-07	4.00e-04	1.36e-01	5.86e-01	2.41e-01	3.60e-02	0.00e+00	0.00e+00
 2.20309e+16	1.68e-07	4.52e-04	1.50e-01	5.97e-01	2.22e-01	3.02e-02	0.00e+00	0.00e+00
 2.21725e+16	2.04e-07	5.20e-04	1.62e-01	6.04e-01	2.07e-01	2.62e-02	0.00e+00	0.00e+00
 2.22846e+16	2.30e-07	5.68e-04	1.72e-01	6.09e-01	1.96e-01	2.32e-02	0.00e+00	0.00e+00
 2.24064e+16	2.55e-07	6.16e-04	1.82e-01	6.14e-01	1.82e-01	2.03e-02	0.00e+00	0.00e+00
 2.25647e+16	3.16e-07	7.20e-04	1.98e-01	6.20e-01	1.65e-01	1.64e-02	0.00e+00	0.00e+00
 2.27145e+16	3.74e-07	8.17e-04	2.14e-01	6.24e-01	1.48e-01	1.34e-02	0.00e+00	0.00e+00
 2.28057e+16	4.17e-07	8.84e-04	2.24e-01	6.26e-01	1.37e-01	1.16e-02	0.00e+00	0.00e+00
 2.28623e+16	4.51e-07	9.35e-04	2.31e-01	6.27e-01	1.31e-01	1.05e-02	0.00e+00	0.00e+00
 2.29215e+16	4.85e-07	9.87e-04	2.38e-01	6.28e-01	1.24e-01	9.47e-03	0.00e+00	0.00e+00
 2.29983e+16	5.37e-07	1.06e-03	2.47e-01	6.29e-01	1.14e-01	8.16e-03	0.00e+00	0.00e+00
 2.30795e+16	5.97e-07	1.15e-03	2.57e-01	6.29e-01	1.05e-01	6.93e-03	0.00e+00	0.00e+00
 2.31481e+16	6.41e-07	1.21e-03	2.66e-01	6.30e-01	9.72e-02	6.01e-03	0.00e+00	0.00e+00
 2.32192e+16	7.08e-07	1.30e-03	2.75e-01	6.29e-01	8.89e-02	5.07e-03	0.00e+00	0.00e+00
 2.32942e+16	7.85e-07	1.40e-03	2.85e-01	6.28e-01	8.05e-02	4.21e-03	0.00e+00	0.00e+00
 2.33581e+16	8.61e-07	1.50e-03	2.94e-01	6.27e-01	7.34e-02	3.54e-03	0.00e+00	0.00e+00
 2.34149e+16	9.53e-07	1.60e-03	3.02e-01	6.26e-01	6.73e-02	3.00e-03	0.00e+00	0.00e+00
 2.34694e+16	1.03e-06	1.70e-03	3.10e-01	6.24e-01	6.16e-02	2.54e-03	0.00e+00	0.00e+00
 2.35311e+16	1.13e-06	1.81e-03	3.19e-01	6.22e-01	5.54e-02	2.08e-03	0.00e+00	0.00e+00
 2.36006e+16	1.25e-06	1.94e-03	3.28e-01	6.19e-01	4.89e-02	1.65e-03	0.00e+00	0.00e+00
 2.36679e+16	1.37e-06	2.08e-03	3.38e-01	6.16e-01	4.31e-02	1.30e-03	0.00e+00	0.00e+00
 2.37331e+16	1.51e-06	2.22e-03	3.47e-01	6.12e-01	3.78e-02	1.02e-03	0.00e+00	0.00e+00
 2.38078e+16	1.68e-06	2.40e-03	3.57e-01	6.08e-01	3.23e-02	7.59e-04	0.00e+00	0.00e+00
 2.38901e+16	1.88e-06	2.60e-03	3.67e-01	6.03e-01	2.71e-02	5.46e-04	0.00e+00	0.00e+00
 2.39687e+16	2.10e-06	2.80e-03	3.77e-01	5.97e-01	2.27e-02	3.94e-04	0.00e+00	0.00e+00
 2.40574e+16	2.36e-06	3.04e-03	3.88e-01	5.90e-01	1.85e-02	2.68e-04	0.00e+00	0.00e+00
 2.41727e+16	2.74e-06	3.37e-03	4.01e-01	5.81e-01	1.42e-02	1.61e-04	0.00e+00	0.00e+00
 2.42972e+16	3.20e-06	3.74e-03	4.15e-01	5.71e-01	1.07e-02	9.41e-05	0.00e+00	0.00e+00
 2.44335e+16	3.77e-06	4.18e-03	4.29e-01	5.59e-01	7.80e-03	5.17e-05	0.00e+00	0.00e+00
 2.46106e+16	4.62e-06	4.79e-03	4.47e-01	5.43e-01	5.27e-03	2.43e-05	0.00e+00	0.00e+00
 2.48074e+16	5.75e-06	5.56e-03	4.66e-01	5.25e-01	3.51e-03	1.10e-05	0.00e+00	0.00e+00
 2.50295e+16	7.38e-06	6.56e-03	4.87e-01	5.04e-01	2.25e-03	4.58e-06	0.00e+00	0.00e+00
 2.52727e+16	9.74e-06	7.91e-03	5.12e-01	4.79e-01	1.43e-03	1.88e-06	0.00e+00	0.00e+00
 2.54448e+16	1.20e-05	9.10e-03	5.29e-01	4.60e-01	1.07e-03	1.06e-06	0.00e+00	0.00e+00
 2.55354e+16	1.34e-05	9.81e-03	5.39e-01	4.50e-01	9.14e-04	7.81e-07	0.00e+00	0.00e+00
 2.56183e+16	1.48e-05	1.05e-02	5.48e-01	4.41e-01	7.88e-04	0.00e+00	0.00e+00	0.00e+00
 2.57261e+16	1.70e-05	1.15e-02	5.60e-01	4.28e-01	6.51e-04	0.00e+00	0.00e+00	0.00e+00
 2.58663e+16	2.03e-05	1.30e-02	5.76e-01	4.11e-01	5.10e-04	0.00e+00	0.00e+00	0.00e+00
 2.60119e+16	2.47e-05	1.48e-02	5.93e-01	3.92e-01	3.99e-04	0.00e+00	0.00e+00	0.00e+00
 2.61296e+16	2.91e-05	1.66e-02	6.07e-01	3.77e-01	3.28e-04	0.00e+00	0.00e+00	0.00e+00
 2.62288e+16	3.36e-05	1.83e-02	6.19e-01	3.63e-01	2.77e-04	0.00e+00	0.00e+00	0.00e+00
 2.63388e+16	3.94e-05	2.03e-02	6.32e-01	3.47e-01	2.28e-04	0.00e+00	0.00e+00	0.00e+00
 2.64494e+16	4.67e-05	2.28e-02	6.46e-01	3.31e-01	1.88e-04	0.00e+00	0.00e+00	0.00e+00
 2.65339e+16	5.34e-05	2.50e-02	6.56e-01	3.19e-01	1.63e-04	0.00e+00	0.00e+00	0.00e+00
 2.66043e+16	5.98e-05	2.70e-02	6.65e-01	3.08e-01	1.44e-04	0.00e+00	0.00e+00	0.00e+00
 2.66838e+16	6.80e-05	2.95e-02	6.74e-01	2.96e-01	1.24e-04	0.00e+00	0.00e+00	0.00e+00
 2.67730e+16	7.91e-05	3.27e-02	6.85e-01	2.82e-01	1.05e-04	0.00e+00	0.00e+00	0.00e+00
 2.68546e+16	9.13e-05	3.61e-02	6.95e-01	2.69e-01	9.03e-05	0.00e+00	0.00e+00	0.00e+00
 2.69257e+16	1.04e-04	3.93e-02	7.03e-01	2.57e-01	7.88e-05	0.00e+00	0.00e+00	0.00e+00
 2.69931e+16	1.17e-04	4.28e-02	7.11e-01	2.46e-01	6.90e-05	0.00e+00	0.00e+00	0.00e+00
 2.70706e+16	1.36e-04	4.73e-02	7.19e-01	2.33e-01	5.89e-05	0.00e+00	0.00e+00	0.00e+00
 2.71533e+16	1.59e-04	5.27e-02	7.28e-01	2.19e-01	4.97e-05	0.00e+00	0.00e+00	0.00e+00
 2.72227e+16	1.83e-04	5.80e-02	7.34e-01	2.08e-01	4.29e-05	0.00e+00	0.00e+00	0.00e+00
 2.72806e+16	2.07e-04	6.30e-02	7.39e-01	1.98e-01	3.78e-05	0.00e+00	0.00e+00	0.00e+00
 2.73437e+16	2.36e-04	6.89e-02	7.44e-01	1.87e-01	3.28e-05	0.00e+00	0.00e+00	0.00e+00
 2.74145e+16	2.75e-04	7.64e-02	7.49e-01	1.75e-01	2.78e-05	0.00e+00	0.00e+00	0.00e+00
 2.74788e+16	3.18e-04	8.43e-02	7.52e-01	1.64e-01	2.38e-05	0.00e+00	0.00e+00	0.00e+00
 2.75336e+16	3.61e-04	9.19e-02	7.54e-01	1.54e-01	2.08e-05	0.00e+00	0.00e+00	0.00e+00
 2.75927e+16	4.15e-04	1.01e-01	7.55e-01	1.44e-01	1.78e-05	0.00e+00	0.00e+00	0.00e+00
 2.76574e+16	4.86e-04	1.12e-01	7.55e-01	1.33e-01	1.49e-05	0.00e+00	0.00e+00	0.00e+00
 2.77142e+16	5.61e-04	1.24e-01	7.53e-01	1.23e-01	1.27e-05	0.00e+00	0.00e+00	0.00e+00
 2.77629e+16	6.38e-04	1.34e-01	7.50e-01	1.15e-01	1.11e-05	0.00e+00	0.00e+00	0.00e+00
 2.78162e+16	7.34e-04	1.47e-01	7.46e-01	1.06e-01	9.38e-06	0.00e+00	0.00e+00	0.00e+00
 2.78751e+16	8.61e-04	1.64e-01	7.39e-01	9.60e-02	7.76e-06	0.00e+00	0.00e+00	0.00e+00
 2.79277e+16	1.00e-03	1.81e-01	7.31e-01	8.74e-02	6.50e-06	0.00e+00	0.00e+00	0.00e+00
 2.79733e+16	1.14e-03	1.97e-01	7.22e-01	8.01e-02	5.52e-06	0.00e+00	0.00e+00	0.00e+00
 2.80233e+16	1.32e-03	2.17e-01	7.10e-01	7.22e-02	4.57e-06	0.00e+00	0.00e+00	0.00e+00
 2.80786e+16	1.57e-03	2.41e-01	6.93e-01	6.38e-02	3.67e-06	0.00e+00	0.00e+00	0.00e+00
 2.81288e+16	1.83e-03	2.67e-01	6.75e-01	5.63e-02	2.96e-06	0.00e+00	0.00e+00	0.00e+00
 2.81734e+16	2.13e-03	2.93e-01	6.55e-01	4.99e-02	2.42e-06	0.00e+00	0.00e+00	0.00e+00
 2.82228e+16	2.49e-03	3.23e-01	6.31e-01	4.32e-02	1.90e-06	0.00e+00	0.00e+00	0.00e+00
 2.82783e+16	3.01e-03	3.62e-01	5.99e-01	3.60e-02	1.42e-06	0.00e+00	0.00e+00	0.00e+00
 2.83296e+16	3.62e-03	4.04e-01	5.63e-01	2.97e-02	1.05e-06	0.00e+00	0.00e+00	0.00e+00
 2.83740e+16	4.28e-03	4.43e-01	5.28e-01	2.47e-02	7.91e-07	0.00e+00	0.00e+00	0.00e+00
 2.84152e+16	4.96e-03	4.82e-01	4.93e-01	2.04e-02	0.00e+00	0.00e+00	0.00e+00	0.00e+00
 2.84555e+16	5.78e-03	5.23e-01	4.54e-01	1.66e-02	0.00e+00	0.00e+00	0.00e+00	0.00e+00
 2.84940e+16	6.73e-03	5.65e-01	4.15e-01	1.33e-02	0.00e+00	0.00e+00	0.00e+00	0.00e+00
 2.85300e+16	7.75e-03	6.06e-01	3.76e-01	1.06e-02	0.00e+00	0.00e+00	0.00e+00	0.00e+00
 2.85638e+16	8.82e-03	6.44e-01	3.39e-01	8.34e-03	0.00e+00	0.00e+00	0.00e+00	0.00e+00
 2.85962e+16	1.00e-02	6.82e-01	3.01e-01	6.47e-03	0.00e+00	0.00e+00	0.00e+00	0.00e+00
 2.86274e+16	1.14e-02	7.19e-01	2.65e-01	4.93e-03	0.00e+00	0.00e+00	0.00e+00	0.00e+00
 2.86566e+16	1.29e-02	7.52e-01	2.31e-01	3.73e-03	0.00e+00	0.00e+00	0.00e+00	0.00e+00
 2.86841e+16	1.45e-02	7.82e-01	2.00e-01	2.79e-03	0.00e+00	0.00e+00	0.00e+00	0.00e+00
 2.87104e+16	1.62e-02	8.10e-01	1.72e-01	2.07e-03	0.00e+00	0.00e+00	0.00e+00	0.00e+00
 2.87358e+16	1.81e-02	8.34e-01	1.46e-01	1.52e-03	0.00e+00	0.00e+00	0.00e+00	0.00e+00
 2.87596e+16	2.01e-02	8.55e-01	1.24e-01	1.09e-03	0.00e+00	0.00e+00	0.00e+00	0.00e+00
 2.87817e+16	2.22e-02	8.73e-01	1.04e-01	7.97e-04	0.00e+00	0.00e+00	0.00e+00	0.00e+00
 2.88066e+16	2.48e-02	8.89e-01	8.52e-02	5.43e-04	0.00e+00	0.00e+00	0.00e+00	0.00e+00
 2.88331e+16	2.80e-02	9.05e-01	6.68e-02	3.46e-04	0.00e+00	0.00e+00	0.00e+00	0.00e+00
 2.88552e+16	3.12e-02	9.15e-01	5.33e-02	2.29e-04	0.00e+00	0.00e+00	0.00e+00	0.00e+00
 2.88729e+16	3.40e-02	9.22e-01	4.40e-02	1.61e-04	0.00e+00	0.00e+00	0.00e+00	0.00e+00
 2.88916e+16	3.73e-02	9.27e-01	3.56e-02	1.09e-04	0.00e+00	0.00e+00	0.00e+00	0.00e+00
 2.89117e+16	4.14e-02	9.31e-01	2.79e-02	7.00e-05	0.00e+00	0.00e+00	0.00e+00	0.00e+00
 2.89292e+16	4.54e-02	9.32e-01	2.21e-02	4.62e-05	0.00e+00	0.00e+00	0.00e+00	0.00e+00
 2.89438e+16	4.91e-02	9.33e-01	1.81e-02	3.22e-05	0.00e+00	0.00e+00	0.00e+00	0.00e+00
 2.89582e+16	5.30e-02	9.32e-01	1.47e-02	2.21e-05	0.00e+00	0.00e+00	0.00e+00	0.00e+00
 2.89736e+16	5.77e-02	9.31e-01	1.17e-02	1.46e-05	0.00e+00	0.00e+00	0.00e+00	0.00e+00
 2.89882e+16	6.24e-02	9.28e-01	9.30e-03	9.64e-06	0.00e+00	0.00e+00	0.00e+00	0.00e+00
 2.90010e+16	6.73e-02	9.25e-01	7.52e-03	6.58e-06	0.00e+00	0.00e+00	0.00e+00	0.00e+00
 2.90127e+16	7.17e-02	9.22e-01	6.18e-03	4.61e-06	0.00e+00	0.00e+00	0.00e+00	0.00e+00
 2.90232e+16	7.62e-02	9.19e-01	5.14e-03	3.31e-06	0.00e+00	0.00e+00	0.00e+00	0.00e+00
 2.90327e+16	8.04e-02	9.15e-01	4.34e-03	2.43e-06	0.00e+00	0.00e+00	0.00e+00	0.00e+00
 2.90417e+16	8.46e-02	9.12e-01	3.67e-03	1.80e-06	0.00e+00	0.00e+00	0.00e+00	0.00e+00
 2.90485e+16	8.73e-02	9.09e-01	3.24e-03	1.44e-06	0.00e+00	0.00e+00	0.00e+00	0.00e+00
 2.90530e+16	9.00e-02	9.07e-01	2.98e-03	1.24e-06	0.00e+00	0.00e+00	0.00e+00	0.00e+00
 2.90573e+16	9.24e-02	9.05e-01	2.74e-03	1.06e-06	0.00e+00	0.00e+00	0.00e+00	0.00e+00
 2.90624e+16	9.52e-02	9.02e-01	2.48e-03	8.85e-07	0.00e+00	0.00e+00	0.00e+00	0.00e+00
 2.90678e+16	9.83e-02	9.00e-01	2.23e-03	0.00e+00	0.00e+00	0.00e+00	0.00e+00	0.00e+00
 2.90729e+16	1.01e-01	8.97e-01	2.01e-03	0.00e+00	0.00e+00	0.00e+00	0.00e+00	0.00e+00
 2.90777e+16	1.04e-01	8.94e-01	1.82e-03	0.00e+00	0.00e+00	0.00e+00	0.00e+00	0.00e+00
 2.90825e+16	1.07e-01	8.91e-01	1.65e-03	0.00e+00	0.00e+00	0.00e+00	0.00e+00	0.00e+00
 2.90874e+16	1.10e-01	8.88e-01	1.50e-03	0.00e+00	0.00e+00	0.00e+00	0.00e+00	0.00e+00
 2.90921e+16	1.13e-01	8.85e-01	1.35e-03	0.00e+00	0.00e+00	0.00e+00	0.00e+00	0.00e+00
 2.90968e+16	1.17e-01	8.82e-01	1.22e-03	0.00e+00	0.00e+00	0.00e+00	0.00e+00	0.00e+00
 2.91015e+16	1.20e-01	8.79e-01	1.11e-03	0.00e+00	0.00e+00	0.00e+00	0.00e+00	0.00e+00
 2.91061e+16	1.24e-01	8.75e-01	1.00e-03	0.00e+00	0.00e+00	0.00e+00	0.00e+00	0.00e+00
 2.91106e+16	1.27e-01	8.72e-01	9.05e-04	0.00e+00	0.00e+00	0.00e+00	0.00e+00	0.00e+00
 2.91150e+16	1.31e-01	8.69e-01	8.20e-04	0.00e+00	0.00e+00	0.00e+00	0.00e+00	0.00e+00
 2.91195e+16	1.34e-01	8.65e-01	7.41e-04	0.00e+00	0.00e+00	0.00e+00	0.00e+00	0.00e+00
 2.91239e+16	1.38e-01	8.61e-01	6.70e-04	0.00e+00	0.00e+00	0.00e+00	0.00e+00	0.00e+00
 2.91283e+16	1.42e-01	8.57e-01	6.05e-04	0.00e+00	0.00e+00	0.00e+00	0.00e+00	0.00e+00
 2.91325e+16	1.47e-01	8.53e-01	5.47e-04	0.00e+00	0.00e+00	0.00e+00	0.00e+00	0.00e+00
 2.91368e+16	1.51e-01	8.48e-01	4.94e-04	0.00e+00	0.00e+00	0.00e+00	0.00e+00	0.00e+00
 2.91411e+16	1.56e-01	8.44e-01	4.46e-04	0.00e+00	0.00e+00	0.00e+00	0.00e+00	0.00e+00
 2.91452e+16	1.60e-01	8.39e-01	4.03e-04	0.00e+00	0.00e+00	0.00e+00	0.00e+00	0.00e+00
 2.91493e+16	1.65e-01	8.34e-01	3.64e-04	0.00e+00	0.00e+00	0.00e+00	0.00e+00	0.00e+00
 2.91534e+16	1.70e-01	8.29e-01	3.29e-04	0.00e+00	0.00e+00	0.00e+00	0.00e+00	0.00e+00
 2.91574e+16	1.76e-01	8.24e-01	2.97e-04	0.00e+00	0.00e+00	0.00e+00	0.00e+00	0.00e+00
 2.91614e+16	1.82e-01	8.18e-01	2.67e-04	0.00e+00	0.00e+00	0.00e+00	0.00e+00	0.00e+00
 2.91654e+16	1.88e-01	8.12e-01	2.41e-04	0.00e+00	0.00e+00	0.00e+00	0.00e+00	0.00e+00
 2.91692e+16	1.94e-01	8.05e-01	2.18e-04	0.00e+00	0.00e+00	0.00e+00	0.00e+00	0.00e+00
 2.91731e+16	2.01e-01	7.99e-01	1.96e-04	0.00e+00	0.00e+00	0.00e+00	0.00e+00	0.00e+00
 2.91770e+16	2.09e-01	7.91e-01	1.76e-04	0.00e+00	0.00e+00	0.00e+00	0.00e+00	0.00e+00
 2.91807e+16	2.16e-01	7.84e-01	1.59e-04	0.00e+00	0.00e+00	0.00e+00	0.00e+00	0.00e+00
 2.91843e+16	2.24e-01	7.76e-01	1.44e-04	0.00e+00	0.00e+00	0.00e+00	0.00e+00	0.00e+00
 2.91880e+16	2.32e-01	7.68e-01	1.29e-04	0.00e+00	0.00e+00	0.00e+00	0.00e+00	0.00e+00
 2.91915e+16	2.42e-01	7.58e-01	1.17e-04	0.00e+00	0.00e+00	0.00e+00	0.00e+00	0.00e+00
 2.91949e+16	2.52e-01	7.48e-01	1.05e-04	0.00e+00	0.00e+00	0.00e+00	0.00e+00	0.00e+00
 2.91983e+16	2.62e-01	7.38e-01	9.52e-05	0.00e+00	0.00e+00	0.00e+00	0.00e+00	0.00e+00
 2.92016e+16	2.73e-01	7.27e-01	8.58e-05	0.00e+00	0.00e+00	0.00e+00	0.00e+00	0.00e+00
 2.92049e+16	2.84e-01	7.16e-01	7.74e-05	0.00e+00	0.00e+00	0.00e+00	0.00e+00	0.00e+00
 2.92081e+16	2.95e-01	7.05e-01	6.98e-05	0.00e+00	0.00e+00	0.00e+00	0.00e+00	0.00e+00
 2.92113e+16	3.08e-01	6.92e-01	6.28e-05	0.00e+00	0.00e+00	0.00e+00	0.00e+00	0.00e+00
 2.92145e+16	3.22e-01	6.78e-01	5.65e-05	0.00e+00	0.00e+00	0.00e+00	0.00e+00	0.00e+00
 2.92176e+16	3.36e-01	6.64e-01	5.08e-05	0.00e+00	0.00e+00	0.00e+00	0.00e+00	0.00e+00
 2.92206e+16	3.51e-01	6.49e-01	4.57e-05	0.00e+00	0.00e+00	0.00e+00	0.00e+00	0.00e+00
 2.92237e+16	3.67e-01	6.33e-01	4.10e-05	0.00e+00	0.00e+00	0.00e+00	0.00e+00	0.00e+00
 2.92267e+16	3.87e-01	6.13e-01	3.66e-05	0.00e+00	0.00e+00	0.00e+00	0.00e+00	0.00e+00
 2.92296e+16	4.05e-01	5.95e-01	3.27e-05	0.00e+00	0.00e+00	0.00e+00	0.00e+00	0.00e+00
 2.92325e+16	4.23e-01	5.77e-01	2.93e-05	0.00e+00	0.00e+00	0.00e+00	0.00e+00	0.00e+00
 2.92354e+16	4.43e-01	5.57e-01	2.61e-05	0.00e+00	0.00e+00	0.00e+00	0.00e+00	0.00e+00
 2.92382e+16	4.64e-01	5.36e-01	2.32e-05	0.00e+00	0.00e+00	0.00e+00	0.00e+00	0.00e+00
 2.92411e+16	4.86e-01	5.14e-01	2.05e-05	0.00e+00	0.00e+00	0.00e+00	0.00e+00	0.00e+00
 2.92439e+16	5.10e-01	4.90e-01	1.81e-05	0.00e+00	0.00e+00	0.00e+00	0.00e+00	0.00e+00
 2.92467e+16	5.31e-01	4.69e-01	1.61e-05	0.00e+00	0.00e+00	0.00e+00	0.00e+00	0.00e+00
 2.92494e+16	5.55e-01	4.45e-01	1.41e-05	0.00e+00	0.00e+00	0.00e+00	0.00e+00	0.00e+00
 2.92522e+16	5.79e-01	4.21e-01	1.24e-05	0.00e+00	0.00e+00	0.00e+00	0.00e+00	0.00e+00
 2.92550e+16	6.03e-01	3.97e-01	1.08e-05	0.00e+00	0.00e+00	0.00e+00	0.00e+00	0.00e+00
