#depth	N	N+	N+2	N+3	N+4	N+5	N+6	N+7
 1.49634e+10	0.00e+00	1.01e-30	2.40e-22	1.23e-14	6.64e-08	9.99e-01	7.52e-04	0.00e+00
 4.54887e+10	7.74e-40	1.42e-30	3.13e-22	1.49e-14	7.34e-08	9.99e-01	6.84e-04	2.36e-10
 7.72350e+10	0.00e+00	1.99e-30	4.09e-22	1.79e-14	8.10e-08	9.99e-01	6.17e-04	0.00e+00
 1.10251e+11	1.77e-39	2.79e-30	5.33e-22	2.16e-14	8.95e-08	9.99e-01	5.59e-04	0.00e+00
 1.39770e+11	0.00e+00	3.73e-30	6.69e-22	2.54e-14	9.75e-08	9.99e-01	5.13e-04	0.00e+00
 1.63878e+11	3.31e-39	4.68e-30	8.00e-22	2.89e-14	1.04e-07	1.00e+00	4.80e-04	0.00e+00
 1.90150e+11	0.00e+00	5.94e-30	9.67e-22	3.31e-14	1.12e-07	1.00e+00	4.47e-04	0.00e+00
 2.24062e+11	6.35e-39	8.00e-30	1.22e-21	3.91e-14	1.23e-07	1.00e+00	4.08e-04	0.00e+00
 2.60115e+11	0.00e+00	1.08e-29	1.56e-21	4.65e-14	1.35e-07	1.00e+00	3.72e-04	0.00e+00
 2.92056e+11	1.25e-38	1.40e-29	1.91e-21	5.39e-14	1.46e-07	1.00e+00	3.44e-04	0.00e+00
 3.26443e+11	0.00e+00	1.83e-29	2.36e-21	6.28e-14	1.58e-07	1.00e+00	3.17e-04	0.00e+00
 3.67761e+11	2.49e-38	2.48e-29	3.01e-21	7.50e-14	1.74e-07	1.00e+00	2.88e-04	0.00e+00
 4.09292e+11	0.00e+00	3.33e-29	3.81e-21	8.89e-14	1.91e-07	1.00e+00	2.63e-04	0.00e+00
 4.47632e+11	4.84e-38	4.32e-29	4.69e-21	1.03e-13	2.08e-07	1.00e+00	2.43e-04	0.00e+00
 4.90613e+11	0.00e+00	5.72e-29	5.87e-21	1.22e-13	2.27e-07	1.00e+00	2.22e-04	0.00e+00
 5.40164e+11	9.79e-38	7.78e-29	7.52e-21	1.46e-13	2.50e-07	1.00e+00	2.02e-04	0.00e+00
 5.88952e+11	0.00e+00	1.04e-28	9.48e-21	1.73e-13	2.75e-07	1.00e+00	1.84e-04	0.00e+00
 6.39691e+11	1.96e-37	1.39e-28	1.20e-20	2.05e-13	3.01e-07	1.00e+00	1.68e-04	0.00e+00
 6.95205e+11	0.00e+00	1.87e-28	1.52e-20	2.44e-13	3.32e-07	1.00e+00	1.52e-04	0.00e+00
 7.45350e+11	3.83e-37	2.43e-28	1.88e-20	2.85e-13	3.61e-07	1.00e+00	1.40e-04	0.00e+00
 7.85216e+11	0.00e+00	2.97e-28	2.21e-20	3.20e-13	3.86e-07	1.00e+00	1.31e-04	0.00e+00
 8.26664e+11	6.20e-37	3.63e-28	2.59e-20	3.61e-13	4.12e-07	1.00e+00	1.23e-04	0.00e+00
 8.80548e+11	0.00e+00	4.68e-28	3.18e-20	4.19e-13	4.47e-07	1.00e+00	1.14e-04	0.00e+00
 9.37837e+11	1.14e-36	6.05e-28	3.92e-20	4.88e-13	4.86e-07	1.00e+00	1.04e-04	0.00e+00
 9.87995e+11	0.00e+00	7.53e-28	4.67e-20	5.55e-13	5.22e-07	1.00e+00	9.73e-05	0.00e+00
 1.04164e+12	1.95e-36	9.45e-28	5.61e-20	6.34e-13	5.61e-07	1.00e+00	9.05e-05	0.00e+00
 1.10836e+12	0.00e+00	1.24e-27	6.97e-20	7.44e-13	6.13e-07	1.00e+00	8.29e-05	0.00e+00
 1.17618e+12	3.70e-36	1.61e-27	8.63e-20	8.70e-13	6.68e-07	1.00e+00	7.61e-05	0.00e+00
 1.23585e+12	0.00e+00	2.02e-27	1.03e-19	9.93e-13	7.19e-07	1.00e+00	7.08e-05	0.00e+00
 1.30083e+12	6.44e-36	2.56e-27	1.25e-19	1.14e-12	7.76e-07	1.00e+00	6.56e-05	0.00e+00
 1.37267e+12	0.00e+00	3.29e-27	1.53e-19	1.32e-12	8.43e-07	1.00e+00	6.05e-05	0.00e+00
 1.43906e+12	1.14e-35	4.12e-27	1.84e-19	1.51e-12	9.06e-07	1.00e+00	5.63e-05	0.00e+00
 1.51098e+12	0.00e+00	5.22e-27	2.22e-19	1.73e-12	9.78e-07	1.00e+00	5.22e-05	0.00e+00
 1.59110e+12	2.05e-35	6.73e-27	2.73e-19	2.01e-12	1.06e-06	1.00e+00	4.81e-05	0.00e+00
 1.66605e+12	0.00e+00	8.47e-27	3.28e-19	2.30e-12	1.14e-06	1.00e+00	4.47e-05	0.00e+00
 1.74764e+12	3.60e-35	1.08e-26	3.98e-19	2.65e-12	1.24e-06	1.00e+00	4.14e-05	0.00e+00
 1.83836e+12	0.00e+00	1.40e-26	4.90e-19	3.08e-12	1.34e-06	1.00e+00	3.81e-05	0.00e+00
 1.92313e+12	6.50e-35	1.76e-26	5.92e-19	3.53e-12	1.45e-06	1.00e+00	3.54e-05	0.00e+00
 2.01553e+12	0.00e+00	2.26e-26	7.21e-19	4.07e-12	1.56e-06	1.00e+00	3.27e-05	0.00e+00
 2.11882e+12	1.20e-34	2.94e-26	8.93e-19	4.74e-12	1.70e-06	1.00e+00	3.01e-05	0.00e+00
 2.21620e+12	0.00e+00	3.75e-26	1.08e-18	5.45e-12	1.84e-06	1.00e+00	2.79e-05	0.00e+00
 2.32273e+12	2.20e-34	4.86e-26	1.33e-18	6.31e-12	1.99e-06	1.00e+00	2.58e-05	0.00e+00
 2.44208e+12	3.06e-34	6.40e-26	1.66e-18	7.40e-12	2.17e-06	1.00e+00	2.36e-05	0.00e+00
 2.55525e+12	4.15e-34	8.25e-26	2.03e-18	8.55e-12	2.35e-06	1.00e+00	2.18e-05	0.00e+00
 2.67643e+12	5.71e-34	1.07e-25	2.51e-18	9.92e-12	2.55e-06	1.00e+00	2.01e-05	0.00e+00
 2.81342e+12	8.05e-34	1.43e-25	3.15e-18	1.17e-11	2.79e-06	1.00e+00	1.85e-05	0.00e+00
 2.94920e+12	1.12e-33	1.88e-25	3.92e-18	1.36e-11	3.03e-06	1.00e+00	1.70e-05	0.00e+00
 3.09041e+12	1.57e-33	2.48e-25	4.88e-18	1.59e-11	3.29e-06	1.00e+00	1.56e-05	0.00e+00
 3.24396e+12	2.22e-33	3.31e-25	6.13e-18	1.86e-11	3.59e-06	1.00e+00	1.43e-05	0.00e+00
 3.40364e+12	3.18e-33	4.44e-25	7.71e-18	2.19e-11	3.91e-06	1.00e+00	1.32e-05	0.00e+00
 3.55528e+12	4.37e-33	5.78e-25	9.51e-18	2.53e-11	4.23e-06	1.00e+00	1.22e-05	0.00e+00
 3.69180e+12	5.80e-33	7.30e-25	1.14e-17	2.87e-11	4.53e-06	1.00e+00	1.14e-05	0.00e+00
 3.81920e+12	7.48e-33	9.00e-25	1.35e-17	3.22e-11	4.82e-06	1.00e+00	1.07e-05	0.00e+00
 3.95977e+12	9.87e-33	1.13e-24	1.61e-17	3.65e-11	5.15e-06	1.00e+00	1.00e-05	0.00e+00
 4.11776e+12	1.34e-32	1.45e-24	1.95e-17	4.17e-11	5.53e-06	1.00e+00	9.33e-06	0.00e+00
 4.26873e+12	1.77e-32	1.82e-24	2.34e-17	4.72e-11	5.91e-06	1.00e+00	8.74e-06	0.00e+00
 4.43532e+12	2.39e-32	2.33e-24	2.83e-17	5.39e-11	6.33e-06	1.00e+00	8.15e-06	0.00e+00
 4.62102e+12	3.32e-32	3.05e-24	3.48e-17	6.21e-11	6.83e-06	1.00e+00	7.57e-06	0.00e+00
 4.79209e+12	4.43e-32	3.86e-24	4.19e-17	7.05e-11	7.30e-06	1.00e+00	7.08e-06	0.00e+00
 4.95025e+12	5.77e-32	4.79e-24	4.95e-17	7.90e-11	7.75e-06	1.00e+00	6.67e-06	0.00e+00
 5.13107e+12	7.75e-32	6.09e-24	5.95e-17	8.96e-11	8.27e-06	1.00e+00	6.25e-06	0.00e+00
 5.35290e+12	1.11e-31	8.11e-24	7.42e-17	1.04e-10	8.93e-06	1.00e+00	5.79e-06	0.00e+00
 5.57526e+12	1.54e-31	1.06e-23	9.16e-17	1.20e-10	9.64e-06	1.00e+00	5.36e-06	0.00e+00
 5.76892e+12	2.06e-31	1.34e-23	1.10e-16	1.36e-10	1.03e-05	1.00e+00	5.04e-06	0.00e+00
 5.97809e+12	2.79e-31	1.72e-23	1.32e-16	1.54e-10	1.09e-05	1.00e+00	4.72e-06	0.00e+00
 6.23320e+12	4.01e-31	2.31e-23	1.65e-16	1.79e-10	1.18e-05	1.00e+00	4.38e-06	0.00e+00
 6.49293e+12	5.67e-31	3.05e-23	2.05e-16	2.07e-10	1.27e-05	1.00e+00	4.06e-06	0.00e+00
 6.72778e+12	7.74e-31	3.92e-23	2.48e-16	2.36e-10	1.36e-05	1.00e+00	3.80e-06	0.00e+00
 6.98539e+12	1.08e-30	5.13e-23	3.04e-16	2.70e-10	1.46e-05	1.00e+00	3.55e-06	0.00e+00
 7.28857e+12	1.58e-30	6.96e-23	3.82e-16	3.15e-10	1.57e-05	1.00e+00	3.29e-06	0.00e+00
 7.59099e+12	2.25e-30	9.27e-23	4.76e-16	3.65e-10	1.70e-05	1.00e+00	3.05e-06	0.00e+00
 7.87543e+12	3.14e-30	1.21e-22	5.82e-16	4.18e-10	1.82e-05	1.00e+00	2.85e-06	0.00e+00
 8.19029e+12	4.49e-30	1.61e-22	7.22e-16	4.82e-10	1.95e-05	1.00e+00	2.65e-06	0.00e+00
 8.54783e+12	6.65e-30	2.21e-22	9.14e-16	5.64e-10	2.11e-05	1.00e+00	2.45e-06	0.00e+00
 8.90772e+12	9.64e-30	2.97e-22	1.15e-15	6.56e-10	2.28e-05	1.00e+00	2.27e-06	0.00e+00
 9.28201e+12	1.41e-29	4.03e-22	1.44e-15	7.64e-10	2.46e-05	1.00e+00	2.11e-06	0.00e+00
 9.68322e+12	2.10e-29	5.53e-22	1.82e-15	8.94e-10	2.66e-05	1.00e+00	1.95e-06	0.00e+00
 1.01005e+13	3.10e-29	7.56e-22	2.31e-15	1.05e-09	2.87e-05	1.00e+00	1.80e-06	0.00e+00
 1.05033e+13	4.46e-29	1.01e-21	2.87e-15	1.21e-09	3.09e-05	1.00e+00	1.68e-06	0.00e+00
 1.08804e+13	6.20e-29	1.32e-21	3.50e-15	1.38e-09	3.30e-05	1.00e+00	1.57e-06	0.00e+00
 1.12355e+13	8.33e-29	1.67e-21	4.19e-15	1.56e-09	3.50e-05	1.00e+00	1.48e-06	0.00e+00
 1.16220e+13	1.15e-28	2.16e-21	5.08e-15	1.77e-09	3.73e-05	1.00e+00	1.39e-06	0.00e+00
 1.20539e+13	1.62e-28	2.84e-21	6.24e-15	2.03e-09	3.99e-05	1.00e+00	1.30e-06	0.00e+00
 1.24622e+13	2.22e-28	3.65e-21	7.54e-15	2.30e-09	4.25e-05	1.00e+00	1.22e-06	0.00e+00
 1.29103e+13	3.10e-28	4.77e-21	9.21e-15	2.62e-09	4.54e-05	1.00e+00	1.14e-06	0.00e+00
 1.34122e+13	4.39e-28	6.33e-21	1.14e-14	3.03e-09	4.88e-05	1.00e+00	1.06e-06	0.00e+00
 1.38870e+13	6.11e-28	8.24e-21	1.39e-14	3.46e-09	5.21e-05	1.00e+00	9.93e-07	0.00e+00
 1.44071e+13	8.71e-28	1.09e-20	1.72e-14	3.97e-09	5.58e-05	1.00e+00	0.00e+00	0.00e+00
 1.50101e+13	1.28e-27	1.49e-20	2.17e-14	4.65e-09	6.03e-05	1.00e+00	0.00e+00	0.00e+00
 1.55989e+13	1.82e-27	1.98e-20	2.71e-14	5.38e-09	6.49e-05	1.00e+00	0.00e+00	0.00e+00
 1.61549e+13	2.56e-27	2.59e-20	3.31e-14	6.15e-09	6.93e-05	1.00e+00	0.00e+00	0.00e+00
 1.67746e+13	3.59e-27	3.42e-20	4.10e-14	7.10e-09	7.46e-05	1.00e+00	0.00e+00	0.00e+00
 1.74241e+13	5.15e-27	4.57e-20	5.11e-14	8.22e-09	8.02e-05	1.00e+00	0.00e+00	0.00e+00
 1.80019e+13	6.97e-27	5.83e-20	6.16e-14	9.31e-09	8.55e-05	1.00e+00	0.00e+00	0.00e+00
 1.86273e+13	9.70e-27	7.59e-20	7.50e-14	1.06e-08	9.12e-05	1.00e+00	0.00e+00	0.00e+00
 1.93754e+13	1.38e-26	1.01e-19	9.40e-14	1.24e-08	9.86e-05	1.00e+00	0.00e+00	0.00e+00
 2.01104e+13	1.98e-26	1.35e-19	1.17e-13	1.43e-08	1.06e-04	1.00e+00	0.00e+00	0.00e+00
 2.07665e+13	2.63e-26	1.71e-19	1.40e-13	1.62e-08	1.13e-04	1.00e+00	0.00e+00	0.00e+00
 2.14926e+13	3.67e-26	2.23e-19	1.71e-13	1.84e-08	1.21e-04	1.00e+00	0.00e+00	0.00e+00
 2.23561e+13	5.23e-26	2.97e-19	2.15e-13	2.15e-08	1.30e-04	1.00e+00	0.00e+00	0.00e+00
 2.32106e+13	7.39e-26	3.94e-19	2.67e-13	2.49e-08	1.40e-04	1.00e+00	0.00e+00	0.00e+00
 2.39921e+13	1.00e-25	5.05e-19	3.23e-13	2.83e-08	1.50e-04	1.00e+00	0.00e+00	0.00e+00
 2.48660e+13	1.40e-25	6.61e-19	3.98e-13	3.25e-08	1.61e-04	1.00e+00	0.00e+00	0.00e+00
 2.58821e+13	2.02e-25	8.90e-19	5.02e-13	3.80e-08	1.74e-04	1.00e+00	0.00e+00	0.00e+00
 2.68789e+13	2.89e-25	1.19e-18	6.25e-13	4.40e-08	1.87e-04	1.00e+00	0.00e+00	0.00e+00
 2.78207e+13	3.90e-25	1.52e-18	7.62e-13	5.03e-08	2.01e-04	1.00e+00	0.00e+00	0.00e+00
 2.88686e+13	5.50e-25	2.01e-18	9.46e-13	5.82e-08	2.16e-04	1.00e+00	0.00e+00	0.00e+00
 3.00532e+13	8.05e-25	2.74e-18	1.20e-12	6.80e-08	2.34e-04	1.00e+00	0.00e+00	0.00e+00
 3.12386e+13	1.13e-24	3.62e-18	1.50e-12	7.92e-08	2.52e-04	1.00e+00	0.00e+00	0.00e+00
 3.23488e+13	1.58e-24	4.74e-18	1.84e-12	9.08e-08	2.70e-04	1.00e+00	0.00e+00	0.00e+00
 3.35500e+13	2.15e-24	6.15e-18	2.27e-12	1.05e-07	2.91e-04	1.00e+00	0.00e+00	0.00e+00
 3.48926e+13	3.09e-24	8.26e-18	2.85e-12	1.22e-07	3.15e-04	1.00e+00	0.00e+00	0.00e+00
 3.61487e+13	4.32e-24	1.08e-17	3.51e-12	1.40e-07	3.37e-04	1.00e+00	0.00e+00	0.00e+00
 3.73157e+13	5.75e-24	1.37e-17	4.23e-12	1.59e-07	3.60e-04	1.00e+00	0.00e+00	0.00e+00
 3.84365e+13	7.51e-24	1.70e-17	5.02e-12	1.79e-07	3.81e-04	1.00e+00	0.00e+00	0.00e+00
 3.96781e+13	1.00e-23	2.16e-17	6.05e-12	2.02e-07	4.06e-04	1.00e+00	0.00e+00	0.00e+00
 4.10521e+13	1.36e-23	2.78e-17	7.39e-12	2.31e-07	4.35e-04	1.00e+00	0.00e+00	0.00e+00
 4.23329e+13	1.80e-23	3.49e-17	8.84e-12	2.61e-07	4.62e-04	1.00e+00	0.00e+00	0.00e+00
 4.37321e+13	2.41e-23	4.44e-17	1.07e-11	2.97e-07	4.94e-04	1.00e+00	0.00e+00	0.00e+00
 4.53036e+13	3.26e-23	5.71e-17	1.32e-11	3.41e-07	5.30e-04	9.99e-01	0.00e+00	0.00e+00
 4.68014e+13	4.45e-23	7.35e-17	1.59e-11	3.88e-07	5.65e-04	9.99e-01	0.00e+00	0.00e+00
 4.84512e+13	5.97e-23	9.40e-17	1.95e-11	4.44e-07	6.06e-04	9.99e-01	0.00e+00	0.00e+00
 5.02689e+13	8.45e-23	1.25e-16	2.42e-11	5.14e-07	6.52e-04	9.99e-01	0.00e+00	0.00e+00
 5.19429e+13	1.11e-22	1.57e-16	2.94e-11	5.85e-07	6.97e-04	9.99e-01	0.00e+00	0.00e+00
 5.37570e+13	1.53e-22	2.04e-16	3.60e-11	6.70e-07	7.46e-04	9.99e-01	0.00e+00	0.00e+00
 5.57844e+13	2.09e-22	2.65e-16	4.47e-11	7.75e-07	8.04e-04	9.99e-01	0.00e+00	0.00e+00
 5.76902e+13	2.86e-22	3.42e-16	5.44e-11	8.85e-07	8.60e-04	9.99e-01	0.00e+00	0.00e+00
 5.97690e+13	3.85e-22	4.39e-16	6.70e-11	1.02e-06	9.25e-04	9.99e-01	0.00e+00	0.00e+00
 6.20779e+13	5.46e-22	5.84e-16	8.38e-11	1.18e-06	9.98e-04	9.99e-01	0.00e+00	0.00e+00
 6.42369e+13	7.21e-22	7.41e-16	1.02e-10	1.35e-06	1.07e-03	9.99e-01	0.00e+00	0.00e+00
 6.65821e+13	9.91e-22	9.64e-16	1.26e-10	1.56e-06	1.15e-03	9.99e-01	0.00e+00	0.00e+00
 6.92015e+13	1.38e-21	1.27e-15	1.58e-10	1.82e-06	1.25e-03	9.99e-01	0.00e+00	0.00e+00
 7.16881e+13	1.89e-21	1.65e-15	1.95e-10	2.09e-06	1.34e-03	9.99e-01	0.00e+00	0.00e+00
 7.43479e+13	2.54e-21	2.12e-15	2.41e-10	2.42e-06	1.44e-03	9.99e-01	0.00e+00	0.00e+00
 7.73517e+13	3.55e-21	2.82e-15	3.04e-10	2.83e-06	1.57e-03	9.98e-01	0.00e+00	0.00e+00
 8.03083e+13	4.88e-21	3.68e-15	3.79e-10	3.29e-06	1.69e-03	9.98e-01	0.00e+00	0.00e+00
 8.33832e+13	6.82e-21	4.85e-15	4.72e-10	3.82e-06	1.83e-03	9.98e-01	0.00e+00	0.00e+00
 8.67484e+13	9.30e-21	6.35e-15	5.95e-10	4.47e-06	1.99e-03	9.98e-01	0.00e+00	0.00e+00
 9.00684e+13	1.27e-20	8.26e-15	7.40e-10	5.19e-06	2.15e-03	9.98e-01	0.00e+00	0.00e+00
 9.28135e+13	1.64e-20	1.03e-14	8.82e-10	5.85e-06	2.29e-03	9.98e-01	0.00e+00	0.00e+00
 9.50132e+13	1.97e-20	1.20e-14	1.01e-09	6.42e-06	2.41e-03	9.98e-01	0.00e+00	0.00e+00
 9.74491e+13	2.45e-20	1.44e-14	1.17e-09	7.10e-06	2.54e-03	9.97e-01	0.00e+00	0.00e+00
 1.00616e+14	3.15e-20	1.79e-14	1.41e-09	8.06e-06	2.72e-03	9.97e-01	0.00e+00	0.00e+00
 1.04010e+14	4.12e-20	2.26e-14	1.71e-09	9.20e-06	2.92e-03	9.97e-01	0.00e+00	0.00e+00
 1.07020e+14	5.21e-20	2.76e-14	2.02e-09	1.03e-05	3.11e-03	9.97e-01	0.00e+00	0.00e+00
 1.10255e+14	6.56e-20	3.37e-14	2.41e-09	1.16e-05	3.32e-03	9.97e-01	0.00e+00	0.00e+00
 1.14340e+14	8.83e-20	4.34e-14	2.97e-09	1.34e-05	3.59e-03	9.96e-01	0.00e+00	0.00e+00
 1.18485e+14	1.16e-19	5.52e-14	3.66e-09	1.55e-05	3.88e-03	9.96e-01	0.00e+00	0.00e+00
 1.22025e+14	1.47e-19	6.76e-14	4.34e-09	1.74e-05	4.13e-03	9.96e-01	0.00e+00	0.00e+00
 1.25820e+14	1.88e-19	8.35e-14	5.19e-09	1.97e-05	4.42e-03	9.96e-01	0.00e+00	0.00e+00
 1.30540e+14	2.50e-19	1.07e-13	6.43e-09	2.28e-05	4.79e-03	9.95e-01	0.00e+00	0.00e+00
 1.35367e+14	3.33e-19	1.37e-13	7.95e-09	2.63e-05	5.19e-03	9.95e-01	0.00e+00	0.00e+00
 1.39626e+14	4.27e-19	1.70e-13	9.52e-09	2.98e-05	5.56e-03	9.94e-01	0.00e+00	0.00e+00
 1.44241e+14	5.47e-19	2.12e-13	1.15e-08	3.39e-05	5.97e-03	9.94e-01	0.00e+00	0.00e+00
 1.49802e+14	7.33e-19	2.73e-13	1.43e-08	3.94e-05	6.51e-03	9.93e-01	0.00e+00	0.00e+00
 1.55311e+14	9.76e-19	3.50e-13	1.77e-08	4.55e-05	7.04e-03	9.93e-01	0.00e+00	0.00e+00
 1.60239e+14	1.25e-18	4.35e-13	2.13e-08	5.15e-05	7.55e-03	9.92e-01	0.00e+00	0.00e+00
 1.65694e+14	1.62e-18	5.46e-13	2.59e-08	5.88e-05	8.12e-03	9.92e-01	0.00e+00	0.00e+00
 1.72167e+14	2.22e-18	7.15e-13	3.25e-08	6.85e-05	8.85e-03	9.91e-01	0.00e+00	0.00e+00
 1.78569e+14	2.96e-18	9.19e-13	4.03e-08	7.92e-05	9.61e-03	9.90e-01	0.00e+00	0.00e+00
 1.84437e+14	3.81e-18	1.15e-12	4.87e-08	9.01e-05	1.03e-02	9.90e-01	0.00e+00	0.00e+00
 1.91008e+14	5.12e-18	1.47e-12	5.99e-08	1.04e-04	1.11e-02	9.89e-01	0.00e+00	0.00e+00
 1.98631e+14	7.04e-18	1.94e-12	7.56e-08	1.21e-04	1.22e-02	9.88e-01	0.00e+00	0.00e+00
 2.06145e+14	9.54e-18	2.52e-12	9.42e-08	1.40e-04	1.32e-02	9.87e-01	0.00e+00	0.00e+00
 2.13343e+14	1.26e-17	3.22e-12	1.15e-07	1.61e-04	1.42e-02	9.86e-01	0.00e+00	0.00e+00
 2.19643e+14	1.61e-17	3.96e-12	1.37e-07	1.80e-04	1.52e-02	9.85e-01	0.00e+00	0.00e+00
 2.24827e+14	1.95e-17	4.68e-12	1.58e-07	1.98e-04	1.60e-02	9.84e-01	0.00e+00	0.00e+00
 2.30528e+14	2.41e-17	5.60e-12	1.83e-07	2.19e-04	1.69e-02	9.83e-01	0.00e+00	0.00e+00
 2.37938e+14	3.12e-17	7.01e-12	2.21e-07	2.48e-04	1.81e-02	9.82e-01	0.00e+00	0.00e+00
 2.45756e+14	4.03e-17	8.76e-12	2.69e-07	2.82e-04	1.94e-02	9.80e-01	0.00e+00	0.00e+00
 2.52525e+14	5.19e-17	1.08e-11	3.16e-07	3.14e-04	2.06e-02	9.79e-01	0.00e+00	0.00e+00
 2.59749e+14	6.61e-17	1.33e-11	3.75e-07	3.51e-04	2.19e-02	9.78e-01	0.00e+00	0.00e+00
 2.69123e+14	8.96e-17	1.72e-11	4.64e-07	4.04e-04	2.37e-02	9.76e-01	0.00e+00	0.00e+00
 2.78737e+14	1.21e-16	2.22e-11	5.73e-07	4.65e-04	2.56e-02	9.74e-01	0.00e+00	0.00e+00
 2.86762e+14	2.37e-16	2.71e-11	6.80e-07	5.20e-04	2.72e-02	9.72e-01	0.00e+00	0.00e+00
 2.95279e+14	2.14e-16	3.37e-11	8.11e-07	5.84e-04	2.90e-02	9.70e-01	0.00e+00	0.00e+00
 3.06109e+14	3.04e-16	4.47e-11	1.01e-06	6.74e-04	3.14e-02	9.68e-01	0.00e+00	0.00e+00
 3.17473e+14	4.21e-16	5.86e-11	1.26e-06	7.79e-04	3.39e-02	9.65e-01	0.00e+00	0.00e+00
 3.27620e+14	5.60e-16	7.42e-11	1.52e-06	8.82e-04	3.63e-02	9.63e-01	0.00e+00	0.00e+00
 3.38660e+14	7.50e-16	9.48e-11	1.86e-06	1.01e-03	3.89e-02	9.60e-01	0.00e+00	0.00e+00
 3.51813e+14	1.07e-15	1.27e-10	2.34e-06	1.17e-03	4.22e-02	9.57e-01	0.00e+00	0.00e+00
 3.64816e+14	1.48e-15	1.66e-10	2.91e-06	1.35e-03	4.56e-02	9.53e-01	0.00e+00	0.00e+00
 3.76628e+14	1.99e-15	2.12e-10	3.54e-06	1.53e-03	4.87e-02	9.50e-01	0.00e+00	0.00e+00
 3.89792e+14	2.65e-15	2.71e-10	4.35e-06	1.75e-03	5.24e-02	9.46e-01	0.00e+00	0.00e+00
 4.05192e+14	3.90e-15	3.70e-10	5.51e-06	2.05e-03	5.68e-02	9.41e-01	0.00e+00	0.00e+00
 4.20371e+14	5.52e-15	4.91e-10	6.88e-06	2.36e-03	6.13e-02	9.36e-01	0.00e+00	0.00e+00
 4.34669e+14	7.56e-15	6.35e-10	8.43e-06	2.70e-03	6.57e-02	9.32e-01	0.00e+00	0.00e+00
 4.50598e+14	1.03e-14	8.24e-10	1.05e-05	3.11e-03	7.06e-02	9.26e-01	0.00e+00	0.00e+00
 4.68652e+14	1.55e-14	1.14e-09	1.33e-05	3.63e-03	7.66e-02	9.20e-01	0.00e+00	0.00e+00
 4.83771e+14	2.11e-14	1.46e-09	1.61e-05	4.10e-03	8.16e-02	9.14e-01	0.00e+00	0.00e+00
 4.94612e+14	2.60e-14	1.73e-09	1.84e-05	4.48e-03	8.53e-02	9.10e-01	0.00e+00	0.00e+00
 5.05943e+14	3.23e-14	2.06e-09	2.11e-05	4.89e-03	8.93e-02	9.06e-01	0.00e+00	0.00e+00
 5.20672e+14	4.10e-14	2.53e-09	2.50e-05	5.46e-03	9.44e-02	9.00e-01	0.00e+00	0.00e+00
 5.37134e+14	5.72e-14	3.28e-09	3.03e-05	6.17e-03	1.01e-01	8.93e-01	0.00e+00	0.00e+00
 5.52523e+14	7.51e-14	4.08e-09	3.58e-05	6.88e-03	1.06e-01	8.87e-01	0.00e+00	0.00e+00
 5.69205e+14	9.63e-14	5.05e-09	4.28e-05	7.72e-03	1.12e-01	8.80e-01	0.00e+00	0.00e+00
 5.87987e+14	1.37e-13	6.63e-09	5.20e-05	8.75e-03	1.20e-01	8.71e-01	0.00e+00	0.00e+00
 6.05769e+14	1.80e-13	8.31e-09	6.21e-05	9.81e-03	1.27e-01	8.64e-01	0.00e+00	0.00e+00
 6.25153e+14	2.37e-13	1.04e-08	7.48e-05	1.11e-02	1.34e-01	8.55e-01	0.00e+00	0.00e+00
 6.46928e+14	3.44e-13	1.39e-08	9.19e-05	1.26e-02	1.43e-01	8.44e-01	0.00e+00	0.00e+00
 6.67558e+14	4.60e-13	1.77e-08	1.10e-04	1.42e-02	1.52e-01	8.34e-01	0.00e+00	0.00e+00
 6.90124e+14	6.14e-13	2.25e-08	1.34e-04	1.61e-02	1.61e-01	8.23e-01	0.00e+00	0.00e+00
 7.15587e+14	9.10e-13	3.04e-08	1.67e-04	1.84e-02	1.72e-01	8.10e-01	0.00e+00	0.00e+00
 7.39497e+14	1.23e-12	3.90e-08	2.02e-04	2.08e-02	1.82e-01	7.97e-01	0.00e+00	0.00e+00
 7.65256e+14	1.66e-12	4.99e-08	2.46e-04	2.36e-02	1.93e-01	7.83e-01	0.00e+00	0.00e+00
 7.94179e+14	2.48e-12	6.80e-08	3.06e-04	2.70e-02	2.06e-01	7.67e-01	0.00e+00	0.00e+00
 8.21146e+14	3.37e-12	8.73e-08	3.70e-04	3.05e-02	2.17e-01	7.52e-01	0.00e+00	0.00e+00
 8.50135e+14	4.55e-12	1.12e-07	4.51e-04	3.45e-02	2.29e-01	7.36e-01	0.00e+00	0.00e+00
 8.82883e+14	6.83e-12	1.53e-07	5.62e-04	3.96e-02	2.44e-01	7.16e-01	0.00e+00	0.00e+00
 9.13795e+14	9.35e-12	1.97e-07	6.82e-04	4.46e-02	2.56e-01	6.98e-01	0.00e+00	0.00e+00
 9.41957e+14	1.21e-11	2.45e-07	8.08e-04	4.95e-02	2.68e-01	6.82e-01	0.00e+00	0.00e+00
 9.73267e+14	1.64e-11	3.12e-07	9.70e-04	5.54e-02	2.81e-01	6.63e-01	0.00e+00	0.00e+00
 1.00860e+15	2.41e-11	4.19e-07	1.19e-03	6.26e-02	2.95e-01	6.41e-01	0.00e+00	0.00e+00
 1.04196e+15	3.26e-11	5.34e-07	1.42e-03	6.98e-02	3.08e-01	6.21e-01	0.00e+00	0.00e+00
 1.07026e+15	4.18e-11	6.51e-07	1.65e-03	7.62e-02	3.19e-01	6.03e-01	0.00e+00	0.00e+00
 1.09920e+15	5.37e-11	7.94e-07	1.90e-03	8.32e-02	3.29e-01	5.86e-01	0.00e+00	0.00e+00
 1.13681e+15	7.01e-11	9.93e-07	2.27e-03	9.24e-02	3.42e-01	5.63e-01	0.00e+00	0.00e+00
 1.17641e+15	1.00e-10	1.31e-06	2.74e-03	1.03e-01	3.56e-01	5.39e-01	0.00e+00	0.00e+00
 1.20807e+15	1.28e-10	1.59e-06	3.15e-03	1.12e-01	3.65e-01	5.20e-01	0.00e+00	0.00e+00
 1.23871e+15	1.60e-10	1.90e-06	3.59e-03	1.21e-01	3.74e-01	5.02e-01	0.00e+00	0.00e+00
 1.27854e+15	2.06e-10	2.34e-06	4.23e-03	1.32e-01	3.84e-01	4.79e-01	0.00e+00	0.00e+00
 1.32291e+15	2.92e-10	3.06e-06	5.06e-03	1.46e-01	3.96e-01	4.53e-01	0.00e+00	0.00e+00
 1.36187e+15	3.75e-10	3.74e-06	5.85e-03	1.59e-01	4.04e-01	4.31e-01	0.00e+00	0.00e+00
 1.40119e+15	4.70e-10	4.51e-06	6.74e-03	1.71e-01	4.12e-01	4.10e-01	0.00e+00	0.00e+00
 1.45190e+15	6.73e-10	5.93e-06	8.08e-03	1.89e-01	4.21e-01	3.82e-01	0.00e+00	0.00e+00
 1.50297e+15	8.98e-10	7.47e-06	9.55e-03	2.06e-01	4.27e-01	3.57e-01	0.00e+00	0.00e+00
 1.54492e+15	1.11e-09	8.91e-06	1.09e-02	2.21e-01	4.31e-01	3.37e-01	0.00e+00	0.00e+00
 1.58944e+15	1.42e-09	1.08e-05	1.25e-02	2.37e-01	4.35e-01	3.16e-01	0.00e+00	0.00e+00
 1.64692e+15	2.03e-09	1.41e-05	1.48e-02	2.58e-01	4.38e-01	2.89e-01	0.00e+00	0.00e+00
 1.70420e+15	2.67e-09	1.76e-05	1.73e-02	2.78e-01	4.39e-01	2.66e-01	0.00e+00	0.00e+00
 1.75037e+15	3.28e-09	2.08e-05	1.95e-02	2.94e-01	4.38e-01	2.48e-01	0.00e+00	0.00e+00
 1.79909e+15	4.14e-09	2.50e-05	2.21e-02	3.12e-01	4.37e-01	2.29e-01	0.00e+00	0.00e+00
 1.86242e+15	5.83e-09	3.23e-05	2.59e-02	3.35e-01	4.33e-01	2.06e-01	0.00e+00	0.00e+00
 1.92480e+15	7.65e-09	4.00e-05	2.98e-02	3.56e-01	4.28e-01	1.86e-01	0.00e+00	0.00e+00
 1.97346e+15	9.44e-09	4.70e-05	3.32e-02	3.72e-01	4.23e-01	1.72e-01	0.00e+00	0.00e+00
 2.01551e+15	1.13e-08	5.40e-05	3.63e-02	3.86e-01	4.18e-01	1.60e-01	0.00e+00	0.00e+00
 2.06147e+15	1.35e-08	6.22e-05	3.99e-02	4.01e-01	4.11e-01	1.48e-01	0.00e+00	0.00e+00
 2.12121e+15	1.75e-08	7.56e-05	4.51e-02	4.19e-01	4.02e-01	1.33e-01	0.00e+00	0.00e+00
 2.18629e+15	2.22e-08	9.10e-05	5.10e-02	4.38e-01	3.91e-01	1.19e-01	0.00e+00	0.00e+00
 2.24606e+15	2.83e-08	1.09e-04	5.71e-02	4.55e-01	3.81e-01	1.07e-01	0.00e+00	0.00e+00
 2.29988e+15	3.46e-08	1.27e-04	6.27e-02	4.70e-01	3.71e-01	9.68e-02	0.00e+00	0.00e+00
 2.34903e+15	4.13e-08	1.46e-04	6.83e-02	4.82e-01	3.61e-01	8.84e-02	0.00e+00	0.00e+00
 2.40375e+15	4.98e-08	1.68e-04	7.48e-02	4.95e-01	3.50e-01	8.00e-02	0.00e+00	0.00e+00
 2.46486e+15	6.25e-08	2.00e-04	8.27e-02	5.09e-01	3.37e-01	7.11e-02	0.00e+00	0.00e+00
 2.52013e+15	7.55e-08	2.30e-04	9.02e-02	5.20e-01	3.25e-01	6.40e-02	0.00e+00	0.00e+00
 2.57007e+15	8.88e-08	2.60e-04	9.72e-02	5.30e-01	3.14e-01	5.82e-02	0.00e+00	0.00e+00
 2.62725e+15	1.05e-07	2.95e-04	1.06e-01	5.40e-01	3.02e-01	5.23e-02	0.00e+00	0.00e+00
 2.70158e+15	1.41e-07	3.67e-04	1.18e-01	5.52e-01	2.85e-01	4.46e-02	0.00e+00	0.00e+00
 2.77732e+15	1.79e-07	4.39e-04	1.31e-01	5.61e-01	2.69e-01	3.83e-02	0.00e+00	0.00e+00
 2.84089e+15	2.10e-07	4.97e-04	1.43e-01	5.68e-01	2.55e-01	3.39e-02	0.00e+00	0.00e+00
 2.90954e+15	2.61e-07	5.84e-04	1.57e-01	5.74e-01	2.40e-01	2.93e-02	0.00e+00	0.00e+00
 2.98411e+15	3.54e-07	7.25e-04	1.74e-01	5.78e-01	2.23e-01	2.45e-02	0.00e+00	0.00e+00
 3.04168e+15	4.20e-07	8.24e-04	1.86e-01	5.80e-01	2.11e-01	2.17e-02	0.00e+00	0.00e+00
 3.09178e+15	4.97e-07	9.31e-04	1.99e-01	5.81e-01	2.00e-01	1.93e-02	0.00e+00	0.00e+00
 3.15692e+15	6.05e-07	1.08e-03	2.15e-01	5.80e-01	1.87e-01	1.66e-02	0.00e+00	0.00e+00
 3.22592e+15	7.68e-07	1.28e-03	2.35e-01	5.78e-01	1.72e-01	1.40e-02	0.00e+00	0.00e+00
 3.28185e+15	9.05e-07	1.44e-03	2.50e-01	5.75e-01	1.61e-01	1.22e-02	0.00e+00	0.00e+00
 3.32549e+15	1.05e-06	1.60e-03	2.63e-01	5.71e-01	1.53e-01	1.09e-02	0.00e+00	0.00e+00
 3.36480e+15	1.19e-06	1.76e-03	2.76e-01	5.68e-01	1.45e-01	9.82e-03	0.00e+00	0.00e+00
 3.40944e+15	1.34e-06	1.93e-03	2.90e-01	5.63e-01	1.37e-01	8.75e-03	0.00e+00	0.00e+00
 3.46748e+15	1.72e-06	2.30e-03	3.12e-01	5.54e-01	1.25e-01	7.30e-03	0.00e+00	0.00e+00
 3.51854e+15	2.03e-06	2.59e-03	3.29e-01	5.46e-01	1.16e-01	6.33e-03	0.00e+00	0.00e+00
 3.55186e+15	2.28e-06	2.81e-03	3.42e-01	5.39e-01	1.10e-01	5.72e-03	0.00e+00	0.00e+00
 3.58652e+15	2.59e-06	3.08e-03	3.56e-01	5.32e-01	1.04e-01	5.11e-03	0.00e+00	0.00e+00
 3.63159e+15	2.90e-06	3.35e-03	3.73e-01	5.23e-01	9.65e-02	4.48e-03	0.00e+00	0.00e+00
 3.69017e+15	3.84e-06	4.07e-03	4.00e-01	5.07e-01	8.60e-02	3.59e-03	0.00e+00	0.00e+00
 3.73931e+15	4.53e-06	4.58e-03	4.20e-01	4.94e-01	7.85e-02	3.04e-03	0.00e+00	0.00e+00
 3.76836e+15	5.06e-06	4.95e-03	4.33e-01	4.85e-01	7.40e-02	2.73e-03	0.00e+00	0.00e+00
 3.79830e+15	5.71e-06	5.40e-03	4.47e-01	4.76e-01	6.93e-02	2.42e-03	0.00e+00	0.00e+00
 3.83723e+15	6.35e-06	5.84e-03	4.64e-01	4.64e-01	6.39e-02	2.11e-03	0.00e+00	0.00e+00
 3.88783e+15	8.27e-06	7.00e-03	4.91e-01	4.44e-01	5.61e-02	1.66e-03	0.00e+00	0.00e+00
 3.93153e+15	9.28e-06	7.62e-03	5.10e-01	4.30e-01	5.09e-02	1.41e-03	0.00e+00	0.00e+00
 3.96625e+15	1.15e-05	8.80e-03	5.30e-01	4.14e-01	4.58e-02	1.16e-03	0.00e+00	0.00e+00
 3.99976e+15	1.32e-05	9.70e-03	5.47e-01	4.01e-01	4.18e-02	9.91e-04	0.00e+00	0.00e+00
 4.03167e+15	1.51e-05	1.07e-02	5.63e-01	3.88e-01	3.80e-02	8.43e-04	0.00e+00	0.00e+00
 4.07316e+15	1.83e-05	1.22e-02	5.85e-01	3.69e-01	3.33e-02	6.71e-04	0.00e+00	0.00e+00
 4.11407e+15	2.11e-05	1.35e-02	6.04e-01	3.53e-01	2.94e-02	5.44e-04	0.00e+00	0.00e+00
 4.14799e+15	2.62e-05	1.56e-02	6.23e-01	3.35e-01	2.58e-02	4.31e-04	0.00e+00	0.00e+00
 4.17632e+15	2.99e-05	1.71e-02	6.37e-01	3.23e-01	2.33e-02	3.63e-04	0.00e+00	0.00e+00
 4.19695e+15	3.30e-05	1.83e-02	6.47e-01	3.13e-01	2.16e-02	3.18e-04	0.00e+00	0.00e+00
 4.21709e+15	3.66e-05	1.96e-02	6.57e-01	3.04e-01	1.99e-02	2.77e-04	0.00e+00	0.00e+00
 4.23976e+15	3.97e-05	2.08e-02	6.66e-01	2.94e-01	1.83e-02	2.41e-04	0.00e+00	0.00e+00
 4.26571e+15	4.69e-05	2.32e-02	6.80e-01	2.81e-01	1.62e-02	1.96e-04	0.00e+00	0.00e+00
 4.28930e+15	5.11e-05	2.47e-02	6.89e-01	2.71e-01	1.48e-02	1.69e-04	0.00e+00	0.00e+00
 4.30982e+15	5.83e-05	2.69e-02	6.99e-01	2.61e-01	1.34e-02	1.42e-04	0.00e+00	0.00e+00
 4.33076e+15	6.48e-05	2.89e-02	7.07e-01	2.51e-01	1.22e-02	1.21e-04	0.00e+00	0.00e+00
 4.35225e+15	7.27e-05	3.13e-02	7.16e-01	2.41e-01	1.09e-02	1.01e-04	0.00e+00	0.00e+00
 4.37574e+15	8.21e-05	3.40e-02	7.25e-01	2.31e-01	9.75e-03	8.37e-05	0.00e+00	0.00e+00
 4.39711e+15	9.18e-05	3.66e-02	7.33e-01	2.21e-01	8.76e-03	7.00e-05	0.00e+00	0.00e+00
 4.41698e+15	1.02e-04	3.92e-02	7.40e-01	2.13e-01	7.90e-03	5.90e-05	0.00e+00	0.00e+00
 4.43961e+15	1.15e-04	4.26e-02	7.47e-01	2.03e-01	6.99e-03	4.80e-05	0.00e+00	0.00e+00
 4.46400e+15	1.31e-04	4.64e-02	7.54e-01	1.93e-01	6.12e-03	3.85e-05	0.00e+00	0.00e+00
 4.48532e+15	1.46e-04	4.99e-02	7.60e-01	1.85e-01	5.44e-03	3.18e-05	0.00e+00	0.00e+00
 4.50768e+15	1.65e-04	5.40e-02	7.66e-01	1.75e-01	4.77e-03	2.55e-05	0.00e+00	0.00e+00
 4.53187e+15	1.87e-04	5.87e-02	7.71e-01	1.66e-01	4.15e-03	2.03e-05	0.00e+00	0.00e+00
 4.55386e+15	2.09e-04	6.33e-02	7.75e-01	1.58e-01	3.64e-03	1.63e-05	0.00e+00	0.00e+00
 4.57452e+15	2.33e-04	6.79e-02	7.78e-01	1.51e-01	3.21e-03	1.33e-05	0.00e+00	0.00e+00
 4.59805e+15	2.64e-04	7.37e-02	7.81e-01	1.42e-01	2.76e-03	1.04e-05	0.00e+00	0.00e+00
 4.62360e+15	3.01e-04	8.03e-02	7.83e-01	1.34e-01	2.35e-03	7.97e-06	0.00e+00	0.00e+00
 4.64639e+15	3.39e-04	8.66e-02	7.85e-01	1.26e-01	2.03e-03	6.28e-06	0.00e+00	0.00e+00
 4.67064e+15	3.85e-04	9.40e-02	7.86e-01	1.18e-01	1.73e-03	4.81e-06	0.00e+00	0.00e+00
 4.69695e+15	4.41e-04	1.03e-01	7.85e-01	1.10e-01	1.45e-03	3.62e-06	0.00e+00	0.00e+00
 4.72073e+15	4.97e-04	1.11e-01	7.84e-01	1.03e-01	1.23e-03	2.79e-06	0.00e+00	0.00e+00
 4.74294e+15	5.58e-04	1.19e-01	7.82e-01	9.72e-02	1.05e-03	2.17e-06	0.00e+00	0.00e+00
 4.76831e+15	6.37e-04	1.30e-01	7.79e-01	9.03e-02	8.77e-04	1.61e-06	0.00e+00	0.00e+00
 4.79624e+15	7.35e-04	1.42e-01	7.74e-01	8.30e-02	7.16e-04	1.17e-06	0.00e+00	0.00e+00
 4.82156e+15	8.37e-04	1.54e-01	7.68e-01	7.68e-02	5.95e-04	8.67e-07	0.00e+00	0.00e+00
 4.84488e+15	9.46e-04	1.66e-01	7.62e-01	7.12e-02	4.98e-04	0.00e+00	0.00e+00	0.00e+00
 4.87152e+15	1.09e-03	1.80e-01	7.53e-01	6.51e-02	4.04e-04	0.00e+00	0.00e+00	0.00e+00
 4.90100e+15	1.27e-03	1.98e-01	7.42e-01	5.87e-02	3.20e-04	0.00e+00	0.00e+00	0.00e+00
 4.92814e+15	1.46e-03	2.16e-01	7.29e-01	5.32e-02	2.57e-04	0.00e+00	0.00e+00	0.00e+00
 4.95343e+15	1.67e-03	2.34e-01	7.16e-01	4.83e-02	2.08e-04	0.00e+00	0.00e+00	0.00e+00
 4.98235e+15	1.95e-03	2.56e-01	6.99e-01	4.29e-02	1.61e-04	0.00e+00	0.00e+00	0.00e+00
 5.01406e+15	2.31e-03	2.83e-01	6.77e-01	3.74e-02	1.21e-04	0.00e+00	0.00e+00	0.00e+00
 5.04341e+15	2.71e-03	3.09e-01	6.55e-01	3.28e-02	9.29e-05	0.00e+00	0.00e+00	0.00e+00
 5.07558e+15	3.23e-03	3.42e-01	6.27e-01	2.79e-02	6.76e-05	0.00e+00	0.00e+00	0.00e+00
 5.11057e+15	3.93e-03	3.80e-01	5.92e-01	2.32e-02	4.73e-05	0.00e+00	0.00e+00	0.00e+00
 5.14150e+15	4.68e-03	4.17e-01	5.58e-01	1.94e-02	3.40e-05	0.00e+00	0.00e+00	0.00e+00
 5.16899e+15	5.46e-03	4.52e-01	5.26e-01	1.63e-02	2.50e-05	0.00e+00	0.00e+00	0.00e+00
 5.19977e+15	6.50e-03	4.93e-01	4.87e-01	1.32e-02	1.72e-05	0.00e+00	0.00e+00	0.00e+00
 5.23331e+15	7.89e-03	5.41e-01	4.41e-01	1.03e-02	1.13e-05	0.00e+00	0.00e+00	0.00e+00
 5.26298e+15	9.39e-03	5.85e-01	3.97e-01	8.06e-03	7.49e-06	0.00e+00	0.00e+00	0.00e+00
 5.28915e+15	1.10e-02	6.25e-01	3.58e-01	6.35e-03	5.10e-06	0.00e+00	0.00e+00	0.00e+00
 5.31819e+15	1.31e-02	6.69e-01	3.14e-01	4.75e-03	3.22e-06	0.00e+00	0.00e+00	0.00e+00
 5.34668e+15	1.55e-02	7.11e-01	2.70e-01	3.48e-03	1.99e-06	0.00e+00	0.00e+00	0.00e+00
 5.36718e+15	1.75e-02	7.40e-01	2.39e-01	2.73e-03	1.39e-06	0.00e+00	0.00e+00	0.00e+00
 5.38379e+15	1.94e-02	7.63e-01	2.15e-01	2.21e-03	1.01e-06	0.00e+00	0.00e+00	0.00e+00
 5.40258e+15	2.18e-02	7.88e-01	1.89e-01	1.71e-03	6.91e-07	0.00e+00	0.00e+00	0.00e+00
 5.42339e+15	2.49e-02	8.13e-01	1.61e-01	1.26e-03	0.00e+00	0.00e+00	0.00e+00	0.00e+00
 5.44189e+15	2.80e-02	8.33e-01	1.38e-01	9.45e-04	0.00e+00	0.00e+00	0.00e+00	0.00e+00
 5.45760e+15	3.09e-02	8.48e-01	1.20e-01	7.32e-04	0.00e+00	0.00e+00	0.00e+00	0.00e+00
 5.47456e+15	3.46e-02	8.62e-01	1.03e-01	5.44e-04	0.00e+00	0.00e+00	0.00e+00	0.00e+00
 5.49297e+15	3.90e-02	8.76e-01	8.50e-02	3.88e-04	0.00e+00	0.00e+00	0.00e+00	0.00e+00
 5.50895e+15	4.35e-02	8.85e-01	7.14e-02	2.84e-04	0.00e+00	0.00e+00	0.00e+00	0.00e+00
 5.52267e+15	4.79e-02	8.91e-01	6.10e-02	2.14e-04	0.00e+00	0.00e+00	0.00e+00	0.00e+00
 5.53780e+15	5.33e-02	8.96e-01	5.08e-02	1.55e-04	0.00e+00	0.00e+00	0.00e+00	0.00e+00
 5.55441e+15	6.00e-02	8.99e-01	4.11e-02	1.07e-04	0.00e+00	0.00e+00	0.00e+00	0.00e+00
 5.56926e+15	6.70e-02	8.99e-01	3.36e-02	7.49e-05	0.00e+00	0.00e+00	0.00e+00	0.00e+00
 5.58223e+15	7.38e-02	8.98e-01	2.80e-02	5.45e-05	0.00e+00	0.00e+00	0.00e+00	0.00e+00
 5.59646e+15	8.23e-02	8.95e-01	2.27e-02	3.78e-05	0.00e+00	0.00e+00	0.00e+00	0.00e+00
 5.61232e+15	9.29e-02	8.89e-01	1.78e-02	2.48e-05	0.00e+00	0.00e+00	0.00e+00	0.00e+00
 5.62696e+15	1.05e-01	8.81e-01	1.40e-02	1.65e-05	0.00e+00	0.00e+00	0.00e+00	0.00e+00
 5.64024e+15	1.16e-01	8.73e-01	1.12e-02	1.13e-05	0.00e+00	0.00e+00	0.00e+00	0.00e+00
 5.65327e+15	1.29e-01	8.62e-01	8.92e-03	7.63e-06	0.00e+00	0.00e+00	0.00e+00	0.00e+00
 5.66643e+15	1.43e-01	8.50e-01	7.06e-03	5.11e-06	0.00e+00	0.00e+00	0.00e+00	0.00e+00
 5.67838e+15	1.58e-01	8.37e-01	5.65e-03	3.51e-06	0.00e+00	0.00e+00	0.00e+00	0.00e+00
 5.68858e+15	1.71e-01	8.25e-01	4.66e-03	2.53e-06	0.00e+00	0.00e+00	0.00e+00	0.00e+00
 5.69795e+15	1.83e-01	8.13e-01	3.88e-03	1.86e-06	0.00e+00	0.00e+00	0.00e+00	0.00e+00
 5.70708e+15	1.97e-01	8.00e-01	3.24e-03	1.37e-06	0.00e+00	0.00e+00	0.00e+00	0.00e+00
 5.71432e+15	2.08e-01	7.89e-01	2.81e-03	1.08e-06	0.00e+00	0.00e+00	0.00e+00	0.00e+00
 5.71899e+15	2.15e-01	7.83e-01	2.56e-03	9.20e-07	0.00e+00	0.00e+00	0.00e+00	0.00e+00
 5.72324e+15	2.22e-01	7.76e-01	2.34e-03	0.00e+00	0.00e+00	0.00e+00	0.00e+00	0.00e+00
 5.72823e+15	2.30e-01	7.67e-01	2.11e-03	0.00e+00	0.00e+00	0.00e+00	0.00e+00	0.00e+00
 5.73375e+15	2.40e-01	7.58e-01	1.88e-03	0.00e+00	0.00e+00	0.00e+00	0.00e+00	0.00e+00
 5.73916e+15	2.49e-01	7.49e-01	1.68e-03	0.00e+00	0.00e+00	0.00e+00	0.00e+00	0.00e+00
 5.74423e+15	2.58e-01	7.40e-01	1.51e-03	0.00e+00	0.00e+00	0.00e+00	0.00e+00	0.00e+00
 5.74922e+15	2.67e-01	7.31e-01	1.36e-03	0.00e+00	0.00e+00	0.00e+00	0.00e+00	0.00e+00
 5.75434e+15	2.77e-01	7.22e-01	1.21e-03	0.00e+00	0.00e+00	0.00e+00	0.00e+00	0.00e+00
 5.75941e+15	2.86e-01	7.13e-01	1.09e-03	0.00e+00	0.00e+00	0.00e+00	0.00e+00	0.00e+00
 5.76443e+15	2.96e-01	7.03e-01	9.75e-04	0.00e+00	0.00e+00	0.00e+00	0.00e+00	0.00e+00
 5.76951e+15	3.06e-01	6.94e-01	8.71e-04	0.00e+00	0.00e+00	0.00e+00	0.00e+00	0.00e+00
 5.77457e+15	3.16e-01	6.84e-01	7.79e-04	0.00e+00	0.00e+00	0.00e+00	0.00e+00	0.00e+00
 5.77959e+15	3.26e-01	6.74e-01	6.96e-04	0.00e+00	0.00e+00	0.00e+00	0.00e+00	0.00e+00
 5.78462e+15	3.36e-01	6.64e-01	6.23e-04	0.00e+00	0.00e+00	0.00e+00	0.00e+00	0.00e+00
 5.78969e+15	3.46e-01	6.53e-01	5.55e-04	0.00e+00	0.00e+00	0.00e+00	0.00e+00	0.00e+00
 5.79482e+15	3.56e-01	6.43e-01	4.94e-04	0.00e+00	0.00e+00	0.00e+00	0.00e+00	0.00e+00
 5.79981e+15	3.67e-01	6.33e-01	4.42e-04	0.00e+00	0.00e+00	0.00e+00	0.00e+00	0.00e+00
 5.80478e+15	3.77e-01	6.22e-01	3.95e-04	0.00e+00	0.00e+00	0.00e+00	0.00e+00	0.00e+00
 5.80990e+15	3.88e-01	6.12e-01	3.51e-04	0.00e+00	0.00e+00	0.00e+00	0.00e+00	0.00e+00
 5.81502e+15	3.99e-01	6.01e-01	3.12e-04	0.00e+00	0.00e+00	0.00e+00	0.00e+00	0.00e+00
 5.82014e+15	4.09e-01	5.90e-01	2.78e-04	0.00e+00	0.00e+00	0.00e+00	0.00e+00	0.00e+00
 5.82528e+15	4.21e-01	5.79e-01	2.47e-04	0.00e+00	0.00e+00	0.00e+00	0.00e+00	0.00e+00
 5.83048e+15	4.31e-01	5.68e-01	2.19e-04	0.00e+00	0.00e+00	0.00e+00	0.00e+00	0.00e+00
 5.83572e+15	4.43e-01	5.57e-01	1.95e-04	0.00e+00	0.00e+00	0.00e+00	0.00e+00	0.00e+00
 5.84097e+15	4.55e-01	5.45e-01	1.73e-04	0.00e+00	0.00e+00	0.00e+00	0.00e+00	0.00e+00
 5.84633e+15	4.66e-01	5.34e-01	1.53e-04	0.00e+00	0.00e+00	0.00e+00	0.00e+00	0.00e+00
 5.85175e+15	4.77e-01	5.22e-01	1.36e-04	0.00e+00	0.00e+00	0.00e+00	0.00e+00	0.00e+00
 5.85720e+15	4.89e-01	5.11e-01	1.20e-04	0.00e+00	0.00e+00	0.00e+00	0.00e+00	0.00e+00
 5.86262e+15	5.01e-01	4.99e-01	1.07e-04	0.00e+00	0.00e+00	0.00e+00	0.00e+00	0.00e+00
 5.86806e+15	5.13e-01	4.87e-01	9.52e-05	0.00e+00	0.00e+00	0.00e+00	0.00e+00	0.00e+00
 5.87357e+15	5.25e-01	4.75e-01	8.47e-05	0.00e+00	0.00e+00	0.00e+00	0.00e+00	0.00e+00
 5.87917e+15	5.37e-01	4.63e-01	7.54e-05	0.00e+00	0.00e+00	0.00e+00	0.00e+00	0.00e+00
 5.88486e+15	5.49e-01	4.51e-01	6.71e-05	0.00e+00	0.00e+00	0.00e+00	0.00e+00	0.00e+00
 5.89066e+15	5.61e-01	4.39e-01	5.99e-05	0.00e+00	0.00e+00	0.00e+00	0.00e+00	0.00e+00
 5.89664e+15	5.74e-01	4.26e-01	5.34e-05	0.00e+00	0.00e+00	0.00e+00	0.00e+00	0.00e+00
 5.90283e+15	5.86e-01	4.14e-01	4.76e-05	0.00e+00	0.00e+00	0.00e+00	0.00e+00	0.00e+00
 5.90927e+15	5.99e-01	4.01e-01	4.25e-05	0.00e+00	0.00e+00	0.00e+00	0.00e+00	0.00e+00
 5.91602e+15	6.13e-01	3.87e-01	3.79e-05	0.00e+00	0.00e+00	0.00e+00	0.00e+00	0.00e+00
 5.92307e+15	6.27e-01	3.73e-01	3.38e-05	0.00e+00	0.00e+00	0.00e+00	0.00e+00	0.00e+00
 5.93053e+15	6.40e-01	3.60e-01	3.02e-05	0.00e+00	0.00e+00	0.00e+00	0.00e+00	0.00e+00
 5.93862e+15	6.55e-01	3.45e-01	2.69e-05	0.00e+00	0.00e+00	0.00e+00	0.00e+00	0.00e+00
 5.94743e+15	6.68e-01	3.32e-01	2.40e-05	0.00e+00	0.00e+00	0.00e+00	0.00e+00	0.00e+00
 5.95720e+15	6.83e-01	3.17e-01	2.13e-05	0.00e+00	0.00e+00	0.00e+00	0.00e+00	0.00e+00
 5.96805e+15	6.97e-01	3.03e-01	1.90e-05	0.00e+00	0.00e+00	0.00e+00	0.00e+00	0.00e+00
 5.97924e+15	7.12e-01	2.88e-01	1.70e-05	0.00e+00	0.00e+00	0.00e+00	0.00e+00	0.00e+00
 5.99028e+15	7.25e-01	2.75e-01	1.53e-05	0.00e+00	0.00e+00	0.00e+00	0.00e+00	0.00e+00
 6.00182e+15	7.37e-01	2.63e-01	1.39e-05	0.00e+00	0.00e+00	0.00e+00	0.00e+00	0.00e+00
 6.01443e+15	7.48e-01	2.52e-01	1.27e-05	0.00e+00	0.00e+00	0.00e+00	0.00e+00	0.00e+00
 6.02789e+15	7.61e-01	2.39e-01	1.15e-05	0.00e+00	0.00e+00	0.00e+00	0.00e+00	0.00e+00
 6.04220e+15	7.72e-01	2.28e-01	1.05e-05	0.00e+00	0.00e+00	0.00e+00	0.00e+00	0.00e+00
 6.05720e+15	7.83e-01	2.17e-01	9.49e-06	0.00e+00	0.00e+00	0.00e+00	0.00e+00	0.00e+00
 6.07245e+15	7.95e-01	2.05e-01	8.60e-06	0.00e+00	0.00e+00	0.00e+00	0.00e+00	0.00e+00
 6.08838e+15	8.05e-01	1.95e-01	7.82e-06	0.00e+00	0.00e+00	0.00e+00	0.00e+00	0.00e+00
 6.10448e+15	8.16e-01	1.84e-01	7.09e-06	0.00e+00	0.00e+00	0.00e+00	0.00e+00	0.00e+00
 6.12021e+15	8.26e-01	1.74e-01	6.42e-06	0.00e+00	0.00e+00	0.00e+00	0.00e+00	0.00e+00
 6.13616e+15	8.35e-01	1.65e-01	5.85e-06	0.00e+00	0.00e+00	0.00e+00	0.00e+00	0.00e+00
 6.15204e+15	8.45e-01	1.55e-01	5.29e-06	0.00e+00	0.00e+00	0.00e+00	0.00e+00	0.00e+00
 6.16779e+15	8.53e-01	1.47e-01	4.82e-06	0.00e+00	0.00e+00	0.00e+00	0.00e+00	0.00e+00
 6.18320e+15	8.62e-01	1.38e-01	4.37e-06	0.00e+00	0.00e+00	0.00e+00	0.00e+00	0.00e+00
 6.19813e+15	8.69e-01	1.31e-01	3.98e-06	0.00e+00	0.00e+00	0.00e+00	0.00e+00	0.00e+00
 6.21326e+15	8.76e-01	1.24e-01	3.63e-06	0.00e+00	0.00e+00	0.00e+00	0.00e+00	0.00e+00
 6.22792e+15	8.84e-01	1.16e-01	3.30e-06	0.00e+00	0.00e+00	0.00e+00	0.00e+00	0.00e+00
 6.24207e+15	8.90e-01	1.10e-01	3.02e-06	0.00e+00	0.00e+00	0.00e+00	0.00e+00	0.00e+00
 6.25629e+15	8.96e-01	1.04e-01	2.75e-06	0.00e+00	0.00e+00	0.00e+00	0.00e+00	0.00e+00
 6.27037e+15	9.02e-01	9.76e-02	2.51e-06	0.00e+00	0.00e+00	0.00e+00	0.00e+00	0.00e+00
 6.28413e+15	9.08e-01	9.21e-02	2.30e-06	0.00e+00	0.00e+00	0.00e+00	0.00e+00	0.00e+00
 6.29759e+15	9.13e-01	8.69e-02	2.10e-06	0.00e+00	0.00e+00	0.00e+00	0.00e+00	0.00e+00
 6.31084e+15	9.18e-01	8.20e-02	1.93e-06	0.00e+00	0.00e+00	0.00e+00	0.00e+00	0.00e+00
 6.32394e+15	9.23e-01	7.73e-02	1.77e-06	0.00e+00	0.00e+00	0.00e+00	0.00e+00	0.00e+00
 6.33688e+15	9.27e-01	7.30e-02	1.62e-06	0.00e+00	0.00e+00	0.00e+00	0.00e+00	0.00e+00
 6.34962e+15	9.31e-01	6.89e-02	1.49e-06	0.00e+00	0.00e+00	0.00e+00	0.00e+00	0.00e+00
 6.36218e+15	9.35e-01	6.50e-02	1.37e-06	0.00e+00	0.00e+00	0.00e+00	0.00e+00	0.00e+00
 6.37456e+15	9.39e-01	6.14e-02	1.26e-06	0.00e+00	0.00e+00	0.00e+00	0.00e+00	0.00e+00
 6.38678e+15	9.42e-01	5.80e-02	1.16e-06	0.00e+00	0.00e+00	0.00e+00	0.00e+00	0.00e+00
 6.39884e+15	9.45e-01	5.48e-02	1.07e-06	0.00e+00	0.00e+00	0.00e+00	0.00e+00	0.00e+00
 6.41075e+15	9.48e-01	5.19e-02	9.83e-07	0.00e+00	0.00e+00	0.00e+00	0.00e+00	0.00e+00
 6.42253e+15	9.51e-01	4.91e-02	9.08e-07	0.00e+00	0.00e+00	0.00e+00	0.00e+00	0.00e+00
 6.43413e+15	9.54e-01	4.65e-02	8.40e-07	0.00e+00	0.00e+00	0.00e+00	0.00e+00	0.00e+00
 6.44557e+15	9.56e-01	4.40e-02	7.77e-07	0.00e+00	0.00e+00	0.00e+00	0.00e+00	0.00e+00
 6.45693e+15	9.58e-01	4.17e-02	7.20e-07	0.00e+00	0.00e+00	0.00e+00	0.00e+00	0.00e+00
 6.46823e+15	9.60e-01	3.96e-02	6.67e-07	0.00e+00	0.00e+00	0.00e+00	0.00e+00	0.00e+00
 6.47943e+15	9.62e-01	3.75e-02	6.19e-07	0.00e+00	0.00e+00	0.00e+00	0.00e+00	0.00e+00
 6.49053e+15	9.64e-01	3.56e-02	5.74e-07	0.00e+00	0.00e+00	0.00e+00	0.00e+00	0.00e+00
 6.50154e+15	9.66e-01	3.38e-02	5.34e-07	0.00e+00	0.00e+00	0.00e+00	0.00e+00	0.00e+00
 6.51248e+15	9.68e-01	3.22e-02	4.96e-07	0.00e+00	0.00e+00	0.00e+00	0.00e+00	0.00e+00
 6.52337e+15	9.69e-01	3.06e-02	4.62e-07	0.00e+00	0.00e+00	0.00e+00	0.00e+00	0.00e+00
 6.53422e+15	9.71e-01	2.91e-02	4.30e-07	0.00e+00	0.00e+00	0.00e+00	0.00e+00	0.00e+00
 6.54503e+15	9.72e-01	2.77e-02	4.01e-07	0.00e+00	0.00e+00	0.00e+00	0.00e+00	0.00e+00
 6.55583e+15	9.74e-01	2.63e-02	3.73e-07	0.00e+00	0.00e+00	0.00e+00	0.00e+00	0.00e+00
 6.56671e+15	9.75e-01	2.50e-02	3.48e-07	0.00e+00	0.00e+00	0.00e+00	0.00e+00	0.00e+00
 6.57778e+15	9.76e-01	2.38e-02	3.24e-07	0.00e+00	0.00e+00	0.00e+00	0.00e+00	0.00e+00
 6.58916e+15	9.77e-01	2.26e-02	3.01e-07	0.00e+00	0.00e+00	0.00e+00	0.00e+00	0.00e+00
 6.60064e+15	9.79e-01	2.15e-02	2.80e-07	0.00e+00	0.00e+00	0.00e+00	0.00e+00	0.00e+00
 6.61207e+15	9.80e-01	2.04e-02	2.61e-07	0.00e+00	0.00e+00	0.00e+00	0.00e+00	0.00e+00
 6.62369e+15	9.81e-01	1.94e-02	2.43e-07	0.00e+00	0.00e+00	0.00e+00	0.00e+00	0.00e+00
 6.63566e+15	9.82e-01	1.85e-02	2.25e-07	0.00e+00	0.00e+00	0.00e+00	0.00e+00	0.00e+00
 6.64804e+15	9.82e-01	1.75e-02	2.09e-07	0.00e+00	0.00e+00	0.00e+00	0.00e+00	0.00e+00
 6.66103e+15	9.83e-01	1.66e-02	1.93e-07	0.00e+00	0.00e+00	0.00e+00	0.00e+00	0.00e+00
 6.67472e+15	9.84e-01	1.57e-02	1.78e-07	0.00e+00	0.00e+00	0.00e+00	0.00e+00	0.00e+00
 6.68914e+15	9.85e-01	1.48e-02	1.63e-07	0.00e+00	0.00e+00	0.00e+00	0.00e+00	0.00e+00
 6.70467e+15	9.86e-01	1.38e-02	1.49e-07	0.00e+00	0.00e+00	0.00e+00	0.00e+00	0.00e+00
 6.72152e+15	9.87e-01	1.30e-02	1.35e-07	0.00e+00	0.00e+00	0.00e+00	0.00e+00	0.00e+00
 6.74079e+15	9.88e-01	1.20e-02	1.21e-07	0.00e+00	0.00e+00	0.00e+00	0.00e+00	0.00e+00
 6.76092e+15	9.89e-01	1.12e-02	1.09e-07	0.00e+00	0.00e+00	0.00e+00	0.00e+00	0.00e+00
 6.77924e+15	9.90e-01	1.05e-02	9.91e-08	0.00e+00	0.00e+00	0.00e+00	0.00e+00	0.00e+00
 6.79591e+15	9.90e-01	9.92e-03	9.11e-08	0.00e+00	0.00e+00	0.00e+00	0.00e+00	0.00e+00
 6.81108e+15	9.91e-01	9.44e-03	8.46e-08	0.00e+00	0.00e+00	0.00e+00	0.00e+00	0.00e+00
 6.82489e+15	9.91e-01	9.04e-03	7.92e-08	0.00e+00	0.00e+00	0.00e+00	0.00e+00	0.00e+00
 6.84001e+15	9.91e-01	8.61e-03	7.34e-08	0.00e+00	0.00e+00	0.00e+00	0.00e+00	0.00e+00
 6.85635e+15	9.92e-01	8.19e-03	6.80e-08	0.00e+00	0.00e+00	0.00e+00	0.00e+00	0.00e+00
 6.87121e+15	9.92e-01	7.84e-03	6.36e-08	0.00e+00	0.00e+00	0.00e+00	0.00e+00	0.00e+00
 6.88473e+15	9.92e-01	7.55e-03	5.99e-08	0.00e+00	0.00e+00	0.00e+00	0.00e+00	0.00e+00
 6.89704e+15	9.93e-01	7.30e-03	5.68e-08	0.00e+00	0.00e+00	0.00e+00	0.00e+00	0.00e+00
 6.91053e+15	9.93e-01	7.04e-03	5.35e-08	0.00e+00	0.00e+00	0.00e+00	0.00e+00	0.00e+00
 6.92509e+15	9.93e-01	6.77e-03	5.03e-08	0.00e+00	0.00e+00	0.00e+00	0.00e+00	0.00e+00
 6.93833e+15	9.93e-01	6.55e-03	4.77e-08	0.00e+00	0.00e+00	0.00e+00	0.00e+00	0.00e+00
 6.95039e+15	9.94e-01	6.37e-03	4.55e-08	0.00e+00	0.00e+00	0.00e+00	0.00e+00	0.00e+00
 6.96136e+15	9.94e-01	6.21e-03	4.36e-08	0.00e+00	0.00e+00	0.00e+00	0.00e+00	0.00e+00
 6.97339e+15	9.94e-01	6.04e-03	4.16e-08	0.00e+00	0.00e+00	0.00e+00	0.00e+00	0.00e+00
 6.98636e+15	9.94e-01	5.87e-03	3.96e-08	0.00e+00	0.00e+00	0.00e+00	0.00e+00	0.00e+00
