#depth	He	He+	He+2
 1.49634e+10	7.93e-20	4.90e-10	1.00e+00
 4.54887e+10	9.10e-20	5.43e-10	1.00e+00
 7.72350e+10	1.04e-19	6.03e-10	1.00e+00
 1.10251e+11	1.18e-19	6.68e-10	1.00e+00
 1.39770e+11	1.32e-19	7.31e-10	1.00e+00
 1.63878e+11	1.44e-19	7.85e-10	1.00e+00
 1.90150e+11	1.57e-19	8.46e-10	1.00e+00
 2.24062e+11	1.76e-19	9.30e-10	1.00e+00
 2.60115e+11	1.98e-19	1.02e-09	1.00e+00
 2.92056e+11	2.18e-19	1.11e-09	1.00e+00
 3.26443e+11	2.42e-19	1.21e-09	1.00e+00
 3.67761e+11	2.72e-19	1.34e-09	1.00e+00
 4.09292e+11	3.06e-19	1.47e-09	1.00e+00
 4.47632e+11	3.39e-19	1.60e-09	1.00e+00
 4.90613e+11	3.80e-19	1.76e-09	1.00e+00
 5.40164e+11	4.33e-19	1.95e-09	1.00e+00
 5.88952e+11	4.91e-19	2.14e-09	1.00e+00
 6.39691e+11	5.58e-19	2.36e-09	1.00e+00
 6.95205e+11	6.41e-19	2.60e-09	1.00e+00
 7.45350e+11	7.25e-19	2.84e-09	1.00e+00
 7.85216e+11	7.99e-19	3.04e-09	1.00e+00
 8.26664e+11	8.82e-19	3.25e-09	1.00e+00
 8.80548e+11	1.00e-18	3.53e-09	1.00e+00
 9.37837e+11	1.15e-18	3.85e-09	1.00e+00
 9.87995e+11	1.29e-18	4.14e-09	1.00e+00
 1.04164e+12	1.45e-18	4.47e-09	1.00e+00
 1.10836e+12	1.68e-18	4.89e-09	1.00e+00
 1.17618e+12	1.95e-18	5.34e-09	1.00e+00
 1.23585e+12	2.22e-18	5.75e-09	1.00e+00
 1.30083e+12	2.54e-18	6.22e-09	1.00e+00
 1.37267e+12	2.94e-18	6.77e-09	1.00e+00
 1.43906e+12	3.36e-18	7.29e-09	1.00e+00
 1.51098e+12	3.86e-18	7.88e-09	1.00e+00
 1.59110e+12	4.49e-18	8.57e-09	1.00e+00
 1.66605e+12	5.16e-18	9.24e-09	1.00e+00
 1.74764e+12	5.97e-18	9.99e-09	1.00e+00
 1.83836e+12	7.00e-18	1.09e-08	1.00e+00
 1.92313e+12	8.07e-18	1.17e-08	1.00e+00
 2.01553e+12	9.38e-18	1.27e-08	1.00e+00
 2.11882e+12	1.11e-17	1.39e-08	1.00e+00
 2.21620e+12	1.28e-17	1.50e-08	1.00e+00
 2.32273e+12	1.50e-17	1.62e-08	1.00e+00
 2.44208e+12	1.78e-17	1.78e-08	1.00e+00
 2.55525e+12	2.08e-17	1.92e-08	1.00e+00
 2.67643e+12	2.44e-17	2.09e-08	1.00e+00
 2.81342e+12	2.90e-17	2.28e-08	1.00e+00
 2.94920e+12	3.43e-17	2.49e-08	1.00e+00
 3.09041e+12	4.04e-17	2.70e-08	1.00e+00
 3.24396e+12	4.81e-17	2.95e-08	1.00e+00
 3.40364e+12	5.70e-17	3.22e-08	1.00e+00
 3.55528e+12	6.67e-17	3.49e-08	1.00e+00
 3.69180e+12	7.64e-17	3.73e-08	1.00e+00
 3.81920e+12	8.65e-17	3.98e-08	1.00e+00
 3.95977e+12	9.86e-17	4.25e-08	1.00e+00
 4.11776e+12	1.14e-16	4.56e-08	1.00e+00
 4.26873e+12	1.30e-16	4.88e-08	1.00e+00
 4.43532e+12	1.49e-16	5.23e-08	1.00e+00
 4.62102e+12	1.73e-16	5.64e-08	1.00e+00
 4.79209e+12	1.98e-16	6.04e-08	1.00e+00
 4.95025e+12	2.23e-16	6.41e-08	1.00e+00
 5.13107e+12	2.54e-16	6.84e-08	1.00e+00
 5.35290e+12	2.96e-16	7.39e-08	1.00e+00
 5.57526e+12	3.44e-16	7.98e-08	1.00e+00
 5.76892e+12	3.90e-16	8.50e-08	1.00e+00
 5.97809e+12	4.44e-16	9.07e-08	1.00e+00
 6.23320e+12	5.16e-16	9.79e-08	1.00e+00
 6.49293e+12	6.01e-16	1.06e-07	1.00e+00
 6.72778e+12	6.84e-16	1.13e-07	1.00e+00
 6.98539e+12	7.84e-16	1.21e-07	1.00e+00
 7.28857e+12	9.14e-16	1.31e-07	1.00e+00
 7.59099e+12	1.06e-15	1.41e-07	1.00e+00
 7.87543e+12	1.21e-15	1.51e-07	1.00e+00
 8.19029e+12	1.40e-15	1.62e-07	1.00e+00
 8.54783e+12	1.63e-15	1.75e-07	1.00e+00
 8.90772e+12	1.90e-15	1.89e-07	1.00e+00
 9.28201e+12	2.21e-15	2.04e-07	1.00e+00
 9.68322e+12	2.57e-15	2.20e-07	1.00e+00
 1.01005e+13	3.00e-15	2.38e-07	1.00e+00
 1.05033e+13	3.46e-15	2.56e-07	1.00e+00
 1.08804e+13	3.93e-15	2.73e-07	1.00e+00
 1.12355e+13	4.43e-15	2.90e-07	1.00e+00
 1.16220e+13	5.01e-15	3.09e-07	1.00e+00
 1.20539e+13	5.72e-15	3.30e-07	1.00e+00
 1.24622e+13	6.47e-15	3.52e-07	1.00e+00
 1.29103e+13	7.36e-15	3.76e-07	1.00e+00
 1.34122e+13	8.49e-15	4.04e-07	1.00e+00
 1.38870e+13	9.65e-15	4.31e-07	1.00e+00
 1.44071e+13	1.10e-14	4.62e-07	1.00e+00
 1.50101e+13	1.29e-14	4.99e-07	1.00e+00
 1.55989e+13	1.49e-14	5.38e-07	1.00e+00
 1.61549e+13	1.69e-14	5.74e-07	1.00e+00
 1.67746e+13	1.95e-14	6.18e-07	1.00e+00
 1.74241e+13	2.24e-14	6.64e-07	1.00e+00
 1.80019e+13	2.53e-14	7.08e-07	1.00e+00
 1.86273e+13	2.87e-14	7.55e-07	1.00e+00
 1.93754e+13	3.34e-14	8.16e-07	1.00e+00
 2.01104e+13	3.83e-14	8.77e-07	1.00e+00
 2.07665e+13	4.33e-14	9.35e-07	1.00e+00
 2.14926e+13	4.91e-14	9.98e-07	1.00e+00
 2.23561e+13	5.71e-14	1.08e-06	1.00e+00
 2.32106e+13	6.57e-14	1.16e-06	1.00e+00
 2.39921e+13	7.44e-14	1.24e-06	1.00e+00
 2.48660e+13	8.49e-14	1.33e-06	1.00e+00
 2.58821e+13	9.86e-14	1.44e-06	1.00e+00
 2.68789e+13	1.14e-13	1.55e-06	1.00e+00
 2.78207e+13	1.29e-13	1.66e-06	1.00e+00
 2.88686e+13	1.48e-13	1.79e-06	1.00e+00
 3.00532e+13	1.72e-13	1.94e-06	1.00e+00
 3.12386e+13	1.98e-13	2.10e-06	1.00e+00
 3.23488e+13	2.26e-13	2.25e-06	1.00e+00
 3.35500e+13	2.58e-13	2.42e-06	1.00e+00
 3.48926e+13	2.98e-13	2.61e-06	1.00e+00
 3.61487e+13	3.39e-13	2.80e-06	1.00e+00
 3.73157e+13	3.81e-13	2.99e-06	1.00e+00
 3.84365e+13	4.24e-13	3.17e-06	1.00e+00
 3.96781e+13	4.75e-13	3.38e-06	1.00e+00
 4.10521e+13	5.37e-13	3.62e-06	1.00e+00
 4.23329e+13	6.00e-13	3.84e-06	1.00e+00
 4.37321e+13	6.73e-13	4.10e-06	1.00e+00
 4.53036e+13	7.62e-13	4.41e-06	1.00e+00
 4.68014e+13	8.56e-13	4.70e-06	1.00e+00
 4.84512e+13	9.68e-13	5.04e-06	1.00e+00
 5.02689e+13	1.10e-12	5.43e-06	1.00e+00
 5.19429e+13	1.24e-12	5.80e-06	1.00e+00
 5.37570e+13	1.39e-12	6.21e-06	1.00e+00
 5.57844e+13	1.59e-12	6.70e-06	1.00e+00
 5.76902e+13	1.78e-12	7.16e-06	1.00e+00
 5.97690e+13	2.01e-12	7.71e-06	1.00e+00
 6.20779e+13	2.29e-12	8.31e-06	1.00e+00
 6.42369e+13	2.59e-12	8.93e-06	1.00e+00
 6.65821e+13	2.92e-12	9.60e-06	1.00e+00
 6.92015e+13	3.34e-12	1.04e-05	1.00e+00
 7.16881e+13	3.77e-12	1.12e-05	1.00e+00
 7.43479e+13	4.27e-12	1.20e-05	1.00e+00
 7.73517e+13	4.90e-12	1.31e-05	1.00e+00
 8.03083e+13	5.58e-12	1.42e-05	1.00e+00
 8.33832e+13	6.36e-12	1.53e-05	1.00e+00
 8.67484e+13	7.30e-12	1.66e-05	1.00e+00
 9.00684e+13	8.33e-12	1.80e-05	1.00e+00
 9.28135e+13	9.27e-12	1.92e-05	1.00e+00
 9.50132e+13	1.01e-11	2.02e-05	1.00e+00
 9.74491e+13	1.10e-11	2.13e-05	1.00e+00
 1.00616e+14	1.23e-11	2.29e-05	1.00e+00
 1.04010e+14	1.39e-11	2.46e-05	1.00e+00
 1.07020e+14	1.53e-11	2.61e-05	1.00e+00
 1.10255e+14	1.72e-11	2.79e-05	1.00e+00
 1.14340e+14	1.96e-11	3.02e-05	1.00e+00
 1.18485e+14	2.23e-11	3.27e-05	1.00e+00
 1.22025e+14	2.48e-11	3.49e-05	1.00e+00
 1.25820e+14	2.77e-11	3.73e-05	1.00e+00
 1.30540e+14	3.18e-11	4.05e-05	1.00e+00
 1.35367e+14	3.65e-11	4.40e-05	1.00e+00
 1.39626e+14	4.10e-11	4.71e-05	1.00e+00
 1.44241e+14	4.61e-11	5.06e-05	1.00e+00
 1.49802e+14	5.36e-11	5.53e-05	1.00e+00
 1.55311e+14	6.09e-11	5.98e-05	1.00e+00
 1.60239e+14	6.93e-11	6.43e-05	1.00e+00
 1.65694e+14	7.79e-11	6.92e-05	1.00e+00
 1.72167e+14	9.10e-11	7.56e-05	1.00e+00
 1.78569e+14	1.05e-10	8.22e-05	1.00e+00
 1.84437e+14	1.18e-10	8.82e-05	1.00e+00
 1.91008e+14	1.36e-10	9.56e-05	1.00e+00
 1.98631e+14	1.58e-10	1.04e-04	1.00e+00
 2.06145e+14	1.83e-10	1.14e-04	1.00e+00
 2.13343e+14	2.09e-10	1.23e-04	1.00e+00
 2.19643e+14	2.35e-10	1.31e-04	1.00e+00
 2.24827e+14	2.58e-10	1.38e-04	1.00e+00
 2.30528e+14	2.85e-10	1.46e-04	1.00e+00
 2.37938e+14	3.22e-10	1.57e-04	1.00e+00
 2.45756e+14	3.63e-10	1.69e-04	1.00e+00
 2.52525e+14	4.08e-10	1.80e-04	1.00e+00
 2.59749e+14	4.56e-10	1.91e-04	1.00e+00
 2.69123e+14	5.28e-10	2.07e-04	1.00e+00
 2.78737e+14	6.03e-10	2.24e-04	1.00e+00
 2.86762e+14	6.72e-10	2.39e-04	1.00e+00
 2.95279e+14	7.55e-10	2.55e-04	1.00e+00
 3.06109e+14	8.83e-10	2.76e-04	1.00e+00
 3.17473e+14	1.02e-09	3.00e-04	1.00e+00
 3.27620e+14	1.16e-09	3.22e-04	1.00e+00
 3.38660e+14	1.32e-09	3.46e-04	1.00e+00
 3.51813e+14	1.55e-09	3.77e-04	1.00e+00
 3.64816e+14	1.79e-09	4.08e-04	1.00e+00
 3.76628e+14	2.04e-09	4.38e-04	1.00e+00
 3.89792e+14	2.32e-09	4.72e-04	1.00e+00
 4.05192e+14	2.75e-09	5.15e-04	9.99e-01
 4.20371e+14	3.19e-09	5.58e-04	9.99e-01
 4.34669e+14	3.66e-09	6.00e-04	9.99e-01
 4.50598e+14	4.19e-09	6.49e-04	9.99e-01
 4.68652e+14	5.03e-09	7.09e-04	9.99e-01
 4.83771e+14	5.72e-09	7.59e-04	9.99e-01
 4.94612e+14	6.27e-09	7.96e-04	9.99e-01
 5.05943e+14	6.88e-09	8.36e-04	9.99e-01
 5.20672e+14	7.62e-09	8.90e-04	9.99e-01
 5.37134e+14	8.82e-09	9.53e-04	9.99e-01
 5.52523e+14	9.89e-09	1.01e-03	9.99e-01
 5.69205e+14	1.10e-08	1.08e-03	9.99e-01
 5.87987e+14	1.28e-08	1.16e-03	9.99e-01
 6.05769e+14	1.44e-08	1.23e-03	9.99e-01
 6.25153e+14	1.62e-08	1.32e-03	9.99e-01
 6.46928e+14	1.90e-08	1.42e-03	9.99e-01
 6.67558e+14	2.15e-08	1.52e-03	9.98e-01
 6.90124e+14	2.44e-08	1.63e-03	9.98e-01
 7.15587e+14	2.89e-08	1.76e-03	9.98e-01
 7.39497e+14	3.29e-08	1.89e-03	9.98e-01
 7.65256e+14	3.74e-08	2.03e-03	9.98e-01
 7.94179e+14	4.45e-08	2.20e-03	9.98e-01
 8.21146e+14	5.08e-08	2.36e-03	9.98e-01
 8.50135e+14	5.78e-08	2.55e-03	9.97e-01
 8.82883e+14	6.91e-08	2.76e-03	9.97e-01
 9.13795e+14	7.93e-08	2.97e-03	9.97e-01
 9.41957e+14	8.90e-08	3.17e-03	9.97e-01
 9.73267e+14	1.02e-07	3.40e-03	9.97e-01
 1.00860e+15	1.21e-07	3.67e-03	9.96e-01
 1.04196e+15	1.38e-07	3.93e-03	9.96e-01
 1.07026e+15	1.55e-07	4.17e-03	9.96e-01
 1.09920e+15	1.73e-07	4.41e-03	9.96e-01
 1.13681e+15	1.96e-07	4.74e-03	9.95e-01
 1.17641e+15	2.31e-07	5.11e-03	9.95e-01
 1.20807e+15	2.58e-07	5.41e-03	9.95e-01
 1.23871e+15	2.86e-07	5.71e-03	9.94e-01
 1.27854e+15	3.23e-07	6.11e-03	9.94e-01
 1.32291e+15	3.81e-07	6.59e-03	9.93e-01
 1.36187e+15	4.29e-07	7.02e-03	9.93e-01
 1.40119e+15	4.79e-07	7.47e-03	9.93e-01
 1.45190e+15	5.71e-07	8.10e-03	9.92e-01
 1.50297e+15	6.56e-07	8.73e-03	9.91e-01
 1.54492e+15	7.33e-07	9.28e-03	9.91e-01
 1.58944e+15	8.29e-07	9.89e-03	9.90e-01
 1.64692e+15	9.89e-07	1.07e-02	9.89e-01
 1.70420e+15	1.14e-06	1.16e-02	9.88e-01
 1.75037e+15	1.27e-06	1.23e-02	9.88e-01
 1.79909e+15	1.44e-06	1.31e-02	9.87e-01
 1.86242e+15	1.72e-06	1.43e-02	9.86e-01
 1.92480e+15	1.99e-06	1.54e-02	9.85e-01
 1.97346e+15	2.23e-06	1.64e-02	9.84e-01
 2.01551e+15	2.46e-06	1.72e-02	9.83e-01
 2.06147e+15	2.72e-06	1.82e-02	9.82e-01
 2.12121e+15	3.13e-06	1.95e-02	9.80e-01
 2.18629e+15	3.58e-06	2.11e-02	9.79e-01
 2.24606e+15	4.12e-06	2.26e-02	9.77e-01
 2.29988e+15	4.61e-06	2.40e-02	9.76e-01
 2.34903e+15	5.12e-06	2.54e-02	9.75e-01
 2.40375e+15	5.72e-06	2.70e-02	9.73e-01
 2.46486e+15	6.53e-06	2.90e-02	9.71e-01
 2.52013e+15	7.31e-06	3.08e-02	9.69e-01
 2.57007e+15	8.06e-06	3.26e-02	9.67e-01
 2.62725e+15	8.97e-06	3.47e-02	9.65e-01
 2.70158e+15	1.07e-05	3.79e-02	9.62e-01
 2.77732e+15	1.24e-05	4.12e-02	9.59e-01
 2.84089e+15	1.39e-05	4.43e-02	9.56e-01
 2.90954e+15	1.59e-05	4.80e-02	9.52e-01
 2.98411e+15	1.91e-05	5.25e-02	9.47e-01
 3.04168e+15	2.14e-05	5.61e-02	9.44e-01
 3.09178e+15	2.39e-05	5.97e-02	9.40e-01
 3.15692e+15	2.73e-05	6.47e-02	9.35e-01
 3.22592e+15	3.20e-05	7.06e-02	9.29e-01
 3.28185e+15	3.59e-05	7.58e-02	9.24e-01
 3.32549e+15	3.96e-05	8.03e-02	9.20e-01
 3.36480e+15	4.34e-05	8.47e-02	9.15e-01
 3.40944e+15	4.77e-05	9.01e-02	9.10e-01
 3.46748e+15	5.61e-05	9.80e-02	9.02e-01
 3.51854e+15	6.31e-05	1.05e-01	8.95e-01
 3.55186e+15	6.86e-05	1.11e-01	8.89e-01
 3.58652e+15	7.52e-05	1.17e-01	8.83e-01
 3.63159e+15	8.32e-05	1.25e-01	8.75e-01
 3.69017e+15	1.00e-04	1.38e-01	8.62e-01
 3.73931e+15	1.13e-04	1.49e-01	8.51e-01
 3.76836e+15	1.23e-04	1.57e-01	8.43e-01
 3.79830e+15	1.35e-04	1.65e-01	8.35e-01
 3.83723e+15	1.49e-04	1.77e-01	8.23e-01
 3.88783e+15	1.78e-04	1.94e-01	8.05e-01
 3.93153e+15	1.99e-04	2.10e-01	7.90e-01
 3.96625e+15	2.28e-04	2.25e-01	7.75e-01
 3.99976e+15	2.53e-04	2.40e-01	7.60e-01
 4.03167e+15	2.82e-04	2.56e-01	7.44e-01
 4.07316e+15	3.26e-04	2.79e-01	7.21e-01
 4.11407e+15	3.69e-04	3.02e-01	6.98e-01
 4.14799e+15	4.24e-04	3.24e-01	6.75e-01
 4.17632e+15	4.66e-04	3.43e-01	6.57e-01
 4.19695e+15	5.01e-04	3.57e-01	6.42e-01
 4.21709e+15	5.39e-04	3.73e-01	6.27e-01
 4.23976e+15	5.79e-04	3.90e-01	6.09e-01
 4.26571e+15	6.43e-04	4.12e-01	5.88e-01
 4.28930e+15	6.90e-04	4.31e-01	5.69e-01
 4.30982e+15	7.49e-04	4.49e-01	5.50e-01
 4.33076e+15	8.04e-04	4.67e-01	5.32e-01
 4.35225e+15	8.68e-04	4.87e-01	5.12e-01
 4.37574e+15	9.40e-04	5.08e-01	4.91e-01
 4.39711e+15	1.01e-03	5.28e-01	4.71e-01
 4.41698e+15	1.08e-03	5.46e-01	4.53e-01
 4.43961e+15	1.16e-03	5.68e-01	4.31e-01
 4.46400e+15	1.25e-03	5.90e-01	4.09e-01
 4.48532e+15	1.34e-03	6.10e-01	3.89e-01
 4.50768e+15	1.43e-03	6.30e-01	3.68e-01
 4.53187e+15	1.54e-03	6.52e-01	3.47e-01
 4.55386e+15	1.63e-03	6.71e-01	3.28e-01
 4.57452e+15	1.73e-03	6.88e-01	3.10e-01
 4.59805e+15	1.85e-03	7.08e-01	2.90e-01
 4.62360e+15	1.97e-03	7.27e-01	2.71e-01
 4.64639e+15	2.08e-03	7.44e-01	2.54e-01
 4.67064e+15	2.21e-03	7.61e-01	2.36e-01
 4.69695e+15	2.36e-03	7.79e-01	2.19e-01
 4.72073e+15	2.49e-03	7.93e-01	2.04e-01
 4.74294e+15	2.61e-03	8.06e-01	1.91e-01
 4.76831e+15	2.77e-03	8.20e-01	1.77e-01
 4.79624e+15	2.94e-03	8.34e-01	1.63e-01
 4.82156e+15	3.10e-03	8.46e-01	1.51e-01
 4.84488e+15	3.26e-03	8.56e-01	1.41e-01
 4.87152e+15	3.45e-03	8.67e-01	1.30e-01
 4.90100e+15	3.66e-03	8.77e-01	1.19e-01
 4.92814e+15	3.88e-03	8.86e-01	1.10e-01
 4.95343e+15	4.10e-03	8.94e-01	1.02e-01
 4.98235e+15	4.36e-03	9.02e-01	9.35e-02
 5.01406e+15	4.68e-03	9.10e-01	8.53e-02
 5.04341e+15	5.00e-03	9.17e-01	7.84e-02
 5.07558e+15	5.38e-03	9.23e-01	7.16e-02
 5.11057e+15	5.86e-03	9.29e-01	6.49e-02
 5.14150e+15	6.34e-03	9.34e-01	5.97e-02
 5.16899e+15	6.82e-03	9.38e-01	5.54e-02
 5.19977e+15	7.42e-03	9.42e-01	5.10e-02
 5.23331e+15	8.19e-03	9.45e-01	4.68e-02
 5.26298e+15	8.99e-03	9.48e-01	4.33e-02
 5.28915e+15	9.83e-03	9.50e-01	4.05e-02
 5.31819e+15	1.09e-02	9.52e-01	3.75e-02
 5.34668e+15	1.22e-02	9.53e-01	3.51e-02
 5.36718e+15	1.32e-02	9.53e-01	3.36e-02
 5.38379e+15	1.42e-02	9.54e-01	3.22e-02
 5.40258e+15	1.54e-02	9.54e-01	3.08e-02
 5.42339e+15	1.70e-02	9.54e-01	2.93e-02
 5.44189e+15	1.86e-02	9.53e-01	2.81e-02
 5.45760e+15	2.01e-02	9.53e-01	2.73e-02
 5.47456e+15	2.20e-02	9.52e-01	2.63e-02
 5.49297e+15	2.44e-02	9.50e-01	2.53e-02
 5.50895e+15	2.68e-02	9.49e-01	2.46e-02
 5.52267e+15	2.92e-02	9.47e-01	2.40e-02
 5.53780e+15	3.21e-02	9.45e-01	2.34e-02
 5.55441e+15	3.58e-02	9.41e-01	2.28e-02
 5.56926e+15	3.98e-02	9.38e-01	2.22e-02
 5.58223e+15	4.36e-02	9.34e-01	2.19e-02
 5.59646e+15	4.85e-02	9.30e-01	2.15e-02
 5.61232e+15	5.47e-02	9.24e-01	2.12e-02
 5.62696e+15	6.16e-02	9.18e-01	2.09e-02
 5.64024e+15	6.87e-02	9.11e-01	2.07e-02
 5.65327e+15	7.69e-02	9.03e-01	2.05e-02
 5.66643e+15	8.59e-02	8.94e-01	2.05e-02
 5.67838e+15	9.57e-02	8.84e-01	2.05e-02
 5.68858e+15	1.05e-01	8.75e-01	2.05e-02
 5.69795e+15	1.14e-01	8.65e-01	2.05e-02
 5.70708e+15	1.25e-01	8.55e-01	2.05e-02
 5.71432e+15	1.33e-01	8.46e-01	2.06e-02
 5.71899e+15	1.39e-01	8.40e-01	2.06e-02
 5.72324e+15	1.45e-01	8.34e-01	2.06e-02
 5.72823e+15	1.52e-01	8.27e-01	2.06e-02
 5.73375e+15	1.60e-01	8.19e-01	2.07e-02
 5.73916e+15	1.69e-01	8.10e-01	2.06e-02
 5.74423e+15	1.77e-01	8.02e-01	2.07e-02
 5.74922e+15	1.86e-01	7.93e-01	2.07e-02
 5.75434e+15	1.96e-01	7.83e-01	2.07e-02
 5.75941e+15	2.06e-01	7.74e-01	2.07e-02
 5.76443e+15	2.16e-01	7.63e-01	2.08e-02
 5.76951e+15	2.27e-01	7.52e-01	2.08e-02
 5.77457e+15	2.38e-01	7.41e-01	2.08e-02
 5.77959e+15	2.50e-01	7.29e-01	2.07e-02
 5.78462e+15	2.62e-01	7.17e-01	2.08e-02
 5.78969e+15	2.75e-01	7.04e-01	2.07e-02
 5.79482e+15	2.89e-01	6.90e-01	2.07e-02
 5.79981e+15	3.03e-01	6.77e-01	2.06e-02
 5.80478e+15	3.17e-01	6.63e-01	2.06e-02
 5.80990e+15	3.32e-01	6.47e-01	2.04e-02
 5.81502e+15	3.48e-01	6.32e-01	2.04e-02
 5.82014e+15	3.64e-01	6.16e-01	2.02e-02
 5.82528e+15	3.80e-01	6.00e-01	2.01e-02
 5.83048e+15	3.98e-01	5.82e-01	1.99e-02
 5.83572e+15	4.15e-01	5.65e-01	1.97e-02
 5.84097e+15	4.33e-01	5.48e-01	1.95e-02
 5.84633e+15	4.52e-01	5.29e-01	1.92e-02
 5.85175e+15	4.70e-01	5.11e-01	1.89e-02
 5.85720e+15	4.89e-01	4.92e-01	1.86e-02
 5.86262e+15	5.08e-01	4.74e-01	1.83e-02
 5.86806e+15	5.26e-01	4.56e-01	1.79e-02
 5.87357e+15	5.45e-01	4.37e-01	1.76e-02
 5.87917e+15	5.63e-01	4.19e-01	1.71e-02
 5.88486e+15	5.82e-01	4.02e-01	1.67e-02
 5.89066e+15	5.99e-01	3.84e-01	1.63e-02
 5.89664e+15	6.17e-01	3.67e-01	1.58e-02
 5.90283e+15	6.35e-01	3.50e-01	1.53e-02
 5.90927e+15	6.51e-01	3.34e-01	1.48e-02
 5.91602e+15	6.68e-01	3.18e-01	1.43e-02
 5.92307e+15	6.84e-01	3.03e-01	1.37e-02
 5.93053e+15	6.99e-01	2.88e-01	1.32e-02
 5.93862e+15	7.14e-01	2.74e-01	1.26e-02
 5.94743e+15	7.28e-01	2.60e-01	1.20e-02
 5.95720e+15	7.41e-01	2.47e-01	1.14e-02
 5.96805e+15	7.54e-01	2.35e-01	1.08e-02
 5.97924e+15	7.65e-01	2.25e-01	1.03e-02
 5.99028e+15	7.74e-01	2.17e-01	9.81e-03
 6.00182e+15	7.81e-01	2.09e-01	9.36e-03
 6.01443e+15	7.89e-01	2.02e-01	8.90e-03
 6.02789e+15	7.96e-01	1.96e-01	8.49e-03
 6.04220e+15	8.02e-01	1.90e-01	8.06e-03
 6.05720e+15	8.08e-01	1.85e-01	7.67e-03
 6.07245e+15	8.13e-01	1.80e-01	7.31e-03
 6.08838e+15	8.18e-01	1.75e-01	6.94e-03
 6.10448e+15	8.22e-01	1.71e-01	6.61e-03
 6.12021e+15	8.27e-01	1.67e-01	6.31e-03
 6.13616e+15	8.31e-01	1.63e-01	6.00e-03
 6.15204e+15	8.35e-01	1.59e-01	5.73e-03
 6.16779e+15	8.39e-01	1.56e-01	5.46e-03
 6.18320e+15	8.42e-01	1.52e-01	5.23e-03
 6.19813e+15	8.46e-01	1.49e-01	5.00e-03
 6.21326e+15	8.49e-01	1.46e-01	4.78e-03
 6.22792e+15	8.52e-01	1.43e-01	4.58e-03
 6.24207e+15	8.55e-01	1.40e-01	4.40e-03
 6.25629e+15	8.58e-01	1.37e-01	4.22e-03
 6.27037e+15	8.61e-01	1.35e-01	4.05e-03
 6.28413e+15	8.64e-01	1.32e-01	3.89e-03
 6.29759e+15	8.66e-01	1.30e-01	3.74e-03
 6.31084e+15	8.69e-01	1.27e-01	3.60e-03
 6.32394e+15	8.71e-01	1.25e-01	3.47e-03
 6.33688e+15	8.74e-01	1.23e-01	3.35e-03
 6.34962e+15	8.76e-01	1.21e-01	3.23e-03
 6.36218e+15	8.78e-01	1.19e-01	3.11e-03
 6.37456e+15	8.80e-01	1.17e-01	3.01e-03
 6.38678e+15	8.82e-01	1.15e-01	2.90e-03
 6.39884e+15	8.84e-01	1.13e-01	2.81e-03
 6.41075e+15	8.86e-01	1.11e-01	2.71e-03
 6.42253e+15	8.88e-01	1.09e-01	2.62e-03
 6.43413e+15	8.90e-01	1.08e-01	2.54e-03
 6.44557e+15	8.92e-01	1.06e-01	2.46e-03
 6.45693e+15	8.93e-01	1.04e-01	2.38e-03
 6.46823e+15	8.95e-01	1.03e-01	2.31e-03
 6.47943e+15	8.96e-01	1.01e-01	2.24e-03
 6.49053e+15	8.98e-01	9.98e-02	2.17e-03
 6.50154e+15	9.00e-01	9.84e-02	2.10e-03
 6.51248e+15	9.01e-01	9.69e-02	2.04e-03
 6.52337e+15	9.02e-01	9.55e-02	1.98e-03
 6.53422e+15	9.04e-01	9.42e-02	1.92e-03
 6.54503e+15	9.05e-01	9.28e-02	1.87e-03
 6.55583e+15	9.07e-01	9.15e-02	1.81e-03
 6.56671e+15	9.08e-01	9.02e-02	1.76e-03
 6.57778e+15	9.09e-01	8.89e-02	1.71e-03
 6.58916e+15	9.11e-01	8.76e-02	1.65e-03
 6.60064e+15	9.12e-01	8.63e-02	1.60e-03
 6.61207e+15	9.13e-01	8.51e-02	1.55e-03
 6.62369e+15	9.15e-01	8.38e-02	1.51e-03
 6.63566e+15	9.16e-01	8.25e-02	1.46e-03
 6.64804e+15	9.17e-01	8.12e-02	1.41e-03
 6.66103e+15	9.19e-01	7.99e-02	1.36e-03
 6.67472e+15	9.20e-01	7.85e-02	1.31e-03
 6.68914e+15	9.22e-01	7.70e-02	1.26e-03
 6.70467e+15	9.23e-01	7.55e-02	1.21e-03
 6.72152e+15	9.25e-01	7.38e-02	1.15e-03
 6.74079e+15	9.27e-01	7.20e-02	1.09e-03
 6.76092e+15	9.29e-01	7.02e-02	1.04e-03
 6.77924e+15	9.30e-01	6.86e-02	9.88e-04
 6.79591e+15	9.32e-01	6.71e-02	9.45e-04
 6.81108e+15	9.33e-01	6.58e-02	9.07e-04
 6.82489e+15	9.34e-01	6.47e-02	8.74e-04
 6.84001e+15	9.36e-01	6.34e-02	8.37e-04
 6.85635e+15	9.37e-01	6.21e-02	8.01e-04
 6.87121e+15	9.38e-01	6.09e-02	7.70e-04
 6.88473e+15	9.39e-01	5.98e-02	7.41e-04
 6.89704e+15	9.40e-01	5.88e-02	7.16e-04
 6.91053e+15	9.42e-01	5.78e-02	6.89e-04
 6.92509e+15	9.43e-01	5.67e-02	6.62e-04
 6.93833e+15	9.44e-01	5.56e-02	6.37e-04
 6.95039e+15	9.45e-01	5.47e-02	6.16e-04
 6.96136e+15	9.45e-01	5.39e-02	5.97e-04
 6.97339e+15	9.46e-01	5.30e-02	5.75e-04
 6.98636e+15	9.47e-01	5.21e-02	5.55e-04
 6.99818e+15	9.48e-01	5.12e-02	5.36e-04
 7.00892e+15	9.49e-01	5.05e-02	5.20e-04
 7.01870e+15	9.50e-01	4.98e-02	5.05e-04
 7.02942e+15	9.51e-01	4.90e-02	4.88e-04
 7.04099e+15	9.51e-01	4.82e-02	4.73e-04
 7.05152e+15	9.52e-01	4.75e-02	4.58e-04
 7.06110e+15	9.53e-01	4.68e-02	4.45e-04
 7.06982e+15	9.53e-01	4.62e-02	4.33e-04
 7.07938e+15	9.54e-01	4.55e-02	4.19e-04
 7.08969e+15	9.55e-01	4.49e-02	4.07e-04
 7.09908e+15	9.55e-01	4.43e-02	3.95e-04
 7.10762e+15	9.56e-01	4.37e-02	3.85e-04
 7.11698e+15	9.57e-01	4.30e-02	3.73e-04
 7.12709e+15	9.57e-01	4.24e-02	3.62e-04
 7.13628e+15	9.58e-01	4.18e-02	3.52e-04
 7.14465e+15	9.58e-01	4.13e-02	3.43e-04
 7.15382e+15	9.59e-01	4.07e-02	3.32e-04
 7.16372e+15	9.60e-01	4.01e-02	3.23e-04
 7.17273e+15	9.60e-01	3.96e-02	3.14e-04
 7.18093e+15	9.61e-01	3.91e-02	3.06e-04
 7.18991e+15	9.61e-01	3.85e-02	2.97e-04
 7.19961e+15	9.62e-01	3.80e-02	2.88e-04
 7.20843e+15	9.62e-01	3.74e-02	2.80e-04
 7.21646e+15	9.63e-01	3.70e-02	2.73e-04
 7.22526e+15	9.63e-01	3.64e-02	2.65e-04
 7.23476e+15	9.64e-01	3.60e-02	2.58e-04
 7.24341e+15	9.64e-01	3.55e-02	2.51e-04
 7.25128e+15	9.65e-01	3.50e-02	2.45e-04
 7.25990e+15	9.65e-01	3.46e-02	2.38e-04
 7.26920e+15	9.66e-01	3.41e-02	2.32e-04
 7.27767e+15	9.66e-01	3.37e-02	2.26e-04
 7.28695e+15	9.67e-01	3.32e-02	2.19e-04
 7.29697e+15	9.67e-01	3.27e-02	2.13e-04
 7.30609e+15	9.68e-01	3.23e-02	2.07e-04
 7.31608e+15	9.68e-01	3.18e-02	2.01e-04
 7.32687e+15	9.69e-01	3.13e-02	1.95e-04
 7.33668e+15	9.69e-01	3.08e-02	1.89e-04
 7.34561e+15	9.69e-01	3.04e-02	1.84e-04
 7.35540e+15	9.70e-01	3.00e-02	1.79e-04
 7.36597e+15	9.70e-01	2.96e-02	1.74e-04
 7.37558e+15	9.71e-01	2.92e-02	1.69e-04
 7.38612e+15	9.71e-01	2.87e-02	1.64e-04
 7.39750e+15	9.72e-01	2.83e-02	1.59e-04
 7.40785e+15	9.72e-01	2.78e-02	1.54e-04
 7.41727e+15	9.72e-01	2.75e-02	1.50e-04
 7.42759e+15	9.73e-01	2.70e-02	1.45e-04
 7.43873e+15	9.73e-01	2.67e-02	1.41e-04
 7.44887e+15	9.74e-01	2.63e-02	1.37e-04
 7.45998e+15	9.74e-01	2.59e-02	1.33e-04
 7.47198e+15	9.74e-01	2.55e-02	1.29e-04
 7.48290e+15	9.75e-01	2.51e-02	1.25e-04
 7.49486e+15	9.75e-01	2.46e-02	1.21e-04
 7.50777e+15	9.76e-01	2.42e-02	1.17e-04
 7.51953e+15	9.76e-01	2.39e-02	1.13e-04
 7.53022e+15	9.76e-01	2.35e-02	1.10e-04
 7.54194e+15	9.77e-01	2.31e-02	1.07e-04
 7.55459e+15	9.77e-01	2.28e-02	1.03e-04
 7.56610e+15	9.77e-01	2.24e-02	1.00e-04
 7.57872e+15	9.78e-01	2.21e-02	9.69e-05
 7.59234e+15	9.78e-01	2.17e-02	9.37e-05
 7.60473e+15	9.79e-01	2.13e-02	9.08e-05
 7.61831e+15	9.79e-01	2.10e-02	8.76e-05
 7.63298e+15	9.79e-01	2.06e-02	8.46e-05
 7.64632e+15	9.80e-01	2.02e-02	8.18e-05
 7.65846e+15	9.80e-01	1.99e-02	7.94e-05
 7.67177e+15	9.80e-01	1.96e-02	7.67e-05
 7.68613e+15	9.81e-01	1.93e-02	7.43e-05
 7.69920e+15	9.81e-01	1.90e-02	7.19e-05
 7.71352e+15	9.81e-01	1.86e-02	6.93e-05
 7.72899e+15	9.82e-01	1.83e-02	6.69e-05
 7.74306e+15	9.82e-01	1.80e-02	6.47e-05
 7.75848e+15	9.82e-01	1.76e-02	6.23e-05
 7.77512e+15	9.83e-01	1.73e-02	6.00e-05
 7.79027e+15	9.83e-01	1.70e-02	5.79e-05
 7.80405e+15	9.83e-01	1.67e-02	5.61e-05
 7.81916e+15	9.84e-01	1.64e-02	5.41e-05
 7.83547e+15	9.84e-01	1.61e-02	5.22e-05
 7.85031e+15	9.84e-01	1.59e-02	5.05e-05
 7.86657e+15	9.84e-01	1.56e-02	4.87e-05
 7.88412e+15	9.85e-01	1.53e-02	4.69e-05
 7.90010e+15	9.85e-01	1.50e-02	4.53e-05
 7.91760e+15	9.85e-01	1.47e-02	4.35e-05
 7.93650e+15	9.86e-01	1.44e-02	4.18e-05
 7.95370e+15	9.86e-01	1.42e-02	4.03e-05
 7.97255e+15	9.86e-01	1.39e-02	3.87e-05
 7.99289e+15	9.86e-01	1.36e-02	3.71e-05
 8.01141e+15	9.87e-01	1.33e-02	3.57e-05
 8.03169e+15	9.87e-01	1.30e-02	3.42e-05
 8.05360e+15	9.87e-01	1.27e-02	3.27e-05
 8.07353e+15	9.87e-01	1.25e-02	3.14e-05
 8.09537e+15	9.88e-01	1.22e-02	3.00e-05
 8.11895e+15	9.88e-01	1.19e-02	2.86e-05
 8.14040e+15	9.88e-01	1.17e-02	2.75e-05
 8.15993e+15	9.89e-01	1.14e-02	2.64e-05
 8.18132e+15	9.89e-01	1.12e-02	2.53e-05
 8.20442e+15	9.89e-01	1.09e-02	2.42e-05
 8.22544e+15	9.89e-01	1.07e-02	2.33e-05
 8.24847e+15	9.90e-01	1.05e-02	2.22e-05
 8.27334e+15	9.90e-01	1.02e-02	2.12e-05
 8.29597e+15	9.90e-01	1.00e-02	2.04e-05
 8.32076e+15	9.90e-01	9.78e-03	1.94e-05
 8.34753e+15	9.90e-01	9.54e-03	1.85e-05
 8.37189e+15	9.91e-01	9.34e-03	1.77e-05
 8.39859e+15	9.91e-01	9.10e-03	1.68e-05
 8.42740e+15	9.91e-01	8.87e-03	1.60e-05
 8.45363e+15	9.91e-01	8.67e-03	1.53e-05
 8.48236e+15	9.92e-01	8.44e-03	1.45e-05
 8.51339e+15	9.92e-01	8.21e-03	1.38e-05
 8.54162e+15	9.92e-01	8.02e-03	1.31e-05
 8.57255e+15	9.92e-01	7.80e-03	1.24e-05
 8.60595e+15	9.92e-01	7.58e-03	1.17e-05
 8.64255e+15	9.93e-01	7.34e-03	1.10e-05
 8.68878e+15	9.93e-01	7.05e-03	1.02e-05
 8.74004e+15	9.93e-01	6.75e-03	9.34e-06
 8.79093e+15	9.94e-01	6.48e-03	8.60e-06
 8.84213e+15	9.94e-01	6.21e-03	7.92e-06
 8.89561e+15	9.94e-01	5.95e-03	7.28e-06
 8.95150e+15	9.94e-01	5.69e-03	6.66e-06
 9.00923e+15	9.95e-01	5.44e-03	6.09e-06
 9.06877e+15	9.95e-01	5.20e-03	5.56e-06
 9.13042e+15	9.95e-01	4.96e-03	5.07e-06
 9.19412e+15	9.95e-01	4.72e-03	4.61e-06
 9.25928e+15	9.95e-01	4.50e-03	4.19e-06
 9.32472e+15	9.96e-01	4.29e-03	3.81e-06
 9.39092e+15	9.96e-01	4.09e-03	3.46e-06
 9.45919e+15	9.96e-01	3.89e-03	3.14e-06
 9.52909e+15	9.96e-01	3.70e-03	2.85e-06
 9.60002e+15	9.96e-01	3.52e-03	2.58e-06
 9.67199e+15	9.97e-01	3.35e-03	2.33e-06
 9.74526e+15	9.97e-01	3.19e-03	2.11e-06
 9.81993e+15	9.97e-01	3.03e-03	1.91e-06
 9.89594e+15	9.97e-01	2.88e-03	1.72e-06
 9.97331e+15	9.97e-01	2.73e-03	1.56e-06
 1.00521e+16	9.97e-01	2.59e-03	1.40e-06
 1.01324e+16	9.98e-01	2.46e-03	1.26e-06
 1.02142e+16	9.98e-01	2.33e-03	1.14e-06
 1.02975e+16	9.98e-01	2.21e-03	1.02e-06
 1.03822e+16	9.98e-01	2.09e-03	9.18e-07
 1.04688e+16	9.98e-01	1.98e-03	8.23e-07
 1.05570e+16	9.98e-01	1.87e-03	7.37e-07
 1.06471e+16	9.98e-01	1.77e-03	6.59e-07
 1.07389e+16	9.98e-01	1.67e-03	5.89e-07
 1.08325e+16	9.98e-01	1.58e-03	5.25e-07
 1.09282e+16	9.99e-01	1.49e-03	4.68e-07
 1.10258e+16	9.99e-01	1.41e-03	4.16e-07
 1.11257e+16	9.99e-01	1.32e-03	3.69e-07
 1.12277e+16	9.99e-01	1.25e-03	3.27e-07
 1.13321e+16	9.99e-01	1.17e-03	2.90e-07
 1.14390e+16	9.99e-01	1.10e-03	2.56e-07
 1.15486e+16	9.99e-01	1.03e-03	2.25e-07
 1.16608e+16	9.99e-01	9.67e-04	1.98e-07
 1.17760e+16	9.99e-01	9.05e-04	1.73e-07
 1.18943e+16	9.99e-01	8.46e-04	1.52e-07
 1.20160e+16	9.99e-01	7.89e-04	1.32e-07
 1.21411e+16	9.99e-01	7.35e-04	1.15e-07
 1.22693e+16	9.99e-01	6.85e-04	9.96e-08
 1.23992e+16	9.99e-01	6.37e-04	8.62e-08
 1.25338e+16	9.99e-01	5.91e-04	7.43e-08
 1.26763e+16	9.99e-01	5.46e-04	6.36e-08
 1.28249e+16	9.99e-01	5.04e-04	5.40e-08
 1.29785e+16	1.00e+00	4.63e-04	4.58e-08
 1.31378e+16	1.00e+00	4.25e-04	3.85e-08
 1.33043e+16	1.00e+00	3.89e-04	3.22e-08
 1.34789e+16	1.00e+00	3.54e-04	2.68e-08
 1.36624e+16	1.00e+00	3.21e-04	2.20e-08
 1.38557e+16	1.00e+00	2.90e-04	1.80e-08
 1.40609e+16	1.00e+00	2.60e-04	1.45e-08
 1.42788e+16	1.00e+00	2.32e-04	1.16e-08
 1.45132e+16	1.00e+00	2.06e-04	9.07e-09
 1.47655e+16	1.00e+00	1.81e-04	7.01e-09
 1.50348e+16	1.00e+00	1.57e-04	5.33e-09
 1.53343e+16	1.00e+00	1.35e-04	3.93e-09
 1.56706e+16	1.00e+00	1.14e-04	2.81e-09
 1.60443e+16	1.00e+00	9.48e-05	1.94e-09
 1.64792e+16	1.00e+00	7.65e-05	1.26e-09
 1.69771e+16	1.00e+00	6.04e-05	7.87e-10
 1.74982e+16	1.00e+00	4.73e-05	4.85e-10
 1.80123e+16	1.00e+00	3.75e-05	3.04e-10
 1.85191e+16	1.00e+00	2.98e-05	1.93e-10
 1.90327e+16	1.00e+00	2.38e-05	1.23e-10
 1.95584e+16	1.00e+00	1.89e-05	7.82e-11
 2.00944e+16	1.00e+00	1.51e-05	4.98e-11
 2.06409e+16	1.00e+00	1.20e-05	3.17e-11
 2.11996e+16	1.00e+00	9.61e-06	2.02e-11
 2.17711e+16	1.00e+00	7.65e-06	1.29e-11
 2.23553e+16	1.00e+00	6.09e-06	8.18e-12
 2.29448e+16	1.00e+00	4.88e-06	5.25e-12
 2.35287e+16	1.00e+00	3.93e-06	3.41e-12
 2.40976e+16	1.00e+00	3.19e-06	2.26e-12
 2.46410e+16	1.00e+00	2.63e-06	1.54e-12
 2.51628e+16	1.00e+00	2.19e-06	1.07e-12
 2.56719e+16	1.00e+00	1.84e-06	7.53e-13
 2.61660e+16	1.00e+00	1.55e-06	5.39e-13
 2.66433e+16	1.00e+00	1.32e-06	3.92e-13
 2.71032e+16	1.00e+00	1.14e-06	2.90e-13
 2.75454e+16	1.00e+00	9.85e-07	2.18e-13
 2.79705e+16	1.00e+00	8.58e-07	1.66e-13
 2.83786e+16	1.00e+00	7.54e-07	1.28e-13
 2.87704e+16	1.00e+00	6.66e-07	1.00e-13
 2.91458e+16	1.00e+00	5.93e-07	7.96e-14
 2.95044e+16	1.00e+00	5.31e-07	6.38e-14
 2.98470e+16	1.00e+00	4.78e-07	5.19e-14
 3.01747e+16	1.00e+00	4.33e-07	4.26e-14
 3.04883e+16	1.00e+00	3.94e-07	3.53e-14
 3.07877e+16	1.00e+00	3.60e-07	2.96e-14
 3.10733e+16	1.00e+00	3.31e-07	2.50e-14
 3.13456e+16	1.00e+00	3.05e-07	2.13e-14
 3.16059e+16	1.00e+00	2.83e-07	1.83e-14
 3.18546e+16	1.00e+00	2.63e-07	1.59e-14
 3.20924e+16	1.00e+00	2.46e-07	1.38e-14
 3.23195e+16	1.00e+00	2.30e-07	1.22e-14
 3.25363e+16	1.00e+00	2.16e-07	1.08e-14
 3.27437e+16	1.00e+00	2.04e-07	9.56e-15
 3.29421e+16	1.00e+00	1.93e-07	8.55e-15
 3.31321e+16	1.00e+00	1.83e-07	7.69e-15
 3.33142e+16	1.00e+00	1.73e-07	6.95e-15
 3.34890e+16	1.00e+00	1.65e-07	6.30e-15
 3.36567e+16	1.00e+00	1.58e-07	5.74e-15
 3.38180e+16	1.00e+00	1.51e-07	5.26e-15
 3.39733e+16	1.00e+00	1.44e-07	4.83e-15
 3.41231e+16	1.00e+00	1.38e-07	4.44e-15
 3.42680e+16	1.00e+00	1.33e-07	4.11e-15
 3.44083e+16	1.00e+00	1.28e-07	3.80e-15
 3.45445e+16	1.00e+00	1.23e-07	3.53e-15
 3.46771e+16	1.00e+00	1.19e-07	3.29e-15
 3.48064e+16	1.00e+00	1.15e-07	3.07e-15
 3.49331e+16	1.00e+00	1.11e-07	2.86e-15
 3.50577e+16	1.00e+00	1.07e-07	2.68e-15
 3.51807e+16	1.00e+00	1.04e-07	2.51e-15
 3.53029e+16	1.00e+00	1.00e-07	2.35e-15
 3.54247e+16	1.00e+00	9.70e-08	2.20e-15
 3.55469e+16	1.00e+00	9.39e-08	2.06e-15
 3.56705e+16	1.00e+00	9.08e-08	1.93e-15
 3.57965e+16	1.00e+00	8.78e-08	1.80e-15
 3.59263e+16	1.00e+00	8.47e-08	1.68e-15
 3.60613e+16	1.00e+00	8.17e-08	1.57e-15
 3.62036e+16	1.00e+00	7.87e-08	1.45e-15
 3.63556e+16	1.00e+00	7.55e-08	1.34e-15
 3.65209e+16	1.00e+00	7.22e-08	1.23e-15
 3.67044e+16	1.00e+00	6.88e-08	1.11e-15
 3.69132e+16	1.00e+00	6.50e-08	9.96e-16
 3.71573e+16	1.00e+00	6.09e-08	8.75e-16
 3.74523e+16	1.00e+00	5.63e-08	7.49e-16
 3.78234e+16	1.00e+00	5.10e-08	6.16e-16
 3.83029e+16	1.00e+00	4.49e-08	4.79e-16
 3.89262e+16	1.00e+00	3.82e-08	3.47e-16
 3.97365e+16	1.00e+00	3.10e-08	2.30e-16
 4.07899e+16	1.00e+00	2.38e-08	1.36e-16
 4.21593e+16	1.00e+00	1.70e-08	6.97e-17
 4.37151e+16	1.00e+00	1.18e-08	3.39e-17
 4.52787e+16	1.00e+00	8.26e-09	1.68e-17
 4.68420e+16	1.00e+00	5.84e-09	8.49e-18
 4.84051e+16	1.00e+00	4.17e-09	4.36e-18
 4.99679e+16	1.00e+00	3.00e-09	2.28e-18
 5.15305e+16	1.00e+00	2.18e-09	1.21e-18
 5.30928e+16	1.00e+00	1.59e-09	6.55e-19
 5.46548e+16	1.00e+00	1.17e-09	3.59e-19
 5.62166e+16	1.00e+00	8.71e-10	2.00e-19
 5.80125e+16	1.00e+00	6.18e-10	1.02e-19
 6.01712e+16	1.00e+00	4.17e-10	4.68e-20
 6.24695e+16	1.00e+00	2.78e-10	2.12e-20
 6.47790e+16	1.00e+00	1.88e-10	9.81e-21
 6.71644e+16	1.00e+00	1.27e-10	0.00e+00
 6.96258e+16	1.00e+00	8.56e-11	0.00e+00
 7.21721e+16	1.00e+00	5.76e-11	0.00e+00
 7.48421e+16	1.00e+00	3.86e-11	0.00e+00
 7.75905e+16	1.00e+00	2.59e-11	0.00e+00
 8.00974e+16	1.00e+00	1.83e-11	0.00e+00
 8.18772e+16	1.00e+00	1.45e-11	0.00e+00
 8.29009e+16	1.00e+00	1.28e-11	0.00e+00
 8.34717e+16	1.00e+00	1.19e-11	0.00e+00
 8.38141e+16	1.00e+00	1.14e-11	0.00e+00
 8.40340e+16	1.00e+00	1.11e-11	0.00e+00
 8.42133e+16	1.00e+00	1.08e-11	0.00e+00
 8.44054e+16	1.00e+00	1.05e-11	0.00e+00
 8.46275e+16	1.00e+00	1.02e-11	0.00e+00
 8.48440e+16	1.00e+00	9.93e-12	0.00e+00
 8.50271e+16	1.00e+00	9.70e-12	0.00e+00
 8.51835e+16	1.00e+00	9.51e-12	0.00e+00
 8.53315e+16	1.00e+00	9.32e-12	0.00e+00
 8.54846e+16	1.00e+00	9.14e-12	0.00e+00
 8.56321e+16	1.00e+00	8.96e-12	0.00e+00
 8.57663e+16	1.00e+00	8.80e-12	0.00e+00
 8.58933e+16	1.00e+00	8.66e-12	0.00e+00
 8.60119e+16	1.00e+00	8.53e-12	0.00e+00
 8.61166e+16	1.00e+00	8.41e-12	0.00e+00
 8.62213e+16	1.00e+00	8.30e-12	0.00e+00
 8.63355e+16	1.00e+00	8.17e-12	0.00e+00
 8.64415e+16	1.00e+00	8.06e-12	0.00e+00
 8.65286e+16	1.00e+00	7.97e-12	0.00e+00
 8.66060e+16	1.00e+00	7.89e-12	0.00e+00
 8.66918e+16	1.00e+00	7.80e-12	0.00e+00
 8.67876e+16	1.00e+00	7.70e-12	0.00e+00
 8.68723e+16	1.00e+00	7.62e-12	0.00e+00
 8.69436e+16	1.00e+00	7.55e-12	0.00e+00
 8.70177e+16	1.00e+00	7.47e-12	0.00e+00
 8.70978e+16	1.00e+00	7.39e-12	0.00e+00
 8.71710e+16	1.00e+00	7.32e-12	0.00e+00
 8.72363e+16	1.00e+00	7.26e-12	0.00e+00
 8.73073e+16	1.00e+00	7.19e-12	0.00e+00
 8.73818e+16	1.00e+00	7.12e-12	0.00e+00
 8.74476e+16	1.00e+00	7.05e-12	0.00e+00
 8.75106e+16	1.00e+00	7.00e-12	0.00e+00
 8.75785e+16	1.00e+00	6.93e-12	0.00e+00
 8.76495e+16	1.00e+00	6.86e-12	0.00e+00
 8.77169e+16	1.00e+00	6.80e-12	0.00e+00
 8.77784e+16	1.00e+00	6.75e-12	0.00e+00
 8.78405e+16	1.00e+00	6.69e-12	0.00e+00
 8.79078e+16	1.00e+00	6.63e-12	0.00e+00
 8.79786e+16	1.00e+00	6.56e-12	0.00e+00
 8.80472e+16	1.00e+00	6.50e-12	0.00e+00
 8.81133e+16	1.00e+00	6.44e-12	0.00e+00
 8.81805e+16	1.00e+00	6.38e-12	0.00e+00
 8.82490e+16	1.00e+00	6.32e-12	0.00e+00
 8.83195e+16	1.00e+00	6.26e-12	0.00e+00
 8.83919e+16	1.00e+00	6.19e-12	0.00e+00
 8.84648e+16	1.00e+00	6.13e-12	0.00e+00
 8.85374e+16	1.00e+00	6.07e-12	0.00e+00
 8.86110e+16	1.00e+00	6.01e-12	0.00e+00
 8.86924e+16	1.00e+00	5.94e-12	0.00e+00
 8.87795e+16	1.00e+00	5.86e-12	0.00e+00
 8.88622e+16	1.00e+00	5.80e-12	0.00e+00
 8.89399e+16	1.00e+00	5.73e-12	0.00e+00
 8.90171e+16	1.00e+00	5.67e-12	0.00e+00
 8.91019e+16	1.00e+00	5.60e-12	0.00e+00
 8.91981e+16	1.00e+00	5.52e-12	0.00e+00
 8.92955e+16	1.00e+00	5.45e-12	0.00e+00
 8.93858e+16	1.00e+00	5.38e-12	0.00e+00
 8.94728e+16	1.00e+00	5.32e-12	0.00e+00
 8.95687e+16	1.00e+00	5.24e-12	0.00e+00
 8.96775e+16	1.00e+00	5.16e-12	0.00e+00
 8.97875e+16	1.00e+00	5.08e-12	0.00e+00
 8.98911e+16	1.00e+00	5.00e-12	0.00e+00
 8.99961e+16	1.00e+00	4.93e-12	0.00e+00
 9.01096e+16	1.00e+00	4.85e-12	0.00e+00
 9.02301e+16	1.00e+00	4.76e-12	0.00e+00
 9.03439e+16	1.00e+00	4.69e-12	0.00e+00
 9.04642e+16	1.00e+00	4.60e-12	0.00e+00
 9.06050e+16	1.00e+00	4.51e-12	0.00e+00
 9.07472e+16	1.00e+00	4.42e-12	0.00e+00
 9.08768e+16	1.00e+00	4.34e-12	0.00e+00
 9.10037e+16	1.00e+00	4.26e-12	0.00e+00
 9.11459e+16	1.00e+00	4.17e-12	0.00e+00
 9.13025e+16	1.00e+00	4.07e-12	0.00e+00
 9.14638e+16	1.00e+00	3.98e-12	0.00e+00
 9.16217e+16	1.00e+00	3.89e-12	0.00e+00
 9.17762e+16	1.00e+00	3.81e-12	0.00e+00
 9.19398e+16	1.00e+00	3.71e-12	0.00e+00
 9.21231e+16	1.00e+00	3.61e-12	0.00e+00
 9.23118e+16	1.00e+00	3.52e-12	0.00e+00
 9.24918e+16	1.00e+00	3.43e-12	0.00e+00
 9.26738e+16	1.00e+00	3.34e-12	0.00e+00
 9.28688e+16	1.00e+00	3.24e-12	0.00e+00
 9.30795e+16	1.00e+00	3.14e-12	0.00e+00
 9.32948e+16	1.00e+00	3.05e-12	0.00e+00
 9.35039e+16	1.00e+00	2.96e-12	0.00e+00
 9.37173e+16	1.00e+00	2.86e-12	0.00e+00
 9.39482e+16	1.00e+00	2.77e-12	0.00e+00
 9.41928e+16	1.00e+00	2.67e-12	0.00e+00
 9.44352e+16	1.00e+00	2.58e-12	0.00e+00
 9.46756e+16	1.00e+00	2.49e-12	0.00e+00
 9.49282e+16	1.00e+00	2.40e-12	0.00e+00
 9.52022e+16	1.00e+00	2.30e-12	0.00e+00
 9.54863e+16	1.00e+00	2.21e-12	0.00e+00
 9.57747e+16	1.00e+00	2.12e-12	0.00e+00
 9.60658e+16	1.00e+00	2.03e-12	0.00e+00
 9.63611e+16	1.00e+00	1.95e-12	0.00e+00
 9.66642e+16	1.00e+00	1.86e-12	0.00e+00
 9.69760e+16	1.00e+00	1.78e-12	0.00e+00
 9.73062e+16	1.00e+00	1.69e-12	0.00e+00
 9.76527e+16	1.00e+00	1.61e-12	0.00e+00
 9.80069e+16	1.00e+00	1.53e-12	0.00e+00
 9.83649e+16	1.00e+00	1.46e-12	0.00e+00
 9.87335e+16	1.00e+00	1.38e-12	0.00e+00
 9.91364e+16	1.00e+00	1.30e-12	0.00e+00
 9.95573e+16	1.00e+00	1.23e-12	0.00e+00
 9.99778e+16	1.00e+00	1.16e-12	0.00e+00
 1.00404e+17	1.00e+00	1.10e-12	0.00e+00
 1.00845e+17	1.00e+00	1.03e-12	0.00e+00
 1.01304e+17	1.00e+00	9.69e-13	0.00e+00
 1.01792e+17	1.00e+00	9.07e-13	0.00e+00
 1.02325e+17	1.00e+00	8.45e-13	0.00e+00
 1.02866e+17	1.00e+00	7.89e-13	0.00e+00
 1.03401e+17	1.00e+00	7.37e-13	0.00e+00
 1.03938e+17	1.00e+00	6.89e-13	0.00e+00
 1.04459e+17	1.00e+00	6.46e-13	0.00e+00
 1.04944e+17	1.00e+00	6.09e-13	0.00e+00
 1.05398e+17	1.00e+00	5.76e-13	0.00e+00
 1.05848e+17	1.00e+00	5.45e-13	0.00e+00
 1.06317e+17	1.00e+00	5.14e-13	0.00e+00
 1.06808e+17	1.00e+00	4.84e-13	0.00e+00
 1.07306e+17	1.00e+00	4.55e-13	0.00e+00
 1.07765e+17	1.00e+00	4.29e-13	0.00e+00
 1.08151e+17	1.00e+00	4.08e-13	0.00e+00
 1.08471e+17	1.00e+00	3.92e-13	0.00e+00
 1.08756e+17	1.00e+00	3.78e-13	0.00e+00
 1.09028e+17	1.00e+00	3.66e-13	0.00e+00
 1.09291e+17	1.00e+00	3.53e-13	0.00e+00
 1.09538e+17	1.00e+00	3.42e-13	0.00e+00
 1.09767e+17	1.00e+00	3.32e-13	0.00e+00
 1.09978e+17	1.00e+00	3.23e-13	0.00e+00
 1.10181e+17	1.00e+00	3.15e-13	0.00e+00
 1.10378e+17	1.00e+00	3.07e-13	0.00e+00
 1.10571e+17	1.00e+00	2.99e-13	0.00e+00
 1.10756e+17	1.00e+00	2.92e-13	0.00e+00
 1.10934e+17	1.00e+00	2.86e-13	0.00e+00
 1.11107e+17	1.00e+00	2.80e-13	0.00e+00
 1.11277e+17	1.00e+00	2.74e-13	0.00e+00
 1.11443e+17	1.00e+00	2.68e-13	0.00e+00
 1.11606e+17	1.00e+00	2.62e-13	0.00e+00
 1.11766e+17	1.00e+00	2.57e-13	0.00e+00
 1.11922e+17	1.00e+00	2.52e-13	0.00e+00
 1.12076e+17	1.00e+00	2.47e-13	0.00e+00
 1.12228e+17	1.00e+00	2.43e-13	0.00e+00
 1.12378e+17	1.00e+00	2.38e-13	0.00e+00
 1.12526e+17	1.00e+00	2.34e-13	0.00e+00
 1.12673e+17	1.00e+00	2.30e-13	0.00e+00
 1.12817e+17	1.00e+00	2.26e-13	0.00e+00
 1.12983e+17	1.00e+00	2.21e-13	0.00e+00
 1.13198e+17	1.00e+00	2.15e-13	0.00e+00
 1.13477e+17	1.00e+00	2.08e-13	0.00e+00
 1.13841e+17	1.00e+00	1.99e-13	0.00e+00
 1.14313e+17	1.00e+00	1.88e-13	0.00e+00
 1.14898e+17	1.00e+00	1.75e-13	0.00e+00
 1.15519e+17	1.00e+00	1.63e-13	0.00e+00
 1.16080e+17	1.00e+00	1.52e-13	0.00e+00
 1.16573e+17	1.00e+00	1.44e-13	0.00e+00
 1.17053e+17	1.00e+00	1.36e-13	0.00e+00
 1.17567e+17	1.00e+00	1.28e-13	0.00e+00
 1.18125e+17	1.00e+00	1.21e-13	0.00e+00
 1.18697e+17	1.00e+00	1.13e-13	0.00e+00
 1.19260e+17	1.00e+00	1.06e-13	0.00e+00
 1.19819e+17	1.00e+00	9.97e-14	0.00e+00
 1.20399e+17	1.00e+00	9.34e-14	0.00e+00
 1.21023e+17	1.00e+00	8.71e-14	0.00e+00
 1.21701e+17	1.00e+00	8.08e-14	0.00e+00
 1.22432e+17	1.00e+00	7.45e-14	0.00e+00
 1.23231e+17	1.00e+00	6.83e-14	0.00e+00
 1.24138e+17	1.00e+00	6.17e-14	0.00e+00
 1.25229e+17	1.00e+00	5.47e-14	0.00e+00
 1.26616e+17	1.00e+00	4.71e-14	0.00e+00
 1.28420e+17	1.00e+00	3.87e-14	0.00e+00
 1.30765e+17	1.00e+00	3.01e-14	0.00e+00
 1.33813e+17	1.00e+00	2.18e-14	0.00e+00
 1.37573e+17	1.00e+00	1.48e-14	0.00e+00
 1.42259e+17	1.00e+00	9.24e-15	0.00e+00
 1.47806e+17	1.00e+00	5.35e-15	0.00e+00
 1.53422e+17	1.00e+00	3.13e-15	0.00e+00
 1.58560e+17	1.00e+00	1.91e-15	0.00e+00
 1.63350e+17	1.00e+00	1.21e-15	0.00e+00
 1.67139e+17	1.00e+00	8.39e-16	0.00e+00
 1.69413e+17	1.00e+00	6.66e-16	0.00e+00
 1.70778e+17	1.00e+00	5.76e-16	0.00e+00
 1.71596e+17	1.00e+00	5.25e-16	0.00e+00
 1.72087e+17	1.00e+00	4.95e-16	0.00e+00
 1.72382e+17	1.00e+00	4.78e-16	0.00e+00
 1.72562e+17	1.00e+00	4.67e-16	0.00e+00
 1.72702e+17	1.00e+00	4.59e-16	0.00e+00
 1.72865e+17	1.00e+00	4.50e-16	0.00e+00
 1.73076e+17	1.00e+00	4.39e-16	0.00e+00
 1.73332e+17	1.00e+00	4.25e-16	0.00e+00
 1.73593e+17	1.00e+00	4.11e-16	0.00e+00
 1.73811e+17	1.00e+00	3.99e-16	0.00e+00
 1.73984e+17	1.00e+00	3.90e-16	0.00e+00
 1.74146e+17	1.00e+00	3.81e-16	0.00e+00
 1.74336e+17	1.00e+00	3.72e-16	0.00e+00
 1.74564e+17	1.00e+00	3.60e-16	0.00e+00
 1.74799e+17	1.00e+00	3.48e-16	0.00e+00
 1.74999e+17	1.00e+00	3.38e-16	0.00e+00
 1.75159e+17	1.00e+00	3.30e-16	0.00e+00
 1.75307e+17	1.00e+00	3.23e-16	0.00e+00
 1.75477e+17	1.00e+00	3.14e-16	0.00e+00
 1.75681e+17	1.00e+00	3.05e-16	0.00e+00
 1.75892e+17	1.00e+00	2.94e-16	0.00e+00
 1.76075e+17	1.00e+00	2.85e-16	0.00e+00
 1.76224e+17	1.00e+00	2.78e-16	0.00e+00
 1.76361e+17	1.00e+00	2.72e-16	0.00e+00
 1.76515e+17	1.00e+00	2.65e-16	0.00e+00
 1.76697e+17	1.00e+00	2.56e-16	0.00e+00
 1.76888e+17	1.00e+00	2.47e-16	0.00e+00
 1.77057e+17	1.00e+00	2.39e-16	0.00e+00
 1.77197e+17	1.00e+00	2.32e-16	0.00e+00
 1.77325e+17	1.00e+00	2.27e-16	0.00e+00
 1.77467e+17	1.00e+00	2.20e-16	0.00e+00
 1.77634e+17	1.00e+00	2.13e-16	0.00e+00
 1.77811e+17	1.00e+00	2.05e-16	0.00e+00
 1.77970e+17	1.00e+00	1.98e-16	0.00e+00
 1.78103e+17	1.00e+00	1.92e-16	0.00e+00
 1.78225e+17	1.00e+00	1.86e-16	0.00e+00
 1.78359e+17	1.00e+00	1.81e-16	0.00e+00
 1.78518e+17	1.00e+00	1.74e-16	0.00e+00
 1.78686e+17	1.00e+00	1.67e-16	0.00e+00
 1.78839e+17	1.00e+00	1.61e-16	0.00e+00
 1.78968e+17	1.00e+00	1.56e-16	0.00e+00
 1.79088e+17	1.00e+00	1.51e-16	0.00e+00
 1.79219e+17	1.00e+00	1.46e-16	0.00e+00
 1.79371e+17	1.00e+00	1.40e-16	0.00e+00
 1.79534e+17	1.00e+00	1.34e-16	0.00e+00
 1.79685e+17	1.00e+00	1.29e-16	0.00e+00
 1.79814e+17	1.00e+00	1.24e-16	0.00e+00
 1.79935e+17	1.00e+00	1.20e-16	0.00e+00
 1.80066e+17	1.00e+00	1.16e-16	0.00e+00
 1.80217e+17	1.00e+00	1.11e-16	0.00e+00
 1.80377e+17	1.00e+00	1.06e-16	0.00e+00
 1.80530e+17	1.00e+00	1.01e-16	0.00e+00
 1.80664e+17	1.00e+00	9.69e-17	0.00e+00
 1.80789e+17	1.00e+00	9.33e-17	0.00e+00
 1.80923e+17	1.00e+00	8.98e-17	0.00e+00
 1.81076e+17	1.00e+00	8.59e-17	0.00e+00
 1.81241e+17	1.00e+00	8.17e-17	0.00e+00
 1.81398e+17	1.00e+00	7.77e-17	0.00e+00
 1.81539e+17	1.00e+00	7.43e-17	0.00e+00
 1.81673e+17	1.00e+00	7.13e-17	0.00e+00
 1.81816e+17	1.00e+00	6.83e-17	0.00e+00
 1.81978e+17	1.00e+00	6.51e-17	0.00e+00
 1.82152e+17	1.00e+00	6.18e-17	0.00e+00
 1.82319e+17	1.00e+00	5.86e-17	0.00e+00
 1.82473e+17	1.00e+00	5.58e-17	0.00e+00
 1.82622e+17	1.00e+00	5.33e-17	0.00e+00
 1.82783e+17	1.00e+00	5.09e-17	0.00e+00
 1.82962e+17	1.00e+00	4.83e-17	0.00e+00
 1.83153e+17	1.00e+00	4.57e-17	0.00e+00
 1.83340e+17	1.00e+00	4.32e-17	0.00e+00
 1.83516e+17	1.00e+00	4.10e-17	0.00e+00
 1.83692e+17	1.00e+00	3.91e-17	0.00e+00
 1.83883e+17	1.00e+00	3.71e-17	0.00e+00
 1.84095e+17	1.00e+00	3.51e-17	0.00e+00
 1.84320e+17	1.00e+00	3.30e-17	0.00e+00
 1.84544e+17	1.00e+00	3.11e-17	0.00e+00
