#depth	O	O+	O+2	O+3	O+4	O+5	O+6	O+7	O+8	O[1]	O[2]	O[3]
 1.49634e+10	1.50e-45	4.39e-36	2.34e-27	1.24e-19	9.25e-13	7.50e-07	1.00e+00	0.00e+00	0.00e+00	0.00e+00	0.00e+00	0.00e+00
 4.54887e+10	0.00e+00	6.52e-36	3.24e-27	1.61e-19	1.11e-12	8.28e-07	1.00e+00	1.20e-08	0.00e+00	0.00e+00	0.00e+00	0.00e+00
 7.72350e+10	3.86e-45	9.67e-36	4.49e-27	2.08e-19	1.34e-12	9.14e-07	1.00e+00	0.00e+00	0.00e+00	0.00e+00	0.00e+00	0.00e+00
 1.10251e+11	0.00e+00	1.43e-35	6.20e-27	2.69e-19	1.61e-12	1.01e-06	1.00e+00	0.00e+00	0.00e+00	0.00e+00	0.00e+00	0.00e+00
 1.39770e+11	9.13e-45	1.99e-35	8.17e-27	3.35e-19	1.89e-12	1.10e-06	1.00e+00	0.00e+00	0.00e+00	0.00e+00	0.00e+00	0.00e+00
 1.63878e+11	0.00e+00	2.59e-35	1.02e-26	3.98e-19	2.14e-12	1.18e-06	1.00e+00	0.00e+00	0.00e+00	0.00e+00	0.00e+00	0.00e+00
 1.90150e+11	1.73e-44	3.42e-35	1.28e-26	4.78e-19	2.45e-12	1.26e-06	1.00e+00	0.00e+00	0.00e+00	0.00e+00	0.00e+00	0.00e+00
 2.24062e+11	0.00e+00	4.81e-35	1.70e-26	6.00e-19	2.89e-12	1.38e-06	1.00e+00	0.00e+00	0.00e+00	0.00e+00	0.00e+00	0.00e+00
 2.60115e+11	3.92e-44	6.82e-35	2.27e-26	7.57e-19	3.42e-12	1.52e-06	1.00e+00	0.00e+00	0.00e+00	0.00e+00	0.00e+00	0.00e+00
 2.92056e+11	0.00e+00	9.16e-35	2.91e-26	9.23e-19	3.96e-12	1.64e-06	1.00e+00	0.00e+00	0.00e+00	0.00e+00	0.00e+00	0.00e+00
 3.26443e+11	7.97e-44	1.24e-34	3.75e-26	1.13e-18	4.60e-12	1.78e-06	1.00e+00	0.00e+00	0.00e+00	0.00e+00	0.00e+00	0.00e+00
 3.67761e+11	0.00e+00	1.77e-34	5.04e-26	1.44e-18	5.47e-12	1.96e-06	1.00e+00	0.00e+00	0.00e+00	0.00e+00	0.00e+00	0.00e+00
 4.09292e+11	1.79e-43	2.47e-34	6.69e-26	1.81e-18	6.47e-12	2.15e-06	1.00e+00	0.00e+00	0.00e+00	0.00e+00	0.00e+00	0.00e+00
 4.47632e+11	0.00e+00	3.33e-34	8.60e-26	2.21e-18	7.50e-12	2.34e-06	1.00e+00	0.00e+00	0.00e+00	0.00e+00	0.00e+00	0.00e+00
 4.90613e+11	3.71e-43	4.60e-34	1.13e-25	2.75e-18	8.80e-12	2.55e-06	1.00e+00	0.00e+00	0.00e+00	0.00e+00	0.00e+00	0.00e+00
 5.40164e+11	0.00e+00	6.54e-34	1.52e-25	3.51e-18	1.05e-11	2.81e-06	1.00e+00	0.00e+00	0.00e+00	0.00e+00	0.00e+00	0.00e+00
 5.88952e+11	8.29e-43	9.12e-34	2.01e-25	4.40e-18	1.24e-11	3.09e-06	1.00e+00	0.00e+00	0.00e+00	0.00e+00	0.00e+00	0.00e+00
 6.39691e+11	0.00e+00	1.27e-33	2.66e-25	5.53e-18	1.46e-11	3.39e-06	1.00e+00	0.00e+00	0.00e+00	0.00e+00	0.00e+00	0.00e+00
 6.95205e+11	1.83e-42	1.80e-33	3.57e-25	7.02e-18	1.74e-11	3.73e-06	1.00e+00	0.00e+00	0.00e+00	0.00e+00	0.00e+00	0.00e+00
 7.45350e+11	0.00e+00	2.42e-33	4.60e-25	8.63e-18	2.02e-11	4.06e-06	1.00e+00	0.00e+00	0.00e+00	0.00e+00	0.00e+00	0.00e+00
 7.85216e+11	3.40e-42	3.05e-33	5.60e-25	1.01e-17	2.27e-11	4.33e-06	1.00e+00	0.00e+00	0.00e+00	0.00e+00	0.00e+00	0.00e+00
 8.26664e+11	0.00e+00	3.86e-33	6.82e-25	1.19e-17	2.55e-11	4.62e-06	1.00e+00	0.00e+00	0.00e+00	0.00e+00	0.00e+00	0.00e+00
 8.80548e+11	6.28e-42	5.17e-33	8.75e-25	1.45e-17	2.95e-11	5.01e-06	1.00e+00	0.00e+00	0.00e+00	0.00e+00	0.00e+00	0.00e+00
 9.37837e+11	0.00e+00	6.97e-33	1.13e-24	1.79e-17	3.43e-11	5.45e-06	1.00e+00	0.00e+00	0.00e+00	0.00e+00	0.00e+00	0.00e+00
 9.87995e+11	1.19e-41	8.98e-33	1.40e-24	2.13e-17	3.89e-11	5.85e-06	1.00e+00	0.00e+00	0.00e+00	0.00e+00	0.00e+00	0.00e+00
 1.04164e+12	0.00e+00	1.17e-32	1.75e-24	2.56e-17	4.43e-11	6.29e-06	1.00e+00	0.00e+00	0.00e+00	0.00e+00	0.00e+00	0.00e+00
 1.10836e+12	2.33e-41	1.60e-32	2.29e-24	3.18e-17	5.18e-11	6.87e-06	1.00e+00	0.00e+00	0.00e+00	0.00e+00	0.00e+00	0.00e+00
 1.17618e+12	0.00e+00	2.18e-32	2.98e-24	3.94e-17	6.03e-11	7.49e-06	1.00e+00	0.00e+00	0.00e+00	0.00e+00	0.00e+00	0.00e+00
 1.23585e+12	4.51e-41	2.83e-32	3.72e-24	4.73e-17	6.86e-11	8.05e-06	1.00e+00	0.00e+00	0.00e+00	0.00e+00	0.00e+00	0.00e+00
 1.30083e+12	0.00e+00	3.73e-32	4.71e-24	5.72e-17	7.86e-11	8.69e-06	1.00e+00	0.00e+00	0.00e+00	0.00e+00	0.00e+00	0.00e+00
 1.37267e+12	8.74e-41	5.01e-32	6.05e-24	7.02e-17	9.09e-11	9.43e-06	1.00e+00	0.00e+00	0.00e+00	0.00e+00	0.00e+00	0.00e+00
 1.43906e+12	0.00e+00	6.51e-32	7.58e-24	8.43e-17	1.03e-10	1.01e-05	1.00e+00	0.00e+00	0.00e+00	0.00e+00	0.00e+00	0.00e+00
 1.51098e+12	1.64e-40	8.60e-32	9.60e-24	1.02e-16	1.18e-10	1.09e-05	1.00e+00	0.00e+00	0.00e+00	0.00e+00	0.00e+00	0.00e+00
 1.59110e+12	0.00e+00	1.16e-31	1.24e-23	1.25e-16	1.37e-10	1.19e-05	1.00e+00	0.00e+00	0.00e+00	0.00e+00	0.00e+00	0.00e+00
 1.66605e+12	3.15e-40	1.52e-31	1.56e-23	1.51e-16	1.56e-10	1.28e-05	1.00e+00	0.00e+00	0.00e+00	0.00e+00	0.00e+00	0.00e+00
 1.74764e+12	0.00e+00	2.02e-31	1.99e-23	1.84e-16	1.79e-10	1.38e-05	1.00e+00	0.00e+00	0.00e+00	0.00e+00	0.00e+00	0.00e+00
 1.83836e+12	6.23e-40	2.74e-31	2.58e-23	2.27e-16	2.08e-10	1.50e-05	1.00e+00	0.00e+00	0.00e+00	0.00e+00	0.00e+00	0.00e+00
 1.92313e+12	0.00e+00	3.62e-31	3.27e-23	2.75e-16	2.37e-10	1.62e-05	1.00e+00	0.00e+00	0.00e+00	0.00e+00	0.00e+00	0.00e+00
 2.01553e+12	1.21e-39	4.85e-31	4.20e-23	3.37e-16	2.72e-10	1.75e-05	1.00e+00	0.00e+00	0.00e+00	0.00e+00	0.00e+00	0.00e+00
 2.11882e+12	0.00e+00	6.65e-31	5.49e-23	4.18e-16	3.17e-10	1.90e-05	1.00e+00	0.00e+00	0.00e+00	0.00e+00	0.00e+00	0.00e+00
 2.21620e+12	2.42e-39	8.89e-31	7.02e-23	5.10e-16	3.63e-10	2.06e-05	1.00e+00	0.00e+00	0.00e+00	0.00e+00	0.00e+00	0.00e+00
 2.32273e+12	0.00e+00	1.21e-30	9.12e-23	6.28e-16	4.19e-10	2.23e-05	1.00e+00	0.00e+00	0.00e+00	0.00e+00	0.00e+00	0.00e+00
 2.44208e+12	5.07e-39	1.68e-30	1.21e-22	7.87e-16	4.90e-10	2.43e-05	1.00e+00	0.00e+00	0.00e+00	0.00e+00	0.00e+00	0.00e+00
 2.55525e+12	0.00e+00	2.29e-30	1.56e-22	9.68e-16	5.64e-10	2.63e-05	1.00e+00	0.00e+00	0.00e+00	0.00e+00	0.00e+00	0.00e+00
 2.67643e+12	1.04e-38	3.14e-30	2.05e-22	1.20e-15	6.53e-10	2.85e-05	1.00e+00	0.00e+00	0.00e+00	0.00e+00	0.00e+00	0.00e+00
 2.81342e+12	0.00e+00	4.44e-30	2.74e-22	1.51e-15	7.65e-10	3.11e-05	1.00e+00	0.00e+00	0.00e+00	0.00e+00	0.00e+00	0.00e+00
 2.94920e+12	2.28e-38	6.19e-30	3.62e-22	1.89e-15	8.90e-10	3.38e-05	1.00e+00	0.00e+00	0.00e+00	0.00e+00	0.00e+00	0.00e+00
 3.09041e+12	0.00e+00	8.68e-30	4.81e-22	2.36e-15	1.04e-09	3.67e-05	1.00e+00	0.00e+00	0.00e+00	0.00e+00	0.00e+00	0.00e+00
 3.24396e+12	5.04e-38	1.23e-29	6.45e-22	2.98e-15	1.21e-09	4.01e-05	1.00e+00	0.00e+00	0.00e+00	0.00e+00	0.00e+00	0.00e+00
 3.40364e+12	0.00e+00	1.76e-29	8.69e-22	3.76e-15	1.42e-09	4.37e-05	1.00e+00	0.00e+00	0.00e+00	0.00e+00	0.00e+00	0.00e+00
 3.55528e+12	1.12e-37	2.43e-29	1.14e-21	4.65e-15	1.64e-09	4.73e-05	1.00e+00	0.00e+00	0.00e+00	0.00e+00	0.00e+00	0.00e+00
 3.69180e+12	0.00e+00	3.23e-29	1.45e-21	5.61e-15	1.86e-09	5.06e-05	1.00e+00	0.00e+00	0.00e+00	0.00e+00	0.00e+00	0.00e+00
 3.81920e+12	2.10e-37	4.18e-29	1.79e-21	6.63e-15	2.08e-09	5.38e-05	1.00e+00	0.00e+00	0.00e+00	0.00e+00	0.00e+00	0.00e+00
 3.95977e+12	0.00e+00	5.53e-29	2.26e-21	7.95e-15	2.35e-09	5.75e-05	1.00e+00	0.00e+00	0.00e+00	0.00e+00	0.00e+00	0.00e+00
 4.11776e+12	4.16e-37	7.51e-29	2.91e-21	9.68e-15	2.69e-09	6.17e-05	1.00e+00	0.00e+00	0.00e+00	0.00e+00	0.00e+00	0.00e+00
 4.26873e+12	0.00e+00	9.96e-29	3.68e-21	1.16e-14	3.04e-09	6.59e-05	1.00e+00	0.00e+00	0.00e+00	0.00e+00	0.00e+00	0.00e+00
 4.43532e+12	8.26e-37	1.35e-28	4.73e-21	1.41e-14	3.46e-09	7.06e-05	1.00e+00	0.00e+00	0.00e+00	0.00e+00	0.00e+00	0.00e+00
 4.62102e+12	0.00e+00	1.88e-28	6.21e-21	1.74e-14	3.98e-09	7.61e-05	1.00e+00	0.00e+00	0.00e+00	0.00e+00	0.00e+00	0.00e+00
 4.79209e+12	1.71e-36	2.52e-28	7.91e-21	2.10e-14	4.52e-09	8.14e-05	1.00e+00	0.00e+00	0.00e+00	0.00e+00	0.00e+00	0.00e+00
 4.95025e+12	0.00e+00	3.28e-28	9.84e-21	2.48e-14	5.06e-09	8.64e-05	1.00e+00	0.00e+00	0.00e+00	0.00e+00	0.00e+00	0.00e+00
 5.13107e+12	3.32e-36	4.42e-28	1.26e-20	2.99e-14	5.73e-09	9.22e-05	1.00e+00	0.00e+00	0.00e+00	0.00e+00	0.00e+00	0.00e+00
 5.35290e+12	0.00e+00	6.32e-28	1.68e-20	3.73e-14	6.65e-09	9.96e-05	1.00e+00	0.00e+00	0.00e+00	0.00e+00	0.00e+00	0.00e+00
 5.57526e+12	7.52e-36	8.85e-28	2.22e-20	4.62e-14	7.67e-09	1.07e-04	1.00e+00	0.00e+00	0.00e+00	0.00e+00	0.00e+00	0.00e+00
 5.76892e+12	0.00e+00	1.18e-27	2.81e-20	5.54e-14	8.65e-09	1.14e-04	1.00e+00	0.00e+00	0.00e+00	0.00e+00	0.00e+00	0.00e+00
 5.97809e+12	1.53e-35	1.61e-27	3.60e-20	6.69e-14	9.82e-09	1.22e-04	1.00e+00	0.00e+00	0.00e+00	0.00e+00	0.00e+00	0.00e+00
 6.23320e+12	0.00e+00	2.32e-27	4.84e-20	8.36e-14	1.14e-08	1.32e-04	1.00e+00	0.00e+00	0.00e+00	0.00e+00	0.00e+00	0.00e+00
 6.49293e+12	3.55e-35	3.28e-27	6.44e-20	1.04e-13	1.32e-08	1.42e-04	1.00e+00	0.00e+00	0.00e+00	0.00e+00	0.00e+00	0.00e+00
 6.72778e+12	5.16e-35	4.49e-27	8.29e-20	1.26e-13	1.50e-08	1.52e-04	1.00e+00	0.00e+00	0.00e+00	0.00e+00	0.00e+00	0.00e+00
 6.98539e+12	7.69e-35	6.27e-27	1.08e-19	1.54e-13	1.72e-08	1.62e-04	1.00e+00	0.00e+00	0.00e+00	0.00e+00	0.00e+00	0.00e+00
 7.28857e+12	1.21e-34	9.18e-27	1.47e-19	1.94e-13	2.00e-08	1.76e-04	1.00e+00	0.00e+00	0.00e+00	0.00e+00	0.00e+00	0.00e+00
 7.59099e+12	1.85e-34	1.31e-26	1.97e-19	2.42e-13	2.32e-08	1.89e-04	1.00e+00	0.00e+00	0.00e+00	0.00e+00	0.00e+00	0.00e+00
 7.87543e+12	2.76e-34	1.83e-26	2.58e-19	2.97e-13	2.65e-08	2.02e-04	1.00e+00	0.00e+00	0.00e+00	0.00e+00	0.00e+00	0.00e+00
 8.19029e+12	4.24e-34	2.62e-26	3.43e-19	3.68e-13	3.06e-08	2.18e-04	1.00e+00	0.00e+00	0.00e+00	0.00e+00	0.00e+00	0.00e+00
 8.54783e+12	6.80e-34	3.88e-26	4.70e-19	4.65e-13	3.58e-08	2.35e-04	1.00e+00	0.00e+00	0.00e+00	0.00e+00	0.00e+00	0.00e+00
 8.90772e+12	1.06e-33	5.63e-26	6.36e-19	5.84e-13	4.17e-08	2.54e-04	1.00e+00	0.00e+00	0.00e+00	0.00e+00	0.00e+00	0.00e+00
 9.28201e+12	1.68e-33	8.25e-26	8.63e-19	7.34e-13	4.85e-08	2.74e-04	1.00e+00	0.00e+00	0.00e+00	0.00e+00	0.00e+00	0.00e+00
 9.68322e+12	2.70e-33	1.22e-25	1.18e-18	9.29e-13	5.68e-08	2.96e-04	1.00e+00	0.00e+00	0.00e+00	0.00e+00	0.00e+00	0.00e+00
 1.01005e+13	4.32e-33	1.81e-25	1.62e-18	1.18e-12	6.64e-08	3.20e-04	1.00e+00	0.00e+00	0.00e+00	0.00e+00	0.00e+00	0.00e+00
 1.05033e+13	6.69e-33	2.61e-25	2.17e-18	1.46e-12	7.68e-08	3.44e-04	1.00e+00	0.00e+00	0.00e+00	0.00e+00	0.00e+00	0.00e+00
 1.08804e+13	9.94e-33	3.63e-25	2.83e-18	1.78e-12	8.76e-08	3.67e-04	1.00e+00	0.00e+00	0.00e+00	0.00e+00	0.00e+00	0.00e+00
 1.12355e+13	1.42e-32	4.88e-25	3.59e-18	2.13e-12	9.88e-08	3.90e-04	1.00e+00	0.00e+00	0.00e+00	0.00e+00	0.00e+00	0.00e+00
 1.16220e+13	2.08e-32	6.72e-25	4.64e-18	2.58e-12	1.12e-07	4.15e-04	1.00e+00	0.00e+00	0.00e+00	0.00e+00	0.00e+00	0.00e+00
 1.20539e+13	3.16e-32	9.50e-25	6.12e-18	3.17e-12	1.29e-07	4.44e-04	1.00e+00	0.00e+00	0.00e+00	0.00e+00	0.00e+00	0.00e+00
 1.24622e+13	4.59e-32	1.30e-24	7.87e-18	3.83e-12	1.46e-07	4.73e-04	1.00e+00	0.00e+00	0.00e+00	0.00e+00	0.00e+00	0.00e+00
 1.29103e+13	6.87e-32	1.81e-24	1.03e-17	4.68e-12	1.67e-07	5.05e-04	9.99e-01	0.00e+00	0.00e+00	0.00e+00	0.00e+00	0.00e+00
 1.34122e+13	1.04e-31	2.58e-24	1.37e-17	5.81e-12	1.93e-07	5.43e-04	9.99e-01	0.00e+00	0.00e+00	0.00e+00	0.00e+00	0.00e+00
 1.38870e+13	1.56e-31	3.59e-24	1.79e-17	7.08e-12	2.20e-07	5.80e-04	9.99e-01	0.00e+00	0.00e+00	0.00e+00	0.00e+00	0.00e+00
 1.44071e+13	2.38e-31	5.12e-24	2.37e-17	8.73e-12	2.53e-07	6.21e-04	9.99e-01	0.00e+00	0.00e+00	0.00e+00	0.00e+00	0.00e+00
 1.50101e+13	3.78e-31	7.53e-24	3.24e-17	1.10e-11	2.95e-07	6.72e-04	9.99e-01	0.00e+00	0.00e+00	0.00e+00	0.00e+00	0.00e+00
 1.55989e+13	5.76e-31	1.07e-23	4.33e-17	1.37e-11	3.42e-07	7.23e-04	9.99e-01	0.00e+00	0.00e+00	0.00e+00	0.00e+00	0.00e+00
 1.61549e+13	8.68e-31	1.51e-23	5.67e-17	1.68e-11	3.91e-07	7.72e-04	9.99e-01	0.00e+00	0.00e+00	0.00e+00	0.00e+00	0.00e+00
 1.67746e+13	1.30e-30	2.13e-23	7.54e-17	2.08e-11	4.51e-07	8.31e-04	9.99e-01	0.00e+00	0.00e+00	0.00e+00	0.00e+00	0.00e+00
 1.74241e+13	2.01e-30	3.06e-23	1.01e-16	2.59e-11	5.22e-07	8.93e-04	9.99e-01	0.00e+00	0.00e+00	0.00e+00	0.00e+00	0.00e+00
 1.80019e+13	2.89e-30	4.15e-23	1.30e-16	3.13e-11	5.91e-07	9.51e-04	9.99e-01	0.00e+00	0.00e+00	0.00e+00	0.00e+00	0.00e+00
 1.86273e+13	4.30e-30	5.77e-23	1.69e-16	3.81e-11	6.74e-07	1.02e-03	9.99e-01	0.00e+00	0.00e+00	0.00e+00	0.00e+00	0.00e+00
 1.93754e+13	6.57e-30	8.27e-23	2.27e-16	4.78e-11	7.84e-07	1.10e-03	9.99e-01	0.00e+00	0.00e+00	0.00e+00	0.00e+00	0.00e+00
 2.01104e+13	1.01e-29	1.19e-22	3.03e-16	5.92e-11	9.05e-07	1.18e-03	9.99e-01	0.00e+00	0.00e+00	0.00e+00	0.00e+00	0.00e+00
 2.07665e+13	1.42e-29	1.58e-22	3.87e-16	7.13e-11	1.02e-06	1.26e-03	9.99e-01	0.00e+00	0.00e+00	0.00e+00	0.00e+00	0.00e+00
 2.14926e+13	2.12e-29	2.21e-22	5.05e-16	8.70e-11	1.17e-06	1.34e-03	9.99e-01	0.00e+00	0.00e+00	0.00e+00	0.00e+00	0.00e+00
 2.23561e+13	3.24e-29	3.17e-22	6.82e-16	1.09e-10	1.36e-06	1.45e-03	9.99e-01	0.00e+00	0.00e+00	0.00e+00	0.00e+00	0.00e+00
 2.32106e+13	4.90e-29	4.50e-22	9.09e-16	1.36e-10	1.57e-06	1.56e-03	9.98e-01	0.00e+00	0.00e+00	0.00e+00	0.00e+00	0.00e+00
 2.39921e+13	7.07e-29	6.13e-22	1.17e-15	1.65e-10	1.79e-06	1.66e-03	9.98e-01	0.00e+00	0.00e+00	0.00e+00	0.00e+00	0.00e+00
 2.48660e+13	1.05e-28	8.58e-22	1.55e-15	2.03e-10	2.06e-06	1.78e-03	9.98e-01	0.00e+00	0.00e+00	0.00e+00	0.00e+00	0.00e+00
 2.58821e+13	1.63e-28	1.24e-21	2.10e-15	2.56e-10	2.40e-06	1.93e-03	9.98e-01	0.00e+00	0.00e+00	0.00e+00	0.00e+00	0.00e+00
 2.68789e+13	2.52e-28	1.79e-21	2.82e-15	3.19e-10	2.78e-06	2.08e-03	9.98e-01	0.00e+00	0.00e+00	0.00e+00	0.00e+00	0.00e+00
 2.78207e+13	3.60e-28	2.43e-21	3.67e-15	3.89e-10	3.18e-06	2.23e-03	9.98e-01	0.00e+00	0.00e+00	0.00e+00	0.00e+00	0.00e+00
 2.88686e+13	5.44e-28	3.45e-21	4.88e-15	4.83e-10	3.67e-06	2.40e-03	9.98e-01	0.00e+00	0.00e+00	0.00e+00	0.00e+00	0.00e+00
 3.00532e+13	8.59e-28	5.06e-21	6.67e-15	6.11e-10	4.29e-06	2.59e-03	9.97e-01	0.00e+00	0.00e+00	0.00e+00	0.00e+00	0.00e+00
 3.12386e+13	1.28e-27	7.16e-21	8.98e-15	7.65e-10	4.99e-06	2.80e-03	9.97e-01	0.00e+00	0.00e+00	0.00e+00	0.00e+00	0.00e+00
 3.23488e+13	1.92e-27	1.00e-20	1.18e-14	9.39e-10	5.71e-06	3.00e-03	9.97e-01	0.00e+00	0.00e+00	0.00e+00	0.00e+00	0.00e+00
 3.35500e+13	2.79e-27	1.39e-20	1.56e-14	1.16e-09	6.59e-06	3.23e-03	9.97e-01	0.00e+00	0.00e+00	0.00e+00	0.00e+00	0.00e+00
 3.48926e+13	4.32e-27	2.00e-20	2.11e-14	1.46e-09	7.67e-06	3.49e-03	9.97e-01	0.00e+00	0.00e+00	0.00e+00	0.00e+00	0.00e+00
 3.61487e+13	6.45e-27	2.81e-20	2.78e-14	1.80e-09	8.81e-06	3.74e-03	9.96e-01	0.00e+00	0.00e+00	0.00e+00	0.00e+00	0.00e+00
 3.73157e+13	9.08e-27	3.76e-20	3.56e-14	2.17e-09	9.97e-06	3.98e-03	9.96e-01	0.00e+00	0.00e+00	0.00e+00	0.00e+00	0.00e+00
 3.84365e+13	1.25e-26	4.95e-20	4.48e-14	2.58e-09	1.12e-05	4.22e-03	9.96e-01	0.00e+00	0.00e+00	0.00e+00	0.00e+00	0.00e+00
 3.96781e+13	1.77e-26	6.65e-20	5.73e-14	3.10e-09	1.27e-05	4.50e-03	9.95e-01	0.00e+00	0.00e+00	0.00e+00	0.00e+00	0.00e+00
 4.10521e+13	2.57e-26	9.12e-20	7.47e-14	3.79e-09	1.45e-05	4.81e-03	9.95e-01	0.00e+00	0.00e+00	0.00e+00	0.00e+00	0.00e+00
 4.23329e+13	3.57e-26	1.21e-19	9.49e-14	4.54e-09	1.63e-05	5.12e-03	9.95e-01	0.00e+00	0.00e+00	0.00e+00	0.00e+00	0.00e+00
 4.37321e+13	5.09e-26	1.64e-19	1.22e-13	5.49e-09	1.85e-05	5.46e-03	9.95e-01	0.00e+00	0.00e+00	0.00e+00	0.00e+00	0.00e+00
 4.53036e+13	7.31e-26	2.24e-19	1.61e-13	6.76e-09	2.13e-05	5.85e-03	9.94e-01	0.00e+00	0.00e+00	0.00e+00	0.00e+00	0.00e+00
 4.68014e+13	1.06e-25	3.07e-19	2.07e-13	8.18e-09	2.42e-05	6.24e-03	9.94e-01	0.00e+00	0.00e+00	0.00e+00	0.00e+00	0.00e+00
 4.84512e+13	1.51e-25	4.18e-19	2.71e-13	1.00e-08	2.77e-05	6.69e-03	9.93e-01	0.00e+00	0.00e+00	0.00e+00	0.00e+00	0.00e+00
 5.02689e+13	2.30e-25	5.93e-19	3.62e-13	1.25e-08	3.20e-05	7.19e-03	9.93e-01	0.00e+00	0.00e+00	0.00e+00	0.00e+00	0.00e+00
 5.19429e+13	3.20e-25	7.93e-19	4.66e-13	1.51e-08	3.64e-05	7.68e-03	9.92e-01	0.00e+00	0.00e+00	0.00e+00	0.00e+00	0.00e+00
 5.37570e+13	4.70e-25	1.10e-18	6.10e-13	1.85e-08	4.16e-05	8.22e-03	9.92e-01	0.00e+00	0.00e+00	0.00e+00	0.00e+00	0.00e+00
 5.57844e+13	6.85e-25	1.53e-18	8.12e-13	2.30e-08	4.81e-05	8.86e-03	9.91e-01	0.00e+00	0.00e+00	0.00e+00	0.00e+00	0.00e+00
 5.76902e+13	9.97e-25	2.10e-18	1.06e-12	2.80e-08	5.49e-05	9.46e-03	9.90e-01	0.00e+00	0.00e+00	0.00e+00	0.00e+00	0.00e+00
 5.97690e+13	1.42e-24	2.86e-18	1.39e-12	3.45e-08	6.30e-05	1.02e-02	9.90e-01	0.00e+00	0.00e+00	0.00e+00	0.00e+00	0.00e+00
 6.20779e+13	2.17e-24	4.10e-18	1.87e-12	4.31e-08	7.31e-05	1.10e-02	9.89e-01	0.00e+00	0.00e+00	0.00e+00	0.00e+00	0.00e+00
 6.42369e+13	3.03e-24	5.51e-18	2.43e-12	5.27e-08	8.36e-05	1.18e-02	9.88e-01	0.00e+00	0.00e+00	0.00e+00	0.00e+00	0.00e+00
 6.65821e+13	4.44e-24	7.66e-18	3.21e-12	6.51e-08	9.62e-05	1.26e-02	9.87e-01	0.00e+00	0.00e+00	0.00e+00	0.00e+00	0.00e+00
 6.92015e+13	6.63e-24	1.08e-17	4.33e-12	8.17e-08	1.12e-04	1.36e-02	9.86e-01	0.00e+00	0.00e+00	0.00e+00	0.00e+00	0.00e+00
 7.16881e+13	9.68e-24	1.50e-17	5.70e-12	1.01e-07	1.29e-04	1.46e-02	9.85e-01	0.00e+00	0.00e+00	0.00e+00	0.00e+00	0.00e+00
 7.43479e+13	1.38e-23	2.05e-17	7.55e-12	1.25e-07	1.48e-04	1.58e-02	9.84e-01	0.00e+00	0.00e+00	0.00e+00	0.00e+00	0.00e+00
 7.73517e+13	2.06e-23	2.93e-17	1.02e-11	1.57e-07	1.73e-04	1.71e-02	9.83e-01	0.00e+00	0.00e+00	0.00e+00	0.00e+00	0.00e+00
 8.03083e+13	3.02e-23	4.09e-17	1.37e-11	1.96e-07	2.00e-04	1.85e-02	9.81e-01	0.00e+00	0.00e+00	0.00e+00	0.00e+00	0.00e+00
 8.33832e+13	4.51e-23	5.77e-17	1.83e-11	2.45e-07	2.32e-04	1.99e-02	9.80e-01	0.00e+00	0.00e+00	0.00e+00	0.00e+00	0.00e+00
 8.67484e+13	6.56e-23	8.09e-17	2.48e-11	3.09e-07	2.71e-04	2.16e-02	9.78e-01	0.00e+00	0.00e+00	0.00e+00	0.00e+00	0.00e+00
 9.00684e+13	9.52e-23	1.13e-16	3.30e-11	3.85e-07	3.14e-04	2.34e-02	9.76e-01	0.00e+00	0.00e+00	0.00e+00	0.00e+00	0.00e+00
 9.28135e+13	1.29e-22	1.47e-16	4.16e-11	4.60e-07	3.53e-04	2.48e-02	9.75e-01	0.00e+00	0.00e+00	0.00e+00	0.00e+00	0.00e+00
 9.50132e+13	1.62e-22	1.80e-16	4.97e-11	5.28e-07	3.86e-04	2.61e-02	9.74e-01	0.00e+00	0.00e+00	0.00e+00	0.00e+00	0.00e+00
 9.74491e+13	2.09e-22	2.26e-16	6.04e-11	6.12e-07	4.26e-04	2.75e-02	9.72e-01	0.00e+00	0.00e+00	0.00e+00	0.00e+00	0.00e+00
 1.00616e+14	2.83e-22	2.97e-16	7.70e-11	7.39e-07	4.83e-04	2.94e-02	9.70e-01	0.00e+00	0.00e+00	0.00e+00	0.00e+00	0.00e+00
 1.04010e+14	3.91e-22	3.96e-16	9.92e-11	8.98e-07	5.49e-04	3.15e-02	9.68e-01	0.00e+00	0.00e+00	0.00e+00	0.00e+00	0.00e+00
 1.07020e+14	5.19e-22	5.09e-16	1.23e-10	1.06e-06	6.13e-04	3.34e-02	9.66e-01	0.00e+00	0.00e+00	0.00e+00	0.00e+00	0.00e+00
 1.10255e+14	6.84e-22	6.55e-16	1.54e-10	1.26e-06	6.88e-04	3.56e-02	9.64e-01	0.00e+00	0.00e+00	0.00e+00	0.00e+00	0.00e+00
 1.14340e+14	9.76e-22	9.01e-16	2.04e-10	1.56e-06	7.92e-04	3.84e-02	9.61e-01	0.00e+00	0.00e+00	0.00e+00	0.00e+00	0.00e+00
 1.18485e+14	1.36e-21	1.22e-15	2.67e-10	1.93e-06	9.08e-04	4.14e-02	9.58e-01	0.00e+00	0.00e+00	0.00e+00	0.00e+00	0.00e+00
 1.22025e+14	1.81e-21	1.58e-15	3.34e-10	2.29e-06	1.02e-03	4.40e-02	9.55e-01	0.00e+00	0.00e+00	0.00e+00	0.00e+00	0.00e+00
 1.25820e+14	2.42e-21	2.06e-15	4.22e-10	2.74e-06	1.14e-03	4.69e-02	9.52e-01	0.00e+00	0.00e+00	0.00e+00	0.00e+00	0.00e+00
 1.30540e+14	3.42e-21	2.82e-15	5.58e-10	3.40e-06	1.32e-03	5.07e-02	9.48e-01	0.00e+00	0.00e+00	0.00e+00	0.00e+00	0.00e+00
 1.35367e+14	4.83e-21	3.86e-15	7.35e-10	4.21e-06	1.52e-03	5.47e-02	9.44e-01	0.00e+00	0.00e+00	0.00e+00	0.00e+00	0.00e+00
 1.39626e+14	6.53e-21	5.08e-15	9.31e-10	5.04e-06	1.71e-03	5.83e-02	9.40e-01	0.00e+00	0.00e+00	0.00e+00	0.00e+00	0.00e+00
 1.44241e+14	8.81e-21	6.70e-15	1.19e-09	6.10e-06	1.93e-03	6.24e-02	9.36e-01	0.00e+00	0.00e+00	0.00e+00	0.00e+00	0.00e+00
 1.49802e+14	1.26e-20	9.31e-15	1.59e-09	7.61e-06	2.23e-03	6.76e-02	9.30e-01	0.00e+00	0.00e+00	0.00e+00	0.00e+00	0.00e+00
 1.55311e+14	1.78e-20	1.28e-14	2.10e-09	9.39e-06	2.56e-03	7.27e-02	9.25e-01	0.00e+00	0.00e+00	0.00e+00	0.00e+00	0.00e+00
 1.60239e+14	2.41e-20	1.69e-14	2.66e-09	1.13e-05	2.88e-03	7.77e-02	9.19e-01	0.00e+00	0.00e+00	0.00e+00	0.00e+00	0.00e+00
 1.65694e+14	3.30e-20	2.26e-14	3.43e-09	1.37e-05	3.26e-03	8.31e-02	9.14e-01	0.00e+00	0.00e+00	0.00e+00	0.00e+00	0.00e+00
 1.72167e+14	4.83e-20	3.19e-14	4.60e-09	1.71e-05	3.77e-03	9.00e-02	9.06e-01	0.00e+00	0.00e+00	0.00e+00	0.00e+00	0.00e+00
 1.78569e+14	6.87e-20	4.41e-14	6.08e-09	2.11e-05	4.32e-03	9.69e-02	8.99e-01	0.00e+00	0.00e+00	0.00e+00	0.00e+00	0.00e+00
 1.84437e+14	9.35e-20	5.85e-14	7.79e-09	2.55e-05	4.87e-03	1.03e-01	8.92e-01	0.00e+00	0.00e+00	0.00e+00	0.00e+00	0.00e+00
 1.91008e+14	1.34e-19	8.08e-14	1.02e-08	3.12e-05	5.54e-03	1.11e-01	8.84e-01	0.00e+00	0.00e+00	0.00e+00	0.00e+00	0.00e+00
 1.98631e+14	1.97e-19	1.15e-13	1.38e-08	3.91e-05	6.41e-03	1.20e-01	8.74e-01	0.00e+00	0.00e+00	0.00e+00	0.00e+00	0.00e+00
 2.06145e+14	2.86e-19	1.61e-13	1.83e-08	4.84e-05	7.34e-03	1.29e-01	8.64e-01	0.00e+00	0.00e+00	0.00e+00	0.00e+00	0.00e+00
 2.13343e+14	4.03e-19	2.21e-13	2.38e-08	5.90e-05	8.32e-03	1.37e-01	8.54e-01	0.00e+00	0.00e+00	0.00e+00	0.00e+00	0.00e+00
 2.19643e+14	5.41e-19	2.88e-13	2.97e-08	6.97e-05	9.25e-03	1.45e-01	8.46e-01	0.00e+00	0.00e+00	0.00e+00	0.00e+00	0.00e+00
 2.24827e+14	6.87e-19	3.58e-13	3.56e-08	7.96e-05	1.01e-02	1.52e-01	8.38e-01	0.00e+00	0.00e+00	0.00e+00	0.00e+00	0.00e+00
 2.30528e+14	8.87e-19	4.50e-13	4.31e-08	9.18e-05	1.10e-02	1.59e-01	8.30e-01	0.00e+00	0.00e+00	0.00e+00	0.00e+00	0.00e+00
 2.37938e+14	1.22e-18	6.02e-13	5.49e-08	1.10e-04	1.23e-02	1.68e-01	8.19e-01	0.00e+00	0.00e+00	0.00e+00	0.00e+00	0.00e+00
 2.45756e+14	1.67e-18	8.02e-13	7.03e-08	1.32e-04	1.38e-02	1.78e-01	8.08e-01	0.00e+00	0.00e+00	0.00e+00	0.00e+00	0.00e+00
 2.52525e+14	2.26e-18	1.05e-12	8.65e-08	1.54e-04	1.52e-02	1.87e-01	7.97e-01	0.00e+00	0.00e+00	0.00e+00	0.00e+00	0.00e+00
 2.59749e+14	3.04e-18	1.36e-12	1.07e-07	1.80e-04	1.68e-02	1.97e-01	7.86e-01	0.00e+00	0.00e+00	0.00e+00	0.00e+00	0.00e+00
 2.69123e+14	4.41e-18	1.90e-12	1.41e-07	2.20e-04	1.91e-02	2.09e-01	7.72e-01	0.00e+00	0.00e+00	0.00e+00	0.00e+00	0.00e+00
 2.78737e+14	6.35e-18	2.62e-12	1.84e-07	2.67e-04	2.15e-02	2.22e-01	7.57e-01	0.00e+00	0.00e+00	0.00e+00	0.00e+00	0.00e+00
 2.86762e+14	8.40e-18	3.38e-12	2.28e-07	3.13e-04	2.37e-02	2.32e-01	7.44e-01	0.00e+00	0.00e+00	0.00e+00	0.00e+00	0.00e+00
 2.95279e+14	1.14e-17	4.44e-12	2.84e-07	3.68e-04	2.62e-02	2.43e-01	7.30e-01	0.00e+00	0.00e+00	0.00e+00	0.00e+00	0.00e+00
 3.06109e+14	1.73e-17	6.32e-12	3.73e-07	4.48e-04	2.96e-02	2.57e-01	7.12e-01	0.00e+00	0.00e+00	0.00e+00	0.00e+00	0.00e+00
 3.17473e+14	2.58e-17	8.88e-12	4.91e-07	5.47e-04	3.35e-02	2.72e-01	6.94e-01	0.00e+00	0.00e+00	1.48e-17	7.82e-18	2.75e-18
 3.27620e+14	3.61e-17	1.19e-11	6.21e-07	6.48e-04	3.71e-02	2.85e-01	6.77e-01	0.00e+00	0.00e+00	2.07e-17	1.10e-17	3.84e-18
 3.38660e+14	5.11e-17	1.61e-11	7.94e-07	7.73e-04	4.13e-02	2.98e-01	6.59e-01	0.00e+00	0.00e+00	2.93e-17	1.56e-17	5.41e-18
 3.51813e+14	7.76e-17	2.31e-11	1.05e-06	9.47e-04	4.67e-02	3.14e-01	6.38e-01	0.00e+00	0.00e+00	4.45e-17	2.36e-17	8.16e-18
 3.64816e+14	1.14e-16	3.22e-11	1.37e-06	1.15e-03	5.24e-02	3.29e-01	6.17e-01	0.00e+00	0.00e+00	6.53e-17	3.46e-17	1.19e-17
 3.76628e+14	1.61e-16	4.33e-11	1.74e-06	1.35e-03	5.78e-02	3.43e-01	5.98e-01	0.00e+00	0.00e+00	9.23e-17	4.88e-17	1.67e-17
 3.89792e+14	2.25e-16	5.83e-11	2.23e-06	1.62e-03	6.42e-02	3.57e-01	5.77e-01	0.00e+00	0.00e+00	1.30e-16	6.85e-17	2.34e-17
 4.05192e+14	3.53e-16	8.48e-11	2.95e-06	1.97e-03	7.21e-02	3.73e-01	5.53e-01	0.00e+00	0.00e+00	2.03e-16	1.07e-16	3.64e-17
 4.20371e+14	5.26e-16	1.19e-10	3.83e-06	2.37e-03	8.04e-02	3.87e-01	5.30e-01	0.00e+00	0.00e+00	3.03e-16	1.60e-16	5.40e-17
 4.34669e+14	7.55e-16	1.61e-10	4.86e-06	2.80e-03	8.85e-02	4.00e-01	5.08e-01	0.00e+00	0.00e+00	4.36e-16	2.29e-16	7.73e-17
 4.50598e+14	1.08e-15	2.18e-10	6.25e-06	3.34e-03	9.79e-02	4.13e-01	4.85e-01	0.00e+00	0.00e+00	6.21e-16	3.27e-16	1.10e-16
 4.68652e+14	1.72e-15	3.19e-10	8.24e-06	4.05e-03	1.09e-01	4.28e-01	4.59e-01	0.00e+00	0.00e+00	9.94e-16	5.22e-16	1.75e-16
 4.83771e+14	2.43e-15	4.24e-10	1.02e-05	4.71e-03	1.19e-01	4.38e-01	4.39e-01	0.00e+00	0.00e+00	1.40e-15	7.36e-16	2.46e-16
 4.94612e+14	3.08e-15	5.16e-10	1.19e-05	5.22e-03	1.26e-01	4.45e-01	4.24e-01	0.00e+00	0.00e+00	1.78e-15	9.34e-16	3.11e-16
 5.05943e+14	3.93e-15	6.30e-10	1.39e-05	5.81e-03	1.33e-01	4.51e-01	4.10e-01	0.00e+00	0.00e+00	2.27e-15	1.19e-15	3.96e-16
 5.20672e+14	5.15e-15	7.94e-10	1.69e-05	6.63e-03	1.43e-01	4.59e-01	3.91e-01	0.00e+00	0.00e+00	2.98e-15	1.56e-15	5.18e-16
 5.37134e+14	7.47e-15	1.07e-09	2.08e-05	7.65e-03	1.55e-01	4.66e-01	3.71e-01	0.00e+00	0.00e+00	4.32e-15	2.26e-15	7.49e-16
 5.52523e+14	1.01e-14	1.36e-09	2.51e-05	8.68e-03	1.66e-01	4.72e-01	3.53e-01	0.00e+00	0.00e+00	5.85e-15	3.06e-15	1.01e-15
 5.69205e+14	1.33e-14	1.72e-09	3.04e-05	9.89e-03	1.78e-01	4.77e-01	3.35e-01	0.00e+00	0.00e+00	7.73e-15	4.05e-15	1.33e-15
 5.87987e+14	1.96e-14	2.32e-09	3.76e-05	1.14e-02	1.91e-01	4.83e-01	3.15e-01	0.00e+00	0.00e+00	1.14e-14	5.95e-15	1.96e-15
 6.05769e+14	2.66e-14	2.97e-09	4.55e-05	1.30e-02	2.04e-01	4.86e-01	2.97e-01	0.00e+00	0.00e+00	1.54e-14	8.08e-15	2.65e-15
 6.25153e+14	3.60e-14	3.81e-09	5.56e-05	1.48e-02	2.18e-01	4.88e-01	2.79e-01	0.00e+00	0.00e+00	2.09e-14	1.09e-14	3.58e-15
 6.46928e+14	5.40e-14	5.20e-09	6.90e-05	1.71e-02	2.34e-01	4.90e-01	2.59e-01	0.00e+00	0.00e+00	3.13e-14	1.64e-14	5.36e-15
 6.67558e+14	7.43e-14	6.70e-09	8.38e-05	1.94e-02	2.49e-01	4.90e-01	2.42e-01	0.00e+00	0.00e+00	4.31e-14	2.25e-14	7.36e-15
 6.90124e+14	1.02e-13	8.65e-09	1.03e-04	2.21e-02	2.66e-01	4.88e-01	2.24e-01	0.00e+00	0.00e+00	5.90e-14	3.08e-14	1.01e-14
 7.15587e+14	1.56e-13	1.19e-08	1.28e-04	2.55e-02	2.84e-01	4.85e-01	2.05e-01	0.00e+00	0.00e+00	9.03e-14	4.72e-14	1.54e-14
 7.39497e+14	2.16e-13	1.54e-08	1.56e-04	2.89e-02	3.00e-01	4.81e-01	1.89e-01	0.00e+00	0.00e+00	1.26e-13	6.56e-14	2.13e-14
 7.65256e+14	2.98e-13	1.99e-08	1.90e-04	3.29e-02	3.18e-01	4.75e-01	1.74e-01	0.00e+00	0.00e+00	1.73e-13	9.03e-14	2.93e-14
 7.94179e+14	4.59e-13	2.75e-08	2.37e-04	3.77e-02	3.37e-01	4.68e-01	1.57e-01	0.00e+00	0.00e+00	2.66e-13	1.39e-13	4.52e-14
 8.21146e+14	6.38e-13	3.54e-08	2.86e-04	4.25e-02	3.54e-01	4.59e-01	1.43e-01	0.00e+00	0.00e+00	3.71e-13	1.94e-13	6.28e-14
 8.50135e+14	8.77e-13	4.55e-08	3.48e-04	4.79e-02	3.72e-01	4.50e-01	1.30e-01	0.00e+00	0.00e+00	5.10e-13	2.66e-13	8.63e-14
 8.82883e+14	1.36e-12	6.26e-08	4.31e-04	5.46e-02	3.91e-01	4.38e-01	1.16e-01	0.00e+00	0.00e+00	7.90e-13	4.13e-13	1.33e-13
 9.13795e+14	1.90e-12	8.08e-08	5.20e-04	6.11e-02	4.08e-01	4.26e-01	1.05e-01	0.00e+00	0.00e+00	1.10e-12	5.77e-13	1.87e-13
 9.41957e+14	2.50e-12	1.00e-07	6.12e-04	6.74e-02	4.23e-01	4.14e-01	9.51e-02	0.00e+00	0.00e+00	1.46e-12	7.60e-13	2.46e-13
 9.73267e+14	3.46e-12	1.28e-07	7.29e-04	7.48e-02	4.38e-01	4.01e-01	8.55e-02	0.00e+00	0.00e+00	2.01e-12	1.05e-12	3.40e-13
 1.00860e+15	5.24e-12	1.71e-07	8.83e-04	8.37e-02	4.54e-01	3.86e-01	7.57e-02	0.00e+00	0.00e+00	3.04e-12	1.59e-12	5.13e-13
 1.04196e+15	7.23e-12	2.17e-07	1.05e-03	9.23e-02	4.67e-01	3.72e-01	6.77e-02	0.00e+00	0.00e+00	4.20e-12	2.20e-12	7.09e-13
 1.07026e+15	9.45e-12	2.64e-07	1.20e-03	9.98e-02	4.78e-01	3.59e-01	6.16e-02	0.00e+00	0.00e+00	5.49e-12	2.87e-12	9.26e-13
 1.09920e+15	1.23e-11	3.21e-07	1.38e-03	1.08e-01	4.88e-01	3.47e-01	5.59e-02	0.00e+00	0.00e+00	7.17e-12	3.75e-12	1.21e-12
 1.13681e+15	1.63e-11	3.98e-07	1.63e-03	1.18e-01	4.99e-01	3.31e-01	4.95e-02	0.00e+00	0.00e+00	9.50e-12	4.96e-12	1.60e-12
 1.17641e+15	2.42e-11	5.24e-07	1.93e-03	1.30e-01	5.10e-01	3.15e-01	4.33e-02	0.00e+00	0.00e+00	1.41e-11	7.35e-12	2.37e-12
 1.20807e+15	3.14e-11	6.32e-07	2.20e-03	1.40e-01	5.17e-01	3.02e-01	3.90e-02	0.00e+00	0.00e+00	1.82e-11	9.53e-12	3.07e-12
 1.23871e+15	3.97e-11	7.50e-07	2.49e-03	1.49e-01	5.24e-01	2.89e-01	3.53e-02	0.00e+00	0.00e+00	2.31e-11	1.21e-11	3.90e-12
 1.27854e+15	5.21e-11	9.18e-07	2.89e-03	1.62e-01	5.30e-01	2.74e-01	3.11e-02	0.00e+00	0.00e+00	3.03e-11	1.58e-11	5.11e-12
 1.32291e+15	7.66e-11	1.20e-06	3.41e-03	1.76e-01	5.36e-01	2.57e-01	2.68e-02	0.00e+00	0.00e+00	4.46e-11	2.33e-11	7.51e-12
 1.36187e+15	1.00e-10	1.45e-06	3.90e-03	1.89e-01	5.40e-01	2.44e-01	2.37e-02	0.00e+00	0.00e+00	5.82e-11	3.04e-11	9.82e-12
 1.40119e+15	1.28e-10	1.74e-06	4.45e-03	2.01e-01	5.43e-01	2.30e-01	2.09e-02	0.00e+00	0.00e+00	7.43e-11	3.88e-11	1.25e-11
 1.45190e+15	1.90e-10	2.28e-06	5.26e-03	2.19e-01	5.45e-01	2.13e-01	1.77e-02	0.00e+00	0.00e+00	1.11e-10	5.79e-11	1.87e-11
 1.50297e+15	2.60e-10	2.85e-06	6.14e-03	2.36e-01	5.45e-01	1.98e-01	1.52e-02	0.00e+00	0.00e+00	1.51e-10	7.90e-11	2.55e-11
 1.54492e+15	3.28e-10	3.39e-06	6.94e-03	2.50e-01	5.44e-01	1.86e-01	1.33e-02	0.00e+00	0.00e+00	1.91e-10	1.00e-10	3.23e-11
 1.58944e+15	4.30e-10	4.10e-06	7.88e-03	2.65e-01	5.42e-01	1.74e-01	1.16e-02	0.00e+00	0.00e+00	2.50e-10	1.31e-10	4.23e-11
 1.64692e+15	6.40e-10	5.36e-06	9.25e-03	2.84e-01	5.38e-01	1.59e-01	9.67e-03	0.00e+00	0.00e+00	3.72e-10	1.95e-10	6.30e-11
 1.70420e+15	8.67e-10	6.66e-06	1.07e-02	3.03e-01	5.32e-01	1.46e-01	8.14e-03	0.00e+00	0.00e+00	5.05e-10	2.64e-10	8.54e-11
 1.75037e+15	1.09e-09	7.84e-06	1.20e-02	3.19e-01	5.27e-01	1.36e-01	7.09e-03	0.00e+00	0.00e+00	6.33e-10	3.31e-10	1.07e-10
 1.79909e+15	1.41e-09	9.40e-06	1.35e-02	3.35e-01	5.20e-01	1.26e-01	6.12e-03	0.00e+00	0.00e+00	8.20e-10	4.29e-10	1.39e-10
 1.86242e+15	2.08e-09	1.22e-05	1.58e-02	3.56e-01	5.10e-01	1.13e-01	5.03e-03	0.00e+00	0.00e+00	1.21e-09	6.35e-10	2.06e-10
 1.92480e+15	2.82e-09	1.51e-05	1.81e-02	3.75e-01	4.99e-01	1.03e-01	4.18e-03	0.00e+00	0.00e+00	1.64e-09	8.61e-10	2.79e-10
 1.97346e+15	3.58e-09	1.79e-05	2.01e-02	3.91e-01	4.90e-01	9.52e-02	3.62e-03	0.00e+00	0.00e+00	2.08e-09	1.09e-09	3.54e-10
 2.01551e+15	4.38e-09	2.05e-05	2.19e-02	4.04e-01	4.82e-01	8.90e-02	3.20e-03	0.00e+00	0.00e+00	2.55e-09	1.33e-09	4.33e-10
 2.06147e+15	5.37e-09	2.37e-05	2.41e-02	4.17e-01	4.73e-01	8.27e-02	2.80e-03	0.00e+00	0.00e+00	3.13e-09	1.64e-09	5.32e-10
 2.12121e+15	7.20e-09	2.90e-05	2.72e-02	4.35e-01	4.60e-01	7.49e-02	2.34e-03	0.00e+00	0.00e+00	4.19e-09	2.20e-09	7.13e-10
 2.18629e+15	9.43e-09	3.51e-05	3.08e-02	4.53e-01	4.47e-01	6.75e-02	1.95e-03	0.00e+00	0.00e+00	5.49e-09	2.88e-09	9.34e-10
 2.24606e+15	1.25e-08	4.26e-05	3.45e-02	4.70e-01	4.33e-01	6.11e-02	1.63e-03	0.00e+00	0.00e+00	7.28e-09	3.82e-09	1.24e-09
 2.29988e+15	1.57e-08	4.99e-05	3.80e-02	4.83e-01	4.21e-01	5.60e-02	1.40e-03	0.00e+00	0.00e+00	9.12e-09	4.79e-09	1.56e-09
 2.34903e+15	1.92e-08	5.76e-05	4.15e-02	4.96e-01	4.10e-01	5.16e-02	1.21e-03	0.00e+00	0.00e+00	1.12e-08	5.86e-09	1.91e-09
 2.40375e+15	2.38e-08	6.70e-05	4.57e-02	5.09e-01	3.97e-01	4.71e-02	1.04e-03	0.00e+00	0.00e+00	1.39e-08	7.27e-09	2.36e-09
 2.46486e+15	3.10e-08	8.04e-05	5.08e-02	5.23e-01	3.83e-01	4.25e-02	8.69e-04	0.00e+00	0.00e+00	1.80e-08	9.46e-09	3.08e-09
 2.52013e+15	3.85e-08	9.36e-05	5.57e-02	5.35e-01	3.70e-01	3.87e-02	7.42e-04	0.00e+00	0.00e+00	2.24e-08	1.18e-08	3.83e-09
 2.57007e+15	4.63e-08	1.07e-04	6.04e-02	5.45e-01	3.58e-01	3.56e-02	6.45e-04	0.00e+00	0.00e+00	2.69e-08	1.41e-08	4.61e-09
 2.62725e+15	5.58e-08	1.22e-04	6.62e-02	5.56e-01	3.45e-01	3.23e-02	5.50e-04	0.00e+00	0.00e+00	3.25e-08	1.71e-08	5.56e-09
 2.70158e+15	7.96e-08	1.55e-04	7.51e-02	5.69e-01	3.27e-01	2.82e-02	4.37e-04	0.00e+00	0.00e+00	4.63e-08	2.43e-08	7.93e-09
 2.77732e+15	1.05e-07	1.89e-04	8.43e-02	5.81e-01	3.10e-01	2.47e-02	3.53e-04	0.00e+00	0.00e+00	6.10e-08	3.20e-08	1.05e-08
 2.84089e+15	1.26e-07	2.17e-04	9.27e-02	5.89e-01	2.95e-01	2.21e-02	2.96e-04	0.00e+00	0.00e+00	7.33e-08	3.85e-08	1.26e-08
 2.90954e+15	1.62e-07	2.60e-04	1.03e-01	5.98e-01	2.79e-01	1.95e-02	2.42e-04	0.00e+00	0.00e+00	9.44e-08	4.96e-08	1.62e-08
 2.98411e+15	2.33e-07	3.31e-04	1.16e-01	6.04e-01	2.62e-01	1.68e-02	1.90e-04	0.00e+00	0.00e+00	1.35e-07	7.12e-08	2.33e-08
 3.04168e+15	2.85e-07	3.83e-04	1.27e-01	6.08e-01	2.49e-01	1.51e-02	1.60e-04	0.00e+00	0.00e+00	1.66e-07	8.71e-08	2.85e-08
 3.09178e+15	3.47e-07	4.40e-04	1.37e-01	6.11e-01	2.38e-01	1.37e-02	1.37e-04	0.00e+00	0.00e+00	2.02e-07	1.06e-07	3.48e-08
 3.15692e+15	4.39e-07	5.21e-04	1.51e-01	6.13e-01	2.23e-01	1.20e-02	1.12e-04	0.00e+00	0.00e+00	2.55e-07	1.34e-07	4.40e-08
 3.22592e+15	5.84e-07	6.35e-04	1.68e-01	6.13e-01	2.08e-01	1.04e-02	8.95e-05	0.00e+00	0.00e+00	3.40e-07	1.79e-07	5.86e-08
 3.28185e+15	7.09e-07	7.32e-04	1.82e-01	6.12e-01	1.96e-01	9.28e-03	7.51e-05	0.00e+00	0.00e+00	4.13e-07	2.17e-07	7.12e-08
 3.32549e+15	8.45e-07	8.28e-04	1.95e-01	6.09e-01	1.87e-01	8.43e-03	6.49e-05	0.00e+00	0.00e+00	4.92e-07	2.59e-07	8.49e-08
 3.36480e+15	9.91e-07	9.27e-04	2.07e-01	6.06e-01	1.78e-01	7.71e-03	5.67e-05	0.00e+00	0.00e+00	5.77e-07	3.04e-07	9.96e-08
 3.40944e+15	1.15e-06	1.03e-03	2.21e-01	6.02e-01	1.69e-01	6.97e-03	4.89e-05	0.00e+00	0.00e+00	6.67e-07	3.51e-07	1.15e-07
 3.46748e+15	1.55e-06	1.27e-03	2.43e-01	5.94e-01	1.56e-01	5.99e-03	3.88e-05	0.00e+00	0.00e+00	9.03e-07	4.76e-07	1.56e-07
 3.51854e+15	1.90e-06	1.47e-03	2.62e-01	5.85e-01	1.46e-01	5.29e-03	3.23e-05	0.00e+00	0.00e+00	1.10e-06	5.82e-07	1.91e-07
 3.55186e+15	2.19e-06	1.62e-03	2.76e-01	5.79e-01	1.39e-01	4.85e-03	2.84e-05	0.00e+00	0.00e+00	1.27e-06	6.71e-07	2.21e-07
 3.58652e+15	2.56e-06	1.81e-03	2.91e-01	5.71e-01	1.32e-01	4.41e-03	2.47e-05	0.00e+00	0.00e+00	1.49e-06	7.85e-07	2.58e-07
 3.63159e+15	2.95e-06	2.01e-03	3.11e-01	5.60e-01	1.23e-01	3.91e-03	2.09e-05	0.00e+00	0.00e+00	1.72e-06	9.05e-07	2.98e-07
 3.69017e+15	4.16e-06	2.54e-03	3.44e-01	5.41e-01	1.10e-01	3.23e-03	1.58e-05	0.00e+00	0.00e+00	2.42e-06	1.28e-06	4.21e-07
 3.73931e+15	5.11e-06	2.94e-03	3.69e-01	5.24e-01	1.01e-01	2.79e-03	1.28e-05	0.00e+00	0.00e+00	2.98e-06	1.57e-06	5.17e-07
 3.76836e+15	5.88e-06	3.24e-03	3.86e-01	5.13e-01	9.51e-02	2.53e-03	1.12e-05	0.00e+00	0.00e+00	3.42e-06	1.80e-06	5.94e-07
 3.79830e+15	6.83e-06	3.60e-03	4.05e-01	5.00e-01	8.91e-02	2.28e-03	9.61e-06	0.00e+00	0.00e+00	3.98e-06	2.10e-06	6.92e-07
 3.83723e+15	7.83e-06	3.97e-03	4.28e-01	4.84e-01	8.19e-02	2.00e-03	8.05e-06	0.00e+00	0.00e+00	4.55e-06	2.40e-06	7.92e-07
 3.88783e+15	1.08e-05	4.95e-03	4.65e-01	4.56e-01	7.19e-02	1.61e-03	5.95e-06	0.00e+00	0.00e+00	6.30e-06	3.33e-06	1.10e-06
 3.93153e+15	1.26e-05	5.51e-03	4.93e-01	4.36e-01	6.47e-02	1.38e-03	4.81e-06	0.00e+00	0.00e+00	7.32e-06	3.86e-06	1.28e-06
 3.96625e+15	1.63e-05	6.55e-03	5.22e-01	4.12e-01	5.80e-02	1.15e-03	3.75e-06	0.00e+00	0.00e+00	9.51e-06	5.02e-06	1.66e-06
 3.99976e+15	1.94e-05	7.37e-03	5.47e-01	3.92e-01	5.26e-02	9.92e-04	3.05e-06	0.00e+00	0.00e+00	1.13e-05	5.97e-06	1.97e-06
 4.03167e+15	2.30e-05	8.27e-03	5.72e-01	3.71e-01	4.73e-02	8.47e-04	2.47e-06	0.00e+00	0.00e+00	1.34e-05	7.06e-06	2.34e-06
 4.07316e+15	2.92e-05	9.70e-03	6.06e-01	3.43e-01	4.08e-02	6.77e-04	1.83e-06	0.00e+00	0.00e+00	1.70e-05	8.96e-06	2.97e-06
 4.11407e+15	3.49e-05	1.10e-02	6.36e-01	3.17e-01	3.53e-02	5.47e-04	1.39e-06	0.00e+00	0.00e+00	2.03e-05	1.07e-05	3.56e-06
 4.14799e+15	4.56e-05	1.30e-02	6.66e-01	2.90e-01	3.04e-02	4.36e-04	1.02e-06	0.00e+00	0.00e+00	2.65e-05	1.40e-05	4.65e-06
 4.17632e+15	5.36e-05	1.45e-02	6.88e-01	2.71e-01	2.69e-02	3.65e-04	8.06e-07	0.00e+00	0.00e+00	3.12e-05	1.65e-05	5.47e-06
 4.19695e+15	6.04e-05	1.57e-02	7.03e-01	2.56e-01	2.46e-02	3.19e-04	0.00e+00	0.00e+00	0.00e+00	3.51e-05	1.86e-05	6.17e-06
 4.21709e+15	6.85e-05	1.70e-02	7.19e-01	2.42e-01	2.22e-02	2.77e-04	0.00e+00	0.00e+00	0.00e+00	3.98e-05	2.11e-05	7.00e-06
 4.23976e+15	7.58e-05	1.81e-02	7.34e-01	2.27e-01	2.00e-02	2.38e-04	0.00e+00	0.00e+00	0.00e+00	4.41e-05	2.33e-05	7.75e-06
 4.26571e+15	9.26e-05	2.06e-02	7.54e-01	2.07e-01	1.73e-02	1.92e-04	0.00e+00	0.00e+00	0.00e+00	5.39e-05	2.85e-05	9.47e-06
 4.28930e+15	1.03e-04	2.20e-02	7.69e-01	1.94e-01	1.54e-02	1.64e-04	0.00e+00	0.00e+00	0.00e+00	5.97e-05	3.16e-05	1.05e-05
 4.30982e+15	1.20e-04	2.43e-02	7.83e-01	1.79e-01	1.36e-02	1.36e-04	0.00e+00	0.00e+00	0.00e+00	6.99e-05	3.70e-05	1.23e-05
 4.33076e+15	1.36e-04	2.63e-02	7.95e-01	1.66e-01	1.21e-02	1.15e-04	0.00e+00	0.00e+00	0.00e+00	7.94e-05	4.20e-05	1.40e-05
 4.35225e+15	1.57e-04	2.86e-02	8.08e-01	1.53e-01	1.06e-02	9.49e-05	0.00e+00	0.00e+00	0.00e+00	9.11e-05	4.82e-05	1.61e-05
 4.37574e+15	1.81e-04	3.13e-02	8.20e-01	1.39e-01	9.13e-03	7.70e-05	0.00e+00	0.00e+00	0.00e+00	1.05e-04	5.57e-05	1.86e-05
 4.39711e+15	2.07e-04	3.39e-02	8.30e-01	1.27e-01	7.96e-03	6.34e-05	0.00e+00	0.00e+00	0.00e+00	1.20e-04	6.36e-05	2.12e-05
 4.41698e+15	2.34e-04	3.65e-02	8.39e-01	1.17e-01	6.98e-03	5.26e-05	0.00e+00	0.00e+00	0.00e+00	1.36e-04	7.19e-05	2.40e-05
 4.43961e+15	2.69e-04	3.98e-02	8.48e-01	1.06e-01	5.95e-03	4.19e-05	0.00e+00	0.00e+00	0.00e+00	1.57e-04	8.29e-05	2.77e-05
 4.46400e+15	3.13e-04	4.35e-02	8.56e-01	9.48e-02	5.02e-03	3.29e-05	0.00e+00	0.00e+00	0.00e+00	1.82e-04	9.65e-05	3.22e-05
 4.48532e+15	3.56e-04	4.69e-02	8.62e-01	8.61e-02	4.32e-03	2.66e-05	0.00e+00	0.00e+00	0.00e+00	2.07e-04	1.09e-04	3.66e-05
 4.50768e+15	4.09e-04	5.09e-02	8.68e-01	7.71e-02	3.65e-03	2.09e-05	0.00e+00	0.00e+00	0.00e+00	2.38e-04	1.26e-04	4.21e-05
 4.53187e+15	4.73e-04	5.53e-02	8.72e-01	6.87e-02	3.05e-03	1.62e-05	0.00e+00	0.00e+00	0.00e+00	2.75e-04	1.45e-04	4.87e-05
 4.55386e+15	5.40e-04	5.97e-02	8.76e-01	6.16e-02	2.58e-03	1.28e-05	0.00e+00	0.00e+00	0.00e+00	3.14e-04	1.66e-04	5.56e-05
 4.57452e+15	6.11e-04	6.41e-02	8.78e-01	5.55e-02	2.20e-03	1.02e-05	0.00e+00	0.00e+00	0.00e+00	3.55e-04	1.88e-04	6.29e-05
 4.59805e+15	7.04e-04	6.95e-02	8.79e-01	4.90e-02	1.81e-03	7.76e-06	0.00e+00	0.00e+00	0.00e+00	4.10e-04	2.17e-04	7.26e-05
 4.62360e+15	8.19e-04	7.56e-02	8.79e-01	4.30e-02	1.48e-03	5.82e-06	0.00e+00	0.00e+00	0.00e+00	4.76e-04	2.52e-04	8.44e-05
 4.64639e+15	9.34e-04	8.14e-02	8.78e-01	3.81e-02	1.23e-03	4.49e-06	0.00e+00	0.00e+00	0.00e+00	5.44e-04	2.88e-04	9.64e-05
 4.67064e+15	1.08e-03	8.81e-02	8.76e-01	3.34e-02	1.01e-03	3.36e-06	0.00e+00	0.00e+00	0.00e+00	6.28e-04	3.32e-04	1.11e-04
 4.69695e+15	1.26e-03	9.58e-02	8.73e-01	2.90e-02	8.10e-04	2.46e-06	0.00e+00	0.00e+00	0.00e+00	7.31e-04	3.87e-04	1.30e-04
 4.72073e+15	1.44e-03	1.03e-01	8.69e-01	2.55e-02	6.66e-04	1.86e-06	0.00e+00	0.00e+00	0.00e+00	8.38e-04	4.43e-04	1.49e-04
 4.74294e+15	1.64e-03	1.11e-01	8.65e-01	2.26e-02	5.53e-04	1.42e-06	0.00e+00	0.00e+00	0.00e+00	9.52e-04	5.04e-04	1.69e-04
 4.76831e+15	1.90e-03	1.20e-01	8.58e-01	1.95e-02	4.43e-04	1.04e-06	0.00e+00	0.00e+00	0.00e+00	1.10e-03	5.83e-04	1.96e-04
 4.79624e+15	2.22e-03	1.30e-01	8.50e-01	1.67e-02	3.49e-04	7.37e-07	0.00e+00	0.00e+00	0.00e+00	1.29e-03	6.85e-04	2.30e-04
 4.82156e+15	2.57e-03	1.41e-01	8.42e-01	1.45e-02	2.82e-04	0.00e+00	0.00e+00	0.00e+00	0.00e+00	1.50e-03	7.91e-04	2.66e-04
 4.84488e+15	2.94e-03	1.51e-01	8.33e-01	1.27e-02	2.30e-04	0.00e+00	0.00e+00	0.00e+00	0.00e+00	1.71e-03	9.04e-04	3.04e-04
 4.87152e+15	3.42e-03	1.64e-01	8.22e-01	1.09e-02	1.81e-04	0.00e+00	0.00e+00	0.00e+00	0.00e+00	1.99e-03	1.05e-03	3.54e-04
 4.90100e+15	4.05e-03	1.79e-01	8.08e-01	9.15e-03	1.40e-04	0.00e+00	0.00e+00	0.00e+00	0.00e+00	2.36e-03	1.25e-03	4.19e-04
 4.92814e+15	4.74e-03	1.94e-01	7.93e-01	7.80e-03	1.10e-04	0.00e+00	0.00e+00	0.00e+00	0.00e+00	2.76e-03	1.46e-03	4.91e-04
 4.95343e+15	5.47e-03	2.09e-01	7.79e-01	6.71e-03	8.80e-05	0.00e+00	0.00e+00	0.00e+00	0.00e+00	3.18e-03	1.68e-03	5.66e-04
 4.98235e+15	6.50e-03	2.28e-01	7.60e-01	5.60e-03	6.72e-05	0.00e+00	0.00e+00	0.00e+00	0.00e+00	3.78e-03	2.00e-03	6.73e-04
 5.01406e+15	7.84e-03	2.50e-01	7.37e-01	4.59e-03	5.01e-05	0.00e+00	0.00e+00	0.00e+00	0.00e+00	4.57e-03	2.41e-03	8.12e-04
 5.04341e+15	9.30e-03	2.73e-01	7.14e-01	3.81e-03	3.81e-05	0.00e+00	0.00e+00	0.00e+00	0.00e+00	5.42e-03	2.86e-03	9.63e-04
 5.07558e+15	1.13e-02	3.00e-01	6.85e-01	3.07e-03	2.78e-05	0.00e+00	0.00e+00	0.00e+00	0.00e+00	6.59e-03	3.48e-03	1.17e-03
 5.11057e+15	1.40e-02	3.32e-01	6.51e-01	2.41e-03	1.97e-05	0.00e+00	0.00e+00	0.00e+00	0.00e+00	8.16e-03	4.31e-03	1.45e-03
 5.14150e+15	1.70e-02	3.64e-01	6.17e-01	1.93e-03	1.44e-05	0.00e+00	0.00e+00	0.00e+00	0.00e+00	9.88e-03	5.22e-03	1.76e-03
 5.16899e+15	2.01e-02	3.93e-01	5.86e-01	1.57e-03	1.08e-05	0.00e+00	0.00e+00	0.00e+00	0.00e+00	1.17e-02	6.17e-03	2.08e-03
 5.19977e+15	2.44e-02	4.28e-01	5.46e-01	1.23e-03	7.63e-06	0.00e+00	0.00e+00	0.00e+00	0.00e+00	1.42e-02	7.50e-03	2.53e-03
 5.23331e+15	3.02e-02	4.69e-01	5.00e-01	9.29e-04	5.19e-06	0.00e+00	0.00e+00	0.00e+00	0.00e+00	1.76e-02	9.29e-03	3.13e-03
 5.26298e+15	3.67e-02	5.06e-01	4.56e-01	7.11e-04	3.61e-06	0.00e+00	0.00e+00	0.00e+00	0.00e+00	2.14e-02	1.13e-02	3.81e-03
 5.28915e+15	4.36e-02	5.40e-01	4.16e-01	5.52e-04	2.57e-06	0.00e+00	0.00e+00	0.00e+00	0.00e+00	2.54e-02	1.34e-02	4.53e-03
 5.31819e+15	5.29e-02	5.78e-01	3.69e-01	4.08e-04	1.71e-06	0.00e+00	0.00e+00	0.00e+00	0.00e+00	3.08e-02	1.62e-02	5.49e-03
 5.34668e+15	6.40e-02	6.13e-01	3.22e-01	2.97e-04	1.13e-06	0.00e+00	0.00e+00	0.00e+00	0.00e+00	3.74e-02	1.97e-02	6.65e-03
 5.36718e+15	7.33e-02	6.37e-01	2.89e-01	2.34e-04	8.28e-07	0.00e+00	0.00e+00	0.00e+00	0.00e+00	4.28e-02	2.25e-02	7.62e-03
 5.38379e+15	8.21e-02	6.56e-01	2.62e-01	1.89e-04	0.00e+00	0.00e+00	0.00e+00	0.00e+00	0.00e+00	4.79e-02	2.52e-02	8.53e-03
 5.40258e+15	9.32e-02	6.75e-01	2.32e-01	1.47e-04	0.00e+00	0.00e+00	0.00e+00	0.00e+00	0.00e+00	5.44e-02	2.86e-02	9.69e-03
 5.42339e+15	1.07e-01	6.92e-01	2.00e-01	1.09e-04	0.00e+00	0.00e+00	0.00e+00	0.00e+00	0.00e+00	6.27e-02	3.29e-02	1.12e-02
 5.44189e+15	1.22e-01	7.05e-01	1.73e-01	8.26e-05	0.00e+00	0.00e+00	0.00e+00	0.00e+00	0.00e+00	7.11e-02	3.73e-02	1.27e-02
