#depth	C	C+	C+2	C+3	C+4	C+5	C+6	C[1]	C[2]	C[3]	C+[1]	C+[2]	CO
 1.49634e+10	0.00e+00	1.51e-28	1.03e-19	2.08e-11	1.44e-02	9.24e-01	6.18e-02	0.00e+00	0.00e+00	0.00e+00	0.00e+00	0.00e+00	0.00e+00
 4.54887e+10	2.92e-38	2.17e-28	1.36e-19	2.52e-11	1.59e-02	9.27e-01	5.68e-02	0.00e+00	0.00e+00	0.00e+00	0.00e+00	0.00e+00	6.35e-125
 7.72350e+10	0.00e+00	3.14e-28	1.81e-19	3.05e-11	1.76e-02	9.30e-01	5.21e-02	0.00e+00	0.00e+00	0.00e+00	0.00e+00	0.00e+00	0.00e+00
 1.10251e+11	7.27e-38	4.54e-28	2.40e-19	3.69e-11	1.95e-02	9.33e-01	4.78e-02	0.00e+00	0.00e+00	0.00e+00	0.00e+00	0.00e+00	7.08e-124
 1.42517e+11	0.00e+00	6.42e-28	3.13e-19	4.42e-11	2.15e-02	9.34e-01	4.40e-02	0.00e+00	0.00e+00	0.00e+00	0.00e+00	0.00e+00	0.00e+00
 1.73277e+11	1.67e-37	8.84e-28	4.00e-19	5.22e-11	2.35e-02	9.36e-01	4.08e-02	0.00e+00	0.00e+00	0.00e+00	0.00e+00	0.00e+00	6.30e-123
 2.07339e+11	0.00e+00	1.25e-27	5.20e-19	6.24e-11	2.58e-02	9.37e-01	3.76e-02	0.00e+00	0.00e+00	0.00e+00	0.00e+00	0.00e+00	0.00e+00
 2.45559e+11	4.05e-37	1.81e-27	6.91e-19	7.56e-11	2.85e-02	9.37e-01	3.43e-02	0.00e+00	0.00e+00	0.00e+00	0.00e+00	0.00e+00	6.53e-122
 2.83887e+11	0.00e+00	2.59e-27	9.10e-19	9.11e-11	3.14e-02	9.37e-01	3.14e-02	0.00e+00	0.00e+00	0.00e+00	0.00e+00	0.00e+00	0.00e+00
 3.23749e+11	9.90e-37	3.71e-27	1.20e-18	1.10e-10	3.46e-02	9.37e-01	2.87e-02	0.00e+00	0.00e+00	0.00e+00	0.00e+00	0.00e+00	6.86e-121
 3.66625e+11	0.00e+00	5.40e-27	1.60e-18	1.33e-10	3.83e-02	9.36e-01	2.61e-02	0.00e+00	0.00e+00	0.00e+00	0.00e+00	0.00e+00	0.00e+00
 4.09012e+11	2.45e-36	7.71e-27	2.10e-18	1.60e-10	4.21e-02	9.34e-01	2.39e-02	0.00e+00	0.00e+00	0.00e+00	0.00e+00	0.00e+00	7.45e-120
 4.53094e+11	0.00e+00	1.10e-26	2.76e-18	1.93e-10	4.63e-02	9.32e-01	2.18e-02	0.00e+00	0.00e+00	0.00e+00	0.00e+00	0.00e+00	0.00e+00
 5.01145e+11	6.10e-36	1.61e-26	3.69e-18	2.34e-10	5.11e-02	9.29e-01	1.98e-02	0.00e+00	0.00e+00	0.00e+00	0.00e+00	0.00e+00	8.12e-119
 5.50137e+11	0.00e+00	2.32e-26	4.90e-18	2.83e-10	5.63e-02	9.26e-01	1.79e-02	0.00e+00	0.00e+00	0.00e+00	0.00e+00	0.00e+00	0.00e+00
 6.01090e+11	1.52e-35	3.36e-26	6.51e-18	3.42e-10	6.20e-02	9.22e-01	1.63e-02	0.00e+00	0.00e+00	0.00e+00	0.00e+00	0.00e+00	8.96e-118
 6.55060e+11	0.00e+00	4.89e-26	8.69e-18	4.16e-10	6.83e-02	9.17e-01	1.47e-02	0.00e+00	0.00e+00	0.00e+00	0.00e+00	0.00e+00	0.00e+00
 7.11189e+11	3.88e-35	7.12e-26	1.16e-17	5.05e-10	7.53e-02	9.11e-01	1.33e-02	0.00e+00	0.00e+00	0.00e+00	0.00e+00	0.00e+00	1.03e-116
 7.61966e+11	0.00e+00	9.89e-26	1.50e-17	5.99e-10	8.19e-02	9.06e-01	1.21e-02	0.00e+00	0.00e+00	0.00e+00	0.00e+00	0.00e+00	9.32e-100
 8.04290e+11	8.08e-35	1.29e-25	1.83e-17	6.86e-10	8.76e-02	9.01e-01	1.12e-02	0.00e+00	0.00e+00	0.00e+00	0.00e+00	0.00e+00	0.00e+00
 8.50662e+11	1.14e-34	1.70e-25	2.28e-17	7.93e-10	9.41e-02	8.96e-01	1.04e-02	0.00e+00	0.00e+00	0.00e+00	0.00e+00	0.00e+00	1.75e-115
 9.09373e+11	1.75e-34	2.40e-25	2.97e-17	9.48e-10	1.03e-01	8.88e-01	9.41e-03	0.00e+00	0.00e+00	0.00e+00	0.00e+00	0.00e+00	2.59e-97
 9.70619e+11	2.68e-34	3.39e-25	3.88e-17	1.13e-09	1.12e-01	8.80e-01	8.51e-03	0.00e+00	0.00e+00	0.00e+00	0.00e+00	0.00e+00	0.00e+00
 1.02262e+12	3.80e-34	4.49e-25	4.83e-17	1.31e-09	1.20e-01	8.72e-01	7.83e-03	0.00e+00	0.00e+00	0.00e+00	0.00e+00	0.00e+00	4.06e-114
 1.07610e+12	5.36e-34	5.93e-25	5.99e-17	1.52e-09	1.29e-01	8.64e-01	7.20e-03	0.00e+00	0.00e+00	0.00e+00	0.00e+00	0.00e+00	3.00e-96
 1.14342e+12	8.15e-34	8.33e-25	7.80e-17	1.81e-09	1.40e-01	8.54e-01	6.49e-03	0.00e+00	0.00e+00	0.00e+00	0.00e+00	0.00e+00	0.00e+00
 1.21181e+12	1.23e-33	1.16e-24	1.01e-16	2.15e-09	1.52e-01	8.43e-01	5.85e-03	0.00e+00	0.00e+00	0.00e+00	0.00e+00	0.00e+00	8.85e-113
 1.27048e+12	1.71e-33	1.52e-24	1.25e-16	2.47e-09	1.62e-01	8.33e-01	5.37e-03	0.00e+00	0.00e+00	0.00e+00	0.00e+00	0.00e+00	3.78e-95
 1.33345e+12	2.42e-33	2.01e-24	1.55e-16	2.86e-09	1.73e-01	8.22e-01	4.90e-03	0.00e+00	0.00e+00	0.00e+00	0.00e+00	0.00e+00	5.37e-112
 1.41138e+12	3.66e-33	2.81e-24	2.01e-16	3.40e-09	1.87e-01	8.08e-01	4.39e-03	0.00e+00	0.00e+00	0.00e+00	0.00e+00	0.00e+00	1.97e-94
 1.49129e+12	5.47e-33	3.89e-24	2.60e-16	4.03e-09	2.02e-01	7.94e-01	3.93e-03	0.00e+00	0.00e+00	0.00e+00	0.00e+00	0.00e+00	4.67e-111
 1.56324e+12	7.74e-33	5.16e-24	3.23e-16	4.66e-09	2.16e-01	7.80e-01	3.57e-03	0.00e+00	0.00e+00	0.00e+00	0.00e+00	0.00e+00	1.01e-93
 1.64233e+12	1.11e-32	6.93e-24	4.07e-16	5.43e-09	2.31e-01	7.65e-01	3.22e-03	0.00e+00	0.00e+00	0.00e+00	0.00e+00	0.00e+00	3.13e-110
 1.73574e+12	1.68e-32	9.67e-24	5.29e-16	6.46e-09	2.49e-01	7.48e-01	2.86e-03	0.00e+00	0.00e+00	0.00e+00	0.00e+00	0.00e+00	5.55e-93
 1.82930e+12	2.49e-32	1.33e-23	6.78e-16	7.61e-09	2.68e-01	7.30e-01	2.54e-03	0.00e+00	0.00e+00	0.00e+00	0.00e+00	0.00e+00	2.73e-109
 1.91808e+12	3.55e-32	1.77e-23	8.49e-16	8.82e-09	2.85e-01	7.13e-01	2.28e-03	0.00e+00	0.00e+00	0.00e+00	0.00e+00	0.00e+00	2.86e-92
 2.01620e+12	5.15e-32	2.40e-23	1.07e-15	1.03e-08	3.04e-01	6.94e-01	2.03e-03	0.00e+00	0.00e+00	0.00e+00	0.00e+00	0.00e+00	1.98e-108
 2.12678e+12	7.68e-32	3.32e-23	1.39e-15	1.22e-08	3.26e-01	6.73e-01	1.79e-03	0.00e+00	0.00e+00	0.00e+00	0.00e+00	0.00e+00	1.59e-91
 2.23723e+12	1.12e-31	4.51e-23	1.76e-15	1.42e-08	3.47e-01	6.52e-01	1.58e-03	0.00e+00	0.00e+00	0.00e+00	0.00e+00	0.00e+00	1.69e-107
 2.33488e+12	1.55e-31	5.84e-23	2.16e-15	1.62e-08	3.65e-01	6.33e-01	1.42e-03	0.00e+00	0.00e+00	0.00e+00	0.00e+00	0.00e+00	7.56e-91
 2.41675e+12	2.00e-31	7.20e-23	2.54e-15	1.80e-08	3.81e-01	6.18e-01	1.30e-03	0.00e+00	0.00e+00	0.00e+00	0.00e+00	0.00e+00	8.42e-107
 2.50482e+12	2.61e-31	8.94e-23	3.00e-15	2.01e-08	3.97e-01	6.02e-01	1.18e-03	0.00e+00	0.00e+00	0.00e+00	0.00e+00	0.00e+00	2.46e-90
 2.61931e+12	3.65e-31	1.17e-22	3.70e-15	2.30e-08	4.17e-01	5.82e-01	1.05e-03	0.00e+00	0.00e+00	0.00e+00	0.00e+00	0.00e+00	4.56e-106
 2.73913e+12	5.09e-31	1.53e-22	4.57e-15	2.64e-08	4.38e-01	5.61e-01	9.31e-04	0.00e+00	0.00e+00	0.00e+00	0.00e+00	0.00e+00	1.12e-89
 2.84138e+12	6.69e-31	1.91e-22	5.42e-15	2.94e-08	4.56e-01	5.43e-01	8.42e-04	0.00e+00	0.00e+00	0.00e+00	0.00e+00	0.00e+00	2.55e-105
 2.94983e+12	8.83e-31	2.39e-22	6.45e-15	3.28e-08	4.74e-01	5.25e-01	7.58e-04	0.00e+00	0.00e+00	0.00e+00	0.00e+00	0.00e+00	3.93e-89
 3.08631e+12	1.23e-30	3.13e-22	7.95e-15	3.75e-08	4.96e-01	5.03e-01	6.66e-04	0.00e+00	0.00e+00	0.00e+00	0.00e+00	0.00e+00	1.48e-104
 3.22686e+12	1.72e-30	4.08e-22	9.76e-15	4.27e-08	5.18e-01	4.82e-01	5.85e-04	0.00e+00	0.00e+00	0.00e+00	0.00e+00	0.00e+00	1.81e-88
 3.35056e+12	2.26e-30	5.11e-22	1.16e-14	4.76e-08	5.36e-01	4.63e-01	5.23e-04	0.00e+00	0.00e+00	0.00e+00	0.00e+00	0.00e+00	8.59e-104
 3.48473e+12	3.02e-30	6.44e-22	1.39e-14	5.32e-08	5.55e-01	4.44e-01	4.65e-04	0.00e+00	0.00e+00	0.00e+00	0.00e+00	0.00e+00	6.78e-88
 3.63304e+12	4.10e-30	8.23e-22	1.67e-14	5.99e-08	5.75e-01	4.24e-01	4.09e-04	0.00e+00	0.00e+00	0.00e+00	0.00e+00	0.00e+00	4.92e-103
 3.77002e+12	5.37e-30	1.02e-21	1.98e-14	6.64e-08	5.93e-01	4.06e-01	3.64e-04	0.00e+00	0.00e+00	0.00e+00	0.00e+00	0.00e+00	2.62e-87
 3.91838e+12	7.11e-30	1.28e-21	2.35e-14	7.39e-08	6.12e-01	3.88e-01	3.23e-04	0.00e+00	0.00e+00	0.00e+00	0.00e+00	0.00e+00	2.53e-102
 4.08366e+12	9.59e-30	1.63e-21	2.83e-14	8.28e-08	6.31e-01	3.69e-01	2.83e-04	0.00e+00	0.00e+00	0.00e+00	0.00e+00	0.00e+00	1.04e-86
 4.23824e+12	1.26e-29	2.02e-21	3.33e-14	9.16e-08	6.48e-01	3.52e-01	2.51e-04	0.00e+00	0.00e+00	0.00e+00	0.00e+00	0.00e+00	1.40e-101
 4.40651e+12	1.66e-29	2.53e-21	3.95e-14	1.02e-07	6.66e-01	3.34e-01	2.20e-04	0.00e+00	0.00e+00	0.00e+00	0.00e+00	0.00e+00	3.91e-86
 4.59356e+12	2.24e-29	3.22e-21	4.74e-14	1.14e-07	6.84e-01	3.16e-01	1.92e-04	0.00e+00	0.00e+00	0.00e+00	0.00e+00	0.00e+00	8.15e-101
 4.76828e+12	2.93e-29	3.98e-21	5.58e-14	1.25e-07	7.00e-01	3.00e-01	1.69e-04	0.00e+00	0.00e+00	0.00e+00	0.00e+00	0.00e+00	1.55e-85
 4.95867e+12	3.88e-29	4.98e-21	6.61e-14	1.38e-07	7.16e-01	2.84e-01	1.48e-04	0.00e+00	0.00e+00	0.00e+00	0.00e+00	0.00e+00	4.40e-100
 5.17145e+12	5.24e-29	6.33e-21	7.92e-14	1.54e-07	7.33e-01	2.67e-01	1.28e-04	0.00e+00	0.00e+00	0.00e+00	0.00e+00	0.00e+00	6.44e-85
 5.37197e+12	6.88e-29	7.85e-21	9.31e-14	1.70e-07	7.48e-01	2.52e-01	1.12e-04	0.00e+00	0.00e+00	0.00e+00	0.00e+00	0.00e+00	2.59e-99
 5.59130e+12	9.15e-29	9.85e-21	1.10e-13	1.88e-07	7.62e-01	2.37e-01	9.75e-05	0.00e+00	0.00e+00	0.00e+00	0.00e+00	0.00e+00	2.57e-84
 5.83694e+12	1.24e-28	1.26e-20	1.32e-13	2.09e-07	7.78e-01	2.22e-01	8.36e-05	0.00e+00	0.00e+00	0.00e+00	0.00e+00	0.00e+00	1.65e-98
 6.06973e+12	1.64e-28	1.56e-20	1.56e-13	2.30e-07	7.91e-01	2.09e-01	7.27e-05	0.00e+00	0.00e+00	0.00e+00	0.00e+00	0.00e+00	1.11e-83
 6.31943e+12	2.19e-28	1.96e-20	1.84e-13	2.54e-07	8.04e-01	1.96e-01	6.29e-05	0.00e+00	0.00e+00	0.00e+00	0.00e+00	0.00e+00	9.86e-98
 6.60213e+12	2.98e-28	2.51e-20	2.21e-13	2.82e-07	8.18e-01	1.82e-01	5.36e-05	0.00e+00	0.00e+00	0.00e+00	0.00e+00	0.00e+00	5.05e-83
 6.88169e+12	4.00e-28	3.16e-20	2.63e-13	3.11e-07	8.30e-01	1.70e-01	4.60e-05	0.00e+00	0.00e+00	0.00e+00	0.00e+00	0.00e+00	6.77e-97
 7.17243e+12	5.37e-28	3.99e-20	3.11e-13	3.43e-07	8.41e-01	1.59e-01	3.95e-05	0.00e+00	0.00e+00	0.00e+00	0.00e+00	0.00e+00	2.28e-82
 7.48925e+12	7.31e-28	5.08e-20	3.71e-13	3.79e-07	8.53e-01	1.47e-01	3.37e-05	0.00e+00	0.00e+00	0.00e+00	0.00e+00	0.00e+00	4.69e-96
 7.81875e+12	9.92e-28	6.45e-20	4.43e-13	4.18e-07	8.63e-01	1.37e-01	2.87e-05	0.00e+00	0.00e+00	0.00e+00	0.00e+00	0.00e+00	1.12e-81
 8.12825e+12	1.31e-27	8.02e-20	5.18e-13	4.57e-07	8.72e-01	1.28e-01	2.48e-05	0.00e+00	0.00e+00	0.00e+00	0.00e+00	0.00e+00	3.08e-95
 8.40572e+12	1.66e-27	9.67e-20	5.93e-13	4.93e-07	8.79e-01	1.21e-01	2.19e-05	0.00e+00	0.00e+00	0.00e+00	0.00e+00	0.00e+00	4.33e-81
 8.66798e+12	2.07e-27	1.15e-19	6.72e-13	5.28e-07	8.86e-01	1.14e-01	1.95e-05	0.00e+00	0.00e+00	0.00e+00	0.00e+00	0.00e+00	1.37e-94
 8.95850e+12	2.63e-27	1.38e-19	7.66e-13	5.68e-07	8.92e-01	1.08e-01	1.72e-05	0.00e+00	0.00e+00	0.00e+00	0.00e+00	0.00e+00	1.45e-80
 9.28433e+12	3.40e-27	1.69e-19	8.84e-13	6.14e-07	8.99e-01	1.01e-01	1.51e-05	0.00e+00	0.00e+00	0.00e+00	0.00e+00	0.00e+00	6.81e-94
 9.59377e+12	4.31e-27	2.03e-19	1.01e-12	6.60e-07	9.05e-01	9.53e-02	1.33e-05	0.00e+00	0.00e+00	0.00e+00	0.00e+00	0.00e+00	5.34e-80
 9.93374e+12	5.55e-27	2.46e-19	1.16e-12	7.12e-07	9.11e-01	8.95e-02	1.16e-05	0.00e+00	0.00e+00	0.00e+00	0.00e+00	0.00e+00	3.33e-93
 1.03136e+13	7.29e-27	3.04e-19	1.34e-12	7.72e-07	9.16e-01	8.36e-02	1.01e-05	0.00e+00	0.00e+00	0.00e+00	0.00e+00	0.00e+00	2.17e-79
 1.06663e+13	9.30e-27	3.67e-19	1.54e-12	8.30e-07	9.21e-01	7.86e-02	8.89e-06	0.00e+00	0.00e+00	0.00e+00	0.00e+00	0.00e+00	1.80e-92
 1.09939e+13	1.16e-26	4.35e-19	1.73e-12	8.85e-07	9.26e-01	7.44e-02	7.93e-06	0.00e+00	0.00e+00	0.00e+00	0.00e+00	0.00e+00	7.50e-79
 1.13681e+13	1.48e-26	5.25e-19	1.98e-12	9.50e-07	9.30e-01	7.00e-02	6.98e-06	0.00e+00	0.00e+00	0.00e+00	0.00e+00	0.00e+00	8.23e-92
 1.18263e+13	1.98e-26	6.57e-19	2.31e-12	1.03e-06	9.35e-01	6.51e-02	6.01e-06	0.00e+00	0.00e+00	0.00e+00	0.00e+00	0.00e+00	3.18e-78
 1.22827e+13	2.61e-26	8.13e-19	2.68e-12	1.12e-06	9.39e-01	6.06e-02	5.19e-06	0.00e+00	0.00e+00	0.00e+00	0.00e+00	0.00e+00	5.26e-91
 1.26789e+13	3.31e-26	9.73e-19	3.04e-12	1.19e-06	9.43e-01	5.72e-02	4.60e-06	0.00e+00	0.00e+00	0.00e+00	0.00e+00	0.00e+00	1.26e-77
 1.31076e+13	4.24e-26	1.18e-18	3.46e-12	1.28e-06	9.46e-01	5.38e-02	4.06e-06	0.00e+00	0.00e+00	0.00e+00	0.00e+00	0.00e+00	2.54e-90
 1.36319e+13	5.69e-26	1.47e-18	4.04e-12	1.39e-06	9.50e-01	5.01e-02	3.50e-06	0.00e+00	0.00e+00	0.00e+00	0.00e+00	0.00e+00	5.52e-77
 1.41667e+13	7.56e-26	1.83e-18	4.70e-12	1.50e-06	9.53e-01	4.66e-02	3.02e-06	0.00e+00	0.00e+00	0.00e+00	0.00e+00	0.00e+00	1.68e-89
 1.46492e+13	9.74e-26	2.22e-18	5.35e-12	1.61e-06	9.56e-01	4.38e-02	2.66e-06	0.00e+00	0.00e+00	0.00e+00	0.00e+00	0.00e+00	2.37e-76
 1.51774e+13	1.27e-25	2.71e-18	6.15e-12	1.72e-06	9.59e-01	4.10e-02	2.32e-06	0.00e+00	0.00e+00	0.00e+00	0.00e+00	0.00e+00	4.92e-76
 1.58005e+13	1.73e-25	3.42e-18	7.19e-12	1.87e-06	9.62e-01	3.80e-02	2.00e-06	0.00e+00	0.00e+00	0.00e+00	0.00e+00	0.00e+00	1.14e-75
 1.64224e+13	2.31e-25	4.27e-18	8.36e-12	2.02e-06	9.65e-01	3.54e-02	1.72e-06	0.00e+00	0.00e+00	0.00e+00	0.00e+00	0.00e+00	2.50e-75
 1.70063e+13	3.02e-25	5.22e-18	9.58e-12	2.17e-06	9.67e-01	3.32e-02	1.51e-06	0.00e+00	0.00e+00	0.00e+00	0.00e+00	0.00e+00	5.20e-75
 1.76535e+13	4.03e-25	6.49e-18	1.11e-11	2.33e-06	9.69e-01	3.09e-02	1.31e-06	0.00e+00	0.00e+00	0.00e+00	0.00e+00	0.00e+00	1.15e-74
 1.83896e+13	5.48e-25	8.20e-18	1.30e-11	2.53e-06	9.71e-01	2.86e-02	1.12e-06	0.00e+00	0.00e+00	0.00e+00	0.00e+00	0.00e+00	2.66e-74
 1.91230e+13	7.42e-25	1.03e-17	1.51e-11	2.73e-06	9.73e-01	2.66e-02	9.67e-07	0.00e+00	0.00e+00	0.00e+00	0.00e+00	0.00e+00	6.11e-74
 1.98858e+13	1.00e-24	1.29e-17	1.76e-11	2.95e-06	9.75e-01	2.48e-02	0.00e+00	0.00e+00	0.00e+00	0.00e+00	0.00e+00	0.00e+00	1.41e-73
 2.07112e+13	1.37e-24	1.64e-17	2.06e-11	3.20e-06	9.77e-01	2.29e-02	0.00e+00	0.00e+00	0.00e+00	0.00e+00	0.00e+00	0.00e+00	3.33e-73
 2.15695e+13	1.88e-24	2.07e-17	2.42e-11	3.46e-06	9.79e-01	2.12e-02	0.00e+00	0.00e+00	0.00e+00	0.00e+00	0.00e+00	0.00e+00	7.88e-73
 2.24622e+13	2.57e-24	2.63e-17	2.83e-11	3.75e-06	9.80e-01	1.97e-02	0.00e+00	0.00e+00	0.00e+00	0.00e+00	0.00e+00	0.00e+00	1.87e-72
 2.33290e+13	3.45e-24	3.27e-17	3.28e-11	4.04e-06	9.82e-01	1.83e-02	0.00e+00	0.00e+00	0.00e+00	0.00e+00	0.00e+00	0.00e+00	4.17e-72
 2.40676e+13	4.39e-24	3.92e-17	3.71e-11	4.29e-06	9.83e-01	1.73e-02	0.00e+00	0.00e+00	0.00e+00	0.00e+00	0.00e+00	0.00e+00	8.10e-72
 2.48197e+13	5.57e-24	4.69e-17	4.18e-11	4.56e-06	9.84e-01	1.63e-02	0.00e+00	0.00e+00	0.00e+00	0.00e+00	1.51e-17	3.18e-17	1.56e-71
 2.57647e+13	7.43e-24	5.83e-17	4.83e-11	4.90e-06	9.85e-01	1.52e-02	0.00e+00	0.00e+00	0.00e+00	0.00e+00	1.93e-17	3.89e-17	3.45e-71
 2.67280e+13	9.91e-24	7.24e-17	5.58e-11	5.26e-06	9.86e-01	1.42e-02	0.00e+00	0.00e+00	0.00e+00	0.00e+00	2.40e-17	4.83e-17	7.65e-71
 2.75684e+13	1.26e-23	8.64e-17	6.30e-11	5.60e-06	9.87e-01	1.33e-02	0.00e+00	0.00e+00	0.00e+00	0.00e+00	2.87e-17	5.77e-17	1.46e-70
 2.84812e+13	1.62e-23	1.05e-16	7.15e-11	5.96e-06	9.87e-01	1.25e-02	0.00e+00	0.00e+00	0.00e+00	0.00e+00	3.47e-17	6.99e-17	2.94e-70
 2.95920e+13	2.18e-23	1.31e-16	8.30e-11	6.43e-06	9.88e-01	1.17e-02	0.00e+00	0.00e+00	0.00e+00	0.00e+00	4.35e-17	8.75e-17	6.72e-70
 3.07261e+13	2.92e-23	1.63e-16	9.62e-11	6.92e-06	9.89e-01	1.08e-02	0.00e+00	0.00e+00	0.00e+00	0.00e+00	5.41e-17	1.09e-16	1.50e-69
 3.17729e+13	3.76e-23	1.98e-16	1.10e-10	7.39e-06	9.90e-01	1.02e-02	0.00e+00	0.00e+00	0.00e+00	0.00e+00	6.56e-17	1.32e-16	3.01e-69
 3.29406e+13	4.98e-23	2.44e-16	1.26e-10	7.93e-06	9.91e-01	9.47e-03	0.00e+00	0.00e+00	0.00e+00	0.00e+00	8.09e-17	1.63e-16	6.51e-69
 3.42876e+13	6.80e-23	3.09e-16	1.48e-10	8.58e-06	9.91e-01	8.77e-03	0.00e+00	0.00e+00	0.00e+00	0.00e+00	1.02e-16	2.06e-16	1.54e-68
 3.56251e+13	9.09e-23	3.84e-16	1.72e-10	9.27e-06	9.92e-01	8.13e-03	0.00e+00	0.00e+00	0.00e+00	0.00e+00	1.28e-16	2.57e-16	3.41e-68
 3.68308e+13	1.18e-22	4.68e-16	1.96e-10	9.89e-06	9.92e-01	7.62e-03	0.00e+00	0.00e+00	0.00e+00	0.00e+00	1.55e-16	3.13e-16	7.00e-68
 3.81075e+13	1.52e-22	5.68e-16	2.24e-10	1.06e-05	9.93e-01	7.13e-03	0.00e+00	0.00e+00	0.00e+00	0.00e+00	1.88e-16	3.79e-16	1.41e-67
 3.95362e+13	2.03e-22	7.06e-16	2.59e-10	1.14e-05	9.93e-01	6.64e-03	0.00e+00	0.00e+00	0.00e+00	0.00e+00	2.34e-16	4.72e-16	3.13e-67
 4.08843e+13	2.61e-22	8.53e-16	2.96e-10	1.22e-05	9.94e-01	6.21e-03	0.00e+00	0.00e+00	0.00e+00	0.00e+00	2.83e-16	5.70e-16	6.17e-67
 4.23586e+13	3.44e-22	1.05e-15	3.40e-10	1.31e-05	9.94e-01	5.79e-03	0.00e+00	0.00e+00	0.00e+00	0.00e+00	3.49e-16	7.03e-16	1.33e-66
 4.39916e+13	4.56e-22	1.30e-15	3.95e-10	1.41e-05	9.95e-01	5.37e-03	0.00e+00	0.00e+00	0.00e+00	0.00e+00	4.32e-16	8.71e-16	2.88e-66
 4.55067e+13	5.90e-22	1.58e-15	4.52e-10	1.51e-05	9.95e-01	5.02e-03	0.00e+00	0.00e+00	0.00e+00	0.00e+00	5.26e-16	1.06e-15	5.84e-66
 4.71522e+13	7.72e-22	1.94e-15	5.20e-10	1.62e-05	9.95e-01	4.68e-03	0.00e+00	0.00e+00	0.00e+00	0.00e+00	6.45e-16	1.30e-15	1.23e-65
 4.89919e+13	1.04e-21	2.44e-15	6.05e-10	1.75e-05	9.96e-01	4.34e-03	0.00e+00	0.00e+00	0.00e+00	0.00e+00	8.08e-16	1.63e-15	2.79e-65
 5.07287e+13	1.34e-21	2.96e-15	6.95e-10	1.88e-05	9.96e-01	4.05e-03	0.00e+00	0.00e+00	0.00e+00	0.00e+00	9.82e-16	1.98e-15	5.61e-65
 5.26019e+13	1.78e-21	3.67e-15	8.02e-10	2.02e-05	9.96e-01	3.77e-03	0.00e+00	0.00e+00	0.00e+00	0.00e+00	1.22e-15	2.45e-15	1.22e-64
 5.46812e+13	2.35e-21	4.55e-15	9.37e-10	2.18e-05	9.96e-01	3.48e-03	0.00e+00	0.00e+00	0.00e+00	0.00e+00	1.51e-15	3.04e-15	2.63e-64
 5.66700e+13	3.08e-21	5.59e-15	1.08e-09	2.35e-05	9.97e-01	3.24e-03	0.00e+00	0.00e+00	0.00e+00	0.00e+00	1.85e-15	3.73e-15	5.54e-64
 5.87930e+13	4.09e-21	6.93e-15	1.25e-09	2.52e-05	9.97e-01	3.02e-03	0.00e+00	0.00e+00	0.00e+00	0.00e+00	2.30e-15	4.64e-15	1.21e-63
 6.11747e+13	5.45e-21	8.64e-15	1.46e-09	2.74e-05	9.97e-01	2.78e-03	0.00e+00	0.00e+00	0.00e+00	0.00e+00	2.86e-15	5.78e-15	2.67e-63
 6.35368e+13	7.31e-21	1.08e-14	1.70e-09	2.95e-05	9.97e-01	2.58e-03	0.00e+00	0.00e+00	0.00e+00	0.00e+00	3.58e-15	7.22e-15	6.00e-63
 6.59934e+13	9.58e-21	1.33e-14	1.98e-09	3.19e-05	9.98e-01	2.39e-03	0.00e+00	0.00e+00	0.00e+00	0.00e+00	4.41e-15	8.89e-15	1.26e-62
 6.85020e+13	1.27e-20	1.65e-14	2.29e-09	3.44e-05	9.98e-01	2.22e-03	0.00e+00	0.00e+00	0.00e+00	0.00e+00	5.46e-15	1.10e-14	2.74e-62
 7.08449e+13	1.64e-20	2.00e-14	2.62e-09	3.68e-05	9.98e-01	2.07e-03	0.00e+00	0.00e+00	0.00e+00	0.00e+00	6.64e-15	1.34e-14	5.56e-62
 7.34426e+13	2.14e-20	2.46e-14	3.03e-09	3.96e-05	9.98e-01	1.93e-03	0.00e+00	0.00e+00	0.00e+00	0.00e+00	8.14e-15	1.64e-14	1.16e-61
 7.62776e+13	2.80e-20	3.03e-14	3.52e-09	4.28e-05	9.98e-01	1.79e-03	0.00e+00	0.00e+00	0.00e+00	0.00e+00	1.00e-14	2.02e-14	2.43e-61
 7.89095e+13	3.61e-20	3.67e-14	4.03e-09	4.58e-05	9.98e-01	1.67e-03	0.00e+00	0.00e+00	0.00e+00	0.00e+00	1.22e-14	2.46e-14	4.91e-61
 8.12353e+13	4.48e-20	4.35e-14	4.52e-09	4.85e-05	9.98e-01	1.57e-03	0.00e+00	0.00e+00	0.00e+00	0.00e+00	1.44e-14	2.91e-14	9.02e-61
 8.37059e+13	5.59e-20	5.15e-14	5.09e-09	5.15e-05	9.98e-01	1.48e-03	0.00e+00	0.00e+00	0.00e+00	0.00e+00	1.70e-14	3.44e-14	1.66e-60
 8.68194e+13	7.23e-20	6.28e-14	5.89e-09	5.55e-05	9.99e-01	1.38e-03	0.00e+00	0.00e+00	0.00e+00	0.00e+00	2.08e-14	4.20e-14	3.38e-60
 8.99605e+13	9.49e-20	7.74e-14	6.78e-09	5.96e-05	9.99e-01	1.28e-03	0.00e+00	0.00e+00	0.00e+00	0.00e+00	2.56e-14	5.18e-14	7.21e-60
 9.26334e+13	1.16e-19	9.04e-14	7.63e-09	6.33e-05	9.99e-01	1.21e-03	0.00e+00	0.00e+00	0.00e+00	0.00e+00	2.99e-14	6.05e-14	1.26e-59
 9.55057e+13	1.46e-19	1.08e-13	8.61e-09	6.72e-05	9.99e-01	1.14e-03	0.00e+00	0.00e+00	0.00e+00	0.00e+00	3.58e-14	7.24e-14	2.41e-59
 9.90868e+13	1.90e-19	1.32e-13	9.97e-09	7.25e-05	9.99e-01	1.05e-03	0.00e+00	0.00e+00	0.00e+00	0.00e+00	4.37e-14	8.84e-14	4.92e-59
 1.02757e+14	2.49e-19	1.63e-13	1.15e-08	7.80e-05	9.99e-01	9.80e-04	0.00e+00	0.00e+00	0.00e+00	0.00e+00	5.39e-14	1.09e-13	1.06e-58
 1.05999e+14	3.09e-19	1.92e-13	1.31e-08	8.31e-05	9.99e-01	9.19e-04	0.00e+00	0.00e+00	0.00e+00	0.00e+00	6.36e-14	1.29e-13	1.91e-58
 1.09516e+14	3.92e-19	2.31e-13	1.49e-08	8.88e-05	9.99e-01	8.61e-04	0.00e+00	0.00e+00	0.00e+00	0.00e+00	7.63e-14	1.55e-13	3.70e-58
 1.13748e+14	5.11e-19	2.84e-13	1.73e-08	9.59e-05	9.99e-01	7.97e-04	0.00e+00	0.00e+00	0.00e+00	0.00e+00	9.39e-14	1.90e-13	7.79e-58
 1.17939e+14	6.70e-19	3.51e-13	2.00e-08	1.03e-04	9.99e-01	7.41e-04	0.00e+00	0.00e+00	0.00e+00	0.00e+00	1.16e-13	2.35e-13	1.67e-57
 1.21678e+14	8.30e-19	4.14e-13	2.26e-08	1.10e-04	9.99e-01	6.95e-04	0.00e+00	0.00e+00	0.00e+00	0.00e+00	1.37e-13	2.78e-13	3.02e-57
 1.25803e+14	1.06e-18	5.01e-13	2.58e-08	1.18e-04	9.99e-01	6.50e-04	0.00e+00	0.00e+00	0.00e+00	0.00e+00	1.65e-13	3.36e-13	6.00e-57
 1.30711e+14	1.38e-18	6.15e-13	3.01e-08	1.27e-04	9.99e-01	6.00e-04	0.00e+00	0.00e+00	0.00e+00	0.00e+00	2.03e-13	4.12e-13	1.25e-56
 1.35571e+14	1.79e-18	7.53e-13	3.49e-08	1.37e-04	9.99e-01	5.57e-04	0.00e+00	0.00e+00	0.00e+00	0.00e+00	2.48e-13	5.05e-13	2.58e-56
 1.40013e+14	2.24e-18	9.02e-13	3.96e-08	1.46e-04	9.99e-01	5.22e-04	0.00e+00	0.00e+00	0.00e+00	0.00e+00	2.97e-13	6.04e-13	4.93e-56
 1.44980e+14	2.84e-18	1.08e-12	4.56e-08	1.57e-04	9.99e-01	4.85e-04	0.00e+00	0.00e+00	0.00e+00	0.00e+00	3.57e-13	7.26e-13	9.48e-56
 1.50758e+14	3.75e-18	1.35e-12	5.34e-08	1.71e-04	9.99e-01	4.47e-04	0.00e+00	0.00e+00	0.00e+00	0.00e+00	4.43e-13	9.02e-13	2.06e-55
 1.56427e+14	4.85e-18	1.65e-12	6.18e-08	1.84e-04	9.99e-01	4.15e-04	0.00e+00	0.00e+00	0.00e+00	0.00e+00	5.44e-13	1.11e-12	4.30e-55
 1.61791e+14	6.09e-18	1.97e-12	7.08e-08	1.98e-04	9.99e-01	3.86e-04	0.00e+00	0.00e+00	0.00e+00	0.00e+00	6.50e-13	1.32e-12	8.11e-55
 1.67761e+14	7.82e-18	2.41e-12	8.19e-08	2.13e-04	9.99e-01	3.59e-04	0.00e+00	0.00e+00	0.00e+00	0.00e+00	7.93e-13	1.62e-12	1.66e-54
 1.74501e+14	1.02e-17	2.96e-12	9.60e-08	2.32e-04	9.99e-01	3.30e-04	0.00e+00	0.00e+00	0.00e+00	0.00e+00	9.74e-13	1.99e-12	3.45e-54
 1.81215e+14	1.32e-17	3.65e-12	1.12e-07	2.51e-04	9.99e-01	3.05e-04	0.00e+00	0.00e+00	0.00e+00	0.00e+00	1.20e-12	2.45e-12	7.28e-54
 1.87715e+14	1.65e-17	4.37e-12	1.29e-07	2.70e-04	9.99e-01	2.83e-04	0.00e+00	0.00e+00	0.00e+00	0.00e+00	1.44e-12	2.93e-12	1.38e-53
 1.93371e+14	2.02e-17	5.13e-12	1.45e-07	2.88e-04	9.99e-01	2.65e-04	0.00e+00	0.00e+00	0.00e+00	0.00e+00	1.68e-12	3.44e-12	2.45e-53
 1.98076e+14	2.38e-17	5.84e-12	1.60e-07	3.03e-04	9.99e-01	2.52e-04	0.00e+00	0.00e+00	0.00e+00	0.00e+00	1.92e-12	3.92e-12	3.90e-53
 2.03299e+14	2.83e-17	6.71e-12	1.78e-07	3.20e-04	9.99e-01	2.39e-04	0.00e+00	0.00e+00	0.00e+00	0.00e+00	2.20e-12	4.51e-12	6.41e-53
 2.10088e+14	3.50e-17	7.96e-12	2.03e-07	3.44e-04	9.99e-01	2.22e-04	0.00e+00	0.00e+00	0.00e+00	0.00e+00	2.61e-12	5.35e-12	1.18e-52
 2.17243e+14	4.35e-17	9.49e-12	2.32e-07	3.70e-04	9.99e-01	2.07e-04	0.00e+00	0.00e+00	0.00e+00	0.00e+00	3.11e-12	6.37e-12	2.21e-52
 2.23422e+14	5.24e-17	1.10e-11	2.60e-07	3.93e-04	9.99e-01	1.95e-04	0.00e+00	4.37e-18	1.31e-17	2.19e-17	3.62e-12	7.41e-12	3.80e-52
 2.30005e+14	6.30e-17	1.28e-11	2.92e-07	4.19e-04	9.99e-01	1.82e-04	0.00e+00	5.27e-18	1.58e-17	2.64e-17	4.20e-12	8.60e-12	6.46e-52
 2.38415e+14	7.95e-17	1.55e-11	3.38e-07	4.53e-04	9.99e-01	1.69e-04	0.00e+00	6.65e-18	2.00e-17	3.33e-17	5.07e-12	1.04e-11	1.27e-51
 2.47073e+14	1.00e-16	1.87e-11	3.90e-07	4.90e-04	9.99e-01	1.56e-04	0.00e+00	8.39e-18	2.52e-17	4.21e-17	6.12e-12	1.25e-11	2.51e-51
 2.54483e+14	1.21e-16	2.17e-11	4.40e-07	5.22e-04	9.99e-01	1.46e-04	0.00e+00	1.01e-17	3.04e-17	5.07e-17	7.12e-12	1.46e-11	4.34e-51
 2.62396e+14	1.46e-16	2.55e-11	4.97e-07	5.58e-04	9.99e-01	1.37e-04	0.00e+00	1.23e-17	3.68e-17	6.15e-17	8.36e-12	1.71e-11	7.76e-51
 2.72222e+14	1.85e-16	3.08e-11	5.77e-07	6.06e-04	9.99e-01	1.26e-04	0.00e+00	1.56e-17	4.67e-17	7.80e-17	1.01e-11	2.07e-11	1.55e-50
 2.82249e+14	2.34e-16	3.72e-11	6.68e-07	6.57e-04	9.99e-01	1.16e-04	0.00e+00	1.96e-17	5.90e-17	9.85e-17	1.22e-11	2.50e-11	3.10e-50
 2.91089e+14	2.84e-16	4.37e-11	7.57e-07	7.04e-04	9.99e-01	1.09e-04	0.00e+00	2.39e-17	7.17e-17	1.20e-16	1.43e-11	2.94e-11	5.58e-50
 3.00671e+14	3.44e-16	5.14e-11	8.62e-07	7.56e-04	9.99e-01	1.01e-04	0.00e+00	2.90e-17	8.70e-17	1.45e-16	1.69e-11	3.46e-11	1.02e-49
 3.12223e+14	4.38e-16	6.25e-11	1.00e-06	8.24e-04	9.99e-01	9.30e-05	0.00e+00	3.69e-17	1.11e-16	1.85e-16	2.05e-11	4.20e-11	2.10e-49
 3.23678e+14	5.45e-16	7.52e-11	1.16e-06	8.92e-04	9.99e-01	8.60e-05	0.00e+00	4.59e-17	1.38e-16	2.30e-16	2.47e-11	5.05e-11	4.15e-49
 3.33921e+14	6.72e-16	8.88e-11	1.32e-06	9.58e-04	9.99e-01	8.02e-05	0.00e+00	5.67e-17	1.70e-16	2.85e-16	2.91e-11	5.97e-11	7.77e-49
 3.45251e+14	8.15e-16	1.05e-10	1.51e-06	1.03e-03	9.99e-01	7.45e-05	0.00e+00	6.89e-17	2.07e-16	3.46e-16	3.44e-11	7.05e-11	1.45e-48
 3.58702e+14	1.05e-15	1.28e-10	1.76e-06	1.13e-03	9.99e-01	6.83e-05	0.00e+00	8.86e-17	2.66e-16	4.44e-16	4.21e-11	8.62e-11	3.11e-48
 3.71994e+14	1.32e-15	1.55e-10	2.03e-06	1.22e-03	9.99e-01	6.31e-05	0.00e+00	1.12e-16	3.36e-16	5.61e-16	5.09e-11	1.04e-10	6.41e-48
 3.84188e+14	1.59e-15	1.82e-10	2.31e-06	1.31e-03	9.99e-01	5.87e-05	0.00e+00	1.35e-16	4.06e-16	6.78e-16	5.98e-11	1.22e-10	1.18e-47
 3.97873e+14	2.02e-15	2.21e-10	2.66e-06	1.42e-03	9.99e-01	5.43e-05	0.00e+00	1.72e-16	5.16e-16	8.62e-16	7.24e-11	1.48e-10	2.46e-47
 4.13736e+14	2.58e-15	2.70e-10	3.12e-06	1.55e-03	9.98e-01	4.98e-05	0.00e+00	2.20e-16	6.59e-16	1.10e-15	8.87e-11	1.81e-10	5.43e-47
 4.29335e+14	3.26e-15	3.28e-10	3.61e-06	1.69e-03	9.98e-01	4.59e-05	0.00e+00	2.78e-16	8.35e-16	1.39e-15	1.08e-10	2.20e-10	1.16e-46
 4.44256e+14	4.05e-15	3.92e-10	4.14e-06	1.82e-03	9.98e-01	4.26e-05	0.00e+00	3.46e-16	1.04e-15	1.73e-15	1.29e-10	2.63e-10	2.36e-46
 4.57325e+14	4.88e-15	4.56e-10	4.65e-06	1.94e-03	9.98e-01	3.99e-05	0.00e+00	4.16e-16	1.25e-15	2.09e-15	1.50e-10	3.06e-10	4.31e-46
 4.68099e+14	5.67e-15	5.16e-10	5.10e-06	2.05e-03	9.98e-01	3.79e-05	0.00e+00	4.85e-16	1.46e-15	2.43e-15	1.70e-10	3.47e-10	7.06e-46
 4.79956e+14	6.66e-15	5.89e-10	5.63e-06	2.17e-03	9.98e-01	3.59e-05	0.00e+00	5.70e-16	1.71e-15	2.86e-15	1.94e-10	3.95e-10	1.19e-45
 4.95370e+14	8.10e-15	6.95e-10	6.39e-06	2.33e-03	9.98e-01	3.35e-05	0.00e+00	6.94e-16	2.08e-15	3.48e-15	2.28e-10	4.66e-10	2.30e-45
 5.11610e+14	1.00e-14	8.26e-10	7.27e-06	2.50e-03	9.97e-01	3.12e-05	0.00e+00	8.62e-16	2.59e-15	4.32e-15	2.72e-10	5.55e-10	4.62e-45
 5.25614e+14	1.20e-14	9.55e-10	8.09e-06	2.66e-03	9.97e-01	2.94e-05	0.00e+00	1.03e-15	3.09e-15	5.15e-15	3.14e-10	6.41e-10	8.24e-45
 5.40509e+14	1.43e-14	1.11e-09	9.04e-06	2.83e-03	9.97e-01	2.77e-05	0.00e+00	1.23e-15	3.68e-15	6.15e-15	3.64e-10	7.42e-10	1.48e-44
 5.59871e+14	1.81e-14	1.34e-09	1.04e-05	3.06e-03	9.97e-01	2.57e-05	0.00e+00	1.56e-15	4.67e-15	7.80e-15	4.41e-10	8.99e-10	3.20e-44
 5.79844e+14	2.25e-14	1.61e-09	1.20e-05	3.31e-03	9.97e-01	2.38e-05	0.00e+00	1.94e-15	5.81e-15	9.70e-15	5.30e-10	1.08e-09	6.69e-44
 5.96510e+14	2.74e-14	1.88e-09	1.34e-05	3.53e-03	9.96e-01	2.24e-05	0.00e+00	2.36e-15	7.09e-15	1.18e-14	6.20e-10	1.26e-09	1.26e-43
 6.14076e+14	3.32e-14	2.21e-09	1.50e-05	3.76e-03	9.96e-01	2.10e-05	0.00e+00	2.86e-15	8.59e-15	1.43e-14	7.26e-10	1.48e-09	2.36e-43
 6.36500e+14	4.20e-14	2.68e-09	1.73e-05	4.08e-03	9.96e-01	1.95e-05	0.00e+00	3.63e-15	1.09e-14	1.82e-14	8.82e-10	1.80e-09	5.13e-43
 6.60120e+14	5.18e-14	3.21e-09	2.00e-05	4.41e-03	9.96e-01	1.81e-05	0.00e+00	4.49e-15	1.35e-14	2.25e-14	1.06e-09	2.16e-09	1.07e-42
 6.81226e+14	6.41e-14	3.83e-09	2.27e-05	4.73e-03	9.95e-01	1.69e-05	0.00e+00	5.56e-15	1.67e-14	2.78e-14	1.26e-09	2.57e-09	2.14e-42
 7.04183e+14	7.97e-14	4.59e-09	2.59e-05	5.09e-03	9.95e-01	1.58e-05	0.00e+00	6.92e-15	2.08e-14	3.46e-14	1.51e-09	3.07e-09	4.39e-42
 7.31517e+14	1.07e-13	5.75e-09	3.01e-05	5.55e-03	9.94e-01	1.46e-05	0.00e+00	9.26e-15	2.78e-14	4.64e-14	1.90e-09	3.86e-09	1.08e-41
 7.58496e+14	1.35e-13	7.00e-09	3.47e-05	6.00e-03	9.94e-01	1.36e-05	0.00e+00	1.17e-14	3.52e-14	5.87e-14	2.31e-09	4.69e-09	2.34e-41
 7.82966e+14	1.67e-13	8.36e-09	3.94e-05	6.44e-03	9.94e-01	1.27e-05	0.00e+00	1.46e-14	4.37e-14	7.30e-14	2.76e-09	5.60e-09	4.69e-41
 8.10220e+14	2.06e-13	9.98e-09	4.51e-05	6.94e-03	9.93e-01	1.19e-05	0.00e+00	1.80e-14	5.40e-14	9.00e-14	3.30e-09	6.69e-09	9.34e-41
 8.42152e+14	2.74e-13	1.25e-08	5.26e-05	7.56e-03	9.92e-01	1.10e-05	0.00e+00	2.39e-14	7.18e-14	1.20e-13	4.14e-09	8.40e-09	2.30e-40
 8.73671e+14	3.54e-13	1.54e-08	6.09e-05	8.18e-03	9.92e-01	1.03e-05	0.00e+00	3.09e-14	9.28e-14	1.55e-13	5.10e-09	1.03e-08	5.11e-40
 9.03324e+14	4.46e-13	1.86e-08	6.96e-05	8.80e-03	9.91e-01	9.62e-06	0.00e+00	3.90e-14	1.17e-13	1.95e-13	6.16e-09	1.25e-08	1.06e-39
 9.36359e+14	5.58e-13	2.25e-08	8.02e-05	9.52e-03	9.90e-01	9.00e-06	0.00e+00	4.88e-14	1.47e-13	2.45e-13	7.44e-09	1.51e-08	2.17e-39
 9.73843e+14	7.57e-13	2.87e-08	9.39e-05	1.04e-02	9.90e-01	8.37e-06	0.00e+00	6.63e-14	1.99e-13	3.32e-13	9.48e-09	1.92e-08	5.54e-39
 1.00521e+15	9.46e-13	3.44e-08	1.07e-04	1.11e-02	9.89e-01	7.91e-06	0.00e+00	8.30e-14	2.49e-13	4.16e-13	1.14e-08	2.30e-08	1.10e-38
 1.02765e+15	1.10e-12	3.90e-08	1.16e-04	1.17e-02	9.88e-01	7.61e-06	0.00e+00	9.68e-14	2.91e-13	4.85e-13	1.29e-08	2.61e-08	1.77e-38
 1.05107e+15	1.29e-12	4.44e-08	1.27e-04	1.22e-02	9.88e-01	7.32e-06	0.00e+00	1.13e-13	3.41e-13	5.68e-13	1.47e-08	2.97e-08	2.88e-38
 1.08151e+15	1.53e-12	5.15e-08	1.42e-04	1.30e-02	9.87e-01	6.96e-06	0.00e+00	1.35e-13	4.05e-13	6.75e-13	1.70e-08	3.44e-08	4.96e-38
 1.11556e+15	1.95e-12	6.24e-08	1.61e-04	1.39e-02	9.86e-01	6.61e-06	0.00e+00	1.72e-13	5.16e-13	8.60e-13	2.07e-08	4.18e-08	1.04e-37
 1.14743e+15	2.39e-12	7.35e-08	1.81e-04	1.48e-02	9.85e-01	6.31e-06	0.00e+00	2.10e-13	6.31e-13	1.05e-12	2.43e-08	4.92e-08	1.89e-37
 1.18198e+15	2.87e-12	8.59e-08	2.03e-04	1.57e-02	9.84e-01	6.02e-06	0.00e+00	2.53e-13	7.59e-13	1.27e-12	2.84e-08	5.75e-08	3.32e-37
 1.22085e+15	3.70e-12	1.05e-07	2.31e-04	1.69e-02	9.83e-01	5.72e-06	0.00e+00	3.26e-13	9.79e-13	1.63e-12	3.49e-08	7.05e-08	7.12e-37
 1.25762e+15	4.52e-12	1.25e-07	2.61e-04	1.80e-02	9.82e-01	5.47e-06	0.00e+00	3.99e-13	1.20e-12	2.00e-12	4.13e-08	8.34e-08	1.29e-36
 1.29768e+15	5.54e-12	1.48e-07	2.95e-04	1.92e-02	9.80e-01	5.22e-06	0.00e+00	4.89e-13	1.47e-12	2.45e-12	4.89e-08	9.88e-08	2.37e-36
 1.34267e+15	7.25e-12	1.83e-07	3.39e-04	2.07e-02	9.79e-01	4.99e-06	0.00e+00	6.41e-13	1.92e-12	3.21e-12	6.07e-08	1.23e-07	5.25e-36
 1.38530e+15	8.95e-12	2.19e-07	3.84e-04	2.21e-02	9.77e-01	4.77e-06	0.00e+00	7.92e-13	2.38e-12	3.97e-12	7.26e-08	1.47e-07	9.92e-36
 1.43193e+15	1.11e-11	2.62e-07	4.38e-04	2.37e-02	9.76e-01	4.56e-06	0.00e+00	9.84e-13	2.95e-12	4.93e-12	8.69e-08	1.75e-07	1.87e-35
 1.48432e+15	1.47e-11	3.30e-07	5.06e-04	2.56e-02	9.74e-01	4.37e-06	0.00e+00	1.31e-12	3.92e-12	6.54e-12	1.09e-07	2.21e-07	4.32e-35
 1.53336e+15	1.85e-11	3.99e-07	5.77e-04	2.75e-02	9.72e-01	4.20e-06	0.00e+00	1.64e-12	4.93e-12	8.22e-12	1.32e-07	2.67e-07	8.47e-35
 1.58626e+15	2.34e-11	4.86e-07	6.62e-04	2.95e-02	9.70e-01	4.04e-06	0.00e+00	2.08e-12	6.23e-12	1.04e-11	1.61e-07	3.25e-07	1.68e-34
 1.64535e+15	2.97e-11	5.93e-07	7.66e-04	3.19e-02	9.67e-01	3.87e-06	0.00e+00	2.64e-12	7.91e-12	1.32e-11	1.97e-07	3.96e-07	3.33e-34
 1.70072e+15	3.86e-11	7.36e-07	8.77e-04	3.42e-02	9.65e-01	3.75e-06	0.00e+00	3.43e-12	1.03e-11	1.72e-11	2.44e-07	4.92e-07	7.23e-34
 1.76096e+15	4.89e-11	9.01e-07	1.01e-03	3.68e-02	9.62e-01	3.62e-06	0.00e+00	4.35e-12	1.31e-11	2.18e-11	2.99e-07	6.02e-07	1.43e-33
 1.82810e+15	6.25e-11	1.11e-06	1.17e-03	3.98e-02	9.59e-01	3.49e-06	0.00e+00	5.57e-12	1.67e-11	2.79e-11	3.67e-07	7.39e-07	2.84e-33
 1.89114e+15	7.94e-11	1.35e-06	1.35e-03	4.28e-02	9.56e-01	3.38e-06	0.00e+00	7.07e-12	2.12e-11	3.54e-11	4.49e-07	9.05e-07	5.67e-33
 1.94903e+15	9.84e-11	1.62e-06	1.52e-03	4.56e-02	9.53e-01	3.30e-06	0.00e+00	8.78e-12	2.63e-11	4.39e-11	5.39e-07	1.09e-06	1.06e-32
 2.01327e+15	1.24e-10	1.97e-06	1.74e-03	4.88e-02	9.49e-01	3.21e-06	0.00e+00	1.10e-11	3.31e-11	5.52e-11	6.53e-07	1.31e-06	2.03e-32
 2.08557e+15	1.59e-10	2.43e-06	2.00e-03	5.26e-02	9.45e-01	3.13e-06	0.00e+00	1.42e-11	4.25e-11	7.09e-11	8.05e-07	1.62e-06	4.06e-32
 2.15441e+15	2.00e-10	2.95e-06	2.29e-03	5.63e-02	9.41e-01	3.06e-06	0.00e+00	1.79e-11	5.36e-11	8.94e-11	9.79e-07	1.97e-06	7.83e-32
 2.23000e+15	2.56e-10	3.62e-06	2.63e-03	6.06e-02	9.37e-01	2.99e-06	0.00e+00	2.29e-11	6.86e-11	1.14e-10	1.20e-06	2.42e-06	1.55e-31
 2.30453e+15	3.23e-10	4.42e-06	3.01e-03	6.50e-02	9.32e-01	2.93e-06	0.00e+00	2.89e-11	8.67e-11	1.45e-10	1.47e-06	2.95e-06	2.97e-31
 2.36191e+15	3.94e-10	5.23e-06	3.34e-03	6.85e-02	9.28e-01	2.90e-06	0.00e+00	3.53e-11	1.06e-10	1.76e-10	1.74e-06	3.49e-06	5.26e-31
 2.42069e+15	4.69e-10	6.06e-06	3.70e-03	7.22e-02	9.24e-01	2.86e-06	0.00e+00	4.20e-11	1.26e-10	2.10e-10	2.01e-06	4.05e-06	8.55e-31
 2.49711e+15	5.76e-10	7.18e-06	4.20e-03	7.70e-02	9.19e-01	2.80e-06	0.00e+00	5.16e-11	1.55e-10	2.58e-10	2.39e-06	4.80e-06	1.44e-30
 2.58148e+15	7.47e-10	8.96e-06	4.82e-03	8.28e-02	9.12e-01	2.77e-06	0.00e+00	6.71e-11	2.01e-10	3.36e-10	2.98e-06	5.98e-06	3.02e-30
 2.65415e+15	8.99e-10	1.05e-05	5.41e-03	8.77e-02	9.07e-01	2.72e-06	0.00e+00	8.08e-11	2.42e-10	4.04e-10	3.50e-06	7.04e-06	4.99e-30
 2.72661e+15	1.08e-09	1.23e-05	6.05e-03	9.28e-02	9.01e-01	2.68e-06	0.00e+00	9.73e-11	2.92e-10	4.86e-10	4.08e-06	8.20e-06	8.03e-30
 2.82081e+15	1.41e-09	1.54e-05	6.99e-03	1.00e-01	8.93e-01	2.65e-06	0.00e+00	1.27e-10	3.82e-10	6.36e-10	5.11e-06	1.03e-05	1.69e-29
 2.91561e+15	1.77e-09	1.87e-05	8.02e-03	1.07e-01	8.85e-01	2.60e-06	0.00e+00	1.60e-10	4.79e-10	7.99e-10	6.22e-06	1.25e-05	3.05e-29
 2.99305e+15	2.13e-09	2.17e-05	8.94e-03	1.13e-01	8.78e-01	2.57e-06	0.00e+00	1.92e-10	5.75e-10	9.59e-10	7.22e-06	1.45e-05	4.81e-29
 3.07558e+15	2.59e-09	2.57e-05	1.00e-02	1.20e-01	8.70e-01	2.54e-06	0.00e+00	2.34e-10	7.01e-10	1.17e-09	8.54e-06	1.71e-05	8.02e-29
 3.18287e+15	3.44e-09	3.25e-05	1.17e-02	1.29e-01	8.59e-01	2.52e-06	0.00e+00	3.11e-10	9.33e-10	1.56e-09	1.08e-05	2.17e-05	1.71e-28
 3.29289e+15	4.36e-09	3.98e-05	1.35e-02	1.39e-01	8.48e-01	2.47e-06	0.00e+00	3.94e-10	1.18e-09	1.97e-09	1.32e-05	2.66e-05	3.10e-28
 3.38465e+15	5.30e-09	4.67e-05	1.51e-02	1.47e-01	8.38e-01	2.44e-06	0.00e+00	4.80e-10	1.44e-09	2.40e-09	1.55e-05	3.12e-05	4.94e-28
 3.48212e+15	6.56e-09	5.58e-05	1.71e-02	1.56e-01	8.27e-01	2.40e-06	0.00e+00	5.94e-10	1.78e-09	2.97e-09	1.86e-05	3.72e-05	8.41e-28
 3.59014e+15	8.51e-09	6.93e-05	1.96e-02	1.67e-01	8.13e-01	2.39e-06	0.00e+00	7.72e-10	2.32e-09	3.86e-09	2.30e-05	4.62e-05	1.66e-27
 3.68851e+15	1.05e-08	8.23e-05	2.21e-02	1.77e-01	8.01e-01	2.36e-06	0.00e+00	9.52e-10	2.86e-09	4.76e-09	2.74e-05	5.49e-05	2.74e-27
 3.79301e+15	1.30e-08	9.82e-05	2.50e-02	1.87e-01	7.88e-01	2.32e-06	0.00e+00	1.18e-09	3.54e-09	5.90e-09	3.27e-05	6.55e-05	4.53e-27
 3.90679e+15	1.62e-08	1.17e-04	2.85e-02	1.99e-01	7.73e-01	2.28e-06	0.00e+00	1.47e-09	4.41e-09	7.35e-09	3.89e-05	7.81e-05	7.38e-27
 4.01015e+15	2.05e-08	1.42e-04	3.22e-02	2.11e-01	7.57e-01	2.26e-06	0.00e+00	1.86e-09	5.59e-09	9.31e-09	4.73e-05	9.49e-05	1.34e-26
 4.09265e+15	2.41e-08	1.62e-04	3.52e-02	2.20e-01	7.45e-01	2.24e-06	0.00e+00	2.19e-09	6.58e-09	1.10e-08	5.41e-05	1.08e-04	1.95e-26
 4.17049e+15	2.82e-08	1.85e-04	3.85e-02	2.29e-01	7.33e-01	2.22e-06	0.00e+00	2.57e-09	7.70e-09	1.28e-08	6.15e-05	1.23e-04	2.81e-26
 4.27168e+15	3.44e-08	2.16e-04	4.30e-02	2.40e-01	7.17e-01	2.18e-06	0.00e+00	3.14e-09	9.42e-09	1.57e-08	7.20e-05	1.44e-04	4.35e-26
 4.37873e+15	4.27e-08	2.58e-04	4.84e-02	2.53e-01	6.98e-01	2.15e-06	0.00e+00	3.90e-09	1.17e-08	1.95e-08	8.58e-05	1.72e-04	7.24e-26
 4.47739e+15	5.19e-08	3.01e-04	5.38e-02	2.65e-01	6.81e-01	2.13e-06	0.00e+00	4.74e-09	1.42e-08	2.37e-08	1.00e-04	2.01e-04	1.08e-25
 4.56996e+15	6.19e-08	3.45e-04	5.92e-02	2.76e-01	6.65e-01	2.10e-06	0.00e+00	5.66e-09	1.70e-08	2.83e-08	1.15e-04	2.30e-04	1.57e-25
 4.67059e+15	7.43e-08	3.97e-04	6.57e-02	2.88e-01	6.46e-01	2.07e-06	0.00e+00	6.80e-09	2.04e-08	3.40e-08	1.32e-04	2.65e-04	2.30e-25
 4.78377e+15	9.56e-08	4.85e-04	7.43e-02	3.02e-01	6.23e-01	2.04e-06	0.00e+00	8.76e-09	2.63e-08	4.38e-08	1.61e-04	3.23e-04	4.16e-25
 4.88797e+15	1.15e-07	5.62e-04	8.25e-02	3.15e-01	6.02e-01	2.01e-06	0.00e+00	1.06e-08	3.17e-08	5.29e-08	1.87e-04	3.75e-04	6.13e-25
 4.98093e+15	1.36e-07	6.38e-04	9.05e-02	3.26e-01	5.83e-01	1.98e-06	0.00e+00	1.25e-08	3.75e-08	6.25e-08	2.12e-04	4.25e-04	8.58e-25
 5.08456e+15	1.66e-07	7.44e-04	1.01e-01	3.39e-01	5.60e-01	1.94e-06	0.00e+00	1.53e-08	4.57e-08	7.62e-08	2.48e-04	4.96e-04	1.31e-24
 5.19591e+15	2.14e-07	9.05e-04	1.13e-01	3.53e-01	5.33e-01	1.91e-06	0.00e+00	1.97e-08	5.90e-08	9.84e-08	3.02e-04	6.04e-04	2.39e-24
 5.29489e+15	2.58e-07	1.05e-03	1.25e-01	3.64e-01	5.10e-01	1.88e-06	0.00e+00	2.38e-08	7.13e-08	1.19e-07	3.49e-04	6.99e-04	3.57e-24
 5.38521e+15	3.09e-07	1.20e-03	1.37e-01	3.75e-01	4.87e-01	1.85e-06	0.00e+00	2.85e-08	8.54e-08	1.42e-07	4.00e-04	8.01e-04	5.26e-24
 5.48664e+15	3.81e-07	1.40e-03	1.51e-01	3.86e-01	4.61e-01	1.81e-06	0.00e+00	3.51e-08	1.05e-07	1.76e-07	4.68e-04	9.37e-04	8.29e-24
 5.59461e+15	4.59e-07	1.60e-03	1.67e-01	3.97e-01	4.34e-01	1.76e-06	0.00e+00	4.23e-08	1.27e-07	2.12e-07	5.34e-04	1.07e-03	1.16e-23
 5.71109e+15	6.04e-07	1.98e-03	1.89e-01	4.08e-01	4.00e-01	1.72e-06	0.00e+00	5.58e-08	1.67e-07	2.79e-07	6.60e-04	1.32e-03	2.27e-23
 5.81463e+15	7.32e-07	2.28e-03	2.08e-01	4.17e-01	3.73e-01	1.68e-06	0.00e+00	6.77e-08	2.03e-07	3.38e-07	7.61e-04	1.52e-03	3.32e-23
 5.88481e+15	8.53e-07	2.55e-03	2.23e-01	4.22e-01	3.53e-01	1.65e-06	0.00e+00	7.89e-08	2.37e-07	3.94e-07	8.49e-04	1.70e-03	4.66e-23
 5.95947e+15	1.00e-06	2.87e-03	2.40e-01	4.27e-01	3.31e-01	1.61e-06	0.00e+00	9.28e-08	2.78e-07	4.64e-07	9.55e-04	1.91e-03	6.67e-23
 6.05654e+15	1.23e-06	3.34e-03	2.63e-01	4.32e-01	3.02e-01	1.55e-06	0.00e+00	1.14e-07	3.42e-07	5.70e-07	1.11e-03	2.22e-03	1.07e-22
 6.15228e+15	1.51e-06	3.86e-03	2.88e-01	4.34e-01	2.74e-01	1.50e-06	0.00e+00	1.40e-07	4.21e-07	7.01e-07	1.29e-03	2.57e-03	1.67e-22
 6.21701e+15	1.71e-06	4.20e-03	3.04e-01	4.35e-01	2.56e-01	1.47e-06	0.00e+00	1.59e-07	4.76e-07	7.94e-07	1.40e-03	2.80e-03	2.15e-22
 6.27187e+15	1.94e-06	4.59e-03	3.21e-01	4.35e-01	2.39e-01	1.43e-06	0.00e+00	1.80e-07	5.40e-07	8.99e-07	1.53e-03	3.06e-03	2.87e-22
 6.33269e+15	2.29e-06	5.17e-03	3.40e-01	4.34e-01	2.20e-01	1.38e-06	0.00e+00	2.13e-07	6.39e-07	1.06e-06	1.73e-03	3.45e-03	4.39e-22
 6.38254e+15	2.55e-06	5.58e-03	3.56e-01	4.33e-01	2.06e-01	1.35e-06	0.00e+00	2.38e-07	7.12e-07	1.19e-06	1.86e-03	3.72e-03	5.61e-22
 6.42862e+15	2.85e-06	5.99e-03	3.70e-01	4.31e-01	1.93e-01	1.32e-06	0.00e+00	2.65e-07	7.95e-07	1.32e-06	2.00e-03	3.99e-03	7.08e-22
 6.48853e+15	3.27e-06	6.60e-03	3.91e-01	4.28e-01	1.75e-01	1.26e-06	0.00e+00	3.05e-07	9.14e-07	1.52e-06	2.20e-03	4.40e-03	9.93e-22
 6.54898e+15	3.70e-06	7.13e-03	4.10e-01	4.23e-01	1.59e-01	1.21e-06	0.00e+00	3.45e-07	1.04e-06	1.72e-06	2.38e-03	4.75e-03	1.27e-21
 6.60131e+15	4.37e-06	7.96e-03	4.31e-01	4.18e-01	1.44e-01	1.15e-06	0.00e+00	4.08e-07	1.22e-06	2.04e-06	2.66e-03	5.30e-03	1.94e-21
 6.64378e+15	4.79e-06	8.49e-03	4.46e-01	4.13e-01	1.33e-01	1.11e-06	0.00e+00	4.48e-07	1.34e-06	2.24e-06	2.83e-03	5.65e-03	2.44e-21
 6.68228e+15	5.29e-06	9.01e-03	4.60e-01	4.08e-01	1.23e-01	1.07e-06	0.00e+00	4.94e-07	1.48e-06	2.47e-06	3.01e-03	6.00e-03	3.02e-21
 6.73232e+15	6.00e-06	9.79e-03	4.79e-01	4.01e-01	1.10e-01	1.01e-06	0.00e+00	5.62e-07	1.68e-06	2.80e-06	3.27e-03	6.52e-03	4.13e-21
 6.78408e+15	6.97e-06	1.07e-02	4.99e-01	3.93e-01	9.76e-02	9.53e-07	0.00e+00	6.53e-07	1.96e-06	3.26e-06	3.57e-03	7.12e-03	5.79e-21
 6.82531e+15	7.53e-06	1.12e-02	5.13e-01	3.87e-01	8.92e-02	0.00e+00	0.00e+00	7.06e-07	2.12e-06	3.52e-06	3.74e-03	7.46e-03	6.79e-21
 6.86615e+15	8.60e-06	1.22e-02	5.30e-01	3.78e-01	7.94e-02	0.00e+00	0.00e+00	8.06e-07	2.42e-06	4.03e-06	4.06e-03	8.10e-03	9.56e-21
 6.90773e+15	9.66e-06	1.30e-02	5.46e-01	3.70e-01	7.11e-02	0.00e+00	0.00e+00	9.06e-07	2.72e-06	4.52e-06	4.33e-03	8.65e-03	1.23e-20
 6.94458e+15	1.09e-05	1.38e-02	5.60e-01	3.62e-01	6.37e-02	0.00e+00	0.00e+00	1.02e-06	3.07e-06	5.10e-06	4.62e-03	9.21e-03	1.61e-20
 6.98678e+15	1.18e-05	1.46e-02	5.75e-01	3.54e-01	5.66e-02	0.00e+00	0.00e+00	1.11e-06	3.34e-06	5.56e-06	4.86e-03	9.70e-03	1.94e-20
 7.04163e+15	1.46e-05	1.62e-02	5.98e-01	3.39e-01	4.67e-02	0.00e+00	0.00e+00	1.37e-06	4.12e-06	6.86e-06	5.41e-03	1.08e-02	3.12e-20
 7.09006e+15	1.63e-05	1.74e-02	6.14e-01	3.28e-01	3.99e-02	0.00e+00	0.00e+00	1.53e-06	4.59e-06	7.65e-06	5.80e-03	1.16e-02	4.14e-20
 7.12249e+15	1.82e-05	1.82e-02	6.26e-01	3.20e-01	3.55e-02	0.00e+00	0.00e+00	1.72e-06	5.15e-06	8.58e-06	6.10e-03	1.22e-02	5.15e-20
 7.15701e+15	2.03e-05	1.93e-02	6.39e-01	3.11e-01	3.11e-02	0.00e+00	0.00e+00	1.91e-06	5.74e-06	9.55e-06	6.45e-03	1.29e-02	6.65e-20
 7.20188e+15	2.35e-05	2.07e-02	6.55e-01	2.99e-01	2.60e-02	0.00e+00	0.00e+00	2.22e-06	6.65e-06	1.11e-05	6.92e-03	1.38e-02	9.09e-20
 7.24877e+15	2.65e-05	2.22e-02	6.70e-01	2.86e-01	2.15e-02	0.00e+00	0.00e+00	2.51e-06	7.51e-06	1.25e-05	7.41e-03	1.48e-02	1.24e-19
 7.28887e+15	2.94e-05	2.34e-02	6.82e-01	2.76e-01	1.82e-02	0.00e+00	0.00e+00	2.79e-06	8.36e-06	1.39e-05	7.84e-03	1.56e-02	1.60e-19
 7.31994e+15	3.24e-05	2.45e-02	6.92e-01	2.68e-01	1.59e-02	0.00e+00	0.00e+00	3.07e-06	9.22e-06	1.53e-05	8.18e-03	1.63e-02	2.01e-19
 7.34351e+15	3.45e-05	2.53e-02	6.99e-01	2.62e-01	1.43e-02	0.00e+00	0.00e+00	3.27e-06	9.81e-06	1.63e-05	8.45e-03	1.68e-02	2.35e-19
 7.36900e+15	3.68e-05	2.62e-02	7.06e-01	2.55e-01	1.27e-02	0.00e+00	0.00e+00	3.49e-06	1.05e-05	1.74e-05	8.76e-03	1.75e-02	2.83e-19
 7.40213e+15	4.04e-05	2.75e-02	7.16e-01	2.46e-01	1.09e-02	0.00e+00	0.00e+00	3.85e-06	1.15e-05	1.92e-05	9.18e-03	1.83e-02	3.63e-19
 7.43660e+15	4.40e-05	2.88e-02	7.25e-01	2.37e-01	9.25e-03	0.00e+00	0.00e+00	4.19e-06	1.26e-05	2.09e-05	9.61e-03	1.91e-02	4.60e-19
