#depth	N	N+	N+2	N+3	N+4	N+5	N+6	N+7
 1.49634e+10	0.00e+00	1.60e-33	1.71e-24	4.18e-16	1.16e-08	9.96e-01	4.27e-03	0.00e+00
 4.54887e+10	2.66e-43	2.24e-33	2.21e-24	4.98e-16	1.27e-08	9.96e-01	3.92e-03	7.69e-09
 7.72350e+10	0.00e+00	3.16e-33	2.87e-24	5.93e-16	1.39e-08	9.96e-01	3.57e-03	0.00e+00
 1.10251e+11	6.24e-43	4.45e-33	3.72e-24	7.07e-16	1.52e-08	9.97e-01	3.27e-03	0.00e+00
 1.42517e+11	0.00e+00	6.16e-33	4.76e-24	8.35e-16	1.65e-08	9.97e-01	3.00e-03	0.00e+00
 1.73277e+11	1.35e-42	8.30e-33	5.97e-24	9.74e-16	1.79e-08	9.97e-01	2.78e-03	0.00e+00
 2.07339e+11	0.00e+00	1.14e-32	7.61e-24	1.15e-15	1.95e-08	9.97e-01	2.55e-03	0.00e+00
 2.45559e+11	3.09e-42	1.61e-32	9.91e-24	1.37e-15	2.13e-08	9.98e-01	2.33e-03	0.00e+00
 2.83887e+11	0.00e+00	2.25e-32	1.28e-23	1.63e-15	2.33e-08	9.98e-01	2.13e-03	0.00e+00
 3.23749e+11	7.09e-42	3.15e-32	1.65e-23	1.95e-15	2.55e-08	9.98e-01	1.95e-03	0.00e+00
 3.66625e+11	0.00e+00	4.46e-32	2.16e-23	2.33e-15	2.80e-08	9.98e-01	1.78e-03	0.00e+00
 4.09012e+11	1.64e-41	6.21e-32	2.78e-23	2.77e-15	3.06e-08	9.98e-01	1.63e-03	0.00e+00
 4.53094e+11	0.00e+00	8.65e-32	3.58e-23	3.30e-15	3.35e-08	9.99e-01	1.49e-03	0.00e+00
 5.01145e+11	3.80e-41	1.22e-31	4.68e-23	3.97e-15	3.68e-08	9.99e-01	1.35e-03	0.00e+00
 5.50137e+11	0.00e+00	1.72e-31	6.09e-23	4.75e-15	4.04e-08	9.99e-01	1.23e-03	0.00e+00
 6.01090e+11	8.81e-41	2.42e-31	7.92e-23	5.70e-15	4.44e-08	9.99e-01	1.12e-03	0.00e+00
 6.55060e+11	0.00e+00	3.42e-31	1.04e-22	6.86e-15	4.89e-08	9.99e-01	1.02e-03	0.00e+00
 7.11189e+11	2.07e-40	4.83e-31	1.35e-22	8.27e-15	5.39e-08	9.99e-01	9.25e-04	0.00e+00
 7.61966e+11	0.00e+00	6.53e-31	1.71e-22	9.73e-15	5.87e-08	9.99e-01	8.50e-04	0.00e+00
 8.04290e+11	4.02e-40	8.32e-31	2.06e-22	1.11e-14	6.29e-08	9.99e-01	7.94e-04	0.00e+00
 8.50662e+11	0.00e+00	1.08e-30	2.52e-22	1.28e-14	6.77e-08	9.99e-01	7.38e-04	0.00e+00
 9.09373e+11	8.09e-40	1.47e-30	3.22e-22	1.52e-14	7.41e-08	9.99e-01	6.74e-04	0.00e+00
 9.70619e+11	0.00e+00	2.01e-30	4.12e-22	1.80e-14	8.13e-08	9.99e-01	6.15e-04	0.00e+00
 1.02262e+12	1.62e-39	2.60e-30	5.04e-22	2.08e-14	8.77e-08	9.99e-01	5.71e-04	0.00e+00
 1.07610e+12	0.00e+00	3.36e-30	6.16e-22	2.40e-14	9.45e-08	9.99e-01	5.30e-04	0.00e+00
 1.14342e+12	3.22e-39	4.57e-30	7.85e-22	2.85e-14	1.04e-07	1.00e+00	4.83e-04	0.00e+00
 1.21181e+12	0.00e+00	6.17e-30	9.95e-22	3.38e-14	1.13e-07	1.00e+00	4.42e-04	0.00e+00
 1.27048e+12	6.24e-39	7.89e-30	1.21e-21	3.88e-14	1.22e-07	1.00e+00	4.10e-04	0.00e+00
 1.33345e+12	0.00e+00	1.02e-29	1.48e-21	4.49e-14	1.32e-07	1.00e+00	3.80e-04	0.00e+00
 1.41138e+12	1.23e-38	1.38e-29	1.89e-21	5.34e-14	1.45e-07	1.00e+00	3.46e-04	0.00e+00
 1.49129e+12	0.00e+00	1.86e-29	2.39e-21	6.34e-14	1.59e-07	1.00e+00	3.16e-04	0.00e+00
 1.56324e+12	2.39e-38	2.40e-29	2.93e-21	7.35e-14	1.73e-07	1.00e+00	2.91e-04	0.00e+00
 1.64233e+12	0.00e+00	3.15e-29	3.64e-21	8.60e-14	1.88e-07	1.00e+00	2.68e-04	0.00e+00
 1.73574e+12	4.78e-38	4.28e-29	4.66e-21	1.03e-13	2.07e-07	1.00e+00	2.43e-04	0.00e+00
 1.82930e+12	0.00e+00	5.73e-29	5.89e-21	1.22e-13	2.27e-07	1.00e+00	2.22e-04	0.00e+00
 1.91808e+12	9.34e-38	7.48e-29	7.29e-21	1.42e-13	2.47e-07	1.00e+00	2.04e-04	0.00e+00
 2.01620e+12	0.00e+00	9.92e-29	9.13e-21	1.68e-13	2.71e-07	1.00e+00	1.87e-04	0.00e+00
 2.12678e+12	1.89e-37	1.34e-28	1.17e-20	2.01e-13	2.98e-07	1.00e+00	1.69e-04	0.00e+00
 2.23723e+12	0.00e+00	1.79e-28	1.47e-20	2.38e-13	3.28e-07	1.00e+00	1.54e-04	0.00e+00
 2.33488e+12	3.58e-37	2.29e-28	1.79e-20	2.75e-13	3.55e-07	1.00e+00	1.43e-04	0.00e+00
 2.41675e+12	0.00e+00	2.80e-28	2.10e-20	3.10e-13	3.78e-07	1.00e+00	1.34e-04	0.00e+00
 2.50482e+12	5.83e-37	3.45e-28	2.49e-20	3.50e-13	4.05e-07	1.00e+00	1.25e-04	0.00e+00
 2.61931e+12	0.00e+00	4.47e-28	3.07e-20	4.08e-13	4.40e-07	1.00e+00	1.15e-04	0.00e+00
 2.73913e+12	1.09e-36	5.81e-28	3.79e-20	4.76e-13	4.80e-07	1.00e+00	1.06e-04	0.00e+00
 2.84138e+12	0.00e+00	7.21e-28	4.51e-20	5.41e-13	5.14e-07	1.00e+00	9.87e-05	0.00e+00
 2.94983e+12	1.84e-36	9.00e-28	5.39e-20	6.16e-13	5.52e-07	1.00e+00	9.20e-05	0.00e+00
 3.08631e+12	0.00e+00	1.18e-27	6.69e-20	7.22e-13	6.03e-07	1.00e+00	8.43e-05	0.00e+00
 3.22686e+12	3.49e-36	1.54e-27	8.29e-20	8.45e-13	6.57e-07	1.00e+00	7.74e-05	0.00e+00
 3.35056e+12	0.00e+00	1.92e-27	9.94e-20	9.65e-13	7.07e-07	1.00e+00	7.20e-05	0.00e+00
 3.48473e+12	6.07e-36	2.44e-27	1.20e-19	1.11e-12	7.64e-07	1.00e+00	6.67e-05	0.00e+00
 3.63304e+12	0.00e+00	3.14e-27	1.47e-19	1.29e-12	8.29e-07	1.00e+00	6.15e-05	0.00e+00
 3.77002e+12	1.07e-35	3.93e-27	1.77e-19	1.47e-12	8.92e-07	1.00e+00	5.72e-05	0.00e+00
 3.91838e+12	0.00e+00	4.97e-27	2.14e-19	1.68e-12	9.62e-07	1.00e+00	5.30e-05	0.00e+00
 4.08366e+12	1.93e-35	6.40e-27	2.62e-19	1.95e-12	1.04e-06	1.00e+00	4.89e-05	0.00e+00
 4.23824e+12	0.00e+00	8.05e-27	3.15e-19	2.23e-12	1.12e-06	1.00e+00	4.54e-05	0.00e+00
 4.40651e+12	3.39e-35	1.02e-26	3.82e-19	2.57e-12	1.22e-06	1.00e+00	4.21e-05	0.00e+00
 4.59356e+12	0.00e+00	1.33e-26	4.71e-19	2.99e-12	1.32e-06	1.00e+00	3.87e-05	0.00e+00
 4.76828e+12	6.12e-35	1.68e-26	5.68e-19	3.42e-12	1.42e-06	1.00e+00	3.60e-05	0.00e+00
 4.95867e+12	0.00e+00	2.15e-26	6.92e-19	3.95e-12	1.54e-06	1.00e+00	3.33e-05	0.00e+00
 5.17145e+12	1.13e-34	2.79e-26	8.56e-19	4.60e-12	1.67e-06	1.00e+00	3.06e-05	0.00e+00
 5.37197e+12	0.00e+00	3.56e-26	1.04e-18	5.29e-12	1.81e-06	1.00e+00	2.84e-05	0.00e+00
 5.59130e+12	2.06e-34	4.60e-26	1.28e-18	6.12e-12	1.96e-06	1.00e+00	2.62e-05	0.00e+00
 5.83694e+12	2.86e-34	6.06e-26	1.59e-18	7.17e-12	2.14e-06	1.00e+00	2.40e-05	0.00e+00
 6.06973e+12	3.88e-34	7.80e-26	1.95e-18	8.28e-12	2.31e-06	1.00e+00	2.22e-05	0.00e+00
 6.31943e+12	5.34e-34	1.02e-25	2.40e-18	9.61e-12	2.51e-06	1.00e+00	2.05e-05	0.00e+00
 6.60213e+12	7.52e-34	1.35e-25	3.01e-18	1.13e-11	2.74e-06	1.00e+00	1.88e-05	0.00e+00
 6.88169e+12	1.05e-33	1.78e-25	3.74e-18	1.32e-11	2.98e-06	1.00e+00	1.73e-05	0.00e+00
 7.17243e+12	1.46e-33	2.34e-25	4.65e-18	1.54e-11	3.24e-06	1.00e+00	1.59e-05	0.00e+00
 7.48925e+12	2.08e-33	3.13e-25	5.86e-18	1.80e-11	3.53e-06	1.00e+00	1.46e-05	0.00e+00
 7.81875e+12	2.93e-33	4.17e-25	7.35e-18	2.12e-11	3.85e-06	1.00e+00	1.34e-05	0.00e+00
 8.12825e+12	4.05e-33	5.43e-25	9.05e-18	2.45e-11	4.16e-06	1.00e+00	1.24e-05	0.00e+00
 8.40572e+12	5.34e-33	6.82e-25	1.08e-17	2.77e-11	4.45e-06	1.00e+00	1.16e-05	0.00e+00
 8.66798e+12	6.90e-33	8.42e-25	1.28e-17	3.11e-11	4.73e-06	1.00e+00	1.09e-05	0.00e+00
 8.95850e+12	9.12e-33	1.06e-24	1.53e-17	3.52e-11	5.05e-06	1.00e+00	1.02e-05	0.00e+00
 9.28433e+12	1.23e-32	1.36e-24	1.86e-17	4.03e-11	5.43e-06	1.00e+00	9.51e-06	0.00e+00
 9.59377e+12	1.63e-32	1.70e-24	2.22e-17	4.55e-11	5.79e-06	1.00e+00	8.91e-06	0.00e+00
 9.93374e+12	2.20e-32	2.17e-24	2.68e-17	5.19e-11	6.21e-06	1.00e+00	8.31e-06	0.00e+00
 1.03136e+13	3.05e-32	2.84e-24	3.30e-17	5.98e-11	6.69e-06	1.00e+00	7.72e-06	0.00e+00
 1.06663e+13	4.07e-32	3.60e-24	3.96e-17	6.79e-11	7.15e-06	1.00e+00	7.22e-06	0.00e+00
 1.09939e+13	5.30e-32	4.46e-24	4.69e-17	7.61e-11	7.59e-06	1.00e+00	6.80e-06	0.00e+00
 1.13681e+13	7.12e-32	5.67e-24	5.64e-17	8.64e-11	8.11e-06	1.00e+00	6.37e-06	0.00e+00
 1.18263e+13	1.01e-31	7.56e-24	7.03e-17	1.00e-10	8.77e-06	1.00e+00	5.90e-06	0.00e+00
 1.22827e+13	1.41e-31	9.91e-24	8.67e-17	1.16e-10	9.45e-06	1.00e+00	5.47e-06	0.00e+00
 1.26789e+13	1.88e-31	1.25e-23	1.04e-16	1.31e-10	1.01e-05	1.00e+00	5.14e-06	0.00e+00
 1.31076e+13	2.54e-31	1.60e-23	1.25e-16	1.48e-10	1.07e-05	1.00e+00	4.82e-06	0.00e+00
 1.36319e+13	3.65e-31	2.14e-23	1.56e-16	1.72e-10	1.16e-05	1.00e+00	4.47e-06	0.00e+00
 1.41667e+13	5.16e-31	2.83e-23	1.93e-16	1.99e-10	1.25e-05	1.00e+00	4.14e-06	0.00e+00
 1.46492e+13	7.03e-31	3.63e-23	2.34e-16	2.27e-10	1.33e-05	1.00e+00	3.88e-06	0.00e+00
 1.51774e+13	9.79e-31	4.74e-23	2.86e-16	2.59e-10	1.43e-05	1.00e+00	3.62e-06	0.00e+00
 1.58005e+13	1.43e-30	6.42e-23	3.60e-16	3.02e-10	1.54e-05	1.00e+00	3.35e-06	0.00e+00
 1.64224e+13	2.04e-30	8.56e-23	4.48e-16	3.51e-10	1.66e-05	1.00e+00	3.11e-06	0.00e+00
 1.70063e+13	2.84e-30	1.12e-22	5.48e-16	4.01e-10	1.78e-05	1.00e+00	2.91e-06	0.00e+00
 1.76535e+13	4.07e-30	1.49e-22	6.79e-16	4.63e-10	1.91e-05	1.00e+00	2.71e-06	0.00e+00
 1.83896e+13	5.96e-30	2.02e-22	8.58e-16	5.41e-10	2.07e-05	1.00e+00	2.50e-06	0.00e+00
 1.91230e+13	8.68e-30	2.73e-22	1.08e-15	6.29e-10	2.23e-05	1.00e+00	2.32e-06	0.00e+00
 1.98858e+13	1.27e-29	3.70e-22	1.35e-15	7.31e-10	2.40e-05	1.00e+00	2.15e-06	0.00e+00
 2.07112e+13	1.88e-29	5.06e-22	1.71e-15	8.55e-10	2.60e-05	1.00e+00	1.99e-06	0.00e+00
 2.15695e+13	2.77e-29	6.92e-22	2.16e-15	1.00e-09	2.81e-05	1.00e+00	1.84e-06	0.00e+00
 2.24622e+13	4.10e-29	9.47e-22	2.73e-15	1.17e-09	3.04e-05	1.00e+00	1.70e-06	0.00e+00
 2.33290e+13	5.91e-29	1.27e-21	3.41e-15	1.36e-09	3.27e-05	1.00e+00	1.58e-06	0.00e+00
 2.40676e+13	7.99e-29	1.61e-21	4.08e-15	1.53e-09	3.47e-05	1.00e+00	1.49e-06	0.00e+00
 2.48197e+13	1.08e-28	2.05e-21	4.89e-15	1.72e-09	3.68e-05	1.00e+00	1.40e-06	0.00e+00
 2.57647e+13	1.54e-28	2.73e-21	6.08e-15	1.99e-09	3.96e-05	1.00e+00	1.31e-06	0.00e+00
 2.67280e+13	2.22e-28	3.65e-21	7.53e-15	2.30e-09	4.25e-05	1.00e+00	1.22e-06	0.00e+00
 2.75684e+13	2.97e-28	4.62e-21	9.02e-15	2.59e-09	4.51e-05	1.00e+00	1.15e-06	0.00e+00
 2.84812e+13	4.08e-28	5.95e-21	1.09e-14	2.94e-09	4.80e-05	1.00e+00	1.08e-06	0.00e+00
 2.95920e+13	5.94e-28	8.04e-21	1.37e-14	3.41e-09	5.17e-05	1.00e+00	1.00e-06	0.00e+00
 3.07261e+13	8.54e-28	1.08e-20	1.70e-14	3.95e-09	5.56e-05	1.00e+00	0.00e+00	0.00e+00
 3.17729e+13	1.17e-27	1.39e-20	2.07e-14	4.50e-09	5.94e-05	1.00e+00	0.00e+00	0.00e+00
 3.29406e+13	1.66e-27	1.84e-20	2.56e-14	5.19e-09	6.37e-05	1.00e+00	0.00e+00	0.00e+00
 3.42876e+13	2.46e-27	2.52e-20	3.24e-14	6.07e-09	6.89e-05	1.00e+00	0.00e+00	0.00e+00
 3.56251e+13	3.52e-27	3.36e-20	4.05e-14	7.05e-09	7.43e-05	1.00e+00	0.00e+00	0.00e+00
 3.68308e+13	4.89e-27	4.37e-20	4.93e-14	8.03e-09	7.93e-05	1.00e+00	0.00e+00	0.00e+00
 3.81075e+13	6.70e-27	5.65e-20	6.02e-14	9.18e-09	8.49e-05	1.00e+00	0.00e+00	0.00e+00
 3.95362e+13	9.63e-27	7.55e-20	7.47e-14	1.06e-08	9.12e-05	1.00e+00	0.00e+00	0.00e+00
 4.08843e+13	1.31e-26	9.69e-20	9.09e-14	1.21e-08	9.76e-05	1.00e+00	0.00e+00	0.00e+00
 4.23586e+13	1.86e-26	1.28e-19	1.12e-13	1.39e-08	1.05e-04	1.00e+00	0.00e+00	0.00e+00
 4.39916e+13	2.62e-26	1.70e-19	1.40e-13	1.61e-08	1.13e-04	1.00e+00	0.00e+00	0.00e+00
 4.55067e+13	3.61e-26	2.20e-19	1.71e-13	1.84e-08	1.21e-04	1.00e+00	0.00e+00	0.00e+00
 4.71522e+13	5.05e-26	2.89e-19	2.10e-13	2.12e-08	1.29e-04	1.00e+00	0.00e+00	0.00e+00
 4.89919e+13	7.34e-26	3.90e-19	2.64e-13	2.47e-08	1.40e-04	1.00e+00	0.00e+00	0.00e+00
 5.07287e+13	1.00e-25	5.05e-19	3.23e-13	2.83e-08	1.50e-04	1.00e+00	0.00e+00	0.00e+00
 5.26019e+13	1.43e-25	6.70e-19	4.01e-13	3.27e-08	1.61e-04	1.00e+00	0.00e+00	0.00e+00
 5.46812e+13	2.01e-25	8.90e-19	5.03e-13	3.81e-08	1.74e-04	1.00e+00	0.00e+00	0.00e+00
 5.66700e+13	2.82e-25	1.17e-18	6.21e-13	4.39e-08	1.87e-04	1.00e+00	0.00e+00	0.00e+00
 5.87930e+13	4.03e-25	1.56e-18	7.72e-13	5.07e-08	2.01e-04	1.00e+00	0.00e+00	0.00e+00
 6.11747e+13	5.73e-25	2.09e-18	9.74e-13	5.94e-08	2.18e-04	1.00e+00	0.00e+00	0.00e+00
 6.35368e+13	8.28e-25	2.81e-18	1.22e-12	6.90e-08	2.35e-04	1.00e+00	0.00e+00	0.00e+00
 6.59934e+13	1.15e-24	3.69e-18	1.52e-12	8.02e-08	2.54e-04	1.00e+00	0.00e+00	0.00e+00
 6.85020e+13	1.63e-24	4.91e-18	1.90e-12	9.29e-08	2.74e-04	1.00e+00	0.00e+00	0.00e+00
 7.08449e+13	2.26e-24	6.37e-18	2.32e-12	1.06e-07	2.93e-04	1.00e+00	0.00e+00	0.00e+00
 7.34426e+13	3.14e-24	8.35e-18	2.86e-12	1.22e-07	3.15e-04	1.00e+00	0.00e+00	0.00e+00
 7.62776e+13	4.37e-24	1.10e-17	3.58e-12	1.42e-07	3.40e-04	1.00e+00	0.00e+00	0.00e+00
 7.89095e+13	5.99e-24	1.42e-17	4.38e-12	1.63e-07	3.64e-04	1.00e+00	0.00e+00	0.00e+00
 8.12353e+13	7.90e-24	1.78e-17	5.20e-12	1.83e-07	3.86e-04	1.00e+00	0.00e+00	0.00e+00
 8.37059e+13	1.04e-23	2.22e-17	6.20e-12	2.06e-07	4.10e-04	1.00e+00	0.00e+00	0.00e+00
 8.68194e+13	1.43e-23	2.90e-17	7.70e-12	2.38e-07	4.41e-04	1.00e+00	0.00e+00	0.00e+00
 8.99605e+13	2.01e-23	3.82e-17	9.50e-12	2.74e-07	4.74e-04	1.00e+00	0.00e+00	0.00e+00
 9.26334e+13	2.57e-23	4.70e-17	1.13e-11	3.08e-07	5.03e-04	9.99e-01	0.00e+00	0.00e+00
 9.55057e+13	3.46e-23	5.97e-17	1.35e-11	3.47e-07	5.35e-04	9.99e-01	0.00e+00	0.00e+00
 9.90868e+13	4.74e-23	7.78e-17	1.68e-11	4.02e-07	5.76e-04	9.99e-01	0.00e+00	0.00e+00
 1.02757e+14	6.71e-23	1.03e-16	2.09e-11	4.65e-07	6.20e-04	9.99e-01	0.00e+00	0.00e+00
 1.05999e+14	8.69e-23	1.28e-16	2.51e-11	5.26e-07	6.60e-04	9.99e-01	0.00e+00	0.00e+00
 1.09516e+14	1.17e-22	1.64e-16	3.04e-11	5.99e-07	7.05e-04	9.99e-01	0.00e+00	0.00e+00
 1.13748e+14	1.63e-22	2.16e-16	3.80e-11	6.96e-07	7.62e-04	9.99e-01	0.00e+00	0.00e+00
 1.17939e+14	2.30e-22	2.86e-16	4.71e-11	8.04e-07	8.19e-04	9.99e-01	0.00e+00	0.00e+00
 1.21678e+14	2.98e-22	3.56e-16	5.67e-11	9.10e-07	8.73e-04	9.99e-01	0.00e+00	0.00e+00
 1.25803e+14	4.07e-22	4.59e-16	6.91e-11	1.04e-06	9.34e-04	9.99e-01	0.00e+00	0.00e+00
 1.30711e+14	5.61e-22	6.01e-16	8.65e-11	1.21e-06	1.01e-03	9.99e-01	0.00e+00	0.00e+00
 1.35571e+14	7.76e-22	7.87e-16	1.07e-10	1.40e-06	1.09e-03	9.99e-01	0.00e+00	0.00e+00
 1.40013e+14	1.04e-21	1.00e-15	1.30e-10	1.59e-06	1.16e-03	9.99e-01	0.00e+00	0.00e+00
 1.44980e+14	1.38e-21	1.28e-15	1.59e-10	1.83e-06	1.25e-03	9.99e-01	0.00e+00	0.00e+00
 1.50758e+14	1.95e-21	1.70e-15	2.01e-10	2.14e-06	1.35e-03	9.99e-01	0.00e+00	0.00e+00
 1.56427e+14	2.71e-21	2.23e-15	2.50e-10	2.48e-06	1.46e-03	9.99e-01	0.00e+00	0.00e+00
 1.61791e+14	3.56e-21	2.82e-15	3.04e-10	2.83e-06	1.57e-03	9.98e-01	0.00e+00	0.00e+00
 1.67761e+14	4.90e-21	3.68e-15	3.77e-10	3.27e-06	1.69e-03	9.98e-01	0.00e+00	0.00e+00
 1.74501e+14	6.72e-21	4.82e-15	4.74e-10	3.83e-06	1.84e-03	9.98e-01	0.00e+00	0.00e+00
 1.81215e+14	9.37e-21	6.36e-15	5.92e-10	4.46e-06	1.99e-03	9.98e-01	0.00e+00	0.00e+00
 1.87715e+14	1.23e-20	8.07e-15	7.28e-10	5.13e-06	2.14e-03	9.98e-01	0.00e+00	0.00e+00
 1.93371e+14	1.58e-20	9.96e-15	8.66e-10	5.78e-06	2.28e-03	9.98e-01	0.00e+00	0.00e+00
 1.98076e+14	1.94e-20	1.18e-14	9.97e-10	6.36e-06	2.40e-03	9.98e-01	0.00e+00	0.00e+00
 2.03299e+14	2.40e-20	1.42e-14	1.16e-09	7.05e-06	2.54e-03	9.97e-01	0.00e+00	0.00e+00
 2.10088e+14	3.12e-20	1.78e-14	1.41e-09	8.05e-06	2.72e-03	9.97e-01	0.00e+00	0.00e+00
 2.17243e+14	4.08e-20	2.24e-14	1.71e-09	9.20e-06	2.93e-03	9.97e-01	0.00e+00	0.00e+00
 2.23422e+14	5.17e-20	2.74e-14	2.02e-09	1.03e-05	3.11e-03	9.97e-01	0.00e+00	0.00e+00
 2.30005e+14	6.45e-20	3.33e-14	2.39e-09	1.16e-05	3.31e-03	9.97e-01	0.00e+00	0.00e+00
 2.38415e+14	8.61e-20	4.26e-14	2.95e-09	1.33e-05	3.58e-03	9.96e-01	0.00e+00	0.00e+00
 2.47073e+14	1.15e-19	5.46e-14	3.63e-09	1.54e-05	3.87e-03	9.96e-01	0.00e+00	0.00e+00
 2.54483e+14	1.45e-19	6.68e-14	4.31e-09	1.73e-05	4.13e-03	9.96e-01	0.00e+00	0.00e+00
 2.62396e+14	1.85e-19	8.26e-14	5.15e-09	1.96e-05	4.41e-03	9.96e-01	0.00e+00	0.00e+00
 2.72222e+14	2.47e-19	1.06e-13	6.39e-09	2.27e-05	4.79e-03	9.95e-01	0.00e+00	0.00e+00
 2.82249e+14	3.30e-19	1.36e-13	7.89e-09	2.62e-05	5.18e-03	9.95e-01	0.00e+00	0.00e+00
 2.91089e+14	4.21e-19	1.68e-13	9.45e-09	2.96e-05	5.55e-03	9.94e-01	0.00e+00	0.00e+00
 3.00671e+14	5.39e-19	2.09e-13	1.14e-08	3.37e-05	5.96e-03	9.94e-01	0.00e+00	0.00e+00
 3.12223e+14	7.25e-19	2.71e-13	1.42e-08	3.92e-05	6.49e-03	9.93e-01	0.00e+00	0.00e+00
 3.23678e+14	9.62e-19	3.47e-13	1.76e-08	4.52e-05	7.02e-03	9.93e-01	0.00e+00	0.00e+00
 3.33921e+14	1.24e-18	4.32e-13	2.11e-08	5.12e-05	7.53e-03	9.92e-01	0.00e+00	0.00e+00
 3.45251e+14	1.60e-18	5.40e-13	2.57e-08	5.85e-05	8.10e-03	9.92e-01	0.00e+00	0.00e+00
 3.58702e+14	2.18e-18	7.06e-13	3.22e-08	6.82e-05	8.84e-03	9.91e-01	0.00e+00	0.00e+00
 3.71994e+14	2.93e-18	9.11e-13	4.00e-08	7.88e-05	9.57e-03	9.90e-01	0.00e+00	0.00e+00
 3.84188e+14	3.76e-18	1.13e-12	4.83e-08	8.96e-05	1.03e-02	9.90e-01	0.00e+00	0.00e+00
 3.97873e+14	5.08e-18	1.46e-12	5.95e-08	1.03e-04	1.11e-02	9.89e-01	0.00e+00	0.00e+00
 4.13736e+14	6.97e-18	1.92e-12	7.50e-08	1.20e-04	1.21e-02	9.88e-01	0.00e+00	0.00e+00
 4.29335e+14	9.44e-18	2.50e-12	9.35e-08	1.39e-04	1.32e-02	9.87e-01	0.00e+00	0.00e+00
 4.44256e+14	1.25e-17	3.18e-12	1.15e-07	1.60e-04	1.42e-02	9.86e-01	0.00e+00	0.00e+00
 4.57325e+14	1.59e-17	3.92e-12	1.36e-07	1.79e-04	1.51e-02	9.85e-01	0.00e+00	0.00e+00
 4.68099e+14	1.93e-17	4.63e-12	1.57e-07	1.97e-04	1.59e-02	9.84e-01	0.00e+00	0.00e+00
 4.79956e+14	2.38e-17	5.54e-12	1.82e-07	2.17e-04	1.68e-02	9.83e-01	0.00e+00	0.00e+00
 4.95370e+14	3.09e-17	6.94e-12	2.20e-07	2.46e-04	1.81e-02	9.82e-01	0.00e+00	0.00e+00
 5.11610e+14	4.08e-17	8.79e-12	2.67e-07	2.80e-04	1.94e-02	9.80e-01	0.00e+00	0.00e+00
 5.25614e+14	5.14e-17	1.07e-11	3.14e-07	3.12e-04	2.06e-02	9.79e-01	0.00e+00	0.00e+00
 5.40509e+14	6.50e-17	1.31e-11	3.71e-07	3.49e-04	2.19e-02	9.78e-01	0.00e+00	0.00e+00
 5.59871e+14	8.86e-17	1.70e-11	4.59e-07	4.01e-04	2.36e-02	9.76e-01	0.00e+00	0.00e+00
 5.79844e+14	1.19e-16	2.19e-11	5.67e-07	4.61e-04	2.55e-02	9.74e-01	0.00e+00	0.00e+00
 5.96510e+14	1.67e-16	2.71e-11	6.73e-07	5.16e-04	2.71e-02	9.72e-01	0.00e+00	0.00e+00
 6.14076e+14	2.16e-16	3.36e-11	8.01e-07	5.79e-04	2.89e-02	9.71e-01	0.00e+00	0.00e+00
 6.36500e+14	2.97e-16	4.39e-11	9.96e-07	6.68e-04	3.12e-02	9.68e-01	0.00e+00	0.00e+00
 6.60120e+14	3.97e-16	5.66e-11	1.24e-06	7.72e-04	3.37e-02	9.66e-01	0.00e+00	0.00e+00
 6.81226e+14	5.30e-16	7.19e-11	1.50e-06	8.75e-04	3.61e-02	9.63e-01	0.00e+00	0.00e+00
 7.04183e+14	7.14e-16	9.21e-11	1.84e-06	9.98e-04	3.87e-02	9.60e-01	0.00e+00	0.00e+00
 7.31517e+14	1.05e-15	1.25e-10	2.32e-06	1.16e-03	4.20e-02	9.57e-01	0.00e+00	0.00e+00
 7.58496e+14	1.45e-15	1.64e-10	2.88e-06	1.34e-03	4.54e-02	9.53e-01	0.00e+00	0.00e+00
 7.82966e+14	1.94e-15	2.09e-10	3.50e-06	1.52e-03	4.85e-02	9.50e-01	0.00e+00	0.00e+00
 8.10220e+14	2.59e-15	2.67e-10	4.30e-06	1.74e-03	5.21e-02	9.46e-01	0.00e+00	0.00e+00
 8.42152e+14	3.81e-15	3.64e-10	5.44e-06	2.03e-03	5.66e-02	9.41e-01	0.00e+00	0.00e+00
 8.73671e+14	5.38e-15	4.83e-10	6.80e-06	2.34e-03	6.10e-02	9.37e-01	0.00e+00	0.00e+00
 9.03324e+14	7.37e-15	6.25e-10	8.33e-06	2.67e-03	6.54e-02	9.32e-01	0.00e+00	0.00e+00
 9.36359e+14	1.00e-14	8.11e-10	1.03e-05	3.08e-03	7.03e-02	9.27e-01	0.00e+00	0.00e+00
 9.73843e+14	1.51e-14	1.12e-09	1.32e-05	3.60e-03	7.63e-02	9.20e-01	0.00e+00	0.00e+00
 1.00521e+15	2.05e-14	1.43e-09	1.59e-05	4.07e-03	8.13e-02	9.15e-01	0.00e+00	0.00e+00
 1.02765e+15	2.53e-14	1.70e-09	1.82e-05	4.44e-03	8.50e-02	9.11e-01	0.00e+00	0.00e+00
 1.05107e+15	3.13e-14	2.03e-09	2.09e-05	4.85e-03	8.90e-02	9.06e-01	0.00e+00	0.00e+00
 1.08151e+15	3.97e-14	2.48e-09	2.47e-05	5.42e-03	9.41e-02	9.00e-01	0.00e+00	0.00e+00
 1.11556e+15	5.53e-14	3.22e-09	2.99e-05	6.12e-03	1.00e-01	8.94e-01	0.00e+00	0.00e+00
 1.14743e+15	7.25e-14	4.01e-09	3.54e-05	6.82e-03	1.06e-01	8.87e-01	0.00e+00	0.00e+00
 1.18198e+15	9.29e-14	4.95e-09	4.22e-05	7.65e-03	1.12e-01	8.80e-01	0.00e+00	0.00e+00
 1.22085e+15	1.32e-13	6.50e-09	5.14e-05	8.67e-03	1.19e-01	8.72e-01	0.00e+00	0.00e+00
 1.25762e+15	1.73e-13	8.14e-09	6.13e-05	9.72e-03	1.26e-01	8.64e-01	0.00e+00	0.00e+00
 1.29768e+15	2.28e-13	1.02e-08	7.38e-05	1.10e-02	1.34e-01	8.55e-01	0.00e+00	0.00e+00
 1.34267e+15	3.29e-13	1.36e-08	9.06e-05	1.25e-02	1.43e-01	8.45e-01	0.00e+00	0.00e+00
 1.38530e+15	4.40e-13	1.73e-08	1.09e-04	1.40e-02	1.51e-01	8.35e-01	0.00e+00	0.00e+00
 1.43193e+15	5.86e-13	2.20e-08	1.32e-04	1.59e-02	1.60e-01	8.24e-01	0.00e+00	0.00e+00
 1.48432e+15	8.65e-13	2.97e-08	1.64e-04	1.82e-02	1.71e-01	8.10e-01	0.00e+00	0.00e+00
 1.53336e+15	1.18e-12	3.82e-08	1.99e-04	2.06e-02	1.81e-01	7.98e-01	0.00e+00	0.00e+00
 1.58626e+15	1.62e-12	4.93e-08	2.42e-04	2.33e-02	1.92e-01	7.84e-01	0.00e+00	0.00e+00
 1.64535e+15	2.22e-12	6.42e-08	2.99e-04	2.67e-02	2.04e-01	7.69e-01	0.00e+00	0.00e+00
 1.70072e+15	3.19e-12	8.50e-08	3.64e-04	3.01e-02	2.16e-01	7.53e-01	0.00e+00	0.00e+00
 1.76096e+15	4.40e-12	1.10e-07	4.45e-04	3.42e-02	2.29e-01	7.37e-01	0.00e+00	0.00e+00
 1.82810e+15	6.06e-12	1.44e-07	5.50e-04	3.90e-02	2.42e-01	7.18e-01	0.00e+00	0.00e+00
 1.89114e+15	8.39e-12	1.87e-07	6.68e-04	4.40e-02	2.55e-01	7.00e-01	0.00e+00	0.00e+00
 1.94903e+15	1.12e-11	2.36e-07	7.94e-04	4.89e-02	2.67e-01	6.83e-01	0.00e+00	0.00e+00
 2.01327e+15	1.52e-11	3.02e-07	9.54e-04	5.48e-02	2.80e-01	6.64e-01	0.00e+00	0.00e+00
 2.08557e+15	2.11e-11	3.93e-07	1.16e-03	6.18e-02	2.94e-01	6.43e-01	0.00e+00	0.00e+00
 2.15441e+15	2.88e-11	5.03e-07	1.40e-03	6.90e-02	3.07e-01	6.23e-01	0.00e+00	0.00e+00
 2.23000e+15	3.96e-11	6.51e-07	1.69e-03	7.74e-02	3.21e-01	6.00e-01	0.00e+00	0.00e+00
 2.30453e+15	5.39e-11	8.32e-07	2.02e-03	8.62e-02	3.34e-01	5.78e-01	0.00e+00	0.00e+00
 2.36191e+15	7.07e-11	1.02e-06	2.32e-03	9.35e-02	3.44e-01	5.60e-01	0.00e+00	0.00e+00
 2.42069e+15	8.88e-11	1.23e-06	2.66e-03	1.01e-01	3.54e-01	5.43e-01	0.00e+00	0.00e+00
 2.49711e+15	1.14e-10	1.51e-06	3.13e-03	1.11e-01	3.65e-01	5.21e-01	0.00e+00	0.00e+00
 2.58148e+15	1.61e-10	1.98e-06	3.76e-03	1.24e-01	3.77e-01	4.95e-01	0.00e+00	0.00e+00
 2.65415e+15	2.05e-10	2.40e-06	4.34e-03	1.34e-01	3.87e-01	4.75e-01	0.00e+00	0.00e+00
 2.72661e+15	2.55e-10	2.88e-06	5.00e-03	1.45e-01	3.95e-01	4.55e-01	0.00e+00	0.00e+00
 2.82081e+15	3.62e-10	3.78e-06	6.00e-03	1.61e-01	4.06e-01	4.27e-01	0.00e+00	0.00e+00
 2.91561e+15	4.79e-10	4.74e-06	7.09e-03	1.76e-01	4.14e-01	4.02e-01	0.00e+00	0.00e+00
 2.99305e+15	5.92e-10	5.64e-06	8.09e-03	1.89e-01	4.20e-01	3.82e-01	0.00e+00	0.00e+00
 3.07558e+15	7.54e-10	6.84e-06	9.29e-03	2.03e-01	4.26e-01	3.61e-01	0.00e+00	0.00e+00
 3.18287e+15	1.07e-09	8.97e-06	1.11e-02	2.23e-01	4.32e-01	3.34e-01	0.00e+00	0.00e+00
 3.29289e+15	1.43e-09	1.13e-05	1.31e-02	2.43e-01	4.36e-01	3.08e-01	0.00e+00	0.00e+00
 3.38465e+15	1.77e-09	1.35e-05	1.50e-02	2.59e-01	4.38e-01	2.88e-01	0.00e+00	0.00e+00
 3.48212e+15	2.28e-09	1.64e-05	1.72e-02	2.77e-01	4.38e-01	2.67e-01	0.00e+00	0.00e+00
 3.59014e+15	3.13e-09	2.09e-05	2.00e-02	2.98e-01	4.38e-01	2.44e-01	0.00e+00	0.00e+00
 3.68851e+15	3.98e-09	2.52e-05	2.27e-02	3.16e-01	4.36e-01	2.26e-01	0.00e+00	0.00e+00
 3.79301e+15	5.04e-09	3.04e-05	2.59e-02	3.35e-01	4.32e-01	2.07e-01	0.00e+00	0.00e+00
 3.90679e+15	6.34e-09	3.66e-05	2.97e-02	3.55e-01	4.27e-01	1.88e-01	0.00e+00	0.00e+00
 4.01015e+15	8.41e-09	4.52e-05	3.37e-02	3.74e-01	4.21e-01	1.71e-01	0.00e+00	0.00e+00
 4.09265e+15	1.01e-08	5.19e-05	3.70e-02	3.89e-01	4.15e-01	1.59e-01	0.00e+00	0.00e+00
 4.17049e+15	1.19e-08	5.93e-05	4.05e-02	4.02e-01	4.09e-01	1.48e-01	0.00e+00	0.00e+00
 4.27168e+15	1.47e-08	6.98e-05	4.52e-02	4.20e-01	4.00e-01	1.35e-01	0.00e+00	0.00e+00
 4.37873e+15	1.87e-08	8.38e-05	5.08e-02	4.37e-01	3.91e-01	1.21e-01	0.00e+00	0.00e+00
 4.47739e+15	2.30e-08	9.81e-05	5.62e-02	4.53e-01	3.81e-01	1.10e-01	0.00e+00	0.00e+00
 4.56996e+15	2.75e-08	1.13e-04	6.16e-02	4.67e-01	3.71e-01	1.01e-01	0.00e+00	0.00e+00
 4.67059e+15	3.28e-08	1.30e-04	6.80e-02	4.81e-01	3.59e-01	9.11e-02	0.00e+00	0.00e+00
 4.78377e+15	4.35e-08	1.59e-04	7.63e-02	4.97e-01	3.46e-01	8.02e-02	0.00e+00	0.00e+00
 4.88797e+15	5.26e-08	1.84e-04	8.41e-02	5.11e-01	3.33e-01	7.20e-02	0.00e+00	0.00e+00
 4.98093e+15	6.15e-08	2.09e-04	9.15e-02	5.22e-01	3.21e-01	6.52e-02	0.00e+00	0.00e+00
 5.08456e+15	7.53e-08	2.43e-04	1.01e-01	5.34e-01	3.07e-01	5.79e-02	0.00e+00	0.00e+00
 5.19591e+15	1.00e-07	2.99e-04	1.12e-01	5.45e-01	2.92e-01	5.02e-02	0.00e+00	0.00e+00
 5.29489e+15	1.22e-07	3.46e-04	1.23e-01	5.54e-01	2.78e-01	4.46e-02	0.00e+00	0.00e+00
 5.38521e+15	1.46e-07	3.97e-04	1.33e-01	5.61e-01	2.66e-01	3.97e-02	0.00e+00	0.00e+00
 5.48664e+15	1.81e-07	4.66e-04	1.46e-01	5.68e-01	2.51e-01	3.47e-02	0.00e+00	0.00e+00
 5.59461e+15	2.13e-07	5.29e-04	1.59e-01	5.74e-01	2.36e-01	3.03e-02	0.00e+00	0.00e+00
 5.71109e+15	2.92e-07	6.62e-04	1.78e-01	5.78e-01	2.18e-01	2.53e-02	0.00e+00	0.00e+00
 5.81463e+15	3.53e-07	7.65e-04	1.94e-01	5.80e-01	2.04e-01	2.18e-02	0.00e+00	0.00e+00
 5.88481e+15	4.14e-07	8.59e-04	2.06e-01	5.81e-01	1.93e-01	1.95e-02	0.00e+00	0.00e+00
 5.95947e+15	4.91e-07	9.73e-04	2.20e-01	5.80e-01	1.82e-01	1.72e-02	0.00e+00	0.00e+00
 6.05654e+15	6.14e-07	1.15e-03	2.40e-01	5.77e-01	1.67e-01	1.45e-02	0.00e+00	0.00e+00
 6.15228e+15	7.63e-07	1.34e-03	2.60e-01	5.73e-01	1.54e-01	1.22e-02	0.00e+00	0.00e+00
 6.21701e+15	8.60e-07	1.47e-03	2.74e-01	5.69e-01	1.45e-01	1.09e-02	0.00e+00	0.00e+00
 6.27187e+15	9.88e-07	1.62e-03	2.87e-01	5.65e-01	1.36e-01	9.72e-03	0.00e+00	0.00e+00
 6.33269e+15	1.21e-06	1.87e-03	3.04e-01	5.59e-01	1.27e-01	8.43e-03	0.00e+00	0.00e+00
 6.38254e+15	1.37e-06	2.04e-03	3.17e-01	5.53e-01	1.20e-01	7.58e-03	0.00e+00	0.00e+00
 6.42862e+15	1.53e-06	2.22e-03	3.30e-01	5.48e-01	1.14e-01	6.82e-03	0.00e+00	0.00e+00
 6.48853e+15	1.80e-06	2.49e-03	3.47e-01	5.39e-01	1.05e-01	5.88e-03	0.00e+00	0.00e+00
 6.54898e+15	2.03e-06	2.72e-03	3.64e-01	5.31e-01	9.70e-02	5.12e-03	0.00e+00	0.00e+00
 6.60131e+15	2.49e-06	3.14e-03	3.82e-01	5.21e-01	8.93e-02	4.36e-03	0.00e+00	0.00e+00
 6.64378e+15	2.79e-06	3.40e-03	3.96e-01	5.13e-01	8.39e-02	3.88e-03	0.00e+00	0.00e+00
 6.68228e+15	3.10e-06	3.67e-03	4.08e-01	5.06e-01	7.87e-02	3.47e-03	0.00e+00	0.00e+00
 6.73232e+15	3.61e-06	4.09e-03	4.26e-01	4.95e-01	7.21e-02	2.96e-03	0.00e+00	0.00e+00
 6.78408e+15	4.28e-06	4.59e-03	4.45e-01	4.83e-01	6.56e-02	2.49e-03	0.00e+00	0.00e+00
 6.82531e+15	4.64e-06	4.88e-03	4.58e-01	4.74e-01	6.10e-02	2.20e-03	0.00e+00	0.00e+00
 6.86615e+15	5.50e-06	5.49e-03	4.74e-01	4.63e-01	5.58e-02	1.87e-03	0.00e+00	0.00e+00
 6.90773e+15	6.27e-06	6.01e-03	4.89e-01	4.52e-01	5.12e-02	1.60e-03	0.00e+00	0.00e+00
 6.94458e+15	7.16e-06	6.59e-03	5.04e-01	4.41e-01	4.70e-02	1.37e-03	0.00e+00	0.00e+00
 6.98678e+15	7.90e-06	7.08e-03	5.18e-01	4.31e-01	4.27e-02	1.17e-03	0.00e+00	0.00e+00
 7.04163e+15	1.00e-05	8.34e-03	5.41e-01	4.13e-01	3.68e-02	8.94e-04	0.00e+00	0.00e+00
 7.09006e+15	1.17e-05	9.27e-03	5.59e-01	3.99e-01	3.26e-02	7.22e-04	0.00e+00	0.00e+00
 7.12249e+15	1.31e-05	1.00e-02	5.71e-01	3.89e-01	2.98e-02	6.16e-04	0.00e+00	0.00e+00
 7.15701e+15	1.50e-05	1.10e-02	5.84e-01	3.77e-01	2.68e-02	5.11e-04	0.00e+00	0.00e+00
 7.20188e+15	1.76e-05	1.23e-02	6.01e-01	3.63e-01	2.33e-02	3.99e-04	0.00e+00	0.00e+00
 7.24877e+15	2.08e-05	1.38e-02	6.18e-01	3.48e-01	2.00e-02	3.08e-04	0.00e+00	0.00e+00
 7.28887e+15	2.40e-05	1.52e-02	6.31e-01	3.36e-01	1.76e-02	2.44e-04	0.00e+00	0.00e+00
 7.31994e+15	2.68e-05	1.64e-02	6.42e-01	3.26e-01	1.58e-02	2.03e-04	0.00e+00	0.00e+00
 7.34351e+15	2.91e-05	1.73e-02	6.49e-01	3.19e-01	1.45e-02	1.76e-04	0.00e+00	0.00e+00
 7.36900e+15	3.20e-05	1.84e-02	6.57e-01	3.11e-01	1.32e-02	1.49e-04	0.00e+00	0.00e+00
 7.40213e+15	3.62e-05	2.00e-02	6.68e-01	3.00e-01	1.17e-02	1.19e-04	0.00e+00	0.00e+00
 7.43660e+15	4.09e-05	2.18e-02	6.78e-01	2.90e-01	1.02e-02	9.48e-05	0.00e+00	0.00e+00
 7.46585e+15	4.53e-05	2.33e-02	6.86e-01	2.81e-01	9.14e-03	7.79e-05	0.00e+00	0.00e+00
 7.49692e+15	5.07e-05	2.51e-02	6.95e-01	2.72e-01	8.05e-03	6.25e-05	0.00e+00	0.00e+00
 7.53190e+15	5.74e-05	2.73e-02	7.04e-01	2.61e-01	6.99e-03	4.88e-05	0.00e+00	0.00e+00
 7.56508e+15	6.44e-05	2.94e-02	7.12e-01	2.52e-01	6.10e-03	3.86e-05	0.00e+00	0.00e+00
 7.59611e+15	7.18e-05	3.17e-02	7.20e-01	2.43e-01	5.36e-03	3.07e-05	0.00e+00	0.00e+00
 7.63124e+15	8.11e-05	3.43e-02	7.28e-01	2.33e-01	4.60e-03	2.36e-05	0.00e+00	0.00e+00
 7.66941e+15	9.25e-05	3.74e-02	7.35e-01	2.23e-01	3.91e-03	1.78e-05	0.00e+00	0.00e+00
 7.70375e+15	1.04e-04	4.04e-02	7.42e-01	2.14e-01	3.37e-03	1.37e-05	0.00e+00	0.00e+00
 7.74063e+15	1.18e-04	4.39e-02	7.49e-01	2.04e-01	2.86e-03	1.03e-05	0.00e+00	0.00e+00
 7.78072e+15	1.35e-04	4.80e-02	7.55e-01	1.94e-01	2.39e-03	7.59e-06	0.00e+00	0.00e+00
 7.81651e+15	1.53e-04	5.19e-02	7.61e-01	1.85e-01	2.04e-03	5.76e-06	0.00e+00	0.00e+00
 7.84932e+15	1.70e-04	5.57e-02	7.65e-01	1.77e-01	1.76e-03	4.47e-06	0.00e+00	0.00e+00
 7.88672e+15	1.94e-04	6.07e-02	7.70e-01	1.68e-01	1.48e-03	3.30e-06	0.00e+00	0.00e+00
 7.92692e+15	2.23e-04	6.63e-02	7.74e-01	1.59e-01	1.23e-03	2.40e-06	0.00e+00	0.00e+00
 7.96273e+15	2.51e-04	7.17e-02	7.77e-01	1.50e-01	1.04e-03	1.81e-06	0.00e+00	0.00e+00
 8.00126e+15	2.88e-04	7.82e-02	7.79e-01	1.42e-01	8.61e-04	1.31e-06	0.00e+00	0.00e+00
 8.04239e+15	3.32e-04	8.58e-02	7.81e-01	1.32e-01	7.07e-04	9.39e-07	0.00e+00	0.00e+00
 8.07836e+15	3.78e-04	9.31e-02	7.81e-01	1.25e-01	5.94e-04	0.00e+00	0.00e+00	0.00e+00
 8.11134e+15	4.25e-04	1.00e-01	7.81e-01	1.17e-01	5.04e-04	0.00e+00	0.00e+00	0.00e+00
 8.14901e+15	4.87e-04	1.09e-01	7.80e-01	1.10e-01	4.16e-04	0.00e+00	0.00e+00	0.00e+00
 8.19076e+15	5.67e-04	1.20e-01	7.78e-01	1.01e-01	3.35e-04	0.00e+00	0.00e+00	0.00e+00
 8.22799e+15	6.52e-04	1.32e-01	7.74e-01	9.36e-02	2.76e-04	0.00e+00	0.00e+00	0.00e+00
 8.26055e+15	7.38e-04	1.42e-01	7.70e-01	8.74e-02	2.32e-04	0.00e+00	0.00e+00	0.00e+00
 8.29686e+15	8.48e-04	1.55e-01	7.64e-01	8.05e-02	1.89e-04	0.00e+00	0.00e+00	0.00e+00
 8.33735e+15	9.93e-04	1.71e-01	7.55e-01	7.31e-02	1.51e-04	0.00e+00	0.00e+00	0.00e+00
 8.37427e+15	1.15e-03	1.87e-01	7.45e-01	6.65e-02	1.22e-04	0.00e+00	0.00e+00	0.00e+00
 8.40744e+15	1.32e-03	2.03e-01	7.35e-01	6.09e-02	9.99e-05	0.00e+00	0.00e+00	0.00e+00
 8.44471e+15	1.54e-03	2.23e-01	7.21e-01	5.48e-02	7.91e-05	0.00e+00	0.00e+00	0.00e+00
 8.48612e+15	1.83e-03	2.47e-01	7.03e-01	4.82e-02	6.06e-05	0.00e+00	0.00e+00	0.00e+00
 8.52417e+15	2.15e-03	2.72e-01	6.83e-01	4.25e-02	4.70e-05	0.00e+00	0.00e+00	0.00e+00
 8.55902e+15	2.51e-03	2.98e-01	6.62e-01	3.76e-02	3.68e-05	0.00e+00	0.00e+00	0.00e+00
 8.59842e+15	2.99e-03	3.29e-01	6.36e-01	3.23e-02	2.74e-05	0.00e+00	0.00e+00	0.00e+00
 8.64254e+15	3.64e-03	3.68e-01	6.01e-01	2.68e-02	1.94e-05	0.00e+00	0.00e+00	0.00e+00
 8.68251e+15	4.40e-03	4.08e-01	5.66e-01	2.22e-02	1.39e-05	0.00e+00	0.00e+00	0.00e+00
 8.71675e+15	5.18e-03	4.44e-01	5.32e-01	1.86e-02	1.03e-05	0.00e+00	0.00e+00	0.00e+00
 8.75379e+15	6.19e-03	4.87e-01	4.92e-01	1.51e-02	7.19e-06	0.00e+00	0.00e+00	0.00e+00
 8.79428e+15	7.54e-03	5.36e-01	4.44e-01	1.17e-02	4.74e-06	0.00e+00	0.00e+00	0.00e+00
 8.82990e+15	8.99e-03	5.83e-01	3.99e-01	9.08e-03	3.17e-06	0.00e+00	0.00e+00	0.00e+00
 8.86047e+15	1.05e-02	6.24e-01	3.59e-01	7.14e-03	2.18e-06	0.00e+00	0.00e+00	0.00e+00
 8.88708e+15	1.20e-02	6.59e-01	3.23e-01	5.68e-03	1.54e-06	0.00e+00	0.00e+00	0.00e+00
 8.91036e+15	1.36e-02	6.91e-01	2.91e-01	4.57e-03	1.11e-06	0.00e+00	0.00e+00	0.00e+00
 8.93606e+15	1.55e-02	7.24e-01	2.57e-01	3.53e-03	7.62e-07	0.00e+00	0.00e+00	0.00e+00
 8.96350e+15	1.79e-02	7.58e-01	2.21e-01	2.61e-03	0.00e+00	0.00e+00	0.00e+00	0.00e+00
 8.98635e+15	2.03e-02	7.86e-01	1.92e-01	1.98e-03	0.00e+00	0.00e+00	0.00e+00	0.00e+00
 9.00502e+15	2.25e-02	8.07e-01	1.69e-01	1.56e-03	0.00e+00	0.00e+00	0.00e+00	0.00e+00
 9.02509e+15	2.51e-02	8.27e-01	1.47e-01	1.18e-03	0.00e+00	0.00e+00	0.00e+00	0.00e+00
 9.04743e+15	2.84e-02	8.48e-01	1.23e-01	8.52e-04	0.00e+00	0.00e+00	0.00e+00	0.00e+00
 9.06748e+15	3.19e-02	8.64e-01	1.04e-01	6.20e-04	0.00e+00	0.00e+00	0.00e+00	0.00e+00
 9.08449e+15	3.52e-02	8.76e-01	8.85e-02	4.66e-04	0.00e+00	0.00e+00	0.00e+00	0.00e+00
 9.10278e+15	3.92e-02	8.87e-01	7.39e-02	3.35e-04	0.00e+00	0.00e+00	0.00e+00	0.00e+00
 9.12256e+15	4.43e-02	8.96e-01	6.00e-02	2.30e-04	0.00e+00	0.00e+00	0.00e+00	0.00e+00
 9.13978e+15	4.93e-02	9.01e-01	4.95e-02	1.63e-04	0.00e+00	0.00e+00	0.00e+00	0.00e+00
 9.15447e+15	5.42e-02	9.04e-01	4.15e-02	1.20e-04	0.00e+00	0.00e+00	0.00e+00	0.00e+00
 9.17037e+15	6.02e-02	9.06e-01	3.41e-02	8.41e-05	0.00e+00	0.00e+00	0.00e+00	0.00e+00
 9.19105e+15	6.89e-02	9.05e-01	2.60e-02	5.22e-05	0.00e+00	0.00e+00	0.00e+00	0.00e+00
 9.21165e+15	7.93e-02	9.01e-01	1.95e-02	3.14e-05	0.00e+00	0.00e+00	0.00e+00	0.00e+00
 9.22709e+15	8.84e-02	8.96e-01	1.54e-02	2.09e-05	0.00e+00	0.00e+00	0.00e+00	0.00e+00
 9.23962e+15	9.66e-02	8.91e-01	1.27e-02	1.49e-05	0.00e+00	0.00e+00	0.00e+00	0.00e+00
 9.25233e+15	1.06e-01	8.84e-01	1.03e-02	1.04e-05	0.00e+00	0.00e+00	0.00e+00	0.00e+00
 9.26641e+15	1.17e-01	8.75e-01	8.19e-03	6.95e-06	0.00e+00	0.00e+00	0.00e+00	0.00e+00
 9.28024e+15	1.29e-01	8.64e-01	6.45e-03	4.60e-06	0.00e+00	0.00e+00	0.00e+00	0.00e+00
 9.29200e+15	1.40e-01	8.54e-01	5.23e-03	3.20e-06	0.00e+00	0.00e+00	0.00e+00	0.00e+00
 9.30221e+15	1.51e-01	8.45e-01	4.35e-03	2.32e-06	0.00e+00	0.00e+00	0.00e+00	0.00e+00
 9.31158e+15	1.61e-01	8.35e-01	3.65e-03	1.71e-06	0.00e+00	0.00e+00	0.00e+00	0.00e+00
 9.32052e+15	1.71e-01	8.25e-01	3.08e-03	1.27e-06	0.00e+00	0.00e+00	0.00e+00	0.00e+00
 9.32774e+15	1.80e-01	8.17e-01	2.68e-03	1.01e-06	0.00e+00	0.00e+00	0.00e+00	0.00e+00
 9.33255e+15	1.86e-01	8.12e-01	2.45e-03	8.57e-07	0.00e+00	0.00e+00	0.00e+00	0.00e+00
 9.33693e+15	1.91e-01	8.06e-01	2.24e-03	0.00e+00	0.00e+00	0.00e+00	0.00e+00	0.00e+00
 9.34199e+15	1.98e-01	8.00e-01	2.02e-03	0.00e+00	0.00e+00	0.00e+00	0.00e+00	0.00e+00
 9.34756e+15	2.06e-01	7.92e-01	1.81e-03	0.00e+00	0.00e+00	0.00e+00	0.00e+00	0.00e+00
 9.35299e+15	2.13e-01	7.85e-01	1.62e-03	0.00e+00	0.00e+00	0.00e+00	0.00e+00	0.00e+00
 9.35802e+15	2.20e-01	7.78e-01	1.46e-03	0.00e+00	0.00e+00	0.00e+00	0.00e+00	0.00e+00
 9.36298e+15	2.28e-01	7.71e-01	1.31e-03	0.00e+00	0.00e+00	0.00e+00	0.00e+00	0.00e+00
 9.36803e+15	2.35e-01	7.64e-01	1.18e-03	0.00e+00	0.00e+00	0.00e+00	0.00e+00	0.00e+00
 9.37311e+15	2.43e-01	7.56e-01	1.06e-03	0.00e+00	0.00e+00	0.00e+00	0.00e+00	0.00e+00
 9.37812e+15	2.50e-01	7.49e-01	9.53e-04	0.00e+00	0.00e+00	0.00e+00	0.00e+00	0.00e+00
 9.38309e+15	2.59e-01	7.40e-01	8.55e-04	0.00e+00	0.00e+00	0.00e+00	0.00e+00	0.00e+00
 9.38809e+15	2.67e-01	7.33e-01	7.66e-04	0.00e+00	0.00e+00	0.00e+00	0.00e+00	0.00e+00
 9.39297e+15	2.75e-01	7.25e-01	6.88e-04	0.00e+00	0.00e+00	0.00e+00	0.00e+00	0.00e+00
 9.39779e+15	2.83e-01	7.17e-01	6.18e-04	0.00e+00	0.00e+00	0.00e+00	0.00e+00	0.00e+00
 9.40268e+15	2.91e-01	7.08e-01	5.54e-04	0.00e+00	0.00e+00	0.00e+00	0.00e+00	0.00e+00
 9.40754e+15	3.00e-01	7.00e-01	4.96e-04	0.00e+00	0.00e+00	0.00e+00	0.00e+00	0.00e+00
 9.41235e+15	3.08e-01	6.91e-01	4.44e-04	0.00e+00	0.00e+00	0.00e+00	0.00e+00	0.00e+00
 9.41714e+15	3.17e-01	6.82e-01	3.98e-04	0.00e+00	0.00e+00	0.00e+00	0.00e+00	0.00e+00
 9.42193e+15	3.27e-01	6.73e-01	3.55e-04	0.00e+00	0.00e+00	0.00e+00	0.00e+00	0.00e+00
 9.42675e+15	3.36e-01	6.64e-01	3.17e-04	0.00e+00	0.00e+00	0.00e+00	0.00e+00	0.00e+00
 9.43149e+15	3.45e-01	6.55e-01	2.84e-04	0.00e+00	0.00e+00	0.00e+00	0.00e+00	0.00e+00
 9.43618e+15	3.55e-01	6.45e-01	2.54e-04	0.00e+00	0.00e+00	0.00e+00	0.00e+00	0.00e+00
 9.44092e+15	3.64e-01	6.35e-01	2.26e-04	0.00e+00	0.00e+00	0.00e+00	0.00e+00	0.00e+00
 9.44570e+15	3.74e-01	6.25e-01	2.02e-04	0.00e+00	0.00e+00	0.00e+00	0.00e+00	0.00e+00
 9.45046e+15	3.85e-01	6.15e-01	1.80e-04	0.00e+00	0.00e+00	0.00e+00	0.00e+00	0.00e+00
 9.45519e+15	3.96e-01	6.04e-01	1.60e-04	0.00e+00	0.00e+00	0.00e+00	0.00e+00	0.00e+00
 9.45988e+15	4.07e-01	5.93e-01	1.42e-04	0.00e+00	0.00e+00	0.00e+00	0.00e+00	0.00e+00
 9.46458e+15	4.18e-01	5.82e-01	1.27e-04	0.00e+00	0.00e+00	0.00e+00	0.00e+00	0.00e+00
 9.46924e+15	4.29e-01	5.71e-01	1.13e-04	0.00e+00	0.00e+00	0.00e+00	0.00e+00	0.00e+00
 9.47387e+15	4.42e-01	5.58e-01	1.00e-04	0.00e+00	0.00e+00	0.00e+00	0.00e+00	0.00e+00
 9.47846e+15	4.54e-01	5.46e-01	8.95e-05	0.00e+00	0.00e+00	0.00e+00	0.00e+00	0.00e+00
 9.48301e+15	4.66e-01	5.34e-01	7.98e-05	0.00e+00	0.00e+00	0.00e+00	0.00e+00	0.00e+00
 9.48755e+15	4.79e-01	5.21e-01	7.12e-05	0.00e+00	0.00e+00	0.00e+00	0.00e+00	0.00e+00
 9.49212e+15	4.92e-01	5.08e-01	6.35e-05	0.00e+00	0.00e+00	0.00e+00	0.00e+00	0.00e+00
 9.49673e+15	5.06e-01	4.94e-01	5.65e-05	0.00e+00	0.00e+00	0.00e+00	0.00e+00	0.00e+00
 9.50131e+15	5.18e-01	4.82e-01	5.05e-05	0.00e+00	0.00e+00	0.00e+00	0.00e+00	0.00e+00
 9.50595e+15	5.35e-01	4.65e-01	4.48e-05	0.00e+00	0.00e+00	0.00e+00	0.00e+00	0.00e+00
 9.51065e+15	5.49e-01	4.51e-01	3.99e-05	0.00e+00	0.00e+00	0.00e+00	0.00e+00	0.00e+00
 9.51540e+15	5.64e-01	4.36e-01	3.55e-05	0.00e+00	0.00e+00	0.00e+00	0.00e+00	0.00e+00
 9.52029e+15	5.80e-01	4.20e-01	3.15e-05	0.00e+00	0.00e+00	0.00e+00	0.00e+00	0.00e+00
 9.52531e+15	5.96e-01	4.04e-01	2.79e-05	0.00e+00	0.00e+00	0.00e+00	0.00e+00	0.00e+00
 9.53047e+15	6.13e-01	3.87e-01	2.48e-05	0.00e+00	0.00e+00	0.00e+00	0.00e+00	0.00e+00
 9.53581e+15	6.30e-01	3.70e-01	2.19e-05	0.00e+00	0.00e+00	0.00e+00	0.00e+00	0.00e+00
 9.54137e+15	6.50e-01	3.50e-01	1.92e-05	0.00e+00	0.00e+00	0.00e+00	0.00e+00	0.00e+00
 9.54711e+15	6.68e-01	3.32e-01	1.69e-05	0.00e+00	0.00e+00	0.00e+00	0.00e+00	0.00e+00
 9.55315e+15	6.86e-01	3.14e-01	1.49e-05	0.00e+00	0.00e+00	0.00e+00	0.00e+00	0.00e+00
 9.55905e+15	7.01e-01	2.99e-01	1.33e-05	0.00e+00	0.00e+00	0.00e+00	0.00e+00	0.00e+00
 9.56454e+15	7.17e-01	2.83e-01	1.20e-05	0.00e+00	0.00e+00	0.00e+00	0.00e+00	0.00e+00
 9.57006e+15	7.31e-01	2.69e-01	1.08e-05	0.00e+00	0.00e+00	0.00e+00	0.00e+00	0.00e+00
 9.57580e+15	7.44e-01	2.56e-01	9.79e-06	0.00e+00	0.00e+00	0.00e+00	0.00e+00	0.00e+00
 9.58183e+15	7.57e-01	2.43e-01	8.87e-06	0.00e+00	0.00e+00	0.00e+00	0.00e+00	0.00e+00
 9.58816e+15	7.70e-01	2.30e-01	8.05e-06	0.00e+00	0.00e+00	0.00e+00	0.00e+00	0.00e+00
 9.59481e+15	7.82e-01	2.18e-01	7.32e-06	0.00e+00	0.00e+00	0.00e+00	0.00e+00	0.00e+00
 9.60183e+15	7.94e-01	2.06e-01	6.67e-06	0.00e+00	0.00e+00	0.00e+00	0.00e+00	0.00e+00
 9.60933e+15	8.05e-01	1.95e-01	6.09e-06	0.00e+00	0.00e+00	0.00e+00	0.00e+00	0.00e+00
 9.61737e+15	8.16e-01	1.84e-01	5.53e-06	0.00e+00	0.00e+00	0.00e+00	0.00e+00	0.00e+00
 9.62620e+15	8.25e-01	1.75e-01	5.08e-06	0.00e+00	0.00e+00	0.00e+00	0.00e+00	0.00e+00
 9.63564e+15	8.36e-01	1.64e-01	4.63e-06	0.00e+00	0.00e+00	0.00e+00	0.00e+00	0.00e+00
 9.64573e+15	8.44e-01	1.56e-01	4.24e-06	0.00e+00	0.00e+00	0.00e+00	0.00e+00	0.00e+00
 9.65683e+15	8.53e-01	1.47e-01	3.88e-06	0.00e+00	0.00e+00	0.00e+00	0.00e+00	0.00e+00
 9.66875e+15	8.61e-01	1.39e-01	3.55e-06	0.00e+00	0.00e+00	0.00e+00	0.00e+00	0.00e+00
 9.68135e+15	8.69e-01	1.31e-01	3.25e-06	0.00e+00	0.00e+00	0.00e+00	0.00e+00	0.00e+00
 9.69461e+15	8.77e-01	1.23e-01	2.97e-06	0.00e+00	0.00e+00	0.00e+00	0.00e+00	0.00e+00
 9.70850e+15	8.84e-01	1.16e-01	2.72e-06	0.00e+00	0.00e+00	0.00e+00	0.00e+00	0.00e+00
 9.72291e+15	8.91e-01	1.09e-01	2.48e-06	0.00e+00	0.00e+00	0.00e+00	0.00e+00	0.00e+00
 9.73764e+15	8.98e-01	1.02e-01	2.26e-06	0.00e+00	0.00e+00	0.00e+00	0.00e+00	0.00e+00
 9.75250e+15	9.04e-01	9.61e-02	2.07e-06	0.00e+00	0.00e+00	0.00e+00	0.00e+00	0.00e+00
 9.76736e+15	9.10e-01	9.02e-02	1.89e-06	0.00e+00	0.00e+00	0.00e+00	0.00e+00	0.00e+00
 9.78218e+15	9.15e-01	8.47e-02	1.72e-06	0.00e+00	0.00e+00	0.00e+00	0.00e+00	0.00e+00
 9.79691e+15	9.21e-01	7.95e-02	1.57e-06	0.00e+00	0.00e+00	0.00e+00	0.00e+00	0.00e+00
 9.81152e+15	9.25e-01	7.46e-02	1.44e-06	0.00e+00	0.00e+00	0.00e+00	0.00e+00	0.00e+00
 9.82601e+15	9.30e-01	7.01e-02	1.32e-06	0.00e+00	0.00e+00	0.00e+00	0.00e+00	0.00e+00
 9.84035e+15	9.34e-01	6.59e-02	1.21e-06	0.00e+00	0.00e+00	0.00e+00	0.00e+00	0.00e+00
 9.85449e+15	9.38e-01	6.19e-02	1.11e-06	0.00e+00	0.00e+00	0.00e+00	0.00e+00	0.00e+00
 9.86845e+15	9.42e-01	5.82e-02	1.02e-06	0.00e+00	0.00e+00	0.00e+00	0.00e+00	0.00e+00
 9.88237e+15	9.45e-01	5.47e-02	9.33e-07	0.00e+00	0.00e+00	0.00e+00	0.00e+00	0.00e+00
 9.89625e+15	9.49e-01	5.15e-02	8.57e-07	0.00e+00	0.00e+00	0.00e+00	0.00e+00	0.00e+00
 9.91004e+15	9.52e-01	4.84e-02	7.87e-07	0.00e+00	0.00e+00	0.00e+00	0.00e+00	0.00e+00
 9.92373e+15	9.54e-01	4.56e-02	7.24e-07	0.00e+00	0.00e+00	0.00e+00	0.00e+00	0.00e+00
 9.93735e+15	9.57e-01	4.29e-02	6.66e-07	0.00e+00	0.00e+00	0.00e+00	0.00e+00	0.00e+00
 9.95095e+15	9.60e-01	4.04e-02	6.13e-07	0.00e+00	0.00e+00	0.00e+00	0.00e+00	0.00e+00
 9.96454e+15	9.62e-01	3.80e-02	5.65e-07	0.00e+00	0.00e+00	0.00e+00	0.00e+00	0.00e+00
 9.97815e+15	9.64e-01	3.58e-02	5.20e-07	0.00e+00	0.00e+00	0.00e+00	0.00e+00	0.00e+00
 9.99180e+15	9.66e-01	3.38e-02	4.79e-07	0.00e+00	0.00e+00	0.00e+00	0.00e+00	0.00e+00
 1.00055e+16	9.68e-01	3.18e-02	4.42e-07	0.00e+00	0.00e+00	0.00e+00	0.00e+00	0.00e+00
 1.00196e+16	9.70e-01	2.99e-02	4.06e-07	0.00e+00	0.00e+00	0.00e+00	0.00e+00	0.00e+00
 1.00341e+16	9.72e-01	2.81e-02	3.73e-07	0.00e+00	0.00e+00	0.00e+00	0.00e+00	0.00e+00
 1.00490e+16	9.74e-01	2.64e-02	3.42e-07	0.00e+00	0.00e+00	0.00e+00	0.00e+00	0.00e+00
 1.00642e+16	9.75e-01	2.48e-02	3.13e-07	0.00e+00	0.00e+00	0.00e+00	0.00e+00	0.00e+00
 1.00799e+16	9.77e-01	2.32e-02	2.87e-07	0.00e+00	0.00e+00	0.00e+00	0.00e+00	0.00e+00
 1.00963e+16	9.78e-01	2.17e-02	2.61e-07	0.00e+00	0.00e+00	0.00e+00	0.00e+00	0.00e+00
 1.01137e+16	9.80e-01	2.03e-02	2.37e-07	0.00e+00	0.00e+00	0.00e+00	0.00e+00	0.00e+00
 1.01326e+16	9.81e-01	1.89e-02	2.14e-07	0.00e+00	0.00e+00	0.00e+00	0.00e+00	0.00e+00
 1.01531e+16	9.83e-01	1.74e-02	1.92e-07	0.00e+00	0.00e+00	0.00e+00	0.00e+00	0.00e+00
 1.01757e+16	9.84e-01	1.60e-02	1.71e-07	0.00e+00	0.00e+00	0.00e+00	0.00e+00	0.00e+00
 1.02016e+16	9.85e-01	1.46e-02	1.50e-07	0.00e+00	0.00e+00	0.00e+00	0.00e+00	0.00e+00
 1.02293e+16	9.87e-01	1.34e-02	1.31e-07	0.00e+00	0.00e+00	0.00e+00	0.00e+00	0.00e+00
 1.02559e+16	9.88e-01	1.23e-02	1.17e-07	0.00e+00	0.00e+00	0.00e+00	0.00e+00	0.00e+00
