#depth	C	C+	C+2	C+3	C+4	C+5	C+6	C[1]	C[2]	C[3]	C+[1]	C+[2]	CO
 1.49634e+10	1.19e-44	1.30e-33	1.78e-23	5.35e-14	8.23e-04	6.69e-01	3.30e-01	0.00e+00	0.00e+00	0.00e+00	0.00e+00	0.00e+00	1.16e-142
 4.54887e+10	0.00e+00	1.84e-33	2.32e-23	6.44e-14	9.15e-04	6.87e-01	3.13e-01	0.00e+00	0.00e+00	0.00e+00	0.00e+00	0.00e+00	1.96e-208
 7.72350e+10	2.78e-44	2.59e-33	3.02e-23	7.75e-14	1.02e-03	7.03e-01	2.96e-01	0.00e+00	0.00e+00	0.00e+00	0.00e+00	0.00e+00	1.11e-141
 1.10251e+11	0.00e+00	3.65e-33	3.93e-23	9.31e-14	1.13e-03	7.19e-01	2.79e-01	0.00e+00	0.00e+00	0.00e+00	0.00e+00	0.00e+00	7.15e-208
 1.42869e+11	6.31e-44	5.05e-33	5.04e-23	1.11e-13	1.24e-03	7.34e-01	2.65e-01	0.00e+00	0.00e+00	0.00e+00	0.00e+00	0.00e+00	1.00e-140
 1.73840e+11	0.00e+00	6.80e-33	6.33e-23	1.30e-13	1.36e-03	7.47e-01	2.51e-01	0.00e+00	0.00e+00	0.00e+00	0.00e+00	0.00e+00	2.61e-207
 2.07769e+11	1.34e-43	9.31e-33	8.06e-23	1.53e-13	1.50e-03	7.61e-01	2.38e-01	0.00e+00	0.00e+00	0.00e+00	0.00e+00	0.00e+00	7.59e-140
 2.46006e+11	0.00e+00	1.31e-32	1.05e-22	1.84e-13	1.65e-03	7.75e-01	2.24e-01	0.00e+00	0.00e+00	0.00e+00	0.00e+00	0.00e+00	7.87e-207
 2.84325e+11	3.05e-43	1.81e-32	1.34e-22	2.19e-13	1.82e-03	7.88e-01	2.10e-01	0.00e+00	0.00e+00	0.00e+00	0.00e+00	0.00e+00	6.97e-139
 3.24177e+11	0.00e+00	2.52e-32	1.72e-22	2.60e-13	2.01e-03	8.00e-01	1.98e-01	0.00e+00	0.00e+00	0.00e+00	0.00e+00	0.00e+00	2.75e-206
 3.67071e+11	6.95e-43	3.53e-32	2.23e-22	3.11e-13	2.21e-03	8.12e-01	1.86e-01	0.00e+00	0.00e+00	0.00e+00	0.00e+00	0.00e+00	6.41e-138
 4.11680e+11	0.00e+00	4.95e-32	2.89e-22	3.72e-13	2.44e-03	8.24e-01	1.74e-01	0.00e+00	0.00e+00	0.00e+00	0.00e+00	0.00e+00	9.20e-206
 4.58074e+11	1.60e-42	6.94e-32	3.74e-22	4.44e-13	2.69e-03	8.35e-01	1.62e-01	0.00e+00	0.00e+00	0.00e+00	0.00e+00	0.00e+00	6.14e-137
 5.06324e+11	0.00e+00	9.72e-32	4.84e-22	5.30e-13	2.97e-03	8.45e-01	1.52e-01	0.00e+00	0.00e+00	0.00e+00	0.00e+00	0.00e+00	3.09e-205
 5.56504e+11	3.70e-42	1.36e-31	6.27e-22	6.33e-13	3.27e-03	8.55e-01	1.42e-01	0.00e+00	0.00e+00	0.00e+00	0.00e+00	0.00e+00	5.90e-136
 6.08691e+11	0.00e+00	1.91e-31	8.11e-22	7.55e-13	3.60e-03	8.64e-01	1.32e-01	0.00e+00	0.00e+00	0.00e+00	0.00e+00	0.00e+00	9.82e-205
 6.62965e+11	8.53e-42	2.68e-31	1.05e-21	9.01e-13	3.96e-03	8.73e-01	1.23e-01	0.00e+00	0.00e+00	0.00e+00	0.00e+00	0.00e+00	5.68e-135
 7.19410e+11	0.00e+00	3.75e-31	1.36e-21	1.08e-12	4.36e-03	8.81e-01	1.15e-01	0.00e+00	0.00e+00	0.00e+00	0.00e+00	0.00e+00	2.82e-204
 7.78114e+11	1.97e-41	5.26e-31	1.76e-21	1.28e-12	4.80e-03	8.88e-01	1.07e-01	0.00e+00	0.00e+00	0.00e+00	0.00e+00	0.00e+00	5.49e-134
 8.39165e+11	0.00e+00	7.38e-31	2.27e-21	1.53e-12	5.28e-03	8.96e-01	9.92e-02	0.00e+00	0.00e+00	0.00e+00	0.00e+00	0.00e+00	6.29e-204
 8.96983e+11	4.39e-41	1.01e-30	2.87e-21	1.80e-12	5.75e-03	9.02e-01	9.27e-02	0.00e+00	0.00e+00	0.00e+00	0.00e+00	0.00e+00	4.83e-133
 9.49332e+11	0.00e+00	1.32e-30	3.53e-21	2.07e-12	6.21e-03	9.06e-01	8.74e-02	0.00e+00	0.00e+00	0.00e+00	0.00e+00	0.00e+00	5.52e-204
 1.00834e+12	8.88e-41	1.77e-30	4.42e-21	2.41e-12	6.74e-03	9.11e-01	8.18e-02	0.00e+00	0.00e+00	0.00e+00	0.00e+00	0.00e+00	3.24e-132
 1.07749e+12	0.00e+00	2.48e-30	5.71e-21	2.87e-12	7.40e-03	9.17e-01	7.59e-02	0.00e+00	0.00e+00	0.00e+00	0.00e+00	0.00e+00	0.00e+00
 1.14620e+12	2.00e-40	3.42e-30	7.29e-21	3.40e-12	8.09e-03	9.21e-01	7.07e-02	0.00e+00	0.00e+00	0.00e+00	0.00e+00	0.00e+00	2.93e-131
 1.21146e+12	0.00e+00	4.59e-30	9.12e-21	3.96e-12	8.78e-03	9.25e-01	6.61e-02	0.00e+00	0.00e+00	0.00e+00	0.00e+00	0.00e+00	0.00e+00
 1.28364e+12	4.27e-40	6.29e-30	1.16e-20	4.66e-12	9.59e-03	9.29e-01	6.15e-02	0.00e+00	0.00e+00	0.00e+00	0.00e+00	0.00e+00	2.27e-130
 1.36491e+12	0.00e+00	8.87e-30	1.51e-20	5.57e-12	1.05e-02	9.33e-01	5.69e-02	0.00e+00	0.00e+00	0.00e+00	0.00e+00	0.00e+00	0.00e+00
 1.44673e+12	9.86e-40	1.24e-29	1.94e-20	6.63e-12	1.16e-02	9.36e-01	5.27e-02	0.00e+00	0.00e+00	0.00e+00	0.00e+00	0.00e+00	2.19e-129
 1.53182e+12	0.00e+00	1.73e-29	2.50e-20	7.88e-12	1.27e-02	9.39e-01	4.88e-02	0.00e+00	0.00e+00	0.00e+00	0.00e+00	0.00e+00	0.00e+00
 1.62302e+12	2.29e-39	2.44e-29	3.26e-20	9.43e-12	1.39e-02	9.41e-01	4.50e-02	0.00e+00	0.00e+00	0.00e+00	0.00e+00	0.00e+00	2.13e-128
 1.71787e+12	0.00e+00	3.46e-29	4.24e-20	1.13e-11	1.53e-02	9.43e-01	4.15e-02	0.00e+00	0.00e+00	0.00e+00	0.00e+00	0.00e+00	0.00e+00
 1.80849e+12	5.23e-39	4.76e-29	5.41e-20	1.33e-11	1.68e-02	9.45e-01	3.85e-02	0.00e+00	0.00e+00	0.00e+00	0.00e+00	0.00e+00	1.97e-127
 1.89186e+12	0.00e+00	6.32e-29	6.72e-20	1.54e-11	1.81e-02	9.46e-01	3.59e-02	0.00e+00	0.00e+00	0.00e+00	0.00e+00	0.00e+00	0.00e+00
 1.98638e+12	1.10e-38	8.66e-29	8.53e-20	1.82e-11	1.97e-02	9.47e-01	3.33e-02	0.00e+00	0.00e+00	0.00e+00	0.00e+00	0.00e+00	1.45e-126
 2.09556e+12	0.00e+00	1.23e-28	1.11e-19	2.18e-11	2.17e-02	9.48e-01	3.07e-02	0.00e+00	0.00e+00	0.00e+00	0.00e+00	0.00e+00	0.00e+00
 2.20279e+12	2.56e-38	1.71e-28	1.43e-19	2.59e-11	2.38e-02	9.48e-01	2.83e-02	0.00e+00	0.00e+00	0.00e+00	0.00e+00	0.00e+00	1.41e-125
 2.30526e+12	0.00e+00	2.33e-28	1.81e-19	3.03e-11	2.58e-02	9.48e-01	2.63e-02	0.00e+00	0.00e+00	0.00e+00	0.00e+00	0.00e+00	0.00e+00
 2.41835e+12	5.63e-38	3.23e-28	2.33e-19	3.59e-11	2.82e-02	9.48e-01	2.42e-02	0.00e+00	0.00e+00	0.00e+00	0.00e+00	0.00e+00	1.16e-124
 2.54501e+12	0.00e+00	4.61e-28	3.05e-19	4.31e-11	3.11e-02	9.47e-01	2.22e-02	0.00e+00	0.00e+00	0.00e+00	0.00e+00	0.00e+00	0.00e+00
 2.67241e+12	1.34e-37	6.49e-28	3.95e-19	5.15e-11	3.41e-02	9.45e-01	2.04e-02	0.00e+00	0.00e+00	0.00e+00	0.00e+00	0.00e+00	1.18e-123
 2.80491e+12	0.00e+00	9.15e-28	5.14e-19	6.15e-11	3.74e-02	9.44e-01	1.87e-02	0.00e+00	0.00e+00	0.00e+00	0.00e+00	0.00e+00	0.00e+00
 2.94704e+12	3.21e-37	1.32e-27	6.77e-19	7.41e-11	4.12e-02	9.42e-01	1.71e-02	0.00e+00	0.00e+00	0.00e+00	0.00e+00	0.00e+00	1.22e-122
 3.09484e+12	0.00e+00	1.88e-27	8.90e-19	8.92e-11	4.53e-02	9.39e-01	1.56e-02	0.00e+00	0.00e+00	0.00e+00	0.00e+00	0.00e+00	0.00e+00
 3.24856e+12	7.82e-37	2.70e-27	1.17e-18	1.07e-10	4.98e-02	9.36e-01	1.43e-02	0.00e+00	0.00e+00	0.00e+00	0.00e+00	0.00e+00	1.31e-121
 3.40144e+12	0.00e+00	3.80e-27	1.52e-18	1.28e-10	5.45e-02	9.32e-01	1.30e-02	0.00e+00	0.00e+00	0.00e+00	0.00e+00	0.00e+00	0.00e+00
 3.56042e+12	1.84e-36	5.39e-27	1.99e-18	1.53e-10	5.98e-02	9.28e-01	1.19e-02	0.00e+00	0.00e+00	0.00e+00	0.00e+00	0.00e+00	1.29e-120
 3.73277e+12	0.00e+00	7.75e-27	2.62e-18	1.85e-10	6.57e-02	9.23e-01	1.08e-02	0.00e+00	0.00e+00	0.00e+00	0.00e+00	0.00e+00	0.00e+00
 3.91200e+12	4.53e-36	1.11e-26	3.45e-18	2.23e-10	7.22e-02	9.18e-01	9.83e-03	0.00e+00	0.00e+00	0.00e+00	0.00e+00	0.00e+00	1.41e-119
 4.09841e+12	0.00e+00	1.60e-26	4.56e-18	2.69e-10	7.93e-02	9.12e-01	8.91e-03	0.00e+00	0.00e+00	0.00e+00	0.00e+00	0.00e+00	0.00e+00
 4.29227e+12	1.11e-35	2.31e-26	6.02e-18	3.24e-10	8.70e-02	9.05e-01	8.07e-03	0.00e+00	0.00e+00	0.00e+00	0.00e+00	0.00e+00	1.55e-118
 4.49389e+12	0.00e+00	3.32e-26	7.95e-18	3.91e-10	9.54e-02	8.97e-01	7.30e-03	0.00e+00	0.00e+00	0.00e+00	0.00e+00	0.00e+00	0.00e+00
 4.70357e+12	2.74e-35	4.77e-26	1.05e-17	4.71e-10	1.05e-01	8.89e-01	6.59e-03	0.00e+00	0.00e+00	0.00e+00	0.00e+00	0.00e+00	1.69e-117
 4.89431e+12	0.00e+00	6.57e-26	1.34e-17	5.55e-10	1.13e-01	8.81e-01	6.02e-03	0.00e+00	0.00e+00	0.00e+00	0.00e+00	0.00e+00	0.00e+00
 5.05499e+12	5.62e-35	8.51e-26	1.63e-17	6.33e-10	1.21e-01	8.74e-01	5.58e-03	0.00e+00	0.00e+00	0.00e+00	0.00e+00	0.00e+00	1.13e-116
 5.23172e+12	7.91e-35	1.12e-25	2.02e-17	7.29e-10	1.29e-01	8.66e-01	5.15e-03	0.00e+00	0.00e+00	0.00e+00	0.00e+00	0.00e+00	0.00e+00
 5.45320e+12	1.20e-34	1.57e-25	2.61e-17	8.66e-10	1.40e-01	8.55e-01	4.66e-03	0.00e+00	0.00e+00	0.00e+00	0.00e+00	0.00e+00	8.50e-116
 5.68291e+12	1.81e-34	2.19e-25	3.37e-17	1.03e-09	1.52e-01	8.44e-01	4.21e-03	0.00e+00	0.00e+00	0.00e+00	0.00e+00	0.00e+00	5.74e-98
 5.88241e+12	2.56e-34	2.90e-25	4.17e-17	1.19e-09	1.63e-01	8.33e-01	3.87e-03	0.00e+00	0.00e+00	0.00e+00	0.00e+00	0.00e+00	0.00e+00
 6.09262e+12	3.63e-34	3.84e-25	5.19e-17	1.37e-09	1.74e-01	8.22e-01	3.54e-03	0.00e+00	0.00e+00	0.00e+00	0.00e+00	0.00e+00	1.64e-114
 6.35063e+12	5.50e-34	5.38e-25	6.71e-17	1.62e-09	1.88e-01	8.09e-01	3.18e-03	0.00e+00	0.00e+00	0.00e+00	0.00e+00	0.00e+00	6.98e-97
 6.60968e+12	8.20e-34	7.43e-25	8.59e-17	1.92e-09	2.03e-01	7.94e-01	2.86e-03	0.00e+00	0.00e+00	0.00e+00	0.00e+00	0.00e+00	0.00e+00
 6.83807e+12	1.15e-33	9.75e-25	1.06e-16	2.20e-09	2.16e-01	7.81e-01	2.62e-03	0.00e+00	0.00e+00	0.00e+00	0.00e+00	0.00e+00	3.58e-113
 7.08770e+12	1.64e-33	1.30e-24	1.32e-16	2.54e-09	2.30e-01	7.67e-01	2.38e-03	0.00e+00	0.00e+00	0.00e+00	0.00e+00	0.00e+00	8.14e-96
 7.38833e+12	2.47e-33	1.81e-24	1.70e-16	3.01e-09	2.48e-01	7.50e-01	2.12e-03	0.00e+00	0.00e+00	0.00e+00	0.00e+00	0.00e+00	0.00e+00
 7.69137e+12	3.67e-33	2.49e-24	2.17e-16	3.53e-09	2.66e-01	7.32e-01	1.89e-03	0.00e+00	0.00e+00	0.00e+00	0.00e+00	0.00e+00	8.19e-112
 7.97071e+12	5.19e-33	3.30e-24	2.69e-16	4.07e-09	2.83e-01	7.16e-01	1.71e-03	0.00e+00	0.00e+00	0.00e+00	0.00e+00	0.00e+00	1.10e-94
 8.28313e+12	7.53e-33	4.45e-24	3.39e-16	4.73e-09	3.01e-01	6.98e-01	1.53e-03	0.00e+00	0.00e+00	0.00e+00	0.00e+00	0.00e+00	5.81e-111
 8.64387e+12	1.13e-32	6.20e-24	4.37e-16	5.58e-09	3.22e-01	6.76e-01	1.35e-03	0.00e+00	0.00e+00	0.00e+00	0.00e+00	0.00e+00	6.47e-94
 8.99975e+12	1.67e-32	8.45e-24	5.54e-16	6.51e-09	3.43e-01	6.56e-01	1.20e-03	0.00e+00	0.00e+00	0.00e+00	0.00e+00	0.00e+00	5.15e-110
 9.36986e+12	2.44e-32	1.15e-23	7.00e-16	7.57e-09	3.64e-01	6.35e-01	1.06e-03	0.00e+00	0.00e+00	0.00e+00	0.00e+00	0.00e+00	3.72e-93
 9.77458e+12	3.63e-32	1.58e-23	8.94e-16	8.86e-09	3.87e-01	6.12e-01	9.32e-04	0.00e+00	0.00e+00	0.00e+00	0.00e+00	0.00e+00	4.45e-109
 1.01826e+13	5.30e-32	2.15e-23	1.13e-15	1.03e-08	4.10e-01	5.89e-01	8.20e-04	0.00e+00	0.00e+00	0.00e+00	0.00e+00	0.00e+00	2.22e-92
 1.06070e+13	7.72e-32	2.90e-23	1.42e-15	1.19e-08	4.33e-01	5.67e-01	7.21e-04	0.00e+00	0.00e+00	0.00e+00	0.00e+00	0.00e+00	3.69e-108
 1.10143e+13	1.09e-31	3.82e-23	1.75e-15	1.36e-08	4.54e-01	5.46e-01	6.38e-04	0.00e+00	0.00e+00	0.00e+00	0.00e+00	0.00e+00	1.18e-91
 1.13532e+13	1.43e-31	4.77e-23	2.07e-15	1.51e-08	4.71e-01	5.28e-01	5.78e-04	0.00e+00	0.00e+00	0.00e+00	0.00e+00	0.00e+00	2.13e-107
 1.17077e+13	1.89e-31	5.95e-23	2.45e-15	1.68e-08	4.88e-01	5.11e-01	5.23e-04	0.00e+00	0.00e+00	0.00e+00	0.00e+00	0.00e+00	4.26e-91
 1.21612e+13	2.65e-31	7.80e-23	3.00e-15	1.91e-08	5.10e-01	4.90e-01	4.61e-04	0.00e+00	0.00e+00	0.00e+00	0.00e+00	0.00e+00	1.24e-106
 1.26332e+13	3.72e-31	1.02e-22	3.68e-15	2.17e-08	5.32e-01	4.68e-01	4.05e-04	0.00e+00	0.00e+00	0.00e+00	0.00e+00	0.00e+00	2.09e-90
 1.30440e+13	4.92e-31	1.28e-22	4.36e-15	2.41e-08	5.49e-01	4.50e-01	3.63e-04	0.00e+00	0.00e+00	0.00e+00	0.00e+00	0.00e+00	7.37e-106
 1.34855e+13	6.58e-31	1.61e-22	5.19e-15	2.68e-08	5.68e-01	4.32e-01	3.24e-04	0.00e+00	0.00e+00	0.00e+00	0.00e+00	0.00e+00	8.15e-90
 1.40247e+13	9.24e-31	2.11e-22	6.36e-15	3.04e-08	5.89e-01	4.10e-01	2.82e-04	0.00e+00	0.00e+00	0.00e+00	0.00e+00	0.00e+00	4.63e-105
 1.45729e+13	1.29e-30	2.75e-22	7.74e-15	3.43e-08	6.10e-01	3.90e-01	2.47e-04	0.00e+00	0.00e+00	0.00e+00	0.00e+00	0.00e+00	4.04e-89
 1.50721e+13	1.71e-30	3.45e-22	9.18e-15	3.80e-08	6.28e-01	3.72e-01	2.19e-04	0.00e+00	0.00e+00	0.00e+00	0.00e+00	0.00e+00	2.85e-104
 1.56258e+13	2.33e-30	4.40e-22	1.10e-14	4.24e-08	6.46e-01	3.54e-01	1.92e-04	0.00e+00	0.00e+00	0.00e+00	0.00e+00	0.00e+00	1.70e-88
 1.62251e+13	3.19e-30	5.65e-22	1.33e-14	4.75e-08	6.65e-01	3.35e-01	1.68e-04	0.00e+00	0.00e+00	0.00e+00	0.00e+00	0.00e+00	1.82e-103
 1.67623e+13	4.19e-30	7.01e-22	1.56e-14	5.22e-08	6.81e-01	3.19e-01	1.49e-04	0.00e+00	0.00e+00	0.00e+00	0.00e+00	0.00e+00	7.14e-88
 1.73393e+13	5.56e-30	8.76e-22	1.83e-14	5.76e-08	6.97e-01	3.03e-01	1.31e-04	0.00e+00	0.00e+00	0.00e+00	0.00e+00	0.00e+00	9.59e-103
 1.79911e+13	7.54e-30	1.11e-21	2.19e-14	6.40e-08	7.14e-01	2.86e-01	1.14e-04	0.00e+00	0.00e+00	0.00e+00	0.00e+00	0.00e+00	3.02e-87
 1.86138e+13	9.98e-30	1.39e-21	2.58e-14	7.04e-08	7.29e-01	2.71e-01	1.01e-04	0.00e+00	0.00e+00	0.00e+00	0.00e+00	0.00e+00	5.64e-102
 1.92974e+13	1.34e-29	1.75e-21	3.06e-14	7.78e-08	7.44e-01	2.56e-01	8.80e-05	0.00e+00	0.00e+00	0.00e+00	0.00e+00	0.00e+00	1.26e-86
 2.00520e+13	1.83e-29	2.24e-21	3.66e-14	8.64e-08	7.60e-01	2.40e-01	7.60e-05	0.00e+00	0.00e+00	0.00e+00	0.00e+00	0.00e+00	3.61e-101
 2.07509e+13	2.42e-29	2.79e-21	4.29e-14	9.48e-08	7.73e-01	2.27e-01	6.67e-05	0.00e+00	0.00e+00	0.00e+00	0.00e+00	0.00e+00	5.50e-86
 2.15113e+13	3.23e-29	3.50e-21	5.07e-14	1.04e-07	7.87e-01	2.13e-01	5.81e-05	0.00e+00	0.00e+00	0.00e+00	0.00e+00	0.00e+00	2.07e-100
 2.23650e+13	4.42e-29	4.47e-21	6.06e-14	1.15e-07	8.01e-01	1.99e-01	5.00e-05	0.00e+00	0.00e+00	0.00e+00	0.00e+00	0.00e+00	2.52e-85
 2.31768e+13	5.88e-29	5.59e-21	7.12e-14	1.27e-07	8.13e-01	1.87e-01	4.35e-05	0.00e+00	0.00e+00	0.00e+00	0.00e+00	0.00e+00	1.32e-99
 2.40510e+13	7.89e-29	7.04e-21	8.41e-14	1.39e-07	8.24e-01	1.76e-01	3.77e-05	0.00e+00	0.00e+00	0.00e+00	0.00e+00	0.00e+00	1.10e-84
 2.50226e+13	1.08e-28	8.99e-21	1.00e-13	1.54e-07	8.36e-01	1.64e-01	3.22e-05	0.00e+00	0.00e+00	0.00e+00	0.00e+00	0.00e+00	8.91e-99
 2.59644e+13	1.45e-28	1.13e-20	1.18e-13	1.69e-07	8.47e-01	1.53e-01	2.79e-05	0.00e+00	0.00e+00	0.00e+00	0.00e+00	0.00e+00	5.21e-84
 2.69642e+13	1.95e-28	1.42e-20	1.40e-13	1.85e-07	8.57e-01	1.43e-01	2.40e-05	0.00e+00	0.00e+00	0.00e+00	0.00e+00	0.00e+00	5.72e-98
 2.80727e+13	2.68e-28	1.82e-20	1.67e-13	2.04e-07	8.67e-01	1.33e-01	2.05e-05	0.00e+00	0.00e+00	0.00e+00	0.00e+00	0.00e+00	2.55e-83
 2.91907e+13	3.65e-28	2.31e-20	1.98e-13	2.24e-07	8.77e-01	1.23e-01	1.76e-05	0.00e+00	0.00e+00	0.00e+00	0.00e+00	0.00e+00	4.12e-97
 3.03535e+13	4.96e-28	2.93e-20	2.34e-13	2.46e-07	8.85e-01	1.15e-01	1.50e-05	0.00e+00	0.00e+00	0.00e+00	0.00e+00	0.00e+00	1.26e-82
 3.15975e+13	6.79e-28	3.74e-20	2.78e-13	2.70e-07	8.94e-01	1.06e-01	1.28e-05	0.00e+00	0.00e+00	0.00e+00	0.00e+00	0.00e+00	2.97e-96
 3.28914e+13	9.30e-28	4.76e-20	3.30e-13	2.97e-07	9.01e-01	9.86e-02	1.09e-05	0.00e+00	0.00e+00	0.00e+00	0.00e+00	0.00e+00	6.56e-82
 3.41698e+13	1.25e-27	5.99e-20	3.88e-13	3.24e-07	9.08e-01	9.17e-02	9.39e-06	0.00e+00	0.00e+00	0.00e+00	0.00e+00	0.00e+00	2.10e-95
 3.53640e+13	1.64e-27	7.37e-20	4.49e-13	3.51e-07	9.14e-01	8.59e-02	8.18e-06	0.00e+00	0.00e+00	0.00e+00	0.00e+00	0.00e+00	2.91e-81
 3.66731e+13	2.18e-27	9.17e-20	5.23e-13	3.81e-07	9.20e-01	8.01e-02	7.08e-06	0.00e+00	0.00e+00	0.00e+00	0.00e+00	0.00e+00	1.23e-94
 3.80211e+13	2.89e-27	1.14e-19	6.08e-13	4.13e-07	9.25e-01	7.47e-02	6.13e-06	0.00e+00	0.00e+00	0.00e+00	0.00e+00	0.00e+00	1.31e-80
 3.91630e+13	3.64e-27	1.36e-19	6.88e-13	4.41e-07	9.29e-01	7.06e-02	5.44e-06	0.00e+00	0.00e+00	0.00e+00	0.00e+00	0.00e+00	6.41e-94
 4.03765e+13	4.62e-27	1.63e-19	7.82e-13	4.72e-07	9.33e-01	6.65e-02	4.82e-06	0.00e+00	0.00e+00	0.00e+00	0.00e+00	0.00e+00	4.56e-80
 4.18987e+13	6.17e-27	2.04e-19	9.12e-13	5.12e-07	9.38e-01	6.19e-02	4.16e-06	0.00e+00	0.00e+00	0.00e+00	0.00e+00	0.00e+00	3.50e-93
 4.34771e+13	8.23e-27	2.54e-19	1.06e-12	5.55e-07	9.42e-01	5.76e-02	3.58e-06	0.00e+00	0.00e+00	0.00e+00	0.00e+00	0.00e+00	2.13e-79
 4.48937e+13	1.06e-26	3.07e-19	1.21e-12	5.95e-07	9.46e-01	5.42e-02	3.16e-06	0.00e+00	0.00e+00	0.00e+00	0.00e+00	0.00e+00	2.00e-92
 4.64448e+13	1.38e-26	3.77e-19	1.39e-12	6.41e-07	9.49e-01	5.07e-02	2.76e-06	0.00e+00	0.00e+00	0.00e+00	0.00e+00	0.00e+00	8.55e-79
 4.81522e+13	1.83e-26	4.67e-19	1.62e-12	6.93e-07	9.53e-01	4.73e-02	2.38e-06	0.00e+00	0.00e+00	0.00e+00	0.00e+00	0.00e+00	1.17e-91
 4.97203e+13	2.36e-26	5.65e-19	1.84e-12	7.42e-07	9.56e-01	4.44e-02	2.10e-06	0.00e+00	0.00e+00	0.00e+00	0.00e+00	0.00e+00	3.59e-78
 5.14163e+13	3.06e-26	6.90e-19	2.12e-12	7.96e-07	9.58e-01	4.16e-02	1.84e-06	0.00e+00	0.00e+00	0.00e+00	0.00e+00	0.00e+00	6.20e-91
 5.33196e+13	4.07e-26	8.57e-19	2.45e-12	8.61e-07	9.61e-01	3.87e-02	1.59e-06	0.00e+00	0.00e+00	0.00e+00	0.00e+00	0.00e+00	1.57e-77
 5.51190e+13	5.29e-26	1.04e-18	2.81e-12	9.23e-07	9.64e-01	3.63e-02	1.39e-06	0.00e+00	0.00e+00	0.00e+00	0.00e+00	0.00e+00	3.62e-90
 5.70845e+13	6.96e-26	1.29e-18	3.24e-12	9.93e-07	9.66e-01	3.39e-02	1.21e-06	0.00e+00	0.00e+00	0.00e+00	0.00e+00	0.00e+00	6.72e-77
 5.92704e+13	9.35e-26	1.61e-18	3.77e-12	1.07e-06	9.69e-01	3.15e-02	1.04e-06	0.00e+00	0.00e+00	0.00e+00	0.00e+00	0.00e+00	1.49e-76
 6.13136e+13	1.22e-25	1.97e-18	4.33e-12	1.15e-06	9.71e-01	2.95e-02	9.11e-07	0.00e+00	0.00e+00	0.00e+00	0.00e+00	0.00e+00	3.08e-76
 6.35404e+13	1.62e-25	2.43e-18	5.00e-12	1.24e-06	9.73e-01	2.75e-02	0.00e+00	0.00e+00	0.00e+00	0.00e+00	0.00e+00	0.00e+00	6.62e-76
 6.60384e+13	2.19e-25	3.06e-18	5.84e-12	1.34e-06	9.75e-01	2.55e-02	0.00e+00	0.00e+00	0.00e+00	0.00e+00	0.00e+00	0.00e+00	1.51e-75
 6.84080e+13	2.89e-25	3.78e-18	6.73e-12	1.45e-06	9.76e-01	2.38e-02	0.00e+00	0.00e+00	0.00e+00	0.00e+00	0.00e+00	0.00e+00	3.22e-75
 7.09441e+13	3.86e-25	4.69e-18	7.79e-12	1.56e-06	9.78e-01	2.21e-02	0.00e+00	0.00e+00	0.00e+00	0.00e+00	0.00e+00	0.00e+00	7.04e-75
 7.38118e+13	5.27e-25	5.94e-18	9.14e-12	1.69e-06	9.80e-01	2.05e-02	0.00e+00	0.00e+00	0.00e+00	0.00e+00	0.00e+00	0.00e+00	1.65e-74
 7.66370e+13	7.09e-25	7.43e-18	1.06e-11	1.83e-06	9.81e-01	1.90e-02	0.00e+00	0.00e+00	0.00e+00	0.00e+00	0.00e+00	0.00e+00	3.70e-74
 7.95752e+13	9.54e-25	9.29e-18	1.24e-11	1.97e-06	9.82e-01	1.76e-02	0.00e+00	0.00e+00	0.00e+00	0.00e+00	0.00e+00	0.00e+00	8.34e-74
 8.27881e+13	1.30e-24	1.18e-17	1.45e-11	2.14e-06	9.84e-01	1.63e-02	0.00e+00	0.00e+00	0.00e+00	0.00e+00	0.00e+00	0.00e+00	1.96e-73
 8.60589e+13	1.77e-24	1.48e-17	1.69e-11	2.31e-06	9.85e-01	1.51e-02	0.00e+00	0.00e+00	0.00e+00	0.00e+00	0.00e+00	0.00e+00	4.51e-73
 8.94606e+13	2.40e-24	1.87e-17	1.98e-11	2.50e-06	9.86e-01	1.40e-02	0.00e+00	0.00e+00	0.00e+00	0.00e+00	0.00e+00	0.00e+00	1.04e-72
 9.28717e+13	3.23e-24	2.33e-17	2.30e-11	2.70e-06	9.87e-01	1.30e-02	0.00e+00	0.00e+00	0.00e+00	0.00e+00	0.00e+00	0.00e+00	2.33e-72
 9.61209e+13	4.24e-24	2.86e-17	2.63e-11	2.90e-06	9.88e-01	1.21e-02	0.00e+00	0.00e+00	0.00e+00	0.00e+00	0.00e+00	0.00e+00	4.90e-72
 9.96974e+13	5.65e-24	3.55e-17	3.05e-11	3.12e-06	9.89e-01	1.13e-02	0.00e+00	0.00e+00	0.00e+00	0.00e+00	0.00e+00	0.00e+00	1.08e-71
 1.03610e+14	7.66e-24	4.47e-17	3.56e-11	3.37e-06	9.90e-01	1.04e-02	0.00e+00	0.00e+00	0.00e+00	0.00e+00	0.00e+00	0.00e+00	2.46e-71
 1.07059e+14	9.91e-24	5.43e-17	4.06e-11	3.61e-06	9.90e-01	9.79e-03	0.00e+00	0.00e+00	0.00e+00	0.00e+00	1.74e-17	3.69e-17	4.99e-71
 1.09994e+14	1.23e-23	6.37e-17	4.52e-11	3.81e-06	9.91e-01	9.27e-03	0.00e+00	0.00e+00	0.00e+00	0.00e+00	2.12e-17	4.26e-17	8.93e-71
 1.13282e+14	1.55e-23	7.59e-17	5.09e-11	4.04e-06	9.91e-01	8.74e-03	0.00e+00	0.00e+00	0.00e+00	0.00e+00	2.52e-17	5.07e-17	1.68e-70
 1.17459e+14	2.05e-23	9.41e-17	5.89e-11	4.36e-06	9.92e-01	8.13e-03	0.00e+00	0.00e+00	0.00e+00	0.00e+00	3.12e-17	6.28e-17	3.65e-70
 1.21857e+14	2.74e-23	1.17e-16	6.83e-11	4.70e-06	9.92e-01	7.55e-03	0.00e+00	0.00e+00	0.00e+00	0.00e+00	3.88e-17	7.82e-17	8.01e-70
 1.25816e+14	3.53e-23	1.41e-16	7.76e-11	5.01e-06	9.93e-01	7.08e-03	0.00e+00	0.00e+00	0.00e+00	0.00e+00	4.69e-17	9.45e-17	1.59e-69
 1.30140e+14	4.60e-23	1.73e-16	8.89e-11	5.37e-06	9.93e-01	6.61e-03	0.00e+00	0.00e+00	0.00e+00	0.00e+00	5.74e-17	1.15e-16	3.28e-69
 1.35250e+14	6.22e-23	2.17e-16	1.04e-10	5.82e-06	9.94e-01	6.11e-03	0.00e+00	0.00e+00	0.00e+00	0.00e+00	7.21e-17	1.45e-16	7.53e-69
 1.40372e+14	8.32e-23	2.71e-16	1.21e-10	6.28e-06	9.94e-01	5.67e-03	0.00e+00	0.00e+00	0.00e+00	0.00e+00	8.99e-17	1.81e-16	1.65e-68
 1.45246e+14	1.09e-22	3.32e-16	1.38e-10	6.73e-06	9.95e-01	5.29e-03	0.00e+00	0.00e+00	0.00e+00	0.00e+00	1.10e-16	2.22e-16	3.42e-68
 1.50634e+14	1.45e-22	4.11e-16	1.60e-10	7.26e-06	9.95e-01	4.91e-03	0.00e+00	0.00e+00	0.00e+00	0.00e+00	1.37e-16	2.75e-16	7.41e-68
 1.56236e+14	1.92e-22	5.11e-16	1.86e-10	7.83e-06	9.95e-01	4.56e-03	0.00e+00	0.00e+00	0.00e+00	0.00e+00	1.70e-16	3.41e-16	1.61e-67
 1.61212e+14	2.46e-22	6.16e-16	2.11e-10	8.35e-06	9.96e-01	4.27e-03	0.00e+00	0.00e+00	0.00e+00	0.00e+00	2.04e-16	4.11e-16	3.14e-67
 1.66595e+14	3.18e-22	7.48e-16	2.41e-10	8.94e-06	9.96e-01	4.00e-03	0.00e+00	0.00e+00	0.00e+00	0.00e+00	2.48e-16	5.00e-16	6.32e-67
 1.73046e+14	4.28e-22	9.37e-16	2.81e-10	9.68e-06	9.96e-01	3.69e-03	0.00e+00	0.00e+00	0.00e+00	0.00e+00	3.11e-16	6.26e-16	1.41e-66
 1.79411e+14	5.68e-22	1.16e-15	3.26e-10	1.04e-05	9.97e-01	3.43e-03	0.00e+00	0.00e+00	0.00e+00	0.00e+00	3.85e-16	7.76e-16	3.05e-66
 1.85102e+14	7.25e-22	1.40e-15	3.69e-10	1.11e-05	9.97e-01	3.22e-03	0.00e+00	0.00e+00	0.00e+00	0.00e+00	4.63e-16	9.34e-16	5.92e-66
 1.91390e+14	9.40e-22	1.70e-15	4.23e-10	1.19e-05	9.97e-01	3.01e-03	0.00e+00	0.00e+00	0.00e+00	0.00e+00	5.65e-16	1.14e-15	1.20e-65
 1.98858e+14	1.27e-21	2.14e-15	4.94e-10	1.29e-05	9.97e-01	2.78e-03	0.00e+00	0.00e+00	0.00e+00	0.00e+00	7.09e-16	1.43e-15	2.71e-65
 2.06260e+14	1.69e-21	2.65e-15	5.73e-10	1.39e-05	9.97e-01	2.58e-03	0.00e+00	0.00e+00	0.00e+00	0.00e+00	8.80e-16	1.77e-15	5.89e-65
 2.13064e+14	2.18e-21	3.22e-15	6.54e-10	1.49e-05	9.98e-01	2.41e-03	0.00e+00	0.00e+00	0.00e+00	0.00e+00	1.07e-15	2.15e-15	1.18e-64
 2.20687e+14	2.86e-21	3.96e-15	7.54e-10	1.60e-05	9.98e-01	2.24e-03	0.00e+00	0.00e+00	0.00e+00	0.00e+00	1.31e-15	2.65e-15	2.47e-64
 2.29511e+14	3.89e-21	5.00e-15	8.84e-10	1.74e-05	9.98e-01	2.07e-03	0.00e+00	0.00e+00	0.00e+00	0.00e+00	1.66e-15	3.34e-15	5.69e-64
 2.38154e+14	5.19e-21	6.22e-15	1.03e-09	1.88e-05	9.98e-01	1.92e-03	0.00e+00	0.00e+00	0.00e+00	0.00e+00	2.06e-15	4.16e-15	1.25e-63
 2.46384e+14	6.77e-21	7.61e-15	1.18e-09	2.01e-05	9.98e-01	1.79e-03	0.00e+00	0.00e+00	0.00e+00	0.00e+00	2.52e-15	5.09e-15	2.58e-63
 2.55510e+14	8.99e-21	9.44e-15	1.36e-09	2.17e-05	9.98e-01	1.66e-03	0.00e+00	0.00e+00	0.00e+00	0.00e+00	3.13e-15	6.31e-15	5.59e-63
 2.65761e+14	1.22e-20	1.19e-14	1.60e-09	2.35e-05	9.98e-01	1.53e-03	0.00e+00	0.00e+00	0.00e+00	0.00e+00	3.95e-15	7.97e-15	1.29e-62
 2.75562e+14	1.62e-20	1.48e-14	1.85e-09	2.54e-05	9.99e-01	1.42e-03	0.00e+00	0.00e+00	0.00e+00	0.00e+00	4.89e-15	9.87e-15	2.80e-62
 2.84598e+14	2.09e-20	1.79e-14	2.10e-09	2.71e-05	9.99e-01	1.33e-03	0.00e+00	0.00e+00	0.00e+00	0.00e+00	5.92e-15	1.20e-14	5.58e-62
 2.94856e+14	2.76e-20	2.20e-14	2.43e-09	2.91e-05	9.99e-01	1.24e-03	0.00e+00	0.00e+00	0.00e+00	0.00e+00	7.30e-15	1.47e-14	1.19e-61
 3.06210e+14	3.71e-20	2.76e-14	2.83e-09	3.15e-05	9.99e-01	1.15e-03	0.00e+00	0.00e+00	0.00e+00	0.00e+00	9.13e-15	1.84e-14	2.67e-61
 3.16771e+14	4.84e-20	3.37e-14	3.24e-09	3.37e-05	9.99e-01	1.07e-03	0.00e+00	0.00e+00	0.00e+00	0.00e+00	1.12e-14	2.26e-14	5.54e-61
 3.28226e+14	6.39e-20	4.16e-14	3.74e-09	3.63e-05	9.99e-01	9.95e-04	0.00e+00	0.00e+00	0.00e+00	0.00e+00	1.38e-14	2.78e-14	1.18e-60
 3.39964e+14	8.42e-20	5.13e-14	4.30e-09	3.90e-05	9.99e-01	9.26e-04	0.00e+00	0.00e+00	0.00e+00	0.00e+00	1.70e-14	3.43e-14	2.52e-60
 3.49712e+14	1.05e-19	6.06e-14	4.82e-09	4.13e-05	9.99e-01	8.75e-04	0.00e+00	0.00e+00	0.00e+00	0.00e+00	2.01e-14	4.05e-14	4.63e-60
 3.59972e+14	1.32e-19	7.19e-14	5.41e-09	4.38e-05	9.99e-01	8.25e-04	0.00e+00	0.00e+00	0.00e+00	0.00e+00	2.38e-14	4.81e-14	8.63e-60
 3.73101e+14	1.75e-19	8.90e-14	6.25e-09	4.71e-05	9.99e-01	7.67e-04	0.00e+00	0.00e+00	0.00e+00	0.00e+00	2.94e-14	5.95e-14	1.86e-59
 3.86832e+14	2.32e-19	1.10e-13	7.22e-09	5.07e-05	9.99e-01	7.12e-04	0.00e+00	0.00e+00	0.00e+00	0.00e+00	3.65e-14	7.38e-14	4.06e-59
 3.98840e+14	2.95e-19	1.32e-13	8.16e-09	5.39e-05	9.99e-01	6.69e-04	0.00e+00	0.00e+00	0.00e+00	0.00e+00	4.37e-14	8.85e-14	7.86e-59
 4.11737e+14	3.79e-19	1.60e-13	9.27e-09	5.76e-05	9.99e-01	6.27e-04	0.00e+00	0.00e+00	0.00e+00	0.00e+00	5.28e-14	1.07e-13	1.56e-58
 4.27421e+14	5.09e-19	1.99e-13	1.08e-08	6.21e-05	9.99e-01	5.81e-04	0.00e+00	0.00e+00	0.00e+00	0.00e+00	6.59e-14	1.33e-13	3.49e-58
 4.43012e+14	6.74e-19	2.47e-13	1.24e-08	6.68e-05	9.99e-01	5.40e-04	0.00e+00	0.00e+00	0.00e+00	0.00e+00	8.15e-14	1.65e-13	7.55e-58
 4.56704e+14	8.57e-19	2.95e-13	1.41e-08	7.11e-05	9.99e-01	5.08e-04	0.00e+00	0.00e+00	0.00e+00	0.00e+00	9.76e-14	1.98e-13	1.46e-57
 4.71647e+14	1.10e-18	3.57e-13	1.60e-08	7.59e-05	9.99e-01	4.76e-04	0.00e+00	0.00e+00	0.00e+00	0.00e+00	1.18e-13	2.39e-13	2.91e-57
 4.89710e+14	1.48e-18	4.47e-13	1.86e-08	8.19e-05	9.99e-01	4.41e-04	0.00e+00	0.00e+00	0.00e+00	0.00e+00	1.48e-13	2.99e-13	6.58e-57
 5.07744e+14	1.97e-18	5.54e-13	2.15e-08	8.83e-05	1.00e+00	4.09e-04	0.00e+00	0.00e+00	0.00e+00	0.00e+00	1.83e-13	3.71e-13	1.42e-56
 5.23904e+14	2.52e-18	6.67e-13	2.44e-08	9.40e-05	1.00e+00	3.84e-04	0.00e+00	0.00e+00	0.00e+00	0.00e+00	2.20e-13	4.47e-13	2.81e-56
 5.41709e+14	3.27e-18	8.13e-13	2.79e-08	1.01e-04	1.00e+00	3.58e-04	0.00e+00	0.00e+00	0.00e+00	0.00e+00	2.68e-13	5.45e-13	5.77e-56
 5.62823e+14	4.41e-18	1.02e-12	3.25e-08	1.09e-04	1.00e+00	3.31e-04	0.00e+00	0.00e+00	0.00e+00	0.00e+00	3.36e-13	6.83e-13	1.31e-55
 5.83722e+14	5.86e-18	1.26e-12	3.76e-08	1.17e-04	1.00e+00	3.07e-04	0.00e+00	0.00e+00	0.00e+00	0.00e+00	4.17e-13	8.48e-13	2.87e-55
 6.02927e+14	7.54e-18	1.53e-12	4.29e-08	1.25e-04	1.00e+00	2.88e-04	0.00e+00	0.00e+00	0.00e+00	0.00e+00	5.05e-13	1.03e-12	5.76e-55
 6.24448e+14	9.89e-18	1.88e-12	4.94e-08	1.35e-04	1.00e+00	2.67e-04	0.00e+00	0.00e+00	0.00e+00	0.00e+00	6.20e-13	1.26e-12	1.21e-54
 6.49359e+14	1.34e-17	2.37e-12	5.78e-08	1.46e-04	1.00e+00	2.46e-04	0.00e+00	0.00e+00	0.00e+00	0.00e+00	7.80e-13	1.59e-12	2.79e-54
 6.73806e+14	1.79e-17	2.95e-12	6.71e-08	1.58e-04	1.00e+00	2.28e-04	0.00e+00	0.00e+00	0.00e+00	0.00e+00	9.70e-13	1.98e-12	6.17e-54
 6.97156e+14	2.32e-17	3.60e-12	7.70e-08	1.69e-04	1.00e+00	2.13e-04	0.00e+00	0.00e+00	0.00e+00	0.00e+00	1.18e-12	2.41e-12	1.26e-53
 7.22997e+14	3.07e-17	4.46e-12	8.92e-08	1.83e-04	1.00e+00	1.97e-04	0.00e+00	0.00e+00	0.00e+00	0.00e+00	1.47e-12	2.99e-12	2.75e-53
 7.51947e+14	4.14e-17	5.60e-12	1.05e-07	1.99e-04	1.00e+00	1.81e-04	0.00e+00	0.00e+00	0.00e+00	0.00e+00	1.84e-12	3.76e-12	6.24e-53
 7.80605e+14	5.52e-17	6.98e-12	1.22e-07	2.15e-04	1.00e+00	1.68e-04	0.00e+00	4.55e-18	1.37e-17	2.28e-17	2.29e-12	4.68e-12	1.38e-52
 8.04435e+14	6.92e-17	8.31e-12	1.37e-07	2.29e-04	1.00e+00	1.57e-04	0.00e+00	5.71e-18	1.71e-17	2.86e-17	2.73e-12	5.58e-12	2.58e-52
 8.23548e+14	8.26e-17	9.52e-12	1.51e-07	2.41e-04	1.00e+00	1.50e-04	0.00e+00	6.82e-18	2.05e-17	3.42e-17	3.13e-12	6.39e-12	4.22e-52
 8.44667e+14	1.00e-16	1.10e-11	1.67e-07	2.54e-04	1.00e+00	1.42e-04	0.00e+00	8.25e-18	2.48e-17	4.14e-17	3.62e-12	7.40e-12	7.15e-52
 8.72122e+14	1.27e-16	1.33e-11	1.91e-07	2.72e-04	1.00e+00	1.32e-04	0.00e+00	1.05e-17	3.15e-17	5.26e-17	4.35e-12	8.91e-12	1.39e-51
 9.01613e+14	1.63e-16	1.61e-11	2.18e-07	2.92e-04	1.00e+00	1.23e-04	0.00e+00	1.35e-17	4.04e-17	6.75e-17	5.27e-12	1.08e-11	2.76e-51
 9.27846e+14	2.01e-16	1.89e-11	2.46e-07	3.11e-04	1.00e+00	1.16e-04	0.00e+00	1.66e-17	5.00e-17	8.35e-17	6.22e-12	1.27e-11	4.97e-51
 9.56042e+14	2.52e-16	2.25e-11	2.77e-07	3.32e-04	1.00e+00	1.08e-04	0.00e+00	2.08e-17	6.24e-17	1.04e-16	7.38e-12	1.51e-11	9.25e-51
 9.91434e+14	3.28e-16	2.77e-11	3.22e-07	3.60e-04	1.00e+00	1.00e-04	0.00e+00	2.72e-17	8.16e-17	1.36e-16	9.09e-12	1.86e-11	1.94e-50
 1.02728e+15	4.25e-16	3.39e-11	3.72e-07	3.89e-04	1.00e+00	9.27e-05	0.00e+00	3.52e-17	1.06e-16	1.77e-16	1.11e-11	2.28e-11	4.02e-50
 1.05816e+15	5.28e-16	4.02e-11	4.20e-07	4.15e-04	9.99e-01	8.69e-05	0.00e+00	4.37e-17	1.31e-16	2.19e-16	1.32e-11	2.70e-11	7.37e-50
 1.09149e+15	6.59e-16	4.79e-11	4.77e-07	4.45e-04	9.99e-01	8.11e-05	0.00e+00	5.47e-17	1.64e-16	2.74e-16	1.57e-11	3.22e-11	1.38e-49
 1.13255e+15	8.59e-16	5.90e-11	5.55e-07	4.84e-04	9.99e-01	7.48e-05	0.00e+00	7.13e-17	2.14e-16	3.58e-16	1.93e-11	3.97e-11	2.92e-49
 1.17425e+15	1.11e-15	7.23e-11	6.44e-07	5.25e-04	9.99e-01	6.90e-05	0.00e+00	9.23e-17	2.77e-16	4.63e-16	2.37e-11	4.86e-11	6.07e-49
 1.21128e+15	1.38e-15	8.60e-11	7.31e-07	5.62e-04	9.99e-01	6.45e-05	0.00e+00	1.15e-16	3.45e-16	5.77e-16	2.81e-11	5.78e-11	1.14e-48
 1.25163e+15	1.73e-15	1.03e-10	8.36e-07	6.06e-04	9.99e-01	5.99e-05	0.00e+00	1.44e-16	4.33e-16	7.24e-16	3.37e-11	6.93e-11	2.18e-48
 1.29995e+15	2.26e-15	1.27e-10	9.76e-07	6.60e-04	9.99e-01	5.51e-05	0.00e+00	1.89e-16	5.66e-16	9.46e-16	4.17e-11	8.56e-11	4.71e-48
 1.34771e+15	2.90e-15	1.55e-10	1.13e-06	7.16e-04	9.99e-01	5.08e-05	0.00e+00	2.42e-16	7.27e-16	1.22e-15	5.08e-11	1.04e-10	9.75e-48
 1.39066e+15	3.59e-15	1.84e-10	1.28e-06	7.70e-04	9.99e-01	4.73e-05	0.00e+00	3.00e-16	9.01e-16	1.51e-15	6.04e-11	1.24e-10	1.83e-47
 1.43824e+15	4.52e-15	2.22e-10	1.47e-06	8.31e-04	9.99e-01	4.39e-05	0.00e+00	3.78e-16	1.14e-15	1.90e-15	7.26e-11	1.49e-10	3.60e-47
 1.49445e+15	5.87e-15	2.74e-10	1.72e-06	9.07e-04	9.99e-01	4.03e-05	0.00e+00	4.91e-16	1.47e-15	2.46e-15	8.95e-11	1.84e-10	7.80e-47
 1.54999e+15	7.50e-15	3.34e-10	2.00e-06	9.85e-04	9.99e-01	3.71e-05	0.00e+00	6.28e-16	1.89e-15	3.15e-15	1.09e-10	2.25e-10	1.63e-46
 1.60126e+15	9.32e-15	3.98e-10	2.28e-06	1.06e-03	9.99e-01	3.45e-05	0.00e+00	7.82e-16	2.35e-15	3.92e-15	1.30e-10	2.68e-10	3.15e-46
 1.65885e+15	1.18e-14	4.82e-10	2.63e-06	1.15e-03	9.99e-01	3.19e-05	0.00e+00	9.90e-16	2.97e-15	4.97e-15	1.58e-10	3.24e-10	6.44e-46
 1.72523e+15	1.48e-14	5.96e-10	3.08e-06	1.26e-03	9.99e-01	2.92e-05	0.00e+00	1.25e-15	3.75e-15	6.26e-15	1.95e-10	4.01e-10	1.41e-45
 1.79015e+15	1.88e-14	7.28e-10	3.57e-06	1.37e-03	9.99e-01	2.69e-05	0.00e+00	1.59e-15	4.76e-15	7.96e-15	2.38e-10	4.89e-10	2.99e-45
 1.85766e+15	2.39e-14	8.88e-10	4.15e-06	1.49e-03	9.98e-01	2.48e-05	0.00e+00	2.02e-15	6.05e-15	1.01e-14	2.91e-10	5.97e-10	6.37e-45
 1.93200e+15	3.07e-14	1.10e-09	4.86e-06	1.63e-03	9.98e-01	2.27e-05	0.00e+00	2.59e-15	7.79e-15	1.30e-14	3.59e-10	7.37e-10	1.42e-44
 1.99482e+15	3.75e-14	1.30e-09	5.53e-06	1.76e-03	9.98e-01	2.12e-05	0.00e+00	3.18e-15	9.53e-15	1.59e-14	4.27e-10	8.76e-10	2.74e-44
 2.04070e+15	4.33e-14	1.47e-09	6.05e-06	1.85e-03	9.98e-01	2.01e-05	0.00e+00	3.67e-15	1.10e-14	1.84e-14	4.82e-10	9.89e-10	4.36e-44
 2.08887e+15	5.02e-14	1.67e-09	6.65e-06	1.95e-03	9.98e-01	1.91e-05	0.00e+00	4.25e-15	1.28e-14	2.13e-14	5.46e-10	1.12e-09	7.05e-44
 2.15149e+15	6.04e-14	1.95e-09	7.48e-06	2.09e-03	9.98e-01	1.79e-05	0.00e+00	5.12e-15	1.54e-14	2.57e-14	6.40e-10	1.31e-09	1.29e-43
 2.22052e+15	7.36e-14	2.32e-09	8.49e-06	2.25e-03	9.98e-01	1.67e-05	0.00e+00	6.25e-15	1.88e-14	3.13e-14	7.59e-10	1.56e-09	2.49e-43
 2.28437e+15	8.77e-14	2.69e-09	9.51e-06	2.40e-03	9.98e-01	1.57e-05	0.00e+00	7.45e-15	2.24e-14	3.74e-14	8.83e-10	1.81e-09	4.48e-43
 2.35388e+15	1.06e-13	3.16e-09	1.07e-05	2.57e-03	9.97e-01	1.47e-05	0.00e+00	8.99e-15	2.70e-14	4.51e-14	1.04e-09	2.13e-09	8.65e-43
 2.43197e+15	1.29e-13	3.77e-09	1.22e-05	2.76e-03	9.97e-01	1.38e-05	0.00e+00	1.10e-14	3.30e-14	5.51e-14	1.24e-09	2.54e-09	1.73e-42
 2.50606e+15	1.55e-13	4.43e-09	1.38e-05	2.96e-03	9.97e-01	1.29e-05	0.00e+00	1.32e-14	3.97e-14	6.62e-14	1.45e-09	2.97e-09	3.26e-42
 2.58721e+15	1.88e-13	5.26e-09	1.56e-05	3.18e-03	9.97e-01	1.21e-05	0.00e+00	1.61e-14	4.83e-14	8.06e-14	1.73e-09	3.53e-09	6.45e-42
 2.67824e+15	2.32e-13	6.35e-09	1.79e-05	3.44e-03	9.97e-01	1.12e-05	0.00e+00	1.98e-14	5.96e-14	9.94e-14	2.08e-09	4.26e-09	1.36e-41
 2.76476e+15	2.81e-13	7.52e-09	2.04e-05	3.70e-03	9.96e-01	1.05e-05	0.00e+00	2.41e-14	7.22e-14	1.21e-13	2.47e-09	5.05e-09	2.67e-41
 2.85991e+15	3.45e-13	9.04e-09	2.33e-05	4.00e-03	9.96e-01	9.80e-06	0.00e+00	2.96e-14	8.87e-14	1.48e-13	2.97e-09	6.07e-09	5.45e-41
 2.96734e+15	4.29e-13	1.11e-08	2.70e-05	4.35e-03	9.96e-01	9.10e-06	0.00e+00	3.69e-14	1.11e-13	1.85e-13	3.64e-09	7.42e-09	1.20e-40
 3.06898e+15	5.24e-13	1.33e-08	3.08e-05	4.69e-03	9.95e-01	8.51e-06	0.00e+00	4.51e-14	1.35e-13	2.26e-13	4.36e-09	8.89e-09	2.47e-40
 3.17933e+15	6.48e-13	1.61e-08	3.55e-05	5.08e-03	9.95e-01	7.94e-06	0.00e+00	5.58e-14	1.67e-13	2.80e-13	5.29e-09	1.08e-08	5.28e-40
 3.30197e+15	8.07e-13	1.98e-08	4.13e-05	5.54e-03	9.94e-01	7.39e-06	0.00e+00	6.96e-14	2.09e-13	3.49e-13	6.51e-09	1.33e-08	1.19e-39
 3.41613e+15	9.88e-13	2.38e-08	4.72e-05	5.98e-03	9.94e-01	6.93e-06	0.00e+00	8.52e-14	2.56e-13	4.27e-13	7.83e-09	1.60e-08	2.46e-39
 3.53940e+15	1.22e-12	2.89e-08	5.44e-05	6.47e-03	9.93e-01	6.49e-06	0.00e+00	1.05e-13	3.16e-13	5.27e-13	9.52e-09	1.94e-08	5.28e-39
 3.67787e+15	1.52e-12	3.57e-08	6.34e-05	7.06e-03	9.93e-01	6.06e-06	0.00e+00	1.32e-13	3.96e-13	6.60e-13	1.18e-08	2.39e-08	1.20e-38
 3.81058e+15	1.86e-12	4.35e-08	7.31e-05	7.65e-03	9.92e-01	5.71e-06	0.00e+00	1.61e-13	4.83e-13	8.06e-13	1.43e-08	2.91e-08	2.55e-38
 3.95174e+15	2.31e-12	5.31e-08	8.45e-05	8.30e-03	9.92e-01	5.36e-06	0.00e+00	2.00e-13	6.01e-13	1.00e-12	1.75e-08	3.56e-08	5.49e-38
 4.10984e+15	2.90e-12	6.59e-08	9.88e-05	9.06e-03	9.91e-01	5.03e-06	0.00e+00	2.52e-13	7.55e-13	1.26e-12	2.17e-08	4.42e-08	1.25e-37
 4.26615e+15	3.55e-12	8.12e-08	1.15e-04	9.86e-03	9.90e-01	4.75e-06	0.00e+00	3.09e-13	9.28e-13	1.55e-12	2.68e-08	5.44e-08	2.76e-37
 4.39379e+15	4.21e-12	9.56e-08	1.29e-04	1.05e-02	9.89e-01	4.55e-06	0.00e+00	3.66e-13	1.10e-12	1.84e-12	3.15e-08	6.41e-08	5.08e-37
 4.49319e+15	4.77e-12	1.08e-07	1.41e-04	1.11e-02	9.89e-01	4.41e-06	0.00e+00	4.15e-13	1.25e-12	2.08e-12	3.56e-08	7.24e-08	8.05e-37
 4.60232e+15	5.50e-12	1.24e-07	1.55e-04	1.17e-02	9.88e-01	4.26e-06	0.00e+00	4.80e-13	1.44e-12	2.40e-12	4.08e-08	8.28e-08	1.33e-36
 4.74420e+15	6.61e-12	1.46e-07	1.75e-04	1.25e-02	9.87e-01	4.07e-06	0.00e+00	5.77e-13	1.73e-12	2.89e-12	4.83e-08	9.79e-08	2.51e-36
 4.89807e+15	7.97e-12	1.75e-07	1.99e-04	1.34e-02	9.86e-01	3.90e-06	0.00e+00	6.96e-13	2.09e-12	3.48e-12	5.77e-08	1.17e-07	4.85e-36
 5.03639e+15	9.36e-12	2.04e-07	2.23e-04	1.43e-02	9.85e-01	3.77e-06	0.00e+00	8.19e-13	2.46e-12	4.10e-12	6.74e-08	1.37e-07	8.51e-36
 5.18507e+15	1.11e-11	2.40e-07	2.51e-04	1.53e-02	9.84e-01	3.64e-06	0.00e+00	9.74e-13	2.92e-12	4.88e-12	7.94e-08	1.61e-07	1.56e-35
 5.37451e+15	1.38e-11	2.95e-07	2.90e-04	1.66e-02	9.83e-01	3.49e-06	0.00e+00	1.21e-12	3.63e-12	6.06e-12	9.74e-08	1.97e-07	3.28e-35
 5.56520e+15	1.69e-11	3.58e-07	3.33e-04	1.79e-02	9.82e-01	3.35e-06	0.00e+00	1.48e-12	4.45e-12	7.43e-12	1.18e-07	2.40e-07	6.62e-35
 5.72408e+15	1.99e-11	4.20e-07	3.73e-04	1.91e-02	9.81e-01	3.27e-06	0.00e+00	1.74e-12	5.23e-12	8.73e-12	1.39e-07	2.81e-07	1.17e-34
 5.89330e+15	2.39e-11	4.96e-07	4.20e-04	2.04e-02	9.79e-01	3.18e-06	0.00e+00	2.10e-12	6.30e-12	1.05e-11	1.64e-07	3.32e-07	2.12e-34
 6.10874e+15	2.98e-11	6.09e-07	4.86e-04	2.21e-02	9.77e-01	3.06e-06	0.00e+00	2.63e-12	7.88e-12	1.31e-11	2.02e-07	4.08e-07	4.41e-34
 6.33140e+15	3.70e-11	7.46e-07	5.62e-04	2.40e-02	9.75e-01	2.96e-06	0.00e+00	3.26e-12	9.79e-12	1.63e-11	2.47e-07	4.99e-07	8.96e-34
 6.52544e+15	4.47e-11	8.87e-07	6.35e-04	2.57e-02	9.74e-01	2.89e-06	0.00e+00	3.94e-12	1.18e-11	1.97e-11	2.94e-07	5.94e-07	1.62e-33
 6.73514e+15	5.44e-11	1.07e-06	7.24e-04	2.77e-02	9.72e-01	2.82e-06	0.00e+00	4.80e-12	1.44e-11	2.40e-11	3.53e-07	7.13e-07	3.05e-33
 6.99075e+15	6.87e-11	1.32e-06	8.44e-04	3.01e-02	9.69e-01	2.74e-06	0.00e+00	6.07e-12	1.82e-11	3.04e-11	4.37e-07	8.83e-07	6.42e-33
 7.24323e+15	8.56e-11	1.62e-06	9.76e-04	3.27e-02	9.66e-01	2.67e-06	0.00e+00	7.57e-12	2.27e-11	3.79e-11	5.36e-07	1.08e-06	1.24e-32
 7.46225e+15	1.04e-10	1.92e-06	1.10e-03	3.51e-02	9.64e-01	2.64e-06	0.00e+00	9.17e-12	2.75e-11	4.59e-11	6.36e-07	1.28e-06	2.20e-32
 7.70059e+15	1.27e-10	2.31e-06	1.26e-03	3.77e-02	9.61e-01	2.58e-06	0.00e+00	1.12e-11	3.37e-11	5.63e-11	7.66e-07	1.54e-06	4.08e-32
 7.99202e+15	1.62e-10	2.87e-06	1.47e-03	4.12e-02	9.57e-01	2.53e-06	0.00e+00	1.44e-11	4.31e-11	7.20e-11	9.52e-07	1.92e-06	8.41e-32
 8.27254e+15	2.00e-10	3.50e-06	1.70e-03	4.47e-02	9.54e-01	2.47e-06	0.00e+00	1.78e-11	5.33e-11	8.88e-11	1.16e-06	2.34e-06	1.59e-31
 8.48740e+15	2.36e-10	4.06e-06	1.89e-03	4.75e-02	9.51e-01	2.46e-06	0.00e+00	2.10e-11	6.30e-11	1.05e-10	1.34e-06	2.71e-06	2.53e-31
 8.69687e+15	2.79e-10	4.69e-06	2.10e-03	5.03e-02	9.48e-01	2.43e-06	0.00e+00	2.48e-11	7.45e-11	1.24e-10	1.56e-06	3.14e-06	4.06e-31
 8.96918e+15	3.45e-10	5.65e-06	2.40e-03	5.43e-02	9.43e-01	2.39e-06	0.00e+00	3.07e-11	9.22e-11	1.54e-10	1.87e-06	3.78e-06	7.35e-31
 9.24459e+15	4.20e-10	6.74e-06	2.73e-03	5.84e-02	9.39e-01	2.36e-06	0.00e+00	3.74e-11	1.12e-10	1.87e-10	2.23e-06	4.50e-06	1.26e-30
 9.47326e+15	4.91e-10	7.77e-06	3.03e-03	6.19e-02	9.35e-01	2.33e-06	0.00e+00	4.38e-11	1.32e-10	2.19e-10	2.58e-06	5.19e-06	1.97e-30
 9.71977e+15	5.88e-10	9.10e-06	3.40e-03	6.60e-02	9.31e-01	2.30e-06	0.00e+00	5.25e-11	1.58e-10	2.63e-10	3.02e-06	6.08e-06	3.21e-30
 9.99791e+15	7.17e-10	1.08e-05	3.85e-03	7.09e-02	9.25e-01	2.27e-06	0.00e+00	6.42e-11	1.92e-10	3.21e-10	3.58e-06	7.20e-06	5.40e-30
 1.02677e+16	8.67e-10	1.27e-05	4.34e-03	7.57e-02	9.20e-01	2.25e-06	0.00e+00	7.76e-11	2.33e-10	3.88e-10	4.21e-06	8.46e-06	8.72e-30
 1.05688e+16	1.07e-09	1.52e-05	4.96e-03	8.16e-02	9.13e-01	2.22e-06	0.00e+00	9.60e-11	2.88e-10	4.80e-10	5.05e-06	1.02e-05	1.51e-29
 1.08927e+16	1.31e-09	1.83e-05	5.70e-03	8.81e-02	9.06e-01	2.19e-06	0.00e+00	1.18e-10	3.53e-10	5.89e-10	6.07e-06	1.22e-05	2.59e-29
 1.11754e+16	1.58e-09	2.14e-05	6.41e-03	9.41e-02	8.99e-01	2.17e-06	0.00e+00	1.42e-10	4.26e-10	7.11e-10	7.11e-06	1.43e-05	4.07e-29
 1.14334e+16	1.87e-09	2.47e-05	7.15e-03	1.00e-01	8.93e-01	2.15e-06	0.00e+00	1.68e-10	5.05e-10	8.42e-10	8.21e-06	1.65e-05	6.17e-29
 1.17296e+16	2.29e-09	2.93e-05	8.11e-03	1.07e-01	8.85e-01	2.13e-06	0.00e+00	2.06e-10	6.18e-10	1.03e-09	9.73e-06	1.96e-05	1.01e-28
 1.20561e+16	2.85e-09	3.50e-05	9.29e-03	1.15e-01	8.75e-01	2.11e-06	0.00e+00	2.57e-10	7.70e-10	1.28e-09	1.16e-05	2.34e-05	1.67e-28
 1.23551e+16	3.46e-09	4.11e-05	1.05e-02	1.23e-01	8.66e-01	2.09e-06	0.00e+00	3.12e-10	9.37e-10	1.56e-09	1.37e-05	2.74e-05	2.60e-28
 1.26338e+16	4.10e-09	4.77e-05	1.18e-02	1.31e-01	8.57e-01	2.08e-06	0.00e+00	3.71e-10	1.11e-09	1.85e-09	1.59e-05	3.19e-05	3.93e-28
 1.29532e+16	5.14e-09	5.72e-05	1.35e-02	1.41e-01	8.45e-01	2.06e-06	0.00e+00	4.65e-10	1.39e-09	2.32e-09	1.90e-05	3.82e-05	6.54e-28
 1.32801e+16	6.25e-09	6.77e-05	1.54e-02	1.52e-01	8.33e-01	2.04e-06	0.00e+00	5.66e-10	1.70e-09	2.83e-09	2.25e-05	4.52e-05	1.02e-27
 1.35487e+16	7.52e-09	7.82e-05	1.72e-02	1.61e-01	8.22e-01	2.04e-06	0.00e+00	6.82e-10	2.05e-09	3.41e-09	2.60e-05	5.22e-05	1.50e-27
 1.38298e+16	9.04e-09	9.14e-05	1.94e-02	1.71e-01	8.09e-01	2.02e-06	0.00e+00	8.20e-10	2.46e-09	4.10e-09	3.04e-05	6.10e-05	2.30e-27
 1.41393e+16	1.12e-08	1.08e-04	2.22e-02	1.83e-01	7.94e-01	2.01e-06	0.00e+00	1.01e-09	3.04e-09	5.07e-09	3.61e-05	7.23e-05	3.66e-27
 1.44161e+16	1.34e-08	1.26e-04	2.49e-02	1.94e-01	7.80e-01	2.01e-06	0.00e+00	1.22e-09	3.66e-09	6.11e-09	4.19e-05	8.39e-05	5.38e-27
 1.46632e+16	1.60e-08	1.44e-04	2.78e-02	2.05e-01	7.67e-01	2.00e-06	0.00e+00	1.46e-09	4.37e-09	7.28e-09	4.80e-05	9.63e-05	7.73e-27
 1.49415e+16	1.94e-08	1.69e-04	3.15e-02	2.18e-01	7.50e-01	1.99e-06	0.00e+00	1.77e-09	5.29e-09	8.82e-09	5.64e-05	1.13e-04	1.19e-26
 1.52403e+16	2.41e-08	2.01e-04	3.60e-02	2.33e-01	7.31e-01	1.99e-06	0.00e+00	2.20e-09	6.59e-09	1.10e-08	6.70e-05	1.34e-04	1.89e-26
 1.54989e+16	2.91e-08	2.33e-04	4.05e-02	2.47e-01	7.13e-01	2.00e-06	0.00e+00	2.66e-09	7.97e-09	1.33e-08	7.78e-05	1.56e-04	2.78e-26
 1.57287e+16	3.47e-08	2.68e-04	4.51e-02	2.59e-01	6.95e-01	2.01e-06	0.00e+00	3.17e-09	9.51e-09	1.59e-08	8.92e-05	1.79e-04	3.98e-26
 1.59883e+16	4.22e-08	3.14e-04	5.11e-02	2.75e-01	6.74e-01	2.00e-06	0.00e+00	3.85e-09	1.16e-08	1.93e-08	1.05e-04	2.09e-04	6.10e-26
 1.62654e+16	5.27e-08	3.74e-04	5.86e-02	2.92e-01	6.49e-01	2.02e-06	0.00e+00	4.83e-09	1.45e-08	2.41e-08	1.25e-04	2.49e-04	9.78e-26
 1.65006e+16	6.39e-08	4.33e-04	6.58e-02	3.08e-01	6.26e-01	2.04e-06	0.00e+00	5.85e-09	1.76e-08	2.93e-08	1.44e-04	2.89e-04	1.44e-25
 1.67049e+16	7.51e-08	4.93e-04	7.30e-02	3.22e-01	6.05e-01	2.05e-06	4.30e-12	6.88e-09	2.06e-08	3.44e-08	1.64e-04	3.29e-04	2.03e-25
 1.69333e+16	9.21e-08	5.68e-04	8.22e-02	3.39e-01	5.78e-01	2.05e-06	0.00e+00	8.45e-09	2.53e-08	4.22e-08	1.89e-04	3.79e-04	2.97e-25
 1.71788e+16	1.14e-07	6.83e-04	9.40e-02	3.58e-01	5.47e-01	2.08e-06	0.00e+00	1.05e-08	3.14e-08	5.23e-08	2.27e-04	4.55e-04	4.99e-25
 1.73841e+16	1.37e-07	7.88e-04	1.05e-01	3.74e-01	5.20e-01	2.11e-06	5.42e-12	1.26e-08	3.77e-08	6.29e-08	2.62e-04	5.25e-04	7.42e-25
 1.75545e+16	1.64e-07	8.96e-04	1.16e-01	3.88e-01	4.95e-01	2.18e-06	0.00e+00	1.50e-08	4.50e-08	7.51e-08	2.99e-04	5.98e-04	1.08e-24
 1.77416e+16	1.96e-07	1.03e-03	1.29e-01	4.05e-01	4.65e-01	2.20e-06	6.66e-12	1.81e-08	5.41e-08	9.02e-08	3.43e-04	6.87e-04	1.61e-24
 1.79420e+16	2.39e-07	1.18e-03	1.44e-01	4.22e-01	4.33e-01	2.20e-06	0.00e+00	2.20e-08	6.60e-08	1.10e-07	3.92e-04	7.84e-04	2.33e-24
 1.81152e+16	2.88e-07	1.37e-03	1.60e-01	4.37e-01	4.01e-01	2.28e-06	0.00e+00	2.65e-08	7.95e-08	1.32e-07	4.57e-04	9.14e-04	3.78e-24
 1.82584e+16	3.35e-07	1.54e-03	1.75e-01	4.50e-01	3.74e-01	2.33e-06	9.43e-12	3.09e-08	9.27e-08	1.54e-07	5.12e-04	1.02e-03	5.38e-24
