#depth	C	C+	C+2	C+3	C+4	C+5	C+6	C[1]	C[2]	C[3]	C+[1]	C+[2]	CO
 1.49634e+10	2.20e-47	1.97e-36	2.42e-26	8.06e-17	1.57e-06	3.31e-02	9.67e-01	0.00e+00	0.00e+00	0.00e+00	0.00e+00	0.00e+00	1.44e-145
 4.54887e+10	0.00e+00	2.92e-36	3.32e-26	1.02e-16	1.83e-06	3.57e-02	9.64e-01	0.00e+00	0.00e+00	0.00e+00	0.00e+00	0.00e+00	2.49e-212
 7.72350e+10	5.69e-47	4.34e-36	4.55e-26	1.29e-16	2.15e-06	3.86e-02	9.61e-01	0.00e+00	0.00e+00	0.00e+00	0.00e+00	0.00e+00	1.54e-144
 1.10251e+11	0.00e+00	6.46e-36	6.25e-26	1.64e-16	2.51e-06	4.16e-02	9.58e-01	0.00e+00	0.00e+00	0.00e+00	0.00e+00	0.00e+00	1.00e-211
 1.42420e+11	1.43e-46	9.36e-36	8.41e-26	2.05e-16	2.92e-06	4.47e-02	9.55e-01	0.00e+00	0.00e+00	0.00e+00	0.00e+00	0.00e+00	1.53e-143
 1.72989e+11	0.00e+00	1.32e-35	1.11e-25	2.52e-16	3.34e-06	4.77e-02	9.52e-01	0.00e+00	0.00e+00	0.00e+00	0.00e+00	0.00e+00	3.97e-211
 2.06948e+11	3.35e-46	1.90e-35	1.48e-25	3.14e-16	3.87e-06	5.12e-02	9.49e-01	0.00e+00	0.00e+00	0.00e+00	0.00e+00	0.00e+00	1.28e-142
 2.45152e+11	0.00e+00	2.83e-35	2.04e-25	3.98e-16	4.53e-06	5.52e-02	9.45e-01	0.00e+00	0.00e+00	0.00e+00	0.00e+00	0.00e+00	1.28e-210
 2.83395e+11	8.57e-46	4.16e-35	2.77e-25	5.01e-16	5.28e-06	5.94e-02	9.41e-01	0.00e+00	0.00e+00	0.00e+00	0.00e+00	0.00e+00	1.32e-141
 3.23167e+11	0.00e+00	0.00e+00	3.77e-25	6.31e-16	6.16e-06	6.38e-02	9.36e-01	0.00e+00	0.00e+00	0.00e+00	0.00e+00	0.00e+00	4.81e-210
 3.66020e+11	0.00e+00	9.12e-35	5.20e-25	8.02e-16	7.22e-06	6.88e-02	9.31e-01	0.00e+00	0.00e+00	0.00e+00	0.00e+00	0.00e+00	2.79e-161
 4.10588e+11	3.56e-45	1.36e-34	7.16e-25	1.02e-15	8.46e-06	7.41e-02	9.26e-01	0.00e+00	0.00e+00	0.00e+00	0.00e+00	0.00e+00	3.49e-230
 4.56938e+11	0.00e+00	2.03e-34	9.86e-25	1.29e-15	9.92e-06	7.98e-02	9.20e-01	0.00e+00	0.00e+00	0.00e+00	0.00e+00	0.00e+00	4.19e-160
 5.05142e+11	9.33e-45	3.04e-34	1.36e-24	1.65e-15	1.16e-05	8.59e-02	9.14e-01	0.00e+00	0.00e+00	0.00e+00	0.00e+00	0.00e+00	1.69e-229
 5.51106e+11	0.00e+00	4.40e-34	1.83e-24	2.05e-15	1.35e-05	9.19e-02	9.08e-01	0.00e+00	0.00e+00	0.00e+00	0.00e+00	0.00e+00	5.66e-159
 5.93402e+11	2.16e-44	6.11e-34	2.37e-24	2.50e-15	1.53e-05	9.76e-02	9.02e-01	0.00e+00	0.00e+00	0.00e+00	0.00e+00	0.00e+00	6.76e-229
 6.41492e+11	0.00e+00	8.78e-34	3.17e-24	3.10e-15	1.77e-05	1.04e-01	8.96e-01	0.00e+00	0.00e+00	0.00e+00	0.00e+00	0.00e+00	5.84e-158
 6.97009e+11	5.42e-44	1.31e-33	4.38e-24	3.94e-15	2.07e-05	1.12e-01	8.88e-01	0.00e+00	0.00e+00	0.00e+00	0.00e+00	0.00e+00	1.24e-228
 7.52132e+11	0.00e+00	1.93e-33	5.96e-24	4.96e-15	2.42e-05	1.20e-01	8.80e-01	0.00e+00	0.00e+00	0.00e+00	0.00e+00	0.00e+00	8.39e-157
 8.09459e+11	1.37e-43	2.85e-33	8.12e-24	6.25e-15	2.81e-05	1.28e-01	8.72e-01	0.00e+00	0.00e+00	0.00e+00	0.00e+00	0.00e+00	1.06e-230
 8.65266e+11	0.00e+00	4.10e-33	1.09e-23	7.76e-15	3.25e-05	1.37e-01	8.63e-01	0.00e+00	0.00e+00	0.00e+00	0.00e+00	0.00e+00	1.06e-155
 9.13079e+11	3.06e-43	5.54e-33	1.38e-23	9.29e-15	3.65e-05	1.44e-01	8.56e-01	0.00e+00	0.00e+00	0.00e+00	0.00e+00	0.00e+00	0.00e+00
 9.64938e+11	0.00e+00	7.63e-33	1.78e-23	1.12e-14	4.14e-05	1.52e-01	8.48e-01	0.00e+00	0.00e+00	0.00e+00	0.00e+00	0.00e+00	8.59e-155
 1.02910e+12	7.12e-43	1.12e-32	2.42e-23	1.41e-14	4.81e-05	1.63e-01	8.37e-01	0.00e+00	0.00e+00	0.00e+00	0.00e+00	0.00e+00	0.00e+00
 1.09401e+12	0.00e+00	1.63e-32	3.26e-23	1.76e-14	5.56e-05	1.73e-01	8.27e-01	0.00e+00	0.00e+00	0.00e+00	0.00e+00	0.00e+00	1.10e-153
 1.15102e+12	1.63e-42	2.23e-32	4.19e-23	2.12e-14	6.29e-05	1.82e-01	8.17e-01	0.00e+00	0.00e+00	0.00e+00	0.00e+00	0.00e+00	0.00e+00
 1.21299e+12	0.00e+00	3.12e-32	5.48e-23	2.59e-14	7.16e-05	1.93e-01	8.07e-01	0.00e+00	0.00e+00	0.00e+00	0.00e+00	0.00e+00	9.87e-153
 1.28793e+12	3.92e-42	4.62e-32	7.49e-23	3.27e-14	8.34e-05	2.05e-01	7.94e-01	0.00e+00	0.00e+00	0.00e+00	0.00e+00	0.00e+00	0.00e+00
 1.36272e+12	0.00e+00	6.73e-32	1.01e-22	4.08e-14	9.64e-05	2.18e-01	7.82e-01	0.00e+00	0.00e+00	0.00e+00	0.00e+00	0.00e+00	1.32e-151
 1.42985e+12	9.13e-42	9.33e-32	1.31e-22	4.94e-14	1.09e-04	2.30e-01	7.70e-01	0.00e+00	0.00e+00	0.00e+00	0.00e+00	0.00e+00	0.00e+00
 1.50408e+12	0.00e+00	1.33e-31	1.73e-22	6.08e-14	1.25e-04	2.43e-01	7.57e-01	0.00e+00	0.00e+00	0.00e+00	0.00e+00	0.00e+00	1.30e-150
 1.59192e+12	2.26e-41	1.98e-31	2.38e-22	7.70e-14	1.46e-04	2.58e-01	7.42e-01	0.00e+00	0.00e+00	0.00e+00	0.00e+00	0.00e+00	0.00e+00
 1.67922e+12	0.00e+00	2.91e-31	3.24e-22	9.66e-14	1.69e-04	2.73e-01	7.26e-01	0.00e+00	0.00e+00	0.00e+00	0.00e+00	0.00e+00	1.85e-149
 1.76042e+12	5.44e-41	4.10e-31	4.26e-22	1.18e-13	1.92e-04	2.88e-01	7.12e-01	0.00e+00	0.00e+00	0.00e+00	0.00e+00	0.00e+00	0.00e+00
 1.85117e+12	0.00e+00	5.97e-31	5.73e-22	1.47e-13	2.21e-04	3.04e-01	6.96e-01	0.00e+00	0.00e+00	0.00e+00	0.00e+00	0.00e+00	2.09e-148
 1.95266e+12	1.39e-40	8.93e-31	7.89e-22	1.86e-13	2.57e-04	3.22e-01	6.78e-01	0.00e+00	0.00e+00	0.00e+00	0.00e+00	0.00e+00	0.00e+00
 2.05234e+12	0.00e+00	1.31e-30	1.07e-21	2.32e-13	2.97e-04	3.39e-01	6.61e-01	0.00e+00	0.00e+00	0.00e+00	0.00e+00	0.00e+00	2.95e-147
 2.14991e+12	3.40e-40	1.87e-30	1.42e-21	2.86e-13	3.39e-04	3.56e-01	6.44e-01	0.00e+00	0.00e+00	0.00e+00	0.00e+00	0.00e+00	0.00e+00
 2.25725e+12	0.00e+00	2.74e-30	1.92e-21	3.57e-13	3.90e-04	3.74e-01	6.25e-01	0.00e+00	0.00e+00	0.00e+00	0.00e+00	0.00e+00	3.64e-146
 2.37457e+12	8.79e-40	4.10e-30	2.64e-21	4.51e-13	4.52e-04	3.94e-01	6.05e-01	0.00e+00	0.00e+00	0.00e+00	0.00e+00	0.00e+00	0.00e+00
 2.48801e+12	0.00e+00	5.96e-30	3.55e-21	5.60e-13	5.18e-04	4.13e-01	5.86e-01	0.00e+00	0.00e+00	0.00e+00	0.00e+00	0.00e+00	5.08e-145
 2.59331e+12	2.07e-39	8.33e-30	4.62e-21	6.79e-13	5.85e-04	4.30e-01	5.69e-01	0.00e+00	0.00e+00	0.00e+00	0.00e+00	0.00e+00	2.59e-218
 2.70891e+12	0.00e+00	1.19e-29	6.13e-21	8.33e-13	6.64e-04	4.49e-01	5.50e-01	0.00e+00	0.00e+00	0.00e+00	0.00e+00	0.00e+00	5.34e-144
 2.83012e+12	4.94e-39	1.71e-29	8.15e-21	1.02e-12	7.56e-04	4.68e-01	5.31e-01	0.00e+00	0.00e+00	0.00e+00	0.00e+00	0.00e+00	7.31e-217
 2.93420e+12	0.00e+00	2.30e-29	1.03e-20	1.21e-12	8.40e-04	4.84e-01	5.15e-01	0.00e+00	0.00e+00	0.00e+00	0.00e+00	0.00e+00	5.05e-143
 3.04512e+12	1.03e-38	3.14e-29	1.32e-20	1.45e-12	9.36e-04	5.01e-01	4.99e-01	0.00e+00	0.00e+00	0.00e+00	0.00e+00	0.00e+00	0.00e+00
 3.18493e+12	0.00e+00	4.57e-29	1.77e-20	1.79e-12	1.07e-03	5.21e-01	4.78e-01	0.00e+00	0.00e+00	0.00e+00	0.00e+00	0.00e+00	5.28e-142
 3.32934e+12	2.57e-38	6.65e-29	2.38e-20	2.22e-12	1.22e-03	5.41e-01	4.58e-01	0.00e+00	0.00e+00	0.00e+00	0.00e+00	0.00e+00	0.00e+00
 3.45703e+12	0.00e+00	9.15e-29	3.05e-20	2.66e-12	1.36e-03	5.58e-01	4.41e-01	0.00e+00	0.00e+00	0.00e+00	0.00e+00	0.00e+00	5.70e-141
 3.59597e+12	5.68e-38	1.28e-28	3.96e-20	3.21e-12	1.52e-03	5.76e-01	4.23e-01	0.00e+00	0.00e+00	0.00e+00	0.00e+00	0.00e+00	0.00e+00
 3.76295e+12	0.00e+00	1.89e-28	5.39e-20	4.00e-12	1.73e-03	5.96e-01	4.02e-01	0.00e+00	0.00e+00	0.00e+00	0.00e+00	0.00e+00	6.89e-140
 3.93203e+12	1.45e-37	2.76e-28	7.25e-20	4.94e-12	1.97e-03	6.16e-01	3.82e-01	0.00e+00	0.00e+00	0.00e+00	0.00e+00	0.00e+00	0.00e+00
 4.09053e+12	0.00e+00	3.88e-28	9.47e-20	5.98e-12	2.20e-03	6.34e-01	3.64e-01	0.00e+00	0.00e+00	0.00e+00	0.00e+00	0.00e+00	8.24e-139
 4.26673e+12	3.43e-37	5.59e-28	1.26e-19	7.33e-12	2.48e-03	6.52e-01	3.45e-01	0.00e+00	0.00e+00	0.00e+00	0.00e+00	0.00e+00	0.00e+00
 4.46732e+12	0.00e+00	8.33e-28	1.72e-19	9.15e-12	2.83e-03	6.72e-01	3.25e-01	0.00e+00	0.00e+00	0.00e+00	0.00e+00	0.00e+00	1.16e-137
 4.66721e+12	8.85e-37	1.21e-27	2.31e-19	1.13e-11	3.20e-03	6.90e-01	3.06e-01	0.00e+00	0.00e+00	0.00e+00	0.00e+00	0.00e+00	0.00e+00
 4.87509e+12	0.00e+00	1.79e-27	3.12e-19	1.39e-11	3.61e-03	7.08e-01	2.88e-01	0.00e+00	0.00e+00	0.00e+00	0.00e+00	0.00e+00	1.64e-136
 5.10002e+12	2.30e-36	2.65e-27	4.25e-19	1.73e-11	4.09e-03	7.26e-01	2.70e-01	0.00e+00	0.00e+00	0.00e+00	0.00e+00	0.00e+00	0.00e+00
 5.31055e+12	0.00e+00	3.78e-27	5.61e-19	2.11e-11	4.58e-03	7.42e-01	2.54e-01	0.00e+00	0.00e+00	0.00e+00	0.00e+00	0.00e+00	2.23e-135
 5.49741e+12	5.14e-36	5.12e-27	7.11e-19	2.49e-11	5.03e-03	7.54e-01	2.41e-01	0.00e+00	0.00e+00	0.00e+00	0.00e+00	0.00e+00	0.00e+00
 5.70673e+12	0.00e+00	7.11e-27	9.17e-19	2.98e-11	5.56e-03	7.68e-01	2.27e-01	0.00e+00	0.00e+00	0.00e+00	0.00e+00	0.00e+00	2.02e-134
 5.95650e+12	1.22e-35	1.04e-26	1.23e-18	3.66e-11	6.24e-03	7.82e-01	2.11e-01	0.00e+00	0.00e+00	0.00e+00	0.00e+00	0.00e+00	0.00e+00
 6.20820e+12	0.00e+00	1.49e-26	1.64e-18	4.46e-11	6.97e-03	7.96e-01	1.97e-01	0.00e+00	0.00e+00	0.00e+00	0.00e+00	0.00e+00	2.71e-133
 6.44408e+12	2.83e-35	2.07e-26	2.10e-18	5.32e-11	7.68e-03	8.07e-01	1.85e-01	0.00e+00	0.00e+00	0.00e+00	0.00e+00	0.00e+00	2.03e-98
 6.70588e+12	0.00e+00	2.95e-26	2.78e-18	6.45e-11	8.54e-03	8.19e-01	1.73e-01	0.00e+00	0.00e+00	0.00e+00	0.00e+00	0.00e+00	0.00e+00
 7.00404e+12	7.02e-35	4.34e-26	3.75e-18	7.95e-11	9.57e-03	8.31e-01	1.60e-01	0.00e+00	0.00e+00	0.00e+00	0.00e+00	0.00e+00	3.09e-114
 7.26537e+12	1.04e-34	6.00e-26	4.82e-18	9.47e-11	1.05e-02	8.40e-01	1.49e-01	0.00e+00	0.00e+00	0.00e+00	0.00e+00	0.00e+00	3.57e-97
 7.47067e+12	1.40e-34	7.64e-26	5.82e-18	1.08e-10	1.13e-02	8.47e-01	1.42e-01	0.00e+00	0.00e+00	0.00e+00	0.00e+00	0.00e+00	0.00e+00
 7.69143e+12	1.93e-34	9.88e-26	7.11e-18	1.24e-10	1.22e-02	8.53e-01	1.34e-01	0.00e+00	0.00e+00	0.00e+00	0.00e+00	0.00e+00	4.21e-113
 7.97842e+12	2.87e-34	1.37e-25	9.17e-18	1.48e-10	1.34e-02	8.61e-01	1.25e-01	0.00e+00	0.00e+00	0.00e+00	0.00e+00	0.00e+00	3.32e-96
 8.28493e+12	4.33e-34	1.92e-25	1.19e-17	1.77e-10	1.47e-02	8.69e-01	1.16e-01	0.00e+00	0.00e+00	0.00e+00	0.00e+00	0.00e+00	7.20e-291
 8.55596e+12	6.14e-34	2.55e-25	1.49e-17	2.07e-10	1.60e-02	8.75e-01	1.09e-01	0.00e+00	0.00e+00	0.00e+00	0.00e+00	0.00e+00	8.44e-112
 8.84744e+12	8.81e-34	3.42e-25	1.87e-17	2.42e-10	1.74e-02	8.80e-01	1.02e-01	0.00e+00	0.00e+00	0.00e+00	0.00e+00	0.00e+00	3.90e-95
 9.20740e+12	1.36e-33	4.87e-25	2.46e-17	2.93e-10	1.92e-02	8.87e-01	9.42e-02	0.00e+00	0.00e+00	0.00e+00	0.00e+00	0.00e+00	6.62e-111
 9.56932e+12	2.06e-33	6.85e-25	3.21e-17	3.52e-10	2.11e-02	8.92e-01	8.70e-02	0.00e+00	0.00e+00	0.00e+00	0.00e+00	0.00e+00	2.52e-94
 9.88545e+12	2.93e-33	9.13e-25	4.02e-17	4.11e-10	2.29e-02	8.96e-01	8.12e-02	0.00e+00	0.00e+00	0.00e+00	0.00e+00	0.00e+00	4.88e-110
 1.02291e+13	4.22e-33	1.23e-24	5.08e-17	4.83e-10	2.49e-02	9.00e-01	7.56e-02	0.00e+00	0.00e+00	0.00e+00	0.00e+00	0.00e+00	1.22e-93
 1.06468e+13	6.50e-33	1.75e-24	6.70e-17	5.84e-10	2.74e-02	9.03e-01	6.94e-02	0.00e+00	0.00e+00	0.00e+00	0.00e+00	0.00e+00	3.91e-109
 1.10711e+13	9.90e-33	2.47e-24	8.77e-17	7.03e-10	3.02e-02	9.06e-01	6.37e-02	0.00e+00	0.00e+00	0.00e+00	0.00e+00	0.00e+00	7.85e-93
 1.14605e+13	1.43e-32	3.35e-24	1.11e-16	8.28e-10	3.28e-02	9.08e-01	5.91e-02	0.00e+00	0.00e+00	0.00e+00	0.00e+00	0.00e+00	3.07e-108
 1.18940e+13	2.13e-32	4.63e-24	1.43e-16	9.86e-10	3.58e-02	9.10e-01	5.44e-02	0.00e+00	0.00e+00	0.00e+00	0.00e+00	0.00e+00	4.19e-92
 1.23652e+13	3.22e-32	6.50e-24	1.87e-16	1.18e-09	3.93e-02	9.11e-01	4.99e-02	0.00e+00	0.00e+00	0.00e+00	0.00e+00	0.00e+00	2.56e-107
 1.27929e+13	4.62e-32	8.73e-24	2.36e-16	1.39e-09	4.26e-02	9.11e-01	4.62e-02	0.00e+00	0.00e+00	0.00e+00	0.00e+00	0.00e+00	2.28e-91
 1.32560e+13	6.71e-32	1.19e-23	3.00e-16	1.64e-09	4.63e-02	9.11e-01	4.26e-02	0.00e+00	0.00e+00	0.00e+00	0.00e+00	0.00e+00	1.76e-106
 1.38031e+13	1.03e-31	1.68e-23	3.94e-16	1.98e-09	5.09e-02	9.10e-01	3.89e-02	0.00e+00	0.00e+00	0.00e+00	0.00e+00	0.00e+00	1.31e-90
 1.43415e+13	1.53e-31	2.34e-23	5.10e-16	2.36e-09	5.55e-02	9.09e-01	3.56e-02	0.00e+00	0.00e+00	0.00e+00	0.00e+00	0.00e+00	1.55e-105
 1.48368e+13	2.18e-31	3.12e-23	6.40e-16	2.76e-09	6.00e-02	9.07e-01	3.29e-02	0.00e+00	0.00e+00	0.00e+00	0.00e+00	0.00e+00	6.81e-90
 1.53105e+13	3.01e-31	4.07e-23	7.90e-16	3.19e-09	6.44e-02	9.05e-01	3.05e-02	0.00e+00	0.00e+00	0.00e+00	0.00e+00	0.00e+00	9.31e-105
 1.58432e+13	4.28e-31	5.42e-23	9.90e-16	3.72e-09	6.95e-02	9.02e-01	2.82e-02	0.00e+00	0.00e+00	0.00e+00	0.00e+00	0.00e+00	3.02e-89
 1.64341e+13	6.22e-31	7.38e-23	1.26e-15	4.40e-09	7.53e-02	8.99e-01	2.58e-02	0.00e+00	0.00e+00	0.00e+00	0.00e+00	0.00e+00	6.43e-104
 1.69578e+13	8.56e-31	9.58e-23	1.55e-15	5.06e-09	8.07e-02	8.95e-01	2.40e-02	0.00e+00	0.00e+00	0.00e+00	0.00e+00	0.00e+00	1.39e-88
 1.74211e+13	1.12e-30	1.20e-22	1.84e-15	5.71e-09	8.55e-02	8.92e-01	2.25e-02	0.00e+00	0.00e+00	0.00e+00	0.00e+00	0.00e+00	3.13e-103
 1.79488e+13	1.52e-30	1.53e-22	2.24e-15	6.51e-09	9.11e-02	8.88e-01	2.10e-02	0.00e+00	0.00e+00	0.00e+00	0.00e+00	0.00e+00	4.97e-88
 1.86269e+13	2.20e-30	2.07e-22	2.84e-15	7.65e-09	9.85e-02	8.82e-01	1.92e-02	0.00e+00	0.00e+00	0.00e+00	0.00e+00	0.00e+00	1.91e-102
 1.93360e+13	3.19e-30	2.82e-22	3.60e-15	9.01e-09	1.06e-01	8.76e-01	1.75e-02	0.00e+00	0.00e+00	0.00e+00	0.00e+00	0.00e+00	2.61e-87
 1.99533e+13	4.35e-30	3.63e-22	4.40e-15	1.03e-08	1.13e-01	8.70e-01	1.62e-02	0.00e+00	0.00e+00	0.00e+00	0.00e+00	0.00e+00	1.22e-101
 2.06163e+13	6.00e-30	4.72e-22	5.39e-15	1.18e-08	1.21e-01	8.64e-01	1.50e-02	0.00e+00	0.00e+00	0.00e+00	0.00e+00	0.00e+00	1.09e-86
 2.14259e+13	8.77e-30	6.43e-22	6.87e-15	1.40e-08	1.31e-01	8.56e-01	1.36e-02	0.00e+00	0.00e+00	0.00e+00	0.00e+00	0.00e+00	8.24e-101
 2.22538e+13	1.27e-29	8.68e-22	8.67e-15	1.63e-08	1.41e-01	8.47e-01	1.24e-02	0.00e+00	0.00e+00	0.00e+00	0.00e+00	0.00e+00	5.89e-86
 2.29967e+13	1.74e-29	1.13e-21	1.06e-14	1.87e-08	1.50e-01	8.39e-01	1.15e-02	0.00e+00	0.00e+00	0.00e+00	0.00e+00	0.00e+00	5.47e-100
 2.38011e+13	2.43e-29	1.47e-21	1.31e-14	2.15e-08	1.60e-01	8.30e-01	1.05e-02	0.00e+00	0.00e+00	0.00e+00	0.00e+00	0.00e+00	2.61e-85
 2.47558e+13	3.54e-29	2.00e-21	1.66e-14	2.52e-08	1.72e-01	8.19e-01	9.54e-03	0.00e+00	0.00e+00	0.00e+00	0.00e+00	0.00e+00	3.91e-99
 2.56967e+13	5.07e-29	2.68e-21	2.07e-14	2.93e-08	1.84e-01	8.07e-01	8.69e-03	0.00e+00	0.00e+00	0.00e+00	0.00e+00	0.00e+00	1.42e-84
 2.65549e+13	6.93e-29	3.45e-21	2.52e-14	3.33e-08	1.95e-01	7.97e-01	7.99e-03	0.00e+00	0.00e+00	0.00e+00	0.00e+00	0.00e+00	2.54e-98
 2.75147e+13	9.70e-29	4.53e-21	3.10e-14	3.83e-08	2.07e-01	7.85e-01	7.30e-03	0.00e+00	0.00e+00	0.00e+00	0.00e+00	0.00e+00	6.44e-84
 2.86333e+13	1.41e-28	6.14e-21	3.92e-14	4.46e-08	2.22e-01	7.71e-01	6.59e-03	0.00e+00	0.00e+00	0.00e+00	0.00e+00	0.00e+00	1.88e-97
 2.96530e+13	1.96e-28	8.01e-21	4.80e-14	5.10e-08	2.35e-01	7.59e-01	6.01e-03	0.00e+00	0.00e+00	0.00e+00	0.00e+00	0.00e+00	3.36e-83
 3.04486e+13	2.52e-28	9.78e-21	5.59e-14	5.64e-08	2.46e-01	7.49e-01	5.61e-03	0.00e+00	0.00e+00	0.00e+00	0.00e+00	0.00e+00	9.64e-97
 3.12580e+13	3.22e-28	1.19e-20	6.49e-14	6.22e-08	2.56e-01	7.38e-01	5.24e-03	0.00e+00	0.00e+00	0.00e+00	0.00e+00	0.00e+00	1.08e-82
 3.23103e+13	4.38e-28	1.53e-20	7.84e-14	7.04e-08	2.70e-01	7.25e-01	4.79e-03	0.00e+00	0.00e+00	0.00e+00	0.00e+00	0.00e+00	4.66e-96
 3.34299e+13	6.01e-28	1.97e-20	9.51e-14	7.98e-08	2.85e-01	7.11e-01	4.37e-03	0.00e+00	0.00e+00	0.00e+00	0.00e+00	0.00e+00	4.73e-82
 3.44105e+13	7.85e-28	2.44e-20	1.12e-13	8.86e-08	2.98e-01	6.98e-01	4.04e-03	0.00e+00	0.00e+00	0.00e+00	0.00e+00	0.00e+00	2.47e-95
 3.54585e+13	1.03e-27	3.04e-20	1.32e-13	9.87e-08	3.11e-01	6.85e-01	3.73e-03	0.00e+00	0.00e+00	0.00e+00	0.00e+00	0.00e+00	1.74e-81
 3.67868e+13	1.45e-27	3.99e-20	1.62e-13	1.13e-07	3.28e-01	6.69e-01	3.36e-03	0.00e+00	0.00e+00	0.00e+00	0.00e+00	0.00e+00	1.45e-94
 3.81440e+13	2.02e-27	5.20e-20	1.98e-13	1.28e-07	3.45e-01	6.52e-01	3.04e-03	0.00e+00	0.00e+00	0.00e+00	0.00e+00	0.00e+00	8.67e-81
 3.93103e+13	2.66e-27	6.47e-20	2.33e-13	1.42e-07	3.60e-01	6.37e-01	2.79e-03	0.00e+00	0.00e+00	0.00e+00	0.00e+00	0.00e+00	8.36e-94
 4.05640e+13	3.53e-27	8.12e-20	2.76e-13	1.58e-07	3.75e-01	6.22e-01	2.55e-03	0.00e+00	0.00e+00	0.00e+00	0.00e+00	0.00e+00	3.37e-80
 4.21130e+13	4.96e-27	1.06e-19	3.38e-13	1.80e-07	3.94e-01	6.04e-01	2.29e-03	0.00e+00	0.00e+00	0.00e+00	0.00e+00	0.00e+00	5.15e-93
 4.36681e+13	6.87e-27	1.38e-19	4.10e-13	2.03e-07	4.12e-01	5.86e-01	2.06e-03	0.00e+00	0.00e+00	0.00e+00	0.00e+00	0.00e+00	1.70e-79
 4.50173e+13	9.03e-27	1.71e-19	4.82e-13	2.25e-07	4.28e-01	5.70e-01	1.88e-03	0.00e+00	0.00e+00	0.00e+00	0.00e+00	0.00e+00	2.99e-92
 4.64768e+13	1.20e-26	2.15e-19	5.69e-13	2.50e-07	4.44e-01	5.54e-01	1.71e-03	0.00e+00	0.00e+00	0.00e+00	0.00e+00	0.00e+00	6.69e-79
 4.82628e+13	1.68e-26	2.80e-19	6.93e-13	2.82e-07	4.64e-01	5.34e-01	1.53e-03	0.00e+00	0.00e+00	0.00e+00	0.00e+00	0.00e+00	1.86e-91
 5.00565e+13	2.32e-26	3.61e-19	8.38e-13	3.17e-07	4.83e-01	5.16e-01	1.36e-03	0.00e+00	0.00e+00	0.00e+00	0.00e+00	0.00e+00	3.39e-78
 5.16438e+13	3.06e-26	4.49e-19	9.83e-13	3.50e-07	4.99e-01	4.99e-01	1.24e-03	0.00e+00	0.00e+00	0.00e+00	0.00e+00	0.00e+00	1.10e-90
 5.33791e+13	4.09e-26	5.65e-19	1.16e-12	3.88e-07	5.17e-01	4.82e-01	1.12e-03	0.00e+00	0.00e+00	0.00e+00	0.00e+00	0.00e+00	1.39e-77
 5.54621e+13	5.71e-26	7.35e-19	1.41e-12	4.37e-07	5.37e-01	4.62e-01	9.88e-04	0.00e+00	0.00e+00	0.00e+00	0.00e+00	0.00e+00	7.17e-90
 5.75367e+13	7.86e-26	9.46e-19	1.70e-12	4.89e-07	5.56e-01	4.43e-01	8.78e-04	0.00e+00	0.00e+00	0.00e+00	0.00e+00	0.00e+00	7.08e-77
 5.94182e+13	1.04e-25	1.18e-18	1.99e-12	5.38e-07	5.72e-01	4.27e-01	7.91e-04	0.00e+00	0.00e+00	0.00e+00	0.00e+00	0.00e+00	4.35e-89
 6.15094e+13	1.40e-25	1.49e-18	2.36e-12	5.96e-07	5.90e-01	4.10e-01	7.06e-04	0.00e+00	0.00e+00	0.00e+00	0.00e+00	0.00e+00	3.05e-76
 6.39602e+13	1.96e-25	1.94e-18	2.86e-12	6.69e-07	6.09e-01	3.90e-01	6.20e-04	0.00e+00	0.00e+00	0.00e+00	0.00e+00	0.00e+00	7.09e-76
 6.63794e+13	2.69e-25	2.48e-18	3.42e-12	7.44e-07	6.28e-01	3.72e-01	5.47e-04	0.00e+00	0.00e+00	0.00e+00	0.00e+00	0.00e+00	1.59e-75
 6.86592e+13	3.60e-25	3.11e-18	4.02e-12	8.18e-07	6.44e-01	3.56e-01	4.88e-04	0.00e+00	0.00e+00	0.00e+00	0.00e+00	0.00e+00	3.33e-75
 7.11993e+13	4.90e-25	3.96e-18	4.78e-12	9.05e-07	6.61e-01	3.39e-01	4.31e-04	0.00e+00	0.00e+00	0.00e+00	0.00e+00	0.00e+00	7.33e-75
 7.40772e+13	6.85e-25	5.14e-18	5.77e-12	1.01e-06	6.79e-01	3.21e-01	3.76e-04	0.00e+00	0.00e+00	0.00e+00	0.00e+00	0.00e+00	1.73e-74
 7.69117e+13	9.40e-25	6.57e-18	6.88e-12	1.12e-06	6.96e-01	3.04e-01	3.30e-04	0.00e+00	0.00e+00	0.00e+00	0.00e+00	0.00e+00	3.92e-74
 7.94738e+13	1.24e-24	8.14e-18	8.01e-12	1.22e-06	7.10e-01	2.90e-01	2.94e-04	0.00e+00	0.00e+00	0.00e+00	0.00e+00	0.00e+00	7.98e-74
 8.22214e+13	1.65e-24	1.02e-17	9.37e-12	1.34e-06	7.24e-01	2.76e-01	2.61e-04	0.00e+00	0.00e+00	0.00e+00	0.00e+00	0.00e+00	1.67e-73
 8.50393e+13	2.18e-24	1.26e-17	1.09e-11	1.46e-06	7.38e-01	2.62e-01	2.32e-04	0.00e+00	0.00e+00	0.00e+00	0.00e+00	0.00e+00	3.46e-73
 8.73543e+13	2.73e-24	1.50e-17	1.24e-11	1.56e-06	7.48e-01	2.52e-01	2.11e-04	0.00e+00	0.00e+00	0.00e+00	0.00e+00	0.00e+00	6.23e-73
 8.97695e+13	3.43e-24	1.79e-17	1.40e-11	1.67e-06	7.58e-01	2.41e-01	1.91e-04	0.00e+00	0.00e+00	0.00e+00	0.00e+00	0.00e+00	1.13e-72
 9.29092e+13	4.56e-24	2.23e-17	1.63e-11	1.83e-06	7.71e-01	2.29e-01	1.69e-04	0.00e+00	0.00e+00	0.00e+00	0.00e+00	0.00e+00	2.38e-72
 9.62025e+13	6.09e-24	2.78e-17	1.91e-11	1.99e-06	7.83e-01	2.16e-01	1.49e-04	0.00e+00	0.00e+00	0.00e+00	0.00e+00	0.00e+00	5.09e-72
 9.90328e+13	7.74e-24	3.34e-17	2.17e-11	2.14e-06	7.93e-01	2.07e-01	1.34e-04	0.00e+00	0.00e+00	0.00e+00	0.00e+00	0.00e+00	9.61e-72
 1.02049e+14	9.92e-24	4.04e-17	2.47e-11	2.30e-06	8.03e-01	1.97e-01	1.20e-04	0.00e+00	0.00e+00	0.00e+00	0.00e+00	0.00e+00	1.85e-71
 1.05845e+14	1.34e-23	5.09e-17	2.90e-11	2.52e-06	8.14e-01	1.85e-01	1.05e-04	0.00e+00	0.00e+00	0.00e+00	1.63e-17	3.46e-17	4.10e-71
 1.09748e+14	1.81e-23	6.40e-17	3.40e-11	2.74e-06	8.25e-01	1.75e-01	9.19e-05	0.00e+00	0.00e+00	0.00e+00	2.12e-17	4.28e-17	9.07e-71
 1.13164e+14	2.33e-23	7.76e-17	3.89e-11	2.95e-06	8.34e-01	1.66e-01	8.21e-05	0.00e+00	0.00e+00	0.00e+00	2.57e-17	5.18e-17	1.78e-70
 1.16849e+14	3.03e-23	9.48e-17	4.46e-11	3.18e-06	8.43e-01	1.57e-01	7.29e-05	0.00e+00	0.00e+00	0.00e+00	3.15e-17	6.34e-17	3.59e-70
 1.21326e+14	4.12e-23	1.20e-16	5.25e-11	3.47e-06	8.53e-01	1.47e-01	6.34e-05	0.00e+00	0.00e+00	0.00e+00	3.98e-17	8.02e-17	8.18e-70
 1.25796e+14	5.54e-23	1.50e-16	6.12e-11	3.77e-06	8.61e-01	1.39e-01	5.54e-05	0.00e+00	0.00e+00	0.00e+00	4.99e-17	1.00e-16	1.81e-69
 1.29774e+14	7.15e-23	1.82e-16	6.99e-11	4.04e-06	8.69e-01	1.31e-01	4.93e-05	0.00e+00	0.00e+00	0.00e+00	6.05e-17	1.22e-16	3.59e-69
 1.34147e+14	9.38e-23	2.24e-16	8.04e-11	4.35e-06	8.76e-01	1.24e-01	4.36e-05	0.00e+00	0.00e+00	0.00e+00	7.43e-17	1.50e-16	7.45e-69
 1.39367e+14	1.28e-22	2.84e-16	9.45e-11	4.74e-06	8.84e-01	1.16e-01	3.77e-05	0.00e+00	0.00e+00	0.00e+00	9.41e-17	1.90e-16	1.72e-68
 1.44560e+14	1.73e-22	3.56e-16	1.10e-10	5.15e-06	8.91e-01	1.09e-01	3.29e-05	0.00e+00	0.00e+00	0.00e+00	1.18e-16	2.38e-16	3.86e-68
 1.49320e+14	2.25e-22	4.34e-16	1.26e-10	5.53e-06	8.98e-01	1.02e-01	2.91e-05	0.00e+00	0.00e+00	0.00e+00	1.44e-16	2.90e-16	7.88e-68
 1.54645e+14	2.99e-22	5.39e-16	1.46e-10	5.97e-06	9.04e-01	9.62e-02	2.55e-05	0.00e+00	0.00e+00	0.00e+00	1.79e-16	3.60e-16	1.71e-67
 1.60822e+14	4.11e-22	6.85e-16	1.72e-10	6.50e-06	9.10e-01	8.96e-02	2.19e-05	0.00e+00	0.00e+00	0.00e+00	2.27e-16	4.58e-16	4.08e-67
 1.66889e+14	5.55e-22	8.61e-16	2.01e-10	7.04e-06	9.16e-01	8.38e-02	1.91e-05	0.00e+00	0.00e+00	0.00e+00	2.85e-16	5.75e-16	9.15e-67
 1.72666e+14	7.32e-22	1.06e-15	2.31e-10	7.58e-06	9.21e-01	7.87e-02	1.67e-05	0.00e+00	0.00e+00	0.00e+00	3.52e-16	7.09e-16	1.94e-66
 1.79070e+14	9.84e-22	1.33e-15	2.69e-10	8.19e-06	9.26e-01	7.36e-02	1.45e-05	0.00e+00	0.00e+00	0.00e+00	4.40e-16	8.86e-16	4.32e-66
 1.86263e+14	1.35e-21	1.69e-15	3.16e-10	8.91e-06	9.32e-01	6.84e-02	1.25e-05	0.00e+00	0.00e+00	0.00e+00	5.59e-16	1.13e-15	1.03e-65
 1.93535e+14	1.84e-21	2.13e-15	3.70e-10	9.67e-06	9.36e-01	6.37e-02	1.08e-05	0.00e+00	0.00e+00	0.00e+00	7.07e-16	1.43e-15	2.38e-65
 2.00214e+14	2.43e-21	2.62e-15	4.26e-10	1.04e-05	9.40e-01	5.97e-02	9.44e-06	0.00e+00	0.00e+00	0.00e+00	8.69e-16	1.75e-15	5.01e-65
 2.05789e+14	3.03e-21	3.10e-15	4.77e-10	1.10e-05	9.43e-01	5.67e-02	8.49e-06	0.00e+00	0.00e+00	0.00e+00	1.03e-15	2.07e-15	9.17e-65
 2.11542e+14	3.78e-21	3.67e-15	5.34e-10	1.17e-05	9.46e-01	5.38e-02	7.62e-06	0.00e+00	0.00e+00	0.00e+00	1.21e-15	2.45e-15	1.68e-64
 2.19022e+14	5.00e-21	4.53e-15	6.16e-10	1.26e-05	9.50e-01	5.04e-02	6.65e-06	0.00e+00	0.00e+00	0.00e+00	1.50e-15	3.03e-15	3.59e-64
 2.26774e+14	6.62e-21	5.60e-15	7.11e-10	1.35e-05	9.53e-01	4.71e-02	5.80e-06	0.00e+00	0.00e+00	0.00e+00	1.85e-15	3.74e-15	7.67e-64
 2.33272e+14	8.31e-21	6.64e-15	7.98e-10	1.43e-05	9.55e-01	4.47e-02	5.20e-06	0.00e+00	0.00e+00	0.00e+00	2.20e-15	4.44e-15	1.43e-63
 2.40111e+14	1.05e-20	7.92e-15	8.99e-10	1.53e-05	9.58e-01	4.22e-02	4.63e-06	0.00e+00	0.00e+00	0.00e+00	2.62e-15	5.29e-15	2.68e-63
 2.48872e+14	1.40e-20	9.83e-15	1.04e-09	1.64e-05	9.61e-01	3.94e-02	4.02e-06	0.00e+00	0.00e+00	0.00e+00	3.26e-15	6.58e-15	5.85e-63
 2.58038e+14	1.87e-20	1.22e-14	1.21e-09	1.78e-05	9.63e-01	3.67e-02	3.48e-06	0.00e+00	0.00e+00	0.00e+00	4.05e-15	8.19e-15	1.28e-62
 2.66076e+14	2.38e-20	1.47e-14	1.37e-09	1.89e-05	9.65e-01	3.46e-02	3.08e-06	0.00e+00	0.00e+00	0.00e+00	4.88e-15	9.86e-15	2.50e-62
 2.74738e+14	3.08e-20	1.79e-14	1.56e-09	2.03e-05	9.68e-01	3.25e-02	2.71e-06	0.00e+00	0.00e+00	0.00e+00	5.92e-15	1.20e-14	4.99e-62
 2.85242e+14	4.15e-20	2.24e-14	1.82e-09	2.19e-05	9.70e-01	3.01e-02	2.33e-06	0.00e+00	0.00e+00	0.00e+00	7.42e-15	1.50e-14	1.13e-61
 2.95587e+14	5.51e-20	2.78e-14	2.11e-09	2.36e-05	9.72e-01	2.81e-02	2.02e-06	0.00e+00	0.00e+00	0.00e+00	9.19e-15	1.86e-14	2.43e-61
 3.04582e+14	6.99e-20	3.33e-14	2.38e-09	2.52e-05	9.74e-01	2.65e-02	1.79e-06	0.00e+00	0.00e+00	0.00e+00	1.10e-14	2.23e-14	4.64e-61
 3.14373e+14	8.98e-20	4.03e-14	2.71e-09	2.69e-05	9.75e-01	2.48e-02	1.57e-06	0.00e+00	0.00e+00	0.00e+00	1.33e-14	2.69e-14	9.15e-61
 3.26320e+14	1.21e-19	5.04e-14	3.16e-09	2.91e-05	9.77e-01	2.30e-02	1.35e-06	0.00e+00	0.00e+00	0.00e+00	1.67e-14	3.37e-14	2.04e-60
 3.38312e+14	1.61e-19	6.26e-14	3.67e-09	3.14e-05	9.79e-01	2.14e-02	1.17e-06	0.00e+00	0.00e+00	0.00e+00	2.07e-14	4.19e-14	4.42e-60
 3.48958e+14	2.05e-19	7.53e-14	4.16e-09	3.36e-05	9.80e-01	2.01e-02	1.03e-06	0.00e+00	0.00e+00	0.00e+00	2.49e-14	5.04e-14	8.59e-60
 3.60613e+14	2.66e-19	9.17e-14	4.76e-09	3.60e-05	9.81e-01	1.88e-02	8.98e-07	0.00e+00	0.00e+00	0.00e+00	3.03e-14	6.14e-14	1.73e-59
 3.74559e+14	3.58e-19	1.15e-13	5.57e-09	3.90e-05	9.83e-01	1.74e-02	0.00e+00	0.00e+00	0.00e+00	0.00e+00	3.80e-14	7.71e-14	3.88e-59
 3.88398e+14	4.76e-19	1.43e-13	6.46e-09	4.21e-05	9.84e-01	1.62e-02	0.00e+00	0.00e+00	0.00e+00	0.00e+00	4.72e-14	9.57e-14	8.42e-59
 4.00933e+14	6.11e-19	1.73e-13	7.35e-09	4.50e-05	9.85e-01	1.52e-02	0.00e+00	0.00e+00	0.00e+00	0.00e+00	5.70e-14	1.16e-13	1.66e-58
 4.14863e+14	7.98e-19	2.12e-13	8.46e-09	4.84e-05	9.86e-01	1.41e-02	0.00e+00	0.00e+00	0.00e+00	0.00e+00	6.98e-14	1.42e-13	3.42e-58
 4.31206e+14	1.08e-18	2.66e-13	9.91e-09	5.25e-05	9.87e-01	1.30e-02	0.00e+00	0.00e+00	0.00e+00	0.00e+00	8.78e-14	1.79e-13	7.77e-58
 4.47322e+14	1.44e-18	3.32e-13	1.15e-08	5.68e-05	9.88e-01	1.21e-02	0.00e+00	0.00e+00	0.00e+00	0.00e+00	1.09e-13	2.22e-13	1.70e-57
 4.62399e+14	1.87e-18	4.04e-13	1.32e-08	6.09e-05	9.89e-01	1.13e-02	0.00e+00	0.00e+00	0.00e+00	0.00e+00	1.33e-13	2.71e-13	3.44e-57
 4.79241e+14	2.46e-18	4.99e-13	1.53e-08	6.57e-05	9.89e-01	1.05e-02	0.00e+00	0.00e+00	0.00e+00	0.00e+00	1.64e-13	3.35e-13	7.32e-57
 4.97045e+14	3.27e-18	6.20e-13	1.77e-08	7.09e-05	9.90e-01	9.73e-03	0.00e+00	0.00e+00	0.00e+00	0.00e+00	2.04e-13	4.16e-13	1.59e-56
 5.12869e+14	4.18e-18	7.47e-13	2.01e-08	7.58e-05	9.91e-01	9.12e-03	0.00e+00	0.00e+00	0.00e+00	0.00e+00	2.46e-13	5.01e-13	3.10e-56
 5.29960e+14	5.39e-18	9.07e-13	2.30e-08	8.12e-05	9.91e-01	8.52e-03	0.00e+00	0.00e+00	0.00e+00	0.00e+00	2.98e-13	6.09e-13	6.20e-56
 5.47515e+14	6.96e-18	1.10e-12	2.63e-08	8.70e-05	9.92e-01	7.97e-03	0.00e+00	0.00e+00	0.00e+00	0.00e+00	3.62e-13	7.39e-13	1.24e-55
 5.61974e+14	8.52e-18	1.28e-12	2.92e-08	9.19e-05	9.92e-01	7.55e-03	0.00e+00	0.00e+00	0.00e+00	0.00e+00	4.22e-13	8.62e-13	2.16e-55
 5.77073e+14	1.05e-17	1.50e-12	3.25e-08	9.72e-05	9.93e-01	7.14e-03	0.00e+00	0.00e+00	0.00e+00	0.00e+00	4.94e-13	1.01e-12	3.80e-55
 5.96701e+14	1.36e-17	1.83e-12	3.73e-08	1.04e-04	9.93e-01	6.66e-03	0.00e+00	0.00e+00	0.00e+00	0.00e+00	6.02e-13	1.23e-12	7.74e-55
 6.17175e+14	1.76e-17	2.24e-12	4.28e-08	1.12e-04	9.94e-01	6.21e-03	0.00e+00	0.00e+00	0.00e+00	0.00e+00	7.34e-13	1.50e-12	1.59e-54
 6.34554e+14	2.19e-17	2.64e-12	4.79e-08	1.19e-04	9.94e-01	5.87e-03	0.00e+00	0.00e+00	0.00e+00	0.00e+00	8.65e-13	1.77e-12	2.89e-54
 6.52956e+14	2.73e-17	3.12e-12	5.38e-08	1.26e-04	9.94e-01	5.53e-03	0.00e+00	0.00e+00	0.00e+00	0.00e+00	1.02e-12	2.10e-12	5.31e-54
 6.76639e+14	3.61e-17	3.86e-12	6.22e-08	1.36e-04	9.95e-01	5.13e-03	0.00e+00	0.00e+00	0.00e+00	0.00e+00	1.26e-12	2.59e-12	1.14e-53
 7.01230e+14	4.76e-17	4.76e-12	7.19e-08	1.46e-04	9.95e-01	4.76e-03	0.00e+00	3.89e-18	1.17e-17	1.95e-17	1.56e-12	3.20e-12	2.44e-53
 7.22380e+14	6.00e-17	5.68e-12	8.11e-08	1.56e-04	9.95e-01	4.48e-03	0.00e+00	4.91e-18	1.47e-17	2.47e-17	1.86e-12	3.82e-12	4.65e-53
 7.45016e+14	7.61e-17	6.81e-12	9.20e-08	1.66e-04	9.96e-01	4.20e-03	0.00e+00	6.23e-18	1.87e-17	3.13e-17	2.23e-12	4.58e-12	8.97e-53
 7.72981e+14	1.01e-16	8.47e-12	1.07e-07	1.80e-04	9.96e-01	3.89e-03	0.00e+00	8.30e-18	2.49e-17	4.17e-17	2.77e-12	5.70e-12	1.98e-52
 8.01445e+14	1.34e-16	1.05e-11	1.24e-07	1.94e-04	9.96e-01	3.61e-03	0.00e+00	1.10e-17	3.30e-17	5.52e-17	3.43e-12	7.06e-12	4.32e-52
 8.26675e+14	1.71e-16	1.26e-11	1.40e-07	2.06e-04	9.96e-01	3.38e-03	0.00e+00	1.40e-17	4.20e-17	7.03e-17	4.12e-12	8.49e-12	8.47e-52
 8.54131e+14	2.19e-16	1.53e-11	1.60e-07	2.21e-04	9.97e-01	3.16e-03	0.00e+00	1.80e-17	5.40e-17	9.03e-17	4.99e-12	1.03e-11	1.70e-51
 8.87057e+14	2.94e-16	1.91e-11	1.87e-07	2.40e-04	9.97e-01	2.92e-03	0.00e+00	2.41e-17	7.24e-17	1.21e-16	6.24e-12	1.29e-11	3.84e-51
 9.19760e+14	3.89e-16	2.36e-11	2.16e-07	2.59e-04	9.97e-01	2.70e-03	0.00e+00	3.19e-17	9.57e-17	1.60e-16	7.72e-12	1.59e-11	8.37e-51
 9.49288e+14	4.96e-16	2.85e-11	2.46e-07	2.76e-04	9.97e-01	2.53e-03	0.00e+00	4.07e-17	1.22e-16	2.04e-16	9.29e-12	1.92e-11	1.66e-50
 9.82023e+14	6.43e-16	3.48e-11	2.82e-07	2.97e-04	9.97e-01	2.36e-03	0.00e+00	5.28e-17	1.58e-16	2.65e-16	1.13e-11	2.34e-11	3.43e-50
 1.02055e+15	8.64e-16	4.36e-11	3.30e-07	3.22e-04	9.98e-01	2.17e-03	0.00e+00	7.09e-17	2.13e-16	3.56e-16	1.42e-11	2.94e-11	7.87e-50
 1.05869e+15	1.14e-15	5.41e-11	3.84e-07	3.48e-04	9.98e-01	2.01e-03	0.00e+00	9.39e-17	2.82e-16	4.71e-16	1.76e-11	3.65e-11	1.73e-49
 1.09435e+15	1.47e-15	6.57e-11	4.39e-07	3.73e-04	9.98e-01	1.87e-03	0.00e+00	1.21e-16	3.64e-16	6.08e-16	2.14e-11	4.43e-11	3.53e-49
 1.13414e+15	1.93e-15	8.10e-11	5.08e-07	4.03e-04	9.98e-01	1.74e-03	0.00e+00	1.59e-16	4.77e-16	7.97e-16	2.64e-11	5.46e-11	7.56e-49
 1.17219e+15	2.48e-15	9.82e-11	5.81e-07	4.33e-04	9.98e-01	1.62e-03	0.00e+00	2.04e-16	6.12e-16	1.02e-15	3.20e-11	6.62e-11	1.53e-48
 1.20029e+15	2.96e-15	1.13e-10	6.40e-07	4.55e-04	9.98e-01	1.54e-03	0.00e+00	2.44e-16	7.32e-16	1.22e-15	3.67e-11	7.61e-11	2.55e-48
 1.22862e+15	3.53e-15	1.29e-10	7.04e-07	4.79e-04	9.98e-01	1.46e-03	0.00e+00	2.90e-16	8.72e-16	1.46e-15	4.20e-11	8.71e-11	4.17e-48
 1.26545e+15	4.40e-15	1.53e-10	7.95e-07	5.11e-04	9.98e-01	1.37e-03	0.00e+00	3.62e-16	1.09e-15	1.82e-15	4.99e-11	1.03e-10	7.80e-48
 1.30537e+15	5.54e-15	1.84e-10	9.03e-07	5.46e-04	9.98e-01	1.28e-03	0.00e+00	4.56e-16	1.37e-15	2.29e-15	5.97e-11	1.24e-10	1.51e-47
 1.34127e+15	6.77e-15	2.15e-10	1.01e-06	5.80e-04	9.98e-01	1.21e-03	0.00e+00	5.58e-16	1.67e-15	2.80e-15	6.98e-11	1.45e-10	2.66e-47
 1.37989e+15	8.34e-15	2.53e-10	1.13e-06	6.17e-04	9.98e-01	1.14e-03	0.00e+00	6.88e-16	2.07e-15	3.45e-15	8.22e-11	1.71e-10	4.85e-47
 1.42976e+15	1.08e-14	3.10e-10	1.31e-06	6.67e-04	9.98e-01	1.05e-03	0.00e+00	8.93e-16	2.68e-15	4.48e-15	1.01e-10	2.09e-10	1.02e-46
 1.48018e+15	1.39e-14	3.78e-10	1.51e-06	7.21e-04	9.98e-01	9.72e-04	0.00e+00	1.15e-15	3.45e-15	5.77e-15	1.23e-10	2.55e-10	2.10e-46
 1.52120e+15	1.70e-14	4.42e-10	1.69e-06	7.65e-04	9.98e-01	9.15e-04	0.00e+00	1.40e-15	4.21e-15	7.03e-15	1.44e-10	2.98e-10	3.72e-46
 1.56410e+15	2.07e-14	5.17e-10	1.90e-06	8.15e-04	9.98e-01	8.60e-04	0.00e+00	1.71e-15	5.13e-15	8.58e-15	1.68e-10	3.49e-10	6.59e-46
 1.61986e+15	2.65e-14	6.31e-10	2.19e-06	8.81e-04	9.98e-01	7.95e-04	0.00e+00	2.19e-15	6.59e-15	1.10e-14	2.05e-10	4.26e-10	1.36e-45
 1.67910e+15	3.41e-14	7.72e-10	2.54e-06	9.56e-04	9.98e-01	7.33e-04	0.00e+00	2.83e-15	8.49e-15	1.42e-14	2.51e-10	5.21e-10	2.84e-45
 1.73109e+15	4.22e-14	9.16e-10	2.88e-06	1.02e-03	9.98e-01	6.84e-04	0.00e+00	3.50e-15	1.05e-14	1.76e-14	2.98e-10	6.18e-10	5.30e-45
 1.78690e+15	5.01e-14	1.09e-09	3.28e-06	1.10e-03	9.98e-01	6.36e-04	0.00e+00	4.16e-15	1.25e-14	2.09e-14	3.55e-10	7.38e-10	9.91e-45
 1.85483e+15	6.44e-14	1.35e-09	3.83e-06	1.20e-03	9.98e-01	5.84e-04	0.00e+00	5.35e-15	1.61e-14	2.69e-14	4.38e-10	9.08e-10	2.12e-44
 1.92305e+15	8.17e-14	1.64e-09	4.44e-06	1.30e-03	9.98e-01	5.38e-04	0.00e+00	6.80e-15	2.04e-14	3.41e-14	5.35e-10	1.11e-09	4.40e-44
 1.98390e+15	1.00e-13	1.95e-09	5.04e-06	1.40e-03	9.98e-01	5.01e-04	0.00e+00	8.33e-15	2.50e-14	4.18e-14	6.35e-10	1.32e-09	8.25e-44
 2.05062e+15	1.24e-13	2.34e-09	5.77e-06	1.51e-03	9.98e-01	4.64e-04	0.00e+00	1.03e-14	3.10e-14	5.18e-14	7.61e-10	1.58e-09	1.61e-43
 2.13012e+15	1.58e-13	2.88e-09	6.75e-06	1.65e-03	9.98e-01	4.25e-04	0.00e+00	1.32e-14	3.96e-14	6.62e-14	9.37e-10	1.94e-09	3.46e-43
 2.20889e+15	1.98e-13	3.51e-09	7.83e-06	1.80e-03	9.98e-01	3.90e-04	0.00e+00	1.65e-14	4.97e-14	8.30e-14	1.14e-09	2.36e-09	7.15e-43
 2.28071e+15	2.42e-13	4.18e-09	8.92e-06	1.93e-03	9.98e-01	3.62e-04	0.00e+00	2.03e-14	6.08e-14	1.02e-13	1.36e-09	2.82e-09	1.37e-42
 2.36082e+15	2.98e-13	5.02e-09	1.03e-05	2.10e-03	9.98e-01	3.34e-04	0.00e+00	2.50e-14	7.50e-14	1.25e-13	1.64e-09	3.39e-09	2.71e-42
 2.45424e+15	3.76e-13	6.19e-09	1.20e-05	2.30e-03	9.97e-01	3.05e-04	0.00e+00	3.16e-14	9.48e-14	1.58e-13	2.02e-09	4.17e-09	6.03e-42
 2.53270e+15	4.50e-13	7.32e-09	1.37e-05	2.47e-03	9.97e-01	2.83e-04	0.00e+00	3.78e-14	1.14e-13	1.90e-13	2.39e-09	4.93e-09	1.13e-41
 2.58746e+15	5.09e-13	8.21e-09	1.49e-05	2.60e-03	9.97e-01	2.69e-04	0.00e+00	4.28e-14	1.29e-13	2.15e-13	2.68e-09	5.53e-09	1.71e-41
 2.64366e+15	5.78e-13	9.21e-09	1.63e-05	2.73e-03	9.97e-01	2.56e-04	0.00e+00	4.86e-14	1.46e-13	2.44e-13	3.00e-09	6.20e-09	2.64e-41
 2.71673e+15	6.77e-13	1.06e-08	1.82e-05	2.91e-03	9.97e-01	2.40e-04	0.00e+00	5.71e-14	1.71e-13	2.86e-13	3.48e-09	7.17e-09	4.57e-41
 2.79811e+15	8.00e-13	1.25e-08	2.05e-05	3.12e-03	9.97e-01	2.24e-04	0.00e+00	6.75e-14	2.03e-13	3.38e-13	4.07e-09	8.39e-09	8.24e-41
 2.87419e+15	9.29e-13	1.43e-08	2.28e-05	3.32e-03	9.96e-01	2.10e-04	0.00e+00	7.84e-14	2.36e-13	3.93e-13	4.69e-09	9.66e-09	1.40e-40
 2.95697e+15	1.09e-12	1.67e-08	2.56e-05	3.55e-03	9.96e-01	1.96e-04	0.00e+00	9.22e-14	2.77e-13	4.62e-13	5.45e-09	1.12e-08	2.49e-40
 3.04916e+15	1.29e-12	1.97e-08	2.90e-05	3.82e-03	9.96e-01	1.82e-04	0.00e+00	1.09e-13	3.28e-13	5.47e-13	6.43e-09	1.32e-08	4.64e-40
 3.13505e+15	1.50e-12	2.28e-08	3.24e-05	4.07e-03	9.96e-01	1.71e-04	0.00e+00	1.27e-13	3.81e-13	6.36e-13	7.45e-09	1.53e-08	8.10e-40
 3.22822e+15	1.76e-12	2.66e-08	3.65e-05	4.36e-03	9.95e-01	1.59e-04	0.00e+00	1.49e-13	4.48e-13	7.49e-13	8.71e-09	1.79e-08	1.47e-39
 3.33275e+15	2.09e-12	3.15e-08	4.15e-05	4.70e-03	9.95e-01	1.48e-04	0.00e+00	1.77e-13	5.32e-13	8.88e-13	1.03e-08	2.12e-08	2.79e-39
 3.43180e+15	2.43e-12	3.68e-08	4.67e-05	5.04e-03	9.95e-01	1.38e-04	0.00e+00	2.07e-13	6.21e-13	1.04e-12	1.20e-08	2.47e-08	5.12e-39
 3.54033e+15	2.88e-12	4.34e-08	5.30e-05	5.42e-03	9.94e-01	1.28e-04	0.00e+00	2.45e-13	7.36e-13	1.23e-12	1.42e-08	2.92e-08	9.84e-39
 3.66191e+15	3.43e-12	5.19e-08	6.07e-05	5.86e-03	9.94e-01	1.18e-04	0.00e+00	2.93e-13	8.79e-13	1.47e-12	1.70e-08	3.49e-08	1.99e-38
 3.77747e+15	4.02e-12	6.12e-08	6.87e-05	6.30e-03	9.94e-01	1.10e-04	0.00e+00	3.44e-13	1.03e-12	1.72e-12	2.01e-08	4.11e-08	3.79e-38
 3.90471e+15	4.80e-12	7.30e-08	7.85e-05	6.81e-03	9.93e-01	1.01e-04	0.00e+00	4.11e-13	1.23e-12	2.06e-12	2.39e-08	4.90e-08	7.57e-38
 4.04751e+15	5.77e-12	8.83e-08	9.07e-05	7.41e-03	9.92e-01	9.29e-05	0.00e+00	4.94e-13	1.48e-12	2.48e-12	2.90e-08	5.93e-08	1.60e-37
 4.18294e+15	6.80e-12	1.05e-07	1.03e-04	8.00e-03	9.92e-01	8.58e-05	0.00e+00	5.84e-13	1.75e-12	2.92e-12	3.45e-08	7.06e-08	3.18e-37
 4.33139e+15	8.18e-12	1.27e-07	1.19e-04	8.68e-03	9.91e-01	7.90e-05	0.00e+00	7.03e-13	2.11e-12	3.52e-12	4.17e-08	8.51e-08	6.62e-37
 4.49545e+15	9.85e-12	1.54e-07	1.38e-04	9.47e-03	9.90e-01	7.23e-05	0.00e+00	8.48e-13	2.55e-12	4.25e-12	5.08e-08	1.04e-07	1.43e-36
 4.64768e+15	1.16e-11	1.84e-07	1.58e-04	1.02e-02	9.90e-01	6.68e-05	0.00e+00	1.00e-12	3.01e-12	5.02e-12	6.07e-08	1.24e-07	2.84e-36
 4.81347e+15	1.40e-11	2.23e-07	1.82e-04	1.11e-02	9.89e-01	6.14e-05	0.00e+00	1.21e-12	3.62e-12	6.05e-12	7.33e-08	1.49e-07	5.90e-36
 4.97296e+15	1.63e-11	2.65e-07	2.07e-04	1.20e-02	9.88e-01	5.69e-05	0.00e+00	1.41e-12	4.23e-12	7.06e-12	8.71e-08	1.78e-07	1.14e-35
 5.08793e+15	1.81e-11	2.98e-07	2.27e-04	1.27e-02	9.87e-01	5.38e-05	0.00e+00	1.56e-12	4.70e-12	7.84e-12	9.82e-08	2.00e-07	1.81e-35
 5.20105e+15	2.03e-11	3.36e-07	2.48e-04	1.33e-02	9.86e-01	5.11e-05	0.00e+00	1.76e-12	5.29e-12	8.83e-12	1.11e-07	2.25e-07	2.84e-35
 5.34811e+15	2.37e-11	3.91e-07	2.78e-04	1.42e-02	9.85e-01	4.78e-05	0.00e+00	2.05e-12	6.16e-12	1.03e-11	1.29e-07	2.62e-07	5.05e-35
 5.50822e+15	2.76e-11	4.59e-07	3.13e-04	1.52e-02	9.84e-01	4.46e-05	0.00e+00	2.40e-12	7.20e-12	1.20e-11	1.51e-07	3.07e-07	9.22e-35
 5.65244e+15	3.18e-11	5.27e-07	3.47e-04	1.62e-02	9.83e-01	4.20e-05	0.00e+00	2.77e-12	8.30e-12	1.39e-11	1.74e-07	3.53e-07	1.55e-34
 5.80706e+15	3.71e-11	6.12e-07	3.87e-04	1.72e-02	9.82e-01	3.94e-05	0.00e+00	3.22e-12	9.67e-12	1.61e-11	2.02e-07	4.10e-07	2.73e-34
 6.00806e+15	4.48e-11	7.39e-07	4.45e-04	1.87e-02	9.81e-01	3.63e-05	0.00e+00	3.91e-12	1.17e-11	1.96e-11	2.44e-07	4.95e-07	5.52e-34
 6.20983e+15	5.34e-11	8.85e-07	5.09e-04	2.02e-02	9.79e-01	3.36e-05	0.00e+00	4.66e-12	1.40e-11	2.33e-11	2.92e-07	5.93e-07	1.06e-33
 6.36981e+15	6.11e-11	1.02e-06	5.63e-04	2.14e-02	9.78e-01	3.17e-05	0.00e+00	5.34e-12	1.60e-11	2.67e-11	3.35e-07	6.81e-07	1.76e-33
 6.53501e+15	7.10e-11	1.17e-06	6.26e-04	2.27e-02	9.77e-01	2.98e-05	0.00e+00	6.20e-12	1.86e-11	3.10e-11	3.87e-07	7.85e-07	2.97e-33
 6.74978e+15	8.58e-11	1.41e-06	7.15e-04	2.45e-02	9.75e-01	2.76e-05	0.00e+00	7.51e-12	2.25e-11	3.76e-11	4.64e-07	9.41e-07	5.74e-33
 6.97812e+15	1.03e-10	1.69e-06	8.19e-04	2.65e-02	9.73e-01	2.56e-05	0.00e+00	9.04e-12	2.71e-11	4.53e-11	5.59e-07	1.13e-06	1.10e-32
 7.17695e+15	1.21e-10	1.97e-06	9.18e-04	2.83e-02	9.71e-01	2.40e-05	0.00e+00	1.06e-11	3.19e-11	5.33e-11	6.53e-07	1.32e-06	1.86e-32
 7.38828e+15	1.44e-10	2.33e-06	1.04e-03	3.03e-02	9.69e-01	2.25e-05	0.00e+00	1.27e-11	3.81e-11	6.35e-11	7.70e-07	1.56e-06	3.34e-32
 7.65790e+15	1.81e-10	2.86e-06	1.20e-03	3.31e-02	9.66e-01	2.07e-05	0.00e+00	1.59e-11	4.76e-11	7.95e-11	9.45e-07	1.91e-06	6.84e-32
 7.92744e+15	2.20e-10	3.46e-06	1.39e-03	3.59e-02	9.63e-01	1.91e-05	0.00e+00	1.93e-11	5.80e-11	9.67e-11	1.14e-06	2.31e-06	1.30e-31
 8.15095e+15	2.60e-10	4.04e-06	1.56e-03	3.84e-02	9.60e-01	1.80e-05	0.00e+00	2.29e-11	6.87e-11	1.15e-10	1.34e-06	2.71e-06	2.21e-31
 8.39045e+15	3.13e-10	4.78e-06	1.76e-03	4.12e-02	9.57e-01	1.69e-05	0.00e+00	2.76e-11	8.29e-11	1.38e-10	1.58e-06	3.20e-06	3.90e-31
 8.69636e+15	3.91e-10	5.89e-06	2.05e-03	4.49e-02	9.53e-01	1.55e-05	0.00e+00	3.46e-11	1.04e-10	1.73e-10	1.95e-06	3.94e-06	7.80e-31
 9.00309e+15	4.82e-10	7.15e-06	2.37e-03	4.88e-02	9.49e-01	1.44e-05	0.00e+00	4.27e-11	1.28e-10	2.14e-10	2.37e-06	4.78e-06	1.46e-30
 9.23362e+15	5.63e-10	8.24e-06	2.64e-03	5.19e-02	9.45e-01	1.37e-05	0.00e+00	4.99e-11	1.50e-10	2.50e-10	2.73e-06	5.51e-06	2.28e-30
 9.45055e+15	6.59e-10	9.46e-06	2.92e-03	5.50e-02	9.42e-01	1.30e-05	0.00e+00	5.84e-11	1.75e-10	2.92e-10	3.13e-06	6.32e-06	3.56e-30
 9.69551e+15	7.74e-10	1.10e-05	3.27e-03	5.85e-02	9.38e-01	1.23e-05	0.00e+00	6.87e-11	2.06e-10	3.44e-10	3.64e-06	7.33e-06	5.66e-30
 9.93345e+15	9.02e-10	1.26e-05	3.63e-03	6.22e-02	9.34e-01	1.17e-05	0.00e+00	8.01e-11	2.40e-10	4.01e-10	4.18e-06	8.44e-06	8.79e-30
 1.01993e+16	1.08e-09	1.48e-05	4.09e-03	6.65e-02	9.29e-01	1.10e-05	0.00e+00	9.61e-11	2.88e-10	4.81e-10	4.91e-06	9.90e-06	1.45e-29
 1.04797e+16	1.29e-09	1.73e-05	4.61e-03	7.12e-02	9.24e-01	1.04e-05	0.00e+00	1.15e-10	3.44e-10	5.74e-10	5.75e-06	1.16e-05	2.34e-29
 1.07326e+16	1.53e-09	2.00e-05	5.13e-03	7.57e-02	9.19e-01	9.92e-06	0.00e+00	1.36e-10	4.08e-10	6.81e-10	6.63e-06	1.34e-05	3.58e-29
 1.10151e+16	1.82e-09	2.35e-05	5.80e-03	8.10e-02	9.13e-01	9.39e-06	0.00e+00	1.63e-10	4.88e-10	8.13e-10	7.80e-06	1.57e-05	5.87e-29
 1.13193e+16	2.21e-09	2.77e-05	6.58e-03	8.69e-02	9.06e-01	8.89e-06	0.00e+00	1.97e-10	5.92e-10	9.87e-10	9.19e-06	1.85e-05	9.50e-29
 1.16006e+16	2.64e-09	3.22e-05	7.38e-03	9.27e-02	9.00e-01	8.47e-06	0.00e+00	2.36e-10	7.07e-10	1.18e-09	1.07e-05	2.15e-05	1.47e-28
 1.18735e+16	3.09e-09	3.72e-05	8.25e-03	9.86e-02	8.93e-01	8.08e-06	0.00e+00	2.76e-10	8.29e-10	1.38e-09	1.24e-05	2.49e-05	2.23e-28
 1.21861e+16	3.80e-09	4.42e-05	9.40e-03	1.06e-01	8.85e-01	7.66e-06	0.00e+00	3.40e-10	1.02e-09	1.70e-09	1.47e-05	2.95e-05	3.71e-28
 1.25187e+16	4.59e-09	5.24e-05	1.07e-02	1.14e-01	8.75e-01	7.27e-06	0.00e+00	4.12e-10	1.24e-09	2.06e-09	1.74e-05	3.50e-05	5.92e-28
 1.28091e+16	5.53e-09	6.08e-05	1.21e-02	1.21e-01	8.66e-01	6.98e-06	0.00e+00	4.96e-10	1.49e-09	2.48e-09	2.02e-05	4.06e-05	8.97e-28
 1.31184e+16	6.66e-09	7.18e-05	1.37e-02	1.30e-01	8.56e-01	6.65e-06	0.00e+00	5.99e-10	1.80e-09	3.00e-09	2.38e-05	4.79e-05	1.43e-27
 1.34549e+16	8.31e-09	8.54e-05	1.57e-02	1.40e-01	8.44e-01	6.35e-06	0.00e+00	7.47e-10	2.24e-09	3.74e-09	2.84e-05	5.70e-05	2.31e-27
 1.37567e+16	9.81e-09	9.93e-05	1.77e-02	1.49e-01	8.33e-01	6.09e-06	0.00e+00	8.84e-10	2.65e-09	4.42e-09	3.30e-05	6.63e-05	3.44e-27
 1.40788e+16	1.22e-08	1.19e-04	2.03e-02	1.60e-01	8.19e-01	5.82e-06	0.00e+00	1.10e-09	3.31e-09	5.51e-09	3.95e-05	7.92e-05	5.69e-27
 1.44014e+16	1.49e-08	1.40e-04	2.32e-02	1.71e-01	8.05e-01	5.60e-06	0.00e+00	1.34e-09	4.03e-09	6.71e-09	4.64e-05	9.32e-05	8.71e-27
 1.46570e+16	1.75e-08	1.59e-04	2.57e-02	1.81e-01	7.93e-01	5.44e-06	0.00e+00	1.58e-09	4.73e-09	7.89e-09	5.30e-05	1.06e-04	1.23e-26
 1.49216e+16	2.10e-08	1.85e-04	2.89e-02	1.92e-01	7.79e-01	5.26e-06	0.00e+00	1.90e-09	5.71e-09	9.52e-09	6.15e-05	1.23e-04	1.85e-26
 1.52140e+16	2.55e-08	2.17e-04	3.28e-02	2.04e-01	7.63e-01	5.10e-06	0.00e+00	2.31e-09	6.93e-09	1.15e-08	7.21e-05	1.45e-04	2.82e-26
 1.54760e+16	3.00e-08	2.49e-04	3.66e-02	2.15e-01	7.48e-01	4.94e-06	0.00e+00	2.72e-09	8.15e-09	1.36e-08	8.27e-05	1.66e-04	3.97e-26
 1.57098e+16	3.51e-08	2.83e-04	4.07e-02	2.27e-01	7.32e-01	4.81e-06	0.00e+00	3.19e-09	9.56e-09	1.59e-08	9.43e-05	1.89e-04	5.64e-26
