#depth	C	C+	C+2	C+3	C+4	C+5	C+6	C[1]	C[2]	C[3]	C+[1]	C+[2]	CO
 1.49634e+10	0.00e+00	0.00e+00	3.38e-27	7.92e-17	9.73e-06	1.12e-01	8.88e-01	0.00e+00	0.00e+00	0.00e+00	0.00e+00	0.00e+00	0.00e+00
 4.54887e+10	0.00e+00	4.86e-38	4.59e-27	9.94e-17	1.13e-05	1.20e-01	8.80e-01	0.00e+00	0.00e+00	0.00e+00	0.00e+00	0.00e+00	0.00e+00
 7.72350e+10	0.00e+00	0.00e+00	6.24e-27	1.25e-16	1.31e-05	1.29e-01	8.71e-01	0.00e+00	0.00e+00	0.00e+00	0.00e+00	0.00e+00	0.00e+00
 1.10251e+11	0.00e+00	1.05e-37	8.47e-27	1.57e-16	1.52e-05	1.38e-01	8.62e-01	0.00e+00	0.00e+00	0.00e+00	0.00e+00	0.00e+00	0.00e+00
 1.44588e+11	0.00e+00	0.00e+00	1.15e-26	1.96e-16	1.76e-05	1.48e-01	8.52e-01	0.00e+00	0.00e+00	0.00e+00	0.00e+00	0.00e+00	0.00e+00
 1.80298e+11	0.00e+00	2.25e-37	1.56e-26	2.46e-16	2.04e-05	1.58e-01	8.42e-01	0.00e+00	0.00e+00	0.00e+00	0.00e+00	0.00e+00	0.00e+00
 2.17437e+11	0.00e+00	0.00e+00	2.11e-26	3.08e-16	2.36e-05	1.69e-01	8.31e-01	0.00e+00	0.00e+00	0.00e+00	0.00e+00	0.00e+00	0.00e+00
 2.56061e+11	0.00e+00	4.83e-37	2.85e-26	3.85e-16	2.73e-05	1.81e-01	8.19e-01	0.00e+00	0.00e+00	0.00e+00	0.00e+00	0.00e+00	0.00e+00
 2.96231e+11	0.00e+00	0.00e+00	3.85e-26	4.81e-16	3.15e-05	1.93e-01	8.07e-01	0.00e+00	0.00e+00	0.00e+00	0.00e+00	0.00e+00	0.00e+00
 3.38007e+11	0.00e+00	1.03e-36	5.20e-26	6.01e-16	3.64e-05	2.05e-01	7.95e-01	0.00e+00	0.00e+00	0.00e+00	0.00e+00	0.00e+00	0.00e+00
 3.81454e+11	0.00e+00	0.00e+00	7.02e-26	7.49e-16	4.19e-05	2.18e-01	7.82e-01	0.00e+00	0.00e+00	0.00e+00	0.00e+00	0.00e+00	0.00e+00
 4.26639e+11	0.00e+00	2.20e-36	9.46e-26	9.34e-16	4.83e-05	2.32e-01	7.68e-01	0.00e+00	0.00e+00	0.00e+00	0.00e+00	0.00e+00	0.00e+00
 4.68738e+11	9.73e-48	3.08e-36	1.24e-25	1.14e-15	5.47e-05	2.45e-01	7.55e-01	0.00e+00	0.00e+00	0.00e+00	0.00e+00	0.00e+00	0.00e+00
 5.05731e+11	0.00e+00	0.00e+00	1.55e-25	1.34e-15	6.09e-05	2.56e-01	7.43e-01	0.00e+00	0.00e+00	0.00e+00	0.00e+00	0.00e+00	0.00e+00
 5.46966e+11	0.00e+00	5.59e-36	1.98e-25	1.61e-15	6.83e-05	2.69e-01	7.31e-01	0.00e+00	0.00e+00	0.00e+00	0.00e+00	0.00e+00	0.00e+00
 5.96642e+11	3.09e-47	8.00e-36	2.63e-25	1.97e-15	7.79e-05	2.84e-01	7.16e-01	0.00e+00	0.00e+00	0.00e+00	0.00e+00	0.00e+00	0.00e+00
 6.46649e+11	0.00e+00	0.00e+00	3.45e-25	2.41e-15	8.83e-05	3.00e-01	7.00e-01	0.00e+00	0.00e+00	0.00e+00	0.00e+00	0.00e+00	0.00e+00
 6.92454e+11	0.00e+00	1.53e-35	4.39e-25	2.88e-15	9.87e-05	3.13e-01	6.87e-01	0.00e+00	0.00e+00	0.00e+00	0.00e+00	0.00e+00	0.00e+00
 7.43438e+11	1.01e-46	2.13e-35	5.69e-25	3.47e-15	1.11e-04	3.29e-01	6.71e-01	0.00e+00	0.00e+00	0.00e+00	0.00e+00	0.00e+00	0.00e+00
 8.02664e+11	0.00e+00	0.00e+00	7.59e-25	4.28e-15	1.27e-04	3.46e-01	6.54e-01	0.00e+00	0.00e+00	0.00e+00	0.00e+00	0.00e+00	0.00e+00
 8.60649e+11	0.00e+00	4.34e-35	9.94e-25	5.21e-15	1.43e-04	3.63e-01	6.37e-01	0.00e+00	0.00e+00	0.00e+00	0.00e+00	0.00e+00	1.35e-168
 9.15341e+11	3.51e-46	5.93e-35	1.27e-24	6.23e-15	1.60e-04	3.79e-01	6.21e-01	0.00e+00	0.00e+00	0.00e+00	0.00e+00	0.00e+00	4.17e-233
 9.76268e+11	0.00e+00	8.30e-35	1.65e-24	7.55e-15	1.80e-04	3.96e-01	6.04e-01	0.00e+00	0.00e+00	0.00e+00	0.00e+00	0.00e+00	8.55e-298
 1.04525e+12	8.23e-46	1.20e-34	2.20e-24	9.28e-15	2.05e-04	4.15e-01	5.85e-01	0.00e+00	0.00e+00	0.00e+00	0.00e+00	0.00e+00	4.25e-145
 1.11427e+12	0.00e+00	1.70e-34	2.89e-24	1.13e-14	2.31e-04	4.34e-01	5.66e-01	0.00e+00	0.00e+00	0.00e+00	0.00e+00	0.00e+00	3.40e-210
 1.18605e+12	1.93e-45	2.41e-34	3.80e-24	1.38e-14	2.61e-04	4.53e-01	5.47e-01	0.00e+00	0.00e+00	0.00e+00	0.00e+00	0.00e+00	1.76e-275
 1.26342e+12	0.00e+00	3.45e-34	5.04e-24	1.69e-14	2.95e-04	4.72e-01	5.27e-01	0.00e+00	0.00e+00	0.00e+00	0.00e+00	0.00e+00	2.31e-165
 1.34388e+12	4.65e-45	4.95e-34	6.68e-24	2.06e-14	3.34e-04	4.92e-01	5.08e-01	0.00e+00	0.00e+00	0.00e+00	0.00e+00	0.00e+00	4.49e-231
 1.42756e+12	0.00e+00	7.08e-34	8.83e-24	2.52e-14	3.77e-04	5.12e-01	4.88e-01	0.00e+00	0.00e+00	0.00e+00	0.00e+00	0.00e+00	5.64e-297
 1.51459e+12	1.11e-44	1.01e-33	1.17e-23	3.07e-14	4.25e-04	5.32e-01	4.68e-01	0.00e+00	0.00e+00	0.00e+00	0.00e+00	0.00e+00	3.78e-142
 1.60510e+12	0.00e+00	1.45e-33	1.54e-23	3.75e-14	4.78e-04	5.51e-01	4.48e-01	0.00e+00	0.00e+00	0.00e+00	0.00e+00	0.00e+00	1.74e-208
 1.69923e+12	2.66e-44	2.06e-33	2.03e-23	4.56e-14	5.37e-04	5.71e-01	4.29e-01	0.00e+00	0.00e+00	0.00e+00	0.00e+00	0.00e+00	3.72e-141
 1.79713e+12	0.00e+00	2.94e-33	2.67e-23	5.54e-14	6.03e-04	5.90e-01	4.09e-01	0.00e+00	0.00e+00	0.00e+00	0.00e+00	0.00e+00	6.45e-208
 1.89894e+12	6.32e-44	4.18e-33	3.51e-23	6.73e-14	6.76e-04	6.09e-01	3.90e-01	0.00e+00	0.00e+00	0.00e+00	0.00e+00	0.00e+00	3.65e-140
 2.00483e+12	0.00e+00	5.95e-33	4.61e-23	8.16e-14	7.57e-04	6.28e-01	3.71e-01	0.00e+00	0.00e+00	0.00e+00	0.00e+00	0.00e+00	2.36e-207
 2.11495e+12	1.50e-43	8.45e-33	6.05e-23	9.88e-14	8.47e-04	6.46e-01	3.53e-01	0.00e+00	0.00e+00	0.00e+00	0.00e+00	0.00e+00	3.58e-139
 2.22947e+12	0.00e+00	1.20e-32	7.93e-23	1.20e-13	9.46e-04	6.64e-01	3.35e-01	0.00e+00	0.00e+00	0.00e+00	0.00e+00	0.00e+00	8.51e-207
 2.34155e+12	3.45e-43	1.67e-32	1.02e-22	1.43e-13	1.05e-03	6.81e-01	3.18e-01	0.00e+00	0.00e+00	0.00e+00	0.00e+00	0.00e+00	3.29e-138
 2.44525e+12	0.00e+00	2.24e-32	1.28e-22	1.68e-13	1.15e-03	6.95e-01	3.04e-01	0.00e+00	0.00e+00	0.00e+00	0.00e+00	0.00e+00	3.04e-206
 2.56012e+12	7.29e-43	3.06e-32	1.63e-22	1.99e-13	1.27e-03	7.10e-01	2.89e-01	0.00e+00	0.00e+00	0.00e+00	0.00e+00	0.00e+00	2.40e-137
 2.69246e+12	0.00e+00	4.34e-32	2.14e-22	2.40e-13	1.41e-03	7.26e-01	2.72e-01	0.00e+00	0.00e+00	0.00e+00	0.00e+00	0.00e+00	8.32e-206
 2.82256e+12	1.68e-42	6.03e-32	2.75e-22	2.86e-13	1.56e-03	7.41e-01	2.58e-01	0.00e+00	0.00e+00	0.00e+00	0.00e+00	0.00e+00	2.22e-136
 2.95787e+12	0.00e+00	8.38e-32	3.54e-22	3.41e-13	1.73e-03	7.55e-01	2.43e-01	0.00e+00	0.00e+00	0.00e+00	0.00e+00	0.00e+00	2.62e-205
 3.10611e+12	3.86e-42	1.19e-31	4.62e-22	4.11e-13	1.92e-03	7.69e-01	2.29e-01	0.00e+00	0.00e+00	0.00e+00	0.00e+00	0.00e+00	2.05e-135
 3.25656e+12	0.00e+00	1.66e-31	6.00e-22	4.92e-13	2.12e-03	7.83e-01	2.15e-01	0.00e+00	0.00e+00	0.00e+00	0.00e+00	0.00e+00	7.13e-205
 3.41303e+12	8.88e-42	2.33e-31	7.78e-22	5.90e-13	2.35e-03	7.96e-01	2.02e-01	0.00e+00	0.00e+00	0.00e+00	0.00e+00	0.00e+00	1.92e-134
 3.57948e+12	0.00e+00	3.30e-31	1.01e-21	7.09e-13	2.60e-03	8.08e-01	1.89e-01	0.00e+00	0.00e+00	0.00e+00	0.00e+00	0.00e+00	1.41e-204
 3.75259e+12	2.09e-41	4.66e-31	1.32e-21	8.53e-13	2.88e-03	8.20e-01	1.77e-01	0.00e+00	0.00e+00	0.00e+00	0.00e+00	0.00e+00	1.89e-133
 3.93262e+12	0.00e+00	6.60e-31	1.72e-21	1.02e-12	3.19e-03	8.31e-01	1.65e-01	0.00e+00	0.00e+00	0.00e+00	0.00e+00	0.00e+00	0.00e+00
 4.11985e+12	4.92e-41	9.33e-31	2.25e-21	1.23e-12	3.53e-03	8.42e-01	1.54e-01	0.00e+00	0.00e+00	0.00e+00	0.00e+00	0.00e+00	1.88e-132
 4.31457e+12	0.00e+00	1.32e-30	2.93e-21	1.48e-12	3.91e-03	8.52e-01	1.44e-01	0.00e+00	0.00e+00	0.00e+00	0.00e+00	0.00e+00	0.00e+00
 4.51708e+12	1.16e-40	1.87e-30	3.83e-21	1.78e-12	4.32e-03	8.61e-01	1.34e-01	0.00e+00	0.00e+00	0.00e+00	0.00e+00	0.00e+00	1.88e-131
 4.72769e+12	0.00e+00	2.65e-30	4.99e-21	2.13e-12	4.78e-03	8.70e-01	1.25e-01	0.00e+00	0.00e+00	0.00e+00	0.00e+00	0.00e+00	0.00e+00
 4.92598e+12	2.63e-40	3.63e-30	6.36e-21	2.52e-12	5.24e-03	8.78e-01	1.17e-01	0.00e+00	0.00e+00	0.00e+00	0.00e+00	0.00e+00	1.70e-130
 5.10367e+12	0.00e+00	4.77e-30	7.83e-21	2.91e-12	5.67e-03	8.84e-01	1.10e-01	0.00e+00	0.00e+00	0.00e+00	0.00e+00	0.00e+00	0.00e+00
 5.30325e+12	5.35e-40	6.44e-30	9.85e-21	3.41e-12	6.17e-03	8.90e-01	1.04e-01	0.00e+00	0.00e+00	0.00e+00	0.00e+00	0.00e+00	1.13e-129
 5.53934e+12	0.00e+00	9.06e-30	1.28e-20	4.08e-12	6.81e-03	8.97e-01	9.62e-02	0.00e+00	0.00e+00	0.00e+00	0.00e+00	0.00e+00	0.00e+00
 5.77535e+12	1.23e-39	1.26e-29	1.64e-20	4.84e-12	7.48e-03	9.03e-01	8.95e-02	0.00e+00	0.00e+00	0.00e+00	0.00e+00	0.00e+00	1.05e-128
 5.99737e+12	0.00e+00	1.70e-29	2.07e-20	5.67e-12	8.14e-03	9.08e-01	8.38e-02	0.00e+00	0.00e+00	0.00e+00	0.00e+00	0.00e+00	0.00e+00
 6.24377e+12	2.65e-39	2.34e-29	2.64e-20	6.71e-12	8.92e-03	9.13e-01	7.81e-02	0.00e+00	0.00e+00	0.00e+00	0.00e+00	0.00e+00	8.22e-128
 6.52345e+12	0.00e+00	3.33e-29	3.46e-20	8.07e-12	9.85e-03	9.18e-01	7.22e-02	0.00e+00	0.00e+00	0.00e+00	0.00e+00	0.00e+00	0.00e+00
 6.80259e+12	6.24e-39	4.69e-29	4.49e-20	9.64e-12	1.08e-02	9.22e-01	6.68e-02	0.00e+00	0.00e+00	0.00e+00	0.00e+00	0.00e+00	8.14e-127
 7.09290e+12	0.00e+00	6.59e-29	5.82e-20	1.15e-11	1.19e-02	9.26e-01	6.19e-02	0.00e+00	0.00e+00	0.00e+00	0.00e+00	0.00e+00	0.00e+00
 7.40655e+12	1.48e-38	9.41e-29	7.64e-20	1.39e-11	1.32e-02	9.30e-01	5.70e-02	0.00e+00	0.00e+00	0.00e+00	0.00e+00	0.00e+00	8.14e-126
 7.73273e+12	0.00e+00	1.34e-28	1.00e-19	1.67e-11	1.46e-02	9.33e-01	5.25e-02	0.00e+00	0.00e+00	0.00e+00	0.00e+00	0.00e+00	0.00e+00
 8.04053e+12	3.43e-38	1.86e-28	1.28e-19	1.98e-11	1.59e-02	9.35e-01	4.87e-02	0.00e+00	0.00e+00	0.00e+00	0.00e+00	0.00e+00	7.70e-125
 8.31765e+12	0.00e+00	2.46e-28	1.59e-19	2.29e-11	1.72e-02	9.37e-01	4.56e-02	0.00e+00	0.00e+00	0.00e+00	0.00e+00	0.00e+00	0.00e+00
 8.62956e+12	7.14e-38	3.36e-28	2.02e-19	2.70e-11	1.88e-02	9.39e-01	4.24e-02	0.00e+00	0.00e+00	0.00e+00	0.00e+00	0.00e+00	5.45e-124
 8.99694e+12	0.00e+00	4.77e-28	2.64e-19	3.23e-11	2.07e-02	9.40e-01	3.90e-02	0.00e+00	0.00e+00	0.00e+00	0.00e+00	0.00e+00	0.00e+00
 9.36385e+12	1.67e-37	6.69e-28	3.41e-19	3.86e-11	2.27e-02	9.41e-01	3.60e-02	0.00e+00	0.00e+00	0.00e+00	0.00e+00	0.00e+00	5.28e-123
 9.71006e+12	0.00e+00	9.12e-28	4.33e-19	4.53e-11	2.47e-02	9.42e-01	3.34e-02	0.00e+00	0.00e+00	0.00e+00	0.00e+00	0.00e+00	0.00e+00
 1.00930e+13	3.71e-37	1.27e-27	5.58e-19	5.39e-11	2.70e-02	9.42e-01	3.08e-02	0.00e+00	0.00e+00	0.00e+00	0.00e+00	0.00e+00	4.38e-122
 1.05267e+13	0.00e+00	1.84e-27	7.38e-19	6.52e-11	2.99e-02	9.42e-01	2.82e-02	0.00e+00	0.00e+00	0.00e+00	0.00e+00	0.00e+00	0.00e+00
 1.09543e+13	8.92e-37	2.59e-27	9.59e-19	7.79e-11	3.28e-02	9.41e-01	2.59e-02	0.00e+00	0.00e+00	0.00e+00	0.00e+00	0.00e+00	4.50e-121
 1.13991e+13	0.00e+00	3.65e-27	1.25e-18	9.31e-11	3.59e-02	9.40e-01	2.38e-02	0.00e+00	0.00e+00	0.00e+00	0.00e+00	0.00e+00	0.00e+00
 1.18850e+13	2.16e-36	5.28e-27	1.66e-18	1.13e-10	3.97e-02	9.39e-01	2.17e-02	0.00e+00	0.00e+00	0.00e+00	0.00e+00	0.00e+00	4.68e-120
 1.23737e+13	0.00e+00	7.53e-27	2.17e-18	1.36e-10	4.36e-02	9.37e-01	1.98e-02	0.00e+00	0.00e+00	0.00e+00	0.00e+00	0.00e+00	0.00e+00
 1.28821e+13	5.19e-36	1.07e-26	2.85e-18	1.63e-10	4.79e-02	9.34e-01	1.81e-02	0.00e+00	0.00e+00	0.00e+00	0.00e+00	0.00e+00	4.77e-119
 1.34093e+13	0.00e+00	1.53e-26	3.74e-18	1.96e-10	5.26e-02	9.31e-01	1.65e-02	0.00e+00	0.00e+00	0.00e+00	0.00e+00	0.00e+00	0.00e+00
 1.39284e+13	1.22e-35	2.14e-26	4.84e-18	2.33e-10	5.75e-02	9.27e-01	1.51e-02	0.00e+00	0.00e+00	0.00e+00	0.00e+00	0.00e+00	4.60e-118
 1.44862e+13	0.00e+00	3.04e-26	6.32e-18	2.79e-10	6.30e-02	9.23e-01	1.38e-02	0.00e+00	0.00e+00	0.00e+00	0.00e+00	0.00e+00	0.00e+00
 1.50955e+13	2.96e-35	4.39e-26	8.38e-18	3.38e-10	6.93e-02	9.18e-01	1.25e-02	0.00e+00	0.00e+00	0.00e+00	0.00e+00	0.00e+00	4.78e-117
 1.57293e+13	0.00e+00	6.34e-26	1.11e-17	4.09e-10	7.62e-02	9.12e-01	1.13e-02	0.00e+00	0.00e+00	0.00e+00	0.00e+00	0.00e+00	0.00e+00
 1.63884e+13	7.34e-35	9.15e-26	1.47e-17	4.95e-10	8.37e-02	9.06e-01	1.02e-02	0.00e+00	0.00e+00	0.00e+00	0.00e+00	0.00e+00	5.25e-116
 1.70738e+13	1.15e-34	1.32e-25	1.95e-17	5.98e-10	9.19e-02	8.99e-01	9.25e-03	0.00e+00	0.00e+00	0.00e+00	0.00e+00	0.00e+00	3.41e-98
 1.76942e+13	1.71e-34	1.82e-25	2.49e-17	7.06e-10	9.97e-02	8.92e-01	8.45e-03	0.00e+00	0.00e+00	0.00e+00	0.00e+00	0.00e+00	8.17e-280
 1.82118e+13	2.35e-34	2.35e-25	3.04e-17	8.06e-10	1.06e-01	8.86e-01	7.85e-03	0.00e+00	0.00e+00	0.00e+00	0.00e+00	0.00e+00	1.14e-114
 1.87791e+13	3.29e-34	3.09e-25	3.75e-17	9.28e-10	1.14e-01	8.79e-01	7.26e-03	0.00e+00	0.00e+00	0.00e+00	0.00e+00	0.00e+00	3.55e-97
 1.94967e+13	4.97e-34	4.31e-25	4.84e-17	1.10e-09	1.24e-01	8.70e-01	6.58e-03	0.00e+00	0.00e+00	0.00e+00	0.00e+00	0.00e+00	4.46e-283
 2.02447e+13	7.51e-34	6.02e-25	6.27e-17	1.31e-09	1.34e-01	8.60e-01	5.96e-03	0.00e+00	0.00e+00	0.00e+00	0.00e+00	0.00e+00	2.47e-113
 2.08838e+13	1.05e-33	7.92e-25	7.75e-17	1.51e-09	1.44e-01	8.51e-01	5.48e-03	0.00e+00	0.00e+00	0.00e+00	0.00e+00	0.00e+00	4.75e-96
 2.15463e+13	1.48e-33	1.04e-24	9.57e-17	1.74e-09	1.53e-01	8.42e-01	5.04e-03	0.00e+00	0.00e+00	0.00e+00	0.00e+00	0.00e+00	2.88e-280
 2.23742e+13	2.22e-33	1.45e-24	1.24e-16	2.07e-09	1.66e-01	8.29e-01	4.54e-03	0.00e+00	0.00e+00	0.00e+00	0.00e+00	0.00e+00	4.41e-112
 2.32137e+13	3.30e-33	2.00e-24	1.58e-16	2.44e-09	1.79e-01	8.17e-01	4.10e-03	0.00e+00	0.00e+00	0.00e+00	0.00e+00	0.00e+00	6.05e-95
 2.39423e+13	4.58e-33	2.61e-24	1.95e-16	2.80e-09	1.91e-01	8.05e-01	3.76e-03	0.00e+00	0.00e+00	0.00e+00	0.00e+00	0.00e+00	3.06e-111
 2.47299e+13	6.45e-33	3.44e-24	2.41e-16	3.23e-09	2.04e-01	7.93e-01	3.43e-03	0.00e+00	0.00e+00	0.00e+00	0.00e+00	0.00e+00	2.71e-94
 2.56935e+13	9.64e-33	4.77e-24	3.10e-16	3.82e-09	2.19e-01	7.78e-01	3.07e-03	0.00e+00	0.00e+00	0.00e+00	0.00e+00	0.00e+00	2.25e-110
 2.66760e+13	1.43e-32	6.55e-24	3.96e-16	4.49e-09	2.36e-01	7.62e-01	2.76e-03	0.00e+00	0.00e+00	0.00e+00	0.00e+00	0.00e+00	1.60e-93
 2.75722e+13	2.00e-32	8.64e-24	4.90e-16	5.17e-09	2.51e-01	7.47e-01	2.50e-03	0.00e+00	0.00e+00	0.00e+00	0.00e+00	0.00e+00	1.63e-109
 2.85665e+13	2.88e-32	1.16e-23	6.15e-16	6.00e-09	2.67e-01	7.31e-01	2.25e-03	0.00e+00	0.00e+00	0.00e+00	0.00e+00	0.00e+00	7.77e-93
 2.97260e+13	4.31e-32	1.61e-23	7.91e-16	7.08e-09	2.87e-01	7.11e-01	2.00e-03	0.00e+00	0.00e+00	0.00e+00	0.00e+00	0.00e+00	1.31e-108
 3.08757e+13	6.30e-32	2.19e-23	1.00e-15	8.28e-09	3.06e-01	6.92e-01	1.78e-03	0.00e+00	0.00e+00	0.00e+00	0.00e+00	0.00e+00	4.57e-92
 3.19728e+13	8.91e-32	2.89e-23	1.24e-15	9.53e-09	3.24e-01	6.74e-01	1.60e-03	0.00e+00	0.00e+00	0.00e+00	0.00e+00	0.00e+00	9.71e-108
 3.31830e+13	1.28e-31	3.88e-23	1.56e-15	1.10e-08	3.44e-01	6.55e-01	1.42e-03	0.00e+00	0.00e+00	0.00e+00	0.00e+00	0.00e+00	2.31e-91
 3.45403e+13	1.89e-31	5.32e-23	1.99e-15	1.29e-08	3.66e-01	6.33e-01	1.26e-03	0.00e+00	0.00e+00	0.00e+00	0.00e+00	0.00e+00	7.92e-107
 3.59025e+13	2.75e-31	7.18e-23	2.50e-15	1.50e-08	3.87e-01	6.12e-01	1.11e-03	0.00e+00	0.00e+00	0.00e+00	0.00e+00	0.00e+00	1.33e-90
 3.71220e+13	3.78e-31	9.28e-23	3.04e-15	1.70e-08	4.06e-01	5.93e-01	9.96e-04	0.00e+00	0.00e+00	0.00e+00	0.00e+00	0.00e+00	5.51e-106
 3.82054e+13	4.96e-31	1.15e-22	3.59e-15	1.89e-08	4.23e-01	5.77e-01	9.07e-04	0.00e+00	0.00e+00	0.00e+00	0.00e+00	0.00e+00	5.23e-90
 3.94342e+13	6.67e-31	1.47e-22	4.31e-15	2.12e-08	4.41e-01	5.59e-01	8.18e-04	0.00e+00	0.00e+00	0.00e+00	0.00e+00	0.00e+00	2.76e-105
 4.08007e+13	9.15e-31	1.89e-22	5.23e-15	2.40e-08	4.60e-01	5.39e-01	7.30e-04	0.00e+00	0.00e+00	0.00e+00	0.00e+00	0.00e+00	2.20e-89
 4.20818e+13	1.22e-30	2.38e-22	6.22e-15	2.68e-08	4.78e-01	5.21e-01	6.58e-04	0.00e+00	0.00e+00	0.00e+00	0.00e+00	0.00e+00	1.55e-104
 4.34826e+13	1.64e-30	3.02e-22	7.45e-15	3.00e-08	4.97e-01	5.02e-01	5.90e-04	0.00e+00	0.00e+00	0.00e+00	0.00e+00	0.00e+00	8.71e-89
 4.50533e+13	2.27e-30	3.91e-22	9.05e-15	3.39e-08	5.18e-01	4.82e-01	5.22e-04	0.00e+00	0.00e+00	0.00e+00	0.00e+00	0.00e+00	9.34e-104
 4.65451e+13	3.04e-30	4.94e-22	1.08e-14	3.78e-08	5.36e-01	4.63e-01	4.67e-04	0.00e+00	0.00e+00	0.00e+00	0.00e+00	0.00e+00	3.76e-88
 4.81848e+13	4.14e-30	6.31e-22	1.30e-14	4.24e-08	5.56e-01	4.44e-01	4.14e-04	0.00e+00	0.00e+00	0.00e+00	0.00e+00	0.00e+00	5.43e-103
 5.00201e+13	5.76e-30	8.22e-22	1.58e-14	4.79e-08	5.77e-01	4.23e-01	3.63e-04	0.00e+00	0.00e+00	0.00e+00	0.00e+00	0.00e+00	1.75e-87
 5.17614e+13	7.78e-30	1.04e-21	1.90e-14	5.35e-08	5.96e-01	4.04e-01	3.21e-04	0.00e+00	0.00e+00	0.00e+00	0.00e+00	0.00e+00	3.50e-102
 5.33681e+13	1.02e-29	1.29e-21	2.22e-14	5.89e-08	6.12e-01	3.88e-01	2.88e-04	0.00e+00	0.00e+00	0.00e+00	0.00e+00	0.00e+00	6.93e-87
 5.51479e+13	1.35e-29	1.62e-21	2.63e-14	6.52e-08	6.29e-01	3.70e-01	2.56e-04	0.00e+00	0.00e+00	0.00e+00	0.00e+00	0.00e+00	1.81e-101
 5.71462e+13	1.84e-29	2.06e-21	3.14e-14	7.26e-08	6.48e-01	3.52e-01	2.25e-04	0.00e+00	0.00e+00	0.00e+00	0.00e+00	0.00e+00	2.95e-86
 5.90390e+13	2.43e-29	2.57e-21	3.70e-14	8.02e-08	6.64e-01	3.36e-01	1.99e-04	0.00e+00	0.00e+00	0.00e+00	0.00e+00	0.00e+00	1.05e-100
 6.11102e+13	3.26e-29	3.24e-21	4.39e-14	8.87e-08	6.81e-01	3.19e-01	1.76e-04	0.00e+00	0.00e+00	0.00e+00	0.00e+00	0.00e+00	1.21e-85
 6.34010e+13	4.45e-29	4.15e-21	5.26e-14	9.87e-08	6.99e-01	3.01e-01	1.53e-04	0.00e+00	0.00e+00	0.00e+00	0.00e+00	0.00e+00	6.58e-100
 6.55260e+13	5.87e-29	5.16e-21	6.18e-14	1.09e-07	7.14e-01	2.86e-01	1.35e-04	0.00e+00	0.00e+00	0.00e+00	0.00e+00	0.00e+00	5.25e-85
 6.78370e+13	7.84e-29	6.48e-21	7.29e-14	1.20e-07	7.29e-01	2.71e-01	1.19e-04	0.00e+00	0.00e+00	0.00e+00	0.00e+00	0.00e+00	3.73e-99
 7.04242e+13	1.07e-28	8.27e-21	8.73e-14	1.33e-07	7.45e-01	2.55e-01	1.03e-04	0.00e+00	0.00e+00	0.00e+00	0.00e+00	0.00e+00	2.38e-84
 7.28677e+13	1.42e-28	1.03e-20	1.02e-13	1.46e-07	7.59e-01	2.41e-01	9.06e-05	0.00e+00	0.00e+00	0.00e+00	0.00e+00	0.00e+00	2.33e-98
 7.55259e+13	1.91e-28	1.30e-20	1.21e-13	1.60e-07	7.73e-01	2.27e-01	7.89e-05	0.00e+00	0.00e+00	0.00e+00	0.00e+00	0.00e+00	1.03e-83
 7.84899e+13	2.62e-28	1.67e-20	1.45e-13	1.78e-07	7.87e-01	2.13e-01	6.80e-05	0.00e+00	0.00e+00	0.00e+00	0.00e+00	0.00e+00	1.55e-97
 8.13080e+13	3.50e-28	2.09e-20	1.70e-13	1.95e-07	8.00e-01	2.00e-01	5.94e-05	0.00e+00	0.00e+00	0.00e+00	0.00e+00	0.00e+00	4.84e-83
 8.43258e+13	4.71e-28	2.63e-20	2.01e-13	2.14e-07	8.12e-01	1.88e-01	5.15e-05	0.00e+00	0.00e+00	0.00e+00	0.00e+00	0.00e+00	9.66e-97
 8.77287e+13	6.49e-28	3.37e-20	2.41e-13	2.37e-07	8.25e-01	1.75e-01	4.41e-05	0.00e+00	0.00e+00	0.00e+00	0.00e+00	0.00e+00	2.37e-82
 9.10968e+13	8.81e-28	4.27e-20	2.85e-13	2.61e-07	8.36e-01	1.64e-01	3.81e-05	0.00e+00	0.00e+00	0.00e+00	0.00e+00	0.00e+00	6.91e-96
 9.45996e+13	1.19e-27	5.41e-20	3.37e-13	2.86e-07	8.47e-01	1.53e-01	3.29e-05	0.00e+00	0.00e+00	0.00e+00	0.00e+00	0.00e+00	1.15e-81
 9.84135e+13	1.64e-27	6.92e-20	4.02e-13	3.15e-07	8.58e-01	1.42e-01	2.81e-05	0.00e+00	0.00e+00	0.00e+00	0.00e+00	0.00e+00	4.94e-95
 1.02380e+14	2.26e-27	8.85e-20	4.78e-13	3.47e-07	8.67e-01	1.32e-01	2.41e-05	0.00e+00	0.00e+00	0.00e+00	0.00e+00	0.00e+00	6.05e-81
 1.06505e+14	3.09e-27	1.13e-19	5.68e-13	3.82e-07	8.77e-01	1.23e-01	2.06e-05	0.00e+00	0.00e+00	0.00e+00	0.00e+00	0.00e+00	3.70e-94
 1.10555e+14	4.17e-27	1.42e-19	6.69e-13	4.17e-07	8.85e-01	1.15e-01	1.77e-05	0.00e+00	0.00e+00	0.00e+00	0.00e+00	0.00e+00	3.03e-80
 1.14325e+14	5.45e-27	1.75e-19	7.73e-13	4.51e-07	8.92e-01	1.08e-01	1.55e-05	0.00e+00	0.00e+00	0.00e+00	0.00e+00	0.00e+00	2.25e-93
 1.18486e+14	7.26e-27	2.18e-19	9.01e-13	4.90e-07	8.99e-01	1.01e-01	1.35e-05	0.00e+00	0.00e+00	0.00e+00	0.00e+00	0.00e+00	1.31e-79
 1.22761e+14	9.62e-27	2.70e-19	1.05e-12	5.32e-07	9.06e-01	9.43e-02	1.17e-05	0.00e+00	0.00e+00	0.00e+00	0.00e+00	0.00e+00	1.38e-92
 1.26344e+14	1.21e-26	3.22e-19	1.19e-12	5.68e-07	9.11e-01	8.92e-02	1.04e-05	0.00e+00	0.00e+00	0.00e+00	0.00e+00	0.00e+00	5.08e-79
 1.30132e+14	1.53e-26	3.86e-19	1.34e-12	6.08e-07	9.16e-01	8.44e-02	9.26e-06	0.00e+00	0.00e+00	0.00e+00	0.00e+00	0.00e+00	6.13e-92
 1.34933e+14	2.04e-26	4.81e-19	1.57e-12	6.60e-07	9.21e-01	7.87e-02	8.02e-06	0.00e+00	0.00e+00	0.00e+00	0.00e+00	0.00e+00	2.05e-78
 1.39940e+14	2.73e-26	6.00e-19	1.83e-12	7.16e-07	9.27e-01	7.34e-02	6.93e-06	0.00e+00	0.00e+00	0.00e+00	0.00e+00	0.00e+00	3.93e-91
 1.44390e+14	3.50e-26	7.26e-19	2.08e-12	7.67e-07	9.31e-01	6.91e-02	6.12e-06	0.00e+00	0.00e+00	0.00e+00	0.00e+00	0.00e+00	8.67e-78
 1.49226e+14	4.55e-26	8.86e-19	2.39e-12	8.25e-07	9.35e-01	6.49e-02	5.37e-06	0.00e+00	0.00e+00	0.00e+00	0.00e+00	0.00e+00	2.04e-90
 1.54616e+14	6.03e-26	1.10e-18	2.77e-12	8.92e-07	9.39e-01	6.05e-02	4.65e-06	0.00e+00	0.00e+00	0.00e+00	0.00e+00	0.00e+00	3.73e-77
 1.59647e+14	7.78e-26	1.33e-18	3.17e-12	9.56e-07	9.43e-01	5.69e-02	4.10e-06	0.00e+00	0.00e+00	0.00e+00	0.00e+00	0.00e+00	1.15e-89
 1.65111e+14	1.02e-25	1.63e-18	3.64e-12	1.03e-06	9.47e-01	5.33e-02	3.58e-06	0.00e+00	0.00e+00	0.00e+00	0.00e+00	0.00e+00	1.53e-76
 1.71206e+14	1.36e-25	2.03e-18	4.23e-12	1.11e-06	9.50e-01	4.97e-02	3.10e-06	0.00e+00	0.00e+00	0.00e+00	0.00e+00	0.00e+00	3.31e-76
 1.76915e+14	1.76e-25	2.48e-18	4.84e-12	1.19e-06	9.53e-01	4.66e-02	2.72e-06	0.00e+00	0.00e+00	0.00e+00	0.00e+00	0.00e+00	6.72e-76
 1.83131e+14	2.32e-25	3.05e-18	5.57e-12	1.28e-06	9.56e-01	4.36e-02	2.37e-06	0.00e+00	0.00e+00	0.00e+00	0.00e+00	0.00e+00	1.42e-75
 1.90074e+14	3.12e-25	3.82e-18	6.49e-12	1.39e-06	9.59e-01	4.05e-02	2.04e-06	0.00e+00	0.00e+00	0.00e+00	0.00e+00	0.00e+00	3.15e-75
 1.96597e+14	4.08e-25	4.68e-18	7.45e-12	1.49e-06	9.62e-01	3.80e-02	1.79e-06	0.00e+00	0.00e+00	0.00e+00	0.00e+00	0.00e+00	6.55e-75
 2.03699e+14	5.41e-25	5.79e-18	8.61e-12	1.60e-06	9.65e-01	3.54e-02	1.55e-06	0.00e+00	0.00e+00	0.00e+00	0.00e+00	0.00e+00	1.41e-74
 2.11648e+14	7.33e-25	7.28e-18	1.01e-11	1.74e-06	9.67e-01	3.29e-02	1.33e-06	0.00e+00	0.00e+00	0.00e+00	0.00e+00	0.00e+00	3.23e-74
 2.19182e+14	9.69e-25	8.99e-18	1.16e-11	1.87e-06	9.69e-01	3.07e-02	1.16e-06	0.00e+00	0.00e+00	0.00e+00	0.00e+00	0.00e+00	6.91e-74
 2.27245e+14	1.29e-24	1.12e-17	1.34e-11	2.01e-06	9.71e-01	2.86e-02	1.01e-06	0.00e+00	0.00e+00	0.00e+00	0.00e+00	0.00e+00	1.52e-73
 2.36365e+14	1.77e-24	1.41e-17	1.57e-11	2.19e-06	9.74e-01	2.65e-02	8.59e-07	0.00e+00	0.00e+00	0.00e+00	0.00e+00	0.00e+00	3.55e-73
 2.45341e+14	2.38e-24	1.77e-17	1.83e-11	2.36e-06	9.75e-01	2.46e-02	0.00e+00	0.00e+00	0.00e+00	0.00e+00	0.00e+00	0.00e+00	8.00e-73
 2.54677e+14	3.20e-24	2.21e-17	2.13e-11	2.55e-06	9.77e-01	2.29e-02	0.00e+00	0.00e+00	0.00e+00	0.00e+00	0.00e+00	0.00e+00	1.80e-72
 2.64894e+14	4.37e-24	2.80e-17	2.49e-11	2.76e-06	9.79e-01	2.11e-02	0.00e+00	0.00e+00	0.00e+00	0.00e+00	0.00e+00	0.00e+00	4.23e-72
 2.75280e+14	5.94e-24	3.52e-17	2.91e-11	2.99e-06	9.80e-01	1.96e-02	0.00e+00	0.00e+00	0.00e+00	0.00e+00	0.00e+00	0.00e+00	9.75e-72
 2.86081e+14	8.06e-24	4.43e-17	3.40e-11	3.23e-06	9.82e-01	1.82e-02	0.00e+00	0.00e+00	0.00e+00	0.00e+00	0.00e+00	0.00e+00	2.25e-71
 2.96893e+14	1.08e-23	5.54e-17	3.95e-11	3.49e-06	9.83e-01	1.69e-02	0.00e+00	0.00e+00	0.00e+00	0.00e+00	1.77e-17	3.76e-17	5.03e-71
 3.07131e+14	1.42e-23	6.78e-17	4.53e-11	3.74e-06	9.84e-01	1.58e-02	0.00e+00	0.00e+00	0.00e+00	0.00e+00	2.25e-17	4.53e-17	1.05e-70
 3.18439e+14	1.89e-23	8.42e-17	5.23e-11	4.03e-06	9.85e-01	1.47e-02	0.00e+00	0.00e+00	0.00e+00	0.00e+00	2.79e-17	5.62e-17	2.30e-70
 3.29765e+14	2.49e-23	1.04e-16	6.03e-11	4.33e-06	9.86e-01	1.37e-02	0.00e+00	0.00e+00	0.00e+00	0.00e+00	3.44e-17	6.93e-17	4.88e-70
 3.39156e+14	3.11e-23	1.23e-16	6.75e-11	4.58e-06	9.87e-01	1.29e-02	0.00e+00	0.00e+00	0.00e+00	0.00e+00	4.07e-17	8.20e-17	8.98e-70
 3.49098e+14	3.91e-23	1.46e-16	7.59e-11	4.86e-06	9.88e-01	1.22e-02	0.00e+00	0.00e+00	0.00e+00	0.00e+00	4.84e-17	9.74e-17	1.67e-69
 3.61827e+14	5.19e-23	1.81e-16	8.77e-11	5.24e-06	9.89e-01	1.14e-02	0.00e+00	0.00e+00	0.00e+00	0.00e+00	5.99e-17	1.21e-16	3.62e-69
 3.75201e+14	6.91e-23	2.24e-16	1.02e-10	5.64e-06	9.89e-01	1.05e-02	0.00e+00	0.00e+00	0.00e+00	0.00e+00	7.45e-17	1.50e-16	7.99e-69
 3.87017e+14	8.83e-23	2.70e-16	1.15e-10	6.01e-06	9.90e-01	9.91e-03	0.00e+00	0.00e+00	0.00e+00	0.00e+00	8.96e-17	1.80e-16	1.55e-68
 3.99785e+14	1.14e-22	3.28e-16	1.31e-10	6.43e-06	9.91e-01	9.28e-03	0.00e+00	0.00e+00	0.00e+00	0.00e+00	1.09e-16	2.19e-16	3.10e-68
 4.15157e+14	1.54e-22	4.10e-16	1.53e-10	6.95e-06	9.91e-01	8.59e-03	0.00e+00	0.00e+00	0.00e+00	0.00e+00	1.36e-16	2.74e-16	6.97e-68
 4.30741e+14	2.06e-22	5.12e-16	1.78e-10	7.51e-06	9.92e-01	7.97e-03	0.00e+00	0.00e+00	0.00e+00	0.00e+00	1.70e-16	3.42e-16	1.54e-67
 4.45343e+14	2.68e-22	6.25e-16	2.04e-10	8.04e-06	9.93e-01	7.45e-03	0.00e+00	0.00e+00	0.00e+00	0.00e+00	2.07e-16	4.18e-16	3.16e-67
 4.61581e+14	3.55e-22	7.74e-16	2.36e-10	8.66e-06	9.93e-01	6.93e-03	0.00e+00	0.00e+00	0.00e+00	0.00e+00	2.57e-16	5.17e-16	6.79e-67
 4.78778e+14	4.74e-22	9.63e-16	2.73e-10	9.34e-06	9.94e-01	6.43e-03	0.00e+00	0.00e+00	0.00e+00	0.00e+00	3.19e-16	6.43e-16	1.49e-66
 4.94055e+14	6.07e-22	1.16e-15	3.11e-10	9.97e-06	9.94e-01	6.03e-03	0.00e+00	0.00e+00	0.00e+00	0.00e+00	3.85e-16	7.76e-16	2.92e-66
 5.10489e+14	7.86e-22	1.41e-15	3.55e-10	1.07e-05	9.94e-01	5.64e-03	0.00e+00	0.00e+00	0.00e+00	0.00e+00	4.69e-16	9.44e-16	5.91e-66
 5.30188e+14	1.06e-21	1.77e-15	4.15e-10	1.16e-05	9.95e-01	5.22e-03	0.00e+00	0.00e+00	0.00e+00	0.00e+00	5.88e-16	1.18e-15	1.32e-65
 5.49574e+14	1.41e-21	2.20e-15	4.80e-10	1.25e-05	9.95e-01	4.85e-03	0.00e+00	0.00e+00	0.00e+00	0.00e+00	7.29e-16	1.47e-15	2.86e-65
 5.66844e+14	1.79e-21	2.64e-15	5.44e-10	1.33e-05	9.95e-01	4.55e-03	0.00e+00	0.00e+00	0.00e+00	0.00e+00	8.76e-16	1.77e-15	5.55e-65
 5.85923e+14	2.33e-21	3.22e-15	6.23e-10	1.42e-05	9.96e-01	4.25e-03	0.00e+00	0.00e+00	0.00e+00	0.00e+00	1.07e-15	2.15e-15	1.13e-64
 6.08655e+14	3.14e-21	4.04e-15	7.28e-10	1.54e-05	9.96e-01	3.93e-03	0.00e+00	0.00e+00	0.00e+00	0.00e+00	1.34e-15	2.70e-15	2.53e-64
 6.31176e+14	4.18e-21	5.02e-15	8.43e-10	1.66e-05	9.96e-01	3.65e-03	0.00e+00	0.00e+00	0.00e+00	0.00e+00	1.66e-15	3.35e-15	5.52e-64
 6.51731e+14	5.37e-21	6.07e-15	9.61e-10	1.78e-05	9.97e-01	3.41e-03	0.00e+00	0.00e+00	0.00e+00	0.00e+00	2.01e-15	4.06e-15	1.09e-63
 6.74692e+14	7.05e-21	7.46e-15	1.11e-09	1.91e-05	9.97e-01	3.18e-03	0.00e+00	0.00e+00	0.00e+00	0.00e+00	2.47e-15	4.99e-15	2.29e-63
 7.01439e+14	9.54e-21	9.39e-15	1.29e-09	2.07e-05	9.97e-01	2.93e-03	0.00e+00	0.00e+00	0.00e+00	0.00e+00	3.11e-15	6.28e-15	5.21e-63
 7.27707e+14	1.28e-20	1.17e-14	1.50e-09	2.23e-05	9.97e-01	2.72e-03	0.00e+00	0.00e+00	0.00e+00	0.00e+00	3.88e-15	7.82e-15	1.15e-62
 7.52530e+14	1.66e-20	1.43e-14	1.72e-09	2.39e-05	9.97e-01	2.54e-03	0.00e+00	0.00e+00	0.00e+00	0.00e+00	4.73e-15	9.54e-15	2.35e-62
 7.80166e+14	2.20e-20	1.77e-14	1.99e-09	2.58e-05	9.98e-01	2.36e-03	0.00e+00	0.00e+00	0.00e+00	0.00e+00	5.85e-15	1.18e-14	5.07e-62
 8.11402e+14	2.99e-20	2.23e-14	2.33e-09	2.80e-05	9.98e-01	2.17e-03	0.00e+00	0.00e+00	0.00e+00	0.00e+00	7.38e-15	1.49e-14	1.17e-61
 8.40995e+14	3.96e-20	2.76e-14	2.69e-09	3.01e-05	9.98e-01	2.02e-03	0.00e+00	0.00e+00	0.00e+00	0.00e+00	9.13e-15	1.84e-14	2.52e-61
 8.67884e+14	5.06e-20	3.32e-14	3.06e-09	3.21e-05	9.98e-01	1.89e-03	0.00e+00	0.00e+00	0.00e+00	0.00e+00	1.10e-14	2.22e-14	4.92e-61
 8.98293e+14	6.62e-20	4.07e-14	3.52e-09	3.45e-05	9.98e-01	1.76e-03	0.00e+00	0.00e+00	0.00e+00	0.00e+00	1.35e-14	2.72e-14	1.03e-60
 9.33805e+14	8.96e-20	5.12e-14	4.11e-09	3.73e-05	9.98e-01	1.63e-03	0.00e+00	0.00e+00	0.00e+00	0.00e+00	1.70e-14	3.43e-14	2.35e-60
 9.67888e+14	1.19e-19	6.34e-14	4.75e-09	4.02e-05	9.98e-01	1.51e-03	0.00e+00	0.00e+00	0.00e+00	0.00e+00	2.10e-14	4.24e-14	5.07e-60
 9.98640e+14	1.52e-19	7.63e-14	5.39e-09	4.29e-05	9.99e-01	1.42e-03	0.00e+00	0.00e+00	0.00e+00	0.00e+00	2.52e-14	5.10e-14	9.88e-60
 1.02760e+15	1.90e-19	9.03e-14	6.04e-09	4.55e-05	9.99e-01	1.34e-03	0.00e+00	0.00e+00	0.00e+00	0.00e+00	2.99e-14	6.04e-14	1.82e-59
 1.05971e+15	2.41e-19	1.08e-13	6.84e-09	4.84e-05	9.99e-01	1.25e-03	0.00e+00	0.00e+00	0.00e+00	0.00e+00	3.58e-14	7.25e-14	3.52e-59
 1.09562e+15	3.13e-19	1.32e-13	7.82e-09	5.18e-05	9.99e-01	1.17e-03	0.00e+00	0.00e+00	0.00e+00	0.00e+00	4.37e-14	8.84e-14	7.18e-59
 1.12953e+15	3.98e-19	1.58e-13	8.84e-09	5.52e-05	9.99e-01	1.10e-03	0.00e+00	0.00e+00	0.00e+00	0.00e+00	5.23e-14	1.06e-13	1.39e-58
 1.16669e+15	5.12e-19	1.92e-13	1.01e-08	5.90e-05	9.99e-01	1.03e-03	0.00e+00	0.00e+00	0.00e+00	0.00e+00	6.33e-14	1.28e-13	2.77e-58
 1.20829e+15	6.76e-19	2.36e-13	1.16e-08	6.33e-05	9.99e-01	9.57e-04	0.00e+00	0.00e+00	0.00e+00	0.00e+00	7.80e-14	1.58e-13	5.92e-58
 1.24752e+15	8.68e-19	2.85e-13	1.32e-08	6.76e-05	9.99e-01	8.97e-04	0.00e+00	0.00e+00	0.00e+00	0.00e+00	9.43e-14	1.91e-13	1.18e-57
 1.29039e+15	1.13e-18	3.49e-13	1.51e-08	7.24e-05	9.99e-01	8.37e-04	0.00e+00	0.00e+00	0.00e+00	0.00e+00	1.15e-13	2.34e-13	2.44e-57
 1.33781e+15	1.50e-18	4.32e-13	1.75e-08	7.80e-05	9.99e-01	7.76e-04	0.00e+00	0.00e+00	0.00e+00	0.00e+00	1.43e-13	2.90e-13	5.30e-57
 1.38159e+15	1.94e-18	5.24e-13	1.99e-08	8.32e-05	9.99e-01	7.27e-04	0.00e+00	0.00e+00	0.00e+00	0.00e+00	1.73e-13	3.51e-13	1.07e-56
 1.42898e+15	2.52e-18	6.40e-13	2.27e-08	8.92e-05	9.99e-01	6.78e-04	0.00e+00	0.00e+00	0.00e+00	0.00e+00	2.11e-13	4.29e-13	2.21e-56
 1.48195e+15	3.36e-18	7.94e-13	2.63e-08	9.60e-05	9.99e-01	6.29e-04	0.00e+00	0.00e+00	0.00e+00	0.00e+00	2.62e-13	5.32e-13	4.85e-56
 1.53174e+15	4.35e-18	9.66e-13	3.01e-08	1.03e-04	9.99e-01	5.88e-04	0.00e+00	0.00e+00	0.00e+00	0.00e+00	3.18e-13	6.47e-13	9.88e-56
 1.58600e+15	5.72e-18	1.19e-12	3.46e-08	1.10e-04	9.99e-01	5.47e-04	0.00e+00	0.00e+00	0.00e+00	0.00e+00	3.91e-13	7.96e-13	2.10e-55
 1.64638e+15	7.65e-18	1.48e-12	4.02e-08	1.19e-04	9.99e-01	5.06e-04	0.00e+00	0.00e+00	0.00e+00	0.00e+00	4.88e-13	9.93e-13	4.65e-55
 1.70281e+15	9.98e-18	1.81e-12	4.60e-08	1.28e-04	9.99e-01	4.72e-04	0.00e+00	0.00e+00	0.00e+00	0.00e+00	5.96e-13	1.21e-12	9.69e-55
 1.76414e+15	1.31e-17	2.23e-12	5.31e-08	1.37e-04	9.99e-01	4.39e-04	0.00e+00	0.00e+00	0.00e+00	0.00e+00	7.34e-13	1.50e-12	2.06e-54
 1.83276e+15	1.77e-17	2.80e-12	6.19e-08	1.48e-04	9.99e-01	4.05e-04	0.00e+00	0.00e+00	0.00e+00	0.00e+00	9.20e-13	1.88e-12	4.71e-54
 1.89783e+15	2.31e-17	3.43e-12	7.13e-08	1.60e-04	9.99e-01	3.76e-04	0.00e+00	0.00e+00	0.00e+00	0.00e+00	1.13e-12	2.30e-12	9.81e-54
 1.96746e+15	3.07e-17	4.25e-12	8.24e-08	1.72e-04	9.99e-01	3.49e-04	0.00e+00	0.00e+00	0.00e+00	0.00e+00	1.40e-12	2.85e-12	2.14e-53
 2.04619e+15	4.15e-17	5.35e-12	9.65e-08	1.87e-04	9.99e-01	3.22e-04	0.00e+00	0.00e+00	0.00e+00	0.00e+00	1.76e-12	3.59e-12	4.94e-53
 2.12373e+15	5.52e-17	6.66e-12	1.12e-07	2.02e-04	1.00e+00	2.97e-04	0.00e+00	4.54e-18	1.36e-17	2.28e-17	2.19e-12	4.47e-12	1.09e-52
 2.20437e+15	7.35e-17	8.29e-12	1.31e-07	2.18e-04	1.00e+00	2.75e-04	0.00e+00	6.05e-18	1.82e-17	3.04e-17	2.72e-12	5.57e-12	2.40e-52
 2.29257e+15	9.90e-17	1.04e-11	1.53e-07	2.37e-04	1.00e+00	2.52e-04	0.00e+00	8.16e-18	2.45e-17	4.09e-17	3.42e-12	7.00e-12	5.47e-52
 2.37958e+15	1.32e-16	1.30e-11	1.78e-07	2.57e-04	1.00e+00	2.33e-04	0.00e+00	1.09e-17	3.26e-17	5.45e-17	4.25e-12	8.72e-12	1.21e-51
 2.45188e+15	1.65e-16	1.54e-11	2.01e-07	2.74e-04	1.00e+00	2.19e-04	0.00e+00	1.36e-17	4.08e-17	6.82e-17	5.06e-12	1.04e-11	2.25e-51
 2.51032e+15	1.97e-16	1.77e-11	2.22e-07	2.88e-04	1.00e+00	2.08e-04	0.00e+00	1.62e-17	4.88e-17	8.15e-17	5.80e-12	1.19e-11	3.69e-51
 2.57515e+15	2.38e-16	2.05e-11	2.46e-07	3.04e-04	9.99e-01	1.97e-04	0.00e+00	1.97e-17	5.91e-17	9.87e-17	6.73e-12	1.38e-11	6.28e-51
 2.65942e+15	3.03e-16	2.47e-11	2.81e-07	3.26e-04	9.99e-01	1.83e-04	0.00e+00	2.50e-17	7.51e-17	1.26e-16	8.10e-12	1.66e-11	1.23e-50
 2.74975e+15	3.88e-16	3.00e-11	3.22e-07	3.51e-04	9.99e-01	1.70e-04	0.00e+00	3.21e-17	9.63e-17	1.61e-16	9.82e-12	2.02e-11	2.45e-50
 2.82987e+15	4.79e-16	3.54e-11	3.62e-07	3.74e-04	9.99e-01	1.60e-04	0.00e+00	3.96e-17	1.19e-16	1.99e-16	1.16e-11	2.38e-11	4.42e-50
 2.91595e+15	5.97e-16	4.20e-11	4.09e-07	3.99e-04	9.99e-01	1.50e-04	0.00e+00	4.94e-17	1.48e-16	2.48e-16	1.37e-11	2.83e-11	8.22e-50
 3.02391e+15	7.78e-16	5.17e-11	4.75e-07	4.33e-04	9.99e-01	1.38e-04	0.00e+00	6.44e-17	1.93e-16	3.23e-16	1.69e-11	3.48e-11	1.73e-49
 3.13340e+15	1.01e-15	6.33e-11	5.49e-07	4.68e-04	9.99e-01	1.27e-04	0.00e+00	8.33e-17	2.50e-16	4.18e-16	2.07e-11	4.26e-11	3.58e-49
 3.22813e+15	1.24e-15	7.49e-11	6.20e-07	5.00e-04	9.99e-01	1.19e-04	0.00e+00	1.03e-16	3.10e-16	5.18e-16	2.45e-11	5.04e-11	6.57e-49
 3.33058e+15	1.55e-15	8.92e-11	7.05e-07	5.37e-04	9.99e-01	1.11e-04	0.00e+00	1.29e-16	3.87e-16	6.46e-16	2.92e-11	6.01e-11	1.23e-48
 3.45627e+15	1.98e-15	1.10e-10	8.20e-07	5.83e-04	9.99e-01	1.02e-04	0.00e+00	1.64e-16	4.93e-16	8.23e-16	3.60e-11	7.40e-11	2.58e-48
 3.58322e+15	2.53e-15	1.35e-10	9.51e-07	6.33e-04	9.99e-01	9.42e-05	0.00e+00	2.11e-16	6.33e-16	1.06e-15	4.40e-11	9.05e-11	5.34e-48
 3.69584e+15	3.12e-15	1.60e-10	1.08e-06	6.79e-04	9.99e-01	8.78e-05	0.00e+00	2.60e-16	7.80e-16	1.30e-15	5.22e-11	1.07e-10	9.90e-48
 3.81880e+15	3.91e-15	1.91e-10	1.23e-06	7.31e-04	9.99e-01	8.15e-05	0.00e+00	3.25e-16	9.77e-16	1.63e-15	6.26e-11	1.29e-10	1.92e-47
 3.96607e+15	5.04e-15	2.36e-10	1.44e-06	7.97e-04	9.99e-01	7.47e-05	0.00e+00	4.20e-16	1.26e-15	2.11e-15	7.71e-11	1.59e-10	4.10e-47
 4.11194e+15	6.39e-15	2.88e-10	1.67e-06	8.66e-04	9.99e-01	6.88e-05	0.00e+00	5.34e-16	1.60e-15	2.68e-15	9.41e-11	1.94e-10	8.45e-47
 4.24337e+15	7.85e-15	3.42e-10	1.90e-06	9.30e-04	9.99e-01	6.40e-05	0.00e+00	6.56e-16	1.97e-15	3.29e-15	1.12e-10	2.30e-10	1.59e-46
 4.38910e+15	9.78e-15	4.11e-10	2.18e-06	1.01e-03	9.99e-01	5.92e-05	0.00e+00	8.18e-16	2.46e-15	4.10e-15	1.34e-10	2.76e-10	3.12e-46
 4.56091e+15	1.25e-14	5.06e-10	2.55e-06	1.10e-03	9.99e-01	5.41e-05	0.00e+00	1.05e-15	3.15e-15	5.26e-15	1.65e-10	3.41e-10	6.73e-46
 4.73053e+15	1.57e-14	6.17e-10	2.95e-06	1.19e-03	9.99e-01	4.98e-05	0.00e+00	1.32e-15	3.96e-15	6.62e-15	2.02e-10	4.15e-10	1.40e-45
 4.88790e+15	1.94e-14	7.37e-10	3.37e-06	1.29e-03	9.99e-01	4.62e-05	0.00e+00	1.63e-15	4.89e-15	8.16e-15	2.41e-10	4.96e-10	2.71e-45
 5.06441e+15	2.41e-14	8.91e-10	3.89e-06	1.40e-03	9.99e-01	4.25e-05	0.00e+00	2.02e-15	6.07e-15	1.01e-14	2.91e-10	5.99e-10	5.50e-45
 5.26702e+15	3.05e-14	1.10e-09	4.56e-06	1.53e-03	9.98e-01	3.88e-05	0.00e+00	2.57e-15	7.72e-15	1.29e-14	3.60e-10	7.40e-10	1.21e-44
 5.46620e+15	3.81e-14	1.34e-09	5.30e-06	1.67e-03	9.98e-01	3.56e-05	0.00e+00	3.21e-15	9.64e-15	1.61e-14	4.39e-10	9.02e-10	2.57e-44
 5.67334e+15	4.75e-14	1.64e-09	6.15e-06	1.82e-03	9.98e-01	3.27e-05	0.00e+00	4.01e-15	1.20e-14	2.01e-14	5.36e-10	1.10e-09	5.44e-44
 5.86212e+15	5.72e-14	1.95e-09	7.02e-06	1.96e-03	9.98e-01	3.03e-05	0.00e+00	4.84e-15	1.45e-14	2.43e-14	6.38e-10	1.31e-09	1.03e-43
 6.00283e+15	6.57e-14	2.21e-09	7.72e-06	2.07e-03	9.98e-01	2.87e-05	0.00e+00	5.56e-15	1.67e-14	2.79e-14	7.23e-10	1.48e-09	1.66e-43
 6.14815e+15	7.54e-14	2.51e-09	8.49e-06	2.19e-03	9.98e-01	2.71e-05	0.00e+00	6.39e-15	1.92e-14	3.20e-14	8.22e-10	1.69e-09	2.70e-43
 6.33707e+15	8.95e-14	2.95e-09	9.60e-06	2.35e-03	9.98e-01	2.53e-05	0.00e+00	7.60e-15	2.28e-14	3.81e-14	9.66e-10	1.98e-09	4.98e-43
 6.54147e+15	1.07e-13	3.49e-09	1.09e-05	2.52e-03	9.97e-01	2.35e-05	0.00e+00	9.07e-15	2.72e-14	4.55e-14	1.14e-09	2.35e-09	9.62e-43
 6.72586e+15	1.25e-13	4.04e-09	1.22e-05	2.69e-03	9.97e-01	2.21e-05	0.00e+00	1.06e-14	3.19e-14	5.32e-14	1.32e-09	2.71e-09	1.70e-42
 6.92544e+15	1.47e-13	4.72e-09	1.37e-05	2.88e-03	9.97e-01	2.06e-05	0.00e+00	1.25e-14	3.75e-14	6.27e-14	1.55e-09	3.17e-09	3.13e-42
 7.17902e+15	1.79e-13	5.73e-09	1.58e-05	3.13e-03	9.97e-01	1.90e-05	0.00e+00	1.52e-14	4.58e-14	7.64e-14	1.88e-09	3.85e-09	6.66e-42
 7.43433e+15	2.15e-13	6.89e-09	1.82e-05	3.39e-03	9.97e-01	1.76e-05	0.00e+00	1.83e-14	5.50e-14	9.19e-14	2.26e-09	4.63e-09	1.38e-41
 7.64842e+15	2.51e-13	8.00e-09	2.03e-05	3.62e-03	9.96e-01	1.65e-05	0.00e+00	2.14e-14	6.43e-14	1.07e-13	2.63e-09	5.37e-09	2.48e-41
 7.87741e+15	2.94e-13	9.36e-09	2.29e-05	3.88e-03	9.96e-01	1.54e-05	0.00e+00	2.51e-14	7.55e-14	1.26e-13	3.08e-09	6.29e-09	4.59e-41
 8.16700e+15	3.55e-13	1.14e-08	2.64e-05	4.21e-03	9.96e-01	1.42e-05	0.00e+00	3.04e-14	9.13e-14	1.52e-13	3.74e-09	7.63e-09	9.81e-41
 8.47049e+15	4.27e-13	1.38e-08	3.06e-05	4.58e-03	9.95e-01	1.31e-05	0.00e+00	3.67e-14	1.10e-13	1.84e-13	4.54e-09	9.27e-09	2.07e-40
 8.74246e+15	5.06e-13	1.63e-08	3.47e-05	4.93e-03	9.95e-01	1.22e-05	0.00e+00	4.35e-14	1.30e-13	2.18e-13	5.36e-09	1.09e-08	3.93e-40
 9.03830e+15	6.05e-13	1.95e-08	3.96e-05	5.32e-03	9.95e-01	1.14e-05	0.00e+00	5.21e-14	1.56e-13	2.61e-13	6.41e-09	1.31e-08	7.88e-40
 9.38964e+15	7.42e-13	2.39e-08	4.61e-05	5.81e-03	9.94e-01	1.05e-05	0.00e+00	6.39e-14	1.92e-13	3.20e-13	7.88e-09	1.61e-08	1.75e-39
 9.73350e+15	8.94e-13	2.90e-08	5.32e-05	6.31e-03	9.94e-01	9.74e-06	0.00e+00	7.72e-14	2.32e-13	3.87e-13	9.55e-09	1.95e-08	3.57e-39
 1.00438e+16	1.06e-12	3.42e-08	6.03e-05	6.78e-03	9.93e-01	9.12e-06	0.00e+00	9.15e-14	2.75e-13	4.58e-13	1.13e-08	2.30e-08	6.79e-39
 1.03900e+16	1.27e-12	4.11e-08	6.90e-05	7.33e-03	9.93e-01	8.50e-06	0.00e+00	1.10e-13	3.31e-13	5.52e-13	1.35e-08	2.76e-08	1.37e-38
 1.07974e+16	1.56e-12	5.07e-08	8.06e-05	8.02e-03	9.92e-01	7.87e-06	0.00e+00	1.35e-13	4.07e-13	6.79e-13	1.67e-08	3.40e-08	3.02e-38
 1.11980e+16	1.90e-12	6.17e-08	9.32e-05	8.72e-03	9.91e-01	7.32e-06	0.00e+00	1.65e-13	4.96e-13	8.28e-13	2.03e-08	4.14e-08	6.31e-38
 1.15696e+16	2.28e-12	7.36e-08	1.06e-04	9.40e-03	9.90e-01	6.87e-06	0.00e+00	1.98e-13	5.95e-13	9.92e-13	2.43e-08	4.93e-08	1.23e-37
 1.19873e+16	2.79e-12	8.95e-08	1.22e-04	1.02e-02	9.90e-01	6.42e-06	0.00e+00	2.43e-13	7.30e-13	1.22e-12	2.95e-08	5.99e-08	2.54e-37
 1.23896e+16	3.35e-12	1.07e-07	1.40e-04	1.10e-02	9.89e-01	6.04e-06	0.00e+00	2.92e-13	8.75e-13	1.46e-12	3.53e-08	7.17e-08	4.89e-37
 1.26868e+16	3.80e-12	1.22e-07	1.54e-04	1.16e-02	9.88e-01	5.81e-06	0.00e+00	3.32e-13	9.95e-13	1.66e-12	4.02e-08	8.16e-08	7.80e-37
 1.29859e+16	4.34e-12	1.38e-07	1.69e-04	1.23e-02	9.88e-01	5.57e-06	0.00e+00	3.79e-13	1.14e-12	1.90e-12	4.57e-08	9.27e-08	1.26e-36
 1.33746e+16	5.20e-12	1.64e-07	1.90e-04	1.32e-02	9.87e-01	5.29e-06	0.00e+00	4.54e-13	1.36e-12	2.27e-12	5.40e-08	1.10e-07	2.29e-36
 1.37939e+16	6.18e-12	1.94e-07	2.16e-04	1.42e-02	9.86e-01	5.02e-06	0.00e+00	5.41e-13	1.62e-12	2.71e-12	6.41e-08	1.30e-07	4.23e-36
 1.41684e+16	7.21e-12	2.25e-07	2.40e-04	1.51e-02	9.85e-01	4.80e-06	0.00e+00	6.31e-13	1.89e-12	3.16e-12	7.43e-08	1.50e-07	7.12e-36
 1.45707e+16	8.53e-12	2.63e-07	2.70e-04	1.61e-02	9.84e-01	4.59e-06	0.00e+00	7.47e-13	2.24e-12	3.74e-12	8.70e-08	1.76e-07	1.26e-35
 1.50937e+16	1.06e-11	3.22e-07	3.12e-04	1.75e-02	9.82e-01	4.35e-06	0.00e+00	9.30e-13	2.79e-12	4.66e-12	1.07e-07	2.16e-07	2.55e-35
 1.56205e+16	1.29e-11	3.90e-07	3.59e-04	1.90e-02	9.81e-01	4.14e-06	0.00e+00	1.13e-12	3.40e-12	5.67e-12	1.29e-07	2.61e-07	4.89e-35
 1.60442e+16	1.51e-11	4.52e-07	4.01e-04	2.02e-02	9.79e-01	3.99e-06	0.00e+00	1.33e-12	3.98e-12	6.63e-12	1.50e-07	3.02e-07	8.13e-35
 1.64870e+16	1.79e-11	5.29e-07	4.49e-04	2.16e-02	9.78e-01	3.85e-06	0.00e+00	1.58e-12	4.73e-12	7.89e-12	1.75e-07	3.54e-07	1.39e-34
 1.70626e+16	2.22e-11	6.45e-07	5.20e-04	2.34e-02	9.76e-01	3.67e-06	0.00e+00	1.96e-12	5.87e-12	9.79e-12	2.14e-07	4.32e-07	2.74e-34
 1.76618e+16	2.74e-11	7.86e-07	6.01e-04	2.55e-02	9.74e-01	3.52e-06	0.00e+00	2.42e-12	7.25e-12	1.21e-11	2.60e-07	5.26e-07	5.22e-34
 1.81675e+16	3.25e-11	9.22e-07	6.77e-04	2.73e-02	9.72e-01	3.40e-06	0.00e+00	2.87e-12	8.62e-12	1.44e-11	3.05e-07	6.17e-07	8.81e-34
 1.87010e+16	3.92e-11	1.10e-06	7.68e-04	2.94e-02	9.70e-01	3.29e-06	0.00e+00	3.47e-12	1.04e-11	1.74e-11	3.63e-07	7.32e-07	1.55e-33
 1.93825e+16	4.95e-11	1.36e-06	8.99e-04	3.21e-02	9.67e-01	3.15e-06	0.00e+00	4.39e-12	1.32e-11	2.20e-11	4.49e-07	9.06e-07	3.12e-33
 2.00571e+16	6.14e-11	1.65e-06	1.04e-03	3.50e-02	9.64e-01	3.04e-06	0.00e+00	5.45e-12	1.63e-11	2.73e-11	5.47e-07	1.10e-06	5.72e-33
 2.05956e+16	7.29e-11	1.93e-06	1.17e-03	3.75e-02	9.61e-01	2.98e-06	0.00e+00	6.47e-12	1.94e-11	3.24e-11	6.40e-07	1.29e-06	9.29e-33
 2.11566e+16	8.81e-11	2.28e-06	1.33e-03	4.02e-02	9.58e-01	2.91e-06	0.00e+00	7.83e-12	2.35e-11	3.92e-11	7.56e-07	1.52e-06	1.57e-32
 2.18858e+16	1.12e-10	2.82e-06	1.56e-03	4.41e-02	9.54e-01	2.81e-06	0.00e+00	9.96e-12	2.99e-11	4.98e-11	9.36e-07	1.89e-06	3.05e-32
 2.26163e+16	1.39e-10	3.43e-06	1.81e-03	4.81e-02	9.50e-01	2.73e-06	0.00e+00	1.24e-11	3.71e-11	6.20e-11	1.14e-06	2.30e-06	5.42e-32
 2.31632e+16	1.64e-10	3.97e-06	2.03e-03	5.13e-02	9.47e-01	2.68e-06	0.00e+00	1.46e-11	4.39e-11	7.32e-11	1.32e-06	2.66e-06	8.21e-32
 2.36889e+16	1.94e-10	4.61e-06	2.27e-03	5.47e-02	9.43e-01	2.64e-06	0.00e+00	1.73e-11	5.19e-11	8.65e-11	1.53e-06	3.08e-06	1.28e-31
 2.42766e+16	2.31e-10	5.39e-06	2.57e-03	5.86e-02	9.39e-01	2.58e-06	0.00e+00	2.06e-11	6.19e-11	1.03e-10	1.79e-06	3.60e-06	2.03e-31
 2.48400e+16	2.75e-10	6.27e-06	2.89e-03	6.27e-02	9.34e-01	2.55e-06	0.00e+00	2.46e-11	7.39e-11	1.23e-10	2.08e-06	4.19e-06	3.12e-31
 2.54677e+16	3.35e-10	7.46e-06	3.30e-03	6.75e-02	9.29e-01	2.50e-06	0.00e+00	3.00e-11	9.01e-11	1.50e-10	2.48e-06	4.99e-06	5.17e-31
 2.61274e+16	4.11e-10	8.88e-06	3.78e-03	7.30e-02	9.23e-01	2.47e-06	0.00e+00	3.68e-11	1.11e-10	1.84e-10	2.95e-06	5.93e-06	8.39e-31
 2.67050e+16	4.90e-10	1.04e-05	4.27e-03	7.82e-02	9.18e-01	2.44e-06	0.00e+00	4.40e-11	1.32e-10	2.20e-10	3.44e-06	6.91e-06	1.27e-30
 2.73324e+16	6.00e-10	1.23e-05	4.89e-03	8.43e-02	9.11e-01	2.40e-06	0.00e+00	5.39e-11	1.62e-10	2.70e-10	4.09e-06	8.23e-06	2.07e-30
 2.80098e+16	7.46e-10	1.48e-05	5.66e-03	9.15e-02	9.03e-01	2.37e-06	0.00e+00	6.70e-11	2.01e-10	3.35e-10	4.92e-06	9.89e-06	3.42e-30
 2.85861e+16	8.96e-10	1.73e-05	6.41e-03	9.80e-02	8.96e-01	2.35e-06	0.00e+00	8.06e-11	2.42e-10	4.03e-10	5.74e-06	1.15e-05	5.10e-30
