#depth	N	N+	N+2	N+3	N+4	N+5	N+6	N+7
 1.49634e+10	0.00e+00	0.00e+00	1.49e-30	3.32e-20	8.50e-11	6.87e-01	3.13e-01	6.30e-05
 4.54887e+10	0.00e+00	2.21e-41	1.94e-30	3.98e-20	9.42e-11	7.03e-01	2.97e-01	5.52e-05
 7.72350e+10	0.00e+00	0.00e+00	2.51e-30	4.77e-20	1.04e-10	7.20e-01	2.80e-01	4.82e-05
 1.10251e+11	0.00e+00	4.34e-41	3.25e-30	5.71e-20	1.15e-10	7.36e-01	2.64e-01	4.20e-05
 1.41036e+11	0.00e+00	0.00e+00	4.09e-30	6.69e-20	1.26e-10	7.49e-01	2.51e-01	3.71e-05
 1.68133e+11	0.00e+00	7.58e-41	4.97e-30	7.67e-20	1.36e-10	7.61e-01	2.39e-01	3.33e-05
 1.98364e+11	0.00e+00	0.00e+00	6.14e-30	8.87e-20	1.47e-10	7.73e-01	2.27e-01	2.97e-05
 2.34724e+11	0.00e+00	1.38e-40	7.84e-30	1.05e-19	1.62e-10	7.86e-01	2.14e-01	2.59e-05
 2.71215e+11	0.00e+00	0.00e+00	9.91e-30	1.23e-19	1.77e-10	7.98e-01	2.02e-01	2.27e-05
 3.04608e+11	0.00e+00	2.46e-40	1.22e-29	1.42e-19	1.91e-10	8.09e-01	1.91e-01	2.02e-05
 3.41808e+11	0.00e+00	0.00e+00	1.52e-29	1.66e-19	2.07e-10	8.20e-01	1.80e-01	1.77e-05
 3.85054e+11	0.00e+00	4.56e-40	1.95e-29	1.97e-19	2.28e-10	8.31e-01	1.69e-01	1.54e-05
 4.27378e+11	0.00e+00	0.00e+00	2.47e-29	2.31e-19	2.48e-10	8.41e-01	1.59e-01	1.34e-05
 4.67248e+11	0.00e+00	8.20e-40	3.05e-29	2.67e-19	2.68e-10	8.50e-01	1.50e-01	1.18e-05
 5.11718e+11	0.00e+00	0.00e+00	3.83e-29	3.12e-19	2.91e-10	8.60e-01	1.40e-01	1.03e-05
 5.62114e+11	0.00e+00	1.53e-39	4.91e-29	3.69e-19	3.19e-10	8.69e-01	1.31e-01	8.88e-06
 6.12422e+11	0.00e+00	0.00e+00	6.22e-29	4.34e-19	3.47e-10	8.78e-01	1.22e-01	7.69e-06
 6.64743e+11	0.00e+00	2.87e-39	7.89e-29	5.10e-19	3.78e-10	8.86e-01	1.14e-01	6.65e-06
 7.21260e+11	0.00e+00	0.00e+00	1.01e-28	6.02e-19	4.13e-10	8.94e-01	1.06e-01	5.71e-06
 7.80037e+11	0.00e+00	5.50e-39	1.29e-28	7.11e-19	4.51e-10	9.01e-01	9.85e-02	4.91e-06
 8.41165e+11	0.00e+00	0.00e+00	1.65e-28	8.40e-19	4.92e-10	9.09e-01	9.15e-02	4.21e-06
 9.04739e+11	0.00e+00	1.05e-38	2.11e-28	9.92e-19	5.36e-10	9.15e-01	8.49e-02	3.61e-06
 9.70855e+11	0.00e+00	0.00e+00	2.69e-28	1.17e-18	5.84e-10	9.21e-01	7.87e-02	3.09e-06
 1.03962e+12	0.00e+00	2.01e-38	3.44e-28	1.38e-18	6.37e-10	9.27e-01	7.30e-02	2.64e-06
 1.11113e+12	0.00e+00	0.00e+00	4.39e-28	1.63e-18	6.93e-10	9.32e-01	6.76e-02	2.26e-06
 1.18550e+12	0.00e+00	3.83e-38	5.60e-28	1.92e-18	7.55e-10	9.37e-01	6.26e-02	1.93e-06
 1.26285e+12	0.00e+00	0.00e+00	7.14e-28	2.26e-18	8.22e-10	9.42e-01	5.79e-02	1.65e-06
 1.34329e+12	0.00e+00	7.31e-38	9.11e-28	2.66e-18	8.94e-10	9.46e-01	5.36e-02	1.41e-06
 1.42694e+12	0.00e+00	0.00e+00	1.16e-27	3.14e-18	9.73e-10	9.51e-01	4.93e-02	1.20e-06
 1.50794e+12	0.00e+00	1.37e-37	1.46e-27	3.65e-18	1.05e-09	9.54e-01	4.58e-02	1.03e-06
 1.58205e+12	0.00e+00	0.00e+00	1.78e-27	4.18e-18	1.13e-09	9.57e-01	4.29e-02	9.04e-07
 1.66430e+12	0.00e+00	2.37e-37	2.21e-27	4.83e-18	1.21e-09	9.60e-01	4.00e-02	0.00e+00
 1.75997e+12	0.00e+00	0.00e+00	2.82e-27	5.69e-18	1.32e-09	9.63e-01	3.69e-02	0.00e+00
 1.85471e+12	0.00e+00	4.44e-37	3.55e-27	6.64e-18	1.43e-09	9.66e-01	3.42e-02	0.00e+00
 1.94579e+12	0.00e+00	0.00e+00	4.39e-27	7.66e-18	1.53e-09	9.68e-01	3.19e-02	0.00e+00
 2.04609e+12	0.00e+00	7.97e-37	5.51e-27	8.93e-18	1.66e-09	9.70e-01	2.96e-02	0.00e+00
 2.15786e+12	0.00e+00	0.00e+00	7.04e-27	1.05e-17	1.80e-09	9.73e-01	2.73e-02	0.00e+00
 2.27148e+12	0.00e+00	1.51e-36	8.94e-27	1.23e-17	1.96e-09	9.75e-01	2.52e-02	0.00e+00
 2.38964e+12	4.39e-47	2.08e-36	1.14e-26	1.45e-17	2.12e-09	9.77e-01	2.32e-02	0.00e+00
 2.51515e+12	0.00e+00	0.00e+00	1.45e-26	1.71e-17	2.31e-09	9.79e-01	2.14e-02	0.00e+00
 2.64568e+12	0.00e+00	3.99e-36	1.86e-26	2.01e-17	2.51e-09	9.80e-01	1.97e-02	0.00e+00
 2.78144e+12	1.49e-46	5.54e-36	2.37e-26	2.37e-17	2.73e-09	9.82e-01	1.82e-02	0.00e+00
 2.92262e+12	0.00e+00	0.00e+00	3.04e-26	2.80e-17	2.96e-09	9.83e-01	1.67e-02	0.00e+00
 3.06945e+12	0.00e+00	1.07e-35	3.89e-26	3.30e-17	3.22e-09	9.85e-01	1.54e-02	0.00e+00
 3.22216e+12	5.07e-46	1.48e-35	4.98e-26	3.90e-17	3.50e-09	9.86e-01	1.42e-02	0.00e+00
 3.36546e+12	0.00e+00	0.00e+00	6.23e-26	4.53e-17	3.78e-09	9.87e-01	1.31e-02	0.00e+00
 3.49315e+12	0.00e+00	2.58e-35	7.56e-26	5.16e-17	4.04e-09	9.88e-01	1.23e-02	0.00e+00
 3.63631e+12	1.44e-45	3.41e-35	9.34e-26	5.94e-17	4.33e-09	9.89e-01	1.14e-02	0.00e+00
 3.80653e+12	0.00e+00	0.00e+00	1.19e-25	6.99e-17	4.71e-09	9.89e-01	1.05e-02	0.00e+00
 3.97788e+12	0.00e+00	6.43e-35	1.51e-25	8.19e-17	5.10e-09	9.90e-01	9.74e-03	0.00e+00
 4.13805e+12	4.50e-45	8.52e-35	1.86e-25	9.44e-17	5.48e-09	9.91e-01	9.06e-03	0.00e+00
 4.31546e+12	0.00e+00	0.00e+00	2.34e-25	1.10e-16	5.92e-09	9.92e-01	8.38e-03	0.00e+00
 4.51801e+12	0.00e+00	1.61e-34	3.02e-25	1.30e-16	6.45e-09	9.92e-01	7.70e-03	0.00e+00
 4.71928e+12	1.49e-44	2.22e-34	3.84e-25	1.53e-16	7.00e-09	9.93e-01	7.09e-03	0.00e+00
 4.92861e+12	0.00e+00	3.06e-34	4.90e-25	1.81e-16	7.60e-09	9.93e-01	6.53e-03	0.00e+00
 5.15568e+12	3.38e-44	4.29e-34	6.32e-25	2.14e-16	8.29e-09	9.94e-01	5.99e-03	0.00e+00
 5.38680e+12	0.00e+00	5.97e-34	8.11e-25	2.54e-16	9.03e-09	9.95e-01	5.50e-03	0.00e+00
 5.60207e+12	7.39e-44	8.03e-34	1.02e-24	2.95e-16	9.75e-09	9.95e-01	5.09e-03	0.00e+00
 5.80081e+12	0.00e+00	1.05e-33	1.24e-24	3.38e-16	1.04e-08	9.95e-01	4.76e-03	0.00e+00
 6.02814e+12	1.49e-43	1.41e-33	1.56e-24	3.93e-16	1.13e-08	9.96e-01	4.40e-03	0.00e+00
 6.29472e+12	0.00e+00	1.97e-33	2.01e-24	4.66e-16	1.23e-08	9.96e-01	4.04e-03	0.00e+00
 6.55881e+12	3.38e-43	2.72e-33	2.56e-24	5.50e-16	1.34e-08	9.96e-01	3.71e-03	0.00e+00
 6.80619e+12	0.00e+00	3.64e-33	3.19e-24	6.38e-16	1.44e-08	9.97e-01	3.44e-03	0.00e+00
 7.08109e+12	7.16e-43	4.97e-33	4.05e-24	7.49e-16	1.56e-08	9.97e-01	3.17e-03	0.00e+00
 7.39426e+12	0.00e+00	7.02e-33	5.26e-24	8.94e-16	1.71e-08	9.97e-01	2.90e-03	0.00e+00
 7.70294e+12	1.65e-42	9.73e-33	6.75e-24	1.06e-15	1.87e-08	9.97e-01	2.66e-03	0.00e+00
 8.02396e+12	0.00e+00	1.35e-32	8.66e-24	1.25e-15	2.04e-08	9.98e-01	2.44e-03	0.00e+00
 8.37485e+12	3.81e-42	1.91e-32	1.13e-23	1.50e-15	2.23e-08	9.98e-01	2.23e-03	0.00e+00
 8.72795e+12	0.00e+00	2.67e-32	1.46e-23	1.79e-15	2.44e-08	9.98e-01	2.04e-03	0.00e+00
 9.09517e+12	8.77e-42	3.74e-32	1.89e-23	2.13e-15	2.67e-08	9.98e-01	1.86e-03	0.00e+00
 9.48891e+12	0.00e+00	5.29e-32	2.46e-23	2.55e-15	2.93e-08	9.98e-01	1.70e-03	0.00e+00
 9.88033e+12	2.03e-41	7.38e-32	3.17e-23	3.04e-15	3.21e-08	9.98e-01	1.55e-03	0.00e+00
 1.02874e+13	0.00e+00	1.03e-31	4.10e-23	3.62e-15	3.51e-08	9.99e-01	1.42e-03	0.00e+00
 1.07288e+13	4.72e-41	1.46e-31	5.36e-23	4.36e-15	3.86e-08	9.99e-01	1.29e-03	0.00e+00
 1.11879e+13	0.00e+00	2.06e-31	7.00e-23	5.24e-15	4.25e-08	9.99e-01	1.17e-03	0.00e+00
 1.16654e+13	1.11e-40	2.92e-31	9.15e-23	6.31e-15	4.68e-08	9.99e-01	1.06e-03	0.00e+00
 1.21619e+13	0.00e+00	4.12e-31	1.20e-22	7.60e-15	5.16e-08	9.99e-01	9.67e-04	0.00e+00
 1.26103e+13	2.46e-40	5.57e-31	1.51e-22	8.93e-15	5.61e-08	9.99e-01	8.89e-04	0.00e+00
 1.29826e+13	0.00e+00	7.08e-31	1.82e-22	1.02e-14	6.01e-08	9.99e-01	8.30e-04	0.00e+00
 1.33900e+13	4.52e-40	9.15e-31	2.22e-22	1.17e-14	6.47e-08	9.99e-01	7.72e-04	0.00e+00
 1.39076e+13	0.00e+00	1.25e-30	2.84e-22	1.39e-14	7.08e-08	9.99e-01	7.06e-04	0.00e+00
 1.44484e+13	9.74e-40	1.71e-30	3.63e-22	1.65e-14	7.76e-08	9.99e-01	6.44e-04	0.00e+00
 1.49260e+13	0.00e+00	2.24e-30	4.48e-22	1.92e-14	8.39e-08	9.99e-01	5.96e-04	0.00e+00
 1.53685e+13	1.81e-39	2.84e-30	5.40e-22	2.19e-14	9.00e-08	9.99e-01	5.56e-04	0.00e+00
 1.58706e+13	0.00e+00	3.69e-30	6.64e-22	2.53e-14	9.73e-08	9.99e-01	5.15e-04	0.00e+00
 1.64924e+13	3.62e-39	5.04e-30	8.49e-22	3.02e-14	1.07e-07	1.00e+00	4.69e-04	0.00e+00
 1.71131e+13	0.00e+00	6.78e-30	1.07e-21	3.57e-14	1.17e-07	1.00e+00	4.29e-04	0.00e+00
 1.76459e+13	6.99e-39	8.67e-30	1.30e-21	4.10e-14	1.26e-07	1.00e+00	3.98e-04	0.00e+00
 1.82214e+13	0.00e+00	1.12e-29	1.60e-21	4.75e-14	1.36e-07	1.00e+00	3.69e-04	0.00e+00
 1.89325e+13	1.37e-38	1.52e-29	2.03e-21	5.64e-14	1.50e-07	1.00e+00	3.36e-04	0.00e+00
 1.96630e+13	0.00e+00	2.04e-29	2.58e-21	6.70e-14	1.64e-07	1.00e+00	3.06e-04	0.00e+00
 2.03247e+13	2.68e-38	2.64e-29	3.17e-21	7.78e-14	1.78e-07	1.00e+00	2.83e-04	0.00e+00
 2.10542e+13	0.00e+00	3.47e-29	3.94e-21	9.11e-14	1.94e-07	1.00e+00	2.60e-04	0.00e+00
 2.19109e+13	5.38e-38	4.72e-29	5.03e-21	1.09e-13	2.14e-07	1.00e+00	2.36e-04	0.00e+00
 2.27659e+13	0.00e+00	6.32e-29	6.36e-21	1.29e-13	2.34e-07	1.00e+00	2.15e-04	0.00e+00
 2.35802e+13	1.05e-37	8.26e-29	7.88e-21	1.51e-13	2.55e-07	1.00e+00	1.98e-04	0.00e+00
 2.44784e+13	0.00e+00	1.10e-28	9.89e-21	1.78e-13	2.79e-07	1.00e+00	1.81e-04	0.00e+00
 2.54874e+13	2.12e-37	1.48e-28	1.26e-20	2.13e-13	3.08e-07	1.00e+00	1.64e-04	0.00e+00
 2.63960e+13	0.00e+00	1.92e-28	1.56e-20	2.48e-13	3.35e-07	1.00e+00	1.51e-04	0.00e+00
 2.71469e+13	3.73e-37	2.37e-28	1.84e-20	2.81e-13	3.58e-07	1.00e+00	1.41e-04	0.00e+00
 2.79673e+13	0.00e+00	2.96e-28	2.20e-20	3.19e-13	3.84e-07	1.00e+00	1.32e-04	0.00e+00
 2.90145e+13	6.72e-37	3.87e-28	2.73e-20	3.75e-13	4.20e-07	1.00e+00	1.21e-04	0.00e+00
 3.00713e+13	0.00e+00	5.03e-28	3.37e-20	4.37e-13	4.57e-07	1.00e+00	1.11e-04	0.00e+00
 3.09461e+13	1.18e-36	6.21e-28	3.99e-20	4.95e-13	4.89e-07	1.00e+00	1.04e-04	0.00e+00
 3.18701e+13	0.00e+00	7.69e-28	4.74e-20	5.62e-13	5.24e-07	1.00e+00	9.68e-05	0.00e+00
 3.30551e+13	2.10e-36	1.00e-27	5.87e-20	6.57e-13	5.72e-07	1.00e+00	8.89e-05	0.00e+00
 3.42972e+13	0.00e+00	1.31e-27	7.28e-20	7.69e-13	6.24e-07	1.00e+00	8.15e-05	0.00e+00
 3.53854e+13	3.78e-36	1.64e-27	8.74e-20	8.78e-13	6.71e-07	1.00e+00	7.58e-05	0.00e+00
 3.65563e+13	0.00e+00	2.07e-27	1.06e-19	1.01e-12	7.24e-07	1.00e+00	7.03e-05	0.00e+00
 3.79774e+13	6.95e-36	2.73e-27	1.32e-19	1.19e-12	7.92e-07	1.00e+00	6.43e-05	0.00e+00
 3.93515e+13	0.00e+00	3.51e-27	1.62e-19	1.38e-12	8.61e-07	1.00e+00	5.92e-05	0.00e+00
 4.05071e+13	1.21e-35	4.33e-27	1.91e-19	1.56e-12	9.21e-07	1.00e+00	5.54e-05	0.00e+00
 4.17508e+13	0.00e+00	5.37e-27	2.27e-19	1.77e-12	9.87e-07	1.00e+00	5.17e-05	0.00e+00
 4.33179e+13	2.14e-35	6.98e-27	2.81e-19	2.06e-12	1.08e-06	1.00e+00	4.75e-05	0.00e+00
 4.49274e+13	0.00e+00	9.05e-27	3.46e-19	2.40e-12	1.17e-06	1.00e+00	4.37e-05	0.00e+00
 4.63282e+13	3.80e-35	1.13e-26	4.13e-19	2.73e-12	1.26e-06	1.00e+00	4.07e-05	0.00e+00
 4.78354e+13	0.00e+00	1.42e-26	4.97e-19	3.11e-12	1.35e-06	1.00e+00	3.79e-05	0.00e+00
 4.96760e+13	6.90e-35	1.85e-26	6.17e-19	3.64e-12	1.47e-06	1.00e+00	3.47e-05	0.00e+00
 5.15280e+13	0.00e+00	2.40e-26	7.60e-19	4.24e-12	1.60e-06	1.00e+00	3.20e-05	0.00e+00
 5.31810e+13	1.24e-34	3.01e-26	9.11e-19	4.83e-12	1.72e-06	1.00e+00	2.98e-05	0.00e+00
 5.49975e+13	0.00e+00	3.83e-26	1.11e-18	5.54e-12	1.86e-06	1.00e+00	2.76e-05	0.00e+00
 5.71596e+13	2.30e-34	5.05e-26	1.38e-18	6.49e-12	2.03e-06	1.00e+00	2.53e-05	0.00e+00
 5.93195e+13	3.16e-34	6.59e-26	1.70e-18	7.56e-12	2.20e-06	1.00e+00	2.33e-05	0.00e+00
 6.13283e+13	4.21e-34	8.36e-26	2.06e-18	8.66e-12	2.37e-06	1.00e+00	2.16e-05	0.00e+00
 6.35739e+13	5.76e-34	1.08e-25	2.54e-18	1.00e-11	2.57e-06	1.00e+00	2.00e-05	0.00e+00
 6.61468e+13	8.13e-34	1.44e-25	3.19e-18	1.18e-11	2.81e-06	1.00e+00	1.83e-05	0.00e+00
 6.87014e+13	1.13e-33	1.90e-25	3.96e-18	1.38e-11	3.05e-06	1.00e+00	1.68e-05	0.00e+00
 7.13582e+13	1.58e-33	2.50e-25	4.93e-18	1.60e-11	3.32e-06	1.00e+00	1.55e-05	0.00e+00
 7.42425e+13	2.24e-33	3.33e-25	6.19e-18	1.88e-11	3.62e-06	1.00e+00	1.42e-05	0.00e+00
 7.72421e+13	3.20e-33	4.47e-25	7.80e-18	2.21e-11	3.94e-06	1.00e+00	1.31e-05	0.00e+00
 8.00899e+13	4.41e-33	5.83e-25	9.61e-18	2.56e-11	4.27e-06	1.00e+00	1.21e-05	0.00e+00
 8.26564e+13	5.83e-33	7.34e-25	1.15e-17	2.91e-11	4.57e-06	1.00e+00	1.13e-05	0.00e+00
 8.50547e+13	7.53e-33	9.07e-25	1.36e-17	3.26e-11	4.86e-06	1.00e+00	1.06e-05	0.00e+00
 8.77007e+13	9.94e-33	1.14e-24	1.63e-17	3.69e-11	5.19e-06	1.00e+00	9.93e-06	0.00e+00
 9.06783e+13	1.35e-32	1.46e-24	1.98e-17	4.22e-11	5.57e-06	1.00e+00	9.25e-06	0.00e+00
 9.35234e+13	1.79e-32	1.84e-24	2.36e-17	4.78e-11	5.96e-06	1.00e+00	8.66e-06	0.00e+00
 9.66583e+13	2.41e-32	2.35e-24	2.87e-17	5.46e-11	6.39e-06	1.00e+00	8.07e-06	0.00e+00
 1.00151e+14	3.34e-32	3.07e-24	3.53e-17	6.29e-11	6.89e-06	1.00e+00	7.49e-06	0.00e+00
 1.03367e+14	4.47e-32	3.90e-24	4.24e-17	7.15e-11	7.36e-06	1.00e+00	7.01e-06	0.00e+00
 1.06345e+14	5.81e-32	4.83e-24	5.01e-17	8.01e-11	7.82e-06	1.00e+00	6.60e-06	0.00e+00
 1.09758e+14	7.82e-32	6.14e-24	6.03e-17	9.09e-11	8.35e-06	1.00e+00	6.18e-06	0.00e+00
 1.13935e+14	1.11e-31	8.18e-24	7.52e-17	1.06e-10	9.02e-06	1.00e+00	5.72e-06	0.00e+00
 1.18106e+14	1.55e-31	1.07e-23	9.28e-17	1.22e-10	9.73e-06	1.00e+00	5.31e-06	0.00e+00
 1.21738e+14	2.07e-31	1.35e-23	1.11e-16	1.38e-10	1.04e-05	1.00e+00	4.99e-06	0.00e+00
 1.25670e+14	2.80e-31	1.73e-23	1.34e-16	1.56e-10	1.11e-05	1.00e+00	4.67e-06	0.00e+00
 1.30465e+14	4.03e-31	2.32e-23	1.67e-16	1.81e-10	1.19e-05	1.00e+00	4.33e-06	0.00e+00
 1.35349e+14	5.68e-31	3.07e-23	2.07e-16	2.10e-10	1.29e-05	1.00e+00	4.01e-06	0.00e+00
 1.39771e+14	7.76e-31	3.95e-23	2.51e-16	2.39e-10	1.37e-05	1.00e+00	3.76e-06	0.00e+00
 1.44630e+14	1.08e-30	5.16e-23	3.07e-16	2.74e-10	1.47e-05	1.00e+00	3.51e-06	0.00e+00
 1.50338e+14	1.58e-30	7.00e-23	3.87e-16	3.19e-10	1.59e-05	1.00e+00	3.25e-06	0.00e+00
 1.56023e+14	2.26e-30	9.33e-23	4.82e-16	3.70e-10	1.72e-05	1.00e+00	3.01e-06	0.00e+00
 1.61381e+14	3.15e-30	1.22e-22	5.89e-16	4.24e-10	1.83e-05	1.00e+00	2.81e-06	0.00e+00
 1.67312e+14	4.52e-30	1.62e-22	7.31e-16	4.89e-10	1.97e-05	1.00e+00	2.62e-06	0.00e+00
 1.74034e+14	6.61e-30	2.21e-22	9.24e-16	5.72e-10	2.13e-05	1.00e+00	2.42e-06	0.00e+00
 1.80767e+14	9.65e-30	2.99e-22	1.16e-15	6.65e-10	2.30e-05	1.00e+00	2.24e-06	0.00e+00
 1.87769e+14	1.41e-29	4.05e-22	1.45e-15	7.74e-10	2.48e-05	1.00e+00	2.08e-06	0.00e+00
 1.95309e+14	2.09e-29	5.53e-22	1.84e-15	9.05e-10	2.68e-05	1.00e+00	1.92e-06	0.00e+00
 2.03151e+14	3.09e-29	7.57e-22	2.33e-15	1.06e-09	2.90e-05	1.00e+00	1.78e-06	0.00e+00
 2.10732e+14	4.40e-29	1.01e-21	2.90e-15	1.23e-09	3.12e-05	1.00e+00	1.65e-06	0.00e+00
 2.17849e+14	6.14e-29	1.31e-21	3.53e-15	1.40e-09	3.33e-05	1.00e+00	1.55e-06	0.00e+00
 2.24576e+14	8.34e-29	1.68e-21	4.24e-15	1.58e-09	3.54e-05	1.00e+00	1.46e-06	0.00e+00
 2.31920e+14	1.15e-28	2.17e-21	5.14e-15	1.79e-09	3.77e-05	1.00e+00	1.37e-06	0.00e+00
 2.40071e+14	1.61e-28	2.84e-21	6.31e-15	2.06e-09	4.04e-05	1.00e+00	1.28e-06	0.00e+00
 2.47690e+14	2.19e-28	3.64e-21	7.61e-15	2.33e-09	4.29e-05	1.00e+00	1.20e-06	0.00e+00
 2.56017e+14	3.06e-28	4.75e-21	9.28e-15	2.66e-09	4.58e-05	1.00e+00	1.12e-06	0.00e+00
 2.65407e+14	4.36e-28	6.31e-21	1.15e-14	3.07e-09	4.92e-05	1.00e+00	1.05e-06	0.00e+00
 2.74423e+14	6.01e-28	8.18e-21	1.40e-14	3.51e-09	5.27e-05	1.00e+00	9.78e-07	0.00e+00
 2.84344e+14	8.62e-28	1.09e-20	1.74e-14	4.04e-09	5.65e-05	1.00e+00	0.00e+00	0.00e+00
 2.95484e+14	1.24e-27	1.47e-20	2.18e-14	4.71e-09	6.10e-05	1.00e+00	0.00e+00	0.00e+00
 3.06137e+14	1.77e-27	1.95e-20	2.70e-14	5.42e-09	6.54e-05	1.00e+00	0.00e+00	0.00e+00
 3.17479e+14	2.51e-27	2.58e-20	3.35e-14	6.27e-09	7.04e-05	1.00e+00	0.00e+00	0.00e+00
 3.30208e+14	3.72e-27	3.53e-20	4.24e-14	7.33e-09	7.61e-05	1.00e+00	0.00e+00	0.00e+00
 3.41971e+14	5.17e-27	4.62e-20	5.23e-14	8.44e-09	8.17e-05	1.00e+00	0.00e+00	0.00e+00
 3.52135e+14	6.95e-27	5.85e-20	6.24e-14	9.48e-09	8.66e-05	1.00e+00	0.00e+00	0.00e+00
 3.63382e+14	9.36e-27	7.46e-20	7.53e-14	1.07e-08	9.23e-05	1.00e+00	0.00e+00	0.00e+00
 3.77149e+14	1.35e-26	1.00e-19	9.40e-14	1.25e-08	9.94e-05	1.00e+00	0.00e+00	0.00e+00
 3.91119e+14	1.91e-26	1.32e-19	1.17e-13	1.44e-08	1.07e-04	1.00e+00	0.00e+00	0.00e+00
 4.03673e+14	2.58e-26	1.69e-19	1.41e-13	1.64e-08	1.14e-04	1.00e+00	0.00e+00	0.00e+00
 4.17458e+14	3.61e-26	2.21e-19	1.73e-13	1.87e-08	1.22e-04	1.00e+00	0.00e+00	0.00e+00
 4.33770e+14	5.17e-26	2.97e-19	2.17e-13	2.18e-08	1.32e-04	1.00e+00	0.00e+00	0.00e+00
 4.49796e+14	7.30e-26	3.93e-19	2.70e-13	2.52e-08	1.42e-04	1.00e+00	0.00e+00	0.00e+00
 4.64411e+14	1.00e-25	5.07e-19	3.26e-13	2.86e-08	1.51e-04	1.00e+00	0.00e+00	0.00e+00
 4.80760e+14	1.38e-25	6.57e-19	4.01e-13	3.29e-08	1.62e-04	1.00e+00	0.00e+00	0.00e+00
 4.99816e+14	2.00e-25	8.88e-19	5.06e-13	3.84e-08	1.75e-04	1.00e+00	0.00e+00	0.00e+00
 5.18565e+14	2.82e-25	1.18e-18	6.30e-13	4.45e-08	1.89e-04	1.00e+00	0.00e+00	0.00e+00
 5.36267e+14	3.89e-25	1.53e-18	7.70e-13	5.09e-08	2.02e-04	1.00e+00	0.00e+00	0.00e+00
 5.55952e+14	5.52e-25	2.03e-18	9.55e-13	5.88e-08	2.17e-04	1.00e+00	0.00e+00	0.00e+00
 5.78220e+14	7.87e-25	2.72e-18	1.21e-12	6.88e-08	2.36e-04	1.00e+00	0.00e+00	0.00e+00
 6.00479e+14	1.14e-24	3.66e-18	1.51e-12	8.00e-08	2.54e-04	1.00e+00	0.00e+00	0.00e+00
 6.21369e+14	1.54e-24	4.69e-18	1.85e-12	9.17e-08	2.73e-04	1.00e+00	0.00e+00	0.00e+00
 6.43994e+14	2.15e-24	6.18e-18	2.29e-12	1.06e-07	2.93e-04	1.00e+00	0.00e+00	0.00e+00
 6.69268e+14	3.13e-24	8.34e-18	2.88e-12	1.23e-07	3.17e-04	1.00e+00	0.00e+00	0.00e+00
 6.92924e+14	4.23e-24	1.07e-17	3.54e-12	1.42e-07	3.40e-04	1.00e+00	0.00e+00	0.00e+00
 7.14721e+14	5.73e-24	1.37e-17	4.26e-12	1.60e-07	3.62e-04	1.00e+00	0.00e+00	0.00e+00
 7.35613e+14	7.31e-24	1.68e-17	5.05e-12	1.80e-07	3.84e-04	1.00e+00	0.00e+00	0.00e+00
 7.58889e+14	9.80e-24	2.14e-17	6.09e-12	2.04e-07	4.09e-04	1.00e+00	0.00e+00	0.00e+00
 7.84690e+14	1.35e-23	2.77e-17	7.42e-12	2.33e-07	4.37e-04	1.00e+00	0.00e+00	0.00e+00
 8.08791e+14	1.75e-23	3.44e-17	8.88e-12	2.63e-07	4.65e-04	1.00e+00	0.00e+00	0.00e+00
 8.35140e+14	2.38e-23	4.42e-17	1.08e-11	2.99e-07	4.96e-04	1.00e+00	0.00e+00	0.00e+00
 8.64721e+14	3.20e-23	5.66e-17	1.32e-11	3.43e-07	5.33e-04	9.99e-01	0.00e+00	0.00e+00
 8.92768e+14	4.30e-23	7.22e-17	1.60e-11	3.90e-07	5.69e-04	9.99e-01	0.00e+00	0.00e+00
 9.23493e+14	5.93e-23	9.36e-17	1.95e-11	4.46e-07	6.09e-04	9.99e-01	0.00e+00	0.00e+00
 9.57486e+14	8.06e-23	1.21e-16	2.42e-11	5.16e-07	6.55e-04	9.99e-01	0.00e+00	0.00e+00
 9.88820e+14	1.10e-22	1.56e-16	2.93e-11	5.86e-07	6.99e-04	9.99e-01	0.00e+00	0.00e+00
 1.02264e+15	1.46e-22	1.98e-16	3.58e-11	6.70e-07	7.49e-04	9.99e-01	0.00e+00	0.00e+00
 1.06041e+15	2.06e-22	2.62e-16	4.44e-11	7.75e-07	8.06e-04	9.99e-01	0.00e+00	0.00e+00
 1.09603e+15	2.72e-22	3.32e-16	5.40e-11	8.84e-07	8.62e-04	9.99e-01	0.00e+00	0.00e+00
 1.13505e+15	3.78e-22	4.33e-16	6.65e-11	1.02e-06	9.25e-04	9.99e-01	0.00e+00	0.00e+00
 1.17839e+15	5.19e-22	5.66e-16	8.30e-11	1.18e-06	1.00e-03	9.99e-01	0.00e+00	0.00e+00
 1.21864e+15	7.00e-22	7.25e-16	1.01e-10	1.35e-06	1.07e-03	9.99e-01	0.00e+00	0.00e+00
 1.26226e+15	9.45e-22	9.34e-16	1.25e-10	1.55e-06	1.15e-03	9.99e-01	0.00e+00	0.00e+00
 1.31120e+15	1.35e-21	1.25e-15	1.56e-10	1.81e-06	1.24e-03	9.99e-01	0.00e+00	0.00e+00
 1.35781e+15	1.80e-21	1.59e-15	1.92e-10	2.08e-06	1.34e-03	9.99e-01	0.00e+00	0.00e+00
 1.40775e+15	2.49e-21	2.09e-15	2.38e-10	2.40e-06	1.44e-03	9.99e-01	0.00e+00	0.00e+00
 1.46409e+15	3.42e-21	2.74e-15	3.00e-10	2.81e-06	1.56e-03	9.98e-01	0.00e+00	0.00e+00
 1.51924e+15	4.77e-21	3.61e-15	3.73e-10	3.26e-06	1.69e-03	9.98e-01	0.00e+00	0.00e+00
 1.57660e+15	6.41e-21	4.66e-15	4.64e-10	3.78e-06	1.83e-03	9.98e-01	0.00e+00	0.00e+00
 1.63970e+15	9.09e-21	6.22e-15	5.84e-10	4.42e-06	1.98e-03	9.98e-01	0.00e+00	0.00e+00
 1.70198e+15	1.21e-20	8.00e-15	7.27e-10	5.14e-06	2.15e-03	9.98e-01	0.00e+00	0.00e+00
 1.75323e+15	1.56e-20	9.91e-15	8.67e-10	5.79e-06	2.29e-03	9.98e-01	0.00e+00	0.00e+00
 1.79404e+15	1.89e-20	1.17e-14	9.92e-10	6.34e-06	2.40e-03	9.98e-01	0.00e+00	0.00e+00
 1.83932e+15	2.34e-20	1.39e-14	1.15e-09	7.01e-06	2.53e-03	9.97e-01	0.00e+00	0.00e+00
 1.89819e+15	3.01e-20	1.73e-14	1.38e-09	7.96e-06	2.71e-03	9.97e-01	0.00e+00	0.00e+00
 1.96145e+15	3.92e-20	2.18e-14	1.68e-09	9.07e-06	2.91e-03	9.97e-01	0.00e+00	0.00e+00
 2.01778e+15	4.99e-20	2.66e-14	1.98e-09	1.02e-05	3.09e-03	9.97e-01	0.00e+00	0.00e+00
 2.07834e+15	6.25e-20	3.25e-14	2.35e-09	1.14e-05	3.30e-03	9.97e-01	0.00e+00	0.00e+00
 2.15484e+15	8.46e-20	4.20e-14	2.91e-09	1.32e-05	3.56e-03	9.96e-01	0.00e+00	0.00e+00
 2.23269e+15	1.12e-19	5.36e-14	3.58e-09	1.52e-05	3.85e-03	9.96e-01	0.00e+00	0.00e+00
 2.29911e+15	1.42e-19	6.57e-14	4.25e-09	1.71e-05	4.10e-03	9.96e-01	0.00e+00	0.00e+00
 2.37001e+15	1.79e-19	8.06e-14	5.08e-09	1.94e-05	4.39e-03	9.96e-01	0.00e+00	0.00e+00
 2.45830e+15	2.41e-19	1.04e-13	6.29e-09	2.24e-05	4.75e-03	9.95e-01	0.00e+00	0.00e+00
 2.54871e+15	3.21e-19	1.34e-13	7.78e-09	2.59e-05	5.16e-03	9.95e-01	0.00e+00	0.00e+00
 2.62812e+15	4.11e-19	1.65e-13	9.32e-09	2.93e-05	5.52e-03	9.94e-01	0.00e+00	0.00e+00
 2.71371e+15	5.26e-19	2.05e-13	1.12e-08	3.33e-05	5.92e-03	9.94e-01	0.00e+00	0.00e+00
 2.81734e+15	7.10e-19	2.66e-13	1.40e-08	3.87e-05	6.44e-03	9.94e-01	0.00e+00	0.00e+00
 2.92038e+15	9.46e-19	3.41e-13	1.73e-08	4.47e-05	6.98e-03	9.93e-01	0.00e+00	0.00e+00
 3.01192e+15	1.21e-18	4.23e-13	2.08e-08	5.06e-05	7.47e-03	9.92e-01	0.00e+00	0.00e+00
 3.11257e+15	1.56e-18	5.29e-13	2.52e-08	5.77e-05	8.05e-03	9.92e-01	0.00e+00	0.00e+00
 3.23286e+15	2.12e-18	6.90e-13	3.16e-08	6.71e-05	8.75e-03	9.91e-01	0.00e+00	0.00e+00
 3.35269e+15	2.83e-18	8.87e-13	3.92e-08	7.76e-05	9.50e-03	9.90e-01	0.00e+00	0.00e+00
 3.46224e+15	3.69e-18	1.11e-12	4.74e-08	8.82e-05	1.02e-02	9.90e-01	0.00e+00	0.00e+00
 3.58442e+15	4.90e-18	1.42e-12	5.82e-08	1.01e-04	1.10e-02	9.89e-01	0.00e+00	0.00e+00
 3.72656e+15	6.71e-18	1.87e-12	7.34e-08	1.18e-04	1.20e-02	9.88e-01	0.00e+00	0.00e+00
 3.86655e+15	9.08e-18	2.43e-12	9.15e-08	1.37e-04	1.30e-02	9.87e-01	0.00e+00	0.00e+00
 3.99989e+15	1.20e-17	3.08e-12	1.12e-07	1.57e-04	1.41e-02	9.86e-01	0.00e+00	0.00e+00
 4.11652e+15	1.52e-17	3.79e-12	1.33e-07	1.76e-04	1.50e-02	9.85e-01	0.00e+00	0.00e+00
 4.21304e+15	1.85e-17	4.47e-12	1.53e-07	1.93e-04	1.58e-02	9.84e-01	0.00e+00	0.00e+00
 4.31957e+15	2.28e-17	5.35e-12	1.77e-07	2.13e-04	1.67e-02	9.83e-01	0.00e+00	0.00e+00
 4.45806e+15	2.95e-17	6.70e-12	2.14e-07	2.42e-04	1.79e-02	9.82e-01	0.00e+00	0.00e+00
 4.60346e+15	3.89e-17	8.48e-12	2.60e-07	2.75e-04	1.92e-02	9.81e-01	0.00e+00	0.00e+00
 4.72820e+15	4.90e-17	1.03e-11	3.05e-07	3.06e-04	2.03e-02	9.79e-01	0.00e+00	0.00e+00
 4.86073e+15	6.18e-17	1.26e-11	3.61e-07	3.41e-04	2.16e-02	9.78e-01	0.00e+00	0.00e+00
 5.03301e+15	8.39e-17	1.63e-11	4.46e-07	3.92e-04	2.33e-02	9.76e-01	0.00e+00	0.00e+00
 5.21075e+15	1.12e-16	2.10e-11	5.50e-07	4.50e-04	2.52e-02	9.74e-01	0.00e+00	0.00e+00
 5.35945e+15	1.56e-16	2.59e-11	6.52e-07	5.04e-04	2.68e-02	9.73e-01	0.00e+00	0.00e+00
 5.51660e+15	2.00e-16	3.20e-11	7.77e-07	5.65e-04	2.85e-02	9.71e-01	0.00e+00	0.00e+00
 5.71756e+15	2.73e-16	4.18e-11	9.66e-07	6.52e-04	3.08e-02	9.69e-01	0.00e+00	0.00e+00
 5.92856e+15	3.82e-16	5.51e-11	1.21e-06	7.54e-04	3.34e-02	9.66e-01	0.00e+00	0.00e+00
 6.11558e+15	5.00e-16	6.93e-11	1.45e-06	8.53e-04	3.57e-02	9.63e-01	0.00e+00	0.00e+00
 6.31830e+15	6.54e-16	8.75e-11	1.78e-06	9.72e-04	3.83e-02	9.61e-01	0.00e+00	0.00e+00
 6.56155e+15	9.42e-16	1.18e-10	2.24e-06	1.13e-03	4.15e-02	9.57e-01	0.00e+00	0.00e+00
 6.80297e+15	1.28e-15	1.53e-10	2.79e-06	1.31e-03	4.48e-02	9.54e-01	0.00e+00	0.00e+00
 7.02050e+15	1.70e-15	1.95e-10	3.38e-06	1.48e-03	4.80e-02	9.51e-01	0.00e+00	0.00e+00
 7.26150e+15	2.32e-15	2.52e-10	4.16e-06	1.69e-03	5.15e-02	9.47e-01	0.00e+00	0.00e+00
 7.54568e+15	3.44e-15	3.45e-10	5.27e-06	1.97e-03	5.60e-02	9.42e-01	0.00e+00	0.00e+00
 7.82638e+15	4.78e-15	4.55e-10	6.59e-06	2.28e-03	6.04e-02	9.37e-01	0.00e+00	0.00e+00
 8.08745e+15	6.50e-15	5.88e-10	8.06e-06	2.60e-03	6.47e-02	9.33e-01	0.00e+00	0.00e+00
 8.38012e+15	8.79e-15	7.62e-10	1.00e-05	3.00e-03	6.97e-02	9.27e-01	0.00e+00	0.00e+00
 8.71536e+15	1.32e-14	1.06e-09	1.28e-05	3.51e-03	7.57e-02	9.21e-01	0.00e+00	0.00e+00
 9.04315e+15	1.88e-14	1.41e-09	1.60e-05	4.06e-03	8.17e-02	9.14e-01	0.00e+00	0.00e+00
 9.30813e+15	2.47e-14	1.77e-09	1.92e-05	4.55e-03	8.67e-02	9.09e-01	0.00e+00	0.00e+00
 9.51568e+15	3.04e-14	2.10e-09	2.19e-05	4.97e-03	9.07e-02	9.04e-01	0.00e+00	0.00e+00
 9.74443e+15	3.81e-14	2.53e-09	2.54e-05	5.46e-03	9.52e-02	8.99e-01	0.00e+00	0.00e+00
 1.00418e+16	4.91e-14	3.15e-09	3.05e-05	6.15e-03	1.01e-01	8.93e-01	0.00e+00	0.00e+00
 1.03633e+16	6.88e-14	4.12e-09	3.72e-05	6.98e-03	1.08e-01	8.85e-01	0.00e+00	0.00e+00
 1.06495e+16	8.96e-14	5.12e-09	4.40e-05	7.77e-03	1.14e-01	8.78e-01	0.00e+00	0.00e+00
 1.09549e+16	1.17e-13	6.37e-09	5.24e-05	8.70e-03	1.21e-01	8.71e-01	0.00e+00	0.00e+00
 1.13501e+16	1.67e-13	8.52e-09	6.53e-05	1.00e-02	1.29e-01	8.60e-01	0.00e+00	0.00e+00
 1.17516e+16	2.23e-13	1.10e-08	8.08e-05	1.15e-02	1.38e-01	8.50e-01	0.00e+00	0.00e+00
 1.20824e+16	2.93e-13	1.37e-08	9.61e-05	1.28e-02	1.46e-01	8.41e-01	0.00e+00	0.00e+00
 1.24317e+16	3.99e-13	1.75e-08	1.15e-04	1.44e-02	1.55e-01	8.31e-01	0.00e+00	0.00e+00
 1.28817e+16	5.74e-13	2.35e-08	1.44e-04	1.66e-02	1.66e-01	8.17e-01	0.00e+00	0.00e+00
 1.33401e+16	7.97e-13	3.10e-08	1.79e-04	1.90e-02	1.77e-01	8.04e-01	0.00e+00	0.00e+00
 1.37277e+16	1.03e-12	3.85e-08	2.13e-04	2.13e-02	1.87e-01	7.92e-01	0.00e+00	0.00e+00
 1.41457e+16	1.38e-12	4.91e-08	2.58e-04	2.40e-02	1.98e-01	7.78e-01	0.00e+00	0.00e+00
 1.46176e+16	2.01e-12	6.58e-08	3.18e-04	2.74e-02	2.10e-01	7.62e-01	0.00e+00	0.00e+00
 1.50672e+16	2.70e-12	8.42e-08	3.86e-04	3.10e-02	2.22e-01	7.46e-01	0.00e+00	0.00e+00
 1.55592e+16	3.71e-12	1.09e-07	4.73e-04	3.52e-02	2.36e-01	7.29e-01	0.00e+00	0.00e+00
 1.60960e+16	5.04e-12	1.42e-07	5.86e-04	4.02e-02	2.50e-01	7.09e-01	0.00e+00	0.00e+00
 1.65859e+16	7.17e-12	1.87e-07	7.14e-04	4.55e-02	2.64e-01	6.90e-01	0.00e+00	0.00e+00
 1.70294e+16	9.38e-12	2.33e-07	8.46e-04	5.05e-02	2.76e-01	6.73e-01	0.00e+00	0.00e+00
 1.75179e+16	1.24e-11	2.95e-07	1.02e-03	5.66e-02	2.89e-01	6.54e-01	0.00e+00	0.00e+00
 1.80659e+16	1.65e-11	3.76e-07	1.24e-03	6.39e-02	3.03e-01	6.31e-01	0.00e+00	0.00e+00
 1.85840e+16	2.33e-11	4.93e-07	1.51e-03	7.18e-02	3.18e-01	6.09e-01	0.00e+00	0.00e+00
 1.90104e+16	2.94e-11	5.97e-07	1.75e-03	7.86e-02	3.29e-01	5.91e-01	0.00e+00	0.00e+00
 1.94249e+16	3.73e-11	7.24e-07	2.03e-03	8.59e-02	3.40e-01	5.73e-01	0.00e+00	0.00e+00
 1.99638e+16	4.80e-11	9.01e-07	2.44e-03	9.59e-02	3.53e-01	5.49e-01	0.00e+00	0.00e+00
 2.05338e+16	6.84e-11	1.19e-06	2.97e-03	1.08e-01	3.67e-01	5.22e-01	0.00e+00	0.00e+00
 2.09927e+16	8.61e-11	1.44e-06	3.45e-03	1.18e-01	3.77e-01	5.02e-01	0.00e+00	0.00e+00
 2.14380e+16	1.06e-10	1.73e-06	4.00e-03	1.28e-01	3.87e-01	4.81e-01	0.00e+00	0.00e+00
 2.20168e+16	1.53e-10	2.29e-06	4.88e-03	1.43e-01	3.99e-01	4.52e-01	0.00e+00	0.00e+00
 2.25792e+16	2.00e-10	2.87e-06	5.83e-03	1.59e-01	4.09e-01	4.26e-01	0.00e+00	0.00e+00
 2.30102e+16	2.43e-10	3.39e-06	6.70e-03	1.71e-01	4.16e-01	4.06e-01	0.00e+00	0.00e+00
 2.34605e+16	3.07e-10	4.11e-06	7.77e-03	1.86e-01	4.22e-01	3.84e-01	0.00e+00	0.00e+00
 2.39654e+16	4.23e-10	5.26e-06	9.20e-03	2.04e-01	4.29e-01	3.58e-01	0.00e+00	0.00e+00
 2.44312e+16	5.34e-10	6.37e-06	1.07e-02	2.20e-01	4.33e-01	3.36e-01	0.00e+00	0.00e+00
 2.48548e+16	6.48e-10	7.52e-06	1.22e-02	2.37e-01	4.36e-01	3.15e-01	0.00e+00	0.00e+00
 2.52649e+16	8.07e-10	8.98e-06	1.40e-02	2.54e-01	4.37e-01	2.95e-01	0.00e+00	0.00e+00
 2.56636e+16	1.07e-09	1.11e-05	1.60e-02	2.71e-01	4.38e-01	2.75e-01	0.00e+00	0.00e+00
 2.60470e+16	1.25e-09	1.28e-05	1.81e-02	2.88e-01	4.36e-01	2.57e-01	0.00e+00	0.00e+00
 2.64766e+16	1.59e-09	1.55e-05	2.10e-02	3.09e-01	4.33e-01	2.36e-01	0.00e+00	0.00e+00
 2.69232e+16	2.05e-09	1.90e-05	2.44e-02	3.32e-01	4.29e-01	2.15e-01	0.00e+00	0.00e+00
 2.72882e+16	2.57e-09	2.27e-05	2.76e-02	3.51e-01	4.23e-01	1.98e-01	0.00e+00	0.00e+00
 2.76013e+16	3.14e-09	2.65e-05	3.08e-02	3.69e-01	4.17e-01	1.83e-01	0.00e+00	0.00e+00
 2.79505e+16	3.90e-09	3.16e-05	3.50e-02	3.89e-01	4.09e-01	1.67e-01	0.00e+00	0.00e+00
 2.83244e+16	4.94e-09	3.80e-05	3.99e-02	4.11e-01	3.98e-01	1.50e-01	0.00e+00	0.00e+00
 2.86437e+16	6.49e-09	4.65e-05	4.51e-02	4.31e-01	3.88e-01	1.36e-01	0.00e+00	0.00e+00
 2.89114e+16	7.86e-09	5.39e-05	4.98e-02	4.49e-01	3.78e-01	1.24e-01	0.00e+00	0.00e+00
 2.91553e+16	9.39e-09	6.18e-05	5.47e-02	4.65e-01	3.67e-01	1.14e-01	0.00e+00	0.00e+00
 2.94291e+16	1.10e-08	7.05e-05	6.07e-02	4.83e-01	3.54e-01	1.02e-01	0.00e+00	0.00e+00
 2.97277e+16	1.37e-08	8.34e-05	6.82e-02	5.03e-01	3.38e-01	9.01e-02	0.00e+00	0.00e+00
 2.99851e+16	1.69e-08	9.82e-05	7.56e-02	5.21e-01	3.23e-01	7.99e-02	0.00e+00	0.00e+00
 3.01957e+16	2.15e-08	1.16e-04	8.28e-02	5.37e-01	3.09e-01	7.14e-02	0.00e+00	0.00e+00
 3.03840e+16	2.53e-08	1.32e-04	8.96e-02	5.50e-01	2.96e-01	6.42e-02	0.00e+00	0.00e+00
 3.05939e+16	2.91e-08	1.47e-04	9.77e-02	5.65e-01	2.80e-01	5.67e-02	0.00e+00	0.00e+00
 3.08189e+16	3.55e-08	1.71e-04	1.07e-01	5.81e-01	2.62e-01	4.88e-02	0.00e+00	0.00e+00
 3.10066e+16	4.31e-08	1.98e-04	1.17e-01	5.95e-01	2.46e-01	4.24e-02	0.00e+00	0.00e+00
 3.11560e+16	5.32e-08	2.29e-04	1.25e-01	6.05e-01	2.32e-01	3.73e-02	0.00e+00	0.00e+00
 3.12888e+16	6.12e-08	2.54e-04	1.33e-01	6.15e-01	2.19e-01	3.31e-02	0.00e+00	0.00e+00
 3.14373e+16	6.85e-08	2.78e-04	1.42e-01	6.25e-01	2.04e-01	2.87e-02	0.00e+00	0.00e+00
 3.15976e+16	8.60e-08	3.26e-04	1.53e-01	6.36e-01	1.87e-01	2.40e-02	0.00e+00	0.00e+00
 3.17300e+16	9.57e-08	3.54e-04	1.62e-01	6.44e-01	1.73e-01	2.05e-02	0.00e+00	0.00e+00
 3.18361e+16	1.14e-07	4.00e-04	1.70e-01	6.51e-01	1.61e-01	1.77e-02	0.00e+00	0.00e+00
 3.19352e+16	1.24e-07	4.26e-04	1.78e-01	6.57e-01	1.49e-01	1.54e-02	0.00e+00	0.00e+00
 3.20476e+16	1.42e-07	4.70e-04	1.87e-01	6.64e-01	1.36e-01	1.28e-02	0.00e+00	0.00e+00
 3.21656e+16	1.73e-07	5.39e-04	1.97e-01	6.70e-01	1.22e-01	1.03e-02	0.00e+00	0.00e+00
 3.22449e+16	1.90e-07	5.76e-04	2.04e-01	6.74e-01	1.13e-01	8.87e-03	0.00e+00	0.00e+00
 3.22914e+16	2.01e-07	6.01e-04	2.08e-01	6.76e-01	1.07e-01	8.05e-03	0.00e+00	0.00e+00
 3.23411e+16	2.14e-07	6.29e-04	2.13e-01	6.78e-01	1.01e-01	7.21e-03	0.00e+00	0.00e+00
 3.24056e+16	2.34e-07	6.69e-04	2.19e-01	6.81e-01	9.31e-02	6.19e-03	0.00e+00	0.00e+00
 3.24763e+16	2.56e-07	7.14e-04	2.26e-01	6.84e-01	8.49e-02	5.20e-03	0.00e+00	0.00e+00
 3.25405e+16	2.79e-07	7.58e-04	2.32e-01	6.86e-01	7.76e-02	4.39e-03	0.00e+00	0.00e+00
 3.25994e+16	3.00e-07	7.99e-04	2.37e-01	6.87e-01	7.11e-02	3.73e-03	0.00e+00	0.00e+00
 3.26658e+16	3.28e-07	8.51e-04	2.44e-01	6.89e-01	6.39e-02	3.05e-03	0.00e+00	0.00e+00
 3.27379e+16	3.58e-07	9.05e-04	2.50e-01	6.90e-01	5.67e-02	2.44e-03	0.00e+00	0.00e+00
 3.28038e+16	3.89e-07	9.58e-04	2.56e-01	6.90e-01	5.05e-02	1.96e-03	0.00e+00	0.00e+00
 3.28756e+16	4.25e-07	1.02e-03	2.63e-01	6.91e-01	4.41e-02	1.52e-03	0.00e+00	0.00e+00
 3.29553e+16	4.67e-07	1.09e-03	2.70e-01	6.90e-01	3.78e-02	1.14e-03	0.00e+00	0.00e+00
 3.30315e+16	5.10e-07	1.16e-03	2.77e-01	6.89e-01	3.24e-02	8.52e-04	0.00e+00	0.00e+00
 3.31166e+16	5.62e-07	1.24e-03	2.84e-01	6.87e-01	2.70e-02	6.06e-04	0.00e+00	0.00e+00
 3.32272e+16	6.33e-07	1.34e-03	2.92e-01	6.85e-01	2.13e-02	3.86e-04	0.00e+00	0.00e+00
 3.33450e+16	7.12e-07	1.45e-03	3.01e-01	6.81e-01	1.65e-02	2.39e-04	0.00e+00	0.00e+00
 3.34722e+16	8.02e-07	1.57e-03	3.10e-01	6.76e-01	1.25e-02	1.41e-04	0.00e+00	0.00e+00
 3.36376e+16	9.26e-07	1.73e-03	3.20e-01	6.69e-01	8.86e-03	7.22e-05	0.00e+00	0.00e+00
 3.38527e+16	1.10e-06	1.92e-03	3.32e-01	6.60e-01	5.78e-03	3.14e-05	0.00e+00	0.00e+00
 3.41322e+16	1.34e-06	2.19e-03	3.46e-01	6.48e-01	3.46e-03	1.14e-05	0.00e+00	0.00e+00
 3.44458e+16	1.67e-06	2.51e-03	3.62e-01	6.34e-01	2.07e-03	4.08e-06	0.00e+00	0.00e+00
 3.47563e+16	2.07e-06	2.88e-03	3.77e-01	6.19e-01	1.31e-03	1.61e-06	0.00e+00	0.00e+00
 3.51125e+16	2.67e-06	3.39e-03	3.96e-01	6.00e-01	7.98e-04	5.91e-07	0.00e+00	0.00e+00
 3.55039e+16	3.59e-06	4.10e-03	4.19e-01	5.77e-01	4.88e-04	0.00e+00	0.00e+00	0.00e+00
 3.58480e+16	4.76e-06	4.92e-03	4.41e-01	5.54e-01	3.26e-04	0.00e+00	0.00e+00	0.00e+00
 3.61350e+16	6.11e-06	5.80e-03	4.61e-01	5.33e-01	2.35e-04	0.00e+00	0.00e+00	0.00e+00
 3.63993e+16	7.79e-06	6.81e-03	4.81e-01	5.12e-01	1.74e-04	0.00e+00	0.00e+00	0.00e+00
 3.66075e+16	9.54e-06	7.78e-03	4.98e-01	4.94e-01	1.39e-04	0.00e+00	0.00e+00	0.00e+00
 3.67408e+16	1.09e-05	8.53e-03	5.10e-01	4.82e-01	1.20e-04	0.00e+00	0.00e+00	0.00e+00
 3.68701e+16	1.25e-05	9.32e-03	5.21e-01	4.69e-01	1.04e-04	0.00e+00	0.00e+00	0.00e+00
 3.70382e+16	1.49e-05	1.05e-02	5.37e-01	4.53e-01	8.52e-05	0.00e+00	0.00e+00	0.00e+00
 3.72153e+16	1.82e-05	1.20e-02	5.54e-01	4.34e-01	6.97e-05	0.00e+00	0.00e+00	0.00e+00
 3.73618e+16	2.15e-05	1.35e-02	5.68e-01	4.18e-01	5.89e-05	0.00e+00	0.00e+00	0.00e+00
 3.74844e+16	2.50e-05	1.49e-02	5.81e-01	4.04e-01	5.10e-05	0.00e+00	0.00e+00	0.00e+00
 3.76184e+16	2.94e-05	1.67e-02	5.95e-01	3.88e-01	4.32e-05	0.00e+00	0.00e+00	0.00e+00
 3.77671e+16	3.56e-05	1.90e-02	6.11e-01	3.69e-01	3.60e-05	0.00e+00	0.00e+00	0.00e+00
 3.78881e+16	4.19e-05	2.13e-02	6.25e-01	3.54e-01	3.10e-05	0.00e+00	0.00e+00	0.00e+00
 3.79731e+16	4.72e-05	2.31e-02	6.34e-01	3.43e-01	2.78e-05	0.00e+00	0.00e+00	0.00e+00
 3.80577e+16	5.32e-05	2.51e-02	6.44e-01	3.31e-01	2.48e-05	0.00e+00	0.00e+00	0.00e+00
 3.81678e+16	6.24e-05	2.80e-02	6.56e-01	3.16e-01	2.13e-05	0.00e+00	0.00e+00	0.00e+00
 3.82797e+16	7.38e-05	3.14e-02	6.69e-01	3.00e-01	1.82e-05	0.00e+00	0.00e+00	0.00e+00
 3.83661e+16	8.45e-05	3.45e-02	6.78e-01	2.87e-01	1.61e-05	0.00e+00	0.00e+00	0.00e+00
 3.84376e+16	9.49e-05	3.74e-02	6.86e-01	2.76e-01	1.45e-05	0.00e+00	0.00e+00	0.00e+00
 3.85179e+16	1.08e-04	4.09e-02	6.95e-01	2.64e-01	1.28e-05	0.00e+00	0.00e+00	0.00e+00
 3.86079e+16	1.26e-04	4.54e-02	7.04e-01	2.50e-01	1.11e-05	0.00e+00	0.00e+00	0.00e+00
 3.86895e+16	1.45e-04	5.01e-02	7.12e-01	2.37e-01	9.73e-06	0.00e+00	0.00e+00	0.00e+00
 3.87596e+16	1.65e-04	5.47e-02	7.19e-01	2.26e-01	8.65e-06	0.00e+00	0.00e+00	0.00e+00
 3.88358e+16	1.89e-04	6.02e-02	7.26e-01	2.14e-01	7.56e-06	0.00e+00	0.00e+00	0.00e+00
 3.89181e+16	2.22e-04	6.70e-02	7.32e-01	2.01e-01	6.51e-06	0.00e+00	0.00e+00	0.00e+00
 3.89892e+16	2.55e-04	7.38e-02	7.37e-01	1.89e-01	5.69e-06	0.00e+00	0.00e+00	0.00e+00
 3.90500e+16	2.88e-04	8.03e-02	7.40e-01	1.79e-01	5.05e-06	0.00e+00	0.00e+00	0.00e+00
 3.91167e+16	3.31e-04	8.82e-02	7.43e-01	1.68e-01	4.40e-06	0.00e+00	0.00e+00	0.00e+00
 3.91895e+16	3.86e-04	9.81e-02	7.46e-01	1.56e-01	3.77e-06	0.00e+00	0.00e+00	0.00e+00
 3.92533e+16	4.45e-04	1.08e-01	7.46e-01	1.45e-01	3.27e-06	0.00e+00	0.00e+00	0.00e+00
 3.93083e+16	5.04e-04	1.18e-01	7.46e-01	1.36e-01	2.87e-06	0.00e+00	0.00e+00	0.00e+00
 3.93691e+16	5.81e-04	1.29e-01	7.44e-01	1.26e-01	2.47e-06	0.00e+00	0.00e+00	0.00e+00
 3.94352e+16	6.80e-04	1.44e-01	7.40e-01	1.15e-01	2.09e-06	0.00e+00	0.00e+00	0.00e+00
 3.94930e+16	7.85e-04	1.58e-01	7.35e-01	1.06e-01	1.78e-06	0.00e+00	0.00e+00	0.00e+00
 3.95431e+16	8.93e-04	1.72e-01	7.29e-01	9.81e-02	1.55e-06	0.00e+00	0.00e+00	0.00e+00
 3.95985e+16	1.03e-03	1.90e-01	7.20e-01	8.93e-02	1.31e-06	0.00e+00	0.00e+00	0.00e+00
 3.96593e+16	1.22e-03	2.11e-01	7.08e-01	7.99e-02	1.08e-06	0.00e+00	0.00e+00	0.00e+00
 3.97135e+16	1.41e-03	2.33e-01	6.94e-01	7.16e-02	8.93e-07	0.00e+00	0.00e+00	0.00e+00
 3.97614e+16	1.62e-03	2.54e-01	6.79e-01	6.45e-02	0.00e+00	0.00e+00	0.00e+00	0.00e+00
 3.98145e+16	1.88e-03	2.81e-01	6.61e-01	5.68e-02	0.00e+00	0.00e+00	0.00e+00	0.00e+00
 3.98733e+16	2.25e-03	3.14e-01	6.35e-01	4.87e-02	0.00e+00	0.00e+00	0.00e+00	0.00e+00
 3.99270e+16	2.67e-03	3.48e-01	6.08e-01	4.17e-02	0.00e+00	0.00e+00	0.00e+00	0.00e+00
 3.99764e+16	3.12e-03	3.82e-01	5.79e-01	3.55e-02	0.00e+00	0.00e+00	0.00e+00	0.00e+00
 4.00324e+16	3.74e-03	4.25e-01	5.42e-01	2.90e-02	0.00e+00	0.00e+00	0.00e+00	0.00e+00
 4.00918e+16	4.53e-03	4.76e-01	4.97e-01	2.27e-02	0.00e+00	0.00e+00	0.00e+00	0.00e+00
 4.01397e+16	5.36e-03	5.22e-01	4.55e-01	1.81e-02	0.00e+00	0.00e+00	0.00e+00	0.00e+00
 4.01769e+16	6.09e-03	5.59e-01	4.20e-01	1.49e-02	0.00e+00	0.00e+00	0.00e+00	0.00e+00
 4.02158e+16	6.99e-03	5.99e-01	3.82e-01	1.19e-02	0.00e+00	0.00e+00	0.00e+00	0.00e+00
 4.02593e+16	8.14e-03	6.45e-01	3.38e-01	9.00e-03	0.00e+00	0.00e+00	0.00e+00	0.00e+00
 4.02981e+16	9.38e-03	6.88e-01	2.96e-01	6.78e-03	0.00e+00	0.00e+00	0.00e+00	0.00e+00
 4.03302e+16	1.06e-02	7.22e-01	2.63e-01	5.25e-03	0.00e+00	0.00e+00	0.00e+00	0.00e+00
 4.03640e+16	1.19e-02	7.57e-01	2.27e-01	3.90e-03	0.00e+00	0.00e+00	0.00e+00	0.00e+00
 4.04009e+16	1.37e-02	7.93e-01	1.90e-01	2.73e-03	0.00e+00	0.00e+00	0.00e+00	0.00e+00
 4.04325e+16	1.55e-02	8.23e-01	1.60e-01	1.93e-03	0.00e+00	0.00e+00	0.00e+00	0.00e+00
 4.04583e+16	1.71e-02	8.45e-01	1.36e-01	1.42e-03	0.00e+00	0.00e+00	0.00e+00	0.00e+00
 4.04857e+16	1.90e-02	8.67e-01	1.13e-01	9.98e-04	0.00e+00	0.00e+00	0.00e+00	0.00e+00
 4.05156e+16	2.14e-02	8.87e-01	9.09e-02	6.59e-04	0.00e+00	0.00e+00	0.00e+00	0.00e+00
 4.05421e+16	2.39e-02	9.02e-01	7.33e-02	4.41e-04	0.00e+00	0.00e+00	0.00e+00	0.00e+00
 4.05643e+16	2.62e-02	9.13e-01	6.02e-02	3.07e-04	0.00e+00	0.00e+00	0.00e+00	0.00e+00
 4.05846e+16	2.85e-02	9.22e-01	4.97e-02	2.15e-04	0.00e+00	0.00e+00	0.00e+00	0.00e+00
 4.06047e+16	3.11e-02	9.28e-01	4.06e-02	1.48e-04	0.00e+00	0.00e+00	0.00e+00	0.00e+00
 4.06244e+16	3.39e-02	9.33e-01	3.29e-02	1.01e-04	0.00e+00	0.00e+00	0.00e+00	0.00e+00
 4.06431e+16	3.68e-02	9.36e-01	2.66e-02	6.86e-05	0.00e+00	0.00e+00	0.00e+00	0.00e+00
 4.06606e+16	3.99e-02	9.38e-01	2.16e-02	4.68e-05	0.00e+00	0.00e+00	0.00e+00	0.00e+00
 4.06773e+16	4.31e-02	9.39e-01	1.75e-02	3.20e-05	0.00e+00	0.00e+00	0.00e+00	0.00e+00
 4.06934e+16	4.65e-02	9.39e-01	1.42e-02	2.19e-05	0.00e+00	0.00e+00	0.00e+00	0.00e+00
 4.07090e+16	5.01e-02	9.38e-01	1.15e-02	1.48e-05	0.00e+00	0.00e+00	0.00e+00	0.00e+00
 4.07239e+16	5.38e-02	9.37e-01	9.30e-03	1.01e-05	0.00e+00	0.00e+00	0.00e+00	0.00e+00
 4.07379e+16	5.76e-02	9.35e-01	7.57e-03	6.93e-06	0.00e+00	0.00e+00	0.00e+00	0.00e+00
 4.07510e+16	6.15e-02	9.32e-01	6.20e-03	4.82e-06	0.00e+00	0.00e+00	0.00e+00	0.00e+00
 4.07630e+16	6.52e-02	9.30e-01	5.14e-03	3.43e-06	0.00e+00	0.00e+00	0.00e+00	0.00e+00
 4.07736e+16	6.88e-02	9.27e-01	4.34e-03	2.52e-06	0.00e+00	0.00e+00	0.00e+00	0.00e+00
 4.07834e+16	7.21e-02	9.24e-01	3.69e-03	1.87e-06	0.00e+00	0.00e+00	0.00e+00	0.00e+00
 4.07912e+16	7.50e-02	9.22e-01	3.24e-03	1.48e-06	0.00e+00	0.00e+00	0.00e+00	0.00e+00
 4.07964e+16	7.69e-02	9.20e-01	2.97e-03	1.26e-06	0.00e+00	0.00e+00	0.00e+00	0.00e+00
 4.08012e+16	7.90e-02	9.18e-01	2.73e-03	1.08e-06	0.00e+00	0.00e+00	0.00e+00	0.00e+00
 4.08067e+16	8.14e-02	9.16e-01	2.48e-03	9.06e-07	0.00e+00	0.00e+00	0.00e+00	0.00e+00
 4.08127e+16	8.39e-02	9.14e-01	2.23e-03	0.00e+00	0.00e+00	0.00e+00	0.00e+00	0.00e+00
 4.08184e+16	8.65e-02	9.11e-01	2.01e-03	0.00e+00	0.00e+00	0.00e+00	0.00e+00	0.00e+00
 4.08238e+16	8.90e-02	9.09e-01	1.82e-03	0.00e+00	0.00e+00	0.00e+00	0.00e+00	0.00e+00
 4.08291e+16	9.16e-02	9.07e-01	1.65e-03	0.00e+00	0.00e+00	0.00e+00	0.00e+00	0.00e+00
 4.08344e+16	9.44e-02	9.04e-01	1.49e-03	0.00e+00	0.00e+00	0.00e+00	0.00e+00	0.00e+00
 4.08397e+16	9.71e-02	9.02e-01	1.35e-03	0.00e+00	0.00e+00	0.00e+00	0.00e+00	0.00e+00
 4.08449e+16	9.99e-02	8.99e-01	1.22e-03	0.00e+00	0.00e+00	0.00e+00	0.00e+00	0.00e+00
 4.08500e+16	1.03e-01	8.96e-01	1.11e-03	0.00e+00	0.00e+00	0.00e+00	0.00e+00	0.00e+00
 4.08551e+16	1.06e-01	8.93e-01	1.00e-03	0.00e+00	0.00e+00	0.00e+00	0.00e+00	0.00e+00
 4.08601e+16	1.10e-01	8.90e-01	9.05e-04	0.00e+00	0.00e+00	0.00e+00	0.00e+00	0.00e+00
 4.08651e+16	1.13e-01	8.87e-01	8.17e-04	0.00e+00	0.00e+00	0.00e+00	0.00e+00	0.00e+00
 4.08700e+16	1.16e-01	8.83e-01	7.39e-04	0.00e+00	0.00e+00	0.00e+00	0.00e+00	0.00e+00
 4.08748e+16	1.20e-01	8.80e-01	6.69e-04	0.00e+00	0.00e+00	0.00e+00	0.00e+00	0.00e+00
 4.08796e+16	1.23e-01	8.76e-01	6.05e-04	0.00e+00	0.00e+00	0.00e+00	0.00e+00	0.00e+00
 4.08843e+16	1.27e-01	8.72e-01	5.46e-04	0.00e+00	0.00e+00	0.00e+00	0.00e+00	0.00e+00
 4.08890e+16	1.31e-01	8.68e-01	4.93e-04	0.00e+00	0.00e+00	0.00e+00	0.00e+00	0.00e+00
 4.08935e+16	1.36e-01	8.64e-01	4.46e-04	0.00e+00	0.00e+00	0.00e+00	0.00e+00	0.00e+00
 4.08981e+16	1.40e-01	8.59e-01	4.02e-04	0.00e+00	0.00e+00	0.00e+00	0.00e+00	0.00e+00
 4.09026e+16	1.45e-01	8.55e-01	3.63e-04	0.00e+00	0.00e+00	0.00e+00	0.00e+00	0.00e+00
 4.09070e+16	1.50e-01	8.50e-01	3.27e-04	0.00e+00	0.00e+00	0.00e+00	0.00e+00	0.00e+00
 4.09113e+16	1.55e-01	8.44e-01	2.96e-04	0.00e+00	0.00e+00	0.00e+00	0.00e+00	0.00e+00
 4.09156e+16	1.61e-01	8.39e-01	2.67e-04	0.00e+00	0.00e+00	0.00e+00	0.00e+00	0.00e+00
 4.09198e+16	1.67e-01	8.33e-01	2.40e-04	0.00e+00	0.00e+00	0.00e+00	0.00e+00	0.00e+00
 4.09240e+16	1.73e-01	8.27e-01	2.16e-04	0.00e+00	0.00e+00	0.00e+00	0.00e+00	0.00e+00
 4.09281e+16	1.80e-01	8.20e-01	1.95e-04	0.00e+00	0.00e+00	0.00e+00	0.00e+00	0.00e+00
 4.09322e+16	1.87e-01	8.13e-01	1.76e-04	0.00e+00	0.00e+00	0.00e+00	0.00e+00	0.00e+00
 4.09362e+16	1.95e-01	8.05e-01	1.58e-04	0.00e+00	0.00e+00	0.00e+00	0.00e+00	0.00e+00
 4.09401e+16	2.02e-01	7.98e-01	1.42e-04	0.00e+00	0.00e+00	0.00e+00	0.00e+00	0.00e+00
 4.09439e+16	2.12e-01	7.88e-01	1.28e-04	0.00e+00	0.00e+00	0.00e+00	0.00e+00	0.00e+00
 4.09476e+16	2.21e-01	7.79e-01	1.16e-04	0.00e+00	0.00e+00	0.00e+00	0.00e+00	0.00e+00
 4.09512e+16	2.31e-01	7.69e-01	1.04e-04	0.00e+00	0.00e+00	0.00e+00	0.00e+00	0.00e+00
 4.09548e+16	2.42e-01	7.58e-01	9.36e-05	0.00e+00	0.00e+00	0.00e+00	0.00e+00	0.00e+00
 4.09583e+16	2.52e-01	7.48e-01	8.43e-05	0.00e+00	0.00e+00	0.00e+00	0.00e+00	0.00e+00
