#depth	He	He+	He+2
 1.49634e+10	1.59e-21	4.61e-11	1.00e+00
 4.54887e+10	1.86e-21	5.01e-11	1.00e+00
 7.72350e+10	2.14e-21	5.45e-11	1.00e+00
 1.10251e+11	2.47e-21	5.93e-11	1.00e+00
 1.41833e+11	2.83e-21	6.41e-11	1.00e+00
 1.70949e+11	3.18e-21	6.87e-11	1.00e+00
 2.03985e+11	3.62e-21	7.41e-11	1.00e+00
 2.42071e+11	4.20e-21	8.07e-11	1.00e+00
 2.79664e+11	4.84e-21	8.75e-11	1.00e+00
 3.18761e+11	5.56e-21	9.50e-11	1.00e+00
 3.61438e+11	6.46e-21	1.04e-10	1.00e+00
 4.04749e+11	7.48e-21	1.13e-10	1.00e+00
 4.49793e+11	8.65e-21	1.23e-10	1.00e+00
 4.93746e+11	9.96e-21	1.33e-10	1.00e+00
 5.33562e+11	1.12e-20	1.43e-10	1.00e+00
 5.78073e+11	1.28e-20	1.54e-10	1.00e+00
 6.30259e+11	1.48e-20	1.68e-10	1.00e+00
 6.82009e+11	1.71e-20	1.83e-10	1.00e+00
 7.30497e+11	1.95e-20	1.97e-10	1.00e+00
 7.84312e+11	2.23e-20	2.14e-10	1.00e+00
 8.45612e+11	2.60e-20	2.35e-10	1.00e+00
 9.06233e+11	3.00e-20	2.56e-10	1.00e+00
 9.69278e+11	3.45e-20	2.79e-10	1.00e+00
 1.03798e+12	4.02e-20	3.06e-10	1.00e+00
 1.10739e+12	4.65e-20	3.35e-10	1.00e+00
 1.17959e+12	5.36e-20	3.67e-10	1.00e+00
 1.25393e+12	6.19e-20	4.02e-10	1.00e+00
 1.32696e+12	7.07e-20	4.38e-10	1.00e+00
 1.40569e+12	8.11e-20	4.79e-10	1.00e+00
 1.49184e+12	9.38e-20	5.27e-10	1.00e+00
 1.58144e+12	1.08e-19	5.80e-10	1.00e+00
 1.67463e+12	1.25e-19	6.39e-10	1.00e+00
 1.77154e+12	1.44e-19	7.04e-10	1.00e+00
 1.85922e+12	1.63e-19	7.66e-10	1.00e+00
 1.93232e+12	1.79e-19	8.20e-10	1.00e+00
 2.01242e+12	1.98e-19	8.82e-10	1.00e+00
 2.11382e+12	2.25e-19	9.66e-10	1.00e+00
 2.21953e+12	2.55e-19	1.06e-09	1.00e+00
 2.31324e+12	2.84e-19	1.14e-09	1.00e+00
 2.40087e+12	3.12e-19	1.23e-09	1.00e+00
 2.50096e+12	3.47e-19	1.33e-09	1.00e+00
 2.62365e+12	3.94e-19	1.46e-09	1.00e+00
 2.74574e+12	4.45e-19	1.59e-09	1.00e+00
 2.85215e+12	4.93e-19	1.72e-09	1.00e+00
 2.96815e+12	5.48e-19	1.86e-09	1.00e+00
 3.10936e+12	6.22e-19	2.04e-09	1.00e+00
 3.25340e+12	7.04e-19	2.23e-09	1.00e+00
 3.38621e+12	7.87e-19	2.42e-09	1.00e+00
 3.53433e+12	8.86e-19	2.64e-09	1.00e+00
 3.70538e+12	1.01e-18	2.90e-09	1.00e+00
 3.87342e+12	1.15e-18	3.18e-09	1.00e+00
 4.03469e+12	1.30e-18	3.45e-09	1.00e+00
 4.21250e+12	1.48e-18	3.77e-09	1.00e+00
 4.41093e+12	1.70e-18	4.14e-09	1.00e+00
 4.59155e+12	1.93e-18	4.49e-09	1.00e+00
 4.74393e+12	2.14e-18	4.80e-09	1.00e+00
 4.91164e+12	2.39e-18	5.16e-09	1.00e+00
 5.10110e+12	2.71e-18	5.57e-09	1.00e+00
 5.28270e+12	3.04e-18	5.99e-09	1.00e+00
 5.48268e+12	3.44e-18	6.46e-09	1.00e+00
 5.70483e+12	3.94e-18	7.01e-09	1.00e+00
 5.91305e+12	4.46e-18	7.54e-09	1.00e+00
 6.14098e+12	5.09e-18	8.15e-09	1.00e+00
 6.39742e+12	5.88e-18	8.86e-09	1.00e+00
 6.64258e+12	6.72e-18	9.57e-09	1.00e+00
 6.86924e+12	7.59e-18	1.03e-08	1.00e+00
 7.12020e+12	8.64e-18	1.10e-08	1.00e+00
 7.40155e+12	9.96e-18	1.19e-08	1.00e+00
 7.66749e+12	1.14e-17	1.28e-08	1.00e+00
 7.95830e+12	1.30e-17	1.39e-08	1.00e+00
 8.28008e+12	1.51e-17	1.50e-08	1.00e+00
 8.57877e+12	1.73e-17	1.62e-08	1.00e+00
 8.90372e+12	1.99e-17	1.74e-08	1.00e+00
 9.26718e+12	2.32e-17	1.89e-08	1.00e+00
 9.61017e+12	2.67e-17	2.04e-08	1.00e+00
 9.98379e+12	3.09e-17	2.20e-08	1.00e+00
 1.04004e+13	3.62e-17	2.40e-08	1.00e+00
 1.07957e+13	4.18e-17	2.59e-08	1.00e+00
 1.12195e+13	4.86e-17	2.80e-08	1.00e+00
 1.16983e+13	5.72e-17	3.05e-08	1.00e+00
 1.21711e+13	6.69e-17	3.30e-08	1.00e+00
 1.26629e+13	7.81e-17	3.58e-08	1.00e+00
 1.31994e+13	9.20e-17	3.90e-08	1.00e+00
 1.37573e+13	1.08e-16	4.24e-08	1.00e+00
 1.43375e+13	1.27e-16	4.61e-08	1.00e+00
 1.49064e+13	1.49e-16	4.99e-08	1.00e+00
 1.54349e+13	1.71e-16	5.35e-08	1.00e+00
 1.60189e+13	1.98e-16	5.77e-08	1.00e+00
 1.66192e+13	2.29e-16	6.22e-08	1.00e+00
 1.71208e+13	2.57e-16	6.60e-08	1.00e+00
 1.76504e+13	2.90e-16	7.02e-08	1.00e+00
 1.83237e+13	3.36e-16	7.56e-08	1.00e+00
 1.90268e+13	3.90e-16	8.16e-08	1.00e+00
 1.96500e+13	4.43e-16	8.70e-08	1.00e+00
 2.03261e+13	5.06e-16	9.31e-08	1.00e+00
 2.10799e+13	5.85e-16	1.00e-07	1.00e+00
 2.17856e+13	6.66e-16	1.07e-07	1.00e+00
 2.25534e+13	7.63e-16	1.15e-07	1.00e+00
 2.34082e+13	8.84e-16	1.23e-07	1.00e+00
 2.42066e+13	1.01e-15	1.32e-07	1.00e+00
 2.50753e+13	1.16e-15	1.41e-07	1.00e+00
 2.60455e+13	1.35e-15	1.53e-07	1.00e+00
 2.69580e+13	1.54e-15	1.63e-07	1.00e+00
 2.79541e+13	1.78e-15	1.75e-07	1.00e+00
 2.90675e+13	2.07e-15	1.90e-07	1.00e+00
 3.01190e+13	2.38e-15	2.03e-07	1.00e+00
 3.12473e+13	2.75e-15	2.19e-07	1.00e+00
 3.25271e+13	3.22e-15	2.37e-07	1.00e+00
 3.37840e+13	3.73e-15	2.55e-07	1.00e+00
 3.50911e+13	4.33e-15	2.75e-07	1.00e+00
 3.65247e+13	5.07e-15	2.98e-07	1.00e+00
 3.79778e+13	5.91e-15	3.21e-07	1.00e+00
 3.94890e+13	6.89e-15	3.47e-07	1.00e+00
 4.10046e+13	7.99e-15	3.74e-07	1.00e+00
 4.24366e+13	9.14e-15	4.01e-07	1.00e+00
 4.40197e+13	1.06e-14	4.31e-07	1.00e+00
 4.56050e+13	1.21e-14	4.62e-07	1.00e+00
 4.69150e+13	1.36e-14	4.89e-07	1.00e+00
 4.83009e+13	1.52e-14	5.18e-07	1.00e+00
 5.00809e+13	1.75e-14	5.57e-07	1.00e+00
 5.19536e+13	2.03e-14	6.00e-07	1.00e+00
 5.36046e+13	2.29e-14	6.39e-07	1.00e+00
 5.53872e+13	2.61e-14	6.82e-07	1.00e+00
 5.75375e+13	3.04e-14	7.37e-07	1.00e+00
 5.97192e+13	3.52e-14	7.95e-07	1.00e+00
 6.17540e+13	4.02e-14	8.50e-07	1.00e+00
 6.40199e+13	4.64e-14	9.15e-07	1.00e+00
 6.64331e+13	5.38e-14	9.87e-07	1.00e+00
 6.85784e+13	6.10e-14	1.05e-06	1.00e+00
 7.08833e+13	6.96e-14	1.13e-06	1.00e+00
 7.36448e+13	8.11e-14	1.22e-06	1.00e+00
 7.63604e+13	9.37e-14	1.31e-06	1.00e+00
 7.87762e+13	1.06e-13	1.40e-06	1.00e+00
 8.14414e+13	1.21e-13	1.50e-06	1.00e+00
 8.46218e+13	1.41e-13	1.62e-06	1.00e+00
 8.77807e+13	1.63e-13	1.75e-06	1.00e+00
 9.06652e+13	1.86e-13	1.87e-06	1.00e+00
 9.38839e+13	2.13e-13	2.01e-06	1.00e+00
 9.76322e+13	2.49e-13	2.18e-06	1.00e+00
 1.01314e+14	2.88e-13	2.35e-06	1.00e+00
 1.04790e+14	3.29e-13	2.52e-06	1.00e+00
 1.08657e+14	3.80e-13	2.71e-06	1.00e+00
 1.13034e+14	4.43e-13	2.94e-06	1.00e+00
 1.17413e+14	5.14e-13	3.18e-06	1.00e+00
 1.21520e+14	5.88e-13	3.41e-06	1.00e+00
 1.25962e+14	6.76e-13	3.67e-06	1.00e+00
 1.30928e+14	7.85e-13	3.97e-06	1.00e+00
 1.35574e+14	8.98e-13	4.26e-06	1.00e+00
 1.39883e+14	1.01e-12	4.55e-06	1.00e+00
 1.44032e+14	1.13e-12	4.83e-06	1.00e+00
 1.48644e+14	1.28e-12	5.15e-06	1.00e+00
 1.53748e+14	1.45e-12	5.51e-06	1.00e+00
 1.58505e+14	1.63e-12	5.86e-06	1.00e+00
 1.63702e+14	1.84e-12	6.26e-06	1.00e+00
 1.69549e+14	2.10e-12	6.73e-06	1.00e+00
 1.75117e+14	2.37e-12	7.18e-06	1.00e+00
 1.81229e+14	2.70e-12	7.70e-06	1.00e+00
 1.87963e+14	3.10e-12	8.29e-06	1.00e+00
 1.94157e+14	3.49e-12	8.86e-06	1.00e+00
 2.00858e+14	3.96e-12	9.49e-06	1.00e+00
 2.08358e+14	4.55e-12	1.02e-05	1.00e+00
 2.15421e+14	5.14e-12	1.09e-05	1.00e+00
 2.23127e+14	5.86e-12	1.18e-05	1.00e+00
 2.31686e+14	6.73e-12	1.27e-05	1.00e+00
 2.39670e+14	7.63e-12	1.36e-05	1.00e+00
 2.48335e+14	8.70e-12	1.46e-05	1.00e+00
 2.58029e+14	1.00e-11	1.58e-05	1.00e+00
 2.67240e+14	1.14e-11	1.70e-05	1.00e+00
 2.77088e+14	1.31e-11	1.83e-05	1.00e+00
 2.88201e+14	1.51e-11	1.99e-05	1.00e+00
 2.99154e+14	1.74e-11	2.15e-05	1.00e+00
 3.10545e+14	2.00e-11	2.33e-05	1.00e+00
 3.22997e+14	2.33e-11	2.53e-05	1.00e+00
 3.35299e+14	2.68e-11	2.73e-05	1.00e+00
 3.45530e+14	3.00e-11	2.91e-05	1.00e+00
 3.53788e+14	3.29e-11	3.06e-05	1.00e+00
 3.62947e+14	3.63e-11	3.23e-05	1.00e+00
 3.74853e+14	4.12e-11	3.47e-05	1.00e+00
 3.87624e+14	4.69e-11	3.73e-05	1.00e+00
 3.98960e+14	5.26e-11	3.97e-05	1.00e+00
 4.11138e+14	5.92e-11	4.23e-05	1.00e+00
 4.26397e+14	6.84e-11	4.58e-05	1.00e+00
 4.41874e+14	7.90e-11	4.96e-05	1.00e+00
 4.55288e+14	8.90e-11	5.29e-05	1.00e+00
 4.69804e+14	1.01e-10	5.68e-05	1.00e+00
 4.87585e+14	1.18e-10	6.16e-05	1.00e+00
 5.05564e+14	1.37e-10	6.68e-05	1.00e+00
 5.21589e+14	1.56e-10	7.16e-05	1.00e+00
 5.39117e+14	1.79e-10	7.71e-05	1.00e+00
 5.60020e+14	2.10e-10	8.40e-05	1.00e+00
 5.80672e+14	2.44e-10	9.12e-05	1.00e+00
 5.99360e+14	2.79e-10	9.79e-05	1.00e+00
 6.20133e+14	3.22e-10	1.06e-04	1.00e+00
 6.44527e+14	3.80e-10	1.15e-04	1.00e+00
 6.68559e+14	4.44e-10	1.25e-04	1.00e+00
 6.90933e+14	5.12e-10	1.35e-04	1.00e+00
 7.15981e+14	5.96e-10	1.46e-04	1.00e+00
 7.44650e+14	7.06e-10	1.60e-04	1.00e+00
 7.72940e+14	8.30e-10	1.74e-04	1.00e+00
 8.02362e+14	9.75e-10	1.89e-04	1.00e+00
 8.29117e+14	1.12e-09	2.04e-04	1.00e+00
 8.49111e+14	1.25e-09	2.15e-04	1.00e+00
 8.69781e+14	1.38e-09	2.27e-04	1.00e+00
 8.96651e+14	1.58e-09	2.43e-04	1.00e+00
 9.25851e+14	1.81e-09	2.61e-04	1.00e+00
 9.52277e+14	2.05e-09	2.78e-04	1.00e+00
 9.80831e+14	2.33e-09	2.98e-04	1.00e+00
 1.01692e+15	2.72e-09	3.23e-04	1.00e+00
 1.05329e+15	3.17e-09	3.49e-04	1.00e+00
 1.08396e+15	3.59e-09	3.72e-04	1.00e+00
 1.11678e+15	4.09e-09	3.98e-04	1.00e+00
 1.15805e+15	4.79e-09	4.31e-04	1.00e+00
 1.20125e+15	5.61e-09	4.68e-04	1.00e+00
 1.24026e+15	6.44e-09	5.02e-04	9.99e-01
 1.28287e+15	7.46e-09	5.41e-04	9.99e-01
 1.33311e+15	8.81e-09	5.88e-04	9.99e-01
 1.38228e+15	1.03e-08	6.37e-04	9.99e-01
 1.42737e+15	1.18e-08	6.83e-04	9.99e-01
 1.47815e+15	1.37e-08	7.38e-04	9.99e-01
 1.53700e+15	1.63e-08	8.03e-04	9.99e-01
 1.59465e+15	1.90e-08	8.70e-04	9.99e-01
 1.64912e+15	2.20e-08	9.36e-04	9.99e-01
 1.70964e+15	2.56e-08	1.01e-03	9.99e-01
 1.76737e+15	2.95e-08	1.09e-03	9.99e-01
 1.81067e+15	3.27e-08	1.15e-03	9.99e-01
 1.85460e+15	3.62e-08	1.21e-03	9.99e-01
 1.91172e+15	4.12e-08	1.29e-03	9.99e-01
 1.97364e+15	4.71e-08	1.38e-03	9.99e-01
 2.02922e+15	5.29e-08	1.46e-03	9.99e-01
 2.08889e+15	5.98e-08	1.55e-03	9.98e-01
 2.16508e+15	6.95e-08	1.68e-03	9.98e-01
 2.24203e+15	8.05e-08	1.81e-03	9.98e-01
 2.30614e+15	9.04e-08	1.92e-03	9.98e-01
 2.37424e+15	1.02e-07	2.04e-03	9.98e-01
 2.46101e+15	1.19e-07	2.20e-03	9.98e-01
 2.55147e+15	1.38e-07	2.37e-03	9.98e-01
 2.63072e+15	1.56e-07	2.53e-03	9.97e-01
 2.71597e+15	1.78e-07	2.70e-03	9.97e-01
 2.81945e+15	2.08e-07	2.92e-03	9.97e-01
 2.92172e+15	2.41e-07	3.15e-03	9.97e-01
 3.01165e+15	2.73e-07	3.35e-03	9.97e-01
 3.11042e+15	3.12e-07	3.59e-03	9.96e-01
 3.21939e+15	3.60e-07	3.86e-03	9.96e-01
 3.31982e+15	4.07e-07	4.11e-03	9.96e-01
 3.40614e+15	4.52e-07	4.33e-03	9.96e-01
 3.49592e+15	5.04e-07	4.57e-03	9.95e-01
 3.59639e+15	5.67e-07	4.85e-03	9.95e-01
 3.69191e+15	6.31e-07	5.12e-03	9.95e-01
 3.79721e+15	7.10e-07	5.44e-03	9.95e-01
 3.91194e+15	8.02e-07	5.79e-03	9.94e-01
 4.01757e+15	8.93e-07	6.12e-03	9.94e-01
 4.13353e+15	1.01e-06	6.50e-03	9.93e-01
 4.26154e+15	1.14e-06	6.93e-03	9.93e-01
 4.38249e+15	1.28e-06	7.35e-03	9.93e-01
 4.51698e+15	1.45e-06	7.86e-03	9.92e-01
 4.66181e+15	1.65e-06	8.40e-03	9.92e-01
 4.79103e+15	1.85e-06	8.91e-03	9.91e-01
 4.92993e+15	2.09e-06	9.50e-03	9.90e-01
 5.08368e+15	2.37e-06	1.02e-02	9.90e-01
 5.22673e+15	2.65e-06	1.08e-02	9.89e-01
 5.38274e+15	3.02e-06	1.16e-02	9.88e-01
 5.55195e+15	3.44e-06	1.24e-02	9.88e-01
 5.69695e+15	3.82e-06	1.32e-02	9.87e-01
 5.82290e+15	4.20e-06	1.39e-02	9.86e-01
 5.96549e+15	4.68e-06	1.48e-02	9.85e-01
 6.12271e+15	5.25e-06	1.58e-02	9.84e-01
 6.26746e+15	5.82e-06	1.68e-02	9.83e-01
 6.40323e+15	6.41e-06	1.78e-02	9.82e-01
 6.55886e+15	7.21e-06	1.91e-02	9.81e-01
 6.72634e+15	8.12e-06	2.05e-02	9.79e-01
 6.87456e+15	9.01e-06	2.19e-02	9.78e-01
 7.00958e+15	9.93e-06	2.33e-02	9.77e-01
 7.16207e+15	1.11e-05	2.50e-02	9.75e-01
 7.32996e+15	1.26e-05	2.71e-02	9.73e-01
 7.48198e+15	1.41e-05	2.92e-02	9.71e-01
 7.62107e+15	1.57e-05	3.13e-02	9.69e-01
 7.77921e+15	1.79e-05	3.41e-02	9.66e-01
 7.94824e+15	2.05e-05	3.74e-02	9.63e-01
 8.09359e+15	2.31e-05	4.07e-02	9.59e-01
 8.22349e+15	2.59e-05	4.40e-02	9.56e-01
 8.37115e+15	2.97e-05	4.84e-02	9.52e-01
 8.52864e+15	3.46e-05	5.39e-02	9.46e-01
 8.65839e+15	3.92e-05	5.90e-02	9.41e-01
 8.76587e+15	4.39e-05	6.40e-02	9.36e-01
 8.88494e+15	4.96e-05	7.05e-02	9.29e-01
 9.03973e+15	6.06e-05	8.05e-02	9.19e-01
 9.17507e+15	7.10e-05	9.09e-02	9.09e-01
 9.25131e+15	7.82e-05	9.79e-02	9.02e-01
 9.31658e+15	8.50e-05	1.05e-01	8.95e-01
 9.40144e+15	9.70e-05	1.15e-01	8.85e-01
 9.48297e+15	1.08e-04	1.26e-01	8.74e-01
 9.56020e+15	1.23e-04	1.38e-01	8.62e-01
 9.63938e+15	1.39e-04	1.51e-01	8.48e-01
 9.70306e+15	1.57e-04	1.64e-01	8.36e-01
 9.75288e+15	1.69e-04	1.75e-01	8.25e-01
 9.80276e+15	1.86e-04	1.88e-01	8.12e-01
 9.86760e+15	2.10e-04	2.06e-01	7.94e-01
 9.93609e+15	2.40e-04	2.27e-01	7.73e-01
 9.99334e+15	2.71e-04	2.47e-01	7.53e-01
 1.00388e+16	2.97e-04	2.64e-01	7.35e-01
 1.00847e+16	3.26e-04	2.84e-01	7.15e-01
 1.01445e+16	3.73e-04	3.12e-01	6.87e-01
 1.02031e+16	4.19e-04	3.42e-01	6.57e-01
 1.02602e+16	4.79e-04	3.75e-01	6.25e-01
 1.03156e+16	5.37e-04	4.07e-01	5.92e-01
 1.03604e+16	5.90e-04	4.36e-01	5.64e-01
 1.04102e+16	6.58e-04	4.70e-01	5.30e-01
 1.04663e+16	7.39e-04	5.08e-01	4.91e-01
 1.05203e+16	8.23e-04	5.47e-01	4.52e-01
 1.05802e+16	9.26e-04	5.90e-01	4.09e-01
 1.06336e+16	1.01e-03	6.25e-01	3.74e-01
 1.06678e+16	1.07e-03	6.48e-01	3.51e-01
 1.07015e+16	1.14e-03	6.71e-01	3.28e-01
 1.07452e+16	1.22e-03	6.99e-01	3.00e-01
 1.07930e+16	1.32e-03	7.27e-01	2.71e-01
 1.08370e+16	1.40e-03	7.51e-01	2.47e-01
 1.08851e+16	1.50e-03	7.77e-01	2.22e-01
 1.09374e+16	1.60e-03	8.01e-01	1.97e-01
 1.09848e+16	1.70e-03	8.21e-01	1.78e-01
 1.10288e+16	1.79e-03	8.38e-01	1.61e-01
 1.10790e+16	1.89e-03	8.55e-01	1.43e-01
 1.11340e+16	2.00e-03	8.72e-01	1.26e-01
 1.11833e+16	2.11e-03	8.85e-01	1.13e-01
 1.12284e+16	2.21e-03	8.96e-01	1.02e-01
 1.12794e+16	2.32e-03	9.07e-01	9.09e-02
 1.13352e+16	2.45e-03	9.17e-01	8.06e-02
 1.13849e+16	2.57e-03	9.25e-01	7.25e-02
 1.14293e+16	2.68e-03	9.31e-01	6.60e-02
 1.14791e+16	2.82e-03	9.38e-01	5.92e-02
 1.15337e+16	2.97e-03	9.44e-01	5.30e-02
 1.15822e+16	3.11e-03	9.49e-01	4.81e-02
 1.16255e+16	3.25e-03	9.53e-01	4.42e-02
 1.16740e+16	3.41e-03	9.57e-01	4.00e-02
 1.17267e+16	3.60e-03	9.60e-01	3.62e-02
 1.17728e+16	3.79e-03	9.63e-01	3.32e-02
 1.18134e+16	3.95e-03	9.65e-01	3.09e-02
 1.18589e+16	4.16e-03	9.68e-01	2.83e-02
 1.19087e+16	4.41e-03	9.70e-01	2.59e-02
 1.19529e+16	4.65e-03	9.71e-01	2.39e-02
 1.19916e+16	4.88e-03	9.73e-01	2.23e-02
 1.20346e+16	5.16e-03	9.74e-01	2.07e-02
 1.20823e+16	5.50e-03	9.75e-01	1.91e-02
 1.21254e+16	5.85e-03	9.76e-01	1.77e-02
 1.21632e+16	6.18e-03	9.77e-01	1.66e-02
 1.22050e+16	6.58e-03	9.78e-01	1.55e-02
 1.22519e+16	7.10e-03	9.79e-01	1.43e-02
 1.22954e+16	7.64e-03	9.79e-01	1.34e-02
 1.23348e+16	8.20e-03	9.79e-01	1.26e-02
 1.23788e+16	8.90e-03	9.79e-01	1.17e-02
 1.24269e+16	9.80e-03	9.79e-01	1.08e-02
 1.24690e+16	1.07e-02	9.79e-01	1.02e-02
 1.25042e+16	1.17e-02	9.79e-01	9.64e-03
 1.25422e+16	1.28e-02	9.78e-01	9.08e-03
 1.25841e+16	1.42e-02	9.77e-01	8.51e-03
 1.26186e+16	1.57e-02	9.76e-01	8.10e-03
 1.26431e+16	1.69e-02	9.75e-01	7.83e-03
 1.26676e+16	1.83e-02	9.74e-01	7.53e-03
 1.26995e+16	2.03e-02	9.73e-01	7.17e-03
 1.27311e+16	2.28e-02	9.70e-01	6.87e-03
 1.27541e+16	2.50e-02	9.68e-01	6.64e-03
 1.27721e+16	2.69e-02	9.67e-01	6.49e-03
 1.27915e+16	2.92e-02	9.64e-01	6.30e-03
 1.28168e+16	3.26e-02	9.61e-01	6.09e-03
 1.28423e+16	3.69e-02	9.57e-01	5.90e-03
 1.28614e+16	4.09e-02	9.53e-01	5.77e-03
 1.28763e+16	4.44e-02	9.50e-01	5.68e-03
 1.28925e+16	4.86e-02	9.46e-01	5.57e-03
 1.29136e+16	5.49e-02	9.40e-01	5.45e-03
 1.29348e+16	6.28e-02	9.32e-01	5.35e-03
 1.29510e+16	7.03e-02	9.24e-01	5.29e-03
 1.29640e+16	7.68e-02	9.18e-01	5.26e-03
 1.29781e+16	8.49e-02	9.10e-01	5.22e-03
 1.29952e+16	9.63e-02	8.99e-01	5.19e-03
 1.30117e+16	1.09e-01	8.85e-01	5.18e-03
 1.30240e+16	1.21e-01	8.74e-01	5.18e-03
 1.30337e+16	1.31e-01	8.64e-01	5.21e-03
 1.30431e+16	1.42e-01	8.53e-01	5.22e-03
 1.30527e+16	1.54e-01	8.41e-01	5.23e-03
 1.30622e+16	1.67e-01	8.28e-01	5.26e-03
 1.30694e+16	1.78e-01	8.17e-01	5.30e-03
 1.30738e+16	1.85e-01	8.10e-01	5.32e-03
 1.30778e+16	1.91e-01	8.03e-01	5.33e-03
 1.30825e+16	2.00e-01	7.95e-01	5.34e-03
 1.30878e+16	2.09e-01	7.85e-01	5.36e-03
 1.30929e+16	2.19e-01	7.76e-01	5.38e-03
 1.30976e+16	2.28e-01	7.67e-01	5.41e-03
 1.31023e+16	2.38e-01	7.57e-01	5.42e-03
 1.31070e+16	2.48e-01	7.47e-01	5.45e-03
 1.31117e+16	2.59e-01	7.36e-01	5.46e-03
 1.31163e+16	2.69e-01	7.25e-01	5.49e-03
 1.31209e+16	2.81e-01	7.14e-01	5.51e-03
 1.31255e+16	2.93e-01	7.02e-01	5.52e-03
 1.31300e+16	3.04e-01	6.90e-01	5.54e-03
 1.31344e+16	3.16e-01	6.78e-01	5.56e-03
 1.31389e+16	3.29e-01	6.65e-01	5.56e-03
 1.31434e+16	3.42e-01	6.52e-01	5.58e-03
 1.31478e+16	3.56e-01	6.39e-01	5.58e-03
 1.31521e+16	3.69e-01	6.26e-01	5.60e-03
 1.31565e+16	3.83e-01	6.11e-01	5.60e-03
 1.31609e+16	3.98e-01	5.97e-01	5.59e-03
 1.31652e+16	4.12e-01	5.82e-01	5.59e-03
 1.31694e+16	4.26e-01	5.68e-01	5.59e-03
 1.31737e+16	4.42e-01	5.53e-01	5.57e-03
 1.31780e+16	4.57e-01	5.37e-01	5.56e-03
 1.31823e+16	4.72e-01	5.22e-01	5.54e-03
 1.31865e+16	4.88e-01	5.06e-01	5.52e-03
 1.31908e+16	5.04e-01	4.90e-01	5.48e-03
 1.31950e+16	5.20e-01	4.75e-01	5.45e-03
 1.31992e+16	5.35e-01	4.59e-01	5.41e-03
 1.32033e+16	5.51e-01	4.44e-01	5.37e-03
 1.32073e+16	5.66e-01	4.28e-01	5.31e-03
 1.32114e+16	5.82e-01	4.13e-01	5.25e-03
 1.32154e+16	5.97e-01	3.98e-01	5.19e-03
 1.32194e+16	6.12e-01	3.83e-01	5.13e-03
 1.32234e+16	6.27e-01	3.68e-01	5.06e-03
 1.32274e+16	6.41e-01	3.54e-01	4.98e-03
 1.32313e+16	6.55e-01	3.40e-01	4.90e-03
 1.32354e+16	6.70e-01	3.26e-01	4.81e-03
 1.32394e+16	6.84e-01	3.12e-01	4.70e-03
 1.32435e+16	6.97e-01	2.98e-01	4.60e-03
 1.32476e+16	7.11e-01	2.85e-01	4.50e-03
 1.32517e+16	7.24e-01	2.72e-01	4.38e-03
 1.32560e+16	7.37e-01	2.59e-01	4.27e-03
 1.32603e+16	7.49e-01	2.46e-01	4.15e-03
 1.32647e+16	7.62e-01	2.34e-01	4.02e-03
 1.32691e+16	7.73e-01	2.23e-01	3.89e-03
 1.32737e+16	7.85e-01	2.12e-01	3.76e-03
 1.32786e+16	7.96e-01	2.00e-01	3.63e-03
 1.32836e+16	8.07e-01	1.90e-01	3.49e-03
 1.32889e+16	8.17e-01	1.80e-01	3.35e-03
 1.32937e+16	8.26e-01	1.71e-01	3.23e-03
 1.32977e+16	8.32e-01	1.65e-01	3.13e-03
 1.33016e+16	8.38e-01	1.59e-01	3.03e-03
 1.33058e+16	8.45e-01	1.52e-01	2.93e-03
 1.33103e+16	8.51e-01	1.47e-01	2.84e-03
 1.33149e+16	8.56e-01	1.41e-01	2.75e-03
 1.33195e+16	8.61e-01	1.36e-01	2.66e-03
 1.33243e+16	8.66e-01	1.32e-01	2.58e-03
 1.33292e+16	8.70e-01	1.27e-01	2.50e-03
 1.33344e+16	8.74e-01	1.23e-01	2.42e-03
 1.33398e+16	8.78e-01	1.20e-01	2.35e-03
 1.33455e+16	8.81e-01	1.16e-01	2.28e-03
 1.33516e+16	8.85e-01	1.13e-01	2.22e-03
 1.33583e+16	8.88e-01	1.10e-01	2.15e-03
 1.33653e+16	8.91e-01	1.07e-01	2.09e-03
 1.33730e+16	8.93e-01	1.05e-01	2.03e-03
 1.33814e+16	8.96e-01	1.02e-01	1.97e-03
 1.33906e+16	8.98e-01	1.00e-01	1.91e-03
 1.34005e+16	9.00e-01	9.80e-02	1.86e-03
 1.34113e+16	9.02e-01	9.61e-02	1.80e-03
 1.34230e+16	9.04e-01	9.43e-02	1.75e-03
 1.34357e+16	9.06e-01	9.27e-02	1.70e-03
 1.34493e+16	9.07e-01	9.11e-02	1.64e-03
 1.34635e+16	9.09e-01	8.95e-02	1.59e-03
 1.34783e+16	9.10e-01	8.81e-02	1.54e-03
 1.34936e+16	9.12e-01	8.67e-02	1.49e-03
 1.35090e+16	9.13e-01	8.53e-02	1.44e-03
 1.35247e+16	9.15e-01	8.40e-02	1.40e-03
 1.35404e+16	9.16e-01	8.27e-02	1.35e-03
 1.35562e+16	9.17e-01	8.14e-02	1.31e-03
 1.35721e+16	9.19e-01	8.02e-02	1.27e-03
 1.35884e+16	9.20e-01	7.89e-02	1.23e-03
 1.36048e+16	9.21e-01	7.77e-02	1.19e-03
 1.36213e+16	9.22e-01	7.65e-02	1.15e-03
 1.36382e+16	9.24e-01	7.52e-02	1.11e-03
 1.36557e+16	9.25e-01	7.40e-02	1.07e-03
 1.36742e+16	9.26e-01	7.27e-02	1.03e-03
 1.36936e+16	9.28e-01	7.14e-02	9.94e-04
 1.37139e+16	9.29e-01	7.00e-02	9.54e-04
 1.37355e+16	9.31e-01	6.86e-02	9.12e-04
 1.37592e+16	9.32e-01	6.71e-02	8.71e-04
 1.37858e+16	9.34e-01	6.54e-02	8.26e-04
 1.38163e+16	9.36e-01	6.35e-02	7.76e-04
 1.38483e+16	9.38e-01	6.16e-02	7.29e-04
 1.38785e+16	9.39e-01	6.00e-02	6.87e-04
 1.39059e+16	9.41e-01	5.85e-02	6.52e-04
 1.39308e+16	9.42e-01	5.71e-02	6.21e-04
 1.39536e+16	9.43e-01	5.60e-02	5.94e-04
 1.39742e+16	9.45e-01	5.49e-02	5.71e-04
 1.39930e+16	9.46e-01	5.39e-02	5.50e-04
 1.40101e+16	9.46e-01	5.31e-02	5.31e-04
 1.40257e+16	9.47e-01	5.23e-02	5.15e-04
 1.40428e+16	9.48e-01	5.14e-02	4.98e-04
 1.40649e+16	9.49e-01	5.03e-02	4.76e-04
 1.40889e+16	9.50e-01	4.92e-02	4.54e-04
 1.41107e+16	9.51e-01	4.82e-02	4.34e-04
 1.41305e+16	9.52e-01	4.73e-02	4.17e-04
 1.41486e+16	9.53e-01	4.65e-02	4.03e-04
 1.41650e+16	9.54e-01	4.57e-02	3.89e-04
 1.41799e+16	9.55e-01	4.51e-02	3.77e-04
 1.41935e+16	9.55e-01	4.45e-02	3.67e-04
 1.42084e+16	9.56e-01	4.38e-02	3.55e-04
 1.42245e+16	9.57e-01	4.31e-02	3.44e-04
 1.42391e+16	9.57e-01	4.25e-02	3.33e-04
 1.42525e+16	9.58e-01	4.19e-02	3.24e-04
 1.42671e+16	9.58e-01	4.13e-02	3.14e-04
 1.42828e+16	9.59e-01	4.06e-02	3.04e-04
 1.42972e+16	9.60e-01	4.00e-02	2.94e-04
 1.43102e+16	9.60e-01	3.95e-02	2.86e-04
 1.43221e+16	9.61e-01	3.90e-02	2.79e-04
 1.43351e+16	9.61e-01	3.84e-02	2.71e-04
 1.43492e+16	9.62e-01	3.79e-02	2.63e-04
 1.43619e+16	9.62e-01	3.74e-02	2.55e-04
 1.43736e+16	9.63e-01	3.69e-02	2.49e-04
 1.43863e+16	9.63e-01	3.64e-02	2.42e-04
 1.44001e+16	9.64e-01	3.59e-02	2.35e-04
 1.44126e+16	9.64e-01	3.54e-02	2.28e-04
 1.44240e+16	9.65e-01	3.49e-02	2.22e-04
 1.44365e+16	9.65e-01	3.44e-02	2.16e-04
 1.44500e+16	9.66e-01	3.40e-02	2.10e-04
 1.44622e+16	9.66e-01	3.35e-02	2.04e-04
 1.44734e+16	9.67e-01	3.31e-02	1.99e-04
 1.44856e+16	9.67e-01	3.26e-02	1.93e-04
 1.44989e+16	9.68e-01	3.22e-02	1.88e-04
 1.45109e+16	9.68e-01	3.18e-02	1.83e-04
 1.45218e+16	9.68e-01	3.14e-02	1.79e-04
 1.45338e+16	9.69e-01	3.10e-02	1.74e-04
 1.45467e+16	9.69e-01	3.05e-02	1.69e-04
 1.45585e+16	9.70e-01	3.02e-02	1.65e-04
 1.45692e+16	9.70e-01	2.98e-02	1.61e-04
 1.45810e+16	9.70e-01	2.94e-02	1.57e-04
 1.45936e+16	9.71e-01	2.90e-02	1.53e-04
 1.46052e+16	9.71e-01	2.87e-02	1.49e-04
 1.46178e+16	9.72e-01	2.83e-02	1.44e-04
 1.46315e+16	9.72e-01	2.79e-02	1.41e-04
 1.46439e+16	9.72e-01	2.75e-02	1.37e-04
 1.46575e+16	9.73e-01	2.71e-02	1.33e-04
 1.46722e+16	9.73e-01	2.67e-02	1.29e-04
 1.46855e+16	9.74e-01	2.63e-02	1.26e-04
 1.46977e+16	9.74e-01	2.60e-02	1.22e-04
 1.47110e+16	9.74e-01	2.56e-02	1.19e-04
 1.47254e+16	9.75e-01	2.53e-02	1.16e-04
 1.47385e+16	9.75e-01	2.50e-02	1.13e-04
 1.47529e+16	9.75e-01	2.46e-02	1.09e-04
 1.47684e+16	9.76e-01	2.42e-02	1.06e-04
 1.47825e+16	9.76e-01	2.39e-02	1.03e-04
 1.47953e+16	9.76e-01	2.36e-02	1.00e-04
 1.48094e+16	9.77e-01	2.32e-02	9.75e-05
 1.48245e+16	9.77e-01	2.29e-02	9.48e-05
 1.48383e+16	9.77e-01	2.26e-02	9.22e-05
 1.48535e+16	9.78e-01	2.22e-02	8.94e-05
 1.48698e+16	9.78e-01	2.19e-02	8.67e-05
 1.48847e+16	9.78e-01	2.16e-02	8.43e-05
 1.49010e+16	9.79e-01	2.12e-02	8.15e-05
 1.49186e+16	9.79e-01	2.09e-02	7.89e-05
 1.49346e+16	9.79e-01	2.06e-02	7.66e-05
 1.49491e+16	9.80e-01	2.03e-02	7.45e-05
 1.49651e+16	9.80e-01	2.00e-02	7.22e-05
 1.49823e+16	9.80e-01	1.97e-02	7.00e-05
 1.49980e+16	9.81e-01	1.94e-02	6.80e-05
 1.50152e+16	9.81e-01	1.91e-02	6.58e-05
 1.50337e+16	9.81e-01	1.87e-02	6.37e-05
 1.50506e+16	9.81e-01	1.85e-02	6.18e-05
 1.50691e+16	9.82e-01	1.81e-02	5.97e-05
 1.50891e+16	9.82e-01	1.78e-02	5.76e-05
 1.51073e+16	9.82e-01	1.75e-02	5.58e-05
 1.51238e+16	9.83e-01	1.73e-02	5.43e-05
 1.51419e+16	9.83e-01	1.70e-02	5.25e-05
 1.51615e+16	9.83e-01	1.67e-02	5.08e-05
 1.51793e+16	9.83e-01	1.65e-02	4.92e-05
 1.51988e+16	9.84e-01	1.62e-02	4.75e-05
 1.52199e+16	9.84e-01	1.59e-02	4.59e-05
 1.52390e+16	9.84e-01	1.56e-02	4.45e-05
 1.52600e+16	9.85e-01	1.53e-02	4.28e-05
 1.52827e+16	9.85e-01	1.51e-02	4.13e-05
 1.53033e+16	9.85e-01	1.48e-02	3.99e-05
 1.53259e+16	9.85e-01	1.45e-02	3.84e-05
 1.53503e+16	9.86e-01	1.42e-02	3.69e-05
 1.53726e+16	9.86e-01	1.40e-02	3.56e-05
 1.53969e+16	9.86e-01	1.37e-02	3.42e-05
 1.54232e+16	9.87e-01	1.34e-02	3.28e-05
 1.54471e+16	9.87e-01	1.32e-02	3.17e-05
 1.54688e+16	9.87e-01	1.29e-02	3.06e-05
 1.54927e+16	9.87e-01	1.27e-02	2.95e-05
 1.55184e+16	9.88e-01	1.24e-02	2.83e-05
 1.55418e+16	9.88e-01	1.22e-02	2.74e-05
 1.55675e+16	9.88e-01	1.20e-02	2.63e-05
 1.55952e+16	9.88e-01	1.17e-02	2.52e-05
 1.56204e+16	9.88e-01	1.15e-02	2.43e-05
 1.56481e+16	9.89e-01	1.13e-02	2.33e-05
 1.56779e+16	9.89e-01	1.10e-02	2.23e-05
 1.57050e+16	9.89e-01	1.08e-02	2.14e-05
 1.57348e+16	9.89e-01	1.06e-02	2.05e-05
 1.57669e+16	9.90e-01	1.03e-02	1.96e-05
 1.57961e+16	9.90e-01	1.01e-02	1.88e-05
 1.58281e+16	9.90e-01	9.88e-03	1.80e-05
 1.58627e+16	9.90e-01	9.64e-03	1.71e-05
 1.58942e+16	9.91e-01	9.44e-03	1.64e-05
 1.59286e+16	9.91e-01	9.20e-03	1.56e-05
 1.59659e+16	9.91e-01	8.97e-03	1.49e-05
 1.59997e+16	9.91e-01	8.77e-03	1.42e-05
 1.60368e+16	9.91e-01	8.55e-03	1.35e-05
 1.60769e+16	9.92e-01	8.32e-03	1.28e-05
 1.61134e+16	9.92e-01	8.13e-03	1.22e-05
 1.61533e+16	9.92e-01	7.91e-03	1.16e-05
 1.61964e+16	9.92e-01	7.69e-03	1.10e-05
 1.62357e+16	9.92e-01	7.51e-03	1.04e-05
 1.62787e+16	9.93e-01	7.30e-03	9.87e-06
 1.63251e+16	9.93e-01	7.08e-03	9.32e-06
 1.63674e+16	9.93e-01	6.90e-03	8.85e-06
 1.64137e+16	9.93e-01	6.70e-03	8.34e-06
 1.64738e+16	9.94e-01	6.45e-03	7.73e-06
 1.65423e+16	9.94e-01	6.18e-03	7.12e-06
 1.66108e+16	9.94e-01	5.93e-03	6.56e-06
 1.66799e+16	9.94e-01	5.69e-03	6.05e-06
 1.67521e+16	9.95e-01	5.46e-03	5.56e-06
 1.68274e+16	9.95e-01	5.22e-03	5.10e-06
 1.69053e+16	9.95e-01	5.00e-03	4.67e-06
 1.69857e+16	9.95e-01	4.77e-03	4.27e-06
 1.70691e+16	9.95e-01	4.56e-03	3.89e-06
 1.71553e+16	9.96e-01	4.34e-03	3.54e-06
 1.72437e+16	9.96e-01	4.14e-03	3.22e-06
 1.73336e+16	9.96e-01	3.94e-03	2.93e-06
 1.74248e+16	9.96e-01	3.76e-03	2.66e-06
 1.75177e+16	9.96e-01	3.58e-03	2.42e-06
 1.76124e+16	9.97e-01	3.41e-03	2.19e-06
 1.77087e+16	9.97e-01	3.24e-03	1.99e-06
 1.78055e+16	9.97e-01	3.09e-03	1.81e-06
 1.79035e+16	9.97e-01	2.94e-03	1.64e-06
 1.80050e+16	9.97e-01	2.79e-03	1.48e-06
 1.81090e+16	9.97e-01	2.65e-03	1.34e-06
 1.82145e+16	9.97e-01	2.52e-03	1.21e-06
 1.83216e+16	9.98e-01	2.39e-03	1.09e-06
 1.84309e+16	9.98e-01	2.27e-03	9.83e-07
 1.85424e+16	9.98e-01	2.15e-03	8.85e-07
 1.86558e+16	9.98e-01	2.04e-03	7.96e-07
 1.87712e+16	9.98e-01	1.94e-03	7.16e-07
 1.88889e+16	9.98e-01	1.83e-03	6.42e-07
 1.90090e+16	9.98e-01	1.73e-03	5.76e-07
 1.91316e+16	9.98e-01	1.64e-03	5.16e-07
 1.92566e+16	9.98e-01	1.55e-03	4.61e-07
 1.93841e+16	9.99e-01	1.46e-03	4.12e-07
 1.95143e+16	9.99e-01	1.38e-03	3.67e-07
 1.96473e+16	9.99e-01	1.30e-03	3.27e-07
 1.97831e+16	9.99e-01	1.23e-03	2.90e-07
 1.99220e+16	9.99e-01	1.16e-03	2.57e-07
 2.00640e+16	9.99e-01	1.09e-03	2.28e-07
 2.02093e+16	9.99e-01	1.02e-03	2.01e-07
 2.03582e+16	9.99e-01	9.58e-04	1.77e-07
 2.05107e+16	9.99e-01	8.98e-04	1.56e-07
 2.06672e+16	9.99e-01	8.41e-04	1.37e-07
 2.08278e+16	9.99e-01	7.86e-04	1.20e-07
 2.09929e+16	9.99e-01	7.34e-04	1.05e-07
 2.11626e+16	9.99e-01	6.84e-04	9.08e-08
 2.13373e+16	9.99e-01	6.38e-04	7.90e-08
 2.15135e+16	9.99e-01	5.94e-04	6.85e-08
 2.16945e+16	9.99e-01	5.51e-04	5.91e-08
 2.18866e+16	9.99e-01	5.10e-04	5.06e-08
 2.20875e+16	1.00e+00	4.70e-04	4.31e-08
 2.22948e+16	1.00e+00	4.33e-04	3.66e-08
 2.25094e+16	1.00e+00	3.98e-04	3.09e-08
 2.27333e+16	1.00e+00	3.64e-04	2.59e-08
 2.29678e+16	1.00e+00	3.32e-04	2.15e-08
 2.32137e+16	1.00e+00	3.01e-04	1.78e-08
 2.34726e+16	1.00e+00	2.72e-04	1.45e-08
 2.37465e+16	1.00e+00	2.45e-04	1.18e-08
 2.40401e+16	1.00e+00	2.19e-04	9.38e-09
 2.43493e+16	1.00e+00	1.94e-04	7.41e-09
 2.46797e+16	1.00e+00	1.71e-04	5.76e-09
 2.50422e+16	1.00e+00	1.49e-04	4.38e-09
 2.54366e+16	1.00e+00	1.29e-04	3.25e-09
 2.58690e+16	1.00e+00	1.09e-04	2.36e-09
 2.63510e+16	1.00e+00	9.15e-05	1.65e-09
 2.68894e+16	1.00e+00	7.51e-05	1.11e-09
 2.75108e+16	1.00e+00	5.98e-05	7.06e-10
 2.82024e+16	1.00e+00	4.68e-05	4.33e-10
 2.89012e+16	1.00e+00	3.68e-05	2.67e-10
 2.95867e+16	1.00e+00	2.91e-05	1.68e-10
 3.02719e+16	1.00e+00	2.31e-05	1.06e-10
 3.09680e+16	1.00e+00	1.83e-05	6.67e-11
 3.16777e+16	1.00e+00	1.45e-05	4.21e-11
 3.24014e+16	1.00e+00	1.15e-05	2.65e-11
 3.31358e+16	1.00e+00	9.15e-06	1.67e-11
 3.38827e+16	1.00e+00	7.26e-06	1.06e-11
 3.46457e+16	1.00e+00	5.76e-06	6.66e-12
 3.54226e+16	1.00e+00	4.58e-06	4.21e-12
 3.62176e+16	1.00e+00	3.63e-06	2.65e-12
 3.70349e+16	1.00e+00	2.87e-06	1.66e-12
 3.78692e+16	1.00e+00	2.27e-06	1.04e-12
 3.87202e+16	1.00e+00	1.80e-06	6.53e-13
 3.95952e+16	1.00e+00	1.42e-06	4.07e-13
 4.04983e+16	1.00e+00	1.12e-06	2.52e-13
 4.14291e+16	1.00e+00	8.76e-07	1.56e-13
 4.23909e+16	1.00e+00	6.85e-07	9.52e-14
 4.33901e+16	1.00e+00	5.33e-07	5.78e-14
 4.44343e+16	1.00e+00	4.12e-07	3.46e-14
 4.55337e+16	1.00e+00	3.16e-07	2.04e-14
 4.67003e+16	1.00e+00	2.40e-07	1.17e-14
 4.79533e+16	1.00e+00	1.79e-07	6.58e-15
 4.93214e+16	1.00e+00	1.32e-07	3.54e-15
 5.08210e+16	1.00e+00	9.45e-08	1.83e-15
 5.23869e+16	1.00e+00	6.77e-08	9.38e-16
 5.39527e+16	1.00e+00	4.89e-08	4.90e-16
 5.55186e+16	1.00e+00	3.56e-08	2.60e-16
 5.70844e+16	1.00e+00	2.62e-08	1.41e-16
 5.86502e+16	1.00e+00	1.93e-08	7.70e-17
 6.02160e+16	1.00e+00	1.44e-08	4.28e-17
 6.17818e+16	1.00e+00	1.08e-08	2.41e-17
 6.33829e+16	1.00e+00	8.11e-09	1.36e-17
 6.50282e+16	1.00e+00	6.08e-09	7.62e-18
 6.66635e+16	1.00e+00	4.60e-09	4.37e-18
 6.82567e+16	1.00e+00	3.53e-09	2.57e-18
 6.98070e+16	1.00e+00	2.74e-09	1.55e-18
 7.13204e+16	1.00e+00	2.15e-09	9.57e-19
 7.27955e+16	1.00e+00	1.70e-09	6.03e-19
 7.42243e+16	1.00e+00	1.37e-09	3.89e-19
 7.56019e+16	1.00e+00	1.11e-09	2.57e-19
 7.69259e+16	1.00e+00	9.13e-10	1.73e-19
 7.81953e+16	1.00e+00	7.58e-10	1.20e-19
 7.94109e+16	1.00e+00	6.36e-10	8.43e-20
 8.05734e+16	1.00e+00	5.39e-10	6.06e-20
 8.16826e+16	1.00e+00	4.61e-10	4.44e-20
 8.27392e+16	1.00e+00	3.98e-10	3.31e-20
 8.37447e+16	1.00e+00	3.47e-10	2.52e-20
 8.47013e+16	1.00e+00	3.04e-10	1.94e-20
 8.56110e+16	1.00e+00	2.69e-10	1.52e-20
 8.64757e+16	1.00e+00	2.40e-10	1.21e-20
 8.72969e+16	1.00e+00	2.15e-10	9.72e-21
 8.80768e+16	1.00e+00	1.94e-10	0.00e+00
 8.88173e+16	1.00e+00	1.76e-10	0.00e+00
 8.95204e+16	1.00e+00	1.61e-10	0.00e+00
 9.01881e+16	1.00e+00	1.48e-10	0.00e+00
 9.08225e+16	1.00e+00	1.36e-10	0.00e+00
 9.14252e+16	1.00e+00	1.26e-10	0.00e+00
 9.19973e+16	1.00e+00	1.17e-10	0.00e+00
 9.25405e+16	1.00e+00	1.10e-10	0.00e+00
 9.30565e+16	1.00e+00	1.03e-10	0.00e+00
 9.35473e+16	1.00e+00	9.67e-11	0.00e+00
 9.40142e+16	1.00e+00	9.12e-11	0.00e+00
 9.44584e+16	1.00e+00	8.63e-11	0.00e+00
 9.48810e+16	1.00e+00	8.21e-11	0.00e+00
 9.52831e+16	1.00e+00	7.80e-11	0.00e+00
 9.56660e+16	1.00e+00	7.44e-11	0.00e+00
 9.60312e+16	1.00e+00	7.12e-11	0.00e+00
 9.63796e+16	1.00e+00	6.83e-11	0.00e+00
 9.67120e+16	1.00e+00	6.56e-11	0.00e+00
 9.70293e+16	1.00e+00	6.31e-11	0.00e+00
 9.73325e+16	1.00e+00	6.08e-11	0.00e+00
 9.76224e+16	1.00e+00	5.88e-11	0.00e+00
 9.79002e+16	1.00e+00	5.68e-11	0.00e+00
 9.81665e+16	1.00e+00	5.50e-11	0.00e+00
 9.84221e+16	1.00e+00	5.34e-11	0.00e+00
 9.86675e+16	1.00e+00	5.19e-11	0.00e+00
 9.89037e+16	1.00e+00	5.04e-11	0.00e+00
 9.91314e+16	1.00e+00	4.91e-11	0.00e+00
 9.93513e+16	1.00e+00	4.78e-11	0.00e+00
 9.95641e+16	1.00e+00	4.66e-11	0.00e+00
 9.97705e+16	1.00e+00	4.55e-11	0.00e+00
 9.99711e+16	1.00e+00	4.45e-11	0.00e+00
 1.00167e+17	1.00e+00	4.35e-11	0.00e+00
 1.00358e+17	1.00e+00	4.25e-11	0.00e+00
 1.00545e+17	1.00e+00	4.16e-11	0.00e+00
 1.00730e+17	1.00e+00	4.07e-11	0.00e+00
 1.00914e+17	1.00e+00	3.98e-11	0.00e+00
 1.01096e+17	1.00e+00	3.90e-11	0.00e+00
 1.01278e+17	1.00e+00	3.81e-11	0.00e+00
 1.01461e+17	1.00e+00	3.74e-11	0.00e+00
 1.01647e+17	1.00e+00	3.65e-11	0.00e+00
 1.01837e+17	1.00e+00	3.57e-11	0.00e+00
 1.02034e+17	1.00e+00	3.49e-11	0.00e+00
 1.02239e+17	1.00e+00	3.41e-11	0.00e+00
 1.02456e+17	1.00e+00	3.32e-11	0.00e+00
 1.02690e+17	1.00e+00	3.23e-11	0.00e+00
 1.02944e+17	1.00e+00	3.14e-11	0.00e+00
 1.03228e+17	1.00e+00	3.04e-11	0.00e+00
 1.03553e+17	1.00e+00	2.92e-11	0.00e+00
 1.03934e+17	1.00e+00	2.80e-11	0.00e+00
 1.04396e+17	1.00e+00	2.65e-11	0.00e+00
 1.04979e+17	1.00e+00	2.47e-11	0.00e+00
 1.05734e+17	1.00e+00	2.27e-11	0.00e+00
 1.06715e+17	1.00e+00	2.02e-11	0.00e+00
 1.07990e+17	1.00e+00	1.75e-11	0.00e+00
 1.09649e+17	1.00e+00	1.45e-11	0.00e+00
 1.11804e+17	1.00e+00	1.15e-11	0.00e+00
 1.14587e+17	1.00e+00	8.49e-12	0.00e+00
 1.17717e+17	1.00e+00	6.17e-12	0.00e+00
 1.20847e+17	1.00e+00	4.53e-12	0.00e+00
 1.23977e+17	1.00e+00	3.36e-12	0.00e+00
 1.27107e+17	1.00e+00	2.53e-12	0.00e+00
 1.30237e+17	1.00e+00	1.92e-12	0.00e+00
 1.33765e+17	1.00e+00	1.43e-12	0.00e+00
 1.37769e+17	1.00e+00	1.04e-12	0.00e+00
 1.41927e+17	1.00e+00	7.65e-13	0.00e+00
 1.46225e+17	1.00e+00	5.74e-13	0.00e+00
 1.50626e+17	1.00e+00	4.40e-13	0.00e+00
 1.55736e+17	1.00e+00	3.35e-13	0.00e+00
 1.61796e+17	1.00e+00	2.43e-13	0.00e+00
 1.68268e+17	1.00e+00	1.81e-13	0.00e+00
 1.74999e+17	1.00e+00	1.41e-13	0.00e+00
 1.81999e+17	1.00e+00	1.13e-13	0.00e+00
 1.88960e+17	1.00e+00	9.19e-14	0.00e+00
 1.95375e+17	1.00e+00	7.96e-14	0.00e+00
 2.01068e+17	1.00e+00	7.28e-14	0.00e+00
 2.06242e+17	1.00e+00	6.79e-14	0.00e+00
 2.11183e+17	1.00e+00	6.22e-14	0.00e+00
 2.15766e+17	1.00e+00	5.59e-14	0.00e+00
 2.19385e+17	1.00e+00	5.14e-14	0.00e+00
 2.21669e+17	1.00e+00	5.00e-14	0.00e+00
 2.22943e+17	1.00e+00	4.99e-14	0.00e+00
 2.23686e+17	1.00e+00	5.00e-14	0.00e+00
 2.24132e+17	1.00e+00	5.00e-14	0.00e+00
 2.24418e+17	1.00e+00	5.00e-14	0.00e+00
 2.24682e+17	1.00e+00	5.00e-14	0.00e+00
 2.25003e+17	1.00e+00	4.99e-14	0.00e+00
 2.25340e+17	1.00e+00	4.98e-14	0.00e+00
 2.25624e+17	1.00e+00	4.97e-14	0.00e+00
 2.25855e+17	1.00e+00	4.95e-14	0.00e+00
 2.26083e+17	1.00e+00	4.94e-14	0.00e+00
 2.26326e+17	1.00e+00	4.93e-14	0.00e+00
 2.26560e+17	1.00e+00	4.91e-14	0.00e+00
 2.26763e+17	1.00e+00	4.89e-14	0.00e+00
 2.26935e+17	1.00e+00	4.88e-14	0.00e+00
 2.27114e+17	1.00e+00	4.86e-14	0.00e+00
 2.27309e+17	1.00e+00	4.84e-14	0.00e+00
 2.27485e+17	1.00e+00	4.83e-14	0.00e+00
 2.27632e+17	1.00e+00	4.81e-14	0.00e+00
 2.27770e+17	1.00e+00	4.80e-14	0.00e+00
 2.27910e+17	1.00e+00	4.78e-14	0.00e+00
 2.28047e+17	1.00e+00	4.77e-14	0.00e+00
 2.28180e+17	1.00e+00	4.75e-14	0.00e+00
 2.28309e+17	1.00e+00	4.74e-14	0.00e+00
 2.28432e+17	1.00e+00	4.72e-14	0.00e+00
 2.28549e+17	1.00e+00	4.71e-14	0.00e+00
 2.28663e+17	1.00e+00	4.69e-14	0.00e+00
 2.28775e+17	1.00e+00	4.68e-14	0.00e+00
 2.28886e+17	1.00e+00	4.66e-14	0.00e+00
 2.28994e+17	1.00e+00	4.65e-14	0.00e+00
 2.29099e+17	1.00e+00	4.63e-14	0.00e+00
 2.29204e+17	1.00e+00	4.62e-14	0.00e+00
 2.29304e+17	1.00e+00	4.60e-14	0.00e+00
 2.29400e+17	1.00e+00	4.59e-14	0.00e+00
 2.29502e+17	1.00e+00	4.58e-14	0.00e+00
 2.29609e+17	1.00e+00	4.56e-14	0.00e+00
 2.29712e+17	1.00e+00	4.54e-14	0.00e+00
 2.29810e+17	1.00e+00	4.53e-14	0.00e+00
 2.29910e+17	1.00e+00	4.51e-14	0.00e+00
 2.30013e+17	1.00e+00	4.49e-14	0.00e+00
 2.30114e+17	1.00e+00	4.47e-14	0.00e+00
 2.30214e+17	1.00e+00	4.46e-14	0.00e+00
 2.30319e+17	1.00e+00	4.44e-14	0.00e+00
 2.30429e+17	1.00e+00	4.42e-14	0.00e+00
 2.30537e+17	1.00e+00	4.40e-14	0.00e+00
 2.30641e+17	1.00e+00	4.38e-14	0.00e+00
 2.30751e+17	1.00e+00	4.36e-14	0.00e+00
 2.30867e+17	1.00e+00	4.34e-14	0.00e+00
 2.30986e+17	1.00e+00	4.31e-14	0.00e+00
 2.31108e+17	1.00e+00	4.29e-14	0.00e+00
 2.31226e+17	1.00e+00	4.27e-14	0.00e+00
 2.31348e+17	1.00e+00	4.25e-14	0.00e+00
 2.31489e+17	1.00e+00	4.22e-14	0.00e+00
 2.31631e+17	1.00e+00	4.19e-14	0.00e+00
 2.31759e+17	1.00e+00	4.16e-14	0.00e+00
 2.31881e+17	1.00e+00	4.13e-14	0.00e+00
 2.32013e+17	1.00e+00	4.11e-14	0.00e+00
 2.32166e+17	1.00e+00	4.08e-14	0.00e+00
 2.32321e+17	1.00e+00	4.04e-14	0.00e+00
 2.32473e+17	1.00e+00	4.01e-14	0.00e+00
 2.32626e+17	1.00e+00	3.98e-14	0.00e+00
 2.32785e+17	1.00e+00	3.95e-14	0.00e+00
 2.32954e+17	1.00e+00	3.91e-14	0.00e+00
 2.33127e+17	1.00e+00	3.87e-14	0.00e+00
 2.33301e+17	1.00e+00	3.83e-14	0.00e+00
 2.33478e+17	1.00e+00	3.79e-14	0.00e+00
 2.33658e+17	1.00e+00	3.76e-14	0.00e+00
 2.33846e+17	1.00e+00	3.71e-14	0.00e+00
 2.34037e+17	1.00e+00	3.67e-14	0.00e+00
 2.34237e+17	1.00e+00	3.63e-14	0.00e+00
 2.34445e+17	1.00e+00	3.58e-14	0.00e+00
 2.34660e+17	1.00e+00	3.53e-14	0.00e+00
 2.34883e+17	1.00e+00	3.48e-14	0.00e+00
 2.35107e+17	1.00e+00	3.43e-14	0.00e+00
 2.35334e+17	1.00e+00	3.38e-14	0.00e+00
 2.35570e+17	1.00e+00	3.33e-14	0.00e+00
 2.35816e+17	1.00e+00	3.28e-14	0.00e+00
 2.36069e+17	1.00e+00	3.22e-14	0.00e+00
 2.36326e+17	1.00e+00	3.16e-14	0.00e+00
 2.36597e+17	1.00e+00	3.10e-14	0.00e+00
 2.36880e+17	1.00e+00	3.04e-14	0.00e+00
 2.37165e+17	1.00e+00	2.98e-14	0.00e+00
 2.37452e+17	1.00e+00	2.91e-14	0.00e+00
 2.37741e+17	1.00e+00	2.85e-14	0.00e+00
 2.38038e+17	1.00e+00	2.79e-14	0.00e+00
 2.38352e+17	1.00e+00	2.72e-14	0.00e+00
 2.38682e+17	1.00e+00	2.65e-14	0.00e+00
 2.39014e+17	1.00e+00	2.58e-14	0.00e+00
 2.39348e+17	1.00e+00	2.51e-14	0.00e+00
 2.39690e+17	1.00e+00	2.44e-14	0.00e+00
 2.40044e+17	1.00e+00	2.37e-14	0.00e+00
 2.40406e+17	1.00e+00	2.29e-14	0.00e+00
 2.40781e+17	1.00e+00	2.22e-14	0.00e+00
 2.41166e+17	1.00e+00	2.14e-14	0.00e+00
 2.41557e+17	1.00e+00	2.07e-14	0.00e+00
 2.41958e+17	1.00e+00	1.99e-14	0.00e+00
 2.42372e+17	1.00e+00	1.92e-14	0.00e+00
 2.42792e+17	1.00e+00	1.84e-14	0.00e+00
 2.43233e+17	1.00e+00	1.77e-14	0.00e+00
 2.43693e+17	1.00e+00	1.68e-14	0.00e+00
 2.44144e+17	1.00e+00	1.61e-14	0.00e+00
 2.44594e+17	1.00e+00	1.53e-14	0.00e+00
 2.45069e+17	1.00e+00	1.46e-14	0.00e+00
 2.45576e+17	1.00e+00	1.39e-14	0.00e+00
 2.46121e+17	1.00e+00	1.31e-14	0.00e+00
 2.46682e+17	1.00e+00	1.23e-14	0.00e+00
 2.47219e+17	1.00e+00	1.15e-14	0.00e+00
 2.47736e+17	1.00e+00	1.09e-14	0.00e+00
 2.48307e+17	1.00e+00	1.02e-14	0.00e+00
 2.48940e+17	1.00e+00	9.50e-15	0.00e+00
 2.49588e+17	1.00e+00	8.78e-15	0.00e+00
 2.50208e+17	1.00e+00	8.10e-15	0.00e+00
 2.50753e+17	1.00e+00	7.53e-15	0.00e+00
 2.51228e+17	1.00e+00	7.06e-15	0.00e+00
 2.51668e+17	1.00e+00	6.67e-15	0.00e+00
 2.52103e+17	1.00e+00	6.29e-15	0.00e+00
 2.52536e+17	1.00e+00	5.94e-15	0.00e+00
 2.52950e+17	1.00e+00	5.60e-15	0.00e+00
 2.53336e+17	1.00e+00	5.30e-15	0.00e+00
 2.53696e+17	1.00e+00	5.03e-15	0.00e+00
 2.54042e+17	1.00e+00	4.78e-15	0.00e+00
 2.54378e+17	1.00e+00	4.55e-15	0.00e+00
 2.54703e+17	1.00e+00	4.33e-15	0.00e+00
 2.55012e+17	1.00e+00	4.12e-15	0.00e+00
 2.55305e+17	1.00e+00	3.93e-15	0.00e+00
 2.55584e+17	1.00e+00	3.76e-15	0.00e+00
 2.55852e+17	1.00e+00	3.59e-15	0.00e+00
 2.56111e+17	1.00e+00	3.44e-15	0.00e+00
 2.56360e+17	1.00e+00	3.30e-15	0.00e+00
 2.56596e+17	1.00e+00	3.16e-15	0.00e+00
 2.56823e+17	1.00e+00	3.04e-15	0.00e+00
 2.57043e+17	1.00e+00	2.92e-15	0.00e+00
 2.57257e+17	1.00e+00	2.81e-15	0.00e+00
 2.57466e+17	1.00e+00	2.71e-15	0.00e+00
 2.57667e+17	1.00e+00	2.61e-15	0.00e+00
 2.57862e+17	1.00e+00	2.52e-15	0.00e+00
 2.58052e+17	1.00e+00	2.44e-15	0.00e+00
 2.58237e+17	1.00e+00	2.35e-15	0.00e+00
 2.58418e+17	1.00e+00	2.28e-15	0.00e+00
 2.58595e+17	1.00e+00	2.20e-15	0.00e+00
 2.58769e+17	1.00e+00	2.13e-15	0.00e+00
 2.58939e+17	1.00e+00	2.06e-15	0.00e+00
 2.59132e+17	1.00e+00	2.00e-15	0.00e+00
 2.59384e+17	1.00e+00	1.92e-15	0.00e+00
 2.59711e+17	1.00e+00	1.81e-15	0.00e+00
 2.60136e+17	1.00e+00	1.69e-15	0.00e+00
 2.60688e+17	1.00e+00	1.54e-15	0.00e+00
 2.61407e+17	1.00e+00	1.36e-15	0.00e+00
 2.62207e+17	1.00e+00	1.16e-15	0.00e+00
 2.62913e+17	1.00e+00	9.92e-16	0.00e+00
 2.63479e+17	1.00e+00	8.76e-16	0.00e+00
 2.63975e+17	1.00e+00	7.93e-16	0.00e+00
 2.64490e+17	1.00e+00	7.20e-16	0.00e+00
 2.65066e+17	1.00e+00	6.46e-16	0.00e+00
 2.65675e+17	1.00e+00	5.73e-16	0.00e+00
 2.66266e+17	1.00e+00	5.08e-16	0.00e+00
 2.66824e+17	1.00e+00	4.54e-16	0.00e+00
 2.67376e+17	1.00e+00	4.08e-16	0.00e+00
 2.67957e+17	1.00e+00	3.66e-16	0.00e+00
 2.68578e+17	1.00e+00	3.25e-16	0.00e+00
 2.69232e+17	1.00e+00	2.87e-16	0.00e+00
 2.69907e+17	1.00e+00	2.53e-16	0.00e+00
 2.70615e+17	1.00e+00	2.22e-16	0.00e+00
 2.71386e+17	1.00e+00	1.93e-16	0.00e+00
 2.72264e+17	1.00e+00	1.66e-16	0.00e+00
 2.73298e+17	1.00e+00	1.39e-16	0.00e+00
 2.74567e+17	1.00e+00	1.13e-16	0.00e+00
 2.76190e+17	1.00e+00	8.77e-17	0.00e+00
 2.78299e+17	1.00e+00	6.37e-17	0.00e+00
 2.81042e+17	1.00e+00	4.28e-17	0.00e+00
 2.84607e+17	1.00e+00	2.65e-17	0.00e+00
 2.89242e+17	1.00e+00	1.52e-17	0.00e+00
 2.95268e+17	1.00e+00	8.01e-18	0.00e+00
 3.03101e+17	1.00e+00	4.08e-18	0.00e+00
 3.13284e+17	1.00e+00	1.86e-18	0.00e+00
 3.25420e+17	1.00e+00	8.23e-19	0.00e+00
 3.38011e+17	1.00e+00	3.69e-19	0.00e+00
 3.49535e+17	1.00e+00	1.80e-19	0.00e+00
 3.59324e+17	1.00e+00	9.91e-20	0.00e+00
 3.67992e+17	1.00e+00	5.84e-20	0.00e+00
 3.77637e+17	1.00e+00	3.20e-20	0.00e+00
 3.88089e+17	1.00e+00	1.70e-20	0.00e+00
 3.96752e+17	1.00e+00	1.02e-20	0.00e+00
 4.03350e+17	1.00e+00	6.86e-21	0.00e+00
 4.10103e+17	1.00e+00	4.51e-21	0.00e+00
 4.17969e+17	1.00e+00	2.79e-21	0.00e+00
 4.25427e+17	1.00e+00	1.77e-21	0.00e+00
 4.31743e+17	1.00e+00	1.19e-21	0.00e+00
 4.38432e+17	1.00e+00	7.77e-22	0.00e+00
 4.47128e+17	1.00e+00	4.42e-22	0.00e+00
 4.58433e+17	1.00e+00	2.09e-22	0.00e+00
 4.69931e+17	1.00e+00	9.40e-23	0.00e+00
 4.77620e+17	1.00e+00	5.23e-23	0.00e+00
 4.81499e+17	1.00e+00	3.79e-23	0.00e+00
 4.83576e+17	1.00e+00	3.16e-23	0.00e+00
 4.84823e+17	1.00e+00	2.84e-23	0.00e+00
 4.85571e+17	1.00e+00	2.85e-23	0.00e+00
 4.86020e+17	1.00e+00	3.67e-23	0.00e+00
 4.86318e+17	1.00e+00	5.17e-23	0.00e+00
 4.86599e+17	1.00e+00	6.04e-23	0.00e+00
 4.86948e+17	1.00e+00	5.61e-23	0.00e+00
 4.87402e+17	1.00e+00	4.52e-23	0.00e+00
