#depth	O	O+	O+2	O+3	O+4	O+5	O+6	O+7	O+8	O[1]	O[2]	O[3]
 1.49634e+10	0.00e+00	0.00e+00	4.33e-32	2.97e-23	2.97e-15	3.95e-08	1.00e+00	0.00e+00	0.00e+00	0.00e+00	0.00e+00	0.00e+00
 4.54887e+10	0.00e+00	1.16e-41	5.99e-32	3.79e-23	3.50e-15	4.29e-08	1.00e+00	1.81e-07	0.00e+00	0.00e+00	0.00e+00	0.00e+00
 7.72350e+10	0.00e+00	0.00e+00	8.28e-32	4.84e-23	4.13e-15	4.66e-08	1.00e+00	0.00e+00	0.00e+00	0.00e+00	0.00e+00	0.00e+00
 1.10251e+11	0.00e+00	2.61e-41	1.15e-31	6.19e-23	4.87e-15	5.07e-08	1.00e+00	0.00e+00	0.00e+00	0.00e+00	0.00e+00	0.00e+00
 1.41833e+11	0.00e+00	0.00e+00	1.55e-31	7.76e-23	5.68e-15	5.48e-08	1.00e+00	0.00e+00	0.00e+00	0.00e+00	0.00e+00	0.00e+00
 1.70949e+11	0.00e+00	5.29e-41	2.02e-31	9.50e-23	6.50e-15	5.87e-08	1.00e+00	0.00e+00	0.00e+00	0.00e+00	0.00e+00	0.00e+00
 2.03985e+11	0.00e+00	0.00e+00	2.72e-31	1.19e-22	7.56e-15	6.33e-08	1.00e+00	0.00e+00	0.00e+00	0.00e+00	0.00e+00	0.00e+00
 2.42071e+11	0.00e+00	1.15e-40	3.77e-31	1.52e-22	8.94e-15	6.89e-08	1.00e+00	0.00e+00	0.00e+00	0.00e+00	0.00e+00	0.00e+00
 2.79664e+11	0.00e+00	0.00e+00	5.14e-31	1.93e-22	1.05e-14	7.46e-08	1.00e+00	0.00e+00	0.00e+00	0.00e+00	0.00e+00	0.00e+00
 3.18761e+11	0.00e+00	2.50e-40	7.03e-31	2.44e-22	1.23e-14	8.09e-08	1.00e+00	0.00e+00	0.00e+00	0.00e+00	0.00e+00	0.00e+00
 3.61438e+11	0.00e+00	0.00e+00	9.78e-31	3.13e-22	1.46e-14	8.82e-08	1.00e+00	0.00e+00	0.00e+00	0.00e+00	0.00e+00	0.00e+00
 4.04749e+11	0.00e+00	5.61e-40	1.35e-30	4.00e-22	1.72e-14	9.59e-08	1.00e+00	0.00e+00	0.00e+00	0.00e+00	0.00e+00	0.00e+00
 4.49793e+11	0.00e+00	0.00e+00	1.86e-30	5.11e-22	2.03e-14	1.04e-07	1.00e+00	0.00e+00	0.00e+00	0.00e+00	0.00e+00	0.00e+00
 4.93746e+11	0.00e+00	1.22e-39	2.52e-30	6.43e-22	2.38e-14	1.13e-07	1.00e+00	0.00e+00	0.00e+00	0.00e+00	0.00e+00	0.00e+00
 5.33562e+11	0.00e+00	0.00e+00	3.29e-30	7.88e-22	2.73e-14	1.21e-07	1.00e+00	0.00e+00	0.00e+00	0.00e+00	0.00e+00	0.00e+00
 5.78073e+11	0.00e+00	2.43e-39	4.40e-30	9.82e-22	3.17e-14	1.31e-07	1.00e+00	0.00e+00	0.00e+00	0.00e+00	0.00e+00	0.00e+00
 6.30259e+11	0.00e+00	0.00e+00	6.09e-30	1.26e-21	3.75e-14	1.42e-07	1.00e+00	0.00e+00	0.00e+00	0.00e+00	0.00e+00	0.00e+00
 6.82009e+11	0.00e+00	5.38e-39	8.34e-30	1.60e-21	4.42e-14	1.55e-07	1.00e+00	0.00e+00	0.00e+00	0.00e+00	0.00e+00	0.00e+00
 7.30497e+11	0.00e+00	0.00e+00	1.11e-29	1.98e-21	5.12e-14	1.67e-07	1.00e+00	0.00e+00	0.00e+00	0.00e+00	0.00e+00	0.00e+00
 7.84312e+11	0.00e+00	1.11e-38	1.50e-29	2.50e-21	6.01e-14	1.81e-07	1.00e+00	0.00e+00	0.00e+00	0.00e+00	0.00e+00	0.00e+00
 8.45612e+11	0.00e+00	0.00e+00	2.10e-29	3.23e-21	7.16e-14	1.98e-07	1.00e+00	0.00e+00	0.00e+00	0.00e+00	0.00e+00	0.00e+00
 9.06233e+11	0.00e+00	2.49e-38	2.88e-29	4.12e-21	8.47e-14	2.16e-07	1.00e+00	0.00e+00	0.00e+00	0.00e+00	0.00e+00	0.00e+00
 9.69278e+11	0.00e+00	0.00e+00	3.97e-29	5.27e-21	1.00e-13	2.35e-07	1.00e+00	0.00e+00	0.00e+00	0.00e+00	0.00e+00	0.00e+00
 1.03798e+12	0.00e+00	5.59e-38	5.54e-29	6.81e-21	1.20e-13	2.58e-07	1.00e+00	0.00e+00	0.00e+00	0.00e+00	0.00e+00	0.00e+00
 1.10739e+12	0.00e+00	0.00e+00	7.68e-29	8.75e-21	1.42e-13	2.82e-07	1.00e+00	0.00e+00	0.00e+00	0.00e+00	0.00e+00	0.00e+00
 1.17959e+12	0.00e+00	1.25e-37	1.06e-28	1.12e-20	1.69e-13	3.08e-07	1.00e+00	0.00e+00	0.00e+00	0.00e+00	0.00e+00	0.00e+00
 1.25393e+12	0.00e+00	0.00e+00	1.47e-28	1.44e-20	2.01e-13	3.37e-07	1.00e+00	0.00e+00	0.00e+00	0.00e+00	0.00e+00	0.00e+00
 1.32696e+12	0.00e+00	2.70e-37	1.99e-28	1.83e-20	2.37e-13	3.67e-07	1.00e+00	0.00e+00	0.00e+00	0.00e+00	0.00e+00	0.00e+00
 1.40569e+12	0.00e+00	0.00e+00	2.74e-28	2.33e-20	2.82e-13	4.02e-07	1.00e+00	0.00e+00	0.00e+00	0.00e+00	0.00e+00	0.00e+00
 1.49184e+12	0.00e+00	6.01e-37	3.83e-28	3.02e-20	3.38e-13	4.41e-07	1.00e+00	0.00e+00	0.00e+00	0.00e+00	0.00e+00	0.00e+00
 1.58144e+12	0.00e+00	0.00e+00	5.34e-28	3.91e-20	4.05e-13	4.85e-07	1.00e+00	0.00e+00	0.00e+00	0.00e+00	0.00e+00	0.00e+00
 1.67463e+12	0.00e+00	1.36e-36	7.44e-28	5.07e-20	4.86e-13	5.34e-07	1.00e+00	0.00e+00	0.00e+00	0.00e+00	0.00e+00	0.00e+00
 1.77154e+12	6.38e-46	2.03e-36	1.04e-27	6.56e-20	5.84e-13	5.87e-07	1.00e+00	0.00e+00	0.00e+00	0.00e+00	0.00e+00	0.00e+00
 1.85922e+12	0.00e+00	0.00e+00	1.38e-27	8.21e-20	6.85e-13	6.39e-07	1.00e+00	0.00e+00	0.00e+00	0.00e+00	0.00e+00	0.00e+00
 1.93232e+12	0.00e+00	3.83e-36	1.74e-27	9.85e-20	7.79e-13	6.84e-07	1.00e+00	0.00e+00	0.00e+00	0.00e+00	0.00e+00	0.00e+00
 2.01242e+12	1.94e-45	5.17e-36	2.23e-27	1.19e-19	8.94e-13	7.35e-07	1.00e+00	0.00e+00	0.00e+00	0.00e+00	0.00e+00	0.00e+00
 2.11382e+12	0.00e+00	0.00e+00	3.02e-27	1.51e-19	1.06e-12	8.04e-07	1.00e+00	0.00e+00	0.00e+00	0.00e+00	0.00e+00	0.00e+00
 2.21953e+12	0.00e+00	1.07e-35	4.08e-27	1.92e-19	1.25e-12	8.80e-07	1.00e+00	0.00e+00	0.00e+00	0.00e+00	0.00e+00	0.00e+00
 2.31324e+12	6.70e-45	1.46e-35	5.27e-27	2.35e-19	1.45e-12	9.50e-07	1.00e+00	0.00e+00	0.00e+00	0.00e+00	0.00e+00	0.00e+00
 2.40087e+12	0.00e+00	0.00e+00	6.64e-27	2.82e-19	1.65e-12	1.02e-06	1.00e+00	0.00e+00	0.00e+00	0.00e+00	0.00e+00	0.00e+00
 2.50096e+12	0.00e+00	2.63e-35	8.58e-27	3.45e-19	1.91e-12	1.10e-06	1.00e+00	0.00e+00	0.00e+00	0.00e+00	0.00e+00	0.00e+00
 2.62365e+12	2.08e-44	3.79e-35	1.16e-26	4.38e-19	2.27e-12	1.21e-06	1.00e+00	0.00e+00	0.00e+00	0.00e+00	0.00e+00	0.00e+00
 2.74574e+12	0.00e+00	5.35e-35	1.55e-26	5.50e-19	2.68e-12	1.32e-06	1.00e+00	0.00e+00	0.00e+00	0.00e+00	0.00e+00	0.00e+00
 2.85215e+12	4.42e-44	7.16e-35	1.97e-26	6.66e-19	3.07e-12	1.42e-06	1.00e+00	0.00e+00	0.00e+00	0.00e+00	0.00e+00	0.00e+00
 2.96815e+12	0.00e+00	9.71e-35	2.54e-26	8.15e-19	3.56e-12	1.54e-06	1.00e+00	0.00e+00	0.00e+00	0.00e+00	0.00e+00	0.00e+00
 3.10936e+12	9.67e-44	1.39e-34	3.42e-26	1.03e-18	4.22e-12	1.69e-06	1.00e+00	0.00e+00	0.00e+00	0.00e+00	0.00e+00	0.00e+00
 3.25340e+12	0.00e+00	1.96e-34	4.57e-26	1.30e-18	4.99e-12	1.85e-06	1.00e+00	0.00e+00	0.00e+00	0.00e+00	0.00e+00	0.00e+00
 3.38621e+12	2.10e-43	2.67e-34	5.91e-26	1.60e-18	5.78e-12	2.00e-06	1.00e+00	0.00e+00	0.00e+00	0.00e+00	0.00e+00	0.00e+00
 3.53433e+12	0.00e+00	3.71e-34	7.78e-26	1.99e-18	6.78e-12	2.18e-06	1.00e+00	0.00e+00	0.00e+00	0.00e+00	0.00e+00	0.00e+00
 3.70538e+12	4.76e-43	5.34e-34	1.06e-25	2.54e-18	8.08e-12	2.40e-06	1.00e+00	0.00e+00	0.00e+00	0.00e+00	0.00e+00	0.00e+00
 3.87342e+12	0.00e+00	7.53e-34	1.41e-25	3.19e-18	9.54e-12	2.63e-06	1.00e+00	0.00e+00	0.00e+00	0.00e+00	0.00e+00	0.00e+00
 4.03469e+12	1.04e-42	1.03e-33	1.84e-25	3.94e-18	1.11e-11	2.86e-06	1.00e+00	0.00e+00	0.00e+00	0.00e+00	0.00e+00	0.00e+00
 4.21250e+12	0.00e+00	1.45e-33	2.43e-25	4.93e-18	1.30e-11	3.12e-06	1.00e+00	0.00e+00	0.00e+00	0.00e+00	0.00e+00	0.00e+00
 4.41093e+12	2.35e-42	2.07e-33	3.29e-25	6.27e-18	1.55e-11	3.42e-06	1.00e+00	0.00e+00	0.00e+00	0.00e+00	0.00e+00	0.00e+00
 4.59155e+12	0.00e+00	2.84e-33	4.28e-25	7.74e-18	1.80e-11	3.72e-06	1.00e+00	0.00e+00	0.00e+00	0.00e+00	0.00e+00	0.00e+00
 4.74393e+12	4.61e-42	3.67e-33	5.30e-25	9.18e-18	2.04e-11	3.97e-06	1.00e+00	0.00e+00	0.00e+00	0.00e+00	0.00e+00	0.00e+00
 4.91164e+12	0.00e+00	4.83e-33	6.67e-25	1.10e-17	2.32e-11	4.26e-06	1.00e+00	0.00e+00	0.00e+00	0.00e+00	0.00e+00	0.00e+00
 5.10110e+12	9.06e-42	6.52e-33	8.57e-25	1.35e-17	2.67e-11	4.61e-06	1.00e+00	0.00e+00	0.00e+00	0.00e+00	0.00e+00	0.00e+00
 5.28270e+12	0.00e+00	8.61e-33	1.08e-24	1.62e-17	3.05e-11	4.95e-06	1.00e+00	0.00e+00	0.00e+00	0.00e+00	0.00e+00	0.00e+00
 5.48268e+12	1.78e-41	1.16e-32	1.39e-24	1.97e-17	3.51e-11	5.34e-06	1.00e+00	0.00e+00	0.00e+00	0.00e+00	0.00e+00	0.00e+00
 5.70483e+12	0.00e+00	1.59e-32	1.81e-24	2.44e-17	4.08e-11	5.79e-06	1.00e+00	0.00e+00	0.00e+00	0.00e+00	0.00e+00	0.00e+00
 5.91305e+12	3.63e-41	2.12e-32	2.30e-24	2.95e-17	4.67e-11	6.24e-06	1.00e+00	0.00e+00	0.00e+00	0.00e+00	0.00e+00	0.00e+00
 6.14098e+12	0.00e+00	2.88e-32	2.97e-24	3.61e-17	5.38e-11	6.74e-06	1.00e+00	0.00e+00	0.00e+00	0.00e+00	0.00e+00	0.00e+00
 6.39742e+12	7.69e-41	4.02e-32	3.91e-24	4.50e-17	6.28e-11	7.33e-06	1.00e+00	0.00e+00	0.00e+00	0.00e+00	0.00e+00	0.00e+00
 6.64258e+12	0.00e+00	5.46e-32	5.05e-24	5.50e-17	7.24e-11	7.91e-06	1.00e+00	0.00e+00	0.00e+00	0.00e+00	0.00e+00	0.00e+00
 6.86924e+12	1.52e-40	7.17e-32	6.35e-24	6.60e-17	8.22e-11	8.48e-06	1.00e+00	0.00e+00	0.00e+00	0.00e+00	0.00e+00	0.00e+00
 7.12020e+12	0.00e+00	9.64e-32	8.12e-24	8.01e-17	9.42e-11	9.13e-06	1.00e+00	0.00e+00	0.00e+00	0.00e+00	0.00e+00	0.00e+00
 7.40155e+12	3.13e-40	1.33e-31	1.06e-23	9.88e-17	1.09e-10	9.88e-06	1.00e+00	0.00e+00	0.00e+00	0.00e+00	0.00e+00	0.00e+00
 7.66749e+12	0.00e+00	1.78e-31	1.35e-23	1.20e-16	1.25e-10	1.06e-05	1.00e+00	0.00e+00	0.00e+00	0.00e+00	0.00e+00	0.00e+00
 7.95830e+12	6.36e-40	2.42e-31	1.75e-23	1.47e-16	1.44e-10	1.15e-05	1.00e+00	0.00e+00	0.00e+00	0.00e+00	0.00e+00	0.00e+00
 8.28008e+12	0.00e+00	3.37e-31	2.30e-23	1.82e-16	1.67e-10	1.24e-05	1.00e+00	0.00e+00	0.00e+00	0.00e+00	0.00e+00	0.00e+00
 8.57877e+12	1.33e-39	4.54e-31	2.95e-23	2.21e-16	1.91e-10	1.34e-05	1.00e+00	0.00e+00	0.00e+00	0.00e+00	0.00e+00	0.00e+00
 8.90372e+12	0.00e+00	6.21e-31	3.82e-23	2.71e-16	2.20e-10	1.44e-05	1.00e+00	0.00e+00	0.00e+00	0.00e+00	0.00e+00	0.00e+00
 9.26718e+12	2.86e-39	8.69e-31	5.05e-23	3.38e-16	2.57e-10	1.57e-05	1.00e+00	0.00e+00	0.00e+00	0.00e+00	0.00e+00	0.00e+00
 9.61017e+12	0.00e+00	1.19e-30	6.54e-23	4.14e-16	2.95e-10	1.69e-05	1.00e+00	0.00e+00	0.00e+00	0.00e+00	0.00e+00	0.00e+00
 9.98379e+12	6.05e-39	1.64e-30	8.56e-23	5.11e-16	3.41e-10	1.82e-05	1.00e+00	0.00e+00	0.00e+00	0.00e+00	0.00e+00	0.00e+00
 1.04004e+13	0.00e+00	2.33e-30	1.14e-22	6.41e-16	3.99e-10	1.98e-05	1.00e+00	0.00e+00	0.00e+00	0.00e+00	0.00e+00	0.00e+00
 1.07957e+13	1.33e-38	3.21e-30	1.49e-22	7.89e-16	4.60e-10	2.14e-05	1.00e+00	0.00e+00	0.00e+00	0.00e+00	0.00e+00	0.00e+00
 1.12195e+13	0.00e+00	4.49e-30	1.97e-22	9.78e-16	5.33e-10	2.32e-05	1.00e+00	0.00e+00	0.00e+00	0.00e+00	0.00e+00	0.00e+00
 1.16983e+13	3.03e-38	6.44e-30	2.65e-22	1.24e-15	6.26e-10	2.52e-05	1.00e+00	0.00e+00	0.00e+00	0.00e+00	0.00e+00	0.00e+00
 1.21711e+13	0.00e+00	9.11e-30	3.53e-22	1.54e-15	7.28e-10	2.73e-05	1.00e+00	0.00e+00	0.00e+00	0.00e+00	0.00e+00	0.00e+00
 1.26629e+13	6.88e-38	1.29e-29	4.70e-22	1.93e-15	8.48e-10	2.96e-05	1.00e+00	0.00e+00	0.00e+00	0.00e+00	0.00e+00	0.00e+00
 1.31994e+13	0.00e+00	1.86e-29	6.35e-22	2.44e-15	9.95e-10	3.23e-05	1.00e+00	0.00e+00	0.00e+00	0.00e+00	0.00e+00	0.00e+00
 1.37573e+13	1.63e-37	2.68e-29	8.58e-22	3.08e-15	1.17e-09	3.51e-05	1.00e+00	0.00e+00	0.00e+00	0.00e+00	0.00e+00	0.00e+00
 1.43375e+13	0.00e+00	3.88e-29	1.16e-21	3.89e-15	1.37e-09	3.82e-05	1.00e+00	0.00e+00	0.00e+00	0.00e+00	0.00e+00	0.00e+00
 1.49064e+13	3.81e-37	5.49e-29	1.54e-21	4.85e-15	1.59e-09	4.13e-05	1.00e+00	0.00e+00	0.00e+00	0.00e+00	0.00e+00	0.00e+00
 1.54349e+13	0.00e+00	7.50e-29	2.00e-21	5.91e-15	1.82e-09	4.43e-05	1.00e+00	0.00e+00	0.00e+00	0.00e+00	0.00e+00	0.00e+00
 1.60189e+13	8.20e-37	1.05e-28	2.63e-21	7.31e-15	2.10e-09	4.78e-05	1.00e+00	0.00e+00	0.00e+00	0.00e+00	0.00e+00	0.00e+00
 1.66192e+13	0.00e+00	1.46e-28	3.45e-21	9.01e-15	2.42e-09	5.15e-05	1.00e+00	0.00e+00	0.00e+00	0.00e+00	0.00e+00	0.00e+00
 1.71208e+13	1.68e-36	1.92e-28	4.30e-21	1.07e-14	2.71e-09	5.47e-05	1.00e+00	0.00e+00	0.00e+00	0.00e+00	0.00e+00	0.00e+00
 1.76504e+13	0.00e+00	2.54e-28	5.40e-21	1.27e-14	3.05e-09	5.81e-05	1.00e+00	0.00e+00	0.00e+00	0.00e+00	0.00e+00	0.00e+00
 1.83237e+13	3.51e-36	3.58e-28	7.15e-21	1.58e-14	3.53e-09	6.27e-05	1.00e+00	0.00e+00	0.00e+00	0.00e+00	0.00e+00	0.00e+00
 1.90268e+13	0.00e+00	5.06e-28	9.47e-21	1.96e-14	4.08e-09	6.76e-05	1.00e+00	0.00e+00	0.00e+00	0.00e+00	0.00e+00	0.00e+00
 1.96500e+13	7.56e-36	6.83e-28	1.21e-20	2.36e-14	4.63e-09	7.21e-05	1.00e+00	0.00e+00	0.00e+00	0.00e+00	0.00e+00	0.00e+00
 2.03261e+13	0.00e+00	9.35e-28	1.56e-20	2.86e-14	5.28e-09	7.71e-05	1.00e+00	0.00e+00	0.00e+00	0.00e+00	0.00e+00	0.00e+00
 2.10799e+13	1.64e-35	1.31e-27	2.05e-20	3.53e-14	6.08e-09	8.30e-05	1.00e+00	0.00e+00	0.00e+00	0.00e+00	0.00e+00	0.00e+00
 2.17856e+13	0.00e+00	1.78e-27	2.64e-20	4.27e-14	6.91e-09	8.86e-05	1.00e+00	0.00e+00	0.00e+00	0.00e+00	0.00e+00	0.00e+00
 2.25534e+13	3.50e-35	2.47e-27	3.43e-20	5.22e-14	7.90e-09	9.49e-05	1.00e+00	0.00e+00	0.00e+00	0.00e+00	0.00e+00	0.00e+00
 2.34082e+13	5.30e-35	3.50e-27	4.55e-20	6.48e-14	9.13e-09	1.02e-04	1.00e+00	0.00e+00	0.00e+00	0.00e+00	0.00e+00	0.00e+00
 2.42066e+13	7.74e-35	4.82e-27	5.88e-20	7.87e-14	1.04e-08	1.09e-04	1.00e+00	0.00e+00	0.00e+00	0.00e+00	0.00e+00	0.00e+00
 2.50753e+13	1.16e-34	6.73e-27	7.71e-20	9.65e-14	1.19e-08	1.17e-04	1.00e+00	0.00e+00	0.00e+00	0.00e+00	0.00e+00	0.00e+00
 2.60455e+13	1.77e-34	9.65e-27	1.03e-19	1.20e-13	1.38e-08	1.26e-04	1.00e+00	0.00e+00	0.00e+00	0.00e+00	0.00e+00	0.00e+00
 2.69580e+13	2.63e-34	1.34e-26	1.34e-19	1.47e-13	1.58e-08	1.35e-04	1.00e+00	0.00e+00	0.00e+00	0.00e+00	0.00e+00	0.00e+00
 2.79541e+13	3.99e-34	1.90e-26	1.78e-19	1.82e-13	1.82e-08	1.45e-04	1.00e+00	0.00e+00	0.00e+00	0.00e+00	0.00e+00	0.00e+00
 2.90675e+13	6.22e-34	2.76e-26	2.40e-19	2.28e-13	2.12e-08	1.57e-04	1.00e+00	0.00e+00	0.00e+00	0.00e+00	0.00e+00	0.00e+00
 3.01190e+13	9.37e-34	3.88e-26	3.16e-19	2.81e-13	2.44e-08	1.68e-04	1.00e+00	0.00e+00	0.00e+00	0.00e+00	0.00e+00	0.00e+00
 3.12473e+13	1.43e-33	5.54e-26	4.21e-19	3.48e-13	2.82e-08	1.81e-04	1.00e+00	0.00e+00	0.00e+00	0.00e+00	0.00e+00	0.00e+00
 3.25271e+13	2.27e-33	8.15e-26	5.74e-19	4.41e-13	3.30e-08	1.96e-04	1.00e+00	0.00e+00	0.00e+00	0.00e+00	0.00e+00	0.00e+00
 3.37840e+13	3.53e-33	1.18e-25	7.71e-19	5.50e-13	3.82e-08	2.11e-04	1.00e+00	0.00e+00	0.00e+00	0.00e+00	0.00e+00	0.00e+00
 3.50911e+13	5.48e-33	1.70e-25	1.04e-18	6.87e-13	4.44e-08	2.28e-04	1.00e+00	0.00e+00	0.00e+00	0.00e+00	0.00e+00	0.00e+00
 3.65247e+13	8.71e-33	2.50e-25	1.41e-18	8.69e-13	5.19e-08	2.47e-04	1.00e+00	0.00e+00	0.00e+00	0.00e+00	0.00e+00	0.00e+00
 3.79778e+13	1.37e-32	3.65e-25	1.92e-18	1.09e-12	6.05e-08	2.66e-04	1.00e+00	0.00e+00	0.00e+00	0.00e+00	0.00e+00	0.00e+00
 3.94890e+13	2.16e-32	5.34e-25	2.60e-18	1.37e-12	7.05e-08	2.88e-04	1.00e+00	0.00e+00	0.00e+00	0.00e+00	0.00e+00	0.00e+00
 4.10046e+13	3.34e-32	7.69e-25	3.49e-18	1.72e-12	8.18e-08	3.10e-04	1.00e+00	0.00e+00	0.00e+00	0.00e+00	0.00e+00	0.00e+00
 4.24366e+13	4.97e-32	1.07e-24	4.56e-18	2.10e-12	9.36e-08	3.32e-04	1.00e+00	0.00e+00	0.00e+00	0.00e+00	0.00e+00	0.00e+00
 4.40197e+13	7.61e-32	1.53e-24	6.06e-18	2.60e-12	1.08e-07	3.57e-04	1.00e+00	0.00e+00	0.00e+00	0.00e+00	0.00e+00	0.00e+00
 4.56050e+13	1.15e-31	2.16e-24	7.99e-18	3.21e-12	1.24e-07	3.83e-04	1.00e+00	0.00e+00	0.00e+00	0.00e+00	0.00e+00	0.00e+00
 4.69150e+13	1.59e-31	2.84e-24	9.97e-18	3.79e-12	1.39e-07	4.05e-04	1.00e+00	0.00e+00	0.00e+00	0.00e+00	0.00e+00	0.00e+00
 4.83009e+13	2.23e-31	3.76e-24	1.25e-17	4.50e-12	1.56e-07	4.30e-04	1.00e+00	0.00e+00	0.00e+00	0.00e+00	0.00e+00	0.00e+00
 5.00809e+13	3.39e-31	5.34e-24	1.66e-17	5.57e-12	1.80e-07	4.62e-04	1.00e+00	0.00e+00	0.00e+00	0.00e+00	0.00e+00	0.00e+00
 5.19536e+13	5.17e-31	7.61e-24	2.21e-17	6.91e-12	2.08e-07	4.97e-04	1.00e+00	0.00e+00	0.00e+00	0.00e+00	0.00e+00	0.00e+00
 5.36046e+13	7.50e-31	1.04e-23	2.85e-17	8.31e-12	2.35e-07	5.29e-04	9.99e-01	0.00e+00	0.00e+00	0.00e+00	0.00e+00	0.00e+00
 5.53872e+13	1.08e-30	1.41e-23	3.64e-17	1.01e-11	2.67e-07	5.65e-04	9.99e-01	0.00e+00	0.00e+00	0.00e+00	0.00e+00	0.00e+00
 5.75375e+13	1.68e-30	2.04e-23	4.89e-17	1.26e-11	3.11e-07	6.11e-04	9.99e-01	0.00e+00	0.00e+00	0.00e+00	0.00e+00	0.00e+00
 5.97192e+13	2.57e-30	2.92e-23	6.53e-17	1.57e-11	3.60e-07	6.58e-04	9.99e-01	0.00e+00	0.00e+00	0.00e+00	0.00e+00	0.00e+00
 6.17540e+13	3.77e-30	4.03e-23	8.48e-17	1.92e-11	4.11e-07	7.04e-04	9.99e-01	0.00e+00	0.00e+00	0.00e+00	0.00e+00	0.00e+00
 6.40199e+13	5.70e-30	5.69e-23	1.12e-16	2.37e-11	4.74e-07	7.58e-04	9.99e-01	0.00e+00	0.00e+00	0.00e+00	0.00e+00	0.00e+00
 6.64331e+13	8.69e-30	8.11e-23	1.49e-16	2.95e-11	5.49e-07	8.17e-04	9.99e-01	0.00e+00	0.00e+00	0.00e+00	0.00e+00	0.00e+00
 6.85784e+13	1.25e-29	1.10e-22	1.91e-16	3.56e-11	6.23e-07	8.71e-04	9.99e-01	0.00e+00	0.00e+00	0.00e+00	0.00e+00	0.00e+00
 7.08833e+13	1.82e-29	1.51e-22	2.47e-16	4.33e-11	7.10e-07	9.32e-04	9.99e-01	0.00e+00	0.00e+00	0.00e+00	0.00e+00	0.00e+00
 7.36448e+13	2.81e-29	2.18e-22	3.33e-16	5.42e-11	8.26e-07	1.01e-03	9.99e-01	0.00e+00	0.00e+00	0.00e+00	0.00e+00	0.00e+00
 7.63604e+13	4.24e-29	3.08e-22	4.41e-16	6.72e-11	9.53e-07	1.08e-03	9.99e-01	0.00e+00	0.00e+00	0.00e+00	0.00e+00	0.00e+00
 7.87762e+13	6.05e-29	4.15e-22	5.61e-16	8.07e-11	1.08e-06	1.16e-03	9.99e-01	0.00e+00	0.00e+00	0.00e+00	0.00e+00	0.00e+00
 8.14414e+13	8.82e-29	5.70e-22	7.27e-16	9.83e-11	1.23e-06	1.24e-03	9.99e-01	0.00e+00	0.00e+00	0.00e+00	0.00e+00	0.00e+00
 8.46218e+13	1.36e-28	8.21e-22	9.78e-16	1.23e-10	1.43e-06	1.34e-03	9.99e-01	0.00e+00	0.00e+00	0.00e+00	0.00e+00	0.00e+00
 8.77807e+13	2.06e-28	1.17e-21	1.30e-15	1.53e-10	1.66e-06	1.44e-03	9.99e-01	0.00e+00	0.00e+00	0.00e+00	0.00e+00	0.00e+00
 9.06652e+13	2.98e-28	1.59e-21	1.67e-15	1.85e-10	1.88e-06	1.54e-03	9.98e-01	0.00e+00	0.00e+00	0.00e+00	0.00e+00	0.00e+00
 9.38839e+13	4.42e-28	2.22e-21	2.19e-15	2.28e-10	2.16e-06	1.66e-03	9.98e-01	0.00e+00	0.00e+00	0.00e+00	0.00e+00	0.00e+00
 9.76322e+13	6.89e-28	3.22e-21	2.97e-15	2.87e-10	2.53e-06	1.79e-03	9.98e-01	0.00e+00	0.00e+00	0.00e+00	0.00e+00	0.00e+00
 1.01314e+14	1.05e-27	4.59e-21	3.96e-15	3.58e-10	2.93e-06	1.94e-03	9.98e-01	0.00e+00	0.00e+00	0.00e+00	0.00e+00	0.00e+00
 1.04790e+14	1.54e-27	6.34e-21	5.15e-15	4.37e-10	3.35e-06	2.07e-03	9.98e-01	0.00e+00	0.00e+00	0.00e+00	0.00e+00	0.00e+00
 1.08657e+14	2.33e-27	8.97e-21	6.82e-15	5.41e-10	3.87e-06	2.23e-03	9.98e-01	0.00e+00	0.00e+00	0.00e+00	0.00e+00	0.00e+00
 1.13034e+14	3.64e-27	1.31e-20	9.27e-15	6.84e-10	4.52e-06	2.42e-03	9.98e-01	0.00e+00	0.00e+00	0.00e+00	0.00e+00	0.00e+00
 1.17413e+14	5.63e-27	1.89e-20	1.25e-14	8.57e-10	5.26e-06	2.62e-03	9.97e-01	0.00e+00	0.00e+00	0.00e+00	0.00e+00	0.00e+00
 1.21520e+14	8.34e-27	2.62e-20	1.63e-14	1.05e-09	6.03e-06	2.81e-03	9.97e-01	0.00e+00	0.00e+00	0.00e+00	0.00e+00	0.00e+00
 1.25962e+14	1.26e-26	3.71e-20	2.16e-14	1.30e-09	6.95e-06	3.02e-03	9.97e-01	0.00e+00	0.00e+00	0.00e+00	0.00e+00	0.00e+00
 1.30928e+14	1.96e-26	5.38e-20	2.92e-14	1.64e-09	8.10e-06	3.27e-03	9.97e-01	0.00e+00	0.00e+00	0.00e+00	0.00e+00	0.00e+00
 1.35574e+14	2.92e-26	7.54e-20	3.83e-14	2.01e-09	9.30e-06	3.51e-03	9.96e-01	0.00e+00	0.00e+00	0.00e+00	0.00e+00	0.00e+00
 1.39883e+14	4.18e-26	1.02e-19	4.89e-14	2.42e-09	1.05e-05	3.73e-03	9.96e-01	0.00e+00	0.00e+00	0.00e+00	0.00e+00	0.00e+00
 1.44032e+14	5.86e-26	1.35e-19	6.15e-14	2.88e-09	1.18e-05	3.96e-03	9.96e-01	0.00e+00	0.00e+00	0.00e+00	0.00e+00	0.00e+00
 1.48644e+14	8.42e-26	1.83e-19	7.87e-14	3.47e-09	1.34e-05	4.22e-03	9.96e-01	0.00e+00	0.00e+00	0.00e+00	0.00e+00	0.00e+00
 1.53748e+14	1.24e-25	2.54e-19	1.03e-13	4.24e-09	1.53e-05	4.52e-03	9.95e-01	0.00e+00	0.00e+00	0.00e+00	0.00e+00	0.00e+00
 1.58505e+14	1.77e-25	3.42e-19	1.30e-13	5.08e-09	1.73e-05	4.81e-03	9.95e-01	0.00e+00	0.00e+00	0.00e+00	0.00e+00	0.00e+00
 1.63702e+14	2.57e-25	4.67e-19	1.68e-13	6.16e-09	1.97e-05	5.13e-03	9.95e-01	0.00e+00	0.00e+00	0.00e+00	0.00e+00	0.00e+00
 1.69549e+14	3.85e-25	6.57e-19	2.21e-13	7.58e-09	2.26e-05	5.51e-03	9.94e-01	0.00e+00	0.00e+00	0.00e+00	0.00e+00	0.00e+00
 1.75117e+14	5.61e-25	9.00e-19	2.85e-13	9.19e-09	2.57e-05	5.88e-03	9.94e-01	0.00e+00	0.00e+00	0.00e+00	0.00e+00	0.00e+00
 1.81229e+14	8.33e-25	1.26e-18	3.73e-13	1.13e-08	2.94e-05	6.31e-03	9.94e-01	0.00e+00	0.00e+00	0.00e+00	0.00e+00	0.00e+00
 1.87963e+14	1.27e-24	1.79e-18	4.97e-13	1.40e-08	3.40e-05	6.79e-03	9.93e-01	0.00e+00	0.00e+00	0.00e+00	0.00e+00	0.00e+00
 1.94157e+14	1.85e-24	2.45e-18	6.40e-13	1.70e-08	3.87e-05	7.25e-03	9.93e-01	0.00e+00	0.00e+00	0.00e+00	0.00e+00	0.00e+00
 2.00858e+14	2.75e-24	3.41e-18	8.36e-13	2.07e-08	4.42e-05	7.76e-03	9.92e-01	0.00e+00	0.00e+00	0.00e+00	0.00e+00	0.00e+00
 2.08358e+14	4.18e-24	4.86e-18	1.11e-12	2.58e-08	5.12e-05	8.36e-03	9.92e-01	0.00e+00	0.00e+00	0.00e+00	0.00e+00	0.00e+00
 2.15421e+14	6.18e-24	6.75e-18	1.45e-12	3.14e-08	5.84e-05	8.93e-03	9.91e-01	0.00e+00	0.00e+00	0.00e+00	0.00e+00	0.00e+00
 2.23127e+14	9.25e-24	9.46e-18	1.90e-12	3.87e-08	6.71e-05	9.59e-03	9.90e-01	0.00e+00	0.00e+00	0.00e+00	0.00e+00	0.00e+00
 2.31686e+14	1.43e-23	1.36e-17	2.56e-12	4.84e-08	7.79e-05	1.04e-02	9.90e-01	0.00e+00	0.00e+00	0.00e+00	0.00e+00	0.00e+00
 2.39670e+14	2.11e-23	1.89e-17	3.33e-12	5.92e-08	8.91e-05	1.11e-02	9.89e-01	0.00e+00	0.00e+00	0.00e+00	0.00e+00	0.00e+00
 2.48335e+14	3.16e-23	2.66e-17	4.40e-12	7.31e-08	1.03e-04	1.19e-02	9.88e-01	0.00e+00	0.00e+00	0.00e+00	0.00e+00	0.00e+00
 2.58029e+14	4.89e-23	3.85e-17	5.93e-12	9.17e-08	1.19e-04	1.29e-02	9.87e-01	0.00e+00	0.00e+00	0.00e+00	0.00e+00	0.00e+00
 2.67240e+14	7.29e-23	5.38e-17	7.79e-12	1.13e-07	1.37e-04	1.38e-02	9.86e-01	0.00e+00	0.00e+00	0.00e+00	0.00e+00	0.00e+00
 2.77088e+14	1.10e-22	7.60e-17	1.03e-11	1.40e-07	1.58e-04	1.49e-02	9.85e-01	0.00e+00	0.00e+00	0.00e+00	0.00e+00	0.00e+00
 2.88201e+14	1.71e-22	1.11e-16	1.40e-11	1.77e-07	1.85e-04	1.62e-02	9.84e-01	0.00e+00	0.00e+00	0.00e+00	0.00e+00	0.00e+00
 2.99154e+14	2.59e-22	1.57e-16	1.87e-11	2.20e-07	2.14e-04	1.74e-02	9.82e-01	0.00e+00	0.00e+00	0.00e+00	0.00e+00	0.00e+00
 3.10545e+14	3.93e-22	2.24e-16	2.49e-11	2.75e-07	2.48e-04	1.88e-02	9.81e-01	0.00e+00	0.00e+00	0.00e+00	0.00e+00	0.00e+00
 3.22997e+14	6.07e-22	3.24e-16	3.37e-11	3.47e-07	2.90e-04	2.04e-02	9.79e-01	0.00e+00	0.00e+00	0.00e+00	0.00e+00	0.00e+00
 3.35299e+14	9.15e-22	4.60e-16	4.49e-11	4.32e-07	3.36e-04	2.21e-02	9.78e-01	0.00e+00	0.00e+00	0.00e+00	0.00e+00	0.00e+00
 3.45530e+14	1.27e-21	6.09e-16	5.66e-11	5.16e-07	3.79e-04	2.35e-02	9.76e-01	0.00e+00	0.00e+00	0.00e+00	0.00e+00	0.00e+00
 3.53788e+14	1.64e-21	7.57e-16	6.77e-11	5.93e-07	4.15e-04	2.47e-02	9.75e-01	0.00e+00	0.00e+00	0.00e+00	0.00e+00	0.00e+00
 3.62947e+14	2.16e-21	9.57e-16	8.22e-11	6.89e-07	4.59e-04	2.60e-02	9.74e-01	0.00e+00	0.00e+00	0.00e+00	0.00e+00	0.00e+00
 3.74853e+14	3.05e-21	1.29e-15	1.05e-10	8.34e-07	5.21e-04	2.79e-02	9.72e-01	0.00e+00	0.00e+00	0.00e+00	0.00e+00	0.00e+00
 3.87624e+14	4.36e-21	1.75e-15	1.36e-10	1.02e-06	5.95e-04	2.99e-02	9.70e-01	0.00e+00	0.00e+00	0.00e+00	0.00e+00	0.00e+00
 3.98960e+14	5.90e-21	2.27e-15	1.69e-10	1.20e-06	6.66e-04	3.18e-02	9.68e-01	0.00e+00	0.00e+00	0.00e+00	0.00e+00	0.00e+00
 4.11138e+14	8.09e-21	2.99e-15	2.12e-10	1.44e-06	7.49e-04	3.38e-02	9.65e-01	0.00e+00	0.00e+00	0.00e+00	0.00e+00	0.00e+00
 4.26397e+14	1.18e-20	4.15e-15	2.78e-10	1.78e-06	8.64e-04	3.66e-02	9.63e-01	0.00e+00	0.00e+00	0.00e+00	0.00e+00	0.00e+00
 4.41874e+14	1.71e-20	5.71e-15	3.64e-10	2.19e-06	9.93e-04	3.94e-02	9.60e-01	0.00e+00	0.00e+00	0.00e+00	0.00e+00	0.00e+00
 4.55288e+14	2.33e-20	7.47e-15	4.56e-10	2.61e-06	1.12e-03	4.20e-02	9.57e-01	0.00e+00	0.00e+00	0.00e+00	0.00e+00	0.00e+00
 4.69804e+14	3.19e-20	9.86e-15	5.76e-10	3.14e-06	1.26e-03	4.49e-02	9.54e-01	0.00e+00	0.00e+00	0.00e+00	0.00e+00	0.00e+00
 4.87585e+14	4.66e-20	1.37e-14	7.62e-10	3.90e-06	1.46e-03	4.86e-02	9.50e-01	0.00e+00	0.00e+00	0.00e+00	0.00e+00	0.00e+00
 5.05564e+14	6.71e-20	1.89e-14	9.99e-10	4.82e-06	1.67e-03	5.25e-02	9.46e-01	0.00e+00	0.00e+00	0.00e+00	0.00e+00	0.00e+00
 5.21589e+14	9.16e-20	2.49e-14	1.26e-09	5.79e-06	1.89e-03	5.61e-02	9.42e-01	0.00e+00	0.00e+00	0.00e+00	0.00e+00	0.00e+00
 5.39117e+14	1.28e-19	3.34e-14	1.61e-09	7.02e-06	2.14e-03	6.02e-02	9.38e-01	0.00e+00	0.00e+00	0.00e+00	0.00e+00	0.00e+00
 5.60020e+14	1.86e-19	4.67e-14	2.15e-09	8.76e-06	2.48e-03	6.53e-02	9.32e-01	0.00e+00	0.00e+00	0.00e+00	0.00e+00	0.00e+00
 5.80672e+14	2.67e-19	6.43e-14	2.81e-09	1.08e-05	2.85e-03	7.05e-02	9.27e-01	0.00e+00	0.00e+00	0.00e+00	0.00e+00	0.00e+00
 5.99360e+14	3.65e-19	8.50e-14	3.56e-09	1.30e-05	3.22e-03	7.53e-02	9.21e-01	0.00e+00	0.00e+00	0.00e+00	0.00e+00	0.00e+00
 6.20133e+14	5.12e-19	1.15e-13	4.59e-09	1.59e-05	3.66e-03	8.09e-02	9.15e-01	0.00e+00	0.00e+00	0.00e+00	0.00e+00	0.00e+00
 6.44527e+14	7.50e-19	1.61e-13	6.13e-09	1.98e-05	4.23e-03	8.77e-02	9.08e-01	0.00e+00	0.00e+00	0.00e+00	0.00e+00	0.00e+00
 6.68559e+14	1.08e-18	2.23e-13	8.06e-09	2.45e-05	4.86e-03	9.46e-02	9.01e-01	0.00e+00	0.00e+00	0.00e+00	0.00e+00	0.00e+00
 6.90933e+14	1.49e-18	2.99e-13	1.03e-08	2.97e-05	5.50e-03	1.01e-01	8.93e-01	0.00e+00	0.00e+00	0.00e+00	0.00e+00	0.00e+00
 7.15981e+14	2.13e-18	4.10e-13	1.35e-08	3.64e-05	6.28e-03	1.09e-01	8.85e-01	0.00e+00	0.00e+00	0.00e+00	0.00e+00	0.00e+00
 7.44650e+14	3.15e-18	5.82e-13	1.81e-08	4.57e-05	7.26e-03	1.18e-01	8.75e-01	0.00e+00	0.00e+00	0.00e+00	0.00e+00	0.00e+00
 7.72940e+14	4.57e-18	8.13e-13	2.39e-08	5.66e-05	8.34e-03	1.27e-01	8.65e-01	0.00e+00	0.00e+00	0.00e+00	0.00e+00	0.00e+00
 8.02362e+14	6.65e-18	1.14e-12	3.17e-08	7.02e-05	9.56e-03	1.37e-01	8.54e-01	0.00e+00	0.00e+00	0.00e+00	0.00e+00	0.00e+00
 8.29117e+14	9.26e-18	1.53e-12	4.06e-08	8.47e-05	1.08e-02	1.46e-01	8.44e-01	0.00e+00	0.00e+00	0.00e+00	0.00e+00	0.00e+00
 8.49111e+14	1.18e-17	1.90e-12	4.85e-08	9.70e-05	1.17e-02	1.52e-01	8.36e-01	0.00e+00	0.00e+00	0.00e+00	0.00e+00	0.00e+00
 8.69781e+14	1.50e-17	2.36e-12	5.82e-08	1.11e-04	1.28e-02	1.60e-01	8.28e-01	0.00e+00	0.00e+00	0.00e+00	0.00e+00	0.00e+00
 8.96651e+14	2.05e-17	3.11e-12	7.31e-08	1.32e-04	1.43e-02	1.69e-01	8.17e-01	0.00e+00	0.00e+00	0.00e+00	0.00e+00	0.00e+00
 9.25851e+14	2.90e-17	4.17e-12	9.32e-08	1.58e-04	1.60e-02	1.79e-01	8.05e-01	0.00e+00	0.00e+00	1.67e-17	8.73e-18	2.95e-18
 9.52277e+14	3.88e-17	5.39e-12	1.15e-07	1.86e-04	1.77e-02	1.89e-01	7.94e-01	0.00e+00	0.00e+00	2.23e-17	1.17e-17	3.94e-18
 9.80831e+14	5.26e-17	7.06e-12	1.44e-07	2.19e-04	1.97e-02	1.99e-01	7.81e-01	0.00e+00	0.00e+00	3.02e-17	1.59e-17	5.33e-18
 1.01692e+15	7.66e-17	9.84e-12	1.89e-07	2.68e-04	2.23e-02	2.12e-01	7.66e-01	0.00e+00	0.00e+00	4.41e-17	2.31e-17	7.73e-18
 1.05329e+15	1.11e-16	1.36e-11	2.46e-07	3.26e-04	2.52e-02	2.25e-01	7.50e-01	0.00e+00	0.00e+00	6.37e-17	3.34e-17	1.11e-17
 1.08396e+15	1.49e-16	1.77e-11	3.05e-07	3.82e-04	2.78e-02	2.36e-01	7.36e-01	0.00e+00	0.00e+00	8.61e-17	4.50e-17	1.50e-17
 1.11678e+15	2.04e-16	2.33e-11	3.81e-07	4.50e-04	3.08e-02	2.48e-01	7.21e-01	0.00e+00	0.00e+00	1.18e-16	6.16e-17	2.04e-17
 1.15805e+15	3.01e-16	3.26e-11	5.00e-07	5.50e-04	3.48e-02	2.62e-01	7.02e-01	0.00e+00	0.00e+00	1.74e-16	9.06e-17	3.00e-17
 1.20125e+15	4.44e-16	4.56e-11	6.57e-07	6.71e-04	3.93e-02	2.77e-01	6.83e-01	0.00e+00	0.00e+00	2.57e-16	1.34e-16	4.41e-17
 1.24026e+15	6.24e-16	6.12e-11	8.31e-07	7.96e-04	4.36e-02	2.91e-01	6.65e-01	0.00e+00	0.00e+00	3.61e-16	1.88e-16	6.18e-17
 1.28287e+15	8.97e-16	8.35e-11	1.07e-06	9.54e-04	4.86e-02	3.05e-01	6.45e-01	0.00e+00	0.00e+00	5.19e-16	2.70e-16	8.86e-17
 1.33311e+15	1.36e-15	1.19e-10	1.42e-06	1.17e-03	5.50e-02	3.22e-01	6.22e-01	0.00e+00	0.00e+00	7.87e-16	4.09e-16	1.34e-16
 1.38228e+15	2.00e-15	1.66e-10	1.85e-06	1.41e-03	6.16e-02	3.37e-01	6.00e-01	0.00e+00	0.00e+00	1.16e-15	6.04e-16	1.97e-16
 1.42737e+15	2.84e-15	2.23e-10	2.33e-06	1.67e-03	6.80e-02	3.51e-01	5.80e-01	0.00e+00	0.00e+00	1.65e-15	8.57e-16	2.80e-16
 1.47815e+15	4.16e-15	3.06e-10	3.00e-06	2.00e-03	7.56e-02	3.65e-01	5.57e-01	0.00e+00	0.00e+00	2.41e-15	1.25e-15	4.08e-16
 1.53700e+15	6.36e-15	4.37e-10	3.97e-06	2.44e-03	8.49e-02	3.81e-01	5.31e-01	0.00e+00	0.00e+00	3.69e-15	1.92e-15	6.23e-16
 1.59465e+15	9.53e-15	6.11e-10	5.17e-06	2.93e-03	9.45e-02	3.96e-01	5.07e-01	0.00e+00	0.00e+00	5.52e-15	2.87e-15	9.33e-16
 1.64912e+15	1.37e-14	8.28e-10	6.56e-06	3.46e-03	1.04e-01	4.09e-01	4.84e-01	0.00e+00	0.00e+00	7.97e-15	4.15e-15	1.35e-15
 1.70964e+15	2.04e-14	1.14e-09	8.44e-06	4.13e-03	1.15e-01	4.22e-01	4.59e-01	0.00e+00	0.00e+00	1.18e-14	6.15e-15	1.99e-15
 1.76737e+15	2.93e-14	1.54e-09	1.06e-05	4.84e-03	1.26e-01	4.33e-01	4.37e-01	0.00e+00	0.00e+00	1.70e-14	8.84e-15	2.86e-15
 1.81067e+15	3.81e-14	1.91e-09	1.26e-05	5.44e-03	1.34e-01	4.41e-01	4.20e-01	0.00e+00	0.00e+00	2.21e-14	1.15e-14	3.73e-15
 1.85460e+15	4.96e-14	2.36e-09	1.48e-05	6.09e-03	1.43e-01	4.48e-01	4.03e-01	0.00e+00	0.00e+00	2.88e-14	1.50e-14	4.84e-15
 1.91172e+15	6.91e-14	3.08e-09	1.83e-05	7.01e-03	1.54e-01	4.56e-01	3.83e-01	0.00e+00	0.00e+00	4.01e-14	2.09e-14	6.74e-15
 1.97364e+15	9.77e-14	4.07e-09	2.27e-05	8.12e-03	1.67e-01	4.64e-01	3.61e-01	0.00e+00	0.00e+00	5.67e-14	2.95e-14	9.53e-15
 2.02922e+15	1.32e-13	5.18e-09	2.73e-05	9.20e-03	1.78e-01	4.70e-01	3.43e-01	0.00e+00	0.00e+00	7.67e-14	3.99e-14	1.29e-14
 2.08889e+15	1.81e-13	6.66e-09	3.31e-05	1.05e-02	1.91e-01	4.75e-01	3.24e-01	0.00e+00	0.00e+00	1.05e-13	5.48e-14	1.77e-14
 2.16508e+15	2.68e-13	9.07e-09	4.20e-05	1.23e-02	2.07e-01	4.80e-01	3.01e-01	0.00e+00	0.00e+00	1.55e-13	8.09e-14	2.61e-14
 2.24203e+15	3.89e-13	1.22e-08	5.26e-05	1.43e-02	2.23e-01	4.83e-01	2.79e-01	0.00e+00	0.00e+00	2.26e-13	1.18e-13	3.79e-14
 2.30614e+15	5.26e-13	1.55e-08	6.32e-05	1.61e-02	2.37e-01	4.85e-01	2.62e-01	0.00e+00	0.00e+00	3.06e-13	1.59e-13	5.13e-14
 2.37424e+15	7.20e-13	1.97e-08	7.61e-05	1.82e-02	2.52e-01	4.85e-01	2.44e-01	0.00e+00	0.00e+00	4.18e-13	2.18e-13	7.02e-14
 2.46101e+15	1.06e-12	2.66e-08	9.55e-05	2.10e-02	2.70e-01	4.84e-01	2.24e-01	0.00e+00	0.00e+00	6.13e-13	3.19e-13	1.03e-13
 2.55147e+15	1.54e-12	3.58e-08	1.20e-04	2.43e-02	2.90e-01	4.82e-01	2.04e-01	0.00e+00	0.00e+00	8.96e-13	4.67e-13	1.50e-13
 2.63072e+15	2.13e-12	4.59e-08	1.45e-04	2.74e-02	3.06e-01	4.78e-01	1.88e-01	0.00e+00	0.00e+00	1.23e-12	6.43e-13	2.07e-13
 2.71597e+15	2.98e-12	5.94e-08	1.76e-04	3.10e-02	3.23e-01	4.73e-01	1.72e-01	0.00e+00	0.00e+00	1.73e-12	9.01e-13	2.90e-13
 2.81945e+15	4.43e-12	8.06e-08	2.21e-04	3.58e-02	3.44e-01	4.65e-01	1.55e-01	0.00e+00	0.00e+00	2.57e-12	1.34e-12	4.31e-13
 2.92172e+15	6.41e-12	1.07e-07	2.73e-04	4.08e-02	3.63e-01	4.56e-01	1.39e-01	0.00e+00	0.00e+00	3.72e-12	1.94e-12	6.25e-13
 3.01165e+15	8.79e-12	1.36e-07	3.27e-04	4.55e-02	3.80e-01	4.47e-01	1.27e-01	0.00e+00	0.00e+00	5.11e-12	2.66e-12	8.57e-13
 3.11042e+15	1.23e-11	1.76e-07	3.95e-04	5.11e-02	3.97e-01	4.37e-01	1.14e-01	0.00e+00	0.00e+00	7.15e-12	3.73e-12	1.20e-12
 3.21939e+15	1.75e-11	2.31e-07	4.83e-04	5.76e-02	4.16e-01	4.25e-01	1.02e-01	0.00e+00	0.00e+00	1.02e-11	5.32e-12	1.71e-12
 3.31982e+15	2.40e-11	2.93e-07	5.76e-04	6.39e-02	4.32e-01	4.12e-01	9.16e-02	0.00e+00	0.00e+00	1.39e-11	7.27e-12	2.34e-12
 3.40614e+15	3.11e-11	3.56e-07	6.66e-04	6.96e-02	4.44e-01	4.02e-01	8.36e-02	0.00e+00	0.00e+00	1.81e-11	9.42e-12	3.03e-12
 3.49592e+15	4.06e-11	4.36e-07	7.72e-04	7.58e-02	4.57e-01	3.90e-01	7.60e-02	0.00e+00	0.00e+00	2.36e-11	1.23e-11	3.96e-12
 3.59639e+15	5.41e-11	5.42e-07	9.05e-04	8.31e-02	4.70e-01	3.77e-01	6.83e-02	0.00e+00	0.00e+00	3.14e-11	1.64e-11	5.28e-12
 3.69191e+15	7.02e-11	6.60e-07	1.05e-03	9.02e-02	4.82e-01	3.65e-01	6.18e-02	0.00e+00	0.00e+00	4.08e-11	2.13e-11	6.85e-12
 3.79721e+15	9.35e-11	8.19e-07	1.22e-03	9.85e-02	4.94e-01	3.51e-01	5.53e-02	0.00e+00	0.00e+00	5.43e-11	2.84e-11	9.13e-12
 3.91194e+15	1.25e-10	1.02e-06	1.44e-03	1.08e-01	5.06e-01	3.36e-01	4.90e-02	0.00e+00	0.00e+00	7.29e-11	3.80e-11	1.22e-11
 4.01757e+15	1.63e-10	1.25e-06	1.66e-03	1.17e-01	5.15e-01	3.22e-01	4.38e-02	0.00e+00	0.00e+00	9.46e-11	4.94e-11	1.59e-11
 4.13353e+15	2.17e-10	1.54e-06	1.94e-03	1.27e-01	5.25e-01	3.08e-01	3.87e-02	0.00e+00	0.00e+00	1.26e-10	6.58e-11	2.12e-11
 4.26154e+15	2.91e-10	1.93e-06	2.29e-03	1.38e-01	5.34e-01	2.92e-01	3.39e-02	0.00e+00	0.00e+00	1.69e-10	8.83e-11	2.84e-11
 4.38249e+15	3.81e-10	2.37e-06	2.65e-03	1.50e-01	5.41e-01	2.77e-01	2.98e-02	0.00e+00	0.00e+00	2.21e-10	1.16e-10	3.72e-11
 4.51698e+15	5.14e-10	2.97e-06	3.12e-03	1.63e-01	5.48e-01	2.61e-01	2.59e-02	0.00e+00	0.00e+00	2.99e-10	1.56e-10	5.03e-11
 4.66181e+15	6.92e-10	3.72e-06	3.68e-03	1.77e-01	5.53e-01	2.44e-01	2.23e-02	0.00e+00	0.00e+00	4.02e-10	2.10e-10	6.77e-11
 4.79103e+15	8.93e-10	4.51e-06	4.24e-03	1.90e-01	5.56e-01	2.30e-01	1.95e-02	0.00e+00	0.00e+00	5.19e-10	2.71e-10	8.75e-11
 4.92993e+15	1.18e-09	5.58e-06	4.93e-03	2.04e-01	5.58e-01	2.15e-01	1.68e-02	0.00e+00	0.00e+00	6.89e-10	3.60e-10	1.16e-10
 5.08368e+15	1.58e-09	6.94e-06	5.78e-03	2.21e-01	5.59e-01	2.00e-01	1.43e-02	0.00e+00	0.00e+00	9.18e-10	4.80e-10	1.55e-10
 5.22673e+15	2.03e-09	8.43e-06	6.67e-03	2.36e-01	5.59e-01	1.86e-01	1.24e-02	0.00e+00	0.00e+00	1.18e-09	6.19e-10	2.00e-10
 5.38274e+15	2.72e-09	1.05e-05	7.79e-03	2.53e-01	5.56e-01	1.72e-01	1.05e-02	0.00e+00	0.00e+00	1.58e-09	8.27e-10	2.67e-10
 5.55195e+15	3.61e-09	1.30e-05	9.13e-03	2.72e-01	5.52e-01	1.58e-01	8.79e-03	0.00e+00	0.00e+00	2.10e-09	1.10e-09	3.55e-10
 5.69695e+15	4.55e-09	1.56e-05	1.04e-02	2.88e-01	5.47e-01	1.46e-01	7.58e-03	0.00e+00	0.00e+00	2.65e-09	1.39e-09	4.48e-10
 5.82290e+15	5.58e-09	1.82e-05	1.17e-02	3.03e-01	5.42e-01	1.37e-01	6.65e-03	0.00e+00	0.00e+00	3.24e-09	1.70e-09	5.49e-10
 5.96549e+15	7.05e-09	2.17e-05	1.33e-02	3.19e-01	5.35e-01	1.27e-01	5.72e-03	0.00e+00	0.00e+00	4.10e-09	2.15e-09	6.95e-10
 6.12271e+15	8.98e-09	2.61e-05	1.52e-02	3.37e-01	5.27e-01	1.16e-01	4.85e-03	0.00e+00	0.00e+00	5.22e-09	2.74e-09	8.86e-10
 6.26746e+15	1.11e-08	3.08e-05	1.72e-02	3.53e-01	5.18e-01	1.07e-01	4.17e-03	0.00e+00	0.00e+00	6.48e-09	3.39e-09	1.10e-09
 6.40323e+15	1.37e-08	3.61e-05	1.92e-02	3.69e-01	5.09e-01	9.92e-02	3.61e-03	0.00e+00	0.00e+00	7.95e-09	4.16e-09	1.35e-09
 6.55886e+15	1.74e-08	4.33e-05	2.19e-02	3.87e-01	4.98e-01	9.04e-02	3.05e-03	0.00e+00	0.00e+00	1.01e-08	5.31e-09	1.72e-09
 6.72634e+15	2.22e-08	5.23e-05	2.51e-02	4.06e-01	4.84e-01	8.18e-02	2.55e-03	0.00e+00	0.00e+00	1.29e-08	6.78e-09	2.20e-09
 6.87456e+15	2.74e-08	6.14e-05	2.83e-02	4.22e-01	4.72e-01	7.48e-02	2.18e-03	0.00e+00	0.00e+00	1.59e-08	8.36e-09	2.71e-09
 7.00958e+15	3.32e-08	7.12e-05	3.16e-02	4.37e-01	4.60e-01	6.88e-02	1.88e-03	0.00e+00	0.00e+00	1.93e-08	1.01e-08	3.30e-09
 7.16207e+15	4.17e-08	8.46e-05	3.57e-02	4.54e-01	4.46e-01	6.23e-02	1.59e-03	0.00e+00	0.00e+00	2.43e-08	1.27e-08	4.13e-09
 7.32996e+15	5.34e-08	1.02e-04	4.09e-02	4.72e-01	4.30e-01	5.58e-02	1.31e-03	0.00e+00	0.00e+00	3.11e-08	1.63e-08	5.30e-09
 7.48198e+15	6.60e-08	1.20e-04	4.61e-02	4.88e-01	4.14e-01	5.04e-02	1.11e-03	0.00e+00	0.00e+00	3.84e-08	2.02e-08	6.56e-09
 7.62107e+15	8.08e-08	1.41e-04	5.16e-02	5.02e-01	4.00e-01	4.58e-02	9.42e-04	0.00e+00	0.00e+00	4.70e-08	2.47e-08	8.04e-09
 7.77921e+15	1.02e-07	1.69e-04	5.88e-02	5.17e-01	3.82e-01	4.08e-02	7.80e-04	0.00e+00	0.00e+00	5.96e-08	3.13e-08	1.02e-08
 7.94824e+15	1.33e-07	2.05e-04	6.76e-02	5.33e-01	3.63e-01	3.59e-02	6.35e-04	0.00e+00	0.00e+00	7.72e-08	4.05e-08	1.32e-08
 8.09359e+15	1.64e-07	2.42e-04	7.62e-02	5.45e-01	3.46e-01	3.21e-02	5.31e-04	0.00e+00	0.00e+00	9.57e-08	5.02e-08	1.64e-08
 8.22349e+15	2.02e-07	2.82e-04	8.50e-02	5.55e-01	3.31e-01	2.89e-02	4.49e-04	0.00e+00	0.00e+00	1.17e-07	6.16e-08	2.01e-08
 8.37115e+15	2.55e-07	3.39e-04	9.67e-02	5.65e-01	3.12e-01	2.55e-02	3.69e-04	0.00e+00	0.00e+00	1.49e-07	7.81e-08	2.55e-08
 8.52864e+15	3.36e-07	4.15e-04	1.11e-01	5.74e-01	2.92e-01	2.21e-02	2.96e-04	0.00e+00	0.00e+00	1.95e-07	1.03e-07	3.35e-08
 8.65839e+15	4.14e-07	4.88e-04	1.25e-01	5.80e-01	2.75e-01	1.96e-02	2.46e-04	0.00e+00	0.00e+00	2.41e-07	1.27e-07	4.14e-08
 8.76587e+15	4.99e-07	5.63e-04	1.38e-01	5.83e-01	2.61e-01	1.76e-02	2.10e-04	0.00e+00	0.00e+00	2.91e-07	1.53e-07	4.99e-08
 8.88494e+15	5.96e-07	6.48e-04	1.54e-01	5.85e-01	2.44e-01	1.55e-02	1.75e-04	0.00e+00	0.00e+00	3.47e-07	1.82e-07	5.97e-08
 9.03973e+15	8.62e-07	8.45e-04	1.81e-01	5.84e-01	2.21e-01	1.29e-02	1.32e-04	0.00e+00	0.00e+00	5.01e-07	2.64e-07	8.63e-08
 9.17507e+15	1.10e-06	1.02e-03	2.06e-01	5.80e-01	2.02e-01	1.09e-02	1.05e-04	0.00e+00	0.00e+00	6.41e-07	3.37e-07	1.10e-07
 9.25131e+15	1.28e-06	1.14e-03	2.23e-01	5.75e-01	1.91e-01	9.91e-03	9.10e-05	0.00e+00	0.00e+00	7.43e-07	3.91e-07	1.28e-07
 9.31658e+15	1.43e-06	1.25e-03	2.39e-01	5.70e-01	1.80e-01	9.04e-03	8.02e-05	0.00e+00	0.00e+00	8.30e-07	4.37e-07	1.43e-07
 9.40144e+15	1.79e-06	1.47e-03	2.63e-01	5.61e-01	1.67e-01	7.89e-03	6.61e-05	0.00e+00	0.00e+00	1.04e-06	5.48e-07	1.80e-07
 9.48297e+15	2.07e-06	1.64e-03	2.86e-01	5.51e-01	1.54e-01	6.96e-03	5.56e-05	0.00e+00	0.00e+00	1.20e-06	6.34e-07	2.08e-07
 9.56020e+15	2.50e-06	1.89e-03	3.12e-01	5.38e-01	1.41e-01	6.05e-03	4.60e-05	0.00e+00	0.00e+00	1.45e-06	7.65e-07	2.51e-07
 9.63938e+15	3.03e-06	2.17e-03	3.41e-01	5.23e-01	1.28e-01	5.21e-03	3.75e-05	0.00e+00	0.00e+00	1.76e-06	9.29e-07	3.05e-07
 9.70306e+15	3.74e-06	2.51e-03	3.68e-01	5.07e-01	1.18e-01	4.53e-03	3.09e-05	0.00e+00	0.00e+00	2.18e-06	1.15e-06	3.76e-07
 9.75288e+15	4.10e-06	2.70e-03	3.89e-01	4.95e-01	1.10e-01	4.09e-03	2.71e-05	0.00e+00	0.00e+00	2.39e-06	1.26e-06	4.13e-07
 9.80276e+15	4.71e-06	2.98e-03	4.12e-01	4.80e-01	1.01e-01	3.62e-03	2.30e-05	0.00e+00	0.00e+00	2.74e-06	1.45e-06	4.75e-07
 9.86760e+15	5.62e-06	3.38e-03	4.44e-01	4.59e-01	9.07e-02	3.07e-03	1.85e-05	0.00e+00	0.00e+00	3.27e-06	1.72e-06	5.66e-07
 9.93609e+15	6.80e-06	3.87e-03	4.79e-01	4.34e-01	7.98e-02	2.54e-03	1.45e-05	0.00e+00	0.00e+00	3.96e-06	2.09e-06	6.86e-07
 9.99334e+15	8.37e-06	4.44e-03	5.12e-01	4.10e-01	7.07e-02	2.12e-03	1.14e-05	0.00e+00	0.00e+00	4.87e-06	2.57e-06	8.44e-07
 1.00388e+16	9.55e-06	4.86e-03	5.38e-01	3.91e-01	6.39e-02	1.84e-03	9.44e-06	0.00e+00	0.00e+00	5.55e-06	2.93e-06	9.64e-07
 1.00847e+16	1.07e-05	5.27e-03	5.65e-01	3.71e-01	5.71e-02	1.57e-03	7.73e-06	0.00e+00	0.00e+00	6.23e-06	3.29e-06	1.08e-06
 1.01445e+16	1.34e-05	6.10e-03	6.03e-01	3.42e-01	4.85e-02	1.24e-03	5.70e-06	0.00e+00	0.00e+00	7.77e-06	4.10e-06	1.35e-06
 1.02031e+16	1.54e-05	6.72e-03	6.37e-01	3.14e-01	4.12e-02	9.88e-04	4.30e-06	0.00e+00	0.00e+00	8.97e-06	4.73e-06	1.56e-06
 1.02602e+16	1.94e-05	7.77e-03	6.74e-01	2.84e-01	3.40e-02	7.53e-04	3.03e-06	0.00e+00	0.00e+00	1.13e-05	5.96e-06	1.97e-06
 1.03156e+16	2.29e-05	8.65e-03	7.06e-01	2.57e-01	2.83e-02	5.83e-04	2.20e-06	0.00e+00	0.00e+00	1.33e-05	7.05e-06	2.33e-06
 1.03604e+16	2.64e-05	9.44e-03	7.32e-01	2.34e-01	2.40e-02	4.65e-04	1.65e-06	0.00e+00	0.00e+00	1.54e-05	8.11e-06	2.68e-06
 1.04102e+16	3.12e-05	1.05e-02	7.60e-01	2.10e-01	1.96e-02	3.52e-04	1.17e-06	0.00e+00	0.00e+00	1.81e-05	9.58e-06	3.17e-06
 1.04663e+16	3.73e-05	1.17e-02	7.89e-01	1.84e-01	1.55e-02	2.55e-04	7.82e-07	0.00e+00	0.00e+00	2.17e-05	1.15e-05	3.79e-06
 1.05203e+16	4.40e-05	1.29e-02	8.14e-01	1.61e-01	1.22e-02	1.84e-04	0.00e+00	0.00e+00	0.00e+00	2.56e-05	1.35e-05	4.49e-06
 1.05802e+16	5.34e-05	1.44e-02	8.40e-01	1.37e-01	9.18e-03	1.24e-04	0.00e+00	0.00e+00	0.00e+00	3.10e-05	1.64e-05	5.44e-06
 1.06336e+16	6.22e-05	1.57e-02	8.58e-01	1.19e-01	7.18e-03	8.88e-05	0.00e+00	0.00e+00	0.00e+00	3.62e-05	1.91e-05	6.35e-06
 1.06678e+16	6.90e-05	1.67e-02	8.69e-01	1.08e-01	6.07e-03	7.05e-05	0.00e+00	0.00e+00	0.00e+00	4.01e-05	2.12e-05	7.05e-06
 1.07015e+16	7.65e-05	1.77e-02	8.80e-01	9.74e-02	5.09e-03	5.53e-05	0.00e+00	0.00e+00	0.00e+00	4.45e-05	2.35e-05	7.83e-06
 1.07452e+16	8.74e-05	1.90e-02	8.92e-01	8.52e-02	4.03e-03	4.02e-05	0.00e+00	0.00e+00	0.00e+00	5.08e-05	2.69e-05	8.95e-06
 1.07930e+16	1.00e-04	2.05e-02	9.02e-01	7.39e-02	3.13e-03	2.84e-05	0.00e+00	0.00e+00	0.00e+00	5.84e-05	3.09e-05	1.03e-05
 1.08370e+16	1.14e-04	2.20e-02	9.11e-01	6.47e-02	2.49e-03	2.07e-05	0.00e+00	0.00e+00	0.00e+00	6.61e-05	3.50e-05	1.17e-05
 1.08851e+16	1.31e-04	2.37e-02	9.19e-01	5.56e-02	1.91e-03	1.43e-05	0.00e+00	0.00e+00	0.00e+00	7.60e-05	4.02e-05	1.34e-05
 1.09374e+16	1.51e-04	2.56e-02	9.25e-01	4.74e-02	1.44e-03	9.69e-06	0.00e+00	0.00e+00	0.00e+00	8.77e-05	4.64e-05	1.55e-05
 1.09848e+16	1.72e-04	2.74e-02	9.30e-01	4.10e-02	1.12e-03	6.81e-06	0.00e+00	0.00e+00	0.00e+00	9.99e-05	5.29e-05	1.77e-05
 1.10288e+16	1.94e-04	2.92e-02	9.34e-01	3.58e-02	8.86e-04	4.88e-06	0.00e+00	0.00e+00	0.00e+00	1.13e-04	5.96e-05	1.99e-05
 1.10790e+16	2.22e-04	3.14e-02	9.37e-01	3.06e-02	6.72e-04	3.31e-06	0.00e+00	0.00e+00	0.00e+00	1.29e-04	6.84e-05	2.29e-05
 1.11340e+16	2.57e-04	3.39e-02	9.39e-01	2.60e-02	5.04e-04	2.20e-06	0.00e+00	0.00e+00	0.00e+00	1.50e-04	7.92e-05	2.65e-05
 1.11833e+16	2.94e-04	3.64e-02	9.41e-01	2.24e-02	3.90e-04	1.52e-06	0.00e+00	0.00e+00	0.00e+00	1.71e-04	9.05e-05	3.03e-05
 1.12284e+16	3.31e-04	3.88e-02	9.41e-01	1.96e-02	3.09e-04	1.09e-06	0.00e+00	0.00e+00	0.00e+00	1.93e-04	1.02e-04	3.41e-05
 1.12794e+16	3.80e-04	4.17e-02	9.41e-01	1.68e-02	2.36e-04	7.38e-07	0.00e+00	0.00e+00	0.00e+00	2.21e-04	1.17e-04	3.92e-05
 1.13352e+16	4.41e-04	4.51e-02	9.40e-01	1.43e-02	1.78e-04	0.00e+00	0.00e+00	0.00e+00	0.00e+00	2.57e-04	1.36e-04	4.55e-05
 1.13849e+16	5.06e-04	4.85e-02	9.38e-01	1.24e-02	1.39e-04	0.00e+00	0.00e+00	0.00e+00	0.00e+00	2.94e-04	1.56e-04	5.21e-05
 1.14293e+16	5.70e-04	5.17e-02	9.37e-01	1.09e-02	1.12e-04	0.00e+00	0.00e+00	0.00e+00	0.00e+00	3.32e-04	1.76e-04	5.88e-05
 1.14791e+16	6.55e-04	5.56e-02	9.34e-01	9.43e-03	8.68e-05	0.00e+00	0.00e+00	0.00e+00	0.00e+00	3.81e-04	2.02e-04	6.75e-05
 1.15337e+16	7.62e-04	6.04e-02	9.31e-01	8.09e-03	6.67e-05	0.00e+00	0.00e+00	0.00e+00	0.00e+00	4.43e-04	2.35e-04	7.86e-05
