#depth	He	He+	He+2
 1.49634e+10	3.51e-24	5.39e-13	1.00e+00
 4.54887e+10	3.94e-24	5.82e-13	1.00e+00
 7.72350e+10	4.37e-24	6.29e-13	1.00e+00
 1.10251e+11	4.84e-24	6.80e-13	1.00e+00
 1.44588e+11	5.36e-24	7.35e-13	1.00e+00
 1.80298e+11	5.93e-24	7.95e-13	1.00e+00
 2.17437e+11	6.57e-24	8.59e-13	1.00e+00
 2.56061e+11	7.26e-24	9.29e-13	1.00e+00
 2.96231e+11	8.03e-24	1.00e-12	1.00e+00
 3.38007e+11	8.88e-24	1.09e-12	1.00e+00
 3.77059e+11	9.72e-24	1.17e-12	1.00e+00
 4.11584e+11	1.05e-23	1.24e-12	1.00e+00
 4.50154e+11	1.14e-23	1.32e-12	1.00e+00
 4.96357e+11	1.25e-23	1.43e-12	1.00e+00
 5.42645e+11	1.38e-23	1.54e-12	1.00e+00
 5.85220e+11	1.50e-23	1.64e-12	1.00e+00
 6.32809e+11	1.64e-23	1.76e-12	1.00e+00
 6.87865e+11	1.81e-23	1.90e-12	1.00e+00
 7.41363e+11	1.99e-23	2.05e-12	1.00e+00
 7.91994e+11	2.17e-23	2.19e-12	1.00e+00
 8.48592e+11	2.38e-23	2.36e-12	1.00e+00
 9.12463e+11	2.64e-23	2.55e-12	1.00e+00
 9.76675e+11	2.91e-23	2.75e-12	1.00e+00
 1.04346e+12	3.22e-23	2.97e-12	1.00e+00
 1.11512e+12	3.57e-23	3.22e-12	1.00e+00
 1.18965e+12	3.97e-23	3.48e-12	1.00e+00
 1.26716e+12	4.42e-23	3.77e-12	1.00e+00
 1.34778e+12	4.92e-23	4.08e-12	1.00e+00
 1.43162e+12	5.48e-23	4.42e-12	1.00e+00
 1.51881e+12	6.11e-23	4.79e-12	1.00e+00
 1.60949e+12	6.83e-23	5.19e-12	1.00e+00
 1.70379e+12	7.64e-23	5.62e-12	1.00e+00
 1.80187e+12	8.56e-23	6.09e-12	1.00e+00
 1.90387e+12	9.60e-23	6.60e-12	1.00e+00
 2.00247e+12	1.07e-22	7.11e-12	1.00e+00
 2.09474e+12	1.18e-22	7.61e-12	1.00e+00
 2.19819e+12	1.31e-22	8.19e-12	1.00e+00
 2.31317e+12	1.48e-22	8.86e-12	1.00e+00
 2.42399e+12	1.65e-22	9.54e-12	1.00e+00
 2.54212e+12	1.85e-22	1.03e-11	1.00e+00
 2.67373e+12	2.09e-22	1.12e-11	1.00e+00
 2.80614e+12	2.36e-22	1.21e-11	1.00e+00
 2.94385e+12	2.67e-22	1.31e-11	1.00e+00
 3.09153e+12	3.04e-22	1.42e-11	1.00e+00
 3.24511e+12	3.46e-22	1.54e-11	1.00e+00
 3.40485e+12	3.95e-22	1.67e-11	1.00e+00
 3.57097e+12	4.51e-22	1.82e-11	1.00e+00
 3.74373e+12	5.16e-22	1.98e-11	1.00e+00
 3.92341e+12	5.91e-22	2.15e-11	1.00e+00
 4.11027e+12	6.77e-22	2.34e-11	1.00e+00
 4.28544e+12	7.68e-22	2.52e-11	1.00e+00
 4.44123e+12	8.56e-22	2.69e-11	1.00e+00
 4.61576e+12	9.61e-22	2.89e-11	1.00e+00
 4.82366e+12	1.10e-21	3.14e-11	1.00e+00
 5.03235e+12	1.26e-21	3.40e-11	1.00e+00
 5.22737e+12	1.42e-21	3.66e-11	1.00e+00
 5.44437e+12	1.62e-21	3.96e-11	1.00e+00
 5.69207e+12	1.88e-21	4.32e-11	1.00e+00
 5.93881e+12	2.16e-21	4.70e-11	1.00e+00
 6.19542e+12	2.48e-21	5.11e-11	1.00e+00
 6.47316e+12	2.88e-21	5.58e-11	1.00e+00
 6.75544e+12	3.33e-21	6.08e-11	1.00e+00
 7.01797e+12	3.80e-21	6.58e-11	1.00e+00
 7.26025e+12	4.26e-21	7.06e-11	1.00e+00
 7.53726e+12	4.84e-21	7.63e-11	1.00e+00
 7.86267e+12	5.62e-21	8.34e-11	1.00e+00
 8.18538e+12	6.48e-21	9.09e-11	1.00e+00
 8.48713e+12	7.35e-21	9.83e-11	1.00e+00
 8.82268e+12	8.41e-21	1.07e-10	1.00e+00
 9.20551e+12	9.79e-21	1.17e-10	1.00e+00
 9.58227e+12	1.13e-20	1.28e-10	1.00e+00
 9.97410e+12	1.30e-20	1.40e-10	1.00e+00
 1.04030e+13	1.51e-20	1.54e-10	1.00e+00
 1.08339e+13	1.74e-20	1.69e-10	1.00e+00
 1.12820e+13	2.01e-20	1.85e-10	1.00e+00
 1.17632e+13	2.33e-20	2.04e-10	1.00e+00
 1.22404e+13	2.68e-20	2.24e-10	1.00e+00
 1.27367e+13	3.07e-20	2.46e-10	1.00e+00
 1.32761e+13	3.55e-20	2.72e-10	1.00e+00
 1.38371e+13	4.10e-20	3.00e-10	1.00e+00
 1.44205e+13	4.71e-20	3.32e-10	1.00e+00
 1.50272e+13	5.42e-20	3.67e-10	1.00e+00
 1.56582e+13	6.22e-20	4.06e-10	1.00e+00
 1.62299e+13	7.01e-20	4.44e-10	1.00e+00
 1.67077e+13	7.70e-20	4.77e-10	1.00e+00
 1.72319e+13	8.51e-20	5.16e-10	1.00e+00
 1.78936e+13	9.61e-20	5.67e-10	1.00e+00
 1.85832e+13	1.09e-19	6.24e-10	1.00e+00
 1.91706e+13	1.20e-19	6.75e-10	1.00e+00
 1.97762e+13	1.32e-19	7.31e-10	1.00e+00
 2.05358e+13	1.48e-19	8.05e-10	1.00e+00
 2.13066e+13	1.67e-19	8.84e-10	1.00e+00
 2.19712e+13	1.83e-19	9.56e-10	1.00e+00
 2.26868e+13	2.02e-19	1.04e-09	1.00e+00
 2.35680e+13	2.26e-19	1.14e-09	1.00e+00
 2.44696e+13	2.54e-19	1.26e-09	1.00e+00
 2.52865e+13	2.81e-19	1.37e-09	1.00e+00
 2.61881e+13	3.13e-19	1.50e-09	1.00e+00
 2.72466e+13	3.54e-19	1.65e-09	1.00e+00
 2.83036e+13	4.00e-19	1.82e-09	1.00e+00
 2.93108e+13	4.48e-19	1.99e-09	1.00e+00
 3.04211e+13	5.06e-19	2.18e-09	1.00e+00
 3.16679e+13	5.80e-19	2.41e-09	1.00e+00
 3.27908e+13	6.55e-19	2.63e-09	1.00e+00
 3.37190e+13	7.22e-19	2.82e-09	1.00e+00
 3.47333e+13	8.03e-19	3.03e-09	1.00e+00
 3.60278e+13	9.18e-19	3.32e-09	1.00e+00
 3.73338e+13	1.05e-18	3.62e-09	1.00e+00
 3.84157e+13	1.17e-18	3.89e-09	1.00e+00
 3.95587e+13	1.31e-18	4.17e-09	1.00e+00
 4.10238e+13	1.51e-18	4.56e-09	1.00e+00
 4.25589e+13	1.75e-18	4.99e-09	1.00e+00
 4.39046e+13	1.98e-18	5.37e-09	1.00e+00
 4.53530e+13	2.26e-18	5.81e-09	1.00e+00
 4.69587e+13	2.61e-18	6.32e-09	1.00e+00
 4.84475e+13	2.98e-18	6.81e-09	1.00e+00
 5.00616e+13	3.42e-18	7.36e-09	1.00e+00
 5.18560e+13	3.98e-18	8.00e-09	1.00e+00
 5.35290e+13	4.56e-18	8.63e-09	1.00e+00
 5.53481e+13	5.27e-18	9.33e-09	1.00e+00
 5.73722e+13	6.17e-18	1.02e-08	1.00e+00
 5.92642e+13	7.11e-18	1.10e-08	1.00e+00
 6.13249e+13	8.25e-18	1.19e-08	1.00e+00
 6.36242e+13	9.71e-18	1.29e-08	1.00e+00
 6.57866e+13	1.13e-17	1.40e-08	1.00e+00
 6.81509e+13	1.31e-17	1.51e-08	1.00e+00
 7.07978e+13	1.56e-17	1.65e-08	1.00e+00
 7.33036e+13	1.81e-17	1.79e-08	1.00e+00
 7.60036e+13	2.13e-17	1.94e-08	1.00e+00
 7.90737e+13	2.53e-17	2.13e-08	1.00e+00
 8.20902e+13	2.99e-17	2.31e-08	1.00e+00
 8.52273e+13	3.53e-17	2.52e-08	1.00e+00
 8.86663e+13	4.18e-17	2.75e-08	1.00e+00
 9.22429e+13	4.99e-17	3.00e-08	1.00e+00
 9.59625e+13	5.91e-17	3.27e-08	1.00e+00
 9.95028e+13	6.91e-17	3.54e-08	1.00e+00
 1.02709e+14	7.94e-17	3.80e-08	1.00e+00
 1.05703e+14	8.98e-17	4.05e-08	1.00e+00
 1.08994e+14	1.02e-16	4.32e-08	1.00e+00
 1.12699e+14	1.18e-16	4.64e-08	1.00e+00
 1.16242e+14	1.35e-16	4.97e-08	1.00e+00
 1.20146e+14	1.55e-16	5.33e-08	1.00e+00
 1.24496e+14	1.80e-16	5.75e-08	1.00e+00
 1.28498e+14	2.06e-16	6.15e-08	1.00e+00
 1.32199e+14	2.32e-16	6.53e-08	1.00e+00
 1.36438e+14	2.65e-16	6.98e-08	1.00e+00
 1.41625e+14	3.09e-16	7.54e-08	1.00e+00
 1.46807e+14	3.60e-16	8.14e-08	1.00e+00
 1.51329e+14	4.07e-16	8.66e-08	1.00e+00
 1.56230e+14	4.64e-16	9.25e-08	1.00e+00
 1.62195e+14	5.39e-16	9.98e-08	1.00e+00
 1.68263e+14	6.28e-16	1.08e-07	1.00e+00
 1.73770e+14	7.14e-16	1.15e-07	1.00e+00
 1.79831e+14	8.19e-16	1.23e-07	1.00e+00
 1.86937e+14	9.55e-16	1.33e-07	1.00e+00
 1.94004e+14	1.11e-15	1.43e-07	1.00e+00
 2.00711e+14	1.27e-15	1.54e-07	1.00e+00
 2.08127e+14	1.46e-15	1.65e-07	1.00e+00
 2.16481e+14	1.71e-15	1.79e-07	1.00e+00
 2.24918e+14	1.99e-15	1.93e-07	1.00e+00
 2.33692e+14	2.31e-15	2.08e-07	1.00e+00
 2.43069e+14	2.69e-15	2.25e-07	1.00e+00
 2.52822e+14	3.14e-15	2.43e-07	1.00e+00
 2.62262e+14	3.62e-15	2.61e-07	1.00e+00
 2.71139e+14	4.12e-15	2.79e-07	1.00e+00
 2.79501e+14	4.64e-15	2.96e-07	1.00e+00
 2.88594e+14	5.25e-15	3.15e-07	1.00e+00
 2.98764e+14	6.00e-15	3.37e-07	1.00e+00
 3.08386e+14	6.81e-15	3.60e-07	1.00e+00
 3.18950e+14	7.75e-15	3.84e-07	1.00e+00
 3.30820e+14	8.92e-15	4.13e-07	1.00e+00
 3.42119e+14	1.02e-14	4.41e-07	1.00e+00
 3.54485e+14	1.17e-14	4.74e-07	1.00e+00
 3.68332e+14	1.35e-14	5.11e-07	1.00e+00
 3.81701e+14	1.56e-14	5.49e-07	1.00e+00
 3.95966e+14	1.80e-14	5.90e-07	1.00e+00
 4.11834e+14	2.09e-14	6.38e-07	1.00e+00
 4.26502e+14	2.40e-14	6.86e-07	1.00e+00
 4.39200e+14	2.69e-14	7.27e-07	1.00e+00
 4.53275e+14	3.04e-14	7.75e-07	1.00e+00
 4.70469e+14	3.51e-14	8.35e-07	1.00e+00
 4.87892e+14	4.05e-14	9.00e-07	1.00e+00
 5.03565e+14	4.57e-14	9.59e-07	1.00e+00
 5.20793e+14	5.21e-14	1.03e-06	1.00e+00
 5.41156e+14	6.05e-14	1.11e-06	1.00e+00
 5.61168e+14	6.96e-14	1.20e-06	1.00e+00
 5.79470e+14	7.87e-14	1.28e-06	1.00e+00
 5.99975e+14	9.00e-14	1.37e-06	1.00e+00
 6.23811e+14	1.05e-13	1.49e-06	1.00e+00
 6.47197e+14	1.20e-13	1.60e-06	1.00e+00
 6.69388e+14	1.37e-13	1.71e-06	1.00e+00
 6.94063e+14	1.57e-13	1.85e-06	1.00e+00
 7.21856e+14	1.82e-13	2.00e-06	1.00e+00
 7.48251e+14	2.09e-13	2.15e-06	1.00e+00
 7.72367e+14	2.35e-13	2.29e-06	1.00e+00
 7.99715e+14	2.68e-13	2.46e-06	1.00e+00
 8.31491e+14	3.10e-13	2.67e-06	1.00e+00
 8.61733e+14	3.54e-13	2.87e-06	1.00e+00
 8.89060e+14	3.97e-13	3.06e-06	1.00e+00
 9.14865e+14	4.41e-13	3.24e-06	1.00e+00
 9.43387e+14	4.94e-13	3.45e-06	1.00e+00
 9.75317e+14	5.57e-13	3.69e-06	1.00e+00
 1.00542e+15	6.23e-13	3.92e-06	1.00e+00
 1.03830e+15	7.00e-13	4.19e-06	1.00e+00
 1.07503e+15	7.94e-13	4.50e-06	1.00e+00
 1.10987e+15	8.90e-13	4.81e-06	1.00e+00
 1.14823e+15	1.00e-12	5.14e-06	1.00e+00
 1.19058e+15	1.14e-12	5.54e-06	1.00e+00
 1.22968e+15	1.28e-12	5.92e-06	1.00e+00
 1.27209e+15	1.44e-12	6.34e-06	1.00e+00
 1.31944e+15	1.64e-12	6.83e-06	1.00e+00
 1.36375e+15	1.84e-12	7.30e-06	1.00e+00
 1.41188e+15	2.08e-12	7.85e-06	1.00e+00
 1.46540e+15	2.37e-12	8.46e-06	1.00e+00
 1.51568e+15	2.67e-12	9.09e-06	1.00e+00
 1.57045e+15	3.02e-12	9.77e-06	1.00e+00
 1.63147e+15	3.45e-12	1.06e-05	1.00e+00
 1.68921e+15	3.89e-12	1.14e-05	1.00e+00
 1.75109e+15	4.41e-12	1.23e-05	1.00e+00
 1.82116e+15	5.06e-12	1.33e-05	1.00e+00
 1.89012e+15	5.77e-12	1.44e-05	1.00e+00
 1.96184e+15	6.55e-12	1.56e-05	1.00e+00
 2.04034e+15	7.52e-12	1.69e-05	1.00e+00
 2.11752e+15	8.56e-12	1.83e-05	1.00e+00
 2.18138e+15	9.53e-12	1.95e-05	1.00e+00
 2.23272e+15	1.03e-11	2.05e-05	1.00e+00
 2.28941e+15	1.13e-11	2.17e-05	1.00e+00
 2.36310e+15	1.27e-11	2.32e-05	1.00e+00
 2.44213e+15	1.43e-11	2.50e-05	1.00e+00
 2.51234e+15	1.58e-11	2.65e-05	1.00e+00
 2.58789e+15	1.76e-11	2.84e-05	1.00e+00
 2.68321e+15	2.01e-11	3.07e-05	1.00e+00
 2.77998e+15	2.30e-11	3.33e-05	1.00e+00
 2.86260e+15	2.55e-11	3.55e-05	1.00e+00
 2.95111e+15	2.84e-11	3.79e-05	1.00e+00
 3.06117e+15	3.27e-11	4.12e-05	1.00e+00
 3.17339e+15	3.75e-11	4.47e-05	1.00e+00
 3.27194e+15	4.20e-11	4.79e-05	1.00e+00
 3.37857e+15	4.72e-11	5.15e-05	1.00e+00
 3.50763e+15	5.48e-11	5.61e-05	1.00e+00
 3.63590e+15	6.28e-11	6.09e-05	1.00e+00
 3.74995e+15	7.05e-11	6.53e-05	1.00e+00
 3.87545e+15	8.02e-11	7.05e-05	1.00e+00
 4.02533e+15	9.27e-11	7.68e-05	1.00e+00
 4.17456e+15	1.07e-10	8.35e-05	1.00e+00
 4.31130e+15	1.20e-10	8.97e-05	1.00e+00
 4.46415e+15	1.38e-10	9.72e-05	1.00e+00
 4.64157e+15	1.61e-10	1.06e-04	1.00e+00
 4.81605e+15	1.86e-10	1.16e-04	1.00e+00
 4.98255e+15	2.13e-10	1.25e-04	1.00e+00
 5.12846e+15	2.37e-10	1.33e-04	1.00e+00
 5.24929e+15	2.61e-10	1.41e-04	1.00e+00
 5.38263e+15	2.88e-10	1.49e-04	1.00e+00
 5.55599e+15	3.26e-10	1.60e-04	1.00e+00
 5.73787e+15	3.67e-10	1.72e-04	1.00e+00
 5.89440e+15	4.10e-10	1.83e-04	1.00e+00
 6.06144e+15	4.60e-10	1.95e-04	1.00e+00
 6.27860e+15	5.33e-10	2.11e-04	1.00e+00
 6.50179e+15	6.03e-10	2.29e-04	1.00e+00
 6.68860e+15	6.78e-10	2.44e-04	1.00e+00
 6.88722e+15	7.63e-10	2.61e-04	1.00e+00
 7.13948e+15	8.93e-10	2.83e-04	1.00e+00
 7.40336e+15	1.02e-09	3.07e-04	1.00e+00
 7.63772e+15	1.16e-09	3.29e-04	1.00e+00
 7.89183e+15	1.32e-09	3.54e-04	1.00e+00
 8.19618e+15	1.56e-09	3.86e-04	1.00e+00
 8.49752e+15	1.78e-09	4.19e-04	1.00e+00
 8.76914e+15	2.03e-09	4.50e-04	1.00e+00
 9.07044e+15	2.33e-09	4.85e-04	1.00e+00
 9.42557e+15	2.78e-09	5.30e-04	9.99e-01
 9.77589e+15	3.21e-09	5.75e-04	9.99e-01
 1.01014e+16	3.68e-09	6.19e-04	9.99e-01
 1.04667e+16	4.22e-09	6.70e-04	9.99e-01
 1.08854e+16	5.07e-09	7.34e-04	9.99e-01
 1.12326e+16	5.76e-09	7.87e-04	9.99e-01
 1.14769e+16	6.30e-09	8.26e-04	9.99e-01
 1.17309e+16	6.91e-09	8.68e-04	9.99e-01
 1.20611e+16	7.65e-09	9.24e-04	9.99e-01
 1.24303e+16	8.84e-09	9.92e-04	9.99e-01
 1.27753e+16	9.90e-09	1.05e-03	9.99e-01
 1.31489e+16	1.10e-08	1.13e-03	9.99e-01
 1.35677e+16	1.28e-08	1.21e-03	9.99e-01
 1.39613e+16	1.43e-08	1.29e-03	9.99e-01
 1.43889e+16	1.62e-08	1.39e-03	9.99e-01
 1.48670e+16	1.85e-08	1.49e-03	9.99e-01
 1.53181e+16	2.15e-08	1.61e-03	9.98e-01
 1.58119e+16	2.47e-08	1.73e-03	9.98e-01
 1.63474e+16	2.83e-08	1.87e-03	9.98e-01
 1.68357e+16	3.19e-08	2.01e-03	9.98e-01
 1.73692e+16	3.72e-08	2.17e-03	9.98e-01
 1.79500e+16	4.27e-08	2.35e-03	9.98e-01
 1.84781e+16	4.81e-08	2.52e-03	9.97e-01
 1.90504e+16	5.51e-08	2.73e-03	9.97e-01
 1.96822e+16	6.52e-08	2.97e-03	9.97e-01
 2.02632e+16	7.44e-08	3.20e-03	9.97e-01
 2.07935e+16	8.40e-08	3.43e-03	9.97e-01
 2.13861e+16	9.56e-08	3.70e-03	9.96e-01
 2.20400e+16	1.09e-07	4.02e-03	9.96e-01
 2.26431e+16	1.27e-07	4.35e-03	9.96e-01
 2.31380e+16	1.41e-07	4.63e-03	9.95e-01
 2.36224e+16	1.57e-07	4.94e-03	9.95e-01
 2.42520e+16	1.78e-07	5.36e-03	9.95e-01
 2.49169e+16	2.09e-07	5.85e-03	9.94e-01
 2.54480e+16	2.33e-07	6.27e-03	9.94e-01
 2.59591e+16	2.60e-07	6.73e-03	9.93e-01
 2.66234e+16	3.10e-07	7.42e-03	9.93e-01
 2.72646e+16	3.54e-07	8.11e-03	9.92e-01
 2.77404e+16	3.92e-07	8.69e-03	9.91e-01
 2.82240e+16	4.42e-07	9.38e-03	9.91e-01
 2.88527e+16	5.30e-07	1.04e-02	9.90e-01
 2.94703e+16	6.08e-07	1.15e-02	9.88e-01
 2.99425e+16	7.07e-07	1.25e-02	9.87e-01
 3.03400e+16	7.90e-07	1.35e-02	9.87e-01
 3.07716e+16	8.96e-07	1.47e-02	9.85e-01
 3.12447e+16	1.02e-06	1.62e-02	9.84e-01
 3.16680e+16	1.17e-06	1.77e-02	9.82e-01
 3.20381e+16	1.34e-06	1.93e-02	9.81e-01
 3.23896e+16	1.52e-06	2.11e-02	9.79e-01
 3.27932e+16	1.81e-06	2.35e-02	9.77e-01
 3.32020e+16	2.10e-06	2.63e-02	9.74e-01
 3.35273e+16	2.47e-06	2.91e-02	9.71e-01
 3.38035e+16	2.78e-06	3.18e-02	9.68e-01
 3.41062e+16	3.23e-06	3.55e-02	9.65e-01
 3.44310e+16	3.95e-06	4.02e-02	9.60e-01
 3.46990e+16	4.56e-06	4.48e-02	9.55e-01
 3.49203e+16	5.19e-06	4.94e-02	9.51e-01
 3.51664e+16	6.10e-06	5.57e-02	9.44e-01
 3.54254e+16	7.34e-06	6.37e-02	9.36e-01
 3.56375e+16	8.70e-06	7.20e-02	9.28e-01
 3.58095e+16	1.03e-05	8.00e-02	9.20e-01
 3.59650e+16	1.16e-05	8.87e-02	9.11e-01
 3.61386e+16	1.37e-05	1.00e-01	9.00e-01
 3.63226e+16	1.65e-05	1.15e-01	8.85e-01
 3.64745e+16	1.96e-05	1.31e-01	8.69e-01
 3.65974e+16	2.31e-05	1.46e-01	8.54e-01
 3.67081e+16	2.61e-05	1.62e-01	8.38e-01
 3.68319e+16	3.13e-05	1.83e-01	8.17e-01
 3.69602e+16	3.71e-05	2.09e-01	7.91e-01
 3.70663e+16	4.29e-05	2.35e-01	7.65e-01
 3.71599e+16	4.95e-05	2.62e-01	7.38e-01
 3.72455e+16	5.66e-05	2.89e-01	7.11e-01
 3.73160e+16	6.35e-05	3.14e-01	6.86e-01
 3.73715e+16	6.93e-05	3.35e-01	6.65e-01
 3.74286e+16	7.63e-05	3.60e-01	6.40e-01
 3.75029e+16	8.62e-05	3.94e-01	6.06e-01
 3.75794e+16	9.73e-05	4.31e-01	5.69e-01
 3.76431e+16	1.08e-04	4.64e-01	5.36e-01
 3.77100e+16	1.20e-04	5.01e-01	4.99e-01
 3.77836e+16	1.34e-04	5.42e-01	4.58e-01
 3.78526e+16	1.48e-04	5.82e-01	4.18e-01
 3.79287e+16	1.64e-04	6.26e-01	3.74e-01
 3.80129e+16	1.83e-04	6.72e-01	3.28e-01
 3.80936e+16	2.01e-04	7.14e-01	2.86e-01
 3.81846e+16	2.21e-04	7.58e-01	2.42e-01
 3.83030e+16	2.45e-04	8.08e-01	1.92e-01
 3.84310e+16	2.69e-04	8.51e-01	1.49e-01
 3.85717e+16	2.93e-04	8.88e-01	1.12e-01
 3.87545e+16	3.19e-04	9.22e-01	7.78e-02
 3.89922e+16	3.45e-04	9.50e-01	4.96e-02
 3.93012e+16	3.73e-04	9.71e-01	2.89e-02
 3.97028e+16	4.03e-04	9.84e-01	1.56e-02
 4.01356e+16	4.34e-04	9.91e-01	8.82e-03
 4.05245e+16	4.64e-04	9.94e-01	5.64e-03
 4.08899e+16	4.93e-04	9.96e-01	3.85e-03
 4.13090e+16	5.33e-04	9.97e-01	2.56e-03
 4.17456e+16	5.81e-04	9.98e-01	1.76e-03
 4.20921e+16	6.27e-04	9.98e-01	1.34e-03
 4.23650e+16	6.69e-04	9.98e-01	1.09e-03
 4.25685e+16	7.05e-04	9.98e-01	9.50e-04
 4.27077e+16	7.32e-04	9.98e-01	8.62e-04
 4.28505e+16	7.62e-04	9.98e-01	7.76e-04
 4.30360e+16	8.04e-04	9.99e-01	6.79e-04
 4.32287e+16	8.54e-04	9.99e-01	5.98e-04
 4.33839e+16	8.96e-04	9.99e-01	5.42e-04
 4.35129e+16	9.37e-04	9.99e-01	4.99e-04
 4.36543e+16	9.86e-04	9.99e-01	4.54e-04
 4.38118e+16	1.05e-03	9.99e-01	4.11e-04
 4.39541e+16	1.11e-03	9.99e-01	3.77e-04
 4.40632e+16	1.16e-03	9.98e-01	3.54e-04
 4.41468e+16	1.20e-03	9.98e-01	3.37e-04
 4.42374e+16	1.25e-03	9.98e-01	3.18e-04
 4.43552e+16	1.32e-03	9.98e-01	2.96e-04
 4.44713e+16	1.40e-03	9.98e-01	2.77e-04
 4.45567e+16	1.46e-03	9.98e-01	2.64e-04
 4.46279e+16	1.52e-03	9.98e-01	2.53e-04
 4.47092e+16	1.58e-03	9.98e-01	2.41e-04
 4.47997e+16	1.67e-03	9.98e-01	2.29e-04
 4.48816e+16	1.75e-03	9.98e-01	2.19e-04
 4.49530e+16	1.83e-03	9.98e-01	2.10e-04
 4.50311e+16	1.93e-03	9.98e-01	2.01e-04
 4.51147e+16	2.04e-03	9.98e-01	1.92e-04
 4.51856e+16	2.14e-03	9.98e-01	1.85e-04
 4.52460e+16	2.24e-03	9.98e-01	1.79e-04
 4.53126e+16	2.35e-03	9.97e-01	1.72e-04
 4.53851e+16	2.49e-03	9.97e-01	1.65e-04
 4.54489e+16	2.63e-03	9.97e-01	1.60e-04
 4.55044e+16	2.75e-03	9.97e-01	1.55e-04
 4.55659e+16	2.91e-03	9.97e-01	1.50e-04
 4.56324e+16	3.10e-03	9.97e-01	1.44e-04
 4.56904e+16	3.28e-03	9.97e-01	1.40e-04
 4.57408e+16	3.45e-03	9.96e-01	1.36e-04
 4.57963e+16	3.67e-03	9.96e-01	1.32e-04
 4.58574e+16	3.94e-03	9.96e-01	1.28e-04
 4.59122e+16	4.20e-03	9.96e-01	1.24e-04
 4.59608e+16	4.46e-03	9.95e-01	1.21e-04
 4.60148e+16	4.80e-03	9.95e-01	1.18e-04
 4.60747e+16	5.22e-03	9.95e-01	1.14e-04
 4.61297e+16	5.68e-03	9.94e-01	1.11e-04
 4.61796e+16	6.14e-03	9.94e-01	1.08e-04
 4.62355e+16	6.76e-03	9.93e-01	1.05e-04
 4.62933e+16	7.53e-03	9.92e-01	1.02e-04
 4.63386e+16	8.27e-03	9.92e-01	1.00e-04
 4.63748e+16	8.94e-03	9.91e-01	9.86e-05
 4.64139e+16	9.77e-03	9.90e-01	9.66e-05
 4.64571e+16	1.09e-02	9.89e-01	9.47e-05
 4.64950e+16	1.21e-02	9.88e-01	9.32e-05
 4.65264e+16	1.32e-02	9.87e-01	9.24e-05
 4.65596e+16	1.46e-02	9.85e-01	9.13e-05
 4.65959e+16	1.64e-02	9.84e-01	9.03e-05
 4.66272e+16	1.83e-02	9.82e-01	8.95e-05
 4.66527e+16	2.02e-02	9.80e-01	8.91e-05
 4.66799e+16	2.26e-02	9.77e-01	8.85e-05
 4.67091e+16	2.56e-02	9.74e-01	8.85e-05
 4.67341e+16	2.88e-02	9.71e-01	8.85e-05
 4.67548e+16	3.18e-02	9.68e-01	8.91e-05
 4.67769e+16	3.57e-02	9.64e-01	8.95e-05
 4.68002e+16	4.05e-02	9.59e-01	9.05e-05
 4.68196e+16	4.55e-02	9.54e-01	9.13e-05
 4.68358e+16	5.02e-02	9.50e-01	9.27e-05
 4.68527e+16	5.60e-02	9.44e-01	9.39e-05
 4.68707e+16	6.30e-02	9.37e-01	9.61e-05
 4.68867e+16	7.06e-02	9.29e-01	9.78e-05
 4.69007e+16	7.80e-02	9.22e-01	1.00e-04
 4.69136e+16	8.60e-02	9.14e-01	1.02e-04
 4.69263e+16	9.46e-02	9.05e-01	1.05e-04
 4.69385e+16	1.04e-01	8.96e-01	1.07e-04
 4.69494e+16	1.14e-01	8.86e-01	1.10e-04
 4.69575e+16	1.21e-01	8.79e-01	1.12e-04
 4.69627e+16	1.27e-01	8.73e-01	1.13e-04
 4.69675e+16	1.32e-01	8.68e-01	1.14e-04
 4.69731e+16	1.39e-01	8.61e-01	1.16e-04
 4.69792e+16	1.46e-01	8.54e-01	1.17e-04
 4.69851e+16	1.53e-01	8.46e-01	1.19e-04
 4.69905e+16	1.61e-01	8.39e-01	1.21e-04
 4.69960e+16	1.69e-01	8.31e-01	1.23e-04
 4.70015e+16	1.77e-01	8.23e-01	1.25e-04
 4.70068e+16	1.86e-01	8.14e-01	1.26e-04
 4.70122e+16	1.95e-01	8.05e-01	1.28e-04
 4.70174e+16	2.04e-01	7.96e-01	1.30e-04
 4.70225e+16	2.14e-01	7.86e-01	1.32e-04
 4.70277e+16	2.24e-01	7.76e-01	1.34e-04
 4.70327e+16	2.35e-01	7.65e-01	1.36e-04
 4.70377e+16	2.46e-01	7.54e-01	1.37e-04
 4.70427e+16	2.57e-01	7.43e-01	1.39e-04
 4.70475e+16	2.69e-01	7.31e-01	1.41e-04
 4.70524e+16	2.81e-01	7.19e-01	1.43e-04
 4.70571e+16	2.93e-01	7.07e-01	1.44e-04
 4.70617e+16	3.06e-01	6.94e-01	1.46e-04
 4.70664e+16	3.19e-01	6.81e-01	1.48e-04
 4.70709e+16	3.32e-01	6.68e-01	1.49e-04
 4.70755e+16	3.46e-01	6.54e-01	1.51e-04
 4.70799e+16	3.60e-01	6.40e-01	1.52e-04
 4.70843e+16	3.74e-01	6.26e-01	1.54e-04
 4.70886e+16	3.89e-01	6.11e-01	1.55e-04
 4.70929e+16	4.03e-01	5.97e-01	1.56e-04
 4.70970e+16	4.18e-01	5.82e-01	1.57e-04
 4.71011e+16	4.33e-01	5.67e-01	1.58e-04
 4.71052e+16	4.48e-01	5.52e-01	1.59e-04
 4.71092e+16	4.63e-01	5.37e-01	1.60e-04
 4.71132e+16	4.77e-01	5.23e-01	1.61e-04
 4.71170e+16	4.92e-01	5.08e-01	1.61e-04
 4.71208e+16	5.07e-01	4.93e-01	1.62e-04
 4.71244e+16	5.21e-01	4.79e-01	1.62e-04
 4.71281e+16	5.35e-01	4.64e-01	1.62e-04
 4.71316e+16	5.49e-01	4.50e-01	1.63e-04
 4.71350e+16	5.63e-01	4.37e-01	1.62e-04
 4.71384e+16	5.77e-01	4.23e-01	1.62e-04
 4.71418e+16	5.90e-01	4.10e-01	1.62e-04
 4.71450e+16	6.03e-01	3.97e-01	1.62e-04
 4.71482e+16	6.16e-01	3.84e-01	1.61e-04
 4.71513e+16	6.28e-01	3.72e-01	1.61e-04
 4.71544e+16	6.40e-01	3.60e-01	1.60e-04
 4.71574e+16	6.52e-01	3.48e-01	1.59e-04
 4.71603e+16	6.63e-01	3.37e-01	1.59e-04
 4.71632e+16	6.74e-01	3.25e-01	1.58e-04
 4.71660e+16	6.85e-01	3.15e-01	1.57e-04
 4.71689e+16	6.96e-01	3.04e-01	1.56e-04
 4.71716e+16	7.06e-01	2.94e-01	1.55e-04
 4.71743e+16	7.16e-01	2.84e-01	1.54e-04
 4.71770e+16	7.26e-01	2.74e-01	1.52e-04
 4.71797e+16	7.35e-01	2.65e-01	1.51e-04
 4.71823e+16	7.44e-01	2.56e-01	1.50e-04
 4.71849e+16	7.53e-01	2.47e-01	1.48e-04
 4.71874e+16	7.61e-01	2.38e-01	1.47e-04
 4.71899e+16	7.70e-01	2.30e-01	1.45e-04
 4.71920e+16	7.76e-01	2.24e-01	1.44e-04
 4.71935e+16	7.81e-01	2.19e-01	1.43e-04
 4.71949e+16	7.86e-01	2.14e-01	1.42e-04
 4.71965e+16	7.91e-01	2.09e-01	1.40e-04
 4.71980e+16	7.96e-01	2.04e-01	1.39e-04
 4.71995e+16	8.00e-01	2.00e-01	1.38e-04
 4.72010e+16	8.05e-01	1.95e-01	1.37e-04
 4.72025e+16	8.09e-01	1.91e-01	1.36e-04
 4.72039e+16	8.13e-01	1.87e-01	1.34e-04
 4.72053e+16	8.17e-01	1.83e-01	1.33e-04
 4.72067e+16	8.21e-01	1.79e-01	1.32e-04
 4.72082e+16	8.25e-01	1.75e-01	1.31e-04
 4.72096e+16	8.29e-01	1.71e-01	1.29e-04
 4.72111e+16	8.33e-01	1.67e-01	1.28e-04
 4.72125e+16	8.37e-01	1.63e-01	1.27e-04
 4.72141e+16	8.41e-01	1.59e-01	1.25e-04
 4.72158e+16	8.46e-01	1.54e-01	1.24e-04
 4.72175e+16	8.50e-01	1.50e-01	1.22e-04
 4.72195e+16	8.55e-01	1.45e-01	1.20e-04
 4.72216e+16	8.60e-01	1.40e-01	1.18e-04
 4.72238e+16	8.65e-01	1.35e-01	1.16e-04
 4.72259e+16	8.70e-01	1.30e-01	1.14e-04
 4.72279e+16	8.75e-01	1.25e-01	1.12e-04
 4.72298e+16	8.79e-01	1.21e-01	1.09e-04
 4.72316e+16	8.83e-01	1.17e-01	1.07e-04
 4.72334e+16	8.87e-01	1.13e-01	1.05e-04
 4.72351e+16	8.90e-01	1.10e-01	1.03e-04
 4.72367e+16	8.93e-01	1.07e-01	1.01e-04
 4.72381e+16	8.96e-01	1.04e-01	9.91e-05
 4.72393e+16	8.99e-01	1.01e-01	9.73e-05
 4.72405e+16	9.01e-01	9.91e-02	9.57e-05
 4.72415e+16	9.03e-01	9.70e-02	9.42e-05
 4.72425e+16	9.05e-01	9.52e-02	9.28e-05
 4.72434e+16	9.06e-01	9.34e-02	9.15e-05
 4.72443e+16	9.08e-01	9.16e-02	9.01e-05
 4.72453e+16	9.10e-01	8.97e-02	8.87e-05
 4.72463e+16	9.12e-01	8.80e-02	8.73e-05
 4.72471e+16	9.14e-01	8.64e-02	8.60e-05
 4.72479e+16	9.15e-01	8.49e-02	8.47e-05
 4.72486e+16	9.16e-01	8.37e-02	8.37e-05
 4.72494e+16	9.18e-01	8.23e-02	8.25e-05
 4.72502e+16	9.19e-01	8.08e-02	8.12e-05
 4.72510e+16	9.20e-01	7.95e-02	8.01e-05
 4.72517e+16	9.22e-01	7.82e-02	7.88e-05
 4.72523e+16	9.23e-01	7.71e-02	7.79e-05
 4.72530e+16	9.24e-01	7.59e-02	7.68e-05
 4.72537e+16	9.25e-01	7.46e-02	7.56e-05
 4.72544e+16	9.26e-01	7.34e-02	7.45e-05
 4.72550e+16	9.28e-01	7.23e-02	7.34e-05
 4.72556e+16	9.29e-01	7.14e-02	7.25e-05
 4.72562e+16	9.30e-01	7.03e-02	7.15e-05
 4.72569e+16	9.31e-01	6.92e-02	7.04e-05
 4.72575e+16	9.32e-01	6.82e-02	6.94e-05
 4.72580e+16	9.33e-01	6.73e-02	6.84e-05
 4.72585e+16	9.33e-01	6.64e-02	6.75e-05
 4.72591e+16	9.34e-01	6.56e-02	6.67e-05
 4.72598e+16	9.36e-01	6.43e-02	6.54e-05
 4.72606e+16	9.37e-01	6.31e-02	6.41e-05
 4.72613e+16	9.38e-01	6.20e-02	6.31e-05
 4.72619e+16	9.39e-01	6.10e-02	6.20e-05
 4.72625e+16	9.40e-01	6.01e-02	6.11e-05
 4.72630e+16	9.41e-01	5.93e-02	6.02e-05
 4.72635e+16	9.41e-01	5.85e-02	5.94e-05
 4.72640e+16	9.42e-01	5.77e-02	5.85e-05
 4.72645e+16	9.43e-01	5.69e-02	5.76e-05
 4.72651e+16	9.44e-01	5.61e-02	5.68e-05
 4.72656e+16	9.45e-01	5.53e-02	5.60e-05
 4.72661e+16	9.45e-01	5.45e-02	5.51e-05
 4.72666e+16	9.46e-01	5.38e-02	5.44e-05
 4.72671e+16	9.47e-01	5.30e-02	5.35e-05
 4.72677e+16	9.48e-01	5.22e-02	5.27e-05
 4.72683e+16	9.48e-01	5.15e-02	5.19e-05
 4.72687e+16	9.49e-01	5.08e-02	5.11e-05
 4.72692e+16	9.50e-01	5.01e-02	5.04e-05
 4.72698e+16	9.51e-01	4.94e-02	4.97e-05
 4.72703e+16	9.51e-01	4.86e-02	4.90e-05
 4.72709e+16	9.52e-01	4.80e-02	4.83e-05
 4.72715e+16	9.53e-01	4.72e-02	4.75e-05
 4.72721e+16	9.54e-01	4.64e-02	4.67e-05
 4.72727e+16	9.54e-01	4.57e-02	4.60e-05
 4.72732e+16	9.55e-01	4.51e-02	4.53e-05
 4.72738e+16	9.56e-01	4.44e-02	4.47e-05
 4.72744e+16	9.56e-01	4.37e-02	4.39e-05
 4.72750e+16	9.57e-01	4.31e-02	4.33e-05
 4.72756e+16	9.58e-01	4.24e-02	4.26e-05
 4.72762e+16	9.58e-01	4.17e-02	4.18e-05
 4.72768e+16	9.59e-01	4.10e-02	4.12e-05
 4.72774e+16	9.60e-01	4.04e-02	4.05e-05
 4.72780e+16	9.60e-01	3.98e-02	3.99e-05
 4.72787e+16	9.61e-01	3.91e-02	3.93e-05
 4.72792e+16	9.61e-01	3.85e-02	3.86e-05
 4.72798e+16	9.62e-01	3.80e-02	3.81e-05
 4.72804e+16	9.63e-01	3.74e-02	3.76e-05
 4.72811e+16	9.63e-01	3.67e-02	3.68e-05
 4.72820e+16	9.64e-01	3.59e-02	3.61e-05
 4.72827e+16	9.65e-01	3.53e-02	3.54e-05
 4.72834e+16	9.65e-01	3.47e-02	3.48e-05
 4.72840e+16	9.66e-01	3.41e-02	3.43e-05
 4.72847e+16	9.66e-01	3.36e-02	3.37e-05
 4.72855e+16	9.67e-01	3.30e-02	3.31e-05
 4.72862e+16	9.68e-01	3.24e-02	3.26e-05
 4.72869e+16	9.68e-01	3.18e-02	3.20e-05
 4.72877e+16	9.69e-01	3.12e-02	3.14e-05
 4.72884e+16	9.69e-01	3.07e-02	3.09e-05
 4.72891e+16	9.70e-01	3.02e-02	3.04e-05
 4.72898e+16	9.70e-01	2.97e-02	2.99e-05
 4.72906e+16	9.71e-01	2.92e-02	2.94e-05
 4.72913e+16	9.71e-01	2.87e-02	2.89e-05
 4.72921e+16	9.72e-01	2.82e-02	2.84e-05
 4.72929e+16	9.72e-01	2.76e-02	2.79e-05
 4.72937e+16	9.73e-01	2.71e-02	2.74e-05
 4.72945e+16	9.73e-01	2.66e-02	2.69e-05
 4.72954e+16	9.74e-01	2.61e-02	2.64e-05
 4.72962e+16	9.74e-01	2.56e-02	2.60e-05
 4.72971e+16	9.75e-01	2.51e-02	2.54e-05
 4.72981e+16	9.75e-01	2.46e-02	2.49e-05
 4.72990e+16	9.76e-01	2.41e-02	2.45e-05
 4.73000e+16	9.76e-01	2.36e-02	2.40e-05
 4.73010e+16	9.77e-01	2.31e-02	2.35e-05
 4.73020e+16	9.77e-01	2.27e-02	2.31e-05
 4.73030e+16	9.78e-01	2.21e-02	2.25e-05
 4.73042e+16	9.78e-01	2.16e-02	2.21e-05
 4.73052e+16	9.79e-01	2.12e-02	2.17e-05
 4.73063e+16	9.79e-01	2.07e-02	2.12e-05
 4.73075e+16	9.80e-01	2.02e-02	2.07e-05
 4.73086e+16	9.80e-01	1.98e-02	2.03e-05
 4.73099e+16	9.81e-01	1.93e-02	1.98e-05
 4.73112e+16	9.81e-01	1.89e-02	1.94e-05
 4.73124e+16	9.82e-01	1.85e-02	1.90e-05
 4.73137e+16	9.82e-01	1.80e-02	1.85e-05
 4.73151e+16	9.82e-01	1.76e-02	1.81e-05
 4.73164e+16	9.83e-01	1.72e-02	1.77e-05
 4.73178e+16	9.83e-01	1.68e-02	1.73e-05
 4.73193e+16	9.84e-01	1.63e-02	1.69e-05
 4.73207e+16	9.84e-01	1.60e-02	1.66e-05
 4.73222e+16	9.84e-01	1.56e-02	1.61e-05
 4.73238e+16	9.85e-01	1.52e-02	1.58e-05
 4.73253e+16	9.85e-01	1.48e-02	1.54e-05
 4.73269e+16	9.86e-01	1.45e-02	1.50e-05
 4.73287e+16	9.86e-01	1.41e-02	1.47e-05
 4.73303e+16	9.86e-01	1.38e-02	1.44e-05
 4.73320e+16	9.87e-01	1.34e-02	1.40e-05
 4.73343e+16	9.87e-01	1.30e-02	1.36e-05
 4.73368e+16	9.87e-01	1.26e-02	1.32e-05
 4.73390e+16	9.88e-01	1.23e-02	1.29e-05
 4.73415e+16	9.88e-01	1.19e-02	1.25e-05
 4.73441e+16	9.88e-01	1.16e-02	1.22e-05
 4.73465e+16	9.89e-01	1.13e-02	1.19e-05
 4.73492e+16	9.89e-01	1.10e-02	1.15e-05
 4.73526e+16	9.89e-01	1.06e-02	1.12e-05
 4.73563e+16	9.90e-01	1.03e-02	1.08e-05
 4.73597e+16	9.90e-01	9.99e-03	1.06e-05
 4.73634e+16	9.90e-01	9.69e-03	1.02e-05
 4.73682e+16	9.91e-01	9.37e-03	9.90e-06
 4.73744e+16	9.91e-01	9.01e-03	9.53e-06
 4.73820e+16	9.91e-01	8.67e-03	9.18e-06
 4.73906e+16	9.92e-01	8.36e-03	8.83e-06
 4.74003e+16	9.92e-01	8.09e-03	8.53e-06
 4.74103e+16	9.92e-01	7.87e-03	8.28e-06
 4.74203e+16	9.92e-01	7.70e-03	8.08e-06
 4.74318e+16	9.92e-01	7.55e-03	7.89e-06
 4.74467e+16	9.93e-01	7.40e-03	7.70e-06
 4.74662e+16	9.93e-01	7.25e-03	7.49e-06
 4.74915e+16	9.93e-01	7.11e-03	7.27e-06
 4.75243e+16	9.93e-01	6.96e-03	7.03e-06
 4.75671e+16	9.93e-01	6.79e-03	6.74e-06
 4.76226e+16	9.93e-01	6.60e-03	6.40e-06
 4.76948e+16	9.94e-01	6.36e-03	5.99e-06
 4.77887e+16	9.94e-01	6.08e-03	5.51e-06
 4.78987e+16	9.94e-01	5.78e-03	5.02e-06
 4.80117e+16	9.94e-01	5.50e-03	4.57e-06
 4.81245e+16	9.95e-01	5.25e-03	4.17e-06
 4.82402e+16	9.95e-01	5.00e-03	3.80e-06
 4.83601e+16	9.95e-01	4.76e-03	3.46e-06
 4.84834e+16	9.95e-01	4.53e-03	3.14e-06
 4.86093e+16	9.96e-01	4.31e-03	2.85e-06
 4.87380e+16	9.96e-01	4.10e-03	2.59e-06
 4.88696e+16	9.96e-01	3.90e-03	2.35e-06
 4.90024e+16	9.96e-01	3.72e-03	2.13e-06
 4.91379e+16	9.96e-01	3.53e-03	1.93e-06
 4.92786e+16	9.97e-01	3.36e-03	1.74e-06
 4.94232e+16	9.97e-01	3.19e-03	1.57e-06
 4.95704e+16	9.97e-01	3.03e-03	1.41e-06
 4.97204e+16	9.97e-01	2.87e-03	1.27e-06
 4.98738e+16	9.97e-01	2.73e-03	1.15e-06
 5.00309e+16	9.97e-01	2.59e-03	1.03e-06
 5.01914e+16	9.98e-01	2.45e-03	9.25e-07
 5.03551e+16	9.98e-01	2.32e-03	8.29e-07
 5.05224e+16	9.98e-01	2.20e-03	7.42e-07
 5.06937e+16	9.98e-01	2.08e-03	6.64e-07
 5.08689e+16	9.98e-01	1.97e-03	5.93e-07
 5.10480e+16	9.98e-01	1.86e-03	5.29e-07
 5.12313e+16	9.98e-01	1.76e-03	4.71e-07
 5.14191e+16	9.98e-01	1.66e-03	4.19e-07
 5.16115e+16	9.98e-01	1.57e-03	3.72e-07
 5.18087e+16	9.99e-01	1.48e-03	3.29e-07
 5.20110e+16	9.99e-01	1.39e-03	2.91e-07
 5.22187e+16	9.99e-01	1.31e-03	2.57e-07
 5.24319e+16	9.99e-01	1.23e-03	2.26e-07
 5.26511e+16	9.99e-01	1.16e-03	1.99e-07
 5.28769e+16	9.99e-01	1.09e-03	1.74e-07
 5.31096e+16	9.99e-01	1.02e-03	1.52e-07
 5.33493e+16	9.99e-01	9.58e-04	1.33e-07
 5.35966e+16	9.99e-01	8.97e-04	1.15e-07
 5.38476e+16	9.99e-01	8.39e-04	1.00e-07
 5.41066e+16	9.99e-01	7.84e-04	8.67e-08
 5.43810e+16	9.99e-01	7.30e-04	7.44e-08
 5.46671e+16	9.99e-01	6.79e-04	6.36e-08
 5.49637e+16	9.99e-01	6.30e-04	5.41e-08
 5.52728e+16	9.99e-01	5.83e-04	4.58e-08
 5.55962e+16	9.99e-01	5.38e-04	3.85e-08
 5.59344e+16	1.00e+00	4.95e-04	3.21e-08
 5.62916e+16	1.00e+00	4.54e-04	2.66e-08
 5.66665e+16	1.00e+00	4.15e-04	2.18e-08
 5.70627e+16	1.00e+00	3.77e-04	1.77e-08
 5.74863e+16	1.00e+00	3.40e-04	1.42e-08
 5.79359e+16	1.00e+00	3.05e-04	1.12e-08
 5.84169e+16	1.00e+00	2.71e-04	8.74e-09
 5.89374e+16	1.00e+00	2.38e-04	6.65e-09
 5.95055e+16	1.00e+00	2.07e-04	4.93e-09
 6.01306e+16	1.00e+00	1.76e-04	3.54e-09
 6.08272e+16	1.00e+00	1.46e-04	2.44e-09
 6.16458e+16	1.00e+00	1.18e-04	1.57e-09
 6.26034e+16	1.00e+00	9.18e-05	9.51e-10
 6.36266e+16	1.00e+00	7.04e-05	5.61e-10
 6.47420e+16	1.00e+00	5.27e-05	3.15e-10
 6.60581e+16	1.00e+00	3.75e-05	1.61e-10
 6.75275e+16	1.00e+00	2.60e-05	7.81e-11
 6.90559e+16	1.00e+00	1.79e-05	3.75e-11
 7.06146e+16	1.00e+00	1.24e-05	1.81e-11
 7.21807e+16	1.00e+00	8.62e-06	8.85e-12
 7.37468e+16	1.00e+00	6.04e-06	4.41e-12
 7.53129e+16	1.00e+00	4.27e-06	2.23e-12
 7.68790e+16	1.00e+00	3.04e-06	1.14e-12
 7.84451e+16	1.00e+00	2.18e-06	5.97e-13
 8.00112e+16	1.00e+00	1.58e-06	3.15e-13
 8.15773e+16	1.00e+00	1.14e-06	1.69e-13
 8.31434e+16	1.00e+00	8.33e-07	9.13e-14
 8.47095e+16	1.00e+00	6.14e-07	5.03e-14
 8.62756e+16	1.00e+00	4.54e-07	2.80e-14
 8.78418e+16	1.00e+00	3.38e-07	1.58e-14
 8.96428e+16	1.00e+00	2.39e-07	8.08e-15
 9.17095e+16	1.00e+00	1.64e-07	3.90e-15
 9.38067e+16	1.00e+00	1.14e-07	1.92e-15
 9.59040e+16	1.00e+00	7.99e-08	9.59e-16
 9.81880e+16	1.00e+00	5.44e-08	4.54e-16
 1.00659e+17	1.00e+00	3.66e-08	2.10e-16
 1.03130e+17	1.00e+00	2.49e-08	9.93e-17
 1.05706e+17	1.00e+00	1.68e-08	4.63e-17
 1.08428e+17	1.00e+00	1.12e-08	2.12e-17
 1.11229e+17	1.00e+00	7.61e-09	9.81e-18
 1.14071e+17	1.00e+00	5.16e-09	4.58e-18
 1.16913e+17	1.00e+00	3.54e-09	2.18e-18
 1.19755e+17	1.00e+00	2.45e-09	1.06e-18
 1.22597e+17	1.00e+00	1.72e-09	5.28e-19
 1.25439e+17	1.00e+00	1.21e-09	2.67e-19
 1.28281e+17	1.00e+00	8.66e-10	1.37e-19
 1.31124e+17	1.00e+00	6.24e-10	7.19e-20
 1.33967e+17	1.00e+00	4.53e-10	3.82e-20
 1.36810e+17	1.00e+00	3.31e-10	2.06e-20
 1.39654e+17	1.00e+00	2.44e-10	1.13e-20
 1.42497e+17	1.00e+00	1.81e-10	6.25e-21
 1.45340e+17	1.00e+00	1.36e-10	0.00e+00
 1.48182e+17	1.00e+00	1.02e-10	0.00e+00
 1.51025e+17	1.00e+00	7.75e-11	0.00e+00
 1.54294e+17	1.00e+00	5.64e-11	0.00e+00
 1.58107e+17	1.00e+00	3.96e-11	0.00e+00
 1.62036e+17	1.00e+00	2.80e-11	0.00e+00
 1.66139e+17	1.00e+00	1.98e-11	0.00e+00
 1.70458e+17	1.00e+00	1.40e-11	0.00e+00
 1.74882e+17	1.00e+00	1.00e-11	0.00e+00
 1.79369e+17	1.00e+00	7.31e-12	0.00e+00
 1.83943e+17	1.00e+00	5.47e-12	0.00e+00
 1.88604e+17	1.00e+00	4.19e-12	0.00e+00
 1.93264e+17	1.00e+00	3.34e-12	0.00e+00
 1.97925e+17	1.00e+00	2.75e-12	0.00e+00
 2.02818e+17	1.00e+00	2.33e-12	0.00e+00
 2.07993e+17	1.00e+00	1.99e-12	0.00e+00
 2.13293e+17	1.00e+00	1.76e-12	0.00e+00
 2.18721e+17	1.00e+00	1.60e-12	0.00e+00
 2.24227e+17	1.00e+00	1.49e-12	0.00e+00
 2.30279e+17	1.00e+00	1.40e-12	0.00e+00
 2.37081e+17	1.00e+00	1.25e-12	0.00e+00
 2.44043e+17	1.00e+00	1.14e-12	0.00e+00
 2.50880e+17	1.00e+00	1.12e-12	0.00e+00
 2.57660e+17	1.00e+00	1.11e-12	0.00e+00
 2.64461e+17	1.00e+00	1.10e-12	0.00e+00
 2.71265e+17	1.00e+00	1.09e-12	0.00e+00
 2.78014e+17	1.00e+00	1.09e-12	0.00e+00
 2.84647e+17	1.00e+00	1.09e-12	0.00e+00
 2.91144e+17	1.00e+00	1.10e-12	0.00e+00
 2.97474e+17	1.00e+00	1.11e-12	0.00e+00
 3.03605e+17	1.00e+00	1.13e-12	0.00e+00
 3.09530e+17	1.00e+00	1.15e-12	0.00e+00
 3.15222e+17	1.00e+00	1.17e-12	0.00e+00
 3.20660e+17	1.00e+00	1.20e-12	0.00e+00
 3.25841e+17	1.00e+00	1.23e-12	0.00e+00
 3.30765e+17	1.00e+00	1.26e-12	0.00e+00
 3.35433e+17	1.00e+00	1.29e-12	0.00e+00
 3.39851e+17	1.00e+00	1.32e-12	0.00e+00
 3.44024e+17	1.00e+00	1.35e-12	0.00e+00
 3.47963e+17	1.00e+00	1.37e-12	0.00e+00
 3.51677e+17	1.00e+00	1.40e-12	0.00e+00
 3.55180e+17	1.00e+00	1.43e-12	0.00e+00
 3.58482e+17	1.00e+00	1.46e-12	0.00e+00
 3.61597e+17	1.00e+00	1.48e-12	0.00e+00
 3.64534e+17	1.00e+00	1.51e-12	0.00e+00
 3.67303e+17	1.00e+00	1.53e-12	0.00e+00
 3.69914e+17	1.00e+00	1.55e-12	0.00e+00
 3.72374e+17	1.00e+00	1.57e-12	0.00e+00
 3.74693e+17	1.00e+00	1.59e-12	0.00e+00
 3.76886e+17	1.00e+00	1.61e-12	0.00e+00
 3.78961e+17	1.00e+00	1.63e-12	0.00e+00
 3.80924e+17	1.00e+00	1.64e-12	0.00e+00
 3.82782e+17	1.00e+00	1.66e-12	0.00e+00
 3.84539e+17	1.00e+00	1.67e-12	0.00e+00
 3.86202e+17	1.00e+00	1.69e-12	0.00e+00
 3.87778e+17	1.00e+00	1.70e-12	0.00e+00
 3.89272e+17	1.00e+00	1.71e-12	0.00e+00
 3.90691e+17	1.00e+00	1.72e-12	0.00e+00
 3.92037e+17	1.00e+00	1.73e-12	0.00e+00
 3.93314e+17	1.00e+00	1.74e-12	0.00e+00
 3.94527e+17	1.00e+00	1.75e-12	0.00e+00
 3.95681e+17	1.00e+00	1.76e-12	0.00e+00
 3.96777e+17	1.00e+00	1.77e-12	0.00e+00
 3.97822e+17	1.00e+00	1.78e-12	0.00e+00
 3.98816e+17	1.00e+00	1.78e-12	0.00e+00
 3.99763e+17	1.00e+00	1.79e-12	0.00e+00
 4.00666e+17	1.00e+00	1.80e-12	0.00e+00
 4.01528e+17	1.00e+00	1.80e-12	0.00e+00
 4.02351e+17	1.00e+00	1.81e-12	0.00e+00
 4.03138e+17	1.00e+00	1.82e-12	0.00e+00
 4.03890e+17	1.00e+00	1.82e-12	0.00e+00
 4.04611e+17	1.00e+00	1.83e-12	0.00e+00
 4.05302e+17	1.00e+00	1.83e-12	0.00e+00
 4.05965e+17	1.00e+00	1.84e-12	0.00e+00
 4.06602e+17	1.00e+00	1.84e-12	0.00e+00
 4.07216e+17	1.00e+00	1.84e-12	0.00e+00
 4.07807e+17	1.00e+00	1.85e-12	0.00e+00
 4.08378e+17	1.00e+00	1.85e-12	0.00e+00
 4.08930e+17	1.00e+00	1.85e-12	0.00e+00
 4.09465e+17	1.00e+00	1.86e-12	0.00e+00
 4.09985e+17	1.00e+00	1.86e-12	0.00e+00
 4.10492e+17	1.00e+00	1.86e-12	0.00e+00
 4.10986e+17	1.00e+00	1.86e-12	0.00e+00
 4.11471e+17	1.00e+00	1.87e-12	0.00e+00
 4.11947e+17	1.00e+00	1.87e-12	0.00e+00
 4.12418e+17	1.00e+00	1.87e-12	0.00e+00
 4.12884e+17	1.00e+00	1.87e-12	0.00e+00
 4.13348e+17	1.00e+00	1.87e-12	0.00e+00
 4.13812e+17	1.00e+00	1.87e-12	0.00e+00
 4.14280e+17	1.00e+00	1.88e-12	0.00e+00
 4.14755e+17	1.00e+00	1.88e-12	0.00e+00
 4.15239e+17	1.00e+00	1.88e-12	0.00e+00
 4.15739e+17	1.00e+00	1.88e-12	0.00e+00
 4.16258e+17	1.00e+00	1.88e-12	0.00e+00
 4.16804e+17	1.00e+00	1.88e-12	0.00e+00
 4.17386e+17	1.00e+00	1.88e-12	0.00e+00
 4.18014e+17	1.00e+00	1.87e-12	0.00e+00
 4.18703e+17	1.00e+00	1.87e-12	0.00e+00
 4.19473e+17	1.00e+00	1.87e-12	0.00e+00
 4.20350e+17	1.00e+00	1.86e-12	0.00e+00
 4.21375e+17	1.00e+00	1.85e-12	0.00e+00
 4.22602e+17	1.00e+00	1.83e-12	0.00e+00
 4.24116e+17	1.00e+00	1.80e-12	0.00e+00
 4.26041e+17	1.00e+00	1.76e-12	0.00e+00
 4.28537e+17	1.00e+00	1.70e-12	0.00e+00
 4.31782e+17	1.00e+00	1.61e-12	0.00e+00
 4.36000e+17	1.00e+00	1.47e-12	0.00e+00
 4.41483e+17	1.00e+00	1.31e-12	0.00e+00
 4.48611e+17	1.00e+00	1.10e-12	0.00e+00
 4.57878e+17	1.00e+00	8.75e-13	0.00e+00
 4.69925e+17	1.00e+00	6.39e-13	0.00e+00
 4.85587e+17	1.00e+00	4.16e-13	0.00e+00
 5.04327e+17	1.00e+00	2.32e-13	0.00e+00
 5.24500e+17	1.00e+00	1.66e-13	0.00e+00
 5.45480e+17	1.00e+00	1.43e-13	0.00e+00
 5.67300e+17	1.00e+00	1.23e-13	0.00e+00
 5.89992e+17	1.00e+00	1.05e-13	0.00e+00
 6.13591e+17	1.00e+00	8.81e-14	0.00e+00
 6.38135e+17	1.00e+00	7.34e-14	0.00e+00
 6.63661e+17	1.00e+00	6.03e-14	0.00e+00
 6.90207e+17	1.00e+00	4.89e-14	0.00e+00
 7.16636e+17	1.00e+00	3.89e-14	0.00e+00
 7.40924e+17	1.00e+00	4.35e-14	0.00e+00
 7.62384e+17	1.00e+00	6.23e-14	0.00e+00
 7.81835e+17	1.00e+00	8.40e-14	0.00e+00
 8.00363e+17	1.00e+00	9.36e-14	0.00e+00
 8.18266e+17	1.00e+00	9.15e-14	0.00e+00
 8.34915e+17	1.00e+00	9.16e-14	0.00e+00
 8.49585e+17	1.00e+00	1.03e-13	0.00e+00
 8.62162e+17	1.00e+00	1.22e-13	0.00e+00
 8.73181e+17	1.00e+00	1.39e-13	0.00e+00
 8.83271e+17	1.00e+00	1.44e-13	0.00e+00
 8.91998e+17	1.00e+00	1.40e-13	0.00e+00
 8.98180e+17	1.00e+00	1.52e-13	0.00e+00
 9.01720e+17	1.00e+00	1.77e-13	0.00e+00
 9.03657e+17	1.00e+00	1.96e-13	0.00e+00
 9.04810e+17	1.00e+00	2.06e-13	0.00e+00
 9.05502e+17	1.00e+00	2.13e-13	0.00e+00
 9.05978e+17	1.00e+00	2.16e-13	0.00e+00
 9.06445e+17	1.00e+00	2.19e-13	0.00e+00
 9.07000e+17	1.00e+00	2.21e-13	0.00e+00
 9.07589e+17	1.00e+00	2.23e-13	0.00e+00
 9.08110e+17	1.00e+00	2.25e-13	0.00e+00
 9.08547e+17	1.00e+00	2.26e-13	0.00e+00
 9.08932e+17	1.00e+00	2.27e-13	0.00e+00
 9.09298e+17	1.00e+00	2.27e-13	0.00e+00
 9.09666e+17	1.00e+00	2.28e-13	0.00e+00
 9.10041e+17	1.00e+00	2.28e-13	0.00e+00
 9.10391e+17	1.00e+00	2.28e-13	0.00e+00
 9.10709e+17	1.00e+00	2.28e-13	0.00e+00
 9.11003e+17	1.00e+00	2.27e-13	0.00e+00
 9.11259e+17	1.00e+00	2.27e-13	0.00e+00
 9.11515e+17	1.00e+00	2.27e-13	0.00e+00
 9.11788e+17	1.00e+00	2.27e-13	0.00e+00
 9.12059e+17	1.00e+00	2.26e-13	0.00e+00
 9.12316e+17	1.00e+00	2.26e-13	0.00e+00
 9.12558e+17	1.00e+00	2.25e-13	0.00e+00
 9.12784e+17	1.00e+00	2.25e-13	0.00e+00
 9.12999e+17	1.00e+00	2.24e-13	0.00e+00
 9.13212e+17	1.00e+00	2.24e-13	0.00e+00
 9.13430e+17	1.00e+00	2.23e-13	0.00e+00
 9.13647e+17	1.00e+00	2.22e-13	0.00e+00
 9.13859e+17	1.00e+00	2.22e-13	0.00e+00
 9.14064e+17	1.00e+00	2.21e-13	0.00e+00
 9.14264e+17	1.00e+00	2.20e-13	0.00e+00
 9.14461e+17	1.00e+00	2.19e-13	0.00e+00
 9.14658e+17	1.00e+00	2.19e-13	0.00e+00
 9.14850e+17	1.00e+00	2.18e-13	0.00e+00
 9.15043e+17	1.00e+00	2.17e-13	0.00e+00
 9.15246e+17	1.00e+00	2.16e-13	0.00e+00
 9.15453e+17	1.00e+00	2.15e-13	0.00e+00
 9.15660e+17	1.00e+00	2.14e-13	0.00e+00
 9.15864e+17	1.00e+00	2.13e-13	0.00e+00
 9.16065e+17	1.00e+00	2.12e-13	0.00e+00
 9.16265e+17	1.00e+00	2.11e-13	0.00e+00
 9.16465e+17	1.00e+00	2.10e-13	0.00e+00
 9.16680e+17	1.00e+00	2.09e-13	0.00e+00
 9.16915e+17	1.00e+00	2.08e-13	0.00e+00
 9.17148e+17	1.00e+00	2.07e-13	0.00e+00
 9.17379e+17	1.00e+00	2.05e-13	0.00e+00
 9.17605e+17	1.00e+00	2.04e-13	0.00e+00
 9.17839e+17	1.00e+00	2.03e-13	0.00e+00
 9.18082e+17	1.00e+00	2.01e-13	0.00e+00
 9.18315e+17	1.00e+00	2.00e-13	0.00e+00
 9.18561e+17	1.00e+00	1.98e-13	0.00e+00
 9.18841e+17	1.00e+00	1.97e-13	0.00e+00
 9.19127e+17	1.00e+00	1.95e-13	0.00e+00
 9.19385e+17	1.00e+00	1.93e-13	0.00e+00
 9.19644e+17	1.00e+00	1.91e-13	0.00e+00
 9.19930e+17	1.00e+00	1.90e-13	0.00e+00
 9.20242e+17	1.00e+00	1.88e-13	0.00e+00
 9.20573e+17	1.00e+00	1.85e-13	0.00e+00
 9.20895e+17	1.00e+00	1.83e-13	0.00e+00
 9.21205e+17	1.00e+00	1.81e-13	0.00e+00
 9.21515e+17	1.00e+00	1.79e-13	0.00e+00
 9.21841e+17	1.00e+00	1.77e-13	0.00e+00
 9.22191e+17	1.00e+00	1.74e-13	0.00e+00
 9.22551e+17	1.00e+00	1.72e-13	0.00e+00
 9.22917e+17	1.00e+00	1.69e-13	0.00e+00
 9.23292e+17	1.00e+00	1.67e-13	0.00e+00
 9.23677e+17	1.00e+00	1.64e-13	0.00e+00
 9.24080e+17	1.00e+00	1.61e-13	0.00e+00
 9.24491e+17	1.00e+00	1.58e-13	0.00e+00
 9.24907e+17	1.00e+00	1.56e-13	0.00e+00
 9.25332e+17	1.00e+00	1.53e-13	0.00e+00
 9.25768e+17	1.00e+00	1.50e-13	0.00e+00
 9.26218e+17	1.00e+00	1.46e-13	0.00e+00
 9.26664e+17	1.00e+00	1.43e-13	0.00e+00
 9.27142e+17	1.00e+00	1.40e-13	0.00e+00
 9.27665e+17	1.00e+00	1.37e-13	0.00e+00
 9.28177e+17	1.00e+00	1.33e-13	0.00e+00
 9.28668e+17	1.00e+00	1.30e-13	0.00e+00
 9.29175e+17	1.00e+00	1.26e-13	0.00e+00
 9.29705e+17	1.00e+00	1.23e-13	0.00e+00
 9.30249e+17	1.00e+00	1.19e-13	0.00e+00
 9.30814e+17	1.00e+00	1.16e-13	0.00e+00
 9.31388e+17	1.00e+00	1.12e-13	0.00e+00
 9.31961e+17	1.00e+00	1.08e-13	0.00e+00
 9.32544e+17	1.00e+00	1.05e-13	0.00e+00
 9.33140e+17	1.00e+00	1.01e-13	0.00e+00
 9.33745e+17	1.00e+00	9.72e-14	0.00e+00
 9.34371e+17	1.00e+00	9.35e-14	0.00e+00
 9.35022e+17	1.00e+00	8.97e-14	0.00e+00
 9.35683e+17	1.00e+00	8.59e-14	0.00e+00
 9.36343e+17	1.00e+00	8.21e-14	0.00e+00
 9.37007e+17	1.00e+00	7.85e-14	0.00e+00
 9.37686e+17	1.00e+00	7.49e-14	0.00e+00
 9.38397e+17	1.00e+00	7.12e-14	0.00e+00
 9.39122e+17	1.00e+00	6.75e-14	0.00e+00
 9.39838e+17	1.00e+00	6.39e-14	0.00e+00
 9.40558e+17	1.00e+00	6.05e-14	0.00e+00
 9.41305e+17	1.00e+00	5.71e-14	0.00e+00
 9.42074e+17	1.00e+00	5.37e-14	0.00e+00
 9.42882e+17	1.00e+00	5.03e-14	0.00e+00
 9.43712e+17	1.00e+00	4.69e-14	0.00e+00
 9.44529e+17	1.00e+00	4.36e-14	0.00e+00
 9.45360e+17	1.00e+00	4.05e-14	0.00e+00
 9.46221e+17	1.00e+00	3.74e-14	0.00e+00
 9.47079e+17	1.00e+00	3.44e-14	0.00e+00
 9.47854e+17	1.00e+00	3.18e-14	0.00e+00
 9.48506e+17	1.00e+00	2.96e-14	0.00e+00
 9.49066e+17	1.00e+00	2.79e-14	0.00e+00
