#depth	C	C+	C+2	C+3	C+4	C+5	C+6	C[1]	C[2]	C[3]	C+[1]	C+[2]	CO
 1.49634e+10	0.00e+00	0.00e+00	2.69e-27	8.04e-17	8.01e-06	9.41e-02	9.06e-01	0.00e+00	0.00e+00	0.00e+00	0.00e+00	0.00e+00	0.00e+00
 4.54887e+10	0.00e+00	4.06e-38	3.62e-27	1.00e-16	9.22e-06	1.01e-01	8.99e-01	0.00e+00	0.00e+00	0.00e+00	0.00e+00	0.00e+00	0.00e+00
 7.72350e+10	0.00e+00	0.00e+00	4.92e-27	1.26e-16	1.07e-05	1.08e-01	8.92e-01	0.00e+00	0.00e+00	0.00e+00	0.00e+00	0.00e+00	0.00e+00
 1.10251e+11	0.00e+00	8.76e-38	6.67e-27	1.58e-16	1.24e-05	1.16e-01	8.84e-01	0.00e+00	0.00e+00	0.00e+00	0.00e+00	0.00e+00	0.00e+00
 1.44588e+11	0.00e+00	0.00e+00	9.05e-27	1.98e-16	1.44e-05	1.25e-01	8.75e-01	0.00e+00	0.00e+00	0.00e+00	0.00e+00	0.00e+00	0.00e+00
 1.80298e+11	0.00e+00	1.89e-37	1.23e-26	2.48e-16	1.67e-05	1.33e-01	8.67e-01	0.00e+00	0.00e+00	0.00e+00	0.00e+00	0.00e+00	0.00e+00
 2.17437e+11	0.00e+00	0.00e+00	1.66e-26	3.11e-16	1.93e-05	1.43e-01	8.57e-01	0.00e+00	0.00e+00	0.00e+00	0.00e+00	0.00e+00	0.00e+00
 2.56061e+11	0.00e+00	4.05e-37	2.25e-26	3.89e-16	2.23e-05	1.53e-01	8.47e-01	0.00e+00	0.00e+00	0.00e+00	0.00e+00	0.00e+00	0.00e+00
 2.96231e+11	0.00e+00	0.00e+00	3.05e-26	4.86e-16	2.58e-05	1.63e-01	8.37e-01	0.00e+00	0.00e+00	0.00e+00	0.00e+00	0.00e+00	0.00e+00
 3.38007e+11	0.00e+00	8.66e-37	4.12e-26	6.07e-16	2.98e-05	1.74e-01	8.26e-01	0.00e+00	0.00e+00	0.00e+00	0.00e+00	0.00e+00	0.00e+00
 3.77059e+11	0.00e+00	0.00e+00	5.38e-26	7.40e-16	3.38e-05	1.85e-01	8.15e-01	0.00e+00	0.00e+00	0.00e+00	0.00e+00	0.00e+00	0.00e+00
 4.11584e+11	0.00e+00	1.63e-36	6.79e-26	8.78e-16	3.78e-05	1.94e-01	8.06e-01	0.00e+00	0.00e+00	0.00e+00	0.00e+00	0.00e+00	0.00e+00
 4.50154e+11	4.68e-48	2.24e-36	8.73e-26	1.06e-15	4.26e-05	2.05e-01	7.95e-01	0.00e+00	0.00e+00	0.00e+00	0.00e+00	0.00e+00	0.00e+00
 4.96357e+11	0.00e+00	0.00e+00	1.16e-25	1.30e-15	4.87e-05	2.17e-01	7.83e-01	0.00e+00	0.00e+00	0.00e+00	0.00e+00	0.00e+00	0.00e+00
 5.42645e+11	0.00e+00	4.55e-36	1.53e-25	1.59e-15	5.53e-05	2.30e-01	7.70e-01	0.00e+00	0.00e+00	0.00e+00	0.00e+00	0.00e+00	0.00e+00
 5.85220e+11	1.61e-47	6.21e-36	1.96e-25	1.91e-15	6.21e-05	2.42e-01	7.58e-01	0.00e+00	0.00e+00	0.00e+00	0.00e+00	0.00e+00	0.00e+00
 6.32809e+11	0.00e+00	0.00e+00	2.55e-25	2.32e-15	7.03e-05	2.55e-01	7.45e-01	0.00e+00	0.00e+00	0.00e+00	0.00e+00	0.00e+00	2.52e-272
 6.87865e+11	0.00e+00	1.26e-35	3.42e-25	2.87e-15	8.04e-05	2.70e-01	7.30e-01	0.00e+00	0.00e+00	0.00e+00	0.00e+00	0.00e+00	0.00e+00
 7.41363e+11	5.76e-47	1.78e-35	4.48e-25	3.50e-15	9.11e-05	2.85e-01	7.15e-01	0.00e+00	0.00e+00	0.00e+00	0.00e+00	0.00e+00	0.00e+00
 7.91994e+11	0.00e+00	0.00e+00	5.76e-25	4.20e-15	1.02e-04	2.99e-01	7.01e-01	0.00e+00	0.00e+00	0.00e+00	0.00e+00	0.00e+00	1.02e-187
 8.48592e+11	0.00e+00	3.44e-35	7.54e-25	5.12e-15	1.16e-04	3.14e-01	6.86e-01	0.00e+00	0.00e+00	0.00e+00	0.00e+00	0.00e+00	0.00e+00
 9.12463e+11	2.00e-46	4.97e-35	1.01e-24	6.31e-15	1.32e-04	3.32e-01	6.68e-01	0.00e+00	0.00e+00	0.00e+00	0.00e+00	0.00e+00	4.53e-262
 9.76675e+11	0.00e+00	7.09e-35	1.33e-24	7.73e-15	1.50e-04	3.49e-01	6.51e-01	0.00e+00	0.00e+00	0.00e+00	0.00e+00	0.00e+00	8.97e-168
 1.04346e+12	4.76e-46	1.01e-34	1.76e-24	9.47e-15	1.70e-04	3.66e-01	6.34e-01	0.00e+00	0.00e+00	0.00e+00	0.00e+00	0.00e+00	2.22e-211
 1.11512e+12	0.00e+00	1.46e-34	2.34e-24	1.16e-14	1.93e-04	3.85e-01	6.15e-01	0.00e+00	0.00e+00	0.00e+00	0.00e+00	0.00e+00	4.09e-255
 1.18965e+12	1.16e-45	2.10e-34	3.12e-24	1.43e-14	2.19e-04	4.04e-01	5.96e-01	0.00e+00	0.00e+00	0.00e+00	0.00e+00	0.00e+00	1.90e-144
 1.26716e+12	0.00e+00	3.03e-34	4.15e-24	1.76e-14	2.48e-04	4.23e-01	5.77e-01	0.00e+00	0.00e+00	0.00e+00	0.00e+00	0.00e+00	1.82e-188
 1.34778e+12	2.81e-45	4.35e-34	5.51e-24	2.16e-14	2.81e-04	4.43e-01	5.57e-01	0.00e+00	0.00e+00	0.00e+00	0.00e+00	0.00e+00	1.89e-143
 1.43162e+12	0.00e+00	6.25e-34	7.31e-24	2.64e-14	3.18e-04	4.62e-01	5.38e-01	0.00e+00	0.00e+00	0.00e+00	0.00e+00	0.00e+00	9.57e-188
 1.51881e+12	6.79e-45	8.97e-34	9.68e-24	3.23e-14	3.60e-04	4.82e-01	5.18e-01	0.00e+00	0.00e+00	0.00e+00	0.00e+00	0.00e+00	1.88e-142
 1.60949e+12	0.00e+00	1.29e-33	1.28e-23	3.95e-14	4.06e-04	5.02e-01	4.98e-01	0.00e+00	0.00e+00	0.00e+00	0.00e+00	0.00e+00	5.00e-187
 1.70379e+12	1.64e-44	1.84e-33	1.70e-23	4.83e-14	4.58e-04	5.22e-01	4.78e-01	0.00e+00	0.00e+00	0.00e+00	0.00e+00	0.00e+00	1.86e-141
 1.80187e+12	0.00e+00	2.64e-33	2.24e-23	5.89e-14	5.16e-04	5.42e-01	4.58e-01	0.00e+00	0.00e+00	0.00e+00	0.00e+00	0.00e+00	2.60e-186
 1.90387e+12	3.94e-44	3.78e-33	2.96e-23	7.18e-14	5.81e-04	5.61e-01	4.38e-01	0.00e+00	0.00e+00	0.00e+00	0.00e+00	0.00e+00	1.85e-140
 2.00247e+12	0.00e+00	5.26e-33	3.83e-23	8.62e-14	6.48e-04	5.79e-01	4.20e-01	0.00e+00	0.00e+00	0.00e+00	0.00e+00	0.00e+00	1.36e-185
 2.09474e+12	8.54e-44	7.11e-33	4.84e-23	1.02e-13	7.15e-04	5.96e-01	4.04e-01	0.00e+00	0.00e+00	0.00e+00	0.00e+00	0.00e+00	1.42e-139
 2.19819e+12	0.00e+00	9.86e-33	6.24e-23	1.22e-13	7.96e-04	6.13e-01	3.86e-01	0.00e+00	0.00e+00	0.00e+00	0.00e+00	0.00e+00	5.79e-185
 2.31317e+12	1.95e-43	1.39e-32	8.16e-23	1.47e-13	8.88e-04	6.32e-01	3.68e-01	0.00e+00	0.00e+00	0.00e+00	0.00e+00	0.00e+00	1.24e-138
 2.42399e+12	0.00e+00	1.92e-32	1.05e-22	1.76e-13	9.85e-04	6.48e-01	3.51e-01	0.00e+00	0.00e+00	0.00e+00	0.00e+00	0.00e+00	2.69e-184
 2.54212e+12	4.35e-43	2.68e-32	1.36e-22	2.11e-13	1.10e-03	6.65e-01	3.34e-01	0.00e+00	0.00e+00	0.00e+00	0.00e+00	0.00e+00	1.03e-137
 2.67373e+12	0.00e+00	3.82e-32	1.78e-22	2.55e-13	1.23e-03	6.83e-01	3.16e-01	0.00e+00	0.00e+00	0.00e+00	0.00e+00	0.00e+00	1.16e-183
 2.80614e+12	1.02e-42	5.39e-32	2.32e-22	3.07e-13	1.36e-03	6.99e-01	2.99e-01	0.00e+00	0.00e+00	0.00e+00	0.00e+00	0.00e+00	9.94e-137
 2.94385e+12	0.00e+00	7.60e-32	3.03e-22	3.71e-13	1.52e-03	7.15e-01	2.83e-01	0.00e+00	0.00e+00	0.00e+00	0.00e+00	0.00e+00	5.53e-183
 3.09153e+12	2.42e-42	1.08e-31	3.98e-22	4.49e-13	1.70e-03	7.31e-01	2.67e-01	0.00e+00	0.00e+00	0.00e+00	0.00e+00	0.00e+00	9.64e-136
 3.24511e+12	0.00e+00	1.54e-31	5.23e-22	5.43e-13	1.89e-03	7.47e-01	2.51e-01	0.00e+00	0.00e+00	0.00e+00	0.00e+00	0.00e+00	2.51e-182
 3.40485e+12	5.79e-42	2.20e-31	6.88e-22	6.58e-13	2.11e-03	7.62e-01	2.36e-01	0.00e+00	0.00e+00	0.00e+00	0.00e+00	0.00e+00	9.74e-135
 3.57097e+12	0.00e+00	3.14e-31	9.04e-22	7.96e-13	2.36e-03	7.76e-01	2.22e-01	0.00e+00	0.00e+00	0.00e+00	0.00e+00	0.00e+00	1.08e-181
 3.74373e+12	1.39e-41	4.48e-31	1.19e-21	9.62e-13	2.62e-03	7.90e-01	2.08e-01	0.00e+00	0.00e+00	0.00e+00	0.00e+00	0.00e+00	9.89e-134
 3.92341e+12	0.00e+00	6.38e-31	1.56e-21	1.16e-12	2.92e-03	8.03e-01	1.95e-01	0.00e+00	0.00e+00	0.00e+00	0.00e+00	0.00e+00	3.94e-181
 4.11027e+12	3.33e-41	9.11e-31	2.05e-21	1.41e-12	3.25e-03	8.15e-01	1.82e-01	0.00e+00	0.00e+00	0.00e+00	0.00e+00	0.00e+00	1.01e-132
 4.28544e+12	0.00e+00	1.25e-30	2.62e-21	1.67e-12	3.58e-03	8.25e-01	1.71e-01	0.00e+00	0.00e+00	0.00e+00	0.00e+00	0.00e+00	8.25e-181
 4.44123e+12	6.97e-41	1.65e-30	3.25e-21	1.93e-12	3.89e-03	8.34e-01	1.62e-01	0.00e+00	0.00e+00	0.00e+00	0.00e+00	0.00e+00	7.17e-132
 4.61576e+12	0.00e+00	2.24e-30	4.10e-21	2.27e-12	4.26e-03	8.43e-01	1.53e-01	0.00e+00	0.00e+00	0.00e+00	0.00e+00	0.00e+00	0.00e+00
 4.82366e+12	1.55e-40	3.17e-30	5.34e-21	2.73e-12	4.72e-03	8.53e-01	1.42e-01	0.00e+00	0.00e+00	0.00e+00	0.00e+00	0.00e+00	5.99e-131
 5.03235e+12	0.00e+00	4.42e-30	6.90e-21	3.26e-12	5.21e-03	8.62e-01	1.33e-01	0.00e+00	0.00e+00	0.00e+00	0.00e+00	0.00e+00	0.00e+00
 5.22737e+12	3.41e-40	5.98e-30	8.71e-21	3.82e-12	5.69e-03	8.69e-01	1.25e-01	0.00e+00	0.00e+00	0.00e+00	0.00e+00	0.00e+00	4.85e-130
 5.44437e+12	0.00e+00	8.31e-30	1.12e-20	4.55e-12	6.27e-03	8.77e-01	1.17e-01	0.00e+00	0.00e+00	0.00e+00	0.00e+00	0.00e+00	0.00e+00
 5.69207e+12	7.98e-40	1.19e-29	1.47e-20	5.49e-12	6.95e-03	8.85e-01	1.08e-01	0.00e+00	0.00e+00	0.00e+00	0.00e+00	0.00e+00	4.61e-129
 5.93881e+12	0.00e+00	1.68e-29	1.92e-20	6.59e-12	7.69e-03	8.92e-01	1.00e-01	0.00e+00	0.00e+00	0.00e+00	0.00e+00	0.00e+00	0.00e+00
 6.19542e+12	1.88e-39	2.38e-29	2.51e-20	7.91e-12	8.50e-03	8.98e-01	9.33e-02	0.00e+00	0.00e+00	0.00e+00	0.00e+00	0.00e+00	4.45e-128
 6.47316e+12	0.00e+00	3.41e-29	3.31e-20	9.57e-12	9.43e-03	9.04e-01	8.62e-02	0.00e+00	0.00e+00	0.00e+00	0.00e+00	0.00e+00	0.00e+00
 6.75544e+12	4.55e-39	4.86e-29	4.34e-20	1.15e-11	1.04e-02	9.10e-01	7.97e-02	0.00e+00	0.00e+00	0.00e+00	0.00e+00	0.00e+00	4.67e-127
 7.01797e+12	0.00e+00	6.68e-29	5.53e-20	1.36e-11	1.14e-02	9.14e-01	7.42e-02	0.00e+00	0.00e+00	0.00e+00	0.00e+00	0.00e+00	0.00e+00
 7.26025e+12	9.62e-39	8.89e-29	6.88e-20	1.58e-11	1.24e-02	9.18e-01	6.96e-02	0.00e+00	0.00e+00	0.00e+00	0.00e+00	0.00e+00	3.38e-126
 7.53726e+12	0.00e+00	1.22e-28	8.78e-20	1.86e-11	1.35e-02	9.22e-01	6.48e-02	0.00e+00	0.00e+00	0.00e+00	0.00e+00	0.00e+00	0.00e+00
 7.86267e+12	2.23e-38	1.75e-28	1.16e-19	2.25e-11	1.50e-02	9.25e-01	5.97e-02	0.00e+00	0.00e+00	0.00e+00	0.00e+00	0.00e+00	3.11e-125
 8.18538e+12	0.00e+00	2.47e-28	1.50e-19	2.69e-11	1.65e-02	9.28e-01	5.51e-02	0.00e+00	0.00e+00	0.00e+00	0.00e+00	0.00e+00	0.00e+00
 8.48713e+12	5.02e-38	3.37e-28	1.91e-19	3.16e-11	1.80e-02	9.31e-01	5.13e-02	0.00e+00	0.00e+00	0.00e+00	0.00e+00	0.00e+00	2.67e-124
 8.82268e+12	0.00e+00	4.71e-28	2.47e-19	3.76e-11	1.97e-02	9.33e-01	4.74e-02	0.00e+00	0.00e+00	0.00e+00	0.00e+00	0.00e+00	0.00e+00
 9.20551e+12	1.20e-37	6.81e-28	3.27e-19	4.56e-11	2.19e-02	9.35e-01	4.34e-02	0.00e+00	0.00e+00	0.00e+00	0.00e+00	0.00e+00	2.68e-123
 9.58227e+12	0.00e+00	9.67e-28	4.28e-19	5.47e-11	2.41e-02	9.36e-01	3.99e-02	0.00e+00	0.00e+00	0.00e+00	0.00e+00	0.00e+00	0.00e+00
 9.97410e+12	2.88e-37	1.38e-27	5.60e-19	6.57e-11	2.65e-02	9.37e-01	3.67e-02	0.00e+00	0.00e+00	0.00e+00	0.00e+00	0.00e+00	2.67e-122
 1.04030e+13	0.00e+00	1.99e-27	7.45e-19	7.96e-11	2.93e-02	9.37e-01	3.35e-02	0.00e+00	0.00e+00	0.00e+00	0.00e+00	0.00e+00	0.00e+00
 1.08339e+13	7.15e-37	2.86e-27	9.82e-19	9.59e-11	3.23e-02	9.37e-01	3.06e-02	0.00e+00	0.00e+00	0.00e+00	0.00e+00	0.00e+00	2.92e-121
 1.12820e+13	0.00e+00	4.10e-27	1.30e-18	1.16e-10	3.56e-02	9.36e-01	2.80e-02	0.00e+00	0.00e+00	0.00e+00	0.00e+00	0.00e+00	0.00e+00
 1.17632e+13	1.78e-36	5.97e-27	1.73e-18	1.40e-10	3.93e-02	9.35e-01	2.55e-02	0.00e+00	0.00e+00	0.00e+00	0.00e+00	0.00e+00	3.23e-120
 1.22404e+13	0.00e+00	8.53e-27	2.27e-18	1.69e-10	4.33e-02	9.33e-01	2.33e-02	0.00e+00	0.00e+00	0.00e+00	0.00e+00	0.00e+00	0.00e+00
 1.27367e+13	4.34e-36	1.22e-26	2.99e-18	2.03e-10	4.76e-02	9.31e-01	2.12e-02	0.00e+00	0.00e+00	0.00e+00	0.00e+00	0.00e+00	3.33e-119
 1.32761e+13	0.00e+00	1.78e-26	3.99e-18	2.47e-10	5.25e-02	9.28e-01	1.92e-02	0.00e+00	0.00e+00	0.00e+00	0.00e+00	0.00e+00	0.00e+00
 1.38371e+13	1.10e-35	2.59e-26	5.33e-18	3.00e-10	5.80e-02	9.25e-01	1.74e-02	0.00e+00	0.00e+00	0.00e+00	0.00e+00	0.00e+00	3.85e-118
 1.44205e+13	0.00e+00	3.77e-26	7.11e-18	3.64e-10	6.39e-02	9.20e-01	1.58e-02	0.00e+00	0.00e+00	0.00e+00	0.00e+00	0.00e+00	0.00e+00
 1.50272e+13	2.81e-35	5.49e-26	9.50e-18	4.42e-10	7.05e-02	9.15e-01	1.42e-02	0.00e+00	0.00e+00	0.00e+00	0.00e+00	0.00e+00	4.44e-117
 1.56582e+13	0.00e+00	7.99e-26	1.27e-17	5.37e-10	7.76e-02	9.10e-01	1.28e-02	0.00e+00	0.00e+00	0.00e+00	0.00e+00	0.00e+00	5.22e-100
 1.62299e+13	6.71e-35	1.11e-25	1.63e-17	6.36e-10	8.44e-02	9.04e-01	1.17e-02	0.00e+00	0.00e+00	0.00e+00	0.00e+00	0.00e+00	0.00e+00
 1.67077e+13	9.32e-35	1.44e-25	2.01e-17	7.30e-10	9.03e-02	8.99e-01	1.09e-02	0.00e+00	0.00e+00	0.00e+00	0.00e+00	0.00e+00	1.03e-115
 1.72319e+13	1.32e-34	1.91e-25	2.49e-17	8.44e-10	9.70e-02	8.93e-01	1.00e-02	0.00e+00	0.00e+00	0.00e+00	0.00e+00	0.00e+00	1.40e-97
 1.78936e+13	2.02e-34	2.70e-25	3.25e-17	1.01e-09	1.06e-01	8.85e-01	9.09e-03	0.00e+00	0.00e+00	0.00e+00	0.00e+00	0.00e+00	0.00e+00
 1.85832e+13	3.09e-34	3.80e-25	4.24e-17	1.21e-09	1.15e-01	8.77e-01	8.21e-03	0.00e+00	0.00e+00	0.00e+00	0.00e+00	0.00e+00	2.38e-114
 1.91706e+13	4.38e-34	5.04e-25	5.28e-17	1.40e-09	1.24e-01	8.69e-01	7.55e-03	0.00e+00	0.00e+00	0.00e+00	0.00e+00	0.00e+00	1.93e-96
 1.97762e+13	6.20e-34	6.67e-25	6.56e-17	1.61e-09	1.33e-01	8.61e-01	6.93e-03	0.00e+00	0.00e+00	0.00e+00	0.00e+00	0.00e+00	0.00e+00
 2.05358e+13	9.41e-34	9.35e-25	8.54e-17	1.92e-09	1.44e-01	8.50e-01	6.25e-03	0.00e+00	0.00e+00	0.00e+00	0.00e+00	0.00e+00	4.45e-113
 2.13066e+13	1.41e-33	1.30e-24	1.10e-16	2.28e-09	1.56e-01	8.38e-01	5.63e-03	0.00e+00	0.00e+00	0.00e+00	0.00e+00	0.00e+00	2.49e-95
 2.19712e+13	1.98e-33	1.71e-24	1.36e-16	2.63e-09	1.67e-01	8.28e-01	5.16e-03	0.00e+00	0.00e+00	0.00e+00	0.00e+00	0.00e+00	3.16e-112
 2.26868e+13	2.80e-33	2.26e-24	1.70e-16	3.05e-09	1.78e-01	8.17e-01	4.71e-03	0.00e+00	0.00e+00	0.00e+00	0.00e+00	0.00e+00	1.11e-94
 2.35680e+13	4.23e-33	3.16e-24	2.20e-16	3.62e-09	1.93e-01	8.03e-01	4.22e-03	0.00e+00	0.00e+00	0.00e+00	0.00e+00	0.00e+00	2.37e-111
 2.44696e+13	6.32e-33	4.37e-24	2.84e-16	4.29e-09	2.08e-01	7.88e-01	3.78e-03	0.00e+00	0.00e+00	0.00e+00	0.00e+00	0.00e+00	6.55e-94
 2.52865e+13	8.95e-33	5.79e-24	3.54e-16	4.96e-09	2.22e-01	7.74e-01	3.43e-03	0.00e+00	0.00e+00	0.00e+00	0.00e+00	0.00e+00	1.75e-110
 2.61881e+13	1.29e-32	7.80e-24	4.47e-16	5.79e-09	2.38e-01	7.59e-01	3.08e-03	0.00e+00	0.00e+00	0.00e+00	0.00e+00	0.00e+00	3.14e-93
 2.72466e+13	1.95e-32	1.09e-23	5.80e-16	6.87e-09	2.56e-01	7.41e-01	2.73e-03	0.00e+00	0.00e+00	0.00e+00	0.00e+00	0.00e+00	1.42e-109
 2.83036e+13	2.88e-32	1.49e-23	7.43e-16	8.09e-09	2.75e-01	7.23e-01	2.43e-03	0.00e+00	0.00e+00	0.00e+00	0.00e+00	0.00e+00	1.83e-92
 2.93108e+13	4.11e-32	1.99e-23	9.30e-16	9.38e-09	2.93e-01	7.05e-01	2.18e-03	0.00e+00	0.00e+00	0.00e+00	0.00e+00	0.00e+00	1.08e-108
 3.04211e+13	5.96e-32	2.69e-23	1.18e-15	1.09e-08	3.12e-01	6.86e-01	1.94e-03	0.00e+00	0.00e+00	0.00e+00	0.00e+00	0.00e+00	9.14e-92
 3.16679e+13	8.87e-32	3.72e-23	1.51e-15	1.29e-08	3.34e-01	6.65e-01	1.71e-03	0.00e+00	0.00e+00	0.00e+00	0.00e+00	0.00e+00	8.92e-108
 3.27908e+13	1.25e-31	4.91e-23	1.88e-15	1.49e-08	3.53e-01	6.45e-01	1.52e-03	0.00e+00	0.00e+00	0.00e+00	0.00e+00	0.00e+00	4.74e-91
 3.37190e+13	1.64e-31	6.11e-23	2.23e-15	1.66e-08	3.69e-01	6.30e-01	1.39e-03	0.00e+00	0.00e+00	0.00e+00	0.00e+00	0.00e+00	4.86e-107
 3.47333e+13	2.17e-31	7.69e-23	2.67e-15	1.87e-08	3.86e-01	6.13e-01	1.26e-03	0.00e+00	0.00e+00	0.00e+00	0.00e+00	0.00e+00	1.65e-90
 3.60278e+13	3.08e-31	1.02e-22	3.32e-15	2.15e-08	4.07e-01	5.92e-01	1.12e-03	0.00e+00	0.00e+00	0.00e+00	0.00e+00	0.00e+00	2.86e-106
 3.73338e+13	4.31e-31	1.34e-22	4.10e-15	2.46e-08	4.28e-01	5.71e-01	9.89e-04	0.00e+00	0.00e+00	0.00e+00	0.00e+00	0.00e+00	7.70e-90
 3.84157e+13	5.62e-31	1.66e-22	4.85e-15	2.74e-08	4.45e-01	5.54e-01	8.97e-04	0.00e+00	0.00e+00	0.00e+00	0.00e+00	0.00e+00	1.56e-105
 3.95587e+13	7.36e-31	2.06e-22	5.74e-15	3.05e-08	4.62e-01	5.37e-01	8.11e-04	0.00e+00	0.00e+00	0.00e+00	0.00e+00	0.00e+00	2.61e-89
 4.10238e+13	1.03e-30	2.69e-22	7.06e-15	3.49e-08	4.84e-01	5.15e-01	7.15e-04	0.00e+00	0.00e+00	0.00e+00	0.00e+00	0.00e+00	8.76e-105
 4.25589e+13	1.43e-30	3.52e-22	8.70e-15	3.98e-08	5.06e-01	4.93e-01	6.27e-04	0.00e+00	0.00e+00	0.00e+00	0.00e+00	0.00e+00	1.20e-88
 4.39046e+13	1.89e-30	4.41e-22	1.03e-14	4.44e-08	5.24e-01	4.75e-01	5.61e-04	0.00e+00	0.00e+00	0.00e+00	0.00e+00	0.00e+00	5.12e-104
 4.53530e+13	2.52e-30	5.55e-22	1.24e-14	4.96e-08	5.44e-01	4.56e-01	5.00e-04	0.00e+00	0.00e+00	0.00e+00	0.00e+00	0.00e+00	4.46e-88
 4.69587e+13	3.41e-30	7.10e-22	1.49e-14	5.59e-08	5.64e-01	4.36e-01	4.40e-04	0.00e+00	0.00e+00	0.00e+00	0.00e+00	0.00e+00	2.90e-103
 4.84475e+13	4.48e-30	8.83e-22	1.77e-14	6.21e-08	5.82e-01	4.18e-01	3.92e-04	0.00e+00	0.00e+00	0.00e+00	0.00e+00	0.00e+00	1.72e-87
 5.00616e+13	5.94e-30	1.11e-21	2.10e-14	6.91e-08	6.00e-01	3.99e-01	3.48e-04	0.00e+00	0.00e+00	0.00e+00	0.00e+00	0.00e+00	1.49e-102
 5.18560e+13	8.02e-30	1.41e-21	2.53e-14	7.75e-08	6.20e-01	3.80e-01	3.05e-04	0.00e+00	0.00e+00	0.00e+00	0.00e+00	0.00e+00	6.81e-87
 5.35290e+13	1.05e-29	1.75e-21	2.99e-14	8.58e-08	6.37e-01	3.62e-01	2.70e-04	0.00e+00	0.00e+00	0.00e+00	0.00e+00	0.00e+00	8.19e-102
 5.53481e+13	1.39e-29	2.19e-21	3.54e-14	9.53e-08	6.55e-01	3.45e-01	2.38e-04	0.00e+00	0.00e+00	0.00e+00	0.00e+00	0.00e+00	2.53e-86
 5.73722e+13	1.87e-29	2.78e-21	4.25e-14	1.07e-07	6.74e-01	3.26e-01	2.07e-04	0.00e+00	0.00e+00	0.00e+00	0.00e+00	0.00e+00	4.73e-101
 5.92642e+13	2.45e-29	3.45e-21	5.01e-14	1.18e-07	6.90e-01	3.10e-01	1.83e-04	0.00e+00	0.00e+00	0.00e+00	0.00e+00	0.00e+00	9.96e-86
 6.13249e+13	3.24e-29	4.31e-21	5.93e-14	1.30e-07	7.06e-01	2.93e-01	1.60e-04	0.00e+00	0.00e+00	0.00e+00	0.00e+00	0.00e+00	2.53e-100
 6.36242e+13	4.37e-29	5.47e-21	7.11e-14	1.45e-07	7.24e-01	2.76e-01	1.39e-04	0.00e+00	0.00e+00	0.00e+00	0.00e+00	0.00e+00	4.09e-85
 6.57866e+13	5.72e-29	6.78e-21	8.36e-14	1.60e-07	7.39e-01	2.61e-01	1.22e-04	0.00e+00	0.00e+00	0.00e+00	0.00e+00	0.00e+00	1.48e-99
 6.81509e+13	7.60e-29	8.50e-21	9.90e-14	1.77e-07	7.54e-01	2.46e-01	1.06e-04	0.00e+00	0.00e+00	0.00e+00	0.00e+00	0.00e+00	1.61e-84
 7.07978e+13	1.03e-28	1.08e-20	1.19e-13	1.97e-07	7.70e-01	2.30e-01	9.10e-05	0.00e+00	0.00e+00	0.00e+00	0.00e+00	0.00e+00	9.25e-99
 7.33036e+13	1.36e-28	1.35e-20	1.40e-13	2.16e-07	7.83e-01	2.17e-01	7.92e-05	0.00e+00	0.00e+00	0.00e+00	0.00e+00	0.00e+00	6.86e-84
 7.60036e+13	1.81e-28	1.69e-20	1.65e-13	2.39e-07	7.97e-01	2.03e-01	6.86e-05	0.00e+00	0.00e+00	0.00e+00	0.00e+00	0.00e+00	5.45e-98
 7.90737e+13	2.46e-28	2.16e-20	1.99e-13	2.65e-07	8.11e-01	1.89e-01	5.84e-05	0.00e+00	0.00e+00	0.00e+00	0.00e+00	0.00e+00	3.10e-83
 8.20902e+13	3.30e-28	2.72e-20	2.36e-13	2.93e-07	8.23e-01	1.77e-01	5.02e-05	0.00e+00	0.00e+00	0.00e+00	0.00e+00	0.00e+00	3.71e-97
 8.52273e+13	4.41e-28	3.42e-20	2.79e-13	3.23e-07	8.35e-01	1.65e-01	4.31e-05	0.00e+00	0.00e+00	0.00e+00	0.00e+00	0.00e+00	1.37e-82
 8.86663e+13	6.02e-28	4.36e-20	3.33e-13	3.57e-07	8.46e-01	1.54e-01	3.68e-05	0.00e+00	0.00e+00	0.00e+00	0.00e+00	0.00e+00	2.55e-96
 9.22429e+13	8.15e-28	5.54e-20	3.98e-13	3.95e-07	8.58e-01	1.42e-01	3.13e-05	0.00e+00	0.00e+00	0.00e+00	0.00e+00	0.00e+00	6.70e-82
 9.59625e+13	1.11e-27	7.05e-20	4.73e-13	4.35e-07	8.68e-01	1.32e-01	2.67e-05	0.00e+00	0.00e+00	0.00e+00	0.00e+00	0.00e+00	1.84e-95
 9.95028e+13	1.47e-27	8.78e-20	5.55e-13	4.76e-07	8.76e-01	1.24e-01	2.30e-05	0.00e+00	0.00e+00	0.00e+00	0.00e+00	0.00e+00	3.13e-81
 1.02709e+14	1.88e-27	1.06e-19	6.37e-13	5.14e-07	8.84e-01	1.16e-01	2.02e-05	0.00e+00	0.00e+00	0.00e+00	0.00e+00	0.00e+00	1.00e-94
 1.05703e+14	2.34e-27	1.26e-19	7.22e-13	5.51e-07	8.90e-01	1.10e-01	1.80e-05	0.00e+00	0.00e+00	0.00e+00	0.00e+00	0.00e+00	1.06e-80
 1.08994e+14	2.97e-27	1.52e-19	8.24e-13	5.93e-07	8.96e-01	1.04e-01	1.59e-05	0.00e+00	0.00e+00	0.00e+00	0.00e+00	0.00e+00	4.45e-94
 1.12699e+14	3.84e-27	1.86e-19	9.50e-13	6.41e-07	9.03e-01	9.73e-02	1.39e-05	0.00e+00	0.00e+00	0.00e+00	0.00e+00	0.00e+00	3.94e-80
 1.16242e+14	4.88e-27	2.23e-19	1.09e-12	6.89e-07	9.08e-01	9.16e-02	1.22e-05	0.00e+00	0.00e+00	0.00e+00	0.00e+00	0.00e+00	2.25e-93
 1.20146e+14	6.29e-27	2.72e-19	1.25e-12	7.44e-07	9.14e-01	8.59e-02	1.07e-05	0.00e+00	0.00e+00	0.00e+00	0.00e+00	0.00e+00	1.46e-79
 1.24496e+14	8.28e-27	3.36e-19	1.45e-12	8.08e-07	9.20e-01	8.02e-02	9.26e-06	0.00e+00	0.00e+00	0.00e+00	0.00e+00	0.00e+00	1.27e-92
 1.28498e+14	1.06e-26	4.06e-19	1.66e-12	8.68e-07	9.25e-01	7.54e-02	8.14e-06	0.00e+00	0.00e+00	0.00e+00	0.00e+00	0.00e+00	5.83e-79
 1.32199e+14	1.32e-26	4.81e-19	1.87e-12	9.25e-07	9.29e-01	7.13e-02	7.26e-06	0.00e+00	0.00e+00	0.00e+00	0.00e+00	0.00e+00	5.75e-92
 1.36438e+14	1.68e-26	5.81e-19	2.13e-12	9.93e-07	9.33e-01	6.71e-02	6.39e-06	0.00e+00	0.00e+00	0.00e+00	0.00e+00	0.00e+00	2.04e-78
 1.41625e+14	2.25e-26	7.26e-19	2.49e-12	1.08e-06	9.38e-01	6.24e-02	5.51e-06	0.00e+00	0.00e+00	0.00e+00	0.00e+00	0.00e+00	3.32e-91
 1.46807e+14	2.97e-26	8.98e-19	2.89e-12	1.17e-06	9.42e-01	5.81e-02	4.75e-06	0.00e+00	0.00e+00	0.00e+00	0.00e+00	0.00e+00	9.39e-78
 1.51329e+14	3.77e-26	1.08e-18	3.28e-12	1.25e-06	9.45e-01	5.48e-02	4.21e-06	0.00e+00	0.00e+00	0.00e+00	0.00e+00	0.00e+00	1.78e-90
 1.56230e+14	4.83e-26	1.30e-18	3.74e-12	1.34e-06	9.49e-01	5.15e-02	3.71e-06	0.00e+00	0.00e+00	0.00e+00	0.00e+00	0.00e+00	3.51e-77
 1.62195e+14	6.49e-26	1.63e-18	4.36e-12	1.45e-06	9.52e-01	4.79e-02	3.19e-06	0.00e+00	0.00e+00	0.00e+00	0.00e+00	0.00e+00	1.05e-89
 1.68263e+14	8.63e-26	2.03e-18	5.07e-12	1.57e-06	9.55e-01	4.45e-02	2.75e-06	0.00e+00	0.00e+00	0.00e+00	0.00e+00	0.00e+00	1.70e-76
 1.73770e+14	1.11e-25	2.46e-18	5.78e-12	1.68e-06	9.58e-01	4.18e-02	2.42e-06	0.00e+00	0.00e+00	0.00e+00	0.00e+00	0.00e+00	3.39e-76
 1.79831e+14	1.46e-25	3.02e-18	6.64e-12	1.80e-06	9.61e-01	3.91e-02	2.12e-06	0.00e+00	0.00e+00	0.00e+00	0.00e+00	0.00e+00	7.12e-76
 1.86937e+14	1.98e-25	3.81e-18	7.78e-12	1.95e-06	9.64e-01	3.63e-02	1.82e-06	0.00e+00	0.00e+00	0.00e+00	0.00e+00	0.00e+00	1.65e-75
 1.94004e+14	2.66e-25	4.75e-18	9.04e-12	2.11e-06	9.66e-01	3.38e-02	1.57e-06	0.00e+00	0.00e+00	0.00e+00	0.00e+00	0.00e+00	3.68e-75
 2.00711e+14	3.48e-25	5.82e-18	1.04e-11	2.26e-06	9.68e-01	3.16e-02	1.37e-06	0.00e+00	0.00e+00	0.00e+00	0.00e+00	0.00e+00	7.66e-75
 2.08127e+14	4.63e-25	7.23e-18	1.20e-11	2.44e-06	9.71e-01	2.94e-02	1.19e-06	0.00e+00	0.00e+00	0.00e+00	0.00e+00	0.00e+00	1.68e-74
 2.16481e+14	6.33e-25	9.15e-18	1.41e-11	2.64e-06	9.73e-01	2.73e-02	1.02e-06	0.00e+00	0.00e+00	0.00e+00	0.00e+00	0.00e+00	3.96e-74
 2.24918e+14	8.59e-25	1.15e-17	1.64e-11	2.86e-06	9.75e-01	2.53e-02	8.75e-07	0.00e+00	0.00e+00	0.00e+00	0.00e+00	0.00e+00	9.18e-74
 2.33692e+14	1.16e-24	1.45e-17	1.91e-11	3.09e-06	9.76e-01	2.35e-02	0.00e+00	0.00e+00	0.00e+00	0.00e+00	0.00e+00	0.00e+00	2.11e-73
 2.43069e+14	1.59e-24	1.83e-17	2.24e-11	3.34e-06	9.78e-01	2.18e-02	0.00e+00	0.00e+00	0.00e+00	0.00e+00	0.00e+00	0.00e+00	4.99e-73
 2.52822e+14	2.17e-24	2.32e-17	2.62e-11	3.62e-06	9.80e-01	2.02e-02	0.00e+00	0.00e+00	0.00e+00	0.00e+00	0.00e+00	0.00e+00	1.18e-72
 2.62262e+14	2.91e-24	2.88e-17	3.03e-11	3.90e-06	9.81e-01	1.88e-02	0.00e+00	0.00e+00	0.00e+00	0.00e+00	0.00e+00	0.00e+00	2.62e-72
 2.71139e+14	3.78e-24	3.52e-17	3.47e-11	4.17e-06	9.82e-01	1.76e-02	0.00e+00	0.00e+00	0.00e+00	0.00e+00	0.00e+00	0.00e+00	5.42e-72
 2.79501e+14	4.81e-24	4.22e-17	3.91e-11	4.43e-06	9.83e-01	1.66e-02	0.00e+00	0.00e+00	0.00e+00	0.00e+00	0.00e+00	0.00e+00	1.05e-71
 2.88594e+14	6.20e-24	5.10e-17	4.45e-11	4.72e-06	9.84e-01	1.56e-02	0.00e+00	0.00e+00	0.00e+00	0.00e+00	1.65e-17	3.45e-17	2.11e-71
 2.98764e+14	8.18e-24	6.28e-17	5.11e-11	5.06e-06	9.85e-01	1.46e-02	0.00e+00	0.00e+00	0.00e+00	0.00e+00	2.08e-17	4.20e-17	4.54e-71
 3.08386e+14	1.05e-23	7.56e-17	5.80e-11	5.40e-06	9.86e-01	1.37e-02	0.00e+00	0.00e+00	0.00e+00	0.00e+00	2.51e-17	5.05e-17	8.89e-71
 3.18950e+14	1.37e-23	9.24e-17	6.63e-11	5.77e-06	9.87e-01	1.28e-02	0.00e+00	0.00e+00	0.00e+00	0.00e+00	3.07e-17	6.17e-17	1.87e-70
 3.30820e+14	1.83e-23	1.15e-16	7.67e-11	6.21e-06	9.88e-01	1.19e-02	0.00e+00	0.00e+00	0.00e+00	0.00e+00	3.82e-17	7.69e-17	4.16e-70
 3.42119e+14	2.39e-23	1.41e-16	8.78e-11	6.64e-06	9.89e-01	1.11e-02	0.00e+00	0.00e+00	0.00e+00	0.00e+00	4.66e-17	9.39e-17	8.62e-70
 3.54485e+14	3.15e-23	1.73e-16	1.01e-10	7.14e-06	9.90e-01	1.04e-02	0.00e+00	0.00e+00	0.00e+00	0.00e+00	5.74e-17	1.16e-16	1.84e-69
 3.68332e+14	4.27e-23	2.18e-16	1.18e-10	7.70e-06	9.90e-01	9.63e-03	0.00e+00	0.00e+00	0.00e+00	0.00e+00	7.23e-17	1.46e-16	4.29e-69
 3.81701e+14	5.61e-23	2.68e-16	1.36e-10	8.29e-06	9.91e-01	8.95e-03	0.00e+00	0.00e+00	0.00e+00	0.00e+00	8.89e-17	1.79e-16	9.03e-69
 3.95966e+14	7.52e-23	3.33e-16	1.58e-10	8.92e-06	9.92e-01	8.33e-03	0.00e+00	0.00e+00	0.00e+00	0.00e+00	1.11e-16	2.23e-16	2.02e-68
 4.11834e+14	1.02e-22	4.22e-16	1.84e-10	9.65e-06	9.92e-01	7.71e-03	0.00e+00	0.00e+00	0.00e+00	0.00e+00	1.40e-16	2.82e-16	4.75e-68
 4.26502e+14	1.34e-22	5.18e-16	2.13e-10	1.04e-05	9.93e-01	7.18e-03	0.00e+00	0.00e+00	0.00e+00	0.00e+00	1.72e-16	3.46e-16	9.98e-68
 4.39200e+14	1.70e-22	6.18e-16	2.39e-10	1.10e-05	9.93e-01	6.78e-03	0.00e+00	0.00e+00	0.00e+00	0.00e+00	2.05e-16	4.13e-16	1.90e-67
 4.53275e+14	2.16e-22	7.43e-16	2.72e-10	1.17e-05	9.94e-01	6.36e-03	0.00e+00	0.00e+00	0.00e+00	0.00e+00	2.46e-16	4.96e-16	3.69e-67
 4.70469e+14	2.90e-22	9.28e-16	3.15e-10	1.26e-05	9.94e-01	5.91e-03	0.00e+00	0.00e+00	0.00e+00	0.00e+00	3.08e-16	6.20e-16	8.32e-67
 4.87892e+14	3.84e-22	1.15e-15	3.66e-10	1.36e-05	9.94e-01	5.49e-03	0.00e+00	0.00e+00	0.00e+00	0.00e+00	3.80e-16	7.66e-16	1.78e-66
 5.03565e+14	4.92e-22	1.39e-15	4.15e-10	1.45e-05	9.95e-01	5.15e-03	0.00e+00	0.00e+00	0.00e+00	0.00e+00	4.59e-16	9.26e-16	3.55e-66
 5.20793e+14	6.36e-22	1.68e-15	4.76e-10	1.55e-05	9.95e-01	4.81e-03	0.00e+00	0.00e+00	0.00e+00	0.00e+00	5.59e-16	1.13e-15	7.15e-66
 5.41156e+14	8.56e-22	2.11e-15	5.56e-10	1.68e-05	9.96e-01	4.45e-03	0.00e+00	0.00e+00	0.00e+00	0.00e+00	7.00e-16	1.41e-15	1.62e-65
 5.61168e+14	1.13e-21	2.61e-15	6.44e-10	1.81e-05	9.96e-01	4.14e-03	0.00e+00	0.00e+00	0.00e+00	0.00e+00	8.66e-16	1.75e-15	3.49e-65
 5.79470e+14	1.46e-21	3.16e-15	7.31e-10	1.93e-05	9.96e-01	3.88e-03	0.00e+00	0.00e+00	0.00e+00	0.00e+00	1.05e-15	2.12e-15	7.05e-65
 5.99975e+14	1.89e-21	3.86e-15	8.42e-10	2.07e-05	9.96e-01	3.62e-03	0.00e+00	0.00e+00	0.00e+00	0.00e+00	1.28e-15	2.58e-15	1.43e-64
 6.23811e+14	2.55e-21	4.84e-15	9.86e-10	2.25e-05	9.97e-01	3.34e-03	0.00e+00	0.00e+00	0.00e+00	0.00e+00	1.61e-15	3.24e-15	3.24e-64
 6.47197e+14	3.39e-21	6.03e-15	1.14e-09	2.42e-05	9.97e-01	3.10e-03	0.00e+00	0.00e+00	0.00e+00	0.00e+00	2.00e-15	4.03e-15	7.21e-64
 6.69388e+14	4.35e-21	7.29e-15	1.31e-09	2.59e-05	9.97e-01	2.89e-03	0.00e+00	0.00e+00	0.00e+00	0.00e+00	2.42e-15	4.87e-15	1.42e-63
 6.94063e+14	5.72e-21	8.98e-15	1.51e-09	2.79e-05	9.97e-01	2.69e-03	0.00e+00	0.00e+00	0.00e+00	0.00e+00	2.98e-15	6.00e-15	3.03e-63
 7.21856e+14	7.69e-21	1.13e-14	1.77e-09	3.02e-05	9.97e-01	2.48e-03	0.00e+00	0.00e+00	0.00e+00	0.00e+00	3.73e-15	7.53e-15	6.85e-63
 7.48251e+14	1.02e-20	1.39e-14	2.05e-09	3.25e-05	9.98e-01	2.31e-03	0.00e+00	0.00e+00	0.00e+00	0.00e+00	4.62e-15	9.32e-15	1.49e-62
 7.72367e+14	1.28e-20	1.66e-14	2.32e-09	3.47e-05	9.98e-01	2.16e-03	0.00e+00	0.00e+00	0.00e+00	0.00e+00	5.51e-15	1.11e-14	2.79e-62
 7.99715e+14	1.67e-20	2.04e-14	2.67e-09	3.72e-05	9.98e-01	2.02e-03	0.00e+00	0.00e+00	0.00e+00	0.00e+00	6.76e-15	1.36e-14	5.88e-62
 8.31491e+14	2.22e-20	2.54e-14	3.12e-09	4.03e-05	9.98e-01	1.86e-03	0.00e+00	0.00e+00	0.00e+00	0.00e+00	8.40e-15	1.70e-14	1.28e-61
 8.61733e+14	2.92e-20	3.13e-14	3.60e-09	4.33e-05	9.98e-01	1.73e-03	0.00e+00	0.00e+00	0.00e+00	0.00e+00	1.04e-14	2.09e-14	2.74e-61
 8.89060e+14	3.63e-20	3.70e-14	4.09e-09	4.62e-05	9.98e-01	1.62e-03	0.00e+00	0.00e+00	0.00e+00	0.00e+00	1.23e-14	2.48e-14	4.99e-61
 9.14865e+14	4.50e-20	4.37e-14	4.58e-09	4.89e-05	9.98e-01	1.53e-03	0.00e+00	0.00e+00	0.00e+00	0.00e+00	1.44e-14	2.92e-14	9.07e-61
 9.43387e+14	5.68e-20	5.22e-14	5.18e-09	5.21e-05	9.99e-01	1.44e-03	0.00e+00	0.00e+00	0.00e+00	0.00e+00	1.73e-14	3.49e-14	1.74e-60
 9.75317e+14	7.18e-20	6.26e-14	5.92e-09	5.58e-05	9.99e-01	1.34e-03	0.00e+00	0.00e+00	0.00e+00	0.00e+00	2.07e-14	4.19e-14	3.31e-60
 1.00542e+15	9.07e-20	7.49e-14	6.68e-09	5.93e-05	9.99e-01	1.26e-03	0.00e+00	0.00e+00	0.00e+00	0.00e+00	2.48e-14	5.01e-14	6.36e-60
 1.03830e+15	1.14e-19	8.93e-14	7.60e-09	6.33e-05	9.99e-01	1.18e-03	0.00e+00	0.00e+00	0.00e+00	0.00e+00	2.95e-14	5.97e-14	1.19e-59
 1.07503e+15	1.48e-19	1.09e-13	8.74e-09	6.79e-05	9.99e-01	1.10e-03	0.00e+00	0.00e+00	0.00e+00	0.00e+00	3.61e-14	7.31e-14	2.48e-59
 1.10987e+15	1.84e-19	1.29e-13	9.93e-09	7.25e-05	9.99e-01	1.03e-03	0.00e+00	0.00e+00	0.00e+00	0.00e+00	4.28e-14	8.67e-14	4.53e-59
 1.14823e+15	2.37e-19	1.57e-13	1.14e-08	7.76e-05	9.99e-01	9.59e-04	0.00e+00	0.00e+00	0.00e+00	0.00e+00	5.20e-14	1.05e-13	9.19e-59
 1.19058e+15	3.10e-19	1.94e-13	1.31e-08	8.36e-05	9.99e-01	8.91e-04	0.00e+00	0.00e+00	0.00e+00	0.00e+00	6.40e-14	1.30e-13	1.95e-58
 1.22968e+15	3.88e-19	2.30e-13	1.50e-08	8.93e-05	9.99e-01	8.33e-04	0.00e+00	0.00e+00	0.00e+00	0.00e+00	7.61e-14	1.54e-13	3.62e-58
 1.27209e+15	5.01e-19	2.81e-13	1.71e-08	9.56e-05	9.99e-01	7.77e-04	0.00e+00	0.00e+00	0.00e+00	0.00e+00	9.27e-14	1.88e-13	7.42e-58
 1.31944e+15	6.44e-19	3.41e-13	1.98e-08	1.03e-04	9.99e-01	7.20e-04	0.00e+00	0.00e+00	0.00e+00	0.00e+00	1.13e-13	2.29e-13	1.49e-57
 1.36375e+15	8.25e-19	4.14e-13	2.26e-08	1.10e-04	9.99e-01	6.73e-04	0.00e+00	0.00e+00	0.00e+00	0.00e+00	1.37e-13	2.77e-13	2.99e-57
 1.41188e+15	1.05e-18	4.99e-13	2.60e-08	1.18e-04	9.99e-01	6.26e-04	0.00e+00	0.00e+00	0.00e+00	0.00e+00	1.65e-13	3.34e-13	5.85e-57
 1.46540e+15	1.38e-18	6.17e-13	3.02e-08	1.28e-04	9.99e-01	5.80e-04	0.00e+00	0.00e+00	0.00e+00	0.00e+00	2.03e-13	4.13e-13	1.26e-56
 1.51568e+15	1.73e-18	7.36e-13	3.46e-08	1.37e-04	9.99e-01	5.40e-04	0.00e+00	0.00e+00	0.00e+00	0.00e+00	2.43e-13	4.93e-13	2.35e-56
 1.57045e+15	2.24e-18	9.00e-13	3.99e-08	1.47e-04	9.99e-01	5.02e-04	0.00e+00	0.00e+00	0.00e+00	0.00e+00	2.97e-13	6.03e-13	4.86e-56
 1.63147e+15	2.90e-18	1.10e-12	4.65e-08	1.59e-04	9.99e-01	4.63e-04	0.00e+00	0.00e+00	0.00e+00	0.00e+00	3.64e-13	7.41e-13	1.01e-55
 1.68921e+15	3.73e-18	1.34e-12	5.35e-08	1.71e-04	9.99e-01	4.30e-04	0.00e+00	0.00e+00	0.00e+00	0.00e+00	4.42e-13	9.01e-13	2.04e-55
 1.75109e+15	4.74e-18	1.63e-12	6.18e-08	1.85e-04	9.99e-01	3.98e-04	0.00e+00	0.00e+00	0.00e+00	0.00e+00	5.35e-13	1.09e-12	4.01e-55
 1.82116e+15	6.28e-18	2.03e-12	7.24e-08	2.00e-04	9.99e-01	3.67e-04	0.00e+00	0.00e+00	0.00e+00	0.00e+00	6.67e-13	1.36e-12	8.88e-55
 1.89012e+15	8.09e-18	2.48e-12	8.41e-08	2.16e-04	9.99e-01	3.39e-04	0.00e+00	0.00e+00	0.00e+00	0.00e+00	8.15e-13	1.66e-12	1.82e-54
 1.96184e+15	1.04e-17	3.04e-12	9.77e-08	2.34e-04	9.99e-01	3.13e-04	0.00e+00	0.00e+00	0.00e+00	0.00e+00	9.99e-13	2.04e-12	3.77e-54
 2.04034e+15	1.35e-17	3.73e-12	1.15e-07	2.54e-04	9.99e-01	2.88e-04	0.00e+00	0.00e+00	0.00e+00	0.00e+00	1.23e-12	2.50e-12	7.79e-54
 2.11752e+15	1.74e-17	4.58e-12	1.33e-07	2.75e-04	9.99e-01	2.66e-04	0.00e+00	0.00e+00	0.00e+00	0.00e+00	1.50e-12	3.07e-12	1.63e-53
 2.18138e+15	2.11e-17	5.33e-12	1.50e-07	2.93e-04	9.99e-01	2.49e-04	0.00e+00	0.00e+00	0.00e+00	0.00e+00	1.75e-12	3.58e-12	2.80e-53
 2.23272e+15	2.47e-17	6.04e-12	1.65e-07	3.08e-04	9.99e-01	2.36e-04	0.00e+00	0.00e+00	0.00e+00	0.00e+00	1.99e-12	4.06e-12	4.38e-53
 2.28941e+15	2.93e-17	6.93e-12	1.82e-07	3.25e-04	9.99e-01	2.24e-04	0.00e+00	0.00e+00	0.00e+00	0.00e+00	2.28e-12	4.65e-12	7.15e-53
 2.36310e+15	3.61e-17	8.18e-12	2.08e-07	3.48e-04	9.99e-01	2.09e-04	0.00e+00	0.00e+00	0.00e+00	0.00e+00	2.69e-12	5.49e-12	1.29e-52
 2.44213e+15	4.46e-17	9.73e-12	2.37e-07	3.74e-04	9.99e-01	1.94e-04	0.00e+00	0.00e+00	0.00e+00	0.00e+00	3.19e-12	6.53e-12	2.39e-52
 2.51234e+15	5.39e-17	1.13e-11	2.66e-07	3.97e-04	9.99e-01	1.82e-04	0.00e+00	4.50e-18	1.35e-17	2.26e-17	3.72e-12	7.62e-12	4.15e-52
 2.58789e+15	6.52e-17	1.32e-11	3.00e-07	4.25e-04	9.99e-01	1.71e-04	0.00e+00	5.45e-18	1.64e-17	2.73e-17	4.34e-12	8.88e-12	7.16e-52
 2.68321e+15	8.24e-17	1.60e-11	3.48e-07	4.60e-04	9.99e-01	1.57e-04	0.00e+00	6.89e-18	2.07e-17	3.46e-17	5.25e-12	1.07e-11	1.42e-51
 2.77998e+15	1.03e-16	1.93e-11	4.02e-07	4.98e-04	9.99e-01	1.45e-04	0.00e+00	8.67e-18	2.60e-17	4.35e-17	6.32e-12	1.29e-11	2.77e-51
 2.86260e+15	1.25e-16	2.25e-11	4.53e-07	5.31e-04	9.99e-01	1.36e-04	0.00e+00	1.05e-17	3.15e-17	5.26e-17	7.38e-12	1.51e-11	4.84e-51
 2.95111e+15	1.51e-16	2.64e-11	5.12e-07	5.67e-04	9.99e-01	1.27e-04	0.00e+00	1.27e-17	3.81e-17	6.37e-17	8.65e-12	1.77e-11	8.62e-51
 3.06117e+15	1.92e-16	3.19e-11	5.95e-07	6.16e-04	9.99e-01	1.17e-04	0.00e+00	1.61e-17	4.83e-17	8.07e-17	1.05e-11	2.14e-11	1.72e-50
 3.17339e+15	2.42e-16	3.86e-11	6.89e-07	6.68e-04	9.99e-01	1.08e-04	0.00e+00	2.03e-17	6.10e-17	1.02e-16	1.27e-11	2.59e-11	3.44e-50
 3.27194e+15	2.93e-16	4.53e-11	7.80e-07	7.15e-04	9.99e-01	1.01e-04	0.00e+00	2.46e-17	7.40e-17	1.24e-16	1.48e-11	3.04e-11	6.18e-50
 3.37857e+15	3.54e-16	5.32e-11	8.87e-07	7.68e-04	9.99e-01	9.36e-05	0.00e+00	2.98e-17	8.95e-17	1.50e-16	1.75e-11	3.58e-11	1.12e-49
 3.50763e+15	4.52e-16	6.49e-11	1.03e-06	8.37e-04	9.99e-01	8.58e-05	0.00e+00	3.81e-17	1.14e-16	1.91e-16	2.13e-11	4.36e-11	2.32e-49
 3.63590e+15	5.65e-16	7.82e-11	1.20e-06	9.08e-04	9.99e-01	7.90e-05	0.00e+00	4.77e-17	1.43e-16	2.39e-16	2.56e-11	5.25e-11	4.63e-49
 3.74995e+15	6.85e-16	9.18e-11	1.35e-06	9.72e-04	9.99e-01	7.37e-05	0.00e+00	5.79e-17	1.74e-16	2.90e-16	3.01e-11	6.17e-11	8.45e-49
 3.87545e+15	8.39e-16	1.09e-10	1.55e-06	1.05e-03	9.99e-01	6.82e-05	0.00e+00	7.10e-17	2.13e-16	3.56e-16	3.57e-11	7.30e-11	1.59e-48
 4.02533e+15	1.06e-15	1.32e-10	1.80e-06	1.14e-03	9.99e-01	6.26e-05	0.00e+00	8.97e-17	2.69e-16	4.50e-16	4.34e-11	8.89e-11	3.34e-48
 4.17456e+15	1.33e-15	1.60e-10	2.09e-06	1.24e-03	9.99e-01	5.75e-05	0.00e+00	1.13e-16	3.38e-16	5.64e-16	5.25e-11	1.07e-10	6.81e-48
 4.31130e+15	1.61e-15	1.88e-10	2.38e-06	1.33e-03	9.99e-01	5.35e-05	0.00e+00	1.36e-16	4.09e-16	6.84e-16	6.18e-11	1.26e-10	1.26e-47
 4.46415e+15	2.02e-15	2.27e-10	2.74e-06	1.44e-03	9.99e-01	4.93e-05	0.00e+00	1.72e-16	5.16e-16	8.63e-16	7.46e-11	1.53e-10	2.60e-47
 4.64157e+15	2.57e-15	2.78e-10	3.20e-06	1.58e-03	9.98e-01	4.51e-05	0.00e+00	2.19e-16	6.56e-16	1.10e-15	9.14e-11	1.87e-10	5.71e-47
 4.81605e+15	3.24e-15	3.38e-10	3.71e-06	1.71e-03	9.98e-01	4.14e-05	0.00e+00	2.76e-16	8.29e-16	1.38e-15	1.11e-10	2.27e-10	1.22e-46
 4.98255e+15	4.00e-15	4.04e-10	4.25e-06	1.85e-03	9.98e-01	3.83e-05	0.00e+00	3.42e-16	1.03e-15	1.71e-15	1.33e-10	2.71e-10	2.45e-46
 5.12846e+15	4.77e-15	4.70e-10	4.77e-06	1.97e-03	9.98e-01	3.59e-05	0.00e+00	4.07e-16	1.22e-15	2.04e-15	1.54e-10	3.15e-10	4.42e-46
 5.24929e+15	5.53e-15	5.32e-10	5.24e-06	2.08e-03	9.98e-01	3.40e-05	0.00e+00	4.73e-16	1.42e-15	2.37e-15	1.75e-10	3.57e-10	7.20e-46
 5.38263e+15	6.47e-15	6.07e-10	5.79e-06	2.20e-03	9.98e-01	3.21e-05	0.00e+00	5.54e-16	1.66e-15	2.77e-15	2.00e-10	4.08e-10	1.22e-45
 5.55599e+15	7.81e-15	7.16e-10	6.58e-06	2.37e-03	9.98e-01	2.98e-05	0.00e+00	6.70e-16	2.01e-15	3.36e-15	2.36e-10	4.81e-10	2.34e-45
 5.73787e+15	9.43e-15	8.44e-10	7.48e-06	2.54e-03	9.97e-01	2.77e-05	0.00e+00	8.09e-16	2.43e-15	4.05e-15	2.77e-10	5.66e-10	4.44e-45
 5.89440e+15	1.12e-14	9.75e-10	8.33e-06	2.70e-03	9.97e-01	2.61e-05	0.00e+00	9.59e-16	2.88e-15	4.80e-15	3.21e-10	6.54e-10	7.90e-45
 6.06144e+15	1.35e-14	1.14e-09	9.32e-06	2.88e-03	9.97e-01	2.45e-05	0.00e+00	1.16e-15	3.49e-15	5.83e-15	3.76e-10	7.67e-10	1.49e-44
 6.27860e+15	1.69e-14	1.38e-09	1.07e-05	3.12e-03	9.97e-01	2.26e-05	0.00e+00	1.46e-15	4.37e-15	7.30e-15	4.55e-10	9.28e-10	3.17e-44
 6.50179e+15	2.05e-14	1.65e-09	1.23e-05	3.37e-03	9.97e-01	2.09e-05	0.00e+00	1.77e-15	5.31e-15	8.86e-15	5.42e-10	1.10e-09	6.24e-44
 6.68860e+15	2.45e-14	1.92e-09	1.38e-05	3.59e-03	9.96e-01	1.96e-05	0.00e+00	2.12e-15	6.35e-15	1.06e-14	6.33e-10	1.29e-09	1.15e-43
 6.88722e+15	2.94e-14	2.25e-09	1.55e-05	3.84e-03	9.96e-01	1.83e-05	0.00e+00	2.54e-15	7.63e-15	1.27e-14	7.42e-10	1.51e-09	2.15e-43
 7.13948e+15	3.76e-14	2.78e-09	1.79e-05	4.16e-03	9.96e-01	1.69e-05	0.00e+00	3.26e-15	9.77e-15	1.63e-14	9.15e-10	1.86e-09	4.91e-43
 7.40336e+15	4.62e-14	3.33e-09	2.07e-05	4.51e-03	9.95e-01	1.56e-05	0.00e+00	4.00e-15	1.20e-14	2.00e-14	1.10e-09	2.24e-09	1.01e-42
 7.63772e+15	5.61e-14	3.96e-09	2.35e-05	4.83e-03	9.95e-01	1.46e-05	0.00e+00	4.86e-15	1.46e-14	2.44e-14	1.31e-09	2.66e-09	1.90e-42
 7.89183e+15	6.88e-14	4.74e-09	2.67e-05	5.20e-03	9.95e-01	1.36e-05	0.00e+00	5.97e-15	1.79e-14	2.99e-14	1.56e-09	3.18e-09	3.77e-42
 8.19618e+15	8.97e-14	5.94e-09	3.11e-05	5.66e-03	9.94e-01	1.25e-05	0.00e+00	7.80e-15	2.34e-14	3.90e-14	1.96e-09	3.98e-09	8.96e-42
 8.49752e+15	1.10e-13	7.14e-09	3.60e-05	6.13e-03	9.94e-01	1.16e-05	0.00e+00	9.57e-15	2.87e-14	4.79e-14	2.36e-09	4.78e-09	1.80e-41
 8.76914e+15	1.34e-13	8.52e-09	4.08e-05	6.58e-03	9.93e-01	1.08e-05	0.00e+00	1.17e-14	3.50e-14	5.85e-14	2.81e-09	5.71e-09	3.56e-41
 9.07044e+15	1.66e-13	1.03e-08	4.68e-05	7.10e-03	9.93e-01	1.01e-05	0.00e+00	1.45e-14	4.34e-14	7.25e-14	3.40e-09	6.89e-09	7.30e-41
 9.42557e+15	2.17e-13	1.30e-08	5.46e-05	7.74e-03	9.92e-01	9.29e-06	0.00e+00	1.90e-14	5.70e-14	9.52e-14	4.29e-09	8.71e-09	1.79e-40
 9.77589e+15	2.72e-13	1.59e-08	6.33e-05	8.38e-03	9.92e-01	8.63e-06	0.00e+00	2.38e-14	7.13e-14	1.19e-13	5.26e-09	1.07e-08	3.78e-40
 1.01014e+16	3.36e-13	1.92e-08	7.22e-05	9.02e-03	9.91e-01	8.08e-06	0.00e+00	2.94e-14	8.82e-14	1.47e-13	6.34e-09	1.28e-08	7.59e-40
 1.04667e+16	4.16e-13	2.32e-08	8.34e-05	9.75e-03	9.90e-01	7.53e-06	0.00e+00	3.65e-14	1.09e-13	1.83e-13	7.66e-09	1.55e-08	1.52e-39
 1.08854e+16	5.47e-13	2.95e-08	9.78e-05	1.07e-02	9.89e-01	6.98e-06	0.00e+00	4.80e-14	1.44e-13	2.40e-13	9.77e-09	1.98e-08	3.69e-39
 1.12326e+16	6.70e-13	3.54e-08	1.11e-04	1.14e-02	9.88e-01	6.59e-06	0.00e+00	5.89e-14	1.77e-13	2.95e-13	1.17e-08	2.37e-08	6.98e-39
 1.14769e+16	7.69e-13	4.01e-08	1.21e-04	1.20e-02	9.88e-01	6.33e-06	0.00e+00	6.76e-14	2.03e-13	3.39e-13	1.33e-08	2.68e-08	1.08e-38
 1.17309e+16	8.89e-13	4.55e-08	1.33e-04	1.26e-02	9.87e-01	6.08e-06	0.00e+00	7.82e-14	2.35e-13	3.92e-13	1.51e-08	3.05e-08	1.72e-38
 1.20611e+16	1.05e-12	5.27e-08	1.49e-04	1.34e-02	9.86e-01	5.78e-06	0.00e+00	9.25e-14	2.78e-13	4.63e-13	1.74e-08	3.53e-08	2.88e-38
 1.24303e+16	1.30e-12	6.38e-08	1.68e-04	1.43e-02	9.86e-01	5.49e-06	0.00e+00	1.14e-13	3.43e-13	5.72e-13	2.11e-08	4.27e-08	5.78e-38
 1.27753e+16	1.56e-12	7.50e-08	1.88e-04	1.52e-02	9.85e-01	5.24e-06	0.00e+00	1.37e-13	4.13e-13	6.88e-13	2.48e-08	5.02e-08	9.97e-38
 1.31489e+16	1.86e-12	8.76e-08	2.12e-04	1.62e-02	9.84e-01	5.00e-06	0.00e+00	1.65e-13	4.94e-13	8.24e-13	2.90e-08	5.86e-08	1.69e-37
 1.35677e+16	2.33e-12	1.07e-07	2.42e-04	1.74e-02	9.82e-01	4.75e-06	0.00e+00	2.06e-13	6.17e-13	1.03e-12	3.55e-08	7.16e-08	3.43e-37
 1.39613e+16	2.80e-12	1.26e-07	2.73e-04	1.85e-02	9.81e-01	4.55e-06	0.00e+00	2.48e-13	7.44e-13	1.24e-12	4.19e-08	8.46e-08	6.01e-37
 1.43889e+16	3.42e-12	1.50e-07	3.10e-04	1.98e-02	9.80e-01	4.34e-06	0.00e+00	3.02e-13	9.08e-13	1.51e-12	4.96e-08	1.00e-07	1.05e-36
 1.48670e+16	4.26e-12	1.82e-07	3.55e-04	2.13e-02	9.78e-01	4.14e-06	0.00e+00	3.77e-13	1.13e-12	1.89e-12	6.02e-08	1.22e-07	2.01e-36
 1.53181e+16	5.32e-12	2.22e-07	4.04e-04	2.29e-02	9.77e-01	3.98e-06	0.00e+00	4.71e-13	1.41e-12	2.36e-12	7.36e-08	1.48e-07	3.98e-36
 1.58119e+16	6.64e-12	2.70e-07	4.63e-04	2.46e-02	9.75e-01	3.82e-06	0.00e+00	5.89e-13	1.77e-12	2.95e-12	8.94e-08	1.80e-07	7.50e-36
 1.63474e+16	8.33e-12	3.29e-07	5.34e-04	2.65e-02	9.73e-01	3.66e-06	0.00e+00	7.39e-13	2.22e-12	3.70e-12	1.09e-07	2.20e-07	1.41e-35
 1.68357e+16	1.02e-11	3.90e-07	6.07e-04	2.83e-02	9.71e-01	3.53e-06	0.00e+00	9.05e-13	2.72e-12	4.53e-12	1.29e-07	2.61e-07	2.40e-35
 1.73692e+16	1.29e-11	4.83e-07	6.97e-04	3.05e-02	9.69e-01	3.41e-06	0.00e+00	1.15e-12	3.45e-12	5.76e-12	1.60e-07	3.23e-07	4.86e-35
 1.79500e+16	1.62e-11	5.91e-07	8.07e-04	3.30e-02	9.66e-01	3.29e-06	0.00e+00	1.44e-12	4.33e-12	7.23e-12	1.96e-07	3.95e-07	8.88e-35
 1.84781e+16	2.00e-11	7.01e-07	9.18e-04	3.53e-02	9.64e-01	3.19e-06	0.00e+00	1.78e-12	5.33e-12	8.89e-12	2.32e-07	4.68e-07	1.51e-34
 1.90504e+16	2.49e-11	8.51e-07	1.06e-03	3.80e-02	9.61e-01	3.10e-06	0.00e+00	2.22e-12	6.67e-12	1.11e-11	2.82e-07	5.69e-07	2.73e-34
 1.96822e+16	3.24e-11	1.08e-06	1.23e-03	4.12e-02	9.58e-01	3.02e-06	0.00e+00	2.89e-12	8.67e-12	1.45e-11	3.57e-07	7.19e-07	5.64e-34
 2.02632e+16	4.01e-11	1.30e-06	1.41e-03	4.43e-02	9.54e-01	2.94e-06	0.00e+00	3.58e-12	1.07e-11	1.79e-11	4.31e-07	8.68e-07	9.91e-34
 2.07935e+16	4.89e-11	1.54e-06	1.59e-03	4.72e-02	9.51e-01	2.88e-06	0.00e+00	4.37e-12	1.31e-11	2.19e-11	5.12e-07	1.03e-06	1.64e-33
 2.13861e+16	6.13e-11	1.86e-06	1.83e-03	5.08e-02	9.47e-01	2.82e-06	0.00e+00	5.48e-12	1.65e-11	2.74e-11	6.19e-07	1.24e-06	2.83e-33
 2.20400e+16	7.76e-11	2.25e-06	2.12e-03	5.48e-02	9.43e-01	2.76e-06	0.00e+00	6.94e-12	2.08e-11	3.47e-11	7.48e-07	1.51e-06	4.87e-33
 2.26431e+16	9.76e-11	2.78e-06	2.43e-03	5.91e-02	9.38e-01	2.73e-06	0.00e+00	8.74e-12	2.62e-11	4.37e-11	9.25e-07	1.86e-06	9.12e-33
 2.31380e+16	1.16e-10	3.24e-06	2.72e-03	6.26e-02	9.35e-01	2.69e-06	0.00e+00	1.04e-11	3.11e-11	5.18e-11	1.07e-06	2.16e-06	1.37e-32
 2.36224e+16	1.39e-10	3.78e-06	3.04e-03	6.64e-02	9.31e-01	2.66e-06	0.00e+00	1.25e-11	3.74e-11	6.24e-11	1.25e-06	2.52e-06	2.13e-32
 2.42520e+16	1.75e-10	4.51e-06	3.50e-03	7.14e-02	9.25e-01	2.62e-06	0.00e+00	1.57e-11	4.72e-11	7.87e-11	1.50e-06	3.01e-06	3.44e-32
 2.49169e+16	2.24e-10	5.66e-06	4.08e-03	7.75e-02	9.18e-01	2.59e-06	0.00e+00	2.01e-11	6.04e-11	1.01e-10	1.88e-06	3.78e-06	6.61e-32
 2.54480e+16	2.70e-10	6.62e-06	4.59e-03	8.24e-02	9.13e-01	2.57e-06	0.00e+00	2.43e-11	7.29e-11	1.22e-10	2.20e-06	4.42e-06	9.93e-32
 2.59591e+16	3.27e-10	7.68e-06	5.17e-03	8.77e-02	9.07e-01	2.55e-06	0.00e+00	2.94e-11	8.82e-11	1.47e-10	2.55e-06	5.13e-06	1.48e-31
 2.66234e+16	4.28e-10	9.75e-06	6.07e-03	9.55e-02	8.98e-01	2.54e-06	0.00e+00	3.86e-11	1.16e-10	1.93e-10	3.24e-06	6.51e-06	2.98e-31
