#depth	O	O+	O+2	O+3	O+4	O+5	O+6	O+7	O+8	O[1]	O[2]	O[3]
 1.49634e+10	6.74e-17	2.91e-05	3.06e-01	6.94e-01	3.66e-04	0.00e+00	0.00e+00	0.00e+00	0.00e+00	3.39e-17	1.99e-17	6.60e-18
 4.54887e+10	6.22e-17	2.71e-05	2.92e-01	7.07e-01	1.14e-04	2.54e-11	0.00e+00	0.00e+00	0.00e+00	3.17e-17	1.85e-17	6.17e-18
 6.88316e+10	5.85e-17	2.57e-05	2.83e-01	7.17e-01	5.01e-05	0.00e+00	0.00e+00	0.00e+00	0.00e+00	3.00e-17	1.76e-17	5.84e-18
 8.05030e+10	5.97e-17	2.59e-05	2.82e-01	7.18e-01	4.13e-05	0.00e+00	0.00e+00	0.00e+00	0.00e+00	3.06e-17	1.79e-17	5.97e-18
 8.94511e+10	6.12e-17	2.62e-05	2.82e-01	7.18e-01	3.73e-05	0.00e+00	0.00e+00	0.00e+00	0.00e+00	3.14e-17	1.84e-17	6.12e-18
 1.01084e+11	6.18e-17	2.65e-05	2.85e-01	7.15e-01	2.71e-05	0.00e+00	0.00e+00	0.00e+00	0.00e+00	3.18e-17	1.86e-17	6.20e-18
 1.14219e+11	6.24e-17	2.68e-05	2.90e-01	7.10e-01	1.84e-05	0.00e+00	0.00e+00	0.00e+00	0.00e+00	3.22e-17	1.89e-17	6.27e-18
 1.25884e+11	6.32e-17	2.72e-05	2.97e-01	7.03e-01	1.28e-05	0.00e+00	0.00e+00	0.00e+00	0.00e+00	3.27e-17	1.92e-17	6.37e-18
 1.35157e+11	6.42e-17	2.77e-05	3.03e-01	6.97e-01	9.90e-06	0.00e+00	0.00e+00	0.00e+00	0.00e+00	3.33e-17	1.95e-17	6.48e-18
 1.44744e+11	6.57e-17	2.82e-05	3.08e-01	6.92e-01	8.19e-06	0.00e+00	0.00e+00	0.00e+00	0.00e+00	3.41e-17	2.00e-17	6.64e-18
 1.57207e+11	6.79e-17	2.93e-05	3.21e-01	6.79e-01	5.70e-06	0.00e+00	0.00e+00	0.00e+00	0.00e+00	3.53e-17	2.07e-17	6.88e-18
 1.69653e+11	6.97e-17	3.04e-05	3.37e-01	6.63e-01	3.69e-06	0.00e+00	0.00e+00	0.00e+00	0.00e+00	3.63e-17	2.13e-17	7.08e-18
 1.78530e+11	7.10e-17	3.12e-05	3.48e-01	6.52e-01	2.79e-06	0.00e+00	0.00e+00	0.00e+00	0.00e+00	3.71e-17	2.17e-17	7.22e-18
 1.86525e+11	7.32e-17	3.20e-05	3.55e-01	6.45e-01	2.45e-06	0.00e+00	0.00e+00	0.00e+00	0.00e+00	3.83e-17	2.24e-17	7.45e-18
 1.96919e+11	7.50e-17	3.29e-05	3.69e-01	6.31e-01	1.78e-06	0.00e+00	0.00e+00	0.00e+00	0.00e+00	3.93e-17	2.30e-17	7.64e-18
 2.08050e+11	7.73e-17	3.43e-05	3.89e-01	6.11e-01	1.21e-06	0.00e+00	0.00e+00	0.00e+00	0.00e+00	4.05e-17	2.37e-17	7.89e-18
 2.17199e+11	7.94e-17	3.55e-05	4.04e-01	5.96e-01	9.17e-07	0.00e+00	0.00e+00	0.00e+00	0.00e+00	4.17e-17	2.44e-17	8.11e-18
 2.26153e+11	8.08e-17	3.61e-05	4.11e-01	5.89e-01	0.00e+00	0.00e+00	0.00e+00	0.00e+00	0.00e+00	4.25e-17	2.49e-17	8.27e-18
 2.37794e+11	8.36e-17	3.77e-05	4.33e-01	5.67e-01	0.00e+00	0.00e+00	0.00e+00	0.00e+00	0.00e+00	4.40e-17	2.58e-17	8.57e-18
 2.49479e+11	8.60e-17	3.93e-05	4.58e-01	5.42e-01	0.00e+00	0.00e+00	0.00e+00	0.00e+00	0.00e+00	4.54e-17	2.66e-17	8.83e-18
 2.58187e+11	8.77e-17	4.04e-05	4.74e-01	5.26e-01	0.00e+00	0.00e+00	0.00e+00	0.00e+00	0.00e+00	4.63e-17	2.71e-17	9.02e-18
 2.66474e+11	8.97e-17	4.13e-05	4.84e-01	5.16e-01	0.00e+00	0.00e+00	0.00e+00	0.00e+00	0.00e+00	4.74e-17	2.77e-17	9.23e-18
 2.77248e+11	9.16e-17	4.26e-05	5.04e-01	4.96e-01	0.00e+00	0.00e+00	0.00e+00	0.00e+00	0.00e+00	4.85e-17	2.84e-17	9.44e-18
 2.88942e+11	9.36e-17	4.41e-05	5.28e-01	4.72e-01	0.00e+00	0.00e+00	0.00e+00	0.00e+00	0.00e+00	4.96e-17	2.90e-17	9.65e-18
 2.99018e+11	9.50e-17	4.53e-05	5.47e-01	4.53e-01	0.00e+00	0.00e+00	0.00e+00	0.00e+00	0.00e+00	5.04e-17	2.95e-17	9.81e-18
 3.09301e+11	9.61e-17	4.60e-05	5.57e-01	4.43e-01	0.00e+00	0.00e+00	0.00e+00	0.00e+00	0.00e+00	5.10e-17	2.99e-17	9.94e-18
 3.22668e+11	9.87e-17	4.78e-05	5.83e-01	4.17e-01	0.00e+00	0.00e+00	0.00e+00	0.00e+00	0.00e+00	5.25e-17	3.07e-17	1.02e-17
 3.36787e+11	9.93e-17	4.92e-05	6.12e-01	3.88e-01	0.00e+00	0.00e+00	0.00e+00	0.00e+00	0.00e+00	5.29e-17	3.10e-17	1.03e-17
 3.47769e+11	9.95e-17	5.00e-05	6.29e-01	3.71e-01	0.00e+00	0.00e+00	0.00e+00	0.00e+00	0.00e+00	5.31e-17	3.11e-17	1.03e-17
 3.57933e+11	1.01e-16	5.05e-05	6.35e-01	3.65e-01	0.00e+00	0.00e+00	0.00e+00	0.00e+00	0.00e+00	5.36e-17	3.14e-17	1.04e-17
 3.71145e+11	1.01e-16	5.13e-05	6.50e-01	3.50e-01	0.00e+00	0.00e+00	0.00e+00	0.00e+00	0.00e+00	5.37e-17	3.15e-17	1.05e-17
 3.88321e+11	9.97e-17	5.17e-05	6.64e-01	3.36e-01	0.00e+00	0.00e+00	0.00e+00	0.00e+00	0.00e+00	5.33e-17	3.12e-17	1.04e-17
 4.10650e+11	9.89e-17	5.26e-05	6.84e-01	3.16e-01	0.00e+00	0.00e+00	0.00e+00	0.00e+00	0.00e+00	5.30e-17	3.10e-17	1.03e-17
 4.34875e+11	9.53e-17	5.27e-05	7.03e-01	2.97e-01	0.00e+00	0.00e+00	0.00e+00	0.00e+00	0.00e+00	5.12e-17	3.00e-17	9.97e-18
 4.54926e+11	9.27e-17	5.29e-05	7.16e-01	2.84e-01	0.00e+00	0.00e+00	0.00e+00	0.00e+00	0.00e+00	4.99e-17	2.92e-17	9.71e-18
 4.73306e+11	9.30e-17	5.35e-05	7.23e-01	2.77e-01	0.00e+00	0.00e+00	0.00e+00	0.00e+00	0.00e+00	5.01e-17	2.93e-17	9.75e-18
 4.96152e+11	9.15e-17	5.39e-05	7.35e-01	2.65e-01	0.00e+00	0.00e+00	0.00e+00	0.00e+00	0.00e+00	4.94e-17	2.89e-17	9.61e-18
 5.25570e+11	8.93e-17	5.44e-05	7.48e-01	2.52e-01	0.00e+00	0.00e+00	0.00e+00	0.00e+00	0.00e+00	4.82e-17	2.82e-17	9.39e-18
 5.58168e+11	8.53e-17	5.47e-05	7.63e-01	2.37e-01	0.00e+00	0.00e+00	0.00e+00	0.00e+00	0.00e+00	4.62e-17	2.70e-17	8.99e-18
 5.87113e+11	8.26e-17	5.51e-05	7.74e-01	2.26e-01	0.00e+00	0.00e+00	0.00e+00	0.00e+00	0.00e+00	4.48e-17	2.62e-17	8.72e-18
 6.12444e+11	8.20e-17	5.59e-05	7.81e-01	2.18e-01	0.00e+00	0.00e+00	0.00e+00	0.00e+00	0.00e+00	4.45e-17	2.61e-17	8.67e-18
 6.41146e+11	8.19e-17	5.70e-05	7.89e-01	2.10e-01	0.00e+00	0.00e+00	0.00e+00	0.00e+00	0.00e+00	4.45e-17	2.61e-17	8.67e-18
 6.78458e+11	8.09e-17	5.85e-05	8.01e-01	1.99e-01	0.00e+00	0.00e+00	0.00e+00	0.00e+00	0.00e+00	4.41e-17	2.58e-17	8.58e-18
 7.19391e+11	7.89e-17	6.02e-05	8.16e-01	1.84e-01	0.00e+00	0.00e+00	0.00e+00	0.00e+00	0.00e+00	4.30e-17	2.52e-17	8.38e-18
 7.54307e+11	7.84e-17	6.21e-05	8.27e-01	1.73e-01	0.00e+00	0.00e+00	0.00e+00	0.00e+00	0.00e+00	4.28e-17	2.51e-17	8.34e-18
 7.84345e+11	7.98e-17	6.41e-05	8.35e-01	1.65e-01	0.00e+00	0.00e+00	0.00e+00	0.00e+00	0.00e+00	4.37e-17	2.56e-17	8.50e-18
 8.18762e+11	8.17e-17	6.66e-05	8.44e-01	1.56e-01	0.00e+00	0.00e+00	0.00e+00	0.00e+00	0.00e+00	4.47e-17	2.62e-17	8.71e-18
 8.63505e+11	8.40e-17	7.02e-05	8.58e-01	1.42e-01	0.00e+00	0.00e+00	0.00e+00	0.00e+00	0.00e+00	4.60e-17	2.69e-17	8.96e-18
 9.13621e+11	8.63e-17	7.47e-05	8.74e-01	1.26e-01	0.00e+00	0.00e+00	0.00e+00	0.00e+00	0.00e+00	4.74e-17	2.77e-17	9.22e-18
 9.58265e+11	8.95e-17	7.91e-05	8.86e-01	1.14e-01	0.00e+00	0.00e+00	0.00e+00	0.00e+00	0.00e+00	4.92e-17	2.88e-17	9.58e-18
 9.97592e+11	9.40e-17	8.32e-05	8.95e-01	1.05e-01	0.00e+00	0.00e+00	0.00e+00	0.00e+00	0.00e+00	5.17e-17	3.03e-17	1.01e-17
 1.04246e+12	9.99e-17	8.82e-05	9.04e-01	9.59e-02	0.00e+00	0.00e+00	0.00e+00	0.00e+00	0.00e+00	5.50e-17	3.22e-17	1.07e-17
 1.10079e+12	1.08e-16	9.53e-05	9.17e-01	8.33e-02	0.00e+00	0.00e+00	0.00e+00	0.00e+00	0.00e+00	5.96e-17	3.49e-17	1.16e-17
 1.16176e+12	1.17e-16	1.03e-04	9.30e-01	6.96e-02	0.00e+00	0.00e+00	0.00e+00	0.00e+00	0.00e+00	6.46e-17	3.78e-17	1.26e-17
 1.21243e+12	1.27e-16	1.10e-04	9.38e-01	6.17e-02	0.00e+00	0.00e+00	0.00e+00	0.00e+00	0.00e+00	7.00e-17	4.09e-17	1.36e-17
 1.26401e+12	1.38e-16	1.17e-04	9.44e-01	5.58e-02	0.00e+00	0.00e+00	0.00e+00	0.00e+00	0.00e+00	7.64e-17	4.47e-17	1.49e-17
 1.33050e+12	1.54e-16	1.27e-04	9.53e-01	4.72e-02	0.00e+00	0.00e+00	0.00e+00	0.00e+00	0.00e+00	8.54e-17	5.00e-17	1.66e-17
 1.39962e+12	1.73e-16	1.38e-04	9.62e-01	3.83e-02	0.00e+00	0.00e+00	0.00e+00	0.00e+00	0.00e+00	9.57e-17	5.60e-17	1.86e-17
 1.45682e+12	1.90e-16	1.48e-04	9.66e-01	3.34e-02	0.00e+00	0.00e+00	0.00e+00	0.00e+00	0.00e+00	1.06e-16	6.18e-17	2.06e-17
 1.51588e+12	2.11e-16	1.57e-04	9.70e-01	2.97e-02	0.00e+00	0.00e+00	0.00e+00	0.00e+00	0.00e+00	1.17e-16	6.84e-17	2.28e-17
 1.59264e+12	2.40e-16	1.70e-04	9.75e-01	2.46e-02	0.00e+00	0.00e+00	0.00e+00	0.00e+00	0.00e+00	1.33e-16	7.80e-17	2.59e-17
 1.67464e+12	2.75e-16	1.85e-04	9.80e-01	1.94e-02	0.00e+00	0.00e+00	0.00e+00	0.00e+00	0.00e+00	1.53e-16	8.95e-17	2.98e-17
 1.74451e+12	3.09e-16	1.98e-04	9.83e-01	1.64e-02	0.00e+00	0.00e+00	0.00e+00	0.00e+00	0.00e+00	1.72e-16	1.00e-16	3.34e-17
 1.81642e+12	3.47e-16	2.11e-04	9.86e-01	1.43e-02	0.00e+00	0.00e+00	0.00e+00	0.00e+00	0.00e+00	1.93e-16	1.13e-16	3.75e-17
 1.90917e+12	4.01e-16	2.29e-04	9.88e-01	1.14e-02	0.00e+00	0.00e+00	0.00e+00	0.00e+00	0.00e+00	2.23e-16	1.31e-16	4.35e-17
 2.01546e+12	4.72e-16	2.51e-04	9.91e-01	8.73e-03	0.00e+00	0.00e+00	0.00e+00	0.00e+00	0.00e+00	2.63e-16	1.54e-16	5.12e-17
 2.11764e+12	5.50e-16	2.72e-04	9.93e-01	6.82e-03	0.00e+00	0.00e+00	0.00e+00	0.00e+00	0.00e+00	3.06e-16	1.79e-16	5.96e-17
 2.22390e+12	6.38e-16	2.94e-04	9.94e-01	5.57e-03	0.00e+00	0.00e+00	0.00e+00	0.00e+00	0.00e+00	3.56e-16	2.08e-16	6.93e-17
 2.34278e+12	7.54e-16	3.21e-04	9.95e-01	4.20e-03	0.00e+00	0.00e+00	0.00e+00	0.00e+00	0.00e+00	4.21e-16	2.46e-16	8.19e-17
 2.46642e+12	8.90e-16	3.50e-04	9.96e-01	3.22e-03	0.00e+00	0.00e+00	0.00e+00	0.00e+00	0.00e+00	4.97e-16	2.91e-16	9.67e-17
 2.59500e+12	1.05e-15	3.82e-04	9.97e-01	2.46e-03	0.00e+00	0.00e+00	0.00e+00	0.00e+00	0.00e+00	5.87e-16	3.43e-16	1.14e-16
 2.72873e+12	1.24e-15	4.16e-04	9.98e-01	1.86e-03	0.00e+00	0.00e+00	0.00e+00	0.00e+00	0.00e+00	6.94e-16	4.06e-16	1.35e-16
 2.86781e+12	1.47e-15	4.53e-04	9.98e-01	1.41e-03	0.00e+00	0.00e+00	0.00e+00	0.00e+00	0.00e+00	8.21e-16	4.80e-16	1.60e-16
 3.01245e+12	1.74e-15	4.93e-04	9.98e-01	1.06e-03	0.00e+00	0.00e+00	0.00e+00	0.00e+00	0.00e+00	9.72e-16	5.68e-16	1.89e-16
 3.16287e+12	2.06e-15	5.37e-04	9.99e-01	7.91e-04	0.00e+00	0.00e+00	0.00e+00	0.00e+00	0.00e+00	1.15e-15	6.73e-16	2.24e-16
 3.31931e+12	2.43e-15	5.84e-04	9.99e-01	5.99e-04	0.00e+00	0.00e+00	0.00e+00	0.00e+00	0.00e+00	1.36e-15	7.96e-16	2.65e-16
 3.48201e+12	2.88e-15	6.36e-04	9.99e-01	4.49e-04	0.00e+00	0.00e+00	0.00e+00	0.00e+00	0.00e+00	1.61e-15	9.42e-16	3.13e-16
 3.65122e+12	3.40e-15	6.92e-04	9.99e-01	3.37e-04	0.00e+00	0.00e+00	0.00e+00	0.00e+00	0.00e+00	1.91e-15	1.11e-15	3.71e-16
 3.82719e+12	4.02e-15	7.53e-04	9.99e-01	2.53e-04	0.00e+00	0.00e+00	0.00e+00	0.00e+00	0.00e+00	2.25e-15	1.32e-15	4.38e-16
 4.01021e+12	4.75e-15	8.19e-04	9.99e-01	1.90e-04	0.00e+00	0.00e+00	0.00e+00	0.00e+00	0.00e+00	2.66e-15	1.56e-15	5.18e-16
 4.20054e+12	5.62e-15	8.90e-04	9.99e-01	1.43e-04	0.00e+00	0.00e+00	0.00e+00	0.00e+00	0.00e+00	3.15e-15	1.84e-15	6.12e-16
 4.39849e+12	6.63e-15	9.68e-04	9.99e-01	1.08e-04	0.00e+00	0.00e+00	0.00e+00	0.00e+00	0.00e+00	3.72e-15	2.17e-15	7.23e-16
 4.60436e+12	7.83e-15	1.05e-03	9.99e-01	8.20e-05	0.00e+00	0.00e+00	0.00e+00	0.00e+00	0.00e+00	4.39e-15	2.57e-15	8.54e-16
 4.81846e+12	9.23e-15	1.14e-03	9.99e-01	6.25e-05	0.00e+00	0.00e+00	0.00e+00	0.00e+00	0.00e+00	5.18e-15	3.03e-15	1.01e-15
 5.04113e+12	1.09e-14	1.24e-03	9.99e-01	4.79e-05	0.00e+00	0.00e+00	0.00e+00	0.00e+00	0.00e+00	6.11e-15	3.57e-15	1.19e-15
 5.27270e+12	1.28e-14	1.35e-03	9.99e-01	3.69e-05	0.00e+00	0.00e+00	0.00e+00	0.00e+00	0.00e+00	7.20e-15	4.21e-15	1.40e-15
 5.51353e+12	1.51e-14	1.46e-03	9.99e-01	2.88e-05	0.00e+00	0.00e+00	0.00e+00	0.00e+00	0.00e+00	8.48e-15	4.96e-15	1.65e-15
 5.76400e+12	1.78e-14	1.59e-03	9.98e-01	2.26e-05	0.00e+00	0.00e+00	0.00e+00	0.00e+00	0.00e+00	9.99e-15	5.84e-15	1.94e-15
 6.02449e+12	2.10e-14	1.72e-03	9.98e-01	1.79e-05	0.00e+00	0.00e+00	0.00e+00	0.00e+00	0.00e+00	1.18e-14	6.87e-15	2.29e-15
 6.29539e+12	2.47e-14	1.87e-03	9.98e-01	1.43e-05	0.00e+00	0.00e+00	0.00e+00	0.00e+00	0.00e+00	1.38e-14	8.09e-15	2.69e-15
 6.57714e+12	2.90e-14	2.02e-03	9.98e-01	1.15e-05	0.00e+00	0.00e+00	0.00e+00	0.00e+00	0.00e+00	1.63e-14	9.52e-15	3.17e-15
 6.87015e+12	3.41e-14	2.20e-03	9.98e-01	9.43e-06	0.00e+00	0.00e+00	0.00e+00	0.00e+00	0.00e+00	1.92e-14	1.12e-14	3.72e-15
 7.17488e+12	4.01e-14	2.38e-03	9.98e-01	7.78e-06	0.00e+00	0.00e+00	0.00e+00	0.00e+00	0.00e+00	2.25e-14	1.32e-14	4.38e-15
 7.49180e+12	4.71e-14	2.58e-03	9.97e-01	6.48e-06	0.00e+00	0.00e+00	0.00e+00	0.00e+00	0.00e+00	2.65e-14	1.55e-14	5.14e-15
 7.82140e+12	5.53e-14	2.80e-03	9.97e-01	5.45e-06	0.00e+00	0.00e+00	0.00e+00	0.00e+00	0.00e+00	3.11e-14	1.82e-14	6.04e-15
 8.16418e+12	6.50e-14	3.03e-03	9.97e-01	4.63e-06	0.00e+00	0.00e+00	0.00e+00	0.00e+00	0.00e+00	3.65e-14	2.13e-14	7.10e-15
 8.52068e+12	7.63e-14	3.28e-03	9.97e-01	3.96e-06	0.00e+00	0.00e+00	0.00e+00	0.00e+00	0.00e+00	4.29e-14	2.51e-14	8.34e-15
 8.89143e+12	8.96e-14	3.56e-03	9.96e-01	3.42e-06	0.00e+00	0.00e+00	0.00e+00	0.00e+00	0.00e+00	5.03e-14	2.94e-14	9.79e-15
 9.27702e+12	1.05e-13	3.85e-03	9.96e-01	2.97e-06	0.00e+00	0.00e+00	0.00e+00	0.00e+00	0.00e+00	5.91e-14	3.45e-14	1.15e-14
 9.67802e+12	1.23e-13	4.17e-03	9.96e-01	2.59e-06	0.00e+00	0.00e+00	0.00e+00	0.00e+00	0.00e+00	6.93e-14	4.05e-14	1.35e-14
 1.00951e+13	1.45e-13	4.52e-03	9.95e-01	2.27e-06	0.00e+00	0.00e+00	0.00e+00	0.00e+00	0.00e+00	8.14e-14	4.75e-14	1.58e-14
 1.05288e+13	1.70e-13	4.90e-03	9.95e-01	2.01e-06	0.00e+00	0.00e+00	0.00e+00	0.00e+00	0.00e+00	9.55e-14	5.58e-14	1.86e-14
 1.09799e+13	1.99e-13	5.30e-03	9.95e-01	1.77e-06	0.00e+00	0.00e+00	0.00e+00	0.00e+00	0.00e+00	1.12e-13	6.54e-14	2.18e-14
 1.14490e+13	2.34e-13	5.74e-03	9.94e-01	1.58e-06	0.00e+00	0.00e+00	0.00e+00	0.00e+00	0.00e+00	1.31e-13	7.68e-14	2.55e-14
 1.19369e+13	2.74e-13	6.22e-03	9.94e-01	1.40e-06	0.00e+00	0.00e+00	0.00e+00	0.00e+00	0.00e+00	1.54e-13	9.00e-14	3.00e-14
 1.24443e+13	3.22e-13	6.73e-03	9.93e-01	1.25e-06	0.00e+00	0.00e+00	0.00e+00	0.00e+00	0.00e+00	1.81e-13	1.06e-13	3.51e-14
 1.29720e+13	3.77e-13	7.29e-03	9.93e-01	1.12e-06	0.00e+00	0.00e+00	0.00e+00	0.00e+00	0.00e+00	2.12e-13	1.24e-13	4.12e-14
 1.35208e+13	4.42e-13	7.89e-03	9.92e-01	1.01e-06	0.00e+00	0.00e+00	0.00e+00	0.00e+00	0.00e+00	2.49e-13	1.45e-13	4.83e-14
 1.40916e+13	5.19e-13	8.54e-03	9.91e-01	9.04e-07	0.00e+00	0.00e+00	0.00e+00	0.00e+00	0.00e+00	2.92e-13	1.70e-13	5.67e-14
 1.46851e+13	6.08e-13	9.24e-03	9.91e-01	0.00e+00	0.00e+00	0.00e+00	0.00e+00	0.00e+00	0.00e+00	3.42e-13	2.00e-13	6.65e-14
 1.53025e+13	7.13e-13	1.00e-02	9.90e-01	0.00e+00	0.00e+00	0.00e+00	0.00e+00	0.00e+00	0.00e+00	4.01e-13	2.34e-13	7.80e-14
 1.59445e+13	8.37e-13	1.08e-02	9.89e-01	0.00e+00	0.00e+00	0.00e+00	0.00e+00	0.00e+00	0.00e+00	4.70e-13	2.75e-13	9.14e-14
 1.66122e+13	9.81e-13	1.17e-02	9.88e-01	0.00e+00	0.00e+00	0.00e+00	0.00e+00	0.00e+00	0.00e+00	5.52e-13	3.22e-13	1.07e-13
 1.73066e+13	1.15e-12	1.27e-02	9.87e-01	0.00e+00	0.00e+00	0.00e+00	0.00e+00	0.00e+00	0.00e+00	6.47e-13	3.78e-13	1.26e-13
 1.80288e+13	1.35e-12	1.37e-02	9.86e-01	0.00e+00	0.00e+00	0.00e+00	0.00e+00	0.00e+00	0.00e+00	7.59e-13	4.43e-13	1.48e-13
 1.87799e+13	1.58e-12	1.49e-02	9.85e-01	0.00e+00	0.00e+00	0.00e+00	0.00e+00	0.00e+00	0.00e+00	8.90e-13	5.20e-13	1.73e-13
 1.95610e+13	1.86e-12	1.61e-02	9.84e-01	0.00e+00	0.00e+00	0.00e+00	0.00e+00	0.00e+00	0.00e+00	1.04e-12	6.10e-13	2.03e-13
 2.03734e+13	2.18e-12	1.74e-02	9.83e-01	0.00e+00	0.00e+00	0.00e+00	0.00e+00	0.00e+00	0.00e+00	1.23e-12	7.16e-13	2.38e-13
 2.12182e+13	2.56e-12	1.89e-02	9.81e-01	0.00e+00	0.00e+00	0.00e+00	0.00e+00	0.00e+00	0.00e+00	1.44e-12	8.40e-13	2.80e-13
 2.20969e+13	3.00e-12	2.04e-02	9.80e-01	0.00e+00	0.00e+00	0.00e+00	0.00e+00	0.00e+00	0.00e+00	1.69e-12	9.86e-13	3.28e-13
 2.30107e+13	3.52e-12	2.21e-02	9.78e-01	0.00e+00	0.00e+00	0.00e+00	0.00e+00	0.00e+00	0.00e+00	1.98e-12	1.16e-12	3.85e-13
 2.39611e+13	4.14e-12	2.39e-02	9.76e-01	0.00e+00	0.00e+00	0.00e+00	0.00e+00	0.00e+00	0.00e+00	2.33e-12	1.36e-12	4.52e-13
 2.49494e+13	4.86e-12	2.59e-02	9.74e-01	0.00e+00	0.00e+00	0.00e+00	0.00e+00	0.00e+00	0.00e+00	2.73e-12	1.60e-12	5.31e-13
 2.59773e+13	5.71e-12	2.80e-02	9.72e-01	0.00e+00	0.00e+00	0.00e+00	0.00e+00	0.00e+00	0.00e+00	3.21e-12	1.87e-12	6.24e-13
 2.70464e+13	6.70e-12	3.04e-02	9.70e-01	0.00e+00	0.00e+00	0.00e+00	0.00e+00	0.00e+00	0.00e+00	3.77e-12	2.20e-12	7.33e-13
 2.81581e+13	7.87e-12	3.29e-02	9.67e-01	0.00e+00	0.00e+00	0.00e+00	0.00e+00	0.00e+00	0.00e+00	4.43e-12	2.59e-12	8.61e-13
 2.93144e+13	9.25e-12	3.56e-02	9.64e-01	0.00e+00	0.00e+00	0.00e+00	0.00e+00	0.00e+00	0.00e+00	5.20e-12	3.04e-12	1.01e-12
 3.05169e+13	1.09e-11	3.85e-02	9.61e-01	0.00e+00	0.00e+00	0.00e+00	0.00e+00	0.00e+00	0.00e+00	6.12e-12	3.57e-12	1.19e-12
 3.17675e+13	1.28e-11	4.17e-02	9.58e-01	0.00e+00	0.00e+00	0.00e+00	0.00e+00	0.00e+00	0.00e+00	7.19e-12	4.20e-12	1.40e-12
 3.30681e+13	1.50e-11	4.51e-02	9.55e-01	0.00e+00	0.00e+00	0.00e+00	0.00e+00	0.00e+00	0.00e+00	8.45e-12	4.94e-12	1.64e-12
 3.44208e+13	1.77e-11	4.88e-02	9.51e-01	0.00e+00	0.00e+00	0.00e+00	0.00e+00	0.00e+00	0.00e+00	9.94e-12	5.81e-12	1.93e-12
 3.58275e+13	2.08e-11	5.29e-02	9.47e-01	0.00e+00	0.00e+00	0.00e+00	0.00e+00	0.00e+00	0.00e+00	1.17e-11	6.83e-12	2.27e-12
 3.72906e+13	2.45e-11	5.72e-02	9.43e-01	0.00e+00	0.00e+00	0.00e+00	0.00e+00	0.00e+00	0.00e+00	1.38e-11	8.03e-12	2.67e-12
 3.88121e+13	2.88e-11	6.19e-02	9.38e-01	0.00e+00	0.00e+00	0.00e+00	0.00e+00	0.00e+00	0.00e+00	1.62e-11	9.45e-12	3.15e-12
 4.03945e+13	3.38e-11	6.69e-02	9.33e-01	0.00e+00	0.00e+00	0.00e+00	0.00e+00	0.00e+00	0.00e+00	1.90e-11	1.11e-11	3.70e-12
 4.20402e+13	3.98e-11	7.24e-02	9.28e-01	0.00e+00	0.00e+00	0.00e+00	0.00e+00	0.00e+00	0.00e+00	2.24e-11	1.31e-11	4.35e-12
 4.37518e+13	4.68e-11	7.83e-02	9.22e-01	0.00e+00	0.00e+00	0.00e+00	0.00e+00	0.00e+00	0.00e+00	2.63e-11	1.54e-11	5.12e-12
 4.55318e+13	5.51e-11	8.46e-02	9.15e-01	0.00e+00	0.00e+00	0.00e+00	0.00e+00	0.00e+00	0.00e+00	3.10e-11	1.81e-11	6.02e-12
 4.73830e+13	6.47e-11	9.14e-02	9.09e-01	0.00e+00	0.00e+00	0.00e+00	0.00e+00	0.00e+00	0.00e+00	3.64e-11	2.13e-11	7.08e-12
 4.93082e+13	7.61e-11	9.87e-02	9.01e-01	0.00e+00	0.00e+00	0.00e+00	0.00e+00	0.00e+00	0.00e+00	4.28e-11	2.50e-11	8.32e-12
 5.13105e+13	8.94e-11	1.07e-01	8.93e-01	0.00e+00	0.00e+00	0.00e+00	0.00e+00	0.00e+00	0.00e+00	5.03e-11	2.94e-11	9.77e-12
 5.33928e+13	1.05e-10	1.15e-01	8.85e-01	0.00e+00	0.00e+00	0.00e+00	0.00e+00	0.00e+00	0.00e+00	5.91e-11	3.45e-11	1.15e-11
 5.55584e+13	1.23e-10	1.24e-01	8.76e-01	0.00e+00	0.00e+00	0.00e+00	0.00e+00	0.00e+00	0.00e+00	6.94e-11	4.05e-11	1.35e-11
 5.78107e+13	1.45e-10	1.34e-01	8.66e-01	0.00e+00	0.00e+00	0.00e+00	0.00e+00	0.00e+00	0.00e+00	8.14e-11	4.75e-11	1.58e-11
 6.01531e+13	1.70e-10	1.44e-01	8.56e-01	0.00e+00	0.00e+00	0.00e+00	0.00e+00	0.00e+00	0.00e+00	9.55e-11	5.58e-11	1.86e-11
 6.25891e+13	1.99e-10	1.55e-01	8.45e-01	0.00e+00	0.00e+00	0.00e+00	0.00e+00	0.00e+00	0.00e+00	1.12e-10	6.53e-11	2.17e-11
 6.51226e+13	2.33e-10	1.66e-01	8.34e-01	0.00e+00	0.00e+00	0.00e+00	0.00e+00	0.00e+00	0.00e+00	1.31e-10	7.65e-11	2.55e-11
 6.77574e+13	2.72e-10	1.79e-01	8.21e-01	0.00e+00	0.00e+00	0.00e+00	0.00e+00	0.00e+00	0.00e+00	1.53e-10	8.95e-11	2.98e-11
 7.04977e+13	3.18e-10	1.92e-01	8.08e-01	0.00e+00	0.00e+00	0.00e+00	0.00e+00	0.00e+00	0.00e+00	1.79e-10	1.05e-10	3.48e-11
 7.33475e+13	3.71e-10	2.05e-01	7.95e-01	0.00e+00	0.00e+00	0.00e+00	0.00e+00	0.00e+00	0.00e+00	2.09e-10	1.22e-10	4.06e-11
 7.63113e+13	4.33e-10	2.20e-01	7.80e-01	0.00e+00	0.00e+00	0.00e+00	0.00e+00	0.00e+00	0.00e+00	2.43e-10	1.42e-10	4.73e-11
 7.93937e+13	5.04e-10	2.35e-01	7.65e-01	0.00e+00	0.00e+00	0.00e+00	0.00e+00	0.00e+00	0.00e+00	2.83e-10	1.65e-10	5.51e-11
 8.25994e+13	5.85e-10	2.51e-01	7.49e-01	0.00e+00	0.00e+00	0.00e+00	0.00e+00	0.00e+00	0.00e+00	3.29e-10	1.92e-10	6.40e-11
 8.59333e+13	6.80e-10	2.67e-01	7.33e-01	0.00e+00	0.00e+00	0.00e+00	0.00e+00	0.00e+00	0.00e+00	3.82e-10	2.23e-10	7.43e-11
 8.94005e+13	7.87e-10	2.84e-01	7.16e-01	0.00e+00	0.00e+00	0.00e+00	0.00e+00	0.00e+00	0.00e+00	4.43e-10	2.59e-10	8.61e-11
 9.30065e+13	9.11e-10	3.02e-01	6.98e-01	0.00e+00	0.00e+00	0.00e+00	0.00e+00	0.00e+00	0.00e+00	5.12e-10	2.99e-10	9.95e-11
 9.67567e+13	1.05e-09	3.20e-01	6.80e-01	0.00e+00	0.00e+00	0.00e+00	0.00e+00	0.00e+00	0.00e+00	5.91e-10	3.45e-10	1.15e-10
 1.00657e+14	1.21e-09	3.39e-01	6.61e-01	0.00e+00	0.00e+00	0.00e+00	0.00e+00	0.00e+00	0.00e+00	6.81e-10	3.98e-10	1.32e-10
 1.04713e+14	1.39e-09	3.59e-01	6.41e-01	0.00e+00	0.00e+00	0.00e+00	0.00e+00	0.00e+00	0.00e+00	7.84e-10	4.58e-10	1.52e-10
 1.08932e+14	1.60e-09	3.79e-01	6.21e-01	0.00e+00	0.00e+00	0.00e+00	0.00e+00	0.00e+00	0.00e+00	9.00e-10	5.26e-10	1.75e-10
 1.13319e+14	1.84e-09	3.99e-01	6.01e-01	0.00e+00	0.00e+00	0.00e+00	0.00e+00	0.00e+00	0.00e+00	1.03e-09	6.03e-10	2.01e-10
 1.17881e+14	2.10e-09	4.20e-01	5.80e-01	0.00e+00	0.00e+00	0.00e+00	0.00e+00	0.00e+00	0.00e+00	1.18e-09	6.90e-10	2.30e-10
 1.22627e+14	2.40e-09	4.41e-01	5.59e-01	0.00e+00	0.00e+00	0.00e+00	0.00e+00	0.00e+00	0.00e+00	1.35e-09	7.88e-10	2.62e-10
 1.27562e+14	2.73e-09	4.62e-01	5.38e-01	0.00e+00	0.00e+00	0.00e+00	0.00e+00	0.00e+00	0.00e+00	1.54e-09	8.98e-10	2.99e-10
 1.32694e+14	3.11e-09	4.83e-01	5.17e-01	0.00e+00	0.00e+00	0.00e+00	0.00e+00	0.00e+00	0.00e+00	1.75e-09	1.02e-09	3.40e-10
 1.38032e+14	3.53e-09	5.05e-01	4.95e-01	0.00e+00	0.00e+00	0.00e+00	0.00e+00	0.00e+00	0.00e+00	1.98e-09	1.16e-09	3.86e-10
 1.43583e+14	4.00e-09	5.26e-01	4.74e-01	0.00e+00	0.00e+00	0.00e+00	0.00e+00	0.00e+00	0.00e+00	2.25e-09	1.31e-09	4.37e-10
 1.49356e+14	4.52e-09	5.47e-01	4.53e-01	0.00e+00	0.00e+00	0.00e+00	0.00e+00	0.00e+00	0.00e+00	2.54e-09	1.49e-09	4.94e-10
 1.55360e+14	5.10e-09	5.68e-01	4.32e-01	0.00e+00	0.00e+00	0.00e+00	0.00e+00	0.00e+00	0.00e+00	2.87e-09	1.68e-09	5.58e-10
 1.61605e+14	5.75e-09	5.89e-01	4.11e-01	0.00e+00	0.00e+00	0.00e+00	0.00e+00	0.00e+00	0.00e+00	3.23e-09	1.89e-09	6.29e-10
 1.68099e+14	6.46e-09	6.09e-01	3.91e-01	0.00e+00	0.00e+00	0.00e+00	0.00e+00	0.00e+00	0.00e+00	3.63e-09	2.12e-09	7.06e-10
 1.74853e+14	7.26e-09	6.29e-01	3.71e-01	0.00e+00	0.00e+00	0.00e+00	0.00e+00	0.00e+00	0.00e+00	4.08e-09	2.38e-09	7.93e-10
 1.81877e+14	8.13e-09	6.49e-01	3.51e-01	0.00e+00	0.00e+00	0.00e+00	0.00e+00	0.00e+00	0.00e+00	4.57e-09	2.67e-09	8.89e-10
 1.89182e+14	9.09e-09	6.68e-01	3.32e-01	0.00e+00	0.00e+00	0.00e+00	0.00e+00	0.00e+00	0.00e+00	5.11e-09	2.99e-09	9.94e-10
 1.96779e+14	1.01e-08	6.87e-01	3.13e-01	0.00e+00	0.00e+00	0.00e+00	0.00e+00	0.00e+00	0.00e+00	5.71e-09	3.33e-09	1.11e-09
 2.04680e+14	1.13e-08	7.05e-01	2.95e-01	0.00e+00	0.00e+00	0.00e+00	0.00e+00	0.00e+00	0.00e+00	6.36e-09	3.72e-09	1.24e-09
 2.12897e+14	1.26e-08	7.22e-01	2.78e-01	0.00e+00	0.00e+00	0.00e+00	0.00e+00	0.00e+00	0.00e+00	7.08e-09	4.14e-09	1.38e-09
 2.21443e+14	1.40e-08	7.39e-01	2.61e-01	0.00e+00	0.00e+00	0.00e+00	0.00e+00	0.00e+00	0.00e+00	7.87e-09	4.60e-09	1.53e-09
 2.30330e+14	1.55e-08	7.55e-01	2.45e-01	0.00e+00	0.00e+00	0.00e+00	0.00e+00	0.00e+00	0.00e+00	8.73e-09	5.10e-09	1.70e-09
 2.39574e+14	1.72e-08	7.70e-01	2.30e-01	0.00e+00	0.00e+00	0.00e+00	0.00e+00	0.00e+00	0.00e+00	9.67e-09	5.65e-09	1.88e-09
 2.49186e+14	1.90e-08	7.85e-01	2.15e-01	0.00e+00	0.00e+00	0.00e+00	0.00e+00	0.00e+00	0.00e+00	1.07e-08	6.25e-09	2.08e-09
 2.59184e+14	2.10e-08	7.99e-01	2.01e-01	0.00e+00	0.00e+00	0.00e+00	0.00e+00	0.00e+00	0.00e+00	1.18e-08	6.91e-09	2.30e-09
 2.69581e+14	2.32e-08	8.13e-01	1.87e-01	0.00e+00	0.00e+00	0.00e+00	0.00e+00	0.00e+00	0.00e+00	1.31e-08	7.63e-09	2.54e-09
 2.80394e+14	2.56e-08	8.25e-01	1.75e-01	0.00e+00	0.00e+00	0.00e+00	0.00e+00	0.00e+00	0.00e+00	1.44e-08	8.41e-09	2.80e-09
 2.91640e+14	2.82e-08	8.37e-01	1.63e-01	0.00e+00	0.00e+00	0.00e+00	0.00e+00	0.00e+00	0.00e+00	1.59e-08	9.26e-09	3.08e-09
 3.03335e+14	3.10e-08	8.49e-01	1.51e-01	0.00e+00	0.00e+00	0.00e+00	0.00e+00	0.00e+00	0.00e+00	1.74e-08	1.02e-08	3.39e-09
 3.15499e+14	3.41e-08	8.59e-01	1.41e-01	0.00e+00	0.00e+00	0.00e+00	0.00e+00	0.00e+00	0.00e+00	1.92e-08	1.12e-08	3.73e-09
 3.28149e+14	3.74e-08	8.69e-01	1.31e-01	0.00e+00	0.00e+00	0.00e+00	0.00e+00	0.00e+00	0.00e+00	2.11e-08	1.23e-08	4.09e-09
 3.41305e+14	4.11e-08	8.79e-01	1.21e-01	0.00e+00	0.00e+00	0.00e+00	0.00e+00	0.00e+00	0.00e+00	2.31e-08	1.35e-08	4.49e-09
 3.54987e+14	4.50e-08	8.88e-01	1.12e-01	0.00e+00	0.00e+00	0.00e+00	0.00e+00	0.00e+00	0.00e+00	2.53e-08	1.48e-08	4.92e-09
 3.69216e+14	4.93e-08	8.96e-01	1.04e-01	0.00e+00	0.00e+00	0.00e+00	0.00e+00	0.00e+00	0.00e+00	2.77e-08	1.62e-08	5.39e-09
 3.84015e+14	5.40e-08	9.04e-01	9.62e-02	0.00e+00	0.00e+00	0.00e+00	0.00e+00	0.00e+00	0.00e+00	3.04e-08	1.77e-08	5.90e-09
 3.99405e+14	5.90e-08	9.11e-01	8.89e-02	0.00e+00	0.00e+00	0.00e+00	0.00e+00	0.00e+00	0.00e+00	3.32e-08	1.94e-08	6.45e-09
 4.15411e+14	6.45e-08	9.18e-01	8.21e-02	0.00e+00	0.00e+00	0.00e+00	0.00e+00	0.00e+00	0.00e+00	3.63e-08	2.12e-08	7.05e-09
 4.32058e+14	7.05e-08	9.24e-01	7.58e-02	0.00e+00	0.00e+00	0.00e+00	0.00e+00	0.00e+00	0.00e+00	3.96e-08	2.32e-08	7.71e-09
 4.49370e+14	7.70e-08	9.30e-01	7.00e-02	0.00e+00	0.00e+00	0.00e+00	0.00e+00	0.00e+00	0.00e+00	4.33e-08	2.53e-08	8.41e-09
 4.67375e+14	8.40e-08	9.35e-01	6.45e-02	0.00e+00	0.00e+00	0.00e+00	0.00e+00	0.00e+00	0.00e+00	4.72e-08	2.76e-08	9.18e-09
 4.86099e+14	9.15e-08	9.40e-01	5.95e-02	0.00e+00	0.00e+00	0.00e+00	0.00e+00	0.00e+00	0.00e+00	5.15e-08	3.01e-08	1.00e-08
 5.05573e+14	9.98e-08	9.45e-01	5.48e-02	0.00e+00	0.00e+00	0.00e+00	0.00e+00	0.00e+00	0.00e+00	5.61e-08	3.28e-08	1.09e-08
 5.25826e+14	1.09e-07	9.50e-01	5.05e-02	0.00e+00	0.00e+00	0.00e+00	0.00e+00	0.00e+00	0.00e+00	6.11e-08	3.57e-08	1.19e-08
 5.46889e+14	1.18e-07	9.54e-01	4.65e-02	0.00e+00	0.00e+00	0.00e+00	0.00e+00	0.00e+00	0.00e+00	6.65e-08	3.89e-08	1.29e-08
 5.68795e+14	1.29e-07	9.57e-01	4.27e-02	0.00e+00	0.00e+00	0.00e+00	0.00e+00	0.00e+00	0.00e+00	7.24e-08	4.23e-08	1.41e-08
 5.91576e+14	1.40e-07	9.61e-01	3.93e-02	0.00e+00	0.00e+00	0.00e+00	0.00e+00	0.00e+00	0.00e+00	7.88e-08	4.60e-08	1.53e-08
 6.15269e+14	1.53e-07	9.64e-01	3.61e-02	0.00e+00	0.00e+00	0.00e+00	0.00e+00	0.00e+00	0.00e+00	8.58e-08	5.01e-08	1.67e-08
 6.39910e+14	1.66e-07	9.67e-01	3.31e-02	0.00e+00	0.00e+00	0.00e+00	0.00e+00	0.00e+00	0.00e+00	9.33e-08	5.45e-08	1.81e-08
 6.65536e+14	1.80e-07	9.70e-01	3.04e-02	0.00e+00	0.00e+00	0.00e+00	0.00e+00	0.00e+00	0.00e+00	1.01e-07	5.93e-08	1.97e-08
 6.92188e+14	1.96e-07	9.72e-01	2.78e-02	0.00e+00	0.00e+00	0.00e+00	0.00e+00	0.00e+00	0.00e+00	1.10e-07	6.45e-08	2.15e-08
 7.19905e+14	2.13e-07	9.75e-01	2.55e-02	0.00e+00	0.00e+00	0.00e+00	0.00e+00	0.00e+00	0.00e+00	1.20e-07	7.01e-08	2.33e-08
 7.48731e+14	2.32e-07	9.77e-01	2.33e-02	0.00e+00	0.00e+00	0.00e+00	0.00e+00	0.00e+00	0.00e+00	1.31e-07	7.63e-08	2.54e-08
 7.78711e+14	2.52e-07	9.79e-01	2.13e-02	0.00e+00	0.00e+00	0.00e+00	0.00e+00	0.00e+00	0.00e+00	1.42e-07	8.29e-08	2.76e-08
 8.09889e+14	2.75e-07	9.81e-01	1.95e-02	0.00e+00	0.00e+00	0.00e+00	0.00e+00	0.00e+00	0.00e+00	1.54e-07	9.02e-08	3.00e-08
 8.42314e+14	2.99e-07	9.82e-01	1.78e-02	0.00e+00	0.00e+00	0.00e+00	0.00e+00	0.00e+00	0.00e+00	1.68e-07	9.81e-08	3.27e-08
 8.76037e+14	3.25e-07	9.84e-01	1.62e-02	0.00e+00	0.00e+00	0.00e+00	0.00e+00	0.00e+00	0.00e+00	1.83e-07	1.07e-07	3.55e-08
 9.11108e+14	3.53e-07	9.85e-01	1.48e-02	0.00e+00	0.00e+00	0.00e+00	0.00e+00	0.00e+00	0.00e+00	1.99e-07	1.16e-07	3.86e-08
 9.47583e+14	3.84e-07	9.87e-01	1.35e-02	0.00e+00	0.00e+00	0.00e+00	0.00e+00	0.00e+00	0.00e+00	2.16e-07	1.26e-07	4.19e-08
 9.85516e+14	4.17e-07	9.88e-01	1.23e-02	0.00e+00	0.00e+00	0.00e+00	0.00e+00	0.00e+00	0.00e+00	2.34e-07	1.37e-07	4.56e-08
 1.02497e+15	4.53e-07	9.89e-01	1.11e-02	0.00e+00	0.00e+00	0.00e+00	0.00e+00	0.00e+00	0.00e+00	2.55e-07	1.49e-07	4.95e-08
 1.06599e+15	4.92e-07	9.90e-01	1.01e-02	0.00e+00	0.00e+00	0.00e+00	0.00e+00	0.00e+00	0.00e+00	2.77e-07	1.62e-07	5.38e-08
 1.10866e+15	5.34e-07	9.91e-01	9.21e-03	0.00e+00	0.00e+00	0.00e+00	0.00e+00	0.00e+00	0.00e+00	3.00e-07	1.75e-07	5.84e-08
 1.15304e+15	5.80e-07	9.92e-01	8.36e-03	0.00e+00	0.00e+00	0.00e+00	0.00e+00	0.00e+00	0.00e+00	3.26e-07	1.91e-07	6.34e-08
 1.19919e+15	6.30e-07	9.92e-01	7.58e-03	0.00e+00	0.00e+00	0.00e+00	0.00e+00	0.00e+00	0.00e+00	3.54e-07	2.07e-07	6.88e-08
 1.24719e+15	6.83e-07	9.93e-01	6.87e-03	0.00e+00	0.00e+00	0.00e+00	0.00e+00	0.00e+00	0.00e+00	3.84e-07	2.24e-07	7.47e-08
 1.29711e+15	7.41e-07	9.94e-01	6.22e-03	0.00e+00	0.00e+00	0.00e+00	0.00e+00	0.00e+00	0.00e+00	4.17e-07	2.43e-07	8.11e-08
 1.34902e+15	8.04e-07	9.94e-01	5.63e-03	0.00e+00	0.00e+00	0.00e+00	0.00e+00	0.00e+00	0.00e+00	4.52e-07	2.64e-07	8.79e-08
 1.40301e+15	8.72e-07	9.95e-01	5.08e-03	0.00e+00	0.00e+00	0.00e+00	0.00e+00	0.00e+00	0.00e+00	4.90e-07	2.86e-07	9.54e-08
 1.45916e+15	9.46e-07	9.95e-01	4.59e-03	0.00e+00	0.00e+00	0.00e+00	0.00e+00	0.00e+00	0.00e+00	5.32e-07	3.11e-07	1.03e-07
 1.51756e+15	1.03e-06	9.96e-01	4.14e-03	0.00e+00	0.00e+00	0.00e+00	0.00e+00	0.00e+00	0.00e+00	5.76e-07	3.37e-07	1.12e-07
 1.57829e+15	1.11e-06	9.96e-01	3.73e-03	0.00e+00	0.00e+00	0.00e+00	0.00e+00	0.00e+00	0.00e+00	6.25e-07	3.65e-07	1.22e-07
 1.64145e+15	1.20e-06	9.97e-01	3.35e-03	0.00e+00	0.00e+00	0.00e+00	0.00e+00	0.00e+00	0.00e+00	6.77e-07	3.96e-07	1.32e-07
 1.70714e+15	1.31e-06	9.97e-01	3.01e-03	0.00e+00	0.00e+00	0.00e+00	0.00e+00	0.00e+00	0.00e+00	7.34e-07	4.29e-07	1.43e-07
 1.77546e+15	1.41e-06	9.97e-01	2.70e-03	0.00e+00	0.00e+00	0.00e+00	0.00e+00	0.00e+00	0.00e+00	7.95e-07	4.64e-07	1.55e-07
 1.84651e+15	1.53e-06	9.98e-01	2.42e-03	0.00e+00	0.00e+00	0.00e+00	0.00e+00	0.00e+00	0.00e+00	8.61e-07	5.03e-07	1.68e-07
 1.92040e+15	1.66e-06	9.98e-01	2.16e-03	0.00e+00	0.00e+00	0.00e+00	0.00e+00	0.00e+00	0.00e+00	9.32e-07	5.45e-07	1.81e-07
 1.99724e+15	1.80e-06	9.98e-01	1.93e-03	0.00e+00	0.00e+00	0.00e+00	0.00e+00	0.00e+00	0.00e+00	1.01e-06	5.90e-07	1.97e-07
 2.07716e+15	1.95e-06	9.98e-01	1.72e-03	0.00e+00	0.00e+00	0.00e+00	0.00e+00	0.00e+00	0.00e+00	1.09e-06	6.39e-07	2.13e-07
 2.16028e+15	2.11e-06	9.98e-01	1.52e-03	0.00e+00	0.00e+00	0.00e+00	0.00e+00	0.00e+00	0.00e+00	1.18e-06	6.92e-07	2.30e-07
 2.24672e+15	2.28e-06	9.99e-01	1.35e-03	0.00e+00	0.00e+00	0.00e+00	0.00e+00	0.00e+00	0.00e+00	1.28e-06	7.49e-07	2.50e-07
 2.33662e+15	2.47e-06	9.99e-01	1.19e-03	0.00e+00	0.00e+00	0.00e+00	0.00e+00	0.00e+00	0.00e+00	1.39e-06	8.11e-07	2.70e-07
 2.43011e+15	2.67e-06	9.99e-01	1.05e-03	0.00e+00	0.00e+00	0.00e+00	0.00e+00	0.00e+00	0.00e+00	1.50e-06	8.78e-07	2.92e-07
 2.52735e+15	2.89e-06	9.99e-01	9.24e-04	0.00e+00	0.00e+00	0.00e+00	0.00e+00	0.00e+00	0.00e+00	1.62e-06	9.50e-07	3.17e-07
 2.62847e+15	3.13e-06	9.99e-01	8.10e-04	0.00e+00	0.00e+00	0.00e+00	0.00e+00	0.00e+00	0.00e+00	1.76e-06	1.03e-06	3.43e-07
 2.73364e+15	3.38e-06	9.99e-01	7.07e-04	0.00e+00	0.00e+00	0.00e+00	0.00e+00	0.00e+00	0.00e+00	1.90e-06	1.11e-06	3.71e-07
 2.84301e+15	3.66e-06	9.99e-01	6.14e-04	0.00e+00	0.00e+00	0.00e+00	0.00e+00	0.00e+00	0.00e+00	2.06e-06	1.20e-06	4.01e-07
 2.95676e+15	3.96e-06	9.99e-01	5.32e-04	0.00e+00	0.00e+00	0.00e+00	0.00e+00	0.00e+00	0.00e+00	2.22e-06	1.30e-06	4.34e-07
 3.07507e+15	4.29e-06	1.00e+00	4.58e-04	0.00e+00	0.00e+00	0.00e+00	0.00e+00	0.00e+00	0.00e+00	2.41e-06	1.41e-06	4.70e-07
 3.19810e+15	4.63e-06	1.00e+00	3.93e-04	0.00e+00	0.00e+00	0.00e+00	0.00e+00	0.00e+00	0.00e+00	2.60e-06	1.53e-06	5.08e-07
 3.32605e+15	5.02e-06	1.00e+00	3.35e-04	0.00e+00	0.00e+00	0.00e+00	0.00e+00	0.00e+00	0.00e+00	2.81e-06	1.65e-06	5.50e-07
 3.45912e+15	5.42e-06	1.00e+00	2.83e-04	0.00e+00	0.00e+00	0.00e+00	0.00e+00	0.00e+00	0.00e+00	3.04e-06	1.79e-06	5.95e-07
 3.59752e+15	5.86e-06	1.00e+00	2.38e-04	0.00e+00	0.00e+00	0.00e+00	0.00e+00	0.00e+00	0.00e+00	3.29e-06	1.93e-06	6.44e-07
 3.73687e+15	6.32e-06	1.00e+00	1.99e-04	0.00e+00	0.00e+00	0.00e+00	0.00e+00	0.00e+00	0.00e+00	3.54e-06	2.08e-06	6.94e-07
 3.87133e+15	6.79e-06	1.00e+00	1.67e-04	0.00e+00	0.00e+00	0.00e+00	0.00e+00	0.00e+00	0.00e+00	3.81e-06	2.24e-06	7.46e-07
 3.99954e+15	7.24e-06	1.00e+00	1.41e-04	0.00e+00	0.00e+00	0.00e+00	0.00e+00	0.00e+00	0.00e+00	4.06e-06	2.39e-06	7.95e-07
 4.12262e+15	7.69e-06	1.00e+00	1.19e-04	0.00e+00	0.00e+00	0.00e+00	0.00e+00	0.00e+00	0.00e+00	4.31e-06	2.54e-06	8.45e-07
 4.24078e+15	8.13e-06	1.00e+00	1.01e-04	0.00e+00	0.00e+00	0.00e+00	0.00e+00	0.00e+00	0.00e+00	4.55e-06	2.68e-06	8.94e-07
 4.35266e+15	8.57e-06	1.00e+00	8.55e-05	0.00e+00	0.00e+00	0.00e+00	0.00e+00	0.00e+00	0.00e+00	4.80e-06	2.82e-06	9.43e-07
 4.45667e+15	8.97e-06	1.00e+00	7.28e-05	0.00e+00	0.00e+00	0.00e+00	0.00e+00	0.00e+00	0.00e+00	5.02e-06	2.96e-06	9.88e-07
 4.55221e+15	9.36e-06	1.00e+00	6.22e-05	0.00e+00	0.00e+00	0.00e+00	0.00e+00	0.00e+00	0.00e+00	5.24e-06	3.09e-06	1.03e-06
 4.63969e+15	9.71e-06	1.00e+00	5.34e-05	0.00e+00	0.00e+00	0.00e+00	0.00e+00	0.00e+00	0.00e+00	5.43e-06	3.20e-06	1.07e-06
 4.71933e+15	1.00e-05	1.00e+00	4.60e-05	0.00e+00	0.00e+00	0.00e+00	0.00e+00	0.00e+00	0.00e+00	5.62e-06	3.31e-06	1.11e-06
 4.79140e+15	1.03e-05	1.00e+00	3.98e-05	0.00e+00	0.00e+00	0.00e+00	0.00e+00	0.00e+00	0.00e+00	5.78e-06	3.41e-06	1.14e-06
 4.85599e+15	1.06e-05	1.00e+00	3.44e-05	0.00e+00	0.00e+00	0.00e+00	0.00e+00	0.00e+00	0.00e+00	5.94e-06	3.50e-06	1.17e-06
 4.91342e+15	1.09e-05	1.00e+00	2.99e-05	0.00e+00	0.00e+00	0.00e+00	0.00e+00	0.00e+00	0.00e+00	6.07e-06	3.58e-06	1.20e-06
 4.96447e+15	1.11e-05	1.00e+00	2.60e-05	0.00e+00	0.00e+00	0.00e+00	0.00e+00	0.00e+00	0.00e+00	6.19e-06	3.66e-06	1.22e-06
 5.00976e+15	1.13e-05	1.00e+00	2.27e-05	0.00e+00	0.00e+00	0.00e+00	0.00e+00	0.00e+00	0.00e+00	6.30e-06	3.72e-06	1.25e-06
 5.04972e+15	1.14e-05	1.00e+00	1.98e-05	0.00e+00	0.00e+00	0.00e+00	0.00e+00	0.00e+00	0.00e+00	6.39e-06	3.78e-06	1.26e-06
 5.08493e+15	1.16e-05	1.00e+00	1.72e-05	0.00e+00	0.00e+00	0.00e+00	0.00e+00	0.00e+00	0.00e+00	6.47e-06	3.82e-06	1.28e-06
 5.11591e+15	1.17e-05	1.00e+00	1.50e-05	0.00e+00	0.00e+00	0.00e+00	0.00e+00	0.00e+00	0.00e+00	6.55e-06	3.87e-06	1.30e-06
 5.14315e+15	1.18e-05	1.00e+00	1.30e-05	0.00e+00	0.00e+00	0.00e+00	0.00e+00	0.00e+00	0.00e+00	6.61e-06	3.90e-06	1.31e-06
 5.16711e+15	1.19e-05	1.00e+00	1.13e-05	0.00e+00	0.00e+00	0.00e+00	0.00e+00	0.00e+00	0.00e+00	6.66e-06	3.94e-06	1.32e-06
 5.18821e+15	1.20e-05	1.00e+00	9.71e-06	0.00e+00	0.00e+00	0.00e+00	0.00e+00	0.00e+00	0.00e+00	6.71e-06	3.96e-06	1.33e-06
 5.20680e+15	1.21e-05	1.00e+00	8.34e-06	0.00e+00	0.00e+00	0.00e+00	0.00e+00	0.00e+00	0.00e+00	6.74e-06	3.99e-06	1.34e-06
 5.22327e+15	1.21e-05	1.00e+00	7.13e-06	0.00e+00	0.00e+00	0.00e+00	0.00e+00	0.00e+00	0.00e+00	6.77e-06	4.00e-06	1.34e-06
 5.23792e+15	1.22e-05	1.00e+00	6.05e-06	0.00e+00	0.00e+00	0.00e+00	0.00e+00	0.00e+00	0.00e+00	6.80e-06	4.02e-06	1.35e-06
 5.25103e+15	1.22e-05	1.00e+00	5.09e-06	0.00e+00	0.00e+00	0.00e+00	0.00e+00	0.00e+00	0.00e+00	6.81e-06	4.03e-06	1.35e-06
 5.26283e+15	1.22e-05	1.00e+00	4.25e-06	0.00e+00	0.00e+00	0.00e+00	0.00e+00	0.00e+00	0.00e+00	6.82e-06	4.04e-06	1.35e-06
 5.27356e+15	1.22e-05	1.00e+00	3.52e-06	0.00e+00	0.00e+00	0.00e+00	0.00e+00	0.00e+00	0.00e+00	6.83e-06	4.04e-06	1.36e-06
 5.28344e+15	1.22e-05	1.00e+00	2.87e-06	0.00e+00	0.00e+00	0.00e+00	0.00e+00	0.00e+00	0.00e+00	6.83e-06	4.04e-06	1.36e-06
 5.29267e+15	1.22e-05	1.00e+00	2.32e-06	0.00e+00	0.00e+00	0.00e+00	0.00e+00	0.00e+00	0.00e+00	6.83e-06	4.04e-06	1.35e-06
 5.30149e+15	1.22e-05	1.00e+00	1.84e-06	0.00e+00	0.00e+00	0.00e+00	0.00e+00	0.00e+00	0.00e+00	6.82e-06	4.03e-06	1.35e-06
 5.31015e+15	1.22e-05	1.00e+00	1.43e-06	0.00e+00	0.00e+00	0.00e+00	0.00e+00	0.00e+00	0.00e+00	6.80e-06	4.02e-06	1.35e-06
 5.32007e+15	1.22e-05	1.00e+00	1.05e-06	0.00e+00	0.00e+00	0.00e+00	0.00e+00	0.00e+00	0.00e+00	6.79e-06	4.02e-06	1.35e-06
 5.33107e+15	1.21e-05	1.00e+00	7.18e-07	0.00e+00	0.00e+00	0.00e+00	0.00e+00	0.00e+00	0.00e+00	6.78e-06	4.02e-06	1.35e-06
 5.34346e+15	1.21e-05	1.00e+00	4.64e-07	0.00e+00	0.00e+00	0.00e+00	0.00e+00	0.00e+00	0.00e+00	6.77e-06	4.01e-06	1.34e-06
 5.35957e+15	1.21e-05	1.00e+00	2.62e-07	0.00e+00	0.00e+00	0.00e+00	0.00e+00	0.00e+00	0.00e+00	6.77e-06	4.01e-06	1.35e-06
 5.38052e+15	1.22e-05	1.00e+00	1.24e-07	0.00e+00	0.00e+00	0.00e+00	0.00e+00	0.00e+00	0.00e+00	6.80e-06	4.03e-06	1.35e-06
 5.40775e+15	1.23e-05	1.00e+00	4.75e-08	0.00e+00	0.00e+00	0.00e+00	0.00e+00	0.00e+00	0.00e+00	6.86e-06	4.06e-06	1.36e-06
 5.44314e+15	1.24e-05	1.00e+00	1.38e-08	0.00e+00	0.00e+00	0.00e+00	0.00e+00	0.00e+00	0.00e+00	6.94e-06	4.11e-06	1.38e-06
 5.48916e+15	1.26e-05	1.00e+00	2.82e-09	0.00e+00	0.00e+00	0.00e+00	0.00e+00	0.00e+00	0.00e+00	7.05e-06	4.18e-06	1.40e-06
 5.54898e+15	1.29e-05	1.00e+00	3.66e-10	0.00e+00	0.00e+00	0.00e+00	0.00e+00	0.00e+00	0.00e+00	7.21e-06	4.27e-06	1.43e-06
 5.62674e+15	1.33e-05	1.00e+00	2.69e-11	0.00e+00	0.00e+00	0.00e+00	0.00e+00	0.00e+00	0.00e+00	7.40e-06	4.39e-06	1.47e-06
 5.72784e+15	1.37e-05	1.00e+00	9.76e-13	0.00e+00	0.00e+00	0.00e+00	0.00e+00	0.00e+00	0.00e+00	7.67e-06	4.55e-06	1.53e-06
 5.85926e+15	1.44e-05	1.00e+00	1.57e-14	0.00e+00	0.00e+00	0.00e+00	0.00e+00	0.00e+00	0.00e+00	8.01e-06	4.75e-06	1.60e-06
 6.03011e+15	1.52e-05	1.00e+00	1.20e-16	0.00e+00	0.00e+00	0.00e+00	0.00e+00	0.00e+00	0.00e+00	8.47e-06	5.03e-06	1.69e-06
 6.24923e+15	1.63e-05	1.00e+00	5.98e-19	0.00e+00	0.00e+00	0.00e+00	0.00e+00	0.00e+00	0.00e+00	9.08e-06	5.40e-06	1.82e-06
 6.49923e+15	1.76e-05	1.00e+00	2.42e-21	0.00e+00	0.00e+00	0.00e+00	0.00e+00	0.00e+00	0.00e+00	9.80e-06	5.84e-06	1.97e-06
 6.75923e+15	1.90e-05	1.00e+00	0.00e+00	0.00e+00	0.00e+00	0.00e+00	0.00e+00	0.00e+00	0.00e+00	1.06e-05	6.31e-06	2.13e-06
 7.02963e+15	2.06e-05	1.00e+00	0.00e+00	0.00e+00	0.00e+00	0.00e+00	0.00e+00	0.00e+00	0.00e+00	1.14e-05	6.83e-06	2.31e-06
 7.31084e+15	2.22e-05	1.00e+00	0.00e+00	0.00e+00	0.00e+00	0.00e+00	0.00e+00	0.00e+00	0.00e+00	1.23e-05	7.37e-06	2.51e-06
 7.60331e+15	2.40e-05	1.00e+00	0.00e+00	0.00e+00	0.00e+00	0.00e+00	0.00e+00	0.00e+00	0.00e+00	1.33e-05	7.98e-06	2.72e-06
 7.90747e+15	2.59e-05	1.00e+00	0.00e+00	0.00e+00	0.00e+00	0.00e+00	0.00e+00	0.00e+00	0.00e+00	1.43e-05	8.63e-06	2.95e-06
 8.22380e+15	2.80e-05	1.00e+00	0.00e+00	0.00e+00	0.00e+00	0.00e+00	0.00e+00	0.00e+00	0.00e+00	1.55e-05	9.35e-06	3.20e-06
 8.55278e+15	3.03e-05	1.00e+00	0.00e+00	0.00e+00	0.00e+00	0.00e+00	0.00e+00	0.00e+00	0.00e+00	1.67e-05	1.01e-05	3.48e-06
 8.89492e+15	3.28e-05	1.00e+00	0.00e+00	0.00e+00	0.00e+00	0.00e+00	0.00e+00	0.00e+00	0.00e+00	1.80e-05	1.10e-05	3.78e-06
 9.25075e+15	3.55e-05	1.00e+00	0.00e+00	0.00e+00	0.00e+00	0.00e+00	0.00e+00	0.00e+00	0.00e+00	1.95e-05	1.19e-05	4.11e-06
 9.62081e+15	3.84e-05	1.00e+00	0.00e+00	0.00e+00	0.00e+00	0.00e+00	0.00e+00	0.00e+00	0.00e+00	2.10e-05	1.29e-05	4.48e-06
 1.00057e+16	4.15e-05	1.00e+00	0.00e+00	0.00e+00	0.00e+00	0.00e+00	0.00e+00	0.00e+00	0.00e+00	2.27e-05	1.39e-05	4.88e-06
 1.04059e+16	4.50e-05	1.00e+00	0.00e+00	0.00e+00	0.00e+00	0.00e+00	0.00e+00	0.00e+00	0.00e+00	2.46e-05	1.51e-05	5.32e-06
 1.08222e+16	4.87e-05	1.00e+00	0.00e+00	0.00e+00	0.00e+00	0.00e+00	0.00e+00	0.00e+00	0.00e+00	2.66e-05	1.64e-05	5.80e-06
 1.12551e+16	5.29e-05	1.00e+00	0.00e+00	0.00e+00	0.00e+00	0.00e+00	0.00e+00	0.00e+00	0.00e+00	2.88e-05	1.78e-05	6.34e-06
 1.17053e+16	5.73e-05	1.00e+00	0.00e+00	0.00e+00	0.00e+00	0.00e+00	0.00e+00	0.00e+00	0.00e+00	3.11e-05	1.93e-05	6.92e-06
 1.21736e+16	6.23e-05	1.00e+00	0.00e+00	0.00e+00	0.00e+00	0.00e+00	0.00e+00	0.00e+00	0.00e+00	3.37e-05	2.10e-05	7.58e-06
 1.26606e+16	6.76e-05	1.00e+00	0.00e+00	0.00e+00	0.00e+00	0.00e+00	0.00e+00	0.00e+00	0.00e+00	3.65e-05	2.28e-05	8.29e-06
 1.31670e+16	7.36e-05	1.00e+00	0.00e+00	0.00e+00	0.00e+00	0.00e+00	0.00e+00	0.00e+00	0.00e+00	3.97e-05	2.48e-05	9.09e-06
 1.36937e+16	8.01e-05	1.00e+00	0.00e+00	0.00e+00	0.00e+00	0.00e+00	0.00e+00	0.00e+00	0.00e+00	4.31e-05	2.70e-05	9.96e-06
 1.42415e+16	8.74e-05	1.00e+00	0.00e+00	0.00e+00	0.00e+00	0.00e+00	0.00e+00	0.00e+00	0.00e+00	4.70e-05	2.94e-05	1.09e-05
 1.48112e+16	9.54e-05	1.00e+00	0.00e+00	0.00e+00	0.00e+00	0.00e+00	0.00e+00	0.00e+00	0.00e+00	5.13e-05	3.20e-05	1.20e-05
 1.54037e+16	1.04e-04	1.00e+00	0.00e+00	0.00e+00	0.00e+00	0.00e+00	0.00e+00	0.00e+00	0.00e+00	5.62e-05	3.50e-05	1.32e-05
 1.60198e+16	1.14e-04	1.00e+00	0.00e+00	0.00e+00	0.00e+00	0.00e+00	0.00e+00	0.00e+00	0.00e+00	6.16e-05	3.82e-05	1.45e-05
 1.66607e+16	1.26e-04	1.00e+00	0.00e+00	0.00e+00	0.00e+00	0.00e+00	0.00e+00	0.00e+00	0.00e+00	6.79e-05	4.19e-05	1.60e-05
 1.73271e+16	1.39e-04	1.00e+00	0.00e+00	0.00e+00	0.00e+00	0.00e+00	0.00e+00	0.00e+00	0.00e+00	7.50e-05	4.59e-05	1.76e-05
 1.80202e+16	1.53e-04	1.00e+00	0.00e+00	0.00e+00	0.00e+00	0.00e+00	0.00e+00	0.00e+00	0.00e+00	8.34e-05	5.05e-05	1.95e-05
 1.87411e+16	1.70e-04	1.00e+00	0.00e+00	0.00e+00	0.00e+00	0.00e+00	0.00e+00	0.00e+00	0.00e+00	9.32e-05	5.57e-05	2.15e-05
 1.94908e+16	1.91e-04	1.00e+00	0.00e+00	0.00e+00	0.00e+00	0.00e+00	0.00e+00	0.00e+00	0.00e+00	1.05e-04	6.17e-05	2.37e-05
 2.02704e+16	2.14e-04	1.00e+00	0.00e+00	0.00e+00	0.00e+00	0.00e+00	0.00e+00	0.00e+00	0.00e+00	1.19e-04	6.87e-05	2.63e-05
 2.10813e+16	2.43e-04	1.00e+00	0.00e+00	0.00e+00	0.00e+00	0.00e+00	0.00e+00	0.00e+00	0.00e+00	1.37e-04	7.69e-05	2.91e-05
 2.19245e+16	2.79e-04	1.00e+00	0.00e+00	0.00e+00	0.00e+00	0.00e+00	0.00e+00	0.00e+00	0.00e+00	1.59e-04	8.69e-05	3.24e-05
 2.27428e+16	3.20e-04	1.00e+00	0.00e+00	0.00e+00	0.00e+00	0.00e+00	0.00e+00	0.00e+00	0.00e+00	1.86e-04	9.83e-05	3.59e-05
 2.34786e+16	3.66e-04	1.00e+00	0.00e+00	0.00e+00	0.00e+00	0.00e+00	0.00e+00	0.00e+00	0.00e+00	2.14e-04	1.12e-04	4.00e-05
 2.41471e+16	4.19e-04	1.00e+00	0.00e+00	0.00e+00	0.00e+00	0.00e+00	0.00e+00	0.00e+00	0.00e+00	2.46e-04	1.27e-04	4.45e-05
 2.47702e+16	4.79e-04	1.00e+00	0.00e+00	0.00e+00	0.00e+00	0.00e+00	0.00e+00	0.00e+00	0.00e+00	2.83e-04	1.46e-04	4.96e-05
