#depth	C	C+	C+2	C+3	C+4	C+5	C+6	C[1]	C[2]	C[3]	C+[1]	C+[2]	CO
 1.49634e+10	0.00e+00	1.47e-29	1.85e-20	5.25e-12	7.81e-03	9.06e-01	8.65e-02	0.00e+00	0.00e+00	0.00e+00	0.00e+00	0.00e+00	0.00e+00
 4.54887e+10	2.30e-39	2.09e-29	2.42e-20	6.32e-12	8.64e-03	9.11e-01	8.01e-02	0.00e+00	0.00e+00	0.00e+00	0.00e+00	0.00e+00	5.65e-128
 7.72350e+10	0.00e+00	2.98e-29	3.17e-20	7.60e-12	9.54e-03	9.16e-01	7.40e-02	0.00e+00	0.00e+00	0.00e+00	0.00e+00	0.00e+00	0.00e+00
 1.10251e+11	5.51e-39	4.24e-29	4.16e-20	9.15e-12	1.05e-02	9.21e-01	6.84e-02	0.00e+00	0.00e+00	0.00e+00	0.00e+00	0.00e+00	5.85e-127
 1.43464e+11	0.00e+00	5.98e-29	5.40e-20	1.09e-11	1.16e-02	9.25e-01	6.33e-02	0.00e+00	0.00e+00	0.00e+00	0.00e+00	0.00e+00	0.00e+00
 1.78005e+11	1.29e-38	8.44e-29	7.03e-20	1.31e-11	1.28e-02	9.29e-01	5.85e-02	0.00e+00	0.00e+00	0.00e+00	0.00e+00	0.00e+00	5.68e-126
 2.15052e+11	0.00e+00	1.21e-28	9.23e-20	1.58e-11	1.41e-02	9.32e-01	5.39e-02	0.00e+00	0.00e+00	0.00e+00	0.00e+00	0.00e+00	0.00e+00
 2.49911e+11	2.99e-38	1.66e-28	1.18e-19	1.87e-11	1.55e-02	9.35e-01	5.00e-02	0.00e+00	0.00e+00	0.00e+00	0.00e+00	0.00e+00	5.36e-125
 2.81186e+11	0.00e+00	2.20e-28	1.46e-19	2.16e-11	1.67e-02	9.36e-01	4.68e-02	0.00e+00	0.00e+00	0.00e+00	0.00e+00	0.00e+00	0.00e+00
 3.16381e+11	6.20e-38	3.00e-28	1.85e-19	2.54e-11	1.82e-02	9.38e-01	4.36e-02	0.00e+00	0.00e+00	0.00e+00	0.00e+00	0.00e+00	3.75e-124
 3.57963e+11	0.00e+00	4.25e-28	2.41e-19	3.04e-11	2.00e-02	9.40e-01	4.01e-02	0.00e+00	0.00e+00	0.00e+00	0.00e+00	0.00e+00	0.00e+00
 3.99579e+11	1.45e-37	5.96e-28	3.13e-19	3.63e-11	2.20e-02	9.41e-01	3.70e-02	0.00e+00	0.00e+00	0.00e+00	0.00e+00	0.00e+00	3.61e-123
 4.38730e+11	0.00e+00	8.15e-28	3.97e-19	4.27e-11	2.39e-02	9.42e-01	3.43e-02	0.00e+00	0.00e+00	0.00e+00	0.00e+00	0.00e+00	0.00e+00
 4.82076e+11	3.22e-37	1.13e-27	5.11e-19	5.07e-11	2.62e-02	9.42e-01	3.17e-02	0.00e+00	0.00e+00	0.00e+00	0.00e+00	0.00e+00	2.99e-122
 5.31286e+11	0.00e+00	1.63e-27	6.75e-19	6.13e-11	2.89e-02	9.42e-01	2.90e-02	0.00e+00	0.00e+00	0.00e+00	0.00e+00	0.00e+00	0.00e+00
 5.79862e+11	7.74e-37	2.31e-27	8.79e-19	7.33e-11	3.18e-02	9.42e-01	2.67e-02	0.00e+00	0.00e+00	0.00e+00	0.00e+00	0.00e+00	3.07e-121
 6.30381e+11	0.00e+00	3.26e-27	1.14e-18	8.78e-11	3.49e-02	9.41e-01	2.45e-02	0.00e+00	0.00e+00	0.00e+00	0.00e+00	0.00e+00	0.00e+00
 6.85523e+11	1.87e-36	4.70e-27	1.51e-18	1.06e-10	3.84e-02	9.39e-01	2.23e-02	0.00e+00	0.00e+00	0.00e+00	0.00e+00	0.00e+00	3.18e-120
 7.41132e+11	0.00e+00	6.70e-27	1.99e-18	1.28e-10	4.23e-02	9.37e-01	2.04e-02	0.00e+00	0.00e+00	0.00e+00	0.00e+00	0.00e+00	0.00e+00
 7.98964e+11	4.50e-36	9.56e-27	2.61e-18	1.53e-10	4.65e-02	9.35e-01	1.87e-02	0.00e+00	0.00e+00	0.00e+00	0.00e+00	0.00e+00	3.26e-119
 8.58502e+11	0.00e+00	1.36e-26	3.42e-18	1.84e-10	5.10e-02	9.32e-01	1.70e-02	0.00e+00	0.00e+00	0.00e+00	0.00e+00	0.00e+00	0.00e+00
 9.16751e+11	1.05e-35	1.90e-26	4.41e-18	2.19e-10	5.57e-02	9.29e-01	1.56e-02	0.00e+00	0.00e+00	0.00e+00	0.00e+00	0.00e+00	3.09e-118
 9.79678e+11	0.00e+00	2.69e-26	5.75e-18	2.62e-10	6.10e-02	9.25e-01	1.43e-02	0.00e+00	0.00e+00	0.00e+00	0.00e+00	0.00e+00	0.00e+00
 1.04879e+12	2.55e-35	3.89e-26	7.63e-18	3.17e-10	6.71e-02	9.20e-01	1.29e-02	0.00e+00	0.00e+00	0.00e+00	0.00e+00	0.00e+00	3.20e-117
 1.12067e+12	0.00e+00	5.61e-26	1.01e-17	3.83e-10	7.38e-02	9.14e-01	1.17e-02	0.00e+00	0.00e+00	0.00e+00	0.00e+00	0.00e+00	0.00e+00
 1.19542e+12	6.32e-35	8.10e-26	1.34e-17	4.64e-10	8.11e-02	9.08e-01	1.06e-02	0.00e+00	0.00e+00	0.00e+00	0.00e+00	0.00e+00	3.52e-116
 1.27317e+12	9.94e-35	1.17e-25	1.78e-17	5.61e-10	8.91e-02	9.01e-01	9.57e-03	0.00e+00	0.00e+00	0.00e+00	0.00e+00	0.00e+00	2.43e-98
 1.34342e+12	1.47e-34	1.61e-25	2.27e-17	6.62e-10	9.66e-02	8.95e-01	8.75e-03	0.00e+00	0.00e+00	0.00e+00	0.00e+00	0.00e+00	1.59e-282
 1.40186e+12	2.02e-34	2.08e-25	2.77e-17	7.56e-10	1.03e-01	8.89e-01	8.14e-03	0.00e+00	0.00e+00	0.00e+00	0.00e+00	0.00e+00	7.63e-115
 1.46584e+12	2.83e-34	2.73e-25	3.41e-17	8.70e-10	1.10e-01	8.82e-01	7.53e-03	0.00e+00	0.00e+00	0.00e+00	0.00e+00	0.00e+00	2.53e-97
 1.54701e+12	4.27e-34	3.81e-25	4.41e-17	1.03e-09	1.20e-01	8.73e-01	6.83e-03	0.00e+00	0.00e+00	0.00e+00	0.00e+00	0.00e+00	5.20e-280
 1.63171e+12	6.46e-34	5.33e-25	5.71e-17	1.23e-09	1.30e-01	8.64e-01	6.18e-03	0.00e+00	0.00e+00	0.00e+00	0.00e+00	0.00e+00	1.65e-113
 1.70661e+12	9.17e-34	7.08e-25	7.11e-17	1.42e-09	1.40e-01	8.55e-01	5.68e-03	0.00e+00	0.00e+00	0.00e+00	0.00e+00	0.00e+00	3.48e-96
 1.77649e+12	1.26e-33	9.15e-25	8.66e-17	1.63e-09	1.49e-01	8.46e-01	5.25e-03	0.00e+00	0.00e+00	0.00e+00	0.00e+00	0.00e+00	8.55e-281
 1.85627e+12	1.78e-33	1.21e-24	1.08e-16	1.88e-09	1.59e-01	8.36e-01	4.81e-03	0.00e+00	0.00e+00	0.00e+00	0.00e+00	0.00e+00	2.44e-112
 1.95436e+12	2.69e-33	1.70e-24	1.39e-16	2.24e-09	1.72e-01	8.23e-01	4.33e-03	0.00e+00	0.00e+00	0.00e+00	0.00e+00	0.00e+00	3.83e-95
 2.05209e+12	3.99e-33	2.33e-24	1.78e-16	2.64e-09	1.86e-01	8.10e-01	3.91e-03	0.00e+00	0.00e+00	0.00e+00	0.00e+00	0.00e+00	2.09e-111
 2.13695e+12	5.53e-33	3.04e-24	2.19e-16	3.02e-09	1.98e-01	7.99e-01	3.58e-03	0.00e+00	0.00e+00	0.00e+00	0.00e+00	0.00e+00	1.91e-94
 2.22923e+12	7.78e-33	4.01e-24	2.71e-16	3.49e-09	2.11e-01	7.86e-01	3.26e-03	0.00e+00	0.00e+00	0.00e+00	0.00e+00	0.00e+00	1.26e-110
 2.34198e+12	1.16e-32	5.55e-24	3.49e-16	4.12e-09	2.27e-01	7.70e-01	2.92e-03	0.00e+00	0.00e+00	0.00e+00	0.00e+00	0.00e+00	1.00e-93
 2.45718e+12	1.72e-32	7.63e-24	4.46e-16	4.85e-09	2.44e-01	7.54e-01	2.62e-03	0.00e+00	0.00e+00	0.00e+00	0.00e+00	0.00e+00	1.06e-109
 2.56289e+12	2.42e-32	1.01e-23	5.52e-16	5.58e-09	2.59e-01	7.39e-01	2.37e-03	0.00e+00	0.00e+00	0.00e+00	0.00e+00	0.00e+00	5.20e-93
 2.68044e+12	3.48e-32	1.35e-23	6.93e-16	6.48e-09	2.76e-01	7.22e-01	2.13e-03	0.00e+00	0.00e+00	0.00e+00	0.00e+00	0.00e+00	7.26e-109
 2.81678e+12	5.21e-32	1.88e-23	8.92e-16	7.65e-09	2.96e-01	7.02e-01	1.89e-03	0.00e+00	0.00e+00	0.00e+00	0.00e+00	0.00e+00	2.94e-92
 2.95127e+12	7.61e-32	2.55e-23	1.13e-15	8.93e-09	3.16e-01	6.83e-01	1.68e-03	0.00e+00	0.00e+00	0.00e+00	0.00e+00	0.00e+00	6.21e-108
 3.08000e+12	1.07e-31	3.37e-23	1.40e-15	1.03e-08	3.34e-01	6.64e-01	1.51e-03	0.00e+00	0.00e+00	0.00e+00	0.00e+00	0.00e+00	1.53e-91
 3.22197e+12	1.55e-31	4.52e-23	1.75e-15	1.19e-08	3.54e-01	6.45e-01	1.34e-03	0.00e+00	0.00e+00	0.00e+00	0.00e+00	0.00e+00	4.44e-107
 3.38077e+12	2.28e-31	6.18e-23	2.23e-15	1.39e-08	3.76e-01	6.23e-01	1.18e-03	0.00e+00	0.00e+00	0.00e+00	0.00e+00	0.00e+00	8.56e-91
 3.52509e+12	3.19e-31	8.10e-23	2.74e-15	1.59e-08	3.96e-01	6.03e-01	1.06e-03	0.00e+00	0.00e+00	0.00e+00	0.00e+00	0.00e+00	3.37e-106
 3.64646e+12	4.18e-31	1.01e-22	3.24e-15	1.77e-08	4.12e-01	5.87e-01	9.63e-04	0.00e+00	0.00e+00	0.00e+00	0.00e+00	0.00e+00	3.48e-90
 3.77988e+12	5.57e-31	1.27e-22	3.86e-15	1.98e-08	4.30e-01	5.70e-01	8.72e-04	0.00e+00	0.00e+00	0.00e+00	0.00e+00	0.00e+00	1.64e-105
 3.93049e+12	7.60e-31	1.63e-22	4.68e-15	2.23e-08	4.49e-01	5.50e-01	7.81e-04	0.00e+00	0.00e+00	0.00e+00	0.00e+00	0.00e+00	1.41e-89
 4.07469e+12	1.01e-30	2.05e-22	5.57e-15	2.49e-08	4.67e-01	5.33e-01	7.05e-04	0.00e+00	0.00e+00	0.00e+00	0.00e+00	0.00e+00	9.03e-105
 4.23338e+12	1.37e-30	2.62e-22	6.69e-15	2.80e-08	4.86e-01	5.14e-01	6.31e-04	0.00e+00	0.00e+00	0.00e+00	0.00e+00	0.00e+00	5.64e-89
 4.40965e+12	1.89e-30	3.39e-22	8.13e-15	3.16e-08	5.06e-01	4.93e-01	5.60e-04	0.00e+00	0.00e+00	0.00e+00	0.00e+00	0.00e+00	5.48e-104
 4.57482e+12	2.53e-30	4.27e-22	9.69e-15	3.53e-08	5.24e-01	4.75e-01	5.02e-04	0.00e+00	0.00e+00	0.00e+00	0.00e+00	0.00e+00	2.41e-88
 4.75560e+12	3.43e-30	5.44e-22	1.16e-14	3.95e-08	5.44e-01	4.56e-01	4.46e-04	0.00e+00	0.00e+00	0.00e+00	0.00e+00	0.00e+00	3.10e-103
 4.95890e+12	4.76e-30	7.07e-22	1.41e-14	4.46e-08	5.64e-01	4.35e-01	3.92e-04	0.00e+00	0.00e+00	0.00e+00	0.00e+00	0.00e+00	1.10e-87
 5.15309e+12	6.42e-30	8.97e-22	1.69e-14	4.98e-08	5.83e-01	4.16e-01	3.48e-04	0.00e+00	0.00e+00	0.00e+00	0.00e+00	0.00e+00	1.97e-102
 5.36605e+12	8.81e-30	1.15e-21	2.04e-14	5.58e-08	6.03e-01	3.97e-01	3.06e-04	0.00e+00	0.00e+00	0.00e+00	0.00e+00	0.00e+00	4.88e-87
 5.59178e+12	1.21e-29	1.49e-21	2.46e-14	6.26e-08	6.22e-01	3.77e-01	2.68e-04	0.00e+00	0.00e+00	0.00e+00	0.00e+00	0.00e+00	1.30e-101
 5.78927e+12	1.59e-29	1.84e-21	2.89e-14	6.89e-08	6.39e-01	3.61e-01	2.40e-04	0.00e+00	0.00e+00	0.00e+00	0.00e+00	0.00e+00	2.06e-86
 6.00008e+12	2.09e-29	2.29e-21	3.39e-14	7.59e-08	6.55e-01	3.45e-01	2.13e-04	0.00e+00	0.00e+00	0.00e+00	0.00e+00	0.00e+00	6.67e-101
 6.25658e+12	2.89e-29	2.95e-21	4.09e-14	8.49e-08	6.74e-01	3.26e-01	1.86e-04	0.00e+00	0.00e+00	0.00e+00	0.00e+00	0.00e+00	9.03e-86
 6.51205e+12	3.93e-29	3.76e-21	4.89e-14	9.44e-08	6.91e-01	3.09e-01	1.63e-04	0.00e+00	0.00e+00	0.00e+00	0.00e+00	0.00e+00	4.50e-100
 6.73772e+12	5.11e-29	4.63e-21	5.70e-14	1.03e-07	7.06e-01	2.94e-01	1.45e-04	0.00e+00	0.00e+00	0.00e+00	0.00e+00	0.00e+00	3.72e-85
 6.98506e+12	6.74e-29	5.75e-21	6.68e-14	1.13e-07	7.20e-01	2.80e-01	1.28e-04	0.00e+00	0.00e+00	0.00e+00	0.00e+00	0.00e+00	2.32e-99
 7.28232e+12	9.27e-29	7.38e-21	8.02e-14	1.26e-07	7.37e-01	2.63e-01	1.11e-04	0.00e+00	0.00e+00	0.00e+00	0.00e+00	0.00e+00	1.66e-84
 7.57917e+12	1.26e-28	9.38e-21	9.55e-14	1.40e-07	7.52e-01	2.48e-01	9.64e-05	0.00e+00	0.00e+00	0.00e+00	0.00e+00	0.00e+00	1.58e-98
 7.84897e+12	1.64e-28	1.16e-20	1.11e-13	1.52e-07	7.65e-01	2.35e-01	8.53e-05	0.00e+00	0.00e+00	0.00e+00	0.00e+00	0.00e+00	7.03e-84
 8.14894e+12	2.18e-28	1.44e-20	1.30e-13	1.67e-07	7.78e-01	2.22e-01	7.47e-05	0.00e+00	0.00e+00	0.00e+00	0.00e+00	0.00e+00	8.73e-98
 8.49983e+12	3.01e-28	1.85e-20	1.56e-13	1.85e-07	7.93e-01	2.07e-01	6.42e-05	0.00e+00	0.00e+00	0.00e+00	0.00e+00	0.00e+00	3.29e-83
 8.84634e+12	4.08e-28	2.35e-20	1.85e-13	2.04e-07	8.06e-01	1.94e-01	5.56e-05	0.00e+00	0.00e+00	0.00e+00	0.00e+00	0.00e+00	6.09e-97
 9.17374e+12	5.37e-28	2.91e-20	2.16e-13	2.23e-07	8.17e-01	1.83e-01	4.88e-05	0.00e+00	0.00e+00	0.00e+00	0.00e+00	0.00e+00	1.46e-82
 9.53764e+12	7.22e-28	3.66e-20	2.55e-13	2.44e-07	8.28e-01	1.72e-01	4.23e-05	0.00e+00	0.00e+00	0.00e+00	0.00e+00	0.00e+00	3.65e-96
 9.94908e+12	9.94e-28	4.70e-20	3.04e-13	2.70e-07	8.40e-01	1.60e-01	3.62e-05	0.00e+00	0.00e+00	0.00e+00	0.00e+00	0.00e+00	7.15e-82
 1.03624e+13	1.35e-27	5.96e-20	3.61e-13	2.96e-07	8.51e-01	1.49e-01	3.12e-05	0.00e+00	0.00e+00	0.00e+00	0.00e+00	0.00e+00	2.65e-95
 1.07922e+13	1.84e-27	7.57e-20	4.27e-13	3.25e-07	8.61e-01	1.39e-01	2.68e-05	0.00e+00	0.00e+00	0.00e+00	0.00e+00	0.00e+00	3.57e-81
 1.12538e+13	2.53e-27	9.67e-20	5.08e-13	3.58e-07	8.70e-01	1.30e-01	2.29e-05	0.00e+00	0.00e+00	0.00e+00	0.00e+00	0.00e+00	1.92e-94
 1.17339e+13	3.48e-27	1.23e-19	6.04e-13	3.93e-07	8.80e-01	1.20e-01	1.96e-05	0.00e+00	0.00e+00	0.00e+00	0.00e+00	0.00e+00	1.88e-80
 1.22064e+13	4.69e-27	1.55e-19	7.10e-13	4.30e-07	8.88e-01	1.12e-01	1.69e-05	0.00e+00	0.00e+00	0.00e+00	0.00e+00	0.00e+00	1.37e-93
 1.26459e+13	6.13e-27	1.91e-19	8.21e-13	4.65e-07	8.95e-01	1.05e-01	1.48e-05	0.00e+00	0.00e+00	0.00e+00	0.00e+00	0.00e+00	8.40e-80
 1.30426e+13	7.75e-27	2.29e-19	9.32e-13	4.98e-07	9.00e-01	9.98e-02	1.32e-05	0.00e+00	0.00e+00	0.00e+00	0.00e+00	0.00e+00	6.82e-93
 1.34678e+13	9.90e-27	2.76e-19	1.06e-12	5.34e-07	9.06e-01	9.42e-02	1.17e-05	0.00e+00	0.00e+00	0.00e+00	0.00e+00	0.00e+00	2.99e-79
 1.39973e+13	1.33e-26	3.46e-19	1.24e-12	5.81e-07	9.12e-01	8.78e-02	1.01e-05	0.00e+00	0.00e+00	0.00e+00	0.00e+00	0.00e+00	3.81e-92
 1.45283e+13	1.76e-26	4.29e-19	1.44e-12	6.30e-07	9.18e-01	8.20e-02	8.74e-06	0.00e+00	0.00e+00	0.00e+00	0.00e+00	0.00e+00	1.38e-78
 1.49847e+13	2.23e-26	5.14e-19	1.64e-12	6.73e-07	9.22e-01	7.75e-02	7.77e-06	0.00e+00	0.00e+00	0.00e+00	0.00e+00	0.00e+00	2.02e-91
 1.54784e+13	2.86e-26	6.21e-19	1.86e-12	7.21e-07	9.27e-01	7.31e-02	6.87e-06	0.00e+00	0.00e+00	0.00e+00	0.00e+00	0.00e+00	5.05e-78
 1.60876e+13	3.84e-26	7.78e-19	2.18e-12	7.83e-07	9.32e-01	6.80e-02	5.93e-06	0.00e+00	0.00e+00	0.00e+00	0.00e+00	0.00e+00	1.16e-90
 1.66966e+13	5.10e-26	9.66e-19	2.53e-12	8.47e-07	9.36e-01	6.35e-02	5.14e-06	0.00e+00	0.00e+00	0.00e+00	0.00e+00	0.00e+00	2.38e-77
 1.72226e+13	6.47e-26	1.16e-18	2.86e-12	9.04e-07	9.40e-01	6.00e-02	4.57e-06	0.00e+00	0.00e+00	0.00e+00	0.00e+00	0.00e+00	6.24e-90
 1.77907e+13	8.31e-26	1.40e-18	3.26e-12	9.68e-07	9.44e-01	5.64e-02	4.03e-06	0.00e+00	0.00e+00	0.00e+00	0.00e+00	0.00e+00	8.88e-77
 1.84891e+13	1.12e-25	1.75e-18	3.80e-12	1.05e-06	9.47e-01	5.25e-02	3.48e-06	0.00e+00	0.00e+00	0.00e+00	0.00e+00	0.00e+00	1.97e-76
 1.91939e+13	1.49e-25	2.18e-18	4.42e-12	1.13e-06	9.51e-01	4.90e-02	3.01e-06	0.00e+00	0.00e+00	0.00e+00	0.00e+00	0.00e+00	4.28e-76
 1.98184e+13	1.91e-25	2.63e-18	5.02e-12	1.21e-06	9.54e-01	4.61e-02	2.66e-06	0.00e+00	0.00e+00	0.00e+00	0.00e+00	0.00e+00	8.37e-76
 2.05014e+13	2.48e-25	3.20e-18	5.74e-12	1.30e-06	9.57e-01	4.33e-02	2.34e-06	0.00e+00	0.00e+00	0.00e+00	0.00e+00	0.00e+00	1.70e-75
 2.13201e+13	3.35e-25	4.03e-18	6.71e-12	1.41e-06	9.60e-01	4.02e-02	2.01e-06	0.00e+00	0.00e+00	0.00e+00	0.00e+00	0.00e+00	3.85e-75
 2.21359e+13	4.48e-25	5.02e-18	7.79e-12	1.52e-06	9.63e-01	3.74e-02	1.74e-06	0.00e+00	0.00e+00	0.00e+00	0.00e+00	0.00e+00	8.49e-75
 2.28792e+13	5.79e-25	6.09e-18	8.87e-12	1.62e-06	9.65e-01	3.51e-02	1.53e-06	0.00e+00	0.00e+00	0.00e+00	0.00e+00	0.00e+00	1.71e-74
 2.37079e+13	7.63e-25	7.50e-18	1.02e-11	1.75e-06	9.67e-01	3.29e-02	1.33e-06	0.00e+00	0.00e+00	0.00e+00	0.00e+00	0.00e+00	3.61e-74
 2.46748e+13	1.04e-24	9.48e-18	1.20e-11	1.89e-06	9.70e-01	3.04e-02	1.14e-06	0.00e+00	0.00e+00	0.00e+00	0.00e+00	0.00e+00	8.40e-74
 2.56275e+13	1.40e-24	1.18e-17	1.39e-11	2.05e-06	9.72e-01	2.83e-02	9.86e-07	0.00e+00	0.00e+00	0.00e+00	0.00e+00	0.00e+00	1.88e-73
 2.65297e+13	1.83e-24	1.45e-17	1.59e-11	2.19e-06	9.73e-01	2.65e-02	0.00e+00	0.00e+00	0.00e+00	0.00e+00	0.00e+00	0.00e+00	3.91e-73
 2.75320e+13	2.44e-24	1.80e-17	1.85e-11	2.36e-06	9.75e-01	2.47e-02	0.00e+00	0.00e+00	0.00e+00	0.00e+00	0.00e+00	0.00e+00	8.61e-73
 2.86632e+13	3.34e-24	2.28e-17	2.17e-11	2.56e-06	9.77e-01	2.28e-02	0.00e+00	0.00e+00	0.00e+00	0.00e+00	0.00e+00	0.00e+00	2.02e-72
 2.98001e+13	4.52e-24	2.87e-17	2.53e-11	2.77e-06	9.79e-01	2.12e-02	0.00e+00	0.00e+00	0.00e+00	0.00e+00	0.00e+00	0.00e+00	4.64e-72
 3.09824e+13	6.12e-24	3.61e-17	2.95e-11	3.00e-06	9.80e-01	1.97e-02	0.00e+00	0.00e+00	0.00e+00	0.00e+00	0.00e+00	0.00e+00	1.06e-71
 3.22516e+13	8.38e-24	4.57e-17	3.45e-11	3.25e-06	9.82e-01	1.82e-02	0.00e+00	0.00e+00	0.00e+00	0.00e+00	1.46e-17	3.10e-17	2.50e-71
 3.34811e+13	1.12e-23	5.69e-17	4.01e-11	3.50e-06	9.83e-01	1.69e-02	0.00e+00	0.00e+00	0.00e+00	0.00e+00	1.89e-17	3.80e-17	5.55e-71
 3.46380e+13	1.46e-23	6.95e-17	4.58e-11	3.75e-06	9.84e-01	1.58e-02	0.00e+00	0.00e+00	0.00e+00	0.00e+00	2.31e-17	4.64e-17	1.15e-70
 3.59318e+13	1.95e-23	8.62e-17	5.30e-11	4.04e-06	9.85e-01	1.47e-02	0.00e+00	0.00e+00	0.00e+00	0.00e+00	2.86e-17	5.76e-17	2.51e-70
 3.72355e+13	2.57e-23	1.06e-16	6.11e-11	4.34e-06	9.86e-01	1.37e-02	0.00e+00	0.00e+00	0.00e+00	0.00e+00	3.53e-17	7.11e-17	5.35e-70
 3.83189e+13	3.22e-23	1.26e-16	6.84e-11	4.60e-06	9.87e-01	1.30e-02	0.00e+00	0.00e+00	0.00e+00	0.00e+00	4.18e-17	8.41e-17	9.88e-70
 3.94663e+13	4.05e-23	1.50e-16	7.69e-11	4.88e-06	9.88e-01	1.23e-02	0.00e+00	0.00e+00	0.00e+00	0.00e+00	4.97e-17	1.00e-16	1.85e-69
 4.09321e+13	5.38e-23	1.86e-16	8.89e-11	5.25e-06	9.89e-01	1.14e-02	0.00e+00	0.00e+00	0.00e+00	0.00e+00	6.16e-17	1.24e-16	4.02e-69
 4.24691e+13	7.17e-23	2.31e-16	1.03e-10	5.66e-06	9.89e-01	1.06e-02	0.00e+00	0.00e+00	0.00e+00	0.00e+00	7.65e-17	1.54e-16	8.89e-69
 4.38300e+13	9.18e-23	2.78e-16	1.17e-10	6.03e-06	9.90e-01	9.96e-03	0.00e+00	0.00e+00	0.00e+00	0.00e+00	9.22e-17	1.86e-16	1.73e-68
 4.53045e+13	1.19e-22	3.37e-16	1.33e-10	6.45e-06	9.91e-01	9.33e-03	0.00e+00	0.00e+00	0.00e+00	0.00e+00	1.12e-16	2.25e-16	3.48e-68
 4.70756e+13	1.60e-22	4.23e-16	1.55e-10	6.98e-06	9.91e-01	8.64e-03	0.00e+00	0.00e+00	0.00e+00	0.00e+00	1.40e-16	2.83e-16	7.85e-68
 4.88690e+13	2.14e-22	5.27e-16	1.80e-10	7.53e-06	9.92e-01	8.02e-03	0.00e+00	0.00e+00	0.00e+00	0.00e+00	1.75e-16	3.52e-16	1.74e-67
 5.05506e+13	2.79e-22	6.43e-16	2.06e-10	8.07e-06	9.93e-01	7.49e-03	0.00e+00	0.00e+00	0.00e+00	0.00e+00	2.13e-16	4.30e-16	3.56e-67
 5.21733e+13	3.56e-22	7.75e-16	2.34e-10	8.60e-06	9.93e-01	7.03e-03	0.00e+00	0.00e+00	0.00e+00	0.00e+00	2.57e-16	5.18e-16	6.94e-67
 5.40059e+13	4.66e-22	9.49e-16	2.69e-10	9.24e-06	9.93e-01	6.56e-03	0.00e+00	0.00e+00	0.00e+00	0.00e+00	3.15e-16	6.34e-16	1.44e-66
 5.60277e+13	6.20e-22	1.18e-15	3.12e-10	9.96e-06	9.94e-01	6.09e-03	0.00e+00	0.00e+00	0.00e+00	0.00e+00	3.91e-16	7.88e-16	3.13e-66
 5.78932e+13	8.00e-22	1.43e-15	3.55e-10	1.06e-05	9.94e-01	5.70e-03	0.00e+00	0.00e+00	0.00e+00	0.00e+00	4.74e-16	9.55e-16	6.26e-66
 5.99161e+13	1.04e-21	1.75e-15	4.08e-10	1.14e-05	9.95e-01	5.32e-03	0.00e+00	0.00e+00	0.00e+00	0.00e+00	5.80e-16	1.17e-15	1.29e-65
 6.21748e+13	1.39e-21	2.18e-15	4.73e-10	1.23e-05	9.95e-01	4.93e-03	0.00e+00	0.00e+00	0.00e+00	0.00e+00	7.21e-16	1.45e-15	2.81e-65
 6.42975e+13	1.81e-21	2.65e-15	5.42e-10	1.32e-05	9.95e-01	4.61e-03	0.00e+00	0.00e+00	0.00e+00	0.00e+00	8.79e-16	1.77e-15	5.72e-65
 6.66142e+13	2.38e-21	3.26e-15	6.25e-10	1.42e-05	9.96e-01	4.29e-03	0.00e+00	0.00e+00	0.00e+00	0.00e+00	1.08e-15	2.18e-15	1.21e-64
 6.91877e+13	3.19e-21	4.08e-15	7.28e-10	1.54e-05	9.96e-01	3.97e-03	0.00e+00	0.00e+00	0.00e+00	0.00e+00	1.35e-15	2.73e-15	2.68e-64
 7.15922e+13	4.16e-21	4.99e-15	8.35e-10	1.65e-05	9.96e-01	3.70e-03	0.00e+00	0.00e+00	0.00e+00	0.00e+00	1.65e-15	3.34e-15	5.51e-64
 7.42022e+13	5.49e-21	6.16e-15	9.64e-10	1.78e-05	9.97e-01	3.44e-03	0.00e+00	0.00e+00	0.00e+00	0.00e+00	2.04e-15	4.12e-15	1.17e-63
 7.71188e+13	7.40e-21	7.73e-15	1.13e-09	1.92e-05	9.97e-01	3.18e-03	0.00e+00	0.00e+00	0.00e+00	0.00e+00	2.56e-15	5.17e-15	2.64e-63
 7.98936e+13	9.74e-21	9.52e-15	1.30e-09	2.07e-05	9.97e-01	2.96e-03	0.00e+00	0.00e+00	0.00e+00	0.00e+00	3.15e-15	6.36e-15	5.57e-63
 8.28609e+13	1.29e-20	1.18e-14	1.50e-09	2.23e-05	9.97e-01	2.75e-03	0.00e+00	0.00e+00	0.00e+00	0.00e+00	3.91e-15	7.89e-15	1.20e-62
 8.62052e+13	1.76e-20	1.49e-14	1.76e-09	2.42e-05	9.97e-01	2.53e-03	0.00e+00	0.00e+00	0.00e+00	0.00e+00	4.93e-15	9.95e-15	2.77e-62
 8.95036e+13	2.35e-20	1.86e-14	2.05e-09	2.62e-05	9.98e-01	2.35e-03	0.00e+00	0.00e+00	0.00e+00	0.00e+00	6.15e-15	1.24e-14	6.12e-62
 9.29339e+13	3.15e-20	2.32e-14	2.38e-09	2.83e-05	9.98e-01	2.17e-03	0.00e+00	0.00e+00	0.00e+00	0.00e+00	7.68e-15	1.55e-14	1.36e-61
 9.64513e+13	4.20e-20	2.88e-14	2.77e-09	3.05e-05	9.98e-01	2.01e-03	0.00e+00	0.00e+00	0.00e+00	0.00e+00	9.55e-15	1.93e-14	2.98e-61
 9.97119e+13	5.44e-20	3.51e-14	3.16e-09	3.26e-05	9.98e-01	1.88e-03	0.00e+00	0.00e+00	0.00e+00	0.00e+00	1.16e-14	2.35e-14	6.04e-61
 1.03333e+14	7.18e-20	4.33e-14	3.65e-09	3.51e-05	9.98e-01	1.75e-03	0.00e+00	0.00e+00	0.00e+00	0.00e+00	1.43e-14	2.90e-14	1.29e-60
 1.07309e+14	9.63e-20	5.41e-14	4.25e-09	3.80e-05	9.98e-01	1.62e-03	0.00e+00	0.00e+00	0.00e+00	0.00e+00	1.79e-14	3.62e-14	2.87e-60
 1.10988e+14	1.25e-19	6.60e-14	4.86e-09	4.07e-05	9.98e-01	1.51e-03	0.00e+00	0.00e+00	0.00e+00	0.00e+00	2.18e-14	4.42e-14	5.89e-60
 1.14218e+14	1.57e-19	7.82e-14	5.46e-09	4.31e-05	9.99e-01	1.43e-03	0.00e+00	0.00e+00	0.00e+00	0.00e+00	2.59e-14	5.23e-14	1.09e-59
 1.17638e+14	1.97e-19	9.31e-14	6.14e-09	4.58e-05	9.99e-01	1.34e-03	0.00e+00	0.00e+00	0.00e+00	0.00e+00	3.08e-14	6.23e-14	2.04e-59
 1.21977e+14	2.62e-19	1.15e-13	7.10e-09	4.93e-05	9.99e-01	1.25e-03	0.00e+00	0.00e+00	0.00e+00	0.00e+00	3.81e-14	7.71e-14	4.41e-59
 1.26374e+14	3.45e-19	1.42e-13	8.18e-09	5.30e-05	9.99e-01	1.16e-03	0.00e+00	0.00e+00	0.00e+00	0.00e+00	4.70e-14	9.51e-14	9.41e-59
 1.30088e+14	4.33e-19	1.69e-13	9.19e-09	5.62e-05	9.99e-01	1.10e-03	0.00e+00	0.00e+00	0.00e+00	0.00e+00	5.57e-14	1.13e-13	1.75e-58
 1.34055e+14	5.48e-19	2.01e-13	1.04e-08	5.98e-05	9.99e-01	1.03e-03	0.00e+00	0.00e+00	0.00e+00	0.00e+00	6.66e-14	1.35e-13	3.33e-58
 1.39038e+14	7.29e-19	2.50e-13	1.20e-08	6.44e-05	9.99e-01	9.57e-04	0.00e+00	0.00e+00	0.00e+00	0.00e+00	8.26e-14	1.67e-13	7.28e-58
 1.44187e+14	9.69e-19	3.10e-13	1.39e-08	6.93e-05	9.99e-01	8.89e-04	0.00e+00	0.00e+00	0.00e+00	0.00e+00	1.02e-13	2.08e-13	1.59e-57
 1.48724e+14	1.24e-18	3.72e-13	1.57e-08	7.38e-05	9.99e-01	8.35e-04	0.00e+00	0.00e+00	0.00e+00	0.00e+00	1.23e-13	2.49e-13	3.10e-57
 1.53624e+14	1.59e-18	4.51e-13	1.79e-08	7.89e-05	9.99e-01	7.81e-04	0.00e+00	0.00e+00	0.00e+00	0.00e+00	1.49e-13	3.02e-13	6.22e-57
 1.59536e+14	2.14e-18	5.64e-13	2.08e-08	8.52e-05	9.99e-01	7.23e-04	0.00e+00	0.00e+00	0.00e+00	0.00e+00	1.86e-13	3.78e-13	1.40e-56
 1.65397e+14	2.84e-18	6.98e-13	2.41e-08	9.17e-05	9.99e-01	6.73e-04	0.00e+00	0.00e+00	0.00e+00	0.00e+00	2.30e-13	4.68e-13	3.05e-56
 1.70604e+14	3.62e-18	8.38e-13	2.72e-08	9.76e-05	9.99e-01	6.31e-04	0.00e+00	0.00e+00	0.00e+00	0.00e+00	2.77e-13	5.62e-13	5.93e-56
 1.76330e+14	4.68e-18	1.02e-12	3.11e-08	1.04e-04	9.99e-01	5.90e-04	0.00e+00	0.00e+00	0.00e+00	0.00e+00	3.36e-13	6.83e-13	1.21e-55
 1.83173e+14	6.30e-18	1.28e-12	3.62e-08	1.13e-04	9.99e-01	5.46e-04	0.00e+00	0.00e+00	0.00e+00	0.00e+00	4.21e-13	8.56e-13	2.73e-55
 1.89968e+14	8.37e-18	1.58e-12	4.19e-08	1.22e-04	9.99e-01	5.07e-04	0.00e+00	0.00e+00	0.00e+00	0.00e+00	5.21e-13	1.06e-12	5.97e-55
 1.96149e+14	1.08e-17	1.91e-12	4.77e-08	1.30e-04	9.99e-01	4.75e-04	0.00e+00	0.00e+00	0.00e+00	0.00e+00	6.30e-13	1.28e-12	1.19e-54
 2.03032e+14	1.41e-17	2.34e-12	5.48e-08	1.39e-04	9.99e-01	4.42e-04	0.00e+00	0.00e+00	0.00e+00	0.00e+00	7.71e-13	1.57e-12	2.49e-54
 2.11075e+14	1.90e-17	2.94e-12	6.40e-08	1.51e-04	9.99e-01	4.08e-04	0.00e+00	0.00e+00	0.00e+00	0.00e+00	9.69e-13	1.98e-12	5.69e-54
 2.18989e+14	2.52e-17	3.66e-12	7.43e-08	1.63e-04	9.99e-01	3.78e-04	0.00e+00	0.00e+00	0.00e+00	0.00e+00	1.20e-12	2.45e-12	1.25e-53
 2.26420e+14	3.27e-17	4.45e-12	8.49e-08	1.75e-04	9.99e-01	3.53e-04	0.00e+00	0.00e+00	0.00e+00	0.00e+00	1.46e-12	2.99e-12	2.55e-53
 2.34706e+14	4.30e-17	5.49e-12	9.83e-08	1.88e-04	9.99e-01	3.27e-04	0.00e+00	0.00e+00	0.00e+00	0.00e+00	1.80e-12	3.69e-12	5.43e-53
 2.44124e+14	5.83e-17	6.92e-12	1.15e-07	2.04e-04	9.99e-01	3.02e-04	0.00e+00	4.80e-18	1.44e-17	2.41e-17	2.27e-12	4.65e-12	1.26e-52
 2.53516e+14	7.76e-17	8.62e-12	1.34e-07	2.21e-04	9.99e-01	2.79e-04	0.00e+00	6.39e-18	1.92e-17	3.21e-17	2.83e-12	5.79e-12	2.77e-52
 2.62562e+14	1.02e-16	1.06e-11	1.55e-07	2.38e-04	1.00e+00	2.59e-04	0.00e+00	8.37e-18	2.51e-17	4.20e-17	3.47e-12	7.11e-12	5.86e-52
 2.70415e+14	1.27e-16	1.26e-11	1.74e-07	2.54e-04	1.00e+00	2.43e-04	0.00e+00	1.05e-17	3.14e-17	5.25e-17	4.12e-12	8.44e-12	1.09e-51
 2.76992e+14	1.52e-16	1.44e-11	1.92e-07	2.67e-04	1.00e+00	2.31e-04	0.00e+00	1.26e-17	3.77e-17	6.30e-17	4.74e-12	9.70e-12	1.80e-51
 2.84306e+14	1.85e-16	1.68e-11	2.13e-07	2.82e-04	9.99e-01	2.19e-04	0.00e+00	1.53e-17	4.59e-17	7.67e-17	5.51e-12	1.13e-11	3.10e-51
 2.93814e+14	2.37e-16	2.03e-11	2.44e-07	3.03e-04	9.99e-01	2.04e-04	0.00e+00	1.96e-17	5.88e-17	9.82e-17	6.66e-12	1.37e-11	6.16e-51
 3.03831e+14	3.04e-16	2.46e-11	2.79e-07	3.25e-04	9.99e-01	1.90e-04	0.00e+00	2.51e-17	7.55e-17	1.26e-16	8.07e-12	1.66e-11	1.24e-50
 3.12463e+14	3.75e-16	2.89e-11	3.13e-07	3.46e-04	9.99e-01	1.79e-04	0.00e+00	3.09e-17	9.29e-17	1.55e-16	9.48e-12	1.95e-11	2.21e-50
 3.21641e+14	4.64e-16	3.41e-11	3.52e-07	3.68e-04	9.99e-01	1.68e-04	0.00e+00	3.83e-17	1.15e-16	1.92e-16	1.12e-11	2.30e-11	4.01e-50
 3.33379e+14	6.04e-16	4.19e-11	4.08e-07	3.98e-04	9.99e-01	1.55e-04	0.00e+00	4.99e-17	1.50e-16	2.51e-16	1.37e-11	2.82e-11	8.39e-50
 3.45467e+14	7.83e-16	5.13e-11	4.71e-07	4.30e-04	9.99e-01	1.44e-04	0.00e+00	6.48e-17	1.95e-16	3.25e-16	1.68e-11	3.45e-11	1.74e-49
 3.55814e+14	9.71e-16	6.07e-11	5.32e-07	4.59e-04	9.99e-01	1.35e-04	0.00e+00	8.04e-17	2.41e-16	4.03e-16	1.99e-11	4.08e-11	3.19e-49
 3.66879e+14	1.21e-15	7.21e-11	6.03e-07	4.92e-04	9.99e-01	1.26e-04	0.00e+00	1.00e-16	3.01e-16	5.02e-16	2.36e-11	4.85e-11	5.94e-49
 3.80611e+14	1.57e-15	8.88e-11	7.00e-07	5.34e-04	9.99e-01	1.16e-04	0.00e+00	1.31e-16	3.92e-16	6.55e-16	2.90e-11	5.97e-11	1.26e-48
 3.94699e+14	2.04e-15	1.09e-10	8.13e-07	5.79e-04	9.99e-01	1.07e-04	0.00e+00	1.69e-16	5.08e-16	8.50e-16	3.56e-11	7.33e-11	2.64e-48
 4.07245e+14	2.55e-15	1.30e-10	9.24e-07	6.21e-04	9.99e-01	1.00e-04	0.00e+00	2.11e-16	6.35e-16	1.06e-15	4.24e-11	8.73e-11	4.98e-48
 4.20897e+14	3.20e-15	1.56e-10	1.06e-06	6.70e-04	9.99e-01	9.30e-05	0.00e+00	2.66e-16	7.99e-16	1.34e-15	5.09e-11	1.05e-10	9.63e-48
 4.37200e+14	4.18e-15	1.92e-10	1.23e-06	7.29e-04	9.99e-01	8.55e-05	0.00e+00	3.48e-16	1.05e-15	1.75e-15	6.29e-11	1.30e-10	2.09e-47
 4.53275e+14	5.37e-15	2.35e-10	1.43e-06	7.92e-04	9.99e-01	7.89e-05	0.00e+00	4.48e-16	1.34e-15	2.25e-15	7.68e-11	1.58e-10	4.34e-47
 4.67731e+14	6.66e-15	2.79e-10	1.63e-06	8.50e-04	9.99e-01	7.35e-05	0.00e+00	5.55e-16	1.67e-15	2.79e-15	9.12e-11	1.88e-10	8.16e-47
 4.83756e+14	8.39e-15	3.36e-10	1.86e-06	9.18e-04	9.99e-01	6.82e-05	0.00e+00	7.01e-16	2.10e-15	3.52e-15	1.10e-10	2.26e-10	1.62e-46
 5.02684e+14	1.09e-14	4.14e-10	2.18e-06	1.00e-03	9.99e-01	6.26e-05	0.00e+00	9.11e-16	2.74e-15	4.57e-15	1.35e-10	2.79e-10	3.51e-46
 5.21387e+14	1.40e-14	5.05e-10	2.53e-06	1.09e-03	9.99e-01	5.76e-05	0.00e+00	1.17e-15	3.51e-15	5.86e-15	1.65e-10	3.40e-10	7.36e-46
 5.38663e+14	1.74e-14	6.03e-10	2.89e-06	1.17e-03	9.99e-01	5.36e-05	0.00e+00	1.46e-15	4.37e-15	7.30e-15	1.97e-10	4.06e-10	1.43e-45
 5.58064e+14	2.20e-14	7.30e-10	3.33e-06	1.27e-03	9.99e-01	4.95e-05	0.00e+00	1.85e-15	5.55e-15	9.27e-15	2.39e-10	4.92e-10	2.93e-45
 5.80416e+14	2.86e-14	9.03e-10	3.90e-06	1.39e-03	9.99e-01	4.53e-05	0.00e+00	2.40e-15	7.22e-15	1.21e-14	2.95e-10	6.08e-10	6.50e-45
 6.02281e+14	3.65e-14	1.10e-09	4.53e-06	1.52e-03	9.98e-01	4.17e-05	0.00e+00	3.07e-15	9.23e-15	1.54e-14	3.61e-10	7.42e-10	1.38e-44
 6.25020e+14	4.66e-14	1.35e-09	5.26e-06	1.65e-03	9.98e-01	3.84e-05	0.00e+00	3.93e-15	1.18e-14	1.97e-14	4.40e-10	9.05e-10	2.95e-44
 6.50050e+14	6.04e-14	1.66e-09	6.16e-06	1.81e-03	9.98e-01	3.52e-05	0.00e+00	5.10e-15	1.53e-14	2.56e-14	5.44e-10	1.12e-09	6.60e-44
 6.71213e+14	7.45e-14	1.97e-09	7.01e-06	1.94e-03	9.98e-01	3.28e-05	0.00e+00	6.29e-15	1.89e-14	3.16e-14	6.46e-10	1.33e-09	1.27e-43
 6.86665e+14	8.64e-14	2.23e-09	7.68e-06	2.05e-03	9.98e-01	3.12e-05	0.00e+00	7.31e-15	2.19e-14	3.66e-14	7.30e-10	1.50e-09	2.03e-43
 7.02881e+14	1.01e-13	2.53e-09	8.43e-06	2.16e-03	9.98e-01	2.96e-05	0.00e+00	8.52e-15	2.56e-14	4.27e-14	8.28e-10	1.70e-09	3.29e-43
 7.23963e+14	1.22e-13	2.96e-09	9.50e-06	2.31e-03	9.98e-01	2.77e-05	0.00e+00	1.03e-14	3.11e-14	5.19e-14	9.70e-10	1.99e-09	6.06e-43
 7.47223e+14	1.50e-13	3.51e-09	1.08e-05	2.48e-03	9.97e-01	2.58e-05	0.00e+00	1.27e-14	3.83e-14	6.39e-14	1.15e-09	2.36e-09	1.19e-42
 7.68751e+14	1.73e-13	4.09e-09	1.21e-05	2.65e-03	9.97e-01	2.43e-05	0.00e+00	1.47e-14	4.41e-14	7.37e-14	1.34e-09	2.75e-09	2.12e-42
 7.92174e+14	2.10e-13	4.81e-09	1.36e-05	2.84e-03	9.97e-01	2.27e-05	0.00e+00	1.79e-14	5.36e-14	8.95e-14	1.58e-09	3.23e-09	4.00e-42
 8.18499e+14	2.59e-13	5.73e-09	1.55e-05	3.06e-03	9.97e-01	2.12e-05	0.00e+00	2.20e-14	6.61e-14	1.10e-13	1.88e-09	3.85e-09	8.04e-42
 8.43552e+14	3.13e-13	6.74e-09	1.75e-05	3.28e-03	9.97e-01	1.98e-05	0.00e+00	2.67e-14	8.01e-14	1.34e-13	2.21e-09	4.53e-09	1.53e-41
 8.71079e+14	3.84e-13	8.01e-09	1.99e-05	3.53e-03	9.96e-01	1.85e-05	0.00e+00	3.27e-14	9.83e-14	1.64e-13	2.63e-09	5.38e-09	3.05e-41
 9.01874e+14	4.79e-13	9.68e-09	2.29e-05	3.81e-03	9.96e-01	1.72e-05	0.00e+00	4.09e-14	1.23e-13	2.05e-13	3.18e-09	6.50e-09	6.46e-41
 9.31137e+14	5.85e-13	1.15e-08	2.59e-05	4.10e-03	9.96e-01	1.61e-05	0.00e+00	5.01e-14	1.50e-13	2.51e-13	3.77e-09	7.71e-09	1.28e-40
 9.63401e+14	7.27e-13	1.38e-08	2.97e-05	4.43e-03	9.96e-01	1.49e-05	0.00e+00	6.23e-14	1.87e-13	3.12e-13	4.54e-09	9.28e-09	2.68e-40
 9.99559e+14	9.18e-13	1.69e-08	3.45e-05	4.82e-03	9.95e-01	1.39e-05	0.00e+00	7.87e-14	2.36e-13	3.95e-13	5.56e-09	1.14e-08	5.96e-40
 1.03362e+15	1.13e-12	2.03e-08	3.94e-05	5.20e-03	9.95e-01	1.29e-05	0.00e+00	9.72e-14	2.92e-13	4.87e-13	6.66e-09	1.36e-08	1.23e-39
 1.07073e+15	1.42e-12	2.46e-08	4.53e-05	5.63e-03	9.94e-01	1.20e-05	0.00e+00	1.22e-13	3.66e-13	6.10e-13	8.09e-09	1.65e-08	2.64e-39
 1.11209e+15	1.80e-12	3.03e-08	5.27e-05	6.13e-03	9.94e-01	1.11e-05	0.00e+00	1.55e-13	4.64e-13	7.75e-13	9.97e-09	2.03e-08	6.02e-39
 1.15080e+15	2.23e-12	3.65e-08	6.04e-05	6.62e-03	9.93e-01	1.04e-05	0.00e+00	1.92e-13	5.76e-13	9.62e-13	1.20e-08	2.45e-08	1.26e-38
 1.19252e+15	2.79e-12	4.45e-08	6.96e-05	7.17e-03	9.93e-01	9.71e-06	0.00e+00	2.41e-13	7.22e-13	1.21e-12	1.46e-08	2.98e-08	2.71e-38
 1.23920e+15	3.54e-12	5.50e-08	8.11e-05	7.82e-03	9.92e-01	9.02e-06	0.00e+00	3.06e-13	9.19e-13	1.53e-12	1.81e-08	3.69e-08	6.24e-38
 1.28408e+15	4.43e-12	6.71e-08	9.36e-05	8.47e-03	9.91e-01	8.44e-06	0.00e+00	3.83e-13	1.15e-12	1.92e-12	2.21e-08	4.50e-08	1.35e-37
 1.33182e+15	5.57e-12	8.22e-08	1.08e-04	9.19e-03	9.91e-01	7.89e-06	0.00e+00	4.82e-13	1.45e-12	2.42e-12	2.71e-08	5.51e-08	2.97e-37
 1.38512e+15	7.08e-12	1.02e-07	1.27e-04	1.00e-02	9.90e-01	7.37e-06	0.00e+00	6.14e-13	1.84e-12	3.08e-12	3.37e-08	6.86e-08	6.96e-37
 1.42982e+15	8.57e-12	1.22e-07	1.44e-04	1.08e-02	9.89e-01	6.97e-06	0.00e+00	7.45e-13	2.23e-12	3.73e-12	4.03e-08	8.20e-08	1.38e-36
 1.46192e+15	9.81e-12	1.38e-07	1.57e-04	1.13e-02	9.89e-01	6.72e-06	0.00e+00	8.53e-13	2.56e-12	4.27e-12	4.57e-08	9.28e-08	2.22e-36
 1.49544e+15	1.13e-11	1.57e-07	1.72e-04	1.19e-02	9.88e-01	6.47e-06	0.00e+00	9.84e-13	2.95e-12	4.93e-12	5.19e-08	1.05e-07	3.61e-36
 1.53901e+15	1.36e-11	1.85e-07	1.93e-04	1.27e-02	9.87e-01	6.15e-06	0.00e+00	1.18e-12	3.55e-12	5.92e-12	6.10e-08	1.24e-07	6.70e-36
 1.58759e+15	1.64e-11	2.20e-07	2.19e-04	1.36e-02	9.86e-01	5.85e-06	0.00e+00	1.43e-12	4.30e-12	7.17e-12	7.27e-08	1.47e-07	1.30e-35
 1.63303e+15	1.96e-11	2.58e-07	2.45e-04	1.45e-02	9.85e-01	5.60e-06	0.00e+00	1.71e-12	5.12e-12	8.55e-12	8.53e-08	1.73e-07	2.37e-35
 1.68248e+15	2.35e-11	3.06e-07	2.77e-04	1.55e-02	9.84e-01	5.35e-06	0.00e+00	2.05e-12	6.16e-12	1.03e-11	1.01e-07	2.05e-07	4.49e-35
 1.73781e+15	2.86e-11	3.68e-07	3.15e-04	1.67e-02	9.83e-01	5.11e-06	0.00e+00	2.49e-12	7.49e-12	1.25e-11	1.21e-07	2.46e-07	8.89e-35
 1.78991e+15	3.44e-11	4.35e-07	3.55e-04	1.78e-02	9.82e-01	4.90e-06	0.00e+00	3.01e-12	9.02e-12	1.51e-11	1.44e-07	2.91e-07	1.66e-34
 1.84677e+15	4.17e-11	5.20e-07	4.03e-04	1.91e-02	9.80e-01	4.69e-06	0.00e+00	3.65e-12	1.09e-11	1.83e-11	1.72e-07	3.48e-07	3.21e-34
 1.91060e+15	5.13e-11	6.31e-07	4.62e-04	2.06e-02	9.79e-01	4.48e-06	0.00e+00	4.50e-12	1.35e-11	2.25e-11	2.08e-07	4.22e-07	6.52e-34
 1.97132e+15	6.20e-11	7.54e-07	5.24e-04	2.21e-02	9.77e-01	4.31e-06	0.00e+00	5.44e-12	1.63e-11	2.72e-11	2.49e-07	5.05e-07	1.25e-33
 2.03809e+15	7.62e-11	9.13e-07	6.00e-04	2.38e-02	9.76e-01	4.14e-06	0.00e+00	6.68e-12	2.01e-11	3.35e-11	3.02e-07	6.11e-07	2.51e-33
 2.11223e+15	9.45e-11	1.12e-06	6.93e-04	2.58e-02	9.74e-01	3.97e-06	0.00e+00	8.30e-12	2.49e-11	4.16e-11	3.70e-07	7.49e-07	5.23e-33
 2.18105e+15	1.15e-10	1.34e-06	7.90e-04	2.77e-02	9.72e-01	3.84e-06	0.00e+00	1.01e-11	3.03e-11	5.05e-11	4.45e-07	9.00e-07	1.01e-32
 2.25561e+15	1.41e-10	1.63e-06	9.06e-04	2.99e-02	9.69e-01	3.71e-06	0.00e+00	1.24e-11	3.72e-11	6.21e-11	5.39e-07	1.09e-06	2.00e-32
 2.33871e+15	1.75e-10	2.00e-06	1.05e-03	3.24e-02	9.67e-01	3.58e-06	0.00e+00	1.55e-11	4.64e-11	7.74e-11	6.63e-07	1.34e-06	4.16e-32
 2.41634e+15	2.14e-10	2.42e-06	1.20e-03	3.48e-02	9.64e-01	3.47e-06	0.00e+00	1.89e-11	5.66e-11	9.44e-11	8.01e-07	1.62e-06	8.06e-32
 2.50068e+15	2.66e-10	2.96e-06	1.38e-03	3.77e-02	9.61e-01	3.37e-06	0.00e+00	2.35e-11	7.05e-11	1.18e-10	9.79e-07	1.98e-06	1.62e-31
 2.59054e+15	3.31e-10	3.62e-06	1.59e-03	4.08e-02	9.58e-01	3.27e-06	0.00e+00	2.93e-11	8.78e-11	1.46e-10	1.20e-06	2.42e-06	3.29e-31
 2.66938e+15	3.99e-10	4.31e-06	1.80e-03	4.36e-02	9.55e-01	3.20e-06	0.00e+00	3.53e-11	1.06e-10	1.77e-10	1.43e-06	2.88e-06	5.96e-31
 2.73715e+15	4.66e-10	4.98e-06	2.00e-03	4.62e-02	9.52e-01	3.14e-06	0.00e+00	4.13e-11	1.24e-10	2.07e-10	1.65e-06	3.33e-06	9.75e-31
 2.80873e+15	5.50e-10	5.80e-06	2.22e-03	4.90e-02	9.49e-01	3.08e-06	0.00e+00	4.88e-11	1.46e-10	2.44e-10	1.92e-06	3.88e-06	1.64e-30
 2.88927e+15	6.57e-10	6.83e-06	2.49e-03	5.22e-02	9.45e-01	3.02e-06	0.00e+00	5.83e-11	1.75e-10	2.92e-10	2.26e-06	4.56e-06	2.86e-30
 2.96615e+15	7.78e-10	7.95e-06	2.78e-03	5.54e-02	9.42e-01	2.97e-06	0.00e+00	6.90e-11	2.07e-10	3.46e-10	2.64e-06	5.32e-06	4.76e-30
 3.05080e+15	9.34e-10	9.39e-06	3.13e-03	5.91e-02	9.38e-01	2.91e-06	0.00e+00	8.30e-11	2.49e-10	4.15e-10	3.11e-06	6.28e-06	8.32e-30
 3.14306e+15	1.13e-09	1.12e-05	3.53e-03	6.33e-02	9.33e-01	2.85e-06	0.00e+00	1.00e-10	3.01e-10	5.03e-10	3.70e-06	7.46e-06	1.48e-29
 3.22778e+15	1.34e-09	1.30e-05	3.94e-03	6.72e-02	9.29e-01	2.81e-06	0.00e+00	1.19e-10	3.58e-10	5.98e-10	4.32e-06	8.71e-06	2.45e-29
 3.32048e+15	1.62e-09	1.54e-05	4.44e-03	7.18e-02	9.24e-01	2.76e-06	0.00e+00	1.44e-10	4.32e-10	7.21e-10	5.11e-06	1.03e-05	4.26e-29
 3.42329e+15	1.97e-09	1.84e-05	5.04e-03	7.70e-02	9.18e-01	2.71e-06	0.00e+00	1.76e-10	5.27e-10	8.78e-10	6.11e-06	1.23e-05	7.61e-29
 3.52053e+15	2.37e-09	2.17e-05	5.67e-03	8.20e-02	9.12e-01	2.67e-06	0.00e+00	2.12e-10	6.35e-10	1.06e-09	7.20e-06	1.45e-05	1.28e-28
 3.62820e+15	2.90e-09	2.60e-05	6.44e-03	8.80e-02	9.06e-01	2.62e-06	0.00e+00	2.59e-10	7.78e-10	1.30e-09	8.63e-06	1.74e-05	2.30e-28
 3.74524e+15	3.58e-09	3.13e-05	7.36e-03	9.47e-02	8.98e-01	2.58e-06	0.00e+00	3.20e-10	9.61e-10	1.60e-09	1.04e-05	2.09e-05	4.12e-28
 3.85114e+15	4.32e-09	3.69e-05	8.27e-03	1.01e-01	8.91e-01	2.54e-06	0.00e+00	3.87e-10	1.16e-09	1.94e-09	1.22e-05	2.46e-05	6.83e-28
 3.96548e+15	5.34e-09	4.40e-05	9.39e-03	1.08e-01	8.83e-01	2.52e-06	0.00e+00	4.79e-10	1.44e-09	2.40e-09	1.46e-05	2.94e-05	1.19e-27
 4.09149e+15	6.54e-09	5.29e-05	1.07e-02	1.16e-01	8.73e-01	2.46e-06	0.00e+00	5.87e-10	1.76e-09	2.94e-09	1.76e-05	3.53e-05	2.10e-27
 4.20836e+15	7.95e-09	6.25e-05	1.21e-02	1.24e-01	8.64e-01	2.42e-06	0.00e+00	7.15e-10	2.15e-09	3.58e-09	2.08e-05	4.17e-05	3.47e-27
 4.33599e+15	9.99e-09	7.51e-05	1.38e-02	1.33e-01	8.53e-01	2.40e-06	0.00e+00	9.00e-10	2.70e-09	4.50e-09	2.49e-05	5.01e-05	6.08e-27
 4.47521e+15	1.23e-08	9.06e-05	1.58e-02	1.43e-01	8.41e-01	2.34e-06	0.00e+00	1.11e-09	3.33e-09	5.56e-09	3.01e-05	6.05e-05	1.06e-26
 4.59563e+15	1.49e-08	1.06e-04	1.77e-02	1.52e-01	8.30e-01	2.30e-06	0.00e+00	1.34e-09	4.03e-09	6.72e-09	3.52e-05	7.08e-05	1.67e-26
 4.70076e+15	1.75e-08	1.22e-04	1.96e-02	1.60e-01	8.20e-01	2.27e-06	0.00e+00	1.58e-09	4.75e-09	7.91e-09	4.04e-05	8.11e-05	2.49e-26
 4.81986e+15	2.12e-08	1.42e-04	2.19e-02	1.70e-01	8.08e-01	2.23e-06	0.00e+00	1.92e-09	5.75e-09	9.59e-09	4.73e-05	9.49e-05	3.97e-26
 4.95392e+15	2.62e-08	1.68e-04	2.48e-02	1.81e-01	7.94e-01	2.19e-06	0.00e+00	2.37e-09	7.11e-09	1.19e-08	5.60e-05	1.12e-04	6.49e-26
 5.07812e+15	3.15e-08	1.96e-04	2.77e-02	1.92e-01	7.81e-01	2.17e-06	0.00e+00	2.86e-09	8.57e-09	1.43e-08	6.51e-05	1.31e-04	9.87e-26
 5.19186e+15	3.74e-08	2.25e-04	3.06e-02	2.02e-01	7.68e-01	2.13e-06	0.00e+00	3.40e-09	1.02e-08	1.70e-08	7.47e-05	1.50e-04	1.46e-25
 5.32131e+15	4.51e-08	2.63e-04	3.44e-02	2.13e-01	7.52e-01	2.08e-06	0.00e+00	4.10e-09	1.23e-08	2.05e-08	8.77e-05	1.76e-04	2.23e-25
 5.46261e+15	5.60e-08	3.11e-04	3.89e-02	2.27e-01	7.34e-01	2.06e-06	0.00e+00	5.10e-09	1.53e-08	2.55e-08	1.04e-04	2.07e-04	3.56e-25
 5.59044e+15	6.63e-08	3.59e-04	4.34e-02	2.39e-01	7.17e-01	2.01e-06	0.00e+00	6.04e-09	1.81e-08	3.02e-08	1.20e-04	2.40e-04	5.26e-25
 5.70764e+15	7.86e-08	4.11e-04	4.79e-02	2.50e-01	7.01e-01	1.97e-06	0.00e+00	7.16e-09	2.15e-08	3.58e-08	1.37e-04	2.74e-04	7.63e-25
 5.83993e+15	9.58e-08	4.81e-04	5.37e-02	2.64e-01	6.82e-01	1.93e-06	0.00e+00	8.75e-09	2.62e-08	4.37e-08	1.60e-04	3.21e-04	1.18e-24
 5.98529e+15	1.19e-07	5.67e-04	6.07e-02	2.79e-01	6.60e-01	1.89e-06	0.00e+00	1.09e-08	3.26e-08	5.44e-08	1.89e-04	3.78e-04	1.86e-24
 6.11786e+15	1.44e-07	6.56e-04	6.78e-02	2.93e-01	6.39e-01	1.86e-06	0.00e+00	1.32e-08	3.95e-08	6.59e-08	2.18e-04	4.38e-04	2.75e-24
 6.24124e+15	1.70e-07	7.52e-04	7.51e-02	3.06e-01	6.19e-01	1.82e-06	0.00e+00	1.56e-08	4.67e-08	7.79e-08	2.50e-04	5.01e-04	3.97e-24
 6.38248e+15	2.12e-07	8.87e-04	8.47e-02	3.21e-01	5.93e-01	1.78e-06	0.00e+00	1.95e-08	5.84e-08	9.74e-08	2.96e-04	5.92e-04	6.33e-24
 6.53194e+15	2.60e-07	1.04e-03	9.56e-02	3.37e-01	5.67e-01	1.73e-06	0.00e+00	2.39e-08	7.16e-08	1.19e-07	3.47e-04	6.94e-04	9.66e-24
 6.66259e+15	3.13e-07	1.20e-03	1.06e-01	3.51e-01	5.42e-01	1.69e-06	0.00e+00	2.88e-08	8.64e-08	1.44e-07	4.00e-04	8.01e-04	1.42e-23
 6.78386e+15	3.81e-07	1.38e-03	1.18e-01	3.63e-01	5.17e-01	1.67e-06	0.00e+00	3.50e-08	1.05e-07	1.75e-07	4.60e-04	9.20e-04	2.08e-23
 6.92244e+15	4.73e-07	1.62e-03	1.33e-01	3.78e-01	4.88e-01	1.63e-06	0.00e+00	4.36e-08	1.31e-07	2.18e-07	5.40e-04	1.08e-03	3.31e-23
 7.06798e+15	5.75e-07	1.89e-03	1.49e-01	3.92e-01	4.57e-01	1.57e-06	0.00e+00	5.30e-08	1.59e-07	2.65e-07	6.31e-04	1.26e-03	5.00e-23
 7.19141e+15	6.92e-07	2.17e-03	1.65e-01	4.04e-01	4.29e-01	1.54e-06	0.00e+00	6.38e-08	1.91e-07	3.19e-07	7.24e-04	1.45e-03	7.32e-23
 7.29812e+15	8.27e-07	2.46e-03	1.80e-01	4.13e-01	4.04e-01	1.52e-06	0.00e+00	7.63e-08	2.29e-07	3.81e-07	8.19e-04	1.64e-03	1.04e-22
 7.39834e+15	9.51e-07	2.75e-03	1.96e-01	4.21e-01	3.81e-01	1.48e-06	0.00e+00	8.79e-08	2.64e-07	4.39e-07	9.15e-04	1.83e-03	1.42e-22
 7.51271e+15	1.15e-06	3.10e-03	2.15e-01	4.29e-01	3.53e-01	1.43e-06	0.00e+00	1.06e-07	3.18e-07	5.30e-07	1.03e-03	2.07e-03	2.01e-22
 7.64058e+15	1.43e-06	3.67e-03	2.40e-01	4.37e-01	3.19e-01	1.39e-06	0.00e+00	1.32e-07	3.96e-07	6.61e-07	1.22e-03	2.45e-03	3.42e-22
 7.73435e+15	1.63e-06	4.05e-03	2.58e-01	4.41e-01	2.97e-01	1.37e-06	0.00e+00	1.51e-07	4.54e-07	7.57e-07	1.35e-03	2.70e-03	4.51e-22
 7.79154e+15	1.79e-06	4.33e-03	2.71e-01	4.43e-01	2.82e-01	1.35e-06	0.00e+00	1.66e-07	4.99e-07	8.31e-07	1.44e-03	2.89e-03	5.52e-22
 7.85281e+15	2.00e-06	4.67e-03	2.85e-01	4.45e-01	2.66e-01	1.33e-06	0.00e+00	1.85e-07	5.55e-07	9.25e-07	1.56e-03	3.11e-03	6.99e-22
 7.93246e+15	2.29e-06	5.13e-03	3.04e-01	4.46e-01	2.45e-01	1.28e-06	0.00e+00	2.13e-07	6.38e-07	1.06e-06	1.71e-03	3.42e-03	9.36e-22
 8.01626e+15	2.61e-06	5.59e-03	3.24e-01	4.46e-01	2.24e-01	1.23e-06	0.00e+00	2.43e-07	7.28e-07	1.21e-06	1.87e-03	3.73e-03	1.21e-21
 8.09096e+15	3.01e-06	6.20e-03	3.45e-01	4.45e-01	2.04e-01	1.20e-06	0.00e+00	2.80e-07	8.38e-07	1.40e-06	2.07e-03	4.13e-03	1.71e-21
 8.15305e+15	3.36e-06	6.68e-03	3.62e-01	4.43e-01	1.88e-01	1.18e-06	0.00e+00	3.12e-07	9.36e-07	1.56e-06	2.23e-03	4.45e-03	2.21e-21
 8.20502e+15	3.67e-06	7.12e-03	3.77e-01	4.41e-01	1.75e-01	1.15e-06	0.00e+00	3.42e-07	1.02e-06	1.71e-06	2.37e-03	4.74e-03	2.72e-21
 8.26438e+15	4.05e-06	7.56e-03	3.94e-01	4.38e-01	1.61e-01	1.11e-06	0.00e+00	3.77e-07	1.13e-06	1.88e-06	2.52e-03	5.04e-03	3.29e-21
 8.34154e+15	4.75e-06	8.43e-03	4.18e-01	4.32e-01	1.41e-01	1.05e-06	0.00e+00	4.42e-07	1.33e-06	2.21e-06	2.81e-03	5.62e-03	4.89e-21
 8.41210e+15	5.35e-06	9.03e-03	4.39e-01	4.26e-01	1.26e-01	9.95e-07	0.00e+00	4.99e-07	1.50e-06	2.49e-06	3.01e-03	6.02e-03	6.13e-21
 8.46495e+15	6.03e-06	9.76e-03	4.57e-01	4.20e-01	1.14e-01	0.00e+00	0.00e+00	5.62e-07	1.69e-06	2.81e-06	3.26e-03	6.50e-03	8.26e-21
 8.51268e+15	6.51e-06	1.02e-02	4.72e-01	4.14e-01	1.04e-01	0.00e+00	0.00e+00	6.08e-07	1.82e-06	3.04e-06	3.42e-03	6.82e-03	9.75e-21
 8.56288e+15	7.24e-06	1.09e-02	4.89e-01	4.08e-01	9.30e-02	0.00e+00	0.00e+00	6.76e-07	2.03e-06	3.38e-06	3.64e-03	7.26e-03	1.23e-20
 8.62813e+15	8.53e-06	1.20e-02	5.12e-01	3.97e-01	7.92e-02	0.00e+00	0.00e+00	7.97e-07	2.39e-06	3.98e-06	4.00e-03	7.99e-03	1.82e-20
 8.68831e+15	9.59e-06	1.28e-02	5.31e-01	3.87e-01	6.88e-02	0.00e+00	0.00e+00	8.97e-07	2.69e-06	4.48e-06	4.28e-03	8.54e-03	2.33e-20
 8.73226e+15	1.08e-05	1.35e-02	5.46e-01	3.79e-01	6.12e-02	0.00e+00	0.00e+00	1.01e-06	3.02e-06	5.03e-06	4.52e-03	9.02e-03	2.92e-20
 8.77974e+15	1.17e-05	1.42e-02	5.61e-01	3.71e-01	5.39e-02	0.00e+00	0.00e+00	1.09e-06	3.28e-06	5.46e-06	4.74e-03	9.47e-03	3.48e-20
 8.84147e+15	1.37e-05	1.55e-02	5.83e-01	3.58e-01	4.43e-02	0.00e+00	0.00e+00	1.29e-06	3.86e-06	6.43e-06	5.18e-03	1.03e-02	5.14e-20
 8.89870e+15	1.56e-05	1.65e-02	6.00e-01	3.46e-01	3.73e-02	0.00e+00	0.00e+00	1.46e-06	4.38e-06	7.30e-06	5.52e-03	1.10e-02	6.63e-20
 8.94077e+15	1.76e-05	1.74e-02	6.13e-01	3.37e-01	3.25e-02	0.00e+00	0.00e+00	1.65e-06	4.96e-06	8.26e-06	5.79e-03	1.16e-02	8.17e-20
 8.98615e+15	1.94e-05	1.83e-02	6.27e-01	3.27e-01	2.76e-02	0.00e+00	0.00e+00	1.83e-06	5.48e-06	9.12e-06	6.12e-03	1.22e-02	1.04e-19
 9.04515e+15	2.30e-05	1.96e-02	6.45e-01	3.13e-01	2.22e-02	0.00e+00	0.00e+00	2.17e-06	6.50e-06	1.08e-05	6.56e-03	1.31e-02	1.42e-19
 9.10566e+15	2.62e-05	2.10e-02	6.62e-01	2.99e-01	1.77e-02	0.00e+00	0.00e+00	2.48e-06	7.42e-06	1.24e-05	7.01e-03	1.40e-02	1.97e-19
