#depth	O	O+	O+2	O+3	O+4	O+5	O+6	O+7	O+8	O[1]	O[2]	O[3]
 1.49634e+10	0.00e+00	0.00e+00	3.45e-30	8.16e-22	2.79e-14	1.23e-07	1.00e+00	0.00e+00	0.00e+00	0.00e+00	0.00e+00	0.00e+00
 4.54887e+10	0.00e+00	2.12e-39	4.81e-30	1.05e-21	3.32e-14	1.34e-07	1.00e+00	7.33e-08	0.00e+00	0.00e+00	0.00e+00	0.00e+00
 7.72350e+10	0.00e+00	0.00e+00	6.70e-30	1.35e-21	3.94e-14	1.46e-07	1.00e+00	0.00e+00	0.00e+00	0.00e+00	0.00e+00	0.00e+00
 1.10251e+11	0.00e+00	4.86e-39	9.35e-30	1.75e-21	4.69e-14	1.60e-07	1.00e+00	0.00e+00	0.00e+00	0.00e+00	0.00e+00	0.00e+00
 1.42327e+11	0.00e+00	0.00e+00	1.28e-29	2.21e-21	5.53e-14	1.74e-07	1.00e+00	0.00e+00	0.00e+00	0.00e+00	0.00e+00	0.00e+00
 1.72616e+11	0.00e+00	1.02e-38	1.70e-29	2.75e-21	6.42e-14	1.87e-07	1.00e+00	0.00e+00	0.00e+00	0.00e+00	0.00e+00	0.00e+00
 2.06379e+11	0.00e+00	0.00e+00	2.31e-29	3.48e-21	7.54e-14	2.04e-07	1.00e+00	0.00e+00	0.00e+00	0.00e+00	0.00e+00	0.00e+00
 2.44561e+11	0.00e+00	2.26e-38	3.23e-29	4.50e-21	9.00e-14	2.23e-07	1.00e+00	0.00e+00	0.00e+00	0.00e+00	0.00e+00	0.00e+00
 2.82603e+11	0.00e+00	0.00e+00	4.45e-29	5.76e-21	1.07e-13	2.43e-07	1.00e+00	0.00e+00	0.00e+00	0.00e+00	0.00e+00	0.00e+00
 3.22166e+11	0.00e+00	5.02e-38	6.14e-29	7.37e-21	1.27e-13	2.65e-07	1.00e+00	0.00e+00	0.00e+00	0.00e+00	0.00e+00	0.00e+00
 3.64980e+11	0.00e+00	0.00e+00	8.59e-29	9.54e-21	1.51e-13	2.91e-07	1.00e+00	0.00e+00	0.00e+00	0.00e+00	0.00e+00	0.00e+00
 4.08551e+11	0.00e+00	1.14e-37	1.19e-28	1.23e-20	1.80e-13	3.19e-07	1.00e+00	0.00e+00	0.00e+00	0.00e+00	0.00e+00	0.00e+00
 4.51231e+11	0.00e+00	0.00e+00	1.63e-28	1.56e-20	2.13e-13	3.48e-07	1.00e+00	0.00e+00	0.00e+00	0.00e+00	0.00e+00	0.00e+00
 4.96573e+11	0.00e+00	2.47e-37	2.23e-28	1.99e-20	2.53e-13	3.80e-07	1.00e+00	0.00e+00	0.00e+00	0.00e+00	0.00e+00	0.00e+00
 5.46363e+11	0.00e+00	0.00e+00	3.12e-28	2.58e-20	3.03e-13	4.18e-07	1.00e+00	0.00e+00	0.00e+00	0.00e+00	0.00e+00	0.00e+00
 5.98145e+11	0.00e+00	5.62e-37	4.36e-28	3.35e-20	3.64e-13	4.59e-07	1.00e+00	0.00e+00	0.00e+00	0.00e+00	0.00e+00	0.00e+00
 6.51997e+11	0.00e+00	0.00e+00	6.08e-28	4.34e-20	4.37e-13	5.05e-07	1.00e+00	0.00e+00	0.00e+00	0.00e+00	0.00e+00	0.00e+00
 7.08004e+11	0.00e+00	1.27e-36	8.48e-28	5.62e-20	5.25e-13	5.56e-07	1.00e+00	0.00e+00	0.00e+00	0.00e+00	0.00e+00	0.00e+00
 7.66251e+11	5.56e-46	1.91e-36	1.18e-27	7.29e-20	6.31e-13	6.13e-07	1.00e+00	0.00e+00	0.00e+00	0.00e+00	0.00e+00	0.00e+00
 8.18958e+11	0.00e+00	0.00e+00	1.58e-27	9.13e-20	7.41e-13	6.67e-07	1.00e+00	0.00e+00	0.00e+00	0.00e+00	0.00e+00	0.00e+00
 8.62916e+11	0.00e+00	3.59e-36	1.99e-27	1.10e-19	8.44e-13	7.15e-07	1.00e+00	0.00e+00	0.00e+00	0.00e+00	0.00e+00	0.00e+00
 9.11087e+11	1.70e-45	4.85e-36	2.54e-27	1.33e-19	9.70e-13	7.69e-07	1.00e+00	0.00e+00	0.00e+00	0.00e+00	0.00e+00	0.00e+00
 9.72044e+11	0.00e+00	0.00e+00	3.43e-27	1.68e-19	1.15e-12	8.42e-07	1.00e+00	0.00e+00	0.00e+00	0.00e+00	0.00e+00	0.00e+00
 1.03562e+12	0.00e+00	1.01e-35	4.63e-27	2.13e-19	1.36e-12	9.23e-07	1.00e+00	0.00e+00	0.00e+00	0.00e+00	0.00e+00	0.00e+00
 1.08963e+12	5.75e-45	1.35e-35	5.92e-27	2.59e-19	1.57e-12	9.95e-07	1.00e+00	0.00e+00	0.00e+00	0.00e+00	0.00e+00	0.00e+00
 1.14519e+12	0.00e+00	0.00e+00	7.56e-27	3.15e-19	1.81e-12	1.07e-06	1.00e+00	0.00e+00	0.00e+00	0.00e+00	0.00e+00	0.00e+00
 1.21510e+12	0.00e+00	2.59e-35	1.01e-26	3.98e-19	2.14e-12	1.18e-06	1.00e+00	0.00e+00	0.00e+00	0.00e+00	0.00e+00	0.00e+00
 1.28610e+12	1.88e-44	3.66e-35	1.35e-26	5.00e-19	2.53e-12	1.29e-06	1.00e+00	0.00e+00	0.00e+00	0.00e+00	0.00e+00	0.00e+00
 1.34706e+12	0.00e+00	4.86e-35	1.71e-26	6.04e-19	2.90e-12	1.39e-06	1.00e+00	0.00e+00	0.00e+00	0.00e+00	0.00e+00	0.00e+00
 1.41251e+12	3.72e-44	6.53e-35	2.19e-26	7.35e-19	3.35e-12	1.50e-06	1.00e+00	0.00e+00	0.00e+00	0.00e+00	0.00e+00	0.00e+00
 1.49346e+12	0.00e+00	9.25e-35	2.93e-26	9.29e-19	3.97e-12	1.65e-06	1.00e+00	0.00e+00	0.00e+00	0.00e+00	0.00e+00	0.00e+00
 1.57644e+12	8.40e-44	1.30e-34	3.90e-26	1.17e-18	4.70e-12	1.81e-06	1.00e+00	0.00e+00	0.00e+00	0.00e+00	0.00e+00	0.00e+00
 1.65123e+12	0.00e+00	1.75e-34	4.99e-26	1.43e-18	5.44e-12	1.96e-06	1.00e+00	0.00e+00	0.00e+00	0.00e+00	0.00e+00	0.00e+00
 1.73349e+12	1.72e-43	2.38e-34	6.48e-26	1.76e-18	6.34e-12	2.13e-06	1.00e+00	0.00e+00	0.00e+00	0.00e+00	0.00e+00	0.00e+00
 1.83055e+12	0.00e+00	3.39e-34	8.71e-26	2.24e-18	7.56e-12	2.35e-06	1.00e+00	0.00e+00	0.00e+00	0.00e+00	0.00e+00	0.00e+00
 1.92773e+12	3.85e-43	4.74e-34	1.16e-25	2.81e-18	8.93e-12	2.57e-06	1.00e+00	0.00e+00	0.00e+00	0.00e+00	0.00e+00	0.00e+00
 2.02001e+12	0.00e+00	6.43e-34	1.50e-25	3.46e-18	1.04e-11	2.80e-06	1.00e+00	0.00e+00	0.00e+00	0.00e+00	0.00e+00	0.00e+00
 2.12196e+12	8.05e-43	8.90e-34	1.97e-25	4.32e-18	1.22e-11	3.06e-06	1.00e+00	0.00e+00	0.00e+00	0.00e+00	0.00e+00	0.00e+00
 2.23676e+12	0.00e+00	1.26e-33	2.64e-25	5.50e-18	1.46e-11	3.38e-06	1.00e+00	0.00e+00	0.00e+00	0.00e+00	0.00e+00	0.00e+00
 2.35151e+12	1.79e-42	1.76e-33	3.51e-25	6.91e-18	1.72e-11	3.71e-06	1.00e+00	0.00e+00	0.00e+00	0.00e+00	0.00e+00	0.00e+00
 2.45304e+12	0.00e+00	2.33e-33	4.46e-25	8.40e-18	1.98e-11	4.01e-06	1.00e+00	0.00e+00	0.00e+00	0.00e+00	0.00e+00	0.00e+00
 2.53817e+12	3.25e-42	2.94e-33	5.42e-25	9.85e-18	2.23e-11	4.28e-06	1.00e+00	0.00e+00	0.00e+00	0.00e+00	0.00e+00	0.00e+00
 2.62976e+12	0.00e+00	3.74e-33	6.64e-25	1.16e-17	2.51e-11	4.57e-06	1.00e+00	0.00e+00	0.00e+00	0.00e+00	0.00e+00	0.00e+00
 2.74882e+12	6.12e-42	5.05e-33	8.58e-25	1.43e-17	2.92e-11	4.98e-06	1.00e+00	0.00e+00	0.00e+00	0.00e+00	0.00e+00	0.00e+00
 2.87343e+12	0.00e+00	6.84e-33	1.11e-24	1.77e-17	3.39e-11	5.42e-06	1.00e+00	0.00e+00	0.00e+00	0.00e+00	0.00e+00	0.00e+00
 2.97980e+12	1.16e-41	8.79e-33	1.37e-24	2.10e-17	3.84e-11	5.81e-06	1.00e+00	0.00e+00	0.00e+00	0.00e+00	0.00e+00	0.00e+00
 3.09262e+12	0.00e+00	1.14e-32	1.71e-24	2.51e-17	4.37e-11	6.24e-06	1.00e+00	0.00e+00	0.00e+00	0.00e+00	0.00e+00	0.00e+00
 3.23447e+12	2.26e-41	1.55e-32	2.23e-24	3.12e-17	5.10e-11	6.81e-06	1.00e+00	0.00e+00	0.00e+00	0.00e+00	0.00e+00	0.00e+00
 3.38053e+12	0.00e+00	2.12e-32	2.90e-24	3.86e-17	5.94e-11	7.43e-06	1.00e+00	0.00e+00	0.00e+00	0.00e+00	0.00e+00	0.00e+00
 3.50924e+12	4.38e-41	2.75e-32	3.63e-24	4.64e-17	6.77e-11	7.99e-06	1.00e+00	0.00e+00	0.00e+00	0.00e+00	0.00e+00	0.00e+00
 3.64895e+12	0.00e+00	3.63e-32	4.60e-24	5.62e-17	7.76e-11	8.62e-06	1.00e+00	0.00e+00	0.00e+00	0.00e+00	0.00e+00	0.00e+00
 3.80322e+12	8.49e-41	4.88e-32	5.92e-24	6.89e-17	8.97e-11	9.36e-06	1.00e+00	0.00e+00	0.00e+00	0.00e+00	0.00e+00	0.00e+00
 3.94550e+12	0.00e+00	6.35e-32	7.41e-24	8.27e-17	1.02e-10	1.01e-05	1.00e+00	0.00e+00	0.00e+00	0.00e+00	0.00e+00	0.00e+00
 4.09954e+12	1.59e-40	8.37e-32	9.38e-24	1.00e-16	1.17e-10	1.09e-05	1.00e+00	0.00e+00	0.00e+00	0.00e+00	0.00e+00	0.00e+00
 4.27126e+12	0.00e+00	1.13e-31	1.21e-23	1.23e-16	1.35e-10	1.18e-05	1.00e+00	0.00e+00	0.00e+00	0.00e+00	0.00e+00	0.00e+00
 4.43204e+12	3.05e-40	1.48e-31	1.52e-23	1.48e-16	1.54e-10	1.27e-05	1.00e+00	0.00e+00	0.00e+00	0.00e+00	0.00e+00	0.00e+00
 4.60713e+12	0.00e+00	1.96e-31	1.94e-23	1.81e-16	1.77e-10	1.37e-05	1.00e+00	0.00e+00	0.00e+00	0.00e+00	0.00e+00	0.00e+00
 4.80168e+12	6.04e-40	2.66e-31	2.52e-23	2.23e-16	2.05e-10	1.49e-05	1.00e+00	0.00e+00	0.00e+00	0.00e+00	0.00e+00	0.00e+00
 4.98335e+12	0.00e+00	3.52e-31	3.19e-23	2.70e-16	2.34e-10	1.60e-05	1.00e+00	0.00e+00	0.00e+00	0.00e+00	0.00e+00	0.00e+00
 5.18130e+12	1.17e-39	4.72e-31	4.09e-23	3.30e-16	2.69e-10	1.74e-05	1.00e+00	0.00e+00	0.00e+00	0.00e+00	0.00e+00	0.00e+00
 5.40260e+12	0.00e+00	6.46e-31	5.35e-23	4.10e-16	3.12e-10	1.89e-05	1.00e+00	0.00e+00	0.00e+00	0.00e+00	0.00e+00	0.00e+00
 5.61127e+12	2.34e-39	8.63e-31	6.84e-23	4.99e-16	3.58e-10	2.04e-05	1.00e+00	0.00e+00	0.00e+00	0.00e+00	0.00e+00	0.00e+00
 5.83957e+12	0.00e+00	1.17e-30	8.88e-23	6.15e-16	4.13e-10	2.21e-05	1.00e+00	0.00e+00	0.00e+00	0.00e+00	0.00e+00	0.00e+00
 6.09525e+12	4.89e-39	1.63e-30	1.18e-22	7.71e-16	4.83e-10	2.41e-05	1.00e+00	0.00e+00	0.00e+00	0.00e+00	0.00e+00	0.00e+00
 6.33758e+12	0.00e+00	2.21e-30	1.52e-22	9.47e-16	5.56e-10	2.61e-05	1.00e+00	0.00e+00	0.00e+00	0.00e+00	0.00e+00	0.00e+00
 6.59730e+12	1.00e-38	3.04e-30	1.99e-22	1.17e-15	6.43e-10	2.82e-05	1.00e+00	0.00e+00	0.00e+00	0.00e+00	0.00e+00	0.00e+00
 6.89112e+12	0.00e+00	4.29e-30	2.66e-22	1.48e-15	7.54e-10	3.09e-05	1.00e+00	0.00e+00	0.00e+00	0.00e+00	0.00e+00	0.00e+00
 7.18201e+12	2.19e-38	5.98e-30	3.52e-22	1.85e-15	8.77e-10	3.35e-05	1.00e+00	0.00e+00	0.00e+00	0.00e+00	0.00e+00	0.00e+00
 7.48455e+12	0.00e+00	8.35e-30	4.66e-22	2.31e-15	1.02e-09	3.65e-05	1.00e+00	0.00e+00	0.00e+00	0.00e+00	0.00e+00	0.00e+00
 7.81386e+12	4.88e-38	1.19e-29	6.28e-22	2.91e-15	1.19e-09	3.97e-05	1.00e+00	0.00e+00	0.00e+00	0.00e+00	0.00e+00	0.00e+00
 8.15634e+12	0.00e+00	1.69e-29	8.42e-22	3.68e-15	1.40e-09	4.34e-05	1.00e+00	0.00e+00	0.00e+00	0.00e+00	0.00e+00	0.00e+00
 8.47853e+12	1.06e-37	2.34e-29	1.10e-21	4.54e-15	1.61e-09	4.69e-05	1.00e+00	0.00e+00	0.00e+00	0.00e+00	0.00e+00	0.00e+00
 8.76783e+12	0.00e+00	3.09e-29	1.39e-21	5.46e-15	1.83e-09	5.01e-05	1.00e+00	0.00e+00	0.00e+00	0.00e+00	0.00e+00	0.00e+00
 9.04110e+12	1.99e-37	4.01e-29	1.73e-21	6.46e-15	2.05e-09	5.33e-05	1.00e+00	0.00e+00	0.00e+00	0.00e+00	0.00e+00	0.00e+00
 9.34369e+12	0.00e+00	5.31e-29	2.19e-21	7.74e-15	2.31e-09	5.69e-05	1.00e+00	0.00e+00	0.00e+00	0.00e+00	0.00e+00	0.00e+00
 9.68320e+12	3.97e-37	7.22e-29	2.82e-21	9.43e-15	2.64e-09	6.11e-05	1.00e+00	0.00e+00	0.00e+00	0.00e+00	0.00e+00	0.00e+00
 1.00059e+13	0.00e+00	9.56e-29	3.56e-21	1.13e-14	2.98e-09	6.53e-05	1.00e+00	0.00e+00	0.00e+00	0.00e+00	0.00e+00	0.00e+00
 1.03605e+13	7.84e-37	1.29e-28	4.57e-21	1.37e-14	3.40e-09	7.00e-05	1.00e+00	0.00e+00	0.00e+00	0.00e+00	0.00e+00	0.00e+00
 1.07568e+13	0.00e+00	1.80e-28	5.99e-21	1.69e-14	3.91e-09	7.53e-05	1.00e+00	0.00e+00	0.00e+00	0.00e+00	0.00e+00	0.00e+00
 1.11242e+13	1.63e-36	2.41e-28	7.63e-21	2.04e-14	4.43e-09	8.06e-05	1.00e+00	0.00e+00	0.00e+00	0.00e+00	0.00e+00	0.00e+00
 1.14651e+13	0.00e+00	3.15e-28	9.51e-21	2.42e-14	4.97e-09	8.55e-05	1.00e+00	0.00e+00	0.00e+00	0.00e+00	0.00e+00	0.00e+00
 1.18543e+13	3.19e-36	4.26e-28	1.22e-20	2.92e-14	5.63e-09	9.13e-05	1.00e+00	0.00e+00	0.00e+00	0.00e+00	0.00e+00	0.00e+00
 1.23307e+13	0.00e+00	6.01e-28	1.62e-20	3.64e-14	6.53e-09	9.89e-05	1.00e+00	0.00e+00	0.00e+00	0.00e+00	0.00e+00	0.00e+00
 1.28007e+13	7.12e-36	8.45e-28	2.13e-20	4.49e-14	7.52e-09	1.06e-04	1.00e+00	0.00e+00	0.00e+00	0.00e+00	0.00e+00	0.00e+00
 1.32098e+13	0.00e+00	1.13e-27	2.69e-20	5.37e-14	8.47e-09	1.13e-04	1.00e+00	0.00e+00	0.00e+00	0.00e+00	0.00e+00	0.00e+00
 1.36598e+13	1.44e-35	1.53e-27	3.46e-20	6.49e-14	9.62e-09	1.21e-04	1.00e+00	0.00e+00	0.00e+00	0.00e+00	0.00e+00	0.00e+00
 1.42074e+13	0.00e+00	2.20e-27	4.65e-20	8.12e-14	1.12e-08	1.30e-04	1.00e+00	0.00e+00	0.00e+00	0.00e+00	0.00e+00	0.00e+00
 1.47627e+13	3.35e-35	3.12e-27	6.18e-20	1.01e-13	1.29e-08	1.41e-04	1.00e+00	0.00e+00	0.00e+00	0.00e+00	0.00e+00	0.00e+00
 1.52641e+13	4.86e-35	4.27e-27	7.95e-20	1.22e-13	1.47e-08	1.50e-04	1.00e+00	0.00e+00	0.00e+00	0.00e+00	0.00e+00	0.00e+00
 1.58148e+13	7.23e-35	5.95e-27	1.04e-19	1.50e-13	1.68e-08	1.61e-04	1.00e+00	0.00e+00	0.00e+00	0.00e+00	0.00e+00	0.00e+00
 1.64636e+13	1.14e-34	8.70e-27	1.41e-19	1.88e-13	1.96e-08	1.74e-04	1.00e+00	0.00e+00	0.00e+00	0.00e+00	0.00e+00	0.00e+00
 1.71105e+13	1.76e-34	1.25e-26	1.89e-19	2.35e-13	2.27e-08	1.87e-04	1.00e+00	0.00e+00	0.00e+00	0.00e+00	0.00e+00	0.00e+00
 1.77210e+13	2.60e-34	1.74e-26	2.47e-19	2.87e-13	2.60e-08	2.00e-04	1.00e+00	0.00e+00	0.00e+00	0.00e+00	0.00e+00	0.00e+00
 1.83976e+13	3.98e-34	2.48e-26	3.29e-19	3.56e-13	3.00e-08	2.15e-04	1.00e+00	0.00e+00	0.00e+00	0.00e+00	0.00e+00	0.00e+00
 1.91634e+13	6.35e-34	3.67e-26	4.51e-19	4.51e-13	3.51e-08	2.33e-04	1.00e+00	0.00e+00	0.00e+00	0.00e+00	0.00e+00	0.00e+00
 1.99326e+13	1.00e-33	5.37e-26	6.10e-19	5.66e-13	4.08e-08	2.51e-04	1.00e+00	0.00e+00	0.00e+00	0.00e+00	0.00e+00	0.00e+00
 2.07326e+13	1.58e-33	7.83e-26	8.27e-19	7.11e-13	4.75e-08	2.71e-04	1.00e+00	0.00e+00	0.00e+00	0.00e+00	0.00e+00	0.00e+00
 2.15918e+13	2.52e-33	1.16e-25	1.13e-18	8.99e-13	5.55e-08	2.93e-04	1.00e+00	0.00e+00	0.00e+00	0.00e+00	0.00e+00	0.00e+00
 2.24854e+13	4.03e-33	1.71e-25	1.55e-18	1.14e-12	6.50e-08	3.17e-04	1.00e+00	0.00e+00	0.00e+00	0.00e+00	0.00e+00	0.00e+00
 2.33474e+13	6.23e-33	2.46e-25	2.07e-18	1.42e-12	7.52e-08	3.41e-04	1.00e+00	0.00e+00	0.00e+00	0.00e+00	0.00e+00	0.00e+00
 2.41531e+13	9.23e-33	3.42e-25	2.70e-18	1.72e-12	8.57e-08	3.63e-04	1.00e+00	0.00e+00	0.00e+00	0.00e+00	0.00e+00	0.00e+00
 2.49115e+13	1.33e-32	4.63e-25	3.44e-18	2.07e-12	9.66e-08	3.85e-04	1.00e+00	0.00e+00	0.00e+00	0.00e+00	0.00e+00	0.00e+00
 2.57374e+13	1.93e-32	6.31e-25	4.43e-18	2.50e-12	1.10e-07	4.11e-04	1.00e+00	0.00e+00	0.00e+00	0.00e+00	0.00e+00	0.00e+00
 2.66511e+13	2.91e-32	8.89e-25	5.82e-18	3.06e-12	1.26e-07	4.39e-04	1.00e+00	0.00e+00	0.00e+00	0.00e+00	0.00e+00	0.00e+00
 2.75118e+13	4.24e-32	1.22e-24	7.46e-18	3.68e-12	1.42e-07	4.67e-04	1.00e+00	0.00e+00	0.00e+00	0.00e+00	0.00e+00	0.00e+00
 2.84634e+13	6.31e-32	1.69e-24	9.73e-18	4.49e-12	1.62e-07	4.99e-04	1.00e+00	0.00e+00	0.00e+00	0.00e+00	0.00e+00	0.00e+00
 2.95299e+13	9.60e-32	2.41e-24	1.30e-17	5.57e-12	1.87e-07	5.36e-04	9.99e-01	0.00e+00	0.00e+00	0.00e+00	0.00e+00	0.00e+00
 3.05428e+13	1.43e-31	3.34e-24	1.69e-17	6.79e-12	2.14e-07	5.72e-04	9.99e-01	0.00e+00	0.00e+00	0.00e+00	0.00e+00	0.00e+00
 3.16564e+13	2.18e-31	4.76e-24	2.24e-17	8.37e-12	2.46e-07	6.12e-04	9.99e-01	0.00e+00	0.00e+00	0.00e+00	0.00e+00	0.00e+00
 3.29125e+13	3.42e-31	6.94e-24	3.03e-17	1.05e-11	2.86e-07	6.61e-04	9.99e-01	0.00e+00	0.00e+00	0.00e+00	0.00e+00	0.00e+00
 3.41200e+13	5.14e-31	9.76e-24	4.01e-17	1.30e-11	3.29e-07	7.09e-04	9.99e-01	0.00e+00	0.00e+00	0.00e+00	0.00e+00	0.00e+00
 3.54098e+13	8.01e-31	1.41e-23	5.38e-17	1.62e-11	3.80e-07	7.62e-04	9.99e-01	0.00e+00	0.00e+00	0.00e+00	0.00e+00	0.00e+00
 3.68562e+13	1.25e-30	2.06e-23	7.34e-17	2.04e-11	4.45e-07	8.25e-04	9.99e-01	0.00e+00	0.00e+00	0.00e+00	0.00e+00	0.00e+00
 3.81910e+13	1.91e-30	2.92e-23	9.70e-17	2.52e-11	5.11e-07	8.84e-04	9.99e-01	0.00e+00	0.00e+00	0.00e+00	0.00e+00	0.00e+00
 3.93445e+13	2.65e-30	3.86e-23	1.22e-16	3.00e-11	5.75e-07	9.38e-04	9.99e-01	0.00e+00	0.00e+00	0.00e+00	0.00e+00	0.00e+00
 4.06231e+13	3.88e-30	5.29e-23	1.57e-16	3.62e-11	6.51e-07	9.98e-04	9.99e-01	0.00e+00	0.00e+00	0.00e+00	0.00e+00	0.00e+00
 4.21877e+13	5.90e-30	7.55e-23	2.11e-16	4.52e-11	7.55e-07	1.08e-03	9.99e-01	0.00e+00	0.00e+00	0.00e+00	0.00e+00	0.00e+00
 4.37724e+13	8.95e-30	1.07e-22	2.81e-16	5.61e-11	8.73e-07	1.16e-03	9.99e-01	0.00e+00	0.00e+00	0.00e+00	0.00e+00	0.00e+00
 4.51931e+13	1.30e-29	1.47e-22	3.62e-16	6.78e-11	9.89e-07	1.23e-03	9.99e-01	0.00e+00	0.00e+00	0.00e+00	0.00e+00	0.00e+00
 4.67523e+13	1.89e-29	2.01e-22	4.71e-16	8.27e-11	1.13e-06	1.32e-03	9.99e-01	0.00e+00	0.00e+00	0.00e+00	0.00e+00	0.00e+00
 4.86013e+13	2.93e-29	2.91e-22	6.38e-16	1.04e-10	1.32e-06	1.42e-03	9.99e-01	0.00e+00	0.00e+00	0.00e+00	0.00e+00	0.00e+00
 5.04239e+13	4.44e-29	4.14e-22	8.50e-16	1.29e-10	1.52e-06	1.53e-03	9.98e-01	0.00e+00	0.00e+00	0.00e+00	0.00e+00	0.00e+00
 5.20868e+13	6.42e-29	5.64e-22	1.10e-15	1.56e-10	1.73e-06	1.63e-03	9.98e-01	0.00e+00	0.00e+00	0.00e+00	0.00e+00	0.00e+00
 5.39449e+13	9.64e-29	7.94e-22	1.44e-15	1.92e-10	1.98e-06	1.75e-03	9.98e-01	0.00e+00	0.00e+00	0.00e+00	0.00e+00	0.00e+00
 5.61099e+13	1.47e-28	1.14e-21	1.96e-15	2.43e-10	2.32e-06	1.90e-03	9.98e-01	0.00e+00	0.00e+00	0.00e+00	0.00e+00	0.00e+00
 5.82370e+13	2.27e-28	1.64e-21	2.63e-15	3.02e-10	2.68e-06	2.04e-03	9.98e-01	0.00e+00	0.00e+00	0.00e+00	0.00e+00	0.00e+00
 6.02432e+13	3.25e-28	2.23e-21	3.42e-15	3.69e-10	3.06e-06	2.19e-03	9.98e-01	0.00e+00	0.00e+00	0.00e+00	0.00e+00	0.00e+00
 6.24768e+13	4.90e-28	3.16e-21	4.55e-15	4.58e-10	3.54e-06	2.35e-03	9.98e-01	0.00e+00	0.00e+00	0.00e+00	0.00e+00	0.00e+00
 6.50058e+13	7.59e-28	4.58e-21	6.20e-15	5.79e-10	4.13e-06	2.55e-03	9.97e-01	0.00e+00	0.00e+00	0.00e+00	0.00e+00	0.00e+00
 6.75297e+13	1.18e-27	6.64e-21	8.36e-15	7.25e-10	4.80e-06	2.75e-03	9.97e-01	0.00e+00	0.00e+00	0.00e+00	0.00e+00	0.00e+00
 6.98921e+13	1.69e-27	9.06e-21	1.09e-14	8.88e-10	5.50e-06	2.94e-03	9.97e-01	0.00e+00	0.00e+00	0.00e+00	0.00e+00	0.00e+00
 7.24552e+13	2.58e-27	1.29e-20	1.45e-14	1.10e-09	6.34e-06	3.16e-03	9.97e-01	0.00e+00	0.00e+00	0.00e+00	0.00e+00	0.00e+00
 7.53833e+13	3.90e-27	1.84e-20	1.97e-14	1.39e-09	7.41e-06	3.43e-03	9.97e-01	0.00e+00	0.00e+00	0.00e+00	0.00e+00	0.00e+00
 7.81428e+13	5.82e-27	2.59e-20	2.62e-14	1.72e-09	8.54e-06	3.68e-03	9.96e-01	0.00e+00	0.00e+00	0.00e+00	0.00e+00	0.00e+00
 8.06253e+13	8.33e-27	3.50e-20	3.35e-14	2.07e-09	9.66e-06	3.92e-03	9.96e-01	0.00e+00	0.00e+00	0.00e+00	0.00e+00	0.00e+00
 8.29751e+13	1.14e-26	4.57e-20	4.19e-14	2.45e-09	1.08e-05	4.15e-03	9.96e-01	0.00e+00	0.00e+00	0.00e+00	0.00e+00	0.00e+00
 8.55830e+13	1.60e-26	6.11e-20	5.35e-14	2.94e-09	1.22e-05	4.41e-03	9.96e-01	0.00e+00	0.00e+00	0.00e+00	0.00e+00	0.00e+00
 8.84900e+13	2.27e-26	8.27e-20	6.95e-14	3.59e-09	1.40e-05	4.72e-03	9.95e-01	0.00e+00	0.00e+00	0.00e+00	0.00e+00	0.00e+00
 9.12227e+13	3.24e-26	1.11e-19	8.83e-14	4.30e-09	1.57e-05	5.02e-03	9.95e-01	0.00e+00	0.00e+00	0.00e+00	0.00e+00	0.00e+00
 9.42122e+13	4.52e-26	1.49e-19	1.14e-13	5.20e-09	1.79e-05	5.35e-03	9.95e-01	0.00e+00	0.00e+00	0.00e+00	0.00e+00	0.00e+00
 9.75554e+13	6.74e-26	2.08e-19	1.49e-13	6.40e-09	2.05e-05	5.74e-03	9.94e-01	0.00e+00	0.00e+00	0.00e+00	0.00e+00	0.00e+00
 1.00731e+14	9.30e-26	2.76e-19	1.92e-13	7.73e-09	2.33e-05	6.12e-03	9.94e-01	0.00e+00	0.00e+00	0.00e+00	0.00e+00	0.00e+00
 1.04233e+14	1.36e-25	3.82e-19	2.51e-13	9.47e-09	2.66e-05	6.55e-03	9.93e-01	0.00e+00	0.00e+00	0.00e+00	0.00e+00	0.00e+00
 1.08106e+14	2.06e-25	5.41e-19	3.35e-13	1.18e-08	3.07e-05	7.05e-03	9.93e-01	0.00e+00	0.00e+00	0.00e+00	0.00e+00	0.00e+00
 1.11685e+14	2.86e-25	7.22e-19	4.32e-13	1.43e-08	3.50e-05	7.53e-03	9.92e-01	0.00e+00	0.00e+00	0.00e+00	0.00e+00	0.00e+00
 1.15564e+14	4.23e-25	1.00e-18	5.65e-13	1.75e-08	4.00e-05	8.06e-03	9.92e-01	0.00e+00	0.00e+00	0.00e+00	0.00e+00	0.00e+00
 1.19889e+14	6.12e-25	1.39e-18	7.53e-13	2.17e-08	4.63e-05	8.68e-03	9.91e-01	0.00e+00	0.00e+00	0.00e+00	0.00e+00	0.00e+00
 1.23944e+14	8.96e-25	1.91e-18	9.78e-13	2.64e-08	5.27e-05	9.27e-03	9.91e-01	0.00e+00	0.00e+00	0.00e+00	0.00e+00	0.00e+00
 1.28363e+14	1.28e-24	2.61e-18	1.28e-12	3.25e-08	6.06e-05	9.96e-03	9.90e-01	0.00e+00	0.00e+00	0.00e+00	0.00e+00	0.00e+00
 1.33274e+14	1.94e-24	3.73e-18	1.73e-12	4.06e-08	7.02e-05	1.07e-02	9.89e-01	0.00e+00	0.00e+00	0.00e+00	0.00e+00	0.00e+00
 1.37871e+14	2.72e-24	5.02e-18	2.25e-12	4.97e-08	8.03e-05	1.15e-02	9.88e-01	0.00e+00	0.00e+00	0.00e+00	0.00e+00	0.00e+00
 1.42869e+14	4.04e-24	7.03e-18	2.97e-12	6.13e-08	9.24e-05	1.23e-02	9.88e-01	0.00e+00	0.00e+00	0.00e+00	0.00e+00	0.00e+00
 1.48449e+14	5.88e-24	9.81e-18	4.00e-12	7.69e-08	1.07e-04	1.34e-02	9.87e-01	0.00e+00	0.00e+00	0.00e+00	0.00e+00	0.00e+00
 1.53726e+14	8.66e-24	1.36e-17	5.26e-12	9.46e-08	1.23e-04	1.43e-02	9.86e-01	0.00e+00	0.00e+00	0.00e+00	0.00e+00	0.00e+00
 1.59380e+14	1.24e-23	1.87e-17	6.95e-12	1.17e-07	1.42e-04	1.54e-02	9.84e-01	0.00e+00	0.00e+00	0.00e+00	0.00e+00	0.00e+00
 1.65785e+14	1.89e-23	2.69e-17	9.45e-12	1.48e-07	1.66e-04	1.67e-02	9.83e-01	0.00e+00	0.00e+00	0.00e+00	0.00e+00	0.00e+00
 1.72082e+14	2.68e-23	3.69e-17	1.26e-11	1.84e-07	1.92e-04	1.81e-02	9.82e-01	0.00e+00	0.00e+00	0.00e+00	0.00e+00	0.00e+00
 1.78130e+14	3.84e-23	5.05e-17	1.65e-11	2.26e-07	2.20e-04	1.94e-02	9.80e-01	0.00e+00	0.00e+00	0.00e+00	0.00e+00	0.00e+00
 1.84785e+14	5.55e-23	6.99e-17	2.18e-11	2.81e-07	2.54e-04	2.09e-02	9.79e-01	0.00e+00	0.00e+00	0.00e+00	0.00e+00	0.00e+00
 1.92206e+14	8.23e-23	9.91e-17	2.96e-11	3.55e-07	2.96e-04	2.27e-02	9.77e-01	0.00e+00	0.00e+00	0.00e+00	0.00e+00	0.00e+00
 1.98506e+14	1.15e-22	1.33e-16	3.79e-11	4.29e-07	3.36e-04	2.42e-02	9.75e-01	0.00e+00	0.00e+00	0.00e+00	0.00e+00	0.00e+00
 2.03161e+14	1.44e-22	1.62e-16	4.53e-11	4.92e-07	3.68e-04	2.54e-02	9.74e-01	0.00e+00	0.00e+00	0.00e+00	0.00e+00	0.00e+00
 2.08079e+14	1.83e-22	2.00e-16	5.45e-11	5.66e-07	4.04e-04	2.67e-02	9.73e-01	0.00e+00	0.00e+00	0.00e+00	0.00e+00	0.00e+00
 2.14473e+14	2.43e-22	2.60e-16	6.86e-11	6.77e-07	4.55e-04	2.85e-02	9.71e-01	0.00e+00	0.00e+00	0.00e+00	0.00e+00	0.00e+00
 2.21482e+14	3.33e-22	3.44e-16	8.78e-11	8.18e-07	5.16e-04	3.05e-02	9.69e-01	0.00e+00	0.00e+00	0.00e+00	0.00e+00	0.00e+00
 2.27917e+14	4.44e-22	4.43e-16	1.09e-10	9.68e-07	5.77e-04	3.23e-02	9.67e-01	0.00e+00	0.00e+00	0.00e+00	0.00e+00	0.00e+00
 2.34908e+14	5.86e-22	5.72e-16	1.38e-10	1.16e-06	6.48e-04	3.45e-02	9.65e-01	0.00e+00	0.00e+00	0.00e+00	0.00e+00	0.00e+00
 2.42760e+14	8.15e-22	7.66e-16	1.77e-10	1.40e-06	7.37e-04	3.69e-02	9.62e-01	0.00e+00	0.00e+00	0.00e+00	0.00e+00	0.00e+00
 2.50288e+14	1.09e-21	9.96e-16	2.23e-10	1.68e-06	8.29e-04	3.94e-02	9.60e-01	0.00e+00	0.00e+00	0.00e+00	0.00e+00	0.00e+00
 2.58631e+14	1.49e-21	1.33e-15	2.87e-10	2.04e-06	9.41e-04	4.22e-02	9.57e-01	0.00e+00	0.00e+00	0.00e+00	0.00e+00	0.00e+00
 2.67930e+14	2.07e-21	1.79e-15	3.75e-10	2.51e-06	1.08e-03	4.55e-02	9.53e-01	0.00e+00	0.00e+00	0.00e+00	0.00e+00	0.00e+00
 2.76649e+14	2.83e-21	2.37e-15	4.80e-10	3.03e-06	1.22e-03	4.86e-02	9.50e-01	0.00e+00	0.00e+00	0.00e+00	0.00e+00	0.00e+00
 2.86161e+14	3.90e-21	3.18e-15	6.20e-10	3.69e-06	1.39e-03	5.22e-02	9.46e-01	0.00e+00	0.00e+00	0.00e+00	0.00e+00	0.00e+00
 2.96724e+14	5.48e-21	4.35e-15	8.18e-10	4.57e-06	1.60e-03	5.64e-02	9.42e-01	0.00e+00	0.00e+00	0.00e+00	0.00e+00	0.00e+00
 3.06529e+14	7.54e-21	5.81e-15	1.05e-09	5.53e-06	1.81e-03	6.03e-02	9.38e-01	0.00e+00	0.00e+00	0.00e+00	0.00e+00	0.00e+00
 3.17153e+14	1.04e-20	7.80e-15	1.36e-09	6.75e-06	2.06e-03	6.48e-02	9.33e-01	0.00e+00	0.00e+00	0.00e+00	0.00e+00	0.00e+00
 3.29004e+14	1.47e-20	1.08e-14	1.80e-09	8.37e-06	2.37e-03	7.00e-02	9.28e-01	0.00e+00	0.00e+00	0.00e+00	0.00e+00	0.00e+00
 3.40092e+14	2.02e-20	1.44e-14	2.32e-09	1.02e-05	2.69e-03	7.48e-02	9.22e-01	0.00e+00	0.00e+00	0.00e+00	0.00e+00	0.00e+00
 3.52149e+14	2.84e-20	1.96e-14	3.03e-09	1.24e-05	3.07e-03	8.05e-02	9.16e-01	0.00e+00	0.00e+00	0.00e+00	0.00e+00	0.00e+00
 3.65595e+14	4.07e-20	2.73e-14	4.04e-09	1.55e-05	3.53e-03	8.70e-02	9.09e-01	0.00e+00	0.00e+00	0.00e+00	0.00e+00	0.00e+00
 3.78199e+14	5.63e-20	3.68e-14	5.24e-09	1.89e-05	4.01e-03	9.30e-02	9.03e-01	0.00e+00	0.00e+00	0.00e+00	0.00e+00	0.00e+00
 3.91870e+14	8.06e-20	5.10e-14	6.88e-09	2.32e-05	4.58e-03	1.00e-01	8.95e-01	0.00e+00	0.00e+00	0.00e+00	0.00e+00	0.00e+00
 4.07162e+14	1.18e-19	7.20e-14	9.23e-09	2.90e-05	5.28e-03	1.08e-01	8.87e-01	0.00e+00	0.00e+00	0.00e+00	0.00e+00	0.00e+00
 4.21732e+14	1.67e-19	9.90e-14	1.21e-08	3.55e-05	6.02e-03	1.16e-01	8.78e-01	0.00e+00	0.00e+00	0.00e+00	0.00e+00	0.00e+00
 4.37298e+14	2.40e-19	1.38e-13	1.60e-08	4.38e-05	6.88e-03	1.24e-01	8.69e-01	0.00e+00	0.00e+00	0.00e+00	0.00e+00	0.00e+00
 4.54820e+14	3.57e-19	1.97e-13	2.16e-08	5.49e-05	7.95e-03	1.34e-01	8.58e-01	0.00e+00	0.00e+00	0.00e+00	0.00e+00	0.00e+00
 4.72174e+14	5.19e-19	2.78e-13	2.89e-08	6.81e-05	9.12e-03	1.44e-01	8.47e-01	0.00e+00	0.00e+00	0.00e+00	0.00e+00	0.00e+00
 4.86385e+14	6.92e-19	3.61e-13	3.62e-08	8.07e-05	1.02e-02	1.52e-01	8.38e-01	0.00e+00	0.00e+00	0.00e+00	0.00e+00	0.00e+00
 4.97439e+14	8.85e-19	4.50e-13	4.31e-08	9.17e-05	1.10e-02	1.59e-01	8.30e-01	0.00e+00	0.00e+00	0.00e+00	0.00e+00	0.00e+00
 5.09548e+14	1.13e-18	5.62e-13	5.18e-08	1.05e-04	1.20e-02	1.66e-01	8.22e-01	0.00e+00	0.00e+00	0.00e+00	0.00e+00	0.00e+00
 5.25290e+14	1.55e-18	7.46e-13	6.54e-08	1.25e-04	1.34e-02	1.76e-01	8.11e-01	0.00e+00	0.00e+00	0.00e+00	0.00e+00	0.00e+00
 5.42306e+14	2.11e-18	9.88e-13	8.35e-08	1.50e-04	1.50e-02	1.86e-01	7.99e-01	0.00e+00	0.00e+00	0.00e+00	0.00e+00	0.00e+00
 5.57656e+14	2.89e-18	1.30e-12	1.03e-07	1.75e-04	1.66e-02	1.95e-01	7.88e-01	0.00e+00	0.00e+00	0.00e+00	0.00e+00	0.00e+00
 5.74290e+14	3.92e-18	1.71e-12	1.30e-07	2.07e-04	1.84e-02	2.05e-01	7.76e-01	0.00e+00	0.00e+00	0.00e+00	0.00e+00	0.00e+00
 5.95380e+14	5.75e-18	2.40e-12	1.71e-07	2.53e-04	2.08e-02	2.18e-01	7.60e-01	0.00e+00	0.00e+00	0.00e+00	0.00e+00	0.00e+00
 6.16585e+14	8.29e-18	3.32e-12	2.23e-07	3.08e-04	2.35e-02	2.31e-01	7.45e-01	0.00e+00	0.00e+00	0.00e+00	0.00e+00	0.00e+00
 6.34410e+14	1.10e-17	4.29e-12	2.76e-07	3.60e-04	2.59e-02	2.42e-01	7.32e-01	0.00e+00	0.00e+00	0.00e+00	0.00e+00	0.00e+00
 6.53521e+14	1.50e-17	5.65e-12	3.46e-07	4.24e-04	2.87e-02	2.54e-01	7.17e-01	0.00e+00	0.00e+00	0.00e+00	0.00e+00	0.00e+00
 6.77624e+14	2.33e-17	8.08e-12	4.55e-07	5.17e-04	3.24e-02	2.68e-01	6.99e-01	0.00e+00	0.00e+00	1.33e-17	7.06e-18	2.49e-18
 7.02906e+14	3.43e-17	1.14e-11	5.99e-07	6.31e-04	3.66e-02	2.83e-01	6.80e-01	0.00e+00	0.00e+00	1.96e-17	1.04e-17	3.65e-18
 7.25627e+14	4.78e-17	1.52e-11	7.59e-07	7.49e-04	4.06e-02	2.96e-01	6.62e-01	0.00e+00	0.00e+00	2.74e-17	1.46e-17	5.07e-18
 7.50331e+14	6.66e-17	2.05e-11	9.73e-07	8.95e-04	4.52e-02	3.10e-01	6.44e-01	0.00e+00	0.00e+00	3.82e-17	2.03e-17	7.04e-18
 7.79595e+14	1.03e-16	2.97e-11	1.29e-06	1.10e-03	5.11e-02	3.26e-01	6.21e-01	0.00e+00	0.00e+00	5.94e-17	3.14e-17	1.09e-17
 8.08382e+14	1.53e-16	4.16e-11	1.69e-06	1.33e-03	5.72e-02	3.41e-01	6.00e-01	0.00e+00	0.00e+00	8.80e-17	4.65e-17	1.60e-17
 8.34640e+14	2.17e-16	5.59e-11	2.13e-06	1.56e-03	6.31e-02	3.55e-01	5.80e-01	0.00e+00	0.00e+00	1.25e-16	6.58e-17	2.25e-17
 8.64016e+14	3.05e-16	7.56e-11	2.73e-06	1.87e-03	7.00e-02	3.69e-01	5.59e-01	0.00e+00	0.00e+00	1.76e-16	9.26e-17	3.16e-17
 8.98247e+14	4.79e-16	1.10e-10	3.62e-06	2.28e-03	7.86e-02	3.85e-01	5.34e-01	0.00e+00	0.00e+00	2.76e-16	1.45e-16	4.93e-17
 9.31968e+14	7.14e-16	1.54e-10	4.70e-06	2.74e-03	8.75e-02	3.99e-01	5.11e-01	0.00e+00	0.00e+00	4.12e-16	2.17e-16	7.33e-17
 9.63981e+14	1.03e-15	2.09e-10	5.96e-06	3.23e-03	9.62e-02	4.12e-01	4.89e-01	0.00e+00	0.00e+00	5.94e-16	3.12e-16	1.05e-16
 9.99514e+14	1.47e-15	2.84e-10	7.68e-06	3.85e-03	1.06e-01	4.24e-01	4.65e-01	0.00e+00	0.00e+00	8.49e-16	4.46e-16	1.50e-16
 1.03952e+15	2.35e-15	4.14e-10	1.01e-05	4.66e-03	1.18e-01	4.38e-01	4.39e-01	0.00e+00	0.00e+00	1.36e-15	7.14e-16	2.39e-16
 1.07319e+15	3.32e-15	5.50e-10	1.26e-05	5.42e-03	1.29e-01	4.47e-01	4.19e-01	0.00e+00	0.00e+00	1.92e-15	1.01e-15	3.36e-16
 1.09756e+15	4.23e-15	6.71e-10	1.46e-05	6.01e-03	1.36e-01	4.54e-01	4.04e-01	0.00e+00	0.00e+00	2.44e-15	1.28e-15	4.27e-16
 1.12312e+15	5.41e-15	8.21e-10	1.71e-05	6.69e-03	1.44e-01	4.60e-01	3.89e-01	0.00e+00	0.00e+00	3.13e-15	1.64e-15	5.46e-16
 1.15634e+15	7.12e-15	1.04e-09	2.08e-05	7.64e-03	1.55e-01	4.67e-01	3.70e-01	0.00e+00	0.00e+00	4.12e-15	2.16e-15	7.17e-16
 1.19339e+15	1.04e-14	1.40e-09	2.57e-05	8.81e-03	1.67e-01	4.74e-01	3.50e-01	0.00e+00	0.00e+00	6.01e-15	3.15e-15	1.04e-15
 1.22795e+15	1.41e-14	1.79e-09	3.09e-05	1.00e-02	1.79e-01	4.79e-01	3.32e-01	0.00e+00	0.00e+00	8.16e-15	4.27e-15	1.41e-15
 1.26539e+15	1.86e-14	2.26e-09	3.75e-05	1.14e-02	1.92e-01	4.83e-01	3.14e-01	0.00e+00	0.00e+00	1.08e-14	5.65e-15	1.86e-15
 1.30768e+15	2.75e-14	3.06e-09	4.65e-05	1.31e-02	2.06e-01	4.87e-01	2.94e-01	0.00e+00	0.00e+00	1.60e-14	8.35e-15	2.75e-15
 1.34791e+15	3.75e-14	3.93e-09	5.63e-05	1.49e-02	2.20e-01	4.89e-01	2.76e-01	0.00e+00	0.00e+00	2.18e-14	1.14e-14	3.74e-15
 1.39184e+15	5.10e-14	5.05e-09	6.89e-05	1.71e-02	2.35e-01	4.90e-01	2.58e-01	0.00e+00	0.00e+00	2.96e-14	1.55e-14	5.08e-15
 1.44118e+15	7.70e-14	6.92e-09	8.58e-05	1.97e-02	2.52e-01	4.90e-01	2.38e-01	0.00e+00	0.00e+00	4.46e-14	2.33e-14	7.65e-15
 1.48786e+15	1.06e-13	8.93e-09	1.04e-04	2.24e-02	2.68e-01	4.89e-01	2.21e-01	0.00e+00	0.00e+00	6.16e-14	3.22e-14	1.05e-14
 1.53887e+15	1.46e-13	1.16e-08	1.28e-04	2.55e-02	2.85e-01	4.86e-01	2.04e-01	0.00e+00	0.00e+00	8.47e-14	4.43e-14	1.45e-14
 1.59575e+15	2.24e-13	1.59e-08	1.59e-04	2.94e-02	3.03e-01	4.81e-01	1.86e-01	0.00e+00	0.00e+00	1.30e-13	6.79e-14	2.21e-14
 1.64846e+15	3.13e-13	2.06e-08	1.93e-04	3.32e-02	3.20e-01	4.75e-01	1.71e-01	0.00e+00	0.00e+00	1.82e-13	9.50e-14	3.10e-14
 1.70517e+15	4.39e-13	2.68e-08	2.35e-04	3.76e-02	3.38e-01	4.68e-01	1.56e-01	0.00e+00	0.00e+00	2.55e-13	1.33e-13	4.34e-14
 1.76883e+15	6.15e-13	3.51e-08	2.90e-04	4.29e-02	3.57e-01	4.59e-01	1.41e-01	0.00e+00	0.00e+00	3.57e-13	1.87e-13	6.07e-14
 1.82903e+15	9.16e-13	4.70e-08	3.52e-04	4.83e-02	3.75e-01	4.49e-01	1.28e-01	0.00e+00	0.00e+00	5.32e-13	2.78e-13	9.04e-14
 1.89480e+15	1.29e-12	6.12e-08	4.29e-04	5.45e-02	3.93e-01	4.38e-01	1.15e-01	0.00e+00	0.00e+00	7.52e-13	3.93e-13	1.28e-13
 1.96787e+15	1.82e-12	8.01e-08	5.29e-04	6.18e-02	4.11e-01	4.24e-01	1.02e-01	0.00e+00	0.00e+00	1.06e-12	5.54e-13	1.80e-13
 2.03383e+15	2.56e-12	1.03e-07	6.34e-04	6.89e-02	4.27e-01	4.11e-01	9.18e-02	0.00e+00	0.00e+00	1.49e-12	7.78e-13	2.52e-13
 2.09294e+15	3.45e-12	1.29e-07	7.40e-04	7.55e-02	4.41e-01	4.00e-01	8.34e-02	0.00e+00	0.00e+00	2.00e-12	1.05e-12	3.40e-13
 2.15976e+15	4.89e-12	1.66e-07	8.77e-04	8.34e-02	4.55e-01	3.86e-01	7.48e-02	0.00e+00	0.00e+00	2.84e-12	1.49e-12	4.81e-13
 2.24150e+15	6.79e-12	2.14e-07	1.07e-03	9.33e-02	4.71e-01	3.69e-01	6.57e-02	0.00e+00	0.00e+00	3.95e-12	2.06e-12	6.68e-13
 2.31703e+15	1.00e-11	2.81e-07	1.27e-03	1.03e-01	4.84e-01	3.53e-01	5.81e-02	0.00e+00	0.00e+00	5.82e-12	3.04e-12	9.86e-13
 2.37138e+15	1.26e-11	3.33e-07	1.43e-03	1.10e-01	4.93e-01	3.42e-01	5.33e-02	0.00e+00	0.00e+00	7.33e-12	3.83e-12	1.24e-12
 2.42377e+15	1.57e-11	3.91e-07	1.60e-03	1.17e-01	5.00e-01	3.32e-01	4.90e-02	0.00e+00	0.00e+00	9.12e-12	4.77e-12	1.54e-12
 2.49189e+15	1.98e-11	4.67e-07	1.84e-03	1.27e-01	5.09e-01	3.18e-01	4.41e-02	0.00e+00	0.00e+00	1.15e-11	6.00e-12	1.94e-12
 2.58044e+15	2.94e-11	6.17e-07	2.20e-03	1.40e-01	5.20e-01	3.00e-01	3.82e-02	0.00e+00	0.00e+00	1.71e-11	8.93e-12	2.89e-12
 2.66577e+15	3.82e-11	7.55e-07	2.58e-03	1.52e-01	5.28e-01	2.84e-01	3.35e-02	0.00e+00	0.00e+00	2.22e-11	1.16e-11	3.76e-12
 2.73276e+15	5.15e-11	9.28e-07	2.92e-03	1.62e-01	5.33e-01	2.72e-01	3.00e-02	0.00e+00	0.00e+00	3.00e-11	1.57e-11	5.07e-12
 2.80572e+15	6.67e-11	1.12e-06	3.33e-03	1.74e-01	5.38e-01	2.59e-01	2.68e-02	0.00e+00	0.00e+00	3.88e-11	2.03e-11	6.57e-12
 2.90056e+15	8.76e-11	1.38e-06	3.90e-03	1.88e-01	5.42e-01	2.42e-01	2.32e-02	0.00e+00	0.00e+00	5.10e-11	2.67e-11	8.63e-12
 3.00219e+15	1.30e-10	1.81e-06	4.62e-03	2.05e-01	5.46e-01	2.25e-01	1.97e-02	0.00e+00	0.00e+00	7.59e-11	3.97e-11	1.28e-11
 3.08799e+15	1.71e-10	2.20e-06	5.28e-03	2.19e-01	5.47e-01	2.12e-01	1.73e-02	0.00e+00	0.00e+00	9.93e-11	5.20e-11	1.68e-11
 3.17487e+15	2.22e-10	2.66e-06	6.02e-03	2.33e-01	5.47e-01	1.99e-01	1.51e-02	0.00e+00	0.00e+00	1.29e-10	6.75e-11	2.19e-11
 3.28783e+15	2.98e-10	3.31e-06	7.08e-03	2.52e-01	5.46e-01	1.83e-01	1.27e-02	0.00e+00	0.00e+00	1.74e-10	9.08e-11	2.94e-11
 3.40391e+15	4.47e-10	4.36e-06	8.36e-03	2.72e-01	5.42e-01	1.67e-01	1.06e-02	0.00e+00	0.00e+00	2.60e-10	1.36e-10	4.41e-11
 3.49849e+15	5.83e-10	5.27e-06	9.49e-03	2.87e-01	5.38e-01	1.56e-01	9.19e-03	0.00e+00	0.00e+00	3.39e-10	1.78e-10	5.76e-11
 3.59588e+15	7.65e-10	6.40e-06	1.08e-02	3.04e-01	5.33e-01	1.44e-01	7.92e-03	0.00e+00	0.00e+00	4.45e-10	2.33e-10	7.56e-11
 3.70542e+15	1.01e-09	7.83e-06	1.24e-02	3.22e-01	5.26e-01	1.33e-01	6.72e-03	0.00e+00	0.00e+00	5.89e-10	3.08e-10	9.99e-11
 3.80964e+15	1.36e-09	9.60e-06	1.41e-02	3.40e-01	5.19e-01	1.22e-01	5.73e-03	0.00e+00	0.00e+00	7.89e-10	4.13e-10	1.34e-10
 3.90740e+15	1.71e-09	1.14e-05	1.58e-02	3.56e-01	5.11e-01	1.13e-01	4.95e-03	0.00e+00	0.00e+00	9.97e-10	5.23e-10	1.69e-10
 4.01789e+15	2.18e-09	1.36e-05	1.80e-02	3.74e-01	5.01e-01	1.03e-01	4.20e-03	0.00e+00	0.00e+00	1.27e-09	6.65e-10	2.16e-10
 4.13856e+15	3.13e-09	1.74e-05	2.07e-02	3.94e-01	4.89e-01	9.32e-02	3.47e-03	0.00e+00	0.00e+00	1.82e-09	9.55e-10	3.10e-10
 4.24392e+15	4.01e-09	2.07e-05	2.33e-02	4.11e-01	4.78e-01	8.54e-02	2.97e-03	0.00e+00	0.00e+00	2.33e-09	1.22e-09	3.97e-10
 4.33041e+15	4.93e-09	2.40e-05	2.56e-02	4.24e-01	4.68e-01	7.94e-02	2.60e-03	0.00e+00	0.00e+00	2.87e-09	1.50e-09	4.89e-10
 4.42090e+15	6.15e-09	2.80e-05	2.82e-02	4.39e-01	4.57e-01	7.34e-02	2.26e-03	0.00e+00	0.00e+00	3.58e-09	1.88e-09	6.09e-10
 4.52163e+15	7.38e-09	3.22e-05	3.13e-02	4.54e-01	4.46e-01	6.74e-02	1.96e-03	0.00e+00	0.00e+00	4.29e-09	2.25e-09	7.32e-10
 4.63567e+15	1.02e-08	4.02e-05	3.55e-02	4.71e-01	4.31e-01	6.07e-02	1.63e-03	0.00e+00	0.00e+00	5.94e-09	3.12e-09	1.01e-09
 4.75836e+15	1.27e-08	4.74e-05	4.01e-02	4.88e-01	4.16e-01	5.46e-02	1.36e-03	0.00e+00	0.00e+00	7.37e-09	3.87e-09	1.26e-09
 4.86942e+15	1.75e-08	5.90e-05	4.51e-02	5.04e-01	4.01e-01	4.91e-02	1.13e-03	0.00e+00	0.00e+00	1.02e-08	5.36e-09	1.74e-09
 4.96946e+15	2.19e-08	6.92e-05	4.99e-02	5.17e-01	3.87e-01	4.48e-02	9.69e-04	0.00e+00	0.00e+00	1.27e-08	6.69e-09	2.18e-09
 5.06150e+15	2.71e-08	8.04e-05	5.48e-02	5.29e-01	3.75e-01	4.10e-02	8.37e-04	0.00e+00	0.00e+00	1.57e-08	8.26e-09	2.69e-09
 5.16464e+15	3.46e-08	9.57e-05	6.11e-02	5.41e-01	3.60e-01	3.70e-02	7.07e-04	0.00e+00	0.00e+00	2.01e-08	1.06e-08	3.44e-09
 5.27447e+15	4.35e-08	1.13e-04	6.80e-02	5.54e-01	3.44e-01	3.33e-02	5.94e-04	0.00e+00	0.00e+00	2.53e-08	1.33e-08	4.33e-09
 5.37278e+15	5.25e-08	1.30e-04	7.50e-02	5.64e-01	3.30e-01	3.02e-02	5.08e-04	0.00e+00	0.00e+00	3.06e-08	1.60e-08	5.23e-09
 5.48031e+15	7.30e-08	1.63e-04	8.44e-02	5.74e-01	3.14e-01	2.68e-02	4.17e-04	0.00e+00	0.00e+00	4.25e-08	2.23e-08	7.28e-09
 5.59714e+15	9.33e-08	1.95e-04	9.49e-02	5.84e-01	2.97e-01	2.36e-02	3.44e-04	0.00e+00	0.00e+00	5.43e-08	2.85e-08	9.32e-09
 5.70729e+15	1.16e-07	2.30e-04	1.06e-01	5.92e-01	2.80e-01	2.09e-02	2.85e-04	0.00e+00	0.00e+00	6.75e-08	3.55e-08	1.16e-08
 5.81463e+15	1.51e-07	2.78e-04	1.19e-01	5.98e-01	2.64e-01	1.84e-02	2.34e-04	0.00e+00	0.00e+00	8.77e-08	4.61e-08	1.51e-08
 5.91646e+15	1.96e-07	3.35e-04	1.33e-01	6.02e-01	2.48e-01	1.63e-02	1.93e-04	0.00e+00	0.00e+00	1.14e-07	5.99e-08	1.96e-08
 6.00546e+15	2.62e-07	4.09e-04	1.47e-01	6.04e-01	2.34e-01	1.44e-02	1.60e-04	0.00e+00	0.00e+00	1.53e-07	8.02e-08	2.63e-08
 6.07618e+15	3.23e-07	4.73e-04	1.59e-01	6.04e-01	2.23e-01	1.31e-02	1.38e-04	0.00e+00	0.00e+00	1.88e-07	9.89e-08	3.24e-08
 6.14587e+15	3.69e-07	5.25e-04	1.72e-01	6.04e-01	2.12e-01	1.19e-02	1.21e-04	0.00e+00	0.00e+00	2.15e-07	1.13e-07	3.70e-08
 6.23648e+15	5.16e-07	6.59e-04	1.92e-01	6.00e-01	1.96e-01	1.03e-02	9.69e-05	0.00e+00	0.00e+00	3.00e-07	1.58e-07	5.17e-08
 6.32115e+15	6.33e-07	7.68e-04	2.11e-01	5.96e-01	1.83e-01	9.10e-03	8.09e-05	0.00e+00	0.00e+00	3.68e-07	1.94e-07	6.36e-08
 6.38045e+15	7.31e-07	8.54e-04	2.26e-01	5.91e-01	1.73e-01	8.28e-03	7.06e-05	0.00e+00	0.00e+00	4.25e-07	2.24e-07	7.34e-08
 6.43989e+15	8.76e-07	9.73e-04	2.43e-01	5.85e-01	1.63e-01	7.45e-03	6.08e-05	0.00e+00	0.00e+00	5.10e-07	2.68e-07	8.80e-08
 6.50463e+15	1.13e-06	1.16e-03	2.65e-01	5.76e-01	1.52e-01	6.58e-03	5.06e-05	0.00e+00	0.00e+00	6.56e-07	3.45e-07	1.13e-07
 6.55702e+15	1.35e-06	1.31e-03	2.82e-01	5.67e-01	1.43e-01	5.94e-03	4.38e-05	0.00e+00	0.00e+00	7.86e-07	4.14e-07	1.36e-07
 6.59831e+15	1.55e-06	1.45e-03	2.98e-01	5.60e-01	1.36e-01	5.46e-03	3.88e-05	0.00e+00	0.00e+00	9.03e-07	4.76e-07	1.56e-07
 6.64441e+15	1.80e-06	1.61e-03	3.15e-01	5.50e-01	1.28e-01	4.95e-03	3.39e-05	0.00e+00	0.00e+00	1.05e-06	5.51e-07	1.81e-07
 6.70435e+15	2.22e-06	1.87e-03	3.41e-01	5.36e-01	1.17e-01	4.31e-03	2.80e-05	0.00e+00	0.00e+00	1.29e-06	6.81e-07	2.24e-07
 6.76460e+15	2.75e-06	2.17e-03	3.68e-01	5.19e-01	1.07e-01	3.73e-03	2.29e-05	0.00e+00	0.00e+00	1.60e-06	8.43e-07	2.77e-07
 6.81125e+15	3.14e-06	2.39e-03	3.90e-01	5.05e-01	9.93e-02	3.32e-03	1.96e-05	0.00e+00	0.00e+00	1.83e-06	9.64e-07	3.17e-07
 6.85789e+15	3.75e-06	2.71e-03	4.15e-01	4.89e-01	9.12e-02	2.91e-03	1.64e-05	0.00e+00	0.00e+00	2.18e-06	1.15e-06	3.78e-07
 6.90921e+15	4.88e-06	3.23e-03	4.45e-01	4.67e-01	8.22e-02	2.47e-03	1.31e-05	0.00e+00	0.00e+00	2.84e-06	1.50e-06	4.93e-07
 6.95038e+15	5.69e-06	3.59e-03	4.68e-01	4.50e-01	7.56e-02	2.18e-03	1.11e-05	0.00e+00	0.00e+00	3.31e-06	1.75e-06	5.75e-07
 6.98765e+15	6.65e-06	4.00e-03	4.92e-01	4.33e-01	6.94e-02	1.92e-03	9.32e-06	0.00e+00	0.00e+00	3.87e-06	2.04e-06	6.73e-07
 7.03609e+15	7.66e-06	4.43e-03	5.21e-01	4.11e-01	6.19e-02	1.63e-03	7.56e-06	0.00e+00	0.00e+00	4.45e-06	2.35e-06	7.75e-07
 7.09907e+15	1.08e-05	5.54e-03	5.65e-01	3.76e-01	5.18e-02	1.25e-03	5.29e-06	0.00e+00	0.00e+00	6.26e-06	3.30e-06	1.09e-06
 7.15193e+15	1.25e-05	6.14e-03	5.97e-01	3.50e-01	4.49e-02	1.02e-03	4.12e-06	0.00e+00	0.00e+00	7.25e-06	3.83e-06	1.26e-06
 7.19164e+15	1.51e-05	6.97e-03	6.26e-01	3.27e-01	3.94e-02	8.46e-04	3.22e-06	0.00e+00	0.00e+00	8.76e-06	4.63e-06	1.53e-06
 7.23468e+15	1.90e-05	8.08e-03	6.57e-01	3.01e-01	3.38e-02	6.80e-04	2.41e-06	0.00e+00	0.00e+00	1.10e-05	5.82e-06	1.93e-06
 7.27125e+15	2.15e-05	8.79e-03	6.80e-01	2.81e-01	2.97e-02	5.69e-04	1.92e-06	0.00e+00	0.00e+00	1.25e-05	6.61e-06	2.19e-06
 7.30800e+15	2.65e-05	1.00e-02	7.07e-01	2.57e-01	2.55e-02	4.56e-04	1.45e-06	0.00e+00	0.00e+00	1.54e-05	8.16e-06	2.70e-06
 7.34695e+15	3.13e-05	1.12e-02	7.32e-01	2.35e-01	2.18e-02	3.66e-04	1.09e-06	0.00e+00	0.00e+00	1.82e-05	9.63e-06	3.19e-06
 7.38876e+15	3.82e-05	1.26e-02	7.58e-01	2.11e-01	1.80e-02	2.80e-04	7.75e-07	0.00e+00	0.00e+00	2.22e-05	1.17e-05	3.90e-06
 7.43375e+15	4.63e-05	1.42e-02	7.84e-01	1.87e-01	1.46e-02	2.10e-04	0.00e+00	0.00e+00	0.00e+00	2.69e-05	1.42e-05	4.73e-06
 7.47503e+15	5.55e-05	1.59e-02	8.06e-01	1.66e-01	1.19e-02	1.58e-04	0.00e+00	0.00e+00	0.00e+00	3.23e-05	1.71e-05	5.68e-06
 7.50767e+15	6.39e-05	1.73e-02	8.22e-01	1.51e-01	1.01e-02	1.26e-04	0.00e+00	0.00e+00	0.00e+00	3.71e-05	1.97e-05	6.54e-06
 7.53138e+15	7.05e-05	1.83e-02	8.33e-01	1.40e-01	8.96e-03	1.07e-04	0.00e+00	0.00e+00	0.00e+00	4.10e-05	2.17e-05	7.22e-06
 7.55666e+15	7.88e-05	1.96e-02	8.44e-01	1.29e-01	7.78e-03	8.76e-05	0.00e+00	0.00e+00	0.00e+00	4.58e-05	2.42e-05	8.07e-06
 7.58952e+15	9.08e-05	2.13e-02	8.57e-01	1.15e-01	6.45e-03	6.77e-05	0.00e+00	0.00e+00	0.00e+00	5.28e-05	2.79e-05	9.31e-06
 7.62432e+15	1.05e-04	2.31e-02	8.69e-01	1.02e-01	5.30e-03	5.15e-05	0.00e+00	0.00e+00	0.00e+00	6.10e-05	3.23e-05	1.08e-05
 7.65467e+15	1.19e-04	2.49e-02	8.78e-01	9.23e-02	4.45e-03	4.04e-05	0.00e+00	0.00e+00	0.00e+00	6.91e-05	3.66e-05	1.22e-05
 7.68714e+15	1.36e-04	2.68e-02	8.87e-01	8.20e-02	3.64e-03	3.07e-05	0.00e+00	0.00e+00	0.00e+00	7.90e-05	4.18e-05	1.40e-05
 7.72332e+15	1.57e-04	2.91e-02	8.96e-01	7.20e-02	2.93e-03	2.27e-05	0.00e+00	0.00e+00	0.00e+00	9.14e-05	4.84e-05	1.62e-05
 7.75696e+15	1.79e-04	3.13e-02	9.02e-01	6.38e-02	2.39e-03	1.70e-05	0.00e+00	0.00e+00	0.00e+00	1.04e-04	5.52e-05	1.85e-05
 7.78853e+15	2.03e-04	3.35e-02	9.08e-01	5.68e-02	1.97e-03	1.30e-05	0.00e+00	0.00e+00	0.00e+00	1.18e-04	6.24e-05	2.09e-05
 7.82476e+15	2.33e-04	3.62e-02	9.13e-01	4.95e-02	1.56e-03	9.41e-06	0.00e+00	0.00e+00	0.00e+00	1.36e-04	7.18e-05	2.40e-05
 7.86415e+15	2.70e-04	3.92e-02	9.17e-01	4.28e-02	1.23e-03	6.69e-06	0.00e+00	0.00e+00	0.00e+00	1.57e-04	8.33e-05	2.79e-05
 7.89941e+15	3.09e-04	4.20e-02	9.19e-01	3.75e-02	9.86e-04	4.91e-06	0.00e+00	0.00e+00	0.00e+00	1.79e-04	9.50e-05	3.18e-05
 7.93704e+15	3.55e-04	4.53e-02	9.21e-01	3.25e-02	7.75e-04	3.50e-06	0.00e+00	0.00e+00	0.00e+00	2.06e-04	1.09e-04	3.66e-05
 7.97799e+15	4.12e-04	4.91e-02	9.22e-01	2.79e-02	6.01e-04	2.44e-06	0.00e+00	0.00e+00	0.00e+00	2.40e-04	1.27e-04	4.26e-05
 8.01469e+15	4.71e-04	5.26e-02	9.22e-01	2.44e-02	4.80e-04	1.77e-06	0.00e+00	0.00e+00	0.00e+00	2.74e-04	1.45e-04	4.87e-05
 8.04840e+15	5.33e-04	5.62e-02	9.21e-01	2.15e-02	3.89e-04	1.31e-06	0.00e+00	0.00e+00	0.00e+00	3.10e-04	1.64e-04	5.50e-05
 8.08677e+15	6.13e-04	6.05e-02	9.20e-01	1.86e-02	3.05e-04	9.22e-07	0.00e+00	0.00e+00	0.00e+00	3.56e-04	1.89e-04	6.34e-05
 8.12883e+15	7.13e-04	6.55e-02	9.18e-01	1.59e-02	2.36e-04	0.00e+00	0.00e+00	0.00e+00	0.00e+00	4.15e-04	2.20e-04	7.38e-05
 8.16652e+15	8.19e-04	7.04e-02	9.15e-01	1.38e-02	1.88e-04	0.00e+00	0.00e+00	0.00e+00	0.00e+00	4.77e-04	2.52e-04	8.48e-05
 8.20056e+15	9.27e-04	7.52e-02	9.12e-01	1.22e-02	1.53e-04	0.00e+00	0.00e+00	0.00e+00	0.00e+00	5.39e-04	2.86e-04	9.59e-05
 8.23899e+15	1.07e-03	8.10e-02	9.07e-01	1.06e-02	1.20e-04	0.00e+00	0.00e+00	0.00e+00	0.00e+00	6.22e-04	3.29e-04	1.11e-04
 8.28111e+15	1.25e-03	8.79e-02	9.02e-01	9.05e-03	9.34e-05	0.00e+00	0.00e+00	0.00e+00	0.00e+00	7.26e-04	3.84e-04	1.29e-04
 8.31885e+15	1.44e-03	9.47e-02	8.96e-01	7.88e-03	7.46e-05	0.00e+00	0.00e+00	0.00e+00	0.00e+00	8.37e-04	4.43e-04	1.49e-04
 8.35269e+15	1.64e-03	1.01e-01	8.90e-01	6.95e-03	6.09e-05	0.00e+00	0.00e+00	0.00e+00	0.00e+00	9.52e-04	5.04e-04	1.69e-04
 8.39065e+15	1.89e-03	1.09e-01	8.83e-01	6.02e-03	4.82e-05	0.00e+00	0.00e+00	0.00e+00	0.00e+00	1.10e-03	5.81e-04	1.95e-04
 8.43285e+15	2.22e-03	1.19e-01	8.73e-01	5.14e-03	3.75e-05	0.00e+00	0.00e+00	0.00e+00	0.00e+00	1.29e-03	6.85e-04	2.30e-04
 8.47063e+15	2.58e-03	1.29e-01	8.64e-01	4.46e-03	2.99e-05	0.00e+00	0.00e+00	0.00e+00	0.00e+00	1.50e-03	7.96e-04	2.68e-04
