#depth	N	N+	N+2	N+3	N+4	N+5	N+6	N+7
 1.49634e+10	1.20e-43	1.18e-33	1.36e-24	3.59e-16	1.08e-08	9.95e-01	4.61e-03	0.00e+00
 4.54887e+10	0.00e+00	1.66e-33	1.76e-24	4.27e-16	1.18e-08	9.96e-01	4.24e-03	8.98e-09
 7.72350e+10	2.80e-43	2.34e-33	2.28e-24	5.08e-16	1.28e-08	9.96e-01	3.87e-03	0.00e+00
 1.10251e+11	0.00e+00	3.29e-33	2.96e-24	6.06e-16	1.40e-08	9.96e-01	3.54e-03	0.00e+00
 1.42327e+11	6.39e-43	4.54e-33	3.77e-24	7.14e-16	1.53e-08	9.97e-01	3.25e-03	0.00e+00
 1.72616e+11	0.00e+00	6.09e-33	4.72e-24	8.30e-16	1.65e-08	9.97e-01	3.01e-03	0.00e+00
 2.06379e+11	1.36e-42	8.35e-33	6.00e-24	9.77e-16	1.79e-08	9.97e-01	2.77e-03	0.00e+00
 2.44561e+11	0.00e+00	1.18e-32	7.80e-24	1.17e-15	1.96e-08	9.97e-01	2.53e-03	0.00e+00
 2.82603e+11	3.16e-42	1.64e-32	1.01e-23	1.39e-15	2.14e-08	9.98e-01	2.32e-03	0.00e+00
 3.22166e+11	0.00e+00	2.29e-32	1.30e-23	1.65e-15	2.34e-08	9.98e-01	2.12e-03	0.00e+00
 3.64980e+11	7.34e-42	3.24e-32	1.69e-23	1.97e-15	2.57e-08	9.98e-01	1.94e-03	0.00e+00
 4.08551e+11	0.00e+00	4.55e-32	2.19e-23	2.36e-15	2.81e-08	9.98e-01	1.77e-03	0.00e+00
 4.51231e+11	1.67e-41	6.28e-32	2.80e-23	2.79e-15	3.07e-08	9.98e-01	1.62e-03	0.00e+00
 4.96573e+11	0.00e+00	8.72e-32	3.61e-23	3.32e-15	3.35e-08	9.99e-01	1.48e-03	0.00e+00
 5.46363e+11	3.84e-41	1.24e-31	4.71e-23	3.99e-15	3.69e-08	9.99e-01	1.35e-03	0.00e+00
 5.98145e+11	0.00e+00	1.75e-31	6.16e-23	4.79e-15	4.06e-08	9.99e-01	1.23e-03	0.00e+00
 6.51997e+11	9.06e-41	2.47e-31	8.05e-23	5.77e-15	4.47e-08	9.99e-01	1.12e-03	0.00e+00
 7.08004e+11	0.00e+00	3.50e-31	1.05e-22	6.94e-15	4.92e-08	9.99e-01	1.01e-03	0.00e+00
 7.66251e+11	2.12e-40	4.94e-31	1.38e-22	8.37e-15	5.42e-08	9.99e-01	9.20e-04	0.00e+00
 8.18958e+11	0.00e+00	6.67e-31	1.74e-22	9.85e-15	5.91e-08	9.99e-01	8.45e-04	0.00e+00
 8.62916e+11	4.13e-40	8.50e-31	2.10e-22	1.12e-14	6.33e-08	9.99e-01	7.89e-04	0.00e+00
 9.11087e+11	0.00e+00	1.10e-30	2.57e-22	1.29e-14	6.81e-08	9.99e-01	7.33e-04	0.00e+00
 9.72044e+11	8.32e-40	1.50e-30	3.28e-22	1.54e-14	7.46e-08	9.99e-01	6.70e-04	0.00e+00
 1.03562e+12	0.00e+00	2.06e-30	4.19e-22	1.83e-14	8.18e-08	9.99e-01	6.11e-04	0.00e+00
 1.08963e+12	1.67e-39	2.66e-30	5.13e-22	2.11e-14	8.82e-08	9.99e-01	5.67e-04	0.00e+00
 1.14519e+12	0.00e+00	3.43e-30	6.27e-22	2.43e-14	9.52e-08	9.99e-01	5.26e-04	0.00e+00
 1.21510e+12	3.31e-39	4.67e-30	7.99e-22	2.89e-14	1.04e-07	1.00e+00	4.80e-04	0.00e+00
 1.28610e+12	0.00e+00	6.31e-30	1.01e-21	3.42e-14	1.14e-07	1.00e+00	4.39e-04	0.00e+00
 1.34706e+12	6.41e-39	8.07e-30	1.23e-21	3.93e-14	1.23e-07	1.00e+00	4.07e-04	0.00e+00
 1.41251e+12	0.00e+00	1.04e-29	1.51e-21	4.55e-14	1.33e-07	1.00e+00	3.77e-04	0.00e+00
 1.49346e+12	1.26e-38	1.41e-29	1.92e-21	5.41e-14	1.46e-07	1.00e+00	3.43e-04	0.00e+00
 1.57644e+12	0.00e+00	1.90e-29	2.43e-21	6.43e-14	1.60e-07	1.00e+00	3.13e-04	0.00e+00
 1.65123e+12	2.46e-38	2.46e-29	2.99e-21	7.45e-14	1.74e-07	1.00e+00	2.89e-04	0.00e+00
 1.73349e+12	0.00e+00	3.22e-29	3.71e-21	8.72e-14	1.89e-07	1.00e+00	2.66e-04	0.00e+00
 1.83055e+12	4.91e-38	4.38e-29	4.74e-21	1.04e-13	2.09e-07	1.00e+00	2.42e-04	0.00e+00
 1.92773e+12	0.00e+00	5.87e-29	6.00e-21	1.24e-13	2.29e-07	1.00e+00	2.20e-04	0.00e+00
 2.02001e+12	9.61e-38	7.66e-29	7.42e-21	1.44e-13	2.49e-07	1.00e+00	2.03e-04	0.00e+00
 2.12196e+12	0.00e+00	1.02e-28	9.31e-21	1.70e-13	2.73e-07	1.00e+00	1.85e-04	0.00e+00
 2.23676e+12	1.94e-37	1.38e-28	1.19e-20	2.04e-13	3.01e-07	1.00e+00	1.68e-04	0.00e+00
 2.35151e+12	0.00e+00	1.84e-28	1.50e-20	2.42e-13	3.30e-07	1.00e+00	1.53e-04	0.00e+00
 2.45304e+12	3.68e-37	2.35e-28	1.83e-20	2.79e-13	3.57e-07	1.00e+00	1.42e-04	0.00e+00
 2.53817e+12	0.00e+00	2.87e-28	2.15e-20	3.14e-13	3.81e-07	1.00e+00	1.33e-04	0.00e+00
 2.62976e+12	6.00e-37	3.53e-28	2.54e-20	3.55e-13	4.08e-07	1.00e+00	1.24e-04	0.00e+00
 2.74882e+12	0.00e+00	4.58e-28	3.13e-20	4.14e-13	4.44e-07	1.00e+00	1.14e-04	0.00e+00
 2.87343e+12	1.12e-36	5.96e-28	3.86e-20	4.83e-13	4.83e-07	1.00e+00	1.05e-04	0.00e+00
 2.97980e+12	0.00e+00	7.39e-28	4.60e-20	5.49e-13	5.18e-07	1.00e+00	9.80e-05	0.00e+00
 3.09262e+12	1.90e-36	9.23e-28	5.50e-20	6.25e-13	5.57e-07	1.00e+00	9.12e-05	0.00e+00
 3.23447e+12	0.00e+00	1.21e-27	6.83e-20	7.33e-13	6.08e-07	1.00e+00	8.37e-05	0.00e+00
 3.38053e+12	3.59e-36	1.57e-27	8.46e-20	8.57e-13	6.63e-07	1.00e+00	7.68e-05	0.00e+00
 3.50924e+12	0.00e+00	1.97e-27	1.01e-19	9.79e-13	7.13e-07	1.00e+00	7.14e-05	0.00e+00
 3.64895e+12	6.26e-36	2.50e-27	1.23e-19	1.13e-12	7.70e-07	1.00e+00	6.62e-05	0.00e+00
 3.80322e+12	0.00e+00	3.22e-27	1.51e-19	1.31e-12	8.36e-07	1.00e+00	6.10e-05	0.00e+00
 3.94550e+12	1.11e-35	4.03e-27	1.80e-19	1.49e-12	8.99e-07	1.00e+00	5.67e-05	0.00e+00
 4.09954e+12	0.00e+00	5.10e-27	2.18e-19	1.71e-12	9.70e-07	1.00e+00	5.26e-05	0.00e+00
 4.27126e+12	1.99e-35	6.57e-27	2.67e-19	1.98e-12	1.05e-06	1.00e+00	4.85e-05	0.00e+00
 4.43204e+12	0.00e+00	8.27e-27	3.22e-19	2.27e-12	1.13e-06	1.00e+00	4.51e-05	0.00e+00
 4.60713e+12	3.50e-35	1.05e-26	3.90e-19	2.61e-12	1.23e-06	1.00e+00	4.17e-05	0.00e+00
 4.80168e+12	0.00e+00	1.36e-26	4.81e-19	3.04e-12	1.33e-06	1.00e+00	3.84e-05	0.00e+00
 4.98335e+12	6.32e-35	1.72e-26	5.80e-19	3.48e-12	1.44e-06	1.00e+00	3.57e-05	0.00e+00
 5.18130e+12	0.00e+00	2.20e-26	7.07e-19	4.01e-12	1.55e-06	1.00e+00	3.30e-05	0.00e+00
 5.40260e+12	1.17e-34	2.87e-26	8.75e-19	4.67e-12	1.69e-06	1.00e+00	3.03e-05	0.00e+00
 5.61127e+12	0.00e+00	3.66e-26	1.06e-18	5.37e-12	1.82e-06	1.00e+00	2.81e-05	0.00e+00
 5.83957e+12	2.13e-34	4.73e-26	1.30e-18	6.22e-12	1.98e-06	1.00e+00	2.60e-05	0.00e+00
 6.09525e+12	2.96e-34	6.23e-26	1.63e-18	7.29e-12	2.16e-06	1.00e+00	2.38e-05	0.00e+00
 6.33758e+12	4.02e-34	8.03e-26	1.99e-18	8.42e-12	2.33e-06	1.00e+00	2.20e-05	0.00e+00
 6.59730e+12	5.53e-34	1.05e-25	2.46e-18	9.77e-12	2.53e-06	1.00e+00	2.03e-05	0.00e+00
 6.89112e+12	7.79e-34	1.39e-25	3.08e-18	1.15e-11	2.76e-06	1.00e+00	1.86e-05	0.00e+00
 7.18201e+12	1.08e-33	1.83e-25	3.83e-18	1.34e-11	3.00e-06	1.00e+00	1.71e-05	0.00e+00
 7.48455e+12	1.51e-33	2.41e-25	4.77e-18	1.56e-11	3.27e-06	1.00e+00	1.58e-05	0.00e+00
 7.81386e+12	2.16e-33	3.22e-25	6.00e-18	1.83e-11	3.56e-06	1.00e+00	1.45e-05	0.00e+00
 8.15634e+12	3.05e-33	4.30e-25	7.53e-18	2.15e-11	3.88e-06	1.00e+00	1.33e-05	0.00e+00
 8.47853e+12	4.20e-33	5.60e-25	9.27e-18	2.49e-11	4.20e-06	1.00e+00	1.23e-05	0.00e+00
 8.76783e+12	5.55e-33	7.04e-25	1.11e-17	2.82e-11	4.49e-06	1.00e+00	1.15e-05	0.00e+00
 9.04110e+12	7.17e-33	8.69e-25	1.31e-17	3.17e-11	4.78e-06	1.00e+00	1.08e-05	0.00e+00
 9.34369e+12	9.49e-33	1.09e-24	1.57e-17	3.58e-11	5.10e-06	1.00e+00	1.01e-05	0.00e+00
 9.68320e+12	1.29e-32	1.40e-24	1.90e-17	4.10e-11	5.48e-06	1.00e+00	9.42e-06	0.00e+00
 1.00059e+13	1.70e-32	1.76e-24	2.28e-17	4.64e-11	5.85e-06	1.00e+00	8.82e-06	0.00e+00
 1.03605e+13	2.29e-32	2.25e-24	2.76e-17	5.29e-11	6.27e-06	1.00e+00	8.23e-06	0.00e+00
 1.07568e+13	3.18e-32	2.94e-24	3.39e-17	6.09e-11	6.75e-06	1.00e+00	7.64e-06	0.00e+00
 1.11242e+13	4.25e-32	3.73e-24	4.08e-17	6.92e-11	7.22e-06	1.00e+00	7.15e-06	0.00e+00
 1.14651e+13	5.54e-32	4.63e-24	4.82e-17	7.76e-11	7.67e-06	1.00e+00	6.74e-06	0.00e+00
 1.18543e+13	7.48e-32	5.90e-24	5.81e-17	8.80e-11	8.19e-06	1.00e+00	6.31e-06	0.00e+00
 1.23307e+13	1.05e-31	7.79e-24	7.22e-17	1.02e-10	8.87e-06	1.00e+00	5.83e-06	0.00e+00
 1.28007e+13	1.47e-31	1.03e-23	8.90e-17	1.18e-10	9.54e-06	1.00e+00	5.42e-06	0.00e+00
 1.32098e+13	1.96e-31	1.29e-23	1.06e-16	1.33e-10	1.01e-05	1.00e+00	5.09e-06	0.00e+00
 1.36598e+13	2.66e-31	1.65e-23	1.28e-16	1.51e-10	1.08e-05	1.00e+00	4.77e-06	0.00e+00
 1.42074e+13	3.82e-31	2.22e-23	1.60e-16	1.75e-10	1.17e-05	1.00e+00	4.42e-06	0.00e+00
 1.47627e+13	5.40e-31	2.93e-23	1.99e-16	2.03e-10	1.26e-05	1.00e+00	4.10e-06	0.00e+00
 1.52641e+13	7.37e-31	3.77e-23	2.40e-16	2.31e-10	1.35e-05	1.00e+00	3.84e-06	0.00e+00
 1.58148e+13	1.03e-30	4.92e-23	2.94e-16	2.64e-10	1.44e-05	1.00e+00	3.59e-06	0.00e+00
 1.64636e+13	1.50e-30	6.67e-23	3.70e-16	3.08e-10	1.56e-05	1.00e+00	3.32e-06	0.00e+00
 1.71105e+13	2.15e-30	8.92e-23	4.61e-16	3.57e-10	1.68e-05	1.00e+00	3.08e-06	0.00e+00
 1.77210e+13	2.99e-30	1.16e-22	5.64e-16	4.09e-10	1.80e-05	1.00e+00	2.88e-06	0.00e+00
 1.83976e+13	4.26e-30	1.54e-22	7.00e-16	4.72e-10	1.93e-05	1.00e+00	2.68e-06	0.00e+00
 1.91634e+13	6.29e-30	2.11e-22	8.85e-16	5.52e-10	2.09e-05	1.00e+00	2.47e-06	0.00e+00
 1.99326e+13	9.20e-30	2.86e-22	1.11e-15	6.43e-10	2.25e-05	1.00e+00	2.29e-06	0.00e+00
 2.07326e+13	1.34e-29	3.87e-22	1.40e-15	7.48e-10	2.43e-05	1.00e+00	2.13e-06	0.00e+00
 2.15918e+13	1.98e-29	5.29e-22	1.77e-15	8.75e-10	2.63e-05	1.00e+00	1.97e-06	0.00e+00
 2.24854e+13	2.93e-29	7.23e-22	2.23e-15	1.02e-09	2.84e-05	1.00e+00	1.82e-06	0.00e+00
 2.33474e+13	4.21e-29	9.67e-22	2.78e-15	1.18e-09	3.06e-05	1.00e+00	1.69e-06	0.00e+00
 2.41531e+13	5.84e-29	1.26e-21	3.39e-15	1.35e-09	3.26e-05	1.00e+00	1.58e-06	0.00e+00
 2.49115e+13	7.93e-29	1.60e-21	4.06e-15	1.52e-09	3.46e-05	1.00e+00	1.49e-06	0.00e+00
 2.57374e+13	1.08e-28	2.05e-21	4.90e-15	1.73e-09	3.69e-05	1.00e+00	1.40e-06	0.00e+00
 2.66511e+13	1.52e-28	2.70e-21	6.02e-15	1.98e-09	3.94e-05	1.00e+00	1.31e-06	0.00e+00
 2.75118e+13	2.08e-28	3.46e-21	7.25e-15	2.24e-09	4.19e-05	1.00e+00	1.23e-06	0.00e+00
 2.84634e+13	2.89e-28	4.51e-21	8.84e-15	2.55e-09	4.48e-05	1.00e+00	1.15e-06	0.00e+00
 2.95299e+13	4.10e-28	5.98e-21	1.10e-14	2.95e-09	4.81e-05	1.00e+00	1.07e-06	0.00e+00
 3.05428e+13	5.69e-28	7.78e-21	1.34e-14	3.36e-09	5.14e-05	1.00e+00	1.01e-06	0.00e+00
 3.16564e+13	8.10e-28	1.03e-20	1.65e-14	3.87e-09	5.50e-05	1.00e+00	9.39e-07	0.00e+00
 3.29125e+13	1.18e-27	1.39e-20	2.07e-14	4.50e-09	5.94e-05	1.00e+00	0.00e+00	0.00e+00
 3.41200e+13	1.65e-27	1.83e-20	2.56e-14	5.18e-09	6.37e-05	1.00e+00	0.00e+00	0.00e+00
 3.54098e+13	2.39e-27	2.46e-20	3.18e-14	5.99e-09	6.85e-05	1.00e+00	0.00e+00	0.00e+00
 3.68562e+13	3.48e-27	3.33e-20	4.02e-14	7.01e-09	7.41e-05	1.00e+00	0.00e+00	0.00e+00
 3.81910e+13	4.93e-27	4.41e-20	4.96e-14	8.06e-09	7.95e-05	1.00e+00	0.00e+00	0.00e+00
 3.93445e+13	6.49e-27	5.51e-20	5.90e-14	9.06e-09	8.43e-05	1.00e+00	0.00e+00	0.00e+00
 4.06231e+13	8.91e-27	7.09e-20	7.13e-14	1.03e-08	8.97e-05	1.00e+00	0.00e+00	0.00e+00
 4.21877e+13	1.26e-26	9.43e-20	8.90e-14	1.19e-08	9.68e-05	1.00e+00	0.00e+00	0.00e+00
 4.37724e+13	1.79e-26	1.25e-19	1.10e-13	1.38e-08	1.04e-04	1.00e+00	0.00e+00	0.00e+00
 4.51931e+13	2.45e-26	1.61e-19	1.33e-13	1.56e-08	1.11e-04	1.00e+00	0.00e+00	0.00e+00
 4.67523e+13	3.34e-26	2.07e-19	1.63e-13	1.79e-08	1.19e-04	1.00e+00	0.00e+00	0.00e+00
 4.86013e+13	4.82e-26	2.79e-19	2.04e-13	2.08e-08	1.28e-04	1.00e+00	0.00e+00	0.00e+00
 5.04239e+13	6.81e-26	3.69e-19	2.54e-13	2.41e-08	1.38e-04	1.00e+00	0.00e+00	0.00e+00
 5.20868e+13	9.26e-26	4.73e-19	3.08e-13	2.74e-08	1.47e-04	1.00e+00	0.00e+00	0.00e+00
 5.39449e+13	1.30e-25	6.22e-19	3.78e-13	3.14e-08	1.58e-04	1.00e+00	0.00e+00	0.00e+00
 5.61099e+13	1.85e-25	8.32e-19	4.77e-13	3.67e-08	1.71e-04	1.00e+00	0.00e+00	0.00e+00
 5.82370e+13	2.66e-25	1.11e-18	5.94e-13	4.25e-08	1.84e-04	1.00e+00	0.00e+00	0.00e+00
 6.02432e+13	3.59e-25	1.43e-18	7.24e-13	4.87e-08	1.97e-04	1.00e+00	0.00e+00	0.00e+00
 6.24768e+13	5.05e-25	1.88e-18	8.98e-13	5.62e-08	2.12e-04	1.00e+00	0.00e+00	0.00e+00
 6.50058e+13	7.28e-25	2.54e-18	1.13e-12	6.58e-08	2.30e-04	1.00e+00	0.00e+00	0.00e+00
 6.75297e+13	1.05e-24	3.42e-18	1.42e-12	7.65e-08	2.48e-04	1.00e+00	0.00e+00	0.00e+00
 6.98921e+13	1.42e-24	4.38e-18	1.74e-12	8.76e-08	2.66e-04	1.00e+00	0.00e+00	0.00e+00
 7.24552e+13	2.02e-24	5.81e-18	2.15e-12	1.01e-07	2.86e-04	1.00e+00	0.00e+00	0.00e+00
 7.53833e+13	2.85e-24	7.74e-18	2.72e-12	1.18e-07	3.10e-04	1.00e+00	0.00e+00	0.00e+00
 7.81428e+13	3.98e-24	1.02e-17	3.36e-12	1.36e-07	3.33e-04	1.00e+00	0.00e+00	0.00e+00
 8.06253e+13	5.37e-24	1.29e-17	4.05e-12	1.54e-07	3.54e-04	1.00e+00	0.00e+00	0.00e+00
 8.29751e+13	6.96e-24	1.60e-17	4.79e-12	1.73e-07	3.76e-04	1.00e+00	0.00e+00	0.00e+00
 8.55830e+13	9.26e-24	2.02e-17	5.76e-12	1.96e-07	4.00e-04	1.00e+00	0.00e+00	0.00e+00
 8.84900e+13	1.24e-23	2.58e-17	7.01e-12	2.23e-07	4.28e-04	1.00e+00	0.00e+00	0.00e+00
 9.12227e+13	1.66e-23	3.27e-17	8.40e-12	2.52e-07	4.54e-04	1.00e+00	0.00e+00	0.00e+00
 9.42122e+13	2.19e-23	4.12e-17	1.02e-11	2.87e-07	4.85e-04	1.00e+00	0.00e+00	0.00e+00
 9.75554e+13	3.06e-23	5.40e-17	1.25e-11	3.29e-07	5.20e-04	9.99e-01	0.00e+00	0.00e+00
 1.00731e+14	3.99e-23	6.76e-17	1.51e-11	3.74e-07	5.55e-04	9.99e-01	0.00e+00	0.00e+00
 1.04233e+14	5.48e-23	8.76e-17	1.85e-11	4.28e-07	5.95e-04	9.99e-01	0.00e+00	0.00e+00
 1.08106e+14	7.73e-23	1.16e-16	2.29e-11	4.95e-07	6.40e-04	9.99e-01	0.00e+00	0.00e+00
 1.11685e+14	1.02e-22	1.46e-16	2.78e-11	5.64e-07	6.84e-04	9.99e-01	0.00e+00	0.00e+00
 1.15564e+14	1.41e-22	1.90e-16	3.40e-11	6.46e-07	7.32e-04	9.99e-01	0.00e+00	0.00e+00
 1.19889e+14	1.91e-22	2.46e-16	4.23e-11	7.47e-07	7.90e-04	9.99e-01	0.00e+00	0.00e+00
 1.23944e+14	2.63e-22	3.18e-16	5.15e-11	8.53e-07	8.44e-04	9.99e-01	0.00e+00	0.00e+00
 1.28363e+14	3.52e-22	4.08e-16	6.33e-11	9.81e-07	9.07e-04	9.99e-01	0.00e+00	0.00e+00
 1.33274e+14	4.99e-22	5.43e-16	7.91e-11	1.14e-06	9.78e-04	9.99e-01	0.00e+00	0.00e+00
 1.37871e+14	6.61e-22	6.89e-16	9.65e-11	1.30e-06	1.05e-03	9.99e-01	0.00e+00	0.00e+00
 1.42869e+14	9.17e-22	9.01e-16	1.19e-10	1.50e-06	1.13e-03	9.99e-01	0.00e+00	0.00e+00
 1.48449e+14	1.25e-21	1.18e-15	1.49e-10	1.75e-06	1.22e-03	9.99e-01	0.00e+00	0.00e+00
 1.53726e+14	1.73e-21	1.53e-15	1.84e-10	2.01e-06	1.31e-03	9.99e-01	0.00e+00	0.00e+00
 1.59380e+14	2.33e-21	1.97e-15	2.27e-10	2.32e-06	1.41e-03	9.99e-01	0.00e+00	0.00e+00
 1.65785e+14	3.31e-21	2.64e-15	2.86e-10	2.72e-06	1.53e-03	9.98e-01	0.00e+00	0.00e+00
 1.72082e+14	4.42e-21	3.40e-15	3.56e-10	3.16e-06	1.66e-03	9.98e-01	0.00e+00	0.00e+00
 1.78130e+14	5.96e-21	4.36e-15	4.37e-10	3.62e-06	1.78e-03	9.98e-01	0.00e+00	0.00e+00
 1.84785e+14	8.11e-21	5.66e-15	5.42e-10	4.19e-06	1.92e-03	9.98e-01	0.00e+00	0.00e+00
 1.92206e+14	1.13e-20	7.48e-15	6.82e-10	4.91e-06	2.09e-03	9.98e-01	0.00e+00	0.00e+00
 1.98506e+14	1.49e-20	9.44e-15	8.24e-10	5.58e-06	2.24e-03	9.98e-01	0.00e+00	0.00e+00
 2.03161e+14	1.79e-20	1.11e-14	9.44e-10	6.12e-06	2.35e-03	9.98e-01	0.00e+00	0.00e+00
 2.08079e+14	2.19e-20	1.31e-14	1.09e-09	6.74e-06	2.47e-03	9.98e-01	0.00e+00	0.00e+00
 2.14473e+14	2.78e-20	1.61e-14	1.30e-09	7.61e-06	2.64e-03	9.97e-01	0.00e+00	0.00e+00
 2.21482e+14	3.61e-20	2.02e-14	1.56e-09	8.65e-06	2.83e-03	9.97e-01	0.00e+00	0.00e+00
 2.27917e+14	4.58e-20	2.47e-14	1.85e-09	9.70e-06	3.01e-03	9.97e-01	0.00e+00	0.00e+00
 2.34908e+14	5.78e-20	3.03e-14	2.20e-09	1.09e-05	3.22e-03	9.97e-01	0.00e+00	0.00e+00
 2.42760e+14	7.60e-20	3.82e-14	2.67e-09	1.25e-05	3.45e-03	9.97e-01	0.00e+00	0.00e+00
 2.50288e+14	9.67e-20	4.70e-14	3.19e-09	1.41e-05	3.69e-03	9.96e-01	0.00e+00	0.00e+00
 2.58631e+14	1.26e-19	5.90e-14	3.87e-09	1.61e-05	3.96e-03	9.96e-01	0.00e+00	0.00e+00
 2.67930e+14	1.65e-19	7.49e-14	4.75e-09	1.85e-05	4.28e-03	9.96e-01	0.00e+00	0.00e+00
 2.76649e+14	2.14e-19	9.36e-14	5.73e-09	2.10e-05	4.59e-03	9.95e-01	0.00e+00	0.00e+00
 2.86161e+14	2.79e-19	1.18e-13	6.98e-09	2.41e-05	4.95e-03	9.95e-01	0.00e+00	0.00e+00
 2.96724e+14	3.70e-19	1.51e-13	8.63e-09	2.78e-05	5.37e-03	9.95e-01	0.00e+00	0.00e+00
 3.06529e+14	4.82e-19	1.89e-13	1.04e-08	3.17e-05	5.76e-03	9.94e-01	0.00e+00	0.00e+00
 3.17153e+14	6.27e-19	2.38e-13	1.27e-08	3.63e-05	6.22e-03	9.94e-01	0.00e+00	0.00e+00
 3.29004e+14	8.37e-19	3.06e-13	1.58e-08	4.21e-05	6.75e-03	9.93e-01	0.00e+00	0.00e+00
 3.40092e+14	1.08e-18	3.84e-13	1.92e-08	4.80e-05	7.25e-03	9.93e-01	0.00e+00	0.00e+00
 3.52149e+14	1.44e-18	4.90e-13	2.36e-08	5.52e-05	7.84e-03	9.92e-01	0.00e+00	0.00e+00
 3.65595e+14	1.93e-18	6.34e-13	2.94e-08	6.40e-05	8.53e-03	9.91e-01	0.00e+00	0.00e+00
 3.78199e+14	2.52e-18	8.00e-13	3.59e-08	7.33e-05	9.19e-03	9.91e-01	0.00e+00	0.00e+00
 3.91870e+14	3.38e-18	1.03e-12	4.43e-08	8.44e-05	9.95e-03	9.90e-01	0.00e+00	0.00e+00
 4.07162e+14	4.61e-18	1.35e-12	5.56e-08	9.84e-05	1.08e-02	9.89e-01	0.00e+00	0.00e+00
 4.21732e+14	6.14e-18	1.73e-12	6.84e-08	1.13e-04	1.17e-02	9.88e-01	0.00e+00	0.00e+00
 4.37298e+14	8.26e-18	2.23e-12	8.49e-08	1.31e-04	1.27e-02	9.87e-01	0.00e+00	0.00e+00
 4.54820e+14	1.14e-17	2.95e-12	1.07e-07	1.53e-04	1.39e-02	9.86e-01	0.00e+00	0.00e+00
 4.72174e+14	1.55e-17	3.84e-12	1.34e-07	1.77e-04	1.50e-02	9.85e-01	0.00e+00	0.00e+00
 4.86385e+14	1.96e-17	4.71e-12	1.60e-07	2.00e-04	1.60e-02	9.84e-01	0.00e+00	0.00e+00
 4.97439e+14	2.40e-17	5.58e-12	1.83e-07	2.18e-04	1.69e-02	9.83e-01	0.00e+00	0.00e+00
 5.09548e+14	2.94e-17	6.65e-12	2.11e-07	2.40e-04	1.78e-02	9.82e-01	0.00e+00	0.00e+00
 5.25290e+14	3.80e-17	8.28e-12	2.54e-07	2.71e-04	1.90e-02	9.81e-01	0.00e+00	0.00e+00
 5.42306e+14	4.87e-17	1.03e-11	3.07e-07	3.08e-04	2.04e-02	9.79e-01	0.00e+00	0.00e+00
 5.57656e+14	6.33e-17	1.28e-11	3.64e-07	3.44e-04	2.17e-02	9.78e-01	0.00e+00	0.00e+00
 5.74290e+14	8.13e-17	1.58e-11	4.34e-07	3.87e-04	2.31e-02	9.76e-01	0.00e+00	0.00e+00
 5.95380e+14	1.11e-16	2.07e-11	5.40e-07	4.46e-04	2.51e-02	9.74e-01	0.00e+00	0.00e+00
 6.16585e+14	1.64e-16	2.67e-11	6.66e-07	5.13e-04	2.70e-02	9.72e-01	0.00e+00	0.00e+00
 6.34410e+14	2.07e-16	3.27e-11	7.91e-07	5.75e-04	2.87e-02	9.71e-01	0.00e+00	0.00e+00
 6.53521e+14	2.68e-16	4.07e-11	9.47e-07	6.47e-04	3.06e-02	9.69e-01	0.00e+00	0.00e+00
 6.77624e+14	3.83e-16	5.42e-11	1.18e-06	7.47e-04	3.31e-02	9.66e-01	0.00e+00	0.00e+00
 7.02906e+14	5.33e-16	7.14e-11	1.47e-06	8.64e-04	3.59e-02	9.63e-01	0.00e+00	0.00e+00
 7.25627e+14	7.04e-16	9.03e-11	1.79e-06	9.80e-04	3.84e-02	9.61e-01	0.00e+00	0.00e+00
 7.50331e+14	9.29e-16	1.15e-10	2.19e-06	1.12e-03	4.12e-02	9.58e-01	0.00e+00	0.00e+00
 7.79595e+14	1.35e-15	1.55e-10	2.76e-06	1.30e-03	4.47e-02	9.54e-01	0.00e+00	0.00e+00
 8.08382e+14	1.89e-15	2.05e-10	3.44e-06	1.50e-03	4.82e-02	9.50e-01	0.00e+00	0.00e+00
 8.34640e+14	2.55e-15	2.61e-10	4.18e-06	1.71e-03	5.16e-02	9.47e-01	0.00e+00	0.00e+00
 8.64016e+14	3.41e-15	3.35e-10	5.15e-06	1.96e-03	5.55e-02	9.43e-01	0.00e+00	0.00e+00
 8.98247e+14	5.03e-15	4.58e-10	6.53e-06	2.28e-03	6.02e-02	9.38e-01	0.00e+00	0.00e+00
 9.31968e+14	7.13e-15	6.09e-10	8.16e-06	2.64e-03	6.49e-02	9.32e-01	0.00e+00	0.00e+00
 9.63981e+14	9.81e-15	7.90e-10	1.00e-05	3.01e-03	6.96e-02	9.27e-01	0.00e+00	0.00e+00
 9.99514e+14	1.34e-14	1.03e-09	1.25e-05	3.48e-03	7.49e-02	9.22e-01	0.00e+00	0.00e+00
 1.03952e+15	2.03e-14	1.42e-09	1.58e-05	4.06e-03	8.12e-02	9.15e-01	0.00e+00	0.00e+00
 1.07319e+15	2.75e-14	1.82e-09	1.92e-05	4.60e-03	8.66e-02	9.09e-01	0.00e+00	0.00e+00
 1.09756e+15	3.40e-14	2.17e-09	2.20e-05	5.02e-03	9.05e-02	9.04e-01	0.00e+00	0.00e+00
 1.12312e+15	4.24e-14	2.59e-09	2.53e-05	5.49e-03	9.48e-02	9.00e-01	0.00e+00	0.00e+00
 1.15634e+15	5.40e-14	3.19e-09	3.01e-05	6.14e-03	1.00e-01	8.94e-01	0.00e+00	0.00e+00
 1.19339e+15	7.57e-14	4.16e-09	3.64e-05	6.95e-03	1.07e-01	8.86e-01	0.00e+00	0.00e+00
 1.22795e+15	9.99e-14	5.19e-09	4.32e-05	7.76e-03	1.13e-01	8.79e-01	0.00e+00	0.00e+00
 1.26539e+15	1.28e-13	6.43e-09	5.17e-05	8.71e-03	1.19e-01	8.72e-01	0.00e+00	0.00e+00
 1.30768e+15	1.83e-13	8.47e-09	6.30e-05	9.89e-03	1.27e-01	8.63e-01	0.00e+00	0.00e+00
 1.34791e+15	2.42e-13	1.07e-08	7.55e-05	1.11e-02	1.35e-01	8.54e-01	0.00e+00	0.00e+00
 1.39184e+15	3.20e-13	1.35e-08	9.12e-05	1.25e-02	1.43e-01	8.44e-01	0.00e+00	0.00e+00
 1.44118e+15	4.66e-13	1.80e-08	1.12e-04	1.43e-02	1.53e-01	8.33e-01	0.00e+00	0.00e+00
 1.48786e+15	6.27e-13	2.30e-08	1.36e-04	1.61e-02	1.62e-01	8.22e-01	0.00e+00	0.00e+00
 1.53887e+15	8.39e-13	2.94e-08	1.65e-04	1.83e-02	1.71e-01	8.10e-01	0.00e+00	0.00e+00
 1.59575e+15	1.24e-12	3.98e-08	2.05e-04	2.10e-02	1.83e-01	7.96e-01	0.00e+00	0.00e+00
 1.64846e+15	1.70e-12	5.12e-08	2.48e-04	2.37e-02	1.94e-01	7.82e-01	0.00e+00	0.00e+00
 1.70517e+15	2.32e-12	6.60e-08	3.02e-04	2.68e-02	2.05e-01	7.68e-01	0.00e+00	0.00e+00
 1.76883e+15	3.18e-12	8.59e-08	3.73e-04	3.06e-02	2.18e-01	7.51e-01	0.00e+00	0.00e+00
 1.82903e+15	4.60e-12	1.14e-07	4.54e-04	3.46e-02	2.30e-01	7.35e-01	0.00e+00	0.00e+00
 1.89480e+15	6.36e-12	1.49e-07	5.56e-04	3.93e-02	2.43e-01	7.17e-01	0.00e+00	0.00e+00
 1.96787e+15	8.78e-12	1.94e-07	6.89e-04	4.48e-02	2.57e-01	6.97e-01	0.00e+00	0.00e+00
 2.03383e+15	1.20e-11	2.50e-07	8.31e-04	5.03e-02	2.70e-01	6.79e-01	0.00e+00	0.00e+00
 2.09294e+15	1.59e-11	3.12e-07	9.79e-04	5.56e-02	2.82e-01	6.62e-01	0.00e+00	0.00e+00
 2.15976e+15	2.20e-11	4.03e-07	1.17e-03	6.20e-02	2.95e-01	6.42e-01	0.00e+00	0.00e+00
 2.24150e+15	3.00e-11	5.22e-07	1.44e-03	7.02e-02	3.09e-01	6.19e-01	0.00e+00	0.00e+00
 2.31703e+15	4.29e-11	6.87e-07	1.73e-03	7.86e-02	3.23e-01	5.97e-01	0.00e+00	0.00e+00
 2.37138e+15	5.32e-11	8.17e-07	1.97e-03	8.47e-02	3.32e-01	5.81e-01	0.00e+00	0.00e+00
 2.42377e+15	6.53e-11	9.62e-07	2.22e-03	9.10e-02	3.41e-01	5.66e-01	0.00e+00	0.00e+00
 2.49189e+15	8.13e-11	1.16e-06	2.57e-03	9.93e-02	3.51e-01	5.47e-01	0.00e+00	0.00e+00
 2.58044e+15	1.17e-10	1.53e-06	3.12e-03	1.11e-01	3.65e-01	5.21e-01	0.00e+00	0.00e+00
 2.66577e+15	1.50e-10	1.90e-06	3.70e-03	1.23e-01	3.76e-01	4.98e-01	0.00e+00	0.00e+00
 2.73276e+15	1.97e-10	2.33e-06	4.24e-03	1.32e-01	3.85e-01	4.78e-01	0.00e+00	0.00e+00
 2.80572e+15	2.51e-10	2.83e-06	4.87e-03	1.43e-01	3.94e-01	4.58e-01	0.00e+00	0.00e+00
 2.90056e+15	3.24e-10	3.51e-06	5.78e-03	1.57e-01	4.04e-01	4.33e-01	0.00e+00	0.00e+00
 3.00219e+15	4.64e-10	4.62e-06	6.94e-03	1.74e-01	4.14e-01	4.05e-01	0.00e+00	0.00e+00
 3.08799e+15	5.96e-10	5.64e-06	8.01e-03	1.88e-01	4.20e-01	3.84e-01	0.00e+00	0.00e+00
 3.17487e+15	7.59e-10	6.85e-06	9.22e-03	2.03e-01	4.26e-01	3.62e-01	0.00e+00	0.00e+00
 3.28783e+15	1.00e-09	8.59e-06	1.10e-02	2.22e-01	4.31e-01	3.36e-01	0.00e+00	0.00e+00
 3.40391e+15	1.43e-09	1.13e-05	1.31e-02	2.43e-01	4.36e-01	3.08e-01	0.00e+00	0.00e+00
 3.49849e+15	1.83e-09	1.37e-05	1.50e-02	2.59e-01	4.38e-01	2.88e-01	0.00e+00	0.00e+00
 3.59588e+15	2.34e-09	1.66e-05	1.71e-02	2.77e-01	4.39e-01	2.67e-01	0.00e+00	0.00e+00
 3.70542e+15	3.02e-09	2.04e-05	1.98e-02	2.96e-01	4.38e-01	2.46e-01	0.00e+00	0.00e+00
 3.80964e+15	3.92e-09	2.50e-05	2.27e-02	3.15e-01	4.36e-01	2.26e-01	0.00e+00	0.00e+00
 3.90740e+15	4.85e-09	2.95e-05	2.55e-02	3.33e-01	4.33e-01	2.09e-01	0.00e+00	0.00e+00
 4.01789e+15	6.03e-09	3.53e-05	2.91e-02	3.52e-01	4.28e-01	1.91e-01	0.00e+00	0.00e+00
 4.13856e+15	8.27e-09	4.47e-05	3.36e-02	3.74e-01	4.21e-01	1.72e-01	0.00e+00	0.00e+00
 4.24392e+15	1.03e-08	5.31e-05	3.77e-02	3.91e-01	4.14e-01	1.57e-01	0.00e+00	0.00e+00
 4.33041e+15	1.24e-08	6.11e-05	4.14e-02	4.06e-01	4.07e-01	1.45e-01	0.00e+00	0.00e+00
 4.42090e+15	1.50e-08	7.10e-05	4.57e-02	4.21e-01	4.00e-01	1.34e-01	0.00e+00	0.00e+00
 4.52163e+15	1.77e-08	8.12e-05	5.05e-02	4.37e-01	3.91e-01	1.22e-01	0.00e+00	0.00e+00
 4.63567e+15	2.35e-08	9.99e-05	5.70e-02	4.55e-01	3.79e-01	1.09e-01	0.00e+00	0.00e+00
 4.75836e+15	2.85e-08	1.17e-04	6.40e-02	4.72e-01	3.66e-01	9.72e-02	0.00e+00	0.00e+00
 4.86942e+15	3.76e-08	1.43e-04	7.16e-02	4.88e-01	3.54e-01	8.62e-02	0.00e+00	0.00e+00
 4.96946e+15	4.55e-08	1.66e-04	7.86e-02	5.02e-01	3.42e-01	7.78e-02	0.00e+00	0.00e+00
 5.06150e+15	5.46e-08	1.90e-04	8.56e-02	5.13e-01	3.31e-01	7.05e-02	0.00e+00	0.00e+00
 5.16464e+15	6.74e-08	2.23e-04	9.43e-02	5.25e-01	3.17e-01	6.28e-02	0.00e+00	0.00e+00
 5.27447e+15	8.22e-08	2.59e-04	1.04e-01	5.37e-01	3.03e-01	5.57e-02	0.00e+00	0.00e+00
 5.37278e+15	9.64e-08	2.94e-04	1.13e-01	5.46e-01	2.90e-01	4.99e-02	0.00e+00	0.00e+00
 5.48031e+15	1.27e-07	3.58e-04	1.25e-01	5.56e-01	2.75e-01	4.33e-02	0.00e+00	0.00e+00
 5.59714e+15	1.56e-07	4.19e-04	1.38e-01	5.65e-01	2.59e-01	3.76e-02	0.00e+00	0.00e+00
 5.70729e+15	1.87e-07	4.82e-04	1.52e-01	5.71e-01	2.44e-01	3.28e-02	0.00e+00	0.00e+00
 5.81463e+15	2.32e-07	5.67e-04	1.67e-01	5.76e-01	2.28e-01	2.83e-02	0.00e+00	0.00e+00
 5.91646e+15	2.88e-07	6.63e-04	1.82e-01	5.79e-01	2.14e-01	2.45e-02	0.00e+00	0.00e+00
 6.00546e+15	3.65e-07	7.86e-04	1.97e-01	5.81e-01	2.01e-01	2.12e-02	0.00e+00	0.00e+00
 6.07618e+15	4.32e-07	8.87e-04	2.09e-01	5.81e-01	1.90e-01	1.89e-02	0.00e+00	0.00e+00
 6.14587e+15	4.80e-07	9.64e-04	2.22e-01	5.80e-01	1.80e-01	1.71e-02	0.00e+00	0.00e+00
 6.23648e+15	6.28e-07	1.16e-03	2.41e-01	5.77e-01	1.66e-01	1.44e-02	0.00e+00	0.00e+00
 6.32115e+15	7.38e-07	1.31e-03	2.58e-01	5.74e-01	1.55e-01	1.25e-02	0.00e+00	0.00e+00
 6.38045e+15	8.25e-07	1.43e-03	2.71e-01	5.70e-01	1.46e-01	1.12e-02	0.00e+00	0.00e+00
 6.43989e+15	9.49e-07	1.58e-03	2.85e-01	5.66e-01	1.38e-01	9.94e-03	0.00e+00	0.00e+00
 6.50463e+15	1.16e-06	1.82e-03	3.02e-01	5.60e-01	1.28e-01	8.61e-03	0.00e+00	0.00e+00
 6.55702e+15	1.33e-06	2.01e-03	3.16e-01	5.54e-01	1.21e-01	7.67e-03	0.00e+00	0.00e+00
 6.59831e+15	1.48e-06	2.17e-03	3.27e-01	5.49e-01	1.15e-01	6.98e-03	0.00e+00	0.00e+00
 6.64441e+15	1.66e-06	2.35e-03	3.40e-01	5.43e-01	1.08e-01	6.27e-03	0.00e+00	0.00e+00
 6.70435e+15	1.95e-06	2.64e-03	3.58e-01	5.35e-01	9.98e-02	5.39e-03	0.00e+00	0.00e+00
 6.76460e+15	2.29e-06	2.97e-03	3.76e-01	5.25e-01	9.17e-02	4.61e-03	0.00e+00	0.00e+00
 6.81125e+15	2.53e-06	3.19e-03	3.90e-01	5.17e-01	8.57e-02	4.09e-03	0.00e+00	0.00e+00
 6.85789e+15	2.89e-06	3.51e-03	4.05e-01	5.08e-01	7.95e-02	3.57e-03	0.00e+00	0.00e+00
 6.90921e+15	3.55e-06	4.03e-03	4.24e-01	4.96e-01	7.25e-02	3.00e-03	0.00e+00	0.00e+00
 6.95038e+15	3.98e-06	4.38e-03	4.38e-01	4.88e-01	6.75e-02	2.64e-03	0.00e+00	0.00e+00
 6.98765e+15	4.49e-06	4.76e-03	4.51e-01	4.79e-01	6.28e-02	2.32e-03	0.00e+00	0.00e+00
 7.03609e+15	4.97e-06	5.14e-03	4.67e-01	4.68e-01	5.73e-02	1.98e-03	0.00e+00	0.00e+00
 7.09907e+15	6.46e-06	6.15e-03	4.93e-01	4.50e-01	4.96e-02	1.52e-03	0.00e+00	0.00e+00
 7.15193e+15	7.20e-06	6.66e-03	5.10e-01	4.38e-01	4.46e-02	1.27e-03	0.00e+00	0.00e+00
 7.19164e+15	8.34e-06	7.37e-03	5.25e-01	4.26e-01	4.04e-02	1.06e-03	0.00e+00	0.00e+00
 7.23468e+15	9.98e-06	8.32e-03	5.42e-01	4.12e-01	3.60e-02	8.66e-04	0.00e+00	0.00e+00
 7.27125e+15	1.10e-05	8.91e-03	5.55e-01	4.03e-01	3.29e-02	7.39e-04	0.00e+00	0.00e+00
 7.30800e+15	1.30e-05	9.97e-03	5.70e-01	3.90e-01	2.94e-02	6.04e-04	0.00e+00	0.00e+00
 7.34695e+15	1.48e-05	1.09e-02	5.84e-01	3.78e-01	2.63e-02	4.97e-04	0.00e+00	0.00e+00
 7.38876e+15	1.73e-05	1.21e-02	6.00e-01	3.65e-01	2.30e-02	3.93e-04	0.00e+00	0.00e+00
 7.43375e+15	2.02e-05	1.35e-02	6.15e-01	3.51e-01	2.00e-02	3.07e-04	0.00e+00	0.00e+00
 7.47503e+15	2.34e-05	1.49e-02	6.29e-01	3.38e-01	1.74e-02	2.41e-04	0.00e+00	0.00e+00
 7.50767e+15	2.62e-05	1.61e-02	6.40e-01	3.28e-01	1.56e-02	1.99e-04	0.00e+00	0.00e+00
 7.53138e+15	2.84e-05	1.70e-02	6.47e-01	3.21e-01	1.44e-02	1.72e-04	0.00e+00	0.00e+00
 7.55666e+15	3.11e-05	1.81e-02	6.55e-01	3.14e-01	1.31e-02	1.46e-04	0.00e+00	0.00e+00
 7.58952e+15	3.50e-05	1.96e-02	6.65e-01	3.03e-01	1.16e-02	1.18e-04	0.00e+00	0.00e+00
 7.62432e+15	3.96e-05	2.13e-02	6.75e-01	2.93e-01	1.02e-02	9.37e-05	0.00e+00	0.00e+00
 7.65467e+15	4.39e-05	2.28e-02	6.84e-01	2.84e-01	9.04e-03	7.65e-05	0.00e+00	0.00e+00
 7.68714e+15	4.93e-05	2.47e-02	6.93e-01	2.75e-01	7.93e-03	6.08e-05	0.00e+00	0.00e+00
 7.72332e+15	5.59e-05	2.68e-02	7.02e-01	2.64e-01	6.86e-03	4.72e-05	0.00e+00	0.00e+00
 7.75696e+15	6.27e-05	2.89e-02	7.10e-01	2.55e-01	5.99e-03	3.72e-05	0.00e+00	0.00e+00
 7.78853e+15	6.97e-05	3.11e-02	7.17e-01	2.46e-01	5.26e-03	2.97e-05	0.00e+00	0.00e+00
 7.82476e+15	7.90e-05	3.37e-02	7.26e-01	2.36e-01	4.50e-03	2.26e-05	0.00e+00	0.00e+00
 7.86415e+15	9.00e-05	3.68e-02	7.34e-01	2.26e-01	3.82e-03	1.70e-05	0.00e+00	0.00e+00
 7.89941e+15	1.01e-04	3.97e-02	7.40e-01	2.17e-01	3.29e-03	1.31e-05	0.00e+00	0.00e+00
 7.93704e+15	1.15e-04	4.32e-02	7.47e-01	2.07e-01	2.78e-03	9.80e-06	0.00e+00	0.00e+00
 7.97799e+15	1.32e-04	4.72e-02	7.54e-01	1.97e-01	2.33e-03	7.18e-06	0.00e+00	0.00e+00
 8.01469e+15	1.49e-04	5.11e-02	7.59e-01	1.88e-01	1.98e-03	5.44e-06	0.00e+00	0.00e+00
 8.04840e+15	1.66e-04	5.49e-02	7.64e-01	1.80e-01	1.71e-03	4.20e-06	0.00e+00	0.00e+00
 8.08677e+15	1.89e-04	5.97e-02	7.68e-01	1.70e-01	1.43e-03	3.09e-06	0.00e+00	0.00e+00
 8.12883e+15	2.18e-04	6.54e-02	7.73e-01	1.61e-01	1.18e-03	2.23e-06	0.00e+00	0.00e+00
 8.16652e+15	2.48e-04	7.11e-02	7.76e-01	1.52e-01	9.94e-04	1.66e-06	0.00e+00	0.00e+00
 8.20056e+15	2.78e-04	7.65e-02	7.78e-01	1.44e-01	8.48e-04	1.26e-06	0.00e+00	0.00e+00
 8.23899e+15	3.18e-04	8.34e-02	7.80e-01	1.36e-01	7.05e-04	9.21e-07	0.00e+00	0.00e+00
 8.28111e+15	3.67e-04	9.14e-02	7.81e-01	1.27e-01	5.76e-04	0.00e+00	0.00e+00	0.00e+00
 8.31885e+15	4.20e-04	9.96e-02	7.81e-01	1.19e-01	4.80e-04	0.00e+00	0.00e+00	0.00e+00
 8.35269e+15	4.74e-04	1.08e-01	7.80e-01	1.12e-01	4.06e-04	0.00e+00	0.00e+00	0.00e+00
 8.39065e+15	5.43e-04	1.17e-01	7.78e-01	1.04e-01	3.35e-04	0.00e+00	0.00e+00	0.00e+00
 8.43285e+15	6.33e-04	1.29e-01	7.75e-01	9.55e-02	2.69e-04	0.00e+00	0.00e+00	0.00e+00
 8.47063e+15	7.30e-04	1.41e-01	7.70e-01	8.81e-02	2.21e-04	0.00e+00	0.00e+00	0.00e+00
 8.50369e+15	8.28e-04	1.53e-01	7.64e-01	8.20e-02	1.85e-04	0.00e+00	0.00e+00	0.00e+00
 8.54053e+15	9.54e-04	1.67e-01	7.57e-01	7.52e-02	1.50e-04	0.00e+00	0.00e+00	0.00e+00
 8.58157e+15	1.12e-03	1.84e-01	7.47e-01	6.79e-02	1.19e-04	0.00e+00	0.00e+00	0.00e+00
 8.61901e+15	1.30e-03	2.02e-01	7.35e-01	6.15e-02	9.55e-05	0.00e+00	0.00e+00	0.00e+00
 8.65270e+15	1.49e-03	2.19e-01	7.23e-01	5.61e-02	7.79e-05	0.00e+00	0.00e+00	0.00e+00
 8.69058e+15	1.75e-03	2.41e-01	7.07e-01	5.00e-02	6.12e-05	0.00e+00	0.00e+00	0.00e+00
 8.73274e+15	2.09e-03	2.68e-01	6.87e-01	4.37e-02	4.64e-05	0.00e+00	0.00e+00	0.00e+00
 8.77167e+15	2.47e-03	2.95e-01	6.64e-01	3.81e-02	3.55e-05	0.00e+00	0.00e+00	0.00e+00
 8.80752e+15	2.90e-03	3.24e-01	6.40e-01	3.33e-02	2.74e-05	0.00e+00	0.00e+00	0.00e+00
 8.84818e+15	3.48e-03	3.58e-01	6.10e-01	2.82e-02	2.00e-05	0.00e+00	0.00e+00	0.00e+00
 8.89267e+15	4.26e-03	4.01e-01	5.72e-01	2.30e-02	1.39e-05	0.00e+00	0.00e+00	0.00e+00
 8.93152e+15	5.12e-03	4.43e-01	5.33e-01	1.89e-02	9.91e-06	0.00e+00	0.00e+00	0.00e+00
 8.96452e+15	6.00e-03	4.80e-01	4.98e-01	1.57e-02	7.28e-06	0.00e+00	0.00e+00	0.00e+00
 9.00052e+15	7.14e-03	5.23e-01	4.57e-01	1.26e-02	5.06e-06	0.00e+00	0.00e+00	0.00e+00
 9.04021e+15	8.66e-03	5.73e-01	4.08e-01	9.61e-03	3.27e-06	0.00e+00	0.00e+00	0.00e+00
 9.07546e+15	1.04e-02	6.20e-01	3.62e-01	7.32e-03	2.15e-06	0.00e+00	0.00e+00	0.00e+00
 9.10281e+15	1.19e-02	6.57e-01	3.26e-01	5.82e-03	1.52e-06	0.00e+00	0.00e+00	0.00e+00
 9.12478e+15	1.33e-02	6.86e-01	2.96e-01	4.75e-03	1.12e-06	0.00e+00	0.00e+00	0.00e+00
 9.14898e+15	1.51e-02	7.18e-01	2.63e-01	3.73e-03	7.85e-07	0.00e+00	0.00e+00	0.00e+00
 9.17565e+15	1.73e-02	7.51e-01	2.29e-01	2.81e-03	0.00e+00	0.00e+00	0.00e+00	0.00e+00
 9.19930e+15	1.97e-02	7.80e-01	1.98e-01	2.12e-03	0.00e+00	0.00e+00	0.00e+00	0.00e+00
 9.21921e+15	2.19e-02	8.03e-01	1.74e-01	1.65e-03	0.00e+00	0.00e+00	0.00e+00	0.00e+00
 9.23766e+15	2.42e-02	8.22e-01	1.53e-01	1.29e-03	0.00e+00	0.00e+00	0.00e+00	0.00e+00
 9.25886e+15	2.72e-02	8.42e-01	1.30e-01	9.50e-04	0.00e+00	0.00e+00	0.00e+00	0.00e+00
 9.28155e+15	3.09e-02	8.61e-01	1.08e-01	6.70e-04	0.00e+00	0.00e+00	0.00e+00	0.00e+00
 9.30073e+15	3.46e-02	8.75e-01	9.03e-02	4.85e-04	0.00e+00	0.00e+00	0.00e+00	0.00e+00
 9.31672e+15	3.81e-02	8.84e-01	7.74e-02	3.67e-04	0.00e+00	0.00e+00	0.00e+00	0.00e+00
 9.33406e+15	4.22e-02	8.93e-01	6.47e-02	2.65e-04	0.00e+00	0.00e+00	0.00e+00	0.00e+00
 9.35332e+15	4.75e-02	9.00e-01	5.24e-02	1.82e-04	0.00e+00	0.00e+00	0.00e+00	0.00e+00
 9.37075e+15	5.31e-02	9.04e-01	4.27e-02	1.26e-04	0.00e+00	0.00e+00	0.00e+00	0.00e+00
 9.38604e+15	5.86e-02	9.06e-01	3.54e-02	9.06e-05	0.00e+00	0.00e+00	0.00e+00	0.00e+00
 9.40289e+15	6.55e-02	9.06e-01	2.85e-02	6.15e-05	0.00e+00	0.00e+00	0.00e+00	0.00e+00
 9.42140e+15	7.41e-02	9.04e-01	2.21e-02	3.95e-05	0.00e+00	0.00e+00	0.00e+00	0.00e+00
 9.43803e+15	8.32e-02	8.99e-01	1.74e-02	2.58e-05	0.00e+00	0.00e+00	0.00e+00	0.00e+00
 9.45247e+15	9.19e-02	8.94e-01	1.39e-02	1.76e-05	0.00e+00	0.00e+00	0.00e+00	0.00e+00
 9.46657e+15	1.02e-01	8.87e-01	1.12e-02	1.19e-05	0.00e+00	0.00e+00	0.00e+00	0.00e+00
 9.48102e+15	1.12e-01	8.79e-01	8.81e-03	7.91e-06	0.00e+00	0.00e+00	0.00e+00	0.00e+00
 9.49448e+15	1.24e-01	8.69e-01	7.00e-03	5.31e-06	0.00e+00	0.00e+00	0.00e+00	0.00e+00
 9.50632e+15	1.35e-01	8.60e-01	5.69e-03	3.71e-06	0.00e+00	0.00e+00	0.00e+00	0.00e+00
 9.51685e+15	1.45e-01	8.50e-01	4.71e-03	2.67e-06	0.00e+00	0.00e+00	0.00e+00	0.00e+00
 9.52660e+15	1.55e-01	8.41e-01	3.93e-03	1.95e-06	0.00e+00	0.00e+00	0.00e+00	0.00e+00
 9.53601e+15	1.66e-01	8.31e-01	3.29e-03	1.43e-06	0.00e+00	0.00e+00	0.00e+00	0.00e+00
 9.54334e+15	1.74e-01	8.23e-01	2.87e-03	1.13e-06	0.00e+00	0.00e+00	0.00e+00	0.00e+00
 9.54804e+15	1.80e-01	8.18e-01	2.62e-03	9.69e-07	0.00e+00	0.00e+00	0.00e+00	0.00e+00
 9.55244e+15	1.85e-01	8.12e-01	2.40e-03	0.00e+00	0.00e+00	0.00e+00	0.00e+00	0.00e+00
 9.55760e+15	1.92e-01	8.06e-01	2.17e-03	0.00e+00	0.00e+00	0.00e+00	0.00e+00	0.00e+00
 9.56317e+15	1.99e-01	7.99e-01	1.94e-03	0.00e+00	0.00e+00	0.00e+00	0.00e+00	0.00e+00
 9.56853e+15	2.06e-01	7.92e-01	1.74e-03	0.00e+00	0.00e+00	0.00e+00	0.00e+00	0.00e+00
 9.57363e+15	2.13e-01	7.85e-01	1.57e-03	0.00e+00	0.00e+00	0.00e+00	0.00e+00	0.00e+00
 9.57871e+15	2.21e-01	7.78e-01	1.41e-03	0.00e+00	0.00e+00	0.00e+00	0.00e+00	0.00e+00
 9.58380e+15	2.28e-01	7.71e-01	1.27e-03	0.00e+00	0.00e+00	0.00e+00	0.00e+00	0.00e+00
 9.58885e+15	2.35e-01	7.64e-01	1.14e-03	0.00e+00	0.00e+00	0.00e+00	0.00e+00	0.00e+00
 9.59386e+15	2.43e-01	7.56e-01	1.03e-03	0.00e+00	0.00e+00	0.00e+00	0.00e+00	0.00e+00
 9.59887e+15	2.51e-01	7.48e-01	9.20e-04	0.00e+00	0.00e+00	0.00e+00	0.00e+00	0.00e+00
 9.60391e+15	2.59e-01	7.41e-01	8.25e-04	0.00e+00	0.00e+00	0.00e+00	0.00e+00	0.00e+00
 9.60878e+15	2.67e-01	7.33e-01	7.41e-04	0.00e+00	0.00e+00	0.00e+00	0.00e+00	0.00e+00
 9.61360e+15	2.74e-01	7.25e-01	6.66e-04	0.00e+00	0.00e+00	0.00e+00	0.00e+00	0.00e+00
 9.61851e+15	2.83e-01	7.17e-01	5.97e-04	0.00e+00	0.00e+00	0.00e+00	0.00e+00	0.00e+00
 9.62338e+15	2.91e-01	7.08e-01	5.35e-04	0.00e+00	0.00e+00	0.00e+00	0.00e+00	0.00e+00
 9.62820e+15	2.99e-01	7.00e-01	4.79e-04	0.00e+00	0.00e+00	0.00e+00	0.00e+00	0.00e+00
 9.63298e+15	3.08e-01	6.91e-01	4.29e-04	0.00e+00	0.00e+00	0.00e+00	0.00e+00	0.00e+00
 9.63778e+15	3.17e-01	6.82e-01	3.84e-04	0.00e+00	0.00e+00	0.00e+00	0.00e+00	0.00e+00
 9.64262e+15	3.26e-01	6.74e-01	3.43e-04	0.00e+00	0.00e+00	0.00e+00	0.00e+00	0.00e+00
 9.64733e+15	3.35e-01	6.64e-01	3.07e-04	0.00e+00	0.00e+00	0.00e+00	0.00e+00	0.00e+00
 9.65199e+15	3.45e-01	6.55e-01	2.75e-04	0.00e+00	0.00e+00	0.00e+00	0.00e+00	0.00e+00
 9.65676e+15	3.54e-01	6.46e-01	2.45e-04	0.00e+00	0.00e+00	0.00e+00	0.00e+00	0.00e+00
 9.66150e+15	3.65e-01	6.35e-01	2.18e-04	0.00e+00	0.00e+00	0.00e+00	0.00e+00	0.00e+00
 9.66618e+15	3.74e-01	6.25e-01	1.95e-04	0.00e+00	0.00e+00	0.00e+00	0.00e+00	0.00e+00
 9.67092e+15	3.85e-01	6.15e-01	1.74e-04	0.00e+00	0.00e+00	0.00e+00	0.00e+00	0.00e+00
 9.67567e+15	3.96e-01	6.04e-01	1.54e-04	0.00e+00	0.00e+00	0.00e+00	0.00e+00	0.00e+00
 9.68036e+15	4.07e-01	5.93e-01	1.37e-04	0.00e+00	0.00e+00	0.00e+00	0.00e+00	0.00e+00
 9.68494e+15	4.18e-01	5.82e-01	1.23e-04	0.00e+00	0.00e+00	0.00e+00	0.00e+00	0.00e+00
 9.68952e+15	4.30e-01	5.70e-01	1.09e-04	0.00e+00	0.00e+00	0.00e+00	0.00e+00	0.00e+00
 9.69409e+15	4.42e-01	5.58e-01	9.72e-05	0.00e+00	0.00e+00	0.00e+00	0.00e+00	0.00e+00
 9.69860e+15	4.54e-01	5.46e-01	8.68e-05	0.00e+00	0.00e+00	0.00e+00	0.00e+00	0.00e+00
 9.70313e+15	4.66e-01	5.34e-01	7.74e-05	0.00e+00	0.00e+00	0.00e+00	0.00e+00	0.00e+00
 9.70770e+15	4.79e-01	5.21e-01	6.89e-05	0.00e+00	0.00e+00	0.00e+00	0.00e+00	0.00e+00
 9.71225e+15	4.93e-01	5.07e-01	6.14e-05	0.00e+00	0.00e+00	0.00e+00	0.00e+00	0.00e+00
 9.71673e+15	5.07e-01	4.93e-01	5.47e-05	0.00e+00	0.00e+00	0.00e+00	0.00e+00	0.00e+00
 9.72121e+15	5.21e-01	4.79e-01	4.88e-05	0.00e+00	0.00e+00	0.00e+00	0.00e+00	0.00e+00
 9.72579e+15	5.36e-01	4.64e-01	4.34e-05	0.00e+00	0.00e+00	0.00e+00	0.00e+00	0.00e+00
 9.73047e+15	5.50e-01	4.50e-01	3.87e-05	0.00e+00	0.00e+00	0.00e+00	0.00e+00	0.00e+00
 9.73524e+15	5.66e-01	4.34e-01	3.43e-05	0.00e+00	0.00e+00	0.00e+00	0.00e+00	0.00e+00
 9.74009e+15	5.82e-01	4.18e-01	3.04e-05	0.00e+00	0.00e+00	0.00e+00	0.00e+00	0.00e+00
 9.74502e+15	5.98e-01	4.02e-01	2.70e-05	0.00e+00	0.00e+00	0.00e+00	0.00e+00	0.00e+00
 9.75011e+15	6.16e-01	3.84e-01	2.39e-05	0.00e+00	0.00e+00	0.00e+00	0.00e+00	0.00e+00
 9.75539e+15	6.35e-01	3.65e-01	2.10e-05	0.00e+00	0.00e+00	0.00e+00	0.00e+00	0.00e+00
 9.76078e+15	6.51e-01	3.49e-01	1.86e-05	0.00e+00	0.00e+00	0.00e+00	0.00e+00	0.00e+00
 9.76648e+15	6.71e-01	3.29e-01	1.63e-05	0.00e+00	0.00e+00	0.00e+00	0.00e+00	0.00e+00
 9.77253e+15	6.90e-01	3.10e-01	1.43e-05	0.00e+00	0.00e+00	0.00e+00	0.00e+00	0.00e+00
 9.77828e+15	7.07e-01	2.93e-01	1.27e-05	0.00e+00	0.00e+00	0.00e+00	0.00e+00	0.00e+00
 9.78346e+15	7.20e-01	2.80e-01	1.15e-05	0.00e+00	0.00e+00	0.00e+00	0.00e+00	0.00e+00
 9.78874e+15	7.34e-01	2.66e-01	1.04e-05	0.00e+00	0.00e+00	0.00e+00	0.00e+00	0.00e+00
 9.79440e+15	7.48e-01	2.52e-01	9.41e-06	0.00e+00	0.00e+00	0.00e+00	0.00e+00	0.00e+00
 9.80029e+15	7.61e-01	2.39e-01	8.51e-06	0.00e+00	0.00e+00	0.00e+00	0.00e+00	0.00e+00
 9.80635e+15	7.74e-01	2.26e-01	7.73e-06	0.00e+00	0.00e+00	0.00e+00	0.00e+00	0.00e+00
 9.81267e+15	7.86e-01	2.14e-01	7.03e-06	0.00e+00	0.00e+00	0.00e+00	0.00e+00	0.00e+00
 9.81936e+15	7.97e-01	2.03e-01	6.41e-06	0.00e+00	0.00e+00	0.00e+00	0.00e+00	0.00e+00
 9.82650e+15	8.08e-01	1.92e-01	5.85e-06	0.00e+00	0.00e+00	0.00e+00	0.00e+00	0.00e+00
 9.83413e+15	8.19e-01	1.81e-01	5.32e-06	0.00e+00	0.00e+00	0.00e+00	0.00e+00	0.00e+00
 9.84248e+15	8.28e-01	1.72e-01	4.88e-06	0.00e+00	0.00e+00	0.00e+00	0.00e+00	0.00e+00
 9.85139e+15	8.38e-01	1.62e-01	4.45e-06	0.00e+00	0.00e+00	0.00e+00	0.00e+00	0.00e+00
 9.86090e+15	8.47e-01	1.53e-01	4.08e-06	0.00e+00	0.00e+00	0.00e+00	0.00e+00	0.00e+00
 9.87138e+15	8.56e-01	1.44e-01	3.73e-06	0.00e+00	0.00e+00	0.00e+00	0.00e+00	0.00e+00
 9.88266e+15	8.64e-01	1.36e-01	3.42e-06	0.00e+00	0.00e+00	0.00e+00	0.00e+00	0.00e+00
 9.89464e+15	8.72e-01	1.28e-01	3.13e-06	0.00e+00	0.00e+00	0.00e+00	0.00e+00	0.00e+00
 9.90733e+15	8.79e-01	1.21e-01	2.87e-06	0.00e+00	0.00e+00	0.00e+00	0.00e+00	0.00e+00
 9.92074e+15	8.86e-01	1.14e-01	2.62e-06	0.00e+00	0.00e+00	0.00e+00	0.00e+00	0.00e+00
 9.93476e+15	8.93e-01	1.07e-01	2.40e-06	0.00e+00	0.00e+00	0.00e+00	0.00e+00	0.00e+00
 9.94918e+15	8.99e-01	1.01e-01	2.19e-06	0.00e+00	0.00e+00	0.00e+00	0.00e+00	0.00e+00
 9.96381e+15	9.06e-01	9.44e-02	2.00e-06	0.00e+00	0.00e+00	0.00e+00	0.00e+00	0.00e+00
 9.97852e+15	9.11e-01	8.86e-02	1.82e-06	0.00e+00	0.00e+00	0.00e+00	0.00e+00	0.00e+00
 9.99324e+15	9.17e-01	8.32e-02	1.67e-06	0.00e+00	0.00e+00	0.00e+00	0.00e+00	0.00e+00
 1.00079e+16	9.22e-01	7.81e-02	1.52e-06	0.00e+00	0.00e+00	0.00e+00	0.00e+00	0.00e+00
 1.00225e+16	9.27e-01	7.33e-02	1.39e-06	0.00e+00	0.00e+00	0.00e+00	0.00e+00	0.00e+00
 1.00370e+16	9.31e-01	6.88e-02	1.28e-06	0.00e+00	0.00e+00	0.00e+00	0.00e+00	0.00e+00
 1.00513e+16	9.35e-01	6.47e-02	1.17e-06	0.00e+00	0.00e+00	0.00e+00	0.00e+00	0.00e+00
 1.00655e+16	9.39e-01	6.08e-02	1.07e-06	0.00e+00	0.00e+00	0.00e+00	0.00e+00	0.00e+00
 1.00795e+16	9.43e-01	5.72e-02	9.85e-07	0.00e+00	0.00e+00	0.00e+00	0.00e+00	0.00e+00
 1.00935e+16	9.46e-01	5.37e-02	9.04e-07	0.00e+00	0.00e+00	0.00e+00	0.00e+00	0.00e+00
 1.01074e+16	9.49e-01	5.05e-02	8.30e-07	0.00e+00	0.00e+00	0.00e+00	0.00e+00	0.00e+00
 1.01213e+16	9.52e-01	4.75e-02	7.63e-07	0.00e+00	0.00e+00	0.00e+00	0.00e+00	0.00e+00
 1.01351e+16	9.55e-01	4.47e-02	7.01e-07	0.00e+00	0.00e+00	0.00e+00	0.00e+00	0.00e+00
 1.01488e+16	9.58e-01	4.21e-02	6.45e-07	0.00e+00	0.00e+00	0.00e+00	0.00e+00	0.00e+00
 1.01625e+16	9.60e-01	3.96e-02	5.94e-07	0.00e+00	0.00e+00	0.00e+00	0.00e+00	0.00e+00
 1.01763e+16	9.63e-01	3.73e-02	5.47e-07	0.00e+00	0.00e+00	0.00e+00	0.00e+00	0.00e+00
 1.01900e+16	9.65e-01	3.51e-02	5.03e-07	0.00e+00	0.00e+00	0.00e+00	0.00e+00	0.00e+00
 1.02039e+16	9.67e-01	3.31e-02	4.63e-07	0.00e+00	0.00e+00	0.00e+00	0.00e+00	0.00e+00
 1.02180e+16	9.69e-01	3.11e-02	4.26e-07	0.00e+00	0.00e+00	0.00e+00	0.00e+00	0.00e+00
 1.02324e+16	9.71e-01	2.92e-02	3.91e-07	0.00e+00	0.00e+00	0.00e+00	0.00e+00	0.00e+00
 1.02473e+16	9.73e-01	2.74e-02	3.59e-07	0.00e+00	0.00e+00	0.00e+00	0.00e+00	0.00e+00
 1.02626e+16	9.74e-01	2.57e-02	3.29e-07	0.00e+00	0.00e+00	0.00e+00	0.00e+00	0.00e+00
 1.02783e+16	9.76e-01	2.41e-02	3.01e-07	0.00e+00	0.00e+00	0.00e+00	0.00e+00	0.00e+00
 1.02947e+16	9.77e-01	2.26e-02	2.74e-07	0.00e+00	0.00e+00	0.00e+00	0.00e+00	0.00e+00
 1.03119e+16	9.79e-01	2.11e-02	2.49e-07	0.00e+00	0.00e+00	0.00e+00	0.00e+00	0.00e+00
 1.03306e+16	9.80e-01	1.96e-02	2.25e-07	0.00e+00	0.00e+00	0.00e+00	0.00e+00	0.00e+00
 1.03507e+16	9.82e-01	1.82e-02	2.02e-07	0.00e+00	0.00e+00	0.00e+00	0.00e+00	0.00e+00
 1.03727e+16	9.83e-01	1.67e-02	1.80e-07	0.00e+00	0.00e+00	0.00e+00	0.00e+00	0.00e+00
 1.03984e+16	9.85e-01	1.53e-02	1.58e-07	0.00e+00	0.00e+00	0.00e+00	0.00e+00	0.00e+00
 1.04265e+16	9.86e-01	1.39e-02	1.38e-07	0.00e+00	0.00e+00	0.00e+00	0.00e+00	0.00e+00
