#depth	C	C+	C+2	C+3	C+4	C+5	C+6	C[1]	C[2]	C[3]	C+[1]	C+[2]	CO
 1.49634e+10	0.00e+00	1.09e-28	8.07e-20	1.76e-11	1.31e-02	9.20e-01	6.65e-02	0.00e+00	0.00e+00	0.00e+00	0.00e+00	0.00e+00	0.00e+00
 4.54887e+10	1.96e-38	1.57e-28	1.07e-19	2.13e-11	1.45e-02	9.24e-01	6.12e-02	0.00e+00	0.00e+00	0.00e+00	0.00e+00	0.00e+00	2.21e-125
 7.72350e+10	0.00e+00	2.27e-28	1.41e-19	2.57e-11	1.61e-02	9.28e-01	5.62e-02	0.00e+00	0.00e+00	0.00e+00	0.00e+00	0.00e+00	0.00e+00
 1.10251e+11	4.86e-38	3.28e-28	1.87e-19	3.12e-11	1.78e-02	9.31e-01	5.16e-02	0.00e+00	0.00e+00	0.00e+00	0.00e+00	0.00e+00	2.45e-124
 1.42327e+11	0.00e+00	4.63e-28	2.43e-19	3.73e-11	1.96e-02	9.33e-01	4.76e-02	0.00e+00	0.00e+00	0.00e+00	0.00e+00	0.00e+00	0.00e+00
 1.72616e+11	1.10e-37	6.34e-28	3.10e-19	4.39e-11	2.14e-02	9.34e-01	4.42e-02	0.00e+00	0.00e+00	0.00e+00	0.00e+00	0.00e+00	2.12e-123
 2.06379e+11	0.00e+00	8.91e-28	4.02e-19	5.24e-11	2.35e-02	9.36e-01	4.07e-02	0.00e+00	0.00e+00	0.00e+00	0.00e+00	0.00e+00	0.00e+00
 2.44561e+11	2.66e-37	1.29e-27	5.34e-19	6.35e-11	2.60e-02	9.37e-01	3.72e-02	0.00e+00	0.00e+00	0.00e+00	0.00e+00	0.00e+00	2.17e-122
 2.82603e+11	0.00e+00	1.84e-27	7.01e-19	7.64e-11	2.87e-02	9.37e-01	3.41e-02	0.00e+00	0.00e+00	0.00e+00	0.00e+00	0.00e+00	0.00e+00
 3.22166e+11	6.47e-37	2.64e-27	9.22e-19	9.19e-11	3.16e-02	9.37e-01	3.13e-02	0.00e+00	0.00e+00	0.00e+00	0.00e+00	0.00e+00	2.24e-121
 3.64980e+11	0.00e+00	3.83e-27	1.23e-18	1.11e-10	3.49e-02	9.37e-01	2.85e-02	0.00e+00	0.00e+00	0.00e+00	0.00e+00	0.00e+00	0.00e+00
 4.08551e+11	1.62e-36	5.52e-27	1.63e-18	1.35e-10	3.85e-02	9.35e-01	2.60e-02	0.00e+00	0.00e+00	0.00e+00	0.00e+00	0.00e+00	2.51e-120
 4.51231e+11	0.00e+00	7.81e-27	2.12e-18	1.61e-10	4.22e-02	9.34e-01	2.38e-02	0.00e+00	0.00e+00	0.00e+00	0.00e+00	0.00e+00	0.00e+00
 4.96573e+11	3.87e-36	1.11e-26	2.78e-18	1.94e-10	4.64e-02	9.32e-01	2.17e-02	0.00e+00	0.00e+00	0.00e+00	0.00e+00	0.00e+00	2.46e-119
 5.46363e+11	0.00e+00	1.62e-26	3.72e-18	2.35e-10	5.12e-02	9.29e-01	1.97e-02	0.00e+00	0.00e+00	0.00e+00	0.00e+00	0.00e+00	0.00e+00
 5.98145e+11	9.85e-36	2.36e-26	4.96e-18	2.85e-10	5.65e-02	9.26e-01	1.79e-02	0.00e+00	0.00e+00	0.00e+00	0.00e+00	0.00e+00	2.85e-118
 6.51997e+11	0.00e+00	3.44e-26	6.63e-18	3.47e-10	6.24e-02	9.21e-01	1.62e-02	0.00e+00	0.00e+00	0.00e+00	0.00e+00	0.00e+00	0.00e+00
 7.08004e+11	2.51e-35	5.01e-26	8.85e-18	4.21e-10	6.88e-02	9.17e-01	1.46e-02	0.00e+00	0.00e+00	0.00e+00	0.00e+00	0.00e+00	3.29e-117
 7.66251e+11	0.00e+00	7.30e-26	1.18e-17	5.11e-10	7.58e-02	9.11e-01	1.32e-02	0.00e+00	0.00e+00	0.00e+00	0.00e+00	0.00e+00	4.06e-100
 8.18958e+11	6.00e-35	1.01e-25	1.52e-17	6.06e-10	8.24e-02	9.06e-01	1.20e-02	0.00e+00	0.00e+00	0.00e+00	0.00e+00	0.00e+00	0.00e+00
 8.62916e+11	8.32e-35	1.32e-25	1.87e-17	6.95e-10	8.82e-02	9.01e-01	1.12e-02	0.00e+00	0.00e+00	0.00e+00	0.00e+00	0.00e+00	7.62e-116
 9.11087e+11	1.18e-34	1.75e-25	2.32e-17	8.04e-10	9.47e-02	8.95e-01	1.03e-02	0.00e+00	0.00e+00	0.00e+00	0.00e+00	0.00e+00	1.09e-97
 9.72044e+11	1.80e-34	2.46e-25	3.03e-17	9.60e-10	1.03e-01	8.87e-01	9.34e-03	0.00e+00	0.00e+00	0.00e+00	0.00e+00	0.00e+00	0.00e+00
 1.03562e+12	2.76e-34	3.47e-25	3.95e-17	1.15e-09	1.13e-01	8.79e-01	8.45e-03	0.00e+00	0.00e+00	0.00e+00	0.00e+00	0.00e+00	1.76e-114
 1.08963e+12	3.91e-34	4.60e-25	4.92e-17	1.33e-09	1.21e-01	8.71e-01	7.77e-03	0.00e+00	0.00e+00	0.00e+00	0.00e+00	0.00e+00	1.50e-96
 1.14519e+12	5.53e-34	6.08e-25	6.11e-17	1.54e-09	1.29e-01	8.63e-01	7.14e-03	0.00e+00	0.00e+00	0.00e+00	0.00e+00	0.00e+00	0.00e+00
 1.21510e+12	8.40e-34	8.53e-25	7.95e-17	1.83e-09	1.41e-01	8.53e-01	6.44e-03	0.00e+00	0.00e+00	0.00e+00	0.00e+00	0.00e+00	3.28e-113
 1.28610e+12	1.26e-33	1.19e-24	1.03e-16	2.17e-09	1.52e-01	8.42e-01	5.81e-03	0.00e+00	0.00e+00	0.00e+00	0.00e+00	0.00e+00	1.94e-95
 1.34706e+12	1.77e-33	1.56e-24	1.27e-16	2.50e-09	1.63e-01	8.32e-01	5.32e-03	0.00e+00	0.00e+00	0.00e+00	0.00e+00	0.00e+00	2.33e-112
 1.41251e+12	2.50e-33	2.06e-24	1.58e-16	2.90e-09	1.74e-01	8.21e-01	4.86e-03	0.00e+00	0.00e+00	0.00e+00	0.00e+00	0.00e+00	8.60e-95
 1.49346e+12	3.77e-33	2.88e-24	2.05e-16	3.44e-09	1.89e-01	8.07e-01	4.36e-03	0.00e+00	0.00e+00	0.00e+00	0.00e+00	0.00e+00	1.73e-111
 1.57644e+12	5.64e-33	3.99e-24	2.65e-16	4.08e-09	2.04e-01	7.92e-01	3.90e-03	0.00e+00	0.00e+00	0.00e+00	0.00e+00	0.00e+00	5.08e-94
 1.65123e+12	7.98e-33	5.29e-24	3.30e-16	4.72e-09	2.17e-01	7.79e-01	3.54e-03	0.00e+00	0.00e+00	0.00e+00	0.00e+00	0.00e+00	1.28e-110
 1.73349e+12	1.15e-32	7.10e-24	4.15e-16	5.50e-09	2.33e-01	7.64e-01	3.19e-03	0.00e+00	0.00e+00	0.00e+00	0.00e+00	0.00e+00	2.41e-93
 1.83055e+12	1.73e-32	9.92e-24	5.39e-16	6.54e-09	2.51e-01	7.46e-01	2.83e-03	0.00e+00	0.00e+00	0.00e+00	0.00e+00	0.00e+00	1.03e-109
 1.92773e+12	2.57e-32	1.36e-23	6.91e-16	7.71e-09	2.69e-01	7.28e-01	2.52e-03	0.00e+00	0.00e+00	0.00e+00	0.00e+00	0.00e+00	1.40e-92
 2.02001e+12	3.66e-32	1.82e-23	8.65e-16	8.93e-09	2.87e-01	7.11e-01	2.26e-03	0.00e+00	0.00e+00	0.00e+00	0.00e+00	0.00e+00	7.76e-109
 2.12196e+12	5.31e-32	2.46e-23	1.10e-15	1.04e-08	3.06e-01	6.92e-01	2.01e-03	0.00e+00	0.00e+00	0.00e+00	0.00e+00	0.00e+00	7.00e-92
 2.23676e+12	7.92e-32	3.40e-23	1.41e-15	1.23e-08	3.27e-01	6.71e-01	1.77e-03	0.00e+00	0.00e+00	0.00e+00	0.00e+00	0.00e+00	6.44e-108
 2.35151e+12	1.16e-31	4.62e-23	1.80e-15	1.44e-08	3.48e-01	6.50e-01	1.56e-03	0.00e+00	0.00e+00	0.00e+00	0.00e+00	0.00e+00	3.95e-91
 2.45304e+12	1.59e-31	5.99e-23	2.20e-15	1.64e-08	3.67e-01	6.32e-01	1.40e-03	0.00e+00	0.00e+00	0.00e+00	0.00e+00	0.00e+00	4.47e-107
 2.53817e+12	2.06e-31	7.38e-23	2.59e-15	1.83e-08	3.82e-01	6.16e-01	1.29e-03	0.00e+00	0.00e+00	0.00e+00	0.00e+00	0.00e+00	1.44e-90
 2.62976e+12	2.70e-31	9.16e-23	3.06e-15	2.04e-08	3.99e-01	6.00e-01	1.17e-03	0.00e+00	0.00e+00	0.00e+00	0.00e+00	0.00e+00	1.94e-106
 2.74882e+12	3.76e-31	1.20e-22	3.77e-15	2.33e-08	4.19e-01	5.80e-01	1.04e-03	0.00e+00	0.00e+00	0.00e+00	0.00e+00	0.00e+00	5.62e-90
 2.87343e+12	5.25e-31	1.57e-22	4.66e-15	2.67e-08	4.40e-01	5.59e-01	9.21e-04	0.00e+00	0.00e+00	0.00e+00	0.00e+00	0.00e+00	1.28e-105
 2.97980e+12	6.90e-31	1.96e-22	5.53e-15	2.98e-08	4.58e-01	5.41e-01	8.32e-04	0.00e+00	0.00e+00	0.00e+00	0.00e+00	0.00e+00	2.23e-89
 3.09262e+12	9.11e-31	2.45e-22	6.57e-15	3.32e-08	4.76e-01	5.23e-01	7.49e-04	0.00e+00	0.00e+00	0.00e+00	0.00e+00	0.00e+00	6.17e-105
 3.23447e+12	1.27e-30	3.21e-22	8.10e-15	3.80e-08	4.98e-01	5.01e-01	6.58e-04	0.00e+00	0.00e+00	0.00e+00	0.00e+00	0.00e+00	9.12e-89
 3.38053e+12	1.77e-30	4.19e-22	9.95e-15	4.32e-08	5.20e-01	4.80e-01	5.78e-04	0.00e+00	0.00e+00	0.00e+00	0.00e+00	0.00e+00	4.19e-104
 3.50924e+12	2.33e-30	5.23e-22	1.18e-14	4.82e-08	5.38e-01	4.61e-01	5.17e-04	0.00e+00	0.00e+00	0.00e+00	0.00e+00	0.00e+00	3.71e-88
 3.64895e+12	3.11e-30	6.60e-22	1.41e-14	5.39e-08	5.57e-01	4.42e-01	4.59e-04	0.00e+00	0.00e+00	0.00e+00	0.00e+00	0.00e+00	2.19e-103
 3.80322e+12	4.23e-30	8.44e-22	1.71e-14	6.06e-08	5.78e-01	4.22e-01	4.04e-04	0.00e+00	0.00e+00	0.00e+00	0.00e+00	0.00e+00	1.49e-87
 3.94550e+12	5.54e-30	1.05e-21	2.02e-14	6.72e-08	5.95e-01	4.04e-01	3.60e-04	0.00e+00	0.00e+00	0.00e+00	0.00e+00	0.00e+00	1.20e-102
 4.09954e+12	7.33e-30	1.31e-21	2.39e-14	7.48e-08	6.14e-01	3.86e-01	3.19e-04	0.00e+00	0.00e+00	0.00e+00	0.00e+00	0.00e+00	5.50e-87
 4.27126e+12	9.89e-30	1.67e-21	2.88e-14	8.37e-08	6.33e-01	3.67e-01	2.79e-04	0.00e+00	0.00e+00	0.00e+00	0.00e+00	0.00e+00	6.81e-102
 4.43204e+12	1.29e-29	2.07e-21	3.39e-14	9.26e-08	6.50e-01	3.50e-01	2.47e-04	0.00e+00	0.00e+00	0.00e+00	0.00e+00	0.00e+00	2.14e-86
 4.60713e+12	1.71e-29	2.59e-21	4.03e-14	1.03e-07	6.67e-01	3.32e-01	2.17e-04	0.00e+00	0.00e+00	0.00e+00	0.00e+00	0.00e+00	3.60e-101
 4.80168e+12	2.31e-29	3.30e-21	4.83e-14	1.15e-07	6.86e-01	3.14e-01	1.89e-04	0.00e+00	0.00e+00	0.00e+00	0.00e+00	0.00e+00	8.68e-86
 4.98335e+12	3.02e-29	4.08e-21	5.68e-14	1.27e-07	7.02e-01	2.98e-01	1.67e-04	0.00e+00	0.00e+00	0.00e+00	0.00e+00	0.00e+00	2.04e-100
 5.18130e+12	4.01e-29	5.11e-21	6.73e-14	1.40e-07	7.18e-01	2.82e-01	1.46e-04	0.00e+00	0.00e+00	0.00e+00	0.00e+00	0.00e+00	3.33e-85
 5.40260e+12	5.40e-29	6.48e-21	8.06e-14	1.56e-07	7.35e-01	2.65e-01	1.26e-04	0.00e+00	0.00e+00	0.00e+00	0.00e+00	0.00e+00	1.23e-99
 5.61127e+12	7.10e-29	8.05e-21	9.49e-14	1.72e-07	7.49e-01	2.51e-01	1.10e-04	0.00e+00	0.00e+00	0.00e+00	0.00e+00	0.00e+00	1.36e-84
 5.83957e+12	9.44e-29	1.01e-20	1.12e-13	1.90e-07	7.64e-01	2.36e-01	9.60e-05	0.00e+00	0.00e+00	0.00e+00	0.00e+00	0.00e+00	6.98e-99
 6.09525e+12	1.28e-28	1.29e-20	1.35e-13	2.11e-07	7.79e-01	2.20e-01	8.23e-05	0.00e+00	0.00e+00	0.00e+00	0.00e+00	0.00e+00	5.97e-84
 6.33758e+12	1.69e-28	1.60e-20	1.59e-13	2.33e-07	7.93e-01	2.07e-01	7.15e-05	0.00e+00	0.00e+00	0.00e+00	0.00e+00	0.00e+00	4.39e-98
 6.59730e+12	2.26e-28	2.01e-20	1.88e-13	2.56e-07	8.06e-01	1.94e-01	6.18e-05	0.00e+00	0.00e+00	0.00e+00	0.00e+00	0.00e+00	2.49e-83
 6.89112e+12	3.08e-28	2.57e-20	2.25e-13	2.85e-07	8.19e-01	1.81e-01	5.27e-05	0.00e+00	0.00e+00	0.00e+00	0.00e+00	0.00e+00	2.93e-97
 7.18201e+12	4.13e-28	3.24e-20	2.68e-13	3.14e-07	8.31e-01	1.69e-01	4.53e-05	0.00e+00	0.00e+00	0.00e+00	0.00e+00	0.00e+00	1.16e-82
 7.48455e+12	5.54e-28	4.09e-20	3.17e-13	3.46e-07	8.43e-01	1.57e-01	3.88e-05	0.00e+00	0.00e+00	0.00e+00	0.00e+00	0.00e+00	1.93e-96
 7.81386e+12	7.55e-28	5.21e-20	3.78e-13	3.82e-07	8.54e-01	1.46e-01	3.32e-05	0.00e+00	0.00e+00	0.00e+00	0.00e+00	0.00e+00	5.54e-82
 8.15634e+12	1.02e-27	6.62e-20	4.51e-13	4.23e-07	8.64e-01	1.36e-01	2.82e-05	0.00e+00	0.00e+00	0.00e+00	0.00e+00	0.00e+00	1.39e-95
 8.47853e+12	1.35e-27	8.22e-20	5.28e-13	4.61e-07	8.73e-01	1.27e-01	2.44e-05	0.00e+00	0.00e+00	0.00e+00	0.00e+00	0.00e+00	2.52e-81
 8.76783e+12	1.72e-27	9.92e-20	6.05e-13	4.98e-07	8.80e-01	1.20e-01	2.15e-05	0.00e+00	0.00e+00	0.00e+00	0.00e+00	0.00e+00	7.45e-95
 9.04110e+12	2.15e-27	1.18e-19	6.84e-13	5.33e-07	8.87e-01	1.13e-01	1.91e-05	0.00e+00	0.00e+00	0.00e+00	0.00e+00	0.00e+00	8.43e-81
 9.34369e+12	2.72e-27	1.42e-19	7.81e-13	5.74e-07	8.93e-01	1.07e-01	1.69e-05	0.00e+00	0.00e+00	0.00e+00	0.00e+00	0.00e+00	3.29e-94
 9.68320e+12	3.52e-27	1.73e-19	9.01e-13	6.21e-07	9.00e-01	1.00e-01	1.48e-05	0.00e+00	0.00e+00	0.00e+00	0.00e+00	0.00e+00	3.13e-80
 1.00059e+13	4.46e-27	2.08e-19	1.03e-12	6.67e-07	9.06e-01	9.44e-02	1.30e-05	0.00e+00	0.00e+00	0.00e+00	0.00e+00	0.00e+00	1.65e-93
 1.03605e+13	5.75e-27	2.53e-19	1.18e-12	7.20e-07	9.11e-01	8.87e-02	1.14e-05	0.00e+00	0.00e+00	0.00e+00	0.00e+00	0.00e+00	1.15e-79
 1.07568e+13	7.56e-27	3.13e-19	1.37e-12	7.80e-07	9.17e-01	8.28e-02	9.92e-06	0.00e+00	0.00e+00	0.00e+00	0.00e+00	0.00e+00	9.17e-93
 1.11242e+13	9.65e-27	3.78e-19	1.57e-12	8.39e-07	9.22e-01	7.79e-02	8.72e-06	0.00e+00	0.00e+00	0.00e+00	0.00e+00	0.00e+00	4.59e-79
 1.14651e+13	1.20e-26	4.48e-19	1.77e-12	8.95e-07	9.26e-01	7.37e-02	7.77e-06	0.00e+00	0.00e+00	0.00e+00	0.00e+00	0.00e+00	4.18e-92
 1.18543e+13	1.54e-26	5.41e-19	2.02e-12	9.60e-07	9.31e-01	6.94e-02	6.85e-06	0.00e+00	0.00e+00	0.00e+00	0.00e+00	0.00e+00	1.62e-78
 1.23307e+13	2.05e-26	6.75e-19	2.36e-12	1.05e-06	9.36e-01	6.44e-02	5.88e-06	0.00e+00	0.00e+00	0.00e+00	0.00e+00	0.00e+00	2.38e-91
 1.28007e+13	2.71e-26	8.35e-19	2.73e-12	1.13e-06	9.40e-01	6.01e-02	5.10e-06	0.00e+00	0.00e+00	0.00e+00	0.00e+00	0.00e+00	7.34e-78
 1.32098e+13	3.42e-26	9.98e-19	3.09e-12	1.21e-06	9.43e-01	5.67e-02	4.53e-06	0.00e+00	0.00e+00	0.00e+00	0.00e+00	0.00e+00	1.26e-90
 1.36598e+13	4.39e-26	1.21e-18	3.53e-12	1.29e-06	9.47e-01	5.33e-02	3.98e-06	0.00e+00	0.00e+00	0.00e+00	0.00e+00	0.00e+00	2.72e-77
 1.42074e+13	5.91e-26	1.51e-18	4.12e-12	1.40e-06	9.50e-01	4.96e-02	3.43e-06	0.00e+00	0.00e+00	0.00e+00	0.00e+00	0.00e+00	7.47e-90
 1.47627e+13	7.85e-26	1.88e-18	4.79e-12	1.52e-06	9.54e-01	4.61e-02	2.96e-06	0.00e+00	0.00e+00	0.00e+00	0.00e+00	0.00e+00	1.32e-76
 1.52641e+13	1.01e-25	2.28e-18	5.45e-12	1.62e-06	9.57e-01	4.34e-02	2.61e-06	0.00e+00	0.00e+00	0.00e+00	0.00e+00	0.00e+00	2.62e-76
 1.58148e+13	1.32e-25	2.79e-18	6.26e-12	1.74e-06	9.59e-01	4.06e-02	2.28e-06	0.00e+00	0.00e+00	0.00e+00	0.00e+00	0.00e+00	5.45e-76
 1.64636e+13	1.80e-25	3.52e-18	7.33e-12	1.89e-06	9.62e-01	3.77e-02	1.96e-06	0.00e+00	0.00e+00	0.00e+00	0.00e+00	0.00e+00	1.26e-75
 1.71105e+13	2.41e-25	4.40e-18	8.52e-12	2.04e-06	9.65e-01	3.51e-02	1.69e-06	0.00e+00	0.00e+00	0.00e+00	0.00e+00	0.00e+00	2.80e-75
 1.77210e+13	3.14e-25	5.38e-18	9.77e-12	2.19e-06	9.67e-01	3.28e-02	1.48e-06	0.00e+00	0.00e+00	0.00e+00	0.00e+00	0.00e+00	5.80e-75
 1.83976e+13	4.18e-25	6.68e-18	1.13e-11	2.36e-06	9.69e-01	3.06e-02	1.28e-06	0.00e+00	0.00e+00	0.00e+00	0.00e+00	0.00e+00	1.27e-74
 1.91634e+13	5.72e-25	8.46e-18	1.33e-11	2.56e-06	9.72e-01	2.84e-02	1.10e-06	0.00e+00	0.00e+00	0.00e+00	0.00e+00	0.00e+00	3.00e-74
 1.99326e+13	7.75e-25	1.06e-17	1.55e-11	2.76e-06	9.74e-01	2.64e-02	9.47e-07	0.00e+00	0.00e+00	0.00e+00	0.00e+00	0.00e+00	6.92e-74
 2.07326e+13	1.05e-24	1.34e-17	1.80e-11	2.98e-06	9.76e-01	2.45e-02	0.00e+00	0.00e+00	0.00e+00	0.00e+00	0.00e+00	0.00e+00	1.59e-73
 2.15918e+13	1.44e-24	1.69e-17	2.11e-11	3.23e-06	9.77e-01	2.27e-02	0.00e+00	0.00e+00	0.00e+00	0.00e+00	0.00e+00	0.00e+00	3.76e-73
 2.24854e+13	1.96e-24	2.14e-17	2.47e-11	3.50e-06	9.79e-01	2.10e-02	0.00e+00	0.00e+00	0.00e+00	0.00e+00	0.00e+00	0.00e+00	8.90e-73
 2.33474e+13	2.63e-24	2.67e-17	2.86e-11	3.77e-06	9.80e-01	1.96e-02	0.00e+00	0.00e+00	0.00e+00	0.00e+00	0.00e+00	0.00e+00	1.98e-72
 2.41531e+13	3.42e-24	3.25e-17	3.27e-11	4.03e-06	9.82e-01	1.83e-02	0.00e+00	0.00e+00	0.00e+00	0.00e+00	0.00e+00	0.00e+00	4.07e-72
 2.49115e+13	4.35e-24	3.90e-17	3.69e-11	4.28e-06	9.83e-01	1.73e-02	0.00e+00	0.00e+00	0.00e+00	0.00e+00	0.00e+00	0.00e+00	7.96e-72
 2.57374e+13	5.58e-24	4.70e-17	4.19e-11	4.57e-06	9.84e-01	1.63e-02	0.00e+00	0.00e+00	0.00e+00	0.00e+00	1.52e-17	3.18e-17	1.57e-71
 2.66511e+13	7.34e-24	5.77e-17	4.80e-11	4.88e-06	9.85e-01	1.52e-02	0.00e+00	0.00e+00	0.00e+00	0.00e+00	1.92e-17	3.85e-17	3.33e-71
 2.75118e+13	9.40e-24	6.96e-17	5.43e-11	5.20e-06	9.86e-01	1.43e-02	0.00e+00	0.00e+00	0.00e+00	0.00e+00	2.31e-17	4.65e-17	6.63e-71
 2.84634e+13	1.22e-23	8.49e-17	6.21e-11	5.55e-06	9.87e-01	1.34e-02	0.00e+00	0.00e+00	0.00e+00	0.00e+00	2.82e-17	5.67e-17	1.37e-70
 2.95299e+13	1.62e-23	1.05e-16	7.17e-11	5.97e-06	9.87e-01	1.25e-02	0.00e+00	0.00e+00	0.00e+00	0.00e+00	3.48e-17	7.01e-17	2.97e-70
 3.05428e+13	2.11e-23	1.28e-16	8.18e-11	6.38e-06	9.88e-01	1.17e-02	0.00e+00	0.00e+00	0.00e+00	0.00e+00	4.24e-17	8.54e-17	6.13e-70
 3.16564e+13	2.79e-23	1.58e-16	9.41e-11	6.84e-06	9.89e-01	1.10e-02	0.00e+00	0.00e+00	0.00e+00	0.00e+00	5.24e-17	1.05e-16	1.33e-69
 3.29125e+13	3.78e-23	1.98e-16	1.10e-10	7.39e-06	9.90e-01	1.02e-02	0.00e+00	0.00e+00	0.00e+00	0.00e+00	6.57e-17	1.32e-16	3.05e-69
 3.41200e+13	4.97e-23	2.43e-16	1.26e-10	7.94e-06	9.91e-01	9.47e-03	0.00e+00	0.00e+00	0.00e+00	0.00e+00	8.08e-17	1.63e-16	6.45e-69
 3.54098e+13	6.65e-23	3.03e-16	1.46e-10	8.53e-06	9.91e-01	8.82e-03	0.00e+00	0.00e+00	0.00e+00	0.00e+00	1.01e-16	2.03e-16	1.45e-68
 3.68562e+13	9.01e-23	3.81e-16	1.71e-10	9.24e-06	9.92e-01	8.15e-03	0.00e+00	0.00e+00	0.00e+00	0.00e+00	1.27e-16	2.55e-16	3.32e-68
 3.81910e+13	1.19e-22	4.70e-16	1.97e-10	9.91e-06	9.92e-01	7.61e-03	0.00e+00	0.00e+00	0.00e+00	0.00e+00	1.56e-16	3.14e-16	7.15e-68
 3.93445e+13	1.49e-22	5.57e-16	2.21e-10	1.05e-05	9.93e-01	7.17e-03	0.00e+00	0.00e+00	0.00e+00	0.00e+00	1.85e-16	3.72e-16	1.32e-67
 4.06231e+13	1.91e-22	6.73e-16	2.51e-10	1.12e-05	9.93e-01	6.74e-03	0.00e+00	0.00e+00	0.00e+00	0.00e+00	2.23e-16	4.50e-16	2.63e-67
 4.21877e+13	2.54e-22	8.35e-16	2.91e-10	1.21e-05	9.94e-01	6.25e-03	0.00e+00	0.00e+00	0.00e+00	0.00e+00	2.77e-16	5.58e-16	5.74e-67
 4.37724e+13	3.36e-22	1.03e-15	3.37e-10	1.30e-05	9.94e-01	5.81e-03	0.00e+00	0.00e+00	0.00e+00	0.00e+00	3.43e-16	6.90e-16	1.24e-66
 4.51931e+13	4.31e-22	1.25e-15	3.82e-10	1.39e-05	9.95e-01	5.46e-03	0.00e+00	0.00e+00	0.00e+00	0.00e+00	4.14e-16	8.34e-16	2.47e-66
 4.67523e+13	5.54e-22	1.51e-15	4.38e-10	1.48e-05	9.95e-01	5.10e-03	0.00e+00	0.00e+00	0.00e+00	0.00e+00	5.01e-16	1.01e-15	4.92e-66
 4.86013e+13	7.44e-22	1.89e-15	5.10e-10	1.60e-05	9.95e-01	4.73e-03	0.00e+00	0.00e+00	0.00e+00	0.00e+00	6.27e-16	1.26e-15	1.11e-65
 5.04239e+13	9.84e-22	2.34e-15	5.91e-10	1.73e-05	9.96e-01	4.39e-03	0.00e+00	0.00e+00	0.00e+00	0.00e+00	7.75e-16	1.56e-15	2.38e-65
 5.20868e+13	1.26e-21	2.82e-15	6.72e-10	1.84e-05	9.96e-01	4.12e-03	0.00e+00	0.00e+00	0.00e+00	0.00e+00	9.35e-16	1.88e-15	4.70e-65
 5.39449e+13	1.65e-21	3.46e-15	7.72e-10	1.98e-05	9.96e-01	3.84e-03	0.00e+00	0.00e+00	0.00e+00	0.00e+00	1.15e-15	2.31e-15	9.90e-65
 5.61099e+13	2.20e-21	4.32e-15	9.03e-10	2.14e-05	9.96e-01	3.55e-03	0.00e+00	0.00e+00	0.00e+00	0.00e+00	1.43e-15	2.89e-15	2.19e-64
 5.82370e+13	2.93e-21	5.37e-15	1.05e-09	2.31e-05	9.97e-01	3.30e-03	0.00e+00	0.00e+00	0.00e+00	0.00e+00	1.78e-15	3.59e-15	4.84e-64
 6.02432e+13	3.75e-21	6.48e-15	1.20e-09	2.47e-05	9.97e-01	3.08e-03	0.00e+00	0.00e+00	0.00e+00	0.00e+00	2.15e-15	4.33e-15	9.47e-64
 6.24768e+13	4.93e-21	7.99e-15	1.38e-09	2.66e-05	9.97e-01	2.86e-03	0.00e+00	0.00e+00	0.00e+00	0.00e+00	2.65e-15	5.34e-15	2.02e-63
 6.50058e+13	6.61e-21	1.00e-14	1.62e-09	2.88e-05	9.97e-01	2.64e-03	0.00e+00	0.00e+00	0.00e+00	0.00e+00	3.32e-15	6.69e-15	4.54e-63
 6.75297e+13	8.87e-21	1.25e-14	1.89e-09	3.11e-05	9.98e-01	2.45e-03	0.00e+00	0.00e+00	0.00e+00	0.00e+00	4.15e-15	8.38e-15	1.02e-62
 6.98921e+13	1.14e-20	1.51e-14	2.16e-09	3.34e-05	9.98e-01	2.28e-03	0.00e+00	0.00e+00	0.00e+00	0.00e+00	5.01e-15	1.01e-14	2.01e-62
 7.24552e+13	1.49e-20	1.87e-14	2.49e-09	3.59e-05	9.98e-01	2.13e-03	0.00e+00	0.00e+00	0.00e+00	0.00e+00	6.19e-15	1.25e-14	4.33e-62
 7.53833e+13	1.99e-20	2.32e-14	2.92e-09	3.89e-05	9.98e-01	1.96e-03	0.00e+00	0.00e+00	0.00e+00	0.00e+00	7.70e-15	1.55e-14	9.44e-62
 7.81428e+13	2.59e-20	2.85e-14	3.37e-09	4.18e-05	9.98e-01	1.83e-03	0.00e+00	0.00e+00	0.00e+00	0.00e+00	9.44e-15	1.91e-14	1.97e-61
 8.06253e+13	3.28e-20	3.42e-14	3.82e-09	4.45e-05	9.98e-01	1.71e-03	0.00e+00	0.00e+00	0.00e+00	0.00e+00	1.13e-14	2.29e-14	3.81e-61
 8.29751e+13	4.05e-20	4.02e-14	4.28e-09	4.72e-05	9.98e-01	1.62e-03	0.00e+00	0.00e+00	0.00e+00	0.00e+00	1.33e-14	2.69e-14	6.81e-61
 8.55830e+13	5.09e-20	4.79e-14	4.84e-09	5.02e-05	9.98e-01	1.52e-03	0.00e+00	0.00e+00	0.00e+00	0.00e+00	1.59e-14	3.21e-14	1.28e-60
 8.84900e+13	6.44e-20	5.75e-14	5.53e-09	5.38e-05	9.99e-01	1.42e-03	0.00e+00	0.00e+00	0.00e+00	0.00e+00	1.90e-14	3.84e-14	2.46e-60
 9.12227e+13	8.13e-20	6.87e-14	6.24e-09	5.71e-05	9.99e-01	1.34e-03	0.00e+00	0.00e+00	0.00e+00	0.00e+00	2.27e-14	4.60e-14	4.70e-60
 9.42122e+13	1.02e-19	8.19e-14	7.10e-09	6.10e-05	9.99e-01	1.25e-03	0.00e+00	0.00e+00	0.00e+00	0.00e+00	2.71e-14	5.48e-14	8.81e-60
 9.75554e+13	1.33e-19	1.00e-13	8.15e-09	6.54e-05	9.99e-01	1.17e-03	0.00e+00	0.00e+00	0.00e+00	0.00e+00	3.31e-14	6.71e-14	1.83e-59
 1.00731e+14	1.65e-19	1.19e-13	9.27e-09	6.99e-05	9.99e-01	1.09e-03	0.00e+00	0.00e+00	0.00e+00	0.00e+00	3.93e-14	7.95e-14	3.36e-59
 1.04233e+14	2.13e-19	1.44e-13	1.06e-08	7.48e-05	9.99e-01	1.02e-03	0.00e+00	0.00e+00	0.00e+00	0.00e+00	4.77e-14	9.66e-14	6.81e-59
 1.08106e+14	2.79e-19	1.78e-13	1.23e-08	8.05e-05	9.99e-01	9.49e-04	0.00e+00	0.00e+00	0.00e+00	0.00e+00	5.89e-14	1.19e-13	1.45e-58
 1.11685e+14	3.49e-19	2.12e-13	1.40e-08	8.61e-05	9.99e-01	8.88e-04	0.00e+00	0.00e+00	0.00e+00	0.00e+00	7.00e-14	1.42e-13	2.70e-58
 1.15564e+14	4.51e-19	2.58e-13	1.60e-08	9.22e-05	9.99e-01	8.29e-04	0.00e+00	0.00e+00	0.00e+00	0.00e+00	8.53e-14	1.73e-13	5.54e-58
 1.19889e+14	5.80e-19	3.14e-13	1.86e-08	9.94e-05	9.99e-01	7.69e-04	0.00e+00	0.00e+00	0.00e+00	0.00e+00	1.04e-13	2.10e-13	1.11e-57
 1.23944e+14	7.44e-19	3.81e-13	2.12e-08	1.06e-04	9.99e-01	7.19e-04	0.00e+00	0.00e+00	0.00e+00	0.00e+00	1.26e-13	2.55e-13	2.24e-57
 1.28363e+14	9.49e-19	4.60e-13	2.44e-08	1.14e-04	9.99e-01	6.69e-04	0.00e+00	0.00e+00	0.00e+00	0.00e+00	1.52e-13	3.08e-13	4.38e-57
 1.33274e+14	1.25e-18	5.69e-13	2.83e-08	1.23e-04	9.99e-01	6.20e-04	0.00e+00	0.00e+00	0.00e+00	0.00e+00	1.88e-13	3.81e-13	9.46e-57
 1.37871e+14	1.57e-18	6.81e-13	3.25e-08	1.32e-04	9.99e-01	5.78e-04	0.00e+00	0.00e+00	0.00e+00	0.00e+00	2.25e-13	4.57e-13	1.80e-56
 1.42869e+14	2.03e-18	8.34e-13	3.74e-08	1.42e-04	9.99e-01	5.38e-04	0.00e+00	0.00e+00	0.00e+00	0.00e+00	2.75e-13	5.59e-13	3.72e-56
 1.48449e+14	2.63e-18	1.02e-12	4.36e-08	1.54e-04	9.99e-01	4.97e-04	0.00e+00	0.00e+00	0.00e+00	0.00e+00	3.36e-13	6.83e-13	7.62e-56
 1.53726e+14	3.38e-18	1.24e-12	5.02e-08	1.65e-04	9.99e-01	4.62e-04	0.00e+00	0.00e+00	0.00e+00	0.00e+00	4.10e-13	8.34e-13	1.56e-55
 1.59380e+14	4.33e-18	1.51e-12	5.80e-08	1.78e-04	9.99e-01	4.29e-04	0.00e+00	0.00e+00	0.00e+00	0.00e+00	4.96e-13	1.01e-12	3.09e-55
 1.65785e+14	5.69e-18	1.87e-12	6.79e-08	1.93e-04	9.99e-01	3.95e-04	0.00e+00	0.00e+00	0.00e+00	0.00e+00	6.17e-13	1.26e-12	6.77e-55
 1.72082e+14	7.26e-18	2.27e-12	7.89e-08	2.09e-04	9.99e-01	3.65e-04	0.00e+00	0.00e+00	0.00e+00	0.00e+00	7.47e-13	1.52e-12	1.33e-54
 1.78130e+14	9.22e-18	2.74e-12	9.07e-08	2.25e-04	9.99e-01	3.40e-04	0.00e+00	0.00e+00	0.00e+00	0.00e+00	9.02e-13	1.84e-12	2.63e-54
 1.84785e+14	1.18e-17	3.34e-12	1.05e-07	2.43e-04	9.99e-01	3.14e-04	0.00e+00	0.00e+00	0.00e+00	0.00e+00	1.10e-12	2.24e-12	5.30e-54
 1.92206e+14	1.54e-17	4.12e-12	1.23e-07	2.64e-04	9.99e-01	2.89e-04	0.00e+00	0.00e+00	0.00e+00	0.00e+00	1.36e-12	2.77e-12	1.13e-53
 1.98506e+14	1.92e-17	4.92e-12	1.40e-07	2.83e-04	9.99e-01	2.70e-04	0.00e+00	0.00e+00	0.00e+00	0.00e+00	1.62e-12	3.30e-12	2.12e-53
 2.03161e+14	2.24e-17	5.56e-12	1.54e-07	2.97e-04	9.99e-01	2.57e-04	0.00e+00	0.00e+00	0.00e+00	0.00e+00	1.83e-12	3.73e-12	3.28e-53
 2.08079e+14	2.62e-17	6.31e-12	1.70e-07	3.12e-04	9.99e-01	2.44e-04	0.00e+00	0.00e+00	0.00e+00	0.00e+00	2.07e-12	4.24e-12	5.16e-53
 2.14473e+14	3.19e-17	7.39e-12	1.92e-07	3.34e-04	9.99e-01	2.29e-04	0.00e+00	0.00e+00	0.00e+00	0.00e+00	2.43e-12	4.96e-12	9.04e-53
 2.21482e+14	3.95e-17	8.76e-12	2.18e-07	3.58e-04	9.99e-01	2.14e-04	0.00e+00	0.00e+00	0.00e+00	0.00e+00	2.88e-12	5.88e-12	1.66e-52
 2.27917e+14	4.75e-17	1.02e-11	2.45e-07	3.80e-04	9.99e-01	2.01e-04	0.00e+00	3.97e-18	1.19e-17	1.99e-17	3.35e-12	6.86e-12	2.87e-52
 2.34908e+14	5.77e-17	1.19e-11	2.77e-07	4.07e-04	9.99e-01	1.88e-04	0.00e+00	4.82e-18	1.45e-17	2.42e-17	3.91e-12	8.01e-12	4.99e-52
 2.42760e+14	7.15e-17	1.42e-11	3.16e-07	4.36e-04	9.99e-01	1.75e-04	0.00e+00	5.97e-18	1.79e-17	3.00e-17	4.66e-12	9.54e-12	9.40e-52
 2.50288e+14	8.72e-17	1.67e-11	3.57e-07	4.67e-04	9.99e-01	1.64e-04	0.00e+00	7.30e-18	2.19e-17	3.66e-17	5.47e-12	1.12e-11	1.67e-51
 2.58631e+14	1.07e-16	1.98e-11	4.08e-07	5.01e-04	9.99e-01	1.53e-04	0.00e+00	8.98e-18	2.70e-17	4.50e-17	6.48e-12	1.33e-11	3.09e-51
 2.67930e+14	1.34e-16	2.37e-11	4.71e-07	5.42e-04	9.99e-01	1.41e-04	0.00e+00	1.13e-17	3.38e-17	5.65e-17	7.77e-12	1.59e-11	5.95e-51
 2.76649e+14	1.64e-16	2.80e-11	5.35e-07	5.81e-04	9.99e-01	1.32e-04	0.00e+00	1.38e-17	4.14e-17	6.91e-17	9.19e-12	1.88e-11	1.09e-50
 2.86161e+14	2.05e-16	3.34e-11	6.14e-07	6.27e-04	9.99e-01	1.22e-04	0.00e+00	1.72e-17	5.16e-17	8.62e-17	1.10e-11	2.24e-11	2.08e-50
 2.96724e+14	2.56e-16	4.02e-11	7.11e-07	6.80e-04	9.99e-01	1.13e-04	0.00e+00	2.15e-17	6.47e-17	1.08e-16	1.32e-11	2.70e-11	4.10e-50
 3.06529e+14	3.16e-16	4.77e-11	8.11e-07	7.31e-04	9.99e-01	1.05e-04	0.00e+00	2.66e-17	7.98e-17	1.33e-16	1.57e-11	3.21e-11	7.72e-50
 3.17153e+14	3.90e-16	5.68e-11	9.30e-07	7.89e-04	9.99e-01	9.71e-05	0.00e+00	3.29e-17	9.88e-17	1.65e-16	1.86e-11	3.82e-11	1.47e-49
 3.29004e+14	4.91e-16	6.86e-11	1.08e-06	8.58e-04	9.99e-01	8.94e-05	0.00e+00	4.14e-17	1.24e-16	2.08e-16	2.25e-11	4.61e-11	2.97e-49
 3.40092e+14	5.99e-16	8.12e-11	1.23e-06	9.22e-04	9.99e-01	8.32e-05	0.00e+00	5.05e-17	1.52e-16	2.53e-16	2.66e-11	5.46e-11	5.54e-49
 3.52149e+14	7.54e-16	9.76e-11	1.42e-06	9.99e-04	9.99e-01	7.69e-05	0.00e+00	6.37e-17	1.91e-16	3.19e-16	3.20e-11	6.56e-11	1.11e-48
 3.65595e+14	9.49e-16	1.18e-10	1.65e-06	1.09e-03	9.99e-01	7.07e-05	0.00e+00	8.04e-17	2.41e-16	4.03e-16	3.88e-11	7.95e-11	2.29e-48
 3.78199e+14	1.16e-15	1.41e-10	1.89e-06	1.17e-03	9.99e-01	6.57e-05	0.00e+00	9.84e-17	2.95e-16	4.93e-16	4.61e-11	9.44e-11	4.37e-48
 3.91870e+14	1.48e-15	1.70e-10	2.18e-06	1.27e-03	9.99e-01	6.07e-05	0.00e+00	1.25e-16	3.76e-16	6.28e-16	5.58e-11	1.14e-10	9.08e-48
 4.07162e+14	1.87e-15	2.07e-10	2.54e-06	1.38e-03	9.99e-01	5.57e-05	0.00e+00	1.59e-16	4.78e-16	7.98e-16	6.81e-11	1.39e-10	1.94e-47
 4.21732e+14	2.34e-15	2.49e-10	2.93e-06	1.50e-03	9.98e-01	5.15e-05	0.00e+00	1.99e-16	5.98e-16	9.98e-16	8.18e-11	1.67e-10	3.96e-47
 4.37298e+14	2.94e-15	3.01e-10	3.38e-06	1.63e-03	9.98e-01	4.76e-05	0.00e+00	2.51e-16	7.53e-16	1.26e-15	9.89e-11	2.02e-10	8.32e-47
 4.54820e+14	3.79e-15	3.70e-10	3.96e-06	1.78e-03	9.98e-01	4.36e-05	0.00e+00	3.23e-16	9.70e-16	1.62e-15	1.22e-10	2.49e-10	1.88e-46
 4.72174e+14	4.78e-15	4.50e-10	4.60e-06	1.93e-03	9.98e-01	4.01e-05	0.00e+00	4.09e-16	1.23e-15	2.05e-15	1.48e-10	3.02e-10	4.07e-46
 4.86385e+14	5.71e-15	5.22e-10	5.17e-06	2.06e-03	9.98e-01	3.76e-05	0.00e+00	4.88e-16	1.46e-15	2.45e-15	1.72e-10	3.51e-10	7.33e-46
 4.97439e+14	6.69e-15	5.92e-10	5.66e-06	2.17e-03	9.98e-01	3.58e-05	0.00e+00	5.73e-16	1.72e-15	2.87e-15	1.95e-10	3.98e-10	1.22e-45
 5.09548e+14	7.83e-15	6.73e-10	6.23e-06	2.29e-03	9.98e-01	3.39e-05	0.00e+00	6.71e-16	2.01e-15	3.36e-15	2.21e-10	4.52e-10	2.04e-45
 5.25290e+14	9.51e-15	7.91e-10	7.03e-06	2.46e-03	9.98e-01	3.17e-05	0.00e+00	8.15e-16	2.45e-15	4.09e-15	2.60e-10	5.31e-10	3.88e-45
 5.42306e+14	1.14e-14	9.27e-10	7.98e-06	2.64e-03	9.97e-01	2.96e-05	0.00e+00	9.81e-16	2.94e-15	4.91e-15	3.05e-10	6.22e-10	7.25e-45
 5.57656e+14	1.40e-14	1.09e-09	8.92e-06	2.81e-03	9.97e-01	2.79e-05	0.00e+00	1.20e-15	3.62e-15	6.04e-15	3.58e-10	7.30e-10	1.39e-44
 5.74290e+14	1.69e-14	1.27e-09	1.00e-05	3.00e-03	9.97e-01	2.62e-05	0.00e+00	1.45e-15	4.37e-15	7.29e-15	4.19e-10	8.53e-10	2.59e-44
 5.95380e+14	2.15e-14	1.55e-09	1.16e-05	3.25e-03	9.97e-01	2.42e-05	0.00e+00	1.85e-15	5.56e-15	9.28e-15	5.09e-10	1.04e-09	5.70e-44
 6.16585e+14	2.69e-14	1.86e-09	1.33e-05	3.51e-03	9.96e-01	2.25e-05	0.00e+00	2.32e-15	6.96e-15	1.16e-14	6.14e-10	1.25e-09	1.20e-43
 6.34410e+14	3.19e-14	2.16e-09	1.49e-05	3.74e-03	9.96e-01	2.11e-05	0.00e+00	2.76e-15	8.27e-15	1.38e-14	7.10e-10	1.45e-09	2.14e-43
 6.53521e+14	3.88e-14	2.53e-09	1.68e-05	4.00e-03	9.96e-01	1.98e-05	0.00e+00	3.35e-15	1.01e-14	1.68e-14	8.34e-10	1.70e-09	4.05e-43
 6.77624e+14	5.07e-14	3.13e-09	1.94e-05	4.34e-03	9.96e-01	1.84e-05	0.00e+00	4.39e-15	1.32e-14	2.20e-14	1.03e-09	2.10e-09	9.64e-43
 7.02906e+14	6.46e-14	3.82e-09	2.24e-05	4.70e-03	9.95e-01	1.70e-05	0.00e+00	5.60e-15	1.68e-14	2.80e-14	1.26e-09	2.56e-09	2.13e-42
 7.25627e+14	7.92e-14	4.53e-09	2.54e-05	5.04e-03	9.95e-01	1.59e-05	0.00e+00	6.87e-15	2.06e-14	3.44e-14	1.49e-09	3.04e-09	4.18e-42
 7.50331e+14	9.70e-14	5.38e-09	2.90e-05	5.43e-03	9.95e-01	1.49e-05	0.00e+00	8.42e-15	2.53e-14	4.22e-14	1.78e-09	3.61e-09	8.23e-42
 7.79595e+14	1.28e-13	6.72e-09	3.38e-05	5.91e-03	9.94e-01	1.37e-05	0.00e+00	1.11e-14	3.34e-14	5.57e-14	2.22e-09	4.51e-09	2.00e-41
 8.08382e+14	1.64e-13	8.24e-09	3.90e-05	6.40e-03	9.94e-01	1.28e-05	0.00e+00	1.43e-14	4.29e-14	7.15e-14	2.72e-09	5.52e-09	4.42e-41
 8.34640e+14	2.04e-13	9.84e-09	4.43e-05	6.87e-03	9.93e-01	1.20e-05	0.00e+00	1.78e-14	5.34e-14	8.91e-14	3.25e-09	6.59e-09	8.89e-41
 8.64016e+14	2.52e-13	1.18e-08	5.08e-05	7.40e-03	9.93e-01	1.12e-05	0.00e+00	2.20e-14	6.61e-14	1.10e-13	3.89e-09	7.89e-09	1.78e-40
 8.98247e+14	3.36e-13	1.48e-08	5.93e-05	8.07e-03	9.92e-01	1.04e-05	0.00e+00	2.94e-14	8.81e-14	1.47e-13	4.90e-09	9.94e-09	4.40e-40
 9.31968e+14	4.35e-13	1.83e-08	6.86e-05	8.74e-03	9.91e-01	9.68e-06	0.00e+00	3.80e-14	1.14e-13	1.90e-13	6.04e-09	1.22e-08	9.81e-40
 9.63981e+14	5.49e-13	2.21e-08	7.85e-05	9.41e-03	9.91e-01	9.09e-06	0.00e+00	4.81e-14	1.44e-13	2.41e-13	7.32e-09	1.48e-08	2.05e-39
 9.99514e+14	6.89e-13	2.68e-08	9.07e-05	1.02e-02	9.90e-01	8.50e-06	0.00e+00	6.04e-14	1.81e-13	3.02e-13	8.86e-09	1.79e-08	4.21e-39
 1.03952e+15	9.35e-13	3.42e-08	1.06e-04	1.11e-02	9.89e-01	7.91e-06	0.00e+00	8.21e-14	2.46e-13	4.11e-13	1.13e-08	2.29e-08	1.07e-38
 1.07319e+15	1.17e-12	4.10e-08	1.20e-04	1.19e-02	9.88e-01	7.49e-06	0.00e+00	1.03e-13	3.08e-13	5.15e-13	1.36e-08	2.75e-08	2.14e-38
 1.09756e+15	1.37e-12	4.67e-08	1.32e-04	1.25e-02	9.87e-01	7.20e-06	0.00e+00	1.20e-13	3.61e-13	6.02e-13	1.54e-08	3.12e-08	3.46e-38
 1.12312e+15	1.61e-12	5.33e-08	1.44e-04	1.31e-02	9.87e-01	6.93e-06	0.00e+00	1.41e-13	4.25e-13	7.08e-13	1.76e-08	3.56e-08	5.69e-38
 1.15634e+15	1.92e-12	6.20e-08	1.62e-04	1.39e-02	9.86e-01	6.59e-06	0.00e+00	1.69e-13	5.07e-13	8.46e-13	2.05e-08	4.15e-08	9.88e-38
 1.19339e+15	2.45e-12	7.55e-08	1.84e-04	1.50e-02	9.85e-01	6.26e-06	0.00e+00	2.16e-13	6.48e-13	1.08e-12	2.50e-08	5.05e-08	2.09e-37
 1.22795e+15	3.01e-12	8.92e-08	2.06e-04	1.59e-02	9.84e-01	5.99e-06	0.00e+00	2.66e-13	7.97e-13	1.33e-12	2.95e-08	5.97e-08	3.85e-37
 1.26539e+15	3.62e-12	1.04e-07	2.32e-04	1.69e-02	9.83e-01	5.71e-06	0.00e+00	3.20e-13	9.59e-13	1.60e-12	3.46e-08	6.98e-08	6.76e-37
 1.30768e+15	4.68e-12	1.28e-07	2.65e-04	1.82e-02	9.82e-01	5.43e-06	0.00e+00	4.14e-13	1.24e-12	2.07e-12	4.25e-08	8.59e-08	1.45e-36
 1.34791e+15	5.76e-12	1.53e-07	2.99e-04	1.94e-02	9.80e-01	5.20e-06	0.00e+00	5.09e-13	1.53e-12	2.55e-12	5.05e-08	1.02e-07	2.69e-36
 1.39184e+15	7.09e-12	1.82e-07	3.40e-04	2.08e-02	9.79e-01	4.96e-06	0.00e+00	6.27e-13	1.88e-12	3.14e-12	6.01e-08	1.21e-07	4.97e-36
 1.44118e+15	9.32e-12	2.27e-07	3.92e-04	2.24e-02	9.77e-01	4.74e-06	0.00e+00	8.25e-13	2.48e-12	4.13e-12	7.50e-08	1.51e-07	1.12e-35
 1.48786e+15	1.16e-11	2.72e-07	4.45e-04	2.39e-02	9.76e-01	4.54e-06	0.00e+00	1.02e-12	3.07e-12	5.13e-12	9.01e-08	1.82e-07	2.14e-35
 1.53887e+15	1.44e-11	3.27e-07	5.09e-04	2.57e-02	9.74e-01	4.35e-06	0.00e+00	1.28e-12	3.83e-12	6.39e-12	1.08e-07	2.18e-07	4.07e-35
 1.59575e+15	1.91e-11	4.12e-07	5.90e-04	2.78e-02	9.72e-01	4.17e-06	0.00e+00	1.70e-12	5.10e-12	8.50e-12	1.37e-07	2.75e-07	9.45e-35
 1.64846e+15	2.40e-11	4.99e-07	6.72e-04	2.98e-02	9.70e-01	4.02e-06	0.00e+00	2.13e-12	6.40e-12	1.07e-11	1.65e-07	3.34e-07	1.85e-34
 1.70517e+15	3.03e-11	6.07e-07	7.71e-04	3.20e-02	9.67e-01	3.87e-06	0.00e+00	2.70e-12	8.09e-12	1.35e-11	2.01e-07	4.06e-07	3.63e-34
 1.76883e+15	3.86e-11	7.42e-07	8.93e-04	3.45e-02	9.65e-01	3.72e-06	0.00e+00	3.43e-12	1.03e-11	1.72e-11	2.46e-07	4.96e-07	7.20e-34
 1.82903e+15	5.02e-11	9.24e-07	1.02e-03	3.71e-02	9.62e-01	3.61e-06	0.00e+00	4.46e-12	1.34e-11	2.23e-11	3.06e-07	6.17e-07	1.56e-33
 1.89480e+15	6.38e-11	1.13e-06	1.18e-03	4.00e-02	9.59e-01	3.49e-06	0.00e+00	5.69e-12	1.71e-11	2.84e-11	3.76e-07	7.57e-07	3.11e-33
 1.96787e+15	8.19e-11	1.40e-06	1.37e-03	4.32e-02	9.55e-01	3.37e-06	0.00e+00	7.30e-12	2.19e-11	3.65e-11	4.63e-07	9.33e-07	6.23e-33
 2.03383e+15	1.03e-10	1.70e-06	1.57e-03	4.64e-02	9.52e-01	3.27e-06	0.00e+00	9.20e-12	2.76e-11	4.61e-11	5.64e-07	1.14e-06	1.22e-32
 2.09294e+15	1.27e-10	2.02e-06	1.77e-03	4.93e-02	9.49e-01	3.20e-06	0.00e+00	1.13e-11	3.40e-11	5.66e-11	6.71e-07	1.35e-06	2.20e-32
 2.15976e+15	1.61e-10	2.48e-06	2.01e-03	5.27e-02	9.45e-01	3.13e-06	0.00e+00	1.44e-11	4.32e-11	7.21e-11	8.21e-07	1.65e-06	4.37e-32
 2.24150e+15	2.06e-10	3.04e-06	2.34e-03	5.70e-02	9.41e-01	3.05e-06	0.00e+00	1.84e-11	5.53e-11	9.22e-11	1.01e-06	2.03e-06	8.50e-32
 2.31703e+15	2.67e-10	3.79e-06	2.68e-03	6.12e-02	9.36e-01	3.00e-06	0.00e+00	2.39e-11	7.16e-11	1.19e-10	1.26e-06	2.53e-06	1.81e-31
 2.37138e+15	3.14e-10	4.35e-06	2.95e-03	6.43e-02	9.33e-01	2.95e-06	0.00e+00	2.81e-11	8.43e-11	1.41e-10	1.44e-06	2.91e-06	2.84e-31
 2.42377e+15	3.68e-10	4.97e-06	3.23e-03	6.73e-02	9.29e-01	2.92e-06	0.00e+00	3.29e-11	9.87e-11	1.65e-10	1.65e-06	3.32e-06	4.39e-31
 2.49189e+15	4.40e-10	5.77e-06	3.61e-03	7.13e-02	9.25e-01	2.86e-06	0.00e+00	3.94e-11	1.18e-10	1.97e-10	1.92e-06	3.85e-06	7.01e-31
 2.58044e+15	5.79e-10	7.27e-06	4.18e-03	7.69e-02	9.19e-01	2.81e-06	0.00e+00	5.19e-11	1.56e-10	2.60e-10	2.41e-06	4.85e-06	1.52e-30
 2.66577e+15	7.11e-10	8.66e-06	4.77e-03	8.22e-02	9.13e-01	2.76e-06	0.00e+00	6.38e-11	1.91e-10	3.19e-10	2.88e-06	5.78e-06	2.58e-30
 2.73276e+15	8.65e-10	1.03e-05	5.30e-03	8.69e-02	9.08e-01	2.73e-06	0.00e+00	7.77e-11	2.33e-10	3.89e-10	3.41e-06	6.86e-06	4.57e-30
 2.80572e+15	1.05e-09	1.21e-05	5.92e-03	9.19e-02	9.02e-01	2.70e-06	0.00e+00	9.40e-11	2.82e-10	4.70e-10	4.01e-06	8.05e-06	7.62e-30
 2.90056e+15	1.31e-09	1.45e-05	6.79e-03	9.84e-02	8.95e-01	2.64e-06	0.00e+00	1.18e-10	3.53e-10	5.88e-10	4.81e-06	9.67e-06	1.32e-29
 3.00219e+15	1.71e-09	1.83e-05	7.87e-03	1.06e-01	8.86e-01	2.61e-06	0.00e+00	1.54e-10	4.62e-10	7.71e-10	6.07e-06	1.22e-05	2.83e-29
 3.08799e+15	2.09e-09	2.17e-05	8.86e-03	1.13e-01	8.78e-01	2.58e-06	0.00e+00	1.89e-10	5.65e-10	9.43e-10	7.21e-06	1.45e-05	4.78e-29
 3.17487e+15	2.56e-09	2.57e-05	9.97e-03	1.19e-01	8.71e-01	2.55e-06	0.00e+00	2.31e-10	6.93e-10	1.16e-09	8.53e-06	1.71e-05	7.96e-29
 3.28783e+15	3.27e-09	3.14e-05	1.16e-02	1.29e-01	8.60e-01	2.50e-06	0.00e+00	2.95e-10	8.86e-10	1.48e-09	1.04e-05	2.09e-05	1.44e-28
 3.40391e+15	4.33e-09	3.99e-05	1.34e-02	1.39e-01	8.48e-01	2.48e-06	0.00e+00	3.92e-10	1.17e-09	1.96e-09	1.33e-05	2.66e-05	3.10e-28
 3.49849e+15	5.32e-09	4.73e-05	1.51e-02	1.47e-01	8.38e-01	2.45e-06	0.00e+00	4.82e-10	1.45e-09	2.41e-09	1.57e-05	3.16e-05	5.15e-28
 3.59588e+15	6.56e-09	5.64e-05	1.71e-02	1.56e-01	8.27e-01	2.42e-06	0.00e+00	5.95e-10	1.78e-09	2.97e-09	1.88e-05	3.76e-05	8.71e-28
 3.70542e+15	8.22e-09	6.79e-05	1.95e-02	1.66e-01	8.14e-01	2.38e-06	0.00e+00	7.46e-10	2.24e-09	3.73e-09	2.26e-05	4.53e-05	1.49e-27
 3.80964e+15	1.03e-08	8.17e-05	2.20e-02	1.76e-01	8.02e-01	2.36e-06	0.00e+00	9.34e-10	2.80e-09	4.67e-09	2.72e-05	5.45e-05	2.59e-27
 3.90740e+15	1.25e-08	9.56e-05	2.46e-02	1.86e-01	7.89e-01	2.33e-06	0.00e+00	1.13e-09	3.39e-09	5.66e-09	3.18e-05	6.38e-05	4.04e-27
 4.01789e+15	1.54e-08	1.13e-04	2.79e-02	1.97e-01	7.75e-01	2.29e-06	0.00e+00	1.40e-09	4.19e-09	6.99e-09	3.76e-05	7.55e-05	6.47e-27
 4.13856e+15	2.00e-08	1.41e-04	3.20e-02	2.10e-01	7.58e-01	2.27e-06	0.00e+00	1.82e-09	5.47e-09	9.12e-09	4.69e-05	9.39e-05	1.26e-26
 4.24392e+15	2.45e-08	1.66e-04	3.59e-02	2.22e-01	7.42e-01	2.24e-06	0.00e+00	2.23e-09	6.69e-09	1.12e-08	5.53e-05	1.11e-04	2.00e-26
 4.33041e+15	2.90e-08	1.90e-04	3.94e-02	2.31e-01	7.29e-01	2.22e-06	0.00e+00	2.64e-09	7.93e-09	1.32e-08	6.33e-05	1.27e-04	2.93e-26
 4.42090e+15	3.47e-08	2.20e-04	4.35e-02	2.41e-01	7.15e-01	2.19e-06	0.00e+00	3.17e-09	9.51e-09	1.58e-08	7.31e-05	1.46e-04	4.42e-26
 4.52163e+15	4.15e-08	2.51e-04	4.82e-02	2.52e-01	6.99e-01	2.16e-06	0.00e+00	3.79e-09	1.14e-08	1.89e-08	8.37e-05	1.68e-04	6.12e-26
 4.63567e+15	5.28e-08	3.06e-04	5.46e-02	2.66e-01	6.79e-01	2.13e-06	0.00e+00	4.83e-09	1.45e-08	2.41e-08	1.02e-04	2.04e-04	1.10e-25
 4.75836e+15	6.51e-08	3.59e-04	6.16e-02	2.80e-01	6.58e-01	2.09e-06	0.00e+00	5.96e-09	1.79e-08	2.98e-08	1.20e-04	2.40e-04	1.66e-25
 4.86942e+15	8.26e-08	4.36e-04	6.94e-02	2.94e-01	6.36e-01	2.07e-06	0.00e+00	7.57e-09	2.27e-08	3.78e-08	1.45e-04	2.91e-04	2.97e-25
 4.96946e+15	9.94e-08	5.05e-04	7.67e-02	3.06e-01	6.17e-01	2.04e-06	0.00e+00	9.11e-09	2.73e-08	4.55e-08	1.68e-04	3.37e-04	4.41e-25
 5.06150e+15	1.19e-07	5.79e-04	8.42e-02	3.17e-01	5.98e-01	2.01e-06	0.00e+00	1.09e-08	3.26e-08	5.44e-08	1.93e-04	3.86e-04	6.47e-25
 5.16464e+15	1.45e-07	6.77e-04	9.35e-02	3.30e-01	5.76e-01	1.98e-06	0.00e+00	1.33e-08	4.00e-08	6.66e-08	2.26e-04	4.51e-04	1.01e-24
 5.27447e+15	1.78e-07	7.89e-04	1.04e-01	3.43e-01	5.52e-01	1.95e-06	0.00e+00	1.63e-08	4.90e-08	8.16e-08	2.63e-04	5.26e-04	1.52e-24
 5.37278e+15	2.11e-07	8.97e-04	1.14e-01	3.54e-01	5.31e-01	1.91e-06	0.00e+00	1.94e-08	5.81e-08	9.69e-08	2.99e-04	5.98e-04	2.13e-24
 5.48031e+15	2.69e-07	1.08e-03	1.28e-01	3.68e-01	5.03e-01	1.89e-06	0.00e+00	2.48e-08	7.44e-08	1.24e-07	3.61e-04	7.22e-04	3.81e-24
 5.59714e+15	3.33e-07	1.27e-03	1.43e-01	3.80e-01	4.76e-01	1.84e-06	0.00e+00	3.07e-08	9.20e-08	1.53e-07	4.24e-04	8.48e-04	5.85e-24
 5.70729e+15	4.04e-07	1.47e-03	1.59e-01	3.91e-01	4.49e-01	1.80e-06	0.00e+00	3.73e-08	1.12e-07	1.86e-07	4.89e-04	9.78e-04	8.63e-24
 5.81463e+15	4.97e-07	1.72e-03	1.76e-01	4.02e-01	4.20e-01	1.76e-06	0.00e+00	4.59e-08	1.38e-07	2.30e-07	5.73e-04	1.15e-03	1.35e-23
 5.91646e+15	6.11e-07	2.00e-03	1.94e-01	4.11e-01	3.93e-01	1.71e-06	0.00e+00	5.65e-08	1.69e-07	2.82e-07	6.67e-04	1.33e-03	2.12e-23
 6.00546e+15	7.54e-07	2.34e-03	2.12e-01	4.19e-01	3.67e-01	1.69e-06	0.00e+00	6.98e-08	2.09e-07	3.49e-07	7.81e-04	1.56e-03	3.48e-23
 6.07618e+15	8.83e-07	2.62e-03	2.27e-01	4.24e-01	3.47e-01	1.67e-06	0.00e+00	8.18e-08	2.45e-07	4.08e-07	8.74e-04	1.75e-03	4.94e-23
 6.14587e+15	9.93e-07	2.85e-03	2.42e-01	4.28e-01	3.28e-01	1.63e-06	0.00e+00	9.20e-08	2.76e-07	4.60e-07	9.51e-04	1.90e-03	6.18e-23
 6.23648e+15	1.25e-06	3.38e-03	2.65e-01	4.32e-01	2.99e-01	1.58e-06	0.00e+00	1.16e-07	3.48e-07	5.81e-07	1.13e-03	2.25e-03	1.09e-22
 6.32115e+15	1.46e-06	3.79e-03	2.86e-01	4.35e-01	2.76e-01	1.53e-06	0.00e+00	1.36e-07	4.07e-07	6.79e-07	1.26e-03	2.52e-03	1.51e-22
 6.38045e+15	1.64e-06	4.09e-03	3.01e-01	4.36e-01	2.59e-01	1.50e-06	0.00e+00	1.52e-07	4.56e-07	7.61e-07	1.37e-03	2.73e-03	1.92e-22
 6.43989e+15	1.87e-06	4.49e-03	3.18e-01	4.36e-01	2.42e-01	1.46e-06	0.00e+00	1.73e-07	5.20e-07	8.66e-07	1.50e-03	2.99e-03	2.57e-22
 6.50463e+15	2.20e-06	5.05e-03	3.38e-01	4.35e-01	2.22e-01	1.41e-06	0.00e+00	2.04e-07	6.13e-07	1.02e-06	1.69e-03	3.37e-03	3.88e-22
 6.55702e+15	2.48e-06	5.50e-03	3.54e-01	4.34e-01	2.06e-01	1.38e-06	0.00e+00	2.30e-07	6.91e-07	1.15e-06	1.84e-03	3.67e-03	5.18e-22
 6.59831e+15	2.74e-06	5.87e-03	3.67e-01	4.32e-01	1.94e-01	1.35e-06	0.00e+00	2.55e-07	7.65e-07	1.27e-06	1.96e-03	3.91e-03	6.48e-22
 6.64441e+15	3.05e-06	6.30e-03	3.83e-01	4.30e-01	1.81e-01	1.31e-06	0.00e+00	2.84e-07	8.52e-07	1.42e-06	2.10e-03	4.20e-03	8.17e-22
 6.70435e+15	3.50e-06	6.93e-03	4.03e-01	4.26e-01	1.64e-01	1.25e-06	0.00e+00	3.26e-07	9.78e-07	1.63e-06	2.31e-03	4.62e-03	1.14e-21
 6.76460e+15	4.04e-06	7.62e-03	4.24e-01	4.21e-01	1.48e-01	1.19e-06	0.00e+00	3.77e-07	1.13e-06	1.88e-06	2.54e-03	5.08e-03	1.59e-21
 6.81125e+15	4.46e-06	8.09e-03	4.39e-01	4.16e-01	1.36e-01	1.15e-06	0.00e+00	4.16e-07	1.25e-06	2.08e-06	2.70e-03	5.39e-03	1.96e-21
 6.85789e+15	5.00e-06	8.72e-03	4.56e-01	4.11e-01	1.24e-01	1.10e-06	0.00e+00	4.67e-07	1.40e-06	2.33e-06	2.91e-03	5.81e-03	2.57e-21
 6.90921e+15	5.90e-06	9.67e-03	4.77e-01	4.03e-01	1.10e-01	1.04e-06	0.00e+00	5.52e-07	1.66e-06	2.76e-06	3.23e-03	6.45e-03	3.89e-21
 6.95038e+15	6.52e-06	1.03e-02	4.92e-01	3.97e-01	1.01e-01	9.92e-07	0.00e+00	6.10e-07	1.83e-06	3.05e-06	3.44e-03	6.86e-03	4.91e-21
 6.98765e+15	7.23e-06	1.10e-02	5.06e-01	3.91e-01	9.20e-02	0.00e+00	0.00e+00	6.77e-07	2.03e-06	3.38e-06	3.66e-03	7.30e-03	6.24e-21
 7.03609e+15	7.97e-06	1.16e-02	5.23e-01	3.83e-01	8.21e-02	0.00e+00	0.00e+00	7.47e-07	2.24e-06	3.73e-06	3.87e-03	7.73e-03	7.65e-21
 7.09907e+15	9.97e-06	1.32e-02	5.49e-01	3.69e-01	6.82e-02	0.00e+00	0.00e+00	9.35e-07	2.80e-06	4.67e-06	4.39e-03	8.76e-03	1.30e-20
 7.15193e+15	1.10e-05	1.39e-02	5.67e-01	3.60e-01	5.96e-02	0.00e+00	0.00e+00	1.03e-06	3.08e-06	5.14e-06	4.65e-03	9.27e-03	1.59e-20
 7.19164e+15	1.23e-05	1.49e-02	5.82e-01	3.51e-01	5.24e-02	0.00e+00	0.00e+00	1.16e-06	3.48e-06	5.79e-06	4.98e-03	9.93e-03	2.12e-20
 7.23468e+15	1.44e-05	1.61e-02	5.99e-01	3.40e-01	4.53e-02	0.00e+00	0.00e+00	1.35e-06	4.05e-06	6.75e-06	5.39e-03	1.07e-02	3.01e-20
 7.27125e+15	1.56e-05	1.69e-02	6.11e-01	3.32e-01	4.03e-02	0.00e+00	0.00e+00	1.47e-06	4.42e-06	7.36e-06	5.64e-03	1.12e-02	3.60e-20
 7.30800e+15	1.82e-05	1.81e-02	6.25e-01	3.22e-01	3.48e-02	0.00e+00	0.00e+00	1.71e-06	5.14e-06	8.55e-06	6.05e-03	1.21e-02	4.97e-20
 7.34695e+15	1.99e-05	1.92e-02	6.39e-01	3.12e-01	3.02e-02	0.00e+00	0.00e+00	1.88e-06	5.63e-06	9.37e-06	6.40e-03	1.28e-02	6.36e-20
 7.38876e+15	2.27e-05	2.05e-02	6.53e-01	3.01e-01	2.55e-02	0.00e+00	0.00e+00	2.15e-06	6.45e-06	1.07e-05	6.84e-03	1.36e-02	8.61e-20
 7.43375e+15	2.56e-05	2.18e-02	6.68e-01	2.89e-01	2.13e-02	0.00e+00	0.00e+00	2.42e-06	7.26e-06	1.21e-05	7.28e-03	1.45e-02	1.14e-19
 7.47503e+15	2.87e-05	2.31e-02	6.80e-01	2.78e-01	1.79e-02	0.00e+00	0.00e+00	2.72e-06	8.17e-06	1.36e-05	7.73e-03	1.54e-02	1.50e-19
 7.50767e+15	3.17e-05	2.42e-02	6.90e-01	2.70e-01	1.56e-02	0.00e+00	0.00e+00	3.01e-06	9.02e-06	1.50e-05	8.07e-03	1.61e-02	1.87e-19
 7.53138e+15	3.37e-05	2.49e-02	6.97e-01	2.64e-01	1.41e-02	0.00e+00	0.00e+00	3.20e-06	9.59e-06	1.60e-05	8.33e-03	1.66e-02	2.19e-19
 7.55666e+15	3.59e-05	2.58e-02	7.04e-01	2.57e-01	1.25e-02	0.00e+00	0.00e+00	3.41e-06	1.02e-05	1.70e-05	8.63e-03	1.72e-02	2.63e-19
 7.58952e+15	3.93e-05	2.70e-02	7.13e-01	2.49e-01	1.07e-02	0.00e+00	0.00e+00	3.74e-06	1.12e-05	1.87e-05	9.02e-03	1.80e-02	3.34e-19
