#depth	He	He+	He+2
 1.49634e+10	4.60e-21	7.43e-11	1.00e+00
 4.54887e+10	5.39e-21	8.13e-11	1.00e+00
 7.72350e+10	6.26e-21	8.91e-11	1.00e+00
 1.10251e+11	7.27e-21	9.76e-11	1.00e+00
 1.42327e+11	8.38e-21	1.06e-10	1.00e+00
 1.72616e+11	9.51e-21	1.15e-10	1.00e+00
 2.06379e+11	1.09e-20	1.26e-10	1.00e+00
 2.44561e+11	1.27e-20	1.38e-10	1.00e+00
 2.82603e+11	1.46e-20	1.51e-10	1.00e+00
 3.22166e+11	1.69e-20	1.66e-10	1.00e+00
 3.64980e+11	1.96e-20	1.82e-10	1.00e+00
 4.08551e+11	2.26e-20	2.00e-10	1.00e+00
 4.51231e+11	2.59e-20	2.19e-10	1.00e+00
 4.96573e+11	2.97e-20	2.40e-10	1.00e+00
 5.46363e+11	3.43e-20	2.65e-10	1.00e+00
 5.98145e+11	3.96e-20	2.93e-10	1.00e+00
 6.51997e+11	4.56e-20	3.24e-10	1.00e+00
 7.08004e+11	5.24e-20	3.58e-10	1.00e+00
 7.66251e+11	6.02e-20	3.97e-10	1.00e+00
 8.18958e+11	6.79e-20	4.33e-10	1.00e+00
 8.62916e+11	7.46e-20	4.66e-10	1.00e+00
 9.11087e+11	8.23e-20	5.03e-10	1.00e+00
 9.72044e+11	9.30e-20	5.53e-10	1.00e+00
 1.03562e+12	1.05e-19	6.09e-10	1.00e+00
 1.08963e+12	1.16e-19	6.59e-10	1.00e+00
 1.14519e+12	1.28e-19	7.12e-10	1.00e+00
 1.21510e+12	1.44e-19	7.84e-10	1.00e+00
 1.28610e+12	1.61e-19	8.62e-10	1.00e+00
 1.34706e+12	1.77e-19	9.32e-10	1.00e+00
 1.41251e+12	1.95e-19	1.01e-09	1.00e+00
 1.49346e+12	2.19e-19	1.11e-09	1.00e+00
 1.57644e+12	2.45e-19	1.23e-09	1.00e+00
 1.65123e+12	2.71e-19	1.33e-09	1.00e+00
 1.73349e+12	3.01e-19	1.46e-09	1.00e+00
 1.83055e+12	3.41e-19	1.61e-09	1.00e+00
 1.92773e+12	3.85e-19	1.77e-09	1.00e+00
 2.02001e+12	4.30e-19	1.94e-09	1.00e+00
 2.12196e+12	4.86e-19	2.12e-09	1.00e+00
 2.23676e+12	5.56e-19	2.35e-09	1.00e+00
 2.35151e+12	6.36e-19	2.59e-09	1.00e+00
 2.45304e+12	7.14e-19	2.81e-09	1.00e+00
 2.53817e+12	7.86e-19	3.00e-09	1.00e+00
 2.62976e+12	8.70e-19	3.21e-09	1.00e+00
 2.74882e+12	9.92e-19	3.51e-09	1.00e+00
 2.87343e+12	1.14e-18	3.83e-09	1.00e+00
 2.97980e+12	1.27e-18	4.11e-09	1.00e+00
 3.09262e+12	1.43e-18	4.43e-09	1.00e+00
 3.23447e+12	1.66e-18	4.84e-09	1.00e+00
 3.38053e+12	1.92e-18	5.29e-09	1.00e+00
 3.50924e+12	2.19e-18	5.70e-09	1.00e+00
 3.64895e+12	2.50e-18	6.17e-09	1.00e+00
 3.80322e+12	2.90e-18	6.71e-09	1.00e+00
 3.94550e+12	3.31e-18	7.23e-09	1.00e+00
 4.09954e+12	3.80e-18	7.81e-09	1.00e+00
 4.27126e+12	4.43e-18	8.49e-09	1.00e+00
 4.43204e+12	5.08e-18	9.16e-09	1.00e+00
 4.60713e+12	5.88e-18	9.91e-09	1.00e+00
 4.80168e+12	6.89e-18	1.08e-08	1.00e+00
 4.98335e+12	7.95e-18	1.16e-08	1.00e+00
 5.18130e+12	9.23e-18	1.26e-08	1.00e+00
 5.40260e+12	1.09e-17	1.37e-08	1.00e+00
 5.61127e+12	1.26e-17	1.48e-08	1.00e+00
 5.83957e+12	1.48e-17	1.61e-08	1.00e+00
 6.09525e+12	1.75e-17	1.76e-08	1.00e+00
 6.33758e+12	2.04e-17	1.91e-08	1.00e+00
 6.59730e+12	2.40e-17	2.07e-08	1.00e+00
 6.89112e+12	2.85e-17	2.26e-08	1.00e+00
 7.18201e+12	3.37e-17	2.46e-08	1.00e+00
 7.48455e+12	3.98e-17	2.68e-08	1.00e+00
 7.81386e+12	4.71e-17	2.92e-08	1.00e+00
 8.15634e+12	5.61e-17	3.19e-08	1.00e+00
 8.47853e+12	6.55e-17	3.45e-08	1.00e+00
 8.76783e+12	7.50e-17	3.70e-08	1.00e+00
 9.04110e+12	8.48e-17	3.94e-08	1.00e+00
 9.34369e+12	9.67e-17	4.20e-08	1.00e+00
 9.68320e+12	1.11e-16	4.52e-08	1.00e+00
 1.00059e+13	1.27e-16	4.83e-08	1.00e+00
 1.03605e+13	1.46e-16	5.18e-08	1.00e+00
 1.07568e+13	1.69e-16	5.58e-08	1.00e+00
 1.11242e+13	1.94e-16	5.97e-08	1.00e+00
 1.14651e+13	2.18e-16	6.34e-08	1.00e+00
 1.18543e+13	2.49e-16	6.77e-08	1.00e+00
 1.23307e+13	2.92e-16	7.34e-08	1.00e+00
 1.28007e+13	3.37e-16	7.89e-08	1.00e+00
 1.32098e+13	3.81e-16	8.40e-08	1.00e+00
 1.36598e+13	4.35e-16	8.97e-08	1.00e+00
 1.42074e+13	5.06e-16	9.68e-08	1.00e+00
 1.47627e+13	5.88e-16	1.04e-07	1.00e+00
 1.52641e+13	6.69e-16	1.11e-07	1.00e+00
 1.58148e+13	7.67e-16	1.19e-07	1.00e+00
 1.64636e+13	8.94e-16	1.29e-07	1.00e+00
 1.71105e+13	1.04e-15	1.39e-07	1.00e+00
 1.77210e+13	1.19e-15	1.49e-07	1.00e+00
 1.83976e+13	1.37e-15	1.60e-07	1.00e+00
 1.91634e+13	1.60e-15	1.73e-07	1.00e+00
 1.99326e+13	1.86e-15	1.87e-07	1.00e+00
 2.07326e+13	2.16e-15	2.01e-07	1.00e+00
 2.15918e+13	2.52e-15	2.18e-07	1.00e+00
 2.24854e+13	2.94e-15	2.35e-07	1.00e+00
 2.33474e+13	3.39e-15	2.53e-07	1.00e+00
 2.41531e+13	3.85e-15	2.70e-07	1.00e+00
 2.49115e+13	4.32e-15	2.86e-07	1.00e+00
 2.57374e+13	4.91e-15	3.05e-07	1.00e+00
 2.66511e+13	5.59e-15	3.26e-07	1.00e+00
 2.75118e+13	6.30e-15	3.47e-07	1.00e+00
 2.84634e+13	7.17e-15	3.70e-07	1.00e+00
 2.95299e+13	8.26e-15	3.98e-07	1.00e+00
 3.05428e+13	9.38e-15	4.25e-07	1.00e+00
 3.16564e+13	1.07e-14	4.55e-07	1.00e+00
 3.29125e+13	1.25e-14	4.91e-07	1.00e+00
 3.41200e+13	1.43e-14	5.27e-07	1.00e+00
 3.54098e+13	1.64e-14	5.66e-07	1.00e+00
 3.68562e+13	1.92e-14	6.13e-07	1.00e+00
 3.81910e+13	2.20e-14	6.57e-07	1.00e+00
 3.93445e+13	2.46e-14	6.97e-07	1.00e+00
 4.06231e+13	2.78e-14	7.42e-07	1.00e+00
 4.21877e+13	3.22e-14	8.01e-07	1.00e+00
 4.37724e+13	3.70e-14	8.62e-07	1.00e+00
 4.51931e+13	4.18e-14	9.18e-07	1.00e+00
 4.67523e+13	4.77e-14	9.83e-07	1.00e+00
 4.86013e+13	5.53e-14	1.06e-06	1.00e+00
 5.04239e+13	6.37e-14	1.14e-06	1.00e+00
 5.20868e+13	7.20e-14	1.22e-06	1.00e+00
 5.39449e+13	8.22e-14	1.31e-06	1.00e+00
 5.61099e+13	9.55e-14	1.42e-06	1.00e+00
 5.82370e+13	1.10e-13	1.53e-06	1.00e+00
 6.02432e+13	1.25e-13	1.64e-06	1.00e+00
 6.24768e+13	1.43e-13	1.76e-06	1.00e+00
 6.50058e+13	1.66e-13	1.91e-06	1.00e+00
 6.75297e+13	1.92e-13	2.06e-06	1.00e+00
 6.98921e+13	2.19e-13	2.21e-06	1.00e+00
 7.24552e+13	2.50e-13	2.37e-06	1.00e+00
 7.53833e+13	2.90e-13	2.57e-06	1.00e+00
 7.81428e+13	3.30e-13	2.76e-06	1.00e+00
 8.06253e+13	3.71e-13	2.94e-06	1.00e+00
 8.29751e+13	4.12e-13	3.12e-06	1.00e+00
 8.55830e+13	4.61e-13	3.32e-06	1.00e+00
 8.84900e+13	5.20e-13	3.55e-06	1.00e+00
 9.12227e+13	5.81e-13	3.78e-06	1.00e+00
 9.42122e+13	6.52e-13	4.03e-06	1.00e+00
 9.75554e+13	7.39e-13	4.33e-06	1.00e+00
 1.00731e+14	8.29e-13	4.62e-06	1.00e+00
 1.04233e+14	9.36e-13	4.95e-06	1.00e+00
 1.08106e+14	1.07e-12	5.32e-06	1.00e+00
 1.11685e+14	1.19e-12	5.69e-06	1.00e+00
 1.15564e+14	1.35e-12	6.10e-06	1.00e+00
 1.19889e+14	1.53e-12	6.57e-06	1.00e+00
 1.23944e+14	1.72e-12	7.03e-06	1.00e+00
 1.28363e+14	1.95e-12	7.56e-06	1.00e+00
 1.33274e+14	2.22e-12	8.15e-06	1.00e+00
 1.37871e+14	2.50e-12	8.75e-06	1.00e+00
 1.42869e+14	2.82e-12	9.40e-06	1.00e+00
 1.48449e+14	3.22e-12	1.02e-05	1.00e+00
 1.53726e+14	3.64e-12	1.09e-05	1.00e+00
 1.59380e+14	4.14e-12	1.18e-05	1.00e+00
 1.65785e+14	4.73e-12	1.28e-05	1.00e+00
 1.72082e+14	5.41e-12	1.39e-05	1.00e+00
 1.78130e+14	6.08e-12	1.49e-05	1.00e+00
 1.84785e+14	6.92e-12	1.61e-05	1.00e+00
 1.92206e+14	7.95e-12	1.75e-05	1.00e+00
 1.98506e+14	8.90e-12	1.88e-05	1.00e+00
 2.03161e+14	9.66e-12	1.97e-05	1.00e+00
 2.08079e+14	1.05e-11	2.07e-05	1.00e+00
 2.14473e+14	1.17e-11	2.22e-05	1.00e+00
 2.21482e+14	1.32e-11	2.38e-05	1.00e+00
 2.27917e+14	1.46e-11	2.53e-05	1.00e+00
 2.34908e+14	1.63e-11	2.70e-05	1.00e+00
 2.42760e+14	1.83e-11	2.90e-05	1.00e+00
 2.50288e+14	2.06e-11	3.11e-05	1.00e+00
 2.58631e+14	2.30e-11	3.34e-05	1.00e+00
 2.67930e+14	2.63e-11	3.61e-05	1.00e+00
 2.76649e+14	2.95e-11	3.88e-05	1.00e+00
 2.86161e+14	3.37e-11	4.19e-05	1.00e+00
 2.96724e+14	3.86e-11	4.54e-05	1.00e+00
 3.06529e+14	4.36e-11	4.89e-05	1.00e+00
 3.17153e+14	4.97e-11	5.28e-05	1.00e+00
 3.29004e+14	5.72e-11	5.74e-05	1.00e+00
 3.40092e+14	6.43e-11	6.17e-05	1.00e+00
 3.52149e+14	7.40e-11	6.69e-05	1.00e+00
 3.65595e+14	8.57e-11	7.29e-05	1.00e+00
 3.78199e+14	9.65e-11	7.86e-05	1.00e+00
 3.91870e+14	1.12e-10	8.53e-05	1.00e+00
 4.07162e+14	1.30e-10	9.30e-05	1.00e+00
 4.21732e+14	1.48e-10	1.01e-04	1.00e+00
 4.37298e+14	1.71e-10	1.09e-04	1.00e+00
 4.54820e+14	2.00e-10	1.20e-04	1.00e+00
 4.72174e+14	2.31e-10	1.30e-04	1.00e+00
 4.86385e+14	2.58e-10	1.39e-04	1.00e+00
 4.97439e+14	2.84e-10	1.46e-04	1.00e+00
 5.09548e+14	3.13e-10	1.55e-04	1.00e+00
 5.25290e+14	3.54e-10	1.66e-04	1.00e+00
 5.42306e+14	3.96e-10	1.78e-04	1.00e+00
 5.57656e+14	4.48e-10	1.90e-04	1.00e+00
 5.74290e+14	5.03e-10	2.02e-04	1.00e+00
 5.95380e+14	5.84e-10	2.20e-04	1.00e+00
 6.16585e+14	6.68e-10	2.37e-04	1.00e+00
 6.34410e+14	7.43e-10	2.53e-04	1.00e+00
 6.53521e+14	8.37e-10	2.70e-04	1.00e+00
 6.77624e+14	9.80e-10	2.93e-04	1.00e+00
 7.02906e+14	1.14e-09	3.18e-04	1.00e+00
 7.25627e+14	1.29e-09	3.42e-04	1.00e+00
 7.50331e+14	1.46e-09	3.68e-04	1.00e+00
 7.79595e+14	1.73e-09	4.01e-04	1.00e+00
 8.08382e+14	2.00e-09	4.34e-04	1.00e+00
 8.34640e+14	2.28e-09	4.66e-04	1.00e+00
 8.64016e+14	2.59e-09	5.03e-04	9.99e-01
 8.98247e+14	3.08e-09	5.48e-04	9.99e-01
 9.31968e+14	3.58e-09	5.94e-04	9.99e-01
 9.63981e+14	4.12e-09	6.40e-04	9.99e-01
 9.99514e+14	4.71e-09	6.92e-04	9.99e-01
 1.03952e+15	5.65e-09	7.56e-04	9.99e-01
 1.07319e+15	6.44e-09	8.10e-04	9.99e-01
 1.09756e+15	7.06e-09	8.50e-04	9.99e-01
 1.12312e+15	7.77e-09	8.94e-04	9.99e-01
 1.15634e+15	8.62e-09	9.52e-04	9.99e-01
 1.19339e+15	1.00e-08	1.02e-03	9.99e-01
 1.22795e+15	1.12e-08	1.08e-03	9.99e-01
 1.26539e+15	1.25e-08	1.16e-03	9.99e-01
 1.30768e+15	1.46e-08	1.24e-03	9.99e-01
 1.34791e+15	1.64e-08	1.33e-03	9.99e-01
 1.39184e+15	1.85e-08	1.42e-03	9.99e-01
 1.44118e+15	2.18e-08	1.53e-03	9.98e-01
 1.48786e+15	2.47e-08	1.64e-03	9.98e-01
 1.53887e+15	2.81e-08	1.76e-03	9.98e-01
 1.59575e+15	3.33e-08	1.91e-03	9.98e-01
 1.64846e+15	3.81e-08	2.05e-03	9.98e-01
 1.70517e+15	4.36e-08	2.20e-03	9.98e-01
 1.76883e+15	5.01e-08	2.38e-03	9.98e-01
 1.82903e+15	5.89e-08	2.56e-03	9.97e-01
 1.89480e+15	6.77e-08	2.76e-03	9.97e-01
 1.96787e+15	7.82e-08	3.00e-03	9.97e-01
 2.03383e+15	9.00e-08	3.22e-03	9.97e-01
 2.09294e+15	1.02e-07	3.43e-03	9.97e-01
 2.15976e+15	1.18e-07	3.67e-03	9.96e-01
 2.24150e+15	1.35e-07	3.97e-03	9.96e-01
 2.31703e+15	1.59e-07	4.28e-03	9.96e-01
 2.37138e+15	1.76e-07	4.50e-03	9.95e-01
 2.42377e+15	1.93e-07	4.72e-03	9.95e-01
 2.49189e+15	2.13e-07	5.02e-03	9.95e-01
 2.58044e+15	2.53e-07	5.43e-03	9.95e-01
 2.66577e+15	2.84e-07	5.83e-03	9.94e-01
 2.73276e+15	3.24e-07	6.17e-03	9.94e-01
 2.80572e+15	3.63e-07	6.55e-03	9.93e-01
 2.90056e+15	4.11e-07	7.06e-03	9.93e-01
 3.00219e+15	4.89e-07	7.65e-03	9.92e-01
 3.08799e+15	5.52e-07	8.16e-03	9.92e-01
 3.17487e+15	6.23e-07	8.71e-03	9.91e-01
 3.28783e+15	7.17e-07	9.46e-03	9.91e-01
 3.40391e+15	8.59e-07	1.03e-02	9.90e-01
 3.49849e+15	9.73e-07	1.10e-02	9.89e-01
 3.59588e+15	1.11e-06	1.18e-02	9.88e-01
 3.70542e+15	1.26e-06	1.27e-02	9.87e-01
 3.80964e+15	1.45e-06	1.36e-02	9.86e-01
 3.90740e+15	1.63e-06	1.45e-02	9.85e-01
 4.01789e+15	1.84e-06	1.57e-02	9.84e-01
 4.13856e+15	2.18e-06	1.70e-02	9.83e-01
 4.24392e+15	2.47e-06	1.82e-02	9.82e-01
 4.33041e+15	2.74e-06	1.93e-02	9.81e-01
 4.42090e+15	3.06e-06	2.05e-02	9.79e-01
 4.52163e+15	3.39e-06	2.19e-02	9.78e-01
 4.63567e+15	3.96e-06	2.37e-02	9.76e-01
 4.75836e+15	4.48e-06	2.57e-02	9.74e-01
 4.86942e+15	5.25e-06	2.78e-02	9.72e-01
 4.96946e+15	5.90e-06	2.98e-02	9.70e-01
 5.06150e+15	6.61e-06	3.18e-02	9.68e-01
 5.16464e+15	7.53e-06	3.43e-02	9.66e-01
 5.27447e+15	8.56e-06	3.71e-02	9.63e-01
 5.37278e+15	9.58e-06	4.00e-02	9.60e-01
 5.48031e+15	1.13e-05	4.36e-02	9.56e-01
 5.59714e+15	1.30e-05	4.78e-02	9.52e-01
 5.70729e+15	1.49e-05	5.24e-02	9.48e-01
 5.81463e+15	1.74e-05	5.74e-02	9.43e-01
 5.91646e+15	2.02e-05	6.29e-02	9.37e-01
 6.00546e+15	2.35e-05	6.84e-02	9.32e-01
 6.07618e+15	2.63e-05	7.31e-02	9.27e-01
 6.14587e+15	2.90e-05	7.85e-02	9.21e-01
 6.23648e+15	3.46e-05	8.65e-02	9.13e-01
 6.32115e+15	3.94e-05	9.45e-02	9.05e-01
 6.38045e+15	4.34e-05	1.01e-01	8.99e-01
 6.43989e+15	4.85e-05	1.08e-01	8.92e-01
 6.50463e+15	5.57e-05	1.17e-01	8.83e-01
 6.55702e+15	6.18e-05	1.25e-01	8.75e-01
 6.59831e+15	6.72e-05	1.32e-01	8.68e-01
 6.64441e+15	7.39e-05	1.40e-01	8.59e-01
 6.70435e+15	8.42e-05	1.53e-01	8.47e-01
 6.76460e+15	9.61e-05	1.66e-01	8.34e-01
 6.81125e+15	1.06e-04	1.78e-01	8.22e-01
 6.85789e+15	1.18e-04	1.91e-01	8.09e-01
 6.90921e+15	1.36e-04	2.07e-01	7.93e-01
 6.95038e+15	1.51e-04	2.21e-01	7.79e-01
 6.98765e+15	1.66e-04	2.35e-01	7.65e-01
 7.03609e+15	1.86e-04	2.55e-01	7.45e-01
 7.09907e+15	2.24e-04	2.84e-01	7.16e-01
 7.15193e+15	2.53e-04	3.10e-01	6.90e-01
 7.19164e+15	2.84e-04	3.33e-01	6.67e-01
 7.23468e+15	3.23e-04	3.58e-01	6.42e-01
 7.27125e+15	3.54e-04	3.81e-01	6.18e-01
 7.30800e+15	3.97e-04	4.07e-01	5.93e-01
 7.34695e+15	4.41e-04	4.34e-01	5.65e-01
 7.38876e+15	4.97e-04	4.66e-01	5.33e-01
 7.43375e+15	5.59e-04	5.00e-01	4.99e-01
 7.47503e+15	6.22e-04	5.33e-01	4.67e-01
 7.50767e+15	6.73e-04	5.58e-01	4.42e-01
 7.53138e+15	7.13e-04	5.76e-01	4.23e-01
 7.55666e+15	7.58e-04	5.97e-01	4.03e-01
 7.58952e+15	8.19e-04	6.23e-01	3.77e-01
 7.62432e+15	8.85e-04	6.49e-01	3.50e-01
 7.65467e+15	9.44e-04	6.71e-01	3.28e-01
 7.68714e+15	1.01e-03	6.95e-01	3.04e-01
 7.72332e+15	1.09e-03	7.19e-01	2.80e-01
 7.75696e+15	1.16e-03	7.41e-01	2.58e-01
 7.78853e+15	1.22e-03	7.60e-01	2.39e-01
 7.82476e+15	1.30e-03	7.81e-01	2.18e-01
 7.86415e+15	1.39e-03	8.01e-01	1.97e-01
 7.89941e+15	1.46e-03	8.18e-01	1.81e-01
 7.93704e+15	1.55e-03	8.35e-01	1.64e-01
 7.97799e+15	1.64e-03	8.51e-01	1.48e-01
 8.01469e+15	1.72e-03	8.64e-01	1.35e-01
 8.04840e+15	1.80e-03	8.74e-01	1.24e-01
 8.08677e+15	1.89e-03	8.86e-01	1.12e-01
 8.12883e+15	1.99e-03	8.97e-01	1.01e-01
 8.16652e+15	2.09e-03	9.06e-01	9.21e-02
 8.20056e+15	2.18e-03	9.13e-01	8.49e-02
 8.23899e+15	2.29e-03	9.21e-01	7.71e-02
 8.28111e+15	2.40e-03	9.28e-01	6.99e-02
 8.31885e+15	2.52e-03	9.33e-01	6.40e-02
 8.35269e+15	2.62e-03	9.38e-01	5.92e-02
 8.39065e+15	2.75e-03	9.43e-01	5.41e-02
 8.43285e+15	2.90e-03	9.48e-01	4.94e-02
 8.47063e+15	3.05e-03	9.51e-01	4.55e-02
 8.50369e+15	3.19e-03	9.55e-01	4.23e-02
 8.54053e+15	3.36e-03	9.58e-01	3.90e-02
 8.58157e+15	3.56e-03	9.61e-01	3.58e-02
 8.61901e+15	3.76e-03	9.63e-01	3.31e-02
 8.65270e+15	3.97e-03	9.65e-01	3.09e-02
 8.69058e+15	4.21e-03	9.67e-01	2.85e-02
 8.73274e+15	4.52e-03	9.69e-01	2.62e-02
 8.77167e+15	4.85e-03	9.71e-01	2.43e-02
 8.80752e+15	5.18e-03	9.72e-01	2.27e-02
 8.84818e+15	5.60e-03	9.73e-01	2.09e-02
 8.89267e+15	6.14e-03	9.75e-01	1.93e-02
 8.93152e+15	6.70e-03	9.75e-01	1.80e-02
 8.96452e+15	7.25e-03	9.76e-01	1.69e-02
 9.00052e+15	7.94e-03	9.76e-01	1.58e-02
 9.04021e+15	8.82e-03	9.76e-01	1.48e-02
 9.07546e+15	9.78e-03	9.76e-01	1.39e-02
 9.10281e+15	1.06e-02	9.76e-01	1.33e-02
 9.12478e+15	1.14e-02	9.76e-01	1.28e-02
 9.14898e+15	1.24e-02	9.75e-01	1.23e-02
 9.17565e+15	1.37e-02	9.75e-01	1.18e-02
 9.19930e+15	1.50e-02	9.74e-01	1.14e-02
 9.21921e+15	1.63e-02	9.73e-01	1.10e-02
 9.23766e+15	1.76e-02	9.72e-01	1.07e-02
 9.25886e+15	1.93e-02	9.70e-01	1.04e-02
 9.28155e+15	2.15e-02	9.68e-01	1.01e-02
 9.30073e+15	2.37e-02	9.66e-01	9.81e-03
 9.31672e+15	2.58e-02	9.65e-01	9.63e-03
 9.33406e+15	2.84e-02	9.62e-01	9.42e-03
 9.35332e+15	3.17e-02	9.59e-01	9.22e-03
 9.37075e+15	3.53e-02	9.56e-01	9.08e-03
 9.38604e+15	3.88e-02	9.52e-01	9.00e-03
 9.40289e+15	4.33e-02	9.48e-01	8.88e-03
 9.42140e+15	4.92e-02	9.42e-01	8.81e-03
 9.43803e+15	5.56e-02	9.36e-01	8.76e-03
 9.45247e+15	6.19e-02	9.29e-01	8.76e-03
 9.46657e+15	6.92e-02	9.22e-01	8.75e-03
 9.48102e+15	7.76e-02	9.14e-01	8.79e-03
 9.49448e+15	8.69e-02	9.04e-01	8.84e-03
 9.50632e+15	9.60e-02	8.95e-01	8.91e-03
 9.51685e+15	1.05e-01	8.86e-01	8.98e-03
 9.52660e+15	1.15e-01	8.76e-01	9.05e-03
 9.53601e+15	1.25e-01	8.66e-01	9.11e-03
 9.54334e+15	1.33e-01	8.57e-01	9.20e-03
 9.54804e+15	1.39e-01	8.51e-01	9.25e-03
 9.55244e+15	1.45e-01	8.45e-01	9.28e-03
 9.55760e+15	1.53e-01	8.38e-01	9.32e-03
 9.56317e+15	1.61e-01	8.30e-01	9.38e-03
 9.56853e+15	1.69e-01	8.22e-01	9.44e-03
 9.57363e+15	1.77e-01	8.13e-01	9.51e-03
 9.57871e+15	1.86e-01	8.04e-01	9.55e-03
 9.58380e+15	1.95e-01	7.95e-01	9.62e-03
 9.58885e+15	2.05e-01	7.85e-01	9.66e-03
 9.59386e+15	2.15e-01	7.75e-01	9.74e-03
 9.59887e+15	2.26e-01	7.65e-01	9.78e-03
 9.60391e+15	2.37e-01	7.53e-01	9.82e-03
 9.60878e+15	2.48e-01	7.42e-01	9.87e-03
 9.61360e+15	2.60e-01	7.30e-01	9.92e-03
 9.61851e+15	2.73e-01	7.17e-01	9.94e-03
 9.62338e+15	2.85e-01	7.05e-01	1.00e-02
 9.62820e+15	2.99e-01	6.91e-01	1.00e-02
 9.63298e+15	3.12e-01	6.78e-01	1.01e-02
 9.63778e+15	3.27e-01	6.63e-01	1.01e-02
 9.64262e+15	3.42e-01	6.48e-01	1.01e-02
 9.64733e+15	3.57e-01	6.33e-01	1.01e-02
 9.65199e+15	3.72e-01	6.18e-01	1.01e-02
 9.65676e+15	3.89e-01	6.01e-01	1.00e-02
 9.66150e+15	4.05e-01	5.85e-01	1.00e-02
 9.66618e+15	4.21e-01	5.69e-01	9.99e-03
 9.67092e+15	4.39e-01	5.52e-01	9.95e-03
 9.67567e+15	4.56e-01	5.34e-01	9.87e-03
 9.68036e+15	4.73e-01	5.17e-01	9.82e-03
 9.68494e+15	4.91e-01	4.99e-01	9.72e-03
 9.68952e+15	5.08e-01	4.82e-01	9.65e-03
 9.69409e+15	5.25e-01	4.65e-01	9.54e-03
 9.69860e+15	5.43e-01	4.48e-01	9.41e-03
 9.70313e+15	5.60e-01	4.31e-01	9.28e-03
 9.70770e+15	5.77e-01	4.14e-01	9.13e-03
 9.71225e+15	5.94e-01	3.97e-01	9.01e-03
 9.71673e+15	6.10e-01	3.81e-01	8.84e-03
 9.72121e+15	6.26e-01	3.65e-01	8.66e-03
 9.72579e+15	6.42e-01	3.50e-01	8.48e-03
 9.73047e+15	6.58e-01	3.34e-01	8.27e-03
 9.73524e+15	6.73e-01	3.19e-01	8.06e-03
 9.74009e+15	6.88e-01	3.04e-01	7.84e-03
 9.74502e+15	7.03e-01	2.89e-01	7.61e-03
 9.75011e+15	7.17e-01	2.75e-01	7.37e-03
 9.75539e+15	7.31e-01	2.62e-01	7.13e-03
 9.76078e+15	7.44e-01	2.49e-01	6.88e-03
 9.76648e+15	7.57e-01	2.36e-01	6.63e-03
 9.77253e+15	7.70e-01	2.24e-01	6.37e-03
 9.77828e+15	7.80e-01	2.13e-01	6.14e-03
 9.78346e+15	7.89e-01	2.05e-01	5.93e-03
 9.78874e+15	7.97e-01	1.97e-01	5.73e-03
 9.79440e+15	8.05e-01	1.89e-01	5.54e-03
 9.80029e+15	8.13e-01	1.82e-01	5.35e-03
 9.80635e+15	8.20e-01	1.75e-01	5.17e-03
 9.81267e+15	8.26e-01	1.69e-01	4.99e-03
 9.81936e+15	8.32e-01	1.64e-01	4.83e-03
 9.82650e+15	8.37e-01	1.58e-01	4.66e-03
 9.83413e+15	8.42e-01	1.54e-01	4.52e-03
 9.84248e+15	8.46e-01	1.49e-01	4.35e-03
 9.85139e+15	8.50e-01	1.45e-01	4.22e-03
 9.86090e+15	8.54e-01	1.42e-01	4.08e-03
 9.87138e+15	8.58e-01	1.38e-01	3.94e-03
 9.88266e+15	8.61e-01	1.35e-01	3.80e-03
 9.89464e+15	8.64e-01	1.32e-01	3.67e-03
 9.90733e+15	8.67e-01	1.29e-01	3.54e-03
 9.92074e+15	8.70e-01	1.27e-01	3.42e-03
 9.93476e+15	8.72e-01	1.24e-01	3.30e-03
 9.94918e+15	8.75e-01	1.22e-01	3.18e-03
 9.96381e+15	8.77e-01	1.20e-01	3.07e-03
 9.97852e+15	8.79e-01	1.18e-01	2.96e-03
 9.99324e+15	8.81e-01	1.16e-01	2.86e-03
 1.00079e+16	8.83e-01	1.14e-01	2.76e-03
 1.00225e+16	8.85e-01	1.12e-01	2.67e-03
 1.00370e+16	8.87e-01	1.10e-01	2.58e-03
 1.00513e+16	8.89e-01	1.08e-01	2.49e-03
 1.00655e+16	8.91e-01	1.07e-01	2.41e-03
 1.00795e+16	8.93e-01	1.05e-01	2.33e-03
 1.00935e+16	8.94e-01	1.03e-01	2.26e-03
 1.01074e+16	8.96e-01	1.02e-01	2.18e-03
 1.01213e+16	8.98e-01	1.00e-01	2.11e-03
 1.01351e+16	8.99e-01	9.86e-02	2.05e-03
 1.01488e+16	9.01e-01	9.71e-02	1.98e-03
 1.01625e+16	9.02e-01	9.56e-02	1.92e-03
 1.01763e+16	9.04e-01	9.42e-02	1.86e-03
 1.01900e+16	9.05e-01	9.28e-02	1.80e-03
 1.02039e+16	9.07e-01	9.14e-02	1.75e-03
 1.02180e+16	9.08e-01	9.00e-02	1.69e-03
 1.02324e+16	9.10e-01	8.86e-02	1.64e-03
 1.02473e+16	9.11e-01	8.72e-02	1.58e-03
 1.02626e+16	9.13e-01	8.57e-02	1.53e-03
 1.02783e+16	9.14e-01	8.43e-02	1.47e-03
 1.02947e+16	9.16e-01	8.28e-02	1.42e-03
 1.03119e+16	9.17e-01	8.13e-02	1.37e-03
 1.03306e+16	9.19e-01	7.96e-02	1.31e-03
 1.03507e+16	9.21e-01	7.79e-02	1.25e-03
 1.03727e+16	9.23e-01	7.61e-02	1.19e-03
 1.03984e+16	9.25e-01	7.40e-02	1.12e-03
 1.04265e+16	9.27e-01	7.18e-02	1.05e-03
 1.04532e+16	9.29e-01	6.97e-02	9.91e-04
 1.04776e+16	9.31e-01	6.80e-02	9.38e-04
 1.04997e+16	9.33e-01	6.64e-02	8.93e-04
 1.05199e+16	9.34e-01	6.50e-02	8.53e-04
 1.05382e+16	9.35e-01	6.37e-02	8.19e-04
 1.05549e+16	9.37e-01	6.26e-02	7.88e-04
 1.05701e+16	9.38e-01	6.15e-02	7.61e-04
 1.05868e+16	9.39e-01	6.04e-02	7.33e-04
 1.06047e+16	9.40e-01	5.92e-02	7.03e-04
 1.06211e+16	9.41e-01	5.81e-02	6.76e-04
 1.06360e+16	9.42e-01	5.72e-02	6.54e-04
 1.06523e+16	9.43e-01	5.62e-02	6.30e-04
 1.06699e+16	9.44e-01	5.51e-02	6.04e-04
 1.06859e+16	9.45e-01	5.41e-02	5.81e-04
 1.07005e+16	9.46e-01	5.32e-02	5.61e-04
 1.07137e+16	9.47e-01	5.24e-02	5.44e-04
 1.07258e+16	9.48e-01	5.17e-02	5.28e-04
 1.07390e+16	9.49e-01	5.08e-02	5.10e-04
 1.07533e+16	9.49e-01	5.00e-02	4.94e-04
 1.07663e+16	9.50e-01	4.93e-02	4.78e-04
 1.07781e+16	9.51e-01	4.86e-02	4.64e-04
 1.07889e+16	9.52e-01	4.79e-02	4.52e-04
 1.08007e+16	9.52e-01	4.72e-02	4.38e-04
 1.08134e+16	9.53e-01	4.65e-02	4.25e-04
 1.08250e+16	9.54e-01	4.59e-02	4.12e-04
 1.08356e+16	9.54e-01	4.53e-02	4.01e-04
 1.08471e+16	9.55e-01	4.46e-02	3.90e-04
 1.08596e+16	9.56e-01	4.40e-02	3.78e-04
 1.08709e+16	9.56e-01	4.33e-02	3.67e-04
 1.08813e+16	9.57e-01	4.28e-02	3.57e-04
 1.08926e+16	9.58e-01	4.21e-02	3.46e-04
 1.09048e+16	9.58e-01	4.15e-02	3.36e-04
 1.09159e+16	9.59e-01	4.09e-02	3.26e-04
 1.09260e+16	9.59e-01	4.04e-02	3.17e-04
 1.09371e+16	9.60e-01	3.98e-02	3.08e-04
 1.09491e+16	9.60e-01	3.92e-02	2.99e-04
 1.09600e+16	9.61e-01	3.87e-02	2.91e-04
 1.09699e+16	9.62e-01	3.82e-02	2.83e-04
 1.09808e+16	9.62e-01	3.76e-02	2.75e-04
 1.09925e+16	9.63e-01	3.71e-02	2.67e-04
 1.10032e+16	9.63e-01	3.66e-02	2.59e-04
 1.10129e+16	9.64e-01	3.61e-02	2.53e-04
 1.10235e+16	9.64e-01	3.56e-02	2.46e-04
 1.10350e+16	9.65e-01	3.51e-02	2.39e-04
 1.10454e+16	9.65e-01	3.47e-02	2.33e-04
 1.10550e+16	9.66e-01	3.43e-02	2.27e-04
 1.10654e+16	9.66e-01	3.38e-02	2.20e-04
 1.10766e+16	9.66e-01	3.33e-02	2.15e-04
 1.10869e+16	9.67e-01	3.29e-02	2.09e-04
 1.10981e+16	9.67e-01	3.24e-02	2.03e-04
 1.11102e+16	9.68e-01	3.20e-02	1.97e-04
 1.11212e+16	9.68e-01	3.15e-02	1.92e-04
 1.11333e+16	9.69e-01	3.11e-02	1.86e-04
 1.11464e+16	9.69e-01	3.06e-02	1.81e-04
 1.11582e+16	9.70e-01	3.02e-02	1.76e-04
 1.11690e+16	9.70e-01	2.98e-02	1.71e-04
 1.11809e+16	9.71e-01	2.93e-02	1.66e-04
 1.11936e+16	9.71e-01	2.89e-02	1.61e-04
 1.12053e+16	9.71e-01	2.85e-02	1.57e-04
 1.12180e+16	9.72e-01	2.81e-02	1.52e-04
 1.12318e+16	9.72e-01	2.76e-02	1.47e-04
 1.12443e+16	9.73e-01	2.72e-02	1.43e-04
 1.12557e+16	9.73e-01	2.69e-02	1.39e-04
 1.12681e+16	9.73e-01	2.65e-02	1.35e-04
 1.12816e+16	9.74e-01	2.61e-02	1.31e-04
 1.12939e+16	9.74e-01	2.57e-02	1.28e-04
 1.13073e+16	9.75e-01	2.53e-02	1.24e-04
 1.13218e+16	9.75e-01	2.49e-02	1.20e-04
 1.13350e+16	9.75e-01	2.45e-02	1.16e-04
 1.13495e+16	9.76e-01	2.41e-02	1.12e-04
 1.13651e+16	9.76e-01	2.37e-02	1.09e-04
 1.13793e+16	9.77e-01	2.34e-02	1.05e-04
 1.13922e+16	9.77e-01	2.30e-02	1.03e-04
 1.14064e+16	9.77e-01	2.27e-02	9.93e-05
 1.14217e+16	9.78e-01	2.23e-02	9.64e-05
 1.14356e+16	9.78e-01	2.20e-02	9.34e-05
 1.14509e+16	9.78e-01	2.16e-02	9.03e-05
 1.14673e+16	9.79e-01	2.12e-02	8.73e-05
 1.14823e+16	9.79e-01	2.09e-02	8.46e-05
 1.14987e+16	9.79e-01	2.05e-02	8.17e-05
 1.15165e+16	9.80e-01	2.02e-02	7.88e-05
 1.15326e+16	9.80e-01	1.98e-02	7.63e-05
 1.15473e+16	9.80e-01	1.95e-02	7.40e-05
 1.15634e+16	9.81e-01	1.92e-02	7.16e-05
 1.15807e+16	9.81e-01	1.89e-02	6.92e-05
 1.15965e+16	9.81e-01	1.86e-02	6.71e-05
 1.16139e+16	9.82e-01	1.83e-02	6.47e-05
 1.16326e+16	9.82e-01	1.79e-02	6.24e-05
 1.16496e+16	9.82e-01	1.76e-02	6.04e-05
 1.16682e+16	9.83e-01	1.73e-02	5.82e-05
 1.16883e+16	9.83e-01	1.70e-02	5.60e-05
 1.17067e+16	9.83e-01	1.67e-02	5.41e-05
 1.17267e+16	9.84e-01	1.63e-02	5.20e-05
 1.17484e+16	9.84e-01	1.60e-02	5.00e-05
 1.17681e+16	9.84e-01	1.57e-02	4.82e-05
 1.17897e+16	9.85e-01	1.54e-02	4.63e-05
 1.18130e+16	9.85e-01	1.51e-02	4.44e-05
 1.18343e+16	9.85e-01	1.48e-02	4.27e-05
 1.18536e+16	9.85e-01	1.45e-02	4.13e-05
 1.18748e+16	9.86e-01	1.43e-02	3.97e-05
 1.18976e+16	9.86e-01	1.40e-02	3.82e-05
 1.19184e+16	9.86e-01	1.37e-02	3.68e-05
 1.19412e+16	9.87e-01	1.34e-02	3.53e-05
 1.19658e+16	9.87e-01	1.32e-02	3.39e-05
 1.19882e+16	9.87e-01	1.29e-02	3.26e-05
 1.20127e+16	9.87e-01	1.26e-02	3.12e-05
 1.20392e+16	9.88e-01	1.23e-02	2.99e-05
 1.20633e+16	9.88e-01	1.21e-02	2.87e-05
 1.20897e+16	9.88e-01	1.18e-02	2.75e-05
 1.21182e+16	9.88e-01	1.16e-02	2.62e-05
 1.21441e+16	9.89e-01	1.13e-02	2.52e-05
 1.21726e+16	9.89e-01	1.10e-02	2.40e-05
 1.22033e+16	9.89e-01	1.08e-02	2.29e-05
 1.22312e+16	9.89e-01	1.05e-02	2.19e-05
 1.22618e+16	9.90e-01	1.03e-02	2.08e-05
 1.22948e+16	9.90e-01	1.00e-02	1.98e-05
 1.23249e+16	9.90e-01	9.79e-03	1.89e-05
 1.23578e+16	9.90e-01	9.54e-03	1.80e-05
 1.23934e+16	9.91e-01	9.28e-03	1.70e-05
 1.24258e+16	9.91e-01	9.06e-03	1.62e-05
 1.24612e+16	9.91e-01	8.82e-03	1.54e-05
 1.24995e+16	9.91e-01	8.57e-03	1.46e-05
 1.25344e+16	9.92e-01	8.36e-03	1.38e-05
 1.25726e+16	9.92e-01	8.12e-03	1.31e-05
 1.26138e+16	9.92e-01	7.89e-03	1.23e-05
 1.26513e+16	9.92e-01	7.68e-03	1.17e-05
 1.26924e+16	9.93e-01	7.45e-03	1.10e-05
 1.27458e+16	9.93e-01	7.17e-03	1.02e-05
 1.28070e+16	9.93e-01	6.86e-03	9.38e-06
 1.28681e+16	9.93e-01	6.58e-03	8.64e-06
 1.29295e+16	9.94e-01	6.32e-03	7.96e-06
 1.29936e+16	9.94e-01	6.05e-03	7.31e-06
 1.30605e+16	9.94e-01	5.79e-03	6.70e-06
 1.31297e+16	9.94e-01	5.53e-03	6.12e-06
 1.32012e+16	9.95e-01	5.28e-03	5.59e-06
 1.32752e+16	9.95e-01	5.04e-03	5.09e-06
 1.33516e+16	9.95e-01	4.80e-03	4.63e-06
 1.34300e+16	9.95e-01	4.58e-03	4.21e-06
 1.35095e+16	9.96e-01	4.36e-03	3.82e-06
 1.35903e+16	9.96e-01	4.15e-03	3.47e-06
 1.36725e+16	9.96e-01	3.95e-03	3.15e-06
 1.37563e+16	9.96e-01	3.76e-03	2.85e-06
 1.38405e+16	9.96e-01	3.58e-03	2.59e-06
 1.39259e+16	9.97e-01	3.41e-03	2.35e-06
 1.40141e+16	9.97e-01	3.24e-03	2.12e-06
 1.41044e+16	9.97e-01	3.08e-03	1.92e-06
 1.41961e+16	9.97e-01	2.92e-03	1.73e-06
 1.42891e+16	9.97e-01	2.78e-03	1.56e-06
 1.43839e+16	9.97e-01	2.64e-03	1.41e-06
 1.44806e+16	9.97e-01	2.50e-03	1.27e-06
 1.45792e+16	9.98e-01	2.37e-03	1.14e-06
 1.46794e+16	9.98e-01	2.25e-03	1.03e-06
 1.47815e+16	9.98e-01	2.13e-03	9.22e-07
 1.48856e+16	9.98e-01	2.01e-03	8.27e-07
 1.49918e+16	9.98e-01	1.90e-03	7.40e-07
 1.51001e+16	9.98e-01	1.80e-03	6.62e-07
 1.52106e+16	9.98e-01	1.70e-03	5.91e-07
 1.53233e+16	9.98e-01	1.61e-03	5.28e-07
 1.54384e+16	9.98e-01	1.52e-03	4.70e-07
 1.55559e+16	9.99e-01	1.43e-03	4.18e-07
 1.56759e+16	9.99e-01	1.35e-03	3.71e-07
 1.57987e+16	9.99e-01	1.27e-03	3.29e-07
 1.59242e+16	9.99e-01	1.19e-03	2.91e-07
 1.60526e+16	9.99e-01	1.12e-03	2.57e-07
 1.61842e+16	9.99e-01	1.05e-03	2.26e-07
 1.63190e+16	9.99e-01	9.83e-04	1.99e-07
 1.64573e+16	9.99e-01	9.20e-04	1.74e-07
 1.65993e+16	9.99e-01	8.60e-04	1.52e-07
 1.67451e+16	9.99e-01	8.02e-04	1.33e-07
 1.68951e+16	9.99e-01	7.48e-04	1.15e-07
 1.70495e+16	9.99e-01	6.96e-04	1.00e-07
 1.72054e+16	9.99e-01	6.48e-04	8.67e-08
 1.73654e+16	9.99e-01	6.02e-04	7.49e-08
 1.75352e+16	9.99e-01	5.56e-04	6.41e-08
 1.77127e+16	9.99e-01	5.13e-04	5.45e-08
 1.78960e+16	1.00e+00	4.72e-04	4.62e-08
 1.80858e+16	1.00e+00	4.34e-04	3.90e-08
 1.82838e+16	1.00e+00	3.97e-04	3.27e-08
 1.84912e+16	1.00e+00	3.62e-04	2.72e-08
 1.87087e+16	1.00e+00	3.28e-04	2.24e-08
 1.89376e+16	1.00e+00	2.97e-04	1.83e-08
 1.91800e+16	1.00e+00	2.67e-04	1.48e-08
 1.94397e+16	1.00e+00	2.38e-04	1.18e-08
 1.97133e+16	1.00e+00	2.12e-04	9.34e-09
 2.00056e+16	1.00e+00	1.87e-04	7.26e-09
 2.03262e+16	1.00e+00	1.63e-04	5.52e-09
 2.06751e+16	1.00e+00	1.40e-04	4.11e-09
 2.10576e+16	1.00e+00	1.20e-04	2.98e-09
 2.14838e+16	1.00e+00	1.00e-04	2.09e-09
 2.19625e+16	1.00e+00	8.21e-05	1.41e-09
 2.25163e+16	1.00e+00	6.55e-05	8.97e-10
 2.31320e+16	1.00e+00	5.13e-05	5.51e-10
 2.37549e+16	1.00e+00	4.03e-05	3.41e-10
 2.43667e+16	1.00e+00	3.20e-05	2.15e-10
 2.49783e+16	1.00e+00	2.54e-05	1.36e-10
 2.56002e+16	1.00e+00	2.02e-05	8.60e-11
 2.62354e+16	1.00e+00	1.61e-05	5.45e-11
 2.68832e+16	1.00e+00	1.28e-05	3.44e-11
 2.75404e+16	1.00e+00	1.02e-05	2.18e-11
 2.82089e+16	1.00e+00	8.09e-06	1.39e-11
 2.88924e+16	1.00e+00	6.44e-06	8.80e-12
 2.95914e+16	1.00e+00	5.12e-06	5.58e-12
 3.03064e+16	1.00e+00	4.07e-06	3.53e-12
 3.10361e+16	1.00e+00	3.24e-06	2.23e-12
 3.17829e+16	1.00e+00	2.57e-06	1.41e-12
 3.25498e+16	1.00e+00	2.04e-06	8.86e-13
 3.33376e+16	1.00e+00	1.61e-06	5.55e-13
 3.41490e+16	1.00e+00	1.27e-06	3.47e-13
 3.49877e+16	1.00e+00	1.00e-06	2.15e-13
 3.58578e+16	1.00e+00	7.85e-07	1.32e-13
 3.67652e+16	1.00e+00	6.11e-07	8.02e-14
 3.77187e+16	1.00e+00	4.73e-07	4.80e-14
 3.87289e+16	1.00e+00	3.62e-07	2.82e-14
 3.98016e+16	1.00e+00	2.74e-07	1.62e-14
 4.09058e+16	1.00e+00	2.08e-07	9.31e-15
 4.20007e+16	1.00e+00	1.59e-07	5.44e-15
 4.30780e+16	1.00e+00	1.22e-07	3.24e-15
 4.41426e+16	1.00e+00	9.52e-08	1.97e-15
 4.51936e+16	1.00e+00	7.46e-08	1.21e-15
 4.62276e+16	1.00e+00	5.90e-08	7.57e-16
 4.72386e+16	1.00e+00	4.71e-08	4.83e-16
 4.82220e+16	1.00e+00	3.80e-08	3.14e-16
 4.91772e+16	1.00e+00	3.09e-08	2.09e-16
 5.01025e+16	1.00e+00	2.54e-08	1.41e-16
 5.09954e+16	1.00e+00	2.11e-08	9.73e-17
 5.18540e+16	1.00e+00	1.77e-08	6.84e-17
 5.26789e+16	1.00e+00	1.49e-08	4.90e-17
 5.34699e+16	1.00e+00	1.27e-08	3.58e-17
 5.42270e+16	1.00e+00	1.10e-08	2.65e-17
 5.49504e+16	1.00e+00	9.53e-09	2.00e-17
 5.56408e+16	1.00e+00	8.34e-09	1.53e-17
 5.62991e+16	1.00e+00	7.35e-09	1.19e-17
 5.69264e+16	1.00e+00	6.53e-09	9.43e-18
 5.75241e+16	1.00e+00	5.83e-09	7.54e-18
 5.80932e+16	1.00e+00	5.25e-09	6.11e-18
 5.86348e+16	1.00e+00	4.75e-09	5.01e-18
 5.91500e+16	1.00e+00	4.32e-09	4.15e-18
 5.96401e+16	1.00e+00	3.95e-09	3.48e-18
 6.01064e+16	1.00e+00	3.64e-09	2.94e-18
 6.05499e+16	1.00e+00	3.36e-09	2.51e-18
 6.09720e+16	1.00e+00	3.11e-09	2.16e-18
 6.13736e+16	1.00e+00	2.90e-09	1.88e-18
 6.17555e+16	1.00e+00	2.71e-09	1.64e-18
 6.21189e+16	1.00e+00	2.55e-09	1.45e-18
 6.24650e+16	1.00e+00	2.40e-09	1.28e-18
 6.27947e+16	1.00e+00	2.26e-09	1.15e-18
 6.31088e+16	1.00e+00	2.14e-09	1.03e-18
 6.34083e+16	1.00e+00	2.04e-09	9.28e-19
 6.36939e+16	1.00e+00	1.94e-09	8.42e-19
 6.39663e+16	1.00e+00	1.85e-09	7.68e-19
 6.42264e+16	1.00e+00	1.77e-09	7.03e-19
 6.44750e+16	1.00e+00	1.70e-09	6.47e-19
 6.47129e+16	1.00e+00	1.63e-09	5.97e-19
 6.49407e+16	1.00e+00	1.57e-09	5.53e-19
 6.51589e+16	1.00e+00	1.51e-09	5.14e-19
 6.53682e+16	1.00e+00	1.46e-09	4.80e-19
 6.55692e+16	1.00e+00	1.41e-09	4.49e-19
 6.57626e+16	1.00e+00	1.37e-09	4.21e-19
 6.59490e+16	1.00e+00	1.33e-09	3.96e-19
 6.61290e+16	1.00e+00	1.29e-09	3.73e-19
 6.63030e+16	1.00e+00	1.25e-09	3.52e-19
 6.64715e+16	1.00e+00	1.22e-09	3.33e-19
 6.66353e+16	1.00e+00	1.18e-09	3.16e-19
 6.67950e+16	1.00e+00	1.15e-09	3.00e-19
 6.69512e+16	1.00e+00	1.12e-09	2.85e-19
 6.71043e+16	1.00e+00	1.10e-09	2.71e-19
 6.72551e+16	1.00e+00	1.07e-09	2.58e-19
 6.74042e+16	1.00e+00	1.04e-09	2.46e-19
 6.75525e+16	1.00e+00	1.02e-09	2.34e-19
 6.77008e+16	1.00e+00	9.94e-10	2.23e-19
 6.78502e+16	1.00e+00	9.70e-10	2.13e-19
 6.80016e+16	1.00e+00	9.47e-10	2.03e-19
 6.81563e+16	1.00e+00	9.23e-10	1.93e-19
 6.83161e+16	1.00e+00	8.99e-10	1.83e-19
 6.84831e+16	1.00e+00	8.75e-10	1.73e-19
 6.86599e+16	1.00e+00	8.50e-10	1.64e-19
 6.88498e+16	1.00e+00	8.25e-10	1.54e-19
 6.90575e+16	1.00e+00	7.97e-10	1.44e-19
 6.92895e+16	1.00e+00	7.68e-10	1.34e-19
 6.95551e+16	1.00e+00	7.35e-10	1.23e-19
 6.98683e+16	1.00e+00	6.99e-10	1.11e-19
 7.02509e+16	1.00e+00	6.56e-10	9.79e-20
 7.07374e+16	1.00e+00	6.06e-10	8.36e-20
 7.13692e+16	1.00e+00	5.48e-10	6.83e-20
 7.21905e+16	1.00e+00	4.80e-10	5.26e-20
 7.32582e+16	1.00e+00	4.06e-10	3.76e-20
 7.46461e+16	1.00e+00	3.27e-10	2.45e-20
 7.64505e+16	1.00e+00	2.49e-10	1.42e-20
 7.87961e+16	1.00e+00	1.76e-10	7.12e-21
 8.15293e+16	1.00e+00	1.19e-10	0.00e+00
 8.43578e+16	1.00e+00	8.11e-11	0.00e+00
 8.71999e+16	1.00e+00	5.56e-11	0.00e+00
 9.00420e+16	1.00e+00	3.85e-11	0.00e+00
 9.30280e+16	1.00e+00	2.63e-11	0.00e+00
 9.61580e+16	1.00e+00	1.79e-11	0.00e+00
 9.92879e+16	1.00e+00	1.24e-11	0.00e+00
 1.02418e+17	1.00e+00	8.59e-12	0.00e+00
 1.05548e+17	1.00e+00	6.03e-12	0.00e+00
 1.08678e+17	1.00e+00	4.27e-12	0.00e+00
 1.11808e+17	1.00e+00	3.06e-12	0.00e+00
 1.14938e+17	1.00e+00	2.21e-12	0.00e+00
 1.18068e+17	1.00e+00	1.61e-12	0.00e+00
 1.21198e+17	1.00e+00	1.18e-12	0.00e+00
 1.24328e+17	1.00e+00	8.79e-13	0.00e+00
 1.27458e+17	1.00e+00	6.59e-13	0.00e+00
 1.30986e+17	1.00e+00	4.79e-13	0.00e+00
 1.34989e+17	1.00e+00	3.38e-13	0.00e+00
 1.39680e+17	1.00e+00	2.29e-13	0.00e+00
 1.44771e+17	1.00e+00	1.53e-13	0.00e+00
 1.48565e+17	1.00e+00	1.16e-13	0.00e+00
 1.50500e+17	1.00e+00	1.03e-13	0.00e+00
 1.51361e+17	1.00e+00	9.82e-14	0.00e+00
 1.51809e+17	1.00e+00	9.58e-14	0.00e+00
 1.52103e+17	1.00e+00	9.42e-14	0.00e+00
 1.52330e+17	1.00e+00	9.30e-14	0.00e+00
 1.52553e+17	1.00e+00	9.17e-14	0.00e+00
 1.52816e+17	1.00e+00	9.02e-14	0.00e+00
 1.53085e+17	1.00e+00	8.88e-14	0.00e+00
 1.53308e+17	1.00e+00	8.76e-14	0.00e+00
 1.53495e+17	1.00e+00	8.67e-14	0.00e+00
 1.53676e+17	1.00e+00	8.57e-14	0.00e+00
 1.53860e+17	1.00e+00	8.47e-14	0.00e+00
 1.54044e+17	1.00e+00	8.38e-14	0.00e+00
 1.54212e+17	1.00e+00	8.29e-14	0.00e+00
 1.54359e+17	1.00e+00	8.22e-14	0.00e+00
 1.54493e+17	1.00e+00	8.15e-14	0.00e+00
 1.54630e+17	1.00e+00	8.08e-14	0.00e+00
 1.54769e+17	1.00e+00	8.01e-14	0.00e+00
 1.54902e+17	1.00e+00	7.94e-14	0.00e+00
 1.55023e+17	1.00e+00	7.88e-14	0.00e+00
 1.55134e+17	1.00e+00	7.83e-14	0.00e+00
 1.55241e+17	1.00e+00	7.78e-14	0.00e+00
 1.55348e+17	1.00e+00	7.72e-14	0.00e+00
 1.55455e+17	1.00e+00	7.67e-14	0.00e+00
 1.55559e+17	1.00e+00	7.61e-14	0.00e+00
 1.55659e+17	1.00e+00	7.57e-14	0.00e+00
 1.55755e+17	1.00e+00	7.52e-14	0.00e+00
 1.55844e+17	1.00e+00	7.48e-14	0.00e+00
 1.55929e+17	1.00e+00	7.44e-14	0.00e+00
 1.56019e+17	1.00e+00	7.39e-14	0.00e+00
 1.56114e+17	1.00e+00	7.34e-14	0.00e+00
 1.56204e+17	1.00e+00	7.29e-14	0.00e+00
 1.56289e+17	1.00e+00	7.25e-14	0.00e+00
 1.56374e+17	1.00e+00	7.21e-14	0.00e+00
 1.56460e+17	1.00e+00	7.17e-14	0.00e+00
 1.56544e+17	1.00e+00	7.12e-14	0.00e+00
 1.56626e+17	1.00e+00	7.09e-14	0.00e+00
 1.56712e+17	1.00e+00	7.04e-14	0.00e+00
 1.56802e+17	1.00e+00	6.99e-14	0.00e+00
 1.56890e+17	1.00e+00	6.95e-14	0.00e+00
 1.56974e+17	1.00e+00	6.91e-14	0.00e+00
 1.57061e+17	1.00e+00	6.86e-14	0.00e+00
 1.57152e+17	1.00e+00	6.81e-14	0.00e+00
 1.57245e+17	1.00e+00	6.77e-14	0.00e+00
 1.57337e+17	1.00e+00	6.72e-14	0.00e+00
 1.57429e+17	1.00e+00	6.67e-14	0.00e+00
 1.57523e+17	1.00e+00	6.62e-14	0.00e+00
 1.57618e+17	1.00e+00	6.58e-14	0.00e+00
 1.57723e+17	1.00e+00	6.52e-14	0.00e+00
 1.57835e+17	1.00e+00	6.46e-14	0.00e+00
 1.57942e+17	1.00e+00	6.41e-14	0.00e+00
 1.58040e+17	1.00e+00	6.36e-14	0.00e+00
 1.58141e+17	1.00e+00	6.32e-14	0.00e+00
 1.58259e+17	1.00e+00	6.25e-14	0.00e+00
 1.58381e+17	1.00e+00	6.19e-14	0.00e+00
 1.58497e+17	1.00e+00	6.13e-14	0.00e+00
 1.58610e+17	1.00e+00	6.08e-14	0.00e+00
 1.58729e+17	1.00e+00	6.02e-14	0.00e+00
 1.58862e+17	1.00e+00	5.96e-14	0.00e+00
 1.59003e+17	1.00e+00	5.89e-14	0.00e+00
 1.59138e+17	1.00e+00	5.82e-14	0.00e+00
 1.59265e+17	1.00e+00	5.76e-14	0.00e+00
 1.59399e+17	1.00e+00	5.70e-14	0.00e+00
 1.59551e+17	1.00e+00	5.62e-14	0.00e+00
 1.59711e+17	1.00e+00	5.55e-14	0.00e+00
 1.59871e+17	1.00e+00	5.47e-14	0.00e+00
 1.60027e+17	1.00e+00	5.40e-14	0.00e+00
 1.60182e+17	1.00e+00	5.33e-14	0.00e+00
 1.60344e+17	1.00e+00	5.26e-14	0.00e+00
 1.60519e+17	1.00e+00	5.18e-14	0.00e+00
 1.60705e+17	1.00e+00	5.09e-14	0.00e+00
 1.60893e+17	1.00e+00	5.01e-14	0.00e+00
 1.61079e+17	1.00e+00	4.93e-14	0.00e+00
 1.61261e+17	1.00e+00	4.85e-14	0.00e+00
 1.61462e+17	1.00e+00	4.77e-14	0.00e+00
 1.61690e+17	1.00e+00	4.67e-14	0.00e+00
 1.61914e+17	1.00e+00	4.57e-14	0.00e+00
 1.62121e+17	1.00e+00	4.49e-14	0.00e+00
 1.62336e+17	1.00e+00	4.40e-14	0.00e+00
 1.62580e+17	1.00e+00	4.30e-14	0.00e+00
 1.62833e+17	1.00e+00	4.20e-14	0.00e+00
 1.63072e+17	1.00e+00	4.11e-14	0.00e+00
 1.63317e+17	1.00e+00	4.02e-14	0.00e+00
 1.63584e+17	1.00e+00	3.92e-14	0.00e+00
 1.63861e+17	1.00e+00	3.82e-14	0.00e+00
 1.64136e+17	1.00e+00	3.72e-14	0.00e+00
 1.64413e+17	1.00e+00	3.62e-14	0.00e+00
 1.64701e+17	1.00e+00	3.52e-14	0.00e+00
 1.65005e+17	1.00e+00	3.42e-14	0.00e+00
 1.65319e+17	1.00e+00	3.31e-14	0.00e+00
 1.65631e+17	1.00e+00	3.21e-14	0.00e+00
 1.65946e+17	1.00e+00	3.11e-14	0.00e+00
 1.66274e+17	1.00e+00	3.01e-14	0.00e+00
 1.66625e+17	1.00e+00	2.91e-14	0.00e+00
 1.66997e+17	1.00e+00	2.80e-14	0.00e+00
 1.67362e+17	1.00e+00	2.69e-14	0.00e+00
 1.67726e+17	1.00e+00	2.59e-14	0.00e+00
 1.68105e+17	1.00e+00	2.49e-14	0.00e+00
 1.68498e+17	1.00e+00	2.39e-14	0.00e+00
 1.68898e+17	1.00e+00	2.29e-14	0.00e+00
 1.69317e+17	1.00e+00	2.19e-14	0.00e+00
 1.69756e+17	1.00e+00	2.09e-14	0.00e+00
 1.70191e+17	1.00e+00	1.99e-14	0.00e+00
 1.70633e+17	1.00e+00	1.90e-14	0.00e+00
 1.71117e+17	1.00e+00	1.81e-14	0.00e+00
 1.71627e+17	1.00e+00	1.71e-14	0.00e+00
 1.72139e+17	1.00e+00	1.62e-14	0.00e+00
 1.72654e+17	1.00e+00	1.53e-14	0.00e+00
 1.73175e+17	1.00e+00	1.44e-14	0.00e+00
 1.73736e+17	1.00e+00	1.36e-14	0.00e+00
 1.74338e+17	1.00e+00	1.27e-14	0.00e+00
 1.74960e+17	1.00e+00	1.19e-14	0.00e+00
 1.75564e+17	1.00e+00	1.11e-14	0.00e+00
 1.76104e+17	1.00e+00	1.05e-14	0.00e+00
 1.76581e+17	1.00e+00	9.94e-15	0.00e+00
 1.77028e+17	1.00e+00	9.47e-15	0.00e+00
 1.77469e+17	1.00e+00	9.02e-15	0.00e+00
 1.77905e+17	1.00e+00	8.60e-15	0.00e+00
 1.78320e+17	1.00e+00	8.21e-15	0.00e+00
 1.78704e+17	1.00e+00	7.86e-15	0.00e+00
 1.79062e+17	1.00e+00	7.54e-15	0.00e+00
 1.79400e+17	1.00e+00	7.25e-15	0.00e+00
 1.79725e+17	1.00e+00	6.98e-15	0.00e+00
 1.80034e+17	1.00e+00	6.73e-15	0.00e+00
 1.80324e+17	1.00e+00	6.49e-15	0.00e+00
 1.80598e+17	1.00e+00	6.30e-15	0.00e+00
 1.80856e+17	1.00e+00	6.10e-15	0.00e+00
 1.81101e+17	1.00e+00	5.92e-15	0.00e+00
 1.81336e+17	1.00e+00	5.76e-15	0.00e+00
 1.81563e+17	1.00e+00	5.60e-15	0.00e+00
 1.81782e+17	1.00e+00	5.45e-15	0.00e+00
 1.81991e+17	1.00e+00	5.31e-15	0.00e+00
 1.82191e+17	1.00e+00	5.18e-15	0.00e+00
 1.82385e+17	1.00e+00	5.05e-15	0.00e+00
 1.82576e+17	1.00e+00	4.94e-15	0.00e+00
 1.82761e+17	1.00e+00	4.83e-15	0.00e+00
 1.82941e+17	1.00e+00	4.72e-15	0.00e+00
 1.83116e+17	1.00e+00	4.62e-15	0.00e+00
 1.83288e+17	1.00e+00	4.53e-15	0.00e+00
 1.83457e+17	1.00e+00	4.43e-15	0.00e+00
 1.83622e+17	1.00e+00	4.35e-15	0.00e+00
 1.83784e+17	1.00e+00	4.26e-15	0.00e+00
 1.83944e+17	1.00e+00	4.18e-15	0.00e+00
 1.84126e+17	1.00e+00	4.09e-15	0.00e+00
 1.84363e+17	1.00e+00	3.98e-15	0.00e+00
 1.84670e+17	1.00e+00	3.85e-15	0.00e+00
 1.85070e+17	1.00e+00	3.68e-15	0.00e+00
 1.85590e+17	1.00e+00	3.47e-15	0.00e+00
 1.86261e+17	1.00e+00	3.23e-15	0.00e+00
 1.86999e+17	1.00e+00	2.97e-15	0.00e+00
 1.87647e+17	1.00e+00	2.76e-15	0.00e+00
 1.88173e+17	1.00e+00	2.61e-15	0.00e+00
 1.88654e+17	1.00e+00	2.48e-15	0.00e+00
 1.89171e+17	1.00e+00	2.35e-15	0.00e+00
 1.89749e+17	1.00e+00	2.22e-15	0.00e+00
 1.90352e+17	1.00e+00	2.09e-15	0.00e+00
 1.90933e+17	1.00e+00	1.97e-15	0.00e+00
 1.91489e+17	1.00e+00	1.87e-15	0.00e+00
 1.92049e+17	1.00e+00	1.77e-15	0.00e+00
 1.92645e+17	1.00e+00	1.67e-15	0.00e+00
 1.93288e+17	1.00e+00	1.57e-15	0.00e+00
 1.93969e+17	1.00e+00	1.48e-15	0.00e+00
 1.94682e+17	1.00e+00	1.39e-15	0.00e+00
 1.95448e+17	1.00e+00	1.29e-15	0.00e+00
 1.96309e+17	1.00e+00	1.20e-15	0.00e+00
 1.97328e+17	1.00e+00	1.10e-15	0.00e+00
 1.98590e+17	1.00e+00	9.85e-16	0.00e+00
 2.00212e+17	1.00e+00	8.59e-16	0.00e+00
 2.02320e+17	1.00e+00	7.20e-16	0.00e+00
 2.05060e+17	1.00e+00	5.76e-16	0.00e+00
 2.08623e+17	1.00e+00	4.34e-16	0.00e+00
 2.13254e+17	1.00e+00	3.02e-16	0.00e+00
 2.19275e+17	1.00e+00	1.91e-16	0.00e+00
 2.27102e+17	1.00e+00	1.07e-16	0.00e+00
 2.36156e+17	1.00e+00	5.59e-17	0.00e+00
 2.44952e+17	1.00e+00	3.02e-17	0.00e+00
 2.52675e+17	1.00e+00	1.77e-17	0.00e+00
 2.59449e+17	1.00e+00	1.11e-17	0.00e+00
 2.66845e+17	1.00e+00	6.44e-18	0.00e+00
 2.75036e+17	1.00e+00	3.66e-18	0.00e+00
 2.82191e+17	1.00e+00	2.21e-18	0.00e+00
 2.87998e+17	1.00e+00	1.46e-18	0.00e+00
 2.94122e+17	1.00e+00	9.49e-19	0.00e+00
 3.00799e+17	1.00e+00	5.91e-19	0.00e+00
 3.06781e+17	1.00e+00	3.84e-19	0.00e+00
 3.11207e+17	1.00e+00	2.76e-19	0.00e+00
 3.13863e+17	1.00e+00	2.26e-19	0.00e+00
 3.15457e+17	1.00e+00	1.99e-19	0.00e+00
 3.16413e+17	1.00e+00	1.84e-19	0.00e+00
 3.16986e+17	1.00e+00	1.76e-19	0.00e+00
 3.17330e+17	1.00e+00	1.71e-19	0.00e+00
 3.17589e+17	1.00e+00	1.67e-19	0.00e+00
 3.17887e+17	1.00e+00	1.63e-19	0.00e+00
 3.18274e+17	1.00e+00	1.58e-19	0.00e+00
 3.18756e+17	1.00e+00	1.52e-19	0.00e+00
 3.19260e+17	1.00e+00	1.45e-19	0.00e+00
 3.19686e+17	1.00e+00	1.40e-19	0.00e+00
 3.20018e+17	1.00e+00	1.36e-19	0.00e+00
 3.20321e+17	1.00e+00	1.32e-19	0.00e+00
 3.20673e+17	1.00e+00	1.28e-19	0.00e+00
 3.21107e+17	1.00e+00	1.24e-19	0.00e+00
 3.21565e+17	1.00e+00	1.19e-19	0.00e+00
 3.21956e+17	1.00e+00	1.15e-19	0.00e+00
 3.22263e+17	1.00e+00	1.11e-19	0.00e+00
 3.22544e+17	1.00e+00	1.09e-19	0.00e+00
 3.22865e+17	1.00e+00	1.05e-19	0.00e+00
 3.23251e+17	1.00e+00	1.02e-19	0.00e+00
 3.23653e+17	1.00e+00	9.78e-20	0.00e+00
 3.24002e+17	1.00e+00	9.46e-20	0.00e+00
 3.24288e+17	1.00e+00	9.20e-20	0.00e+00
 3.24553e+17	1.00e+00	8.97e-20	0.00e+00
 3.24848e+17	1.00e+00	8.71e-20	0.00e+00
 3.25193e+17	1.00e+00	8.42e-20	0.00e+00
 3.25551e+17	1.00e+00	8.12e-20	0.00e+00
 3.25868e+17	1.00e+00	7.85e-20	0.00e+00
 3.26132e+17	1.00e+00	7.63e-20	0.00e+00
 3.26376e+17	1.00e+00	7.44e-20	0.00e+00
 3.26644e+17	1.00e+00	7.23e-20	0.00e+00
 3.26951e+17	1.00e+00	7.00e-20	0.00e+00
