#depth	N	N+	N+2	N+3	N+4	N+5	N+6	N+7
 1.49634e+10	0.00e+00	0.00e+00	5.35e-29	1.92e-19	1.48e-10	4.03e-01	5.96e-01	6.15e-04
 4.54887e+10	0.00e+00	4.28e-39	7.14e-29	2.37e-19	1.68e-10	4.24e-01	5.76e-01	5.49e-04
 7.72350e+10	0.00e+00	0.00e+00	9.49e-29	2.91e-19	1.91e-10	4.44e-01	5.55e-01	4.89e-04
 1.10251e+11	0.00e+00	8.87e-39	1.26e-28	3.57e-19	2.16e-10	4.65e-01	5.34e-01	4.35e-04
 1.44588e+11	0.00e+00	0.00e+00	1.67e-28	4.37e-19	2.45e-10	4.86e-01	5.13e-01	3.86e-04
 1.78102e+11	0.00e+00	1.79e-38	2.18e-28	5.29e-19	2.75e-10	5.06e-01	4.93e-01	3.44e-04
 2.10074e+11	0.00e+00	0.00e+00	2.78e-28	6.29e-19	3.05e-10	5.24e-01	4.75e-01	3.09e-04
 2.45523e+11	0.00e+00	3.40e-38	3.59e-28	7.56e-19	3.41e-10	5.44e-01	4.56e-01	2.75e-04
 2.85270e+11	0.00e+00	0.00e+00	4.74e-28	9.21e-19	3.83e-10	5.65e-01	4.35e-01	2.43e-04
 3.25552e+11	0.00e+00	6.86e-38	6.20e-28	1.12e-18	4.29e-10	5.85e-01	4.15e-01	2.14e-04
 3.67446e+11	0.00e+00	0.00e+00	8.11e-28	1.35e-18	4.80e-10	6.05e-01	3.95e-01	1.88e-04
 4.07390e+11	0.00e+00	1.33e-37	1.04e-27	1.60e-18	5.31e-10	6.23e-01	3.76e-01	1.67e-04
 4.41951e+11	0.00e+00	0.00e+00	1.27e-27	1.85e-18	5.78e-10	6.38e-01	3.62e-01	1.51e-04
 4.79883e+11	0.00e+00	2.29e-37	1.58e-27	2.16e-18	6.32e-10	6.54e-01	3.46e-01	1.36e-04
 5.26313e+11	0.00e+00	0.00e+00	2.04e-27	2.59e-18	7.01e-10	6.72e-01	3.28e-01	1.19e-04
 5.73216e+11	0.00e+00	4.41e-37	2.61e-27	3.08e-18	7.74e-10	6.89e-01	3.11e-01	1.05e-04
 6.15121e+11	0.00e+00	0.00e+00	3.23e-27	3.57e-18	8.43e-10	7.04e-01	2.96e-01	9.38e-05
 6.61104e+11	0.00e+00	7.80e-37	4.05e-27	4.19e-18	9.22e-10	7.18e-01	2.81e-01	8.32e-05
 7.15799e+11	0.00e+00	0.00e+00	5.25e-27	5.02e-18	1.02e-09	7.35e-01	2.65e-01	7.24e-05
 7.69949e+11	0.00e+00	1.50e-36	6.71e-27	5.95e-18	1.12e-09	7.50e-01	2.50e-01	6.33e-05
 8.19509e+11	5.25e-47	2.00e-36	8.34e-27	6.92e-18	1.22e-09	7.63e-01	2.37e-01	5.62e-05
 8.74974e+11	0.00e+00	0.00e+00	1.05e-26	8.14e-18	1.34e-09	7.77e-01	2.23e-01	4.93e-05
 9.39414e+11	0.00e+00	3.81e-36	1.37e-26	9.76e-18	1.48e-09	7.91e-01	2.09e-01	4.25e-05
 1.00282e+12	1.74e-46	5.27e-36	1.75e-26	1.16e-17	1.62e-09	8.04e-01	1.96e-01	3.69e-05
 1.06323e+12	0.00e+00	0.00e+00	2.20e-26	1.35e-17	1.77e-09	8.16e-01	1.84e-01	3.24e-05
 1.13015e+12	0.00e+00	9.73e-36	2.80e-26	1.60e-17	1.94e-09	8.27e-01	1.73e-01	2.81e-05
 1.20528e+12	5.70e-46	1.37e-35	3.64e-26	1.92e-17	2.13e-09	8.39e-01	1.61e-01	2.41e-05
 1.28138e+12	0.00e+00	0.00e+00	4.69e-26	2.28e-17	2.34e-09	8.50e-01	1.50e-01	2.07e-05
 1.36052e+12	0.00e+00	2.67e-35	6.05e-26	2.72e-17	2.58e-09	8.61e-01	1.39e-01	1.77e-05
 1.44487e+12	1.99e-45	3.76e-35	7.85e-26	3.25e-17	2.83e-09	8.71e-01	1.29e-01	1.51e-05
 1.53049e+12	0.00e+00	0.00e+00	1.01e-25	3.87e-17	3.11e-09	8.80e-01	1.20e-01	1.30e-05
 1.61953e+12	0.00e+00	7.34e-35	1.31e-25	4.60e-17	3.41e-09	8.89e-01	1.11e-01	1.11e-05
 1.71423e+12	7.00e-45	1.03e-34	1.69e-25	5.50e-17	3.75e-09	8.97e-01	1.03e-01	9.43e-06
 1.80382e+12	0.00e+00	0.00e+00	2.15e-25	6.47e-17	4.08e-09	9.04e-01	9.57e-02	8.13e-06
 1.88021e+12	0.00e+00	1.83e-34	2.61e-25	7.39e-17	4.38e-09	9.10e-01	9.02e-02	7.19e-06
 1.96091e+12	1.97e-44	2.38e-34	3.19e-25	8.48e-17	4.70e-09	9.15e-01	8.48e-02	6.33e-06
 2.06161e+12	0.00e+00	3.28e-34	4.07e-25	1.00e-16	5.13e-09	9.21e-01	7.87e-02	5.43e-06
 2.16526e+12	4.36e-44	4.50e-34	5.18e-25	1.18e-16	5.59e-09	9.27e-01	7.30e-02	4.65e-06
 2.25798e+12	0.00e+00	5.92e-34	6.38e-25	1.36e-16	6.02e-09	9.32e-01	6.84e-02	4.07e-06
 2.35959e+12	8.81e-44	7.93e-34	7.97e-25	1.58e-16	6.51e-09	9.36e-01	6.38e-02	3.53e-06
 2.48033e+12	0.00e+00	1.11e-33	1.03e-24	1.88e-16	7.13e-09	9.41e-01	5.89e-02	3.00e-06
 2.60192e+12	2.00e-43	1.53e-33	1.31e-24	2.23e-16	7.78e-09	9.46e-01	5.44e-02	2.55e-06
 2.71705e+12	0.00e+00	2.06e-33	1.65e-24	2.60e-16	8.42e-09	9.49e-01	5.06e-02	2.20e-06
 2.84433e+12	4.30e-43	2.83e-33	2.10e-24	3.06e-16	9.17e-09	9.53e-01	4.68e-02	1.88e-06
 2.98803e+12	0.00e+00	4.00e-33	2.73e-24	3.66e-16	1.01e-08	9.57e-01	4.30e-02	1.58e-06
 3.13229e+12	9.98e-43	5.57e-33	3.51e-24	4.35e-16	1.10e-08	9.60e-01	3.96e-02	1.34e-06
 3.28233e+12	0.00e+00	7.81e-33	4.54e-24	5.19e-16	1.20e-08	9.64e-01	3.64e-02	1.13e-06
 3.44355e+12	2.34e-42	1.10e-32	5.90e-24	6.21e-16	1.32e-08	9.67e-01	3.34e-02	9.51e-07
 3.61122e+12	0.00e+00	1.56e-32	7.68e-24	7.44e-16	1.45e-08	9.69e-01	3.06e-02	0.00e+00
 3.76773e+12	5.28e-42	2.13e-32	9.72e-24	8.74e-16	1.57e-08	9.72e-01	2.83e-02	0.00e+00
 3.90602e+12	0.00e+00	2.77e-32	1.19e-23	1.00e-15	1.69e-08	9.74e-01	2.65e-02	0.00e+00
 4.06068e+12	1.05e-41	3.71e-32	1.49e-23	1.17e-15	1.83e-08	9.75e-01	2.46e-02	0.00e+00
 4.24603e+12	0.00e+00	5.18e-32	1.92e-23	1.39e-15	2.00e-08	9.77e-01	2.25e-02	0.00e+00
 4.43329e+12	2.39e-41	7.17e-32	2.46e-23	1.65e-15	2.19e-08	9.79e-01	2.07e-02	0.00e+00
 4.60810e+12	0.00e+00	9.58e-32	3.07e-23	1.92e-15	2.36e-08	9.81e-01	1.92e-02	0.00e+00
 4.80241e+12	5.07e-41	1.31e-31	3.91e-23	2.27e-15	2.58e-08	9.82e-01	1.77e-02	0.00e+00
 5.02443e+12	0.00e+00	1.86e-31	5.09e-23	2.72e-15	2.83e-08	9.84e-01	1.62e-02	0.00e+00
 5.24144e+12	1.16e-40	2.57e-31	6.53e-23	3.23e-15	3.09e-08	9.85e-01	1.48e-02	0.00e+00
 5.42831e+12	0.00e+00	3.37e-31	8.04e-23	3.73e-15	3.33e-08	9.86e-01	1.38e-02	0.00e+00
 5.59367e+12	2.16e-40	4.23e-31	9.58e-23	4.21e-15	3.55e-08	9.87e-01	1.30e-02	0.00e+00
 5.78297e+12	0.00e+00	5.48e-31	1.17e-22	4.83e-15	3.81e-08	9.88e-01	1.21e-02	0.00e+00
 6.02272e+12	4.41e-40	7.53e-31	1.49e-22	5.73e-15	4.16e-08	9.89e-01	1.12e-02	0.00e+00
 6.26813e+12	0.00e+00	1.03e-30	1.90e-22	6.77e-15	4.53e-08	9.90e-01	1.03e-02	0.00e+00
 6.47986e+12	8.93e-40	1.33e-30	2.32e-22	7.78e-15	4.87e-08	9.90e-01	9.56e-03	0.00e+00
 6.70777e+12	0.00e+00	1.75e-30	2.85e-22	8.99e-15	5.25e-08	9.91e-01	8.89e-03	0.00e+00
 6.98828e+12	1.85e-39	2.41e-30	3.66e-22	1.07e-14	5.75e-08	9.92e-01	8.14e-03	0.00e+00
 7.27328e+12	0.00e+00	3.29e-30	4.67e-22	1.27e-14	6.28e-08	9.93e-01	7.47e-03	0.00e+00
 7.52808e+12	3.81e-39	4.32e-30	5.75e-22	1.47e-14	6.79e-08	9.93e-01	6.94e-03	0.00e+00
 7.80754e+12	0.00e+00	5.75e-30	7.18e-22	1.72e-14	7.36e-08	9.94e-01	6.41e-03	0.00e+00
 8.13977e+12	8.09e-39	7.97e-30	9.26e-22	2.05e-14	8.09e-08	9.94e-01	5.85e-03	0.00e+00
 8.47121e+12	0.00e+00	1.09e-29	1.18e-21	2.44e-14	8.85e-08	9.95e-01	5.35e-03	0.00e+00
 8.77908e+12	1.68e-38	1.44e-29	1.47e-21	2.85e-14	9.60e-08	9.95e-01	4.95e-03	0.00e+00
 9.12334e+12	0.00e+00	1.95e-29	1.86e-21	3.36e-14	1.05e-07	9.95e-01	4.54e-03	0.00e+00
 9.50129e+12	3.57e-38	2.68e-29	2.39e-21	4.01e-14	1.15e-07	9.96e-01	4.15e-03	0.00e+00
 9.85363e+12	0.00e+00	3.55e-29	2.98e-21	4.70e-14	1.25e-07	9.96e-01	3.82e-03	0.00e+00
 1.02370e+13	7.24e-38	4.78e-29	3.76e-21	5.55e-14	1.37e-07	9.96e-01	3.50e-03	0.00e+00
 1.06764e+13	0.00e+00	6.62e-29	4.86e-21	6.67e-14	1.51e-07	9.97e-01	3.19e-03	0.00e+00
 1.11044e+13	1.56e-37	8.96e-29	6.17e-21	7.92e-14	1.65e-07	9.97e-01	2.91e-03	0.00e+00
 1.15107e+13	0.00e+00	1.18e-28	7.67e-21	9.27e-14	1.80e-07	9.97e-01	2.68e-03	0.00e+00
 1.18972e+13	2.95e-37	1.52e-28	9.37e-21	1.07e-13	1.94e-07	9.98e-01	2.49e-03	0.00e+00
 1.23209e+13	0.00e+00	1.98e-28	1.16e-20	1.25e-13	2.10e-07	9.98e-01	2.30e-03	0.00e+00
 1.27878e+13	5.75e-37	2.63e-28	1.45e-20	1.47e-13	2.30e-07	9.98e-01	2.11e-03	0.00e+00
 1.32183e+13	0.00e+00	3.38e-28	1.76e-20	1.69e-13	2.48e-07	9.98e-01	1.96e-03	0.00e+00
 1.36091e+13	1.02e-36	4.21e-28	2.10e-20	1.92e-13	2.65e-07	9.98e-01	1.84e-03	0.00e+00
 1.40408e+13	0.00e+00	5.33e-28	2.53e-20	2.19e-13	2.85e-07	9.98e-01	1.71e-03	0.00e+00
 1.45856e+13	1.90e-36	7.08e-28	3.17e-20	2.59e-13	3.11e-07	9.98e-01	1.57e-03	0.00e+00
 1.51378e+13	0.00e+00	9.34e-28	3.95e-20	3.03e-13	3.40e-07	9.99e-01	1.44e-03	0.00e+00
 1.56094e+13	3.51e-36	1.17e-27	4.74e-20	3.46e-13	3.64e-07	9.99e-01	1.34e-03	0.00e+00
 1.61157e+13	0.00e+00	1.49e-27	5.71e-20	3.96e-13	3.92e-07	9.99e-01	1.25e-03	0.00e+00
 1.67449e+13	6.60e-36	1.98e-27	7.16e-20	4.66e-13	4.27e-07	9.99e-01	1.15e-03	0.00e+00
 1.73990e+13	0.00e+00	2.63e-27	8.96e-20	5.48e-13	4.66e-07	9.99e-01	1.05e-03	0.00e+00
 1.79889e+13	1.25e-35	3.36e-27	1.09e-19	6.30e-13	5.03e-07	9.99e-01	9.79e-04	0.00e+00
 1.86303e+13	0.00e+00	4.36e-27	1.34e-19	7.30e-13	5.44e-07	9.99e-01	9.06e-04	0.00e+00
 1.93876e+13	2.46e-35	5.85e-27	1.68e-19	8.62e-13	5.95e-07	9.99e-01	8.30e-04	0.00e+00
 2.01325e+13	0.00e+00	7.72e-27	2.10e-19	1.01e-12	6.47e-07	9.99e-01	7.64e-04	0.00e+00
 2.08168e+13	4.66e-35	9.89e-27	2.55e-19	1.16e-12	6.97e-07	9.99e-01	7.10e-04	0.00e+00
 2.15853e+13	0.00e+00	1.29e-26	3.14e-19	1.35e-12	7.54e-07	9.99e-01	6.57e-04	0.00e+00
 2.24751e+13	9.29e-35	1.74e-26	3.97e-19	1.59e-12	8.25e-07	9.99e-01	6.01e-04	0.00e+00
 2.33487e+13	0.00e+00	2.31e-26	4.96e-19	1.86e-12	8.96e-07	9.99e-01	5.54e-04	0.00e+00
 2.41118e+13	1.75e-34	2.94e-26	5.97e-19	2.12e-12	9.61e-07	9.99e-01	5.17e-04	0.00e+00
 2.47651e+13	2.24e-34	3.58e-26	6.97e-19	2.37e-12	1.02e-06	1.00e+00	4.88e-04	0.00e+00
 2.54747e+13	2.89e-34	4.42e-26	8.21e-19	2.66e-12	1.08e-06	1.00e+00	4.59e-04	0.00e+00
 2.63971e+13	4.00e-34	5.76e-26	1.01e-18	3.08e-12	1.17e-06	1.00e+00	4.26e-04	0.00e+00
 2.73562e+13	5.53e-34	7.51e-26	1.24e-18	3.56e-12	1.26e-06	1.00e+00	3.94e-04	0.00e+00
 2.81665e+13	7.22e-34	9.33e-26	1.47e-18	4.01e-12	1.34e-06	1.00e+00	3.71e-04	0.00e+00
 2.90231e+13	9.51e-34	1.17e-25	1.75e-18	4.53e-12	1.43e-06	1.00e+00	3.48e-04	0.00e+00
 3.01125e+13	1.33e-33	1.54e-25	2.17e-18	5.26e-12	1.55e-06	1.00e+00	3.22e-04	0.00e+00
 3.12438e+13	1.87e-33	2.02e-25	2.68e-18	6.12e-12	1.68e-06	1.00e+00	2.97e-04	0.00e+00
 3.22371e+13	2.49e-33	2.56e-25	3.22e-18	6.94e-12	1.79e-06	1.00e+00	2.79e-04	0.00e+00
 3.33113e+13	3.37e-33	3.27e-25	3.89e-18	7.93e-12	1.92e-06	1.00e+00	2.60e-04	0.00e+00
 3.45194e+13	4.67e-33	4.28e-25	4.79e-18	9.16e-12	2.08e-06	1.00e+00	2.41e-04	0.00e+00
 3.56639e+13	6.32e-33	5.46e-25	5.79e-18	1.05e-11	2.22e-06	1.00e+00	2.25e-04	0.00e+00
 3.69141e+13	8.69e-33	7.08e-25	7.07e-18	1.20e-11	2.39e-06	1.00e+00	2.09e-04	0.00e+00
 3.82945e+13	1.22e-32	9.33e-25	8.76e-18	1.39e-11	2.59e-06	1.00e+00	1.94e-04	0.00e+00
 3.95680e+13	1.65e-32	1.19e-24	1.06e-17	1.59e-11	2.77e-06	1.00e+00	1.81e-04	0.00e+00
 4.09477e+13	2.27e-32	1.55e-24	1.29e-17	1.83e-11	2.98e-06	1.00e+00	1.69e-04	0.00e+00
 4.24920e+13	3.20e-32	2.04e-24	1.60e-17	2.12e-11	3.22e-06	1.00e+00	1.56e-04	0.00e+00
 4.39488e+13	4.38e-32	2.64e-24	1.95e-17	2.43e-11	3.46e-06	1.00e+00	1.45e-04	0.00e+00
 4.55410e+13	6.11e-32	3.46e-24	2.40e-17	2.81e-11	3.73e-06	1.00e+00	1.35e-04	0.00e+00
 4.73143e+13	8.71e-32	4.61e-24	3.00e-17	3.28e-11	4.04e-06	1.00e+00	1.24e-04	0.00e+00
 4.89771e+13	1.20e-31	6.00e-24	3.68e-17	3.77e-11	4.34e-06	1.00e+00	1.16e-04	0.00e+00
 5.07769e+13	1.69e-31	7.89e-24	4.54e-17	4.35e-11	4.68e-06	1.00e+00	1.08e-04	0.00e+00
 5.27913e+13	2.43e-31	1.06e-23	5.69e-17	5.10e-11	5.08e-06	1.00e+00	9.91e-05	0.00e+00
 5.47254e+13	3.41e-31	1.39e-23	7.03e-17	5.89e-11	5.48e-06	1.00e+00	9.20e-05	0.00e+00
 5.67834e+13	4.82e-31	1.85e-23	8.73e-17	6.83e-11	5.92e-06	1.00e+00	8.52e-05	0.00e+00
 5.90846e+13	7.00e-31	2.50e-23	1.10e-16	8.02e-11	6.43e-06	1.00e+00	7.84e-05	0.00e+00
 6.13824e+13	1.01e-30	3.35e-23	1.38e-16	9.35e-11	6.96e-06	1.00e+00	7.25e-05	0.00e+00
 6.37721e+13	1.44e-30	4.49e-23	1.72e-16	1.09e-10	7.53e-06	1.00e+00	6.70e-05	0.00e+00
 6.63529e+13	2.10e-30	6.09e-23	2.17e-16	1.28e-10	8.18e-06	1.00e+00	6.17e-05	0.00e+00
 6.87889e+13	2.96e-30	8.03e-23	2.69e-16	1.48e-10	8.81e-06	1.00e+00	5.73e-05	0.00e+00
 7.07787e+13	3.89e-30	1.00e-22	3.18e-16	1.66e-10	9.35e-06	1.00e+00	5.41e-05	0.00e+00
 7.27788e+13	5.08e-30	1.24e-22	3.74e-16	1.85e-10	9.89e-06	1.00e+00	5.11e-05	0.00e+00
 7.53788e+13	7.10e-30	1.63e-22	4.60e-16	2.13e-10	1.06e-05	1.00e+00	4.75e-05	0.00e+00
 7.80856e+13	9.95e-30	2.14e-22	5.67e-16	2.46e-10	1.14e-05	1.00e+00	4.42e-05	0.00e+00
 8.03776e+13	1.32e-29	2.68e-22	6.72e-16	2.76e-10	1.21e-05	1.00e+00	4.17e-05	0.00e+00
 8.28041e+13	1.76e-29	3.37e-22	8.01e-16	3.10e-10	1.29e-05	1.00e+00	3.92e-05	0.00e+00
 8.58740e+13	2.49e-29	4.47e-22	9.93e-16	3.59e-10	1.39e-05	1.00e+00	3.64e-05	0.00e+00
 8.90434e+13	3.54e-29	5.93e-22	1.23e-15	4.15e-10	1.49e-05	1.00e+00	3.39e-05	0.00e+00
 9.18054e+13	4.76e-29	7.54e-22	1.47e-15	4.69e-10	1.59e-05	1.00e+00	3.18e-05	0.00e+00
 9.47748e+13	6.51e-29	9.68e-22	1.78e-15	5.32e-10	1.69e-05	1.00e+00	2.99e-05	0.00e+00
 9.83973e+13	9.37e-29	1.30e-21	2.22e-15	6.18e-10	1.83e-05	1.00e+00	2.77e-05	0.00e+00
 1.02018e+14	1.33e-28	1.72e-21	2.75e-15	7.14e-10	1.97e-05	1.00e+00	2.57e-05	0.00e+00
 1.05224e+14	1.81e-28	2.20e-21	3.31e-15	8.08e-10	2.09e-05	1.00e+00	2.42e-05	0.00e+00
 1.08740e+14	2.50e-28	2.85e-21	4.02e-15	9.21e-10	2.23e-05	1.00e+00	2.26e-05	0.00e+00
 1.12956e+14	3.63e-28	3.84e-21	5.04e-15	1.07e-09	2.41e-05	1.00e+00	2.10e-05	0.00e+00
 1.17159e+14	5.20e-28	5.13e-21	6.27e-15	1.24e-09	2.60e-05	1.00e+00	1.95e-05	0.00e+00
 1.20987e+14	7.14e-28	6.62e-21	7.59e-15	1.41e-09	2.77e-05	1.00e+00	1.83e-05	0.00e+00
 1.25253e+14	1.01e-27	8.71e-21	9.32e-15	1.62e-09	2.97e-05	1.00e+00	1.71e-05	0.00e+00
 1.30233e+14	1.48e-27	1.18e-20	1.18e-14	1.89e-09	3.21e-05	1.00e+00	1.58e-05	0.00e+00
 1.35134e+14	2.13e-27	1.59e-20	1.47e-14	2.19e-09	3.45e-05	1.00e+00	1.47e-05	0.00e+00
 1.39762e+14	2.98e-27	2.07e-20	1.79e-14	2.50e-09	3.69e-05	1.00e+00	1.37e-05	0.00e+00
 1.44912e+14	4.26e-27	2.76e-20	2.22e-14	2.89e-09	3.97e-05	1.00e+00	1.28e-05	0.00e+00
 1.50738e+14	6.29e-27	3.78e-20	2.81e-14	3.38e-09	4.29e-05	1.00e+00	1.18e-05	0.00e+00
 1.56576e+14	9.18e-27	5.11e-20	3.52e-14	3.93e-09	4.63e-05	1.00e+00	1.09e-05	0.00e+00
 1.62647e+14	1.34e-26	6.91e-20	4.42e-14	4.58e-09	5.00e-05	1.00e+00	1.01e-05	0.00e+00
 1.68724e+14	1.92e-26	9.24e-20	5.50e-14	5.30e-09	5.38e-05	1.00e+00	9.41e-06	0.00e+00
 1.73749e+14	2.57e-26	1.17e-19	6.56e-14	5.95e-09	5.70e-05	1.00e+00	8.87e-06	0.00e+00
 1.78002e+14	3.26e-26	1.41e-19	7.57e-14	6.56e-09	5.99e-05	1.00e+00	8.45e-06	0.00e+00
 1.82836e+14	4.25e-26	1.75e-19	8.88e-14	7.30e-09	6.32e-05	1.00e+00	8.01e-06	0.00e+00
 1.89120e+14	5.93e-26	2.28e-19	1.09e-13	8.35e-09	6.76e-05	1.00e+00	7.48e-06	0.00e+00
 1.95776e+14	8.34e-26	3.00e-19	1.34e-13	9.59e-09	7.25e-05	1.00e+00	6.97e-06	0.00e+00
 2.01576e+14	1.11e-25	3.78e-19	1.59e-13	1.08e-08	7.69e-05	1.00e+00	6.58e-06	0.00e+00
 2.07779e+14	1.50e-25	4.80e-19	1.90e-13	1.22e-08	8.17e-05	1.00e+00	6.19e-06	0.00e+00
 2.15526e+14	2.15e-25	6.40e-19	2.37e-13	1.41e-08	8.80e-05	1.00e+00	5.74e-06	0.00e+00
 2.23460e+14	3.06e-25	8.52e-19	2.94e-13	1.63e-08	9.47e-05	1.00e+00	5.34e-06	0.00e+00
 2.30488e+14	4.15e-25	1.09e-18	3.53e-13	1.84e-08	1.01e-04	1.00e+00	5.01e-06	0.00e+00
 2.38158e+14	5.70e-25	1.40e-18	4.29e-13	2.10e-08	1.08e-04	1.00e+00	4.69e-06	0.00e+00
 2.46760e+14	8.06e-25	1.86e-18	5.30e-13	2.42e-08	1.16e-04	1.00e+00	4.36e-06	0.00e+00
 2.54865e+14	1.10e-24	2.39e-18	6.42e-13	2.76e-08	1.24e-04	1.00e+00	4.08e-06	0.00e+00
 2.63698e+14	1.54e-24	3.12e-18	7.87e-13	3.16e-08	1.33e-04	1.00e+00	3.81e-06	0.00e+00
 2.73467e+14	2.19e-24	4.15e-18	9.76e-13	3.66e-08	1.43e-04	1.00e+00	3.53e-06	0.00e+00
 2.82496e+14	2.99e-24	5.35e-18	1.18e-12	4.17e-08	1.53e-04	1.00e+00	3.31e-06	0.00e+00
 2.92276e+14	4.16e-24	6.97e-18	1.45e-12	4.79e-08	1.64e-04	1.00e+00	3.08e-06	0.00e+00
 3.03196e+14	5.92e-24	9.27e-18	1.80e-12	5.55e-08	1.77e-04	1.00e+00	2.86e-06	0.00e+00
 3.13445e+14	8.16e-24	1.20e-17	2.19e-12	6.35e-08	1.90e-04	1.00e+00	2.67e-06	0.00e+00
 3.24613e+14	1.14e-23	1.58e-17	2.70e-12	7.31e-08	2.04e-04	1.00e+00	2.48e-06	0.00e+00
 3.37047e+14	1.64e-23	2.11e-17	3.37e-12	8.50e-08	2.21e-04	1.00e+00	2.29e-06	0.00e+00
 3.48683e+14	2.27e-23	2.75e-17	4.12e-12	9.75e-08	2.37e-04	1.00e+00	2.14e-06	0.00e+00
 3.61296e+14	3.19e-23	3.61e-17	5.09e-12	1.13e-07	2.55e-04	1.00e+00	1.99e-06	0.00e+00
 3.75391e+14	4.59e-23	4.86e-17	6.38e-12	1.31e-07	2.76e-04	1.00e+00	1.83e-06	0.00e+00
 3.88802e+14	6.43e-23	6.37e-17	7.85e-12	1.51e-07	2.97e-04	1.00e+00	1.71e-06	0.00e+00
 4.03136e+14	9.08e-23	8.43e-17	9.73e-12	1.75e-07	3.20e-04	1.00e+00	1.58e-06	0.00e+00
 4.19291e+14	1.32e-22	1.14e-16	1.23e-11	2.05e-07	3.47e-04	1.00e+00	1.46e-06	0.00e+00
 4.34258e+14	1.85e-22	1.50e-16	1.51e-11	2.36e-07	3.73e-04	1.00e+00	1.36e-06	0.00e+00
 4.47333e+14	2.45e-22	1.88e-16	1.80e-11	2.66e-07	3.97e-04	1.00e+00	1.27e-06	0.00e+00
 4.61927e+14	3.33e-22	2.41e-16	2.17e-11	3.03e-07	4.25e-04	1.00e+00	1.19e-06	0.00e+00
 4.79593e+14	4.76e-22	3.22e-16	2.71e-11	3.53e-07	4.59e-04	1.00e+00	1.10e-06	0.00e+00
 4.95737e+14	6.54e-22	4.17e-16	3.30e-11	4.03e-07	4.92e-04	1.00e+00	1.03e-06	0.00e+00
 5.08082e+14	8.28e-22	5.04e-16	3.82e-11	4.45e-07	5.18e-04	9.99e-01	9.78e-07	0.00e+00
 5.21009e+14	1.05e-21	6.12e-16	4.43e-11	4.92e-07	5.45e-04	9.99e-01	0.00e+00	0.00e+00
 5.37814e+14	1.42e-21	7.82e-16	5.34e-11	5.59e-07	5.83e-04	9.99e-01	0.00e+00	0.00e+00
 5.56010e+14	1.96e-21	1.01e-15	6.51e-11	6.39e-07	6.24e-04	9.99e-01	0.00e+00	0.00e+00
 5.72406e+14	2.59e-21	1.27e-15	7.73e-11	7.19e-07	6.63e-04	9.99e-01	0.00e+00	0.00e+00
 5.90112e+14	3.47e-21	1.61e-15	9.25e-11	8.12e-07	7.06e-04	9.99e-01	0.00e+00	0.00e+00
 6.12137e+14	4.92e-21	2.13e-15	1.15e-10	9.42e-07	7.62e-04	9.99e-01	0.00e+00	0.00e+00
 6.34327e+14	6.93e-21	2.81e-15	1.42e-10	1.09e-06	8.20e-04	9.99e-01	0.00e+00	0.00e+00
 6.53611e+14	9.24e-21	3.55e-15	1.69e-10	1.23e-06	8.72e-04	9.99e-01	0.00e+00	0.00e+00
 6.74568e+14	1.25e-20	4.53e-15	2.04e-10	1.39e-06	9.31e-04	9.99e-01	0.00e+00	0.00e+00
 7.00156e+14	1.78e-20	6.04e-15	2.54e-10	1.62e-06	1.01e-03	9.99e-01	0.00e+00	0.00e+00
 7.25857e+14	2.52e-20	7.98e-15	3.15e-10	1.87e-06	1.08e-03	9.99e-01	0.00e+00	0.00e+00
 7.48655e+14	3.40e-20	1.02e-14	3.78e-10	2.11e-06	1.15e-03	9.99e-01	0.00e+00	0.00e+00
 7.73587e+14	4.64e-20	1.31e-14	4.59e-10	2.41e-06	1.24e-03	9.99e-01	0.00e+00	0.00e+00
 8.03447e+14	6.65e-20	1.75e-14	5.74e-10	2.81e-06	1.34e-03	9.99e-01	0.00e+00	0.00e+00
 8.33125e+14	9.40e-20	2.32e-14	7.10e-10	3.25e-06	1.44e-03	9.99e-01	0.00e+00	0.00e+00
 8.60022e+14	1.28e-19	2.96e-14	8.57e-10	3.69e-06	1.54e-03	9.98e-01	0.00e+00	0.00e+00
 8.89896e+14	1.76e-19	3.85e-14	1.05e-09	4.23e-06	1.65e-03	9.98e-01	0.00e+00	0.00e+00
 9.24931e+14	2.53e-19	5.18e-14	1.32e-09	4.95e-06	1.79e-03	9.98e-01	0.00e+00	0.00e+00
 9.59536e+14	3.58e-19	6.86e-14	1.64e-09	5.74e-06	1.94e-03	9.98e-01	0.00e+00	0.00e+00
 9.92027e+14	4.91e-19	8.86e-14	1.99e-09	6.56e-06	2.08e-03	9.98e-01	0.00e+00	0.00e+00
 1.02824e+15	6.85e-19	1.16e-13	2.46e-09	7.58e-06	2.24e-03	9.98e-01	0.00e+00	0.00e+00
 1.06940e+15	9.88e-19	1.57e-13	3.09e-09	8.88e-06	2.43e-03	9.98e-01	0.00e+00	0.00e+00
 1.10399e+15	1.33e-18	1.99e-13	3.73e-09	1.01e-05	2.60e-03	9.97e-01	0.00e+00	0.00e+00
 1.12893e+15	1.64e-18	2.36e-13	4.25e-09	1.10e-05	2.73e-03	9.97e-01	0.00e+00	0.00e+00
 1.15499e+15	2.00e-18	2.80e-13	4.86e-09	1.21e-05	2.87e-03	9.97e-01	0.00e+00	0.00e+00
 1.18888e+15	2.61e-18	3.47e-13	5.75e-09	1.36e-05	3.05e-03	9.97e-01	0.00e+00	0.00e+00
 1.22646e+15	3.47e-18	4.38e-13	6.90e-09	1.54e-05	3.27e-03	9.97e-01	0.00e+00	0.00e+00
 1.26148e+15	4.46e-18	5.40e-13	8.13e-09	1.73e-05	3.47e-03	9.97e-01	0.00e+00	0.00e+00
 1.29962e+15	5.83e-18	6.73e-13	9.68e-09	1.95e-05	3.70e-03	9.96e-01	0.00e+00	0.00e+00
 1.34234e+15	7.78e-18	8.55e-13	1.17e-08	2.23e-05	3.98e-03	9.96e-01	0.00e+00	0.00e+00
 1.38274e+15	1.01e-17	1.06e-12	1.39e-08	2.51e-05	4.24e-03	9.96e-01	0.00e+00	0.00e+00
 1.42699e+15	1.33e-17	1.34e-12	1.67e-08	2.85e-05	4.55e-03	9.95e-01	0.00e+00	0.00e+00
 1.47645e+15	1.79e-17	1.71e-12	2.03e-08	3.28e-05	4.91e-03	9.95e-01	0.00e+00	0.00e+00
 1.52324e+15	2.36e-17	2.15e-12	2.43e-08	3.72e-05	5.26e-03	9.95e-01	0.00e+00	0.00e+00
 1.57463e+15	3.13e-17	2.72e-12	2.95e-08	4.26e-05	5.67e-03	9.94e-01	0.00e+00	0.00e+00
 1.63241e+15	4.27e-17	3.53e-12	3.63e-08	4.93e-05	6.15e-03	9.94e-01	0.00e+00	0.00e+00
 1.68704e+15	5.64e-17	4.47e-12	4.40e-08	5.63e-05	6.62e-03	9.93e-01	0.00e+00	0.00e+00
 1.74663e+15	7.57e-17	5.72e-12	5.37e-08	6.48e-05	7.17e-03	9.93e-01	0.00e+00	0.00e+00
 1.81286e+15	1.03e-16	7.45e-12	6.67e-08	7.54e-05	7.80e-03	9.92e-01	0.00e+00	0.00e+00
 1.87431e+15	1.63e-16	9.43e-12	8.08e-08	8.63e-05	8.42e-03	9.91e-01	0.00e+00	0.00e+00
 1.94082e+15	2.20e-16	1.21e-11	9.89e-08	9.94e-05	9.12e-03	9.91e-01	0.00e+00	0.00e+00
 2.01552e+15	3.02e-16	1.57e-11	1.23e-07	1.16e-04	9.95e-03	9.90e-01	0.00e+00	0.00e+00
 2.08605e+15	4.02e-16	2.00e-11	1.50e-07	1.33e-04	1.08e-02	9.89e-01	0.00e+00	0.00e+00
 2.16189e+15	5.42e-16	2.58e-11	1.85e-07	1.54e-04	1.17e-02	9.88e-01	0.00e+00	0.00e+00
 2.24644e+15	7.45e-16	3.38e-11	2.31e-07	1.80e-04	1.28e-02	9.87e-01	0.00e+00	0.00e+00
 2.32741e+15	9.99e-16	4.33e-11	2.85e-07	2.07e-04	1.39e-02	9.86e-01	0.00e+00	0.00e+00
 2.39379e+15	1.26e-15	5.28e-11	3.35e-07	2.32e-04	1.48e-02	9.85e-01	0.00e+00	0.00e+00
 2.44691e+15	1.51e-15	6.16e-11	3.81e-07	2.54e-04	1.56e-02	9.84e-01	0.00e+00	0.00e+00
 2.50570e+15	1.83e-15	7.28e-11	4.38e-07	2.79e-04	1.64e-02	9.83e-01	0.00e+00	0.00e+00
 2.58212e+15	2.35e-15	9.02e-11	5.23e-07	3.16e-04	1.76e-02	9.82e-01	0.00e+00	0.00e+00
 2.66328e+15	3.04e-15	1.12e-10	6.28e-07	3.58e-04	1.89e-02	9.81e-01	0.00e+00	0.00e+00
 2.73411e+15	3.76e-15	1.35e-10	7.32e-07	3.98e-04	2.01e-02	9.79e-01	0.00e+00	0.00e+00
 2.80971e+15	4.71e-15	1.64e-10	8.61e-07	4.44e-04	2.14e-02	9.78e-01	0.00e+00	0.00e+00
 2.90799e+15	6.28e-15	2.10e-10	1.06e-06	5.11e-04	2.32e-02	9.76e-01	0.00e+00	0.00e+00
 3.00817e+15	8.30e-15	2.68e-10	1.29e-06	5.86e-04	2.51e-02	9.74e-01	0.00e+00	0.00e+00
 3.09015e+15	1.03e-14	3.24e-10	1.52e-06	6.52e-04	2.67e-02	9.73e-01	0.00e+00	0.00e+00
 3.17606e+15	1.30e-14	3.95e-10	1.79e-06	7.29e-04	2.84e-02	9.71e-01	0.00e+00	0.00e+00
 3.28774e+15	1.74e-14	5.08e-10	2.20e-06	8.39e-04	3.07e-02	9.68e-01	0.00e+00	0.00e+00
 3.40565e+15	2.33e-14	6.55e-10	2.72e-06	9.67e-04	3.33e-02	9.66e-01	0.00e+00	0.00e+00
 3.50854e+15	2.99e-14	8.13e-10	3.25e-06	1.09e-03	3.57e-02	9.63e-01	0.00e+00	0.00e+00
 3.61916e+15	3.88e-14	1.02e-09	3.92e-06	1.24e-03	3.83e-02	9.60e-01	0.00e+00	0.00e+00
 3.75534e+15	5.31e-14	1.34e-09	4.91e-06	1.44e-03	4.16e-02	9.57e-01	0.00e+00	0.00e+00
 3.89417e+15	7.20e-14	1.74e-09	6.12e-06	1.66e-03	4.52e-02	9.53e-01	0.00e+00	0.00e+00
 4.01875e+15	9.39e-14	2.20e-09	7.41e-06	1.89e-03	4.86e-02	9.50e-01	0.00e+00	0.00e+00
 4.15538e+15	1.25e-13	2.82e-09	9.09e-06	2.16e-03	5.24e-02	9.45e-01	0.00e+00	0.00e+00
 4.31727e+15	1.73e-13	3.74e-09	1.15e-05	2.53e-03	5.71e-02	9.40e-01	0.00e+00	0.00e+00
 4.47666e+15	2.36e-13	4.89e-09	1.43e-05	2.93e-03	6.19e-02	9.35e-01	0.00e+00	0.00e+00
 4.62220e+15	3.09e-13	6.20e-09	1.74e-05	3.33e-03	6.64e-02	9.30e-01	0.00e+00	0.00e+00
 4.78506e+15	4.18e-13	8.04e-09	2.16e-05	3.83e-03	7.17e-02	9.24e-01	0.00e+00	0.00e+00
 4.94374e+15	5.51e-13	1.02e-08	2.63e-05	4.37e-03	7.70e-02	9.19e-01	0.00e+00	0.00e+00
 5.06146e+15	6.72e-13	1.22e-08	3.04e-05	4.81e-03	8.12e-02	9.14e-01	0.00e+00	0.00e+00
 5.17899e+15	8.22e-13	1.45e-08	3.51e-05	5.27e-03	8.54e-02	9.09e-01	0.00e+00	0.00e+00
 5.33178e+15	1.06e-12	1.80e-08	4.19e-05	5.93e-03	9.08e-02	9.03e-01	0.00e+00	0.00e+00
 5.49703e+15	1.39e-12	2.27e-08	5.06e-05	6.72e-03	9.71e-02	8.96e-01	0.00e+00	0.00e+00
 5.64396e+15	1.75e-12	2.77e-08	5.95e-05	7.46e-03	1.03e-01	8.90e-01	0.00e+00	0.00e+00
 5.80044e+15	2.24e-12	3.42e-08	7.05e-05	8.34e-03	1.09e-01	8.83e-01	0.00e+00	0.00e+00
 6.00387e+15	3.05e-12	4.47e-08	8.74e-05	9.60e-03	1.17e-01	8.73e-01	0.00e+00	0.00e+00
 6.20995e+15	4.11e-12	5.77e-08	1.08e-04	1.10e-02	1.26e-01	8.63e-01	0.00e+00	0.00e+00
 6.37649e+15	5.18e-12	7.06e-08	1.27e-04	1.22e-02	1.33e-01	8.54e-01	0.00e+00	0.00e+00
 6.55002e+15	6.62e-12	8.69e-08	1.50e-04	1.36e-02	1.41e-01	8.45e-01	0.00e+00	0.00e+00
 6.77560e+15	9.00e-12	1.13e-07	1.84e-04	1.56e-02	1.51e-01	8.33e-01	0.00e+00	0.00e+00
 7.01347e+15	1.23e-11	1.47e-07	2.28e-04	1.79e-02	1.62e-01	8.20e-01	0.00e+00	0.00e+00
 7.21801e+15	1.58e-11	1.83e-07	2.72e-04	2.01e-02	1.72e-01	8.08e-01	0.00e+00	0.00e+00
 7.43461e+15	2.08e-11	2.31e-07	3.27e-04	2.26e-02	1.82e-01	7.95e-01	0.00e+00	0.00e+00
 7.70819e+15	2.90e-11	3.06e-07	4.10e-04	2.61e-02	1.95e-01	7.78e-01	0.00e+00	0.00e+00
 7.98156e+15	3.93e-11	3.98e-07	5.07e-04	3.00e-02	2.09e-01	7.61e-01	0.00e+00	0.00e+00
 8.21322e+15	5.09e-11	4.96e-07	6.05e-04	3.35e-02	2.20e-01	7.45e-01	0.00e+00	0.00e+00
 8.46493e+15	6.74e-11	6.28e-07	7.30e-04	3.78e-02	2.33e-01	7.28e-01	0.00e+00	0.00e+00
 8.74471e+15	9.03e-11	8.06e-07	8.91e-04	4.29e-02	2.47e-01	7.09e-01	0.00e+00	0.00e+00
 8.98147e+15	1.14e-10	9.83e-07	1.05e-03	4.76e-02	2.59e-01	6.93e-01	0.00e+00	0.00e+00
 9.17835e+15	1.39e-10	1.16e-06	1.20e-03	5.17e-02	2.69e-01	6.78e-01	0.00e+00	0.00e+00
 9.40290e+15	1.74e-10	1.40e-06	1.39e-03	5.69e-02	2.80e-01	6.62e-01	0.00e+00	0.00e+00
 9.65167e+15	2.19e-10	1.71e-06	1.63e-03	6.28e-02	2.92e-01	6.43e-01	0.00e+00	0.00e+00
 9.88997e+15	2.73e-10	2.06e-06	1.89e-03	6.90e-02	3.04e-01	6.26e-01	0.00e+00	0.00e+00
 1.01578e+16	3.51e-10	2.55e-06	2.24e-03	7.65e-02	3.17e-01	6.05e-01	0.00e+00	0.00e+00
 1.04419e+16	4.49e-10	3.14e-06	2.65e-03	8.48e-02	3.30e-01	5.83e-01	0.00e+00	0.00e+00
 1.06993e+16	5.59e-10	3.78e-06	3.08e-03	9.29e-02	3.41e-01	5.63e-01	0.00e+00	0.00e+00
 1.09860e+16	7.19e-10	4.66e-06	3.64e-03	1.03e-01	3.54e-01	5.40e-01	0.00e+00	0.00e+00
 1.12953e+16	9.22e-10	5.75e-06	4.31e-03	1.14e-01	3.66e-01	5.16e-01	0.00e+00	0.00e+00
 1.15835e+16	1.16e-09	6.99e-06	5.04e-03	1.25e-01	3.77e-01	4.93e-01	0.00e+00	0.00e+00
 1.18605e+16	1.44e-09	8.39e-06	5.84e-03	1.36e-01	3.87e-01	4.71e-01	0.00e+00	0.00e+00
 1.21733e+16	1.86e-09	1.04e-05	6.90e-03	1.50e-01	3.98e-01	4.46e-01	0.00e+00	0.00e+00
 1.25057e+16	2.38e-09	1.28e-05	8.15e-03	1.65e-01	4.07e-01	4.20e-01	0.00e+00	0.00e+00
 1.27963e+16	2.93e-09	1.52e-05	9.41e-03	1.79e-01	4.15e-01	3.97e-01	0.00e+00	0.00e+00
 1.31069e+16	3.72e-09	1.86e-05	1.10e-02	1.95e-01	4.22e-01	3.73e-01	0.00e+00	0.00e+00
 1.34459e+16	4.77e-09	2.28e-05	1.30e-02	2.13e-01	4.28e-01	3.46e-01	0.00e+00	0.00e+00
 1.37505e+16	5.91e-09	2.73e-05	1.50e-02	2.30e-01	4.31e-01	3.24e-01	0.00e+00	0.00e+00
 1.40310e+16	7.20e-09	3.22e-05	1.71e-02	2.46e-01	4.34e-01	3.03e-01	0.00e+00	0.00e+00
 1.43031e+16	8.74e-09	3.78e-05	1.94e-02	2.63e-01	4.35e-01	2.83e-01	0.00e+00	0.00e+00
 1.45652e+16	1.05e-08	4.41e-05	2.20e-02	2.79e-01	4.34e-01	2.64e-01	0.00e+00	0.00e+00
 1.48628e+16	1.33e-08	5.33e-05	2.54e-02	2.99e-01	4.33e-01	2.42e-01	0.00e+00	0.00e+00
 1.51714e+16	1.64e-08	6.34e-05	2.92e-02	3.19e-01	4.29e-01	2.22e-01	0.00e+00	0.00e+00
 1.54274e+16	1.97e-08	7.36e-05	3.29e-02	3.37e-01	4.25e-01	2.05e-01	0.00e+00	0.00e+00
 1.56559e+16	2.33e-08	8.45e-05	3.66e-02	3.53e-01	4.20e-01	1.91e-01	0.00e+00	0.00e+00
 1.59154e+16	2.86e-08	9.95e-05	4.14e-02	3.72e-01	4.13e-01	1.74e-01	0.00e+00	0.00e+00
 1.61927e+16	3.56e-08	1.19e-04	4.73e-02	3.92e-01	4.04e-01	1.57e-01	0.00e+00	0.00e+00
 1.64299e+16	4.25e-08	1.37e-04	5.28e-02	4.09e-01	3.95e-01	1.43e-01	0.00e+00	0.00e+00
 1.66405e+16	4.98e-08	1.56e-04	5.83e-02	4.25e-01	3.86e-01	1.31e-01	0.00e+00	0.00e+00
 1.68799e+16	6.18e-08	1.84e-04	6.58e-02	4.43e-01	3.73e-01	1.18e-01	0.00e+00	0.00e+00
 1.71296e+16	7.47e-08	2.15e-04	7.41e-02	4.61e-01	3.60e-01	1.05e-01	0.00e+00	0.00e+00
 1.73411e+16	9.07e-08	2.50e-04	8.25e-02	4.77e-01	3.47e-01	9.39e-02	0.00e+00	0.00e+00
 1.75266e+16	1.06e-07	2.84e-04	9.04e-02	4.90e-01	3.35e-01	8.50e-02	0.00e+00	0.00e+00
 1.77299e+16	1.23e-07	3.20e-04	1.00e-01	5.04e-01	3.20e-01	7.58e-02	0.00e+00	0.00e+00
 1.79534e+16	1.60e-07	3.89e-04	1.13e-01	5.19e-01	3.02e-01	6.52e-02	0.00e+00	0.00e+00
 1.81391e+16	1.87e-07	4.40e-04	1.24e-01	5.31e-01	2.87e-01	5.79e-02	0.00e+00	0.00e+00
 1.82903e+16	2.12e-07	4.87e-04	1.34e-01	5.40e-01	2.74e-01	5.20e-02	0.00e+00	0.00e+00
 1.84605e+16	2.51e-07	5.56e-04	1.47e-01	5.50e-01	2.58e-01	4.53e-02	0.00e+00	0.00e+00
 1.86420e+16	3.03e-07	6.42e-04	1.62e-01	5.59e-01	2.40e-01	3.88e-02	0.00e+00	0.00e+00
 1.87948e+16	3.61e-07	7.33e-04	1.76e-01	5.65e-01	2.24e-01	3.35e-02	0.00e+00	0.00e+00
 1.89198e+16	4.42e-07	8.47e-04	1.90e-01	5.70e-01	2.10e-01	2.90e-02	0.00e+00	0.00e+00
 1.90235e+16	4.92e-07	9.21e-04	2.01e-01	5.73e-01	1.99e-01	2.60e-02	0.00e+00	0.00e+00
 1.91296e+16	5.46e-07	9.99e-04	2.13e-01	5.76e-01	1.87e-01	2.30e-02	0.00e+00	0.00e+00
 1.92675e+16	6.74e-07	1.16e-03	2.31e-01	5.79e-01	1.70e-01	1.90e-02	0.00e+00	0.00e+00
 1.93835e+16	7.52e-07	1.27e-03	2.46e-01	5.80e-01	1.57e-01	1.63e-02	0.00e+00	0.00e+00
 1.94519e+16	8.65e-07	1.40e-03	2.57e-01	5.79e-01	1.48e-01	1.45e-02	0.00e+00	0.00e+00
 1.95070e+16	9.30e-07	1.48e-03	2.64e-01	5.79e-01	1.42e-01	1.33e-02	0.00e+00	0.00e+00
 1.95638e+16	9.83e-07	1.54e-03	2.73e-01	5.79e-01	1.35e-01	1.21e-02	0.00e+00	0.00e+00
 1.96378e+16	1.09e-06	1.66e-03	2.84e-01	5.78e-01	1.26e-01	1.06e-02	0.00e+00	0.00e+00
 1.97190e+16	1.26e-06	1.85e-03	2.98e-01	5.75e-01	1.16e-01	9.02e-03	0.00e+00	0.00e+00
 1.97857e+16	1.36e-06	1.95e-03	3.08e-01	5.74e-01	1.08e-01	7.95e-03	0.00e+00	0.00e+00
 1.98483e+16	1.50e-06	2.10e-03	3.19e-01	5.71e-01	1.01e-01	6.92e-03	0.00e+00	0.00e+00
 1.99183e+16	1.73e-06	2.32e-03	3.32e-01	5.67e-01	9.21e-02	5.82e-03	0.00e+00	0.00e+00
 1.99780e+16	1.84e-06	2.43e-03	3.42e-01	5.65e-01	8.57e-02	5.10e-03	0.00e+00	0.00e+00
 2.00358e+16	2.03e-06	2.61e-03	3.52e-01	5.62e-01	7.90e-02	4.38e-03	0.00e+00	0.00e+00
 2.01109e+16	2.38e-06	2.91e-03	3.68e-01	5.55e-01	7.04e-02	3.50e-03	0.00e+00	0.00e+00
 2.01810e+16	2.64e-06	3.14e-03	3.80e-01	5.50e-01	6.34e-02	2.88e-03	0.00e+00	0.00e+00
 2.02338e+16	2.89e-06	3.35e-03	3.90e-01	5.46e-01	5.81e-02	2.45e-03	0.00e+00	0.00e+00
 2.02919e+16	3.21e-06	3.60e-03	4.01e-01	5.41e-01	5.24e-02	2.02e-03	0.00e+00	0.00e+00
 2.03674e+16	3.67e-06	3.96e-03	4.16e-01	5.33e-01	4.55e-02	1.55e-03	0.00e+00	0.00e+00
 2.04433e+16	4.18e-06	4.34e-03	4.30e-01	5.25e-01	3.95e-02	1.18e-03	0.00e+00	0.00e+00
 2.05045e+16	4.64e-06	4.68e-03	4.41e-01	5.18e-01	3.49e-02	9.42e-04	0.00e+00	0.00e+00
 2.05689e+16	5.21e-06	5.08e-03	4.53e-01	5.10e-01	3.04e-02	7.27e-04	0.00e+00	0.00e+00
 2.06526e+16	6.04e-06	5.62e-03	4.69e-01	5.00e-01	2.53e-02	5.16e-04	0.00e+00	0.00e+00
 2.07397e+16	6.99e-06	6.23e-03	4.84e-01	4.89e-01	2.09e-02	3.60e-04	0.00e+00	0.00e+00
 2.08150e+16	7.97e-06	6.82e-03	4.97e-01	4.79e-01	1.76e-02	2.60e-04	0.00e+00	0.00e+00
 2.08967e+16	9.17e-06	7.52e-03	5.11e-01	4.67e-01	1.45e-02	1.80e-04	0.00e+00	0.00e+00
 2.10030e+16	1.10e-05	8.50e-03	5.28e-01	4.52e-01	1.12e-02	1.11e-04	0.00e+00	0.00e+00
 2.11187e+16	1.32e-05	9.68e-03	5.46e-01	4.36e-01	8.54e-03	6.65e-05	0.00e+00	0.00e+00
 2.12052e+16	1.52e-05	1.07e-02	5.59e-01	4.24e-01	7.02e-03	4.59e-05	0.00e+00	0.00e+00
 2.12612e+16	1.67e-05	1.13e-02	5.67e-01	4.16e-01	6.17e-03	3.59e-05	0.00e+00	0.00e+00
 2.13195e+16	1.84e-05	1.21e-02	5.75e-01	4.07e-01	5.36e-03	2.76e-05	0.00e+00	0.00e+00
 2.13952e+16	2.07e-05	1.32e-02	5.86e-01	3.96e-01	4.48e-03	1.96e-05	0.00e+00	0.00e+00
 2.14937e+16	2.43e-05	1.47e-02	6.01e-01	3.81e-01	3.56e-03	1.26e-05	0.00e+00	0.00e+00
 2.15946e+16	2.87e-05	1.64e-02	6.15e-01	3.66e-01	2.84e-03	8.22e-06	0.00e+00	0.00e+00
 2.16765e+16	3.29e-05	1.80e-02	6.26e-01	3.53e-01	2.37e-03	5.83e-06	0.00e+00	0.00e+00
 2.17609e+16	3.78e-05	1.98e-02	6.38e-01	3.40e-01	1.95e-03	4.04e-06	0.00e+00	0.00e+00
 2.18510e+16	4.40e-05	2.19e-02	6.50e-01	3.26e-01	1.60e-03	2.77e-06	0.00e+00	0.00e+00
 2.19285e+16	5.03e-05	2.40e-02	6.61e-01	3.14e-01	1.35e-03	2.01e-06	0.00e+00	0.00e+00
 2.19957e+16	5.66e-05	2.60e-02	6.70e-01	3.03e-01	1.16e-03	1.52e-06	0.00e+00	0.00e+00
 2.20695e+16	6.45e-05	2.84e-02	6.80e-01	2.91e-01	9.78e-04	1.11e-06	0.00e+00	0.00e+00
 2.21519e+16	7.49e-05	3.14e-02	6.90e-01	2.78e-01	8.12e-04	7.85e-07	0.00e+00	0.00e+00
 2.22267e+16	8.61e-05	3.45e-02	7.00e-01	2.65e-01	6.86e-04	0.00e+00	0.00e+00	0.00e+00
 2.22921e+16	9.75e-05	3.75e-02	7.08e-01	2.54e-01	5.90e-04	0.00e+00	0.00e+00	0.00e+00
 2.23641e+16	1.12e-04	4.12e-02	7.16e-01	2.42e-01	4.98e-04	0.00e+00	0.00e+00	0.00e+00
 2.24421e+16	1.31e-04	4.58e-02	7.25e-01	2.28e-01	4.14e-04	0.00e+00	0.00e+00	0.00e+00
 2.25096e+16	1.50e-04	5.03e-02	7.32e-01	2.17e-01	3.53e-04	0.00e+00	0.00e+00	0.00e+00
 2.25676e+16	1.70e-04	5.46e-02	7.38e-01	2.07e-01	3.06e-04	0.00e+00	0.00e+00	0.00e+00
 2.26316e+16	1.94e-04	5.98e-02	7.44e-01	1.96e-01	2.60e-04	0.00e+00	0.00e+00	0.00e+00
 2.27021e+16	2.27e-04	6.64e-02	7.50e-01	1.83e-01	2.17e-04	0.00e+00	0.00e+00	0.00e+00
 2.27642e+16	2.62e-04	7.30e-02	7.54e-01	1.73e-01	1.85e-04	0.00e+00	0.00e+00	0.00e+00
 2.28176e+16	2.96e-04	7.93e-02	7.57e-01	1.63e-01	1.60e-04	0.00e+00	0.00e+00	0.00e+00
 2.28761e+16	3.40e-04	8.70e-02	7.59e-01	1.53e-01	1.36e-04	0.00e+00	0.00e+00	0.00e+00
 2.29404e+16	3.98e-04	9.66e-02	7.61e-01	1.42e-01	1.13e-04	0.00e+00	0.00e+00	0.00e+00
 2.29970e+16	4.60e-04	1.06e-01	7.61e-01	1.32e-01	9.58e-05	0.00e+00	0.00e+00	0.00e+00
 2.30453e+16	5.22e-04	1.16e-01	7.60e-01	1.24e-01	8.28e-05	0.00e+00	0.00e+00	0.00e+00
 2.30981e+16	5.99e-04	1.27e-01	7.58e-01	1.15e-01	7.00e-05	0.00e+00	0.00e+00	0.00e+00
 2.31566e+16	7.03e-04	1.40e-01	7.54e-01	1.05e-01	5.78e-05	0.00e+00	0.00e+00	0.00e+00
 2.32092e+16	8.16e-04	1.55e-01	7.48e-01	9.64e-02	4.83e-05	0.00e+00	0.00e+00	0.00e+00
 2.32545e+16	9.31e-04	1.69e-01	7.41e-01	8.90e-02	4.11e-05	0.00e+00	0.00e+00	0.00e+00
 2.33039e+16	1.07e-03	1.85e-01	7.33e-01	8.11e-02	3.41e-05	0.00e+00	0.00e+00	0.00e+00
 2.33587e+16	1.27e-03	2.06e-01	7.20e-01	7.25e-02	2.75e-05	0.00e+00	0.00e+00	0.00e+00
 2.34080e+16	1.49e-03	2.28e-01	7.06e-01	6.50e-02	2.24e-05	0.00e+00	0.00e+00	0.00e+00
 2.34515e+16	1.71e-03	2.49e-01	6.91e-01	5.85e-02	1.85e-05	0.00e+00	0.00e+00	0.00e+00
 2.34998e+16	2.00e-03	2.74e-01	6.72e-01	5.16e-02	1.48e-05	0.00e+00	0.00e+00	0.00e+00
 2.35537e+16	2.41e-03	3.07e-01	6.46e-01	4.42e-02	1.13e-05	0.00e+00	0.00e+00	0.00e+00
 2.36035e+16	2.87e-03	3.41e-01	6.18e-01	3.76e-02	8.68e-06	0.00e+00	0.00e+00	0.00e+00
 2.36485e+16	3.37e-03	3.76e-01	5.89e-01	3.21e-02	6.68e-06	0.00e+00	0.00e+00	0.00e+00
 2.36988e+16	4.04e-03	4.17e-01	5.52e-01	2.64e-02	4.88e-06	0.00e+00	0.00e+00	0.00e+00
 2.37525e+16	4.95e-03	4.67e-01	5.07e-01	2.08e-02	3.37e-06	0.00e+00	0.00e+00	0.00e+00
 2.37972e+16	5.93e-03	5.14e-01	4.63e-01	1.65e-02	2.37e-06	0.00e+00	0.00e+00	0.00e+00
 2.38322e+16	6.83e-03	5.53e-01	4.27e-01	1.35e-02	1.77e-06	0.00e+00	0.00e+00	0.00e+00
 2.38678e+16	7.87e-03	5.92e-01	3.89e-01	1.08e-02	1.28e-06	0.00e+00	0.00e+00	0.00e+00
 2.39072e+16	9.25e-03	6.39e-01	3.44e-01	8.16e-03	8.56e-07	0.00e+00	0.00e+00	0.00e+00
 2.39417e+16	1.07e-02	6.81e-01	3.02e-01	6.19e-03	0.00e+00	0.00e+00	0.00e+00	0.00e+00
 2.39697e+16	1.21e-02	7.14e-01	2.69e-01	4.85e-03	0.00e+00	0.00e+00	0.00e+00	0.00e+00
 2.39991e+16	1.37e-02	7.47e-01	2.35e-01	3.66e-03	0.00e+00	0.00e+00	0.00e+00	0.00e+00
 2.40313e+16	1.58e-02	7.83e-01	1.99e-01	2.61e-03	0.00e+00	0.00e+00	0.00e+00	0.00e+00
 2.40593e+16	1.79e-02	8.13e-01	1.67e-01	1.87e-03	0.00e+00	0.00e+00	0.00e+00	0.00e+00
 2.40821e+16	1.99e-02	8.35e-01	1.44e-01	1.40e-03	0.00e+00	0.00e+00	0.00e+00	0.00e+00
 2.41061e+16	2.22e-02	8.55e-01	1.21e-01	1.01e-03	0.00e+00	0.00e+00	0.00e+00	0.00e+00
 2.41329e+16	2.52e-02	8.76e-01	9.83e-02	6.79e-04	0.00e+00	0.00e+00	0.00e+00	0.00e+00
 2.41568e+16	2.83e-02	8.92e-01	7.95e-02	4.58e-04	0.00e+00	0.00e+00	0.00e+00	0.00e+00
 2.41765e+16	3.12e-02	9.03e-01	6.57e-02	3.23e-04	0.00e+00	0.00e+00	0.00e+00	0.00e+00
 2.41973e+16	3.47e-02	9.12e-01	5.33e-02	2.20e-04	0.00e+00	0.00e+00	0.00e+00	0.00e+00
 2.42198e+16	3.90e-02	9.19e-01	4.16e-02	1.40e-04	0.00e+00	0.00e+00	0.00e+00	0.00e+00
 2.42391e+16	4.31e-02	9.24e-01	3.29e-02	9.18e-05	0.00e+00	0.00e+00	0.00e+00	0.00e+00
 2.42547e+16	4.71e-02	9.26e-01	2.70e-02	6.43e-05	0.00e+00	0.00e+00	0.00e+00	0.00e+00
 2.42711e+16	5.15e-02	9.27e-01	2.18e-02	4.34e-05	0.00e+00	0.00e+00	0.00e+00	0.00e+00
 2.42888e+16	5.69e-02	9.26e-01	1.70e-02	2.78e-05	0.00e+00	0.00e+00	0.00e+00	0.00e+00
 2.43044e+16	6.23e-02	9.24e-01	1.34e-02	1.83e-05	0.00e+00	0.00e+00	0.00e+00	0.00e+00
 2.43177e+16	6.74e-02	9.22e-01	1.09e-02	1.27e-05	0.00e+00	0.00e+00	0.00e+00	0.00e+00
 2.43298e+16	7.23e-02	9.19e-01	8.99e-03	8.91e-06	0.00e+00	0.00e+00	0.00e+00	0.00e+00
 2.43421e+16	7.78e-02	9.15e-01	7.33e-03	6.17e-06	0.00e+00	0.00e+00	0.00e+00	0.00e+00
 2.43541e+16	8.36e-02	9.10e-01	5.96e-03	4.26e-06	0.00e+00	0.00e+00	0.00e+00	0.00e+00
 2.43647e+16	8.87e-02	9.06e-01	4.94e-03	3.05e-06	0.00e+00	0.00e+00	0.00e+00	0.00e+00
 2.43741e+16	9.40e-02	9.02e-01	4.16e-03	2.24e-06	0.00e+00	0.00e+00	0.00e+00	0.00e+00
 2.43829e+16	9.90e-02	8.97e-01	3.53e-03	1.67e-06	0.00e+00	0.00e+00	0.00e+00	0.00e+00
 2.43898e+16	1.03e-01	8.94e-01	3.09e-03	1.32e-06	0.00e+00	0.00e+00	0.00e+00	0.00e+00
 2.43945e+16	1.06e-01	8.92e-01	2.83e-03	1.13e-06	0.00e+00	0.00e+00	0.00e+00	0.00e+00
 2.43987e+16	1.08e-01	8.89e-01	2.61e-03	9.73e-07	0.00e+00	0.00e+00	0.00e+00	0.00e+00
 2.44036e+16	1.12e-01	8.86e-01	2.37e-03	0.00e+00	0.00e+00	0.00e+00	0.00e+00	0.00e+00
 2.44090e+16	1.15e-01	8.83e-01	2.13e-03	0.00e+00	0.00e+00	0.00e+00	0.00e+00	0.00e+00
 2.44142e+16	1.19e-01	8.79e-01	1.91e-03	0.00e+00	0.00e+00	0.00e+00	0.00e+00	0.00e+00
 2.44191e+16	1.22e-01	8.76e-01	1.73e-03	0.00e+00	0.00e+00	0.00e+00	0.00e+00	0.00e+00
 2.44238e+16	1.26e-01	8.72e-01	1.57e-03	0.00e+00	0.00e+00	0.00e+00	0.00e+00	0.00e+00
 2.44287e+16	1.30e-01	8.69e-01	1.42e-03	0.00e+00	0.00e+00	0.00e+00	0.00e+00	0.00e+00
 2.44334e+16	1.33e-01	8.65e-01	1.28e-03	0.00e+00	0.00e+00	0.00e+00	0.00e+00	0.00e+00
 2.44381e+16	1.37e-01	8.62e-01	1.16e-03	0.00e+00	0.00e+00	0.00e+00	0.00e+00	0.00e+00
 2.44428e+16	1.41e-01	8.58e-01	1.05e-03	0.00e+00	0.00e+00	0.00e+00	0.00e+00	0.00e+00
 2.44475e+16	1.45e-01	8.54e-01	9.48e-04	0.00e+00	0.00e+00	0.00e+00	0.00e+00	0.00e+00
 2.44521e+16	1.49e-01	8.50e-01	8.56e-04	0.00e+00	0.00e+00	0.00e+00	0.00e+00	0.00e+00
 2.44567e+16	1.53e-01	8.46e-01	7.74e-04	0.00e+00	0.00e+00	0.00e+00	0.00e+00	0.00e+00
 2.44612e+16	1.58e-01	8.42e-01	6.98e-04	0.00e+00	0.00e+00	0.00e+00	0.00e+00	0.00e+00
 2.44658e+16	1.62e-01	8.37e-01	6.29e-04	0.00e+00	0.00e+00	0.00e+00	0.00e+00	0.00e+00
 2.44702e+16	1.67e-01	8.33e-01	5.69e-04	0.00e+00	0.00e+00	0.00e+00	0.00e+00	0.00e+00
 2.44746e+16	1.71e-01	8.28e-01	5.14e-04	0.00e+00	0.00e+00	0.00e+00	0.00e+00	0.00e+00
 2.44790e+16	1.76e-01	8.24e-01	4.63e-04	0.00e+00	0.00e+00	0.00e+00	0.00e+00	0.00e+00
 2.44834e+16	1.81e-01	8.18e-01	4.18e-04	0.00e+00	0.00e+00	0.00e+00	0.00e+00	0.00e+00
 2.44877e+16	1.86e-01	8.13e-01	3.77e-04	0.00e+00	0.00e+00	0.00e+00	0.00e+00	0.00e+00
 2.44921e+16	1.92e-01	8.08e-01	3.40e-04	0.00e+00	0.00e+00	0.00e+00	0.00e+00	0.00e+00
 2.44964e+16	1.98e-01	8.02e-01	3.06e-04	0.00e+00	0.00e+00	0.00e+00	0.00e+00	0.00e+00
 2.45007e+16	2.04e-01	7.96e-01	2.75e-04	0.00e+00	0.00e+00	0.00e+00	0.00e+00	0.00e+00
 2.45050e+16	2.10e-01	7.90e-01	2.47e-04	0.00e+00	0.00e+00	0.00e+00	0.00e+00	0.00e+00
 2.45092e+16	2.17e-01	7.83e-01	2.23e-04	0.00e+00	0.00e+00	0.00e+00	0.00e+00	0.00e+00
 2.45134e+16	2.24e-01	7.76e-01	2.00e-04	0.00e+00	0.00e+00	0.00e+00	0.00e+00	0.00e+00
 2.45176e+16	2.31e-01	7.69e-01	1.80e-04	0.00e+00	0.00e+00	0.00e+00	0.00e+00	0.00e+00
 2.45217e+16	2.39e-01	7.61e-01	1.62e-04	0.00e+00	0.00e+00	0.00e+00	0.00e+00	0.00e+00
 2.45258e+16	2.47e-01	7.53e-01	1.46e-04	0.00e+00	0.00e+00	0.00e+00	0.00e+00	0.00e+00
 2.45298e+16	2.56e-01	7.44e-01	1.32e-04	0.00e+00	0.00e+00	0.00e+00	0.00e+00	0.00e+00
 2.45337e+16	2.64e-01	7.35e-01	1.19e-04	0.00e+00	0.00e+00	0.00e+00	0.00e+00	0.00e+00
 2.45377e+16	2.75e-01	7.25e-01	1.07e-04	0.00e+00	0.00e+00	0.00e+00	0.00e+00	0.00e+00
 2.45416e+16	2.85e-01	7.15e-01	9.62e-05	0.00e+00	0.00e+00	0.00e+00	0.00e+00	0.00e+00
 2.45454e+16	2.95e-01	7.05e-01	8.68e-05	0.00e+00	0.00e+00	0.00e+00	0.00e+00	0.00e+00
 2.45493e+16	3.05e-01	6.94e-01	7.83e-05	0.00e+00	0.00e+00	0.00e+00	0.00e+00	0.00e+00
 2.45532e+16	3.19e-01	6.81e-01	7.03e-05	0.00e+00	0.00e+00	0.00e+00	0.00e+00	0.00e+00
 2.45571e+16	3.31e-01	6.69e-01	6.33e-05	0.00e+00	0.00e+00	0.00e+00	0.00e+00	0.00e+00
 2.45609e+16	3.44e-01	6.56e-01	5.69e-05	0.00e+00	0.00e+00	0.00e+00	0.00e+00	0.00e+00
 2.45648e+16	3.59e-01	6.41e-01	5.11e-05	0.00e+00	0.00e+00	0.00e+00	0.00e+00	0.00e+00
 2.45687e+16	3.74e-01	6.26e-01	4.58e-05	0.00e+00	0.00e+00	0.00e+00	0.00e+00	0.00e+00
 2.45727e+16	3.90e-01	6.10e-01	4.11e-05	0.00e+00	0.00e+00	0.00e+00	0.00e+00	0.00e+00
 2.45766e+16	4.10e-01	5.90e-01	3.66e-05	0.00e+00	0.00e+00	0.00e+00	0.00e+00	0.00e+00
 2.45806e+16	4.29e-01	5.71e-01	3.27e-05	0.00e+00	0.00e+00	0.00e+00	0.00e+00	0.00e+00
 2.45847e+16	4.48e-01	5.52e-01	2.92e-05	0.00e+00	0.00e+00	0.00e+00	0.00e+00	0.00e+00
 2.45888e+16	4.69e-01	5.31e-01	2.59e-05	0.00e+00	0.00e+00	0.00e+00	0.00e+00	0.00e+00
 2.45931e+16	4.92e-01	5.08e-01	2.30e-05	0.00e+00	0.00e+00	0.00e+00	0.00e+00	0.00e+00
 2.45975e+16	5.15e-01	4.85e-01	2.03e-05	0.00e+00	0.00e+00	0.00e+00	0.00e+00	0.00e+00
 2.46020e+16	5.39e-01	4.61e-01	1.79e-05	0.00e+00	0.00e+00	0.00e+00	0.00e+00	0.00e+00
 2.46067e+16	5.64e-01	4.36e-01	1.57e-05	0.00e+00	0.00e+00	0.00e+00	0.00e+00	0.00e+00
 2.46116e+16	5.90e-01	4.10e-01	1.38e-05	0.00e+00	0.00e+00	0.00e+00	0.00e+00	0.00e+00
 2.46168e+16	6.17e-01	3.83e-01	1.20e-05	0.00e+00	0.00e+00	0.00e+00	0.00e+00	0.00e+00
 2.46222e+16	6.44e-01	3.56e-01	1.04e-05	0.00e+00	0.00e+00	0.00e+00	0.00e+00	0.00e+00
