#depth	N	N+	N+2	N+3	N+4	N+5	N+6	N+7
 1.49634e+10	2.23e-46	7.66e-36	3.03e-26	2.80e-17	2.96e-09	9.83e-01	1.67e-02	0.00e+00
 4.54887e+10	0.00e+00	1.06e-35	3.88e-26	3.30e-17	3.22e-09	9.85e-01	1.55e-02	1.18e-07
 7.72350e+10	5.05e-46	1.48e-35	4.97e-26	3.89e-17	3.50e-09	9.86e-01	1.42e-02	0.00e+00
 1.10251e+11	0.00e+00	2.05e-35	6.37e-26	4.60e-17	3.81e-09	9.87e-01	1.30e-02	0.00e+00
 1.41417e+11	1.11e-45	2.77e-35	7.98e-26	5.35e-17	4.11e-09	9.88e-01	1.21e-02	0.00e+00
 1.69385e+11	0.00e+00	3.59e-35	9.71e-26	6.10e-17	4.39e-09	9.89e-01	1.13e-02	0.00e+00
 2.00743e+11	2.19e-45	4.77e-35	1.20e-25	7.05e-17	4.72e-09	9.89e-01	1.05e-02	0.00e+00
 2.37799e+11	0.00e+00	6.60e-35	1.54e-25	8.30e-17	5.13e-09	9.90e-01	9.67e-03	0.00e+00
 2.74960e+11	4.84e-45	9.03e-35	1.95e-25	9.73e-17	5.56e-09	9.91e-01	8.93e-03	0.00e+00
 3.10203e+11	0.00e+00	0.00e+00	2.42e-25	1.12e-16	5.98e-09	9.92e-01	8.30e-03	0.00e+00
 3.49135e+11	0.00e+00	1.64e-34	3.05e-25	1.32e-16	6.48e-09	9.92e-01	7.67e-03	0.00e+00
 3.93028e+11	1.55e-44	2.29e-34	3.93e-25	1.56e-16	7.06e-09	9.93e-01	7.04e-03	0.00e+00
 4.37148e+11	0.00e+00	3.17e-34	5.03e-25	1.84e-16	7.67e-09	9.94e-01	6.47e-03	0.00e+00
 4.83033e+11	3.48e-44	4.39e-34	6.43e-25	2.17e-16	8.34e-09	9.94e-01	5.95e-03	0.00e+00
 5.32281e+11	0.00e+00	6.16e-34	8.31e-25	2.58e-16	9.10e-09	9.95e-01	5.46e-03	0.00e+00
 5.78562e+11	7.77e-44	8.36e-34	1.05e-24	3.01e-16	9.85e-09	9.95e-01	5.04e-03	0.00e+00
 6.20088e+11	0.00e+00	1.09e-33	1.28e-24	3.45e-16	1.05e-08	9.95e-01	4.71e-03	0.00e+00
 6.66895e+11	1.56e-43	1.46e-33	1.60e-24	4.00e-16	1.14e-08	9.96e-01	4.36e-03	0.00e+00
 7.22181e+11	0.00e+00	2.04e-33	2.06e-24	4.74e-16	1.24e-08	9.96e-01	4.00e-03	0.00e+00
 7.77517e+11	3.53e-43	2.82e-33	2.63e-24	5.59e-16	1.35e-08	9.96e-01	3.68e-03	0.00e+00
 8.29489e+11	0.00e+00	3.78e-33	3.28e-24	6.50e-16	1.46e-08	9.97e-01	3.41e-03	0.00e+00
 8.87018e+11	7.51e-43	5.17e-33	4.17e-24	7.63e-16	1.58e-08	9.97e-01	3.14e-03	0.00e+00
 9.52426e+11	0.00e+00	7.29e-33	5.41e-24	9.11e-16	1.73e-08	9.97e-01	2.87e-03	0.00e+00
 1.01694e+12	1.73e-42	1.01e-32	6.94e-24	1.08e-15	1.88e-08	9.97e-01	2.64e-03	0.00e+00
 1.08404e+12	0.00e+00	1.41e-32	8.92e-24	1.28e-15	2.06e-08	9.98e-01	2.42e-03	0.00e+00
 1.15733e+12	4.00e-42	1.99e-32	1.16e-23	1.53e-15	2.25e-08	9.98e-01	2.21e-03	0.00e+00
 1.23113e+12	0.00e+00	2.78e-32	1.50e-23	1.82e-15	2.46e-08	9.98e-01	2.02e-03	0.00e+00
 1.30789e+12	9.21e-42	3.89e-32	1.94e-23	2.17e-15	2.70e-08	9.98e-01	1.84e-03	0.00e+00
 1.38703e+12	0.00e+00	5.44e-32	2.51e-23	2.59e-15	2.95e-08	9.98e-01	1.69e-03	0.00e+00
 1.46436e+12	2.06e-41	7.46e-32	3.20e-23	3.05e-15	3.21e-08	9.98e-01	1.55e-03	0.00e+00
 1.54789e+12	0.00e+00	1.04e-31	4.12e-23	3.63e-15	3.51e-08	9.99e-01	1.42e-03	0.00e+00
 1.63973e+12	4.75e-41	1.47e-31	5.38e-23	4.37e-15	3.87e-08	9.99e-01	1.29e-03	0.00e+00
 1.73525e+12	0.00e+00	2.07e-31	7.03e-23	5.25e-15	4.25e-08	9.99e-01	1.17e-03	0.00e+00
 1.83458e+12	1.12e-40	2.93e-31	9.19e-23	6.32e-15	4.68e-08	9.99e-01	1.06e-03	0.00e+00
 1.93789e+12	0.00e+00	4.15e-31	1.20e-22	7.61e-15	5.16e-08	9.99e-01	9.66e-04	0.00e+00
 2.03118e+12	2.48e-40	5.60e-31	1.52e-22	8.95e-15	5.62e-08	9.99e-01	8.88e-04	0.00e+00
 2.10865e+12	0.00e+00	7.13e-31	1.83e-22	1.02e-14	6.02e-08	9.99e-01	8.29e-04	0.00e+00
 2.19340e+12	4.56e-40	9.20e-31	2.23e-22	1.17e-14	6.47e-08	9.99e-01	7.71e-04	0.00e+00
 2.30110e+12	0.00e+00	1.26e-30	2.85e-22	1.39e-14	7.09e-08	9.99e-01	7.05e-04	0.00e+00
 2.41362e+12	9.82e-40	1.72e-30	3.65e-22	1.66e-14	7.77e-08	9.99e-01	6.44e-04	0.00e+00
 2.51299e+12	0.00e+00	2.25e-30	4.50e-22	1.92e-14	8.40e-08	9.99e-01	5.95e-04	0.00e+00
 2.60503e+12	1.82e-39	2.86e-30	5.43e-22	2.19e-14	9.01e-08	9.99e-01	5.55e-04	0.00e+00
 2.70942e+12	0.00e+00	3.71e-30	6.67e-22	2.54e-14	9.74e-08	9.99e-01	5.14e-04	0.00e+00
 2.83875e+12	3.65e-39	5.07e-30	8.53e-22	3.02e-14	1.07e-07	1.00e+00	4.68e-04	0.00e+00
 2.96787e+12	0.00e+00	6.83e-30	1.08e-21	3.58e-14	1.17e-07	1.00e+00	4.28e-04	0.00e+00
 3.07865e+12	7.05e-39	8.73e-30	1.31e-21	4.11e-14	1.26e-07	1.00e+00	3.98e-04	0.00e+00
 3.19823e+12	0.00e+00	1.13e-29	1.61e-21	4.76e-14	1.36e-07	1.00e+00	3.68e-04	0.00e+00
 3.34609e+12	1.38e-38	1.53e-29	2.04e-21	5.66e-14	1.50e-07	1.00e+00	3.35e-04	0.00e+00
 3.49803e+12	0.00e+00	2.05e-29	2.59e-21	6.72e-14	1.64e-07	1.00e+00	3.06e-04	0.00e+00
 3.63557e+12	2.70e-38	2.66e-29	3.18e-21	7.80e-14	1.78e-07	1.00e+00	2.82e-04	0.00e+00
 3.78710e+12	0.00e+00	3.49e-29	3.96e-21	9.13e-14	1.94e-07	1.00e+00	2.59e-04	0.00e+00
 3.96517e+12	5.41e-38	4.75e-29	5.06e-21	1.09e-13	2.14e-07	1.00e+00	2.36e-04	0.00e+00
 4.14302e+12	0.00e+00	6.36e-29	6.39e-21	1.30e-13	2.35e-07	1.00e+00	2.15e-04	0.00e+00
 4.31238e+12	1.06e-37	8.30e-29	7.92e-21	1.51e-13	2.56e-07	1.00e+00	1.97e-04	0.00e+00
 4.49920e+12	0.00e+00	1.10e-28	9.93e-21	1.79e-13	2.80e-07	1.00e+00	1.81e-04	0.00e+00
 4.70909e+12	2.13e-37	1.49e-28	1.27e-20	2.13e-13	3.08e-07	1.00e+00	1.64e-04	0.00e+00
 4.89804e+12	0.00e+00	1.93e-28	1.56e-20	2.49e-13	3.36e-07	1.00e+00	1.51e-04	0.00e+00
 5.05410e+12	3.74e-37	2.38e-28	1.85e-20	2.81e-13	3.59e-07	1.00e+00	1.41e-04	0.00e+00
 5.22457e+12	0.00e+00	2.97e-28	2.20e-20	3.20e-13	3.85e-07	1.00e+00	1.31e-04	0.00e+00
 5.44230e+12	6.74e-37	3.89e-28	2.74e-20	3.75e-13	4.21e-07	1.00e+00	1.21e-04	0.00e+00
 5.66212e+12	0.00e+00	5.05e-28	3.38e-20	4.38e-13	4.58e-07	1.00e+00	1.11e-04	0.00e+00
 5.84409e+12	1.19e-36	6.23e-28	4.01e-20	4.96e-13	4.90e-07	1.00e+00	1.04e-04	0.00e+00
 6.03625e+12	0.00e+00	7.72e-28	4.76e-20	5.63e-13	5.25e-07	1.00e+00	9.67e-05	0.00e+00
 6.28273e+12	2.11e-36	1.01e-27	5.89e-20	6.58e-13	5.73e-07	1.00e+00	8.87e-05	0.00e+00
 6.54110e+12	0.00e+00	1.31e-27	7.31e-20	7.70e-13	6.25e-07	1.00e+00	8.14e-05	0.00e+00
 6.76758e+12	3.80e-36	1.65e-27	8.77e-20	8.80e-13	6.72e-07	1.00e+00	7.57e-05	0.00e+00
 7.01128e+12	0.00e+00	2.08e-27	1.06e-19	1.01e-12	7.25e-07	1.00e+00	7.02e-05	0.00e+00
 7.28157e+12	6.80e-36	2.68e-27	1.30e-19	1.17e-12	7.87e-07	1.00e+00	6.47e-05	0.00e+00
 7.53238e+12	0.00e+00	3.35e-27	1.55e-19	1.34e-12	8.47e-07	1.00e+00	6.02e-05	0.00e+00
 7.80440e+12	1.18e-35	4.25e-27	1.88e-19	1.54e-12	9.14e-07	1.00e+00	5.58e-05	0.00e+00
 8.10666e+12	0.00e+00	5.47e-27	2.31e-19	1.78e-12	9.92e-07	1.00e+00	5.15e-05	0.00e+00
 8.38822e+12	2.10e-35	6.87e-27	2.77e-19	2.03e-12	1.07e-06	1.00e+00	4.78e-05	0.00e+00
 8.69425e+12	0.00e+00	8.73e-27	3.36e-19	2.34e-12	1.15e-06	1.00e+00	4.43e-05	0.00e+00
 9.03471e+12	3.81e-35	1.13e-26	4.13e-19	2.72e-12	1.25e-06	1.00e+00	4.08e-05	0.00e+00
 9.35299e+12	0.00e+00	1.42e-26	4.98e-19	3.11e-12	1.35e-06	1.00e+00	3.79e-05	0.00e+00
 9.69980e+12	6.76e-35	1.82e-26	6.06e-19	3.59e-12	1.46e-06	1.00e+00	3.51e-05	0.00e+00
 1.00868e+13	0.00e+00	2.37e-26	7.49e-19	4.18e-12	1.59e-06	1.00e+00	3.23e-05	0.00e+00
 1.04507e+13	1.23e-34	3.01e-26	9.07e-19	4.80e-12	1.71e-06	1.00e+00	2.99e-05	0.00e+00
 1.08481e+13	0.00e+00	3.88e-26	1.11e-18	5.55e-12	1.86e-06	1.00e+00	2.76e-05	0.00e+00
 1.12932e+13	2.32e-34	5.09e-26	1.38e-18	6.49e-12	2.02e-06	1.00e+00	2.54e-05	0.00e+00
 1.17144e+13	3.14e-34	6.53e-26	1.69e-18	7.49e-12	2.19e-06	1.00e+00	2.35e-05	0.00e+00
 1.21686e+13	4.30e-34	8.49e-26	2.08e-18	8.68e-12	2.37e-06	1.00e+00	2.17e-05	0.00e+00
 1.26853e+13	6.06e-34	1.13e-25	2.61e-18	1.02e-11	2.59e-06	1.00e+00	1.98e-05	0.00e+00
 1.31925e+13	8.35e-34	1.48e-25	3.24e-18	1.19e-11	2.82e-06	1.00e+00	1.82e-05	0.00e+00
 1.37200e+13	1.17e-33	1.95e-25	4.03e-18	1.39e-11	3.06e-06	1.00e+00	1.68e-05	0.00e+00
 1.42988e+13	1.65e-33	2.59e-25	5.06e-18	1.63e-11	3.34e-06	1.00e+00	1.54e-05	0.00e+00
 1.48871e+13	2.34e-33	3.45e-25	6.33e-18	1.90e-11	3.63e-06	1.00e+00	1.42e-05	0.00e+00
 1.54989e+13	3.28e-33	4.57e-25	7.91e-18	2.23e-11	3.96e-06	1.00e+00	1.30e-05	0.00e+00
 1.60952e+13	4.55e-33	5.97e-25	9.76e-18	2.58e-11	4.28e-06	1.00e+00	1.20e-05	0.00e+00
 1.66364e+13	6.05e-33	7.55e-25	1.17e-17	2.94e-11	4.59e-06	1.00e+00	1.12e-05	0.00e+00
 1.71394e+13	7.83e-33	9.35e-25	1.39e-17	3.30e-11	4.88e-06	1.00e+00	1.06e-05	0.00e+00
 1.76904e+13	1.03e-32	1.17e-24	1.66e-17	3.73e-11	5.21e-06	1.00e+00	9.90e-06	0.00e+00
 1.83114e+13	1.41e-32	1.51e-24	2.02e-17	4.27e-11	5.60e-06	1.00e+00	9.22e-06	0.00e+00
 1.89063e+13	1.86e-32	1.90e-24	2.41e-17	4.83e-11	5.98e-06	1.00e+00	8.63e-06	0.00e+00
 1.95628e+13	2.52e-32	2.44e-24	2.93e-17	5.52e-11	6.41e-06	1.00e+00	8.05e-06	0.00e+00
 2.02934e+13	3.50e-32	3.18e-24	3.61e-17	6.37e-11	6.92e-06	1.00e+00	7.47e-06	0.00e+00
 2.09644e+13	4.68e-32	4.04e-24	4.34e-17	7.23e-11	7.39e-06	1.00e+00	6.99e-06	0.00e+00
 2.15852e+13	6.10e-32	5.01e-24	5.13e-17	8.10e-11	7.85e-06	1.00e+00	6.58e-06	0.00e+00
 2.22967e+13	8.21e-32	6.37e-24	6.17e-17	9.19e-11	8.38e-06	1.00e+00	6.17e-06	0.00e+00
 2.31679e+13	1.17e-31	8.49e-24	7.69e-17	1.07e-10	9.05e-06	1.00e+00	5.71e-06	0.00e+00
 2.40386e+13	1.63e-31	1.11e-23	9.49e-17	1.23e-10	9.77e-06	1.00e+00	5.29e-06	0.00e+00
 2.47970e+13	2.18e-31	1.41e-23	1.14e-16	1.39e-10	1.04e-05	1.00e+00	4.97e-06	0.00e+00
 2.56172e+13	2.95e-31	1.80e-23	1.37e-16	1.58e-10	1.11e-05	1.00e+00	4.66e-06	0.00e+00
 2.66174e+13	4.25e-31	2.42e-23	1.71e-16	1.83e-10	1.20e-05	1.00e+00	4.32e-06	0.00e+00
 2.76368e+13	6.00e-31	3.20e-23	2.12e-16	2.13e-10	1.29e-05	1.00e+00	4.00e-06	0.00e+00
 2.85595e+13	8.21e-31	4.11e-23	2.57e-16	2.42e-10	1.38e-05	1.00e+00	3.75e-06	0.00e+00
 2.95713e+13	1.15e-30	5.38e-23	3.15e-16	2.77e-10	1.48e-05	1.00e+00	3.50e-06	0.00e+00
 3.07611e+13	1.68e-30	7.30e-23	3.97e-16	3.23e-10	1.60e-05	1.00e+00	3.24e-06	0.00e+00
 3.19480e+13	2.39e-30	9.73e-23	4.94e-16	3.75e-10	1.72e-05	1.00e+00	3.00e-06	0.00e+00
 3.30678e+13	3.35e-30	1.27e-22	6.05e-16	4.29e-10	1.84e-05	1.00e+00	2.81e-06	0.00e+00
 3.43059e+13	4.80e-30	1.70e-22	7.51e-16	4.95e-10	1.98e-05	1.00e+00	2.61e-06	0.00e+00
 3.57080e+13	7.03e-30	2.31e-22	9.49e-16	5.79e-10	2.14e-05	1.00e+00	2.41e-06	0.00e+00
 3.71133e+13	1.03e-29	3.14e-22	1.19e-15	6.74e-10	2.31e-05	1.00e+00	2.24e-06	0.00e+00
 3.85748e+13	1.49e-29	4.22e-22	1.49e-15	7.84e-10	2.49e-05	1.00e+00	2.08e-06	0.00e+00
 4.01477e+13	2.21e-29	5.78e-22	1.89e-15	9.17e-10	2.69e-05	1.00e+00	1.92e-06	0.00e+00
 4.17836e+13	3.29e-29	7.93e-22	2.39e-15	1.07e-09	2.91e-05	1.00e+00	1.78e-06	0.00e+00
 4.33646e+13	4.73e-29	1.06e-21	2.98e-15	1.24e-09	3.13e-05	1.00e+00	1.65e-06	0.00e+00
 4.48479e+13	6.54e-29	1.38e-21	3.63e-15	1.42e-09	3.34e-05	1.00e+00	1.55e-06	0.00e+00
 4.62421e+13	8.85e-29	1.75e-21	4.35e-15	1.60e-09	3.55e-05	1.00e+00	1.46e-06	0.00e+00
 4.77555e+13	1.22e-28	2.27e-21	5.27e-15	1.81e-09	3.78e-05	1.00e+00	1.37e-06	0.00e+00
 4.94512e+13	1.72e-28	2.98e-21	6.48e-15	2.08e-09	4.04e-05	1.00e+00	1.28e-06	0.00e+00
 5.10581e+13	2.33e-28	3.81e-21	7.82e-15	2.36e-09	4.31e-05	1.00e+00	1.20e-06	0.00e+00
 5.28209e+13	3.27e-28	4.99e-21	9.57e-15	2.70e-09	4.60e-05	1.00e+00	1.12e-06	0.00e+00
 5.48021e+13	4.72e-28	6.69e-21	1.19e-14	3.12e-09	4.94e-05	1.00e+00	1.05e-06	0.00e+00
 5.66920e+13	6.56e-28	8.72e-21	1.45e-14	3.56e-09	5.29e-05	1.00e+00	9.78e-07	0.00e+00
 5.87639e+13	9.25e-28	1.15e-20	1.80e-14	4.10e-09	5.68e-05	1.00e+00	0.00e+00	0.00e+00
 6.10780e+13	1.35e-27	1.56e-20	2.26e-14	4.78e-09	6.12e-05	1.00e+00	0.00e+00	0.00e+00
 6.33015e+13	1.93e-27	2.07e-20	2.80e-14	5.50e-09	6.57e-05	1.00e+00	0.00e+00	0.00e+00
 6.56803e+13	2.76e-27	2.76e-20	3.48e-14	6.37e-09	7.06e-05	1.00e+00	0.00e+00	0.00e+00
 6.83374e+13	4.01e-27	3.74e-20	4.40e-14	7.45e-09	7.65e-05	1.00e+00	0.00e+00	0.00e+00
 7.07939e+13	5.69e-27	4.95e-20	5.42e-14	8.57e-09	8.20e-05	1.00e+00	0.00e+00	0.00e+00
 7.29222e+13	7.47e-27	6.18e-20	6.46e-14	9.64e-09	8.71e-05	1.00e+00	0.00e+00	0.00e+00
 7.52829e+13	1.03e-26	7.98e-20	7.81e-14	1.09e-08	9.26e-05	1.00e+00	0.00e+00	0.00e+00
 7.81645e+13	1.46e-26	1.06e-19	9.75e-14	1.27e-08	9.99e-05	1.00e+00	0.00e+00	0.00e+00
 8.10790e+13	2.07e-26	1.41e-19	1.21e-13	1.47e-08	1.08e-04	1.00e+00	0.00e+00	0.00e+00
 8.36979e+13	2.80e-26	1.80e-19	1.46e-13	1.66e-08	1.15e-04	1.00e+00	0.00e+00	0.00e+00
 8.65770e+13	3.88e-26	2.34e-19	1.79e-13	1.90e-08	1.23e-04	1.00e+00	0.00e+00	0.00e+00
 8.99833e+13	5.58e-26	3.14e-19	2.25e-13	2.22e-08	1.33e-04	1.00e+00	0.00e+00	0.00e+00
 9.33354e+13	7.99e-26	4.19e-19	2.79e-13	2.57e-08	1.43e-04	1.00e+00	0.00e+00	0.00e+00
 9.64051e+13	1.07e-25	5.32e-19	3.38e-13	2.92e-08	1.52e-04	1.00e+00	0.00e+00	0.00e+00
 9.98473e+13	1.49e-25	6.98e-19	4.16e-13	3.36e-08	1.63e-04	1.00e+00	0.00e+00	0.00e+00
 1.03844e+14	2.15e-25	9.41e-19	5.25e-13	3.92e-08	1.77e-04	1.00e+00	0.00e+00	0.00e+00
 1.07761e+14	3.09e-25	1.26e-18	6.54e-13	4.54e-08	1.90e-04	1.00e+00	0.00e+00	0.00e+00
 1.11470e+14	4.18e-25	1.62e-18	7.99e-13	5.20e-08	2.04e-04	1.00e+00	0.00e+00	0.00e+00
 1.15594e+14	5.96e-25	2.15e-18	9.92e-13	6.01e-08	2.19e-04	1.00e+00	0.00e+00	0.00e+00
 1.20248e+14	8.47e-25	2.87e-18	1.25e-12	7.03e-08	2.38e-04	1.00e+00	0.00e+00	0.00e+00
 1.24911e+14	1.23e-24	3.87e-18	1.57e-12	8.18e-08	2.57e-04	1.00e+00	0.00e+00	0.00e+00
 1.29302e+14	1.66e-24	4.98e-18	1.93e-12	9.39e-08	2.76e-04	1.00e+00	0.00e+00	0.00e+00
 1.34044e+14	2.36e-24	6.60e-18	2.39e-12	1.08e-07	2.96e-04	1.00e+00	0.00e+00	0.00e+00
 1.39435e+14	3.33e-24	8.80e-18	3.01e-12	1.27e-07	3.21e-04	1.00e+00	0.00e+00	0.00e+00
 1.44529e+14	4.65e-24	1.16e-17	3.73e-12	1.46e-07	3.45e-04	1.00e+00	0.00e+00	0.00e+00
 1.49131e+14	6.29e-24	1.47e-17	4.49e-12	1.66e-07	3.67e-04	1.00e+00	0.00e+00	0.00e+00
 1.53498e+14	8.17e-24	1.83e-17	5.33e-12	1.86e-07	3.90e-04	1.00e+00	0.00e+00	0.00e+00
 1.58349e+14	1.07e-23	2.29e-17	6.41e-12	2.10e-07	4.15e-04	1.00e+00	0.00e+00	0.00e+00
 1.63750e+14	1.48e-23	2.98e-17	7.82e-12	2.41e-07	4.44e-04	1.00e+00	0.00e+00	0.00e+00
 1.68837e+14	1.92e-23	3.71e-17	9.37e-12	2.72e-07	4.72e-04	1.00e+00	0.00e+00	0.00e+00
 1.74421e+14	2.64e-23	4.79e-17	1.14e-11	3.09e-07	5.04e-04	9.99e-01	0.00e+00	0.00e+00
 1.80677e+14	3.57e-23	6.17e-17	1.40e-11	3.56e-07	5.42e-04	9.99e-01	0.00e+00	0.00e+00
 1.86593e+14	4.80e-23	7.86e-17	1.70e-11	4.05e-07	5.78e-04	9.99e-01	0.00e+00	0.00e+00
 1.93069e+14	6.63e-23	1.02e-16	2.08e-11	4.64e-07	6.19e-04	9.99e-01	0.00e+00	0.00e+00
 2.00227e+14	9.02e-23	1.32e-16	2.58e-11	5.36e-07	6.67e-04	9.99e-01	0.00e+00	0.00e+00
 2.06839e+14	1.23e-22	1.71e-16	3.13e-11	6.10e-07	7.12e-04	9.99e-01	0.00e+00	0.00e+00
 2.14002e+14	1.63e-22	2.17e-16	3.82e-11	6.99e-07	7.64e-04	9.99e-01	0.00e+00	0.00e+00
 2.21996e+14	2.29e-22	2.86e-16	4.76e-11	8.09e-07	8.22e-04	9.99e-01	0.00e+00	0.00e+00
 2.29507e+14	3.11e-22	3.67e-16	5.79e-11	9.24e-07	8.80e-04	9.99e-01	0.00e+00	0.00e+00
 2.37706e+14	4.17e-22	4.71e-16	7.13e-11	1.06e-06	9.46e-04	9.99e-01	0.00e+00	0.00e+00
 2.46809e+14	5.81e-22	6.20e-16	8.91e-11	1.23e-06	1.02e-03	9.99e-01	0.00e+00	0.00e+00
 2.55306e+14	7.98e-22	8.03e-16	1.09e-10	1.41e-06	1.09e-03	9.99e-01	0.00e+00	0.00e+00
 2.64535e+14	1.06e-21	1.03e-15	1.34e-10	1.63e-06	1.18e-03	9.99e-01	0.00e+00	0.00e+00
 2.74838e+14	1.52e-21	1.37e-15	1.68e-10	1.90e-06	1.27e-03	9.99e-01	0.00e+00	0.00e+00
 2.84644e+14	2.01e-21	1.75e-15	2.07e-10	2.18e-06	1.37e-03	9.99e-01	0.00e+00	0.00e+00
 2.95153e+14	2.80e-21	2.30e-15	2.56e-10	2.52e-06	1.48e-03	9.99e-01	0.00e+00	0.00e+00
 3.06989e+14	3.84e-21	3.01e-15	3.23e-10	2.95e-06	1.60e-03	9.98e-01	0.00e+00	0.00e+00
 3.18625e+14	5.36e-21	3.97e-15	4.02e-10	3.43e-06	1.73e-03	9.98e-01	0.00e+00	0.00e+00
 3.30728e+14	7.17e-21	5.11e-15	5.00e-10	3.98e-06	1.88e-03	9.98e-01	0.00e+00	0.00e+00
 3.43987e+14	1.01e-20	6.82e-15	6.31e-10	4.65e-06	2.03e-03	9.98e-01	0.00e+00	0.00e+00
 3.57085e+14	1.36e-20	8.81e-15	7.85e-10	5.41e-06	2.20e-03	9.98e-01	0.00e+00	0.00e+00
 3.67922e+14	1.75e-20	1.09e-14	9.36e-10	6.09e-06	2.35e-03	9.98e-01	0.00e+00	0.00e+00
 3.76605e+14	2.13e-20	1.29e-14	1.07e-09	6.69e-06	2.47e-03	9.98e-01	0.00e+00	0.00e+00
 3.86229e+14	2.63e-20	1.54e-14	1.24e-09	7.40e-06	2.60e-03	9.97e-01	0.00e+00	0.00e+00
 3.98742e+14	3.39e-20	1.91e-14	1.50e-09	8.41e-06	2.79e-03	9.97e-01	0.00e+00	0.00e+00
 4.12152e+14	4.42e-20	2.41e-14	1.82e-09	9.60e-06	2.99e-03	9.97e-01	0.00e+00	0.00e+00
 4.24057e+14	5.62e-20	2.95e-14	2.15e-09	1.08e-05	3.18e-03	9.97e-01	0.00e+00	0.00e+00
 4.36861e+14	7.06e-20	3.60e-14	2.56e-09	1.21e-05	3.40e-03	9.97e-01	0.00e+00	0.00e+00
 4.52995e+14	9.44e-20	4.62e-14	3.16e-09	1.40e-05	3.68e-03	9.96e-01	0.00e+00	0.00e+00
 4.69380e+14	1.26e-19	5.91e-14	3.89e-09	1.61e-05	3.98e-03	9.96e-01	0.00e+00	0.00e+00
 4.83445e+14	1.59e-19	7.24e-14	4.62e-09	1.82e-05	4.24e-03	9.96e-01	0.00e+00	0.00e+00
 4.98574e+14	2.03e-19	8.96e-14	5.54e-09	2.06e-05	4.53e-03	9.95e-01	0.00e+00	0.00e+00
 5.17282e+14	2.72e-19	1.16e-13	6.87e-09	2.38e-05	4.92e-03	9.95e-01	0.00e+00	0.00e+00
 5.36284e+14	3.62e-19	1.48e-13	8.48e-09	2.75e-05	5.33e-03	9.95e-01	0.00e+00	0.00e+00
 5.53027e+14	4.62e-19	1.83e-13	1.02e-08	3.11e-05	5.70e-03	9.94e-01	0.00e+00	0.00e+00
 5.71190e+14	5.93e-19	2.28e-13	1.23e-08	3.54e-05	6.12e-03	9.94e-01	0.00e+00	0.00e+00
 5.93100e+14	8.05e-19	2.96e-13	1.53e-08	4.12e-05	6.66e-03	9.93e-01	0.00e+00	0.00e+00
 6.14864e+14	1.07e-18	3.80e-13	1.89e-08	4.75e-05	7.22e-03	9.93e-01	0.00e+00	0.00e+00
 6.34309e+14	1.36e-18	4.68e-13	2.27e-08	5.38e-05	7.73e-03	9.92e-01	0.00e+00	0.00e+00
 6.55757e+14	1.79e-18	5.92e-13	2.77e-08	6.14e-05	8.33e-03	9.92e-01	0.00e+00	0.00e+00
 6.81253e+14	2.43e-18	7.72e-13	3.47e-08	7.15e-05	9.07e-03	9.91e-01	0.00e+00	0.00e+00
 7.06576e+14	3.25e-18	9.95e-13	4.30e-08	8.28e-05	9.84e-03	9.90e-01	0.00e+00	0.00e+00
 7.29870e+14	4.17e-18	1.24e-12	5.21e-08	9.42e-05	1.06e-02	9.89e-01	0.00e+00	0.00e+00
 7.55958e+14	5.63e-18	1.60e-12	6.42e-08	1.08e-04	1.14e-02	9.88e-01	0.00e+00	0.00e+00
 7.86132e+14	7.74e-18	2.11e-12	8.10e-08	1.27e-04	1.25e-02	9.87e-01	0.00e+00	0.00e+00
 8.15788e+14	1.05e-17	2.74e-12	1.01e-07	1.47e-04	1.35e-02	9.86e-01	0.00e+00	0.00e+00
 8.46629e+14	1.43e-17	3.57e-12	1.26e-07	1.70e-04	1.47e-02	9.85e-01	0.00e+00	0.00e+00
 8.74723e+14	1.86e-17	4.50e-12	1.53e-07	1.94e-04	1.58e-02	9.84e-01	0.00e+00	0.00e+00
 8.95423e+14	2.28e-17	5.34e-12	1.76e-07	2.13e-04	1.66e-02	9.83e-01	0.00e+00	0.00e+00
 9.16633e+14	2.77e-17	6.32e-12	2.03e-07	2.33e-04	1.75e-02	9.82e-01	0.00e+00	0.00e+00
 9.44205e+14	3.48e-17	7.73e-12	2.42e-07	2.63e-04	1.87e-02	9.81e-01	0.00e+00	0.00e+00
 9.74458e+14	4.66e-17	9.85e-12	2.93e-07	2.98e-04	2.01e-02	9.80e-01	0.00e+00	0.00e+00
 1.00208e+15	5.90e-17	1.21e-11	3.47e-07	3.33e-04	2.13e-02	9.78e-01	0.00e+00	0.00e+00
 1.03188e+15	7.44e-17	1.48e-11	4.13e-07	3.74e-04	2.27e-02	9.77e-01	0.00e+00	0.00e+00
 1.06971e+15	1.03e-16	1.94e-11	5.14e-07	4.32e-04	2.46e-02	9.75e-01	0.00e+00	0.00e+00
 1.10770e+15	1.37e-16	2.49e-11	6.34e-07	4.96e-04	2.65e-02	9.73e-01	0.00e+00	0.00e+00
 1.13953e+15	1.91e-16	3.07e-11	7.53e-07	5.56e-04	2.82e-02	9.71e-01	0.00e+00	0.00e+00
 1.17364e+15	2.48e-16	3.82e-11	9.00e-07	6.25e-04	3.01e-02	9.69e-01	0.00e+00	0.00e+00
 1.21680e+15	3.50e-16	5.06e-11	1.12e-06	7.22e-04	3.25e-02	9.67e-01	0.00e+00	0.00e+00
 1.26209e+15	4.73e-16	6.56e-11	1.40e-06	8.34e-04	3.52e-02	9.64e-01	0.00e+00	0.00e+00
 1.30272e+15	6.31e-16	8.34e-11	1.69e-06	9.46e-04	3.76e-02	9.61e-01	0.00e+00	0.00e+00
 1.34691e+15	8.53e-16	1.07e-10	2.08e-06	1.08e-03	4.04e-02	9.58e-01	0.00e+00	0.00e+00
 1.39934e+15	1.26e-15	1.46e-10	2.62e-06	1.26e-03	4.39e-02	9.55e-01	0.00e+00	0.00e+00
 1.45094e+15	1.73e-15	1.91e-10	3.26e-06	1.45e-03	4.74e-02	9.51e-01	0.00e+00	0.00e+00
 1.49788e+15	2.33e-15	2.44e-10	3.96e-06	1.65e-03	5.07e-02	9.48e-01	0.00e+00	0.00e+00
 1.55031e+15	3.11e-15	3.12e-10	4.88e-06	1.89e-03	5.44e-02	9.44e-01	0.00e+00	0.00e+00
 1.61157e+15	4.59e-15	4.27e-10	6.18e-06	2.20e-03	5.91e-02	9.39e-01	0.00e+00	0.00e+00
 1.67196e+15	6.49e-15	5.67e-10	7.73e-06	2.55e-03	6.37e-02	9.34e-01	0.00e+00	0.00e+00
 1.72908e+15	8.91e-15	7.35e-10	9.48e-06	2.91e-03	6.83e-02	9.29e-01	0.00e+00	0.00e+00
 1.79258e+15	1.21e-14	9.55e-10	1.18e-05	3.35e-03	7.35e-02	9.23e-01	0.00e+00	0.00e+00
 1.86431e+15	1.83e-14	1.32e-09	1.50e-05	3.91e-03	7.98e-02	9.16e-01	0.00e+00	0.00e+00
 1.92452e+15	2.48e-14	1.69e-09	1.82e-05	4.43e-03	8.50e-02	9.11e-01	0.00e+00	0.00e+00
 1.96788e+15	3.07e-14	2.01e-09	2.08e-05	4.83e-03	8.89e-02	9.06e-01	0.00e+00	0.00e+00
 2.01324e+15	3.81e-14	2.40e-09	2.39e-05	5.28e-03	9.30e-02	9.02e-01	0.00e+00	0.00e+00
 2.07221e+15	4.84e-14	2.95e-09	2.84e-05	5.91e-03	9.84e-02	8.96e-01	0.00e+00	0.00e+00
 2.13804e+15	6.78e-14	3.84e-09	3.43e-05	6.68e-03	1.05e-01	8.88e-01	0.00e+00	0.00e+00
 2.19958e+15	8.58e-14	4.70e-09	4.07e-05	7.45e-03	1.11e-01	8.82e-01	0.00e+00	0.00e+00
 2.26634e+15	1.18e-13	6.04e-09	4.88e-05	8.38e-03	1.17e-01	8.74e-01	0.00e+00	0.00e+00
 2.34103e+15	1.62e-13	7.78e-09	5.93e-05	9.49e-03	1.25e-01	8.66e-01	0.00e+00	0.00e+00
 2.41181e+15	2.07e-13	9.63e-09	7.07e-05	1.06e-02	1.32e-01	8.57e-01	0.00e+00	0.00e+00
 2.48963e+15	2.80e-13	1.23e-08	8.55e-05	1.20e-02	1.40e-01	8.48e-01	0.00e+00	0.00e+00
 2.57682e+15	4.07e-13	1.65e-08	1.05e-04	1.37e-02	1.50e-01	8.36e-01	0.00e+00	0.00e+00
 2.65921e+15	5.50e-13	2.10e-08	1.27e-04	1.55e-02	1.58e-01	8.26e-01	0.00e+00	0.00e+00
 2.74933e+15	7.51e-13	2.71e-08	1.55e-04	1.75e-02	1.68e-01	8.14e-01	0.00e+00	0.00e+00
 2.84935e+15	1.02e-12	3.51e-08	1.91e-04	2.00e-02	1.79e-01	8.01e-01	0.00e+00	0.00e+00
 2.94238e+15	1.46e-12	4.62e-08	2.32e-04	2.26e-02	1.90e-01	7.87e-01	0.00e+00	0.00e+00
 3.04345e+15	2.02e-12	6.01e-08	2.83e-04	2.57e-02	2.01e-01	7.73e-01	0.00e+00	0.00e+00
 3.15554e+15	2.72e-12	7.76e-08	3.48e-04	2.93e-02	2.14e-01	7.57e-01	0.00e+00	0.00e+00
 3.26039e+15	3.73e-12	1.00e-07	4.22e-04	3.30e-02	2.25e-01	7.41e-01	0.00e+00	0.00e+00
 3.37514e+15	5.44e-12	1.34e-07	5.18e-04	3.75e-02	2.39e-01	7.23e-01	0.00e+00	0.00e+00
 3.50165e+15	7.62e-12	1.77e-07	6.40e-04	4.28e-02	2.53e-01	7.04e-01	0.00e+00	0.00e+00
 3.61562e+15	1.00e-11	2.22e-07	7.69e-04	4.79e-02	2.65e-01	6.86e-01	0.00e+00	0.00e+00
 3.72000e+15	1.32e-11	2.77e-07	9.06e-04	5.30e-02	2.77e-01	6.69e-01	0.00e+00	0.00e+00
 3.83972e+15	1.86e-11	3.61e-07	1.09e-03	5.93e-02	2.90e-01	6.50e-01	0.00e+00	0.00e+00
 3.97388e+15	2.53e-11	4.66e-07	1.32e-03	6.68e-02	3.04e-01	6.28e-01	0.00e+00	0.00e+00
 4.10233e+15	3.32e-11	5.84e-07	1.58e-03	7.44e-02	3.17e-01	6.07e-01	0.00e+00	0.00e+00
 4.21749e+15	4.32e-11	7.22e-07	1.85e-03	8.17e-02	3.28e-01	5.88e-01	0.00e+00	0.00e+00
 4.32149e+15	5.45e-11	8.71e-07	2.13e-03	8.86e-02	3.38e-01	5.71e-01	0.00e+00	0.00e+00
 4.43832e+15	6.99e-11	1.06e-06	2.47e-03	9.68e-02	3.49e-01	5.52e-01	0.00e+00	0.00e+00
 4.56980e+15	9.16e-11	1.32e-06	2.90e-03	1.06e-01	3.60e-01	5.30e-01	0.00e+00	0.00e+00
 4.69589e+15	1.18e-10	1.63e-06	3.38e-03	1.16e-01	3.71e-01	5.10e-01	0.00e+00	0.00e+00
 4.83536e+15	1.62e-10	2.08e-06	3.99e-03	1.28e-01	3.82e-01	4.86e-01	0.00e+00	0.00e+00
 4.98087e+15	2.11e-10	2.57e-06	4.68e-03	1.40e-01	3.92e-01	4.64e-01	0.00e+00	0.00e+00
 5.11183e+15	2.62e-10	3.08e-06	5.39e-03	1.51e-01	4.00e-01	4.43e-01	0.00e+00	0.00e+00
 5.25968e+15	3.40e-10	3.80e-06	6.29e-03	1.65e-01	4.09e-01	4.20e-01	0.00e+00	0.00e+00
 5.42225e+15	4.72e-10	4.89e-06	7.45e-03	1.81e-01	4.17e-01	3.94e-01	0.00e+00	0.00e+00
 5.56991e+15	6.04e-10	5.96e-06	8.60e-03	1.95e-01	4.24e-01	3.73e-01	0.00e+00	0.00e+00
 5.72785e+15	7.79e-10	7.30e-06	9.98e-03	2.11e-01	4.29e-01	3.50e-01	0.00e+00	0.00e+00
 5.90361e+15	9.98e-10	8.96e-06	1.17e-02	2.29e-01	4.33e-01	3.26e-01	0.00e+00	0.00e+00
 6.06824e+15	1.35e-09	1.13e-05	1.36e-02	2.47e-01	4.37e-01	3.03e-01	0.00e+00	0.00e+00
 6.21643e+15	1.69e-09	1.35e-05	1.54e-02	2.63e-01	4.38e-01	2.84e-01	0.00e+00	0.00e+00
 6.37752e+15	2.14e-09	1.63e-05	1.77e-02	2.81e-01	4.38e-01	2.63e-01	0.00e+00	0.00e+00
 6.55794e+15	2.69e-09	1.97e-05	2.04e-02	3.01e-01	4.37e-01	2.42e-01	0.00e+00	0.00e+00
 6.72792e+15	3.62e-09	2.46e-05	2.35e-02	3.20e-01	4.34e-01	2.22e-01	0.00e+00	0.00e+00
 6.87986e+15	4.47e-09	2.91e-05	2.64e-02	3.37e-01	4.31e-01	2.06e-01	0.00e+00	0.00e+00
 7.04388e+15	5.59e-09	3.47e-05	2.99e-02	3.56e-01	4.25e-01	1.89e-01	0.00e+00	0.00e+00
 7.22689e+15	6.94e-09	4.13e-05	3.41e-02	3.76e-01	4.18e-01	1.71e-01	0.00e+00	0.00e+00
 7.39863e+15	9.29e-09	5.13e-05	3.88e-02	3.96e-01	4.10e-01	1.55e-01	0.00e+00	0.00e+00
 7.53446e+15	1.11e-08	5.89e-05	4.27e-02	4.11e-01	4.03e-01	1.43e-01	0.00e+00	0.00e+00
 7.65955e+15	1.32e-08	6.75e-05	4.68e-02	4.25e-01	3.96e-01	1.32e-01	0.00e+00	0.00e+00
 7.82217e+15	1.63e-08	7.97e-05	5.24e-02	4.42e-01	3.85e-01	1.20e-01	0.00e+00	0.00e+00
 8.00551e+15	2.13e-08	9.75e-05	5.96e-02	4.62e-01	3.72e-01	1.06e-01	0.00e+00	0.00e+00
 8.17450e+15	2.54e-08	1.13e-04	6.65e-02	4.78e-01	3.60e-01	9.53e-02	0.00e+00	0.00e+00
 8.32527e+15	3.30e-08	1.36e-04	7.41e-02	4.94e-01	3.47e-01	8.51e-02	0.00e+00	0.00e+00
 8.46835e+15	4.03e-08	1.59e-04	8.16e-02	5.07e-01	3.35e-01	7.65e-02	0.00e+00	0.00e+00
 8.60241e+15	4.87e-08	1.83e-04	8.93e-02	5.19e-01	3.23e-01	6.90e-02	0.00e+00	0.00e+00
 8.72927e+15	5.83e-08	2.10e-04	9.73e-02	5.30e-01	3.11e-01	6.24e-02	0.00e+00	0.00e+00
 8.87339e+15	6.80e-08	2.38e-04	1.07e-01	5.41e-01	2.96e-01	5.57e-02	0.00e+00	0.00e+00
 9.06075e+15	9.69e-08	3.07e-04	1.22e-01	5.55e-01	2.76e-01	4.65e-02	0.00e+00	0.00e+00
 9.23790e+15	1.15e-07	3.54e-04	1.36e-01	5.65e-01	2.58e-01	4.00e-02	0.00e+00	0.00e+00
 9.37009e+15	1.43e-07	4.15e-04	1.49e-01	5.72e-01	2.43e-01	3.50e-02	0.00e+00	0.00e+00
 9.49181e+15	1.83e-07	4.96e-04	1.63e-01	5.77e-01	2.29e-01	3.04e-02	0.00e+00	0.00e+00
 9.60564e+15	2.20e-07	5.68e-04	1.76e-01	5.81e-01	2.15e-01	2.67e-02	0.00e+00	0.00e+00
 9.70916e+15	2.63e-07	6.47e-04	1.89e-01	5.83e-01	2.03e-01	2.36e-02	0.00e+00	0.00e+00
 9.82524e+15	3.31e-07	7.63e-04	2.06e-01	5.85e-01	1.88e-01	2.01e-02	0.00e+00	0.00e+00
 9.93837e+15	3.74e-07	8.43e-04	2.21e-01	5.85e-01	1.75e-01	1.75e-02	0.00e+00	0.00e+00
 1.00477e+16	4.58e-07	9.78e-04	2.39e-01	5.83e-01	1.61e-01	1.49e-02	0.00e+00	0.00e+00
 1.01581e+16	5.64e-07	1.14e-03	2.59e-01	5.80e-01	1.48e-01	1.25e-02	0.00e+00	0.00e+00
 1.02437e+16	6.77e-07	1.30e-03	2.75e-01	5.76e-01	1.37e-01	1.08e-02	0.00e+00	0.00e+00
 1.03051e+16	8.16e-07	1.47e-03	2.88e-01	5.72e-01	1.28e-01	9.50e-03	0.00e+00	0.00e+00
 1.03471e+16	8.86e-07	1.56e-03	2.97e-01	5.70e-01	1.23e-01	8.78e-03	0.00e+00	0.00e+00
 1.03874e+16	9.61e-07	1.66e-03	3.05e-01	5.67e-01	1.18e-01	8.11e-03	0.00e+00	0.00e+00
 1.04398e+16	1.04e-06	1.76e-03	3.16e-01	5.63e-01	1.12e-01	7.31e-03	0.00e+00	0.00e+00
 1.05079e+16	1.25e-06	2.01e-03	3.32e-01	5.57e-01	1.03e-01	6.24e-03	0.00e+00	0.00e+00
 1.05716e+16	1.44e-06	2.22e-03	3.47e-01	5.50e-01	9.49e-02	5.40e-03	0.00e+00	0.00e+00
 1.06176e+16	1.56e-06	2.35e-03	3.58e-01	5.46e-01	8.95e-02	4.86e-03	0.00e+00	0.00e+00
 1.06653e+16	1.75e-06	2.54e-03	3.70e-01	5.40e-01	8.36e-02	4.29e-03	0.00e+00	0.00e+00
 1.07274e+16	2.10e-06	2.89e-03	3.87e-01	5.31e-01	7.59e-02	3.57e-03	0.00e+00	0.00e+00
 1.07849e+16	2.32e-06	3.11e-03	4.01e-01	5.24e-01	6.96e-02	3.07e-03	0.00e+00	0.00e+00
 1.08366e+16	2.65e-06	3.42e-03	4.15e-01	5.16e-01	6.36e-02	2.60e-03	0.00e+00	0.00e+00
 1.08907e+16	3.04e-06	3.76e-03	4.29e-01	5.07e-01	5.77e-02	2.18e-03	0.00e+00	0.00e+00
 1.09367e+16	3.44e-06	4.09e-03	4.42e-01	4.99e-01	5.29e-02	1.86e-03	0.00e+00	0.00e+00
 1.09780e+16	3.84e-06	4.42e-03	4.53e-01	4.92e-01	4.87e-02	1.60e-03	0.00e+00	0.00e+00
 1.10246e+16	4.49e-06	4.92e-03	4.67e-01	4.83e-01	4.39e-02	1.32e-03	0.00e+00	0.00e+00
 1.10723e+16	5.05e-06	5.34e-03	4.80e-01	4.74e-01	3.96e-02	1.10e-03	0.00e+00	0.00e+00
 1.11214e+16	5.80e-06	5.87e-03	4.94e-01	4.64e-01	3.52e-02	8.85e-04	0.00e+00	0.00e+00
 1.11740e+16	6.65e-06	6.45e-03	5.08e-01	4.54e-01	3.10e-02	7.03e-04	0.00e+00	0.00e+00
 1.12213e+16	7.51e-06	7.01e-03	5.20e-01	4.45e-01	2.75e-02	5.67e-04	0.00e+00	0.00e+00
 1.12729e+16	8.65e-06	7.72e-03	5.34e-01	4.34e-01	2.39e-02	4.39e-04	0.00e+00	0.00e+00
 1.13294e+16	1.00e-05	8.53e-03	5.48e-01	4.22e-01	2.04e-02	3.31e-04	0.00e+00	0.00e+00
 1.13822e+16	1.14e-05	9.34e-03	5.61e-01	4.11e-01	1.76e-02	2.52e-04	0.00e+00	0.00e+00
 1.14408e+16	1.33e-05	1.04e-02	5.76e-01	3.99e-01	1.47e-02	1.83e-04	0.00e+00	0.00e+00
 1.15066e+16	1.57e-05	1.15e-02	5.90e-01	3.86e-01	1.21e-02	1.27e-04	0.00e+00	0.00e+00
 1.15586e+16	1.77e-05	1.25e-02	6.01e-01	3.76e-01	1.03e-02	9.65e-05	0.00e+00	0.00e+00
 1.15942e+16	1.93e-05	1.33e-02	6.09e-01	3.69e-01	9.25e-03	7.89e-05	0.00e+00	0.00e+00
 1.16315e+16	2.12e-05	1.41e-02	6.17e-01	3.61e-01	8.20e-03	6.34e-05	0.00e+00	0.00e+00
 1.16801e+16	2.38e-05	1.53e-02	6.27e-01	3.51e-01	7.00e-03	4.75e-05	0.00e+00	0.00e+00
 1.17341e+16	2.70e-05	1.66e-02	6.37e-01	3.40e-01	5.90e-03	3.48e-05	0.00e+00	0.00e+00
 1.17851e+16	3.04e-05	1.79e-02	6.46e-01	3.31e-01	5.02e-03	2.59e-05	0.00e+00	0.00e+00
 1.18413e+16	3.46e-05	1.95e-02	6.57e-01	3.19e-01	4.18e-03	1.85e-05	0.00e+00	0.00e+00
 1.19031e+16	3.98e-05	2.14e-02	6.68e-01	3.08e-01	3.43e-03	1.29e-05	0.00e+00	0.00e+00
 1.19584e+16	4.51e-05	2.33e-02	6.77e-01	2.97e-01	2.89e-03	9.40e-06	0.00e+00	0.00e+00
 1.20077e+16	5.04e-05	2.50e-02	6.85e-01	2.88e-01	2.47e-03	7.07e-06	0.00e+00	0.00e+00
 1.20631e+16	5.73e-05	2.72e-02	6.94e-01	2.77e-01	2.06e-03	5.07e-06	0.00e+00	0.00e+00
 1.21243e+16	6.58e-05	2.98e-02	7.03e-01	2.65e-01	1.70e-03	3.56e-06	0.00e+00	0.00e+00
 1.21799e+16	7.50e-05	3.24e-02	7.12e-01	2.54e-01	1.42e-03	2.58e-06	0.00e+00	0.00e+00
 1.22297e+16	8.43e-05	3.50e-02	7.19e-01	2.45e-01	1.21e-03	1.93e-06	0.00e+00	0.00e+00
 1.22854e+16	9.62e-05	3.81e-02	7.27e-01	2.34e-01	1.01e-03	1.38e-06	0.00e+00	0.00e+00
 1.23462e+16	1.11e-04	4.19e-02	7.35e-01	2.22e-01	8.33e-04	9.75e-07	0.00e+00	0.00e+00
 1.24000e+16	1.27e-04	4.57e-02	7.42e-01	2.12e-01	7.00e-04	0.00e+00	0.00e+00	0.00e+00
 1.24475e+16	1.43e-04	4.93e-02	7.47e-01	2.03e-01	6.00e-04	0.00e+00	0.00e+00	0.00e+00
 1.25004e+16	1.63e-04	5.37e-02	7.53e-01	1.93e-01	5.02e-04	0.00e+00	0.00e+00	0.00e+00
 1.25578e+16	1.89e-04	5.92e-02	7.59e-01	1.81e-01	4.14e-04	0.00e+00	0.00e+00	0.00e+00
 1.26086e+16	2.16e-04	6.45e-02	7.63e-01	1.72e-01	3.49e-04	0.00e+00	0.00e+00	0.00e+00
 1.26536e+16	2.43e-04	6.98e-02	7.66e-01	1.63e-01	2.99e-04	0.00e+00	0.00e+00	0.00e+00
 1.27039e+16	2.79e-04	7.62e-02	7.70e-01	1.54e-01	2.50e-04	0.00e+00	0.00e+00	0.00e+00
 1.27584e+16	3.25e-04	8.41e-02	7.72e-01	1.43e-01	2.05e-04	0.00e+00	0.00e+00	0.00e+00
 1.28063e+16	3.72e-04	9.18e-02	7.73e-01	1.34e-01	1.73e-04	0.00e+00	0.00e+00	0.00e+00
 1.28487e+16	4.21e-04	9.94e-02	7.73e-01	1.27e-01	1.48e-04	0.00e+00	0.00e+00	0.00e+00
 1.28961e+16	4.84e-04	1.09e-01	7.73e-01	1.18e-01	1.23e-04	0.00e+00	0.00e+00	0.00e+00
 1.29476e+16	5.66e-04	1.20e-01	7.70e-01	1.09e-01	1.00e-04	0.00e+00	0.00e+00	0.00e+00
 1.29931e+16	6.53e-04	1.31e-01	7.67e-01	1.01e-01	8.36e-05	0.00e+00	0.00e+00	0.00e+00
 1.30337e+16	7.42e-04	1.43e-01	7.63e-01	9.37e-02	7.06e-05	0.00e+00	0.00e+00	0.00e+00
 1.30793e+16	8.61e-04	1.57e-01	7.56e-01	8.59e-02	5.78e-05	0.00e+00	0.00e+00	0.00e+00
 1.31291e+16	1.02e-03	1.74e-01	7.47e-01	7.77e-02	4.64e-05	0.00e+00	0.00e+00	0.00e+00
 1.31733e+16	1.18e-03	1.91e-01	7.37e-01	7.06e-02	3.78e-05	0.00e+00	0.00e+00	0.00e+00
 1.32126e+16	1.35e-03	2.08e-01	7.26e-01	6.43e-02	3.13e-05	0.00e+00	0.00e+00	0.00e+00
 1.32565e+16	1.58e-03	2.29e-01	7.12e-01	5.76e-02	2.50e-05	0.00e+00	0.00e+00	0.00e+00
 1.33051e+16	1.89e-03	2.55e-01	6.92e-01	5.05e-02	1.94e-05	0.00e+00	0.00e+00	0.00e+00
 1.33493e+16	2.24e-03	2.82e-01	6.71e-01	4.43e-02	1.51e-05	0.00e+00	0.00e+00	0.00e+00
 1.33896e+16	2.62e-03	3.09e-01	6.49e-01	3.90e-02	1.19e-05	0.00e+00	0.00e+00	0.00e+00
 1.34351e+16	3.13e-03	3.43e-01	6.21e-01	3.32e-02	8.96e-06	0.00e+00	0.00e+00	0.00e+00
 1.34853e+16	3.83e-03	3.85e-01	5.84e-01	2.73e-02	6.39e-06	0.00e+00	0.00e+00	0.00e+00
 1.35301e+16	4.62e-03	4.27e-01	5.46e-01	2.24e-02	4.60e-06	0.00e+00	0.00e+00	0.00e+00
 1.35682e+16	5.43e-03	4.65e-01	5.11e-01	1.86e-02	3.41e-06	0.00e+00	0.00e+00	0.00e+00
 1.36095e+16	6.47e-03	5.10e-01	4.69e-01	1.49e-02	2.39e-06	0.00e+00	0.00e+00	0.00e+00
 1.36542e+16	7.87e-03	5.61e-01	4.19e-01	1.14e-02	1.57e-06	0.00e+00	0.00e+00	0.00e+00
 1.36929e+16	9.38e-03	6.08e-01	3.73e-01	8.72e-03	1.05e-06	0.00e+00	0.00e+00	0.00e+00
 1.37229e+16	1.07e-02	6.46e-01	3.37e-01	6.94e-03	7.52e-07	0.00e+00	0.00e+00	0.00e+00
 1.37475e+16	1.21e-02	6.76e-01	3.06e-01	5.66e-03	0.00e+00	0.00e+00	0.00e+00	0.00e+00
 1.37747e+16	1.37e-02	7.09e-01	2.72e-01	4.43e-03	0.00e+00	0.00e+00	0.00e+00	0.00e+00
 1.38046e+16	1.57e-02	7.45e-01	2.36e-01	3.30e-03	0.00e+00	0.00e+00	0.00e+00	0.00e+00
 1.38307e+16	1.79e-02	7.75e-01	2.04e-01	2.49e-03	0.00e+00	0.00e+00	0.00e+00	0.00e+00
 1.38525e+16	1.98e-02	7.99e-01	1.80e-01	1.93e-03	0.00e+00	0.00e+00	0.00e+00	0.00e+00
 1.38760e+16	2.23e-02	8.22e-01	1.54e-01	1.44e-03	0.00e+00	0.00e+00	0.00e+00	0.00e+00
 1.39016e+16	2.53e-02	8.45e-01	1.28e-01	1.02e-03	0.00e+00	0.00e+00	0.00e+00	0.00e+00
 1.39239e+16	2.84e-02	8.63e-01	1.08e-01	7.35e-04	0.00e+00	0.00e+00	0.00e+00	0.00e+00
 1.39427e+16	3.14e-02	8.76e-01	9.17e-02	5.47e-04	0.00e+00	0.00e+00	0.00e+00	0.00e+00
 1.39629e+16	3.49e-02	8.88e-01	7.64e-02	3.90e-04	0.00e+00	0.00e+00	0.00e+00	0.00e+00
 1.39853e+16	3.94e-02	8.99e-01	6.14e-02	2.63e-04	0.00e+00	0.00e+00	0.00e+00	0.00e+00
 1.40052e+16	4.41e-02	9.06e-01	4.97e-02	1.80e-04	0.00e+00	0.00e+00	0.00e+00	0.00e+00
 1.40223e+16	4.86e-02	9.10e-01	4.11e-02	1.27e-04	0.00e+00	0.00e+00	0.00e+00	0.00e+00
 1.40408e+16	5.42e-02	9.13e-01	3.30e-02	8.60e-05	0.00e+00	0.00e+00	0.00e+00	0.00e+00
 1.40611e+16	6.12e-02	9.13e-01	2.56e-02	5.47e-05	0.00e+00	0.00e+00	0.00e+00	0.00e+00
 1.40789e+16	6.83e-02	9.11e-01	2.01e-02	3.58e-05	0.00e+00	0.00e+00	0.00e+00	0.00e+00
 1.40938e+16	7.50e-02	9.09e-01	1.63e-02	2.47e-05	0.00e+00	0.00e+00	0.00e+00	0.00e+00
 1.41089e+16	8.25e-02	9.04e-01	1.31e-02	1.67e-05	0.00e+00	0.00e+00	0.00e+00	0.00e+00
 1.41248e+16	9.10e-02	8.99e-01	1.03e-02	1.09e-05	0.00e+00	0.00e+00	0.00e+00	0.00e+00
 1.41394e+16	1.00e-01	8.92e-01	8.13e-03	7.20e-06	0.00e+00	0.00e+00	0.00e+00	0.00e+00
 1.41522e+16	1.09e-01	8.84e-01	6.57e-03	4.94e-06	0.00e+00	0.00e+00	0.00e+00	0.00e+00
 1.41638e+16	1.17e-01	8.77e-01	5.40e-03	3.49e-06	0.00e+00	0.00e+00	0.00e+00	0.00e+00
 1.41744e+16	1.26e-01	8.70e-01	4.49e-03	2.52e-06	0.00e+00	0.00e+00	0.00e+00	0.00e+00
 1.41843e+16	1.34e-01	8.62e-01	3.76e-03	1.85e-06	0.00e+00	0.00e+00	0.00e+00	0.00e+00
 1.41920e+16	1.40e-01	8.56e-01	3.28e-03	1.45e-06	0.00e+00	0.00e+00	0.00e+00	0.00e+00
 1.41970e+16	1.45e-01	8.52e-01	2.99e-03	1.24e-06	0.00e+00	0.00e+00	0.00e+00	0.00e+00
 1.42014e+16	1.49e-01	8.48e-01	2.75e-03	1.07e-06	0.00e+00	0.00e+00	0.00e+00	0.00e+00
 1.42066e+16	1.54e-01	8.44e-01	2.49e-03	8.94e-07	0.00e+00	0.00e+00	0.00e+00	0.00e+00
 1.42123e+16	1.60e-01	8.38e-01	2.23e-03	0.00e+00	0.00e+00	0.00e+00	0.00e+00	0.00e+00
 1.42179e+16	1.65e-01	8.33e-01	2.01e-03	0.00e+00	0.00e+00	0.00e+00	0.00e+00	0.00e+00
 1.42231e+16	1.71e-01	8.28e-01	1.81e-03	0.00e+00	0.00e+00	0.00e+00	0.00e+00	0.00e+00
 1.42282e+16	1.76e-01	8.22e-01	1.64e-03	0.00e+00	0.00e+00	0.00e+00	0.00e+00	0.00e+00
 1.42333e+16	1.82e-01	8.17e-01	1.48e-03	0.00e+00	0.00e+00	0.00e+00	0.00e+00	0.00e+00
 1.42385e+16	1.88e-01	8.11e-01	1.33e-03	0.00e+00	0.00e+00	0.00e+00	0.00e+00	0.00e+00
 1.42436e+16	1.94e-01	8.05e-01	1.20e-03	0.00e+00	0.00e+00	0.00e+00	0.00e+00	0.00e+00
 1.42486e+16	2.00e-01	7.99e-01	1.08e-03	0.00e+00	0.00e+00	0.00e+00	0.00e+00	0.00e+00
 1.42536e+16	2.06e-01	7.93e-01	9.71e-04	0.00e+00	0.00e+00	0.00e+00	0.00e+00	0.00e+00
 1.42585e+16	2.12e-01	7.87e-01	8.75e-04	0.00e+00	0.00e+00	0.00e+00	0.00e+00	0.00e+00
 1.42633e+16	2.18e-01	7.81e-01	7.88e-04	0.00e+00	0.00e+00	0.00e+00	0.00e+00	0.00e+00
 1.42682e+16	2.25e-01	7.74e-01	7.09e-04	0.00e+00	0.00e+00	0.00e+00	0.00e+00	0.00e+00
 1.42730e+16	2.32e-01	7.68e-01	6.38e-04	0.00e+00	0.00e+00	0.00e+00	0.00e+00	0.00e+00
 1.42778e+16	2.39e-01	7.61e-01	5.73e-04	0.00e+00	0.00e+00	0.00e+00	0.00e+00	0.00e+00
 1.42825e+16	2.46e-01	7.54e-01	5.15e-04	0.00e+00	0.00e+00	0.00e+00	0.00e+00	0.00e+00
 1.42872e+16	2.53e-01	7.46e-01	4.63e-04	0.00e+00	0.00e+00	0.00e+00	0.00e+00	0.00e+00
 1.42919e+16	2.61e-01	7.39e-01	4.15e-04	0.00e+00	0.00e+00	0.00e+00	0.00e+00	0.00e+00
 1.42965e+16	2.68e-01	7.31e-01	3.73e-04	0.00e+00	0.00e+00	0.00e+00	0.00e+00	0.00e+00
 1.43010e+16	2.76e-01	7.24e-01	3.35e-04	0.00e+00	0.00e+00	0.00e+00	0.00e+00	0.00e+00
 1.43056e+16	2.85e-01	7.15e-01	3.00e-04	0.00e+00	0.00e+00	0.00e+00	0.00e+00	0.00e+00
 1.43101e+16	2.93e-01	7.07e-01	2.69e-04	0.00e+00	0.00e+00	0.00e+00	0.00e+00	0.00e+00
 1.43145e+16	3.02e-01	6.98e-01	2.41e-04	0.00e+00	0.00e+00	0.00e+00	0.00e+00	0.00e+00
 1.43189e+16	3.11e-01	6.89e-01	2.16e-04	0.00e+00	0.00e+00	0.00e+00	0.00e+00	0.00e+00
 1.43233e+16	3.20e-01	6.80e-01	1.93e-04	0.00e+00	0.00e+00	0.00e+00	0.00e+00	0.00e+00
 1.43278e+16	3.30e-01	6.70e-01	1.72e-04	0.00e+00	0.00e+00	0.00e+00	0.00e+00	0.00e+00
 1.43321e+16	3.40e-01	6.60e-01	1.54e-04	0.00e+00	0.00e+00	0.00e+00	0.00e+00	0.00e+00
 1.43364e+16	3.51e-01	6.49e-01	1.37e-04	0.00e+00	0.00e+00	0.00e+00	0.00e+00	0.00e+00
 1.43406e+16	3.62e-01	6.38e-01	1.23e-04	0.00e+00	0.00e+00	0.00e+00	0.00e+00	0.00e+00
 1.43447e+16	3.73e-01	6.27e-01	1.10e-04	0.00e+00	0.00e+00	0.00e+00	0.00e+00	0.00e+00
 1.43488e+16	3.86e-01	6.14e-01	9.79e-05	0.00e+00	0.00e+00	0.00e+00	0.00e+00	0.00e+00
 1.43528e+16	3.98e-01	6.02e-01	8.76e-05	0.00e+00	0.00e+00	0.00e+00	0.00e+00	0.00e+00
 1.43568e+16	4.10e-01	5.89e-01	7.83e-05	0.00e+00	0.00e+00	0.00e+00	0.00e+00	0.00e+00
 1.43607e+16	4.23e-01	5.77e-01	7.00e-05	0.00e+00	0.00e+00	0.00e+00	0.00e+00	0.00e+00
 1.43646e+16	4.38e-01	5.62e-01	6.23e-05	0.00e+00	0.00e+00	0.00e+00	0.00e+00	0.00e+00
 1.43685e+16	4.52e-01	5.48e-01	5.57e-05	0.00e+00	0.00e+00	0.00e+00	0.00e+00	0.00e+00
 1.43723e+16	4.67e-01	5.33e-01	4.96e-05	0.00e+00	0.00e+00	0.00e+00	0.00e+00	0.00e+00
 1.43761e+16	4.82e-01	5.18e-01	4.42e-05	0.00e+00	0.00e+00	0.00e+00	0.00e+00	0.00e+00
 1.43799e+16	4.99e-01	5.01e-01	3.93e-05	0.00e+00	0.00e+00	0.00e+00	0.00e+00	0.00e+00
 1.43837e+16	5.15e-01	4.85e-01	3.49e-05	0.00e+00	0.00e+00	0.00e+00	0.00e+00	0.00e+00
 1.43874e+16	5.33e-01	4.67e-01	3.09e-05	0.00e+00	0.00e+00	0.00e+00	0.00e+00	0.00e+00
 1.43912e+16	5.54e-01	4.46e-01	2.72e-05	0.00e+00	0.00e+00	0.00e+00	0.00e+00	0.00e+00
 1.43950e+16	5.73e-01	4.27e-01	2.40e-05	0.00e+00	0.00e+00	0.00e+00	0.00e+00	0.00e+00
 1.43987e+16	5.92e-01	4.08e-01	2.12e-05	0.00e+00	0.00e+00	0.00e+00	0.00e+00	0.00e+00
 1.44025e+16	6.12e-01	3.88e-01	1.86e-05	0.00e+00	0.00e+00	0.00e+00	0.00e+00	0.00e+00
 1.44064e+16	6.33e-01	3.67e-01	1.63e-05	0.00e+00	0.00e+00	0.00e+00	0.00e+00	0.00e+00
 1.44103e+16	6.54e-01	3.46e-01	1.42e-05	0.00e+00	0.00e+00	0.00e+00	0.00e+00	0.00e+00
 1.44143e+16	6.75e-01	3.25e-01	1.24e-05	0.00e+00	0.00e+00	0.00e+00	0.00e+00	0.00e+00
 1.44179e+16	6.95e-01	3.05e-01	1.09e-05	0.00e+00	0.00e+00	0.00e+00	0.00e+00	0.00e+00
 1.44210e+16	7.10e-01	2.90e-01	9.83e-06	0.00e+00	0.00e+00	0.00e+00	0.00e+00	0.00e+00
 1.44238e+16	7.25e-01	2.75e-01	8.90e-06	0.00e+00	0.00e+00	0.00e+00	0.00e+00	0.00e+00
 1.44267e+16	7.39e-01	2.61e-01	8.05e-06	0.00e+00	0.00e+00	0.00e+00	0.00e+00	0.00e+00
 1.44298e+16	7.55e-01	2.45e-01	7.19e-06	0.00e+00	0.00e+00	0.00e+00	0.00e+00	0.00e+00
 1.44328e+16	7.68e-01	2.32e-01	6.51e-06	0.00e+00	0.00e+00	0.00e+00	0.00e+00	0.00e+00
 1.44356e+16	7.81e-01	2.19e-01	5.89e-06	0.00e+00	0.00e+00	0.00e+00	0.00e+00	0.00e+00
 1.44385e+16	7.94e-01	2.06e-01	5.32e-06	0.00e+00	0.00e+00	0.00e+00	0.00e+00	0.00e+00
 1.44414e+16	8.06e-01	1.94e-01	4.82e-06	0.00e+00	0.00e+00	0.00e+00	0.00e+00	0.00e+00
 1.44442e+16	8.17e-01	1.83e-01	4.37e-06	0.00e+00	0.00e+00	0.00e+00	0.00e+00	0.00e+00
 1.44471e+16	8.28e-01	1.72e-01	3.97e-06	0.00e+00	0.00e+00	0.00e+00	0.00e+00	0.00e+00
 1.44499e+16	8.38e-01	1.62e-01	3.62e-06	0.00e+00	0.00e+00	0.00e+00	0.00e+00	0.00e+00
 1.44528e+16	8.48e-01	1.52e-01	3.29e-06	0.00e+00	0.00e+00	0.00e+00	0.00e+00	0.00e+00
 1.44557e+16	8.57e-01	1.43e-01	3.00e-06	0.00e+00	0.00e+00	0.00e+00	0.00e+00	0.00e+00
 1.44586e+16	8.65e-01	1.35e-01	2.74e-06	0.00e+00	0.00e+00	0.00e+00	0.00e+00	0.00e+00
 1.44615e+16	8.74e-01	1.26e-01	2.49e-06	0.00e+00	0.00e+00	0.00e+00	0.00e+00	0.00e+00
 1.44646e+16	8.81e-01	1.19e-01	2.28e-06	0.00e+00	0.00e+00	0.00e+00	0.00e+00	0.00e+00
 1.44677e+16	8.89e-01	1.11e-01	2.08e-06	0.00e+00	0.00e+00	0.00e+00	0.00e+00	0.00e+00
 1.44708e+16	8.95e-01	1.05e-01	1.91e-06	0.00e+00	0.00e+00	0.00e+00	0.00e+00	0.00e+00
 1.44741e+16	9.02e-01	9.84e-02	1.75e-06	0.00e+00	0.00e+00	0.00e+00	0.00e+00	0.00e+00
 1.44774e+16	9.07e-01	9.27e-02	1.61e-06	0.00e+00	0.00e+00	0.00e+00	0.00e+00	0.00e+00
 1.44809e+16	9.13e-01	8.73e-02	1.48e-06	0.00e+00	0.00e+00	0.00e+00	0.00e+00	0.00e+00
 1.44844e+16	9.18e-01	8.23e-02	1.37e-06	0.00e+00	0.00e+00	0.00e+00	0.00e+00	0.00e+00
 1.44882e+16	9.22e-01	7.76e-02	1.26e-06	0.00e+00	0.00e+00	0.00e+00	0.00e+00	0.00e+00
 1.44921e+16	9.27e-01	7.31e-02	1.16e-06	0.00e+00	0.00e+00	0.00e+00	0.00e+00	0.00e+00
 1.44962e+16	9.31e-01	6.89e-02	1.07e-06	0.00e+00	0.00e+00	0.00e+00	0.00e+00	0.00e+00
 1.45006e+16	9.35e-01	6.50e-02	9.92e-07	0.00e+00	0.00e+00	0.00e+00	0.00e+00	0.00e+00
 1.45053e+16	9.39e-01	6.13e-02	9.17e-07	0.00e+00	0.00e+00	0.00e+00	0.00e+00	0.00e+00
 1.45103e+16	9.42e-01	5.79e-02	8.48e-07	0.00e+00	0.00e+00	0.00e+00	0.00e+00	0.00e+00
 1.45158e+16	9.45e-01	5.46e-02	7.84e-07	0.00e+00	0.00e+00	0.00e+00	0.00e+00	0.00e+00
