#depth	C	C+	C+2	C+3	C+4	C+5	C+6	C[1]	C[2]	C[3]	C+[1]	C+[2]	CO
 1.49634e+10	0.00e+00	4.81e-31	1.26e-21	1.00e-12	2.69e-03	7.92e-01	2.05e-01	0.00e+00	0.00e+00	0.00e+00	0.00e+00	0.00e+00	3.68e-275
 4.54887e+10	2.34e-41	6.82e-31	1.64e-21	1.20e-12	2.98e-03	8.05e-01	1.92e-01	0.00e+00	0.00e+00	0.00e+00	0.00e+00	0.00e+00	3.93e-133
 7.72350e+10	0.00e+00	9.73e-31	2.16e-21	1.46e-12	3.32e-03	8.17e-01	1.80e-01	0.00e+00	0.00e+00	0.00e+00	0.00e+00	0.00e+00	1.70e-204
 1.10251e+11	5.62e-41	1.39e-30	2.84e-21	1.76e-12	3.69e-03	8.29e-01	1.68e-01	0.00e+00	0.00e+00	0.00e+00	0.00e+00	0.00e+00	4.04e-132
 1.41417e+11	0.00e+00	1.92e-30	3.63e-21	2.09e-12	4.06e-03	8.39e-01	1.57e-01	0.00e+00	0.00e+00	0.00e+00	0.00e+00	0.00e+00	0.00e+00
 1.69385e+11	1.18e-40	2.54e-30	4.51e-21	2.43e-12	4.42e-03	8.47e-01	1.49e-01	0.00e+00	0.00e+00	0.00e+00	0.00e+00	0.00e+00	2.93e-131
 2.00743e+11	0.00e+00	3.46e-30	5.72e-21	2.86e-12	4.84e-03	8.55e-01	1.40e-01	0.00e+00	0.00e+00	0.00e+00	0.00e+00	0.00e+00	0.00e+00
 2.37799e+11	2.67e-40	4.91e-30	7.48e-21	3.44e-12	5.37e-03	8.64e-01	1.30e-01	0.00e+00	0.00e+00	0.00e+00	0.00e+00	0.00e+00	2.52e-130
 2.74960e+11	0.00e+00	6.87e-30	9.68e-21	4.11e-12	5.92e-03	8.73e-01	1.21e-01	0.00e+00	0.00e+00	0.00e+00	0.00e+00	0.00e+00	0.00e+00
 3.10203e+11	5.94e-40	9.37e-30	1.23e-20	4.84e-12	6.48e-03	8.80e-01	1.14e-01	0.00e+00	0.00e+00	0.00e+00	0.00e+00	0.00e+00	2.11e-129
 3.49135e+11	0.00e+00	1.31e-29	1.58e-20	5.77e-12	7.15e-03	8.87e-01	1.06e-01	0.00e+00	0.00e+00	0.00e+00	0.00e+00	0.00e+00	0.00e+00
 3.93028e+11	1.40e-39	1.87e-29	2.09e-20	6.97e-12	7.93e-03	8.94e-01	9.82e-02	0.00e+00	0.00e+00	0.00e+00	0.00e+00	0.00e+00	2.05e-128
 4.37148e+11	0.00e+00	2.66e-29	2.73e-20	8.38e-12	8.77e-03	9.00e-01	9.10e-02	0.00e+00	0.00e+00	0.00e+00	0.00e+00	0.00e+00	0.00e+00
 4.83033e+11	3.33e-39	3.77e-29	3.57e-20	1.01e-11	9.70e-03	9.06e-01	8.43e-02	0.00e+00	0.00e+00	0.00e+00	0.00e+00	0.00e+00	2.03e-127
 5.32281e+11	0.00e+00	5.43e-29	4.72e-20	1.22e-11	1.08e-02	9.11e-01	7.78e-02	0.00e+00	0.00e+00	0.00e+00	0.00e+00	0.00e+00	0.00e+00
 5.78562e+11	7.83e-39	7.53e-29	6.06e-20	1.45e-11	1.18e-02	9.16e-01	7.23e-02	0.00e+00	0.00e+00	0.00e+00	0.00e+00	0.00e+00	1.96e-126
 6.20088e+11	0.00e+00	1.00e-28	7.55e-20	1.68e-11	1.28e-02	9.19e-01	6.78e-02	0.00e+00	0.00e+00	0.00e+00	0.00e+00	0.00e+00	0.00e+00
 6.66895e+11	1.65e-38	1.37e-28	9.60e-20	1.98e-11	1.40e-02	9.23e-01	6.31e-02	0.00e+00	0.00e+00	0.00e+00	0.00e+00	0.00e+00	1.41e-125
 7.22181e+11	0.00e+00	1.96e-28	1.26e-19	2.39e-11	1.55e-02	9.26e-01	5.81e-02	0.00e+00	0.00e+00	0.00e+00	0.00e+00	0.00e+00	0.00e+00
 7.77517e+11	3.95e-38	2.77e-28	1.64e-19	2.86e-11	1.70e-02	9.29e-01	5.36e-02	0.00e+00	0.00e+00	0.00e+00	0.00e+00	0.00e+00	1.41e-124
 8.29489e+11	0.00e+00	3.80e-28	2.09e-19	3.36e-11	1.86e-02	9.32e-01	4.98e-02	0.00e+00	0.00e+00	0.00e+00	0.00e+00	0.00e+00	0.00e+00
 8.87018e+11	8.87e-38	5.32e-28	2.71e-19	4.01e-11	2.04e-02	9.34e-01	4.60e-02	0.00e+00	0.00e+00	0.00e+00	0.00e+00	0.00e+00	1.19e-123
 9.52426e+11	0.00e+00	7.70e-28	3.59e-19	4.86e-11	2.26e-02	9.35e-01	4.22e-02	0.00e+00	0.00e+00	0.00e+00	0.00e+00	0.00e+00	0.00e+00
 1.01694e+12	2.17e-37	1.09e-27	4.70e-19	5.83e-11	2.49e-02	9.36e-01	3.87e-02	0.00e+00	0.00e+00	0.00e+00	0.00e+00	0.00e+00	1.27e-122
 1.08404e+12	0.00e+00	1.56e-27	6.17e-19	7.00e-11	2.74e-02	9.37e-01	3.56e-02	0.00e+00	0.00e+00	0.00e+00	0.00e+00	0.00e+00	0.00e+00
 1.15733e+12	5.34e-37	2.26e-27	8.20e-19	8.49e-11	3.03e-02	9.37e-01	3.25e-02	0.00e+00	0.00e+00	0.00e+00	0.00e+00	0.00e+00	1.36e-121
 1.23113e+12	0.00e+00	3.25e-27	1.08e-18	1.02e-10	3.34e-02	9.37e-01	2.97e-02	0.00e+00	0.00e+00	0.00e+00	0.00e+00	0.00e+00	0.00e+00
 1.30789e+12	1.31e-36	4.66e-27	1.43e-18	1.23e-10	3.68e-02	9.36e-01	2.71e-02	0.00e+00	0.00e+00	0.00e+00	0.00e+00	0.00e+00	1.44e-120
 1.38703e+12	0.00e+00	6.69e-27	1.88e-18	1.49e-10	4.05e-02	9.35e-01	2.48e-02	0.00e+00	0.00e+00	0.00e+00	0.00e+00	0.00e+00	0.00e+00
 1.46436e+12	3.14e-36	9.40e-27	2.44e-18	1.77e-10	4.44e-02	9.33e-01	2.27e-02	0.00e+00	0.00e+00	0.00e+00	0.00e+00	0.00e+00	1.42e-119
 1.54789e+12	0.00e+00	1.34e-26	3.21e-18	2.13e-10	4.87e-02	9.31e-01	2.07e-02	0.00e+00	0.00e+00	0.00e+00	0.00e+00	0.00e+00	0.00e+00
 1.63973e+12	7.77e-36	1.95e-26	4.28e-18	2.59e-10	5.38e-02	9.27e-01	1.88e-02	0.00e+00	0.00e+00	0.00e+00	0.00e+00	0.00e+00	1.53e-118
 1.73525e+12	0.00e+00	2.84e-26	5.72e-18	3.14e-10	5.94e-02	9.24e-01	1.70e-02	0.00e+00	0.00e+00	0.00e+00	0.00e+00	0.00e+00	0.00e+00
 1.83458e+12	1.98e-35	4.14e-26	7.64e-18	3.82e-10	6.55e-02	9.19e-01	1.54e-02	0.00e+00	0.00e+00	0.00e+00	0.00e+00	0.00e+00	1.77e-117
 1.93789e+12	0.00e+00	6.03e-26	1.02e-17	4.63e-10	7.21e-02	9.14e-01	1.39e-02	0.00e+00	0.00e+00	0.00e+00	0.00e+00	0.00e+00	0.00e+00
 2.03118e+12	4.73e-35	8.36e-26	1.31e-17	5.49e-10	7.85e-02	9.09e-01	1.27e-02	0.00e+00	0.00e+00	0.00e+00	0.00e+00	0.00e+00	1.74e-116
 2.10865e+12	0.00e+00	1.09e-25	1.61e-17	6.29e-10	8.39e-02	9.04e-01	1.18e-02	0.00e+00	0.00e+00	0.00e+00	0.00e+00	0.00e+00	1.21e-99
 2.19340e+12	9.26e-35	1.44e-25	2.00e-17	7.27e-10	9.01e-02	8.99e-01	1.09e-02	0.00e+00	0.00e+00	0.00e+00	0.00e+00	0.00e+00	0.00e+00
 2.30110e+12	1.42e-34	2.02e-25	2.60e-17	8.68e-10	9.83e-02	8.92e-01	9.89e-03	0.00e+00	0.00e+00	0.00e+00	0.00e+00	0.00e+00	3.06e-115
 2.41362e+12	2.17e-34	2.86e-25	3.40e-17	1.04e-09	1.07e-01	8.84e-01	8.94e-03	0.00e+00	0.00e+00	0.00e+00	0.00e+00	0.00e+00	4.15e-97
 2.51299e+12	3.12e-34	3.83e-25	4.27e-17	1.21e-09	1.15e-01	8.76e-01	8.21e-03	0.00e+00	0.00e+00	0.00e+00	0.00e+00	0.00e+00	0.00e+00
 2.60503e+12	4.31e-34	4.98e-25	5.23e-17	1.38e-09	1.23e-01	8.69e-01	7.59e-03	0.00e+00	0.00e+00	0.00e+00	0.00e+00	0.00e+00	5.68e-114
 2.70942e+12	6.15e-34	6.63e-25	6.53e-17	1.61e-09	1.32e-01	8.61e-01	6.96e-03	0.00e+00	0.00e+00	0.00e+00	0.00e+00	0.00e+00	4.05e-96
 2.83875e+12	9.39e-34	9.34e-25	8.53e-17	1.92e-09	1.44e-01	8.50e-01	6.26e-03	0.00e+00	0.00e+00	0.00e+00	0.00e+00	0.00e+00	0.00e+00
 2.96787e+12	1.41e-33	1.30e-24	1.10e-16	2.28e-09	1.56e-01	8.39e-01	5.64e-03	0.00e+00	0.00e+00	0.00e+00	0.00e+00	0.00e+00	1.28e-112
 3.07865e+12	1.97e-33	1.70e-24	1.36e-16	2.62e-09	1.66e-01	8.29e-01	5.18e-03	0.00e+00	0.00e+00	0.00e+00	0.00e+00	0.00e+00	5.09e-95
 3.19823e+12	2.78e-33	2.25e-24	1.69e-16	3.03e-09	1.78e-01	8.17e-01	4.73e-03	0.00e+00	0.00e+00	0.00e+00	0.00e+00	0.00e+00	7.71e-112
 3.34609e+12	4.19e-33	3.13e-24	2.19e-16	3.60e-09	1.92e-01	8.03e-01	4.23e-03	0.00e+00	0.00e+00	0.00e+00	0.00e+00	0.00e+00	2.65e-94
 3.49803e+12	6.26e-33	4.34e-24	2.83e-16	4.26e-09	2.08e-01	7.89e-01	3.79e-03	0.00e+00	0.00e+00	0.00e+00	0.00e+00	0.00e+00	6.69e-111
 3.63557e+12	8.87e-33	5.76e-24	3.52e-16	4.94e-09	2.22e-01	7.75e-01	3.44e-03	0.00e+00	0.00e+00	0.00e+00	0.00e+00	0.00e+00	1.37e-93
 3.78710e+12	1.28e-32	7.75e-24	4.45e-16	5.76e-09	2.37e-01	7.60e-01	3.10e-03	0.00e+00	0.00e+00	0.00e+00	0.00e+00	0.00e+00	4.54e-110
 3.96517e+12	1.93e-32	1.08e-23	5.77e-16	6.84e-09	2.56e-01	7.41e-01	2.74e-03	0.00e+00	0.00e+00	0.00e+00	0.00e+00	0.00e+00	7.52e-93
 4.14302e+12	2.85e-32	1.48e-23	7.39e-16	8.06e-09	2.74e-01	7.23e-01	2.44e-03	0.00e+00	0.00e+00	0.00e+00	0.00e+00	0.00e+00	3.96e-109
 4.31238e+12	4.07e-32	1.98e-23	9.25e-16	9.34e-09	2.92e-01	7.06e-01	2.19e-03	0.00e+00	0.00e+00	0.00e+00	0.00e+00	0.00e+00	3.88e-92
 4.49920e+12	5.90e-32	2.68e-23	1.17e-15	1.09e-08	3.11e-01	6.87e-01	1.95e-03	0.00e+00	0.00e+00	0.00e+00	0.00e+00	0.00e+00	2.88e-108
 4.70909e+12	8.79e-32	3.70e-23	1.51e-15	1.29e-08	3.33e-01	6.65e-01	1.71e-03	0.00e+00	0.00e+00	0.00e+00	0.00e+00	0.00e+00	2.15e-91
 4.89804e+12	1.24e-31	4.88e-23	1.87e-15	1.48e-08	3.52e-01	6.46e-01	1.53e-03	0.00e+00	0.00e+00	0.00e+00	0.00e+00	0.00e+00	2.21e-107
 5.05410e+12	1.62e-31	6.07e-23	2.22e-15	1.65e-08	3.68e-01	6.31e-01	1.40e-03	0.00e+00	0.00e+00	0.00e+00	0.00e+00	0.00e+00	8.42e-91
 5.22457e+12	2.15e-31	7.63e-23	2.65e-15	1.86e-08	3.85e-01	6.14e-01	1.27e-03	0.00e+00	0.00e+00	0.00e+00	0.00e+00	0.00e+00	1.04e-106
 5.44230e+12	3.05e-31	1.01e-22	3.30e-15	2.14e-08	4.06e-01	5.93e-01	1.12e-03	0.00e+00	0.00e+00	0.00e+00	0.00e+00	0.00e+00	3.49e-90
 5.66212e+12	4.26e-31	1.33e-22	4.08e-15	2.45e-08	4.27e-01	5.72e-01	9.94e-04	0.00e+00	0.00e+00	0.00e+00	0.00e+00	0.00e+00	7.07e-106
 5.84409e+12	5.56e-31	1.64e-22	4.82e-15	2.73e-08	4.44e-01	5.55e-01	9.02e-04	0.00e+00	0.00e+00	0.00e+00	0.00e+00	0.00e+00	1.36e-89
 6.03625e+12	7.28e-31	2.04e-22	5.71e-15	3.04e-08	4.61e-01	5.38e-01	8.16e-04	0.00e+00	0.00e+00	0.00e+00	0.00e+00	0.00e+00	3.25e-105
 6.28273e+12	1.01e-30	2.67e-22	7.02e-15	3.47e-08	4.83e-01	5.16e-01	7.19e-04	0.00e+00	0.00e+00	0.00e+00	0.00e+00	0.00e+00	5.42e-89
 6.54110e+12	1.41e-30	3.49e-22	8.65e-15	3.96e-08	5.05e-01	4.94e-01	6.32e-04	0.00e+00	0.00e+00	0.00e+00	0.00e+00	0.00e+00	2.19e-104
 6.76758e+12	1.87e-30	4.37e-22	1.03e-14	4.41e-08	5.23e-01	4.76e-01	5.65e-04	0.00e+00	0.00e+00	0.00e+00	0.00e+00	0.00e+00	2.22e-88
 7.01128e+12	2.49e-30	5.51e-22	1.23e-14	4.94e-08	5.42e-01	4.57e-01	5.03e-04	0.00e+00	0.00e+00	0.00e+00	0.00e+00	0.00e+00	1.14e-103
 7.28157e+12	3.38e-30	7.05e-22	1.49e-14	5.56e-08	5.63e-01	4.37e-01	4.44e-04	0.00e+00	0.00e+00	0.00e+00	0.00e+00	0.00e+00	8.85e-88
 7.53238e+12	4.43e-30	8.77e-22	1.76e-14	6.17e-08	5.81e-01	4.19e-01	3.96e-04	0.00e+00	0.00e+00	0.00e+00	0.00e+00	0.00e+00	6.23e-103
 7.80440e+12	5.88e-30	1.10e-21	2.09e-14	6.87e-08	5.99e-01	4.00e-01	3.51e-04	0.00e+00	0.00e+00	0.00e+00	0.00e+00	0.00e+00	3.27e-87
 8.10666e+12	7.95e-30	1.40e-21	2.52e-14	7.71e-08	6.19e-01	3.81e-01	3.07e-04	0.00e+00	0.00e+00	0.00e+00	0.00e+00	0.00e+00	3.54e-102
 8.38822e+12	1.04e-29	1.74e-21	2.97e-14	8.53e-08	6.36e-01	3.64e-01	2.73e-04	0.00e+00	0.00e+00	0.00e+00	0.00e+00	0.00e+00	1.27e-86
 8.69425e+12	1.38e-29	2.18e-21	3.52e-14	9.47e-08	6.54e-01	3.46e-01	2.40e-04	0.00e+00	0.00e+00	0.00e+00	0.00e+00	0.00e+00	1.85e-101
 9.03471e+12	1.86e-29	2.76e-21	4.23e-14	1.06e-07	6.72e-01	3.27e-01	2.09e-04	0.00e+00	0.00e+00	0.00e+00	0.00e+00	0.00e+00	5.12e-86
 9.35299e+12	2.43e-29	3.43e-21	4.97e-14	1.17e-07	6.89e-01	3.11e-01	1.85e-04	0.00e+00	0.00e+00	0.00e+00	0.00e+00	0.00e+00	1.04e-100
 9.69980e+12	3.22e-29	4.29e-21	5.89e-14	1.29e-07	7.05e-01	2.95e-01	1.62e-04	0.00e+00	0.00e+00	0.00e+00	0.00e+00	0.00e+00	1.95e-85
 1.00868e+13	4.34e-29	5.44e-21	7.06e-14	1.44e-07	7.22e-01	2.77e-01	1.40e-04	0.00e+00	0.00e+00	0.00e+00	0.00e+00	0.00e+00	6.21e-100
 1.04507e+13	5.69e-29	6.75e-21	8.31e-14	1.59e-07	7.37e-01	2.62e-01	1.23e-04	0.00e+00	0.00e+00	0.00e+00	0.00e+00	0.00e+00	7.90e-85
 1.08481e+13	7.56e-29	8.46e-21	9.84e-14	1.76e-07	7.53e-01	2.47e-01	1.07e-04	0.00e+00	0.00e+00	0.00e+00	0.00e+00	0.00e+00	3.48e-99
 1.12932e+13	1.02e-28	1.08e-20	1.18e-13	1.95e-07	7.68e-01	2.32e-01	9.20e-05	0.00e+00	0.00e+00	0.00e+00	0.00e+00	0.00e+00	3.40e-84
 1.17144e+13	1.35e-28	1.34e-20	1.39e-13	2.15e-07	7.82e-01	2.18e-01	8.02e-05	0.00e+00	0.00e+00	0.00e+00	0.00e+00	0.00e+00	2.15e-98
 1.21686e+13	1.80e-28	1.68e-20	1.64e-13	2.37e-07	7.95e-01	2.05e-01	6.94e-05	0.00e+00	0.00e+00	0.00e+00	0.00e+00	0.00e+00	1.40e-83
 1.26853e+13	2.45e-28	2.15e-20	1.97e-13	2.64e-07	8.09e-01	1.90e-01	5.92e-05	0.00e+00	0.00e+00	0.00e+00	0.00e+00	0.00e+00	1.42e-97
 1.31925e+13	3.28e-28	2.71e-20	2.34e-13	2.92e-07	8.22e-01	1.78e-01	5.08e-05	0.00e+00	0.00e+00	0.00e+00	0.00e+00	0.00e+00	6.43e-83
 1.37200e+13	4.42e-28	3.42e-20	2.77e-13	3.21e-07	8.34e-01	1.66e-01	4.38e-05	0.00e+00	0.00e+00	0.00e+00	0.00e+00	0.00e+00	9.30e-97
 1.42988e+13	6.00e-28	4.35e-20	3.32e-13	3.55e-07	8.46e-01	1.54e-01	3.73e-05	0.00e+00	0.00e+00	0.00e+00	0.00e+00	0.00e+00	3.04e-82
 1.48871e+13	8.11e-28	5.51e-20	3.94e-13	3.91e-07	8.56e-01	1.44e-01	3.19e-05	0.00e+00	0.00e+00	0.00e+00	0.00e+00	0.00e+00	6.55e-96
 1.54989e+13	1.09e-27	6.96e-20	4.68e-13	4.31e-07	8.66e-01	1.34e-01	2.72e-05	0.00e+00	0.00e+00	0.00e+00	0.00e+00	0.00e+00	1.44e-81
 1.60952e+13	1.45e-27	8.67e-20	5.48e-13	4.72e-07	8.75e-01	1.25e-01	2.35e-05	0.00e+00	0.00e+00	0.00e+00	0.00e+00	0.00e+00	4.27e-95
 1.66364e+13	1.85e-27	1.05e-19	6.30e-13	5.10e-07	8.83e-01	1.17e-01	2.07e-05	0.00e+00	0.00e+00	0.00e+00	0.00e+00	0.00e+00	5.74e-81
 1.71394e+13	2.31e-27	1.25e-19	7.14e-13	5.46e-07	8.89e-01	1.11e-01	1.84e-05	0.00e+00	0.00e+00	0.00e+00	0.00e+00	0.00e+00	1.95e-94
 1.76904e+13	2.93e-27	1.50e-19	8.14e-13	5.87e-07	8.95e-01	1.05e-01	1.62e-05	0.00e+00	0.00e+00	0.00e+00	0.00e+00	0.00e+00	1.92e-80
 1.83114e+13	3.80e-27	1.84e-19	9.39e-13	6.35e-07	9.02e-01	9.83e-02	1.42e-05	0.00e+00	0.00e+00	0.00e+00	0.00e+00	0.00e+00	9.74e-94
 1.89063e+13	4.82e-27	2.21e-19	1.07e-12	6.83e-07	9.07e-01	9.26e-02	1.25e-05	0.00e+00	0.00e+00	0.00e+00	0.00e+00	0.00e+00	7.20e-80
 1.95628e+13	6.22e-27	2.69e-19	1.23e-12	7.37e-07	9.13e-01	8.69e-02	1.09e-05	0.00e+00	0.00e+00	0.00e+00	0.00e+00	0.00e+00	4.88e-93
 2.02934e+13	8.20e-27	3.33e-19	1.43e-12	8.00e-07	9.19e-01	8.11e-02	9.48e-06	0.00e+00	0.00e+00	0.00e+00	0.00e+00	0.00e+00	2.97e-79
 2.09644e+13	1.05e-26	4.02e-19	1.64e-12	8.60e-07	9.24e-01	7.62e-02	8.34e-06	0.00e+00	0.00e+00	0.00e+00	0.00e+00	0.00e+00	2.66e-92
 2.15852e+13	1.30e-26	4.76e-19	1.85e-12	9.16e-07	9.28e-01	7.21e-02	7.44e-06	0.00e+00	0.00e+00	0.00e+00	0.00e+00	0.00e+00	1.03e-78
 2.22967e+13	1.67e-26	5.75e-19	2.11e-12	9.83e-07	9.32e-01	6.79e-02	6.55e-06	0.00e+00	0.00e+00	0.00e+00	0.00e+00	0.00e+00	1.21e-91
 2.31679e+13	2.23e-26	7.20e-19	2.46e-12	1.07e-06	9.37e-01	6.31e-02	5.64e-06	0.00e+00	0.00e+00	0.00e+00	0.00e+00	0.00e+00	4.38e-78
 2.40386e+13	2.94e-26	8.90e-19	2.86e-12	1.16e-06	9.41e-01	5.88e-02	4.87e-06	0.00e+00	0.00e+00	0.00e+00	0.00e+00	0.00e+00	7.77e-91
 2.47970e+13	3.74e-26	1.07e-18	3.24e-12	1.24e-06	9.45e-01	5.55e-02	4.32e-06	0.00e+00	0.00e+00	0.00e+00	0.00e+00	0.00e+00	1.75e-77
 2.56172e+13	4.79e-26	1.29e-18	3.69e-12	1.32e-06	9.48e-01	5.21e-02	3.81e-06	0.00e+00	0.00e+00	0.00e+00	0.00e+00	0.00e+00	3.79e-90
 2.66174e+13	6.44e-26	1.62e-18	4.31e-12	1.43e-06	9.51e-01	4.85e-02	3.28e-06	0.00e+00	0.00e+00	0.00e+00	0.00e+00	0.00e+00	7.72e-77
 2.76368e+13	8.56e-26	2.01e-18	5.01e-12	1.55e-06	9.55e-01	4.51e-02	2.83e-06	0.00e+00	0.00e+00	0.00e+00	0.00e+00	0.00e+00	1.66e-76
 2.85595e+13	1.10e-25	2.44e-18	5.71e-12	1.66e-06	9.58e-01	4.24e-02	2.49e-06	0.00e+00	0.00e+00	0.00e+00	0.00e+00	0.00e+00	3.33e-76
 2.95713e+13	1.45e-25	2.99e-18	6.56e-12	1.78e-06	9.60e-01	3.97e-02	2.18e-06	0.00e+00	0.00e+00	0.00e+00	0.00e+00	0.00e+00	6.97e-76
 3.07611e+13	1.97e-25	3.77e-18	7.68e-12	1.93e-06	9.63e-01	3.68e-02	1.87e-06	0.00e+00	0.00e+00	0.00e+00	0.00e+00	0.00e+00	1.61e-75
 3.19480e+13	2.63e-25	4.70e-18	8.93e-12	2.09e-06	9.66e-01	3.42e-02	1.61e-06	0.00e+00	0.00e+00	0.00e+00	0.00e+00	0.00e+00	3.56e-75
 3.30678e+13	3.44e-25	5.76e-18	1.02e-11	2.24e-06	9.68e-01	3.21e-02	1.41e-06	0.00e+00	0.00e+00	0.00e+00	0.00e+00	0.00e+00	7.45e-75
 3.43059e+13	4.59e-25	7.17e-18	1.19e-11	2.41e-06	9.70e-01	2.99e-02	1.22e-06	0.00e+00	0.00e+00	0.00e+00	0.00e+00	0.00e+00	1.65e-74
 3.57080e+13	6.26e-25	9.06e-18	1.39e-11	2.62e-06	9.72e-01	2.77e-02	1.05e-06	0.00e+00	0.00e+00	0.00e+00	0.00e+00	0.00e+00	3.83e-74
 3.71133e+13	8.50e-25	1.14e-17	1.62e-11	2.83e-06	9.74e-01	2.58e-02	9.04e-07	0.00e+00	0.00e+00	0.00e+00	0.00e+00	0.00e+00	8.92e-74
 3.85748e+13	1.15e-24	1.43e-17	1.89e-11	3.06e-06	9.76e-01	2.39e-02	0.00e+00	0.00e+00	0.00e+00	0.00e+00	0.00e+00	0.00e+00	2.02e-73
 4.01477e+13	1.57e-24	1.81e-17	2.21e-11	3.31e-06	9.78e-01	2.21e-02	0.00e+00	0.00e+00	0.00e+00	0.00e+00	0.00e+00	0.00e+00	4.80e-73
 4.17836e+13	2.15e-24	2.30e-17	2.59e-11	3.58e-06	9.79e-01	2.05e-02	0.00e+00	0.00e+00	0.00e+00	0.00e+00	0.00e+00	0.00e+00	1.15e-72
 4.33646e+13	2.88e-24	2.86e-17	3.00e-11	3.86e-06	9.81e-01	1.91e-02	0.00e+00	0.00e+00	0.00e+00	0.00e+00	0.00e+00	0.00e+00	2.55e-72
 4.48479e+13	3.74e-24	3.48e-17	3.43e-11	4.13e-06	9.82e-01	1.79e-02	0.00e+00	0.00e+00	0.00e+00	0.00e+00	0.00e+00	0.00e+00	5.22e-72
 4.62421e+13	4.76e-24	4.17e-17	3.87e-11	4.38e-06	9.83e-01	1.69e-02	0.00e+00	0.00e+00	0.00e+00	0.00e+00	0.00e+00	0.00e+00	1.02e-71
 4.77555e+13	6.15e-24	5.06e-17	4.39e-11	4.67e-06	9.84e-01	1.59e-02	0.00e+00	0.00e+00	0.00e+00	0.00e+00	1.63e-17	3.42e-17	2.06e-71
 4.94512e+13	8.08e-24	6.21e-17	5.04e-11	5.01e-06	9.85e-01	1.48e-02	0.00e+00	0.00e+00	0.00e+00	0.00e+00	2.06e-17	4.15e-17	4.37e-71
 5.10581e+13	1.04e-23	7.48e-17	5.72e-11	5.34e-06	9.86e-01	1.39e-02	0.00e+00	0.00e+00	0.00e+00	0.00e+00	2.48e-17	5.00e-17	8.61e-71
 5.28209e+13	1.36e-23	9.15e-17	6.54e-11	5.70e-06	9.87e-01	1.31e-02	0.00e+00	0.00e+00	0.00e+00	0.00e+00	3.04e-17	6.11e-17	1.81e-70
 5.48021e+13	1.81e-23	1.14e-16	7.56e-11	6.14e-06	9.88e-01	1.22e-02	0.00e+00	0.00e+00	0.00e+00	0.00e+00	3.78e-17	7.61e-17	4.04e-70
 5.66920e+13	2.36e-23	1.39e-16	8.65e-11	6.56e-06	9.89e-01	1.14e-02	0.00e+00	0.00e+00	0.00e+00	0.00e+00	4.62e-17	9.29e-17	8.37e-70
 5.87639e+13	3.12e-23	1.71e-16	9.97e-11	7.05e-06	9.89e-01	1.06e-02	0.00e+00	0.00e+00	0.00e+00	0.00e+00	5.69e-17	1.14e-16	1.79e-69
 6.10780e+13	4.22e-23	2.15e-16	1.16e-10	7.61e-06	9.90e-01	9.85e-03	0.00e+00	0.00e+00	0.00e+00	0.00e+00	7.14e-17	1.44e-16	4.12e-69
 6.33015e+13	5.59e-23	2.66e-16	1.34e-10	8.17e-06	9.91e-01	9.19e-03	0.00e+00	0.00e+00	0.00e+00	0.00e+00	8.83e-17	1.78e-16	8.96e-69
 6.56803e+13	7.45e-23	3.31e-16	1.55e-10	8.79e-06	9.91e-01	8.55e-03	0.00e+00	0.00e+00	0.00e+00	0.00e+00	1.10e-16	2.21e-16	1.98e-68
 6.83374e+13	1.01e-22	4.16e-16	1.81e-10	9.53e-06	9.92e-01	7.90e-03	0.00e+00	0.00e+00	0.00e+00	0.00e+00	1.38e-16	2.78e-16	4.53e-68
 7.07939e+13	1.33e-22	5.13e-16	2.09e-10	1.02e-05	9.93e-01	7.37e-03	0.00e+00	0.00e+00	0.00e+00	0.00e+00	1.70e-16	3.43e-16	9.80e-68
 7.29222e+13	1.66e-22	6.07e-16	2.35e-10	1.09e-05	9.93e-01	6.94e-03	0.00e+00	0.00e+00	0.00e+00	0.00e+00	2.02e-16	4.06e-16	1.80e-67
 7.52829e+13	2.14e-22	7.35e-16	2.67e-10	1.16e-05	9.93e-01	6.53e-03	0.00e+00	0.00e+00	0.00e+00	0.00e+00	2.44e-16	4.91e-16	3.63e-67
 7.81645e+13	2.85e-22	9.12e-16	3.10e-10	1.25e-05	9.94e-01	6.05e-03	0.00e+00	0.00e+00	0.00e+00	0.00e+00	3.03e-16	6.09e-16	7.89e-67
 8.10790e+13	3.78e-22	1.13e-15	3.58e-10	1.34e-05	9.94e-01	5.63e-03	0.00e+00	0.00e+00	0.00e+00	0.00e+00	3.75e-16	7.54e-16	1.71e-66
 8.36979e+13	4.81e-22	1.36e-15	4.07e-10	1.43e-05	9.95e-01	5.28e-03	0.00e+00	0.00e+00	0.00e+00	0.00e+00	4.50e-16	9.07e-16	3.33e-66
 8.65770e+13	6.25e-22	1.65e-15	4.66e-10	1.53e-05	9.95e-01	4.94e-03	0.00e+00	0.00e+00	0.00e+00	0.00e+00	5.49e-16	1.11e-15	6.83e-66
 8.99833e+13	8.37e-22	2.07e-15	5.43e-10	1.66e-05	9.95e-01	4.57e-03	0.00e+00	0.00e+00	0.00e+00	0.00e+00	6.86e-16	1.38e-15	1.53e-65
 9.33354e+13	1.11e-21	2.57e-15	6.29e-10	1.78e-05	9.96e-01	4.25e-03	0.00e+00	0.00e+00	0.00e+00	0.00e+00	8.52e-16	1.72e-15	3.36e-65
 9.64051e+13	1.41e-21	3.08e-15	7.16e-10	1.91e-05	9.96e-01	3.98e-03	0.00e+00	0.00e+00	0.00e+00	0.00e+00	1.02e-15	2.06e-15	6.45e-65
 9.98473e+13	1.85e-21	3.78e-15	8.24e-10	2.05e-05	9.96e-01	3.71e-03	0.00e+00	0.00e+00	0.00e+00	0.00e+00	1.25e-15	2.53e-15	1.35e-64
 1.03844e+14	2.48e-21	4.74e-15	9.64e-10	2.22e-05	9.97e-01	3.43e-03	0.00e+00	0.00e+00	0.00e+00	0.00e+00	1.57e-15	3.17e-15	3.04e-64
 1.07761e+14	3.31e-21	5.90e-15	1.12e-09	2.39e-05	9.97e-01	3.18e-03	0.00e+00	0.00e+00	0.00e+00	0.00e+00	1.95e-15	3.94e-15	6.75e-64
 1.11470e+14	4.24e-21	7.12e-15	1.28e-09	2.56e-05	9.97e-01	2.97e-03	0.00e+00	0.00e+00	0.00e+00	0.00e+00	2.36e-15	4.76e-15	1.33e-63
 1.15594e+14	5.61e-21	8.83e-15	1.48e-09	2.75e-05	9.97e-01	2.76e-03	0.00e+00	0.00e+00	0.00e+00	0.00e+00	2.93e-15	5.90e-15	2.89e-63
 1.20248e+14	7.49e-21	1.10e-14	1.73e-09	2.98e-05	9.97e-01	2.55e-03	0.00e+00	0.00e+00	0.00e+00	0.00e+00	3.65e-15	7.36e-15	6.36e-63
 1.24911e+14	1.00e-20	1.38e-14	2.02e-09	3.22e-05	9.98e-01	2.36e-03	0.00e+00	0.00e+00	0.00e+00	0.00e+00	4.56e-15	9.21e-15	1.43e-62
 1.29302e+14	1.29e-20	1.67e-14	2.32e-09	3.46e-05	9.98e-01	2.20e-03	0.00e+00	0.00e+00	0.00e+00	0.00e+00	5.52e-15	1.11e-14	2.84e-62
 1.34044e+14	1.70e-20	2.06e-14	2.67e-09	3.72e-05	9.98e-01	2.05e-03	0.00e+00	0.00e+00	0.00e+00	0.00e+00	6.82e-15	1.38e-14	6.12e-62
 1.39435e+14	2.25e-20	2.56e-14	3.13e-09	4.03e-05	9.98e-01	1.89e-03	0.00e+00	0.00e+00	0.00e+00	0.00e+00	8.48e-15	1.71e-14	1.33e-61
 1.44529e+14	2.94e-20	3.14e-14	3.61e-09	4.33e-05	9.98e-01	1.76e-03	0.00e+00	0.00e+00	0.00e+00	0.00e+00	1.04e-14	2.10e-14	2.79e-61
 1.49131e+14	3.73e-20	3.77e-14	4.10e-09	4.62e-05	9.98e-01	1.65e-03	0.00e+00	0.00e+00	0.00e+00	0.00e+00	1.25e-14	2.52e-14	5.41e-61
 1.53498e+14	4.61e-20	4.44e-14	4.60e-09	4.89e-05	9.98e-01	1.56e-03	0.00e+00	0.00e+00	0.00e+00	0.00e+00	1.47e-14	2.97e-14	9.71e-61
 1.58349e+14	5.75e-20	5.26e-14	5.21e-09	5.21e-05	9.98e-01	1.46e-03	0.00e+00	0.00e+00	0.00e+00	0.00e+00	1.74e-14	3.52e-14	1.79e-60
 1.63750e+14	7.43e-20	6.41e-14	5.95e-09	5.58e-05	9.99e-01	1.37e-03	0.00e+00	0.00e+00	0.00e+00	0.00e+00	2.12e-14	4.29e-14	3.66e-60
 1.68837e+14	9.19e-20	7.56e-14	6.73e-09	5.94e-05	9.99e-01	1.28e-03	0.00e+00	0.00e+00	0.00e+00	0.00e+00	2.50e-14	5.06e-14	6.57e-60
 1.74421e+14	1.18e-19	9.16e-14	7.66e-09	6.34e-05	9.99e-01	1.20e-03	0.00e+00	0.00e+00	0.00e+00	0.00e+00	3.03e-14	6.13e-14	1.32e-59
 1.80677e+14	1.51e-19	1.11e-13	8.82e-09	6.81e-05	9.99e-01	1.12e-03	0.00e+00	0.00e+00	0.00e+00	0.00e+00	3.67e-14	7.42e-14	2.62e-59
 1.86593e+14	1.92e-19	1.33e-13	1.00e-08	7.27e-05	9.99e-01	1.05e-03	0.00e+00	0.00e+00	0.00e+00	0.00e+00	4.40e-14	8.90e-14	5.05e-59
 1.93069e+14	2.47e-19	1.62e-13	1.15e-08	7.79e-05	9.99e-01	9.78e-04	0.00e+00	0.00e+00	0.00e+00	0.00e+00	5.35e-14	1.08e-13	1.03e-58
 2.00227e+14	3.18e-19	1.97e-13	1.33e-08	8.39e-05	9.99e-01	9.08e-04	0.00e+00	0.00e+00	0.00e+00	0.00e+00	6.51e-14	1.32e-13	2.07e-58
 2.06839e+14	4.06e-19	2.38e-13	1.51e-08	8.96e-05	9.99e-01	8.50e-04	0.00e+00	0.00e+00	0.00e+00	0.00e+00	7.86e-14	1.59e-13	4.13e-58
 2.14002e+14	5.12e-19	2.85e-13	1.74e-08	9.61e-05	9.99e-01	7.93e-04	0.00e+00	0.00e+00	0.00e+00	0.00e+00	9.41e-14	1.91e-13	7.82e-58
 2.21996e+14	6.72e-19	3.51e-13	2.01e-08	1.04e-04	9.99e-01	7.36e-04	0.00e+00	0.00e+00	0.00e+00	0.00e+00	1.16e-13	2.35e-13	1.67e-57
 2.29507e+14	8.54e-19	4.24e-13	2.30e-08	1.11e-04	9.99e-01	6.88e-04	0.00e+00	0.00e+00	0.00e+00	0.00e+00	1.40e-13	2.84e-13	3.29e-57
 2.37706e+14	1.08e-18	5.11e-13	2.64e-08	1.19e-04	9.99e-01	6.40e-04	0.00e+00	0.00e+00	0.00e+00	0.00e+00	1.69e-13	3.42e-13	6.39e-57
 2.46809e+14	1.42e-18	6.29e-13	3.07e-08	1.29e-04	9.99e-01	5.92e-04	0.00e+00	0.00e+00	0.00e+00	0.00e+00	2.08e-13	4.22e-13	1.35e-56
 2.55306e+14	1.82e-18	7.64e-13	3.52e-08	1.38e-04	9.99e-01	5.53e-04	0.00e+00	0.00e+00	0.00e+00	0.00e+00	2.52e-13	5.12e-13	2.72e-56
 2.64535e+14	2.30e-18	9.20e-13	4.06e-08	1.48e-04	9.99e-01	5.13e-04	0.00e+00	0.00e+00	0.00e+00	0.00e+00	3.03e-13	6.17e-13	5.25e-56
 2.74838e+14	3.05e-18	1.15e-12	4.73e-08	1.60e-04	9.99e-01	4.75e-04	0.00e+00	0.00e+00	0.00e+00	0.00e+00	3.78e-13	7.68e-13	1.16e-55
 2.84644e+14	3.84e-18	1.38e-12	5.45e-08	1.73e-04	9.99e-01	4.41e-04	0.00e+00	0.00e+00	0.00e+00	0.00e+00	4.53e-13	9.22e-13	2.22e-55
 2.95153e+14	4.98e-18	1.69e-12	6.30e-08	1.86e-04	9.99e-01	4.09e-04	0.00e+00	0.00e+00	0.00e+00	0.00e+00	5.56e-13	1.13e-12	4.65e-55
 3.06989e+14	6.47e-18	2.07e-12	7.38e-08	2.02e-04	9.99e-01	3.76e-04	0.00e+00	0.00e+00	0.00e+00	0.00e+00	6.83e-13	1.39e-12	9.65e-55
 3.18625e+14	8.41e-18	2.55e-12	8.56e-08	2.18e-04	9.99e-01	3.48e-04	0.00e+00	0.00e+00	0.00e+00	0.00e+00	8.41e-13	1.71e-12	2.04e-54
 3.30728e+14	1.07e-17	3.09e-12	9.96e-08	2.36e-04	9.99e-01	3.22e-04	0.00e+00	0.00e+00	0.00e+00	0.00e+00	1.02e-12	2.08e-12	4.01e-54
 3.43987e+14	1.41e-17	3.85e-12	1.17e-07	2.57e-04	9.99e-01	2.96e-04	0.00e+00	0.00e+00	0.00e+00	0.00e+00	1.26e-12	2.58e-12	8.80e-54
 3.57085e+14	1.80e-17	4.67e-12	1.36e-07	2.78e-04	9.99e-01	2.73e-04	0.00e+00	0.00e+00	0.00e+00	0.00e+00	1.54e-12	3.14e-12	1.75e-53
 3.67922e+14	2.20e-17	5.49e-12	1.53e-07	2.96e-04	9.99e-01	2.57e-04	0.00e+00	0.00e+00	0.00e+00	0.00e+00	1.80e-12	3.68e-12	3.12e-53
 3.76605e+14	2.58e-17	6.22e-12	1.68e-07	3.11e-04	9.99e-01	2.44e-04	0.00e+00	0.00e+00	0.00e+00	0.00e+00	2.05e-12	4.18e-12	4.90e-53
 3.86229e+14	3.04e-17	7.12e-12	1.86e-07	3.29e-04	9.99e-01	2.31e-04	0.00e+00	0.00e+00	0.00e+00	0.00e+00	2.34e-12	4.78e-12	7.92e-53
 3.98742e+14	3.75e-17	8.41e-12	2.12e-07	3.52e-04	9.99e-01	2.16e-04	0.00e+00	0.00e+00	0.00e+00	0.00e+00	2.76e-12	5.65e-12	1.44e-52
 4.12152e+14	4.64e-17	1.00e-11	2.42e-07	3.78e-04	9.99e-01	2.01e-04	0.00e+00	3.87e-18	1.16e-17	1.94e-17	3.28e-12	6.72e-12	2.66e-52
 4.24057e+14	5.60e-17	1.17e-11	2.71e-07	4.02e-04	9.99e-01	1.89e-04	0.00e+00	4.68e-18	1.40e-17	2.35e-17	3.83e-12	7.83e-12	4.63e-52
 4.36861e+14	6.77e-17	1.36e-11	3.06e-07	4.29e-04	9.99e-01	1.77e-04	0.00e+00	5.66e-18	1.70e-17	2.84e-17	4.46e-12	9.12e-12	7.98e-52
 4.52995e+14	8.55e-17	1.64e-11	3.55e-07	4.65e-04	9.99e-01	1.63e-04	0.00e+00	7.15e-18	2.15e-17	3.59e-17	5.39e-12	1.10e-11	1.58e-51
 4.69380e+14	1.08e-16	1.98e-11	4.10e-07	5.03e-04	9.99e-01	1.51e-04	0.00e+00	9.02e-18	2.71e-17	4.53e-17	6.50e-12	1.33e-11	3.11e-51
 4.83445e+14	1.30e-16	2.31e-11	4.62e-07	5.36e-04	9.99e-01	1.42e-04	0.00e+00	1.09e-17	3.27e-17	5.47e-17	7.57e-12	1.55e-11	5.42e-51
 4.98574e+14	1.58e-16	2.71e-11	5.23e-07	5.74e-04	9.99e-01	1.32e-04	0.00e+00	1.32e-17	3.97e-17	6.63e-17	8.90e-12	1.82e-11	9.71e-51
 5.17282e+14	2.01e-16	3.29e-11	6.07e-07	6.23e-04	9.99e-01	1.22e-04	0.00e+00	1.68e-17	5.06e-17	8.45e-17	1.08e-11	2.21e-11	1.96e-50
 5.36284e+14	2.51e-16	3.97e-11	7.03e-07	6.76e-04	9.99e-01	1.12e-04	0.00e+00	2.11e-17	6.34e-17	1.06e-16	1.30e-11	2.66e-11	3.89e-50
 5.53027e+14	3.06e-16	4.65e-11	7.96e-07	7.24e-04	9.99e-01	1.05e-04	0.00e+00	2.57e-17	7.73e-17	1.29e-16	1.53e-11	3.13e-11	7.00e-50
 5.71190e+14	3.71e-16	5.48e-11	9.07e-07	7.78e-04	9.99e-01	9.79e-05	0.00e+00	3.13e-17	9.38e-17	1.57e-16	1.80e-11	3.68e-11	1.28e-49
 5.93100e+14	4.76e-16	6.69e-11	1.06e-06	8.47e-04	9.99e-01	9.00e-05	0.00e+00	4.02e-17	1.21e-16	2.01e-16	2.20e-11	4.50e-11	2.69e-49
 6.14864e+14	5.98e-16	8.07e-11	1.22e-06	9.19e-04	9.99e-01	8.30e-05	0.00e+00	5.05e-17	1.51e-16	2.53e-16	2.65e-11	5.42e-11	5.40e-49
 6.34309e+14	7.16e-16	9.43e-11	1.39e-06	9.85e-04	9.99e-01	7.75e-05	0.00e+00	6.05e-17	1.82e-16	3.03e-16	3.09e-11	6.33e-11	9.64e-49
 6.55757e+14	8.92e-16	1.13e-10	1.58e-06	1.06e-03	9.99e-01	7.19e-05	0.00e+00	7.55e-17	2.27e-16	3.79e-16	3.69e-11	7.56e-11	1.89e-48
 6.81253e+14	1.13e-15	1.37e-10	1.85e-06	1.16e-03	9.99e-01	6.60e-05	0.00e+00	9.61e-17	2.88e-16	4.82e-16	4.50e-11	9.22e-11	4.00e-48
 7.06576e+14	1.43e-15	1.66e-10	2.14e-06	1.26e-03	9.99e-01	6.09e-05	0.00e+00	1.21e-16	3.64e-16	6.07e-16	5.44e-11	1.11e-10	8.22e-48
 7.29870e+14	1.72e-15	1.95e-10	2.44e-06	1.35e-03	9.99e-01	5.67e-05	0.00e+00	1.46e-16	4.39e-16	7.33e-16	6.40e-11	1.31e-10	1.52e-47
 7.55958e+14	2.19e-15	2.36e-10	2.81e-06	1.46e-03	9.98e-01	5.24e-05	0.00e+00	1.86e-16	5.59e-16	9.34e-16	7.75e-11	1.58e-10	3.19e-47
 7.86132e+14	2.79e-15	2.89e-10	3.28e-06	1.60e-03	9.98e-01	4.80e-05	0.00e+00	2.38e-16	7.13e-16	1.19e-15	9.49e-11	1.94e-10	7.05e-47
 8.15788e+14	3.53e-15	3.51e-10	3.81e-06	1.74e-03	9.98e-01	4.42e-05	0.00e+00	3.01e-16	9.04e-16	1.51e-15	1.15e-10	2.36e-10	1.51e-46
 8.46629e+14	4.47e-15	4.26e-10	4.42e-06	1.89e-03	9.98e-01	4.07e-05	0.00e+00	3.81e-16	1.14e-15	1.91e-15	1.40e-10	2.86e-10	3.27e-46
 8.74723e+14	5.48e-15	5.05e-10	5.03e-06	2.03e-03	9.98e-01	3.78e-05	0.00e+00	4.68e-16	1.41e-15	2.35e-15	1.66e-10	3.39e-10	6.44e-46
 8.95423e+14	6.41e-15	5.73e-10	5.52e-06	2.14e-03	9.98e-01	3.60e-05	0.00e+00	5.48e-16	1.65e-15	2.75e-15	1.88e-10	3.85e-10	1.06e-45
 9.16633e+14	7.45e-15	6.49e-10	6.06e-06	2.26e-03	9.98e-01	3.42e-05	0.00e+00	6.38e-16	1.91e-15	3.20e-15	2.13e-10	4.36e-10	1.74e-45
 9.44205e+14	8.80e-15	7.51e-10	6.82e-06	2.41e-03	9.98e-01	3.20e-05	0.00e+00	7.54e-16	2.26e-15	3.78e-15	2.47e-10	5.04e-10	3.11e-45
 9.74458e+14	1.10e-14	8.99e-10	7.74e-06	2.59e-03	9.97e-01	2.99e-05	0.00e+00	9.48e-16	2.84e-15	4.75e-15	2.96e-10	6.03e-10	6.40e-45
 1.00208e+15	1.32e-14	1.04e-09	8.65e-06	2.76e-03	9.97e-01	2.81e-05	0.00e+00	1.13e-15	3.39e-15	5.67e-15	3.43e-10	6.99e-10	1.15e-44
 1.03188e+15	1.56e-14	1.21e-09	9.72e-06	2.94e-03	9.97e-01	2.64e-05	0.00e+00	1.34e-15	4.03e-15	6.73e-15	3.97e-10	8.10e-10	2.07e-44
 1.06971e+15	2.00e-14	1.48e-09	1.12e-05	3.20e-03	9.97e-01	2.44e-05	0.00e+00	1.72e-15	5.16e-15	8.62e-15	4.86e-10	9.91e-10	4.67e-44
 1.10770e+15	2.46e-14	1.76e-09	1.29e-05	3.45e-03	9.97e-01	2.26e-05	0.00e+00	2.12e-15	6.37e-15	1.06e-14	5.81e-10	1.18e-09	9.43e-44
 1.13953e+15	2.97e-14	2.06e-09	1.44e-05	3.68e-03	9.96e-01	2.13e-05	0.00e+00	2.57e-15	7.70e-15	1.29e-14	6.79e-10	1.38e-09	1.76e-43
 1.17364e+15	3.60e-14	2.42e-09	1.62e-05	3.93e-03	9.96e-01	2.00e-05	0.00e+00	3.11e-15	9.34e-15	1.56e-14	7.96e-10	1.62e-09	3.32e-43
 1.21680e+15	4.65e-14	2.97e-09	1.87e-05	4.26e-03	9.96e-01	1.85e-05	0.00e+00	4.03e-15	1.21e-14	2.02e-14	9.79e-10	1.99e-09	7.60e-43
 1.26209e+15	5.80e-14	3.58e-09	2.16e-05	4.61e-03	9.95e-01	1.71e-05	0.00e+00	5.03e-15	1.51e-14	2.52e-14	1.18e-09	2.40e-09	1.62e-42
 1.30272e+15	7.17e-14	4.27e-09	2.46e-05	4.95e-03	9.95e-01	1.60e-05	0.00e+00	6.22e-15	1.87e-14	3.11e-14	1.41e-09	2.86e-09	3.23e-42
 1.34691e+15	8.94e-14	5.13e-09	2.80e-05	5.33e-03	9.95e-01	1.50e-05	0.00e+00	7.76e-15	2.33e-14	3.89e-14	1.69e-09	3.44e-09	6.65e-42
 1.39934e+15	1.19e-13	6.43e-09	3.26e-05	5.80e-03	9.94e-01	1.38e-05	0.00e+00	1.04e-14	3.11e-14	5.19e-14	2.12e-09	4.31e-09	1.65e-41
 1.45094e+15	1.50e-13	7.84e-09	3.77e-05	6.28e-03	9.94e-01	1.28e-05	0.00e+00	1.31e-14	3.93e-14	6.56e-14	2.59e-09	5.25e-09	3.54e-41
 1.49788e+15	1.87e-13	9.36e-09	4.28e-05	6.74e-03	9.93e-01	1.20e-05	0.00e+00	1.63e-14	4.88e-14	8.14e-14	3.09e-09	6.27e-09	7.11e-41
 1.55031e+15	2.30e-13	1.12e-08	4.90e-05	7.26e-03	9.93e-01	1.12e-05	0.00e+00	2.01e-14	6.02e-14	1.01e-13	3.70e-09	7.50e-09	1.42e-40
 1.61157e+15	3.05e-13	1.41e-08	5.72e-05	7.92e-03	9.92e-01	1.04e-05	0.00e+00	2.66e-14	7.99e-14	1.33e-13	4.65e-09	9.44e-09	3.48e-40
 1.67196e+15	3.93e-13	1.74e-08	6.63e-05	8.57e-03	9.91e-01	9.71e-06	0.00e+00	3.43e-14	1.03e-13	1.72e-13	5.74e-09	1.16e-08	7.74e-40
 1.72908e+15	4.94e-13	2.10e-08	7.58e-05	9.23e-03	9.91e-01	9.11e-06	0.00e+00	4.32e-14	1.30e-13	2.16e-13	6.94e-09	1.41e-08	1.61e-39
 1.79258e+15	6.18e-13	2.54e-08	8.75e-05	9.98e-03	9.90e-01	8.52e-06	0.00e+00	5.41e-14	1.62e-13	2.71e-13	8.40e-09	1.70e-08	3.29e-39
 1.86431e+15	8.33e-13	3.24e-08	1.02e-04	1.09e-02	9.89e-01	7.93e-06	0.00e+00	7.31e-14	2.19e-13	3.66e-13	1.07e-08	2.17e-08	8.36e-39
 1.92452e+15	1.04e-12	3.89e-08	1.16e-04	1.17e-02	9.88e-01	7.50e-06	0.00e+00	9.10e-14	2.73e-13	4.56e-13	1.28e-08	2.60e-08	1.66e-38
 1.96788e+15	1.21e-12	4.41e-08	1.27e-04	1.22e-02	9.88e-01	7.21e-06	0.00e+00	1.06e-13	3.18e-13	5.31e-13	1.46e-08	2.95e-08	2.66e-38
 2.01324e+15	1.41e-12	5.03e-08	1.39e-04	1.29e-02	9.87e-01	6.93e-06	0.00e+00	1.24e-13	3.73e-13	6.22e-13	1.66e-08	3.37e-08	4.27e-38
 2.07221e+15	1.68e-12	5.85e-08	1.56e-04	1.37e-02	9.86e-01	6.60e-06	0.00e+00	1.48e-13	4.44e-13	7.40e-13	1.93e-08	3.91e-08	7.38e-38
 2.13804e+15	2.14e-12	7.12e-08	1.77e-04	1.46e-02	9.85e-01	6.27e-06	0.00e+00	1.89e-13	5.66e-13	9.44e-13	2.36e-08	4.77e-08	1.54e-37
 2.19958e+15	2.54e-12	8.26e-08	1.98e-04	1.55e-02	9.84e-01	5.99e-06	0.00e+00	2.24e-13	6.72e-13	1.12e-12	2.74e-08	5.53e-08	2.62e-37
 2.26634e+15	3.18e-12	9.97e-08	2.24e-04	1.66e-02	9.83e-01	5.71e-06	0.00e+00	2.81e-13	8.43e-13	1.41e-12	3.30e-08	6.67e-08	5.32e-37
 2.34103e+15	3.99e-12	1.21e-07	2.55e-04	1.78e-02	9.82e-01	5.44e-06	0.00e+00	3.52e-13	1.06e-12	1.76e-12	3.99e-08	8.06e-08	1.05e-36
 2.41181e+15	4.80e-12	1.41e-07	2.87e-04	1.90e-02	9.81e-01	5.20e-06	0.00e+00	4.24e-13	1.27e-12	2.12e-12	4.67e-08	9.44e-08	1.84e-36
 2.48963e+15	5.95e-12	1.70e-07	3.26e-04	2.03e-02	9.79e-01	4.96e-06	0.00e+00	5.26e-13	1.58e-12	2.63e-12	5.61e-08	1.13e-07	3.55e-36
 2.57682e+15	7.73e-12	2.11e-07	3.75e-04	2.19e-02	9.78e-01	4.74e-06	0.00e+00	6.84e-13	2.05e-12	3.43e-12	6.99e-08	1.41e-07	7.94e-36
 2.65921e+15	9.62e-12	2.54e-07	4.26e-04	2.34e-02	9.76e-01	4.54e-06	0.00e+00	8.52e-13	2.56e-12	4.26e-12	8.41e-08	1.70e-07	1.52e-35
 2.74933e+15	1.21e-11	3.08e-07	4.87e-04	2.51e-02	9.74e-01	4.35e-06	0.00e+00	1.07e-12	3.21e-12	5.35e-12	1.02e-07	2.06e-07	2.98e-35
 2.84935e+15	1.52e-11	3.74e-07	5.62e-04	2.71e-02	9.72e-01	4.16e-06	0.00e+00	1.35e-12	4.04e-12	6.75e-12	1.24e-07	2.50e-07	5.79e-35
 2.94238e+15	1.95e-11	4.61e-07	6.41e-04	2.91e-02	9.70e-01	4.02e-06	0.00e+00	1.73e-12	5.18e-12	8.65e-12	1.53e-07	3.08e-07	1.22e-34
 3.04345e+15	2.47e-11	5.64e-07	7.36e-04	3.12e-02	9.68e-01	3.87e-06	0.00e+00	2.19e-12	6.58e-12	1.10e-11	1.87e-07	3.77e-07	2.43e-34
 3.15554e+15	3.10e-11	6.85e-07	8.51e-04	3.37e-02	9.65e-01	3.72e-06	0.00e+00	2.76e-12	8.28e-12	1.38e-11	2.27e-07	4.58e-07	4.64e-34
 3.26039e+15	3.89e-11	8.32e-07	9.73e-04	3.61e-02	9.63e-01	3.59e-06	0.00e+00	3.46e-12	1.04e-11	1.73e-11	2.76e-07	5.56e-07	8.99e-34
 3.37514e+15	5.08e-11	1.04e-06	1.12e-03	3.90e-02	9.60e-01	3.49e-06	0.00e+00	4.52e-12	1.36e-11	2.26e-11	3.46e-07	6.98e-07	1.99e-33
 3.50165e+15	6.51e-11	1.29e-06	1.30e-03	4.21e-02	9.57e-01	3.37e-06	0.00e+00	5.80e-12	1.74e-11	2.90e-11	4.29e-07	8.65e-07	4.03e-33
 3.61562e+15	8.05e-11	1.55e-06	1.49e-03	4.51e-02	9.53e-01	3.28e-06	0.00e+00	7.18e-12	2.15e-11	3.59e-11	5.13e-07	1.03e-06	7.19e-33
 3.72000e+15	9.81e-11	1.84e-06	1.67e-03	4.80e-02	9.50e-01	3.20e-06	0.00e+00	8.75e-12	2.63e-11	4.38e-11	6.10e-07	1.23e-06	1.27e-32
 3.83972e+15	1.25e-10	2.27e-06	1.91e-03	5.14e-02	9.47e-01	3.14e-06	0.00e+00	1.12e-11	3.36e-11	5.60e-11	7.52e-07	1.51e-06	2.60e-32
 3.97388e+15	1.58e-10	2.77e-06	2.20e-03	5.53e-02	9.42e-01	3.05e-06	0.00e+00	1.41e-11	4.24e-11	7.08e-11	9.20e-07	1.85e-06	4.94e-32
 4.10233e+15	1.96e-10	3.32e-06	2.51e-03	5.92e-02	9.38e-01	2.99e-06	0.00e+00	1.75e-11	5.26e-11	8.78e-11	1.10e-06	2.22e-06	8.71e-32
 4.21749e+15	2.38e-10	3.93e-06	2.82e-03	6.29e-02	9.34e-01	2.93e-06	0.00e+00	2.13e-11	6.40e-11	1.07e-10	1.30e-06	2.62e-06	1.49e-31
 4.32149e+15	2.84e-10	4.57e-06	3.13e-03	6.63e-02	9.31e-01	2.89e-06	0.00e+00	2.55e-11	7.64e-11	1.27e-10	1.52e-06	3.05e-06	2.43e-31
 4.43832e+15	3.45e-10	5.37e-06	3.50e-03	7.03e-02	9.26e-01	2.84e-06	0.00e+00	3.09e-11	9.28e-11	1.55e-10	1.78e-06	3.59e-06	4.06e-31
 4.56980e+15	4.26e-10	6.42e-06	3.96e-03	7.49e-02	9.21e-01	2.80e-06	0.00e+00	3.82e-11	1.15e-10	1.91e-10	2.13e-06	4.29e-06	7.08e-31
 4.69589e+15	5.19e-10	7.60e-06	4.45e-03	7.95e-02	9.16e-01	2.76e-06	0.00e+00	4.66e-11	1.40e-10	2.33e-10	2.52e-06	5.08e-06	1.20e-30
 4.83536e+15	6.58e-10	9.30e-06	5.06e-03	8.50e-02	9.10e-01	2.73e-06	0.00e+00	5.91e-11	1.77e-10	2.96e-10	3.09e-06	6.21e-06	2.30e-30
 4.98087e+15	8.10e-10	1.11e-05	5.74e-03	9.06e-02	9.04e-01	2.69e-06	0.00e+00	7.29e-11	2.19e-10	3.64e-10	3.69e-06	7.42e-06	3.90e-30
 5.11183e+15	9.75e-10	1.29e-05	6.42e-03	9.59e-02	8.98e-01	2.66e-06	0.00e+00	8.77e-11	2.63e-10	4.39e-10	4.29e-06	8.63e-06	5.98e-30
 5.25968e+15	1.20e-09	1.54e-05	7.28e-03	1.02e-01	8.90e-01	2.62e-06	0.00e+00	1.08e-10	3.25e-10	5.42e-10	5.13e-06	1.03e-05	1.02e-29
 5.42225e+15	1.55e-09	1.91e-05	8.35e-03	1.10e-01	8.82e-01	2.60e-06	0.00e+00	1.40e-10	4.19e-10	6.98e-10	6.36e-06	1.28e-05	2.01e-29
 5.56991e+15	1.89e-09	2.27e-05	9.41e-03	1.16e-01	8.74e-01	2.57e-06	0.00e+00	1.71e-10	5.12e-10	8.54e-10	7.55e-06	1.52e-05	3.30e-29
 5.72785e+15	2.35e-09	2.71e-05	1.07e-02	1.24e-01	8.65e-01	2.53e-06	0.00e+00	2.12e-10	6.37e-10	1.06e-09	9.02e-06	1.81e-05	5.55e-29
 5.90361e+15	2.94e-09	3.25e-05	1.22e-02	1.33e-01	8.55e-01	2.50e-06	0.00e+00	2.66e-10	7.98e-10	1.33e-09	1.08e-05	2.17e-05	9.22e-29
 6.06824e+15	3.74e-09	3.99e-05	1.39e-02	1.42e-01	8.44e-01	2.49e-06	0.00e+00	3.38e-10	1.01e-09	1.69e-09	1.33e-05	2.66e-05	1.72e-28
 6.21643e+15	4.52e-09	4.68e-05	1.56e-02	1.50e-01	8.35e-01	2.46e-06	0.00e+00	4.09e-10	1.23e-09	2.05e-09	1.56e-05	3.12e-05	2.70e-28
 6.37752e+15	5.59e-09	5.55e-05	1.76e-02	1.59e-01	8.23e-01	2.44e-06	0.00e+00	5.06e-10	1.52e-09	2.53e-09	1.85e-05	3.70e-05	4.37e-28
 6.55794e+15	6.96e-09	6.61e-05	2.01e-02	1.69e-01	8.10e-01	2.41e-06	0.00e+00	6.31e-10	1.89e-09	3.16e-09	2.20e-05	4.41e-05	7.02e-28
 6.72792e+15	8.84e-09	8.09e-05	2.28e-02	1.80e-01	7.97e-01	2.40e-06	0.00e+00	8.03e-10	2.41e-09	4.02e-09	2.69e-05	5.40e-05	1.28e-27
 6.87986e+15	1.07e-08	9.46e-05	2.55e-02	1.90e-01	7.84e-01	2.38e-06	0.00e+00	9.71e-10	2.91e-09	4.85e-09	3.15e-05	6.31e-05	1.97e-27
 7.04388e+15	1.32e-08	1.12e-04	2.88e-02	2.01e-01	7.70e-01	2.36e-06	0.00e+00	1.20e-09	3.60e-09	6.00e-09	3.72e-05	7.46e-05	3.11e-27
 7.22689e+15	1.64e-08	1.33e-04	3.27e-02	2.13e-01	7.54e-01	2.33e-06	0.00e+00	1.49e-09	4.48e-09	7.46e-09	4.41e-05	8.84e-05	4.88e-27
 7.39863e+15	2.09e-08	1.62e-04	3.72e-02	2.27e-01	7.36e-01	2.33e-06	0.00e+00	1.91e-09	5.73e-09	9.54e-09	5.41e-05	1.08e-04	8.87e-27
 7.53446e+15	2.47e-08	1.86e-04	4.09e-02	2.37e-01	7.22e-01	2.31e-06	0.00e+00	2.25e-09	6.75e-09	1.12e-08	6.18e-05	1.24e-04	1.26e-26
 7.65955e+15	2.92e-08	2.12e-04	4.49e-02	2.46e-01	7.08e-01	2.30e-06	0.00e+00	2.66e-09	7.98e-09	1.33e-08	7.06e-05	1.41e-04	1.83e-26
 7.82217e+15	3.60e-08	2.50e-04	5.05e-02	2.59e-01	6.90e-01	2.28e-06	0.00e+00	3.29e-09	9.86e-09	1.64e-08	8.31e-05	1.66e-04	2.83e-26
 8.00551e+15	4.61e-08	3.04e-04	5.77e-02	2.75e-01	6.67e-01	2.27e-06	0.00e+00	4.21e-09	1.26e-08	2.11e-08	1.01e-04	2.03e-04	4.94e-26
 8.17450e+15	5.62e-08	3.52e-04	6.49e-02	2.88e-01	6.46e-01	2.25e-06	0.00e+00	5.14e-09	1.54e-08	2.57e-08	1.17e-04	2.35e-04	7.10e-26
 8.32527e+15	7.02e-08	4.24e-04	7.27e-02	3.02e-01	6.24e-01	2.25e-06	0.00e+00	6.43e-09	1.93e-08	3.22e-08	1.41e-04	2.83e-04	1.23e-25
 8.46835e+15	8.51e-08	4.93e-04	8.08e-02	3.15e-01	6.03e-01	2.24e-06	0.00e+00	7.81e-09	2.34e-08	3.90e-08	1.64e-04	3.29e-04	1.86e-25
 8.60241e+15	1.02e-07	5.69e-04	8.91e-02	3.28e-01	5.83e-01	2.23e-06	0.00e+00	9.39e-09	2.82e-08	4.69e-08	1.90e-04	3.79e-04	2.77e-25
 8.72927e+15	1.22e-07	6.53e-04	9.79e-02	3.39e-01	5.62e-01	2.23e-06	0.00e+00	1.12e-08	3.36e-08	5.61e-08	2.17e-04	4.35e-04	4.05e-25
 8.87339e+15	1.47e-07	7.44e-04	1.09e-01	3.52e-01	5.38e-01	2.20e-06	0.00e+00	1.35e-08	4.05e-08	6.75e-08	2.48e-04	4.96e-04	5.66e-25
 9.06075e+15	2.01e-07	9.52e-04	1.26e-01	3.71e-01	5.02e-01	2.21e-06	0.00e+00	1.85e-08	5.55e-08	9.25e-08	3.17e-04	6.34e-04	1.21e-24
 9.23790e+15	2.48e-07	1.11e-03	1.43e-01	3.86e-01	4.70e-01	2.17e-06	0.00e+00	2.29e-08	6.86e-08	1.14e-07	3.69e-04	7.39e-04	1.74e-24
 9.37009e+15	3.02e-07	1.29e-03	1.58e-01	3.98e-01	4.43e-01	2.16e-06	0.00e+00	2.78e-08	8.34e-08	1.39e-07	4.31e-04	8.63e-04	2.73e-24
 9.49181e+15	3.77e-07	1.53e-03	1.74e-01	4.09e-01	4.15e-01	2.17e-06	0.00e+00	3.48e-08	1.04e-07	1.74e-07	5.11e-04	1.02e-03	4.66e-24
 9.60564e+15	4.50e-07	1.75e-03	1.90e-01	4.18e-01	3.90e-01	2.16e-06	0.00e+00	4.16e-08	1.25e-07	2.08e-07	5.83e-04	1.17e-03	6.92e-24
 9.70916e+15	5.32e-07	1.98e-03	2.06e-01	4.26e-01	3.65e-01	2.15e-06	0.00e+00	4.91e-08	1.47e-07	2.45e-07	6.61e-04	1.32e-03	1.01e-23
 9.82524e+15	6.57e-07	2.31e-03	2.27e-01	4.35e-01	3.36e-01	2.13e-06	0.00e+00	6.07e-08	1.82e-07	3.03e-07	7.71e-04	1.54e-03	1.68e-23
 9.93837e+15	7.65e-07	2.56e-03	2.45e-01	4.41e-01	3.11e-01	2.09e-06	0.00e+00	7.07e-08	2.12e-07	3.53e-07	8.54e-04	1.71e-03	2.20e-23
 1.00477e+16	9.17e-07	2.94e-03	2.67e-01	4.47e-01	2.83e-01	2.04e-06	0.00e+00	8.49e-08	2.55e-07	4.24e-07	9.79e-04	1.96e-03	3.43e-23
 1.01581e+16	1.12e-06	3.37e-03	2.91e-01	4.51e-01	2.55e-01	2.01e-06	0.00e+00	1.04e-07	3.11e-07	5.17e-07	1.12e-03	2.25e-03	5.43e-23
 1.02437e+16	1.31e-06	3.78e-03	3.10e-01	4.53e-01	2.33e-01	1.98e-06	0.00e+00	1.22e-07	3.65e-07	6.08e-07	1.26e-03	2.52e-03	8.07e-23
 1.03051e+16	1.51e-06	4.20e-03	3.26e-01	4.54e-01	2.16e-01	1.97e-06	0.00e+00	1.40e-07	4.21e-07	7.01e-07	1.40e-03	2.80e-03	1.20e-22
 1.03471e+16	1.63e-06	4.43e-03	3.36e-01	4.54e-01	2.05e-01	1.96e-06	0.00e+00	1.52e-07	4.54e-07	7.57e-07	1.48e-03	2.95e-03	1.44e-22
 1.03874e+16	1.77e-06	4.65e-03	3.47e-01	4.54e-01	1.95e-01	1.94e-06	0.00e+00	1.64e-07	4.92e-07	8.20e-07	1.55e-03	3.10e-03	1.71e-22
 1.04398e+16	1.92e-06	4.92e-03	3.60e-01	4.54e-01	1.82e-01	1.89e-06	0.00e+00	1.79e-07	5.36e-07	8.94e-07	1.64e-03	3.28e-03	2.07e-22
 1.05079e+16	2.23e-06	5.46e-03	3.79e-01	4.52e-01	1.64e-01	1.82e-06	0.00e+00	2.08e-07	6.22e-07	1.04e-06	1.82e-03	3.64e-03	3.08e-22
 1.05716e+16	2.53e-06	5.92e-03	3.96e-01	4.50e-01	1.49e-01	1.77e-06	0.00e+00	2.36e-07	7.07e-07	1.18e-06	1.97e-03	3.94e-03	4.16e-22
 1.06176e+16	2.76e-06	6.21e-03	4.08e-01	4.48e-01	1.38e-01	1.73e-06	0.00e+00	2.57e-07	7.71e-07	1.28e-06	2.07e-03	4.14e-03	4.96e-22
 1.06653e+16	3.04e-06	6.62e-03	4.21e-01	4.45e-01	1.27e-01	1.67e-06	0.00e+00	2.84e-07	8.51e-07	1.42e-06	2.21e-03	4.41e-03	6.31e-22
 1.07274e+16	3.54e-06	7.29e-03	4.40e-01	4.41e-01	1.12e-01	1.59e-06	0.00e+00	3.30e-07	9.90e-07	1.65e-06	2.43e-03	4.85e-03	9.38e-22
 1.07849e+16	3.93e-06	7.72e-03	4.56e-01	4.36e-01	1.00e-01	1.51e-06	0.00e+00	3.68e-07	1.10e-06	1.84e-06	2.58e-03	5.14e-03	1.16e-21
 1.08366e+16	4.43e-06	8.27e-03	4.71e-01	4.31e-01	8.95e-02	1.42e-06	0.00e+00	4.14e-07	1.24e-06	2.07e-06	2.76e-03	5.51e-03	1.55e-21
