#depth	He	He+	He+2
 1.49634e+10	5.26e-22	2.01e-11	1.00e+00
 4.54887e+10	6.06e-22	2.18e-11	1.00e+00
 7.72350e+10	6.95e-22	2.37e-11	1.00e+00
 1.10251e+11	7.99e-22	2.58e-11	1.00e+00
 1.41417e+11	9.08e-22	2.79e-11	1.00e+00
 1.69385e+11	1.01e-21	2.98e-11	1.00e+00
 2.00743e+11	1.14e-21	3.21e-11	1.00e+00
 2.37799e+11	1.31e-21	3.49e-11	1.00e+00
 2.74960e+11	1.51e-21	3.79e-11	1.00e+00
 3.10203e+11	1.71e-21	4.08e-11	1.00e+00
 3.49135e+11	1.95e-21	4.42e-11	1.00e+00
 3.93028e+11	2.26e-21	4.82e-11	1.00e+00
 4.37148e+11	2.60e-21	5.25e-11	1.00e+00
 4.83033e+11	3.00e-21	5.72e-11	1.00e+00
 5.32281e+11	3.48e-21	6.25e-11	1.00e+00
 5.78562e+11	3.99e-21	6.78e-11	1.00e+00
 6.20088e+11	4.48e-21	7.27e-11	1.00e+00
 6.66895e+11	5.08e-21	7.86e-11	1.00e+00
 7.22181e+11	5.90e-21	8.59e-11	1.00e+00
 7.77517e+11	6.80e-21	9.36e-11	1.00e+00
 8.29489e+11	7.72e-21	1.01e-10	1.00e+00
 8.87018e+11	8.84e-21	1.10e-10	1.00e+00
 9.52426e+11	1.03e-20	1.21e-10	1.00e+00
 1.01694e+12	1.19e-20	1.32e-10	1.00e+00
 1.08404e+12	1.37e-20	1.45e-10	1.00e+00
 1.15733e+12	1.59e-20	1.59e-10	1.00e+00
 1.23113e+12	1.83e-20	1.75e-10	1.00e+00
 1.30789e+12	2.11e-20	1.92e-10	1.00e+00
 1.38703e+12	2.44e-20	2.10e-10	1.00e+00
 1.46436e+12	2.78e-20	2.30e-10	1.00e+00
 1.54789e+12	3.19e-20	2.52e-10	1.00e+00
 1.63973e+12	3.68e-20	2.79e-10	1.00e+00
 1.73525e+12	4.24e-20	3.08e-10	1.00e+00
 1.83458e+12	4.88e-20	3.40e-10	1.00e+00
 1.93789e+12	5.61e-20	3.77e-10	1.00e+00
 2.03118e+12	6.33e-20	4.11e-10	1.00e+00
 2.10865e+12	6.96e-20	4.42e-10	1.00e+00
 2.19340e+12	7.68e-20	4.77e-10	1.00e+00
 2.30110e+12	8.68e-20	5.24e-10	1.00e+00
 2.41362e+12	9.82e-20	5.77e-10	1.00e+00
 2.51299e+12	1.09e-19	6.26e-10	1.00e+00
 2.60503e+12	1.19e-19	6.73e-10	1.00e+00
 2.70942e+12	1.32e-19	7.30e-10	1.00e+00
 2.83875e+12	1.48e-19	8.05e-10	1.00e+00
 2.96787e+12	1.66e-19	8.84e-10	1.00e+00
 3.07865e+12	1.82e-19	9.55e-10	1.00e+00
 3.19823e+12	2.01e-19	1.04e-09	1.00e+00
 3.34609e+12	2.25e-19	1.14e-09	1.00e+00
 3.49803e+12	2.53e-19	1.26e-09	1.00e+00
 3.63557e+12	2.80e-19	1.37e-09	1.00e+00
 3.78710e+12	3.11e-19	1.49e-09	1.00e+00
 3.96517e+12	3.52e-19	1.65e-09	1.00e+00
 4.14302e+12	3.98e-19	1.82e-09	1.00e+00
 4.31238e+12	4.46e-19	1.99e-09	1.00e+00
 4.49920e+12	5.04e-19	2.18e-09	1.00e+00
 4.70909e+12	5.77e-19	2.41e-09	1.00e+00
 4.89804e+12	6.51e-19	2.63e-09	1.00e+00
 5.05410e+12	7.18e-19	2.82e-09	1.00e+00
 5.22457e+12	7.99e-19	3.03e-09	1.00e+00
 5.44230e+12	9.13e-19	3.32e-09	1.00e+00
 5.66212e+12	1.04e-18	3.62e-09	1.00e+00
 5.84409e+12	1.16e-18	3.88e-09	1.00e+00
 6.03625e+12	1.30e-18	4.17e-09	1.00e+00
 6.28273e+12	1.50e-18	4.55e-09	1.00e+00
 6.54110e+12	1.74e-18	4.98e-09	1.00e+00
 6.76758e+12	1.97e-18	5.37e-09	1.00e+00
 7.01128e+12	2.25e-18	5.80e-09	1.00e+00
 7.28157e+12	2.60e-18	6.30e-09	1.00e+00
 7.53238e+12	2.97e-18	6.79e-09	1.00e+00
 7.80440e+12	3.41e-18	7.34e-09	1.00e+00
 8.10666e+12	3.96e-18	7.99e-09	1.00e+00
 8.38822e+12	4.54e-18	8.61e-09	1.00e+00
 8.69425e+12	5.24e-18	9.31e-09	1.00e+00
 9.03471e+12	6.13e-18	1.01e-08	1.00e+00
 9.35299e+12	7.06e-18	1.09e-08	1.00e+00
 9.69980e+12	8.20e-18	1.18e-08	1.00e+00
 1.00868e+13	9.65e-18	1.29e-08	1.00e+00
 1.04507e+13	1.12e-17	1.39e-08	1.00e+00
 1.08481e+13	1.31e-17	1.51e-08	1.00e+00
 1.12932e+13	1.54e-17	1.65e-08	1.00e+00
 1.17144e+13	1.80e-17	1.78e-08	1.00e+00
 1.21686e+13	2.11e-17	1.94e-08	1.00e+00
 1.26853e+13	2.51e-17	2.12e-08	1.00e+00
 1.31925e+13	2.97e-17	2.31e-08	1.00e+00
 1.37200e+13	3.48e-17	2.50e-08	1.00e+00
 1.42988e+13	4.15e-17	2.74e-08	1.00e+00
 1.48871e+13	4.91e-17	2.98e-08	1.00e+00
 1.54989e+13	5.82e-17	3.25e-08	1.00e+00
 1.60952e+13	6.81e-17	3.52e-08	1.00e+00
 1.66364e+13	7.82e-17	3.78e-08	1.00e+00
 1.71394e+13	8.85e-17	4.02e-08	1.00e+00
 1.76904e+13	1.01e-16	4.29e-08	1.00e+00
 1.83114e+13	1.16e-16	4.61e-08	1.00e+00
 1.89063e+13	1.33e-16	4.93e-08	1.00e+00
 1.95628e+13	1.53e-16	5.29e-08	1.00e+00
 2.02934e+13	1.77e-16	5.71e-08	1.00e+00
 2.09644e+13	2.03e-16	6.10e-08	1.00e+00
 2.15852e+13	2.28e-16	6.48e-08	1.00e+00
 2.22967e+13	2.60e-16	6.92e-08	1.00e+00
 2.31679e+13	3.03e-16	7.48e-08	1.00e+00
 2.40386e+13	3.53e-16	8.07e-08	1.00e+00
 2.47970e+13	4.00e-16	8.59e-08	1.00e+00
 2.56172e+13	4.55e-16	9.17e-08	1.00e+00
 2.66174e+13	5.29e-16	9.90e-08	1.00e+00
 2.76368e+13	6.16e-16	1.07e-07	1.00e+00
 2.85595e+13	7.01e-16	1.14e-07	1.00e+00
 2.95713e+13	8.03e-16	1.22e-07	1.00e+00
 3.07611e+13	9.36e-16	1.32e-07	1.00e+00
 3.19480e+13	1.09e-15	1.42e-07	1.00e+00
 3.30678e+13	1.24e-15	1.52e-07	1.00e+00
 3.43059e+13	1.43e-15	1.64e-07	1.00e+00
 3.57080e+13	1.68e-15	1.77e-07	1.00e+00
 3.71133e+13	1.94e-15	1.91e-07	1.00e+00
 3.85748e+13	2.26e-15	2.06e-07	1.00e+00
 4.01477e+13	2.64e-15	2.23e-07	1.00e+00
 4.17836e+13	3.07e-15	2.41e-07	1.00e+00
 4.33646e+13	3.54e-15	2.59e-07	1.00e+00
 4.48479e+13	4.04e-15	2.77e-07	1.00e+00
 4.62421e+13	4.54e-15	2.93e-07	1.00e+00
 4.77555e+13	5.13e-15	3.12e-07	1.00e+00
 4.94512e+13	5.86e-15	3.34e-07	1.00e+00
 5.10581e+13	6.64e-15	3.56e-07	1.00e+00
 5.28209e+13	7.56e-15	3.80e-07	1.00e+00
 5.48021e+13	8.70e-15	4.09e-07	1.00e+00
 5.66920e+13	9.91e-15	4.37e-07	1.00e+00
 5.87639e+13	1.14e-14	4.69e-07	1.00e+00
 6.10780e+13	1.32e-14	5.06e-07	1.00e+00
 6.33015e+13	1.51e-14	5.42e-07	1.00e+00
 6.56803e+13	1.74e-14	5.83e-07	1.00e+00
 6.83374e+13	2.04e-14	6.32e-07	1.00e+00
 7.07939e+13	2.33e-14	6.77e-07	1.00e+00
 7.29222e+13	2.62e-14	7.19e-07	1.00e+00
 7.52829e+13	2.95e-14	7.65e-07	1.00e+00
 7.81645e+13	3.42e-14	8.26e-07	1.00e+00
 8.10790e+13	3.94e-14	8.89e-07	1.00e+00
 8.36979e+13	4.45e-14	9.48e-07	1.00e+00
 8.65770e+13	5.06e-14	1.01e-06	1.00e+00
 8.99833e+13	5.88e-14	1.10e-06	1.00e+00
 9.33354e+13	6.76e-14	1.18e-06	1.00e+00
 9.64051e+13	7.66e-14	1.26e-06	1.00e+00
 9.98473e+13	8.76e-14	1.35e-06	1.00e+00
 1.03844e+14	1.02e-13	1.47e-06	1.00e+00
 1.07761e+14	1.17e-13	1.58e-06	1.00e+00
 1.11470e+14	1.33e-13	1.69e-06	1.00e+00
 1.15594e+14	1.53e-13	1.82e-06	1.00e+00
 1.20248e+14	1.78e-13	1.97e-06	1.00e+00
 1.24911e+14	2.05e-13	2.13e-06	1.00e+00
 1.29302e+14	2.33e-13	2.29e-06	1.00e+00
 1.34044e+14	2.67e-13	2.46e-06	1.00e+00
 1.39435e+14	3.09e-13	2.67e-06	1.00e+00
 1.44529e+14	3.53e-13	2.86e-06	1.00e+00
 1.49131e+14	3.96e-13	3.05e-06	1.00e+00
 1.53498e+14	4.40e-13	3.24e-06	1.00e+00
 1.58349e+14	4.92e-13	3.45e-06	1.00e+00
 1.63750e+14	5.57e-13	3.69e-06	1.00e+00
 1.68837e+14	6.21e-13	3.93e-06	1.00e+00
 1.74421e+14	6.99e-13	4.19e-06	1.00e+00
 1.80677e+14	7.95e-13	4.51e-06	1.00e+00
 1.86593e+14	8.90e-13	4.81e-06	1.00e+00
 1.93069e+14	1.01e-12	5.15e-06	1.00e+00
 2.00227e+14	1.14e-12	5.55e-06	1.00e+00
 2.06839e+14	1.28e-12	5.92e-06	1.00e+00
 2.14002e+14	1.45e-12	6.36e-06	1.00e+00
 2.21996e+14	1.65e-12	6.85e-06	1.00e+00
 2.29507e+14	1.85e-12	7.33e-06	1.00e+00
 2.37706e+14	2.09e-12	7.88e-06	1.00e+00
 2.46809e+14	2.38e-12	8.51e-06	1.00e+00
 2.55306e+14	2.68e-12	9.12e-06	1.00e+00
 2.64535e+14	3.04e-12	9.83e-06	1.00e+00
 2.74838e+14	3.47e-12	1.06e-05	1.00e+00
 2.84644e+14	3.92e-12	1.14e-05	1.00e+00
 2.95153e+14	4.44e-12	1.23e-05	1.00e+00
 3.06989e+14	5.10e-12	1.34e-05	1.00e+00
 3.18625e+14	5.80e-12	1.45e-05	1.00e+00
 3.30728e+14	6.63e-12	1.57e-05	1.00e+00
 3.43987e+14	7.61e-12	1.70e-05	1.00e+00
 3.57085e+14	8.69e-12	1.85e-05	1.00e+00
 3.67922e+14	9.64e-12	1.97e-05	1.00e+00
 3.76605e+14	1.05e-11	2.07e-05	1.00e+00
 3.86229e+14	1.14e-11	2.18e-05	1.00e+00
 3.98742e+14	1.29e-11	2.34e-05	1.00e+00
 4.12152e+14	1.45e-11	2.52e-05	1.00e+00
 4.24057e+14	1.60e-11	2.68e-05	1.00e+00
 4.36861e+14	1.79e-11	2.86e-05	1.00e+00
 4.52995e+14	2.04e-11	3.10e-05	1.00e+00
 4.69380e+14	2.33e-11	3.35e-05	1.00e+00
 4.83445e+14	2.59e-11	3.58e-05	1.00e+00
 4.98574e+14	2.90e-11	3.83e-05	1.00e+00
 5.17282e+14	3.34e-11	4.16e-05	1.00e+00
 5.36284e+14	3.83e-11	4.52e-05	1.00e+00
 5.53027e+14	4.29e-11	4.84e-05	1.00e+00
 5.71190e+14	4.82e-11	5.20e-05	1.00e+00
 5.93100e+14	5.60e-11	5.67e-05	1.00e+00
 6.14864e+14	6.43e-11	6.15e-05	1.00e+00
 6.34309e+14	7.18e-11	6.60e-05	1.00e+00
 6.55757e+14	8.23e-11	7.12e-05	1.00e+00
 6.81253e+14	9.52e-11	7.76e-05	1.00e+00
 7.06576e+14	1.10e-10	8.44e-05	1.00e+00
 7.29870e+14	1.23e-10	9.07e-05	1.00e+00
 7.55958e+14	1.43e-10	9.84e-05	1.00e+00
 7.86132e+14	1.66e-10	1.07e-04	1.00e+00
 8.15788e+14	1.92e-10	1.17e-04	1.00e+00
 8.46629e+14	2.22e-10	1.27e-04	1.00e+00
 8.74723e+14	2.53e-10	1.37e-04	1.00e+00
 8.95423e+14	2.78e-10	1.44e-04	1.00e+00
 9.16633e+14	3.05e-10	1.52e-04	1.00e+00
 9.44205e+14	3.39e-10	1.63e-04	1.00e+00
 9.74458e+14	3.88e-10	1.75e-04	1.00e+00
 1.00208e+15	4.33e-10	1.86e-04	1.00e+00
 1.03188e+15	4.83e-10	1.99e-04	1.00e+00
 1.06971e+15	5.63e-10	2.16e-04	1.00e+00
 1.10770e+15	6.39e-10	2.33e-04	1.00e+00
 1.13953e+15	7.19e-10	2.49e-04	1.00e+00
 1.17364e+15	8.09e-10	2.66e-04	1.00e+00
 1.21680e+15	9.44e-10	2.88e-04	1.00e+00
 1.26209e+15	1.08e-09	3.12e-04	1.00e+00
 1.30272e+15	1.23e-09	3.35e-04	1.00e+00
 1.34691e+15	1.41e-09	3.61e-04	1.00e+00
 1.39934e+15	1.67e-09	3.94e-04	1.00e+00
 1.45094e+15	1.93e-09	4.26e-04	1.00e+00
 1.49788e+15	2.20e-09	4.58e-04	1.00e+00
 1.55031e+15	2.50e-09	4.94e-04	1.00e+00
 1.61157e+15	2.97e-09	5.38e-04	9.99e-01
 1.67196e+15	3.44e-09	5.83e-04	9.99e-01
 1.72908e+15	3.96e-09	6.28e-04	9.99e-01
 1.79258e+15	4.53e-09	6.80e-04	9.99e-01
 1.86431e+15	5.43e-09	7.42e-04	9.99e-01
 1.92452e+15	6.19e-09	7.95e-04	9.99e-01
 1.96788e+15	6.78e-09	8.35e-04	9.99e-01
 2.01324e+15	7.45e-09	8.78e-04	9.99e-01
 2.07221e+15	8.26e-09	9.34e-04	9.99e-01
 2.13804e+15	9.56e-09	1.00e-03	9.99e-01
 2.19958e+15	1.06e-08	1.06e-03	9.99e-01
 2.26634e+15	1.22e-08	1.14e-03	9.99e-01
 2.34103e+15	1.39e-08	1.22e-03	9.99e-01
 2.41181e+15	1.55e-08	1.30e-03	9.99e-01
 2.48963e+15	1.76e-08	1.39e-03	9.99e-01
 2.57682e+15	2.08e-08	1.50e-03	9.98e-01
 2.65921e+15	2.36e-08	1.61e-03	9.98e-01
 2.74933e+15	2.70e-08	1.73e-03	9.98e-01
 2.84935e+15	3.09e-08	1.87e-03	9.98e-01
 2.94238e+15	3.61e-08	2.00e-03	9.98e-01
 3.04345e+15	4.15e-08	2.16e-03	9.98e-01
 3.15554e+15	4.73e-08	2.33e-03	9.98e-01
 3.26039e+15	5.43e-08	2.50e-03	9.97e-01
 3.37514e+15	6.42e-08	2.70e-03	9.97e-01
 3.50165e+15	7.43e-08	2.93e-03	9.97e-01
 3.61562e+15	8.41e-08	3.14e-03	9.97e-01
 3.72000e+15	9.50e-08	3.35e-03	9.97e-01
 3.83972e+15	1.11e-07	3.59e-03	9.96e-01
 3.97388e+15	1.27e-07	3.88e-03	9.96e-01
 4.10233e+15	1.44e-07	4.16e-03	9.96e-01
 4.21749e+15	1.63e-07	4.43e-03	9.96e-01
 4.32149e+15	1.81e-07	4.69e-03	9.95e-01
 4.43832e+15	2.03e-07	4.98e-03	9.95e-01
 4.56980e+15	2.30e-07	5.33e-03	9.95e-01
 4.69589e+15	2.60e-07	5.67e-03	9.94e-01
 4.83536e+15	3.01e-07	6.08e-03	9.94e-01
 4.98087e+15	3.41e-07	6.52e-03	9.93e-01
 5.11183e+15	3.79e-07	6.94e-03	9.93e-01
 5.25968e+15	4.31e-07	7.44e-03	9.93e-01
 5.42225e+15	5.06e-07	8.03e-03	9.92e-01
 5.56991e+15	5.71e-07	8.58e-03	9.91e-01
 5.72785e+15	6.48e-07	9.21e-03	9.91e-01
 5.90361e+15	7.37e-07	9.95e-03	9.90e-01
 6.06824e+15	8.60e-07	1.07e-02	9.89e-01
 6.21643e+15	9.65e-07	1.14e-02	9.89e-01
 6.37752e+15	1.09e-06	1.23e-02	9.88e-01
 6.55794e+15	1.24e-06	1.33e-02	9.87e-01
 6.72792e+15	1.45e-06	1.43e-02	9.86e-01
 6.87986e+15	1.63e-06	1.53e-02	9.85e-01
 7.04388e+15	1.84e-06	1.65e-02	9.83e-01
 7.22689e+15	2.10e-06	1.79e-02	9.82e-01
 7.39863e+15	2.46e-06	1.94e-02	9.81e-01
 7.53446e+15	2.72e-06	2.07e-02	9.79e-01
 7.65955e+15	3.02e-06	2.20e-02	9.78e-01
 7.82217e+15	3.44e-06	2.38e-02	9.76e-01
 8.00551e+15	4.03e-06	2.61e-02	9.74e-01
 8.17450e+15	4.55e-06	2.84e-02	9.72e-01
 8.32527e+15	5.30e-06	3.08e-02	9.69e-01
 8.46835e+15	6.03e-06	3.33e-02	9.67e-01
 8.60241e+15	6.82e-06	3.59e-02	9.64e-01
 8.72927e+15	7.69e-06	3.87e-02	9.61e-01
 8.87339e+15	8.68e-06	4.23e-02	9.58e-01
 9.06075e+15	1.08e-05	4.78e-02	9.52e-01
 9.23790e+15	1.26e-05	5.38e-02	9.46e-01
 9.37009e+15	1.47e-05	5.92e-02	9.41e-01
 9.49181e+15	1.73e-05	6.50e-02	9.35e-01
 9.60564e+15	1.99e-05	7.12e-02	9.29e-01
 9.70916e+15	2.28e-05	7.77e-02	9.22e-01
 9.82524e+15	2.70e-05	8.64e-02	9.14e-01
 9.93837e+15	3.08e-05	9.58e-02	9.04e-01
 1.00477e+16	3.64e-05	1.07e-01	8.93e-01
 1.01581e+16	4.34e-05	1.20e-01	8.80e-01
 1.02437e+16	5.03e-05	1.32e-01	8.68e-01
 1.03051e+16	5.71e-05	1.42e-01	8.58e-01
 1.03471e+16	6.14e-05	1.49e-01	8.51e-01
 1.03874e+16	6.61e-05	1.57e-01	8.43e-01
 1.04398e+16	7.24e-05	1.68e-01	8.32e-01
 1.05079e+16	8.38e-05	1.84e-01	8.16e-01
 1.05716e+16	9.49e-05	2.00e-01	7.99e-01
 1.06176e+16	1.04e-04	2.14e-01	7.86e-01
 1.06653e+16	1.15e-04	2.29e-01	7.71e-01
 1.07274e+16	1.33e-04	2.51e-01	7.49e-01
 1.07849e+16	1.50e-04	2.74e-01	7.26e-01
 1.08366e+16	1.69e-04	2.96e-01	7.03e-01
 1.08907e+16	1.91e-04	3.22e-01	6.78e-01
 1.09367e+16	2.13e-04	3.46e-01	6.54e-01
 1.09780e+16	2.35e-04	3.69e-01	6.31e-01
 1.10246e+16	2.65e-04	3.97e-01	6.03e-01
 1.10723e+16	2.96e-04	4.26e-01	5.74e-01
 1.11214e+16	3.33e-04	4.59e-01	5.41e-01
 1.11740e+16	3.74e-04	4.95e-01	5.05e-01
 1.12213e+16	4.14e-04	5.28e-01	4.72e-01
 1.12729e+16	4.64e-04	5.65e-01	4.34e-01
 1.13294e+16	5.19e-04	6.05e-01	3.95e-01
 1.13822e+16	5.73e-04	6.41e-01	3.58e-01
 1.14408e+16	6.38e-04	6.81e-01	3.18e-01
 1.15066e+16	7.10e-04	7.22e-01	2.78e-01
 1.15586e+16	7.64e-04	7.50e-01	2.49e-01
 1.15942e+16	8.04e-04	7.69e-01	2.31e-01
 1.16315e+16	8.47e-04	7.88e-01	2.11e-01
 1.16801e+16	9.02e-04	8.10e-01	1.89e-01
 1.17341e+16	9.60e-04	8.32e-01	1.67e-01
 1.17851e+16	1.01e-03	8.51e-01	1.48e-01
 1.18413e+16	1.08e-03	8.69e-01	1.30e-01
 1.19031e+16	1.14e-03	8.86e-01	1.13e-01
 1.19584e+16	1.20e-03	8.99e-01	1.00e-01
 1.20077e+16	1.25e-03	9.09e-01	8.97e-02
 1.20631e+16	1.31e-03	9.20e-01	7.91e-02
 1.21243e+16	1.37e-03	9.29e-01	6.95e-02
 1.21799e+16	1.44e-03	9.37e-01	6.18e-02
 1.22297e+16	1.49e-03	9.43e-01	5.58e-02
 1.22854e+16	1.56e-03	9.49e-01	4.97e-02
 1.23462e+16	1.63e-03	9.54e-01	4.41e-02
 1.24000e+16	1.70e-03	9.59e-01	3.98e-02
 1.24475e+16	1.77e-03	9.62e-01	3.63e-02
 1.25004e+16	1.84e-03	9.65e-01	3.29e-02
 1.25578e+16	1.93e-03	9.69e-01	2.96e-02
 1.26086e+16	2.01e-03	9.71e-01	2.71e-02
 1.26536e+16	2.09e-03	9.73e-01	2.50e-02
 1.27039e+16	2.18e-03	9.75e-01	2.28e-02
 1.27584e+16	2.30e-03	9.77e-01	2.08e-02
 1.28063e+16	2.40e-03	9.78e-01	1.92e-02
 1.28487e+16	2.50e-03	9.80e-01	1.79e-02
 1.28961e+16	2.62e-03	9.81e-01	1.66e-02
 1.29476e+16	2.77e-03	9.82e-01	1.52e-02
 1.29931e+16	2.91e-03	9.83e-01	1.42e-02
 1.30337e+16	3.04e-03	9.84e-01	1.34e-02
 1.30793e+16	3.21e-03	9.84e-01	1.24e-02
 1.31291e+16	3.41e-03	9.85e-01	1.15e-02
 1.31733e+16	3.61e-03	9.86e-01	1.08e-02
 1.32126e+16	3.80e-03	9.86e-01	1.02e-02
 1.32565e+16	4.05e-03	9.86e-01	9.53e-03
 1.33051e+16	4.35e-03	9.87e-01	8.88e-03
 1.33493e+16	4.66e-03	9.87e-01	8.35e-03
 1.33896e+16	4.98e-03	9.87e-01	7.88e-03
 1.34351e+16	5.40e-03	9.87e-01	7.37e-03
 1.34853e+16	5.92e-03	9.87e-01	6.88e-03
 1.35301e+16	6.48e-03	9.87e-01	6.48e-03
 1.35682e+16	7.02e-03	9.87e-01	6.17e-03
 1.36095e+16	7.70e-03	9.86e-01	5.83e-03
 1.36542e+16	8.58e-03	9.86e-01	5.50e-03
 1.36929e+16	9.51e-03	9.85e-01	5.24e-03
 1.37229e+16	1.03e-02	9.85e-01	5.07e-03
 1.37475e+16	1.11e-02	9.84e-01	4.92e-03
 1.37747e+16	1.21e-02	9.83e-01	4.74e-03
 1.38046e+16	1.34e-02	9.82e-01	4.57e-03
 1.38307e+16	1.47e-02	9.81e-01	4.44e-03
 1.38525e+16	1.59e-02	9.80e-01	4.35e-03
 1.38760e+16	1.75e-02	9.78e-01	4.23e-03
 1.39016e+16	1.94e-02	9.76e-01	4.13e-03
 1.39239e+16	2.15e-02	9.74e-01	4.04e-03
 1.39427e+16	2.35e-02	9.73e-01	3.98e-03
 1.39629e+16	2.59e-02	9.70e-01	3.91e-03
 1.39853e+16	2.91e-02	9.67e-01	3.85e-03
 1.40052e+16	3.25e-02	9.64e-01	3.80e-03
 1.40223e+16	3.59e-02	9.60e-01	3.78e-03
 1.40408e+16	4.01e-02	9.56e-01	3.75e-03
 1.40611e+16	4.57e-02	9.51e-01	3.74e-03
 1.40789e+16	5.16e-02	9.45e-01	3.74e-03
 1.40938e+16	5.73e-02	9.39e-01	3.75e-03
 1.41089e+16	6.40e-02	9.32e-01	3.77e-03
 1.41248e+16	7.22e-02	9.24e-01	3.80e-03
 1.41394e+16	8.10e-02	9.15e-01	3.84e-03
 1.41522e+16	9.01e-02	9.06e-01	3.88e-03
 1.41638e+16	9.90e-02	8.97e-01	3.94e-03
 1.41744e+16	1.09e-01	8.87e-01	3.98e-03
 1.41843e+16	1.18e-01	8.78e-01	4.04e-03
 1.41920e+16	1.26e-01	8.70e-01	4.09e-03
 1.41970e+16	1.32e-01	8.64e-01	4.12e-03
 1.42014e+16	1.38e-01	8.58e-01	4.14e-03
 1.42066e+16	1.44e-01	8.51e-01	4.17e-03
 1.42123e+16	1.52e-01	8.44e-01	4.21e-03
 1.42179e+16	1.60e-01	8.36e-01	4.25e-03
 1.42231e+16	1.68e-01	8.28e-01	4.29e-03
 1.42282e+16	1.76e-01	8.20e-01	4.32e-03
 1.42333e+16	1.85e-01	8.11e-01	4.37e-03
 1.42385e+16	1.94e-01	8.02e-01	4.40e-03
 1.42436e+16	2.03e-01	7.92e-01	4.44e-03
 1.42486e+16	2.13e-01	7.82e-01	4.48e-03
 1.42536e+16	2.24e-01	7.72e-01	4.51e-03
 1.42585e+16	2.34e-01	7.61e-01	4.55e-03
 1.42633e+16	2.45e-01	7.50e-01	4.59e-03
 1.42682e+16	2.57e-01	7.38e-01	4.62e-03
 1.42730e+16	2.69e-01	7.26e-01	4.66e-03
 1.42778e+16	2.82e-01	7.13e-01	4.68e-03
 1.42825e+16	2.94e-01	7.01e-01	4.72e-03
 1.42872e+16	3.08e-01	6.88e-01	4.75e-03
 1.42919e+16	3.22e-01	6.73e-01	4.77e-03
 1.42965e+16	3.36e-01	6.60e-01	4.79e-03
 1.43010e+16	3.50e-01	6.45e-01	4.81e-03
 1.43056e+16	3.65e-01	6.30e-01	4.83e-03
 1.43101e+16	3.80e-01	6.15e-01	4.84e-03
 1.43145e+16	3.96e-01	6.00e-01	4.85e-03
 1.43189e+16	4.11e-01	5.84e-01	4.85e-03
 1.43233e+16	4.27e-01	5.68e-01	4.85e-03
 1.43278e+16	4.44e-01	5.52e-01	4.85e-03
 1.43321e+16	4.60e-01	5.35e-01	4.84e-03
 1.43364e+16	4.77e-01	5.19e-01	4.83e-03
 1.43406e+16	4.93e-01	5.02e-01	4.81e-03
 1.43447e+16	5.09e-01	4.86e-01	4.79e-03
 1.43488e+16	5.25e-01	4.70e-01	4.77e-03
 1.43528e+16	5.41e-01	4.54e-01	4.73e-03
 1.43568e+16	5.57e-01	4.38e-01	4.70e-03
 1.43607e+16	5.73e-01	4.23e-01	4.65e-03
 1.43646e+16	5.88e-01	4.07e-01	4.61e-03
 1.43685e+16	6.04e-01	3.92e-01	4.55e-03
 1.43723e+16	6.18e-01	3.77e-01	4.50e-03
 1.43761e+16	6.33e-01	3.62e-01	4.44e-03
 1.43799e+16	6.48e-01	3.48e-01	4.37e-03
 1.43837e+16	6.62e-01	3.34e-01	4.30e-03
 1.43874e+16	6.76e-01	3.20e-01	4.22e-03
 1.43912e+16	6.89e-01	3.07e-01	4.15e-03
 1.43950e+16	7.02e-01	2.94e-01	4.06e-03
 1.43987e+16	7.15e-01	2.81e-01	3.98e-03
 1.44025e+16	7.27e-01	2.69e-01	3.89e-03
 1.44064e+16	7.40e-01	2.57e-01	3.79e-03
 1.44103e+16	7.51e-01	2.45e-01	3.69e-03
 1.44143e+16	7.63e-01	2.34e-01	3.60e-03
 1.44179e+16	7.73e-01	2.24e-01	3.50e-03
 1.44210e+16	7.81e-01	2.16e-01	3.42e-03
 1.44238e+16	7.88e-01	2.09e-01	3.34e-03
 1.44267e+16	7.95e-01	2.01e-01	3.26e-03
 1.44298e+16	8.03e-01	1.94e-01	3.18e-03
 1.44328e+16	8.09e-01	1.88e-01	3.11e-03
 1.44356e+16	8.16e-01	1.81e-01	3.03e-03
 1.44385e+16	8.21e-01	1.76e-01	2.96e-03
 1.44414e+16	8.27e-01	1.70e-01	2.89e-03
 1.44442e+16	8.32e-01	1.65e-01	2.83e-03
 1.44471e+16	8.37e-01	1.60e-01	2.76e-03
 1.44499e+16	8.42e-01	1.55e-01	2.70e-03
 1.44528e+16	8.46e-01	1.51e-01	2.63e-03
 1.44557e+16	8.51e-01	1.47e-01	2.57e-03
 1.44586e+16	8.55e-01	1.43e-01	2.51e-03
 1.44615e+16	8.59e-01	1.39e-01	2.46e-03
 1.44646e+16	8.62e-01	1.35e-01	2.40e-03
 1.44677e+16	8.66e-01	1.32e-01	2.35e-03
 1.44708e+16	8.69e-01	1.28e-01	2.29e-03
 1.44741e+16	8.73e-01	1.25e-01	2.24e-03
 1.44774e+16	8.76e-01	1.22e-01	2.19e-03
 1.44809e+16	8.79e-01	1.19e-01	2.14e-03
 1.44844e+16	8.81e-01	1.16e-01	2.09e-03
 1.44882e+16	8.84e-01	1.14e-01	2.05e-03
 1.44921e+16	8.87e-01	1.11e-01	2.00e-03
 1.44962e+16	8.89e-01	1.09e-01	1.95e-03
 1.45006e+16	8.92e-01	1.06e-01	1.91e-03
 1.45053e+16	8.94e-01	1.04e-01	1.87e-03
 1.45103e+16	8.96e-01	1.02e-01	1.82e-03
 1.45158e+16	8.98e-01	9.98e-02	1.78e-03
 1.45218e+16	9.00e-01	9.78e-02	1.74e-03
 1.45284e+16	9.02e-01	9.58e-02	1.70e-03
 1.45357e+16	9.04e-01	9.40e-02	1.65e-03
 1.45440e+16	9.06e-01	9.21e-02	1.61e-03
 1.45537e+16	9.08e-01	9.03e-02	1.57e-03
 1.45649e+16	9.10e-01	8.86e-02	1.52e-03
 1.45779e+16	9.12e-01	8.68e-02	1.47e-03
 1.45931e+16	9.14e-01	8.50e-02	1.42e-03
 1.46109e+16	9.15e-01	8.32e-02	1.36e-03
 1.46318e+16	9.17e-01	8.13e-02	1.30e-03
 1.46566e+16	9.20e-01	7.92e-02	1.24e-03
 1.46861e+16	9.22e-01	7.68e-02	1.16e-03
 1.47173e+16	9.24e-01	7.45e-02	1.09e-03
 1.47473e+16	9.27e-01	7.24e-02	1.03e-03
 1.47752e+16	9.29e-01	7.05e-02	9.71e-04
 1.48007e+16	9.30e-01	6.88e-02	9.23e-04
 1.48238e+16	9.32e-01	6.73e-02	8.81e-04
 1.48448e+16	9.33e-01	6.60e-02	8.45e-04
 1.48640e+16	9.34e-01	6.48e-02	8.13e-04
 1.48814e+16	9.36e-01	6.37e-02	7.84e-04
 1.48973e+16	9.37e-01	6.27e-02	7.60e-04
 1.49146e+16	9.38e-01	6.17e-02	7.33e-04
 1.49334e+16	9.39e-01	6.05e-02	7.06e-04
 1.49505e+16	9.40e-01	5.95e-02	6.81e-04
 1.49660e+16	9.41e-01	5.86e-02	6.60e-04
 1.49830e+16	9.42e-01	5.76e-02	6.37e-04
 1.50014e+16	9.43e-01	5.66e-02	6.13e-04
 1.50181e+16	9.44e-01	5.56e-02	5.91e-04
 1.50334e+16	9.45e-01	5.48e-02	5.73e-04
 1.50472e+16	9.45e-01	5.40e-02	5.56e-04
 1.50624e+16	9.46e-01	5.32e-02	5.38e-04
 1.50788e+16	9.47e-01	5.23e-02	5.20e-04
 1.50937e+16	9.48e-01	5.15e-02	5.03e-04
 1.51072e+16	9.49e-01	5.08e-02	4.89e-04
 1.51221e+16	9.50e-01	4.99e-02	4.72e-04
 1.51382e+16	9.50e-01	4.91e-02	4.56e-04
 1.51528e+16	9.51e-01	4.84e-02	4.42e-04
 1.51661e+16	9.52e-01	4.77e-02	4.29e-04
 1.51782e+16	9.53e-01	4.70e-02	4.17e-04
 1.51892e+16	9.53e-01	4.65e-02	4.07e-04
 1.52012e+16	9.54e-01	4.58e-02	3.95e-04
 1.52142e+16	9.54e-01	4.52e-02	3.84e-04
 1.52261e+16	9.55e-01	4.46e-02	3.74e-04
 1.52391e+16	9.56e-01	4.39e-02	3.62e-04
 1.52531e+16	9.56e-01	4.33e-02	3.51e-04
 1.52659e+16	9.57e-01	4.27e-02	3.41e-04
 1.52775e+16	9.58e-01	4.21e-02	3.32e-04
 1.52902e+16	9.58e-01	4.15e-02	3.22e-04
 1.53039e+16	9.59e-01	4.09e-02	3.12e-04
 1.53164e+16	9.59e-01	4.03e-02	3.04e-04
 1.53278e+16	9.60e-01	3.98e-02	2.96e-04
 1.53402e+16	9.61e-01	3.92e-02	2.87e-04
 1.53537e+16	9.61e-01	3.86e-02	2.78e-04
 1.53659e+16	9.62e-01	3.81e-02	2.71e-04
 1.53771e+16	9.62e-01	3.76e-02	2.64e-04
 1.53893e+16	9.63e-01	3.71e-02	2.56e-04
 1.54025e+16	9.63e-01	3.65e-02	2.49e-04
 1.54145e+16	9.64e-01	3.60e-02	2.42e-04
 1.54254e+16	9.64e-01	3.56e-02	2.36e-04
 1.54373e+16	9.65e-01	3.51e-02	2.29e-04
 1.54502e+16	9.65e-01	3.46e-02	2.23e-04
 1.54620e+16	9.66e-01	3.42e-02	2.17e-04
 1.54749e+16	9.66e-01	3.36e-02	2.10e-04
 1.54888e+16	9.67e-01	3.31e-02	2.04e-04
 1.55014e+16	9.67e-01	3.27e-02	1.99e-04
 1.55153e+16	9.68e-01	3.22e-02	1.92e-04
 1.55302e+16	9.68e-01	3.17e-02	1.87e-04
 1.55438e+16	9.69e-01	3.12e-02	1.81e-04
 1.55562e+16	9.69e-01	3.08e-02	1.77e-04
 1.55698e+16	9.69e-01	3.03e-02	1.71e-04
 1.55845e+16	9.70e-01	2.99e-02	1.66e-04
 1.55978e+16	9.70e-01	2.95e-02	1.62e-04
 1.56124e+16	9.71e-01	2.90e-02	1.56e-04
 1.56282e+16	9.71e-01	2.85e-02	1.52e-04
 1.56426e+16	9.72e-01	2.81e-02	1.47e-04
 1.56556e+16	9.72e-01	2.77e-02	1.43e-04
 1.56699e+16	9.73e-01	2.73e-02	1.39e-04
 1.56854e+16	9.73e-01	2.69e-02	1.35e-04
 1.56995e+16	9.73e-01	2.65e-02	1.31e-04
 1.57149e+16	9.74e-01	2.61e-02	1.27e-04
 1.57315e+16	9.74e-01	2.57e-02	1.23e-04
 1.57467e+16	9.75e-01	2.53e-02	1.19e-04
 1.57633e+16	9.75e-01	2.48e-02	1.15e-04
 1.57812e+16	9.75e-01	2.44e-02	1.11e-04
 1.57975e+16	9.76e-01	2.40e-02	1.08e-04
 1.58123e+16	9.76e-01	2.37e-02	1.05e-04
 1.58286e+16	9.77e-01	2.33e-02	1.01e-04
 1.58461e+16	9.77e-01	2.29e-02	9.80e-05
 1.58621e+16	9.77e-01	2.26e-02	9.51e-05
 1.58796e+16	9.78e-01	2.22e-02	9.19e-05
 1.58985e+16	9.78e-01	2.18e-02	8.88e-05
 1.59157e+16	9.78e-01	2.15e-02	8.60e-05
 1.59345e+16	9.79e-01	2.11e-02	8.30e-05
 1.59549e+16	9.79e-01	2.07e-02	8.00e-05
 1.59734e+16	9.80e-01	2.03e-02	7.74e-05
 1.59902e+16	9.80e-01	2.00e-02	7.51e-05
 1.60087e+16	9.80e-01	1.97e-02	7.25e-05
 1.60286e+16	9.81e-01	1.93e-02	7.01e-05
 1.60467e+16	9.81e-01	1.90e-02	6.79e-05
 1.60666e+16	9.81e-01	1.87e-02	6.54e-05
 1.60880e+16	9.82e-01	1.83e-02	6.31e-05
 1.61076e+16	9.82e-01	1.80e-02	6.10e-05
 1.61290e+16	9.82e-01	1.77e-02	5.87e-05
 1.61520e+16	9.83e-01	1.73e-02	5.65e-05
 1.61731e+16	9.83e-01	1.70e-02	5.46e-05
 1.61922e+16	9.83e-01	1.68e-02	5.29e-05
 1.62131e+16	9.83e-01	1.65e-02	5.10e-05
 1.62358e+16	9.84e-01	1.62e-02	4.91e-05
 1.62563e+16	9.84e-01	1.59e-02	4.75e-05
 1.62789e+16	9.84e-01	1.56e-02	4.58e-05
 1.63032e+16	9.85e-01	1.53e-02	4.40e-05
 1.63254e+16	9.85e-01	1.50e-02	4.25e-05
 1.63497e+16	9.85e-01	1.47e-02	4.09e-05
 1.63759e+16	9.86e-01	1.44e-02	3.92e-05
 1.63998e+16	9.86e-01	1.41e-02	3.78e-05
 1.64259e+16	9.86e-01	1.38e-02	3.63e-05
 1.64541e+16	9.86e-01	1.36e-02	3.48e-05
 1.64798e+16	9.87e-01	1.33e-02	3.35e-05
 1.65080e+16	9.87e-01	1.30e-02	3.20e-05
 1.65383e+16	9.87e-01	1.27e-02	3.06e-05
 1.65660e+16	9.88e-01	1.24e-02	2.94e-05
 1.65963e+16	9.88e-01	1.22e-02	2.81e-05
 1.66290e+16	9.88e-01	1.19e-02	2.68e-05
 1.66588e+16	9.88e-01	1.16e-02	2.57e-05
 1.66914e+16	9.89e-01	1.13e-02	2.45e-05
 1.67266e+16	9.89e-01	1.11e-02	2.33e-05
 1.67586e+16	9.89e-01	1.08e-02	2.23e-05
 1.67937e+16	9.89e-01	1.05e-02	2.12e-05
 1.68316e+16	9.90e-01	1.03e-02	2.01e-05
 1.68661e+16	9.90e-01	1.00e-02	1.92e-05
 1.69039e+16	9.90e-01	9.77e-03	1.82e-05
 1.69447e+16	9.90e-01	9.50e-03	1.73e-05
 1.69819e+16	9.91e-01	9.28e-03	1.65e-05
 1.70226e+16	9.91e-01	9.02e-03	1.56e-05
 1.70665e+16	9.91e-01	8.76e-03	1.47e-05
 1.71065e+16	9.91e-01	8.54e-03	1.40e-05
 1.71503e+16	9.92e-01	8.30e-03	1.32e-05
 1.71976e+16	9.92e-01	8.05e-03	1.24e-05
 1.72406e+16	9.92e-01	7.84e-03	1.18e-05
 1.72878e+16	9.92e-01	7.60e-03	1.11e-05
 1.73486e+16	9.93e-01	7.31e-03	1.03e-05
 1.74176e+16	9.93e-01	7.00e-03	9.45e-06
 1.74866e+16	9.93e-01	6.72e-03	8.71e-06
 1.75564e+16	9.94e-01	6.44e-03	8.02e-06
 1.76293e+16	9.94e-01	6.17e-03	7.36e-06
 1.77053e+16	9.94e-01	5.90e-03	6.74e-06
 1.77839e+16	9.94e-01	5.64e-03	6.17e-06
 1.78651e+16	9.95e-01	5.39e-03	5.63e-06
 1.79493e+16	9.95e-01	5.14e-03	5.13e-06
 1.80362e+16	9.95e-01	4.90e-03	4.66e-06
 1.81251e+16	9.95e-01	4.66e-03	4.23e-06
 1.82154e+16	9.96e-01	4.44e-03	3.84e-06
 1.83072e+16	9.96e-01	4.23e-03	3.49e-06
 1.84007e+16	9.96e-01	4.03e-03	3.17e-06
 1.84960e+16	9.96e-01	3.83e-03	2.87e-06
 1.85929e+16	9.96e-01	3.65e-03	2.60e-06
 1.86903e+16	9.97e-01	3.47e-03	2.36e-06
 1.87890e+16	9.97e-01	3.30e-03	2.14e-06
 1.88912e+16	9.97e-01	3.14e-03	1.93e-06
 1.89959e+16	9.97e-01	2.98e-03	1.74e-06
 1.91021e+16	9.97e-01	2.83e-03	1.57e-06
 1.92099e+16	9.97e-01	2.68e-03	1.42e-06
 1.93199e+16	9.97e-01	2.55e-03	1.28e-06
 1.94321e+16	9.98e-01	2.41e-03	1.15e-06
 1.95463e+16	9.98e-01	2.29e-03	1.03e-06
 1.96625e+16	9.98e-01	2.17e-03	9.27e-07
 1.97810e+16	9.98e-01	2.05e-03	8.31e-07
 1.99019e+16	9.98e-01	1.94e-03	7.45e-07
 2.00252e+16	9.98e-01	1.83e-03	6.66e-07
 2.01511e+16	9.98e-01	1.73e-03	5.95e-07
 2.02794e+16	9.98e-01	1.64e-03	5.31e-07
 2.04105e+16	9.98e-01	1.54e-03	4.73e-07
 2.05443e+16	9.99e-01	1.46e-03	4.20e-07
 2.06810e+16	9.99e-01	1.37e-03	3.73e-07
 2.08207e+16	9.99e-01	1.29e-03	3.31e-07
 2.09636e+16	9.99e-01	1.21e-03	2.93e-07
 2.11098e+16	9.99e-01	1.14e-03	2.58e-07
 2.12596e+16	9.99e-01	1.07e-03	2.28e-07
 2.14130e+16	9.99e-01	1.00e-03	2.00e-07
 2.15703e+16	9.99e-01	9.38e-04	1.75e-07
 2.17318e+16	9.99e-01	8.76e-04	1.53e-07
 2.18977e+16	9.99e-01	8.18e-04	1.34e-07
 2.20682e+16	9.99e-01	7.62e-04	1.16e-07
 2.22437e+16	9.99e-01	7.10e-04	1.01e-07
 2.24205e+16	9.99e-01	6.61e-04	8.76e-08
 2.26022e+16	9.99e-01	6.14e-04	7.56e-08
 2.27952e+16	9.99e-01	5.68e-04	6.48e-08
 2.29967e+16	9.99e-01	5.24e-04	5.52e-08
 2.32043e+16	1.00e+00	4.83e-04	4.68e-08
 2.34193e+16	1.00e+00	4.44e-04	3.95e-08
 2.36435e+16	1.00e+00	4.06e-04	3.31e-08
 2.38780e+16	1.00e+00	3.71e-04	2.76e-08
 2.41237e+16	1.00e+00	3.37e-04	2.28e-08
 2.43820e+16	1.00e+00	3.05e-04	1.87e-08
 2.46551e+16	1.00e+00	2.74e-04	1.51e-08
 2.49473e+16	1.00e+00	2.45e-04	1.21e-08
 2.52546e+16	1.00e+00	2.18e-04	9.59e-09
 2.55823e+16	1.00e+00	1.93e-04	7.48e-09
 2.59409e+16	1.00e+00	1.68e-04	5.71e-09
 2.63300e+16	1.00e+00	1.46e-04	4.27e-09
 2.67552e+16	1.00e+00	1.24e-04	3.12e-09
 2.72271e+16	1.00e+00	1.05e-04	2.20e-09
 2.77602e+16	1.00e+00	8.61e-05	1.49e-09
 2.83780e+16	1.00e+00	6.88e-05	9.54e-10
 2.90665e+16	1.00e+00	5.40e-05	5.89e-10
 2.97745e+16	1.00e+00	4.23e-05	3.61e-10
 3.04741e+16	1.00e+00	3.34e-05	2.25e-10
 3.11683e+16	1.00e+00	2.64e-05	1.42e-10
 3.18719e+16	1.00e+00	2.10e-05	8.94e-11
 3.25910e+16	1.00e+00	1.66e-05	5.61e-11
 3.33230e+16	1.00e+00	1.31e-05	3.53e-11
 3.40648e+16	1.00e+00	1.04e-05	2.23e-11
 3.48203e+16	1.00e+00	8.26e-06	1.40e-11
 3.55919e+16	1.00e+00	6.54e-06	8.81e-12
 3.63768e+16	1.00e+00	5.20e-06	5.56e-12
 3.71803e+16	1.00e+00	4.12e-06	3.50e-12
 3.80070e+16	1.00e+00	3.25e-06	2.19e-12
 3.88505e+16	1.00e+00	2.57e-06	1.37e-12
 3.97104e+16	1.00e+00	2.03e-06	8.56e-13
 4.05946e+16	1.00e+00	1.60e-06	5.32e-13
 4.15062e+16	1.00e+00	1.26e-06	3.30e-13
 4.24457e+16	1.00e+00	9.86e-07	2.03e-13
 4.34177e+16	1.00e+00	7.70e-07	1.24e-13
 4.44260e+16	1.00e+00	5.99e-07	7.51e-14
 4.54772e+16	1.00e+00	4.63e-07	4.50e-14
 4.65812e+16	1.00e+00	3.55e-07	2.65e-14
 4.77500e+16	1.00e+00	2.70e-07	1.53e-14
 4.90000e+16	1.00e+00	2.03e-07	8.63e-15
 5.03562e+16	1.00e+00	1.49e-07	4.69e-15
 5.18474e+16	1.00e+00	1.07e-07	2.43e-15
 5.34133e+16	1.00e+00	7.71e-08	1.26e-15
 5.49792e+16	1.00e+00	5.58e-08	6.58e-16
 5.65451e+16	1.00e+00	4.07e-08	3.50e-16
 5.81110e+16	1.00e+00	2.99e-08	1.90e-16
 5.96768e+16	1.00e+00	2.22e-08	1.04e-16
 6.12426e+16	1.00e+00	1.65e-08	5.80e-17
 6.28084e+16	1.00e+00	1.24e-08	3.28e-17
 6.44491e+16	1.00e+00	9.24e-09	1.82e-17
 6.62008e+16	1.00e+00	6.81e-09	9.85e-18
 6.79685e+16	1.00e+00	5.04e-09	5.42e-18
 6.96905e+16	1.00e+00	3.79e-09	3.07e-18
 7.13689e+16	1.00e+00	2.89e-09	1.79e-18
 7.30192e+16	1.00e+00	2.23e-09	1.06e-18
 7.46396e+16	1.00e+00	1.73e-09	6.43e-19
 7.62184e+16	1.00e+00	1.36e-09	3.99e-19
 7.77490e+16	1.00e+00	1.09e-09	2.53e-19
 7.92270e+16	1.00e+00	8.75e-10	1.64e-19
 8.06496e+16	1.00e+00	7.13e-10	1.09e-19
 8.20163e+16	1.00e+00	5.88e-10	7.43e-20
 8.33266e+16	1.00e+00	4.89e-10	5.16e-20
 8.45803e+16	1.00e+00	4.12e-10	3.66e-20
 8.57766e+16	1.00e+00	3.50e-10	2.65e-20
 8.69155e+16	1.00e+00	3.01e-10	1.95e-20
 8.80006e+16	1.00e+00	2.60e-10	1.47e-20
 8.90335e+16	1.00e+00	2.27e-10	1.12e-20
 9.00160e+16	1.00e+00	2.00e-10	8.68e-21
 9.09495e+16	1.00e+00	1.78e-10	0.00e+00
 9.18359e+16	1.00e+00	1.59e-10	0.00e+00
 9.26775e+16	1.00e+00	1.43e-10	0.00e+00
 9.34765e+16	1.00e+00	1.29e-10	0.00e+00
 9.42354e+16	1.00e+00	1.17e-10	0.00e+00
 9.49559e+16	1.00e+00	1.07e-10	0.00e+00
 9.56400e+16	1.00e+00	9.87e-11	0.00e+00
 9.62896e+16	1.00e+00	9.12e-11	0.00e+00
 9.69067e+16	1.00e+00	8.45e-11	0.00e+00
 9.74926e+16	1.00e+00	7.88e-11	0.00e+00
 9.80489e+16	1.00e+00	7.36e-11	0.00e+00
 9.85775e+16	1.00e+00	6.91e-11	0.00e+00
 9.90800e+16	1.00e+00	6.51e-11	0.00e+00
 9.95581e+16	1.00e+00	6.15e-11	0.00e+00
 1.00013e+17	1.00e+00	5.84e-11	0.00e+00
 1.00446e+17	1.00e+00	5.54e-11	0.00e+00
 1.00857e+17	1.00e+00	5.28e-11	0.00e+00
 1.01250e+17	1.00e+00	5.04e-11	0.00e+00
 1.01624e+17	1.00e+00	4.83e-11	0.00e+00
 1.01981e+17	1.00e+00	4.63e-11	0.00e+00
 1.02321e+17	1.00e+00	4.45e-11	0.00e+00
 1.02647e+17	1.00e+00	4.29e-11	0.00e+00
 1.02957e+17	1.00e+00	4.14e-11	0.00e+00
 1.03255e+17	1.00e+00	4.00e-11	0.00e+00
 1.03539e+17	1.00e+00	3.87e-11	0.00e+00
 1.03813e+17	1.00e+00	3.75e-11	0.00e+00
 1.04075e+17	1.00e+00	3.64e-11	0.00e+00
 1.04327e+17	1.00e+00	3.54e-11	0.00e+00
 1.04569e+17	1.00e+00	3.45e-11	0.00e+00
 1.04803e+17	1.00e+00	3.36e-11	0.00e+00
 1.05029e+17	1.00e+00	3.27e-11	0.00e+00
 1.05247e+17	1.00e+00	3.19e-11	0.00e+00
 1.05459e+17	1.00e+00	3.11e-11	0.00e+00
 1.05666e+17	1.00e+00	3.04e-11	0.00e+00
 1.05867e+17	1.00e+00	2.97e-11	0.00e+00
 1.06064e+17	1.00e+00	2.91e-11	0.00e+00
 1.06257e+17	1.00e+00	2.85e-11	0.00e+00
 1.06448e+17	1.00e+00	2.79e-11	0.00e+00
 1.06637e+17	1.00e+00	2.73e-11	0.00e+00
 1.06825e+17	1.00e+00	2.67e-11	0.00e+00
 1.07013e+17	1.00e+00	2.62e-11	0.00e+00
 1.07203e+17	1.00e+00	2.56e-11	0.00e+00
 1.07396e+17	1.00e+00	2.51e-11	0.00e+00
 1.07593e+17	1.00e+00	2.45e-11	0.00e+00
 1.07798e+17	1.00e+00	2.40e-11	0.00e+00
 1.08011e+17	1.00e+00	2.34e-11	0.00e+00
 1.08238e+17	1.00e+00	2.28e-11	0.00e+00
 1.08482e+17	1.00e+00	2.22e-11	0.00e+00
 1.08749e+17	1.00e+00	2.16e-11	0.00e+00
 1.09048e+17	1.00e+00	2.09e-11	0.00e+00
 1.09391e+17	1.00e+00	2.01e-11	0.00e+00
 1.09795e+17	1.00e+00	1.92e-11	0.00e+00
 1.10288e+17	1.00e+00	1.82e-11	0.00e+00
 1.10913e+17	1.00e+00	1.69e-11	0.00e+00
 1.11724e+17	1.00e+00	1.55e-11	0.00e+00
 1.12779e+17	1.00e+00	1.38e-11	0.00e+00
 1.14149e+17	1.00e+00	1.19e-11	0.00e+00
 1.15931e+17	1.00e+00	9.84e-12	0.00e+00
 1.18247e+17	1.00e+00	7.73e-12	0.00e+00
 1.21121e+17	1.00e+00	5.79e-12	0.00e+00
 1.24251e+17	1.00e+00	4.29e-12	0.00e+00
 1.27381e+17	1.00e+00	3.22e-12	0.00e+00
 1.30511e+17	1.00e+00	2.45e-12	0.00e+00
 1.34039e+17	1.00e+00	1.82e-12	0.00e+00
 1.38043e+17	1.00e+00	1.32e-12	0.00e+00
 1.42201e+17	1.00e+00	9.73e-13	0.00e+00
 1.46478e+17	1.00e+00	7.31e-13	0.00e+00
 1.50859e+17	1.00e+00	5.63e-13	0.00e+00
 1.55968e+17	1.00e+00	4.30e-13	0.00e+00
 1.62034e+17	1.00e+00	3.14e-13	0.00e+00
 1.68515e+17	1.00e+00	2.36e-13	0.00e+00
 1.75256e+17	1.00e+00	1.86e-13	0.00e+00
 1.82266e+17	1.00e+00	1.51e-13	0.00e+00
 1.89557e+17	1.00e+00	1.25e-13	0.00e+00
 1.96968e+17	1.00e+00	1.04e-13	0.00e+00
 2.04043e+17	1.00e+00	8.92e-14	0.00e+00
 2.10407e+17	1.00e+00	8.14e-14	0.00e+00
 2.16108e+17	1.00e+00	7.66e-14	0.00e+00
 2.21425e+17	1.00e+00	7.16e-14	0.00e+00
 2.26534e+17	1.00e+00	6.54e-14	0.00e+00
 2.31078e+17	1.00e+00	5.88e-14	0.00e+00
 2.34344e+17	1.00e+00	5.54e-14	0.00e+00
 2.36238e+17	1.00e+00	5.52e-14	0.00e+00
 2.37299e+17	1.00e+00	5.55e-14	0.00e+00
 2.37936e+17	1.00e+00	5.57e-14	0.00e+00
 2.38318e+17	1.00e+00	5.58e-14	0.00e+00
 2.38596e+17	1.00e+00	5.59e-14	0.00e+00
 2.38887e+17	1.00e+00	5.59e-14	0.00e+00
 2.39207e+17	1.00e+00	5.58e-14	0.00e+00
 2.39520e+17	1.00e+00	5.57e-14	0.00e+00
 2.39803e+17	1.00e+00	5.56e-14	0.00e+00
 2.40057e+17	1.00e+00	5.55e-14	0.00e+00
 2.40295e+17	1.00e+00	5.54e-14	0.00e+00
 2.40533e+17	1.00e+00	5.52e-14	0.00e+00
 2.40763e+17	1.00e+00	5.50e-14	0.00e+00
 2.40971e+17	1.00e+00	5.49e-14	0.00e+00
 2.41154e+17	1.00e+00	5.47e-14	0.00e+00
 2.41332e+17	1.00e+00	5.46e-14	0.00e+00
 2.41515e+17	1.00e+00	5.44e-14	0.00e+00
 2.41686e+17	1.00e+00	5.42e-14	0.00e+00
 2.41839e+17	1.00e+00	5.40e-14	0.00e+00
 2.41984e+17	1.00e+00	5.39e-14	0.00e+00
 2.42125e+17	1.00e+00	5.37e-14	0.00e+00
 2.42267e+17	1.00e+00	5.36e-14	0.00e+00
 2.42407e+17	1.00e+00	5.34e-14	0.00e+00
 2.42541e+17	1.00e+00	5.32e-14	0.00e+00
 2.42666e+17	1.00e+00	5.30e-14	0.00e+00
 2.42785e+17	1.00e+00	5.29e-14	0.00e+00
 2.42901e+17	1.00e+00	5.27e-14	0.00e+00
 2.43016e+17	1.00e+00	5.26e-14	0.00e+00
 2.43128e+17	1.00e+00	5.24e-14	0.00e+00
 2.43240e+17	1.00e+00	5.23e-14	0.00e+00
 2.43351e+17	1.00e+00	5.21e-14	0.00e+00
 2.43455e+17	1.00e+00	5.19e-14	0.00e+00
 2.43555e+17	1.00e+00	5.18e-14	0.00e+00
 2.43660e+17	1.00e+00	5.16e-14	0.00e+00
 2.43770e+17	1.00e+00	5.14e-14	0.00e+00
 2.43876e+17	1.00e+00	5.12e-14	0.00e+00
 2.43977e+17	1.00e+00	5.11e-14	0.00e+00
 2.44081e+17	1.00e+00	5.09e-14	0.00e+00
 2.44187e+17	1.00e+00	5.07e-14	0.00e+00
 2.44290e+17	1.00e+00	5.05e-14	0.00e+00
 2.44392e+17	1.00e+00	5.03e-14	0.00e+00
 2.44499e+17	1.00e+00	5.01e-14	0.00e+00
 2.44611e+17	1.00e+00	4.98e-14	0.00e+00
 2.44722e+17	1.00e+00	4.96e-14	0.00e+00
 2.44829e+17	1.00e+00	4.94e-14	0.00e+00
 2.44938e+17	1.00e+00	4.92e-14	0.00e+00
 2.45057e+17	1.00e+00	4.90e-14	0.00e+00
 2.45185e+17	1.00e+00	4.87e-14	0.00e+00
 2.45312e+17	1.00e+00	4.84e-14	0.00e+00
 2.45431e+17	1.00e+00	4.81e-14	0.00e+00
 2.45548e+17	1.00e+00	4.79e-14	0.00e+00
 2.45677e+17	1.00e+00	4.76e-14	0.00e+00
 2.45817e+17	1.00e+00	4.73e-14	0.00e+00
 2.45951e+17	1.00e+00	4.70e-14	0.00e+00
 2.46085e+17	1.00e+00	4.67e-14	0.00e+00
 2.46233e+17	1.00e+00	4.64e-14	0.00e+00
 2.46383e+17	1.00e+00	4.60e-14	0.00e+00
 2.46525e+17	1.00e+00	4.57e-14	0.00e+00
 2.46673e+17	1.00e+00	4.53e-14	0.00e+00
 2.46835e+17	1.00e+00	4.50e-14	0.00e+00
 2.47006e+17	1.00e+00	4.46e-14	0.00e+00
 2.47172e+17	1.00e+00	4.41e-14	0.00e+00
 2.47335e+17	1.00e+00	4.37e-14	0.00e+00
 2.47503e+17	1.00e+00	4.34e-14	0.00e+00
 2.47684e+17	1.00e+00	4.29e-14	0.00e+00
 2.47879e+17	1.00e+00	4.25e-14	0.00e+00
 2.48079e+17	1.00e+00	4.20e-14	0.00e+00
 2.48275e+17	1.00e+00	4.15e-14	0.00e+00
 2.48471e+17	1.00e+00	4.10e-14	0.00e+00
 2.48673e+17	1.00e+00	4.05e-14	0.00e+00
 2.48886e+17	1.00e+00	4.00e-14	0.00e+00
 2.49107e+17	1.00e+00	3.94e-14	0.00e+00
 2.49335e+17	1.00e+00	3.88e-14	0.00e+00
 2.49569e+17	1.00e+00	3.83e-14	0.00e+00
 2.49810e+17	1.00e+00	3.77e-14	0.00e+00
 2.50059e+17	1.00e+00	3.70e-14	0.00e+00
 2.50312e+17	1.00e+00	3.64e-14	0.00e+00
 2.50571e+17	1.00e+00	3.58e-14	0.00e+00
 2.50846e+17	1.00e+00	3.51e-14	0.00e+00
 2.51129e+17	1.00e+00	3.44e-14	0.00e+00
 2.51411e+17	1.00e+00	3.37e-14	0.00e+00
 2.51696e+17	1.00e+00	3.30e-14	0.00e+00
 2.51993e+17	1.00e+00	3.23e-14	0.00e+00
 2.52311e+17	1.00e+00	3.15e-14	0.00e+00
 2.52633e+17	1.00e+00	3.07e-14	0.00e+00
 2.52949e+17	1.00e+00	3.00e-14	0.00e+00
 2.53273e+17	1.00e+00	2.92e-14	0.00e+00
 2.53617e+17	1.00e+00	2.84e-14	0.00e+00
 2.53972e+17	1.00e+00	2.76e-14	0.00e+00
 2.54329e+17	1.00e+00	2.68e-14	0.00e+00
 2.54692e+17	1.00e+00	2.59e-14	0.00e+00
 2.55070e+17	1.00e+00	2.51e-14	0.00e+00
 2.55459e+17	1.00e+00	2.43e-14	0.00e+00
 2.55852e+17	1.00e+00	2.34e-14	0.00e+00
 2.56261e+17	1.00e+00	2.26e-14	0.00e+00
 2.56681e+17	1.00e+00	2.17e-14	0.00e+00
 2.57103e+17	1.00e+00	2.08e-14	0.00e+00
 2.57532e+17	1.00e+00	2.00e-14	0.00e+00
 2.57983e+17	1.00e+00	1.91e-14	0.00e+00
 2.58452e+17	1.00e+00	1.83e-14	0.00e+00
 2.58929e+17	1.00e+00	1.74e-14	0.00e+00
 2.59415e+17	1.00e+00	1.65e-14	0.00e+00
 2.59895e+17	1.00e+00	1.57e-14	0.00e+00
 2.60393e+17	1.00e+00	1.49e-14	0.00e+00
 2.60925e+17	1.00e+00	1.41e-14	0.00e+00
 2.61492e+17	1.00e+00	1.32e-14	0.00e+00
 2.62076e+17	1.00e+00	1.24e-14	0.00e+00
 2.62657e+17	1.00e+00	1.15e-14	0.00e+00
 2.63242e+17	1.00e+00	1.08e-14	0.00e+00
 2.63856e+17	1.00e+00	1.00e-14	0.00e+00
 2.64494e+17	1.00e+00	9.28e-15	0.00e+00
 2.65101e+17	1.00e+00	8.56e-15	0.00e+00
 2.65630e+17	1.00e+00	7.97e-15	0.00e+00
 2.66090e+17	1.00e+00	7.48e-15	0.00e+00
 2.66521e+17	1.00e+00	7.07e-15	0.00e+00
 2.66950e+17	1.00e+00	6.68e-15	0.00e+00
 2.67376e+17	1.00e+00	6.31e-15	0.00e+00
 2.67783e+17	1.00e+00	5.95e-15	0.00e+00
 2.68162e+17	1.00e+00	5.63e-15	0.00e+00
 2.68516e+17	1.00e+00	5.35e-15	0.00e+00
 2.68857e+17	1.00e+00	5.09e-15	0.00e+00
 2.69189e+17	1.00e+00	4.84e-15	0.00e+00
 2.69510e+17	1.00e+00	4.61e-15	0.00e+00
 2.69817e+17	1.00e+00	4.39e-15	0.00e+00
 2.70108e+17	1.00e+00	4.19e-15	0.00e+00
 2.70385e+17	1.00e+00	4.01e-15	0.00e+00
 2.70652e+17	1.00e+00	3.83e-15	0.00e+00
 2.70911e+17	1.00e+00	3.68e-15	0.00e+00
 2.71161e+17	1.00e+00	3.51e-15	0.00e+00
 2.71397e+17	1.00e+00	3.37e-15	0.00e+00
 2.71625e+17	1.00e+00	3.24e-15	0.00e+00
 2.71846e+17	1.00e+00	3.12e-15	0.00e+00
 2.72060e+17	1.00e+00	3.00e-15	0.00e+00
 2.72269e+17	1.00e+00	2.89e-15	0.00e+00
 2.72472e+17	1.00e+00	2.79e-15	0.00e+00
 2.72669e+17	1.00e+00	2.69e-15	0.00e+00
 2.72859e+17	1.00e+00	2.59e-15	0.00e+00
 2.73044e+17	1.00e+00	2.50e-15	0.00e+00
 2.73225e+17	1.00e+00	2.42e-15	0.00e+00
 2.73403e+17	1.00e+00	2.34e-15	0.00e+00
 2.73578e+17	1.00e+00	2.26e-15	0.00e+00
 2.73749e+17	1.00e+00	2.19e-15	0.00e+00
 2.73943e+17	1.00e+00	2.12e-15	0.00e+00
 2.74196e+17	1.00e+00	2.03e-15	0.00e+00
 2.74525e+17	1.00e+00	1.92e-15	0.00e+00
 2.74952e+17	1.00e+00	1.79e-15	0.00e+00
 2.75507e+17	1.00e+00	1.62e-15	0.00e+00
 2.76230e+17	1.00e+00	1.43e-15	0.00e+00
 2.77037e+17	1.00e+00	1.22e-15	0.00e+00
 2.77757e+17	1.00e+00	1.04e-15	0.00e+00
 2.78332e+17	1.00e+00	9.14e-16	0.00e+00
 2.78830e+17	1.00e+00	8.25e-16	0.00e+00
 2.79342e+17	1.00e+00	7.48e-16	0.00e+00
 2.79916e+17	1.00e+00	6.70e-16	0.00e+00
 2.80527e+17	1.00e+00	5.93e-16	0.00e+00
 2.81121e+17	1.00e+00	5.23e-16	0.00e+00
 2.81680e+17	1.00e+00	4.66e-16	0.00e+00
 2.82230e+17	1.00e+00	4.17e-16	0.00e+00
 2.82808e+17	1.00e+00	3.73e-16	0.00e+00
 2.83427e+17	1.00e+00	3.31e-16	0.00e+00
 2.84079e+17	1.00e+00	2.91e-16	0.00e+00
 2.84751e+17	1.00e+00	2.55e-16	0.00e+00
 2.85453e+17	1.00e+00	2.22e-16	0.00e+00
 2.86214e+17	1.00e+00	1.92e-16	0.00e+00
 2.87078e+17	1.00e+00	1.64e-16	0.00e+00
 2.88091e+17	1.00e+00	1.37e-16	0.00e+00
 2.89325e+17	1.00e+00	1.10e-16	0.00e+00
 2.90899e+17	1.00e+00	8.47e-17	0.00e+00
 2.92945e+17	1.00e+00	6.05e-17	0.00e+00
 2.95604e+17	1.00e+00	3.95e-17	0.00e+00
 2.99062e+17	1.00e+00	2.33e-17	0.00e+00
 3.03557e+17	1.00e+00	1.24e-17	0.00e+00
 3.09400e+17	1.00e+00	5.93e-18	0.00e+00
 3.16996e+17	1.00e+00	2.73e-18	0.00e+00
 3.26871e+17	1.00e+00	1.17e-18	0.00e+00
 3.39101e+17	1.00e+00	4.90e-19	0.00e+00
 3.52665e+17	1.00e+00	2.03e-19	0.00e+00
 3.65697e+17	1.00e+00	8.97e-20	0.00e+00
 3.76847e+17	1.00e+00	4.55e-20	0.00e+00
 3.86309e+17	1.00e+00	2.57e-20	0.00e+00
 3.96496e+17	1.00e+00	1.38e-20	0.00e+00
 4.07673e+17	1.00e+00	7.08e-21	0.00e+00
 4.17118e+17	1.00e+00	4.07e-21	0.00e+00
 4.24250e+17	1.00e+00	2.69e-21	0.00e+00
 4.30451e+17	1.00e+00	1.86e-21	0.00e+00
 4.37567e+17	1.00e+00	1.21e-21	0.00e+00
 4.45633e+17	1.00e+00	7.45e-22	0.00e+00
 4.53067e+17	1.00e+00	4.77e-22	0.00e+00
 4.59359e+17	1.00e+00	3.27e-22	0.00e+00
 4.66031e+17	1.00e+00	2.16e-22	0.00e+00
 4.74706e+17	1.00e+00	1.25e-22	0.00e+00
