#depth	O	O+	O+2	O+3	O+4	O+5	O+6	O+7	O+8	O[1]	O[2]	O[3]
 1.49634e+10	0.00e+00	9.50e-25	1.90e-14	1.27e-06	9.09e-02	8.45e-01	6.41e-02	0.00e+00	0.00e+00	0.00e+00	0.00e+00	0.00e+00
 4.54887e+10	7.14e-37	1.27e-24	2.38e-14	1.47e-06	9.77e-02	8.43e-01	5.89e-02	8.62e-09	0.00e+00	0.00e+00	0.00e+00	0.00e+00
 7.72350e+10	0.00e+00	1.69e-24	2.96e-14	1.71e-06	1.05e-01	8.41e-01	5.41e-02	0.00e+00	0.00e+00	0.00e+00	0.00e+00	0.00e+00
 1.10251e+11	1.45e-36	2.25e-24	3.68e-14	1.98e-06	1.13e-01	8.38e-01	4.96e-02	0.00e+00	0.00e+00	0.00e+00	0.00e+00	0.00e+00
 1.44588e+11	0.00e+00	2.99e-24	4.58e-14	2.29e-06	1.21e-01	8.34e-01	4.55e-02	0.00e+00	0.00e+00	0.00e+00	0.00e+00	0.00e+00
 1.80298e+11	2.90e-36	3.97e-24	5.68e-14	2.65e-06	1.29e-01	8.29e-01	4.16e-02	0.00e+00	0.00e+00	0.00e+00	0.00e+00	0.00e+00
 2.17437e+11	0.00e+00	5.25e-24	7.04e-14	3.06e-06	1.38e-01	8.24e-01	3.80e-02	0.00e+00	0.00e+00	0.00e+00	0.00e+00	0.00e+00
 2.56061e+11	5.74e-36	6.93e-24	8.71e-14	3.54e-06	1.48e-01	8.18e-01	3.47e-02	0.00e+00	0.00e+00	0.00e+00	0.00e+00	0.00e+00
 2.96231e+11	0.00e+00	9.12e-24	1.08e-13	4.08e-06	1.58e-01	8.11e-01	3.17e-02	0.00e+00	0.00e+00	0.00e+00	0.00e+00	0.00e+00
 3.38007e+11	1.13e-35	1.20e-23	1.33e-13	4.69e-06	1.68e-01	8.03e-01	2.89e-02	0.00e+00	0.00e+00	0.00e+00	0.00e+00	0.00e+00
 3.81454e+11	0.00e+00	1.57e-23	1.63e-13	5.40e-06	1.79e-01	7.95e-01	2.63e-02	0.00e+00	0.00e+00	0.00e+00	0.00e+00	0.00e+00
 4.26639e+11	2.18e-35	2.06e-23	2.01e-13	6.20e-06	1.90e-01	7.86e-01	2.39e-02	0.00e+00	0.00e+00	0.00e+00	0.00e+00	0.00e+00
 4.73631e+11	0.00e+00	2.70e-23	2.47e-13	7.12e-06	2.02e-01	7.76e-01	2.17e-02	0.00e+00	0.00e+00	0.00e+00	0.00e+00	0.00e+00
 5.22503e+11	4.19e-35	3.52e-23	3.03e-13	8.16e-06	2.14e-01	7.66e-01	1.97e-02	0.00e+00	0.00e+00	0.00e+00	0.00e+00	0.00e+00
 5.73330e+11	5.79e-35	4.59e-23	3.71e-13	9.34e-06	2.27e-01	7.55e-01	1.78e-02	0.00e+00	0.00e+00	0.00e+00	0.00e+00	0.00e+00
 6.26190e+11	7.97e-35	5.97e-23	4.54e-13	1.07e-05	2.40e-01	7.44e-01	1.61e-02	0.00e+00	0.00e+00	0.00e+00	0.00e+00	0.00e+00
 6.81164e+11	1.10e-34	7.76e-23	5.55e-13	1.22e-05	2.53e-01	7.32e-01	1.46e-02	0.00e+00	0.00e+00	0.00e+00	0.00e+00	0.00e+00
 7.38337e+11	1.50e-34	1.01e-22	6.78e-13	1.39e-05	2.67e-01	7.19e-01	1.31e-02	0.00e+00	0.00e+00	0.00e+00	0.00e+00	0.00e+00
 7.97798e+11	2.05e-34	1.30e-22	8.26e-13	1.59e-05	2.82e-01	7.06e-01	1.18e-02	0.00e+00	0.00e+00	0.00e+00	0.00e+00	0.00e+00
 8.59636e+11	2.80e-34	1.69e-22	1.01e-12	1.81e-05	2.97e-01	6.93e-01	1.07e-02	0.00e+00	0.00e+00	0.00e+00	0.00e+00	0.00e+00
 9.23949e+11	3.82e-34	2.18e-22	1.22e-12	2.05e-05	3.12e-01	6.79e-01	9.58e-03	0.00e+00	0.00e+00	0.00e+00	0.00e+00	0.00e+00
 9.90833e+11	5.20e-34	2.81e-22	1.49e-12	2.33e-05	3.27e-01	6.64e-01	8.61e-03	0.00e+00	0.00e+00	0.00e+00	0.00e+00	0.00e+00
 1.06039e+12	7.05e-34	3.62e-22	1.81e-12	2.64e-05	3.43e-01	6.49e-01	7.72e-03	0.00e+00	0.00e+00	0.00e+00	0.00e+00	0.00e+00
 1.13274e+12	9.55e-34	4.66e-22	2.19e-12	3.00e-05	3.59e-01	6.34e-01	6.92e-03	0.00e+00	0.00e+00	0.00e+00	0.00e+00	0.00e+00
 1.20797e+12	1.29e-33	5.99e-22	2.65e-12	3.39e-05	3.76e-01	6.18e-01	6.19e-03	0.00e+00	0.00e+00	0.00e+00	0.00e+00	0.00e+00
 1.28622e+12	1.74e-33	7.69e-22	3.21e-12	3.83e-05	3.92e-01	6.02e-01	5.53e-03	0.00e+00	0.00e+00	0.00e+00	0.00e+00	0.00e+00
 1.36759e+12	2.35e-33	9.87e-22	3.89e-12	4.33e-05	4.09e-01	5.86e-01	4.93e-03	0.00e+00	0.00e+00	0.00e+00	0.00e+00	0.00e+00
 1.45222e+12	3.17e-33	1.27e-21	4.69e-12	4.88e-05	4.26e-01	5.69e-01	4.40e-03	0.00e+00	0.00e+00	0.00e+00	0.00e+00	0.00e+00
 1.54024e+12	4.26e-33	1.62e-21	5.67e-12	5.50e-05	4.43e-01	5.53e-01	3.91e-03	0.00e+00	0.00e+00	0.00e+00	0.00e+00	0.00e+00
 1.63178e+12	5.72e-33	2.08e-21	6.84e-12	6.18e-05	4.61e-01	5.36e-01	3.48e-03	0.00e+00	0.00e+00	0.00e+00	0.00e+00	0.00e+00
 1.72697e+12	7.68e-33	2.66e-21	8.24e-12	6.95e-05	4.78e-01	5.19e-01	3.09e-03	0.00e+00	0.00e+00	0.00e+00	0.00e+00	0.00e+00
 1.82598e+12	1.03e-32	3.41e-21	9.93e-12	7.80e-05	4.95e-01	5.02e-01	2.74e-03	0.00e+00	0.00e+00	0.00e+00	0.00e+00	0.00e+00
 1.92895e+12	1.38e-32	4.36e-21	1.20e-11	8.75e-05	5.13e-01	4.85e-01	2.43e-03	0.00e+00	0.00e+00	0.00e+00	0.00e+00	0.00e+00
 2.03603e+12	1.85e-32	5.58e-21	1.44e-11	9.81e-05	5.30e-01	4.68e-01	2.15e-03	0.00e+00	0.00e+00	0.00e+00	0.00e+00	0.00e+00
 2.14740e+12	2.47e-32	7.14e-21	1.73e-11	1.10e-04	5.47e-01	4.51e-01	1.90e-03	0.00e+00	0.00e+00	0.00e+00	0.00e+00	0.00e+00
 2.26322e+12	3.30e-32	9.13e-21	2.08e-11	1.23e-04	5.64e-01	4.34e-01	1.67e-03	0.00e+00	0.00e+00	0.00e+00	0.00e+00	0.00e+00
 2.38368e+12	4.41e-32	1.17e-20	2.50e-11	1.37e-04	5.81e-01	4.18e-01	1.47e-03	0.00e+00	0.00e+00	0.00e+00	0.00e+00	0.00e+00
 2.50895e+12	5.89e-32	1.49e-20	3.00e-11	1.53e-04	5.97e-01	4.01e-01	1.30e-03	0.00e+00	0.00e+00	0.00e+00	0.00e+00	0.00e+00
 2.63924e+12	7.86e-32	1.91e-20	3.60e-11	1.71e-04	6.14e-01	3.85e-01	1.14e-03	0.00e+00	0.00e+00	0.00e+00	0.00e+00	0.00e+00
 2.77473e+12	1.05e-31	2.44e-20	4.32e-11	1.90e-04	6.30e-01	3.69e-01	1.00e-03	0.00e+00	0.00e+00	0.00e+00	0.00e+00	0.00e+00
 2.91565e+12	1.40e-31	3.13e-20	5.18e-11	2.11e-04	6.45e-01	3.54e-01	8.77e-04	0.00e+00	0.00e+00	0.00e+00	0.00e+00	0.00e+00
 3.06220e+12	1.87e-31	4.01e-20	6.22e-11	2.35e-04	6.61e-01	3.38e-01	7.68e-04	0.00e+00	0.00e+00	0.00e+00	0.00e+00	0.00e+00
 3.21461e+12	2.50e-31	5.14e-20	7.46e-11	2.61e-04	6.76e-01	3.23e-01	6.72e-04	0.00e+00	0.00e+00	0.00e+00	0.00e+00	0.00e+00
 3.37313e+12	3.33e-31	6.59e-20	8.94e-11	2.90e-04	6.91e-01	3.08e-01	5.87e-04	0.00e+00	0.00e+00	0.00e+00	0.00e+00	0.00e+00
 3.53798e+12	4.46e-31	8.45e-20	1.07e-10	3.21e-04	7.05e-01	2.94e-01	5.12e-04	0.00e+00	0.00e+00	0.00e+00	0.00e+00	0.00e+00
 3.70942e+12	5.96e-31	1.09e-19	1.29e-10	3.56e-04	7.19e-01	2.80e-01	4.46e-04	0.00e+00	0.00e+00	0.00e+00	0.00e+00	0.00e+00
 3.88773e+12	7.98e-31	1.40e-19	1.54e-10	3.95e-04	7.33e-01	2.67e-01	3.89e-04	0.00e+00	0.00e+00	0.00e+00	0.00e+00	0.00e+00
 4.07316e+12	1.07e-30	1.80e-19	1.85e-10	4.37e-04	7.46e-01	2.53e-01	3.38e-04	0.00e+00	0.00e+00	0.00e+00	0.00e+00	0.00e+00
 4.26602e+12	1.44e-30	2.32e-19	2.21e-10	4.83e-04	7.59e-01	2.41e-01	2.93e-04	0.00e+00	0.00e+00	0.00e+00	0.00e+00	0.00e+00
 4.46658e+12	1.93e-30	2.99e-19	2.66e-10	5.34e-04	7.71e-01	2.28e-01	2.54e-04	0.00e+00	0.00e+00	0.00e+00	0.00e+00	0.00e+00
 4.67517e+12	2.60e-30	3.86e-19	3.19e-10	5.90e-04	7.83e-01	2.16e-01	2.20e-04	0.00e+00	0.00e+00	0.00e+00	0.00e+00	0.00e+00
 4.89211e+12	3.51e-30	4.99e-19	3.82e-10	6.52e-04	7.94e-01	2.05e-01	1.91e-04	0.00e+00	0.00e+00	0.00e+00	0.00e+00	0.00e+00
 5.11772e+12	4.74e-30	6.45e-19	4.58e-10	7.19e-04	8.05e-01	1.94e-01	1.65e-04	0.00e+00	0.00e+00	0.00e+00	0.00e+00	0.00e+00
 5.35235e+12	6.42e-30	8.37e-19	5.50e-10	7.94e-04	8.16e-01	1.83e-01	1.42e-04	0.00e+00	0.00e+00	0.00e+00	0.00e+00	0.00e+00
 5.59638e+12	8.71e-30	1.09e-18	6.60e-10	8.75e-04	8.26e-01	1.73e-01	1.23e-04	0.00e+00	0.00e+00	0.00e+00	0.00e+00	0.00e+00
 5.85016e+12	1.19e-29	1.41e-18	7.93e-10	9.65e-04	8.36e-01	1.63e-01	1.06e-04	0.00e+00	0.00e+00	0.00e+00	0.00e+00	0.00e+00
 6.11409e+12	1.62e-29	1.83e-18	9.51e-10	1.06e-03	8.45e-01	1.54e-01	9.10e-05	0.00e+00	0.00e+00	0.00e+00	0.00e+00	0.00e+00
 6.38858e+12	2.22e-29	2.39e-18	1.14e-09	1.17e-03	8.54e-01	1.44e-01	7.82e-05	0.00e+00	0.00e+00	0.00e+00	0.00e+00	0.00e+00
 6.67405e+12	3.04e-29	3.11e-18	1.37e-09	1.29e-03	8.63e-01	1.36e-01	6.72e-05	0.00e+00	0.00e+00	0.00e+00	0.00e+00	0.00e+00
 6.97094e+12	4.19e-29	4.05e-18	1.65e-09	1.42e-03	8.71e-01	1.28e-01	5.76e-05	0.00e+00	0.00e+00	0.00e+00	0.00e+00	0.00e+00
 7.27970e+12	5.78e-29	5.29e-18	1.98e-09	1.56e-03	8.79e-01	1.20e-01	4.93e-05	0.00e+00	0.00e+00	0.00e+00	0.00e+00	0.00e+00
 7.60082e+12	8.00e-29	6.91e-18	2.37e-09	1.71e-03	8.86e-01	1.12e-01	4.22e-05	0.00e+00	0.00e+00	0.00e+00	0.00e+00	0.00e+00
 7.93478e+12	1.11e-28	9.02e-18	2.85e-09	1.88e-03	8.93e-01	1.05e-01	3.61e-05	0.00e+00	0.00e+00	0.00e+00	0.00e+00	0.00e+00
 8.28210e+12	1.54e-28	1.18e-17	3.42e-09	2.07e-03	9.00e-01	9.83e-02	3.09e-05	0.00e+00	0.00e+00	0.00e+00	0.00e+00	0.00e+00
 8.64331e+12	2.15e-28	1.54e-17	4.10e-09	2.27e-03	9.06e-01	9.19e-02	2.63e-05	0.00e+00	0.00e+00	0.00e+00	0.00e+00	0.00e+00
 9.01897e+12	3.01e-28	2.01e-17	4.92e-09	2.50e-03	9.12e-01	8.58e-02	2.25e-05	0.00e+00	0.00e+00	0.00e+00	0.00e+00	0.00e+00
 9.40965e+12	4.21e-28	2.63e-17	5.89e-09	2.74e-03	9.17e-01	8.00e-02	1.91e-05	0.00e+00	0.00e+00	0.00e+00	0.00e+00	0.00e+00
 9.81596e+12	5.90e-28	3.43e-17	7.06e-09	3.00e-03	9.22e-01	7.46e-02	1.63e-05	0.00e+00	0.00e+00	0.00e+00	0.00e+00	0.00e+00
 1.02385e+13	8.29e-28	4.48e-17	8.46e-09	3.29e-03	9.27e-01	6.95e-02	1.39e-05	0.00e+00	0.00e+00	0.00e+00	0.00e+00	0.00e+00
 1.06780e+13	1.17e-27	5.85e-17	1.01e-08	3.61e-03	9.32e-01	6.47e-02	1.18e-05	0.00e+00	0.00e+00	0.00e+00	0.00e+00	0.00e+00
 1.11350e+13	1.64e-27	7.63e-17	1.21e-08	3.95e-03	9.36e-01	6.02e-02	1.00e-05	0.00e+00	0.00e+00	0.00e+00	0.00e+00	0.00e+00
 1.16104e+13	2.31e-27	9.94e-17	1.45e-08	4.33e-03	9.40e-01	5.59e-02	8.53e-06	0.00e+00	0.00e+00	0.00e+00	0.00e+00	0.00e+00
 1.21047e+13	3.25e-27	1.29e-16	1.73e-08	4.73e-03	9.43e-01	5.20e-02	7.25e-06	0.00e+00	0.00e+00	0.00e+00	0.00e+00	0.00e+00
 1.26188e+13	4.58e-27	1.68e-16	2.06e-08	5.18e-03	9.47e-01	4.83e-02	6.16e-06	0.00e+00	0.00e+00	0.00e+00	0.00e+00	0.00e+00
 1.31535e+13	6.44e-27	2.19e-16	2.46e-08	5.66e-03	9.50e-01	4.48e-02	5.23e-06	0.00e+00	0.00e+00	0.00e+00	0.00e+00	0.00e+00
 1.37096e+13	9.06e-27	2.84e-16	2.93e-08	6.18e-03	9.52e-01	4.15e-02	4.44e-06	0.00e+00	0.00e+00	0.00e+00	0.00e+00	0.00e+00
 1.42879e+13	1.27e-26	3.68e-16	3.49e-08	6.75e-03	9.55e-01	3.85e-02	3.77e-06	0.00e+00	0.00e+00	0.00e+00	0.00e+00	0.00e+00
 1.48893e+13	1.79e-26	4.77e-16	4.15e-08	7.36e-03	9.57e-01	3.57e-02	3.20e-06	0.00e+00	0.00e+00	0.00e+00	0.00e+00	0.00e+00
 1.55148e+13	2.52e-26	6.17e-16	4.93e-08	8.03e-03	9.59e-01	3.31e-02	2.72e-06	0.00e+00	0.00e+00	0.00e+00	0.00e+00	0.00e+00
 1.61653e+13	3.53e-26	7.97e-16	5.85e-08	8.75e-03	9.61e-01	3.06e-02	2.31e-06	0.00e+00	0.00e+00	0.00e+00	0.00e+00	0.00e+00
 1.68419e+13	4.95e-26	1.03e-15	6.95e-08	9.54e-03	9.62e-01	2.83e-02	1.96e-06	0.00e+00	0.00e+00	0.00e+00	0.00e+00	0.00e+00
 1.75455e+13	6.93e-26	1.33e-15	8.23e-08	1.04e-02	9.63e-01	2.62e-02	1.67e-06	0.00e+00	0.00e+00	0.00e+00	0.00e+00	0.00e+00
 1.82772e+13	9.68e-26	1.71e-15	9.74e-08	1.13e-02	9.64e-01	2.43e-02	1.41e-06	0.00e+00	0.00e+00	0.00e+00	0.00e+00	0.00e+00
 1.90383e+13	1.35e-25	2.19e-15	1.15e-07	1.23e-02	9.65e-01	2.25e-02	1.20e-06	0.00e+00	0.00e+00	0.00e+00	0.00e+00	0.00e+00
 1.98297e+13	1.88e-25	2.82e-15	1.36e-07	1.34e-02	9.66e-01	2.08e-02	1.02e-06	0.00e+00	0.00e+00	0.00e+00	0.00e+00	0.00e+00
 2.06528e+13	2.62e-25	3.61e-15	1.61e-07	1.45e-02	9.66e-01	1.92e-02	8.68e-07	0.00e+00	0.00e+00	0.00e+00	0.00e+00	0.00e+00
 2.15089e+13	3.64e-25	4.63e-15	1.90e-07	1.58e-02	9.66e-01	1.78e-02	0.00e+00	0.00e+00	0.00e+00	0.00e+00	0.00e+00	0.00e+00
 2.23991e+13	5.06e-25	5.92e-15	2.24e-07	1.71e-02	9.66e-01	1.64e-02	0.00e+00	0.00e+00	0.00e+00	0.00e+00	0.00e+00	0.00e+00
 2.33250e+13	7.02e-25	7.56e-15	2.64e-07	1.86e-02	9.66e-01	1.52e-02	0.00e+00	0.00e+00	0.00e+00	0.00e+00	0.00e+00	0.00e+00
 2.42880e+13	9.72e-25	9.65e-15	3.11e-07	2.02e-02	9.66e-01	1.40e-02	0.00e+00	0.00e+00	0.00e+00	0.00e+00	0.00e+00	0.00e+00
 2.52894e+13	1.34e-24	1.23e-14	3.66e-07	2.19e-02	9.65e-01	1.29e-02	0.00e+00	0.00e+00	0.00e+00	0.00e+00	0.00e+00	0.00e+00
 2.63309e+13	1.86e-24	1.57e-14	4.30e-07	2.37e-02	9.64e-01	1.19e-02	0.00e+00	0.00e+00	0.00e+00	0.00e+00	0.00e+00	0.00e+00
 2.74141e+13	2.57e-24	2.00e-14	5.06e-07	2.57e-02	9.63e-01	1.10e-02	0.00e+00	0.00e+00	0.00e+00	0.00e+00	0.00e+00	0.00e+00
 2.85406e+13	3.54e-24	2.54e-14	5.94e-07	2.78e-02	9.62e-01	1.02e-02	0.00e+00	0.00e+00	0.00e+00	0.00e+00	0.00e+00	0.00e+00
 2.97121e+13	4.87e-24	3.23e-14	6.98e-07	3.01e-02	9.61e-01	9.39e-03	0.00e+00	0.00e+00	0.00e+00	0.00e+00	0.00e+00	0.00e+00
 3.09305e+13	6.71e-24	4.10e-14	8.19e-07	3.25e-02	9.59e-01	8.67e-03	0.00e+00	0.00e+00	0.00e+00	0.00e+00	0.00e+00	0.00e+00
 3.21977e+13	9.23e-24	5.20e-14	9.61e-07	3.52e-02	9.57e-01	7.99e-03	0.00e+00	0.00e+00	0.00e+00	0.00e+00	0.00e+00	0.00e+00
 3.35155e+13	1.27e-23	6.59e-14	1.13e-06	3.81e-02	9.55e-01	7.37e-03	0.00e+00	0.00e+00	0.00e+00	0.00e+00	0.00e+00	0.00e+00
 3.48861e+13	1.74e-23	8.35e-14	1.32e-06	4.11e-02	9.52e-01	6.80e-03	0.00e+00	0.00e+00	0.00e+00	0.00e+00	0.00e+00	0.00e+00
 3.63114e+13	2.39e-23	1.06e-13	1.55e-06	4.44e-02	9.49e-01	6.26e-03	0.00e+00	0.00e+00	0.00e+00	0.00e+00	0.00e+00	0.00e+00
 3.77938e+13	3.27e-23	1.34e-13	1.81e-06	4.80e-02	9.46e-01	5.77e-03	0.00e+00	0.00e+00	0.00e+00	0.00e+00	0.00e+00	0.00e+00
 3.93355e+13	4.48e-23	1.69e-13	2.12e-06	5.18e-02	9.43e-01	5.31e-03	0.00e+00	0.00e+00	0.00e+00	0.00e+00	0.00e+00	0.00e+00
 4.09388e+13	6.13e-23	2.13e-13	2.48e-06	5.59e-02	9.39e-01	4.89e-03	0.00e+00	0.00e+00	0.00e+00	0.00e+00	0.00e+00	0.00e+00
 4.26063e+13	8.38e-23	2.69e-13	2.90e-06	6.03e-02	9.35e-01	4.50e-03	0.00e+00	0.00e+00	0.00e+00	0.00e+00	0.00e+00	0.00e+00
 4.43405e+13	1.14e-22	3.39e-13	3.38e-06	6.50e-02	9.31e-01	4.14e-03	0.00e+00	0.00e+00	0.00e+00	0.00e+00	0.00e+00	0.00e+00
 4.61441e+13	1.56e-22	4.27e-13	3.95e-06	7.00e-02	9.26e-01	3.81e-03	0.00e+00	0.00e+00	0.00e+00	0.00e+00	0.00e+00	0.00e+00
 4.80197e+13	2.13e-22	5.38e-13	4.61e-06	7.54e-02	9.21e-01	3.50e-03	0.00e+00	0.00e+00	0.00e+00	0.00e+00	0.00e+00	0.00e+00
 4.99705e+13	2.90e-22	6.76e-13	5.38e-06	8.12e-02	9.16e-01	3.22e-03	0.00e+00	0.00e+00	0.00e+00	0.00e+00	0.00e+00	0.00e+00
 5.19992e+13	3.94e-22	8.49e-13	6.27e-06	8.73e-02	9.10e-01	2.95e-03	0.00e+00	0.00e+00	0.00e+00	0.00e+00	0.00e+00	0.00e+00
 5.41091e+13	5.36e-22	1.07e-12	7.30e-06	9.39e-02	9.03e-01	2.71e-03	0.00e+00	0.00e+00	0.00e+00	0.00e+00	0.00e+00	0.00e+00
 5.63034e+13	7.28e-22	1.34e-12	8.50e-06	1.01e-01	8.97e-01	2.49e-03	0.00e+00	0.00e+00	0.00e+00	0.00e+00	0.00e+00	0.00e+00
 5.85854e+13	9.88e-22	1.68e-12	9.89e-06	1.08e-01	8.89e-01	2.28e-03	0.00e+00	0.00e+00	0.00e+00	0.00e+00	0.00e+00	0.00e+00
 6.09588e+13	1.34e-21	2.10e-12	1.15e-05	1.16e-01	8.81e-01	2.09e-03	0.00e+00	0.00e+00	0.00e+00	0.00e+00	0.00e+00	0.00e+00
 6.34271e+13	1.82e-21	2.63e-12	1.34e-05	1.25e-01	8.73e-01	1.91e-03	0.00e+00	0.00e+00	0.00e+00	0.00e+00	0.00e+00	0.00e+00
 6.59941e+13	2.46e-21	3.29e-12	1.55e-05	1.34e-01	8.64e-01	1.75e-03	0.00e+00	0.00e+00	0.00e+00	0.00e+00	0.00e+00	0.00e+00
 6.86638e+13	3.33e-21	4.12e-12	1.80e-05	1.43e-01	8.55e-01	1.60e-03	0.00e+00	0.00e+00	0.00e+00	0.00e+00	0.00e+00	0.00e+00
 7.14402e+13	4.50e-21	5.14e-12	2.09e-05	1.54e-01	8.45e-01	1.46e-03	0.00e+00	0.00e+00	0.00e+00	0.00e+00	0.00e+00	0.00e+00
 7.43278e+13	6.08e-21	6.41e-12	2.42e-05	1.64e-01	8.34e-01	1.33e-03	0.00e+00	0.00e+00	0.00e+00	0.00e+00	0.00e+00	0.00e+00
 7.73308e+13	8.21e-21	7.99e-12	2.80e-05	1.75e-01	8.23e-01	1.22e-03	0.00e+00	0.00e+00	0.00e+00	0.00e+00	0.00e+00	0.00e+00
 8.04540e+13	1.10e-20	9.90e-12	3.24e-05	1.87e-01	8.11e-01	1.11e-03	0.00e+00	0.00e+00	0.00e+00	0.00e+00	0.00e+00	0.00e+00
 8.37021e+13	1.49e-20	1.24e-11	3.74e-05	2.00e-01	7.99e-01	1.01e-03	0.00e+00	0.00e+00	0.00e+00	0.00e+00	0.00e+00	0.00e+00
 8.70801e+13	2.00e-20	1.53e-11	4.32e-05	2.13e-01	7.86e-01	9.16e-04	0.00e+00	0.00e+00	0.00e+00	0.00e+00	0.00e+00	0.00e+00
 9.05932e+13	2.69e-20	1.91e-11	4.99e-05	2.27e-01	7.72e-01	8.32e-04	0.00e+00	0.00e+00	0.00e+00	0.00e+00	0.00e+00	0.00e+00
 9.42469e+13	3.64e-20	2.38e-11	5.74e-05	2.41e-01	7.58e-01	7.54e-04	0.00e+00	0.00e+00	0.00e+00	0.00e+00	0.00e+00	0.00e+00
 9.80467e+13	4.86e-20	2.94e-11	6.61e-05	2.56e-01	7.43e-01	6.83e-04	0.00e+00	0.00e+00	0.00e+00	0.00e+00	0.00e+00	0.00e+00
 1.01998e+14	6.55e-20	3.65e-11	7.59e-05	2.72e-01	7.28e-01	6.18e-04	0.00e+00	0.00e+00	0.00e+00	0.00e+00	0.00e+00	0.00e+00
 1.06108e+14	8.75e-20	4.50e-11	8.72e-05	2.88e-01	7.11e-01	5.59e-04	0.00e+00	0.00e+00	0.00e+00	0.00e+00	0.00e+00	0.00e+00
 1.10383e+14	1.18e-19	5.59e-11	9.99e-05	3.05e-01	6.95e-01	5.04e-04	0.00e+00	0.00e+00	0.00e+00	0.00e+00	0.00e+00	0.00e+00
 1.14828e+14	1.57e-19	6.89e-11	1.14e-04	3.22e-01	6.78e-01	4.54e-04	0.00e+00	0.00e+00	0.00e+00	0.00e+00	0.00e+00	0.00e+00
 1.19451e+14	2.09e-19	8.49e-11	1.31e-04	3.40e-01	6.60e-01	4.09e-04	0.00e+00	0.00e+00	0.00e+00	0.00e+00	0.00e+00	0.00e+00
 1.24259e+14	2.79e-19	1.04e-10	1.49e-04	3.58e-01	6.42e-01	3.67e-04	0.00e+00	0.00e+00	0.00e+00	0.00e+00	0.00e+00	0.00e+00
 1.29259e+14	3.70e-19	1.28e-10	1.69e-04	3.76e-01	6.24e-01	3.30e-04	0.00e+00	0.00e+00	0.00e+00	0.00e+00	0.00e+00	0.00e+00
 1.34459e+14	4.90e-19	1.57e-10	1.93e-04	3.95e-01	6.05e-01	2.96e-04	0.00e+00	0.00e+00	0.00e+00	0.00e+00	0.00e+00	0.00e+00
 1.39868e+14	6.47e-19	1.91e-10	2.19e-04	4.14e-01	5.85e-01	2.64e-04	0.00e+00	0.00e+00	0.00e+00	0.00e+00	0.00e+00	0.00e+00
 1.45492e+14	8.58e-19	2.34e-10	2.48e-04	4.33e-01	5.66e-01	2.36e-04	0.00e+00	0.00e+00	0.00e+00	0.00e+00	0.00e+00	0.00e+00
 1.51342e+14	1.13e-18	2.86e-10	2.80e-04	4.53e-01	5.47e-01	2.11e-04	0.00e+00	0.00e+00	0.00e+00	0.00e+00	0.00e+00	0.00e+00
 1.57426e+14	1.49e-18	3.48e-10	3.16e-04	4.73e-01	5.27e-01	1.88e-04	0.00e+00	0.00e+00	0.00e+00	0.00e+00	0.00e+00	0.00e+00
 1.63752e+14	1.96e-18	4.23e-10	3.57e-04	4.92e-01	5.07e-01	1.67e-04	0.00e+00	0.00e+00	0.00e+00	0.00e+00	0.00e+00	0.00e+00
 1.70333e+14	2.58e-18	5.15e-10	4.01e-04	5.12e-01	4.87e-01	1.48e-04	0.00e+00	0.00e+00	0.00e+00	0.00e+00	0.00e+00	0.00e+00
 1.77176e+14	3.38e-18	6.23e-10	4.52e-04	5.32e-01	4.67e-01	1.31e-04	0.00e+00	0.00e+00	0.00e+00	0.00e+00	0.00e+00	0.00e+00
 1.84293e+14	4.43e-18	7.56e-10	5.06e-04	5.52e-01	4.48e-01	1.16e-04	0.00e+00	0.00e+00	0.00e+00	0.00e+00	0.00e+00	0.00e+00
 1.91694e+14	5.80e-18	9.13e-10	5.68e-04	5.71e-01	4.28e-01	1.03e-04	0.00e+00	0.00e+00	0.00e+00	0.00e+00	0.00e+00	0.00e+00
 1.99392e+14	7.58e-18	1.10e-09	6.35e-04	5.90e-01	4.09e-01	9.06e-05	0.00e+00	0.00e+00	0.00e+00	0.00e+00	0.00e+00	0.00e+00
 2.07398e+14	9.90e-18	1.33e-09	7.09e-04	6.09e-01	3.90e-01	7.97e-05	0.00e+00	0.00e+00	0.00e+00	0.00e+00	0.00e+00	0.00e+00
 2.15723e+14	1.29e-17	1.60e-09	7.91e-04	6.28e-01	3.71e-01	7.01e-05	0.00e+00	0.00e+00	0.00e+00	0.00e+00	0.00e+00	0.00e+00
 2.24382e+14	1.68e-17	1.93e-09	8.80e-04	6.46e-01	3.53e-01	6.16e-05	0.00e+00	0.00e+00	0.00e+00	0.00e+00	0.00e+00	0.00e+00
 2.33388e+14	2.17e-17	2.31e-09	9.79e-04	6.64e-01	3.35e-01	5.40e-05	0.00e+00	0.00e+00	0.00e+00	0.00e+00	0.00e+00	0.00e+00
 2.42753e+14	2.82e-17	2.77e-09	1.09e-03	6.81e-01	3.18e-01	4.73e-05	0.00e+00	0.00e+00	0.00e+00	1.60e-17	8.76e-18	3.42e-18
 2.52493e+14	3.65e-17	3.32e-09	1.21e-03	6.98e-01	3.00e-01	4.13e-05	0.00e+00	0.00e+00	0.00e+00	2.03e-17	1.21e-17	4.03e-18
 2.62623e+14	4.72e-17	3.97e-09	1.33e-03	7.15e-01	2.84e-01	3.61e-05	0.00e+00	0.00e+00	0.00e+00	2.63e-17	1.57e-17	5.22e-18
 2.73158e+14	6.10e-17	4.74e-09	1.48e-03	7.30e-01	2.68e-01	3.14e-05	0.00e+00	0.00e+00	0.00e+00	3.40e-17	2.03e-17	6.74e-18
 2.83392e+14	7.75e-17	5.59e-09	1.62e-03	7.44e-01	2.54e-01	2.76e-05	0.00e+00	0.00e+00	0.00e+00	4.32e-17	2.57e-17	8.56e-18
 2.93045e+14	9.61e-17	6.49e-09	1.76e-03	7.57e-01	2.41e-01	2.45e-05	0.00e+00	0.00e+00	0.00e+00	5.36e-17	3.19e-17	1.06e-17
 3.03807e+14	1.21e-16	7.63e-09	1.92e-03	7.70e-01	2.28e-01	2.16e-05	0.00e+00	0.00e+00	0.00e+00	6.76e-17	4.03e-17	1.34e-17
 3.15989e+14	1.56e-16	9.07e-09	2.12e-03	7.84e-01	2.14e-01	1.87e-05	0.00e+00	0.00e+00	0.00e+00	8.70e-17	5.18e-17	1.73e-17
 3.27883e+14	1.98e-16	1.07e-08	2.32e-03	7.96e-01	2.02e-01	1.63e-05	0.00e+00	0.00e+00	0.00e+00	1.10e-16	6.56e-17	2.19e-17
 3.39161e+14	2.45e-16	1.24e-08	2.52e-03	8.06e-01	1.91e-01	1.44e-05	0.00e+00	0.00e+00	0.00e+00	1.37e-16	8.15e-17	2.71e-17
 3.51667e+14	3.09e-16	1.45e-08	2.74e-03	8.17e-01	1.80e-01	1.26e-05	0.00e+00	0.00e+00	0.00e+00	1.72e-16	1.02e-16	3.41e-17
 3.65764e+14	3.97e-16	1.72e-08	3.01e-03	8.29e-01	1.68e-01	1.09e-05	0.00e+00	0.00e+00	0.00e+00	2.21e-16	1.32e-16	4.39e-17
 3.79533e+14	5.00e-16	2.02e-08	3.28e-03	8.39e-01	1.58e-01	9.51e-06	0.00e+00	0.00e+00	0.00e+00	2.79e-16	1.66e-16	5.53e-17
 3.93854e+14	6.32e-16	2.37e-08	3.57e-03	8.48e-01	1.48e-01	8.26e-06	0.00e+00	0.00e+00	0.00e+00	3.52e-16	2.10e-16	6.98e-17
 4.09284e+14	8.04e-16	2.79e-08	3.90e-03	8.57e-01	1.39e-01	7.14e-06	0.00e+00	0.00e+00	0.00e+00	4.48e-16	2.67e-16	8.89e-17
 4.24366e+14	1.01e-15	3.25e-08	4.23e-03	8.66e-01	1.30e-01	6.22e-06	0.00e+00	0.00e+00	0.00e+00	5.62e-16	3.35e-16	1.11e-16
 4.40405e+14	1.27e-15	3.81e-08	4.61e-03	8.74e-01	1.22e-01	5.39e-06	0.00e+00	0.00e+00	0.00e+00	7.09e-16	4.22e-16	1.41e-16
 4.58051e+14	1.62e-15	4.50e-08	5.03e-03	8.82e-01	1.13e-01	4.63e-06	0.00e+00	0.00e+00	0.00e+00	9.05e-16	5.39e-16	1.80e-16
 4.75727e+14	2.06e-15	5.29e-08	5.48e-03	8.89e-01	1.06e-01	4.00e-06	0.00e+00	0.00e+00	0.00e+00	1.15e-15	6.83e-16	2.28e-16
 4.92990e+14	2.57e-15	6.14e-08	5.92e-03	8.95e-01	9.89e-02	3.48e-06	0.00e+00	0.00e+00	0.00e+00	1.43e-15	8.51e-16	2.84e-16
 5.11620e+14	3.23e-15	7.18e-08	6.43e-03	9.01e-01	9.22e-02	3.01e-06	0.00e+00	0.00e+00	0.00e+00	1.80e-15	1.07e-15	3.57e-16
 5.32115e+14	4.12e-15	8.46e-08	7.01e-03	9.07e-01	8.57e-02	2.58e-06	0.00e+00	0.00e+00	0.00e+00	2.30e-15	1.37e-15	4.55e-16
 5.52894e+14	5.23e-15	9.94e-08	7.62e-03	9.13e-01	7.96e-02	2.21e-06	0.00e+00	0.00e+00	0.00e+00	2.92e-15	1.74e-15	5.78e-16
 5.73526e+14	6.55e-15	1.16e-07	8.25e-03	9.18e-01	7.42e-02	1.91e-06	0.00e+00	0.00e+00	0.00e+00	3.65e-15	2.17e-15	7.24e-16
 5.95518e+14	8.28e-15	1.36e-07	8.96e-03	9.22e-01	6.89e-02	1.64e-06	0.00e+00	0.00e+00	0.00e+00	4.62e-15	2.75e-15	9.16e-16
 6.19368e+14	1.05e-14	1.60e-07	9.74e-03	9.26e-01	6.39e-02	1.40e-06	0.00e+00	0.00e+00	0.00e+00	5.87e-15	3.49e-15	1.16e-15
 6.44173e+14	1.34e-14	1.88e-07	1.06e-02	9.30e-01	5.91e-02	1.20e-06	0.00e+00	0.00e+00	0.00e+00	7.48e-15	4.45e-15	1.48e-15
 6.69970e+14	1.71e-14	2.21e-07	1.15e-02	9.34e-01	5.46e-02	1.02e-06	0.00e+00	0.00e+00	0.00e+00	9.54e-15	5.67e-15	1.89e-15
 6.96798e+14	2.18e-14	2.61e-07	1.25e-02	9.37e-01	5.05e-02	8.67e-07	0.00e+00	0.00e+00	0.00e+00	1.22e-14	7.23e-15	2.41e-15
 7.24700e+14	2.78e-14	3.07e-07	1.36e-02	9.40e-01	4.66e-02	0.00e+00	0.00e+00	0.00e+00	0.00e+00	1.55e-14	9.20e-15	3.07e-15
 7.53718e+14	3.55e-14	3.62e-07	1.48e-02	9.42e-01	4.30e-02	0.00e+00	0.00e+00	0.00e+00	0.00e+00	1.98e-14	1.18e-14	3.92e-15
 7.83897e+14	4.52e-14	4.26e-07	1.61e-02	9.44e-01	3.97e-02	0.00e+00	0.00e+00	0.00e+00	0.00e+00	2.52e-14	1.50e-14	4.99e-15
 8.15283e+14	5.76e-14	5.02e-07	1.75e-02	9.46e-01	3.65e-02	0.00e+00	0.00e+00	0.00e+00	0.00e+00	3.21e-14	1.91e-14	6.37e-15
 8.47924e+14	7.33e-14	5.90e-07	1.91e-02	9.47e-01	3.37e-02	0.00e+00	0.00e+00	0.00e+00	0.00e+00	4.09e-14	2.43e-14	8.11e-15
 8.81871e+14	9.36e-14	6.96e-07	2.07e-02	9.48e-01	3.10e-02	0.00e+00	0.00e+00	0.00e+00	0.00e+00	5.23e-14	3.10e-14	1.04e-14
 9.17176e+14	1.20e-13	8.21e-07	2.26e-02	9.49e-01	2.85e-02	0.00e+00	0.00e+00	0.00e+00	0.00e+00	6.68e-14	3.96e-14	1.32e-14
 9.53893e+14	1.53e-13	9.67e-07	2.45e-02	9.49e-01	2.61e-02	0.00e+00	0.00e+00	0.00e+00	0.00e+00	8.52e-14	5.05e-14	1.69e-14
 9.92078e+14	1.95e-13	1.14e-06	2.67e-02	9.49e-01	2.40e-02	0.00e+00	0.00e+00	0.00e+00	0.00e+00	1.09e-13	6.45e-14	2.16e-14
 1.03179e+15	2.50e-13	1.35e-06	2.91e-02	9.49e-01	2.20e-02	0.00e+00	0.00e+00	0.00e+00	0.00e+00	1.39e-13	8.26e-14	2.76e-14
 1.07309e+15	3.19e-13	1.59e-06	3.16e-02	9.48e-01	2.02e-02	0.00e+00	0.00e+00	0.00e+00	0.00e+00	1.78e-13	1.05e-13	3.53e-14
 1.11605e+15	4.10e-13	1.88e-06	3.45e-02	9.47e-01	1.84e-02	0.00e+00	0.00e+00	0.00e+00	0.00e+00	2.29e-13	1.35e-13	4.53e-14
 1.16072e+15	5.24e-13	2.23e-06	3.76e-02	9.46e-01	1.69e-02	0.00e+00	0.00e+00	0.00e+00	0.00e+00	2.93e-13	1.73e-13	5.80e-14
 1.20718e+15	6.73e-13	2.64e-06	4.10e-02	9.44e-01	1.54e-02	0.00e+00	0.00e+00	0.00e+00	0.00e+00	3.76e-13	2.22e-13	7.44e-14
 1.25549e+15	8.61e-13	3.12e-06	4.47e-02	9.41e-01	1.40e-02	0.00e+00	0.00e+00	0.00e+00	0.00e+00	4.82e-13	2.84e-13	9.52e-14
 1.30574e+15	1.11e-12	3.70e-06	4.88e-02	9.38e-01	1.28e-02	0.00e+00	0.00e+00	0.00e+00	0.00e+00	6.20e-13	3.65e-13	1.23e-13
 1.35800e+15	1.43e-12	4.40e-06	5.34e-02	9.35e-01	1.16e-02	0.00e+00	0.00e+00	0.00e+00	0.00e+00	8.00e-13	4.71e-13	1.58e-13
 1.41235e+15	1.85e-12	5.24e-06	5.84e-02	9.31e-01	1.05e-02	0.00e+00	0.00e+00	0.00e+00	0.00e+00	1.03e-12	6.07e-13	2.04e-13
 1.46888e+15	2.38e-12	6.23e-06	6.40e-02	9.26e-01	9.54e-03	0.00e+00	0.00e+00	0.00e+00	0.00e+00	1.33e-12	7.81e-13	2.63e-13
 1.52766e+15	3.09e-12	7.47e-06	7.04e-02	9.21e-01	8.61e-03	0.00e+00	0.00e+00	0.00e+00	0.00e+00	1.73e-12	1.01e-12	3.42e-13
 1.58880e+15	4.00e-12	8.92e-06	7.74e-02	9.15e-01	7.77e-03	0.00e+00	0.00e+00	0.00e+00	0.00e+00	2.24e-12	1.31e-12	4.41e-13
 1.65238e+15	5.21e-12	1.07e-05	8.54e-02	9.08e-01	6.98e-03	0.00e+00	0.00e+00	0.00e+00	0.00e+00	2.93e-12	1.71e-12	5.76e-13
 1.71851e+15	6.84e-12	1.30e-05	9.44e-02	8.99e-01	6.25e-03	0.00e+00	0.00e+00	0.00e+00	0.00e+00	3.84e-12	2.24e-12	7.55e-13
 1.78728e+15	8.99e-12	1.57e-05	1.05e-01	8.90e-01	5.57e-03	0.00e+00	0.00e+00	0.00e+00	0.00e+00	5.05e-12	2.94e-12	9.92e-13
 1.85880e+15	1.18e-11	1.90e-05	1.17e-01	8.78e-01	4.94e-03	0.00e+00	0.00e+00	0.00e+00	0.00e+00	6.64e-12	3.85e-12	1.30e-12
 1.93318e+15	1.57e-11	2.34e-05	1.30e-01	8.65e-01	4.36e-03	0.00e+00	0.00e+00	0.00e+00	0.00e+00	8.85e-12	5.12e-12	1.73e-12
 2.01054e+15	2.11e-11	2.88e-05	1.47e-01	8.49e-01	3.82e-03	0.00e+00	0.00e+00	0.00e+00	0.00e+00	1.19e-11	6.84e-12	2.32e-12
 2.09099e+15	2.84e-11	3.58e-05	1.66e-01	8.30e-01	3.31e-03	0.00e+00	0.00e+00	0.00e+00	0.00e+00	1.60e-11	9.21e-12	3.13e-12
 2.17228e+15	3.84e-11	4.47e-05	1.89e-01	8.08e-01	2.85e-03	0.00e+00	0.00e+00	0.00e+00	0.00e+00	2.17e-11	1.24e-11	4.22e-12
 2.25011e+15	5.11e-11	5.52e-05	2.14e-01	7.83e-01	2.45e-03	0.00e+00	0.00e+00	0.00e+00	0.00e+00	2.89e-11	1.65e-11	5.62e-12
 2.32249e+15	6.65e-11	6.71e-05	2.42e-01	7.56e-01	2.11e-03	0.00e+00	0.00e+00	0.00e+00	0.00e+00	3.77e-11	2.14e-11	7.30e-12
 2.39009e+15	8.56e-11	8.14e-05	2.72e-01	7.26e-01	1.81e-03	0.00e+00	0.00e+00	0.00e+00	0.00e+00	4.86e-11	2.76e-11	9.40e-12
 2.45398e+15	1.09e-10	9.85e-05	3.05e-01	6.94e-01	1.55e-03	0.00e+00	0.00e+00	0.00e+00	0.00e+00	6.22e-11	3.52e-11	1.20e-11
 2.51451e+15	1.37e-10	1.18e-04	3.41e-01	6.58e-01	1.32e-03	0.00e+00	0.00e+00	0.00e+00	0.00e+00	7.81e-11	4.41e-11	1.51e-11
 2.57141e+15	1.71e-10	1.40e-04	3.81e-01	6.18e-01	1.11e-03	0.00e+00	0.00e+00	0.00e+00	0.00e+00	9.76e-11	5.49e-11	1.88e-11
 2.62406e+15	2.11e-10	1.65e-04	4.23e-01	5.76e-01	9.30e-04	0.00e+00	0.00e+00	0.00e+00	0.00e+00	1.20e-10	6.74e-11	2.30e-11
 2.67252e+15	2.55e-10	1.92e-04	4.68e-01	5.31e-01	7.71e-04	0.00e+00	0.00e+00	0.00e+00	0.00e+00	1.45e-10	8.15e-11	2.79e-11
 2.71772e+15	3.05e-10	2.22e-04	5.15e-01	4.85e-01	6.32e-04	0.00e+00	0.00e+00	0.00e+00	0.00e+00	1.74e-10	9.73e-11	3.33e-11
 2.76037e+15	3.61e-10	2.55e-04	5.64e-01	4.36e-01	5.09e-04	0.00e+00	0.00e+00	0.00e+00	0.00e+00	2.06e-10	1.15e-10	3.94e-11
 2.80079e+15	4.22e-10	2.90e-04	6.14e-01	3.85e-01	4.01e-04	0.00e+00	0.00e+00	0.00e+00	0.00e+00	2.41e-10	1.34e-10	4.60e-11
 2.83935e+15	4.88e-10	3.28e-04	6.65e-01	3.34e-01	3.09e-04	0.00e+00	0.00e+00	0.00e+00	0.00e+00	2.79e-10	1.55e-10	5.32e-11
 2.87676e+15	5.60e-10	3.68e-04	7.17e-01	2.82e-01	2.30e-04	0.00e+00	0.00e+00	0.00e+00	0.00e+00	3.21e-10	1.78e-10	6.10e-11
 2.91935e+15	6.47e-10	4.15e-04	7.76e-01	2.24e-01	1.55e-04	0.00e+00	0.00e+00	0.00e+00	0.00e+00	3.70e-10	2.05e-10	7.03e-11
 2.96482e+15	7.44e-10	4.66e-04	8.33e-01	1.66e-01	9.54e-05	0.00e+00	0.00e+00	0.00e+00	0.00e+00	4.27e-10	2.36e-10	8.09e-11
 3.00611e+15	8.34e-10	5.11e-04	8.79e-01	1.20e-01	5.71e-05	0.00e+00	0.00e+00	0.00e+00	0.00e+00	4.78e-10	2.64e-10	9.05e-11
 3.05187e+15	9.32e-10	5.57e-04	9.19e-01	8.03e-02	3.01e-05	0.00e+00	0.00e+00	0.00e+00	0.00e+00	5.35e-10	2.95e-10	1.01e-10
 3.11134e+15	1.06e-09	6.07e-04	9.54e-01	4.56e-02	1.23e-05	0.00e+00	0.00e+00	0.00e+00	0.00e+00	6.06e-10	3.34e-10	1.14e-10
 3.18866e+15	1.20e-09	6.58e-04	9.77e-01	2.21e-02	3.81e-06	0.00e+00	0.00e+00	0.00e+00	0.00e+00	6.90e-10	3.79e-10	1.30e-10
 3.28918e+15	1.42e-09	7.14e-04	9.89e-01	9.97e-03	9.49e-07	0.00e+00	0.00e+00	0.00e+00	0.00e+00	8.19e-10	4.48e-10	1.54e-10
 3.41293e+15	1.66e-09	7.73e-04	9.94e-01	5.38e-03	0.00e+00	0.00e+00	0.00e+00	0.00e+00	0.00e+00	9.57e-10	5.21e-10	1.79e-10
 3.54948e+15	1.95e-09	8.37e-04	9.95e-01	3.84e-03	0.00e+00	0.00e+00	0.00e+00	0.00e+00	0.00e+00	1.13e-09	6.11e-10	2.10e-10
 3.69149e+15	2.29e-09	9.07e-04	9.96e-01	3.24e-03	0.00e+00	0.00e+00	0.00e+00	0.00e+00	0.00e+00	1.33e-09	7.17e-10	2.47e-10
 3.83918e+15	2.69e-09	9.81e-04	9.96e-01	2.87e-03	0.00e+00	0.00e+00	0.00e+00	0.00e+00	0.00e+00	1.56e-09	8.40e-10	2.90e-10
 3.99277e+15	3.16e-09	1.06e-03	9.96e-01	2.60e-03	0.00e+00	0.00e+00	0.00e+00	0.00e+00	0.00e+00	1.83e-09	9.84e-10	3.40e-10
 4.15251e+15	3.70e-09	1.15e-03	9.96e-01	2.38e-03	0.00e+00	0.00e+00	0.00e+00	0.00e+00	0.00e+00	2.15e-09	1.15e-09	3.99e-10
 4.31864e+15	4.35e-09	1.24e-03	9.97e-01	2.18e-03	0.00e+00	0.00e+00	0.00e+00	0.00e+00	0.00e+00	2.52e-09	1.35e-09	4.68e-10
 4.49142e+15	5.10e-09	1.34e-03	9.97e-01	2.00e-03	0.00e+00	0.00e+00	0.00e+00	0.00e+00	0.00e+00	2.96e-09	1.59e-09	5.49e-10
 4.67111e+15	5.99e-09	1.45e-03	9.97e-01	1.83e-03	0.00e+00	0.00e+00	0.00e+00	0.00e+00	0.00e+00	3.48e-09	1.86e-09	6.44e-10
 4.85798e+15	7.03e-09	1.57e-03	9.97e-01	1.68e-03	0.00e+00	0.00e+00	0.00e+00	0.00e+00	0.00e+00	4.09e-09	2.18e-09	7.56e-10
 5.05233e+15	8.26e-09	1.70e-03	9.97e-01	1.53e-03	0.00e+00	0.00e+00	0.00e+00	0.00e+00	0.00e+00	4.80e-09	2.56e-09	8.88e-10
 5.25445e+15	9.70e-09	1.84e-03	9.97e-01	1.40e-03	0.00e+00	0.00e+00	0.00e+00	0.00e+00	0.00e+00	5.64e-09	3.01e-09	1.04e-09
 5.46466e+15	1.14e-08	1.99e-03	9.97e-01	1.29e-03	0.00e+00	0.00e+00	0.00e+00	0.00e+00	0.00e+00	6.63e-09	3.53e-09	1.23e-09
 5.68328e+15	1.34e-08	2.15e-03	9.97e-01	1.17e-03	0.00e+00	0.00e+00	0.00e+00	0.00e+00	0.00e+00	7.80e-09	4.15e-09	1.44e-09
 5.91064e+15	1.58e-08	2.33e-03	9.97e-01	1.07e-03	0.00e+00	0.00e+00	0.00e+00	0.00e+00	0.00e+00	9.18e-09	4.88e-09	1.69e-09
 6.14709e+15	1.85e-08	2.52e-03	9.97e-01	9.80e-04	0.00e+00	0.00e+00	0.00e+00	0.00e+00	0.00e+00	1.08e-08	5.74e-09	1.99e-09
 6.39301e+15	2.18e-08	2.73e-03	9.96e-01	8.94e-04	0.00e+00	0.00e+00	0.00e+00	0.00e+00	0.00e+00	1.27e-08	6.75e-09	2.34e-09
 6.64876e+15	2.57e-08	2.95e-03	9.96e-01	8.15e-04	0.00e+00	0.00e+00	0.00e+00	0.00e+00	0.00e+00	1.50e-08	7.95e-09	2.76e-09
 6.91474e+15	3.03e-08	3.19e-03	9.96e-01	7.42e-04	0.00e+00	0.00e+00	0.00e+00	0.00e+00	0.00e+00	1.76e-08	9.36e-09	3.25e-09
 7.19136e+15	3.57e-08	3.46e-03	9.96e-01	6.75e-04	0.00e+00	0.00e+00	0.00e+00	0.00e+00	0.00e+00	2.08e-08	1.10e-08	3.83e-09
