#depth	C	C+	C+2	C+3	C+4	C+5	C+6	C[1]	C[2]	C[3]	C+[1]	C+[2]	CO
 1.49634e+10	0.00e+00	3.01e-25	5.64e-15	2.12e-07	1.00e+00	0.00e+00	0.00e+00	0.00e+00	0.00e+00	0.00e+00	0.00e+00	0.00e+00	2.33e-143
 4.54887e+10	2.42e-37	3.79e-25	6.62e-15	2.31e-07	1.00e+00	3.55e-07	0.00e+00	0.00e+00	0.00e+00	0.00e+00	0.00e+00	0.00e+00	3.12e-95
 7.72350e+10	0.00e+00	4.77e-25	7.76e-15	2.50e-07	1.00e+00	0.00e+00	0.00e+00	0.00e+00	0.00e+00	0.00e+00	0.00e+00	0.00e+00	1.97e-142
 1.10251e+11	4.43e-37	6.00e-25	9.10e-15	2.72e-07	1.00e+00	0.00e+00	0.00e+00	0.00e+00	0.00e+00	0.00e+00	0.00e+00	0.00e+00	1.35e-94
 1.44588e+11	0.00e+00	7.55e-25	1.07e-14	2.96e-07	1.00e+00	0.00e+00	0.00e+00	0.00e+00	0.00e+00	0.00e+00	0.00e+00	0.00e+00	6.38e-125
 1.80298e+11	8.07e-37	9.50e-25	1.25e-14	3.21e-07	1.00e+00	0.00e+00	0.00e+00	0.00e+00	0.00e+00	0.00e+00	0.00e+00	0.00e+00	5.74e-94
 2.17437e+11	0.00e+00	1.19e-24	1.47e-14	3.49e-07	1.00e+00	0.00e+00	0.00e+00	0.00e+00	0.00e+00	0.00e+00	0.00e+00	0.00e+00	1.64e-124
 2.56061e+11	1.47e-36	1.50e-24	1.72e-14	3.80e-07	1.00e+00	0.00e+00	0.00e+00	0.00e+00	0.00e+00	0.00e+00	0.00e+00	0.00e+00	2.41e-93
 2.96231e+11	0.00e+00	1.88e-24	2.02e-14	4.13e-07	1.00e+00	0.00e+00	0.00e+00	0.00e+00	0.00e+00	0.00e+00	0.00e+00	0.00e+00	4.18e-124
 3.38007e+11	2.66e-36	2.37e-24	2.37e-14	4.49e-07	1.00e+00	0.00e+00	0.00e+00	0.00e+00	0.00e+00	0.00e+00	0.00e+00	0.00e+00	1.00e-92
 3.81454e+11	0.00e+00	2.97e-24	2.78e-14	4.88e-07	1.00e+00	0.00e+00	0.00e+00	0.00e+00	0.00e+00	0.00e+00	0.00e+00	0.00e+00	1.05e-123
 4.26639e+11	4.79e-36	3.72e-24	3.26e-14	5.31e-07	1.00e+00	0.00e+00	0.00e+00	0.00e+00	0.00e+00	0.00e+00	0.00e+00	0.00e+00	4.10e-92
 4.73631e+11	0.00e+00	4.67e-24	3.83e-14	5.78e-07	1.00e+00	0.00e+00	0.00e+00	0.00e+00	0.00e+00	0.00e+00	0.00e+00	0.00e+00	2.63e-123
 5.22503e+11	8.61e-36	5.85e-24	4.49e-14	6.29e-07	1.00e+00	0.00e+00	0.00e+00	0.00e+00	0.00e+00	0.00e+00	0.00e+00	0.00e+00	1.66e-91
 5.73330e+11	0.00e+00	7.33e-24	5.27e-14	6.85e-07	1.00e+00	0.00e+00	0.00e+00	0.00e+00	0.00e+00	0.00e+00	0.00e+00	0.00e+00	3.33e-92
 6.26190e+11	1.54e-35	9.18e-24	6.18e-14	7.46e-07	1.00e+00	0.00e+00	0.00e+00	0.00e+00	0.00e+00	0.00e+00	0.00e+00	0.00e+00	6.60e-91
 6.81164e+11	0.00e+00	1.15e-23	7.25e-14	8.12e-07	1.00e+00	0.00e+00	0.00e+00	0.00e+00	0.00e+00	0.00e+00	0.00e+00	0.00e+00	1.33e-91
 7.38337e+11	2.75e-35	1.44e-23	8.50e-14	8.85e-07	1.00e+00	0.00e+00	0.00e+00	0.00e+00	0.00e+00	0.00e+00	0.00e+00	0.00e+00	2.60e-90
 7.97798e+11	0.00e+00	1.80e-23	9.97e-14	9.64e-07	1.00e+00	0.00e+00	0.00e+00	0.00e+00	0.00e+00	0.00e+00	0.00e+00	0.00e+00	5.27e-91
 8.59636e+11	4.88e-35	2.24e-23	1.17e-13	1.05e-06	1.00e+00	0.00e+00	0.00e+00	0.00e+00	0.00e+00	0.00e+00	0.00e+00	0.00e+00	1.01e-89
 9.23949e+11	6.49e-35	2.80e-23	1.37e-13	1.14e-06	1.00e+00	0.00e+00	0.00e+00	0.00e+00	0.00e+00	0.00e+00	0.00e+00	0.00e+00	1.98e-89
 9.90833e+11	8.63e-35	3.49e-23	1.61e-13	1.25e-06	1.00e+00	0.00e+00	0.00e+00	0.00e+00	0.00e+00	0.00e+00	0.00e+00	0.00e+00	3.88e-89
 1.06039e+12	1.15e-34	4.36e-23	1.89e-13	1.36e-06	1.00e+00	0.00e+00	0.00e+00	0.00e+00	0.00e+00	0.00e+00	0.00e+00	0.00e+00	7.56e-89
 1.13274e+12	1.52e-34	5.43e-23	2.21e-13	1.48e-06	1.00e+00	0.00e+00	0.00e+00	0.00e+00	0.00e+00	0.00e+00	0.00e+00	0.00e+00	1.47e-88
 1.20797e+12	2.01e-34	6.77e-23	2.59e-13	1.62e-06	1.00e+00	0.00e+00	0.00e+00	0.00e+00	0.00e+00	0.00e+00	0.00e+00	0.00e+00	2.86e-88
 1.28622e+12	2.66e-34	8.43e-23	3.04e-13	1.76e-06	1.00e+00	0.00e+00	0.00e+00	0.00e+00	0.00e+00	0.00e+00	0.00e+00	0.00e+00	5.53e-88
 1.36759e+12	3.52e-34	1.05e-22	3.56e-13	1.92e-06	1.00e+00	0.00e+00	0.00e+00	0.00e+00	0.00e+00	0.00e+00	0.00e+00	0.00e+00	1.07e-87
 1.45222e+12	4.64e-34	1.31e-22	4.17e-13	2.10e-06	1.00e+00	0.00e+00	0.00e+00	0.00e+00	0.00e+00	0.00e+00	0.00e+00	0.00e+00	2.06e-87
 1.54024e+12	6.12e-34	1.62e-22	4.88e-13	2.29e-06	1.00e+00	0.00e+00	0.00e+00	0.00e+00	0.00e+00	0.00e+00	0.00e+00	0.00e+00	3.95e-87
 1.63178e+12	8.06e-34	2.02e-22	5.72e-13	2.49e-06	1.00e+00	0.00e+00	0.00e+00	0.00e+00	0.00e+00	0.00e+00	0.00e+00	0.00e+00	7.58e-87
 1.72697e+12	1.06e-33	2.50e-22	6.70e-13	2.72e-06	1.00e+00	0.00e+00	0.00e+00	0.00e+00	0.00e+00	0.00e+00	0.00e+00	0.00e+00	1.45e-86
 1.82598e+12	1.39e-33	3.11e-22	7.84e-13	2.97e-06	1.00e+00	0.00e+00	0.00e+00	0.00e+00	0.00e+00	0.00e+00	0.00e+00	0.00e+00	2.77e-86
 1.92895e+12	1.83e-33	3.86e-22	9.18e-13	3.24e-06	1.00e+00	0.00e+00	0.00e+00	0.00e+00	0.00e+00	0.00e+00	0.00e+00	0.00e+00	5.30e-86
 2.03603e+12	2.41e-33	4.78e-22	1.07e-12	3.53e-06	1.00e+00	0.00e+00	0.00e+00	0.00e+00	0.00e+00	0.00e+00	0.00e+00	0.00e+00	1.01e-85
 2.14740e+12	3.15e-33	5.93e-22	1.26e-12	3.86e-06	1.00e+00	0.00e+00	0.00e+00	0.00e+00	0.00e+00	0.00e+00	0.00e+00	0.00e+00	1.92e-85
 2.26322e+12	4.12e-33	7.34e-22	1.47e-12	4.21e-06	1.00e+00	0.00e+00	0.00e+00	0.00e+00	0.00e+00	0.00e+00	0.00e+00	0.00e+00	3.64e-85
 2.38368e+12	5.39e-33	9.09e-22	1.72e-12	4.60e-06	1.00e+00	0.00e+00	0.00e+00	0.00e+00	0.00e+00	0.00e+00	0.00e+00	0.00e+00	6.91e-85
 2.50895e+12	7.03e-33	1.13e-21	2.01e-12	5.02e-06	1.00e+00	0.00e+00	0.00e+00	0.00e+00	0.00e+00	0.00e+00	0.00e+00	0.00e+00	1.31e-84
 2.63924e+12	9.17e-33	1.39e-21	2.35e-12	5.48e-06	1.00e+00	0.00e+00	0.00e+00	0.00e+00	0.00e+00	0.00e+00	0.00e+00	0.00e+00	2.47e-84
 2.77473e+12	1.19e-32	1.72e-21	2.75e-12	5.99e-06	1.00e+00	0.00e+00	0.00e+00	0.00e+00	0.00e+00	0.00e+00	0.00e+00	0.00e+00	4.66e-84
 2.91565e+12	1.55e-32	2.13e-21	3.22e-12	6.54e-06	1.00e+00	0.00e+00	0.00e+00	0.00e+00	0.00e+00	0.00e+00	0.00e+00	0.00e+00	8.80e-84
 3.06220e+12	2.02e-32	2.63e-21	3.76e-12	7.15e-06	1.00e+00	0.00e+00	0.00e+00	0.00e+00	0.00e+00	0.00e+00	0.00e+00	0.00e+00	1.66e-83
 3.21461e+12	2.62e-32	3.24e-21	4.39e-12	7.81e-06	1.00e+00	0.00e+00	0.00e+00	0.00e+00	0.00e+00	0.00e+00	0.00e+00	0.00e+00	3.12e-83
 3.37313e+12	3.39e-32	4.00e-21	5.13e-12	8.54e-06	1.00e+00	0.00e+00	0.00e+00	0.00e+00	0.00e+00	0.00e+00	0.00e+00	0.00e+00	5.88e-83
 3.53798e+12	4.39e-32	4.94e-21	6.00e-12	9.34e-06	1.00e+00	0.00e+00	0.00e+00	0.00e+00	0.00e+00	0.00e+00	0.00e+00	0.00e+00	1.11e-82
 3.70942e+12	5.68e-32	6.09e-21	7.00e-12	1.02e-05	1.00e+00	0.00e+00	0.00e+00	0.00e+00	0.00e+00	0.00e+00	0.00e+00	0.00e+00	2.09e-82
 3.88773e+12	7.34e-32	7.52e-21	8.18e-12	1.12e-05	1.00e+00	0.00e+00	0.00e+00	0.00e+00	0.00e+00	0.00e+00	0.00e+00	0.00e+00	3.93e-82
 4.07316e+12	9.48e-32	9.27e-21	9.54e-12	1.22e-05	1.00e+00	0.00e+00	0.00e+00	0.00e+00	0.00e+00	0.00e+00	0.00e+00	0.00e+00	7.41e-82
 4.26602e+12	1.22e-31	1.14e-20	1.11e-11	1.34e-05	1.00e+00	0.00e+00	0.00e+00	0.00e+00	0.00e+00	0.00e+00	0.00e+00	0.00e+00	1.40e-81
 4.46658e+12	1.58e-31	1.41e-20	1.30e-11	1.46e-05	1.00e+00	0.00e+00	0.00e+00	0.00e+00	0.00e+00	0.00e+00	0.00e+00	0.00e+00	2.64e-81
 4.67517e+12	2.03e-31	1.74e-20	1.52e-11	1.60e-05	1.00e+00	0.00e+00	0.00e+00	0.00e+00	0.00e+00	0.00e+00	0.00e+00	0.00e+00	4.99e-81
 4.89211e+12	2.62e-31	2.15e-20	1.77e-11	1.75e-05	1.00e+00	0.00e+00	0.00e+00	0.00e+00	0.00e+00	0.00e+00	0.00e+00	0.00e+00	9.46e-81
 5.11772e+12	3.36e-31	2.65e-20	2.07e-11	1.92e-05	1.00e+00	0.00e+00	0.00e+00	0.00e+00	0.00e+00	0.00e+00	0.00e+00	0.00e+00	1.80e-80
 5.35235e+12	4.33e-31	3.27e-20	2.41e-11	2.10e-05	1.00e+00	0.00e+00	0.00e+00	0.00e+00	0.00e+00	0.00e+00	0.00e+00	0.00e+00	3.42e-80
 5.59638e+12	5.57e-31	4.04e-20	2.81e-11	2.30e-05	1.00e+00	0.00e+00	0.00e+00	0.00e+00	0.00e+00	0.00e+00	0.00e+00	0.00e+00	6.53e-80
 5.85016e+12	7.18e-31	5.00e-20	3.28e-11	2.51e-05	1.00e+00	0.00e+00	0.00e+00	0.00e+00	0.00e+00	0.00e+00	0.00e+00	0.00e+00	1.25e-79
 6.11409e+12	9.25e-31	6.18e-20	3.83e-11	2.75e-05	1.00e+00	0.00e+00	0.00e+00	0.00e+00	0.00e+00	0.00e+00	0.00e+00	0.00e+00	2.41e-79
 6.38858e+12	1.19e-30	7.66e-20	4.47e-11	3.02e-05	1.00e+00	0.00e+00	0.00e+00	0.00e+00	0.00e+00	0.00e+00	0.00e+00	0.00e+00	4.65e-79
 6.67405e+12	1.54e-30	9.51e-20	5.22e-11	3.30e-05	1.00e+00	0.00e+00	0.00e+00	0.00e+00	0.00e+00	0.00e+00	0.00e+00	0.00e+00	9.03e-79
 6.97094e+12	2.00e-30	1.18e-19	6.09e-11	3.62e-05	1.00e+00	0.00e+00	0.00e+00	0.00e+00	0.00e+00	0.00e+00	0.00e+00	0.00e+00	1.76e-78
 7.27970e+12	2.59e-30	1.47e-19	7.12e-11	3.96e-05	1.00e+00	0.00e+00	0.00e+00	0.00e+00	0.00e+00	0.00e+00	0.00e+00	0.00e+00	3.45e-78
 7.60082e+12	3.36e-30	1.83e-19	8.31e-11	4.34e-05	1.00e+00	0.00e+00	0.00e+00	0.00e+00	0.00e+00	0.00e+00	0.00e+00	0.00e+00	6.79e-78
 7.93478e+12	4.38e-30	2.29e-19	9.72e-11	4.76e-05	1.00e+00	0.00e+00	0.00e+00	0.00e+00	0.00e+00	0.00e+00	0.00e+00	0.00e+00	1.35e-77
 8.28210e+12	5.72e-30	2.86e-19	1.14e-10	5.21e-05	1.00e+00	0.00e+00	0.00e+00	0.00e+00	0.00e+00	0.00e+00	0.00e+00	0.00e+00	2.68e-77
 8.64331e+12	7.49e-30	3.59e-19	1.33e-10	5.71e-05	1.00e+00	0.00e+00	0.00e+00	0.00e+00	0.00e+00	0.00e+00	0.00e+00	0.00e+00	5.36e-77
 9.01897e+12	9.83e-30	4.50e-19	1.56e-10	6.25e-05	1.00e+00	0.00e+00	0.00e+00	0.00e+00	0.00e+00	0.00e+00	0.00e+00	0.00e+00	1.08e-76
 9.40965e+12	1.30e-29	5.66e-19	1.82e-10	6.85e-05	1.00e+00	0.00e+00	0.00e+00	0.00e+00	0.00e+00	0.00e+00	0.00e+00	0.00e+00	2.18e-76
 9.81596e+12	1.71e-29	7.13e-19	2.13e-10	7.50e-05	1.00e+00	0.00e+00	0.00e+00	0.00e+00	0.00e+00	0.00e+00	0.00e+00	0.00e+00	4.42e-76
 1.02385e+13	2.27e-29	9.00e-19	2.50e-10	8.21e-05	1.00e+00	0.00e+00	0.00e+00	0.00e+00	0.00e+00	0.00e+00	0.00e+00	0.00e+00	9.02e-76
 1.06780e+13	3.02e-29	1.14e-18	2.94e-10	8.98e-05	1.00e+00	0.00e+00	0.00e+00	0.00e+00	0.00e+00	0.00e+00	0.00e+00	0.00e+00	1.85e-75
 1.11350e+13	4.04e-29	1.44e-18	3.45e-10	9.83e-05	1.00e+00	0.00e+00	0.00e+00	0.00e+00	0.00e+00	0.00e+00	0.00e+00	0.00e+00	3.80e-75
 1.16104e+13	5.41e-29	1.83e-18	4.05e-10	1.08e-04	1.00e+00	0.00e+00	0.00e+00	0.00e+00	0.00e+00	0.00e+00	0.00e+00	0.00e+00	7.83e-75
 1.21047e+13	7.27e-29	2.32e-18	4.76e-10	1.18e-04	1.00e+00	0.00e+00	0.00e+00	0.00e+00	0.00e+00	0.00e+00	0.00e+00	0.00e+00	1.62e-74
 1.26188e+13	9.80e-29	2.95e-18	5.59e-10	1.29e-04	1.00e+00	0.00e+00	0.00e+00	0.00e+00	0.00e+00	0.00e+00	0.00e+00	0.00e+00	3.36e-74
 1.31535e+13	1.32e-28	3.76e-18	6.58e-10	1.41e-04	1.00e+00	0.00e+00	0.00e+00	0.00e+00	0.00e+00	0.00e+00	0.00e+00	0.00e+00	6.97e-74
 1.37096e+13	1.79e-28	4.79e-18	7.74e-10	1.53e-04	1.00e+00	0.00e+00	0.00e+00	0.00e+00	0.00e+00	0.00e+00	0.00e+00	0.00e+00	1.45e-73
 1.42879e+13	2.44e-28	6.10e-18	9.11e-10	1.68e-04	1.00e+00	0.00e+00	0.00e+00	0.00e+00	0.00e+00	0.00e+00	0.00e+00	0.00e+00	3.02e-73
 1.48893e+13	3.32e-28	7.79e-18	1.07e-09	1.83e-04	1.00e+00	0.00e+00	0.00e+00	0.00e+00	0.00e+00	0.00e+00	0.00e+00	0.00e+00	6.30e-73
 1.55148e+13	4.52e-28	9.94e-18	1.26e-09	2.00e-04	1.00e+00	0.00e+00	0.00e+00	0.00e+00	0.00e+00	0.00e+00	0.00e+00	0.00e+00	1.31e-72
 1.61653e+13	6.18e-28	1.27e-17	1.49e-09	2.18e-04	1.00e+00	0.00e+00	0.00e+00	0.00e+00	0.00e+00	0.00e+00	0.00e+00	0.00e+00	2.74e-72
 1.68419e+13	8.46e-28	1.62e-17	1.75e-09	2.38e-04	1.00e+00	0.00e+00	0.00e+00	0.00e+00	0.00e+00	0.00e+00	0.00e+00	0.00e+00	5.73e-72
 1.75455e+13	1.16e-27	2.07e-17	2.06e-09	2.59e-04	1.00e+00	0.00e+00	0.00e+00	0.00e+00	0.00e+00	0.00e+00	0.00e+00	0.00e+00	1.19e-71
 1.82772e+13	1.59e-27	2.65e-17	2.43e-09	2.82e-04	1.00e+00	0.00e+00	0.00e+00	0.00e+00	0.00e+00	0.00e+00	0.00e+00	0.00e+00	2.49e-71
 1.90383e+13	2.18e-27	3.38e-17	2.86e-09	3.07e-04	1.00e+00	0.00e+00	0.00e+00	0.00e+00	0.00e+00	0.00e+00	0.00e+00	0.00e+00	5.18e-71
 1.98297e+13	2.99e-27	4.32e-17	3.37e-09	3.34e-04	1.00e+00	0.00e+00	0.00e+00	0.00e+00	0.00e+00	0.00e+00	0.00e+00	0.00e+00	1.08e-70
 2.06528e+13	4.11e-27	5.52e-17	3.97e-09	3.64e-04	1.00e+00	0.00e+00	0.00e+00	0.00e+00	0.00e+00	0.00e+00	1.84e-17	3.68e-17	2.23e-70
 2.15089e+13	5.65e-27	7.04e-17	4.67e-09	3.95e-04	1.00e+00	0.00e+00	0.00e+00	0.00e+00	0.00e+00	0.00e+00	2.34e-17	4.70e-17	4.63e-70
 2.23991e+13	7.77e-27	8.99e-17	5.50e-09	4.30e-04	1.00e+00	0.00e+00	0.00e+00	0.00e+00	0.00e+00	0.00e+00	2.99e-17	6.00e-17	9.59e-70
 2.33250e+13	1.07e-26	1.15e-16	6.47e-09	4.67e-04	1.00e+00	0.00e+00	0.00e+00	0.00e+00	0.00e+00	0.00e+00	3.82e-17	7.65e-17	1.98e-69
 2.42880e+13	1.47e-26	1.46e-16	7.61e-09	5.08e-04	9.99e-01	0.00e+00	0.00e+00	0.00e+00	0.00e+00	0.00e+00	4.87e-17	9.76e-17	4.09e-69
 2.52894e+13	2.02e-26	1.86e-16	8.95e-09	5.51e-04	9.99e-01	0.00e+00	0.00e+00	0.00e+00	0.00e+00	0.00e+00	6.20e-17	1.24e-16	8.44e-69
 2.63309e+13	2.78e-26	2.38e-16	1.05e-08	5.99e-04	9.99e-01	0.00e+00	0.00e+00	0.00e+00	0.00e+00	0.00e+00	7.91e-17	1.59e-16	1.74e-68
 2.74141e+13	3.82e-26	3.03e-16	1.24e-08	6.50e-04	9.99e-01	0.00e+00	0.00e+00	0.00e+00	0.00e+00	0.00e+00	1.01e-16	2.02e-16	3.58e-68
 2.85406e+13	5.26e-26	3.86e-16	1.45e-08	7.06e-04	9.99e-01	0.00e+00	0.00e+00	0.00e+00	0.00e+00	0.00e+00	1.28e-16	2.57e-16	7.35e-68
 2.97121e+13	7.23e-26	4.91e-16	1.71e-08	7.66e-04	9.99e-01	0.00e+00	0.00e+00	0.00e+00	0.00e+00	0.00e+00	1.63e-16	3.28e-16	1.51e-67
 3.09305e+13	9.94e-26	6.25e-16	2.01e-08	8.31e-04	9.99e-01	0.00e+00	0.00e+00	0.00e+00	0.00e+00	0.00e+00	2.08e-16	4.17e-16	3.09e-67
 3.21977e+13	1.37e-25	7.96e-16	2.36e-08	9.02e-04	9.99e-01	0.00e+00	0.00e+00	0.00e+00	0.00e+00	0.00e+00	2.65e-16	5.31e-16	6.34e-67
 3.35155e+13	1.88e-25	1.01e-15	2.77e-08	9.78e-04	9.99e-01	0.00e+00	0.00e+00	0.00e+00	0.00e+00	0.00e+00	3.37e-16	6.76e-16	1.30e-66
 3.48861e+13	2.58e-25	1.29e-15	3.25e-08	1.06e-03	9.99e-01	0.00e+00	0.00e+00	0.00e+00	0.00e+00	0.00e+00	4.29e-16	8.60e-16	2.65e-66
 3.63114e+13	3.55e-25	1.64e-15	3.82e-08	1.15e-03	9.99e-01	0.00e+00	0.00e+00	0.00e+00	0.00e+00	0.00e+00	5.45e-16	1.09e-15	5.41e-66
 3.77938e+13	4.87e-25	2.08e-15	4.48e-08	1.25e-03	9.99e-01	0.00e+00	0.00e+00	0.00e+00	0.00e+00	0.00e+00	6.93e-16	1.39e-15	1.10e-65
 3.93355e+13	6.69e-25	2.65e-15	5.26e-08	1.35e-03	9.99e-01	0.00e+00	0.00e+00	0.00e+00	0.00e+00	0.00e+00	8.81e-16	1.77e-15	2.24e-65
 4.09388e+13	9.19e-25	3.37e-15	6.18e-08	1.47e-03	9.99e-01	0.00e+00	0.00e+00	0.00e+00	0.00e+00	0.00e+00	1.12e-15	2.25e-15	4.57e-65
 4.26063e+13	1.26e-24	4.28e-15	7.25e-08	1.59e-03	9.98e-01	0.00e+00	0.00e+00	0.00e+00	0.00e+00	0.00e+00	1.42e-15	2.85e-15	9.28e-65
 4.43405e+13	1.73e-24	5.43e-15	8.50e-08	1.72e-03	9.98e-01	0.00e+00	0.00e+00	0.00e+00	0.00e+00	0.00e+00	1.81e-15	3.62e-15	1.88e-64
 4.61441e+13	2.38e-24	6.90e-15	9.97e-08	1.86e-03	9.98e-01	0.00e+00	0.00e+00	0.00e+00	0.00e+00	0.00e+00	2.29e-15	4.60e-15	3.82e-64
 4.80197e+13	3.27e-24	8.76e-15	1.17e-07	2.02e-03	9.98e-01	0.00e+00	0.00e+00	0.00e+00	0.00e+00	0.00e+00	2.91e-15	5.84e-15	7.73e-64
 4.99705e+13	4.48e-24	1.11e-14	1.37e-07	2.19e-03	9.98e-01	0.00e+00	0.00e+00	0.00e+00	0.00e+00	0.00e+00	3.70e-15	7.41e-15	1.56e-63
 5.19992e+13	6.14e-24	1.41e-14	1.61e-07	2.37e-03	9.98e-01	0.00e+00	0.00e+00	0.00e+00	0.00e+00	0.00e+00	4.69e-15	9.41e-15	3.16e-63
 5.41091e+13	8.43e-24	1.79e-14	1.88e-07	2.57e-03	9.97e-01	0.00e+00	0.00e+00	0.00e+00	0.00e+00	0.00e+00	5.95e-15	1.19e-14	6.38e-63
 5.63034e+13	1.16e-23	2.27e-14	2.21e-07	2.78e-03	9.97e-01	0.00e+00	0.00e+00	0.00e+00	0.00e+00	0.00e+00	7.55e-15	1.51e-14	1.29e-62
 5.85854e+13	1.59e-23	2.88e-14	2.59e-07	3.01e-03	9.97e-01	0.00e+00	0.00e+00	0.00e+00	0.00e+00	0.00e+00	9.58e-15	1.92e-14	2.60e-62
 6.09588e+13	2.18e-23	3.65e-14	3.04e-07	3.26e-03	9.97e-01	0.00e+00	0.00e+00	0.00e+00	0.00e+00	0.00e+00	1.22e-14	2.44e-14	5.23e-62
 6.34271e+13	2.99e-23	4.63e-14	3.56e-07	3.53e-03	9.96e-01	0.00e+00	0.00e+00	0.00e+00	0.00e+00	0.00e+00	1.54e-14	3.09e-14	1.05e-61
 6.59941e+13	4.10e-23	5.88e-14	4.17e-07	3.82e-03	9.96e-01	0.00e+00	0.00e+00	0.00e+00	0.00e+00	0.00e+00	1.96e-14	3.92e-14	2.12e-61
 6.86638e+13	5.62e-23	7.45e-14	4.89e-07	4.13e-03	9.96e-01	0.00e+00	0.00e+00	0.00e+00	0.00e+00	0.00e+00	2.48e-14	4.97e-14	4.25e-61
 7.14402e+13	7.70e-23	9.45e-14	5.73e-07	4.48e-03	9.96e-01	0.00e+00	0.00e+00	0.00e+00	0.00e+00	0.00e+00	3.14e-14	6.31e-14	8.53e-61
 7.43278e+13	1.06e-22	1.20e-13	6.71e-07	4.84e-03	9.95e-01	0.00e+00	0.00e+00	0.00e+00	0.00e+00	0.00e+00	3.99e-14	8.00e-14	1.71e-60
 7.73308e+13	1.45e-22	1.52e-13	7.87e-07	5.24e-03	9.95e-01	0.00e+00	0.00e+00	0.00e+00	0.00e+00	0.00e+00	5.06e-14	1.01e-13	3.43e-60
 8.04540e+13	1.99e-22	1.93e-13	9.22e-07	5.68e-03	9.94e-01	0.00e+00	0.00e+00	0.00e+00	0.00e+00	0.00e+00	6.41e-14	1.29e-13	6.82e-60
 8.37021e+13	2.73e-22	2.44e-13	1.08e-06	6.14e-03	9.94e-01	0.00e+00	0.00e+00	0.00e+00	0.00e+00	0.00e+00	8.13e-14	1.63e-13	1.37e-59
 8.70801e+13	3.74e-22	3.10e-13	1.27e-06	6.65e-03	9.93e-01	0.00e+00	0.00e+00	0.00e+00	0.00e+00	0.00e+00	1.03e-13	2.07e-13	2.73e-59
 9.05932e+13	5.14e-22	3.94e-13	1.49e-06	7.20e-03	9.93e-01	0.00e+00	0.00e+00	0.00e+00	0.00e+00	0.00e+00	1.31e-13	2.63e-13	5.47e-59
 9.42469e+13	7.05e-22	5.00e-13	1.74e-06	7.80e-03	9.92e-01	0.00e+00	0.00e+00	0.00e+00	0.00e+00	0.00e+00	1.66e-13	3.34e-13	1.10e-58
 9.80467e+13	9.68e-22	6.35e-13	2.04e-06	8.45e-03	9.92e-01	0.00e+00	0.00e+00	0.00e+00	0.00e+00	0.00e+00	2.11e-13	4.23e-13	2.18e-58
 1.01998e+14	1.33e-21	8.06e-13	2.40e-06	9.14e-03	9.91e-01	0.00e+00	0.00e+00	0.00e+00	0.00e+00	0.00e+00	2.68e-13	5.38e-13	4.37e-58
 1.06108e+14	1.82e-21	1.02e-12	2.81e-06	9.90e-03	9.90e-01	0.00e+00	0.00e+00	0.00e+00	0.00e+00	0.00e+00	3.40e-13	6.82e-13	8.67e-58
 1.10383e+14	2.50e-21	1.30e-12	3.29e-06	1.07e-02	9.89e-01	0.00e+00	0.00e+00	0.00e+00	0.00e+00	0.00e+00	4.32e-13	8.66e-13	1.73e-57
 1.14828e+14	3.43e-21	1.65e-12	3.86e-06	1.16e-02	9.88e-01	0.00e+00	0.00e+00	0.00e+00	0.00e+00	0.00e+00	5.48e-13	1.10e-12	3.43e-57
 1.19451e+14	4.71e-21	2.09e-12	4.52e-06	1.25e-02	9.87e-01	0.00e+00	0.00e+00	0.00e+00	0.00e+00	0.00e+00	6.94e-13	1.39e-12	6.79e-57
 1.24259e+14	6.45e-21	2.64e-12	5.30e-06	1.36e-02	9.86e-01	0.00e+00	0.00e+00	0.00e+00	0.00e+00	0.00e+00	8.80e-13	1.76e-12	1.34e-56
 1.29259e+14	8.82e-21	3.34e-12	6.20e-06	1.47e-02	9.85e-01	0.00e+00	0.00e+00	0.00e+00	0.00e+00	0.00e+00	1.11e-12	2.23e-12	2.63e-56
 1.34459e+14	1.21e-20	4.24e-12	7.25e-06	1.59e-02	9.84e-01	0.00e+00	0.00e+00	0.00e+00	0.00e+00	0.00e+00	1.41e-12	2.83e-12	5.18e-56
 1.39868e+14	1.65e-20	5.36e-12	8.48e-06	1.71e-02	9.83e-01	0.00e+00	0.00e+00	0.00e+00	0.00e+00	0.00e+00	1.78e-12	3.57e-12	1.01e-55
 1.45492e+14	2.26e-20	6.78e-12	9.92e-06	1.85e-02	9.81e-01	0.00e+00	0.00e+00	0.00e+00	0.00e+00	0.00e+00	2.26e-12	4.52e-12	1.98e-55
 1.51342e+14	3.09e-20	8.57e-12	1.16e-05	2.00e-02	9.80e-01	0.00e+00	0.00e+00	0.00e+00	0.00e+00	0.00e+00	2.85e-12	5.72e-12	3.88e-55
 1.57426e+14	4.23e-20	1.08e-11	1.36e-05	2.16e-02	9.78e-01	0.00e+00	0.00e+00	0.00e+00	0.00e+00	0.00e+00	3.61e-12	7.24e-12	7.56e-55
 1.63752e+14	5.78e-20	1.37e-11	1.59e-05	2.34e-02	9.77e-01	0.00e+00	0.00e+00	0.00e+00	0.00e+00	0.00e+00	4.56e-12	9.15e-12	1.47e-54
 1.70333e+14	7.90e-20	1.73e-11	1.85e-05	2.52e-02	9.75e-01	0.00e+00	0.00e+00	0.00e+00	0.00e+00	0.00e+00	5.77e-12	1.16e-11	2.86e-54
 1.77176e+14	1.08e-19	2.19e-11	2.17e-05	2.73e-02	9.73e-01	0.00e+00	0.00e+00	0.00e+00	0.00e+00	0.00e+00	7.30e-12	1.46e-11	5.55e-54
 1.84293e+14	1.47e-19	2.77e-11	2.53e-05	2.94e-02	9.71e-01	0.00e+00	0.00e+00	0.00e+00	0.00e+00	0.00e+00	9.21e-12	1.85e-11	1.07e-53
 1.91694e+14	2.02e-19	3.50e-11	2.96e-05	3.18e-02	9.68e-01	0.00e+00	0.00e+00	0.00e+00	0.00e+00	0.00e+00	1.17e-11	2.34e-11	2.08e-53
 1.99392e+14	2.75e-19	4.42e-11	3.45e-05	3.43e-02	9.66e-01	0.00e+00	0.00e+00	0.00e+00	0.00e+00	0.00e+00	1.47e-11	2.95e-11	4.01e-53
 2.07398e+14	3.76e-19	5.59e-11	4.04e-05	3.70e-02	9.63e-01	0.00e+00	0.00e+00	0.00e+00	0.00e+00	0.00e+00	1.86e-11	3.73e-11	7.75e-53
 2.15723e+14	5.13e-19	7.06e-11	4.71e-05	4.00e-02	9.60e-01	0.00e+00	0.00e+00	0.00e+00	0.00e+00	0.00e+00	2.35e-11	4.71e-11	1.49e-52
 2.24382e+14	7.00e-19	8.90e-11	5.49e-05	4.31e-02	9.57e-01	0.00e+00	0.00e+00	0.00e+00	0.00e+00	0.00e+00	2.96e-11	5.94e-11	2.86e-52
 2.33388e+14	9.56e-19	1.12e-10	6.41e-05	4.65e-02	9.53e-01	0.00e+00	0.00e+00	0.00e+00	0.00e+00	0.00e+00	3.74e-11	7.49e-11	5.48e-52
 2.42753e+14	1.30e-18	1.41e-10	7.47e-05	5.01e-02	9.50e-01	0.00e+00	0.00e+00	0.00e+00	0.00e+00	0.00e+00	4.71e-11	9.44e-11	1.05e-51
 2.52493e+14	1.78e-18	1.78e-10	8.71e-05	5.40e-02	9.46e-01	0.00e+00	0.00e+00	0.00e+00	0.00e+00	0.00e+00	5.94e-11	1.19e-10	2.00e-51
 2.62623e+14	2.42e-18	2.25e-10	1.01e-04	5.81e-02	9.42e-01	0.00e+00	0.00e+00	0.00e+00	0.00e+00	0.00e+00	7.48e-11	1.50e-10	3.81e-51
 2.73158e+14	3.30e-18	2.83e-10	1.18e-04	6.26e-02	9.37e-01	0.00e+00	0.00e+00	0.00e+00	0.00e+00	0.00e+00	9.43e-11	1.89e-10	7.26e-51
 2.83392e+14	4.39e-18	3.51e-10	1.36e-04	6.71e-02	9.33e-01	0.00e+00	0.00e+00	0.00e+00	0.00e+00	0.00e+00	1.17e-10	2.34e-10	1.32e-50
 2.93045e+14	5.73e-18	4.28e-10	1.55e-04	7.14e-02	9.28e-01	0.00e+00	0.00e+00	0.00e+00	0.00e+00	0.00e+00	1.42e-10	2.85e-10	2.29e-50
 3.03807e+14	7.58e-18	5.28e-10	1.78e-04	7.64e-02	9.23e-01	0.00e+00	0.00e+00	0.00e+00	0.00e+00	0.00e+00	1.76e-10	3.52e-10	4.11e-50
 3.15989e+14	1.03e-17	6.64e-10	2.07e-04	8.22e-02	9.18e-01	0.00e+00	0.00e+00	0.00e+00	0.00e+00	0.00e+00	2.21e-10	4.43e-10	7.79e-50
 3.27883e+14	1.38e-17	8.24e-10	2.39e-04	8.79e-02	9.12e-01	0.00e+00	0.00e+00	0.00e+00	0.00e+00	0.00e+00	2.74e-10	5.50e-10	1.42e-49
 3.39161e+14	1.80e-17	1.00e-09	2.72e-04	9.36e-02	9.06e-01	0.00e+00	0.00e+00	0.00e+00	0.00e+00	0.00e+00	3.34e-10	6.70e-10	2.46e-49
 3.51667e+14	2.38e-17	1.24e-09	3.12e-04	9.99e-02	9.00e-01	0.00e+00	0.00e+00	0.00e+00	0.00e+00	0.00e+00	4.12e-10	8.25e-10	4.39e-49
 3.65764e+14	3.24e-17	1.56e-09	3.63e-04	1.07e-01	8.92e-01	0.00e+00	0.00e+00	0.00e+00	0.00e+00	0.00e+00	5.18e-10	1.04e-09	8.33e-49
 3.79533e+14	4.30e-17	1.92e-09	4.17e-04	1.15e-01	8.85e-01	0.00e+00	0.00e+00	0.00e+00	0.00e+00	0.00e+00	6.40e-10	1.28e-09	1.50e-48
 3.93854e+14	5.74e-17	2.38e-09	4.80e-04	1.22e-01	8.77e-01	0.00e+00	0.00e+00	5.50e-18	1.65e-17	2.74e-17	7.93e-10	1.59e-09	2.72e-48
 4.09284e+14	7.74e-17	2.98e-09	5.55e-04	1.31e-01	8.68e-01	0.00e+00	0.00e+00	7.29e-18	2.19e-17	3.65e-17	9.90e-10	1.99e-09	5.05e-48
 4.24366e+14	1.02e-16	3.66e-09	6.35e-04	1.39e-01	8.60e-01	0.00e+00	0.00e+00	9.63e-18	2.89e-17	4.81e-17	1.22e-09	2.44e-09	8.97e-48
 4.40405e+14	1.36e-16	4.53e-09	7.30e-04	1.49e-01	8.51e-01	0.00e+00	0.00e+00	1.29e-17	3.86e-17	6.43e-17	1.51e-09	3.02e-09	1.63e-47
 4.58051e+14	1.84e-16	5.65e-09	8.43e-04	1.59e-01	8.40e-01	0.00e+00	0.00e+00	1.74e-17	5.21e-17	8.69e-17	1.88e-09	3.77e-09	3.03e-47
 4.75727e+14	2.47e-16	7.03e-09	9.71e-04	1.70e-01	8.29e-01	0.00e+00	0.00e+00	2.33e-17	7.00e-17	1.17e-16	2.34e-09	4.69e-09	5.56e-47
 4.92990e+14	3.23e-16	8.58e-09	1.11e-03	1.80e-01	8.19e-01	0.00e+00	0.00e+00	3.06e-17	9.18e-17	1.53e-16	2.86e-09	5.73e-09	9.75e-47
 5.11620e+14	4.30e-16	1.06e-08	1.27e-03	1.91e-01	8.07e-01	0.00e+00	0.00e+00	4.08e-17	1.22e-16	2.04e-16	3.53e-09	7.08e-09	1.76e-46
 5.32115e+14	5.79e-16	1.32e-08	1.46e-03	2.04e-01	7.95e-01	0.00e+00	0.00e+00	5.48e-17	1.65e-16	2.74e-16	4.39e-09	8.81e-09	3.27e-46
 5.52894e+14	7.77e-16	1.64e-08	1.68e-03	2.17e-01	7.81e-01	0.00e+00	0.00e+00	7.37e-17	2.21e-16	3.69e-16	5.46e-09	1.09e-08	6.01e-46
 5.73526e+14	1.02e-15	2.01e-08	1.91e-03	2.30e-01	7.68e-01	0.00e+00	0.00e+00	9.70e-17	2.91e-16	4.85e-16	6.68e-09	1.34e-08	1.07e-45
 5.95518e+14	1.36e-15	2.48e-08	2.19e-03	2.44e-01	7.54e-01	0.00e+00	0.00e+00	1.30e-16	3.89e-16	6.48e-16	8.26e-09	1.66e-08	1.94e-45
 6.19368e+14	1.83e-15	3.08e-08	2.51e-03	2.58e-01	7.39e-01	0.00e+00	0.00e+00	1.73e-16	5.21e-16	8.67e-16	1.02e-08	2.05e-08	3.57e-45
 6.44173e+14	2.45e-15	3.82e-08	2.89e-03	2.74e-01	7.23e-01	0.00e+00	0.00e+00	2.33e-16	7.00e-16	1.17e-15	1.27e-08	2.55e-08	6.62e-45
 6.69970e+14	3.29e-15	4.75e-08	3.31e-03	2.90e-01	7.06e-01	0.00e+00	0.00e+00	3.13e-16	9.41e-16	1.57e-15	1.58e-08	3.17e-08	1.23e-44
 6.96798e+14	4.41e-15	5.88e-08	3.79e-03	3.07e-01	6.89e-01	0.00e+00	0.00e+00	4.20e-16	1.26e-15	2.10e-15	1.96e-08	3.92e-08	2.26e-44
 7.24700e+14	5.90e-15	7.27e-08	4.34e-03	3.24e-01	6.71e-01	0.00e+00	0.00e+00	5.62e-16	1.69e-15	2.81e-15	2.42e-08	4.85e-08	4.17e-44
 7.53718e+14	7.92e-15	9.01e-08	4.96e-03	3.43e-01	6.52e-01	0.00e+00	0.00e+00	7.55e-16	2.27e-15	3.78e-15	3.00e-08	6.01e-08	7.74e-44
 7.83897e+14	1.06e-14	1.11e-07	5.66e-03	3.61e-01	6.34e-01	0.00e+00	0.00e+00	1.01e-15	3.02e-15	5.03e-15	3.70e-08	7.41e-08	1.42e-43
 8.15283e+14	1.41e-14	1.37e-07	6.45e-03	3.80e-01	6.14e-01	0.00e+00	0.00e+00	1.35e-15	4.04e-15	6.72e-15	4.56e-08	9.15e-08	2.62e-43
 8.47924e+14	1.87e-14	1.69e-07	7.34e-03	3.99e-01	5.94e-01	0.00e+00	0.00e+00	1.79e-15	5.37e-15	8.95e-15	5.61e-08	1.13e-07	4.80e-43
 8.81871e+14	2.50e-14	2.08e-07	8.34e-03	4.18e-01	5.74e-01	0.00e+00	0.00e+00	2.39e-15	7.16e-15	1.19e-14	6.91e-08	1.39e-07	8.82e-43
 9.17176e+14	3.32e-14	2.55e-07	9.47e-03	4.38e-01	5.53e-01	0.00e+00	0.00e+00	3.17e-15	9.52e-15	1.59e-14	8.50e-08	1.70e-07	1.62e-42
 9.53893e+14	4.40e-14	3.13e-07	1.07e-02	4.58e-01	5.31e-01	0.00e+00	0.00e+00	4.22e-15	1.26e-14	2.11e-14	1.04e-07	2.09e-07	2.97e-42
 9.92078e+14	5.84e-14	3.84e-07	1.22e-02	4.78e-01	5.10e-01	0.00e+00	0.00e+00	5.59e-15	1.68e-14	2.79e-14	1.28e-07	2.56e-07	5.45e-42
 1.03179e+15	7.73e-14	4.70e-07	1.37e-02	4.98e-01	4.88e-01	0.00e+00	0.00e+00	7.41e-15	2.22e-14	3.71e-14	1.56e-07	3.14e-07	1.00e-41
 1.07309e+15	1.02e-13	5.74e-07	1.55e-02	5.18e-01	4.66e-01	0.00e+00	0.00e+00	9.80e-15	2.94e-14	4.90e-14	1.91e-07	3.83e-07	1.83e-41
 1.11605e+15	1.35e-13	7.02e-07	1.75e-02	5.38e-01	4.44e-01	0.00e+00	0.00e+00	1.30e-14	3.89e-14	6.48e-14	2.34e-07	4.68e-07	3.37e-41
 1.16072e+15	1.78e-13	8.54e-07	1.97e-02	5.58e-01	4.22e-01	0.00e+00	0.00e+00	1.71e-14	5.12e-14	8.54e-14	2.84e-07	5.70e-07	6.14e-41
 1.20718e+15	2.34e-13	1.04e-06	2.22e-02	5.77e-01	4.00e-01	0.00e+00	0.00e+00	2.25e-14	6.76e-14	1.13e-13	3.46e-07	6.94e-07	1.13e-40
 1.25549e+15	3.08e-13	1.26e-06	2.48e-02	5.96e-01	3.79e-01	0.00e+00	0.00e+00	2.96e-14	8.89e-14	1.48e-13	4.20e-07	8.42e-07	2.05e-40
 1.30574e+15	4.05e-13	1.53e-06	2.79e-02	6.15e-01	3.57e-01	0.00e+00	0.00e+00	3.90e-14	1.17e-13	1.95e-13	5.10e-07	1.02e-06	3.75e-40
 1.35800e+15	5.31e-13	1.86e-06	3.12e-02	6.33e-01	3.35e-01	0.00e+00	0.00e+00	5.11e-14	1.53e-13	2.55e-13	6.19e-07	1.24e-06	6.89e-40
 1.41235e+15	6.95e-13	2.25e-06	3.49e-02	6.51e-01	3.14e-01	0.00e+00	0.00e+00	6.70e-14	2.01e-13	3.35e-13	7.50e-07	1.50e-06	1.26e-39
 1.46888e+15	9.10e-13	2.72e-06	3.90e-02	6.68e-01	2.93e-01	0.00e+00	0.00e+00	8.78e-14	2.63e-13	4.38e-13	9.05e-07	1.81e-06	2.31e-39
 1.52766e+15	1.19e-12	3.29e-06	4.36e-02	6.84e-01	2.73e-01	0.00e+00	0.00e+00	1.15e-13	3.45e-13	5.74e-13	1.10e-06	2.19e-06	4.26e-39
 1.58880e+15	1.55e-12	3.96e-06	4.85e-02	6.99e-01	2.53e-01	0.00e+00	0.00e+00	1.50e-13	4.50e-13	7.49e-13	1.32e-06	2.64e-06	7.79e-39
 1.65238e+15	2.03e-12	4.78e-06	5.41e-02	7.13e-01	2.33e-01	0.00e+00	0.00e+00	1.96e-13	5.88e-13	9.79e-13	1.59e-06	3.19e-06	1.44e-38
 1.71851e+15	2.64e-12	5.76e-06	6.02e-02	7.26e-01	2.14e-01	0.00e+00	0.00e+00	2.56e-13	7.66e-13	1.28e-12	1.92e-06	3.84e-06	2.68e-38
 1.78728e+15	3.44e-12	6.93e-06	6.70e-02	7.38e-01	1.95e-01	0.00e+00	0.00e+00	3.33e-13	9.99e-13	1.66e-12	2.31e-06	4.62e-06	4.98e-38
 1.85880e+15	4.48e-12	8.32e-06	7.45e-02	7.49e-01	1.77e-01	0.00e+00	0.00e+00	4.34e-13	1.30e-12	2.17e-12	2.77e-06	5.54e-06	9.25e-38
 1.93318e+15	5.81e-12	1.00e-05	8.28e-02	7.58e-01	1.59e-01	0.00e+00	0.00e+00	5.64e-13	1.69e-12	2.82e-12	3.33e-06	6.66e-06	1.74e-37
 2.01054e+15	7.57e-12	1.20e-05	9.21e-02	7.66e-01	1.42e-01	0.00e+00	0.00e+00	7.36e-13	2.21e-12	3.68e-12	4.01e-06	8.01e-06	3.31e-37
 2.09099e+15	9.85e-12	1.44e-05	1.02e-01	7.72e-01	1.26e-01	0.00e+00	0.00e+00	9.60e-13	2.88e-12	4.79e-12	4.81e-06	9.61e-06	6.34e-37
 2.17228e+15	1.27e-11	1.72e-05	1.14e-01	7.76e-01	1.10e-01	0.00e+00	0.00e+00	1.24e-12	3.72e-12	6.20e-12	5.75e-06	1.15e-05	1.20e-36
 2.25011e+15	1.61e-11	2.03e-05	1.25e-01	7.79e-01	9.64e-02	0.00e+00	0.00e+00	1.58e-12	4.72e-12	7.86e-12	6.77e-06	1.35e-05	2.20e-36
 2.32249e+15	1.99e-11	2.35e-05	1.36e-01	7.79e-01	8.43e-02	0.00e+00	0.00e+00	1.95e-12	5.86e-12	9.75e-12	7.84e-06	1.56e-05	3.81e-36
 2.39009e+15	2.42e-11	2.68e-05	1.48e-01	7.78e-01	7.36e-02	0.00e+00	0.00e+00	2.37e-12	7.11e-12	1.18e-11	8.96e-06	1.79e-05	6.34e-36
 2.45398e+15	2.88e-11	3.02e-05	1.59e-01	7.77e-01	6.42e-02	0.00e+00	0.00e+00	2.83e-12	8.48e-12	1.41e-11	1.01e-05	2.01e-05	1.02e-35
 2.51451e+15	3.36e-11	3.37e-05	1.70e-01	7.74e-01	5.58e-02	0.00e+00	0.00e+00	3.31e-12	9.92e-12	1.65e-11	1.13e-05	2.24e-05	1.58e-35
 2.57141e+15	3.89e-11	3.72e-05	1.82e-01	7.70e-01	4.82e-02	0.00e+00	0.00e+00	3.85e-12	1.15e-11	1.92e-11	1.25e-05	2.48e-05	2.41e-35
 2.62406e+15	4.44e-11	4.07e-05	1.93e-01	7.65e-01	4.16e-02	0.00e+00	0.00e+00	4.39e-12	1.32e-11	2.19e-11	1.36e-05	2.70e-05	3.53e-35
 2.67252e+15	4.97e-11	4.39e-05	2.04e-01	7.60e-01	3.58e-02	0.00e+00	0.00e+00	4.94e-12	1.48e-11	2.46e-11	1.47e-05	2.92e-05	4.99e-35
 2.71772e+15	5.50e-11	4.70e-05	2.14e-01	7.55e-01	3.06e-02	0.00e+00	0.00e+00	5.48e-12	1.64e-11	2.73e-11	1.57e-05	3.12e-05	6.85e-35
 2.76037e+15	6.08e-11	5.00e-05	2.24e-01	7.50e-01	2.60e-02	0.00e+00	0.00e+00	6.06e-12	1.82e-11	3.02e-11	1.67e-05	3.32e-05	9.42e-35
 2.80079e+15	6.55e-11	5.26e-05	2.34e-01	7.44e-01	2.19e-02	0.00e+00	0.00e+00	6.55e-12	1.96e-11	3.26e-11	1.76e-05	3.50e-05	1.20e-34
 2.83935e+15	7.01e-11	5.49e-05	2.44e-01	7.38e-01	1.83e-02	0.00e+00	0.00e+00	7.03e-12	2.10e-11	3.50e-11	1.84e-05	3.65e-05	1.55e-34
 2.87676e+15	7.58e-11	5.73e-05	2.53e-01	7.31e-01	1.51e-02	0.00e+00	0.00e+00	7.62e-12	2.28e-11	3.80e-11	1.92e-05	3.81e-05	2.06e-34
 2.91935e+15	7.80e-11	5.94e-05	2.64e-01	7.24e-01	1.17e-02	0.00e+00	0.00e+00	7.86e-12	2.35e-11	3.92e-11	2.00e-05	3.95e-05	2.42e-34
 2.96482e+15	8.40e-11	6.21e-05	2.76e-01	7.16e-01	8.70e-03	0.00e+00	0.00e+00	8.50e-12	2.55e-11	4.24e-11	2.09e-05	4.12e-05	3.16e-34
 3.00611e+15	8.95e-11	6.45e-05	2.86e-01	7.08e-01	6.44e-03	0.00e+00	0.00e+00	9.08e-12	2.72e-11	4.52e-11	2.17e-05	4.28e-05	3.91e-34
 3.05187e+15	9.61e-11	6.76e-05	2.96e-01	6.99e-01	4.45e-03	0.00e+00	0.00e+00	9.78e-12	2.93e-11	4.87e-11	2.28e-05	4.49e-05	4.85e-34
 3.11134e+15	1.08e-10	7.23e-05	3.09e-01	6.88e-01	2.67e-03	0.00e+00	0.00e+00	1.10e-11	3.29e-11	5.47e-11	2.43e-05	4.80e-05	6.59e-34
 3.18866e+15	1.22e-10	7.86e-05	3.23e-01	6.76e-01	1.34e-03	0.00e+00	0.00e+00	1.24e-11	3.73e-11	6.19e-11	2.65e-05	5.21e-05	8.85e-34
 3.28918e+15	1.63e-10	9.45e-05	3.40e-01	6.59e-01	5.47e-04	0.00e+00	0.00e+00	1.67e-11	5.01e-11	8.33e-11	3.19e-05	6.27e-05	1.38e-33
 3.41293e+15	1.98e-10	1.07e-04	3.58e-01	6.41e-01	1.89e-04	0.00e+00	0.00e+00	2.03e-11	6.07e-11	1.01e-10	3.60e-05	7.06e-05	2.10e-33
 3.54948e+15	2.45e-10	1.22e-04	3.78e-01	6.22e-01	6.21e-05	0.00e+00	0.00e+00	2.52e-11	7.54e-11	1.25e-10	4.13e-05	8.09e-05	3.35e-33
 3.69149e+15	3.05e-10	1.40e-04	3.98e-01	6.02e-01	2.08e-05	0.00e+00	0.00e+00	3.13e-11	9.37e-11	1.56e-10	4.74e-05	9.27e-05	5.37e-33
 3.83918e+15	3.77e-10	1.60e-04	4.18e-01	5.82e-01	7.17e-06	0.00e+00	0.00e+00	3.87e-11	1.16e-10	1.92e-10	5.42e-05	1.06e-04	8.54e-33
 3.99277e+15	4.65e-10	1.82e-04	4.38e-01	5.62e-01	2.56e-06	0.00e+00	0.00e+00	4.77e-11	1.43e-10	2.37e-10	6.19e-05	1.20e-04	1.36e-32
 4.15251e+15	5.73e-10	2.08e-04	4.59e-01	5.41e-01	9.46e-07	0.00e+00	0.00e+00	5.88e-11	1.76e-10	2.93e-10	7.05e-05	1.37e-04	2.16e-32
 4.31864e+15	7.04e-10	2.36e-04	4.80e-01	5.20e-01	0.00e+00	0.00e+00	0.00e+00	7.24e-11	2.17e-10	3.60e-10	8.01e-05	1.56e-04	3.44e-32
 4.49142e+15	8.65e-10	2.68e-04	5.01e-01	4.99e-01	0.00e+00	0.00e+00	0.00e+00	8.89e-11	2.66e-10	4.42e-10	9.09e-05	1.77e-04	5.47e-32
 4.67111e+15	1.06e-09	3.03e-04	5.22e-01	4.78e-01	0.00e+00	0.00e+00	0.00e+00	1.09e-10	3.26e-10	5.42e-10	1.03e-04	2.00e-04	8.71e-32
 4.85798e+15	1.30e-09	3.43e-04	5.43e-01	4.56e-01	0.00e+00	0.00e+00	0.00e+00	1.33e-10	3.99e-10	6.63e-10	1.16e-04	2.27e-04	1.39e-31
 5.05233e+15	1.59e-09	3.87e-04	5.65e-01	4.35e-01	0.00e+00	0.00e+00	0.00e+00	1.63e-10	4.88e-10	8.11e-10	1.31e-04	2.57e-04	2.22e-31
 5.25445e+15	1.94e-09	4.37e-04	5.86e-01	4.14e-01	0.00e+00	0.00e+00	0.00e+00	1.99e-10	5.96e-10	9.90e-10	1.47e-04	2.90e-04	3.54e-31
 5.46466e+15	2.36e-09	4.91e-04	6.07e-01	3.93e-01	0.00e+00	0.00e+00	0.00e+00	2.42e-10	7.26e-10	1.21e-09	1.65e-04	3.27e-04	5.66e-31
 5.68328e+15	2.87e-09	5.52e-04	6.27e-01	3.72e-01	0.00e+00	0.00e+00	0.00e+00	2.95e-10	8.83e-10	1.47e-09	1.84e-04	3.68e-04	9.07e-31
 5.91064e+15	3.48e-09	6.19e-04	6.48e-01	3.52e-01	0.00e+00	0.00e+00	0.00e+00	3.58e-10	1.07e-09	1.78e-09	2.06e-04	4.13e-04	1.46e-30
 6.14709e+15	4.22e-09	6.93e-04	6.68e-01	3.32e-01	0.00e+00	0.00e+00	0.00e+00	4.35e-10	1.30e-09	2.16e-09	2.30e-04	4.63e-04	2.34e-30
 6.39301e+15	5.12e-09	7.75e-04	6.87e-01	3.12e-01	0.00e+00	0.00e+00	0.00e+00	5.26e-10	1.58e-09	2.62e-09	2.58e-04	5.18e-04	3.77e-30
 6.64876e+15	6.18e-09	8.66e-04	7.06e-01	2.93e-01	0.00e+00	0.00e+00	0.00e+00	6.36e-10	1.90e-09	3.16e-09	2.88e-04	5.78e-04	6.08e-30
 6.91474e+15	7.47e-09	9.65e-04	7.25e-01	2.74e-01	0.00e+00	0.00e+00	0.00e+00	7.68e-10	2.30e-09	3.82e-09	3.21e-04	6.44e-04	9.83e-30
 7.19136e+15	9.00e-09	1.07e-03	7.42e-01	2.56e-01	0.00e+00	0.00e+00	0.00e+00	9.26e-10	2.77e-09	4.60e-09	3.58e-04	7.16e-04	1.59e-29
